H_chr	H_start	H_end	Harbor	TE_chr	TE_start	TE_end	TE	score	TE_strand	TE_half	TE_middle_pos	TE_dis
chr1	239725062	239925062	harbor2	chr1	239767857	239768002	DNA/hAT-Charlie	641	-	72	239767929	42867
chr1	239725062	239925062	harbor2	chr1	239771614	239771819	DNA/hAT-Charlie	869	-	102	239771716	46654
chr1	240053088	240253088	harbor2	chr1	240056079	240056361	DNA/hAT-Charlie	774	-	141	240056220	3132
chr1	240053088	240253088	harbor2	chr1	240064026	240064274	DNA/hAT-Charlie	778	-	124	240064150	11062
chr1	240053088	240253088	harbor2	chr1	240065630	240065772	DNA/hAT-Charlie	613	-	71	240065701	12613
chr1	240053088	240253088	harbor2	chr1	240080720	240080971	DNA/hAT-Charlie	862	-	126	240080846	27758
chr1	240053088	240253088	harbor2	chr1	240087332	240087532	DNA/hAT-Charlie	728	-	100	240087432	34344
chr1	240053088	240253088	harbor2	chr1	240137273	240137500	DNA/hAT-Charlie	987	-	114	240137387	84299
chr1	240053088	240253088	harbor2	chr1	240138963	240139138	DNA/hAT-Charlie	1014	-	88	240139051	85963
chr1	205885423	206085423	harbor2	chr1	205982871	205983009	DNA/hAT-Charlie	439	-	69	205982940	97517
chr1	205885423	206085423	harbor2	chr1	205983732	205983916	DNA/hAT-Charlie	416	-	92	205983824	98401
chr1	173169202	173369202	harbor2	chr1	173214483	173214704	DNA/hAT-Charlie	1433	-	110	173214593	45391
chr1	173169202	173369202	harbor2	chr1	173254930	173255039	DNA/hAT-Charlie	427	-	54	173254984	85782
chr1	173169202	173369202	harbor2	chr1	173263374	173263670	DNA/hAT-Charlie	1215	-	148	173263522	94320
chr1	173169202	173369202	harbor2	chr1	173264510	173264682	DNA/hAT-Charlie	555	-	86	173264596	95394
chr1	173169202	173369202	harbor2	chr1	173264751	173265399	DNA/hAT-Charlie	1833	-	324	173265075	95873
chr1	173169202	173369202	harbor2	chr1	173266861	173267504	DNA/hAT-Charlie	1866	-	322	173267183	97981
chr1	193404752	193604752	harbor2	chr1	193409871	193410400	DNA/hAT-Charlie	2346	-	264	193410135	5383
chr1	193404752	193604752	harbor2	chr1	193419262	193419458	DNA/hAT-Charlie	608	-	98	193419360	14608
chr1	193404752	193604752	harbor2	chr1	193444070	193444534	DNA/hAT-Charlie	1759	-	232	193444302	39550
chr1	193404752	193604752	harbor2	chr1	193471711	193471935	DNA/hAT-Charlie	916	-	112	193471823	67071
chr1	193404752	193604752	harbor2	chr1	193477923	193478005	DNA/hAT-Charlie	506	-	41	193477964	73212
chr1	204668520	204868520	harbor2	chr1	204692076	204692243	DNA/hAT-Charlie	496	-	84	204692160	23640
chr1	204668520	204868520	harbor2	chr1	204710125	204710296	DNA/hAT-Charlie	853	-	86	204710211	41691
chr1	204668520	204868520	harbor2	chr1	204727372	204727402	DNA/hAT-Charlie	1411	-	15	204727387	58867
chr1	204668520	204868520	harbor2	chr1	204727717	204728011	DNA/hAT-Charlie	1411	-	147	204727864	59344
chr1	204668520	204868520	harbor2	chr1	204741205	204741418	DNA/hAT-Charlie	754	-	106	204741311	72791
chr1	204668520	204868520	harbor2	chr1	204745632	204745855	DNA/hAT-Charlie	1511	-	112	204745744	77224
chr1	204668520	204868520	harbor2	chr1	204766681	204766817	DNA/hAT-Charlie	740	-	68	204766749	98229
chr1	204668520	204868520	harbor2	chr1	204767187	204767226	DNA/hAT-Charlie	740	-	20	204767207	98687
chr1	242463745	242663745	harbor2	chr1	242500928	242501062	DNA/hAT-Charlie	431	-	67	242500995	37250
chr1	242463745	242663745	harbor2	chr1	242501126	242501286	DNA/hAT-Charlie	489	-	80	242501206	37461
chr1	231377078	231577078	harbor2	chr1	231394940	231395054	DNA/hAT-Charlie	590	-	57	231394997	17919
chr1	231377078	231577078	harbor2	chr1	231395301	231395626	DNA/hAT-Charlie	1040	-	162	231395463	18385
chr1	180421925	180621925	harbor2	chr1	180492543	180492712	DNA/hAT-Charlie	590	-	84	180492627	70702
chr1	180421925	180621925	harbor2	chr1	180497455	180498568	DNA/hAT-Charlie	5890	-	556	180498011	76086
chr1	180421925	180621925	harbor2	chr1	180519704	180519908	DNA/hAT-Charlie	1254	-	102	180519806	97881
chr1	238928802	239128802	harbor2	chr1	238998028	238998251	DNA/hAT-Charlie	879	-	112	238998140	69338
chr1	238928802	239128802	harbor2	chr1	239018868	239019243	DNA/hAT-Charlie	1245	-	188	239019056	90254
chr1	245997606	246197606	harbor2	chr1	246037883	246038102	DNA/hAT-Charlie	1198	-	110	246037993	40387
chr1	244363444	244563444	harbor2	chr1	244373554	244373679	DNA/hAT-Charlie	532	-	62	244373616	10172
chr1	244363444	244563444	harbor2	chr1	244373764	244373830	DNA/hAT-Charlie	532	-	33	244373797	10353
chr1	191744002	191944002	harbor2	chr1	191795543	191796082	DNA/hAT-Charlie	7024	-	270	191795813	51811
chr1	191744002	191944002	harbor2	chr1	191796384	191798588	DNA/hAT-Charlie	7024	-	1102	191797486	53484
chr1	207031304	207231304	harbor2	chr1	207043040	207043150	DNA/hAT-Charlie	497	-	55	207043095	11791
chr1	207031304	207231304	harbor2	chr1	207065702	207065906	DNA/hAT-Charlie	1178	-	102	207065804	34500
chr1	207031304	207231304	harbor2	chr1	207082334	207082456	DNA/hAT-Charlie	494	-	61	207082395	51091
chr1	207031304	207231304	harbor2	chr1	207098531	207098818	DNA/hAT-Charlie	2039	-	144	207098675	67371
chr1	207031304	207231304	harbor2	chr1	207098855	207098916	DNA/hAT-Charlie	414	-	30	207098885	67581
chr1	207031304	207231304	harbor2	chr1	207098904	207098965	DNA/hAT-Charlie	435	-	30	207098934	67630
chr1	207031304	207231304	harbor2	chr1	207098953	207099014	DNA/hAT-Charlie	491	-	30	207098983	67679
chr1	207031304	207231304	harbor2	chr1	207099002	207099063	DNA/hAT-Charlie	492	-	30	207099032	67728
chr1	207031304	207231304	harbor2	chr1	207099051	207099112	DNA/hAT-Charlie	492	-	30	207099081	67777
chr1	207031304	207231304	harbor2	chr1	207099100	207099161	DNA/hAT-Charlie	477	-	30	207099130	67826
chr1	207031304	207231304	harbor2	chr1	207099149	207099458	DNA/hAT-Charlie	2121	-	154	207099303	67999
chr1	182771213	182971213	harbor2	chr1	182791588	182791881	DNA/hAT-Charlie	650	-	146	182791734	20521
chr1	182771213	182971213	harbor2	chr1	182802819	182802973	DNA/hAT-Charlie	516	-	77	182802896	31683
chr1	182771213	182971213	harbor2	chr1	182824369	182824515	DNA/hAT-Charlie	1340	-	73	182824442	53229
chr1	182771213	182971213	harbor2	chr1	182824821	182825154	DNA/hAT-Charlie	1340	-	166	182824987	53774
chr1	182771213	182971213	harbor2	chr1	182825239	182825462	DNA/hAT-Charlie	679	-	112	182825351	54138
chr1	182771213	182971213	harbor2	chr1	182835776	182836112	DNA/hAT-Charlie	2454	-	168	182835944	64731
chr1	182771213	182971213	harbor2	chr1	182870742	182870973	DNA/hAT-Charlie	723	-	116	182870858	99645
chr1	155188349	155388349	harbor2	chr1	155222383	155222552	DNA/hAT-Charlie	567	-	84	155222467	34118
chr1	219423544	219623544	harbor2	chr1	219464610	219464787	DNA/hAT-Charlie	595	-	88	219464698	41154
chr1	219423544	219623544	harbor2	chr1	219494198	219494415	DNA/hAT-Charlie	995	-	108	219494306	70762
chr1	16590078	16790078	harbor2	chr1	16643865	16644061	DNA/hAT-Charlie	1037	-	98	16643963	53885
chr1	16590078	16790078	harbor2	chr1	16650295	16650563	DNA/hAT-Charlie	1054	-	134	16650429	60351
chr1	16590078	16790078	harbor2	chr1	16653377	16653554	DNA/hAT-Charlie	954	-	88	16653465	63387
chr1	16590078	16790078	harbor2	chr1	16669402	16669589	DNA/hAT-Charlie	835	-	94	16669496	79418
chr1	16590078	16790078	harbor2	chr1	16687134	16687256	DNA/hAT-Charlie	554	-	61	16687195	97117
chr1	87815295	88015295	harbor2	chr1	87890325	87890892	DNA/hAT-Charlie	1165	-	284	87890609	75314
chr1	87815295	88015295	harbor2	chr1	87891221	87891311	DNA/hAT-Charlie	1165	-	45	87891266	75971
chr1	178829159	179029159	harbor2	chr1	178854320	178854464	DNA/hAT-Charlie	582	-	72	178854392	25233
chr1	178829159	179029159	harbor2	chr1	178872324	178872593	DNA/hAT-Charlie	538	-	134	178872458	43299
chr1	178829159	179029159	harbor2	chr1	178874254	178874440	DNA/hAT-Charlie	648	-	93	178874347	45188
chr1	178829159	179029159	harbor2	chr1	178888650	178888763	DNA/hAT-Charlie	525	-	56	178888706	59547
chr1	149124647	149324647	harbor2	chr1	149149029	149149169	DNA/hAT-Charlie	482	-	70	149149099	24452
chr1	149124647	149324647	harbor2	chr1	149149198	149149804	DNA/hAT-Charlie	1305	-	303	149149501	24854
chr1	187609479	187809479	harbor2	chr1	187614087	187614276	DNA/hAT-Charlie	543	-	94	187614181	4702
chr1	187609479	187809479	harbor2	chr1	187624185	187624390	DNA/hAT-Charlie	709	-	102	187624287	14808
chr1	187609479	187809479	harbor2	chr1	187660622	187660820	DNA/hAT-Charlie	1325	-	99	187660721	51242
chr1	187609479	187809479	harbor2	chr1	187665563	187665786	DNA/hAT-Charlie	1174	-	112	187665675	56196
chr1	224191991	224391991	harbor2	chr1	224214046	224214214	DNA/hAT-Charlie	417	-	84	224214130	22139
chr1	224191991	224391991	harbor2	chr1	224226770	224227102	DNA/hAT-Charlie	2094	-	166	224226936	34945
chr1	224191991	224391991	harbor2	chr1	224247162	224247209	DNA/hAT-Charlie	673	-	24	224247186	55195
chr1	224191991	224391991	harbor2	chr1	224247811	224247968	DNA/hAT-Charlie	673	-	78	224247889	55898
chr1	224191991	224391991	harbor2	chr1	224283029	224283172	DNA/hAT-Charlie	413	-	72	224283101	91110
chr1	224191991	224391991	harbor2	chr1	224289036	224289249	DNA/hAT-Charlie	971	-	106	224289142	97151
chr1	152478790	152678790	harbor2	chr1	152573014	152573172	DNA/hAT-Charlie	549	-	79	152573093	94303
chr1	243259341	243459341	harbor2	chr1	243317798	243317913	DNA/hAT-Charlie	563	-	58	243317856	58515
chr1	243259341	243459341	harbor2	chr1	243320987	243321197	DNA/hAT-Charlie	1089	-	105	243321092	61751
chr1	241178131	241378131	harbor2	chr1	241222263	241222439	DNA/hAT-Charlie	485	-	88	241222351	44220
chr1	241178131	241378131	harbor2	chr1	241268309	241268484	DNA/hAT-Charlie	851	-	88	241268397	90266
chr1	236818810	237018810	harbor2	chr1	236870432	236870589	DNA/hAT-Charlie	709	-	78	236870510	51700
chr1	236818810	237018810	harbor2	chr1	236878517	236878707	DNA/hAT-Charlie	1226	-	95	236878612	59802
chr1	236818810	237018810	harbor2	chr1	236916961	236917216	DNA/hAT-Charlie	784	-	128	236917089	98279
chr1	173238349	173438349	harbor2	chr1	173254930	173255039	DNA/hAT-Charlie	427	-	54	173254984	16635
chr1	173238349	173438349	harbor2	chr1	173263374	173263670	DNA/hAT-Charlie	1215	-	148	173263522	25173
chr1	173238349	173438349	harbor2	chr1	173264510	173264682	DNA/hAT-Charlie	555	-	86	173264596	26247
chr1	173238349	173438349	harbor2	chr1	173264751	173265399	DNA/hAT-Charlie	1833	-	324	173265075	26726
chr1	173238349	173438349	harbor2	chr1	173266861	173267504	DNA/hAT-Charlie	1866	-	322	173267183	28834
chr1	191379444	191579444	harbor2	chr1	191380668	191380817	DNA/hAT-Charlie	642	-	74	191380742	1298
chr1	48196763	48396763	harbor2	chr1	48201980	48202150	DNA/hAT-Charlie	888	-	85	48202065	5302
chr1	48196763	48396763	harbor2	chr1	48203917	48204080	DNA/hAT-Charlie	723	-	82	48203999	7236
chr1	215226560	215426560	harbor2	chr1	215244333	215244545	DNA/hAT-Charlie	784	-	106	215244439	17879
chr1	215226560	215426560	harbor2	chr1	215270895	215271073	DNA/hAT-Charlie	506	-	89	215270984	44424
chr1	215226560	215426560	harbor2	chr1	215322189	215322366	DNA/hAT-Charlie	530	-	88	215322277	95717
chr1	164790245	164990245	harbor2	chr1	164804423	164804601	DNA/hAT-Charlie	825	-	89	164804512	14267
chr1	164790245	164990245	harbor2	chr1	164805083	164805345	DNA/hAT-Charlie	621	-	131	164805214	14969
chr1	164790245	164990245	harbor2	chr1	164872023	164872146	DNA/hAT-Charlie	435	-	62	164872085	81840
chr1	235718422	235918422	harbor2	chr1	235728868	235729046	DNA/hAT-Charlie	894	-	89	235728957	10535
chr1	235718422	235918422	harbor2	chr1	235757686	235757861	DNA/hAT-Charlie	878	-	88	235757774	39352
chr1	225041215	225241215	harbor2	chr1	225050782	225051116	DNA/hAT-Charlie	1976	-	167	225050949	9734
chr1	246720650	246920650	harbor2	chr1	246730459	246730754	DNA/hAT-Charlie	484	-	148	246730607	9957
chr1	246720650	246920650	harbor2	chr1	246763000	246763098	DNA/hAT-Charlie	495	-	49	246763049	42399
chr1	246720650	246920650	harbor2	chr1	246773259	246773405	DNA/hAT-Charlie	778	-	73	246773332	52682
chr1	246720650	246920650	harbor2	chr1	246773406	246773590	DNA/hAT-Charlie	963	-	92	246773498	52848
chr1	246720650	246920650	harbor2	chr1	246773591	246773623	DNA/hAT-Charlie	778	-	16	246773607	52957
chr1	178352446	178552446	harbor2	chr1	178361634	178362125	DNA/hAT-Charlie	3188	-	246	178361880	9434
chr1	178352446	178552446	harbor2	chr1	178380543	178380872	DNA/hAT-Charlie	429	-	164	178380707	28261
chr1	178352446	178552446	harbor2	chr1	178393106	178393634	DNA/hAT-Charlie	3869	-	264	178393370	40924
chr1	178352446	178552446	harbor2	chr1	178395112	178395288	DNA/hAT-Charlie	484	-	88	178395200	42754
chr1	178352446	178552446	harbor2	chr1	178440376	178440535	DNA/hAT-Charlie	696	-	80	178440456	88010
chr1	178352446	178552446	harbor2	chr1	178446400	178446640	DNA/hAT-Charlie	887	-	120	178446520	94074
chr1	204361166	204561166	harbor2	chr1	204370720	204370773	DNA/hAT-Charlie	703	-	26	204370746	9580
chr1	204361166	204561166	harbor2	chr1	204371078	204371206	DNA/hAT-Charlie	703	-	64	204371142	9976
chr1	204361166	204561166	harbor2	chr1	204392417	204392601	DNA/hAT-Charlie	949	-	92	204392509	31343
chr1	204361166	204561166	harbor2	chr1	204425362	204425523	DNA/hAT-Charlie	760	-	80	204425442	64276
chr1	183072411	183272411	harbor2	chr1	183091253	183091443	DNA/hAT-Charlie	693	-	95	183091348	18937
chr1	183072411	183272411	harbor2	chr1	183124968	183125323	DNA/hAT-Charlie	1234	-	178	183125146	52735
chr1	183072411	183272411	harbor2	chr1	183145791	183145855	DNA/hAT-Charlie	437	-	32	183145823	73412
chr1	183072411	183272411	harbor2	chr1	183168905	183169119	DNA/hAT-Charlie	881	-	107	183169012	96601
chr1	237704271	237904271	harbor2	chr1	237715534	237715682	DNA/hAT-Charlie	470	-	74	237715608	11337
chr1	237704271	237904271	harbor2	chr1	237756670	237756839	DNA/hAT-Charlie	653	-	84	237756754	52483
chr1	236049308	236249308	harbor2	chr1	236087102	236087225	DNA/hAT-Charlie	432	-	62	236087164	37856
chr1	236049308	236249308	harbor2	chr1	236108538	236108607	DNA/hAT-Charlie	836	-	34	236108572	59264
chr1	236049308	236249308	harbor2	chr1	236108919	236109000	DNA/hAT-Charlie	836	-	40	236108959	59651
chr1	236049308	236249308	harbor2	chr1	236109298	236109446	DNA/hAT-Charlie	836	-	74	236109372	60064
chr1	245828070	246028070	harbor2	chr1	245841010	245841125	DNA/hAT-Charlie	422	-	58	245841068	12998
chr1	245828070	246028070	harbor2	chr1	245843215	245843487	DNA/hAT-Charlie	669	-	136	245843351	15281
chr1	245828070	246028070	harbor2	chr1	245865664	245865852	DNA/hAT-Charlie	918	-	94	245865758	37688
chr1	241981769	242181769	harbor2	chr1	241986650	241986769	DNA/hAT-Charlie	557	-	60	241986710	4941
chr1	241981769	242181769	harbor2	chr1	241988946	241989164	DNA/hAT-Charlie	1103	-	109	241989055	7286
chr1	241981769	242181769	harbor2	chr1	242041699	242041790	DNA/hAT-Charlie	425	-	46	242041745	59976
chr1	241981769	242181769	harbor2	chr1	242070356	242070720	DNA/hAT-Charlie	2678	-	182	242070538	88769
chr1	196228220	196428220	harbor2	chr1	196252238	196252385	DNA/hAT-Charlie	697	-	74	196252312	24092
chr1	203480744	203680744	harbor2	chr1	203541067	203541270	DNA/hAT-Charlie	1036	-	102	203541169	60425
chr1	177610094	177810094	harbor2	chr1	177623322	177623513	DNA/hAT-Charlie	592	-	96	177623418	13324
chr1	177610094	177810094	harbor2	chr1	177706364	177706689	DNA/hAT-Charlie	491	-	162	177706526	96432
chr1	74936217	75136217	harbor2	chr1	74972851	74972969	DNA/hAT-Charlie	427	-	59	74972910	36693
chr1	204042223	204242223	harbor2	chr1	204108089	204108400	DNA/hAT-Charlie	1507	-	156	204108245	66022
chr1	204042223	204242223	harbor2	chr1	204110933	204111105	DNA/hAT-Charlie	568	-	86	204111019	68796
chr1	71303832	71503832	harbor2	chr1	71361938	71362313	DNA/hAT-Charlie	779	-	188	71362126	58294
chr1	57157366	57357366	harbor2	chr1	57182851	57183084	DNA/hAT-Charlie	954	-	116	57182967	25601
chr1	57157366	57357366	harbor2	chr1	57190069	57190255	DNA/hAT-Charlie	1143	-	93	57190162	32796
chr1	57157366	57357366	harbor2	chr1	57194106	57194194	DNA/hAT-Charlie	616	-	44	57194150	36784
chr1	57157366	57357366	harbor2	chr1	57213097	57213430	DNA/hAT-Charlie	1049	-	166	57213263	55897
chr1	57157366	57357366	harbor2	chr1	57219118	57219264	DNA/hAT-Charlie	641	-	73	57219191	61825
chr1	57157366	57357366	harbor2	chr1	57219296	57219394	DNA/hAT-Charlie	641	-	49	57219345	61979
chr1	247152841	247352841	harbor2	chr1	247172434	247172742	DNA/hAT-Charlie	1046	-	154	247172588	19747
chr1	247152841	247352841	harbor2	chr1	247200538	247200690	DNA/hAT-Charlie	505	-	76	247200614	47773
chr1	247152841	247352841	harbor2	chr1	247211259	247211558	DNA/hAT-Charlie	1051	-	150	247211409	58568
chr1	100205855	100405855	harbor2	chr1	100253027	100253188	DNA/hAT-Charlie	721	-	80	100253107	47252
chr1	215166803	215366803	harbor2	chr1	215216567	215216882	DNA/hAT-Charlie	1377	-	158	215216725	49922
chr1	215166803	215366803	harbor2	chr1	215218741	215219154	DNA/hAT-Charlie	1011	-	206	215218947	52144
chr1	215166803	215366803	harbor2	chr1	215244333	215244545	DNA/hAT-Charlie	784	-	106	215244439	77636
chr1	243072680	243272680	harbor2	chr1	243136986	243137205	DNA/hAT-Charlie	923	-	110	243137096	64416
chr1	243072680	243272680	harbor2	chr1	243141235	243141537	DNA/hAT-Charlie	1453	-	151	243141386	68706
chr1	208851983	209051983	harbor2	chr1	208912431	208912599	DNA/hAT-Charlie	598	-	84	208912515	60532
chr1	208851983	209051983	harbor2	chr1	208931913	208932060	DNA/hAT-Charlie	637	-	74	208931987	80004
chr1	169227112	169427112	harbor2	chr1	169240116	169241442	DNA/hAT-Charlie	4920	-	663	169240779	13667
chr1	201494641	201694641	harbor2	chr1	201544089	201544265	DNA/hAT-Charlie	821	-	88	201544177	49536
chr1	192175076	192375076	harbor2	chr1	192224986	192225193	DNA/hAT-Charlie	1054	-	104	192225090	50014
chr1	231713143	231913143	harbor2	chr1	231744165	231744351	DNA/hAT-Charlie	491	-	93	231744258	31115
chr1	231713143	231913143	harbor2	chr1	231766680	231766913	DNA/hAT-Charlie	1141	-	116	231766796	53653
chr1	208129250	208329250	harbor2	chr1	208143286	208143430	DNA/hAT-Charlie	668	-	72	208143358	14108
chr1	208129250	208329250	harbor2	chr1	208183883	208184090	DNA/hAT-Charlie	1014	-	104	208183987	54737
chr1	208129250	208329250	harbor2	chr1	208190527	208190737	DNA/hAT-Charlie	1081	-	105	208190632	61382
chr1	79196825	79396825	harbor2	chr1	79204985	79205204	DNA/hAT-Charlie	751	-	110	79205095	8270
chr1	79196825	79396825	harbor2	chr1	79291604	79291867	DNA/hAT-Charlie	564	-	132	79291736	94911
chr1	80833785	81033785	harbor2	chr1	80849077	80849260	DNA/hAT-Charlie	631	-	92	80849169	15384
chr1	214163154	214363154	harbor2	chr1	214168482	214168636	DNA/hAT-Charlie	455	-	77	214168559	5405
chr1	214163154	214363154	harbor2	chr1	214222636	214222840	DNA/hAT-Charlie	446	-	102	214222738	59584
chr1	207298643	207498643	harbor2	chr1	207320142	207320252	DNA/hAT-Charlie	461	-	55	207320197	21554
chr1	200909148	201109148	harbor2	chr1	200954145	200954367	DNA/hAT-Charlie	1655	-	111	200954256	45108
chr1	200909148	201109148	harbor2	chr1	200961125	200961289	DNA/hAT-Charlie	504	-	82	200961207	52059
chr1	200909148	201109148	harbor2	chr1	200961318	200961362	DNA/hAT-Charlie	712	-	22	200961340	52192
chr1	200909148	201109148	harbor2	chr1	200961694	200962085	DNA/hAT-Charlie	712	-	196	200961890	52742
chr1	200909148	201109148	harbor2	chr1	201002672	201002961	DNA/hAT-Charlie	639	-	144	201002816	93668
chr1	85453983	85653983	harbor2	chr1	85454551	85454793	DNA/hAT-Charlie	698	-	121	85454672	689
chr1	85453983	85653983	harbor2	chr1	85528228	85528375	DNA/hAT-Charlie	503	-	74	85528302	74319
chr1	85453983	85653983	harbor2	chr1	85549301	85549468	DNA/hAT-Charlie	731	-	84	85549385	95402
chr1	156452400	156652400	harbor2	chr1	156484277	156484495	DNA/hAT-Charlie	1132	-	109	156484386	31986
chr1	156452400	156652400	harbor2	chr1	156520811	156521059	DNA/hAT-Charlie	891	-	124	156520935	68535
chr1	234757802	234957802	harbor2	chr1	234814811	234815098	DNA/hAT-Charlie	1153	-	144	234814955	57153
chr1	234757802	234957802	harbor2	chr1	234815793	234815996	DNA/hAT-Charlie	450	-	102	234815895	58093
chr1	234757802	234957802	harbor2	chr1	234832211	234832531	DNA/hAT-Charlie	959	-	160	234832371	74569
chr1	156785551	156985551	harbor2	chr1	156806864	156807034	DNA/hAT-Charlie	800	-	85	156806949	21398
chr1	156785551	156985551	harbor2	chr1	156865257	156865541	DNA/hAT-Charlie	1618	-	142	156865399	79848
chr1	186035148	186235148	harbor2	chr1	186080548	186080737	DNA/hAT-Charlie	758	-	94	186080642	45494
chr1	146253709	146453709	harbor2	chr1	146268555	146269063	DNA/hAT-Charlie	1842	-	254	146268809	15100
chr1	146253709	146453709	harbor2	chr1	146269293	146269465	DNA/hAT-Charlie	1057	-	86	146269379	15670
chr1	230652266	230852266	harbor2	chr1	230701467	230701594	DNA/hAT-Charlie	464	-	64	230701531	49265
chr1	233168713	233368713	harbor2	chr1	233192286	233192473	DNA/hAT-Charlie	532	-	94	233192380	23667
chr1	233168713	233368713	harbor2	chr1	233252896	233253066	DNA/hAT-Charlie	442	-	85	233252981	84268
chr1	233168713	233368713	harbor2	chr1	233256511	233256705	DNA/hAT-Charlie	846	-	97	233256608	87895
chr1	220177444	220377444	harbor2	chr1	220225420	220225627	DNA/hAT-Charlie	894	-	104	220225524	48080
chr1	220177444	220377444	harbor2	chr1	220237812	220238041	DNA/hAT-Charlie	794	-	114	220237926	60482
chr1	220177444	220377444	harbor2	chr1	220238262	220238373	DNA/hAT-Charlie	526	-	56	220238318	60874
chr1	220177444	220377444	harbor2	chr1	220263915	220264367	DNA/hAT-Charlie	1032	-	226	220264141	86697
chr1	220177444	220377444	harbor2	chr1	220268874	220269041	DNA/hAT-Charlie	818	-	84	220268958	91514
chr1	154016147	154216147	harbor2	chr1	154115271	154115482	DNA/hAT-Charlie	973	-	106	154115377	99230
chr1	203652400	203852400	harbor2	chr1	203704870	203705012	DNA/hAT-Charlie	565	-	71	203704941	52541
chr1	203652400	203852400	harbor2	chr1	203705015	203705216	DNA/hAT-Charlie	788	-	100	203705115	52715
chr1	233098992	233298992	harbor2	chr1	233143313	233143464	DNA/hAT-Charlie	603	-	76	233143389	44397
chr1	233098992	233298992	harbor2	chr1	233192286	233192473	DNA/hAT-Charlie	532	-	94	233192380	93388
chr1	248412265	248612265	harbor2	chr1	248439994	248440278	DNA/hAT-Charlie	604	-	142	248440136	27871
chr1	59486895	59686895	harbor2	chr1	59496744	59496931	DNA/hAT-Charlie	444	-	94	59496838	9943
chr1	59486895	59686895	harbor2	chr1	59498526	59498672	DNA/hAT-Charlie	575	-	73	59498599	11704
chr1	59486895	59686895	harbor2	chr1	59510586	59510938	DNA/hAT-Charlie	1824	-	176	59510762	23867
chr1	59486895	59686895	harbor2	chr1	59510948	59511066	DNA/hAT-Charlie	656	-	59	59511007	24112
chr1	59486895	59686895	harbor2	chr1	59548634	59548833	DNA/hAT-Charlie	1052	-	100	59548734	61839
chr1	175313757	175513757	harbor2	chr1	175316452	175316591	DNA/hAT-Charlie	491	-	70	175316522	2765
chr1	186314093	186514093	harbor2	chr1	186316977	186317220	DNA/hAT-Charlie	567	-	122	186317099	3006
chr1	186314093	186514093	harbor2	chr1	186328270	186328521	DNA/hAT-Charlie	962	-	126	186328396	14303
chr1	186314093	186514093	harbor2	chr1	186338585	186338765	DNA/hAT-Charlie	809	-	90	186338675	24582
chr1	186314093	186514093	harbor2	chr1	186393530	186393726	DNA/hAT-Charlie	618	-	98	186393628	79535
chr1	200602030	200802030	harbor2	chr1	200626133	200626227	DNA/hAT-Charlie	862	-	47	200626180	24150
chr1	200602030	200802030	harbor2	chr1	200626358	200626437	DNA/hAT-Charlie	862	-	40	200626398	24368
chr1	200602030	200802030	harbor2	chr1	200626727	200626821	DNA/hAT-Charlie	862	-	47	200626774	24744
chr1	233993750	234193750	harbor2	chr1	234006933	234007155	DNA/hAT-Charlie	639	-	111	234007044	13294
chr1	233993750	234193750	harbor2	chr1	234043232	234043683	DNA/hAT-Charlie	1791	-	226	234043458	49708
chr1	219505965	219705965	harbor2	chr1	219526482	219526798	DNA/hAT-Charlie	1867	-	158	219526640	20675
chr1	219505965	219705965	harbor2	chr1	219551277	219551523	DNA/hAT-Charlie	470	-	123	219551400	45435
chr1	219505965	219705965	harbor2	chr1	219578679	219578858	DNA/hAT-Charlie	725	-	90	219578769	72804
chr1	219505965	219705965	harbor2	chr1	219587489	219587840	DNA/hAT-Charlie	712	-	176	219587665	81700
chr1	246218848	246418848	harbor2	chr1	246302618	246302771	DNA/hAT-Charlie	449	-	76	246302694	83846
chr1	204973204	205173204	harbor2	chr1	205033202	205033365	DNA/hAT-Charlie	640	-	82	205033284	60080
chr1	204973204	205173204	harbor2	chr1	205033482	205033751	DNA/hAT-Charlie	1320	-	134	205033616	60412
chr1	204973204	205173204	harbor2	chr1	205049776	205049984	DNA/hAT-Charlie	613	-	104	205049880	76676
chr1	204973204	205173204	harbor2	chr1	205053578	205053757	DNA/hAT-Charlie	685	-	90	205053668	80464
chr1	204973204	205173204	harbor2	chr1	205057688	205057854	DNA/hAT-Charlie	936	-	83	205057771	84567
chr1	231067764	231267764	harbor2	chr1	231081729	231081792	DNA/hAT-Charlie	6754	-	32	231081761	13997
chr1	231067764	231267764	harbor2	chr1	231082087	231082421	DNA/hAT-Charlie	6754	-	167	231082254	14490
chr1	231067764	231267764	harbor2	chr1	231082720	231082792	DNA/hAT-Charlie	6754	-	36	231082756	14992
chr1	231067764	231267764	harbor2	chr1	231083101	231083556	DNA/hAT-Charlie	6754	-	228	231083329	15565
chr1	231067764	231267764	harbor2	chr1	231083992	231084660	DNA/hAT-Charlie	6754	-	334	231084326	16562
chr1	231067764	231267764	harbor2	chr1	231084930	231085289	DNA/hAT-Charlie	6754	-	180	231085110	17346
chr1	217022700	217222700	harbor2	chr1	217066647	217066863	DNA/hAT-Charlie	1113	-	108	217066755	44055
chr1	217022700	217222700	harbor2	chr1	217097889	217098061	DNA/hAT-Charlie	503	-	86	217097975	75275
chr1	217022700	217222700	harbor2	chr1	217110094	217110277	DNA/hAT-Charlie	420	-	92	217110186	87486
chr1	213209197	213409197	harbor2	chr1	213256436	213256637	DNA/hAT-Charlie	1332	-	100	213256536	47339
chr1	213209197	213409197	harbor2	chr1	213256965	213257159	DNA/hAT-Charlie	416	-	97	213257062	47865
chr1	213209197	213409197	harbor2	chr1	213299241	213299267	DNA/hAT-Charlie	1092	-	13	213299254	90057
chr1	213209197	213409197	harbor2	chr1	213299572	213299796	DNA/hAT-Charlie	1092	-	112	213299684	90487
chr1	213209197	213409197	harbor2	chr1	213300136	213300314	DNA/hAT-Charlie	731	-	89	213300225	91028
chr1	164775365	164975365	harbor2	chr1	164804423	164804601	DNA/hAT-Charlie	825	-	89	164804512	29147
chr1	164775365	164975365	harbor2	chr1	164805083	164805345	DNA/hAT-Charlie	621	-	131	164805214	29849
chr1	164775365	164975365	harbor2	chr1	164872023	164872146	DNA/hAT-Charlie	435	-	62	164872085	96720
chr1	96968652	97168652	harbor2	chr1	97000138	97000257	DNA/hAT-Charlie	455	-	60	97000198	31546
chr1	96968652	97168652	harbor2	chr1	97000438	97000641	DNA/hAT-Charlie	1083	-	102	97000540	31888
chr1	96968652	97168652	harbor2	chr1	97063676	97063894	DNA/hAT-Charlie	676	-	109	97063785	95133
chr1	223951694	224151694	harbor2	chr1	223952303	223952720	DNA/hAT-Charlie	2473	-	208	223952511	817
chr1	223951694	224151694	harbor2	chr1	223961665	223962096	DNA/hAT-Charlie	2975	-	216	223961881	10187
chr1	223951694	224151694	harbor2	chr1	223996271	223996460	DNA/hAT-Charlie	870	-	94	223996365	44671
chr1	223951694	224151694	harbor2	chr1	223996598	223996752	DNA/hAT-Charlie	589	-	77	223996675	44981
chr1	223951694	224151694	harbor2	chr1	224001309	224001491	DNA/hAT-Charlie	945	-	91	224001400	49706
chr1	237411472	237611472	harbor2	chr1	237418411	237418936	DNA/hAT-Charlie	730	-	262	237418673	7201
chr1	237411472	237611472	harbor2	chr1	237443656	237443820	DNA/hAT-Charlie	715	-	82	237443738	32266
chr1	237411472	237611472	harbor2	chr1	237488971	237489119	DNA/hAT-Charlie	632	-	74	237489045	77573
chr1	237411472	237611472	harbor2	chr1	237504769	237504957	DNA/hAT-Charlie	990	-	94	237504863	93391
chr1	237411472	237611472	harbor2	chr1	237502416	237502769	DNA/hAT-Charlie	2028	-	176	237502592	91120
chr1	167887707	168087707	harbor2	chr1	167923723	167923894	DNA/hAT-Charlie	707	-	86	167923809	36102
chr1	167887707	168087707	harbor2	chr1	167932187	167932453	DNA/hAT-Charlie	621	-	133	167932320	44613
chr1	167887707	168087707	harbor2	chr1	167986516	167986798	DNA/hAT-Charlie	1529	-	141	167986657	98950
chr1	174187051	174387051	harbor2	chr1	174208941	174209267	DNA/hAT-Charlie	1824	-	163	174209104	22053
chr1	78244959	78444959	harbor2	chr1	78288702	78288859	DNA/hAT-Charlie	739	-	78	78288780	43821
chr1	245986290	246186290	harbor2	chr1	246037883	246038102	DNA/hAT-Charlie	1198	-	110	246037993	51703
chr1	174041563	174241563	harbor2	chr1	174077602	174077672	DNA/hAT-Charlie	716	-	35	174077637	36074
chr1	174041563	174241563	harbor2	chr1	174078210	174078314	DNA/hAT-Charlie	716	-	52	174078262	36699
chr1	239536944	239736944	harbor2	chr1	239543808	239544100	DNA/hAT-Charlie	1547	-	146	239543954	7010
chr1	242464051	242664051	harbor2	chr1	242500928	242501062	DNA/hAT-Charlie	431	-	67	242500995	36944
chr1	242464051	242664051	harbor2	chr1	242501126	242501286	DNA/hAT-Charlie	489	-	80	242501206	37155
chr1	46346229	46546229	harbor2	chr1	46366940	46367100	DNA/hAT-Charlie	467	-	80	46367020	20791
chr1	102037395	102237395	harbor2	chr1	102041273	102041455	DNA/hAT-Charlie	849	-	91	102041364	3969
chr1	171376014	171576014	harbor2	chr1	171394187	171394383	DNA/hAT-Charlie	682	-	98	171394285	18271
chr1	171376014	171576014	harbor2	chr1	171394702	171394795	DNA/hAT-Charlie	682	-	46	171394748	18734
chr1	171376014	171576014	harbor2	chr1	171402179	171402389	DNA/hAT-Charlie	1560	-	105	171402284	26270
chr1	171376014	171576014	harbor2	chr1	171425163	171425242	DNA/hAT-Charlie	491	-	40	171425203	49189
chr1	171376014	171576014	harbor2	chr1	171426569	171426841	DNA/hAT-Charlie	1946	-	136	171426705	50691
chr1	171376014	171576014	harbor2	chr1	171438301	171438527	DNA/hAT-Charlie	930	-	113	171438414	62400
chr1	220257701	220457701	harbor2	chr1	220263915	220264367	DNA/hAT-Charlie	1032	-	226	220264141	6440
chr1	220257701	220457701	harbor2	chr1	220268874	220269041	DNA/hAT-Charlie	818	-	84	220268958	11257
chr1	220257701	220457701	harbor2	chr1	220284663	220284858	DNA/hAT-Charlie	1106	-	98	220284761	27060
chr1	220257701	220457701	harbor2	chr1	220355902	220356225	DNA/hAT-Charlie	1436	-	162	220356064	98363
chr1	192298548	192498548	harbor2	chr1	192373852	192374058	DNA/hAT-Charlie	681	-	103	192373955	75407
chr1	225098806	225298806	harbor2	chr1	225145607	225145796	DNA/hAT-Charlie	506	-	94	225145701	46895
chr1	225098806	225298806	harbor2	chr1	225153198	225153379	DNA/hAT-Charlie	902	-	90	225153288	54482
chr1	230252696	230452696	harbor2	chr1	230285652	230286074	DNA/hAT-Charlie	1260	-	211	230285863	33167
chr1	230252696	230452696	harbor2	chr1	230289403	230289529	DNA/hAT-Charlie	533	-	63	230289466	36770
chr1	230252696	230452696	harbor2	chr1	230342814	230343015	DNA/hAT-Charlie	852	-	100	230342914	90218
chr1	230252696	230452696	harbor2	chr1	230352312	230352400	DNA/hAT-Charlie	464	-	44	230352356	99660
chr1	231307694	231507694	harbor2	chr1	231394940	231395054	DNA/hAT-Charlie	590	-	57	231394997	87303
chr1	231307694	231507694	harbor2	chr1	231395301	231395626	DNA/hAT-Charlie	1040	-	162	231395463	87769
chr1	65904856	66104856	harbor2	chr1	65921541	65921746	DNA/hAT-Charlie	1233	-	102	65921643	16787
chr1	65904856	66104856	harbor2	chr1	65936552	65936723	DNA/hAT-Charlie	756	-	86	65936638	31782
chr1	65904856	66104856	harbor2	chr1	65974466	65974568	DNA/hAT-Charlie	417	-	51	65974517	69661
chr1	65904856	66104856	harbor2	chr1	65976925	65976994	DNA/hAT-Charlie	417	-	34	65976959	72103
chr1	65904856	66104856	harbor2	chr1	65977175	65977365	DNA/hAT-Charlie	557	-	95	65977270	72414
chr1	238453855	238653855	harbor2	chr1	238463683	238463793	DNA/hAT-Charlie	445	-	55	238463738	9883
chr1	238453855	238653855	harbor2	chr1	238543080	238543295	DNA/hAT-Charlie	721	-	108	238543188	89333
chr1	231714762	231914762	harbor2	chr1	231744165	231744351	DNA/hAT-Charlie	491	-	93	231744258	29496
chr1	231714762	231914762	harbor2	chr1	231766680	231766913	DNA/hAT-Charlie	1141	-	116	231766796	52034
chr1	204416219	204616219	harbor2	chr1	204425362	204425523	DNA/hAT-Charlie	760	-	80	204425442	9223
chr1	204416219	204616219	harbor2	chr1	204472121	204472166	DNA/hAT-Charlie	583	-	22	204472143	55924
chr1	204416219	204616219	harbor2	chr1	204472463	204472496	DNA/hAT-Charlie	583	-	16	204472479	56260
chr1	204416219	204616219	harbor2	chr1	204472792	204472904	DNA/hAT-Charlie	583	-	56	204472848	56629
chr1	246665785	246865785	harbor2	chr1	246730459	246730754	DNA/hAT-Charlie	484	-	148	246730607	64822
chr1	246665785	246865785	harbor2	chr1	246763000	246763098	DNA/hAT-Charlie	495	-	49	246763049	97264
chr1	245437820	245637820	harbor2	chr1	245466036	245466147	DNA/hAT-Charlie	453	-	56	245466092	28272
chr1	225820739	226020739	harbor2	chr1	225870516	225870802	DNA/hAT-Charlie	478	-	143	225870659	49920
chr1	166085398	166285398	harbor2	chr1	166173269	166173389	DNA/hAT-Charlie	780	-	60	166173329	87931
chr1	206639002	206839002	harbor2	chr1	206689682	206689882	DNA/hAT-Charlie	803	-	100	206689782	50780
chr1	206639002	206839002	harbor2	chr1	206701205	206701400	DNA/hAT-Charlie	848	-	98	206701303	62301
chr1	206639002	206839002	harbor2	chr1	206704958	206705088	DNA/hAT-Charlie	575	-	65	206705023	66021
chr1	206639002	206839002	harbor2	chr1	206709743	206709966	DNA/hAT-Charlie	1112	-	112	206709855	70853
chr1	244929432	245129432	harbor2	chr1	244929371	244929482	DNA/hAT-Charlie	658	-	56	244929427	5
chr1	244929432	245129432	harbor2	chr1	244941123	244941261	DNA/hAT-Charlie	692	-	69	244941192	11760
chr1	244929432	245129432	harbor2	chr1	244958096	244958305	DNA/hAT-Charlie	439	-	104	244958200	28768
chr1	244929432	245129432	harbor2	chr1	244983080	244983194	DNA/hAT-Charlie	534	-	57	244983137	53705
chr1	244929432	245129432	harbor2	chr1	245007844	245007882	DNA/hAT-Charlie	948	-	19	245007863	78431
chr1	244929432	245129432	harbor2	chr1	245008197	245008609	DNA/hAT-Charlie	948	-	206	245008403	78971
chr1	244929432	245129432	harbor2	chr1	245009392	245009470	DNA/hAT-Charlie	1442	-	39	245009431	79999
chr1	244929432	245129432	harbor2	chr1	245009767	245009852	DNA/hAT-Charlie	1442	-	42	245009809	80377
chr1	244929432	245129432	harbor2	chr1	245010161	245010652	DNA/hAT-Charlie	1442	-	246	245010407	80975
chr1	244929432	245129432	harbor2	chr1	245019064	245019312	DNA/hAT-Charlie	928	-	124	245019188	89756
chr1	244929432	245129432	harbor2	chr1	244940781	244940807	DNA/hAT-Charlie	692	-	13	244940794	11362
chr1	199463082	199663082	harbor2	chr1	199531665	199531874	DNA/hAT-Charlie	503	-	104	199531769	68687
chr1	114303921	114503921	harbor2	chr1	114320749	114320924	DNA/hAT-Charlie	548	-	88	114320837	16916
chr1	174021300	174221300	harbor2	chr1	174032592	174032814	DNA/hAT-Charlie	1066	-	111	174032703	11403
chr1	174021300	174221300	harbor2	chr1	174077602	174077672	DNA/hAT-Charlie	716	-	35	174077637	56337
chr1	174021300	174221300	harbor2	chr1	174078210	174078314	DNA/hAT-Charlie	716	-	52	174078262	56962
chr1	235471663	235671663	harbor2	chr1	235477565	235477782	DNA/hAT-Charlie	934	-	108	235477673	6010
chr1	235471663	235671663	harbor2	chr1	235556617	235557143	DNA/hAT-Charlie	3892	-	263	235556880	85217
chr1	58553333	58753333	harbor2	chr1	58619955	58620082	DNA/hAT-Charlie	614	-	64	58620019	66686
chr1	58553333	58753333	harbor2	chr1	58646766	58647082	DNA/hAT-Charlie	2109	-	158	58646924	93591
chr1	247233004	247433004	harbor2	chr1	247282254	247282340	DNA/hAT-Charlie	737	-	43	247282297	49293
chr1	247233004	247433004	harbor2	chr1	247282637	247282886	DNA/hAT-Charlie	737	-	124	247282761	49757
chr1	182513510	182713510	harbor2	chr1	182557872	182558038	DNA/hAT-Charlie	417	-	83	182557955	44445
chr1	182513510	182713510	harbor2	chr1	182574532	182574745	DNA/hAT-Charlie	1112	-	106	182574638	61128
chr1	227465916	227665916	harbor2	chr1	227513867	227514232	DNA/hAT-Charlie	2696	-	182	227514049	48133
chr1	113088148	113288148	harbor2	chr1	113133687	113133929	DNA/hAT-Charlie	1008	-	121	113133808	45660
chr1	227212491	227412491	harbor2	chr1	227269038	227269253	DNA/hAT-Charlie	971	-	108	227269146	56655
chr1	227212491	227412491	harbor2	chr1	227278317	227278419	DNA/hAT-Charlie	462	-	51	227278368	65877
chr1	227212491	227412491	harbor2	chr1	227280328	227280640	DNA/hAT-Charlie	1029	-	156	227280484	67993
chr1	227212491	227412491	harbor2	chr1	227283038	227283141	DNA/hAT-Charlie	519	-	52	227283090	70599
chr1	211170860	211370860	harbor2	chr1	211174272	211174391	DNA/hAT-Charlie	496	-	60	211174332	3472
chr1	211170860	211370860	harbor2	chr1	211174445	211174605	DNA/hAT-Charlie	740	-	80	211174525	3665
chr1	211170860	211370860	harbor2	chr1	211241293	211241562	DNA/hAT-Charlie	1070	-	134	211241427	70567
chr1	211170860	211370860	harbor2	chr1	211265080	211265435	DNA/hAT-Charlie	962	-	178	211265258	94398
chr1	211170860	211370860	harbor2	chr1	211265841	211266160	DNA/hAT-Charlie	890	-	160	211266001	95141
chr1	44531845	44731845	harbor2	chr1	44564287	44564467	DNA/hAT-Charlie	682	-	90	44564377	32532
chr1	44531845	44731845	harbor2	chr1	44621371	44621555	DNA/hAT-Charlie	1026	-	92	44621463	89618
chr1	227070105	227270105	harbor2	chr1	227085272	227085467	DNA/hAT-Charlie	663	-	98	227085370	15265
chr1	227070105	227270105	harbor2	chr1	227120806	227121134	DNA/hAT-Charlie	2179	-	164	227120970	50865
chr1	203511550	203711550	harbor2	chr1	203541067	203541270	DNA/hAT-Charlie	1036	-	102	203541169	29619
chr1	164977481	165177481	harbor2	chr1	165069855	165070055	DNA/hAT-Charlie	962	-	100	165069955	92474
chr1	164977481	165177481	harbor2	chr1	165071525	165071679	DNA/hAT-Charlie	812	-	77	165071602	94121
chr1	164977481	165177481	harbor2	chr1	165071680	165071883	DNA/hAT-Charlie	893	-	102	165071782	94301
chr1	164977481	165177481	harbor2	chr1	165071884	165071951	DNA/hAT-Charlie	812	-	34	165071918	94437
chr1	164977481	165177481	harbor2	chr1	165073674	165074359	DNA/hAT-Charlie	753	-	342	165074016	96535
chr1	246205223	246405223	harbor2	chr1	246302618	246302771	DNA/hAT-Charlie	449	-	76	246302694	97471
chr1	115293225	115493225	harbor2	chr1	115297777	115297950	DNA/hAT-Charlie	897	-	86	115297863	4638
chr1	115293225	115493225	harbor2	chr1	115325316	115325550	DNA/hAT-Charlie	555	-	117	115325433	32208
chr1	115293225	115493225	harbor2	chr1	115329482	115329715	DNA/hAT-Charlie	587	-	116	115329598	36373
chr1	77829601	78029601	harbor2	chr1	77837120	77837374	DNA/hAT-Charlie	688	-	127	77837247	7646
chr1	77829601	78029601	harbor2	chr1	77883153	77883442	DNA/hAT-Charlie	1858	-	144	77883297	53696
chr1	169740664	169940664	harbor2	chr1	169746618	169746825	DNA/hAT-Charlie	706	-	104	169746722	6058
chr1	169740664	169940664	harbor2	chr1	169790860	169791197	DNA/hAT-Charlie	2303	-	168	169791028	50364
chr1	231702696	231902696	harbor2	chr1	231704407	231704474	DNA/hAT-Charlie	618	-	34	231704441	1745
chr1	231702696	231902696	harbor2	chr1	231704786	231704892	DNA/hAT-Charlie	618	-	53	231704839	2143
chr1	231702696	231902696	harbor2	chr1	231744165	231744351	DNA/hAT-Charlie	491	-	93	231744258	41562
chr1	231702696	231902696	harbor2	chr1	231766680	231766913	DNA/hAT-Charlie	1141	-	116	231766796	64100
chr1	245298974	245498974	harbor2	chr1	245355251	245355393	DNA/hAT-Charlie	875	-	71	245355322	56348
chr1	168053211	168253211	harbor2	chr1	168056612	168056796	DNA/hAT-Charlie	613	-	92	168056704	3493
chr1	168053211	168253211	harbor2	chr1	168071202	168071322	DNA/hAT-Charlie	669	-	60	168071262	18051
chr1	168053211	168253211	harbor2	chr1	168071642	168071695	DNA/hAT-Charlie	669	-	26	168071668	18457
chr1	175564103	175764103	harbor2	chr1	175587625	175587803	DNA/hAT-Charlie	486	-	89	175587714	23611
chr1	175564103	175764103	harbor2	chr1	175602289	175602460	DNA/hAT-Charlie	683	-	86	175602375	38272
chr1	175564103	175764103	harbor2	chr1	175628004	175628180	DNA/hAT-Charlie	504	-	88	175628092	63989
chr1	95955950	96155950	harbor2	chr1	95994561	95994687	DNA/hAT-Charlie	467	-	63	95994624	38674
chr1	95955950	96155950	harbor2	chr1	96017347	96017495	DNA/hAT-Charlie	547	-	74	96017421	61471
chr1	95955950	96155950	harbor2	chr1	95993761	95994562	DNA/hAT-Charlie	2108	-	400	95994161	38211
chr1	228963634	229163634	harbor2	chr1	228971641	228971866	DNA/hAT-Charlie	505	-	112	228971753	8119
chr1	228963634	229163634	harbor2	chr1	228972163	228972208	DNA/hAT-Charlie	505	-	22	228972185	8551
chr1	228963634	229163634	harbor2	chr1	228972530	228972654	DNA/hAT-Charlie	505	-	62	228972592	8958
chr1	228963634	229163634	harbor2	chr1	228988290	228988466	DNA/hAT-Charlie	767	-	88	228988378	24744
chr1	228963634	229163634	harbor2	chr1	229010040	229010198	DNA/hAT-Charlie	447	-	79	229010119	46485
chr1	228963634	229163634	harbor2	chr1	229010207	229010514	DNA/hAT-Charlie	1550	-	154	229010361	46727
chr1	228963634	229163634	harbor2	chr1	229016250	229016355	DNA/hAT-Charlie	438	-	52	229016302	52668
chr1	228963634	229163634	harbor2	chr1	229017010	229017152	DNA/hAT-Charlie	474	-	71	229017081	53447
chr1	228963634	229163634	harbor2	chr1	229027593	229027860	DNA/hAT-Charlie	784	-	134	229027727	64093
chr1	228963634	229163634	harbor2	chr1	229028853	229029128	DNA/hAT-Charlie	992	-	138	229028991	65357
chr1	228963634	229163634	harbor2	chr1	229059314	229059528	DNA/hAT-Charlie	893	-	107	229059421	95787
chr1	245328212	245528212	harbor2	chr1	245355251	245355393	DNA/hAT-Charlie	875	-	71	245355322	27110
chr1	245328212	245528212	harbor2	chr1	245419871	245420051	DNA/hAT-Charlie	651	-	90	245419961	91749
chr1	94636503	94836503	harbor2	chr1	94726427	94726575	DNA/hAT-Charlie	1345	-	74	94726501	89998
chr1	94636503	94836503	harbor2	chr1	94727009	94727170	DNA/hAT-Charlie	1345	-	80	94727089	90586
chr1	68304497	68504497	harbor2	chr1	68312911	68312978	DNA/hAT-Charlie	831	-	34	68312945	8448
chr1	68304497	68504497	harbor2	chr1	68313260	68313435	DNA/hAT-Charlie	831	-	88	68313348	8851
chr1	216117544	216317544	harbor2	chr1	216206289	216206630	DNA/hAT-Charlie	1896	-	170	216206459	88915
chr1	198256296	198456296	harbor2	chr1	198261802	198262037	DNA/hAT-Charlie	685	-	118	198261920	5624
chr1	198256296	198456296	harbor2	chr1	198283784	198283906	DNA/hAT-Charlie	496	-	61	198283845	27549
chr1	198256296	198456296	harbor2	chr1	198322722	198322944	DNA/hAT-Charlie	1513	-	111	198322833	66537
chr1	198256296	198456296	harbor2	chr1	198341783	198342142	DNA/hAT-Charlie	2045	-	180	198341963	85667
chr1	241404803	241604803	harbor2	chr1	241488346	241488534	DNA/hAT-Charlie	477	-	94	241488440	83637
chr1	241404803	241604803	harbor2	chr1	241495555	241495756	DNA/hAT-Charlie	1093	-	100	241495655	90852
chr1	238029745	238229745	harbor2	chr1	238053162	238053371	DNA/hAT-Charlie	816	-	104	238053266	23521
chr1	238029745	238229745	harbor2	chr1	238091539	238091634	DNA/hAT-Charlie	421	-	48	238091587	61842
chr1	238029745	238229745	harbor2	chr1	238091814	238091919	DNA/hAT-Charlie	451	-	52	238091866	62121
chr1	238029745	238229745	harbor2	chr1	238125975	238126291	DNA/hAT-Charlie	1457	-	158	238126133	96388
chr1	212211688	212411688	harbor2	chr1	212232760	212232819	DNA/hAT-Charlie	601	-	30	212232790	21102
chr1	212211688	212411688	harbor2	chr1	212233114	212233221	DNA/hAT-Charlie	601	-	54	212233168	21480
chr1	212211688	212411688	harbor2	chr1	212249472	212249645	DNA/hAT-Charlie	643	-	86	212249558	37870
chr1	212211688	212411688	harbor2	chr1	212262666	212262782	DNA/hAT-Charlie	672	-	58	212262724	51036
chr1	212211688	212411688	harbor2	chr1	212262944	212264335	DNA/hAT-Charlie	6427	-	696	212263640	51952
chr1	212211688	212411688	harbor2	chr1	212265695	212266023	DNA/hAT-Charlie	2539	-	164	212265859	54171
chr1	212211688	212411688	harbor2	chr1	212266298	212266409	DNA/hAT-Charlie	2539	-	56	212266354	54666
chr1	212211688	212411688	harbor2	chr1	212267025	212267199	DNA/hAT-Charlie	2539	-	87	212267112	55424
chr1	212211688	212411688	harbor2	chr1	212267286	212267456	DNA/hAT-Charlie	739	-	85	212267371	55683
chr1	212211688	212411688	harbor2	chr1	212282923	212283107	DNA/hAT-Charlie	572	-	92	212283015	71327
chr1	212211688	212411688	harbor2	chr1	212291066	212291100	DNA/hAT-Charlie	577	-	17	212291083	79395
chr1	212211688	212411688	harbor2	chr1	212291382	212291544	DNA/hAT-Charlie	577	-	81	212291463	79775
chr1	212211688	212411688	harbor2	chr1	212309724	212309913	DNA/hAT-Charlie	1421	-	94	212309818	98130
chr1	150000998	150200998	harbor2	chr1	150071178	150071504	DNA/hAT-Charlie	1239	-	163	150071341	70343
chr1	150000998	150200998	harbor2	chr1	150071806	150071916	DNA/hAT-Charlie	1239	-	55	150071861	70863
chr1	248058849	248258849	harbor2	chr1	248085743	248085995	DNA/hAT-Charlie	1514	-	126	248085869	27020
chr1	248058849	248258849	harbor2	chr1	248100620	248100796	DNA/hAT-Charlie	429	-	88	248100708	41859
chr1	238096011	238296011	harbor2	chr1	238125975	238126291	DNA/hAT-Charlie	1457	-	158	238126133	30122
chr1	238096011	238296011	harbor2	chr1	238154545	238154769	DNA/hAT-Charlie	457	-	112	238154657	58646
chr1	237409367	237609367	harbor2	chr1	237418411	237418936	DNA/hAT-Charlie	730	-	262	237418673	9306
chr1	237409367	237609367	harbor2	chr1	237443656	237443820	DNA/hAT-Charlie	715	-	82	237443738	34371
chr1	237409367	237609367	harbor2	chr1	237488971	237489119	DNA/hAT-Charlie	632	-	74	237489045	79678
chr1	237409367	237609367	harbor2	chr1	237504769	237504957	DNA/hAT-Charlie	990	-	94	237504863	95496
chr1	237409367	237609367	harbor2	chr1	237502416	237502769	DNA/hAT-Charlie	2028	-	176	237502592	93225
chr1	171922557	172122557	harbor2	chr1	171937443	171937576	DNA/hAT-Charlie	521	-	66	171937509	14952
chr1	171922557	172122557	harbor2	chr1	171937883	171937957	DNA/hAT-Charlie	521	-	37	171937920	15363
chr1	171922557	172122557	harbor2	chr1	171944004	171944327	DNA/hAT-Charlie	1645	-	162	171944166	21609
chr1	171922557	172122557	harbor2	chr1	172009437	172009650	DNA/hAT-Charlie	742	-	106	172009543	86986
chr1	112868264	113068264	harbor2	chr1	112936080	112936175	DNA/hAT-Charlie	434	-	48	112936128	67864
chr1	112868264	113068264	harbor2	chr1	112936622	112936847	DNA/hAT-Charlie	425	-	112	112936734	68470
chr1	112868264	113068264	harbor2	chr1	112939947	112940039	DNA/hAT-Charlie	657	-	46	112939993	71729
chr1	112868264	113068264	harbor2	chr1	112940340	112940386	DNA/hAT-Charlie	657	-	23	112940363	72099
chr1	112868264	113068264	harbor2	chr1	112949602	112949702	DNA/hAT-Charlie	1556	-	50	112949652	81388
chr1	112868264	113068264	harbor2	chr1	112949836	112950201	DNA/hAT-Charlie	1556	-	182	112950018	81754
chr1	159811494	160011494	harbor2	chr1	159886944	159887105	DNA/hAT-Charlie	432	-	80	159887024	75530
chr1	226731169	226931169	harbor2	chr1	226761577	226761716	DNA/hAT-Charlie	430	-	70	226761647	30478
chr1	226731169	226931169	harbor2	chr1	226761954	226762087	DNA/hAT-Charlie	493	-	66	226762020	30851
chr1	226731169	226931169	harbor2	chr1	226780930	226781447	DNA/hAT-Charlie	976	-	258	226781188	50019
chr1	226731169	226931169	harbor2	chr1	226782370	226782552	DNA/hAT-Charlie	564	-	91	226782461	51292
chr1	226731169	226931169	harbor2	chr1	226792289	226792424	DNA/hAT-Charlie	885	-	68	226792357	61188
chr1	226731169	226931169	harbor2	chr1	226794039	226794232	DNA/hAT-Charlie	650	-	96	226794135	62966
chr1	181478814	181678814	harbor2	chr1	181491303	181491484	DNA/hAT-Charlie	975	-	90	181491393	12579
chr1	181478814	181678814	harbor2	chr1	181508045	181508147	DNA/hAT-Charlie	548	-	51	181508096	29282
chr1	181478814	181678814	harbor2	chr1	181508176	181508271	DNA/hAT-Charlie	548	-	48	181508224	29410
chr1	181478814	181678814	harbor2	chr1	181542817	181543064	DNA/hAT-Charlie	716	-	124	181542941	64127
chr1	181478814	181678814	harbor2	chr1	181543101	181543300	DNA/hAT-Charlie	897	-	100	181543201	64387
chr1	223003259	223203259	harbor2	chr1	223030941	223031076	DNA/hAT-Charlie	549	-	68	223031009	27750
chr1	223003259	223203259	harbor2	chr1	223060907	223061114	DNA/hAT-Charlie	446	-	104	223061011	57752
chr1	223003259	223203259	harbor2	chr1	223090805	223090928	DNA/hAT-Charlie	436	-	62	223090867	87608
chr1	223003259	223203259	harbor2	chr1	223090939	223091111	DNA/hAT-Charlie	668	-	86	223091025	87766
chr1	225075764	225275764	harbor2	chr1	225145607	225145796	DNA/hAT-Charlie	506	-	94	225145701	69937
chr1	225075764	225275764	harbor2	chr1	225153198	225153379	DNA/hAT-Charlie	902	-	90	225153288	77524
chr1	117649996	117849996	harbor2	chr1	117656680	117656831	DNA/hAT-Charlie	538	-	76	117656756	6760
chr1	117649996	117849996	harbor2	chr1	117675356	117675670	DNA/hAT-Charlie	957	-	157	117675513	25517
chr1	117649996	117849996	harbor2	chr1	117680558	117680715	DNA/hAT-Charlie	487	-	78	117680636	30640
chr1	117649996	117849996	harbor2	chr1	117680840	117681135	DNA/hAT-Charlie	621	-	148	117680988	30992
chr1	117649996	117849996	harbor2	chr1	117706974	117707188	DNA/hAT-Charlie	968	-	107	117707081	57085
chr1	218441910	218641910	harbor2	chr1	218456410	218456469	DNA/hAT-Charlie	1095	-	30	218456440	14530
chr1	218441910	218641910	harbor2	chr1	218456840	218457131	DNA/hAT-Charlie	1095	-	146	218456986	15076
chr1	218441910	218641910	harbor2	chr1	218476843	218477022	DNA/hAT-Charlie	1222	-	90	218476933	35023
chr1	218441910	218641910	harbor2	chr1	218477719	218477871	DNA/hAT-Charlie	1222	-	76	218477795	35885
chr1	218441910	218641910	harbor2	chr1	218514290	218514386	DNA/hAT-Charlie	648	-	48	218514338	72428
chr1	218441910	218641910	harbor2	chr1	218514689	218514762	DNA/hAT-Charlie	648	-	36	218514725	72815
chr1	240918967	241118967	harbor2	chr1	240999274	240999474	DNA/hAT-Charlie	971	-	100	240999374	80407
chr1	240918967	241118967	harbor2	chr1	241000577	241000633	DNA/hAT-Charlie	690	-	28	241000605	81638
chr1	240918967	241118967	harbor2	chr1	241000956	241001078	DNA/hAT-Charlie	690	-	61	241001017	82050
chr1	240918967	241118967	harbor2	chr1	241008342	241008496	DNA/hAT-Charlie	761	-	77	241008419	89452
chr1	191159213	191359213	harbor2	chr1	191185208	191186022	DNA/hAT-Charlie	613	-	407	191185615	26402
chr1	114571013	114771013	harbor2	chr1	114607386	114607594	DNA/hAT-Charlie	499	-	104	114607490	36477
chr1	114571013	114771013	harbor2	chr1	114644885	114645177	DNA/hAT-Charlie	1158	-	146	114645031	74018
chr1	114571013	114771013	harbor2	chr1	114645568	114645929	DNA/hAT-Charlie	1158	-	180	114645748	74735
chr1	114571013	114771013	harbor2	chr1	114646227	114646490	DNA/hAT-Charlie	850	-	132	114646359	75346
chr1	114571013	114771013	harbor2	chr1	114646496	114646787	DNA/hAT-Charlie	801	-	146	114646642	75629
chr1	114571013	114771013	harbor2	chr1	114658891	114658996	DNA/hAT-Charlie	452	-	52	114658943	87930
chr1	114571013	114771013	harbor2	chr1	114659055	114659218	DNA/hAT-Charlie	600	-	82	114659137	88124
chr1	114571013	114771013	harbor2	chr1	114659528	114659617	DNA/hAT-Charlie	600	-	44	114659572	88559
chr1	114571013	114771013	harbor2	chr1	114660089	114660338	DNA/hAT-Charlie	867	-	124	114660213	89200
chr1	114571013	114771013	harbor2	chr1	114660636	114660831	DNA/hAT-Charlie	2412	-	98	114660734	89721
chr1	114571013	114771013	harbor2	chr1	114661137	114661682	DNA/hAT-Charlie	2412	-	272	114661409	90396
chr1	114571013	114771013	harbor2	chr1	114661703	114662027	DNA/hAT-Charlie	681	-	162	114661865	90852
chr1	177842334	178042334	harbor2	chr1	177872320	177872497	DNA/hAT-Charlie	666	-	88	177872408	30074
chr1	177842334	178042334	harbor2	chr1	177903545	177903778	DNA/hAT-Charlie	866	-	116	177903661	61327
chr1	177842334	178042334	harbor2	chr1	177910704	177910858	DNA/hAT-Charlie	663	-	77	177910781	68447
chr1	177842334	178042334	harbor2	chr1	177919268	177919625	DNA/hAT-Charlie	751	-	178	177919446	77112
chr1	177842334	178042334	harbor2	chr1	177941008	177941155	DNA/hAT-Charlie	573	-	74	177941082	98748
chr1	96990780	97190780	harbor2	chr1	97000138	97000257	DNA/hAT-Charlie	455	-	60	97000198	9418
chr1	96990780	97190780	harbor2	chr1	97000438	97000641	DNA/hAT-Charlie	1083	-	102	97000540	9760
chr1	96990780	97190780	harbor2	chr1	97063676	97063894	DNA/hAT-Charlie	676	-	109	97063785	73005
chr1	220478557	220678557	harbor2	chr1	220486670	220486822	DNA/hAT-Charlie	569	-	76	220486746	8189
chr1	220478557	220678557	harbor2	chr1	220497966	220498123	DNA/hAT-Charlie	453	-	78	220498044	19487
chr1	220478557	220678557	harbor2	chr1	220499176	220499285	DNA/hAT-Charlie	1513	-	54	220499230	20673
chr1	220478557	220678557	harbor2	chr1	220499596	220499995	DNA/hAT-Charlie	1513	-	200	220499796	21239
chr1	220478557	220678557	harbor2	chr1	220524758	220525144	DNA/hAT-Charlie	1400	-	193	220524951	46394
chr1	220478557	220678557	harbor2	chr1	220577497	220577680	DNA/hAT-Charlie	1128	-	92	220577589	99032
chr1	99208777	99408777	harbor2	chr1	99250502	99250701	DNA/hAT-Charlie	976	-	100	99250602	41825
chr1	99208777	99408777	harbor2	chr1	99257262	99258112	DNA/hAT-Charlie	1905	-	425	99257687	48910
chr1	99208777	99408777	harbor2	chr1	99296170	99296395	DNA/hAT-Charlie	826	-	112	99296282	87505
chr1	100043221	100243221	harbor2	chr1	100124710	100125043	DNA/hAT-Charlie	1980	-	166	100124876	81655
chr1	100043221	100243221	harbor2	chr1	100130749	100130960	DNA/hAT-Charlie	1148	-	106	100130855	87634
chr1	100043221	100243221	harbor2	chr1	100131369	100131624	DNA/hAT-Charlie	1162	-	128	100131497	88276
chr1	100043221	100243221	harbor2	chr1	100138719	100138892	DNA/hAT-Charlie	988	-	86	100138805	95584
chr1	238231855	238431855	harbor2	chr1	238291864	238291955	DNA/hAT-Charlie	413	-	46	238291910	60055
chr1	238231855	238431855	harbor2	chr1	238309709	238309916	DNA/hAT-Charlie	912	-	104	238309813	77958
chr1	47995342	48195342	harbor2	chr1	48021637	48021811	DNA/hAT-Charlie	502	-	87	48021724	26382
chr1	47995342	48195342	harbor2	chr1	48025578	48025759	DNA/hAT-Charlie	854	-	90	48025668	30326
chr1	47995342	48195342	harbor2	chr1	48085253	48085475	DNA/hAT-Charlie	1264	-	111	48085364	90022
chr1	228367517	228567517	harbor2	chr1	228430876	228430938	DNA/hAT-Charlie	887	-	31	228430907	63390
chr1	228367517	228567517	harbor2	chr1	228431237	228431472	DNA/hAT-Charlie	887	-	118	228431355	63838
chr1	228367517	228567517	harbor2	chr1	228460443	228461226	DNA/hAT-Charlie	594	-	392	228460835	93318
chr1	89919810	90119810	harbor2	chr1	89931358	89931454	DNA/hAT-Charlie	424	-	48	89931406	11596
chr1	89919810	90119810	harbor2	chr1	90001031	90001242	DNA/hAT-Charlie	1149	-	106	90001137	81327
chr1	89919810	90119810	harbor2	chr1	90002769	90003123	DNA/hAT-Charlie	1582	-	177	90002946	83136
chr1	187686169	187886169	harbor2	chr1	187784111	187784324	DNA/hAT-Charlie	961	-	106	187784217	98048
chr1	235513665	235713665	harbor2	chr1	235556617	235557143	DNA/hAT-Charlie	3892	-	263	235556880	43215
chr1	235513665	235713665	harbor2	chr1	235590906	235591058	DNA/hAT-Charlie	899	-	76	235590982	77317
chr1	215256336	215456336	harbor2	chr1	215270895	215271073	DNA/hAT-Charlie	506	-	89	215270984	14648
chr1	215256336	215456336	harbor2	chr1	215322189	215322366	DNA/hAT-Charlie	530	-	88	215322277	65941
chr1	215256336	215456336	harbor2	chr1	215337809	215337973	DNA/hAT-Charlie	616	-	82	215337891	81555
chr1	176849541	177049541	harbor2	chr1	176857012	176857201	DNA/hAT-Charlie	525	-	94	176857106	7565
chr1	176849541	177049541	harbor2	chr1	176912201	176912525	DNA/hAT-Charlie	1628	-	162	176912363	62822
chr1	176849541	177049541	harbor2	chr1	176945170	176945523	DNA/hAT-Charlie	967	-	176	176945346	95805
chr1	232015105	232215105	harbor2	chr1	232038357	232038623	DNA/hAT-Charlie	779	-	133	232038490	23385
chr1	232015105	232215105	harbor2	chr1	232058829	232058987	DNA/hAT-Charlie	467	-	79	232058908	43803
chr1	232015105	232215105	harbor2	chr1	232085948	232086265	DNA/hAT-Charlie	1217	-	158	232086106	71001
chr1	219599758	219799758	harbor2	chr1	219637591	219637811	DNA/hAT-Charlie	1194	-	110	219637701	37943
chr1	219599758	219799758	harbor2	chr1	219678903	219679136	DNA/hAT-Charlie	1536	-	116	219679019	79261
chr1	219599758	219799758	harbor2	chr1	219692667	219692855	DNA/hAT-Charlie	1004	-	94	219692761	93003
chr1	146814543	147014543	harbor2	chr1	146846161	146846328	DNA/hAT-Charlie	966	-	84	146846245	31702
chr1	94183132	94383132	harbor2	chr1	94191677	94191839	DNA/hAT-Charlie	625	-	81	94191758	8626
chr1	94183132	94383132	harbor2	chr1	94210281	94210452	DNA/hAT-Charlie	483	-	86	94210367	27235
chr1	94183132	94383132	harbor2	chr1	94213483	94213662	DNA/hAT-Charlie	600	-	90	94213573	30441
chr1	94183132	94383132	harbor2	chr1	94214824	94215067	DNA/hAT-Charlie	477	-	122	94214946	31814
chr1	94183132	94383132	harbor2	chr1	94233790	94233918	DNA/hAT-Charlie	440	-	64	94233854	50722
chr1	94183132	94383132	harbor2	chr1	94258283	94258468	DNA/hAT-Charlie	451	-	92	94258375	75243
chr1	94183132	94383132	harbor2	chr1	94274142	94274349	DNA/hAT-Charlie	867	-	104	94274246	91114
chr1	226058123	226258123	harbor2	chr1	226105298	226105358	DNA/hAT-Charlie	1639	-	30	226105328	47205
chr1	226058123	226258123	harbor2	chr1	226105659	226105682	DNA/hAT-Charlie	1639	-	12	226105671	47548
chr1	226058123	226258123	harbor2	chr1	226106297	226106588	DNA/hAT-Charlie	1639	-	146	226106443	48320
chr1	226058123	226258123	harbor2	chr1	226127670	226127856	DNA/hAT-Charlie	922	-	93	226127763	69640
chr1	205142037	205342037	harbor2	chr1	205215706	205216163	DNA/hAT-Charlie	585	-	228	205215934	73897
chr1	205142037	205342037	harbor2	chr1	205216225	205216327	DNA/hAT-Charlie	615	-	51	205216276	74239
chr1	205142037	205342037	harbor2	chr1	205221513	205221698	DNA/hAT-Charlie	667	-	92	205221605	79568
chr1	205142037	205342037	harbor2	chr1	205222284	205222449	DNA/hAT-Charlie	859	-	82	205222366	80329
chr1	205142037	205342037	harbor2	chr1	205222553	205222576	DNA/hAT-Charlie	617	-	12	205222565	80528
chr1	205142037	205342037	harbor2	chr1	205222883	205222963	DNA/hAT-Charlie	617	-	40	205222923	80886
chr1	205142037	205342037	harbor2	chr1	205226909	205227089	DNA/hAT-Charlie	989	-	90	205226999	84962
chr1	193560790	193760790	harbor2	chr1	193597960	193598197	DNA/hAT-Charlie	630	-	118	193598078	37288
chr1	193560790	193760790	harbor2	chr1	193598367	193598526	DNA/hAT-Charlie	630	-	80	193598447	37657
chr1	193560790	193760790	harbor2	chr1	193598579	193599032	DNA/hAT-Charlie	1318	-	226	193598805	38015
chr1	193560790	193760790	harbor2	chr1	193599103	193599324	DNA/hAT-Charlie	651	-	110	193599213	38423
chr1	193560790	193760790	harbor2	chr1	193626900	193627072	DNA/hAT-Charlie	738	-	86	193626986	66196
chr1	176199391	176399391	harbor2	chr1	176271343	176271487	DNA/hAT-Charlie	638	-	72	176271415	72024
chr1	181855680	182055680	harbor2	chr1	181855635	181855764	DNA/hAT-Charlie	597	-	64	181855699	19
chr1	181855680	182055680	harbor2	chr1	181903745	181904044	DNA/hAT-Charlie	501	-	150	181903895	48215
chr1	15893017	16093017	harbor2	chr1	15900771	15900907	DNA/hAT-Charlie	544	-	68	15900839	7822
chr1	15893017	16093017	harbor2	chr1	15902229	15902372	DNA/hAT-Charlie	683	-	72	15902301	9284
chr1	15893017	16093017	harbor2	chr1	15927696	15927946	DNA/hAT-Charlie	640	-	125	15927821	34804
chr1	201140882	201340882	harbor2	chr1	201160952	201161397	DNA/hAT-Charlie	1698	-	222	201161174	20292
chr1	201140882	201340882	harbor2	chr1	201173786	201174004	DNA/hAT-Charlie	1066	-	109	201173895	33013
chr1	116163884	116363884	harbor2	chr1	116173110	116173298	DNA/hAT-Charlie	888	-	94	116173204	9320
chr1	116163884	116363884	harbor2	chr1	116179687	116179999	DNA/hAT-Charlie	1215	-	156	116179843	15959
chr1	116163884	116363884	harbor2	chr1	116196748	116197037	DNA/hAT-Charlie	459	-	144	116196892	33008
chr1	116163884	116363884	harbor2	chr1	116248214	116248342	DNA/hAT-Charlie	486	-	64	116248278	84394
chr1	116163884	116363884	harbor2	chr1	116248674	116248819	DNA/hAT-Charlie	486	-	72	116248746	84862
chr1	116163884	116363884	harbor2	chr1	116195323	116195673	DNA/hAT-Charlie	1161	-	175	116195498	31614
chr1	154343451	154543451	harbor2	chr1	154357396	154357526	DNA/hAT-Charlie	543	-	65	154357461	14010
chr1	154343451	154543451	harbor2	chr1	154408808	154408868	DNA/hAT-Charlie	1037	-	30	154408838	65387
chr1	154343451	154543451	harbor2	chr1	154409142	154409294	DNA/hAT-Charlie	1037	-	76	154409218	65767
chr1	202052412	202252412	harbor2	chr1	202115370	202115528	DNA/hAT-Charlie	619	-	79	202115449	63037
chr1	216853558	217053558	harbor2	chr1	216863066	216863254	DNA/hAT-Charlie	1010	-	94	216863160	9602
chr1	248051005	248251005	harbor2	chr1	248085743	248085995	DNA/hAT-Charlie	1514	-	126	248085869	34864
chr1	248051005	248251005	harbor2	chr1	248100620	248100796	DNA/hAT-Charlie	429	-	88	248100708	49703
chr1	215893309	216093309	harbor2	chr1	215922572	215922756	DNA/hAT-Charlie	686	-	92	215922664	29355
chr1	215893309	216093309	harbor2	chr1	215965008	215965161	DNA/hAT-Charlie	648	-	76	215965084	71775
chr1	73702043	73902043	harbor2	chr1	73717948	73718138	DNA/hAT-Charlie	705	-	95	73718043	16000
chr1	73702043	73902043	harbor2	chr1	73718478	73718515	DNA/hAT-Charlie	705	-	18	73718496	16453
chr1	73702043	73902043	harbor2	chr1	73745649	73745877	DNA/hAT-Charlie	636	-	114	73745763	43720
chr1	192878717	193078717	harbor2	chr1	192906650	192906765	DNA/hAT-Charlie	719	-	58	192906708	27991
chr1	192878717	193078717	harbor2	chr1	192957326	192957425	DNA/hAT-Charlie	602	-	50	192957376	78659
chr1	102484159	102684159	harbor2	chr1	102525801	102526025	DNA/hAT-Charlie	1541	-	112	102525913	41754
chr1	206211439	206411439	harbor2	chr1	206271026	206271149	DNA/hAT-Charlie	419	-	62	206271088	59649
chr1	206211439	206411439	harbor2	chr1	206283359	206283391	DNA/hAT-Charlie	2412	-	16	206283375	71936
chr1	206211439	206411439	harbor2	chr1	206283690	206284446	DNA/hAT-Charlie	2412	-	378	206284068	72629
chr1	206211439	206411439	harbor2	chr1	206284749	206285106	DNA/hAT-Charlie	2412	-	178	206284927	73488
chr1	206211439	206411439	harbor2	chr1	206304402	206304620	DNA/hAT-Charlie	1558	-	109	206304511	93072
chr1	84421661	84621661	harbor2	chr1	84468556	84468715	DNA/hAT-Charlie	839	-	80	84468636	46975
chr1	84421661	84621661	harbor2	chr1	84469100	84469241	DNA/hAT-Charlie	609	-	70	84469170	47509
chr1	84421661	84621661	harbor2	chr1	84489909	84490141	DNA/hAT-Charlie	1132	-	116	84490025	68364
chr1	84421661	84621661	harbor2	chr1	84512678	84512871	DNA/hAT-Charlie	519	-	96	84512774	91113
chr1	188904227	189104227	harbor2	chr1	188913968	188914203	DNA/hAT-Charlie	599	-	118	188914086	9859
chr1	208454815	208654815	harbor2	chr1	208461907	208462091	DNA/hAT-Charlie	596	-	92	208461999	7184
chr1	208454815	208654815	harbor2	chr1	208532758	208532894	DNA/hAT-Charlie	566	-	68	208532826	78011
chr1	208454815	208654815	harbor2	chr1	208548668	208548810	DNA/hAT-Charlie	472	-	71	208548739	93924
chr1	208454815	208654815	harbor2	chr1	208548822	208549564	DNA/hAT-Charlie	2624	-	371	208549193	94378
chr1	208454815	208654815	harbor2	chr1	208549540	208549779	DNA/hAT-Charlie	469	-	120	208549660	94845
chr1	208454815	208654815	harbor2	chr1	208549888	208549987	DNA/hAT-Charlie	469	-	50	208549938	95123
chr1	246157927	246357927	harbor2	chr1	246194631	246194828	DNA/hAT-Charlie	744	-	98	246194729	36802
chr1	244323369	244523369	harbor2	chr1	244373554	244373679	DNA/hAT-Charlie	532	-	62	244373616	50247
chr1	244323369	244523369	harbor2	chr1	244373764	244373830	DNA/hAT-Charlie	532	-	33	244373797	50428
chr1	187375490	187575490	harbor2	chr1	187379947	187380104	DNA/hAT-Charlie	493	-	78	187380025	4535
chr1	227568675	227768675	harbor2	chr1	227668540	227668735	DNA/hAT-Charlie	436	-	98	227668638	99963
chr1	234711861	234911861	harbor2	chr1	234713313	234713486	DNA/hAT-Charlie	640	-	86	234713399	1538
chr1	148386489	148586489	harbor2	chr1	148391102	148391441	DNA/hAT-Charlie	1911	-	170	148391272	4783
chr1	148386489	148586489	harbor2	chr1	148422827	148423178	DNA/hAT-Charlie	1961	-	176	148423003	36514
chr1	148386489	148586489	harbor2	chr1	148450598	148450795	DNA/hAT-Charlie	510	-	98	148450696	64207
chr1	224298679	224498679	harbor2	chr1	224307041	224307293	DNA/hAT-Charlie	1377	-	126	224307167	8488
chr1	224298679	224498679	harbor2	chr1	224321292	224321382	DNA/hAT-Charlie	409	-	45	224321337	22658
chr1	224298679	224498679	harbor2	chr1	224351422	224351643	DNA/hAT-Charlie	1291	-	110	224351532	52853
chr1	106321362	106521362	harbor2	chr1	106328007	106328179	DNA/hAT-Charlie	501	-	86	106328093	6731
chr1	106321362	106521362	harbor2	chr1	106366566	106366904	DNA/hAT-Charlie	1886	-	169	106366735	45373
chr1	106321362	106521362	harbor2	chr1	106400165	106400322	DNA/hAT-Charlie	414	-	78	106400243	78881
chr1	248343681	248543681	harbor2	chr1	248439994	248440278	DNA/hAT-Charlie	604	-	142	248440136	96455
chr1	177464328	177664328	harbor2	chr1	177471637	177471821	DNA/hAT-Charlie	629	-	92	177471729	7401
chr1	177464328	177664328	harbor2	chr1	177545574	177545785	DNA/hAT-Charlie	499	-	106	177545680	81352
chr1	210687508	210887508	harbor2	chr1	210700623	210700810	DNA/hAT-Charlie	796	-	94	210700717	13209
chr1	210687508	210887508	harbor2	chr1	210717724	210717823	DNA/hAT-Charlie	500	-	50	210717774	30266
chr1	210687508	210887508	harbor2	chr1	210718135	210718227	DNA/hAT-Charlie	500	-	46	210718181	30673
chr1	210687508	210887508	harbor2	chr1	210718703	210718825	DNA/hAT-Charlie	739	-	61	210718764	31256
chr1	210687508	210887508	harbor2	chr1	210719047	210719248	DNA/hAT-Charlie	1060	-	100	210719147	31639
chr1	210687508	210887508	harbor2	chr1	210729474	210729669	DNA/hAT-Charlie	816	-	98	210729572	42064
chr1	210687508	210887508	harbor2	chr1	210744301	210744364	DNA/hAT-Charlie	567	-	32	210744333	56825
chr1	210687508	210887508	harbor2	chr1	210744674	210744755	DNA/hAT-Charlie	567	-	40	210744714	57206
chr1	231106840	231306840	harbor2	chr1	231195232	231195422	DNA/hAT-Charlie	584	-	95	231195327	88487
chr1	231106840	231306840	harbor2	chr1	231195755	231195931	DNA/hAT-Charlie	677	-	88	231195843	89003
chr1	202534924	202734924	harbor2	chr1	202619494	202619680	DNA/hAT-Charlie	421	-	93	202619587	84663
chr1	245323050	245523050	harbor2	chr1	245355251	245355393	DNA/hAT-Charlie	875	-	71	245355322	32272
chr1	245323050	245523050	harbor2	chr1	245419871	245420051	DNA/hAT-Charlie	651	-	90	245419961	96911
chr2	224224135	224424135	harbor2	chr2	224240993	224241157	DNA/hAT-Charlie	471	-	82	224241075	16940
chr2	224224135	224424135	harbor2	chr2	224248295	224248394	DNA/hAT-Charlie	492	-	50	224248345	24210
chr2	224224135	224424135	harbor2	chr2	224304968	224305159	DNA/hAT-Charlie	744	-	96	224305064	80929
chr2	188091667	188291667	harbor2	chr2	188140658	188140871	DNA/hAT-Charlie	948	-	106	188140764	49097
chr2	188091667	188291667	harbor2	chr2	188168214	188168331	DNA/hAT-Charlie	445	-	58	188168272	76605
chr2	188091667	188291667	harbor2	chr2	188180014	188180165	DNA/hAT-Charlie	477	-	76	188180090	88423
chr2	97739523	97939523	harbor2	chr2	97791801	97792005	DNA/hAT-Charlie	958	-	102	97791903	52380
chr2	97739523	97939523	harbor2	chr2	97815609	97815806	DNA/hAT-Charlie	977	-	98	97815707	76184
chr2	97739523	97939523	harbor2	chr2	97837511	97837674	DNA/hAT-Charlie	540	-	82	97837593	98070
chr2	241845072	242045072	harbor2	chr2	241912640	241912977	DNA/hAT-Charlie	734	-	168	241912808	67736
chr2	218996117	219196117	harbor2	chr2	219026449	219026772	DNA/hAT-Charlie	1722	-	162	219026611	30494
chr2	218996117	219196117	harbor2	chr2	219039562	219039857	DNA/hAT-Charlie	1443	-	148	219039710	43593
chr2	218996117	219196117	harbor2	chr2	219092311	219092685	DNA/hAT-Charlie	1685	-	187	219092498	96381
chr2	239067234	239267234	harbor2	chr2	239073360	239073579	DNA/hAT-Charlie	426	-	110	239073470	6236
chr2	239067234	239267234	harbor2	chr2	239160099	239160400	DNA/hAT-Charlie	929	-	150	239160249	93015
chr2	201502385	201702385	harbor2	chr2	201536538	201536889	DNA/hAT-Charlie	428	-	176	201536714	34329
chr2	148649890	148849890	harbor2	chr2	148655288	148655418	DNA/hAT-Charlie	511	-	65	148655353	5463
chr2	148649890	148849890	harbor2	chr2	148655527	148655678	DNA/hAT-Charlie	556	-	76	148655603	5713
chr2	148649890	148849890	harbor2	chr2	148657412	148657594	DNA/hAT-Charlie	972	-	91	148657503	7613
chr2	148649890	148849890	harbor2	chr2	148663683	148663986	DNA/hAT-Charlie	1934	-	152	148663835	13945
chr2	148649890	148849890	harbor2	chr2	148666092	148666136	DNA/hAT-Charlie	626	-	22	148666114	16224
chr2	148649890	148849890	harbor2	chr2	148666444	148666633	DNA/hAT-Charlie	626	-	94	148666538	16648
chr2	148649890	148849890	harbor2	chr2	148737709	148737935	DNA/hAT-Charlie	1655	-	113	148737822	87932
chr2	144946065	145146065	harbor2	chr2	144951633	144951911	DNA/hAT-Charlie	1269	-	139	144951772	5707
chr2	144946065	145146065	harbor2	chr2	144953794	144953938	DNA/hAT-Charlie	430	-	72	144953866	7801
chr2	144946065	145146065	harbor2	chr2	145006071	145006233	DNA/hAT-Charlie	426	-	81	145006152	60087
chr2	144946065	145146065	harbor2	chr2	145013810	145014103	DNA/hAT-Charlie	867	-	146	145013956	67891
chr2	144946065	145146065	harbor2	chr2	145031642	145032095	DNA/hAT-Charlie	1174	-	226	145031868	85803
chr2	191063338	191263338	harbor2	chr2	191145152	191145440	DNA/hAT-Charlie	1231	-	144	191145296	81958
chr2	191063338	191263338	harbor2	chr2	191152722	191153029	DNA/hAT-Charlie	1553	-	154	191152876	89538
chr2	191063338	191263338	harbor2	chr2	191153193	191154081	DNA/hAT-Charlie	3327	-	444	191153637	90299
chr2	191063338	191263338	harbor2	chr2	191154068	191154510	DNA/hAT-Charlie	2363	-	221	191154289	90951
chr2	191063338	191263338	harbor2	chr2	191156194	191156374	DNA/hAT-Charlie	1200	-	90	191156284	92946
chr2	173845788	174045788	harbor2	chr2	173876196	173876310	DNA/hAT-Charlie	907	-	57	173876253	30465
chr2	173845788	174045788	harbor2	chr2	173876610	173876896	DNA/hAT-Charlie	907	-	143	173876753	30965
chr2	173845788	174045788	harbor2	chr2	173903928	173904302	DNA/hAT-Charlie	1908	-	187	173904115	58327
chr2	173845788	174045788	harbor2	chr2	173911420	173911641	DNA/hAT-Charlie	419	-	110	173911530	65742
chr2	173845788	174045788	harbor2	chr2	173930824	173930946	DNA/hAT-Charlie	612	-	61	173930885	85097
chr2	173845788	174045788	harbor2	chr2	173933182	173933386	DNA/hAT-Charlie	897	-	102	173933284	87496
chr2	173845788	174045788	harbor2	chr2	173940200	173940475	DNA/hAT-Charlie	1775	-	138	173940338	94550
chr2	173845788	174045788	harbor2	chr2	173945641	173945783	DNA/hAT-Charlie	648	-	71	173945712	99924
chr2	96700455	96900455	harbor2	chr2	96716110	96716423	DNA/hAT-Charlie	503	-	156	96716266	15811
chr2	96700455	96900455	harbor2	chr2	96721845	96721967	DNA/hAT-Charlie	3340	-	61	96721906	21451
chr2	96700455	96900455	harbor2	chr2	96722268	96722642	DNA/hAT-Charlie	3340	-	187	96722455	22000
chr2	96700455	96900455	harbor2	chr2	96768753	96768867	DNA/hAT-Charlie	594	-	57	96768810	68355
chr2	230510549	230710549	harbor2	chr2	230512609	230513152	DNA/hAT-Charlie	3515	-	272	230512881	2332
chr2	230510549	230710549	harbor2	chr2	230537658	230537781	DNA/hAT-Charlie	409	-	62	230537720	27171
chr2	230510549	230710549	harbor2	chr2	230537861	230538010	DNA/hAT-Charlie	602	-	74	230537935	27386
chr2	123192333	123392333	harbor2	chr2	123216144	123216453	DNA/hAT-Charlie	961	-	154	123216298	23965
chr2	123192333	123392333	harbor2	chr2	123259715	123259945	DNA/hAT-Charlie	1433	-	115	123259830	67497
chr2	179329043	179529043	harbor2	chr2	179341077	179341467	DNA/hAT-Charlie	497	-	195	179341272	12229
chr2	179329043	179529043	harbor2	chr2	179360835	179361031	DNA/hAT-Charlie	1011	-	98	179360933	31890
chr2	179329043	179529043	harbor2	chr2	179407297	179407437	DNA/hAT-Charlie	459	-	70	179407367	78324
chr2	218432470	218632470	harbor2	chr2	218466327	218466547	DNA/hAT-Charlie	1086	-	110	218466437	33967
chr2	218432470	218632470	harbor2	chr2	218498226	218498424	DNA/hAT-Charlie	871	-	99	218498325	65855
chr2	154137434	154337434	harbor2	chr2	154143021	154143366	DNA/hAT-Charlie	1868	-	172	154143193	5759
chr2	154137434	154337434	harbor2	chr2	154175570	154175999	DNA/hAT-Charlie	1031	-	214	154175784	38350
chr2	154137434	154337434	harbor2	chr2	154185783	154186440	DNA/hAT-Charlie	2018	-	328	154186111	48677
chr2	154137434	154337434	harbor2	chr2	154186467	154186620	DNA/hAT-Charlie	731	-	76	154186543	49109
chr2	154137434	154337434	harbor2	chr2	154190756	154191067	DNA/hAT-Charlie	1171	-	156	154190912	53478
chr2	229827521	230027521	harbor2	chr2	229863406	229863582	DNA/hAT-Charlie	494	-	88	229863494	35973
chr2	240485428	240685428	harbor2	chr2	240522311	240523476	DNA/hAT-Charlie	1131	-	582	240522893	37465
chr2	240485428	240685428	harbor2	chr2	240533372	240533676	DNA/hAT-Charlie	1044	-	152	240533524	48096
chr2	228308760	228508760	harbor2	chr2	228358734	228358855	DNA/hAT-Charlie	413	-	60	228358794	50034
chr2	228308760	228508760	harbor2	chr2	228377473	228377715	DNA/hAT-Charlie	564	-	121	228377594	68834
chr2	189967004	190167004	harbor2	chr2	190029578	190029759	DNA/hAT-Charlie	995	-	90	190029668	62664
chr2	171353917	171553917	harbor2	chr2	171386366	171386481	DNA/hAT-Charlie	523	-	58	171386424	32507
chr2	171353917	171553917	harbor2	chr2	171387589	171387790	DNA/hAT-Charlie	601	-	100	171387689	33772
chr2	201676087	201876087	harbor2	chr2	201729459	201729602	DNA/hAT-Charlie	4823	-	72	201729531	53444
chr2	201676087	201876087	harbor2	chr2	201729904	201731041	DNA/hAT-Charlie	4823	-	568	201730472	54385
chr2	201676087	201876087	harbor2	chr2	201735399	201735647	DNA/hAT-Charlie	518	-	124	201735523	59436
chr2	201676087	201876087	harbor2	chr2	201754875	201755055	DNA/hAT-Charlie	534	-	90	201754965	78878
chr2	201676087	201876087	harbor2	chr2	201756740	201756901	DNA/hAT-Charlie	864	-	80	201756820	80733
chr2	229281317	229481317	harbor2	chr2	229297992	229298324	DNA/hAT-Charlie	898	-	166	229298158	16841
chr2	229281317	229481317	harbor2	chr2	229336632	229336734	DNA/hAT-Charlie	469	-	51	229336683	55366
chr2	229281317	229481317	harbor2	chr2	229337076	229337122	DNA/hAT-Charlie	469	-	23	229337099	55782
chr2	229281317	229481317	harbor2	chr2	229352398	229352663	DNA/hAT-Charlie	1387	-	132	229352530	71213
chr2	229281317	229481317	harbor2	chr2	229353072	229353124	DNA/hAT-Charlie	1387	-	26	229353098	71781
chr2	182581973	182781973	harbor2	chr2	182586561	182586764	DNA/hAT-Charlie	814	-	102	182586663	4690
chr2	182581973	182781973	harbor2	chr2	182591536	182591766	DNA/hAT-Charlie	915	-	115	182591651	9678
chr2	182581973	182781973	harbor2	chr2	182667645	182667730	DNA/hAT-Charlie	423	-	42	182667687	85714
chr2	182581973	182781973	harbor2	chr2	182670709	182670837	DNA/hAT-Charlie	430	-	64	182670773	88800
chr2	168617520	168817520	harbor2	chr2	168622159	168622380	DNA/hAT-Charlie	1528	-	110	168622269	4749
chr2	168617520	168817520	harbor2	chr2	168674802	168674959	DNA/hAT-Charlie	3902	-	78	168674880	57360
chr2	168617520	168817520	harbor2	chr2	168675270	168675302	DNA/hAT-Charlie	3902	-	16	168675286	57766
chr2	168617520	168817520	harbor2	chr2	168675606	168675686	DNA/hAT-Charlie	3902	-	40	168675646	58126
chr2	168617520	168817520	harbor2	chr2	168675985	168676987	DNA/hAT-Charlie	3902	-	501	168676486	58966
chr2	168617520	168817520	harbor2	chr2	168678139	168678288	DNA/hAT-Charlie	631	-	74	168678213	60693
chr2	168617520	168817520	harbor2	chr2	168700436	168700612	DNA/hAT-Charlie	421	-	88	168700524	83004
chr2	168617520	168817520	harbor2	chr2	168706838	168706998	DNA/hAT-Charlie	871	-	80	168706918	89398
chr2	235579117	235779117	harbor2	chr2	235626737	235626918	DNA/hAT-Charlie	664	-	90	235626827	47710
chr2	235579117	235779117	harbor2	chr2	235638818	235639020	DNA/hAT-Charlie	1079	-	101	235638919	59802
chr2	174274517	174474517	harbor2	chr2	174307636	174307850	DNA/hAT-Charlie	1040	-	107	174307743	33226
chr2	234952307	235152307	harbor2	chr2	234989545	234989854	DNA/hAT-Charlie	1123	-	154	234989699	37392
chr2	234952307	235152307	harbor2	chr2	235035481	235035696	DNA/hAT-Charlie	729	-	108	235035589	83282
chr2	234736652	234936652	harbor2	chr2	234761997	234762158	DNA/hAT-Charlie	555	-	80	234762077	25425
chr2	234736652	234936652	harbor2	chr2	234808271	234808382	DNA/hAT-Charlie	488	-	56	234808327	71675
chr2	234736652	234936652	harbor2	chr2	234808692	234808752	DNA/hAT-Charlie	488	-	30	234808722	72070
chr2	214641648	214841648	harbor2	chr2	214674069	214674433	DNA/hAT-Charlie	487	-	182	214674251	32603
chr2	214641648	214841648	harbor2	chr2	214737106	214737206	DNA/hAT-Charlie	414	-	50	214737156	95508
chr2	234396660	234596660	harbor2	chr2	234476044	234476336	DNA/hAT-Charlie	623	-	146	234476190	79530
chr2	234396660	234596660	harbor2	chr2	234485569	234485777	DNA/hAT-Charlie	1012	-	104	234485673	89013
chr2	232266425	232466425	harbor2	chr2	232268428	232268748	DNA/hAT-Charlie	1629	-	160	232268588	2163
chr2	232266425	232466425	harbor2	chr2	232274671	232274930	DNA/hAT-Charlie	765	-	130	232274801	8376
chr2	232266425	232466425	harbor2	chr2	232346836	232347202	DNA/hAT-Charlie	1020	-	183	232347019	80594
chr2	232266425	232466425	harbor2	chr2	232347455	232347551	DNA/hAT-Charlie	1020	-	48	232347503	81078
chr2	213880953	214080953	harbor2	chr2	213914106	213914369	DNA/hAT-Charlie	871	-	132	213914238	33285
chr2	134937452	135137452	harbor2	chr2	134949308	134949495	DNA/hAT-Charlie	893	-	94	134949402	11950
chr2	134937452	135137452	harbor2	chr2	134999325	134999602	DNA/hAT-Charlie	849	-	138	134999463	62011
chr2	134937452	135137452	harbor2	chr2	135012137	135012316	DNA/hAT-Charlie	927	-	90	135012227	74775
chr2	199006957	199206957	harbor2	chr2	199069222	199069404	DNA/hAT-Charlie	939	-	91	199069313	62356
chr2	177353826	177553826	harbor2	chr2	177356356	177356553	DNA/hAT-Charlie	808	-	98	177356454	2628
chr2	177353826	177553826	harbor2	chr2	177374662	177374846	DNA/hAT-Charlie	1022	-	92	177374754	20928
chr2	177353826	177553826	harbor2	chr2	177391562	177391751	DNA/hAT-Charlie	677	-	94	177391656	37830
chr2	177353826	177553826	harbor2	chr2	177389493	177389673	DNA/hAT-Charlie	839	-	90	177389583	35757
chr2	72253737	72453737	harbor2	chr2	72295442	72295534	DNA/hAT-Charlie	442	-	46	72295488	41751
chr2	72253737	72453737	harbor2	chr2	72347507	72347804	DNA/hAT-Charlie	1066	-	148	72347655	93918
chr2	197029951	197229951	harbor2	chr2	197128815	197129044	DNA/hAT-Charlie	862	-	114	197128929	98978
chr2	132934362	133134362	harbor2	chr2	132942262	132942458	DNA/hAT-Charlie	894	-	98	132942360	7998
chr2	220743709	220943709	harbor2	chr2	220777489	220777656	DNA/hAT-Charlie	545	-	84	220777573	33864
chr2	220743709	220943709	harbor2	chr2	220777667	220777846	DNA/hAT-Charlie	817	-	90	220777757	34048
chr2	220743709	220943709	harbor2	chr2	220783276	220783608	DNA/hAT-Charlie	791	-	166	220783442	39733
chr2	220743709	220943709	harbor2	chr2	220787055	220787254	DNA/hAT-Charlie	643	-	100	220787155	43446
chr2	13955983	14155983	harbor2	chr2	13987164	13987497	DNA/hAT-Charlie	1887	-	166	13987330	31347
chr2	157174367	157374367	harbor2	chr2	157174261	157174562	DNA/hAT-Charlie	601	-	150	157174411	44
chr2	157174367	157374367	harbor2	chr2	157202864	157203085	DNA/hAT-Charlie	1043	-	110	157202974	28607
chr2	157174367	157374367	harbor2	chr2	157265729	157265942	DNA/hAT-Charlie	427	-	106	157265835	91468
chr2	180190418	180390418	harbor2	chr2	180211721	180211916	DNA/hAT-Charlie	784	-	98	180211819	21401
chr2	180190418	180390418	harbor2	chr2	180243526	180243669	DNA/hAT-Charlie	767	-	72	180243598	53180
chr2	180190418	180390418	harbor2	chr2	180244019	180244070	DNA/hAT-Charlie	767	-	26	180244045	53627
chr2	180190418	180390418	harbor2	chr2	180246803	180246978	DNA/hAT-Charlie	670	-	88	180246891	56473
chr2	180190418	180390418	harbor2	chr2	180264697	180264807	DNA/hAT-Charlie	459	-	55	180264752	74334
chr2	180190418	180390418	harbor2	chr2	180264907	180265595	DNA/hAT-Charlie	1635	-	344	180265251	74833
chr2	180190418	180390418	harbor2	chr2	180287524	180287810	DNA/hAT-Charlie	1193	-	143	180287667	97249
chr2	210938248	211138248	harbor2	chr2	210987728	210987882	DNA/hAT-Charlie	433	-	77	210987805	49557
chr2	214228839	214428839	harbor2	chr2	214324954	214325150	DNA/hAT-Charlie	517	-	98	214325052	96213
chr2	214228839	214428839	harbor2	chr2	214325206	214325360	DNA/hAT-Charlie	566	-	77	214325283	96444
chr2	70597744	70797744	harbor2	chr2	70627550	70627762	DNA/hAT-Charlie	909	-	106	70627656	29912
chr2	70597744	70797744	harbor2	chr2	70679270	70679417	DNA/hAT-Charlie	591	-	74	70679344	81600
chr2	70597744	70797744	harbor2	chr2	70692781	70692923	DNA/hAT-Charlie	599	-	71	70692852	95108
chr2	235445541	235645541	harbor2	chr2	235456480	235456617	DNA/hAT-Charlie	450	-	68	235456548	11007
chr2	235445541	235645541	harbor2	chr2	235466375	235466564	DNA/hAT-Charlie	877	-	94	235466469	20928
chr2	235445541	235645541	harbor2	chr2	235484130	235484354	DNA/hAT-Charlie	1601	-	112	235484242	38701
chr2	235445541	235645541	harbor2	chr2	235500286	235500462	DNA/hAT-Charlie	576	-	88	235500374	54833
chr2	235445541	235645541	harbor2	chr2	235513158	235513238	DNA/hAT-Charlie	470	-	40	235513198	67657
chr2	235445541	235645541	harbor2	chr2	235513551	235513677	DNA/hAT-Charlie	470	-	63	235513614	68073
chr2	124433387	124633387	harbor2	chr2	124522542	124522645	DNA/hAT-Charlie	555	-	52	124522594	89207
chr2	124433387	124633387	harbor2	chr2	124530921	124531418	DNA/hAT-Charlie	3319	-	248	124531169	97782
chr2	226416283	226616283	harbor2	chr2	226426984	226427238	DNA/hAT-Charlie	469	-	127	226427111	10828
chr2	226416283	226616283	harbor2	chr2	226427486	226427658	DNA/hAT-Charlie	544	-	86	226427572	11289
chr2	226416283	226616283	harbor2	chr2	226468447	226468670	DNA/hAT-Charlie	938	-	112	226468559	52276
chr2	223711393	223911393	harbor2	chr2	223741843	223741971	DNA/hAT-Charlie	543	-	64	223741907	30514
chr2	223711393	223911393	harbor2	chr2	223749707	223749912	DNA/hAT-Charlie	404	-	102	223749809	38416
chr2	223711393	223911393	harbor2	chr2	223765811	223765983	DNA/hAT-Charlie	637	-	86	223765897	54504
chr2	240927621	241127621	harbor2	chr2	241019846	241020010	DNA/hAT-Charlie	568	-	82	241019928	92307
chr2	72744643	72944643	harbor2	chr2	72773604	72774212	DNA/hAT-Charlie	2464	-	304	72773908	29265
chr2	72744643	72944643	harbor2	chr2	72781448	72781663	DNA/hAT-Charlie	994	-	108	72781556	36913
chr2	229317158	229517158	harbor2	chr2	229336632	229336734	DNA/hAT-Charlie	469	-	51	229336683	19525
chr2	229317158	229517158	harbor2	chr2	229337076	229337122	DNA/hAT-Charlie	469	-	23	229337099	19941
chr2	229317158	229517158	harbor2	chr2	229352398	229352663	DNA/hAT-Charlie	1387	-	132	229352530	35372
chr2	229317158	229517158	harbor2	chr2	229353072	229353124	DNA/hAT-Charlie	1387	-	26	229353098	35940
chr2	241108461	241308461	harbor2	chr2	241109811	241109994	DNA/hAT-Charlie	925	-	92	241109903	1442
chr2	241108461	241308461	harbor2	chr2	241180291	241180527	DNA/hAT-Charlie	1367	-	118	241180409	71948
chr2	228801323	229001323	harbor2	chr2	228843356	228843475	DNA/hAT-Charlie	1703	-	60	228843416	42093
chr2	228801323	229001323	harbor2	chr2	228843993	228844343	DNA/hAT-Charlie	1703	-	175	228844168	42845
chr2	228801323	229001323	harbor2	chr2	228857810	228857982	DNA/hAT-Charlie	672	-	86	228857896	56573
chr2	228801323	229001323	harbor2	chr2	228884520	228884676	DNA/hAT-Charlie	611	-	78	228884598	83275
chr2	205106837	205306837	harbor2	chr2	205181443	205181652	DNA/hAT-Charlie	992	-	104	205181547	74710
chr2	238482499	238682499	harbor2	chr2	238505828	238506120	DNA/hAT-Charlie	1583	-	146	238505974	23475
chr2	238482499	238682499	harbor2	chr2	238512600	238512799	DNA/hAT-Charlie	960	-	100	238512700	30201
chr2	222917583	223117583	harbor2	chr2	222946377	222946480	DNA/hAT-Charlie	579	-	52	222946429	28846
chr2	222917583	223117583	harbor2	chr2	222973487	222973690	DNA/hAT-Charlie	895	-	102	222973589	56006
chr2	222917583	223117583	harbor2	chr2	222983686	222983787	DNA/hAT-Charlie	724	-	50	222983736	66153
chr2	222917583	223117583	harbor2	chr2	222984100	222984176	DNA/hAT-Charlie	724	-	38	222984138	66555
chr2	222917583	223117583	harbor2	chr2	223009291	223009427	DNA/hAT-Charlie	479	-	68	223009359	91776
chr2	222917583	223117583	harbor2	chr2	223010274	223010441	DNA/hAT-Charlie	754	-	84	223010358	92775
chr2	190765097	190965097	harbor2	chr2	190803814	190803997	DNA/hAT-Charlie	935	-	92	190803906	38809
chr2	190765097	190965097	harbor2	chr2	190838412	190838574	DNA/hAT-Charlie	737	-	81	190838493	73396
chr2	141673041	141873041	harbor2	chr2	141699151	141699304	DNA/hAT-Charlie	497	-	76	141699227	26186
chr2	141673041	141873041	harbor2	chr2	141761285	141761960	DNA/hAT-Charlie	1274	-	338	141761623	88582
chr2	177490086	177690086	harbor2	chr2	177563159	177563280	DNA/hAT-Charlie	532	-	60	177563219	73133
chr2	177490086	177690086	harbor2	chr2	177564703	177564832	DNA/hAT-Charlie	465	-	64	177564767	74681
chr2	241859547	242059547	harbor2	chr2	241912640	241912977	DNA/hAT-Charlie	734	-	168	241912808	53261
chr2	49297297	49497297	harbor2	chr2	49297768	49298002	DNA/hAT-Charlie	702	-	117	49297885	588
chr2	49297297	49497297	harbor2	chr2	49310184	49310379	DNA/hAT-Charlie	771	-	98	49310282	12985
chr2	49297297	49497297	harbor2	chr2	49335045	49335383	DNA/hAT-Charlie	670	-	169	49335214	37917
chr2	49297297	49497297	harbor2	chr2	49366507	49366679	DNA/hAT-Charlie	439	-	86	49366593	69296
chr2	49297297	49497297	harbor2	chr2	49373642	49373785	DNA/hAT-Charlie	493	-	72	49373714	76417
chr2	49297297	49497297	harbor2	chr2	49382308	49382518	DNA/hAT-Charlie	816	-	105	49382413	85116
chr2	209531007	209731007	harbor2	chr2	209586646	209586804	DNA/hAT-Charlie	834	-	79	209586725	55718
chr2	209531007	209731007	harbor2	chr2	209590294	209590342	DNA/hAT-Charlie	542	-	24	209590318	59311
chr2	209531007	209731007	harbor2	chr2	209590635	209590780	DNA/hAT-Charlie	542	-	72	209590707	59700
chr2	209531007	209731007	harbor2	chr2	209592119	209592366	DNA/hAT-Charlie	1007	-	124	209592243	61236
chr2	209531007	209731007	harbor2	chr2	209623127	209623337	DNA/hAT-Charlie	867	-	105	209623232	92225
chr2	175635640	175835640	harbor2	chr2	175731857	175731987	DNA/hAT-Charlie	735	-	65	175731922	96282
chr2	175515290	175715290	harbor2	chr2	175525034	175525216	DNA/hAT-Charlie	958	-	91	175525125	9835
chr2	175515290	175715290	harbor2	chr2	175526685	175526846	DNA/hAT-Charlie	890	-	80	175526765	11475
chr2	175515290	175715290	harbor2	chr2	175536689	175536786	DNA/hAT-Charlie	557	-	48	175536737	21447
chr2	175515290	175715290	harbor2	chr2	175577786	175578110	DNA/hAT-Charlie	678	-	162	175577948	62658
chr2	175515290	175715290	harbor2	chr2	175611128	175611273	DNA/hAT-Charlie	632	-	72	175611200	95910
chr2	175515290	175715290	harbor2	chr2	175613458	175613670	DNA/hAT-Charlie	537	-	106	175613564	98274
chr2	84989646	85189646	harbor2	chr2	84995843	84996262	DNA/hAT-Charlie	907	-	210	84996053	6407
chr2	84989646	85189646	harbor2	chr2	85000543	85000767	DNA/hAT-Charlie	461	-	112	85000655	11009
chr2	84989646	85189646	harbor2	chr2	85001460	85001708	DNA/hAT-Charlie	783	-	124	85001584	11938
chr2	84989646	85189646	harbor2	chr2	85011786	85011988	DNA/hAT-Charlie	875	-	101	85011887	22241
chr2	84989646	85189646	harbor2	chr2	85089475	85089629	DNA/hAT-Charlie	459	-	77	85089552	99906
chr2	149596618	149796618	harbor2	chr2	149628583	149628877	DNA/hAT-Charlie	1392	-	147	149628730	32112
chr2	149596618	149796618	harbor2	chr2	149636736	149636890	DNA/hAT-Charlie	644	-	77	149636813	40195
chr2	215840333	216040333	harbor2	chr2	215847669	215847762	DNA/hAT-Charlie	514	-	46	215847715	7382
chr2	215840333	216040333	harbor2	chr2	215848189	215848367	DNA/hAT-Charlie	514	-	89	215848278	7945
chr2	215840333	216040333	harbor2	chr2	215848400	215848627	DNA/hAT-Charlie	900	-	114	215848514	8181
chr2	215840333	216040333	harbor2	chr2	215879756	215880255	DNA/hAT-Charlie	3810	-	250	215880006	39673
chr2	215840333	216040333	harbor2	chr2	215904808	215904937	DNA/hAT-Charlie	496	-	64	215904872	64539
chr2	215840333	216040333	harbor2	chr2	215905192	215905318	DNA/hAT-Charlie	496	-	63	215905255	64922
chr2	215840333	216040333	harbor2	chr2	215933354	215933560	DNA/hAT-Charlie	1047	-	103	215933457	93124
chr2	233170747	233370747	harbor2	chr2	233212892	233213081	DNA/hAT-Charlie	505	-	94	233212986	42239
chr2	233170747	233370747	harbor2	chr2	233227878	233228057	DNA/hAT-Charlie	597	-	90	233227968	57221
chr2	197048463	197248463	harbor2	chr2	197128815	197129044	DNA/hAT-Charlie	862	-	114	197128929	80466
chr2	192071854	192271854	harbor2	chr2	192074564	192074710	DNA/hAT-Charlie	882	-	73	192074637	2783
chr2	192071854	192271854	harbor2	chr2	192082265	192082421	DNA/hAT-Charlie	411	-	78	192082343	10489
chr2	192071854	192271854	harbor2	chr2	192119060	192119923	DNA/hAT-Charlie	3764	-	432	192119492	47638
chr2	192071854	192271854	harbor2	chr2	192121547	192121676	DNA/hAT-Charlie	470	-	64	192121611	49757
chr2	192071854	192271854	harbor2	chr2	192138395	192138550	DNA/hAT-Charlie	681	-	78	192138473	66619
chr2	232405183	232605183	harbor2	chr2	232411580	232411631	DNA/hAT-Charlie	3950	-	26	232411606	6423
chr2	232405183	232605183	harbor2	chr2	232412241	232413803	DNA/hAT-Charlie	3950	-	781	232413022	7839
chr2	232405183	232605183	harbor2	chr2	232414100	232414449	DNA/hAT-Charlie	3950	-	174	232414274	9091
chr2	232405183	232605183	harbor2	chr2	232414768	232414973	DNA/hAT-Charlie	3950	-	102	232414870	9687
chr2	232405183	232605183	harbor2	chr2	232453144	232453328	DNA/hAT-Charlie	545	-	92	232453236	48053
chr2	232405183	232605183	harbor2	chr2	232460934	232461252	DNA/hAT-Charlie	501	-	159	232461093	55910
chr2	232405183	232605183	harbor2	chr2	232462289	232463506	DNA/hAT-Charlie	3374	-	608	232462897	57714
chr2	232405183	232605183	harbor2	chr2	232463804	232463899	DNA/hAT-Charlie	3374	-	48	232463852	58669
chr2	223624939	223824939	harbor2	chr2	223694585	223694750	DNA/hAT-Charlie	586	-	82	223694667	69728
chr2	223624939	223824939	harbor2	chr2	223696754	223696846	DNA/hAT-Charlie	423	-	46	223696800	71861
chr2	223624939	223824939	harbor2	chr2	223706919	223707092	DNA/hAT-Charlie	510	-	86	223707005	82066
chr2	230038502	230238502	harbor2	chr2	230091064	230091215	DNA/hAT-Charlie	745	-	76	230091140	52638
chr2	207938153	208138153	harbor2	chr2	208002785	208002899	DNA/hAT-Charlie	505	-	57	208002842	64689
chr2	207938153	208138153	harbor2	chr2	208027755	208027902	DNA/hAT-Charlie	416	-	74	208027829	89676
chr2	146617968	146817968	harbor2	chr2	146679537	146679945	DNA/hAT-Charlie	1241	-	204	146679741	61773
chr2	146617968	146817968	harbor2	chr2	146680259	146680476	DNA/hAT-Charlie	490	-	108	146680367	62399
chr2	214947276	215147276	harbor2	chr2	214986141	214986372	DNA/hAT-Charlie	495	-	116	214986257	38981
chr2	214947276	215147276	harbor2	chr2	214998647	214998803	DNA/hAT-Charlie	637	-	78	214998725	51449
chr2	214947276	215147276	harbor2	chr2	215039422	215039473	DNA/hAT-Charlie	1534	-	26	215039448	92172
chr2	214947276	215147276	harbor2	chr2	215040075	215040193	DNA/hAT-Charlie	530	-	59	215040134	92858
chr2	214947276	215147276	harbor2	chr2	215039791	215040077	DNA/hAT-Charlie	1534	-	143	215039934	92658
chr2	169728161	169928161	harbor2	chr2	169729669	169729891	DNA/hAT-Charlie	1002	-	111	169729780	1619
chr2	169728161	169928161	harbor2	chr2	169730197	169730391	DNA/hAT-Charlie	1002	-	97	169730294	2133
chr2	169728161	169928161	harbor2	chr2	169730527	169730546	DNA/hAT-Charlie	1002	-	10	169730537	2376
chr2	169728161	169928161	harbor2	chr2	169730838	169730883	DNA/hAT-Charlie	1002	-	22	169730860	2699
chr2	169728161	169928161	harbor2	chr2	169813037	169813124	DNA/hAT-Charlie	761	-	44	169813081	84920
chr2	169728161	169928161	harbor2	chr2	169813429	169813506	DNA/hAT-Charlie	761	-	38	169813467	85306
chr2	220648732	220848732	harbor2	chr2	220689878	220690215	DNA/hAT-Charlie	1844	-	168	220690046	41314
chr2	54896789	55096789	harbor2	chr2	54943669	54943934	DNA/hAT-Charlie	889	-	132	54943801	47012
chr2	54896789	55096789	harbor2	chr2	54966602	54966767	DNA/hAT-Charlie	852	-	82	54966684	69895
chr2	54896789	55096789	harbor2	chr2	54967732	54968022	DNA/hAT-Charlie	1798	-	145	54967877	71088
chr2	54896789	55096789	harbor2	chr2	54975482	54975675	DNA/hAT-Charlie	757	-	96	54975578	78789
chr2	54896789	55096789	harbor2	chr2	54976386	54976593	DNA/hAT-Charlie	442	-	104	54976490	79701
chr2	54896789	55096789	harbor2	chr2	54986319	54986522	DNA/hAT-Charlie	909	-	102	54986421	89632
chr2	187646878	187846878	harbor2	chr2	187708940	187709036	DNA/hAT-Charlie	441	-	48	187708988	62110
chr2	234615400	234815400	harbor2	chr2	234662450	234662667	DNA/hAT-Charlie	926	-	108	234662558	47158
chr2	238096677	238296677	harbor2	chr2	238187797	238188012	DNA/hAT-Charlie	1196	-	108	238187905	91228
chr2	231737676	231937676	harbor2	chr2	231758732	231758886	DNA/hAT-Charlie	1015	-	77	231758809	21133
chr2	101324815	101524815	harbor2	chr2	101354717	101354850	DNA/hAT-Charlie	494	-	66	101354783	29968
chr2	101324815	101524815	harbor2	chr2	101364237	101364463	DNA/hAT-Charlie	1178	-	113	101364350	39535
chr2	101324815	101524815	harbor2	chr2	101423940	101424034	DNA/hAT-Charlie	429	-	47	101423987	99172
chr2	199135002	199335002	harbor2	chr2	199151357	199151529	DNA/hAT-Charlie	945	-	86	199151443	16441
chr2	199135002	199335002	harbor2	chr2	199164067	199164242	DNA/hAT-Charlie	587	-	88	199164155	29153
chr2	199135002	199335002	harbor2	chr2	199220162	199220337	DNA/hAT-Charlie	871	-	88	199220250	85248
chr2	25668844	25868844	harbor2	chr2	25678436	25678635	DNA/hAT-Charlie	852	-	100	25678536	9692
chr2	25668844	25868844	harbor2	chr2	25728021	25728041	DNA/hAT-Charlie	1200	-	10	25728031	59187
chr2	25668844	25868844	harbor2	chr2	25728081	25728227	DNA/hAT-Charlie	1200	-	73	25728154	59310
chr2	25668844	25868844	harbor2	chr2	25728536	25728749	DNA/hAT-Charlie	1200	-	106	25728642	59798
chr2	25668844	25868844	harbor2	chr2	25756652	25756867	DNA/hAT-Charlie	804	-	108	25756760	87916
chr2	25668844	25868844	harbor2	chr2	25764329	25764560	DNA/hAT-Charlie	1386	-	116	25764445	95601
chr2	224586360	224786360	harbor2	chr2	224587535	224587816	DNA/hAT-Charlie	487	-	140	224587675	1315
chr2	224586360	224786360	harbor2	chr2	224608648	224608965	DNA/hAT-Charlie	1339	-	158	224608806	22446
chr2	224586360	224786360	harbor2	chr2	224612015	224612218	DNA/hAT-Charlie	1095	-	102	224612117	25757
chr2	224586360	224786360	harbor2	chr2	224645255	224645561	DNA/hAT-Charlie	484	-	153	224645408	59048
chr2	224586360	224786360	harbor2	chr2	224657727	224657846	DNA/hAT-Charlie	458	-	60	224657787	71427
chr2	170347697	170547697	harbor2	chr2	170390730	170390958	DNA/hAT-Charlie	656	-	114	170390844	43147
chr2	170347697	170547697	harbor2	chr2	170422763	170422969	DNA/hAT-Charlie	836	-	103	170422866	75169
chr2	170347697	170547697	harbor2	chr2	170423283	170423329	DNA/hAT-Charlie	836	-	23	170423306	75609
chr2	220072649	220272649	harbor2	chr2	220074602	220074770	DNA/hAT-Charlie	429	-	84	220074686	2037
chr2	220072649	220272649	harbor2	chr2	220155960	220156094	DNA/hAT-Charlie	469	-	67	220156027	83378
chr2	195630835	195830835	harbor2	chr2	195641381	195641682	DNA/hAT-Charlie	1241	-	150	195641531	10696
chr2	195630835	195830835	harbor2	chr2	195673597	195673769	DNA/hAT-Charlie	534	-	86	195673683	42848
chr2	195630835	195830835	harbor2	chr2	195702978	195703080	DNA/hAT-Charlie	444	-	51	195703029	72194
chr2	211421627	211621627	harbor2	chr2	211456621	211456941	DNA/hAT-Charlie	1668	-	160	211456781	35154
chr2	211421627	211621627	harbor2	chr2	211470661	211470766	DNA/hAT-Charlie	498	-	52	211470713	49086
chr2	211421627	211621627	harbor2	chr2	211472764	211472872	DNA/hAT-Charlie	599	-	54	211472818	51191
chr2	211421627	211621627	harbor2	chr2	211479063	211479249	DNA/hAT-Charlie	842	-	93	211479156	57529
chr2	199218118	199418118	harbor2	chr2	199220162	199220337	DNA/hAT-Charlie	871	-	88	199220250	2132
chr2	199218118	199418118	harbor2	chr2	199273225	199273387	DNA/hAT-Charlie	522	-	81	199273306	55188
chr2	199218118	199418118	harbor2	chr2	199278299	199278492	DNA/hAT-Charlie	759	-	96	199278395	60277
chr2	199218118	199418118	harbor2	chr2	199283418	199283598	DNA/hAT-Charlie	728	-	90	199283508	65390
chr2	199218118	199418118	harbor2	chr2	199303528	199303721	DNA/hAT-Charlie	1099	-	96	199303624	85506
chr2	199218118	199418118	harbor2	chr2	199304444	199304672	DNA/hAT-Charlie	887	-	114	199304558	86440
chr2	186979665	187179665	harbor2	chr2	187070924	187071121	DNA/hAT-Charlie	887	-	98	187071022	91357
chr2	140898307	141098307	harbor2	chr2	140901892	140902199	DNA/hAT-Charlie	1145	-	154	140902046	3739
chr2	140898307	141098307	harbor2	chr2	140977775	140977940	DNA/hAT-Charlie	613	-	82	140977857	79550
chr2	220695013	220895013	harbor2	chr2	220777489	220777656	DNA/hAT-Charlie	545	-	84	220777573	82560
chr2	220695013	220895013	harbor2	chr2	220777667	220777846	DNA/hAT-Charlie	817	-	90	220777757	82744
chr2	220695013	220895013	harbor2	chr2	220783276	220783608	DNA/hAT-Charlie	791	-	166	220783442	88429
chr2	220695013	220895013	harbor2	chr2	220787055	220787254	DNA/hAT-Charlie	643	-	100	220787155	92142
chr2	68858427	69058427	harbor2	chr2	68934297	68934518	DNA/hAT-Charlie	1045	-	110	68934407	75980
chr2	68858427	69058427	harbor2	chr2	68948269	68948462	DNA/hAT-Charlie	796	-	96	68948365	89938
chr2	162794510	162994510	harbor2	chr2	162801998	162802176	DNA/hAT-Charlie	832	-	89	162802087	7577
chr2	162794510	162994510	harbor2	chr2	162802548	162802813	DNA/hAT-Charlie	920	-	132	162802680	8170
chr2	162794510	162994510	harbor2	chr2	162882377	162882439	DNA/hAT-Charlie	414	-	31	162882408	87898
chr2	162794510	162994510	harbor2	chr2	162882928	162883088	DNA/hAT-Charlie	414	-	80	162883008	88498
chr2	208872417	209072417	harbor2	chr2	208936000	208936301	DNA/hAT-Charlie	565	-	150	208936150	63733
chr2	219826320	220026320	harbor2	chr2	219828228	219828374	DNA/hAT-Charlie	565	-	73	219828301	1981
chr2	219826320	220026320	harbor2	chr2	219830412	219830540	DNA/hAT-Charlie	587	-	64	219830476	4156
chr2	219826320	220026320	harbor2	chr2	219842162	219842611	DNA/hAT-Charlie	776	-	224	219842386	16066
chr2	219826320	220026320	harbor2	chr2	219888113	219888269	DNA/hAT-Charlie	844	-	78	219888191	61871
chr2	219826320	220026320	harbor2	chr2	219920517	219920649	DNA/hAT-Charlie	768	-	66	219920583	94263
chr2	219826320	220026320	harbor2	chr2	219921051	219921078	DNA/hAT-Charlie	768	-	14	219921065	94745
chr2	119331641	119531641	harbor2	chr2	119369456	119369505	DNA/hAT-Charlie	574	-	24	119369480	37839
chr2	119331641	119531641	harbor2	chr2	119369798	119369941	DNA/hAT-Charlie	574	-	72	119369870	38229
chr2	119331641	119531641	harbor2	chr2	119415957	119416092	DNA/hAT-Charlie	527	-	68	119416025	84384
chr2	119331641	119531641	harbor2	chr2	119416414	119416454	DNA/hAT-Charlie	527	-	20	119416434	84793
chr2	119331641	119531641	harbor2	chr2	119424818	119425004	DNA/hAT-Charlie	435	-	93	119424911	93270
chr2	119331641	119531641	harbor2	chr2	119425582	119425620	DNA/hAT-Charlie	435	-	19	119425601	93960
chr2	174899698	175099698	harbor2	chr2	174920706	174921202	DNA/hAT-Charlie	3352	-	248	174920954	21256
chr2	174899698	175099698	harbor2	chr2	174934008	174934553	DNA/hAT-Charlie	3883	-	272	174934280	34582
chr2	174899698	175099698	harbor2	chr2	174961630	174961928	DNA/hAT-Charlie	1300	-	149	174961779	62081
chr2	174899698	175099698	harbor2	chr2	174964176	174964360	DNA/hAT-Charlie	601	-	92	174964268	64570
chr2	174899698	175099698	harbor2	chr2	174977091	174977240	DNA/hAT-Charlie	656	-	74	174977165	77467
chr2	174899698	175099698	harbor2	chr2	174995392	174995746	DNA/hAT-Charlie	2028	-	177	174995569	95871
chr2	223706650	223906650	harbor2	chr2	223706919	223707092	DNA/hAT-Charlie	510	-	86	223707005	355
chr2	223706650	223906650	harbor2	chr2	223741843	223741971	DNA/hAT-Charlie	543	-	64	223741907	35257
chr2	223706650	223906650	harbor2	chr2	223749707	223749912	DNA/hAT-Charlie	404	-	102	223749809	43159
chr2	223706650	223906650	harbor2	chr2	223765811	223765983	DNA/hAT-Charlie	637	-	86	223765897	59247
chr2	115472111	115672111	harbor2	chr2	115472318	115472602	DNA/hAT-Charlie	676	-	142	115472460	349
chr2	115472111	115672111	harbor2	chr2	115489102	115489298	DNA/hAT-Charlie	886	-	98	115489200	17089
chr2	115472111	115672111	harbor2	chr2	115514583	115514790	DNA/hAT-Charlie	821	-	104	115514687	42576
chr2	115472111	115672111	harbor2	chr2	115530729	115530904	DNA/hAT-Charlie	680	-	88	115530817	58706
chr2	228327938	228527938	harbor2	chr2	228358734	228358855	DNA/hAT-Charlie	413	-	60	228358794	30856
chr2	228327938	228527938	harbor2	chr2	228377473	228377715	DNA/hAT-Charlie	564	-	121	228377594	49656
chr2	133457274	133657274	harbor2	chr2	133473376	133473579	DNA/hAT-Charlie	882	-	102	133473478	16204
chr2	133457274	133657274	harbor2	chr2	133474752	133474800	DNA/hAT-Charlie	434	-	24	133474776	17502
chr2	133457274	133657274	harbor2	chr2	133475109	133475245	DNA/hAT-Charlie	434	-	68	133475177	17903
chr2	133457274	133657274	harbor2	chr2	133478761	133479017	DNA/hAT-Charlie	424	-	128	133478889	21615
chr2	133457274	133657274	harbor2	chr2	133528415	133528562	DNA/hAT-Charlie	563	-	74	133528489	71215
chr2	133457274	133657274	harbor2	chr2	133532739	133532900	DNA/hAT-Charlie	559	-	80	133532819	75545
chr2	133457274	133657274	harbor2	chr2	133533129	133533362	DNA/hAT-Charlie	590	-	116	133533245	75971
chr2	142280076	142480076	harbor2	chr2	142280112	142280280	DNA/hAT-Charlie	545	-	84	142280196	120
chr2	217110449	217310449	harbor2	chr2	217172273	217172418	DNA/hAT-Charlie	579	-	72	217172345	61896
chr2	217110449	217310449	harbor2	chr2	217197622	217197717	DNA/hAT-Charlie	414	-	48	217197670	87221
chr2	217110449	217310449	harbor2	chr2	217198226	217198333	DNA/hAT-Charlie	465	-	54	217198280	87831
chr2	208269806	208469806	harbor2	chr2	208282765	208283128	DNA/hAT-Charlie	2115	-	182	208282947	13141
chr2	208269806	208469806	harbor2	chr2	208297883	208298198	DNA/hAT-Charlie	1232	-	158	208298041	28235
chr2	178161413	178361413	harbor2	chr2	178228233	178228253	DNA/hAT-Charlie	1695	-	10	178228243	66830
chr2	178161413	178361413	harbor2	chr2	178228554	178228904	DNA/hAT-Charlie	1695	-	175	178228729	67316
chr2	178161413	178361413	harbor2	chr2	178229331	178229456	DNA/hAT-Charlie	540	-	62	178229393	67980
chr2	178161413	178361413	harbor2	chr2	178237606	178237811	DNA/hAT-Charlie	1125	-	102	178237708	76295
chr2	178161413	178361413	harbor2	chr2	178252255	178252465	DNA/hAT-Charlie	994	-	105	178252360	90947
chr2	230188101	230388101	harbor2	chr2	230233484	230233995	DNA/hAT-Charlie	1876	-	256	230233740	45639
chr2	231803450	232003450	harbor2	chr2	231851569	231851837	DNA/hAT-Charlie	1553	-	134	231851703	48253
chr2	145008898	145208898	harbor2	chr2	145013810	145014103	DNA/hAT-Charlie	867	-	146	145013956	5058
chr2	145008898	145208898	harbor2	chr2	145031642	145032095	DNA/hAT-Charlie	1174	-	226	145031868	22970
chr2	230141723	230341723	harbor2	chr2	230233484	230233995	DNA/hAT-Charlie	1876	-	256	230233740	92017
chr2	183753159	183953159	harbor2	chr2	183769752	183769879	DNA/hAT-Charlie	428	-	64	183769816	16657
chr2	183753159	183953159	harbor2	chr2	183769884	183769990	DNA/hAT-Charlie	483	-	53	183769937	16778
chr2	149577102	149777102	harbor2	chr2	149580809	149580954	DNA/hAT-Charlie	746	-	72	149580881	3779
chr2	149577102	149777102	harbor2	chr2	149628583	149628877	DNA/hAT-Charlie	1392	-	147	149628730	51628
chr2	149577102	149777102	harbor2	chr2	149636736	149636890	DNA/hAT-Charlie	644	-	77	149636813	59711
chr2	150982019	151182019	harbor2	chr2	150994703	150995237	DNA/hAT-Charlie	674	-	267	150994970	12951
chr2	173003780	173203780	harbor2	chr2	173032144	173032363	DNA/hAT-Charlie	745	-	110	173032254	28474
chr2	148151022	148351022	harbor2	chr2	148179772	148179942	DNA/hAT-Charlie	405	-	85	148179857	28835
chr2	148151022	148351022	harbor2	chr2	148194947	148195102	DNA/hAT-Charlie	639	-	78	148195025	44003
chr2	148151022	148351022	harbor2	chr2	148213667	148214143	DNA/hAT-Charlie	1227	-	238	148213905	62883
chr2	148151022	148351022	harbor2	chr2	148214168	148214484	DNA/hAT-Charlie	1330	-	158	148214326	63304
chr2	217681055	217881055	harbor2	chr2	217734610	217734623	DNA/hAT-Charlie	1791	-	6	217734616	53561
chr2	217681055	217881055	harbor2	chr2	217734998	217735307	DNA/hAT-Charlie	1791	-	154	217735152	54097
chr2	217681055	217881055	harbor2	chr2	217751567	217751758	DNA/hAT-Charlie	545	-	96	217751663	70608
chr2	217681055	217881055	harbor2	chr2	217762127	217762461	DNA/hAT-Charlie	2298	-	167	217762294	81239
chr2	192948548	193148548	harbor2	chr2	192999319	192999630	DNA/hAT-Charlie	1639	-	156	192999475	50927
chr2	239223067	239423067	harbor2	chr2	239300305	239300500	DNA/hAT-Charlie	637	-	98	239300403	77336
chr2	239618147	239818147	harbor2	chr2	239626312	239626525	DNA/hAT-Charlie	897	-	106	239626418	8271
chr2	239618147	239818147	harbor2	chr2	239697248	239697766	DNA/hAT-Charlie	3232	-	259	239697507	79360
chr2	239618147	239818147	harbor2	chr2	239698393	239698835	DNA/hAT-Charlie	1255	-	221	239698614	80467
chr2	239618147	239818147	harbor2	chr2	239700490	239701420	DNA/hAT-Charlie	3648	-	465	239700955	82808
chr2	131964762	132164762	harbor2	chr2	132056923	132057109	DNA/hAT-Charlie	532	-	93	132057016	92254
chr2	202939107	203139107	harbor2	chr2	202963467	202963997	DNA/hAT-Charlie	3727	-	265	202963732	24625
chr2	202939107	203139107	harbor2	chr2	203001575	203001769	DNA/hAT-Charlie	993	-	97	203001672	62565
chr2	202939107	203139107	harbor2	chr2	203013546	203013702	DNA/hAT-Charlie	723	-	78	203013624	74517
chr2	202939107	203139107	harbor2	chr2	203024969	203025111	DNA/hAT-Charlie	417	-	71	203025040	85933
chr2	202939107	203139107	harbor2	chr2	202981101	202981416	DNA/hAT-Charlie	1507	-	158	202981259	42152
chr2	225089496	225289496	harbor2	chr2	225116673	225116801	DNA/hAT-Charlie	648	-	64	225116737	27241
chr2	225089496	225289496	harbor2	chr2	225181302	225181586	DNA/hAT-Charlie	1136	-	142	225181444	91948
chr2	142599861	142799861	harbor2	chr2	142624906	142625202	DNA/hAT-Charlie	1282	-	148	142625054	25193
chr2	142599861	142799861	harbor2	chr2	142639818	142640079	DNA/hAT-Charlie	1278	-	130	142639948	40087
chr2	142599861	142799861	harbor2	chr2	142640301	142640864	DNA/hAT-Charlie	1166	-	282	142640583	40722
chr2	142599861	142799861	harbor2	chr2	142643485	142643627	DNA/hAT-Charlie	1276	-	71	142643556	43695
chr2	142599861	142799861	harbor2	chr2	142643932	142644593	DNA/hAT-Charlie	1276	-	330	142644262	44401
chr2	142599861	142799861	harbor2	chr2	142638805	142639526	DNA/hAT-Charlie	1278	-	360	142639165	39304
chr2	151993138	152193138	harbor2	chr2	152046942	152046961	DNA/hAT-Charlie	1098	-	10	152046952	53814
chr2	151993138	152193138	harbor2	chr2	152048095	152048286	DNA/hAT-Charlie	1098	-	96	152048191	55053
chr2	151993138	152193138	harbor2	chr2	152063676	152063971	DNA/hAT-Charlie	667	-	148	152063824	70686
chr2	151993138	152193138	harbor2	chr2	152079850	152079971	DNA/hAT-Charlie	546	-	60	152079910	86772
chr2	43066399	43266399	harbor2	chr2	43070520	43070718	DNA/hAT-Charlie	505	-	99	43070619	4220
chr2	43066399	43266399	harbor2	chr2	43126015	43126233	DNA/hAT-Charlie	1255	-	109	43126124	59725
chr2	209610584	209810584	harbor2	chr2	209623127	209623337	DNA/hAT-Charlie	867	-	105	209623232	12648
chr2	209610584	209810584	harbor2	chr2	209675230	209675633	DNA/hAT-Charlie	754	-	202	209675432	64848
chr2	191225204	191425204	harbor2	chr2	191312687	191312843	DNA/hAT-Charlie	603	-	78	191312765	87561
chr2	189716195	189916195	harbor2	chr2	189742116	189742271	DNA/hAT-Charlie	745	-	78	189742194	25999
chr2	189716195	189916195	harbor2	chr2	189788572	189788870	DNA/hAT-Charlie	1048	-	149	189788721	72526
chr2	189716195	189916195	harbor2	chr2	189793242	189793418	DNA/hAT-Charlie	647	-	88	189793330	77135
chr2	162607381	162807381	harbor2	chr2	162614142	162614370	DNA/hAT-Charlie	608	-	114	162614256	6875
chr2	162607381	162807381	harbor2	chr2	162634959	162635144	DNA/hAT-Charlie	807	-	92	162635051	27670
chr2	162607381	162807381	harbor2	chr2	162638927	162639163	DNA/hAT-Charlie	877	-	118	162639045	31664
chr2	162607381	162807381	harbor2	chr2	162652362	162652738	DNA/hAT-Charlie	1601	-	188	162652550	45169
chr2	162607381	162807381	harbor2	chr2	162664153	162664321	DNA/hAT-Charlie	429	-	84	162664237	56856
chr2	205344147	205544147	harbor2	chr2	205370234	205370402	DNA/hAT-Charlie	432	-	84	205370318	26171
chr2	205344147	205544147	harbor2	chr2	205430396	205430595	DNA/hAT-Charlie	789	-	100	205430496	86349
chr2	217835737	218035737	harbor2	chr2	217853987	217854128	DNA/hAT-Charlie	416	-	70	217854057	18320
chr2	224856958	225056958	harbor2	chr2	224863101	224863320	DNA/hAT-Charlie	995	-	110	224863211	6253
chr2	224856958	225056958	harbor2	chr2	224873084	224873294	DNA/hAT-Charlie	438	-	105	224873189	16231
chr2	224856958	225056958	harbor2	chr2	224873620	224873669	DNA/hAT-Charlie	438	-	24	224873644	16686
chr2	224856958	225056958	harbor2	chr2	224928238	224928552	DNA/hAT-Charlie	926	-	157	224928395	71437
chr2	224856958	225056958	harbor2	chr2	224948630	224948774	DNA/hAT-Charlie	408	-	72	224948702	91744
chr2	80661486	80861486	harbor2	chr2	80663313	80663530	DNA/hAT-Charlie	688	-	108	80663421	1935
chr2	80661486	80861486	harbor2	chr2	80683749	80684100	DNA/hAT-Charlie	2092	-	176	80683925	22439
chr2	80661486	80861486	harbor2	chr2	80707308	80707433	DNA/hAT-Charlie	478	-	62	80707370	45884
chr2	80661486	80861486	harbor2	chr2	80722852	80723067	DNA/hAT-Charlie	663	-	108	80722960	61474
chr2	80661486	80861486	harbor2	chr2	80742256	80742385	DNA/hAT-Charlie	484	-	64	80742320	80834
chr2	73432808	73632808	harbor2	chr2	73444703	73445102	DNA/hAT-Charlie	496	-	200	73444903	12095
chr2	73432808	73632808	harbor2	chr2	73445400	73445587	DNA/hAT-Charlie	496	-	94	73445494	12686
chr2	148756488	148956488	harbor2	chr2	148800361	148800588	DNA/hAT-Charlie	642	-	114	148800475	43987
chr2	148756488	148956488	harbor2	chr2	148800914	148801014	DNA/hAT-Charlie	642	-	50	148800964	44476
chr2	148756488	148956488	harbor2	chr2	148813302	148813489	DNA/hAT-Charlie	773	-	94	148813396	56908
chr2	148756488	148956488	harbor2	chr2	148833041	148833203	DNA/hAT-Charlie	964	-	81	148833122	76634
chr2	148756488	148956488	harbor2	chr2	148815865	148816063	DNA/hAT-Charlie	774	-	99	148815964	59476
chr2	76765084	76965084	harbor2	chr2	76794678	76794891	DNA/hAT-Charlie	617	-	106	76794784	29700
chr2	235997299	236197299	harbor2	chr2	235997994	235998146	DNA/hAT-Charlie	513	-	76	235998070	771
chr2	235997299	236197299	harbor2	chr2	236072819	236072992	DNA/hAT-Charlie	946	-	86	236072905	75606
chr2	235997299	236197299	harbor2	chr2	236073295	236073401	DNA/hAT-Charlie	946	-	53	236073348	76049
chr2	152751904	152951904	harbor2	chr2	152846457	152846640	DNA/hAT-Charlie	907	-	92	152846549	94645
chr2	181856323	182056323	harbor2	chr2	181933588	181933755	DNA/hAT-Charlie	648	-	84	181933672	77349
chr2	178194991	178394991	harbor2	chr2	178228233	178228253	DNA/hAT-Charlie	1695	-	10	178228243	33252
chr2	178194991	178394991	harbor2	chr2	178228554	178228904	DNA/hAT-Charlie	1695	-	175	178228729	33738
chr2	178194991	178394991	harbor2	chr2	178229331	178229456	DNA/hAT-Charlie	540	-	62	178229393	34402
chr2	178194991	178394991	harbor2	chr2	178237606	178237811	DNA/hAT-Charlie	1125	-	102	178237708	42717
chr2	178194991	178394991	harbor2	chr2	178252255	178252465	DNA/hAT-Charlie	994	-	105	178252360	57369
chr3	135737425	135937425	harbor2	chr3	135782265	135782410	DNA/hAT-Charlie	503	-	72	135782337	44912
chr3	135737425	135937425	harbor2	chr3	135798585	135798773	DNA/hAT-Charlie	945	-	94	135798679	61254
chr3	135737425	135937425	harbor2	chr3	135809796	135809932	DNA/hAT-Charlie	789	-	68	135809864	72439
chr3	157350228	157550228	harbor2	chr3	157351605	157351776	DNA/hAT-Charlie	732	-	86	157351691	1463
chr3	157350228	157550228	harbor2	chr3	157372685	157372951	DNA/hAT-Charlie	670	-	133	157372818	22590
chr3	157350228	157550228	harbor2	chr3	157385375	157386468	DNA/hAT-Charlie	4117	-	546	157385921	35693
chr3	157350228	157550228	harbor2	chr3	157386708	157386962	DNA/hAT-Charlie	1156	-	127	157386835	36607
chr3	157350228	157550228	harbor2	chr3	157387703	157387886	DNA/hAT-Charlie	544	-	92	157387795	37567
chr3	157350228	157550228	harbor2	chr3	157392517	157392739	DNA/hAT-Charlie	1562	-	111	157392628	42400
chr3	157350228	157550228	harbor2	chr3	157430571	157430710	DNA/hAT-Charlie	587	-	70	157430641	80413
chr3	157350228	157550228	harbor2	chr3	157351785	157351993	DNA/hAT-Charlie	911	-	104	157351889	1661
chr3	159804571	160004571	harbor2	chr3	159848626	159848786	DNA/hAT-Charlie	463	-	80	159848706	44135
chr3	159804571	160004571	harbor2	chr3	159855467	159855672	DNA/hAT-Charlie	399	-	102	159855569	50998
chr3	159804571	160004571	harbor2	chr3	159866907	159867065	DNA/hAT-Charlie	756	-	79	159866986	62415
chr3	159804571	160004571	harbor2	chr3	159880534	159880732	DNA/hAT-Charlie	657	-	99	159880633	76062
chr3	159804571	160004571	harbor2	chr3	159894061	159894236	DNA/hAT-Charlie	760	-	88	159894149	89578
chr3	159804571	160004571	harbor2	chr3	159898402	159898565	DNA/hAT-Charlie	853	-	82	159898484	93913
chr3	176067346	176267346	harbor2	chr3	176082975	176083201	DNA/hAT-Charlie	941	-	113	176083088	15742
chr3	176067346	176267346	harbor2	chr3	176083501	176083761	DNA/hAT-Charlie	941	-	130	176083631	16285
chr3	176067346	176267346	harbor2	chr3	176083813	176084001	DNA/hAT-Charlie	509	-	94	176083907	16561
chr3	176067346	176267346	harbor2	chr3	176114822	176114956	DNA/hAT-Charlie	542	-	67	176114889	47543
chr3	107716305	107916305	harbor2	chr3	107750904	107751067	DNA/hAT-Charlie	737	-	82	107750986	34681
chr3	107716305	107916305	harbor2	chr3	107798743	107798868	DNA/hAT-Charlie	1403	-	62	107798805	82500
chr3	107716305	107916305	harbor2	chr3	107799183	107799283	DNA/hAT-Charlie	1403	-	50	107799233	82928
chr3	55922194	56122194	harbor2	chr3	55923809	55923943	DNA/hAT-Charlie	498	-	67	55923876	1682
chr3	55922194	56122194	harbor2	chr3	55924227	55924436	DNA/hAT-Charlie	915	-	104	55924331	2137
chr3	55922194	56122194	harbor2	chr3	55962276	55962535	DNA/hAT-Charlie	958	-	130	55962406	40212
chr3	55922194	56122194	harbor2	chr3	56016516	56016660	DNA/hAT-Charlie	451	-	72	56016588	94394
chr3	167855307	168055307	harbor2	chr3	167856760	167857026	DNA/hAT-Charlie	1240	-	133	167856893	1586
chr3	167855307	168055307	harbor2	chr3	167863423	167863651	DNA/hAT-Charlie	1509	-	114	167863537	8230
chr3	167855307	168055307	harbor2	chr3	167894607	167894736	DNA/hAT-Charlie	402	-	64	167894671	39364
chr3	167855307	168055307	harbor2	chr3	167908458	167908636	DNA/hAT-Charlie	515	-	89	167908547	53240
chr3	167855307	168055307	harbor2	chr3	167920791	167920975	DNA/hAT-Charlie	1136	-	92	167920883	65576
chr3	167855307	168055307	harbor2	chr3	167927696	167927841	DNA/hAT-Charlie	568	-	72	167927768	72461
chr3	167855307	168055307	harbor2	chr3	167928140	167928182	DNA/hAT-Charlie	568	-	21	167928161	72854
chr3	167855307	168055307	harbor2	chr3	167932252	167932523	DNA/hAT-Charlie	2141	-	136	167932388	77081
chr3	167855307	168055307	harbor2	chr3	167932827	167933225	DNA/hAT-Charlie	2141	-	199	167933026	77719
chr3	167855307	168055307	harbor2	chr3	167933211	167934322	DNA/hAT-Charlie	3582	-	556	167933767	78460
chr3	167855307	168055307	harbor2	chr3	167940470	167941068	DNA/hAT-Charlie	1865	-	299	167940769	85462
chr3	175369911	175569911	harbor2	chr3	175402204	175402349	DNA/hAT-Charlie	420	-	72	175402276	32365
chr3	175369911	175569911	harbor2	chr3	175441474	175441632	DNA/hAT-Charlie	804	-	79	175441553	71642
chr3	114928816	115128816	harbor2	chr3	114985829	114986012	DNA/hAT-Charlie	942	-	92	114985921	57105
chr3	114928816	115128816	harbor2	chr3	114994443	114994992	DNA/hAT-Charlie	2338	-	274	114994717	65901
chr3	198026190	198226190	harbor2	chr3	198074291	198074515	DNA/hAT-Charlie	503	-	112	198074403	48213
chr3	186053468	186253468	harbor2	chr3	186061197	186061368	DNA/hAT-Charlie	1016	-	86	186061283	7815
chr3	186053468	186253468	harbor2	chr3	186061378	186061553	DNA/hAT-Charlie	1014	-	88	186061466	7998
chr3	186053468	186253468	harbor2	chr3	186121308	186121671	DNA/hAT-Charlie	1451	-	182	186121490	68022
chr3	158110215	158310215	harbor2	chr3	158115429	158116794	DNA/hAT-Charlie	6105	-	682	158116111	5896
chr3	158110215	158310215	harbor2	chr3	158147850	158148063	DNA/hAT-Charlie	469	-	106	158147956	37741
chr3	158110215	158310215	harbor2	chr3	158205693	158205726	DNA/hAT-Charlie	724	-	16	158205709	95494
chr3	158110215	158310215	harbor2	chr3	158205727	158205940	DNA/hAT-Charlie	1503	-	106	158205833	95618
chr3	158110215	158310215	harbor2	chr3	158205941	158206107	DNA/hAT-Charlie	724	-	83	158206024	95809
chr3	196283785	196483785	harbor2	chr3	196286523	196286632	DNA/hAT-Charlie	440	-	54	196286577	2792
chr3	196283785	196483785	harbor2	chr3	196286934	196287004	DNA/hAT-Charlie	440	-	35	196286969	3184
chr3	196283785	196483785	harbor2	chr3	196288891	196289101	DNA/hAT-Charlie	1254	-	105	196288996	5211
chr3	196283785	196483785	harbor2	chr3	196292432	196292721	DNA/hAT-Charlie	1147	-	144	196292576	8791
chr3	151071040	151271040	harbor2	chr3	151078984	151079118	DNA/hAT-Charlie	465	-	67	151079051	8011
chr3	151071040	151271040	harbor2	chr3	151091313	151091479	DNA/hAT-Charlie	654	-	83	151091396	20356
chr3	151071040	151271040	harbor2	chr3	151099278	151099640	DNA/hAT-Charlie	1381	-	181	151099459	28419
chr3	151071040	151271040	harbor2	chr3	151100918	151101108	DNA/hAT-Charlie	656	-	95	151101013	29973
chr3	151071040	151271040	harbor2	chr3	151112406	151112552	DNA/hAT-Charlie	549	-	73	151112479	41439
chr3	151071040	151271040	harbor2	chr3	151170796	151171031	DNA/hAT-Charlie	474	-	118	151170914	99874
chr3	138051657	138251657	harbor2	chr3	138070522	138070704	DNA/hAT-Charlie	524	-	91	138070613	18956
chr3	138051657	138251657	harbor2	chr3	138077974	138078152	DNA/hAT-Charlie	557	-	89	138078063	26406
chr3	138051657	138251657	harbor2	chr3	138078774	138078946	DNA/hAT-Charlie	608	-	86	138078860	27203
chr3	138051657	138251657	harbor2	chr3	138078953	138079125	DNA/hAT-Charlie	909	-	86	138079039	27382
chr3	138051657	138251657	harbor2	chr3	138119643	138119694	DNA/hAT-Charlie	1404	-	26	138119669	68012
chr3	138051657	138251657	harbor2	chr3	138120004	138120377	DNA/hAT-Charlie	1404	-	186	138120190	68533
chr3	138051657	138251657	harbor2	chr3	138122015	138122171	DNA/hAT-Charlie	401	-	78	138122093	70436
chr3	194279864	194479864	harbor2	chr3	194307474	194307643	DNA/hAT-Charlie	903	-	84	194307558	27694
chr3	194279864	194479864	harbor2	chr3	194316111	194316290	DNA/hAT-Charlie	751	-	90	194316201	36337
chr3	194279864	194479864	harbor2	chr3	194333041	194333440	DNA/hAT-Charlie	610	-	200	194333241	53377
chr3	194279864	194479864	harbor2	chr3	194371671	194371855	DNA/hAT-Charlie	774	-	92	194371763	91899
chr3	194279864	194479864	harbor2	chr3	194371891	194371910	DNA/hAT-Charlie	774	-	10	194371901	92037
chr3	77365189	77565189	harbor2	chr3	77389293	77389483	DNA/hAT-Charlie	783	-	95	77389388	24199
chr3	77365189	77565189	harbor2	chr3	77438687	77438784	DNA/hAT-Charlie	487	-	48	77438735	73546
chr3	187273367	187473367	harbor2	chr3	187279077	187279455	DNA/hAT-Charlie	562	-	189	187279266	5899
chr3	187273367	187473367	harbor2	chr3	187289572	187289699	DNA/hAT-Charlie	508	-	64	187289636	16269
chr3	187273367	187473367	harbor2	chr3	187339640	187339840	DNA/hAT-Charlie	863	-	100	187339740	66373
chr3	189944963	190144963	harbor2	chr3	189958497	189958699	DNA/hAT-Charlie	653	-	101	189958598	13635
chr3	189944963	190144963	harbor2	chr3	189958989	189959011	DNA/hAT-Charlie	653	-	11	189959000	14037
chr3	189944963	190144963	harbor2	chr3	189975831	189976249	DNA/hAT-Charlie	1005	-	209	189976040	31077
chr3	189944963	190144963	harbor2	chr3	189976593	189976802	DNA/hAT-Charlie	1005	-	104	189976697	31734
chr3	189944963	190144963	harbor2	chr3	189998760	189999070	DNA/hAT-Charlie	1832	-	155	189998915	53952
chr3	189944963	190144963	harbor2	chr3	190022711	190022832	DNA/hAT-Charlie	531	-	60	190022771	77808
chr3	189944963	190144963	harbor2	chr3	190023126	190023197	DNA/hAT-Charlie	531	-	36	190023162	78199
chr3	189944963	190144963	harbor2	chr3	190032769	190033302	DNA/hAT-Charlie	3397	-	266	190033035	88072
chr3	150526410	150726410	harbor2	chr3	150537734	150537890	DNA/hAT-Charlie	761	-	78	150537812	11402
chr3	150526410	150726410	harbor2	chr3	150554471	150554657	DNA/hAT-Charlie	925	-	93	150554564	28154
chr3	193056224	193256224	harbor2	chr3	193056580	193056745	DNA/hAT-Charlie	5289	-	82	193056662	438
chr3	193056224	193256224	harbor2	chr3	193057049	193058699	DNA/hAT-Charlie	5289	-	825	193057874	1650
chr3	193056224	193256224	harbor2	chr3	193058933	193059079	DNA/hAT-Charlie	441	-	73	193059006	2782
chr3	193056224	193256224	harbor2	chr3	193080185	193080352	DNA/hAT-Charlie	735	-	84	193080269	24045
chr3	193056224	193256224	harbor2	chr3	193080652	193080728	DNA/hAT-Charlie	735	-	38	193080690	24466
chr3	193056224	193256224	harbor2	chr3	193081823	193081895	DNA/hAT-Charlie	499	-	36	193081859	25635
chr3	193056224	193256224	harbor2	chr3	193082136	193082298	DNA/hAT-Charlie	499	-	81	193082217	25993
chr3	193056224	193256224	harbor2	chr3	193089150	193089307	DNA/hAT-Charlie	482	-	78	193089228	33004
chr3	193056224	193256224	harbor2	chr3	193123458	193123667	DNA/hAT-Charlie	525	-	104	193123562	67338
chr3	168263475	168463475	harbor2	chr3	168295146	168295327	DNA/hAT-Charlie	1059	-	90	168295236	31761
chr3	168263475	168463475	harbor2	chr3	168311558	168311805	DNA/hAT-Charlie	896	-	124	168311682	48207
chr3	168263475	168463475	harbor2	chr3	168313771	168313906	DNA/hAT-Charlie	548	-	68	168313839	50364
chr3	168263475	168463475	harbor2	chr3	168342131	168342353	DNA/hAT-Charlie	821	-	111	168342242	78767
chr3	168263475	168463475	harbor2	chr3	168343123	168343255	DNA/hAT-Charlie	769	-	66	168343189	79714
chr3	168263475	168463475	harbor2	chr3	168356434	168356604	DNA/hAT-Charlie	514	-	85	168356519	93044
chr3	169137252	169337252	harbor2	chr3	169176011	169176236	DNA/hAT-Charlie	1092	-	112	169176123	38871
chr3	169137252	169337252	harbor2	chr3	169181246	169181450	DNA/hAT-Charlie	824	-	102	169181348	44096
chr3	169137252	169337252	harbor2	chr3	169221994	169222160	DNA/hAT-Charlie	863	-	83	169222077	84825
chr3	129380109	129580109	harbor2	chr3	129413886	129414085	DNA/hAT-Charlie	467	-	100	129413986	33877
chr3	129380109	129580109	harbor2	chr3	129417394	129417584	DNA/hAT-Charlie	1077	-	95	129417489	37380
chr3	129380109	129580109	harbor2	chr3	129440684	129441124	DNA/hAT-Charlie	897	-	220	129440904	60795
chr3	129380109	129580109	harbor2	chr3	129441683	129442162	DNA/hAT-Charlie	1208	-	240	129441923	61814
chr3	26115753	26315753	harbor2	chr3	26165578	26165724	DNA/hAT-Charlie	756	-	73	26165651	49898
chr3	26115753	26315753	harbor2	chr3	26203946	26204110	DNA/hAT-Charlie	809	-	82	26204028	88275
chr3	145842706	146042706	harbor2	chr3	145860123	145860962	DNA/hAT-Charlie	4189	-	420	145860543	17837
chr3	145842706	146042706	harbor2	chr3	145861259	145861832	DNA/hAT-Charlie	4189	-	286	145861545	18839
chr3	165833534	166033534	harbor2	chr3	165854807	165854928	DNA/hAT-Charlie	600	-	60	165854867	21333
chr3	165833534	166033534	harbor2	chr3	165857057	165857566	DNA/hAT-Charlie	1635	-	254	165857311	23777
chr3	49054887	49254887	harbor2	chr3	49064719	49064734	DNA/hAT-Charlie	1356	-	8	49064727	9840
chr3	49054887	49254887	harbor2	chr3	49065038	49065138	DNA/hAT-Charlie	1356	-	50	49065088	10201
chr3	49054887	49254887	harbor2	chr3	49065446	49065678	DNA/hAT-Charlie	1356	-	116	49065562	10675
chr3	174557268	174757268	harbor2	chr3	174558280	174558786	DNA/hAT-Charlie	3389	-	253	174558533	1265
chr3	174557268	174757268	harbor2	chr3	174570976	174571135	DNA/hAT-Charlie	691	-	80	174571056	13788
chr3	174557268	174757268	harbor2	chr3	174596447	174596613	DNA/hAT-Charlie	781	-	83	174596530	39262
chr3	174557268	174757268	harbor2	chr3	174639671	174639953	DNA/hAT-Charlie	738	-	141	174639812	82544
chr3	174557268	174757268	harbor2	chr3	174647317	174647631	DNA/hAT-Charlie	506	-	157	174647474	90206
chr3	174557268	174757268	harbor2	chr3	174650294	174650542	DNA/hAT-Charlie	491	-	124	174650418	93150
chr3	137121287	137321287	harbor2	chr3	137132590	137133233	DNA/hAT-Charlie	1929	-	322	137132912	11625
chr3	137121287	137321287	harbor2	chr3	137153881	137154109	DNA/hAT-Charlie	546	-	114	137153995	32708
chr3	137121287	137321287	harbor2	chr3	137206450	137207948	DNA/hAT-Charlie	3713	-	749	137207199	85912
chr3	137121287	137321287	harbor2	chr3	137208249	137208489	DNA/hAT-Charlie	3713	-	120	137208369	87082
chr3	137121287	137321287	harbor2	chr3	137208512	137208915	DNA/hAT-Charlie	802	-	202	137208714	87427
chr3	186785198	186985198	harbor2	chr3	186802780	186802990	DNA/hAT-Charlie	572	-	105	186802885	17687
chr3	197809322	198009322	harbor2	chr3	197829850	197830032	DNA/hAT-Charlie	849	-	91	197829941	20619
chr3	197809322	198009322	harbor2	chr3	197861264	197861427	DNA/hAT-Charlie	744	-	82	197861346	52024
chr3	197809322	198009322	harbor2	chr3	197884040	197884145	DNA/hAT-Charlie	459	-	52	197884092	74770
chr3	115871018	116071018	harbor2	chr3	115910291	115910418	DNA/hAT-Charlie	437	-	64	115910355	39337
chr3	115871018	116071018	harbor2	chr3	115942622	115942800	DNA/hAT-Charlie	399	-	89	115942711	71693
chr3	88889054	89089054	harbor2	chr3	88966115	88966330	DNA/hAT-Charlie	1106	-	108	88966223	77169
chr3	194006829	194206829	harbor2	chr3	194016669	194016952	DNA/hAT-Charlie	981	-	142	194016811	9982
chr3	194006829	194206829	harbor2	chr3	194019557	194019737	DNA/hAT-Charlie	542	-	90	194019647	12818
chr3	194006829	194206829	harbor2	chr3	194033797	194033967	DNA/hAT-Charlie	419	-	85	194033882	27053
chr3	194006829	194206829	harbor2	chr3	194034305	194034487	DNA/hAT-Charlie	822	-	91	194034396	27567
chr3	194006829	194206829	harbor2	chr3	194052557	194052646	DNA/hAT-Charlie	484	-	44	194052601	45772
chr3	194006829	194206829	harbor2	chr3	194060041	194060193	DNA/hAT-Charlie	685	-	76	194060117	53288
chr3	194006829	194206829	harbor2	chr3	194094455	194094694	DNA/hAT-Charlie	1140	-	120	194094575	87746
chr3	194006829	194206829	harbor2	chr3	194094989	194095055	DNA/hAT-Charlie	1140	-	33	194095022	88193
chr3	194006829	194206829	harbor2	chr3	194103259	194103400	DNA/hAT-Charlie	640	-	70	194103329	96500
chr3	174325597	174525597	harbor2	chr3	174356674	174356899	DNA/hAT-Charlie	1057	-	112	174356786	31189
chr3	141405871	141605871	harbor2	chr3	141433353	141433492	DNA/hAT-Charlie	622	-	70	141433423	27552
chr3	141405871	141605871	harbor2	chr3	141433550	141433900	DNA/hAT-Charlie	1690	-	175	141433725	27854
chr3	141405871	141605871	harbor2	chr3	141436316	141436503	DNA/hAT-Charlie	544	-	94	141436410	30539
chr3	141405871	141605871	harbor2	chr3	141436798	141436907	DNA/hAT-Charlie	544	-	54	141436852	30981
chr3	176116167	176316167	harbor2	chr3	176173041	176173105	DNA/hAT-Charlie	441	-	32	176173073	56906
chr3	176116167	176316167	harbor2	chr3	176173493	176173622	DNA/hAT-Charlie	441	-	64	176173557	57390
chr3	176116167	176316167	harbor2	chr3	176195751	176195962	DNA/hAT-Charlie	744	-	106	176195857	79690
chr3	176116167	176316167	harbor2	chr3	176197275	176197479	DNA/hAT-Charlie	979	-	102	176197377	81210
chr3	176116167	176316167	harbor2	chr3	176193477	176193602	DNA/hAT-Charlie	394	-	62	176193539	77372
chr3	170366424	170566424	harbor2	chr3	170371662	170371807	DNA/hAT-Charlie	761	-	72	170371734	5310
chr3	170366424	170566424	harbor2	chr3	170431437	170431594	DNA/hAT-Charlie	714	-	78	170431515	65091
chr3	170366424	170566424	harbor2	chr3	170435604	170435893	DNA/hAT-Charlie	1441	-	144	170435748	69324
chr3	170366424	170566424	harbor2	chr3	170437743	170437898	DNA/hAT-Charlie	857	-	78	170437821	71397
chr3	170366424	170566424	harbor2	chr3	170449856	170450357	DNA/hAT-Charlie	1542	-	250	170450106	83682
chr3	170366424	170566424	harbor2	chr3	170450663	170450883	DNA/hAT-Charlie	1542	-	110	170450773	84349
chr3	170366424	170566424	harbor2	chr3	170451342	170451550	DNA/hAT-Charlie	512	-	104	170451446	85022
chr3	188647536	188847536	harbor2	chr3	188663690	188664020	DNA/hAT-Charlie	1849	-	165	188663855	16319
chr3	188647536	188847536	harbor2	chr3	188709742	188710026	DNA/hAT-Charlie	661	-	142	188709884	62348
chr3	118156705	118356705	harbor2	chr3	118178173	118178335	DNA/hAT-Charlie	559	-	81	118178254	21549
chr3	118156705	118356705	harbor2	chr3	118205982	118206164	DNA/hAT-Charlie	565	-	91	118206073	49368
chr3	118156705	118356705	harbor2	chr3	118255028	118255149	DNA/hAT-Charlie	415	-	60	118255088	98383
chr3	197318617	197518617	harbor2	chr3	197361969	197362178	DNA/hAT-Charlie	1023	-	104	197362073	43456
chr3	197318617	197518617	harbor2	chr3	197417340	197417528	DNA/hAT-Charlie	533	-	94	197417434	98817
chr3	105864673	106064673	harbor2	chr3	105884171	105884348	DNA/hAT-Charlie	880	-	88	105884259	19586
chr3	105864673	106064673	harbor2	chr3	105962896	105962981	DNA/hAT-Charlie	419	-	42	105962938	98265
chr3	191350027	191550027	harbor2	chr3	191416529	191416717	DNA/hAT-Charlie	612	-	94	191416623	66596
chr3	146521192	146721192	harbor2	chr3	146532325	146532488	DNA/hAT-Charlie	537	-	82	146532407	11215
chr3	146521192	146721192	harbor2	chr3	146538942	146539464	DNA/hAT-Charlie	3673	-	261	146539203	18011
chr3	146521192	146721192	harbor2	chr3	146545442	146548021	DNA/hAT-Charlie	17788	-	1290	146546732	25540
chr3	146521192	146721192	harbor2	chr3	146550685	146550871	DNA/hAT-Charlie	640	-	93	146550778	29586
chr3	146521192	146721192	harbor2	chr3	146587085	146587238	DNA/hAT-Charlie	618	-	76	146587161	65969
chr3	146521192	146721192	harbor2	chr3	146613178	146613329	DNA/hAT-Charlie	594	-	76	146613254	92062
chr3	156431661	156631661	harbor2	chr3	156445366	156445541	DNA/hAT-Charlie	645	-	88	156445454	13793
chr3	156431661	156631661	harbor2	chr3	156480266	156480344	DNA/hAT-Charlie	1282	-	39	156480305	48644
chr3	156431661	156631661	harbor2	chr3	156480559	156480844	DNA/hAT-Charlie	1282	-	142	156480701	49040
chr3	156431661	156631661	harbor2	chr3	156509266	156509375	DNA/hAT-Charlie	437	-	54	156509320	77659
chr3	156431661	156631661	harbor2	chr3	156509452	156509638	DNA/hAT-Charlie	625	-	93	156509545	77884
chr3	156431661	156631661	harbor2	chr3	156526329	156526604	DNA/hAT-Charlie	1140	-	138	156526467	94806
chr3	156431661	156631661	harbor2	chr3	156449029	156450846	DNA/hAT-Charlie	2441	-	908	156449937	18276
chr3	171116709	171316709	harbor2	chr3	171128080	171128271	DNA/hAT-Charlie	1118	-	96	171128176	11467
chr3	171116709	171316709	harbor2	chr3	171174581	171174783	DNA/hAT-Charlie	576	-	101	171174682	57973
chr3	171116709	171316709	harbor2	chr3	171203361	171203680	DNA/hAT-Charlie	514	-	160	171203521	86812
chr3	171116709	171316709	harbor2	chr3	171216546	171216703	DNA/hAT-Charlie	491	-	78	171216624	99915
chr3	142314744	142514744	harbor2	chr3	142402488	142402679	DNA/hAT-Charlie	915	-	96	142402584	87840
chr3	85078702	85278702	harbor2	chr3	85127903	85128101	DNA/hAT-Charlie	903	-	99	85128002	49300
chr3	125027321	125227321	harbor2	chr3	125031900	125032152	DNA/hAT-Charlie	1028	-	126	125032026	4705
chr3	125027321	125227321	harbor2	chr3	125068326	125068507	DNA/hAT-Charlie	986	-	90	125068416	41095
chr3	125027321	125227321	harbor2	chr3	125110544	125110700	DNA/hAT-Charlie	631	-	78	125110622	83301
chr3	125027321	125227321	harbor2	chr3	125112816	125112920	DNA/hAT-Charlie	471	-	52	125112868	85547
chr3	193545693	193745693	harbor2	chr3	193595920	193596125	DNA/hAT-Charlie	427	-	102	193596022	50329
chr3	193545693	193745693	harbor2	chr3	193633580	193633841	DNA/hAT-Charlie	1156	-	130	193633710	88017
chr3	187042236	187242236	harbor2	chr3	187046745	187046949	DNA/hAT-Charlie	1076	-	102	187046847	4611
chr3	187042236	187242236	harbor2	chr3	187127325	187127395	DNA/hAT-Charlie	479	-	35	187127360	85124
chr3	187042236	187242236	harbor2	chr3	187136724	187136923	DNA/hAT-Charlie	979	-	100	187136824	94588
chr3	187042236	187242236	harbor2	chr3	187137846	187137959	DNA/hAT-Charlie	979	-	56	187137902	95666
chr3	122843372	123043372	harbor2	chr3	122847890	122848112	DNA/hAT-Charlie	857	-	111	122848001	4629
chr3	122843372	123043372	harbor2	chr3	122924020	122924214	DNA/hAT-Charlie	499	-	97	122924117	80745
chr3	122843372	123043372	harbor2	chr3	122925273	122925387	DNA/hAT-Charlie	1405	-	57	122925330	81958
chr3	122843372	123043372	harbor2	chr3	122925700	122925810	DNA/hAT-Charlie	1405	-	55	122925755	82383
chr3	122843372	123043372	harbor2	chr3	122942659	122942829	DNA/hAT-Charlie	764	-	85	122942744	99372
chr3	67611370	67811370	harbor2	chr3	67621023	67621184	DNA/hAT-Charlie	998	-	80	67621103	9733
chr3	67611370	67811370	harbor2	chr3	67640089	67640272	DNA/hAT-Charlie	630	-	92	67640181	28811
chr3	67611370	67811370	harbor2	chr3	67668476	67668691	DNA/hAT-Charlie	818	-	108	67668584	57214
chr3	67611370	67811370	harbor2	chr3	67669031	67669076	DNA/hAT-Charlie	818	-	22	67669053	57683
chr3	67611370	67811370	harbor2	chr3	67688247	67688424	DNA/hAT-Charlie	687	-	88	67688335	76965
chr3	67611370	67811370	harbor2	chr3	67688734	67688853	DNA/hAT-Charlie	464	-	60	67688794	77424
chr3	178343339	178543339	harbor2	chr3	178347103	178347771	DNA/hAT-Charlie	2927	-	334	178347437	4098
chr3	141073010	141273010	harbor2	chr3	141075522	141075651	DNA/hAT-Charlie	750	-	64	141075586	2576
chr3	141073010	141273010	harbor2	chr3	141081145	141081342	DNA/hAT-Charlie	596	-	98	141081243	8233
chr3	141073010	141273010	harbor2	chr3	141124836	141124970	DNA/hAT-Charlie	647	-	67	141124903	51893
chr3	141073010	141273010	harbor2	chr3	141146433	141146494	DNA/hAT-Charlie	432	-	30	141146463	73453
chr3	141073010	141273010	harbor2	chr3	141146789	141146972	DNA/hAT-Charlie	432	-	92	141146881	73871
chr3	159535986	159735986	harbor2	chr3	159535956	159536165	DNA/hAT-Charlie	907	-	104	159536060	74
chr3	159535986	159735986	harbor2	chr3	159587080	159587237	DNA/hAT-Charlie	427	-	78	159587158	51172
chr3	159535986	159735986	harbor2	chr3	159606151	159606456	DNA/hAT-Charlie	534	-	152	159606303	70317
chr3	159535986	159735986	harbor2	chr3	159616850	159617052	DNA/hAT-Charlie	940	-	101	159616951	80965
chr3	113641073	113841073	harbor2	chr3	113641131	113641657	DNA/hAT-Charlie	5838	-	263	113641394	321
chr3	113641073	113841073	harbor2	chr3	113691925	113692187	DNA/hAT-Charlie	1504	-	131	113692056	50983
chr3	113641073	113841073	harbor2	chr3	113694595	113694762	DNA/hAT-Charlie	1012	-	84	113694679	53606
chr3	113641073	113841073	harbor2	chr3	113695062	113695131	DNA/hAT-Charlie	1012	-	34	113695096	54023
chr3	113641073	113841073	harbor2	chr3	113740151	113740363	DNA/hAT-Charlie	714	-	106	113740257	99184
chr3	113641073	113841073	harbor2	chr3	113737669	113737840	DNA/hAT-Charlie	779	-	86	113737755	96682
chr3	134613723	134813723	harbor2	chr3	134625295	134625470	DNA/hAT-Charlie	524	-	88	134625383	11660
chr3	134613723	134813723	harbor2	chr3	134627574	134627718	DNA/hAT-Charlie	489	-	72	134627646	13923
chr3	134613723	134813723	harbor2	chr3	134653140	134653320	DNA/hAT-Charlie	952	-	90	134653230	39507
chr3	134613723	134813723	harbor2	chr3	134666258	134666389	DNA/hAT-Charlie	410	-	66	134666324	52601
chr3	134613723	134813723	harbor2	chr3	134690195	134690451	DNA/hAT-Charlie	1072	-	128	134690323	76600
chr3	134613723	134813723	harbor2	chr3	134690622	134690743	DNA/hAT-Charlie	761	-	60	134690682	76959
chr3	134613723	134813723	harbor2	chr3	134691049	134691072	DNA/hAT-Charlie	761	-	12	134691061	77338
chr3	134613723	134813723	harbor2	chr3	134691628	134691751	DNA/hAT-Charlie	761	-	62	134691690	77967
chr3	134613723	134813723	harbor2	chr3	134692484	134692693	DNA/hAT-Charlie	926	-	104	134692588	78865
chr3	134613723	134813723	harbor2	chr3	134708062	134708252	DNA/hAT-Charlie	557	-	95	134708157	94434
chr3	115309506	115509506	harbor2	chr3	115335890	115336062	DNA/hAT-Charlie	792	-	86	115335976	26470
chr3	115309506	115509506	harbor2	chr3	115348905	115349122	DNA/hAT-Charlie	581	-	108	115349013	39507
chr3	115309506	115509506	harbor2	chr3	115404279	115404427	DNA/hAT-Charlie	829	-	74	115404353	94847
chr3	193279023	193479023	harbor2	chr3	193313736	193313884	DNA/hAT-Charlie	435	-	74	193313810	34787
chr3	193279023	193479023	harbor2	chr3	193324282	193324438	DNA/hAT-Charlie	738	-	78	193324360	45337
chr3	193279023	193479023	harbor2	chr3	193324519	193324701	DNA/hAT-Charlie	530	-	91	193324610	45587
chr3	193279023	193479023	harbor2	chr3	193377312	193377600	DNA/hAT-Charlie	1035	-	144	193377456	98433
chr3	36333782	36533782	harbor2	chr3	36394147	36394352	DNA/hAT-Charlie	1052	-	102	36394249	60467
chr3	36333782	36533782	harbor2	chr3	36400589	36400755	DNA/hAT-Charlie	786	-	83	36400672	66890
chr3	168884260	169084260	harbor2	chr3	168934214	168934367	DNA/hAT-Charlie	511	-	76	168934290	50030
chr3	111715251	111915251	harbor2	chr3	111761607	111761784	DNA/hAT-Charlie	830	-	88	111761695	46444
chr3	111715251	111915251	harbor2	chr3	111779000	111779169	DNA/hAT-Charlie	899	-	84	111779084	63833
chr3	111715251	111915251	harbor2	chr3	111804020	111804251	DNA/hAT-Charlie	607	-	116	111804136	88885
chr3	111715251	111915251	harbor2	chr3	111807985	111808156	DNA/hAT-Charlie	763	-	86	111808071	92820
chr3	193604971	193804971	harbor2	chr3	193633580	193633841	DNA/hAT-Charlie	1156	-	130	193633710	28739
chr3	193604971	193804971	harbor2	chr3	193646800	193646952	DNA/hAT-Charlie	700	-	76	193646876	41905
chr3	193604971	193804971	harbor2	chr3	193656665	193656914	DNA/hAT-Charlie	610	-	124	193656789	51818
chr3	50719379	50919379	harbor2	chr3	50752967	50753345	DNA/hAT-Charlie	4908	-	189	50753156	33777
chr3	50719379	50919379	harbor2	chr3	50753658	50753903	DNA/hAT-Charlie	4908	-	122	50753780	34401
chr3	50719379	50919379	harbor2	chr3	50754448	50754558	DNA/hAT-Charlie	4908	-	55	50754503	35124
chr3	50719379	50919379	harbor2	chr3	50754859	50755547	DNA/hAT-Charlie	4908	-	344	50755203	35824
chr3	50719379	50919379	harbor2	chr3	50763853	50764244	DNA/hAT-Charlie	1399	-	196	50764049	44670
chr3	110162472	110362472	harbor2	chr3	110245191	110245433	DNA/hAT-Charlie	543	-	121	110245312	82840
chr3	110162472	110362472	harbor2	chr3	110245743	110245782	DNA/hAT-Charlie	517	-	20	110245763	83291
chr3	133058622	133258622	harbor2	chr3	133095362	133095896	DNA/hAT-Charlie	3563	-	267	133095629	37007
chr3	133058622	133258622	harbor2	chr3	133110752	133110937	DNA/hAT-Charlie	912	-	92	133110844	52222
chr3	133058622	133258622	harbor2	chr3	133126532	133126693	DNA/hAT-Charlie	614	-	80	133126612	67990
chr3	133058622	133258622	harbor2	chr3	133126983	133127224	DNA/hAT-Charlie	985	-	120	133127103	68481
chr3	133058622	133258622	harbor2	chr3	133127234	133127359	DNA/hAT-Charlie	561	-	62	133127296	68674
chr3	133058622	133258622	harbor2	chr3	133141920	133142146	DNA/hAT-Charlie	1035	-	113	133142033	83411
chr3	173224997	173424997	harbor2	chr3	173226431	173226617	DNA/hAT-Charlie	968	-	93	173226524	1527
chr3	173224997	173424997	harbor2	chr3	173255981	173256123	DNA/hAT-Charlie	418	-	71	173256052	31055
chr3	169648746	169848746	harbor2	chr3	169669602	169669723	DNA/hAT-Charlie	797	-	60	169669662	20916
chr3	178590644	178790644	harbor2	chr3	178602753	178602916	DNA/hAT-Charlie	565	-	82	178602835	12191
chr3	178590644	178790644	harbor2	chr3	178661448	178661645	DNA/hAT-Charlie	904	-	98	178661546	70902
chr3	178590644	178790644	harbor2	chr3	178670231	178670347	DNA/hAT-Charlie	493	-	58	178670289	79645
chr3	178590644	178790644	harbor2	chr3	178682494	178682645	DNA/hAT-Charlie	399	-	76	178682570	91926
chr3	178590644	178790644	harbor2	chr3	178683501	178683682	DNA/hAT-Charlie	935	-	90	178683591	92947
chr3	172831577	173031577	harbor2	chr3	172872372	172872589	DNA/hAT-Charlie	1066	-	108	172872480	40903
chr3	172831577	173031577	harbor2	chr3	172884319	172884698	DNA/hAT-Charlie	1890	-	190	172884509	52932
chr3	172831577	173031577	harbor2	chr3	172884696	172884820	DNA/hAT-Charlie	446	-	62	172884758	53181
chr3	172831577	173031577	harbor2	chr3	172910393	172910592	DNA/hAT-Charlie	769	-	100	172910493	78916
chr3	193595590	193795590	harbor2	chr3	193595920	193596125	DNA/hAT-Charlie	427	-	102	193596022	432
chr3	193595590	193795590	harbor2	chr3	193633580	193633841	DNA/hAT-Charlie	1156	-	130	193633710	38120
chr3	193595590	193795590	harbor2	chr3	193646800	193646952	DNA/hAT-Charlie	700	-	76	193646876	51286
chr3	193595590	193795590	harbor2	chr3	193656665	193656914	DNA/hAT-Charlie	610	-	124	193656789	61199
chr3	149199458	149399458	harbor2	chr3	149207703	149207880	DNA/hAT-Charlie	561	-	88	149207791	8333
chr3	149199458	149399458	harbor2	chr3	149213914	149214042	DNA/hAT-Charlie	414	-	64	149213978	14520
chr3	149199458	149399458	harbor2	chr3	149242387	149242539	DNA/hAT-Charlie	913	-	76	149242463	43005
chr3	149199458	149399458	harbor2	chr3	149282628	149282787	DNA/hAT-Charlie	668	-	80	149282708	83250
chr3	173403692	173603692	harbor2	chr3	173461972	173462236	DNA/hAT-Charlie	640	-	132	173462104	58412
chr3	47851809	48051809	harbor2	chr3	47913952	47914114	DNA/hAT-Charlie	706	-	81	47914033	62224
chr3	169567198	169767198	harbor2	chr3	169602454	169602674	DNA/hAT-Charlie	1138	-	110	169602564	35366
chr3	169567198	169767198	harbor2	chr3	169611905	169612135	DNA/hAT-Charlie	1273	-	115	169612020	44822
chr3	169567198	169767198	harbor2	chr3	169617351	169617491	DNA/hAT-Charlie	777	-	70	169617421	50223
chr3	169567198	169767198	harbor2	chr3	169631180	169631453	DNA/hAT-Charlie	814	-	136	169631316	64118
chr3	169567198	169767198	harbor2	chr3	169645878	169645977	DNA/hAT-Charlie	439	-	50	169645928	78730
chr3	186072416	186272416	harbor2	chr3	186121308	186121671	DNA/hAT-Charlie	1451	-	182	186121490	49074
chr3	186072416	186272416	harbor2	chr3	186164065	186164201	DNA/hAT-Charlie	442	-	68	186164133	91717
chr3	42417874	42617874	harbor2	chr3	42422896	42422959	DNA/hAT-Charlie	439	-	32	42422928	5054
chr3	42417874	42617874	harbor2	chr3	42423359	42423494	DNA/hAT-Charlie	572	-	68	42423427	5553
chr3	42417874	42617874	harbor2	chr3	42429692	42429832	DNA/hAT-Charlie	645	-	70	42429762	11888
chr3	42417874	42617874	harbor2	chr3	42429869	42429990	DNA/hAT-Charlie	475	-	60	42429929	12055
chr3	42417874	42617874	harbor2	chr3	42468698	42468868	DNA/hAT-Charlie	1301	-	85	42468783	50909
chr3	149640932	149840932	harbor2	chr3	149646303	149646550	DNA/hAT-Charlie	1089	-	124	149646427	5495
chr3	149640932	149840932	harbor2	chr3	149671448	149671877	DNA/hAT-Charlie	1602	-	214	149671662	30730
chr3	149640932	149840932	harbor2	chr3	149672491	149672774	DNA/hAT-Charlie	520	-	142	149672633	31701
chr3	149640932	149840932	harbor2	chr3	149672969	149673093	DNA/hAT-Charlie	572	-	62	149673031	32099
chr3	149640932	149840932	harbor2	chr3	149673243	149673442	DNA/hAT-Charlie	691	-	100	149673343	32411
chr3	149640932	149840932	harbor2	chr3	149673568	149673771	DNA/hAT-Charlie	585	-	102	149673670	32738
chr3	149640932	149840932	harbor2	chr3	149678087	149678355	DNA/hAT-Charlie	1010	-	134	149678221	37289
chr3	149640932	149840932	harbor2	chr3	149724538	149724665	DNA/hAT-Charlie	555	-	64	149724602	83670
chr3	197100462	197300462	harbor2	chr3	197173662	197173819	DNA/hAT-Charlie	858	-	78	197173740	73278
chr3	197100462	197300462	harbor2	chr3	197174098	197174162	DNA/hAT-Charlie	858	-	32	197174130	73668
chr3	173847773	174047773	harbor2	chr3	173874270	173874488	DNA/hAT-Charlie	718	-	109	173874379	26606
chr3	173847773	174047773	harbor2	chr3	173874514	173874686	DNA/hAT-Charlie	823	-	86	173874600	26827
chr3	173847773	174047773	harbor2	chr3	173910164	173910292	DNA/hAT-Charlie	657	-	64	173910228	62455
chr3	159740595	159940595	harbor2	chr3	159776870	159777193	DNA/hAT-Charlie	544	-	162	159777032	36437
chr3	159740595	159940595	harbor2	chr3	159789518	159789691	DNA/hAT-Charlie	991	-	86	159789604	49009
chr3	35692225	35892225	harbor2	chr3	35692731	35692915	DNA/hAT-Charlie	435	-	92	35692823	598
chr3	35692225	35892225	harbor2	chr3	35724434	35724616	DNA/hAT-Charlie	960	-	91	35724525	32300
chr3	35692225	35892225	harbor2	chr3	35752607	35752728	DNA/hAT-Charlie	607	-	60	35752667	60442
chr3	198057526	198257526	harbor2	chr3	198074291	198074515	DNA/hAT-Charlie	503	-	112	198074403	16877
chr3	114185871	114385871	harbor2	chr3	114252890	114253005	DNA/hAT-Charlie	512	-	58	114252948	67077
chr3	114185871	114385871	harbor2	chr3	114253014	114253160	DNA/hAT-Charlie	542	-	73	114253087	67216
chr3	110538434	110738434	harbor2	chr3	110584445	110584644	DNA/hAT-Charlie	849	-	100	110584545	46111
chr3	110538434	110738434	harbor2	chr3	110589374	110589536	DNA/hAT-Charlie	511	-	81	110589455	51021
chr3	110538434	110738434	harbor2	chr3	110598293	110598412	DNA/hAT-Charlie	632	-	60	110598353	59919
chr3	110538434	110738434	harbor2	chr3	110625433	110625628	DNA/hAT-Charlie	617	-	98	110625531	87097
chr3	194544952	194744952	harbor2	chr3	194553437	194553571	DNA/hAT-Charlie	412	-	67	194553504	8552
chr3	194544952	194744952	harbor2	chr3	194602815	194603149	DNA/hAT-Charlie	709	-	167	194602982	58030
chr3	194544952	194744952	harbor2	chr3	194611526	194611643	DNA/hAT-Charlie	534	-	58	194611584	66632
chr3	194544952	194744952	harbor2	chr3	194611677	194611740	DNA/hAT-Charlie	736	-	32	194611709	66757
chr3	194544952	194744952	harbor2	chr3	194612061	194612184	DNA/hAT-Charlie	736	-	62	194612123	67171
chr3	156753933	156953933	harbor2	chr3	156756433	156756646	DNA/hAT-Charlie	753	-	106	156756539	2606
chr3	156753933	156953933	harbor2	chr3	156786053	156786337	DNA/hAT-Charlie	1290	-	142	156786195	32262
chr3	156753933	156953933	harbor2	chr3	156802031	156802198	DNA/hAT-Charlie	824	-	84	156802115	48182
chr3	102504874	102704874	harbor2	chr3	102539287	102539439	DNA/hAT-Charlie	561	-	76	102539363	34489
chr3	174156561	174356561	harbor2	chr3	174159723	174159975	DNA/hAT-Charlie	528	-	126	174159849	3288
chr3	174156561	174356561	harbor2	chr3	174182474	174182624	DNA/hAT-Charlie	735	-	75	174182549	25988
chr3	109314596	109514596	harbor2	chr3	109323955	109324088	DNA/hAT-Charlie	512	-	66	109324021	9425
chr3	109314596	109514596	harbor2	chr3	109356496	109356625	DNA/hAT-Charlie	767	-	64	109356560	41964
chr3	109314596	109514596	harbor2	chr3	109368452	109368746	DNA/hAT-Charlie	1191	-	147	109368599	54003
chr3	109314596	109514596	harbor2	chr3	109370688	109370862	DNA/hAT-Charlie	957	-	87	109370775	56179
chr3	109314596	109514596	harbor2	chr3	109371184	109371393	DNA/hAT-Charlie	957	-	104	109371288	56692
chr3	109314596	109514596	harbor2	chr3	109372245	109372406	DNA/hAT-Charlie	391	-	80	109372325	57729
chr3	165847588	166047588	harbor2	chr3	165854807	165854928	DNA/hAT-Charlie	600	-	60	165854867	7279
chr3	165847588	166047588	harbor2	chr3	165857057	165857566	DNA/hAT-Charlie	1635	-	254	165857311	9723
chr3	167548222	167748222	harbor2	chr3	167573309	167573391	DNA/hAT-Charlie	407	-	41	167573350	25128
chr3	167548222	167748222	harbor2	chr3	167573436	167573481	DNA/hAT-Charlie	407	-	22	167573458	25236
chr3	167548222	167748222	harbor2	chr3	167573496	167573726	DNA/hAT-Charlie	1063	-	115	167573611	25389
chr3	167548222	167748222	harbor2	chr3	167606002	167606140	DNA/hAT-Charlie	421	-	69	167606071	57849
chr3	167548222	167748222	harbor2	chr3	167606195	167606304	DNA/hAT-Charlie	518	-	54	167606249	58027
chr3	189206628	189406628	harbor2	chr3	189279013	189279229	DNA/hAT-Charlie	1079	-	108	189279121	72493
chr3	150399199	150599199	harbor2	chr3	150453488	150453692	DNA/hAT-Charlie	783	-	102	150453590	54391
chr3	150399199	150599199	harbor2	chr3	150479503	150479771	DNA/hAT-Charlie	1182	-	134	150479637	80438
chr3	150399199	150599199	harbor2	chr3	150479782	150479995	DNA/hAT-Charlie	605	-	106	150479888	80689
chr3	150399199	150599199	harbor2	chr3	150492096	150492215	DNA/hAT-Charlie	617	-	60	150492156	92957
chr3	150399199	150599199	harbor2	chr3	150493696	150493845	DNA/hAT-Charlie	637	-	74	150493770	94571
chr3	179731060	179931060	harbor2	chr3	179732583	179732905	DNA/hAT-Charlie	469	-	161	179732744	1684
chr3	179731060	179931060	harbor2	chr3	179734400	179734681	DNA/hAT-Charlie	401	-	140	179734540	3480
chr3	179731060	179931060	harbor2	chr3	179752632	179752804	DNA/hAT-Charlie	981	-	86	179752718	21658
chr3	179731060	179931060	harbor2	chr3	179754239	179754493	DNA/hAT-Charlie	536	-	127	179754366	23306
chr3	179731060	179931060	harbor2	chr3	179780860	179781024	DNA/hAT-Charlie	399	-	82	179780942	49882
chr3	179731060	179931060	harbor2	chr3	179810506	179810657	DNA/hAT-Charlie	483	-	76	179810582	79522
chr3	179731060	179931060	harbor2	chr3	179817001	179817190	DNA/hAT-Charlie	750	-	94	179817095	86035
chr3	157929982	158129982	harbor2	chr3	157964429	157964595	DNA/hAT-Charlie	484	-	83	157964512	34530
chr3	157929982	158129982	harbor2	chr3	157977639	157977840	DNA/hAT-Charlie	874	-	100	157977739	47757
chr3	197645112	197845112	harbor2	chr3	197737854	197737886	DNA/hAT-Charlie	555	-	16	197737870	92758
chr3	197645112	197845112	harbor2	chr3	197738053	197738214	DNA/hAT-Charlie	555	-	80	197738133	93021
chr3	171183654	171383654	harbor2	chr3	171203361	171203680	DNA/hAT-Charlie	514	-	160	171203521	19867
chr3	171183654	171383654	harbor2	chr3	171216546	171216703	DNA/hAT-Charlie	491	-	78	171216624	32970
chr3	181791604	181991604	harbor2	chr3	181823602	181823829	DNA/hAT-Charlie	486	-	114	181823716	32112
chr3	115948689	116148689	harbor2	chr3	115990784	115990965	DNA/hAT-Charlie	393	-	90	115990874	42185
chr3	115948689	116148689	harbor2	chr3	115997991	115998143	DNA/hAT-Charlie	795	-	76	115998067	49378
chr3	115948689	116148689	harbor2	chr3	116007810	116007997	DNA/hAT-Charlie	975	-	94	116007904	59215
chr3	115948689	116148689	harbor2	chr3	116008841	116008936	DNA/hAT-Charlie	482	-	48	116008889	60200
chr3	115948689	116148689	harbor2	chr3	116016573	116016918	DNA/hAT-Charlie	1173	-	172	116016745	68056
chr3	115948689	116148689	harbor2	chr3	116042986	116043109	DNA/hAT-Charlie	536	-	62	116043048	94359
chr3	196753114	196953114	harbor2	chr3	196767352	196767478	DNA/hAT-Charlie	1367	-	63	196767415	14301
chr3	196753114	196953114	harbor2	chr3	196767793	196768132	DNA/hAT-Charlie	1367	-	170	196767963	14849
chr3	196753114	196953114	harbor2	chr3	196783331	196783399	DNA/hAT-Charlie	418	-	34	196783365	30251
chr3	196753114	196953114	harbor2	chr3	196789420	196789469	DNA/hAT-Charlie	2140	-	24	196789444	36330
chr3	196753114	196953114	harbor2	chr3	196789765	196790061	DNA/hAT-Charlie	2140	-	148	196789913	36799
chr3	196753114	196953114	harbor2	chr3	196795863	196796198	DNA/hAT-Charlie	1985	-	168	196796031	42917
chr3	95925212	96125212	harbor2	chr3	95966850	95966964	DNA/hAT-Charlie	898	-	57	95966907	41695
chr3	95925212	96125212	harbor2	chr3	95967582	95967718	DNA/hAT-Charlie	898	-	68	95967650	42438
chr3	182004530	182204530	harbor2	chr3	182083705	182084140	DNA/hAT-Charlie	1180	-	218	182083923	79393
chr3	168725440	168925440	harbor2	chr3	168798446	168798662	DNA/hAT-Charlie	488	-	108	168798554	73114
chr3	169246100	169446100	harbor2	chr3	169274661	169274854	DNA/hAT-Charlie	859	-	96	169274757	28657
chr3	169246100	169446100	harbor2	chr3	169282698	169282951	DNA/hAT-Charlie	456	-	126	169282824	36724
chr3	169246100	169446100	harbor2	chr3	169334405	169334542	DNA/hAT-Charlie	542	-	68	169334473	88373
chr3	160681626	160881626	harbor2	chr3	160710848	160711553	DNA/hAT-Charlie	4417	-	352	160711200	29574
chr3	160681626	160881626	harbor2	chr3	160711846	160712621	DNA/hAT-Charlie	4417	-	388	160712234	30608
chr3	160681626	160881626	harbor2	chr3	160713653	160713942	DNA/hAT-Charlie	1345	-	144	160713797	32171
chr3	160681626	160881626	harbor2	chr3	160714276	160714526	DNA/hAT-Charlie	1345	-	125	160714401	32775
chr3	160681626	160881626	harbor2	chr3	160715096	160715403	DNA/hAT-Charlie	1442	-	154	160715250	33624
chr3	160681626	160881626	harbor2	chr3	160715716	160716043	DNA/hAT-Charlie	1442	-	164	160715880	34254
chr3	160681626	160881626	harbor2	chr3	160718701	160719159	DNA/hAT-Charlie	3010	-	229	160718930	37304
chr3	160681626	160881626	harbor2	chr3	160761061	160761200	DNA/hAT-Charlie	405	-	70	160761131	79505
chr3	158289550	158489550	harbor2	chr3	158303453	158303600	DNA/hAT-Charlie	720	-	74	158303527	13977
chr3	158289550	158489550	harbor2	chr3	158335668	158335794	DNA/hAT-Charlie	435	-	63	158335731	46181
chr3	158289550	158489550	harbor2	chr3	158353341	158353545	DNA/hAT-Charlie	556	-	102	158353443	63893
chr3	124459021	124659021	harbor2	chr3	124468114	124468331	DNA/hAT-Charlie	532	-	108	124468222	9201
chr3	124459021	124659021	harbor2	chr3	124470757	124470961	DNA/hAT-Charlie	447	-	102	124470859	11838
chr3	124459021	124659021	harbor2	chr3	124477841	124477966	DNA/hAT-Charlie	492	-	62	124477903	18882
chr3	124459021	124659021	harbor2	chr3	124522563	124522742	DNA/hAT-Charlie	1003	-	90	124522653	63632
chr3	81566951	81766951	harbor2	chr3	81579859	81580015	DNA/hAT-Charlie	690	-	78	81579937	12986
chr3	81566951	81766951	harbor2	chr3	81605679	81605902	DNA/hAT-Charlie	754	-	112	81605791	38840
chr3	81566951	81766951	harbor2	chr3	81626775	81626981	DNA/hAT-Charlie	478	-	103	81626878	59927
chr3	179747648	179947648	harbor2	chr3	179752632	179752804	DNA/hAT-Charlie	981	-	86	179752718	5070
chr3	179747648	179947648	harbor2	chr3	179754239	179754493	DNA/hAT-Charlie	536	-	127	179754366	6718
chr3	179747648	179947648	harbor2	chr3	179780860	179781024	DNA/hAT-Charlie	399	-	82	179780942	33294
chr3	179747648	179947648	harbor2	chr3	179810506	179810657	DNA/hAT-Charlie	483	-	76	179810582	62934
chr3	179747648	179947648	harbor2	chr3	179817001	179817190	DNA/hAT-Charlie	750	-	94	179817095	69447
chr3	14648385	14848385	harbor2	chr3	14674189	14674512	DNA/hAT-Charlie	1187	-	162	14674351	25966
chr3	14648385	14848385	harbor2	chr3	14705210	14705347	DNA/hAT-Charlie	432	-	68	14705278	56893
chr3	14648385	14848385	harbor2	chr3	14716024	14716217	DNA/hAT-Charlie	1040	-	96	14716120	67735
chr3	194806497	195006497	harbor2	chr3	194827565	194827772	DNA/hAT-Charlie	547	-	104	194827669	21172
chr3	154694415	154894415	harbor2	chr3	154693604	154694958	DNA/hAT-Charlie	5141	-	677	154694281	134
chr3	189896620	190096620	harbor2	chr3	189958497	189958699	DNA/hAT-Charlie	653	-	101	189958598	61978
chr3	189896620	190096620	harbor2	chr3	189958989	189959011	DNA/hAT-Charlie	653	-	11	189959000	62380
chr3	189896620	190096620	harbor2	chr3	189975831	189976249	DNA/hAT-Charlie	1005	-	209	189976040	79420
chr3	189896620	190096620	harbor2	chr3	189976593	189976802	DNA/hAT-Charlie	1005	-	104	189976697	80077
chr3	149677721	149877721	harbor2	chr3	149678087	149678355	DNA/hAT-Charlie	1010	-	134	149678221	500
chr3	149677721	149877721	harbor2	chr3	149724538	149724665	DNA/hAT-Charlie	555	-	64	149724602	46881
chr3	149677721	149877721	harbor2	chr3	149748603	149748817	DNA/hAT-Charlie	1212	-	107	149748710	70989
chr3	150858506	151058506	harbor2	chr3	150887494	150887678	DNA/hAT-Charlie	649	-	92	150887586	29080
chr3	150858506	151058506	harbor2	chr3	150896890	150897193	DNA/hAT-Charlie	625	-	152	150897042	38536
chr3	150858506	151058506	harbor2	chr3	150937395	150937569	DNA/hAT-Charlie	596	-	87	150937482	78976
chr3	150858506	151058506	harbor2	chr3	150939515	150939700	DNA/hAT-Charlie	913	-	92	150939607	81101
chr3	78439352	78639352	harbor2	chr3	78533428	78533736	DNA/hAT-Charlie	1341	-	154	78533582	94230
chr3	130950921	131150921	harbor2	chr3	130958213	130958424	DNA/hAT-Charlie	823	-	106	130958319	7398
chr3	130950921	131150921	harbor2	chr3	130971998	130972320	DNA/hAT-Charlie	1735	-	161	130972159	21238
chr3	130950921	131150921	harbor2	chr3	130993472	130993685	DNA/hAT-Charlie	1192	-	106	130993578	42657
chr3	130950921	131150921	harbor2	chr3	131022866	131023072	DNA/hAT-Charlie	831	-	103	131022969	72048
chr3	130950921	131150921	harbor2	chr3	131036314	131036466	DNA/hAT-Charlie	451	-	76	131036390	85469
chr3	130950921	131150921	harbor2	chr3	131036658	131036833	DNA/hAT-Charlie	653	-	88	131036746	85825
chr3	184163860	184363860	harbor2	chr3	184240371	184240488	DNA/hAT-Charlie	563	-	58	184240429	76569
chr3	184163860	184363860	harbor2	chr3	184252522	184252660	DNA/hAT-Charlie	810	-	69	184252591	88731
chr3	184163860	184363860	harbor2	chr3	184252972	184253038	DNA/hAT-Charlie	810	-	33	184253005	89145
chr3	52564304	52764304	harbor2	chr3	52601260	52601578	DNA/hAT-Charlie	1828	-	159	52601419	37115
chr3	52564304	52764304	harbor2	chr3	52630361	52630557	DNA/hAT-Charlie	1076	-	98	52630459	66155
chr3	127167106	127367106	harbor2	chr3	127175238	127175569	DNA/hAT-Charlie	675	-	166	127175404	8298
chr3	127167106	127367106	harbor2	chr3	127194233	127194432	DNA/hAT-Charlie	1352	-	100	127194333	27227
chr3	127167106	127367106	harbor2	chr3	127206038	127206186	DNA/hAT-Charlie	439	-	74	127206112	39006
chr3	127167106	127367106	harbor2	chr3	127216221	127216484	DNA/hAT-Charlie	453	-	132	127216353	49247
chr3	127167106	127367106	harbor2	chr3	127220129	127220299	DNA/hAT-Charlie	789	-	85	127220214	53108
chr3	127167106	127367106	harbor2	chr3	127228905	127229085	DNA/hAT-Charlie	726	-	90	127228995	61889
chr3	120593500	120793500	harbor2	chr3	120624102	120624276	DNA/hAT-Charlie	543	-	87	120624189	30689
chr3	120593500	120793500	harbor2	chr3	120624287	120624503	DNA/hAT-Charlie	920	-	108	120624395	30895
chr3	120593500	120793500	harbor2	chr3	120647072	120647261	DNA/hAT-Charlie	759	-	94	120647166	53666
chr3	120593500	120793500	harbor2	chr3	120653801	120654010	DNA/hAT-Charlie	1136	-	104	120653905	60405
chr3	120593500	120793500	harbor2	chr3	120693002	120693199	DNA/hAT-Charlie	727	-	98	120693100	99600
chr3	13842048	14042048	harbor2	chr3	13874405	13874659	DNA/hAT-Charlie	502	-	127	13874532	32484
chr3	13842048	14042048	harbor2	chr3	13889902	13890040	DNA/hAT-Charlie	486	-	69	13889971	47923
chr3	13842048	14042048	harbor2	chr3	13921347	13921489	DNA/hAT-Charlie	800	-	71	13921418	79370
chr3	13842048	14042048	harbor2	chr3	13922038	13922341	DNA/hAT-Charlie	1612	-	152	13922190	80142
chr3	181335743	181535743	harbor2	chr3	181352177	181352513	DNA/hAT-Charlie	2098	-	168	181352345	16602
chr3	181335743	181535743	harbor2	chr3	181426389	181426737	DNA/hAT-Charlie	1467	-	174	181426563	90820
chr3	181335743	181535743	harbor2	chr3	181434760	181434955	DNA/hAT-Charlie	870	-	98	181434858	99115
chr3	191945779	192145779	harbor2	chr3	191985518	191985775	DNA/hAT-Charlie	841	-	128	191985646	39867
chr3	137762873	137962873	harbor2	chr3	137777864	137778025	DNA/hAT-Charlie	501	-	80	137777944	15071
chr3	137762873	137962873	harbor2	chr3	137784596	137784689	DNA/hAT-Charlie	509	-	46	137784642	21769
chr3	137762873	137962873	harbor2	chr3	137839774	137840121	DNA/hAT-Charlie	2365	-	174	137839948	77075
chr3	172192277	172392277	harbor2	chr3	172202873	172203019	DNA/hAT-Charlie	652	-	73	172202946	10669
chr3	172192277	172392277	harbor2	chr3	172222489	172222821	DNA/hAT-Charlie	2157	-	166	172222655	30378
chr3	172192277	172392277	harbor2	chr3	172234986	172235412	DNA/hAT-Charlie	1228	-	213	172235199	42922
chr3	189000753	189200753	harbor2	chr3	189092201	189092366	DNA/hAT-Charlie	906	-	82	189092283	91530
chr3	189000753	189200753	harbor2	chr3	189096542	189097886	DNA/hAT-Charlie	4929	-	672	189097214	96461
chr3	122674825	122874825	harbor2	chr3	122739863	122740043	DNA/hAT-Charlie	812	-	90	122739953	65128
chr3	122674825	122874825	harbor2	chr3	122763472	122763670	DNA/hAT-Charlie	1040	-	99	122763571	88746
chr3	182921064	183121064	harbor2	chr3	182933573	182933775	DNA/hAT-Charlie	979	-	101	182933674	12610
chr3	182921064	183121064	harbor2	chr3	182947947	182948162	DNA/hAT-Charlie	1181	-	108	182948055	26991
chr3	182921064	183121064	harbor2	chr3	182987403	182987608	DNA/hAT-Charlie	1087	-	102	182987505	66441
chr3	182921064	183121064	harbor2	chr3	183007173	183007342	DNA/hAT-Charlie	696	-	84	183007257	86193
chr3	195390492	195590492	harbor2	chr3	195421149	195421309	DNA/hAT-Charlie	485	-	80	195421229	30737
chr3	195390492	195590492	harbor2	chr3	195423645	195423847	DNA/hAT-Charlie	978	-	101	195423746	33254
chr3	195390492	195590492	harbor2	chr3	195446497	195446774	DNA/hAT-Charlie	580	-	138	195446635	56143
chr3	195390492	195590492	harbor2	chr3	195451448	195451640	DNA/hAT-Charlie	595	-	96	195451544	61052
chr3	195390492	195590492	harbor2	chr3	195462689	195462791	DNA/hAT-Charlie	445	-	51	195462740	72248
chr3	195390492	195590492	harbor2	chr3	195463084	195463170	DNA/hAT-Charlie	445	-	43	195463127	72635
chr3	193190665	193390665	harbor2	chr3	193236198	193236332	DNA/hAT-Charlie	437	-	67	193236265	45600
chr3	138919317	139119317	harbor2	chr3	138922390	138922902	DNA/hAT-Charlie	3800	-	256	138922646	3329
chr3	138919317	139119317	harbor2	chr3	138929291	138929469	DNA/hAT-Charlie	749	-	89	138929380	10063
chr3	138919317	139119317	harbor2	chr3	138930428	138930598	DNA/hAT-Charlie	823	-	85	138930513	11196
chr3	138919317	139119317	harbor2	chr3	138983947	138984126	DNA/hAT-Charlie	430	-	90	138984037	64720
chr3	138919317	139119317	harbor2	chr3	138993317	138993631	DNA/hAT-Charlie	465	-	157	138993474	74157
chr3	2267694	2467694	harbor2	chr3	2323967	2324156	DNA/hAT-Charlie	1040	-	94	2324061	56367
chr3	2267694	2467694	harbor2	chr3	2331393	2331523	DNA/hAT-Charlie	493	-	65	2331458	63764
chr3	2267694	2467694	harbor2	chr3	2357039	2357201	DNA/hAT-Charlie	694	-	81	2357120	89426
chr3	172834891	173034891	harbor2	chr3	172872372	172872589	DNA/hAT-Charlie	1066	-	108	172872480	37589
chr3	172834891	173034891	harbor2	chr3	172884319	172884698	DNA/hAT-Charlie	1890	-	190	172884509	49618
chr3	172834891	173034891	harbor2	chr3	172884696	172884820	DNA/hAT-Charlie	446	-	62	172884758	49867
chr3	172834891	173034891	harbor2	chr3	172910393	172910592	DNA/hAT-Charlie	769	-	100	172910493	75602
chr3	186457632	186657632	harbor2	chr3	186468597	186468901	DNA/hAT-Charlie	1362	-	152	186468749	11117
chr3	186457632	186657632	harbor2	chr3	186513564	186513727	DNA/hAT-Charlie	766	-	82	186513646	56014
chr3	183074128	183274128	harbor2	chr3	183083993	183084075	DNA/hAT-Charlie	479	-	41	183084034	9906
chr3	183074128	183274128	harbor2	chr3	183084196	183084267	DNA/hAT-Charlie	479	-	36	183084232	10104
chr3	183074128	183274128	harbor2	chr3	183092120	183092247	DNA/hAT-Charlie	549	-	64	183092184	18056
chr3	183074128	183274128	harbor2	chr3	183095627	183095743	DNA/hAT-Charlie	570	-	58	183095685	21557
chr3	169372861	169572861	harbor2	chr3	169423021	169423182	DNA/hAT-Charlie	937	-	80	169423101	50240
chr3	169372861	169572861	harbor2	chr3	169428240	169428564	DNA/hAT-Charlie	1757	-	162	169428402	55541
chr3	169372861	169572861	harbor2	chr3	169431817	169432062	DNA/hAT-Charlie	554	-	122	169431939	59078
chr3	164735911	164935911	harbor2	chr3	164785313	164785465	DNA/hAT-Charlie	610	-	76	164785389	49478
chr3	140575673	140775673	harbor2	chr3	140579946	140580281	DNA/hAT-Charlie	890	-	168	140580114	4441
chr3	140575673	140775673	harbor2	chr3	140598474	140598658	DNA/hAT-Charlie	734	-	92	140598566	22893
chr3	144365639	144565639	harbor2	chr3	144462325	144462510	DNA/hAT-Charlie	789	-	92	144462417	96778
chr3	86763365	86963365	harbor2	chr3	86791263	86791598	DNA/hAT-Charlie	1647	-	168	86791431	28066
chr3	181055847	181255847	harbor2	chr3	181068025	181068403	DNA/hAT-Charlie	535	-	189	181068214	12367
chr3	181055847	181255847	harbor2	chr3	181085755	181085903	DNA/hAT-Charlie	727	-	74	181085829	29982
chr3	181055847	181255847	harbor2	chr3	181137076	181137243	DNA/hAT-Charlie	708	-	84	181137160	81313
chr3	146525067	146725067	harbor2	chr3	146532325	146532488	DNA/hAT-Charlie	537	-	82	146532407	7340
chr3	146525067	146725067	harbor2	chr3	146538942	146539464	DNA/hAT-Charlie	3673	-	261	146539203	14136
chr3	146525067	146725067	harbor2	chr3	146545442	146548021	DNA/hAT-Charlie	17788	-	1290	146546732	21665
chr3	146525067	146725067	harbor2	chr3	146550685	146550871	DNA/hAT-Charlie	640	-	93	146550778	25711
chr3	146525067	146725067	harbor2	chr3	146587085	146587238	DNA/hAT-Charlie	618	-	76	146587161	62094
chr3	146525067	146725067	harbor2	chr3	146613178	146613329	DNA/hAT-Charlie	594	-	76	146613254	88187
chr3	167464650	167664650	harbor2	chr3	167472675	167473039	DNA/hAT-Charlie	878	-	182	167472857	8207
chr3	167464650	167664650	harbor2	chr3	167489899	167490049	DNA/hAT-Charlie	814	-	75	167489974	25324
chr3	167464650	167664650	harbor2	chr3	167501016	167501206	DNA/hAT-Charlie	694	-	95	167501111	36461
chr3	77059245	77259245	harbor2	chr3	77078050	77078231	DNA/hAT-Charlie	389	-	90	77078140	18895
chr3	77059245	77259245	harbor2	chr3	77093124	77093289	DNA/hAT-Charlie	520	-	82	77093206	33961
chr3	77059245	77259245	harbor2	chr3	77102235	77102466	DNA/hAT-Charlie	635	-	116	77102351	43106
chr3	77059245	77259245	harbor2	chr3	77152223	77152515	DNA/hAT-Charlie	843	-	146	77152369	93124
chr3	176320770	176520770	harbor2	chr3	176392641	176392834	DNA/hAT-Charlie	597	-	96	176392737	71967
chr3	176320770	176520770	harbor2	chr3	176393146	176393230	DNA/hAT-Charlie	597	-	42	176393188	72418
chr3	176320770	176520770	harbor2	chr3	176402790	176402976	DNA/hAT-Charlie	816	-	93	176402883	82113
chr3	173608339	173808339	harbor2	chr3	173687203	173687802	DNA/hAT-Charlie	1550	-	300	173687503	79164
chr3	64021949	64221949	harbor2	chr3	64067151	64067360	DNA/hAT-Charlie	1346	-	104	64067255	45306
chr3	64021949	64221949	harbor2	chr3	64108812	64109026	DNA/hAT-Charlie	1288	-	107	64108919	86970
chr3	64021949	64221949	harbor2	chr3	64120527	64120665	DNA/hAT-Charlie	504	-	69	64120596	98647
chr3	192373076	192573076	harbor2	chr3	192374013	192374517	DNA/hAT-Charlie	1016	-	252	192374265	1189
chr3	192373076	192573076	harbor2	chr3	192380962	192381168	DNA/hAT-Charlie	913	-	103	192381065	7989
chr3	192373076	192573076	harbor2	chr3	192400926	192401363	DNA/hAT-Charlie	1818	-	218	192401144	28068
chr3	192373076	192573076	harbor2	chr3	192401360	192401542	DNA/hAT-Charlie	616	-	91	192401451	28375
chr3	192373076	192573076	harbor2	chr3	192436346	192436517	DNA/hAT-Charlie	527	-	86	192436432	63356
chr3	192373076	192573076	harbor2	chr3	192463999	192464114	DNA/hAT-Charlie	411	-	58	192464057	90981
chr4	124208264	124408264	harbor2	chr4	124260174	124260392	DNA/hAT-Charlie	1166	-	109	124260283	52019
chr4	124208264	124408264	harbor2	chr4	124307001	124307135	DNA/hAT-Charlie	468	-	67	124307068	98804
chr4	177470228	177670228	harbor2	chr4	177506437	177506505	DNA/hAT-Charlie	711	-	34	177506471	36243
chr4	177470228	177670228	harbor2	chr4	177506799	177506922	DNA/hAT-Charlie	711	-	62	177506861	36633
chr4	177470228	177670228	harbor2	chr4	177560620	177560814	DNA/hAT-Charlie	767	-	97	177560717	90489
chr4	111493042	111693042	harbor2	chr4	111532309	111532491	DNA/hAT-Charlie	949	-	91	111532400	39358
chr4	183412328	183612328	harbor2	chr4	183432332	183432800	DNA/hAT-Charlie	3104	-	234	183432566	20238
chr4	183412328	183612328	harbor2	chr4	183453344	183453460	DNA/hAT-Charlie	3680	-	58	183453402	41074
chr4	183412328	183612328	harbor2	chr4	183453761	183454170	DNA/hAT-Charlie	3680	-	204	183453965	41637
chr4	177551851	177751851	harbor2	chr4	177560620	177560814	DNA/hAT-Charlie	767	-	97	177560717	8866
chr4	177551851	177751851	harbor2	chr4	177573146	177573291	DNA/hAT-Charlie	1046	-	72	177573218	21367
chr4	177551851	177751851	harbor2	chr4	177573563	177573642	DNA/hAT-Charlie	1046	-	40	177573603	21752
chr4	177551851	177751851	harbor2	chr4	177607927	177608116	DNA/hAT-Charlie	918	-	94	177608021	56170
chr4	182403966	182603966	harbor2	chr4	182472550	182472725	DNA/hAT-Charlie	749	-	88	182472638	68672
chr4	182403966	182603966	harbor2	chr4	182473023	182473391	DNA/hAT-Charlie	539	-	184	182473207	69241
chr4	182403966	182603966	harbor2	chr4	182473964	182474025	DNA/hAT-Charlie	539	-	30	182473994	70028
chr4	144269383	144469383	harbor2	chr4	144276331	144276575	DNA/hAT-Charlie	1236	-	122	144276453	7070
chr4	144269383	144469383	harbor2	chr4	144276658	144276852	DNA/hAT-Charlie	942	-	97	144276755	7372
chr4	44473915	44673915	harbor2	chr4	44573564	44573949	DNA/hAT-Charlie	1213	-	192	44573756	99841
chr4	76774114	76974114	harbor2	chr4	76778008	76778190	DNA/hAT-Charlie	1083	-	91	76778099	3985
chr4	76774114	76974114	harbor2	chr4	76787633	76787846	DNA/hAT-Charlie	1162	-	106	76787739	13625
chr4	173361095	173561095	harbor2	chr4	173368915	173369192	DNA/hAT-Charlie	780	-	138	173369053	7958
chr4	173361095	173561095	harbor2	chr4	173369209	173369309	DNA/hAT-Charlie	455	-	50	173369259	8164
chr4	173361095	173561095	harbor2	chr4	173378399	173378584	DNA/hAT-Charlie	760	-	92	173378491	17396
chr4	173361095	173561095	harbor2	chr4	173389182	173389252	DNA/hAT-Charlie	997	-	35	173389217	28122
chr4	173361095	173561095	harbor2	chr4	173389575	173389707	DNA/hAT-Charlie	997	-	66	173389641	28546
chr4	173361095	173561095	harbor2	chr4	173444372	173444584	DNA/hAT-Charlie	1011	-	106	173444478	83383
chr4	173361095	173561095	harbor2	chr4	173458318	173458452	DNA/hAT-Charlie	712	-	67	173458385	97290
chr4	170858821	171058821	harbor2	chr4	170891932	170892152	DNA/hAT-Charlie	900	-	110	170892042	33221
chr4	182865896	183065896	harbor2	chr4	182926248	182926559	DNA/hAT-Charlie	1321	-	156	182926404	60508
chr4	164638326	164838326	harbor2	chr4	164667189	164667379	DNA/hAT-Charlie	521	-	95	164667284	28958
chr4	182479447	182679447	harbor2	chr4	182514500	182514736	DNA/hAT-Charlie	543	-	118	182514618	35171
chr4	182479447	182679447	harbor2	chr4	182528702	182528919	DNA/hAT-Charlie	1208	-	108	182528810	49363
chr4	182479447	182679447	harbor2	chr4	182530498	182530703	DNA/hAT-Charlie	1005	-	102	182530600	51153
chr4	182479447	182679447	harbor2	chr4	182575321	182575513	DNA/hAT-Charlie	630	-	96	182575417	95970
chr4	176958474	177158474	harbor2	chr4	177011394	177012056	DNA/hAT-Charlie	2456	-	331	177011725	53251
chr4	148612420	148812420	harbor2	chr4	148635692	148635856	DNA/hAT-Charlie	1117	-	82	148635774	23354
chr4	148612420	148812420	harbor2	chr4	148668700	148668921	DNA/hAT-Charlie	1548	-	110	148668810	56390
chr4	148612420	148812420	harbor2	chr4	148680672	148680825	DNA/hAT-Charlie	489	-	76	148680748	68328
chr4	129543363	129743363	harbor2	chr4	129605580	129606129	DNA/hAT-Charlie	1027	-	274	129605854	62491
chr4	129543363	129743363	harbor2	chr4	129606455	129607131	DNA/hAT-Charlie	1588	-	338	129606793	63430
chr4	129543363	129743363	harbor2	chr4	129607181	129607587	DNA/hAT-Charlie	829	-	203	129607384	64021
chr4	73135446	73335446	harbor2	chr4	73177995	73178701	DNA/hAT-Charlie	3225	-	353	73178348	42902
chr4	73135446	73335446	harbor2	chr4	73182773	73182972	DNA/hAT-Charlie	1094	-	100	73182873	47427
chr4	73135446	73335446	harbor2	chr4	73187874	73187950	DNA/hAT-Charlie	444	-	38	73187912	52466
chr4	73135446	73335446	harbor2	chr4	73200470	73200570	DNA/hAT-Charlie	475	-	50	73200520	65074
chr4	73135446	73335446	harbor2	chr4	73208472	73208665	DNA/hAT-Charlie	616	-	96	73208568	73122
chr4	178777268	178977268	harbor2	chr4	178786214	178786566	DNA/hAT-Charlie	1814	-	176	178786390	9122
chr4	178777268	178977268	harbor2	chr4	178815640	178815862	DNA/hAT-Charlie	941	-	111	178815751	38483
chr4	156008608	156208608	harbor2	chr4	156058896	156059038	DNA/hAT-Charlie	477	-	71	156058967	50359
chr4	156008608	156208608	harbor2	chr4	156060749	156060946	DNA/hAT-Charlie	879	-	98	156060847	52239
chr4	189939715	190139715	harbor2	chr4	189946214	189946428	DNA/hAT-Charlie	1382	-	107	189946321	6606
chr4	189939715	190139715	harbor2	chr4	190031534	190031694	DNA/hAT-Charlie	419	-	80	190031614	91899
chr4	189939715	190139715	harbor2	chr4	189956036	189956183	DNA/hAT-Charlie	490	-	74	189956110	16395
chr4	146499401	146699401	harbor2	chr4	146577783	146578098	DNA/hAT-Charlie	2012	-	158	146577941	78540
chr4	146499401	146699401	harbor2	chr4	146585170	146585400	DNA/hAT-Charlie	1581	-	115	146585285	85884
chr4	187475114	187675114	harbor2	chr4	187484813	187484969	DNA/hAT-Charlie	646	-	78	187484891	9777
chr4	187475114	187675114	harbor2	chr4	187532714	187533093	DNA/hAT-Charlie	1201	-	190	187532904	57790
chr4	187475114	187675114	harbor2	chr4	187533144	187533409	DNA/hAT-Charlie	790	-	132	187533276	58162
chr4	154351076	154551076	harbor2	chr4	154351578	154351911	DNA/hAT-Charlie	2147	-	166	154351744	668
chr4	154351076	154551076	harbor2	chr4	154389016	154389326	DNA/hAT-Charlie	1491	-	155	154389171	38095
chr4	154351076	154551076	harbor2	chr4	154418599	154418823	DNA/hAT-Charlie	532	-	112	154418711	67635
chr4	154351076	154551076	harbor2	chr4	154423797	154423946	DNA/hAT-Charlie	805	-	74	154423871	72795
chr4	154351076	154551076	harbor2	chr4	154439729	154440012	DNA/hAT-Charlie	1080	-	142	154439871	88795
chr4	154351076	154551076	harbor2	chr4	154440419	154440617	DNA/hAT-Charlie	709	-	99	154440518	89442
chr4	154351076	154551076	harbor2	chr4	154419042	154419367	DNA/hAT-Charlie	753	-	162	154419204	68128
chr4	65515072	65715072	harbor2	chr4	65545951	65546082	DNA/hAT-Charlie	515	-	66	65546017	30945
chr4	65515072	65715072	harbor2	chr4	65580105	65580374	DNA/hAT-Charlie	678	-	134	65580239	65167
chr4	65515072	65715072	harbor2	chr4	65593462	65593617	DNA/hAT-Charlie	723	-	78	65593540	78468
chr4	172198149	172398149	harbor2	chr4	172204676	172205019	DNA/hAT-Charlie	1042	-	172	172204848	6699
chr4	172198149	172398149	harbor2	chr4	172225470	172225608	DNA/hAT-Charlie	476	-	69	172225539	27390
chr4	140941023	141141023	harbor2	chr4	140948121	140948399	DNA/hAT-Charlie	639	-	139	140948260	7237
chr4	140941023	141141023	harbor2	chr4	140962246	140962381	DNA/hAT-Charlie	572	-	68	140962314	21291
chr4	140941023	141141023	harbor2	chr4	141023146	141023224	DNA/hAT-Charlie	1086	-	39	141023185	82162
chr4	140941023	141141023	harbor2	chr4	141023553	141023758	DNA/hAT-Charlie	1086	-	102	141023655	82632
chr4	172661969	172861969	harbor2	chr4	172678888	172679129	DNA/hAT-Charlie	978	-	120	172679008	17039
chr4	172661969	172861969	harbor2	chr4	172679433	172679498	DNA/hAT-Charlie	978	-	32	172679465	17496
chr4	172661969	172861969	harbor2	chr4	172716284	172716500	DNA/hAT-Charlie	577	-	108	172716392	54423
chr4	180487785	180687785	harbor2	chr4	180562556	180562742	DNA/hAT-Charlie	746	-	93	180562649	74864
chr4	180487785	180687785	harbor2	chr4	180577239	180577400	DNA/hAT-Charlie	584	-	80	180577319	89534
chr4	180487785	180687785	harbor2	chr4	180580937	180581116	DNA/hAT-Charlie	677	-	90	180581027	93242
chr4	187685066	187885066	harbor2	chr4	187688977	187689113	DNA/hAT-Charlie	537	-	68	187689045	3979
chr4	187685066	187885066	harbor2	chr4	187689111	187689294	DNA/hAT-Charlie	688	-	92	187689203	4137
chr4	111182672	111382672	harbor2	chr4	111220468	111220643	DNA/hAT-Charlie	471	-	88	111220556	37884
chr4	155739217	155939217	harbor2	chr4	155813373	155813557	DNA/hAT-Charlie	625	-	92	155813465	74248
chr4	155739217	155939217	harbor2	chr4	155814037	155814145	DNA/hAT-Charlie	621	-	54	155814091	74874
chr4	155739217	155939217	harbor2	chr4	155828227	155828414	DNA/hAT-Charlie	1131	-	94	155828321	89104
chr4	155739217	155939217	harbor2	chr4	155762672	155762771	DNA/hAT-Charlie	570	-	50	155762722	23505
chr4	176514013	176714013	harbor2	chr4	176583715	176583939	DNA/hAT-Charlie	643	-	112	176583827	69814
chr4	173641364	173841364	harbor2	chr4	173653295	173653610	DNA/hAT-Charlie	1448	-	158	173653453	12089
chr4	173641364	173841364	harbor2	chr4	173667719	173668005	DNA/hAT-Charlie	1157	-	143	173667862	26498
chr4	173641364	173841364	harbor2	chr4	173701350	173701660	DNA/hAT-Charlie	765	-	155	173701505	60141
chr4	173641364	173841364	harbor2	chr4	173701754	173702219	DNA/hAT-Charlie	513	-	232	173701986	60622
chr4	173641364	173841364	harbor2	chr4	173702388	173702570	DNA/hAT-Charlie	678	-	91	173702479	61115
chr4	173641364	173841364	harbor2	chr4	173703349	173703567	DNA/hAT-Charlie	607	-	109	173703458	62094
chr4	190103240	190303240	harbor2	chr4	190184650	190184868	DNA/hAT-Charlie	887	-	109	190184759	81519
chr4	135085562	135285562	harbor2	chr4	135143649	135143789	DNA/hAT-Charlie	649	-	70	135143719	58157
chr4	124573540	124773540	harbor2	chr4	124590282	124590388	DNA/hAT-Charlie	449	-	53	124590335	16795
chr4	124573540	124773540	harbor2	chr4	124590789	124590909	DNA/hAT-Charlie	512	-	60	124590849	17309
chr4	83076091	83276091	harbor2	chr4	83123714	83123933	DNA/hAT-Charlie	887	-	110	83123824	47733
chr4	83076091	83276091	harbor2	chr4	83147404	83147579	DNA/hAT-Charlie	418	-	88	83147492	71401
chr4	83076091	83276091	harbor2	chr4	83153848	83154133	DNA/hAT-Charlie	480	-	142	83153990	77899
chr4	83076091	83276091	harbor2	chr4	83161022	83161177	DNA/hAT-Charlie	661	-	78	83161100	85009
chr4	189859474	190059474	harbor2	chr4	189896225	189896366	DNA/hAT-Charlie	620	-	70	189896295	36821
chr4	189859474	190059474	harbor2	chr4	189897208	189897426	DNA/hAT-Charlie	1480	-	109	189897317	37843
chr4	189859474	190059474	harbor2	chr4	189934931	189935086	DNA/hAT-Charlie	766	-	78	189935009	75535
chr4	189859474	190059474	harbor2	chr4	189946214	189946428	DNA/hAT-Charlie	1382	-	107	189946321	86847
chr4	189859474	190059474	harbor2	chr4	189956036	189956183	DNA/hAT-Charlie	490	-	74	189956110	96636
chr4	78043274	78243274	harbor2	chr4	78044669	78044850	DNA/hAT-Charlie	1116	-	90	78044759	1485
chr4	78043274	78243274	harbor2	chr4	78050260	78050513	DNA/hAT-Charlie	1227	-	126	78050386	7112
chr4	78043274	78243274	harbor2	chr4	78081984	78082898	DNA/hAT-Charlie	3124	-	457	78082441	39167
chr4	73048892	73248892	harbor2	chr4	73058831	73059126	DNA/hAT-Charlie	1638	-	148	73058979	10087
chr4	73048892	73248892	harbor2	chr4	73089336	73089432	DNA/hAT-Charlie	1092	-	48	73089384	40492
chr4	73048892	73248892	harbor2	chr4	73103952	73104200	DNA/hAT-Charlie	489	-	124	73104076	55184
chr4	73048892	73248892	harbor2	chr4	73088848	73089045	DNA/hAT-Charlie	1092	-	98	73088946	40054
chr4	185070158	185270158	harbor2	chr4	185074356	185074558	DNA/hAT-Charlie	748	-	101	185074457	4299
chr4	185070158	185270158	harbor2	chr4	185095194	185095322	DNA/hAT-Charlie	650	-	64	185095258	25100
chr4	185070158	185270158	harbor2	chr4	185117896	185118017	DNA/hAT-Charlie	416	-	60	185117956	47798
chr4	156528381	156728381	harbor2	chr4	156528351	156528555	DNA/hAT-Charlie	999	-	102	156528453	72
chr4	156528381	156728381	harbor2	chr4	156587164	156587382	DNA/hAT-Charlie	1353	-	109	156587273	58892
chr4	175451337	175651337	harbor2	chr4	175528888	175529455	DNA/hAT-Charlie	2208	-	284	175529172	77835
chr4	175451337	175651337	harbor2	chr4	175530424	175530569	DNA/hAT-Charlie	541	-	72	175530496	79159
chr4	178715824	178915824	harbor2	chr4	178764595	178764791	DNA/hAT-Charlie	933	-	98	178764693	48869
chr4	178715824	178915824	harbor2	chr4	178766162	178766325	DNA/hAT-Charlie	510	-	82	178766244	50420
chr4	178715824	178915824	harbor2	chr4	178786214	178786566	DNA/hAT-Charlie	1814	-	176	178786390	70566
chr4	178715824	178915824	harbor2	chr4	178815640	178815862	DNA/hAT-Charlie	941	-	111	178815751	99927
chr4	147697520	147897520	harbor2	chr4	147708228	147708374	DNA/hAT-Charlie	434	-	73	147708301	10781
chr4	147697520	147897520	harbor2	chr4	147716947	147717831	DNA/hAT-Charlie	2596	-	442	147717389	19869
chr4	147697520	147897520	harbor2	chr4	147759597	147759742	DNA/hAT-Charlie	654	-	72	147759669	62149
chr4	147697520	147897520	harbor2	chr4	147779039	147779198	DNA/hAT-Charlie	657	-	80	147779119	81599
chr4	133836634	134036634	harbor2	chr4	133930321	133930495	DNA/hAT-Charlie	629	-	87	133930408	93774
chr4	147060843	147260843	harbor2	chr4	147078783	147078992	DNA/hAT-Charlie	1113	-	104	147078887	18044
chr4	147060843	147260843	harbor2	chr4	147131648	147131915	DNA/hAT-Charlie	495	-	134	147131782	70939
chr5	169371166	169571166	harbor2	chr5	169385484	169386045	DNA/hAT-Charlie	2315	-	280	169385764	14598
chr5	169371166	169571166	harbor2	chr5	169387874	169388689	DNA/hAT-Charlie	3793	-	408	169388282	17116
chr5	169371166	169571166	harbor2	chr5	169409116	169409332	DNA/hAT-Charlie	582	-	108	169409224	38058
chr5	169371166	169571166	harbor2	chr5	169418767	169419040	DNA/hAT-Charlie	765	-	136	169418903	47737
chr5	169371166	169571166	harbor2	chr5	169420588	169420719	DNA/hAT-Charlie	714	-	66	169420654	49488
chr5	169371166	169571166	harbor2	chr5	169446924	169446997	DNA/hAT-Charlie	465	-	36	169446960	75794
chr5	169371166	169571166	harbor2	chr5	169447305	169447490	DNA/hAT-Charlie	465	-	92	169447397	76231
chr5	169371166	169571166	harbor2	chr5	169449502	169449694	DNA/hAT-Charlie	865	-	96	169449598	78432
chr5	124439845	124639845	harbor2	chr5	124441235	124441365	DNA/hAT-Charlie	605	-	65	124441300	1455
chr5	124439845	124639845	harbor2	chr5	124448143	124448327	DNA/hAT-Charlie	759	-	92	124448235	8390
chr5	124439845	124639845	harbor2	chr5	124480607	124480827	DNA/hAT-Charlie	1099	-	110	124480717	40872
chr5	177328908	177528908	harbor2	chr5	177347152	177347422	DNA/hAT-Charlie	441	-	135	177347287	18379
chr5	177328908	177528908	harbor2	chr5	177401196	177401367	DNA/hAT-Charlie	737	-	86	177401282	72374
chr5	177328908	177528908	harbor2	chr5	177401742	177401911	DNA/hAT-Charlie	796	-	84	177401826	72918
chr5	165170376	165370376	harbor2	chr5	165176850	165176910	DNA/hAT-Charlie	388	-	30	165176880	6504
chr5	165170376	165370376	harbor2	chr5	165216455	165216616	DNA/hAT-Charlie	760	-	80	165216535	46159
chr5	165170376	165370376	harbor2	chr5	165236060	165236270	DNA/hAT-Charlie	1249	-	105	165236165	65789
chr5	165170376	165370376	harbor2	chr5	165254875	165255093	DNA/hAT-Charlie	805	-	109	165254984	84608
chr5	148136332	148336332	harbor2	chr5	148137737	148138016	DNA/hAT-Charlie	1144	-	140	148137877	1545
chr5	148136332	148336332	harbor2	chr5	148140867	148141072	DNA/hAT-Charlie	540	-	102	148140969	4637
chr5	148136332	148336332	harbor2	chr5	148208602	148208886	DNA/hAT-Charlie	490	-	142	148208744	72412
chr5	181364939	181564939	harbor2	chr5	181453285	181453447	DNA/hAT-Charlie	413	-	81	181453366	88427
chr5	147475542	147675542	harbor2	chr5	147559900	147560053	DNA/hAT-Charlie	688	-	76	147559976	84434
chr5	15948365	16148365	harbor2	chr5	15958948	15959123	DNA/hAT-Charlie	800	-	88	15959036	10671
chr5	15948365	16148365	harbor2	chr5	15993878	15994019	DNA/hAT-Charlie	484	-	70	15993948	45583
chr5	163108959	163308959	harbor2	chr5	163159935	163160095	DNA/hAT-Charlie	900	-	80	163160015	51056
chr5	163108959	163308959	harbor2	chr5	163195544	163195990	DNA/hAT-Charlie	930	-	223	163195767	86808
chr5	112464181	112664181	harbor2	chr5	112473361	112473690	DNA/hAT-Charlie	741	-	164	112473525	9344
chr5	112464181	112664181	harbor2	chr5	112536402	112536703	DNA/hAT-Charlie	866	-	150	112536552	72371
chr5	112464181	112664181	harbor2	chr5	112553207	112553512	DNA/hAT-Charlie	1017	-	152	112553359	89178
chr5	112464181	112664181	harbor2	chr5	112554760	112555037	DNA/hAT-Charlie	451	-	138	112554898	90717
chr5	112464181	112664181	harbor2	chr5	112560737	112560985	DNA/hAT-Charlie	502	-	124	112560861	96680
chr5	113429064	113629064	harbor2	chr5	113441407	113441479	DNA/hAT-Charlie	407	-	36	113441443	12379
chr5	113429064	113629064	harbor2	chr5	113516480	113516686	DNA/hAT-Charlie	1055	-	103	113516583	87519
chr5	128746720	128946720	harbor2	chr5	128750739	128750815	DNA/hAT-Charlie	390	-	38	128750777	4057
chr5	128746720	128946720	harbor2	chr5	128839448	128839667	DNA/hAT-Charlie	1330	-	110	128839558	92838
chr5	159305169	159505169	harbor2	chr5	159307054	159307168	DNA/hAT-Charlie	417	-	57	159307111	1942
chr5	159305169	159505169	harbor2	chr5	159327522	159327703	DNA/hAT-Charlie	899	-	90	159327612	22443
chr5	159305169	159505169	harbor2	chr5	159342657	159343227	DNA/hAT-Charlie	2602	-	285	159342942	37773
chr5	159305169	159505169	harbor2	chr5	159346847	159347009	DNA/hAT-Charlie	543	-	81	159346928	41759
chr5	159305169	159505169	harbor2	chr5	159348575	159348783	DNA/hAT-Charlie	872	-	104	159348679	43510
chr5	159305169	159505169	harbor2	chr5	159395059	159395320	DNA/hAT-Charlie	412	-	130	159395189	90020
chr5	168340798	168540798	harbor2	chr5	168350826	168350863	DNA/hAT-Charlie	789	-	18	168350844	10046
chr5	168340798	168540798	harbor2	chr5	168351162	168351403	DNA/hAT-Charlie	789	-	120	168351282	10484
chr5	168340798	168540798	harbor2	chr5	168381482	168381631	DNA/hAT-Charlie	614	-	74	168381556	40758
chr5	168340798	168540798	harbor2	chr5	168381632	168381819	DNA/hAT-Charlie	577	-	94	168381726	40928
chr5	168340798	168540798	harbor2	chr5	168389749	168389951	DNA/hAT-Charlie	971	-	101	168389850	49052
chr5	168340798	168540798	harbor2	chr5	168398697	168399004	DNA/hAT-Charlie	638	-	154	168398851	58053
chr5	168340798	168540798	harbor2	chr5	168414947	168415102	DNA/hAT-Charlie	495	-	78	168415025	74227
chr5	168340798	168540798	harbor2	chr5	168415111	168415423	DNA/hAT-Charlie	558	-	156	168415267	74469
chr5	168340798	168540798	harbor2	chr5	168419499	168419661	DNA/hAT-Charlie	563	-	81	168419580	78782
chr5	168340798	168540798	harbor2	chr5	168433198	168433359	DNA/hAT-Charlie	955	-	80	168433278	92480
chr5	175697009	175897009	harbor2	chr5	175769967	175770178	DNA/hAT-Charlie	1043	-	106	175770073	73064
chr5	106859988	107059988	harbor2	chr5	106953526	106954206	DNA/hAT-Charlie	1164	-	340	106953866	93878
chr5	106859988	107059988	harbor2	chr5	106954824	106954979	DNA/hAT-Charlie	586	-	78	106954902	94914
chr5	133577924	133777924	harbor2	chr5	133619807	133620793	DNA/hAT-Charlie	3220	-	493	133620300	42376
chr5	107786803	107986803	harbor2	chr5	107791855	107791924	DNA/hAT-Charlie	539	-	34	107791889	5086
chr5	107786803	107986803	harbor2	chr5	107792498	107792706	DNA/hAT-Charlie	539	-	104	107792602	5799
chr5	107786803	107986803	harbor2	chr5	107802797	107802987	DNA/hAT-Charlie	543	-	95	107802892	16089
chr5	107786803	107986803	harbor2	chr5	107803282	107803459	DNA/hAT-Charlie	719	-	88	107803370	16567
chr5	107786803	107986803	harbor2	chr5	107806871	107807040	DNA/hAT-Charlie	491	-	84	107806955	20152
chr5	107786803	107986803	harbor2	chr5	107857262	107857430	DNA/hAT-Charlie	729	-	84	107857346	70543
chr5	107786803	107986803	harbor2	chr5	107857448	107857663	DNA/hAT-Charlie	848	-	108	107857556	70753
chr5	113847054	114047054	harbor2	chr5	113927350	113927460	DNA/hAT-Charlie	490	-	55	113927405	80351
chr5	174832574	175032574	harbor2	chr5	174840041	174840164	DNA/hAT-Charlie	703	-	62	174840103	7529
chr5	174832574	175032574	harbor2	chr5	174840456	174840637	DNA/hAT-Charlie	703	-	90	174840546	7972
chr5	174832574	175032574	harbor2	chr5	174878758	174878914	DNA/hAT-Charlie	584	-	78	174878836	46262
chr5	174832574	175032574	harbor2	chr5	174879537	174879860	DNA/hAT-Charlie	549	-	162	174879699	47125
chr5	174832574	175032574	harbor2	chr5	174895308	174895634	DNA/hAT-Charlie	1536	-	163	174895471	62897
chr5	168176684	168376684	harbor2	chr5	168180210	168180466	DNA/hAT-Charlie	481	-	128	168180338	3654
chr5	168176684	168376684	harbor2	chr5	168198496	168198566	DNA/hAT-Charlie	1066	-	35	168198531	21847
chr5	168176684	168376684	harbor2	chr5	168211251	168211439	DNA/hAT-Charlie	631	-	94	168211345	34661
chr5	168176684	168376684	harbor2	chr5	168261380	168261539	DNA/hAT-Charlie	697	-	80	168261460	84776
chr5	168176684	168376684	harbor2	chr5	168272464	168272661	DNA/hAT-Charlie	856	-	98	168272562	95878
chr5	168176684	168376684	harbor2	chr5	168198030	168198188	DNA/hAT-Charlie	1066	-	79	168198109	21425
chr5	145814051	146014051	harbor2	chr5	145822309	145822512	DNA/hAT-Charlie	928	-	102	145822411	8360
chr5	145814051	146014051	harbor2	chr5	145886681	145887061	DNA/hAT-Charlie	1740	-	190	145886871	72820
chr5	145814051	146014051	harbor2	chr5	145913458	145913638	DNA/hAT-Charlie	463	-	90	145913548	99497
chr5	150016885	150216885	harbor2	chr5	150058142	150058294	DNA/hAT-Charlie	387	-	76	150058218	41333
chr5	150016885	150216885	harbor2	chr5	150092041	150092253	DNA/hAT-Charlie	1132	-	106	150092147	75262
chr5	150016885	150216885	harbor2	chr5	150044474	150044674	DNA/hAT-Charlie	806	-	100	150044574	27689
chr5	172848887	173048887	harbor2	chr5	172862685	172863002	DNA/hAT-Charlie	1069	-	158	172862843	13956
chr5	172848887	173048887	harbor2	chr5	172863251	172863454	DNA/hAT-Charlie	1069	-	102	172863353	14466
chr5	172848887	173048887	harbor2	chr5	172879783	172879966	DNA/hAT-Charlie	753	-	92	172879875	30988
chr5	172848887	173048887	harbor2	chr5	172896580	172896710	DNA/hAT-Charlie	425	-	65	172896645	47758
chr5	172848887	173048887	harbor2	chr5	172916478	172916672	DNA/hAT-Charlie	903	-	97	172916575	67688
chr5	172848887	173048887	harbor2	chr5	172941586	172941881	DNA/hAT-Charlie	442	-	148	172941734	92847
chr5	38951439	39151439	harbor2	chr5	39017825	39017992	DNA/hAT-Charlie	664	-	84	39017909	66470
chr5	38951439	39151439	harbor2	chr5	39023953	39024286	DNA/hAT-Charlie	2218	-	166	39024119	72680
chr5	38951439	39151439	harbor2	chr5	39047179	39047516	DNA/hAT-Charlie	2304	-	168	39047347	95908
chr5	38951439	39151439	harbor2	chr5	39049371	39049588	DNA/hAT-Charlie	769	-	108	39049479	98040
chr5	152353164	152553164	harbor2	chr5	152371548	152371766	DNA/hAT-Charlie	649	-	109	152371657	18493
chr5	152353164	152553164	harbor2	chr5	152381106	152381248	DNA/hAT-Charlie	580	-	71	152381177	28013
chr5	152353164	152553164	harbor2	chr5	152431145	152431308	DNA/hAT-Charlie	514	-	82	152431227	78063
chr5	176964090	177164090	harbor2	chr5	177051038	177051162	DNA/hAT-Charlie	427	-	62	177051100	87010
chr5	176964090	177164090	harbor2	chr5	177051475	177051530	DNA/hAT-Charlie	427	-	28	177051503	87413
chr5	176964090	177164090	harbor2	chr5	177051837	177051878	DNA/hAT-Charlie	427	-	20	177051857	87767
chr5	155158380	155358380	harbor2	chr5	155189419	155189591	DNA/hAT-Charlie	1027	-	86	155189505	31125
chr5	155158380	155358380	harbor2	chr5	155221804	155221980	DNA/hAT-Charlie	956	-	88	155221892	63512
chr5	155158380	155358380	harbor2	chr5	155248725	155248839	DNA/hAT-Charlie	607	-	57	155248782	90402
chr5	155158380	155358380	harbor2	chr5	155251682	155251924	DNA/hAT-Charlie	545	-	121	155251803	93423
chr5	149157560	149357560	harbor2	chr5	149166730	149166946	DNA/hAT-Charlie	1204	-	108	149166838	9278
chr5	149157560	149357560	harbor2	chr5	149167920	149168161	DNA/hAT-Charlie	879	-	120	149168040	10480
chr5	149157560	149357560	harbor2	chr5	149168854	149169017	DNA/hAT-Charlie	475	-	82	149168936	11376
chr5	149157560	149357560	harbor2	chr5	149179721	149179928	DNA/hAT-Charlie	1039	-	104	149179825	22265
chr5	149157560	149357560	harbor2	chr5	149206566	149206675	DNA/hAT-Charlie	388	-	54	149206620	49060
chr5	149157560	149357560	harbor2	chr5	149216168	149216631	DNA/hAT-Charlie	1329	-	232	149216400	58840
chr5	149157560	149357560	harbor2	chr5	149219119	149219305	DNA/hAT-Charlie	836	-	93	149219212	61652
chr5	149157560	149357560	harbor2	chr5	149227541	149227686	DNA/hAT-Charlie	456	-	72	149227613	70053
chr5	149157560	149357560	harbor2	chr5	149231730	149232023	DNA/hAT-Charlie	1268	-	146	149231876	74316
chr5	149157560	149357560	harbor2	chr5	149232328	149232452	DNA/hAT-Charlie	1268	-	62	149232390	74830
chr5	120300361	120500361	harbor2	chr5	120305024	120305202	DNA/hAT-Charlie	850	-	89	120305113	4752
chr5	120300361	120500361	harbor2	chr5	120308539	120308659	DNA/hAT-Charlie	570	-	60	120308599	8238
chr5	120300361	120500361	harbor2	chr5	120308654	120308824	DNA/hAT-Charlie	656	-	85	120308739	8378
chr5	150591198	150791198	harbor2	chr5	150591546	150591864	DNA/hAT-Charlie	1244	-	159	150591705	507
chr5	150591198	150791198	harbor2	chr5	150607706	150608039	DNA/hAT-Charlie	1508	-	166	150607872	16674
chr5	150591198	150791198	harbor2	chr5	150608678	150608845	DNA/hAT-Charlie	746	-	84	150608762	17564
chr5	150591198	150791198	harbor2	chr5	150636182	150636407	DNA/hAT-Charlie	572	-	112	150636294	45096
chr5	173411990	173611990	harbor2	chr5	173506705	173506837	DNA/hAT-Charlie	557	-	66	173506771	94781
chr5	89493842	89693842	harbor2	chr5	89548489	89548720	DNA/hAT-Charlie	569	-	116	89548605	54763
chr5	89493842	89693842	harbor2	chr5	89548734	89549029	DNA/hAT-Charlie	506	-	148	89548882	55040
chr5	108949068	109149068	harbor2	chr5	109004206	109004338	DNA/hAT-Charlie	393	-	66	109004272	55204
chr5	18617846	18817846	harbor2	chr5	18626703	18626954	DNA/hAT-Charlie	638	-	126	18626829	8983
chr5	18617846	18817846	harbor2	chr5	18643992	18644147	DNA/hAT-Charlie	679	-	78	18644070	26224
chr5	168886675	169086675	harbor2	chr5	168892078	168892383	DNA/hAT-Charlie	1669	-	152	168892230	5555
chr5	168886675	169086675	harbor2	chr5	168915551	168915777	DNA/hAT-Charlie	887	-	113	168915664	28989
chr5	168886675	169086675	harbor2	chr5	168950436	168950637	DNA/hAT-Charlie	741	-	100	168950536	63861
chr5	168886675	169086675	harbor2	chr5	168954691	168954908	DNA/hAT-Charlie	539	-	108	168954799	68124
chr5	168886675	169086675	harbor2	chr5	168957445	168957600	DNA/hAT-Charlie	662	-	78	168957523	70848
chr5	167496504	167696504	harbor2	chr5	167524495	167524629	DNA/hAT-Charlie	603	-	67	167524562	28058
chr5	167496504	167696504	harbor2	chr5	167536372	167536569	DNA/hAT-Charlie	562	-	98	167536470	39966
chr5	167496504	167696504	harbor2	chr5	167591111	167591314	DNA/hAT-Charlie	480	-	102	167591213	94709
chr5	98852768	99052768	harbor2	chr5	98885992	98886077	DNA/hAT-Charlie	410	-	42	98886034	33266
chr5	98852768	99052768	harbor2	chr5	98894318	98894502	DNA/hAT-Charlie	574	-	92	98894410	41642
chr5	98852768	99052768	harbor2	chr5	98904210	98904389	DNA/hAT-Charlie	600	-	90	98904300	51532
chr5	98852768	99052768	harbor2	chr5	98921412	98921539	DNA/hAT-Charlie	749	-	64	98921476	68708
chr5	174393716	174593716	harbor2	chr5	174417954	174418084	DNA/hAT-Charlie	635	-	65	174418019	24303
chr5	179990546	180190546	harbor2	chr5	179991627	179992094	DNA/hAT-Charlie	3280	-	234	179991861	1315
chr5	179990546	180190546	harbor2	chr5	180072515	180072840	DNA/hAT-Charlie	1700	-	162	180072677	82131
chr5	110221772	110421772	harbor2	chr5	110247882	110248104	DNA/hAT-Charlie	1104	-	111	110247993	26221
chr5	179473522	179673522	harbor2	chr5	179493606	179493849	DNA/hAT-Charlie	392	-	122	179493728	20206
chr5	179473522	179673522	harbor2	chr5	179493825	179494141	DNA/hAT-Charlie	936	-	158	179493983	20461
chr5	179473522	179673522	harbor2	chr5	179497109	179497268	DNA/hAT-Charlie	549	-	80	179497189	23667
chr5	179473522	179673522	harbor2	chr5	179544705	179544898	DNA/hAT-Charlie	974	-	96	179544801	71279
chr5	179473522	179673522	harbor2	chr5	179548350	179548546	DNA/hAT-Charlie	604	-	98	179548448	74926
chr5	179473522	179673522	harbor2	chr5	179549160	179549256	DNA/hAT-Charlie	604	-	48	179549208	75686
chr5	179473522	179673522	harbor2	chr5	179549265	179549558	DNA/hAT-Charlie	680	-	146	179549411	75889
chr5	179473522	179673522	harbor2	chr5	179551838	179551883	DNA/hAT-Charlie	535	-	22	179551860	78338
chr5	179473522	179673522	harbor2	chr5	179556009	179556507	DNA/hAT-Charlie	1783	-	249	179556258	82736
chr5	179473522	179673522	harbor2	chr5	179556800	179557147	DNA/hAT-Charlie	1783	-	174	179556974	83452
chr5	179473522	179673522	harbor2	chr5	179557443	179557681	DNA/hAT-Charlie	1353	-	119	179557562	84040
chr5	179473522	179673522	harbor2	chr5	179552188	179552313	DNA/hAT-Charlie	535	-	62	179552250	78728
chr5	72268943	72468943	harbor2	chr5	72291318	72291738	DNA/hAT-Charlie	1634	-	210	72291528	22585
chr5	72268943	72468943	harbor2	chr5	72317926	72318136	DNA/hAT-Charlie	1145	-	105	72318031	49088
chr5	72268943	72468943	harbor2	chr5	72337144	72337335	DNA/hAT-Charlie	893	-	96	72337240	68297
chr5	72268943	72468943	harbor2	chr5	72363251	72363423	DNA/hAT-Charlie	918	-	86	72363337	94394
chr5	148949930	149149930	harbor2	chr5	148956702	148956877	DNA/hAT-Charlie	531	-	88	148956790	6860
chr5	148949930	149149930	harbor2	chr5	148965012	148965160	DNA/hAT-Charlie	976	-	74	148965086	15156
chr5	148949930	149149930	harbor2	chr5	148965506	148965572	DNA/hAT-Charlie	976	-	33	148965539	15609
chr5	148949930	149149930	harbor2	chr5	148967419	148967712	DNA/hAT-Charlie	568	-	146	148967565	17635
chr5	148949930	149149930	harbor2	chr5	148971339	148971567	DNA/hAT-Charlie	1059	-	114	148971453	21523
chr5	148949930	149149930	harbor2	chr5	148971856	148972061	DNA/hAT-Charlie	1059	-	102	148971958	22028
chr5	148949930	149149930	harbor2	chr5	148978017	148978140	DNA/hAT-Charlie	461	-	62	148978079	28149
chr5	148949930	149149930	harbor2	chr5	148979491	148979667	DNA/hAT-Charlie	850	-	88	148979579	29649
chr5	148949930	149149930	harbor2	chr5	149002907	149003081	DNA/hAT-Charlie	665	-	87	149002994	53064
chr5	148949930	149149930	harbor2	chr5	149009654	149009918	DNA/hAT-Charlie	562	-	132	149009786	59856
chr5	148949930	149149930	harbor2	chr5	149038572	149038910	DNA/hAT-Charlie	739	-	169	149038741	88811
chr5	148949930	149149930	harbor2	chr5	149043556	149043720	DNA/hAT-Charlie	504	-	82	149043638	93708
chr5	156505983	156705983	harbor2	chr5	156533593	156533773	DNA/hAT-Charlie	597	-	90	156533683	27700
chr5	156505983	156705983	harbor2	chr5	156543125	156543270	DNA/hAT-Charlie	568	-	72	156543197	37214
chr5	156505983	156705983	harbor2	chr5	156545405	156545750	DNA/hAT-Charlie	1938	-	172	156545577	39594
chr5	156505983	156705983	harbor2	chr5	156547151	156547376	DNA/hAT-Charlie	934	-	112	156547263	41280
chr5	160690315	160890315	harbor2	chr5	160693616	160693937	DNA/hAT-Charlie	2082	-	160	160693776	3461
chr5	160690315	160890315	harbor2	chr5	160757799	160758011	DNA/hAT-Charlie	1249	-	106	160757905	67590
chr5	160690315	160890315	harbor2	chr5	160766750	160766861	DNA/hAT-Charlie	420	-	56	160766806	76491
chr5	160690315	160890315	harbor2	chr5	160767012	160767219	DNA/hAT-Charlie	1090	-	104	160767116	76801
chr5	160690315	160890315	harbor2	chr5	160772461	160772777	DNA/hAT-Charlie	1925	-	158	160772619	82304
chr5	160690315	160890315	harbor2	chr5	160781173	160781320	DNA/hAT-Charlie	544	-	74	160781247	90932
chr5	158192152	158392152	harbor2	chr5	158197097	158197332	DNA/hAT-Charlie	408	-	118	158197215	5063
chr5	158192152	158392152	harbor2	chr5	158214517	158214736	DNA/hAT-Charlie	1039	-	110	158214627	22475
chr5	158192152	158392152	harbor2	chr5	158228632	158228875	DNA/hAT-Charlie	1004	-	122	158228754	36602
chr5	158192152	158392152	harbor2	chr5	158228877	158229031	DNA/hAT-Charlie	549	-	77	158228954	36802
chr5	158192152	158392152	harbor2	chr5	158291314	158291516	DNA/hAT-Charlie	1016	-	101	158291415	99263
chr5	157990183	158190183	harbor2	chr5	157991058	157991190	DNA/hAT-Charlie	464	-	66	157991124	941
chr5	157990183	158190183	harbor2	chr5	158010938	158011091	DNA/hAT-Charlie	785	-	76	158011014	20831
chr5	157990183	158190183	harbor2	chr5	158052689	158052856	DNA/hAT-Charlie	1326	-	84	158052773	62590
chr5	157990183	158190183	harbor2	chr5	158053158	158053277	DNA/hAT-Charlie	1326	-	60	158053218	63035
chr5	157990183	158190183	harbor2	chr5	158069959	158070259	DNA/hAT-Charlie	775	-	150	158070109	79926
chr5	157990183	158190183	harbor2	chr5	158083699	158083876	DNA/hAT-Charlie	727	-	88	158083787	93604
chr5	179708163	179908163	harbor2	chr5	179743840	179744187	DNA/hAT-Charlie	942	-	174	179744014	35851
chr5	179708163	179908163	harbor2	chr5	179744486	179744522	DNA/hAT-Charlie	942	-	18	179744504	36341
chr5	179708163	179908163	harbor2	chr5	179744880	179744902	DNA/hAT-Charlie	1488	-	11	179744891	36728
chr5	179708163	179908163	harbor2	chr5	179745205	179745433	DNA/hAT-Charlie	1488	-	114	179745319	37156
chr5	179708163	179908163	harbor2	chr5	179746354	179746378	DNA/hAT-Charlie	1488	-	12	179746366	38203
chr5	179708163	179908163	harbor2	chr5	179746673	179746943	DNA/hAT-Charlie	1488	-	135	179746808	38645
chr5	179708163	179908163	harbor2	chr5	179754644	179754828	DNA/hAT-Charlie	1025	-	92	179754736	46573
chr5	51430356	51630356	harbor2	chr5	51453547	51453859	DNA/hAT-Charlie	1103	-	156	51453703	23347
chr5	158283094	158483094	harbor2	chr5	158291314	158291516	DNA/hAT-Charlie	1016	-	101	158291415	8321
chr5	158283094	158483094	harbor2	chr5	158292973	158293090	DNA/hAT-Charlie	391	-	58	158293031	9937
chr5	158283094	158483094	harbor2	chr5	158363724	158363955	DNA/hAT-Charlie	653	-	116	158363840	80746
chr5	158283094	158483094	harbor2	chr5	158365173	158365584	DNA/hAT-Charlie	652	-	206	158365379	82285
chr5	168201309	168401309	harbor2	chr5	168211251	168211439	DNA/hAT-Charlie	631	-	94	168211345	10036
chr5	168201309	168401309	harbor2	chr5	168261380	168261539	DNA/hAT-Charlie	697	-	80	168261460	60151
chr5	168201309	168401309	harbor2	chr5	168272464	168272661	DNA/hAT-Charlie	856	-	98	168272562	71253
chr5	168201309	168401309	harbor2	chr5	168294235	168294566	DNA/hAT-Charlie	674	-	166	168294401	93092
chr5	125572120	125772120	harbor2	chr5	125669359	125669398	DNA/hAT-Charlie	1944	-	20	125669379	97259
chr5	125572120	125772120	harbor2	chr5	125669844	125670039	DNA/hAT-Charlie	1944	-	98	125669942	97822
chr5	125572120	125772120	harbor2	chr5	125670399	125670643	DNA/hAT-Charlie	1944	-	122	125670521	98401
chr5	154900897	155100897	harbor2	chr5	154923446	154923704	DNA/hAT-Charlie	1236	-	129	154923575	22678
chr5	154900897	155100897	harbor2	chr5	154923905	154924228	DNA/hAT-Charlie	1162	-	162	154924067	23170
chr5	154900897	155100897	harbor2	chr5	154926681	154926763	DNA/hAT-Charlie	656	-	41	154926722	25825
chr5	154900897	155100897	harbor2	chr5	154927065	154927097	DNA/hAT-Charlie	656	-	16	154927081	26184
chr5	154900897	155100897	harbor2	chr5	154929463	154929635	DNA/hAT-Charlie	511	-	86	154929549	28652
chr5	154900897	155100897	harbor2	chr5	154936666	154936822	DNA/hAT-Charlie	839	-	78	154936744	35847
chr5	161153651	161353651	harbor2	chr5	161189182	161189270	DNA/hAT-Charlie	426	-	44	161189226	35575
chr5	161153651	161353651	harbor2	chr5	161189307	161189536	DNA/hAT-Charlie	591	-	114	161189421	35770
chr5	161153651	161353651	harbor2	chr5	161229223	161229421	DNA/hAT-Charlie	970	-	99	161229322	75671
chr5	161153651	161353651	harbor2	chr5	161202038	161202186	DNA/hAT-Charlie	527	-	74	161202112	48461
chr5	126266477	126466477	harbor2	chr5	126287061	126287282	DNA/hAT-Charlie	922	-	110	126287171	20694
chr5	126266477	126466477	harbor2	chr5	126296648	126296735	DNA/hAT-Charlie	528	-	44	126296692	30215
chr5	126266477	126466477	harbor2	chr5	126299502	126299718	DNA/hAT-Charlie	1317	-	108	126299610	33133
chr5	126266477	126466477	harbor2	chr5	126326010	126326272	DNA/hAT-Charlie	451	-	131	126326141	59664
chr5	126266477	126466477	harbor2	chr5	126338650	126338744	DNA/hAT-Charlie	416	-	47	126338697	72220
chr5	169590646	169790646	harbor2	chr5	169629545	169629993	DNA/hAT-Charlie	967	-	224	169629769	39123
chr5	169590646	169790646	harbor2	chr5	169643341	169643696	DNA/hAT-Charlie	2131	-	178	169643519	52873
chr5	169590646	169790646	harbor2	chr5	169648149	169648380	DNA/hAT-Charlie	1196	-	116	169648265	57619
chr5	169590646	169790646	harbor2	chr5	169668880	169669138	DNA/hAT-Charlie	415	-	129	169669009	78363
chr5	169590646	169790646	harbor2	chr5	169673652	169673912	DNA/hAT-Charlie	852	-	130	169673782	83136
chr5	40398259	40598259	harbor2	chr5	40409205	40409515	DNA/hAT-Charlie	1272	-	155	40409360	11101
chr5	40398259	40598259	harbor2	chr5	40440072	40440370	DNA/hAT-Charlie	1106	-	149	40440221	41962
chr5	175828877	176028877	harbor2	chr5	175850511	175850733	DNA/hAT-Charlie	670	-	111	175850622	21745
chr5	175828877	176028877	harbor2	chr5	175890724	175890849	DNA/hAT-Charlie	473	-	62	175890786	61909
chr5	175828877	176028877	harbor2	chr5	175898044	175898180	DNA/hAT-Charlie	410	-	68	175898112	69235
chr5	175828877	176028877	harbor2	chr5	175917850	175917930	DNA/hAT-Charlie	642	-	40	175917890	89013
chr5	175828877	176028877	harbor2	chr5	175918202	175918390	DNA/hAT-Charlie	642	-	94	175918296	89419
chr5	175828877	176028877	harbor2	chr5	175918390	175918578	DNA/hAT-Charlie	390	-	94	175918484	89607
chr5	79943567	80143567	harbor2	chr5	79954710	79954907	DNA/hAT-Charlie	918	-	98	79954808	11241
chr5	79943567	80143567	harbor2	chr5	79957173	79957355	DNA/hAT-Charlie	526	-	91	79957264	13697
chr5	79943567	80143567	harbor2	chr5	79959158	79959310	DNA/hAT-Charlie	548	-	76	79959234	15667
chr5	79943567	80143567	harbor2	chr5	79959739	79959862	DNA/hAT-Charlie	548	-	62	79959801	16234
chr5	79943567	80143567	harbor2	chr5	79978241	79978306	DNA/hAT-Charlie	786	-	32	79978273	34706
chr5	79943567	80143567	harbor2	chr5	79978611	79978779	DNA/hAT-Charlie	786	-	84	79978695	35128
chr5	79943567	80143567	harbor2	chr5	80008643	80008855	DNA/hAT-Charlie	1156	-	106	80008749	65182
chr5	79943567	80143567	harbor2	chr5	80026477	80026777	DNA/hAT-Charlie	1384	-	150	80026627	83060
chr5	79943567	80143567	harbor2	chr5	80033902	80034049	DNA/hAT-Charlie	394	-	74	80033976	90409
chr5	175656669	175856669	harbor2	chr5	175670278	175670411	DNA/hAT-Charlie	412	-	66	175670344	13675
chr5	175656669	175856669	harbor2	chr5	175692098	175692396	DNA/hAT-Charlie	1167	-	149	175692247	35578
chr5	157072669	157272669	harbor2	chr5	157088372	157088539	DNA/hAT-Charlie	625	-	84	157088456	15787
chr5	157072669	157272669	harbor2	chr5	157107100	157107287	DNA/hAT-Charlie	889	-	94	157107194	34525
chr5	157072669	157272669	harbor2	chr5	157137298	157137422	DNA/hAT-Charlie	614	-	62	157137360	64691
chr5	157072669	157272669	harbor2	chr5	157137456	157137529	DNA/hAT-Charlie	408	-	36	157137492	64823
chr5	157072669	157272669	harbor2	chr5	157161705	157161924	DNA/hAT-Charlie	1016	-	110	157161815	89146
chr5	101732708	101932708	harbor2	chr5	101786501	101786695	DNA/hAT-Charlie	824	-	97	101786598	53890
chr5	101732708	101932708	harbor2	chr5	101804746	101805117	DNA/hAT-Charlie	870	-	186	101804932	72224
chr5	101732708	101932708	harbor2	chr5	101805121	101805244	DNA/hAT-Charlie	436	-	62	101805183	72475
chr5	144458011	144658011	harbor2	chr5	144523849	144524112	DNA/hAT-Charlie	893	-	132	144523981	65970
chr5	109234010	109434010	harbor2	chr5	109243898	109244109	DNA/hAT-Charlie	1127	-	106	109244004	9994
chr5	174693798	174893798	harbor2	chr5	174694566	174694824	DNA/hAT-Charlie	509	-	129	174694695	897
chr5	174693798	174893798	harbor2	chr5	174694985	174695174	DNA/hAT-Charlie	1257	-	94	174695079	1281
chr5	174693798	174893798	harbor2	chr5	174695479	174695556	DNA/hAT-Charlie	1257	-	38	174695517	1719
chr5	174693798	174893798	harbor2	chr5	174695865	174696044	DNA/hAT-Charlie	1257	-	90	174695955	2157
chr5	174693798	174893798	harbor2	chr5	174715288	174715464	DNA/hAT-Charlie	536	-	88	174715376	21578
chr5	174693798	174893798	harbor2	chr5	174715768	174715892	DNA/hAT-Charlie	536	-	62	174715830	22032
chr5	174693798	174893798	harbor2	chr5	174758089	174758231	DNA/hAT-Charlie	931	-	71	174758160	64362
chr5	148285819	148485819	harbor2	chr5	148293087	148294913	DNA/hAT-Charlie	4585	-	913	148294000	8181
chr5	148285819	148485819	harbor2	chr5	148295238	148295658	DNA/hAT-Charlie	1187	-	210	148295448	9629
chr5	148285819	148485819	harbor2	chr5	148373954	148374105	DNA/hAT-Charlie	440	-	76	148374030	88211
chr5	88247775	88447775	harbor2	chr5	88265267	88265613	DNA/hAT-Charlie	2134	-	173	88265440	17665
chr5	88247775	88447775	harbor2	chr5	88284511	88284951	DNA/hAT-Charlie	1651	-	220	88284731	36956
chr5	119764175	119964175	harbor2	chr5	119837123	119837318	DNA/hAT-Charlie	802	-	98	119837221	73046
chr5	133011623	133211623	harbor2	chr5	133091721	133091764	DNA/hAT-Charlie	441	-	22	133091743	80120
chr5	133011623	133211623	harbor2	chr5	133092062	133092181	DNA/hAT-Charlie	441	-	60	133092122	80499
chr5	139755432	139955432	harbor2	chr5	139844298	139844495	DNA/hAT-Charlie	821	-	98	139844396	88964
chr5	55479545	55679545	harbor2	chr5	55524167	55524384	DNA/hAT-Charlie	1586	-	108	55524275	44730
chr5	55479545	55679545	harbor2	chr5	55544456	55544612	DNA/hAT-Charlie	454	-	78	55544534	64989
chr5	179391211	179591211	harbor2	chr5	179443872	179444217	DNA/hAT-Charlie	1206	-	172	179444044	52833
chr5	179391211	179591211	harbor2	chr5	179444531	179444630	DNA/hAT-Charlie	1206	-	50	179444581	53370
chr5	179391211	179591211	harbor2	chr5	179444757	179444861	DNA/hAT-Charlie	475	-	52	179444809	53598
chr5	179391211	179591211	harbor2	chr5	179445834	179446434	DNA/hAT-Charlie	3105	-	300	179446134	54923
chr5	179391211	179591211	harbor2	chr5	179446735	179446987	DNA/hAT-Charlie	3105	-	126	179446861	55650
chr5	179391211	179591211	harbor2	chr5	179447143	179447378	DNA/hAT-Charlie	732	-	118	179447261	56050
chr5	179391211	179591211	harbor2	chr5	179447680	179447772	DNA/hAT-Charlie	732	-	46	179447726	56515
chr5	180850364	181050364	harbor2	chr5	180857246	180857401	DNA/hAT-Charlie	638	-	78	180857324	6960
chr5	180850364	181050364	harbor2	chr5	180862135	180862465	DNA/hAT-Charlie	669	-	165	180862300	11936
chr5	180850364	181050364	harbor2	chr5	180862505	180862762	DNA/hAT-Charlie	732	-	128	180862633	12269
chr5	175794759	175994759	harbor2	chr5	175824109	175824341	DNA/hAT-Charlie	867	-	116	175824225	29466
chr5	175794759	175994759	harbor2	chr5	175850511	175850733	DNA/hAT-Charlie	670	-	111	175850622	55863
chr5	175794759	175994759	harbor2	chr5	175890724	175890849	DNA/hAT-Charlie	473	-	62	175890786	96027
chr5	168068816	168268816	harbor2	chr5	168069077	168069352	DNA/hAT-Charlie	831	-	138	168069215	399
chr5	168068816	168268816	harbor2	chr5	168094602	168094766	DNA/hAT-Charlie	1186	-	82	168094684	25868
chr5	168068816	168268816	harbor2	chr5	168109516	168109632	DNA/hAT-Charlie	449	-	58	168109574	40758
chr5	168068816	168268816	harbor2	chr5	168126386	168126570	DNA/hAT-Charlie	964	-	92	168126478	57662
chr5	168068816	168268816	harbor2	chr5	168139665	168140009	DNA/hAT-Charlie	941	-	172	168139837	71021
chr5	168068816	168268816	harbor2	chr5	168153177	168153350	DNA/hAT-Charlie	648	-	86	168153263	84447
chr5	168068816	168268816	harbor2	chr5	168153679	168153848	DNA/hAT-Charlie	810	-	84	168153763	84947
chr5	168068816	168268816	harbor2	chr5	168158512	168158669	DNA/hAT-Charlie	1053	-	78	168158590	89774
chr5	168068816	168268816	harbor2	chr5	168166509	168166691	DNA/hAT-Charlie	580	-	91	168166600	97784
chr5	175733812	175933812	harbor2	chr5	175769967	175770178	DNA/hAT-Charlie	1043	-	106	175770073	36261
chr5	175733812	175933812	harbor2	chr5	175824109	175824341	DNA/hAT-Charlie	867	-	116	175824225	90413
chr5	155515478	155715478	harbor2	chr5	155529748	155529984	DNA/hAT-Charlie	409	-	118	155529866	14388
chr5	155515478	155715478	harbor2	chr5	155561786	155562082	DNA/hAT-Charlie	1362	-	148	155561934	46456
chr5	155515478	155715478	harbor2	chr5	155563857	155564030	DNA/hAT-Charlie	888	-	86	155563943	48465
chr5	155515478	155715478	harbor2	chr5	155564333	155564604	DNA/hAT-Charlie	888	-	136	155564469	48991
chr5	155515478	155715478	harbor2	chr5	155577517	155577732	DNA/hAT-Charlie	1096	-	108	155577625	62147
chr5	155515478	155715478	harbor2	chr5	155582190	155582390	DNA/hAT-Charlie	856	-	100	155582290	66812
chr5	155515478	155715478	harbor2	chr5	155591653	155591954	DNA/hAT-Charlie	1421	-	150	155591803	76325
chr5	179527553	179727553	harbor2	chr5	179544705	179544898	DNA/hAT-Charlie	974	-	96	179544801	17248
chr5	179527553	179727553	harbor2	chr5	179548350	179548546	DNA/hAT-Charlie	604	-	98	179548448	20895
chr5	179527553	179727553	harbor2	chr5	179549160	179549256	DNA/hAT-Charlie	604	-	48	179549208	21655
chr5	179527553	179727553	harbor2	chr5	179549265	179549558	DNA/hAT-Charlie	680	-	146	179549411	21858
chr5	179527553	179727553	harbor2	chr5	179551838	179551883	DNA/hAT-Charlie	535	-	22	179551860	24307
chr5	179527553	179727553	harbor2	chr5	179556009	179556507	DNA/hAT-Charlie	1783	-	249	179556258	28705
chr5	179527553	179727553	harbor2	chr5	179556800	179557147	DNA/hAT-Charlie	1783	-	174	179556974	29421
chr5	179527553	179727553	harbor2	chr5	179557443	179557681	DNA/hAT-Charlie	1353	-	119	179557562	30009
chr5	179527553	179727553	harbor2	chr5	179552188	179552313	DNA/hAT-Charlie	535	-	62	179552250	24697
chr5	170419457	170619457	harbor2	chr5	170420024	170420143	DNA/hAT-Charlie	552	-	60	170420084	627
chr5	170419457	170619457	harbor2	chr5	170420740	170420950	DNA/hAT-Charlie	614	-	105	170420845	1388
chr5	170419457	170619457	harbor2	chr5	170436473	170436617	DNA/hAT-Charlie	486	-	72	170436545	17088
chr5	92866703	93066703	harbor2	chr5	92940423	92940698	DNA/hAT-Charlie	488	-	138	92940561	73858
chr5	92866703	93066703	harbor2	chr5	92957351	92957486	DNA/hAT-Charlie	467	-	68	92957419	90716
chr5	175170609	175370609	harbor2	chr5	175180379	175180642	DNA/hAT-Charlie	550	-	132	175180511	9902
chr5	175170609	175370609	harbor2	chr5	175249240	175249401	DNA/hAT-Charlie	808	-	80	175249320	78711
chr5	171730868	171930868	harbor2	chr5	171735913	171736433	DNA/hAT-Charlie	2678	-	260	171736173	5305
chr5	171730868	171930868	harbor2	chr5	171773696	171773888	DNA/hAT-Charlie	639	-	96	171773792	42924
chr5	171730868	171930868	harbor2	chr5	171786769	171787003	DNA/hAT-Charlie	654	-	117	171786886	56018
chr5	171730868	171930868	harbor2	chr5	171736745	171737268	DNA/hAT-Charlie	2678	-	262	171737007	6139
chr5	158093956	158293956	harbor2	chr5	158132481	158132698	DNA/hAT-Charlie	1178	-	108	158132589	38633
chr5	158093956	158293956	harbor2	chr5	158174079	158174279	DNA/hAT-Charlie	530	-	100	158174179	80223
chr5	158093956	158293956	harbor2	chr5	158154672	158154783	DNA/hAT-Charlie	490	-	56	158154728	60772
chr5	133771609	133971609	harbor2	chr5	133800334	133800539	DNA/hAT-Charlie	1363	-	102	133800436	28827
chr5	133771609	133971609	harbor2	chr5	133813321	133813490	DNA/hAT-Charlie	611	-	84	133813405	41796
chr5	133771609	133971609	harbor2	chr5	133832762	133833068	DNA/hAT-Charlie	1042	-	153	133832915	61306
chr5	133771609	133971609	harbor2	chr5	133835456	133835799	DNA/hAT-Charlie	548	-	172	133835628	64019
chr5	133771609	133971609	harbor2	chr5	133839392	133839523	DNA/hAT-Charlie	411	-	66	133839458	67849
chr5	133771609	133971609	harbor2	chr5	133845899	133846050	DNA/hAT-Charlie	781	-	76	133845975	74366
chr5	133771609	133971609	harbor2	chr5	133846060	133846358	DNA/hAT-Charlie	1314	-	149	133846209	74600
chr5	133771609	133971609	harbor2	chr5	133855993	133856174	DNA/hAT-Charlie	897	-	90	133856083	84474
chr5	42726834	42926834	harbor2	chr5	42753215	42753377	DNA/hAT-Charlie	846	-	81	42753296	26462
chr5	42726834	42926834	harbor2	chr5	42821418	42821522	DNA/hAT-Charlie	775	-	52	42821470	94636
chr5	37026248	37226248	harbor2	chr5	37035491	37035701	DNA/hAT-Charlie	639	-	105	37035596	9348
chr5	37026248	37226248	harbor2	chr5	37043768	37043987	DNA/hAT-Charlie	1136	-	110	37043878	17630
chr5	37026248	37226248	harbor2	chr5	37045725	37045963	DNA/hAT-Charlie	789	-	119	37045844	19596
chr5	37026248	37226248	harbor2	chr5	37070433	37070566	DNA/hAT-Charlie	401	-	66	37070499	44251
chr5	37026248	37226248	harbor2	chr5	37106584	37106823	DNA/hAT-Charlie	977	-	120	37106704	80456
chr5	37026248	37226248	harbor2	chr5	37076936	37077090	DNA/hAT-Charlie	643	-	77	37077013	50765
chr5	163798978	163998978	harbor2	chr5	163809556	163809798	DNA/hAT-Charlie	617	-	121	163809677	10699
chr5	163798978	163998978	harbor2	chr5	163810906	163811218	DNA/hAT-Charlie	1308	-	156	163811062	12084
chr5	163798978	163998978	harbor2	chr5	163864962	163865116	DNA/hAT-Charlie	574	-	77	163865039	66061
chr5	163798978	163998978	harbor2	chr5	163884088	163884409	DNA/hAT-Charlie	1669	-	160	163884248	85270
chr5	160088972	160288972	harbor2	chr5	160157108	160157254	DNA/hAT-Charlie	395	-	73	160157181	68209
chr5	160088972	160288972	harbor2	chr5	160163443	160163604	DNA/hAT-Charlie	643	-	80	160163523	74551
chr5	160088972	160288972	harbor2	chr5	160163905	160164218	DNA/hAT-Charlie	643	-	156	160164061	75089
chr5	160088972	160288972	harbor2	chr5	160174632	160174766	DNA/hAT-Charlie	446	-	67	160174699	85727
chr5	160088972	160288972	harbor2	chr5	160175070	160175151	DNA/hAT-Charlie	446	-	40	160175110	86138
chr5	160725356	160925356	harbor2	chr5	160757799	160758011	DNA/hAT-Charlie	1249	-	106	160757905	32549
chr5	160725356	160925356	harbor2	chr5	160766750	160766861	DNA/hAT-Charlie	420	-	56	160766806	41450
chr5	160725356	160925356	harbor2	chr5	160767012	160767219	DNA/hAT-Charlie	1090	-	104	160767116	41760
chr5	160725356	160925356	harbor2	chr5	160772461	160772777	DNA/hAT-Charlie	1925	-	158	160772619	47263
chr5	160725356	160925356	harbor2	chr5	160781173	160781320	DNA/hAT-Charlie	544	-	74	160781247	55891
chr5	160725356	160925356	harbor2	chr5	160809125	160809311	DNA/hAT-Charlie	433	-	93	160809218	83862
chr5	149861530	150061530	harbor2	chr5	149867450	149867604	DNA/hAT-Charlie	611	-	77	149867527	5997
chr5	149861530	150061530	harbor2	chr5	149868630	149868836	DNA/hAT-Charlie	744	-	103	149868733	7203
chr5	149861530	150061530	harbor2	chr5	149872852	149872990	DNA/hAT-Charlie	1093	-	69	149872921	11391
chr5	149861530	150061530	harbor2	chr5	149873257	149873332	DNA/hAT-Charlie	1093	-	38	149873295	11765
chr5	149861530	150061530	harbor2	chr5	149873632	149873714	DNA/hAT-Charlie	1093	-	41	149873673	12143
chr5	149861530	150061530	harbor2	chr5	149875341	149875487	DNA/hAT-Charlie	659	-	73	149875414	13884
chr5	149861530	150061530	harbor2	chr5	149875788	149876346	DNA/hAT-Charlie	659	-	279	149876067	14537
chr5	149861530	150061530	harbor2	chr5	149877709	149877763	DNA/hAT-Charlie	522	-	27	149877736	16206
chr5	149861530	150061530	harbor2	chr5	149877984	149878249	DNA/hAT-Charlie	522	-	132	149878116	16586
chr5	149861530	150061530	harbor2	chr5	149920212	149920298	DNA/hAT-Charlie	848	-	43	149920255	58725
chr5	149861530	150061530	harbor2	chr5	149920592	149920764	DNA/hAT-Charlie	848	-	86	149920678	59148
chr5	149861530	150061530	harbor2	chr5	149947990	149948173	DNA/hAT-Charlie	937	-	92	149948082	86552
chr5	152450127	152650127	harbor2	chr5	152463722	152463848	DNA/hAT-Charlie	486	-	63	152463785	13658
chr5	152450127	152650127	harbor2	chr5	152473896	152474075	DNA/hAT-Charlie	646	-	90	152473986	23859
chr5	152450127	152650127	harbor2	chr5	152497158	152497409	DNA/hAT-Charlie	706	-	126	152497284	47157
chr5	152450127	152650127	harbor2	chr5	152497409	152497595	DNA/hAT-Charlie	733	-	93	152497502	47375
chr5	152450127	152650127	harbor2	chr5	152510362	152510468	DNA/hAT-Charlie	397	-	53	152510415	60288
chr5	152450127	152650127	harbor2	chr5	152536124	152536310	DNA/hAT-Charlie	408	-	93	152536217	86090
chr5	167214039	167414039	harbor2	chr5	167215194	167215373	DNA/hAT-Charlie	481	-	90	167215284	1245
chr5	167214039	167414039	harbor2	chr5	167248361	167248542	DNA/hAT-Charlie	831	-	90	167248451	34412
chr5	167214039	167414039	harbor2	chr5	167258965	167259150	DNA/hAT-Charlie	924	-	92	167259057	45018
chr5	167214039	167414039	harbor2	chr5	167259188	167259510	DNA/hAT-Charlie	408	-	161	167259349	45310
chr5	167214039	167414039	harbor2	chr5	167303752	167303980	DNA/hAT-Charlie	479	-	114	167303866	89827
chr5	167214039	167414039	harbor2	chr5	167313274	167313356	DNA/hAT-Charlie	622	-	41	167313315	99276
chr5	179967824	180167824	harbor2	chr5	179991627	179992094	DNA/hAT-Charlie	3280	-	234	179991861	24037
chr5	150465723	150665723	harbor2	chr5	150515093	150515444	DNA/hAT-Charlie	654	-	176	150515269	49546
chr5	150465723	150665723	harbor2	chr5	150529541	150529816	DNA/hAT-Charlie	960	-	138	150529679	63956
chr5	82419363	82619363	harbor2	chr5	82515850	82516362	DNA/hAT-Charlie	1995	-	256	82516106	96743
chr5	82419363	82619363	harbor2	chr5	82519093	82519385	DNA/hAT-Charlie	708	-	146	82519239	99876
chr5	123519188	123719188	harbor2	chr5	123530441	123530651	DNA/hAT-Charlie	412	-	105	123530546	11358
chr5	123519188	123719188	harbor2	chr5	123564892	123565368	DNA/hAT-Charlie	1472	-	238	123565130	45942
chr5	123519188	123719188	harbor2	chr5	123569320	123569742	DNA/hAT-Charlie	1737	-	211	123569531	50343
chr5	123519188	123719188	harbor2	chr5	123608675	123608858	DNA/hAT-Charlie	727	-	92	123608767	89579
chr5	123519188	123719188	harbor2	chr5	123618222	123619083	DNA/hAT-Charlie	4121	-	430	123618652	99464
chr5	123519188	123719188	harbor2	chr5	123534885	123535430	DNA/hAT-Charlie	2091	-	272	123535157	15969
chr5	146395613	146595613	harbor2	chr5	146491736	146492026	DNA/hAT-Charlie	900	-	145	146491881	96268
chr5	179391642	179591642	harbor2	chr5	179443872	179444217	DNA/hAT-Charlie	1206	-	172	179444044	52402
chr5	179391642	179591642	harbor2	chr5	179444531	179444630	DNA/hAT-Charlie	1206	-	50	179444581	52939
chr5	179391642	179591642	harbor2	chr5	179444757	179444861	DNA/hAT-Charlie	475	-	52	179444809	53167
chr5	179391642	179591642	harbor2	chr5	179445834	179446434	DNA/hAT-Charlie	3105	-	300	179446134	54492
chr5	179391642	179591642	harbor2	chr5	179446735	179446987	DNA/hAT-Charlie	3105	-	126	179446861	55219
chr5	179391642	179591642	harbor2	chr5	179447143	179447378	DNA/hAT-Charlie	732	-	118	179447261	55619
chr5	179391642	179591642	harbor2	chr5	179447680	179447772	DNA/hAT-Charlie	732	-	46	179447726	56084
chr5	168397784	168597784	harbor2	chr5	168398697	168399004	DNA/hAT-Charlie	638	-	154	168398851	1067
chr5	168397784	168597784	harbor2	chr5	168414947	168415102	DNA/hAT-Charlie	495	-	78	168415025	17241
chr5	168397784	168597784	harbor2	chr5	168415111	168415423	DNA/hAT-Charlie	558	-	156	168415267	17483
chr5	168397784	168597784	harbor2	chr5	168419499	168419661	DNA/hAT-Charlie	563	-	81	168419580	21796
chr5	168397784	168597784	harbor2	chr5	168433198	168433359	DNA/hAT-Charlie	955	-	80	168433278	35494
chr5	168397784	168597784	harbor2	chr5	168446130	168446399	DNA/hAT-Charlie	976	-	134	168446264	48480
chr5	168397784	168597784	harbor2	chr5	168447317	168447649	DNA/hAT-Charlie	1521	-	166	168447483	49699
chr5	122204614	122404614	harbor2	chr5	122230452	122230791	DNA/hAT-Charlie	2033	-	170	122230622	26008
chr5	122204614	122404614	harbor2	chr5	122233893	122234045	DNA/hAT-Charlie	644	-	76	122233969	29355
chr5	122204614	122404614	harbor2	chr5	122264412	122264575	DNA/hAT-Charlie	596	-	82	122264494	59880
chr5	122204614	122404614	harbor2	chr5	122264721	122264890	DNA/hAT-Charlie	682	-	84	122264805	60191
chr5	122204614	122404614	harbor2	chr5	122302072	122302226	DNA/hAT-Charlie	507	-	77	122302149	97535
chr5	180071636	180271636	harbor2	chr5	180072515	180072840	DNA/hAT-Charlie	1700	-	162	180072677	1041
chr5	171084776	171284776	harbor2	chr5	171173679	171173856	DNA/hAT-Charlie	628	-	88	171173767	88991
chr5	65519450	65719450	harbor2	chr5	65553266	65553452	DNA/hAT-Charlie	1111	-	93	65553359	33909
chr5	149384362	149584362	harbor2	chr5	149425593	149425831	DNA/hAT-Charlie	684	-	119	149425712	41350
chr5	160248716	160448716	harbor2	chr5	160291280	160291460	DNA/hAT-Charlie	563	-	90	160291370	42654
chr5	160248716	160448716	harbor2	chr5	160320432	160320745	DNA/hAT-Charlie	429	-	156	160320588	71872
chr5	160248716	160448716	harbor2	chr5	160334764	160334893	DNA/hAT-Charlie	410	-	64	160334828	86112
chr5	115352520	115552520	harbor2	chr5	115360628	115360773	DNA/hAT-Charlie	567	-	72	115360700	8180
chr5	115352520	115552520	harbor2	chr5	115388178	115388270	DNA/hAT-Charlie	516	-	46	115388224	35704
chr5	115352520	115552520	harbor2	chr5	115388337	115388511	DNA/hAT-Charlie	749	-	87	115388424	35904
chr5	115352520	115552520	harbor2	chr5	115396371	115396517	DNA/hAT-Charlie	391	-	73	115396444	43924
chr5	173689405	173889405	harbor2	chr5	173691313	173691561	DNA/hAT-Charlie	809	-	124	173691437	2032
chr5	173689405	173889405	harbor2	chr5	173695261	173695418	DNA/hAT-Charlie	390	-	78	173695339	5934
chr5	173689405	173889405	harbor2	chr5	173700334	173700520	DNA/hAT-Charlie	1163	-	93	173700427	11022
chr5	173689405	173889405	harbor2	chr5	173702574	173702773	DNA/hAT-Charlie	590	-	100	173702674	13269
chr5	173689405	173889405	harbor2	chr5	173713525	173713752	DNA/hAT-Charlie	713	-	114	173713639	24234
chr5	173689405	173889405	harbor2	chr5	173740534	173740702	DNA/hAT-Charlie	797	-	84	173740618	51213
chr5	173689405	173889405	harbor2	chr5	173741112	173741270	DNA/hAT-Charlie	500	-	79	173741191	51786
chr5	173689405	173889405	harbor2	chr5	173745634	173745853	DNA/hAT-Charlie	1122	-	110	173745744	56339
chr5	173689405	173889405	harbor2	chr5	173773977	173774192	DNA/hAT-Charlie	1204	-	108	173774085	84680
chr5	92851329	93051329	harbor2	chr5	92940423	92940698	DNA/hAT-Charlie	488	-	138	92940561	89232
chr5	58108157	58308157	harbor2	chr5	58112435	58112628	DNA/hAT-Charlie	767	-	96	58112531	4374
chr5	58108157	58308157	harbor2	chr5	58129907	58130019	DNA/hAT-Charlie	420	-	56	58129963	21806
chr5	58108157	58308157	harbor2	chr5	58139277	58139945	DNA/hAT-Charlie	1168	-	334	58139611	31454
chr5	58108157	58308157	harbor2	chr5	58151721	58152001	DNA/hAT-Charlie	911	-	140	58151861	43704
chr5	58108157	58308157	harbor2	chr5	58146487	58146920	DNA/hAT-Charlie	1647	-	216	58146703	38546
chr5	118080672	118280672	harbor2	chr5	118150973	118151281	DNA/hAT-Charlie	1188	-	154	118151127	70455
chr5	118080672	118280672	harbor2	chr5	118176030	118176192	DNA/hAT-Charlie	497	-	81	118176111	95439
chr6	70749683	70949683	harbor2	chr6	70808290	70808441	DNA/hAT-Charlie	517	-	76	70808366	58683
chr6	70749683	70949683	harbor2	chr6	70833654	70833868	DNA/hAT-Charlie	406	-	107	70833761	84078
chr6	70749683	70949683	harbor2	chr6	70840427	70840633	DNA/hAT-Charlie	711	-	103	70840530	90847
chr6	29668969	29868969	harbor2	chr6	29669221	29669284	DNA/hAT-Charlie	1249	-	32	29669253	284
chr6	29668969	29868969	harbor2	chr6	29669591	29669728	DNA/hAT-Charlie	1249	-	68	29669659	690
chr6	29668969	29868969	harbor2	chr6	29764934	29765336	DNA/hAT-Charlie	676	-	201	29765135	96166
chr6	153903016	154103016	harbor2	chr6	153947047	153947164	DNA/hAT-Charlie	683	-	58	153947105	44089
chr6	153903016	154103016	harbor2	chr6	153972551	153972848	DNA/hAT-Charlie	1442	-	148	153972699	69683
chr6	153903016	154103016	harbor2	chr6	153976012	153976242	DNA/hAT-Charlie	2103	-	115	153976127	73111
chr6	153903016	154103016	harbor2	chr6	153976536	153977230	DNA/hAT-Charlie	2103	-	347	153976883	73867
chr6	158215953	158415953	harbor2	chr6	158221396	158221680	DNA/hAT-Charlie	1086	-	142	158221538	5585
chr6	158215953	158415953	harbor2	chr6	158222160	158222346	DNA/hAT-Charlie	749	-	93	158222253	6300
chr6	158215953	158415953	harbor2	chr6	158306616	158306735	DNA/hAT-Charlie	3903	-	60	158306676	90723
chr6	158215953	158415953	harbor2	chr6	158307038	158307478	DNA/hAT-Charlie	3903	-	220	158307258	91305
chr6	158215953	158415953	harbor2	chr6	158307746	158308000	DNA/hAT-Charlie	3903	-	127	158307873	91920
chr6	158215953	158415953	harbor2	chr6	158309943	158310092	DNA/hAT-Charlie	3903	-	74	158310017	94064
chr6	158215953	158415953	harbor2	chr6	158310733	158311126	DNA/hAT-Charlie	1741	-	196	158310929	94976
chr6	153957261	154157261	harbor2	chr6	153972551	153972848	DNA/hAT-Charlie	1442	-	148	153972699	15438
chr6	153957261	154157261	harbor2	chr6	153976012	153976242	DNA/hAT-Charlie	2103	-	115	153976127	18866
chr6	153957261	154157261	harbor2	chr6	154045368	154045579	DNA/hAT-Charlie	446	-	106	154045474	88213
chr6	153957261	154157261	harbor2	chr6	154052358	154052660	DNA/hAT-Charlie	1380	-	151	154052509	95248
chr6	153957261	154157261	harbor2	chr6	153976536	153977230	DNA/hAT-Charlie	2103	-	347	153976883	19622
chr6	138057692	138257692	harbor2	chr6	138103535	138103711	DNA/hAT-Charlie	1064	-	88	138103623	45931
chr6	90906655	91106655	harbor2	chr6	90937757	90937935	DNA/hAT-Charlie	713	-	89	90937846	31191
chr6	90906655	91106655	harbor2	chr6	90938631	90938827	DNA/hAT-Charlie	541	-	98	90938729	32074
chr6	128525513	128725513	harbor2	chr6	128561182	128561294	DNA/hAT-Charlie	473	-	56	128561238	35725
chr6	128525513	128725513	harbor2	chr6	128561565	128561738	DNA/hAT-Charlie	627	-	86	128561651	36138
chr6	160240229	160440229	harbor2	chr6	160274582	160274707	DNA/hAT-Charlie	691	-	62	160274644	34415
chr6	160240229	160440229	harbor2	chr6	160322121	160322295	DNA/hAT-Charlie	674	-	87	160322208	81979
chr6	45836312	46036312	harbor2	chr6	45836253	45836384	DNA/hAT-Charlie	468	-	66	45836319	7
chr6	45836312	46036312	harbor2	chr6	45859266	45859447	DNA/hAT-Charlie	1002	-	90	45859356	23044
chr6	45836312	46036312	harbor2	chr6	45862963	45863143	DNA/hAT-Charlie	832	-	90	45863053	26741
chr6	131542373	131742373	harbor2	chr6	131585526	131585686	DNA/hAT-Charlie	679	-	80	131585606	43233
chr6	131542373	131742373	harbor2	chr6	131631083	131631247	DNA/hAT-Charlie	590	-	82	131631165	88792
chr6	36244557	36444557	harbor2	chr6	36255845	36255972	DNA/hAT-Charlie	507	-	64	36255909	11352
chr6	36244557	36444557	harbor2	chr6	36271992	36272500	DNA/hAT-Charlie	3705	-	254	36272246	27689
chr6	36244557	36444557	harbor2	chr6	36293480	36293640	DNA/hAT-Charlie	553	-	80	36293560	49003
chr6	36244557	36444557	harbor2	chr6	36342180	36342388	DNA/hAT-Charlie	1149	-	104	36342284	97727
chr6	36244557	36444557	harbor2	chr6	36343443	36343744	DNA/hAT-Charlie	1614	-	150	36343593	99036
chr6	137384853	137584853	harbor2	chr6	137455723	137456035	DNA/hAT-Charlie	1422	-	156	137455879	71026
chr6	115031139	115231139	harbor2	chr6	115060563	115060730	DNA/hAT-Charlie	714	-	84	115060647	29508
chr6	115031139	115231139	harbor2	chr6	115068869	115069053	DNA/hAT-Charlie	923	-	92	115068961	37822
chr6	115031139	115231139	harbor2	chr6	115128524	115128661	DNA/hAT-Charlie	435	-	68	115128592	97453
chr6	169972501	170172501	harbor2	chr6	170029399	170029551	DNA/hAT-Charlie	410	-	76	170029475	56974
chr6	169972501	170172501	harbor2	chr6	170041606	170041757	DNA/hAT-Charlie	527	-	76	170041682	69181
chr6	169972501	170172501	harbor2	chr6	170051515	170051692	DNA/hAT-Charlie	470	-	88	170051603	79102
chr6	165505728	165705728	harbor2	chr6	165532576	165532748	DNA/hAT-Charlie	913	-	86	165532662	26934
chr6	96630774	96830774	harbor2	chr6	96653144	96653251	DNA/hAT-Charlie	444	-	54	96653198	22424
chr6	122138709	122338709	harbor2	chr6	122215189	122215402	DNA/hAT-Charlie	886	-	106	122215295	76586
chr6	122138709	122338709	harbor2	chr6	122215533	122215633	DNA/hAT-Charlie	886	-	50	122215583	76874
chr6	122138709	122338709	harbor2	chr6	122231229	122231341	DNA/hAT-Charlie	491	-	56	122231285	92576
chr6	155204207	155404207	harbor2	chr6	155291589	155291782	DNA/hAT-Charlie	793	-	96	155291685	87478
chr6	62201863	62401863	harbor2	chr6	62242360	62242556	DNA/hAT-Charlie	726	-	98	62242458	40595
chr6	87971843	88171843	harbor2	chr6	87980807	87981029	DNA/hAT-Charlie	1177	-	111	87980918	9075
chr6	87971843	88171843	harbor2	chr6	87998536	87999591	DNA/hAT-Charlie	3729	-	528	87999064	27221
chr6	87971843	88171843	harbor2	chr6	88059625	88059797	DNA/hAT-Charlie	924	-	86	88059711	87868
chr6	97655208	97855208	harbor2	chr6	97659859	97660079	DNA/hAT-Charlie	1538	-	110	97659969	4761
chr6	97655208	97855208	harbor2	chr6	97689595	97689769	DNA/hAT-Charlie	721	-	87	97689682	34474
chr6	97655208	97855208	harbor2	chr6	97709459	97709656	DNA/hAT-Charlie	691	-	98	97709557	54349
chr6	97655208	97855208	harbor2	chr6	97743272	97743549	DNA/hAT-Charlie	670	-	138	97743410	88202
chr6	72668379	72868379	harbor2	chr6	72684640	72684786	DNA/hAT-Charlie	542	-	73	72684713	16334
chr6	72668379	72868379	harbor2	chr6	72741445	72741618	DNA/hAT-Charlie	592	-	86	72741531	73152
chr6	121539229	121739229	harbor2	chr6	121546323	121546431	DNA/hAT-Charlie	471	-	54	121546377	7148
chr6	121539229	121739229	harbor2	chr6	121592651	121592799	DNA/hAT-Charlie	582	-	74	121592725	53496
chr6	121539229	121739229	harbor2	chr6	121594218	121594382	DNA/hAT-Charlie	791	-	82	121594300	55071
chr6	121539229	121739229	harbor2	chr6	121627827	121627943	DNA/hAT-Charlie	548	-	58	121627885	88656
chr6	139566587	139766587	harbor2	chr6	139613669	139613883	DNA/hAT-Charlie	729	-	107	139613776	47189
chr6	146843477	147043477	harbor2	chr6	146856148	146856334	DNA/hAT-Charlie	508	-	93	146856241	12764
chr6	146843477	147043477	harbor2	chr6	146890705	146890865	DNA/hAT-Charlie	732	-	80	146890785	47308
chr6	133228895	133428895	harbor2	chr6	133231272	133231416	DNA/hAT-Charlie	452	-	72	133231344	2449
chr6	133228895	133428895	harbor2	chr6	133251602	133251789	DNA/hAT-Charlie	627	-	94	133251696	22801
chr6	133228895	133428895	harbor2	chr6	133286847	133287036	DNA/hAT-Charlie	1065	-	94	133286941	58046
chr6	133228895	133428895	harbor2	chr6	133288172	133288288	DNA/hAT-Charlie	592	-	58	133288230	59335
chr6	133228895	133428895	harbor2	chr6	133302886	133303101	DNA/hAT-Charlie	980	-	108	133302994	74099
chr6	133228895	133428895	harbor2	chr6	133325700	133325837	DNA/hAT-Charlie	502	-	68	133325768	96873
chr6	29991401	30191401	harbor2	chr6	30038745	30038938	DNA/hAT-Charlie	1073	-	96	30038841	47440
chr6	29991401	30191401	harbor2	chr6	30044032	30044171	DNA/hAT-Charlie	532	-	70	30044102	52701
chr6	29991401	30191401	harbor2	chr6	30055653	30055823	DNA/hAT-Charlie	797	-	85	30055738	64337
chr6	92285102	92485102	harbor2	chr6	92297051	92297274	DNA/hAT-Charlie	460	-	112	92297163	12061
chr6	92285102	92485102	harbor2	chr6	92298503	92298673	DNA/hAT-Charlie	888	-	85	92298588	13486
chr6	132357172	132557172	harbor2	chr6	132389473	132389646	DNA/hAT-Charlie	635	-	86	132389559	32387
chr6	162931369	163131369	harbor2	chr6	162937166	162937308	DNA/hAT-Charlie	489	-	71	162937237	5868
chr6	148572296	148772296	harbor2	chr6	148573741	148574172	DNA/hAT-Charlie	876	-	216	148573957	1661
chr6	23124269	23324269	harbor2	chr6	23152012	23152128	DNA/hAT-Charlie	550	-	58	23152070	27801
chr6	23124269	23324269	harbor2	chr6	23182875	23183015	DNA/hAT-Charlie	418	-	70	23182945	58676
chr6	23124269	23324269	harbor2	chr6	23216622	23216723	DNA/hAT-Charlie	500	-	50	23216672	92403
chr6	23124269	23324269	harbor2	chr6	23216756	23216894	DNA/hAT-Charlie	671	-	69	23216825	92556
chr6	130097882	130297882	harbor2	chr6	130177068	130177231	DNA/hAT-Charlie	681	-	82	130177150	79268
chr6	170364714	170564714	harbor2	chr6	170416934	170417135	DNA/hAT-Charlie	443	-	100	170417034	52320
chr6	170364714	170564714	harbor2	chr6	170420564	170421142	DNA/hAT-Charlie	1562	-	289	170420853	56139
chr6	170364714	170564714	harbor2	chr6	170451851	170452007	DNA/hAT-Charlie	491	-	78	170451929	87215
chr6	94062142	94262142	harbor2	chr6	94068722	94068882	DNA/hAT-Charlie	654	-	80	94068802	6660
chr6	94062142	94262142	harbor2	chr6	94122115	94122301	DNA/hAT-Charlie	612	-	93	94122208	60066
chr6	94062142	94262142	harbor2	chr6	94137034	94137206	DNA/hAT-Charlie	749	-	86	94137120	74978
chr6	80852540	81052540	harbor2	chr6	80950306	80951873	DNA/hAT-Charlie	5300	-	784	80951090	98550
chr6	80852540	81052540	harbor2	chr6	80887483	80888077	DNA/hAT-Charlie	1825	-	297	80887780	35240
chr6	143585689	143785689	harbor2	chr6	143599830	143599940	DNA/hAT-Charlie	515	-	55	143599885	14196
chr6	143585689	143785689	harbor2	chr6	143656328	143656548	DNA/hAT-Charlie	1346	-	110	143656438	70749
chr6	161305652	161505652	harbor2	chr6	161399814	161400100	DNA/hAT-Charlie	1218	-	143	161399957	94305
chr6	158730669	158930669	harbor2	chr6	158753754	158753911	DNA/hAT-Charlie	582	-	78	158753832	23163
chr6	158730669	158930669	harbor2	chr6	158809750	158809942	DNA/hAT-Charlie	624	-	96	158809846	79177
chr6	158730669	158930669	harbor2	chr6	158830063	158830180	DNA/hAT-Charlie	537	-	58	158830121	99452
chr6	158730669	158930669	harbor2	chr6	158830476	158830562	DNA/hAT-Charlie	537	-	43	158830519	99850
chr6	156328844	156528844	harbor2	chr6	156336712	156336858	DNA/hAT-Charlie	732	-	73	156336785	7941
chr6	156328844	156528844	harbor2	chr6	156339332	156339482	DNA/hAT-Charlie	498	-	75	156339407	10563
chr6	156328844	156528844	harbor2	chr6	156341917	156342089	DNA/hAT-Charlie	868	-	86	156342003	13159
chr6	156328844	156528844	harbor2	chr6	156378968	156379180	DNA/hAT-Charlie	641	-	106	156379074	50230
chr6	156328844	156528844	harbor2	chr6	156382481	156382702	DNA/hAT-Charlie	479	-	110	156382591	53747
chr6	166679815	166879815	harbor2	chr6	166719019	166719155	DNA/hAT-Charlie	513	-	68	166719087	39272
chr6	166679815	166879815	harbor2	chr6	166719292	166719414	DNA/hAT-Charlie	540	-	61	166719353	39538
chr6	166679815	166879815	harbor2	chr6	166735357	166735867	DNA/hAT-Charlie	3577	-	255	166735612	55797
chr6	155518162	155718162	harbor2	chr6	155528704	155528990	DNA/hAT-Charlie	419	-	143	155528847	10685
chr6	161856379	162056379	harbor2	chr6	161857245	161857429	DNA/hAT-Charlie	835	-	92	161857337	958
chr6	161856379	162056379	harbor2	chr6	161867241	161867503	DNA/hAT-Charlie	775	-	131	161867372	10993
chr6	161856379	162056379	harbor2	chr6	161884813	161884981	DNA/hAT-Charlie	832	-	84	161884897	28518
chr6	161856379	162056379	harbor2	chr6	161906551	161906613	DNA/hAT-Charlie	1267	-	31	161906582	50203
chr6	161856379	162056379	harbor2	chr6	161907111	161907795	DNA/hAT-Charlie	1267	-	342	161907453	51074
chr6	161856379	162056379	harbor2	chr6	161908115	161908277	DNA/hAT-Charlie	1267	-	81	161908196	51817
chr6	161856379	162056379	harbor2	chr6	161932863	161932998	DNA/hAT-Charlie	902	-	68	161932931	76552
chr6	161856379	162056379	harbor2	chr6	161933300	161933620	DNA/hAT-Charlie	902	-	160	161933460	77081
chr6	161856379	162056379	harbor2	chr6	161955137	161955346	DNA/hAT-Charlie	892	-	104	161955241	98862
chr6	116187857	116387857	harbor2	chr6	116198961	116199149	DNA/hAT-Charlie	840	-	94	116199055	11198
chr6	116187857	116387857	harbor2	chr6	116209166	116209267	DNA/hAT-Charlie	595	-	50	116209216	21359
chr6	116187857	116387857	harbor2	chr6	116230457	116230618	DNA/hAT-Charlie	778	-	80	116230537	42680
chr6	116187857	116387857	harbor2	chr6	116259192	116259375	DNA/hAT-Charlie	573	-	92	116259284	71427
chr6	116187857	116387857	harbor2	chr6	116268483	116268707	DNA/hAT-Charlie	595	-	112	116268595	80738
chr6	116187857	116387857	harbor2	chr6	116271200	116271386	DNA/hAT-Charlie	766	-	93	116271293	83436
chr6	116187857	116387857	harbor2	chr6	116274937	116275202	DNA/hAT-Charlie	1245	-	132	116275069	87212
chr6	116187857	116387857	harbor2	chr6	116286480	116286873	DNA/hAT-Charlie	1533	-	196	116286676	98819
chr6	116187857	116387857	harbor2	chr6	116287545	116287826	DNA/hAT-Charlie	1533	-	140	116287685	99828
chr6	66868899	67068899	harbor2	chr6	66888053	66888226	DNA/hAT-Charlie	622	-	86	66888139	19240
chr6	66868899	67068899	harbor2	chr6	66951102	66951234	DNA/hAT-Charlie	599	-	66	66951168	82269
chr6	66868899	67068899	harbor2	chr6	66953218	66953362	DNA/hAT-Charlie	537	-	72	66953290	84391
chr6	156263374	156463374	harbor2	chr6	156311976	156313425	DNA/hAT-Charlie	5763	-	724	156312700	49326
chr6	156263374	156463374	harbor2	chr6	156336712	156336858	DNA/hAT-Charlie	732	-	73	156336785	73411
chr6	156263374	156463374	harbor2	chr6	156339332	156339482	DNA/hAT-Charlie	498	-	75	156339407	76033
chr6	156263374	156463374	harbor2	chr6	156341917	156342089	DNA/hAT-Charlie	868	-	86	156342003	78629
chr6	169345239	169545239	harbor2	chr6	169429686	169429837	DNA/hAT-Charlie	672	-	76	169429762	84523
chr6	161720605	161920605	harbor2	chr6	161740056	161740258	DNA/hAT-Charlie	819	-	101	161740157	19552
chr6	161720605	161920605	harbor2	chr6	161776601	161776729	DNA/hAT-Charlie	442	-	64	161776665	56060
chr6	66837425	67037425	harbor2	chr6	66888053	66888226	DNA/hAT-Charlie	622	-	86	66888139	50714
chr6	129780150	129980150	harbor2	chr6	129820176	129820360	DNA/hAT-Charlie	997	-	92	129820268	40118
chr6	129780150	129980150	harbor2	chr6	129849566	129849750	DNA/hAT-Charlie	813	-	92	129849658	69508
chr6	129780150	129980150	harbor2	chr6	129850591	129850897	DNA/hAT-Charlie	1189	-	153	129850744	70594
chr6	129780150	129980150	harbor2	chr6	129866856	129866975	DNA/hAT-Charlie	553	-	60	129866916	86766
chr6	146888609	147088609	harbor2	chr6	146890705	146890865	DNA/hAT-Charlie	732	-	80	146890785	2176
chr6	146888609	147088609	harbor2	chr6	146985243	146985446	DNA/hAT-Charlie	1089	-	102	146985345	96736
chr6	168808701	169008701	harbor2	chr6	168854742	168854884	DNA/hAT-Charlie	419	-	71	168854813	46112
chr6	168808701	169008701	harbor2	chr6	168855181	168855200	DNA/hAT-Charlie	419	-	10	168855191	46490
chr6	168808701	169008701	harbor2	chr6	168862315	168863171	DNA/hAT-Charlie	2044	-	428	168862743	54042
chr6	140226038	140426038	harbor2	chr6	140278003	140278182	DNA/hAT-Charlie	624	-	90	140278093	52055
chr6	90147112	90347112	harbor2	chr6	90168563	90169119	DNA/hAT-Charlie	2099	-	278	90168841	21729
chr6	90147112	90347112	harbor2	chr6	90199942	90200080	DNA/hAT-Charlie	542	-	69	90200011	52899
chr6	90147112	90347112	harbor2	chr6	90200077	90200291	DNA/hAT-Charlie	634	-	107	90200184	53072
chr6	90147112	90347112	harbor2	chr6	90221253	90221393	DNA/hAT-Charlie	465	-	70	90221323	74211
chr6	90147112	90347112	harbor2	chr6	90221936	90222231	DNA/hAT-Charlie	1179	-	148	90222084	74972
chr6	90147112	90347112	harbor2	chr6	90224086	90224751	DNA/hAT-Charlie	1340	-	332	90224418	77306
chr6	159849420	160049420	harbor2	chr6	159891866	159892065	DNA/hAT-Charlie	1198	-	100	159891966	42546
chr6	159849420	160049420	harbor2	chr6	159916770	159917063	DNA/hAT-Charlie	1116	-	146	159916916	67496
chr6	159849420	160049420	harbor2	chr6	159924078	159924179	DNA/hAT-Charlie	502	-	50	159924128	74708
chr6	158008970	158208970	harbor2	chr6	158028408	158028565	DNA/hAT-Charlie	613	-	78	158028486	19516
chr6	158008970	158208970	harbor2	chr6	158030930	158031053	DNA/hAT-Charlie	497	-	62	158030992	22022
chr6	158008970	158208970	harbor2	chr6	158050203	158050372	DNA/hAT-Charlie	849	-	84	158050287	41317
chr6	158008970	158208970	harbor2	chr6	158073516	158073705	DNA/hAT-Charlie	795	-	94	158073610	64640
chr6	158008970	158208970	harbor2	chr6	158092176	158092329	DNA/hAT-Charlie	423	-	76	158092252	83282
chr6	115317808	115517808	harbor2	chr6	115321199	115321432	DNA/hAT-Charlie	808	-	116	115321315	3507
chr6	72276611	72476611	harbor2	chr6	72313954	72314069	DNA/hAT-Charlie	530	-	58	72314012	37401
chr6	72276611	72476611	harbor2	chr6	72321623	72321856	DNA/hAT-Charlie	917	-	116	72321739	45128
chr6	72276611	72476611	harbor2	chr6	72356329	72356466	DNA/hAT-Charlie	471	-	68	72356397	79786
chr6	72276611	72476611	harbor2	chr6	72374634	72375161	DNA/hAT-Charlie	3617	-	264	72374898	98287
chr6	165066872	165266872	harbor2	chr6	165106747	165107280	DNA/hAT-Charlie	3353	-	266	165107013	40141
chr6	165066872	165266872	harbor2	chr6	165133422	165133637	DNA/hAT-Charlie	1023	-	108	165133530	66658
chr6	167536745	167736745	harbor2	chr6	167567763	167567956	DNA/hAT-Charlie	437	-	96	167567859	31114
chr6	153121046	153321046	harbor2	chr6	153126955	153127290	DNA/hAT-Charlie	2221	-	168	153127123	6077
chr6	70577198	70777198	harbor2	chr6	70583582	70583816	DNA/hAT-Charlie	1496	-	117	70583699	6501
chr6	70577198	70777198	harbor2	chr6	70598647	70599057	DNA/hAT-Charlie	1567	-	205	70598852	21654
chr6	117290755	117490755	harbor2	chr6	117342958	117343134	DNA/hAT-Charlie	606	-	88	117343046	52291
chr6	116916365	117116365	harbor2	chr6	116920480	116920687	DNA/hAT-Charlie	981	-	104	116920584	4219
chr6	116916365	117116365	harbor2	chr6	116933701	116933902	DNA/hAT-Charlie	458	-	100	116933801	17436
chr6	116916365	117116365	harbor2	chr6	116968244	116968309	DNA/hAT-Charlie	429	-	32	116968276	51911
chr6	116916365	117116365	harbor2	chr6	116999863	117000000	DNA/hAT-Charlie	481	-	68	116999931	83566
chr6	145015612	145215612	harbor2	chr6	145034769	145034988	DNA/hAT-Charlie	1073	-	110	145034879	19267
chr6	145015612	145215612	harbor2	chr6	145037073	145037318	DNA/hAT-Charlie	655	-	122	145037195	21583
chr6	145015612	145215612	harbor2	chr6	145088137	145088603	DNA/hAT-Charlie	1774	-	233	145088370	72758
chr6	145015612	145215612	harbor2	chr6	145099488	145099691	DNA/hAT-Charlie	1057	-	102	145099590	83978
chr6	125468561	125668561	harbor2	chr6	125495342	125495511	DNA/hAT-Charlie	831	-	84	125495426	26865
chr6	125468561	125668561	harbor2	chr6	125517415	125517520	DNA/hAT-Charlie	468	-	52	125517467	48906
chr6	125468561	125668561	harbor2	chr6	125522013	125522634	DNA/hAT-Charlie	1239	-	310	125522323	53762
chr6	125468561	125668561	harbor2	chr6	125523306	125523612	DNA/hAT-Charlie	1239	-	153	125523459	54898
chr6	125468561	125668561	harbor2	chr6	125541648	125541773	DNA/hAT-Charlie	409	-	62	125541710	73149
chr6	125468561	125668561	harbor2	chr6	125542772	125542938	DNA/hAT-Charlie	644	-	83	125542855	74294
chr6	125468561	125668561	harbor2	chr6	125563419	125563619	DNA/hAT-Charlie	763	-	100	125563519	94958
chr6	150209643	150409643	harbor2	chr6	150262350	150262519	DNA/hAT-Charlie	550	-	84	150262434	52791
chr6	72593689	72793689	harbor2	chr6	72610066	72610288	DNA/hAT-Charlie	992	-	111	72610177	16488
chr6	72593689	72793689	harbor2	chr6	72684640	72684786	DNA/hAT-Charlie	542	-	73	72684713	91024
chr6	82153051	82353051	harbor2	chr6	82159623	82159809	DNA/hAT-Charlie	469	-	93	82159716	6665
chr6	82153051	82353051	harbor2	chr6	82165612	82165759	DNA/hAT-Charlie	665	-	74	82165686	12635
chr6	161954446	162154446	harbor2	chr6	161955137	161955346	DNA/hAT-Charlie	892	-	104	161955241	795
chr6	161954446	162154446	harbor2	chr6	161964441	161964617	DNA/hAT-Charlie	555	-	88	161964529	10083
chr6	161954446	162154446	harbor2	chr6	161974797	161975005	DNA/hAT-Charlie	826	-	104	161974901	20455
chr6	161954446	162154446	harbor2	chr6	161975581	161975762	DNA/hAT-Charlie	582	-	90	161975671	21225
chr6	161954446	162154446	harbor2	chr6	162021609	162021696	DNA/hAT-Charlie	430	-	44	162021653	67207
chr6	161954446	162154446	harbor2	chr6	162048625	162048824	DNA/hAT-Charlie	1261	-	100	162048725	94279
chr6	104218893	104418893	harbor2	chr6	104232106	104232238	DNA/hAT-Charlie	806	-	66	104232172	13279
chr6	104218893	104418893	harbor2	chr6	104232292	104232385	DNA/hAT-Charlie	806	-	46	104232338	13445
chr6	104218893	104418893	harbor2	chr6	104264502	104265357	DNA/hAT-Charlie	1531	-	428	104264930	46037
chr6	104218893	104418893	harbor2	chr6	104265633	104265872	DNA/hAT-Charlie	565	-	120	104265753	46860
chr6	104218893	104418893	harbor2	chr6	104281995	104282341	DNA/hAT-Charlie	1383	-	173	104282168	63275
chr6	143423242	143623242	harbor2	chr6	143423128	143423464	DNA/hAT-Charlie	1732	-	168	143423296	54
chr6	143423242	143623242	harbor2	chr6	143445267	143445421	DNA/hAT-Charlie	538	-	77	143445344	22102
chr6	143423242	143623242	harbor2	chr6	143453915	143454373	DNA/hAT-Charlie	1588	-	229	143454144	30902
chr6	143423242	143623242	harbor2	chr6	143486798	143487010	DNA/hAT-Charlie	978	-	106	143486904	63662
chr6	143423242	143623242	harbor2	chr6	143487648	143488060	DNA/hAT-Charlie	565	-	206	143487854	64612
chr6	143423242	143623242	harbor2	chr6	143488251	143488665	DNA/hAT-Charlie	1655	-	207	143488458	65216
chr6	155757033	155957033	harbor2	chr6	155764128	155764303	DNA/hAT-Charlie	703	-	88	155764216	7183
chr6	113526634	113726634	harbor2	chr6	113568659	113568840	DNA/hAT-Charlie	885	-	90	113568749	42115
chr6	113526634	113726634	harbor2	chr6	113571776	113572108	DNA/hAT-Charlie	1873	-	166	113571942	45308
chr6	162738529	162938529	harbor2	chr6	162785501	162785860	DNA/hAT-Charlie	1926	-	180	162785681	47152
chr6	101029160	101229160	harbor2	chr6	101074160	101074246	DNA/hAT-Charlie	402	-	43	101074203	45043
chr6	101029160	101229160	harbor2	chr6	101104768	101105008	DNA/hAT-Charlie	836	-	120	101104888	75728
chr6	101029160	101229160	harbor2	chr6	101111104	101111280	DNA/hAT-Charlie	904	-	88	101111192	82032
chr6	165795412	165995412	harbor2	chr6	165840777	165840930	DNA/hAT-Charlie	423	-	76	165840853	45441
chr6	165795412	165995412	harbor2	chr6	165849769	165850009	DNA/hAT-Charlie	868	-	120	165849889	54477
chr6	165795412	165995412	harbor2	chr6	165850010	165850393	DNA/hAT-Charlie	853	-	192	165850202	54790
chr6	165795412	165995412	harbor2	chr6	165851948	165852184	DNA/hAT-Charlie	450	-	118	165852066	56654
chr6	165795412	165995412	harbor2	chr6	165852235	165852638	DNA/hAT-Charlie	729	-	202	165852437	57025
chr6	165795412	165995412	harbor2	chr6	165852927	165853349	DNA/hAT-Charlie	633	-	211	165853138	57726
chr6	165795412	165995412	harbor2	chr6	165853469	165853909	DNA/hAT-Charlie	539	-	220	165853689	58277
chr6	165795412	165995412	harbor2	chr6	165888930	165889206	DNA/hAT-Charlie	1268	-	138	165889068	93656
chr6	161903771	162103771	harbor2	chr6	161906551	161906613	DNA/hAT-Charlie	1267	-	31	161906582	2811
chr6	161903771	162103771	harbor2	chr6	161907111	161907795	DNA/hAT-Charlie	1267	-	342	161907453	3682
chr6	161903771	162103771	harbor2	chr6	161908115	161908277	DNA/hAT-Charlie	1267	-	81	161908196	4425
chr6	161903771	162103771	harbor2	chr6	161932863	161932998	DNA/hAT-Charlie	902	-	68	161932931	29160
chr6	161903771	162103771	harbor2	chr6	161933300	161933620	DNA/hAT-Charlie	902	-	160	161933460	29689
chr6	161903771	162103771	harbor2	chr6	161955137	161955346	DNA/hAT-Charlie	892	-	104	161955241	51470
chr6	161903771	162103771	harbor2	chr6	161964441	161964617	DNA/hAT-Charlie	555	-	88	161964529	60758
chr6	161903771	162103771	harbor2	chr6	161974797	161975005	DNA/hAT-Charlie	826	-	104	161974901	71130
chr6	161903771	162103771	harbor2	chr6	161975581	161975762	DNA/hAT-Charlie	582	-	90	161975671	71900
chr6	140870200	141070200	harbor2	chr6	140920977	140921175	DNA/hAT-Charlie	647	-	99	140921076	50876
chr6	140870200	141070200	harbor2	chr6	140925844	140926016	DNA/hAT-Charlie	640	-	86	140925930	55730
chr6	123435705	123635705	harbor2	chr6	123531808	123532032	DNA/hAT-Charlie	929	-	112	123531920	96215
chr6	75403514	75603514	harbor2	chr6	75425950	75426095	DNA/hAT-Charlie	881	-	72	75426022	22508
chr6	75403514	75603514	harbor2	chr6	75428357	75428533	DNA/hAT-Charlie	916	-	88	75428445	24931
chr6	156818824	157018824	harbor2	chr6	156910848	156911344	DNA/hAT-Charlie	1566	-	248	156911096	92272
chr6	156818824	157018824	harbor2	chr6	156911576	156911844	DNA/hAT-Charlie	444	-	134	156911710	92886
chr6	156954378	157154378	harbor2	chr6	157044713	157044897	DNA/hAT-Charlie	570	-	92	157044805	90427
chr6	166940676	167140676	harbor2	chr6	166971223	166971435	DNA/hAT-Charlie	873	-	106	166971329	30653
chr6	166940676	167140676	harbor2	chr6	166987426	166987611	DNA/hAT-Charlie	836	-	92	166987518	46842
chr6	166940676	167140676	harbor2	chr6	167002652	167002779	DNA/hAT-Charlie	402	-	64	167002716	62040
chr6	166940676	167140676	harbor2	chr6	167028976	167029159	DNA/hAT-Charlie	840	-	92	167029068	88392
chr6	166940676	167140676	harbor2	chr6	167037789	167037923	DNA/hAT-Charlie	594	-	67	167037856	97180
chr6	156583979	156783979	harbor2	chr6	156640360	156640517	DNA/hAT-Charlie	667	-	78	156640438	56459
chr6	109930813	110130813	harbor2	chr6	109932603	109932769	DNA/hAT-Charlie	578	-	83	109932686	1873
chr6	109930813	110130813	harbor2	chr6	109956452	109956797	DNA/hAT-Charlie	1229	-	172	109956624	25811
chr6	109930813	110130813	harbor2	chr6	110018943	110019095	DNA/hAT-Charlie	606	-	76	110019019	88206
chr6	136041197	136241197	harbor2	chr6	136079352	136079549	DNA/hAT-Charlie	961	-	98	136079450	38253
chr6	136041197	136241197	harbor2	chr6	136081892	136082076	DNA/hAT-Charlie	568	-	92	136081984	40787
chr6	136041197	136241197	harbor2	chr6	136125857	136126251	DNA/hAT-Charlie	999	-	197	136126054	84857
chr6	136041197	136241197	harbor2	chr6	136127049	136127336	DNA/hAT-Charlie	880	-	144	136127193	85996
chr6	133055704	133255704	harbor2	chr6	133058926	133059068	DNA/hAT-Charlie	782	-	71	133058997	3293
chr6	133055704	133255704	harbor2	chr6	133059507	133059675	DNA/hAT-Charlie	782	-	84	133059591	3887
chr6	161264527	161464527	harbor2	chr6	161290416	161290541	DNA/hAT-Charlie	443	-	62	161290478	25951
chr6	154734902	154934902	harbor2	chr6	154740215	154740409	DNA/hAT-Charlie	997	-	97	154740312	5410
chr6	154734902	154934902	harbor2	chr6	154779361	154779512	DNA/hAT-Charlie	520	-	76	154779437	44535
chr6	154734902	154934902	harbor2	chr6	154824461	154824598	DNA/hAT-Charlie	514	-	68	154824529	89627
chr6	145161065	145361065	harbor2	chr6	145243624	145243853	DNA/hAT-Charlie	508	-	114	145243738	82673
chr6	145161065	145361065	harbor2	chr6	145244456	145244637	DNA/hAT-Charlie	1080	-	90	145244546	83481
chr6	167949845	168149845	harbor2	chr6	167952524	167952716	DNA/hAT-Charlie	885	-	96	167952620	2775
chr6	167949845	168149845	harbor2	chr6	167975882	167976065	DNA/hAT-Charlie	581	-	92	167975974	26129
chr6	167949845	168149845	harbor2	chr6	168002609	168003122	DNA/hAT-Charlie	3114	-	256	168002865	53020
chr6	167949845	168149845	harbor2	chr6	168017713	168017906	DNA/hAT-Charlie	802	-	96	168017809	67964
chr6	167949845	168149845	harbor2	chr6	168046766	168046925	DNA/hAT-Charlie	500	-	80	168046846	97001
chr6	167949845	168149845	harbor2	chr6	168047645	168048130	DNA/hAT-Charlie	1164	-	242	168047887	98042
chr6	138097019	138297019	harbor2	chr6	138103535	138103711	DNA/hAT-Charlie	1064	-	88	138103623	6604
chr6	138097019	138297019	harbor2	chr6	138184042	138184239	DNA/hAT-Charlie	742	-	98	138184140	87121
chr6	163531058	163731058	harbor2	chr6	163533432	163533711	DNA/hAT-Charlie	1319	-	140	163533572	2514
chr6	163531058	163731058	harbor2	chr6	163613240	163613425	DNA/hAT-Charlie	954	-	92	163613332	82274
chr6	168074650	168274650	harbor2	chr6	168123740	168123927	DNA/hAT-Charlie	668	-	94	168123834	49184
chr6	168074650	168274650	harbor2	chr6	168123933	168124033	DNA/hAT-Charlie	405	-	50	168123983	49333
chr6	112532305	112732305	harbor2	chr6	112622241	112622700	DNA/hAT-Charlie	1908	-	230	112622471	90166
chr6	158066418	158266418	harbor2	chr6	158073516	158073705	DNA/hAT-Charlie	795	-	94	158073610	7192
chr6	158066418	158266418	harbor2	chr6	158092176	158092329	DNA/hAT-Charlie	423	-	76	158092252	25834
chr6	144120730	144320730	harbor2	chr6	144202315	144202465	DNA/hAT-Charlie	675	-	75	144202390	81660
chr6	164416284	164616284	harbor2	chr6	164493494	164493623	DNA/hAT-Charlie	416	-	64	164493558	77274
chr6	108950817	109150817	harbor2	chr6	108966729	108966903	DNA/hAT-Charlie	424	-	87	108966816	15999
chr6	65755597	65955597	harbor2	chr6	65794601	65794938	DNA/hAT-Charlie	1631	-	168	65794769	39172
chr6	96301735	96501735	harbor2	chr6	96331154	96331377	DNA/hAT-Charlie	990	-	112	96331266	29531
chr6	96301735	96501735	harbor2	chr6	96339842	96340045	DNA/hAT-Charlie	672	-	102	96339944	38209
chr6	96301735	96501735	harbor2	chr6	96385130	96385282	DNA/hAT-Charlie	495	-	76	96385206	83471
chr6	112793836	112993836	harbor2	chr6	112806126	112806306	DNA/hAT-Charlie	546	-	90	112806216	12380
chr6	112793836	112993836	harbor2	chr6	112850314	112850536	DNA/hAT-Charlie	965	-	111	112850425	56589
chr6	112793836	112993836	harbor2	chr6	112886367	112886468	DNA/hAT-Charlie	439	-	50	112886417	92581
chr6	134125113	134325113	harbor2	chr6	134207808	134207916	DNA/hAT-Charlie	601	-	54	134207862	82749
chr6	134125113	134325113	harbor2	chr6	134208212	134208323	DNA/hAT-Charlie	601	-	56	134208268	83155
chr6	134125113	134325113	harbor2	chr6	134209618	134209677	DNA/hAT-Charlie	535	-	30	134209648	84535
chr6	134125113	134325113	harbor2	chr6	134209977	134210068	DNA/hAT-Charlie	535	-	46	134210023	84910
chr6	157528997	157728997	harbor2	chr6	157554372	157554616	DNA/hAT-Charlie	433	-	122	157554494	25497
chr6	157528997	157728997	harbor2	chr6	157555695	157555885	DNA/hAT-Charlie	667	-	95	157555790	26793
chr6	157528997	157728997	harbor2	chr6	157557930	157558225	DNA/hAT-Charlie	868	-	148	157558078	29081
chr6	157528997	157728997	harbor2	chr6	157571985	157572117	DNA/hAT-Charlie	657	-	66	157572051	43054
chr6	157528997	157728997	harbor2	chr6	157572127	157572343	DNA/hAT-Charlie	1009	-	108	157572235	43238
chr6	157528997	157728997	harbor2	chr6	157613205	157613438	DNA/hAT-Charlie	723	-	116	157613321	84324
chr6	161270863	161470863	harbor2	chr6	161290416	161290541	DNA/hAT-Charlie	443	-	62	161290478	19615
chr6	131451807	131651807	harbor2	chr6	131459034	131459252	DNA/hAT-Charlie	966	-	109	131459143	7336
chr6	131451807	131651807	harbor2	chr6	131475560	131475754	DNA/hAT-Charlie	879	-	97	131475657	23850
chr6	131451807	131651807	harbor2	chr6	131510931	131511098	DNA/hAT-Charlie	904	-	84	131511015	59208
chr6	131451807	131651807	harbor2	chr6	131511827	131511862	DNA/hAT-Charlie	904	-	18	131511845	60038
chr6	127992873	128192873	harbor2	chr6	128079856	128080020	DNA/hAT-Charlie	821	-	82	128079938	87065
chr6	106442911	106642911	harbor2	chr6	106522910	106523029	DNA/hAT-Charlie	473	-	60	106522970	80059
chr6	106442911	106642911	harbor2	chr6	106523013	106523242	DNA/hAT-Charlie	884	-	114	106523127	80216
chr6	154697768	154897768	harbor2	chr6	154723228	154723315	DNA/hAT-Charlie	1596	-	44	154723272	25504
chr6	154697768	154897768	harbor2	chr6	154723650	154724012	DNA/hAT-Charlie	1596	-	181	154723831	26063
chr6	154697768	154897768	harbor2	chr6	154729580	154729769	DNA/hAT-Charlie	869	-	94	154729674	31906
chr6	154697768	154897768	harbor2	chr6	154740215	154740409	DNA/hAT-Charlie	997	-	97	154740312	42544
chr6	154697768	154897768	harbor2	chr6	154779361	154779512	DNA/hAT-Charlie	520	-	76	154779437	81669
chr6	118034344	118234344	harbor2	chr6	118061676	118061996	DNA/hAT-Charlie	2138	-	160	118061836	27492
chr6	118034344	118234344	harbor2	chr6	118067773	118067902	DNA/hAT-Charlie	730	-	64	118067837	33493
chr6	118034344	118234344	harbor2	chr6	118099227	118099323	DNA/hAT-Charlie	460	-	48	118099275	64931
chr6	118034344	118234344	harbor2	chr6	118115767	118116047	DNA/hAT-Charlie	700	-	140	118115907	81563
chr6	118034344	118234344	harbor2	chr6	118116090	118116401	DNA/hAT-Charlie	638	-	156	118116246	81902
chr6	166093247	166293247	harbor2	chr6	166099245	166099576	DNA/hAT-Charlie	2106	-	166	166099411	6164
chr6	166093247	166293247	harbor2	chr6	166122297	166122416	DNA/hAT-Charlie	19656	-	60	166122357	29110
chr6	166093247	166293247	harbor2	chr6	166122712	166125278	DNA/hAT-Charlie	19656	-	1283	166123995	30748
chr6	166093247	166293247	harbor2	chr6	166141785	166142004	DNA/hAT-Charlie	707	-	110	166141895	48648
chr6	166093247	166293247	harbor2	chr6	166161581	166161640	DNA/hAT-Charlie	545	-	30	166161611	68364
chr6	166093247	166293247	harbor2	chr6	166161931	166162052	DNA/hAT-Charlie	545	-	60	166161991	68744
chr6	152479011	152679011	harbor2	chr6	152489783	152489962	DNA/hAT-Charlie	851	-	90	152489873	10862
chr6	152479011	152679011	harbor2	chr6	152549977	152550112	DNA/hAT-Charlie	676	-	68	152550045	71034
chr6	149360081	149560081	harbor2	chr6	149394843	149395038	DNA/hAT-Charlie	1096	-	98	149394941	34860
chr6	125081735	125281735	harbor2	chr6	125082040	125082223	DNA/hAT-Charlie	779	-	92	125082132	397
chr6	125081735	125281735	harbor2	chr6	125137459	125137695	DNA/hAT-Charlie	1479	-	118	125137577	55842
chr6	109474743	109674743	harbor2	chr6	109480336	109480541	DNA/hAT-Charlie	1318	-	102	109480438	5695
chr6	109474743	109674743	harbor2	chr6	109529450	109529973	DNA/hAT-Charlie	3586	-	262	109529712	54969
chr6	109474743	109674743	harbor2	chr6	109531480	109531675	DNA/hAT-Charlie	891	-	98	109531578	56835
chr6	109474743	109674743	harbor2	chr6	109574400	109574677	DNA/hAT-Charlie	1299	-	138	109574538	99795
chr6	128827983	129027983	harbor2	chr6	128840926	128841104	DNA/hAT-Charlie	727	-	89	128841015	13032
chr6	128827983	129027983	harbor2	chr6	128881808	128882333	DNA/hAT-Charlie	623	-	262	128882070	54087
chr6	128827983	129027983	harbor2	chr6	128893657	128894979	DNA/hAT-Charlie	3755	-	661	128894318	66335
chr6	150573167	150773167	harbor2	chr6	150604347	150604536	DNA/hAT-Charlie	641	-	94	150604441	31274
chr6	156566783	156766783	harbor2	chr6	156569902	156570087	DNA/hAT-Charlie	757	-	92	156569994	3211
chr6	156566783	156766783	harbor2	chr6	156640360	156640517	DNA/hAT-Charlie	667	-	78	156640438	73655
chr6	119577673	119777673	harbor2	chr6	119617605	119617960	DNA/hAT-Charlie	1483	-	178	119617783	40110
chr6	119577673	119777673	harbor2	chr6	119642529	119642683	DNA/hAT-Charlie	704	-	77	119642606	64933
chr6	119577673	119777673	harbor2	chr6	119671322	119671483	DNA/hAT-Charlie	830	-	80	119671402	93729
chr6	156584004	156784004	harbor2	chr6	156640360	156640517	DNA/hAT-Charlie	667	-	78	156640438	56434
chr6	158190498	158390498	harbor2	chr6	158200877	158201019	DNA/hAT-Charlie	535	-	71	158200948	10450
chr6	158190498	158390498	harbor2	chr6	158202291	158202449	DNA/hAT-Charlie	771	-	79	158202370	11872
chr6	158190498	158390498	harbor2	chr6	158221396	158221680	DNA/hAT-Charlie	1086	-	142	158221538	31040
chr6	158190498	158390498	harbor2	chr6	158222160	158222346	DNA/hAT-Charlie	749	-	93	158222253	31755
chr6	121774161	121974161	harbor2	chr6	121792798	121793041	DNA/hAT-Charlie	1069	-	122	121792920	18759
chr6	121774161	121974161	harbor2	chr6	121824147	121824471	DNA/hAT-Charlie	730	-	162	121824309	50148
chr6	121774161	121974161	harbor2	chr6	121842726	121842961	DNA/hAT-Charlie	850	-	118	121842844	68683
chr6	121774161	121974161	harbor2	chr6	121856658	121856785	DNA/hAT-Charlie	464	-	64	121856722	82561
chr6	121774161	121974161	harbor2	chr6	121858786	121858981	DNA/hAT-Charlie	885	-	98	121858884	84723
chr6	65337740	65537740	harbor2	chr6	65351745	65351909	DNA/hAT-Charlie	456	-	82	65351827	14087
chr6	65337740	65537740	harbor2	chr6	65369636	65369841	DNA/hAT-Charlie	949	-	102	65369738	31998
chr6	65337740	65537740	harbor2	chr6	65417518	65417656	DNA/hAT-Charlie	547	-	69	65417587	79847
chr6	65337740	65537740	harbor2	chr6	65419552	65419778	DNA/hAT-Charlie	945	-	113	65419665	81925
chr6	65337740	65537740	harbor2	chr6	65422145	65422248	DNA/hAT-Charlie	945	-	52	65422197	84457
chr6	65337740	65537740	harbor2	chr6	65423438	65423618	DNA/hAT-Charlie	510	-	90	65423528	85788
chr6	144827223	145027223	harbor2	chr6	144892729	144892940	DNA/hAT-Charlie	1014	-	106	144892835	65612
chr6	144827223	145027223	harbor2	chr6	144908671	144908879	DNA/hAT-Charlie	839	-	104	144908775	81552
chr6	136359282	136559282	harbor2	chr6	136442856	136443330	DNA/hAT-Charlie	1083	-	237	136443093	83811
chr6	136359282	136559282	harbor2	chr6	136380181	136380501	DNA/hAT-Charlie	402	-	160	136380341	21059
chr6	160638041	160838041	harbor2	chr6	160694938	160695150	DNA/hAT-Charlie	819	-	106	160695044	57003
chr6	160638041	160838041	harbor2	chr6	160713220	160713273	DNA/hAT-Charlie	830	-	26	160713246	75205
chr6	160638041	160838041	harbor2	chr6	160713568	160713787	DNA/hAT-Charlie	830	-	110	160713678	75637
chr6	166509450	166709450	harbor2	chr6	166512987	166513200	DNA/hAT-Charlie	1364	-	106	166513093	3643
chr6	166509450	166709450	harbor2	chr6	166561717	166561770	DNA/hAT-Charlie	465	-	26	166561743	52293
chr6	166509450	166709450	harbor2	chr6	166568126	166568282	DNA/hAT-Charlie	413	-	78	166568204	58754
chr6	166509450	166709450	harbor2	chr6	166580375	166580584	DNA/hAT-Charlie	1280	-	104	166580479	71029
chr6	170274809	170474809	harbor2	chr6	170326528	170326727	DNA/hAT-Charlie	1117	-	100	170326628	51819
chr6	170274809	170474809	harbor2	chr6	170327346	170327495	DNA/hAT-Charlie	1117	-	74	170327420	52611
chr6	170274809	170474809	harbor2	chr6	170343655	170343791	DNA/hAT-Charlie	836	-	68	170343723	68914
chr6	170274809	170474809	harbor2	chr6	170346507	170346802	DNA/hAT-Charlie	973	-	148	170346655	71846
chr6	154042696	154242696	harbor2	chr6	154045368	154045579	DNA/hAT-Charlie	446	-	106	154045474	2778
chr6	154042696	154242696	harbor2	chr6	154052358	154052660	DNA/hAT-Charlie	1380	-	151	154052509	9813
chr6	154042696	154242696	harbor2	chr6	154088411	154088606	DNA/hAT-Charlie	630	-	98	154088509	45813
chr6	154042696	154242696	harbor2	chr6	154102551	154102703	DNA/hAT-Charlie	600	-	76	154102627	59931
chr6	154042696	154242696	harbor2	chr6	154128988	154129011	DNA/hAT-Charlie	422	-	12	154129000	86304
chr6	154042696	154242696	harbor2	chr6	154129499	154129695	DNA/hAT-Charlie	422	-	98	154129597	86901
chr6	83769979	83969979	harbor2	chr6	83821668	83821848	DNA/hAT-Charlie	953	-	90	83821758	51779
chr6	83769979	83969979	harbor2	chr6	83829254	83829403	DNA/hAT-Charlie	483	-	74	83829328	59349
chr6	169362022	169562022	harbor2	chr6	169429686	169429837	DNA/hAT-Charlie	672	-	76	169429762	67740
chr6	169362022	169562022	harbor2	chr6	169446456	169447892	DNA/hAT-Charlie	3486	-	718	169447174	85152
chr6	116240826	116440826	harbor2	chr6	116259192	116259375	DNA/hAT-Charlie	573	-	92	116259284	18458
chr6	116240826	116440826	harbor2	chr6	116268483	116268707	DNA/hAT-Charlie	595	-	112	116268595	27769
chr6	116240826	116440826	harbor2	chr6	116271200	116271386	DNA/hAT-Charlie	766	-	93	116271293	30467
chr6	116240826	116440826	harbor2	chr6	116274937	116275202	DNA/hAT-Charlie	1245	-	132	116275069	34243
chr6	116240826	116440826	harbor2	chr6	116286480	116286873	DNA/hAT-Charlie	1533	-	196	116286676	45850
chr6	116240826	116440826	harbor2	chr6	116287545	116287826	DNA/hAT-Charlie	1533	-	140	116287685	46859
chr6	116240826	116440826	harbor2	chr6	116288588	116288784	DNA/hAT-Charlie	958	-	98	116288686	47860
chr6	84171601	84371601	harbor2	chr6	84176953	84177169	DNA/hAT-Charlie	841	-	108	84177061	5460
chr6	169640899	169840899	harbor2	chr6	169714306	169714468	DNA/hAT-Charlie	816	-	81	169714387	73488
chr7	119903331	120103331	harbor2	chr7	119961095	119961790	DNA/hAT-Charlie	767	-	348	119961443	58112
chr7	102823324	103023324	harbor2	chr7	102900963	102901212	DNA/hAT-Charlie	745	-	124	102901087	77763
chr7	102823324	103023324	harbor2	chr7	102915571	102915977	DNA/hAT-Charlie	1532	-	203	102915774	92450
chr7	102823324	103023324	harbor2	chr7	102916287	102916341	DNA/hAT-Charlie	1532	-	27	102916314	92990
chr7	148508704	148708704	harbor2	chr7	148524490	148524761	DNA/hAT-Charlie	851	-	136	148524626	15922
chr7	148508704	148708704	harbor2	chr7	148524765	148525734	DNA/hAT-Charlie	2080	-	484	148525249	16545
chr7	148508704	148708704	harbor2	chr7	148528074	148528275	DNA/hAT-Charlie	607	-	100	148528174	19470
chr7	148508704	148708704	harbor2	chr7	148529830	148530010	DNA/hAT-Charlie	607	-	90	148529920	21216
chr7	66896286	67096286	harbor2	chr7	66963162	66963329	DNA/hAT-Charlie	485	-	84	66963246	66960
chr7	66896286	67096286	harbor2	chr7	66965751	66966050	DNA/hAT-Charlie	1634	-	150	66965901	69615
chr7	66896286	67096286	harbor2	chr7	66966640	66966826	DNA/hAT-Charlie	648	-	93	66966733	70447
chr7	66896286	67096286	harbor2	chr7	66974785	66974915	DNA/hAT-Charlie	452	-	65	66974850	78564
chr7	66896286	67096286	harbor2	chr7	66975210	66975234	DNA/hAT-Charlie	452	-	12	66975222	78936
chr7	116098646	116298646	harbor2	chr7	116132463	116132704	DNA/hAT-Charlie	1190	-	120	116132583	33937
chr7	129794382	129994382	harbor2	chr7	129841116	129841293	DNA/hAT-Charlie	829	-	88	129841204	46822
chr7	57105545	57305545	harbor2	chr7	57133516	57133585	DNA/hAT-Charlie	589	-	34	57133550	28005
chr7	57105545	57305545	harbor2	chr7	57133882	57134070	DNA/hAT-Charlie	589	-	94	57133976	28431
chr7	89648725	89848725	harbor2	chr7	89660807	89660984	DNA/hAT-Charlie	600	-	88	89660895	12170
chr7	89648725	89848725	harbor2	chr7	89704577	89704823	DNA/hAT-Charlie	461	-	123	89704700	55975
chr7	89648725	89848725	harbor2	chr7	89712210	89712430	DNA/hAT-Charlie	1289	-	110	89712320	63595
chr7	89648725	89848725	harbor2	chr7	89716898	89717023	DNA/hAT-Charlie	512	-	62	89716960	68235
chr7	89648725	89848725	harbor2	chr7	89717265	89717440	DNA/hAT-Charlie	636	-	88	89717353	68628
chr7	89648725	89848725	harbor2	chr7	89736395	89736568	DNA/hAT-Charlie	767	-	86	89736481	87756
chr7	89648725	89848725	harbor2	chr7	89741066	89741338	DNA/hAT-Charlie	737	-	136	89741202	92477
chr7	132080533	132280533	harbor2	chr7	132161475	132161606	DNA/hAT-Charlie	634	-	66	132161541	81008
chr7	132080533	132280533	harbor2	chr7	132167424	132167522	DNA/hAT-Charlie	591	-	49	132167473	86940
chr7	132080533	132280533	harbor2	chr7	132167848	132167893	DNA/hAT-Charlie	591	-	22	132167870	87337
chr7	135320164	135520164	harbor2	chr7	135366982	135367198	DNA/hAT-Charlie	1177	-	108	135367090	46926
chr7	135320164	135520164	harbor2	chr7	135413154	135413365	DNA/hAT-Charlie	624	-	106	135413260	93096
chr7	135320164	135520164	harbor2	chr7	135417204	135417324	DNA/hAT-Charlie	568	-	60	135417264	97100
chr7	96290428	96490428	harbor2	chr7	96385037	96385450	DNA/hAT-Charlie	1504	-	206	96385243	94815
chr7	152673224	152873224	harbor2	chr7	152689653	152690046	DNA/hAT-Charlie	1162	-	196	152689849	16625
chr7	156141128	156341128	harbor2	chr7	156175730	156175912	DNA/hAT-Charlie	789	-	91	156175821	34693
chr7	71902313	72102313	harbor2	chr7	71930961	71931264	DNA/hAT-Charlie	1413	-	152	71931113	28800
chr7	71902313	72102313	harbor2	chr7	71931566	71931642	DNA/hAT-Charlie	1413	-	38	71931604	29291
chr7	71902313	72102313	harbor2	chr7	71966104	71966307	DNA/hAT-Charlie	555	-	102	71966206	63893
chr7	71902313	72102313	harbor2	chr7	71979162	71979684	DNA/hAT-Charlie	3749	-	261	71979423	77110
chr7	84029667	84229667	harbor2	chr7	84033728	84033873	DNA/hAT-Charlie	452	-	72	84033800	4133
chr7	84029667	84229667	harbor2	chr7	84071092	84071259	DNA/hAT-Charlie	646	-	84	84071176	41509
chr7	84029667	84229667	harbor2	chr7	84102994	84103351	DNA/hAT-Charlie	839	-	178	84103172	73505
chr7	155116397	155316397	harbor2	chr7	155175039	155175123	DNA/hAT-Charlie	460	-	42	155175081	58684
chr7	65240785	65440785	harbor2	chr7	65319735	65319872	DNA/hAT-Charlie	708	-	68	65319803	79018
chr7	106812202	107012202	harbor2	chr7	106884582	106884711	DNA/hAT-Charlie	789	-	64	106884646	72444
chr7	106812202	107012202	harbor2	chr7	106884712	106885165	DNA/hAT-Charlie	3406	-	226	106884938	72736
chr7	106812202	107012202	harbor2	chr7	106886902	106887098	DNA/hAT-Charlie	1281	-	98	106887000	74798
chr7	101720639	101920639	harbor2	chr7	101786866	101787019	DNA/hAT-Charlie	552	-	76	101786942	66303
chr7	148288457	148488457	harbor2	chr7	148304483	148304694	DNA/hAT-Charlie	1046	-	106	148304589	16132
chr7	148288457	148488457	harbor2	chr7	148349284	148349407	DNA/hAT-Charlie	1316	-	62	148349346	60889
chr7	148288457	148488457	harbor2	chr7	148349701	148349796	DNA/hAT-Charlie	1316	-	48	148349749	61292
chr7	148288457	148488457	harbor2	chr7	148378445	148378937	DNA/hAT-Charlie	1295	-	246	148378691	90234
chr7	55231173	55431173	harbor2	chr7	55246898	55247558	DNA/hAT-Charlie	2535	-	330	55247228	16055
chr7	55231173	55431173	harbor2	chr7	55276552	55276719	DNA/hAT-Charlie	840	-	84	55276636	45463
chr7	55231173	55431173	harbor2	chr7	55310753	55310961	DNA/hAT-Charlie	674	-	104	55310857	79684
chr7	55231173	55431173	harbor2	chr7	55329438	55329545	DNA/hAT-Charlie	1868	-	54	55329492	98319
chr7	55231173	55431173	harbor2	chr7	55329922	55330803	DNA/hAT-Charlie	1868	-	440	55330362	99189
chr7	147003517	147203517	harbor2	chr7	147057493	147057701	DNA/hAT-Charlie	657	-	104	147057597	54080
chr7	135866803	136066803	harbor2	chr7	135884589	135884780	DNA/hAT-Charlie	849	-	96	135884685	17882
chr7	135866803	136066803	harbor2	chr7	135922309	135922526	DNA/hAT-Charlie	1271	-	108	135922417	55614
chr7	135866803	136066803	harbor2	chr7	135925336	135925519	DNA/hAT-Charlie	1059	-	92	135925428	58625
chr7	50551944	50751944	harbor2	chr7	50567390	50567413	DNA/hAT-Charlie	1059	-	12	50567402	15458
chr7	50551944	50751944	harbor2	chr7	50567856	50568032	DNA/hAT-Charlie	1059	-	88	50567944	16000
chr7	130801709	131001709	harbor2	chr7	130806443	130806627	DNA/hAT-Charlie	980	-	92	130806535	4826
chr7	130801709	131001709	harbor2	chr7	130844728	130844932	DNA/hAT-Charlie	1169	-	102	130844830	43121
chr7	130801709	131001709	harbor2	chr7	130850304	130850528	DNA/hAT-Charlie	1693	-	112	130850416	48707
chr7	129161134	129361134	harbor2	chr7	129195590	129195819	DNA/hAT-Charlie	945	-	114	129195704	34570
chr7	129161134	129361134	harbor2	chr7	129196131	129196254	DNA/hAT-Charlie	945	-	62	129196193	35059
chr7	129161134	129361134	harbor2	chr7	129209967	129210100	DNA/hAT-Charlie	639	-	66	129210033	48899
chr7	129161134	129361134	harbor2	chr7	129254955	129254992	DNA/hAT-Charlie	1030	-	18	129254973	93839
chr7	129161134	129361134	harbor2	chr7	129255288	129255504	DNA/hAT-Charlie	1030	-	108	129255396	94262
chr7	114574153	114774153	harbor2	chr7	114638642	114638809	DNA/hAT-Charlie	638	-	84	114638726	64573
chr7	117603072	117803072	harbor2	chr7	117621320	117621460	DNA/hAT-Charlie	669	-	70	117621390	18318
chr7	143673511	143873511	harbor2	chr7	143706111	143706302	DNA/hAT-Charlie	1260	-	96	143706207	32696
chr7	108197237	108397237	harbor2	chr7	108258926	108259129	DNA/hAT-Charlie	983	-	102	108259028	61791
chr7	108197237	108397237	harbor2	chr7	108285961	108286278	DNA/hAT-Charlie	1115	-	158	108286119	88882
chr7	108197237	108397237	harbor2	chr7	108291915	108292163	DNA/hAT-Charlie	715	-	124	108292039	94802
chr7	68941540	69141540	harbor2	chr7	68973032	68973219	DNA/hAT-Charlie	958	-	94	68973126	31586
chr7	68941540	69141540	harbor2	chr7	69016986	69017513	DNA/hAT-Charlie	3603	-	264	69017250	75710
chr7	157089570	157289570	harbor2	chr7	157164933	157165122	DNA/hAT-Charlie	1147	-	94	157165027	75457
chr7	157089570	157289570	harbor2	chr7	157175859	157176052	DNA/hAT-Charlie	772	-	96	157175955	86385
chr7	130790798	130990798	harbor2	chr7	130806443	130806627	DNA/hAT-Charlie	980	-	92	130806535	15737
chr7	130790798	130990798	harbor2	chr7	130844728	130844932	DNA/hAT-Charlie	1169	-	102	130844830	54032
chr7	130790798	130990798	harbor2	chr7	130850304	130850528	DNA/hAT-Charlie	1693	-	112	130850416	59618
chr7	150455077	150655077	harbor2	chr7	150455653	150455813	DNA/hAT-Charlie	681	-	80	150455733	656
chr7	119066310	119266310	harbor2	chr7	119074132	119074315	DNA/hAT-Charlie	721	-	92	119074224	7914
chr7	119066310	119266310	harbor2	chr7	119116080	119116395	DNA/hAT-Charlie	737	-	158	119116238	49928
chr7	138153572	138353572	harbor2	chr7	138159528	138159727	DNA/hAT-Charlie	546	-	100	138159628	6056
chr7	138153572	138353572	harbor2	chr7	138160783	138161005	DNA/hAT-Charlie	563	-	111	138160894	7322
chr7	138153572	138353572	harbor2	chr7	138225884	138226062	DNA/hAT-Charlie	508	-	89	138225973	72401
chr7	143403404	143603404	harbor2	chr7	143407053	143407204	DNA/hAT-Charlie	447	-	76	143407129	3725
chr7	143403404	143603404	harbor2	chr7	143425708	143426298	DNA/hAT-Charlie	1656	-	295	143426003	22599
chr7	123349681	123549681	harbor2	chr7	123401057	123401586	DNA/hAT-Charlie	3677	-	264	123401321	51640
chr7	123349681	123549681	harbor2	chr7	123412447	123412579	DNA/hAT-Charlie	470	-	66	123412513	62832
chr7	153406449	153606449	harbor2	chr7	153407477	153407698	DNA/hAT-Charlie	987	-	110	153407587	1138
chr7	153406449	153606449	harbor2	chr7	153427793	153428042	DNA/hAT-Charlie	1140	-	124	153427917	21468
chr7	153406449	153606449	harbor2	chr7	153459376	153459694	DNA/hAT-Charlie	1314	-	159	153459535	53086
chr7	134044141	134244141	harbor2	chr7	134102681	134102720	DNA/hAT-Charlie	483	-	20	134102701	58560
chr7	134044141	134244141	harbor2	chr7	134103944	134104151	DNA/hAT-Charlie	859	-	104	134104048	59907
chr7	134044141	134244141	harbor2	chr7	134141257	134141432	DNA/hAT-Charlie	918	-	88	134141345	97204
chr7	134044141	134244141	harbor2	chr7	134143819	134143952	DNA/hAT-Charlie	537	-	66	134143885	99744
chr7	134044141	134244141	harbor2	chr7	134143962	134144091	DNA/hAT-Charlie	534	-	64	134144026	99885
chr7	134044141	134244141	harbor2	chr7	134103026	134103164	DNA/hAT-Charlie	483	-	69	134103095	58954
chr7	105131952	105331952	harbor2	chr7	105196433	105196639	DNA/hAT-Charlie	742	-	103	105196536	64584
chr7	105131952	105331952	harbor2	chr7	105206027	105206252	DNA/hAT-Charlie	524	-	112	105206139	74187
chr7	105131952	105331952	harbor2	chr7	105214041	105214184	DNA/hAT-Charlie	678	-	72	105214113	82161
chr7	105131952	105331952	harbor2	chr7	105225840	105226006	DNA/hAT-Charlie	594	-	83	105225923	93971
chr7	153442944	153642944	harbor2	chr7	153459376	153459694	DNA/hAT-Charlie	1314	-	159	153459535	16591
chr7	153442944	153642944	harbor2	chr7	153516952	153517105	DNA/hAT-Charlie	448	-	76	153517028	74084
chr7	153442944	153642944	harbor2	chr7	153528828	153529284	DNA/hAT-Charlie	886	-	228	153529056	86112
chr7	153100017	153300017	harbor2	chr7	153159029	153159176	DNA/hAT-Charlie	655	-	74	153159103	59086
chr7	134700347	134900347	harbor2	chr7	134753468	134753584	DNA/hAT-Charlie	471	-	58	134753526	53179
chr7	134700347	134900347	harbor2	chr7	134786882	134787011	DNA/hAT-Charlie	485	-	64	134786946	86599
chr7	130868684	131068684	harbor2	chr7	130959106	130959375	DNA/hAT-Charlie	500	-	134	130959240	90556
chr7	130868684	131068684	harbor2	chr7	130959482	130959691	DNA/hAT-Charlie	865	-	104	130959586	90902
chr7	130868684	131068684	harbor2	chr7	130959992	130960073	DNA/hAT-Charlie	865	-	40	130960032	91348
chr7	157787057	157987057	harbor2	chr7	157855756	157856839	DNA/hAT-Charlie	725	-	542	157856298	69241
chr7	139222123	139422123	harbor2	chr7	139252305	139252632	DNA/hAT-Charlie	1500	-	164	139252469	30346
chr7	139222123	139422123	harbor2	chr7	139296202	139296419	DNA/hAT-Charlie	1190	-	108	139296310	74187
chr7	156237581	156437581	harbor2	chr7	156281870	156282315	DNA/hAT-Charlie	838	-	222	156282092	44511
chr7	156237581	156437581	harbor2	chr7	156322004	156322144	DNA/hAT-Charlie	992	-	70	156322074	84493
chr7	156237581	156437581	harbor2	chr7	156322489	156322675	DNA/hAT-Charlie	992	-	93	156322582	85001
chr7	143590674	143790674	harbor2	chr7	143618608	143618809	DNA/hAT-Charlie	1363	-	100	143618708	28034
chr7	143590674	143790674	harbor2	chr7	143626892	143627083	DNA/hAT-Charlie	1264	-	96	143626988	36314
chr7	118350414	118550414	harbor2	chr7	118351026	118351298	DNA/hAT-Charlie	444	-	136	118351162	748
chr7	118350414	118550414	harbor2	chr7	118361076	118361383	DNA/hAT-Charlie	886	-	154	118361230	10816
chr7	118350414	118550414	harbor2	chr7	118361882	118361998	DNA/hAT-Charlie	886	-	58	118361940	11526
chr7	118350414	118550414	harbor2	chr7	118397392	118397539	DNA/hAT-Charlie	567	-	74	118397466	47052
chr7	118350414	118550414	harbor2	chr7	118415705	118415799	DNA/hAT-Charlie	446	-	47	118415752	65338
chr7	118350414	118550414	harbor2	chr7	118423184	118423434	DNA/hAT-Charlie	457	-	125	118423309	72895
chr7	154054491	154254491	harbor2	chr7	154077465	154077639	DNA/hAT-Charlie	458	-	87	154077552	23061
chr7	154054491	154254491	harbor2	chr7	154088801	154088969	DNA/hAT-Charlie	611	-	84	154088885	34394
chr7	154054491	154254491	harbor2	chr7	154153652	154153850	DNA/hAT-Charlie	869	-	99	154153751	99260
chr7	147541126	147741126	harbor2	chr7	147589941	147590169	DNA/hAT-Charlie	530	-	114	147590055	48929
chr7	147541126	147741126	harbor2	chr7	147600301	147600610	DNA/hAT-Charlie	1348	-	154	147600455	59329
chr7	147541126	147741126	harbor2	chr7	147602378	147602493	DNA/hAT-Charlie	536	-	58	147602436	61310
chr7	140143500	140343500	harbor2	chr7	140164307	140164517	DNA/hAT-Charlie	950	-	105	140164412	20912
chr7	140143500	140343500	harbor2	chr7	140192349	140192481	DNA/hAT-Charlie	529	-	66	140192415	48915
chr7	140143500	140343500	harbor2	chr7	140226814	140227031	DNA/hAT-Charlie	1374	-	108	140226922	83422
chr7	140143500	140343500	harbor2	chr7	140235456	140235643	DNA/hAT-Charlie	703	-	94	140235550	92050
chr7	140143500	140343500	harbor2	chr7	140164924	140165154	DNA/hAT-Charlie	468	-	115	140165039	21539
chr7	39223880	39423880	harbor2	chr7	39302883	39303064	DNA/hAT-Charlie	1042	-	90	39302973	79093
chr7	149045194	149245194	harbor2	chr7	149051224	149051313	DNA/hAT-Charlie	701	-	44	149051268	6074
chr7	149045194	149245194	harbor2	chr7	149058419	149058466	DNA/hAT-Charlie	566	-	24	149058443	13249
chr7	149045194	149245194	harbor2	chr7	149058778	149058861	DNA/hAT-Charlie	566	-	42	149058820	13626
chr7	107140879	107340879	harbor2	chr7	107145148	107145340	DNA/hAT-Charlie	1004	-	96	107145244	4365
chr7	107140879	107340879	harbor2	chr7	107147532	107147694	DNA/hAT-Charlie	791	-	81	107147613	6734
chr7	107140879	107340879	harbor2	chr7	107152805	107153050	DNA/hAT-Charlie	723	-	122	107152927	12048
chr7	107140879	107340879	harbor2	chr7	107202928	107203114	DNA/hAT-Charlie	525	-	93	107203021	62142
chr7	61589270	61789270	harbor2	chr7	61593475	61593663	DNA/hAT-Charlie	516	-	94	61593569	4299
chr7	142867782	143067782	harbor2	chr7	142886279	142886463	DNA/hAT-Charlie	511	-	92	142886371	18589
chr7	142867782	143067782	harbor2	chr7	142889324	142889548	DNA/hAT-Charlie	867	-	112	142889436	21654
chr7	142867782	143067782	harbor2	chr7	142922460	142922633	DNA/hAT-Charlie	499	-	86	142922546	54764
chr7	152905932	153105932	harbor2	chr7	152965833	152966362	DNA/hAT-Charlie	3738	-	264	152966097	60165
chr7	152905932	153105932	harbor2	chr7	152988695	152988768	DNA/hAT-Charlie	513	-	36	152988731	82799
chr7	152905932	153105932	harbor2	chr7	152989286	152989381	DNA/hAT-Charlie	513	-	48	152989334	83402
chr7	146762074	146962074	harbor2	chr7	146769713	146769926	DNA/hAT-Charlie	863	-	106	146769819	7745
chr7	146762074	146962074	harbor2	chr7	146792918	146793306	DNA/hAT-Charlie	1463	-	194	146793112	31038
chr7	146762074	146962074	harbor2	chr7	146841056	146841211	DNA/hAT-Charlie	722	-	78	146841134	79060
chr7	139719990	139919990	harbor2	chr7	139747819	139747994	DNA/hAT-Charlie	648	-	88	139747907	27917
chr7	139719990	139919990	harbor2	chr7	139787766	139788280	DNA/hAT-Charlie	1822	-	257	139788023	68033
chr7	152422028	152622028	harbor2	chr7	152517880	152518185	DNA/hAT-Charlie	1023	-	152	152518032	96004
chr7	156401956	156601956	harbor2	chr7	156409743	156409956	DNA/hAT-Charlie	854	-	106	156409849	7893
chr7	156401956	156601956	harbor2	chr7	156485563	156485748	DNA/hAT-Charlie	533	-	92	156485655	83699
chr7	92243039	92443039	harbor2	chr7	92258352	92258511	DNA/hAT-Charlie	829	-	80	92258432	15393
chr7	92243039	92443039	harbor2	chr7	92278961	92279284	DNA/hAT-Charlie	1990	-	162	92279123	36084
chr7	92243039	92443039	harbor2	chr7	92293148	92293295	DNA/hAT-Charlie	601	-	74	92293222	50183
chr7	92243039	92443039	harbor2	chr7	92312417	92312685	DNA/hAT-Charlie	1125	-	134	92312551	69512
chr7	92243039	92443039	harbor2	chr7	92317236	92317405	DNA/hAT-Charlie	530	-	84	92317320	74281
chr7	143362473	143562473	harbor2	chr7	143407053	143407204	DNA/hAT-Charlie	447	-	76	143407129	44656
chr7	143362473	143562473	harbor2	chr7	143425708	143426298	DNA/hAT-Charlie	1656	-	295	143426003	63530
chr7	123912276	124112276	harbor2	chr7	123935734	123935881	DNA/hAT-Charlie	548	-	74	123935808	23532
chr7	123912276	124112276	harbor2	chr7	123971143	123971443	DNA/hAT-Charlie	1572	-	150	123971293	59017
chr7	123912276	124112276	harbor2	chr7	123971749	123972105	DNA/hAT-Charlie	1572	-	178	123971927	59651
chr7	123912276	124112276	harbor2	chr7	123972121	123972531	DNA/hAT-Charlie	1858	-	205	123972326	60050
chr7	123912276	124112276	harbor2	chr7	123972825	123973369	DNA/hAT-Charlie	1858	-	272	123973097	60821
chr7	86154760	86354760	harbor2	chr7	86199889	86200112	DNA/hAT-Charlie	883	-	112	86200001	45241
chr7	86154760	86354760	harbor2	chr7	86235628	86237265	DNA/hAT-Charlie	5378	-	818	86236446	81686
chr7	86154760	86354760	harbor2	chr7	86237565	86237998	DNA/hAT-Charlie	1092	-	216	86237781	83021
chr7	86154760	86354760	harbor2	chr7	86237994	86238660	DNA/hAT-Charlie	1390	-	333	86238327	83567
chr7	137464289	137664289	harbor2	chr7	137481062	137481245	DNA/hAT-Charlie	746	-	92	137481154	16865
chr7	50847315	51047315	harbor2	chr7	50866210	50866450	DNA/hAT-Charlie	566	-	120	50866330	19015
chr7	50847315	51047315	harbor2	chr7	50866852	50866909	DNA/hAT-Charlie	566	-	28	50866880	19565
chr7	50847315	51047315	harbor2	chr7	50942990	50943210	DNA/hAT-Charlie	941	-	110	50943100	95785
chr7	152875391	153075391	harbor2	chr7	152965833	152966362	DNA/hAT-Charlie	3738	-	264	152966097	90706
chr7	86428718	86628718	harbor2	chr7	86491739	86491907	DNA/hAT-Charlie	537	-	84	86491823	63105
chr7	86428718	86628718	harbor2	chr7	86519527	86519870	DNA/hAT-Charlie	848	-	172	86519699	90981
chr7	86428718	86628718	harbor2	chr7	86521465	86521750	DNA/hAT-Charlie	1035	-	142	86521607	92889
chr7	86428718	86628718	harbor2	chr7	86522719	86523698	DNA/hAT-Charlie	1732	-	490	86523209	94491
chr7	46416262	46616262	harbor2	chr7	46486953	46487139	DNA/hAT-Charlie	756	-	93	46487046	70784
chr7	153649556	153849556	harbor2	chr7	153658878	153658988	DNA/hAT-Charlie	541	-	55	153658933	9377
chr7	153649556	153849556	harbor2	chr7	153666459	153666701	DNA/hAT-Charlie	480	-	121	153666580	17024
chr7	153649556	153849556	harbor2	chr7	153676914	153677088	DNA/hAT-Charlie	916	-	87	153677001	27445
chr7	153649556	153849556	harbor2	chr7	153705313	153705500	DNA/hAT-Charlie	766	-	94	153705407	55851
chr7	153649556	153849556	harbor2	chr7	153709197	153709471	DNA/hAT-Charlie	798	-	137	153709334	59778
chr7	153649556	153849556	harbor2	chr7	153738542	153738870	DNA/hAT-Charlie	1914	-	164	153738706	89150
chr7	68025632	68225632	harbor2	chr7	68044563	68044753	DNA/hAT-Charlie	3315	-	95	68044658	19026
chr7	68025632	68225632	harbor2	chr7	68045063	68045394	DNA/hAT-Charlie	3315	-	166	68045229	19597
chr7	68025632	68225632	harbor2	chr7	68052915	68053249	DNA/hAT-Charlie	1963	-	167	68053082	27450
chr7	68025632	68225632	harbor2	chr7	68099689	68099805	DNA/hAT-Charlie	557	-	58	68099747	74115
chr7	68025632	68225632	harbor2	chr7	68100117	68100197	DNA/hAT-Charlie	557	-	40	68100157	74525
chr7	68025632	68225632	harbor2	chr7	68111471	68112008	DNA/hAT-Charlie	3420	-	268	68111739	86107
chr7	71830047	72030047	harbor2	chr7	71877915	71878091	DNA/hAT-Charlie	941	-	88	71878003	47956
chr7	89740407	89940407	harbor2	chr7	89741066	89741338	DNA/hAT-Charlie	737	-	136	89741202	795
chr7	89740407	89940407	harbor2	chr7	89749686	89749946	DNA/hAT-Charlie	528	-	130	89749816	9409
chr7	89740407	89940407	harbor2	chr7	89816379	89816897	DNA/hAT-Charlie	3535	-	259	89816638	76231
chr7	89740407	89940407	harbor2	chr7	89835966	89836147	DNA/hAT-Charlie	999	-	90	89836056	95649
chr7	139741525	139941525	harbor2	chr7	139747819	139747994	DNA/hAT-Charlie	648	-	88	139747907	6382
chr7	139741525	139941525	harbor2	chr7	139787766	139788280	DNA/hAT-Charlie	1822	-	257	139788023	46498
chr7	139741525	139941525	harbor2	chr7	139825784	139826017	DNA/hAT-Charlie	644	-	116	139825900	84375
chr7	139741525	139941525	harbor2	chr7	139840425	139840512	DNA/hAT-Charlie	498	-	44	139840469	98944
chr7	87269057	87469057	harbor2	chr7	87316496	87316629	DNA/hAT-Charlie	691	-	66	87316562	47505
chr7	87269057	87469057	harbor2	chr7	87334326	87334665	DNA/hAT-Charlie	2060	-	170	87334496	65439
chr7	127853166	128053166	harbor2	chr7	127863717	127863886	DNA/hAT-Charlie	841	-	84	127863801	10635
chr7	127853166	128053166	harbor2	chr7	127950093	127950191	DNA/hAT-Charlie	470	-	49	127950142	96976
chr7	151475141	151675141	harbor2	chr7	151489561	151489893	DNA/hAT-Charlie	1334	-	166	151489727	14586
chr7	151475141	151675141	harbor2	chr7	151559424	151559552	DNA/hAT-Charlie	484	-	64	151559488	84347
chr7	118164179	118364179	harbor2	chr7	118174697	118174894	DNA/hAT-Charlie	858	-	98	118174795	10616
chr7	118164179	118364179	harbor2	chr7	118193102	118193314	DNA/hAT-Charlie	969	-	106	118193208	29029
chr7	102115261	102315261	harbor2	chr7	102126679	102127184	DNA/hAT-Charlie	3555	-	252	102126931	11670
chr7	102115261	102315261	harbor2	chr7	102175776	102175993	DNA/hAT-Charlie	534	-	108	102175884	60623
chr7	115377747	115577747	harbor2	chr7	115451055	115451084	DNA/hAT-Charlie	654	-	14	115451069	73322
chr7	115377747	115577747	harbor2	chr7	115451211	115451424	DNA/hAT-Charlie	654	-	106	115451317	73570
chr7	115377747	115577747	harbor2	chr7	115455429	115455708	DNA/hAT-Charlie	662	-	140	115455569	77822
chr7	151570336	151770336	harbor2	chr7	151599526	151599833	DNA/hAT-Charlie	1851	-	154	151599680	29344
chr7	151570336	151770336	harbor2	chr7	151622947	151623084	DNA/hAT-Charlie	1967	-	68	151623015	52679
chr7	151570336	151770336	harbor2	chr7	151623392	151623590	DNA/hAT-Charlie	1967	-	99	151623491	53155
chr7	151570336	151770336	harbor2	chr7	151626756	151626989	DNA/hAT-Charlie	773	-	116	151626872	56536
chr7	151570336	151770336	harbor2	chr7	151648242	151648428	DNA/hAT-Charlie	504	-	93	151648335	77999
chr7	151570336	151770336	harbor2	chr7	151663887	151664101	DNA/hAT-Charlie	957	-	107	151663994	93658
chr7	127044070	127244070	harbor2	chr7	127112529	127112865	DNA/hAT-Charlie	739	-	168	127112697	68627
chr7	127044070	127244070	harbor2	chr7	127140167	127140390	DNA/hAT-Charlie	1107	-	112	127140279	96209
chr7	102886072	103086072	harbor2	chr7	102900963	102901212	DNA/hAT-Charlie	745	-	124	102901087	15015
chr7	102886072	103086072	harbor2	chr7	102915571	102915977	DNA/hAT-Charlie	1532	-	203	102915774	29702
chr7	102886072	103086072	harbor2	chr7	102916287	102916341	DNA/hAT-Charlie	1532	-	27	102916314	30242
chr7	102886072	103086072	harbor2	chr7	102966206	102966392	DNA/hAT-Charlie	1133	-	93	102966299	80227
chr7	141882688	142082688	harbor2	chr7	141932013	141932146	DNA/hAT-Charlie	577	-	66	141932079	49391
chr7	141882688	142082688	harbor2	chr7	141971350	141971517	DNA/hAT-Charlie	698	-	84	141971434	88746
chr7	80873878	81073878	harbor2	chr7	80904725	80904884	DNA/hAT-Charlie	612	-	80	80904805	30927
chr7	80873878	81073878	harbor2	chr7	80939683	80939790	DNA/hAT-Charlie	792	-	54	80939737	65859
chr7	80873878	81073878	harbor2	chr7	80940095	80940220	DNA/hAT-Charlie	792	-	62	80940157	66279
chr7	80873878	81073878	harbor2	chr7	80963970	80964293	DNA/hAT-Charlie	794	-	162	80964132	90254
chr7	158554890	158754890	harbor2	chr7	158632687	158632974	DNA/hAT-Charlie	694	-	144	158632831	77941
chr7	158554890	158754890	harbor2	chr7	158647207	158647421	DNA/hAT-Charlie	620	-	107	158647314	92424
chr7	158554890	158754890	harbor2	chr7	158649301	158649517	DNA/hAT-Charlie	712	-	108	158649409	94519
chr7	140788529	140988529	harbor2	chr7	140827727	140827891	DNA/hAT-Charlie	1230	-	82	140827809	39280
chr7	140788529	140988529	harbor2	chr7	140828193	140828351	DNA/hAT-Charlie	1230	-	79	140828272	39743
chr7	140788529	140988529	harbor2	chr7	140871708	140871859	DNA/hAT-Charlie	609	-	76	140871784	83255
chr7	140788529	140988529	harbor2	chr7	140884749	140884974	DNA/hAT-Charlie	1385	-	112	140884861	96332
chr7	140788529	140988529	harbor2	chr7	140885303	140885535	DNA/hAT-Charlie	1385	-	116	140885419	96890
chr7	137361699	137561699	harbor2	chr7	137375531	137375717	DNA/hAT-Charlie	1116	-	93	137375624	13925
chr7	137361699	137561699	harbor2	chr7	137396855	137397042	DNA/hAT-Charlie	758	-	94	137396949	35250
chr7	77726427	77926427	harbor2	chr7	77745620	77746121	DNA/hAT-Charlie	2880	-	250	77745870	19443
chr7	77726427	77926427	harbor2	chr7	77786129	77786454	DNA/hAT-Charlie	2075	-	162	77786291	59864
chr7	158734220	158934220	harbor2	chr7	158807654	158807925	DNA/hAT-Charlie	761	-	136	158807790	73570
chr7	107160237	107360237	harbor2	chr7	107202928	107203114	DNA/hAT-Charlie	525	-	93	107203021	42784
chr7	107160237	107360237	harbor2	chr7	107256212	107256432	DNA/hAT-Charlie	1043	-	110	107256322	96085
chr7	124184453	124384453	harbor2	chr7	124249191	124249330	DNA/hAT-Charlie	533	-	70	124249261	64808
chr7	140844786	141044786	harbor2	chr7	140871708	140871859	DNA/hAT-Charlie	609	-	76	140871784	26998
chr7	140844786	141044786	harbor2	chr7	140884749	140884974	DNA/hAT-Charlie	1385	-	112	140884861	40075
chr7	140844786	141044786	harbor2	chr7	140885303	140885535	DNA/hAT-Charlie	1385	-	116	140885419	40633
chr7	140844786	141044786	harbor2	chr7	140909522	140909733	DNA/hAT-Charlie	634	-	106	140909628	64842
chr7	140844786	141044786	harbor2	chr7	140909859	140910088	DNA/hAT-Charlie	605	-	114	140909973	65187
chr7	140844786	141044786	harbor2	chr7	140911218	140911411	DNA/hAT-Charlie	684	-	96	140911314	66528
chr7	140844786	141044786	harbor2	chr7	140918215	140918537	DNA/hAT-Charlie	2023	-	161	140918376	73590
chr7	157417194	157617194	harbor2	chr7	157442839	157443168	DNA/hAT-Charlie	1837	-	164	157443003	25809
chr7	150098792	150298792	harbor2	chr7	150136845	150137181	DNA/hAT-Charlie	2018	-	168	150137013	38221
chr7	30513750	30713750	harbor2	chr7	30518547	30518774	DNA/hAT-Charlie	798	-	114	30518661	4911
chr7	30513750	30713750	harbor2	chr7	30548095	30548260	DNA/hAT-Charlie	571	-	82	30548177	34427
chr7	148172927	148372927	harbor2	chr7	148271265	148271473	DNA/hAT-Charlie	1145	-	104	148271369	98442
chr7	131512363	131712363	harbor2	chr7	131514947	131515176	DNA/hAT-Charlie	1009	-	114	131515061	2698
chr7	131512363	131712363	harbor2	chr7	131528418	131528595	DNA/hAT-Charlie	906	-	88	131528506	16143
chr7	131512363	131712363	harbor2	chr7	131535521	131535706	DNA/hAT-Charlie	818	-	92	131535613	23250
chr7	131512363	131712363	harbor2	chr7	131600143	131600299	DNA/hAT-Charlie	707	-	78	131600221	87858
chr7	152683854	152883854	harbor2	chr7	152689653	152690046	DNA/hAT-Charlie	1162	-	196	152689849	5995
chr7	158993817	159193817	harbor2	chr7	159066981	159067178	DNA/hAT-Charlie	738	-	98	159067079	73262
chr7	19468207	19668207	harbor2	chr7	19496980	19497086	DNA/hAT-Charlie	455	-	53	19497033	28826
chr7	19468207	19668207	harbor2	chr7	19542142	19542287	DNA/hAT-Charlie	782	-	72	19542214	74007
chr7	19468207	19668207	harbor2	chr7	19548710	19549106	DNA/hAT-Charlie	2480	-	198	19548908	80701
chr7	119531939	119731939	harbor2	chr7	119538653	119538797	DNA/hAT-Charlie	546	-	72	119538725	6786
chr7	119531939	119731939	harbor2	chr7	119539098	119539316	DNA/hAT-Charlie	901	-	109	119539207	7268
chr7	132827115	133027115	harbor2	chr7	132861592	132861858	DNA/hAT-Charlie	1403	-	133	132861725	34610
chr7	132827115	133027115	harbor2	chr7	132875163	132875293	DNA/hAT-Charlie	469	-	65	132875228	48113
chr7	132827115	133027115	harbor2	chr7	132895264	132895482	DNA/hAT-Charlie	945	-	109	132895373	68258
chr7	132827115	133027115	harbor2	chr7	132912106	132912369	DNA/hAT-Charlie	563	-	132	132912238	85123
chr7	114034524	114234524	harbor2	chr7	114102349	114102672	DNA/hAT-Charlie	1317	-	162	114102511	67987
chr7	114034524	114234524	harbor2	chr7	114119811	114119978	DNA/hAT-Charlie	570	-	84	114119895	85371
chr7	82324291	82524291	harbor2	chr7	82344060	82344242	DNA/hAT-Charlie	735	-	91	82344151	19860
chr7	50014165	50214165	harbor2	chr7	50016971	50017507	DNA/hAT-Charlie	3437	-	268	50017239	3074
chr7	50014165	50214165	harbor2	chr7	50035295	50035546	DNA/hAT-Charlie	907	-	126	50035421	21256
chr7	50014165	50214165	harbor2	chr7	50112329	50112462	DNA/hAT-Charlie	640	-	66	50112395	98230
chr7	144050315	144250315	harbor2	chr7	144130781	144130974	DNA/hAT-Charlie	812	-	96	144130877	80562
chr7	144050315	144250315	harbor2	chr7	144134840	144135315	DNA/hAT-Charlie	843	-	238	144135078	84763
chr7	151465348	151665348	harbor2	chr7	151489561	151489893	DNA/hAT-Charlie	1334	-	166	151489727	24379
chr7	151465348	151665348	harbor2	chr7	151559424	151559552	DNA/hAT-Charlie	484	-	64	151559488	94140
chr8	142293187	142493187	harbor2	chr8	142335733	142335934	DNA/hAT-Charlie	722	-	100	142335833	42646
chr8	142293187	142493187	harbor2	chr8	142355924	142356205	DNA/hAT-Charlie	537	-	140	142356064	62877
chr8	32835494	33035494	harbor2	chr8	32896634	32896819	DNA/hAT-Charlie	774	-	92	32896726	61232
chr8	32835494	33035494	harbor2	chr8	32928215	32928380	DNA/hAT-Charlie	446	-	82	32928297	92803
chr8	32835494	33035494	harbor2	chr8	32928659	32928819	DNA/hAT-Charlie	756	-	80	32928739	93245
chr8	122600489	122800489	harbor2	chr8	122607412	122607526	DNA/hAT-Charlie	380	-	57	122607469	6980
chr8	122600489	122800489	harbor2	chr8	122607521	122607625	DNA/hAT-Charlie	553	-	52	122607573	7084
chr8	122600489	122800489	harbor2	chr8	122615392	122615570	DNA/hAT-Charlie	984	-	89	122615481	14992
chr8	122600489	122800489	harbor2	chr8	122649181	122649391	DNA/hAT-Charlie	1213	-	105	122649286	48797
chr8	122600489	122800489	harbor2	chr8	122657117	122657467	DNA/hAT-Charlie	2319	-	175	122657292	56803
chr8	122600489	122800489	harbor2	chr8	122676666	122676838	DNA/hAT-Charlie	967	-	86	122676752	76263
chr8	122600489	122800489	harbor2	chr8	122686921	122687121	DNA/hAT-Charlie	405	-	100	122687021	86532
chr8	132829375	133029375	harbor2	chr8	132833853	132833992	DNA/hAT-Charlie	421	-	70	132833923	4548
chr8	132829375	133029375	harbor2	chr8	132850246	132850518	DNA/hAT-Charlie	518	-	136	132850382	21007
chr8	132829375	133029375	harbor2	chr8	132915595	132915781	DNA/hAT-Charlie	830	-	93	132915688	86313
chr8	132829375	133029375	harbor2	chr8	132919583	132919804	DNA/hAT-Charlie	1050	-	110	132919693	90318
chr8	132829375	133029375	harbor2	chr8	132923893	132924385	DNA/hAT-Charlie	3563	-	246	132924139	94764
chr8	132035604	132235604	harbor2	chr8	132046308	132046469	DNA/hAT-Charlie	389	-	80	132046388	10784
chr8	132035604	132235604	harbor2	chr8	132046914	132046996	DNA/hAT-Charlie	380	-	41	132046955	11351
chr8	132035604	132235604	harbor2	chr8	132051718	132051987	DNA/hAT-Charlie	431	-	134	132051852	16248
chr8	132035604	132235604	harbor2	chr8	132060828	132061030	DNA/hAT-Charlie	984	-	101	132060929	25325
chr8	132035604	132235604	harbor2	chr8	132087292	132087565	DNA/hAT-Charlie	640	-	136	132087428	51824
chr8	141236987	141436987	harbor2	chr8	141251626	141251858	DNA/hAT-Charlie	578	-	116	141251742	14755
chr8	141236987	141436987	harbor2	chr8	141257967	141258188	DNA/hAT-Charlie	598	-	110	141258077	21090
chr8	141236987	141436987	harbor2	chr8	141327510	141327721	DNA/hAT-Charlie	1094	-	106	141327616	90629
chr8	141236987	141436987	harbor2	chr8	141328029	141328127	DNA/hAT-Charlie	1094	-	49	141328078	91091
chr8	141236987	141436987	harbor2	chr8	141328906	141329181	DNA/hAT-Charlie	931	-	138	141329044	92057
chr8	66731921	66931921	harbor2	chr8	66757482	66757632	DNA/hAT-Charlie	1483	-	75	66757557	25636
chr8	66731921	66931921	harbor2	chr8	66757958	66757998	DNA/hAT-Charlie	1483	-	20	66757978	26057
chr8	66731921	66931921	harbor2	chr8	66758038	66758071	DNA/hAT-Charlie	1483	-	16	66758054	26133
chr8	66731921	66931921	harbor2	chr8	66758370	66758696	DNA/hAT-Charlie	1483	-	163	66758533	26612
chr8	66731921	66931921	harbor2	chr8	66760001	66760318	DNA/hAT-Charlie	2609	-	158	66760159	28238
chr8	66731921	66931921	harbor2	chr8	66760634	66760868	DNA/hAT-Charlie	2609	-	117	66760751	28830
chr8	66731921	66931921	harbor2	chr8	66761038	66761106	DNA/hAT-Charlie	1387	-	34	66761072	29151
chr8	66731921	66931921	harbor2	chr8	66761277	66761492	DNA/hAT-Charlie	1387	-	108	66761385	29464
chr8	66731921	66931921	harbor2	chr8	66771851	66772093	DNA/hAT-Charlie	695	-	121	66771972	40051
chr8	66731921	66931921	harbor2	chr8	66785450	66785653	DNA/hAT-Charlie	833	-	102	66785552	53631
chr8	113615636	113815636	harbor2	chr8	113668914	113669143	DNA/hAT-Charlie	746	-	114	113669028	53392
chr8	141386963	141586963	harbor2	chr8	141468338	141468509	DNA/hAT-Charlie	819	-	86	141468424	81461
chr8	143901876	144101876	harbor2	chr8	143911082	143911247	DNA/hAT-Charlie	484	-	82	143911164	9288
chr8	141820671	142020671	harbor2	chr8	141889611	141889838	DNA/hAT-Charlie	769	-	114	141889725	69054
chr8	141820671	142020671	harbor2	chr8	141890113	141890444	DNA/hAT-Charlie	953	-	166	141890279	69608
chr8	134772848	134972848	harbor2	chr8	134793442	134793750	DNA/hAT-Charlie	1618	-	154	134793596	20748
chr8	134772848	134972848	harbor2	chr8	134849925	134850068	DNA/hAT-Charlie	755	-	72	134849997	77149
chr8	92041702	92241702	harbor2	chr8	92052636	92052815	DNA/hAT-Charlie	796	-	90	92052726	11024
chr8	92041702	92241702	harbor2	chr8	92109406	92109520	DNA/hAT-Charlie	669	-	57	92109463	67761
chr8	92041702	92241702	harbor2	chr8	92127266	92127584	DNA/hAT-Charlie	1775	-	159	92127425	85723
chr8	137348870	137548870	harbor2	chr8	137362858	137363341	DNA/hAT-Charlie	3062	-	242	137363100	14230
chr8	137348870	137548870	harbor2	chr8	137405478	137405574	DNA/hAT-Charlie	463	-	48	137405526	56656
chr8	119550816	119750816	harbor2	chr8	119582203	119582368	DNA/hAT-Charlie	668	-	82	119582285	31469
chr8	133345337	133545337	harbor2	chr8	133362130	133362297	DNA/hAT-Charlie	624	-	84	133362214	16877
chr8	133345337	133545337	harbor2	chr8	133396612	133396761	DNA/hAT-Charlie	445	-	74	133396686	51349
chr8	131191988	131391988	harbor2	chr8	131205680	131205956	DNA/hAT-Charlie	664	-	138	131205818	13830
chr8	131191988	131391988	harbor2	chr8	131206327	131206462	DNA/hAT-Charlie	385	-	68	131206395	14407
chr8	131191988	131391988	harbor2	chr8	131206620	131206797	DNA/hAT-Charlie	385	-	88	131206708	14720
chr8	131191988	131391988	harbor2	chr8	131288133	131288252	DNA/hAT-Charlie	411	-	60	131288193	96205
chr8	88131932	88331932	harbor2	chr8	88218136	88218334	DNA/hAT-Charlie	630	-	99	88218235	86303
chr8	88131932	88331932	harbor2	chr8	88218646	88218924	DNA/hAT-Charlie	630	-	139	88218785	86853
chr8	140979826	141179826	harbor2	chr8	140992494	140992617	DNA/hAT-Charlie	556	-	62	140992556	12730
chr8	140979826	141179826	harbor2	chr8	141008034	141008151	DNA/hAT-Charlie	923	-	58	141008092	28266
chr8	140979826	141179826	harbor2	chr8	141008453	141008482	DNA/hAT-Charlie	923	-	14	141008467	28641
chr8	140979826	141179826	harbor2	chr8	141008770	141008912	DNA/hAT-Charlie	923	-	71	141008841	29015
chr8	101744124	101944124	harbor2	chr8	101752769	101753060	DNA/hAT-Charlie	767	-	146	101752915	8791
chr8	101744124	101944124	harbor2	chr8	101772153	101772284	DNA/hAT-Charlie	534	-	66	101772219	28095
chr8	101744124	101944124	harbor2	chr8	101825719	101825949	DNA/hAT-Charlie	1291	-	115	101825834	81710
chr8	101744124	101944124	harbor2	chr8	101829194	101830278	DNA/hAT-Charlie	3135	-	542	101829736	85612
chr8	101744124	101944124	harbor2	chr8	101830570	101830717	DNA/hAT-Charlie	3135	-	74	101830644	86520
chr8	101744124	101944124	harbor2	chr8	101830854	101831159	DNA/hAT-Charlie	543	-	152	101831006	86882
chr8	101744124	101944124	harbor2	chr8	101833166	101833325	DNA/hAT-Charlie	832	-	80	101833246	89122
chr8	101744124	101944124	harbor2	chr8	101841382	101841619	DNA/hAT-Charlie	1097	-	118	101841500	97376
chr8	111561014	111761014	harbor2	chr8	111571820	111571908	DNA/hAT-Charlie	702	-	44	111571864	10850
chr8	98539176	98739176	harbor2	chr8	98611676	98611845	DNA/hAT-Charlie	366	-	84	98611760	72584
chr8	143190853	143390853	harbor2	chr8	143253505	143253609	DNA/hAT-Charlie	441	-	52	143253557	62704
chr8	143190853	143390853	harbor2	chr8	143253837	143254145	DNA/hAT-Charlie	1933	-	154	143253991	63138
chr8	17678203	17878203	harbor2	chr8	17681791	17682098	DNA/hAT-Charlie	1194	-	154	17681945	3742
chr8	17678203	17878203	harbor2	chr8	17762741	17762902	DNA/hAT-Charlie	654	-	80	17762821	84618
chr8	17678203	17878203	harbor2	chr8	17764579	17764799	DNA/hAT-Charlie	939	-	110	17764689	86486
chr8	17678203	17878203	harbor2	chr8	17764822	17765318	DNA/hAT-Charlie	3441	-	248	17765070	86867
chr8	129305812	129505812	harbor2	chr8	129329836	129329934	DNA/hAT-Charlie	394	-	49	129329885	24073
chr8	129305812	129505812	harbor2	chr8	129387737	129387932	DNA/hAT-Charlie	670	-	98	129387835	82023
chr8	125735247	125935247	harbor2	chr8	125749419	125749612	DNA/hAT-Charlie	893	-	96	125749515	14268
chr8	125735247	125935247	harbor2	chr8	125820470	125820851	DNA/hAT-Charlie	1299	-	190	125820660	85413
chr8	73964926	74164926	harbor2	chr8	73967271	73967458	DNA/hAT-Charlie	1363	-	94	73967365	2439
chr8	73964926	74164926	harbor2	chr8	73967768	73967909	DNA/hAT-Charlie	1363	-	70	73967838	2912
chr8	73964926	74164926	harbor2	chr8	74052880	74053019	DNA/hAT-Charlie	529	-	70	74052950	88024
chr8	122989981	123189981	harbor2	chr8	123049004	123049395	DNA/hAT-Charlie	1213	-	196	123049200	59219
chr8	122989981	123189981	harbor2	chr8	123050444	123050684	DNA/hAT-Charlie	830	-	120	123050564	60583
chr8	122989981	123189981	harbor2	chr8	123053630	123053836	DNA/hAT-Charlie	1100	-	103	123053733	63752
chr8	134671447	134871447	harbor2	chr8	134689867	134690115	DNA/hAT-Charlie	870	-	124	134689991	18544
chr8	134671447	134871447	harbor2	chr8	134727680	134727893	DNA/hAT-Charlie	881	-	106	134727786	56339
chr8	134671447	134871447	harbor2	chr8	134731408	134731593	DNA/hAT-Charlie	988	-	92	134731500	60053
chr8	140406158	140606158	harbor2	chr8	140435894	140436063	DNA/hAT-Charlie	1602	-	84	140435978	29820
chr8	140406158	140606158	harbor2	chr8	140436369	140436605	DNA/hAT-Charlie	1602	-	118	140436487	30329
chr8	140406158	140606158	harbor2	chr8	140449892	140450078	DNA/hAT-Charlie	1201	-	93	140449985	43827
chr8	140406158	140606158	harbor2	chr8	140450370	140450509	DNA/hAT-Charlie	1201	-	70	140450440	44282
chr8	128547797	128747797	harbor2	chr8	128563280	128563468	DNA/hAT-Charlie	974	-	94	128563374	15577
chr8	128547797	128747797	harbor2	chr8	128600072	128600566	DNA/hAT-Charlie	1076	-	247	128600319	52522
chr8	111272284	111472284	harbor2	chr8	111308675	111308877	DNA/hAT-Charlie	799	-	101	111308776	36492
chr8	113764596	113964596	harbor2	chr8	113826555	113826739	DNA/hAT-Charlie	580	-	92	113826647	62051
chr8	63433934	63633934	harbor2	chr8	63481392	63481601	DNA/hAT-Charlie	584	-	104	63481496	47562
chr8	22782431	22982431	harbor2	chr8	22804667	22804757	DNA/hAT-Charlie	431	-	45	22804712	22281
chr8	22782431	22982431	harbor2	chr8	22824434	22824947	DNA/hAT-Charlie	3536	-	256	22824690	42259
chr8	22782431	22982431	harbor2	chr8	22833737	22833908	DNA/hAT-Charlie	396	-	86	22833823	51392
chr8	118248287	118448287	harbor2	chr8	118320370	118320568	DNA/hAT-Charlie	773	-	99	118320469	72182
chr8	118248287	118448287	harbor2	chr8	118320822	118321082	DNA/hAT-Charlie	773	-	130	118320952	72665
chr8	118248287	118448287	harbor2	chr8	118347518	118347721	DNA/hAT-Charlie	565	-	102	118347620	99333
chr8	91674303	91874303	harbor2	chr8	91681089	91681255	DNA/hAT-Charlie	606	-	83	91681172	6869
chr8	127507490	127707490	harbor2	chr8	127532344	127532538	DNA/hAT-Charlie	976	-	97	127532441	24951
chr8	127507490	127707490	harbor2	chr8	127545457	127545833	DNA/hAT-Charlie	768	-	188	127545645	38155
chr8	127507490	127707490	harbor2	chr8	127556692	127556908	DNA/hAT-Charlie	1001	-	108	127556800	49310
chr8	91969950	92169950	harbor2	chr8	91992355	91992557	DNA/hAT-Charlie	988	-	101	91992456	22506
chr8	91969950	92169950	harbor2	chr8	92027163	92027330	DNA/hAT-Charlie	856	-	84	92027247	57297
chr8	91969950	92169950	harbor2	chr8	92052636	92052815	DNA/hAT-Charlie	796	-	90	92052726	82776
chr8	126079079	126279079	harbor2	chr8	126081883	126082030	DNA/hAT-Charlie	494	-	74	126081957	2878
chr8	126079079	126279079	harbor2	chr8	126085465	126085611	DNA/hAT-Charlie	713	-	73	126085538	6459
chr8	126079079	126279079	harbor2	chr8	126177775	126177987	DNA/hAT-Charlie	1165	-	106	126177881	98802
chr8	141186908	141386908	harbor2	chr8	141251626	141251858	DNA/hAT-Charlie	578	-	116	141251742	64834
chr8	141186908	141386908	harbor2	chr8	141257967	141258188	DNA/hAT-Charlie	598	-	110	141258077	71169
chr8	115240895	115440895	harbor2	chr8	115292496	115292655	DNA/hAT-Charlie	639	-	80	115292576	51681
chr8	115240895	115440895	harbor2	chr8	115324806	115325280	DNA/hAT-Charlie	1457	-	237	115325043	84148
chr8	115240895	115440895	harbor2	chr8	115326022	115326850	DNA/hAT-Charlie	1451	-	414	115326436	85541
chr8	115240895	115440895	harbor2	chr8	115334209	115334354	DNA/hAT-Charlie	589	-	72	115334281	93386
chr8	115240895	115440895	harbor2	chr8	115337698	115337777	DNA/hAT-Charlie	963	-	40	115337738	96843
chr8	115240895	115440895	harbor2	chr8	115338234	115338389	DNA/hAT-Charlie	963	-	78	115338312	97417
chr8	115240895	115440895	harbor2	chr8	115326887	115327198	DNA/hAT-Charlie	1009	-	156	115327043	86148
chr8	120809838	121009838	harbor2	chr8	120825379	120825683	DNA/hAT-Charlie	509	-	152	120825531	15693
chr8	120809838	121009838	harbor2	chr8	120855565	120855765	DNA/hAT-Charlie	1014	-	100	120855665	45827
chr8	120809838	121009838	harbor2	chr8	120865569	120865597	DNA/hAT-Charlie	675	-	14	120865583	55745
chr8	120809838	121009838	harbor2	chr8	120865909	120866034	DNA/hAT-Charlie	675	-	62	120865971	56133
chr8	105772674	105972674	harbor2	chr8	105823694	105823852	DNA/hAT-Charlie	816	-	79	105823773	51099
chr8	105772674	105972674	harbor2	chr8	105832593	105832837	DNA/hAT-Charlie	702	-	122	105832715	60041
chr8	105772674	105972674	harbor2	chr8	105838341	105838497	DNA/hAT-Charlie	610	-	78	105838419	65745
chr8	105772674	105972674	harbor2	chr8	105839754	105839868	DNA/hAT-Charlie	530	-	57	105839811	67137
chr8	105772674	105972674	harbor2	chr8	105842489	105842694	DNA/hAT-Charlie	769	-	102	105842591	69917
chr8	105772674	105972674	harbor2	chr8	105865514	105865697	DNA/hAT-Charlie	865	-	92	105865606	92932
chr8	136521926	136721926	harbor2	chr8	136537596	136537722	DNA/hAT-Charlie	4001	-	63	136537659	15733
chr8	136521926	136721926	harbor2	chr8	136538013	136539332	DNA/hAT-Charlie	4001	-	660	136538673	16747
chr8	58008491	58208491	harbor2	chr8	58014301	58014450	DNA/hAT-Charlie	367	-	74	58014375	5884
chr8	139539541	139739541	harbor2	chr8	139541256	139541481	DNA/hAT-Charlie	538	-	112	139541368	1827
chr8	141052174	141252174	harbor2	chr8	141094756	141094960	DNA/hAT-Charlie	785	-	102	141094858	42684
chr8	141052174	141252174	harbor2	chr8	141099777	141100005	DNA/hAT-Charlie	1366	-	114	141099891	47717
chr8	141052174	141252174	harbor2	chr8	141114655	141114712	DNA/hAT-Charlie	581	-	28	141114683	62509
chr8	141052174	141252174	harbor2	chr8	141115012	141115212	DNA/hAT-Charlie	581	-	100	141115112	62938
chr8	115380708	115580708	harbor2	chr8	115389626	115390176	DNA/hAT-Charlie	3079	-	275	115389901	9193
chr8	115380708	115580708	harbor2	chr8	115436667	115436781	DNA/hAT-Charlie	517	-	57	115436724	56016
chr8	134843472	135043472	harbor2	chr8	134849925	134850068	DNA/hAT-Charlie	755	-	72	134849997	6525
chr8	134843472	135043472	harbor2	chr8	134898190	134898268	DNA/hAT-Charlie	385	-	39	134898229	54757
chr8	134843472	135043472	harbor2	chr8	134903383	134903526	DNA/hAT-Charlie	503	-	72	134903455	59983
chr8	134843472	135043472	harbor2	chr8	134930113	134930374	DNA/hAT-Charlie	538	-	130	134930243	86771
chr8	129924847	130124847	harbor2	chr8	129935290	129935602	DNA/hAT-Charlie	1827	-	156	129935446	10599
chr8	129924847	130124847	harbor2	chr8	129940786	129940930	DNA/hAT-Charlie	399	-	72	129940858	16011
chr8	129924847	130124847	harbor2	chr8	129956307	129956484	DNA/hAT-Charlie	642	-	88	129956395	31548
chr8	124549068	124749068	harbor2	chr8	124554270	124554493	DNA/hAT-Charlie	1123	-	112	124554382	5314
chr8	124549068	124749068	harbor2	chr8	124567981	124568136	DNA/hAT-Charlie	773	-	78	124568059	18991
chr8	124549068	124749068	harbor2	chr8	124592738	124592963	DNA/hAT-Charlie	805	-	112	124592850	43782
chr8	124549068	124749068	harbor2	chr8	124597921	124597991	DNA/hAT-Charlie	796	-	35	124597956	48888
chr8	124549068	124749068	harbor2	chr8	124598314	124598456	DNA/hAT-Charlie	796	-	71	124598385	49317
chr8	124549068	124749068	harbor2	chr8	124602057	124602208	DNA/hAT-Charlie	1167	-	76	124602133	53065
chr8	124549068	124749068	harbor2	chr8	124602500	124602590	DNA/hAT-Charlie	1167	-	45	124602545	53477
chr8	124549068	124749068	harbor2	chr8	124603871	124603983	DNA/hAT-Charlie	1231	-	56	124603927	54859
chr8	124549068	124749068	harbor2	chr8	124604242	124604345	DNA/hAT-Charlie	1231	-	52	124604294	55226
chr8	124549068	124749068	harbor2	chr8	124608909	124609053	DNA/hAT-Charlie	591	-	72	124608981	59913
chr8	119578592	119778592	harbor2	chr8	119582203	119582368	DNA/hAT-Charlie	668	-	82	119582285	3693
chr8	119578592	119778592	harbor2	chr8	119660711	119660889	DNA/hAT-Charlie	727	-	89	119660800	82208
chr8	127241927	127441927	harbor2	chr8	127249772	127249909	DNA/hAT-Charlie	485	-	68	127249840	7913
chr8	127241927	127441927	harbor2	chr8	127336577	127336730	DNA/hAT-Charlie	456	-	76	127336653	94726
chr8	35888755	36088755	harbor2	chr8	35905474	35905644	DNA/hAT-Charlie	742	-	85	35905559	16804
chr8	35888755	36088755	harbor2	chr8	35913774	35913892	DNA/hAT-Charlie	555	-	59	35913833	25078
chr8	35888755	36088755	harbor2	chr8	35916599	35916769	DNA/hAT-Charlie	377	-	85	35916684	27929
chr8	35888755	36088755	harbor2	chr8	35917731	35917868	DNA/hAT-Charlie	444	-	68	35917799	29044
chr8	35888755	36088755	harbor2	chr8	35969597	35969924	DNA/hAT-Charlie	1836	-	164	35969761	81006
chr8	142415878	142615878	harbor2	chr8	142443976	142444172	DNA/hAT-Charlie	723	-	98	142444074	28196
chr8	142415878	142615878	harbor2	chr8	142466274	142466367	DNA/hAT-Charlie	388	-	46	142466320	50442
chr8	126466380	126666380	harbor2	chr8	126541124	126541307	DNA/hAT-Charlie	931	-	92	126541216	74836
chr8	84922072	85122072	harbor2	chr8	84981390	84981522	DNA/hAT-Charlie	1143	-	66	84981456	59384
chr8	84922072	85122072	harbor2	chr8	84981858	84981928	DNA/hAT-Charlie	1143	-	35	84981893	59821
chr8	84922072	85122072	harbor2	chr8	84982055	84982278	DNA/hAT-Charlie	1143	-	112	84982167	60095
chr8	123845879	124045879	harbor2	chr8	123878765	123879091	DNA/hAT-Charlie	938	-	163	123878928	33049
chr8	123845879	124045879	harbor2	chr8	123897825	123898042	DNA/hAT-Charlie	885	-	108	123897933	52054
chr8	123845879	124045879	harbor2	chr8	123906955	123907167	DNA/hAT-Charlie	871	-	106	123907061	61182
chr8	123845879	124045879	harbor2	chr8	123908896	123909094	DNA/hAT-Charlie	638	-	99	123908995	63116
chr8	123845879	124045879	harbor2	chr8	123914182	123914229	DNA/hAT-Charlie	988	-	24	123914206	68327
chr8	123845879	124045879	harbor2	chr8	123925609	123925739	DNA/hAT-Charlie	446	-	65	123925674	79795
chr8	68854144	69054144	harbor2	chr8	68873777	68874138	DNA/hAT-Charlie	978	-	180	68873957	19813
chr8	68854144	69054144	harbor2	chr8	68903681	68903890	DNA/hAT-Charlie	980	-	104	68903785	49641
chr8	68854144	69054144	harbor2	chr8	68931613	68931801	DNA/hAT-Charlie	709	-	94	68931707	77563
chr8	68854144	69054144	harbor2	chr8	68950100	68950301	DNA/hAT-Charlie	1299	-	100	68950200	96056
chr8	68854144	69054144	harbor2	chr8	68952640	68952843	DNA/hAT-Charlie	1398	-	102	68952742	98598
chr8	121559789	121759789	harbor2	chr8	121610299	121610472	DNA/hAT-Charlie	639	-	86	121610385	50596
chr8	121559789	121759789	harbor2	chr8	121636025	121636192	DNA/hAT-Charlie	415	-	84	121636109	76320
chr8	121559789	121759789	harbor2	chr8	121644531	121644971	DNA/hAT-Charlie	1621	-	220	121644751	84962
chr8	121559789	121759789	harbor2	chr8	121645299	121645427	DNA/hAT-Charlie	396	-	64	121645363	85574
chr8	121559789	121759789	harbor2	chr8	121645762	121646282	DNA/hAT-Charlie	3021	-	260	121646022	86233
chr8	121559789	121759789	harbor2	chr8	121646584	121646864	DNA/hAT-Charlie	3021	-	140	121646724	86935
chr8	113201809	113401809	harbor2	chr8	113232394	113232557	DNA/hAT-Charlie	450	-	82	113232476	30667
chr8	130478667	130678667	harbor2	chr8	130499276	130499412	DNA/hAT-Charlie	465	-	68	130499344	20677
chr8	130478667	130678667	harbor2	chr8	130516570	130516815	DNA/hAT-Charlie	1205	-	122	130516692	38025
chr8	130478667	130678667	harbor2	chr8	130542492	130542677	DNA/hAT-Charlie	619	-	92	130542584	63917
chr8	130478667	130678667	harbor2	chr8	130574067	130574944	DNA/hAT-Charlie	3084	-	438	130574505	95838
chr8	104515804	104715804	harbor2	chr8	104560986	104561217	DNA/hAT-Charlie	929	-	116	104561102	45298
chr8	104515804	104715804	harbor2	chr8	104564238	104564398	DNA/hAT-Charlie	512	-	80	104564318	48514
chr8	104515804	104715804	harbor2	chr8	104591318	104591703	DNA/hAT-Charlie	1740	-	192	104591510	75706
chr8	104515804	104715804	harbor2	chr8	104614299	104614835	DNA/hAT-Charlie	3538	-	268	104614567	98763
chr8	100361852	100561852	harbor2	chr8	100366530	100366682	DNA/hAT-Charlie	375	-	76	100366606	4754
chr8	100361852	100561852	harbor2	chr8	100367150	100367253	DNA/hAT-Charlie	580	-	52	100367202	5350
chr8	100361852	100561852	harbor2	chr8	100370674	100370980	DNA/hAT-Charlie	524	-	153	100370827	8975
chr8	100361852	100561852	harbor2	chr8	100374162	100374499	DNA/hAT-Charlie	1955	-	168	100374330	12478
chr8	100361852	100561852	harbor2	chr8	100416101	100416240	DNA/hAT-Charlie	384	-	70	100416171	54319
chr8	100361852	100561852	harbor2	chr8	100435027	100435198	DNA/hAT-Charlie	787	-	86	100435113	73261
chr8	100361852	100561852	harbor2	chr8	100453168	100453272	DNA/hAT-Charlie	830	-	52	100453220	91368
chr8	100361852	100561852	harbor2	chr8	100453750	100453894	DNA/hAT-Charlie	701	-	72	100453822	91970
chr8	109060874	109260874	harbor2	chr8	109152370	109152539	DNA/hAT-Charlie	438	-	84	109152454	91580
chr8	109060874	109260874	harbor2	chr8	109153770	109153910	DNA/hAT-Charlie	519	-	70	109153840	92966
chr8	109060874	109260874	harbor2	chr8	109157926	109158262	DNA/hAT-Charlie	2258	-	168	109158094	97220
chr8	109060874	109260874	harbor2	chr8	109159891	109160068	DNA/hAT-Charlie	881	-	88	109159979	99105
chr8	33191056	33391056	harbor2	chr8	33241304	33241488	DNA/hAT-Charlie	1145	-	92	33241396	50340
chr8	33191056	33391056	harbor2	chr8	33285065	33285218	DNA/hAT-Charlie	635	-	76	33285141	94085
chr8	105483030	105683030	harbor2	chr8	105487556	105487660	DNA/hAT-Charlie	537	-	52	105487608	4578
chr8	105483030	105683030	harbor2	chr8	105494782	105495108	DNA/hAT-Charlie	868	-	163	105494945	11915
chr8	131178775	131378775	harbor2	chr8	131184747	131184933	DNA/hAT-Charlie	783	-	93	131184840	6065
chr8	131178775	131378775	harbor2	chr8	131205680	131205956	DNA/hAT-Charlie	664	-	138	131205818	27043
chr8	131178775	131378775	harbor2	chr8	131206327	131206462	DNA/hAT-Charlie	385	-	68	131206395	27620
chr8	131178775	131378775	harbor2	chr8	131206620	131206797	DNA/hAT-Charlie	385	-	88	131206708	27933
chr8	69915173	70115173	harbor2	chr8	69939892	69940001	DNA/hAT-Charlie	691	-	54	69939946	24773
chr8	69915173	70115173	harbor2	chr8	69997054	69997152	DNA/hAT-Charlie	449	-	49	69997103	81930
chr8	69915173	70115173	harbor2	chr8	70000238	70000461	DNA/hAT-Charlie	514	-	112	70000350	85177
chr8	69915173	70115173	harbor2	chr8	70000752	70000827	DNA/hAT-Charlie	514	-	38	70000790	85617
chr8	69915173	70115173	harbor2	chr8	70010985	70011234	DNA/hAT-Charlie	959	-	124	70011109	95936
chr8	69915173	70115173	harbor2	chr8	70011243	70011414	DNA/hAT-Charlie	912	-	86	70011329	96156
chr8	141905435	142105435	harbor2	chr8	141922698	141922796	DNA/hAT-Charlie	372	-	49	141922747	17312
chr8	141905435	142105435	harbor2	chr8	141926197	141926508	DNA/hAT-Charlie	1279	-	156	141926353	20918
chr8	141905435	142105435	harbor2	chr8	141928728	141928933	DNA/hAT-Charlie	565	-	102	141928830	23395
chr8	141905435	142105435	harbor2	chr8	141930348	141930488	DNA/hAT-Charlie	515	-	70	141930418	24983
chr8	86159278	86359278	harbor2	chr8	86188893	86189148	DNA/hAT-Charlie	3266	-	128	86189021	29743
chr8	86159278	86359278	harbor2	chr8	86191480	86191730	DNA/hAT-Charlie	3266	-	125	86191605	32327
chr8	134488229	134688229	harbor2	chr8	134499643	134499763	DNA/hAT-Charlie	498	-	60	134499703	11474
chr8	52009409	52209409	harbor2	chr8	52102822	52103472	DNA/hAT-Charlie	1940	-	325	52103147	93738
chr8	52009409	52209409	harbor2	chr8	52103603	52103903	DNA/hAT-Charlie	1940	-	150	52103753	94344
chr8	52009409	52209409	harbor2	chr8	52104507	52104805	DNA/hAT-Charlie	547	-	149	52104656	95247
chr8	52009409	52209409	harbor2	chr8	52105335	52105504	DNA/hAT-Charlie	509	-	84	52105419	96010
chr8	135753873	135953873	harbor2	chr8	135802254	135802409	DNA/hAT-Charlie	474	-	78	135802332	48459
chr8	67991814	68191814	harbor2	chr8	67991738	67991933	DNA/hAT-Charlie	384	-	98	67991836	22
chr8	67991814	68191814	harbor2	chr8	68081078	68081411	DNA/hAT-Charlie	1997	-	166	68081244	89430
chr8	51331166	51531166	harbor2	chr8	51375771	51375993	DNA/hAT-Charlie	991	-	111	51375882	44716
chr8	51331166	51531166	harbor2	chr8	51385176	51385415	DNA/hAT-Charlie	367	-	120	51385296	54130
chr8	51331166	51531166	harbor2	chr8	51394517	51394709	DNA/hAT-Charlie	403	-	96	51394613	63447
chr8	51331166	51531166	harbor2	chr8	51380028	51380250	DNA/hAT-Charlie	1457	-	111	51380139	48973
chr8	74785289	74985289	harbor2	chr8	74814303	74814783	DNA/hAT-Charlie	3230	-	240	74814543	29254
chr8	74785289	74985289	harbor2	chr8	74821558	74821721	DNA/hAT-Charlie	832	-	82	74821640	36351
chr8	74785289	74985289	harbor2	chr8	74836131	74836250	DNA/hAT-Charlie	704	-	60	74836191	50902
chr8	74785289	74985289	harbor2	chr8	74881044	74881231	DNA/hAT-Charlie	461	-	94	74881138	95849
chr8	86118807	86318807	harbor2	chr8	86140719	86141241	DNA/hAT-Charlie	3616	-	261	86140980	22173
chr8	86118807	86318807	harbor2	chr8	86148508	86148671	DNA/hAT-Charlie	624	-	82	86148590	29783
chr8	86118807	86318807	harbor2	chr8	86188893	86189148	DNA/hAT-Charlie	3266	-	128	86189021	70214
chr8	86118807	86318807	harbor2	chr8	86191480	86191730	DNA/hAT-Charlie	3266	-	125	86191605	72798
chr8	128930423	129130423	harbor2	chr8	128962052	128962268	DNA/hAT-Charlie	975	-	108	128962160	31737
chr8	128930423	129130423	harbor2	chr8	128983860	128984003	DNA/hAT-Charlie	431	-	72	128983932	53509
chr8	128930423	129130423	harbor2	chr8	128985394	128985606	DNA/hAT-Charlie	1031	-	106	128985500	55077
chr8	128930423	129130423	harbor2	chr8	129027965	129027989	DNA/hAT-Charlie	786	-	12	129027977	97554
chr8	128930423	129130423	harbor2	chr8	129028437	129028613	DNA/hAT-Charlie	786	-	88	129028525	98102
chr8	52154516	52354516	harbor2	chr8	52231883	52232046	DNA/hAT-Charlie	619	-	82	52231965	77449
chr8	69327043	69527043	harbor2	chr8	69363497	69363636	DNA/hAT-Charlie	452	-	70	69363567	36524
chr8	69327043	69527043	harbor2	chr8	69366009	69366296	DNA/hAT-Charlie	643	-	144	69366153	39110
chr8	69327043	69527043	harbor2	chr8	69379873	69380011	DNA/hAT-Charlie	618	-	69	69379942	52899
chr8	138691793	138891793	harbor2	chr8	138781341	138781500	DNA/hAT-Charlie	728	-	80	138781421	89628
chr8	126552234	126752234	harbor2	chr8	126576169	126576352	DNA/hAT-Charlie	1070	-	92	126576261	24027
chr8	126552234	126752234	harbor2	chr8	126610032	126610257	DNA/hAT-Charlie	1155	-	112	126610144	57910
chr8	126552234	126752234	harbor2	chr8	126620021	126620230	DNA/hAT-Charlie	1235	-	104	126620125	67891
chr8	126552234	126752234	harbor2	chr8	126648141	126648346	DNA/hAT-Charlie	836	-	102	126648243	96009
chr8	82520946	82720946	harbor2	chr8	82543822	82543992	DNA/hAT-Charlie	649	-	85	82543907	22961
chr8	134294299	134494299	harbor2	chr8	134295305	134295495	DNA/hAT-Charlie	474	-	95	134295400	1101
chr8	134294299	134494299	harbor2	chr8	134304702	134304914	DNA/hAT-Charlie	968	-	106	134304808	10509
chr8	134294299	134494299	harbor2	chr8	134314191	134314398	DNA/hAT-Charlie	800	-	104	134314295	19996
chr8	134294299	134494299	harbor2	chr8	134322014	134322130	DNA/hAT-Charlie	382	-	58	134322072	27773
chr8	134294299	134494299	harbor2	chr8	134360697	134361204	DNA/hAT-Charlie	3361	-	254	134360951	66652
chr8	144726723	144926723	harbor2	chr8	144819129	144819371	DNA/hAT-Charlie	812	-	121	144819250	92527
chr8	115704589	115904589	harbor2	chr8	115717298	115717591	DNA/hAT-Charlie	676	-	146	115717444	12855
chr8	115704589	115904589	harbor2	chr8	115727635	115727740	DNA/hAT-Charlie	393	-	52	115727687	23098
chr8	115704589	115904589	harbor2	chr8	115801604	115801708	DNA/hAT-Charlie	588	-	52	115801656	97067
chr8	59999989	60199989	harbor2	chr8	60055132	60055309	DNA/hAT-Charlie	406	-	88	60055220	55231
chr8	59999989	60199989	harbor2	chr8	60062648	60062831	DNA/hAT-Charlie	756	-	92	60062740	62751
chr8	59999989	60199989	harbor2	chr8	60085713	60085929	DNA/hAT-Charlie	398	-	108	60085821	85832
chr8	130834258	131034258	harbor2	chr8	130886837	130887157	DNA/hAT-Charlie	730	-	160	130886997	52739
chr8	130834258	131034258	harbor2	chr8	130890411	130890736	DNA/hAT-Charlie	384	-	162	130890573	56315
chr8	130834258	131034258	harbor2	chr8	130909315	130909476	DNA/hAT-Charlie	462	-	80	130909395	75137
chr8	80707940	80907940	harbor2	chr8	80736858	80736995	DNA/hAT-Charlie	415	-	68	80736926	28986
chr8	80707940	80907940	harbor2	chr8	80750291	80750512	DNA/hAT-Charlie	1078	-	110	80750401	42461
chr8	80707940	80907940	harbor2	chr8	80750802	80750899	DNA/hAT-Charlie	1078	-	48	80750850	42910
chr8	80707940	80907940	harbor2	chr8	80750945	80751186	DNA/hAT-Charlie	492	-	120	80751065	43125
chr8	80707940	80907940	harbor2	chr8	80781248	80781553	DNA/hAT-Charlie	1543	-	152	80781400	73460
chr8	84834921	85034921	harbor2	chr8	84869515	84869724	DNA/hAT-Charlie	767	-	104	84869619	34698
chr8	84834921	85034921	harbor2	chr8	84890511	84890697	DNA/hAT-Charlie	809	-	93	84890604	55683
chr8	84834921	85034921	harbor2	chr8	84907634	84908064	DNA/hAT-Charlie	531	-	215	84907849	72928
chr8	138577387	138777387	harbor2	chr8	138611493	138611640	DNA/hAT-Charlie	524	-	74	138611567	34180
chr8	134103965	134303965	harbor2	chr8	134157770	134158100	DNA/hAT-Charlie	1416	-	165	134157935	53970
chr8	134103965	134303965	harbor2	chr8	134168148	134168282	DNA/hAT-Charlie	540	-	67	134168215	64250
chr8	134103965	134303965	harbor2	chr8	134172462	134172595	DNA/hAT-Charlie	485	-	66	134172528	68563
chr8	134103965	134303965	harbor2	chr8	134198218	134198400	DNA/hAT-Charlie	431	-	91	134198309	94344
chr8	103975478	104175478	harbor2	chr8	104010767	104010908	DNA/hAT-Charlie	422	-	70	104010837	35359
chr8	141411682	141611682	harbor2	chr8	141468338	141468509	DNA/hAT-Charlie	819	-	86	141468424	56742
chr8	96819223	97019223	harbor2	chr8	96831849	96832026	DNA/hAT-Charlie	966	-	88	96831937	12714
chr8	96819223	97019223	harbor2	chr8	96888020	96888247	DNA/hAT-Charlie	1027	-	114	96888134	68911
chr8	133622265	133822265	harbor2	chr8	133653163	133653388	DNA/hAT-Charlie	777	-	112	133653275	31010
chr8	133622265	133822265	harbor2	chr8	133712817	133712996	DNA/hAT-Charlie	986	-	90	133712907	90642
chr8	133622265	133822265	harbor2	chr8	133718210	133718416	DNA/hAT-Charlie	1014	-	103	133718313	96048
chr8	104735627	104935627	harbor2	chr8	104761401	104761656	DNA/hAT-Charlie	426	-	128	104761529	25902
chr8	104735627	104935627	harbor2	chr8	104767676	104767920	DNA/hAT-Charlie	681	-	122	104767798	32171
chr8	104735627	104935627	harbor2	chr8	104776698	104776818	DNA/hAT-Charlie	369	-	60	104776758	41131
chr8	110689105	110889105	harbor2	chr8	110700384	110700477	DNA/hAT-Charlie	431	-	46	110700430	11325
chr8	110689105	110889105	harbor2	chr8	110732110	110732537	DNA/hAT-Charlie	1433	-	214	110732324	43219
chr8	110689105	110889105	harbor2	chr8	110760504	110760979	DNA/hAT-Charlie	1214	-	238	110760742	71637
chr8	115304157	115504157	harbor2	chr8	115324806	115325280	DNA/hAT-Charlie	1457	-	237	115325043	20886
chr8	115304157	115504157	harbor2	chr8	115326022	115326850	DNA/hAT-Charlie	1451	-	414	115326436	22279
chr8	115304157	115504157	harbor2	chr8	115334209	115334354	DNA/hAT-Charlie	589	-	72	115334281	30124
chr8	115304157	115504157	harbor2	chr8	115337698	115337777	DNA/hAT-Charlie	963	-	40	115337738	33581
chr8	115304157	115504157	harbor2	chr8	115338234	115338389	DNA/hAT-Charlie	963	-	78	115338312	34155
chr8	115304157	115504157	harbor2	chr8	115389626	115390176	DNA/hAT-Charlie	3079	-	275	115389901	85744
chr8	115304157	115504157	harbor2	chr8	115326887	115327198	DNA/hAT-Charlie	1009	-	156	115327043	22886
chr8	102206885	102406885	harbor2	chr8	102237219	102237344	DNA/hAT-Charlie	383	-	62	102237281	30396
chr8	102206885	102406885	harbor2	chr8	102237377	102237501	DNA/hAT-Charlie	380	-	62	102237439	30554
chr8	102206885	102406885	harbor2	chr8	102246308	102246590	DNA/hAT-Charlie	815	-	141	102246449	39564
chr8	102206885	102406885	harbor2	chr8	102258011	102258138	DNA/hAT-Charlie	381	-	64	102258075	51190
chr8	102206885	102406885	harbor2	chr8	102281747	102281925	DNA/hAT-Charlie	931	-	89	102281836	74951
chr8	102206885	102406885	harbor2	chr8	102305494	102305619	DNA/hAT-Charlie	410	-	62	102305556	98671
chr8	118467950	118667950	harbor2	chr8	118501671	118501734	DNA/hAT-Charlie	740	-	32	118501703	33753
chr8	118467950	118667950	harbor2	chr8	118502041	118502142	DNA/hAT-Charlie	740	-	50	118502091	34141
chr8	118467950	118667950	harbor2	chr8	118502183	118502487	DNA/hAT-Charlie	532	-	152	118502335	34385
chr8	118467950	118667950	harbor2	chr8	118513844	118514114	DNA/hAT-Charlie	406	-	135	118513979	46029
chr8	118467950	118667950	harbor2	chr8	118526367	118526523	DNA/hAT-Charlie	377	-	78	118526445	58495
chr8	118467950	118667950	harbor2	chr8	118541437	118541625	DNA/hAT-Charlie	777	-	94	118541531	73581
chr8	118467950	118667950	harbor2	chr8	118566637	118566846	DNA/hAT-Charlie	368	-	104	118566741	98791
chr8	137729452	137929452	harbor2	chr8	137806007	137806134	DNA/hAT-Charlie	493	-	64	137806071	76619
chr8	81466757	81666757	harbor2	chr8	81551155	81551283	DNA/hAT-Charlie	448	-	64	81551219	84462
chr8	81466757	81666757	harbor2	chr8	81554708	81554931	DNA/hAT-Charlie	1428	-	112	81554820	88063
chr8	67620856	67820856	harbor2	chr8	67639134	67639212	DNA/hAT-Charlie	457	-	39	67639173	18317
chr8	67620856	67820856	harbor2	chr8	67671747	67671826	DNA/hAT-Charlie	501	-	40	67671787	50931
chr8	67620856	67820856	harbor2	chr8	67672130	67672266	DNA/hAT-Charlie	501	-	68	67672198	51342
chr8	137471062	137671062	harbor2	chr8	137476187	137476522	DNA/hAT-Charlie	1183	-	168	137476355	5293
chr8	117277292	117477292	harbor2	chr8	117301268	117301356	DNA/hAT-Charlie	386	-	44	117301312	24020
chr8	117277292	117477292	harbor2	chr8	117310157	117310339	DNA/hAT-Charlie	626	-	91	117310248	32956
chr8	117277292	117477292	harbor2	chr8	117312079	117312269	DNA/hAT-Charlie	703	-	95	117312174	34882
chr8	134352370	134552370	harbor2	chr8	134360697	134361204	DNA/hAT-Charlie	3361	-	254	134360951	8581
chr8	134352370	134552370	harbor2	chr8	134432679	134432888	DNA/hAT-Charlie	721	-	104	134432783	80413
chr8	134352370	134552370	harbor2	chr8	134433017	134433174	DNA/hAT-Charlie	440	-	78	134433095	80725
chr8	54811819	55011819	harbor2	chr8	54837734	54838070	DNA/hAT-Charlie	1514	-	168	54837902	26083
chr8	54811819	55011819	harbor2	chr8	54867787	54867957	DNA/hAT-Charlie	898	-	85	54867872	56053
chr8	54811819	55011819	harbor2	chr8	54871014	54871269	DNA/hAT-Charlie	571	-	128	54871142	59323
chr8	54811819	55011819	harbor2	chr8	54894084	54895074	DNA/hAT-Charlie	1434	-	495	54894579	82760
chr8	54811819	55011819	harbor2	chr8	54911310	54911485	DNA/hAT-Charlie	707	-	88	54911398	99579
chr8	39106270	39306270	harbor2	chr8	39109095	39109258	DNA/hAT-Charlie	581	-	82	39109177	2907
chr8	39106270	39306270	harbor2	chr8	39146859	39147057	DNA/hAT-Charlie	896	-	99	39146958	40688
chr8	123005513	123205513	harbor2	chr8	123049004	123049395	DNA/hAT-Charlie	1213	-	196	123049200	43687
chr8	123005513	123205513	harbor2	chr8	123050444	123050684	DNA/hAT-Charlie	830	-	120	123050564	45051
chr8	123005513	123205513	harbor2	chr8	123053630	123053836	DNA/hAT-Charlie	1100	-	103	123053733	48220
chr8	123005513	123205513	harbor2	chr8	123097071	123097232	DNA/hAT-Charlie	789	-	80	123097151	91638
chr8	127934366	128134366	harbor2	chr8	127943470	127943662	DNA/hAT-Charlie	901	-	96	127943566	9200
chr8	127934366	128134366	harbor2	chr8	127972462	127972495	DNA/hAT-Charlie	416	-	16	127972478	38112
chr8	127934366	128134366	harbor2	chr8	127972767	127972882	DNA/hAT-Charlie	416	-	58	127972825	38459
chr8	127934366	128134366	harbor2	chr8	128000285	128000382	DNA/hAT-Charlie	376	-	48	128000333	65967
chr8	127934366	128134366	harbor2	chr8	128012763	128012918	DNA/hAT-Charlie	395	-	78	128012841	78475
chr8	144847302	145047302	harbor2	chr8	144929637	144929814	DNA/hAT-Charlie	785	-	88	144929725	82423
chr8	144847302	145047302	harbor2	chr8	144934756	144934928	DNA/hAT-Charlie	380	-	86	144934842	87540
chr8	131736662	131936662	harbor2	chr8	131761251	131761442	DNA/hAT-Charlie	1059	-	96	131761347	24685
chr8	131736662	131936662	harbor2	chr8	131765114	131765232	DNA/hAT-Charlie	501	-	59	131765173	28511
chr8	131736662	131936662	harbor2	chr8	131785549	131785885	DNA/hAT-Charlie	2278	-	168	131785717	49055
chr8	131736662	131936662	harbor2	chr8	131816653	131816807	DNA/hAT-Charlie	420	-	77	131816730	80068
chr8	131736662	131936662	harbor2	chr8	131818906	131819115	DNA/hAT-Charlie	1231	-	104	131819010	82348
chr8	62207449	62407449	harbor2	chr8	62272933	62273150	DNA/hAT-Charlie	882	-	108	62273041	65592
chr8	107178472	107378472	harbor2	chr8	107235697	107236013	DNA/hAT-Charlie	1383	-	158	107235855	57383
chr8	107178472	107378472	harbor2	chr8	107262864	107263069	DNA/hAT-Charlie	637	-	102	107262966	84494
chr8	107178472	107378472	harbor2	chr8	107263379	107263471	DNA/hAT-Charlie	637	-	46	107263425	84953
chr8	107178472	107378472	harbor2	chr8	107263567	107263723	DNA/hAT-Charlie	475	-	78	107263645	85173
chr8	106794709	106994709	harbor2	chr8	106820002	106820360	DNA/hAT-Charlie	676	-	179	106820181	25472
chr8	106794709	106994709	harbor2	chr8	106826719	106826880	DNA/hAT-Charlie	734	-	80	106826799	32090
chr8	106794709	106994709	harbor2	chr8	106848421	106848642	DNA/hAT-Charlie	416	-	110	106848531	53822
chr8	106794709	106994709	harbor2	chr8	106878696	106878851	DNA/hAT-Charlie	553	-	78	106878774	84065
chr8	106794709	106994709	harbor2	chr8	106881130	106881627	DNA/hAT-Charlie	1778	-	248	106881378	86669
chr8	118682130	118882130	harbor2	chr8	118766075	118766380	DNA/hAT-Charlie	1066	-	152	118766227	84097
chr8	118682130	118882130	harbor2	chr8	118766347	118766539	DNA/hAT-Charlie	524	-	96	118766443	84313
chr8	118682130	118882130	harbor2	chr8	118778754	118778968	DNA/hAT-Charlie	1396	-	107	118778861	96731
chr8	81257934	81457934	harbor2	chr8	81314130	81314361	DNA/hAT-Charlie	570	-	116	81314246	56312
chr8	82452601	82652601	harbor2	chr8	82479487	82479650	DNA/hAT-Charlie	533	-	82	82479569	26968
chr8	82452601	82652601	harbor2	chr8	82543822	82543992	DNA/hAT-Charlie	649	-	85	82543907	91306
chr8	136316121	136516121	harbor2	chr8	136328978	136329213	DNA/hAT-Charlie	455	-	118	136329096	12975
chr8	136316121	136516121	harbor2	chr8	136394832	136395019	DNA/hAT-Charlie	1012	-	94	136394926	78805
chr8	111013653	111213653	harbor2	chr8	111057587	111057745	DNA/hAT-Charlie	538	-	79	111057666	44013
chr8	100473971	100673971	harbor2	chr8	100479991	100480146	DNA/hAT-Charlie	440	-	78	100480069	6098
chr8	100473971	100673971	harbor2	chr8	100483105	100483230	DNA/hAT-Charlie	467	-	62	100483167	9196
chr8	100473971	100673971	harbor2	chr8	100499143	100499280	DNA/hAT-Charlie	668	-	68	100499211	25240
chr8	100473971	100673971	harbor2	chr8	100517338	100517421	DNA/hAT-Charlie	397	-	42	100517380	43409
chr8	100473971	100673971	harbor2	chr8	100518254	100518384	DNA/hAT-Charlie	457	-	65	100518319	44348
chr8	100473971	100673971	harbor2	chr8	100518405	100518569	DNA/hAT-Charlie	1078	-	82	100518487	44516
chr8	100473971	100673971	harbor2	chr8	100518881	100519117	DNA/hAT-Charlie	1078	-	118	100518999	45028
chr8	100473971	100673971	harbor2	chr8	100532591	100532785	DNA/hAT-Charlie	1094	-	97	100532688	58717
chr8	100473971	100673971	harbor2	chr8	100556974	100557113	DNA/hAT-Charlie	797	-	70	100557044	83073
chr8	103272372	103472372	harbor2	chr8	103304524	103304729	DNA/hAT-Charlie	1119	-	102	103304626	32254
chr8	103272372	103472372	harbor2	chr8	103309071	103309251	DNA/hAT-Charlie	939	-	90	103309161	36789
chr8	103825947	104025947	harbor2	chr8	103865022	103865276	DNA/hAT-Charlie	1464	-	127	103865149	39202
chr8	103825947	104025947	harbor2	chr8	103865584	103866156	DNA/hAT-Charlie	1464	-	286	103865870	39923
chr8	103825947	104025947	harbor2	chr8	103866188	103866727	DNA/hAT-Charlie	1682	-	270	103866458	40511
chr8	103825947	104025947	harbor2	chr8	103866757	103867068	DNA/hAT-Charlie	589	-	156	103866913	40966
chr8	103825947	104025947	harbor2	chr8	103867134	103867465	DNA/hAT-Charlie	1009	-	166	103867300	41353
chr8	103825947	104025947	harbor2	chr8	103867662	103867928	DNA/hAT-Charlie	398	-	133	103867795	41848
chr8	103825947	104025947	harbor2	chr8	103902741	103902963	DNA/hAT-Charlie	640	-	111	103902852	76905
chr8	103825947	104025947	harbor2	chr8	103907087	103907266	DNA/hAT-Charlie	857	-	90	103907177	81230
chr8	103825947	104025947	harbor2	chr8	103890876	103891064	DNA/hAT-Charlie	1089	-	94	103890970	65023
chr8	115040581	115240581	harbor2	chr8	115074912	115075107	DNA/hAT-Charlie	932	-	98	115075010	34429
chr8	100408674	100608674	harbor2	chr8	100416101	100416240	DNA/hAT-Charlie	384	-	70	100416171	7497
chr8	100408674	100608674	harbor2	chr8	100435027	100435198	DNA/hAT-Charlie	787	-	86	100435113	26439
chr8	100408674	100608674	harbor2	chr8	100453168	100453272	DNA/hAT-Charlie	830	-	52	100453220	44546
chr8	100408674	100608674	harbor2	chr8	100453750	100453894	DNA/hAT-Charlie	701	-	72	100453822	45148
chr8	100408674	100608674	harbor2	chr8	100468518	100468872	DNA/hAT-Charlie	2358	-	177	100468695	60021
chr8	100408674	100608674	harbor2	chr8	100479991	100480146	DNA/hAT-Charlie	440	-	78	100480069	71395
chr8	100408674	100608674	harbor2	chr8	100483105	100483230	DNA/hAT-Charlie	467	-	62	100483167	74493
chr8	100408674	100608674	harbor2	chr8	100499143	100499280	DNA/hAT-Charlie	668	-	68	100499211	90537
chr8	115668369	115868369	harbor2	chr8	115696975	115697114	DNA/hAT-Charlie	519	-	70	115697045	28676
chr8	115668369	115868369	harbor2	chr8	115717298	115717591	DNA/hAT-Charlie	676	-	146	115717444	49075
chr8	115668369	115868369	harbor2	chr8	115727635	115727740	DNA/hAT-Charlie	393	-	52	115727687	59318
chr8	137894807	138094807	harbor2	chr8	137910289	137910556	DNA/hAT-Charlie	442	-	134	137910423	15616
chr8	137894807	138094807	harbor2	chr8	137931337	137931481	DNA/hAT-Charlie	620	-	72	137931409	36602
chr8	137894807	138094807	harbor2	chr8	137983647	137983933	DNA/hAT-Charlie	1031	-	143	137983790	88983
chr9	107556332	107756332	harbor2	chr9	107566334	107566493	DNA/hAT-Charlie	795	-	80	107566414	10082
chr9	107556332	107756332	harbor2	chr9	107566752	107567157	DNA/hAT-Charlie	769	-	202	107566954	10622
chr9	107556332	107756332	harbor2	chr9	107572728	107572761	DNA/hAT-Charlie	1061	-	16	107572744	16412
chr9	107556332	107756332	harbor2	chr9	107573409	107573538	DNA/hAT-Charlie	1061	-	64	107573473	17141
chr9	107556332	107756332	harbor2	chr9	107574137	107574291	DNA/hAT-Charlie	1061	-	77	107574214	17882
chr9	107556332	107756332	harbor2	chr9	107575026	107575207	DNA/hAT-Charlie	853	-	90	107575116	18784
chr9	107556332	107756332	harbor2	chr9	107601038	107601268	DNA/hAT-Charlie	885	-	115	107601153	44821
chr9	107556332	107756332	harbor2	chr9	107617255	107617408	DNA/hAT-Charlie	851	-	76	107617331	60999
chr9	107556332	107756332	harbor2	chr9	107625410	107625572	DNA/hAT-Charlie	825	-	81	107625491	69159
chr9	107556332	107756332	harbor2	chr9	107625885	107625934	DNA/hAT-Charlie	825	-	24	107625909	69577
chr9	107556332	107756332	harbor2	chr9	107647697	107647879	DNA/hAT-Charlie	946	-	91	107647788	91456
chr9	98108223	98308223	harbor2	chr9	98122235	98122400	DNA/hAT-Charlie	399	-	82	98122317	14094
chr9	98108223	98308223	harbor2	chr9	98168066	98168286	DNA/hAT-Charlie	619	-	110	98168176	59953
chr9	98108223	98308223	harbor2	chr9	98173159	98173292	DNA/hAT-Charlie	603	-	66	98173225	65002
chr9	98108223	98308223	harbor2	chr9	98177801	98178021	DNA/hAT-Charlie	752	-	110	98177911	69688
chr9	98108223	98308223	harbor2	chr9	98178327	98178788	DNA/hAT-Charlie	752	-	230	98178557	70334
chr9	98108223	98308223	harbor2	chr9	98204194	98204465	DNA/hAT-Charlie	680	-	136	98204330	96107
chr9	98108223	98308223	harbor2	chr9	98204905	98205038	DNA/hAT-Charlie	563	-	66	98204971	96748
chr9	126613935	126813935	harbor2	chr9	126649438	126649622	DNA/hAT-Charlie	824	-	92	126649530	35595
chr9	126613935	126813935	harbor2	chr9	126656713	126656926	DNA/hAT-Charlie	984	-	106	126656819	42884
chr9	100258438	100458438	harbor2	chr9	100285916	100286034	DNA/hAT-Charlie	587	-	59	100285975	27537
chr9	100258438	100458438	harbor2	chr9	100334552	100334657	DNA/hAT-Charlie	2532	-	52	100334604	76166
chr9	100258438	100458438	harbor2	chr9	100334965	100335207	DNA/hAT-Charlie	2532	-	121	100335086	76648
chr9	100258438	100458438	harbor2	chr9	100355693	100355829	DNA/hAT-Charlie	603	-	68	100355761	97323
chr9	100258438	100458438	harbor2	chr9	100356217	100356339	DNA/hAT-Charlie	603	-	61	100356278	97840
chr9	100258438	100458438	harbor2	chr9	100335499	100335733	DNA/hAT-Charlie	2532	-	117	100335616	77178
chr9	104470066	104670066	harbor2	chr9	104473788	104473964	DNA/hAT-Charlie	720	-	88	104473876	3810
chr9	104470066	104670066	harbor2	chr9	104528216	104528371	DNA/hAT-Charlie	572	-	78	104528294	58228
chr9	104470066	104670066	harbor2	chr9	104537996	104538122	DNA/hAT-Charlie	447	-	63	104538059	67993
chr9	78920351	79120351	harbor2	chr9	78928922	78929101	DNA/hAT-Charlie	966	-	90	78929012	8661
chr9	78920351	79120351	harbor2	chr9	78931225	78931715	DNA/hAT-Charlie	3196	-	245	78931470	11119
chr9	78920351	79120351	harbor2	chr9	78980073	78980130	DNA/hAT-Charlie	653	-	28	78980101	59750
chr9	78920351	79120351	harbor2	chr9	78980425	78980556	DNA/hAT-Charlie	653	-	66	78980491	60140
chr9	78920351	79120351	harbor2	chr9	78983253	78983848	DNA/hAT-Charlie	1474	-	298	78983551	63200
chr9	78920351	79120351	harbor2	chr9	78984161	78984226	DNA/hAT-Charlie	1474	-	32	78984193	63842
chr9	78920351	79120351	harbor2	chr9	78985471	78985606	DNA/hAT-Charlie	808	-	68	78985539	65188
chr9	132592966	132792966	harbor2	chr9	132680373	132680540	DNA/hAT-Charlie	524	-	84	132680457	87491
chr9	132592966	132792966	harbor2	chr9	132681532	132681746	DNA/hAT-Charlie	548	-	107	132681639	88673
chr9	132592966	132792966	harbor2	chr9	132688522	132688654	DNA/hAT-Charlie	477	-	66	132688588	95622
chr9	123165155	123365155	harbor2	chr9	123191463	123191784	DNA/hAT-Charlie	1617	-	160	123191623	26468
chr9	123165155	123365155	harbor2	chr9	123208475	123208626	DNA/hAT-Charlie	697	-	76	123208551	43396
chr9	90947332	91147332	harbor2	chr9	91002720	91002915	DNA/hAT-Charlie	668	-	98	91002818	55486
chr9	108440982	108640982	harbor2	chr9	108484890	108485320	DNA/hAT-Charlie	629	-	215	108485105	44123
chr9	107459913	107659913	harbor2	chr9	107510659	107510940	DNA/hAT-Charlie	531	-	140	107510799	50886
chr9	107459913	107659913	harbor2	chr9	107540552	107540719	DNA/hAT-Charlie	550	-	84	107540636	80723
chr9	107459913	107659913	harbor2	chr9	107541013	107541079	DNA/hAT-Charlie	550	-	33	107541046	81133
chr9	107459913	107659913	harbor2	chr9	107554388	107554532	DNA/hAT-Charlie	560	-	72	107554460	94547
chr9	121406825	121606825	harbor2	chr9	121441240	121441386	DNA/hAT-Charlie	537	-	73	121441313	34488
chr9	126613982	126813982	harbor2	chr9	126649438	126649622	DNA/hAT-Charlie	824	-	92	126649530	35548
chr9	126613982	126813982	harbor2	chr9	126656713	126656926	DNA/hAT-Charlie	984	-	106	126656819	42837
chr9	134531104	134731104	harbor2	chr9	134536780	134536968	DNA/hAT-Charlie	640	-	94	134536874	5770
chr9	133682269	133882269	harbor2	chr9	133687582	133687738	DNA/hAT-Charlie	511	-	78	133687660	5391
chr9	131452157	131652157	harbor2	chr9	131458364	131458497	DNA/hAT-Charlie	1240	-	66	131458430	6273
chr9	131452157	131652157	harbor2	chr9	131458801	131458896	DNA/hAT-Charlie	1240	-	48	131458849	6692
chr9	131452157	131652157	harbor2	chr9	131471529	131471725	DNA/hAT-Charlie	782	-	98	131471627	19470
chr9	131452157	131652157	harbor2	chr9	131537389	131537919	DNA/hAT-Charlie	3098	-	265	131537654	85497
chr9	105459241	105659241	harbor2	chr9	105463435	105463630	DNA/hAT-Charlie	848	-	98	105463533	4292
chr9	105459241	105659241	harbor2	chr9	105531184	105531290	DNA/hAT-Charlie	438	-	53	105531237	71996
chr9	110043025	110243025	harbor2	chr9	110045932	110046106	DNA/hAT-Charlie	818	-	87	110046019	2994
chr9	110043025	110243025	harbor2	chr9	110077680	110077734	DNA/hAT-Charlie	999	-	27	110077707	34682
chr9	110043025	110243025	harbor2	chr9	110078042	110078224	DNA/hAT-Charlie	999	-	91	110078133	35108
chr9	110043025	110243025	harbor2	chr9	110088651	110088703	DNA/hAT-Charlie	532	-	26	110088677	45652
chr9	110043025	110243025	harbor2	chr9	110089019	110089140	DNA/hAT-Charlie	532	-	60	110089079	46054
chr9	76666041	76866041	harbor2	chr9	76667755	76667985	DNA/hAT-Charlie	922	-	115	76667870	1829
chr9	76666041	76866041	harbor2	chr9	76695953	76696131	DNA/hAT-Charlie	891	-	89	76696042	30001
chr9	76666041	76866041	harbor2	chr9	76701059	76701232	DNA/hAT-Charlie	900	-	86	76701145	35104
chr9	76666041	76866041	harbor2	chr9	76727034	76727230	DNA/hAT-Charlie	1153	-	98	76727132	61091
chr9	76666041	76866041	harbor2	chr9	76728311	76728483	DNA/hAT-Charlie	498	-	86	76728397	62356
chr9	76666041	76866041	harbor2	chr9	76729220	76729394	DNA/hAT-Charlie	909	-	87	76729307	63266
chr9	76666041	76866041	harbor2	chr9	76730423	76730549	DNA/hAT-Charlie	698	-	63	76730486	64445
chr9	76666041	76866041	harbor2	chr9	76755601	76755699	DNA/hAT-Charlie	510	-	49	76755650	89609
chr9	76666041	76866041	harbor2	chr9	76756003	76756026	DNA/hAT-Charlie	510	-	12	76756015	89974
chr9	99729583	99929583	harbor2	chr9	99741440	99741573	DNA/hAT-Charlie	822	-	66	99741506	11923
chr9	99729583	99929583	harbor2	chr9	99767566	99767742	DNA/hAT-Charlie	830	-	88	99767654	38071
chr9	107527226	107727226	harbor2	chr9	107540552	107540719	DNA/hAT-Charlie	550	-	84	107540636	13410
chr9	107527226	107727226	harbor2	chr9	107541013	107541079	DNA/hAT-Charlie	550	-	33	107541046	13820
chr9	107527226	107727226	harbor2	chr9	107554388	107554532	DNA/hAT-Charlie	560	-	72	107554460	27234
chr9	107527226	107727226	harbor2	chr9	107566334	107566493	DNA/hAT-Charlie	795	-	80	107566414	39188
chr9	107527226	107727226	harbor2	chr9	107566752	107567157	DNA/hAT-Charlie	769	-	202	107566954	39728
chr9	107527226	107727226	harbor2	chr9	107572728	107572761	DNA/hAT-Charlie	1061	-	16	107572744	45518
chr9	107527226	107727226	harbor2	chr9	107573409	107573538	DNA/hAT-Charlie	1061	-	64	107573473	46247
chr9	107527226	107727226	harbor2	chr9	107574137	107574291	DNA/hAT-Charlie	1061	-	77	107574214	46988
chr9	107527226	107727226	harbor2	chr9	107575026	107575207	DNA/hAT-Charlie	853	-	90	107575116	47890
chr9	107527226	107727226	harbor2	chr9	107601038	107601268	DNA/hAT-Charlie	885	-	115	107601153	73927
chr9	107527226	107727226	harbor2	chr9	107617255	107617408	DNA/hAT-Charlie	851	-	76	107617331	90105
chr9	107527226	107727226	harbor2	chr9	107625410	107625572	DNA/hAT-Charlie	825	-	81	107625491	98265
chr9	107527226	107727226	harbor2	chr9	107625885	107625934	DNA/hAT-Charlie	825	-	24	107625909	98683
chr9	95467272	95667272	harbor2	chr9	95526986	95527300	DNA/hAT-Charlie	975	-	157	95527143	59871
chr9	109602614	109802614	harbor2	chr9	109605117	109605293	DNA/hAT-Charlie	561	-	88	109605205	2591
chr9	109602614	109802614	harbor2	chr9	109653587	109653742	DNA/hAT-Charlie	673	-	78	109653665	51051
chr9	109602614	109802614	harbor2	chr9	109680486	109680955	DNA/hAT-Charlie	1542	-	234	109680720	78106
chr9	114087302	114287302	harbor2	chr9	114117940	114118095	DNA/hAT-Charlie	664	-	78	114118018	30716
chr9	114087302	114287302	harbor2	chr9	114153622	114153774	DNA/hAT-Charlie	438	-	76	114153698	66396
chr9	111995960	112195960	harbor2	chr9	112011438	112011745	DNA/hAT-Charlie	1563	-	154	112011592	15632
chr9	111995960	112195960	harbor2	chr9	112089883	112089970	DNA/hAT-Charlie	514	-	44	112089927	93967
chr9	89317874	89517874	harbor2	chr9	89333273	89333385	DNA/hAT-Charlie	410	-	56	89333329	15455
chr9	89317874	89517874	harbor2	chr9	89333504	89333702	DNA/hAT-Charlie	393	-	99	89333603	15729
chr9	89317874	89517874	harbor2	chr9	89353097	89353263	DNA/hAT-Charlie	672	-	83	89353180	35306
chr9	80899446	81099446	harbor2	chr9	80909007	80909193	DNA/hAT-Charlie	802	-	93	80909100	9654
chr9	80899446	81099446	harbor2	chr9	80925024	80925307	DNA/hAT-Charlie	638	-	142	80925166	25720
chr9	117071547	117271547	harbor2	chr9	117100346	117100609	DNA/hAT-Charlie	1170	-	132	117100478	28931
chr9	117071547	117271547	harbor2	chr9	117123067	117123233	DNA/hAT-Charlie	720	-	83	117123150	51603
chr9	117071547	117271547	harbor2	chr9	117156380	117156557	DNA/hAT-Charlie	1019	-	88	117156468	84921
chr9	22411098	22611098	harbor2	chr9	22445111	22445479	DNA/hAT-Charlie	648	-	184	22445295	34197
chr9	129272052	129472052	harbor2	chr9	129283757	129283910	DNA/hAT-Charlie	556	-	76	129283833	11781
chr9	129272052	129472052	harbor2	chr9	129305208	129305559	DNA/hAT-Charlie	2041	-	176	129305384	33332
chr9	81582716	81782716	harbor2	chr9	81610604	81610828	DNA/hAT-Charlie	991	-	112	81610716	28000
chr9	81582716	81782716	harbor2	chr9	81624455	81624723	DNA/hAT-Charlie	614	-	134	81624589	41873
chr9	81582716	81782716	harbor2	chr9	81664768	81664943	DNA/hAT-Charlie	703	-	88	81664856	82140
chr9	134790587	134990587	harbor2	chr9	134838192	134838325	DNA/hAT-Charlie	479	-	66	134838258	47671
chr9	134790587	134990587	harbor2	chr9	134856225	134856402	DNA/hAT-Charlie	405	-	88	134856313	65726
chr9	68782491	68982491	harbor2	chr9	68826239	68826569	DNA/hAT-Charlie	934	-	165	68826404	43913
chr9	68782491	68982491	harbor2	chr9	68850343	68850551	DNA/hAT-Charlie	1145	-	104	68850447	67956
chr9	68782491	68982491	harbor2	chr9	68863060	68863220	DNA/hAT-Charlie	829	-	80	68863140	80649
chr9	134794885	134994885	harbor2	chr9	134838192	134838325	DNA/hAT-Charlie	479	-	66	134838258	43373
chr9	134794885	134994885	harbor2	chr9	134856225	134856402	DNA/hAT-Charlie	405	-	88	134856313	61428
chr9	120169894	120369894	harbor2	chr9	120229727	120229955	DNA/hAT-Charlie	874	-	114	120229841	59947
chr9	120169894	120369894	harbor2	chr9	120230085	120230303	DNA/hAT-Charlie	1524	-	109	120230194	60300
chr9	120169894	120369894	harbor2	chr9	120230481	120230738	DNA/hAT-Charlie	1524	-	128	120230609	60715
chr9	120169894	120369894	harbor2	chr9	120261961	120262129	DNA/hAT-Charlie	763	-	84	120262045	92151
chr9	130586813	130786813	harbor2	chr9	130618056	130618217	DNA/hAT-Charlie	563	-	80	130618136	31323
chr9	134067326	134267326	harbor2	chr9	134071153	134071488	DNA/hAT-Charlie	2229	-	168	134071321	3995
chr9	123506479	123706479	harbor2	chr9	123575080	123575434	DNA/hAT-Charlie	2147	-	177	123575257	68778
chr9	124772609	124972609	harbor2	chr9	124775331	124775455	DNA/hAT-Charlie	678	-	62	124775393	2784
chr9	124772609	124972609	harbor2	chr9	124775853	124775926	DNA/hAT-Charlie	440	-	36	124775889	3280
chr9	124772609	124972609	harbor2	chr9	124791335	124791454	DNA/hAT-Charlie	1118	-	60	124791395	18786
chr9	124772609	124972609	harbor2	chr9	124791768	124791959	DNA/hAT-Charlie	1118	-	96	124791864	19255
chr9	124772609	124972609	harbor2	chr9	124816346	124816679	DNA/hAT-Charlie	414	-	166	124816512	43903
chr9	124772609	124972609	harbor2	chr9	124816984	124817109	DNA/hAT-Charlie	414	-	62	124817046	44437
chr9	114816475	115016475	harbor2	chr9	114819424	114819579	DNA/hAT-Charlie	797	-	78	114819502	3027
chr9	114816475	115016475	harbor2	chr9	114823067	114823278	DNA/hAT-Charlie	1214	-	106	114823173	6698
chr9	114816475	115016475	harbor2	chr9	114893264	114893409	DNA/hAT-Charlie	723	-	72	114893336	76861
chr9	114816475	115016475	harbor2	chr9	114896161	114896280	DNA/hAT-Charlie	449	-	60	114896221	79746
chr9	114816475	115016475	harbor2	chr9	114896343	114896432	DNA/hAT-Charlie	463	-	44	114896387	79912
chr9	114816475	115016475	harbor2	chr9	114916009	114916320	DNA/hAT-Charlie	606	-	156	114916165	99690
chr9	97532727	97732727	harbor2	chr9	97532784	97533147	DNA/hAT-Charlie	713	-	182	97532966	239
chr9	97532727	97732727	harbor2	chr9	97561368	97561536	DNA/hAT-Charlie	1001	-	84	97561452	28725
chr9	97532727	97732727	harbor2	chr9	97565241	97565387	DNA/hAT-Charlie	506	-	73	97565314	32587
chr9	97532727	97732727	harbor2	chr9	97590828	97590968	DNA/hAT-Charlie	628	-	70	97590898	58171
chr9	97532727	97732727	harbor2	chr9	97601589	97601728	DNA/hAT-Charlie	749	-	70	97601659	68932
chr9	97532727	97732727	harbor2	chr9	97601962	97601990	DNA/hAT-Charlie	749	-	14	97601976	69249
chr9	97532727	97732727	harbor2	chr9	97603637	97603711	DNA/hAT-Charlie	1828	-	37	97603674	70947
chr9	97532727	97732727	harbor2	chr9	97603991	97604416	DNA/hAT-Charlie	1828	-	212	97604203	71476
chr9	97532727	97732727	harbor2	chr9	97618551	97618743	DNA/hAT-Charlie	587	-	96	97618647	85920
chr9	137843348	138043348	harbor2	chr9	137910370	137910857	DNA/hAT-Charlie	3417	-	244	137910614	67266
chr9	130280801	130480801	harbor2	chr9	130302344	130302411	DNA/hAT-Charlie	420	-	34	130302378	21577
chr9	130280801	130480801	harbor2	chr9	130352116	130352579	DNA/hAT-Charlie	902	-	232	130352348	71547
chr9	130280801	130480801	harbor2	chr9	130362354	130362633	DNA/hAT-Charlie	1266	-	140	130362494	81693
chr9	130280801	130480801	harbor2	chr9	130371263	130371422	DNA/hAT-Charlie	469	-	80	130371343	90542
chr9	130280801	130480801	harbor2	chr9	130301861	130302049	DNA/hAT-Charlie	420	-	94	130301955	21154
chr9	110852309	111052309	harbor2	chr9	110853107	110853243	DNA/hAT-Charlie	673	-	68	110853175	866
chr9	110852309	111052309	harbor2	chr9	110871620	110871933	DNA/hAT-Charlie	1410	-	156	110871776	19467
chr9	110852309	111052309	harbor2	chr9	110899598	110899760	DNA/hAT-Charlie	931	-	81	110899679	47370
chr9	110852309	111052309	harbor2	chr9	110899806	110899975	DNA/hAT-Charlie	778	-	84	110899890	47581
chr9	110852309	111052309	harbor2	chr9	110926939	110927075	DNA/hAT-Charlie	429	-	68	110927007	74698
chr9	110852309	111052309	harbor2	chr9	110944110	110944228	DNA/hAT-Charlie	487	-	59	110944169	91860
chr9	87077403	87277403	harbor2	chr9	87104335	87104604	DNA/hAT-Charlie	1369	-	134	87104469	27066
chr9	87077403	87277403	harbor2	chr9	87131090	87131268	DNA/hAT-Charlie	713	-	89	87131179	53776
chr9	87077403	87277403	harbor2	chr9	87163355	87163405	DNA/hAT-Charlie	1059	-	25	87163380	85977
chr9	87077403	87277403	harbor2	chr9	87164131	87164327	DNA/hAT-Charlie	439	-	98	87164229	86826
chr9	87077403	87277403	harbor2	chr9	87165201	87165310	DNA/hAT-Charlie	421	-	54	87165255	87852
chr9	87077403	87277403	harbor2	chr9	87166241	87166940	DNA/hAT-Charlie	1844	-	350	87166591	89188
chr9	87077403	87277403	harbor2	chr9	87167549	87167975	DNA/hAT-Charlie	1844	-	213	87167762	90359
chr9	87077403	87277403	harbor2	chr9	87162637	87163073	DNA/hAT-Charlie	1059	-	218	87162855	85452
chr9	97740641	97940641	harbor2	chr9	97767001	97767060	DNA/hAT-Charlie	1115	-	30	97767031	26390
chr9	97740641	97940641	harbor2	chr9	97767369	97767507	DNA/hAT-Charlie	1115	-	69	97767438	26797
chr9	97740641	97940641	harbor2	chr9	97799793	97799946	DNA/hAT-Charlie	763	-	76	97799869	59228
chr9	97740641	97940641	harbor2	chr9	97829796	97829840	DNA/hAT-Charlie	477	-	22	97829818	89177
chr9	97740641	97940641	harbor2	chr9	97830142	97830267	DNA/hAT-Charlie	477	-	62	97830204	89563
chr9	97740641	97940641	harbor2	chr9	97834779	97834996	DNA/hAT-Charlie	467	-	108	97834887	94246
chr9	113213443	113413443	harbor2	chr9	113234588	113234773	DNA/hAT-Charlie	594	-	92	113234680	21237
chr9	113213443	113413443	harbor2	chr9	113261648	113261788	DNA/hAT-Charlie	566	-	70	113261718	48275
chr9	75984471	76184471	harbor2	chr9	75991233	75991376	DNA/hAT-Charlie	420	-	72	75991305	6834
chr9	75984471	76184471	harbor2	chr9	76067259	76067535	DNA/hAT-Charlie	771	-	138	76067397	82926
chr9	75984471	76184471	harbor2	chr9	76081099	76081171	DNA/hAT-Charlie	437	-	36	76081135	96664
chr9	75984471	76184471	harbor2	chr9	76081512	76081546	DNA/hAT-Charlie	437	-	17	76081529	97058
chr9	120189137	120389137	harbor2	chr9	120229727	120229955	DNA/hAT-Charlie	874	-	114	120229841	40704
chr9	120189137	120389137	harbor2	chr9	120230085	120230303	DNA/hAT-Charlie	1524	-	109	120230194	41057
chr9	120189137	120389137	harbor2	chr9	120230481	120230738	DNA/hAT-Charlie	1524	-	128	120230609	41472
chr9	120189137	120389137	harbor2	chr9	120261961	120262129	DNA/hAT-Charlie	763	-	84	120262045	72908
chr9	120189137	120389137	harbor2	chr9	120280041	120280363	DNA/hAT-Charlie	849	-	161	120280202	91065
chr9	37822987	38022987	harbor2	chr9	37823643	37823876	DNA/hAT-Charlie	1468	-	116	37823759	772
chr9	37822987	38022987	harbor2	chr9	37824181	37824268	DNA/hAT-Charlie	1468	-	44	37824225	1238
chr9	37822987	38022987	harbor2	chr9	37849318	37849465	DNA/hAT-Charlie	772	-	74	37849392	26405
chr9	37822987	38022987	harbor2	chr9	37850080	37850122	DNA/hAT-Charlie	772	-	21	37850101	27114
chr9	37822987	38022987	harbor2	chr9	37853874	37854081	DNA/hAT-Charlie	731	-	104	37853978	30991
chr9	37822987	38022987	harbor2	chr9	37869085	37869276	DNA/hAT-Charlie	445	-	96	37869181	46194
chr9	37822987	38022987	harbor2	chr9	37872060	37872237	DNA/hAT-Charlie	892	-	88	37872148	49161
chr9	37822987	38022987	harbor2	chr9	37877006	37877338	DNA/hAT-Charlie	2178	-	166	37877172	54185
chr9	37822987	38022987	harbor2	chr9	37907310	37907499	DNA/hAT-Charlie	447	-	94	37907404	84417
chr9	90393530	90593530	harbor2	chr9	90449753	90449938	DNA/hAT-Charlie	789	-	92	90449845	56315
chr9	90393530	90593530	harbor2	chr9	90474028	90474276	DNA/hAT-Charlie	1558	-	124	90474152	80622
chr9	81833101	82033101	harbor2	chr9	81860508	81860982	DNA/hAT-Charlie	1420	-	237	81860745	27644
chr9	95979886	96179886	harbor2	chr9	95992489	95992647	DNA/hAT-Charlie	501	-	79	95992568	12682
chr9	95979886	96179886	harbor2	chr9	96037072	96037198	DNA/hAT-Charlie	501	-	63	96037135	57249
chr9	95979886	96179886	harbor2	chr9	96062564	96062653	DNA/hAT-Charlie	403	-	44	96062608	82722
chr9	129743476	129943476	harbor2	chr9	129771875	129772047	DNA/hAT-Charlie	648	-	86	129771961	28485
chr9	129743476	129943476	harbor2	chr9	129796710	129796748	DNA/hAT-Charlie	715	-	19	129796729	53253
chr9	129743476	129943476	harbor2	chr9	129797051	129797110	DNA/hAT-Charlie	715	-	30	129797081	53605
chr9	129743476	129943476	harbor2	chr9	129797432	129797847	DNA/hAT-Charlie	715	-	208	129797640	54164
chr9	129743476	129943476	harbor2	chr9	129798144	129798183	DNA/hAT-Charlie	715	-	20	129798164	54688
chr9	23350550	23550550	harbor2	chr9	23350642	23350848	DNA/hAT-Charlie	926	-	103	23350745	195
chr9	23350550	23550550	harbor2	chr9	23418191	23418446	DNA/hAT-Charlie	494	-	128	23418319	67769
chr9	79065580	79265580	harbor2	chr9	79070395	79070540	DNA/hAT-Charlie	848	-	72	79070467	4887
chr9	79065580	79265580	harbor2	chr9	79070777	79070978	DNA/hAT-Charlie	848	-	100	79070877	5297
chr9	79065580	79265580	harbor2	chr9	79114757	79115087	DNA/hAT-Charlie	1209	-	165	79114922	49342
chr9	107905849	108105849	harbor2	chr9	107907772	107908003	DNA/hAT-Charlie	485	-	116	107907888	2039
chr9	107905849	108105849	harbor2	chr9	107920063	107920613	DNA/hAT-Charlie	1497	-	275	107920338	14489
chr9	107905849	108105849	harbor2	chr9	107964129	107964377	DNA/hAT-Charlie	535	-	124	107964253	58404
chr9	107905849	108105849	harbor2	chr9	107980809	107980990	DNA/hAT-Charlie	499	-	90	107980899	75050
chr9	107905849	108105849	harbor2	chr9	107995857	107996692	DNA/hAT-Charlie	2520	-	418	107996275	90426
chr9	107905849	108105849	harbor2	chr9	107997783	107997993	DNA/hAT-Charlie	996	-	105	107997888	92039
chr9	128415043	128615043	harbor2	chr9	128446922	128446943	DNA/hAT-Charlie	545	-	10	128446932	31889
chr9	128415043	128615043	harbor2	chr9	128447098	128447301	DNA/hAT-Charlie	622	-	102	128447200	32157
chr9	104122283	104322283	harbor2	chr9	104134127	104134263	DNA/hAT-Charlie	507	-	68	104134195	11912
chr9	104122283	104322283	harbor2	chr9	104152505	104152865	DNA/hAT-Charlie	404	-	180	104152685	30402
chr9	138220474	138420474	harbor2	chr9	138238591	138238810	DNA/hAT-Charlie	863	-	110	138238701	18227
chr9	105077485	105277485	harbor2	chr9	105081785	105081974	DNA/hAT-Charlie	676	-	94	105081879	4394
chr9	105077485	105277485	harbor2	chr9	105099916	105100170	DNA/hAT-Charlie	3124	-	127	105100043	22558
chr9	105077485	105277485	harbor2	chr9	105100752	105101144	DNA/hAT-Charlie	3124	-	196	105100948	23463
chr9	105077485	105277485	harbor2	chr9	105101786	105103349	DNA/hAT-Charlie	3124	-	782	105102568	25083
chr9	105077485	105277485	harbor2	chr9	105151494	105151644	DNA/hAT-Charlie	411	-	75	105151569	74084
chr9	105077485	105277485	harbor2	chr9	105159469	105159513	DNA/hAT-Charlie	850	-	22	105159491	82006
chr9	105077485	105277485	harbor2	chr9	105159801	105159978	DNA/hAT-Charlie	850	-	88	105159889	82404
chr9	127479016	127679016	harbor2	chr9	127518414	127518624	DNA/hAT-Charlie	649	-	105	127518519	39503
chr9	112704170	112904170	harbor2	chr9	112731628	112731895	DNA/hAT-Charlie	737	-	134	112731762	27592
chr9	112704170	112904170	harbor2	chr9	112742970	112743116	DNA/hAT-Charlie	667	-	73	112743043	38873
chr9	112704170	112904170	harbor2	chr9	112768494	112768637	DNA/hAT-Charlie	413	-	72	112768566	64396
chr9	112704170	112904170	harbor2	chr9	112768945	112768976	DNA/hAT-Charlie	413	-	16	112768961	64791
chr9	125823469	126023469	harbor2	chr9	125824935	125825003	DNA/hAT-Charlie	1448	-	34	125824969	1500
chr9	125823469	126023469	harbor2	chr9	125825297	125825738	DNA/hAT-Charlie	1448	-	220	125825517	2048
chr9	125823469	126023469	harbor2	chr9	125864331	125864855	DNA/hAT-Charlie	3687	-	262	125864593	41124
chr9	130643387	130843387	harbor2	chr9	130742831	130743076	DNA/hAT-Charlie	403	-	122	130742953	99566
chr9	99400652	99600652	harbor2	chr9	99414461	99414587	DNA/hAT-Charlie	579	-	63	99414524	13872
chr9	99400652	99600652	harbor2	chr9	99431190	99431492	DNA/hAT-Charlie	880	-	151	99431341	30689
chr9	99400652	99600652	harbor2	chr9	99454939	99455114	DNA/hAT-Charlie	1050	-	88	99455027	54375
chr9	99400652	99600652	harbor2	chr9	99495170	99495388	DNA/hAT-Charlie	706	-	109	99495279	94627
chr9	99400652	99600652	harbor2	chr9	99495500	99495653	DNA/hAT-Charlie	706	-	76	99495576	94924
chr9	137638837	137838837	harbor2	chr9	137643852	137644328	DNA/hAT-Charlie	865	-	238	137644090	5253
chr9	137638837	137838837	harbor2	chr9	137644626	137644734	DNA/hAT-Charlie	865	-	54	137644680	5843
chr9	137638837	137838837	harbor2	chr9	137674940	137675109	DNA/hAT-Charlie	508	-	84	137675024	36187
chr9	137638837	137838837	harbor2	chr9	137707932	137709232	DNA/hAT-Charlie	2478	-	650	137708582	69745
chr9	137638837	137838837	harbor2	chr9	137722122	137722334	DNA/hAT-Charlie	393	-	106	137722228	83391
chr9	137638837	137838837	harbor2	chr9	137727985	137728132	DNA/hAT-Charlie	402	-	74	137728059	89222
chr9	114251538	114451538	harbor2	chr9	114279447	114279562	DNA/hAT-Charlie	1230	-	58	114279505	27967
chr9	114251538	114451538	harbor2	chr9	114279868	114280104	DNA/hAT-Charlie	1230	-	118	114279986	28448
chr9	114251538	114451538	harbor2	chr9	114280080	114280197	DNA/hAT-Charlie	629	-	58	114280138	28600
chr9	114251538	114451538	harbor2	chr9	114280507	114280611	DNA/hAT-Charlie	590	-	52	114280559	29021
chr9	114251538	114451538	harbor2	chr9	114282706	114282855	DNA/hAT-Charlie	447	-	74	114282780	31242
chr9	114251538	114451538	harbor2	chr9	114303963	114304166	DNA/hAT-Charlie	991	-	102	114304065	52527
chr9	63322269	63522269	harbor2	chr9	63377157	63377330	DNA/hAT-Charlie	826	-	86	63377243	54974
chr9	132353085	132553085	harbor2	chr9	132392848	132393102	DNA/hAT-Charlie	983	-	127	132392975	39890
chr9	134770949	134970949	harbor2	chr9	134838192	134838325	DNA/hAT-Charlie	479	-	66	134838258	67309
chr9	134770949	134970949	harbor2	chr9	134856225	134856402	DNA/hAT-Charlie	405	-	88	134856313	85364
chr9	99329565	99529565	harbor2	chr9	99340784	99340969	DNA/hAT-Charlie	1382	-	92	99340876	11311
chr9	99329565	99529565	harbor2	chr9	99341278	99341326	DNA/hAT-Charlie	1382	-	24	99341302	11737
chr9	99329565	99529565	harbor2	chr9	99356100	99356316	DNA/hAT-Charlie	1029	-	108	99356208	26643
chr9	99329565	99529565	harbor2	chr9	99360968	99361165	DNA/hAT-Charlie	621	-	98	99361066	31501
chr9	99329565	99529565	harbor2	chr9	99375233	99375385	DNA/hAT-Charlie	532	-	76	99375309	45744
chr9	99329565	99529565	harbor2	chr9	99392692	99392861	DNA/hAT-Charlie	445	-	84	99392776	63211
chr9	99329565	99529565	harbor2	chr9	99414461	99414587	DNA/hAT-Charlie	579	-	63	99414524	84959
chr9	109704297	109904297	harbor2	chr9	109726766	109726959	DNA/hAT-Charlie	1007	-	96	109726862	22565
chr9	109704297	109904297	harbor2	chr9	109734376	109734569	DNA/hAT-Charlie	748	-	96	109734472	30175
chr9	109704297	109904297	harbor2	chr9	109752313	109752441	DNA/hAT-Charlie	609	-	64	109752377	48080
chr9	109704297	109904297	harbor2	chr9	109765688	109765837	DNA/hAT-Charlie	654	-	74	109765762	61465
chr9	109704297	109904297	harbor2	chr9	109787529	109787842	DNA/hAT-Charlie	528	-	156	109787685	83388
chr9	109704297	109904297	harbor2	chr9	109788419	109788602	DNA/hAT-Charlie	968	-	92	109788511	84214
chr9	109704297	109904297	harbor2	chr9	109791706	109791904	DNA/hAT-Charlie	604	-	99	109791805	87508
chr9	109704297	109904297	harbor2	chr9	109795052	109795269	DNA/hAT-Charlie	1008	-	108	109795160	90863
chr9	109704297	109904297	harbor2	chr9	109796100	109796284	DNA/hAT-Charlie	653	-	92	109796192	91895
chr9	109704297	109904297	harbor2	chr9	109796331	109796523	DNA/hAT-Charlie	998	-	96	109796427	92130
chr9	109704297	109904297	harbor2	chr9	109796901	109796988	DNA/hAT-Charlie	998	-	44	109796945	92648
chr9	109704297	109904297	harbor2	chr9	109800503	109800680	DNA/hAT-Charlie	474	-	88	109800591	96294
chr9	111560543	111760543	harbor2	chr9	111571805	111571876	DNA/hAT-Charlie	512	-	36	111571841	11298
chr9	111560543	111760543	harbor2	chr9	111578198	111578742	DNA/hAT-Charlie	3313	-	272	111578470	17927
chr9	111560543	111760543	harbor2	chr9	111637008	111637210	DNA/hAT-Charlie	475	-	101	111637109	76566
chr9	33841818	34041818	harbor2	chr9	33842027	33842121	DNA/hAT-Charlie	2530	-	47	33842074	256
chr9	33841818	34041818	harbor2	chr9	33842383	33842890	DNA/hAT-Charlie	2530	-	254	33842637	819
chr9	33841818	34041818	harbor2	chr9	33843421	33843478	DNA/hAT-Charlie	1284	-	28	33843449	1631
chr9	33841818	34041818	harbor2	chr9	33843775	33844081	DNA/hAT-Charlie	1284	-	153	33843928	2110
chr9	33841818	34041818	harbor2	chr9	33844084	33844204	DNA/hAT-Charlie	606	-	60	33844144	2326
chr9	33841818	34041818	harbor2	chr9	33844532	33844769	DNA/hAT-Charlie	1706	-	118	33844650	2832
chr9	33841818	34041818	harbor2	chr9	33845069	33845180	DNA/hAT-Charlie	1706	-	56	33845125	3307
chr9	33841818	34041818	harbor2	chr9	33845552	33845725	DNA/hAT-Charlie	2961	-	86	33845638	3820
chr9	33841818	34041818	harbor2	chr9	33846309	33846831	DNA/hAT-Charlie	2961	-	261	33846570	4752
chr9	33841818	34041818	harbor2	chr9	33901582	33901821	DNA/hAT-Charlie	511	-	120	33901702	59884
chr9	33841818	34041818	harbor2	chr9	33909029	33909136	DNA/hAT-Charlie	497	-	54	33909083	67265
chr9	77466909	77666909	harbor2	chr9	77494433	77494649	DNA/hAT-Charlie	465	-	108	77494541	27632
chr9	77466909	77666909	harbor2	chr9	77505901	77505977	DNA/hAT-Charlie	1439	-	38	77505939	39030
chr9	77466909	77666909	harbor2	chr9	77506305	77506396	DNA/hAT-Charlie	1439	-	46	77506351	39442
chr9	77466909	77666909	harbor2	chr9	77506688	77506830	DNA/hAT-Charlie	1439	-	71	77506759	39850
chr9	77466909	77666909	harbor2	chr9	77564188	77564302	DNA/hAT-Charlie	393	-	57	77564245	97336
chr9	138089323	138289323	harbor2	chr9	138132478	138132655	DNA/hAT-Charlie	774	-	88	138132566	43243
chr9	138089323	138289323	harbor2	chr9	138132652	138132761	DNA/hAT-Charlie	403	-	54	138132706	43383
chr9	138089323	138289323	harbor2	chr9	138134054	138134243	DNA/hAT-Charlie	766	-	94	138134148	44825
chr9	90576741	90776741	harbor2	chr9	90587846	90587945	DNA/hAT-Charlie	416	-	50	90587896	11155
chr9	90576741	90776741	harbor2	chr9	90599387	90599825	DNA/hAT-Charlie	1065	-	219	90599606	22865
chr9	90576741	90776741	harbor2	chr9	90600924	90601744	DNA/hAT-Charlie	1050	-	410	90601334	24593
chr9	90576741	90776741	harbor2	chr9	90601759	90601894	DNA/hAT-Charlie	422	-	68	90601827	25086
chr9	90576741	90776741	harbor2	chr9	90602574	90602788	DNA/hAT-Charlie	422	-	107	90602681	25940
chr9	90576741	90776741	harbor2	chr9	90647166	90647293	DNA/hAT-Charlie	590	-	64	90647230	70489
chr9	36479068	36679068	harbor2	chr9	36539241	36539391	DNA/hAT-Charlie	541	-	75	36539316	60248
chr9	36479068	36679068	harbor2	chr9	36547614	36548004	DNA/hAT-Charlie	1073	-	195	36547809	68741
chr9	36479068	36679068	harbor2	chr9	36551383	36551557	DNA/hAT-Charlie	687	-	87	36551470	72402
chr9	36479068	36679068	harbor2	chr9	36553934	36554028	DNA/hAT-Charlie	618	-	47	36553981	74913
chr9	36479068	36679068	harbor2	chr9	36554624	36554695	DNA/hAT-Charlie	618	-	36	36554660	75592
chr9	124666645	124866645	harbor2	chr9	124719522	124719636	DNA/hAT-Charlie	632	-	57	124719579	52934
chr9	124666645	124866645	harbor2	chr9	124719918	124720057	DNA/hAT-Charlie	632	-	70	124719988	53343
chr9	124666645	124866645	harbor2	chr9	124720351	124720424	DNA/hAT-Charlie	632	-	36	124720387	53742
chr9	124666645	124866645	harbor2	chr9	124762155	124763500	DNA/hAT-Charlie	6333	-	672	124762827	96182
chr9	62277627	62477627	harbor2	chr9	62287676	62287898	DNA/hAT-Charlie	1062	-	111	62287787	10160
chr9	88732292	88932292	harbor2	chr9	88749980	88750198	DNA/hAT-Charlie	748	-	109	88750089	17797
chr9	135195852	135395852	harbor2	chr9	135284088	135284286	DNA/hAT-Charlie	435	-	99	135284187	88335
chr9	86121897	86321897	harbor2	chr9	86178981	86179142	DNA/hAT-Charlie	418	-	80	86179061	57164
chr9	133603394	133803394	harbor2	chr9	133604660	133604805	DNA/hAT-Charlie	503	-	72	133604732	1338
chr9	133603394	133803394	harbor2	chr9	133687582	133687738	DNA/hAT-Charlie	511	-	78	133687660	84266
chr9	132293018	132493018	harbor2	chr9	132312017	132312201	DNA/hAT-Charlie	659	-	92	132312109	19091
chr9	132293018	132493018	harbor2	chr9	132392848	132393102	DNA/hAT-Charlie	983	-	127	132392975	99957
chr9	131432557	131632557	harbor2	chr9	131458364	131458497	DNA/hAT-Charlie	1240	-	66	131458430	25873
chr9	131432557	131632557	harbor2	chr9	131458801	131458896	DNA/hAT-Charlie	1240	-	48	131458849	26292
chr9	131432557	131632557	harbor2	chr9	131471529	131471725	DNA/hAT-Charlie	782	-	98	131471627	39070
chr9	84229887	84429887	harbor2	chr9	84249952	84250081	DNA/hAT-Charlie	1288	-	64	84250016	20129
chr9	84229887	84429887	harbor2	chr9	84250596	84250782	DNA/hAT-Charlie	1288	-	93	84250689	20802
chr9	84229887	84429887	harbor2	chr9	84280421	84280575	DNA/hAT-Charlie	402	-	77	84280498	50611
chr9	84229887	84429887	harbor2	chr9	84289466	84289632	DNA/hAT-Charlie	830	-	83	84289549	59662
chr9	84229887	84429887	harbor2	chr9	84289641	84289831	DNA/hAT-Charlie	821	-	95	84289736	59849
chr9	108580134	108780134	harbor2	chr9	108592234	108592443	DNA/hAT-Charlie	1124	-	104	108592338	12204
chr9	108580134	108780134	harbor2	chr9	108606760	108606941	DNA/hAT-Charlie	1067	-	90	108606850	26716
chr9	108580134	108780134	harbor2	chr9	108662538	108662752	DNA/hAT-Charlie	1165	-	107	108662645	82511
chr9	106149327	106349327	harbor2	chr9	106174698	106174953	DNA/hAT-Charlie	557	-	128	106174826	25499
chr9	104951871	105151871	harbor2	chr9	105019287	105019550	DNA/hAT-Charlie	1047	-	132	105019419	67548
chr9	87457687	87657687	harbor2	chr9	87472794	87472940	DNA/hAT-Charlie	652	-	73	87472867	15180
chr9	87457687	87657687	harbor2	chr9	87483472	87483694	DNA/hAT-Charlie	528	-	111	87483583	25896
chr9	87457687	87657687	harbor2	chr9	87496585	87496669	DNA/hAT-Charlie	1345	-	42	87496627	38940
chr9	87457687	87657687	harbor2	chr9	87496950	87497174	DNA/hAT-Charlie	1345	-	112	87497062	39375
chr9	87457687	87657687	harbor2	chr9	87513850	87514098	DNA/hAT-Charlie	992	-	124	87513974	56287
chr9	87457687	87657687	harbor2	chr9	87515156	87515356	DNA/hAT-Charlie	881	-	100	87515256	57569
chr9	115261594	115461594	harbor2	chr9	115297425	115297634	DNA/hAT-Charlie	619	-	104	115297529	35935
chr9	107698657	107898657	harbor2	chr9	107781526	107781934	DNA/hAT-Charlie	988	-	204	107781730	83073
chr9	107698657	107898657	harbor2	chr9	107790064	107790344	DNA/hAT-Charlie	556	-	140	107790204	91547
chr9	117958419	118158419	harbor2	chr9	117974037	117974236	DNA/hAT-Charlie	860	-	100	117974137	15718
chr9	117958419	118158419	harbor2	chr9	117989728	117989942	DNA/hAT-Charlie	815	-	107	117989835	31416
chr9	117958419	118158419	harbor2	chr9	118038540	118038710	DNA/hAT-Charlie	490	-	85	118038625	80206
chr9	117958419	118158419	harbor2	chr9	118039079	118039153	DNA/hAT-Charlie	490	-	37	118039116	80697
chr9	75534965	75734965	harbor2	chr9	75539179	75539260	DNA/hAT-Charlie	404	-	40	75539219	4254
chr9	75534965	75734965	harbor2	chr9	75551836	75551991	DNA/hAT-Charlie	438	-	78	75551914	16949
chr9	75534965	75734965	harbor2	chr9	75587304	75588182	DNA/hAT-Charlie	1720	-	439	75587743	52778
chr9	75534965	75734965	harbor2	chr9	75588194	75588450	DNA/hAT-Charlie	685	-	128	75588322	53357
chr9	95889036	96089036	harbor2	chr9	95909169	95909365	DNA/hAT-Charlie	1058	-	98	95909267	20231
chr9	95889036	96089036	harbor2	chr9	95956214	95956375	DNA/hAT-Charlie	682	-	80	95956294	67258
chr9	80730528	80930528	harbor2	chr9	80764264	80764558	DNA/hAT-Charlie	489	-	147	80764411	33883
chr9	80730528	80930528	harbor2	chr9	80771445	80771780	DNA/hAT-Charlie	1522	-	168	80771613	41085
chr9	80730528	80930528	harbor2	chr9	80775895	80776219	DNA/hAT-Charlie	1836	-	162	80776057	45529
chr9	134607339	134807339	harbor2	chr9	134652794	134652969	DNA/hAT-Charlie	617	-	88	134652882	45543
chr9	126094804	126294804	harbor2	chr9	126094883	126095014	DNA/hAT-Charlie	546	-	66	126094949	145
chr9	126094804	126294804	harbor2	chr9	126117313	126117683	DNA/hAT-Charlie	1349	-	185	126117498	22694
chr9	131178330	131378330	harbor2	chr9	131196707	131196847	DNA/hAT-Charlie	559	-	70	131196777	18447
chr9	131178330	131378330	harbor2	chr9	131204417	131204604	DNA/hAT-Charlie	985	-	94	131204511	26181
chr9	94340555	94540555	harbor2	chr9	94354861	94355173	DNA/hAT-Charlie	834	-	156	94355017	14462
chr9	94340555	94540555	harbor2	chr9	94355463	94355564	DNA/hAT-Charlie	834	-	50	94355513	14958
chr9	94340555	94540555	harbor2	chr9	94365590	94365856	DNA/hAT-Charlie	808	-	133	94365723	25168
chr9	94340555	94540555	harbor2	chr9	94396552	94396761	DNA/hAT-Charlie	910	-	104	94396656	56101
chr9	94340555	94540555	harbor2	chr9	94415544	94415855	DNA/hAT-Charlie	1885	-	156	94415700	75145
chr9	92859681	93059681	harbor2	chr9	92926586	92926827	DNA/hAT-Charlie	965	-	120	92926706	67025
chr9	93579957	93779957	harbor2	chr9	93589326	93589532	DNA/hAT-Charlie	643	-	103	93589429	9472
chr9	123046876	123246876	harbor2	chr9	123090976	123091182	DNA/hAT-Charlie	993	-	103	123091079	44203
chr9	123046876	123246876	harbor2	chr9	123106893	123107107	DNA/hAT-Charlie	835	-	107	123107000	60124
chr9	116973115	117173115	harbor2	chr9	116994132	116994340	DNA/hAT-Charlie	977	-	104	116994236	21121
chr9	116973115	117173115	harbor2	chr9	117009018	117009214	DNA/hAT-Charlie	519	-	98	117009116	36001
chr9	116973115	117173115	harbor2	chr9	117015916	117016145	DNA/hAT-Charlie	622	-	114	117016030	42915
chr9	116973115	117173115	harbor2	chr9	117054796	117055131	DNA/hAT-Charlie	2230	-	168	117054964	81849
chr9	112543059	112743059	harbor2	chr9	112564590	112564780	DNA/hAT-Charlie	519	-	95	112564685	21626
chr9	112543059	112743059	harbor2	chr9	112615092	112615139	DNA/hAT-Charlie	650	-	24	112615116	72057
chr9	112543059	112743059	harbor2	chr9	112615437	112615651	DNA/hAT-Charlie	650	-	107	112615544	72485
chr9	118405048	118605048	harbor2	chr9	118406970	118407141	DNA/hAT-Charlie	586	-	86	118407056	2008
chr9	118405048	118605048	harbor2	chr9	118469866	118470080	DNA/hAT-Charlie	936	-	107	118469973	64925
chr9	92691171	92891171	harbor2	chr9	92723853	92724046	DNA/hAT-Charlie	634	-	96	92723949	32778
chr9	92691171	92891171	harbor2	chr9	92786082	92786259	DNA/hAT-Charlie	830	-	88	92786170	94999
chr9	97844110	98044110	harbor2	chr9	97845465	97845694	DNA/hAT-Charlie	1542	-	114	97845579	1469
chr9	97844110	98044110	harbor2	chr9	97856630	97856910	DNA/hAT-Charlie	1357	-	140	97856770	12660
chr9	97844110	98044110	harbor2	chr9	97897341	97897539	DNA/hAT-Charlie	846	-	99	97897440	53330
chr9	97844110	98044110	harbor2	chr9	97915301	97915494	DNA/hAT-Charlie	891	-	96	97915397	71287
chr9	138121201	138321201	harbor2	chr9	138132478	138132655	DNA/hAT-Charlie	774	-	88	138132566	11365
chr9	138121201	138321201	harbor2	chr9	138132652	138132761	DNA/hAT-Charlie	403	-	54	138132706	11505
chr9	138121201	138321201	harbor2	chr9	138134054	138134243	DNA/hAT-Charlie	766	-	94	138134148	12947
chr9	126344181	126544181	harbor2	chr9	126360300	126360486	DNA/hAT-Charlie	596	-	93	126360393	16212
chr9	24234184	24434184	harbor2	chr9	24238809	24238863	DNA/hAT-Charlie	694	-	27	24238836	4652
chr9	24234184	24434184	harbor2	chr9	24239948	24240069	DNA/hAT-Charlie	694	-	60	24240008	5824
chr9	24234184	24434184	harbor2	chr9	24273590	24273769	DNA/hAT-Charlie	670	-	90	24273680	39496
chr9	122171411	122371411	harbor2	chr9	122237720	122238024	DNA/hAT-Charlie	1160	-	152	122237872	66461
chr9	130027485	130227485	harbor2	chr9	130056490	130056643	DNA/hAT-Charlie	1337	-	76	130056566	29081
chr9	130027485	130227485	harbor2	chr9	130056955	130057021	DNA/hAT-Charlie	1337	-	33	130056988	29503
chr9	130027485	130227485	harbor2	chr9	130121233	130121441	DNA/hAT-Charlie	1338	-	104	130121337	93852
chr9	133386044	133586044	harbor2	chr9	133444083	133444232	DNA/hAT-Charlie	486	-	74	133444157	58113
chr9	133386044	133586044	harbor2	chr9	133467673	133467783	DNA/hAT-Charlie	405	-	55	133467728	81684
chr9	101831259	102031259	harbor2	chr9	101875354	101875487	DNA/hAT-Charlie	550	-	66	101875420	44161
chr9	101831259	102031259	harbor2	chr9	101875507	101875658	DNA/hAT-Charlie	645	-	76	101875583	44324
chr9	101831259	102031259	harbor2	chr9	101908690	101909223	DNA/hAT-Charlie	2771	-	266	101908956	77697
chr9	101831259	102031259	harbor2	chr9	101914835	101915170	DNA/hAT-Charlie	1809	-	168	101915003	83744
chr9	128312963	128512963	harbor2	chr9	128328433	128328630	DNA/hAT-Charlie	1056	-	98	128328531	15568
chr9	128312963	128512963	harbor2	chr9	128330064	128330088	DNA/hAT-Charlie	773	-	12	128330076	17113
chr9	128312963	128512963	harbor2	chr9	128330403	128330492	DNA/hAT-Charlie	773	-	44	128330447	17484
chr9	128312963	128512963	harbor2	chr9	128330764	128330833	DNA/hAT-Charlie	773	-	34	128330798	17835
chr9	128312963	128512963	harbor2	chr9	128331137	128331288	DNA/hAT-Charlie	773	-	76	128331213	18250
chr9	35779188	35979188	harbor2	chr9	35784910	35785295	DNA/hAT-Charlie	1339	-	192	35785102	5914
chr9	35779188	35979188	harbor2	chr9	35847129	35847275	DNA/hAT-Charlie	476	-	73	35847202	68014
chr9	35779188	35979188	harbor2	chr9	35870883	35871029	DNA/hAT-Charlie	598	-	73	35870956	91768
chr9	63044033	63244033	harbor2	chr9	63137342	63137613	DNA/hAT-Charlie	436	-	136	63137478	93445
chr9	63044033	63244033	harbor2	chr9	63139123	63139291	DNA/hAT-Charlie	699	-	84	63139207	95174
chr9	63044033	63244033	harbor2	chr9	63143865	63144063	DNA/hAT-Charlie	598	-	99	63143964	99931
chr9	126572782	126772782	harbor2	chr9	126649438	126649622	DNA/hAT-Charlie	824	-	92	126649530	76748
chr9	126572782	126772782	harbor2	chr9	126656713	126656926	DNA/hAT-Charlie	984	-	106	126656819	84037
chr9	95314538	95514538	harbor2	chr9	95322743	95322981	DNA/hAT-Charlie	543	-	119	95322862	8324
chr9	95314538	95514538	harbor2	chr9	95366968	95367109	DNA/hAT-Charlie	659	-	70	95367038	52500
chr9	135185950	135385950	harbor2	chr9	135284088	135284286	DNA/hAT-Charlie	435	-	99	135284187	98237
chr9	125107518	125307518	harbor2	chr9	125112442	125112536	DNA/hAT-Charlie	522	-	47	125112489	4971
chr9	125107518	125307518	harbor2	chr9	125133818	125134016	DNA/hAT-Charlie	1020	-	99	125133917	26399
chr9	125107518	125307518	harbor2	chr9	125139872	125139944	DNA/hAT-Charlie	1470	-	36	125139908	32390
chr9	125107518	125307518	harbor2	chr9	125140536	125140572	DNA/hAT-Charlie	1470	-	18	125140554	33036
chr9	125107518	125307518	harbor2	chr9	125141134	125141250	DNA/hAT-Charlie	551	-	58	125141192	33674
chr9	125107518	125307518	harbor2	chr9	125165088	125165247	DNA/hAT-Charlie	602	-	80	125165168	57650
chr9	125107518	125307518	harbor2	chr9	125165413	125165789	DNA/hAT-Charlie	1693	-	188	125165601	58083
chr9	125107518	125307518	harbor2	chr9	125166097	125166152	DNA/hAT-Charlie	1693	-	28	125166125	58607
chr9	125107518	125307518	harbor2	chr9	125166183	125166523	DNA/hAT-Charlie	2049	-	170	125166353	58835
chr9	125107518	125307518	harbor2	chr9	125166815	125166899	DNA/hAT-Charlie	2049	-	42	125166857	59339
chr9	125107518	125307518	harbor2	chr9	125167993	125168130	DNA/hAT-Charlie	692	-	68	125168061	60543
chr9	125107518	125307518	harbor2	chr9	125182657	125182870	DNA/hAT-Charlie	928	-	106	125182763	75245
chr9	125107518	125307518	harbor2	chr9	125140873	125141135	DNA/hAT-Charlie	1470	-	131	125141004	33486
chr9	96569508	96769508	harbor2	chr9	96646127	96646333	DNA/hAT-Charlie	738	-	103	96646230	76722
chr9	68654845	68854845	harbor2	chr9	68674972	68675194	DNA/hAT-Charlie	561	-	111	68675083	20238
chr9	68654845	68854845	harbor2	chr9	68685446	68685594	DNA/hAT-Charlie	953	-	74	68685520	30675
chr9	68654845	68854845	harbor2	chr9	68692579	68692768	DNA/hAT-Charlie	796	-	94	68692673	37828
chr9	68654845	68854845	harbor2	chr9	68717775	68717995	DNA/hAT-Charlie	671	-	110	68717885	63040
chr9	68654845	68854845	harbor2	chr9	68749687	68749892	DNA/hAT-Charlie	1035	-	102	68749789	94944
chr9	127783022	127983022	harbor2	chr9	127866424	127866569	DNA/hAT-Charlie	406	-	72	127866496	83474
chr9	111379637	111579637	harbor2	chr9	111412385	111412682	DNA/hAT-Charlie	1305	-	148	111412533	32896
chr9	111379637	111579637	harbor2	chr9	111428241	111429206	DNA/hAT-Charlie	3284	-	482	111428723	49086
chr9	111379637	111579637	harbor2	chr9	111429210	111429486	DNA/hAT-Charlie	877	-	138	111429348	49711
chr9	111379637	111579637	harbor2	chr9	111394679	111394879	DNA/hAT-Charlie	813	-	100	111394779	15142
chr9	134440292	134640292	harbor2	chr9	134452477	134452793	DNA/hAT-Charlie	1210	-	158	134452635	12343
chr9	134440292	134640292	harbor2	chr9	134536780	134536968	DNA/hAT-Charlie	640	-	94	134536874	96582
chr9	115540471	115740471	harbor2	chr9	115572087	115572319	DNA/hAT-Charlie	954	-	116	115572203	31732
chr9	115540471	115740471	harbor2	chr9	115587350	115587601	DNA/hAT-Charlie	980	-	126	115587476	47005
chr9	115540471	115740471	harbor2	chr9	115587610	115587737	DNA/hAT-Charlie	483	-	64	115587674	47203
chr9	115540471	115740471	harbor2	chr9	115623679	115623806	DNA/hAT-Charlie	512	-	64	115623743	83272
chr9	42008266	42208266	harbor2	chr9	42097201	42097661	DNA/hAT-Charlie	521	-	230	42097431	89165
chr9	117999149	118199149	harbor2	chr9	118038540	118038710	DNA/hAT-Charlie	490	-	85	118038625	39476
chr9	117999149	118199149	harbor2	chr9	118039079	118039153	DNA/hAT-Charlie	490	-	37	118039116	39967
chr9	105036724	105236724	harbor2	chr9	105081785	105081974	DNA/hAT-Charlie	676	-	94	105081879	45155
chr9	105036724	105236724	harbor2	chr9	105099916	105100170	DNA/hAT-Charlie	3124	-	127	105100043	63319
chr9	105036724	105236724	harbor2	chr9	105100752	105101144	DNA/hAT-Charlie	3124	-	196	105100948	64224
chr9	105036724	105236724	harbor2	chr9	105101786	105103349	DNA/hAT-Charlie	3124	-	782	105102568	65844
chr9	65953297	66153297	harbor2	chr9	65962909	65963082	DNA/hAT-Charlie	612	-	86	65962995	9698
chr9	65953297	66153297	harbor2	chr9	65975838	65975937	DNA/hAT-Charlie	452	-	50	65975888	22591
chr9	27892714	28092714	harbor2	chr9	27897884	27898197	DNA/hAT-Charlie	1259	-	156	27898040	5326
chr9	99796057	99996057	harbor2	chr9	99843696	99843757	DNA/hAT-Charlie	694	-	30	99843726	47669
chr9	99796057	99996057	harbor2	chr9	99856022	99856534	DNA/hAT-Charlie	3777	-	256	99856278	60221
chr9	99796057	99996057	harbor2	chr9	99856720	99856881	DNA/hAT-Charlie	693	-	80	99856800	60743
chr9	99796057	99996057	harbor2	chr9	99844065	99844139	DNA/hAT-Charlie	694	-	37	99844102	48045
chr9	111592584	111792584	harbor2	chr9	111637008	111637210	DNA/hAT-Charlie	475	-	101	111637109	44525
chr9	111592584	111792584	harbor2	chr9	111677672	111678054	DNA/hAT-Charlie	838	-	191	111677863	85279
chr9	111592584	111792584	harbor2	chr9	111678961	111679192	DNA/hAT-Charlie	689	-	116	111679077	86493
chr9	111592584	111792584	harbor2	chr9	111682184	111682526	DNA/hAT-Charlie	1026	-	171	111682355	89771
chr9	123209294	123409294	harbor2	chr9	123275216	123275416	DNA/hAT-Charlie	1079	-	100	123275316	66022
chr9	123209294	123409294	harbor2	chr9	123275993	123276251	DNA/hAT-Charlie	1110	-	129	123276122	66828
chr9	123209294	123409294	harbor2	chr9	123276551	123276619	DNA/hAT-Charlie	1110	-	34	123276585	67291
chr9	123209294	123409294	harbor2	chr9	123277116	123277238	DNA/hAT-Charlie	589	-	61	123277177	67883
chr9	123209294	123409294	harbor2	chr9	123277553	123277790	DNA/hAT-Charlie	589	-	118	123277671	68377
chr9	123209294	123409294	harbor2	chr9	123285843	123285988	DNA/hAT-Charlie	688	-	72	123285915	76621
chr9	107405664	107605664	harbor2	chr9	107424373	107424480	DNA/hAT-Charlie	629	-	54	107424427	18763
chr9	107405664	107605664	harbor2	chr9	107424805	107424964	DNA/hAT-Charlie	629	-	80	107424885	19221
chr9	107405664	107605664	harbor2	chr9	107430217	107430315	DNA/hAT-Charlie	841	-	49	107430266	24602
chr9	107405664	107605664	harbor2	chr9	107430610	107430683	DNA/hAT-Charlie	841	-	36	107430646	24982
chr9	107405664	107605664	harbor2	chr9	107445678	107445807	DNA/hAT-Charlie	426	-	64	107445742	40078
chr9	107405664	107605664	harbor2	chr9	107446099	107446162	DNA/hAT-Charlie	426	-	32	107446131	40467
chr9	107405664	107605664	harbor2	chr9	107446479	107446567	DNA/hAT-Charlie	426	-	44	107446523	40859
chr9	107405664	107605664	harbor2	chr9	107447378	107447561	DNA/hAT-Charlie	1215	-	92	107447470	41806
chr9	120238344	120438344	harbor2	chr9	120261961	120262129	DNA/hAT-Charlie	763	-	84	120262045	23701
chr9	120238344	120438344	harbor2	chr9	120280041	120280363	DNA/hAT-Charlie	849	-	161	120280202	41858
chr9	120238344	120438344	harbor2	chr9	120319261	120319773	DNA/hAT-Charlie	3558	-	256	120319517	81173
chr9	73473298	73673298	harbor2	chr9	73566689	73566907	DNA/hAT-Charlie	896	-	109	73566798	93500
chr9	114369103	114569103	harbor2	chr9	114423952	114424119	DNA/hAT-Charlie	524	-	84	114424036	54933
chr9	114369103	114569103	harbor2	chr9	114425411	114425570	DNA/hAT-Charlie	474	-	80	114425491	56388
chr9	114369103	114569103	harbor2	chr9	114430597	114430708	DNA/hAT-Charlie	405	-	56	114430653	61550
chr9	112736080	112936080	harbor2	chr9	112742970	112743116	DNA/hAT-Charlie	667	-	73	112743043	6963
chr9	112736080	112936080	harbor2	chr9	112768494	112768637	DNA/hAT-Charlie	413	-	72	112768566	32486
chr9	112736080	112936080	harbor2	chr9	112768945	112768976	DNA/hAT-Charlie	413	-	16	112768961	32881
chr9	112736080	112936080	harbor2	chr9	112806045	112806268	DNA/hAT-Charlie	1094	-	112	112806157	70077
chr9	133812119	134012119	harbor2	chr9	133885045	133885458	DNA/hAT-Charlie	691	-	206	133885251	73132
chr9	136336970	136536970	harbor2	chr9	136435713	136435964	DNA/hAT-Charlie	673	-	126	136435839	98869
chr9	102594210	102794210	harbor2	chr9	102671001	102671211	DNA/hAT-Charlie	756	-	105	102671106	76896
chr9	73622977	73822977	harbor2	chr9	73624964	73625096	DNA/hAT-Charlie	498	-	66	73625030	2053
chr9	135336313	135536313	harbor2	chr9	135411406	135411618	DNA/hAT-Charlie	473	-	106	135411512	75199
chr9	135336313	135536313	harbor2	chr9	135420756	135420833	DNA/hAT-Charlie	571	-	38	135420794	84481
chr9	135336313	135536313	harbor2	chr9	135422108	135422238	DNA/hAT-Charlie	571	-	65	135422173	85860
chr9	85766630	85966630	harbor2	chr9	85797626	85797823	DNA/hAT-Charlie	1312	-	98	85797724	31094
chr9	85766630	85966630	harbor2	chr9	85803444	85803606	DNA/hAT-Charlie	683	-	81	85803525	36895
chr9	85766630	85966630	harbor2	chr9	85813876	85814328	DNA/hAT-Charlie	1878	-	226	85814102	47472
chr9	85766630	85966630	harbor2	chr9	85814619	85815007	DNA/hAT-Charlie	1878	-	194	85814813	48183
chr9	85766630	85966630	harbor2	chr9	85825623	85825796	DNA/hAT-Charlie	554	-	86	85825709	59079
chr9	85766630	85966630	harbor2	chr9	85827132	85827344	DNA/hAT-Charlie	2084	-	106	85827238	60608
chr9	85766630	85966630	harbor2	chr9	85827636	85827926	DNA/hAT-Charlie	2084	-	145	85827781	61151
chr9	95783267	95983267	harbor2	chr9	95790338	95790541	DNA/hAT-Charlie	994	-	102	95790440	7173
chr9	124163345	124363345	harbor2	chr9	124185320	124185485	DNA/hAT-Charlie	558	-	82	124185402	22057
chr9	135030113	135230113	harbor2	chr9	135115515	135115695	DNA/hAT-Charlie	529	-	90	135115605	85492
chr9	114675553	114875553	harbor2	chr9	114683516	114683675	DNA/hAT-Charlie	421	-	80	114683596	8043
chr9	114675553	114875553	harbor2	chr9	114700769	114700947	DNA/hAT-Charlie	825	-	89	114700858	25305
chr9	114675553	114875553	harbor2	chr9	114742662	114742709	DNA/hAT-Charlie	1285	-	24	114742686	67133
chr9	114675553	114875553	harbor2	chr9	114742994	114743437	DNA/hAT-Charlie	1285	-	222	114743216	67663
chr9	114675553	114875553	harbor2	chr9	114773593	114773744	DNA/hAT-Charlie	725	-	76	114773669	98116
chr9	114675553	114875553	harbor2	chr9	114736985	114737299	DNA/hAT-Charlie	2025	-	157	114737142	61589
chr9	133433643	133633643	harbor2	chr9	133444083	133444232	DNA/hAT-Charlie	486	-	74	133444157	10514
chr9	133433643	133633643	harbor2	chr9	133467673	133467783	DNA/hAT-Charlie	405	-	55	133467728	34085
chr9	133433643	133633643	harbor2	chr9	133520831	133520999	DNA/hAT-Charlie	523	-	84	133520915	87272
chr9	132748336	132948336	harbor2	chr9	132824476	132824695	DNA/hAT-Charlie	1052	-	110	132824586	76250
chr9	124274319	124474319	harbor2	chr9	124299267	124299428	DNA/hAT-Charlie	420	-	80	124299347	25028
chr9	124274319	124474319	harbor2	chr9	124357184	124357402	DNA/hAT-Charlie	924	-	109	124357293	82974
chr9	117903973	118103973	harbor2	chr9	117956235	117956425	DNA/hAT-Charlie	492	-	95	117956330	52357
chr9	117903973	118103973	harbor2	chr9	117974037	117974236	DNA/hAT-Charlie	860	-	100	117974137	70164
chr9	117903973	118103973	harbor2	chr9	117989728	117989942	DNA/hAT-Charlie	815	-	107	117989835	85862
chr9	125247298	125447298	harbor2	chr9	125285056	125285286	DNA/hAT-Charlie	1056	-	115	125285171	37873
chr9	125247298	125447298	harbor2	chr9	125333829	125334042	DNA/hAT-Charlie	1144	-	106	125333935	86637
chr9	67109652	67309652	harbor2	chr9	67194113	67194272	DNA/hAT-Charlie	537	-	80	67194193	84541
chr9	119665161	119865161	harbor2	chr9	119673126	119673292	DNA/hAT-Charlie	740	-	83	119673209	8048
chr9	119665161	119865161	harbor2	chr9	119699089	119699307	DNA/hAT-Charlie	1005	-	109	119699198	34037
chr9	119665161	119865161	harbor2	chr9	119702746	119702890	DNA/hAT-Charlie	495	-	72	119702818	37657
chr9	119665161	119865161	harbor2	chr9	119732369	119732532	DNA/hAT-Charlie	773	-	82	119732451	67290
chr9	119665161	119865161	harbor2	chr9	119732539	119732757	DNA/hAT-Charlie	1103	-	109	119732648	67487
chr9	97263539	97463539	harbor2	chr9	97289148	97289365	DNA/hAT-Charlie	819	-	108	97289256	25717
chr9	97263539	97463539	harbor2	chr9	97324225	97324552	DNA/hAT-Charlie	1348	-	164	97324389	60850
chr9	97263539	97463539	harbor2	chr9	97342968	97343261	DNA/hAT-Charlie	724	-	146	97343114	79575
chr9	93492769	93692769	harbor2	chr9	93549118	93549226	DNA/hAT-Charlie	456	-	54	93549172	56403
chr9	93492769	93692769	harbor2	chr9	93549465	93549851	DNA/hAT-Charlie	1433	-	193	93549658	56889
chr9	93492769	93692769	harbor2	chr9	93589326	93589532	DNA/hAT-Charlie	643	-	103	93589429	96660
chr9	79001458	79201458	harbor2	chr9	79025585	79025726	DNA/hAT-Charlie	611	-	70	79025655	24197
chr9	79001458	79201458	harbor2	chr9	79025707	79025931	DNA/hAT-Charlie	1012	-	112	79025819	24361
chr9	79001458	79201458	harbor2	chr9	79070395	79070540	DNA/hAT-Charlie	848	-	72	79070467	69009
chr9	79001458	79201458	harbor2	chr9	79070777	79070978	DNA/hAT-Charlie	848	-	100	79070877	69419
chr9	127452094	127652094	harbor2	chr9	127518414	127518624	DNA/hAT-Charlie	649	-	105	127518519	66425
chr9	87847032	88047032	harbor2	chr9	87852820	87853004	DNA/hAT-Charlie	776	-	92	87852912	5880
chr9	110380798	110580798	harbor2	chr9	110416798	110417012	DNA/hAT-Charlie	1279	-	107	110416905	36107
chr9	135155490	135355490	harbor2	chr9	135171261	135171296	DNA/hAT-Charlie	854	-	18	135171279	15789
chr9	135155490	135355490	harbor2	chr9	135171588	135171772	DNA/hAT-Charlie	854	-	92	135171680	16190
chr9	127901835	128101835	harbor2	chr9	127965234	127965363	DNA/hAT-Charlie	529	-	64	127965298	63463
chr9	130773987	130973987	harbor2	chr9	130798200	130798472	DNA/hAT-Charlie	975	-	136	130798336	24349
chr9	130773987	130973987	harbor2	chr9	130798448	130798686	DNA/hAT-Charlie	1659	-	119	130798567	24580
chr9	130773987	130973987	harbor2	chr9	130798988	130799478	DNA/hAT-Charlie	1659	-	245	130799233	25246
chr9	130773987	130973987	harbor2	chr9	130807217	130807255	DNA/hAT-Charlie	632	-	19	130807236	33249
chr9	130773987	130973987	harbor2	chr9	130807540	130807659	DNA/hAT-Charlie	632	-	60	130807600	33613
chr9	130773987	130973987	harbor2	chr9	130841026	130841149	DNA/hAT-Charlie	1373	-	62	130841088	67101
chr9	130773987	130973987	harbor2	chr9	130841407	130841510	DNA/hAT-Charlie	1373	-	52	130841459	67472
chr9	130773987	130973987	harbor2	chr9	130844830	130844989	DNA/hAT-Charlie	604	-	80	130844910	70923
chr9	130773987	130973987	harbor2	chr9	130856934	130857171	DNA/hAT-Charlie	699	-	118	130857052	83065
chr9	135154561	135354561	harbor2	chr9	135171261	135171296	DNA/hAT-Charlie	854	-	18	135171279	16718
chr9	135154561	135354561	harbor2	chr9	135171588	135171772	DNA/hAT-Charlie	854	-	92	135171680	17119
chr9	124166574	124366574	harbor2	chr9	124185320	124185485	DNA/hAT-Charlie	558	-	82	124185402	18828
chr9	113241042	113441042	harbor2	chr9	113261648	113261788	DNA/hAT-Charlie	566	-	70	113261718	20676
chr9	132839864	133039864	harbor2	chr9	132857165	132857349	DNA/hAT-Charlie	897	-	92	132857257	17393
chr9	132839864	133039864	harbor2	chr9	132901307	132901485	DNA/hAT-Charlie	855	-	89	132901396	61532
chr9	132839864	133039864	harbor2	chr9	132908148	132908459	DNA/hAT-Charlie	5142	-	156	132908304	68440
chr9	132839864	133039864	harbor2	chr9	132908746	132908901	DNA/hAT-Charlie	5142	-	78	132908824	68960
chr9	132839864	133039864	harbor2	chr9	132909202	132910016	DNA/hAT-Charlie	5142	-	407	132909609	69745
chr9	132839864	133039864	harbor2	chr9	132910324	132910425	DNA/hAT-Charlie	5142	-	50	132910374	70510
chr9	79641870	79841870	harbor2	chr9	79663296	79663496	DNA/hAT-Charlie	728	-	100	79663396	21526
chr9	79641870	79841870	harbor2	chr9	79687872	79688007	DNA/hAT-Charlie	543	-	68	79687940	46070
chr9	79641870	79841870	harbor2	chr9	79727076	79727223	DNA/hAT-Charlie	723	-	74	79727150	85280
chr9	121854484	122054484	harbor2	chr9	121869855	121870188	DNA/hAT-Charlie	519	-	166	121870021	15537
chr9	121854484	122054484	harbor2	chr9	121933558	121933948	DNA/hAT-Charlie	4607	-	195	121933753	79269
chr9	121854484	122054484	harbor2	chr9	121934268	121934950	DNA/hAT-Charlie	4607	-	341	121934609	80125
chr9	121854484	122054484	harbor2	chr9	121935257	121935453	DNA/hAT-Charlie	4607	-	98	121935355	80871
chr9	121854484	122054484	harbor2	chr9	121946682	121946865	DNA/hAT-Charlie	534	-	92	121946774	92290
chr9	86412780	86612780	harbor2	chr9	86483094	86483374	DNA/hAT-Charlie	654	-	140	86483234	70454
chr9	109742329	109942329	harbor2	chr9	109752313	109752441	DNA/hAT-Charlie	609	-	64	109752377	10048
chr9	109742329	109942329	harbor2	chr9	109765688	109765837	DNA/hAT-Charlie	654	-	74	109765762	23433
chr9	109742329	109942329	harbor2	chr9	109787529	109787842	DNA/hAT-Charlie	528	-	156	109787685	45356
chr9	109742329	109942329	harbor2	chr9	109788419	109788602	DNA/hAT-Charlie	968	-	92	109788511	46182
chr9	109742329	109942329	harbor2	chr9	109791706	109791904	DNA/hAT-Charlie	604	-	99	109791805	49476
chr9	109742329	109942329	harbor2	chr9	109795052	109795269	DNA/hAT-Charlie	1008	-	108	109795160	52831
chr9	109742329	109942329	harbor2	chr9	109796100	109796284	DNA/hAT-Charlie	653	-	92	109796192	53863
chr9	109742329	109942329	harbor2	chr9	109796331	109796523	DNA/hAT-Charlie	998	-	96	109796427	54098
chr9	109742329	109942329	harbor2	chr9	109796901	109796988	DNA/hAT-Charlie	998	-	44	109796945	54616
chr9	109742329	109942329	harbor2	chr9	109800503	109800680	DNA/hAT-Charlie	474	-	88	109800591	58262
chr9	109742329	109942329	harbor2	chr9	109833644	109833833	DNA/hAT-Charlie	486	-	94	109833738	91409
chr9	101131497	101331497	harbor2	chr9	101144709	101144786	DNA/hAT-Charlie	419	-	38	101144747	13250
chr9	101131497	101331497	harbor2	chr9	101151661	101151845	DNA/hAT-Charlie	455	-	92	101151753	20256
chr9	101131497	101331497	harbor2	chr9	101216693	101216893	DNA/hAT-Charlie	884	-	100	101216793	85296
chr9	101131497	101331497	harbor2	chr9	101217558	101217722	DNA/hAT-Charlie	895	-	82	101217640	86143
chr9	101131497	101331497	harbor2	chr9	101220042	101220235	DNA/hAT-Charlie	1013	-	96	101220138	88641
chr9	115084853	115284853	harbor2	chr9	115096299	115096472	DNA/hAT-Charlie	764	-	86	115096385	11532
chr9	115084853	115284853	harbor2	chr9	115107185	115107362	DNA/hAT-Charlie	926	-	88	115107273	22420
chr9	115084853	115284853	harbor2	chr9	115112346	115112490	DNA/hAT-Charlie	451	-	72	115112418	27565
chr9	115084853	115284853	harbor2	chr9	115139744	115140701	DNA/hAT-Charlie	3031	-	478	115140222	55369
chr9	115084853	115284853	harbor2	chr9	115140700	115140954	DNA/hAT-Charlie	714	-	127	115140827	55974
chr9	115084853	115284853	harbor2	chr9	115165154	115165392	DNA/hAT-Charlie	504	-	119	115165273	80420
chr9	126275475	126475475	harbor2	chr9	126341614	126341850	DNA/hAT-Charlie	1028	-	118	126341732	66257
chr9	126275475	126475475	harbor2	chr9	126360300	126360486	DNA/hAT-Charlie	596	-	93	126360393	84918
chr9	79981518	80181518	harbor2	chr9	80070567	80070739	DNA/hAT-Charlie	555	-	86	80070653	89135
chr9	79981518	80181518	harbor2	chr9	80078546	80078738	DNA/hAT-Charlie	678	-	96	80078642	97124
chr9	120489848	120689848	harbor2	chr9	120532062	120532301	DNA/hAT-Charlie	576	-	120	120532182	42334
chr9	120489848	120689848	harbor2	chr9	120540382	120540608	DNA/hAT-Charlie	636	-	113	120540495	50647
chr9	120489848	120689848	harbor2	chr9	120568760	120568949	DNA/hAT-Charlie	963	-	94	120568854	79006
chr9	120489848	120689848	harbor2	chr9	120576022	120576116	DNA/hAT-Charlie	400	-	47	120576069	86221
chr9	120489848	120689848	harbor2	chr9	120588882	120589064	DNA/hAT-Charlie	553	-	91	120588973	99125
chr9	71124876	71324876	harbor2	chr9	71168850	71169302	DNA/hAT-Charlie	453	-	226	71169076	44200
chr9	71124876	71324876	harbor2	chr9	71193884	71194227	DNA/hAT-Charlie	570	-	172	71194056	69180
chr9	71124876	71324876	harbor2	chr9	71213061	71213389	DNA/hAT-Charlie	1499	-	164	71213225	88349
chr9	77807952	78007952	harbor2	chr9	77807815	77808005	DNA/hAT-Charlie	940	-	95	77807910	42
chr9	77807952	78007952	harbor2	chr9	77829834	77829950	DNA/hAT-Charlie	562	-	58	77829892	21940
chr9	77807952	78007952	harbor2	chr9	77830253	77830285	DNA/hAT-Charlie	562	-	16	77830269	22317
chr9	77807952	78007952	harbor2	chr9	77860475	77860690	DNA/hAT-Charlie	1268	-	108	77860583	52631
chr9	84999112	85199112	harbor2	chr9	85083226	85083417	DNA/hAT-Charlie	906	-	96	85083322	84210
chr9	84999112	85199112	harbor2	chr9	85087964	85088185	DNA/hAT-Charlie	522	-	110	85088074	88962
chr9	127315677	127515677	harbor2	chr9	127320852	127321025	DNA/hAT-Charlie	580	-	86	127320938	5261
chr9	127315677	127515677	harbor2	chr9	127341269	127341504	DNA/hAT-Charlie	659	-	118	127341387	25710
chr9	127315677	127515677	harbor2	chr9	127345735	127345896	DNA/hAT-Charlie	700	-	80	127345815	30138
chr9	127315677	127515677	harbor2	chr9	127345905	127346055	DNA/hAT-Charlie	708	-	75	127345980	30303
chr9	127315677	127515677	harbor2	chr9	127346422	127346565	DNA/hAT-Charlie	441	-	72	127346494	30817
chr9	127315677	127515677	harbor2	chr9	127358702	127358869	DNA/hAT-Charlie	630	-	84	127358786	43109
chr9	137195461	137395461	harbor2	chr9	137202744	137202785	DNA/hAT-Charlie	525	-	20	137202764	7303
chr9	137195461	137395461	harbor2	chr9	137203087	137203108	DNA/hAT-Charlie	525	-	10	137203097	7636
chr9	137195461	137395461	harbor2	chr9	137203300	137203344	DNA/hAT-Charlie	525	-	22	137203322	7861
chr9	137195461	137395461	harbor2	chr9	137203654	137203730	DNA/hAT-Charlie	525	-	38	137203692	8231
chr9	137195461	137395461	harbor2	chr9	137258772	137258921	DNA/hAT-Charlie	541	-	74	137258846	63385
chr9	137195461	137395461	harbor2	chr9	137259209	137259325	DNA/hAT-Charlie	541	-	58	137259267	63806
chr9	123174661	123374661	harbor2	chr9	123191463	123191784	DNA/hAT-Charlie	1617	-	160	123191623	16962
chr9	123174661	123374661	harbor2	chr9	123208475	123208626	DNA/hAT-Charlie	697	-	76	123208551	33890
chr9	138195282	138395282	harbor2	chr9	138238591	138238810	DNA/hAT-Charlie	863	-	110	138238701	43419
chr9	70361464	70561464	harbor2	chr9	70376681	70376910	DNA/hAT-Charlie	771	-	114	70376795	15331
chr9	70361464	70561464	harbor2	chr9	70410152	70410364	DNA/hAT-Charlie	1040	-	106	70410258	48794
chr9	70361464	70561464	harbor2	chr9	70426833	70426991	DNA/hAT-Charlie	924	-	79	70426912	65448
chr9	70361464	70561464	harbor2	chr9	70441404	70441720	DNA/hAT-Charlie	465	-	158	70441562	80098
chr9	106990723	107190723	harbor2	chr9	107034165	107034348	DNA/hAT-Charlie	922	-	92	107034257	43534
chr9	106990723	107190723	harbor2	chr9	107042617	107042906	DNA/hAT-Charlie	2008	-	144	107042761	52038
chr9	106990723	107190723	harbor2	chr9	107050767	107050933	DNA/hAT-Charlie	973	-	83	107050850	60127
chr9	106990723	107190723	harbor2	chr9	107051072	107051179	DNA/hAT-Charlie	475	-	54	107051126	60403
chr9	106990723	107190723	harbor2	chr9	107051193	107051424	DNA/hAT-Charlie	936	-	116	107051309	60586
chr9	117466202	117666202	harbor2	chr9	117476337	117476471	DNA/hAT-Charlie	407	-	67	117476404	10202
chr9	117466202	117666202	harbor2	chr9	117480365	117480514	DNA/hAT-Charlie	717	-	74	117480439	14237
chr9	117466202	117666202	harbor2	chr9	117501003	117501038	DNA/hAT-Charlie	437	-	18	117501021	34819
chr9	117466202	117666202	harbor2	chr9	117501410	117501507	DNA/hAT-Charlie	437	-	48	117501458	35256
chr9	117466202	117666202	harbor2	chr9	117509177	117509336	DNA/hAT-Charlie	699	-	80	117509257	43055
chr9	117466202	117666202	harbor2	chr9	117523150	117523335	DNA/hAT-Charlie	974	-	92	117523242	57040
chr9	117466202	117666202	harbor2	chr9	117532112	117532288	DNA/hAT-Charlie	434	-	88	117532200	65998
chr9	117466202	117666202	harbor2	chr9	117559596	117559779	DNA/hAT-Charlie	1014	-	92	117559688	93486
chr9	136238156	136438156	harbor2	chr9	136278751	136278948	DNA/hAT-Charlie	904	-	98	136278849	40693
chr9	120524058	120724058	harbor2	chr9	120532062	120532301	DNA/hAT-Charlie	576	-	120	120532182	8124
chr9	120524058	120724058	harbor2	chr9	120540382	120540608	DNA/hAT-Charlie	636	-	113	120540495	16437
chr9	120524058	120724058	harbor2	chr9	120568760	120568949	DNA/hAT-Charlie	963	-	94	120568854	44796
chr9	120524058	120724058	harbor2	chr9	120576022	120576116	DNA/hAT-Charlie	400	-	47	120576069	52011
chr9	120524058	120724058	harbor2	chr9	120588882	120589064	DNA/hAT-Charlie	553	-	91	120588973	64915
chr9	76395034	76595034	harbor2	chr9	76438702	76438913	DNA/hAT-Charlie	1519	-	106	76438808	43774
chr9	76395034	76595034	harbor2	chr9	76462406	76462610	DNA/hAT-Charlie	1087	-	102	76462508	67474
chr9	76395034	76595034	harbor2	chr9	76482269	76482338	DNA/hAT-Charlie	444	-	34	76482303	87269
chr9	76395034	76595034	harbor2	chr9	76482637	76482647	DNA/hAT-Charlie	444	-	5	76482642	87608
chr9	76395034	76595034	harbor2	chr9	76482952	76483034	DNA/hAT-Charlie	444	-	41	76482993	87959
chr9	76395034	76595034	harbor2	chr9	76483025	76483257	DNA/hAT-Charlie	974	-	116	76483141	88107
chr9	76395034	76595034	harbor2	chr9	76483983	76484098	DNA/hAT-Charlie	1425	-	58	76484041	89007
chr9	76395034	76595034	harbor2	chr9	76484402	76484699	DNA/hAT-Charlie	1425	-	148	76484550	89516
chr9	138223654	138423654	harbor2	chr9	138238591	138238810	DNA/hAT-Charlie	863	-	110	138238701	15047
chr9	128762246	128962246	harbor2	chr9	128819553	128820048	DNA/hAT-Charlie	3192	-	248	128819801	57555
chr9	134964344	135164344	harbor2	chr9	134979840	134980319	DNA/hAT-Charlie	508	-	240	134980080	15736
chr9	109663871	109863871	harbor2	chr9	109680486	109680955	DNA/hAT-Charlie	1542	-	234	109680720	16849
chr9	109663871	109863871	harbor2	chr9	109726766	109726959	DNA/hAT-Charlie	1007	-	96	109726862	62991
chr9	109663871	109863871	harbor2	chr9	109734376	109734569	DNA/hAT-Charlie	748	-	96	109734472	70601
chr9	109663871	109863871	harbor2	chr9	109752313	109752441	DNA/hAT-Charlie	609	-	64	109752377	88506
chr9	116776244	116976244	harbor2	chr9	116777505	116777719	DNA/hAT-Charlie	768	-	107	116777612	1368
chr9	116776244	116976244	harbor2	chr9	116793961	116794062	DNA/hAT-Charlie	1273	-	50	116794011	17767
chr9	116776244	116976244	harbor2	chr9	116794398	116794502	DNA/hAT-Charlie	1273	-	52	116794450	18206
chr9	116776244	116976244	harbor2	chr9	116869654	116869819	DNA/hAT-Charlie	977	-	82	116869736	93492
chr10	82387658	82587658	harbor2	chr10	82400368	82400515	DNA/hAT-Charlie	715	-	74	82400442	12784
chr10	82387658	82587658	harbor2	chr10	82457203	82457553	DNA/hAT-Charlie	2333	-	175	82457378	69720
chr10	120263406	120463406	harbor2	chr10	120287479	120287633	DNA/hAT-Charlie	711	-	77	120287556	24150
chr10	120263406	120463406	harbor2	chr10	120298826	120299045	DNA/hAT-Charlie	1202	-	110	120298936	35530
chr10	120263406	120463406	harbor2	chr10	120309639	120309858	DNA/hAT-Charlie	1073	-	110	120309749	46343
chr10	120263406	120463406	harbor2	chr10	120341797	120341871	DNA/hAT-Charlie	498	-	37	120341834	78428
chr10	127080771	127280771	harbor2	chr10	127092023	127092171	DNA/hAT-Charlie	566	-	74	127092097	11326
chr10	127080771	127280771	harbor2	chr10	127120346	127120707	DNA/hAT-Charlie	1271	-	180	127120526	39755
chr10	127080771	127280771	harbor2	chr10	127152558	127152740	DNA/hAT-Charlie	796	-	91	127152649	71878
chr10	127080771	127280771	harbor2	chr10	127178333	127178543	DNA/hAT-Charlie	811	-	105	127178438	97667
chr10	123683661	123883661	harbor2	chr10	123701649	123702031	DNA/hAT-Charlie	1610	-	191	123701840	18179
chr10	123683661	123883661	harbor2	chr10	123702341	123702441	DNA/hAT-Charlie	1610	-	50	123702391	18730
chr10	123683661	123883661	harbor2	chr10	123742088	123742275	DNA/hAT-Charlie	500	-	94	123742182	58521
chr10	123683661	123883661	harbor2	chr10	123744647	123744854	DNA/hAT-Charlie	778	-	104	123744751	61090
chr10	123683661	123883661	harbor2	chr10	123779479	123779652	DNA/hAT-Charlie	529	-	86	123779565	95904
chr10	107628214	107828214	harbor2	chr10	107638101	107638269	DNA/hAT-Charlie	542	-	84	107638185	9971
chr10	131212061	131412061	harbor2	chr10	131257604	131257812	DNA/hAT-Charlie	728	-	104	131257708	45647
chr10	128805473	129005473	harbor2	chr10	128831416	128831633	DNA/hAT-Charlie	1517	-	108	128831524	26051
chr10	128805473	129005473	harbor2	chr10	128858624	128858924	DNA/hAT-Charlie	421	-	150	128858774	53301
chr10	128805473	129005473	harbor2	chr10	128894532	128894664	DNA/hAT-Charlie	569	-	66	128894598	89125
chr10	123323055	123523055	harbor2	chr10	123346602	123346927	DNA/hAT-Charlie	1111	-	162	123346764	23709
chr10	123323055	123523055	harbor2	chr10	123355398	123355620	DNA/hAT-Charlie	980	-	111	123355509	32454
chr10	123323055	123523055	harbor2	chr10	123398754	123398965	DNA/hAT-Charlie	743	-	106	123398860	75805
chr10	123323055	123523055	harbor2	chr10	123408842	123409005	DNA/hAT-Charlie	414	-	82	123408924	85869
chr10	80510470	80710470	harbor2	chr10	80575334	80575478	DNA/hAT-Charlie	838	-	72	80575406	64936
chr10	80510470	80710470	harbor2	chr10	80604006	80604116	DNA/hAT-Charlie	450	-	55	80604061	93591
chr10	72833819	73033819	harbor2	chr10	72862389	72862728	DNA/hAT-Charlie	2025	-	170	72862559	28740
chr10	72833819	73033819	harbor2	chr10	72888910	72889106	DNA/hAT-Charlie	1293	-	98	72889008	55189
chr10	72833819	73033819	harbor2	chr10	72899653	72899691	DNA/hAT-Charlie	408	-	19	72899672	65853
chr10	72833819	73033819	harbor2	chr10	72899771	72900037	DNA/hAT-Charlie	408	-	133	72899904	66085
chr10	72833819	73033819	harbor2	chr10	72907297	72907458	DNA/hAT-Charlie	821	-	80	72907377	73558
chr10	72833819	73033819	harbor2	chr10	72910752	72910919	DNA/hAT-Charlie	924	-	84	72910836	77017
chr10	106547378	106747378	harbor2	chr10	106574515	106574732	DNA/hAT-Charlie	943	-	108	106574623	27245
chr10	106547378	106747378	harbor2	chr10	106583214	106583427	DNA/hAT-Charlie	661	-	106	106583320	35942
chr10	73977799	74177799	harbor2	chr10	74030099	74030393	DNA/hAT-Charlie	901	-	147	74030246	52447
chr10	73977799	74177799	harbor2	chr10	74037881	74037985	DNA/hAT-Charlie	805	-	52	74037933	60134
chr10	73977799	74177799	harbor2	chr10	74038297	74038413	DNA/hAT-Charlie	805	-	58	74038355	60556
chr10	132868375	133068375	harbor2	chr10	132915055	132915187	DNA/hAT-Charlie	467	-	66	132915121	46746
chr10	103635085	103835085	harbor2	chr10	103642159	103642523	DNA/hAT-Charlie	683	-	182	103642341	7256
chr10	103635085	103835085	harbor2	chr10	103643345	103643745	DNA/hAT-Charlie	840	-	200	103643545	8460
chr10	103635085	103835085	harbor2	chr10	103671194	103671375	DNA/hAT-Charlie	894	-	90	103671284	36199
chr10	103635085	103835085	harbor2	chr10	103728625	103728718	DNA/hAT-Charlie	398	-	46	103728671	93586
chr10	102366329	102566329	harbor2	chr10	102377849	102377937	DNA/hAT-Charlie	432	-	44	102377893	11564
chr10	102366329	102566329	harbor2	chr10	102378247	102378341	DNA/hAT-Charlie	432	-	47	102378294	11965
chr10	102366329	102566329	harbor2	chr10	102461805	102461928	DNA/hAT-Charlie	643	-	62	102461867	95538
chr10	97943130	98143130	harbor2	chr10	97986431	97986759	DNA/hAT-Charlie	706	-	164	97986595	43465
chr10	97943130	98143130	harbor2	chr10	98009182	98009364	DNA/hAT-Charlie	845	-	91	98009273	66143
chr10	97943130	98143130	harbor2	chr10	98015707	98015871	DNA/hAT-Charlie	968	-	82	98015789	72659
chr10	97943130	98143130	harbor2	chr10	98016425	98016548	DNA/hAT-Charlie	553	-	62	98016487	73357
chr10	97943130	98143130	harbor2	chr10	98016565	98016746	DNA/hAT-Charlie	491	-	90	98016655	73525
chr10	97943130	98143130	harbor2	chr10	98025216	98025416	DNA/hAT-Charlie	1085	-	100	98025316	82186
chr10	51876603	52076603	harbor2	chr10	51891643	51891847	DNA/hAT-Charlie	848	-	102	51891745	15142
chr10	51876603	52076603	harbor2	chr10	51899205	51899409	DNA/hAT-Charlie	9386	-	102	51899307	22704
chr10	51876603	52076603	harbor2	chr10	51899670	51899748	DNA/hAT-Charlie	9386	-	39	51899709	23106
chr10	51876603	52076603	harbor2	chr10	51900161	51901924	DNA/hAT-Charlie	9386	-	882	51901043	24440
chr10	51876603	52076603	harbor2	chr10	51901980	51902101	DNA/hAT-Charlie	9386	-	60	51902040	25437
chr10	51876603	52076603	harbor2	chr10	51902416	51902961	DNA/hAT-Charlie	9386	-	272	51902688	26085
chr10	127336351	127536351	harbor2	chr10	127365954	127366298	DNA/hAT-Charlie	557	-	172	127366126	29775
chr10	127336351	127536351	harbor2	chr10	127392179	127392327	DNA/hAT-Charlie	616	-	74	127392253	55902
chr10	127336351	127536351	harbor2	chr10	127411400	127411558	DNA/hAT-Charlie	644	-	79	127411479	75128
chr10	127336351	127536351	harbor2	chr10	127411850	127411897	DNA/hAT-Charlie	644	-	24	127411874	75523
chr10	116926452	117126452	harbor2	chr10	116950842	116950938	DNA/hAT-Charlie	467	-	48	116950890	24438
chr10	116926452	117126452	harbor2	chr10	116953504	116953578	DNA/hAT-Charlie	418	-	37	116953541	27089
chr10	116926452	117126452	harbor2	chr10	116983513	116983632	DNA/hAT-Charlie	462	-	60	116983573	57121
chr10	116926452	117126452	harbor2	chr10	116984216	116984421	DNA/hAT-Charlie	997	-	102	116984318	57866
chr10	48972285	49172285	harbor2	chr10	48974011	48974184	DNA/hAT-Charlie	768	-	86	48974097	1812
chr10	48972285	49172285	harbor2	chr10	48989067	48989258	DNA/hAT-Charlie	514	-	96	48989163	16878
chr10	48972285	49172285	harbor2	chr10	48998168	48998383	DNA/hAT-Charlie	781	-	108	48998276	25991
chr10	48972285	49172285	harbor2	chr10	49037300	49037451	DNA/hAT-Charlie	571	-	76	49037376	65091
chr10	54670085	54870085	harbor2	chr10	54746098	54746302	DNA/hAT-Charlie	960	-	102	54746200	76115
chr10	54670085	54870085	harbor2	chr10	54769940	54770143	DNA/hAT-Charlie	685	-	102	54770042	99957
chr10	127076241	127276241	harbor2	chr10	127092023	127092171	DNA/hAT-Charlie	566	-	74	127092097	15856
chr10	127076241	127276241	harbor2	chr10	127120346	127120707	DNA/hAT-Charlie	1271	-	180	127120526	44285
chr10	127076241	127276241	harbor2	chr10	127152558	127152740	DNA/hAT-Charlie	796	-	91	127152649	76408
chr10	132846357	133046357	harbor2	chr10	132915055	132915187	DNA/hAT-Charlie	467	-	66	132915121	68764
chr10	73356590	73556590	harbor2	chr10	73407377	73407521	DNA/hAT-Charlie	850	-	72	73407449	50859
chr10	114340499	114540499	harbor2	chr10	114348704	114348870	DNA/hAT-Charlie	772	-	83	114348787	8288
chr10	114340499	114540499	harbor2	chr10	114365379	114365484	DNA/hAT-Charlie	432	-	52	114365431	24932
chr10	114340499	114540499	harbor2	chr10	114375370	114375640	DNA/hAT-Charlie	1298	-	135	114375505	35006
chr10	114340499	114540499	harbor2	chr10	114417400	114417561	DNA/hAT-Charlie	684	-	80	114417480	76981
chr10	129017222	129217222	harbor2	chr10	129082290	129083060	DNA/hAT-Charlie	3458	-	385	129082675	65453
chr10	129017222	129217222	harbor2	chr10	129083174	129083815	DNA/hAT-Charlie	2054	-	320	129083494	66272
chr10	129017222	129217222	harbor2	chr10	129099461	129099675	DNA/hAT-Charlie	1149	-	107	129099568	82346
chr10	95842479	96042479	harbor2	chr10	95864195	95864340	DNA/hAT-Charlie	724	-	72	95864267	21788
chr10	95842479	96042479	harbor2	chr10	95869788	95869952	DNA/hAT-Charlie	670	-	82	95869870	27391
chr10	95842479	96042479	harbor2	chr10	95872997	95873179	DNA/hAT-Charlie	791	-	91	95873088	30609
chr10	95842479	96042479	harbor2	chr10	95900273	95900471	DNA/hAT-Charlie	939	-	99	95900372	57893
chr10	94359759	94559759	harbor2	chr10	94369184	94369522	DNA/hAT-Charlie	2234	-	169	94369353	9594
chr10	93703293	93903293	harbor2	chr10	93765308	93765519	DNA/hAT-Charlie	514	-	106	93765414	62121
chr10	93703293	93903293	harbor2	chr10	93795586	93795781	DNA/hAT-Charlie	622	-	98	93795684	92391
chr10	46675917	46875917	harbor2	chr10	46693753	46694062	DNA/hAT-Charlie	701	-	154	46693907	17990
chr10	46675917	46875917	harbor2	chr10	46708766	46708932	DNA/hAT-Charlie	555	-	83	46708849	32932
chr10	94941807	95141807	harbor2	chr10	94983950	94984249	DNA/hAT-Charlie	1006	-	150	94984100	42293
chr10	110135988	110335988	harbor2	chr10	110196576	110196693	DNA/hAT-Charlie	459	-	58	110196634	60646
chr10	110135988	110335988	harbor2	chr10	110196884	110196923	DNA/hAT-Charlie	459	-	20	110196904	60916
chr10	110135988	110335988	harbor2	chr10	110219895	110220068	DNA/hAT-Charlie	467	-	86	110219981	83993
chr10	74338582	74538582	harbor2	chr10	74374320	74374537	DNA/hAT-Charlie	606	-	108	74374428	35846
chr10	74338582	74538582	harbor2	chr10	74400170	74400410	DNA/hAT-Charlie	487	-	120	74400290	61708
chr10	74338582	74538582	harbor2	chr10	74400435	74401211	DNA/hAT-Charlie	1517	-	388	74400823	62241
chr10	117107575	117307575	harbor2	chr10	117109105	117109278	DNA/hAT-Charlie	525	-	86	117109191	1616
chr10	117107575	117307575	harbor2	chr10	117110851	117110914	DNA/hAT-Charlie	947	-	32	117110883	3308
chr10	117107575	117307575	harbor2	chr10	117111217	117111288	DNA/hAT-Charlie	947	-	36	117111253	3678
chr10	117107575	117307575	harbor2	chr10	117111592	117111663	DNA/hAT-Charlie	947	-	36	117111628	4053
chr10	117107575	117307575	harbor2	chr10	117125113	117125252	DNA/hAT-Charlie	421	-	70	117125183	17608
chr10	117107575	117307575	harbor2	chr10	117204320	117204536	DNA/hAT-Charlie	997	-	108	117204428	96853
chr10	117107575	117307575	harbor2	chr10	117129197	117129357	DNA/hAT-Charlie	472	-	80	117129277	21702
chr10	36389931	36589931	harbor2	chr10	36453619	36453749	DNA/hAT-Charlie	487	-	65	36453684	63753
chr10	93744844	93944844	harbor2	chr10	93765308	93765519	DNA/hAT-Charlie	514	-	106	93765414	20570
chr10	93744844	93944844	harbor2	chr10	93795586	93795781	DNA/hAT-Charlie	622	-	98	93795684	50840
chr10	71086628	71286628	harbor2	chr10	71094474	71094583	DNA/hAT-Charlie	616	-	54	71094528	7900
chr10	71086628	71286628	harbor2	chr10	71180736	71180917	DNA/hAT-Charlie	923	-	90	71180826	94198
chr10	112408909	112608909	harbor2	chr10	112428462	112428513	DNA/hAT-Charlie	606	-	26	112428488	19579
chr10	112408909	112608909	harbor2	chr10	112428801	112428903	DNA/hAT-Charlie	606	-	51	112428852	19943
chr10	112408909	112608909	harbor2	chr10	112444522	112444643	DNA/hAT-Charlie	674	-	60	112444582	35673
chr10	112408909	112608909	harbor2	chr10	112467366	112467584	DNA/hAT-Charlie	1402	-	109	112467475	58566
chr10	112408909	112608909	harbor2	chr10	112469245	112469485	DNA/hAT-Charlie	1096	-	120	112469365	60456
chr10	112408909	112608909	harbor2	chr10	112483532	112483748	DNA/hAT-Charlie	1115	-	108	112483640	74731
chr10	112408909	112608909	harbor2	chr10	112489020	112489213	DNA/hAT-Charlie	657	-	96	112489116	80207
chr10	112408909	112608909	harbor2	chr10	112491484	112491791	DNA/hAT-Charlie	1494	-	154	112491638	82729
chr10	112408909	112608909	harbor2	chr10	112491906	112492081	DNA/hAT-Charlie	902	-	88	112491994	83085
chr10	107029040	107229040	harbor2	chr10	107053933	107054109	DNA/hAT-Charlie	530	-	88	107054021	24981
chr10	107029040	107229040	harbor2	chr10	107076248	107076425	DNA/hAT-Charlie	548	-	88	107076336	47296
chr10	107029040	107229040	harbor2	chr10	107099461	107099651	DNA/hAT-Charlie	755	-	95	107099556	70516
chr10	90550312	90750312	harbor2	chr10	90589941	90590120	DNA/hAT-Charlie	430	-	90	90590031	39719
chr10	90550312	90750312	harbor2	chr10	90614873	90615039	DNA/hAT-Charlie	636	-	83	90614956	64644
chr10	90550312	90750312	harbor2	chr10	90636373	90636570	DNA/hAT-Charlie	725	-	98	90636471	86159
chr10	85316891	85516891	harbor2	chr10	85341271	85341428	DNA/hAT-Charlie	466	-	78	85341349	24458
chr10	85316891	85516891	harbor2	chr10	85381176	85381733	DNA/hAT-Charlie	1268	-	278	85381454	64563
chr10	129250848	129450848	harbor2	chr10	129285259	129285783	DNA/hAT-Charlie	3459	-	262	129285521	34673
chr10	113747177	113947177	harbor2	chr10	113786542	113786748	DNA/hAT-Charlie	997	-	103	113786645	39468
chr10	113747177	113947177	harbor2	chr10	113799519	113799693	DNA/hAT-Charlie	433	-	87	113799606	52429
chr10	92875019	93075019	harbor2	chr10	92927472	92927670	DNA/hAT-Charlie	828	-	99	92927571	52552
chr10	92875019	93075019	harbor2	chr10	92937850	92938104	DNA/hAT-Charlie	899	-	127	92937977	62958
chr10	70548916	70748916	harbor2	chr10	70550159	70550298	DNA/hAT-Charlie	538	-	70	70550229	1313
chr10	70548916	70748916	harbor2	chr10	70550309	70550457	DNA/hAT-Charlie	603	-	74	70550383	1467
chr10	70548916	70748916	harbor2	chr10	70597749	70597964	DNA/hAT-Charlie	1512	-	108	70597857	48941
chr10	113662521	113862521	harbor2	chr10	113665036	113665314	DNA/hAT-Charlie	505	-	139	113665175	2654
chr10	113662521	113862521	harbor2	chr10	113668943	113669138	DNA/hAT-Charlie	953	-	98	113669041	6520
chr10	113662521	113862521	harbor2	chr10	113696779	113696925	DNA/hAT-Charlie	734	-	73	113696852	34331
chr10	113662521	113862521	harbor2	chr10	113699437	113700611	DNA/hAT-Charlie	1728	-	587	113700024	37503
chr10	113662521	113862521	harbor2	chr10	113704281	113704644	DNA/hAT-Charlie	960	-	182	113704463	41942
chr10	122234087	122434087	harbor2	chr10	122242452	122242570	DNA/hAT-Charlie	479	-	59	122242511	8424
chr10	88792895	88992895	harbor2	chr10	88794795	88794995	DNA/hAT-Charlie	1084	-	100	88794895	2000
chr10	88792895	88992895	harbor2	chr10	88807916	88808091	DNA/hAT-Charlie	821	-	88	88808004	15109
chr10	88792895	88992895	harbor2	chr10	88874088	88874588	DNA/hAT-Charlie	1464	-	250	88874338	81443
chr10	88792895	88992895	harbor2	chr10	88878905	88879197	DNA/hAT-Charlie	683	-	146	88879051	86156
chr10	88792895	88992895	harbor2	chr10	88884592	88884708	DNA/hAT-Charlie	443	-	58	88884650	91755
chr10	14097671	14297671	harbor2	chr10	14121036	14121085	DNA/hAT-Charlie	694	-	24	14121060	23389
chr10	14097671	14297671	harbor2	chr10	14121392	14121519	DNA/hAT-Charlie	694	-	64	14121456	23785
chr10	14097671	14297671	harbor2	chr10	14147340	14147819	DNA/hAT-Charlie	3114	-	240	14147580	49909
chr10	14097671	14297671	harbor2	chr10	14154423	14155010	DNA/hAT-Charlie	1414	-	294	14154717	57046
chr10	14097671	14297671	harbor2	chr10	14162031	14162246	DNA/hAT-Charlie	866	-	108	14162139	64468
chr10	71399093	71599093	harbor2	chr10	71401837	71402099	DNA/hAT-Charlie	661	-	131	71401968	2875
chr10	71399093	71599093	harbor2	chr10	71405930	71406018	DNA/hAT-Charlie	472	-	44	71405974	6881
chr10	71399093	71599093	harbor2	chr10	71406528	71406733	DNA/hAT-Charlie	457	-	102	71406630	7537
chr10	71399093	71599093	harbor2	chr10	71445480	71445562	DNA/hAT-Charlie	1043	-	41	71445521	46428
chr10	71399093	71599093	harbor2	chr10	71445870	71446101	DNA/hAT-Charlie	1043	-	116	71445986	46893
chr10	71399093	71599093	harbor2	chr10	71462947	71463238	DNA/hAT-Charlie	1214	-	146	71463093	64000
chr10	71399093	71599093	harbor2	chr10	71465061	71465257	DNA/hAT-Charlie	790	-	98	71465159	66066
chr10	71399093	71599093	harbor2	chr10	71467290	71467476	DNA/hAT-Charlie	1105	-	93	71467383	68290
chr10	71399093	71599093	harbor2	chr10	71477871	71478034	DNA/hAT-Charlie	516	-	82	71477953	78860
chr10	71399093	71599093	harbor2	chr10	71493526	71493827	DNA/hAT-Charlie	979	-	150	71493676	94583
chr10	71399093	71599093	harbor2	chr10	71496721	71496892	DNA/hAT-Charlie	484	-	86	71496807	97714
chr10	62683146	62883146	harbor2	chr10	62683731	62683955	DNA/hAT-Charlie	1207	-	112	62683843	697
chr10	62683146	62883146	harbor2	chr10	62695566	62695763	DNA/hAT-Charlie	794	-	98	62695664	12518
chr10	62683146	62883146	harbor2	chr10	62705462	62705561	DNA/hAT-Charlie	411	-	50	62705512	22366
chr10	62683146	62883146	harbor2	chr10	62720766	62720956	DNA/hAT-Charlie	667	-	95	62720861	37715
chr10	62683146	62883146	harbor2	chr10	62737459	62737548	DNA/hAT-Charlie	849	-	44	62737503	54357
chr10	62683146	62883146	harbor2	chr10	62737582	62737664	DNA/hAT-Charlie	849	-	41	62737623	54477
chr10	62683146	62883146	harbor2	chr10	62742029	62742408	DNA/hAT-Charlie	1520	-	190	62742219	59073
chr10	119935140	120135140	harbor2	chr10	119977937	119978083	DNA/hAT-Charlie	486	-	73	119978010	42870
chr10	119935140	120135140	harbor2	chr10	119978382	119978426	DNA/hAT-Charlie	486	-	22	119978404	43264
chr10	101368209	101568209	harbor2	chr10	101383271	101383373	DNA/hAT-Charlie	513	-	51	101383322	15113
chr10	101368209	101568209	harbor2	chr10	101385663	101385817	DNA/hAT-Charlie	623	-	77	101385740	17531
chr10	101368209	101568209	harbor2	chr10	101391681	101391954	DNA/hAT-Charlie	443	-	136	101391817	23608
chr10	101368209	101568209	harbor2	chr10	101406988	101407076	DNA/hAT-Charlie	1025	-	44	101407032	38823
chr10	101368209	101568209	harbor2	chr10	101407367	101407406	DNA/hAT-Charlie	1025	-	20	101407387	39178
chr10	101368209	101568209	harbor2	chr10	101407690	101407714	DNA/hAT-Charlie	1025	-	12	101407702	39493
chr10	101368209	101568209	harbor2	chr10	101408022	101408197	DNA/hAT-Charlie	1025	-	88	101408110	39901
chr10	101368209	101568209	harbor2	chr10	101433847	101434341	DNA/hAT-Charlie	2016	-	247	101434094	65885
chr10	101368209	101568209	harbor2	chr10	101453825	101454014	DNA/hAT-Charlie	957	-	94	101453919	85710
chr10	61703519	61903519	harbor2	chr10	61739056	61739251	DNA/hAT-Charlie	726	-	98	61739154	35635
chr10	132714509	132914509	harbor2	chr10	132770922	132771575	DNA/hAT-Charlie	942	-	326	132771248	56739
chr10	116487021	116687021	harbor2	chr10	116511453	116511677	DNA/hAT-Charlie	909	-	112	116511565	24544
chr10	116487021	116687021	harbor2	chr10	116513248	116513766	DNA/hAT-Charlie	3664	-	259	116513507	26486
chr10	116487021	116687021	harbor2	chr10	116523194	116523376	DNA/hAT-Charlie	540	-	91	116523285	36264
chr10	116487021	116687021	harbor2	chr10	116525585	116525745	DNA/hAT-Charlie	536	-	80	116525665	38644
chr10	116487021	116687021	harbor2	chr10	116554057	116554491	DNA/hAT-Charlie	613	-	217	116554274	67253
chr10	111929341	112129341	harbor2	chr10	111939458	111939680	DNA/hAT-Charlie	1187	-	111	111939569	10228
chr10	111929341	112129341	harbor2	chr10	111961408	111961627	DNA/hAT-Charlie	1058	-	110	111961518	32177
chr10	111929341	112129341	harbor2	chr10	111990355	111990543	DNA/hAT-Charlie	974	-	94	111990449	61108
chr10	111929341	112129341	harbor2	chr10	111998171	111998290	DNA/hAT-Charlie	450	-	60	111998231	68890
chr10	111929341	112129341	harbor2	chr10	112011876	112012079	DNA/hAT-Charlie	442	-	102	112011978	82637
chr10	111929341	112129341	harbor2	chr10	112017928	112018031	DNA/hAT-Charlie	1147	-	52	112017980	88639
chr10	111929341	112129341	harbor2	chr10	112028953	112029131	DNA/hAT-Charlie	777	-	89	112029042	99701
chr10	111929341	112129341	harbor2	chr10	112017282	112017546	DNA/hAT-Charlie	1147	-	132	112017414	88073
chr10	129782685	129982685	harbor2	chr10	129824589	129824966	DNA/hAT-Charlie	715	-	188	129824777	42092
chr10	51274934	51474934	harbor2	chr10	51321971	51322098	DNA/hAT-Charlie	494	-	64	51322035	47101
chr10	51274934	51474934	harbor2	chr10	51370606	51370866	DNA/hAT-Charlie	1054	-	130	51370736	95802
chr10	108044744	108244744	harbor2	chr10	108108104	108108364	DNA/hAT-Charlie	796	-	130	108108234	63490
chr10	108044744	108244744	harbor2	chr10	108131711	108131842	DNA/hAT-Charlie	554	-	66	108131777	87033
chr10	124058875	124258875	harbor2	chr10	124071524	124071813	DNA/hAT-Charlie	1341	-	144	124071668	12793
chr10	124058875	124258875	harbor2	chr10	124148033	124148223	DNA/hAT-Charlie	994	-	95	124148128	89253
chr10	93294618	93494618	harbor2	chr10	93307060	93307286	DNA/hAT-Charlie	1159	-	113	93307173	12555
chr10	93294618	93494618	harbor2	chr10	93343508	93343661	DNA/hAT-Charlie	404	-	76	93343584	48966
chr10	93294618	93494618	harbor2	chr10	93359538	93359709	DNA/hAT-Charlie	746	-	86	93359624	65006
chr10	93294618	93494618	harbor2	chr10	93361039	93361345	DNA/hAT-Charlie	1826	-	153	93361192	66574
chr10	102901169	103101169	harbor2	chr10	102975207	102975616	DNA/hAT-Charlie	702	-	204	102975411	74242
chr10	102901169	103101169	harbor2	chr10	102988512	102988635	DNA/hAT-Charlie	401	-	62	102988574	87405
chr10	106143184	106343184	harbor2	chr10	106147077	106147278	DNA/hAT-Charlie	917	-	100	106147177	3993
chr10	106143184	106343184	harbor2	chr10	106191068	106191144	DNA/hAT-Charlie	442	-	38	106191106	47922
chr10	106143184	106343184	harbor2	chr10	106193092	106193313	DNA/hAT-Charlie	1337	-	110	106193202	50018
chr10	80861833	81061833	harbor2	chr10	80923433	80923657	DNA/hAT-Charlie	1055	-	112	80923545	61712
chr10	88881543	89081543	harbor2	chr10	88884592	88884708	DNA/hAT-Charlie	443	-	58	88884650	3107
chr10	88881543	89081543	harbor2	chr10	88898102	88898232	DNA/hAT-Charlie	647	-	65	88898167	16624
chr10	88881543	89081543	harbor2	chr10	88898260	88898413	DNA/hAT-Charlie	697	-	76	88898336	16793
chr10	88881543	89081543	harbor2	chr10	88904245	88904422	DNA/hAT-Charlie	559	-	88	88904333	22790
chr10	88881543	89081543	harbor2	chr10	88962054	88962313	DNA/hAT-Charlie	450	-	130	88962184	80641
chr10	88881543	89081543	harbor2	chr10	88976102	88976324	DNA/hAT-Charlie	1744	-	111	88976213	94670
chr10	121155520	121355520	harbor2	chr10	121234118	121234448	DNA/hAT-Charlie	1941	-	165	121234283	78763
chr10	121155520	121355520	harbor2	chr10	121234452	121234984	DNA/hAT-Charlie	1291	-	266	121234718	79198
chr10	121155520	121355520	harbor2	chr10	121235458	121235634	DNA/hAT-Charlie	1291	-	88	121235546	80026
chr10	121155520	121355520	harbor2	chr10	121243883	121244101	DNA/hAT-Charlie	1241	-	109	121243992	88472
chr10	87278880	87478880	harbor2	chr10	87311133	87311155	DNA/hAT-Charlie	922	-	11	87311144	32264
chr10	87278880	87478880	harbor2	chr10	87311182	87311376	DNA/hAT-Charlie	922	-	97	87311279	32399
chr10	87278880	87478880	harbor2	chr10	87311372	87311431	DNA/hAT-Charlie	864	-	30	87311402	32522
chr10	87278880	87478880	harbor2	chr10	87311814	87311978	DNA/hAT-Charlie	864	-	82	87311896	33016
chr10	73935508	74135508	harbor2	chr10	74030099	74030393	DNA/hAT-Charlie	901	-	147	74030246	94738
chr10	105268978	105468978	harbor2	chr10	105271428	105271810	DNA/hAT-Charlie	1630	-	191	105271619	2641
chr10	105268978	105468978	harbor2	chr10	105305510	105305734	DNA/hAT-Charlie	471	-	112	105305622	36644
chr10	105268978	105468978	harbor2	chr10	105328465	105328918	DNA/hAT-Charlie	681	-	226	105328691	59713
chr10	109564190	109764190	harbor2	chr10	109639753	109639945	DNA/hAT-Charlie	807	-	96	109639849	75659
chr10	97498082	97698082	harbor2	chr10	97583287	97583479	DNA/hAT-Charlie	998	-	96	97583383	85301
chr10	80830817	81030817	harbor2	chr10	80923433	80923657	DNA/hAT-Charlie	1055	-	112	80923545	92728
chr10	131914451	132114451	harbor2	chr10	131938907	131939090	DNA/hAT-Charlie	573	-	92	131938999	24548
chr10	94435153	94635153	harbor2	chr10	94462263	94462511	DNA/hAT-Charlie	769	-	124	94462387	27234
chr10	94435153	94635153	harbor2	chr10	94464656	94465361	DNA/hAT-Charlie	2905	-	352	94465008	29855
chr10	94435153	94635153	harbor2	chr10	94466459	94466575	DNA/hAT-Charlie	401	-	58	94466517	31364
chr10	94435153	94635153	harbor2	chr10	94467065	94467221	DNA/hAT-Charlie	1009	-	78	94467143	31990
chr10	94435153	94635153	harbor2	chr10	94467532	94467742	DNA/hAT-Charlie	1009	-	105	94467637	32484
chr10	94435153	94635153	harbor2	chr10	94467879	94468035	DNA/hAT-Charlie	469	-	78	94467957	32804
chr10	94435153	94635153	harbor2	chr10	94512787	94512967	DNA/hAT-Charlie	501	-	90	94512877	77724
chr10	94435153	94635153	harbor2	chr10	94513429	94513548	DNA/hAT-Charlie	501	-	60	94513489	78336
chr10	94435153	94635153	harbor2	chr10	94516129	94516332	DNA/hAT-Charlie	490	-	102	94516231	81078
chr10	94435153	94635153	harbor2	chr10	94516725	94516883	DNA/hAT-Charlie	562	-	79	94516804	81651
chr10	94435153	94635153	harbor2	chr10	94517399	94517698	DNA/hAT-Charlie	600	-	150	94517549	82396
chr10	94435153	94635153	harbor2	chr10	94517668	94517868	DNA/hAT-Charlie	554	-	100	94517768	82615
chr10	96788065	96988065	harbor2	chr10	96797647	96797823	DNA/hAT-Charlie	649	-	88	96797735	9670
chr10	96788065	96988065	harbor2	chr10	96880878	96881023	DNA/hAT-Charlie	622	-	72	96880950	92885
chr10	96788065	96988065	harbor2	chr10	96882023	96882412	DNA/hAT-Charlie	1365	-	194	96882217	94152
chr10	96788065	96988065	harbor2	chr10	96884548	96884726	DNA/hAT-Charlie	790	-	89	96884637	96572
chr10	105917178	106117178	harbor2	chr10	105978888	105979025	DNA/hAT-Charlie	605	-	68	105978956	61778
chr10	105917178	106117178	harbor2	chr10	105986539	105986755	DNA/hAT-Charlie	1221	-	108	105986647	69469
chr10	127281110	127481110	harbor2	chr10	127281930	127282136	DNA/hAT-Charlie	1116	-	103	127282033	923
chr10	127281110	127481110	harbor2	chr10	127311074	127311237	DNA/hAT-Charlie	678	-	82	127311156	30046
chr10	127281110	127481110	harbor2	chr10	127365954	127366298	DNA/hAT-Charlie	557	-	172	127366126	85016
chr10	78359505	78559505	harbor2	chr10	78361254	78361436	DNA/hAT-Charlie	772	-	91	78361345	1840
chr10	78359505	78559505	harbor2	chr10	78377846	78378107	DNA/hAT-Charlie	671	-	130	78377976	18471
chr10	78359505	78559505	harbor2	chr10	78380035	78380110	DNA/hAT-Charlie	413	-	38	78380073	20568
chr10	78359505	78559505	harbor2	chr10	78383444	78383638	DNA/hAT-Charlie	1003	-	97	78383541	24036
chr10	78359505	78559505	harbor2	chr10	78430387	78430754	DNA/hAT-Charlie	1150	-	184	78430571	71066
chr10	78359505	78559505	harbor2	chr10	78440701	78440897	DNA/hAT-Charlie	764	-	98	78440799	81294
chr10	78359505	78559505	harbor2	chr10	78441183	78441431	DNA/hAT-Charlie	1377	-	124	78441307	81802
chr10	78359505	78559505	harbor2	chr10	78441737	78441859	DNA/hAT-Charlie	1377	-	61	78441798	82293
chr10	78359505	78559505	harbor2	chr10	78458458	78458728	DNA/hAT-Charlie	1359	-	135	78458593	99088
chr10	78359505	78559505	harbor2	chr10	78459062	78459247	DNA/hAT-Charlie	605	-	92	78459154	99649
chr10	133351901	133551901	harbor2	chr10	133369206	133369353	DNA/hAT-Charlie	399	-	74	133369280	17379
chr10	133351901	133551901	harbor2	chr10	133385496	133385588	DNA/hAT-Charlie	3532	-	46	133385542	33641
chr10	133351901	133551901	harbor2	chr10	133385883	133386018	DNA/hAT-Charlie	3532	-	68	133385951	34050
chr10	133351901	133551901	harbor2	chr10	133386325	133386478	DNA/hAT-Charlie	3532	-	76	133386401	34500
chr10	133351901	133551901	harbor2	chr10	133386774	133386996	DNA/hAT-Charlie	3532	-	111	133386885	34984
chr10	133351901	133551901	harbor2	chr10	133387291	133387723	DNA/hAT-Charlie	3532	-	216	133387507	35606
chr10	133351901	133551901	harbor2	chr10	133388017	133388146	DNA/hAT-Charlie	3532	-	64	133388081	36180
chr10	133351901	133551901	harbor2	chr10	133388474	133388718	DNA/hAT-Charlie	1977	-	122	133388596	36695
chr10	80991778	81191778	harbor2	chr10	80997752	80997932	DNA/hAT-Charlie	450	-	90	80997842	6064
chr10	80991778	81191778	harbor2	chr10	81068709	81068891	DNA/hAT-Charlie	453	-	91	81068800	77022
chr10	121493930	121693930	harbor2	chr10	121560826	121560976	DNA/hAT-Charlie	755	-	75	121560901	66971
chr10	121493930	121693930	harbor2	chr10	121563950	121564138	DNA/hAT-Charlie	635	-	94	121564044	70114
chr10	114531574	114731574	harbor2	chr10	114574817	114575033	DNA/hAT-Charlie	1047	-	108	114574925	43351
chr10	114531574	114731574	harbor2	chr10	114591239	114591598	DNA/hAT-Charlie	463	-	180	114591419	59845
chr10	122882476	123082476	harbor2	chr10	122896921	122897250	DNA/hAT-Charlie	1238	-	164	122897085	14609
chr10	108273291	108473291	harbor2	chr10	108364787	108364993	DNA/hAT-Charlie	608	-	103	108364890	91599
chr10	122727500	122927500	harbor2	chr10	122735167	122735317	DNA/hAT-Charlie	663	-	75	122735242	7742
chr10	122727500	122927500	harbor2	chr10	122737629	122737850	DNA/hAT-Charlie	922	-	110	122737739	10239
chr10	122727500	122927500	harbor2	chr10	122804392	122804618	DNA/hAT-Charlie	617	-	113	122804505	77005
chr10	122727500	122927500	harbor2	chr10	122805588	122805717	DNA/hAT-Charlie	587	-	64	122805652	78152
chr10	132563727	132763727	harbor2	chr10	132628789	132629008	DNA/hAT-Charlie	850	-	110	132628899	65172
chr10	94144607	94344607	harbor2	chr10	94211954	94212080	DNA/hAT-Charlie	484	-	63	94212017	67410
chr10	94144607	94344607	harbor2	chr10	94212659	94212768	DNA/hAT-Charlie	484	-	54	94212713	68106
chr10	94144607	94344607	harbor2	chr10	94231620	94231966	DNA/hAT-Charlie	2363	-	173	94231793	87186
chr10	75978938	76178938	harbor2	chr10	75987294	75987464	DNA/hAT-Charlie	822	-	85	75987379	8441
chr10	75978938	76178938	harbor2	chr10	76018190	76018401	DNA/hAT-Charlie	1129	-	106	76018296	39358
chr10	75978938	76178938	harbor2	chr10	76047518	76047726	DNA/hAT-Charlie	1099	-	104	76047622	68684
chr10	75978938	76178938	harbor2	chr10	76051826	76052056	DNA/hAT-Charlie	415	-	115	76051941	73003
chr10	75978938	76178938	harbor2	chr10	76068356	76068704	DNA/hAT-Charlie	2268	-	174	76068530	89592
chr11	115587420	115787420	harbor2	chr11	115605284	115605361	DNA/hAT-Charlie	531	-	38	115605322	17902
chr11	115587420	115787420	harbor2	chr11	115605643	115605844	DNA/hAT-Charlie	531	-	100	115605743	18323
chr11	115587420	115787420	harbor2	chr11	115666633	115666810	DNA/hAT-Charlie	455	-	88	115666721	79301
chr11	105728734	105928734	harbor2	chr11	105743197	105743365	DNA/hAT-Charlie	419	-	84	105743281	14547
chr11	105728734	105928734	harbor2	chr11	105761555	105761830	DNA/hAT-Charlie	1060	-	138	105761693	32959
chr11	121372315	121572315	harbor2	chr11	121384185	121384511	DNA/hAT-Charlie	1766	-	163	121384348	12033
chr11	121372315	121572315	harbor2	chr11	121470998	121471448	DNA/hAT-Charlie	867	-	225	121471223	98908
chr11	131569515	131769515	harbor2	chr11	131575129	131575240	DNA/hAT-Charlie	537	-	56	131575185	5670
chr11	131569515	131769515	harbor2	chr11	131596294	131596500	DNA/hAT-Charlie	796	-	103	131596397	26882
chr11	131569515	131769515	harbor2	chr11	131603295	131603453	DNA/hAT-Charlie	707	-	79	131603374	33859
chr11	131569515	131769515	harbor2	chr11	131655075	131655251	DNA/hAT-Charlie	590	-	88	131655163	85648
chr11	95035374	95235374	harbor2	chr11	95073370	95073534	DNA/hAT-Charlie	819	-	82	95073452	38078
chr11	95035374	95235374	harbor2	chr11	95081301	95081468	DNA/hAT-Charlie	509	-	84	95081385	46011
chr11	95035374	95235374	harbor2	chr11	95082065	95082212	DNA/hAT-Charlie	505	-	74	95082139	46765
chr11	95035374	95235374	harbor2	chr11	95101091	95101306	DNA/hAT-Charlie	1281	-	108	95101199	65825
chr11	95035374	95235374	harbor2	chr11	95107355	95107425	DNA/hAT-Charlie	372	-	35	95107390	72016
chr11	95035374	95235374	harbor2	chr11	95111300	95111801	DNA/hAT-Charlie	3681	-	250	95111550	76176
chr11	100668883	100868883	harbor2	chr11	100674044	100674454	DNA/hAT-Charlie	528	-	205	100674249	5366
chr11	100668883	100868883	harbor2	chr11	100674891	100674914	DNA/hAT-Charlie	528	-	12	100674903	6020
chr11	100668883	100868883	harbor2	chr11	100675073	100675138	DNA/hAT-Charlie	528	-	32	100675105	6222
chr11	100668883	100868883	harbor2	chr11	100677943	100678099	DNA/hAT-Charlie	757	-	78	100678021	9138
chr11	100668883	100868883	harbor2	chr11	100692221	100692439	DNA/hAT-Charlie	454	-	109	100692330	23447
chr11	104611140	104811140	harbor2	chr11	104690887	104690961	DNA/hAT-Charlie	575	-	37	104690924	79784
chr11	104611140	104811140	harbor2	chr11	104691254	104691387	DNA/hAT-Charlie	575	-	66	104691320	80180
chr11	104611140	104811140	harbor2	chr11	104693426	104693570	DNA/hAT-Charlie	518	-	72	104693498	82358
chr11	109933823	110133823	harbor2	chr11	109959467	109959633	DNA/hAT-Charlie	921	-	83	109959550	25727
chr11	109933823	110133823	harbor2	chr11	109990565	109990916	DNA/hAT-Charlie	625	-	176	109990741	56918
chr11	109933823	110133823	harbor2	chr11	109990954	109991136	DNA/hAT-Charlie	573	-	91	109991045	57222
chr11	126051486	126251486	harbor2	chr11	126081712	126081892	DNA/hAT-Charlie	918	-	90	126081802	30316
chr11	126051486	126251486	harbor2	chr11	126103199	126103458	DNA/hAT-Charlie	676	-	130	126103329	51843
chr11	56496321	56696321	harbor2	chr11	56527866	56528190	DNA/hAT-Charlie	1722	-	162	56528028	31707
chr11	56496321	56696321	harbor2	chr11	56542005	56542170	DNA/hAT-Charlie	530	-	82	56542087	45766
chr11	131088421	131288421	harbor2	chr11	131090967	131091070	DNA/hAT-Charlie	384	-	52	131091019	2598
chr11	131088421	131288421	harbor2	chr11	131154134	131154291	DNA/hAT-Charlie	694	-	78	131154212	65791
chr11	121971062	122171062	harbor2	chr11	122020680	122021155	DNA/hAT-Charlie	2015	-	238	122020918	49856
chr11	121971062	122171062	harbor2	chr11	122024955	122025277	DNA/hAT-Charlie	1330	-	161	122025116	54054
chr11	133618884	133818884	harbor2	chr11	133662071	133662230	DNA/hAT-Charlie	499	-	80	133662151	43267
chr11	115243455	115443455	harbor2	chr11	115252984	115253212	DNA/hAT-Charlie	1348	-	114	115253098	9643
chr11	115243455	115443455	harbor2	chr11	115257816	115257981	DNA/hAT-Charlie	665	-	82	115257898	14443
chr11	115243455	115443455	harbor2	chr11	115333457	115333597	DNA/hAT-Charlie	477	-	70	115333527	90072
chr11	115243455	115443455	harbor2	chr11	115335162	115336396	DNA/hAT-Charlie	3924	-	617	115335779	92324
chr11	134413318	134613318	harbor2	chr11	134421879	134422040	DNA/hAT-Charlie	463	-	80	134421959	8641
chr11	134413318	134613318	harbor2	chr11	134441584	134442318	DNA/hAT-Charlie	2149	-	367	134441951	28633
chr11	132542821	132742821	harbor2	chr11	132552050	132552224	DNA/hAT-Charlie	610	-	87	132552137	9316
chr11	131381073	131581073	harbor2	chr11	131398909	131399130	DNA/hAT-Charlie	471	-	110	131399019	17946
chr11	131381073	131581073	harbor2	chr11	131440483	131440670	DNA/hAT-Charlie	863	-	94	131440577	59504
chr11	131381073	131581073	harbor2	chr11	131444945	131445267	DNA/hAT-Charlie	369	-	161	131445106	64033
chr11	131381073	131581073	harbor2	chr11	131458777	131458955	DNA/hAT-Charlie	638	-	89	131458866	77793
chr11	107535726	107735726	harbor2	chr11	107555905	107555976	DNA/hAT-Charlie	381	-	36	107555941	20215
chr11	107535726	107735726	harbor2	chr11	107557968	107558144	DNA/hAT-Charlie	418	-	88	107558056	22330
chr11	107535726	107735726	harbor2	chr11	107572964	107573550	DNA/hAT-Charlie	845	-	293	107573257	37531
chr11	102565532	102765532	harbor2	chr11	102580689	102580989	DNA/hAT-Charlie	595	-	150	102580839	15307
chr11	129616325	129816325	harbor2	chr11	129681274	129681614	DNA/hAT-Charlie	1111	-	170	129681444	65119
chr11	129616325	129816325	harbor2	chr11	129707617	129707819	DNA/hAT-Charlie	1558	-	101	129707718	91393
chr11	77042675	77242675	harbor2	chr11	77042712	77042911	DNA/hAT-Charlie	914	-	100	77042812	137
chr11	77042675	77242675	harbor2	chr11	77044647	77045156	DNA/hAT-Charlie	3682	-	254	77044901	2226
chr11	77042675	77242675	harbor2	chr11	77046854	77047070	DNA/hAT-Charlie	744	-	108	77046962	4287
chr11	91654982	91854982	harbor2	chr11	91701420	91701645	DNA/hAT-Charlie	669	-	112	91701532	46550
chr11	91654982	91854982	harbor2	chr11	91718611	91718801	DNA/hAT-Charlie	832	-	95	91718706	63724
chr11	91654982	91854982	harbor2	chr11	91741020	91741158	DNA/hAT-Charlie	430	-	69	91741089	86107
chr11	126031673	126231673	harbor2	chr11	126081712	126081892	DNA/hAT-Charlie	918	-	90	126081802	50129
chr11	126031673	126231673	harbor2	chr11	126103199	126103458	DNA/hAT-Charlie	676	-	130	126103329	71656
chr11	110321497	110521497	harbor2	chr11	110332075	110332423	DNA/hAT-Charlie	2305	-	174	110332249	10752
chr11	21886649	22086649	harbor2	chr11	21887359	21887527	DNA/hAT-Charlie	444	-	84	21887443	794
chr11	21886649	22086649	harbor2	chr11	21898916	21899057	DNA/hAT-Charlie	709	-	70	21898986	12337
chr11	21886649	22086649	harbor2	chr11	21909957	21910194	DNA/hAT-Charlie	435	-	118	21910075	23426
chr11	133218066	133418066	harbor2	chr11	133219502	133219687	DNA/hAT-Charlie	682	-	92	133219594	1528
chr11	133218066	133418066	harbor2	chr11	133275249	133275552	DNA/hAT-Charlie	505	-	152	133275401	57335
chr11	79313885	79513885	harbor2	chr11	79334634	79334863	DNA/hAT-Charlie	412	-	114	79334748	20863
chr11	79313885	79513885	harbor2	chr11	79389056	79389147	DNA/hAT-Charlie	379	-	46	79389102	75217
chr11	79313885	79513885	harbor2	chr11	79389456	79389559	DNA/hAT-Charlie	379	-	52	79389508	75623
chr11	79313885	79513885	harbor2	chr11	79406186	79406593	DNA/hAT-Charlie	1189	-	204	79406390	92505
chr11	79313885	79513885	harbor2	chr11	79407771	79407893	DNA/hAT-Charlie	691	-	61	79407832	93947
chr11	79313885	79513885	harbor2	chr11	79408292	79408362	DNA/hAT-Charlie	544	-	35	79408327	94442
chr11	79313885	79513885	harbor2	chr11	79409947	79410160	DNA/hAT-Charlie	1415	-	106	79410053	96168
chr11	79313885	79513885	harbor2	chr11	79314779	79314954	DNA/hAT-Charlie	818	-	88	79314867	982
chr11	74498650	74698650	harbor2	chr11	74514129	74514350	DNA/hAT-Charlie	1748	-	110	74514239	15589
chr11	66306005	66506005	harbor2	chr11	66321593	66321805	DNA/hAT-Charlie	911	-	106	66321699	15694
chr11	66306005	66506005	harbor2	chr11	66373610	66373887	DNA/hAT-Charlie	555	-	138	66373748	67743
chr11	66306005	66506005	harbor2	chr11	66375085	66375277	DNA/hAT-Charlie	709	-	96	66375181	69176
chr11	102830611	103030611	harbor2	chr11	102856752	102856932	DNA/hAT-Charlie	640	-	90	102856842	26231
chr11	102830611	103030611	harbor2	chr11	102868196	102868394	DNA/hAT-Charlie	709	-	99	102868295	37684
chr11	92604486	92804486	harbor2	chr11	92657919	92658294	DNA/hAT-Charlie	1498	-	188	92658107	53621
chr11	92604486	92804486	harbor2	chr11	92658296	92658419	DNA/hAT-Charlie	382	-	62	92658358	53872
chr11	92604486	92804486	harbor2	chr11	92688696	92688786	DNA/hAT-Charlie	378	-	45	92688741	84255
chr11	130634854	130834854	harbor2	chr11	130652735	130652952	DNA/hAT-Charlie	881	-	108	130652843	17989
chr11	130634854	130834854	harbor2	chr11	130671031	130671209	DNA/hAT-Charlie	758	-	89	130671120	36266
chr11	124337190	124537190	harbor2	chr11	124351987	124352100	DNA/hAT-Charlie	605	-	56	124352043	14853
chr11	124337190	124537190	harbor2	chr11	124371630	124372361	DNA/hAT-Charlie	882	-	366	124371996	34806
chr11	124337190	124537190	harbor2	chr11	124379180	124379399	DNA/hAT-Charlie	639	-	110	124379290	42100
chr11	124337190	124537190	harbor2	chr11	124390359	124390554	DNA/hAT-Charlie	1178	-	98	124390457	53267
chr11	124337190	124537190	harbor2	chr11	124400901	124401055	DNA/hAT-Charlie	1940	-	77	124400978	63788
chr11	124337190	124537190	harbor2	chr11	124401433	124402081	DNA/hAT-Charlie	1940	-	324	124401757	64567
chr11	123121075	123321075	harbor2	chr11	123140643	123140790	DNA/hAT-Charlie	892	-	74	123140717	19642
chr11	123121075	123321075	harbor2	chr11	123141522	123141619	DNA/hAT-Charlie	892	-	48	123141570	20495
chr11	123121075	123321075	harbor2	chr11	123183110	123183225	DNA/hAT-Charlie	674	-	58	123183168	62093
chr11	123121075	123321075	harbor2	chr11	123183531	123183555	DNA/hAT-Charlie	674	-	12	123183543	62468
chr11	114899611	115099611	harbor2	chr11	114963440	114963752	DNA/hAT-Charlie	595	-	156	114963596	63985
chr11	114899611	115099611	harbor2	chr11	114981231	114981521	DNA/hAT-Charlie	1031	-	145	114981376	81765
chr11	96041429	96241429	harbor2	chr11	96127974	96128112	DNA/hAT-Charlie	680	-	69	96128043	86614
chr11	96041429	96241429	harbor2	chr11	96129309	96129455	DNA/hAT-Charlie	934	-	73	96129382	87953
chr11	82529450	82729450	harbor2	chr11	82539748	82539928	DNA/hAT-Charlie	1022	-	90	82539838	10388
chr11	130353639	130553639	harbor2	chr11	130419569	130419705	DNA/hAT-Charlie	444	-	68	130419637	65998
chr11	112454368	112654368	harbor2	chr11	112470619	112470823	DNA/hAT-Charlie	849	-	102	112470721	16353
chr11	112454368	112654368	harbor2	chr11	112479888	112480044	DNA/hAT-Charlie	866	-	78	112479966	25598
chr11	112454368	112654368	harbor2	chr11	112484998	112485161	DNA/hAT-Charlie	458	-	82	112485080	30712
chr11	112454368	112654368	harbor2	chr11	112540286	112540398	DNA/hAT-Charlie	383	-	56	112540342	85974
chr11	89942535	90142535	harbor2	chr11	89979498	89979625	DNA/hAT-Charlie	414	-	64	89979562	37027
chr11	85109281	85309281	harbor2	chr11	85122577	85122749	DNA/hAT-Charlie	545	-	86	85122663	13382
chr11	85109281	85309281	harbor2	chr11	85165203	85165286	DNA/hAT-Charlie	381	-	42	85165245	55964
chr11	85109281	85309281	harbor2	chr11	85186139	85186439	DNA/hAT-Charlie	1177	-	150	85186289	77008
chr11	128510189	128710189	harbor2	chr11	128547276	128547411	DNA/hAT-Charlie	424	-	68	128547344	37155
chr11	128510189	128710189	harbor2	chr11	128552025	128552141	DNA/hAT-Charlie	722	-	58	128552083	41894
chr11	128510189	128710189	harbor2	chr11	128569053	128569257	DNA/hAT-Charlie	932	-	102	128569155	58966
chr11	128510189	128710189	harbor2	chr11	128582999	128583162	DNA/hAT-Charlie	993	-	82	128583081	72892
chr11	130516266	130716266	harbor2	chr11	130571211	130571397	DNA/hAT-Charlie	926	-	93	130571304	55038
chr11	47531890	47731890	harbor2	chr11	47590956	47591071	DNA/hAT-Charlie	582	-	58	47591014	59124
chr11	117881882	118081882	harbor2	chr11	117945006	117945171	DNA/hAT-Charlie	380	-	82	117945088	63206
chr11	117881882	118081882	harbor2	chr11	117952200	117952388	DNA/hAT-Charlie	372	-	94	117952294	70412
chr11	117881882	118081882	harbor2	chr11	117953642	117953815	DNA/hAT-Charlie	463	-	86	117953728	71846
chr11	107800525	108000525	harbor2	chr11	107825256	107825361	DNA/hAT-Charlie	965	-	52	107825308	24783
chr11	107800525	108000525	harbor2	chr11	107825670	107825747	DNA/hAT-Charlie	965	-	38	107825708	25183
chr11	34617075	34817075	harbor2	chr11	34659792	34660003	DNA/hAT-Charlie	1075	-	106	34659898	42823
chr11	34617075	34817075	harbor2	chr11	34664962	34665143	DNA/hAT-Charlie	830	-	90	34665052	47977
chr11	73234538	73434538	harbor2	chr11	73261135	73261311	DNA/hAT-Charlie	691	-	88	73261223	26685
chr11	103565830	103765830	harbor2	chr11	103591696	103591957	DNA/hAT-Charlie	426	-	130	103591826	25996
chr11	103565830	103765830	harbor2	chr11	103618114	103618286	DNA/hAT-Charlie	713	-	86	103618200	52370
chr11	103565830	103765830	harbor2	chr11	103656821	103656953	DNA/hAT-Charlie	384	-	66	103656887	91057
chr11	120334298	120534298	harbor2	chr11	120340821	120341069	DNA/hAT-Charlie	632	-	124	120340945	6647
chr11	120334298	120534298	harbor2	chr11	120341356	120341452	DNA/hAT-Charlie	632	-	48	120341404	7106
chr11	120334298	120534298	harbor2	chr11	120345065	120345258	DNA/hAT-Charlie	1517	-	96	120345161	10863
chr11	120334298	120534298	harbor2	chr11	120358571	120358777	DNA/hAT-Charlie	1050	-	103	120358674	24376
chr11	120334298	120534298	harbor2	chr11	120383266	120383799	DNA/hAT-Charlie	3391	-	266	120383532	49234
chr11	120334298	120534298	harbor2	chr11	120424466	120424674	DNA/hAT-Charlie	906	-	104	120424570	90272
chr11	99147087	99347087	harbor2	chr11	99245745	99245961	DNA/hAT-Charlie	1029	-	108	99245853	98766
chr11	121465489	121665489	harbor2	chr11	121470998	121471448	DNA/hAT-Charlie	867	-	225	121471223	5734
chr11	121465489	121665489	harbor2	chr11	121509134	121509481	DNA/hAT-Charlie	568	-	174	121509308	43819
chr11	121465489	121665489	harbor2	chr11	121509774	121509844	DNA/hAT-Charlie	568	-	35	121509809	44320
chr11	121465489	121665489	harbor2	chr11	121512084	121512226	DNA/hAT-Charlie	400	-	71	121512155	46666
chr11	121465489	121665489	harbor2	chr11	121514390	121514563	DNA/hAT-Charlie	688	-	86	121514476	48987
chr11	121465489	121665489	harbor2	chr11	121546630	121546805	DNA/hAT-Charlie	568	-	88	121546718	81229
chr11	121465489	121665489	harbor2	chr11	121546821	121546980	DNA/hAT-Charlie	690	-	80	121546901	81412
chr11	121465489	121665489	harbor2	chr11	121548043	121548187	DNA/hAT-Charlie	401	-	72	121548115	82626
chr11	125433357	125633357	harbor2	chr11	125434278	125434506	DNA/hAT-Charlie	654	-	114	125434392	1035
chr11	125433357	125633357	harbor2	chr11	125443556	125443682	DNA/hAT-Charlie	732	-	63	125443619	10262
chr11	125433357	125633357	harbor2	chr11	125492032	125492267	DNA/hAT-Charlie	1192	-	118	125492150	58793
chr11	59194541	59394541	harbor2	chr11	59218061	59218181	DNA/hAT-Charlie	394	-	60	59218121	23580
chr11	59194541	59394541	harbor2	chr11	59219513	59219721	DNA/hAT-Charlie	757	-	104	59219617	25076
chr11	116593308	116793308	harbor2	chr11	116639615	116639840	DNA/hAT-Charlie	682	-	112	116639727	46419
chr11	102035105	102235105	harbor2	chr11	102044589	102044796	DNA/hAT-Charlie	978	-	104	102044693	9588
chr11	102035105	102235105	harbor2	chr11	102101716	102101779	DNA/hAT-Charlie	888	-	32	102101748	66643
chr11	102035105	102235105	harbor2	chr11	102102085	102102233	DNA/hAT-Charlie	888	-	74	102102159	67054
chr11	126495669	126695669	harbor2	chr11	126541567	126541748	DNA/hAT-Charlie	489	-	90	126541657	45988
chr11	126495669	126695669	harbor2	chr11	126547185	126547437	DNA/hAT-Charlie	688	-	126	126547311	51642
chr11	59250997	59450997	harbor2	chr11	59301021	59301202	DNA/hAT-Charlie	610	-	90	59301111	50114
chr11	115988127	116188127	harbor2	chr11	115998843	115999027	DNA/hAT-Charlie	465	-	92	115998935	10808
chr11	115988127	116188127	harbor2	chr11	116040969	116041266	DNA/hAT-Charlie	1233	-	148	116041117	52990
chr11	115988127	116188127	harbor2	chr11	116058540	116058760	DNA/hAT-Charlie	889	-	110	116058650	70523
chr11	115988127	116188127	harbor2	chr11	116080852	116081001	DNA/hAT-Charlie	746	-	74	116080926	92799
chr11	81291438	81491438	harbor2	chr11	81327494	81327673	DNA/hAT-Charlie	438	-	90	81327584	36146
chr11	81291438	81491438	harbor2	chr11	81348353	81348780	DNA/hAT-Charlie	1259	-	214	81348567	57129
chr11	81291438	81491438	harbor2	chr11	81381000	81381112	DNA/hAT-Charlie	560	-	56	81381056	89618
chr11	96303532	96503532	harbor2	chr11	96356057	96356233	DNA/hAT-Charlie	386	-	88	96356145	52613
chr11	96303532	96503532	harbor2	chr11	96396717	96396916	DNA/hAT-Charlie	801	-	100	96396817	93285
chr11	96303532	96503532	harbor2	chr11	96397593	96397753	DNA/hAT-Charlie	379	-	80	96397673	94141
chr11	96303532	96503532	harbor2	chr11	96370580	96370724	DNA/hAT-Charlie	452	-	72	96370652	67120
chr11	15935050	16135050	harbor2	chr11	15949119	15949305	DNA/hAT-Charlie	950	-	93	15949212	14162
chr11	15935050	16135050	harbor2	chr11	15950249	15950405	DNA/hAT-Charlie	633	-	78	15950327	15277
chr11	15935050	16135050	harbor2	chr11	15956924	15956971	DNA/hAT-Charlie	794	-	24	15956948	21898
chr11	15935050	16135050	harbor2	chr11	15957359	15957516	DNA/hAT-Charlie	794	-	78	15957437	22387
chr11	134025000	134225000	harbor2	chr11	134087842	134088042	DNA/hAT-Charlie	914	-	100	134087942	62942
chr11	134125356	134325356	harbor2	chr11	134195403	134195605	DNA/hAT-Charlie	691	-	101	134195504	70148
chr11	134125356	134325356	harbor2	chr11	134195721	134195987	DNA/hAT-Charlie	778	-	133	134195854	70498
chr11	134125356	134325356	harbor2	chr11	134204335	134204447	DNA/hAT-Charlie	434	-	56	134204391	79035
chr11	127026399	127226399	harbor2	chr11	127057611	127057823	DNA/hAT-Charlie	1093	-	106	127057717	31318
chr11	127026399	127226399	harbor2	chr11	127123243	127123318	DNA/hAT-Charlie	650	-	38	127123281	96882
chr11	127026399	127226399	harbor2	chr11	127123623	127123825	DNA/hAT-Charlie	650	-	101	127123724	97325
chr11	107303657	107503657	harbor2	chr11	107333860	107334081	DNA/hAT-Charlie	1139	-	110	107333970	30313
chr11	107303657	107503657	harbor2	chr11	107358244	107358469	DNA/hAT-Charlie	1502	-	112	107358356	54699
chr11	107303657	107503657	harbor2	chr11	107387549	107387900	DNA/hAT-Charlie	1930	-	176	107387725	84068
chr11	107303657	107503657	harbor2	chr11	107389238	107389461	DNA/hAT-Charlie	891	-	112	107389350	85693
chr11	125207210	125407210	harbor2	chr11	125229301	125229534	DNA/hAT-Charlie	595	-	116	125229417	22207
chr11	125207210	125407210	harbor2	chr11	125282445	125282604	DNA/hAT-Charlie	906	-	80	125282525	75315
chr11	44457288	44657288	harbor2	chr11	44481282	44481558	DNA/hAT-Charlie	803	-	138	44481420	24132
chr11	44457288	44657288	harbor2	chr11	44516044	44516099	DNA/hAT-Charlie	459	-	28	44516072	58784
chr11	44457288	44657288	harbor2	chr11	44516393	44516600	DNA/hAT-Charlie	459	-	104	44516497	59209
chr11	44457288	44657288	harbor2	chr11	44533169	44533295	DNA/hAT-Charlie	793	-	63	44533232	75944
chr11	44457288	44657288	harbor2	chr11	44533596	44533657	DNA/hAT-Charlie	793	-	30	44533626	76338
chr11	44457288	44657288	harbor2	chr11	44533969	44534075	DNA/hAT-Charlie	793	-	53	44534022	76734
chr11	131109189	131309189	harbor2	chr11	131154134	131154291	DNA/hAT-Charlie	694	-	78	131154212	45023
chr11	131109189	131309189	harbor2	chr11	131205362	131205579	DNA/hAT-Charlie	846	-	108	131205470	96281
chr11	97400297	97600297	harbor2	chr11	97401881	97402167	DNA/hAT-Charlie	605	-	143	97402024	1727
chr11	97400297	97600297	harbor2	chr11	97416507	97416648	DNA/hAT-Charlie	476	-	70	97416577	16280
chr11	105300891	105500891	harbor2	chr11	105321382	105321518	DNA/hAT-Charlie	368	-	68	105321450	20559
chr11	134840767	135040767	harbor2	chr11	134920796	134921288	DNA/hAT-Charlie	971	-	246	134921042	80275
chr11	116746118	116946118	harbor2	chr11	116831696	116832026	DNA/hAT-Charlie	2290	-	165	116831861	85743
chr11	116746118	116946118	harbor2	chr11	116838164	116838382	DNA/hAT-Charlie	497	-	109	116838273	92155
chr11	84027708	84227708	harbor2	chr11	84069068	84069220	DNA/hAT-Charlie	617	-	76	84069144	41436
chr11	84027708	84227708	harbor2	chr11	84077557	84078449	DNA/hAT-Charlie	2453	-	446	84078003	50295
chr11	96982112	97182112	harbor2	chr11	97027098	97027293	DNA/hAT-Charlie	728	-	98	97027196	45084
chr11	96982112	97182112	harbor2	chr11	97027371	97027494	DNA/hAT-Charlie	575	-	62	97027433	45321
chr11	96982112	97182112	harbor2	chr11	97027500	97027619	DNA/hAT-Charlie	413	-	60	97027560	45448
chr11	96982112	97182112	harbor2	chr11	97059520	97059650	DNA/hAT-Charlie	572	-	65	97059585	77473
chr11	96982112	97182112	harbor2	chr11	97074696	97074826	DNA/hAT-Charlie	717	-	65	97074761	92649
chr11	131765004	131965004	harbor2	chr11	131819235	131819379	DNA/hAT-Charlie	507	-	72	131819307	54303
chr11	101791681	101991681	harbor2	chr11	101818651	101818845	DNA/hAT-Charlie	816	-	97	101818748	27067
chr11	101791681	101991681	harbor2	chr11	101847270	101847424	DNA/hAT-Charlie	616	-	77	101847347	55666
chr11	101791681	101991681	harbor2	chr11	101884089	101884312	DNA/hAT-Charlie	871	-	112	101884201	92520
chr11	131041936	131241936	harbor2	chr11	131090967	131091070	DNA/hAT-Charlie	384	-	52	131091019	49083
chr11	134755098	134955098	harbor2	chr11	134757873	134758046	DNA/hAT-Charlie	740	-	86	134757959	2861
chr11	111268056	111468056	harbor2	chr11	111323186	111323331	DNA/hAT-Charlie	507	-	72	111323258	55202
chr11	111268056	111468056	harbor2	chr11	111347015	111347188	DNA/hAT-Charlie	845	-	86	111347101	79045
chr11	111268056	111468056	harbor2	chr11	111355585	111355721	DNA/hAT-Charlie	605	-	68	111355653	87597
chr11	125481315	125681315	harbor2	chr11	125492032	125492267	DNA/hAT-Charlie	1192	-	118	125492150	10835
chr11	130506283	130706283	harbor2	chr11	130513715	130513806	DNA/hAT-Charlie	859	-	46	130513761	7478
chr11	130506283	130706283	harbor2	chr11	130514097	130514177	DNA/hAT-Charlie	859	-	40	130514137	7854
chr11	130506283	130706283	harbor2	chr11	130571211	130571397	DNA/hAT-Charlie	926	-	93	130571304	65021
chr11	120339062	120539062	harbor2	chr11	120340821	120341069	DNA/hAT-Charlie	632	-	124	120340945	1883
chr11	120339062	120539062	harbor2	chr11	120341356	120341452	DNA/hAT-Charlie	632	-	48	120341404	2342
chr11	120339062	120539062	harbor2	chr11	120345065	120345258	DNA/hAT-Charlie	1517	-	96	120345161	6099
chr11	120339062	120539062	harbor2	chr11	120358571	120358777	DNA/hAT-Charlie	1050	-	103	120358674	19612
chr11	120339062	120539062	harbor2	chr11	120383266	120383799	DNA/hAT-Charlie	3391	-	266	120383532	44470
chr11	120339062	120539062	harbor2	chr11	120424466	120424674	DNA/hAT-Charlie	906	-	104	120424570	85508
chr11	101353004	101553004	harbor2	chr11	101398237	101398362	DNA/hAT-Charlie	433	-	62	101398299	45295
chr11	101353004	101553004	harbor2	chr11	101446477	101446650	DNA/hAT-Charlie	475	-	86	101446563	93559
chr11	62187982	62387982	harbor2	chr11	62201665	62201834	DNA/hAT-Charlie	585	-	84	62201749	13767
chr11	62187982	62387982	harbor2	chr11	62250644	62250839	DNA/hAT-Charlie	851	-	98	62250742	62760
chr11	62187982	62387982	harbor2	chr11	62261078	62261307	DNA/hAT-Charlie	406	-	114	62261192	73210
chr11	62187982	62387982	harbor2	chr11	62264618	62264791	DNA/hAT-Charlie	468	-	86	62264704	76722
chr11	130335148	130535148	harbor2	chr11	130419569	130419705	DNA/hAT-Charlie	444	-	68	130419637	84489
chr11	24674604	24874604	harbor2	chr11	24708613	24708777	DNA/hAT-Charlie	494	-	82	24708695	34091
chr11	24674604	24874604	harbor2	chr11	24732297	24732447	DNA/hAT-Charlie	620	-	75	24732372	57768
chr11	110193500	110393500	harbor2	chr11	110286829	110287039	DNA/hAT-Charlie	790	-	105	110286934	93434
chr11	110193500	110393500	harbor2	chr11	110290674	110290883	DNA/hAT-Charlie	1115	-	104	110290778	97278
chr11	25785849	25985849	harbor2	chr11	25825866	25826014	DNA/hAT-Charlie	485	-	74	25825940	40091
chr11	25785849	25985849	harbor2	chr11	25838826	25839155	DNA/hAT-Charlie	1488	-	164	25838990	53141
chr11	25785849	25985849	harbor2	chr11	25842357	25842554	DNA/hAT-Charlie	855	-	98	25842455	56606
chr11	25785849	25985849	harbor2	chr11	25847601	25847775	DNA/hAT-Charlie	684	-	87	25847688	61839
chr11	122753206	122953206	harbor2	chr11	122759333	122759853	DNA/hAT-Charlie	3016	-	260	122759593	6387
chr11	122753206	122953206	harbor2	chr11	122771587	122771748	DNA/hAT-Charlie	2507	-	80	122771667	18461
chr11	122753206	122953206	harbor2	chr11	122771791	122772181	DNA/hAT-Charlie	2507	-	195	122771986	18780
chr11	36334086	36534086	harbor2	chr11	36346816	36347032	DNA/hAT-Charlie	1247	-	108	36346924	12838
chr11	36334086	36534086	harbor2	chr11	36353083	36353310	DNA/hAT-Charlie	637	-	114	36353197	19111
chr11	36334086	36534086	harbor2	chr11	36353540	36353875	DNA/hAT-Charlie	2416	-	168	36353708	19622
chr11	36334086	36534086	harbor2	chr11	36372609	36372878	DNA/hAT-Charlie	561	-	134	36372743	38657
chr11	36334086	36534086	harbor2	chr11	36382451	36382599	DNA/hAT-Charlie	650	-	74	36382525	48439
chr11	36334086	36534086	harbor2	chr11	36382615	36382813	DNA/hAT-Charlie	1036	-	99	36382714	48628
chr11	36334086	36534086	harbor2	chr11	36395391	36395541	DNA/hAT-Charlie	976	-	75	36395466	61380
chr11	36334086	36534086	harbor2	chr11	36405252	36405441	DNA/hAT-Charlie	677	-	94	36405346	71260
chr11	36334086	36534086	harbor2	chr11	36419502	36419941	DNA/hAT-Charlie	1695	-	220	36419722	85636
chr11	39441878	39641878	harbor2	chr11	39504164	39504345	DNA/hAT-Charlie	495	-	90	39504254	62376
chr11	129314371	129514371	harbor2	chr11	129323817	129324046	DNA/hAT-Charlie	406	-	114	129323931	9560
chr11	129314371	129514371	harbor2	chr11	129326640	129327143	DNA/hAT-Charlie	3386	-	252	129326892	12521
chr11	128841021	129041021	harbor2	chr11	128867671	128867823	DNA/hAT-Charlie	948	-	76	128867747	26726
chr11	128841021	129041021	harbor2	chr11	128868656	128869051	DNA/hAT-Charlie	2679	-	198	128868854	27833
chr11	128841021	129041021	harbor2	chr11	128886461	128886607	DNA/hAT-Charlie	514	-	73	128886534	45513
chr11	128841021	129041021	harbor2	chr11	128886712	128886891	DNA/hAT-Charlie	561	-	90	128886802	45781
chr11	72616375	72816375	harbor2	chr11	72687937	72687987	DNA/hAT-Charlie	379	-	25	72687962	71587
chr11	72616375	72816375	harbor2	chr11	72688284	72688352	DNA/hAT-Charlie	379	-	34	72688318	71943
chr11	72616375	72816375	harbor2	chr11	72691787	72692071	DNA/hAT-Charlie	1708	-	142	72691929	75554
chr11	72616375	72816375	harbor2	chr11	72696093	72696399	DNA/hAT-Charlie	1816	-	153	72696246	79871
chr11	72616375	72816375	harbor2	chr11	72705473	72705625	DNA/hAT-Charlie	569	-	76	72705549	89174
chr11	96809802	97009802	harbor2	chr11	96891522	96891822	DNA/hAT-Charlie	1192	-	150	96891672	81870
chr11	122206826	122406826	harbor2	chr11	122218679	122219089	DNA/hAT-Charlie	701	-	205	122218884	12058
chr11	122206826	122406826	harbor2	chr11	122260544	122260744	DNA/hAT-Charlie	978	-	100	122260644	53818
chr11	122206826	122406826	harbor2	chr11	122283371	122283594	DNA/hAT-Charlie	1339	-	112	122283483	76657
chr11	133566798	133766798	harbor2	chr11	133611708	133612209	DNA/hAT-Charlie	1344	-	250	133611958	45160
chr11	133566798	133766798	harbor2	chr11	133613131	133613242	DNA/hAT-Charlie	371	-	56	133613187	46389
chr11	133566798	133766798	harbor2	chr11	133662071	133662230	DNA/hAT-Charlie	499	-	80	133662151	95353
chr11	121443829	121643829	harbor2	chr11	121470998	121471448	DNA/hAT-Charlie	867	-	225	121471223	27394
chr11	121443829	121643829	harbor2	chr11	121509134	121509481	DNA/hAT-Charlie	568	-	174	121509308	65479
chr11	121443829	121643829	harbor2	chr11	121509774	121509844	DNA/hAT-Charlie	568	-	35	121509809	65980
chr11	121443829	121643829	harbor2	chr11	121512084	121512226	DNA/hAT-Charlie	400	-	71	121512155	68326
chr11	121443829	121643829	harbor2	chr11	121514390	121514563	DNA/hAT-Charlie	688	-	86	121514476	70647
chr11	119124851	119324851	harbor2	chr11	119217480	119217645	DNA/hAT-Charlie	661	-	82	119217562	92711
chr11	134227707	134427707	harbor2	chr11	134263341	134263519	DNA/hAT-Charlie	728	-	89	134263430	35723
chr11	134227707	134427707	harbor2	chr11	134310117	134310328	DNA/hAT-Charlie	1573	-	106	134310223	82516
chr11	134227707	134427707	harbor2	chr11	134320828	134320995	DNA/hAT-Charlie	512	-	84	134320912	93205
chr11	72482129	72682129	harbor2	chr11	72482012	72482195	DNA/hAT-Charlie	1139	-	92	72482104	25
chr11	72482129	72682129	harbor2	chr11	72567063	72567593	DNA/hAT-Charlie	4126	-	265	72567328	85199
chr11	126645293	126845293	harbor2	chr11	126661674	126661843	DNA/hAT-Charlie	741	-	84	126661758	16465
chr11	126645293	126845293	harbor2	chr11	126682546	126682879	DNA/hAT-Charlie	1975	-	166	126682712	37419
chr11	126645293	126845293	harbor2	chr11	126699417	126699727	DNA/hAT-Charlie	1010	-	155	126699572	54279
chr11	126050602	126250602	harbor2	chr11	126081712	126081892	DNA/hAT-Charlie	918	-	90	126081802	31200
chr11	126050602	126250602	harbor2	chr11	126103199	126103458	DNA/hAT-Charlie	676	-	130	126103329	52727
chr11	106969454	107169454	harbor2	chr11	107024382	107024473	DNA/hAT-Charlie	2059	-	46	107024428	54974
chr11	106969454	107169454	harbor2	chr11	107024779	107025248	DNA/hAT-Charlie	2059	-	234	107025013	55559
chr11	121931138	122131138	harbor2	chr11	121933203	121933560	DNA/hAT-Charlie	2298	-	178	121933381	2243
chr11	121931138	122131138	harbor2	chr11	121943245	121943306	DNA/hAT-Charlie	1150	-	30	121943275	12137
chr11	121931138	122131138	harbor2	chr11	121943607	121943766	DNA/hAT-Charlie	1150	-	80	121943687	12549
chr11	121931138	122131138	harbor2	chr11	121943781	121943941	DNA/hAT-Charlie	675	-	80	121943861	12723
chr11	121931138	122131138	harbor2	chr11	121960339	121960538	DNA/hAT-Charlie	1186	-	100	121960439	29301
chr11	121931138	122131138	harbor2	chr11	122020680	122021155	DNA/hAT-Charlie	2015	-	238	122020918	89780
chr11	121931138	122131138	harbor2	chr11	122024955	122025277	DNA/hAT-Charlie	1330	-	161	122025116	93978
chr11	15211424	15411424	harbor2	chr11	15222989	15223237	DNA/hAT-Charlie	510	-	124	15223113	11689
chr11	15211424	15411424	harbor2	chr11	15231297	15231522	DNA/hAT-Charlie	1713	-	112	15231409	19985
chr11	15211424	15411424	harbor2	chr11	15237694	15237953	DNA/hAT-Charlie	461	-	130	15237824	26400
chr11	15211424	15411424	harbor2	chr11	15241650	15242103	DNA/hAT-Charlie	1720	-	226	15241876	30452
chr11	15211424	15411424	harbor2	chr11	15247757	15248507	DNA/hAT-Charlie	3297	-	375	15248132	36708
chr11	15211424	15411424	harbor2	chr11	15275672	15275816	DNA/hAT-Charlie	436	-	72	15275744	64320
chr11	15211424	15411424	harbor2	chr11	15287809	15288018	DNA/hAT-Charlie	977	-	104	15287913	76489
chr11	15211424	15411424	harbor2	chr11	15301444	15301652	DNA/hAT-Charlie	582	-	104	15301548	90124
chr11	15211424	15411424	harbor2	chr11	15306885	15307053	DNA/hAT-Charlie	538	-	84	15306969	95545
chr11	133036367	133236367	harbor2	chr11	133080229	133080386	DNA/hAT-Charlie	456	-	78	133080307	43940
chr11	57225564	57425564	harbor2	chr11	57239084	57239399	DNA/hAT-Charlie	553	-	158	57239242	13678
chr11	57225564	57425564	harbor2	chr11	57270138	57270337	DNA/hAT-Charlie	878	-	100	57270238	44674
chr11	117474637	117674637	harbor2	chr11	117482398	117482867	DNA/hAT-Charlie	1275	-	234	117482632	7995
chr11	117474637	117674637	harbor2	chr11	117491992	117492145	DNA/hAT-Charlie	366	-	76	117492068	17431
chr11	117474637	117674637	harbor2	chr11	117494220	117494354	DNA/hAT-Charlie	688	-	67	117494287	19650
chr11	88796575	88996575	harbor2	chr11	88824446	88824791	DNA/hAT-Charlie	1948	-	172	88824618	28043
chr11	88796575	88996575	harbor2	chr11	88836165	88836328	DNA/hAT-Charlie	765	-	82	88836247	39672
chr11	127080810	127280810	harbor2	chr11	127123243	127123318	DNA/hAT-Charlie	650	-	38	127123281	42471
chr11	127080810	127280810	harbor2	chr11	127123623	127123825	DNA/hAT-Charlie	650	-	101	127123724	42914
chr11	127080810	127280810	harbor2	chr11	127145615	127145793	DNA/hAT-Charlie	668	-	89	127145704	64894
chr11	127080810	127280810	harbor2	chr11	127145803	127145989	DNA/hAT-Charlie	859	-	93	127145896	65086
chr11	127080810	127280810	harbor2	chr11	127154334	127154481	DNA/hAT-Charlie	611	-	74	127154408	73598
chr11	101172513	101372513	harbor2	chr11	101177106	101177401	DNA/hAT-Charlie	683	-	148	101177254	4741
chr11	129936304	130136304	harbor2	chr11	129970862	129970951	DNA/hAT-Charlie	485	-	44	129970906	34602
chr11	129936304	130136304	harbor2	chr11	129972386	129972539	DNA/hAT-Charlie	485	-	76	129972462	36158
chr11	129936304	130136304	harbor2	chr11	129998004	129998288	DNA/hAT-Charlie	1024	-	142	129998146	61842
chr11	129936304	130136304	harbor2	chr11	130027453	130027616	DNA/hAT-Charlie	802	-	82	130027535	91231
chr11	92909724	93109724	harbor2	chr11	92953765	92954058	DNA/hAT-Charlie	413	-	146	92953911	44187
chr11	92909724	93109724	harbor2	chr11	92960499	92960709	DNA/hAT-Charlie	400	-	105	92960604	50880
chr11	92909724	93109724	harbor2	chr11	93002047	93002182	DNA/hAT-Charlie	418	-	68	93002115	92391
chr11	108706522	108906522	harbor2	chr11	108728032	108728165	DNA/hAT-Charlie	460	-	66	108728098	21576
chr11	108706522	108906522	harbor2	chr11	108750534	108750611	DNA/hAT-Charlie	371	-	38	108750572	44050
chr11	108706522	108906522	harbor2	chr11	108759492	108759636	DNA/hAT-Charlie	412	-	72	108759564	53042
chr11	108706522	108906522	harbor2	chr11	108769741	108770128	DNA/hAT-Charlie	1637	-	194	108769935	63413
chr11	108706522	108906522	harbor2	chr11	108772006	108772176	DNA/hAT-Charlie	794	-	85	108772091	65569
chr11	108706522	108906522	harbor2	chr11	108772904	108773022	DNA/hAT-Charlie	520	-	59	108772963	66441
chr11	108706522	108906522	harbor2	chr11	108799454	108799649	DNA/hAT-Charlie	875	-	98	108799552	93030
chr11	126641768	126841768	harbor2	chr11	126661674	126661843	DNA/hAT-Charlie	741	-	84	126661758	19990
chr11	126641768	126841768	harbor2	chr11	126682546	126682879	DNA/hAT-Charlie	1975	-	166	126682712	40944
chr11	126641768	126841768	harbor2	chr11	126699417	126699727	DNA/hAT-Charlie	1010	-	155	126699572	57804
chr11	131091737	131291737	harbor2	chr11	131154134	131154291	DNA/hAT-Charlie	694	-	78	131154212	62475
chr11	124452527	124652527	harbor2	chr11	124514979	124515110	DNA/hAT-Charlie	547	-	66	124515045	62518
chr11	124452527	124652527	harbor2	chr11	124515269	124515435	DNA/hAT-Charlie	490	-	83	124515352	62825
chr11	127088018	127288018	harbor2	chr11	127123243	127123318	DNA/hAT-Charlie	650	-	38	127123281	35263
chr11	127088018	127288018	harbor2	chr11	127123623	127123825	DNA/hAT-Charlie	650	-	101	127123724	35706
chr11	127088018	127288018	harbor2	chr11	127145615	127145793	DNA/hAT-Charlie	668	-	89	127145704	57686
chr11	127088018	127288018	harbor2	chr11	127145803	127145989	DNA/hAT-Charlie	859	-	93	127145896	57878
chr11	127088018	127288018	harbor2	chr11	127154334	127154481	DNA/hAT-Charlie	611	-	74	127154408	66390
chr11	128309831	128509831	harbor2	chr11	128326430	128326603	DNA/hAT-Charlie	572	-	86	128326516	16685
chr11	128309831	128509831	harbor2	chr11	128355504	128355656	DNA/hAT-Charlie	454	-	76	128355580	45749
chr11	128309831	128509831	harbor2	chr11	128355986	128356008	DNA/hAT-Charlie	454	-	11	128355997	46166
chr11	128309831	128509831	harbor2	chr11	128373570	128373709	DNA/hAT-Charlie	409	-	70	128373640	63809
chr11	127243005	127443005	harbor2	chr11	127244695	127244917	DNA/hAT-Charlie	401	-	111	127244806	1801
chr11	63924099	64124099	harbor2	chr11	63990879	63991004	DNA/hAT-Charlie	371	-	62	63990941	66842
chr11	46572022	46772022	harbor2	chr11	46574599	46574744	DNA/hAT-Charlie	489	-	72	46574671	2649
chr11	127947075	128147075	harbor2	chr11	127947685	127947967	DNA/hAT-Charlie	828	-	141	127947826	751
chr11	127947075	128147075	harbor2	chr11	127959957	127960229	DNA/hAT-Charlie	489	-	136	127960093	13018
chr11	127947075	128147075	harbor2	chr11	127960604	127960980	DNA/hAT-Charlie	434	-	188	127960792	13717
chr11	127947075	128147075	harbor2	chr11	127961184	127961436	DNA/hAT-Charlie	491	-	126	127961310	14235
chr11	129162465	129362465	harbor2	chr11	129214771	129214947	DNA/hAT-Charlie	1065	-	88	129214859	52394
chr11	129162465	129362465	harbor2	chr11	129222770	129222875	DNA/hAT-Charlie	398	-	52	129222822	60357
chr11	129162465	129362465	harbor2	chr11	129222930	129223245	DNA/hAT-Charlie	1211	-	158	129223088	60623
chr11	111892459	112092459	harbor2	chr11	111909865	111910071	DNA/hAT-Charlie	766	-	103	111909968	17509
chr11	111892459	112092459	harbor2	chr11	111915106	111915252	DNA/hAT-Charlie	538	-	73	111915179	22720
chr11	111892459	112092459	harbor2	chr11	111934879	111935045	DNA/hAT-Charlie	703	-	83	111934962	42503
chr11	111892459	112092459	harbor2	chr11	111953984	111954457	DNA/hAT-Charlie	3389	-	236	111954220	61761
chr11	111892459	112092459	harbor2	chr11	111960662	111960832	DNA/hAT-Charlie	518	-	85	111960747	68288
chr11	111892459	112092459	harbor2	chr11	111961033	111961185	DNA/hAT-Charlie	735	-	76	111961109	68650
chr11	111892459	112092459	harbor2	chr11	111972697	111972764	DNA/hAT-Charlie	980	-	34	111972731	80272
chr11	111892459	112092459	harbor2	chr11	111973040	111973089	DNA/hAT-Charlie	980	-	24	111973064	80605
chr11	111892459	112092459	harbor2	chr11	111973386	111973603	DNA/hAT-Charlie	980	-	108	111973494	81035
chr11	116089504	116289504	harbor2	chr11	116098798	116098928	DNA/hAT-Charlie	428	-	65	116098863	9359
chr11	116089504	116289504	harbor2	chr11	116100509	116100681	DNA/hAT-Charlie	512	-	86	116100595	11091
chr11	116089504	116289504	harbor2	chr11	116103790	116103893	DNA/hAT-Charlie	2876	-	52	116103842	14338
chr11	116089504	116289504	harbor2	chr11	116104160	116104739	DNA/hAT-Charlie	2876	-	290	116104450	14946
chr11	116089504	116289504	harbor2	chr11	116106119	116106763	DNA/hAT-Charlie	2672	-	322	116106441	16937
chr11	116089504	116289504	harbor2	chr11	116183842	116183950	DNA/hAT-Charlie	389	-	54	116183896	94392
chr11	131592850	131792850	harbor2	chr11	131596294	131596500	DNA/hAT-Charlie	796	-	103	131596397	3547
chr11	131592850	131792850	harbor2	chr11	131603295	131603453	DNA/hAT-Charlie	707	-	79	131603374	10524
chr11	131592850	131792850	harbor2	chr11	131655075	131655251	DNA/hAT-Charlie	590	-	88	131655163	62313
chr11	123004849	123204849	harbor2	chr11	123005046	123005282	DNA/hAT-Charlie	965	-	118	123005164	315
chr11	125890316	126090316	harbor2	chr11	125915249	125915466	DNA/hAT-Charlie	1094	-	108	125915357	25041
chr11	125890316	126090316	harbor2	chr11	125930563	125930680	DNA/hAT-Charlie	420	-	58	125930621	40305
chr11	125890316	126090316	harbor2	chr11	125952277	125952566	DNA/hAT-Charlie	1306	-	144	125952421	62105
chr11	112904796	113104796	harbor2	chr11	112905831	112906055	DNA/hAT-Charlie	929	-	112	112905943	1147
chr11	112904796	113104796	harbor2	chr11	112917000	112917109	DNA/hAT-Charlie	446	-	54	112917054	12258
chr11	112904796	113104796	harbor2	chr11	112918942	112919102	DNA/hAT-Charlie	543	-	80	112919022	14226
chr11	112904796	113104796	harbor2	chr11	113002790	113002879	DNA/hAT-Charlie	384	-	44	113002834	98038
chr11	134703317	134903317	harbor2	chr11	134736342	134736481	DNA/hAT-Charlie	471	-	70	134736412	33095
chr11	134703317	134903317	harbor2	chr11	134757873	134758046	DNA/hAT-Charlie	740	-	86	134757959	54642
chr11	85378501	85578501	harbor2	chr11	85381095	85381344	DNA/hAT-Charlie	490	-	124	85381219	2718
chr11	79608636	79808636	harbor2	chr11	79612471	79612657	DNA/hAT-Charlie	490	-	93	79612564	3928
chr11	79608636	79808636	harbor2	chr11	79665453	79665679	DNA/hAT-Charlie	637	-	113	79665566	56930
chr11	79608636	79808636	harbor2	chr11	79680361	79680484	DNA/hAT-Charlie	570	-	62	79680423	71787
chr11	79608636	79808636	harbor2	chr11	79680489	79680688	DNA/hAT-Charlie	1009	-	100	79680589	71953
chr11	68235716	68435716	harbor2	chr11	68247193	68247413	DNA/hAT-Charlie	1628	-	110	68247303	11587
chr11	68235716	68435716	harbor2	chr11	68266974	68267188	DNA/hAT-Charlie	923	-	107	68267081	31365
chr11	112816776	113016776	harbor2	chr11	112843699	112843829	DNA/hAT-Charlie	845	-	65	112843764	26988
chr11	112816776	113016776	harbor2	chr11	112887912	112888163	DNA/hAT-Charlie	478	-	126	112888038	71262
chr11	112816776	113016776	harbor2	chr11	112905831	112906055	DNA/hAT-Charlie	929	-	112	112905943	89167
chr11	38637912	38837912	harbor2	chr11	38674868	38675078	DNA/hAT-Charlie	457	-	105	38674973	37061
chr11	38637912	38837912	harbor2	chr11	38735862	38736194	DNA/hAT-Charlie	1843	-	166	38736028	98116
chr11	38637912	38837912	harbor2	chr11	38736608	38736808	DNA/hAT-Charlie	832	-	100	38736708	98796
chr11	66826160	67026160	harbor2	chr11	66912213	66912380	DNA/hAT-Charlie	765	-	84	66912297	86137
chr11	131163137	131363137	harbor2	chr11	131205362	131205579	DNA/hAT-Charlie	846	-	108	131205470	42333
chr11	131163137	131363137	harbor2	chr11	131212966	131213160	DNA/hAT-Charlie	901	-	97	131213063	49926
chr11	131163137	131363137	harbor2	chr11	131233333	131233516	DNA/hAT-Charlie	418	-	92	131233425	70288
chr11	131163137	131363137	harbor2	chr11	131247601	131247794	DNA/hAT-Charlie	432	-	96	131247697	84560
chr11	106528181	106728181	harbor2	chr11	106602051	106602196	DNA/hAT-Charlie	811	-	72	106602123	73942
chr11	106528181	106728181	harbor2	chr11	106609970	106610035	DNA/hAT-Charlie	432	-	32	106610002	81821
chr11	106528181	106728181	harbor2	chr11	106610817	106610916	DNA/hAT-Charlie	420	-	50	106610867	82686
chr11	106528181	106728181	harbor2	chr11	106620359	106620503	DNA/hAT-Charlie	776	-	72	106620431	92250
chr11	106528181	106728181	harbor2	chr11	106620858	106620914	DNA/hAT-Charlie	776	-	28	106620886	92705
chr11	106528181	106728181	harbor2	chr11	106620924	106621102	DNA/hAT-Charlie	851	-	89	106621013	92832
chr11	121321596	121521596	harbor2	chr11	121384185	121384511	DNA/hAT-Charlie	1766	-	163	121384348	62752
chr11	84611613	84811613	harbor2	chr11	84657460	84657771	DNA/hAT-Charlie	1956	-	156	84657616	46003
chr11	113179290	113379290	harbor2	chr11	113206865	113207178	DNA/hAT-Charlie	635	-	156	113207021	27731
chr11	125988263	126188263	harbor2	chr11	126081712	126081892	DNA/hAT-Charlie	918	-	90	126081802	93539
chr11	78980672	79180672	harbor2	chr11	78984751	78984968	DNA/hAT-Charlie	644	-	108	78984859	4187
chr11	78980672	79180672	harbor2	chr11	79036090	79036226	DNA/hAT-Charlie	494	-	68	79036158	55486
chr11	78980672	79180672	harbor2	chr11	79040819	79040933	DNA/hAT-Charlie	372	-	57	79040876	60204
chr11	78980672	79180672	harbor2	chr11	79062395	79062614	DNA/hAT-Charlie	962	-	110	79062505	81833
chr11	78980672	79180672	harbor2	chr11	79077434	79077588	DNA/hAT-Charlie	429	-	77	79077511	96839
chr11	99089171	99289171	harbor2	chr11	99104253	99104391	DNA/hAT-Charlie	636	-	69	99104322	15151
chr11	89208181	89408181	harbor2	chr11	89221081	89221255	DNA/hAT-Charlie	551	-	87	89221168	12987
chr11	134192454	134392454	harbor2	chr11	134195403	134195605	DNA/hAT-Charlie	691	-	101	134195504	3050
chr11	134192454	134392454	harbor2	chr11	134195721	134195987	DNA/hAT-Charlie	778	-	133	134195854	3400
chr11	134192454	134392454	harbor2	chr11	134204335	134204447	DNA/hAT-Charlie	434	-	56	134204391	11937
chr11	134192454	134392454	harbor2	chr11	134227083	134227213	DNA/hAT-Charlie	604	-	65	134227148	34694
chr11	134192454	134392454	harbor2	chr11	134263341	134263519	DNA/hAT-Charlie	728	-	89	134263430	70976
chr11	122739781	122939781	harbor2	chr11	122759333	122759853	DNA/hAT-Charlie	3016	-	260	122759593	19812
chr11	122739781	122939781	harbor2	chr11	122771587	122771748	DNA/hAT-Charlie	2507	-	80	122771667	31886
chr11	122739781	122939781	harbor2	chr11	122771791	122772181	DNA/hAT-Charlie	2507	-	195	122771986	32205
chr11	125947387	126147387	harbor2	chr11	125952277	125952566	DNA/hAT-Charlie	1306	-	144	125952421	5034
chr11	36643658	36843658	harbor2	chr11	36689510	36689701	DNA/hAT-Charlie	441	-	96	36689606	45948
chr11	36643658	36843658	harbor2	chr11	36689985	36690100	DNA/hAT-Charlie	692	-	58	36690043	46385
chr11	36643658	36843658	harbor2	chr11	36690224	36690406	DNA/hAT-Charlie	816	-	91	36690315	46657
chr11	36643658	36843658	harbor2	chr11	36703665	36703849	DNA/hAT-Charlie	1061	-	92	36703757	60099
chr11	36643658	36843658	harbor2	chr11	36715566	36715755	DNA/hAT-Charlie	956	-	94	36715660	72002
chr11	36643658	36843658	harbor2	chr11	36720473	36720616	DNA/hAT-Charlie	399	-	72	36720545	76887
chr11	36643658	36843658	harbor2	chr11	36724496	36724670	DNA/hAT-Charlie	530	-	87	36724583	80925
chr11	130856728	131056728	harbor2	chr11	130885894	130886094	DNA/hAT-Charlie	719	-	100	130885994	29266
chr11	130856728	131056728	harbor2	chr11	130901038	130901269	DNA/hAT-Charlie	1163	-	116	130901154	44426
chr11	130856728	131056728	harbor2	chr11	130912844	130913164	DNA/hAT-Charlie	445	-	160	130913004	56276
chr11	130856728	131056728	harbor2	chr11	130944096	130944269	DNA/hAT-Charlie	519	-	86	130944182	87454
chr11	130856728	131056728	harbor2	chr11	130944611	130944783	DNA/hAT-Charlie	440	-	86	130944697	87969
chr11	120611621	120811621	harbor2	chr11	120623577	120623689	DNA/hAT-Charlie	475	-	56	120623633	12012
chr11	120611621	120811621	harbor2	chr11	120631266	120631416	DNA/hAT-Charlie	622	-	75	120631341	19720
chr11	120611621	120811621	harbor2	chr11	120694386	120694597	DNA/hAT-Charlie	443	-	106	120694492	82871
chr11	120611621	120811621	harbor2	chr11	120698084	120698288	DNA/hAT-Charlie	540	-	102	120698186	86565
chr11	120611621	120811621	harbor2	chr11	120704743	120704908	DNA/hAT-Charlie	597	-	82	120704825	93204
chr11	90422519	90622519	harbor2	chr11	90485784	90485968	DNA/hAT-Charlie	958	-	92	90485876	63357
chr11	119529564	119729564	harbor2	chr11	119550449	119550664	DNA/hAT-Charlie	851	-	108	119550557	20993
chr11	119529564	119729564	harbor2	chr11	119624798	119625000	DNA/hAT-Charlie	593	-	101	119624899	95335
chr11	119995821	120195821	harbor2	chr11	120015208	120015438	DNA/hAT-Charlie	998	-	115	120015323	19502
chr11	119995821	120195821	harbor2	chr11	120021402	120021728	DNA/hAT-Charlie	802	-	163	120021565	25744
chr11	119995821	120195821	harbor2	chr11	120053261	120053446	DNA/hAT-Charlie	386	-	92	120053353	57532
chr11	119225147	119425147	harbor2	chr11	119245244	119245435	DNA/hAT-Charlie	850	-	96	119245340	20193
chr11	119225147	119425147	harbor2	chr11	119246273	119246453	DNA/hAT-Charlie	2008	-	90	119246363	21216
chr11	119225147	119425147	harbor2	chr11	119246750	119247197	DNA/hAT-Charlie	2008	-	224	119246974	21827
chr11	119225147	119425147	harbor2	chr11	119313372	119313396	DNA/hAT-Charlie	1102	-	12	119313384	88237
chr11	119225147	119425147	harbor2	chr11	119313688	119313899	DNA/hAT-Charlie	1102	-	106	119313794	88647
chr11	121865952	122065952	harbor2	chr11	121866113	121866471	DNA/hAT-Charlie	1640	-	179	121866292	340
chr11	121865952	122065952	harbor2	chr11	121866469	121866593	DNA/hAT-Charlie	707	-	62	121866531	579
chr11	121865952	122065952	harbor2	chr11	121933203	121933560	DNA/hAT-Charlie	2298	-	178	121933381	67429
chr11	121865952	122065952	harbor2	chr11	121943245	121943306	DNA/hAT-Charlie	1150	-	30	121943275	77323
chr11	121865952	122065952	harbor2	chr11	121943607	121943766	DNA/hAT-Charlie	1150	-	80	121943687	77735
chr11	121865952	122065952	harbor2	chr11	121943781	121943941	DNA/hAT-Charlie	675	-	80	121943861	77909
chr11	121865952	122065952	harbor2	chr11	121960339	121960538	DNA/hAT-Charlie	1186	-	100	121960439	94487
chr11	57741315	57941315	harbor2	chr11	57789572	57789789	DNA/hAT-Charlie	1428	-	108	57789680	48365
chr11	57741315	57941315	harbor2	chr11	57798734	57798885	DNA/hAT-Charlie	434	-	76	57798810	57495
chr11	57741315	57941315	harbor2	chr11	57834657	57834759	DNA/hAT-Charlie	451	-	51	57834708	93393
chr11	30448581	30648581	harbor2	chr11	30464169	30464268	DNA/hAT-Charlie	465	-	50	30464219	15638
chr11	30448581	30648581	harbor2	chr11	30464300	30464389	DNA/hAT-Charlie	465	-	44	30464344	15763
chr11	30448581	30648581	harbor2	chr11	30468048	30468229	DNA/hAT-Charlie	734	-	90	30468138	19557
chr11	30448581	30648581	harbor2	chr11	30468258	30468382	DNA/hAT-Charlie	734	-	62	30468320	19739
chr11	30448581	30648581	harbor2	chr11	30516010	30516202	DNA/hAT-Charlie	622	-	96	30516106	67525
chr11	131701632	131901632	harbor2	chr11	131725823	131726000	DNA/hAT-Charlie	659	-	88	131725911	24279
chr11	97003824	97203824	harbor2	chr11	97027098	97027293	DNA/hAT-Charlie	728	-	98	97027196	23372
chr11	97003824	97203824	harbor2	chr11	97027371	97027494	DNA/hAT-Charlie	575	-	62	97027433	23609
chr11	97003824	97203824	harbor2	chr11	97027500	97027619	DNA/hAT-Charlie	413	-	60	97027560	23736
chr11	97003824	97203824	harbor2	chr11	97059520	97059650	DNA/hAT-Charlie	572	-	65	97059585	55761
chr11	97003824	97203824	harbor2	chr11	97074696	97074826	DNA/hAT-Charlie	717	-	65	97074761	70937
chr11	134178511	134378511	harbor2	chr11	134195403	134195605	DNA/hAT-Charlie	691	-	101	134195504	16993
chr11	134178511	134378511	harbor2	chr11	134195721	134195987	DNA/hAT-Charlie	778	-	133	134195854	17343
chr11	134178511	134378511	harbor2	chr11	134204335	134204447	DNA/hAT-Charlie	434	-	56	134204391	25880
chr11	134178511	134378511	harbor2	chr11	134227083	134227213	DNA/hAT-Charlie	604	-	65	134227148	48637
chr11	134178511	134378511	harbor2	chr11	134263341	134263519	DNA/hAT-Charlie	728	-	89	134263430	84919
chr11	127804035	128004035	harbor2	chr11	127814591	127814712	DNA/hAT-Charlie	476	-	60	127814651	10616
chr11	127804035	128004035	harbor2	chr11	127846647	127846835	DNA/hAT-Charlie	726	-	94	127846741	42706
chr11	127804035	128004035	harbor2	chr11	127856664	127856789	DNA/hAT-Charlie	450	-	62	127856726	52691
chr11	127804035	128004035	harbor2	chr11	127857021	127857206	DNA/hAT-Charlie	691	-	92	127857113	53078
chr11	103934155	104134155	harbor2	chr11	103941098	103941278	DNA/hAT-Charlie	411	-	90	103941188	7033
chr11	103934155	104134155	harbor2	chr11	103972146	103972384	DNA/hAT-Charlie	939	-	119	103972265	38110
chr11	103934155	104134155	harbor2	chr11	104002696	104002909	DNA/hAT-Charlie	660	-	106	104002802	68647
chr11	117252503	117452503	harbor2	chr11	117272833	117273364	DNA/hAT-Charlie	1908	-	266	117273099	20596
chr11	117252503	117452503	harbor2	chr11	117305713	117305754	DNA/hAT-Charlie	426	-	20	117305733	53230
chr11	117252503	117452503	harbor2	chr11	117306066	117306252	DNA/hAT-Charlie	426	-	93	117306159	53656
chr11	131522932	131722932	harbor2	chr11	131575129	131575240	DNA/hAT-Charlie	537	-	56	131575185	52253
chr11	131522932	131722932	harbor2	chr11	131596294	131596500	DNA/hAT-Charlie	796	-	103	131596397	73465
chr11	131522932	131722932	harbor2	chr11	131603295	131603453	DNA/hAT-Charlie	707	-	79	131603374	80442
chr11	124311035	124511035	harbor2	chr11	124351987	124352100	DNA/hAT-Charlie	605	-	56	124352043	41008
chr11	124311035	124511035	harbor2	chr11	124371630	124372361	DNA/hAT-Charlie	882	-	366	124371996	60961
chr11	124311035	124511035	harbor2	chr11	124379180	124379399	DNA/hAT-Charlie	639	-	110	124379290	68255
chr11	124311035	124511035	harbor2	chr11	124390359	124390554	DNA/hAT-Charlie	1178	-	98	124390457	79422
chr11	124311035	124511035	harbor2	chr11	124400901	124401055	DNA/hAT-Charlie	1940	-	77	124400978	89943
chr11	124311035	124511035	harbor2	chr11	124401433	124402081	DNA/hAT-Charlie	1940	-	324	124401757	90722
chr11	94657573	94857573	harbor2	chr11	94664178	94664356	DNA/hAT-Charlie	676	-	89	94664267	6694
chr11	94657573	94857573	harbor2	chr11	94674792	94674990	DNA/hAT-Charlie	650	-	99	94674891	17318
chr11	94657573	94857573	harbor2	chr11	94695244	94695418	DNA/hAT-Charlie	398	-	87	94695331	37758
chr11	94657573	94857573	harbor2	chr11	94696376	94696533	DNA/hAT-Charlie	697	-	78	94696454	38881
chr11	94657573	94857573	harbor2	chr11	94719843	94720023	DNA/hAT-Charlie	664	-	90	94719933	62360
chr11	94657573	94857573	harbor2	chr11	94755591	94755611	DNA/hAT-Charlie	702	-	10	94755601	98028
chr11	94657573	94857573	harbor2	chr11	94756382	94756608	DNA/hAT-Charlie	702	-	113	94756495	98922
chr11	42131070	42331070	harbor2	chr11	42139075	42139271	DNA/hAT-Charlie	1206	-	98	42139173	8103
chr11	42131070	42331070	harbor2	chr11	42228294	42228513	DNA/hAT-Charlie	1098	-	110	42228404	97334
chr11	123325886	123525886	harbor2	chr11	123327028	123327068	DNA/hAT-Charlie	1079	-	20	123327048	1162
chr11	123325886	123525886	harbor2	chr11	123327370	123327757	DNA/hAT-Charlie	1079	-	194	123327564	1678
chr11	123325886	123525886	harbor2	chr11	123328072	123328211	DNA/hAT-Charlie	596	-	70	123328142	2256
chr11	123325886	123525886	harbor2	chr11	123328222	123328439	DNA/hAT-Charlie	703	-	108	123328330	2444
chr11	123325886	123525886	harbor2	chr11	123333564	123333758	DNA/hAT-Charlie	921	-	97	123333661	7775
chr11	123325886	123525886	harbor2	chr11	123354795	123355094	DNA/hAT-Charlie	827	-	150	123354945	29059
chr11	123325886	123525886	harbor2	chr11	123384787	123384993	DNA/hAT-Charlie	918	-	103	123384890	59004
chr11	123646098	123846098	harbor2	chr11	123689704	123689895	DNA/hAT-Charlie	982	-	96	123689800	43702
chr11	123646098	123846098	harbor2	chr11	123704002	123704222	DNA/hAT-Charlie	1685	-	110	123704112	58014
chr11	101437089	101637089	harbor2	chr11	101446477	101446650	DNA/hAT-Charlie	475	-	86	101446563	9474
chr11	101437089	101637089	harbor2	chr11	101456541	101456756	DNA/hAT-Charlie	917	-	108	101456649	19560
chr11	101437089	101637089	harbor2	chr11	101467657	101467855	DNA/hAT-Charlie	632	-	99	101467756	30667
chr11	101437089	101637089	harbor2	chr11	101493155	101493385	DNA/hAT-Charlie	1419	-	115	101493270	56181
chr11	134735334	134935334	harbor2	chr11	134736342	134736481	DNA/hAT-Charlie	471	-	70	134736412	1078
chr11	134735334	134935334	harbor2	chr11	134757873	134758046	DNA/hAT-Charlie	740	-	86	134757959	22625
chr11	121975182	122175182	harbor2	chr11	122020680	122021155	DNA/hAT-Charlie	2015	-	238	122020918	45736
chr11	121975182	122175182	harbor2	chr11	122024955	122025277	DNA/hAT-Charlie	1330	-	161	122025116	49934
chr11	126764677	126964677	harbor2	chr11	126817703	126817890	DNA/hAT-Charlie	435	-	94	126817797	53120
chr11	126764677	126964677	harbor2	chr11	126825272	126825716	DNA/hAT-Charlie	2074	-	222	126825494	60817
chr11	126764677	126964677	harbor2	chr11	126856022	126856193	DNA/hAT-Charlie	501	-	86	126856108	91431
chr11	85083028	85283028	harbor2	chr11	85122577	85122749	DNA/hAT-Charlie	545	-	86	85122663	39635
chr11	85083028	85283028	harbor2	chr11	85165203	85165286	DNA/hAT-Charlie	381	-	42	85165245	82217
chr11	130927594	131127594	harbor2	chr11	130944096	130944269	DNA/hAT-Charlie	519	-	86	130944182	16588
chr11	130927594	131127594	harbor2	chr11	130944611	130944783	DNA/hAT-Charlie	440	-	86	130944697	17103
chr11	130927594	131127594	harbor2	chr11	131000334	131000557	DNA/hAT-Charlie	969	-	112	131000446	72852
chr11	130927594	131127594	harbor2	chr11	131001068	131001177	DNA/hAT-Charlie	429	-	54	131001122	73528
chr11	69870248	70070248	harbor2	chr11	69871076	69871286	DNA/hAT-Charlie	1383	-	105	69871181	933
chr11	69870248	70070248	harbor2	chr11	69941734	69941912	DNA/hAT-Charlie	726	-	89	69941823	71575
chr11	69870248	70070248	harbor2	chr11	69966930	69967142	DNA/hAT-Charlie	867	-	106	69967036	96788
chr11	97897428	98097428	harbor2	chr11	97903957	97904088	DNA/hAT-Charlie	422	-	66	97904023	6595
chr11	57033219	57233219	harbor2	chr11	57109441	57109586	DNA/hAT-Charlie	714	-	72	57109513	76294
chr11	57033219	57233219	harbor2	chr11	57114208	57114467	DNA/hAT-Charlie	854	-	130	57114338	81119
chr11	57033219	57233219	harbor2	chr11	57119282	57119429	DNA/hAT-Charlie	402	-	74	57119356	86137
chr11	108537014	108737014	harbor2	chr11	108620611	108620825	DNA/hAT-Charlie	455	-	107	108620718	83704
chr11	108537014	108737014	harbor2	chr11	108621048	108621222	DNA/hAT-Charlie	468	-	87	108621135	84121
chr11	68472860	68672860	harbor2	chr11	68491782	68491971	DNA/hAT-Charlie	1159	-	94	68491876	19016
chr11	68472860	68672860	harbor2	chr11	68502130	68502432	DNA/hAT-Charlie	1178	-	151	68502281	29421
chr11	68472860	68672860	harbor2	chr11	68521633	68522878	DNA/hAT-Charlie	5229	-	622	68522255	49395
chr11	68472860	68672860	harbor2	chr11	68534289	68534418	DNA/hAT-Charlie	623	-	64	68534353	61493
chr11	68472860	68672860	harbor2	chr11	68555426	68555549	DNA/hAT-Charlie	531	-	62	68555488	82628
chr11	134702523	134902523	harbor2	chr11	134736342	134736481	DNA/hAT-Charlie	471	-	70	134736412	33889
chr11	134702523	134902523	harbor2	chr11	134757873	134758046	DNA/hAT-Charlie	740	-	86	134757959	55436
chr11	132208572	132408572	harbor2	chr11	132238758	132238887	DNA/hAT-Charlie	700	-	64	132238822	30250
chr11	132208572	132408572	harbor2	chr11	132254815	132255025	DNA/hAT-Charlie	887	-	105	132254920	46348
chr11	96699014	96899014	harbor2	chr11	96750529	96750862	DNA/hAT-Charlie	763	-	166	96750695	51681
chr11	96699014	96899014	harbor2	chr11	96765203	96765410	DNA/hAT-Charlie	770	-	104	96765307	66293
chr11	96699014	96899014	harbor2	chr11	96765970	96766151	DNA/hAT-Charlie	499	-	90	96766060	67046
chr11	105217804	105417804	harbor2	chr11	105260594	105260806	DNA/hAT-Charlie	885	-	106	105260700	42896
chr11	76071393	76271393	harbor2	chr11	76085370	76085603	DNA/hAT-Charlie	902	-	116	76085486	14093
chr11	76071393	76271393	harbor2	chr11	76125887	76125950	DNA/hAT-Charlie	1109	-	32	76125919	54526
chr11	76071393	76271393	harbor2	chr11	76126241	76126512	DNA/hAT-Charlie	1109	-	136	76126377	54984
chr11	77900685	78100685	harbor2	chr11	77904284	77904615	DNA/hAT-Charlie	1251	-	166	77904450	3765
chr11	77900685	78100685	harbor2	chr11	77914577	77914796	DNA/hAT-Charlie	1343	-	110	77914687	14002
chr11	77900685	78100685	harbor2	chr11	77930534	77930698	DNA/hAT-Charlie	506	-	82	77930616	29931
chr11	77900685	78100685	harbor2	chr11	77954536	77954867	DNA/hAT-Charlie	1936	-	166	77954702	54017
chr11	77900685	78100685	harbor2	chr11	77962564	77962766	DNA/hAT-Charlie	421	-	101	77962665	61980
chr11	67792776	67992776	harbor2	chr11	67794695	67794868	DNA/hAT-Charlie	1154	-	86	67794781	2005
chr11	67792776	67992776	harbor2	chr11	67827399	67827463	DNA/hAT-Charlie	777	-	32	67827431	34655
chr11	67792776	67992776	harbor2	chr11	67827757	67827901	DNA/hAT-Charlie	777	-	72	67827829	35053
chr11	67792776	67992776	harbor2	chr11	67827922	67828419	DNA/hAT-Charlie	3164	-	248	67828170	35394
chr11	67792776	67992776	harbor2	chr11	67836253	67836278	DNA/hAT-Charlie	467	-	12	67836265	43489
chr11	67792776	67992776	harbor2	chr11	67836576	67836693	DNA/hAT-Charlie	467	-	58	67836634	43858
chr11	67792776	67992776	harbor2	chr11	67889713	67889825	DNA/hAT-Charlie	1074	-	56	67889769	96993
chr11	67792776	67992776	harbor2	chr11	67890216	67890332	DNA/hAT-Charlie	1074	-	58	67890274	97498
chr11	119118132	119318132	harbor2	chr11	119217480	119217645	DNA/hAT-Charlie	661	-	82	119217562	99430
chr11	92856785	93056785	harbor2	chr11	92887575	92887687	DNA/hAT-Charlie	461	-	56	92887631	30846
chr11	92856785	93056785	harbor2	chr11	92953765	92954058	DNA/hAT-Charlie	413	-	146	92953911	97126
chr11	50059486	50259486	harbor2	chr11	50078580	50078987	DNA/hAT-Charlie	2343	-	204	50078784	19298
chr11	50059486	50259486	harbor2	chr11	50087890	50088316	DNA/hAT-Charlie	2791	-	213	50088103	28617
chr11	50059486	50259486	harbor2	chr11	50097900	50098370	DNA/hAT-Charlie	3308	-	235	50098135	38649
chr11	50059486	50259486	harbor2	chr11	50108952	50109172	DNA/hAT-Charlie	1083	-	110	50109062	49576
chr11	74106055	74306055	harbor2	chr11	74124390	74124596	DNA/hAT-Charlie	854	-	103	74124493	18438
chr11	74106055	74306055	harbor2	chr11	74154589	74154801	DNA/hAT-Charlie	863	-	106	74154695	48640
chr11	74106055	74306055	harbor2	chr11	74181758	74182076	DNA/hAT-Charlie	1517	-	159	74181917	75862
chr11	74106055	74306055	harbor2	chr11	74205829	74206106	DNA/hAT-Charlie	906	-	138	74205967	99912
chr11	107198782	107398782	harbor2	chr11	107199413	107199600	DNA/hAT-Charlie	368	-	94	107199507	725
chr11	107198782	107398782	harbor2	chr11	107212874	107213066	DNA/hAT-Charlie	567	-	96	107212970	14188
chr11	119385523	119585523	harbor2	chr11	119385529	119385642	DNA/hAT-Charlie	577	-	56	119385585	62
chr11	119385523	119585523	harbor2	chr11	119407087	119407429	DNA/hAT-Charlie	2154	-	171	119407258	21735
chr11	119385523	119585523	harbor2	chr11	119475650	119475840	DNA/hAT-Charlie	851	-	95	119475745	90222
chr11	70428808	70628808	harbor2	chr11	70460550	70460648	DNA/hAT-Charlie	654	-	49	70460599	31791
chr11	70428808	70628808	harbor2	chr11	70460681	70460770	DNA/hAT-Charlie	654	-	44	70460725	31917
chr11	70428808	70628808	harbor2	chr11	70512106	70512314	DNA/hAT-Charlie	994	-	104	70512210	83402
chr11	72304702	72504702	harbor2	chr11	72316166	72316339	DNA/hAT-Charlie	804	-	86	72316252	11550
chr11	72304702	72504702	harbor2	chr11	72354185	72354405	DNA/hAT-Charlie	739	-	110	72354295	49593
chr11	81056099	81256099	harbor2	chr11	81089847	81090025	DNA/hAT-Charlie	783	-	89	81089936	33837
chr11	81056099	81256099	harbor2	chr11	81101283	81101535	DNA/hAT-Charlie	468	-	126	81101409	45310
chr11	81056099	81256099	harbor2	chr11	81145876	81146065	DNA/hAT-Charlie	770	-	94	81145970	89871
chr11	128205223	128405223	harbor2	chr11	128245904	128246132	DNA/hAT-Charlie	827	-	114	128246018	40795
chr11	128205223	128405223	harbor2	chr11	128253026	128253244	DNA/hAT-Charlie	1325	-	109	128253135	47912
chr11	100744923	100944923	harbor2	chr11	100771562	100771603	DNA/hAT-Charlie	408	-	20	100771582	26659
chr11	100744923	100944923	harbor2	chr11	100771899	100772007	DNA/hAT-Charlie	408	-	54	100771953	27030
chr11	100744923	100944923	harbor2	chr11	100794424	100794535	DNA/hAT-Charlie	580	-	56	100794480	49557
chr11	100744923	100944923	harbor2	chr11	100813164	100813366	DNA/hAT-Charlie	870	-	101	100813265	68342
chr11	100744923	100944923	harbor2	chr11	100817110	100817302	DNA/hAT-Charlie	753	-	96	100817206	72283
chr11	93509214	93709214	harbor2	chr11	93513324	93513481	DNA/hAT-Charlie	436	-	78	93513402	4188
chr11	49734957	49934957	harbor2	chr11	49766475	49766621	DNA/hAT-Charlie	440	-	73	49766548	31591
chr11	49734957	49934957	harbor2	chr11	49767860	49768078	DNA/hAT-Charlie	879	-	109	49767969	33012
chr11	122022191	122222191	harbor2	chr11	122024955	122025277	DNA/hAT-Charlie	1330	-	161	122025116	2925
chr11	76838906	77038906	harbor2	chr11	76872773	76872868	DNA/hAT-Charlie	492	-	48	76872821	33915
chr11	76838906	77038906	harbor2	chr11	76873207	76873277	DNA/hAT-Charlie	367	-	35	76873242	34336
chr11	76838906	77038906	harbor2	chr11	76878323	76878468	DNA/hAT-Charlie	852	-	72	76878395	39489
chr11	76838906	77038906	harbor2	chr11	76896805	76896951	DNA/hAT-Charlie	4808	-	73	76896878	57972
chr11	76838906	77038906	harbor2	chr11	76897257	76898259	DNA/hAT-Charlie	4808	-	501	76897758	58852
chr11	76838906	77038906	harbor2	chr11	76935735	76935936	DNA/hAT-Charlie	1147	-	100	76935835	96929
chr11	88138487	88338487	harbor2	chr11	88143339	88143527	DNA/hAT-Charlie	1002	-	94	88143433	4946
chr11	88138487	88338487	harbor2	chr11	88150210	88150412	DNA/hAT-Charlie	791	-	101	88150311	11824
chr11	130639853	130839853	harbor2	chr11	130652735	130652952	DNA/hAT-Charlie	881	-	108	130652843	12990
chr11	130639853	130839853	harbor2	chr11	130671031	130671209	DNA/hAT-Charlie	758	-	89	130671120	31267
chr11	130639853	130839853	harbor2	chr11	130737318	130737450	DNA/hAT-Charlie	627	-	66	130737384	97531
chr11	123675965	123875965	harbor2	chr11	123689704	123689895	DNA/hAT-Charlie	982	-	96	123689800	13835
chr11	123675965	123875965	harbor2	chr11	123704002	123704222	DNA/hAT-Charlie	1685	-	110	123704112	28147
chr11	114688660	114888660	harbor2	chr11	114709080	114709226	DNA/hAT-Charlie	782	-	73	114709153	20493
chr11	114688660	114888660	harbor2	chr11	114709232	114709561	DNA/hAT-Charlie	884	-	164	114709396	20736
chr11	114688660	114888660	harbor2	chr11	114713322	114713425	DNA/hAT-Charlie	2271	-	52	114713374	24714
chr11	114688660	114888660	harbor2	chr11	114713655	114714419	DNA/hAT-Charlie	2271	-	382	114714037	25377
chr11	114688660	114888660	harbor2	chr11	114715220	114715825	DNA/hAT-Charlie	970	-	302	114715522	26862
chr11	114688660	114888660	harbor2	chr11	114728642	114728801	DNA/hAT-Charlie	853	-	80	114728722	40062
chr11	114688660	114888660	harbor2	chr11	114756973	114757149	DNA/hAT-Charlie	407	-	88	114757061	68401
chr11	114688660	114888660	harbor2	chr11	114763172	114763525	DNA/hAT-Charlie	880	-	176	114763348	74688
chr11	114688660	114888660	harbor2	chr11	114776803	114777347	DNA/hAT-Charlie	2062	-	272	114777075	88415
chr11	73380972	73580972	harbor2	chr11	73396841	73397123	DNA/hAT-Charlie	1233	-	141	73396982	16010
chr11	73380972	73580972	harbor2	chr11	73450343	73450467	DNA/hAT-Charlie	615	-	62	73450405	69433
chr11	73380972	73580972	harbor2	chr11	73467830	73468072	DNA/hAT-Charlie	824	-	121	73467951	86979
chr11	127044278	127244278	harbor2	chr11	127057611	127057823	DNA/hAT-Charlie	1093	-	106	127057717	13439
chr11	127044278	127244278	harbor2	chr11	127123243	127123318	DNA/hAT-Charlie	650	-	38	127123281	79003
chr11	127044278	127244278	harbor2	chr11	127123623	127123825	DNA/hAT-Charlie	650	-	101	127123724	79446
chr11	129598243	129798243	harbor2	chr11	129681274	129681614	DNA/hAT-Charlie	1111	-	170	129681444	83201
chr11	134858538	135058538	harbor2	chr11	134920796	134921288	DNA/hAT-Charlie	971	-	246	134921042	62504
chr11	104548764	104748764	harbor2	chr11	104595632	104595746	DNA/hAT-Charlie	420	-	57	104595689	46925
chr11	73929600	74129600	harbor2	chr11	73955153	73955307	DNA/hAT-Charlie	623	-	77	73955230	25630
chr11	73929600	74129600	harbor2	chr11	74008233	74008411	DNA/hAT-Charlie	387	-	89	74008322	78722
chr11	132588900	132788900	harbor2	chr11	132645710	132645912	DNA/hAT-Charlie	1118	-	101	132645811	56911
chr11	132588900	132788900	harbor2	chr11	132659569	132659704	DNA/hAT-Charlie	3289	-	68	132659637	70737
chr11	132588900	132788900	harbor2	chr11	132659732	132660623	DNA/hAT-Charlie	3289	-	446	132660178	71278
chr11	132588900	132788900	harbor2	chr11	132662127	132662280	DNA/hAT-Charlie	564	-	76	132662203	73303
chr11	133255352	133455352	harbor2	chr11	133275249	133275552	DNA/hAT-Charlie	505	-	152	133275401	20049
chr11	133255352	133455352	harbor2	chr11	133335007	133335173	DNA/hAT-Charlie	540	-	83	133335090	79738
chr11	123949492	124149492	harbor2	chr11	123989927	123990087	DNA/hAT-Charlie	718	-	80	123990007	40515
chr11	133996879	134196879	harbor2	chr11	134087842	134088042	DNA/hAT-Charlie	914	-	100	134087942	91063
chr11	130492466	130692466	harbor2	chr11	130513715	130513806	DNA/hAT-Charlie	859	-	46	130513761	21295
chr11	130492466	130692466	harbor2	chr11	130514097	130514177	DNA/hAT-Charlie	859	-	40	130514137	21671
chr11	130492466	130692466	harbor2	chr11	130571211	130571397	DNA/hAT-Charlie	926	-	93	130571304	78838
chr11	57904710	58104710	harbor2	chr11	57915341	57915570	DNA/hAT-Charlie	577	-	114	57915455	10745
chr11	57904710	58104710	harbor2	chr11	57915884	57915904	DNA/hAT-Charlie	577	-	10	57915894	11184
chr11	57904710	58104710	harbor2	chr11	57974117	57974309	DNA/hAT-Charlie	541	-	96	57974213	69503
chr11	104593410	104793410	harbor2	chr11	104595632	104595746	DNA/hAT-Charlie	420	-	57	104595689	2279
chr11	104593410	104793410	harbor2	chr11	104690887	104690961	DNA/hAT-Charlie	575	-	37	104690924	97514
chr11	104593410	104793410	harbor2	chr11	104691254	104691387	DNA/hAT-Charlie	575	-	66	104691320	97910
chr11	60426000	60626000	harbor2	chr11	60430409	60430590	DNA/hAT-Charlie	600	-	90	60430499	4499
chr11	60426000	60626000	harbor2	chr11	60448552	60448748	DNA/hAT-Charlie	825	-	98	60448650	22650
chr11	60426000	60626000	harbor2	chr11	60496900	60497156	DNA/hAT-Charlie	1542	-	128	60497028	71028
chr11	60426000	60626000	harbor2	chr11	60516567	60516739	DNA/hAT-Charlie	409	-	86	60516653	90653
chr11	101939647	102139647	harbor2	chr11	101943696	101943807	DNA/hAT-Charlie	447	-	56	101943752	4105
chr11	101939647	102139647	harbor2	chr11	101977743	101978123	DNA/hAT-Charlie	978	-	190	101977933	38286
chr11	101939647	102139647	harbor2	chr11	101989277	101989484	DNA/hAT-Charlie	1038	-	104	101989381	49734
chr11	101939647	102139647	harbor2	chr11	101995368	101995426	DNA/hAT-Charlie	438	-	29	101995397	55750
chr11	101939647	102139647	harbor2	chr11	102029942	102030109	DNA/hAT-Charlie	696	-	84	102030026	90379
chr11	132793627	132993627	harbor2	chr11	132816256	132816548	DNA/hAT-Charlie	1112	-	146	132816402	22775
chr11	132793627	132993627	harbor2	chr11	132844622	132844817	DNA/hAT-Charlie	822	-	98	132844720	51093
chr11	102144386	102344386	harbor2	chr11	102158431	102158587	DNA/hAT-Charlie	677	-	78	102158509	14123
chr11	102144386	102344386	harbor2	chr11	102173954	102174110	DNA/hAT-Charlie	668	-	78	102174032	29646
chr11	102144386	102344386	harbor2	chr11	102203077	102203256	DNA/hAT-Charlie	663	-	90	102203167	58781
chr11	102144386	102344386	harbor2	chr11	102221272	102221441	DNA/hAT-Charlie	1177	-	84	102221356	76970
chr11	102144386	102344386	harbor2	chr11	102221746	102222023	DNA/hAT-Charlie	1177	-	138	102221884	77498
chr11	112134148	112334148	harbor2	chr11	112165910	112166157	DNA/hAT-Charlie	486	-	124	112166034	31886
chr11	121472785	121672785	harbor2	chr11	121509134	121509481	DNA/hAT-Charlie	568	-	174	121509308	36523
chr11	121472785	121672785	harbor2	chr11	121509774	121509844	DNA/hAT-Charlie	568	-	35	121509809	37024
chr11	121472785	121672785	harbor2	chr11	121512084	121512226	DNA/hAT-Charlie	400	-	71	121512155	39370
chr11	121472785	121672785	harbor2	chr11	121514390	121514563	DNA/hAT-Charlie	688	-	86	121514476	41691
chr11	121472785	121672785	harbor2	chr11	121546630	121546805	DNA/hAT-Charlie	568	-	88	121546718	73933
chr11	121472785	121672785	harbor2	chr11	121546821	121546980	DNA/hAT-Charlie	690	-	80	121546901	74116
chr11	121472785	121672785	harbor2	chr11	121548043	121548187	DNA/hAT-Charlie	401	-	72	121548115	75330
chr11	56520612	56720612	harbor2	chr11	56527866	56528190	DNA/hAT-Charlie	1722	-	162	56528028	7416
chr11	56520612	56720612	harbor2	chr11	56542005	56542170	DNA/hAT-Charlie	530	-	82	56542087	21475
chr11	112183940	112383940	harbor2	chr11	112265005	112265166	DNA/hAT-Charlie	627	-	80	112265085	81145
chr11	86803997	87003997	harbor2	chr11	86811013	86811301	DNA/hAT-Charlie	484	-	144	86811157	7160
chr11	86803997	87003997	harbor2	chr11	86889857	86889986	DNA/hAT-Charlie	577	-	64	86889921	85924
chr11	86803997	87003997	harbor2	chr11	86890283	86890327	DNA/hAT-Charlie	577	-	22	86890305	86308
chr11	86803997	87003997	harbor2	chr11	86892827	86892900	DNA/hAT-Charlie	473	-	36	86892863	88866
chr11	86803997	87003997	harbor2	chr11	86893339	86893482	DNA/hAT-Charlie	473	-	72	86893411	89414
chr11	130816546	131016546	harbor2	chr11	130816856	130817100	DNA/hAT-Charlie	795	-	122	130816978	432
chr11	130816546	131016546	harbor2	chr11	130885894	130886094	DNA/hAT-Charlie	719	-	100	130885994	69448
chr11	130816546	131016546	harbor2	chr11	130901038	130901269	DNA/hAT-Charlie	1163	-	116	130901154	84608
chr11	130816546	131016546	harbor2	chr11	130912844	130913164	DNA/hAT-Charlie	445	-	160	130913004	96458
chr11	128074175	128274175	harbor2	chr11	128132867	128133077	DNA/hAT-Charlie	803	-	105	128132972	58797
chr11	128074175	128274175	harbor2	chr11	128151342	128151441	DNA/hAT-Charlie	706	-	50	128151392	77217
chr11	128074175	128274175	harbor2	chr11	128151622	128151694	DNA/hAT-Charlie	706	-	36	128151658	77483
chr11	121650782	121850782	harbor2	chr11	121683418	121683690	DNA/hAT-Charlie	1235	-	136	121683554	32772
chr11	121650782	121850782	harbor2	chr11	121683689	121683841	DNA/hAT-Charlie	529	-	76	121683765	32983
chr11	121650782	121850782	harbor2	chr11	121691161	121691185	DNA/hAT-Charlie	1451	-	12	121691173	40391
chr11	121650782	121850782	harbor2	chr11	121691511	121691961	DNA/hAT-Charlie	1451	-	225	121691736	40954
chr11	121650782	121850782	harbor2	chr11	121702858	121703028	DNA/hAT-Charlie	813	-	85	121702943	52161
chr12	119639906	119839906	harbor2	chr12	119684234	119684454	DNA/hAT-Charlie	1292	-	110	119684344	44438
chr12	119639906	119839906	harbor2	chr12	119704529	119704734	DNA/hAT-Charlie	1025	-	102	119704631	64725
chr12	108289208	108489208	harbor2	chr12	108323091	108323337	DNA/hAT-Charlie	689	-	123	108323214	34006
chr12	108289208	108489208	harbor2	chr12	108323370	108323410	DNA/hAT-Charlie	689	-	20	108323390	34182
chr12	108289208	108489208	harbor2	chr12	108354697	108354888	DNA/hAT-Charlie	458	-	96	108354793	65585
chr12	108289208	108489208	harbor2	chr12	108357017	108357195	DNA/hAT-Charlie	658	-	89	108357106	67898
chr12	108289208	108489208	harbor2	chr12	108358316	108358453	DNA/hAT-Charlie	528	-	68	108358384	69176
chr12	108289208	108489208	harbor2	chr12	108359053	108359402	DNA/hAT-Charlie	456	-	174	108359227	70019
chr12	108289208	108489208	harbor2	chr12	108368146	108368346	DNA/hAT-Charlie	513	-	100	108368246	79038
chr12	108289208	108489208	harbor2	chr12	108381307	108381382	DNA/hAT-Charlie	442	-	38	108381345	92137
chr12	108289208	108489208	harbor2	chr12	108382401	108382589	DNA/hAT-Charlie	537	-	94	108382495	93287
chr12	114870048	115070048	harbor2	chr12	114873530	114873881	DNA/hAT-Charlie	1071	-	176	114873706	3658
chr12	114870048	115070048	harbor2	chr12	114935673	114935889	DNA/hAT-Charlie	1077	-	108	114935781	65733
chr12	32726335	32926335	harbor2	chr12	32769737	32769971	DNA/hAT-Charlie	507	-	117	32769854	43519
chr12	32726335	32926335	harbor2	chr12	32751613	32751896	DNA/hAT-Charlie	1568	-	142	32751755	25420
chr12	130343067	130543067	harbor2	chr12	130347696	130348025	DNA/hAT-Charlie	1177	-	164	130347860	4793
chr12	130343067	130543067	harbor2	chr12	130376184	130376294	DNA/hAT-Charlie	607	-	55	130376239	33172
chr12	130343067	130543067	harbor2	chr12	130376274	130376506	DNA/hAT-Charlie	745	-	116	130376390	33323
chr12	130343067	130543067	harbor2	chr12	130431884	130432059	DNA/hAT-Charlie	450	-	88	130431972	88905
chr12	55930913	56130913	harbor2	chr12	56018541	56018800	DNA/hAT-Charlie	827	-	130	56018671	87758
chr12	129287037	129487037	harbor2	chr12	129293397	129293920	DNA/hAT-Charlie	3848	-	262	129293659	6622
chr12	129287037	129487037	harbor2	chr12	129326691	129327063	DNA/hAT-Charlie	1166	-	186	129326877	39840
chr12	129287037	129487037	harbor2	chr12	129327383	129327569	DNA/hAT-Charlie	758	-	93	129327476	40439
chr12	129287037	129487037	harbor2	chr12	129369907	129370246	DNA/hAT-Charlie	543	-	170	129370077	83040
chr12	129287037	129487037	harbor2	chr12	129375365	129375544	DNA/hAT-Charlie	532	-	90	129375455	88418
chr12	129287037	129487037	harbor2	chr12	129375829	129375996	DNA/hAT-Charlie	433	-	84	129375913	88876
chr12	69880314	70080314	harbor2	chr12	69880639	69880793	DNA/hAT-Charlie	773	-	77	69880716	402
chr12	69880314	70080314	harbor2	chr12	69900417	69900585	DNA/hAT-Charlie	694	-	84	69900501	20187
chr12	69880314	70080314	harbor2	chr12	69911854	69912025	DNA/hAT-Charlie	576	-	86	69911940	31626
chr12	69880314	70080314	harbor2	chr12	69946513	69946655	DNA/hAT-Charlie	442	-	71	69946584	66270
chr12	69880314	70080314	harbor2	chr12	69972158	69972318	DNA/hAT-Charlie	819	-	80	69972238	91924
chr12	102232113	102432113	harbor2	chr12	102266625	102266903	DNA/hAT-Charlie	925	-	139	102266764	34651
chr12	102232113	102432113	harbor2	chr12	102321620	102321842	DNA/hAT-Charlie	1588	-	111	102321731	89618
chr12	76855038	77055038	harbor2	chr12	76875906	76876194	DNA/hAT-Charlie	585	-	144	76876050	21012
chr12	76855038	77055038	harbor2	chr12	76880014	76880185	DNA/hAT-Charlie	952	-	86	76880100	25062
chr12	76855038	77055038	harbor2	chr12	76925960	76926289	DNA/hAT-Charlie	1175	-	164	76926124	71086
chr12	76855038	77055038	harbor2	chr12	76932411	76932618	DNA/hAT-Charlie	584	-	104	76932515	77477
chr12	76855038	77055038	harbor2	chr12	76940562	76940745	DNA/hAT-Charlie	597	-	92	76940654	85616
chr12	114199544	114399544	harbor2	chr12	114206703	114206880	DNA/hAT-Charlie	786	-	88	114206791	7247
chr12	114199544	114399544	harbor2	chr12	114218307	114218516	DNA/hAT-Charlie	802	-	104	114218411	18867
chr12	114199544	114399544	harbor2	chr12	114226629	114226781	DNA/hAT-Charlie	824	-	76	114226705	27161
chr12	114199544	114399544	harbor2	chr12	114255777	114255995	DNA/hAT-Charlie	1151	-	109	114255886	56342
chr12	114199544	114399544	harbor2	chr12	114267748	114267936	DNA/hAT-Charlie	864	-	94	114267842	68298
chr12	114199544	114399544	harbor2	chr12	114274240	114274463	DNA/hAT-Charlie	1114	-	112	114274352	74808
chr12	114199544	114399544	harbor2	chr12	114276041	114276198	DNA/hAT-Charlie	726	-	78	114276119	76575
chr12	114199544	114399544	harbor2	chr12	114284539	114284706	DNA/hAT-Charlie	587	-	84	114284623	85079
chr12	109829159	110029159	harbor2	chr12	109878303	109878518	DNA/hAT-Charlie	1037	-	108	109878411	49252
chr12	109829159	110029159	harbor2	chr12	109883920	109884026	DNA/hAT-Charlie	483	-	53	109883973	54814
chr12	109829159	110029159	harbor2	chr12	109884553	109884685	DNA/hAT-Charlie	492	-	66	109884619	55460
chr12	133089252	133289252	harbor2	chr12	133108946	133109037	DNA/hAT-Charlie	651	-	46	133108992	19740
chr12	116672089	116872089	harbor2	chr12	116682456	116682684	DNA/hAT-Charlie	522	-	114	116682570	10481
chr12	116672089	116872089	harbor2	chr12	116707111	116707322	DNA/hAT-Charlie	1099	-	106	116707217	35128
chr12	116672089	116872089	harbor2	chr12	116713035	116713229	DNA/hAT-Charlie	665	-	97	116713132	41043
chr12	116672089	116872089	harbor2	chr12	116728876	116729384	DNA/hAT-Charlie	1572	-	254	116729130	57041
chr12	116672089	116872089	harbor2	chr12	116730608	116731432	DNA/hAT-Charlie	3526	-	412	116731020	58931
chr12	116672089	116872089	harbor2	chr12	116746282	116746396	DNA/hAT-Charlie	510	-	57	116746339	74250
chr12	116672089	116872089	harbor2	chr12	116767069	116767211	DNA/hAT-Charlie	981	-	71	116767140	95051
chr12	116672089	116872089	harbor2	chr12	116767523	116767567	DNA/hAT-Charlie	981	-	22	116767545	95456
chr12	116672089	116872089	harbor2	chr12	116767876	116768015	DNA/hAT-Charlie	981	-	70	116767946	95857
chr12	119928213	120128213	harbor2	chr12	119930565	119930629	DNA/hAT-Charlie	500	-	32	119930597	2384
chr12	119928213	120128213	harbor2	chr12	119930936	119930948	DNA/hAT-Charlie	500	-	6	119930942	2729
chr12	119928213	120128213	harbor2	chr12	119931228	119931328	DNA/hAT-Charlie	500	-	50	119931278	3065
chr12	119928213	120128213	harbor2	chr12	119935356	119935472	DNA/hAT-Charlie	538	-	58	119935414	7201
chr12	119928213	120128213	harbor2	chr12	119935513	119935685	DNA/hAT-Charlie	841	-	86	119935599	7386
chr12	119928213	120128213	harbor2	chr12	119981385	119981583	DNA/hAT-Charlie	973	-	99	119981484	53271
chr12	119928213	120128213	harbor2	chr12	119981878	119981900	DNA/hAT-Charlie	973	-	11	119981889	53676
chr12	119928213	120128213	harbor2	chr12	120018092	120018261	DNA/hAT-Charlie	867	-	84	120018176	89963
chr12	119928213	120128213	harbor2	chr12	120023114	120023312	DNA/hAT-Charlie	1289	-	99	120023213	95000
chr12	105847551	106047551	harbor2	chr12	105847841	105847951	DNA/hAT-Charlie	441	-	55	105847896	345
chr12	105847551	106047551	harbor2	chr12	105856112	105856209	DNA/hAT-Charlie	482	-	48	105856160	8609
chr12	105847551	106047551	harbor2	chr12	105888232	105888455	DNA/hAT-Charlie	1173	-	112	105888344	40793
chr12	105847551	106047551	harbor2	chr12	105899881	105900081	DNA/hAT-Charlie	1018	-	100	105899981	52430
chr12	105847551	106047551	harbor2	chr12	105923409	105926119	DNA/hAT-Charlie	11490	-	1355	105924764	77213
chr12	105847551	106047551	harbor2	chr12	105930053	105930260	DNA/hAT-Charlie	1102	-	104	105930157	82606
chr12	105847551	106047551	harbor2	chr12	105936403	105936664	DNA/hAT-Charlie	477	-	130	105936533	88982
chr12	103345079	103545079	harbor2	chr12	103372320	103372464	DNA/hAT-Charlie	428	-	72	103372392	27313
chr12	103345079	103545079	harbor2	chr12	103374621	103374768	DNA/hAT-Charlie	696	-	74	103374695	29616
chr12	103345079	103545079	harbor2	chr12	103377981	103378195	DNA/hAT-Charlie	528	-	107	103378088	33009
chr12	103345079	103545079	harbor2	chr12	103406162	103406294	DNA/hAT-Charlie	669	-	66	103406228	61149
chr12	110540774	110740774	harbor2	chr12	110585968	110586192	DNA/hAT-Charlie	1280	-	112	110586080	45306
chr12	110540774	110740774	harbor2	chr12	110637507	110637718	DNA/hAT-Charlie	552	-	106	110637613	96839
chr12	108697819	108897819	harbor2	chr12	108786476	108786570	DNA/hAT-Charlie	438	-	47	108786523	88704
chr12	129723543	129923543	harbor2	chr12	129729307	129729503	DNA/hAT-Charlie	956	-	98	129729405	5862
chr12	129723543	129923543	harbor2	chr12	129737123	129737289	DNA/hAT-Charlie	1001	-	83	129737206	13663
chr12	123602139	123802139	harbor2	chr12	123604875	123605014	DNA/hAT-Charlie	868	-	70	123604945	2806
chr12	123602139	123802139	harbor2	chr12	123605323	123605381	DNA/hAT-Charlie	868	-	29	123605352	3213
chr12	123602139	123802139	harbor2	chr12	123607852	123608167	DNA/hAT-Charlie	708	-	158	123608010	5871
chr12	123602139	123802139	harbor2	chr12	123608253	123608470	DNA/hAT-Charlie	1035	-	108	123608361	6222
chr12	123602139	123802139	harbor2	chr12	123614114	123614238	DNA/hAT-Charlie	493	-	62	123614176	12037
chr12	123602139	123802139	harbor2	chr12	123649291	123649492	DNA/hAT-Charlie	1099	-	100	123649391	47252
chr12	123602139	123802139	harbor2	chr12	123649916	123650067	DNA/hAT-Charlie	587	-	76	123649992	47853
chr12	80500266	80700266	harbor2	chr12	80597700	80597880	DNA/hAT-Charlie	761	-	90	80597790	97524
chr12	133073239	133273239	harbor2	chr12	133108946	133109037	DNA/hAT-Charlie	651	-	46	133108992	35753
chr12	76017268	76217268	harbor2	chr12	76022709	76022902	DNA/hAT-Charlie	1126	-	96	76022805	5537
chr12	76017268	76217268	harbor2	chr12	76083378	76083557	DNA/hAT-Charlie	950	-	90	76083468	66200
chr12	120113600	120313600	harbor2	chr12	120187738	120187853	DNA/hAT-Charlie	586	-	58	120187796	74196
chr12	120113600	120313600	harbor2	chr12	120190502	120190691	DNA/hAT-Charlie	808	-	94	120190596	76996
chr12	120113600	120313600	harbor2	chr12	120206163	120206491	DNA/hAT-Charlie	2161	-	164	120206327	92727
chr12	118125568	118325568	harbor2	chr12	118162380	118162551	DNA/hAT-Charlie	428	-	86	118162466	36898
chr12	118125568	118325568	harbor2	chr12	118170159	118170386	DNA/hAT-Charlie	812	-	114	118170273	44705
chr12	118125568	118325568	harbor2	chr12	118182354	118182559	DNA/hAT-Charlie	1127	-	102	118182456	56888
chr12	118125568	118325568	harbor2	chr12	118161308	118161457	DNA/hAT-Charlie	481	-	74	118161382	35814
chr12	132496218	132696218	harbor2	chr12	132514771	132515018	DNA/hAT-Charlie	549	-	124	132514895	18677
chr12	88392528	88592528	harbor2	chr12	88412476	88412608	DNA/hAT-Charlie	446	-	66	88412542	20014
chr12	51521873	51721873	harbor2	chr12	51525050	51525234	DNA/hAT-Charlie	889	-	92	51525142	3269
chr12	51521873	51721873	harbor2	chr12	51542994	51543238	DNA/hAT-Charlie	1256	-	122	51543116	21243
chr12	51521873	51721873	harbor2	chr12	51545057	51545540	DNA/hAT-Charlie	3492	-	242	51545299	23426
chr12	51521873	51721873	harbor2	chr12	51573780	51574345	DNA/hAT-Charlie	2946	-	282	51574062	52189
chr12	112384419	112584419	harbor2	chr12	112439820	112440131	DNA/hAT-Charlie	539	-	156	112439976	55557
chr12	112384419	112584419	harbor2	chr12	112470161	112470269	DNA/hAT-Charlie	585	-	54	112470215	85796
chr12	110756045	110956045	harbor2	chr12	110760924	110761111	DNA/hAT-Charlie	851	-	94	110761018	4973
chr12	110756045	110956045	harbor2	chr12	110775230	110775258	DNA/hAT-Charlie	626	-	14	110775244	19199
chr12	110756045	110956045	harbor2	chr12	110775552	110775683	DNA/hAT-Charlie	626	-	66	110775618	19573
chr12	110756045	110956045	harbor2	chr12	110776377	110776518	DNA/hAT-Charlie	577	-	70	110776447	20402
chr12	110756045	110956045	harbor2	chr12	110805593	110805836	DNA/hAT-Charlie	826	-	122	110805715	49670
chr12	110756045	110956045	harbor2	chr12	110810379	110810501	DNA/hAT-Charlie	478	-	61	110810440	54395
chr12	48565382	48765382	harbor2	chr12	48573817	48574139	DNA/hAT-Charlie	969	-	161	48573978	8596
chr12	48565382	48765382	harbor2	chr12	48661733	48661923	DNA/hAT-Charlie	843	-	95	48661828	96446
chr12	31162790	31362790	harbor2	chr12	31182671	31182785	DNA/hAT-Charlie	427	-	57	31182728	19938
chr12	31162790	31362790	harbor2	chr12	31209428	31209598	DNA/hAT-Charlie	665	-	85	31209513	46723
chr12	31162790	31362790	harbor2	chr12	31245168	31245239	DNA/hAT-Charlie	447	-	36	31245204	82414
chr12	31162790	31362790	harbor2	chr12	31245546	31245643	DNA/hAT-Charlie	447	-	48	31245594	82804
chr12	131071658	131271658	harbor2	chr12	131088893	131089032	DNA/hAT-Charlie	438	-	70	131088963	17305
chr12	131071658	131271658	harbor2	chr12	131106864	131107017	DNA/hAT-Charlie	484	-	76	131106940	35282
chr12	131071658	131271658	harbor2	chr12	131117856	131118048	DNA/hAT-Charlie	782	-	96	131117952	46294
chr12	131071658	131271658	harbor2	chr12	131154614	131154732	DNA/hAT-Charlie	505	-	59	131154673	83015
chr12	108046019	108246019	harbor2	chr12	108049635	108049820	DNA/hAT-Charlie	943	-	92	108049727	3708
chr12	108046019	108246019	harbor2	chr12	108071337	108071601	DNA/hAT-Charlie	921	-	132	108071469	25450
chr12	108046019	108246019	harbor2	chr12	108109817	108110021	DNA/hAT-Charlie	1069	-	102	108109919	63900
chr12	108046019	108246019	harbor2	chr12	108116489	108116653	DNA/hAT-Charlie	908	-	82	108116571	70552
chr12	108046019	108246019	harbor2	chr12	108143883	108144080	DNA/hAT-Charlie	462	-	98	108143981	97962
chr12	103013653	103213653	harbor2	chr12	103040947	103041069	DNA/hAT-Charlie	672	-	61	103041008	27355
chr12	103013653	103213653	harbor2	chr12	103041365	103041459	DNA/hAT-Charlie	672	-	47	103041412	27759
chr12	116709784	116909784	harbor2	chr12	116713035	116713229	DNA/hAT-Charlie	665	-	97	116713132	3348
chr12	116709784	116909784	harbor2	chr12	116728876	116729384	DNA/hAT-Charlie	1572	-	254	116729130	19346
chr12	116709784	116909784	harbor2	chr12	116730608	116731432	DNA/hAT-Charlie	3526	-	412	116731020	21236
chr12	116709784	116909784	harbor2	chr12	116746282	116746396	DNA/hAT-Charlie	510	-	57	116746339	36555
chr12	116709784	116909784	harbor2	chr12	116767069	116767211	DNA/hAT-Charlie	981	-	71	116767140	57356
chr12	116709784	116909784	harbor2	chr12	116767523	116767567	DNA/hAT-Charlie	981	-	22	116767545	57761
chr12	116709784	116909784	harbor2	chr12	116767876	116768015	DNA/hAT-Charlie	981	-	70	116767946	58162
chr12	116709784	116909784	harbor2	chr12	116780238	116780566	DNA/hAT-Charlie	2285	-	164	116780402	70618
chr12	116709784	116909784	harbor2	chr12	116795469	116795654	DNA/hAT-Charlie	781	-	92	116795561	85777
chr12	116709784	116909784	harbor2	chr12	116802136	116802330	DNA/hAT-Charlie	629	-	97	116802233	92449
chr12	120988560	121188560	harbor2	chr12	121015382	121015875	DNA/hAT-Charlie	1340	-	246	121015628	27068
chr12	120988560	121188560	harbor2	chr12	121054371	121054422	DNA/hAT-Charlie	661	-	26	121054397	65837
chr12	120988560	121188560	harbor2	chr12	121054585	121054717	DNA/hAT-Charlie	661	-	66	121054651	66091
chr12	120988560	121188560	harbor2	chr12	121055000	121055037	DNA/hAT-Charlie	661	-	18	121055018	66458
chr12	44787354	44987354	harbor2	chr12	44817087	44817267	DNA/hAT-Charlie	555	-	90	44817177	29823
chr12	44787354	44987354	harbor2	chr12	44832030	44832214	DNA/hAT-Charlie	673	-	92	44832122	44768
chr12	44787354	44987354	harbor2	chr12	44837236	44837439	DNA/hAT-Charlie	842	-	102	44837338	49984
chr12	44787354	44987354	harbor2	chr12	44845421	44845583	DNA/hAT-Charlie	677	-	81	44845502	58148
chr12	44787354	44987354	harbor2	chr12	44854899	44855211	DNA/hAT-Charlie	1184	-	156	44855055	67701
chr12	44787354	44987354	harbor2	chr12	44878442	44878561	DNA/hAT-Charlie	609	-	60	44878502	91148
chr12	129249274	129449274	harbor2	chr12	129262413	129262726	DNA/hAT-Charlie	493	-	156	129262569	13295
chr12	129249274	129449274	harbor2	chr12	129293397	129293920	DNA/hAT-Charlie	3848	-	262	129293659	44385
chr12	129249274	129449274	harbor2	chr12	129326691	129327063	DNA/hAT-Charlie	1166	-	186	129326877	77603
chr12	129249274	129449274	harbor2	chr12	129327383	129327569	DNA/hAT-Charlie	758	-	93	129327476	78202
chr12	119213184	119413184	harbor2	chr12	119226725	119226880	DNA/hAT-Charlie	821	-	78	119226803	13619
chr12	119213184	119413184	harbor2	chr12	119227175	119227238	DNA/hAT-Charlie	821	-	32	119227207	14023
chr12	119213184	119413184	harbor2	chr12	119244372	119244598	DNA/hAT-Charlie	873	-	113	119244485	31301
chr12	119213184	119413184	harbor2	chr12	119256648	119256752	DNA/hAT-Charlie	981	-	52	119256700	43516
chr12	119213184	119413184	harbor2	chr12	119257111	119257233	DNA/hAT-Charlie	981	-	61	119257172	43988
chr12	119213184	119413184	harbor2	chr12	119272108	119272323	DNA/hAT-Charlie	620	-	108	119272216	59032
chr12	119213184	119413184	harbor2	chr12	119273245	119273720	DNA/hAT-Charlie	1527	-	238	119273483	60299
chr12	119213184	119413184	harbor2	chr12	119274981	119275178	DNA/hAT-Charlie	920	-	98	119275079	61895
chr12	47672999	47872999	harbor2	chr12	47703315	47703527	DNA/hAT-Charlie	1104	-	106	47703421	30422
chr12	47672999	47872999	harbor2	chr12	47706810	47706868	DNA/hAT-Charlie	460	-	29	47706839	33840
chr12	47672999	47872999	harbor2	chr12	47706937	47707013	DNA/hAT-Charlie	460	-	38	47706975	33976
chr12	47672999	47872999	harbor2	chr12	47717286	47717464	DNA/hAT-Charlie	896	-	89	47717375	44376
chr12	47672999	47872999	harbor2	chr12	47721098	47721405	DNA/hAT-Charlie	1055	-	154	47721252	48253
chr12	47672999	47872999	harbor2	chr12	47769884	47770041	DNA/hAT-Charlie	789	-	78	47769962	96963
chr12	122814334	123014334	harbor2	chr12	122839609	122839926	DNA/hAT-Charlie	1427	-	158	122839767	25433
chr12	117294111	117494111	harbor2	chr12	117297950	117298466	DNA/hAT-Charlie	3712	-	258	117298208	4097
chr12	117294111	117494111	harbor2	chr12	117308020	117308223	DNA/hAT-Charlie	520	-	102	117308122	14011
chr12	117294111	117494111	harbor2	chr12	117317339	117317564	DNA/hAT-Charlie	1077	-	112	117317451	23340
chr12	117294111	117494111	harbor2	chr12	117348486	117348696	DNA/hAT-Charlie	494	-	105	117348591	54480
chr12	117294111	117494111	harbor2	chr12	117379117	117379391	DNA/hAT-Charlie	790	-	137	117379254	85143
chr12	117294111	117494111	harbor2	chr12	117390987	117391153	DNA/hAT-Charlie	438	-	83	117391070	96959
chr12	117169644	117369644	harbor2	chr12	117217794	117217968	DNA/hAT-Charlie	703	-	87	117217881	48237
chr12	117169644	117369644	harbor2	chr12	117225392	117225620	DNA/hAT-Charlie	788	-	114	117225506	55862
chr12	117169644	117369644	harbor2	chr12	117252032	117252414	DNA/hAT-Charlie	1530	-	191	117252223	82579
chr12	117169644	117369644	harbor2	chr12	117254406	117254560	DNA/hAT-Charlie	783	-	77	117254483	84839
chr12	117169644	117369644	harbor2	chr12	117254573	117254846	DNA/hAT-Charlie	659	-	136	117254709	85065
chr12	117169644	117369644	harbor2	chr12	117259649	117259826	DNA/hAT-Charlie	570	-	88	117259737	90093
chr12	132951108	133151108	harbor2	chr12	132994800	132995018	DNA/hAT-Charlie	1174	-	109	132994909	43801
chr12	66689491	66889491	harbor2	chr12	66741508	66741825	DNA/hAT-Charlie	1172	-	158	66741666	52175
chr12	66689491	66889491	harbor2	chr12	66769011	66769179	DNA/hAT-Charlie	686	-	84	66769095	79604
chr12	103720962	103920962	harbor2	chr12	103771137	103771650	DNA/hAT-Charlie	1632	-	256	103771393	50431
chr12	103720962	103920962	harbor2	chr12	103818023	103818157	DNA/hAT-Charlie	437	-	67	103818090	97128
chr12	93581067	93781067	harbor2	chr12	93610188	93610230	DNA/hAT-Charlie	690	-	21	93610209	29142
chr12	93581067	93781067	harbor2	chr12	93610343	93610498	DNA/hAT-Charlie	690	-	78	93610421	29354
chr12	93581067	93781067	harbor2	chr12	93638622	93638885	DNA/hAT-Charlie	869	-	132	93638754	57687
chr12	93581067	93781067	harbor2	chr12	93649554	93649672	DNA/hAT-Charlie	983	-	59	93649613	68546
chr12	93581067	93781067	harbor2	chr12	93650011	93650088	DNA/hAT-Charlie	983	-	38	93650049	68982
chr13	103122893	103322893	harbor2	chr13	103155334	103155529	DNA/hAT-Charlie	667	-	98	103155432	32539
chr13	103122893	103322893	harbor2	chr13	103158542	103158716	DNA/hAT-Charlie	804	-	87	103158629	35736
chr13	103122893	103322893	harbor2	chr13	103176312	103176496	DNA/hAT-Charlie	847	-	92	103176404	53511
chr13	103122893	103322893	harbor2	chr13	103211353	103211493	DNA/hAT-Charlie	486	-	70	103211423	88530
chr13	103122893	103322893	harbor2	chr13	103213462	103213649	DNA/hAT-Charlie	683	-	94	103213556	90663
chr13	44084326	44284326	harbor2	chr13	44085801	44086527	DNA/hAT-Charlie	1684	-	363	44086164	1838
chr13	44084326	44284326	harbor2	chr13	44087399	44087592	DNA/hAT-Charlie	741	-	96	44087495	3169
chr13	44084326	44284326	harbor2	chr13	44116713	44116868	DNA/hAT-Charlie	427	-	78	44116791	32465
chr13	44084326	44284326	harbor2	chr13	44128995	44129472	DNA/hAT-Charlie	1975	-	238	44129233	44907
chr13	23277787	23477787	harbor2	chr13	23281005	23281052	DNA/hAT-Charlie	808	-	24	23281029	3242
chr13	23277787	23477787	harbor2	chr13	23281386	23281514	DNA/hAT-Charlie	808	-	64	23281450	3663
chr13	23277787	23477787	harbor2	chr13	23282758	23282857	DNA/hAT-Charlie	471	-	50	23282808	5021
chr13	23277787	23477787	harbor2	chr13	23302005	23302473	DNA/hAT-Charlie	1078	-	234	23302239	24452
chr13	23277787	23477787	harbor2	chr13	23302662	23303091	DNA/hAT-Charlie	1078	-	214	23302876	25089
chr13	23277787	23477787	harbor2	chr13	23303096	23303241	DNA/hAT-Charlie	467	-	72	23303168	25381
chr13	23277787	23477787	harbor2	chr13	23281582	23281911	DNA/hAT-Charlie	2164	-	164	23281746	3959
chr13	103581973	103781973	harbor2	chr13	103639298	103639656	DNA/hAT-Charlie	783	-	179	103639477	57504
chr13	103581973	103781973	harbor2	chr13	103660246	103660455	DNA/hAT-Charlie	546	-	104	103660350	78377
chr13	92661821	92861821	harbor2	chr13	92738728	92738980	DNA/hAT-Charlie	493	-	126	92738854	77033
chr13	92661821	92861821	harbor2	chr13	92752185	92752346	DNA/hAT-Charlie	674	-	80	92752265	90444
chr13	89176757	89376757	harbor2	chr13	89276442	89276741	DNA/hAT-Charlie	1021	-	150	89276592	99835
chr13	91519719	91719719	harbor2	chr13	91569328	91569566	DNA/hAT-Charlie	668	-	119	91569447	49728
chr13	91519719	91719719	harbor2	chr13	91617776	91618096	DNA/hAT-Charlie	1595	-	160	91617936	98217
chr13	78151813	78351813	harbor2	chr13	78156960	78157167	DNA/hAT-Charlie	966	-	104	78157064	5251
chr13	78151813	78351813	harbor2	chr13	78202647	78202817	DNA/hAT-Charlie	530	-	85	78202732	50919
chr13	78151813	78351813	harbor2	chr13	78218790	78219223	DNA/hAT-Charlie	1752	-	216	78219006	67193
chr13	81927542	82127542	harbor2	chr13	81999877	82000000	DNA/hAT-Charlie	467	-	62	81999939	72397
chr13	75583739	75783739	harbor2	chr13	75602649	75602789	DNA/hAT-Charlie	428	-	70	75602719	18980
chr13	75583739	75783739	harbor2	chr13	75619482	75619656	DNA/hAT-Charlie	859	-	87	75619569	35830
chr13	75583739	75783739	harbor2	chr13	75619955	75620058	DNA/hAT-Charlie	859	-	52	75620007	36268
chr13	75583739	75783739	harbor2	chr13	75620478	75620625	DNA/hAT-Charlie	627	-	74	75620552	36813
chr13	112052966	112252966	harbor2	chr13	112085517	112086026	DNA/hAT-Charlie	3515	-	254	112085771	32805
chr13	112052966	112252966	harbor2	chr13	112091757	112091798	DNA/hAT-Charlie	420	-	20	112091777	38811
chr13	114250005	114450005	harbor2	chr13	114307469	114307680	DNA/hAT-Charlie	1899	-	106	114307575	57570
chr13	114250005	114450005	harbor2	chr13	114307974	114308380	DNA/hAT-Charlie	1899	-	203	114308177	58172
chr13	114250005	114450005	harbor2	chr13	114308352	114308722	DNA/hAT-Charlie	1013	-	185	114308537	58532
chr13	114250005	114450005	harbor2	chr13	114309019	114309171	DNA/hAT-Charlie	1013	-	76	114309095	59090
chr13	52806569	53006569	harbor2	chr13	52824650	52825214	DNA/hAT-Charlie	2041	-	282	52824932	18363
chr13	52806569	53006569	harbor2	chr13	52830555	52831210	DNA/hAT-Charlie	3059	-	328	52830883	24314
chr13	52806569	53006569	harbor2	chr13	52831430	52831839	DNA/hAT-Charlie	1813	-	204	52831634	25065
chr13	52806569	53006569	harbor2	chr13	52864347	52864569	DNA/hAT-Charlie	1306	-	111	52864458	57889
chr13	52806569	53006569	harbor2	chr13	52900799	52900908	DNA/hAT-Charlie	635	-	54	52900853	94284
chr13	67964874	68164874	harbor2	chr13	67968040	67968247	DNA/hAT-Charlie	883	-	104	67968144	3270
chr13	67964874	68164874	harbor2	chr13	68021323	68021568	DNA/hAT-Charlie	767	-	122	68021445	56571
chr13	33252164	33452164	harbor2	chr13	33263126	33263335	DNA/hAT-Charlie	1195	-	104	33263230	11066
chr13	85029067	85229067	harbor2	chr13	85072345	85072529	DNA/hAT-Charlie	836	-	92	85072437	43370
chr13	85029067	85229067	harbor2	chr13	85109445	85110675	DNA/hAT-Charlie	1250	-	615	85110060	80993
chr13	85029067	85229067	harbor2	chr13	85111295	85112366	DNA/hAT-Charlie	900	-	536	85111831	82764
chr13	85029067	85229067	harbor2	chr13	85112463	85112780	DNA/hAT-Charlie	900	-	158	85112621	83554
chr13	80288286	80488286	harbor2	chr13	80328424	80328628	DNA/hAT-Charlie	1080	-	102	80328526	40240
chr13	69794535	69994535	harbor2	chr13	69801240	69801332	DNA/hAT-Charlie	416	-	46	69801286	6751
chr13	69794535	69994535	harbor2	chr13	69820927	69821214	DNA/hAT-Charlie	554	-	144	69821071	26536
chr13	106993100	107193100	harbor2	chr13	107044891	107045147	DNA/hAT-Charlie	970	-	128	107045019	51919
chr13	106993100	107193100	harbor2	chr13	107045503	107045897	DNA/hAT-Charlie	970	-	197	107045700	52600
chr13	106993100	107193100	harbor2	chr13	107091301	107091861	DNA/hAT-Charlie	2145	-	280	107091581	98481
chr13	106993100	107193100	harbor2	chr13	107091907	107092640	DNA/hAT-Charlie	2531	-	366	107092273	99173
chr13	106993100	107193100	harbor2	chr13	107092651	107092829	DNA/hAT-Charlie	746	-	89	107092740	99640
chr13	60899199	61099199	harbor2	chr13	60929569	60929778	DNA/hAT-Charlie	717	-	104	60929673	30474
chr13	60899199	61099199	harbor2	chr13	60952857	60953272	DNA/hAT-Charlie	1215	-	208	60953065	53866
chr13	60899199	61099199	harbor2	chr13	60953416	60953602	DNA/hAT-Charlie	603	-	93	60953509	54310
chr13	60899199	61099199	harbor2	chr13	60953622	60953869	DNA/hAT-Charlie	469	-	124	60953746	54547
chr13	60899199	61099199	harbor2	chr13	60966013	60966192	DNA/hAT-Charlie	528	-	90	60966103	66904
chr13	106353966	106553966	harbor2	chr13	106429959	106430110	DNA/hAT-Charlie	457	-	76	106430035	76069
chr13	106353966	106553966	harbor2	chr13	106432046	106432254	DNA/hAT-Charlie	879	-	104	106432150	78184
chr13	105599873	105799873	harbor2	chr13	105681282	105681497	DNA/hAT-Charlie	405	-	108	105681390	81517
chr13	97857659	98057659	harbor2	chr13	97868400	97868590	DNA/hAT-Charlie	759	-	95	97868495	10836
chr13	97857659	98057659	harbor2	chr13	97905632	97905886	DNA/hAT-Charlie	826	-	127	97905759	48100
chr13	97857659	98057659	harbor2	chr13	97917867	97918189	DNA/hAT-Charlie	2264	-	161	97918028	60369
chr13	98953146	99153146	harbor2	chr13	98958477	98958658	DNA/hAT-Charlie	955	-	90	98958567	5421
chr13	98953146	99153146	harbor2	chr13	99005680	99005921	DNA/hAT-Charlie	760	-	120	99005800	52654
chr13	98953146	99153146	harbor2	chr13	99017640	99017862	DNA/hAT-Charlie	1725	-	111	99017751	64605
chr13	75275868	75475868	harbor2	chr13	75332546	75332656	DNA/hAT-Charlie	658	-	55	75332601	56733
chr13	75275868	75475868	harbor2	chr13	75284150	75284601	DNA/hAT-Charlie	2619	-	226	75284376	8508
chr13	90120971	90320971	harbor2	chr13	90126755	90126872	DNA/hAT-Charlie	519	-	58	90126813	5842
chr13	90120971	90320971	harbor2	chr13	90165915	90166101	DNA/hAT-Charlie	593	-	93	90166008	45037
chr13	100673014	100873014	harbor2	chr13	100729689	100729890	DNA/hAT-Charlie	1237	-	100	100729789	56775
chr13	100673014	100873014	harbor2	chr13	100730184	100730658	DNA/hAT-Charlie	1237	-	237	100730421	57407
chr13	100673014	100873014	harbor2	chr13	100733413	100733616	DNA/hAT-Charlie	773	-	102	100733515	60501
chr13	100673014	100873014	harbor2	chr13	100728660	100729138	DNA/hAT-Charlie	1213	-	239	100728899	55885
chr13	81118593	81318593	harbor2	chr13	81142222	81142313	DNA/hAT-Charlie	572	-	46	81142268	23675
chr13	81118593	81318593	harbor2	chr13	81142670	81142799	DNA/hAT-Charlie	572	-	64	81142734	24141
chr13	81118593	81318593	harbor2	chr13	81178946	81179132	DNA/hAT-Charlie	527	-	93	81179039	60446
chr13	68772053	68972053	harbor2	chr13	68816552	68817038	DNA/hAT-Charlie	2929	-	243	68816795	44742
chr13	68772053	68972053	harbor2	chr13	68851585	68851818	DNA/hAT-Charlie	1461	-	116	68851701	79648
chr13	68772053	68972053	harbor2	chr13	68851896	68851979	DNA/hAT-Charlie	1461	-	42	68851938	79885
chr13	68772053	68972053	harbor2	chr13	68852035	68852886	DNA/hAT-Charlie	1461	-	426	68852461	80408
chr13	103156601	103356601	harbor2	chr13	103158542	103158716	DNA/hAT-Charlie	804	-	87	103158629	2028
chr13	103156601	103356601	harbor2	chr13	103176312	103176496	DNA/hAT-Charlie	847	-	92	103176404	19803
chr13	103156601	103356601	harbor2	chr13	103211353	103211493	DNA/hAT-Charlie	486	-	70	103211423	54822
chr13	103156601	103356601	harbor2	chr13	103213462	103213649	DNA/hAT-Charlie	683	-	94	103213556	56955
chr13	98855832	99055832	harbor2	chr13	98888776	98889074	DNA/hAT-Charlie	976	-	149	98888925	33093
chr13	98855832	99055832	harbor2	chr13	98916166	98916335	DNA/hAT-Charlie	560	-	84	98916250	60418
chr13	98855832	99055832	harbor2	chr13	98928599	98928808	DNA/hAT-Charlie	935	-	104	98928703	72871
chr13	107385145	107585145	harbor2	chr13	107480484	107480704	DNA/hAT-Charlie	1486	-	110	107480594	95449
chr13	30310256	30510256	harbor2	chr13	30328508	30328655	DNA/hAT-Charlie	460	-	74	30328582	18326
chr13	30310256	30510256	harbor2	chr13	30340115	30340461	DNA/hAT-Charlie	1830	-	173	30340288	30032
chr13	30310256	30510256	harbor2	chr13	30377553	30377760	DNA/hAT-Charlie	407	-	104	30377657	67401
chr13	30310256	30510256	harbor2	chr13	30406157	30406399	DNA/hAT-Charlie	1136	-	121	30406278	96022
chr13	77838969	78038969	harbor2	chr13	77845349	77845668	DNA/hAT-Charlie	953	-	160	77845509	6540
chr13	77838969	78038969	harbor2	chr13	77870762	77870927	DNA/hAT-Charlie	736	-	82	77870844	31875
chr13	77838969	78038969	harbor2	chr13	77892977	77893191	DNA/hAT-Charlie	956	-	107	77893084	54115
chr13	77838969	78038969	harbor2	chr13	77893507	77893689	DNA/hAT-Charlie	435	-	91	77893598	54629
chr13	77838969	78038969	harbor2	chr13	77905110	77905439	DNA/hAT-Charlie	423	-	164	77905274	66305
chr13	77838969	78038969	harbor2	chr13	77917477	77917627	DNA/hAT-Charlie	682	-	75	77917552	78583
chr13	77838969	78038969	harbor2	chr13	77917675	77917851	DNA/hAT-Charlie	953	-	88	77917763	78794
chr13	79508942	79708942	harbor2	chr13	79514917	79514965	DNA/hAT-Charlie	885	-	24	79514941	5999
chr13	79508942	79708942	harbor2	chr13	79515290	79515696	DNA/hAT-Charlie	885	-	203	79515493	6551
chr13	79508942	79708942	harbor2	chr13	79545149	79545339	DNA/hAT-Charlie	914	-	95	79545244	36302
chr13	79508942	79708942	harbor2	chr13	79596920	79597107	DNA/hAT-Charlie	402	-	94	79597014	88072
chr13	31315096	31515096	harbor2	chr13	31392644	31393779	DNA/hAT-Charlie	15588	-	568	31393212	78116
chr13	31315096	31515096	harbor2	chr13	31394080	31395523	DNA/hAT-Charlie	15588	-	722	31394802	79706
chr13	109053850	109253850	harbor2	chr13	109057988	109058173	DNA/hAT-Charlie	800	-	92	109058080	4230
chr13	109053850	109253850	harbor2	chr13	109066622	109066817	DNA/hAT-Charlie	642	-	98	109066720	12870
chr13	109053850	109253850	harbor2	chr13	109082105	109082318	DNA/hAT-Charlie	593	-	106	109082211	28361
chr13	109053850	109253850	harbor2	chr13	109130813	109130983	DNA/hAT-Charlie	605	-	85	109130898	77048
chr13	83442445	83642445	harbor2	chr13	83477833	83478032	DNA/hAT-Charlie	1189	-	100	83477933	35488
chr13	83442445	83642445	harbor2	chr13	83478267	83478541	DNA/hAT-Charlie	1189	-	137	83478404	35959
chr13	43527131	43727131	harbor2	chr13	43549909	43550245	DNA/hAT-Charlie	2174	-	168	43550077	22946
chr13	100490270	100690270	harbor2	chr13	100490923	100491102	DNA/hAT-Charlie	777	-	90	100491013	743
chr13	100490270	100690270	harbor2	chr13	100497186	100497859	DNA/hAT-Charlie	1735	-	336	100497522	7252
chr13	100490270	100690270	harbor2	chr13	100498168	100498241	DNA/hAT-Charlie	1735	-	36	100498204	7934
chr13	100490270	100690270	harbor2	chr13	100532758	100532881	DNA/hAT-Charlie	471	-	62	100532820	42550
chr13	100490270	100690270	harbor2	chr13	100498882	100499607	DNA/hAT-Charlie	1384	-	362	100499244	8974
chr13	72300107	72500107	harbor2	chr13	72306907	72307293	DNA/hAT-Charlie	683	-	193	72307100	6993
chr13	72300107	72500107	harbor2	chr13	72396295	72396494	DNA/hAT-Charlie	784	-	100	72396395	96288
chr14	92055393	92255393	harbor2	chr14	92058202	92058356	DNA/hAT-Charlie	712	-	77	92058279	2886
chr14	92055393	92255393	harbor2	chr14	92073057	92073217	DNA/hAT-Charlie	447	-	80	92073137	17744
chr14	78299095	78499095	harbor2	chr14	78304672	78304898	DNA/hAT-Charlie	628	-	113	78304785	5690
chr14	78299095	78499095	harbor2	chr14	78318890	78319047	DNA/hAT-Charlie	720	-	78	78318968	19873
chr14	78299095	78499095	harbor2	chr14	78336012	78336156	DNA/hAT-Charlie	410	-	72	78336084	36989
chr14	78299095	78499095	harbor2	chr14	78338207	78338385	DNA/hAT-Charlie	655	-	89	78338296	39201
chr14	78299095	78499095	harbor2	chr14	78341251	78341394	DNA/hAT-Charlie	735	-	72	78341323	42228
chr14	78299095	78499095	harbor2	chr14	78341403	78341604	DNA/hAT-Charlie	996	-	100	78341503	42408
chr14	78299095	78499095	harbor2	chr14	78359193	78359358	DNA/hAT-Charlie	1026	-	82	78359275	60180
chr14	78299095	78499095	harbor2	chr14	78376180	78376424	DNA/hAT-Charlie	873	-	122	78376302	77207
chr14	66927967	67127967	harbor2	chr14	66932839	66932938	DNA/hAT-Charlie	583	-	50	66932889	4922
chr14	66927967	67127967	harbor2	chr14	66970930	66971053	DNA/hAT-Charlie	4278	-	62	66970992	43025
chr14	66927967	67127967	harbor2	chr14	66971328	66971985	DNA/hAT-Charlie	4278	-	328	66971656	43689
chr14	66927967	67127967	harbor2	chr14	66972298	66972581	DNA/hAT-Charlie	4278	-	142	66972440	44473
chr14	66927967	67127967	harbor2	chr14	66972779	66973064	DNA/hAT-Charlie	1077	-	142	66972921	44954
chr14	66927967	67127967	harbor2	chr14	67002033	67002209	DNA/hAT-Charlie	593	-	88	67002121	74154
chr14	66927967	67127967	harbor2	chr14	67016164	67016588	DNA/hAT-Charlie	764	-	212	67016376	88409
chr14	100007732	100207732	harbor2	chr14	100008111	100008292	DNA/hAT-Charlie	827	-	90	100008201	469
chr14	100007732	100207732	harbor2	chr14	100021580	100021762	DNA/hAT-Charlie	1054	-	91	100021671	13939
chr14	100007732	100207732	harbor2	chr14	100041984	100042268	DNA/hAT-Charlie	1074	-	142	100042126	34394
chr14	100007732	100207732	harbor2	chr14	100080129	100080323	DNA/hAT-Charlie	1342	-	97	100080226	72494
chr14	100007732	100207732	harbor2	chr14	100007885	100008098	DNA/hAT-Charlie	1052	-	106	100007991	259
chr14	95304695	95504695	harbor2	chr14	95313303	95313507	DNA/hAT-Charlie	1032	-	102	95313405	8710
chr14	95304695	95504695	harbor2	chr14	95390288	95390501	DNA/hAT-Charlie	1075	-	106	95390394	85699
chr14	95304695	95504695	harbor2	chr14	95398814	95399007	DNA/hAT-Charlie	451	-	96	95398910	94215
chr14	49780471	49980471	harbor2	chr14	49844135	49844462	DNA/hAT-Charlie	2242	-	164	49844299	63828
chr14	89258789	89458789	harbor2	chr14	89291784	89291991	DNA/hAT-Charlie	968	-	104	89291888	33099
chr14	89258789	89458789	harbor2	chr14	89324828	89324966	DNA/hAT-Charlie	540	-	69	89324897	66108
chr14	89258789	89458789	harbor2	chr14	89324977	89325172	DNA/hAT-Charlie	763	-	98	89325075	66286
chr14	89258789	89458789	harbor2	chr14	89331668	89331889	DNA/hAT-Charlie	688	-	110	89331778	72989
chr14	89258789	89458789	harbor2	chr14	89358100	89358235	DNA/hAT-Charlie	645	-	68	89358168	99379
chr14	88164775	88364775	harbor2	chr14	88178005	88178143	DNA/hAT-Charlie	673	-	69	88178074	13299
chr14	88164775	88364775	harbor2	chr14	88192496	88192647	DNA/hAT-Charlie	517	-	76	88192572	27797
chr14	88164775	88364775	harbor2	chr14	88212467	88212684	DNA/hAT-Charlie	668	-	108	88212575	47800
chr14	88164775	88364775	harbor2	chr14	88219730	88219904	DNA/hAT-Charlie	449	-	87	88219817	55042
chr14	88164775	88364775	harbor2	chr14	88242281	88242452	DNA/hAT-Charlie	864	-	86	88242367	77592
chr14	88164775	88364775	harbor2	chr14	88257856	88258055	DNA/hAT-Charlie	1052	-	100	88257956	93181
chr14	65467609	65667609	harbor2	chr14	65494099	65494396	DNA/hAT-Charlie	1295	-	148	65494247	26638
chr14	65467609	65667609	harbor2	chr14	65500033	65500196	DNA/hAT-Charlie	571	-	82	65500115	32506
chr14	65467609	65667609	harbor2	chr14	65502794	65502949	DNA/hAT-Charlie	876	-	78	65502872	35263
chr14	95011729	95211729	harbor2	chr14	95044326	95044512	DNA/hAT-Charlie	710	-	93	95044419	32690
chr14	95011729	95211729	harbor2	chr14	95060412	95060559	DNA/hAT-Charlie	579	-	74	95060486	48757
chr14	90929987	91129987	harbor2	chr14	90941106	90941222	DNA/hAT-Charlie	621	-	58	90941164	11177
chr14	103321875	103521875	harbor2	chr14	103390487	103390704	DNA/hAT-Charlie	1453	-	108	103390595	68720
chr14	103321875	103521875	harbor2	chr14	103392340	103392505	DNA/hAT-Charlie	733	-	82	103392422	70547
chr14	103321875	103521875	harbor2	chr14	103418956	103419006	DNA/hAT-Charlie	2060	-	25	103418981	97106
chr14	103321875	103521875	harbor2	chr14	103419315	103419729	DNA/hAT-Charlie	2060	-	207	103419522	97647
chr14	102041982	102241982	harbor2	chr14	102128935	102129095	DNA/hAT-Charlie	807	-	80	102129015	87033
chr14	98000416	98200416	harbor2	chr14	98029927	98030137	DNA/hAT-Charlie	862	-	105	98030032	29616
chr14	98000416	98200416	harbor2	chr14	98070286	98070383	DNA/hAT-Charlie	445	-	48	98070334	69918
chr14	98000416	98200416	harbor2	chr14	98091183	98091343	DNA/hAT-Charlie	556	-	80	98091263	90847
chr14	98000416	98200416	harbor2	chr14	98091525	98091695	DNA/hAT-Charlie	720	-	85	98091610	91194
chr14	81695896	81895896	harbor2	chr14	81723557	81723733	DNA/hAT-Charlie	1023	-	88	81723645	27749
chr14	56510063	56710063	harbor2	chr14	56522911	56523088	DNA/hAT-Charlie	879	-	88	56522999	12936
chr14	56510063	56710063	harbor2	chr14	56529737	56530055	DNA/hAT-Charlie	1430	-	159	56529896	19833
chr14	56510063	56710063	harbor2	chr14	56536510	56536742	DNA/hAT-Charlie	949	-	116	56536626	26563
chr14	56510063	56710063	harbor2	chr14	56548102	56548445	DNA/hAT-Charlie	2167	-	172	56548274	38211
chr14	56510063	56710063	harbor2	chr14	56552950	56553124	DNA/hAT-Charlie	555	-	87	56553037	42974
chr14	56510063	56710063	harbor2	chr14	56607746	56607858	DNA/hAT-Charlie	603	-	56	56607802	97739
chr14	96521686	96721686	harbor2	chr14	96525765	96525906	DNA/hAT-Charlie	531	-	70	96525835	4149
chr14	96521686	96721686	harbor2	chr14	96545224	96545538	DNA/hAT-Charlie	934	-	157	96545381	23695
chr14	96521686	96721686	harbor2	chr14	96555474	96555646	DNA/hAT-Charlie	647	-	86	96555560	33874
chr14	96521686	96721686	harbor2	chr14	96589114	96589380	DNA/hAT-Charlie	575	-	133	96589247	67561
chr14	95466410	95666410	harbor2	chr14	95478662	95478851	DNA/hAT-Charlie	692	-	94	95478756	12346
chr14	95466410	95666410	harbor2	chr14	95484892	95485061	DNA/hAT-Charlie	790	-	84	95484976	18566
chr14	95466410	95666410	harbor2	chr14	95497616	95497828	DNA/hAT-Charlie	1162	-	106	95497722	31312
chr14	95466410	95666410	harbor2	chr14	95538679	95538914	DNA/hAT-Charlie	911	-	118	95538797	72387
chr14	95466410	95666410	harbor2	chr14	95557370	95557503	DNA/hAT-Charlie	457	-	66	95557436	91026
chr14	95753418	95953418	harbor2	chr14	95785489	95785512	DNA/hAT-Charlie	581	-	12	95785501	32083
chr14	95753418	95953418	harbor2	chr14	95785839	95785973	DNA/hAT-Charlie	581	-	67	95785906	32488
chr14	95753418	95953418	harbor2	chr14	95795946	95796166	DNA/hAT-Charlie	721	-	110	95796056	42638
chr14	81844453	82044453	harbor2	chr14	81867404	81867576	DNA/hAT-Charlie	801	-	86	81867490	23037
chr14	81844453	82044453	harbor2	chr14	81896025	81896509	DNA/hAT-Charlie	3393	-	242	81896267	51814
chr14	24211827	24411827	harbor2	chr14	24222580	24222806	DNA/hAT-Charlie	946	-	113	24222693	10866
chr14	24211827	24411827	harbor2	chr14	24223109	24223119	DNA/hAT-Charlie	946	-	5	24223114	11287
chr14	24211827	24411827	harbor2	chr14	24223426	24223534	DNA/hAT-Charlie	946	-	54	24223480	11653
chr14	24211827	24411827	harbor2	chr14	24224498	24224616	DNA/hAT-Charlie	633	-	59	24224557	12730
chr14	24211827	24411827	harbor2	chr14	24265915	24266204	DNA/hAT-Charlie	420	-	144	24266059	54232
chr14	24211827	24411827	harbor2	chr14	24301141	24301324	DNA/hAT-Charlie	465	-	92	24301233	89406
chr14	74207141	74407141	harbor2	chr14	74212636	74212790	DNA/hAT-Charlie	766	-	77	74212713	5572
chr14	74207141	74407141	harbor2	chr14	74304499	74304688	DNA/hAT-Charlie	919	-	94	74304593	97452
chr14	102697105	102897105	harbor2	chr14	102715884	102716042	DNA/hAT-Charlie	896	-	79	102715963	18858
chr14	76856363	77056363	harbor2	chr14	76886979	76887058	DNA/hAT-Charlie	470	-	40	76887019	30656
chr14	76856363	77056363	harbor2	chr14	76887092	76887148	DNA/hAT-Charlie	470	-	28	76887120	30757
chr14	76856363	77056363	harbor2	chr14	76902710	76902890	DNA/hAT-Charlie	616	-	90	76902800	46437
chr14	76856363	77056363	harbor2	chr14	76907490	76907613	DNA/hAT-Charlie	415	-	62	76907552	51189
chr14	76856363	77056363	harbor2	chr14	76907944	76908038	DNA/hAT-Charlie	415	-	47	76907991	51628
chr14	71188843	71388843	harbor2	chr14	71250921	71251077	DNA/hAT-Charlie	438	-	78	71250999	62156
chr14	71188843	71388843	harbor2	chr14	71258182	71258329	DNA/hAT-Charlie	489	-	74	71258256	69413
chr14	87649716	87849716	harbor2	chr14	87680524	87680732	DNA/hAT-Charlie	937	-	104	87680628	30912
chr14	87649716	87849716	harbor2	chr14	87685827	87686044	DNA/hAT-Charlie	972	-	108	87685935	36219
chr14	87649716	87849716	harbor2	chr14	87701191	87701408	DNA/hAT-Charlie	761	-	108	87701299	51583
chr14	87649716	87849716	harbor2	chr14	87740974	87741355	DNA/hAT-Charlie	1547	-	190	87741164	91448
chr14	87649716	87849716	harbor2	chr14	87743623	87743939	DNA/hAT-Charlie	566	-	158	87743781	94065
chr14	89468810	89668810	harbor2	chr14	89476983	89477078	DNA/hAT-Charlie	434	-	48	89477031	8221
chr14	89468810	89668810	harbor2	chr14	89484284	89484607	DNA/hAT-Charlie	1302	-	162	89484446	15636
chr14	89468810	89668810	harbor2	chr14	89508689	89508850	DNA/hAT-Charlie	578	-	80	89508769	39959
chr14	89468810	89668810	harbor2	chr14	89531610	89531729	DNA/hAT-Charlie	670	-	60	89531670	62860
chr14	83320605	83520605	harbor2	chr14	83419932	83420100	DNA/hAT-Charlie	839	-	84	83420016	99411
chr14	44968582	45168582	harbor2	chr14	44983396	44983558	DNA/hAT-Charlie	773	-	81	44983477	14895
chr14	44968582	45168582	harbor2	chr14	44985388	44985764	DNA/hAT-Charlie	2065	-	188	44985576	16994
chr14	44968582	45168582	harbor2	chr14	45012300	45012432	DNA/hAT-Charlie	423	-	66	45012366	43784
chr14	44968582	45168582	harbor2	chr14	45033345	45033585	DNA/hAT-Charlie	811	-	120	45033465	64883
chr14	44968582	45168582	harbor2	chr14	45065296	45065534	DNA/hAT-Charlie	1319	-	119	45065415	96833
chr14	95706846	95906846	harbor2	chr14	95717986	95718145	DNA/hAT-Charlie	436	-	80	95718066	11220
chr14	95706846	95906846	harbor2	chr14	95745439	95745648	DNA/hAT-Charlie	1067	-	104	95745543	38697
chr14	95706846	95906846	harbor2	chr14	95748860	95749020	DNA/hAT-Charlie	460	-	80	95748940	42094
chr14	95706846	95906846	harbor2	chr14	95785489	95785512	DNA/hAT-Charlie	581	-	12	95785501	78655
chr14	95706846	95906846	harbor2	chr14	95785839	95785973	DNA/hAT-Charlie	581	-	67	95785906	79060
chr14	95706846	95906846	harbor2	chr14	95795946	95796166	DNA/hAT-Charlie	721	-	110	95796056	89210
chr14	99291582	99491582	harbor2	chr14	99309621	99310036	DNA/hAT-Charlie	2501	-	208	99309829	18247
chr14	99291582	99491582	harbor2	chr14	99344733	99344899	DNA/hAT-Charlie	719	-	83	99344816	53234
chr14	99291582	99491582	harbor2	chr14	99345361	99345433	DNA/hAT-Charlie	719	-	36	99345397	53815
chr14	101732328	101932328	harbor2	chr14	101755266	101755479	DNA/hAT-Charlie	1262	-	106	101755372	23044
chr14	101732328	101932328	harbor2	chr14	101767994	101768218	DNA/hAT-Charlie	698	-	112	101768106	35778
chr14	101732328	101932328	harbor2	chr14	101768339	101768773	DNA/hAT-Charlie	1564	-	217	101768556	36228
chr14	101732328	101932328	harbor2	chr14	101771863	101772076	DNA/hAT-Charlie	947	-	106	101771969	39641
chr14	101732328	101932328	harbor2	chr14	101774822	101775039	DNA/hAT-Charlie	1018	-	108	101774930	42602
chr14	101732328	101932328	harbor2	chr14	101791439	101791601	DNA/hAT-Charlie	514	-	81	101791520	59192
chr14	101732328	101932328	harbor2	chr14	101813295	101813422	DNA/hAT-Charlie	688	-	64	101813359	81031
chr14	75873247	76073247	harbor2	chr14	75901500	75901726	DNA/hAT-Charlie	740	-	113	75901613	28366
chr14	75873247	76073247	harbor2	chr14	75929309	75929447	DNA/hAT-Charlie	573	-	69	75929378	56131
chr14	75873247	76073247	harbor2	chr14	75929753	75929834	DNA/hAT-Charlie	573	-	40	75929793	56546
chr14	75873247	76073247	harbor2	chr14	75968856	75969163	DNA/hAT-Charlie	630	-	154	75969010	95763
chr14	90154189	90354189	harbor2	chr14	90187461	90187670	DNA/hAT-Charlie	793	-	104	90187565	33376
chr14	90154189	90354189	harbor2	chr14	90213105	90213281	DNA/hAT-Charlie	446	-	88	90213193	59004
chr14	104235296	104435296	harbor2	chr14	104262254	104262371	DNA/hAT-Charlie	525	-	58	104262312	27016
chr14	94883246	95083246	harbor2	chr14	94954809	94955020	DNA/hAT-Charlie	883	-	106	94954915	71669
chr14	94883246	95083246	harbor2	chr14	94955327	94956280	DNA/hAT-Charlie	4415	-	476	94955803	72557
chr14	104476017	104676017	harbor2	chr14	104501317	104501439	DNA/hAT-Charlie	1144	-	61	104501378	25361
chr14	104476017	104676017	harbor2	chr14	104501802	104501907	DNA/hAT-Charlie	1144	-	52	104501854	25837
chr14	33576013	33776013	harbor2	chr14	33618142	33618667	DNA/hAT-Charlie	3414	-	262	33618404	42391
chr14	33576013	33776013	harbor2	chr14	33666944	33667265	DNA/hAT-Charlie	924	-	160	33667104	91091
chr14	89793742	89993742	harbor2	chr14	89802928	89803160	DNA/hAT-Charlie	1115	-	116	89803044	9302
chr14	89793742	89993742	harbor2	chr14	89843148	89844483	DNA/hAT-Charlie	5894	-	668	89843816	50074
chr14	97951996	98151996	harbor2	chr14	97987240	97987553	DNA/hAT-Charlie	1500	-	156	97987396	35400
chr14	97951996	98151996	harbor2	chr14	97994552	97994830	DNA/hAT-Charlie	1100	-	139	97994691	42695
chr14	97951996	98151996	harbor2	chr14	98029927	98030137	DNA/hAT-Charlie	862	-	105	98030032	78036
chr14	48653750	48853750	harbor2	chr14	48670319	48670601	DNA/hAT-Charlie	739	-	141	48670460	16710
chr14	48653750	48853750	harbor2	chr14	48677102	48677506	DNA/hAT-Charlie	2452	-	202	48677304	23554
chr14	48653750	48853750	harbor2	chr14	48677904	48678172	DNA/hAT-Charlie	2452	-	134	48678038	24288
chr14	48653750	48853750	harbor2	chr14	48705748	48705914	DNA/hAT-Charlie	610	-	83	48705831	52081
chr14	74156785	74356785	harbor2	chr14	74179889	74180057	DNA/hAT-Charlie	725	-	84	74179973	23188
chr14	74156785	74356785	harbor2	chr14	74212636	74212790	DNA/hAT-Charlie	766	-	77	74212713	55928
chr14	48553100	48753100	harbor2	chr14	48632832	48632989	DNA/hAT-Charlie	408	-	78	48632910	79810
chr14	96935129	97135129	harbor2	chr14	96956215	96956522	DNA/hAT-Charlie	1301	-	154	96956369	21240
chr14	96935129	97135129	harbor2	chr14	96970766	96970937	DNA/hAT-Charlie	561	-	86	96970852	35723
chr14	96935129	97135129	harbor2	chr14	96970975	96971162	DNA/hAT-Charlie	417	-	94	96971069	35940
chr14	96935129	97135129	harbor2	chr14	97026633	97026670	DNA/hAT-Charlie	684	-	18	97026651	91522
chr14	96935129	97135129	harbor2	chr14	97026957	97027173	DNA/hAT-Charlie	684	-	108	97027065	91936
chr14	76525809	76725809	harbor2	chr14	76537559	76537752	DNA/hAT-Charlie	696	-	96	76537655	11846
chr14	76525809	76725809	harbor2	chr14	76552267	76552489	DNA/hAT-Charlie	1140	-	111	76552378	26569
chr14	76525809	76725809	harbor2	chr14	76554359	76554398	DNA/hAT-Charlie	4017	-	20	76554379	28570
chr14	76525809	76725809	harbor2	chr14	76554690	76555355	DNA/hAT-Charlie	4017	-	332	76555022	29213
chr14	76525809	76725809	harbor2	chr14	76555618	76555861	DNA/hAT-Charlie	4017	-	122	76555740	29931
chr14	76525809	76725809	harbor2	chr14	76556159	76556518	DNA/hAT-Charlie	4017	-	180	76556339	30530
chr14	76525809	76725809	harbor2	chr14	76556638	76556738	DNA/hAT-Charlie	1839	-	50	76556688	30879
chr14	76525809	76725809	harbor2	chr14	76557686	76557863	DNA/hAT-Charlie	893	-	88	76557774	31965
chr14	76525809	76725809	harbor2	chr14	76573692	76573835	DNA/hAT-Charlie	740	-	72	76573764	47955
chr14	76525809	76725809	harbor2	chr14	76581018	76581231	DNA/hAT-Charlie	1194	-	106	76581124	55315
chr14	76525809	76725809	harbor2	chr14	76596110	76596160	DNA/hAT-Charlie	528	-	25	76596135	70326
chr14	76525809	76725809	harbor2	chr14	76596428	76596442	DNA/hAT-Charlie	528	-	7	76596435	70626
chr14	76525809	76725809	harbor2	chr14	76596750	76596890	DNA/hAT-Charlie	528	-	70	76596820	71011
chr14	105493074	105693074	harbor2	chr14	105505552	105505987	DNA/hAT-Charlie	1575	-	218	105505770	12696
chr14	105493074	105693074	harbor2	chr14	105506574	105506704	DNA/hAT-Charlie	1575	-	65	105506639	13565
chr14	85272534	85472534	harbor2	chr14	85286387	85286641	DNA/hAT-Charlie	893	-	127	85286514	13980
chr14	85272534	85472534	harbor2	chr14	85301142	85301520	DNA/hAT-Charlie	597	-	189	85301331	28797
chr14	85272534	85472534	harbor2	chr14	85305079	85305240	DNA/hAT-Charlie	425	-	80	85305159	32625
chr14	85272534	85472534	harbor2	chr14	85326347	85326552	DNA/hAT-Charlie	1248	-	102	85326449	53915
chr14	85272534	85472534	harbor2	chr14	85335327	85335519	DNA/hAT-Charlie	1141	-	96	85335423	62889
chr14	85272534	85472534	harbor2	chr14	85354999	85355154	DNA/hAT-Charlie	569	-	78	85355077	82543
chr14	54251616	54451616	harbor2	chr14	54251761	54251864	DNA/hAT-Charlie	430	-	52	54251813	197
chr14	54251616	54451616	harbor2	chr14	54288233	54288559	DNA/hAT-Charlie	1650	-	163	54288396	36780
chr14	54251616	54451616	harbor2	chr14	54306402	54306577	DNA/hAT-Charlie	659	-	88	54306490	54874
chr14	54251616	54451616	harbor2	chr14	54327295	54327575	DNA/hAT-Charlie	458	-	140	54327435	75819
chr14	88834696	89034696	harbor2	chr14	88846825	88846987	DNA/hAT-Charlie	510	-	81	88846906	12210
chr14	88834696	89034696	harbor2	chr14	88932775	88932964	DNA/hAT-Charlie	874	-	94	88932869	98173
chr14	89174047	89374047	harbor2	chr14	89254480	89254709	DNA/hAT-Charlie	714	-	114	89254594	80547
chr14	94009966	94209966	harbor2	chr14	94010888	94011043	DNA/hAT-Charlie	645	-	78	94010966	1000
chr14	94009966	94209966	harbor2	chr14	94019649	94019884	DNA/hAT-Charlie	566	-	118	94019767	9801
chr14	94009966	94209966	harbor2	chr14	94034031	94034244	DNA/hAT-Charlie	573	-	106	94034137	24171
chr14	94009966	94209966	harbor2	chr14	94039928	94040148	DNA/hAT-Charlie	891	-	110	94040038	30072
chr14	94009966	94209966	harbor2	chr14	94055549	94055721	DNA/hAT-Charlie	426	-	86	94055635	45669
chr14	94009966	94209966	harbor2	chr14	94058792	94058933	DNA/hAT-Charlie	780	-	70	94058862	48896
chr14	94009966	94209966	harbor2	chr14	94061656	94061844	DNA/hAT-Charlie	801	-	94	94061750	51784
chr14	61078531	61278531	harbor2	chr14	61101127	61101370	DNA/hAT-Charlie	551	-	122	61101249	22718
chr14	61078531	61278531	harbor2	chr14	61141029	61141300	DNA/hAT-Charlie	1386	-	136	61141165	62634
chr14	61078531	61278531	harbor2	chr14	61152558	61152843	DNA/hAT-Charlie	1334	-	142	61152700	74169
chr14	61078531	61278531	harbor2	chr14	61152929	61153130	DNA/hAT-Charlie	1055	-	100	61153029	74498
chr14	61078531	61278531	harbor2	chr14	61170933	61171097	DNA/hAT-Charlie	505	-	82	61171015	92484
chr14	102343438	102543438	harbor2	chr14	102409676	102409815	DNA/hAT-Charlie	1282	-	70	102409746	66308
chr14	102343438	102543438	harbor2	chr14	102410108	102410289	DNA/hAT-Charlie	1282	-	90	102410198	66760
chr14	102343438	102543438	harbor2	chr14	102411728	102412123	DNA/hAT-Charlie	2982	-	198	102411926	68488
chr14	102343438	102543438	harbor2	chr14	102412428	102412786	DNA/hAT-Charlie	2982	-	179	102412607	69169
chr14	79056172	79256172	harbor2	chr14	79056737	79056941	DNA/hAT-Charlie	544	-	102	79056839	667
chr14	79056172	79256172	harbor2	chr14	79113017	79113226	DNA/hAT-Charlie	1032	-	104	79113121	56949
chr14	79056172	79256172	harbor2	chr14	79113774	79113966	DNA/hAT-Charlie	692	-	96	79113870	57698
chr14	79056172	79256172	harbor2	chr14	79155413	79155812	DNA/hAT-Charlie	892	-	200	79155613	99441
chr14	86274117	86474117	harbor2	chr14	86276274	86276400	DNA/hAT-Charlie	488	-	63	86276337	2220
chr14	87964188	88164188	harbor2	chr14	87965830	87966077	DNA/hAT-Charlie	595	-	124	87965954	1766
chr14	87964188	88164188	harbor2	chr14	87971569	87971801	DNA/hAT-Charlie	959	-	116	87971685	7497
chr14	87964188	88164188	harbor2	chr14	87973709	87973923	DNA/hAT-Charlie	1127	-	107	87973816	9628
chr14	87964188	88164188	harbor2	chr14	88019131	88019273	DNA/hAT-Charlie	704	-	71	88019202	55014
chr14	87964188	88164188	harbor2	chr14	88019625	88019738	DNA/hAT-Charlie	597	-	56	88019681	55493
chr14	104940505	105140505	harbor2	chr14	104959914	104960105	DNA/hAT-Charlie	578	-	96	104960010	19505
chr14	94390701	94590701	harbor2	chr14	94399215	94399432	DNA/hAT-Charlie	470	-	108	94399323	8622
chr14	94390701	94590701	harbor2	chr14	94399609	94399918	DNA/hAT-Charlie	604	-	154	94399763	9062
chr14	94390701	94590701	harbor2	chr14	94399948	94400261	DNA/hAT-Charlie	1805	-	156	94400104	9403
chr14	94390701	94590701	harbor2	chr14	94464007	94464270	DNA/hAT-Charlie	461	-	132	94464139	73438
chr14	94390701	94590701	harbor2	chr14	94464320	94464378	DNA/hAT-Charlie	447	-	29	94464349	73648
chr14	98483380	98683380	harbor2	chr14	98502591	98503051	DNA/hAT-Charlie	424	-	230	98502821	19441
chr14	98483380	98683380	harbor2	chr14	98514747	98514947	DNA/hAT-Charlie	813	-	100	98514847	31467
chr14	98483380	98683380	harbor2	chr14	98536853	98537026	DNA/hAT-Charlie	500	-	86	98536939	53559
chr14	98483380	98683380	harbor2	chr14	98558718	98559041	DNA/hAT-Charlie	1587	-	162	98558880	75500
chr14	65811169	66011169	harbor2	chr14	65891194	65891356	DNA/hAT-Charlie	831	-	81	65891275	80106
chr14	65811169	66011169	harbor2	chr14	65898974	65899835	DNA/hAT-Charlie	4000	-	430	65899404	88235
chr14	100905820	101105820	harbor2	chr14	100930516	100930729	DNA/hAT-Charlie	997	-	106	100930622	24802
chr14	100905820	101105820	harbor2	chr14	100942079	100942233	DNA/hAT-Charlie	553	-	77	100942156	36336
chr14	100905820	101105820	harbor2	chr14	100945148	100945354	DNA/hAT-Charlie	764	-	103	100945251	39431
chr14	100905820	101105820	harbor2	chr14	100960886	100961088	DNA/hAT-Charlie	588	-	101	100960987	55167
chr14	74720793	74920793	harbor2	chr14	74742471	74742978	DNA/hAT-Charlie	3528	-	254	74742725	21932
chr14	74720793	74920793	harbor2	chr14	74767455	74767663	DNA/hAT-Charlie	1342	-	104	74767559	46766
chr14	74720793	74920793	harbor2	chr14	74789518	74789602	DNA/hAT-Charlie	481	-	42	74789560	68767
chr14	74720793	74920793	harbor2	chr14	74789924	74789972	DNA/hAT-Charlie	481	-	24	74789948	69155
chr14	74720793	74920793	harbor2	chr14	74801585	74801912	DNA/hAT-Charlie	672	-	164	74801749	80956
chr14	104658237	104858237	harbor2	chr14	104663225	104663298	DNA/hAT-Charlie	765	-	36	104663261	5024
chr14	104658237	104858237	harbor2	chr14	104663581	104663879	DNA/hAT-Charlie	765	-	149	104663730	5493
chr14	104658237	104858237	harbor2	chr14	104744379	104744714	DNA/hAT-Charlie	1974	-	168	104744547	86310
chr14	80222000	80422000	harbor2	chr14	80244141	80244361	DNA/hAT-Charlie	842	-	110	80244251	22251
chr14	80222000	80422000	harbor2	chr14	80305749	80305904	DNA/hAT-Charlie	828	-	78	80305827	83827
chr14	80222000	80422000	harbor2	chr14	80232271	80232478	DNA/hAT-Charlie	1009	-	104	80232375	10375
chr14	55825765	56025765	harbor2	chr14	55835465	55835578	DNA/hAT-Charlie	630	-	56	55835521	9756
chr14	55825765	56025765	harbor2	chr14	55835894	55835968	DNA/hAT-Charlie	630	-	37	55835931	10166
chr14	55825765	56025765	harbor2	chr14	55882293	55882832	DNA/hAT-Charlie	1822	-	270	55882563	56798
chr14	55825765	56025765	harbor2	chr14	55890243	55890430	DNA/hAT-Charlie	959	-	94	55890337	64572
chr14	83269944	83469944	harbor2	chr14	83307897	83308370	DNA/hAT-Charlie	3177	-	236	83308133	38189
chr14	96717236	96917236	harbor2	chr14	96734046	96734366	DNA/hAT-Charlie	807	-	160	96734206	16970
chr14	96717236	96917236	harbor2	chr14	96764490	96764631	DNA/hAT-Charlie	879	-	70	96764560	47324
chr14	96717236	96917236	harbor2	chr14	96777270	96777462	DNA/hAT-Charlie	1193	-	96	96777366	60130
chr14	93112809	93312809	harbor2	chr14	93129720	93129757	DNA/hAT-Charlie	664	-	18	93129738	16929
chr14	93112809	93312809	harbor2	chr14	93130054	93130167	DNA/hAT-Charlie	664	-	56	93130110	17301
chr14	93112809	93312809	harbor2	chr14	93182111	93182407	DNA/hAT-Charlie	711	-	148	93182259	69450
chr14	93112809	93312809	harbor2	chr14	93182406	93182647	DNA/hAT-Charlie	637	-	120	93182526	69717
chr14	93112809	93312809	harbor2	chr14	93182945	93183101	DNA/hAT-Charlie	637	-	78	93183023	70214
chr14	101705393	101905393	harbor2	chr14	101755266	101755479	DNA/hAT-Charlie	1262	-	106	101755372	49979
chr14	101705393	101905393	harbor2	chr14	101767994	101768218	DNA/hAT-Charlie	698	-	112	101768106	62713
chr14	101705393	101905393	harbor2	chr14	101768339	101768773	DNA/hAT-Charlie	1564	-	217	101768556	63163
chr14	101705393	101905393	harbor2	chr14	101771863	101772076	DNA/hAT-Charlie	947	-	106	101771969	66576
chr14	101705393	101905393	harbor2	chr14	101774822	101775039	DNA/hAT-Charlie	1018	-	108	101774930	69537
chr14	101705393	101905393	harbor2	chr14	101791439	101791601	DNA/hAT-Charlie	514	-	81	101791520	86127
chr14	103901865	104101865	harbor2	chr14	103930881	103931013	DNA/hAT-Charlie	443	-	66	103930947	29082
chr14	103901865	104101865	harbor2	chr14	103931315	103931358	DNA/hAT-Charlie	443	-	22	103931337	29472
chr14	72289946	72489946	harbor2	chr14	72293770	72293962	DNA/hAT-Charlie	1030	-	96	72293866	3920
chr14	72289946	72489946	harbor2	chr14	72335638	72335813	DNA/hAT-Charlie	1085	-	88	72335726	45780
chr14	72289946	72489946	harbor2	chr14	72368941	72369167	DNA/hAT-Charlie	1604	-	113	72369054	79108
chr14	95531670	95731670	harbor2	chr14	95538679	95538914	DNA/hAT-Charlie	911	-	118	95538797	7127
chr14	95531670	95731670	harbor2	chr14	95557370	95557503	DNA/hAT-Charlie	457	-	66	95557436	25766
chr14	95531670	95731670	harbor2	chr14	95570949	95571041	DNA/hAT-Charlie	1040	-	46	95570995	39325
chr14	95531670	95731670	harbor2	chr14	95571354	95571486	DNA/hAT-Charlie	1040	-	66	95571420	39750
chr14	95531670	95731670	harbor2	chr14	95590076	95590262	DNA/hAT-Charlie	679	-	93	95590169	58499
chr14	95531670	95731670	harbor2	chr14	95590608	95590742	DNA/hAT-Charlie	624	-	67	95590675	59005
chr14	95531670	95731670	harbor2	chr14	95621560	95621775	DNA/hAT-Charlie	1103	-	108	95621668	89998
chr14	95531670	95731670	harbor2	chr14	95628035	95628337	DNA/hAT-Charlie	620	-	151	95628186	96516
chr14	101711565	101911565	harbor2	chr14	101755266	101755479	DNA/hAT-Charlie	1262	-	106	101755372	43807
chr14	101711565	101911565	harbor2	chr14	101767994	101768218	DNA/hAT-Charlie	698	-	112	101768106	56541
chr14	101711565	101911565	harbor2	chr14	101768339	101768773	DNA/hAT-Charlie	1564	-	217	101768556	56991
chr14	101711565	101911565	harbor2	chr14	101771863	101772076	DNA/hAT-Charlie	947	-	106	101771969	60404
chr14	101711565	101911565	harbor2	chr14	101774822	101775039	DNA/hAT-Charlie	1018	-	108	101774930	63365
chr14	101711565	101911565	harbor2	chr14	101791439	101791601	DNA/hAT-Charlie	514	-	81	101791520	79955
chr14	33572273	33772273	harbor2	chr14	33618142	33618667	DNA/hAT-Charlie	3414	-	262	33618404	46131
chr14	33572273	33772273	harbor2	chr14	33666944	33667265	DNA/hAT-Charlie	924	-	160	33667104	94831
chr14	102095574	102295574	harbor2	chr14	102128935	102129095	DNA/hAT-Charlie	807	-	80	102129015	33441
chr14	102095574	102295574	harbor2	chr14	102191876	102192098	DNA/hAT-Charlie	717	-	111	102191987	96413
chr14	102095574	102295574	harbor2	chr14	102194335	102194518	DNA/hAT-Charlie	933	-	92	102194427	98853
chr14	85532163	85732163	harbor2	chr14	85553379	85553554	DNA/hAT-Charlie	897	-	88	85553467	21304
chr14	85532163	85732163	harbor2	chr14	85590068	85590273	DNA/hAT-Charlie	646	-	102	85590170	58007
chr14	85532163	85732163	harbor2	chr14	85606863	85607135	DNA/hAT-Charlie	689	-	136	85606999	74836
chr14	80432504	80632504	harbor2	chr14	80490865	80491047	DNA/hAT-Charlie	760	-	91	80490956	58452
chr14	80432504	80632504	harbor2	chr14	80523848	80524067	DNA/hAT-Charlie	1294	-	110	80523958	91454
chr14	87842599	88042599	harbor2	chr14	87897495	87897660	DNA/hAT-Charlie	552	-	82	87897577	54978
chr14	87842599	88042599	harbor2	chr14	87917435	87917580	DNA/hAT-Charlie	780	-	72	87917507	74908
chr14	87842599	88042599	harbor2	chr14	87942118	87942292	DNA/hAT-Charlie	696	-	87	87942205	99606
chr14	70560515	70760515	harbor2	chr14	70589901	70590191	DNA/hAT-Charlie	1048	-	145	70590046	29531
chr14	70560515	70760515	harbor2	chr14	70593665	70593783	DNA/hAT-Charlie	602	-	59	70593724	33209
chr14	70560515	70760515	harbor2	chr14	70640276	70640437	DNA/hAT-Charlie	708	-	80	70640356	79841
chr14	70560515	70760515	harbor2	chr14	70640461	70640596	DNA/hAT-Charlie	677	-	68	70640529	80014
chr14	40995967	41195967	harbor2	chr14	41059210	41059618	DNA/hAT-Charlie	753	-	204	41059414	63447
chr14	40995967	41195967	harbor2	chr14	41076631	41076777	DNA/hAT-Charlie	599	-	73	41076704	80737
chr14	91800823	92000823	harbor2	chr14	91837592	91837877	DNA/hAT-Charlie	567	-	142	91837734	36911
chr14	91800823	92000823	harbor2	chr14	91880949	91881100	DNA/hAT-Charlie	531	-	76	91881025	80202
chr14	62055953	62255953	harbor2	chr14	62133021	62133165	DNA/hAT-Charlie	681	-	72	62133093	77140
chr14	79464095	79664095	harbor2	chr14	79467776	79467980	DNA/hAT-Charlie	803	-	102	79467878	3783
chr14	79464095	79664095	harbor2	chr14	79543675	79543956	DNA/hAT-Charlie	685	-	140	79543815	79720
chr14	103342273	103542273	harbor2	chr14	103390487	103390704	DNA/hAT-Charlie	1453	-	108	103390595	48322
chr14	103342273	103542273	harbor2	chr14	103392340	103392505	DNA/hAT-Charlie	733	-	82	103392422	50149
chr14	103342273	103542273	harbor2	chr14	103418956	103419006	DNA/hAT-Charlie	2060	-	25	103418981	76708
chr14	103342273	103542273	harbor2	chr14	103419315	103419729	DNA/hAT-Charlie	2060	-	207	103419522	77249
chr14	103647397	103847397	harbor2	chr14	103666396	103666521	DNA/hAT-Charlie	522	-	62	103666458	19061
chr14	103647397	103847397	harbor2	chr14	103689546	103689698	DNA/hAT-Charlie	576	-	76	103689622	42225
chr14	61704763	61904763	harbor2	chr14	61718827	61719013	DNA/hAT-Charlie	439	-	93	61718920	14157
chr14	61704763	61904763	harbor2	chr14	61784488	61784703	DNA/hAT-Charlie	1116	-	108	61784596	79833
chr14	21814439	22014439	harbor2	chr14	21848649	21848747	DNA/hAT-Charlie	418	-	49	21848698	34259
chr14	21814439	22014439	harbor2	chr14	21899681	21899883	DNA/hAT-Charlie	951	-	101	21899782	85343
chr14	66173583	66373583	harbor2	chr14	66230876	66231091	DNA/hAT-Charlie	1260	-	108	66230984	57401
chr14	66173583	66373583	harbor2	chr14	66258075	66258257	DNA/hAT-Charlie	915	-	91	66258166	84583
chr14	94647001	94847001	harbor2	chr14	94647199	94647355	DNA/hAT-Charlie	691	-	78	94647277	276
chr14	94647001	94847001	harbor2	chr14	94654481	94654655	DNA/hAT-Charlie	421	-	87	94654568	7567
chr14	94647001	94847001	harbor2	chr14	94684850	94684965	DNA/hAT-Charlie	549	-	58	94684908	37907
chr14	94647001	94847001	harbor2	chr14	94739027	94739174	DNA/hAT-Charlie	417	-	74	94739101	92100
chr14	50931066	51131066	harbor2	chr14	50979626	50979834	DNA/hAT-Charlie	562	-	104	50979730	48664
chr14	50931066	51131066	harbor2	chr14	50999026	50999186	DNA/hAT-Charlie	936	-	80	50999106	68040
chr15	87162145	87362145	harbor2	chr15	87192473	87192777	DNA/hAT-Charlie	636	-	152	87192625	30480
chr15	87162145	87362145	harbor2	chr15	87199373	87199541	DNA/hAT-Charlie	950	-	84	87199457	37312
chr15	93009396	93209396	harbor2	chr15	93069612	93069800	DNA/hAT-Charlie	994	-	94	93069706	60310
chr15	101253459	101453459	harbor2	chr15	101282330	101282916	DNA/hAT-Charlie	2424	-	293	101282623	29164
chr15	101253459	101453459	harbor2	chr15	101282959	101283265	DNA/hAT-Charlie	1065	-	153	101283112	29653
chr15	101253459	101453459	harbor2	chr15	101291360	101291600	DNA/hAT-Charlie	872	-	120	101291480	38021
chr15	101253459	101453459	harbor2	chr15	101300696	101300905	DNA/hAT-Charlie	1265	-	104	101300800	47341
chr15	101253459	101453459	harbor2	chr15	101352949	101353475	DNA/hAT-Charlie	3316	-	263	101353212	99753
chr15	91613666	91813666	harbor2	chr15	91622952	91623131	DNA/hAT-Charlie	841	-	90	91623042	9376
chr15	91613666	91813666	harbor2	chr15	91659792	91660005	DNA/hAT-Charlie	1008	-	106	91659898	46232
chr15	91613666	91813666	harbor2	chr15	91669931	91670163	DNA/hAT-Charlie	443	-	116	91670047	56381
chr15	91613666	91813666	harbor2	chr15	91671064	91671247	DNA/hAT-Charlie	797	-	92	91671156	57490
chr15	91613666	91813666	harbor2	chr15	91689967	91690304	DNA/hAT-Charlie	2154	-	168	91690135	76469
chr15	91613666	91813666	harbor2	chr15	91690456	91690731	DNA/hAT-Charlie	1114	-	138	91690594	76928
chr15	64470778	64670778	harbor2	chr15	64520191	64520368	DNA/hAT-Charlie	780	-	88	64520279	49501
chr15	84950446	85150446	harbor2	chr15	84950822	84951016	DNA/hAT-Charlie	804	-	97	84950919	473
chr15	84950446	85150446	harbor2	chr15	84972721	84972870	DNA/hAT-Charlie	414	-	74	84972795	22349
chr15	84950446	85150446	harbor2	chr15	85026964	85027187	DNA/hAT-Charlie	559	-	112	85027076	76630
chr15	48254419	48454419	harbor2	chr15	48265810	48266117	DNA/hAT-Charlie	1369	-	154	48265964	11545
chr15	84604362	84804362	harbor2	chr15	84608637	84608797	DNA/hAT-Charlie	575	-	80	84608717	4355
chr15	84604362	84804362	harbor2	chr15	84661365	84661559	DNA/hAT-Charlie	1483	-	97	84661462	57100
chr15	84604362	84804362	harbor2	chr15	84661872	84661929	DNA/hAT-Charlie	1483	-	28	84661900	57538
chr15	100107270	100307270	harbor2	chr15	100118108	100118322	DNA/hAT-Charlie	1053	-	107	100118215	10945
chr15	100107270	100307270	harbor2	chr15	100130548	100130675	DNA/hAT-Charlie	588	-	64	100130612	23342
chr15	100107270	100307270	harbor2	chr15	100143997	100144269	DNA/hAT-Charlie	1326	-	136	100144133	36863
chr15	100107270	100307270	harbor2	chr15	100144563	100144741	DNA/hAT-Charlie	1326	-	89	100144652	37382
chr15	100107270	100307270	harbor2	chr15	100172161	100172315	DNA/hAT-Charlie	643	-	77	100172238	64968
chr15	100107270	100307270	harbor2	chr15	100176331	100176478	DNA/hAT-Charlie	619	-	74	100176405	69135
chr15	101231254	101431254	harbor2	chr15	101282330	101282916	DNA/hAT-Charlie	2424	-	293	101282623	51369
chr15	101231254	101431254	harbor2	chr15	101282959	101283265	DNA/hAT-Charlie	1065	-	153	101283112	51858
chr15	101231254	101431254	harbor2	chr15	101291360	101291600	DNA/hAT-Charlie	872	-	120	101291480	60226
chr15	101231254	101431254	harbor2	chr15	101300696	101300905	DNA/hAT-Charlie	1265	-	104	101300800	69546
chr15	88189601	88389601	harbor2	chr15	88208439	88208605	DNA/hAT-Charlie	952	-	83	88208522	18921
chr15	88189601	88389601	harbor2	chr15	88208746	88208888	DNA/hAT-Charlie	616	-	71	88208817	19216
chr15	88189601	88389601	harbor2	chr15	88276301	88276458	DNA/hAT-Charlie	920	-	78	88276379	86778
chr15	88189601	88389601	harbor2	chr15	88276468	88276647	DNA/hAT-Charlie	772	-	90	88276558	86957
chr15	88189601	88389601	harbor2	chr15	88278588	88278813	DNA/hAT-Charlie	1075	-	112	88278700	89099
chr15	37765971	37965971	harbor2	chr15	37767649	37767826	DNA/hAT-Charlie	646	-	88	37767737	1766
chr15	37765971	37965971	harbor2	chr15	37802057	37802285	DNA/hAT-Charlie	467	-	114	37802171	36200
chr15	37765971	37965971	harbor2	chr15	37822016	37822332	DNA/hAT-Charlie	1335	-	158	37822174	56203
chr15	37765971	37965971	harbor2	chr15	37828220	37828703	DNA/hAT-Charlie	1811	-	242	37828462	62491
chr15	86268953	86468953	harbor2	chr15	86272203	86272368	DNA/hAT-Charlie	826	-	82	86272285	3332
chr15	86268953	86468953	harbor2	chr15	86274165	86274623	DNA/hAT-Charlie	610	-	229	86274394	5441
chr15	86268953	86468953	harbor2	chr15	86274782	86274926	DNA/hAT-Charlie	465	-	72	86274854	5901
chr15	86268953	86468953	harbor2	chr15	86287795	86288086	DNA/hAT-Charlie	436	-	146	86287941	18988
chr15	86268953	86468953	harbor2	chr15	86317658	86317857	DNA/hAT-Charlie	1027	-	100	86317758	48805
chr15	100653583	100853583	harbor2	chr15	100660353	100660462	DNA/hAT-Charlie	506	-	54	100660407	6824
chr15	100653583	100853583	harbor2	chr15	100660764	100660838	DNA/hAT-Charlie	506	-	37	100660801	7218
chr15	100653583	100853583	harbor2	chr15	100693727	100693920	DNA/hAT-Charlie	505	-	96	100693823	40240
chr15	100653583	100853583	harbor2	chr15	100724452	100724695	DNA/hAT-Charlie	1390	-	122	100724574	70991
chr15	100653583	100853583	harbor2	chr15	100725006	100725109	DNA/hAT-Charlie	1390	-	52	100725058	71475
chr15	100653583	100853583	harbor2	chr15	100735798	100735914	DNA/hAT-Charlie	468	-	58	100735856	82273
chr15	100653583	100853583	harbor2	chr15	100736839	100737075	DNA/hAT-Charlie	637	-	118	100736957	83374
chr15	100653583	100853583	harbor2	chr15	100739145	100739282	DNA/hAT-Charlie	450	-	68	100739213	85630
chr15	92004002	92204002	harbor2	chr15	92010319	92010479	DNA/hAT-Charlie	579	-	80	92010399	6397
chr15	92004002	92204002	harbor2	chr15	92048447	92048652	DNA/hAT-Charlie	706	-	102	92048549	44547
chr15	92004002	92204002	harbor2	chr15	92073654	92073864	DNA/hAT-Charlie	1045	-	105	92073759	69757
chr15	92004002	92204002	harbor2	chr15	92089878	92090391	DNA/hAT-Charlie	2035	-	256	92090134	86132
chr15	47435603	47635603	harbor2	chr15	47470080	47470236	DNA/hAT-Charlie	425	-	78	47470158	34555
chr15	94708455	94908455	harbor2	chr15	94715971	94716156	DNA/hAT-Charlie	840	-	92	94716063	7608
chr15	28086898	28286898	harbor2	chr15	28108906	28109091	DNA/hAT-Charlie	546	-	92	28108998	22100
chr15	28086898	28286898	harbor2	chr15	28109961	28110064	DNA/hAT-Charlie	400	-	52	28110013	23115
chr15	28086898	28286898	harbor2	chr15	28161579	28161743	DNA/hAT-Charlie	505	-	82	28161661	74763
chr15	100727768	100927768	harbor2	chr15	100735798	100735914	DNA/hAT-Charlie	468	-	58	100735856	8088
chr15	100727768	100927768	harbor2	chr15	100736839	100737075	DNA/hAT-Charlie	637	-	118	100736957	9189
chr15	100727768	100927768	harbor2	chr15	100739145	100739282	DNA/hAT-Charlie	450	-	68	100739213	11445
chr15	100727768	100927768	harbor2	chr15	100760835	100761170	DNA/hAT-Charlie	511	-	168	100761003	33235
chr15	95644507	95844507	harbor2	chr15	95665425	95665586	DNA/hAT-Charlie	412	-	80	95665505	20998
chr15	95644507	95844507	harbor2	chr15	95689496	95689680	DNA/hAT-Charlie	482	-	92	95689588	45081
chr15	95644507	95844507	harbor2	chr15	95730716	95731565	DNA/hAT-Charlie	858	-	424	95731140	86633
chr15	83887786	84087786	harbor2	chr15	83889810	83890000	DNA/hAT-Charlie	566	-	95	83889905	2119
chr15	83887786	84087786	harbor2	chr15	83894308	83895308	DNA/hAT-Charlie	3005	-	500	83894808	7022
chr15	83887786	84087786	harbor2	chr15	83912173	83912471	DNA/hAT-Charlie	1404	-	149	83912322	24536
chr15	83887786	84087786	harbor2	chr15	83976351	83976854	DNA/hAT-Charlie	3565	-	252	83976603	88817
chr15	83887786	84087786	harbor2	chr15	83984509	83985627	DNA/hAT-Charlie	5799	-	559	83985068	97282
chr15	83887786	84087786	harbor2	chr15	83985930	83986201	DNA/hAT-Charlie	5799	-	136	83986066	98280
chr15	93240863	93440863	harbor2	chr15	93258622	93258776	DNA/hAT-Charlie	533	-	77	93258699	17836
chr15	93240863	93440863	harbor2	chr15	93262994	93263166	DNA/hAT-Charlie	453	-	86	93263080	22217
chr15	93240863	93440863	harbor2	chr15	93264726	93264969	DNA/hAT-Charlie	748	-	122	93264848	23985
chr15	93240863	93440863	harbor2	chr15	93265117	93265446	DNA/hAT-Charlie	1198	-	164	93265281	24418
chr15	93240863	93440863	harbor2	chr15	93270730	93270824	DNA/hAT-Charlie	403	-	47	93270777	29914
chr15	93240863	93440863	harbor2	chr15	93285261	93285667	DNA/hAT-Charlie	727	-	203	93285464	44601
chr15	93240863	93440863	harbor2	chr15	93306009	93306328	DNA/hAT-Charlie	1504	-	160	93306169	65306
chr15	93240863	93440863	harbor2	chr15	93318911	93319040	DNA/hAT-Charlie	516	-	64	93318975	78112
chr15	93990623	94190623	harbor2	chr15	94062993	94063166	DNA/hAT-Charlie	724	-	86	94063079	72456
chr15	93990623	94190623	harbor2	chr15	94063438	94063520	DNA/hAT-Charlie	724	-	41	94063479	72856
chr15	93990623	94190623	harbor2	chr15	94082388	94082516	DNA/hAT-Charlie	598	-	64	94082452	91829
chr15	93990623	94190623	harbor2	chr15	94027466	94027782	DNA/hAT-Charlie	1167	-	158	94027624	37001
chr15	41264784	41464784	harbor2	chr15	41329645	41329703	DNA/hAT-Charlie	1112	-	29	41329674	64890
chr15	41264784	41464784	harbor2	chr15	41329997	41330096	DNA/hAT-Charlie	1112	-	50	41330047	65263
chr15	41264784	41464784	harbor2	chr15	41330703	41330849	DNA/hAT-Charlie	1112	-	73	41330776	65992
chr15	88998982	89198982	harbor2	chr15	89009936	89009997	DNA/hAT-Charlie	786	-	30	89009966	10984
chr15	88998982	89198982	harbor2	chr15	89010296	89010510	DNA/hAT-Charlie	786	-	107	89010403	11421
chr15	88998982	89198982	harbor2	chr15	89017812	89017986	DNA/hAT-Charlie	483	-	87	89017899	18917
chr15	88998982	89198982	harbor2	chr15	89034720	89034820	DNA/hAT-Charlie	585	-	50	89034770	35788
chr15	88998982	89198982	harbor2	chr15	89035127	89035181	DNA/hAT-Charlie	585	-	27	89035154	36172
chr15	88998982	89198982	harbor2	chr15	89063785	89063893	DNA/hAT-Charlie	727	-	54	89063839	64857
chr15	88998982	89198982	harbor2	chr15	89063921	89063990	DNA/hAT-Charlie	499	-	34	89063955	64973
chr15	88998982	89198982	harbor2	chr15	89073649	89073798	DNA/hAT-Charlie	622	-	74	89073723	74741
chr15	88998982	89198982	harbor2	chr15	89073808	89073966	DNA/hAT-Charlie	476	-	79	89073887	74905
chr15	88998982	89198982	harbor2	chr15	89081970	89082166	DNA/hAT-Charlie	1196	-	98	89082068	83086
chr15	27184835	27384835	harbor2	chr15	27200613	27200797	DNA/hAT-Charlie	456	-	92	27200705	15870
chr15	27184835	27384835	harbor2	chr15	27250297	27250404	DNA/hAT-Charlie	422	-	54	27250351	65516
chr15	27184835	27384835	harbor2	chr15	27272900	27273091	DNA/hAT-Charlie	758	-	96	27272996	88161
chr15	97206770	97406770	harbor2	chr15	97255424	97255880	DNA/hAT-Charlie	596	-	228	97255652	48882
chr15	76475964	76675964	harbor2	chr15	76509474	76509620	DNA/hAT-Charlie	436	-	73	76509547	33583
chr15	76475964	76675964	harbor2	chr15	76528033	76528224	DNA/hAT-Charlie	556	-	96	76528129	52165
chr15	76040712	76240712	harbor2	chr15	76066843	76067068	DNA/hAT-Charlie	1250	-	112	76066955	26243
chr15	76040712	76240712	harbor2	chr15	76104248	76104468	DNA/hAT-Charlie	1134	-	110	76104358	63646
chr15	76040712	76240712	harbor2	chr15	76105469	76105688	DNA/hAT-Charlie	1020	-	110	76105579	64867
chr15	76040712	76240712	harbor2	chr15	76107058	76107352	DNA/hAT-Charlie	1442	-	147	76107205	66493
chr15	76040712	76240712	harbor2	chr15	76108422	76108590	DNA/hAT-Charlie	881	-	84	76108506	67794
chr15	76040712	76240712	harbor2	chr15	76136793	76136960	DNA/hAT-Charlie	491	-	84	76136877	96165
chr15	31105510	31305510	harbor2	chr15	31112735	31112941	DNA/hAT-Charlie	854	-	103	31112838	7328
chr15	31105510	31305510	harbor2	chr15	31145821	31146037	DNA/hAT-Charlie	1110	-	108	31145929	40419
chr15	99805976	100005976	harbor2	chr15	99811806	99812128	DNA/hAT-Charlie	963	-	161	99811967	5991
chr15	99805976	100005976	harbor2	chr15	99812398	99812952	DNA/hAT-Charlie	2629	-	277	99812675	6699
chr15	99805976	100005976	harbor2	chr15	99813245	99813412	DNA/hAT-Charlie	2629	-	84	99813329	7353
chr15	99805976	100005976	harbor2	chr15	99841343	99841537	DNA/hAT-Charlie	518	-	97	99841440	35464
chr15	81593607	81793607	harbor2	chr15	81659723	81659872	DNA/hAT-Charlie	633	-	74	81659797	66190
chr15	81593607	81793607	harbor2	chr15	81684772	81684942	DNA/hAT-Charlie	520	-	85	81684857	91250
chr15	92406950	92606950	harbor2	chr15	92415447	92415801	DNA/hAT-Charlie	596	-	177	92415624	8674
chr15	92406950	92606950	harbor2	chr15	92440290	92440418	DNA/hAT-Charlie	431	-	64	92440354	33404
chr15	92406950	92606950	harbor2	chr15	92471643	92471799	DNA/hAT-Charlie	575	-	78	92471721	64771
chr15	92406950	92606950	harbor2	chr15	92502151	92502305	DNA/hAT-Charlie	621	-	77	92502228	95278
chr15	34356676	34556676	harbor2	chr15	34401345	34401582	DNA/hAT-Charlie	1216	-	118	34401463	44787
chr15	100205344	100405344	harbor2	chr15	100222886	100223279	DNA/hAT-Charlie	1019	-	196	100223082	17738
chr15	100205344	100405344	harbor2	chr15	100235492	100235673	DNA/hAT-Charlie	748	-	90	100235582	30238
chr15	91885842	92085842	harbor2	chr15	91891789	91891999	DNA/hAT-Charlie	774	-	105	91891894	6052
chr15	91885842	92085842	harbor2	chr15	91894638	91894788	DNA/hAT-Charlie	578	-	75	91894713	8871
chr15	91885842	92085842	harbor2	chr15	91905646	91905814	DNA/hAT-Charlie	432	-	84	91905730	19888
chr15	91885842	92085842	harbor2	chr15	91906833	91907149	DNA/hAT-Charlie	514	-	158	91906991	21149
chr15	91885842	92085842	harbor2	chr15	91916551	91916679	DNA/hAT-Charlie	407	-	64	91916615	30773
chr15	91885842	92085842	harbor2	chr15	91924153	91924330	DNA/hAT-Charlie	518	-	88	91924241	38399
chr15	91885842	92085842	harbor2	chr15	91936309	91936510	DNA/hAT-Charlie	829	-	100	91936409	50567
chr15	91885842	92085842	harbor2	chr15	91953925	91954044	DNA/hAT-Charlie	508	-	60	91953985	68143
chr15	91885842	92085842	harbor2	chr15	91954015	91954229	DNA/hAT-Charlie	566	-	107	91954122	68280
chr15	91885842	92085842	harbor2	chr15	91984643	91984942	DNA/hAT-Charlie	844	-	150	91984793	98951
chr15	76171495	76371495	harbor2	chr15	76172190	76172369	DNA/hAT-Charlie	522	-	90	76172280	785
chr15	76171495	76371495	harbor2	chr15	76212924	76213371	DNA/hAT-Charlie	1091	-	224	76213148	41653
chr15	76171495	76371495	harbor2	chr15	76236283	76236366	DNA/hAT-Charlie	438	-	42	76236325	64830
chr15	97501674	97701674	harbor2	chr15	97506150	97507490	DNA/hAT-Charlie	4577	-	670	97506820	5146
chr15	97501674	97701674	harbor2	chr15	97507783	97507864	DNA/hAT-Charlie	4577	-	40	97507823	6149
chr15	101013161	101213161	harbor2	chr15	101046389	101046560	DNA/hAT-Charlie	717	-	86	101046475	33314
chr15	101013161	101213161	harbor2	chr15	101096930	101097456	DNA/hAT-Charlie	3748	-	263	101097193	84032
chr15	93550710	93750710	harbor2	chr15	93603244	93603397	DNA/hAT-Charlie	642	-	76	93603320	52610
chr15	57528740	57728740	harbor2	chr15	57560983	57561127	DNA/hAT-Charlie	740	-	72	57561055	32315
chr15	59830782	60030782	harbor2	chr15	59863007	59863243	DNA/hAT-Charlie	598	-	118	59863125	32343
chr15	59830782	60030782	harbor2	chr15	59863544	59863642	DNA/hAT-Charlie	598	-	49	59863593	32811
chr15	59830782	60030782	harbor2	chr15	59880010	59880301	DNA/hAT-Charlie	536	-	146	59880156	49374
chr15	80720064	80920064	harbor2	chr15	80766176	80766303	DNA/hAT-Charlie	486	-	64	80766240	46176
chr15	80720064	80920064	harbor2	chr15	80766323	80766459	DNA/hAT-Charlie	570	-	68	80766391	46327
chr15	80720064	80920064	harbor2	chr15	80784686	80784825	DNA/hAT-Charlie	572	-	70	80784756	64692
chr15	80720064	80920064	harbor2	chr15	80794449	80794747	DNA/hAT-Charlie	1566	-	149	80794598	74534
chr15	80720064	80920064	harbor2	chr15	80805527	80805776	DNA/hAT-Charlie	1051	-	124	80805651	85587
chr15	80720064	80920064	harbor2	chr15	80806144	80806259	DNA/hAT-Charlie	451	-	58	80806202	86138
chr15	87849584	88049584	harbor2	chr15	87913441	87913613	DNA/hAT-Charlie	452	-	86	87913527	63943
chr15	87849584	88049584	harbor2	chr15	87941092	87941217	DNA/hAT-Charlie	617	-	62	87941154	91570
chr15	87849584	88049584	harbor2	chr15	87943043	87943203	DNA/hAT-Charlie	878	-	80	87943123	93539
chr15	79460615	79660615	harbor2	chr15	79466307	79466646	DNA/hAT-Charlie	1751	-	170	79466477	5862
chr15	79460615	79660615	harbor2	chr15	79547954	79548147	DNA/hAT-Charlie	537	-	96	79548050	87435
chr15	94931494	95131494	harbor2	chr15	95013410	95013812	DNA/hAT-Charlie	1220	-	201	95013611	82117
chr15	99109236	99309236	harbor2	chr15	99150397	99150784	DNA/hAT-Charlie	1618	-	194	99150591	41355
chr15	99109236	99309236	harbor2	chr15	99164166	99164386	DNA/hAT-Charlie	1322	-	110	99164276	55040
chr15	99109236	99309236	harbor2	chr15	99179633	99179841	DNA/hAT-Charlie	480	-	104	99179737	70501
chr15	99109236	99309236	harbor2	chr15	99191152	99191327	DNA/hAT-Charlie	437	-	88	99191240	82004
chr15	78484889	78684889	harbor2	chr15	78532181	78532420	DNA/hAT-Charlie	978	-	120	78532301	47412
chr15	78484889	78684889	harbor2	chr15	78545785	78546071	DNA/hAT-Charlie	1233	-	143	78545928	61039
chr15	78484889	78684889	harbor2	chr15	78570794	78570999	DNA/hAT-Charlie	883	-	102	78570896	86007
chr15	78484889	78684889	harbor2	chr15	78571018	78571171	DNA/hAT-Charlie	733	-	76	78571094	86205
chr15	62942301	63142301	harbor2	chr15	62958227	62958355	DNA/hAT-Charlie	811	-	64	62958291	15990
chr15	62942301	63142301	harbor2	chr15	62960229	62960384	DNA/hAT-Charlie	635	-	78	62960307	18006
chr15	62942301	63142301	harbor2	chr15	62963817	62964336	DNA/hAT-Charlie	1602	-	260	62964077	21776
chr15	62942301	63142301	harbor2	chr15	62992176	62992392	DNA/hAT-Charlie	554	-	108	62992284	49983
chr15	62942301	63142301	harbor2	chr15	63009853	63010122	DNA/hAT-Charlie	650	-	134	63009987	67686
chr15	62942301	63142301	harbor2	chr15	63016302	63016508	DNA/hAT-Charlie	1060	-	103	63016405	74104
chr15	89117489	89317489	harbor2	chr15	89171298	89171412	DNA/hAT-Charlie	665	-	57	89171355	53866
chr15	89117489	89317489	harbor2	chr15	89171816	89171947	DNA/hAT-Charlie	409	-	66	89171882	54393
chr15	89117489	89317489	harbor2	chr15	89194871	89194974	DNA/hAT-Charlie	557	-	52	89194923	77434
chr15	94766390	94966390	harbor2	chr15	94817602	94817622	DNA/hAT-Charlie	504	-	10	94817612	51222
chr15	94766390	94966390	harbor2	chr15	94817920	94818088	DNA/hAT-Charlie	504	-	84	94818004	51614
chr15	94766390	94966390	harbor2	chr15	94833745	94833873	DNA/hAT-Charlie	482	-	64	94833809	67419
chr15	68789987	68989987	harbor2	chr15	68815258	68815569	DNA/hAT-Charlie	1033	-	156	68815414	25427
chr15	68789987	68989987	harbor2	chr15	68830039	68830147	DNA/hAT-Charlie	432	-	54	68830093	40106
chr15	68789987	68989987	harbor2	chr15	68848216	68848519	DNA/hAT-Charlie	1578	-	152	68848368	58381
chr15	68789987	68989987	harbor2	chr15	68870096	68870533	DNA/hAT-Charlie	990	-	218	68870314	80327
chr15	72642655	72842655	harbor2	chr15	72653262	72653416	DNA/hAT-Charlie	836	-	77	72653339	10684
chr15	72642655	72842655	harbor2	chr15	72693436	72693753	DNA/hAT-Charlie	1661	-	158	72693594	50939
chr15	72642655	72842655	harbor2	chr15	72697377	72697582	DNA/hAT-Charlie	1114	-	102	72697479	54824
chr15	72642655	72842655	harbor2	chr15	72711547	72711733	DNA/hAT-Charlie	806	-	93	72711640	68985
chr15	72642655	72842655	harbor2	chr15	72721997	72722203	DNA/hAT-Charlie	952	-	103	72722100	79445
chr15	97716318	97916318	harbor2	chr15	97787126	97787443	DNA/hAT-Charlie	1901	-	158	97787284	70966
chr15	81398944	81598944	harbor2	chr15	81434833	81434941	DNA/hAT-Charlie	521	-	54	81434887	35943
chr15	81398944	81598944	harbor2	chr15	81478461	81478662	DNA/hAT-Charlie	791	-	100	81478561	79617
chr15	81398944	81598944	harbor2	chr15	81493287	81493500	DNA/hAT-Charlie	1128	-	106	81493393	94449
chr15	89265017	89465017	harbor2	chr15	89269610	89269813	DNA/hAT-Charlie	1421	-	102	89269712	4695
chr15	89265017	89465017	harbor2	chr15	89270110	89270236	DNA/hAT-Charlie	1421	-	63	89270173	5156
chr15	89265017	89465017	harbor2	chr15	89308167	89308368	DNA/hAT-Charlie	1156	-	100	89308267	43250
chr15	89265017	89465017	harbor2	chr15	89310129	89310336	DNA/hAT-Charlie	1007	-	104	89310233	45216
chr15	45170595	45370595	harbor2	chr15	45176700	45176814	DNA/hAT-Charlie	451	-	57	45176757	6162
chr15	45170595	45370595	harbor2	chr15	45182603	45182770	DNA/hAT-Charlie	478	-	84	45182687	12092
chr15	45170595	45370595	harbor2	chr15	45190030	45190168	DNA/hAT-Charlie	710	-	69	45190099	19504
chr15	45170595	45370595	harbor2	chr15	45255348	45255567	DNA/hAT-Charlie	1000	-	110	45255458	84863
chr15	56251227	56451227	harbor2	chr15	56255092	56255259	DNA/hAT-Charlie	881	-	84	56255176	3949
chr15	85335452	85535452	harbor2	chr15	85352204	85352507	DNA/hAT-Charlie	420	-	152	85352356	16904
chr15	85335452	85535452	harbor2	chr15	85417869	85418042	DNA/hAT-Charlie	555	-	86	85417955	82503
chr15	85335452	85535452	harbor2	chr15	85418382	85418455	DNA/hAT-Charlie	555	-	36	85418418	82966
chr15	78022918	78222918	harbor2	chr15	78089087	78089503	DNA/hAT-Charlie	1711	-	208	78089295	66377
chr15	100007382	100207382	harbor2	chr15	100019607	100019779	DNA/hAT-Charlie	487	-	86	100019693	12311
chr15	100007382	100207382	harbor2	chr15	100044760	100044807	DNA/hAT-Charlie	495	-	24	100044784	37402
chr15	100007382	100207382	harbor2	chr15	100045107	100045390	DNA/hAT-Charlie	495	-	142	100045249	37867
chr15	100007382	100207382	harbor2	chr15	100056362	100056722	DNA/hAT-Charlie	2055	-	180	100056542	49160
chr15	100007382	100207382	harbor2	chr15	100097615	100097798	DNA/hAT-Charlie	814	-	92	100097707	90325
chr15	81361556	81561556	harbor2	chr15	81434833	81434941	DNA/hAT-Charlie	521	-	54	81434887	73331
chr15	71965054	72165054	harbor2	chr15	71969916	71970048	DNA/hAT-Charlie	431	-	66	71969982	4928
chr15	71965054	72165054	harbor2	chr15	71970092	71970205	DNA/hAT-Charlie	512	-	56	71970148	5094
chr15	71965054	72165054	harbor2	chr15	71979768	71979962	DNA/hAT-Charlie	723	-	97	71979865	14811
chr15	54718140	54918140	harbor2	chr15	54796871	54797012	DNA/hAT-Charlie	487	-	70	54796941	78801
chr15	101768345	101968345	harbor2	chr15	101845278	101845500	DNA/hAT-Charlie	1030	-	111	101845389	77044
chr15	101768345	101968345	harbor2	chr15	101850398	101850611	DNA/hAT-Charlie	1015	-	106	101850504	82159
chr15	101768345	101968345	harbor2	chr15	101850634	101850703	DNA/hAT-Charlie	409	-	34	101850668	82323
chr15	59705231	59905231	harbor2	chr15	59767670	59768044	DNA/hAT-Charlie	679	-	187	59767857	62626
chr15	87002504	87202504	harbor2	chr15	87032745	87033048	DNA/hAT-Charlie	1169	-	152	87032897	30393
chr15	87002504	87202504	harbor2	chr15	87071773	87071953	DNA/hAT-Charlie	673	-	90	87071863	69359
chr15	87002504	87202504	harbor2	chr15	87086096	87086349	DNA/hAT-Charlie	435	-	126	87086222	83718
chr15	87679535	87879535	harbor2	chr15	87689462	87689615	DNA/hAT-Charlie	745	-	76	87689538	10003
chr15	87679535	87879535	harbor2	chr15	87693416	87693634	DNA/hAT-Charlie	1045	-	109	87693525	13990
chr15	87679535	87879535	harbor2	chr15	87701933	87702259	DNA/hAT-Charlie	854	-	163	87702096	22561
chr15	87679535	87879535	harbor2	chr15	87709534	87709719	DNA/hAT-Charlie	678	-	92	87709626	30091
chr15	87679535	87879535	harbor2	chr15	87714146	87714729	DNA/hAT-Charlie	1737	-	292	87714438	34903
chr15	87679535	87879535	harbor2	chr15	87718320	87718567	DNA/hAT-Charlie	1403	-	124	87718444	38909
chr15	87679535	87879535	harbor2	chr15	87724440	87724690	DNA/hAT-Charlie	520	-	125	87724565	45030
chr15	87679535	87879535	harbor2	chr15	87725004	87725092	DNA/hAT-Charlie	520	-	44	87725048	45513
chr15	87679535	87879535	harbor2	chr15	87728874	87729079	DNA/hAT-Charlie	448	-	102	87728976	49441
chr15	87679535	87879535	harbor2	chr15	87731501	87731644	DNA/hAT-Charlie	600	-	72	87731573	52038
chr15	100662622	100862622	harbor2	chr15	100693727	100693920	DNA/hAT-Charlie	505	-	96	100693823	31201
chr15	100662622	100862622	harbor2	chr15	100724452	100724695	DNA/hAT-Charlie	1390	-	122	100724574	61952
chr15	100662622	100862622	harbor2	chr15	100725006	100725109	DNA/hAT-Charlie	1390	-	52	100725058	62436
chr15	100662622	100862622	harbor2	chr15	100735798	100735914	DNA/hAT-Charlie	468	-	58	100735856	73234
chr15	100662622	100862622	harbor2	chr15	100736839	100737075	DNA/hAT-Charlie	637	-	118	100736957	74335
chr15	100662622	100862622	harbor2	chr15	100739145	100739282	DNA/hAT-Charlie	450	-	68	100739213	76591
chr15	100662622	100862622	harbor2	chr15	100760835	100761170	DNA/hAT-Charlie	511	-	168	100761003	98381
chr15	43272832	43472832	harbor2	chr15	43288995	43289086	DNA/hAT-Charlie	480	-	46	43289041	16209
chr15	43272832	43472832	harbor2	chr15	43291390	43291653	DNA/hAT-Charlie	1296	-	132	43291522	18690
chr15	43272832	43472832	harbor2	chr15	43346212	43346352	DNA/hAT-Charlie	647	-	70	43346282	73450
chr15	43272832	43472832	harbor2	chr15	43346390	43346574	DNA/hAT-Charlie	1279	-	92	43346482	73650
chr15	43272832	43472832	harbor2	chr15	43351434	43351561	DNA/hAT-Charlie	593	-	64	43351498	78666
chr15	62345191	62545191	harbor2	chr15	62346808	62347065	DNA/hAT-Charlie	1453	-	128	62346936	1745
chr15	62345191	62545191	harbor2	chr15	62347383	62347432	DNA/hAT-Charlie	1453	-	24	62347407	2216
chr15	62345191	62545191	harbor2	chr15	62397684	62397833	DNA/hAT-Charlie	586	-	74	62397758	52567
chr15	62345191	62545191	harbor2	chr15	62401551	62401648	DNA/hAT-Charlie	488	-	48	62401599	56408
chr15	62345191	62545191	harbor2	chr15	62402126	62402273	DNA/hAT-Charlie	456	-	74	62402200	57009
chr15	62345191	62545191	harbor2	chr15	62408322	62408453	DNA/hAT-Charlie	406	-	66	62408388	63197
chr15	62345191	62545191	harbor2	chr15	62439099	62439257	DNA/hAT-Charlie	455	-	79	62439178	93987
chr15	97589673	97789673	harbor2	chr15	97624933	97625080	DNA/hAT-Charlie	635	-	74	97625007	35334
chr15	71726991	71926991	harbor2	chr15	71727919	71728191	DNA/hAT-Charlie	972	-	136	71728055	1064
chr15	71726991	71926991	harbor2	chr15	71738077	71738374	DNA/hAT-Charlie	1679	-	148	71738225	11234
chr15	71726991	71926991	harbor2	chr15	71749576	71749659	DNA/hAT-Charlie	482	-	42	71749618	22627
chr15	71726991	71926991	harbor2	chr15	71750029	71750102	DNA/hAT-Charlie	482	-	36	71750065	23074
chr15	71726991	71926991	harbor2	chr15	71787543	71787673	DNA/hAT-Charlie	795	-	65	71787608	60617
chr15	71726991	71926991	harbor2	chr15	71815684	71815894	DNA/hAT-Charlie	444	-	105	71815789	88798
chr15	38657418	38857418	harbor2	chr15	38659318	38659566	DNA/hAT-Charlie	1165	-	124	38659442	2024
chr15	38657418	38857418	harbor2	chr15	38659899	38660154	DNA/hAT-Charlie	1165	-	128	38660027	2609
chr15	38657418	38857418	harbor2	chr15	38664663	38664824	DNA/hAT-Charlie	488	-	80	38664743	7325
chr15	71814769	72014769	harbor2	chr15	71815684	71815894	DNA/hAT-Charlie	444	-	105	71815789	1020
chr15	71814769	72014769	harbor2	chr15	71830607	71830785	DNA/hAT-Charlie	806	-	89	71830696	15927
chr15	71814769	72014769	harbor2	chr15	71838011	71838122	DNA/hAT-Charlie	477	-	56	71838067	23298
chr15	71814769	72014769	harbor2	chr15	71852729	71852815	DNA/hAT-Charlie	401	-	43	71852772	38003
chr15	71814769	72014769	harbor2	chr15	71853122	71853234	DNA/hAT-Charlie	401	-	56	71853178	38409
chr15	71814769	72014769	harbor2	chr15	71863246	71863666	DNA/hAT-Charlie	1881	-	210	71863456	48687
chr15	71814769	72014769	harbor2	chr15	71863840	71863980	DNA/hAT-Charlie	1881	-	70	71863910	49141
chr15	71814769	72014769	harbor2	chr15	71864990	71865265	DNA/hAT-Charlie	1085	-	138	71865128	50359
chr15	71814769	72014769	harbor2	chr15	71865837	71866244	DNA/hAT-Charlie	1235	-	204	71866041	51272
chr15	42912197	43112197	harbor2	chr15	42942024	42942179	DNA/hAT-Charlie	760	-	78	42942102	29905
chr15	42912197	43112197	harbor2	chr15	42942475	42942515	DNA/hAT-Charlie	760	-	20	42942495	30298
chr15	92157688	92357688	harbor2	chr15	92168349	92168546	DNA/hAT-Charlie	853	-	98	92168447	10759
chr15	92157688	92357688	harbor2	chr15	92197328	92197482	DNA/hAT-Charlie	537	-	77	92197405	39717
chr15	92157688	92357688	harbor2	chr15	92242995	92243151	DNA/hAT-Charlie	521	-	78	92243073	85385
chr15	79853386	80053386	harbor2	chr15	79899240	79899478	DNA/hAT-Charlie	802	-	119	79899359	45973
chr15	79853386	80053386	harbor2	chr15	79915222	79915461	DNA/hAT-Charlie	469	-	120	79915342	61956
chr15	95663697	95863697	harbor2	chr15	95665425	95665586	DNA/hAT-Charlie	412	-	80	95665505	1808
chr15	95663697	95863697	harbor2	chr15	95689496	95689680	DNA/hAT-Charlie	482	-	92	95689588	25891
chr15	95663697	95863697	harbor2	chr15	95730716	95731565	DNA/hAT-Charlie	858	-	424	95731140	67443
chr15	95663697	95863697	harbor2	chr15	95744604	95744831	DNA/hAT-Charlie	900	-	114	95744718	81021
chr15	77709090	77909090	harbor2	chr15	77735608	77735775	DNA/hAT-Charlie	856	-	84	77735692	26602
chr15	77709090	77909090	harbor2	chr15	77779274	77779781	DNA/hAT-Charlie	3663	-	254	77779528	70438
chr16	59981922	60181922	harbor2	chr16	60031570	60031694	DNA/hAT-Charlie	434	-	62	60031632	49710
chr16	69635357	69835357	harbor2	chr16	69687581	69687833	DNA/hAT-Charlie	510	-	126	69687707	52350
chr16	69635357	69835357	harbor2	chr16	69688350	69688363	DNA/hAT-Charlie	510	-	6	69688356	52999
chr16	69635357	69835357	harbor2	chr16	69688667	69688748	DNA/hAT-Charlie	510	-	40	69688707	53350
chr16	65634977	65834977	harbor2	chr16	65667887	65668073	DNA/hAT-Charlie	415	-	93	65667980	33003
chr16	65634977	65834977	harbor2	chr16	65728876	65729034	DNA/hAT-Charlie	908	-	79	65728955	93978
chr16	80957734	81157734	harbor2	chr16	80968127	80968239	DNA/hAT-Charlie	657	-	56	80968183	10449
chr16	80957734	81157734	harbor2	chr16	80968370	80968433	DNA/hAT-Charlie	657	-	32	80968402	10668
chr16	86964460	87164460	harbor2	chr16	86975377	86975420	DNA/hAT-Charlie	424	-	22	86975399	10939
chr16	86964460	87164460	harbor2	chr16	86975930	86976103	DNA/hAT-Charlie	424	-	86	86976016	11556
chr16	86964460	87164460	harbor2	chr16	86993237	86993438	DNA/hAT-Charlie	419	-	100	86993337	28877
chr16	86964460	87164460	harbor2	chr16	87030294	87030320	DNA/hAT-Charlie	459	-	13	87030307	65847
chr16	86964460	87164460	harbor2	chr16	87030972	87031065	DNA/hAT-Charlie	459	-	46	87031018	66558
chr16	72018677	72218677	harbor2	chr16	72055121	72055145	DNA/hAT-Charlie	482	-	12	72055133	36456
chr16	72018677	72218677	harbor2	chr16	72055438	72055695	DNA/hAT-Charlie	482	-	128	72055566	36889
chr16	72018677	72218677	harbor2	chr16	72063726	72063750	DNA/hAT-Charlie	552	-	12	72063738	45061
chr16	72018677	72218677	harbor2	chr16	72064040	72064266	DNA/hAT-Charlie	552	-	113	72064153	45476
chr16	88097597	88297597	harbor2	chr16	88188532	88188686	DNA/hAT-Charlie	422	-	77	88188609	91012
chr16	61910127	62110127	harbor2	chr16	61923921	61924091	DNA/hAT-Charlie	564	-	85	61924006	13879
chr16	61910127	62110127	harbor2	chr16	61932808	61932979	DNA/hAT-Charlie	612	-	86	61932894	22767
chr16	61910127	62110127	harbor2	chr16	61963360	61963538	DNA/hAT-Charlie	861	-	89	61963449	53322
chr16	61910127	62110127	harbor2	chr16	61979413	61979598	DNA/hAT-Charlie	462	-	92	61979505	69378
chr16	61910127	62110127	harbor2	chr16	61985260	61985449	DNA/hAT-Charlie	786	-	94	61985354	75227
chr16	71456392	71656392	harbor2	chr16	71462484	71463159	DNA/hAT-Charlie	1715	-	338	71462822	6430
chr16	71456392	71656392	harbor2	chr16	71500971	71501055	DNA/hAT-Charlie	695	-	42	71501013	44621
chr16	71456392	71656392	harbor2	chr16	71501262	71501359	DNA/hAT-Charlie	695	-	48	71501310	44918
chr16	71456392	71656392	harbor2	chr16	71505792	71506571	DNA/hAT-Charlie	2186	-	390	71506182	49790
chr16	71456392	71656392	harbor2	chr16	71506846	71506907	DNA/hAT-Charlie	2186	-	30	71506876	50484
chr16	71456392	71656392	harbor2	chr16	71507654	71507878	DNA/hAT-Charlie	835	-	112	71507766	51374
chr16	71456392	71656392	harbor2	chr16	71508180	71508461	DNA/hAT-Charlie	835	-	140	71508320	51928
chr16	71456392	71656392	harbor2	chr16	71511340	71511712	DNA/hAT-Charlie	634	-	186	71511526	55134
chr16	71456392	71656392	harbor2	chr16	71514260	71514754	DNA/hAT-Charlie	2104	-	247	71514507	58115
chr16	71456392	71656392	harbor2	chr16	71524497	71524590	DNA/hAT-Charlie	455	-	46	71524543	68151
chr16	71456392	71656392	harbor2	chr16	71539957	71540154	DNA/hAT-Charlie	1052	-	98	71540055	83663
chr16	71456392	71656392	harbor2	chr16	71543981	71544133	DNA/hAT-Charlie	871	-	76	71544057	87665
chr16	71456392	71656392	harbor2	chr16	71544428	71544558	DNA/hAT-Charlie	871	-	65	71544493	88101
chr16	81440204	81640204	harbor2	chr16	81461387	81461551	DNA/hAT-Charlie	527	-	82	81461469	21265
chr16	67517891	67717891	harbor2	chr16	67602901	67603005	DNA/hAT-Charlie	514	-	52	67602953	85062
chr16	67517891	67717891	harbor2	chr16	67609577	67609621	DNA/hAT-Charlie	992	-	22	67609599	91708
chr16	67517891	67717891	harbor2	chr16	67609926	67610100	DNA/hAT-Charlie	992	-	87	67610013	92122
chr16	59318626	59518626	harbor2	chr16	59331044	59331186	DNA/hAT-Charlie	728	-	71	59331115	12489
chr16	59318626	59518626	harbor2	chr16	59335037	59335190	DNA/hAT-Charlie	430	-	76	59335113	16487
chr16	59318626	59518626	harbor2	chr16	59349937	59350150	DNA/hAT-Charlie	1059	-	106	59350043	31417
chr16	59318626	59518626	harbor2	chr16	59377662	59378516	DNA/hAT-Charlie	1984	-	427	59378089	59463
chr16	59318626	59518626	harbor2	chr16	59395537	59395674	DNA/hAT-Charlie	690	-	68	59395605	76979
chr16	77979567	78179567	harbor2	chr16	77984088	77984285	DNA/hAT-Charlie	1224	-	98	77984186	4619
chr16	77979567	78179567	harbor2	chr16	77984440	77984550	DNA/hAT-Charlie	1224	-	55	77984495	4928
chr16	77979567	78179567	harbor2	chr16	77990409	77990538	DNA/hAT-Charlie	435	-	64	77990473	10906
chr16	77979567	78179567	harbor2	chr16	78042840	78043065	DNA/hAT-Charlie	961	-	112	78042952	63385
chr16	77979567	78179567	harbor2	chr16	78060952	78061069	DNA/hAT-Charlie	451	-	58	78061010	81443
chr16	77979567	78179567	harbor2	chr16	78074202	78074258	DNA/hAT-Charlie	476	-	28	78074230	94663
chr16	77979567	78179567	harbor2	chr16	78074551	78074626	DNA/hAT-Charlie	476	-	38	78074589	95022
chr16	85121858	85321858	harbor2	chr16	85208573	85208728	DNA/hAT-Charlie	528	-	78	85208651	86793
chr16	82027492	82227492	harbor2	chr16	82049913	82050082	DNA/hAT-Charlie	526	-	84	82049997	22505
chr16	82027492	82227492	harbor2	chr16	82050824	82051022	DNA/hAT-Charlie	796	-	99	82050923	23431
chr16	82027492	82227492	harbor2	chr16	82054932	82055112	DNA/hAT-Charlie	1003	-	90	82055022	27530
chr16	82027492	82227492	harbor2	chr16	82059225	82059394	DNA/hAT-Charlie	696	-	84	82059309	31817
chr16	82027492	82227492	harbor2	chr16	82060415	82060601	DNA/hAT-Charlie	465	-	93	82060508	33016
chr16	82027492	82227492	harbor2	chr16	82084208	82084409	DNA/hAT-Charlie	938	-	100	82084308	56816
chr16	82027492	82227492	harbor2	chr16	82085653	82085807	DNA/hAT-Charlie	645	-	77	82085730	58238
chr16	82027492	82227492	harbor2	chr16	82108777	82108917	DNA/hAT-Charlie	422	-	70	82108847	81355
chr16	82027492	82227492	harbor2	chr16	82111789	82111922	DNA/hAT-Charlie	419	-	66	82111855	84363
chr16	78408728	78608728	harbor2	chr16	78429677	78429971	DNA/hAT-Charlie	606	-	147	78429824	21096
chr16	78408728	78608728	harbor2	chr16	78480104	78480289	DNA/hAT-Charlie	887	-	92	78480196	71468
chr16	78408728	78608728	harbor2	chr16	78487604	78487769	DNA/hAT-Charlie	689	-	82	78487686	78958
chr16	71065314	71265314	harbor2	chr16	71096984	71097140	DNA/hAT-Charlie	643	-	78	71097062	31748
chr16	71065314	71265314	harbor2	chr16	71128259	71128386	DNA/hAT-Charlie	464	-	64	71128323	63009
chr16	71065314	71265314	harbor2	chr16	71146004	71146501	DNA/hAT-Charlie	677	-	248	71146252	80938
chr16	71065314	71265314	harbor2	chr16	71160915	71161435	DNA/hAT-Charlie	3742	-	260	71161175	95861
chr16	64408304	64608304	harbor2	chr16	64415752	64415938	DNA/hAT-Charlie	971	-	93	64415845	7541
chr16	64408304	64608304	harbor2	chr16	64451184	64451342	DNA/hAT-Charlie	691	-	79	64451263	42959
chr16	64408304	64608304	harbor2	chr16	64468685	64469039	DNA/hAT-Charlie	581	-	177	64468862	60558
chr16	64408304	64608304	harbor2	chr16	64491992	64492181	DNA/hAT-Charlie	675	-	94	64492086	83782
chr16	65998073	66198073	harbor2	chr16	65998317	65998699	DNA/hAT-Charlie	2144	-	191	65998508	435
chr16	65998073	66198073	harbor2	chr16	66083793	66083924	DNA/hAT-Charlie	465	-	66	66083859	85786
chr16	78803735	79003735	harbor2	chr16	78807770	78807955	DNA/hAT-Charlie	845	-	92	78807862	4127
chr16	78803735	79003735	harbor2	chr16	78831346	78831487	DNA/hAT-Charlie	428	-	70	78831416	27681
chr16	78803735	79003735	harbor2	chr16	78840609	78840703	DNA/hAT-Charlie	431	-	47	78840656	36921
chr16	78803735	79003735	harbor2	chr16	78890646	78890952	DNA/hAT-Charlie	428	-	153	78890799	87064
chr16	28032397	28232397	harbor2	chr16	28034672	28034894	DNA/hAT-Charlie	1033	-	111	28034783	2386
chr16	28032397	28232397	harbor2	chr16	28057463	28057660	DNA/hAT-Charlie	612	-	98	28057561	25164
chr16	28032397	28232397	harbor2	chr16	28071651	28072547	DNA/hAT-Charlie	2682	-	448	28072099	39702
chr16	28032397	28232397	harbor2	chr16	28120779	28120995	DNA/hAT-Charlie	931	-	108	28120887	88490
chr16	84115383	84315383	harbor2	chr16	84170853	84171025	DNA/hAT-Charlie	509	-	86	84170939	55556
chr16	84115383	84315383	harbor2	chr16	84187444	84187609	DNA/hAT-Charlie	751	-	82	84187526	72143
chr16	84115383	84315383	harbor2	chr16	84187642	84187827	DNA/hAT-Charlie	985	-	92	84187734	72351
chr16	84115383	84315383	harbor2	chr16	84208184	84208380	DNA/hAT-Charlie	657	-	98	84208282	92899
chr16	79780805	79980805	harbor2	chr16	79818092	79818322	DNA/hAT-Charlie	1068	-	115	79818207	37402
chr16	79780805	79980805	harbor2	chr16	79820280	79820423	DNA/hAT-Charlie	774	-	72	79820352	39547
chr16	79780805	79980805	harbor2	chr16	79832526	79832732	DNA/hAT-Charlie	594	-	103	79832629	51824
chr16	79780805	79980805	harbor2	chr16	79839599	79839771	DNA/hAT-Charlie	707	-	86	79839685	58880
chr16	26625893	26825893	harbor2	chr16	26716356	26716517	DNA/hAT-Charlie	484	-	80	26716436	90543
chr16	26625893	26825893	harbor2	chr16	26720504	26720615	DNA/hAT-Charlie	476	-	56	26720560	94667
chr16	26625893	26825893	harbor2	chr16	26720920	26720988	DNA/hAT-Charlie	476	-	34	26720954	95061
chr16	58556423	58756423	harbor2	chr16	58642162	58642310	DNA/hAT-Charlie	424	-	74	58642236	85813
chr16	83337720	83537720	harbor2	chr16	83340569	83340722	DNA/hAT-Charlie	493	-	76	83340645	2925
chr16	83337720	83537720	harbor2	chr16	83391160	83391210	DNA/hAT-Charlie	1279	-	25	83391185	53465
chr16	83337720	83537720	harbor2	chr16	83391499	83392117	DNA/hAT-Charlie	1279	-	309	83391808	54088
chr16	83337720	83537720	harbor2	chr16	83403782	83403978	DNA/hAT-Charlie	730	-	98	83403880	66160
chr16	83337720	83537720	harbor2	chr16	83404057	83404291	DNA/hAT-Charlie	464	-	117	83404174	66454
chr16	79477727	79677727	harbor2	chr16	79498217	79498527	DNA/hAT-Charlie	1066	-	155	79498372	20645
chr16	79477727	79677727	harbor2	chr16	79526163	79526516	DNA/hAT-Charlie	1734	-	176	79526339	48612
chr16	79477727	79677727	harbor2	chr16	79531326	79531848	DNA/hAT-Charlie	3370	-	261	79531587	53860
chr16	79477727	79677727	harbor2	chr16	79569150	79569365	DNA/hAT-Charlie	963	-	108	79569258	91531
chr16	79477727	79677727	harbor2	chr16	79569646	79569817	DNA/hAT-Charlie	689	-	86	79569732	92005
chr16	79477727	79677727	harbor2	chr16	79544201	79544399	DNA/hAT-Charlie	1007	-	99	79544300	66573
chr16	82121723	82321723	harbor2	chr16	82167364	82167899	DNA/hAT-Charlie	3734	-	268	82167632	45909
chr16	89926180	90126180	harbor2	chr16	89962298	89962378	DNA/hAT-Charlie	972	-	40	89962338	36158
chr16	89926180	90126180	harbor2	chr16	89962679	89962898	DNA/hAT-Charlie	972	-	110	89962789	36609
chr16	89926180	90126180	harbor2	chr16	89964939	89965532	DNA/hAT-Charlie	1930	-	296	89965235	39055
chr16	84042513	84242513	harbor2	chr16	84043384	84043561	DNA/hAT-Charlie	691	-	88	84043472	959
chr16	54737480	54937480	harbor2	chr16	54745420	54745576	DNA/hAT-Charlie	613	-	78	54745498	8018
chr16	54737480	54937480	harbor2	chr16	54747904	54748198	DNA/hAT-Charlie	769	-	147	54748051	10571
chr16	54737480	54937480	harbor2	chr16	54748529	54748961	DNA/hAT-Charlie	1059	-	216	54748745	11265
chr16	54737480	54937480	harbor2	chr16	54749442	54750212	DNA/hAT-Charlie	2064	-	385	54749827	12347
chr16	54737480	54937480	harbor2	chr16	54782055	54782462	DNA/hAT-Charlie	1348	-	204	54782259	44779
chr16	54737480	54937480	harbor2	chr16	54786454	54786580	DNA/hAT-Charlie	1459	-	63	54786517	49037
chr16	54737480	54937480	harbor2	chr16	54786617	54786720	DNA/hAT-Charlie	1459	-	52	54786669	49189
chr16	54737480	54937480	harbor2	chr16	54793667	54793814	DNA/hAT-Charlie	747	-	74	54793741	56261
chr16	54737480	54937480	harbor2	chr16	54794937	54795130	DNA/hAT-Charlie	830	-	96	54795033	57553
chr16	54737480	54937480	harbor2	chr16	54808020	54808156	DNA/hAT-Charlie	677	-	68	54808088	70608
chr16	54737480	54937480	harbor2	chr16	54812114	54812434	DNA/hAT-Charlie	1524	-	160	54812274	74794
chr16	90150802	90350802	harbor2	chr16	90221049	90221268	DNA/hAT-Charlie	836	-	110	90221159	70357
chr16	81099703	81299703	harbor2	chr16	81136912	81137000	DNA/hAT-Charlie	418	-	44	81136956	37253
chr16	81099703	81299703	harbor2	chr16	81145490	81145627	DNA/hAT-Charlie	839	-	68	81145558	45855
chr16	81099703	81299703	harbor2	chr16	81146221	81146298	DNA/hAT-Charlie	839	-	38	81146259	46556
chr16	86915111	87115111	harbor2	chr16	86942286	86942446	DNA/hAT-Charlie	604	-	80	86942366	27255
chr16	86915111	87115111	harbor2	chr16	86975377	86975420	DNA/hAT-Charlie	424	-	22	86975399	60288
chr16	86915111	87115111	harbor2	chr16	86975930	86976103	DNA/hAT-Charlie	424	-	86	86976016	60905
chr16	86915111	87115111	harbor2	chr16	86993237	86993438	DNA/hAT-Charlie	419	-	100	86993337	78226
chr16	32790008	32990008	harbor2	chr16	32831341	32831523	DNA/hAT-Charlie	551	-	91	32831432	41424
chr16	82809848	83009848	harbor2	chr16	82810942	82811133	DNA/hAT-Charlie	1302	-	96	82811038	1190
chr16	82809848	83009848	harbor2	chr16	82811339	82811592	DNA/hAT-Charlie	1302	-	126	82811465	1617
chr16	82809848	83009848	harbor2	chr16	82834996	82835295	DNA/hAT-Charlie	1561	-	150	82835146	25298
chr16	82809848	83009848	harbor2	chr16	82838897	82839112	DNA/hAT-Charlie	1154	-	108	82839005	29157
chr16	82809848	83009848	harbor2	chr16	82842581	82843096	DNA/hAT-Charlie	3258	-	258	82842839	32991
chr16	82809848	83009848	harbor2	chr16	82857637	82857910	DNA/hAT-Charlie	1115	-	136	82857773	47925
chr16	82809848	83009848	harbor2	chr16	82883366	82883541	DNA/hAT-Charlie	455	-	88	82883454	73606
chr16	82809848	83009848	harbor2	chr16	82887175	82887259	DNA/hAT-Charlie	469	-	42	82887217	77369
chr16	82809848	83009848	harbor2	chr16	82905585	82905890	DNA/hAT-Charlie	1335	-	152	82905737	95889
chr16	71824172	72024172	harbor2	chr16	71890376	71890390	DNA/hAT-Charlie	650	-	7	71890383	66211
chr16	71824172	72024172	harbor2	chr16	71890671	71890764	DNA/hAT-Charlie	650	-	46	71890717	66545
chr16	71824172	72024172	harbor2	chr16	71891074	71891167	DNA/hAT-Charlie	650	-	46	71891120	66948
chr16	77233015	77433015	harbor2	chr16	77242878	77243054	DNA/hAT-Charlie	548	-	88	77242966	9951
chr16	77233015	77433015	harbor2	chr16	77290176	77290404	DNA/hAT-Charlie	852	-	114	77290290	57275
chr16	77233015	77433015	harbor2	chr16	77293627	77293954	DNA/hAT-Charlie	1691	-	164	77293791	60776
chr16	77233015	77433015	harbor2	chr16	77294221	77294399	DNA/hAT-Charlie	761	-	89	77294310	61295
chr16	61985022	62185022	harbor2	chr16	61985260	61985449	DNA/hAT-Charlie	786	-	94	61985354	332
chr16	61985022	62185022	harbor2	chr16	62011639	62011790	DNA/hAT-Charlie	649	-	76	62011715	26693
chr16	61985022	62185022	harbor2	chr16	62026257	62026422	DNA/hAT-Charlie	647	-	82	62026339	41317
chr16	61985022	62185022	harbor2	chr16	62070508	62070825	DNA/hAT-Charlie	1834	-	158	62070666	85644
chr16	77040685	77240685	harbor2	chr16	77099482	77099642	DNA/hAT-Charlie	696	-	80	77099562	58877
chr16	77040685	77240685	harbor2	chr16	77121575	77121749	DNA/hAT-Charlie	615	-	87	77121662	80977
chr16	77040685	77240685	harbor2	chr16	77121877	77122085	DNA/hAT-Charlie	1218	-	104	77121981	81296
chr16	88792349	88992349	harbor2	chr16	88830835	88831033	DNA/hAT-Charlie	459	-	99	88830934	38585
chr16	88792349	88992349	harbor2	chr16	88844804	88845065	DNA/hAT-Charlie	813	-	130	88844934	52585
chr16	88792349	88992349	harbor2	chr16	88845372	88845422	DNA/hAT-Charlie	813	-	25	88845397	53048
chr16	88792349	88992349	harbor2	chr16	88855044	88855212	DNA/hAT-Charlie	545	-	84	88855128	62779
chr16	88792349	88992349	harbor2	chr16	88855628	88855807	DNA/hAT-Charlie	473	-	90	88855718	63369
chr16	73596734	73796734	harbor2	chr16	73625673	73625811	DNA/hAT-Charlie	661	-	69	73625742	29008
chr16	73596734	73796734	harbor2	chr16	73683863	73684010	DNA/hAT-Charlie	560	-	74	73683937	87203
chr16	85395447	85595447	harbor2	chr16	85417167	85417354	DNA/hAT-Charlie	795	-	94	85417261	21814
chr16	85395447	85595447	harbor2	chr16	85427852	85428059	DNA/hAT-Charlie	840	-	104	85427956	32509
chr16	85395447	85595447	harbor2	chr16	85430801	85430972	DNA/hAT-Charlie	463	-	86	85430887	35440
chr16	85395447	85595447	harbor2	chr16	85431280	85431430	DNA/hAT-Charlie	494	-	75	85431355	35908
chr16	85395447	85595447	harbor2	chr16	85441132	85441339	DNA/hAT-Charlie	1250	-	104	85441236	45789
chr16	85395447	85595447	harbor2	chr16	85460242	85460374	DNA/hAT-Charlie	517	-	66	85460308	64861
chr16	85395447	85595447	harbor2	chr16	85461162	85461382	DNA/hAT-Charlie	991	-	110	85461272	65825
chr16	85395447	85595447	harbor2	chr16	85461391	85461581	DNA/hAT-Charlie	577	-	95	85461486	66039
chr16	85395447	85595447	harbor2	chr16	85471973	85472129	DNA/hAT-Charlie	540	-	78	85472051	76604
chr16	87844570	88044570	harbor2	chr16	87930607	87930735	DNA/hAT-Charlie	416	-	64	87930671	86101
chr16	87844570	88044570	harbor2	chr16	87931039	87931111	DNA/hAT-Charlie	416	-	36	87931075	86505
chr16	87844570	88044570	harbor2	chr16	87931412	87931474	DNA/hAT-Charlie	416	-	31	87931443	86873
chr16	59094115	59294115	harbor2	chr16	59149129	59149338	DNA/hAT-Charlie	1189	-	104	59149233	55118
chr16	59094115	59294115	harbor2	chr16	59178680	59178872	DNA/hAT-Charlie	1288	-	96	59178776	84661
chr16	59094115	59294115	harbor2	chr16	59179288	59179584	DNA/hAT-Charlie	1140	-	148	59179436	85321
chr16	59094115	59294115	harbor2	chr16	59180688	59180793	DNA/hAT-Charlie	462	-	52	59180740	86625
chr16	46913511	47113511	harbor2	chr16	46949856	46950063	DNA/hAT-Charlie	1105	-	104	46949960	36449
chr16	46913511	47113511	harbor2	chr16	46966356	46966559	DNA/hAT-Charlie	974	-	102	46966458	52947
chr16	46591299	46791299	harbor2	chr16	46628319	46628413	DNA/hAT-Charlie	481	-	47	46628366	37067
chr16	46591299	46791299	harbor2	chr16	46628709	46628789	DNA/hAT-Charlie	481	-	40	46628749	37450
chr16	46591299	46791299	harbor2	chr16	46657922	46658095	DNA/hAT-Charlie	627	-	86	46658008	66709
chr16	46591299	46791299	harbor2	chr16	46678227	46678418	DNA/hAT-Charlie	979	-	96	46678323	87024
chr16	47571920	47771920	harbor2	chr16	47579317	47579472	DNA/hAT-Charlie	581	-	78	47579395	7475
chr16	47571920	47771920	harbor2	chr16	47582488	47582662	DNA/hAT-Charlie	779	-	87	47582575	10655
chr16	81721098	81921098	harbor2	chr16	81725526	81725637	DNA/hAT-Charlie	493	-	56	81725582	4484
chr16	81721098	81921098	harbor2	chr16	81726013	81726249	DNA/hAT-Charlie	1039	-	118	81726131	5033
chr16	81721098	81921098	harbor2	chr16	81738543	81738726	DNA/hAT-Charlie	658	-	92	81738635	17537
chr16	81721098	81921098	harbor2	chr16	81805943	81806229	DNA/hAT-Charlie	1325	-	143	81806086	84988
chr16	65171752	65371752	harbor2	chr16	65216957	65217132	DNA/hAT-Charlie	744	-	88	65217045	45293
chr16	83339658	83539658	harbor2	chr16	83340569	83340722	DNA/hAT-Charlie	493	-	76	83340645	987
chr16	83339658	83539658	harbor2	chr16	83391160	83391210	DNA/hAT-Charlie	1279	-	25	83391185	51527
chr16	83339658	83539658	harbor2	chr16	83391499	83392117	DNA/hAT-Charlie	1279	-	309	83391808	52150
chr16	83339658	83539658	harbor2	chr16	83403782	83403978	DNA/hAT-Charlie	730	-	98	83403880	64222
chr16	83339658	83539658	harbor2	chr16	83404057	83404291	DNA/hAT-Charlie	464	-	117	83404174	64516
chr16	87331467	87531467	harbor2	chr16	87335082	87335206	DNA/hAT-Charlie	421	-	62	87335144	3677
chr16	87331467	87531467	harbor2	chr16	87362143	87362317	DNA/hAT-Charlie	539	-	87	87362230	30763
chr16	75913124	76113124	harbor2	chr16	75925083	75925255	DNA/hAT-Charlie	873	-	86	75925169	12045
chr16	75913124	76113124	harbor2	chr16	75977270	75977469	DNA/hAT-Charlie	744	-	100	75977370	64246
chr16	75913124	76113124	harbor2	chr16	76009015	76009271	DNA/hAT-Charlie	711	-	128	76009143	96019
chr16	75913124	76113124	harbor2	chr16	76012536	76012730	DNA/hAT-Charlie	600	-	97	76012633	99509
chr16	29318523	29518523	harbor2	chr16	29324491	29324531	DNA/hAT-Charlie	445	-	20	29324511	5988
chr16	29318523	29518523	harbor2	chr16	29324837	29324946	DNA/hAT-Charlie	445	-	54	29324891	6368
chr16	29318523	29518523	harbor2	chr16	29325349	29325462	DNA/hAT-Charlie	933	-	56	29325405	6882
chr16	29318523	29518523	harbor2	chr16	29325743	29326155	DNA/hAT-Charlie	933	-	206	29325949	7426
chr16	29318523	29518523	harbor2	chr16	29350027	29350236	DNA/hAT-Charlie	758	-	104	29350131	31608
chr16	29318523	29518523	harbor2	chr16	29372430	29372564	DNA/hAT-Charlie	705	-	67	29372497	53974
chr16	29318523	29518523	harbor2	chr16	29394315	29394429	DNA/hAT-Charlie	1179	-	57	29394372	75849
chr16	29318523	29518523	harbor2	chr16	29395046	29395147	DNA/hAT-Charlie	1179	-	50	29395096	76573
chr16	58256115	58456115	harbor2	chr16	58275197	58275324	DNA/hAT-Charlie	519	-	64	58275261	19146
chr16	58256115	58456115	harbor2	chr16	58276416	58276625	DNA/hAT-Charlie	1139	-	104	58276520	20405
chr16	58256115	58456115	harbor2	chr16	58300200	58300535	DNA/hAT-Charlie	673	-	168	58300368	44253
chr16	58256115	58456115	harbor2	chr16	58349068	58349146	DNA/hAT-Charlie	431	-	39	58349107	92992
chr16	66191418	66391418	harbor2	chr16	66204035	66204249	DNA/hAT-Charlie	1420	-	107	66204142	12724
chr16	66191418	66391418	harbor2	chr16	66209085	66209260	DNA/hAT-Charlie	620	-	88	66209173	17755
chr16	86330724	86530724	harbor2	chr16	86342517	86342743	DNA/hAT-Charlie	1470	-	113	86342630	11906
chr16	86330724	86530724	harbor2	chr16	86367937	86368100	DNA/hAT-Charlie	419	-	82	86368019	37295
chr16	86330724	86530724	harbor2	chr16	86414304	86414359	DNA/hAT-Charlie	556	-	28	86414332	83608
chr16	86330724	86530724	harbor2	chr16	86414962	86415130	DNA/hAT-Charlie	556	-	84	86415046	84322
chr16	86330724	86530724	harbor2	chr16	86424154	86424475	DNA/hAT-Charlie	1590	-	160	86424314	93590
chr16	68523578	68723578	harbor2	chr16	68550064	68550255	DNA/hAT-Charlie	1049	-	96	68550160	26582
chr16	68523578	68723578	harbor2	chr16	68550551	68550606	DNA/hAT-Charlie	1049	-	28	68550579	27001
chr16	68523578	68723578	harbor2	chr16	68582027	68582152	DNA/hAT-Charlie	571	-	62	68582089	58511
chr16	68523578	68723578	harbor2	chr16	68608127	68608389	DNA/hAT-Charlie	1227	-	131	68608258	84680
chr16	68523578	68723578	harbor2	chr16	68608674	68608759	DNA/hAT-Charlie	1227	-	42	68608716	85138
chr16	82390386	82590386	harbor2	chr16	82415990	82416202	DNA/hAT-Charlie	1031	-	106	82416096	25710
chr16	82390386	82590386	harbor2	chr16	82428604	82428819	DNA/hAT-Charlie	1060	-	108	82428712	38326
chr16	82390386	82590386	harbor2	chr16	82459831	82459986	DNA/hAT-Charlie	637	-	78	82459909	69523
chr16	82390386	82590386	harbor2	chr16	82467124	82467279	DNA/hAT-Charlie	800	-	78	82467202	76816
chr16	25298540	25498540	harbor2	chr16	25325340	25325525	DNA/hAT-Charlie	846	-	92	25325432	26892
chr16	25298540	25498540	harbor2	chr16	25355509	25355735	DNA/hAT-Charlie	714	-	113	25355622	57082
chr16	69514404	69714404	harbor2	chr16	69525516	69525815	DNA/hAT-Charlie	870	-	150	69525666	11262
chr16	69514404	69714404	harbor2	chr16	69526267	69526284	DNA/hAT-Charlie	655	-	8	69526275	11871
chr16	69514404	69714404	harbor2	chr16	69531330	69531485	DNA/hAT-Charlie	573	-	78	69531408	17004
chr16	69514404	69714404	harbor2	chr16	69531784	69531976	DNA/hAT-Charlie	573	-	96	69531880	17476
chr16	69514404	69714404	harbor2	chr16	69533086	69533299	DNA/hAT-Charlie	962	-	106	69533192	18788
chr16	69514404	69714404	harbor2	chr16	69606272	69606526	DNA/hAT-Charlie	722	-	127	69606399	91995
chr16	29424793	29624793	harbor2	chr16	29495846	29495959	DNA/hAT-Charlie	1148	-	56	29495902	71109
chr16	29424793	29624793	harbor2	chr16	29496571	29496672	DNA/hAT-Charlie	1148	-	50	29496621	71828
chr16	86568627	86768627	harbor2	chr16	86592495	86592599	DNA/hAT-Charlie	829	-	52	86592547	23920
chr16	86568627	86768627	harbor2	chr16	86592901	86593068	DNA/hAT-Charlie	829	-	84	86592985	24358
chr16	86568627	86768627	harbor2	chr16	86600891	86601203	DNA/hAT-Charlie	1363	-	156	86601047	32420
chr16	86568627	86768627	harbor2	chr16	86608996	86609209	DNA/hAT-Charlie	417	-	106	86609102	40475
chr16	86568627	86768627	harbor2	chr16	86628062	86628270	DNA/hAT-Charlie	1137	-	104	86628166	59539
chr16	86568627	86768627	harbor2	chr16	86650432	86650573	DNA/hAT-Charlie	419	-	70	86650502	81875
chr16	86568627	86768627	harbor2	chr16	86654225	86654371	DNA/hAT-Charlie	4791	-	73	86654298	85671
chr16	86568627	86768627	harbor2	chr16	86655288	86655430	DNA/hAT-Charlie	4791	-	71	86655359	86732
chr16	86568627	86768627	harbor2	chr16	86656340	86657205	DNA/hAT-Charlie	4791	-	432	86656772	88145
chr16	86568627	86768627	harbor2	chr16	86657508	86657560	DNA/hAT-Charlie	4791	-	26	86657534	88907
chr16	86568627	86768627	harbor2	chr16	86657862	86658068	DNA/hAT-Charlie	4791	-	103	86657965	89338
chr16	75954982	76154982	harbor2	chr16	75977270	75977469	DNA/hAT-Charlie	744	-	100	75977370	22388
chr16	75954982	76154982	harbor2	chr16	76009015	76009271	DNA/hAT-Charlie	711	-	128	76009143	54161
chr16	75954982	76154982	harbor2	chr16	76012536	76012730	DNA/hAT-Charlie	600	-	97	76012633	57651
chr16	85146889	85346889	harbor2	chr16	85208573	85208728	DNA/hAT-Charlie	528	-	78	85208651	61762
chr16	70756256	70956256	harbor2	chr16	70764522	70764808	DNA/hAT-Charlie	951	-	143	70764665	8409
chr16	70756256	70956256	harbor2	chr16	70794479	70794760	DNA/hAT-Charlie	586	-	140	70794619	38363
chr16	70756256	70956256	harbor2	chr16	70798643	70798802	DNA/hAT-Charlie	943	-	80	70798723	42467
chr16	70756256	70956256	harbor2	chr16	70801501	70801742	DNA/hAT-Charlie	510	-	120	70801621	45365
chr16	70756256	70956256	harbor2	chr16	70805260	70805414	DNA/hAT-Charlie	851	-	77	70805337	49081
chr16	70756256	70956256	harbor2	chr16	70806455	70806596	DNA/hAT-Charlie	721	-	70	70806525	50269
chr16	70756256	70956256	harbor2	chr16	70839345	70839539	DNA/hAT-Charlie	939	-	97	70839442	83186
chr16	87491220	87691220	harbor2	chr16	87526517	87527075	DNA/hAT-Charlie	1532	-	279	87526796	35576
chr16	87491220	87691220	harbor2	chr16	87537437	87537593	DNA/hAT-Charlie	418	-	78	87537515	46295
chr16	87491220	87691220	harbor2	chr16	87559627	87559837	DNA/hAT-Charlie	808	-	105	87559732	68512
chr16	56941325	57141325	harbor2	chr16	57032526	57032715	DNA/hAT-Charlie	841	-	94	57032620	91295
chr16	76557931	76757931	harbor2	chr16	76579045	76579188	DNA/hAT-Charlie	786	-	72	76579117	21186
chr16	76557931	76757931	harbor2	chr16	76625562	76625816	DNA/hAT-Charlie	906	-	127	76625689	67758
chr16	76557931	76757931	harbor2	chr16	76650097	76650262	DNA/hAT-Charlie	419	-	82	76650179	92248
chr16	76557931	76757931	harbor2	chr16	76653098	76653424	DNA/hAT-Charlie	1027	-	163	76653261	95330
chr16	90220735	90420735	harbor2	chr16	90221049	90221268	DNA/hAT-Charlie	836	-	110	90221159	424
chr16	80277714	80477714	harbor2	chr16	80292230	80293651	DNA/hAT-Charlie	5545	-	710	80292940	15226
chr16	80277714	80477714	harbor2	chr16	80297380	80297583	DNA/hAT-Charlie	940	-	102	80297482	19768
chr16	80277714	80477714	harbor2	chr16	80297714	80297883	DNA/hAT-Charlie	688	-	84	80297798	20084
chr16	80277714	80477714	harbor2	chr16	80304099	80304298	DNA/hAT-Charlie	1004	-	100	80304199	26485
chr16	80277714	80477714	harbor2	chr16	80315628	80315948	DNA/hAT-Charlie	1244	-	160	80315788	38074
chr16	80277714	80477714	harbor2	chr16	80326908	80327081	DNA/hAT-Charlie	648	-	86	80326994	49280
chr16	86563655	86763655	harbor2	chr16	86592495	86592599	DNA/hAT-Charlie	829	-	52	86592547	28892
chr16	86563655	86763655	harbor2	chr16	86592901	86593068	DNA/hAT-Charlie	829	-	84	86592985	29330
chr16	86563655	86763655	harbor2	chr16	86600891	86601203	DNA/hAT-Charlie	1363	-	156	86601047	37392
chr16	86563655	86763655	harbor2	chr16	86608996	86609209	DNA/hAT-Charlie	417	-	106	86609102	45447
chr16	86563655	86763655	harbor2	chr16	86628062	86628270	DNA/hAT-Charlie	1137	-	104	86628166	64511
chr16	86563655	86763655	harbor2	chr16	86650432	86650573	DNA/hAT-Charlie	419	-	70	86650502	86847
chr16	86563655	86763655	harbor2	chr16	86654225	86654371	DNA/hAT-Charlie	4791	-	73	86654298	90643
chr16	86563655	86763655	harbor2	chr16	86655288	86655430	DNA/hAT-Charlie	4791	-	71	86655359	91704
chr16	86563655	86763655	harbor2	chr16	86656340	86657205	DNA/hAT-Charlie	4791	-	432	86656772	93117
chr16	86563655	86763655	harbor2	chr16	86657508	86657560	DNA/hAT-Charlie	4791	-	26	86657534	93879
chr16	86563655	86763655	harbor2	chr16	86657862	86658068	DNA/hAT-Charlie	4791	-	103	86657965	94310
chr16	82162045	82362045	harbor2	chr16	82167364	82167899	DNA/hAT-Charlie	3734	-	268	82167632	5587
chr16	82162045	82362045	harbor2	chr16	82228597	82228761	DNA/hAT-Charlie	843	-	82	82228679	66634
chr16	82162045	82362045	harbor2	chr16	82244039	82244199	DNA/hAT-Charlie	916	-	80	82244119	82074
chr16	82162045	82362045	harbor2	chr16	82253419	82253752	DNA/hAT-Charlie	1650	-	166	82253585	91540
chr16	82162045	82362045	harbor2	chr16	82255849	82256037	DNA/hAT-Charlie	546	-	94	82255943	93898
chr16	69563004	69763004	harbor2	chr16	69606272	69606526	DNA/hAT-Charlie	722	-	127	69606399	43395
chr16	6116683	6316683	harbor2	chr16	6146386	6146519	DNA/hAT-Charlie	594	-	66	6146452	29769
chr16	6116683	6316683	harbor2	chr16	6175635	6175780	DNA/hAT-Charlie	527	-	72	6175707	59024
chr16	6116683	6316683	harbor2	chr16	6175879	6176062	DNA/hAT-Charlie	481	-	92	6175971	59288
chr16	6116683	6316683	harbor2	chr16	6213803	6214033	DNA/hAT-Charlie	1100	-	115	6213918	97235
chr16	84868900	85068900	harbor2	chr16	84883525	84883704	DNA/hAT-Charlie	579	-	90	84883615	14715
chr16	84868900	85068900	harbor2	chr16	84894573	84894871	DNA/hAT-Charlie	1044	-	149	84894722	25822
chr16	84868900	85068900	harbor2	chr16	84909625	84909746	DNA/hAT-Charlie	522	-	60	84909685	40785
chr16	84868900	85068900	harbor2	chr16	84922297	84922482	DNA/hAT-Charlie	759	-	92	84922389	53489
chr16	84868900	85068900	harbor2	chr16	84923294	84923455	DNA/hAT-Charlie	480	-	80	84923374	54474
chr16	75930159	76130159	harbor2	chr16	75977270	75977469	DNA/hAT-Charlie	744	-	100	75977370	47211
chr16	75930159	76130159	harbor2	chr16	76009015	76009271	DNA/hAT-Charlie	711	-	128	76009143	78984
chr16	75930159	76130159	harbor2	chr16	76012536	76012730	DNA/hAT-Charlie	600	-	97	76012633	82474
chr16	79288218	79488218	harbor2	chr16	79326572	79326795	DNA/hAT-Charlie	1148	-	112	79326684	38466
chr16	79288218	79488218	harbor2	chr16	79340684	79340829	DNA/hAT-Charlie	737	-	72	79340756	52538
chr16	79288218	79488218	harbor2	chr16	79352700	79352894	DNA/hAT-Charlie	721	-	97	79352797	64579
chr16	79288218	79488218	harbor2	chr16	79386085	79386608	DNA/hAT-Charlie	3611	-	262	79386347	98129
chr16	65738546	65938546	harbor2	chr16	65822601	65822826	DNA/hAT-Charlie	862	-	112	65822713	84167
chr16	51333094	51533094	harbor2	chr16	51336372	51336553	DNA/hAT-Charlie	458	-	90	51336462	3368
chr16	51333094	51533094	harbor2	chr16	51350608	51350802	DNA/hAT-Charlie	932	-	97	51350705	17611
chr16	51333094	51533094	harbor2	chr16	51353934	51354146	DNA/hAT-Charlie	767	-	106	51354040	20946
chr16	51333094	51533094	harbor2	chr16	51387628	51387700	DNA/hAT-Charlie	1257	-	36	51387664	54570
chr16	51333094	51533094	harbor2	chr16	51388161	51388357	DNA/hAT-Charlie	1257	-	98	51388259	55165
chr16	51333094	51533094	harbor2	chr16	51390306	51390541	DNA/hAT-Charlie	596	-	118	51390424	57330
chr16	51333094	51533094	harbor2	chr16	51416419	51416571	DNA/hAT-Charlie	649	-	76	51416495	83401
chr16	51333094	51533094	harbor2	chr16	51416910	51417067	DNA/hAT-Charlie	766	-	78	51416988	83894
chr16	88200187	88400187	harbor2	chr16	88246520	88246696	DNA/hAT-Charlie	809	-	88	88246608	46421
chr16	77095281	77295281	harbor2	chr16	77099482	77099642	DNA/hAT-Charlie	696	-	80	77099562	4281
chr16	77095281	77295281	harbor2	chr16	77121575	77121749	DNA/hAT-Charlie	615	-	87	77121662	26381
chr16	77095281	77295281	harbor2	chr16	77121877	77122085	DNA/hAT-Charlie	1218	-	104	77121981	26700
chr16	88324619	88524619	harbor2	chr16	88341064	88341222	DNA/hAT-Charlie	544	-	79	88341143	16524
chr16	88324619	88524619	harbor2	chr16	88360851	88361351	DNA/hAT-Charlie	3563	-	250	88361101	36482
chr16	88324619	88524619	harbor2	chr16	88394305	88394508	DNA/hAT-Charlie	446	-	102	88394407	69788
chr16	64027681	64227681	harbor2	chr16	64033494	64034003	DNA/hAT-Charlie	3312	-	254	64033748	6067
chr16	64027681	64227681	harbor2	chr16	64059250	64059474	DNA/hAT-Charlie	1160	-	112	64059362	31681
chr16	64027681	64227681	harbor2	chr16	64089104	64089201	DNA/hAT-Charlie	659	-	48	64089152	61471
chr16	64027681	64227681	harbor2	chr16	64089569	64089765	DNA/hAT-Charlie	659	-	98	64089667	61986
chr16	12619223	12819223	harbor2	chr16	12620627	12620797	DNA/hAT-Charlie	492	-	85	12620712	1489
chr16	12619223	12819223	harbor2	chr16	12677839	12678027	DNA/hAT-Charlie	1067	-	94	12677933	58710
chr16	12619223	12819223	harbor2	chr16	12705146	12705339	DNA/hAT-Charlie	424	-	96	12705242	86019
chr16	69755848	69955848	harbor2	chr16	69795486	69795531	DNA/hAT-Charlie	895	-	22	69795508	39660
chr16	69755848	69955848	harbor2	chr16	69822769	69822854	DNA/hAT-Charlie	1145	-	42	69822811	66963
chr16	69755848	69955848	harbor2	chr16	69823157	69823371	DNA/hAT-Charlie	1145	-	107	69823264	67416
chr16	72170467	72370467	harbor2	chr16	72181868	72182087	DNA/hAT-Charlie	1525	-	110	72181978	11511
chr16	72170467	72370467	harbor2	chr16	72231566	72231846	DNA/hAT-Charlie	682	-	140	72231706	61239
chr16	72170467	72370467	harbor2	chr16	72266917	72267124	DNA/hAT-Charlie	1071	-	104	72267021	96554
chr16	87496326	87696326	harbor2	chr16	87526517	87527075	DNA/hAT-Charlie	1532	-	279	87526796	30470
chr16	87496326	87696326	harbor2	chr16	87537437	87537593	DNA/hAT-Charlie	418	-	78	87537515	41189
chr16	87496326	87696326	harbor2	chr16	87559627	87559837	DNA/hAT-Charlie	808	-	105	87559732	63406
chr16	71109605	71309605	harbor2	chr16	71128259	71128386	DNA/hAT-Charlie	464	-	64	71128323	18718
chr16	71109605	71309605	harbor2	chr16	71146004	71146501	DNA/hAT-Charlie	677	-	248	71146252	36647
chr16	71109605	71309605	harbor2	chr16	71160915	71161435	DNA/hAT-Charlie	3742	-	260	71161175	51570
chr16	71109605	71309605	harbor2	chr16	71179605	71179952	DNA/hAT-Charlie	1557	-	174	71179779	70174
chr16	74100956	74300956	harbor2	chr16	74136068	74136173	DNA/hAT-Charlie	606	-	52	74136120	35164
chr16	74100956	74300956	harbor2	chr16	74136262	74136515	DNA/hAT-Charlie	1469	-	126	74136388	35432
chr16	74100956	74300956	harbor2	chr16	74199868	74200080	DNA/hAT-Charlie	551	-	106	74199974	99018
chr16	82692956	82892956	harbor2	chr16	82696106	82696713	DNA/hAT-Charlie	1579	-	304	82696410	3454
chr16	82692956	82892956	harbor2	chr16	82697221	82697382	DNA/hAT-Charlie	1579	-	80	82697301	4345
chr16	82692956	82892956	harbor2	chr16	82698807	82699040	DNA/hAT-Charlie	851	-	116	82698923	5967
chr16	82692956	82892956	harbor2	chr16	82726230	82726553	DNA/hAT-Charlie	1228	-	162	82726392	33436
chr16	82692956	82892956	harbor2	chr16	82731177	82731351	DNA/hAT-Charlie	697	-	87	82731264	38308
chr16	50372999	50572999	harbor2	chr16	50405653	50405819	DNA/hAT-Charlie	862	-	83	50405736	32737
chr16	50372999	50572999	harbor2	chr16	50424062	50424411	DNA/hAT-Charlie	1040	-	174	50424236	51237
chr16	58265278	58465278	harbor2	chr16	58275197	58275324	DNA/hAT-Charlie	519	-	64	58275261	9983
chr16	58265278	58465278	harbor2	chr16	58276416	58276625	DNA/hAT-Charlie	1139	-	104	58276520	11242
chr16	58265278	58465278	harbor2	chr16	58300200	58300535	DNA/hAT-Charlie	673	-	168	58300368	35090
chr16	58265278	58465278	harbor2	chr16	58349068	58349146	DNA/hAT-Charlie	431	-	39	58349107	83829
chr16	70519926	70719926	harbor2	chr16	70538827	70538967	DNA/hAT-Charlie	592	-	70	70538897	18971
chr16	70519926	70719926	harbor2	chr16	70552708	70552886	DNA/hAT-Charlie	446	-	89	70552797	32871
chr16	70519926	70719926	harbor2	chr16	70558189	70558273	DNA/hAT-Charlie	615	-	42	70558231	38305
chr16	70519926	70719926	harbor2	chr16	70558419	70558569	DNA/hAT-Charlie	615	-	75	70558494	38568
chr16	25527793	25727793	harbor2	chr16	25533824	25534349	DNA/hAT-Charlie	3618	-	262	25534086	6293
chr16	25527793	25727793	harbor2	chr16	25578044	25578163	DNA/hAT-Charlie	500	-	60	25578104	50311
chr16	25527793	25727793	harbor2	chr16	25592220	25592380	DNA/hAT-Charlie	588	-	80	25592300	64507
chr16	25527793	25727793	harbor2	chr16	25626574	25626800	DNA/hAT-Charlie	1347	-	113	25626687	98894
chr16	66843872	67043872	harbor2	chr16	66857739	66857822	DNA/hAT-Charlie	819	-	42	66857781	13909
chr16	66843872	67043872	harbor2	chr16	66858268	66858475	DNA/hAT-Charlie	819	-	104	66858372	14500
chr16	66843872	67043872	harbor2	chr16	66865179	66865275	DNA/hAT-Charlie	1091	-	48	66865227	21355
chr16	66843872	67043872	harbor2	chr16	66865583	66865876	DNA/hAT-Charlie	1091	-	146	66865729	21857
chr16	66843872	67043872	harbor2	chr16	66866204	66866350	DNA/hAT-Charlie	1091	-	73	66866277	22405
chr16	23718324	23918324	harbor2	chr16	23753115	23753196	DNA/hAT-Charlie	529	-	40	23753155	34831
chr16	23718324	23918324	harbor2	chr16	23753808	23753881	DNA/hAT-Charlie	529	-	36	23753844	35520
chr16	23718324	23918324	harbor2	chr16	23757750	23758220	DNA/hAT-Charlie	3588	-	235	23757985	39661
chr16	23718324	23918324	harbor2	chr16	23763045	23763152	DNA/hAT-Charlie	506	-	54	23763099	44775
chr16	23718324	23918324	harbor2	chr16	23780046	23780077	DNA/hAT-Charlie	773	-	16	23780062	61738
chr16	23718324	23918324	harbor2	chr16	23780398	23780572	DNA/hAT-Charlie	773	-	87	23780485	62161
chr16	82708028	82908028	harbor2	chr16	82726230	82726553	DNA/hAT-Charlie	1228	-	162	82726392	18364
chr16	82708028	82908028	harbor2	chr16	82731177	82731351	DNA/hAT-Charlie	697	-	87	82731264	23236
chr16	46560948	46760948	harbor2	chr16	46560781	46561045	DNA/hAT-Charlie	489	-	132	46560913	35
chr16	46560948	46760948	harbor2	chr16	46628319	46628413	DNA/hAT-Charlie	481	-	47	46628366	67418
chr16	46560948	46760948	harbor2	chr16	46628709	46628789	DNA/hAT-Charlie	481	-	40	46628749	67801
chr16	46560948	46760948	harbor2	chr16	46657922	46658095	DNA/hAT-Charlie	627	-	86	46658008	97060
chr16	79818624	80018624	harbor2	chr16	79820280	79820423	DNA/hAT-Charlie	774	-	72	79820352	1728
chr16	79818624	80018624	harbor2	chr16	79832526	79832732	DNA/hAT-Charlie	594	-	103	79832629	14005
chr16	79818624	80018624	harbor2	chr16	79839599	79839771	DNA/hAT-Charlie	707	-	86	79839685	21061
chr16	79818624	80018624	harbor2	chr16	79883878	79884124	DNA/hAT-Charlie	926	-	123	79884001	65377
chr16	79818624	80018624	harbor2	chr16	79895510	79895694	DNA/hAT-Charlie	523	-	92	79895602	76978
chr16	74031077	74231077	harbor2	chr16	74058872	74059050	DNA/hAT-Charlie	826	-	89	74058961	27884
chr16	74031077	74231077	harbor2	chr16	74068907	74069169	DNA/hAT-Charlie	671	-	131	74069038	37961
chr16	74031077	74231077	harbor2	chr16	74078630	74078813	DNA/hAT-Charlie	536	-	92	74078722	47645
chr16	85229595	85429595	harbor2	chr16	85256827	85256993	DNA/hAT-Charlie	476	-	83	85256910	27315
chr16	85229595	85429595	harbor2	chr16	85289455	85289610	DNA/hAT-Charlie	688	-	78	85289533	59938
chr16	85229595	85429595	harbor2	chr16	85298086	85298236	DNA/hAT-Charlie	483	-	75	85298161	68566
chr16	85229595	85429595	harbor2	chr16	85302589	85302752	DNA/hAT-Charlie	441	-	82	85302671	73076
chr16	85229595	85429595	harbor2	chr16	85309140	85309217	DNA/hAT-Charlie	486	-	38	85309178	79583
chr16	85229595	85429595	harbor2	chr16	85309524	85309584	DNA/hAT-Charlie	486	-	30	85309554	79959
chr16	85229595	85429595	harbor2	chr16	85316155	85316420	DNA/hAT-Charlie	949	-	132	85316287	86692
chr16	52888577	53088577	harbor2	chr16	52959975	52960252	DNA/hAT-Charlie	583	-	138	52960113	71536
chr16	52888577	53088577	harbor2	chr16	52960708	52960854	DNA/hAT-Charlie	428	-	73	52960781	72204
chr16	32264518	32464518	harbor2	chr16	32280321	32280509	DNA/hAT-Charlie	1258	-	94	32280415	15897
chr16	85121673	85321673	harbor2	chr16	85208573	85208728	DNA/hAT-Charlie	528	-	78	85208651	86978
chr16	90218475	90418475	harbor2	chr16	90221049	90221268	DNA/hAT-Charlie	836	-	110	90221159	2684
chr16	90030136	90230136	harbor2	chr16	90036670	90036822	DNA/hAT-Charlie	438	-	76	90036746	6610
chr16	90030136	90230136	harbor2	chr16	90123591	90123810	DNA/hAT-Charlie	863	-	110	90123701	93565
chr16	6696030	6896030	harbor2	chr16	6710260	6710558	DNA/hAT-Charlie	1050	-	149	6710409	14379
chr16	6696030	6896030	harbor2	chr16	6713411	6713602	DNA/hAT-Charlie	1141	-	96	6713507	17477
chr16	6696030	6896030	harbor2	chr16	6762278	6762506	DNA/hAT-Charlie	539	-	114	6762392	66362
chr16	54836627	55036627	harbor2	chr16	54900334	54900436	DNA/hAT-Charlie	459	-	51	54900385	63758
chr16	71122421	71322421	harbor2	chr16	71128259	71128386	DNA/hAT-Charlie	464	-	64	71128323	5902
chr16	71122421	71322421	harbor2	chr16	71146004	71146501	DNA/hAT-Charlie	677	-	248	71146252	23831
chr16	71122421	71322421	harbor2	chr16	71160915	71161435	DNA/hAT-Charlie	3742	-	260	71161175	38754
chr16	71122421	71322421	harbor2	chr16	71179605	71179952	DNA/hAT-Charlie	1557	-	174	71179779	57358
chr16	71866736	72066736	harbor2	chr16	71890376	71890390	DNA/hAT-Charlie	650	-	7	71890383	23647
chr16	71866736	72066736	harbor2	chr16	71890671	71890764	DNA/hAT-Charlie	650	-	46	71890717	23981
chr16	71866736	72066736	harbor2	chr16	71891074	71891167	DNA/hAT-Charlie	650	-	46	71891120	24384
chr16	71866736	72066736	harbor2	chr16	71944296	71944397	DNA/hAT-Charlie	473	-	50	71944346	77610
chr16	71866736	72066736	harbor2	chr16	71944959	71945163	DNA/hAT-Charlie	594	-	102	71945061	78325
chr16	71866736	72066736	harbor2	chr16	71945177	71945262	DNA/hAT-Charlie	462	-	42	71945219	78483
chr16	77385178	77585178	harbor2	chr16	77390769	77390949	DNA/hAT-Charlie	849	-	90	77390859	5681
chr16	77385178	77585178	harbor2	chr16	77398579	77398804	DNA/hAT-Charlie	964	-	112	77398691	13513
chr16	77385178	77585178	harbor2	chr16	77410042	77410297	DNA/hAT-Charlie	424	-	128	77410170	24992
chr16	77385178	77585178	harbor2	chr16	77420356	77420502	DNA/hAT-Charlie	589	-	73	77420429	35251
chr16	77385178	77585178	harbor2	chr16	77426082	77426249	DNA/hAT-Charlie	434	-	84	77426166	40988
chr16	77385178	77585178	harbor2	chr16	77437472	77437679	DNA/hAT-Charlie	897	-	104	77437576	52398
chr16	77385178	77585178	harbor2	chr16	77452058	77452578	DNA/hAT-Charlie	3706	-	260	77452318	67140
chr16	86341082	86541082	harbor2	chr16	86342517	86342743	DNA/hAT-Charlie	1470	-	113	86342630	1548
chr16	86341082	86541082	harbor2	chr16	86367937	86368100	DNA/hAT-Charlie	419	-	82	86368019	26937
chr16	86341082	86541082	harbor2	chr16	86414304	86414359	DNA/hAT-Charlie	556	-	28	86414332	73250
chr16	86341082	86541082	harbor2	chr16	86414962	86415130	DNA/hAT-Charlie	556	-	84	86415046	73964
chr16	86341082	86541082	harbor2	chr16	86424154	86424475	DNA/hAT-Charlie	1590	-	160	86424314	83232
chr16	79041513	79241513	harbor2	chr16	79049086	79049282	DNA/hAT-Charlie	1048	-	98	79049184	7671
chr16	79041513	79241513	harbor2	chr16	79056508	79056685	DNA/hAT-Charlie	1119	-	88	79056596	15083
chr16	79041513	79241513	harbor2	chr16	79099327	79099593	DNA/hAT-Charlie	482	-	133	79099460	57947
chr16	79041513	79241513	harbor2	chr16	79099620	79099656	DNA/hAT-Charlie	475	-	18	79099638	58125
chr16	57965578	58165578	harbor2	chr16	58019625	58019796	DNA/hAT-Charlie	620	-	86	58019711	54133
chr16	63994079	64194079	harbor2	chr16	64009337	64009844	DNA/hAT-Charlie	3441	-	254	64009591	15512
chr16	63994079	64194079	harbor2	chr16	64033494	64034003	DNA/hAT-Charlie	3312	-	254	64033748	39669
chr16	63994079	64194079	harbor2	chr16	64059250	64059474	DNA/hAT-Charlie	1160	-	112	64059362	65283
chr16	63994079	64194079	harbor2	chr16	64089104	64089201	DNA/hAT-Charlie	659	-	48	64089152	95073
chr16	63994079	64194079	harbor2	chr16	64089569	64089765	DNA/hAT-Charlie	659	-	98	64089667	95588
chr16	87723209	87923209	harbor2	chr16	87758008	87758186	DNA/hAT-Charlie	466	-	89	87758097	34888
chr16	87723209	87923209	harbor2	chr16	87758587	87758755	DNA/hAT-Charlie	1038	-	84	87758671	35462
chr16	87723209	87923209	harbor2	chr16	87796877	87797318	DNA/hAT-Charlie	1000	-	220	87797097	73888
chr16	87723209	87923209	harbor2	chr16	87797626	87797713	DNA/hAT-Charlie	1000	-	44	87797670	74461
chr16	87723209	87923209	harbor2	chr16	87807584	87807731	DNA/hAT-Charlie	1184	-	74	87807658	84449
chr16	87723209	87923209	harbor2	chr16	87808028	87808089	DNA/hAT-Charlie	1184	-	30	87808058	84849
chr16	89875520	90075520	harbor2	chr16	89962298	89962378	DNA/hAT-Charlie	972	-	40	89962338	86818
chr16	89875520	90075520	harbor2	chr16	89962679	89962898	DNA/hAT-Charlie	972	-	110	89962789	87269
chr16	89875520	90075520	harbor2	chr16	89964939	89965532	DNA/hAT-Charlie	1930	-	296	89965235	89715
chr16	61391965	61591965	harbor2	chr16	61399003	61399191	DNA/hAT-Charlie	971	-	94	61399097	7132
chr16	61391965	61591965	harbor2	chr16	61400634	61400794	DNA/hAT-Charlie	660	-	80	61400714	8749
chr16	61391965	61591965	harbor2	chr16	61447336	61447841	DNA/hAT-Charlie	3218	-	252	61447588	55623
chr16	85065400	85265400	harbor2	chr16	85080273	85080488	DNA/hAT-Charlie	1050	-	108	85080381	14981
chr16	75865568	76065568	harbor2	chr16	75884565	75884762	DNA/hAT-Charlie	823	-	98	75884663	19095
chr16	75865568	76065568	harbor2	chr16	75925083	75925255	DNA/hAT-Charlie	873	-	86	75925169	59601
chr16	46406922	46606922	harbor2	chr16	46445759	46445939	DNA/hAT-Charlie	555	-	90	46445849	38927
chr16	8437037	8637037	harbor2	chr16	8443368	8443542	DNA/hAT-Charlie	638	-	87	8443455	6418
chr16	8437037	8637037	harbor2	chr16	8498650	8498843	DNA/hAT-Charlie	780	-	96	8498746	61709
chr16	8437037	8637037	harbor2	chr16	8529682	8529871	DNA/hAT-Charlie	585	-	94	8529776	92739
chr16	57990228	58190228	harbor2	chr16	58019625	58019796	DNA/hAT-Charlie	620	-	86	58019711	29483
chr16	76182751	76382751	harbor2	chr16	76190560	76190740	DNA/hAT-Charlie	660	-	90	76190650	7899
chr16	76182751	76382751	harbor2	chr16	76226647	76226875	DNA/hAT-Charlie	984	-	114	76226761	44010
chr16	88238107	88438107	harbor2	chr16	88246520	88246696	DNA/hAT-Charlie	809	-	88	88246608	8501
chr16	79525040	79725040	harbor2	chr16	79526163	79526516	DNA/hAT-Charlie	1734	-	176	79526339	1299
chr16	79525040	79725040	harbor2	chr16	79531326	79531848	DNA/hAT-Charlie	3370	-	261	79531587	6547
chr16	79525040	79725040	harbor2	chr16	79569150	79569365	DNA/hAT-Charlie	963	-	108	79569258	44218
chr16	79525040	79725040	harbor2	chr16	79569646	79569817	DNA/hAT-Charlie	689	-	86	79569732	44692
chr16	79525040	79725040	harbor2	chr16	79621886	79622089	DNA/hAT-Charlie	1084	-	102	79621988	96948
chr16	79525040	79725040	harbor2	chr16	79544201	79544399	DNA/hAT-Charlie	1007	-	99	79544300	19260
chr16	48371303	48571303	harbor2	chr16	48401926	48402079	DNA/hAT-Charlie	787	-	76	48402002	30699
chr16	48371303	48571303	harbor2	chr16	48419266	48419303	DNA/hAT-Charlie	790	-	18	48419284	47981
chr16	48371303	48571303	harbor2	chr16	48419655	48419884	DNA/hAT-Charlie	790	-	114	48419769	48466
chr16	48371303	48571303	harbor2	chr16	48448584	48448785	DNA/hAT-Charlie	456	-	100	48448684	77381
chr16	48371303	48571303	harbor2	chr16	48450524	48450705	DNA/hAT-Charlie	762	-	90	48450614	79311
chr16	53519992	53719992	harbor2	chr16	53533193	53533409	DNA/hAT-Charlie	1429	-	108	53533301	13309
chr16	53519992	53719992	harbor2	chr16	53535852	53535990	DNA/hAT-Charlie	1361	-	69	53535921	15929
chr16	53519992	53719992	harbor2	chr16	53536613	53536986	DNA/hAT-Charlie	1361	-	186	53536799	16807
chr16	53519992	53719992	harbor2	chr16	53557034	53557161	DNA/hAT-Charlie	1530	-	64	53557098	37106
chr16	53519992	53719992	harbor2	chr16	53557455	53557562	DNA/hAT-Charlie	1530	-	54	53557509	37517
chr16	53519992	53719992	harbor2	chr16	53614316	53614504	DNA/hAT-Charlie	872	-	94	53614410	94418
chr16	74433944	74633944	harbor2	chr16	74465417	74465588	DNA/hAT-Charlie	728	-	86	74465503	31559
chr16	74433944	74633944	harbor2	chr16	74530367	74530577	DNA/hAT-Charlie	779	-	105	74530472	96528
chr16	64686632	64886632	harbor2	chr16	64693064	64693240	DNA/hAT-Charlie	510	-	88	64693152	6520
chr16	64686632	64886632	harbor2	chr16	64697706	64697915	DNA/hAT-Charlie	668	-	104	64697810	11178
chr16	64686632	64886632	harbor2	chr16	64699258	64699715	DNA/hAT-Charlie	726	-	228	64699486	12854
chr16	64686632	64886632	harbor2	chr16	64703364	64704291	DNA/hAT-Charlie	2155	-	464	64703828	17196
chr16	64686632	64886632	harbor2	chr16	64705149	64705577	DNA/hAT-Charlie	426	-	214	64705363	18731
chr16	64686632	64886632	harbor2	chr16	64721506	64721687	DNA/hAT-Charlie	545	-	90	64721596	34964
chr16	64686632	64886632	harbor2	chr16	64722002	64722089	DNA/hAT-Charlie	545	-	44	64722046	35414
chr16	64686632	64886632	harbor2	chr16	64772975	64773483	DNA/hAT-Charlie	718	-	254	64773229	86597
chr16	75088438	75288438	harbor2	chr16	75089814	75089981	DNA/hAT-Charlie	534	-	84	75089898	1460
chr16	52878735	53078735	harbor2	chr16	52959975	52960252	DNA/hAT-Charlie	583	-	138	52960113	81378
chr16	52878735	53078735	harbor2	chr16	52960708	52960854	DNA/hAT-Charlie	428	-	73	52960781	82046
chr16	27297383	27497383	harbor2	chr16	27301369	27301652	DNA/hAT-Charlie	1239	-	142	27301511	4128
chr16	27297383	27497383	harbor2	chr16	27342500	27342662	DNA/hAT-Charlie	533	-	81	27342581	45198
chr16	27297383	27497383	harbor2	chr16	27342804	27342974	DNA/hAT-Charlie	731	-	85	27342889	45506
chr16	27297383	27497383	harbor2	chr16	27353038	27353131	DNA/hAT-Charlie	506	-	46	27353084	55701
chr16	27297383	27497383	harbor2	chr16	27353352	27353633	DNA/hAT-Charlie	990	-	140	27353492	56109
chr16	27297383	27497383	harbor2	chr16	27353803	27353944	DNA/hAT-Charlie	569	-	70	27353873	56490
chr16	21024074	21224074	harbor2	chr16	21061657	21061817	DNA/hAT-Charlie	755	-	80	21061737	37663
chr16	21024074	21224074	harbor2	chr16	21063150	21063329	DNA/hAT-Charlie	718	-	90	21063240	39166
chr16	21024074	21224074	harbor2	chr16	21065588	21065791	DNA/hAT-Charlie	943	-	102	21065690	41616
chr16	21024074	21224074	harbor2	chr16	21076903	21077090	DNA/hAT-Charlie	888	-	94	21076997	52923
chr16	21024074	21224074	harbor2	chr16	21079945	21079978	DNA/hAT-Charlie	640	-	16	21079961	55887
chr16	21024074	21224074	harbor2	chr16	21079979	21080033	DNA/hAT-Charlie	1629	-	27	21080006	55932
chr16	21024074	21224074	harbor2	chr16	21080326	21080590	DNA/hAT-Charlie	1629	-	132	21080458	56384
chr16	21024074	21224074	harbor2	chr16	21080591	21080728	DNA/hAT-Charlie	640	-	68	21080659	56585
chr16	21024074	21224074	harbor2	chr16	21089056	21089243	DNA/hAT-Charlie	979	-	94	21089150	65076
chr16	79162423	79362423	harbor2	chr16	79177735	79177832	DNA/hAT-Charlie	925	-	48	79177783	15360
chr16	79162423	79362423	harbor2	chr16	79178177	79178306	DNA/hAT-Charlie	925	-	64	79178241	15818
chr16	79162423	79362423	harbor2	chr16	79231679	79232208	DNA/hAT-Charlie	3656	-	264	79231943	69520
chr16	79162423	79362423	harbor2	chr16	79237669	79237882	DNA/hAT-Charlie	810	-	106	79237775	75352
chr16	79162423	79362423	harbor2	chr16	79252129	79252459	DNA/hAT-Charlie	1118	-	165	79252294	89871
chr16	53287027	53487027	harbor2	chr16	53301323	53301659	DNA/hAT-Charlie	1463	-	168	53301491	14464
chr16	53287027	53487027	harbor2	chr16	53302870	53303040	DNA/hAT-Charlie	677	-	85	53302955	15928
chr16	8817260	9017260	harbor2	chr16	8865866	8865945	DNA/hAT-Charlie	456	-	40	8865906	48646
chr16	8817260	9017260	harbor2	chr16	8866234	8866307	DNA/hAT-Charlie	456	-	36	8866270	49010
chr16	8817260	9017260	harbor2	chr16	8907060	8907331	DNA/hAT-Charlie	614	-	136	8907196	89936
chr16	53938045	54138045	harbor2	chr16	53964169	53964387	DNA/hAT-Charlie	1214	-	109	53964278	26233
chr16	53938045	54138045	harbor2	chr16	53970638	53970877	DNA/hAT-Charlie	452	-	120	53970758	32713
chr16	53938045	54138045	harbor2	chr16	53973880	53974038	DNA/hAT-Charlie	523	-	79	53973959	35914
chr16	53938045	54138045	harbor2	chr16	53983636	53983980	DNA/hAT-Charlie	830	-	172	53983808	45763
chr16	53938045	54138045	harbor2	chr16	54007694	54007903	DNA/hAT-Charlie	442	-	104	54007798	69753
chr16	81738226	81938226	harbor2	chr16	81738543	81738726	DNA/hAT-Charlie	658	-	92	81738635	409
chr16	81738226	81938226	harbor2	chr16	81805943	81806229	DNA/hAT-Charlie	1325	-	143	81806086	67860
chr16	78412161	78612161	harbor2	chr16	78429677	78429971	DNA/hAT-Charlie	606	-	147	78429824	17663
chr16	78412161	78612161	harbor2	chr16	78480104	78480289	DNA/hAT-Charlie	887	-	92	78480196	68035
chr16	78412161	78612161	harbor2	chr16	78487604	78487769	DNA/hAT-Charlie	689	-	82	78487686	75525
chr16	81402142	81602142	harbor2	chr16	81406991	81407611	DNA/hAT-Charlie	1749	-	310	81407301	5159
chr16	81402142	81602142	harbor2	chr16	81419829	81419945	DNA/hAT-Charlie	523	-	58	81419887	17745
chr16	81402142	81602142	harbor2	chr16	81461387	81461551	DNA/hAT-Charlie	527	-	82	81461469	59327
chr16	87087078	87287078	harbor2	chr16	87096293	87096600	DNA/hAT-Charlie	610	-	154	87096447	9369
chr16	87087078	87287078	harbor2	chr16	87121319	87121391	DNA/hAT-Charlie	739	-	36	87121355	34277
chr16	87087078	87287078	harbor2	chr16	87121698	87121866	DNA/hAT-Charlie	739	-	84	87121782	34704
chr16	87087078	87287078	harbor2	chr16	87122087	87122189	DNA/hAT-Charlie	495	-	51	87122138	35060
chr16	87087078	87287078	harbor2	chr16	87141239	87141689	DNA/hAT-Charlie	1317	-	225	87141464	54386
chr16	73948379	74148379	harbor2	chr16	73964329	73964498	DNA/hAT-Charlie	723	-	84	73964413	16034
chr16	73948379	74148379	harbor2	chr16	73965590	73965832	DNA/hAT-Charlie	1018	-	121	73965711	17332
chr16	73948379	74148379	harbor2	chr16	73968867	73968912	DNA/hAT-Charlie	930	-	22	73968889	20510
chr16	73948379	74148379	harbor2	chr16	73969229	73969400	DNA/hAT-Charlie	930	-	86	73969315	20936
chr16	73948379	74148379	harbor2	chr16	73997361	73997576	DNA/hAT-Charlie	834	-	108	73997469	49090
chr16	31974389	32174389	harbor2	chr16	31981015	31981135	DNA/hAT-Charlie	547	-	60	31981075	6686
chr16	31974389	32174389	harbor2	chr16	31987372	31987563	DNA/hAT-Charlie	562	-	96	31987468	13079
chr16	31974389	32174389	harbor2	chr16	31989441	31989617	DNA/hAT-Charlie	876	-	88	31989529	15140
chr16	31974389	32174389	harbor2	chr16	31998308	31998486	DNA/hAT-Charlie	923	-	89	31998397	24008
chr16	68412446	68612446	harbor2	chr16	68441396	68441683	DNA/hAT-Charlie	1104	-	144	68441540	29094
chr16	73688791	73888791	harbor2	chr16	73726387	73726496	DNA/hAT-Charlie	751	-	54	73726441	37650
chr16	73688791	73888791	harbor2	chr16	73726877	73727007	DNA/hAT-Charlie	751	-	65	73726942	38151
chr16	73688791	73888791	harbor2	chr16	73727915	73727998	DNA/hAT-Charlie	840	-	42	73727957	39166
chr16	73688791	73888791	harbor2	chr16	73728399	73728493	DNA/hAT-Charlie	840	-	47	73728446	39655
chr16	73688791	73888791	harbor2	chr16	73733927	73734263	DNA/hAT-Charlie	2170	-	168	73734095	45304
chr16	73688791	73888791	harbor2	chr16	73739311	73739520	DNA/hAT-Charlie	1029	-	104	73739415	50624
chr16	73688791	73888791	harbor2	chr16	73773037	73773269	DNA/hAT-Charlie	904	-	116	73773153	84362
chr16	73688791	73888791	harbor2	chr16	73781238	73781413	DNA/hAT-Charlie	594	-	88	73781326	92535
chr16	73688791	73888791	harbor2	chr16	73782302	73782438	DNA/hAT-Charlie	499	-	68	73782370	93579
chr16	57629550	57829550	harbor2	chr16	57657144	57657297	DNA/hAT-Charlie	420	-	76	57657220	27670
chr16	57629550	57829550	harbor2	chr16	57661465	57661638	DNA/hAT-Charlie	423	-	86	57661551	32001
chr16	57629550	57829550	harbor2	chr16	57665204	57665452	DNA/hAT-Charlie	644	-	124	57665328	35778
chr16	57629550	57829550	harbor2	chr16	57685223	57685446	DNA/hAT-Charlie	539	-	112	57685335	55785
chr16	57629550	57829550	harbor2	chr16	57697645	57697794	DNA/hAT-Charlie	550	-	74	57697719	68169
chr16	57629550	57829550	harbor2	chr16	57699218	57699450	DNA/hAT-Charlie	528	-	116	57699334	69784
chr16	83180032	83380032	harbor2	chr16	83212709	83212896	DNA/hAT-Charlie	693	-	94	83212803	32771
chr16	83180032	83380032	harbor2	chr16	83222863	83223084	DNA/hAT-Charlie	1051	-	110	83222973	42941
chr16	23273193	23473193	harbor2	chr16	23284622	23284891	DNA/hAT-Charlie	924	-	134	23284756	11563
chr16	23273193	23473193	harbor2	chr16	23320050	23320200	DNA/hAT-Charlie	654	-	75	23320125	46932
chr16	23273193	23473193	harbor2	chr16	23320211	23320378	DNA/hAT-Charlie	691	-	84	23320295	47102
chr16	23273193	23473193	harbor2	chr16	23322613	23322762	DNA/hAT-Charlie	528	-	74	23322687	49494
chr16	23273193	23473193	harbor2	chr16	23338585	23338860	DNA/hAT-Charlie	749	-	138	23338723	65530
chr16	23273193	23473193	harbor2	chr16	23342565	23342777	DNA/hAT-Charlie	1414	-	106	23342671	69478
chr16	23273193	23473193	harbor2	chr16	23344036	23344382	DNA/hAT-Charlie	1253	-	173	23344209	71016
chr16	71515898	71715898	harbor2	chr16	71524497	71524590	DNA/hAT-Charlie	455	-	46	71524543	8645
chr16	71515898	71715898	harbor2	chr16	71539957	71540154	DNA/hAT-Charlie	1052	-	98	71540055	24157
chr16	71515898	71715898	harbor2	chr16	71543981	71544133	DNA/hAT-Charlie	871	-	76	71544057	28159
chr16	71515898	71715898	harbor2	chr16	71544428	71544558	DNA/hAT-Charlie	871	-	65	71544493	28595
chr16	71515898	71715898	harbor2	chr16	71569088	71569250	DNA/hAT-Charlie	441	-	81	71569169	53271
chr16	71515898	71715898	harbor2	chr16	71608244	71608435	DNA/hAT-Charlie	472	-	96	71608340	92442
chr17	75504135	75704135	harbor2	chr17	75545859	75546063	DNA/hAT-Charlie	776	-	102	75545961	41826
chr17	75504135	75704135	harbor2	chr17	75552138	75552199	DNA/hAT-Charlie	682	-	30	75552168	48033
chr17	75504135	75704135	harbor2	chr17	75552494	75552708	DNA/hAT-Charlie	682	-	107	75552601	48466
chr17	78082558	78282558	harbor2	chr17	78083575	78083766	DNA/hAT-Charlie	1112	-	96	78083671	1113
chr17	78082558	78282558	harbor2	chr17	78154994	78155263	DNA/hAT-Charlie	810	-	134	78155128	72570
chr17	78082558	78282558	harbor2	chr17	78176755	78176947	DNA/hAT-Charlie	511	-	96	78176851	94293
chr17	64733458	64933458	harbor2	chr17	64740132	64740293	DNA/hAT-Charlie	1150	-	80	64740212	6754
chr17	64733458	64933458	harbor2	chr17	64740591	64740654	DNA/hAT-Charlie	1150	-	32	64740623	7165
chr17	64733458	64933458	harbor2	chr17	64799391	64799579	DNA/hAT-Charlie	741	-	94	64799485	66027
chr17	64733458	64933458	harbor2	chr17	64813900	64814085	DNA/hAT-Charlie	790	-	92	64813992	80534
chr17	64396792	64596792	harbor2	chr17	64454380	64454551	DNA/hAT-Charlie	763	-	86	64454466	57674
chr17	64396792	64596792	harbor2	chr17	64468719	64468802	DNA/hAT-Charlie	555	-	42	64468761	71969
chr17	64396792	64596792	harbor2	chr17	64469117	64469237	DNA/hAT-Charlie	555	-	60	64469177	72385
chr17	75354192	75554192	harbor2	chr17	75355506	75355732	DNA/hAT-Charlie	1583	-	113	75355619	1427
chr17	75354192	75554192	harbor2	chr17	75362216	75362426	DNA/hAT-Charlie	503	-	105	75362321	8129
chr17	75354192	75554192	harbor2	chr17	75449203	75449392	DNA/hAT-Charlie	1110	-	94	75449297	95105
chr17	62727831	62927831	harbor2	chr17	62753418	62753574	DNA/hAT-Charlie	664	-	78	62753496	25665
chr17	62727831	62927831	harbor2	chr17	62823472	62823628	DNA/hAT-Charlie	715	-	78	62823550	95719
chr17	82526221	82726221	harbor2	chr17	82547292	82547479	DNA/hAT-Charlie	1116	-	94	82547386	21165
chr17	34234218	34434218	harbor2	chr17	34244833	34245181	DNA/hAT-Charlie	674	-	174	34245007	10789
chr17	47534150	47734150	harbor2	chr17	47628890	47628963	DNA/hAT-Charlie	838	-	36	47628926	94776
chr17	47534150	47734150	harbor2	chr17	47629218	47629342	DNA/hAT-Charlie	838	-	62	47629280	95130
chr17	77593117	77793117	harbor2	chr17	77684547	77684723	DNA/hAT-Charlie	758	-	88	77684635	91518
chr17	77620535	77820535	harbor2	chr17	77684547	77684723	DNA/hAT-Charlie	758	-	88	77684635	64100
chr17	77620535	77820535	harbor2	chr17	77719644	77719869	DNA/hAT-Charlie	1539	-	112	77719756	99221
chr17	51588346	51788346	harbor2	chr17	51595889	51596078	DNA/hAT-Charlie	829	-	94	51595983	7637
chr17	51588346	51788346	harbor2	chr17	51608618	51608792	DNA/hAT-Charlie	862	-	87	51608705	20359
chr17	51588346	51788346	harbor2	chr17	51622690	51622836	DNA/hAT-Charlie	604	-	73	51622763	34417
chr17	51588346	51788346	harbor2	chr17	51627259	51627430	DNA/hAT-Charlie	771	-	86	51627345	38999
chr17	51588346	51788346	harbor2	chr17	51631785	51632003	DNA/hAT-Charlie	811	-	109	51631894	43548
chr17	51588346	51788346	harbor2	chr17	51661826	51662043	DNA/hAT-Charlie	940	-	108	51661934	73588
chr17	51588346	51788346	harbor2	chr17	51681441	51681649	DNA/hAT-Charlie	1216	-	104	51681545	93199
chr17	65289511	65489511	harbor2	chr17	65290968	65291169	DNA/hAT-Charlie	1120	-	100	65291068	1557
chr17	65289511	65489511	harbor2	chr17	65305582	65306079	DNA/hAT-Charlie	3490	-	248	65305830	16319
chr17	65289511	65489511	harbor2	chr17	65315642	65315836	DNA/hAT-Charlie	815	-	97	65315739	26228
chr17	65289511	65489511	harbor2	chr17	65382040	65382351	DNA/hAT-Charlie	1013	-	156	65382196	92685
chr17	65289511	65489511	harbor2	chr17	65383483	65383670	DNA/hAT-Charlie	821	-	94	65383577	94066
chr17	36928410	37128410	harbor2	chr17	36961317	36961628	DNA/hAT-Charlie	1500	-	156	36961473	33063
chr17	36928410	37128410	harbor2	chr17	36999351	36999555	DNA/hAT-Charlie	929	-	102	36999453	71043
chr17	36928410	37128410	harbor2	chr17	37027526	37027838	DNA/hAT-Charlie	1347	-	156	37027682	99272
chr17	82474370	82674370	harbor2	chr17	82547292	82547479	DNA/hAT-Charlie	1116	-	94	82547386	73016
chr17	49707633	49907633	harbor2	chr17	49712242	49712444	DNA/hAT-Charlie	1060	-	101	49712343	4710
chr17	49707633	49907633	harbor2	chr17	49760332	49760552	DNA/hAT-Charlie	1077	-	110	49760442	52809
chr17	32320889	32520889	harbor2	chr17	32338472	32338709	DNA/hAT-Charlie	688	-	118	32338590	17701
chr17	32320889	32520889	harbor2	chr17	32398465	32398666	DNA/hAT-Charlie	1062	-	100	32398565	77676
chr17	32320889	32520889	harbor2	chr17	32398661	32399232	DNA/hAT-Charlie	2810	-	286	32398947	78058
chr17	76834271	77034271	harbor2	chr17	76872371	76872546	DNA/hAT-Charlie	714	-	88	76872459	38188
chr17	77103472	77303472	harbor2	chr17	77178527	77178851	DNA/hAT-Charlie	1593	-	162	77178689	75217
chr17	76760535	76960535	harbor2	chr17	76812294	76812527	DNA/hAT-Charlie	675	-	116	76812410	51875
chr17	80866588	81066588	harbor2	chr17	80899628	80899854	DNA/hAT-Charlie	686	-	113	80899741	33153
chr17	78317100	78517100	harbor2	chr17	78319657	78319878	DNA/hAT-Charlie	1123	-	110	78319767	2667
chr17	78317100	78517100	harbor2	chr17	78320501	78320513	DNA/hAT-Charlie	1123	-	6	78320507	3407
chr17	78317100	78517100	harbor2	chr17	78320809	78320896	DNA/hAT-Charlie	1123	-	44	78320853	3753
chr17	75405388	75605388	harbor2	chr17	75449203	75449392	DNA/hAT-Charlie	1110	-	94	75449297	43909
chr17	80750530	80950530	harbor2	chr17	80760146	80760289	DNA/hAT-Charlie	761	-	72	80760218	9688
chr17	80750530	80950530	harbor2	chr17	80760602	80760674	DNA/hAT-Charlie	761	-	36	80760638	10108
chr17	80750530	80950530	harbor2	chr17	80807790	80807961	DNA/hAT-Charlie	652	-	86	80807876	57346
chr17	79966667	80166667	harbor2	chr17	80003713	80003768	DNA/hAT-Charlie	526	-	28	80003741	37074
chr17	79966667	80166667	harbor2	chr17	80004074	80004245	DNA/hAT-Charlie	526	-	86	80004160	37493
chr17	79966667	80166667	harbor2	chr17	80006262	80006429	DNA/hAT-Charlie	704	-	84	80006346	39679
chr17	79966667	80166667	harbor2	chr17	80013773	80013925	DNA/hAT-Charlie	594	-	76	80013849	47182
chr17	79966667	80166667	harbor2	chr17	80017147	80017399	DNA/hAT-Charlie	1366	-	126	80017273	50606
chr17	79966667	80166667	harbor2	chr17	80017711	80017787	DNA/hAT-Charlie	1366	-	38	80017749	51082
chr17	79966667	80166667	harbor2	chr17	80018117	80018271	DNA/hAT-Charlie	876	-	77	80018194	51527
chr17	79966667	80166667	harbor2	chr17	80018582	80018610	DNA/hAT-Charlie	876	-	14	80018596	51929
chr17	79966667	80166667	harbor2	chr17	80018901	80018995	DNA/hAT-Charlie	876	-	47	80018948	52281
chr17	79966667	80166667	harbor2	chr17	80048964	80049112	DNA/hAT-Charlie	533	-	74	80049038	82371
chr17	79966667	80166667	harbor2	chr17	80049429	80049451	DNA/hAT-Charlie	533	-	11	80049440	82773
chr17	60875080	61075080	harbor2	chr17	60971303	60971441	DNA/hAT-Charlie	598	-	69	60971372	96292
chr17	73638169	73838169	harbor2	chr17	73659862	73659897	DNA/hAT-Charlie	826	-	18	73659880	21711
chr17	73638169	73838169	harbor2	chr17	73660201	73660345	DNA/hAT-Charlie	826	-	72	73660273	22104
chr17	73638169	73838169	harbor2	chr17	73729157	73729372	DNA/hAT-Charlie	878	-	108	73729265	91096
chr17	73638169	73838169	harbor2	chr17	73734495	73734709	DNA/hAT-Charlie	663	-	107	73734602	96433
chr17	69570299	69770299	harbor2	chr17	69609607	69609805	DNA/hAT-Charlie	776	-	99	69609706	39407
chr17	74733557	74933557	harbor2	chr17	74793177	74793388	DNA/hAT-Charlie	938	-	106	74793283	59726
chr17	74733557	74933557	harbor2	chr17	74828958	74829124	DNA/hAT-Charlie	559	-	83	74829041	95484
chr17	74733557	74933557	harbor2	chr17	74829378	74829470	DNA/hAT-Charlie	559	-	46	74829424	95867
chr17	77071718	77271718	harbor2	chr17	77101592	77101739	DNA/hAT-Charlie	663	-	74	77101666	29948
chr17	77433200	77633200	harbor2	chr17	77530278	77530628	DNA/hAT-Charlie	2433	-	175	77530453	97253
chr17	79630539	79830539	harbor2	chr17	79656164	79656331	DNA/hAT-Charlie	640	-	84	79656248	25709
chr17	80793881	80993881	harbor2	chr17	80807790	80807961	DNA/hAT-Charlie	652	-	86	80807876	13995
chr17	51112291	51312291	harbor2	chr17	51138375	51138456	DNA/hAT-Charlie	1338	-	40	51138415	26124
chr17	51112291	51312291	harbor2	chr17	51138757	51138882	DNA/hAT-Charlie	1338	-	62	51138819	26528
chr17	51112291	51312291	harbor2	chr17	51203994	51204181	DNA/hAT-Charlie	983	-	94	51204088	91797
chr17	79333994	79533994	harbor2	chr17	79339538	79339677	DNA/hAT-Charlie	658	-	70	79339608	5614
chr17	79333994	79533994	harbor2	chr17	79380899	79380979	DNA/hAT-Charlie	993	-	40	79380939	46945
chr17	79333994	79533994	harbor2	chr17	79381286	79381511	DNA/hAT-Charlie	993	-	112	79381398	47404
chr17	59228891	59428891	harbor2	chr17	59296023	59296305	DNA/hAT-Charlie	1297	-	141	59296164	67273
chr17	59228891	59428891	harbor2	chr17	59310872	59311088	DNA/hAT-Charlie	989	-	108	59310980	82089
chr17	59228891	59428891	harbor2	chr17	59320245	59320461	DNA/hAT-Charlie	781	-	108	59320353	91462
chr17	59228891	59428891	harbor2	chr17	59320766	59320812	DNA/hAT-Charlie	781	-	23	59320789	91898
chr17	82848275	83048275	harbor2	chr17	82945624	82945814	DNA/hAT-Charlie	720	-	95	82945719	97444
chr17	79351217	79551217	harbor2	chr17	79380899	79380979	DNA/hAT-Charlie	993	-	40	79380939	29722
chr17	79351217	79551217	harbor2	chr17	79381286	79381511	DNA/hAT-Charlie	993	-	112	79381398	30181
chr17	66938402	67138402	harbor2	chr17	66972321	66972529	DNA/hAT-Charlie	857	-	104	66972425	34023
chr17	66938402	67138402	harbor2	chr17	67003545	67003755	DNA/hAT-Charlie	935	-	105	67003650	65248
chr17	35254117	35454117	harbor2	chr17	35270639	35270869	DNA/hAT-Charlie	1089	-	115	35270754	16637
chr17	9262632	9462632	harbor2	chr17	9330162	9330424	DNA/hAT-Charlie	1124	-	131	9330293	67661
chr17	9262632	9462632	harbor2	chr17	9341986	9342323	DNA/hAT-Charlie	2342	-	168	9342154	79522
chr17	73828804	74028804	harbor2	chr17	73837793	73838136	DNA/hAT-Charlie	1486	-	172	73837965	9161
chr17	73828804	74028804	harbor2	chr17	73856255	73856426	DNA/hAT-Charlie	674	-	86	73856341	27537
chr17	73828804	74028804	harbor2	chr17	73861568	73861787	DNA/hAT-Charlie	1206	-	110	73861678	32874
chr17	73828804	74028804	harbor2	chr17	73901270	73901490	DNA/hAT-Charlie	1095	-	110	73901380	72576
chr17	70979984	71179984	harbor2	chr17	70982009	70982331	DNA/hAT-Charlie	1487	-	161	70982170	2186
chr17	82688326	82888326	harbor2	chr17	82764651	82764771	DNA/hAT-Charlie	515	-	60	82764711	76385
chr17	45936705	46136705	harbor2	chr17	46033644	46033917	DNA/hAT-Charlie	745	-	136	46033780	97075
chr17	71356408	71556408	harbor2	chr17	71393434	71393629	DNA/hAT-Charlie	868	-	98	71393532	37124
chr17	71356408	71556408	harbor2	chr17	71417962	71418256	DNA/hAT-Charlie	1143	-	147	71418109	61701
chr17	44309104	44509104	harbor2	chr17	44343089	44343299	DNA/hAT-Charlie	1060	-	105	44343194	34090
chr17	74137052	74337052	harbor2	chr17	74138048	74138564	DNA/hAT-Charlie	3836	-	258	74138306	1254
chr17	74137052	74337052	harbor2	chr17	74184985	74185223	DNA/hAT-Charlie	911	-	119	74185104	48052
chr17	74137052	74337052	harbor2	chr17	74187151	74187363	DNA/hAT-Charlie	972	-	106	74187257	50205
chr17	74137052	74337052	harbor2	chr17	74220349	74220485	DNA/hAT-Charlie	529	-	68	74220417	83365
chr17	74137052	74337052	harbor2	chr17	74234069	74234259	DNA/hAT-Charlie	814	-	95	74234164	97112
chr17	53511252	53711252	harbor2	chr17	53527820	53528012	DNA/hAT-Charlie	922	-	96	53527916	16664
chr17	53511252	53711252	harbor2	chr17	53537769	53538108	DNA/hAT-Charlie	725	-	170	53537939	26687
chr17	45855500	46055500	harbor2	chr17	45869814	45869922	DNA/hAT-Charlie	543	-	54	45869868	14368
chr17	61631075	61831075	harbor2	chr17	61685053	61685288	DNA/hAT-Charlie	893	-	118	61685171	54096
chr17	45570687	45770687	harbor2	chr17	45627822	45628368	DNA/hAT-Charlie	3570	-	273	45628095	57408
chr17	45570687	45770687	harbor2	chr17	45651833	45652097	DNA/hAT-Charlie	546	-	132	45651965	81278
chr17	45570687	45770687	harbor2	chr17	45660130	45660222	DNA/hAT-Charlie	521	-	46	45660176	89489
chr17	45570687	45770687	harbor2	chr17	45665427	45665607	DNA/hAT-Charlie	504	-	90	45665517	94830
chr17	61095011	61295011	harbor2	chr17	61127466	61127627	DNA/hAT-Charlie	577	-	80	61127546	32535
chr17	61095011	61295011	harbor2	chr17	61136378	61136563	DNA/hAT-Charlie	824	-	92	61136470	41459
chr17	63685707	63885707	harbor2	chr17	63705200	63705388	DNA/hAT-Charlie	718	-	94	63705294	19587
chr17	63685707	63885707	harbor2	chr17	63716607	63716833	DNA/hAT-Charlie	757	-	113	63716720	31013
chr17	63685707	63885707	harbor2	chr17	63767630	63767763	DNA/hAT-Charlie	510	-	66	63767696	81989
chr17	63685707	63885707	harbor2	chr17	63769668	63769878	DNA/hAT-Charlie	1481	-	105	63769773	84066
chr17	73944461	74144461	harbor2	chr17	73950226	73950534	DNA/hAT-Charlie	646	-	154	73950380	5919
chr17	73944461	74144461	harbor2	chr17	73964886	73965061	DNA/hAT-Charlie	609	-	88	73964974	20513
chr17	73944461	74144461	harbor2	chr17	73997124	73997460	DNA/hAT-Charlie	1579	-	168	73997292	52831
chr17	73944461	74144461	harbor2	chr17	74031531	74031691	DNA/hAT-Charlie	732	-	80	74031611	87150
chr17	82487145	82687145	harbor2	chr17	82547292	82547479	DNA/hAT-Charlie	1116	-	94	82547386	60241
chr17	46731429	46931429	harbor2	chr17	46733571	46733751	DNA/hAT-Charlie	527	-	90	46733661	2232
chr17	65419756	65619756	harbor2	chr17	65428770	65428958	DNA/hAT-Charlie	906	-	94	65428864	9108
chr17	65419756	65619756	harbor2	chr17	65440004	65440222	DNA/hAT-Charlie	921	-	109	65440113	20357
chr17	65419756	65619756	harbor2	chr17	65456481	65456698	DNA/hAT-Charlie	1014	-	108	65456589	36833
chr17	65419756	65619756	harbor2	chr17	65473647	65473871	DNA/hAT-Charlie	1024	-	112	65473759	54003
chr17	65419756	65619756	harbor2	chr17	65495563	65495783	DNA/hAT-Charlie	515	-	110	65495673	75917
chr17	65419756	65619756	harbor2	chr17	65504480	65504605	DNA/hAT-Charlie	529	-	62	65504542	84786
chr17	35723883	35923883	harbor2	chr17	35755453	35755591	DNA/hAT-Charlie	997	-	69	35755522	31639
chr17	35723883	35923883	harbor2	chr17	35755900	35755978	DNA/hAT-Charlie	997	-	39	35755939	32056
chr17	56826994	57026994	harbor2	chr17	56838351	56838555	DNA/hAT-Charlie	879	-	102	56838453	11459
chr17	56826994	57026994	harbor2	chr17	56843274	56843493	DNA/hAT-Charlie	912	-	110	56843384	16390
chr17	45308827	45508827	harbor2	chr17	45319821	45319886	DNA/hAT-Charlie	1082	-	32	45319853	11026
chr17	45308827	45508827	harbor2	chr17	45320550	45320707	DNA/hAT-Charlie	1082	-	78	45320628	11801
chr17	45308827	45508827	harbor2	chr17	45331151	45331547	DNA/hAT-Charlie	1558	-	198	45331349	22522
chr17	45308827	45508827	harbor2	chr17	45383021	45383297	DNA/hAT-Charlie	629	-	138	45383159	74332
chr17	74216489	74416489	harbor2	chr17	74220349	74220485	DNA/hAT-Charlie	529	-	68	74220417	3928
chr17	74216489	74416489	harbor2	chr17	74234069	74234259	DNA/hAT-Charlie	814	-	95	74234164	17675
chr17	74216489	74416489	harbor2	chr17	74242927	74243131	DNA/hAT-Charlie	943	-	102	74243029	26540
chr17	74216489	74416489	harbor2	chr17	74249599	74249721	DNA/hAT-Charlie	523	-	61	74249660	33171
chr17	74216489	74416489	harbor2	chr17	74258178	74258268	DNA/hAT-Charlie	591	-	45	74258223	41734
chr17	74216489	74416489	harbor2	chr17	74258567	74258642	DNA/hAT-Charlie	591	-	38	74258605	42116
chr17	74216489	74416489	harbor2	chr17	74258656	74258856	DNA/hAT-Charlie	895	-	100	74258756	42267
chr17	74216489	74416489	harbor2	chr17	74277883	74278050	DNA/hAT-Charlie	550	-	84	74277967	61478
chr17	73842588	74042588	harbor2	chr17	73856255	73856426	DNA/hAT-Charlie	674	-	86	73856341	13753
chr17	73842588	74042588	harbor2	chr17	73861568	73861787	DNA/hAT-Charlie	1206	-	110	73861678	19090
chr17	73842588	74042588	harbor2	chr17	73901270	73901490	DNA/hAT-Charlie	1095	-	110	73901380	58792
chr17	53827955	54027955	harbor2	chr17	53851007	53851257	DNA/hAT-Charlie	572	-	125	53851132	23177
chr17	53827955	54027955	harbor2	chr17	53851913	53852500	DNA/hAT-Charlie	1240	-	294	53852207	24252
chr17	53827955	54027955	harbor2	chr17	53852501	53852727	DNA/hAT-Charlie	1158	-	113	53852614	24659
chr17	53827955	54027955	harbor2	chr17	53864344	53864558	DNA/hAT-Charlie	726	-	107	53864451	36496
chr17	67269928	67469928	harbor2	chr17	67350866	67351055	DNA/hAT-Charlie	672	-	94	67350960	81032
chr17	67269928	67469928	harbor2	chr17	67367708	67367874	DNA/hAT-Charlie	787	-	83	67367791	97863
chr17	67269928	67469928	harbor2	chr17	67368009	67368242	DNA/hAT-Charlie	787	-	116	67368125	98197
chr17	67269928	67469928	harbor2	chr17	67368608	67368937	DNA/hAT-Charlie	603	-	164	67368772	98844
chr17	79347960	79547960	harbor2	chr17	79380899	79380979	DNA/hAT-Charlie	993	-	40	79380939	32979
chr17	79347960	79547960	harbor2	chr17	79381286	79381511	DNA/hAT-Charlie	993	-	112	79381398	33438
chr17	80963561	81163561	harbor2	chr17	80988452	80988480	DNA/hAT-Charlie	541	-	14	80988466	24905
chr17	80963561	81163561	harbor2	chr17	80988787	80988884	DNA/hAT-Charlie	541	-	48	80988835	25274
chr17	80963561	81163561	harbor2	chr17	80988927	80989032	DNA/hAT-Charlie	541	-	52	80988979	25418
chr17	68359538	68559538	harbor2	chr17	68375081	68375235	DNA/hAT-Charlie	582	-	77	68375158	15620
chr17	68359538	68559538	harbor2	chr17	68375504	68375654	DNA/hAT-Charlie	755	-	75	68375579	16041
chr17	68359538	68559538	harbor2	chr17	68388239	68388461	DNA/hAT-Charlie	1014	-	111	68388350	28812
chr17	68359538	68559538	harbor2	chr17	68420975	68421079	DNA/hAT-Charlie	508	-	52	68421027	61489
chr17	73735688	73935688	harbor2	chr17	73751219	73751487	DNA/hAT-Charlie	656	-	134	73751353	15665
chr17	73735688	73935688	harbor2	chr17	73755524	73755721	DNA/hAT-Charlie	579	-	98	73755622	19934
chr17	73735688	73935688	harbor2	chr17	73762010	73762195	DNA/hAT-Charlie	966	-	92	73762102	26414
chr17	73735688	73935688	harbor2	chr17	73769326	73769639	DNA/hAT-Charlie	1301	-	156	73769482	33794
chr17	73735688	73935688	harbor2	chr17	73783199	73783376	DNA/hAT-Charlie	1157	-	88	73783287	47599
chr17	73735688	73935688	harbor2	chr17	73784695	73784817	DNA/hAT-Charlie	511	-	61	73784756	49068
chr17	73735688	73935688	harbor2	chr17	73788250	73788406	DNA/hAT-Charlie	655	-	78	73788328	52640
chr17	73735688	73935688	harbor2	chr17	73815000	73815296	DNA/hAT-Charlie	1706	-	148	73815148	79460
chr17	64581505	64781505	harbor2	chr17	64613611	64613673	DNA/hAT-Charlie	3393	-	31	64613642	32137
chr17	64581505	64781505	harbor2	chr17	64613745	64614175	DNA/hAT-Charlie	3393	-	215	64613960	32455
chr17	64581505	64781505	harbor2	chr17	64625631	64625800	DNA/hAT-Charlie	721	-	84	64625715	44210
chr17	64581505	64781505	harbor2	chr17	64645771	64646070	DNA/hAT-Charlie	1301	-	150	64645921	64416
chr17	64581505	64781505	harbor2	chr17	64646357	64646368	DNA/hAT-Charlie	1301	-	6	64646363	64858
chr17	64581505	64781505	harbor2	chr17	64646682	64646810	DNA/hAT-Charlie	1301	-	64	64646746	65241
chr17	64581505	64781505	harbor2	chr17	64673833	64674009	DNA/hAT-Charlie	906	-	88	64673921	92416
chr17	81048401	81248401	harbor2	chr17	81102407	81102604	DNA/hAT-Charlie	661	-	98	81102505	54104
chr17	70347428	70547428	harbor2	chr17	70349554	70349737	DNA/hAT-Charlie	868	-	92	70349646	2218
chr17	70347428	70547428	harbor2	chr17	70359472	70360383	DNA/hAT-Charlie	3171	-	456	70359928	12500
chr17	70347428	70547428	harbor2	chr17	70403621	70403759	DNA/hAT-Charlie	688	-	69	70403690	56262
chr17	70347428	70547428	harbor2	chr17	70438760	70438907	DNA/hAT-Charlie	613	-	74	70438834	91406
chr17	38973015	39173015	harbor2	chr17	38993326	38993383	DNA/hAT-Charlie	1231	-	28	38993354	20339
chr17	38973015	39173015	harbor2	chr17	38993437	38993581	DNA/hAT-Charlie	1231	-	72	38993509	20494
chr17	38973015	39173015	harbor2	chr17	39012670	39013007	DNA/hAT-Charlie	2199	-	168	39012838	39823
chr17	38973015	39173015	harbor2	chr17	39013462	39013570	DNA/hAT-Charlie	1203	-	54	39013516	40501
chr17	38973015	39173015	harbor2	chr17	39013856	39014074	DNA/hAT-Charlie	1203	-	109	39013965	40950
chr17	38973015	39173015	harbor2	chr17	39036891	39037216	DNA/hAT-Charlie	755	-	162	39037053	64038
chr17	38973015	39173015	harbor2	chr17	39037580	39037682	DNA/hAT-Charlie	569	-	51	39037631	64616
chr17	38973015	39173015	harbor2	chr17	39037680	39037794	DNA/hAT-Charlie	520	-	57	39037737	64722
chr17	38973015	39173015	harbor2	chr17	39041518	39041645	DNA/hAT-Charlie	567	-	64	39041582	68567
chr17	38973015	39173015	harbor2	chr17	39060909	39061062	DNA/hAT-Charlie	654	-	76	39060985	87970
chr17	67280404	67480404	harbor2	chr17	67350866	67351055	DNA/hAT-Charlie	672	-	94	67350960	70556
chr17	67280404	67480404	harbor2	chr17	67367708	67367874	DNA/hAT-Charlie	787	-	83	67367791	87387
chr17	67280404	67480404	harbor2	chr17	67368009	67368242	DNA/hAT-Charlie	787	-	116	67368125	87721
chr17	67280404	67480404	harbor2	chr17	67368608	67368937	DNA/hAT-Charlie	603	-	164	67368772	88368
chr17	51922007	52122007	harbor2	chr17	51988754	51989030	DNA/hAT-Charlie	1161	-	138	51988892	66885
chr17	70362518	70562518	harbor2	chr17	70403621	70403759	DNA/hAT-Charlie	688	-	69	70403690	41172
chr17	70362518	70562518	harbor2	chr17	70438760	70438907	DNA/hAT-Charlie	613	-	74	70438834	76316
chr17	73115608	73315608	harbor2	chr17	73118293	73118510	DNA/hAT-Charlie	1178	-	108	73118401	2793
chr17	51248948	51448948	harbor2	chr17	51256623	51256807	DNA/hAT-Charlie	991	-	92	51256715	7767
chr17	51248948	51448948	harbor2	chr17	51278186	51278334	DNA/hAT-Charlie	739	-	74	51278260	29312
chr17	82672847	82872847	harbor2	chr17	82764651	82764771	DNA/hAT-Charlie	515	-	60	82764711	91864
chr17	49439195	49639195	harbor2	chr17	49448166	49448341	DNA/hAT-Charlie	862	-	88	49448254	9059
chr17	49439195	49639195	harbor2	chr17	49519021	49519224	DNA/hAT-Charlie	786	-	102	49519123	79928
chr17	49439195	49639195	harbor2	chr17	49519355	49519472	DNA/hAT-Charlie	786	-	58	49519413	80218
chr17	59512034	59712034	harbor2	chr17	59611568	59611717	DNA/hAT-Charlie	627	-	74	59611642	99608
chr17	67681893	67881893	harbor2	chr17	67686158	67686345	DNA/hAT-Charlie	1010	-	94	67686252	4359
chr17	69627362	69827362	harbor2	chr17	69671288	69671450	DNA/hAT-Charlie	853	-	81	69671369	44007
chr17	69627362	69827362	harbor2	chr17	69674317	69674627	DNA/hAT-Charlie	1454	-	155	69674472	47110
chr17	69627362	69827362	harbor2	chr17	69714355	69714579	DNA/hAT-Charlie	1493	-	112	69714467	87105
chr17	73773488	73973488	harbor2	chr17	73783199	73783376	DNA/hAT-Charlie	1157	-	88	73783287	9799
chr17	73773488	73973488	harbor2	chr17	73784695	73784817	DNA/hAT-Charlie	511	-	61	73784756	11268
chr17	73773488	73973488	harbor2	chr17	73788250	73788406	DNA/hAT-Charlie	655	-	78	73788328	14840
chr17	73773488	73973488	harbor2	chr17	73815000	73815296	DNA/hAT-Charlie	1706	-	148	73815148	41660
chr17	73773488	73973488	harbor2	chr17	73837793	73838136	DNA/hAT-Charlie	1486	-	172	73837965	64477
chr17	73773488	73973488	harbor2	chr17	73856255	73856426	DNA/hAT-Charlie	674	-	86	73856341	82853
chr17	73773488	73973488	harbor2	chr17	73861568	73861787	DNA/hAT-Charlie	1206	-	110	73861678	88190
chr17	67847044	68047044	harbor2	chr17	67849296	67849397	DNA/hAT-Charlie	527	-	50	67849346	2302
chr17	72760985	72960985	harbor2	chr17	72814073	72814260	DNA/hAT-Charlie	836	-	94	72814167	53182
chr17	36052860	36252860	harbor2	chr17	36072278	36072449	DNA/hAT-Charlie	820	-	86	36072364	19504
chr17	36052860	36252860	harbor2	chr17	36077251	36077426	DNA/hAT-Charlie	771	-	88	36077339	24479
chr17	36052860	36252860	harbor2	chr17	36079430	36079649	DNA/hAT-Charlie	751	-	110	36079540	26680
chr17	36052860	36252860	harbor2	chr17	36084740	36084904	DNA/hAT-Charlie	609	-	82	36084822	31962
chr17	36052860	36252860	harbor2	chr17	36106984	36107193	DNA/hAT-Charlie	1046	-	104	36107088	54228
chr17	81550929	81750929	harbor2	chr17	81621554	81621724	DNA/hAT-Charlie	542	-	85	81621639	70710
chr17	64411574	64611574	harbor2	chr17	64454380	64454551	DNA/hAT-Charlie	763	-	86	64454466	42892
chr17	64411574	64611574	harbor2	chr17	64468719	64468802	DNA/hAT-Charlie	555	-	42	64468761	57187
chr17	64411574	64611574	harbor2	chr17	64469117	64469237	DNA/hAT-Charlie	555	-	60	64469177	57603
chr17	40643156	40843156	harbor2	chr17	40666871	40667148	DNA/hAT-Charlie	1139	-	138	40667009	23853
chr17	40643156	40843156	harbor2	chr17	40667860	40668018	DNA/hAT-Charlie	837	-	79	40667939	24783
chr17	54002434	54202434	harbor2	chr17	54042457	54042612	DNA/hAT-Charlie	603	-	78	54042535	40101
chr17	13411141	13611141	harbor2	chr17	13435288	13435462	DNA/hAT-Charlie	673	-	87	13435375	24234
chr17	13411141	13611141	harbor2	chr17	13492863	13493058	DNA/hAT-Charlie	647	-	98	13492961	81820
chr17	16095547	16295547	harbor2	chr17	16102464	16102598	DNA/hAT-Charlie	810	-	67	16102531	6984
chr17	16095547	16295547	harbor2	chr17	16102894	16102970	DNA/hAT-Charlie	810	-	38	16102932	7385
chr17	16095547	16295547	harbor2	chr17	16106266	16106744	DNA/hAT-Charlie	1109	-	239	16106505	10958
chr17	16095547	16295547	harbor2	chr17	16112435	16112496	DNA/hAT-Charlie	4364	-	30	16112465	16918
chr17	16095547	16295547	harbor2	chr17	16112789	16112912	DNA/hAT-Charlie	4364	-	62	16112851	17304
chr17	16095547	16295547	harbor2	chr17	16113215	16113610	DNA/hAT-Charlie	4364	-	198	16113413	17866
chr17	16095547	16295547	harbor2	chr17	16113917	16113986	DNA/hAT-Charlie	4364	-	34	16113951	18404
chr17	16095547	16295547	harbor2	chr17	16116284	16117051	DNA/hAT-Charlie	4364	-	384	16116668	21121
chr17	75589279	75789279	harbor2	chr17	75675484	75675634	DNA/hAT-Charlie	1035	-	75	75675559	86280
chr17	75589279	75789279	harbor2	chr17	75675928	75676662	DNA/hAT-Charlie	2252	-	367	75676295	87016
chr17	75589279	75789279	harbor2	chr17	75676956	75677106	DNA/hAT-Charlie	867	-	75	75677031	87752
chr17	75589279	75789279	harbor2	chr17	75677403	75677432	DNA/hAT-Charlie	867	-	14	75677417	88138
chr17	75589279	75789279	harbor2	chr17	75677729	75677917	DNA/hAT-Charlie	867	-	94	75677823	88544
chr17	69966224	70166224	harbor2	chr17	69980542	69980763	DNA/hAT-Charlie	1014	-	110	69980652	14428
chr17	69966224	70166224	harbor2	chr17	70019126	70019335	DNA/hAT-Charlie	621	-	104	70019230	53006
chr17	69966224	70166224	harbor2	chr17	70048385	70048626	DNA/hAT-Charlie	1051	-	120	70048505	82281
chr17	53405240	53605240	harbor2	chr17	53474123	53474367	DNA/hAT-Charlie	853	-	122	53474245	69005
chr17	50103877	50303877	harbor2	chr17	50181529	50181714	DNA/hAT-Charlie	665	-	92	50181621	77744
chr17	48024005	48224005	harbor2	chr17	48044456	48044632	DNA/hAT-Charlie	769	-	88	48044544	20539
chr17	70069375	70269375	harbor2	chr17	70072792	70073082	DNA/hAT-Charlie	900	-	145	70072937	3562
chr17	70069375	70269375	harbor2	chr17	70088160	70088499	DNA/hAT-Charlie	1979	-	170	70088330	18955
chr17	70069375	70269375	harbor2	chr17	70156061	70156396	DNA/hAT-Charlie	1167	-	168	70156229	86854
chr17	68893890	69093890	harbor2	chr17	68909214	68909437	DNA/hAT-Charlie	845	-	112	68909326	15436
chr17	68893890	69093890	harbor2	chr17	68982226	68982412	DNA/hAT-Charlie	564	-	93	68982319	88429
chr17	68105019	68305019	harbor2	chr17	68145121	68145332	DNA/hAT-Charlie	1025	-	106	68145227	40208
chr17	68105019	68305019	harbor2	chr17	68181970	68182178	DNA/hAT-Charlie	869	-	104	68182074	77055
chr17	29255173	29455173	harbor2	chr17	29333616	29333845	DNA/hAT-Charlie	1017	-	114	29333730	78557
chr17	40950820	41150820	harbor2	chr17	40961806	40962095	DNA/hAT-Charlie	949	-	144	40961950	11130
chr17	40950820	41150820	harbor2	chr17	41016523	41016864	DNA/hAT-Charlie	1925	-	170	41016693	65873
chr17	40950820	41150820	harbor2	chr17	41019091	41019578	DNA/hAT-Charlie	3294	-	244	41019335	68515
chr17	71892499	72092499	harbor2	chr17	71939167	71939381	DNA/hAT-Charlie	894	-	107	71939274	46775
chr17	71892499	72092499	harbor2	chr17	71949328	71949446	DNA/hAT-Charlie	540	-	59	71949387	56888
chr17	71892499	72092499	harbor2	chr17	71961727	71962078	DNA/hAT-Charlie	840	-	176	71961903	69404
chr17	71892499	72092499	harbor2	chr17	71981593	71981775	DNA/hAT-Charlie	744	-	91	71981684	89185
chr17	71680333	71880333	harbor2	chr17	71693765	71694038	DNA/hAT-Charlie	960	-	136	71693901	13568
chr17	71680333	71880333	harbor2	chr17	71708812	71709024	DNA/hAT-Charlie	1083	-	106	71708918	28585
chr17	71680333	71880333	harbor2	chr17	71774453	71774619	DNA/hAT-Charlie	739	-	83	71774536	94203
chr17	71680333	71880333	harbor2	chr17	71775710	71775926	DNA/hAT-Charlie	1074	-	108	71775818	95485
chr17	73148530	73348530	harbor2	chr17	73228009	73228205	DNA/hAT-Charlie	1027	-	98	73228107	79577
chr17	27938244	28138244	harbor2	chr17	27945217	27945557	DNA/hAT-Charlie	2265	-	170	27945387	7143
chr17	27938244	28138244	harbor2	chr17	27954153	27954321	DNA/hAT-Charlie	727	-	84	27954237	15993
chr17	27938244	28138244	harbor2	chr17	27954883	27955035	DNA/hAT-Charlie	852	-	76	27954959	16715
chr17	27938244	28138244	harbor2	chr17	27967552	27967694	DNA/hAT-Charlie	630	-	71	27967623	29379
chr17	27938244	28138244	harbor2	chr17	27967958	27968124	DNA/hAT-Charlie	630	-	83	27968041	29797
chr17	27938244	28138244	harbor2	chr17	27971515	27972006	DNA/hAT-Charlie	1731	-	246	27971761	33517
chr17	27938244	28138244	harbor2	chr17	27972745	27972877	DNA/hAT-Charlie	594	-	66	27972811	34567
chr17	27938244	28138244	harbor2	chr17	28037240	28037488	DNA/hAT-Charlie	775	-	124	28037364	99120
chr17	52647184	52847184	harbor2	chr17	52661728	52661891	DNA/hAT-Charlie	725	-	82	52661810	14626
chr17	52647184	52847184	harbor2	chr17	52682713	52682933	DNA/hAT-Charlie	620	-	110	52682823	35639
chr17	52647184	52847184	harbor2	chr17	52717061	52717226	DNA/hAT-Charlie	715	-	82	52717143	69959
chr17	52647184	52847184	harbor2	chr17	52729208	52729426	DNA/hAT-Charlie	956	-	109	52729317	82133
chr17	52647184	52847184	harbor2	chr17	52740738	52741085	DNA/hAT-Charlie	751	-	174	52740912	93728
chr17	82921146	83121146	harbor2	chr17	82945624	82945814	DNA/hAT-Charlie	720	-	95	82945719	24573
chr17	76537788	76737788	harbor2	chr17	76560338	76560578	DNA/hAT-Charlie	1195	-	120	76560458	22670
chr17	76537788	76737788	harbor2	chr17	76586603	76586930	DNA/hAT-Charlie	1971	-	164	76586767	48979
chr17	73956592	74156592	harbor2	chr17	73964886	73965061	DNA/hAT-Charlie	609	-	88	73964974	8382
chr17	73956592	74156592	harbor2	chr17	73997124	73997460	DNA/hAT-Charlie	1579	-	168	73997292	40700
chr17	73956592	74156592	harbor2	chr17	74031531	74031691	DNA/hAT-Charlie	732	-	80	74031611	75019
chr17	71540782	71740782	harbor2	chr17	71544053	71544272	DNA/hAT-Charlie	826	-	110	71544163	3381
chr17	71540782	71740782	harbor2	chr17	71555555	71555748	DNA/hAT-Charlie	808	-	96	71555651	14869
chr17	71540782	71740782	harbor2	chr17	71636505	71636687	DNA/hAT-Charlie	861	-	91	71636596	95814
chr17	72791413	72991413	harbor2	chr17	72814073	72814260	DNA/hAT-Charlie	836	-	94	72814167	22754
chr17	82848727	83048727	harbor2	chr17	82945624	82945814	DNA/hAT-Charlie	720	-	95	82945719	96992
chr17	41608638	41808638	harbor2	chr17	41680942	41681126	DNA/hAT-Charlie	604	-	92	41681034	72396
chr17	41608638	41808638	harbor2	chr17	41681727	41681883	DNA/hAT-Charlie	594	-	78	41681805	73167
chr17	41608638	41808638	harbor2	chr17	41697841	41698059	DNA/hAT-Charlie	511	-	109	41697950	89312
chr17	41608638	41808638	harbor2	chr17	41698226	41698308	DNA/hAT-Charlie	511	-	41	41698267	89629
chr17	41608638	41808638	harbor2	chr17	41698610	41698823	DNA/hAT-Charlie	511	-	106	41698716	90078
chr17	41608638	41808638	harbor2	chr17	41699123	41699194	DNA/hAT-Charlie	511	-	36	41699159	90521
chr17	41608638	41808638	harbor2	chr17	41701152	41701233	DNA/hAT-Charlie	557	-	40	41701192	92554
chr17	41608638	41808638	harbor2	chr17	41701367	41701502	DNA/hAT-Charlie	586	-	68	41701435	92797
chr17	50633840	50833840	harbor2	chr17	50685433	50685736	DNA/hAT-Charlie	1077	-	152	50685585	51745
chr17	66967525	67167525	harbor2	chr17	66972321	66972529	DNA/hAT-Charlie	857	-	104	66972425	4900
chr17	66967525	67167525	harbor2	chr17	67003545	67003755	DNA/hAT-Charlie	935	-	105	67003650	36125
chr17	66967525	67167525	harbor2	chr17	67053435	67053635	DNA/hAT-Charlie	869	-	100	67053535	86010
chr17	57862295	58062295	harbor2	chr17	57892848	57893024	DNA/hAT-Charlie	503	-	88	57892936	30641
chr17	57862295	58062295	harbor2	chr17	57911082	57911255	DNA/hAT-Charlie	900	-	86	57911168	48873
chr17	57862295	58062295	harbor2	chr17	57930104	57930253	DNA/hAT-Charlie	812	-	74	57930178	67883
chr17	57862295	58062295	harbor2	chr17	57932897	57933082	DNA/hAT-Charlie	892	-	92	57932989	70694
chr17	82504233	82704233	harbor2	chr17	82547292	82547479	DNA/hAT-Charlie	1116	-	94	82547386	43153
chr17	58174345	58374345	harbor2	chr17	58176228	58176402	DNA/hAT-Charlie	727	-	87	58176315	1970
chr17	58174345	58374345	harbor2	chr17	58230161	58230312	DNA/hAT-Charlie	824	-	76	58230237	55892
chr17	58174345	58374345	harbor2	chr17	58231057	58231209	DNA/hAT-Charlie	750	-	76	58231133	56788
chr17	73364717	73564717	harbor2	chr17	73381288	73381593	DNA/hAT-Charlie	948	-	152	73381440	16723
chr17	73364717	73564717	harbor2	chr17	73388487	73388692	DNA/hAT-Charlie	895	-	102	73388589	23872
chr17	73364717	73564717	harbor2	chr17	73417720	73417964	DNA/hAT-Charlie	555	-	122	73417842	53125
chr17	73364717	73564717	harbor2	chr17	73417965	73418010	DNA/hAT-Charlie	718	-	22	73417987	53270
chr17	73364717	73564717	harbor2	chr17	73418306	73418457	DNA/hAT-Charlie	718	-	76	73418382	53665
chr17	73364717	73564717	harbor2	chr17	73418458	73418515	DNA/hAT-Charlie	555	-	28	73418486	53769
chr17	73364717	73564717	harbor2	chr17	73418527	73418786	DNA/hAT-Charlie	802	-	130	73418657	53940
chr17	73364717	73564717	harbor2	chr17	73452661	73452792	DNA/hAT-Charlie	685	-	66	73452727	88010
chr17	64363021	64563021	harbor2	chr17	64454380	64454551	DNA/hAT-Charlie	763	-	86	64454466	91445
chr17	57321430	57521430	harbor2	chr17	57353854	57354244	DNA/hAT-Charlie	1689	-	195	57354049	32619
chr17	57321430	57521430	harbor2	chr17	57405194	57405411	DNA/hAT-Charlie	1126	-	108	57405302	83872
chr17	57321430	57521430	harbor2	chr17	57412558	57412778	DNA/hAT-Charlie	992	-	110	57412668	91238
chr17	57321430	57521430	harbor2	chr17	57418014	57418228	DNA/hAT-Charlie	1291	-	107	57418121	96691
chr17	65643697	65843697	harbor2	chr17	65652650	65652813	DNA/hAT-Charlie	742	-	82	65652732	9035
chr17	65643697	65843697	harbor2	chr17	65653189	65653251	DNA/hAT-Charlie	742	-	31	65653220	9523
chr17	65643697	65843697	harbor2	chr17	65691322	65691491	DNA/hAT-Charlie	691	-	84	65691406	47709
chr17	65643697	65843697	harbor2	chr17	65734359	65735470	DNA/hAT-Charlie	5415	-	556	65734915	91218
chr17	65643697	65843697	harbor2	chr17	65735634	65735894	DNA/hAT-Charlie	1106	-	130	65735764	92067
chr17	50302361	50502361	harbor2	chr17	50312656	50312884	DNA/hAT-Charlie	859	-	114	50312770	10409
chr17	50302361	50502361	harbor2	chr17	50376428	50376630	DNA/hAT-Charlie	1034	-	101	50376529	74168
chr17	38833386	39033386	harbor2	chr17	38859426	38859463	DNA/hAT-Charlie	1341	-	18	38859444	26058
chr17	38833386	39033386	harbor2	chr17	38860068	38860247	DNA/hAT-Charlie	1341	-	90	38860158	26772
chr17	38833386	39033386	harbor2	chr17	38860526	38860779	DNA/hAT-Charlie	1341	-	126	38860652	27266
chr17	38833386	39033386	harbor2	chr17	38910213	38910557	DNA/hAT-Charlie	1336	-	172	38910385	76999
chr17	75344412	75544412	harbor2	chr17	75355506	75355732	DNA/hAT-Charlie	1583	-	113	75355619	11207
chr17	75344412	75544412	harbor2	chr17	75362216	75362426	DNA/hAT-Charlie	503	-	105	75362321	17909
chr17	79421133	79621133	harbor2	chr17	79456320	79456491	DNA/hAT-Charlie	564	-	86	79456406	35273
chr17	79421133	79621133	harbor2	chr17	79473033	79473257	DNA/hAT-Charlie	791	-	112	79473145	52012
chr17	79421133	79621133	harbor2	chr17	79503365	79503653	DNA/hAT-Charlie	865	-	144	79503509	82376
chr17	58492305	58692305	harbor2	chr17	58507681	58507883	DNA/hAT-Charlie	714	-	101	58507782	15477
chr17	46143862	46343862	harbor2	chr17	46149424	46149641	DNA/hAT-Charlie	1160	-	108	46149532	5670
chr17	46143862	46343862	harbor2	chr17	46151900	46152067	DNA/hAT-Charlie	526	-	84	46151984	8122
chr17	46143862	46343862	harbor2	chr17	46178995	46179208	DNA/hAT-Charlie	686	-	106	46179101	35239
chr17	46143862	46343862	harbor2	chr17	46211291	46211512	DNA/hAT-Charlie	1535	-	110	46211401	67539
chr17	51959180	52159180	harbor2	chr17	51988754	51989030	DNA/hAT-Charlie	1161	-	138	51988892	29712
chr17	51959180	52159180	harbor2	chr17	52026472	52026490	DNA/hAT-Charlie	3183	-	9	52026481	67301
chr17	51959180	52159180	harbor2	chr17	52026866	52027383	DNA/hAT-Charlie	3183	-	258	52027124	67944
chr17	51959180	52159180	harbor2	chr17	52035967	52036132	DNA/hAT-Charlie	1005	-	82	52036049	76869
chr17	79861909	80061909	harbor2	chr17	79946149	79946493	DNA/hAT-Charlie	2181	-	172	79946321	84412
chr17	61808713	62008713	harbor2	chr17	61833917	61834112	DNA/hAT-Charlie	963	-	98	61834015	25302
chr17	61808713	62008713	harbor2	chr17	61845318	61845608	DNA/hAT-Charlie	1304	-	145	61845463	36750
chr17	61808713	62008713	harbor2	chr17	61845624	61845901	DNA/hAT-Charlie	1318	-	138	61845762	37049
chr17	61808713	62008713	harbor2	chr17	61846277	61846384	DNA/hAT-Charlie	869	-	54	61846331	37618
chr17	61808713	62008713	harbor2	chr17	61846687	61846791	DNA/hAT-Charlie	869	-	52	61846739	38026
chr17	61808713	62008713	harbor2	chr17	61870150	61870303	DNA/hAT-Charlie	512	-	76	61870226	61513
chr17	61808713	62008713	harbor2	chr17	61877416	61877584	DNA/hAT-Charlie	848	-	84	61877500	68787
chr17	44686384	44886384	harbor2	chr17	44700094	44700157	DNA/hAT-Charlie	586	-	32	44700126	13742
chr17	44686384	44886384	harbor2	chr17	44700439	44700471	DNA/hAT-Charlie	586	-	16	44700455	14071
chr17	44686384	44886384	harbor2	chr17	44700791	44700938	DNA/hAT-Charlie	586	-	74	44700865	14481
chr17	44686384	44886384	harbor2	chr17	44716494	44716711	DNA/hAT-Charlie	1156	-	108	44716602	30218
chr17	72820192	73020192	harbor2	chr17	72897279	72897475	DNA/hAT-Charlie	638	-	98	72897377	77185
chr17	78735269	78935269	harbor2	chr17	78829508	78829706	DNA/hAT-Charlie	659	-	99	78829607	94338
chr17	49459931	49659931	harbor2	chr17	49519021	49519224	DNA/hAT-Charlie	786	-	102	49519123	59192
chr17	49459931	49659931	harbor2	chr17	49519355	49519472	DNA/hAT-Charlie	786	-	58	49519413	59482
chr17	61628646	61828646	harbor2	chr17	61685053	61685288	DNA/hAT-Charlie	893	-	118	61685171	56525
chr17	76766442	76966442	harbor2	chr17	76812294	76812527	DNA/hAT-Charlie	675	-	116	76812410	45968
chr17	79060569	79260569	harbor2	chr17	79145848	79146219	DNA/hAT-Charlie	1761	-	186	79146034	85465
chr17	27603443	27803443	harbor2	chr17	27610601	27610928	DNA/hAT-Charlie	1350	-	164	27610765	7322
chr17	27603443	27803443	harbor2	chr17	27652267	27652460	DNA/hAT-Charlie	590	-	96	27652363	48920
chr17	60697132	60897132	harbor2	chr17	60717716	60718220	DNA/hAT-Charlie	3401	-	252	60717968	20836
chr17	60697132	60897132	harbor2	chr17	60756050	60756370	DNA/hAT-Charlie	1832	-	160	60756210	59078
chr17	63915538	64115538	harbor2	chr17	63968671	63968833	DNA/hAT-Charlie	697	-	81	63968752	53214
chr17	63915538	64115538	harbor2	chr17	63969143	63969231	DNA/hAT-Charlie	697	-	44	63969187	53649
chr17	49960885	50160885	harbor2	chr17	50022468	50022630	DNA/hAT-Charlie	647	-	81	50022549	61664
chr17	28620592	28820592	harbor2	chr17	28669002	28669189	DNA/hAT-Charlie	753	-	94	28669096	48504
chr17	28620592	28820592	harbor2	chr17	28669480	28669519	DNA/hAT-Charlie	753	-	20	28669500	48908
chr17	28620592	28820592	harbor2	chr17	28669954	28670112	DNA/hAT-Charlie	655	-	79	28670033	49441
chr17	79271255	79471255	harbor2	chr17	79339538	79339677	DNA/hAT-Charlie	658	-	70	79339608	68353
chr18	57174368	57374368	harbor2	chr18	57180229	57180320	DNA/hAT-Charlie	487	-	46	57180275	5907
chr18	57174368	57374368	harbor2	chr18	57193805	57193938	DNA/hAT-Charlie	460	-	66	57193871	19503
chr18	57174368	57374368	harbor2	chr18	57201824	57201944	DNA/hAT-Charlie	434	-	60	57201884	27516
chr18	57174368	57374368	harbor2	chr18	57202627	57202808	DNA/hAT-Charlie	756	-	90	57202717	28349
chr18	73657269	73857269	harbor2	chr18	73675686	73675877	DNA/hAT-Charlie	773	-	96	73675782	18513
chr18	73657269	73857269	harbor2	chr18	73726264	73726463	DNA/hAT-Charlie	679	-	100	73726364	69095
chr18	62249951	62449951	harbor2	chr18	62301332	62301538	DNA/hAT-Charlie	911	-	103	62301435	51484
chr18	62249951	62449951	harbor2	chr18	62301556	62301723	DNA/hAT-Charlie	898	-	84	62301640	51689
chr18	63193890	63393890	harbor2	chr18	63233419	63233741	DNA/hAT-Charlie	2016	-	161	63233580	39690
chr18	63193890	63393890	harbor2	chr18	63240966	63241179	DNA/hAT-Charlie	1188	-	106	63241072	47182
chr18	63193890	63393890	harbor2	chr18	63248913	63249205	DNA/hAT-Charlie	876	-	146	63249059	55169
chr18	63193890	63393890	harbor2	chr18	63284089	63284248	DNA/hAT-Charlie	569	-	80	63284169	90279
chr18	79818397	80018397	harbor2	chr18	79847249	79847452	DNA/hAT-Charlie	597	-	102	79847351	28954
chr18	79818397	80018397	harbor2	chr18	79855274	79855454	DNA/hAT-Charlie	558	-	90	79855364	36967
chr18	79818397	80018397	harbor2	chr18	79856393	79856542	DNA/hAT-Charlie	459	-	74	79856467	38070
chr18	79818397	80018397	harbor2	chr18	79856742	79856994	DNA/hAT-Charlie	615	-	126	79856868	38471
chr18	76133957	76333957	harbor2	chr18	76233787	76233908	DNA/hAT-Charlie	538	-	60	76233847	99890
chr18	38721815	38921815	harbor2	chr18	38778619	38778858	DNA/hAT-Charlie	1022	-	120	38778739	56924
chr18	61209030	61409030	harbor2	chr18	61262110	61262266	DNA/hAT-Charlie	558	-	78	61262188	53158
chr18	61209030	61409030	harbor2	chr18	61262346	61262462	DNA/hAT-Charlie	614	-	58	61262404	53374
chr18	44214395	44414395	harbor2	chr18	44240344	44240538	DNA/hAT-Charlie	1055	-	97	44240441	26046
chr18	44214395	44414395	harbor2	chr18	44312952	44313178	DNA/hAT-Charlie	677	-	113	44313065	98670
chr18	76819366	77019366	harbor2	chr18	76819978	76820158	DNA/hAT-Charlie	498	-	90	76820068	702
chr18	76819366	77019366	harbor2	chr18	76830547	76830748	DNA/hAT-Charlie	1261	-	100	76830647	11281
chr18	76819366	77019366	harbor2	chr18	76838505	76838603	DNA/hAT-Charlie	494	-	49	76838554	19188
chr18	76819366	77019366	harbor2	chr18	76859332	76859484	DNA/hAT-Charlie	433	-	76	76859408	40042
chr18	76819366	77019366	harbor2	chr18	76859567	76859798	DNA/hAT-Charlie	488	-	116	76859683	40317
chr18	76819366	77019366	harbor2	chr18	76867948	76868152	DNA/hAT-Charlie	489	-	102	76868050	48684
chr18	76819366	77019366	harbor2	chr18	76892870	76893067	DNA/hAT-Charlie	452	-	98	76892968	73602
chr18	76819366	77019366	harbor2	chr18	76900804	76901129	DNA/hAT-Charlie	1762	-	162	76900966	81600
chr18	78738687	78938687	harbor2	chr18	78780650	78781116	DNA/hAT-Charlie	870	-	233	78780883	42196
chr18	78738687	78938687	harbor2	chr18	78811144	78811670	DNA/hAT-Charlie	3611	-	263	78811407	72720
chr18	78738687	78938687	harbor2	chr18	78837872	78838146	DNA/hAT-Charlie	691	-	137	78838009	99322
chr18	62838927	63038927	harbor2	chr18	62861738	62862078	DNA/hAT-Charlie	3462	-	170	62861908	22981
chr18	62838927	63038927	harbor2	chr18	62862381	62862934	DNA/hAT-Charlie	3462	-	276	62862657	23730
chr18	62838927	63038927	harbor2	chr18	62889795	62890001	DNA/hAT-Charlie	636	-	103	62889898	50971
chr18	62838927	63038927	harbor2	chr18	62891199	62891305	DNA/hAT-Charlie	968	-	53	62891252	52325
chr18	62838927	63038927	harbor2	chr18	62891601	62891612	DNA/hAT-Charlie	968	-	6	62891607	52680
chr18	62838927	63038927	harbor2	chr18	62891918	62892078	DNA/hAT-Charlie	968	-	80	62891998	53071
chr18	62838927	63038927	harbor2	chr18	62892389	62892595	DNA/hAT-Charlie	968	-	103	62892492	53565
chr18	62838927	63038927	harbor2	chr18	62892894	62892970	DNA/hAT-Charlie	968	-	38	62892932	54005
chr18	62838927	63038927	harbor2	chr18	62929250	62929266	DNA/hAT-Charlie	462	-	8	62929258	90331
chr18	62838927	63038927	harbor2	chr18	62929338	62929491	DNA/hAT-Charlie	462	-	76	62929414	90487
chr18	61459745	61659745	harbor2	chr18	61503311	61503547	DNA/hAT-Charlie	592	-	118	61503429	43684
chr18	61459745	61659745	harbor2	chr18	61528490	61528703	DNA/hAT-Charlie	990	-	106	61528596	68851
chr18	61459745	61659745	harbor2	chr18	61532553	61532727	DNA/hAT-Charlie	626	-	87	61532640	72895
chr18	61459745	61659745	harbor2	chr18	61556353	61556517	DNA/hAT-Charlie	890	-	82	61556435	96690
chr18	35912189	36112189	harbor2	chr18	35987146	35987317	DNA/hAT-Charlie	786	-	86	35987232	75043
chr18	35912189	36112189	harbor2	chr18	35989454	35989642	DNA/hAT-Charlie	1179	-	94	35989548	77359
chr18	35912189	36112189	harbor2	chr18	35997878	35998076	DNA/hAT-Charlie	583	-	99	35997977	85788
chr18	35912189	36112189	harbor2	chr18	35998373	35998407	DNA/hAT-Charlie	583	-	17	35998390	86201
chr18	72462255	72662255	harbor2	chr18	72549313	72549379	DNA/hAT-Charlie	467	-	33	72549346	87091
chr18	68176797	68376797	harbor2	chr18	68199607	68199813	DNA/hAT-Charlie	572	-	103	68199710	22913
chr18	58692434	58892434	harbor2	chr18	58709042	58709203	DNA/hAT-Charlie	556	-	80	58709122	16688
chr18	58692434	58892434	harbor2	chr18	58771975	58772202	DNA/hAT-Charlie	983	-	114	58772089	79655
chr18	63952609	64152609	harbor2	chr18	63958688	63958826	DNA/hAT-Charlie	633	-	69	63958757	6148
chr18	63952609	64152609	harbor2	chr18	63968925	63969038	DNA/hAT-Charlie	467	-	56	63968981	16372
chr18	63952609	64152609	harbor2	chr18	63985580	63985728	DNA/hAT-Charlie	724	-	74	63985654	33045
chr18	63952609	64152609	harbor2	chr18	64021906	64022075	DNA/hAT-Charlie	572	-	84	64021990	69381
chr18	78570793	78770793	harbor2	chr18	78594562	78594920	DNA/hAT-Charlie	2210	-	179	78594741	23948
chr18	78570793	78770793	harbor2	chr18	78665013	78665186	DNA/hAT-Charlie	613	-	86	78665099	94306
chr18	80209221	80409221	harbor2	chr18	80239372	80239571	DNA/hAT-Charlie	1095	-	100	80239472	30251
chr18	78010560	78210560	harbor2	chr18	78023441	78023695	DNA/hAT-Charlie	1991	-	127	78023568	13008
chr18	23454328	23654328	harbor2	chr18	23456242	23456371	DNA/hAT-Charlie	863	-	64	23456306	1978
chr18	23454328	23654328	harbor2	chr18	23456465	23456575	DNA/hAT-Charlie	863	-	55	23456520	2192
chr18	23454328	23654328	harbor2	chr18	23456693	23456854	DNA/hAT-Charlie	863	-	80	23456773	2445
chr18	23454328	23654328	harbor2	chr18	23456862	23457163	DNA/hAT-Charlie	1699	-	150	23457012	2684
chr18	77221540	77421540	harbor2	chr18	77276457	77276610	DNA/hAT-Charlie	611	-	76	77276533	54993
chr18	77221540	77421540	harbor2	chr18	77296207	77296416	DNA/hAT-Charlie	475	-	104	77296311	74771
chr18	77221540	77421540	harbor2	chr18	77296438	77296561	DNA/hAT-Charlie	496	-	62	77296500	74960
chr18	43872668	44072668	harbor2	chr18	43887456	43887666	DNA/hAT-Charlie	938	-	105	43887561	14893
chr18	43872668	44072668	harbor2	chr18	43899428	43899566	DNA/hAT-Charlie	559	-	69	43899497	26829
chr18	43872668	44072668	harbor2	chr18	43947310	43947460	DNA/hAT-Charlie	519	-	75	43947385	74717
chr18	43872668	44072668	harbor2	chr18	43967408	43967638	DNA/hAT-Charlie	705	-	115	43967523	94855
chr18	43872668	44072668	harbor2	chr18	43968962	43969238	DNA/hAT-Charlie	648	-	138	43969100	96432
chr18	52636695	52836695	harbor2	chr18	52662081	52662268	DNA/hAT-Charlie	846	-	94	52662175	25480
chr18	71190502	71390502	harbor2	chr18	71219033	71219466	DNA/hAT-Charlie	2463	-	216	71219249	28747
chr18	50245482	50445482	harbor2	chr18	50250483	50250669	DNA/hAT-Charlie	641	-	93	50250576	5094
chr18	50245482	50445482	harbor2	chr18	50263993	50264147	DNA/hAT-Charlie	846	-	77	50264070	18588
chr18	50245482	50445482	harbor2	chr18	50327757	50328240	DNA/hAT-Charlie	3371	-	242	50327999	82517
chr18	80141935	80341935	harbor2	chr18	80151737	80151878	DNA/hAT-Charlie	951	-	70	80151807	9872
chr18	80141935	80341935	harbor2	chr18	80198225	80198561	DNA/hAT-Charlie	974	-	168	80198393	56458
chr18	80141935	80341935	harbor2	chr18	80204328	80204441	DNA/hAT-Charlie	480	-	56	80204384	62449
chr18	80141935	80341935	harbor2	chr18	80239372	80239571	DNA/hAT-Charlie	1095	-	100	80239472	97537
chr18	48857021	49057021	harbor2	chr18	48914366	48914593	DNA/hAT-Charlie	546	-	114	48914480	57459
chr18	66334253	66534253	harbor2	chr18	66342577	66342876	DNA/hAT-Charlie	1653	-	150	66342727	8474
chr18	69492678	69692678	harbor2	chr18	69525640	69525888	DNA/hAT-Charlie	956	-	124	69525764	33086
chr18	69492678	69692678	harbor2	chr18	69582070	69582273	DNA/hAT-Charlie	943	-	102	69582172	89494
chr18	58317494	58517494	harbor2	chr18	58393261	58393419	DNA/hAT-Charlie	757	-	79	58393340	75846
chr19	54933384	55133384	harbor2	chr19	55003838	55004050	DNA/hAT-Charlie	653	-	106	55003944	70560
chr19	34503634	34703634	harbor2	chr19	34547968	34548183	DNA/hAT-Charlie	1087	-	108	34548076	44442
chr19	34503634	34703634	harbor2	chr19	34582502	34582724	DNA/hAT-Charlie	1456	-	111	34582613	78979
chr19	46561870	46761870	harbor2	chr19	46588521	46588676	DNA/hAT-Charlie	812	-	78	46588599	26729
chr19	56771555	56971555	harbor2	chr19	56780141	56780233	DNA/hAT-Charlie	1317	-	46	56780187	8632
chr19	56771555	56971555	harbor2	chr19	56780544	56780927	DNA/hAT-Charlie	1317	-	192	56780736	9181
chr19	56771555	56971555	harbor2	chr19	56805073	56805288	DNA/hAT-Charlie	1032	-	108	56805181	33626
chr19	56771555	56971555	harbor2	chr19	56868511	56868797	DNA/hAT-Charlie	1334	-	143	56868654	97099
chr19	36843405	37043405	harbor2	chr19	36919376	36919724	DNA/hAT-Charlie	2140	-	174	36919550	76145
chr19	39881352	40081352	harbor2	chr19	39907259	39907468	DNA/hAT-Charlie	1013	-	104	39907363	26011
chr19	39881352	40081352	harbor2	chr19	39961936	39962289	DNA/hAT-Charlie	1709	-	176	39962112	80760
chr19	57475227	57675227	harbor2	chr19	57568633	57568979	DNA/hAT-Charlie	2081	-	173	57568806	93579
chr19	47578098	47778098	harbor2	chr19	47663730	47663987	DNA/hAT-Charlie	692	-	128	47663858	85760
chr19	13175300	13375300	harbor2	chr19	13250769	13250849	DNA/hAT-Charlie	649	-	40	13250809	75509
chr19	13175300	13375300	harbor2	chr19	13251147	13251201	DNA/hAT-Charlie	649	-	27	13251174	75874
chr19	13175300	13375300	harbor2	chr19	13251509	13251762	DNA/hAT-Charlie	649	-	126	13251635	76335
chr19	54095288	54295288	harbor2	chr19	54134847	54135021	DNA/hAT-Charlie	829	-	87	54134934	39646
chr19	49891845	50091845	harbor2	chr19	49927316	49927499	DNA/hAT-Charlie	915	-	92	49927408	35563
chr19	44267578	44467578	harbor2	chr19	44345865	44346036	DNA/hAT-Charlie	648	-	86	44345951	78373
chr19	56725937	56925937	harbor2	chr19	56727485	56727794	DNA/hAT-Charlie	1106	-	154	56727639	1702
chr19	56725937	56925937	harbor2	chr19	56735645	56735856	DNA/hAT-Charlie	647	-	106	56735751	9814
chr19	56725937	56925937	harbor2	chr19	56740348	56740678	DNA/hAT-Charlie	1340	-	165	56740513	14576
chr19	56725937	56925937	harbor2	chr19	56747005	56747223	DNA/hAT-Charlie	668	-	109	56747114	21177
chr19	56725937	56925937	harbor2	chr19	56750969	56751234	DNA/hAT-Charlie	920	-	132	56751101	25164
chr19	56725937	56925937	harbor2	chr19	56758229	56758433	DNA/hAT-Charlie	679	-	102	56758331	32394
chr19	56725937	56925937	harbor2	chr19	56780141	56780233	DNA/hAT-Charlie	1317	-	46	56780187	54250
chr19	56725937	56925937	harbor2	chr19	56780544	56780927	DNA/hAT-Charlie	1317	-	192	56780736	54799
chr19	56725937	56925937	harbor2	chr19	56805073	56805288	DNA/hAT-Charlie	1032	-	108	56805181	79244
chr19	55214824	55414824	harbor2	chr19	55256277	55256490	DNA/hAT-Charlie	871	-	106	55256383	41559
chr19	55214824	55414824	harbor2	chr19	55269113	55269330	DNA/hAT-Charlie	1278	-	108	55269221	54397
chr19	57383039	57583039	harbor2	chr19	57427087	57427276	DNA/hAT-Charlie	1118	-	94	57427181	44142
chr19	55398315	55598315	harbor2	chr19	55403001	55403204	DNA/hAT-Charlie	775	-	102	55403103	4788
chr19	55398315	55598315	harbor2	chr19	55443556	55443760	DNA/hAT-Charlie	791	-	102	55443658	45343
chr19	55398315	55598315	harbor2	chr19	55479559	55479778	DNA/hAT-Charlie	1062	-	110	55479669	81354
chr19	56918896	57118896	harbor2	chr19	56952059	56952580	DNA/hAT-Charlie	3222	-	260	56952319	33423
chr19	36180404	36380404	harbor2	chr19	36191021	36191209	DNA/hAT-Charlie	835	-	94	36191115	10711
chr19	36180404	36380404	harbor2	chr19	36199960	36200030	DNA/hAT-Charlie	792	-	35	36199995	19591
chr19	36180404	36380404	harbor2	chr19	36200326	36200492	DNA/hAT-Charlie	792	-	83	36200409	20005
chr19	58201656	58401656	harbor2	chr19	58273728	58273789	DNA/hAT-Charlie	1280	-	30	58273758	72102
chr19	58201656	58401656	harbor2	chr19	58274093	58274210	DNA/hAT-Charlie	1280	-	58	58274151	72495
chr19	58201656	58401656	harbor2	chr19	58274645	58274862	DNA/hAT-Charlie	1280	-	108	58274753	73097
chr19	58201656	58401656	harbor2	chr19	58295692	58296176	DNA/hAT-Charlie	725	-	242	58295934	94278
chr19	49840121	50040121	harbor2	chr19	49840631	49840763	DNA/hAT-Charlie	631	-	66	49840697	576
chr19	49840121	50040121	harbor2	chr19	49927316	49927499	DNA/hAT-Charlie	915	-	92	49927408	87287
chr19	44797164	44997164	harbor2	chr19	44831378	44831565	DNA/hAT-Charlie	807	-	94	44831472	34308
chr19	46685707	46885707	harbor2	chr19	46701727	46701935	DNA/hAT-Charlie	921	-	104	46701831	16124
chr19	42033357	42233357	harbor2	chr19	42043092	42043316	DNA/hAT-Charlie	680	-	112	42043204	9847
chr19	42033357	42233357	harbor2	chr19	42107384	42107730	DNA/hAT-Charlie	1434	-	173	42107557	74200
chr19	46322935	46522935	harbor2	chr19	46402642	46402837	DNA/hAT-Charlie	767	-	98	46402740	79805
chr19	16845689	17045689	harbor2	chr19	16849236	16849410	DNA/hAT-Charlie	772	-	87	16849323	3634
chr19	43375396	43575396	harbor2	chr19	43422729	43422968	DNA/hAT-Charlie	1058	-	120	43422849	47453
chr19	36688196	36888196	harbor2	chr19	36740548	36740765	DNA/hAT-Charlie	734	-	108	36740656	52460
chr19	36688196	36888196	harbor2	chr19	36781649	36781919	DNA/hAT-Charlie	1799	-	135	36781784	93588
chr19	36688196	36888196	harbor2	chr19	36782216	36782312	DNA/hAT-Charlie	1799	-	48	36782264	94068
chr19	36688196	36888196	harbor2	chr19	36782618	36782717	DNA/hAT-Charlie	1799	-	50	36782668	94472
chr19	56291581	56491581	harbor2	chr19	56294502	56294666	DNA/hAT-Charlie	922	-	82	56294584	3003
chr19	56291581	56491581	harbor2	chr19	56312024	56312331	DNA/hAT-Charlie	1339	-	154	56312178	20597
chr19	56291581	56491581	harbor2	chr19	56352918	56353114	DNA/hAT-Charlie	806	-	98	56353016	61435
chr19	56170944	56370944	harbor2	chr19	56267429	56267640	DNA/hAT-Charlie	929	-	106	56267535	96591
chr19	32203702	32403702	harbor2	chr19	32215646	32215941	DNA/hAT-Charlie	1093	-	148	32215794	12092
chr19	32203702	32403702	harbor2	chr19	32262568	32262974	DNA/hAT-Charlie	1479	-	203	32262771	59069
chr19	32203702	32403702	harbor2	chr19	32263915	32263997	DNA/hAT-Charlie	1479	-	41	32263956	60254
chr19	32203702	32403702	harbor2	chr19	32286670	32287012	DNA/hAT-Charlie	2296	-	171	32286841	83139
chr19	9984618	10184618	harbor2	chr19	10067479	10067647	DNA/hAT-Charlie	874	-	84	10067563	82945
chr19	51850070	52050070	harbor2	chr19	51917979	51918471	DNA/hAT-Charlie	3250	-	246	51918225	68155
chr19	51850070	52050070	harbor2	chr19	51920421	51920607	DNA/hAT-Charlie	976	-	93	51920514	70444
chr19	46508923	46708923	harbor2	chr19	46513402	46513579	DNA/hAT-Charlie	791	-	88	46513490	4567
chr19	46508923	46708923	harbor2	chr19	46588521	46588676	DNA/hAT-Charlie	812	-	78	46588599	79676
chr19	56699623	56899623	harbor2	chr19	56699331	56699653	DNA/hAT-Charlie	867	-	161	56699492	131
chr19	56699623	56899623	harbor2	chr19	56712358	56712679	DNA/hAT-Charlie	1286	-	160	56712518	12895
chr19	56699623	56899623	harbor2	chr19	56727485	56727794	DNA/hAT-Charlie	1106	-	154	56727639	28016
chr19	56699623	56899623	harbor2	chr19	56735645	56735856	DNA/hAT-Charlie	647	-	106	56735751	36128
chr19	56699623	56899623	harbor2	chr19	56740348	56740678	DNA/hAT-Charlie	1340	-	165	56740513	40890
chr19	56699623	56899623	harbor2	chr19	56747005	56747223	DNA/hAT-Charlie	668	-	109	56747114	47491
chr19	56699623	56899623	harbor2	chr19	56750969	56751234	DNA/hAT-Charlie	920	-	132	56751101	51478
chr19	56699623	56899623	harbor2	chr19	56758229	56758433	DNA/hAT-Charlie	679	-	102	56758331	58708
chr19	56699623	56899623	harbor2	chr19	56780141	56780233	DNA/hAT-Charlie	1317	-	46	56780187	80564
chr19	56699623	56899623	harbor2	chr19	56780544	56780927	DNA/hAT-Charlie	1317	-	192	56780736	81113
chr19	51886429	52086429	harbor2	chr19	51917979	51918471	DNA/hAT-Charlie	3250	-	246	51918225	31796
chr19	51886429	52086429	harbor2	chr19	51920421	51920607	DNA/hAT-Charlie	976	-	93	51920514	34085
chr19	51886429	52086429	harbor2	chr19	51974647	51974960	DNA/hAT-Charlie	687	-	156	51974803	88374
chr19	46135097	46335097	harbor2	chr19	46144067	46144340	DNA/hAT-Charlie	968	-	136	46144203	9106
chr19	51121141	51321141	harbor2	chr19	51128867	51129086	DNA/hAT-Charlie	864	-	110	51128977	7836
chr19	51121141	51321141	harbor2	chr19	51143039	51143234	DNA/hAT-Charlie	660	-	98	51143137	21996
chr19	51121141	51321141	harbor2	chr19	51147799	51148017	DNA/hAT-Charlie	942	-	109	51147908	26767
chr19	51121141	51321141	harbor2	chr19	51177198	51177400	DNA/hAT-Charlie	961	-	101	51177299	56158
chr19	51121141	51321141	harbor2	chr19	51188203	51188423	DNA/hAT-Charlie	1132	-	110	51188313	67172
chr19	56690921	56890921	harbor2	chr19	56692317	56692570	DNA/hAT-Charlie	922	-	126	56692443	1522
chr19	56690921	56890921	harbor2	chr19	56699331	56699653	DNA/hAT-Charlie	867	-	161	56699492	8571
chr19	56690921	56890921	harbor2	chr19	56712358	56712679	DNA/hAT-Charlie	1286	-	160	56712518	21597
chr19	56690921	56890921	harbor2	chr19	56727485	56727794	DNA/hAT-Charlie	1106	-	154	56727639	36718
chr19	56690921	56890921	harbor2	chr19	56735645	56735856	DNA/hAT-Charlie	647	-	106	56735751	44830
chr19	56690921	56890921	harbor2	chr19	56740348	56740678	DNA/hAT-Charlie	1340	-	165	56740513	49592
chr19	56690921	56890921	harbor2	chr19	56747005	56747223	DNA/hAT-Charlie	668	-	109	56747114	56193
chr19	56690921	56890921	harbor2	chr19	56750969	56751234	DNA/hAT-Charlie	920	-	132	56751101	60180
chr19	56690921	56890921	harbor2	chr19	56758229	56758433	DNA/hAT-Charlie	679	-	102	56758331	67410
chr19	56690921	56890921	harbor2	chr19	56780141	56780233	DNA/hAT-Charlie	1317	-	46	56780187	89266
chr19	56690921	56890921	harbor2	chr19	56780544	56780927	DNA/hAT-Charlie	1317	-	192	56780736	89815
chr19	32605362	32805362	harbor2	chr19	32664943	32665096	DNA/hAT-Charlie	720	-	76	32665019	59657
chr19	43675817	43875817	harbor2	chr19	43746247	43746449	DNA/hAT-Charlie	811	-	101	43746348	70531
chr19	43675817	43875817	harbor2	chr19	43773443	43773612	DNA/hAT-Charlie	815	-	84	43773527	97710
chr19	41692773	41892773	harbor2	chr19	41702079	41702266	DNA/hAT-Charlie	761	-	94	41702173	9400
chr19	41692773	41892773	harbor2	chr19	41728279	41728436	DNA/hAT-Charlie	618	-	78	41728357	35584
chr19	41692773	41892773	harbor2	chr19	41752842	41753054	DNA/hAT-Charlie	787	-	106	41752948	60175
chr19	51278932	51478932	harbor2	chr19	51350771	51350979	DNA/hAT-Charlie	988	-	104	51350875	71943
chr19	33187056	33387056	harbor2	chr19	33238009	33238156	DNA/hAT-Charlie	660	-	74	33238083	51027
chr19	33187056	33387056	harbor2	chr19	33238318	33238614	DNA/hAT-Charlie	660	-	148	33238466	51410
chr19	33187056	33387056	harbor2	chr19	33238698	33238881	DNA/hAT-Charlie	670	-	92	33238790	51734
chr19	33187056	33387056	harbor2	chr19	33271521	33271733	DNA/hAT-Charlie	1037	-	106	33271627	84571
chr19	57291441	57491441	harbor2	chr19	57379992	57380325	DNA/hAT-Charlie	1661	-	166	57380158	88717
chr19	38394651	38594651	harbor2	chr19	38475890	38476014	DNA/hAT-Charlie	845	-	62	38475952	81301
chr19	38394651	38594651	harbor2	chr19	38476632	38476679	DNA/hAT-Charlie	845	-	24	38476656	82005
chr19	13995614	14195614	harbor2	chr19	13999360	13999664	DNA/hAT-Charlie	1442	-	152	13999512	3898
chr19	58104899	58304899	harbor2	chr19	58153437	58153599	DNA/hAT-Charlie	711	-	81	58153518	48619
chr19	58104899	58304899	harbor2	chr19	58160848	58160993	DNA/hAT-Charlie	735	-	72	58160920	56021
chr19	58104899	58304899	harbor2	chr19	58195652	58195968	DNA/hAT-Charlie	2067	-	158	58195810	90911
chr19	57001592	57201592	harbor2	chr19	57053850	57054076	DNA/hAT-Charlie	1018	-	113	57053963	52371
chr19	57001592	57201592	harbor2	chr19	57062139	57062350	DNA/hAT-Charlie	1110	-	106	57062245	60653
chr19	57001592	57201592	harbor2	chr19	57069999	57070217	DNA/hAT-Charlie	1069	-	109	57070108	68516
chr19	42943932	43143932	harbor2	chr19	42963552	42963727	DNA/hAT-Charlie	762	-	88	42963640	19708
chr19	46984664	47184664	harbor2	chr19	47016526	47016671	DNA/hAT-Charlie	667	-	72	47016598	31934
chr19	46984664	47184664	harbor2	chr19	47044554	47044733	DNA/hAT-Charlie	740	-	90	47044644	59980
chr19	34206756	34406756	harbor2	chr19	34230655	34231125	DNA/hAT-Charlie	2759	-	235	34230890	24134
chr19	34206756	34406756	harbor2	chr19	34270822	34270994	DNA/hAT-Charlie	857	-	86	34270908	64152
chr19	53742947	53942947	harbor2	chr19	53781476	53781595	DNA/hAT-Charlie	621	-	60	53781536	38589
chr19	53742947	53942947	harbor2	chr19	53808785	53808967	DNA/hAT-Charlie	929	-	91	53808876	65929
chr19	56682102	56882102	harbor2	chr19	56692317	56692570	DNA/hAT-Charlie	922	-	126	56692443	10341
chr19	56682102	56882102	harbor2	chr19	56699331	56699653	DNA/hAT-Charlie	867	-	161	56699492	17390
chr19	56682102	56882102	harbor2	chr19	56712358	56712679	DNA/hAT-Charlie	1286	-	160	56712518	30416
chr19	56682102	56882102	harbor2	chr19	56727485	56727794	DNA/hAT-Charlie	1106	-	154	56727639	45537
chr19	56682102	56882102	harbor2	chr19	56735645	56735856	DNA/hAT-Charlie	647	-	106	56735751	53649
chr19	56682102	56882102	harbor2	chr19	56740348	56740678	DNA/hAT-Charlie	1340	-	165	56740513	58411
chr19	56682102	56882102	harbor2	chr19	56747005	56747223	DNA/hAT-Charlie	668	-	109	56747114	65012
chr19	56682102	56882102	harbor2	chr19	56750969	56751234	DNA/hAT-Charlie	920	-	132	56751101	68999
chr19	56682102	56882102	harbor2	chr19	56758229	56758433	DNA/hAT-Charlie	679	-	102	56758331	76229
chr19	56682102	56882102	harbor2	chr19	56780141	56780233	DNA/hAT-Charlie	1317	-	46	56780187	98085
chr19	56682102	56882102	harbor2	chr19	56780544	56780927	DNA/hAT-Charlie	1317	-	192	56780736	98634
chr19	9747502	9947502	harbor2	chr19	9762672	9762844	DNA/hAT-Charlie	1044	-	86	9762758	15256
chr19	9747502	9947502	harbor2	chr19	9796600	9796793	DNA/hAT-Charlie	1397	-	96	9796696	49194
chr19	9747502	9947502	harbor2	chr19	9832797	9832839	DNA/hAT-Charlie	811	-	21	9832818	85316
chr19	9747502	9947502	harbor2	chr19	9833423	9833615	DNA/hAT-Charlie	806	-	96	9833519	86017
chr19	9747502	9947502	harbor2	chr19	9839534	9839731	DNA/hAT-Charlie	783	-	98	9839632	92130
chr19	39466462	39666462	harbor2	chr19	39484461	39484663	DNA/hAT-Charlie	830	-	101	39484562	18100
chr19	53773422	53973422	harbor2	chr19	53781476	53781595	DNA/hAT-Charlie	621	-	60	53781536	8114
chr19	53773422	53973422	harbor2	chr19	53808785	53808967	DNA/hAT-Charlie	929	-	91	53808876	35454
chr19	40973208	41173208	harbor2	chr19	41003640	41003829	DNA/hAT-Charlie	1553	-	94	41003734	30526
chr19	50240946	50440946	harbor2	chr19	50251203	50251332	DNA/hAT-Charlie	739	-	64	50251267	10321
chr19	50240946	50440946	harbor2	chr19	50268908	50269076	DNA/hAT-Charlie	959	-	84	50268992	28046
chr19	48339065	48539065	harbor2	chr19	48366724	48366871	DNA/hAT-Charlie	939	-	74	48366798	27733
chr19	48339065	48539065	harbor2	chr19	48367447	48367502	DNA/hAT-Charlie	939	-	28	48367475	28410
chr19	48339065	48539065	harbor2	chr19	48377737	48377822	DNA/hAT-Charlie	1423	-	42	48377779	38714
chr19	48339065	48539065	harbor2	chr19	48378112	48378334	DNA/hAT-Charlie	1423	-	111	48378223	39158
chr19	48339065	48539065	harbor2	chr19	48420098	48420146	DNA/hAT-Charlie	660	-	24	48420122	81057
chr19	48339065	48539065	harbor2	chr19	48420442	48420543	DNA/hAT-Charlie	660	-	50	48420492	81427
chr19	48339065	48539065	harbor2	chr19	48420842	48420990	DNA/hAT-Charlie	660	-	74	48420916	81851
chr19	48339065	48539065	harbor2	chr19	48424255	48424265	DNA/hAT-Charlie	762	-	5	48424260	85195
chr19	48339065	48539065	harbor2	chr19	48424569	48424794	DNA/hAT-Charlie	762	-	112	48424681	85616
chr19	29358554	29558554	harbor2	chr19	29377287	29377495	DNA/hAT-Charlie	1077	-	104	29377391	18837
chr19	37318424	37518424	harbor2	chr19	37325366	37325545	DNA/hAT-Charlie	1501	-	90	37325456	7032
chr19	37318424	37518424	harbor2	chr19	37326136	37326279	DNA/hAT-Charlie	1501	-	72	37326208	7784
chr19	37318424	37518424	harbor2	chr19	37344254	37344427	DNA/hAT-Charlie	1035	-	86	37344340	25916
chr19	37287172	37487172	harbor2	chr19	37309912	37310114	DNA/hAT-Charlie	884	-	101	37310013	22841
chr19	37287172	37487172	harbor2	chr19	37325366	37325545	DNA/hAT-Charlie	1501	-	90	37325456	38284
chr19	37287172	37487172	harbor2	chr19	37326136	37326279	DNA/hAT-Charlie	1501	-	72	37326208	39036
chr19	37287172	37487172	harbor2	chr19	37344254	37344427	DNA/hAT-Charlie	1035	-	86	37344340	57168
chr19	56040636	56240636	harbor2	chr19	56094687	56094828	DNA/hAT-Charlie	1959	-	70	56094757	54121
chr19	56040636	56240636	harbor2	chr19	56095125	56095318	DNA/hAT-Charlie	1959	-	96	56095221	54585
chr19	56040636	56240636	harbor2	chr19	56136682	56136780	DNA/hAT-Charlie	678	-	49	56136731	96095
chr19	56040636	56240636	harbor2	chr19	56137083	56137157	DNA/hAT-Charlie	678	-	37	56137120	96484
chr19	40124877	40324877	harbor2	chr19	40154130	40154470	DNA/hAT-Charlie	1743	-	170	40154300	29423
chr19	40124877	40324877	harbor2	chr19	40193090	40193308	DNA/hAT-Charlie	1256	-	109	40193199	68322
chr19	40124877	40324877	harbor2	chr19	40207339	40207453	DNA/hAT-Charlie	908	-	57	40207396	82519
chr19	40124877	40324877	harbor2	chr19	40207742	40207903	DNA/hAT-Charlie	908	-	80	40207822	82945
chr19	40124877	40324877	harbor2	chr19	40208028	40208145	DNA/hAT-Charlie	663	-	58	40208086	83209
chr19	40124877	40324877	harbor2	chr19	40208843	40208978	DNA/hAT-Charlie	669	-	68	40208911	84034
chr19	56323840	56523840	harbor2	chr19	56352918	56353114	DNA/hAT-Charlie	806	-	98	56353016	29176
chr19	41556522	41756522	harbor2	chr19	41570996	41571188	DNA/hAT-Charlie	729	-	96	41571092	14570
chr19	41825589	42025589	harbor2	chr19	41852396	41852714	DNA/hAT-Charlie	1196	-	159	41852555	26966
chr19	47100237	47300237	harbor2	chr19	47105231	47105318	DNA/hAT-Charlie	731	-	44	47105275	5038
chr19	47100237	47300237	harbor2	chr19	47105624	47105690	DNA/hAT-Charlie	731	-	33	47105657	5420
chr19	47100237	47300237	harbor2	chr19	47161943	47162141	DNA/hAT-Charlie	967	-	99	47162042	61805
chr19	47100237	47300237	harbor2	chr19	47173536	47173736	DNA/hAT-Charlie	909	-	100	47173636	73399
chr19	32102054	32302054	harbor2	chr19	32112080	32112269	DNA/hAT-Charlie	775	-	94	32112174	10120
chr19	32102054	32302054	harbor2	chr19	32135050	32135387	DNA/hAT-Charlie	2014	-	168	32135218	33164
chr19	32102054	32302054	harbor2	chr19	32160209	32160410	DNA/hAT-Charlie	764	-	100	32160309	58255
chr19	48067153	48267153	harbor2	chr19	48126268	48126323	DNA/hAT-Charlie	999	-	28	48126296	59143
chr19	48067153	48267153	harbor2	chr19	48126624	48126746	DNA/hAT-Charlie	999	-	61	48126685	59532
chr19	48067153	48267153	harbor2	chr19	48126877	48127150	DNA/hAT-Charlie	999	-	136	48127013	59860
chr19	48067153	48267153	harbor2	chr19	48155562	48155850	DNA/hAT-Charlie	904	-	144	48155706	88553
chr19	48067153	48267153	harbor2	chr19	48164806	48164978	DNA/hAT-Charlie	1263	-	86	48164892	97739
chr19	48067153	48267153	harbor2	chr19	48165271	48165330	DNA/hAT-Charlie	1263	-	30	48165301	98148
chr19	51596495	51796495	harbor2	chr19	51664826	51665049	DNA/hAT-Charlie	1209	-	112	51664938	68443
chr19	51596495	51796495	harbor2	chr19	51670471	51670773	DNA/hAT-Charlie	1342	-	151	51670622	74127
chr19	51596495	51796495	harbor2	chr19	51684613	51684835	DNA/hAT-Charlie	1495	-	111	51684724	88229
chr19	43052484	43252484	harbor2	chr19	43118808	43118983	DNA/hAT-Charlie	720	-	88	43118896	66412
chr19	53737426	53937426	harbor2	chr19	53781476	53781595	DNA/hAT-Charlie	621	-	60	53781536	44110
chr19	53737426	53937426	harbor2	chr19	53808785	53808967	DNA/hAT-Charlie	929	-	91	53808876	71450
chr19	50822301	51022301	harbor2	chr19	50897656	50897839	DNA/hAT-Charlie	810	-	92	50897748	75447
chr19	50822301	51022301	harbor2	chr19	50899063	50899274	DNA/hAT-Charlie	864	-	106	50899169	76868
chr19	42040507	42240507	harbor2	chr19	42043092	42043316	DNA/hAT-Charlie	680	-	112	42043204	2697
chr19	42040507	42240507	harbor2	chr19	42107384	42107730	DNA/hAT-Charlie	1434	-	173	42107557	67050
chr19	48173744	48373744	harbor2	chr19	48194146	48194320	DNA/hAT-Charlie	850	-	87	48194233	20489
chr19	48173744	48373744	harbor2	chr19	48199024	48199178	DNA/hAT-Charlie	684	-	77	48199101	25357
chr19	48173744	48373744	harbor2	chr19	48216744	48217273	DNA/hAT-Charlie	3879	-	264	48217008	43264
chr19	48173744	48373744	harbor2	chr19	48232583	48232775	DNA/hAT-Charlie	822	-	96	48232679	58935
chr19	46450622	46650622	harbor2	chr19	46452611	46452718	DNA/hAT-Charlie	623	-	54	46452665	2043
chr19	46450622	46650622	harbor2	chr19	46453353	46453451	DNA/hAT-Charlie	623	-	49	46453402	2780
chr19	46450622	46650622	harbor2	chr19	46453761	46454121	DNA/hAT-Charlie	623	-	180	46453941	3319
chr19	46450622	46650622	harbor2	chr19	46466436	46466986	DNA/hAT-Charlie	1064	-	275	46466711	16089
chr19	46450622	46650622	harbor2	chr19	46487733	46487903	DNA/hAT-Charlie	679	-	85	46487818	37196
chr19	46450622	46650622	harbor2	chr19	46513402	46513579	DNA/hAT-Charlie	791	-	88	46513490	62868
chr19	55358494	55558494	harbor2	chr19	55381007	55381137	DNA/hAT-Charlie	654	-	65	55381072	22578
chr19	55358494	55558494	harbor2	chr19	55381444	55381517	DNA/hAT-Charlie	654	-	36	55381480	22986
chr19	55358494	55558494	harbor2	chr19	55403001	55403204	DNA/hAT-Charlie	775	-	102	55403103	44609
chr19	55358494	55558494	harbor2	chr19	55443556	55443760	DNA/hAT-Charlie	791	-	102	55443658	85164
chr19	43895827	44095827	harbor2	chr19	43920366	43920531	DNA/hAT-Charlie	630	-	82	43920448	24621
chr19	43895827	44095827	harbor2	chr19	43930723	43931045	DNA/hAT-Charlie	1565	-	161	43930884	35057
chr19	41603206	41803206	harbor2	chr19	41702079	41702266	DNA/hAT-Charlie	761	-	94	41702173	98967
chr19	56076726	56276726	harbor2	chr19	56094687	56094828	DNA/hAT-Charlie	1959	-	70	56094757	18031
chr19	56076726	56276726	harbor2	chr19	56095125	56095318	DNA/hAT-Charlie	1959	-	96	56095221	18495
chr19	56076726	56276726	harbor2	chr19	56136682	56136780	DNA/hAT-Charlie	678	-	49	56136731	60005
chr19	56076726	56276726	harbor2	chr19	56137083	56137157	DNA/hAT-Charlie	678	-	37	56137120	60394
chr19	31758897	31958897	harbor2	chr19	31805557	31805764	DNA/hAT-Charlie	796	-	104	31805661	46764
chr19	29315906	29515906	harbor2	chr19	29377287	29377495	DNA/hAT-Charlie	1077	-	104	29377391	61485
chr19	47946232	48146232	harbor2	chr19	47994899	47995201	DNA/hAT-Charlie	1211	-	151	47995050	48818
chr19	47946232	48146232	harbor2	chr19	48012723	48013187	DNA/hAT-Charlie	1369	-	232	48012955	66723
chr19	39447518	39647518	harbor2	chr19	39453858	39454271	DNA/hAT-Charlie	1305	-	206	39454064	6546
chr19	39447518	39647518	harbor2	chr19	39484461	39484663	DNA/hAT-Charlie	830	-	101	39484562	37044
chr19	41349234	41549234	harbor2	chr19	41441267	41441613	DNA/hAT-Charlie	2439	-	173	41441440	92206
chr19	56512581	56712581	harbor2	chr19	56527952	56528141	DNA/hAT-Charlie	1313	-	94	56528046	15465
chr19	56512581	56712581	harbor2	chr19	56540622	56540794	DNA/hAT-Charlie	740	-	86	56540708	28127
chr19	56512581	56712581	harbor2	chr19	56598565	56598772	DNA/hAT-Charlie	993	-	104	56598669	86088
chr19	42019338	42219338	harbor2	chr19	42043092	42043316	DNA/hAT-Charlie	680	-	112	42043204	23866
chr19	42019338	42219338	harbor2	chr19	42107384	42107730	DNA/hAT-Charlie	1434	-	173	42107557	88219
chr19	53171747	53371747	harbor2	chr19	53247284	53247508	DNA/hAT-Charlie	1546	-	112	53247396	75649
chr19	58503856	58703856	harbor2	chr19	58587891	58588110	DNA/hAT-Charlie	826	-	110	58588001	84145
chr19	34168847	34368847	harbor2	chr19	34230655	34231125	DNA/hAT-Charlie	2759	-	235	34230890	62043
chr19	58120451	58320451	harbor2	chr19	58153437	58153599	DNA/hAT-Charlie	711	-	81	58153518	33067
chr19	58120451	58320451	harbor2	chr19	58160848	58160993	DNA/hAT-Charlie	735	-	72	58160920	40469
chr19	58120451	58320451	harbor2	chr19	58195652	58195968	DNA/hAT-Charlie	2067	-	158	58195810	75359
chr19	47391365	47591365	harbor2	chr19	47448628	47448770	DNA/hAT-Charlie	640	-	71	47448699	57334
chr19	56753361	56953361	harbor2	chr19	56758229	56758433	DNA/hAT-Charlie	679	-	102	56758331	4970
chr19	56753361	56953361	harbor2	chr19	56780141	56780233	DNA/hAT-Charlie	1317	-	46	56780187	26826
chr19	56753361	56953361	harbor2	chr19	56780544	56780927	DNA/hAT-Charlie	1317	-	192	56780736	27375
chr19	56753361	56953361	harbor2	chr19	56805073	56805288	DNA/hAT-Charlie	1032	-	108	56805181	51820
chr19	28452276	28652276	harbor2	chr19	28456845	28457073	DNA/hAT-Charlie	721	-	114	28456959	4683
chr19	55157585	55357585	harbor2	chr19	55256277	55256490	DNA/hAT-Charlie	871	-	106	55256383	98798
chr19	53741217	53941217	harbor2	chr19	53781476	53781595	DNA/hAT-Charlie	621	-	60	53781536	40319
chr19	53741217	53941217	harbor2	chr19	53808785	53808967	DNA/hAT-Charlie	929	-	91	53808876	67659
chr19	45434881	45634881	harbor2	chr19	45520208	45520364	DNA/hAT-Charlie	688	-	78	45520286	85405
chr19	44347879	44547879	harbor2	chr19	44375894	44376691	DNA/hAT-Charlie	3483	-	398	44376292	28413
chr19	44347879	44547879	harbor2	chr19	44376982	44377067	DNA/hAT-Charlie	3483	-	42	44377024	29145
chr19	44347879	44547879	harbor2	chr19	44398868	44399143	DNA/hAT-Charlie	751	-	138	44399006	51127
chr19	44347879	44547879	harbor2	chr19	44443451	44443904	DNA/hAT-Charlie	1223	-	226	44443677	95798
chr19	28563907	28763907	harbor2	chr19	28564777	28564965	DNA/hAT-Charlie	867	-	94	28564871	964
chr19	28563907	28763907	harbor2	chr19	28590559	28590767	DNA/hAT-Charlie	1017	-	104	28590663	26756
chr19	44029636	44229636	harbor2	chr19	44051093	44051414	DNA/hAT-Charlie	2064	-	160	44051253	21617
chr19	34080621	34280621	harbor2	chr19	34148521	34148713	DNA/hAT-Charlie	1078	-	96	34148617	67996
chr19	50254588	50454588	harbor2	chr19	50268908	50269076	DNA/hAT-Charlie	959	-	84	50268992	14404
chr19	53163353	53363353	harbor2	chr19	53247284	53247508	DNA/hAT-Charlie	1546	-	112	53247396	84043
chr19	33507401	33707401	harbor2	chr19	33575327	33575376	DNA/hAT-Charlie	1947	-	24	33575351	67950
chr19	33507401	33707401	harbor2	chr19	33575643	33576028	DNA/hAT-Charlie	1947	-	192	33575835	68434
chr19	33507401	33707401	harbor2	chr19	33576354	33576460	DNA/hAT-Charlie	1947	-	53	33576407	69006
chr19	33507401	33707401	harbor2	chr19	33584082	33584407	DNA/hAT-Charlie	1916	-	162	33584244	76843
chr19	56752259	56952259	harbor2	chr19	56758229	56758433	DNA/hAT-Charlie	679	-	102	56758331	6072
chr19	56752259	56952259	harbor2	chr19	56780141	56780233	DNA/hAT-Charlie	1317	-	46	56780187	27928
chr19	56752259	56952259	harbor2	chr19	56780544	56780927	DNA/hAT-Charlie	1317	-	192	56780736	28477
chr19	56752259	56952259	harbor2	chr19	56805073	56805288	DNA/hAT-Charlie	1032	-	108	56805181	52922
chr19	33310342	33510342	harbor2	chr19	33376442	33376621	DNA/hAT-Charlie	762	-	90	33376532	66190
chr19	33310342	33510342	harbor2	chr19	33378013	33378537	DNA/hAT-Charlie	653	-	262	33378275	67933
chr19	49066805	49266805	harbor2	chr19	49147744	49147894	DNA/hAT-Charlie	655	-	75	49147819	81014
chr19	49066805	49266805	harbor2	chr19	49165173	49165519	DNA/hAT-Charlie	755	-	173	49165346	98541
chr19	55659254	55859254	harbor2	chr19	55672422	55672611	DNA/hAT-Charlie	659	-	94	55672516	13262
chr19	55659254	55859254	harbor2	chr19	55721583	55721647	DNA/hAT-Charlie	787	-	32	55721615	62361
chr19	55659254	55859254	harbor2	chr19	55722002	55722118	DNA/hAT-Charlie	787	-	58	55722060	62806
chr19	55659254	55859254	harbor2	chr19	55753869	55754153	DNA/hAT-Charlie	846	-	142	55754011	94757
chr19	48311499	48511499	harbor2	chr19	48366724	48366871	DNA/hAT-Charlie	939	-	74	48366798	55299
chr19	48311499	48511499	harbor2	chr19	48367447	48367502	DNA/hAT-Charlie	939	-	28	48367475	55976
chr19	48311499	48511499	harbor2	chr19	48377737	48377822	DNA/hAT-Charlie	1423	-	42	48377779	66280
chr19	48311499	48511499	harbor2	chr19	48378112	48378334	DNA/hAT-Charlie	1423	-	111	48378223	66724
chr19	41953954	42153954	harbor2	chr19	41954192	41954332	DNA/hAT-Charlie	748	-	70	41954262	308
chr19	41953954	42153954	harbor2	chr19	41959692	41959853	DNA/hAT-Charlie	737	-	80	41959772	5818
chr19	41953954	42153954	harbor2	chr19	42043092	42043316	DNA/hAT-Charlie	680	-	112	42043204	89250
chr19	46042636	46242636	harbor2	chr19	46056205	46056374	DNA/hAT-Charlie	928	-	84	46056289	13653
chr19	46042636	46242636	harbor2	chr19	46134288	46134861	DNA/hAT-Charlie	3232	-	286	46134574	91938
chr19	49549947	49749947	harbor2	chr19	49562910	49563169	DNA/hAT-Charlie	687	-	130	49563040	13093
chr19	49549947	49749947	harbor2	chr19	49563469	49563493	DNA/hAT-Charlie	687	-	12	49563481	13534
chr19	49549947	49749947	harbor2	chr19	49563795	49563920	DNA/hAT-Charlie	687	-	62	49563857	13910
chr19	49549947	49749947	harbor2	chr19	49575624	49575849	DNA/hAT-Charlie	983	-	112	49575736	25789
chr19	49549947	49749947	harbor2	chr19	49576147	49576194	DNA/hAT-Charlie	983	-	24	49576171	26224
chr19	55929080	56129080	harbor2	chr19	55967906	55968156	DNA/hAT-Charlie	971	-	125	55968031	38951
chr19	55929080	56129080	harbor2	chr19	55968765	55968859	DNA/hAT-Charlie	971	-	47	55968812	39732
chr19	57134153	57334153	harbor2	chr19	57164049	57164239	DNA/hAT-Charlie	1301	-	95	57164144	29991
chr19	57134153	57334153	harbor2	chr19	57164595	57165110	DNA/hAT-Charlie	1521	-	258	57164853	30700
chr19	57134153	57334153	harbor2	chr19	57163745	57163932	DNA/hAT-Charlie	1301	-	94	57163839	29686
chr19	5280731	5480731	harbor2	chr19	5307630	5307814	DNA/hAT-Charlie	876	-	92	5307722	26991
chr19	5280731	5480731	harbor2	chr19	5331437	5331645	DNA/hAT-Charlie	862	-	104	5331541	50810
chr19	56750148	56950148	harbor2	chr19	56750969	56751234	DNA/hAT-Charlie	920	-	132	56751101	953
chr19	56750148	56950148	harbor2	chr19	56758229	56758433	DNA/hAT-Charlie	679	-	102	56758331	8183
chr19	56750148	56950148	harbor2	chr19	56780141	56780233	DNA/hAT-Charlie	1317	-	46	56780187	30039
chr19	56750148	56950148	harbor2	chr19	56780544	56780927	DNA/hAT-Charlie	1317	-	192	56780736	30588
chr19	56750148	56950148	harbor2	chr19	56805073	56805288	DNA/hAT-Charlie	1032	-	108	56805181	55033
chr19	28490522	28690522	harbor2	chr19	28564777	28564965	DNA/hAT-Charlie	867	-	94	28564871	74349
chr19	45300476	45500476	harbor2	chr19	45300480	45300675	DNA/hAT-Charlie	817	-	98	45300578	102
chr19	58232447	58432447	harbor2	chr19	58273728	58273789	DNA/hAT-Charlie	1280	-	30	58273758	41311
chr19	58232447	58432447	harbor2	chr19	58274093	58274210	DNA/hAT-Charlie	1280	-	58	58274151	41704
chr19	58232447	58432447	harbor2	chr19	58274645	58274862	DNA/hAT-Charlie	1280	-	108	58274753	42306
chr19	58232447	58432447	harbor2	chr19	58295692	58296176	DNA/hAT-Charlie	725	-	242	58295934	63487
chr19	56463868	56663868	harbor2	chr19	56527952	56528141	DNA/hAT-Charlie	1313	-	94	56528046	64178
chr19	56463868	56663868	harbor2	chr19	56540622	56540794	DNA/hAT-Charlie	740	-	86	56540708	76840
chr19	34019104	34219104	harbor2	chr19	34046004	34046222	DNA/hAT-Charlie	1417	-	109	34046113	27009
chr19	39770825	39970825	harbor2	chr19	39792038	39792596	DNA/hAT-Charlie	3582	-	279	39792317	21492
chr19	39770825	39970825	harbor2	chr19	39812873	39813181	DNA/hAT-Charlie	1113	-	154	39813027	42202
chr19	37962723	38162723	harbor2	chr19	37972231	37972420	DNA/hAT-Charlie	1192	-	94	37972325	9602
chr19	37962723	38162723	harbor2	chr19	37972724	37972901	DNA/hAT-Charlie	1192	-	88	37972812	10089
chr19	37962723	38162723	harbor2	chr19	37987420	37987625	DNA/hAT-Charlie	776	-	102	37987522	24799
chr19	19996623	20196623	harbor2	chr19	20021023	20021226	DNA/hAT-Charlie	1351	-	102	20021125	24502
chr19	44367548	44567548	harbor2	chr19	44375894	44376691	DNA/hAT-Charlie	3483	-	398	44376292	8744
chr19	44367548	44567548	harbor2	chr19	44376982	44377067	DNA/hAT-Charlie	3483	-	42	44377024	9476
chr19	44367548	44567548	harbor2	chr19	44398868	44399143	DNA/hAT-Charlie	751	-	138	44399006	31458
chr19	44367548	44567548	harbor2	chr19	44443451	44443904	DNA/hAT-Charlie	1223	-	226	44443677	76129
chr19	37913892	38113892	harbor2	chr19	37916649	37916677	DNA/hAT-Charlie	1461	-	14	37916663	2771
chr19	37913892	38113892	harbor2	chr19	37916972	37917268	DNA/hAT-Charlie	1461	-	148	37917120	3228
chr19	37913892	38113892	harbor2	chr19	37928266	37928288	DNA/hAT-Charlie	676	-	11	37928277	14385
chr19	37913892	38113892	harbor2	chr19	37928594	37928751	DNA/hAT-Charlie	676	-	78	37928672	14780
chr19	37913892	38113892	harbor2	chr19	37953993	37954248	DNA/hAT-Charlie	767	-	128	37954121	40229
chr19	37913892	38113892	harbor2	chr19	37972231	37972420	DNA/hAT-Charlie	1192	-	94	37972325	58433
chr19	37913892	38113892	harbor2	chr19	37972724	37972901	DNA/hAT-Charlie	1192	-	88	37972812	58920
chr19	37913892	38113892	harbor2	chr19	37987420	37987625	DNA/hAT-Charlie	776	-	102	37987522	73630
chr19	40813464	41013464	harbor2	chr19	40898806	40899100	DNA/hAT-Charlie	921	-	147	40898953	85489
chr19	50487141	50687141	harbor2	chr19	50524200	50524242	DNA/hAT-Charlie	744	-	21	50524221	37080
chr19	50487141	50687141	harbor2	chr19	50524554	50524746	DNA/hAT-Charlie	744	-	96	50524650	37509
chr19	21692080	21892080	harbor2	chr19	21767988	21768268	DNA/hAT-Charlie	712	-	140	21768128	76048
chr19	47423968	47623968	harbor2	chr19	47448628	47448770	DNA/hAT-Charlie	640	-	71	47448699	24731
chr19	51190757	51390757	harbor2	chr19	51240404	51240563	DNA/hAT-Charlie	762	-	80	51240484	49727
chr19	51190757	51390757	harbor2	chr19	51246431	51246504	DNA/hAT-Charlie	663	-	36	51246467	55710
chr19	51190757	51390757	harbor2	chr19	51247172	51247323	DNA/hAT-Charlie	663	-	76	51247248	56491
chr19	44396233	44596233	harbor2	chr19	44398868	44399143	DNA/hAT-Charlie	751	-	138	44399006	2773
chr19	44396233	44596233	harbor2	chr19	44443451	44443904	DNA/hAT-Charlie	1223	-	226	44443677	47444
chr19	44396233	44596233	harbor2	chr19	44479762	44479956	DNA/hAT-Charlie	1012	-	97	44479859	83626
chr19	51903102	52103102	harbor2	chr19	51917979	51918471	DNA/hAT-Charlie	3250	-	246	51918225	15123
chr19	51903102	52103102	harbor2	chr19	51920421	51920607	DNA/hAT-Charlie	976	-	93	51920514	17412
chr19	51903102	52103102	harbor2	chr19	51974647	51974960	DNA/hAT-Charlie	687	-	156	51974803	71701
chr19	46532058	46732058	harbor2	chr19	46588521	46588676	DNA/hAT-Charlie	812	-	78	46588599	56541
chr19	47282246	47482246	harbor2	chr19	47325527	47325783	DNA/hAT-Charlie	1039	-	128	47325655	43409
chr19	47282246	47482246	harbor2	chr19	47343465	47343523	DNA/hAT-Charlie	871	-	29	47343494	61248
chr19	47282246	47482246	harbor2	chr19	47343864	47344005	DNA/hAT-Charlie	871	-	70	47343934	61688
chr19	47282246	47482246	harbor2	chr19	47356011	47356224	DNA/hAT-Charlie	1311	-	106	47356117	73871
chr19	37746256	37946256	harbor2	chr19	37801847	37802362	DNA/hAT-Charlie	3618	-	258	37802105	55849
chr19	55663040	55863040	harbor2	chr19	55672422	55672611	DNA/hAT-Charlie	659	-	94	55672516	9476
chr19	55663040	55863040	harbor2	chr19	55721583	55721647	DNA/hAT-Charlie	787	-	32	55721615	58575
chr19	55663040	55863040	harbor2	chr19	55722002	55722118	DNA/hAT-Charlie	787	-	58	55722060	59020
chr19	55663040	55863040	harbor2	chr19	55753869	55754153	DNA/hAT-Charlie	846	-	142	55754011	90971
chr19	55663040	55863040	harbor2	chr19	55761236	55761531	DNA/hAT-Charlie	863	-	148	55761384	98344
chr19	32111992	32311992	harbor2	chr19	32112080	32112269	DNA/hAT-Charlie	775	-	94	32112174	182
chr19	32111992	32311992	harbor2	chr19	32135050	32135387	DNA/hAT-Charlie	2014	-	168	32135218	23226
chr19	32111992	32311992	harbor2	chr19	32160209	32160410	DNA/hAT-Charlie	764	-	100	32160309	48317
chr19	35909791	36109791	harbor2	chr19	35928598	35928735	DNA/hAT-Charlie	703	-	68	35928666	18875
chr19	35909791	36109791	harbor2	chr19	35929430	35929501	DNA/hAT-Charlie	747	-	36	35929466	19675
chr19	35909791	36109791	harbor2	chr19	35929803	35929930	DNA/hAT-Charlie	747	-	64	35929867	20076
chr19	57344739	57544739	harbor2	chr19	57379992	57380325	DNA/hAT-Charlie	1661	-	166	57380158	35419
chr19	57344739	57544739	harbor2	chr19	57427087	57427276	DNA/hAT-Charlie	1118	-	94	57427181	82442
chr19	4129264	4329264	harbor2	chr19	4221789	4221991	DNA/hAT-Charlie	715	-	101	4221890	92626
chr19	8553202	8753202	harbor2	chr19	8574410	8574492	DNA/hAT-Charlie	1454	-	41	8574451	21249
chr19	8553202	8753202	harbor2	chr19	8575056	8575067	DNA/hAT-Charlie	1454	-	6	8575062	21860
chr19	8553202	8753202	harbor2	chr19	8575375	8575608	DNA/hAT-Charlie	1454	-	116	8575491	22289
chr19	35306692	35506692	harbor2	chr19	35364095	35364437	DNA/hAT-Charlie	2140	-	171	35364266	57574
chr19	55204935	55404935	harbor2	chr19	55256277	55256490	DNA/hAT-Charlie	871	-	106	55256383	51448
chr19	55204935	55404935	harbor2	chr19	55269113	55269330	DNA/hAT-Charlie	1278	-	108	55269221	64286
chr19	50913534	51113534	harbor2	chr19	50944617	50944830	DNA/hAT-Charlie	978	-	106	50944723	31189
chr19	50913534	51113534	harbor2	chr19	50993043	50993225	DNA/hAT-Charlie	699	-	91	50993134	79600
chr19	51060666	51260666	harbor2	chr19	51062022	51062235	DNA/hAT-Charlie	944	-	106	51062128	1462
chr19	51060666	51260666	harbor2	chr19	51110650	51110985	DNA/hAT-Charlie	1659	-	168	51110818	50152
chr19	51060666	51260666	harbor2	chr19	51128867	51129086	DNA/hAT-Charlie	864	-	110	51128977	68311
chr19	51060666	51260666	harbor2	chr19	51143039	51143234	DNA/hAT-Charlie	660	-	98	51143137	82471
chr19	51060666	51260666	harbor2	chr19	51147799	51148017	DNA/hAT-Charlie	942	-	109	51147908	87242
chr19	57130888	57330888	harbor2	chr19	57164049	57164239	DNA/hAT-Charlie	1301	-	95	57164144	33256
chr19	57130888	57330888	harbor2	chr19	57164595	57165110	DNA/hAT-Charlie	1521	-	258	57164853	33965
chr19	57130888	57330888	harbor2	chr19	57163745	57163932	DNA/hAT-Charlie	1301	-	94	57163839	32951
chr19	58503304	58703304	harbor2	chr19	58587891	58588110	DNA/hAT-Charlie	826	-	110	58588001	84697
chr19	36312737	36512737	harbor2	chr19	36316150	36316319	DNA/hAT-Charlie	718	-	84	36316234	3497
chr19	36312737	36512737	harbor2	chr19	36323545	36323713	DNA/hAT-Charlie	659	-	84	36323629	10892
chr19	36312737	36512737	harbor2	chr19	36324196	36324415	DNA/hAT-Charlie	659	-	110	36324306	11569
chr19	47243493	47443493	harbor2	chr19	47252630	47252800	DNA/hAT-Charlie	752	-	85	47252715	9222
chr19	47243493	47443493	harbor2	chr19	47325527	47325783	DNA/hAT-Charlie	1039	-	128	47325655	82162
chr19	57141588	57341588	harbor2	chr19	57164049	57164239	DNA/hAT-Charlie	1301	-	95	57164144	22556
chr19	57141588	57341588	harbor2	chr19	57164595	57165110	DNA/hAT-Charlie	1521	-	258	57164853	23265
chr19	57141588	57341588	harbor2	chr19	57163745	57163932	DNA/hAT-Charlie	1301	-	94	57163839	22251
chr19	56759212	56959212	harbor2	chr19	56780141	56780233	DNA/hAT-Charlie	1317	-	46	56780187	20975
chr19	56759212	56959212	harbor2	chr19	56780544	56780927	DNA/hAT-Charlie	1317	-	192	56780736	21524
chr19	56759212	56959212	harbor2	chr19	56805073	56805288	DNA/hAT-Charlie	1032	-	108	56805181	45969
chr19	56215990	56415990	harbor2	chr19	56267429	56267640	DNA/hAT-Charlie	929	-	106	56267535	51545
chr19	56215990	56415990	harbor2	chr19	56272268	56272587	DNA/hAT-Charlie	1677	-	160	56272428	56438
chr19	56215990	56415990	harbor2	chr19	56277698	56277729	DNA/hAT-Charlie	1089	-	16	56277714	61724
chr19	56215990	56415990	harbor2	chr19	56277912	56278101	DNA/hAT-Charlie	1089	-	94	56278006	62016
chr19	56215990	56415990	harbor2	chr19	56278434	56278504	DNA/hAT-Charlie	1089	-	35	56278469	62479
chr19	56215990	56415990	harbor2	chr19	56286447	56286830	DNA/hAT-Charlie	824	-	192	56286639	70649
chr19	56215990	56415990	harbor2	chr19	56294502	56294666	DNA/hAT-Charlie	922	-	82	56294584	78594
chr19	56215990	56415990	harbor2	chr19	56312024	56312331	DNA/hAT-Charlie	1339	-	154	56312178	96188
chr19	45987649	46187649	harbor2	chr19	46005312	46006015	DNA/hAT-Charlie	3856	-	352	46005664	18015
chr19	45987649	46187649	harbor2	chr19	46031564	46031751	DNA/hAT-Charlie	769	-	94	46031658	44009
chr19	45987649	46187649	harbor2	chr19	46031791	46031836	DNA/hAT-Charlie	769	-	22	46031813	44164
chr19	45987649	46187649	harbor2	chr19	46056205	46056374	DNA/hAT-Charlie	928	-	84	46056289	68640
chr19	45987649	46187649	harbor2	chr19	46006106	46006330	DNA/hAT-Charlie	1180	-	112	46006218	18569
chr19	30872396	31072396	harbor2	chr19	30922491	30922683	DNA/hAT-Charlie	1269	-	96	30922587	50191
chr19	47402730	47602730	harbor2	chr19	47448628	47448770	DNA/hAT-Charlie	640	-	71	47448699	45969
chr19	40193138	40393138	harbor2	chr19	40193090	40193308	DNA/hAT-Charlie	1256	-	109	40193199	61
chr19	40193138	40393138	harbor2	chr19	40207339	40207453	DNA/hAT-Charlie	908	-	57	40207396	14258
chr19	40193138	40393138	harbor2	chr19	40207742	40207903	DNA/hAT-Charlie	908	-	80	40207822	14684
chr19	40193138	40393138	harbor2	chr19	40208028	40208145	DNA/hAT-Charlie	663	-	58	40208086	14948
chr19	40193138	40393138	harbor2	chr19	40208843	40208978	DNA/hAT-Charlie	669	-	68	40208911	15773
chr19	40193138	40393138	harbor2	chr19	40251248	40251421	DNA/hAT-Charlie	699	-	86	40251334	58196
chr19	40193138	40393138	harbor2	chr19	40253047	40253262	DNA/hAT-Charlie	687	-	108	40253155	60017
chr19	40193138	40393138	harbor2	chr19	40271709	40271916	DNA/hAT-Charlie	771	-	104	40271813	78675
chr19	56278732	56478732	harbor2	chr19	56286447	56286830	DNA/hAT-Charlie	824	-	192	56286639	7907
chr19	56278732	56478732	harbor2	chr19	56294502	56294666	DNA/hAT-Charlie	922	-	82	56294584	15852
chr19	56278732	56478732	harbor2	chr19	56312024	56312331	DNA/hAT-Charlie	1339	-	154	56312178	33446
chr19	56278732	56478732	harbor2	chr19	56352918	56353114	DNA/hAT-Charlie	806	-	98	56353016	74284
chr19	58076795	58276795	harbor2	chr19	58153437	58153599	DNA/hAT-Charlie	711	-	81	58153518	76723
chr19	58076795	58276795	harbor2	chr19	58160848	58160993	DNA/hAT-Charlie	735	-	72	58160920	84125
chr19	37677600	37877600	harbor2	chr19	37679858	37680380	DNA/hAT-Charlie	3956	-	261	37680119	2519
chr19	28370618	28570618	harbor2	chr19	28456845	28457073	DNA/hAT-Charlie	721	-	114	28456959	86341
chr19	55896839	56096839	harbor2	chr19	55905677	55905892	DNA/hAT-Charlie	697	-	108	55905785	8946
chr19	55896839	56096839	harbor2	chr19	55967906	55968156	DNA/hAT-Charlie	971	-	125	55968031	71192
chr19	55896839	56096839	harbor2	chr19	55968765	55968859	DNA/hAT-Charlie	971	-	47	55968812	71973
chr19	57508503	57708503	harbor2	chr19	57568633	57568979	DNA/hAT-Charlie	2081	-	173	57568806	60303
chr19	58010871	58210871	harbor2	chr19	58070598	58070680	DNA/hAT-Charlie	810	-	41	58070639	59768
chr19	58010871	58210871	harbor2	chr19	58070965	58071087	DNA/hAT-Charlie	810	-	61	58071026	60155
chr19	58010871	58210871	harbor2	chr19	58071392	58071470	DNA/hAT-Charlie	810	-	39	58071431	60560
chr19	51476617	51676617	harbor2	chr19	51485729	51485960	DNA/hAT-Charlie	841	-	116	51485845	9228
chr19	56779814	56979814	harbor2	chr19	56780141	56780233	DNA/hAT-Charlie	1317	-	46	56780187	373
chr19	56779814	56979814	harbor2	chr19	56780544	56780927	DNA/hAT-Charlie	1317	-	192	56780736	922
chr19	56779814	56979814	harbor2	chr19	56805073	56805288	DNA/hAT-Charlie	1032	-	108	56805181	25367
chr19	56779814	56979814	harbor2	chr19	56868511	56868797	DNA/hAT-Charlie	1334	-	143	56868654	88840
chr19	53751230	53951230	harbor2	chr19	53781476	53781595	DNA/hAT-Charlie	621	-	60	53781536	30306
chr19	53751230	53951230	harbor2	chr19	53808785	53808967	DNA/hAT-Charlie	929	-	91	53808876	57646
chr19	40584384	40784384	harbor2	chr19	40654238	40654371	DNA/hAT-Charlie	656	-	66	40654304	69920
chr19	40584384	40784384	harbor2	chr19	40654663	40654732	DNA/hAT-Charlie	656	-	34	40654697	70313
chr19	56170235	56370235	harbor2	chr19	56267429	56267640	DNA/hAT-Charlie	929	-	106	56267535	97300
chr19	55321292	55521292	harbor2	chr19	55350180	55350379	DNA/hAT-Charlie	699	-	100	55350280	28988
chr19	55321292	55521292	harbor2	chr19	55381007	55381137	DNA/hAT-Charlie	654	-	65	55381072	59780
chr19	55321292	55521292	harbor2	chr19	55381444	55381517	DNA/hAT-Charlie	654	-	36	55381480	60188
chr19	55321292	55521292	harbor2	chr19	55403001	55403204	DNA/hAT-Charlie	775	-	102	55403103	81811
chr19	17121863	17321863	harbor2	chr19	17142661	17142877	DNA/hAT-Charlie	731	-	108	17142769	20906
chr19	17121863	17321863	harbor2	chr19	17179051	17179260	DNA/hAT-Charlie	1072	-	104	17179155	57292
chr19	17121863	17321863	harbor2	chr19	17197497	17197717	DNA/hAT-Charlie	828	-	110	17197607	75744
chr19	40532098	40732098	harbor2	chr19	40537310	40537558	DNA/hAT-Charlie	1172	-	124	40537434	5336
chr19	40532098	40732098	harbor2	chr19	40563407	40563593	DNA/hAT-Charlie	651	-	93	40563500	31402
chr19	40532098	40732098	harbor2	chr19	40564338	40564503	DNA/hAT-Charlie	680	-	82	40564420	32322
chr19	39241078	39441078	harbor2	chr19	39243119	39243351	DNA/hAT-Charlie	849	-	116	39243235	2157
chr19	39241078	39441078	harbor2	chr19	39292448	39292629	DNA/hAT-Charlie	687	-	90	39292538	51460
chr19	39241078	39441078	harbor2	chr19	39337209	39337384	DNA/hAT-Charlie	801	-	88	39337297	96219
chr19	39241078	39441078	harbor2	chr19	39272315	39272680	DNA/hAT-Charlie	1221	-	182	39272497	31419
chr19	58509226	58709226	harbor2	chr19	58587891	58588110	DNA/hAT-Charlie	826	-	110	58588001	78775
chr19	36448508	36648508	harbor2	chr19	36450946	36451193	DNA/hAT-Charlie	807	-	124	36451070	2562
chr19	36448508	36648508	harbor2	chr19	36461042	36461282	DNA/hAT-Charlie	638	-	120	36461162	12654
chr19	52018240	52218240	harbor2	chr19	52026046	52026212	DNA/hAT-Charlie	708	-	83	52026129	7889
chr19	52018240	52218240	harbor2	chr19	52027169	52027313	DNA/hAT-Charlie	708	-	72	52027241	9001
chr19	52018240	52218240	harbor2	chr19	52044914	52045118	DNA/hAT-Charlie	1429	-	102	52045016	26776
chr19	17110691	17310691	harbor2	chr19	17113949	17114158	DNA/hAT-Charlie	858	-	104	17114053	3362
chr19	17110691	17310691	harbor2	chr19	17142661	17142877	DNA/hAT-Charlie	731	-	108	17142769	32078
chr19	17110691	17310691	harbor2	chr19	17179051	17179260	DNA/hAT-Charlie	1072	-	104	17179155	68464
chr19	17110691	17310691	harbor2	chr19	17197497	17197717	DNA/hAT-Charlie	828	-	110	17197607	86916
chr19	53940816	54140816	harbor2	chr19	53966998	53967217	DNA/hAT-Charlie	1068	-	110	53967108	26292
chr19	53940816	54140816	harbor2	chr19	53967386	53967554	DNA/hAT-Charlie	1024	-	84	53967470	26654
chr19	53940816	54140816	harbor2	chr19	53967842	53967974	DNA/hAT-Charlie	1024	-	66	53967908	27092
chr19	53940816	54140816	harbor2	chr19	53970966	53971009	DNA/hAT-Charlie	790	-	22	53970988	30172
chr19	53940816	54140816	harbor2	chr19	53971316	53971556	DNA/hAT-Charlie	790	-	120	53971436	30620
chr19	49561195	49761195	harbor2	chr19	49562910	49563169	DNA/hAT-Charlie	687	-	130	49563040	1845
chr19	49561195	49761195	harbor2	chr19	49563469	49563493	DNA/hAT-Charlie	687	-	12	49563481	2286
chr19	49561195	49761195	harbor2	chr19	49563795	49563920	DNA/hAT-Charlie	687	-	62	49563857	2662
chr19	49561195	49761195	harbor2	chr19	49575624	49575849	DNA/hAT-Charlie	983	-	112	49575736	14541
chr19	49561195	49761195	harbor2	chr19	49576147	49576194	DNA/hAT-Charlie	983	-	24	49576171	14976
chr19	54917191	55117191	harbor2	chr19	55003838	55004050	DNA/hAT-Charlie	653	-	106	55003944	86753
chr19	33122410	33322410	harbor2	chr19	33159690	33160218	DNA/hAT-Charlie	3884	-	264	33159954	37544
chr19	33122410	33322410	harbor2	chr19	33164748	33165241	DNA/hAT-Charlie	3598	-	246	33164994	42584
chr19	56652163	56852163	harbor2	chr19	56665340	56665506	DNA/hAT-Charlie	833	-	83	56665423	13260
chr19	56652163	56852163	harbor2	chr19	56665805	56665882	DNA/hAT-Charlie	833	-	38	56665843	13680
chr19	56652163	56852163	harbor2	chr19	56681551	56681817	DNA/hAT-Charlie	993	-	133	56681684	29521
chr19	56652163	56852163	harbor2	chr19	56692317	56692570	DNA/hAT-Charlie	922	-	126	56692443	40280
chr19	56652163	56852163	harbor2	chr19	56699331	56699653	DNA/hAT-Charlie	867	-	161	56699492	47329
chr19	56652163	56852163	harbor2	chr19	56712358	56712679	DNA/hAT-Charlie	1286	-	160	56712518	60355
chr19	56652163	56852163	harbor2	chr19	56727485	56727794	DNA/hAT-Charlie	1106	-	154	56727639	75476
chr19	56652163	56852163	harbor2	chr19	56735645	56735856	DNA/hAT-Charlie	647	-	106	56735751	83588
chr19	56652163	56852163	harbor2	chr19	56740348	56740678	DNA/hAT-Charlie	1340	-	165	56740513	88350
chr19	56652163	56852163	harbor2	chr19	56747005	56747223	DNA/hAT-Charlie	668	-	109	56747114	94951
chr19	56652163	56852163	harbor2	chr19	56750969	56751234	DNA/hAT-Charlie	920	-	132	56751101	98938
chr19	47867055	48067055	harbor2	chr19	47895710	47895903	DNA/hAT-Charlie	801	-	96	47895806	28751
chr19	44777051	44977051	harbor2	chr19	44831378	44831565	DNA/hAT-Charlie	807	-	94	44831472	54421
chr19	50674173	50874173	harbor2	chr19	50675266	50675417	DNA/hAT-Charlie	769	-	76	50675342	1169
chr19	50674173	50874173	harbor2	chr19	50689919	50690123	DNA/hAT-Charlie	1006	-	102	50690021	15848
chr19	50674173	50874173	harbor2	chr19	50705526	50705720	DNA/hAT-Charlie	963	-	97	50705623	31450
chr19	50674173	50874173	harbor2	chr19	50714359	50714438	DNA/hAT-Charlie	1117	-	40	50714399	40226
chr19	50674173	50874173	harbor2	chr19	50714711	50714972	DNA/hAT-Charlie	1117	-	130	50714841	40668
chr19	38161530	38361530	harbor2	chr19	38165664	38165762	DNA/hAT-Charlie	655	-	49	38165713	4183
chr19	38161530	38361530	harbor2	chr19	38166062	38166132	DNA/hAT-Charlie	655	-	35	38166097	4567
chr19	58278737	58478737	harbor2	chr19	58295692	58296176	DNA/hAT-Charlie	725	-	242	58295934	17197
chr19	55639439	55839439	harbor2	chr19	55672422	55672611	DNA/hAT-Charlie	659	-	94	55672516	33077
chr19	55639439	55839439	harbor2	chr19	55721583	55721647	DNA/hAT-Charlie	787	-	32	55721615	82176
chr19	55639439	55839439	harbor2	chr19	55722002	55722118	DNA/hAT-Charlie	787	-	58	55722060	82621
chr19	41394003	41594003	harbor2	chr19	41441267	41441613	DNA/hAT-Charlie	2439	-	173	41441440	47437
chr19	31146417	31346417	harbor2	chr19	31158516	31158972	DNA/hAT-Charlie	3022	-	228	31158744	12327
chr19	31146417	31346417	harbor2	chr19	31161754	31161959	DNA/hAT-Charlie	1045	-	102	31161856	15439
chr19	31146417	31346417	harbor2	chr19	31215102	31215313	DNA/hAT-Charlie	617	-	106	31215208	68791
chr19	31146417	31346417	harbor2	chr19	31240182	31240654	DNA/hAT-Charlie	1385	-	236	31240418	94001
chr19	55618564	55818564	harbor2	chr19	55672422	55672611	DNA/hAT-Charlie	659	-	94	55672516	53952
chr19	46986184	47186184	harbor2	chr19	47016526	47016671	DNA/hAT-Charlie	667	-	72	47016598	30414
chr19	46986184	47186184	harbor2	chr19	47044554	47044733	DNA/hAT-Charlie	740	-	90	47044644	58460
chr19	22554563	22754563	harbor2	chr19	22591930	22592311	DNA/hAT-Charlie	1870	-	190	22592120	37557
chr19	57708296	57908296	harbor2	chr19	57755959	57756181	DNA/hAT-Charlie	1411	-	111	57756070	47774
chr19	18020434	18220434	harbor2	chr19	18028480	18028726	DNA/hAT-Charlie	1137	-	123	18028603	8169
chr19	55055862	55255862	harbor2	chr19	55065536	55065731	DNA/hAT-Charlie	780	-	98	55065634	9772
chr20	52642017	52842017	harbor2	chr20	52648014	52648230	DNA/hAT-Charlie	1158	-	108	52648122	6105
chr20	52642017	52842017	harbor2	chr20	52661471	52661775	DNA/hAT-Charlie	471	-	152	52661623	19606
chr20	52642017	52842017	harbor2	chr20	52662904	52663067	DNA/hAT-Charlie	617	-	82	52662986	20969
chr20	52642017	52842017	harbor2	chr20	52679158	52679362	DNA/hAT-Charlie	986	-	102	52679260	37243
chr20	52642017	52842017	harbor2	chr20	52683802	52684086	DNA/hAT-Charlie	415	-	142	52683944	41927
chr20	52642017	52842017	harbor2	chr20	52686985	52687094	DNA/hAT-Charlie	744	-	54	52687039	45022
chr20	52642017	52842017	harbor2	chr20	52687396	52687468	DNA/hAT-Charlie	744	-	36	52687432	45415
chr20	52642017	52842017	harbor2	chr20	52687479	52687671	DNA/hAT-Charlie	898	-	96	52687575	45558
chr20	52642017	52842017	harbor2	chr20	52691806	52691949	DNA/hAT-Charlie	577	-	72	52691878	49861
chr20	52642017	52842017	harbor2	chr20	52701277	52701442	DNA/hAT-Charlie	949	-	82	52701359	59342
chr20	52642017	52842017	harbor2	chr20	52724660	52724865	DNA/hAT-Charlie	905	-	102	52724762	82745
chr20	52642017	52842017	harbor2	chr20	52740469	52740618	DNA/hAT-Charlie	601	-	74	52740543	98526
chr20	41845147	42045147	harbor2	chr20	41864088	41864303	DNA/hAT-Charlie	1217	-	108	41864196	19049
chr20	21252737	21452737	harbor2	chr20	21274881	21275065	DNA/hAT-Charlie	774	-	92	21274973	22236
chr20	21252737	21452737	harbor2	chr20	21296308	21296797	DNA/hAT-Charlie	2364	-	244	21296552	43815
chr20	29008928	29208928	harbor2	chr20	29074279	29074442	DNA/hAT-Charlie	829	-	82	29074361	65433
chr20	29008928	29208928	harbor2	chr20	29085643	29085853	DNA/hAT-Charlie	1314	-	105	29085748	76820
chr20	29008928	29208928	harbor2	chr20	29095352	29095503	DNA/hAT-Charlie	483	-	76	29095428	86500
chr20	55854961	56054961	harbor2	chr20	55857780	55857897	DNA/hAT-Charlie	498	-	58	55857838	2877
chr20	55854961	56054961	harbor2	chr20	55876829	55877172	DNA/hAT-Charlie	2197	-	172	55877001	22040
chr20	55854961	56054961	harbor2	chr20	55886392	55886590	DNA/hAT-Charlie	727	-	99	55886491	31530
chr20	55854961	56054961	harbor2	chr20	55890345	55890536	DNA/hAT-Charlie	803	-	96	55890441	35480
chr20	55854961	56054961	harbor2	chr20	55911464	55911613	DNA/hAT-Charlie	838	-	74	55911538	56577
chr20	55854961	56054961	harbor2	chr20	55937810	55938055	DNA/hAT-Charlie	714	-	122	55937932	82971
chr20	55854961	56054961	harbor2	chr20	55954804	55954978	DNA/hAT-Charlie	1184	-	87	55954891	99930
chr20	9231254	9431254	harbor2	chr20	9246816	9247286	DNA/hAT-Charlie	1369	-	235	9247051	15797
chr20	9231254	9431254	harbor2	chr20	9251766	9252141	DNA/hAT-Charlie	1302	-	188	9251954	20700
chr20	9231254	9431254	harbor2	chr20	9252150	9252264	DNA/hAT-Charlie	403	-	57	9252207	20953
chr20	9231254	9431254	harbor2	chr20	9255667	9255882	DNA/hAT-Charlie	1120	-	108	9255775	24521
chr20	9231254	9431254	harbor2	chr20	9264715	9264885	DNA/hAT-Charlie	702	-	85	9264800	33546
chr20	9231254	9431254	harbor2	chr20	9294688	9294856	DNA/hAT-Charlie	689	-	84	9294772	63518
chr20	9231254	9431254	harbor2	chr20	9316985	9317124	DNA/hAT-Charlie	661	-	70	9317055	85801
chr20	9231254	9431254	harbor2	chr20	9330632	9330822	DNA/hAT-Charlie	690	-	95	9330727	99473
chr20	54025090	54225090	harbor2	chr20	54029347	54029558	DNA/hAT-Charlie	1062	-	106	54029453	4363
chr20	54025090	54225090	harbor2	chr20	54043638	54043827	DNA/hAT-Charlie	621	-	94	54043732	18642
chr20	54025090	54225090	harbor2	chr20	54077244	54077452	DNA/hAT-Charlie	926	-	104	54077348	52258
chr20	54025090	54225090	harbor2	chr20	54078928	54079108	DNA/hAT-Charlie	1011	-	90	54079018	53928
chr20	54025090	54225090	harbor2	chr20	54082599	54082907	DNA/hAT-Charlie	857	-	154	54082753	57663
chr20	54025090	54225090	harbor2	chr20	54083217	54083422	DNA/hAT-Charlie	857	-	102	54083319	58229
chr20	54025090	54225090	harbor2	chr20	54110770	54110960	DNA/hAT-Charlie	596	-	95	54110865	85775
chr20	54025090	54225090	harbor2	chr20	54120216	54120532	DNA/hAT-Charlie	737	-	158	54120374	95284
chr20	54025090	54225090	harbor2	chr20	54121151	54121298	DNA/hAT-Charlie	551	-	74	54121225	96135
chr20	54025090	54225090	harbor2	chr20	54121597	54121765	DNA/hAT-Charlie	551	-	84	54121681	96591
chr20	64037074	64237074	harbor2	chr20	64097551	64097705	DNA/hAT-Charlie	392	-	77	64097628	60554
chr20	57281273	57481273	harbor2	chr20	57293958	57294303	DNA/hAT-Charlie	2206	-	172	57294130	12857
chr20	57281273	57481273	harbor2	chr20	57321700	57321913	DNA/hAT-Charlie	1071	-	106	57321806	40533
chr20	59328909	59528909	harbor2	chr20	59342875	59343028	DNA/hAT-Charlie	801	-	76	59342951	14042
chr20	40031136	40231136	harbor2	chr20	40089596	40089773	DNA/hAT-Charlie	663	-	88	40089684	58548
chr20	40031136	40231136	harbor2	chr20	40102046	40102265	DNA/hAT-Charlie	515	-	110	40102156	71020
chr20	56514760	56714760	harbor2	chr20	56523814	56524042	DNA/hAT-Charlie	436	-	114	56523928	9168
chr20	56514760	56714760	harbor2	chr20	56525635	56525745	DNA/hAT-Charlie	517	-	55	56525690	10930
chr20	56514760	56714760	harbor2	chr20	56535846	56536059	DNA/hAT-Charlie	1205	-	106	56535952	21192
chr20	56514760	56714760	harbor2	chr20	56565570	56565677	DNA/hAT-Charlie	393	-	54	56565624	50864
chr20	56514760	56714760	harbor2	chr20	56592999	56593221	DNA/hAT-Charlie	872	-	111	56593110	78350
chr20	56514760	56714760	harbor2	chr20	56613151	56613365	DNA/hAT-Charlie	1059	-	107	56613258	98498
chr20	50298758	50498758	harbor2	chr20	50323948	50324168	DNA/hAT-Charlie	1207	-	110	50324058	25300
chr20	50298758	50498758	harbor2	chr20	50347742	50347954	DNA/hAT-Charlie	1072	-	106	50347848	49090
chr20	50298758	50498758	harbor2	chr20	50351722	50351865	DNA/hAT-Charlie	392	-	72	50351794	53036
chr20	50298758	50498758	harbor2	chr20	50358619	50358809	DNA/hAT-Charlie	688	-	95	50358714	59956
chr20	50298758	50498758	harbor2	chr20	50361439	50361860	DNA/hAT-Charlie	1772	-	210	50361649	62891
chr20	50298758	50498758	harbor2	chr20	50362145	50362253	DNA/hAT-Charlie	1772	-	54	50362199	63441
chr20	50298758	50498758	harbor2	chr20	50362240	50362353	DNA/hAT-Charlie	467	-	56	50362296	63538
chr20	58185158	58385158	harbor2	chr20	58208717	58209212	DNA/hAT-Charlie	3490	-	248	58208965	23807
chr20	58185158	58385158	harbor2	chr20	58214075	58214376	DNA/hAT-Charlie	761	-	150	58214225	29067
chr20	58185158	58385158	harbor2	chr20	58223667	58223821	DNA/hAT-Charlie	721	-	77	58223744	38586
chr20	58185158	58385158	harbor2	chr20	58224115	58224170	DNA/hAT-Charlie	721	-	28	58224143	38985
chr20	58185158	58385158	harbor2	chr20	58244574	58244706	DNA/hAT-Charlie	427	-	66	58244640	59482
chr20	58185158	58385158	harbor2	chr20	58276678	58276900	DNA/hAT-Charlie	754	-	111	58276789	91631
chr20	55079476	55279476	harbor2	chr20	55122667	55123186	DNA/hAT-Charlie	3465	-	260	55122927	43451
chr20	55079476	55279476	harbor2	chr20	55165810	55166013	DNA/hAT-Charlie	842	-	102	55165912	86436
chr20	55079476	55279476	harbor2	chr20	55178789	55179010	DNA/hAT-Charlie	755	-	110	55178899	99423
chr20	56259557	56459557	harbor2	chr20	56259678	56259840	DNA/hAT-Charlie	664	-	81	56259759	202
chr20	56259557	56459557	harbor2	chr20	56289745	56289917	DNA/hAT-Charlie	481	-	86	56289831	30274
chr20	56259557	56459557	harbor2	chr20	56303327	56303504	DNA/hAT-Charlie	758	-	88	56303415	43858
chr20	56259557	56459557	harbor2	chr20	56310177	56310329	DNA/hAT-Charlie	443	-	76	56310253	50696
chr20	56259557	56459557	harbor2	chr20	56322355	56322554	DNA/hAT-Charlie	843	-	100	56322455	62898
chr20	56259557	56459557	harbor2	chr20	56324984	56325081	DNA/hAT-Charlie	496	-	48	56325032	65475
chr20	17242425	17442425	harbor2	chr20	17271612	17271883	DNA/hAT-Charlie	438	-	136	17271748	29323
chr20	17242425	17442425	harbor2	chr20	17313001	17313305	DNA/hAT-Charlie	1295	-	152	17313153	70728
chr20	17242425	17442425	harbor2	chr20	17329932	17330248	DNA/hAT-Charlie	1239	-	158	17330090	87665
chr20	61706775	61906775	harbor2	chr20	61707621	61707855	DNA/hAT-Charlie	1196	-	117	61707738	963
chr20	61706775	61906775	harbor2	chr20	61775424	61775618	DNA/hAT-Charlie	847	-	97	61775521	68746
chr20	61706775	61906775	harbor2	chr20	61751204	61751363	DNA/hAT-Charlie	648	-	80	61751284	44509
chr20	58103543	58303543	harbor2	chr20	58111797	58112004	DNA/hAT-Charlie	634	-	104	58111901	8358
chr20	58103543	58303543	harbor2	chr20	58151999	58152165	DNA/hAT-Charlie	435	-	83	58152082	48539
chr20	58103543	58303543	harbor2	chr20	58154149	58154442	DNA/hAT-Charlie	521	-	146	58154295	50752
chr20	58103543	58303543	harbor2	chr20	58171018	58171382	DNA/hAT-Charlie	548	-	182	58171200	67657
chr20	62456395	62656395	harbor2	chr20	62507036	62507185	DNA/hAT-Charlie	395	-	74	62507110	50715
chr20	59406879	59606879	harbor2	chr20	59433124	59433514	DNA/hAT-Charlie	558	-	195	59433319	26440
chr20	59406879	59606879	harbor2	chr20	59433767	59433857	DNA/hAT-Charlie	608	-	45	59433812	26933
chr20	59406879	59606879	harbor2	chr20	59434176	59434360	DNA/hAT-Charlie	608	-	92	59434268	27389
chr20	59406879	59606879	harbor2	chr20	59444866	59445052	DNA/hAT-Charlie	642	-	93	59444959	38080
chr20	59406879	59606879	harbor2	chr20	59453515	59453611	DNA/hAT-Charlie	425	-	48	59453563	46684
chr20	59406879	59606879	harbor2	chr20	59468460	59468613	DNA/hAT-Charlie	708	-	76	59468536	61657
chr20	59406879	59606879	harbor2	chr20	59472679	59472851	DNA/hAT-Charlie	1680	-	86	59472765	65886
chr20	59406879	59606879	harbor2	chr20	59473253	59473411	DNA/hAT-Charlie	1680	-	79	59473332	66453
chr20	59406879	59606879	harbor2	chr20	59486038	59486222	DNA/hAT-Charlie	521	-	92	59486130	79251
chr20	40863435	41063435	harbor2	chr20	40872816	40872912	DNA/hAT-Charlie	482	-	48	40872864	9429
chr20	40863435	41063435	harbor2	chr20	40873232	40873348	DNA/hAT-Charlie	482	-	58	40873290	9855
chr20	40863435	41063435	harbor2	chr20	40889254	40889269	DNA/hAT-Charlie	457	-	8	40889262	25827
chr20	40863435	41063435	harbor2	chr20	40889624	40889838	DNA/hAT-Charlie	457	-	107	40889731	26296
chr20	40863435	41063435	harbor2	chr20	40914743	40914909	DNA/hAT-Charlie	868	-	83	40914826	51391
chr20	40863435	41063435	harbor2	chr20	40928510	40928553	DNA/hAT-Charlie	423	-	22	40928532	65097
chr20	40863435	41063435	harbor2	chr20	40928910	40929030	DNA/hAT-Charlie	423	-	60	40928970	65535
chr20	40863435	41063435	harbor2	chr20	40941107	40941263	DNA/hAT-Charlie	817	-	78	40941185	77750
chr20	40863435	41063435	harbor2	chr20	40950410	40950603	DNA/hAT-Charlie	1369	-	96	40950506	87071
chr20	40863435	41063435	harbor2	chr20	40958587	40958791	DNA/hAT-Charlie	1092	-	102	40958689	95254
chr20	40863435	41063435	harbor2	chr20	40894408	40894629	DNA/hAT-Charlie	1067	-	110	40894518	31083
chr20	52093618	52293618	harbor2	chr20	52093730	52093905	DNA/hAT-Charlie	660	-	88	52093818	200
chr20	52093618	52293618	harbor2	chr20	52096560	52096610	DNA/hAT-Charlie	424	-	25	52096585	2967
chr20	52093618	52293618	harbor2	chr20	52096911	52097006	DNA/hAT-Charlie	424	-	48	52096959	3341
chr20	52093618	52293618	harbor2	chr20	52102239	52102413	DNA/hAT-Charlie	943	-	87	52102326	8708
chr20	52093618	52293618	harbor2	chr20	52105642	52105800	DNA/hAT-Charlie	881	-	79	52105721	12103
chr20	52093618	52293618	harbor2	chr20	52108430	52108507	DNA/hAT-Charlie	1375	-	38	52108468	14850
chr20	52093618	52293618	harbor2	chr20	52108809	52108861	DNA/hAT-Charlie	1375	-	26	52108835	15217
chr20	52093618	52293618	harbor2	chr20	52108905	52109139	DNA/hAT-Charlie	1375	-	117	52109022	15404
chr20	52093618	52293618	harbor2	chr20	52109462	52109497	DNA/hAT-Charlie	1375	-	18	52109480	15862
chr20	52093618	52293618	harbor2	chr20	52109811	52109996	DNA/hAT-Charlie	1375	-	92	52109903	16285
chr20	52093618	52293618	harbor2	chr20	52111549	52111730	DNA/hAT-Charlie	659	-	90	52111639	18021
chr20	52093618	52293618	harbor2	chr20	52114286	52114351	DNA/hAT-Charlie	408	-	32	52114318	20700
chr20	52093618	52293618	harbor2	chr20	52114352	52114420	DNA/hAT-Charlie	415	-	34	52114386	20768
chr20	52093618	52293618	harbor2	chr20	52114421	52114482	DNA/hAT-Charlie	439	-	30	52114451	20833
chr20	52093618	52293618	harbor2	chr20	52154945	52155415	DNA/hAT-Charlie	1613	-	235	52155180	61562
chr20	52093618	52293618	harbor2	chr20	52181667	52181831	DNA/hAT-Charlie	407	-	82	52181749	88131
chr20	52093618	52293618	harbor2	chr20	52192313	52192478	DNA/hAT-Charlie	770	-	82	52192395	98777
chr20	46146723	46346723	harbor2	chr20	46219431	46219643	DNA/hAT-Charlie	920	-	106	46219537	72814
chr20	46146723	46346723	harbor2	chr20	46234651	46234837	DNA/hAT-Charlie	725	-	93	46234744	88021
chr20	46146723	46346723	harbor2	chr20	46241811	46241963	DNA/hAT-Charlie	915	-	76	46241887	95164
chr20	61275901	61475901	harbor2	chr20	61284792	61284990	DNA/hAT-Charlie	807	-	99	61284891	8990
chr20	61275901	61475901	harbor2	chr20	61305355	61305493	DNA/hAT-Charlie	421	-	69	61305424	29523
chr20	61275901	61475901	harbor2	chr20	61310325	61310663	DNA/hAT-Charlie	1979	-	169	61310494	34593
chr20	61275901	61475901	harbor2	chr20	61317577	61317725	DNA/hAT-Charlie	652	-	74	61317651	41750
chr20	61275901	61475901	harbor2	chr20	61342156	61342676	DNA/hAT-Charlie	3470	-	260	61342416	66515
chr20	61275901	61475901	harbor2	chr20	61357655	61357811	DNA/hAT-Charlie	548	-	78	61357733	81832
chr20	49628353	49828353	harbor2	chr20	49658696	49658847	DNA/hAT-Charlie	540	-	76	49658772	30419
chr20	59375210	59575210	harbor2	chr20	59433124	59433514	DNA/hAT-Charlie	558	-	195	59433319	58109
chr20	59375210	59575210	harbor2	chr20	59433767	59433857	DNA/hAT-Charlie	608	-	45	59433812	58602
chr20	59375210	59575210	harbor2	chr20	59434176	59434360	DNA/hAT-Charlie	608	-	92	59434268	59058
chr20	59375210	59575210	harbor2	chr20	59444866	59445052	DNA/hAT-Charlie	642	-	93	59444959	69749
chr20	59375210	59575210	harbor2	chr20	59453515	59453611	DNA/hAT-Charlie	425	-	48	59453563	78353
chr20	59375210	59575210	harbor2	chr20	59468460	59468613	DNA/hAT-Charlie	708	-	76	59468536	93326
chr20	59375210	59575210	harbor2	chr20	59472679	59472851	DNA/hAT-Charlie	1680	-	86	59472765	97555
chr20	59375210	59575210	harbor2	chr20	59473253	59473411	DNA/hAT-Charlie	1680	-	79	59473332	98122
chr20	53300081	53500081	harbor2	chr20	53309836	53310104	DNA/hAT-Charlie	457	-	134	53309970	9889
chr20	53300081	53500081	harbor2	chr20	53320374	53320734	DNA/hAT-Charlie	888	-	180	53320554	20473
chr20	53300081	53500081	harbor2	chr20	53321716	53321903	DNA/hAT-Charlie	476	-	94	53321810	21729
chr20	53300081	53500081	harbor2	chr20	53342836	53342935	DNA/hAT-Charlie	492	-	50	53342886	42805
chr20	53300081	53500081	harbor2	chr20	53347143	53347365	DNA/hAT-Charlie	965	-	111	53347254	47173
chr20	53300081	53500081	harbor2	chr20	53370313	53370478	DNA/hAT-Charlie	412	-	82	53370395	70314
chr20	53300081	53500081	harbor2	chr20	53370780	53370808	DNA/hAT-Charlie	412	-	14	53370794	70713
chr20	53300081	53500081	harbor2	chr20	53390882	53391095	DNA/hAT-Charlie	965	-	106	53390988	90907
chr20	54928924	55128924	harbor2	chr20	54938732	54938949	DNA/hAT-Charlie	1017	-	108	54938840	9916
chr20	54928924	55128924	harbor2	chr20	55006955	55007129	DNA/hAT-Charlie	623	-	87	55007042	78118
chr20	47275016	47475016	harbor2	chr20	47302895	47303103	DNA/hAT-Charlie	844	-	104	47302999	27983
chr20	47275016	47475016	harbor2	chr20	47304295	47304519	DNA/hAT-Charlie	1016	-	112	47304407	29391
chr20	47275016	47475016	harbor2	chr20	47306883	47306998	DNA/hAT-Charlie	514	-	58	47306941	31925
chr20	47275016	47475016	harbor2	chr20	47308137	47308213	DNA/hAT-Charlie	429	-	38	47308175	33159
chr20	59831954	60031954	harbor2	chr20	59834832	59835048	DNA/hAT-Charlie	1243	-	108	59834940	2986
chr20	55416796	55616796	harbor2	chr20	55432309	55432698	DNA/hAT-Charlie	1074	-	194	55432503	15707
chr20	55416796	55616796	harbor2	chr20	55473543	55473742	DNA/hAT-Charlie	447	-	100	55473643	56847
chr20	55416796	55616796	harbor2	chr20	55503261	55503429	DNA/hAT-Charlie	798	-	84	55503345	86549
chr20	55416796	55616796	harbor2	chr20	55503841	55504001	DNA/hAT-Charlie	510	-	80	55503921	87125
chr20	55416796	55616796	harbor2	chr20	55504558	55504697	DNA/hAT-Charlie	498	-	70	55504628	87832
chr20	55416796	55616796	harbor2	chr20	55509153	55509308	DNA/hAT-Charlie	500	-	78	55509231	92435
chr20	52428002	52628002	harbor2	chr20	52434100	52434320	DNA/hAT-Charlie	1090	-	110	52434210	6208
chr20	52428002	52628002	harbor2	chr20	52437645	52437866	DNA/hAT-Charlie	983	-	110	52437755	9753
chr20	52428002	52628002	harbor2	chr20	52456269	52456403	DNA/hAT-Charlie	674	-	67	52456336	28334
chr20	52428002	52628002	harbor2	chr20	52462186	52462471	DNA/hAT-Charlie	1342	-	142	52462328	34326
chr20	52428002	52628002	harbor2	chr20	52489151	52489364	DNA/hAT-Charlie	1205	-	106	52489257	61255
chr20	52428002	52628002	harbor2	chr20	52495604	52495783	DNA/hAT-Charlie	594	-	90	52495694	67692
chr20	52428002	52628002	harbor2	chr20	52496044	52496365	DNA/hAT-Charlie	1564	-	160	52496204	68202
chr20	52428002	52628002	harbor2	chr20	52525687	52525928	DNA/hAT-Charlie	624	-	120	52525807	97805
chr20	59725068	59925068	harbor2	chr20	59749605	59749868	DNA/hAT-Charlie	1383	-	132	59749737	24669
chr20	59725068	59925068	harbor2	chr20	59762383	59762556	DNA/hAT-Charlie	533	-	86	59762469	37401
chr20	59725068	59925068	harbor2	chr20	59775841	59776042	DNA/hAT-Charlie	816	-	100	59775941	50873
chr20	59725068	59925068	harbor2	chr20	59806313	59806492	DNA/hAT-Charlie	555	-	90	59806403	81335
chr20	59725068	59925068	harbor2	chr20	59806507	59806654	DNA/hAT-Charlie	503	-	74	59806581	81513
chr20	59725068	59925068	harbor2	chr20	59808669	59808808	DNA/hAT-Charlie	518	-	70	59808739	83671
chr20	59725068	59925068	harbor2	chr20	59808817	59809028	DNA/hAT-Charlie	539	-	106	59808923	83855
chr20	59725068	59925068	harbor2	chr20	59809698	59809902	DNA/hAT-Charlie	742	-	102	59809800	84732
chr20	59725068	59925068	harbor2	chr20	59815900	59816366	DNA/hAT-Charlie	2868	-	233	59816133	91065
chr20	59725068	59925068	harbor2	chr20	59817605	59817884	DNA/hAT-Charlie	566	-	140	59817745	92677
chr20	19608705	19808705	harbor2	chr20	19621596	19621752	DNA/hAT-Charlie	618	-	78	19621674	12969
chr20	19608705	19808705	harbor2	chr20	19623527	19623722	DNA/hAT-Charlie	1032	-	98	19623625	14920
chr20	19608705	19808705	harbor2	chr20	19688131	19688271	DNA/hAT-Charlie	476	-	70	19688201	79496
chr20	19608705	19808705	harbor2	chr20	19698868	19699204	DNA/hAT-Charlie	1628	-	168	19699036	90331
chr20	19608705	19808705	harbor2	chr20	19644351	19644463	DNA/hAT-Charlie	483	-	56	19644407	35702
chr20	56242069	56442069	harbor2	chr20	56251907	56252068	DNA/hAT-Charlie	499	-	80	56251987	9918
chr20	56242069	56442069	harbor2	chr20	56255704	56255897	DNA/hAT-Charlie	950	-	96	56255800	13731
chr20	56242069	56442069	harbor2	chr20	56259678	56259840	DNA/hAT-Charlie	664	-	81	56259759	17690
chr20	56242069	56442069	harbor2	chr20	56289745	56289917	DNA/hAT-Charlie	481	-	86	56289831	47762
chr20	56242069	56442069	harbor2	chr20	56303327	56303504	DNA/hAT-Charlie	758	-	88	56303415	61346
chr20	56242069	56442069	harbor2	chr20	56310177	56310329	DNA/hAT-Charlie	443	-	76	56310253	68184
chr20	56242069	56442069	harbor2	chr20	56322355	56322554	DNA/hAT-Charlie	843	-	100	56322455	80386
chr20	56242069	56442069	harbor2	chr20	56324984	56325081	DNA/hAT-Charlie	496	-	48	56325032	82963
chr20	62232255	62432255	harbor2	chr20	62300958	62301178	DNA/hAT-Charlie	782	-	110	62301068	68813
chr20	60436802	60636802	harbor2	chr20	60494999	60495092	DNA/hAT-Charlie	416	-	46	60495045	58243
chr20	60436802	60636802	harbor2	chr20	60495404	60495484	DNA/hAT-Charlie	416	-	40	60495444	58642
chr20	60147519	60347519	harbor2	chr20	60171161	60171426	DNA/hAT-Charlie	866	-	132	60171293	23774
chr20	60147519	60347519	harbor2	chr20	60173969	60174077	DNA/hAT-Charlie	462	-	54	60174023	26504
chr20	60147519	60347519	harbor2	chr20	60174323	60174548	DNA/hAT-Charlie	824	-	112	60174435	26916
chr20	60147519	60347519	harbor2	chr20	60178157	60178377	DNA/hAT-Charlie	592	-	110	60178267	30748
chr20	60147519	60347519	harbor2	chr20	60179018	60179389	DNA/hAT-Charlie	995	-	186	60179204	31685
chr20	60147519	60347519	harbor2	chr20	60220173	60220386	DNA/hAT-Charlie	958	-	106	60220279	72760
chr20	59459940	59659940	harbor2	chr20	59468460	59468613	DNA/hAT-Charlie	708	-	76	59468536	8596
chr20	59459940	59659940	harbor2	chr20	59472679	59472851	DNA/hAT-Charlie	1680	-	86	59472765	12825
chr20	59459940	59659940	harbor2	chr20	59473253	59473411	DNA/hAT-Charlie	1680	-	79	59473332	13392
chr20	59459940	59659940	harbor2	chr20	59486038	59486222	DNA/hAT-Charlie	521	-	92	59486130	26190
chr20	57440146	57640146	harbor2	chr20	57473551	57473686	DNA/hAT-Charlie	418	-	68	57473619	33473
chr20	57440146	57640146	harbor2	chr20	57473775	57474039	DNA/hAT-Charlie	731	-	132	57473907	33761
chr20	57440146	57640146	harbor2	chr20	57498878	57499069	DNA/hAT-Charlie	897	-	96	57498974	58828
chr20	57440146	57640146	harbor2	chr20	57499459	57499968	DNA/hAT-Charlie	3334	-	254	57499713	59567
chr20	57440146	57640146	harbor2	chr20	57510194	57510581	DNA/hAT-Charlie	2969	-	194	57510388	70242
chr20	57440146	57640146	harbor2	chr20	57510880	57511053	DNA/hAT-Charlie	2969	-	86	57510966	70820
chr20	57440146	57640146	harbor2	chr20	57511340	57511596	DNA/hAT-Charlie	2969	-	128	57511468	71322
chr20	57440146	57640146	harbor2	chr20	57511893	57512431	DNA/hAT-Charlie	2969	-	269	57512162	72016
chr20	57440146	57640146	harbor2	chr20	57512827	57513044	DNA/hAT-Charlie	839	-	108	57512935	72789
chr20	57440146	57640146	harbor2	chr20	57519847	57520056	DNA/hAT-Charlie	927	-	104	57519951	79805
chr20	63005041	63205041	harbor2	chr20	63089757	63089940	DNA/hAT-Charlie	499	-	92	63089849	84808
chr20	63129145	63329145	harbor2	chr20	63170983	63171242	DNA/hAT-Charlie	441	-	130	63171113	41968
chr20	35534598	35734598	harbor2	chr20	35538392	35538554	DNA/hAT-Charlie	913	-	81	35538473	3875
chr20	35534598	35734598	harbor2	chr20	35541630	35541737	DNA/hAT-Charlie	398	-	54	35541684	7086
chr20	35534598	35734598	harbor2	chr20	35610770	35611134	DNA/hAT-Charlie	2381	-	182	35610952	76354
chr20	58505673	58705673	harbor2	chr20	58530826	58531015	DNA/hAT-Charlie	893	-	94	58530920	25247
chr20	58505673	58705673	harbor2	chr20	58542473	58542621	DNA/hAT-Charlie	594	-	74	58542547	36874
chr20	58505673	58705673	harbor2	chr20	58577676	58577797	DNA/hAT-Charlie	410	-	60	58577736	72063
chr20	58505673	58705673	harbor2	chr20	58579141	58579328	DNA/hAT-Charlie	677	-	94	58579235	73562
chr20	58505673	58705673	harbor2	chr20	58599772	58599828	DNA/hAT-Charlie	480	-	28	58599800	94127
chr20	58505673	58705673	harbor2	chr20	58599962	58600121	DNA/hAT-Charlie	480	-	80	58600042	94369
chr20	54747847	54947847	harbor2	chr20	54802311	54802458	DNA/hAT-Charlie	667	-	74	54802385	54538
chr20	7139137	7339137	harbor2	chr20	7209439	7209731	DNA/hAT-Charlie	1216	-	146	7209585	70448
chr20	41411494	41611494	harbor2	chr20	41415781	41415916	DNA/hAT-Charlie	674	-	68	41415849	4355
chr20	41411494	41611494	harbor2	chr20	41444263	41444465	DNA/hAT-Charlie	1077	-	101	41444364	32870
chr20	41411494	41611494	harbor2	chr20	41471068	41471251	DNA/hAT-Charlie	985	-	92	41471160	59666
chr20	41411494	41611494	harbor2	chr20	41472485	41473073	DNA/hAT-Charlie	1737	-	294	41472779	61285
chr20	41411494	41611494	harbor2	chr20	41497850	41498021	DNA/hAT-Charlie	557	-	86	41497936	86442
chr20	41411494	41611494	harbor2	chr20	41502206	41502474	DNA/hAT-Charlie	1143	-	134	41502340	90846
chr20	21690466	21890466	harbor2	chr20	21779705	21780004	DNA/hAT-Charlie	840	-	150	21779855	89389
chr20	62852545	63052545	harbor2	chr20	62916423	62917041	DNA/hAT-Charlie	2442	-	309	62916732	64187
chr20	62852545	63052545	harbor2	chr20	62917331	62917799	DNA/hAT-Charlie	2442	-	234	62917565	65020
chr20	56682454	56882454	harbor2	chr20	56705238	56705431	DNA/hAT-Charlie	735	-	96	56705334	22880
chr20	56682454	56882454	harbor2	chr20	56723145	56723320	DNA/hAT-Charlie	646	-	88	56723233	40779
chr20	56682454	56882454	harbor2	chr20	56735605	56735738	DNA/hAT-Charlie	456	-	66	56735671	53217
chr20	56682454	56882454	harbor2	chr20	56743160	56743205	DNA/hAT-Charlie	575	-	22	56743182	60728
chr20	56682454	56882454	harbor2	chr20	56743494	56743645	DNA/hAT-Charlie	575	-	76	56743570	61116
chr20	56682454	56882454	harbor2	chr20	56768779	56769017	DNA/hAT-Charlie	446	-	119	56768898	86444
chr20	45302503	45502503	harbor2	chr20	45305045	45305283	DNA/hAT-Charlie	644	-	119	45305164	2661
chr20	45302503	45502503	harbor2	chr20	45324812	45325046	DNA/hAT-Charlie	597	-	117	45324929	22426
chr20	45302503	45502503	harbor2	chr20	45348843	45349096	DNA/hAT-Charlie	1436	-	126	45348969	46466
chr20	45302503	45502503	harbor2	chr20	45349431	45349452	DNA/hAT-Charlie	1436	-	10	45349441	46938
chr20	45302503	45502503	harbor2	chr20	45349760	45349800	DNA/hAT-Charlie	1436	-	20	45349780	47277
chr20	45302503	45502503	harbor2	chr20	45365182	45365298	DNA/hAT-Charlie	590	-	58	45365240	62737
chr20	45302503	45502503	harbor2	chr20	45392842	45392999	DNA/hAT-Charlie	917	-	78	45392920	90417
chr20	46294024	46494024	harbor2	chr20	46302224	46302445	DNA/hAT-Charlie	1212	-	110	46302334	8310
chr20	46294024	46494024	harbor2	chr20	46311517	46311728	DNA/hAT-Charlie	1304	-	106	46311623	17599
chr20	46294024	46494024	harbor2	chr20	46361545	46361768	DNA/hAT-Charlie	1075	-	112	46361657	67633
chr20	46294024	46494024	harbor2	chr20	46376821	46377013	DNA/hAT-Charlie	1005	-	96	46376917	82893
chr20	46294024	46494024	harbor2	chr20	46377494	46377649	DNA/hAT-Charlie	471	-	78	46377572	83548
chr20	52165656	52365656	harbor2	chr20	52181667	52181831	DNA/hAT-Charlie	407	-	82	52181749	16093
chr20	52165656	52365656	harbor2	chr20	52192313	52192478	DNA/hAT-Charlie	770	-	82	52192395	26739
chr20	52165656	52365656	harbor2	chr20	52201408	52201740	DNA/hAT-Charlie	1036	-	166	52201574	35918
chr20	52165656	52365656	harbor2	chr20	52205994	52206434	DNA/hAT-Charlie	2264	-	220	52206214	40558
chr20	52165656	52365656	harbor2	chr20	52207023	52207543	DNA/hAT-Charlie	2264	-	260	52207283	41627
chr20	52165656	52365656	harbor2	chr20	52223187	52223337	DNA/hAT-Charlie	724	-	75	52223262	57606
chr20	52165656	52365656	harbor2	chr20	52225241	52225398	DNA/hAT-Charlie	505	-	78	52225319	59663
chr20	52165656	52365656	harbor2	chr20	52256746	52256889	DNA/hAT-Charlie	388	-	72	52256818	91162
chr20	52165656	52365656	harbor2	chr20	52260921	52261131	DNA/hAT-Charlie	683	-	105	52261026	95370
chr20	57764562	57964562	harbor2	chr20	57773340	57773640	DNA/hAT-Charlie	903	-	150	57773490	8928
chr20	57764562	57964562	harbor2	chr20	57861074	57861418	DNA/hAT-Charlie	2258	-	172	57861246	96684
chr20	57764562	57964562	harbor2	chr20	57861690	57861900	DNA/hAT-Charlie	2258	-	105	57861795	97233
chr20	49819952	50019952	harbor2	chr20	49852108	49852441	DNA/hAT-Charlie	815	-	166	49852274	32322
chr20	49819952	50019952	harbor2	chr20	49856123	49856290	DNA/hAT-Charlie	527	-	84	49856207	36255
chr20	49819952	50019952	harbor2	chr20	49885543	49885615	DNA/hAT-Charlie	400	-	36	49885579	65627
chr20	41551960	41751960	harbor2	chr20	41561021	41561196	DNA/hAT-Charlie	1078	-	88	41561109	9149
chr20	41551960	41751960	harbor2	chr20	41606756	41606924	DNA/hAT-Charlie	741	-	84	41606840	54880
chr20	41551960	41751960	harbor2	chr20	41611304	41611498	DNA/hAT-Charlie	922	-	97	41611401	59441
chr20	41551960	41751960	harbor2	chr20	41611507	41611625	DNA/hAT-Charlie	630	-	59	41611566	59606
chr20	41551960	41751960	harbor2	chr20	41611937	41611992	DNA/hAT-Charlie	627	-	28	41611965	60005
chr20	41551960	41751960	harbor2	chr20	41611994	41612258	DNA/hAT-Charlie	678	-	132	41612126	60166
chr20	41551960	41751960	harbor2	chr20	41622912	41623125	DNA/hAT-Charlie	769	-	106	41623018	71058
chr20	13172221	13372221	harbor2	chr20	13250522	13250642	DNA/hAT-Charlie	457	-	60	13250582	78361
chr20	13172221	13372221	harbor2	chr20	13253551	13253728	DNA/hAT-Charlie	718	-	88	13253639	81418
chr20	42562055	42762055	harbor2	chr20	42575557	42575667	DNA/hAT-Charlie	545	-	55	42575612	13557
chr20	42562055	42762055	harbor2	chr20	42595269	42595488	DNA/hAT-Charlie	1120	-	110	42595379	33324
chr20	42562055	42762055	harbor2	chr20	42637047	42637228	DNA/hAT-Charlie	899	-	90	42637137	75082
chr20	42562055	42762055	harbor2	chr20	42646507	42646710	DNA/hAT-Charlie	1021	-	102	42646609	84554
chr20	39073199	39273199	harbor2	chr20	39080051	39080217	DNA/hAT-Charlie	711	-	83	39080134	6935
chr20	39073199	39273199	harbor2	chr20	39080221	39080361	DNA/hAT-Charlie	496	-	70	39080291	7092
chr20	39073199	39273199	harbor2	chr20	39081427	39081634	DNA/hAT-Charlie	1098	-	104	39081531	8332
chr20	39073199	39273199	harbor2	chr20	39121146	39121245	DNA/hAT-Charlie	444	-	50	39121196	47997
chr20	39073199	39273199	harbor2	chr20	39123294	39123451	DNA/hAT-Charlie	689	-	78	39123372	50173
chr20	39073199	39273199	harbor2	chr20	39148692	39148827	DNA/hAT-Charlie	577	-	68	39148760	75561
chr20	39073199	39273199	harbor2	chr20	39149562	39149886	DNA/hAT-Charlie	1515	-	162	39149724	76525
chr20	39073199	39273199	harbor2	chr20	39167210	39167497	DNA/hAT-Charlie	1031	-	144	39167354	94155
chr20	39073199	39273199	harbor2	chr20	39168599	39168788	DNA/hAT-Charlie	699	-	94	39168693	95494
chr20	53451293	53651293	harbor2	chr20	53479221	53479381	DNA/hAT-Charlie	610	-	80	53479301	28008
chr20	53451293	53651293	harbor2	chr20	53479386	53479702	DNA/hAT-Charlie	1195	-	158	53479544	28251
chr20	53451293	53651293	harbor2	chr20	53496964	53497177	DNA/hAT-Charlie	992	-	106	53497070	45777
chr20	53451293	53651293	harbor2	chr20	53514186	53514351	DNA/hAT-Charlie	587	-	82	53514268	62975
chr20	53451293	53651293	harbor2	chr20	53518884	53519106	DNA/hAT-Charlie	1052	-	111	53518995	67702
chr20	53451293	53651293	harbor2	chr20	53521170	53521297	DNA/hAT-Charlie	577	-	64	53521234	69941
chr20	53451293	53651293	harbor2	chr20	53532380	53532782	DNA/hAT-Charlie	1311	-	201	53532581	81288
chr20	53451293	53651293	harbor2	chr20	53542681	53542903	DNA/hAT-Charlie	1553	-	111	53542792	91499
chr20	53451293	53651293	harbor2	chr20	53543216	53543319	DNA/hAT-Charlie	1553	-	52	53543268	91975
chr20	53451293	53651293	harbor2	chr20	53544400	53544609	DNA/hAT-Charlie	1097	-	104	53544504	93211
chr20	57905744	58105744	harbor2	chr20	57942841	57942968	DNA/hAT-Charlie	598	-	64	57942905	37161
chr20	57905744	58105744	harbor2	chr20	57942966	57943090	DNA/hAT-Charlie	488	-	62	57943028	37284
chr20	57905744	58105744	harbor2	chr20	57945355	57945448	DNA/hAT-Charlie	504	-	46	57945401	39657
chr20	57905744	58105744	harbor2	chr20	57957962	57958338	DNA/hAT-Charlie	1364	-	188	57958150	52406
chr20	57905744	58105744	harbor2	chr20	57973035	57973251	DNA/hAT-Charlie	876	-	108	57973143	67399
chr20	57905744	58105744	harbor2	chr20	57976950	57977135	DNA/hAT-Charlie	796	-	92	57977042	71298
chr20	57905744	58105744	harbor2	chr20	57991025	57991212	DNA/hAT-Charlie	440	-	94	57991119	85375
chr20	57905744	58105744	harbor2	chr20	58002362	58002571	DNA/hAT-Charlie	605	-	104	58002466	96722
chr20	39498304	39698304	harbor2	chr20	39521948	39522170	DNA/hAT-Charlie	1174	-	111	39522059	23755
chr20	39498304	39698304	harbor2	chr20	39531383	39531605	DNA/hAT-Charlie	1153	-	111	39531494	33190
chr20	39498304	39698304	harbor2	chr20	39554189	39554334	DNA/hAT-Charlie	647	-	72	39554261	55957
chr20	39498304	39698304	harbor2	chr20	39571817	39572161	DNA/hAT-Charlie	2030	-	172	39571989	73685
chr20	46969313	47169313	harbor2	chr20	46985588	46985931	DNA/hAT-Charlie	980	-	172	46985760	16447
chr20	46969313	47169313	harbor2	chr20	46987100	46987433	DNA/hAT-Charlie	1574	-	166	46987266	17953
chr20	46969313	47169313	harbor2	chr20	47008883	47009086	DNA/hAT-Charlie	1184	-	102	47008985	39672
chr20	46969313	47169313	harbor2	chr20	47009624	47009840	DNA/hAT-Charlie	1155	-	108	47009732	40419
chr20	46969313	47169313	harbor2	chr20	47012375	47012490	DNA/hAT-Charlie	551	-	58	47012433	43120
chr20	46969313	47169313	harbor2	chr20	47012794	47012930	DNA/hAT-Charlie	551	-	68	47012862	43549
chr20	46969313	47169313	harbor2	chr20	47015862	47016063	DNA/hAT-Charlie	535	-	100	47015962	46649
chr20	46969313	47169313	harbor2	chr20	47026650	47026987	DNA/hAT-Charlie	672	-	168	47026818	57505
chr20	46969313	47169313	harbor2	chr20	47028772	47029096	DNA/hAT-Charlie	529	-	162	47028934	59621
chr20	46969313	47169313	harbor2	chr20	47029921	47030117	DNA/hAT-Charlie	1079	-	98	47030019	60706
chr20	46969313	47169313	harbor2	chr20	47030128	47030335	DNA/hAT-Charlie	802	-	104	47030232	60919
chr20	46969313	47169313	harbor2	chr20	47033304	47033486	DNA/hAT-Charlie	999	-	91	47033395	64082
chr20	46969313	47169313	harbor2	chr20	47041802	47041991	DNA/hAT-Charlie	560	-	94	47041896	72583
chr20	46969313	47169313	harbor2	chr20	47048250	47048455	DNA/hAT-Charlie	564	-	102	47048352	79039
chr20	46969313	47169313	harbor2	chr20	47065719	47065820	DNA/hAT-Charlie	430	-	50	47065769	96456
chr20	16082262	16282262	harbor2	chr20	16102471	16102633	DNA/hAT-Charlie	792	-	81	16102552	20290
chr20	16082262	16282262	harbor2	chr20	16102642	16102816	DNA/hAT-Charlie	517	-	87	16102729	20467
chr20	16082262	16282262	harbor2	chr20	16104208	16104393	DNA/hAT-Charlie	544	-	92	16104300	22038
chr20	16082262	16282262	harbor2	chr20	16108294	16108455	DNA/hAT-Charlie	702	-	80	16108374	26112
chr20	16082262	16282262	harbor2	chr20	16157601	16157738	DNA/hAT-Charlie	531	-	68	16157669	75407
chr20	16082262	16282262	harbor2	chr20	16164347	16164685	DNA/hAT-Charlie	2077	-	169	16164516	82254
chr20	39920556	40120556	harbor2	chr20	39934664	39934787	DNA/hAT-Charlie	637	-	62	39934726	14170
chr20	39920556	40120556	harbor2	chr20	39943230	39943444	DNA/hAT-Charlie	1048	-	107	39943337	22781
chr20	39920556	40120556	harbor2	chr20	39990274	39990479	DNA/hAT-Charlie	932	-	102	39990376	69820
chr20	33998335	34198335	harbor2	chr20	34011299	34011441	DNA/hAT-Charlie	410	-	71	34011370	13035
chr20	62854414	63054414	harbor2	chr20	62916423	62917041	DNA/hAT-Charlie	2442	-	309	62916732	62318
chr20	62854414	63054414	harbor2	chr20	62917331	62917799	DNA/hAT-Charlie	2442	-	234	62917565	63151
chr20	59560138	59760138	harbor2	chr20	59590932	59591128	DNA/hAT-Charlie	529	-	98	59591030	30892
chr20	59560138	59760138	harbor2	chr20	59610520	59610712	DNA/hAT-Charlie	938	-	96	59610616	50478
chr20	59560138	59760138	harbor2	chr20	59624346	59624506	DNA/hAT-Charlie	507	-	80	59624426	64288
chr20	59560138	59760138	harbor2	chr20	59631233	59631351	DNA/hAT-Charlie	553	-	59	59631292	71154
chr20	19458647	19658647	harbor2	chr20	19459884	19460029	DNA/hAT-Charlie	652	-	72	19459956	1309
chr20	19458647	19658647	harbor2	chr20	19514964	19515423	DNA/hAT-Charlie	1341	-	230	19515194	56547
chr21	17511820	17711820	harbor2	chr21	17525868	17526150	DNA/hAT-Charlie	1117	-	141	17526009	14189
chr21	17511820	17711820	harbor2	chr21	17570880	17571120	DNA/hAT-Charlie	1145	-	120	17571000	59180
chr21	39189910	39389910	harbor2	chr21	39204638	39204948	DNA/hAT-Charlie	1689	-	155	39204793	14883
chr21	39189910	39389910	harbor2	chr21	39228643	39228985	DNA/hAT-Charlie	600	-	171	39228814	38904
chr21	39189910	39389910	harbor2	chr21	39261371	39261673	DNA/hAT-Charlie	912	-	151	39261522	71612
chr21	39189910	39389910	harbor2	chr21	39279093	39279356	DNA/hAT-Charlie	648	-	132	39279225	89315
chr21	39189910	39389910	harbor2	chr21	39279709	39279833	DNA/hAT-Charlie	623	-	62	39279771	89861
chr21	46462306	46662306	harbor2	chr21	46463184	46463338	DNA/hAT-Charlie	540	-	77	46463261	955
chr21	46462306	46662306	harbor2	chr21	46484126	46484255	DNA/hAT-Charlie	549	-	64	46484190	21884
chr21	46462306	46662306	harbor2	chr21	46496468	46496689	DNA/hAT-Charlie	1621	-	110	46496578	34272
chr21	46462306	46662306	harbor2	chr21	46529919	46530117	DNA/hAT-Charlie	921	-	99	46530018	67712
chr21	23714425	23914425	harbor2	chr21	23730164	23730711	DNA/hAT-Charlie	1912	-	274	23730438	16013
chr21	23714425	23914425	harbor2	chr21	23731244	23731785	DNA/hAT-Charlie	1428	-	270	23731514	17089
chr21	23714425	23914425	harbor2	chr21	23756858	23757231	DNA/hAT-Charlie	919	-	186	23757044	42619
chr21	23714425	23914425	harbor2	chr21	23757530	23757871	DNA/hAT-Charlie	919	-	170	23757700	43275
chr21	23714425	23914425	harbor2	chr21	23804137	23804329	DNA/hAT-Charlie	547	-	96	23804233	89808
chr21	23714425	23914425	harbor2	chr21	23804361	23804788	DNA/hAT-Charlie	803	-	214	23804575	90150
chr21	34833681	35033681	harbor2	chr21	34834183	34834306	DNA/hAT-Charlie	529	-	62	34834245	564
chr21	34833681	35033681	harbor2	chr21	34872701	34872903	DNA/hAT-Charlie	944	-	101	34872802	39121
chr21	34833681	35033681	harbor2	chr21	34900027	34900343	DNA/hAT-Charlie	1695	-	158	34900185	66504
chr21	34833681	35033681	harbor2	chr21	34928088	34928261	DNA/hAT-Charlie	827	-	86	34928174	94493
chr21	38042328	38242328	harbor2	chr21	38071082	38071296	DNA/hAT-Charlie	769	-	107	38071189	28861
chr21	44097865	44297865	harbor2	chr21	44098640	44099100	DNA/hAT-Charlie	1774	-	230	44098870	1005
chr21	44097865	44297865	harbor2	chr21	44124931	44125301	DNA/hAT-Charlie	1852	-	185	44125116	27251
chr21	44097865	44297865	harbor2	chr21	44193462	44193622	DNA/hAT-Charlie	584	-	80	44193542	95677
chr21	39994405	40194405	harbor2	chr21	40011910	40012130	DNA/hAT-Charlie	1089	-	110	40012020	17615
chr21	39994405	40194405	harbor2	chr21	40060555	40060763	DNA/hAT-Charlie	501	-	104	40060659	66254
chr21	35407864	35607864	harbor2	chr21	35408120	35408244	DNA/hAT-Charlie	678	-	62	35408182	318
chr21	35407864	35607864	harbor2	chr21	35442144	35442314	DNA/hAT-Charlie	891	-	85	35442229	34365
chr21	35407864	35607864	harbor2	chr21	35501692	35501857	DNA/hAT-Charlie	779	-	82	35501774	93910
chr21	46607339	46807339	harbor2	chr21	46644581	46644861	DNA/hAT-Charlie	1178	-	140	46644721	37382
chr21	44002399	44202399	harbor2	chr21	44017435	44017975	DNA/hAT-Charlie	1615	-	270	44017705	15306
chr21	44002399	44202399	harbor2	chr21	44024256	44024420	DNA/hAT-Charlie	782	-	82	44024338	21939
chr21	44002399	44202399	harbor2	chr21	44090353	44090567	DNA/hAT-Charlie	880	-	107	44090460	88061
chr21	44002399	44202399	harbor2	chr21	44098640	44099100	DNA/hAT-Charlie	1774	-	230	44098870	96471
chr21	15637369	15837369	harbor2	chr21	15721277	15721668	DNA/hAT-Charlie	1184	-	196	15721473	84104
chr21	43695506	43895506	harbor2	chr21	43746287	43746410	DNA/hAT-Charlie	866	-	62	43746349	50843
chr21	43695506	43895506	harbor2	chr21	43746719	43746850	DNA/hAT-Charlie	866	-	66	43746785	51279
chr21	25818192	26018192	harbor2	chr21	25829277	25829583	DNA/hAT-Charlie	999	-	153	25829430	11238
chr21	25818192	26018192	harbor2	chr21	25868482	25868966	DNA/hAT-Charlie	3385	-	242	25868724	50532
chr21	19251643	19451643	harbor2	chr21	19290721	19290865	DNA/hAT-Charlie	502	-	72	19290793	39150
chr21	31895891	32095891	harbor2	chr21	31954291	31954660	DNA/hAT-Charlie	851	-	184	31954475	58584
chr21	31895891	32095891	harbor2	chr21	31954678	31954768	DNA/hAT-Charlie	583	-	45	31954723	58832
chr21	31895891	32095891	harbor2	chr21	31955086	31955150	DNA/hAT-Charlie	583	-	32	31955118	59227
chr21	40003845	40203845	harbor2	chr21	40011910	40012130	DNA/hAT-Charlie	1089	-	110	40012020	8175
chr21	40003845	40203845	harbor2	chr21	40060555	40060763	DNA/hAT-Charlie	501	-	104	40060659	56814
chr21	40003845	40203845	harbor2	chr21	40101407	40101581	DNA/hAT-Charlie	919	-	87	40101494	97649
chr21	37284892	37484892	harbor2	chr21	37322416	37322625	DNA/hAT-Charlie	548	-	104	37322520	37628
chr21	34437425	34637425	harbor2	chr21	34453605	34453647	DNA/hAT-Charlie	667	-	21	34453626	16201
chr21	34437425	34637425	harbor2	chr21	34453918	34454051	DNA/hAT-Charlie	667	-	66	34453984	16559
chr21	34437425	34637425	harbor2	chr21	34454052	34454201	DNA/hAT-Charlie	769	-	74	34454126	16701
chr21	45621915	45821915	harbor2	chr21	45701380	45701567	DNA/hAT-Charlie	2264	-	94	45701474	79559
chr21	45621915	45821915	harbor2	chr21	45701860	45702392	DNA/hAT-Charlie	2264	-	266	45702126	80211
chr21	45621915	45821915	harbor2	chr21	45705654	45705833	DNA/hAT-Charlie	502	-	90	45705744	83829
chr21	42070245	42270245	harbor2	chr21	42076362	42076529	DNA/hAT-Charlie	678	-	84	42076446	6201
chr21	42070245	42270245	harbor2	chr21	42089038	42089165	DNA/hAT-Charlie	554	-	64	42089102	18857
chr21	30033587	30233587	harbor2	chr21	30036427	30036570	DNA/hAT-Charlie	596	-	72	30036499	2912
chr21	30033587	30233587	harbor2	chr21	30049272	30049368	DNA/hAT-Charlie	763	-	48	30049320	15733
chr21	30033587	30233587	harbor2	chr21	30049678	30049749	DNA/hAT-Charlie	763	-	36	30049714	16127
chr21	30033587	30233587	harbor2	chr21	30053503	30053744	DNA/hAT-Charlie	836	-	120	30053623	20036
chr21	30033587	30233587	harbor2	chr21	30054579	30054796	DNA/hAT-Charlie	4513	-	108	30054687	21100
chr21	30033587	30233587	harbor2	chr21	30055098	30056091	DNA/hAT-Charlie	4513	-	496	30055594	22007
chr21	24427357	24627357	harbor2	chr21	24510801	24510964	DNA/hAT-Charlie	577	-	82	24510883	83526
chr21	44022851	44222851	harbor2	chr21	44024256	44024420	DNA/hAT-Charlie	782	-	82	44024338	1487
chr21	44022851	44222851	harbor2	chr21	44090353	44090567	DNA/hAT-Charlie	880	-	107	44090460	67609
chr21	44022851	44222851	harbor2	chr21	44098640	44099100	DNA/hAT-Charlie	1774	-	230	44098870	76019
chr21	36273269	36473269	harbor2	chr21	36328797	36329010	DNA/hAT-Charlie	985	-	106	36328903	55634
chr21	36273269	36473269	harbor2	chr21	36329318	36329399	DNA/hAT-Charlie	985	-	40	36329358	56089
chr21	36273269	36473269	harbor2	chr21	36363794	36363909	DNA/hAT-Charlie	518	-	58	36363852	90583
chr21	35936216	36136216	harbor2	chr21	35984231	35984447	DNA/hAT-Charlie	1139	-	108	35984339	48123
chr21	35936216	36136216	harbor2	chr21	35996276	35996479	DNA/hAT-Charlie	1089	-	102	35996378	60162
chr21	35936216	36136216	harbor2	chr21	36016578	36016758	DNA/hAT-Charlie	973	-	90	36016668	80452
chr21	35936216	36136216	harbor2	chr21	36017069	36017114	DNA/hAT-Charlie	973	-	22	36017091	80875
chr21	35936216	36136216	harbor2	chr21	36021322	36021487	DNA/hAT-Charlie	603	-	82	36021404	85188
chr21	35936216	36136216	harbor2	chr21	35962755	35962964	DNA/hAT-Charlie	1097	-	104	35962859	26643
chr22	22144665	22344665	harbor2	chr22	22159105	22159217	DNA/hAT-Charlie	467	-	56	22159161	14496
chr22	22144665	22344665	harbor2	chr22	22196549	22196711	DNA/hAT-Charlie	690	-	81	22196630	51965
chr22	22144665	22344665	harbor2	chr22	22232861	22233137	DNA/hAT-Charlie	585	-	138	22232999	88334
chr22	45858944	46058944	harbor2	chr22	45862153	45862418	DNA/hAT-Charlie	549	-	132	45862285	3341
chr22	45858944	46058944	harbor2	chr22	45944990	45945088	DNA/hAT-Charlie	970	-	49	45945039	86095
chr22	45858944	46058944	harbor2	chr22	45945378	45945605	DNA/hAT-Charlie	970	-	114	45945492	86548
chr22	30051312	30251312	harbor2	chr22	30097031	30097166	DNA/hAT-Charlie	509	-	68	30097099	45787
chr22	30051312	30251312	harbor2	chr22	30106841	30107007	DNA/hAT-Charlie	816	-	83	30106924	55612
chr22	30051312	30251312	harbor2	chr22	30149287	30149488	DNA/hAT-Charlie	1044	-	100	30149387	98075
chr22	30051312	30251312	harbor2	chr22	30097192	30097522	DNA/hAT-Charlie	423	-	165	30097357	46045
chr22	39591802	39791802	harbor2	chr22	39638734	39639012	DNA/hAT-Charlie	1848	-	139	39638873	47071
chr22	39591802	39791802	harbor2	chr22	39658418	39658688	DNA/hAT-Charlie	852	-	135	39658553	66751
chr22	29764322	29964322	harbor2	chr22	29770261	29770481	DNA/hAT-Charlie	1416	-	110	29770371	6049
chr22	29764322	29964322	harbor2	chr22	29800518	29800627	DNA/hAT-Charlie	403	-	54	29800572	36250
chr22	29764322	29964322	harbor2	chr22	29831033	29831192	DNA/hAT-Charlie	559	-	80	29831113	66791
chr22	29764322	29964322	harbor2	chr22	29853292	29853547	DNA/hAT-Charlie	980	-	128	29853420	89098
chr22	41222840	41422840	harbor2	chr22	41259349	41259721	DNA/hAT-Charlie	1500	-	186	41259535	36695
chr22	41222840	41422840	harbor2	chr22	41260013	41260231	DNA/hAT-Charlie	1500	-	109	41260122	37282
chr22	15742458	15942458	harbor2	chr22	15769848	15770034	DNA/hAT-Charlie	1099	-	93	15769941	27483
chr22	43484664	43684664	harbor2	chr22	43525441	43525581	DNA/hAT-Charlie	435	-	70	43525511	40847
chr22	33344060	33544060	harbor2	chr22	33389282	33389482	DNA/hAT-Charlie	500	-	100	33389382	45322
chr22	33344060	33544060	harbor2	chr22	33407740	33407849	DNA/hAT-Charlie	1095	-	54	33407794	63734
chr22	33344060	33544060	harbor2	chr22	33408581	33408775	DNA/hAT-Charlie	1095	-	97	33408678	64618
chr22	33344060	33544060	harbor2	chr22	33410059	33410217	DNA/hAT-Charlie	525	-	79	33410138	66078
chr22	33344060	33544060	harbor2	chr22	33419994	33420142	DNA/hAT-Charlie	653	-	74	33420068	76008
chr22	41672984	41872984	harbor2	chr22	41701239	41701346	DNA/hAT-Charlie	594	-	54	41701293	28309
chr22	41672984	41872984	harbor2	chr22	41712763	41712796	DNA/hAT-Charlie	437	-	16	41712779	39795
chr22	41672984	41872984	harbor2	chr22	41713108	41713174	DNA/hAT-Charlie	437	-	33	41713141	40157
chr22	41672984	41872984	harbor2	chr22	41741111	41741208	DNA/hAT-Charlie	730	-	48	41741159	68175
chr22	41672984	41872984	harbor2	chr22	41770313	41770511	DNA/hAT-Charlie	919	-	99	41770412	97428
chr22	30286519	30486519	harbor2	chr22	30330044	30330194	DNA/hAT-Charlie	1156	-	75	30330119	43600
chr22	30286519	30486519	harbor2	chr22	30330490	30330551	DNA/hAT-Charlie	1156	-	30	30330520	44001
chr22	30286519	30486519	harbor2	chr22	30346722	30347082	DNA/hAT-Charlie	689	-	180	30346902	60383
chr22	30286519	30486519	harbor2	chr22	30356405	30356542	DNA/hAT-Charlie	453	-	68	30356473	69954
chr22	37535053	37735053	harbor2	chr22	37575855	37576058	DNA/hAT-Charlie	879	-	102	37575957	40904
chr22	48257209	48457209	harbor2	chr22	48311401	48311623	DNA/hAT-Charlie	1501	-	111	48311512	54303
chr22	24011935	24211935	harbor2	chr22	24012147	24012404	DNA/hAT-Charlie	824	-	128	24012275	340
chr22	24011935	24211935	harbor2	chr22	24033941	24034284	DNA/hAT-Charlie	2224	-	172	24034113	22178
chr22	24011935	24211935	harbor2	chr22	24052369	24052509	DNA/hAT-Charlie	595	-	70	24052439	40504
chr22	24011935	24211935	harbor2	chr22	24080946	24081267	DNA/hAT-Charlie	1388	-	160	24081106	69171
chr22	24011935	24211935	harbor2	chr22	24100037	24100212	DNA/hAT-Charlie	513	-	88	24100125	88190
chr22	50702698	50902698	harbor2	chr22	50787574	50787793	DNA/hAT-Charlie	866	-	110	50787684	84986
chr22	39612263	39812263	harbor2	chr22	39638734	39639012	DNA/hAT-Charlie	1848	-	139	39638873	26610
chr22	39612263	39812263	harbor2	chr22	39658418	39658688	DNA/hAT-Charlie	852	-	135	39658553	46290
chr22	26689098	26889098	harbor2	chr22	26780757	26781067	DNA/hAT-Charlie	881	-	155	26780912	91814
chr22	26689098	26889098	harbor2	chr22	26784842	26785032	DNA/hAT-Charlie	775	-	95	26784937	95839
chr22	36925262	37125262	harbor2	chr22	36985688	36985840	DNA/hAT-Charlie	418	-	76	36985764	60502
chr22	18996133	19196133	harbor2	chr22	19080274	19080534	DNA/hAT-Charlie	1030	-	130	19080404	84271
chr22	28112470	28312470	harbor2	chr22	28129805	28129966	DNA/hAT-Charlie	700	-	80	28129885	17415
chr22	28112470	28312470	harbor2	chr22	28135944	28136151	DNA/hAT-Charlie	411	-	104	28136048	23578
chr22	28112470	28312470	harbor2	chr22	28136447	28136524	DNA/hAT-Charlie	411	-	38	28136485	24015
chr22	28112470	28312470	harbor2	chr22	28198145	28198364	DNA/hAT-Charlie	974	-	110	28198255	85785
chr22	28112470	28312470	harbor2	chr22	28199645	28199777	DNA/hAT-Charlie	589	-	66	28199711	87241
chr22	40053222	40253222	harbor2	chr22	40101313	40101489	DNA/hAT-Charlie	794	-	88	40101401	48179
chr22	46695745	46895745	harbor2	chr22	46746944	46747052	DNA/hAT-Charlie	433	-	54	46746998	51253
chr22	26898866	27098866	harbor2	chr22	26899556	26899739	DNA/hAT-Charlie	586	-	92	26899648	782
chr22	26898866	27098866	harbor2	chr22	26913503	26913663	DNA/hAT-Charlie	643	-	80	26913583	14717
chr22	26898866	27098866	harbor2	chr22	26916656	26916884	DNA/hAT-Charlie	951	-	114	26916770	17904
chr22	26898866	27098866	harbor2	chr22	26933811	26933901	DNA/hAT-Charlie	402	-	45	26933856	34990
chr22	26898866	27098866	harbor2	chr22	26978093	26978319	DNA/hAT-Charlie	608	-	113	26978206	79340
chr22	36396017	36596017	harbor2	chr22	36442931	36443049	DNA/hAT-Charlie	446	-	59	36442990	46973
chr22	36396017	36596017	harbor2	chr22	36474555	36474725	DNA/hAT-Charlie	450	-	85	36474640	78623
chr22	45160513	45360513	harbor2	chr22	45221255	45221456	DNA/hAT-Charlie	563	-	100	45221355	60842
chr22	47353666	47553666	harbor2	chr22	47452236	47452524	DNA/hAT-Charlie	984	-	144	47452380	98714
chr22	36831013	37031013	harbor2	chr22	36866873	36867042	DNA/hAT-Charlie	578	-	84	36866957	35944
chr22	36831013	37031013	harbor2	chr22	36873685	36873861	DNA/hAT-Charlie	644	-	88	36873773	42760
chr22	36831013	37031013	harbor2	chr22	36906282	36906445	DNA/hAT-Charlie	687	-	82	36906364	75351
chr22	36831013	37031013	harbor2	chr22	36907053	36907230	DNA/hAT-Charlie	579	-	88	36907141	76128
chr22	30235408	30435408	harbor2	chr22	30238924	30239051	DNA/hAT-Charlie	511	-	64	30238988	3580
chr22	30235408	30435408	harbor2	chr22	30330044	30330194	DNA/hAT-Charlie	1156	-	75	30330119	94711
chr22	30235408	30435408	harbor2	chr22	30330490	30330551	DNA/hAT-Charlie	1156	-	30	30330520	95112
chr22	32112552	32312552	harbor2	chr22	32134295	32134488	DNA/hAT-Charlie	409	-	96	32134391	21839
chr22	32112552	32312552	harbor2	chr22	32134787	32134916	DNA/hAT-Charlie	409	-	64	32134851	22299
chr22	33839738	34039738	harbor2	chr22	33866295	33866497	DNA/hAT-Charlie	1023	-	101	33866396	26658
chr22	33839738	34039738	harbor2	chr22	33905380	33905614	DNA/hAT-Charlie	789	-	117	33905497	65759
chr22	33839738	34039738	harbor2	chr22	33905627	33905847	DNA/hAT-Charlie	896	-	110	33905737	65999
chr22	33839738	34039738	harbor2	chr22	33906143	33906378	DNA/hAT-Charlie	896	-	118	33906261	66523
chr22	33839738	34039738	harbor2	chr22	33925931	33926038	DNA/hAT-Charlie	641	-	54	33925985	86247
chr22	33839738	34039738	harbor2	chr22	33926349	33926403	DNA/hAT-Charlie	641	-	27	33926376	86638
chr22	45680331	45880331	harbor2	chr22	45692837	45692969	DNA/hAT-Charlie	666	-	66	45692903	12572
chr22	46904972	47104972	harbor2	chr22	46978237	46978603	DNA/hAT-Charlie	5154	-	183	46978420	73448
chr22	46904972	47104972	harbor2	chr22	46978909	46979908	DNA/hAT-Charlie	5154	-	500	46979409	74437
chr22	40785163	40985163	harbor2	chr22	40805523	40805716	DNA/hAT-Charlie	1215	-	96	40805619	20456
chr22	40785163	40985163	harbor2	chr22	40838049	40838165	DNA/hAT-Charlie	582	-	58	40838107	52944
chr22	40785163	40985163	harbor2	chr22	40844309	40844506	DNA/hAT-Charlie	779	-	98	40844407	59244
chr22	36706475	36906475	harbor2	chr22	36766934	36767035	DNA/hAT-Charlie	400	-	50	36766984	60509
chr22	36706475	36906475	harbor2	chr22	36779170	36779350	DNA/hAT-Charlie	640	-	90	36779260	72785
chr22	36706475	36906475	harbor2	chr22	36781445	36781649	DNA/hAT-Charlie	1113	-	102	36781547	75072
chr22	37866634	38066634	harbor2	chr22	37870718	37870844	DNA/hAT-Charlie	647	-	63	37870781	4147
chr22	37866634	38066634	harbor2	chr22	37871997	37872122	DNA/hAT-Charlie	992	-	62	37872059	5425
chr22	37866634	38066634	harbor2	chr22	37872424	37872622	DNA/hAT-Charlie	992	-	99	37872523	5889
chr22	37866634	38066634	harbor2	chr22	37873872	37874077	DNA/hAT-Charlie	809	-	102	37873974	7340
chr22	37866634	38066634	harbor2	chr22	37962570	37962676	DNA/hAT-Charlie	703	-	53	37962623	95989
chr22	37866634	38066634	harbor2	chr22	37963549	37963658	DNA/hAT-Charlie	703	-	54	37963603	96969
chr22	33500920	33700920	harbor2	chr22	33509115	33509276	DNA/hAT-Charlie	674	-	80	33509195	8275
chr22	33500920	33700920	harbor2	chr22	33540631	33540807	DNA/hAT-Charlie	521	-	88	33540719	39799
chr22	33500920	33700920	harbor2	chr22	33547159	33547487	DNA/hAT-Charlie	1781	-	164	33547323	46403
chr22	33859825	34059825	harbor2	chr22	33866295	33866497	DNA/hAT-Charlie	1023	-	101	33866396	6571
chr22	33859825	34059825	harbor2	chr22	33905380	33905614	DNA/hAT-Charlie	789	-	117	33905497	45672
chr22	33859825	34059825	harbor2	chr22	33905627	33905847	DNA/hAT-Charlie	896	-	110	33905737	45912
chr22	33859825	34059825	harbor2	chr22	33906143	33906378	DNA/hAT-Charlie	896	-	118	33906261	46436
chr22	33859825	34059825	harbor2	chr22	33925931	33926038	DNA/hAT-Charlie	641	-	54	33925985	66160
chr22	33859825	34059825	harbor2	chr22	33926349	33926403	DNA/hAT-Charlie	641	-	27	33926376	66551
chr22	26773233	26973233	harbor2	chr22	26780757	26781067	DNA/hAT-Charlie	881	-	155	26780912	7679
chr22	26773233	26973233	harbor2	chr22	26784842	26785032	DNA/hAT-Charlie	775	-	95	26784937	11704
chr22	26773233	26973233	harbor2	chr22	26823519	26823776	DNA/hAT-Charlie	832	-	128	26823647	50414
chr22	41512666	41712666	harbor2	chr22	41604636	41604852	DNA/hAT-Charlie	1478	-	108	41604744	92078
chr22	41512666	41712666	harbor2	chr22	41607495	41607709	DNA/hAT-Charlie	1205	-	107	41607602	94936
chr22	42455184	42655184	harbor2	chr22	42493526	42493644	DNA/hAT-Charlie	483	-	59	42493585	38401
chr22	50080690	50280690	harbor2	chr22	50094878	50094942	DNA/hAT-Charlie	535	-	32	50094910	14220
chr22	50080690	50280690	harbor2	chr22	50095050	50095147	DNA/hAT-Charlie	535	-	48	50095098	14408
chr22	50080690	50280690	harbor2	chr22	50103804	50104300	DNA/hAT-Charlie	3422	-	248	50104052	23362
chr22	50080690	50280690	harbor2	chr22	50140459	50140682	DNA/hAT-Charlie	1381	-	112	50140571	59881
chr22	50080690	50280690	harbor2	chr22	50146829	50147000	DNA/hAT-Charlie	588	-	86	50146915	66225
chr22	50080690	50280690	harbor2	chr22	50163691	50163867	DNA/hAT-Charlie	714	-	88	50163779	83089
chr22	50080690	50280690	harbor2	chr22	50164179	50164380	DNA/hAT-Charlie	714	-	100	50164279	83589
chr22	50080690	50280690	harbor2	chr22	50164745	50164843	DNA/hAT-Charlie	651	-	49	50164794	84104
chr22	50080690	50280690	harbor2	chr22	50165138	50165382	DNA/hAT-Charlie	651	-	122	50165260	84570
chr22	44563860	44763860	harbor2	chr22	44579781	44579951	DNA/hAT-Charlie	805	-	85	44579866	16006
chr22	44563860	44763860	harbor2	chr22	44615271	44615457	DNA/hAT-Charlie	682	-	93	44615364	51504
chr22	21758119	21958119	harbor2	chr22	21776418	21776820	DNA/hAT-Charlie	616	-	201	21776619	18500
chr22	21758119	21958119	harbor2	chr22	21791631	21791797	DNA/hAT-Charlie	706	-	83	21791714	33595
chr22	38405633	38605633	harbor2	chr22	38412041	38412066	DNA/hAT-Charlie	667	-	12	38412053	6420
chr22	38405633	38605633	harbor2	chr22	38412374	38412500	DNA/hAT-Charlie	667	-	63	38412437	6804
chr22	38405633	38605633	harbor2	chr22	38428622	38428802	DNA/hAT-Charlie	743	-	90	38428712	23079
chr22	38405633	38605633	harbor2	chr22	38466374	38466534	DNA/hAT-Charlie	400	-	80	38466454	60821
chr22	38405633	38605633	harbor2	chr22	38481839	38482020	DNA/hAT-Charlie	1013	-	90	38481929	76296
chr22	44279473	44479473	harbor2	chr22	44316492	44316613	DNA/hAT-Charlie	427	-	60	44316552	37079
chr22	38996666	39196666	harbor2	chr22	39024057	39024311	DNA/hAT-Charlie	409	-	127	39024184	27518
chr22	38996666	39196666	harbor2	chr22	39030429	39030654	DNA/hAT-Charlie	466	-	112	39030541	33875
chr22	38996666	39196666	harbor2	chr22	39050521	39050746	DNA/hAT-Charlie	456	-	112	39050633	53967
chr22	20826285	21026285	harbor2	chr22	20892845	20892967	DNA/hAT-Charlie	867	-	61	20892906	66621
chr22	20826285	21026285	harbor2	chr22	20893260	20893387	DNA/hAT-Charlie	867	-	64	20893324	67039
chr22	20826285	21026285	harbor2	chr22	20918893	20918949	DNA/hAT-Charlie	410	-	28	20918921	92636
chr22	20826285	21026285	harbor2	chr22	20918977	20919066	DNA/hAT-Charlie	410	-	44	20919021	92736
chr22	38826857	39026857	harbor2	chr22	38924292	38925466	DNA/hAT-Charlie	2927	-	587	38924879	98022
chr22	19399630	19599630	harbor2	chr22	19427084	19427257	DNA/hAT-Charlie	821	-	86	19427170	27540
chr22	43217791	43417791	harbor2	chr22	43265652	43265821	DNA/hAT-Charlie	467	-	84	43265736	47945
chr22	43217791	43417791	harbor2	chr22	43266115	43266171	DNA/hAT-Charlie	467	-	28	43266143	48352
chr22	43217791	43417791	harbor2	chr22	43314262	43314387	DNA/hAT-Charlie	416	-	62	43314324	96533
chr22	30812209	31012209	harbor2	chr22	30840370	30840480	DNA/hAT-Charlie	461	-	55	30840425	28216
chr22	26873842	27073842	harbor2	chr22	26899556	26899739	DNA/hAT-Charlie	586	-	92	26899648	25806
chr22	26873842	27073842	harbor2	chr22	26913503	26913663	DNA/hAT-Charlie	643	-	80	26913583	39741
chr22	26873842	27073842	harbor2	chr22	26916656	26916884	DNA/hAT-Charlie	951	-	114	26916770	42928
chr22	26873842	27073842	harbor2	chr22	26933811	26933901	DNA/hAT-Charlie	402	-	45	26933856	60014
chr22	37103572	37303572	harbor2	chr22	37139340	37139564	DNA/hAT-Charlie	1096	-	112	37139452	35880
chr22	29070614	29270614	harbor2	chr22	29077165	29077347	DNA/hAT-Charlie	745	-	91	29077256	6642
chr22	29070614	29270614	harbor2	chr22	29077565	29077725	DNA/hAT-Charlie	496	-	80	29077645	7031
chr22	29070614	29270614	harbor2	chr22	29105222	29105367	DNA/hAT-Charlie	496	-	72	29105294	34680
chr22	29070614	29270614	harbor2	chr22	29151373	29151444	DNA/hAT-Charlie	485	-	36	29151409	80795
chr22	29070614	29270614	harbor2	chr22	29151570	29151727	DNA/hAT-Charlie	598	-	78	29151648	81034
chr22	50688850	50888850	harbor2	chr22	50787574	50787793	DNA/hAT-Charlie	866	-	110	50787684	98834
chr22	32072245	32272245	harbor2	chr22	32081559	32081768	DNA/hAT-Charlie	605	-	104	32081663	9418
chr22	32072245	32272245	harbor2	chr22	32134295	32134488	DNA/hAT-Charlie	409	-	96	32134391	62146
chr22	32072245	32272245	harbor2	chr22	32134787	32134916	DNA/hAT-Charlie	409	-	64	32134851	62606
chr22	40849498	41049498	harbor2	chr22	40933435	40933815	DNA/hAT-Charlie	1190	-	190	40933625	84127
chrX	149138994	149338994	harbor2	chrX	149139328	149139910	DNA/hAT-Charlie	1771	-	291	149139619	625
chrX	149138994	149338994	harbor2	chrX	149174789	149175111	DNA/hAT-Charlie	1337	-	161	149174950	35956
chrX	133993859	134193859	harbor2	chrX	134016268	134016458	DNA/hAT-Charlie	1031	-	95	134016363	22504
chrX	133993859	134193859	harbor2	chrX	134018111	134018336	DNA/hAT-Charlie	1185	-	112	134018223	24364
chrX	133993859	134193859	harbor2	chrX	134021214	134021400	DNA/hAT-Charlie	635	-	93	134021307	27448
chrX	133993859	134193859	harbor2	chrX	134027842	134027881	DNA/hAT-Charlie	632	-	20	134027862	34003
chrX	133993859	134193859	harbor2	chrX	134028196	134028330	DNA/hAT-Charlie	632	-	67	134028263	34404
chrX	133993859	134193859	harbor2	chrX	134055578	134055734	DNA/hAT-Charlie	754	-	78	134055656	61797
chrX	74552882	74752882	harbor2	chrX	74593780	74593960	DNA/hAT-Charlie	592	-	90	74593870	40988
chrX	74552882	74752882	harbor2	chrX	74601795	74601931	DNA/hAT-Charlie	771	-	68	74601863	48981
chrX	74552882	74752882	harbor2	chrX	74603682	74603834	DNA/hAT-Charlie	651	-	76	74603758	50876
chrX	74552882	74752882	harbor2	chrX	74604128	74604238	DNA/hAT-Charlie	651	-	55	74604183	51301
chrX	74552882	74752882	harbor2	chrX	74604245	74604437	DNA/hAT-Charlie	790	-	96	74604341	51459
chrX	138746055	138946055	harbor2	chrX	138767352	138767490	DNA/hAT-Charlie	613	-	69	138767421	21366
chrX	138746055	138946055	harbor2	chrX	138769971	138770129	DNA/hAT-Charlie	512	-	79	138770050	23995
chrX	138746055	138946055	harbor2	chrX	138817804	138818023	DNA/hAT-Charlie	937	-	110	138817914	71859
chrX	138746055	138946055	harbor2	chrX	138820409	138820619	DNA/hAT-Charlie	900	-	105	138820514	74459
chrX	152507675	152707675	harbor2	chrX	152551645	152551766	DNA/hAT-Charlie	635	-	60	152551705	44030
chrX	147541478	147741478	harbor2	chrX	147550493	147550847	DNA/hAT-Charlie	681	-	177	147550670	9192
chrX	147541478	147741478	harbor2	chrX	147584852	147585052	DNA/hAT-Charlie	879	-	100	147584952	43474
chrX	152799737	152999737	harbor2	chrX	152850598	152850725	DNA/hAT-Charlie	455	-	64	152850662	50925
chrX	91266562	91466562	harbor2	chrX	91282161	91282318	DNA/hAT-Charlie	715	-	78	91282239	15677
chrX	91266562	91466562	harbor2	chrX	91282345	91282393	DNA/hAT-Charlie	715	-	24	91282369	15807
chrX	154663780	154863780	harbor2	chrX	154698020	154698152	DNA/hAT-Charlie	585	-	66	154698086	34306
chrX	154663780	154863780	harbor2	chrX	154740828	154740943	DNA/hAT-Charlie	582	-	58	154740886	77106
chrX	18908355	19108355	harbor2	chrX	18946815	18947039	DNA/hAT-Charlie	1010	-	112	18946927	38572
chrX	18908355	19108355	harbor2	chrX	18967880	18968091	DNA/hAT-Charlie	1025	-	106	18967986	59631
chrX	18908355	19108355	harbor2	chrX	18968248	18968836	DNA/hAT-Charlie	5274	-	294	18968542	60187
chrX	18908355	19108355	harbor2	chrX	18969133	18969758	DNA/hAT-Charlie	5274	-	312	18969445	61090
chrX	18908355	19108355	harbor2	chrX	19006449	19006617	DNA/hAT-Charlie	978	-	84	19006533	98178
chrX	155834425	156034425	harbor2	chrX	155896888	155897309	DNA/hAT-Charlie	1107	-	210	155897098	62673
chrX	85399918	85599918	harbor2	chrX	85489819	85490036	DNA/hAT-Charlie	1007	-	108	85489927	90009
chrX	154874720	155074720	harbor2	chrX	154890080	154890288	DNA/hAT-Charlie	848	-	104	154890184	15464
chrX	154874720	155074720	harbor2	chrX	154900717	154901017	DNA/hAT-Charlie	1362	-	150	154900867	26147
chrX	154874720	155074720	harbor2	chrX	154938055	154938263	DNA/hAT-Charlie	790	-	104	154938159	63439
chrX	154874720	155074720	harbor2	chrX	154965457	154965695	DNA/hAT-Charlie	635	-	119	154965576	90856
chrX	155059601	155259601	harbor2	chrX	155068651	155068787	DNA/hAT-Charlie	477	-	68	155068719	9118
chrX	155059601	155259601	harbor2	chrX	155074965	155075194	DNA/hAT-Charlie	734	-	114	155075079	15478
chrX	151019982	151219982	harbor2	chrX	151029647	151029940	DNA/hAT-Charlie	1033	-	146	151029793	9811
chrX	132672815	132872815	harbor2	chrX	132676600	132676778	DNA/hAT-Charlie	850	-	89	132676689	3874
chrX	132672815	132872815	harbor2	chrX	132690004	132690314	DNA/hAT-Charlie	1332	-	155	132690159	17344
