H_chr	H_start	H_end	Harbor	TE_chr	TE_start	TE_end	TE	score	TE_strand	TE_half	TE_middle_pos	TE_dis
chr1	239725062	239925062	harbor2	chr1	239755384	239755509	DNA/TcMar-Tigger	457	+	62	239755446	30384
chr1	239725062	239925062	harbor2	chr1	239770391	239770546	DNA/TcMar-Tigger	609	+	78	239770469	45407
chr1	239725062	239925062	harbor2	chr1	239798186	239798390	DNA/TcMar-Tigger	996	+	102	239798288	73226
chr1	221568264	221768264	harbor2	chr1	221605900	221607054	DNA/TcMar-Tigger	13539	+	577	221606477	38213
chr1	221568264	221768264	harbor2	chr1	221607360	221607447	DNA/TcMar-Tigger	13539	+	44	221607404	39140
chr1	221568264	221768264	harbor2	chr1	221607749	221608453	DNA/TcMar-Tigger	13539	+	352	221608101	39837
chr1	221568264	221768264	harbor2	chr1	221608764	221609196	DNA/TcMar-Tigger	13539	+	216	221608980	40716
chr1	173169202	173369202	harbor2	chr1	173185034	173185271	DNA/TcMar-Tigger	467	+	118	173185152	15950
chr1	193404752	193604752	harbor2	chr1	193484804	193485072	DNA/TcMar-Tigger	1236	+	134	193484938	80186
chr1	204668520	204868520	harbor2	chr1	204764562	204764695	DNA/TcMar-Tigger	957	+	66	204764628	96108
chr1	204668520	204868520	harbor2	chr1	204764894	204765093	DNA/TcMar-Tigger	957	+	100	204764994	96474
chr1	204668520	204868520	harbor2	chr1	204765244	204765440	DNA/TcMar-Tigger	957	+	98	204765342	96822
chr1	204668520	204868520	harbor2	chr1	204717956	204718604	DNA/TcMar-Tigger	3463	+	324	204718280	49760
chr1	231377078	231577078	harbor2	chr1	231438160	231438478	DNA/TcMar-Tigger	1399	+	159	231438319	61241
chr1	180421925	180621925	harbor2	chr1	180431537	180431627	DNA/TcMar-Tigger	443	+	45	180431582	9657
chr1	180421925	180621925	harbor2	chr1	180487252	180487992	DNA/TcMar-Tigger	3869	+	370	180487622	65697
chr1	180421925	180621925	harbor2	chr1	180498913	180499864	DNA/TcMar-Tigger	1280	+	476	180499389	77464
chr1	180421925	180621925	harbor2	chr1	180506533	180506761	DNA/TcMar-Tigger	5268	+	114	180506647	84722
chr1	180421925	180621925	harbor2	chr1	180507042	180507752	DNA/TcMar-Tigger	5268	+	355	180507397	85472
chr1	238928802	239128802	harbor2	chr1	238936808	238937130	DNA/TcMar-Tigger	1636	+	161	238936969	8167
chr1	238928802	239128802	harbor2	chr1	238940445	238940715	DNA/TcMar-Tigger	786	+	135	238940580	11778
chr1	238928802	239128802	harbor2	chr1	238975008	238975349	DNA/TcMar-Tigger	2887	+	170	238975178	46376
chr1	238928802	239128802	harbor2	chr1	238975660	238975862	DNA/TcMar-Tigger	2887	+	101	238975761	46959
chr1	245997606	246197606	harbor2	chr1	246026381	246028033	DNA/TcMar-Tigger	9302	+	826	246027207	29601
chr1	245997606	246197606	harbor2	chr1	246040956	246041286	DNA/TcMar-Tigger	1826	+	165	246041121	43515
chr1	244363444	244563444	harbor2	chr1	244406409	244407141	DNA/TcMar-Tigger	3741	+	366	244406775	43331
chr1	244363444	244563444	harbor2	chr1	244407145	244407498	DNA/TcMar-Tigger	1955	+	176	244407321	43877
chr1	191744002	191944002	harbor2	chr1	191763496	191763986	DNA/TcMar-Tigger	1945	+	245	191763741	19739
chr1	191744002	191944002	harbor2	chr1	191816633	191817061	DNA/TcMar-Tigger	2041	+	214	191816847	72845
chr1	191744002	191944002	harbor2	chr1	191838442	191838770	DNA/TcMar-Tigger	1597	+	164	191838606	94604
chr1	207031304	207231304	harbor2	chr1	207086423	207086590	DNA/TcMar-Tigger	472	+	84	207086507	55203
chr1	182771213	182971213	harbor2	chr1	182793805	182794013	DNA/TcMar-Tigger	968	+	104	182793909	22696
chr1	240849580	241049580	harbor2	chr1	240850126	240852503	DNA/TcMar-Tigger	14415	+	1188	240851314	1734
chr1	240849580	241049580	harbor2	chr1	240883504	240883795	DNA/TcMar-Tigger	2994	+	146	240883650	34070
chr1	240849580	241049580	harbor2	chr1	240884105	240884449	DNA/TcMar-Tigger	2994	+	172	240884277	34697
chr1	219423544	219623544	harbor2	chr1	219463491	219463693	DNA/TcMar-Tigger	665	+	101	219463592	40048
chr1	87815295	88015295	harbor2	chr1	87830747	87831083	DNA/TcMar-Tigger	2144	+	168	87830915	15620
chr1	149124647	149324647	harbor2	chr1	149217087	149217428	DNA/TcMar-Tigger	1687	+	170	149217257	92610
chr1	240690402	240890402	harbor2	chr1	240774779	240775077	DNA/TcMar-Tigger	1290	+	149	240774928	84526
chr1	230709504	230909504	harbor2	chr1	230756558	230756651	DNA/TcMar-Tigger	504	+	46	230756604	47100
chr1	230709504	230909504	harbor2	chr1	230757072	230757217	DNA/TcMar-Tigger	892	+	72	230757144	47640
chr1	230709504	230909504	harbor2	chr1	230769691	230770100	DNA/TcMar-Tigger	2211	+	204	230769895	60391
chr1	243259341	243459341	harbor2	chr1	243300820	243301965	DNA/TcMar-Tigger	17140	+	572	243301392	42051
chr1	243259341	243459341	harbor2	chr1	243304085	243304153	DNA/TcMar-Tigger	17140	+	34	243304119	44778
chr1	243259341	243459341	harbor2	chr1	243325913	243326106	DNA/TcMar-Tigger	507	+	96	243326009	66668
chr1	243259341	243459341	harbor2	chr1	243326311	243326807	DNA/TcMar-Tigger	921	+	248	243326559	67218
chr1	243259341	243459341	harbor2	chr1	243302271	243303790	DNA/TcMar-Tigger	17140	+	760	243303031	43690
chr1	241178131	241378131	harbor2	chr1	241184451	241184828	DNA/TcMar-Tigger	1613	+	188	241184639	6508
chr1	236818810	237018810	harbor2	chr1	236851061	236851695	DNA/TcMar-Tigger	3178	+	317	236851378	32568
chr1	236818810	237018810	harbor2	chr1	236866090	236868487	DNA/TcMar-Tigger	14616	+	1198	236867288	48478
chr1	236818810	237018810	harbor2	chr1	236905231	236905509	DNA/TcMar-Tigger	629	+	139	236905370	86560
chr1	173238349	173438349	harbor2	chr1	173283877	173284178	DNA/TcMar-Tigger	1846	+	150	173284027	45678
chr1	173238349	173438349	harbor2	chr1	173284342	173285902	DNA/TcMar-Tigger	9928	+	780	173285122	46773
chr1	191379444	191579444	harbor2	chr1	191414611	191414920	DNA/TcMar-Tigger	747	+	154	191414765	35321
chr1	191379444	191579444	harbor2	chr1	191415044	191415475	DNA/TcMar-Tigger	2221	+	216	191415260	35816
chr1	191379444	191579444	harbor2	chr1	191454823	191455134	DNA/TcMar-Tigger	1548	+	156	191454979	75535
chr1	215226560	215426560	harbor2	chr1	215263268	215263808	DNA/TcMar-Tigger	2958	+	270	215263538	36978
chr1	235718422	235918422	harbor2	chr1	235742811	235743131	DNA/TcMar-Tigger	1657	+	160	235742971	24549
chr1	225041215	225241215	harbor2	chr1	225047339	225047663	DNA/TcMar-Tigger	1888	+	162	225047501	6286
chr1	246720650	246920650	harbor2	chr1	246805099	246805410	DNA/TcMar-Tigger	1198	+	156	246805255	84605
chr1	178352446	178552446	harbor2	chr1	178361501	178361633	DNA/TcMar-Tigger	2062	+	66	178361567	9121
chr1	178352446	178552446	harbor2	chr1	178362126	178362339	DNA/TcMar-Tigger	2062	+	106	178362232	9786
chr1	178352446	178552446	harbor2	chr1	178391194	178391448	DNA/TcMar-Tigger	471	+	127	178391321	38875
chr1	183072411	183272411	harbor2	chr1	183154845	183155067	DNA/TcMar-Tigger	6279	+	111	183154956	82545
chr1	183072411	183272411	harbor2	chr1	183155671	183156476	DNA/TcMar-Tigger	6279	+	402	183156073	83662
chr1	198689580	198889580	harbor2	chr1	198702136	198702271	DNA/TcMar-Tigger	444	+	68	198702204	12624
chr1	198689580	198889580	harbor2	chr1	198709141	198709506	DNA/TcMar-Tigger	1478	+	182	198709323	19743
chr1	198689580	198889580	harbor2	chr1	198778955	198779120	DNA/TcMar-Tigger	778	+	82	198779037	89457
chr1	198689580	198889580	harbor2	chr1	198779110	198779306	DNA/TcMar-Tigger	1223	+	98	198779208	89628
chr1	237704271	237904271	harbor2	chr1	237748759	237749086	DNA/TcMar-Tigger	1597	+	164	237748923	44652
chr1	236049308	236249308	harbor2	chr1	236052545	236052895	DNA/TcMar-Tigger	4071	+	175	236052720	3412
chr1	236049308	236249308	harbor2	chr1	236052923	236053411	DNA/TcMar-Tigger	4071	+	244	236053167	3859
chr1	236049308	236249308	harbor2	chr1	236079332	236079602	DNA/TcMar-Tigger	924	+	135	236079467	30159
chr1	236049308	236249308	harbor2	chr1	236079804	236080012	DNA/TcMar-Tigger	920	+	104	236079908	30600
chr1	245828070	246028070	harbor2	chr1	245841844	245842206	DNA/TcMar-Tigger	1414	+	181	245842025	13955
chr1	196228220	196428220	harbor2	chr1	196229105	196230541	DNA/TcMar-Tigger	8274	+	718	196229823	1603
chr1	196228220	196428220	harbor2	chr1	196230534	196231376	DNA/TcMar-Tigger	5326	+	421	196230955	2735
chr1	203480744	203680744	harbor2	chr1	203493047	203493376	DNA/TcMar-Tigger	1899	+	164	203493211	12467
chr1	177610094	177810094	harbor2	chr1	177702231	177702877	DNA/TcMar-Tigger	3098	+	323	177702554	92460
chr1	204042223	204242223	harbor2	chr1	204109315	204109664	DNA/TcMar-Tigger	2002	+	174	204109489	67266
chr1	57157366	57357366	harbor2	chr1	57173259	57173598	DNA/TcMar-Tigger	2259	+	170	57173429	16063
chr1	57157366	57357366	harbor2	chr1	57174792	57175372	DNA/TcMar-Tigger	872	+	290	57175082	17716
chr1	57157366	57357366	harbor2	chr1	57211685	57211992	DNA/TcMar-Tigger	1273	+	154	57211839	54473
chr1	247152841	247352841	harbor2	chr1	247162448	247162563	DNA/TcMar-Tigger	714	+	58	247162506	9665
chr1	100205855	100405855	harbor2	chr1	100207160	100207240	DNA/TcMar-Tigger	462	+	40	100207200	1345
chr1	100205855	100405855	harbor2	chr1	100208163	100208383	DNA/TcMar-Tigger	1348	+	110	100208273	2418
chr1	100205855	100405855	harbor2	chr1	100232038	100232291	DNA/TcMar-Tigger	1396	+	126	100232164	26309
chr1	100205855	100405855	harbor2	chr1	100282629	100282805	DNA/TcMar-Tigger	1443	+	88	100282717	76862
chr1	100205855	100405855	harbor2	chr1	100283096	100283160	DNA/TcMar-Tigger	1443	+	32	100283128	77273
chr1	100205855	100405855	harbor2	chr1	100283461	100283542	DNA/TcMar-Tigger	1443	+	40	100283501	77646
chr1	215166803	215366803	harbor2	chr1	215263268	215263808	DNA/TcMar-Tigger	2958	+	270	215263538	96735
chr1	243072680	243272680	harbor2	chr1	243129764	243130114	DNA/TcMar-Tigger	1602	+	175	243129939	57259
chr1	243072680	243272680	harbor2	chr1	243151338	243152222	DNA/TcMar-Tigger	11510	+	442	243151780	79100
chr1	243072680	243272680	harbor2	chr1	243152831	243153813	DNA/TcMar-Tigger	11510	+	491	243153322	80642
chr1	169227112	169427112	harbor2	chr1	169291673	169291999	DNA/TcMar-Tigger	1739	+	163	169291836	64724
chr1	192175076	192375076	harbor2	chr1	192219942	192220171	DNA/TcMar-Tigger	14401	+	114	192220056	44980
chr1	192175076	192375076	harbor2	chr1	192220473	192222813	DNA/TcMar-Tigger	14401	+	1170	192221643	46567
chr1	231713143	231913143	harbor2	chr1	231792093	231792278	DNA/TcMar-Tigger	507	+	92	231792185	79042
chr1	208129250	208329250	harbor2	chr1	208138135	208138487	DNA/TcMar-Tigger	2049	+	176	208138311	9061
chr1	79196825	79396825	harbor2	chr1	79255365	79255700	DNA/TcMar-Tigger	1683	+	168	79255533	58708
chr1	80833785	81033785	harbor2	chr1	80888188	80888510	DNA/TcMar-Tigger	1736	+	161	80888349	54564
chr1	248460708	248660708	harbor2	chr1	248470134	248470366	DNA/TcMar-Tigger	1280	+	116	248470250	9542
chr1	214163154	214363154	harbor2	chr1	214199265	214199464	DNA/TcMar-Tigger	882	+	100	214199365	36211
chr1	214163154	214363154	harbor2	chr1	214200630	214200873	DNA/TcMar-Tigger	1405	+	122	214200752	37598
chr1	214163154	214363154	harbor2	chr1	214253389	214253679	DNA/TcMar-Tigger	1183	+	145	214253534	90380
chr1	85453983	85653983	harbor2	chr1	85456369	85456734	DNA/TcMar-Tigger	2317	+	182	85456551	2568
chr1	85453983	85653983	harbor2	chr1	85543646	85544110	DNA/TcMar-Tigger	954	+	232	85543878	89895
chr1	234757802	234957802	harbor2	chr1	234790702	234791112	DNA/TcMar-Tigger	2520	+	205	234790907	33105
chr1	186035148	186235148	harbor2	chr1	186097283	186097493	DNA/TcMar-Tigger	780	+	105	186097388	62240
chr1	146253709	146453709	harbor2	chr1	146332135	146332370	DNA/TcMar-Tigger	1330	+	118	146332253	78544
chr1	230652266	230852266	harbor2	chr1	230688949	230689048	DNA/TcMar-Tigger	420	+	50	230688999	36733
chr1	230652266	230852266	harbor2	chr1	230689206	230689279	DNA/TcMar-Tigger	518	+	36	230689242	36976
chr1	233168713	233368713	harbor2	chr1	233229172	233229472	DNA/TcMar-Tigger	779	+	150	233229322	60609
chr1	233168713	233368713	harbor2	chr1	233232186	233232497	DNA/TcMar-Tigger	1827	+	156	233232342	63629
chr1	233168713	233368713	harbor2	chr1	233259891	233260097	DNA/TcMar-Tigger	1182	+	103	233259994	91281
chr1	231406183	231606183	harbor2	chr1	231438160	231438478	DNA/TcMar-Tigger	1399	+	159	231438319	32136
chr1	231406183	231606183	harbor2	chr1	231488385	231488537	DNA/TcMar-Tigger	458	+	76	231488461	82278
chr1	231406183	231606183	harbor2	chr1	231491094	231491168	DNA/TcMar-Tigger	1942	+	37	231491131	84948
chr1	231406183	231606183	harbor2	chr1	231491462	231491733	DNA/TcMar-Tigger	1942	+	136	231491598	85415
chr1	231406183	231606183	harbor2	chr1	231494389	231495073	DNA/TcMar-Tigger	4162	+	342	231494731	88548
chr1	231406183	231606183	harbor2	chr1	231495348	231495512	DNA/TcMar-Tigger	4162	+	82	231495430	89247
chr1	231406183	231606183	harbor2	chr1	231496122	231496300	DNA/TcMar-Tigger	4162	+	89	231496211	90028
chr1	231406183	231606183	harbor2	chr1	231496593	231496693	DNA/TcMar-Tigger	4162	+	50	231496643	90460
chr1	220177444	220377444	harbor2	chr1	220180874	220181130	DNA/TcMar-Tigger	1480	+	128	220181002	3558
chr1	220177444	220377444	harbor2	chr1	220181294	220181393	DNA/TcMar-Tigger	449	+	50	220181344	3900
chr1	203652400	203852400	harbor2	chr1	203653856	203653960	DNA/TcMar-Tigger	12963	+	52	203653908	1508
chr1	203652400	203852400	harbor2	chr1	203654284	203654607	DNA/TcMar-Tigger	12963	+	162	203654446	2046
chr1	203652400	203852400	harbor2	chr1	203654916	203655363	DNA/TcMar-Tigger	12963	+	224	203655140	2740
chr1	203652400	203852400	harbor2	chr1	203655676	203655899	DNA/TcMar-Tigger	12963	+	112	203655788	3388
chr1	203652400	203852400	harbor2	chr1	203657997	203658202	DNA/TcMar-Tigger	844	+	102	203658099	5699
chr1	203652400	203852400	harbor2	chr1	203652493	203653638	DNA/TcMar-Tigger	12963	+	572	203653065	665
chr1	195498014	195698014	harbor2	chr1	195550526	195551041	DNA/TcMar-Tigger	2361	+	258	195550784	52770
chr1	195498014	195698014	harbor2	chr1	195553247	195553349	DNA/TcMar-Tigger	2884	+	51	195553298	55284
chr1	195498014	195698014	harbor2	chr1	195553396	195553414	DNA/TcMar-Tigger	2884	+	9	195553405	55391
chr1	195498014	195698014	harbor2	chr1	195553695	195554191	DNA/TcMar-Tigger	2884	+	248	195553943	55929
chr1	233098992	233298992	harbor2	chr1	233123603	233124074	DNA/TcMar-Tigger	739	+	236	233123839	24847
chr1	233098992	233298992	harbor2	chr1	233137074	233137678	DNA/TcMar-Tigger	3146	+	302	233137376	38384
chr1	233098992	233298992	harbor2	chr1	233145936	233146024	DNA/TcMar-Tigger	518	+	44	233145980	46988
chr1	248412265	248612265	harbor2	chr1	248447826	248448515	DNA/TcMar-Tigger	1744	+	344	248448170	35905
chr1	248412265	248612265	harbor2	chr1	248470134	248470366	DNA/TcMar-Tigger	1280	+	116	248470250	57985
chr1	186314093	186514093	harbor2	chr1	186363552	186365102	DNA/TcMar-Tigger	13987	+	775	186364327	50234
chr1	186314093	186514093	harbor2	chr1	186365396	186366567	DNA/TcMar-Tigger	13987	+	586	186365982	51889
chr1	186314093	186514093	harbor2	chr1	186411071	186411299	DNA/TcMar-Tigger	1438	+	114	186411185	97092
chr1	186314093	186514093	harbor2	chr1	186413112	186413322	DNA/TcMar-Tigger	1162	+	105	186413217	99124
chr1	200602030	200802030	harbor2	chr1	200638765	200639134	DNA/TcMar-Tigger	2598	+	184	200638949	36919
chr1	200602030	200802030	harbor2	chr1	200639442	200639476	DNA/TcMar-Tigger	2598	+	17	200639459	37429
chr1	200602030	200802030	harbor2	chr1	200639751	200639955	DNA/TcMar-Tigger	2598	+	102	200639853	37823
chr1	200602030	200802030	harbor2	chr1	200660744	200660930	DNA/TcMar-Tigger	647	+	93	200660837	58807
chr1	200602030	200802030	harbor2	chr1	200692683	200693012	DNA/TcMar-Tigger	1182	+	164	200692847	90817
chr1	200602030	200802030	harbor2	chr1	200638437	200638487	DNA/TcMar-Tigger	2598	+	25	200638462	36432
chr1	233993750	234193750	harbor2	chr1	233996087	233996425	DNA/TcMar-Tigger	1910	+	169	233996256	2506
chr1	238635275	238835275	harbor2	chr1	238697552	238697919	DNA/TcMar-Tigger	1980	+	184	238697736	62461
chr1	238635275	238835275	harbor2	chr1	238709622	238710213	DNA/TcMar-Tigger	2322	+	296	238709918	74643
chr1	243559652	243759652	harbor2	chr1	243647186	243647517	DNA/TcMar-Tigger	1930	+	166	243647352	87700
chr1	219505965	219705965	harbor2	chr1	219531868	219532306	DNA/TcMar-Tigger	2558	+	219	219532087	26122
chr1	204973204	205173204	harbor2	chr1	205050393	205050626	DNA/TcMar-Tigger	2481	+	116	205050509	77305
chr1	204973204	205173204	harbor2	chr1	205050919	205051060	DNA/TcMar-Tigger	2481	+	70	205050989	77785
chr1	231067764	231267764	harbor2	chr1	231135987	231136052	DNA/TcMar-Tigger	418	+	32	231136019	68255
chr1	231067764	231267764	harbor2	chr1	231136392	231136635	DNA/TcMar-Tigger	1739	+	122	231136514	68750
chr1	231067764	231267764	harbor2	chr1	231149044	231149385	DNA/TcMar-Tigger	1957	+	170	231149214	81450
chr1	217022700	217222700	harbor2	chr1	217060609	217060788	DNA/TcMar-Tigger	649	+	90	217060699	37999
chr1	217022700	217222700	harbor2	chr1	217060833	217061129	DNA/TcMar-Tigger	649	+	148	217060981	38281
chr1	217022700	217222700	harbor2	chr1	217082893	217083197	DNA/TcMar-Tigger	448	+	152	217083045	60345
chr1	213209197	213409197	harbor2	chr1	213308630	213309009	DNA/TcMar-Tigger	1207	+	190	213308820	99623
chr1	96968652	97168652	harbor2	chr1	97061112	97061461	DNA/TcMar-Tigger	843	+	174	97061286	92634
chr1	223951694	224151694	harbor2	chr1	224018633	224018947	DNA/TcMar-Tigger	1885	+	157	224018790	67096
chr1	223951694	224151694	harbor2	chr1	224033960	224034464	DNA/TcMar-Tigger	2770	+	252	224034212	82518
chr1	223951694	224151694	harbor2	chr1	224046608	224046961	DNA/TcMar-Tigger	1832	+	176	224046784	95090
chr1	223951694	224151694	harbor2	chr1	224051224	224051406	DNA/TcMar-Tigger	2249	+	91	224051315	99621
chr1	237411472	237611472	harbor2	chr1	237475898	237476219	DNA/TcMar-Tigger	760	+	160	237476058	64586
chr1	167887707	168087707	harbor2	chr1	167921593	167921718	DNA/TcMar-Tigger	538	+	62	167921655	33948
chr1	167887707	168087707	harbor2	chr1	167921727	167921946	DNA/TcMar-Tigger	604	+	110	167921837	34130
chr1	167887707	168087707	harbor2	chr1	167924722	167924818	DNA/TcMar-Tigger	413	+	48	167924770	37063
chr1	174187051	174387051	harbor2	chr1	174246446	174246789	DNA/TcMar-Tigger	1802	+	172	174246618	59567
chr1	174187051	174387051	harbor2	chr1	174266458	174267961	DNA/TcMar-Tigger	6142	+	752	174267210	80159
chr1	174187051	174387051	harbor2	chr1	174274298	174274605	DNA/TcMar-Tigger	1168	+	154	174274452	87401
chr1	78244959	78444959	harbor2	chr1	78293092	78293369	DNA/TcMar-Tigger	2839	+	138	78293230	48271
chr1	78244959	78444959	harbor2	chr1	78295658	78295828	DNA/TcMar-Tigger	2839	+	85	78295743	50784
chr1	78244959	78444959	harbor2	chr1	78299536	78299782	DNA/TcMar-Tigger	1277	+	123	78299659	54700
chr1	245986290	246186290	harbor2	chr1	246026381	246028033	DNA/TcMar-Tigger	9302	+	826	246027207	40917
chr1	245986290	246186290	harbor2	chr1	246040956	246041286	DNA/TcMar-Tigger	1826	+	165	246041121	54831
chr1	174041563	174241563	harbor2	chr1	174041843	174041915	DNA/TcMar-Tigger	1858	+	36	174041879	316
chr1	174041563	174241563	harbor2	chr1	174102793	174102889	DNA/TcMar-Tigger	1393	+	48	174102841	61278
chr1	174041563	174241563	harbor2	chr1	174103192	174103352	DNA/TcMar-Tigger	1393	+	80	174103272	61709
chr1	174041563	174241563	harbor2	chr1	174132314	174132557	DNA/TcMar-Tigger	1163	+	122	174132436	90873
chr1	239536944	239736944	harbor2	chr1	239539541	239539627	DNA/TcMar-Tigger	1730	+	43	239539584	2640
chr1	239536944	239736944	harbor2	chr1	239539916	239540186	DNA/TcMar-Tigger	1730	+	135	239540051	3107
chr1	239536944	239736944	harbor2	chr1	239541016	239541166	DNA/TcMar-Tigger	785	+	75	239541091	4147
chr1	239536944	239736944	harbor2	chr1	239594738	239594806	DNA/TcMar-Tigger	1605	+	34	239594772	57828
chr1	239536944	239736944	harbor2	chr1	239595120	239595371	DNA/TcMar-Tigger	1605	+	126	239595246	58302
chr1	239536944	239736944	harbor2	chr1	239605195	239605529	DNA/TcMar-Tigger	1878	+	167	239605362	68418
chr1	239536944	239736944	harbor2	chr1	239620919	239623116	DNA/TcMar-Tigger	12652	+	1098	239622017	85073
chr1	239536944	239736944	harbor2	chr1	239629524	239629700	DNA/TcMar-Tigger	920	+	88	239629612	92668
chr1	102037395	102237395	harbor2	chr1	102041921	102042123	DNA/TcMar-Tigger	1086	+	101	102042022	4627
chr1	192298548	192498548	harbor2	chr1	192305521	192305964	DNA/TcMar-Tigger	2216	+	222	192305743	7195
chr1	192298548	192498548	harbor2	chr1	192382234	192382476	DNA/TcMar-Tigger	671	+	121	192382355	83807
chr1	225098806	225298806	harbor2	chr1	225141174	225141531	DNA/TcMar-Tigger	1337	+	178	225141352	42546
chr1	225098806	225298806	harbor2	chr1	225188143	225188259	DNA/TcMar-Tigger	708	+	58	225188201	89395
chr1	225098806	225298806	harbor2	chr1	225188258	225188596	DNA/TcMar-Tigger	1737	+	169	225188427	89621
chr1	230252696	230452696	harbor2	chr1	230257368	230257689	DNA/TcMar-Tigger	1844	+	160	230257528	4832
chr1	230252696	230452696	harbor2	chr1	230345566	230345900	DNA/TcMar-Tigger	1591	+	167	230345733	93037
chr1	230252696	230452696	harbor2	chr1	230346021	230346045	DNA/TcMar-Tigger	417	+	12	230346033	93337
chr1	230252696	230452696	harbor2	chr1	230346335	230346412	DNA/TcMar-Tigger	417	+	38	230346373	93677
chr1	231307694	231507694	harbor2	chr1	231316826	231316895	DNA/TcMar-Tigger	417	+	34	231316860	9166
chr1	231307694	231507694	harbor2	chr1	231316894	231317285	DNA/TcMar-Tigger	1712	+	196	231317090	9396
chr1	231307694	231507694	harbor2	chr1	231318207	231318308	DNA/TcMar-Tigger	467	+	50	231318257	10563
chr1	231307694	231507694	harbor2	chr1	231329244	231329563	DNA/TcMar-Tigger	1659	+	160	231329404	21710
chr1	231307694	231507694	harbor2	chr1	231342339	231342420	DNA/TcMar-Tigger	1032	+	40	231342379	34685
chr1	231307694	231507694	harbor2	chr1	231343037	231343223	DNA/TcMar-Tigger	1032	+	93	231343130	35436
chr1	231307694	231507694	harbor2	chr1	231343287	231343459	DNA/TcMar-Tigger	682	+	86	231343373	35679
chr1	231307694	231507694	harbor2	chr1	231376127	231376636	DNA/TcMar-Tigger	2795	+	254	231376381	68687
chr1	238453855	238653855	harbor2	chr1	238548962	238549244	DNA/TcMar-Tigger	1506	+	141	238549103	95248
chr1	231714762	231914762	harbor2	chr1	231792093	231792278	DNA/TcMar-Tigger	507	+	92	231792185	77423
chr1	246665785	246865785	harbor2	chr1	246706549	246706682	DNA/TcMar-Tigger	685	+	66	246706615	40830
chr1	225820739	226020739	harbor2	chr1	225857270	225857894	DNA/TcMar-Tigger	1376	+	312	225857582	36843
chr1	206639002	206839002	harbor2	chr1	206710081	206711110	DNA/TcMar-Tigger	5370	+	514	206710595	71593
chr1	244929432	245129432	harbor2	chr1	244989811	244990472	DNA/TcMar-Tigger	3685	+	330	244990141	60709
chr1	199463082	199663082	harbor2	chr1	199471594	199471925	DNA/TcMar-Tigger	1981	+	166	199471760	8678
chr1	174021300	174221300	harbor2	chr1	174041101	174041286	DNA/TcMar-Tigger	1185	+	92	174041193	19893
chr1	174021300	174221300	harbor2	chr1	174041302	174041541	DNA/TcMar-Tigger	1858	+	120	174041422	20122
chr1	174021300	174221300	harbor2	chr1	174041843	174041915	DNA/TcMar-Tigger	1858	+	36	174041879	20579
chr1	174021300	174221300	harbor2	chr1	174102793	174102889	DNA/TcMar-Tigger	1393	+	48	174102841	81541
chr1	174021300	174221300	harbor2	chr1	174103192	174103352	DNA/TcMar-Tigger	1393	+	80	174103272	81972
chr1	235471663	235671663	harbor2	chr1	235533817	235534036	DNA/TcMar-Tigger	1407	+	110	235533927	62264
chr1	235471663	235671663	harbor2	chr1	235534357	235534538	DNA/TcMar-Tigger	1349	+	90	235534447	62784
chr1	235471663	235671663	harbor2	chr1	235534834	235534913	DNA/TcMar-Tigger	1349	+	40	235534874	63211
chr1	58553333	58753333	harbor2	chr1	58566380	58566402	DNA/TcMar-Tigger	1063	+	11	58566391	13058
chr1	58553333	58753333	harbor2	chr1	58566927	58567179	DNA/TcMar-Tigger	1063	+	126	58567053	13720
chr1	58553333	58753333	harbor2	chr1	58609792	58610031	DNA/TcMar-Tigger	1125	+	120	58609912	56579
chr1	58553333	58753333	harbor2	chr1	58641369	58641767	DNA/TcMar-Tigger	2300	+	199	58641568	88235
chr1	182513510	182713510	harbor2	chr1	182537127	182537458	DNA/TcMar-Tigger	1526	+	166	182537293	23783
chr1	182513510	182713510	harbor2	chr1	182551761	182552085	DNA/TcMar-Tigger	1899	+	162	182551923	38413
chr1	182513510	182713510	harbor2	chr1	182575814	182575936	DNA/TcMar-Tigger	480	+	61	182575875	62365
chr1	182513510	182713510	harbor2	chr1	182587817	182588185	DNA/TcMar-Tigger	2241	+	184	182588001	74491
chr1	209241036	209441036	harbor2	chr1	209276552	209277142	DNA/TcMar-Tigger	4365	+	295	209276847	35811
chr1	209241036	209441036	harbor2	chr1	209277453	209277539	DNA/TcMar-Tigger	4365	+	43	209277496	36460
chr1	227212491	227412491	harbor2	chr1	227214924	227215189	DNA/TcMar-Tigger	826	+	132	227215056	2565
chr1	227212491	227412491	harbor2	chr1	227223710	227224082	DNA/TcMar-Tigger	1489	+	186	227223896	11405
chr1	211170860	211370860	harbor2	chr1	211194484	211194684	DNA/TcMar-Tigger	978	+	100	211194584	23724
chr1	211170860	211370860	harbor2	chr1	211236673	211236752	DNA/TcMar-Tigger	1545	+	40	211236713	65853
chr1	211170860	211370860	harbor2	chr1	211237061	211237298	DNA/TcMar-Tigger	1545	+	118	211237179	66319
chr1	211170860	211370860	harbor2	chr1	211237575	211237790	DNA/TcMar-Tigger	1545	+	108	211237683	66823
chr1	227070105	227270105	harbor2	chr1	227078821	227079016	DNA/TcMar-Tigger	1039	+	98	227078919	8814
chr1	227070105	227270105	harbor2	chr1	227099001	227099369	DNA/TcMar-Tigger	2113	+	184	227099185	29080
chr1	227070105	227270105	harbor2	chr1	227099372	227099445	DNA/TcMar-Tigger	574	+	36	227099408	29303
chr1	227070105	227270105	harbor2	chr1	227114658	227114854	DNA/TcMar-Tigger	1196	+	98	227114756	44651
chr1	227070105	227270105	harbor2	chr1	227143262	227143900	DNA/TcMar-Tigger	3341	+	319	227143581	73476
chr1	203511550	203711550	harbor2	chr1	203605724	203605802	DNA/TcMar-Tigger	412	+	39	203605763	94213
chr1	203511550	203711550	harbor2	chr1	203606057	203606316	DNA/TcMar-Tigger	1545	+	130	203606187	94637
chr1	164977481	165177481	harbor2	chr1	164987881	164988320	DNA/TcMar-Tigger	1693	+	220	164988101	10620
chr1	77829601	78029601	harbor2	chr1	77911162	77911309	DNA/TcMar-Tigger	2104	+	74	77911236	81635
chr1	77829601	78029601	harbor2	chr1	77911608	77911800	DNA/TcMar-Tigger	2104	+	96	77911704	82103
chr1	77829601	78029601	harbor2	chr1	77912096	77912152	DNA/TcMar-Tigger	2104	+	28	77912124	82523
chr1	169740664	169940664	harbor2	chr1	169749613	169749711	DNA/TcMar-Tigger	671	+	49	169749662	8998
chr1	169740664	169940664	harbor2	chr1	169788180	169788631	DNA/TcMar-Tigger	2421	+	226	169788406	47742
chr1	169740664	169940664	harbor2	chr1	169814186	169814725	DNA/TcMar-Tigger	2000	+	270	169814456	73792
chr1	169740664	169940664	harbor2	chr1	169814712	169814896	DNA/TcMar-Tigger	890	+	92	169814804	74140
chr1	231702696	231902696	harbor2	chr1	231792093	231792278	DNA/TcMar-Tigger	507	+	92	231792185	89489
chr1	245298974	245498974	harbor2	chr1	245337912	245338249	DNA/TcMar-Tigger	623	+	168	245338080	39106
chr1	95955950	96155950	harbor2	chr1	96012757	96012948	DNA/TcMar-Tigger	935	+	96	96012853	56903
chr1	228963634	229163634	harbor2	chr1	228965175	228965582	DNA/TcMar-Tigger	2558	+	204	228965379	1745
chr1	228963634	229163634	harbor2	chr1	228980668	228980950	DNA/TcMar-Tigger	1741	+	141	228980809	17175
chr1	228963634	229163634	harbor2	chr1	228981361	228981665	DNA/TcMar-Tigger	5590	+	152	228981513	17879
chr1	228963634	229163634	harbor2	chr1	228981967	228982093	DNA/TcMar-Tigger	5590	+	63	228982030	18396
chr1	228963634	229163634	harbor2	chr1	229001882	229002016	DNA/TcMar-Tigger	614	+	67	229001949	38315
chr1	228963634	229163634	harbor2	chr1	229002434	229002649	DNA/TcMar-Tigger	614	+	108	229002542	38908
chr1	228963634	229163634	harbor2	chr1	229011029	229011602	DNA/TcMar-Tigger	2943	+	286	229011315	47681
chr1	228963634	229163634	harbor2	chr1	228982382	228982902	DNA/TcMar-Tigger	5590	+	260	228982642	19008
chr1	245328212	245528212	harbor2	chr1	245337912	245338249	DNA/TcMar-Tigger	623	+	168	245338080	9868
chr1	94636503	94836503	harbor2	chr1	94680726	94681203	DNA/TcMar-Tigger	1270	+	238	94680964	44461
chr1	94636503	94836503	harbor2	chr1	94681502	94681556	DNA/TcMar-Tigger	1270	+	27	94681529	45026
chr1	169465864	169665864	harbor2	chr1	169518998	169519486	DNA/TcMar-Tigger	911	+	244	169519242	53378
chr1	241404803	241604803	harbor2	chr1	241490930	241491178	DNA/TcMar-Tigger	1128	+	124	241491054	86251
chr1	238029745	238229745	harbor2	chr1	238095731	238096175	DNA/TcMar-Tigger	2177	+	222	238095953	66208
chr1	212211688	212411688	harbor2	chr1	212310991	212311190	DNA/TcMar-Tigger	6019	+	100	212311091	99403
chr1	150000998	150200998	harbor2	chr1	150005972	150006172	DNA/TcMar-Tigger	437	+	100	150006072	5074
chr1	106642132	106842132	harbor2	chr1	106711319	106711489	DNA/TcMar-Tigger	745	+	85	106711404	69272
chr1	106642132	106842132	harbor2	chr1	106712571	106712826	DNA/TcMar-Tigger	1555	+	128	106712699	70567
chr1	106642132	106842132	harbor2	chr1	106713361	106713470	DNA/TcMar-Tigger	1555	+	54	106713415	71283
chr1	248058849	248258849	harbor2	chr1	248060373	248060630	DNA/TcMar-Tigger	1096	+	128	248060501	1652
chr1	248058849	248258849	harbor2	chr1	248066730	248067247	DNA/TcMar-Tigger	772	+	258	248066988	8139
chr1	248058849	248258849	harbor2	chr1	248140388	248140727	DNA/TcMar-Tigger	1495	+	170	248140558	81709
chr1	238096011	238296011	harbor2	chr1	238095731	238096175	DNA/TcMar-Tigger	2177	+	222	238095953	58
chr1	238096011	238296011	harbor2	chr1	238169523	238169754	DNA/TcMar-Tigger	1130	+	116	238169639	73628
chr1	237409367	237609367	harbor2	chr1	237475898	237476219	DNA/TcMar-Tigger	760	+	160	237476058	66691
chr1	248149923	248349923	harbor2	chr1	248175257	248175593	DNA/TcMar-Tigger	1528	+	168	248175425	25502
chr1	248149923	248349923	harbor2	chr1	248197770	248198025	DNA/TcMar-Tigger	1305	+	128	248197898	47975
chr1	171922557	172122557	harbor2	chr1	171950237	171950598	DNA/TcMar-Tigger	1206	+	180	171950417	27860
chr1	171922557	172122557	harbor2	chr1	171977126	171977451	DNA/TcMar-Tigger	702	+	162	171977288	54731
chr1	171922557	172122557	harbor2	chr1	172018453	172018528	DNA/TcMar-Tigger	435	+	38	172018491	95934
chr1	112868264	113068264	harbor2	chr1	112905950	112906133	DNA/TcMar-Tigger	485	+	92	112906042	37778
chr1	112868264	113068264	harbor2	chr1	112934151	112934369	DNA/TcMar-Tigger	1256	+	109	112934260	65996
chr1	159811494	160011494	harbor2	chr1	159815984	159816268	DNA/TcMar-Tigger	6716	+	142	159816126	4632
chr1	159811494	160011494	harbor2	chr1	159816563	159817032	DNA/TcMar-Tigger	6716	+	234	159816797	5303
chr1	159811494	160011494	harbor2	chr1	159817341	159817829	DNA/TcMar-Tigger	6716	+	244	159817585	6091
chr1	226731169	226931169	harbor2	chr1	226754375	226754443	DNA/TcMar-Tigger	415	+	34	226754409	23240
chr1	226731169	226931169	harbor2	chr1	226754968	226756126	DNA/TcMar-Tigger	15757	+	579	226755547	24378
chr1	226731169	226931169	harbor2	chr1	226756433	226757500	DNA/TcMar-Tigger	15757	+	534	226756967	25798
chr1	226731169	226931169	harbor2	chr1	226757794	226757898	DNA/TcMar-Tigger	15757	+	52	226757846	26677
chr1	226731169	226931169	harbor2	chr1	226776040	226776481	DNA/TcMar-Tigger	2181	+	220	226776260	45091
chr1	226731169	226931169	harbor2	chr1	226777038	226777265	DNA/TcMar-Tigger	990	+	114	226777152	45983
chr1	226731169	226931169	harbor2	chr1	226788357	226789209	DNA/TcMar-Tigger	4357	+	426	226788783	57614
chr1	226731169	226931169	harbor2	chr1	226811851	226812167	DNA/TcMar-Tigger	1245	+	158	226812009	80840
chr1	181478814	181678814	harbor2	chr1	181540872	181541090	DNA/TcMar-Tigger	1223	+	109	181540981	62167
chr1	243495700	243695700	harbor2	chr1	243539113	243539532	DNA/TcMar-Tigger	2405	+	210	243539323	43623
chr1	223003259	223203259	harbor2	chr1	223010602	223010852	DNA/TcMar-Tigger	483	+	125	223010727	7468
chr1	225075764	225275764	harbor2	chr1	225141174	225141531	DNA/TcMar-Tigger	1337	+	178	225141352	65588
chr1	218441910	218641910	harbor2	chr1	218484590	218485826	DNA/TcMar-Tigger	6581	+	618	218485208	43298
chr1	218441910	218641910	harbor2	chr1	218510214	218510558	DNA/TcMar-Tigger	737	+	172	218510386	68476
chr1	240918967	241118967	harbor2	chr1	241006711	241006907	DNA/TcMar-Tigger	1787	+	98	241006809	87842
chr1	240918967	241118967	harbor2	chr1	241007217	241007537	DNA/TcMar-Tigger	1787	+	160	241007377	88410
chr1	191159213	191359213	harbor2	chr1	191184390	191184598	DNA/TcMar-Tigger	751	+	104	191184494	25281
chr1	191159213	191359213	harbor2	chr1	191249504	191249709	DNA/TcMar-Tigger	790	+	102	191249606	90393
chr1	191159213	191359213	harbor2	chr1	191256185	191256276	DNA/TcMar-Tigger	527	+	46	191256231	97018
chr1	114571013	114771013	harbor2	chr1	114574173	114574336	DNA/TcMar-Tigger	866	+	82	114574255	3242
chr1	114571013	114771013	harbor2	chr1	114574533	114574624	DNA/TcMar-Tigger	496	+	46	114574579	3566
chr1	114571013	114771013	harbor2	chr1	114665557	114665643	DNA/TcMar-Tigger	437	+	43	114665600	94587
chr1	177842334	178042334	harbor2	chr1	177888026	177888534	DNA/TcMar-Tigger	2549	+	254	177888280	45946
chr1	96990780	97190780	harbor2	chr1	97061112	97061461	DNA/TcMar-Tigger	843	+	174	97061286	70506
chr1	220478557	220678557	harbor2	chr1	220507835	220508159	DNA/TcMar-Tigger	1486	+	162	220507997	29440
chr1	220478557	220678557	harbor2	chr1	220516889	220519270	DNA/TcMar-Tigger	14910	+	1190	220518079	39522
chr1	99208777	99408777	harbor2	chr1	99304117	99304459	DNA/TcMar-Tigger	1926	+	171	99304288	95511
chr1	100043221	100243221	harbor2	chr1	100135812	100136152	DNA/TcMar-Tigger	2386	+	170	100135982	92761
chr1	238231855	238431855	harbor2	chr1	238296679	238299167	DNA/TcMar-Tigger	14127	+	1244	238297923	66068
chr1	238231855	238431855	harbor2	chr1	238239601	238239919	DNA/TcMar-Tigger	1873	+	159	238239760	7905
chr1	215415829	215615829	harbor2	chr1	215474934	215475773	DNA/TcMar-Tigger	4605	+	420	215475354	59525
chr1	89919810	90119810	harbor2	chr1	89991883	89992269	DNA/TcMar-Tigger	2152	+	193	89992076	72266
chr1	218998799	219198799	harbor2	chr1	219031902	219033098	DNA/TcMar-Tigger	6991	+	598	219032500	33701
chr1	218998799	219198799	harbor2	chr1	219041195	219041716	DNA/TcMar-Tigger	2706	+	260	219041455	42656
chr1	218998799	219198799	harbor2	chr1	219041712	219041800	DNA/TcMar-Tigger	589	+	44	219041756	42957
chr1	187686169	187886169	harbor2	chr1	187775839	187776538	DNA/TcMar-Tigger	4015	+	350	187776189	90020
chr1	235513665	235713665	harbor2	chr1	235533817	235534036	DNA/TcMar-Tigger	1407	+	110	235533927	20262
chr1	235513665	235713665	harbor2	chr1	235534357	235534538	DNA/TcMar-Tigger	1349	+	90	235534447	20782
chr1	235513665	235713665	harbor2	chr1	235534834	235534913	DNA/TcMar-Tigger	1349	+	40	235534874	21209
chr1	215256336	215456336	harbor2	chr1	215263268	215263808	DNA/TcMar-Tigger	2958	+	270	215263538	7202
chr1	176849541	177049541	harbor2	chr1	176923471	176923787	DNA/TcMar-Tigger	1644	+	158	176923629	74088
chr1	232015105	232215105	harbor2	chr1	232064394	232064762	DNA/TcMar-Tigger	780	+	184	232064578	49473
chr1	232015105	232215105	harbor2	chr1	232113983	232114587	DNA/TcMar-Tigger	3467	+	302	232114285	99180
chr1	219599758	219799758	harbor2	chr1	219627703	219628138	DNA/TcMar-Tigger	835	+	218	219627921	28163
chr1	226058123	226258123	harbor2	chr1	226100936	226101145	DNA/TcMar-Tigger	4179	+	104	226101040	42917
chr1	226058123	226258123	harbor2	chr1	226101669	226102031	DNA/TcMar-Tigger	4179	+	181	226101850	43727
chr1	226058123	226258123	harbor2	chr1	226102342	226102469	DNA/TcMar-Tigger	4179	+	64	226102406	44283
chr1	226058123	226258123	harbor2	chr1	226102937	226103114	DNA/TcMar-Tigger	1149	+	88	226103025	44902
chr1	226058123	226258123	harbor2	chr1	226103952	226104218	DNA/TcMar-Tigger	1548	+	133	226104085	45962
chr1	193560790	193760790	harbor2	chr1	193615984	193616138	DNA/TcMar-Tigger	666	+	77	193616061	55271
chr1	193560790	193760790	harbor2	chr1	193616130	193617022	DNA/TcMar-Tigger	4754	+	446	193616576	55786
chr1	193560790	193760790	harbor2	chr1	193631879	193632199	DNA/TcMar-Tigger	1603	+	160	193632039	71249
chr1	104648807	104848807	harbor2	chr1	104691163	104692083	DNA/TcMar-Tigger	9422	+	460	104691623	42816
chr1	104648807	104848807	harbor2	chr1	104692389	104693392	DNA/TcMar-Tigger	9422	+	502	104692891	44084
chr1	104648807	104848807	harbor2	chr1	104699308	104700131	DNA/TcMar-Tigger	4158	+	412	104699720	50913
chr1	104648807	104848807	harbor2	chr1	104728849	104728947	DNA/TcMar-Tigger	476	+	49	104728898	80091
chr1	104648807	104848807	harbor2	chr1	104737150	104737255	DNA/TcMar-Tigger	474	+	52	104737202	88395
chr1	176199391	176399391	harbor2	chr1	176201013	176201264	DNA/TcMar-Tigger	1244	+	126	176201139	1748
chr1	176199391	176399391	harbor2	chr1	176201511	176202037	DNA/TcMar-Tigger	685	+	263	176201774	2383
chr1	176199391	176399391	harbor2	chr1	176218159	176218369	DNA/TcMar-Tigger	1119	+	105	176218264	18873
chr1	176199391	176399391	harbor2	chr1	176218730	176218753	DNA/TcMar-Tigger	1119	+	12	176218742	19351
chr1	176199391	176399391	harbor2	chr1	176227297	176227449	DNA/TcMar-Tigger	864	+	76	176227373	27982
chr1	201140882	201340882	harbor2	chr1	201152762	201153558	DNA/TcMar-Tigger	4603	+	398	201153160	12278
chr1	154343451	154543451	harbor2	chr1	154424470	154424790	DNA/TcMar-Tigger	519	+	160	154424630	81179
chr1	154343451	154543451	harbor2	chr1	154425254	154425269	DNA/TcMar-Tigger	519	+	8	154425262	81811
chr1	216853558	217053558	harbor2	chr1	216912771	216912839	DNA/TcMar-Tigger	1653	+	34	216912805	59247
chr1	216853558	217053558	harbor2	chr1	216913142	216913432	DNA/TcMar-Tigger	1653	+	145	216913287	59729
chr1	248051005	248251005	harbor2	chr1	248051867	248051958	DNA/TcMar-Tigger	429	+	46	248051913	908
chr1	248051005	248251005	harbor2	chr1	248060373	248060630	DNA/TcMar-Tigger	1096	+	128	248060501	9496
chr1	248051005	248251005	harbor2	chr1	248066730	248067247	DNA/TcMar-Tigger	772	+	258	248066988	15983
chr1	248051005	248251005	harbor2	chr1	248140388	248140727	DNA/TcMar-Tigger	1495	+	170	248140558	89553
chr1	215893309	216093309	harbor2	chr1	215926964	215927563	DNA/TcMar-Tigger	1056	+	300	215927264	33955
chr1	73702043	73902043	harbor2	chr1	73775454	73776475	DNA/TcMar-Tigger	4794	+	510	73775964	73921
chr1	73702043	73902043	harbor2	chr1	73792863	73793264	DNA/TcMar-Tigger	1115	+	200	73793063	91020
chr1	73702043	73902043	harbor2	chr1	73793559	73793737	DNA/TcMar-Tigger	1115	+	89	73793648	91605
chr1	192878717	193078717	harbor2	chr1	192921358	192921630	DNA/TcMar-Tigger	1435	+	136	192921494	42777
chr1	102484159	102684159	harbor2	chr1	102561919	102563089	DNA/TcMar-Tigger	11987	+	585	102562504	78345
chr1	102484159	102684159	harbor2	chr1	102563330	102563674	DNA/TcMar-Tigger	11987	+	172	102563502	79343
chr1	102484159	102684159	harbor2	chr1	102563965	102564789	DNA/TcMar-Tigger	11987	+	412	102564377	80218
chr1	102484159	102684159	harbor2	chr1	102583173	102583393	DNA/TcMar-Tigger	1309	+	110	102583283	99124
chr1	102484159	102684159	harbor2	chr1	102583559	102583620	DNA/TcMar-Tigger	1309	+	30	102583589	99430
chr1	206211439	206411439	harbor2	chr1	206227543	206228015	DNA/TcMar-Tigger	805	+	236	206227779	16340
chr1	84421661	84621661	harbor2	chr1	84428377	84428623	DNA/TcMar-Tigger	810	+	123	84428500	6839
chr1	84421661	84621661	harbor2	chr1	84449575	84449837	DNA/TcMar-Tigger	498	+	131	84449706	28045
chr1	188904227	189104227	harbor2	chr1	188919577	188920069	DNA/TcMar-Tigger	2395	+	246	188919823	15596
chr1	188904227	189104227	harbor2	chr1	188951563	188952234	DNA/TcMar-Tigger	2944	+	336	188951899	47672
chr1	244323369	244523369	harbor2	chr1	244330604	244330935	DNA/TcMar-Tigger	1286	+	166	244330770	7401
chr1	244323369	244523369	harbor2	chr1	244335473	244335857	DNA/TcMar-Tigger	1968	+	192	244335665	12296
chr1	244323369	244523369	harbor2	chr1	244336129	244336369	DNA/TcMar-Tigger	647	+	120	244336249	12880
chr1	244323369	244523369	harbor2	chr1	244406409	244407141	DNA/TcMar-Tigger	3741	+	366	244406775	83406
chr1	244323369	244523369	harbor2	chr1	244407145	244407498	DNA/TcMar-Tigger	1955	+	176	244407321	83952
chr1	238340873	238540873	harbor2	chr1	238341607	238341722	DNA/TcMar-Tigger	463	+	58	238341665	792
chr1	238340873	238540873	harbor2	chr1	238345647	238346028	DNA/TcMar-Tigger	528	+	190	238345837	4964
chr1	238340873	238540873	harbor2	chr1	238355418	238355486	DNA/TcMar-Tigger	413	+	34	238355452	14579
chr1	238340873	238540873	harbor2	chr1	238355485	238355754	DNA/TcMar-Tigger	1635	+	134	238355619	14746
chr1	238340873	238540873	harbor2	chr1	238356085	238356257	DNA/TcMar-Tigger	879	+	86	238356171	15298
chr1	238340873	238540873	harbor2	chr1	238363795	238364162	DNA/TcMar-Tigger	1496	+	184	238363979	23106
chr1	238340873	238540873	harbor2	chr1	238419591	238419941	DNA/TcMar-Tigger	1914	+	175	238419766	78893
chr1	187375490	187575490	harbor2	chr1	187416592	187416862	DNA/TcMar-Tigger	1231	+	135	187416727	41237
chr1	218004616	218204616	harbor2	chr1	218059019	218059220	DNA/TcMar-Tigger	582	+	100	218059119	54503
chr1	218004616	218204616	harbor2	chr1	218075151	218075269	DNA/TcMar-Tigger	672	+	59	218075210	70594
chr1	234711861	234911861	harbor2	chr1	234790702	234791112	DNA/TcMar-Tigger	2520	+	205	234790907	79046
chr1	148386489	148586489	harbor2	chr1	148470983	148471218	DNA/TcMar-Tigger	1379	+	118	148471101	84612
chr1	224298679	224498679	harbor2	chr1	224309610	224309686	DNA/TcMar-Tigger	412	+	38	224309648	10969
chr1	224298679	224498679	harbor2	chr1	224310206	224310399	DNA/TcMar-Tigger	1070	+	96	224310302	11623
chr1	224298679	224498679	harbor2	chr1	224327486	224327681	DNA/TcMar-Tigger	1275	+	98	224327584	28905
chr1	224298679	224498679	harbor2	chr1	224354437	224355038	DNA/TcMar-Tigger	5054	+	300	224354737	56058
chr1	224298679	224498679	harbor2	chr1	224355344	224355572	DNA/TcMar-Tigger	5054	+	114	224355458	56779
chr1	224298679	224498679	harbor2	chr1	224355571	224355858	DNA/TcMar-Tigger	1862	+	144	224355715	57036
chr1	106321362	106521362	harbor2	chr1	106322660	106322758	DNA/TcMar-Tigger	457	+	49	106322709	1347
chr1	248343681	248543681	harbor2	chr1	248368015	248368342	DNA/TcMar-Tigger	1649	+	164	248368179	24498
chr1	210687508	210887508	harbor2	chr1	210706305	210706491	DNA/TcMar-Tigger	549	+	93	210706398	18890
chr1	231106840	231306840	harbor2	chr1	231135987	231136052	DNA/TcMar-Tigger	418	+	32	231136019	29179
chr1	231106840	231306840	harbor2	chr1	231136392	231136635	DNA/TcMar-Tigger	1739	+	122	231136514	29674
chr1	231106840	231306840	harbor2	chr1	231149044	231149385	DNA/TcMar-Tigger	1957	+	170	231149214	42374
chr1	245323050	245523050	harbor2	chr1	245337912	245338249	DNA/TcMar-Tigger	623	+	168	245338080	15030
chr2	224224135	224424135	harbor2	chr2	224307481	224307556	DNA/TcMar-Tigger	504	+	38	224307519	83384
chr2	224224135	224424135	harbor2	chr2	224307547	224307721	DNA/TcMar-Tigger	884	+	87	224307634	83499
chr2	188091667	188291667	harbor2	chr2	188094561	188094686	DNA/TcMar-Tigger	742	+	62	188094623	2956
chr2	188091667	188291667	harbor2	chr2	188121146	188121662	DNA/TcMar-Tigger	3677	+	258	188121404	29737
chr2	188091667	188291667	harbor2	chr2	188121971	188122092	DNA/TcMar-Tigger	3677	+	60	188122031	30364
chr2	241845072	242045072	harbor2	chr2	241859749	241859901	DNA/TcMar-Tigger	511	+	76	241859825	14753
chr2	218996117	219196117	harbor2	chr2	219083971	219083994	DNA/TcMar-Tigger	453	+	12	219083983	87866
chr2	218996117	219196117	harbor2	chr2	219084305	219084371	DNA/TcMar-Tigger	453	+	33	219084338	88221
chr2	239067234	239267234	harbor2	chr2	239090666	239090848	DNA/TcMar-Tigger	1167	+	91	239090757	23523
chr2	201502385	201702385	harbor2	chr2	201538394	201538661	DNA/TcMar-Tigger	1761	+	134	201538528	36143
chr2	201502385	201702385	harbor2	chr2	201539631	201541529	DNA/TcMar-Tigger	12957	+	949	201540580	38195
chr2	201502385	201702385	harbor2	chr2	201542077	201542245	DNA/TcMar-Tigger	817	+	84	201542161	39776
chr2	201502385	201702385	harbor2	chr2	201551043	201551704	DNA/TcMar-Tigger	2162	+	330	201551373	48988
chr2	201502385	201702385	harbor2	chr2	201552275	201552724	DNA/TcMar-Tigger	1832	+	224	201552499	50114
chr2	201502385	201702385	harbor2	chr2	201577004	201577314	DNA/TcMar-Tigger	1675	+	155	201577159	74774
chr2	201502385	201702385	harbor2	chr2	201585898	201586319	DNA/TcMar-Tigger	2256	+	210	201586108	83723
chr2	148649890	148849890	harbor2	chr2	148712434	148712607	DNA/TcMar-Tigger	867	+	86	148712520	62630
chr2	148649890	148849890	harbor2	chr2	148713039	148713900	DNA/TcMar-Tigger	4405	+	430	148713469	63579
chr2	144946065	145146065	harbor2	chr2	145002411	145002611	DNA/TcMar-Tigger	2112	+	100	145002511	56446
chr2	144946065	145146065	harbor2	chr2	145003012	145003187	DNA/TcMar-Tigger	2112	+	88	145003100	57035
chr2	144946065	145146065	harbor2	chr2	145005040	145005212	DNA/TcMar-Tigger	611	+	86	145005126	59061
chr2	173845788	174045788	harbor2	chr2	173942897	173943096	DNA/TcMar-Tigger	1018	+	100	173942997	97209
chr2	96700455	96900455	harbor2	chr2	96708058	96708523	DNA/TcMar-Tigger	3040	+	232	96708290	7835
chr2	96700455	96900455	harbor2	chr2	96794895	96795127	DNA/TcMar-Tigger	1496	+	116	96795011	94556
chr2	123192333	123392333	harbor2	chr2	123271025	123271304	DNA/TcMar-Tigger	1188	+	140	123271165	78832
chr2	179329043	179529043	harbor2	chr2	179354441	179354673	DNA/TcMar-Tigger	465	+	116	179354557	25514
chr2	218432470	218632470	harbor2	chr2	218477573	218477928	DNA/TcMar-Tigger	1048	+	178	218477751	45281
chr2	218432470	218632470	harbor2	chr2	218530161	218532185	DNA/TcMar-Tigger	13376	+	1012	218531173	98703
chr2	154137434	154337434	harbor2	chr2	154180870	154181145	DNA/TcMar-Tigger	694	+	138	154181008	43574
chr2	229827521	230027521	harbor2	chr2	229839053	229839395	DNA/TcMar-Tigger	1872	+	171	229839224	11703
chr2	229827521	230027521	harbor2	chr2	229846056	229846635	DNA/TcMar-Tigger	3297	+	290	229846346	18825
chr2	229827521	230027521	harbor2	chr2	229884992	229885168	DNA/TcMar-Tigger	810	+	88	229885080	57559
chr2	240485428	240685428	harbor2	chr2	240533889	240534126	DNA/TcMar-Tigger	1230	+	118	240534007	48579
chr2	189967004	190167004	harbor2	chr2	189977820	189978100	DNA/TcMar-Tigger	1668	+	140	189977960	10956
chr2	189967004	190167004	harbor2	chr2	189985344	189985421	DNA/TcMar-Tigger	510	+	38	189985382	18378
chr2	189967004	190167004	harbor2	chr2	190064883	190065259	DNA/TcMar-Tigger	3345	+	188	190065071	98067
chr2	189967004	190167004	harbor2	chr2	190065470	190065789	DNA/TcMar-Tigger	3345	+	160	190065630	98626
chr2	171353917	171553917	harbor2	chr2	171388629	171389237	DNA/TcMar-Tigger	15605	+	304	171388933	35016
chr2	171353917	171553917	harbor2	chr2	171389543	171391406	DNA/TcMar-Tigger	15605	+	932	171390475	36558
chr2	171353917	171553917	harbor2	chr2	171421631	171421863	DNA/TcMar-Tigger	1371	+	116	171421747	67830
chr2	171353917	171553917	harbor2	chr2	171444317	171444642	DNA/TcMar-Tigger	2030	+	162	171444479	90562
chr2	201676087	201876087	harbor2	chr2	201735781	201736043	DNA/TcMar-Tigger	732	+	131	201735912	59825
chr2	201676087	201876087	harbor2	chr2	201737138	201737367	DNA/TcMar-Tigger	1411	+	114	201737252	61165
chr2	201676087	201876087	harbor2	chr2	201772351	201772676	DNA/TcMar-Tigger	1127	+	162	201772513	96426
chr2	168617520	168817520	harbor2	chr2	168695889	168696103	DNA/TcMar-Tigger	996	+	107	168695996	78476
chr2	235579117	235779117	harbor2	chr2	235597617	235597715	DNA/TcMar-Tigger	428	+	49	235597666	18549
chr2	235579117	235779117	harbor2	chr2	235598092	235598562	DNA/TcMar-Tigger	2574	+	235	235598327	19210
chr2	234952307	235152307	harbor2	chr2	234989876	234990209	DNA/TcMar-Tigger	1937	+	166	234990042	37735
chr2	234736652	234936652	harbor2	chr2	234818985	234819295	DNA/TcMar-Tigger	1812	+	155	234819140	82488
chr2	214641648	214841648	harbor2	chr2	214655259	214655690	DNA/TcMar-Tigger	2328	+	216	214655475	13827
chr2	214641648	214841648	harbor2	chr2	214678443	214678668	DNA/TcMar-Tigger	683	+	112	214678555	36907
chr2	234396660	234596660	harbor2	chr2	234407016	234407296	DNA/TcMar-Tigger	6135	+	140	234407156	10496
chr2	234396660	234596660	harbor2	chr2	234407386	234407809	DNA/TcMar-Tigger	6135	+	212	234407598	10938
chr2	234396660	234596660	harbor2	chr2	234408133	234408303	DNA/TcMar-Tigger	6135	+	85	234408218	11558
chr2	234396660	234596660	harbor2	chr2	234408600	234408874	DNA/TcMar-Tigger	6135	+	137	234408737	12077
chr2	234396660	234596660	harbor2	chr2	234477027	234477339	DNA/TcMar-Tigger	1037	+	156	234477183	80523
chr2	213880953	214080953	harbor2	chr2	213964019	213964198	DNA/TcMar-Tigger	869	+	90	213964109	83156
chr2	213880953	214080953	harbor2	chr2	213965278	213965352	DNA/TcMar-Tigger	525	+	37	213965315	84362
chr2	134937452	135137452	harbor2	chr2	134940222	134941159	DNA/TcMar-Tigger	5311	+	468	134940690	3238
chr2	134937452	135137452	harbor2	chr2	134941157	134941557	DNA/TcMar-Tigger	2022	+	200	134941357	3905
chr2	134937452	135137452	harbor2	chr2	134990236	134990465	DNA/TcMar-Tigger	2357	+	114	134990350	52898
chr2	134937452	135137452	harbor2	chr2	134990774	134990913	DNA/TcMar-Tigger	2357	+	70	134990844	53392
chr2	134937452	135137452	harbor2	chr2	134991340	134991451	DNA/TcMar-Tigger	2357	+	56	134991396	53944
chr2	199006957	199206957	harbor2	chr2	199018777	199019346	DNA/TcMar-Tigger	2640	+	284	199019061	12104
chr2	199006957	199206957	harbor2	chr2	199052217	199052453	DNA/TcMar-Tigger	410	+	118	199052335	45378
chr2	177353826	177553826	harbor2	chr2	177417136	177417472	DNA/TcMar-Tigger	1895	+	168	177417304	63478
chr2	177353826	177553826	harbor2	chr2	177423164	177423410	DNA/TcMar-Tigger	484	+	123	177423287	69461
chr2	177353826	177553826	harbor2	chr2	177423561	177423912	DNA/TcMar-Tigger	570	+	176	177423737	69911
chr2	241465292	241665292	harbor2	chr2	241537592	241537980	DNA/TcMar-Tigger	1966	+	194	241537786	72494
chr2	241465292	241665292	harbor2	chr2	241544098	241544198	DNA/TcMar-Tigger	1713	+	50	241544148	78856
chr2	241465292	241665292	harbor2	chr2	241544366	241544631	DNA/TcMar-Tigger	1713	+	132	241544498	79206
chr2	132934362	133134362	harbor2	chr2	133001792	133002123	DNA/TcMar-Tigger	1850	+	166	133001958	67596
chr2	132934362	133134362	harbor2	chr2	133027978	133028170	DNA/TcMar-Tigger	1153	+	96	133028074	93712
chr2	57469719	57669719	harbor2	chr2	57490990	57491307	DNA/TcMar-Tigger	1729	+	158	57491148	21429
chr2	57469719	57669719	harbor2	chr2	57517506	57517757	DNA/TcMar-Tigger	1456	+	126	57517632	47913
chr2	203777634	203977634	harbor2	chr2	203809696	203809935	DNA/TcMar-Tigger	1330	+	120	203809816	32182
chr2	180190418	180390418	harbor2	chr2	180198933	180199271	DNA/TcMar-Tigger	1544	+	169	180199102	8684
chr2	180190418	180390418	harbor2	chr2	180259054	180259387	DNA/TcMar-Tigger	1686	+	166	180259220	68802
chr2	70597744	70797744	harbor2	chr2	70605556	70605884	DNA/TcMar-Tigger	1925	+	164	70605720	7976
chr2	70597744	70797744	harbor2	chr2	70634401	70634694	DNA/TcMar-Tigger	1488	+	146	70634547	36803
chr2	70597744	70797744	harbor2	chr2	70654561	70654650	DNA/TcMar-Tigger	2349	+	44	70654605	56861
chr2	70597744	70797744	harbor2	chr2	70654951	70655356	DNA/TcMar-Tigger	2349	+	202	70655153	57409
chr2	226416283	226616283	harbor2	chr2	226443662	226444011	DNA/TcMar-Tigger	1581	+	174	226443836	27553
chr2	72744643	72944643	harbor2	chr2	72823796	72823952	DNA/TcMar-Tigger	994	+	78	72823874	79231
chr2	203551851	203751851	harbor2	chr2	203604289	203604634	DNA/TcMar-Tigger	2186	+	172	203604461	52610
chr2	241108461	241308461	harbor2	chr2	241167096	241167234	DNA/TcMar-Tigger	417	+	69	241167165	58704
chr2	241108461	241308461	harbor2	chr2	241194618	241194889	DNA/TcMar-Tigger	950	+	136	241194754	86293
chr2	228801323	229001323	harbor2	chr2	228806173	228806375	DNA/TcMar-Tigger	1259	+	101	228806274	4951
chr2	205106837	205306837	harbor2	chr2	205178764	205178860	DNA/TcMar-Tigger	675	+	48	205178812	71975
chr2	205106837	205306837	harbor2	chr2	205178860	205179731	DNA/TcMar-Tigger	5024	+	436	205179296	72459
chr2	222917583	223117583	harbor2	chr2	222926039	222926300	DNA/TcMar-Tigger	1041	+	130	222926169	8586
chr2	222917583	223117583	harbor2	chr2	222940508	222940863	DNA/TcMar-Tigger	1707	+	178	222940686	23103
chr2	190765097	190965097	harbor2	chr2	190795061	190795398	DNA/TcMar-Tigger	535	+	168	190795229	30132
chr2	190765097	190965097	harbor2	chr2	190827489	190827809	DNA/TcMar-Tigger	1068	+	160	190827649	62552
chr2	141673041	141873041	harbor2	chr2	141756622	141756917	DNA/TcMar-Tigger	1799	+	148	141756770	83729
chr2	241859547	242059547	harbor2	chr2	241859749	241859901	DNA/TcMar-Tigger	511	+	76	241859825	278
chr2	49297297	49497297	harbor2	chr2	49322080	49322720	DNA/TcMar-Tigger	5599	+	320	49322400	25103
chr2	49297297	49497297	harbor2	chr2	49323100	49323233	DNA/TcMar-Tigger	5599	+	66	49323166	25869
chr2	49297297	49497297	harbor2	chr2	49323659	49324002	DNA/TcMar-Tigger	5599	+	172	49323831	26534
chr2	209531007	209731007	harbor2	chr2	209537016	209537292	DNA/TcMar-Tigger	1523	+	138	209537154	6147
chr2	84989646	85189646	harbor2	chr2	85031373	85031706	DNA/TcMar-Tigger	1980	+	166	85031539	41893
chr2	84989646	85189646	harbor2	chr2	85046798	85047139	DNA/TcMar-Tigger	1745	+	170	85046968	57322
chr2	149596618	149796618	harbor2	chr2	149663719	149664358	DNA/TcMar-Tigger	3059	+	320	149664039	67421
chr2	233170747	233370747	harbor2	chr2	233256646	233256684	DNA/TcMar-Tigger	1708	+	19	233256665	85918
chr2	233170747	233370747	harbor2	chr2	233256996	233257009	DNA/TcMar-Tigger	1708	+	6	233257002	86255
chr2	233170747	233370747	harbor2	chr2	233257329	233257637	DNA/TcMar-Tigger	1708	+	154	233257483	86736
chr2	233170747	233370747	harbor2	chr2	233269374	233269636	DNA/TcMar-Tigger	905	+	131	233269505	98758
chr2	127462755	127662755	harbor2	chr2	127496282	127496550	DNA/TcMar-Tigger	2839	+	134	127496416	33661
chr2	127462755	127662755	harbor2	chr2	127496586	127496600	DNA/TcMar-Tigger	2839	+	7	127496593	33838
chr2	127462755	127662755	harbor2	chr2	127496874	127497133	DNA/TcMar-Tigger	2839	+	130	127497004	34249
chr2	127462755	127662755	harbor2	chr2	127507766	127508082	DNA/TcMar-Tigger	1650	+	158	127507924	45169
chr2	223624939	223824939	harbor2	chr2	223686436	223686622	DNA/TcMar-Tigger	836	+	93	223686529	61590
chr2	230038502	230238502	harbor2	chr2	230110628	230111115	DNA/TcMar-Tigger	3116	+	244	230110872	72370
chr2	230038502	230238502	harbor2	chr2	230111440	230111967	DNA/TcMar-Tigger	2912	+	264	230111704	73202
chr2	207938153	208138153	harbor2	chr2	207952652	207953127	DNA/TcMar-Tigger	1016	+	238	207952890	14737
chr2	207938153	208138153	harbor2	chr2	207981915	207982119	DNA/TcMar-Tigger	1274	+	102	207982017	43864
chr2	207938153	208138153	harbor2	chr2	207982878	207983051	DNA/TcMar-Tigger	1457	+	86	207982964	44811
chr2	207938153	208138153	harbor2	chr2	207983351	207983416	DNA/TcMar-Tigger	1457	+	32	207983383	45230
chr2	146617968	146817968	harbor2	chr2	146655158	146655251	DNA/TcMar-Tigger	795	+	46	146655204	37236
chr2	146617968	146817968	harbor2	chr2	146656326	146656453	DNA/TcMar-Tigger	795	+	64	146656390	38422
chr2	146617968	146817968	harbor2	chr2	146656464	146656562	DNA/TcMar-Tigger	676	+	49	146656513	38545
chr2	146617968	146817968	harbor2	chr2	146684968	146685270	DNA/TcMar-Tigger	546	+	151	146685119	67151
chr2	214947276	215147276	harbor2	chr2	214949972	214950315	DNA/TcMar-Tigger	1699	+	172	214950144	2868
chr2	169728161	169928161	harbor2	chr2	169815758	169816111	DNA/TcMar-Tigger	1037	+	176	169815934	87773
chr2	220648732	220848732	harbor2	chr2	220736089	220736421	DNA/TcMar-Tigger	1644	+	166	220736255	87523
chr2	187646878	187846878	harbor2	chr2	187666709	187667301	DNA/TcMar-Tigger	12730	+	296	187667005	20127
chr2	187646878	187846878	harbor2	chr2	187667878	187669582	DNA/TcMar-Tigger	12730	+	852	187668730	21852
chr2	209097031	209297031	harbor2	chr2	209170651	209173007	DNA/TcMar-Tigger	14258	+	1178	209171829	74798
chr2	209097031	209297031	harbor2	chr2	209174210	209174309	DNA/TcMar-Tigger	574	+	50	209174260	77229
chr2	209097031	209297031	harbor2	chr2	209174547	209174749	DNA/TcMar-Tigger	1171	+	101	209174648	77617
chr2	231737676	231937676	harbor2	chr2	231794550	231794749	DNA/TcMar-Tigger	572	+	100	231794650	56974
chr2	241356121	241556121	harbor2	chr2	241427295	241427377	DNA/TcMar-Tigger	872	+	41	241427336	71215
chr2	241356121	241556121	harbor2	chr2	241427495	241427638	DNA/TcMar-Tigger	872	+	72	241427567	71446
chr2	101324815	101524815	harbor2	chr2	101366428	101366540	DNA/TcMar-Tigger	1435	+	56	101366484	41669
chr2	101324815	101524815	harbor2	chr2	101366836	101367079	DNA/TcMar-Tigger	1435	+	122	101366958	42143
chr2	199135002	199335002	harbor2	chr2	199172910	199173222	DNA/TcMar-Tigger	6816	+	156	199173066	38064
chr2	199135002	199335002	harbor2	chr2	199173798	199174018	DNA/TcMar-Tigger	6816	+	110	199173908	38906
chr2	199135002	199335002	harbor2	chr2	199174053	199174701	DNA/TcMar-Tigger	6816	+	324	199174377	39375
chr2	199135002	199335002	harbor2	chr2	199193358	199193683	DNA/TcMar-Tigger	1888	+	162	199193520	58518
chr2	25668844	25868844	harbor2	chr2	25670823	25671285	DNA/TcMar-Tigger	2239	+	231	25671054	2210
chr2	25668844	25868844	harbor2	chr2	25703581	25704156	DNA/TcMar-Tigger	5851	+	288	25703869	35025
chr2	25668844	25868844	harbor2	chr2	25704756	25705053	DNA/TcMar-Tigger	5851	+	148	25704904	36060
chr2	25668844	25868844	harbor2	chr2	25707852	25707965	DNA/TcMar-Tigger	853	+	56	25707908	39064
chr2	25668844	25868844	harbor2	chr2	25706459	25706749	DNA/TcMar-Tigger	1988	+	145	25706604	37760
chr2	224586360	224786360	harbor2	chr2	224686079	224686222	DNA/TcMar-Tigger	777	+	72	224686151	99791
chr2	170347697	170547697	harbor2	chr2	170429957	170430177	DNA/TcMar-Tigger	1023	+	110	170430067	82370
chr2	170347697	170547697	harbor2	chr2	170431840	170432579	DNA/TcMar-Tigger	5981	+	370	170432210	84513
chr2	170347697	170547697	harbor2	chr2	170432875	170432941	DNA/TcMar-Tigger	5981	+	33	170432908	85211
chr2	170347697	170547697	harbor2	chr2	170432985	170433246	DNA/TcMar-Tigger	5981	+	130	170433115	85418
chr2	170347697	170547697	harbor2	chr2	170433749	170433873	DNA/TcMar-Tigger	643	+	62	170433811	86114
chr2	73635078	73835078	harbor2	chr2	73653068	73653363	DNA/TcMar-Tigger	1882	+	148	73653216	18138
chr2	220072649	220272649	harbor2	chr2	220136022	220136363	DNA/TcMar-Tigger	1981	+	170	220136192	63543
chr2	195630835	195830835	harbor2	chr2	195667194	195667501	DNA/TcMar-Tigger	591	+	154	195667348	36513
chr2	195630835	195830835	harbor2	chr2	195697187	195697338	DNA/TcMar-Tigger	757	+	76	195697263	66428
chr2	211421627	211621627	harbor2	chr2	211444197	211444530	DNA/TcMar-Tigger	674	+	166	211444363	22736
chr2	199218118	199418118	harbor2	chr2	199237221	199237302	DNA/TcMar-Tigger	1316	+	40	199237261	19143
chr2	199218118	199418118	harbor2	chr2	199237434	199237639	DNA/TcMar-Tigger	1316	+	102	199237536	19418
chr2	199218118	199418118	harbor2	chr2	199267368	199267721	DNA/TcMar-Tigger	1397	+	176	199267544	49426
chr2	199218118	199418118	harbor2	chr2	199284719	199285059	DNA/TcMar-Tigger	1955	+	170	199284889	66771
chr2	140898307	141098307	harbor2	chr2	140925024	140925226	DNA/TcMar-Tigger	1104	+	101	140925125	26818
chr2	220695013	220895013	harbor2	chr2	220736089	220736421	DNA/TcMar-Tigger	1644	+	166	220736255	41242
chr2	130915569	131115569	harbor2	chr2	130960076	130960579	DNA/TcMar-Tigger	2232	+	252	130960328	44759
chr2	130915569	131115569	harbor2	chr2	130997713	130997863	DNA/TcMar-Tigger	948	+	75	130997788	82219
chr2	130915569	131115569	harbor2	chr2	130997936	130998220	DNA/TcMar-Tigger	1206	+	142	130998078	82509
chr2	130915569	131115569	harbor2	chr2	130999560	130999690	DNA/TcMar-Tigger	571	+	65	130999625	84056
chr2	162794510	162994510	harbor2	chr2	162847352	162847690	DNA/TcMar-Tigger	1699	+	169	162847521	53011
chr2	162794510	162994510	harbor2	chr2	162875983	162876060	DNA/TcMar-Tigger	468	+	38	162876021	81511
chr2	162794510	162994510	harbor2	chr2	162876165	162876449	DNA/TcMar-Tigger	1651	+	142	162876307	81797
chr2	123570999	123770999	harbor2	chr2	123665101	123665252	DNA/TcMar-Tigger	508	+	76	123665177	94178
chr2	119331641	119531641	harbor2	chr2	119358043	119358304	DNA/TcMar-Tigger	13004	+	130	119358173	26532
chr2	119331641	119531641	harbor2	chr2	119358598	119360198	DNA/TcMar-Tigger	13004	+	800	119359398	27757
chr2	119331641	119531641	harbor2	chr2	119360501	119360678	DNA/TcMar-Tigger	13004	+	88	119360589	28948
chr2	119331641	119531641	harbor2	chr2	119361211	119361391	DNA/TcMar-Tigger	1049	+	90	119361301	29660
chr2	119331641	119531641	harbor2	chr2	119361392	119361709	DNA/TcMar-Tigger	1443	+	158	119361550	29909
chr2	119331641	119531641	harbor2	chr2	119361710	119361793	DNA/TcMar-Tigger	1049	+	42	119361752	30111
chr2	119331641	119531641	harbor2	chr2	119362005	119362390	DNA/TcMar-Tigger	2216	+	192	119362197	30556
chr2	119331641	119531641	harbor2	chr2	119393323	119393560	DNA/TcMar-Tigger	1223	+	118	119393441	61800
chr2	119331641	119531641	harbor2	chr2	119408001	119408244	DNA/TcMar-Tigger	1391	+	122	119408123	76482
chr2	174899698	175099698	harbor2	chr2	174936720	174936806	DNA/TcMar-Tigger	429	+	43	174936763	37065
chr2	174899698	175099698	harbor2	chr2	174968898	174969147	DNA/TcMar-Tigger	1016	+	124	174969022	69324
chr2	174899698	175099698	harbor2	chr2	174972397	174972813	DNA/TcMar-Tigger	763	+	208	174972605	72907
chr2	174899698	175099698	harbor2	chr2	174972818	174972937	DNA/TcMar-Tigger	409	+	60	174972878	73180
chr2	174899698	175099698	harbor2	chr2	174972944	174973103	DNA/TcMar-Tigger	501	+	80	174973024	73326
chr2	174899698	175099698	harbor2	chr2	174986537	174986731	DNA/TcMar-Tigger	1983	+	97	174986634	86936
chr2	174899698	175099698	harbor2	chr2	174987036	174987278	DNA/TcMar-Tigger	1983	+	121	174987157	87459
chr2	174899698	175099698	harbor2	chr2	174995224	174995391	DNA/TcMar-Tigger	2864	+	84	174995308	95610
chr2	174899698	175099698	harbor2	chr2	174995747	174996131	DNA/TcMar-Tigger	2864	+	192	174995939	96241
chr2	174899698	175099698	harbor2	chr2	174964583	174964794	DNA/TcMar-Tigger	476	+	106	174964689	64991
chr2	141327226	141527226	harbor2	chr2	141385305	141385406	DNA/TcMar-Tigger	419	+	50	141385355	58129
chr2	141327226	141527226	harbor2	chr2	141385446	141386313	DNA/TcMar-Tigger	5482	+	434	141385880	58654
chr2	141327226	141527226	harbor2	chr2	141394986	141395564	DNA/TcMar-Tigger	2874	+	289	141395275	68049
chr2	133457274	133657274	harbor2	chr2	133484538	133484870	DNA/TcMar-Tigger	1679	+	166	133484704	27430
chr2	142280076	142480076	harbor2	chr2	142280377	142280776	DNA/TcMar-Tigger	764	+	200	142280577	501
chr2	142280076	142480076	harbor2	chr2	142313890	142314305	DNA/TcMar-Tigger	2292	+	208	142314098	34022
chr2	208269806	208469806	harbor2	chr2	208321100	208321257	DNA/TcMar-Tigger	541	+	78	208321178	51372
chr2	200856643	201056643	harbor2	chr2	200952605	200952800	DNA/TcMar-Tigger	416	+	98	200952703	96060
chr2	178161413	178361413	harbor2	chr2	178238124	178238820	DNA/TcMar-Tigger	3838	+	348	178238472	77059
chr2	178161413	178361413	harbor2	chr2	178241794	178242111	DNA/TcMar-Tigger	1711	+	158	178241952	80539
chr2	230188101	230388101	harbor2	chr2	230226798	230227116	DNA/TcMar-Tigger	1430	+	159	230226957	38856
chr2	230188101	230388101	harbor2	chr2	230275218	230277550	DNA/TcMar-Tigger	14357	+	1166	230276384	88283
chr2	231803450	232003450	harbor2	chr2	231856993	231857265	DNA/TcMar-Tigger	2835	+	136	231857129	53679
chr2	231803450	232003450	harbor2	chr2	231857557	231857812	DNA/TcMar-Tigger	2835	+	128	231857685	54235
chr2	231803450	232003450	harbor2	chr2	231858744	231858940	DNA/TcMar-Tigger	1256	+	98	231858842	55392
chr2	230141723	230341723	harbor2	chr2	230226798	230227116	DNA/TcMar-Tigger	1430	+	159	230226957	85234
chr2	95570265	95770265	harbor2	chr2	95571496	95571690	DNA/TcMar-Tigger	918	+	97	95571593	1328
chr2	95570265	95770265	harbor2	chr2	95571692	95571788	DNA/TcMar-Tigger	606	+	48	95571740	1475
chr2	95570265	95770265	harbor2	chr2	95573630	95573847	DNA/TcMar-Tigger	1233	+	108	95573738	3473
chr2	149577102	149777102	harbor2	chr2	149663719	149664358	DNA/TcMar-Tigger	3059	+	320	149664039	86937
chr2	150982019	151182019	harbor2	chr2	151049535	151049823	DNA/TcMar-Tigger	1486	+	144	151049679	67660
chr2	173003780	173203780	harbor2	chr2	173009483	173009653	DNA/TcMar-Tigger	771	+	85	173009568	5788
chr2	173003780	173203780	harbor2	chr2	173098305	173098637	DNA/TcMar-Tigger	1927	+	166	173098471	94691
chr2	228104609	228304609	harbor2	chr2	228165730	228166265	DNA/TcMar-Tigger	1226	+	268	228165998	61389
chr2	228104609	228304609	harbor2	chr2	228168287	228170828	DNA/TcMar-Tigger	13183	+	1270	228169557	64948
chr2	148151022	148351022	harbor2	chr2	148168977	148169315	DNA/TcMar-Tigger	705	+	169	148169146	18124
chr2	148151022	148351022	harbor2	chr2	148188026	148188234	DNA/TcMar-Tigger	1100	+	104	148188130	37108
chr2	148151022	148351022	harbor2	chr2	148231639	148231837	DNA/TcMar-Tigger	531	+	99	148231738	80716
chr2	141207846	141407846	harbor2	chr2	141297714	141298046	DNA/TcMar-Tigger	2022	+	166	141297880	90034
chr2	217681055	217881055	harbor2	chr2	217689521	217689599	DNA/TcMar-Tigger	476	+	39	217689560	8505
chr2	217681055	217881055	harbor2	chr2	217757294	217757639	DNA/TcMar-Tigger	1804	+	172	217757466	76411
chr2	174735903	174935903	harbor2	chr2	174758424	174758660	DNA/TcMar-Tigger	1359	+	118	174758542	22639
chr2	192948548	193148548	harbor2	chr2	192952100	192952297	DNA/TcMar-Tigger	990	+	98	192952198	3650
chr2	192948548	193148548	harbor2	chr2	192952273	192952478	DNA/TcMar-Tigger	613	+	102	192952375	3827
chr2	192948548	193148548	harbor2	chr2	193019522	193019980	DNA/TcMar-Tigger	2418	+	229	193019751	71203
chr2	239223067	239423067	harbor2	chr2	239233300	239233532	DNA/TcMar-Tigger	1101	+	116	239233416	10349
chr2	239223067	239423067	harbor2	chr2	239317724	239317914	DNA/TcMar-Tigger	618	+	95	239317819	94752
chr2	239618147	239818147	harbor2	chr2	239701694	239701747	DNA/TcMar-Tigger	1362	+	26	239701720	83573
chr2	239618147	239818147	harbor2	chr2	239702046	239702332	DNA/TcMar-Tigger	1362	+	143	239702189	84042
chr2	202939107	203139107	harbor2	chr2	202972821	202972935	DNA/TcMar-Tigger	870	+	57	202972878	33771
chr2	202939107	203139107	harbor2	chr2	202973061	202973173	DNA/TcMar-Tigger	870	+	56	202973117	34010
chr2	202939107	203139107	harbor2	chr2	202980669	202980981	DNA/TcMar-Tigger	1226	+	156	202980825	41718
chr2	225089496	225289496	harbor2	chr2	225104048	225104478	DNA/TcMar-Tigger	2215	+	215	225104263	14767
chr2	225089496	225289496	harbor2	chr2	225184090	225184401	DNA/TcMar-Tigger	1257	+	156	225184246	94750
chr2	142599861	142799861	harbor2	chr2	142623028	142623364	DNA/TcMar-Tigger	1804	+	168	142623196	23335
chr2	142599861	142799861	harbor2	chr2	142630940	142631134	DNA/TcMar-Tigger	1071	+	97	142631037	31176
chr2	151993138	152193138	harbor2	chr2	152011768	152012326	DNA/TcMar-Tigger	6964	+	279	152012047	18909
chr2	151993138	152193138	harbor2	chr2	152012640	152013258	DNA/TcMar-Tigger	6964	+	309	152012949	19811
chr2	151993138	152193138	harbor2	chr2	152017366	152017425	DNA/TcMar-Tigger	439	+	30	152017396	24258
chr2	151993138	152193138	harbor2	chr2	152017732	152017835	DNA/TcMar-Tigger	439	+	52	152017784	24646
chr2	151993138	152193138	harbor2	chr2	152018133	152018384	DNA/TcMar-Tigger	439	+	126	152018259	25121
chr2	43066399	43266399	harbor2	chr2	43096018	43096358	DNA/TcMar-Tigger	1805	+	170	43096188	29789
chr2	43066399	43266399	harbor2	chr2	43111885	43112074	DNA/TcMar-Tigger	688	+	94	43111979	45580
chr2	43066399	43266399	harbor2	chr2	43118407	43118825	DNA/TcMar-Tigger	2693	+	209	43118616	52217
chr2	191225204	191425204	harbor2	chr2	191261002	191261409	DNA/TcMar-Tigger	1065	+	204	191261206	36002
chr2	191225204	191425204	harbor2	chr2	191261712	191262014	DNA/TcMar-Tigger	840	+	151	191261863	36659
chr2	191225204	191425204	harbor2	chr2	191282955	191283101	DNA/TcMar-Tigger	538	+	73	191283028	57824
chr2	191225204	191425204	harbor2	chr2	191301385	191301725	DNA/TcMar-Tigger	1503	+	170	191301555	76351
chr2	137695810	137895810	harbor2	chr2	137704006	137705099	DNA/TcMar-Tigger	4679	+	546	137704552	8742
chr2	162607381	162807381	harbor2	chr2	162623854	162624399	DNA/TcMar-Tigger	2324	+	272	162624126	16745
chr2	205344147	205544147	harbor2	chr2	205404139	205404468	DNA/TcMar-Tigger	2025	+	164	205404303	60156
chr2	73432808	73632808	harbor2	chr2	73442138	73442277	DNA/TcMar-Tigger	918	+	70	73442208	9400
chr2	76765084	76965084	harbor2	chr2	76772669	76772918	DNA/TcMar-Tigger	1164	+	124	76772793	7709
chr2	76765084	76965084	harbor2	chr2	76795321	76795546	DNA/TcMar-Tigger	594	+	112	76795433	30349
chr2	76765084	76965084	harbor2	chr2	76814206	76814388	DNA/TcMar-Tigger	889	+	91	76814297	49213
chr2	76765084	76965084	harbor2	chr2	76814441	76814759	DNA/TcMar-Tigger	1266	+	159	76814600	49516
chr2	76765084	76965084	harbor2	chr2	76831840	76832160	DNA/TcMar-Tigger	828	+	160	76832000	66916
chr2	76765084	76965084	harbor2	chr2	76845920	76846178	DNA/TcMar-Tigger	1028	+	129	76846049	80965
chr2	76765084	76965084	harbor2	chr2	76857052	76857301	DNA/TcMar-Tigger	1963	+	124	76857176	92092
chr2	76765084	76965084	harbor2	chr2	76857340	76857562	DNA/TcMar-Tigger	1963	+	111	76857451	92367
chr2	152751904	152951904	harbor2	chr2	152761559	152761897	DNA/TcMar-Tigger	2054	+	169	152761728	9824
chr2	178194991	178394991	harbor2	chr2	178238124	178238820	DNA/TcMar-Tigger	3838	+	348	178238472	43481
chr2	178194991	178394991	harbor2	chr2	178241794	178242111	DNA/TcMar-Tigger	1711	+	158	178241952	46961
chr3	157350228	157550228	harbor2	chr3	157362516	157362853	DNA/TcMar-Tigger	1888	+	168	157362684	12456
chr3	157350228	157550228	harbor2	chr3	157388633	157388946	DNA/TcMar-Tigger	1390	+	156	157388789	38561
chr3	159804571	160004571	harbor2	chr3	159832800	159833110	DNA/TcMar-Tigger	1990	+	155	159832955	28384
chr3	159804571	160004571	harbor2	chr3	159834612	159834957	DNA/TcMar-Tigger	2194	+	172	159834784	30213
chr3	176067346	176267346	harbor2	chr3	176122727	176122911	DNA/TcMar-Tigger	6572	+	92	176122819	55473
chr3	176067346	176267346	harbor2	chr3	176123267	176124283	DNA/TcMar-Tigger	6572	+	508	176123775	56429
chr3	107716305	107916305	harbor2	chr3	107762829	107763181	DNA/TcMar-Tigger	1642	+	176	107763005	46700
chr3	107716305	107916305	harbor2	chr3	107771922	107772161	DNA/TcMar-Tigger	1392	+	120	107772042	55737
chr3	107716305	107916305	harbor2	chr3	107776978	107777175	DNA/TcMar-Tigger	895	+	98	107777076	60771
chr3	107716305	107916305	harbor2	chr3	107777177	107777281	DNA/TcMar-Tigger	593	+	52	107777229	60924
chr3	167855307	168055307	harbor2	chr3	167928973	167929241	DNA/TcMar-Tigger	1779	+	134	167929107	73800
chr3	175369911	175569911	harbor2	chr3	175386563	175387277	DNA/TcMar-Tigger	3467	+	357	175386920	17009
chr3	175369911	175569911	harbor2	chr3	175441124	175441457	DNA/TcMar-Tigger	1837	+	166	175441290	71379
chr3	114928816	115128816	harbor2	chr3	114938833	114938907	DNA/TcMar-Tigger	442	+	37	114938870	10054
chr3	198026190	198226190	harbor2	chr3	198041281	198041611	DNA/TcMar-Tigger	1817	+	165	198041446	15256
chr3	198026190	198226190	harbor2	chr3	198068979	198069412	DNA/TcMar-Tigger	2150	+	216	198069195	43005
chr3	158110215	158310215	harbor2	chr3	158158208	158158410	DNA/TcMar-Tigger	809	+	101	158158309	48094
chr3	196283785	196483785	harbor2	chr3	196332814	196332848	DNA/TcMar-Tigger	494	+	17	196332831	49046
chr3	196283785	196483785	harbor2	chr3	196333148	196333206	DNA/TcMar-Tigger	498	+	29	196333177	49392
chr3	196283785	196483785	harbor2	chr3	196359076	196359631	DNA/TcMar-Tigger	8177	+	278	196359354	75569
chr3	196283785	196483785	harbor2	chr3	196359934	196360751	DNA/TcMar-Tigger	8177	+	408	196360342	76557
chr3	196283785	196483785	harbor2	chr3	196360981	196361824	DNA/TcMar-Tigger	5163	+	422	196361403	77618
chr3	196283785	196483785	harbor2	chr3	196363499	196363654	DNA/TcMar-Tigger	1094	+	78	196363577	79792
chr3	138051657	138251657	harbor2	chr3	138069042	138069481	DNA/TcMar-Tigger	2788	+	220	138069262	17605
chr3	187273367	187473367	harbor2	chr3	187280291	187280484	DNA/TcMar-Tigger	391	+	96	187280387	7020
chr3	187273367	187473367	harbor2	chr3	187308864	187309197	DNA/TcMar-Tigger	1427	+	166	187309030	35663
chr3	187273367	187473367	harbor2	chr3	187338684	187338848	DNA/TcMar-Tigger	389	+	82	187338766	65399
chr3	150526410	150726410	harbor2	chr3	150588568	150589179	DNA/TcMar-Tigger	6010	+	306	150588874	62464
chr3	150526410	150726410	harbor2	chr3	150589463	150589982	DNA/TcMar-Tigger	6010	+	260	150589723	63313
chr3	168263475	168463475	harbor2	chr3	168265903	168266203	DNA/TcMar-Tigger	937	+	150	168266053	2578
chr3	168263475	168463475	harbor2	chr3	168270468	168270777	DNA/TcMar-Tigger	1124	+	154	168270622	7147
chr3	168263475	168463475	harbor2	chr3	168321364	168321450	DNA/TcMar-Tigger	560	+	43	168321407	57932
chr3	168263475	168463475	harbor2	chr3	168321448	168321843	DNA/TcMar-Tigger	2081	+	198	168321646	58171
chr3	168263475	168463475	harbor2	chr3	168321841	168321944	DNA/TcMar-Tigger	643	+	52	168321893	58418
chr3	169137252	169337252	harbor2	chr3	169158439	169158664	DNA/TcMar-Tigger	792	+	112	169158551	21299
chr3	169137252	169337252	harbor2	chr3	169175247	169175604	DNA/TcMar-Tigger	1858	+	178	169175425	38173
chr3	169137252	169337252	harbor2	chr3	169235889	169236278	DNA/TcMar-Tigger	2041	+	194	169236083	98831
chr3	26115753	26315753	harbor2	chr3	26153890	26154211	DNA/TcMar-Tigger	757	+	160	26154050	38297
chr3	26115753	26315753	harbor2	chr3	26157259	26157543	DNA/TcMar-Tigger	1612	+	142	26157401	41648
chr3	145842706	146042706	harbor2	chr3	145864233	145864349	DNA/TcMar-Tigger	441	+	58	145864291	21585
chr3	165833534	166033534	harbor2	chr3	165888440	165888940	DNA/TcMar-Tigger	2988	+	250	165888690	55156
chr3	49054887	49254887	harbor2	chr3	49154685	49154879	DNA/TcMar-Tigger	1245	+	97	49154782	99895
chr3	174557268	174757268	harbor2	chr3	174585290	174585649	DNA/TcMar-Tigger	952	+	180	174585470	28202
chr3	174557268	174757268	harbor2	chr3	174648043	174648198	DNA/TcMar-Tigger	915	+	78	174648121	90853
chr3	197809322	198009322	harbor2	chr3	197868148	197868482	DNA/TcMar-Tigger	1098	+	167	197868315	58993
chr3	115871018	116071018	harbor2	chr3	115937815	115938391	DNA/TcMar-Tigger	1276	+	288	115938103	67085
chr3	88889054	89089054	harbor2	chr3	88887387	88889742	DNA/TcMar-Tigger	12117	+	1178	88888565	489
chr3	88889054	89089054	harbor2	chr3	88946030	88947920	DNA/TcMar-Tigger	11022	+	945	88946975	57921
chr3	88889054	89089054	harbor2	chr3	88951756	88952269	DNA/TcMar-Tigger	2801	+	256	88952012	62958
chr3	88889054	89089054	harbor2	chr3	88978241	88978558	DNA/TcMar-Tigger	1493	+	158	88978399	89345
chr3	88889054	89089054	harbor2	chr3	88978589	88978745	DNA/TcMar-Tigger	1124	+	78	88978667	89613
chr3	88889054	89089054	harbor2	chr3	88979092	88979315	DNA/TcMar-Tigger	1124	+	112	88979204	90150
chr3	194006829	194206829	harbor2	chr3	194026969	194027042	DNA/TcMar-Tigger	3439	+	36	194027005	20176
chr3	194006829	194206829	harbor2	chr3	194027517	194028083	DNA/TcMar-Tigger	3439	+	283	194027800	20971
chr3	194006829	194206829	harbor2	chr3	194061134	194061478	DNA/TcMar-Tigger	2214	+	172	194061306	54477
chr3	57459528	57659528	harbor2	chr3	57493204	57493515	DNA/TcMar-Tigger	1248	+	156	57493360	33832
chr3	174325597	174525597	harbor2	chr3	174364463	174364768	DNA/TcMar-Tigger	858	+	152	174364615	39018
chr3	141405871	141605871	harbor2	chr3	141453327	141453591	DNA/TcMar-Tigger	1476	+	132	141453459	47588
chr3	141405871	141605871	harbor2	chr3	141461489	141461712	DNA/TcMar-Tigger	576	+	112	141461601	55730
chr3	141405871	141605871	harbor2	chr3	141501967	141502192	DNA/TcMar-Tigger	1187	+	112	141502079	96208
chr3	138510963	138710963	harbor2	chr3	138591089	138591431	DNA/TcMar-Tigger	1789	+	171	138591260	80297
chr3	119051027	119251027	harbor2	chr3	119083558	119084105	DNA/TcMar-Tigger	3235	+	274	119083832	32805
chr3	119051027	119251027	harbor2	chr3	119091865	119091975	DNA/TcMar-Tigger	435	+	55	119091920	40893
chr3	119051027	119251027	harbor2	chr3	119092173	119092328	DNA/TcMar-Tigger	3109	+	78	119092251	41224
chr3	119051027	119251027	harbor2	chr3	119092630	119093088	DNA/TcMar-Tigger	3109	+	229	119092859	41832
chr3	176116167	176316167	harbor2	chr3	176122727	176122911	DNA/TcMar-Tigger	6572	+	92	176122819	6652
chr3	176116167	176316167	harbor2	chr3	176123267	176124283	DNA/TcMar-Tigger	6572	+	508	176123775	7608
chr3	176116167	176316167	harbor2	chr3	176167525	176167610	DNA/TcMar-Tigger	515	+	42	176167567	51400
chr3	176116167	176316167	harbor2	chr3	176203128	176203908	DNA/TcMar-Tigger	13876	+	390	176203518	87351
chr3	176116167	176316167	harbor2	chr3	176204209	176205765	DNA/TcMar-Tigger	13876	+	778	176204987	88820
chr3	170366424	170566424	harbor2	chr3	170406905	170407079	DNA/TcMar-Tigger	1095	+	87	170406992	40568
chr3	170366424	170566424	harbor2	chr3	170407079	170407696	DNA/TcMar-Tigger	6957	+	308	170407387	40963
chr3	170366424	170566424	harbor2	chr3	170407997	170408410	DNA/TcMar-Tigger	6957	+	206	170408203	41779
chr3	170366424	170566424	harbor2	chr3	170408405	170408464	DNA/TcMar-Tigger	2379	+	30	170408435	42011
chr3	170366424	170566424	harbor2	chr3	170408746	170408770	DNA/TcMar-Tigger	2379	+	12	170408758	42334
chr3	170366424	170566424	harbor2	chr3	170409082	170409264	DNA/TcMar-Tigger	2379	+	91	170409173	42749
chr3	170366424	170566424	harbor2	chr3	170409567	170409746	DNA/TcMar-Tigger	2379	+	90	170409657	43233
chr3	188647536	188847536	harbor2	chr3	188653404	188653528	DNA/TcMar-Tigger	413	+	62	188653466	5930
chr3	118156705	118356705	harbor2	chr3	118161648	118162498	DNA/TcMar-Tigger	4592	+	425	118162073	5368
chr3	118156705	118356705	harbor2	chr3	118230406	118230740	DNA/TcMar-Tigger	1451	+	167	118230573	73868
chr3	104312672	104512672	harbor2	chr3	104371115	104371423	DNA/TcMar-Tigger	1342	+	154	104371269	58597
chr3	87852220	88052220	harbor2	chr3	87855617	87856312	DNA/TcMar-Tigger	2430	+	348	87855965	3745
chr3	87852220	88052220	harbor2	chr3	87893611	87893784	DNA/TcMar-Tigger	448	+	86	87893697	41477
chr3	105864673	106064673	harbor2	chr3	105871000	105871314	DNA/TcMar-Tigger	1582	+	157	105871157	6484
chr3	105864673	106064673	harbor2	chr3	105876800	105876908	DNA/TcMar-Tigger	679	+	54	105876854	12181
chr3	105864673	106064673	harbor2	chr3	105928255	105928978	DNA/TcMar-Tigger	3918	+	362	105928617	63944
chr3	105864673	106064673	harbor2	chr3	105957410	105957741	DNA/TcMar-Tigger	1409	+	166	105957576	92903
chr3	191350027	191550027	harbor2	chr3	191352448	191352529	DNA/TcMar-Tigger	471	+	40	191352488	2461
chr3	191350027	191550027	harbor2	chr3	191352529	191352760	DNA/TcMar-Tigger	1150	+	116	191352645	2618
chr3	191350027	191550027	harbor2	chr3	191365868	191366025	DNA/TcMar-Tigger	486	+	78	191365946	15919
chr3	191350027	191550027	harbor2	chr3	191417837	191417934	DNA/TcMar-Tigger	492	+	48	191417885	67858
chr3	191350027	191550027	harbor2	chr3	191417923	191420093	DNA/TcMar-Tigger	13593	+	1085	191419008	68981
chr3	146521192	146721192	harbor2	chr3	146541982	146542185	DNA/TcMar-Tigger	1031	+	102	146542084	20892
chr3	146521192	146721192	harbor2	chr3	146542380	146542508	DNA/TcMar-Tigger	653	+	64	146542444	21252
chr3	146521192	146721192	harbor2	chr3	146614904	146615868	DNA/TcMar-Tigger	4751	+	482	146615386	94194
chr3	146521192	146721192	harbor2	chr3	146615870	146616737	DNA/TcMar-Tigger	5111	+	434	146616304	95112
chr3	156431661	156631661	harbor2	chr3	156524841	156525506	DNA/TcMar-Tigger	6969	+	332	156525173	93512
chr3	156431661	156631661	harbor2	chr3	156525814	156526328	DNA/TcMar-Tigger	6969	+	257	156526071	94410
chr3	142314744	142514744	harbor2	chr3	142388101	142388510	DNA/TcMar-Tigger	2052	+	204	142388305	73561
chr3	187042236	187242236	harbor2	chr3	187060787	187060947	DNA/TcMar-Tigger	908	+	80	187060867	18631
chr3	187042236	187242236	harbor2	chr3	187072209	187072347	DNA/TcMar-Tigger	400	+	69	187072278	30042
chr3	187042236	187242236	harbor2	chr3	187111368	187111445	DNA/TcMar-Tigger	438	+	38	187111406	69170
chr3	187042236	187242236	harbor2	chr3	187072397	187072548	DNA/TcMar-Tigger	400	+	76	187072473	30237
chr3	122843372	123043372	harbor2	chr3	122876969	122877588	DNA/TcMar-Tigger	1017	+	310	122877279	33907
chr3	67611370	67811370	harbor2	chr3	67642962	67643482	DNA/TcMar-Tigger	2669	+	260	67643222	31852
chr3	67611370	67811370	harbor2	chr3	67660745	67661059	DNA/TcMar-Tigger	1682	+	157	67660902	49532
chr3	141073010	141273010	harbor2	chr3	141079342	141079490	DNA/TcMar-Tigger	410	+	74	141079416	6406
chr3	141073010	141273010	harbor2	chr3	141103582	141104051	DNA/TcMar-Tigger	684	+	234	141103816	30806
chr3	141073010	141273010	harbor2	chr3	141111134	141111291	DNA/TcMar-Tigger	809	+	78	141111212	38202
chr3	141073010	141273010	harbor2	chr3	141169107	141170607	DNA/TcMar-Tigger	10008	+	750	141169857	96847
chr3	141073010	141273010	harbor2	chr3	141170840	141170973	DNA/TcMar-Tigger	738	+	66	141170906	97896
chr3	159535986	159735986	harbor2	chr3	159582550	159582754	DNA/TcMar-Tigger	1129	+	102	159582652	46666
chr3	184956312	185156312	harbor2	chr3	185026113	185026404	DNA/TcMar-Tigger	1424	+	146	185026259	69947
chr3	134613723	134813723	harbor2	chr3	134634641	134634876	DNA/TcMar-Tigger	1277	+	118	134634759	21036
chr3	115309506	115509506	harbor2	chr3	115321541	115321776	DNA/TcMar-Tigger	748	+	118	115321659	12153
chr3	193279023	193479023	harbor2	chr3	193286311	193288712	DNA/TcMar-Tigger	15563	+	1200	193287511	8488
chr3	193279023	193479023	harbor2	chr3	193302206	193302531	DNA/TcMar-Tigger	529	+	162	193302368	23345
chr3	175748277	175948277	harbor2	chr3	175764202	175764374	DNA/TcMar-Tigger	509	+	86	175764288	16011
chr3	175748277	175948277	harbor2	chr3	175781281	175781593	DNA/TcMar-Tigger	1466	+	156	175781437	33160
chr3	175748277	175948277	harbor2	chr3	175781593	175781694	DNA/TcMar-Tigger	515	+	50	175781643	33366
chr3	175748277	175948277	harbor2	chr3	175787745	175788088	DNA/TcMar-Tigger	3414	+	172	175787917	39640
chr3	175748277	175948277	harbor2	chr3	175788391	175788686	DNA/TcMar-Tigger	3414	+	148	175788539	40262
chr3	168884260	169084260	harbor2	chr3	168903987	168904215	DNA/TcMar-Tigger	950	+	114	168904101	19841
chr3	168884260	169084260	harbor2	chr3	168939475	168939747	DNA/TcMar-Tigger	1321	+	136	168939611	55351
chr3	193604971	193804971	harbor2	chr3	193681537	193683935	DNA/TcMar-Tigger	13250	+	1199	193682736	77765
chr3	50719379	50919379	harbor2	chr3	50750712	50750945	DNA/TcMar-Tigger	664	+	116	50750828	31449
chr3	50719379	50919379	harbor2	chr3	50760354	50760716	DNA/TcMar-Tigger	1936	+	181	50760535	41156
chr3	50719379	50919379	harbor2	chr3	50764268	50764563	DNA/TcMar-Tigger	1188	+	148	50764416	45037
chr3	133058622	133258622	harbor2	chr3	133119461	133119795	DNA/TcMar-Tigger	766	+	167	133119628	61006
chr3	133058622	133258622	harbor2	chr3	133131291	133133564	DNA/TcMar-Tigger	13801	+	1136	133132427	73805
chr3	173224997	173424997	harbor2	chr3	173238863	173238987	DNA/TcMar-Tigger	397	+	62	173238925	13928
chr3	173224997	173424997	harbor2	chr3	173239321	173239504	DNA/TcMar-Tigger	611	+	92	173239413	14416
chr3	172831577	173031577	harbor2	chr3	172841733	172841903	DNA/TcMar-Tigger	443	+	85	172841818	10241
chr3	172831577	173031577	harbor2	chr3	172843885	172844144	DNA/TcMar-Tigger	856	+	130	172844015	12438
chr3	172831577	173031577	harbor2	chr3	172845510	172845717	DNA/TcMar-Tigger	563	+	104	172845614	14037
chr3	172831577	173031577	harbor2	chr3	172878483	172878792	DNA/TcMar-Tigger	850	+	154	172878637	47060
chr3	172831577	173031577	harbor2	chr3	172912467	172912867	DNA/TcMar-Tigger	2331	+	200	172912667	81090
chr3	193595590	193795590	harbor2	chr3	193681537	193683935	DNA/TcMar-Tigger	13250	+	1199	193682736	87146
chr3	169567198	169767198	harbor2	chr3	169603083	169603191	DNA/TcMar-Tigger	549	+	54	169603137	35939
chr3	169567198	169767198	harbor2	chr3	169603183	169603839	DNA/TcMar-Tigger	3148	+	328	169603511	36313
chr3	197100462	197300462	harbor2	chr3	197132299	197132561	DNA/TcMar-Tigger	1009	+	131	197132430	31968
chr3	197100462	197300462	harbor2	chr3	197172084	197172362	DNA/TcMar-Tigger	1505	+	139	197172223	71761
chr3	197100462	197300462	harbor2	chr3	197199270	197199594	DNA/TcMar-Tigger	1914	+	162	197199432	98970
chr3	103056839	103256839	harbor2	chr3	103062868	103063304	DNA/TcMar-Tigger	1941	+	218	103063086	6247
chr3	159740595	159940595	harbor2	chr3	159788866	159789088	DNA/TcMar-Tigger	1423	+	111	159788977	48382
chr3	159740595	159940595	harbor2	chr3	159832800	159833110	DNA/TcMar-Tigger	1990	+	155	159832955	92360
chr3	159740595	159940595	harbor2	chr3	159834612	159834957	DNA/TcMar-Tigger	2194	+	172	159834784	94189
chr3	198057526	198257526	harbor2	chr3	198068979	198069412	DNA/TcMar-Tigger	2150	+	216	198069195	11669
chr3	114185871	114385871	harbor2	chr3	114223029	114223166	DNA/TcMar-Tigger	425	+	68	114223097	37226
chr3	156753933	156953933	harbor2	chr3	156787664	156787975	DNA/TcMar-Tigger	1310	+	156	156787820	33887
chr3	156753933	156953933	harbor2	chr3	156795896	156796519	DNA/TcMar-Tigger	5324	+	312	156796208	42275
chr3	156753933	156953933	harbor2	chr3	156796808	156797217	DNA/TcMar-Tigger	5324	+	204	156797012	43079
chr3	156753933	156953933	harbor2	chr3	156829763	156830938	DNA/TcMar-Tigger	5705	+	588	156830351	76418
chr3	156753933	156953933	harbor2	chr3	156838978	156839309	DNA/TcMar-Tigger	2134	+	166	156839144	85211
chr3	156753933	156953933	harbor2	chr3	156839304	156840301	DNA/TcMar-Tigger	6125	+	498	156839802	85869
chr3	102504874	102704874	harbor2	chr3	102546694	102546994	DNA/TcMar-Tigger	716	+	150	102546844	41970
chr3	102504874	102704874	harbor2	chr3	102557250	102558096	DNA/TcMar-Tigger	5042	+	423	102557673	52799
chr3	174156561	174356561	harbor2	chr3	174210739	174210918	DNA/TcMar-Tigger	848	+	90	174210829	54268
chr3	174156561	174356561	harbor2	chr3	174212538	174212637	DNA/TcMar-Tigger	649	+	50	174212588	56027
chr3	165847588	166047588	harbor2	chr3	165888440	165888940	DNA/TcMar-Tigger	2988	+	250	165888690	41102
chr3	167548222	167748222	harbor2	chr3	167602747	167603065	DNA/TcMar-Tigger	1770	+	159	167602906	54684
chr3	167548222	167748222	harbor2	chr3	167627806	167628975	DNA/TcMar-Tigger	14417	+	584	167628390	80168
chr3	167548222	167748222	harbor2	chr3	167629252	167630513	DNA/TcMar-Tigger	14417	+	630	167629882	81660
chr3	189206628	189406628	harbor2	chr3	189267026	189267353	DNA/TcMar-Tigger	1484	+	164	189267190	60562
chr3	189206628	189406628	harbor2	chr3	189302855	189303028	DNA/TcMar-Tigger	411	+	86	189302941	96313
chr3	150399199	150599199	harbor2	chr3	150465622	150465888	DNA/TcMar-Tigger	1122	+	133	150465755	66556
chr3	150399199	150599199	harbor2	chr3	150465892	150465986	DNA/TcMar-Tigger	538	+	47	150465939	66740
chr3	157929982	158129982	harbor2	chr3	158018737	158018810	DNA/TcMar-Tigger	401	+	36	158018773	88791
chr3	197645112	197845112	harbor2	chr3	197708654	197709230	DNA/TcMar-Tigger	1576	+	288	197708942	63830
chr3	171183654	171383654	harbor2	chr3	171227763	171228129	DNA/TcMar-Tigger	2266	+	183	171227946	44292
chr3	181791604	181991604	harbor2	chr3	181882975	181883315	DNA/TcMar-Tigger	1539	+	170	181883145	91541
chr3	181791604	181991604	harbor2	chr3	181883867	181883928	DNA/TcMar-Tigger	650	+	30	181883897	92293
chr3	181791604	181991604	harbor2	chr3	181884777	181884887	DNA/TcMar-Tigger	650	+	55	181884832	93228
chr3	115948689	116148689	harbor2	chr3	116001032	116001186	DNA/TcMar-Tigger	667	+	77	116001109	52420
chr3	115948689	116148689	harbor2	chr3	116014073	116014149	DNA/TcMar-Tigger	416	+	38	116014111	65422
chr3	95925212	96125212	harbor2	chr3	95966965	95967015	DNA/TcMar-Tigger	1401	+	25	95966990	41778
chr3	95925212	96125212	harbor2	chr3	95967310	95967581	DNA/TcMar-Tigger	1401	+	136	95967446	42234
chr3	95925212	96125212	harbor2	chr3	95984536	95984864	DNA/TcMar-Tigger	1624	+	164	95984700	59488
chr3	168725440	168925440	harbor2	chr3	168774233	168774573	DNA/TcMar-Tigger	1789	+	170	168774403	48963
chr3	160681626	160881626	harbor2	chr3	160692217	160694049	DNA/TcMar-Tigger	11264	+	916	160693133	11507
chr3	160681626	160881626	harbor2	chr3	160728317	160728539	DNA/TcMar-Tigger	1090	+	111	160728428	46802
chr3	160681626	160881626	harbor2	chr3	160775561	160775800	DNA/TcMar-Tigger	515	+	120	160775681	94055
chr3	158289550	158489550	harbor2	chr3	158295807	158296110	DNA/TcMar-Tigger	987	+	152	158295959	6409
chr3	158289550	158489550	harbor2	chr3	158380891	158381471	DNA/TcMar-Tigger	3206	+	290	158381181	91631
chr3	158289550	158489550	harbor2	chr3	158383300	158383438	DNA/TcMar-Tigger	483	+	69	158383369	93819
chr3	124459021	124659021	harbor2	chr3	124523326	124523601	DNA/TcMar-Tigger	513	+	138	124523464	64443
chr3	14648385	14848385	harbor2	chr3	14686837	14687422	DNA/TcMar-Tigger	813	+	292	14687129	38744
chr3	14648385	14848385	harbor2	chr3	14691496	14691624	DNA/TcMar-Tigger	605	+	64	14691560	43175
chr3	14648385	14848385	harbor2	chr3	14700338	14700539	DNA/TcMar-Tigger	1019	+	100	14700438	52053
chr3	149677721	149877721	harbor2	chr3	149769904	149770319	DNA/TcMar-Tigger	2409	+	208	149770112	92391
chr3	150858506	151058506	harbor2	chr3	150952158	150952557	DNA/TcMar-Tigger	2214	+	200	150952358	93852
chr3	78439352	78639352	harbor2	chr3	78458930	78459368	DNA/TcMar-Tigger	2247	+	219	78459149	19797
chr3	184163860	184363860	harbor2	chr3	184202053	184202334	DNA/TcMar-Tigger	1507	+	140	184202193	38333
chr3	127167106	127367106	harbor2	chr3	127200494	127201187	DNA/TcMar-Tigger	2316	+	346	127200840	33734
chr3	120593500	120793500	harbor2	chr3	120605856	120606162	DNA/TcMar-Tigger	1527	+	153	120606009	12509
chr3	120593500	120793500	harbor2	chr3	120691325	120691687	DNA/TcMar-Tigger	2081	+	181	120691506	98006
chr3	181335743	181535743	harbor2	chr3	181337695	181338087	DNA/TcMar-Tigger	1712	+	196	181337891	2148
chr3	181335743	181535743	harbor2	chr3	181345855	181346283	DNA/TcMar-Tigger	2400	+	214	181346069	10326
chr3	181335743	181535743	harbor2	chr3	181429528	181429840	DNA/TcMar-Tigger	1302	+	156	181429684	93941
chr3	191945779	192145779	harbor2	chr3	191974567	191974644	DNA/TcMar-Tigger	392	+	38	191974605	28826
chr3	191945779	192145779	harbor2	chr3	191974645	191974748	DNA/TcMar-Tigger	430	+	52	191974697	28918
chr3	172192277	172392277	harbor2	chr3	172200386	172200741	DNA/TcMar-Tigger	2288	+	178	172200564	8287
chr3	189000753	189200753	harbor2	chr3	189054454	189054536	DNA/TcMar-Tigger	406	+	41	189054495	53742
chr3	122674825	122874825	harbor2	chr3	122745411	122746106	DNA/TcMar-Tigger	3677	+	348	122745759	70934
chr3	195390492	195590492	harbor2	chr3	195414625	195414855	DNA/TcMar-Tigger	1223	+	115	195414740	24248
chr3	195390492	195590492	harbor2	chr3	195428414	195428715	DNA/TcMar-Tigger	1814	+	150	195428564	38072
chr3	193190665	193390665	harbor2	chr3	193207045	193207380	DNA/TcMar-Tigger	1889	+	168	193207213	16548
chr3	193190665	193390665	harbor2	chr3	193249370	193249569	DNA/TcMar-Tigger	905	+	100	193249470	58805
chr3	193190665	193390665	harbor2	chr3	193286311	193288712	DNA/TcMar-Tigger	15563	+	1200	193287511	96846
chr3	2267694	2467694	harbor2	chr3	2319423	2319824	DNA/TcMar-Tigger	2376	+	200	2319623	51929
chr3	2267694	2467694	harbor2	chr3	2328596	2328889	DNA/TcMar-Tigger	1366	+	146	2328742	61048
chr3	2267694	2467694	harbor2	chr3	2358461	2358666	DNA/TcMar-Tigger	466	+	102	2358563	90869
chr3	2267694	2467694	harbor2	chr3	2365620	2365827	DNA/TcMar-Tigger	461	+	104	2365724	98030
chr3	172834891	173034891	harbor2	chr3	172841733	172841903	DNA/TcMar-Tigger	443	+	85	172841818	6927
chr3	172834891	173034891	harbor2	chr3	172843885	172844144	DNA/TcMar-Tigger	856	+	130	172844015	9124
chr3	172834891	173034891	harbor2	chr3	172845510	172845717	DNA/TcMar-Tigger	563	+	104	172845614	10723
chr3	172834891	173034891	harbor2	chr3	172878483	172878792	DNA/TcMar-Tigger	850	+	154	172878637	43746
chr3	172834891	173034891	harbor2	chr3	172912467	172912867	DNA/TcMar-Tigger	2331	+	200	172912667	77776
chr3	186457632	186657632	harbor2	chr3	186535025	186535653	DNA/TcMar-Tigger	3232	+	314	186535339	77707
chr3	183074128	183274128	harbor2	chr3	183171029	183171451	DNA/TcMar-Tigger	2149	+	211	183171240	97112
chr3	144365639	144565639	harbor2	chr3	144426233	144426589	DNA/TcMar-Tigger	602	+	178	144426411	60772
chr3	144365639	144565639	harbor2	chr3	144435672	144436000	DNA/TcMar-Tigger	1722	+	164	144435836	70197
chr3	86763365	86963365	harbor2	chr3	86849343	86849509	DNA/TcMar-Tigger	944	+	83	86849426	86061
chr3	86763365	86963365	harbor2	chr3	86849909	86851428	DNA/TcMar-Tigger	9301	+	760	86850669	87304
chr3	86763365	86963365	harbor2	chr3	86851425	86851908	DNA/TcMar-Tigger	2967	+	242	86851667	88302
chr3	103692844	103892844	harbor2	chr3	103751947	103752146	DNA/TcMar-Tigger	1068	+	100	103752047	59203
chr3	103692844	103892844	harbor2	chr3	103767175	103767338	DNA/TcMar-Tigger	397	+	82	103767257	74413
chr3	103692844	103892844	harbor2	chr3	103787375	103787731	DNA/TcMar-Tigger	1873	+	178	103787553	94709
chr3	181055847	181255847	harbor2	chr3	181089001	181089452	DNA/TcMar-Tigger	1331	+	226	181089227	33380
chr3	181055847	181255847	harbor2	chr3	181146901	181147226	DNA/TcMar-Tigger	1885	+	162	181147063	91216
chr3	146525067	146725067	harbor2	chr3	146541982	146542185	DNA/TcMar-Tigger	1031	+	102	146542084	17017
chr3	146525067	146725067	harbor2	chr3	146542380	146542508	DNA/TcMar-Tigger	653	+	64	146542444	17377
chr3	146525067	146725067	harbor2	chr3	146614904	146615868	DNA/TcMar-Tigger	4751	+	482	146615386	90319
chr3	146525067	146725067	harbor2	chr3	146615870	146616737	DNA/TcMar-Tigger	5111	+	434	146616304	91237
chr3	77059245	77259245	harbor2	chr3	77107428	77107722	DNA/TcMar-Tigger	961	+	147	77107575	48330
chr3	77059245	77259245	harbor2	chr3	77128361	77128469	DNA/TcMar-Tigger	499	+	54	77128415	69170
chr3	176320770	176520770	harbor2	chr3	176335774	176336385	DNA/TcMar-Tigger	3763	+	306	176336080	15310
chr3	64021949	64221949	harbor2	chr3	64038339	64038524	DNA/TcMar-Tigger	609	+	92	64038431	16482
chr4	177470228	177670228	harbor2	chr4	177481702	177481802	DNA/TcMar-Tigger	511	+	50	177481752	11524
chr4	177470228	177670228	harbor2	chr4	177481985	177482903	DNA/TcMar-Tigger	4118	+	459	177482444	12216
chr4	177470228	177670228	harbor2	chr4	177562247	177563418	DNA/TcMar-Tigger	5311	+	586	177562833	92605
chr4	111493042	111693042	harbor2	chr4	111579107	111580163	DNA/TcMar-Tigger	4070	+	528	111579635	86593
chr4	177551851	177751851	harbor2	chr4	177562247	177563418	DNA/TcMar-Tigger	5311	+	586	177562833	10982
chr4	177551851	177751851	harbor2	chr4	177577800	177578140	DNA/TcMar-Tigger	1665	+	170	177577970	26119
chr4	177551851	177751851	harbor2	chr4	177620313	177620648	DNA/TcMar-Tigger	6664	+	168	177620481	68630
chr4	177551851	177751851	harbor2	chr4	177621351	177622208	DNA/TcMar-Tigger	6664	+	428	177621779	69928
chr4	182403966	182603966	harbor2	chr4	182494266	182494576	DNA/TcMar-Tigger	1619	+	155	182494421	90455
chr4	44473915	44673915	harbor2	chr4	44492762	44493091	DNA/TcMar-Tigger	1483	+	164	44492926	19011
chr4	44473915	44673915	harbor2	chr4	44534770	44535079	DNA/TcMar-Tigger	1384	+	154	44534924	61009
chr4	76774114	76974114	harbor2	chr4	76828086	76828200	DNA/TcMar-Tigger	637	+	57	76828143	54029
chr4	76774114	76974114	harbor2	chr4	76829877	76829940	DNA/TcMar-Tigger	1527	+	32	76829909	55795
chr4	76774114	76974114	harbor2	chr4	76830245	76830458	DNA/TcMar-Tigger	1527	+	106	76830351	56237
chr4	182865896	183065896	harbor2	chr4	182920325	182920649	DNA/TcMar-Tigger	1893	+	162	182920487	54591
chr4	182865896	183065896	harbor2	chr4	182963573	182963832	DNA/TcMar-Tigger	1427	+	130	182963703	97807
chr4	161972351	162172351	harbor2	chr4	161991548	161991768	DNA/TcMar-Tigger	1245	+	110	161991658	19307
chr4	182479447	182679447	harbor2	chr4	182494266	182494576	DNA/TcMar-Tigger	1619	+	155	182494421	14974
chr4	188767028	188967028	harbor2	chr4	188797302	188797928	DNA/TcMar-Tigger	13925	+	313	188797615	30587
chr4	188767028	188967028	harbor2	chr4	188798225	188800041	DNA/TcMar-Tigger	13925	+	908	188799133	32105
chr4	188767028	188967028	harbor2	chr4	188826041	188828512	DNA/TcMar-Tigger	13313	+	1236	188827277	60249
chr4	188767028	188967028	harbor2	chr4	188863299	188863731	DNA/TcMar-Tigger	2373	+	216	188863515	96487
chr4	176958474	177158474	harbor2	chr4	176961163	176961575	DNA/TcMar-Tigger	1563	+	206	176961369	2895
chr4	176958474	177158474	harbor2	chr4	176990222	176990336	DNA/TcMar-Tigger	453	+	57	176990279	31805
chr4	129543363	129743363	harbor2	chr4	129580382	129580530	DNA/TcMar-Tigger	675	+	74	129580456	37093
chr4	129543363	129743363	harbor2	chr4	129630609	129631808	DNA/TcMar-Tigger	6092	+	600	129631209	87846
chr4	73135446	73335446	harbor2	chr4	73217459	73217521	DNA/TcMar-Tigger	466	+	31	73217490	82044
chr4	73135446	73335446	harbor2	chr4	73217666	73217958	DNA/TcMar-Tigger	1482	+	146	73217812	82366
chr4	178777268	178977268	harbor2	chr4	178835679	178835874	DNA/TcMar-Tigger	1924	+	98	178835777	58509
chr4	178777268	178977268	harbor2	chr4	178836190	178836411	DNA/TcMar-Tigger	1924	+	110	178836300	59032
chr4	60348704	60548704	harbor2	chr4	60406079	60406337	DNA/TcMar-Tigger	1619	+	129	60406208	57504
chr4	60348704	60548704	harbor2	chr4	60408807	60409012	DNA/TcMar-Tigger	1635	+	102	60408909	60205
chr4	60348704	60548704	harbor2	chr4	60409416	60409566	DNA/TcMar-Tigger	1635	+	75	60409491	60787
chr4	156008608	156208608	harbor2	chr4	156010870	156011202	DNA/TcMar-Tigger	1266	+	166	156011036	2428
chr4	156008608	156208608	harbor2	chr4	156032386	156032816	DNA/TcMar-Tigger	2148	+	215	156032601	23993
chr4	189939715	190139715	harbor2	chr4	190023994	190024229	DNA/TcMar-Tigger	482	+	118	190024112	84397
chr4	146499401	146699401	harbor2	chr4	146505119	146505537	DNA/TcMar-Tigger	2225	+	209	146505328	5927
chr4	146499401	146699401	harbor2	chr4	146519450	146519730	DNA/TcMar-Tigger	796	+	140	146519590	20189
chr4	146499401	146699401	harbor2	chr4	146565359	146565467	DNA/TcMar-Tigger	610	+	54	146565413	66012
chr4	146499401	146699401	harbor2	chr4	146565780	146566005	DNA/TcMar-Tigger	610	+	112	146565892	66491
chr4	187475114	187675114	harbor2	chr4	187499900	187500000	DNA/TcMar-Tigger	520	+	50	187499950	24836
chr4	187475114	187675114	harbor2	chr4	187500037	187500270	DNA/TcMar-Tigger	1394	+	116	187500153	25039
chr4	187475114	187675114	harbor2	chr4	187532170	187532503	DNA/TcMar-Tigger	1986	+	166	187532336	57222
chr4	154351076	154551076	harbor2	chr4	154355672	154356858	DNA/TcMar-Tigger	7052	+	593	154356265	5189
chr4	154351076	154551076	harbor2	chr4	154362585	154362652	DNA/TcMar-Tigger	458	+	34	154362619	11543
chr4	154351076	154551076	harbor2	chr4	154362644	154363067	DNA/TcMar-Tigger	2492	+	212	154362856	11780
chr4	179291754	179491754	harbor2	chr4	179368267	179368615	DNA/TcMar-Tigger	1728	+	174	179368441	76687
chr4	179291754	179491754	harbor2	chr4	179373203	179374264	DNA/TcMar-Tigger	5373	+	530	179373733	81979
chr4	172198149	172398149	harbor2	chr4	172256998	172257641	DNA/TcMar-Tigger	1751	+	322	172257320	59171
chr4	96488286	96688286	harbor2	chr4	96535399	96536874	DNA/TcMar-Tigger	8567	+	738	96536137	47851
chr4	96488286	96688286	harbor2	chr4	96548932	96549272	DNA/TcMar-Tigger	1566	+	170	96549102	60816
chr4	96488286	96688286	harbor2	chr4	96580643	96580992	DNA/TcMar-Tigger	1963	+	174	96580817	92531
chr4	96488286	96688286	harbor2	chr4	96533890	96534690	DNA/TcMar-Tigger	4213	+	400	96534290	46004
chr4	140941023	141141023	harbor2	chr4	140958074	140958287	DNA/TcMar-Tigger	926	+	106	140958180	17157
chr4	140941023	141141023	harbor2	chr4	140974852	140974973	DNA/TcMar-Tigger	687	+	60	140974912	33889
chr4	140941023	141141023	harbor2	chr4	140975270	140975439	DNA/TcMar-Tigger	687	+	84	140975354	34331
chr4	140941023	141141023	harbor2	chr4	140992073	140992219	DNA/TcMar-Tigger	507	+	73	140992146	51123
chr4	172661969	172861969	harbor2	chr4	172740416	172741000	DNA/TcMar-Tigger	2576	+	292	172740708	78739
chr4	172661969	172861969	harbor2	chr4	172758639	172758833	DNA/TcMar-Tigger	1105	+	97	172758736	96767
chr4	172661969	172861969	harbor2	chr4	172758833	172758938	DNA/TcMar-Tigger	461	+	52	172758885	96916
chr4	180487785	180687785	harbor2	chr4	180544280	180544920	DNA/TcMar-Tigger	1527	+	320	180544600	56815
chr4	180487785	180687785	harbor2	chr4	180545244	180545323	DNA/TcMar-Tigger	1527	+	40	180545284	57499
chr4	180487785	180687785	harbor2	chr4	180565648	180565885	DNA/TcMar-Tigger	597	+	118	180565766	77981
chr4	180487785	180687785	harbor2	chr4	180567359	180567739	DNA/TcMar-Tigger	1876	+	190	180567549	79764
chr4	187685066	187885066	harbor2	chr4	187729395	187729729	DNA/TcMar-Tigger	1532	+	167	187729562	44496
chr4	187685066	187885066	harbor2	chr4	187730825	187731688	DNA/TcMar-Tigger	4917	+	432	187731257	46191
chr4	187685066	187885066	harbor2	chr4	187731685	187732365	DNA/TcMar-Tigger	3918	+	340	187732025	46959
chr4	187685066	187885066	harbor2	chr4	187766538	187766657	DNA/TcMar-Tigger	643	+	60	187766598	81532
chr4	86720220	86920220	harbor2	chr4	86744528	86744855	DNA/TcMar-Tigger	1786	+	164	86744692	24472
chr4	86720220	86920220	harbor2	chr4	86755549	86755870	DNA/TcMar-Tigger	1943	+	160	86755709	35489
chr4	155739217	155939217	harbor2	chr4	155827204	155827461	DNA/TcMar-Tigger	2376	+	128	155827332	88115
chr4	155739217	155939217	harbor2	chr4	155827761	155827950	DNA/TcMar-Tigger	2376	+	94	155827855	88638
chr4	130164162	130364162	harbor2	chr4	130204440	130204675	DNA/TcMar-Tigger	1189	+	118	130204558	40396
chr4	176514013	176714013	harbor2	chr4	176534604	176534801	DNA/TcMar-Tigger	932	+	98	176534702	20689
chr4	176514013	176714013	harbor2	chr4	176535040	176535129	DNA/TcMar-Tigger	441	+	44	176535084	21071
chr4	176514013	176714013	harbor2	chr4	176582095	176582195	DNA/TcMar-Tigger	2004	+	50	176582145	68132
chr4	176514013	176714013	harbor2	chr4	176582609	176582875	DNA/TcMar-Tigger	2004	+	133	176582742	68729
chr4	124573540	124773540	harbor2	chr4	124663242	124663329	DNA/TcMar-Tigger	419	+	44	124663286	89746
chr4	83076091	83276091	harbor2	chr4	83099310	83099539	DNA/TcMar-Tigger	1441	+	114	83099424	23333
chr4	83076091	83276091	harbor2	chr4	83100576	83101098	DNA/TcMar-Tigger	13166	+	261	83100837	24746
chr4	83076091	83276091	harbor2	chr4	83101410	83102249	DNA/TcMar-Tigger	13166	+	420	83101830	25739
chr4	83076091	83276091	harbor2	chr4	83102558	83102804	DNA/TcMar-Tigger	13166	+	123	83102681	26590
chr4	83076091	83276091	harbor2	chr4	83103103	83103114	DNA/TcMar-Tigger	13166	+	6	83103109	27018
chr4	83076091	83276091	harbor2	chr4	83103420	83103658	DNA/TcMar-Tigger	13166	+	119	83103539	27448
chr4	83076091	83276091	harbor2	chr4	83103966	83104327	DNA/TcMar-Tigger	13166	+	180	83104146	28055
chr4	83076091	83276091	harbor2	chr4	83158802	83158878	DNA/TcMar-Tigger	490	+	38	83158840	82749
chr4	189859474	190059474	harbor2	chr4	189872015	189873990	DNA/TcMar-Tigger	13687	+	988	189873003	13529
chr4	189859474	190059474	harbor2	chr4	189874295	189874611	DNA/TcMar-Tigger	13687	+	158	189874453	14979
chr4	78043274	78243274	harbor2	chr4	78068627	78068989	DNA/TcMar-Tigger	1039	+	181	78068808	25534
chr4	78043274	78243274	harbor2	chr4	78084109	78084365	DNA/TcMar-Tigger	1010	+	128	78084237	40963
chr4	73048892	73248892	harbor2	chr4	73100995	73101191	DNA/TcMar-Tigger	1121	+	98	73101093	52201
chr4	185070158	185270158	harbor2	chr4	185150455	185151056	DNA/TcMar-Tigger	1597	+	300	185150755	80597
chr4	185070158	185270158	harbor2	chr4	185152157	185152464	DNA/TcMar-Tigger	1881	+	154	185152311	82153
chr4	175451337	175651337	harbor2	chr4	175458466	175458780	DNA/TcMar-Tigger	969	+	157	175458623	7286
chr4	175451337	175651337	harbor2	chr4	175474879	175475108	DNA/TcMar-Tigger	1114	+	114	175474993	23656
chr4	178715824	178915824	harbor2	chr4	178730871	178731070	DNA/TcMar-Tigger	650	+	100	178730971	15147
chr4	178715824	178915824	harbor2	chr4	178776867	178777232	DNA/TcMar-Tigger	1818	+	182	178777049	61225
chr4	47831467	48031467	harbor2	chr4	47880576	47880803	DNA/TcMar-Tigger	1154	+	114	47880690	49223
chr4	47831467	48031467	harbor2	chr4	47926437	47926538	DNA/TcMar-Tigger	650	+	50	47926487	95020
chr4	147697520	147897520	harbor2	chr4	147756472	147756658	DNA/TcMar-Tigger	1123	+	93	147756565	59045
chr4	147697520	147897520	harbor2	chr4	147756662	147756770	DNA/TcMar-Tigger	663	+	54	147756716	59196
chr4	133836634	134036634	harbor2	chr4	133853834	133854994	DNA/TcMar-Tigger	5632	+	580	133854414	17780
chr4	147060843	147260843	harbor2	chr4	147139175	147140296	DNA/TcMar-Tigger	13102	+	560	147139735	78892
chr4	147060843	147260843	harbor2	chr4	147140739	147140762	DNA/TcMar-Tigger	13102	+	12	147140751	79908
chr4	147060843	147260843	harbor2	chr4	147141672	147141725	DNA/TcMar-Tigger	13102	+	26	147141698	80855
chr4	147060843	147260843	harbor2	chr4	147141753	147142892	DNA/TcMar-Tigger	13102	+	570	147142323	81480
chr4	147060843	147260843	harbor2	chr4	147143205	147143306	DNA/TcMar-Tigger	13102	+	50	147143255	82412
chr5	177328908	177528908	harbor2	chr5	177406717	177407304	DNA/TcMar-Tigger	2791	+	294	177407011	78103
chr5	165170376	165370376	harbor2	chr5	165171779	165171847	DNA/TcMar-Tigger	415	+	34	165171813	1437
chr5	165170376	165370376	harbor2	chr5	165187014	165189379	DNA/TcMar-Tigger	13637	+	1182	165188196	17820
chr5	168449915	168649915	harbor2	chr5	168484036	168484226	DNA/TcMar-Tigger	893	+	95	168484131	34216
chr5	168449915	168649915	harbor2	chr5	168484225	168484322	DNA/TcMar-Tigger	652	+	48	168484273	34358
chr5	15948365	16148365	harbor2	chr5	15961745	15963071	DNA/TcMar-Tigger	13149	+	663	15962408	14043
chr5	15948365	16148365	harbor2	chr5	15963387	15964416	DNA/TcMar-Tigger	13149	+	514	15963901	15536
chr5	163108959	163308959	harbor2	chr5	163208138	163208260	DNA/TcMar-Tigger	1233	+	61	163208199	99240
chr5	112464181	112664181	harbor2	chr5	112538140	112538307	DNA/TcMar-Tigger	466	+	84	112538224	74043
chr5	113429064	113629064	harbor2	chr5	113505205	113505858	DNA/TcMar-Tigger	2941	+	326	113505531	76467
chr5	128746720	128946720	harbor2	chr5	128748027	128748738	DNA/TcMar-Tigger	3757	+	356	128748383	1663
chr5	128746720	128946720	harbor2	chr5	128831739	128832792	DNA/TcMar-Tigger	7203	+	526	128832265	85545
chr5	128746720	128946720	harbor2	chr5	128833133	128833306	DNA/TcMar-Tigger	5693	+	86	128833219	86499
chr5	159305169	159505169	harbor2	chr5	159318316	159318640	DNA/TcMar-Tigger	1998	+	162	159318478	13309
chr5	159305169	159505169	harbor2	chr5	159390960	159391084	DNA/TcMar-Tigger	2309	+	62	159391022	85853
chr5	159305169	159505169	harbor2	chr5	159391449	159391762	DNA/TcMar-Tigger	2309	+	156	159391605	86436
chr5	168340798	168540798	harbor2	chr5	168412654	168412960	DNA/TcMar-Tigger	1755	+	153	168412807	72009
chr5	175697009	175897009	harbor2	chr5	175776929	175777062	DNA/TcMar-Tigger	472	+	66	175776995	79986
chr5	175697009	175897009	harbor2	chr5	175783142	175783565	DNA/TcMar-Tigger	841	+	212	175783354	86345
chr5	133577924	133777924	harbor2	chr5	133600042	133600410	DNA/TcMar-Tigger	2241	+	184	133600226	22302
chr5	133577924	133777924	harbor2	chr5	133603214	133603555	DNA/TcMar-Tigger	782	+	170	133603384	25460
chr5	133577924	133777924	harbor2	chr5	133642522	133642970	DNA/TcMar-Tigger	1130	+	224	133642746	64822
chr5	133577924	133777924	harbor2	chr5	133642979	133643096	DNA/TcMar-Tigger	495	+	58	133643037	65113
chr5	133577924	133777924	harbor2	chr5	133647606	133647832	DNA/TcMar-Tigger	508	+	113	133647719	69795
chr5	133577924	133777924	harbor2	chr5	133648177	133648372	DNA/TcMar-Tigger	508	+	98	133648275	70351
chr5	107786803	107986803	harbor2	chr5	107834111	107834389	DNA/TcMar-Tigger	748	+	139	107834250	47447
chr5	113847054	114047054	harbor2	chr5	113897641	113897937	DNA/TcMar-Tigger	812	+	148	113897789	50735
chr5	168176684	168376684	harbor2	chr5	168235311	168235426	DNA/TcMar-Tigger	427	+	58	168235369	58685
chr5	179633500	179833500	harbor2	chr5	179696798	179697045	DNA/TcMar-Tigger	1123	+	124	179696922	63422
chr5	172848887	173048887	harbor2	chr5	172854402	172854991	DNA/TcMar-Tigger	3374	+	294	172854696	5809
chr5	38951439	39151439	harbor2	chr5	38955040	38955333	DNA/TcMar-Tigger	1501	+	146	38955186	3747
chr5	38951439	39151439	harbor2	chr5	38968137	38968493	DNA/TcMar-Tigger	6193	+	178	38968315	16876
chr5	38951439	39151439	harbor2	chr5	38968755	38968965	DNA/TcMar-Tigger	6193	+	105	38968860	17421
chr5	38951439	39151439	harbor2	chr5	38969272	38969666	DNA/TcMar-Tigger	6193	+	197	38969469	18030
chr5	38951439	39151439	harbor2	chr5	38969966	38970245	DNA/TcMar-Tigger	6193	+	140	38970106	18667
chr5	38951439	39151439	harbor2	chr5	38993728	38993900	DNA/TcMar-Tigger	1575	+	86	38993814	42375
chr5	38951439	39151439	harbor2	chr5	38994197	38994395	DNA/TcMar-Tigger	1575	+	99	38994296	42857
chr5	38951439	39151439	harbor2	chr5	39013905	39014198	DNA/TcMar-Tigger	1803	+	146	39014051	62612
chr5	38951439	39151439	harbor2	chr5	39015988	39016152	DNA/TcMar-Tigger	631	+	82	39016070	64631
chr5	38951439	39151439	harbor2	chr5	39018393	39020720	DNA/TcMar-Tigger	13657	+	1164	39019557	68118
chr5	38951439	39151439	harbor2	chr5	39021935	39022283	DNA/TcMar-Tigger	1939	+	174	39022109	70670
chr5	152353164	152553164	harbor2	chr5	152372121	152372351	DNA/TcMar-Tigger	1296	+	115	152372236	19072
chr5	176964090	177164090	harbor2	chr5	177052756	177052850	DNA/TcMar-Tigger	502	+	47	177052803	88713
chr5	120300361	120500361	harbor2	chr5	120363799	120364087	DNA/TcMar-Tigger	6390	+	144	120363943	63582
chr5	120300361	120500361	harbor2	chr5	120364409	120364419	DNA/TcMar-Tigger	6390	+	5	120364414	64053
chr5	120300361	120500361	harbor2	chr5	120364538	120365481	DNA/TcMar-Tigger	6390	+	472	120365010	64649
chr5	120300361	120500361	harbor2	chr5	120382831	120383221	DNA/TcMar-Tigger	1463	+	195	120383026	82665
chr5	150591198	150791198	harbor2	chr5	150687026	150687301	DNA/TcMar-Tigger	1373	+	138	150687164	95966
chr5	173411990	173611990	harbor2	chr5	173413887	173413943	DNA/TcMar-Tigger	413	+	28	173413915	1925
chr5	173411990	173611990	harbor2	chr5	173413953	173414202	DNA/TcMar-Tigger	2691	+	124	173414077	2087
chr5	173411990	173611990	harbor2	chr5	173414506	173414688	DNA/TcMar-Tigger	2691	+	91	173414597	2607
chr5	89493842	89693842	harbor2	chr5	89494022	89495216	DNA/TcMar-Tigger	6037	+	597	89494619	777
chr5	89493842	89693842	harbor2	chr5	89550859	89551123	DNA/TcMar-Tigger	1215	+	132	89550991	57149
chr5	89493842	89693842	harbor2	chr5	89551191	89551282	DNA/TcMar-Tigger	583	+	46	89551237	57395
chr5	89493842	89693842	harbor2	chr5	89573256	89573850	DNA/TcMar-Tigger	3236	+	297	89573553	79711
chr5	89493842	89693842	harbor2	chr5	89581419	89581576	DNA/TcMar-Tigger	397	+	78	89581497	87655
chr5	108949068	109149068	harbor2	chr5	109046598	109046938	DNA/TcMar-Tigger	1914	+	170	109046768	97700
chr5	178863597	179063597	harbor2	chr5	178911326	178911553	DNA/TcMar-Tigger	878	+	114	178911440	47843
chr5	178863597	179063597	harbor2	chr5	178911550	178911704	DNA/TcMar-Tigger	935	+	77	178911627	48030
chr5	178863597	179063597	harbor2	chr5	178916922	178917332	DNA/TcMar-Tigger	620	+	205	178917127	53530
chr5	178863597	179063597	harbor2	chr5	178917629	178917644	DNA/TcMar-Tigger	620	+	8	178917637	54040
chr5	178863597	179063597	harbor2	chr5	178863324	178864503	DNA/TcMar-Tigger	6190	+	590	178863914	317
chr5	168886675	169086675	harbor2	chr5	168911968	168912421	DNA/TcMar-Tigger	2133	+	226	168912194	25519
chr5	167496504	167696504	harbor2	chr5	167563615	167564001	DNA/TcMar-Tigger	1944	+	193	167563808	67304
chr5	167496504	167696504	harbor2	chr5	167585755	167585843	DNA/TcMar-Tigger	1356	+	44	167585799	89295
chr5	167496504	167696504	harbor2	chr5	167586134	167586381	DNA/TcMar-Tigger	1356	+	124	167586258	89754
chr5	98852768	99052768	harbor2	chr5	98932608	98932703	DNA/TcMar-Tigger	440	+	48	98932656	79888
chr5	98852768	99052768	harbor2	chr5	98943785	98944108	DNA/TcMar-Tigger	691	+	162	98943947	91179
chr5	98852768	99052768	harbor2	chr5	98944452	98944508	DNA/TcMar-Tigger	691	+	28	98944480	91712
chr5	174393716	174593716	harbor2	chr5	174429267	174429613	DNA/TcMar-Tigger	1758	+	173	174429440	35724
chr5	179990546	180190546	harbor2	chr5	180030873	180031204	DNA/TcMar-Tigger	1973	+	166	180031039	40493
chr5	179990546	180190546	harbor2	chr5	180031498	180031593	DNA/TcMar-Tigger	1973	+	48	180031546	41000
chr5	110221772	110421772	harbor2	chr5	110249100	110249512	DNA/TcMar-Tigger	1770	+	206	110249306	27534
chr5	110221772	110421772	harbor2	chr5	110295597	110296281	DNA/TcMar-Tigger	3571	+	342	110295939	74167
chr5	179473522	179673522	harbor2	chr5	179542039	179542463	DNA/TcMar-Tigger	1217	+	212	179542251	68729
chr5	179473522	179673522	harbor2	chr5	179542998	179543338	DNA/TcMar-Tigger	1066	+	170	179543168	69646
chr5	72268943	72468943	harbor2	chr5	72293033	72293549	DNA/TcMar-Tigger	968	+	258	72293291	24348
chr5	72268943	72468943	harbor2	chr5	72294824	72295037	DNA/TcMar-Tigger	1230	+	106	72294930	25987
chr5	148949930	149149930	harbor2	chr5	149008083	149008466	DNA/TcMar-Tigger	752	+	192	149008275	58345
chr5	148949930	149149930	harbor2	chr5	149025439	149026138	DNA/TcMar-Tigger	1771	+	350	149025789	75859
chr5	156505983	156705983	harbor2	chr5	156512297	156512582	DNA/TcMar-Tigger	1455	+	142	156512439	6456
chr5	156505983	156705983	harbor2	chr5	156523887	156524094	DNA/TcMar-Tigger	999	+	104	156523991	18008
chr5	156505983	156705983	harbor2	chr5	156553972	156554073	DNA/TcMar-Tigger	1060	+	50	156554022	48039
chr5	156505983	156705983	harbor2	chr5	156554373	156554513	DNA/TcMar-Tigger	1060	+	70	156554443	48460
chr5	156505983	156705983	harbor2	chr5	156554652	156554748	DNA/TcMar-Tigger	435	+	48	156554700	48717
chr5	156505983	156705983	harbor2	chr5	156585022	156585283	DNA/TcMar-Tigger	449	+	130	156585152	79169
chr5	156505983	156705983	harbor2	chr5	156589564	156589796	DNA/TcMar-Tigger	714	+	116	156589680	83697
chr5	158192152	158392152	harbor2	chr5	158199486	158199884	DNA/TcMar-Tigger	1883	+	199	158199685	7533
chr5	158192152	158392152	harbor2	chr5	158279401	158280452	DNA/TcMar-Tigger	15051	+	526	158279927	87775
chr5	158192152	158392152	harbor2	chr5	158280756	158282056	DNA/TcMar-Tigger	15051	+	650	158281406	89254
chr5	179708163	179908163	harbor2	chr5	179739111	179739192	DNA/TcMar-Tigger	442	+	40	179739151	30988
chr5	179708163	179908163	harbor2	chr5	179739706	179739911	DNA/TcMar-Tigger	1114	+	102	179739808	31645
chr5	179708163	179908163	harbor2	chr5	179783425	179783692	DNA/TcMar-Tigger	1518	+	134	179783559	75396
chr5	179708163	179908163	harbor2	chr5	179784276	179784365	DNA/TcMar-Tigger	1518	+	44	179784320	76157
chr5	179708163	179908163	harbor2	chr5	179784902	179785093	DNA/TcMar-Tigger	3262	+	96	179784998	76835
chr5	179708163	179908163	harbor2	chr5	179785392	179785903	DNA/TcMar-Tigger	3262	+	256	179785648	77485
chr5	51430356	51630356	harbor2	chr5	51474410	51474690	DNA/TcMar-Tigger	607	+	140	51474550	44194
chr5	168201309	168401309	harbor2	chr5	168235311	168235426	DNA/TcMar-Tigger	427	+	58	168235369	34060
chr5	161153651	161353651	harbor2	chr5	161161234	161161383	DNA/TcMar-Tigger	464	+	74	161161308	7657
chr5	84681162	84881162	harbor2	chr5	84711762	84712270	DNA/TcMar-Tigger	2566	+	254	84712016	30854
chr5	84681162	84881162	harbor2	chr5	84725333	84726461	DNA/TcMar-Tigger	5564	+	564	84725897	44735
chr5	169590646	169790646	harbor2	chr5	169605192	169605554	DNA/TcMar-Tigger	2272	+	181	169605373	14727
chr5	169590646	169790646	harbor2	chr5	169625334	169625870	DNA/TcMar-Tigger	5457	+	268	169625602	34956
chr5	169590646	169790646	harbor2	chr5	169626500	169626827	DNA/TcMar-Tigger	5457	+	164	169626664	36018
chr5	40398259	40598259	harbor2	chr5	40399695	40400059	DNA/TcMar-Tigger	1844	+	182	40399877	1618
chr5	79943567	80143567	harbor2	chr5	79960077	79960287	DNA/TcMar-Tigger	486	+	105	79960182	16615
chr5	157072669	157272669	harbor2	chr5	157073157	157073224	DNA/TcMar-Tigger	479	+	34	157073191	522
chr5	157072669	157272669	harbor2	chr5	157073870	157073955	DNA/TcMar-Tigger	1998	+	42	157073912	1243
chr5	157072669	157272669	harbor2	chr5	157073209	157073575	DNA/TcMar-Tigger	1998	+	183	157073392	723
chr5	101732708	101932708	harbor2	chr5	101751666	101752000	DNA/TcMar-Tigger	1656	+	167	101751833	19125
chr5	101732708	101932708	harbor2	chr5	101764064	101764267	DNA/TcMar-Tigger	993	+	102	101764166	31458
chr5	174693798	174893798	harbor2	chr5	174741447	174741693	DNA/TcMar-Tigger	777	+	123	174741570	47772
chr5	174693798	174893798	harbor2	chr5	174760759	174761183	DNA/TcMar-Tigger	2347	+	212	174760971	67173
chr5	174693798	174893798	harbor2	chr5	174761887	174762016	DNA/TcMar-Tigger	734	+	64	174761951	68153
chr5	148285819	148485819	harbor2	chr5	148300793	148301629	DNA/TcMar-Tigger	4779	+	418	148301211	15392
chr5	148285819	148485819	harbor2	chr5	148310048	148310490	DNA/TcMar-Tigger	2064	+	221	148310269	24450
chr5	148285819	148485819	harbor2	chr5	148357597	148357928	DNA/TcMar-Tigger	1964	+	166	148357763	71944
chr5	148285819	148485819	harbor2	chr5	148361678	148361822	DNA/TcMar-Tigger	897	+	72	148361750	75931
chr5	88247775	88447775	harbor2	chr5	88293771	88293949	DNA/TcMar-Tigger	3770	+	89	88293860	46085
chr5	88247775	88447775	harbor2	chr5	88297189	88297703	DNA/TcMar-Tigger	3068	+	257	88297446	49671
chr5	88247775	88447775	harbor2	chr5	88292987	88293495	DNA/TcMar-Tigger	3770	+	254	88293241	45466
chr5	133011623	133211623	harbor2	chr5	133065185	133065508	DNA/TcMar-Tigger	1517	+	162	133065347	53724
chr5	55479545	55679545	harbor2	chr5	55553187	55553630	DNA/TcMar-Tigger	3707	+	222	55553409	73864
chr5	55479545	55679545	harbor2	chr5	55553663	55553782	DNA/TcMar-Tigger	3707	+	60	55553723	74178
chr5	55479545	55679545	harbor2	chr5	55554082	55554192	DNA/TcMar-Tigger	3707	+	55	55554137	74592
chr5	55479545	55679545	harbor2	chr5	55562829	55562910	DNA/TcMar-Tigger	554	+	40	55562869	83324
chr5	55479545	55679545	harbor2	chr5	55562907	55563327	DNA/TcMar-Tigger	2684	+	210	55563117	83572
chr5	168068816	168268816	harbor2	chr5	168069367	168069519	DNA/TcMar-Tigger	408	+	76	168069443	627
chr5	168068816	168268816	harbor2	chr5	168069759	168070080	DNA/TcMar-Tigger	748	+	160	168069919	1103
chr5	168068816	168268816	harbor2	chr5	168070225	168070421	DNA/TcMar-Tigger	671	+	98	168070323	1507
chr5	175733812	175933812	harbor2	chr5	175776929	175777062	DNA/TcMar-Tigger	472	+	66	175776995	43183
chr5	175733812	175933812	harbor2	chr5	175783142	175783565	DNA/TcMar-Tigger	841	+	212	175783354	49542
chr5	155515478	155715478	harbor2	chr5	155535493	155535814	DNA/TcMar-Tigger	1824	+	160	155535653	20175
chr5	155515478	155715478	harbor2	chr5	155541180	155541332	DNA/TcMar-Tigger	750	+	76	155541256	25778
chr5	155515478	155715478	harbor2	chr5	155542076	155542472	DNA/TcMar-Tigger	1170	+	198	155542274	26796
chr5	179527553	179727553	harbor2	chr5	179542039	179542463	DNA/TcMar-Tigger	1217	+	212	179542251	14698
chr5	179527553	179727553	harbor2	chr5	179542998	179543338	DNA/TcMar-Tigger	1066	+	170	179543168	15615
chr5	170419457	170619457	harbor2	chr5	170420144	170420410	DNA/TcMar-Tigger	1482	+	133	170420277	820
chr5	170419457	170619457	harbor2	chr5	170420557	170420739	DNA/TcMar-Tigger	1075	+	91	170420648	1191
chr5	175170609	175370609	harbor2	chr5	175200059	175201633	DNA/TcMar-Tigger	10577	+	787	175200846	30237
chr5	175170609	175370609	harbor2	chr5	175201631	175201751	DNA/TcMar-Tigger	844	+	60	175201691	31082
chr5	175170609	175370609	harbor2	chr5	175201757	175201950	DNA/TcMar-Tigger	1094	+	96	175201853	31244
chr5	176103331	176303331	harbor2	chr5	176123171	176123472	DNA/TcMar-Tigger	1526	+	150	176123321	19990
chr5	171730868	171930868	harbor2	chr5	171752257	171752583	DNA/TcMar-Tigger	952	+	163	171752420	21552
chr5	171730868	171930868	harbor2	chr5	171752578	171752766	DNA/TcMar-Tigger	428	+	94	171752672	21804
chr5	158093956	158293956	harbor2	chr5	158095645	158095938	DNA/TcMar-Tigger	424	+	146	158095791	1835
chr5	158093956	158293956	harbor2	chr5	158110579	158110818	DNA/TcMar-Tigger	1390	+	120	158110699	16743
chr5	42726834	42926834	harbor2	chr5	42759477	42759998	DNA/TcMar-Tigger	2175	+	260	42759737	32903
chr5	42726834	42926834	harbor2	chr5	42807394	42807692	DNA/TcMar-Tigger	1579	+	149	42807543	80709
chr5	37026248	37226248	harbor2	chr5	37046911	37047236	DNA/TcMar-Tigger	1994	+	162	37047073	20825
chr5	163798978	163998978	harbor2	chr5	163897956	163898725	DNA/TcMar-Tigger	4598	+	384	163898340	99362
chr5	160725356	160925356	harbor2	chr5	160793489	160794073	DNA/TcMar-Tigger	3074	+	292	160793781	68425
chr5	149861530	150061530	harbor2	chr5	149877764	149877983	DNA/TcMar-Tigger	1057	+	110	149877874	16344
chr5	152450127	152650127	harbor2	chr5	152491196	152491524	DNA/TcMar-Tigger	1719	+	164	152491360	41233
chr5	152450127	152650127	harbor2	chr5	152494150	152494337	DNA/TcMar-Tigger	837	+	94	152494244	44117
chr5	152450127	152650127	harbor2	chr5	152494338	152494676	DNA/TcMar-Tigger	1852	+	169	152494507	44380
chr5	152450127	152650127	harbor2	chr5	152494677	152494751	DNA/TcMar-Tigger	837	+	37	152494714	44587
chr5	167214039	167414039	harbor2	chr5	167242449	167242877	DNA/TcMar-Tigger	2389	+	214	167242663	28624
chr5	167214039	167414039	harbor2	chr5	167281558	167281703	DNA/TcMar-Tigger	421	+	72	167281630	67591
chr5	179967824	180167824	harbor2	chr5	179984807	179984994	DNA/TcMar-Tigger	1066	+	94	179984901	17077
chr5	179967824	180167824	harbor2	chr5	180030873	180031204	DNA/TcMar-Tigger	1973	+	166	180031039	63215
chr5	179967824	180167824	harbor2	chr5	180031498	180031593	DNA/TcMar-Tigger	1973	+	48	180031546	63722
chr5	165456247	165656247	harbor2	chr5	165533304	165533656	DNA/TcMar-Tigger	1931	+	176	165533480	77233
chr5	150465723	150665723	harbor2	chr5	150480284	150480605	DNA/TcMar-Tigger	1734	+	160	150480444	14721
chr5	150465723	150665723	harbor2	chr5	150556115	150556447	DNA/TcMar-Tigger	457	+	166	150556281	90558
chr5	150465723	150665723	harbor2	chr5	150557042	150557128	DNA/TcMar-Tigger	397	+	43	150557085	91362
chr5	82419363	82619363	harbor2	chr5	82468800	82469001	DNA/TcMar-Tigger	872	+	100	82468900	49537
chr5	123519188	123719188	harbor2	chr5	123523718	123524047	DNA/TcMar-Tigger	653	+	164	123523882	4694
chr5	123519188	123719188	harbor2	chr5	123528793	123529366	DNA/TcMar-Tigger	2742	+	286	123529079	9891
chr5	146395613	146595613	harbor2	chr5	146472235	146472701	DNA/TcMar-Tigger	13741	+	233	146472468	76855
chr5	146395613	146595613	harbor2	chr5	146473012	146474976	DNA/TcMar-Tigger	13741	+	982	146473994	78381
chr5	168397784	168597784	harbor2	chr5	168412654	168412960	DNA/TcMar-Tigger	1755	+	153	168412807	15023
chr5	168397784	168597784	harbor2	chr5	168484036	168484226	DNA/TcMar-Tigger	893	+	95	168484131	86347
chr5	168397784	168597784	harbor2	chr5	168484225	168484322	DNA/TcMar-Tigger	652	+	48	168484273	86489
chr5	122204614	122404614	harbor2	chr5	122288338	122289162	DNA/TcMar-Tigger	4698	+	412	122288750	84136
chr5	180071636	180271636	harbor2	chr5	180121683	180122246	DNA/TcMar-Tigger	2172	+	282	180121965	50329
chr5	171084776	171284776	harbor2	chr5	171091928	171092044	DNA/TcMar-Tigger	752	+	58	171091986	7210
chr5	65519450	65719450	harbor2	chr5	65555974	65556068	DNA/TcMar-Tigger	511	+	47	65556021	36571
chr5	65519450	65719450	harbor2	chr5	65556069	65556191	DNA/TcMar-Tigger	3014	+	61	65556130	36680
chr5	65519450	65719450	harbor2	chr5	65556504	65557008	DNA/TcMar-Tigger	3014	+	252	65556756	37306
chr5	65519450	65719450	harbor2	chr5	65565382	65565521	DNA/TcMar-Tigger	473	+	70	65565452	46002
chr5	65519450	65719450	harbor2	chr5	65565827	65565971	DNA/TcMar-Tigger	473	+	72	65565899	46449
chr5	65519450	65719450	harbor2	chr5	65568024	65568235	DNA/TcMar-Tigger	1085	+	106	65568130	48680
chr5	65519450	65719450	harbor2	chr5	65587675	65587970	DNA/TcMar-Tigger	1589	+	148	65587823	68373
chr5	165437225	165637225	harbor2	chr5	165533304	165533656	DNA/TcMar-Tigger	1931	+	176	165533480	96255
chr5	115352520	115552520	harbor2	chr5	115356532	115356840	DNA/TcMar-Tigger	1777	+	154	115356686	4166
chr5	115352520	115552520	harbor2	chr5	115375341	115375439	DNA/TcMar-Tigger	392	+	49	115375390	22870
chr5	115352520	115552520	harbor2	chr5	115410038	115410238	DNA/TcMar-Tigger	778	+	100	115410138	57618
chr5	58108157	58308157	harbor2	chr5	58200397	58200527	DNA/TcMar-Tigger	700	+	65	58200462	92305
chr5	58108157	58308157	harbor2	chr5	58200522	58201875	DNA/TcMar-Tigger	9368	+	676	58201198	93041
chr6	70749683	70949683	harbor2	chr6	70755305	70755663	DNA/TcMar-Tigger	2162	+	179	70755484	5801
chr6	70749683	70949683	harbor2	chr6	70763054	70763912	DNA/TcMar-Tigger	7603	+	429	70763483	13800
chr6	70749683	70949683	harbor2	chr6	70764212	70764802	DNA/TcMar-Tigger	7603	+	295	70764507	14824
chr6	70749683	70949683	harbor2	chr6	70773916	70774255	DNA/TcMar-Tigger	1847	+	170	70774086	24403
chr6	169229148	169429148	harbor2	chr6	169261562	169262063	DNA/TcMar-Tigger	2683	+	250	169261812	32664
chr6	169229148	169429148	harbor2	chr6	169287316	169287539	DNA/TcMar-Tigger	1340	+	112	169287428	58280
chr6	169229148	169429148	harbor2	chr6	169317271	169317452	DNA/TcMar-Tigger	817	+	90	169317361	88213
chr6	29668969	29868969	harbor2	chr6	29677827	29677917	DNA/TcMar-Tigger	2302	+	45	29677872	8903
chr6	29668969	29868969	harbor2	chr6	29678213	29678799	DNA/TcMar-Tigger	2302	+	293	29678506	9537
chr6	29668969	29868969	harbor2	chr6	29679046	29679097	DNA/TcMar-Tigger	2009	+	26	29679072	10103
chr6	29668969	29868969	harbor2	chr6	29764014	29764354	DNA/TcMar-Tigger	1608	+	170	29764184	95215
chr6	153903016	154103016	harbor2	chr6	153917947	153918386	DNA/TcMar-Tigger	2323	+	220	153918167	15151
chr6	153903016	154103016	harbor2	chr6	153993747	153994776	DNA/TcMar-Tigger	5034	+	514	153994261	91245
chr6	158215953	158415953	harbor2	chr6	158263172	158263583	DNA/TcMar-Tigger	982	+	206	158263378	47425
chr6	158215953	158415953	harbor2	chr6	158266657	158266846	DNA/TcMar-Tigger	907	+	94	158266751	50798
chr6	153957261	154157261	harbor2	chr6	153993747	153994776	DNA/TcMar-Tigger	5034	+	514	153994261	37000
chr6	138057692	138257692	harbor2	chr6	138065743	138068124	DNA/TcMar-Tigger	14662	+	1190	138066933	9241
chr6	128525513	128725513	harbor2	chr6	128544085	128544428	DNA/TcMar-Tigger	1972	+	172	128544257	18744
chr6	128525513	128725513	harbor2	chr6	128547782	128548116	DNA/TcMar-Tigger	2004	+	167	128547949	22436
chr6	128525513	128725513	harbor2	chr6	128577128	128577664	DNA/TcMar-Tigger	1906	+	268	128577396	51883
chr6	137384853	137584853	harbor2	chr6	137468167	137468300	DNA/TcMar-Tigger	792	+	66	137468233	83380
chr6	137384853	137584853	harbor2	chr6	137468290	137468610	DNA/TcMar-Tigger	5739	+	160	137468450	83597
chr6	137384853	137584853	harbor2	chr6	137468911	137469608	DNA/TcMar-Tigger	5739	+	348	137469259	84406
chr6	169972501	170172501	harbor2	chr6	170059352	170061711	DNA/TcMar-Tigger	13593	+	1180	170060532	88031
chr6	165505728	165705728	harbor2	chr6	165518278	165518987	DNA/TcMar-Tigger	3726	+	354	165518632	12904
chr6	165505728	165705728	harbor2	chr6	165520923	165521869	DNA/TcMar-Tigger	5658	+	473	165521396	15668
chr6	165505728	165705728	harbor2	chr6	165555885	165556082	DNA/TcMar-Tigger	1010	+	98	165555983	50255
chr6	165505728	165705728	harbor2	chr6	165556059	165556231	DNA/TcMar-Tigger	747	+	86	165556145	50417
chr6	165505728	165705728	harbor2	chr6	165568334	165568860	DNA/TcMar-Tigger	2997	+	263	165568597	62869
chr6	96630774	96830774	harbor2	chr6	96709247	96709511	DNA/TcMar-Tigger	864	+	132	96709379	78605
chr6	96630774	96830774	harbor2	chr6	96710675	96711037	DNA/TcMar-Tigger	1938	+	181	96710856	80082
chr6	155204207	155404207	harbor2	chr6	155254938	155255289	DNA/TcMar-Tigger	2015	+	176	155255114	50907
chr6	155204207	155404207	harbor2	chr6	155295649	155295992	DNA/TcMar-Tigger	2104	+	172	155295821	91614
chr6	62201863	62401863	harbor2	chr6	62224442	62224653	DNA/TcMar-Tigger	529	+	106	62224548	22685
chr6	62201863	62401863	harbor2	chr6	62257961	62258040	DNA/TcMar-Tigger	605	+	40	62258001	56138
chr6	62201863	62401863	harbor2	chr6	62258270	62258799	DNA/TcMar-Tigger	3007	+	264	62258534	56671
chr6	62201863	62401863	harbor2	chr6	62271191	62272337	DNA/TcMar-Tigger	6074	+	573	62271764	69901
chr6	139566587	139766587	harbor2	chr6	139658688	139658932	DNA/TcMar-Tigger	1259	+	122	139658810	92223
chr6	139566587	139766587	harbor2	chr6	139659035	139659180	DNA/TcMar-Tigger	909	+	72	139659107	92520
chr6	133228895	133428895	harbor2	chr6	133326294	133326498	DNA/TcMar-Tigger	1225	+	102	133326396	97501
chr6	168571892	168771892	harbor2	chr6	168619260	168619561	DNA/TcMar-Tigger	442	+	150	168619410	47518
chr6	168571892	168771892	harbor2	chr6	168663726	168663929	DNA/TcMar-Tigger	943	+	102	168663828	91936
chr6	29991401	30191401	harbor2	chr6	29995839	29995961	DNA/TcMar-Tigger	643	+	61	29995900	4499
chr6	29991401	30191401	harbor2	chr6	30065263	30065670	DNA/TcMar-Tigger	2145	+	204	30065467	74066
chr6	148572296	148772296	harbor2	chr6	148580690	148580871	DNA/TcMar-Tigger	1051	+	90	148580780	8484
chr6	148572296	148772296	harbor2	chr6	148587869	148588670	DNA/TcMar-Tigger	14219	+	400	148588269	15973
chr6	148572296	148772296	harbor2	chr6	148588968	148590400	DNA/TcMar-Tigger	14219	+	716	148589684	17388
chr6	148572296	148772296	harbor2	chr6	148591216	148591391	DNA/TcMar-Tigger	1339	+	88	148591304	19008
chr6	148572296	148772296	harbor2	chr6	148591547	148591714	DNA/TcMar-Tigger	1339	+	84	148591631	19335
chr6	148572296	148772296	harbor2	chr6	148595697	148595854	DNA/TcMar-Tigger	668	+	78	148595775	23479
chr6	170364714	170564714	harbor2	chr6	170401657	170401887	DNA/TcMar-Tigger	1247	+	115	170401772	37058
chr6	94062142	94262142	harbor2	chr6	94091467	94094198	DNA/TcMar-Tigger	14511	+	1366	94092833	30691
chr6	143585689	143785689	harbor2	chr6	143594007	143594297	DNA/TcMar-Tigger	1438	+	145	143594152	8463
chr6	143585689	143785689	harbor2	chr6	143612129	143612297	DNA/TcMar-Tigger	613	+	84	143612213	26524
chr6	143585689	143785689	harbor2	chr6	143612341	143612592	DNA/TcMar-Tigger	706	+	126	143612467	26778
chr6	143585689	143785689	harbor2	chr6	143639959	143640350	DNA/TcMar-Tigger	1968	+	196	143640155	54466
chr6	161305652	161505652	harbor2	chr6	161315971	161316853	DNA/TcMar-Tigger	5490	+	441	161316412	10760
chr6	161305652	161505652	harbor2	chr6	161317146	161317333	DNA/TcMar-Tigger	5490	+	94	161317240	11588
chr6	161305652	161505652	harbor2	chr6	161317623	161317703	DNA/TcMar-Tigger	5490	+	40	161317663	12011
chr6	158730669	158930669	harbor2	chr6	158822117	158822426	DNA/TcMar-Tigger	1079	+	154	158822271	91602
chr6	158730669	158930669	harbor2	chr6	158827322	158827540	DNA/TcMar-Tigger	425	+	109	158827431	96762
chr6	156328844	156528844	harbor2	chr6	156370979	156371305	DNA/TcMar-Tigger	1798	+	163	156371142	42298
chr6	156328844	156528844	harbor2	chr6	156413181	156413690	DNA/TcMar-Tigger	3134	+	254	156413435	84591
chr6	166679815	166879815	harbor2	chr6	166704913	166705067	DNA/TcMar-Tigger	506	+	77	166704990	25175
chr6	166679815	166879815	harbor2	chr6	166727904	166728208	DNA/TcMar-Tigger	1480	+	152	166728056	48241
chr6	161856379	162056379	harbor2	chr6	161909959	161910247	DNA/TcMar-Tigger	4483	+	144	161910103	53724
chr6	161856379	162056379	harbor2	chr6	161910554	161911084	DNA/TcMar-Tigger	4483	+	265	161910819	54440
chr6	116187857	116387857	harbor2	chr6	116240229	116240528	DNA/TcMar-Tigger	1145	+	150	116240379	52522
chr6	116187857	116387857	harbor2	chr6	116266881	116267689	DNA/TcMar-Tigger	6954	+	404	116267285	79428
chr6	116187857	116387857	harbor2	chr6	116268047	116268478	DNA/TcMar-Tigger	6954	+	216	116268263	80406
chr6	161720605	161920605	harbor2	chr6	161735177	161735611	DNA/TcMar-Tigger	2458	+	217	161735394	14789
chr6	129780150	129980150	harbor2	chr6	129854722	129854817	DNA/TcMar-Tigger	550	+	48	129854770	74620
chr6	146888609	147088609	harbor2	chr6	146974581	146974819	DNA/TcMar-Tigger	765	+	119	146974700	86091
chr6	140226038	140426038	harbor2	chr6	140246505	140246772	DNA/TcMar-Tigger	594	+	134	140246639	20601
chr6	159849420	160049420	harbor2	chr6	159912590	159913069	DNA/TcMar-Tigger	1344	+	240	159912830	63410
chr6	159849420	160049420	harbor2	chr6	159928528	159929426	DNA/TcMar-Tigger	5714	+	449	159928977	79557
chr6	158008970	158208970	harbor2	chr6	158013582	158013972	DNA/TcMar-Tigger	2468	+	195	158013777	4807
chr6	158008970	158208970	harbor2	chr6	158013973	158014342	DNA/TcMar-Tigger	1962	+	184	158014157	5187
chr6	158008970	158208970	harbor2	chr6	158014343	158014528	DNA/TcMar-Tigger	2468	+	92	158014435	5465
chr6	158008970	158208970	harbor2	chr6	158062662	158062754	DNA/TcMar-Tigger	444	+	46	158062708	53738
chr6	158008970	158208970	harbor2	chr6	158062781	158063239	DNA/TcMar-Tigger	2193	+	229	158063010	54040
chr6	115317808	115517808	harbor2	chr6	115409999	115410513	DNA/TcMar-Tigger	1706	+	257	115410256	92448
chr6	72276611	72476611	harbor2	chr6	72301435	72301587	DNA/TcMar-Tigger	886	+	76	72301511	24900
chr6	72276611	72476611	harbor2	chr6	72301647	72301840	DNA/TcMar-Tigger	980	+	96	72301743	25132
chr6	72276611	72476611	harbor2	chr6	72348199	72348353	DNA/TcMar-Tigger	589	+	77	72348276	71665
chr6	165066872	165266872	harbor2	chr6	165089723	165090051	DNA/TcMar-Tigger	1598	+	164	165089887	23015
chr6	165066872	165266872	harbor2	chr6	165120463	165120792	DNA/TcMar-Tigger	1825	+	164	165120627	53755
chr6	153121046	153321046	harbor2	chr6	153149385	153149634	DNA/TcMar-Tigger	1524	+	124	153149509	28463
chr6	70577198	70777198	harbor2	chr6	70618593	70618824	DNA/TcMar-Tigger	11512	+	116	70618709	41511
chr6	70577198	70777198	harbor2	chr6	70619110	70620231	DNA/TcMar-Tigger	11512	+	560	70619670	42472
chr6	70577198	70777198	harbor2	chr6	70620486	70620954	DNA/TcMar-Tigger	11512	+	234	70620720	43522
chr6	117290755	117490755	harbor2	chr6	117304466	117304700	DNA/TcMar-Tigger	1133	+	117	117304583	13828
chr6	117290755	117490755	harbor2	chr6	117305151	117305213	DNA/TcMar-Tigger	403	+	31	117305182	14427
chr6	116916365	117116365	harbor2	chr6	116976489	116977550	DNA/TcMar-Tigger	5443	+	530	116977019	60654
chr6	145015612	145215612	harbor2	chr6	145040629	145040968	DNA/TcMar-Tigger	1973	+	170	145040799	25187
chr6	145015612	145215612	harbor2	chr6	145082051	145082623	DNA/TcMar-Tigger	3261	+	286	145082337	66725
chr6	150209643	150409643	harbor2	chr6	150212658	150212938	DNA/TcMar-Tigger	1678	+	140	150212798	3155
chr6	72593689	72793689	harbor2	chr6	72643478	72643711	DNA/TcMar-Tigger	1341	+	116	72643594	49905
chr6	82153051	82353051	harbor2	chr6	82185855	82186341	DNA/TcMar-Tigger	3144	+	243	82186098	33047
chr6	82153051	82353051	harbor2	chr6	82186337	82186634	DNA/TcMar-Tigger	1853	+	148	82186485	33434
chr6	82153051	82353051	harbor2	chr6	82222335	82222772	DNA/TcMar-Tigger	609	+	218	82222553	69502
chr6	82153051	82353051	harbor2	chr6	82243330	82243598	DNA/TcMar-Tigger	1160	+	134	82243464	90413
chr6	82153051	82353051	harbor2	chr6	82243600	82243692	DNA/TcMar-Tigger	570	+	46	82243646	90595
chr6	27979642	28179642	harbor2	chr6	28028405	28028923	DNA/TcMar-Tigger	13854	+	259	28028664	49022
chr6	27979642	28179642	harbor2	chr6	28029212	28030999	DNA/TcMar-Tigger	13854	+	894	28030106	50464
chr6	27979642	28179642	harbor2	chr6	28031002	28031190	DNA/TcMar-Tigger	1274	+	94	28031096	51454
chr6	104218893	104418893	harbor2	chr6	104303524	104303623	DNA/TcMar-Tigger	460	+	50	104303574	84681
chr6	143423242	143623242	harbor2	chr6	143466158	143466670	DNA/TcMar-Tigger	2821	+	256	143466414	43172
chr6	143423242	143623242	harbor2	chr6	143494228	143495367	DNA/TcMar-Tigger	6511	+	570	143494798	71556
chr6	143423242	143623242	harbor2	chr6	143504639	143504851	DNA/TcMar-Tigger	487	+	106	143504745	81503
chr6	113526634	113726634	harbor2	chr6	113540175	113540498	DNA/TcMar-Tigger	1746	+	162	113540337	13703
chr6	113526634	113726634	harbor2	chr6	113577006	113577225	DNA/TcMar-Tigger	939	+	110	113577116	50482
chr6	113526634	113726634	harbor2	chr6	113577392	113577490	DNA/TcMar-Tigger	939	+	49	113577441	50807
chr6	162738529	162938529	harbor2	chr6	162829555	162829678	DNA/TcMar-Tigger	642	+	62	162829617	91088
chr6	165795412	165995412	harbor2	chr6	165814087	165814195	DNA/TcMar-Tigger	491	+	54	165814141	18729
chr6	161903771	162103771	harbor2	chr6	161909959	161910247	DNA/TcMar-Tigger	4483	+	144	161910103	6332
chr6	161903771	162103771	harbor2	chr6	161910554	161911084	DNA/TcMar-Tigger	4483	+	265	161910819	7048
chr6	140870200	141070200	harbor2	chr6	140872653	140872769	DNA/TcMar-Tigger	457	+	58	140872711	2511
chr6	140870200	141070200	harbor2	chr6	140946546	140946731	DNA/TcMar-Tigger	883	+	92	140946638	76438
chr6	140870200	141070200	harbor2	chr6	140959380	140959737	DNA/TcMar-Tigger	1133	+	178	140959558	89358
chr6	123435705	123635705	harbor2	chr6	123499388	123499438	DNA/TcMar-Tigger	1552	+	25	123499413	63708
chr6	123435705	123635705	harbor2	chr6	123499745	123500000	DNA/TcMar-Tigger	1552	+	128	123499873	64168
chr6	156818824	157018824	harbor2	chr6	156885906	156886143	DNA/TcMar-Tigger	1409	+	118	156886024	67200
chr6	156818824	157018824	harbor2	chr6	156904658	156904959	DNA/TcMar-Tigger	1605	+	150	156904808	85984
chr6	156954378	157154378	harbor2	chr6	157016455	157016951	DNA/TcMar-Tigger	2076	+	248	157016703	62325
chr6	166940676	167140676	harbor2	chr6	166993000	166993259	DNA/TcMar-Tigger	794	+	130	166993130	52454
chr6	166940676	167140676	harbor2	chr6	167006191	167006234	DNA/TcMar-Tigger	742	+	22	167006213	65537
chr6	166940676	167140676	harbor2	chr6	167006532	167006743	DNA/TcMar-Tigger	973	+	106	167006638	65962
chr6	166940676	167140676	harbor2	chr6	167017314	167017484	DNA/TcMar-Tigger	1049	+	85	167017399	76723
chr6	166940676	167140676	harbor2	chr6	167018886	167019163	DNA/TcMar-Tigger	1137	+	138	167019024	78348
chr6	166940676	167140676	harbor2	chr6	166952908	166953150	DNA/TcMar-Tigger	630	+	121	166953029	12353
chr6	156583979	156783979	harbor2	chr6	156593312	156593380	DNA/TcMar-Tigger	474	+	34	156593346	9367
chr6	156583979	156783979	harbor2	chr6	156593365	156593792	DNA/TcMar-Tigger	2629	+	214	156593579	9600
chr6	156583979	156783979	harbor2	chr6	156597711	156597914	DNA/TcMar-Tigger	1206	+	102	156597813	13834
chr6	156583979	156783979	harbor2	chr6	156610944	156611282	DNA/TcMar-Tigger	1259	+	169	156611113	27134
chr6	156583979	156783979	harbor2	chr6	156628853	156630032	DNA/TcMar-Tigger	6939	+	590	156629443	45464
chr6	156583979	156783979	harbor2	chr6	156646440	156646739	DNA/TcMar-Tigger	669	+	150	156646590	62611
chr6	109930813	110130813	harbor2	chr6	110006287	110006440	DNA/TcMar-Tigger	467	+	76	110006363	75550
chr6	133055704	133255704	harbor2	chr6	133059069	133059506	DNA/TcMar-Tigger	2253	+	218	133059287	3583
chr6	133055704	133255704	harbor2	chr6	133060315	133060668	DNA/TcMar-Tigger	1149	+	176	133060491	4787
chr6	161264527	161464527	harbor2	chr6	161315971	161316853	DNA/TcMar-Tigger	5490	+	441	161316412	51885
chr6	161264527	161464527	harbor2	chr6	161317146	161317333	DNA/TcMar-Tigger	5490	+	94	161317240	52713
chr6	161264527	161464527	harbor2	chr6	161317623	161317703	DNA/TcMar-Tigger	5490	+	40	161317663	53136
chr6	154734902	154934902	harbor2	chr6	154784488	154784806	DNA/TcMar-Tigger	1705	+	159	154784647	49745
chr6	154734902	154934902	harbor2	chr6	154788109	154788429	DNA/TcMar-Tigger	1881	+	160	154788269	53367
chr6	154734902	154934902	harbor2	chr6	154794372	154794706	DNA/TcMar-Tigger	1850	+	167	154794539	59637
chr6	154734902	154934902	harbor2	chr6	154812122	154812295	DNA/TcMar-Tigger	636	+	86	154812208	77306
chr6	154734902	154934902	harbor2	chr6	154812306	154812513	DNA/TcMar-Tigger	1127	+	104	154812410	77508
chr6	145161065	145361065	harbor2	chr6	145192777	145193030	DNA/TcMar-Tigger	887	+	126	145192903	31838
chr6	145161065	145361065	harbor2	chr6	145193278	145194085	DNA/TcMar-Tigger	4014	+	404	145193682	32617
chr6	145161065	145361065	harbor2	chr6	145194592	145194669	DNA/TcMar-Tigger	406	+	38	145194630	33565
chr6	145161065	145361065	harbor2	chr6	145195735	145195883	DNA/TcMar-Tigger	894	+	74	145195809	34744
chr6	145161065	145361065	harbor2	chr6	145199813	145200184	DNA/TcMar-Tigger	1675	+	186	145199999	38934
chr6	167949845	168149845	harbor2	chr6	167958011	167958338	DNA/TcMar-Tigger	1885	+	164	167958175	8330
chr6	167949845	168149845	harbor2	chr6	168018165	168018512	DNA/TcMar-Tigger	1794	+	174	168018339	68494
chr6	163531058	163731058	harbor2	chr6	163536358	163536571	DNA/TcMar-Tigger	963	+	106	163536464	5406
chr6	163531058	163731058	harbor2	chr6	163544103	163544414	DNA/TcMar-Tigger	1727	+	156	163544259	13201
chr6	140145928	140345928	harbor2	chr6	140154565	140154890	DNA/TcMar-Tigger	1946	+	162	140154727	8799
chr6	140145928	140345928	harbor2	chr6	140156192	140156621	DNA/TcMar-Tigger	2445	+	214	140156406	10478
chr6	140145928	140345928	harbor2	chr6	140157247	140157274	DNA/TcMar-Tigger	2408	+	14	140157261	11333
chr6	140145928	140345928	harbor2	chr6	140157585	140157673	DNA/TcMar-Tigger	2408	+	44	140157629	11701
chr6	83276125	83476125	harbor2	chr6	83276071	83276865	DNA/TcMar-Tigger	2817	+	397	83276468	343
chr6	83276125	83476125	harbor2	chr6	83314250	83314336	DNA/TcMar-Tigger	634	+	43	83314293	38168
chr6	83276125	83476125	harbor2	chr6	83314334	83314745	DNA/TcMar-Tigger	2279	+	206	83314540	38415
chr6	158066418	158266418	harbor2	chr6	158150736	158151269	DNA/TcMar-Tigger	3736	+	266	158151002	84584
chr6	158066418	158266418	harbor2	chr6	158151725	158151910	DNA/TcMar-Tigger	3736	+	92	158151817	85399
chr6	158066418	158266418	harbor2	chr6	158152533	158152945	DNA/TcMar-Tigger	2262	+	206	158152739	86321
chr6	158066418	158266418	harbor2	chr6	158121967	158122316	DNA/TcMar-Tigger	2035	+	174	158122141	55723
chr6	144120730	144320730	harbor2	chr6	144176727	144176939	DNA/TcMar-Tigger	573	+	106	144176833	56103
chr6	164416284	164616284	harbor2	chr6	164445036	164445243	DNA/TcMar-Tigger	1096	+	104	164445140	28856
chr6	164416284	164616284	harbor2	chr6	164447764	164448089	DNA/TcMar-Tigger	2020	+	162	164447926	31642
chr6	164416284	164616284	harbor2	chr6	164448389	164448440	DNA/TcMar-Tigger	2020	+	26	164448415	32131
chr6	164416284	164616284	harbor2	chr6	164451407	164451559	DNA/TcMar-Tigger	710	+	76	164451483	35199
chr6	164416284	164616284	harbor2	chr6	164451558	164451687	DNA/TcMar-Tigger	534	+	64	164451622	35338
chr6	164416284	164616284	harbor2	chr6	164466896	164467000	DNA/TcMar-Tigger	1581	+	52	164466948	50664
chr6	164416284	164616284	harbor2	chr6	164467299	164467585	DNA/TcMar-Tigger	1581	+	143	164467442	51158
chr6	164416284	164616284	harbor2	chr6	164500764	164501102	DNA/TcMar-Tigger	1680	+	169	164500933	84649
chr6	108950817	109150817	harbor2	chr6	109024133	109024283	DNA/TcMar-Tigger	545	+	75	109024208	73391
chr6	65755597	65955597	harbor2	chr6	65816381	65816766	DNA/TcMar-Tigger	1403	+	192	65816573	60976
chr6	86640098	86840098	harbor2	chr6	86685218	86685740	DNA/TcMar-Tigger	2994	+	261	86685479	45381
chr6	96301735	96501735	harbor2	chr6	96365597	96365683	DNA/TcMar-Tigger	530	+	43	96365640	63905
chr6	134125113	134325113	harbor2	chr6	134134071	134134400	DNA/TcMar-Tigger	645	+	164	134134235	9122
chr6	134125113	134325113	harbor2	chr6	134158206	134158271	DNA/TcMar-Tigger	427	+	32	134158238	33125
chr6	134125113	134325113	harbor2	chr6	134159152	134159268	DNA/TcMar-Tigger	1268	+	58	134159210	34097
chr6	134125113	134325113	harbor2	chr6	134159568	134159666	DNA/TcMar-Tigger	1268	+	49	134159617	34504
chr6	157528997	157728997	harbor2	chr6	157603943	157604044	DNA/TcMar-Tigger	1034	+	50	157603993	74996
chr6	157528997	157728997	harbor2	chr6	157604307	157604459	DNA/TcMar-Tigger	1034	+	76	157604383	75386
chr6	161270863	161470863	harbor2	chr6	161315971	161316853	DNA/TcMar-Tigger	5490	+	441	161316412	45549
chr6	161270863	161470863	harbor2	chr6	161317146	161317333	DNA/TcMar-Tigger	5490	+	94	161317240	46377
chr6	161270863	161470863	harbor2	chr6	161317623	161317703	DNA/TcMar-Tigger	5490	+	40	161317663	46800
chr6	127992873	128192873	harbor2	chr6	128048684	128048858	DNA/TcMar-Tigger	939	+	87	128048771	55898
chr6	127992873	128192873	harbor2	chr6	128078468	128078795	DNA/TcMar-Tigger	1500	+	164	128078632	85759
chr6	106442911	106642911	harbor2	chr6	106467717	106467857	DNA/TcMar-Tigger	511	+	70	106467787	24876
chr6	106442911	106642911	harbor2	chr6	106504374	106504621	DNA/TcMar-Tigger	419	+	124	106504498	61587
chr6	106442911	106642911	harbor2	chr6	106538275	106538570	DNA/TcMar-Tigger	682	+	148	106538423	95512
chr6	154697768	154897768	harbor2	chr6	154784488	154784806	DNA/TcMar-Tigger	1705	+	159	154784647	86879
chr6	154697768	154897768	harbor2	chr6	154788109	154788429	DNA/TcMar-Tigger	1881	+	160	154788269	90501
chr6	154697768	154897768	harbor2	chr6	154794372	154794706	DNA/TcMar-Tigger	1850	+	167	154794539	96771
chr6	152479011	152679011	harbor2	chr6	152490031	152490326	DNA/TcMar-Tigger	1167	+	148	152490179	11168
chr6	152479011	152679011	harbor2	chr6	152530496	152530623	DNA/TcMar-Tigger	3485	+	64	152530560	51549
chr6	152479011	152679011	harbor2	chr6	152530923	152531463	DNA/TcMar-Tigger	3485	+	270	152531193	52182
chr6	152479011	152679011	harbor2	chr6	152543627	152544015	DNA/TcMar-Tigger	1640	+	194	152543821	64810
chr6	152479011	152679011	harbor2	chr6	152550643	152550894	DNA/TcMar-Tigger	1144	+	126	152550769	71758
chr6	152479011	152679011	harbor2	chr6	152555256	152555595	DNA/TcMar-Tigger	2050	+	170	152555426	76415
chr6	149360081	149560081	harbor2	chr6	149415052	149415402	DNA/TcMar-Tigger	15517	+	175	149415227	55146
chr6	149360081	149560081	harbor2	chr6	149415697	149417770	DNA/TcMar-Tigger	15517	+	1036	149416733	56652
chr6	149360081	149560081	harbor2	chr6	149419836	149420435	DNA/TcMar-Tigger	2625	+	300	149420136	60055
chr6	149360081	149560081	harbor2	chr6	149459925	149460155	DNA/TcMar-Tigger	1172	+	115	149460040	99959
chr6	165728998	165928998	harbor2	chr6	165744644	165744843	DNA/TcMar-Tigger	590	+	100	165744744	15746
chr6	165728998	165928998	harbor2	chr6	165814087	165814195	DNA/TcMar-Tigger	491	+	54	165814141	85143
chr6	125081735	125281735	harbor2	chr6	125094680	125094860	DNA/TcMar-Tigger	456	+	90	125094770	13035
chr6	125081735	125281735	harbor2	chr6	125150608	125150939	DNA/TcMar-Tigger	1445	+	166	125150774	69039
chr6	125081735	125281735	harbor2	chr6	125150989	125151042	DNA/TcMar-Tigger	15314	+	26	125151015	69280
chr6	125081735	125281735	harbor2	chr6	125151313	125153651	DNA/TcMar-Tigger	15314	+	1169	125152482	70747
chr6	109474743	109674743	harbor2	chr6	109485608	109485782	DNA/TcMar-Tigger	2989	+	87	109485695	10952
chr6	109474743	109674743	harbor2	chr6	109486091	109486362	DNA/TcMar-Tigger	2989	+	136	109486227	11484
chr6	109474743	109674743	harbor2	chr6	109561951	109562163	DNA/TcMar-Tigger	1170	+	106	109562057	87314
chr6	161292729	161492729	harbor2	chr6	161315971	161316853	DNA/TcMar-Tigger	5490	+	441	161316412	23683
chr6	161292729	161492729	harbor2	chr6	161317146	161317333	DNA/TcMar-Tigger	5490	+	94	161317240	24511
chr6	161292729	161492729	harbor2	chr6	161317623	161317703	DNA/TcMar-Tigger	5490	+	40	161317663	24934
chr6	150573167	150773167	harbor2	chr6	150585279	150586128	DNA/TcMar-Tigger	4991	+	424	150585703	12536
chr6	156566783	156766783	harbor2	chr6	156593312	156593380	DNA/TcMar-Tigger	474	+	34	156593346	26563
chr6	156566783	156766783	harbor2	chr6	156593365	156593792	DNA/TcMar-Tigger	2629	+	214	156593579	26796
chr6	156566783	156766783	harbor2	chr6	156597711	156597914	DNA/TcMar-Tigger	1206	+	102	156597813	31030
chr6	156566783	156766783	harbor2	chr6	156610944	156611282	DNA/TcMar-Tigger	1259	+	169	156611113	44330
chr6	156566783	156766783	harbor2	chr6	156628853	156630032	DNA/TcMar-Tigger	6939	+	590	156629443	62660
chr6	156566783	156766783	harbor2	chr6	156646440	156646739	DNA/TcMar-Tigger	669	+	150	156646590	79807
chr6	119577673	119777673	harbor2	chr6	119633614	119634048	DNA/TcMar-Tigger	2246	+	217	119633831	56158
chr6	156584004	156784004	harbor2	chr6	156593312	156593380	DNA/TcMar-Tigger	474	+	34	156593346	9342
chr6	156584004	156784004	harbor2	chr6	156593365	156593792	DNA/TcMar-Tigger	2629	+	214	156593579	9575
chr6	156584004	156784004	harbor2	chr6	156597711	156597914	DNA/TcMar-Tigger	1206	+	102	156597813	13809
chr6	156584004	156784004	harbor2	chr6	156610944	156611282	DNA/TcMar-Tigger	1259	+	169	156611113	27109
chr6	156584004	156784004	harbor2	chr6	156628853	156630032	DNA/TcMar-Tigger	6939	+	590	156629443	45439
chr6	156584004	156784004	harbor2	chr6	156646440	156646739	DNA/TcMar-Tigger	669	+	150	156646590	62586
chr6	118508870	118708870	harbor2	chr6	118535463	118535874	DNA/TcMar-Tigger	2290	+	206	118535669	26799
chr6	118508870	118708870	harbor2	chr6	118539195	118539496	DNA/TcMar-Tigger	1510	+	150	118539345	30475
chr6	118508870	118708870	harbor2	chr6	118557412	118557965	DNA/TcMar-Tigger	3822	+	276	118557688	48818
chr6	118508870	118708870	harbor2	chr6	118558251	118558492	DNA/TcMar-Tigger	3822	+	120	118558371	49501
chr6	158190498	158390498	harbor2	chr6	158263172	158263583	DNA/TcMar-Tigger	982	+	206	158263378	72880
chr6	158190498	158390498	harbor2	chr6	158266657	158266846	DNA/TcMar-Tigger	907	+	94	158266751	76253
chr6	121774161	121974161	harbor2	chr6	121815317	121815545	DNA/TcMar-Tigger	1385	+	114	121815431	41270
chr6	65337740	65537740	harbor2	chr6	65371065	65371395	DNA/TcMar-Tigger	1539	+	165	65371230	33490
chr6	65337740	65537740	harbor2	chr6	65339328	65339645	DNA/TcMar-Tigger	1851	+	158	65339486	1746
chr6	144827223	145027223	harbor2	chr6	144871490	144871612	DNA/TcMar-Tigger	997	+	61	144871551	44328
chr6	144827223	145027223	harbor2	chr6	144871825	144872017	DNA/TcMar-Tigger	997	+	96	144871921	44698
chr6	136359282	136559282	harbor2	chr6	136451305	136451914	DNA/TcMar-Tigger	5354	+	304	136451609	92327
chr6	136359282	136559282	harbor2	chr6	136452243	136452494	DNA/TcMar-Tigger	5354	+	126	136452369	93087
chr6	136359282	136559282	harbor2	chr6	136452499	136452547	DNA/TcMar-Tigger	1359	+	24	136452523	93241
chr6	136359282	136559282	harbor2	chr6	136452853	136453038	DNA/TcMar-Tigger	1359	+	92	136452945	93663
chr6	160638041	160838041	harbor2	chr6	160699167	160700187	DNA/TcMar-Tigger	5691	+	510	160699677	61636
chr6	166509450	166709450	harbor2	chr6	166557774	166557871	DNA/TcMar-Tigger	429	+	48	166557822	48372
chr6	166509450	166709450	harbor2	chr6	166558886	166559114	DNA/TcMar-Tigger	540	+	114	166559000	49550
chr6	83769979	83969979	harbor2	chr6	83861429	83862003	DNA/TcMar-Tigger	3398	+	287	83861716	91737
chr6	83769979	83969979	harbor2	chr6	83863641	83863969	DNA/TcMar-Tigger	1383	+	164	83863805	93826
chr6	83769979	83969979	harbor2	chr6	83869318	83869546	DNA/TcMar-Tigger	3130	+	114	83869432	99453
chr6	140557701	140757701	harbor2	chr6	140623493	140623724	DNA/TcMar-Tigger	1293	+	116	140623609	65908
chr6	140557701	140757701	harbor2	chr6	140623723	140623827	DNA/TcMar-Tigger	595	+	52	140623775	66074
chr6	140557701	140757701	harbor2	chr6	140624087	140624652	DNA/TcMar-Tigger	2543	+	282	140624369	66668
chr6	116240826	116440826	harbor2	chr6	116266881	116267689	DNA/TcMar-Tigger	6954	+	404	116267285	26459
chr6	116240826	116440826	harbor2	chr6	116268047	116268478	DNA/TcMar-Tigger	6954	+	216	116268263	27437
chr6	84171601	84371601	harbor2	chr6	84176537	84176772	DNA/TcMar-Tigger	1320	+	118	84176655	5054
chr6	140105758	140305758	harbor2	chr6	140108544	140108817	DNA/TcMar-Tigger	563	+	136	140108680	2922
chr6	140105758	140305758	harbor2	chr6	140108925	140109035	DNA/TcMar-Tigger	442	+	55	140108980	3222
chr6	140105758	140305758	harbor2	chr6	140154565	140154890	DNA/TcMar-Tigger	1946	+	162	140154727	48969
chr6	140105758	140305758	harbor2	chr6	140156192	140156621	DNA/TcMar-Tigger	2445	+	214	140156406	50648
chr6	140105758	140305758	harbor2	chr6	140157247	140157274	DNA/TcMar-Tigger	2408	+	14	140157261	51503
chr6	140105758	140305758	harbor2	chr6	140157585	140157673	DNA/TcMar-Tigger	2408	+	44	140157629	51871
chr7	119903331	120103331	harbor2	chr7	119912682	119913005	DNA/TcMar-Tigger	1438	+	162	119912844	9513
chr7	119903331	120103331	harbor2	chr7	119960686	119961040	DNA/TcMar-Tigger	1964	+	177	119960863	57532
chr7	148508704	148708704	harbor2	chr7	148558893	148559489	DNA/TcMar-Tigger	2642	+	298	148559191	50487
chr7	148508704	148708704	harbor2	chr7	148562596	148562697	DNA/TcMar-Tigger	2025	+	50	148562646	53942
chr7	148508704	148708704	harbor2	chr7	148563051	148563127	DNA/TcMar-Tigger	2025	+	38	148563089	54385
chr7	148508704	148708704	harbor2	chr7	148563440	148563657	DNA/TcMar-Tigger	2025	+	108	148563548	54844
chr7	66896286	67096286	harbor2	chr7	66982318	66982502	DNA/TcMar-Tigger	609	+	92	66982410	86124
chr7	129794382	129994382	harbor2	chr7	129802351	129802447	DNA/TcMar-Tigger	551	+	48	129802399	8017
chr7	129794382	129994382	harbor2	chr7	129856692	129856889	DNA/TcMar-Tigger	663	+	98	129856790	62408
chr7	129794382	129994382	harbor2	chr7	129880089	129880222	DNA/TcMar-Tigger	1578	+	66	129880155	85773
chr7	129794382	129994382	harbor2	chr7	129880531	129880730	DNA/TcMar-Tigger	1578	+	100	129880631	86249
chr7	152391724	152591724	harbor2	chr7	152438084	152438663	DNA/TcMar-Tigger	1304	+	290	152438374	46650
chr7	152391724	152591724	harbor2	chr7	152448720	152448997	DNA/TcMar-Tigger	495	+	138	152448858	57134
chr7	135320164	135520164	harbor2	chr7	135382601	135382911	DNA/TcMar-Tigger	1305	+	155	135382756	62592
chr7	135320164	135520164	harbor2	chr7	135397712	135398154	DNA/TcMar-Tigger	506	+	221	135397933	77769
chr7	135320164	135520164	harbor2	chr7	135398394	135398637	DNA/TcMar-Tigger	1252	+	122	135398516	78352
chr7	152673224	152873224	harbor2	chr7	152728264	152728579	DNA/TcMar-Tigger	1007	+	158	152728422	55198
chr7	156141128	156341128	harbor2	chr7	156216239	156216489	DNA/TcMar-Tigger	966	+	125	156216364	75236
chr7	156141128	156341128	harbor2	chr7	156216849	156217426	DNA/TcMar-Tigger	1229	+	288	156217137	76009
chr7	112010964	112210964	harbor2	chr7	112036619	112036652	DNA/TcMar-Tigger	2178	+	16	112036635	25671
chr7	112010964	112210964	harbor2	chr7	112036961	112037362	DNA/TcMar-Tigger	2178	+	200	112037161	26197
chr7	84029667	84229667	harbor2	chr7	84106156	84106533	DNA/TcMar-Tigger	1679	+	188	84106344	76677
chr7	84029667	84229667	harbor2	chr7	84128725	84129094	DNA/TcMar-Tigger	1609	+	184	84128909	99242
chr7	155116397	155316397	harbor2	chr7	155197957	155198115	DNA/TcMar-Tigger	973	+	79	155198036	81639
chr7	106812202	107012202	harbor2	chr7	106873386	106873710	DNA/TcMar-Tigger	2078	+	162	106873548	61346
chr7	148288457	148488457	harbor2	chr7	148358968	148359314	DNA/TcMar-Tigger	1923	+	173	148359141	70684
chr7	148288457	148488457	harbor2	chr7	148362824	148362988	DNA/TcMar-Tigger	1693	+	82	148362906	74449
chr7	148288457	148488457	harbor2	chr7	148363283	148363407	DNA/TcMar-Tigger	1693	+	62	148363345	74888
chr7	148288457	148488457	harbor2	chr7	148366651	148366881	DNA/TcMar-Tigger	482	+	115	148366766	78309
chr7	148288457	148488457	harbor2	chr7	148377766	148378091	DNA/TcMar-Tigger	1980	+	162	148377928	89471
chr7	135866803	136066803	harbor2	chr7	135886132	135887047	DNA/TcMar-Tigger	15892	+	458	135886590	19787
chr7	135866803	136066803	harbor2	chr7	135937632	135937700	DNA/TcMar-Tigger	478	+	34	135937666	70863
chr7	135866803	136066803	harbor2	chr7	135887375	135888925	DNA/TcMar-Tigger	15892	+	775	135888150	21347
chr7	135866803	136066803	harbor2	chr7	135937685	135938092	DNA/TcMar-Tigger	2110	+	204	135937889	71086
chr7	50551944	50751944	harbor2	chr7	50642520	50642745	DNA/TcMar-Tigger	1217	+	112	50642632	90688
chr7	50551944	50751944	harbor2	chr7	50643029	50643265	DNA/TcMar-Tigger	1130	+	118	50643147	91203
chr7	130801709	131001709	harbor2	chr7	130850111	130850303	DNA/TcMar-Tigger	2423	+	96	130850207	48498
chr7	130801709	131001709	harbor2	chr7	130850529	130850710	DNA/TcMar-Tigger	2423	+	90	130850619	48910
chr7	129161134	129361134	harbor2	chr7	129198547	129198887	DNA/TcMar-Tigger	2088	+	170	129198717	37583
chr7	117603072	117803072	harbor2	chr7	117692947	117693272	DNA/TcMar-Tigger	1547	+	162	117693109	90037
chr7	143673511	143873511	harbor2	chr7	143713289	143713638	DNA/TcMar-Tigger	1706	+	174	143713463	39952
chr7	143673511	143873511	harbor2	chr7	143747778	143748072	DNA/TcMar-Tigger	1766	+	147	143747925	74414
chr7	143673511	143873511	harbor2	chr7	143752765	143753217	DNA/TcMar-Tigger	1827	+	226	143752991	79480
chr7	64083292	64283292	harbor2	chr7	64130738	64131052	DNA/TcMar-Tigger	1145	+	157	64130895	47603
chr7	150158504	150358504	harbor2	chr7	150251860	150252040	DNA/TcMar-Tigger	658	+	90	150251950	93446
chr7	113636993	113836993	harbor2	chr7	113729301	113729548	DNA/TcMar-Tigger	2328	+	124	113729425	92432
chr7	113636993	113836993	harbor2	chr7	113729849	113730023	DNA/TcMar-Tigger	2328	+	87	113729936	92943
chr7	113636993	113836993	harbor2	chr7	113730470	113730480	DNA/TcMar-Tigger	2328	+	5	113730475	93482
chr7	108197237	108397237	harbor2	chr7	108272477	108272586	DNA/TcMar-Tigger	559	+	54	108272531	75294
chr7	68941540	69141540	harbor2	chr7	68948280	68948510	DNA/TcMar-Tigger	1024	+	115	68948395	6855
chr7	68941540	69141540	harbor2	chr7	68949367	68949609	DNA/TcMar-Tigger	1282	+	121	68949488	7948
chr7	68941540	69141540	harbor2	chr7	69038795	69039006	DNA/TcMar-Tigger	994	+	106	69038901	97361
chr7	157089570	157289570	harbor2	chr7	157090973	157091215	DNA/TcMar-Tigger	906	+	121	157091094	1524
chr7	157089570	157289570	harbor2	chr7	157122188	157122525	DNA/TcMar-Tigger	1979	+	168	157122356	32786
chr7	157089570	157289570	harbor2	chr7	157138189	157138271	DNA/TcMar-Tigger	566	+	41	157138230	48660
chr7	130790798	130990798	harbor2	chr7	130850111	130850303	DNA/TcMar-Tigger	2423	+	96	130850207	59409
chr7	130790798	130990798	harbor2	chr7	130850529	130850710	DNA/TcMar-Tigger	2423	+	90	130850619	59821
chr7	150455077	150655077	harbor2	chr7	150504471	150505712	DNA/TcMar-Tigger	7409	+	620	150505091	50014
chr7	150455077	150655077	harbor2	chr7	150506402	150506879	DNA/TcMar-Tigger	7089	+	238	150506640	51563
chr7	150455077	150655077	harbor2	chr7	150507182	150507294	DNA/TcMar-Tigger	7089	+	56	150507238	52161
chr7	150455077	150655077	harbor2	chr7	150507503	150508106	DNA/TcMar-Tigger	7089	+	302	150507805	52728
chr7	119066310	119266310	harbor2	chr7	119075499	119075750	DNA/TcMar-Tigger	611	+	126	119075625	9315
chr7	138153572	138353572	harbor2	chr7	138238051	138238517	DNA/TcMar-Tigger	3410	+	233	138238284	84712
chr7	138153572	138353572	harbor2	chr7	138238817	138239002	DNA/TcMar-Tigger	3410	+	92	138238909	85337
chr7	123349681	123549681	harbor2	chr7	123424800	123425506	DNA/TcMar-Tigger	4442	+	353	123425153	75472
chr7	153406449	153606449	harbor2	chr7	153460702	153460768	DNA/TcMar-Tigger	1047	+	33	153460735	54286
chr7	153406449	153606449	harbor2	chr7	153461164	153461315	DNA/TcMar-Tigger	1047	+	76	153461240	54791
chr7	153406449	153606449	harbor2	chr7	153463305	153463405	DNA/TcMar-Tigger	562	+	50	153463355	56906
chr7	153406449	153606449	harbor2	chr7	153474012	153474329	DNA/TcMar-Tigger	1476	+	158	153474170	67721
chr7	153406449	153606449	harbor2	chr7	153497884	153499369	DNA/TcMar-Tigger	8973	+	742	153498626	92177
chr7	153406449	153606449	harbor2	chr7	153502496	153502836	DNA/TcMar-Tigger	6177	+	170	153502666	96217
chr7	153406449	153606449	harbor2	chr7	153501537	153502188	DNA/TcMar-Tigger	6177	+	326	153501863	95414
chr7	134044141	134244141	harbor2	chr7	134086242	134086436	DNA/TcMar-Tigger	1119	+	97	134086339	42198
chr7	134044141	134244141	harbor2	chr7	134091926	134092073	DNA/TcMar-Tigger	1057	+	74	134092000	47859
chr7	105131952	105331952	harbor2	chr7	105146901	105147230	DNA/TcMar-Tigger	1904	+	164	105147065	15113
chr7	105131952	105331952	harbor2	chr7	105168161	105168493	DNA/TcMar-Tigger	1625	+	166	105168327	36375
chr7	105131952	105331952	harbor2	chr7	105212797	105213126	DNA/TcMar-Tigger	1661	+	164	105212961	81009
chr7	158360873	158560873	harbor2	chr7	158416481	158416959	DNA/TcMar-Tigger	1139	+	239	158416720	55847
chr7	153442944	153642944	harbor2	chr7	153460702	153460768	DNA/TcMar-Tigger	1047	+	33	153460735	17791
chr7	153442944	153642944	harbor2	chr7	153461164	153461315	DNA/TcMar-Tigger	1047	+	76	153461240	18296
chr7	153442944	153642944	harbor2	chr7	153463305	153463405	DNA/TcMar-Tigger	562	+	50	153463355	20411
chr7	153442944	153642944	harbor2	chr7	153474012	153474329	DNA/TcMar-Tigger	1476	+	158	153474170	31226
chr7	153442944	153642944	harbor2	chr7	153497884	153499369	DNA/TcMar-Tigger	8973	+	742	153498626	55682
chr7	153442944	153642944	harbor2	chr7	153502496	153502836	DNA/TcMar-Tigger	6177	+	170	153502666	59722
chr7	153442944	153642944	harbor2	chr7	153501537	153502188	DNA/TcMar-Tigger	6177	+	326	153501863	58919
chr7	151842393	152042393	harbor2	chr7	151937581	151938143	DNA/TcMar-Tigger	15579	+	281	151937862	95469
chr7	151842393	152042393	harbor2	chr7	151938444	151940277	DNA/TcMar-Tigger	15579	+	916	151939360	96967
chr7	153100017	153300017	harbor2	chr7	153155921	153156574	DNA/TcMar-Tigger	811	+	326	153156247	56230
chr7	57446033	57646033	harbor2	chr7	57519117	57519550	DNA/TcMar-Tigger	2367	+	216	57519333	73300
chr7	130868684	131068684	harbor2	chr7	130919417	130919556	DNA/TcMar-Tigger	618	+	70	130919487	50803
chr7	130868684	131068684	harbor2	chr7	130919611	130919888	DNA/TcMar-Tigger	899	+	138	130919749	51065
chr7	130868684	131068684	harbor2	chr7	130932854	130933218	DNA/TcMar-Tigger	1339	+	182	130933036	64352
chr7	78324598	78524598	harbor2	chr7	78360161	78360457	DNA/TcMar-Tigger	613	+	148	78360309	35711
chr7	120282487	120482487	harbor2	chr7	120371580	120371951	DNA/TcMar-Tigger	2095	+	186	120371766	89279
chr7	156237581	156437581	harbor2	chr7	156241270	156241600	DNA/TcMar-Tigger	731	+	165	156241435	3854
chr7	156237581	156437581	harbor2	chr7	156305980	156306317	DNA/TcMar-Tigger	977	+	168	156306148	68567
chr7	156237581	156437581	harbor2	chr7	156313992	156314275	DNA/TcMar-Tigger	1656	+	142	156314134	76553
chr7	156237581	156437581	harbor2	chr7	156336936	156337237	DNA/TcMar-Tigger	1026	+	150	156337086	99505
chr7	143590674	143790674	harbor2	chr7	143634070	143634419	DNA/TcMar-Tigger	1710	+	174	143634244	43570
chr7	118350414	118550414	harbor2	chr7	118407884	118408069	DNA/TcMar-Tigger	493	+	92	118407976	57562
chr7	118350414	118550414	harbor2	chr7	118408072	118408272	DNA/TcMar-Tigger	1553	+	100	118408172	57758
chr7	118350414	118550414	harbor2	chr7	118408591	118408720	DNA/TcMar-Tigger	1553	+	64	118408655	58241
chr7	85894966	86094966	harbor2	chr7	85905549	85905998	DNA/TcMar-Tigger	2365	+	224	85905773	10807
chr7	85894966	86094966	harbor2	chr7	85942927	85943330	DNA/TcMar-Tigger	2088	+	202	85943129	48163
chr7	147541126	147741126	harbor2	chr7	147569409	147569748	DNA/TcMar-Tigger	2032	+	170	147569579	28453
chr7	128242757	128442757	harbor2	chr7	128326326	128326700	DNA/TcMar-Tigger	1807	+	187	128326513	83756
chr7	140143500	140343500	harbor2	chr7	140160504	140160596	DNA/TcMar-Tigger	540	+	46	140160550	17050
chr7	140143500	140343500	harbor2	chr7	140165448	140166192	DNA/TcMar-Tigger	2882	+	372	140165820	22320
chr7	39223880	39423880	harbor2	chr7	39239298	39239619	DNA/TcMar-Tigger	1162	+	160	39239458	15578
chr7	149045194	149245194	harbor2	chr7	149087243	149087366	DNA/TcMar-Tigger	523	+	62	149087305	42111
chr7	149045194	149245194	harbor2	chr7	149087583	149087784	DNA/TcMar-Tigger	1056	+	100	149087683	42489
chr7	149045194	149245194	harbor2	chr7	149088345	149088522	DNA/TcMar-Tigger	561	+	88	149088433	43239
chr7	149045194	149245194	harbor2	chr7	149119813	149120019	DNA/TcMar-Tigger	1162	+	103	149119916	74722
chr7	149045194	149245194	harbor2	chr7	149120504	149120798	DNA/TcMar-Tigger	1675	+	147	149120651	75457
chr7	107140879	107340879	harbor2	chr7	107143239	107143392	DNA/TcMar-Tigger	872	+	76	107143315	2436
chr7	107140879	107340879	harbor2	chr7	107143406	107143959	DNA/TcMar-Tigger	3704	+	276	107143682	2803
chr7	107140879	107340879	harbor2	chr7	107180429	107180627	DNA/TcMar-Tigger	454	+	99	107180528	39649
chr7	142867782	143067782	harbor2	chr7	142934570	142934741	DNA/TcMar-Tigger	1506	+	86	142934656	66874
chr7	142867782	143067782	harbor2	chr7	142935041	142935082	DNA/TcMar-Tigger	1506	+	20	142935061	67279
chr7	142867782	143067782	harbor2	chr7	142935133	142935239	DNA/TcMar-Tigger	1506	+	53	142935186	67404
chr7	139719990	139919990	harbor2	chr7	139763679	139764165	DNA/TcMar-Tigger	2788	+	243	139763922	43932
chr7	139719990	139919990	harbor2	chr7	139764248	139764391	DNA/TcMar-Tigger	943	+	72	139764320	44330
chr7	152422028	152622028	harbor2	chr7	152438084	152438663	DNA/TcMar-Tigger	1304	+	290	152438374	16346
chr7	152422028	152622028	harbor2	chr7	152448720	152448997	DNA/TcMar-Tigger	495	+	138	152448858	26830
chr7	92243039	92443039	harbor2	chr7	92277370	92277457	DNA/TcMar-Tigger	480	+	44	92277414	34375
chr7	92243039	92443039	harbor2	chr7	92283601	92283763	DNA/TcMar-Tigger	862	+	81	92283682	40643
chr7	92243039	92443039	harbor2	chr7	92337749	92338128	DNA/TcMar-Tigger	987	+	190	92337939	94900
chr7	92243039	92443039	harbor2	chr7	92338443	92338521	DNA/TcMar-Tigger	987	+	39	92338482	95443
chr7	92243039	92443039	harbor2	chr7	92341717	92341858	DNA/TcMar-Tigger	566	+	70	92341787	98748
chr7	92243039	92443039	harbor2	chr7	92341858	92341933	DNA/TcMar-Tigger	514	+	38	92341896	98857
chr7	156887188	157087188	harbor2	chr7	156975589	156975888	DNA/TcMar-Tigger	1261	+	150	156975739	88551
chr7	123912276	124112276	harbor2	chr7	123933821	123934229	DNA/TcMar-Tigger	1539	+	204	123934025	21749
chr7	86154760	86354760	harbor2	chr7	86234281	86234806	DNA/TcMar-Tigger	2383	+	262	86234543	79783
chr7	137464289	137664289	harbor2	chr7	137522269	137522634	DNA/TcMar-Tigger	617	+	182	137522451	58162
chr7	137464289	137664289	harbor2	chr7	137541277	137541605	DNA/TcMar-Tigger	1571	+	164	137541441	77152
chr7	50847315	51047315	harbor2	chr7	50927469	50928142	DNA/TcMar-Tigger	2793	+	336	50927805	80490
chr7	153649556	153849556	harbor2	chr7	153725406	153725738	DNA/TcMar-Tigger	1830	+	166	153725572	76016
chr7	89740407	89940407	harbor2	chr7	89766759	89766813	DNA/TcMar-Tigger	13453	+	27	89766786	26379
chr7	89740407	89940407	harbor2	chr7	89768828	89769448	DNA/TcMar-Tigger	13453	+	310	89769138	28731
chr7	89740407	89940407	harbor2	chr7	89827192	89829585	DNA/TcMar-Tigger	14646	+	1196	89828388	87981
chr7	89740407	89940407	harbor2	chr7	89766841	89768527	DNA/TcMar-Tigger	13453	+	843	89767684	27277
chr7	155265144	155465144	harbor2	chr7	155279529	155280136	DNA/TcMar-Tigger	2488	+	304	155279833	14689
chr7	155265144	155465144	harbor2	chr7	155280335	155280550	DNA/TcMar-Tigger	1129	+	108	155280443	15299
chr7	158055771	158255771	harbor2	chr7	158119535	158119854	DNA/TcMar-Tigger	1613	+	160	158119695	63924
chr7	139741525	139941525	harbor2	chr7	139763679	139764165	DNA/TcMar-Tigger	2788	+	243	139763922	22397
chr7	139741525	139941525	harbor2	chr7	139764248	139764391	DNA/TcMar-Tigger	943	+	72	139764320	22795
chr7	127853166	128053166	harbor2	chr7	127853364	127853532	DNA/TcMar-Tigger	486	+	84	127853448	282
chr7	127853166	128053166	harbor2	chr7	127853614	127853746	DNA/TcMar-Tigger	524	+	66	127853680	514
chr7	127853166	128053166	harbor2	chr7	127879986	127880221	DNA/TcMar-Tigger	1024	+	118	127880104	26938
chr7	127853166	128053166	harbor2	chr7	127880228	127880427	DNA/TcMar-Tigger	1147	+	100	127880328	27162
chr7	127853166	128053166	harbor2	chr7	127930801	127931107	DNA/TcMar-Tigger	1725	+	153	127930954	77788
chr7	127853166	128053166	harbor2	chr7	127931238	127932957	DNA/TcMar-Tigger	10955	+	860	127932098	78932
chr7	151475141	151675141	harbor2	chr7	151540166	151540426	DNA/TcMar-Tigger	1364	+	130	151540296	65155
chr7	151475141	151675141	harbor2	chr7	151540433	151540529	DNA/TcMar-Tigger	662	+	48	151540481	65340
chr7	151570336	151770336	harbor2	chr7	151613279	151613489	DNA/TcMar-Tigger	1281	+	105	151613384	43048
chr7	151570336	151770336	harbor2	chr7	151619455	151619735	DNA/TcMar-Tigger	1895	+	140	151619595	49259
chr7	151570336	151770336	harbor2	chr7	151620051	151620112	DNA/TcMar-Tigger	1895	+	30	151620081	49745
chr7	127044070	127244070	harbor2	chr7	127131037	127131374	DNA/TcMar-Tigger	609	+	168	127131205	87135
chr7	127044070	127244070	harbor2	chr7	127131409	127131555	DNA/TcMar-Tigger	442	+	73	127131482	87412
chr7	127044070	127244070	harbor2	chr7	127135079	127135469	DNA/TcMar-Tigger	679	+	195	127135274	91204
chr7	102886072	103086072	harbor2	chr7	102968884	102969468	DNA/TcMar-Tigger	3454	+	292	102969176	83104
chr7	80873878	81073878	harbor2	chr7	80875459	80876169	DNA/TcMar-Tigger	3643	+	355	80875814	1936
chr7	140788529	140988529	harbor2	chr7	140802137	140802238	DNA/TcMar-Tigger	611	+	50	140802187	13658
chr7	140788529	140988529	harbor2	chr7	140802234	140802292	DNA/TcMar-Tigger	3096	+	29	140802263	13734
chr7	140788529	140988529	harbor2	chr7	140802597	140803237	DNA/TcMar-Tigger	3096	+	320	140802917	14388
chr7	140788529	140988529	harbor2	chr7	140810674	140811213	DNA/TcMar-Tigger	2803	+	270	140810944	22415
chr7	140788529	140988529	harbor2	chr7	140811811	140811904	DNA/TcMar-Tigger	515	+	46	140811857	23328
chr7	137361699	137561699	harbor2	chr7	137415197	137415517	DNA/TcMar-Tigger	1543	+	160	137415357	53658
chr7	77726427	77926427	harbor2	chr7	77801194	77801304	DNA/TcMar-Tigger	1676	+	55	77801249	74822
chr7	77726427	77926427	harbor2	chr7	77801614	77801804	DNA/TcMar-Tigger	1676	+	95	77801709	75282
chr7	158734220	158934220	harbor2	chr7	158787256	158787341	DNA/TcMar-Tigger	450	+	42	158787298	53078
chr7	158734220	158934220	harbor2	chr7	158808137	158808707	DNA/TcMar-Tigger	2775	+	285	158808422	74202
chr7	158734220	158934220	harbor2	chr7	158809004	158809141	DNA/TcMar-Tigger	2775	+	68	158809072	74852
chr7	92539694	92739694	harbor2	chr7	92603254	92604433	DNA/TcMar-Tigger	4822	+	590	92603844	64150
chr7	107160237	107360237	harbor2	chr7	107180429	107180627	DNA/TcMar-Tigger	454	+	99	107180528	20291
chr7	107160237	107360237	harbor2	chr7	107253296	107253440	DNA/TcMar-Tigger	519	+	72	107253368	93131
chr7	81854431	82054431	harbor2	chr7	81872670	81873267	DNA/TcMar-Tigger	3194	+	298	81872968	18537
chr7	140844786	141044786	harbor2	chr7	140902796	140902886	DNA/TcMar-Tigger	601	+	45	140902841	58055
chr7	140844786	141044786	harbor2	chr7	140902880	140902920	DNA/TcMar-Tigger	6600	+	20	140902900	58114
chr7	140844786	141044786	harbor2	chr7	140903226	140904340	DNA/TcMar-Tigger	6600	+	557	140903783	58997
chr7	140844786	141044786	harbor2	chr7	140902029	140902650	DNA/TcMar-Tigger	3399	+	310	140902339	57553
chr7	150098792	150298792	harbor2	chr7	150140390	150140552	DNA/TcMar-Tigger	1098	+	81	150140471	41679
chr7	150098792	150298792	harbor2	chr7	150140675	150141208	DNA/TcMar-Tigger	3650	+	266	150140941	42149
chr7	30513750	30713750	harbor2	chr7	30533196	30533404	DNA/TcMar-Tigger	1002	+	104	30533300	19550
chr7	30513750	30713750	harbor2	chr7	30567465	30567693	DNA/TcMar-Tigger	1492	+	114	30567579	53829
chr7	148172927	148372927	harbor2	chr7	148211727	148211931	DNA/TcMar-Tigger	505	+	102	148211829	38902
chr7	152683854	152883854	harbor2	chr7	152728264	152728579	DNA/TcMar-Tigger	1007	+	158	152728422	44568
chr7	19468207	19668207	harbor2	chr7	19528853	19529105	DNA/TcMar-Tigger	1465	+	126	19528979	60772
chr7	132827115	133027115	harbor2	chr7	132900387	132900608	DNA/TcMar-Tigger	514	+	110	132900497	73382
chr7	132827115	133027115	harbor2	chr7	132909990	132910217	DNA/TcMar-Tigger	1010	+	114	132910104	82989
chr7	132827115	133027115	harbor2	chr7	132916437	132916599	DNA/TcMar-Tigger	1500	+	81	132916518	89403
chr7	132827115	133027115	harbor2	chr7	132916880	132917028	DNA/TcMar-Tigger	1500	+	74	132916954	89839
chr7	157050152	157250152	harbor2	chr7	157090973	157091215	DNA/TcMar-Tigger	906	+	121	157091094	40942
chr7	157050152	157250152	harbor2	chr7	157122188	157122525	DNA/TcMar-Tigger	1979	+	168	157122356	72204
chr7	157050152	157250152	harbor2	chr7	157138189	157138271	DNA/TcMar-Tigger	566	+	41	157138230	88078
chr7	82324291	82524291	harbor2	chr7	82325781	82326386	DNA/TcMar-Tigger	3523	+	302	82326083	1792
chr7	50014165	50214165	harbor2	chr7	50038667	50039005	DNA/TcMar-Tigger	1899	+	169	50038836	24671
chr7	151465348	151665348	harbor2	chr7	151473739	151474028	DNA/TcMar-Tigger	540	+	144	151473883	8535
chr7	151465348	151665348	harbor2	chr7	151540166	151540426	DNA/TcMar-Tigger	1364	+	130	151540296	74948
chr7	151465348	151665348	harbor2	chr7	151540433	151540529	DNA/TcMar-Tigger	662	+	48	151540481	75133
chr8	143390926	143590926	harbor2	chr8	143453965	143454073	DNA/TcMar-Tigger	1830	+	54	143454019	63093
chr8	143390926	143590926	harbor2	chr8	143454391	143454402	DNA/TcMar-Tigger	1830	+	6	143454397	63471
chr8	143390926	143590926	harbor2	chr8	143454711	143455008	DNA/TcMar-Tigger	1830	+	148	143454859	63933
chr8	143390926	143590926	harbor2	chr8	143455517	143455691	DNA/TcMar-Tigger	1339	+	87	143455604	64678
chr8	143390926	143590926	harbor2	chr8	143456005	143456145	DNA/TcMar-Tigger	1339	+	70	143456075	65149
chr8	132829375	133029375	harbor2	chr8	132837901	132838083	DNA/TcMar-Tigger	899	+	91	132837992	8617
chr8	132829375	133029375	harbor2	chr8	132871851	132871957	DNA/TcMar-Tigger	624	+	53	132871904	42529
chr8	132829375	133029375	harbor2	chr8	132871950	132872196	DNA/TcMar-Tigger	4357	+	123	132872073	42698
chr8	132829375	133029375	harbor2	chr8	132872502	132872985	DNA/TcMar-Tigger	4357	+	242	132872744	43369
chr8	132035604	132235604	harbor2	chr8	132055494	132055676	DNA/TcMar-Tigger	387	+	91	132055585	19981
chr8	132035604	132235604	harbor2	chr8	132088234	132088544	DNA/TcMar-Tigger	667	+	155	132088389	52785
chr8	141236987	141436987	harbor2	chr8	141243658	141244069	DNA/TcMar-Tigger	2279	+	206	141243864	6877
chr8	141236987	141436987	harbor2	chr8	141250178	141250401	DNA/TcMar-Tigger	1953	+	112	141250290	13303
chr8	141236987	141436987	harbor2	chr8	141250680	141250828	DNA/TcMar-Tigger	1953	+	74	141250754	13767
chr8	66731921	66931921	harbor2	chr8	66734587	66734664	DNA/TcMar-Tigger	1793	+	38	66734625	2704
chr8	66731921	66931921	harbor2	chr8	66734961	66735210	DNA/TcMar-Tigger	1793	+	124	66735085	3164
chr8	66731921	66931921	harbor2	chr8	66736297	66736418	DNA/TcMar-Tigger	755	+	60	66736357	4436
chr8	141386963	141586963	harbor2	chr8	141462821	141465159	DNA/TcMar-Tigger	15994	+	1169	141463990	77027
chr8	141386963	141586963	harbor2	chr8	141482131	141482284	DNA/TcMar-Tigger	397	+	76	141482207	95244
chr8	134772848	134972848	harbor2	chr8	134773127	134773984	DNA/TcMar-Tigger	12242	+	428	134773555	707
chr8	134772848	134972848	harbor2	chr8	134774295	134774743	DNA/TcMar-Tigger	12242	+	224	134774519	1671
chr8	134772848	134972848	harbor2	chr8	134781664	134782083	DNA/TcMar-Tigger	2203	+	210	134781874	9026
chr8	134772848	134972848	harbor2	chr8	134837112	134837537	DNA/TcMar-Tigger	2238	+	212	134837324	64476
chr8	92041702	92241702	harbor2	chr8	92140998	92141306	DNA/TcMar-Tigger	1269	+	154	92141152	99450
chr8	137348870	137548870	harbor2	chr8	137389369	137389700	DNA/TcMar-Tigger	1739	+	166	137389535	40665
chr8	133345337	133545337	harbor2	chr8	133439051	133439409	DNA/TcMar-Tigger	1544	+	179	133439230	93893
chr8	140300235	140500235	harbor2	chr8	140351274	140351486	DNA/TcMar-Tigger	977	+	106	140351380	51145
chr8	140300235	140500235	harbor2	chr8	140351631	140351767	DNA/TcMar-Tigger	822	+	68	140351699	51464
chr8	88131932	88331932	harbor2	chr8	88157117	88157457	DNA/TcMar-Tigger	1649	+	170	88157287	25355
chr8	88131932	88331932	harbor2	chr8	88206287	88206874	DNA/TcMar-Tigger	3415	+	294	88206581	74649
chr8	88131932	88331932	harbor2	chr8	88206928	88209591	DNA/TcMar-Tigger	14431	+	1332	88208260	76328
chr8	140979826	141179826	harbor2	chr8	140994345	140994519	DNA/TcMar-Tigger	1192	+	87	140994432	14606
chr8	140979826	141179826	harbor2	chr8	140994633	140994846	DNA/TcMar-Tigger	12041	+	106	140994739	14913
chr8	140979826	141179826	harbor2	chr8	140995409	140995523	DNA/TcMar-Tigger	12041	+	57	140995466	15640
chr8	140979826	141179826	harbor2	chr8	140995810	140995935	DNA/TcMar-Tigger	12041	+	62	140995872	16046
chr8	140979826	141179826	harbor2	chr8	140996114	140997657	DNA/TcMar-Tigger	12041	+	772	140996886	17060
chr8	140979826	141179826	harbor2	chr8	140997951	140998050	DNA/TcMar-Tigger	12041	+	50	140998001	18175
chr8	140979826	141179826	harbor2	chr8	141033631	141033962	DNA/TcMar-Tigger	1414	+	166	141033797	53971
chr8	101744124	101944124	harbor2	chr8	101801967	101804161	DNA/TcMar-Tigger	12128	+	1097	101803064	58940
chr8	101744124	101944124	harbor2	chr8	101804736	101804902	DNA/TcMar-Tigger	1010	+	83	101804819	60695
chr8	111561014	111761014	harbor2	chr8	111616815	111617117	DNA/TcMar-Tigger	1124	+	151	111616966	55952
chr8	98539176	98739176	harbor2	chr8	98591030	98591485	DNA/TcMar-Tigger	1809	+	228	98591258	52082
chr8	143190853	143390853	harbor2	chr8	143199125	143199196	DNA/TcMar-Tigger	408	+	36	143199161	8308
chr8	143190853	143390853	harbor2	chr8	143284051	143284206	DNA/TcMar-Tigger	863	+	78	143284129	93276
chr8	143190853	143390853	harbor2	chr8	143284502	143284551	DNA/TcMar-Tigger	863	+	24	143284526	93673
chr8	17678203	17878203	harbor2	chr8	17776183	17776381	DNA/TcMar-Tigger	767	+	99	17776282	98079
chr8	129305812	129505812	harbor2	chr8	129380347	129381279	DNA/TcMar-Tigger	5729	+	466	129380813	75001
chr8	125735247	125935247	harbor2	chr8	125770422	125770711	DNA/TcMar-Tigger	921	+	144	125770566	35319
chr8	122989981	123189981	harbor2	chr8	123062541	123062863	DNA/TcMar-Tigger	1337	+	161	123062702	72721
chr8	122989981	123189981	harbor2	chr8	123063157	123063176	DNA/TcMar-Tigger	1337	+	10	123063167	73186
chr8	122989981	123189981	harbor2	chr8	123063462	123063529	DNA/TcMar-Tigger	1337	+	34	123063496	73515
chr8	122989981	123189981	harbor2	chr8	123089029	123089267	DNA/TcMar-Tigger	1399	+	119	123089148	99167
chr8	122989981	123189981	harbor2	chr8	123089860	123090019	DNA/TcMar-Tigger	676	+	80	123089940	99959
chr8	108376556	108576556	harbor2	chr8	108460410	108460768	DNA/TcMar-Tigger	1736	+	179	108460589	84033
chr8	108376556	108576556	harbor2	chr8	108473283	108473511	DNA/TcMar-Tigger	1475	+	114	108473397	96841
chr8	134671447	134871447	harbor2	chr8	134768077	134768418	DNA/TcMar-Tigger	1717	+	170	134768247	96800
chr8	140406158	140606158	harbor2	chr8	140481722	140481825	DNA/TcMar-Tigger	1509	+	52	140481774	75616
chr8	140406158	140606158	harbor2	chr8	140482133	140482181	DNA/TcMar-Tigger	1509	+	24	140482157	75999
chr8	140406158	140606158	harbor2	chr8	140482482	140482659	DNA/TcMar-Tigger	1509	+	88	140482570	76412
chr8	128547797	128747797	harbor2	chr8	128597142	128597676	DNA/TcMar-Tigger	13719	+	267	128597409	49612
chr8	128547797	128747797	harbor2	chr8	128598050	128599880	DNA/TcMar-Tigger	13719	+	915	128598965	51168
chr8	128547797	128747797	harbor2	chr8	128608601	128608679	DNA/TcMar-Tigger	366	+	39	128608640	60843
chr8	128547797	128747797	harbor2	chr8	128641614	128641968	DNA/TcMar-Tigger	1763	+	177	128641791	93994
chr8	82662078	82862078	harbor2	chr8	82669980	82670229	DNA/TcMar-Tigger	1451	+	124	82670104	8026
chr8	118248287	118448287	harbor2	chr8	118337453	118337959	DNA/TcMar-Tigger	2445	+	253	118337706	89419
chr8	118248287	118448287	harbor2	chr8	118337959	118338039	DNA/TcMar-Tigger	382	+	40	118337999	89712
chr8	118248287	118448287	harbor2	chr8	118344796	118345394	DNA/TcMar-Tigger	3277	+	299	118345095	96808
chr8	91674303	91874303	harbor2	chr8	91676799	91677229	DNA/TcMar-Tigger	2210	+	215	91677014	2711
chr8	126079079	126279079	harbor2	chr8	126114301	126114633	DNA/TcMar-Tigger	1702	+	166	126114467	35388
chr8	141186908	141386908	harbor2	chr8	141188369	141188955	DNA/TcMar-Tigger	2416	+	293	141188662	1754
chr8	141186908	141386908	harbor2	chr8	141243658	141244069	DNA/TcMar-Tigger	2279	+	206	141243864	56956
chr8	141186908	141386908	harbor2	chr8	141250178	141250401	DNA/TcMar-Tigger	1953	+	112	141250290	63382
chr8	141186908	141386908	harbor2	chr8	141250680	141250828	DNA/TcMar-Tigger	1953	+	74	141250754	63846
chr8	115240895	115440895	harbor2	chr8	115246034	115247110	DNA/TcMar-Tigger	6834	+	538	115246572	5677
chr8	115240895	115440895	harbor2	chr8	115294559	115294897	DNA/TcMar-Tigger	2000	+	169	115294728	53833
chr8	115240895	115440895	harbor2	chr8	115308811	115308891	DNA/TcMar-Tigger	509	+	40	115308851	67956
chr8	57353890	57553890	harbor2	chr8	57403536	57403792	DNA/TcMar-Tigger	407	+	128	57403664	49774
chr8	57353890	57553890	harbor2	chr8	57403845	57403936	DNA/TcMar-Tigger	523	+	46	57403891	50001
chr8	57353890	57553890	harbor2	chr8	57404301	57404445	DNA/TcMar-Tigger	523	+	72	57404373	50483
chr8	105772674	105972674	harbor2	chr8	105810977	105811218	DNA/TcMar-Tigger	764	+	120	105811097	38423
chr8	136521926	136721926	harbor2	chr8	136555835	136556358	DNA/TcMar-Tigger	2762	+	262	136556097	34171
chr8	136521926	136721926	harbor2	chr8	136556365	136556452	DNA/TcMar-Tigger	563	+	44	136556409	34483
chr8	143624587	143824587	harbor2	chr8	143645587	143645903	DNA/TcMar-Tigger	1490	+	158	143645745	21158
chr8	58008491	58208491	harbor2	chr8	58083820	58084024	DNA/TcMar-Tigger	505	+	102	58083922	75431
chr8	58008491	58208491	harbor2	chr8	58089952	58090177	DNA/TcMar-Tigger	2115	+	112	58090064	81573
chr8	58008491	58208491	harbor2	chr8	58090456	58090685	DNA/TcMar-Tigger	2115	+	114	58090570	82079
chr8	58008491	58208491	harbor2	chr8	58099228	58099421	DNA/TcMar-Tigger	911	+	96	58099324	90833
chr8	58008491	58208491	harbor2	chr8	58106075	58107069	DNA/TcMar-Tigger	3668	+	497	58106572	98081
chr8	136964841	137164841	harbor2	chr8	137051209	137051961	DNA/TcMar-Tigger	4287	+	376	137051585	86744
chr8	87725827	87925827	harbor2	chr8	87802944	87803264	DNA/TcMar-Tigger	1660	+	160	87803104	77277
chr8	115380708	115580708	harbor2	chr8	115468178	115468605	DNA/TcMar-Tigger	462	+	214	115468392	87684
chr8	124549068	124749068	harbor2	chr8	124570418	124570667	DNA/TcMar-Tigger	1506	+	124	124570542	21474
chr8	35888755	36088755	harbor2	chr8	35982581	35982920	DNA/TcMar-Tigger	1943	+	170	35982751	93996
chr8	88377779	88577779	harbor2	chr8	88450458	88451116	DNA/TcMar-Tigger	15978	+	329	88450787	73008
chr8	88377779	88577779	harbor2	chr8	88453487	88454000	DNA/TcMar-Tigger	15978	+	256	88453743	75964
chr8	88377779	88577779	harbor2	chr8	88454295	88455786	DNA/TcMar-Tigger	15978	+	746	88455041	77262
chr8	84922072	85122072	harbor2	chr8	84992563	84992578	DNA/TcMar-Tigger	2334	+	8	84992571	70499
chr8	84922072	85122072	harbor2	chr8	84992973	84993383	DNA/TcMar-Tigger	2334	+	205	84993178	71106
chr8	123845879	124045879	harbor2	chr8	123926670	123926973	DNA/TcMar-Tigger	770	+	152	123926822	80943
chr8	113201809	113401809	harbor2	chr8	113204418	113204787	DNA/TcMar-Tigger	2956	+	184	113204602	2793
chr8	113201809	113401809	harbor2	chr8	113205447	113205621	DNA/TcMar-Tigger	2956	+	87	113205534	3725
chr8	113201809	113401809	harbor2	chr8	113273341	113273584	DNA/TcMar-Tigger	949	+	122	113273463	71654
chr8	113201809	113401809	harbor2	chr8	113273583	113273688	DNA/TcMar-Tigger	557	+	52	113273635	71826
chr8	130478667	130678667	harbor2	chr8	130516058	130516193	DNA/TcMar-Tigger	712	+	68	130516126	37459
chr8	130478667	130678667	harbor2	chr8	130535420	130535666	DNA/TcMar-Tigger	1518	+	123	130535543	56876
chr8	104515804	104715804	harbor2	chr8	104521176	104521335	DNA/TcMar-Tigger	476	+	80	104521256	5452
chr8	104515804	104715804	harbor2	chr8	104523110	104523965	DNA/TcMar-Tigger	5812	+	428	104523538	7734
chr8	104515804	104715804	harbor2	chr8	104524266	104524450	DNA/TcMar-Tigger	5812	+	92	104524358	8554
chr8	104515804	104715804	harbor2	chr8	104543132	104543639	DNA/TcMar-Tigger	14007	+	254	104543386	27582
chr8	104515804	104715804	harbor2	chr8	104543951	104545834	DNA/TcMar-Tigger	14007	+	942	104544893	29089
chr8	104515804	104715804	harbor2	chr8	104596801	104597090	DNA/TcMar-Tigger	424	+	144	104596945	81141
chr8	100361852	100561852	harbor2	chr8	100409660	100409830	DNA/TcMar-Tigger	372	+	85	100409745	47893
chr8	33191056	33391056	harbor2	chr8	33275580	33275835	DNA/TcMar-Tigger	437	+	128	33275708	84652
chr8	105483030	105683030	harbor2	chr8	105542559	105542715	DNA/TcMar-Tigger	650	+	78	105542637	59607
chr8	69915173	70115173	harbor2	chr8	69928219	69928385	DNA/TcMar-Tigger	1035	+	83	69928302	13129
chr8	69915173	70115173	harbor2	chr8	69928437	69928657	DNA/TcMar-Tigger	3793	+	110	69928547	13374
chr8	69915173	70115173	harbor2	chr8	69928947	69929285	DNA/TcMar-Tigger	3883	+	169	69929116	13943
chr8	69915173	70115173	harbor2	chr8	69929400	69929531	DNA/TcMar-Tigger	3883	+	66	69929466	14293
chr8	69915173	70115173	harbor2	chr8	69929852	69929904	DNA/TcMar-Tigger	3883	+	26	69929878	14705
chr8	69915173	70115173	harbor2	chr8	69930025	69930530	DNA/TcMar-Tigger	3883	+	252	69930277	15104
chr8	69915173	70115173	harbor2	chr8	69967410	69967508	DNA/TcMar-Tigger	14911	+	49	69967459	52286
chr8	69915173	70115173	harbor2	chr8	69967824	69969206	DNA/TcMar-Tigger	14911	+	691	69968515	53342
chr8	69915173	70115173	harbor2	chr8	69969518	69970244	DNA/TcMar-Tigger	14911	+	363	69969881	54708
chr8	69915173	70115173	harbor2	chr8	69970557	69970614	DNA/TcMar-Tigger	14911	+	28	69970585	55412
chr8	141905435	142105435	harbor2	chr8	141952624	141953590	DNA/TcMar-Tigger	12993	+	483	141953107	47672
chr8	141905435	142105435	harbor2	chr8	141950950	141952319	DNA/TcMar-Tigger	12993	+	684	141951634	46199
chr8	134488229	134688229	harbor2	chr8	134530702	134531006	DNA/TcMar-Tigger	1422	+	152	134530854	42625
chr8	134488229	134688229	harbor2	chr8	134533421	134533570	DNA/TcMar-Tigger	724	+	74	134533495	45266
chr8	52009409	52209409	harbor2	chr8	52037377	52037712	DNA/TcMar-Tigger	2004	+	168	52037545	28136
chr8	52009409	52209409	harbor2	chr8	52081933	52082142	DNA/TcMar-Tigger	1630	+	104	52082037	72628
chr8	52009409	52209409	harbor2	chr8	52082461	52082615	DNA/TcMar-Tigger	1630	+	77	52082538	73129
chr8	135753873	135953873	harbor2	chr8	135765677	135765756	DNA/TcMar-Tigger	1874	+	40	135765717	11844
chr8	135753873	135953873	harbor2	chr8	135766192	135766704	DNA/TcMar-Tigger	1874	+	256	135766448	12575
chr8	67991814	68191814	harbor2	chr8	68018669	68018871	DNA/TcMar-Tigger	382	+	101	68018770	26956
chr8	74785289	74985289	harbor2	chr8	74812945	74814136	DNA/TcMar-Tigger	7685	+	596	74813541	28252
chr8	128930423	129130423	harbor2	chr8	128940783	128941006	DNA/TcMar-Tigger	1131	+	112	128940895	10472
chr8	52154516	52354516	harbor2	chr8	52190019	52190359	DNA/TcMar-Tigger	1836	+	170	52190189	35673
chr8	52154516	52354516	harbor2	chr8	52196490	52196812	DNA/TcMar-Tigger	1848	+	161	52196651	42135
chr8	126552234	126752234	harbor2	chr8	126627406	126627603	DNA/TcMar-Tigger	716	+	98	126627504	75270
chr8	82520946	82720946	harbor2	chr8	82523303	82523646	DNA/TcMar-Tigger	1757	+	172	82523475	2529
chr8	82520946	82720946	harbor2	chr8	82525129	82525444	DNA/TcMar-Tigger	1489	+	158	82525287	4341
chr8	134294299	134494299	harbor2	chr8	134316605	134316910	DNA/TcMar-Tigger	1236	+	152	134316757	22458
chr8	134294299	134494299	harbor2	chr8	134317083	134317409	DNA/TcMar-Tigger	1659	+	163	134317246	22947
chr8	134294299	134494299	harbor2	chr8	134345255	134345684	DNA/TcMar-Tigger	376	+	214	134345469	51170
chr8	134294299	134494299	harbor2	chr8	134391140	134393660	DNA/TcMar-Tigger	14250	+	1260	134392400	98101
chr8	59999989	60199989	harbor2	chr8	60035818	60037133	DNA/TcMar-Tigger	8243	+	658	60036476	36487
chr8	59999989	60199989	harbor2	chr8	60038132	60039139	DNA/TcMar-Tigger	3341	+	504	60038636	38647
chr8	80707940	80907940	harbor2	chr8	80749310	80749498	DNA/TcMar-Tigger	384	+	94	80749404	41464
chr8	80707940	80907940	harbor2	chr8	80756988	80757046	DNA/TcMar-Tigger	365	+	29	80757017	49077
chr8	80707940	80907940	harbor2	chr8	80757045	80757982	DNA/TcMar-Tigger	5712	+	468	80757513	49573
chr8	138577387	138777387	harbor2	chr8	138627628	138628284	DNA/TcMar-Tigger	872	+	328	138627956	50569
chr8	138577387	138777387	harbor2	chr8	138633518	138634299	DNA/TcMar-Tigger	1388	+	390	138633908	56521
chr8	138577387	138777387	harbor2	chr8	138671035	138672081	DNA/TcMar-Tigger	5750	+	523	138671558	94171
chr8	134103965	134303965	harbor2	chr8	134130963	134131262	DNA/TcMar-Tigger	1254	+	150	134131113	27148
chr8	103975478	104175478	harbor2	chr8	104025734	104026076	DNA/TcMar-Tigger	2105	+	171	104025905	50427
chr8	103975478	104175478	harbor2	chr8	104037826	104038102	DNA/TcMar-Tigger	1611	+	138	104037964	62486
chr8	103975478	104175478	harbor2	chr8	104068995	104069335	DNA/TcMar-Tigger	1851	+	170	104069165	93687
chr8	141411682	141611682	harbor2	chr8	141462821	141465159	DNA/TcMar-Tigger	15994	+	1169	141463990	52308
chr8	141411682	141611682	harbor2	chr8	141482131	141482284	DNA/TcMar-Tigger	397	+	76	141482207	70525
chr8	96819223	97019223	harbor2	chr8	96841284	96841493	DNA/TcMar-Tigger	573	+	104	96841388	22165
chr8	96819223	97019223	harbor2	chr8	96897432	96897779	DNA/TcMar-Tigger	2005	+	174	96897606	78383
chr8	96819223	97019223	harbor2	chr8	96909199	96909454	DNA/TcMar-Tigger	432	+	128	96909327	90104
chr8	133622265	133822265	harbor2	chr8	133685839	133686218	DNA/TcMar-Tigger	2072	+	190	133686029	63764
chr8	133622265	133822265	harbor2	chr8	133686475	133686555	DNA/TcMar-Tigger	413	+	40	133686515	64250
chr8	104735627	104935627	harbor2	chr8	104816373	104816557	DNA/TcMar-Tigger	611	+	92	104816465	80838
chr8	129037790	129237790	harbor2	chr8	129047670	129047873	DNA/TcMar-Tigger	15553	+	102	129047772	9982
chr8	129037790	129237790	harbor2	chr8	129048196	129050655	DNA/TcMar-Tigger	15553	+	1230	129049426	11636
chr8	129037790	129237790	harbor2	chr8	129052504	129052827	DNA/TcMar-Tigger	1771	+	162	129052666	14876
chr8	110689105	110889105	harbor2	chr8	110740575	110740869	DNA/TcMar-Tigger	1818	+	147	110740722	51617
chr8	110689105	110889105	harbor2	chr8	110743171	110743560	DNA/TcMar-Tigger	1242	+	194	110743365	54260
chr8	115304157	115504157	harbor2	chr8	115308811	115308891	DNA/TcMar-Tigger	509	+	40	115308851	4694
chr8	102206885	102406885	harbor2	chr8	102244307	102245454	DNA/TcMar-Tigger	6543	+	574	102244881	37996
chr8	102206885	102406885	harbor2	chr8	102263109	102263266	DNA/TcMar-Tigger	627	+	78	102263187	56302
chr8	118467950	118667950	harbor2	chr8	118482399	118482733	DNA/TcMar-Tigger	1582	+	167	118482566	14616
chr8	118467950	118667950	harbor2	chr8	118507698	118507901	DNA/TcMar-Tigger	887	+	102	118507800	39850
chr8	81466757	81666757	harbor2	chr8	81478124	81478343	DNA/TcMar-Tigger	1298	+	110	81478234	11477
chr8	112310389	112510389	harbor2	chr8	112396062	112396389	DNA/TcMar-Tigger	517	+	164	112396226	85837
chr8	67620856	67820856	harbor2	chr8	67712721	67713099	DNA/TcMar-Tigger	1943	+	189	67712910	92054
chr8	67620856	67820856	harbor2	chr8	67713141	67713224	DNA/TcMar-Tigger	1943	+	42	67713183	92327
chr8	137471062	137671062	harbor2	chr8	137522992	137523426	DNA/TcMar-Tigger	2261	+	217	137523209	52147
chr8	134352370	134552370	harbor2	chr8	134391140	134393660	DNA/TcMar-Tigger	14250	+	1260	134392400	40030
chr8	134352370	134552370	harbor2	chr8	134441171	134441326	DNA/TcMar-Tigger	16455	+	78	134441249	88879
chr8	134352370	134552370	harbor2	chr8	134441786	134444269	DNA/TcMar-Tigger	16455	+	1242	134443028	90658
chr8	54811819	55011819	harbor2	chr8	54863083	54863448	DNA/TcMar-Tigger	1393	+	182	54863265	51446
chr8	54811819	55011819	harbor2	chr8	54863658	54864654	DNA/TcMar-Tigger	4197	+	498	54864156	52337
chr8	54811819	55011819	harbor2	chr8	54871605	54872159	DNA/TcMar-Tigger	2335	+	277	54871882	60063
chr8	54811819	55011819	harbor2	chr8	54906354	54907499	DNA/TcMar-Tigger	6428	+	572	54906926	95107
chr8	123005513	123205513	harbor2	chr8	123062541	123062863	DNA/TcMar-Tigger	1337	+	161	123062702	57189
chr8	123005513	123205513	harbor2	chr8	123063157	123063176	DNA/TcMar-Tigger	1337	+	10	123063167	57654
chr8	123005513	123205513	harbor2	chr8	123063462	123063529	DNA/TcMar-Tigger	1337	+	34	123063496	57983
chr8	123005513	123205513	harbor2	chr8	123089029	123089267	DNA/TcMar-Tigger	1399	+	119	123089148	83635
chr8	123005513	123205513	harbor2	chr8	123089860	123090019	DNA/TcMar-Tigger	676	+	80	123089940	84427
chr8	123005513	123205513	harbor2	chr8	123102563	123103182	DNA/TcMar-Tigger	3276	+	310	123102873	97360
chr8	123005513	123205513	harbor2	chr8	123104197	123104387	DNA/TcMar-Tigger	790	+	95	123104292	98779
chr8	131736662	131936662	harbor2	chr8	131805784	131805853	DNA/TcMar-Tigger	406	+	34	131805818	69156
chr8	131736662	131936662	harbor2	chr8	131805838	131806289	DNA/TcMar-Tigger	2865	+	226	131806064	69402
chr8	62207449	62407449	harbor2	chr8	62237178	62237360	DNA/TcMar-Tigger	743	+	91	62237269	29820
chr8	118682130	118882130	harbor2	chr8	118758363	118758548	DNA/TcMar-Tigger	1111	+	92	118758455	76325
chr8	81257934	81457934	harbor2	chr8	81265933	81266271	DNA/TcMar-Tigger	1919	+	169	81266102	8168
chr8	82452601	82652601	harbor2	chr8	82514674	82514868	DNA/TcMar-Tigger	851	+	97	82514771	62170
chr8	82452601	82652601	harbor2	chr8	82523303	82523646	DNA/TcMar-Tigger	1757	+	172	82523475	70874
chr8	82452601	82652601	harbor2	chr8	82525129	82525444	DNA/TcMar-Tigger	1489	+	158	82525287	72686
chr8	136316121	136516121	harbor2	chr8	136348309	136348675	DNA/TcMar-Tigger	2144	+	183	136348492	32371
chr8	100473971	100673971	harbor2	chr8	100538290	100538572	DNA/TcMar-Tigger	1748	+	141	100538431	64460
chr8	100473971	100673971	harbor2	chr8	100541746	100542044	DNA/TcMar-Tigger	1579	+	149	100541895	67924
chr8	128790441	128990441	harbor2	chr8	128847372	128848060	DNA/TcMar-Tigger	1851	+	344	128847716	57275
chr8	100408674	100608674	harbor2	chr8	100409660	100409830	DNA/TcMar-Tigger	372	+	85	100409745	1071
chr8	100408674	100608674	harbor2	chr8	100473700	100473930	DNA/TcMar-Tigger	467	+	115	100473815	65141
chr9	107556332	107756332	harbor2	chr9	107556522	107556715	DNA/TcMar-Tigger	2048	+	96	107556618	286
chr9	107556332	107756332	harbor2	chr9	107557029	107557283	DNA/TcMar-Tigger	2048	+	127	107557156	824
chr9	107556332	107756332	harbor2	chr9	107572762	107572850	DNA/TcMar-Tigger	1895	+	44	107572806	16474
chr9	107556332	107756332	harbor2	chr9	107573142	107573408	DNA/TcMar-Tigger	1895	+	133	107573275	16943
chr9	107556332	107756332	harbor2	chr9	107647120	107647387	DNA/TcMar-Tigger	1418	+	134	107647254	90922
chr9	98108223	98308223	harbor2	chr9	98183546	98183677	DNA/TcMar-Tigger	1259	+	66	98183612	75389
chr9	98108223	98308223	harbor2	chr9	98183966	98184167	DNA/TcMar-Tigger	1259	+	100	98184066	75843
chr9	126613935	126813935	harbor2	chr9	126656969	126657219	DNA/TcMar-Tigger	413	+	125	126657094	43159
chr9	126613935	126813935	harbor2	chr9	126670708	126670897	DNA/TcMar-Tigger	930	+	94	126670802	56867
chr9	104470066	104670066	harbor2	chr9	104513417	104513863	DNA/TcMar-Tigger	2077	+	223	104513640	43574
chr9	78920351	79120351	harbor2	chr9	78920545	78920901	DNA/TcMar-Tigger	1446	+	178	78920723	372
chr9	78920351	79120351	harbor2	chr9	78990607	78990702	DNA/TcMar-Tigger	490	+	48	78990655	70304
chr9	132592966	132792966	harbor2	chr9	132605292	132605525	DNA/TcMar-Tigger	809	+	116	132605408	12442
chr9	90947332	91147332	harbor2	chr9	90997474	90998100	DNA/TcMar-Tigger	3206	+	313	90997787	50455
chr9	90947332	91147332	harbor2	chr9	91041098	91041391	DNA/TcMar-Tigger	2784	+	146	91041244	93912
chr9	90947332	91147332	harbor2	chr9	91041688	91041945	DNA/TcMar-Tigger	2784	+	128	91041816	94484
chr9	61160880	61360880	harbor2	chr9	61160854	61161049	DNA/TcMar-Tigger	3126	+	98	61160952	72
chr9	61160880	61360880	harbor2	chr9	61185366	61187712	DNA/TcMar-Tigger	14606	+	1173	61186539	25659
chr9	107459913	107659913	harbor2	chr9	107550335	107550371	DNA/TcMar-Tigger	2024	+	18	107550353	90440
chr9	107459913	107659913	harbor2	chr9	107550665	107550953	DNA/TcMar-Tigger	2024	+	144	107550809	90896
chr9	107459913	107659913	harbor2	chr9	107554105	107554201	DNA/TcMar-Tigger	505	+	48	107554153	94240
chr9	107459913	107659913	harbor2	chr9	107556522	107556715	DNA/TcMar-Tigger	2048	+	96	107556618	96705
chr9	107459913	107659913	harbor2	chr9	107557029	107557283	DNA/TcMar-Tigger	2048	+	127	107557156	97243
chr9	121406825	121606825	harbor2	chr9	121472055	121472311	DNA/TcMar-Tigger	906	+	128	121472183	65358
chr9	126613982	126813982	harbor2	chr9	126656969	126657219	DNA/TcMar-Tigger	413	+	125	126657094	43112
chr9	126613982	126813982	harbor2	chr9	126670708	126670897	DNA/TcMar-Tigger	930	+	94	126670802	56820
chr9	105459241	105659241	harbor2	chr9	105473335	105473692	DNA/TcMar-Tigger	679	+	178	105473513	14272
chr9	105459241	105659241	harbor2	chr9	105550435	105550626	DNA/TcMar-Tigger	491	+	96	105550531	91290
chr9	105459241	105659241	harbor2	chr9	105555420	105555938	DNA/TcMar-Tigger	1056	+	259	105555679	96438
chr9	110043025	110243025	harbor2	chr9	110058700	110058890	DNA/TcMar-Tigger	574	+	95	110058795	15770
chr9	110043025	110243025	harbor2	chr9	110059200	110059492	DNA/TcMar-Tigger	574	+	146	110059346	16321
chr9	99729583	99929583	harbor2	chr9	99814887	99815253	DNA/TcMar-Tigger	476	+	183	99815070	85487
chr9	107527226	107727226	harbor2	chr9	107550335	107550371	DNA/TcMar-Tigger	2024	+	18	107550353	23127
chr9	107527226	107727226	harbor2	chr9	107550665	107550953	DNA/TcMar-Tigger	2024	+	144	107550809	23583
chr9	107527226	107727226	harbor2	chr9	107554105	107554201	DNA/TcMar-Tigger	505	+	48	107554153	26927
chr9	107527226	107727226	harbor2	chr9	107556522	107556715	DNA/TcMar-Tigger	2048	+	96	107556618	29392
chr9	107527226	107727226	harbor2	chr9	107557029	107557283	DNA/TcMar-Tigger	2048	+	127	107557156	29930
chr9	107527226	107727226	harbor2	chr9	107572762	107572850	DNA/TcMar-Tigger	1895	+	44	107572806	45580
chr9	107527226	107727226	harbor2	chr9	107573142	107573408	DNA/TcMar-Tigger	1895	+	133	107573275	46049
chr9	95467272	95667272	harbor2	chr9	95491733	95491862	DNA/TcMar-Tigger	725	+	64	95491797	24525
chr9	95467272	95667272	harbor2	chr9	95491861	95492706	DNA/TcMar-Tigger	5022	+	422	95492283	25011
chr9	95467272	95667272	harbor2	chr9	95548534	95548609	DNA/TcMar-Tigger	7036	+	38	95548572	81300
chr9	95467272	95667272	harbor2	chr9	95548932	95550065	DNA/TcMar-Tigger	7036	+	566	95549498	82226
chr9	109602614	109802614	harbor2	chr9	109605343	109606903	DNA/TcMar-Tigger	16315	+	780	109606123	3509
chr9	109602614	109802614	harbor2	chr9	109607210	109608079	DNA/TcMar-Tigger	16315	+	434	109607644	5030
chr9	109602614	109802614	harbor2	chr9	109674844	109675208	DNA/TcMar-Tigger	2128	+	182	109675026	72412
chr9	111995960	112195960	harbor2	chr9	112007359	112008206	DNA/TcMar-Tigger	14991	+	424	112007783	11823
chr9	111995960	112195960	harbor2	chr9	112008548	112009304	DNA/TcMar-Tigger	14991	+	378	112008926	12966
chr9	111995960	112195960	harbor2	chr9	112009607	112010358	DNA/TcMar-Tigger	14991	+	376	112009983	14023
chr9	111995960	112195960	harbor2	chr9	112010703	112010821	DNA/TcMar-Tigger	14991	+	59	112010762	14802
chr9	89317874	89517874	harbor2	chr9	89329934	89330134	DNA/TcMar-Tigger	1083	+	100	89330034	12160
chr9	80899446	81099446	harbor2	chr9	80907442	80907797	DNA/TcMar-Tigger	1722	+	178	80907620	8174
chr9	80899446	81099446	harbor2	chr9	80950676	80951029	DNA/TcMar-Tigger	1385	+	176	80950852	51406
chr9	117071547	117271547	harbor2	chr9	117144300	117144384	DNA/TcMar-Tigger	580	+	42	117144342	72795
chr9	68782491	68982491	harbor2	chr9	68875135	68875470	DNA/TcMar-Tigger	696	+	168	68875303	92812
chr9	136169280	136369280	harbor2	chr9	136232316	136232646	DNA/TcMar-Tigger	1569	+	165	136232481	63201
chr9	136169280	136369280	harbor2	chr9	136233764	136234400	DNA/TcMar-Tigger	1650	+	318	136234082	64802
chr9	136169280	136369280	harbor2	chr9	136232954	136233774	DNA/TcMar-Tigger	3594	+	410	136233364	64084
chr9	130586813	130786813	harbor2	chr9	130601698	130601801	DNA/TcMar-Tigger	712	+	52	130601750	14937
chr9	130586813	130786813	harbor2	chr9	130602100	130602140	DNA/TcMar-Tigger	712	+	20	130602120	15307
chr9	130586813	130786813	harbor2	chr9	130602174	130602280	DNA/TcMar-Tigger	668	+	53	130602227	15414
chr9	130586813	130786813	harbor2	chr9	130641004	130641475	DNA/TcMar-Tigger	2002	+	236	130641240	54427
chr9	130586813	130786813	harbor2	chr9	130641787	130641829	DNA/TcMar-Tigger	2002	+	21	130641808	54995
chr9	130586813	130786813	harbor2	chr9	130642328	130642469	DNA/TcMar-Tigger	605	+	70	130642398	55585
chr9	134067326	134267326	harbor2	chr9	134087381	134087511	DNA/TcMar-Tigger	573	+	65	134087446	20120
chr9	134067326	134267326	harbor2	chr9	134086630	134086767	DNA/TcMar-Tigger	768	+	68	134086698	19372
chr9	124772609	124972609	harbor2	chr9	124796390	124796541	DNA/TcMar-Tigger	398	+	76	124796466	23857
chr9	122911468	123111468	harbor2	chr9	122923808	122924140	DNA/TcMar-Tigger	2137	+	166	122923974	12506
chr9	122911468	123111468	harbor2	chr9	122969037	122969378	DNA/TcMar-Tigger	2138	+	170	122969207	57739
chr9	97532727	97732727	harbor2	chr9	97601729	97601961	DNA/TcMar-Tigger	1304	+	116	97601845	69118
chr9	97532727	97732727	harbor2	chr9	97619307	97619506	DNA/TcMar-Tigger	887	+	100	97619407	86680
chr9	97532727	97732727	harbor2	chr9	97619642	97619868	DNA/TcMar-Tigger	1057	+	113	97619755	87028
chr9	110852309	111052309	harbor2	chr9	110909526	110909702	DNA/TcMar-Tigger	1077	+	88	110909614	57305
chr9	110852309	111052309	harbor2	chr9	110910107	110911265	DNA/TcMar-Tigger	8837	+	579	110910686	58377
chr9	110852309	111052309	harbor2	chr9	110911548	110911869	DNA/TcMar-Tigger	8837	+	160	110911708	59399
chr9	110852309	111052309	harbor2	chr9	110923287	110923653	DNA/TcMar-Tigger	2377	+	183	110923470	71161
chr9	97740641	97940641	harbor2	chr9	97789802	97790166	DNA/TcMar-Tigger	2497	+	182	97789984	49343
chr9	113213443	113413443	harbor2	chr9	113295263	113295575	DNA/TcMar-Tigger	1664	+	156	113295419	81976
chr9	37822987	38022987	harbor2	chr9	37832521	37832871	DNA/TcMar-Tigger	1134	+	175	37832696	9709
chr9	37822987	38022987	harbor2	chr9	37833144	37833282	DNA/TcMar-Tigger	947	+	69	37833213	10226
chr9	37822987	38022987	harbor2	chr9	37840115	37840212	DNA/TcMar-Tigger	566	+	48	37840163	17176
chr9	37822987	38022987	harbor2	chr9	37840212	37841116	DNA/TcMar-Tigger	5231	+	452	37840664	17677
chr9	37822987	38022987	harbor2	chr9	37897946	37898071	DNA/TcMar-Tigger	448	+	62	37898008	75021
chr9	90393530	90593530	harbor2	chr9	90445284	90445524	DNA/TcMar-Tigger	475	+	120	90445404	51874
chr9	90393530	90593530	harbor2	chr9	90467233	90467628	DNA/TcMar-Tigger	1473	+	198	90467431	73901
chr9	81833101	82033101	harbor2	chr9	81870275	81870630	DNA/TcMar-Tigger	1617	+	178	81870453	37352
chr9	95979886	96179886	harbor2	chr9	95995545	95996949	DNA/TcMar-Tigger	8724	+	702	95996247	16361
chr9	95979886	96179886	harbor2	chr9	95997088	95997553	DNA/TcMar-Tigger	3098	+	232	95997320	17434
chr9	95979886	96179886	harbor2	chr9	95997550	95997676	DNA/TcMar-Tigger	611	+	63	95997613	17727
chr9	23350550	23550550	harbor2	chr9	23414114	23414155	DNA/TcMar-Tigger	4538	+	20	23414134	63584
chr9	23350550	23550550	harbor2	chr9	23414249	23414960	DNA/TcMar-Tigger	4538	+	356	23414605	64055
chr9	23350550	23550550	harbor2	chr9	23415205	23415361	DNA/TcMar-Tigger	1118	+	78	23415283	64733
chr9	23350550	23550550	harbor2	chr9	23433596	23433874	DNA/TcMar-Tigger	454	+	139	23433735	83185
chr9	23350550	23550550	harbor2	chr9	23437799	23437922	DNA/TcMar-Tigger	503	+	62	23437861	87311
chr9	79373918	79573918	harbor2	chr9	79375696	79376010	DNA/TcMar-Tigger	1188	+	157	79375853	1935
chr9	79373918	79573918	harbor2	chr9	79458043	79458279	DNA/TcMar-Tigger	2070	+	118	79458161	84243
chr9	79373918	79573918	harbor2	chr9	79458587	79458727	DNA/TcMar-Tigger	2070	+	70	79458657	84739
chr9	128415043	128615043	harbor2	chr9	128475008	128475333	DNA/TcMar-Tigger	1838	+	162	128475170	60127
chr9	128415043	128615043	harbor2	chr9	128508420	128508535	DNA/TcMar-Tigger	631	+	58	128508478	93435
chr9	66978643	67178643	harbor2	chr9	66999339	66999674	DNA/TcMar-Tigger	1933	+	168	66999507	20864
chr9	66978643	67178643	harbor2	chr9	67034728	67034893	DNA/TcMar-Tigger	458	+	82	67034810	56167
chr9	66978643	67178643	harbor2	chr9	67035186	67035225	DNA/TcMar-Tigger	458	+	20	67035206	56563
chr9	104122283	104322283	harbor2	chr9	104125272	104125476	DNA/TcMar-Tigger	912	+	102	104125374	3091
chr9	104122283	104322283	harbor2	chr9	104174593	104174920	DNA/TcMar-Tigger	1818	+	164	104174757	52474
chr9	104122283	104322283	harbor2	chr9	104210913	104211255	DNA/TcMar-Tigger	1959	+	171	104211084	88801
chr9	138220474	138420474	harbor2	chr9	138259268	138259375	DNA/TcMar-Tigger	562	+	54	138259322	38848
chr9	105077485	105277485	harbor2	chr9	105143970	105144319	DNA/TcMar-Tigger	2061	+	174	105144144	66659
chr9	105077485	105277485	harbor2	chr9	105164091	105164390	DNA/TcMar-Tigger	1238	+	150	105164241	86756
chr9	125823469	126023469	harbor2	chr9	125876311	125876745	DNA/TcMar-Tigger	2481	+	217	125876528	53059
chr9	130643387	130843387	harbor2	chr9	130738529	130738657	DNA/TcMar-Tigger	659	+	64	130738593	95206
chr9	130643387	130843387	harbor2	chr9	130738656	130738792	DNA/TcMar-Tigger	707	+	68	130738724	95337
chr9	99400652	99600652	harbor2	chr9	99423131	99423332	DNA/TcMar-Tigger	940	+	100	99423231	22579
chr9	99400652	99600652	harbor2	chr9	99423334	99423433	DNA/TcMar-Tigger	637	+	50	99423384	22732
chr9	137638837	137838837	harbor2	chr9	137651422	137651501	DNA/TcMar-Tigger	4825	+	40	137651462	12625
chr9	137638837	137838837	harbor2	chr9	137651810	137652391	DNA/TcMar-Tigger	4825	+	290	137652100	13263
chr9	137638837	137838837	harbor2	chr9	137652685	137652727	DNA/TcMar-Tigger	4825	+	21	137652706	13869
chr9	137638837	137838837	harbor2	chr9	137653028	137653469	DNA/TcMar-Tigger	4825	+	220	137653248	14411
chr9	63322269	63522269	harbor2	chr9	63408700	63409015	DNA/TcMar-Tigger	1403	+	158	63408858	86589
chr9	132353085	132553085	harbor2	chr9	132358154	132358266	DNA/TcMar-Tigger	2449	+	56	132358210	5125
chr9	132353085	132553085	harbor2	chr9	132358563	132358950	DNA/TcMar-Tigger	2449	+	194	132358757	5672
chr9	132353085	132553085	harbor2	chr9	132451409	132451633	DNA/TcMar-Tigger	598	+	112	132451521	98436
chr9	99329565	99529565	harbor2	chr9	99378925	99379356	DNA/TcMar-Tigger	2362	+	216	99379141	49576
chr9	99329565	99529565	harbor2	chr9	99423131	99423332	DNA/TcMar-Tigger	940	+	100	99423231	93666
chr9	99329565	99529565	harbor2	chr9	99423334	99423433	DNA/TcMar-Tigger	637	+	50	99423384	93819
chr9	109704297	109904297	harbor2	chr9	109778368	109778768	DNA/TcMar-Tigger	1021	+	200	109778568	74271
chr9	109704297	109904297	harbor2	chr9	109779070	109779161	DNA/TcMar-Tigger	1021	+	46	109779116	74819
chr9	109704297	109904297	harbor2	chr9	109782364	109782701	DNA/TcMar-Tigger	1959	+	168	109782532	78235
chr9	111560543	111760543	harbor2	chr9	111576253	111576449	DNA/TcMar-Tigger	813	+	98	111576351	15808
chr9	111560543	111760543	harbor2	chr9	111576685	111576765	DNA/TcMar-Tigger	435	+	40	111576725	16182
chr9	33841818	34041818	harbor2	chr9	33940885	33940978	DNA/TcMar-Tigger	502	+	46	33940931	99113
chr9	33841818	34041818	harbor2	chr9	33931084	33931311	DNA/TcMar-Tigger	1124	+	114	33931198	89380
chr9	77466909	77666909	harbor2	chr9	77562641	77562923	DNA/TcMar-Tigger	742	+	141	77562782	95873
chr9	36479068	36679068	harbor2	chr9	36569586	36569994	DNA/TcMar-Tigger	6967	+	204	36569790	90722
chr9	36479068	36679068	harbor2	chr9	36570171	36570510	DNA/TcMar-Tigger	6296	+	170	36570341	91273
chr9	36479068	36679068	harbor2	chr9	36570811	36571413	DNA/TcMar-Tigger	6296	+	301	36571112	92044
chr9	36479068	36679068	harbor2	chr9	36568652	36569277	DNA/TcMar-Tigger	6967	+	312	36568964	89896
chr9	124666645	124866645	harbor2	chr9	124731526	124731950	DNA/TcMar-Tigger	2669	+	212	124731738	65093
chr9	132293018	132493018	harbor2	chr9	132301468	132301778	DNA/TcMar-Tigger	1553	+	155	132301623	8605
chr9	132293018	132493018	harbor2	chr9	132310692	132310952	DNA/TcMar-Tigger	1241	+	130	132310822	17804
chr9	132293018	132493018	harbor2	chr9	132358154	132358266	DNA/TcMar-Tigger	2449	+	56	132358210	65192
chr9	132293018	132493018	harbor2	chr9	132358563	132358950	DNA/TcMar-Tigger	2449	+	194	132358757	65739
chr9	136850915	137050915	harbor2	chr9	136915510	136915681	DNA/TcMar-Tigger	645	+	86	136915596	64681
chr9	108580134	108780134	harbor2	chr9	108622362	108622823	DNA/TcMar-Tigger	1503	+	230	108622592	42458
chr9	108580134	108780134	harbor2	chr9	108664982	108665334	DNA/TcMar-Tigger	559	+	176	108665158	85024
chr9	104951871	105151871	harbor2	chr9	105004762	105005139	DNA/TcMar-Tigger	1415	+	188	105004950	53079
chr9	130479733	130679733	harbor2	chr9	130574923	130574981	DNA/TcMar-Tigger	1574	+	29	130574952	95219
chr9	130479733	130679733	harbor2	chr9	130575281	130575528	DNA/TcMar-Tigger	1574	+	124	130575405	95672
chr9	87457687	87657687	harbor2	chr9	87459963	87460035	DNA/TcMar-Tigger	416	+	36	87459999	2312
chr9	87457687	87657687	harbor2	chr9	87460023	87460272	DNA/TcMar-Tigger	2423	+	124	87460147	2460
chr9	87457687	87657687	harbor2	chr9	87460574	87460781	DNA/TcMar-Tigger	2423	+	104	87460678	2991
chr9	87457687	87657687	harbor2	chr9	87539306	87539430	DNA/TcMar-Tigger	2185	+	62	87539368	81681
chr9	87457687	87657687	harbor2	chr9	87539718	87540183	DNA/TcMar-Tigger	2185	+	232	87539950	82263
chr9	87457687	87657687	harbor2	chr9	87540491	87540651	DNA/TcMar-Tigger	2185	+	80	87540571	82884
chr9	115261594	115461594	harbor2	chr9	115311230	115311488	DNA/TcMar-Tigger	12217	+	129	115311359	49765
chr9	115261594	115461594	harbor2	chr9	115311678	115313666	DNA/TcMar-Tigger	12217	+	994	115312672	51078
chr9	115261594	115461594	harbor2	chr9	115314617	115314800	DNA/TcMar-Tigger	825	+	92	115314709	53115
chr9	107698657	107898657	harbor2	chr9	107745512	107745948	DNA/TcMar-Tigger	2475	+	218	107745730	47073
chr9	95889036	96089036	harbor2	chr9	95919364	95920592	DNA/TcMar-Tigger	7907	+	614	95919978	30942
chr9	95889036	96089036	harbor2	chr9	95946629	95948369	DNA/TcMar-Tigger	11305	+	870	95947499	58463
chr9	95889036	96089036	harbor2	chr9	95962800	95962882	DNA/TcMar-Tigger	403	+	41	95962841	73805
chr9	80730528	80930528	harbor2	chr9	80751504	80751581	DNA/TcMar-Tigger	409	+	38	80751542	21014
chr9	80730528	80930528	harbor2	chr9	80751598	80751761	DNA/TcMar-Tigger	915	+	82	80751680	21152
chr9	94340555	94540555	harbor2	chr9	94407751	94408048	DNA/TcMar-Tigger	1483	+	148	94407899	67344
chr9	94340555	94540555	harbor2	chr9	94408228	94408333	DNA/TcMar-Tigger	427	+	52	94408280	67725
chr9	94340555	94540555	harbor2	chr9	94408334	94408410	DNA/TcMar-Tigger	455	+	38	94408372	67817
chr9	136584963	136784963	harbor2	chr9	136612666	136613039	DNA/TcMar-Tigger	1688	+	186	136612852	27889
chr9	123046876	123246876	harbor2	chr9	123080863	123080930	DNA/TcMar-Tigger	497	+	34	123080897	34021
chr9	123046876	123246876	harbor2	chr9	123080915	123081350	DNA/TcMar-Tigger	2587	+	218	123081133	34257
chr9	116973115	117173115	harbor2	chr9	116990674	116990823	DNA/TcMar-Tigger	452	+	74	116990748	17633
chr9	118405048	118605048	harbor2	chr9	118443820	118444099	DNA/TcMar-Tigger	582	+	140	118443960	38912
chr9	97844110	98044110	harbor2	chr9	97886345	97886398	DNA/TcMar-Tigger	904	+	26	97886371	42261
chr9	97844110	98044110	harbor2	chr9	97886705	97886818	DNA/TcMar-Tigger	904	+	56	97886761	42651
chr9	97844110	98044110	harbor2	chr9	97886811	97886833	DNA/TcMar-Tigger	802	+	11	97886822	42712
chr9	97844110	98044110	harbor2	chr9	97887074	97887245	DNA/TcMar-Tigger	802	+	86	97887160	43050
chr9	24234184	24434184	harbor2	chr9	24267467	24267600	DNA/TcMar-Tigger	812	+	66	24267533	33349
chr9	24234184	24434184	harbor2	chr9	24268257	24268491	DNA/TcMar-Tigger	1354	+	117	24268374	34190
chr9	24234184	24434184	harbor2	chr9	24274573	24274810	DNA/TcMar-Tigger	986	+	118	24274691	40507
chr9	122171411	122371411	harbor2	chr9	122188669	122188914	DNA/TcMar-Tigger	787	+	122	122188791	17380
chr9	122171411	122371411	harbor2	chr9	122189214	122189316	DNA/TcMar-Tigger	787	+	51	122189265	17854
chr9	122171411	122371411	harbor2	chr9	122189906	122190073	DNA/TcMar-Tigger	787	+	84	122189990	18579
chr9	101831259	102031259	harbor2	chr9	101834769	101835285	DNA/TcMar-Tigger	3381	+	258	101835027	3768
chr9	101831259	102031259	harbor2	chr9	101835599	101835734	DNA/TcMar-Tigger	3381	+	68	101835667	4408
chr9	101831259	102031259	harbor2	chr9	101894567	101894950	DNA/TcMar-Tigger	1795	+	192	101894759	63500
chr9	101831259	102031259	harbor2	chr9	101902843	101903238	DNA/TcMar-Tigger	454	+	198	101903041	71782
chr9	101831259	102031259	harbor2	chr9	101928755	101929158	DNA/TcMar-Tigger	1587	+	202	101928957	97698
chr9	35779188	35979188	harbor2	chr9	35865830	35866277	DNA/TcMar-Tigger	1727	+	224	35866054	86866
chr9	63044033	63244033	harbor2	chr9	63111621	63111821	DNA/TcMar-Tigger	1128	+	100	63111721	67688
chr9	126572782	126772782	harbor2	chr9	126656969	126657219	DNA/TcMar-Tigger	413	+	125	126657094	84312
chr9	126572782	126772782	harbor2	chr9	126670708	126670897	DNA/TcMar-Tigger	930	+	94	126670802	98020
chr9	95314538	95514538	harbor2	chr9	95392962	95393231	DNA/TcMar-Tigger	1526	+	134	95393096	78558
chr9	95314538	95514538	harbor2	chr9	95393230	95393318	DNA/TcMar-Tigger	573	+	44	95393274	78736
chr9	96569508	96769508	harbor2	chr9	96642864	96643195	DNA/TcMar-Tigger	1789	+	166	96643030	73522
chr9	68654845	68854845	harbor2	chr9	68666555	68666893	DNA/TcMar-Tigger	2287	+	169	68666724	11879
chr9	127783022	127983022	harbor2	chr9	127820980	127821149	DNA/TcMar-Tigger	620	+	84	127821064	38042
chr9	111379637	111579637	harbor2	chr9	111381574	111381650	DNA/TcMar-Tigger	427	+	38	111381612	1975
chr9	111379637	111579637	harbor2	chr9	111442945	111443155	DNA/TcMar-Tigger	1163	+	105	111443050	63413
chr9	134440292	134640292	harbor2	chr9	134500019	134500175	DNA/TcMar-Tigger	1761	+	78	134500097	59805
chr9	134440292	134640292	harbor2	chr9	134500491	134500632	DNA/TcMar-Tigger	1761	+	70	134500561	60269
chr9	115540471	115740471	harbor2	chr9	115559023	115559617	DNA/TcMar-Tigger	3065	+	297	115559320	18849
chr9	42008266	42208266	harbor2	chr9	42028105	42028216	DNA/TcMar-Tigger	441	+	56	42028161	19895
chr9	42008266	42208266	harbor2	chr9	42042430	42042762	DNA/TcMar-Tigger	1545	+	166	42042596	34330
chr9	42008266	42208266	harbor2	chr9	42043830	42044351	DNA/TcMar-Tigger	2735	+	260	42044090	35824
chr9	65953297	66153297	harbor2	chr9	66013980	66014563	DNA/TcMar-Tigger	2530	+	292	66014272	60975
chr9	27892714	28092714	harbor2	chr9	27958446	27958782	DNA/TcMar-Tigger	1686	+	168	27958614	65900
chr9	27892714	28092714	harbor2	chr9	27960960	27961299	DNA/TcMar-Tigger	1903	+	170	27961130	68416
chr9	99796057	99996057	harbor2	chr9	99814887	99815253	DNA/TcMar-Tigger	476	+	183	99815070	19013
chr9	111592584	111792584	harbor2	chr9	111677202	111677464	DNA/TcMar-Tigger	1556	+	131	111677333	84749
chr9	107405664	107605664	harbor2	chr9	107427291	107427573	DNA/TcMar-Tigger	879	+	141	107427432	21768
chr9	107405664	107605664	harbor2	chr9	107433167	107433483	DNA/TcMar-Tigger	1972	+	158	107433325	27661
chr9	120238344	120438344	harbor2	chr9	120329578	120329901	DNA/TcMar-Tigger	1305	+	162	120329740	91396
chr9	73473298	73673298	harbor2	chr9	73506266	73508115	DNA/TcMar-Tigger	13504	+	924	73507190	33892
chr9	73473298	73673298	harbor2	chr9	73508401	73508915	DNA/TcMar-Tigger	13504	+	257	73508658	35360
chr9	73473298	73673298	harbor2	chr9	73535706	73536075	DNA/TcMar-Tigger	2103	+	184	73535890	62592
chr9	114369103	114569103	harbor2	chr9	114384438	114384857	DNA/TcMar-Tigger	2437	+	210	114384648	15545
chr9	114369103	114569103	harbor2	chr9	114439688	114439918	DNA/TcMar-Tigger	6226	+	115	114439803	70700
chr9	114369103	114569103	harbor2	chr9	114440213	114440245	DNA/TcMar-Tigger	6226	+	16	114440229	71126
chr9	114369103	114569103	harbor2	chr9	114440541	114441349	DNA/TcMar-Tigger	6226	+	404	114440945	71842
chr9	112736080	112936080	harbor2	chr9	112822650	112823091	DNA/TcMar-Tigger	1600	+	220	112822870	86790
chr9	112736080	112936080	harbor2	chr9	112823170	112823295	DNA/TcMar-Tigger	804	+	62	112823232	87152
chr9	112736080	112936080	harbor2	chr9	112828171	112828500	DNA/TcMar-Tigger	2005	+	164	112828335	92255
chr9	102594210	102794210	harbor2	chr9	102686587	102686990	DNA/TcMar-Tigger	1891	+	202	102686789	92579
chr9	102594210	102794210	harbor2	chr9	102687030	102687224	DNA/TcMar-Tigger	1891	+	97	102687127	92917
chr9	137395843	137595843	harbor2	chr9	137442049	137442441	DNA/TcMar-Tigger	1606	+	196	137442245	46402
chr9	85766630	85966630	harbor2	chr9	85768338	85768546	DNA/TcMar-Tigger	1004	+	104	85768442	1812
chr9	85766630	85966630	harbor2	chr9	85813345	85813648	DNA/TcMar-Tigger	1552	+	152	85813497	46867
chr9	114675553	114875553	harbor2	chr9	114730122	114730432	DNA/TcMar-Tigger	858	+	155	114730277	54724
chr9	114675553	114875553	harbor2	chr9	114733485	114733532	DNA/TcMar-Tigger	2522	+	24	114733509	57956
chr9	114675553	114875553	harbor2	chr9	114733859	114734319	DNA/TcMar-Tigger	2522	+	230	114734089	58536
chr9	132748336	132948336	harbor2	chr9	132819104	132819435	DNA/TcMar-Tigger	2200	+	166	132819270	70934
chr9	124274319	124474319	harbor2	chr9	124278003	124278332	DNA/TcMar-Tigger	1535	+	164	124278167	3848
chr9	124274319	124474319	harbor2	chr9	124365558	124365641	DNA/TcMar-Tigger	476	+	42	124365600	91281
chr9	124274319	124474319	harbor2	chr9	124365966	124366130	DNA/TcMar-Tigger	3829	+	82	124366048	91729
chr9	124274319	124474319	harbor2	chr9	124366404	124367014	DNA/TcMar-Tigger	3829	+	305	124366709	92390
chr9	125247298	125447298	harbor2	chr9	125325790	125326021	DNA/TcMar-Tigger	1322	+	116	125325906	78608
chr9	67109652	67309652	harbor2	chr9	67114370	67114679	DNA/TcMar-Tigger	604	+	154	67114524	4872
chr9	97263539	97463539	harbor2	chr9	97320866	97321281	DNA/TcMar-Tigger	2457	+	208	97321074	57535
chr9	79001458	79201458	harbor2	chr9	79058226	79058459	DNA/TcMar-Tigger	517	+	116	79058342	56884
chr9	130773987	130973987	harbor2	chr9	130813801	130813893	DNA/TcMar-Tigger	506	+	46	130813847	39860
chr9	130773987	130973987	harbor2	chr9	130850126	130850500	DNA/TcMar-Tigger	1084	+	187	130850313	76326
chr9	130773987	130973987	harbor2	chr9	130850807	130850873	DNA/TcMar-Tigger	1084	+	33	130850840	76853
chr9	130773987	130973987	harbor2	chr9	130864784	130865059	DNA/TcMar-Tigger	639	+	138	130864922	90935
chr9	130773987	130973987	harbor2	chr9	130865909	130866143	DNA/TcMar-Tigger	1265	+	117	130866026	92039
chr9	113241042	113441042	harbor2	chr9	113337356	113337464	DNA/TcMar-Tigger	1351	+	54	113337410	96368
chr9	113241042	113441042	harbor2	chr9	113337766	113337899	DNA/TcMar-Tigger	1351	+	66	113337832	96790
chr9	113241042	113441042	harbor2	chr9	113295263	113295575	DNA/TcMar-Tigger	1664	+	156	113295419	54377
chr9	79641870	79841870	harbor2	chr9	79682173	79682284	DNA/TcMar-Tigger	401	+	56	79682229	40359
chr9	79641870	79841870	harbor2	chr9	79685906	79686250	DNA/TcMar-Tigger	1049	+	172	79686078	44208
chr9	121854484	122054484	harbor2	chr9	121875692	121875953	DNA/TcMar-Tigger	855	+	130	121875822	21338
chr9	121854484	122054484	harbor2	chr9	121921571	121921897	DNA/TcMar-Tigger	1185	+	163	121921734	67250
chr9	121854484	122054484	harbor2	chr9	121947346	121947481	DNA/TcMar-Tigger	396	+	68	121947414	92930
chr9	109742329	109942329	harbor2	chr9	109778368	109778768	DNA/TcMar-Tigger	1021	+	200	109778568	36239
chr9	109742329	109942329	harbor2	chr9	109779070	109779161	DNA/TcMar-Tigger	1021	+	46	109779116	36787
chr9	109742329	109942329	harbor2	chr9	109782364	109782701	DNA/TcMar-Tigger	1959	+	168	109782532	40203
chr9	109742329	109942329	harbor2	chr9	109829919	109830269	DNA/TcMar-Tigger	560	+	175	109830094	87765
chr9	101131497	101331497	harbor2	chr9	101224607	101224914	DNA/TcMar-Tigger	1335	+	154	101224761	93264
chr9	101131497	101331497	harbor2	chr9	101224917	101225139	DNA/TcMar-Tigger	1288	+	111	101225028	93531
chr9	79981518	80181518	harbor2	chr9	80039020	80039516	DNA/TcMar-Tigger	584	+	248	80039268	57750
chr9	120489848	120689848	harbor2	chr9	120505057	120507296	DNA/TcMar-Tigger	14910	+	1120	120506177	16329
chr9	71124876	71324876	harbor2	chr9	71175842	71176903	DNA/TcMar-Tigger	6966	+	530	71176372	51496
chr9	71124876	71324876	harbor2	chr9	71177433	71177568	DNA/TcMar-Tigger	6966	+	68	71177501	52625
chr9	77807952	78007952	harbor2	chr9	77906688	77906809	DNA/TcMar-Tigger	475	+	60	77906748	98796
chr9	127315677	127515677	harbor2	chr9	127389466	127389649	DNA/TcMar-Tigger	941	+	92	127389558	73881
chr9	127315677	127515677	harbor2	chr9	127389950	127390370	DNA/TcMar-Tigger	941	+	210	127390160	74483
chr9	137195461	137395461	harbor2	chr9	137269486	137269759	DNA/TcMar-Tigger	901	+	136	137269622	74161
chr9	138195282	138395282	harbor2	chr9	138259268	138259375	DNA/TcMar-Tigger	562	+	54	138259322	64040
chr9	106990723	107190723	harbor2	chr9	107053942	107054285	DNA/TcMar-Tigger	2064	+	172	107054114	63391
chr9	117466202	117666202	harbor2	chr9	117522372	117522804	DNA/TcMar-Tigger	2393	+	216	117522588	56386
chr9	76395034	76595034	harbor2	chr9	76422415	76422530	DNA/TcMar-Tigger	1951	+	58	76422473	27439
chr9	76395034	76595034	harbor2	chr9	76422853	76423115	DNA/TcMar-Tigger	1951	+	131	76422984	27950
chr9	76395034	76595034	harbor2	chr9	76434134	76434241	DNA/TcMar-Tigger	679	+	54	76434188	39154
chr9	94223353	94423353	harbor2	chr9	94223233	94223546	DNA/TcMar-Tigger	1736	+	156	94223389	36
chr9	138223654	138423654	harbor2	chr9	138259268	138259375	DNA/TcMar-Tigger	562	+	54	138259322	35668
chr9	128762246	128962246	harbor2	chr9	128813584	128813601	DNA/TcMar-Tigger	1148	+	8	128813592	51346
chr9	128762246	128962246	harbor2	chr9	128813904	128814115	DNA/TcMar-Tigger	1148	+	106	128814010	51764
chr9	134964344	135164344	harbor2	chr9	135003244	135003569	DNA/TcMar-Tigger	1794	+	162	135003406	39062
chr9	134964344	135164344	harbor2	chr9	135006129	135006465	DNA/TcMar-Tigger	1862	+	168	135006297	41953
chr9	109663871	109863871	harbor2	chr9	109674844	109675208	DNA/TcMar-Tigger	2128	+	182	109675026	11155
chr9	116776244	116976244	harbor2	chr9	116791389	116791815	DNA/TcMar-Tigger	858	+	213	116791602	15358
chr9	116776244	116976244	harbor2	chr9	116874728	116875891	DNA/TcMar-Tigger	6870	+	582	116875310	99066
chr10	120263406	120463406	harbor2	chr10	120306672	120307029	DNA/TcMar-Tigger	1931	+	178	120306850	43444
chr10	120263406	120463406	harbor2	chr10	120317618	120317820	DNA/TcMar-Tigger	535	+	101	120317719	54313
chr10	120263406	120463406	harbor2	chr10	120331232	120333508	DNA/TcMar-Tigger	15993	+	1138	120332370	68964
chr10	120263406	120463406	harbor2	chr10	120333815	120333935	DNA/TcMar-Tigger	10824	+	60	120333875	70469
chr10	120263406	120463406	harbor2	chr10	120345682	120346026	DNA/TcMar-Tigger	1925	+	172	120345854	82448
chr10	127080771	127280771	harbor2	chr10	127150459	127151076	DNA/TcMar-Tigger	759	+	308	127150767	69996
chr10	127080771	127280771	harbor2	chr10	127159613	127160205	DNA/TcMar-Tigger	653	+	296	127159909	79138
chr10	123683661	123883661	harbor2	chr10	123733783	123735634	DNA/TcMar-Tigger	12588	+	926	123734709	51048
chr10	123683661	123883661	harbor2	chr10	123735635	123735776	DNA/TcMar-Tigger	1496	+	70	123735705	52044
chr10	123683661	123883661	harbor2	chr10	123736073	123736220	DNA/TcMar-Tigger	1496	+	74	123736147	52486
chr10	131212061	131412061	harbor2	chr10	131242666	131242774	DNA/TcMar-Tigger	520	+	54	131242720	30659
chr10	128805473	129005473	harbor2	chr10	128856790	128856897	DNA/TcMar-Tigger	607	+	54	128856844	51371
chr10	128805473	129005473	harbor2	chr10	128856889	128857702	DNA/TcMar-Tigger	3621	+	406	128857295	51822
chr10	123323055	123523055	harbor2	chr10	123326219	123326846	DNA/TcMar-Tigger	3506	+	314	123326533	3478
chr10	123323055	123523055	harbor2	chr10	123411230	123411442	DNA/TcMar-Tigger	433	+	106	123411336	88281
chr10	80510470	80710470	harbor2	chr10	80596903	80597232	DNA/TcMar-Tigger	1359	+	164	80597067	86597
chr10	72833819	73033819	harbor2	chr10	72845415	72845759	DNA/TcMar-Tigger	1887	+	172	72845587	11768
chr10	72833819	73033819	harbor2	chr10	72845958	72846051	DNA/TcMar-Tigger	2378	+	46	72846004	12185
chr10	72833819	73033819	harbor2	chr10	72846343	72846674	DNA/TcMar-Tigger	2378	+	166	72846509	12690
chr10	72833819	73033819	harbor2	chr10	72847487	72847608	DNA/TcMar-Tigger	642	+	60	72847547	13728
chr10	72833819	73033819	harbor2	chr10	72863515	72863619	DNA/TcMar-Tigger	4948	+	52	72863567	29748
chr10	72833819	73033819	harbor2	chr10	72863912	72864733	DNA/TcMar-Tigger	4948	+	410	72864322	30503
chr10	72833819	73033819	harbor2	chr10	72869205	72869302	DNA/TcMar-Tigger	1072	+	48	72869253	35434
chr10	72833819	73033819	harbor2	chr10	72869607	72869855	DNA/TcMar-Tigger	1072	+	124	72869731	35912
chr10	72833819	73033819	harbor2	chr10	72928075	72928357	DNA/TcMar-Tigger	580	+	141	72928216	94397
chr10	106547378	106747378	harbor2	chr10	106570152	106570766	DNA/TcMar-Tigger	2752	+	307	106570459	23081
chr10	73977799	74177799	harbor2	chr10	73982986	73983336	DNA/TcMar-Tigger	2137	+	175	73983161	5362
chr10	73977799	74177799	harbor2	chr10	74006560	74006895	DNA/TcMar-Tigger	1880	+	168	74006728	28929
chr10	73977799	74177799	harbor2	chr10	74023160	74023474	DNA/TcMar-Tigger	1852	+	157	74023317	45518
chr10	73977799	74177799	harbor2	chr10	74035751	74036084	DNA/TcMar-Tigger	2008	+	166	74035917	58118
chr10	132868375	133068375	harbor2	chr10	132869910	132871979	DNA/TcMar-Tigger	11661	+	1034	132870944	2569
chr10	132868375	133068375	harbor2	chr10	132871986	132872186	DNA/TcMar-Tigger	930	+	100	132872086	3711
chr10	51876603	52076603	harbor2	chr10	51937781	51938431	DNA/TcMar-Tigger	3604	+	325	51938106	61503
chr10	51876603	52076603	harbor2	chr10	51955671	51956341	DNA/TcMar-Tigger	1579	+	335	51956006	79403
chr10	127336351	127536351	harbor2	chr10	127344921	127345205	DNA/TcMar-Tigger	1375	+	142	127345063	8712
chr10	116926452	117126452	harbor2	chr10	116931977	116932202	DNA/TcMar-Tigger	2276	+	112	116932089	5637
chr10	116926452	117126452	harbor2	chr10	116998320	116998661	DNA/TcMar-Tigger	1881	+	170	116998490	72038
chr10	116926452	117126452	harbor2	chr10	116932547	116932739	DNA/TcMar-Tigger	2276	+	96	116932643	6191
chr10	54670085	54870085	harbor2	chr10	54690029	54690310	DNA/TcMar-Tigger	1810	+	140	54690169	20084
chr10	54670085	54870085	harbor2	chr10	54690613	54690665	DNA/TcMar-Tigger	1810	+	26	54690639	20554
chr10	54670085	54870085	harbor2	chr10	54694423	54695004	DNA/TcMar-Tigger	10936	+	290	54694713	24628
chr10	54670085	54870085	harbor2	chr10	54695226	54696610	DNA/TcMar-Tigger	10936	+	692	54695918	25833
chr10	54670085	54870085	harbor2	chr10	54746942	54747027	DNA/TcMar-Tigger	454	+	42	54746984	76899
chr10	54670085	54870085	harbor2	chr10	54758186	54758460	DNA/TcMar-Tigger	1295	+	137	54758323	88238
chr10	127076241	127276241	harbor2	chr10	127150459	127151076	DNA/TcMar-Tigger	759	+	308	127150767	74526
chr10	127076241	127276241	harbor2	chr10	127159613	127160205	DNA/TcMar-Tigger	653	+	296	127159909	83668
chr10	132846357	133046357	harbor2	chr10	132869910	132871979	DNA/TcMar-Tigger	11661	+	1034	132870944	24587
chr10	132846357	133046357	harbor2	chr10	132871986	132872186	DNA/TcMar-Tigger	930	+	100	132872086	25729
chr10	73356590	73556590	harbor2	chr10	73418291	73418485	DNA/TcMar-Tigger	699	+	97	73418388	61798
chr10	73356590	73556590	harbor2	chr10	73421370	73421444	DNA/TcMar-Tigger	544	+	37	73421407	64817
chr10	73356590	73556590	harbor2	chr10	73421438	73421555	DNA/TcMar-Tigger	660	+	58	73421496	64906
chr10	129017222	129217222	harbor2	chr10	129085540	129085649	DNA/TcMar-Tigger	482	+	54	129085594	68372
chr10	129017222	129217222	harbor2	chr10	129085651	129086359	DNA/TcMar-Tigger	3961	+	354	129086005	68783
chr10	129017222	129217222	harbor2	chr10	129115672	129116014	DNA/TcMar-Tigger	2004	+	171	129115843	98621
chr10	94359759	94559759	harbor2	chr10	94423883	94424206	DNA/TcMar-Tigger	1944	+	162	94424045	64286
chr10	94359759	94559759	harbor2	chr10	94453276	94453629	DNA/TcMar-Tigger	1216	+	176	94453452	93693
chr10	93703293	93903293	harbor2	chr10	93742884	93743147	DNA/TcMar-Tigger	1645	+	132	93743016	39723
chr10	110135988	110335988	harbor2	chr10	110188389	110188718	DNA/TcMar-Tigger	1976	+	164	110188553	52565
chr10	74338582	74538582	harbor2	chr10	74367515	74367947	DNA/TcMar-Tigger	2027	+	216	74367731	29149
chr10	74338582	74538582	harbor2	chr10	74367984	74368144	DNA/TcMar-Tigger	505	+	80	74368064	29482
chr10	124541250	124741250	harbor2	chr10	124584800	124585150	DNA/TcMar-Tigger	1783	+	175	124584975	43725
chr10	117107575	117307575	harbor2	chr10	117146633	117146812	DNA/TcMar-Tigger	468	+	90	117146723	39148
chr10	117107575	117307575	harbor2	chr10	117147279	117147638	DNA/TcMar-Tigger	671	+	180	117147459	39884
chr10	36389931	36589931	harbor2	chr10	36408432	36408698	DNA/TcMar-Tigger	1436	+	133	36408565	18634
chr10	112408909	112608909	harbor2	chr10	112505966	112506029	DNA/TcMar-Tigger	946	+	32	112505998	97089
chr10	112408909	112608909	harbor2	chr10	112506342	112506442	DNA/TcMar-Tigger	946	+	50	112506392	97483
chr10	107029040	107229040	harbor2	chr10	107036227	107036415	DNA/TcMar-Tigger	969	+	94	107036321	7281
chr10	85316891	85516891	harbor2	chr10	85352588	85352686	DNA/TcMar-Tigger	600	+	49	85352637	35746
chr10	85316891	85516891	harbor2	chr10	85352688	85352767	DNA/TcMar-Tigger	4201	+	40	85352728	35837
chr10	85316891	85516891	harbor2	chr10	85353070	85353255	DNA/TcMar-Tigger	4201	+	92	85353162	36271
chr10	85316891	85516891	harbor2	chr10	85353651	85354310	DNA/TcMar-Tigger	4201	+	330	85353981	37090
chr10	129250848	129450848	harbor2	chr10	129347019	129347247	DNA/TcMar-Tigger	833	+	114	129347133	96285
chr10	102833597	103033597	harbor2	chr10	102856126	102856270	DNA/TcMar-Tigger	1655	+	72	102856198	22601
chr10	102833597	103033597	harbor2	chr10	102856403	102856823	DNA/TcMar-Tigger	1655	+	210	102856613	23016
chr10	92875019	93075019	harbor2	chr10	92970184	92970511	DNA/TcMar-Tigger	2031	+	164	92970348	95329
chr10	70548916	70748916	harbor2	chr10	70629064	70629608	DNA/TcMar-Tigger	3511	+	272	70629336	80420
chr10	70548916	70748916	harbor2	chr10	70629907	70630465	DNA/TcMar-Tigger	3429	+	279	70630186	81270
chr10	70548916	70748916	harbor2	chr10	70632023	70632111	DNA/TcMar-Tigger	631	+	44	70632067	83151
chr10	70548916	70748916	harbor2	chr10	70632249	70633610	DNA/TcMar-Tigger	9084	+	680	70632929	84013
chr10	113662521	113862521	harbor2	chr10	113701262	113701299	DNA/TcMar-Tigger	11680	+	18	113701280	38759
chr10	113662521	113862521	harbor2	chr10	113701615	113703583	DNA/TcMar-Tigger	11680	+	984	113702599	40078
chr10	113662521	113862521	harbor2	chr10	113703820	113704280	DNA/TcMar-Tigger	2656	+	230	113704050	41529
chr10	14097671	14297671	harbor2	chr10	14113196	14113641	DNA/TcMar-Tigger	2506	+	222	14113418	15747
chr10	119935140	120135140	harbor2	chr10	120029842	120030160	DNA/TcMar-Tigger	1710	+	159	120030001	94861
chr10	101368209	101568209	harbor2	chr10	101412595	101413110	DNA/TcMar-Tigger	2547	+	258	101412853	44644
chr10	101368209	101568209	harbor2	chr10	101413614	101413747	DNA/TcMar-Tigger	581	+	66	101413680	45471
chr10	101368209	101568209	harbor2	chr10	101414218	101415170	DNA/TcMar-Tigger	6602	+	476	101414694	46485
chr10	101368209	101568209	harbor2	chr10	101415440	101415461	DNA/TcMar-Tigger	6602	+	10	101415450	47241
chr10	101368209	101568209	harbor2	chr10	101415841	101416106	DNA/TcMar-Tigger	6602	+	132	101415973	47764
chr10	132714509	132914509	harbor2	chr10	132756429	132757609	DNA/TcMar-Tigger	3995	+	590	132757019	42510
chr10	116487021	116687021	harbor2	chr10	116517951	116518446	DNA/TcMar-Tigger	2561	+	248	116518199	31178
chr10	116487021	116687021	harbor2	chr10	116538441	116539137	DNA/TcMar-Tigger	2626	+	348	116538789	51768
chr10	116487021	116687021	harbor2	chr10	116551925	116552604	DNA/TcMar-Tigger	6277	+	340	116552265	65244
chr10	116487021	116687021	harbor2	chr10	116552912	116553107	DNA/TcMar-Tigger	6277	+	98	116553010	65989
chr10	116487021	116687021	harbor2	chr10	116553405	116553688	DNA/TcMar-Tigger	6277	+	142	116553547	66526
chr10	133505207	133705207	harbor2	chr10	133506808	133507136	DNA/TcMar-Tigger	1168	+	164	133506972	1765
chr10	106143184	106343184	harbor2	chr10	106145625	106146193	DNA/TcMar-Tigger	2423	+	284	106145909	2725
chr10	106143184	106343184	harbor2	chr10	106146191	106146275	DNA/TcMar-Tigger	409	+	42	106146233	3049
chr10	106143184	106343184	harbor2	chr10	106154497	106154669	DNA/TcMar-Tigger	936	+	86	106154583	11399
chr10	106143184	106343184	harbor2	chr10	106164034	106164130	DNA/TcMar-Tigger	567	+	48	106164082	20898
chr10	80861833	81061833	harbor2	chr10	80911152	80911380	DNA/TcMar-Tigger	1019	+	114	80911266	49433
chr10	80861833	81061833	harbor2	chr10	80925721	80926260	DNA/TcMar-Tigger	3181	+	270	80925991	64158
chr10	80861833	81061833	harbor2	chr10	80935317	80935690	DNA/TcMar-Tigger	2189	+	186	80935503	73670
chr10	121155520	121355520	harbor2	chr10	121174780	121175097	DNA/TcMar-Tigger	1917	+	158	121174938	19418
chr10	121155520	121355520	harbor2	chr10	121197206	121197614	DNA/TcMar-Tigger	1011	+	204	121197410	41890
chr10	121155520	121355520	harbor2	chr10	121231541	121231846	DNA/TcMar-Tigger	1585	+	152	121231693	76173
chr10	73935508	74135508	harbor2	chr10	73982986	73983336	DNA/TcMar-Tigger	2137	+	175	73983161	47653
chr10	73935508	74135508	harbor2	chr10	74006560	74006895	DNA/TcMar-Tigger	1880	+	168	74006728	71220
chr10	73935508	74135508	harbor2	chr10	74023160	74023474	DNA/TcMar-Tigger	1852	+	157	74023317	87809
chr10	116809507	117009507	harbor2	chr10	116830913	116831089	DNA/TcMar-Tigger	878	+	88	116831001	21494
chr10	97498082	97698082	harbor2	chr10	97554912	97555175	DNA/TcMar-Tigger	414	+	132	97555044	56962
chr10	80830817	81030817	harbor2	chr10	80854162	80854496	DNA/TcMar-Tigger	1855	+	167	80854329	23512
chr10	80830817	81030817	harbor2	chr10	80911152	80911380	DNA/TcMar-Tigger	1019	+	114	80911266	80449
chr10	80830817	81030817	harbor2	chr10	80925721	80926260	DNA/TcMar-Tigger	3181	+	270	80925991	95174
chr10	94435153	94635153	harbor2	chr10	94453276	94453629	DNA/TcMar-Tigger	1216	+	176	94453452	18299
chr10	94435153	94635153	harbor2	chr10	94491508	94492297	DNA/TcMar-Tigger	3582	+	394	94491902	56749
chr10	96788065	96988065	harbor2	chr10	96809765	96809995	DNA/TcMar-Tigger	1422	+	115	96809880	21815
chr10	96788065	96988065	harbor2	chr10	96809996	96810228	DNA/TcMar-Tigger	1423	+	116	96810112	22047
chr10	96788065	96988065	harbor2	chr10	96810229	96810312	DNA/TcMar-Tigger	1422	+	42	96810271	22206
chr10	96788065	96988065	harbor2	chr10	96849510	96850487	DNA/TcMar-Tigger	8867	+	488	96849998	61933
chr10	96788065	96988065	harbor2	chr10	96850747	96851442	DNA/TcMar-Tigger	8867	+	348	96851095	63030
chr10	96788065	96988065	harbor2	chr10	96851442	96852134	DNA/TcMar-Tigger	5196	+	346	96851788	63723
chr10	96788065	96988065	harbor2	chr10	96852439	96852625	DNA/TcMar-Tigger	5196	+	93	96852532	64467
chr10	96788065	96988065	harbor2	chr10	96864623	96864947	DNA/TcMar-Tigger	1989	+	162	96864785	76720
chr10	105917178	106117178	harbor2	chr10	105962361	105962561	DNA/TcMar-Tigger	997	+	100	105962461	45283
chr10	105917178	106117178	harbor2	chr10	105962563	105962635	DNA/TcMar-Tigger	483	+	36	105962599	45421
chr10	127281110	127481110	harbor2	chr10	127311558	127311641	DNA/TcMar-Tigger	806	+	42	127311600	30490
chr10	127281110	127481110	harbor2	chr10	127344921	127345205	DNA/TcMar-Tigger	1375	+	142	127345063	63953
chr10	65015027	65215027	harbor2	chr10	65030004	65030235	DNA/TcMar-Tigger	942	+	116	65030120	15093
chr10	78359505	78559505	harbor2	chr10	78391914	78392244	DNA/TcMar-Tigger	1891	+	165	78392079	32574
chr10	80991778	81191778	harbor2	chr10	81006470	81006885	DNA/TcMar-Tigger	2252	+	208	81006678	14900
chr10	80991778	81191778	harbor2	chr10	81025979	81026310	DNA/TcMar-Tigger	1705	+	166	81026145	34367
chr10	121493930	121693930	harbor2	chr10	121507849	121508175	DNA/TcMar-Tigger	1199	+	163	121508012	14082
chr10	114531574	114731574	harbor2	chr10	114535771	114535996	DNA/TcMar-Tigger	1045	+	112	114535883	4309
chr10	114531574	114731574	harbor2	chr10	114560330	114560707	DNA/TcMar-Tigger	1810	+	188	114560518	28944
chr10	114531574	114731574	harbor2	chr10	114588940	114589050	DNA/TcMar-Tigger	700	+	55	114588995	57421
chr10	114531574	114731574	harbor2	chr10	114589047	114589188	DNA/TcMar-Tigger	626	+	70	114589117	57543
chr10	114531574	114731574	harbor2	chr10	114589219	114589235	DNA/TcMar-Tigger	626	+	8	114589227	57653
chr10	114531574	114731574	harbor2	chr10	114589733	114590292	DNA/TcMar-Tigger	3510	+	280	114590013	58439
chr10	114531574	114731574	harbor2	chr10	114591822	114591991	DNA/TcMar-Tigger	409	+	84	114591906	60332
chr10	114531574	114731574	harbor2	chr10	114622653	114622845	DNA/TcMar-Tigger	1138	+	96	114622749	91175
chr10	122882476	123082476	harbor2	chr10	122892302	122892475	DNA/TcMar-Tigger	893	+	86	122892388	9912
chr10	122882476	123082476	harbor2	chr10	122892476	122892576	DNA/TcMar-Tigger	484	+	50	122892526	10050
chr10	122882476	123082476	harbor2	chr10	122946115	122946564	DNA/TcMar-Tigger	5761	+	224	122946339	63863
chr10	122882476	123082476	harbor2	chr10	122945114	122945810	DNA/TcMar-Tigger	5761	+	348	122945462	62986
chr10	122727500	122927500	harbor2	chr10	122790889	122791234	DNA/TcMar-Tigger	2019	+	172	122791061	63561
chr10	132563727	132763727	harbor2	chr10	132585279	132585591	DNA/TcMar-Tigger	1207	+	156	132585435	21708
chr10	94144607	94344607	harbor2	chr10	94173661	94174033	DNA/TcMar-Tigger	976	+	186	94173847	29240
chr11	115587420	115787420	harbor2	chr11	115595749	115595935	DNA/TcMar-Tigger	1000	+	93	115595842	8422
chr11	115587420	115787420	harbor2	chr11	115597771	115598095	DNA/TcMar-Tigger	1419	+	162	115597933	10513
chr11	105728734	105928734	harbor2	chr11	105771686	105772638	DNA/TcMar-Tigger	5016	+	476	105772162	43428
chr11	131569515	131769515	harbor2	chr11	131634981	131635152	DNA/TcMar-Tigger	946	+	86	131635067	65552
chr11	131569515	131769515	harbor2	chr11	131635195	131636095	DNA/TcMar-Tigger	4697	+	450	131635645	66130
chr11	95035374	95235374	harbor2	chr11	95063305	95064334	DNA/TcMar-Tigger	5838	+	514	95063819	28445
chr11	109933823	110133823	harbor2	chr11	109983887	109984219	DNA/TcMar-Tigger	933	+	166	109984053	50230
chr11	126051486	126251486	harbor2	chr11	126052449	126052540	DNA/TcMar-Tigger	980	+	46	126052495	1009
chr11	126051486	126251486	harbor2	chr11	126052853	126053052	DNA/TcMar-Tigger	980	+	100	126052953	1467
chr11	121971062	122171062	harbor2	chr11	122035413	122035719	DNA/TcMar-Tigger	865	+	153	122035566	64504
chr11	121971062	122171062	harbor2	chr11	122062911	122063059	DNA/TcMar-Tigger	549	+	74	122062985	91923
chr11	115243455	115443455	harbor2	chr11	115303472	115303598	DNA/TcMar-Tigger	443	+	63	115303535	60080
chr11	115243455	115443455	harbor2	chr11	115306109	115306448	DNA/TcMar-Tigger	2301	+	170	115306279	62824
chr11	115243455	115443455	harbor2	chr11	115334374	115334710	DNA/TcMar-Tigger	1694	+	168	115334542	91087
chr11	132542821	132742821	harbor2	chr11	132553666	132553777	DNA/TcMar-Tigger	370	+	56	132553722	10901
chr11	132542821	132742821	harbor2	chr11	132615441	132615744	DNA/TcMar-Tigger	1113	+	152	132615593	72772
chr11	131381073	131581073	harbor2	chr11	131454081	131454382	DNA/TcMar-Tigger	1651	+	150	131454231	73158
chr11	107535726	107735726	harbor2	chr11	107543447	107544089	DNA/TcMar-Tigger	1343	+	321	107543768	8042
chr11	107535726	107735726	harbor2	chr11	107545556	107545928	DNA/TcMar-Tigger	1026	+	186	107545742	10016
chr11	107535726	107735726	harbor2	chr11	107545954	107546247	DNA/TcMar-Tigger	830	+	146	107546100	10374
chr11	107535726	107735726	harbor2	chr11	107632898	107633190	DNA/TcMar-Tigger	1678	+	146	107633044	97318
chr11	102565532	102765532	harbor2	chr11	102583339	102583683	DNA/TcMar-Tigger	1929	+	172	102583511	17979
chr11	129616325	129816325	harbor2	chr11	129708818	129709141	DNA/TcMar-Tigger	675	+	162	129708980	92655
chr11	77042675	77242675	harbor2	chr11	77140938	77141220	DNA/TcMar-Tigger	1251	+	141	77141079	98404
chr11	91654982	91854982	harbor2	chr11	91665187	91665401	DNA/TcMar-Tigger	1132	+	107	91665294	10312
chr11	91654982	91854982	harbor2	chr11	91665458	91665535	DNA/TcMar-Tigger	1132	+	38	91665496	10514
chr11	106123776	106323776	harbor2	chr11	106215674	106216016	DNA/TcMar-Tigger	1346	+	171	106215845	92069
chr11	126031673	126231673	harbor2	chr11	126052449	126052540	DNA/TcMar-Tigger	980	+	46	126052495	20822
chr11	126031673	126231673	harbor2	chr11	126052853	126053052	DNA/TcMar-Tigger	980	+	100	126052953	21280
chr11	110321497	110521497	harbor2	chr11	110414229	110414642	DNA/TcMar-Tigger	5713	+	206	110414435	92938
chr11	110321497	110521497	harbor2	chr11	110414957	110415646	DNA/TcMar-Tigger	5713	+	344	110415301	93804
chr11	21886649	22086649	harbor2	chr11	21938200	21939302	DNA/TcMar-Tigger	7108	+	551	21938751	52102
chr11	133218066	133418066	harbor2	chr11	133229335	133229465	DNA/TcMar-Tigger	721	+	65	133229400	11334
chr11	133218066	133418066	harbor2	chr11	133229576	133229671	DNA/TcMar-Tigger	444	+	48	133229624	11558
chr11	133218066	133418066	harbor2	chr11	133229655	133229767	DNA/TcMar-Tigger	511	+	56	133229711	11645
chr11	133218066	133418066	harbor2	chr11	133263262	133263616	DNA/TcMar-Tigger	1718	+	177	133263439	45373
chr11	79313885	79513885	harbor2	chr11	79391537	79391854	DNA/TcMar-Tigger	1261	+	158	79391695	77810
chr11	74498650	74698650	harbor2	chr11	74501394	74501498	DNA/TcMar-Tigger	678	+	52	74501446	2796
chr11	74498650	74698650	harbor2	chr11	74501493	74501984	DNA/TcMar-Tigger	2430	+	246	74501739	3089
chr11	74498650	74698650	harbor2	chr11	74525947	74526224	DNA/TcMar-Tigger	1470	+	138	74526085	27435
chr11	74498650	74698650	harbor2	chr11	74530354	74530683	DNA/TcMar-Tigger	1662	+	164	74530518	31868
chr11	74498650	74698650	harbor2	chr11	74530820	74530967	DNA/TcMar-Tigger	1612	+	74	74530894	32244
chr11	74498650	74698650	harbor2	chr11	74531430	74531565	DNA/TcMar-Tigger	1612	+	68	74531498	32848
chr11	74498650	74698650	harbor2	chr11	74592208	74592434	DNA/TcMar-Tigger	1053	+	113	74592321	93671
chr11	66306005	66506005	harbor2	chr11	66353613	66353950	DNA/TcMar-Tigger	2162	+	168	66353781	47776
chr11	66306005	66506005	harbor2	chr11	66354221	66354802	DNA/TcMar-Tigger	4487	+	290	66354511	48506
chr11	66306005	66506005	harbor2	chr11	66355484	66355584	DNA/TcMar-Tigger	4487	+	50	66355534	49529
chr11	66306005	66506005	harbor2	chr11	66355115	66355206	DNA/TcMar-Tigger	4487	+	46	66355161	49156
chr11	102830611	103030611	harbor2	chr11	102832593	102832982	DNA/TcMar-Tigger	3134	+	194	102832787	2176
chr11	102830611	103030611	harbor2	chr11	102833294	102833487	DNA/TcMar-Tigger	3134	+	96	102833390	2779
chr11	124337190	124537190	harbor2	chr11	124344757	124345751	DNA/TcMar-Tigger	12934	+	497	124345254	8064
chr11	124337190	124537190	harbor2	chr11	124346062	124347141	DNA/TcMar-Tigger	12934	+	540	124346602	9412
chr11	124337190	124537190	harbor2	chr11	124427847	124427993	DNA/TcMar-Tigger	685	+	73	124427920	90730
chr11	114899611	115099611	harbor2	chr11	114979584	114980213	DNA/TcMar-Tigger	6579	+	314	114979898	80287
chr11	114899611	115099611	harbor2	chr11	114980519	114981109	DNA/TcMar-Tigger	6579	+	295	114980814	81203
chr11	96041429	96241429	harbor2	chr11	96078356	96078498	DNA/TcMar-Tigger	421	+	71	96078427	36998
chr11	82529450	82729450	harbor2	chr11	82530318	82530539	DNA/TcMar-Tigger	734	+	110	82530428	978
chr11	82529450	82729450	harbor2	chr11	82532492	82532938	DNA/TcMar-Tigger	845	+	223	82532715	3265
chr11	82529450	82729450	harbor2	chr11	82594763	82595098	DNA/TcMar-Tigger	1897	+	168	82594931	65481
chr11	130353639	130553639	harbor2	chr11	130398897	130398994	DNA/TcMar-Tigger	432	+	48	130398945	45306
chr11	89942535	90142535	harbor2	chr11	89953044	89953397	DNA/TcMar-Tigger	1587	+	176	89953220	10685
chr11	89942535	90142535	harbor2	chr11	89967693	89967784	DNA/TcMar-Tigger	1058	+	46	89967739	25204
chr11	89942535	90142535	harbor2	chr11	89968080	89968317	DNA/TcMar-Tigger	1058	+	118	89968198	25663
chr11	89942535	90142535	harbor2	chr11	90003893	90004596	DNA/TcMar-Tigger	2748	+	352	90004245	61710
chr11	89942535	90142535	harbor2	chr11	90004599	90004694	DNA/TcMar-Tigger	525	+	48	90004647	62112
chr11	89942535	90142535	harbor2	chr11	90008005	90008112	DNA/TcMar-Tigger	557	+	54	90008059	65524
chr11	89942535	90142535	harbor2	chr11	90021280	90021347	DNA/TcMar-Tigger	384	+	34	90021314	78779
chr11	89942535	90142535	harbor2	chr11	90021332	90021770	DNA/TcMar-Tigger	1930	+	219	90021551	79016
chr11	89942535	90142535	harbor2	chr11	90031438	90031548	DNA/TcMar-Tigger	402	+	55	90031493	88958
chr11	89942535	90142535	harbor2	chr11	90033380	90033661	DNA/TcMar-Tigger	1565	+	140	90033520	90985
chr11	89942535	90142535	harbor2	chr11	90033976	90034026	DNA/TcMar-Tigger	1565	+	25	90034001	91466
chr11	100170805	100370805	harbor2	chr11	100205692	100205892	DNA/TcMar-Tigger	1113	+	100	100205792	34987
chr11	100170805	100370805	harbor2	chr11	100216610	100216892	DNA/TcMar-Tigger	453	+	141	100216751	45946
chr11	100170805	100370805	harbor2	chr11	100217441	100217906	DNA/TcMar-Tigger	1665	+	232	100217673	46868
chr11	130516266	130716266	harbor2	chr11	130521938	130522075	DNA/TcMar-Tigger	487	+	68	130522006	5740
chr11	130516266	130716266	harbor2	chr11	130595055	130595271	DNA/TcMar-Tigger	1273	+	108	130595163	78897
chr11	117881882	118081882	harbor2	chr11	117889482	117889635	DNA/TcMar-Tigger	771	+	76	117889558	7676
chr11	117881882	118081882	harbor2	chr11	117889640	117889839	DNA/TcMar-Tigger	1171	+	100	117889740	7858
chr11	117881882	118081882	harbor2	chr11	117889982	117890061	DNA/TcMar-Tigger	430	+	40	117890022	8140
chr11	107800525	108000525	harbor2	chr11	107861015	107861328	DNA/TcMar-Tigger	1712	+	156	107861171	60646
chr11	107800525	108000525	harbor2	chr11	107890279	107890511	DNA/TcMar-Tigger	502	+	116	107890395	89870
chr11	73234538	73434538	harbor2	chr11	73246613	73247046	DNA/TcMar-Tigger	2751	+	216	73246829	12291
chr11	103565830	103765830	harbor2	chr11	103657386	103657725	DNA/TcMar-Tigger	1843	+	170	103657556	91726
chr11	120334298	120534298	harbor2	chr11	120348391	120348559	DNA/TcMar-Tigger	1744	+	84	120348475	14177
chr11	120334298	120534298	harbor2	chr11	120348863	120349034	DNA/TcMar-Tigger	1744	+	86	120348949	14651
chr11	120334298	120534298	harbor2	chr11	120362474	120362662	DNA/TcMar-Tigger	427	+	94	120362568	28270
chr11	120334298	120534298	harbor2	chr11	120362693	120362819	DNA/TcMar-Tigger	1067	+	63	120362756	28458
chr11	120334298	120534298	harbor2	chr11	120363127	120363283	DNA/TcMar-Tigger	1067	+	78	120363205	28907
chr11	120334298	120534298	harbor2	chr11	120422154	120422286	DNA/TcMar-Tigger	1780	+	66	120422220	87922
chr11	120334298	120534298	harbor2	chr11	120422458	120422685	DNA/TcMar-Tigger	1780	+	114	120422572	88274
chr11	121465489	121665489	harbor2	chr11	121534218	121534496	DNA/TcMar-Tigger	518	+	139	121534357	68868
chr11	121465489	121665489	harbor2	chr11	121554459	121555027	DNA/TcMar-Tigger	1259	+	284	121554743	89254
chr11	121465489	121665489	harbor2	chr11	121562341	121562858	DNA/TcMar-Tigger	2886	+	258	121562599	97110
chr11	133830240	134030240	harbor2	chr11	133869766	133869830	DNA/TcMar-Tigger	1901	+	32	133869798	39558
chr11	133830240	134030240	harbor2	chr11	133870137	133870416	DNA/TcMar-Tigger	1901	+	140	133870277	40037
chr11	133830240	134030240	harbor2	chr11	133921810	133921989	DNA/TcMar-Tigger	539	+	90	133921900	91660
chr11	125433357	125633357	harbor2	chr11	125488102	125488394	DNA/TcMar-Tigger	1572	+	146	125488248	54891
chr11	125433357	125633357	harbor2	chr11	125490292	125490528	DNA/TcMar-Tigger	932	+	118	125490410	57053
chr11	102035105	102235105	harbor2	chr11	102116104	102116433	DNA/TcMar-Tigger	1772	+	164	102116268	81163
chr11	102035105	102235105	harbor2	chr11	102121050	102121155	DNA/TcMar-Tigger	999	+	52	102121102	85997
chr11	102035105	102235105	harbor2	chr11	102121666	102121750	DNA/TcMar-Tigger	460	+	42	102121708	86603
chr11	102035105	102235105	harbor2	chr11	102121467	102121651	DNA/TcMar-Tigger	999	+	92	102121559	86454
chr11	81291438	81491438	harbor2	chr11	81388793	81389024	DNA/TcMar-Tigger	1189	+	116	81388909	97471
chr11	96303532	96503532	harbor2	chr11	96391013	96391641	DNA/TcMar-Tigger	453	+	314	96391327	87795
chr11	134125356	134325356	harbor2	chr11	134199445	134199672	DNA/TcMar-Tigger	1128	+	114	134199559	74203
chr11	127026399	127226399	harbor2	chr11	127060333	127060417	DNA/TcMar-Tigger	598	+	42	127060375	33976
chr11	127026399	127226399	harbor2	chr11	127060510	127060643	DNA/TcMar-Tigger	726	+	66	127060576	34177
chr11	127026399	127226399	harbor2	chr11	127121071	127121863	DNA/TcMar-Tigger	4382	+	396	127121467	95068
chr11	107303657	107503657	harbor2	chr11	107340927	107341290	DNA/TcMar-Tigger	1573	+	182	107341109	37452
chr11	107303657	107503657	harbor2	chr11	107385594	107386104	DNA/TcMar-Tigger	2739	+	255	107385849	82192
chr11	125207210	125407210	harbor2	chr11	125249374	125249719	DNA/TcMar-Tigger	1954	+	172	125249546	42336
chr11	132267467	132467467	harbor2	chr11	132365694	132366204	DNA/TcMar-Tigger	2176	+	255	132365949	98482
chr11	50130739	50330739	harbor2	chr11	50203506	50203835	DNA/TcMar-Tigger	1628	+	164	50203670	72931
chr11	131109189	131309189	harbor2	chr11	131191652	131191816	DNA/TcMar-Tigger	567	+	82	131191734	82545
chr11	134840767	135040767	harbor2	chr11	134894232	134894549	DNA/TcMar-Tigger	1416	+	158	134894390	53623
chr11	119072439	119272439	harbor2	chr11	119091591	119091893	DNA/TcMar-Tigger	1616	+	151	119091742	19303
chr11	119072439	119272439	harbor2	chr11	119141423	119141653	DNA/TcMar-Tigger	1373	+	115	119141538	69099
chr11	119072439	119272439	harbor2	chr11	119141949	119141975	DNA/TcMar-Tigger	1373	+	13	119141962	69523
chr11	119072439	119272439	harbor2	chr11	119142199	119142356	DNA/TcMar-Tigger	852	+	78	119142277	69838
chr11	134811151	135011151	harbor2	chr11	134894232	134894549	DNA/TcMar-Tigger	1416	+	158	134894390	83239
chr11	89793894	89993894	harbor2	chr11	89842978	89843242	DNA/TcMar-Tigger	1768	+	132	89843110	49216
chr11	89793894	89993894	harbor2	chr11	89843557	89843608	DNA/TcMar-Tigger	1768	+	26	89843583	49689
chr11	89793894	89993894	harbor2	chr11	89853605	89853824	DNA/TcMar-Tigger	1032	+	110	89853715	59821
chr11	84027708	84227708	harbor2	chr11	84034112	84034466	DNA/TcMar-Tigger	13600	+	177	84034289	6581
chr11	84027708	84227708	harbor2	chr11	84031724	84033756	DNA/TcMar-Tigger	13600	+	1016	84032740	5032
chr11	101791681	101991681	harbor2	chr11	101833499	101835904	DNA/TcMar-Tigger	13961	+	1202	101834701	43020
chr11	131041936	131241936	harbor2	chr11	131050821	131051456	DNA/TcMar-Tigger	3477	+	318	131051139	9203
chr11	134755098	134955098	harbor2	chr11	134796036	134796142	DNA/TcMar-Tigger	1463	+	53	134796089	40991
chr11	134755098	134955098	harbor2	chr11	134796460	134796702	DNA/TcMar-Tigger	1463	+	121	134796581	41483
chr11	111268056	111468056	harbor2	chr11	111280357	111281068	DNA/TcMar-Tigger	4046	+	356	111280713	12657
chr11	111268056	111468056	harbor2	chr11	111328883	111329119	DNA/TcMar-Tigger	1307	+	118	111329001	60945
chr11	125481315	125681315	harbor2	chr11	125488102	125488394	DNA/TcMar-Tigger	1572	+	146	125488248	6933
chr11	125481315	125681315	harbor2	chr11	125490292	125490528	DNA/TcMar-Tigger	932	+	118	125490410	9095
chr11	130506283	130706283	harbor2	chr11	130521938	130522075	DNA/TcMar-Tigger	487	+	68	130522006	15723
chr11	130506283	130706283	harbor2	chr11	130595055	130595271	DNA/TcMar-Tigger	1273	+	108	130595163	88880
chr11	120339062	120539062	harbor2	chr11	120348391	120348559	DNA/TcMar-Tigger	1744	+	84	120348475	9413
chr11	120339062	120539062	harbor2	chr11	120348863	120349034	DNA/TcMar-Tigger	1744	+	86	120348949	9887
chr11	120339062	120539062	harbor2	chr11	120362474	120362662	DNA/TcMar-Tigger	427	+	94	120362568	23506
chr11	120339062	120539062	harbor2	chr11	120362693	120362819	DNA/TcMar-Tigger	1067	+	63	120362756	23694
chr11	120339062	120539062	harbor2	chr11	120363127	120363283	DNA/TcMar-Tigger	1067	+	78	120363205	24143
chr11	120339062	120539062	harbor2	chr11	120422154	120422286	DNA/TcMar-Tigger	1780	+	66	120422220	83158
chr11	120339062	120539062	harbor2	chr11	120422458	120422685	DNA/TcMar-Tigger	1780	+	114	120422572	83510
chr11	120339062	120539062	harbor2	chr11	120436539	120436797	DNA/TcMar-Tigger	1545	+	129	120436668	97606
chr11	120339062	120539062	harbor2	chr11	120438788	120438824	DNA/TcMar-Tigger	506	+	18	120438806	99744
chr11	132897692	133097692	harbor2	chr11	132934565	132934857	DNA/TcMar-Tigger	922	+	146	132934711	37019
chr11	132897692	133097692	harbor2	chr11	132935157	132935476	DNA/TcMar-Tigger	922	+	160	132935317	37625
chr11	132897692	133097692	harbor2	chr11	132957544	132959550	DNA/TcMar-Tigger	14193	+	1003	132958547	60855
chr11	130335148	130535148	harbor2	chr11	130398897	130398994	DNA/TcMar-Tigger	432	+	48	130398945	63797
chr11	24674604	24874604	harbor2	chr11	24715175	24715246	DNA/TcMar-Tigger	463	+	36	24715211	40607
chr11	24674604	24874604	harbor2	chr11	24766256	24766786	DNA/TcMar-Tigger	1177	+	265	24766521	91917
chr11	24674604	24874604	harbor2	chr11	24767068	24767199	DNA/TcMar-Tigger	1177	+	66	24767134	92530
chr11	110193500	110393500	harbor2	chr11	110243045	110243303	DNA/TcMar-Tigger	1179	+	129	110243174	49674
chr11	110193500	110393500	harbor2	chr11	110246396	110246492	DNA/TcMar-Tigger	932	+	48	110246444	52944
chr11	110193500	110393500	harbor2	chr11	110246765	110246873	DNA/TcMar-Tigger	932	+	54	110246819	53319
chr11	110193500	110393500	harbor2	chr11	110261857	110261977	DNA/TcMar-Tigger	426	+	60	110261917	68417
chr11	110193500	110393500	harbor2	chr11	110271834	110272174	DNA/TcMar-Tigger	2124	+	170	110272004	78504
chr11	110193500	110393500	harbor2	chr11	110276770	110277072	DNA/TcMar-Tigger	806	+	151	110276921	83421
chr11	25785849	25985849	harbor2	chr11	25852857	25853118	DNA/TcMar-Tigger	548	+	130	25852987	67138
chr11	36334086	36534086	harbor2	chr11	36356452	36358671	DNA/TcMar-Tigger	13618	+	1110	36357562	23476
chr11	36334086	36534086	harbor2	chr11	36407618	36407811	DNA/TcMar-Tigger	401	+	96	36407714	73628
chr11	36334086	36534086	harbor2	chr11	36423937	36424363	DNA/TcMar-Tigger	1019	+	213	36424150	90064
chr11	39441878	39641878	harbor2	chr11	39508601	39508754	DNA/TcMar-Tigger	1980	+	76	39508677	66799
chr11	39441878	39641878	harbor2	chr11	39509076	39509297	DNA/TcMar-Tigger	1980	+	110	39509186	67308
chr11	129314371	129514371	harbor2	chr11	129335618	129335937	DNA/TcMar-Tigger	1600	+	160	129335778	21407
chr11	129314371	129514371	harbor2	chr11	129336241	129336273	DNA/TcMar-Tigger	580	+	16	129336257	21886
chr11	129314371	129514371	harbor2	chr11	129348681	129348759	DNA/TcMar-Tigger	388	+	39	129348720	34349
chr11	129314371	129514371	harbor2	chr11	129348746	129349059	DNA/TcMar-Tigger	1606	+	156	129348902	34531
chr11	96809802	97009802	harbor2	chr11	96908807	96909097	DNA/TcMar-Tigger	783	+	145	96908952	99150
chr11	96809802	97009802	harbor2	chr11	96909263	96909549	DNA/TcMar-Tigger	527	+	143	96909406	99604
chr11	122206826	122406826	harbor2	chr11	122252837	122253162	DNA/TcMar-Tigger	1888	+	162	122252999	46173
chr11	122206826	122406826	harbor2	chr11	122279719	122280095	DNA/TcMar-Tigger	1465	+	188	122279907	73081
chr11	121443829	121643829	harbor2	chr11	121534218	121534496	DNA/TcMar-Tigger	518	+	139	121534357	90528
chr11	119124851	119324851	harbor2	chr11	119141423	119141653	DNA/TcMar-Tigger	1373	+	115	119141538	16687
chr11	119124851	119324851	harbor2	chr11	119141949	119141975	DNA/TcMar-Tigger	1373	+	13	119141962	17111
chr11	119124851	119324851	harbor2	chr11	119142199	119142356	DNA/TcMar-Tigger	852	+	78	119142277	17426
chr11	119124851	119324851	harbor2	chr11	119218429	119218935	DNA/TcMar-Tigger	2230	+	253	119218682	93831
chr11	119124851	119324851	harbor2	chr11	119219062	119219095	DNA/TcMar-Tigger	1130	+	16	119219078	94227
chr11	119124851	119324851	harbor2	chr11	119219407	119219609	DNA/TcMar-Tigger	1130	+	101	119219508	94657
chr11	134227707	134427707	harbor2	chr11	134287178	134287577	DNA/TcMar-Tigger	658	+	200	134287378	59671
chr11	134227707	134427707	harbor2	chr11	134309328	134309522	DNA/TcMar-Tigger	737	+	97	134309425	81718
chr11	72482129	72682129	harbor2	chr11	72513758	72514089	DNA/TcMar-Tigger	2036	+	166	72513924	31795
chr11	72482129	72682129	harbor2	chr11	72573078	72573398	DNA/TcMar-Tigger	1795	+	160	72573238	91109
chr11	126645293	126845293	harbor2	chr11	126660254	126660526	DNA/TcMar-Tigger	570	+	136	126660390	15097
chr11	126645293	126845293	harbor2	chr11	126690186	126690366	DNA/TcMar-Tigger	432	+	90	126690276	44983
chr11	126050602	126250602	harbor2	chr11	126052449	126052540	DNA/TcMar-Tigger	980	+	46	126052495	1893
chr11	126050602	126250602	harbor2	chr11	126052853	126053052	DNA/TcMar-Tigger	980	+	100	126052953	2351
chr11	106969454	107169454	harbor2	chr11	107006740	107006949	DNA/TcMar-Tigger	402	+	104	107006844	37390
chr11	57225564	57425564	harbor2	chr11	57288392	57288794	DNA/TcMar-Tigger	2524	+	201	57288593	63029
chr11	57225564	57425564	harbor2	chr11	57321192	57321319	DNA/TcMar-Tigger	397	+	64	57321256	95692
chr11	88796575	88996575	harbor2	chr11	88843050	88844357	DNA/TcMar-Tigger	11333	+	654	88843704	47129
chr11	88796575	88996575	harbor2	chr11	88844391	88845423	DNA/TcMar-Tigger	11333	+	516	88844907	48332
chr11	88796575	88996575	harbor2	chr11	88845729	88845842	DNA/TcMar-Tigger	11333	+	56	88845785	49210
chr11	127080810	127280810	harbor2	chr11	127121071	127121863	DNA/TcMar-Tigger	4382	+	396	127121467	40657
chr11	129936304	130136304	harbor2	chr11	129941568	129941912	DNA/TcMar-Tigger	2043	+	172	129941740	5436
chr11	129936304	130136304	harbor2	chr11	129968069	129968303	DNA/TcMar-Tigger	556	+	117	129968186	31882
chr11	129936304	130136304	harbor2	chr11	130018030	130018104	DNA/TcMar-Tigger	409	+	37	130018067	81763
chr11	129936304	130136304	harbor2	chr11	130018752	130018922	DNA/TcMar-Tigger	1021	+	85	130018837	82533
chr11	92909724	93109724	harbor2	chr11	92917621	92917941	DNA/TcMar-Tigger	1419	+	160	92917781	8057
chr11	92909724	93109724	harbor2	chr11	93000538	93001005	DNA/TcMar-Tigger	2614	+	234	93000772	91048
chr11	108706522	108906522	harbor2	chr11	108767754	108767825	DNA/TcMar-Tigger	427	+	36	108767790	61268
chr11	108706522	108906522	harbor2	chr11	108767812	108768278	DNA/TcMar-Tigger	2842	+	233	108768045	61523
chr11	126641768	126841768	harbor2	chr11	126660254	126660526	DNA/TcMar-Tigger	570	+	136	126660390	18622
chr11	126641768	126841768	harbor2	chr11	126690186	126690366	DNA/TcMar-Tigger	432	+	90	126690276	48508
chr11	131091737	131291737	harbor2	chr11	131191652	131191816	DNA/TcMar-Tigger	567	+	82	131191734	99997
chr11	124452527	124652527	harbor2	chr11	124463651	124463948	DNA/TcMar-Tigger	1583	+	148	124463799	11272
chr11	127088018	127288018	harbor2	chr11	127121071	127121863	DNA/TcMar-Tigger	4382	+	396	127121467	33449
chr11	127088018	127288018	harbor2	chr11	127186499	127187024	DNA/TcMar-Tigger	2984	+	262	127186761	98743
chr11	128309831	128509831	harbor2	chr11	128313540	128313878	DNA/TcMar-Tigger	1501	+	169	128313709	3878
chr11	128309831	128509831	harbor2	chr11	128372864	128373163	DNA/TcMar-Tigger	752	+	150	128373014	63183
chr11	128309831	128509831	harbor2	chr11	128398029	128398322	DNA/TcMar-Tigger	1761	+	146	128398175	88344
chr11	127243005	127443005	harbor2	chr11	127324134	127324465	DNA/TcMar-Tigger	1963	+	166	127324300	81295
chr11	127243005	127443005	harbor2	chr11	127326400	127326823	DNA/TcMar-Tigger	2575	+	212	127326612	83607
chr11	127243005	127443005	harbor2	chr11	127332030	127332394	DNA/TcMar-Tigger	2033	+	182	127332212	89207
chr11	129162465	129362465	harbor2	chr11	129186283	129186422	DNA/TcMar-Tigger	366	+	70	129186353	23888
chr11	129162465	129362465	harbor2	chr11	129196242	129196589	DNA/TcMar-Tigger	1806	+	174	129196416	33951
chr11	129162465	129362465	harbor2	chr11	129211070	129211364	DNA/TcMar-Tigger	507	+	147	129211217	48752
chr11	129162465	129362465	harbor2	chr11	129214638	129214782	DNA/TcMar-Tigger	593	+	72	129214710	52245
chr11	129162465	129362465	harbor2	chr11	129215047	129215149	DNA/TcMar-Tigger	403	+	51	129215098	52633
chr11	111892459	112092459	harbor2	chr11	111892681	111893323	DNA/TcMar-Tigger	4237	+	321	111893002	543
chr11	111892459	112092459	harbor2	chr11	111893621	111893682	DNA/TcMar-Tigger	4237	+	30	111893651	1192
chr11	111892459	112092459	harbor2	chr11	111895897	111896083	DNA/TcMar-Tigger	634	+	93	111895990	3531
chr11	111892459	112092459	harbor2	chr11	111953858	111953983	DNA/TcMar-Tigger	657	+	62	111953920	61461
chr11	111892459	112092459	harbor2	chr11	111954456	111954654	DNA/TcMar-Tigger	1125	+	99	111954555	62096
chr11	116089504	116289504	harbor2	chr11	116158793	116159139	DNA/TcMar-Tigger	1909	+	173	116158966	69462
chr11	131592850	131792850	harbor2	chr11	131634981	131635152	DNA/TcMar-Tigger	946	+	86	131635067	42217
chr11	131592850	131792850	harbor2	chr11	131635195	131636095	DNA/TcMar-Tigger	4697	+	450	131635645	42795
chr11	132883750	133083750	harbor2	chr11	132887080	132887391	DNA/TcMar-Tigger	1639	+	156	132887236	3486
chr11	132883750	133083750	harbor2	chr11	132934565	132934857	DNA/TcMar-Tigger	922	+	146	132934711	50961
chr11	132883750	133083750	harbor2	chr11	132935157	132935476	DNA/TcMar-Tigger	922	+	160	132935317	51567
chr11	132883750	133083750	harbor2	chr11	132957544	132959550	DNA/TcMar-Tigger	14193	+	1003	132958547	74797
chr11	125890316	126090316	harbor2	chr11	125987003	125987626	DNA/TcMar-Tigger	783	+	312	125987315	96999
chr11	134703317	134903317	harbor2	chr11	134709621	134710789	DNA/TcMar-Tigger	6072	+	584	134710205	6888
chr11	134703317	134903317	harbor2	chr11	134796036	134796142	DNA/TcMar-Tigger	1463	+	53	134796089	92772
chr11	134703317	134903317	harbor2	chr11	134796460	134796702	DNA/TcMar-Tigger	1463	+	121	134796581	93264
chr11	105326011	105526011	harbor2	chr11	105411732	105411801	DNA/TcMar-Tigger	390	+	34	105411766	85755
chr11	85378501	85578501	harbor2	chr11	85451456	85451537	DNA/TcMar-Tigger	503	+	40	85451496	72995
chr11	79608636	79808636	harbor2	chr11	79680975	79681171	DNA/TcMar-Tigger	916	+	98	79681073	72437
chr11	112816776	113016776	harbor2	chr11	112845016	112845240	DNA/TcMar-Tigger	1322	+	112	112845128	28352
chr11	112816776	113016776	harbor2	chr11	112875325	112875509	DNA/TcMar-Tigger	418	+	92	112875417	58641
chr11	112816776	113016776	harbor2	chr11	112903812	112903960	DNA/TcMar-Tigger	2205	+	74	112903886	87110
chr11	112816776	113016776	harbor2	chr11	112904252	112904482	DNA/TcMar-Tigger	2205	+	115	112904367	87591
chr11	122047721	122247721	harbor2	chr11	122062911	122063059	DNA/TcMar-Tigger	549	+	74	122062985	15264
chr11	122047721	122247721	harbor2	chr11	122081696	122081821	DNA/TcMar-Tigger	371	+	62	122081758	34037
chr11	122047721	122247721	harbor2	chr11	122135195	122135615	DNA/TcMar-Tigger	2478	+	210	122135405	87684
chr11	122047721	122247721	harbor2	chr11	122139747	122139909	DNA/TcMar-Tigger	494	+	81	122139828	92107
chr11	122047721	122247721	harbor2	chr11	122140229	122140373	DNA/TcMar-Tigger	494	+	72	122140301	92580
chr11	122047721	122247721	harbor2	chr11	122126168	122126521	DNA/TcMar-Tigger	512	+	176	122126344	78623
chr11	105338520	105538520	harbor2	chr11	105411732	105411801	DNA/TcMar-Tigger	390	+	34	105411766	73246
chr11	105338520	105538520	harbor2	chr11	105432118	105432184	DNA/TcMar-Tigger	521	+	33	105432151	93631
chr11	105338520	105538520	harbor2	chr11	105432611	105432812	DNA/TcMar-Tigger	521	+	100	105432711	94191
chr11	105338520	105538520	harbor2	chr11	105434977	105435281	DNA/TcMar-Tigger	1157	+	152	105435129	96609
chr11	131163137	131363137	harbor2	chr11	131191652	131191816	DNA/TcMar-Tigger	567	+	82	131191734	28597
chr11	131163137	131363137	harbor2	chr11	131251998	131252595	DNA/TcMar-Tigger	1183	+	298	131252296	89159
chr11	133854988	134054988	harbor2	chr11	133869766	133869830	DNA/TcMar-Tigger	1901	+	32	133869798	14810
chr11	133854988	134054988	harbor2	chr11	133870137	133870416	DNA/TcMar-Tigger	1901	+	140	133870277	15289
chr11	133854988	134054988	harbor2	chr11	133921810	133921989	DNA/TcMar-Tigger	539	+	90	133921900	66912
chr11	106528181	106728181	harbor2	chr11	106548998	106549226	DNA/TcMar-Tigger	1127	+	114	106549112	20931
chr11	106892552	107092552	harbor2	chr11	106902648	106902970	DNA/TcMar-Tigger	1815	+	161	106902809	10257
chr11	113179290	113379290	harbor2	chr11	113212880	113213220	DNA/TcMar-Tigger	511	+	170	113213050	33760
chr11	125988263	126188263	harbor2	chr11	126052449	126052540	DNA/TcMar-Tigger	980	+	46	126052495	64232
chr11	125988263	126188263	harbor2	chr11	126052853	126053052	DNA/TcMar-Tigger	980	+	100	126052953	64690
chr11	134192454	134392454	harbor2	chr11	134199445	134199672	DNA/TcMar-Tigger	1128	+	114	134199559	7105
chr11	134192454	134392454	harbor2	chr11	134287178	134287577	DNA/TcMar-Tigger	658	+	200	134287378	94924
chr11	125947387	126147387	harbor2	chr11	125987003	125987626	DNA/TcMar-Tigger	783	+	312	125987315	39928
chr11	36643658	36843658	harbor2	chr11	36649881	36650097	DNA/TcMar-Tigger	1219	+	108	36649989	6331
chr11	130856728	131056728	harbor2	chr11	130927976	130928333	DNA/TcMar-Tigger	2201	+	178	130928154	71426
chr11	130856728	131056728	harbor2	chr11	130945901	130946506	DNA/TcMar-Tigger	3227	+	302	130946203	89475
chr11	120611621	120811621	harbor2	chr11	120700186	120700264	DNA/TcMar-Tigger	1904	+	39	120700225	88604
chr11	120611621	120811621	harbor2	chr11	120700893	120701166	DNA/TcMar-Tigger	1904	+	136	120701029	89408
chr11	71998292	72198292	harbor2	chr11	72030570	72030802	DNA/TcMar-Tigger	397	+	116	72030686	32394
chr11	71998292	72198292	harbor2	chr11	72053743	72054071	DNA/TcMar-Tigger	1748	+	164	72053907	55615
chr11	119225147	119425147	harbor2	chr11	119227033	119227388	DNA/TcMar-Tigger	1894	+	178	119227211	2064
chr11	119225147	119425147	harbor2	chr11	119236871	119237127	DNA/TcMar-Tigger	1277	+	128	119236999	11852
chr11	121865952	122065952	harbor2	chr11	121881092	121881546	DNA/TcMar-Tigger	2485	+	227	121881319	15367
chr11	30448581	30648581	harbor2	chr11	30465718	30465919	DNA/TcMar-Tigger	1185	+	100	30465818	17237
chr11	30448581	30648581	harbor2	chr11	30494382	30494455	DNA/TcMar-Tigger	1315	+	36	30494418	45837
chr11	30448581	30648581	harbor2	chr11	30494768	30495052	DNA/TcMar-Tigger	1315	+	142	30494910	46329
chr11	30448581	30648581	harbor2	chr11	30518180	30518377	DNA/TcMar-Tigger	413	+	98	30518278	69697
chr11	30448581	30648581	harbor2	chr11	30518389	30518747	DNA/TcMar-Tigger	838	+	179	30518568	69987
chr11	82866824	83066824	harbor2	chr11	82871942	82872254	DNA/TcMar-Tigger	1845	+	156	82872098	5274
chr11	134178511	134378511	harbor2	chr11	134199445	134199672	DNA/TcMar-Tigger	1128	+	114	134199559	21048
chr11	127804035	128004035	harbor2	chr11	127834869	127835627	DNA/TcMar-Tigger	4598	+	379	127835248	31213
chr11	103934155	104134155	harbor2	chr11	103943162	103943397	DNA/TcMar-Tigger	1329	+	118	103943280	9125
chr11	103934155	104134155	harbor2	chr11	103960059	103960300	DNA/TcMar-Tigger	433	+	120	103960179	26024
chr11	103934155	104134155	harbor2	chr11	104004241	104004566	DNA/TcMar-Tigger	1557	+	162	104004403	70248
chr11	103934155	104134155	harbor2	chr11	104024447	104024757	DNA/TcMar-Tigger	1596	+	155	104024602	90447
chr11	103934155	104134155	harbor2	chr11	104029906	104030259	DNA/TcMar-Tigger	1966	+	176	104030082	95927
chr11	117252503	117452503	harbor2	chr11	117269737	117269809	DNA/TcMar-Tigger	409	+	36	117269773	17270
chr11	117252503	117452503	harbor2	chr11	117352244	117352574	DNA/TcMar-Tigger	551	+	165	117352409	99906
chr11	131522932	131722932	harbor2	chr11	131527910	131528120	DNA/TcMar-Tigger	1066	+	105	131528015	5083
chr11	124311035	124511035	harbor2	chr11	124328976	124329162	DNA/TcMar-Tigger	1113	+	93	124329069	18034
chr11	124311035	124511035	harbor2	chr11	124344757	124345751	DNA/TcMar-Tigger	12934	+	497	124345254	34219
chr11	124311035	124511035	harbor2	chr11	124346062	124347141	DNA/TcMar-Tigger	12934	+	540	124346602	35567
chr11	94657573	94857573	harbor2	chr11	94660287	94660546	DNA/TcMar-Tigger	624	+	130	94660417	2844
chr11	94657573	94857573	harbor2	chr11	94682951	94683334	DNA/TcMar-Tigger	831	+	192	94683143	25570
chr11	42131070	42331070	harbor2	chr11	42177358	42177546	DNA/TcMar-Tigger	1029	+	94	42177452	46382
chr11	42131070	42331070	harbor2	chr11	42202751	42203152	DNA/TcMar-Tigger	2088	+	200	42202951	71881
chr11	55164410	55364410	harbor2	chr11	55263667	55263732	DNA/TcMar-Tigger	1438	+	32	55263699	99289
chr11	55164410	55364410	harbor2	chr11	55263093	55263375	DNA/TcMar-Tigger	1438	+	141	55263234	98824
chr11	123646098	123846098	harbor2	chr11	123662350	123662540	DNA/TcMar-Tigger	1022	+	95	123662445	16347
chr11	134735334	134935334	harbor2	chr11	134796036	134796142	DNA/TcMar-Tigger	1463	+	53	134796089	60755
chr11	134735334	134935334	harbor2	chr11	134796460	134796702	DNA/TcMar-Tigger	1463	+	121	134796581	61247
chr11	121975182	122175182	harbor2	chr11	122035413	122035719	DNA/TcMar-Tigger	865	+	153	122035566	60384
chr11	121975182	122175182	harbor2	chr11	122062911	122063059	DNA/TcMar-Tigger	549	+	74	122062985	87803
chr11	126764677	126964677	harbor2	chr11	126802371	126802959	DNA/TcMar-Tigger	3232	+	294	126802665	37988
chr11	126764677	126964677	harbor2	chr11	126840525	126841202	DNA/TcMar-Tigger	2612	+	338	126840863	76186
chr11	130927594	131127594	harbor2	chr11	130927976	130928333	DNA/TcMar-Tigger	2201	+	178	130928154	560
chr11	130927594	131127594	harbor2	chr11	130945901	130946506	DNA/TcMar-Tigger	3227	+	302	130946203	18609
chr11	130927594	131127594	harbor2	chr11	131013088	131013482	DNA/TcMar-Tigger	1615	+	197	131013285	85691
chr11	97897428	98097428	harbor2	chr11	97939800	97942205	DNA/TcMar-Tigger	13687	+	1202	97941002	43574
chr11	57033219	57233219	harbor2	chr11	57112524	57112592	DNA/TcMar-Tigger	450	+	34	57112558	79339
chr11	57033219	57233219	harbor2	chr11	57112583	57113015	DNA/TcMar-Tigger	2685	+	216	57112799	79580
chr11	57033219	57233219	harbor2	chr11	57132059	57132138	DNA/TcMar-Tigger	417	+	40	57132099	98880
chr11	108537014	108737014	harbor2	chr11	108539710	108539951	DNA/TcMar-Tigger	1252	+	120	108539830	2816
chr11	68472860	68672860	harbor2	chr11	68477277	68477367	DNA/TcMar-Tigger	591	+	45	68477322	4462
chr11	68472860	68672860	harbor2	chr11	68489500	68489544	DNA/TcMar-Tigger	602	+	22	68489522	16662
chr11	68472860	68672860	harbor2	chr11	68489580	68489665	DNA/TcMar-Tigger	602	+	42	68489622	16762
chr11	68472860	68672860	harbor2	chr11	68489662	68489867	DNA/TcMar-Tigger	943	+	102	68489764	16904
chr11	68472860	68672860	harbor2	chr11	68516204	68516560	DNA/TcMar-Tigger	1753	+	178	68516382	43522
chr11	68472860	68672860	harbor2	chr11	68532572	68532636	DNA/TcMar-Tigger	441	+	32	68532604	59744
chr11	68472860	68672860	harbor2	chr11	68532751	68532986	DNA/TcMar-Tigger	1370	+	118	68532869	60009
chr11	134702523	134902523	harbor2	chr11	134709621	134710789	DNA/TcMar-Tigger	6072	+	584	134710205	7682
chr11	134702523	134902523	harbor2	chr11	134796036	134796142	DNA/TcMar-Tigger	1463	+	53	134796089	93566
chr11	134702523	134902523	harbor2	chr11	134796460	134796702	DNA/TcMar-Tigger	1463	+	121	134796581	94058
chr11	106488846	106688846	harbor2	chr11	106516950	106517269	DNA/TcMar-Tigger	1258	+	160	106517110	28264
chr11	106488846	106688846	harbor2	chr11	106548998	106549226	DNA/TcMar-Tigger	1127	+	114	106549112	60266
chr11	132208572	132408572	harbor2	chr11	132240870	132241226	DNA/TcMar-Tigger	2388	+	178	132241048	32476
chr11	96699014	96899014	harbor2	chr11	96718790	96721440	DNA/TcMar-Tigger	15306	+	1325	96720115	21101
chr11	96699014	96899014	harbor2	chr11	96721736	96721794	DNA/TcMar-Tigger	15306	+	29	96721765	22751
chr11	77900685	78100685	harbor2	chr11	77944658	77944920	DNA/TcMar-Tigger	1319	+	131	77944789	44104
chr11	119118132	119318132	harbor2	chr11	119141423	119141653	DNA/TcMar-Tigger	1373	+	115	119141538	23406
chr11	119118132	119318132	harbor2	chr11	119141949	119141975	DNA/TcMar-Tigger	1373	+	13	119141962	23830
chr11	119118132	119318132	harbor2	chr11	119142199	119142356	DNA/TcMar-Tigger	852	+	78	119142277	24145
chr11	92856785	93056785	harbor2	chr11	92881408	92881595	DNA/TcMar-Tigger	525	+	94	92881502	24717
chr11	92856785	93056785	harbor2	chr11	92882057	92882386	DNA/TcMar-Tigger	1090	+	164	92882221	25436
chr11	92856785	93056785	harbor2	chr11	92917621	92917941	DNA/TcMar-Tigger	1419	+	160	92917781	60996
chr11	92856785	93056785	harbor2	chr11	92897081	92897516	DNA/TcMar-Tigger	2376	+	218	92897299	40514
chr11	74106055	74306055	harbor2	chr11	74111271	74111631	DNA/TcMar-Tigger	2333	+	180	74111451	5396
chr11	74106055	74306055	harbor2	chr11	74159007	74160244	DNA/TcMar-Tigger	7136	+	618	74159625	53570
chr11	74106055	74306055	harbor2	chr11	74189966	74190047	DNA/TcMar-Tigger	430	+	40	74190006	83951
chr11	74106055	74306055	harbor2	chr11	74190042	74190198	DNA/TcMar-Tigger	4820	+	78	74190120	84065
chr11	74106055	74306055	harbor2	chr11	74192935	74193547	DNA/TcMar-Tigger	4820	+	306	74193241	87186
chr11	117821010	118021010	harbor2	chr11	117889482	117889635	DNA/TcMar-Tigger	771	+	76	117889558	68548
chr11	117821010	118021010	harbor2	chr11	117889640	117889839	DNA/TcMar-Tigger	1171	+	100	117889740	68730
chr11	117821010	118021010	harbor2	chr11	117889982	117890061	DNA/TcMar-Tigger	430	+	40	117890022	69012
chr11	119385523	119585523	harbor2	chr11	119436120	119436389	DNA/TcMar-Tigger	1752	+	134	119436254	50731
chr11	119385523	119585523	harbor2	chr11	119454473	119454753	DNA/TcMar-Tigger	1692	+	140	119454613	69090
chr11	70428808	70628808	harbor2	chr11	70450080	70450276	DNA/TcMar-Tigger	1072	+	98	70450178	21370
chr11	72304702	72504702	harbor2	chr11	72361320	72361616	DNA/TcMar-Tigger	563	+	148	72361468	56766
chr11	72304702	72504702	harbor2	chr11	72361610	72361689	DNA/TcMar-Tigger	381	+	40	72361650	56948
chr11	72304702	72504702	harbor2	chr11	72386746	72386987	DNA/TcMar-Tigger	440	+	120	72386866	82164
chr11	81056099	81256099	harbor2	chr11	81091392	81091970	DNA/TcMar-Tigger	2856	+	289	81091681	35582
chr11	128205223	128405223	harbor2	chr11	128282053	128282703	DNA/TcMar-Tigger	2655	+	325	128282378	77155
chr11	100744923	100944923	harbor2	chr11	100780391	100780526	DNA/TcMar-Tigger	429	+	68	100780459	35536
chr11	100744923	100944923	harbor2	chr11	100795981	100796758	DNA/TcMar-Tigger	13535	+	388	100796369	51446
chr11	100744923	100944923	harbor2	chr11	100797067	100798773	DNA/TcMar-Tigger	13535	+	853	100797920	52997
chr11	100744923	100944923	harbor2	chr11	100826279	100826513	DNA/TcMar-Tigger	467	+	117	100826396	81473
chr11	93509214	93709214	harbor2	chr11	93511382	93512206	DNA/TcMar-Tigger	4153	+	412	93511794	2580
chr11	93509214	93709214	harbor2	chr11	93512209	93512800	DNA/TcMar-Tigger	3271	+	296	93512505	3291
chr11	93509214	93709214	harbor2	chr11	93596995	93597322	DNA/TcMar-Tigger	577	+	164	93597159	87945
chr11	49734957	49934957	harbor2	chr11	49752137	49754254	DNA/TcMar-Tigger	12181	+	1058	49753195	18238
chr11	49734957	49934957	harbor2	chr11	49791583	49791721	DNA/TcMar-Tigger	600	+	69	49791652	56695
chr11	49734957	49934957	harbor2	chr11	49799259	49801779	DNA/TcMar-Tigger	13696	+	1260	49800519	65562
chr11	122022191	122222191	harbor2	chr11	122035413	122035719	DNA/TcMar-Tigger	865	+	153	122035566	13375
chr11	122022191	122222191	harbor2	chr11	122062911	122063059	DNA/TcMar-Tigger	549	+	74	122062985	40794
chr11	122022191	122222191	harbor2	chr11	122081696	122081821	DNA/TcMar-Tigger	371	+	62	122081758	59567
chr11	88138487	88338487	harbor2	chr11	88237630	88238030	DNA/TcMar-Tigger	1943	+	200	88237830	99343
chr11	114688660	114888660	harbor2	chr11	114701756	114701994	DNA/TcMar-Tigger	1271	+	119	114701875	13215
chr11	114688660	114888660	harbor2	chr11	114765247	114765403	DNA/TcMar-Tigger	796	+	78	114765325	76665
chr11	114688660	114888660	harbor2	chr11	114765393	114765606	DNA/TcMar-Tigger	1107	+	106	114765499	76839
chr11	114688660	114888660	harbor2	chr11	114785072	114785213	DNA/TcMar-Tigger	372	+	70	114785142	96482
chr11	73380972	73580972	harbor2	chr11	73451544	73451852	DNA/TcMar-Tigger	1878	+	154	73451698	70726
chr11	127044278	127244278	harbor2	chr11	127060333	127060417	DNA/TcMar-Tigger	598	+	42	127060375	16097
chr11	127044278	127244278	harbor2	chr11	127060510	127060643	DNA/TcMar-Tigger	726	+	66	127060576	16298
chr11	127044278	127244278	harbor2	chr11	127121071	127121863	DNA/TcMar-Tigger	4382	+	396	127121467	77189
chr11	134858538	135058538	harbor2	chr11	134894232	134894549	DNA/TcMar-Tigger	1416	+	158	134894390	35852
chr11	104548764	104748764	harbor2	chr11	104554386	104554855	DNA/TcMar-Tigger	2238	+	234	104554620	5856
chr11	104548764	104748764	harbor2	chr11	104555248	104555422	DNA/TcMar-Tigger	774	+	87	104555335	6571
chr11	104548764	104748764	harbor2	chr11	104563125	104563353	DNA/TcMar-Tigger	6937	+	114	104563239	14475
chr11	104548764	104748764	harbor2	chr11	104565491	104566423	DNA/TcMar-Tigger	6937	+	466	104565957	17193
chr11	104548764	104748764	harbor2	chr11	104600083	104600160	DNA/TcMar-Tigger	419	+	38	104600121	51357
chr11	104548764	104748764	harbor2	chr11	104602114	104603182	DNA/TcMar-Tigger	5354	+	534	104602648	53884
chr11	132588900	132788900	harbor2	chr11	132615441	132615744	DNA/TcMar-Tigger	1113	+	152	132615593	26693
chr11	133255352	133455352	harbor2	chr11	133263262	133263616	DNA/TcMar-Tigger	1718	+	177	133263439	8087
chr11	130492466	130692466	harbor2	chr11	130521938	130522075	DNA/TcMar-Tigger	487	+	68	130522006	29540
chr11	104593410	104793410	harbor2	chr11	104600083	104600160	DNA/TcMar-Tigger	419	+	38	104600121	6711
chr11	104593410	104793410	harbor2	chr11	104602114	104603182	DNA/TcMar-Tigger	5354	+	534	104602648	9238
chr11	101939647	102139647	harbor2	chr11	101982760	101985282	DNA/TcMar-Tigger	16612	+	1261	101984021	44374
chr11	101939647	102139647	harbor2	chr11	101985582	101985711	DNA/TcMar-Tigger	16612	+	64	101985646	45999
chr11	132793627	132993627	harbor2	chr11	132795885	132796218	DNA/TcMar-Tigger	1751	+	166	132796051	2424
chr11	132793627	132993627	harbor2	chr11	132871230	132871286	DNA/TcMar-Tigger	1001	+	28	132871258	77631
chr11	132793627	132993627	harbor2	chr11	132871380	132871522	DNA/TcMar-Tigger	1001	+	71	132871451	77824
chr11	132793627	132993627	harbor2	chr11	132871509	132871583	DNA/TcMar-Tigger	429	+	37	132871546	77919
chr11	132793627	132993627	harbor2	chr11	132887080	132887391	DNA/TcMar-Tigger	1639	+	156	132887236	93609
chr11	133820416	134020416	harbor2	chr11	133822381	133822692	DNA/TcMar-Tigger	1339	+	156	133822537	2121
chr11	133820416	134020416	harbor2	chr11	133869766	133869830	DNA/TcMar-Tigger	1901	+	32	133869798	49382
chr11	133820416	134020416	harbor2	chr11	133870137	133870416	DNA/TcMar-Tigger	1901	+	140	133870277	49861
chr11	102144386	102344386	harbor2	chr11	102188486	102188817	DNA/TcMar-Tigger	1827	+	166	102188652	44266
chr11	112134148	112334148	harbor2	chr11	112171036	112171384	DNA/TcMar-Tigger	2014	+	174	112171210	37062
chr11	112134148	112334148	harbor2	chr11	112204455	112204671	DNA/TcMar-Tigger	2562	+	108	112204563	70415
chr11	112134148	112334148	harbor2	chr11	112204965	112205201	DNA/TcMar-Tigger	2562	+	118	112205083	70935
chr11	121472785	121672785	harbor2	chr11	121534218	121534496	DNA/TcMar-Tigger	518	+	139	121534357	61572
chr11	121472785	121672785	harbor2	chr11	121554459	121555027	DNA/TcMar-Tigger	1259	+	284	121554743	81958
chr11	121472785	121672785	harbor2	chr11	121562341	121562858	DNA/TcMar-Tigger	2886	+	258	121562599	89814
chr11	112183940	112383940	harbor2	chr11	112204455	112204671	DNA/TcMar-Tigger	2562	+	108	112204563	20623
chr11	112183940	112383940	harbor2	chr11	112204965	112205201	DNA/TcMar-Tigger	2562	+	118	112205083	21143
chr11	130816546	131016546	harbor2	chr11	130847636	130848293	DNA/TcMar-Tigger	3241	+	328	130847964	31418
chr11	121650782	121850782	harbor2	chr11	121658247	121658323	DNA/TcMar-Tigger	2181	+	38	121658285	7503
chr11	121650782	121850782	harbor2	chr11	121658362	121658619	DNA/TcMar-Tigger	2181	+	128	121658490	7708
chr12	108289208	108489208	harbor2	chr12	108297061	108297496	DNA/TcMar-Tigger	2679	+	218	108297279	8071
chr12	108289208	108489208	harbor2	chr12	108357653	108357820	DNA/TcMar-Tigger	465	+	84	108357737	68529
chr12	114870048	115070048	harbor2	chr12	114913565	114913656	DNA/TcMar-Tigger	497	+	46	114913611	43563
chr12	114870048	115070048	harbor2	chr12	114924381	114925033	DNA/TcMar-Tigger	2167	+	326	114924707	54659
chr12	99676176	99876176	harbor2	chr12	99714357	99714837	DNA/TcMar-Tigger	2887	+	240	99714597	38421
chr12	99676176	99876176	harbor2	chr12	99715159	99715181	DNA/TcMar-Tigger	2887	+	11	99715170	38994
chr12	99676176	99876176	harbor2	chr12	99721738	99722718	DNA/TcMar-Tigger	6480	+	490	99722228	46052
chr12	99676176	99876176	harbor2	chr12	99728941	99729085	DNA/TcMar-Tigger	852	+	72	99729013	52837
chr12	32726335	32926335	harbor2	chr12	32741632	32741944	DNA/TcMar-Tigger	1547	+	156	32741788	15453
chr12	32726335	32926335	harbor2	chr12	32751896	32752179	DNA/TcMar-Tigger	1391	+	142	32752038	25703
chr12	130343067	130543067	harbor2	chr12	130370288	130370587	DNA/TcMar-Tigger	1715	+	150	130370438	27371
chr12	55930913	56130913	harbor2	chr12	55998160	55998260	DNA/TcMar-Tigger	531	+	50	55998210	67297
chr12	55930913	56130913	harbor2	chr12	56000714	56000768	DNA/TcMar-Tigger	1049	+	27	56000741	69828
chr12	55930913	56130913	harbor2	chr12	56001084	56001118	DNA/TcMar-Tigger	1049	+	17	56001101	70188
chr12	55930913	56130913	harbor2	chr12	56001423	56001584	DNA/TcMar-Tigger	1049	+	80	56001503	70590
chr12	129287037	129487037	harbor2	chr12	129361553	129362292	DNA/TcMar-Tigger	828	+	370	129361923	74886
chr12	69880314	70080314	harbor2	chr12	69938472	69938598	DNA/TcMar-Tigger	634	+	63	69938535	58221
chr12	69880314	70080314	harbor2	chr12	69938571	69938699	DNA/TcMar-Tigger	589	+	64	69938635	58321
chr12	69880314	70080314	harbor2	chr12	69944993	69945619	DNA/TcMar-Tigger	3496	+	313	69945306	64992
chr12	102232113	102432113	harbor2	chr12	102257218	102257775	DNA/TcMar-Tigger	2434	+	278	102257496	25383
chr12	114199544	114399544	harbor2	chr12	114252029	114252282	DNA/TcMar-Tigger	642	+	126	114252155	52611
chr12	109829159	110029159	harbor2	chr12	109859532	109859696	DNA/TcMar-Tigger	576	+	82	109859614	30455
chr12	116672089	116872089	harbor2	chr12	116715386	116715630	DNA/TcMar-Tigger	654	+	122	116715508	43419
chr12	116672089	116872089	harbor2	chr12	116725099	116725345	DNA/TcMar-Tigger	1316	+	123	116725222	53133
chr12	116672089	116872089	harbor2	chr12	116725343	116725427	DNA/TcMar-Tigger	492	+	42	116725385	53296
chr12	116672089	116872089	harbor2	chr12	116733110	116733190	DNA/TcMar-Tigger	3757	+	40	116733150	61061
chr12	116672089	116872089	harbor2	chr12	116733484	116733874	DNA/TcMar-Tigger	3757	+	195	116733679	61590
chr12	116672089	116872089	harbor2	chr12	116734177	116734353	DNA/TcMar-Tigger	3757	+	88	116734265	62176
chr12	116672089	116872089	harbor2	chr12	116768421	116768718	DNA/TcMar-Tigger	6712	+	148	116768569	96480
chr12	116672089	116872089	harbor2	chr12	116769027	116769077	DNA/TcMar-Tigger	6712	+	25	116769052	96963
chr12	116672089	116872089	harbor2	chr12	116769353	116769749	DNA/TcMar-Tigger	6712	+	198	116769551	97462
chr12	116672089	116872089	harbor2	chr12	116770052	116770483	DNA/TcMar-Tigger	6712	+	216	116770268	98179
chr12	60797283	60997283	harbor2	chr12	60840399	60840689	DNA/TcMar-Tigger	1485	+	145	60840544	43261
chr12	60797283	60997283	harbor2	chr12	60841106	60841253	DNA/TcMar-Tigger	533	+	74	60841180	43897
chr12	60797283	60997283	harbor2	chr12	60876349	60877676	DNA/TcMar-Tigger	6685	+	664	60877013	79730
chr12	105847551	106047551	harbor2	chr12	105866791	105869145	DNA/TcMar-Tigger	15196	+	1177	105867968	20417
chr12	55201276	55401276	harbor2	chr12	55229955	55230172	DNA/TcMar-Tigger	1342	+	108	55230063	28787
chr12	55201276	55401276	harbor2	chr12	55293091	55293428	DNA/TcMar-Tigger	2036	+	168	55293259	91983
chr12	103345079	103545079	harbor2	chr12	103407320	103407751	DNA/TcMar-Tigger	2469	+	216	103407536	62457
chr12	103345079	103545079	harbor2	chr12	103350138	103350673	DNA/TcMar-Tigger	3026	+	268	103350406	5327
chr12	110540774	110740774	harbor2	chr12	110552112	110552404	DNA/TcMar-Tigger	692	+	146	110552258	11484
chr12	110540774	110740774	harbor2	chr12	110571604	110571730	DNA/TcMar-Tigger	692	+	63	110571667	30893
chr12	129723543	129923543	harbor2	chr12	129740566	129740890	DNA/TcMar-Tigger	493	+	162	129740728	17185
chr12	129723543	129923543	harbor2	chr12	129740917	129741154	DNA/TcMar-Tigger	610	+	118	129741035	17492
chr12	123602139	123802139	harbor2	chr12	123606400	123606583	DNA/TcMar-Tigger	2113	+	92	123606492	4353
chr12	123602139	123802139	harbor2	chr12	123606876	123607257	DNA/TcMar-Tigger	2113	+	190	123607066	4927
chr12	123602139	123802139	harbor2	chr12	123612044	123612270	DNA/TcMar-Tigger	1390	+	113	123612157	10018
chr12	123602139	123802139	harbor2	chr12	123645756	123646117	DNA/TcMar-Tigger	1002	+	180	123645936	43797
chr12	80500266	80700266	harbor2	chr12	80586705	80587034	DNA/TcMar-Tigger	1580	+	164	80586869	86603
chr12	76017268	76217268	harbor2	chr12	76040337	76040628	DNA/TcMar-Tigger	858	+	146	76040483	23215
chr12	76017268	76217268	harbor2	chr12	76040863	76041065	DNA/TcMar-Tigger	858	+	101	76040964	23696
chr12	76017268	76217268	harbor2	chr12	76080117	76080408	DNA/TcMar-Tigger	1477	+	146	76080263	62995
chr12	76017268	76217268	harbor2	chr12	76080409	76080621	DNA/TcMar-Tigger	1157	+	106	76080515	63247
chr12	88392528	88592528	harbor2	chr12	88470054	88470188	DNA/TcMar-Tigger	853	+	67	88470121	77593
chr12	51521873	51721873	harbor2	chr12	51580417	51580444	DNA/TcMar-Tigger	10413	+	14	51580431	58558
chr12	51521873	51721873	harbor2	chr12	51580754	51581153	DNA/TcMar-Tigger	10413	+	200	51580954	59081
chr12	51521873	51721873	harbor2	chr12	51581468	51581595	DNA/TcMar-Tigger	10413	+	64	51581532	59659
chr12	51521873	51721873	harbor2	chr12	51581861	51582942	DNA/TcMar-Tigger	10413	+	540	51582401	60528
chr12	51521873	51721873	harbor2	chr12	51583560	51583773	DNA/TcMar-Tigger	1169	+	106	51583666	61793
chr12	112384419	112584419	harbor2	chr12	112432309	112432383	DNA/TcMar-Tigger	427	+	37	112432346	47927
chr12	112384419	112584419	harbor2	chr12	112433169	112433456	DNA/TcMar-Tigger	2062	+	144	112433313	48894
chr12	110756045	110956045	harbor2	chr12	110783117	110783439	DNA/TcMar-Tigger	1055	+	161	110783278	27233
chr12	48565382	48765382	harbor2	chr12	48663464	48663876	DNA/TcMar-Tigger	1877	+	206	48663670	98288
chr12	108046019	108246019	harbor2	chr12	108137367	108137874	DNA/TcMar-Tigger	902	+	254	108137621	91602
chr12	116709784	116909784	harbor2	chr12	116715386	116715630	DNA/TcMar-Tigger	654	+	122	116715508	5724
chr12	116709784	116909784	harbor2	chr12	116725099	116725345	DNA/TcMar-Tigger	1316	+	123	116725222	15438
chr12	116709784	116909784	harbor2	chr12	116725343	116725427	DNA/TcMar-Tigger	492	+	42	116725385	15601
chr12	116709784	116909784	harbor2	chr12	116733110	116733190	DNA/TcMar-Tigger	3757	+	40	116733150	23366
chr12	116709784	116909784	harbor2	chr12	116733484	116733874	DNA/TcMar-Tigger	3757	+	195	116733679	23895
chr12	116709784	116909784	harbor2	chr12	116734177	116734353	DNA/TcMar-Tigger	3757	+	88	116734265	24481
chr12	116709784	116909784	harbor2	chr12	116768421	116768718	DNA/TcMar-Tigger	6712	+	148	116768569	58785
chr12	116709784	116909784	harbor2	chr12	116769027	116769077	DNA/TcMar-Tigger	6712	+	25	116769052	59268
chr12	116709784	116909784	harbor2	chr12	116769353	116769749	DNA/TcMar-Tigger	6712	+	198	116769551	59767
chr12	116709784	116909784	harbor2	chr12	116770052	116770483	DNA/TcMar-Tigger	6712	+	216	116770268	60484
chr12	117002890	117202890	harbor2	chr12	117011855	117012128	DNA/TcMar-Tigger	1547	+	136	117011991	9101
chr12	44787354	44987354	harbor2	chr12	44858725	44858945	DNA/TcMar-Tigger	470	+	110	44858835	71481
chr12	44787354	44987354	harbor2	chr12	44858957	44859143	DNA/TcMar-Tigger	527	+	93	44859050	71696
chr12	119213184	119413184	harbor2	chr12	119221889	119221928	DNA/TcMar-Tigger	479	+	20	119221909	8725
chr12	119213184	119413184	harbor2	chr12	119222617	119222837	DNA/TcMar-Tigger	484	+	110	119222727	9543
chr12	47672999	47872999	harbor2	chr12	47696509	47696944	DNA/TcMar-Tigger	2167	+	218	47696727	23728
chr12	117169644	117369644	harbor2	chr12	117170667	117171018	DNA/TcMar-Tigger	1230	+	176	117170843	1199
chr12	117169644	117369644	harbor2	chr12	117232741	117232857	DNA/TcMar-Tigger	489	+	58	117232799	63155
chr12	117169644	117369644	harbor2	chr12	117233498	117233525	DNA/TcMar-Tigger	489	+	14	117233512	63868
chr12	117169644	117369644	harbor2	chr12	117233832	117233946	DNA/TcMar-Tigger	489	+	57	117233889	64245
chr12	132951108	133151108	harbor2	chr12	132992625	132992703	DNA/TcMar-Tigger	455	+	39	132992664	41556
chr12	132951108	133151108	harbor2	chr12	133041896	133042632	DNA/TcMar-Tigger	2995	+	368	133042264	91156
chr12	66689491	66889491	harbor2	chr12	66709394	66709704	DNA/TcMar-Tigger	583	+	155	66709549	20058
chr12	66689491	66889491	harbor2	chr12	66732052	66732113	DNA/TcMar-Tigger	449	+	30	66732082	42591
chr12	66689491	66889491	harbor2	chr12	66732121	66732268	DNA/TcMar-Tigger	2199	+	74	66732195	42704
chr12	66689491	66889491	harbor2	chr12	66732570	66732858	DNA/TcMar-Tigger	2199	+	144	66732714	43223
chr12	66689491	66889491	harbor2	chr12	66778972	66779280	DNA/TcMar-Tigger	775	+	154	66779126	89635
chr12	66689491	66889491	harbor2	chr12	66779296	66779516	DNA/TcMar-Tigger	1047	+	110	66779406	89915
chr12	93581067	93781067	harbor2	chr12	93585731	93585771	DNA/TcMar-Tigger	1022	+	20	93585751	4684
chr12	93581067	93781067	harbor2	chr12	93586129	93586536	DNA/TcMar-Tigger	1022	+	204	93586333	5266
chr12	93581067	93781067	harbor2	chr12	93653286	93653663	DNA/TcMar-Tigger	1892	+	188	93653474	72407
chr13	23277787	23477787	harbor2	chr13	23286240	23286496	DNA/TcMar-Tigger	654	+	128	23286368	8581
chr13	23277787	23477787	harbor2	chr13	23327914	23328189	DNA/TcMar-Tigger	726	+	138	23328052	50265
chr13	23277787	23477787	harbor2	chr13	23356397	23356814	DNA/TcMar-Tigger	654	+	208	23356605	78818
chr13	89176757	89376757	harbor2	chr13	89233287	89233581	DNA/TcMar-Tigger	1537	+	147	89233434	56677
chr13	91519719	91719719	harbor2	chr13	91542392	91542534	DNA/TcMar-Tigger	410	+	71	91542463	22744
chr13	91519719	91719719	harbor2	chr13	91570271	91570487	DNA/TcMar-Tigger	1018	+	108	91570379	50660
chr13	113607187	113807187	harbor2	chr13	113629420	113629750	DNA/TcMar-Tigger	1396	+	165	113629585	22398
chr13	75583739	75783739	harbor2	chr13	75597440	75597746	DNA/TcMar-Tigger	1126	+	153	75597593	13854
chr13	75583739	75783739	harbor2	chr13	75599395	75601748	DNA/TcMar-Tigger	15240	+	1176	75600571	16832
chr13	75583739	75783739	harbor2	chr13	75627127	75627454	DNA/TcMar-Tigger	1891	+	164	75627291	43552
chr13	114250005	114450005	harbor2	chr13	114255451	114255660	DNA/TcMar-Tigger	1031	+	104	114255555	5550
chr13	114250005	114450005	harbor2	chr13	114258218	114258815	DNA/TcMar-Tigger	3068	+	298	114258516	8511
chr13	114250005	114450005	harbor2	chr13	114319553	114319759	DNA/TcMar-Tigger	730	+	103	114319656	69651
chr13	52806569	53006569	harbor2	chr13	52887931	52888218	DNA/TcMar-Tigger	822	+	144	52888075	81506
chr13	67964874	68164874	harbor2	chr13	68053384	68053594	DNA/TcMar-Tigger	1008	+	105	68053489	88615
chr13	33252164	33452164	harbor2	chr13	33298970	33299284	DNA/TcMar-Tigger	1913	+	157	33299127	46963
chr13	33252164	33452164	harbor2	chr13	33347140	33347236	DNA/TcMar-Tigger	1976	+	48	33347188	95024
chr13	33252164	33452164	harbor2	chr13	33347546	33347812	DNA/TcMar-Tigger	1976	+	133	33347679	95515
chr13	85029067	85229067	harbor2	chr13	85113012	85113245	DNA/TcMar-Tigger	556	+	116	85113128	84061
chr13	69794535	69994535	harbor2	chr13	69820193	69820600	DNA/TcMar-Tigger	1702	+	204	69820397	25862
chr13	60899199	61099199	harbor2	chr13	60910016	60910179	DNA/TcMar-Tigger	846	+	82	60910098	10899
chr13	60899199	61099199	harbor2	chr13	60910486	60910800	DNA/TcMar-Tigger	846	+	157	60910643	11444
chr13	106353966	106553966	harbor2	chr13	106365272	106365436	DNA/TcMar-Tigger	482	+	82	106365354	11388
chr13	105599873	105799873	harbor2	chr13	105695299	105695542	DNA/TcMar-Tigger	1251	+	122	105695421	95548
chr13	105599873	105799873	harbor2	chr13	105695530	105695891	DNA/TcMar-Tigger	2112	+	180	105695710	95837
chr13	81118593	81318593	harbor2	chr13	81159883	81160219	DNA/TcMar-Tigger	1870	+	168	81160051	41458
chr13	68772053	68972053	harbor2	chr13	68855760	68855945	DNA/TcMar-Tigger	2575	+	92	68855852	83799
chr13	68772053	68972053	harbor2	chr13	68855978	68855999	DNA/TcMar-Tigger	2575	+	10	68855988	83935
chr13	68772053	68972053	harbor2	chr13	68856266	68856587	DNA/TcMar-Tigger	2575	+	160	68856426	84373
chr13	68772053	68972053	harbor2	chr13	68856587	68856676	DNA/TcMar-Tigger	574	+	44	68856631	84578
chr13	104452152	104652152	harbor2	chr13	104527437	104528110	DNA/TcMar-Tigger	3609	+	336	104527773	75621
chr13	107385145	107585145	harbor2	chr13	107401012	107401276	DNA/TcMar-Tigger	1241	+	132	107401144	15999
chr13	107385145	107585145	harbor2	chr13	107401275	107401370	DNA/TcMar-Tigger	429	+	48	107401323	16178
chr13	107385145	107585145	harbor2	chr13	107416323	107416760	DNA/TcMar-Tigger	2515	+	218	107416541	31396
chr13	77838969	78038969	harbor2	chr13	77846372	77846704	DNA/TcMar-Tigger	1377	+	166	77846538	7569
chr13	77838969	78038969	harbor2	chr13	77851498	77851720	DNA/TcMar-Tigger	801	+	111	77851609	12640
chr13	79508942	79708942	harbor2	chr13	79528293	79528914	DNA/TcMar-Tigger	6311	+	310	79528603	19661
chr13	79508942	79708942	harbor2	chr13	79533567	79533908	DNA/TcMar-Tigger	1033	+	170	79533737	24795
chr13	79508942	79708942	harbor2	chr13	79527471	79527987	DNA/TcMar-Tigger	6311	+	258	79527729	18787
chr13	31315096	31515096	harbor2	chr13	31392467	31392643	DNA/TcMar-Tigger	612	+	88	31392555	77459
chr13	31315096	31515096	harbor2	chr13	31395525	31395720	DNA/TcMar-Tigger	1226	+	98	31395623	80527
chr13	31315096	31515096	harbor2	chr13	31374973	31375496	DNA/TcMar-Tigger	3078	+	262	31375235	60139
chr13	43527131	43727131	harbor2	chr13	43529161	43529754	DNA/TcMar-Tigger	3476	+	296	43529457	2326
chr13	100490270	100690270	harbor2	chr13	100502812	100503049	DNA/TcMar-Tigger	599	+	118	100502930	12660
chr14	92055393	92255393	harbor2	chr14	92072376	92072609	DNA/TcMar-Tigger	1391	+	116	92072492	17099
chr14	92055393	92255393	harbor2	chr14	92141112	92141342	DNA/TcMar-Tigger	1153	+	115	92141227	85834
chr14	92055393	92255393	harbor2	chr14	92141628	92141717	DNA/TcMar-Tigger	1153	+	44	92141672	86279
chr14	78299095	78499095	harbor2	chr14	78367987	78368156	DNA/TcMar-Tigger	449	+	84	78368071	68976
chr14	27330265	27530265	harbor2	chr14	27366656	27367909	DNA/TcMar-Tigger	6112	+	626	27367282	37017
chr14	27330265	27530265	harbor2	chr14	27403798	27404140	DNA/TcMar-Tigger	1823	+	171	27403969	73704
chr14	84404078	84604078	harbor2	chr14	84409504	84409723	DNA/TcMar-Tigger	12557	+	110	84409614	5536
chr14	84404078	84604078	harbor2	chr14	84411689	84412503	DNA/TcMar-Tigger	12557	+	407	84412096	8018
chr14	84404078	84604078	harbor2	chr14	84410098	84411388	DNA/TcMar-Tigger	12557	+	645	84410743	6665
chr14	100007732	100207732	harbor2	chr14	100051067	100051339	DNA/TcMar-Tigger	1431	+	136	100051203	43471
chr14	100007732	100207732	harbor2	chr14	100051347	100051432	DNA/TcMar-Tigger	445	+	42	100051389	43657
chr14	100007732	100207732	harbor2	chr14	100093787	100094113	DNA/TcMar-Tigger	1377	+	163	100093950	86218
chr14	49780471	49980471	harbor2	chr14	49797796	49798626	DNA/TcMar-Tigger	4314	+	415	49798211	17740
chr14	49780471	49980471	harbor2	chr14	49813140	49813370	DNA/TcMar-Tigger	978	+	115	49813255	32784
chr14	89258789	89458789	harbor2	chr14	89357637	89357866	DNA/TcMar-Tigger	1244	+	114	89357751	98962
chr14	65467609	65667609	harbor2	chr14	65478298	65478452	DNA/TcMar-Tigger	713	+	77	65478375	10766
chr14	65467609	65667609	harbor2	chr14	65559358	65559515	DNA/TcMar-Tigger	1084	+	78	65559436	91827
chr14	95011729	95211729	harbor2	chr14	95083057	95083179	DNA/TcMar-Tigger	1399	+	61	95083118	71389
chr14	95011729	95211729	harbor2	chr14	95083474	95083585	DNA/TcMar-Tigger	1399	+	56	95083530	71801
chr14	95011729	95211729	harbor2	chr14	95083866	95083953	DNA/TcMar-Tigger	1399	+	44	95083910	72181
chr14	95011729	95211729	harbor2	chr14	95109776	95109998	DNA/TcMar-Tigger	1049	+	111	95109887	98158
chr14	90929987	91129987	harbor2	chr14	90955922	90956222	DNA/TcMar-Tigger	886	+	150	90956072	26085
chr14	90929987	91129987	harbor2	chr14	90985758	90986301	DNA/TcMar-Tigger	946	+	272	90986030	56043
chr14	90929987	91129987	harbor2	chr14	91019748	91019824	DNA/TcMar-Tigger	444	+	38	91019786	89799
chr14	90929987	91129987	harbor2	chr14	91020231	91020534	DNA/TcMar-Tigger	1183	+	152	91020383	90396
chr14	103321875	103521875	harbor2	chr14	103420671	103421378	DNA/TcMar-Tigger	2297	+	354	103421025	99150
chr14	81695896	81895896	harbor2	chr14	81728463	81729073	DNA/TcMar-Tigger	3211	+	305	81728768	32872
chr14	81695896	81895896	harbor2	chr14	81734921	81735498	DNA/TcMar-Tigger	852	+	288	81735209	39313
chr14	56510063	56710063	harbor2	chr14	56510735	56511034	DNA/TcMar-Tigger	1034	+	150	56510885	822
chr14	56510063	56710063	harbor2	chr14	56515601	56515985	DNA/TcMar-Tigger	1493	+	192	56515793	5730
chr14	56510063	56710063	harbor2	chr14	56536747	56537369	DNA/TcMar-Tigger	4162	+	311	56537058	26995
chr14	56510063	56710063	harbor2	chr14	56537681	56539264	DNA/TcMar-Tigger	10566	+	792	56538473	28410
chr14	56510063	56710063	harbor2	chr14	56593306	56593596	DNA/TcMar-Tigger	423	+	145	56593451	83388
chr14	56510063	56710063	harbor2	chr14	56597169	56597404	DNA/TcMar-Tigger	1498	+	118	56597287	87224
chr14	95466410	95666410	harbor2	chr14	95487814	95488259	DNA/TcMar-Tigger	2771	+	222	95488036	21626
chr14	77119391	77319391	harbor2	chr14	77176934	77177234	DNA/TcMar-Tigger	1331	+	150	77177084	57693
chr14	95753418	95953418	harbor2	chr14	95785513	95785838	DNA/TcMar-Tigger	1344	+	162	95785675	32257
chr14	74207141	74407141	harbor2	chr14	74255782	74256090	DNA/TcMar-Tigger	684	+	154	74255936	48795
chr14	76856363	77056363	harbor2	chr14	76865143	76865391	DNA/TcMar-Tigger	738	+	124	76865267	8904
chr14	76856363	77056363	harbor2	chr14	76901918	76902064	DNA/TcMar-Tigger	418	+	73	76901991	45628
chr14	71188843	71388843	harbor2	chr14	71209471	71209792	DNA/TcMar-Tigger	1384	+	160	71209631	20788
chr14	71188843	71388843	harbor2	chr14	71222243	71222333	DNA/TcMar-Tigger	410	+	45	71222288	33445
chr14	87649716	87849716	harbor2	chr14	87686390	87686821	DNA/TcMar-Tigger	2351	+	216	87686606	36890
chr14	87649716	87849716	harbor2	chr14	87690216	87690654	DNA/TcMar-Tigger	508	+	219	87690435	40719
chr14	83320605	83520605	harbor2	chr14	83395929	83396360	DNA/TcMar-Tigger	2321	+	216	83396145	75540
chr14	44968582	45168582	harbor2	chr14	44972795	44973004	DNA/TcMar-Tigger	1139	+	104	44972899	4317
chr14	44968582	45168582	harbor2	chr14	45042882	45042988	DNA/TcMar-Tigger	820	+	53	45042935	74353
chr14	44968582	45168582	harbor2	chr14	45062545	45062867	DNA/TcMar-Tigger	1772	+	161	45062706	94124
chr14	95706846	95906846	harbor2	chr14	95735586	95736253	DNA/TcMar-Tigger	4222	+	334	95735920	29074
chr14	95706846	95906846	harbor2	chr14	95785513	95785838	DNA/TcMar-Tigger	1344	+	162	95785675	78829
chr14	101732328	101932328	harbor2	chr14	101831626	101831844	DNA/TcMar-Tigger	1289	+	109	101831735	99407
chr14	75873247	76073247	harbor2	chr14	75898139	75898359	DNA/TcMar-Tigger	830	+	110	75898249	25002
chr14	75873247	76073247	harbor2	chr14	75898661	75898875	DNA/TcMar-Tigger	830	+	107	75898768	25521
chr14	75873247	76073247	harbor2	chr14	75930325	75930560	DNA/TcMar-Tigger	1505	+	118	75930443	57196
chr14	75873247	76073247	harbor2	chr14	75942539	75942921	DNA/TcMar-Tigger	588	+	191	75942730	69483
chr14	90154189	90354189	harbor2	chr14	90157014	90157280	DNA/TcMar-Tigger	449	+	133	90157147	2958
chr14	90154189	90354189	harbor2	chr14	90195362	90195435	DNA/TcMar-Tigger	1786	+	36	90195398	41209
chr14	90154189	90354189	harbor2	chr14	90195721	90195984	DNA/TcMar-Tigger	1786	+	132	90195853	41664
chr14	90154189	90354189	harbor2	chr14	90216804	90217481	DNA/TcMar-Tigger	1412	+	338	90217142	62953
chr14	94883246	95083246	harbor2	chr14	94898395	94898686	DNA/TcMar-Tigger	1738	+	146	94898541	15295
chr14	33576013	33776013	harbor2	chr14	33632949	33633262	DNA/TcMar-Tigger	1427	+	156	33633105	57092
chr14	48653750	48853750	harbor2	chr14	48656757	48657347	DNA/TcMar-Tigger	1986	+	295	48657052	3302
chr14	48653750	48853750	harbor2	chr14	48733196	48733427	DNA/TcMar-Tigger	961	+	116	48733312	79562
chr14	48653750	48853750	harbor2	chr14	48736346	48737007	DNA/TcMar-Tigger	3441	+	330	48736676	82926
chr14	48653750	48853750	harbor2	chr14	48749946	48750405	DNA/TcMar-Tigger	6167	+	230	48750176	96426
chr14	48653750	48853750	harbor2	chr14	48750702	48751331	DNA/TcMar-Tigger	6167	+	314	48751016	97266
chr14	74156785	74356785	harbor2	chr14	74255782	74256090	DNA/TcMar-Tigger	684	+	154	74255936	99151
chr14	85272534	85472534	harbor2	chr14	85292047	85292605	DNA/TcMar-Tigger	456	+	279	85292326	19792
chr14	85272534	85472534	harbor2	chr14	85338249	85338492	DNA/TcMar-Tigger	1398	+	122	85338371	65837
chr14	85272534	85472534	harbor2	chr14	85354542	85354779	DNA/TcMar-Tigger	662	+	118	85354660	82126
chr14	54251616	54451616	harbor2	chr14	54267483	54267719	DNA/TcMar-Tigger	714	+	118	54267601	15985
chr14	89174047	89374047	harbor2	chr14	89198163	89198426	DNA/TcMar-Tigger	1693	+	132	89198295	24248
chr14	89174047	89374047	harbor2	chr14	89199945	89200041	DNA/TcMar-Tigger	577	+	48	89199993	25946
chr14	94009966	94209966	harbor2	chr14	94013557	94013627	DNA/TcMar-Tigger	437	+	35	94013592	3626
chr14	94009966	94209966	harbor2	chr14	94014173	94014367	DNA/TcMar-Tigger	1074	+	97	94014270	4304
chr14	94009966	94209966	harbor2	chr14	94077970	94078299	DNA/TcMar-Tigger	1862	+	164	94078134	68168
chr14	94009966	94209966	harbor2	chr14	94081701	94083598	DNA/TcMar-Tigger	12962	+	948	94082649	72683
chr14	94009966	94209966	harbor2	chr14	94076834	94077240	DNA/TcMar-Tigger	2379	+	203	94077037	67071
chr14	61078531	61278531	harbor2	chr14	61158052	61158381	DNA/TcMar-Tigger	1877	+	164	61158216	79685
chr14	102343438	102543438	harbor2	chr14	102356535	102357098	DNA/TcMar-Tigger	7545	+	282	102356817	13379
chr14	102343438	102543438	harbor2	chr14	102357403	102358066	DNA/TcMar-Tigger	7545	+	332	102357735	14297
chr14	102343438	102543438	harbor2	chr14	102358064	102358324	DNA/TcMar-Tigger	1564	+	130	102358194	14756
chr14	102343438	102543438	harbor2	chr14	102373257	102373616	DNA/TcMar-Tigger	2278	+	180	102373437	29999
chr14	102343438	102543438	harbor2	chr14	102422857	102423091	DNA/TcMar-Tigger	783	+	117	102422974	79536
chr14	102343438	102543438	harbor2	chr14	102423590	102423723	DNA/TcMar-Tigger	774	+	66	102423656	80218
chr14	104940505	105140505	harbor2	chr14	104960238	104960576	DNA/TcMar-Tigger	1939	+	169	104960407	19902
chr14	104940505	105140505	harbor2	chr14	104987992	104988331	DNA/TcMar-Tigger	1955	+	170	104988162	47657
chr14	104940505	105140505	harbor2	chr14	104988639	104988830	DNA/TcMar-Tigger	1955	+	96	104988735	48230
chr14	98483380	98683380	harbor2	chr14	98510592	98510897	DNA/TcMar-Tigger	1524	+	152	98510744	27364
chr14	74720793	74920793	harbor2	chr14	74817312	74817620	DNA/TcMar-Tigger	1809	+	154	74817466	96673
chr14	83457160	83657160	harbor2	chr14	83486811	83487163	DNA/TcMar-Tigger	1585	+	176	83486987	29827
chr14	80222000	80422000	harbor2	chr14	80254274	80256688	DNA/TcMar-Tigger	15388	+	1207	80255481	33481
chr14	80222000	80422000	harbor2	chr14	80280809	80280977	DNA/TcMar-Tigger	931	+	84	80280893	58893
chr14	80222000	80422000	harbor2	chr14	80298879	80299059	DNA/TcMar-Tigger	449	+	90	80298969	76969
chr14	80222000	80422000	harbor2	chr14	80299260	80299469	DNA/TcMar-Tigger	800	+	104	80299364	77364
chr14	102306153	102506153	harbor2	chr14	102356535	102357098	DNA/TcMar-Tigger	7545	+	282	102356817	50664
chr14	102306153	102506153	harbor2	chr14	102357403	102358066	DNA/TcMar-Tigger	7545	+	332	102357735	51582
chr14	102306153	102506153	harbor2	chr14	102358064	102358324	DNA/TcMar-Tigger	1564	+	130	102358194	52041
chr14	102306153	102506153	harbor2	chr14	102373257	102373616	DNA/TcMar-Tigger	2278	+	180	102373437	67284
chr14	96717236	96917236	harbor2	chr14	96802962	96803168	DNA/TcMar-Tigger	1707	+	103	96803065	85829
chr14	96717236	96917236	harbor2	chr14	96803472	96803686	DNA/TcMar-Tigger	1707	+	107	96803579	86343
chr14	93112809	93312809	harbor2	chr14	93163735	93163959	DNA/TcMar-Tigger	1210	+	112	93163847	51038
chr14	93112809	93312809	harbor2	chr14	93165879	93165991	DNA/TcMar-Tigger	668	+	56	93165935	53126
chr14	93112809	93312809	harbor2	chr14	93180259	93180469	DNA/TcMar-Tigger	2058	+	105	93180364	67555
chr14	93112809	93312809	harbor2	chr14	93180760	93180964	DNA/TcMar-Tigger	2058	+	102	93180862	68053
chr14	72289946	72489946	harbor2	chr14	72305346	72306014	DNA/TcMar-Tigger	4562	+	334	72305680	15734
chr14	72289946	72489946	harbor2	chr14	72306015	72307367	DNA/TcMar-Tigger	9073	+	676	72306691	16745
chr14	33572273	33772273	harbor2	chr14	33632949	33633262	DNA/TcMar-Tigger	1427	+	156	33633105	60832
chr14	70560515	70760515	harbor2	chr14	70629183	70630774	DNA/TcMar-Tigger	10396	+	796	70629979	69464
chr14	70560515	70760515	harbor2	chr14	70565713	70565911	DNA/TcMar-Tigger	772	+	99	70565812	5297
chr14	40995967	41195967	harbor2	chr14	41003683	41005182	DNA/TcMar-Tigger	12369	+	750	41004433	8466
chr14	40995967	41195967	harbor2	chr14	41005492	41005898	DNA/TcMar-Tigger	12369	+	203	41005695	9728
chr14	40995967	41195967	harbor2	chr14	41006075	41006510	DNA/TcMar-Tigger	12369	+	218	41006293	10326
chr14	40995967	41195967	harbor2	chr14	41074423	41074907	DNA/TcMar-Tigger	1934	+	242	41074665	78698
chr14	91800823	92000823	harbor2	chr14	91805063	91805179	DNA/TcMar-Tigger	631	+	58	91805121	4298
chr14	91800823	92000823	harbor2	chr14	91805191	91805386	DNA/TcMar-Tigger	3601	+	98	91805289	4466
chr14	91800823	92000823	harbor2	chr14	91805676	91805901	DNA/TcMar-Tigger	3601	+	112	91805788	4965
chr14	91800823	92000823	harbor2	chr14	91808189	91808442	DNA/TcMar-Tigger	3601	+	126	91808315	7492
chr14	103342273	103542273	harbor2	chr14	103420671	103421378	DNA/TcMar-Tigger	2297	+	354	103421025	78752
chr14	103647397	103847397	harbor2	chr14	103675418	103675531	DNA/TcMar-Tigger	678	+	56	103675474	28077
chr14	61704763	61904763	harbor2	chr14	61780834	61781140	DNA/TcMar-Tigger	1805	+	153	61780987	76224
chr14	50931066	51131066	harbor2	chr14	51016619	51016709	DNA/TcMar-Tigger	629	+	45	51016664	85598
chr15	93009396	93209396	harbor2	chr15	93012041	93012184	DNA/TcMar-Tigger	727	+	72	93012113	2717
chr15	101253459	101453459	harbor2	chr15	101332904	101332981	DNA/TcMar-Tigger	459	+	38	101332942	79483
chr15	91613666	91813666	harbor2	chr15	91644329	91644762	DNA/TcMar-Tigger	2494	+	216	91644545	30879
chr15	91613666	91813666	harbor2	chr15	91698359	91698477	DNA/TcMar-Tigger	622	+	59	91698418	84752
chr15	64470778	64670778	harbor2	chr15	64482903	64483084	DNA/TcMar-Tigger	634	+	90	64482993	12215
chr15	64470778	64670778	harbor2	chr15	64509929	64510048	DNA/TcMar-Tigger	633	+	60	64509989	39211
chr15	64470778	64670778	harbor2	chr15	64510051	64510195	DNA/TcMar-Tigger	1605	+	72	64510123	39345
chr15	64470778	64670778	harbor2	chr15	64510502	64510681	DNA/TcMar-Tigger	1605	+	90	64510592	39814
chr15	64470778	64670778	harbor2	chr15	64564057	64564215	DNA/TcMar-Tigger	746	+	79	64564136	93358
chr15	64470778	64670778	harbor2	chr15	64564214	64564315	DNA/TcMar-Tigger	560	+	50	64564264	93486
chr15	84950446	85150446	harbor2	chr15	84984763	84984983	DNA/TcMar-Tigger	1315	+	110	84984873	34427
chr15	48254419	48454419	harbor2	chr15	48350219	48350569	DNA/TcMar-Tigger	1882	+	175	48350394	95975
chr15	84604362	84804362	harbor2	chr15	84698786	84698927	DNA/TcMar-Tigger	777	+	70	84698856	94494
chr15	100107270	100307270	harbor2	chr15	100113255	100113571	DNA/TcMar-Tigger	778	+	158	100113413	6143
chr15	100107270	100307270	harbor2	chr15	100156380	100156896	DNA/TcMar-Tigger	1133	+	258	100156638	49368
chr15	100107270	100307270	harbor2	chr15	100157263	100157440	DNA/TcMar-Tigger	1133	+	88	100157351	50081
chr15	100107270	100307270	harbor2	chr15	100163183	100163449	DNA/TcMar-Tigger	469	+	133	100163316	56046
chr15	80240601	80440601	harbor2	chr15	80313350	80313583	DNA/TcMar-Tigger	415	+	116	80313466	72865
chr15	37765971	37965971	harbor2	chr15	37857877	37857964	DNA/TcMar-Tigger	486	+	44	37857921	91950
chr15	100653583	100853583	harbor2	chr15	100691778	100692093	DNA/TcMar-Tigger	1900	+	158	100691936	38353
chr15	94708455	94908455	harbor2	chr15	94712493	94713225	DNA/TcMar-Tigger	2604	+	366	94712859	4404
chr15	94708455	94908455	harbor2	chr15	94772474	94773064	DNA/TcMar-Tigger	3275	+	295	94772769	64314
chr15	28086898	28286898	harbor2	chr15	28137335	28139057	DNA/TcMar-Tigger	11342	+	861	28138196	51298
chr15	28086898	28286898	harbor2	chr15	28139051	28139175	DNA/TcMar-Tigger	599	+	62	28139113	52215
chr15	28086898	28286898	harbor2	chr15	28179318	28180411	DNA/TcMar-Tigger	5130	+	546	28179864	92966
chr15	28086898	28286898	harbor2	chr15	28180672	28180997	DNA/TcMar-Tigger	1869	+	162	28180834	93936
chr15	83887786	84087786	harbor2	chr15	83921924	83922165	DNA/TcMar-Tigger	620	+	120	83922044	34258
chr15	83887786	84087786	harbor2	chr15	83928464	83928887	DNA/TcMar-Tigger	1274	+	212	83928676	40890
chr15	93240863	93440863	harbor2	chr15	93259272	93259625	DNA/TcMar-Tigger	2138	+	176	93259448	18585
chr15	93240863	93440863	harbor2	chr15	93259923	93259957	DNA/TcMar-Tigger	2138	+	17	93259940	19077
chr15	93240863	93440863	harbor2	chr15	93260237	93260362	DNA/TcMar-Tigger	2138	+	62	93260299	19436
chr15	41264784	41464784	harbor2	chr15	41313493	41313871	DNA/TcMar-Tigger	1395	+	189	41313682	48898
chr15	27184835	27384835	harbor2	chr15	27197151	27197248	DNA/TcMar-Tigger	486	+	48	27197199	12364
chr15	27184835	27384835	harbor2	chr15	27260545	27260681	DNA/TcMar-Tigger	829	+	68	27260613	75778
chr15	76475964	76675964	harbor2	chr15	76533269	76533625	DNA/TcMar-Tigger	2217	+	178	76533447	57483
chr15	76475964	76675964	harbor2	chr15	76539022	76539491	DNA/TcMar-Tigger	1102	+	234	76539256	63292
chr15	76475964	76675964	harbor2	chr15	76571866	76572039	DNA/TcMar-Tigger	430	+	86	76571952	95988
chr15	96079283	96279283	harbor2	chr15	96135160	96135324	DNA/TcMar-Tigger	2185	+	82	96135242	55959
chr15	96079283	96279283	harbor2	chr15	96136169	96136404	DNA/TcMar-Tigger	2185	+	118	96136287	57004
chr15	96079283	96279283	harbor2	chr15	96136737	96136905	DNA/TcMar-Tigger	2185	+	84	96136821	57538
chr15	96079283	96279283	harbor2	chr15	96164149	96164379	DNA/TcMar-Tigger	546	+	115	96164264	84981
chr15	96079283	96279283	harbor2	chr15	96177455	96177691	DNA/TcMar-Tigger	630	+	118	96177573	98290
chr15	96108433	96308433	harbor2	chr15	96135160	96135324	DNA/TcMar-Tigger	2185	+	82	96135242	26809
chr15	96108433	96308433	harbor2	chr15	96136169	96136404	DNA/TcMar-Tigger	2185	+	118	96136287	27854
chr15	96108433	96308433	harbor2	chr15	96136737	96136905	DNA/TcMar-Tigger	2185	+	84	96136821	28388
chr15	96108433	96308433	harbor2	chr15	96164149	96164379	DNA/TcMar-Tigger	546	+	115	96164264	55831
chr15	96108433	96308433	harbor2	chr15	96177455	96177691	DNA/TcMar-Tigger	630	+	118	96177573	69140
chr15	31105510	31305510	harbor2	chr15	31131028	31131647	DNA/TcMar-Tigger	3082	+	310	31131338	25828
chr15	95759439	95959439	harbor2	chr15	95834509	95834903	DNA/TcMar-Tigger	2307	+	197	95834706	75267
chr15	99805976	100005976	harbor2	chr15	99822730	99823158	DNA/TcMar-Tigger	523	+	214	99822944	16968
chr15	99805976	100005976	harbor2	chr15	99874458	99874549	DNA/TcMar-Tigger	505	+	46	99874504	68528
chr15	34356676	34556676	harbor2	chr15	34392422	34392626	DNA/TcMar-Tigger	777	+	102	34392524	35848
chr15	34356676	34556676	harbor2	chr15	34392874	34392968	DNA/TcMar-Tigger	422	+	47	34392921	36245
chr15	34356676	34556676	harbor2	chr15	34438951	34439280	DNA/TcMar-Tigger	1296	+	164	34439115	82439
chr15	100205344	100405344	harbor2	chr15	100304754	100305184	DNA/TcMar-Tigger	2115	+	215	100304969	99625
chr15	91885842	92085842	harbor2	chr15	91957970	91958176	DNA/TcMar-Tigger	1321	+	103	91958073	72231
chr15	91885842	92085842	harbor2	chr15	91958174	91958328	DNA/TcMar-Tigger	646	+	77	91958251	72409
chr15	91885842	92085842	harbor2	chr15	91970941	91971113	DNA/TcMar-Tigger	3603	+	86	91971027	85185
chr15	91885842	92085842	harbor2	chr15	91971411	91971881	DNA/TcMar-Tigger	3603	+	235	91971646	85804
chr15	53092892	53292892	harbor2	chr15	53095659	53096448	DNA/TcMar-Tigger	6099	+	394	53096053	3161
chr15	53092892	53292892	harbor2	chr15	53096778	53097202	DNA/TcMar-Tigger	6099	+	212	53096990	4098
chr15	53092892	53292892	harbor2	chr15	53150715	53150737	DNA/TcMar-Tigger	2176	+	11	53150726	57834
chr15	53092892	53292892	harbor2	chr15	53151148	53152584	DNA/TcMar-Tigger	8707	+	718	53151866	58974
chr15	53092892	53292892	harbor2	chr15	53153575	53154053	DNA/TcMar-Tigger	2474	+	239	53153814	60922
chr15	53092892	53292892	harbor2	chr15	53160784	53161114	DNA/TcMar-Tigger	2049	+	165	53160949	68057
chr15	53092892	53292892	harbor2	chr15	53149683	53150077	DNA/TcMar-Tigger	2176	+	197	53149880	56988
chr15	76171495	76371495	harbor2	chr15	76247132	76247337	DNA/TcMar-Tigger	431	+	102	76247234	75739
chr15	76171495	76371495	harbor2	chr15	76247653	76248021	DNA/TcMar-Tigger	886	+	184	76247837	76342
chr15	76171495	76371495	harbor2	chr15	76256677	76257056	DNA/TcMar-Tigger	1657	+	190	76256867	85372
chr15	93550710	93750710	harbor2	chr15	93571289	93571463	DNA/TcMar-Tigger	622	+	87	93571376	20666
chr15	93550710	93750710	harbor2	chr15	93582649	93582997	DNA/TcMar-Tigger	1908	+	174	93582823	32113
chr15	53122743	53322743	harbor2	chr15	53150715	53150737	DNA/TcMar-Tigger	2176	+	11	53150726	27983
chr15	53122743	53322743	harbor2	chr15	53151148	53152584	DNA/TcMar-Tigger	8707	+	718	53151866	29123
chr15	53122743	53322743	harbor2	chr15	53153575	53154053	DNA/TcMar-Tigger	2474	+	239	53153814	31071
chr15	53122743	53322743	harbor2	chr15	53160784	53161114	DNA/TcMar-Tigger	2049	+	165	53160949	38206
chr15	53122743	53322743	harbor2	chr15	53149683	53150077	DNA/TcMar-Tigger	2176	+	197	53149880	27137
chr15	57528740	57728740	harbor2	chr15	57594590	57594741	DNA/TcMar-Tigger	928	+	76	57594666	65926
chr15	59830782	60030782	harbor2	chr15	59867142	59867374	DNA/TcMar-Tigger	505	+	116	59867258	36476
chr15	59830782	60030782	harbor2	chr15	59884534	59884658	DNA/TcMar-Tigger	786	+	62	59884596	53814
chr15	59830782	60030782	harbor2	chr15	59884666	59885001	DNA/TcMar-Tigger	2058	+	168	59884834	54052
chr15	80720064	80920064	harbor2	chr15	80722943	80723110	DNA/TcMar-Tigger	691	+	84	80723027	2963
chr15	80720064	80920064	harbor2	chr15	80770984	80771044	DNA/TcMar-Tigger	1744	+	30	80771014	50950
chr15	80720064	80920064	harbor2	chr15	80771384	80771634	DNA/TcMar-Tigger	1744	+	125	80771509	51445
chr15	80720064	80920064	harbor2	chr15	80801738	80802068	DNA/TcMar-Tigger	1776	+	165	80801903	81839
chr15	80720064	80920064	harbor2	chr15	80772743	80773766	DNA/TcMar-Tigger	6520	+	512	80773255	53191
chr15	87849584	88049584	harbor2	chr15	87937208	87937520	DNA/TcMar-Tigger	1117	+	156	87937364	87780
chr15	94931494	95131494	harbor2	chr15	94936764	94937074	DNA/TcMar-Tigger	1953	+	155	94936919	5425
chr15	94931494	95131494	harbor2	chr15	94981934	94982260	DNA/TcMar-Tigger	1652	+	163	94982097	50603
chr15	94931494	95131494	harbor2	chr15	95005832	95006011	DNA/TcMar-Tigger	873	+	90	95005922	74428
chr15	94931494	95131494	harbor2	chr15	95007205	95007353	DNA/TcMar-Tigger	658	+	74	95007279	75785
chr15	99109236	99309236	harbor2	chr15	99160429	99160636	DNA/TcMar-Tigger	1219	+	104	99160533	51297
chr15	90980623	91180623	harbor2	chr15	91073855	91074113	DNA/TcMar-Tigger	695	+	129	91073984	93361
chr15	94766390	94966390	harbor2	chr15	94772474	94773064	DNA/TcMar-Tigger	3275	+	295	94772769	6379
chr15	68789987	68989987	harbor2	chr15	68869793	68870095	DNA/TcMar-Tigger	1949	+	151	68869944	79957
chr15	68789987	68989987	harbor2	chr15	68880820	68880870	DNA/TcMar-Tigger	1770	+	25	68880845	90858
chr15	68789987	68989987	harbor2	chr15	68881133	68881154	DNA/TcMar-Tigger	1770	+	10	68881143	91156
chr15	68789987	68989987	harbor2	chr15	68881463	68881714	DNA/TcMar-Tigger	1770	+	126	68881589	91602
chr15	72642655	72842655	harbor2	chr15	72715777	72716181	DNA/TcMar-Tigger	2146	+	202	72715979	73324
chr15	81398944	81598944	harbor2	chr15	81447740	81448082	DNA/TcMar-Tigger	2163	+	171	81447911	48967
chr15	81398944	81598944	harbor2	chr15	81449533	81449636	DNA/TcMar-Tigger	538	+	52	81449585	50641
chr15	81398944	81598944	harbor2	chr15	81449634	81450350	DNA/TcMar-Tigger	4218	+	358	81449992	51048
chr15	89265017	89465017	harbor2	chr15	89327719	89328064	DNA/TcMar-Tigger	1840	+	172	89327891	62874
chr15	45170595	45370595	harbor2	chr15	45254269	45254659	DNA/TcMar-Tigger	1988	+	195	45254464	83869
chr15	56251227	56451227	harbor2	chr15	56279858	56280225	DNA/TcMar-Tigger	1568	+	184	56280042	28815
chr15	78022918	78222918	harbor2	chr15	78115945	78116176	DNA/TcMar-Tigger	1483	+	116	78116061	93143
chr15	78022918	78222918	harbor2	chr15	78116480	78116618	DNA/TcMar-Tigger	1483	+	69	78116549	93631
chr15	81361556	81561556	harbor2	chr15	81391590	81391934	DNA/TcMar-Tigger	1726	+	172	81391762	30206
chr15	81361556	81561556	harbor2	chr15	81447740	81448082	DNA/TcMar-Tigger	2163	+	171	81447911	86355
chr15	81361556	81561556	harbor2	chr15	81449533	81449636	DNA/TcMar-Tigger	538	+	52	81449585	88029
chr15	81361556	81561556	harbor2	chr15	81449634	81450350	DNA/TcMar-Tigger	4218	+	358	81449992	88436
chr15	71965054	72165054	harbor2	chr15	71984127	71984315	DNA/TcMar-Tigger	1063	+	94	71984221	19167
chr15	71965054	72165054	harbor2	chr15	71986154	71986357	DNA/TcMar-Tigger	1306	+	102	71986256	21202
chr15	71965054	72165054	harbor2	chr15	71986556	71987279	DNA/TcMar-Tigger	3890	+	362	71986918	21864
chr15	71965054	72165054	harbor2	chr15	71990796	71991042	DNA/TcMar-Tigger	506	+	123	71990919	25865
chr15	54718140	54918140	harbor2	chr15	54799893	54800452	DNA/TcMar-Tigger	2723	+	280	54800173	82033
chr15	87679535	87879535	harbor2	chr15	87743075	87743193	DNA/TcMar-Tigger	441	+	59	87743134	63599
chr15	87679535	87879535	harbor2	chr15	87743565	87743752	DNA/TcMar-Tigger	441	+	94	87743659	64124
chr15	100662622	100862622	harbor2	chr15	100691778	100692093	DNA/TcMar-Tigger	1900	+	158	100691936	29314
chr15	29537359	29737359	harbor2	chr15	29558628	29559074	DNA/TcMar-Tigger	2657	+	223	29558851	21492
chr15	97589673	97789673	harbor2	chr15	97649266	97649379	DNA/TcMar-Tigger	594	+	56	97649322	59649
chr15	97589673	97789673	harbor2	chr15	97649378	97649673	DNA/TcMar-Tigger	1517	+	148	97649526	59853
chr15	38657418	38857418	harbor2	chr15	38735377	38736495	DNA/TcMar-Tigger	6246	+	559	38735936	78518
chr15	42912197	43112197	harbor2	chr15	42915068	42915603	DNA/TcMar-Tigger	3089	+	268	42915336	3139
chr15	92157688	92357688	harbor2	chr15	92180264	92180365	DNA/TcMar-Tigger	982	+	50	92180314	22626
chr15	92157688	92357688	harbor2	chr15	92180705	92180824	DNA/TcMar-Tigger	982	+	60	92180765	23077
chr15	92157688	92357688	harbor2	chr15	92193292	92193531	DNA/TcMar-Tigger	1234	+	120	92193412	35724
chr15	92157688	92357688	harbor2	chr15	92221613	92222698	DNA/TcMar-Tigger	5761	+	542	92222155	64467
chr15	92157688	92357688	harbor2	chr15	92222979	92223080	DNA/TcMar-Tigger	5530	+	50	92223029	65341
chr15	92157688	92357688	harbor2	chr15	92231635	92232157	DNA/TcMar-Tigger	2711	+	261	92231896	74208
chr15	92157688	92357688	harbor2	chr15	92242321	92242667	DNA/TcMar-Tigger	1803	+	173	92242494	84806
chr16	63775723	63975723	harbor2	chr16	63805806	63806550	DNA/TcMar-Tigger	6133	+	372	63806178	30455
chr16	63775723	63975723	harbor2	chr16	63806859	63807271	DNA/TcMar-Tigger	6133	+	206	63807065	31342
chr16	63775723	63975723	harbor2	chr16	63808464	63808941	DNA/TcMar-Tigger	2474	+	238	63808702	32979
chr16	63775723	63975723	harbor2	chr16	63809004	63809607	DNA/TcMar-Tigger	2187	+	302	63809306	33583
chr16	63775723	63975723	harbor2	chr16	63809902	63809966	DNA/TcMar-Tigger	2187	+	32	63809934	34211
chr16	69635357	69835357	harbor2	chr16	69695706	69696074	DNA/TcMar-Tigger	1827	+	184	69695890	60533
chr16	80957734	81157734	harbor2	chr16	80982023	80982221	DNA/TcMar-Tigger	4748	+	99	80982122	24388
chr16	80957734	81157734	harbor2	chr16	80982540	80983318	DNA/TcMar-Tigger	4748	+	389	80982929	25195
chr16	80957734	81157734	harbor2	chr16	81014782	81015106	DNA/TcMar-Tigger	1608	+	162	81014944	57210
chr16	86964460	87164460	harbor2	chr16	87019671	87019851	DNA/TcMar-Tigger	428	+	90	87019761	55301
chr16	86964460	87164460	harbor2	chr16	87023225	87023374	DNA/TcMar-Tigger	693	+	74	87023299	58839
chr16	86964460	87164460	harbor2	chr16	87023372	87023882	DNA/TcMar-Tigger	2615	+	255	87023627	59167
chr16	86964460	87164460	harbor2	chr16	87024000	87024148	DNA/TcMar-Tigger	741	+	74	87024074	59614
chr16	88097597	88297597	harbor2	chr16	88174525	88174940	DNA/TcMar-Tigger	2196	+	208	88174733	77136
chr16	61910127	62110127	harbor2	chr16	61912866	61913038	DNA/TcMar-Tigger	1195	+	86	61912952	2825
chr16	61910127	62110127	harbor2	chr16	61913365	61913509	DNA/TcMar-Tigger	1195	+	72	61913437	3310
chr16	61910127	62110127	harbor2	chr16	61973039	61973108	DNA/TcMar-Tigger	462	+	34	61973073	62946
chr16	61910127	62110127	harbor2	chr16	61973092	61973520	DNA/TcMar-Tigger	2163	+	214	61973306	63179
chr16	71456392	71656392	harbor2	chr16	71524913	71525104	DNA/TcMar-Tigger	883	+	96	71525009	68617
chr16	59318626	59518626	harbor2	chr16	59346334	59346660	DNA/TcMar-Tigger	1633	+	163	59346497	27871
chr16	59318626	59518626	harbor2	chr16	59382621	59382803	DNA/TcMar-Tigger	882	+	91	59382712	64086
chr16	59318626	59518626	harbor2	chr16	59383938	59384298	DNA/TcMar-Tigger	1207	+	180	59384118	65492
chr16	77979567	78179567	harbor2	chr16	78064920	78065241	DNA/TcMar-Tigger	1819	+	160	78065080	85513
chr16	71065314	71265314	harbor2	chr16	71083600	71083913	DNA/TcMar-Tigger	1509	+	156	71083756	18442
chr16	71065314	71265314	harbor2	chr16	71102503	71103136	DNA/TcMar-Tigger	1684	+	316	71102819	37505
chr16	64408304	64608304	harbor2	chr16	64429312	64429516	DNA/TcMar-Tigger	1318	+	102	64429414	21110
chr16	26625893	26825893	harbor2	chr16	26681017	26681352	DNA/TcMar-Tigger	1362	+	168	26681185	55292
chr16	26625893	26825893	harbor2	chr16	26692011	26692213	DNA/TcMar-Tigger	1269	+	101	26692112	66219
chr16	58556423	58756423	harbor2	chr16	58561608	58561843	DNA/TcMar-Tigger	996	+	118	58561726	5303
chr16	58556423	58756423	harbor2	chr16	58563137	58563473	DNA/TcMar-Tigger	1219	+	168	58563305	6882
chr16	58556423	58756423	harbor2	chr16	58617418	58617604	DNA/TcMar-Tigger	762	+	93	58617511	61088
chr16	79477727	79677727	harbor2	chr16	79515289	79515651	DNA/TcMar-Tigger	2130	+	181	79515470	37743
chr16	79477727	79677727	harbor2	chr16	79536283	79536360	DNA/TcMar-Tigger	1803	+	38	79536321	58594
chr16	79477727	79677727	harbor2	chr16	79536661	79536953	DNA/TcMar-Tigger	1803	+	146	79536807	59080
chr16	79477727	79677727	harbor2	chr16	79555571	79555800	DNA/TcMar-Tigger	1387	+	114	79555685	77958
chr16	82121723	82321723	harbor2	chr16	82165545	82165872	DNA/TcMar-Tigger	2007	+	164	82165709	43986
chr16	89926180	90126180	harbor2	chr16	90015384	90015555	DNA/TcMar-Tigger	780	+	86	90015470	89290
chr16	54737480	54937480	harbor2	chr16	54770925	54771129	DNA/TcMar-Tigger	904	+	102	54771027	33547
chr16	54737480	54937480	harbor2	chr16	54795899	54796065	DNA/TcMar-Tigger	1059	+	83	54795982	58502
chr16	35383973	35583973	harbor2	chr16	35396389	35396895	DNA/TcMar-Tigger	1997	+	253	35396642	12669
chr16	35383973	35583973	harbor2	chr16	35404332	35404489	DNA/TcMar-Tigger	644	+	78	35404410	20437
chr16	35383973	35583973	harbor2	chr16	35404479	35404691	DNA/TcMar-Tigger	810	+	106	35404585	20612
chr16	35383973	35583973	harbor2	chr16	35443108	35443826	DNA/TcMar-Tigger	3405	+	359	35443467	59494
chr16	35383973	35583973	harbor2	chr16	35444123	35444259	DNA/TcMar-Tigger	3405	+	68	35444191	60218
chr16	35383973	35583973	harbor2	chr16	35476516	35476657	DNA/TcMar-Tigger	565	+	70	35476586	92613
chr16	35383973	35583973	harbor2	chr16	35476664	35476876	DNA/TcMar-Tigger	875	+	106	35476770	92797
chr16	81099703	81299703	harbor2	chr16	81161639	81161778	DNA/TcMar-Tigger	496	+	70	81161709	62006
chr16	81099703	81299703	harbor2	chr16	81162126	81162291	DNA/TcMar-Tigger	496	+	82	81162208	62505
chr16	82809848	83009848	harbor2	chr16	82828741	82828933	DNA/TcMar-Tigger	1047	+	96	82828837	18989
chr16	82809848	83009848	harbor2	chr16	82847877	82847953	DNA/TcMar-Tigger	15159	+	38	82847915	38067
chr16	82809848	83009848	harbor2	chr16	82848395	82849222	DNA/TcMar-Tigger	15159	+	414	82848809	38961
chr16	82809848	83009848	harbor2	chr16	82849525	82851047	DNA/TcMar-Tigger	15159	+	761	82850286	40438
chr16	82809848	83009848	harbor2	chr16	82908818	82909054	DNA/TcMar-Tigger	1238	+	118	82908936	99088
chr16	71824172	72024172	harbor2	chr16	71829445	71829509	DNA/TcMar-Tigger	1475	+	32	71829477	5305
chr16	71824172	72024172	harbor2	chr16	71829826	71830078	DNA/TcMar-Tigger	1475	+	126	71829952	5780
chr16	71824172	72024172	harbor2	chr16	71910065	71910311	DNA/TcMar-Tigger	1364	+	123	71910188	86016
chr16	71824172	72024172	harbor2	chr16	71910638	71910724	DNA/TcMar-Tigger	529	+	43	71910681	86509
chr16	77233015	77433015	harbor2	chr16	77259329	77259493	DNA/TcMar-Tigger	951	+	82	77259411	26396
chr16	77233015	77433015	harbor2	chr16	77259795	77259827	DNA/TcMar-Tigger	951	+	16	77259811	26796
chr16	61985022	62185022	harbor2	chr16	62015037	62015378	DNA/TcMar-Tigger	1923	+	170	62015207	30185
chr16	85395447	85595447	harbor2	chr16	85482637	85482698	DNA/TcMar-Tigger	1148	+	30	85482667	87220
chr16	85395447	85595447	harbor2	chr16	85482998	85483273	DNA/TcMar-Tigger	1148	+	138	85483136	87689
chr16	59094115	59294115	harbor2	chr16	59105288	59105623	DNA/TcMar-Tigger	1750	+	168	59105456	11341
chr16	46913511	47113511	harbor2	chr16	46954158	46954316	DNA/TcMar-Tigger	1736	+	79	46954237	40726
chr16	46913511	47113511	harbor2	chr16	46954621	46954854	DNA/TcMar-Tigger	1736	+	116	46954737	41226
chr16	46591299	46791299	harbor2	chr16	46611001	46611756	DNA/TcMar-Tigger	4673	+	378	46611379	20080
chr16	46591299	46791299	harbor2	chr16	46614963	46615391	DNA/TcMar-Tigger	2580	+	214	46615177	23878
chr16	47571920	47771920	harbor2	chr16	47599930	47600104	DNA/TcMar-Tigger	452	+	87	47600017	28097
chr16	47571920	47771920	harbor2	chr16	47658514	47658808	DNA/TcMar-Tigger	1749	+	147	47658661	86741
chr16	81721098	81921098	harbor2	chr16	81810388	81810697	DNA/TcMar-Tigger	1100	+	154	81810542	89444
chr16	65171752	65371752	harbor2	chr16	65210595	65210751	DNA/TcMar-Tigger	519	+	78	65210673	38921
chr16	75913124	76113124	harbor2	chr16	75927429	75927651	DNA/TcMar-Tigger	1376	+	111	75927540	14416
chr16	75913124	76113124	harbor2	chr16	75929047	75929547	DNA/TcMar-Tigger	2484	+	250	75929297	16173
chr16	75913124	76113124	harbor2	chr16	76007356	76007699	DNA/TcMar-Tigger	1224	+	172	76007528	94404
chr16	29318523	29518523	harbor2	chr16	29328038	29328377	DNA/TcMar-Tigger	1136	+	170	29328208	9685
chr16	58256115	58456115	harbor2	chr16	58318504	58318667	DNA/TcMar-Tigger	854	+	82	58318586	62471
chr16	58256115	58456115	harbor2	chr16	58318672	58318767	DNA/TcMar-Tigger	1487	+	48	58318720	62605
chr16	58256115	58456115	harbor2	chr16	58319075	58319232	DNA/TcMar-Tigger	1487	+	78	58319153	63038
chr16	66191418	66391418	harbor2	chr16	66197193	66197270	DNA/TcMar-Tigger	515	+	38	66197231	5813
chr16	86330724	86530724	harbor2	chr16	86421982	86422238	DNA/TcMar-Tigger	1360	+	128	86422110	91386
chr16	82390386	82590386	harbor2	chr16	82419496	82420669	DNA/TcMar-Tigger	6537	+	586	82420082	29696
chr16	82390386	82590386	harbor2	chr16	82480773	82481410	DNA/TcMar-Tigger	3121	+	318	82481091	90705
chr16	25298540	25498540	harbor2	chr16	25338014	25338252	DNA/TcMar-Tigger	1301	+	119	25338133	39593
chr16	25298540	25498540	harbor2	chr16	25338563	25338653	DNA/TcMar-Tigger	1301	+	45	25338608	40068
chr16	69514404	69714404	harbor2	chr16	69546347	69546469	DNA/TcMar-Tigger	802	+	61	69546408	32004
chr16	69514404	69714404	harbor2	chr16	69546624	69546844	DNA/TcMar-Tigger	2171	+	110	69546734	32330
chr16	69514404	69714404	harbor2	chr16	69547145	69547174	DNA/TcMar-Tigger	2171	+	14	69547159	32755
chr16	69514404	69714404	harbor2	chr16	69547463	69547647	DNA/TcMar-Tigger	2171	+	92	69547555	33151
chr16	69514404	69714404	harbor2	chr16	69578014	69578258	DNA/TcMar-Tigger	1495	+	122	69578136	63732
chr16	29424793	29624793	harbor2	chr16	29442523	29442620	DNA/TcMar-Tigger	827	+	48	29442571	17778
chr16	29424793	29624793	harbor2	chr16	29442917	29442984	DNA/TcMar-Tigger	827	+	34	29442951	18158
chr16	75954982	76154982	harbor2	chr16	76007356	76007699	DNA/TcMar-Tigger	1224	+	172	76007528	52546
chr16	70756256	70956256	harbor2	chr16	70794866	70795185	DNA/TcMar-Tigger	1815	+	160	70795026	38770
chr16	70756256	70956256	harbor2	chr16	70795520	70795546	DNA/TcMar-Tigger	1815	+	13	70795533	39277
chr16	70756256	70956256	harbor2	chr16	70805812	70806324	DNA/TcMar-Tigger	2890	+	256	70806068	49812
chr16	70756256	70956256	harbor2	chr16	70821761	70823005	DNA/TcMar-Tigger	8212	+	622	70822383	66127
chr16	87491220	87691220	harbor2	chr16	87499128	87499374	DNA/TcMar-Tigger	655	+	123	87499251	8031
chr16	80277714	80477714	harbor2	chr16	80329672	80329859	DNA/TcMar-Tigger	2982	+	94	80329766	52052
chr16	80277714	80477714	harbor2	chr16	80330147	80330594	DNA/TcMar-Tigger	2982	+	224	80330371	52657
chr16	63498290	63698290	harbor2	chr16	63529627	63529932	DNA/TcMar-Tigger	1727	+	152	63529779	31489
chr16	63498290	63698290	harbor2	chr16	63569003	63569324	DNA/TcMar-Tigger	1671	+	160	63569163	70873
chr16	82162045	82362045	harbor2	chr16	82165545	82165872	DNA/TcMar-Tigger	2007	+	164	82165709	3664
chr16	69563004	69763004	harbor2	chr16	69578014	69578258	DNA/TcMar-Tigger	1495	+	122	69578136	15132
chr16	84868900	85068900	harbor2	chr16	84871960	84872255	DNA/TcMar-Tigger	1286	+	148	84872108	3208
chr16	84868900	85068900	harbor2	chr16	84896421	84896531	DNA/TcMar-Tigger	553	+	55	84896476	27576
chr16	84868900	85068900	harbor2	chr16	84896550	84896743	DNA/TcMar-Tigger	919	+	96	84896646	27746
chr16	84868900	85068900	harbor2	chr16	84930163	84930372	DNA/TcMar-Tigger	726	+	104	84930267	61367
chr16	75930159	76130159	harbor2	chr16	76007356	76007699	DNA/TcMar-Tigger	1224	+	172	76007528	77369
chr16	79288218	79488218	harbor2	chr16	79324279	79324519	DNA/TcMar-Tigger	1240	+	120	79324399	36181
chr16	79288218	79488218	harbor2	chr16	79362710	79362995	DNA/TcMar-Tigger	799	+	142	79362852	74634
chr16	77095281	77295281	harbor2	chr16	77188624	77188923	DNA/TcMar-Tigger	892	+	150	77188774	93493
chr16	64027681	64227681	harbor2	chr16	64047395	64047701	DNA/TcMar-Tigger	1920	+	153	64047548	19867
chr16	64027681	64227681	harbor2	chr16	64078328	64078370	DNA/TcMar-Tigger	13225	+	21	64078349	50668
chr16	64027681	64227681	harbor2	chr16	64078412	64079187	DNA/TcMar-Tigger	13225	+	388	64078800	51119
chr16	64027681	64227681	harbor2	chr16	64079462	64079843	DNA/TcMar-Tigger	13225	+	190	64079652	51971
chr16	64027681	64227681	harbor2	chr16	64076732	64078018	DNA/TcMar-Tigger	13225	+	643	64077375	49694
chr16	12619223	12819223	harbor2	chr16	12671648	12671774	DNA/TcMar-Tigger	693	+	63	12671711	52488
chr16	12619223	12819223	harbor2	chr16	12671776	12671883	DNA/TcMar-Tigger	663	+	54	12671830	52607
chr16	12619223	12819223	harbor2	chr16	12671885	12672160	DNA/TcMar-Tigger	1546	+	138	12672023	52800
chr16	12619223	12819223	harbor2	chr16	12689830	12690138	DNA/TcMar-Tigger	611	+	154	12689984	70761
chr16	69755848	69955848	harbor2	chr16	69791967	69792449	DNA/TcMar-Tigger	871	+	241	69792208	36360
chr16	69755848	69955848	harbor2	chr16	69802905	69803000	DNA/TcMar-Tigger	616	+	48	69802953	47105
chr16	87496326	87696326	harbor2	chr16	87499128	87499374	DNA/TcMar-Tigger	655	+	123	87499251	2925
chr16	50372999	50572999	harbor2	chr16	50433767	50434256	DNA/TcMar-Tigger	748	+	244	50434011	61012
chr16	89708488	89908488	harbor2	chr16	89735142	89735308	DNA/TcMar-Tigger	413	+	83	89735225	26737
chr16	58265278	58465278	harbor2	chr16	58318504	58318667	DNA/TcMar-Tigger	854	+	82	58318586	53308
chr16	58265278	58465278	harbor2	chr16	58318672	58318767	DNA/TcMar-Tigger	1487	+	48	58318720	53442
chr16	58265278	58465278	harbor2	chr16	58319075	58319232	DNA/TcMar-Tigger	1487	+	78	58319153	53875
chr16	66843872	67043872	harbor2	chr16	66916737	66916910	DNA/TcMar-Tigger	1034	+	86	66916823	72951
chr16	66843872	67043872	harbor2	chr16	66917314	66917509	DNA/TcMar-Tigger	1188	+	98	66917412	73540
chr16	23718324	23918324	harbor2	chr16	23739171	23739240	DNA/TcMar-Tigger	486	+	34	23739205	20881
chr16	23718324	23918324	harbor2	chr16	23817953	23818156	DNA/TcMar-Tigger	958	+	102	23818055	99731
chr16	46560948	46760948	harbor2	chr16	46611001	46611756	DNA/TcMar-Tigger	4673	+	378	46611379	50431
chr16	46560948	46760948	harbor2	chr16	46614963	46615391	DNA/TcMar-Tigger	2580	+	214	46615177	54229
chr16	79818624	80018624	harbor2	chr16	79880820	79881111	DNA/TcMar-Tigger	2726	+	146	79880966	62342
chr16	79818624	80018624	harbor2	chr16	79881421	79881805	DNA/TcMar-Tigger	2726	+	192	79881613	62989
chr16	52888577	53088577	harbor2	chr16	52919609	52919959	DNA/TcMar-Tigger	2249	+	175	52919784	31207
chr16	32264518	32464518	harbor2	chr16	32355938	32356191	DNA/TcMar-Tigger	632	+	126	32356064	91546
chr16	54836627	55036627	harbor2	chr16	54911392	54911727	DNA/TcMar-Tigger	2172	+	168	54911560	74933
chr16	71866736	72066736	harbor2	chr16	71910065	71910311	DNA/TcMar-Tigger	1364	+	123	71910188	43452
chr16	71866736	72066736	harbor2	chr16	71910638	71910724	DNA/TcMar-Tigger	529	+	43	71910681	43945
chr16	77385178	77585178	harbor2	chr16	77408825	77409169	DNA/TcMar-Tigger	1600	+	172	77408997	23819
chr16	77385178	77585178	harbor2	chr16	77428642	77428868	DNA/TcMar-Tigger	1281	+	113	77428755	43577
chr16	86341082	86541082	harbor2	chr16	86421982	86422238	DNA/TcMar-Tigger	1360	+	128	86422110	81028
chr16	63994079	64194079	harbor2	chr16	64047395	64047701	DNA/TcMar-Tigger	1920	+	153	64047548	53469
chr16	63994079	64194079	harbor2	chr16	64078328	64078370	DNA/TcMar-Tigger	13225	+	21	64078349	84270
chr16	63994079	64194079	harbor2	chr16	64078412	64079187	DNA/TcMar-Tigger	13225	+	388	64078800	84721
chr16	63994079	64194079	harbor2	chr16	64079462	64079843	DNA/TcMar-Tigger	13225	+	190	64079652	85573
chr16	63994079	64194079	harbor2	chr16	64076732	64078018	DNA/TcMar-Tigger	13225	+	643	64077375	83296
chr16	85065400	85265400	harbor2	chr16	85099275	85099495	DNA/TcMar-Tigger	471	+	110	85099385	33985
chr16	75865568	76065568	harbor2	chr16	75890100	75890547	DNA/TcMar-Tigger	2528	+	224	75890324	24756
chr16	75865568	76065568	harbor2	chr16	75908419	75908727	DNA/TcMar-Tigger	521	+	154	75908573	43005
chr16	75865568	76065568	harbor2	chr16	75911950	75912461	DNA/TcMar-Tigger	2091	+	256	75912206	46638
chr16	75865568	76065568	harbor2	chr16	75927429	75927651	DNA/TcMar-Tigger	1376	+	111	75927540	61972
chr16	75865568	76065568	harbor2	chr16	75929047	75929547	DNA/TcMar-Tigger	2484	+	250	75929297	63729
chr16	66890862	67090862	harbor2	chr16	66916737	66916910	DNA/TcMar-Tigger	1034	+	86	66916823	25961
chr16	66890862	67090862	harbor2	chr16	66917314	66917509	DNA/TcMar-Tigger	1188	+	98	66917412	26550
chr16	66890862	67090862	harbor2	chr16	66980202	66980348	DNA/TcMar-Tigger	864	+	73	66980275	89413
chr16	8437037	8637037	harbor2	chr16	8499091	8499561	DNA/TcMar-Tigger	3372	+	235	8499326	62289
chr16	8437037	8637037	harbor2	chr16	8499857	8500000	DNA/TcMar-Tigger	3372	+	72	8499929	62892
chr16	8437037	8637037	harbor2	chr16	8500250	8500515	DNA/TcMar-Tigger	1562	+	132	8500382	63345
chr16	76182751	76382751	harbor2	chr16	76258216	76258408	DNA/TcMar-Tigger	647	+	96	76258312	75561
chr16	79525040	79725040	harbor2	chr16	79536283	79536360	DNA/TcMar-Tigger	1803	+	38	79536321	11281
chr16	79525040	79725040	harbor2	chr16	79536661	79536953	DNA/TcMar-Tigger	1803	+	146	79536807	11767
chr16	79525040	79725040	harbor2	chr16	79555571	79555800	DNA/TcMar-Tigger	1387	+	114	79555685	30645
chr16	48371303	48571303	harbor2	chr16	48459388	48459699	DNA/TcMar-Tigger	1530	+	156	48459544	88241
chr16	48371303	48571303	harbor2	chr16	48461794	48461886	DNA/TcMar-Tigger	2547	+	46	48461840	90537
chr16	48371303	48571303	harbor2	chr16	48462187	48462562	DNA/TcMar-Tigger	2547	+	188	48462375	91072
chr16	48371303	48571303	harbor2	chr16	48462578	48462680	DNA/TcMar-Tigger	559	+	51	48462629	91326
chr16	74433944	74633944	harbor2	chr16	74499410	74499639	DNA/TcMar-Tigger	1297	+	114	74499524	65580
chr16	74433944	74633944	harbor2	chr16	74519496	74519565	DNA/TcMar-Tigger	425	+	34	74519530	85586
chr16	75088438	75288438	harbor2	chr16	75149443	75149544	DNA/TcMar-Tigger	472	+	50	75149493	61055
chr16	75088438	75288438	harbor2	chr16	75186484	75186804	DNA/TcMar-Tigger	1534	+	160	75186644	98206
chr16	52878735	53078735	harbor2	chr16	52919609	52919959	DNA/TcMar-Tigger	2249	+	175	52919784	41049
chr16	27297383	27497383	harbor2	chr16	27318062	27318348	DNA/TcMar-Tigger	648	+	143	27318205	20822
chr16	21024074	21224074	harbor2	chr16	21116698	21116969	DNA/TcMar-Tigger	885	+	136	21116834	92760
chr16	79162423	79362423	harbor2	chr16	79216382	79216746	DNA/TcMar-Tigger	1911	+	182	79216564	54141
chr16	53287027	53487027	harbor2	chr16	53328094	53328274	DNA/TcMar-Tigger	631	+	90	53328184	41157
chr16	53287027	53487027	harbor2	chr16	53328575	53328643	DNA/TcMar-Tigger	631	+	34	53328609	41582
chr16	53938045	54138045	harbor2	chr16	53989741	53990178	DNA/TcMar-Tigger	2411	+	218	53989959	51914
chr16	53938045	54138045	harbor2	chr16	54001260	54001659	DNA/TcMar-Tigger	751	+	200	54001460	63415
chr16	53938045	54138045	harbor2	chr16	54011506	54013924	DNA/TcMar-Tigger	14188	+	1209	54012715	74670
chr16	81738226	81938226	harbor2	chr16	81810388	81810697	DNA/TcMar-Tigger	1100	+	154	81810542	72316
chr16	89722392	89922392	harbor2	chr16	89735142	89735308	DNA/TcMar-Tigger	413	+	83	89735225	12833
chr16	87087078	87287078	harbor2	chr16	87125431	87125587	DNA/TcMar-Tigger	494	+	78	87125509	38431
chr16	73948379	74148379	harbor2	chr16	73987395	73987468	DNA/TcMar-Tigger	453	+	36	73987431	39052
chr16	73948379	74148379	harbor2	chr16	73989047	73989182	DNA/TcMar-Tigger	736	+	68	73989115	40736
chr16	73948379	74148379	harbor2	chr16	74010224	74010299	DNA/TcMar-Tigger	1481	+	38	74010262	61883
chr16	73948379	74148379	harbor2	chr16	74010594	74010906	DNA/TcMar-Tigger	1481	+	156	74010750	62371
chr16	73688791	73888791	harbor2	chr16	73752928	73753030	DNA/TcMar-Tigger	454	+	51	73752979	64188
chr16	73688791	73888791	harbor2	chr16	73753028	73753195	DNA/TcMar-Tigger	1034	+	84	73753112	64321
chr16	73688791	73888791	harbor2	chr16	73753744	73753970	DNA/TcMar-Tigger	1045	+	113	73753857	65066
chr16	62980467	63180467	harbor2	chr16	63051963	63052304	DNA/TcMar-Tigger	2085	+	170	63052133	71666
chr16	62980467	63180467	harbor2	chr16	63078699	63078941	DNA/TcMar-Tigger	1376	+	121	63078820	98353
chr16	62980467	63180467	harbor2	chr16	63079336	63079423	DNA/TcMar-Tigger	512	+	44	63079380	98913
chr16	71515898	71715898	harbor2	chr16	71524913	71525104	DNA/TcMar-Tigger	883	+	96	71525009	9111
chr17	75504135	75704135	harbor2	chr17	75547980	75548211	DNA/TcMar-Tigger	1295	+	116	75548096	43961
chr17	78082558	78282558	harbor2	chr17	78177236	78177535	DNA/TcMar-Tigger	1569	+	150	78177386	94828
chr17	64396792	64596792	harbor2	chr17	64409501	64409687	DNA/TcMar-Tigger	532	+	93	64409594	12802
chr17	64396792	64596792	harbor2	chr17	64472523	64472796	DNA/TcMar-Tigger	1625	+	136	64472659	75867
chr17	64396792	64596792	harbor2	chr17	64482695	64482884	DNA/TcMar-Tigger	943	+	94	64482789	85997
chr17	62727831	62927831	harbor2	chr17	62812840	62813051	DNA/TcMar-Tigger	1342	+	106	62812946	85115
chr17	62727831	62927831	harbor2	chr17	62825900	62825939	DNA/TcMar-Tigger	2124	+	20	62825920	98089
chr17	62727831	62927831	harbor2	chr17	62826243	62826546	DNA/TcMar-Tigger	2124	+	152	62826395	98564
chr17	82526221	82726221	harbor2	chr17	82607709	82607833	DNA/TcMar-Tigger	663	+	62	82607771	81550
chr17	47534150	47734150	harbor2	chr17	47592684	47592756	DNA/TcMar-Tigger	1353	+	36	47592720	58570
chr17	47534150	47734150	harbor2	chr17	47592984	47593175	DNA/TcMar-Tigger	1353	+	96	47593080	58930
chr17	49801246	50001246	harbor2	chr17	49813526	49813864	DNA/TcMar-Tigger	1683	+	169	49813695	12449
chr17	49801246	50001246	harbor2	chr17	49825467	49825791	DNA/TcMar-Tigger	2004	+	162	49825629	24383
chr17	49801246	50001246	harbor2	chr17	49823689	49824264	DNA/TcMar-Tigger	2582	+	288	49823977	22731
chr17	75135961	75335961	harbor2	chr17	75163911	75164031	DNA/TcMar-Tigger	636	+	60	75163971	28010
chr17	75135961	75335961	harbor2	chr17	75197926	75198030	DNA/TcMar-Tigger	630	+	52	75197978	62017
chr17	77620535	77820535	harbor2	chr17	77717412	77717737	DNA/TcMar-Tigger	1689	+	162	77717574	97039
chr17	51588346	51788346	harbor2	chr17	51619526	51619749	DNA/TcMar-Tigger	1223	+	112	51619638	31292
chr17	65289511	65489511	harbor2	chr17	65334083	65334563	DNA/TcMar-Tigger	2975	+	240	65334323	44812
chr17	65289511	65489511	harbor2	chr17	65344530	65344754	DNA/TcMar-Tigger	1474	+	112	65344642	55131
chr17	65289511	65489511	harbor2	chr17	65374337	65374676	DNA/TcMar-Tigger	1518	+	170	65374507	84996
chr17	77347578	77547578	harbor2	chr17	77347669	77348020	DNA/TcMar-Tigger	1988	+	176	77347845	267
chr17	39469413	39669413	harbor2	chr17	39484700	39484888	DNA/TcMar-Tigger	951	+	94	39484794	15381
chr17	39469413	39669413	harbor2	chr17	39485189	39485238	DNA/TcMar-Tigger	951	+	24	39485213	15800
chr17	39469413	39669413	harbor2	chr17	39505669	39505902	DNA/TcMar-Tigger	1038	+	116	39505785	36372
chr17	36928410	37128410	harbor2	chr17	36962762	36962839	DNA/TcMar-Tigger	1012	+	38	36962800	34390
chr17	36928410	37128410	harbor2	chr17	36963140	36963560	DNA/TcMar-Tigger	1012	+	210	36963350	34940
chr17	36928410	37128410	harbor2	chr17	37004947	37005239	DNA/TcMar-Tigger	1262	+	146	37005093	76683
chr17	36928410	37128410	harbor2	chr17	37012521	37012684	DNA/TcMar-Tigger	600	+	82	37012603	84193
chr17	49707633	49907633	harbor2	chr17	49790553	49790850	DNA/TcMar-Tigger	715	+	148	49790701	83068
chr17	49707633	49907633	harbor2	chr17	49792403	49792811	DNA/TcMar-Tigger	2396	+	204	49792607	84974
chr17	49707633	49907633	harbor2	chr17	49793113	49793197	DNA/TcMar-Tigger	2396	+	42	49793155	85522
chr17	48571708	48771708	harbor2	chr17	48669850	48669926	DNA/TcMar-Tigger	1753	+	38	48669888	98180
chr17	48571708	48771708	harbor2	chr17	48670222	48670493	DNA/TcMar-Tigger	1753	+	136	48670358	98650
chr17	76834271	77034271	harbor2	chr17	76859760	76859861	DNA/TcMar-Tigger	1115	+	50	76859810	25539
chr17	76834271	77034271	harbor2	chr17	76860129	76860326	DNA/TcMar-Tigger	1115	+	98	76860227	25956
chr17	76834271	77034271	harbor2	chr17	76885895	76886151	DNA/TcMar-Tigger	702	+	128	76886023	51752
chr17	77103472	77303472	harbor2	chr17	77153995	77154188	DNA/TcMar-Tigger	1170	+	96	77154091	50619
chr17	77103472	77303472	harbor2	chr17	77154460	77154611	DNA/TcMar-Tigger	1170	+	76	77154536	51064
chr17	77103472	77303472	harbor2	chr17	77186988	77187222	DNA/TcMar-Tigger	1423	+	117	77187105	83633
chr17	76760535	76960535	harbor2	chr17	76775692	76775867	DNA/TcMar-Tigger	922	+	88	76775780	15245
chr17	76760535	76960535	harbor2	chr17	76795013	76795212	DNA/TcMar-Tigger	1520	+	100	76795113	34578
chr17	76760535	76960535	harbor2	chr17	76795503	76795599	DNA/TcMar-Tigger	1520	+	48	76795551	35016
chr17	76760535	76960535	harbor2	chr17	76859760	76859861	DNA/TcMar-Tigger	1115	+	50	76859810	99275
chr17	76760535	76960535	harbor2	chr17	76860129	76860326	DNA/TcMar-Tigger	1115	+	98	76860227	99692
chr17	80866588	81066588	harbor2	chr17	80940124	80940450	DNA/TcMar-Tigger	872	+	163	80940287	73699
chr17	80750530	80950530	harbor2	chr17	80793117	80793318	DNA/TcMar-Tigger	1082	+	100	80793217	42687
chr17	80750530	80950530	harbor2	chr17	80835537	80835854	DNA/TcMar-Tigger	1747	+	158	80835695	85165
chr17	81860631	82060631	harbor2	chr17	81946000	81946072	DNA/TcMar-Tigger	865	+	36	81946036	85405
chr17	81860631	82060631	harbor2	chr17	81946678	81946688	DNA/TcMar-Tigger	865	+	5	81946683	86052
chr17	81860631	82060631	harbor2	chr17	81947005	81947211	DNA/TcMar-Tigger	865	+	103	81947108	86477
chr17	60875080	61075080	harbor2	chr17	60914576	60914981	DNA/TcMar-Tigger	1879	+	202	60914778	39698
chr17	73638169	73838169	harbor2	chr17	73660732	73661057	DNA/TcMar-Tigger	1868	+	162	73660894	22725
chr17	69570299	69770299	harbor2	chr17	69659394	69659515	DNA/TcMar-Tigger	646	+	60	69659454	89155
chr17	69570299	69770299	harbor2	chr17	69660915	69661372	DNA/TcMar-Tigger	1790	+	228	69661143	90844
chr17	77071718	77271718	harbor2	chr17	77086824	77087121	DNA/TcMar-Tigger	531	+	148	77086972	15254
chr17	77071718	77271718	harbor2	chr17	77153995	77154188	DNA/TcMar-Tigger	1170	+	96	77154091	82373
chr17	77071718	77271718	harbor2	chr17	77154460	77154611	DNA/TcMar-Tigger	1170	+	76	77154536	82818
chr17	79630539	79830539	harbor2	chr17	79655462	79655688	DNA/TcMar-Tigger	636	+	113	79655575	25036
chr17	79630539	79830539	harbor2	chr17	79717124	79717300	DNA/TcMar-Tigger	1230	+	88	79717212	86673
chr17	79630539	79830539	harbor2	chr17	79717603	79717716	DNA/TcMar-Tigger	1230	+	56	79717659	87120
chr17	79630539	79830539	harbor2	chr17	79718018	79718095	DNA/TcMar-Tigger	1230	+	38	79718056	87517
chr17	80793881	80993881	harbor2	chr17	80835537	80835854	DNA/TcMar-Tigger	1747	+	158	80835695	41814
chr17	51112291	51312291	harbor2	chr17	51189191	51189300	DNA/TcMar-Tigger	571	+	54	51189245	76954
chr17	59228891	59428891	harbor2	chr17	59228989	59229078	DNA/TcMar-Tigger	577	+	44	59229033	142
chr17	59228891	59428891	harbor2	chr17	59229698	59230370	DNA/TcMar-Tigger	10104	+	336	59230034	1143
chr17	59228891	59428891	harbor2	chr17	59230682	59231316	DNA/TcMar-Tigger	10104	+	317	59230999	2108
chr17	59228891	59428891	harbor2	chr17	59231626	59232171	DNA/TcMar-Tigger	10104	+	272	59231898	3007
chr17	59228891	59428891	harbor2	chr17	59232466	59232933	DNA/TcMar-Tigger	10104	+	234	59232700	3809
chr17	59228891	59428891	harbor2	chr17	59233541	59234071	DNA/TcMar-Tigger	10104	+	265	59233806	4915
chr17	59228891	59428891	harbor2	chr17	59240321	59240472	DNA/TcMar-Tigger	3394	+	76	59240397	11506
chr17	59228891	59428891	harbor2	chr17	59240771	59241213	DNA/TcMar-Tigger	3394	+	221	59240992	12101
chr17	59228891	59428891	harbor2	chr17	59263944	59263995	DNA/TcMar-Tigger	555	+	26	59263970	35079
chr17	59228891	59428891	harbor2	chr17	59264591	59264714	DNA/TcMar-Tigger	555	+	62	59264653	35762
chr17	82848275	83048275	harbor2	chr17	82854171	82854897	DNA/TcMar-Tigger	2392	+	363	82854534	6259
chr17	79351217	79551217	harbor2	chr17	79435780	79435991	DNA/TcMar-Tigger	720	+	106	79435886	84669
chr17	9262632	9462632	harbor2	chr17	9304947	9305105	DNA/TcMar-Tigger	1677	+	79	9305026	42394
chr17	9262632	9462632	harbor2	chr17	9305391	9305608	DNA/TcMar-Tigger	1677	+	108	9305499	42867
chr17	9262632	9462632	harbor2	chr17	9324861	9325269	DNA/TcMar-Tigger	2363	+	204	9325065	62433
chr17	9262632	9462632	harbor2	chr17	9306043	9306315	DNA/TcMar-Tigger	1485	+	136	9306179	43547
chr17	73828804	74028804	harbor2	chr17	73883409	73883626	DNA/TcMar-Tigger	1191	+	108	73883517	54713
chr17	73828804	74028804	harbor2	chr17	73921888	73922205	DNA/TcMar-Tigger	1745	+	158	73922046	93242
chr17	73828804	74028804	harbor2	chr17	73926310	73926937	DNA/TcMar-Tigger	14993	+	314	73926624	97820
chr17	73828804	74028804	harbor2	chr17	73927399	73928824	DNA/TcMar-Tigger	14993	+	712	73928111	99307
chr17	45936705	46136705	harbor2	chr17	46036380	46036683	DNA/TcMar-Tigger	1581	+	152	46036532	99827
chr17	71356408	71556408	harbor2	chr17	71456255	71456556	DNA/TcMar-Tigger	1663	+	150	71456405	99997
chr17	61631075	61831075	harbor2	chr17	61649146	61649506	DNA/TcMar-Tigger	2396	+	180	61649326	18251
chr17	61631075	61831075	harbor2	chr17	61678472	61678624	DNA/TcMar-Tigger	673	+	76	61678548	47473
chr17	61631075	61831075	harbor2	chr17	61708166	61708415	DNA/TcMar-Tigger	1207	+	124	61708290	77215
chr17	61631075	61831075	harbor2	chr17	61708414	61708512	DNA/TcMar-Tigger	592	+	49	61708463	77388
chr17	61631075	61831075	harbor2	chr17	61712994	61713524	DNA/TcMar-Tigger	4227	+	265	61713259	82184
chr17	61631075	61831075	harbor2	chr17	61713817	61714643	DNA/TcMar-Tigger	4227	+	413	61714230	83155
chr17	61631075	61831075	harbor2	chr17	61720469	61720775	DNA/TcMar-Tigger	1629	+	153	61720622	89547
chr17	61095011	61295011	harbor2	chr17	61105887	61106235	DNA/TcMar-Tigger	2008	+	174	61106061	11050
chr17	61095011	61295011	harbor2	chr17	61106236	61106581	DNA/TcMar-Tigger	1837	+	172	61106408	11397
chr17	61095011	61295011	harbor2	chr17	61151125	61151359	DNA/TcMar-Tigger	1317	+	117	61151242	56231
chr17	61095011	61295011	harbor2	chr17	61183586	61184239	DNA/TcMar-Tigger	3110	+	326	61183912	88901
chr17	63685707	63885707	harbor2	chr17	63771148	63771435	DNA/TcMar-Tigger	1048	+	144	63771292	85585
chr17	52958646	53158646	harbor2	chr17	52964228	52964447	DNA/TcMar-Tigger	2623	+	110	52964338	5692
chr17	52958646	53158646	harbor2	chr17	52964483	52964849	DNA/TcMar-Tigger	2623	+	183	52964666	6020
chr17	46731429	46931429	harbor2	chr17	46760698	46761039	DNA/TcMar-Tigger	2128	+	170	46760868	29439
chr17	65419756	65619756	harbor2	chr17	65447886	65448213	DNA/TcMar-Tigger	685	+	164	65448050	28294
chr17	35379360	35579360	harbor2	chr17	35418284	35418686	DNA/TcMar-Tigger	2151	+	201	35418485	39125
chr17	45308827	45508827	harbor2	chr17	45372130	45372399	DNA/TcMar-Tigger	612	+	134	45372264	63437
chr17	74216489	74416489	harbor2	chr17	74256963	74257220	DNA/TcMar-Tigger	932	+	128	74257091	40602
chr17	74216489	74416489	harbor2	chr17	74288082	74288425	DNA/TcMar-Tigger	1988	+	172	74288254	71765
chr17	73842588	74042588	harbor2	chr17	73883409	73883626	DNA/TcMar-Tigger	1191	+	108	73883517	40929
chr17	73842588	74042588	harbor2	chr17	73921888	73922205	DNA/TcMar-Tigger	1745	+	158	73922046	79458
chr17	73842588	74042588	harbor2	chr17	73926310	73926937	DNA/TcMar-Tigger	14993	+	314	73926624	84036
chr17	73842588	74042588	harbor2	chr17	73927399	73928824	DNA/TcMar-Tigger	14993	+	712	73928111	85523
chr17	73842588	74042588	harbor2	chr17	73929126	73929462	DNA/TcMar-Tigger	14993	+	168	73929294	86706
chr17	53827955	54027955	harbor2	chr17	53887826	53888048	DNA/TcMar-Tigger	963	+	111	53887937	59982
chr17	67269928	67469928	harbor2	chr17	67297643	67297821	DNA/TcMar-Tigger	4292	+	89	67297732	27804
chr17	67269928	67469928	harbor2	chr17	67298081	67298177	DNA/TcMar-Tigger	4292	+	48	67298129	28201
chr17	67269928	67469928	harbor2	chr17	67298487	67298514	DNA/TcMar-Tigger	4292	+	14	67298501	28573
chr17	67269928	67469928	harbor2	chr17	67298815	67299004	DNA/TcMar-Tigger	4292	+	94	67298909	28981
chr17	67269928	67469928	harbor2	chr17	67299298	67299419	DNA/TcMar-Tigger	4292	+	60	67299358	29430
chr17	67269928	67469928	harbor2	chr17	67299716	67299855	DNA/TcMar-Tigger	4292	+	70	67299786	29858
chr17	67269928	67469928	harbor2	chr17	67300158	67300344	DNA/TcMar-Tigger	4292	+	93	67300251	30323
chr17	67269928	67469928	harbor2	chr17	67352608	67352763	DNA/TcMar-Tigger	822	+	78	67352686	82758
chr17	67269928	67469928	harbor2	chr17	67352767	67352999	DNA/TcMar-Tigger	1212	+	116	67352883	82955
chr17	79347960	79547960	harbor2	chr17	79435780	79435991	DNA/TcMar-Tigger	720	+	106	79435886	87926
chr17	78462222	78662222	harbor2	chr17	78468189	78468395	DNA/TcMar-Tigger	917	+	103	78468292	6070
chr17	68359538	68559538	harbor2	chr17	68379953	68380179	DNA/TcMar-Tigger	2494	+	113	68380066	20528
chr17	68359538	68559538	harbor2	chr17	68380569	68380803	DNA/TcMar-Tigger	2494	+	117	68380686	21148
chr17	68359538	68559538	harbor2	chr17	68393157	68393584	DNA/TcMar-Tigger	2863	+	214	68393371	33833
chr17	68359538	68559538	harbor2	chr17	68393898	68393944	DNA/TcMar-Tigger	2863	+	23	68393921	34383
chr17	68359538	68559538	harbor2	chr17	68394122	68394322	DNA/TcMar-Tigger	1781	+	100	68394222	34684
chr17	68359538	68559538	harbor2	chr17	68394652	68394750	DNA/TcMar-Tigger	1781	+	49	68394701	35163
chr17	81496384	81696384	harbor2	chr17	81576299	81576536	DNA/TcMar-Tigger	1095	+	118	81576417	80033
chr17	38973015	39173015	harbor2	chr17	39019074	39019817	DNA/TcMar-Tigger	5159	+	372	39019446	46431
chr17	38973015	39173015	harbor2	chr17	39020116	39020292	DNA/TcMar-Tigger	4222	+	88	39020204	47189
chr17	38973015	39173015	harbor2	chr17	39020596	39021036	DNA/TcMar-Tigger	4222	+	220	39020816	47801
chr17	67280404	67480404	harbor2	chr17	67297643	67297821	DNA/TcMar-Tigger	4292	+	89	67297732	17328
chr17	67280404	67480404	harbor2	chr17	67298081	67298177	DNA/TcMar-Tigger	4292	+	48	67298129	17725
chr17	67280404	67480404	harbor2	chr17	67298487	67298514	DNA/TcMar-Tigger	4292	+	14	67298501	18097
chr17	67280404	67480404	harbor2	chr17	67298815	67299004	DNA/TcMar-Tigger	4292	+	94	67298909	18505
chr17	67280404	67480404	harbor2	chr17	67299298	67299419	DNA/TcMar-Tigger	4292	+	60	67299358	18954
chr17	67280404	67480404	harbor2	chr17	67299716	67299855	DNA/TcMar-Tigger	4292	+	70	67299786	19382
chr17	67280404	67480404	harbor2	chr17	67300158	67300344	DNA/TcMar-Tigger	4292	+	93	67300251	19847
chr17	67280404	67480404	harbor2	chr17	67352608	67352763	DNA/TcMar-Tigger	822	+	78	67352686	72282
chr17	67280404	67480404	harbor2	chr17	67352767	67352999	DNA/TcMar-Tigger	1212	+	116	67352883	72479
chr17	73115608	73315608	harbor2	chr17	73186201	73186440	DNA/TcMar-Tigger	1222	+	120	73186321	70713
chr17	51248948	51448948	harbor2	chr17	51285554	51285874	DNA/TcMar-Tigger	1886	+	160	51285714	36766
chr17	20648337	20848337	harbor2	chr17	20648862	20648927	DNA/TcMar-Tigger	3802	+	32	20648894	557
chr17	20648337	20848337	harbor2	chr17	20649200	20650029	DNA/TcMar-Tigger	3802	+	414	20649614	1277
chr17	49439195	49639195	harbor2	chr17	49522118	49522378	DNA/TcMar-Tigger	1338	+	130	49522248	83053
chr17	59512034	59712034	harbor2	chr17	59595021	59595074	DNA/TcMar-Tigger	1104	+	26	59595047	83013
chr17	59512034	59712034	harbor2	chr17	59595382	59595518	DNA/TcMar-Tigger	1104	+	68	59595450	83416
chr17	59512034	59712034	harbor2	chr17	59596006	59596109	DNA/TcMar-Tigger	598	+	52	59596058	84024
chr17	59512034	59712034	harbor2	chr17	59600213	59600409	DNA/TcMar-Tigger	806	+	98	59600311	88277
chr17	59512034	59712034	harbor2	chr17	59611753	59612048	DNA/TcMar-Tigger	847	+	148	59611901	99867
chr17	69627362	69827362	harbor2	chr17	69659394	69659515	DNA/TcMar-Tigger	646	+	60	69659454	32092
chr17	69627362	69827362	harbor2	chr17	69660915	69661372	DNA/TcMar-Tigger	1790	+	228	69661143	33781
chr17	36052860	36252860	harbor2	chr17	36067822	36068168	DNA/TcMar-Tigger	1950	+	173	36067995	15135
chr17	36052860	36252860	harbor2	chr17	36109126	36109210	DNA/TcMar-Tigger	1138	+	42	36109168	56308
chr17	36052860	36252860	harbor2	chr17	36109495	36109746	DNA/TcMar-Tigger	1138	+	126	36109621	56761
chr17	36052860	36252860	harbor2	chr17	36128831	36130901	DNA/TcMar-Tigger	15154	+	1035	36129866	77006
chr17	36052860	36252860	harbor2	chr17	36131210	36131551	DNA/TcMar-Tigger	15154	+	170	36131380	78520
chr17	81550929	81750929	harbor2	chr17	81576299	81576536	DNA/TcMar-Tigger	1095	+	118	81576417	25488
chr17	64411574	64611574	harbor2	chr17	64472523	64472796	DNA/TcMar-Tigger	1625	+	136	64472659	61085
chr17	64411574	64611574	harbor2	chr17	64482695	64482884	DNA/TcMar-Tigger	943	+	94	64482789	71215
chr17	54002434	54202434	harbor2	chr17	54045718	54045917	DNA/TcMar-Tigger	1078	+	100	54045818	43384
chr17	54002434	54202434	harbor2	chr17	54074845	54075269	DNA/TcMar-Tigger	2417	+	212	54075057	72623
chr17	54002434	54202434	harbor2	chr17	54075253	54076688	DNA/TcMar-Tigger	9766	+	718	54075971	73537
chr17	54002434	54202434	harbor2	chr17	54076992	54077007	DNA/TcMar-Tigger	9766	+	8	54077000	74566
chr17	54002434	54202434	harbor2	chr17	54077043	54077065	DNA/TcMar-Tigger	9766	+	11	54077054	74620
chr17	54002434	54202434	harbor2	chr17	54077101	54077445	DNA/TcMar-Tigger	9766	+	172	54077273	74839
chr17	16095547	16295547	harbor2	chr17	16126877	16127111	DNA/TcMar-Tigger	1044	+	117	16126994	31447
chr17	16095547	16295547	harbor2	chr17	16127765	16127853	DNA/TcMar-Tigger	599	+	44	16127809	32262
chr17	75589279	75789279	harbor2	chr17	75632153	75632354	DNA/TcMar-Tigger	994	+	100	75632253	42974
chr17	75589279	75789279	harbor2	chr17	75676675	75676951	DNA/TcMar-Tigger	1382	+	138	75676813	87534
chr17	37142008	37342008	harbor2	chr17	37161478	37161704	DNA/TcMar-Tigger	749	+	113	37161591	19583
chr17	69966224	70166224	harbor2	chr17	69975199	69975531	DNA/TcMar-Tigger	1738	+	166	69975365	9141
chr17	69966224	70166224	harbor2	chr17	70065608	70066090	DNA/TcMar-Tigger	1396	+	241	70065849	99625
chr17	69162284	69362284	harbor2	chr17	69165700	69168325	DNA/TcMar-Tigger	14334	+	1312	69167012	4728
chr17	69162284	69362284	harbor2	chr17	69252882	69253211	DNA/TcMar-Tigger	1902	+	164	69253046	90762
chr17	21620843	21820843	harbor2	chr17	21639234	21639642	DNA/TcMar-Tigger	1649	+	204	21639438	18595
chr17	21620843	21820843	harbor2	chr17	21639942	21640264	DNA/TcMar-Tigger	1649	+	161	21640103	19260
chr17	70069375	70269375	harbor2	chr17	70083397	70083734	DNA/TcMar-Tigger	2006	+	168	70083565	14190
chr17	70069375	70269375	harbor2	chr17	70146813	70147136	DNA/TcMar-Tigger	1439	+	162	70146975	77600
chr17	70069375	70269375	harbor2	chr17	70165509	70165814	DNA/TcMar-Tigger	498	+	152	70165661	96286
chr17	68893890	69093890	harbor2	chr17	68896368	68897091	DNA/TcMar-Tigger	4084	+	362	68896730	2840
chr17	68105019	68305019	harbor2	chr17	68199736	68200053	DNA/TcMar-Tigger	940	+	158	68199894	94875
chr17	79212468	79412468	harbor2	chr17	79299343	79299656	DNA/TcMar-Tigger	714	+	156	79299499	87031
chr17	30466528	30666528	harbor2	chr17	30505438	30505727	DNA/TcMar-Tigger	12381	+	144	30505582	39054
chr17	30466528	30666528	harbor2	chr17	30507744	30508044	DNA/TcMar-Tigger	12381	+	150	30507894	41366
chr17	30466528	30666528	harbor2	chr17	30543392	30543522	DNA/TcMar-Tigger	541	+	65	30543457	76929
chr17	30466528	30666528	harbor2	chr17	30543526	30545639	DNA/TcMar-Tigger	12290	+	1056	30544582	78054
chr17	30466528	30666528	harbor2	chr17	30506030	30507433	DNA/TcMar-Tigger	12381	+	702	30506732	40204
chr17	71892499	72092499	harbor2	chr17	71973424	71973746	DNA/TcMar-Tigger	1588	+	161	71973585	81086
chr17	59131980	59331980	harbor2	chr17	59228989	59229078	DNA/TcMar-Tigger	577	+	44	59229033	97053
chr17	59131980	59331980	harbor2	chr17	59229698	59230370	DNA/TcMar-Tigger	10104	+	336	59230034	98054
chr17	59131980	59331980	harbor2	chr17	59230682	59231316	DNA/TcMar-Tigger	10104	+	317	59230999	99019
chr17	59131980	59331980	harbor2	chr17	59231626	59232171	DNA/TcMar-Tigger	10104	+	272	59231898	99918
chr17	73148530	73348530	harbor2	chr17	73186201	73186440	DNA/TcMar-Tigger	1222	+	120	73186321	37791
chr17	27938244	28138244	harbor2	chr17	28037537	28037651	DNA/TcMar-Tigger	1788	+	57	28037594	99350
chr17	27938244	28138244	harbor2	chr17	28037925	28038139	DNA/TcMar-Tigger	1788	+	107	28038032	99788
chr17	52647184	52847184	harbor2	chr17	52697888	52698407	DNA/TcMar-Tigger	2298	+	260	52698148	50964
chr17	76537788	76737788	harbor2	chr17	76590577	76590704	DNA/TcMar-Tigger	563	+	64	76590641	52853
chr17	35364082	35564082	harbor2	chr17	35418284	35418686	DNA/TcMar-Tigger	2151	+	201	35418485	54403
chr17	82848727	83048727	harbor2	chr17	82854171	82854897	DNA/TcMar-Tigger	2392	+	363	82854534	5807
chr17	41608638	41808638	harbor2	chr17	41661906	41662033	DNA/TcMar-Tigger	1417	+	64	41661970	53332
chr17	41608638	41808638	harbor2	chr17	41662325	41662515	DNA/TcMar-Tigger	1417	+	95	41662420	53782
chr17	41608638	41808638	harbor2	chr17	41692793	41692988	DNA/TcMar-Tigger	1150	+	98	41692891	84253
chr17	50633840	50833840	harbor2	chr17	50711979	50712258	DNA/TcMar-Tigger	1829	+	140	50712119	78279
chr17	50633840	50833840	harbor2	chr17	50712934	50713015	DNA/TcMar-Tigger	1829	+	40	50712974	79134
chr17	50633840	50833840	harbor2	chr17	50725603	50726165	DNA/TcMar-Tigger	4661	+	281	50725884	92044
chr17	50633840	50833840	harbor2	chr17	50726472	50726808	DNA/TcMar-Tigger	4661	+	168	50726640	92800
chr17	50633840	50833840	harbor2	chr17	50727102	50727212	DNA/TcMar-Tigger	4661	+	55	50727157	93317
chr17	57862295	58062295	harbor2	chr17	57882571	57883022	DNA/TcMar-Tigger	2705	+	226	57882797	20502
chr17	82563756	82763756	harbor2	chr17	82607709	82607833	DNA/TcMar-Tigger	663	+	62	82607771	44015
chr17	73364717	73564717	harbor2	chr17	73416531	73416588	DNA/TcMar-Tigger	860	+	28	73416559	51842
chr17	73364717	73564717	harbor2	chr17	73416888	73417121	DNA/TcMar-Tigger	860	+	116	73417004	52287
chr17	73364717	73564717	harbor2	chr17	73417429	73417496	DNA/TcMar-Tigger	806	+	34	73417463	52746
chr17	73364717	73564717	harbor2	chr17	73453863	73454224	DNA/TcMar-Tigger	1738	+	180	73454043	89326
chr17	64363021	64563021	harbor2	chr17	64409501	64409687	DNA/TcMar-Tigger	532	+	93	64409594	46573
chr17	57321430	57521430	harbor2	chr17	57326156	57326460	DNA/TcMar-Tigger	539	+	152	57326308	4878
chr17	57321430	57521430	harbor2	chr17	57393138	57393373	DNA/TcMar-Tigger	1504	+	118	57393256	71826
chr17	65643697	65843697	harbor2	chr17	65702409	65702644	DNA/TcMar-Tigger	1577	+	118	65702527	58830
chr17	65643697	65843697	harbor2	chr17	65703008	65703118	DNA/TcMar-Tigger	1577	+	55	65703063	59366
chr17	65643697	65843697	harbor2	chr17	65733854	65734071	DNA/TcMar-Tigger	602	+	108	65733962	90265
chr17	73127139	73327139	harbor2	chr17	73186201	73186440	DNA/TcMar-Tigger	1222	+	120	73186321	59182
chr17	50302361	50502361	harbor2	chr17	50391412	50391674	DNA/TcMar-Tigger	800	+	131	50391543	89182
chr17	38833386	39033386	harbor2	chr17	38889450	38889784	DNA/TcMar-Tigger	1894	+	167	38889617	56231
chr17	79236240	79436240	harbor2	chr17	79299343	79299656	DNA/TcMar-Tigger	714	+	156	79299499	63259
chr17	79421133	79621133	harbor2	chr17	79435780	79435991	DNA/TcMar-Tigger	720	+	106	79435886	14753
chr17	58492305	58692305	harbor2	chr17	58586680	58587298	DNA/TcMar-Tigger	3740	+	309	58586989	94684
chr17	46143862	46343862	harbor2	chr17	46201408	46201589	DNA/TcMar-Tigger	1825	+	90	46201498	57636
chr17	46143862	46343862	harbor2	chr17	46202204	46202373	DNA/TcMar-Tigger	1825	+	84	46202288	58426
chr17	51959180	52159180	harbor2	chr17	52049785	52050136	DNA/TcMar-Tigger	1821	+	176	52049961	90781
chr17	51959180	52159180	harbor2	chr17	52057218	52057646	DNA/TcMar-Tigger	2463	+	214	52057432	98252
chr17	81924026	82124026	harbor2	chr17	81946000	81946072	DNA/TcMar-Tigger	865	+	36	81946036	22010
chr17	81924026	82124026	harbor2	chr17	81946678	81946688	DNA/TcMar-Tigger	865	+	5	81946683	22657
chr17	81924026	82124026	harbor2	chr17	81947005	81947211	DNA/TcMar-Tigger	865	+	103	81947108	23082
chr17	79861909	80061909	harbor2	chr17	79882582	79882999	DNA/TcMar-Tigger	2748	+	208	79882790	20881
chr17	72820192	73020192	harbor2	chr17	72913951	72914038	DNA/TcMar-Tigger	972	+	44	72913995	93803
chr17	72820192	73020192	harbor2	chr17	72914341	72914582	DNA/TcMar-Tigger	972	+	120	72914461	94269
chr17	78735269	78935269	harbor2	chr17	78743414	78743630	DNA/TcMar-Tigger	1174	+	108	78743522	8253
chr17	78735269	78935269	harbor2	chr17	78816989	78817309	DNA/TcMar-Tigger	1945	+	160	78817149	81880
chr17	49459931	49659931	harbor2	chr17	49522118	49522378	DNA/TcMar-Tigger	1338	+	130	49522248	62317
chr17	61628646	61828646	harbor2	chr17	61649146	61649506	DNA/TcMar-Tigger	2396	+	180	61649326	20680
chr17	61628646	61828646	harbor2	chr17	61678472	61678624	DNA/TcMar-Tigger	673	+	76	61678548	49902
chr17	61628646	61828646	harbor2	chr17	61708166	61708415	DNA/TcMar-Tigger	1207	+	124	61708290	79644
chr17	61628646	61828646	harbor2	chr17	61708414	61708512	DNA/TcMar-Tigger	592	+	49	61708463	79817
chr17	61628646	61828646	harbor2	chr17	61712994	61713524	DNA/TcMar-Tigger	4227	+	265	61713259	84613
chr17	61628646	61828646	harbor2	chr17	61713817	61714643	DNA/TcMar-Tigger	4227	+	413	61714230	85584
chr17	61628646	61828646	harbor2	chr17	61720469	61720775	DNA/TcMar-Tigger	1629	+	153	61720622	91976
chr17	76766442	76966442	harbor2	chr17	76775692	76775867	DNA/TcMar-Tigger	922	+	88	76775780	9338
chr17	76766442	76966442	harbor2	chr17	76795013	76795212	DNA/TcMar-Tigger	1520	+	100	76795113	28671
chr17	76766442	76966442	harbor2	chr17	76795503	76795599	DNA/TcMar-Tigger	1520	+	48	76795551	29109
chr17	76766442	76966442	harbor2	chr17	76859760	76859861	DNA/TcMar-Tigger	1115	+	50	76859810	93368
chr17	76766442	76966442	harbor2	chr17	76860129	76860326	DNA/TcMar-Tigger	1115	+	98	76860227	93785
chr17	79060569	79260569	harbor2	chr17	79060174	79060660	DNA/TcMar-Tigger	4654	+	243	79060417	152
chr17	79060569	79260569	harbor2	chr17	79060946	79061060	DNA/TcMar-Tigger	4654	+	57	79061003	434
chr17	79060569	79260569	harbor2	chr17	79061366	79061398	DNA/TcMar-Tigger	4654	+	16	79061382	813
chr17	79060569	79260569	harbor2	chr17	79061708	79061846	DNA/TcMar-Tigger	4654	+	69	79061777	1208
chr17	79060569	79260569	harbor2	chr17	79062184	79062293	DNA/TcMar-Tigger	4654	+	54	79062238	1669
chr17	79060569	79260569	harbor2	chr17	79062602	79062652	DNA/TcMar-Tigger	4654	+	25	79062627	2058
chr17	27603443	27803443	harbor2	chr17	27675214	27675551	DNA/TcMar-Tigger	1965	+	168	27675382	71939
chr17	60697132	60897132	harbor2	chr17	60701437	60701677	DNA/TcMar-Tigger	1432	+	120	60701557	4425
chr17	60697132	60897132	harbor2	chr17	60702044	60702593	DNA/TcMar-Tigger	13878	+	274	60702318	5186
chr17	60697132	60897132	harbor2	chr17	60702891	60702992	DNA/TcMar-Tigger	13878	+	50	60702941	5809
chr17	60697132	60897132	harbor2	chr17	60703296	60703306	DNA/TcMar-Tigger	13878	+	5	60703301	6169
chr17	60697132	60897132	harbor2	chr17	60703574	60703633	DNA/TcMar-Tigger	13878	+	30	60703604	6472
chr17	60697132	60897132	harbor2	chr17	60703947	60704558	DNA/TcMar-Tigger	13878	+	306	60704253	7121
chr17	60697132	60897132	harbor2	chr17	60704852	60705236	DNA/TcMar-Tigger	13878	+	192	60705044	7912
chr17	60697132	60897132	harbor2	chr17	60705541	60706067	DNA/TcMar-Tigger	13878	+	263	60705804	8672
chr17	60697132	60897132	harbor2	chr17	60706363	60706546	DNA/TcMar-Tigger	13878	+	92	60706455	9323
chr17	60697132	60897132	harbor2	chr17	60713472	60713814	DNA/TcMar-Tigger	1944	+	171	60713643	16511
chr17	60697132	60897132	harbor2	chr17	60720537	60720863	DNA/TcMar-Tigger	1095	+	163	60720700	23568
chr17	60697132	60897132	harbor2	chr17	60779208	60779361	DNA/TcMar-Tigger	1453	+	76	60779284	82152
chr17	60697132	60897132	harbor2	chr17	60779668	60779799	DNA/TcMar-Tigger	1453	+	66	60779734	82602
chr17	60697132	60897132	harbor2	chr17	60785777	60786113	DNA/TcMar-Tigger	1998	+	168	60785945	88813
chr17	63915538	64115538	harbor2	chr17	64012626	64012882	DNA/TcMar-Tigger	1326	+	128	64012754	97216
chr17	49960885	50160885	harbor2	chr17	50000120	50000457	DNA/TcMar-Tigger	1945	+	168	50000288	39403
chr17	79271255	79471255	harbor2	chr17	79299343	79299656	DNA/TcMar-Tigger	714	+	156	79299499	28244
chr18	73657269	73857269	harbor2	chr18	73694755	73695070	DNA/TcMar-Tigger	1539	+	158	73694913	37644
chr18	73657269	73857269	harbor2	chr18	73753073	73753827	DNA/TcMar-Tigger	6572	+	377	73753450	96181
chr18	73657269	73857269	harbor2	chr18	73754176	73754656	DNA/TcMar-Tigger	6572	+	240	73754416	97147
chr18	66966485	67166485	harbor2	chr18	67013261	67013356	DNA/TcMar-Tigger	525	+	48	67013309	46824
chr18	66966485	67166485	harbor2	chr18	67013358	67014291	DNA/TcMar-Tigger	4516	+	466	67013824	47339
chr18	76133957	76333957	harbor2	chr18	76211509	76211825	DNA/TcMar-Tigger	930	+	158	76211667	77710
chr18	38721815	38921815	harbor2	chr18	38785758	38786410	DNA/TcMar-Tigger	16159	+	326	38786084	64269
chr18	38721815	38921815	harbor2	chr18	38786689	38788751	DNA/TcMar-Tigger	16159	+	1031	38787720	65905
chr18	61209030	61409030	harbor2	chr18	61244373	61244964	DNA/TcMar-Tigger	3571	+	296	61244669	35639
chr18	61209030	61409030	harbor2	chr18	61254030	61254150	DNA/TcMar-Tigger	690	+	60	61254090	45060
chr18	76819366	77019366	harbor2	chr18	76852964	76853036	DNA/TcMar-Tigger	429	+	36	76853000	33634
chr18	76819366	77019366	harbor2	chr18	76890801	76891193	DNA/TcMar-Tigger	1998	+	196	76890997	71631
chr18	76819366	77019366	harbor2	chr18	76894156	76894368	DNA/TcMar-Tigger	711	+	106	76894262	74896
chr18	78738687	78938687	harbor2	chr18	78779218	78779669	DNA/TcMar-Tigger	2200	+	226	78779444	40757
chr18	78738687	78938687	harbor2	chr18	78803777	78803862	DNA/TcMar-Tigger	463	+	42	78803819	65132
chr18	78738687	78938687	harbor2	chr18	78807718	78808014	DNA/TcMar-Tigger	1310	+	148	78807866	69179
chr18	78738687	78938687	harbor2	chr18	78808005	78808289	DNA/TcMar-Tigger	1479	+	142	78808147	69460
chr18	62838927	63038927	harbor2	chr18	62856092	62856220	DNA/TcMar-Tigger	477	+	64	62856156	17229
chr18	62838927	63038927	harbor2	chr18	62859070	62859323	DNA/TcMar-Tigger	698	+	126	62859196	20269
chr18	62838927	63038927	harbor2	chr18	62859395	62859690	DNA/TcMar-Tigger	602	+	148	62859543	20616
chr18	35912189	36112189	harbor2	chr18	35933717	35933863	DNA/TcMar-Tigger	2503	+	73	35933790	21601
chr18	35912189	36112189	harbor2	chr18	35934153	35934644	DNA/TcMar-Tigger	2503	+	246	35934399	22210
chr18	35912189	36112189	harbor2	chr18	35936648	35936881	DNA/TcMar-Tigger	1430	+	116	35936764	24575
chr18	35912189	36112189	harbor2	chr18	35938249	35938956	DNA/TcMar-Tigger	1272	+	354	35938603	26414
chr18	35912189	36112189	harbor2	chr18	35939493	35939994	DNA/TcMar-Tigger	919	+	250	35939743	27554
chr18	35912189	36112189	harbor2	chr18	36011829	36012055	DNA/TcMar-Tigger	953	+	113	36011942	99753
chr18	68176797	68376797	harbor2	chr18	68229734	68230162	DNA/TcMar-Tigger	2496	+	214	68229948	53151
chr18	58692434	58892434	harbor2	chr18	58692445	58692478	DNA/TcMar-Tigger	678	+	16	58692461	27
chr18	58692434	58892434	harbor2	chr18	58692479	58692591	DNA/TcMar-Tigger	770	+	56	58692535	101
chr18	58692434	58892434	harbor2	chr18	58692595	58693158	DNA/TcMar-Tigger	4796	+	282	58692877	443
chr18	58692434	58892434	harbor2	chr18	58693441	58693665	DNA/TcMar-Tigger	4796	+	112	58693553	1119
chr18	58692434	58892434	harbor2	chr18	58724529	58724726	DNA/TcMar-Tigger	2046	+	98	58724627	32193
chr18	58692434	58892434	harbor2	chr18	58725347	58725487	DNA/TcMar-Tigger	2046	+	70	58725417	32983
chr18	58692434	58892434	harbor2	chr18	58726139	58726339	DNA/TcMar-Tigger	511	+	100	58726239	33805
chr18	63952609	64152609	harbor2	chr18	64003406	64003518	DNA/TcMar-Tigger	543	+	56	64003462	50853
chr18	80209221	80409221	harbor2	chr18	80212000	80212603	DNA/TcMar-Tigger	4975	+	302	80212302	3081
chr18	80209221	80409221	harbor2	chr18	80212897	80213138	DNA/TcMar-Tigger	4975	+	120	80213017	3796
chr18	78010560	78210560	harbor2	chr18	78048035	78048327	DNA/TcMar-Tigger	955	+	146	78048181	37621
chr18	78010560	78210560	harbor2	chr18	78048750	78048907	DNA/TcMar-Tigger	652	+	78	78048828	38268
chr18	78010560	78210560	harbor2	chr18	78099254	78099589	DNA/TcMar-Tigger	1580	+	168	78099422	88862
chr18	43872668	44072668	harbor2	chr18	43900863	43901301	DNA/TcMar-Tigger	2182	+	219	43901082	28414
chr18	43872668	44072668	harbor2	chr18	43902280	43902356	DNA/TcMar-Tigger	459	+	38	43902318	29650
chr18	43872668	44072668	harbor2	chr18	43902344	43903000	DNA/TcMar-Tigger	4822	+	328	43902672	30004
chr18	43872668	44072668	harbor2	chr18	43903465	43903654	DNA/TcMar-Tigger	4822	+	94	43903559	30891
chr18	80037360	80237360	harbor2	chr18	80126829	80126947	DNA/TcMar-Tigger	643	+	59	80126888	89528
chr18	80037360	80237360	harbor2	chr18	80126951	80127278	DNA/TcMar-Tigger	1458	+	164	80127115	89755
chr18	80037360	80237360	harbor2	chr18	80132237	80132508	DNA/TcMar-Tigger	1186	+	136	80132373	95013
chr18	50245482	50445482	harbor2	chr18	50265156	50265501	DNA/TcMar-Tigger	1862	+	172	50265328	19846
chr18	50245482	50445482	harbor2	chr18	50291364	50291443	DNA/TcMar-Tigger	1126	+	40	50291404	45922
chr18	50245482	50445482	harbor2	chr18	50292049	50292176	DNA/TcMar-Tigger	1126	+	64	50292113	46631
chr18	80141935	80341935	harbor2	chr18	80212000	80212603	DNA/TcMar-Tigger	4975	+	302	80212302	70367
chr18	80141935	80341935	harbor2	chr18	80212897	80213138	DNA/TcMar-Tigger	4975	+	120	80213017	71082
chr18	66334253	66534253	harbor2	chr18	66383148	66383380	DNA/TcMar-Tigger	587	+	116	66383264	49011
chr18	69492678	69692678	harbor2	chr18	69520479	69520785	DNA/TcMar-Tigger	1469	+	153	69520632	27954
chr18	58317494	58517494	harbor2	chr18	58346211	58346423	DNA/TcMar-Tigger	991	+	106	58346317	28823
chr18	58317494	58517494	harbor2	chr18	58407261	58407646	DNA/TcMar-Tigger	1731	+	192	58407453	89959
chr19	34503634	34703634	harbor2	chr19	34523103	34523439	DNA/TcMar-Tigger	1450	+	168	34523271	19637
chr19	46561870	46761870	harbor2	chr19	46615228	46615434	DNA/TcMar-Tigger	1195	+	103	46615331	53461
chr19	56771555	56971555	harbor2	chr19	56790297	56790814	DNA/TcMar-Tigger	3025	+	258	56790555	19000
chr19	31523344	31723344	harbor2	chr19	31583527	31583811	DNA/TcMar-Tigger	626	+	142	31583669	60325
chr19	50741324	50941324	harbor2	chr19	50750228	50750474	DNA/TcMar-Tigger	2880	+	123	50750351	9027
chr19	50741324	50941324	harbor2	chr19	50750608	50750655	DNA/TcMar-Tigger	2880	+	24	50750632	9308
chr19	50741324	50941324	harbor2	chr19	50750934	50751006	DNA/TcMar-Tigger	2880	+	36	50750970	9646
chr19	50741324	50941324	harbor2	chr19	50751260	50751459	DNA/TcMar-Tigger	2880	+	100	50751360	10036
chr19	50741324	50941324	harbor2	chr19	50751897	50752037	DNA/TcMar-Tigger	712	+	70	50751967	10643
chr19	50741324	50941324	harbor2	chr19	50762610	50762844	DNA/TcMar-Tigger	1209	+	117	50762727	21403
chr19	36843405	37043405	harbor2	chr19	36881153	36881344	DNA/TcMar-Tigger	1042	+	96	36881249	37844
chr19	36843405	37043405	harbor2	chr19	36919351	36919375	DNA/TcMar-Tigger	6539	+	12	36919363	75958
chr19	36843405	37043405	harbor2	chr19	36919725	36920340	DNA/TcMar-Tigger	6539	+	308	36920033	76628
chr19	36843405	37043405	harbor2	chr19	36920641	36921143	DNA/TcMar-Tigger	6539	+	251	36920892	77487
chr19	36843405	37043405	harbor2	chr19	36925615	36925953	DNA/TcMar-Tigger	2049	+	169	36925784	82379
chr19	46287890	46487890	harbor2	chr19	46371932	46372189	DNA/TcMar-Tigger	977	+	128	46372060	84170
chr19	46287890	46487890	harbor2	chr19	46372513	46372601	DNA/TcMar-Tigger	977	+	44	46372557	84667
chr19	57475227	57675227	harbor2	chr19	57498212	57498394	DNA/TcMar-Tigger	720	+	91	57498303	23076
chr19	57475227	57675227	harbor2	chr19	57512101	57512400	DNA/TcMar-Tigger	1296	+	150	57512251	37024
chr19	57475227	57675227	harbor2	chr19	57519210	57520004	DNA/TcMar-Tigger	7429	+	397	57519607	44380
chr19	57475227	57675227	harbor2	chr19	57520312	57520777	DNA/TcMar-Tigger	7429	+	232	57520544	45317
chr19	57475227	57675227	harbor2	chr19	57528958	57529205	DNA/TcMar-Tigger	1037	+	124	57529082	53855
chr19	47578098	47778098	harbor2	chr19	47635957	47636212	DNA/TcMar-Tigger	1552	+	128	47636085	57987
chr19	47578098	47778098	harbor2	chr19	47654951	47655243	DNA/TcMar-Tigger	2625	+	146	47655097	76999
chr19	47578098	47778098	harbor2	chr19	47655549	47655570	DNA/TcMar-Tigger	2625	+	10	47655559	77461
chr19	47578098	47778098	harbor2	chr19	47655884	47655952	DNA/TcMar-Tigger	2625	+	34	47655918	77820
chr19	47578098	47778098	harbor2	chr19	47656267	47656587	DNA/TcMar-Tigger	2625	+	160	47656427	78329
chr19	47578098	47778098	harbor2	chr19	47668249	47668485	DNA/TcMar-Tigger	2979	+	118	47668367	90269
chr19	47578098	47778098	harbor2	chr19	47668790	47668837	DNA/TcMar-Tigger	2979	+	24	47668814	90716
chr19	47578098	47778098	harbor2	chr19	47669098	47669108	DNA/TcMar-Tigger	2979	+	5	47669103	91005
chr19	47578098	47778098	harbor2	chr19	47669138	47669473	DNA/TcMar-Tigger	2979	+	168	47669306	91208
chr19	13175300	13375300	harbor2	chr19	13260959	13261189	DNA/TcMar-Tigger	804	+	115	13261074	85774
chr19	44267578	44467578	harbor2	chr19	44330105	44330332	DNA/TcMar-Tigger	1397	+	114	44330219	62641
chr19	44267578	44467578	harbor2	chr19	44364593	44364881	DNA/TcMar-Tigger	868	+	144	44364737	97159
chr19	58310378	58510378	harbor2	chr19	58329614	58329871	DNA/TcMar-Tigger	1496	+	128	58329742	19364
chr19	56725937	56925937	harbor2	chr19	56761416	56761843	DNA/TcMar-Tigger	1085	+	214	56761630	35693
chr19	56725937	56925937	harbor2	chr19	56790297	56790814	DNA/TcMar-Tigger	3025	+	258	56790555	64618
chr19	54764526	54964526	harbor2	chr19	54768227	54768535	DNA/TcMar-Tigger	1339	+	154	54768381	3855
chr19	54764526	54964526	harbor2	chr19	54784672	54784980	DNA/TcMar-Tigger	1307	+	154	54784826	20300
chr19	54764526	54964526	harbor2	chr19	54814863	54815171	DNA/TcMar-Tigger	1421	+	154	54815017	50491
chr19	54764526	54964526	harbor2	chr19	54831128	54831436	DNA/TcMar-Tigger	1395	+	154	54831282	66756
chr19	54764526	54964526	harbor2	chr19	54848916	54849138	DNA/TcMar-Tigger	1321	+	111	54849027	84501
chr19	54764526	54964526	harbor2	chr19	54849447	54849545	DNA/TcMar-Tigger	1321	+	49	54849496	84970
chr19	55214824	55414824	harbor2	chr19	55298491	55298952	DNA/TcMar-Tigger	1940	+	230	55298721	83897
chr19	55214824	55414824	harbor2	chr19	55299166	55299347	DNA/TcMar-Tigger	733	+	90	55299256	84432
chr19	57383039	57583039	harbor2	chr19	57401279	57401593	DNA/TcMar-Tigger	1726	+	157	57401436	18397
chr19	52344950	52544950	harbor2	chr19	52345082	52345142	DNA/TcMar-Tigger	901	+	30	52345112	162
chr19	52344950	52544950	harbor2	chr19	52345238	52345430	DNA/TcMar-Tigger	800	+	96	52345334	384
chr19	52344950	52544950	harbor2	chr19	52345425	52345695	DNA/TcMar-Tigger	6276	+	135	52345560	610
chr19	52344950	52544950	harbor2	chr19	52346598	52346730	DNA/TcMar-Tigger	6276	+	66	52346664	1714
chr19	52344950	52544950	harbor2	chr19	52347028	52347525	DNA/TcMar-Tigger	6276	+	248	52347276	2326
chr19	52344950	52544950	harbor2	chr19	52347823	52348234	DNA/TcMar-Tigger	6276	+	206	52348029	3079
chr19	52344950	52544950	harbor2	chr19	52348485	52348668	DNA/TcMar-Tigger	681	+	92	52348577	3627
chr19	56918896	57118896	harbor2	chr19	56982275	56982454	DNA/TcMar-Tigger	1394	+	90	56982365	63469
chr19	56918896	57118896	harbor2	chr19	56982757	56982839	DNA/TcMar-Tigger	1394	+	41	56982798	63902
chr19	44797164	44997164	harbor2	chr19	44823565	44823696	DNA/TcMar-Tigger	698	+	66	44823631	26467
chr19	55114765	55314765	harbor2	chr19	55152321	55152432	DNA/TcMar-Tigger	667	+	56	55152377	37612
chr19	55114765	55314765	harbor2	chr19	55152430	55152615	DNA/TcMar-Tigger	1556	+	92	55152522	37757
chr19	55114765	55314765	harbor2	chr19	55153232	55153368	DNA/TcMar-Tigger	1556	+	68	55153300	38535
chr19	55114765	55314765	harbor2	chr19	55191847	55192120	DNA/TcMar-Tigger	1912	+	136	55191983	77218
chr19	55114765	55314765	harbor2	chr19	55192428	55192546	DNA/TcMar-Tigger	1912	+	59	55192487	77722
chr19	55114765	55314765	harbor2	chr19	55192850	55192901	DNA/TcMar-Tigger	1912	+	26	55192876	78111
chr19	46322935	46522935	harbor2	chr19	46371932	46372189	DNA/TcMar-Tigger	977	+	128	46372060	49125
chr19	46322935	46522935	harbor2	chr19	46372513	46372601	DNA/TcMar-Tigger	977	+	44	46372557	49622
chr19	16845689	17045689	harbor2	chr19	16854502	16855081	DNA/TcMar-Tigger	3166	+	290	16854792	9103
chr19	16845689	17045689	harbor2	chr19	16863195	16863496	DNA/TcMar-Tigger	985	+	150	16863345	17656
chr19	16845689	17045689	harbor2	chr19	16895644	16895881	DNA/TcMar-Tigger	1274	+	118	16895762	50073
chr19	36688196	36888196	harbor2	chr19	36746140	36746373	DNA/TcMar-Tigger	1196	+	116	36746256	58060
chr19	56170944	56370944	harbor2	chr19	56237303	56237591	DNA/TcMar-Tigger	1475	+	144	56237447	66503
chr19	32203702	32403702	harbor2	chr19	32245333	32245557	DNA/TcMar-Tigger	15614	+	112	32245445	41743
chr19	32203702	32403702	harbor2	chr19	32245858	32246603	DNA/TcMar-Tigger	15614	+	372	32246230	42528
chr19	32203702	32403702	harbor2	chr19	32247212	32248646	DNA/TcMar-Tigger	15614	+	717	32247929	44227
chr19	32203702	32403702	harbor2	chr19	32302038	32302366	DNA/TcMar-Tigger	1511	+	164	32302202	98500
chr19	51850070	52050070	harbor2	chr19	51919231	51919491	DNA/TcMar-Tigger	1081	+	130	51919361	69291
chr19	51850070	52050070	harbor2	chr19	51924697	51924891	DNA/TcMar-Tigger	1029	+	97	51924794	74724
chr19	51850070	52050070	harbor2	chr19	51938754	51938927	DNA/TcMar-Tigger	1041	+	86	51938840	88770
chr19	51850070	52050070	harbor2	chr19	51943234	51943771	DNA/TcMar-Tigger	2866	+	268	51943502	93432
chr19	56152636	56352636	harbor2	chr19	56237303	56237591	DNA/TcMar-Tigger	1475	+	144	56237447	84811
chr19	56699623	56899623	harbor2	chr19	56700483	56700613	DNA/TcMar-Tigger	982	+	65	56700548	925
chr19	56699623	56899623	harbor2	chr19	56700916	56700987	DNA/TcMar-Tigger	982	+	36	56700952	1329
chr19	56699623	56899623	harbor2	chr19	56700979	56701195	DNA/TcMar-Tigger	1837	+	108	56701087	1464
chr19	56699623	56899623	harbor2	chr19	56701486	56701601	DNA/TcMar-Tigger	1837	+	58	56701544	1921
chr19	56699623	56899623	harbor2	chr19	56761416	56761843	DNA/TcMar-Tigger	1085	+	214	56761630	62007
chr19	56699623	56899623	harbor2	chr19	56790297	56790814	DNA/TcMar-Tigger	3025	+	258	56790555	90932
chr19	51886429	52086429	harbor2	chr19	51919231	51919491	DNA/TcMar-Tigger	1081	+	130	51919361	32932
chr19	51886429	52086429	harbor2	chr19	51924697	51924891	DNA/TcMar-Tigger	1029	+	97	51924794	38365
chr19	51886429	52086429	harbor2	chr19	51938754	51938927	DNA/TcMar-Tigger	1041	+	86	51938840	52411
chr19	51886429	52086429	harbor2	chr19	51943234	51943771	DNA/TcMar-Tigger	2866	+	268	51943502	57073
chr19	46135097	46335097	harbor2	chr19	46143042	46143385	DNA/TcMar-Tigger	1958	+	172	46143214	8117
chr19	46135097	46335097	harbor2	chr19	46192815	46192907	DNA/TcMar-Tigger	2633	+	46	46192861	57764
chr19	46135097	46335097	harbor2	chr19	46193221	46193729	DNA/TcMar-Tigger	2633	+	254	46193475	58378
chr19	56690921	56890921	harbor2	chr19	56700483	56700613	DNA/TcMar-Tigger	982	+	65	56700548	9627
chr19	56690921	56890921	harbor2	chr19	56700916	56700987	DNA/TcMar-Tigger	982	+	36	56700952	10031
chr19	56690921	56890921	harbor2	chr19	56700979	56701195	DNA/TcMar-Tigger	1837	+	108	56701087	10166
chr19	56690921	56890921	harbor2	chr19	56701486	56701601	DNA/TcMar-Tigger	1837	+	58	56701544	10623
chr19	56690921	56890921	harbor2	chr19	56761416	56761843	DNA/TcMar-Tigger	1085	+	214	56761630	70709
chr19	56690921	56890921	harbor2	chr19	56790297	56790814	DNA/TcMar-Tigger	3025	+	258	56790555	99634
chr19	54741866	54941866	harbor2	chr19	54753402	54753710	DNA/TcMar-Tigger	1276	+	154	54753556	11690
chr19	54741866	54941866	harbor2	chr19	54768227	54768535	DNA/TcMar-Tigger	1339	+	154	54768381	26515
chr19	54741866	54941866	harbor2	chr19	54784672	54784980	DNA/TcMar-Tigger	1307	+	154	54784826	42960
chr19	54741866	54941866	harbor2	chr19	54814863	54815171	DNA/TcMar-Tigger	1421	+	154	54815017	73151
chr19	54741866	54941866	harbor2	chr19	54831128	54831436	DNA/TcMar-Tigger	1395	+	154	54831282	89416
chr19	55123371	55323371	harbor2	chr19	55152321	55152432	DNA/TcMar-Tigger	667	+	56	55152377	29006
chr19	55123371	55323371	harbor2	chr19	55152430	55152615	DNA/TcMar-Tigger	1556	+	92	55152522	29151
chr19	55123371	55323371	harbor2	chr19	55153232	55153368	DNA/TcMar-Tigger	1556	+	68	55153300	29929
chr19	55123371	55323371	harbor2	chr19	55191847	55192120	DNA/TcMar-Tigger	1912	+	136	55191983	68612
chr19	55123371	55323371	harbor2	chr19	55192428	55192546	DNA/TcMar-Tigger	1912	+	59	55192487	69116
chr19	55123371	55323371	harbor2	chr19	55192850	55192901	DNA/TcMar-Tigger	1912	+	26	55192876	69505
chr19	41692773	41892773	harbor2	chr19	41712924	41713024	DNA/TcMar-Tigger	1160	+	50	41712974	20201
chr19	41692773	41892773	harbor2	chr19	41713332	41713488	DNA/TcMar-Tigger	1160	+	78	41713410	20637
chr19	41692773	41892773	harbor2	chr19	41759842	41760078	DNA/TcMar-Tigger	1159	+	118	41759960	67187
chr19	51278932	51478932	harbor2	chr19	51348941	51349305	DNA/TcMar-Tigger	2009	+	182	51349123	70191
chr19	38394651	38594651	harbor2	chr19	38454339	38454718	DNA/TcMar-Tigger	2128	+	190	38454529	59878
chr19	58104899	58304899	harbor2	chr19	58104750	58105387	DNA/TcMar-Tigger	8419	+	318	58105068	169
chr19	58104899	58304899	harbor2	chr19	58105688	58105703	DNA/TcMar-Tigger	8419	+	8	58105696	797
chr19	58104899	58304899	harbor2	chr19	58105995	58106117	DNA/TcMar-Tigger	8419	+	61	58106056	1157
chr19	58104899	58304899	harbor2	chr19	58120433	58120737	DNA/TcMar-Tigger	1480	+	152	58120585	15686
chr19	58104899	58304899	harbor2	chr19	58120797	58120993	DNA/TcMar-Tigger	1635	+	98	58120895	15996
chr19	58104899	58304899	harbor2	chr19	58121291	58121431	DNA/TcMar-Tigger	1635	+	70	58121361	16462
chr19	58104899	58304899	harbor2	chr19	58180050	58180276	DNA/TcMar-Tigger	718	+	113	58180163	75264
chr19	57001592	57201592	harbor2	chr19	57042552	57042864	DNA/TcMar-Tigger	1446	+	156	57042708	41116
chr19	34206756	34406756	harbor2	chr19	34260103	34260447	DNA/TcMar-Tigger	2206	+	172	34260275	53519
chr19	56682102	56882102	harbor2	chr19	56700483	56700613	DNA/TcMar-Tigger	982	+	65	56700548	18446
chr19	56682102	56882102	harbor2	chr19	56700916	56700987	DNA/TcMar-Tigger	982	+	36	56700952	18850
chr19	56682102	56882102	harbor2	chr19	56700979	56701195	DNA/TcMar-Tigger	1837	+	108	56701087	18985
chr19	56682102	56882102	harbor2	chr19	56701486	56701601	DNA/TcMar-Tigger	1837	+	58	56701544	19442
chr19	56682102	56882102	harbor2	chr19	56761416	56761843	DNA/TcMar-Tigger	1085	+	214	56761630	79528
chr19	50727908	50927908	harbor2	chr19	50750228	50750474	DNA/TcMar-Tigger	2880	+	123	50750351	22443
chr19	50727908	50927908	harbor2	chr19	50750608	50750655	DNA/TcMar-Tigger	2880	+	24	50750632	22724
chr19	50727908	50927908	harbor2	chr19	50750934	50751006	DNA/TcMar-Tigger	2880	+	36	50750970	23062
chr19	50727908	50927908	harbor2	chr19	50751260	50751459	DNA/TcMar-Tigger	2880	+	100	50751360	23452
chr19	50727908	50927908	harbor2	chr19	50751897	50752037	DNA/TcMar-Tigger	712	+	70	50751967	24059
chr19	50727908	50927908	harbor2	chr19	50762610	50762844	DNA/TcMar-Tigger	1209	+	117	50762727	34819
chr19	57619136	57819136	harbor2	chr19	57677182	57677564	DNA/TcMar-Tigger	1555	+	191	57677373	58237
chr19	57619136	57819136	harbor2	chr19	57677543	57677771	DNA/TcMar-Tigger	1038	+	114	57677657	58521
chr19	53480079	53680079	harbor2	chr19	53551606	53551928	DNA/TcMar-Tigger	1268	+	161	53551767	71688
chr19	53480079	53680079	harbor2	chr19	53577968	53578694	DNA/TcMar-Tigger	2966	+	363	53578331	98252
chr19	40973208	41173208	harbor2	chr19	41040412	41040873	DNA/TcMar-Tigger	2697	+	230	41040642	67434
chr19	40973208	41173208	harbor2	chr19	41057020	41057345	DNA/TcMar-Tigger	1602	+	162	41057182	83974
chr19	50240946	50440946	harbor2	chr19	50242723	50243153	DNA/TcMar-Tigger	1882	+	215	50242938	1992
chr19	50240946	50440946	harbor2	chr19	50243451	50243470	DNA/TcMar-Tigger	1882	+	10	50243461	2515
chr19	29358554	29558554	harbor2	chr19	29415315	29415626	DNA/TcMar-Tigger	1015	+	156	29415471	56917
chr19	56040636	56240636	harbor2	chr19	56069754	56070034	DNA/TcMar-Tigger	1291	+	140	56069894	29258
chr19	40124877	40324877	harbor2	chr19	40188546	40189116	DNA/TcMar-Tigger	2668	+	285	40188831	63954
chr19	40124877	40324877	harbor2	chr19	40189409	40189420	DNA/TcMar-Tigger	2668	+	6	40189415	64538
chr19	40124877	40324877	harbor2	chr19	40189733	40189864	DNA/TcMar-Tigger	2668	+	66	40189799	64922
chr19	55531049	55731049	harbor2	chr19	55552663	55552846	DNA/TcMar-Tigger	694	+	92	55552755	21706
chr19	55531049	55731049	harbor2	chr19	55553322	55553594	DNA/TcMar-Tigger	1232	+	136	55553458	22409
chr19	49035800	49235800	harbor2	chr19	49091009	49091090	DNA/TcMar-Tigger	1071	+	40	49091049	55249
chr19	49035800	49235800	harbor2	chr19	49091387	49091619	DNA/TcMar-Tigger	1071	+	116	49091503	55703
chr19	47100237	47300237	harbor2	chr19	47163289	47163445	DNA/TcMar-Tigger	1081	+	78	47163367	63130
chr19	47100237	47300237	harbor2	chr19	47163748	47163791	DNA/TcMar-Tigger	1081	+	22	47163770	63533
chr19	47100237	47300237	harbor2	chr19	47185248	47185295	DNA/TcMar-Tigger	881	+	24	47185272	85035
chr19	47100237	47300237	harbor2	chr19	47186270	47186406	DNA/TcMar-Tigger	881	+	68	47186338	86101
chr19	47100237	47300237	harbor2	chr19	47185902	47185959	DNA/TcMar-Tigger	881	+	28	47185930	85693
chr19	32459460	32659460	harbor2	chr19	32484717	32485155	DNA/TcMar-Tigger	1194	+	219	32484936	25476
chr19	32459460	32659460	harbor2	chr19	32527501	32528036	DNA/TcMar-Tigger	2867	+	268	32527769	68309
chr19	32459460	32659460	harbor2	chr19	32546462	32546521	DNA/TcMar-Tigger	1815	+	30	32546492	87032
chr19	32459460	32659460	harbor2	chr19	32546843	32547135	DNA/TcMar-Tigger	1815	+	146	32546989	87529
chr19	50822301	51022301	harbor2	chr19	50907787	50908123	DNA/TcMar-Tigger	1033	+	168	50907955	85654
chr19	43895827	44095827	harbor2	chr19	43923252	43923589	DNA/TcMar-Tigger	1919	+	168	43923420	27593
chr19	41603206	41803206	harbor2	chr19	41689568	41690004	DNA/TcMar-Tigger	2119	+	218	41689786	86580
chr19	29315906	29515906	harbor2	chr19	29415315	29415626	DNA/TcMar-Tigger	1015	+	156	29415471	99565
chr19	47946232	48146232	harbor2	chr19	47964856	47965001	DNA/TcMar-Tigger	1076	+	72	47964928	18696
chr19	47946232	48146232	harbor2	chr19	47965289	47965764	DNA/TcMar-Tigger	2136	+	238	47965527	19295
chr19	47946232	48146232	harbor2	chr19	48021103	48021327	DNA/TcMar-Tigger	857	+	112	48021215	74983
chr19	56512581	56712581	harbor2	chr19	56519710	56519975	DNA/TcMar-Tigger	1424	+	132	56519842	7261
chr19	56512581	56712581	harbor2	chr19	56521967	56522221	DNA/TcMar-Tigger	1268	+	127	56522094	9513
chr19	43317526	43517526	harbor2	chr19	43371834	43372177	DNA/TcMar-Tigger	1805	+	172	43372006	54480
chr19	45191375	45391375	harbor2	chr19	45256723	45256951	DNA/TcMar-Tigger	1167	+	114	45256837	65462
chr19	45191375	45391375	harbor2	chr19	45257216	45257240	DNA/TcMar-Tigger	1167	+	12	45257228	65853
chr19	45191375	45391375	harbor2	chr19	45257232	45257371	DNA/TcMar-Tigger	1177	+	70	45257302	65927
chr19	45191375	45391375	harbor2	chr19	45258285	45258403	DNA/TcMar-Tigger	1177	+	59	45258344	66969
chr19	53171747	53371747	harbor2	chr19	53198715	53198844	DNA/TcMar-Tigger	705	+	64	53198779	27032
chr19	53171747	53371747	harbor2	chr19	53199127	53199223	DNA/TcMar-Tigger	705	+	48	53199175	27428
chr19	53171747	53371747	harbor2	chr19	53220435	53220621	DNA/TcMar-Tigger	979	+	93	53220528	48781
chr19	53171747	53371747	harbor2	chr19	53220775	53220914	DNA/TcMar-Tigger	751	+	70	53220845	49098
chr19	34168847	34368847	harbor2	chr19	34260103	34260447	DNA/TcMar-Tigger	2206	+	172	34260275	91428
chr19	58120451	58320451	harbor2	chr19	58120433	58120737	DNA/TcMar-Tigger	1480	+	152	58120585	134
chr19	58120451	58320451	harbor2	chr19	58120797	58120993	DNA/TcMar-Tigger	1635	+	98	58120895	444
chr19	58120451	58320451	harbor2	chr19	58121291	58121431	DNA/TcMar-Tigger	1635	+	70	58121361	910
chr19	58120451	58320451	harbor2	chr19	58180050	58180276	DNA/TcMar-Tigger	718	+	113	58180163	59712
chr19	52102372	52302372	harbor2	chr19	52111167	52111527	DNA/TcMar-Tigger	1665	+	180	52111347	8975
chr19	56753361	56953361	harbor2	chr19	56761416	56761843	DNA/TcMar-Tigger	1085	+	214	56761630	8269
chr19	56753361	56953361	harbor2	chr19	56790297	56790814	DNA/TcMar-Tigger	3025	+	258	56790555	37194
chr19	33452479	33652479	harbor2	chr19	33453409	33453542	DNA/TcMar-Tigger	676	+	66	33453475	996
chr19	33452479	33652479	harbor2	chr19	33453532	33453733	DNA/TcMar-Tigger	1146	+	100	33453632	1153
chr19	50752524	50952524	harbor2	chr19	50762610	50762844	DNA/TcMar-Tigger	1209	+	117	50762727	10203
chr19	55157585	55357585	harbor2	chr19	55191847	55192120	DNA/TcMar-Tigger	1912	+	136	55191983	34398
chr19	55157585	55357585	harbor2	chr19	55192428	55192546	DNA/TcMar-Tigger	1912	+	59	55192487	34902
chr19	55157585	55357585	harbor2	chr19	55192850	55192901	DNA/TcMar-Tigger	1912	+	26	55192876	35291
chr19	44347879	44547879	harbor2	chr19	44364593	44364881	DNA/TcMar-Tigger	868	+	144	44364737	16858
chr19	44029636	44229636	harbor2	chr19	44038255	44038469	DNA/TcMar-Tigger	1020	+	107	44038362	8726
chr19	34080621	34280621	harbor2	chr19	34092076	34092466	DNA/TcMar-Tigger	2450	+	195	34092271	11650
chr19	34080621	34280621	harbor2	chr19	34099316	34101175	DNA/TcMar-Tigger	12048	+	930	34100246	19625
chr19	34080621	34280621	harbor2	chr19	34101492	34101526	DNA/TcMar-Tigger	12048	+	17	34101509	20888
chr19	34080621	34280621	harbor2	chr19	34101825	34102208	DNA/TcMar-Tigger	12048	+	192	34102017	21396
chr19	34080621	34280621	harbor2	chr19	34102505	34102768	DNA/TcMar-Tigger	4570	+	132	34102637	22016
chr19	34080621	34280621	harbor2	chr19	34162931	34163174	DNA/TcMar-Tigger	641	+	122	34163053	82432
chr19	52322596	52522596	harbor2	chr19	52344631	52344797	DNA/TcMar-Tigger	901	+	83	52344714	22118
chr19	52322596	52522596	harbor2	chr19	52345082	52345142	DNA/TcMar-Tigger	901	+	30	52345112	22516
chr19	52322596	52522596	harbor2	chr19	52345238	52345430	DNA/TcMar-Tigger	800	+	96	52345334	22738
chr19	52322596	52522596	harbor2	chr19	52345425	52345695	DNA/TcMar-Tigger	6276	+	135	52345560	22964
chr19	52322596	52522596	harbor2	chr19	52346598	52346730	DNA/TcMar-Tigger	6276	+	66	52346664	24068
chr19	52322596	52522596	harbor2	chr19	52347028	52347525	DNA/TcMar-Tigger	6276	+	248	52347276	24680
chr19	52322596	52522596	harbor2	chr19	52347823	52348234	DNA/TcMar-Tigger	6276	+	206	52348029	25433
chr19	52322596	52522596	harbor2	chr19	52348485	52348668	DNA/TcMar-Tigger	681	+	92	52348577	25981
chr19	53163353	53363353	harbor2	chr19	53198715	53198844	DNA/TcMar-Tigger	705	+	64	53198779	35426
chr19	53163353	53363353	harbor2	chr19	53199127	53199223	DNA/TcMar-Tigger	705	+	48	53199175	35822
chr19	53163353	53363353	harbor2	chr19	53220435	53220621	DNA/TcMar-Tigger	979	+	93	53220528	57175
chr19	53163353	53363353	harbor2	chr19	53220775	53220914	DNA/TcMar-Tigger	751	+	70	53220845	57492
chr19	33507401	33707401	harbor2	chr19	33587853	33589137	DNA/TcMar-Tigger	8780	+	642	33588495	81094
chr19	33507401	33707401	harbor2	chr19	33589701	33589879	DNA/TcMar-Tigger	1241	+	89	33589790	82389
chr19	33507401	33707401	harbor2	chr19	33590479	33591494	DNA/TcMar-Tigger	6663	+	508	33590987	83586
chr19	54369734	54569734	harbor2	chr19	54466620	54466924	DNA/TcMar-Tigger	1353	+	152	54466772	97038
chr19	56752259	56952259	harbor2	chr19	56761416	56761843	DNA/TcMar-Tigger	1085	+	214	56761630	9371
chr19	56752259	56952259	harbor2	chr19	56790297	56790814	DNA/TcMar-Tigger	3025	+	258	56790555	38296
chr19	49066805	49266805	harbor2	chr19	49091009	49091090	DNA/TcMar-Tigger	1071	+	40	49091049	24244
chr19	49066805	49266805	harbor2	chr19	49091387	49091619	DNA/TcMar-Tigger	1071	+	116	49091503	24698
chr19	23580744	23780744	harbor2	chr19	23631264	23631620	DNA/TcMar-Tigger	1456	+	178	23631442	50698
chr19	57442269	57642269	harbor2	chr19	57498212	57498394	DNA/TcMar-Tigger	720	+	91	57498303	56034
chr19	57442269	57642269	harbor2	chr19	57512101	57512400	DNA/TcMar-Tigger	1296	+	150	57512251	69982
chr19	57442269	57642269	harbor2	chr19	57519210	57520004	DNA/TcMar-Tigger	7429	+	397	57519607	77338
chr19	57442269	57642269	harbor2	chr19	57520312	57520777	DNA/TcMar-Tigger	7429	+	232	57520544	78275
chr19	57442269	57642269	harbor2	chr19	57528958	57529205	DNA/TcMar-Tigger	1037	+	124	57529082	86813
chr19	54372168	54572168	harbor2	chr19	54466620	54466924	DNA/TcMar-Tigger	1353	+	152	54466772	94604
chr19	41189303	41389303	harbor2	chr19	41282625	41282677	DNA/TcMar-Tigger	5928	+	26	41282651	93348
chr19	41189303	41389303	harbor2	chr19	41282994	41283278	DNA/TcMar-Tigger	5928	+	142	41283136	93833
chr19	41189303	41389303	harbor2	chr19	41283893	41284383	DNA/TcMar-Tigger	5928	+	245	41284138	94835
chr19	41189303	41389303	harbor2	chr19	41284670	41284716	DNA/TcMar-Tigger	5928	+	23	41284693	95390
chr19	41189303	41389303	harbor2	chr19	41285014	41285274	DNA/TcMar-Tigger	5928	+	130	41285144	95841
chr19	41189303	41389303	harbor2	chr19	41285504	41285789	DNA/TcMar-Tigger	1469	+	142	41285646	96343
chr19	55929080	56129080	harbor2	chr19	55949021	55949239	DNA/TcMar-Tigger	1590	+	109	55949130	20050
chr19	55929080	56129080	harbor2	chr19	55949538	55949648	DNA/TcMar-Tigger	1590	+	55	55949593	20513
chr19	55929080	56129080	harbor2	chr19	55950462	55950797	DNA/TcMar-Tigger	2827	+	168	55950630	21550
chr19	55929080	56129080	harbor2	chr19	56023401	56023814	DNA/TcMar-Tigger	1266	+	206	56023607	94527
chr19	55929080	56129080	harbor2	chr19	55951108	55951464	DNA/TcMar-Tigger	2827	+	178	55951286	22206
chr19	57134153	57334153	harbor2	chr19	57146642	57146854	DNA/TcMar-Tigger	2168	+	106	57146748	12595
chr19	57134153	57334153	harbor2	chr19	57147161	57147318	DNA/TcMar-Tigger	2168	+	78	57147239	13086
chr19	57134153	57334153	harbor2	chr19	57147450	57147866	DNA/TcMar-Tigger	2454	+	208	57147658	13505
chr19	57134153	57334153	harbor2	chr19	57147998	57148133	DNA/TcMar-Tigger	779	+	68	57148066	13913
chr19	57134153	57334153	harbor2	chr19	57151977	57152382	DNA/TcMar-Tigger	2594	+	202	57152179	18026
chr19	57134153	57334153	harbor2	chr19	57152548	57152644	DNA/TcMar-Tigger	905	+	48	57152596	18443
chr19	57134153	57334153	harbor2	chr19	57153080	57153195	DNA/TcMar-Tigger	905	+	58	57153138	18985
chr19	56750148	56950148	harbor2	chr19	56761416	56761843	DNA/TcMar-Tigger	1085	+	214	56761630	11482
chr19	56750148	56950148	harbor2	chr19	56790297	56790814	DNA/TcMar-Tigger	3025	+	258	56790555	40407
chr19	45300476	45500476	harbor2	chr19	45313099	45313559	DNA/TcMar-Tigger	2719	+	230	45313329	12853
chr19	45300476	45500476	harbor2	chr19	45314195	45314421	DNA/TcMar-Tigger	1184	+	113	45314308	13832
chr19	45300476	45500476	harbor2	chr19	45356253	45356527	DNA/TcMar-Tigger	953	+	137	45356390	55914
chr19	45300476	45500476	harbor2	chr19	45356825	45356864	DNA/TcMar-Tigger	953	+	20	45356845	56369
chr19	58232447	58432447	harbor2	chr19	58329614	58329871	DNA/TcMar-Tigger	1496	+	128	58329742	97295
chr19	56463868	56663868	harbor2	chr19	56472466	56472882	DNA/TcMar-Tigger	2258	+	208	56472674	8806
chr19	56463868	56663868	harbor2	chr19	56505803	56505923	DNA/TcMar-Tigger	849	+	60	56505863	41995
chr19	56463868	56663868	harbor2	chr19	56505911	56506047	DNA/TcMar-Tigger	774	+	68	56505979	42111
chr19	56463868	56663868	harbor2	chr19	56519710	56519975	DNA/TcMar-Tigger	1424	+	132	56519842	55974
chr19	56463868	56663868	harbor2	chr19	56521967	56522221	DNA/TcMar-Tigger	1268	+	127	56522094	58226
chr19	34019104	34219104	harbor2	chr19	34024761	34024926	DNA/TcMar-Tigger	1178	+	82	34024843	5739
chr19	34019104	34219104	harbor2	chr19	34073952	34074251	DNA/TcMar-Tigger	1578	+	150	34074102	54998
chr19	34019104	34219104	harbor2	chr19	34075536	34075699	DNA/TcMar-Tigger	3393	+	82	34075618	56514
chr19	34019104	34219104	harbor2	chr19	34076457	34076839	DNA/TcMar-Tigger	3393	+	191	34076648	57544
chr19	34019104	34219104	harbor2	chr19	34092076	34092466	DNA/TcMar-Tigger	2450	+	195	34092271	73167
chr19	34019104	34219104	harbor2	chr19	34099316	34101175	DNA/TcMar-Tigger	12048	+	930	34100246	81142
chr19	34019104	34219104	harbor2	chr19	34101492	34101526	DNA/TcMar-Tigger	12048	+	17	34101509	82405
chr19	34019104	34219104	harbor2	chr19	34101825	34102208	DNA/TcMar-Tigger	12048	+	192	34102017	82913
chr19	34019104	34219104	harbor2	chr19	34102505	34102768	DNA/TcMar-Tigger	4570	+	132	34102637	83533
chr19	32291118	32491118	harbor2	chr19	32302038	32302366	DNA/TcMar-Tigger	1511	+	164	32302202	11084
chr19	56157717	56357717	harbor2	chr19	56237303	56237591	DNA/TcMar-Tigger	1475	+	144	56237447	79730
chr19	50487141	50687141	harbor2	chr19	50557763	50558193	DNA/TcMar-Tigger	2504	+	215	50557978	70837
chr19	51190757	51390757	harbor2	chr19	51266228	51266586	DNA/TcMar-Tigger	2157	+	179	51266407	75650
chr19	57640488	57840488	harbor2	chr19	57677182	57677564	DNA/TcMar-Tigger	1555	+	191	57677373	36885
chr19	57640488	57840488	harbor2	chr19	57677543	57677771	DNA/TcMar-Tigger	1038	+	114	57677657	37169
chr19	51903102	52103102	harbor2	chr19	51919231	51919491	DNA/TcMar-Tigger	1081	+	130	51919361	16259
chr19	51903102	52103102	harbor2	chr19	51924697	51924891	DNA/TcMar-Tigger	1029	+	97	51924794	21692
chr19	51903102	52103102	harbor2	chr19	51938754	51938927	DNA/TcMar-Tigger	1041	+	86	51938840	35738
chr19	51903102	52103102	harbor2	chr19	51943234	51943771	DNA/TcMar-Tigger	2866	+	268	51943502	40400
chr19	46532058	46732058	harbor2	chr19	46615228	46615434	DNA/TcMar-Tigger	1195	+	103	46615331	83273
chr19	38716684	38916684	harbor2	chr19	38758135	38758446	DNA/TcMar-Tigger	3082	+	156	38758291	41607
chr19	38716684	38916684	harbor2	chr19	38759056	38759317	DNA/TcMar-Tigger	3082	+	130	38759186	42502
chr19	49001963	49201963	harbor2	chr19	49012540	49012756	DNA/TcMar-Tigger	1833	+	108	49012648	10685
chr19	49001963	49201963	harbor2	chr19	49013369	49013632	DNA/TcMar-Tigger	1833	+	132	49013501	11538
chr19	49001963	49201963	harbor2	chr19	49013939	49014122	DNA/TcMar-Tigger	1833	+	92	49014031	12068
chr19	49001963	49201963	harbor2	chr19	49091009	49091090	DNA/TcMar-Tigger	1071	+	40	49091049	89086
chr19	49001963	49201963	harbor2	chr19	49091387	49091619	DNA/TcMar-Tigger	1071	+	116	49091503	89540
chr19	47282246	47482246	harbor2	chr19	47283433	47283624	DNA/TcMar-Tigger	751	+	96	47283529	1283
chr19	37746256	37946256	harbor2	chr19	37825814	37827996	DNA/TcMar-Tigger	14862	+	1091	37826905	80649
chr19	37746256	37946256	harbor2	chr19	37828289	37828465	DNA/TcMar-Tigger	14862	+	88	37828377	82121
chr19	37746256	37946256	harbor2	chr19	37832042	37832524	DNA/TcMar-Tigger	4243	+	241	37832283	86027
chr19	37746256	37946256	harbor2	chr19	37832828	37833079	DNA/TcMar-Tigger	4243	+	126	37832954	86698
chr19	53141792	53341792	harbor2	chr19	53198715	53198844	DNA/TcMar-Tigger	705	+	64	53198779	56987
chr19	53141792	53341792	harbor2	chr19	53199127	53199223	DNA/TcMar-Tigger	705	+	48	53199175	57383
chr19	53141792	53341792	harbor2	chr19	53220435	53220621	DNA/TcMar-Tigger	979	+	93	53220528	78736
chr19	53141792	53341792	harbor2	chr19	53220775	53220914	DNA/TcMar-Tigger	751	+	70	53220845	79053
chr19	56390023	56590023	harbor2	chr19	56431216	56431341	DNA/TcMar-Tigger	645	+	62	56431278	41255
chr19	56390023	56590023	harbor2	chr19	56446316	56446644	DNA/TcMar-Tigger	1015	+	164	56446480	56457
chr19	56390023	56590023	harbor2	chr19	56472466	56472882	DNA/TcMar-Tigger	2258	+	208	56472674	82651
chr19	57344739	57544739	harbor2	chr19	57401279	57401593	DNA/TcMar-Tigger	1726	+	157	57401436	56697
chr19	55204935	55404935	harbor2	chr19	55298491	55298952	DNA/TcMar-Tigger	1940	+	230	55298721	93786
chr19	55204935	55404935	harbor2	chr19	55299166	55299347	DNA/TcMar-Tigger	733	+	90	55299256	94321
chr19	57130888	57330888	harbor2	chr19	57146642	57146854	DNA/TcMar-Tigger	2168	+	106	57146748	15860
chr19	57130888	57330888	harbor2	chr19	57147161	57147318	DNA/TcMar-Tigger	2168	+	78	57147239	16351
chr19	57130888	57330888	harbor2	chr19	57147450	57147866	DNA/TcMar-Tigger	2454	+	208	57147658	16770
chr19	57130888	57330888	harbor2	chr19	57147998	57148133	DNA/TcMar-Tigger	779	+	68	57148066	17178
chr19	57130888	57330888	harbor2	chr19	57151977	57152382	DNA/TcMar-Tigger	2594	+	202	57152179	21291
chr19	57130888	57330888	harbor2	chr19	57152548	57152644	DNA/TcMar-Tigger	905	+	48	57152596	21708
chr19	57130888	57330888	harbor2	chr19	57153080	57153195	DNA/TcMar-Tigger	905	+	58	57153138	22250
chr19	36312737	36512737	harbor2	chr19	36337358	36337653	DNA/TcMar-Tigger	1312	+	148	36337506	24769
chr19	36312737	36512737	harbor2	chr19	36399579	36400133	DNA/TcMar-Tigger	982	+	277	36399856	87119
chr19	47243493	47443493	harbor2	chr19	47283433	47283624	DNA/TcMar-Tigger	751	+	96	47283529	40036
chr19	57141588	57341588	harbor2	chr19	57146642	57146854	DNA/TcMar-Tigger	2168	+	106	57146748	5160
chr19	57141588	57341588	harbor2	chr19	57147161	57147318	DNA/TcMar-Tigger	2168	+	78	57147239	5651
chr19	57141588	57341588	harbor2	chr19	57147450	57147866	DNA/TcMar-Tigger	2454	+	208	57147658	6070
chr19	57141588	57341588	harbor2	chr19	57147998	57148133	DNA/TcMar-Tigger	779	+	68	57148066	6478
chr19	57141588	57341588	harbor2	chr19	57151977	57152382	DNA/TcMar-Tigger	2594	+	202	57152179	10591
chr19	57141588	57341588	harbor2	chr19	57152548	57152644	DNA/TcMar-Tigger	905	+	48	57152596	11008
chr19	57141588	57341588	harbor2	chr19	57153080	57153195	DNA/TcMar-Tigger	905	+	58	57153138	11550
chr19	56759212	56959212	harbor2	chr19	56761416	56761843	DNA/TcMar-Tigger	1085	+	214	56761630	2418
chr19	56759212	56959212	harbor2	chr19	56790297	56790814	DNA/TcMar-Tigger	3025	+	258	56790555	31343
chr19	56215990	56415990	harbor2	chr19	56237303	56237591	DNA/TcMar-Tigger	1475	+	144	56237447	21457
chr19	50725881	50925881	harbor2	chr19	50750228	50750474	DNA/TcMar-Tigger	2880	+	123	50750351	24470
chr19	50725881	50925881	harbor2	chr19	50750608	50750655	DNA/TcMar-Tigger	2880	+	24	50750632	24751
chr19	50725881	50925881	harbor2	chr19	50750934	50751006	DNA/TcMar-Tigger	2880	+	36	50750970	25089
chr19	50725881	50925881	harbor2	chr19	50751260	50751459	DNA/TcMar-Tigger	2880	+	100	50751360	25479
chr19	50725881	50925881	harbor2	chr19	50751897	50752037	DNA/TcMar-Tigger	712	+	70	50751967	26086
chr19	50725881	50925881	harbor2	chr19	50762610	50762844	DNA/TcMar-Tigger	1209	+	117	50762727	36846
chr19	58076795	58276795	harbor2	chr19	58103279	58104096	DNA/TcMar-Tigger	8419	+	408	58103687	26892
chr19	58076795	58276795	harbor2	chr19	58104750	58105387	DNA/TcMar-Tigger	8419	+	318	58105068	28273
chr19	58076795	58276795	harbor2	chr19	58105688	58105703	DNA/TcMar-Tigger	8419	+	8	58105696	28901
chr19	58076795	58276795	harbor2	chr19	58105995	58106117	DNA/TcMar-Tigger	8419	+	61	58106056	29261
chr19	58076795	58276795	harbor2	chr19	58120433	58120737	DNA/TcMar-Tigger	1480	+	152	58120585	43790
chr19	58076795	58276795	harbor2	chr19	58120797	58120993	DNA/TcMar-Tigger	1635	+	98	58120895	44100
chr19	58076795	58276795	harbor2	chr19	58121291	58121431	DNA/TcMar-Tigger	1635	+	70	58121361	44566
chr19	52322232	52522232	harbor2	chr19	52344631	52344797	DNA/TcMar-Tigger	901	+	83	52344714	22482
chr19	52322232	52522232	harbor2	chr19	52345082	52345142	DNA/TcMar-Tigger	901	+	30	52345112	22880
chr19	52322232	52522232	harbor2	chr19	52345238	52345430	DNA/TcMar-Tigger	800	+	96	52345334	23102
chr19	52322232	52522232	harbor2	chr19	52345425	52345695	DNA/TcMar-Tigger	6276	+	135	52345560	23328
chr19	52322232	52522232	harbor2	chr19	52346598	52346730	DNA/TcMar-Tigger	6276	+	66	52346664	24432
chr19	52322232	52522232	harbor2	chr19	52347028	52347525	DNA/TcMar-Tigger	6276	+	248	52347276	25044
chr19	52322232	52522232	harbor2	chr19	52347823	52348234	DNA/TcMar-Tigger	6276	+	206	52348029	25797
chr19	52322232	52522232	harbor2	chr19	52348485	52348668	DNA/TcMar-Tigger	681	+	92	52348577	26345
chr19	37677600	37877600	harbor2	chr19	37683505	37683785	DNA/TcMar-Tigger	3296	+	140	37683645	6045
chr19	37677600	37877600	harbor2	chr19	37682933	37683204	DNA/TcMar-Tigger	3296	+	136	37683069	5469
chr19	55896839	56096839	harbor2	chr19	55949021	55949239	DNA/TcMar-Tigger	1590	+	109	55949130	52291
chr19	55896839	56096839	harbor2	chr19	55949538	55949648	DNA/TcMar-Tigger	1590	+	55	55949593	52754
chr19	55896839	56096839	harbor2	chr19	55950462	55950797	DNA/TcMar-Tigger	2827	+	168	55950630	53791
chr19	55896839	56096839	harbor2	chr19	55951108	55951464	DNA/TcMar-Tigger	2827	+	178	55951286	54447
chr19	57508503	57708503	harbor2	chr19	57512101	57512400	DNA/TcMar-Tigger	1296	+	150	57512251	3748
chr19	57508503	57708503	harbor2	chr19	57519210	57520004	DNA/TcMar-Tigger	7429	+	397	57519607	11104
chr19	57508503	57708503	harbor2	chr19	57520312	57520777	DNA/TcMar-Tigger	7429	+	232	57520544	12041
chr19	57508503	57708503	harbor2	chr19	57528958	57529205	DNA/TcMar-Tigger	1037	+	124	57529082	20579
chr19	58010871	58210871	harbor2	chr19	58064320	58064599	DNA/TcMar-Tigger	2451	+	140	58064460	53589
chr19	58010871	58210871	harbor2	chr19	58064902	58065039	DNA/TcMar-Tigger	2451	+	68	58064970	54099
chr19	58010871	58210871	harbor2	chr19	58103279	58104096	DNA/TcMar-Tigger	8419	+	408	58103687	92816
chr19	58010871	58210871	harbor2	chr19	58104750	58105387	DNA/TcMar-Tigger	8419	+	318	58105068	94197
chr19	58010871	58210871	harbor2	chr19	58105688	58105703	DNA/TcMar-Tigger	8419	+	8	58105696	94825
chr19	58010871	58210871	harbor2	chr19	58105995	58106117	DNA/TcMar-Tigger	8419	+	61	58106056	95185
chr19	51476617	51676617	harbor2	chr19	51509710	51509829	DNA/TcMar-Tigger	625	+	60	51509770	33153
chr19	56779814	56979814	harbor2	chr19	56790297	56790814	DNA/TcMar-Tigger	3025	+	258	56790555	10741
chr19	56779814	56979814	harbor2	chr19	56878475	56878663	DNA/TcMar-Tigger	971	+	94	56878569	98755
chr19	54810043	55010043	harbor2	chr19	54814863	54815171	DNA/TcMar-Tigger	1421	+	154	54815017	4974
chr19	54810043	55010043	harbor2	chr19	54831128	54831436	DNA/TcMar-Tigger	1395	+	154	54831282	21239
chr19	54810043	55010043	harbor2	chr19	54848916	54849138	DNA/TcMar-Tigger	1321	+	111	54849027	38984
chr19	54810043	55010043	harbor2	chr19	54849447	54849545	DNA/TcMar-Tigger	1321	+	49	54849496	39453
chr19	54810043	55010043	harbor2	chr19	54867557	54867875	DNA/TcMar-Tigger	1466	+	159	54867716	57673
chr19	54421382	54621382	harbor2	chr19	54466620	54466924	DNA/TcMar-Tigger	1353	+	152	54466772	45390
chr19	56170235	56370235	harbor2	chr19	56237303	56237591	DNA/TcMar-Tigger	1475	+	144	56237447	67212
chr19	54144576	54344576	harbor2	chr19	54197503	54197697	DNA/TcMar-Tigger	2103	+	97	54197600	53024
chr19	54144576	54344576	harbor2	chr19	54198010	54198130	DNA/TcMar-Tigger	2103	+	60	54198070	53494
chr19	54144576	54344576	harbor2	chr19	54198431	54198470	DNA/TcMar-Tigger	2103	+	20	54198451	53875
chr19	54144576	54344576	harbor2	chr19	54198783	54198849	DNA/TcMar-Tigger	2103	+	33	54198816	54240
chr19	54144576	54344576	harbor2	chr19	54215120	54215195	DNA/TcMar-Tigger	648	+	38	54215158	70582
chr19	54144576	54344576	harbor2	chr19	54215498	54215557	DNA/TcMar-Tigger	648	+	30	54215528	70952
chr19	36448508	36648508	harbor2	chr19	36512920	36513251	DNA/TcMar-Tigger	1871	+	166	36513086	64578
chr19	52018240	52218240	harbor2	chr19	52040721	52040830	DNA/TcMar-Tigger	1281	+	54	52040775	22535
chr19	52018240	52218240	harbor2	chr19	52041124	52041336	DNA/TcMar-Tigger	1281	+	106	52041230	22990
chr19	52018240	52218240	harbor2	chr19	52088269	52089361	DNA/TcMar-Tigger	6229	+	546	52088815	70575
chr19	52018240	52218240	harbor2	chr19	52111167	52111527	DNA/TcMar-Tigger	1665	+	180	52111347	93107
chr19	41326236	41526236	harbor2	chr19	41337658	41337909	DNA/TcMar-Tigger	1816	+	126	41337784	11548
chr19	41326236	41526236	harbor2	chr19	41338510	41338556	DNA/TcMar-Tigger	1816	+	23	41338533	12297
chr19	41326236	41526236	harbor2	chr19	41338850	41338967	DNA/TcMar-Tigger	1816	+	58	41338908	12672
chr19	55117942	55317942	harbor2	chr19	55152321	55152432	DNA/TcMar-Tigger	667	+	56	55152377	34435
chr19	55117942	55317942	harbor2	chr19	55152430	55152615	DNA/TcMar-Tigger	1556	+	92	55152522	34580
chr19	55117942	55317942	harbor2	chr19	55153232	55153368	DNA/TcMar-Tigger	1556	+	68	55153300	35358
chr19	55117942	55317942	harbor2	chr19	55191847	55192120	DNA/TcMar-Tigger	1912	+	136	55191983	74041
chr19	55117942	55317942	harbor2	chr19	55192428	55192546	DNA/TcMar-Tigger	1912	+	59	55192487	74545
chr19	55117942	55317942	harbor2	chr19	55192850	55192901	DNA/TcMar-Tigger	1912	+	26	55192876	74934
chr19	33122410	33322410	harbor2	chr19	33158466	33158698	DNA/TcMar-Tigger	3026	+	116	33158582	36172
chr19	33122410	33322410	harbor2	chr19	33158998	33159047	DNA/TcMar-Tigger	3026	+	24	33159022	36612
chr19	33122410	33322410	harbor2	chr19	33159395	33159689	DNA/TcMar-Tigger	3026	+	147	33159542	37132
chr19	33122410	33322410	harbor2	chr19	33160219	33160257	DNA/TcMar-Tigger	3026	+	19	33160238	37828
chr19	43935900	44135900	harbor2	chr19	44020574	44020800	DNA/TcMar-Tigger	1131	+	113	44020687	84787
chr19	56652163	56852163	harbor2	chr19	56700483	56700613	DNA/TcMar-Tigger	982	+	65	56700548	48385
chr19	56652163	56852163	harbor2	chr19	56700916	56700987	DNA/TcMar-Tigger	982	+	36	56700952	48789
chr19	56652163	56852163	harbor2	chr19	56700979	56701195	DNA/TcMar-Tigger	1837	+	108	56701087	48924
chr19	56652163	56852163	harbor2	chr19	56701486	56701601	DNA/TcMar-Tigger	1837	+	58	56701544	49381
chr19	47867055	48067055	harbor2	chr19	47964856	47965001	DNA/TcMar-Tigger	1076	+	72	47964928	97873
chr19	47867055	48067055	harbor2	chr19	47965289	47965764	DNA/TcMar-Tigger	2136	+	238	47965527	98472
chr19	19668269	19868269	harbor2	chr19	19698470	19698734	DNA/TcMar-Tigger	1317	+	132	19698602	30333
chr19	44777051	44977051	harbor2	chr19	44823565	44823696	DNA/TcMar-Tigger	698	+	66	44823631	46580
chr19	50674173	50874173	harbor2	chr19	50750228	50750474	DNA/TcMar-Tigger	2880	+	123	50750351	76178
chr19	50674173	50874173	harbor2	chr19	50750608	50750655	DNA/TcMar-Tigger	2880	+	24	50750632	76459
chr19	50674173	50874173	harbor2	chr19	50750934	50751006	DNA/TcMar-Tigger	2880	+	36	50750970	76797
chr19	50674173	50874173	harbor2	chr19	50751260	50751459	DNA/TcMar-Tigger	2880	+	100	50751360	77187
chr19	50674173	50874173	harbor2	chr19	50751897	50752037	DNA/TcMar-Tigger	712	+	70	50751967	77794
chr19	50674173	50874173	harbor2	chr19	50762610	50762844	DNA/TcMar-Tigger	1209	+	117	50762727	88554
chr19	54165401	54365401	harbor2	chr19	54197503	54197697	DNA/TcMar-Tigger	2103	+	97	54197600	32199
chr19	54165401	54365401	harbor2	chr19	54198010	54198130	DNA/TcMar-Tigger	2103	+	60	54198070	32669
chr19	54165401	54365401	harbor2	chr19	54198431	54198470	DNA/TcMar-Tigger	2103	+	20	54198451	33050
chr19	54165401	54365401	harbor2	chr19	54198783	54198849	DNA/TcMar-Tigger	2103	+	33	54198816	33415
chr19	54165401	54365401	harbor2	chr19	54215120	54215195	DNA/TcMar-Tigger	648	+	38	54215158	49757
chr19	54165401	54365401	harbor2	chr19	54215498	54215557	DNA/TcMar-Tigger	648	+	30	54215528	50127
chr19	58278737	58478737	harbor2	chr19	58329614	58329871	DNA/TcMar-Tigger	1496	+	128	58329742	51005
chr19	54179156	54379156	harbor2	chr19	54197503	54197697	DNA/TcMar-Tigger	2103	+	97	54197600	18444
chr19	54179156	54379156	harbor2	chr19	54198010	54198130	DNA/TcMar-Tigger	2103	+	60	54198070	18914
chr19	54179156	54379156	harbor2	chr19	54198431	54198470	DNA/TcMar-Tigger	2103	+	20	54198451	19295
chr19	54179156	54379156	harbor2	chr19	54198783	54198849	DNA/TcMar-Tigger	2103	+	33	54198816	19660
chr19	54179156	54379156	harbor2	chr19	54215120	54215195	DNA/TcMar-Tigger	648	+	38	54215158	36002
chr19	54179156	54379156	harbor2	chr19	54215498	54215557	DNA/TcMar-Tigger	648	+	30	54215528	36372
chr19	18020434	18220434	harbor2	chr19	18086277	18086406	DNA/TcMar-Tigger	780	+	64	18086341	65907
chr19	55055862	55255862	harbor2	chr19	55152321	55152432	DNA/TcMar-Tigger	667	+	56	55152377	96515
chr19	55055862	55255862	harbor2	chr19	55152430	55152615	DNA/TcMar-Tigger	1556	+	92	55152522	96660
chr19	55055862	55255862	harbor2	chr19	55153232	55153368	DNA/TcMar-Tigger	1556	+	68	55153300	97438
chr20	52642017	52842017	harbor2	chr20	52663084	52663194	DNA/TcMar-Tigger	399	+	55	52663139	21122
chr20	52642017	52842017	harbor2	chr20	52737386	52737691	DNA/TcMar-Tigger	1523	+	152	52737538	95521
chr20	9231254	9431254	harbor2	chr20	9255533	9255666	DNA/TcMar-Tigger	458	+	66	9255599	24345
chr20	54025090	54225090	harbor2	chr20	54038816	54039120	DNA/TcMar-Tigger	907	+	152	54038968	13878
chr20	54025090	54225090	harbor2	chr20	54074190	54074679	DNA/TcMar-Tigger	2264	+	244	54074434	49344
chr20	54025090	54225090	harbor2	chr20	54088190	54088533	DNA/TcMar-Tigger	912	+	172	54088362	63272
chr20	59328909	59528909	harbor2	chr20	59335139	59335416	DNA/TcMar-Tigger	580	+	138	59335277	6368
chr20	56514760	56714760	harbor2	chr20	56555534	56555614	DNA/TcMar-Tigger	668	+	40	56555574	40814
chr20	56514760	56714760	harbor2	chr20	56555920	56556109	DNA/TcMar-Tigger	668	+	94	56556014	41254
chr20	56514760	56714760	harbor2	chr20	56597814	56598004	DNA/TcMar-Tigger	1048	+	95	56597909	83149
chr20	56514760	56714760	harbor2	chr20	56597992	56598028	DNA/TcMar-Tigger	578	+	18	56598010	83250
chr20	56514760	56714760	harbor2	chr20	56598340	56598441	DNA/TcMar-Tigger	578	+	50	56598390	83630
chr20	56514760	56714760	harbor2	chr20	56598447	56598579	DNA/TcMar-Tigger	797	+	66	56598513	83753
chr20	50298758	50498758	harbor2	chr20	50350930	50351020	DNA/TcMar-Tigger	595	+	45	50350975	52217
chr20	50298758	50498758	harbor2	chr20	50351016	50351520	DNA/TcMar-Tigger	2882	+	252	50351268	52510
chr20	58185158	58385158	harbor2	chr20	58208351	58208716	DNA/TcMar-Tigger	2979	+	182	58208533	23375
chr20	58185158	58385158	harbor2	chr20	58209213	58209413	DNA/TcMar-Tigger	2979	+	100	58209313	24155
chr20	55079476	55279476	harbor2	chr20	55105028	55105251	DNA/TcMar-Tigger	1384	+	112	55105140	25664
chr20	55079476	55279476	harbor2	chr20	55146151	55146485	DNA/TcMar-Tigger	1900	+	167	55146318	66842
chr20	55079476	55279476	harbor2	chr20	55170625	55170744	DNA/TcMar-Tigger	553	+	60	55170685	91209
chr20	56259557	56459557	harbor2	chr20	56355008	56355093	DNA/TcMar-Tigger	543	+	42	56355050	95493
chr20	17242425	17442425	harbor2	chr20	17266081	17266553	DNA/TcMar-Tigger	744	+	236	17266317	23892
chr20	62005065	62205065	harbor2	chr20	62028353	62028562	DNA/TcMar-Tigger	871	+	104	62028457	23392
chr20	62005065	62205065	harbor2	chr20	62041935	62041970	DNA/TcMar-Tigger	4631	+	18	62041953	36888
chr20	62005065	62205065	harbor2	chr20	62042695	62043040	DNA/TcMar-Tigger	4631	+	172	62042867	37802
chr20	62005065	62205065	harbor2	chr20	62043306	62043882	DNA/TcMar-Tigger	4631	+	288	62043594	38529
chr20	62005065	62205065	harbor2	chr20	62088525	62088842	DNA/TcMar-Tigger	4296	+	158	62088683	83618
chr20	62005065	62205065	harbor2	chr20	62089456	62089949	DNA/TcMar-Tigger	4296	+	246	62089702	84637
chr20	62005065	62205065	harbor2	chr20	62090248	62090451	DNA/TcMar-Tigger	4296	+	102	62090350	85285
chr20	62005065	62205065	harbor2	chr20	62090762	62090811	DNA/TcMar-Tigger	4296	+	24	62090786	85721
chr20	62005065	62205065	harbor2	chr20	62091541	62091744	DNA/TcMar-Tigger	1034	+	102	62091643	86578
chr20	59406879	59606879	harbor2	chr20	59479483	59479830	DNA/TcMar-Tigger	1995	+	174	59479657	72778
chr20	40863435	41063435	harbor2	chr20	40866434	40866666	DNA/TcMar-Tigger	1305	+	116	40866550	3115
chr20	52093618	52293618	harbor2	chr20	52120464	52120667	DNA/TcMar-Tigger	15209	+	102	52120566	26948
chr20	52093618	52293618	harbor2	chr20	52120977	52122239	DNA/TcMar-Tigger	15209	+	631	52121608	27990
chr20	52093618	52293618	harbor2	chr20	52122527	52122995	DNA/TcMar-Tigger	15209	+	234	52122761	29143
chr20	52093618	52293618	harbor2	chr20	52123306	52123673	DNA/TcMar-Tigger	15209	+	184	52123490	29872
chr20	52093618	52293618	harbor2	chr20	52139792	52141879	DNA/TcMar-Tigger	16004	+	1044	52140836	47218
chr20	52093618	52293618	harbor2	chr20	52142541	52142559	DNA/TcMar-Tigger	16004	+	9	52142550	48932
chr20	52093618	52293618	harbor2	chr20	52142867	52143250	DNA/TcMar-Tigger	16004	+	192	52143059	49441
chr20	30106296	30306296	harbor2	chr20	30173821	30173937	DNA/TcMar-Tigger	659	+	58	30173879	67583
chr20	30106296	30306296	harbor2	chr20	30173926	30174155	DNA/TcMar-Tigger	5209	+	114	30174040	67744
chr20	30106296	30306296	harbor2	chr20	30174457	30174991	DNA/TcMar-Tigger	5209	+	267	30174724	68428
chr20	30106296	30306296	harbor2	chr20	30175264	30175402	DNA/TcMar-Tigger	5209	+	69	30175333	69037
chr20	30106296	30306296	harbor2	chr20	30186474	30186820	DNA/TcMar-Tigger	1928	+	173	30186647	80351
chr20	61275901	61475901	harbor2	chr20	61351161	61351476	DNA/TcMar-Tigger	1570	+	158	61351319	75418
chr20	61275901	61475901	harbor2	chr20	61363904	61364013	DNA/TcMar-Tigger	532	+	54	61363958	88057
chr20	49628353	49828353	harbor2	chr20	49645284	49645466	DNA/TcMar-Tigger	1499	+	91	49645375	17022
chr20	49628353	49828353	harbor2	chr20	49645762	49645866	DNA/TcMar-Tigger	1499	+	52	49645814	17461
chr20	49628353	49828353	harbor2	chr20	49646148	49646680	DNA/TcMar-Tigger	2858	+	266	49646414	18061
chr20	49628353	49828353	harbor2	chr20	49692875	49693203	DNA/TcMar-Tigger	2030	+	164	49693039	64686
chr20	49628353	49828353	harbor2	chr20	49694706	49695210	DNA/TcMar-Tigger	2023	+	252	49694958	66605
chr20	49628353	49828353	harbor2	chr20	49719553	49719748	DNA/TcMar-Tigger	626	+	98	49719651	91298
chr20	49628353	49828353	harbor2	chr20	49723835	49723928	DNA/TcMar-Tigger	2043	+	46	49723881	95528
chr20	49628353	49828353	harbor2	chr20	49724236	49724513	DNA/TcMar-Tigger	2043	+	138	49724374	96021
chr20	47275016	47475016	harbor2	chr20	47301629	47301786	DNA/TcMar-Tigger	1399	+	78	47301707	26691
chr20	47275016	47475016	harbor2	chr20	47302162	47302194	DNA/TcMar-Tigger	1399	+	16	47302178	27162
chr20	47275016	47475016	harbor2	chr20	47302464	47302589	DNA/TcMar-Tigger	1399	+	62	47302526	27510
chr20	47275016	47475016	harbor2	chr20	47326787	47326959	DNA/TcMar-Tigger	425	+	86	47326873	51857
chr20	59831954	60031954	harbor2	chr20	59872137	59872677	DNA/TcMar-Tigger	2462	+	270	59872407	40453
chr20	52428002	52628002	harbor2	chr20	52487009	52487341	DNA/TcMar-Tigger	1908	+	166	52487175	59173
chr20	52428002	52628002	harbor2	chr20	52514806	52515281	DNA/TcMar-Tigger	1031	+	238	52515044	87042
chr20	59725068	59925068	harbor2	chr20	59727685	59727894	DNA/TcMar-Tigger	1122	+	104	59727789	2721
chr20	19608705	19808705	harbor2	chr20	19608691	19609276	DNA/TcMar-Tigger	1468	+	292	19608983	278
chr20	19608705	19808705	harbor2	chr20	19703479	19703675	DNA/TcMar-Tigger	491	+	98	19703577	94872
chr20	62232255	62432255	harbor2	chr20	62288932	62289157	DNA/TcMar-Tigger	958	+	112	62289044	56789
chr20	60147519	60347519	harbor2	chr20	60153757	60154083	DNA/TcMar-Tigger	1741	+	163	60153920	6401
chr20	60147519	60347519	harbor2	chr20	60226094	60226379	DNA/TcMar-Tigger	970	+	142	60226236	78717
chr20	59459940	59659940	harbor2	chr20	59479483	59479830	DNA/TcMar-Tigger	1995	+	174	59479657	19717
chr20	63129145	63329145	harbor2	chr20	63144699	63145027	DNA/TcMar-Tigger	990	+	164	63144863	15718
chr20	35534598	35734598	harbor2	chr20	35549609	35549637	DNA/TcMar-Tigger	499	+	14	35549623	15025
chr20	35534598	35734598	harbor2	chr20	35549937	35550006	DNA/TcMar-Tigger	499	+	34	35549971	15373
chr20	35534598	35734598	harbor2	chr20	35587709	35587839	DNA/TcMar-Tigger	577	+	65	35587774	53176
chr20	35534598	35734598	harbor2	chr20	35589954	35590151	DNA/TcMar-Tigger	966	+	98	35590052	55454
chr20	54747847	54947847	harbor2	chr20	54748726	54748808	DNA/TcMar-Tigger	1501	+	41	54748767	920
chr20	54747847	54947847	harbor2	chr20	54749299	54749358	DNA/TcMar-Tigger	1501	+	30	54749329	1482
chr20	54747847	54947847	harbor2	chr20	54750021	54750149	DNA/TcMar-Tigger	1501	+	64	54750085	2238
chr20	41411494	41611494	harbor2	chr20	41437372	41437634	DNA/TcMar-Tigger	1375	+	131	41437503	26009
chr20	41411494	41611494	harbor2	chr20	41485385	41485639	DNA/TcMar-Tigger	779	+	127	41485512	74018
chr20	21690466	21890466	harbor2	chr20	21752581	21752737	DNA/TcMar-Tigger	420	+	78	21752659	62193
chr20	62852545	63052545	harbor2	chr20	62864499	62864693	DNA/TcMar-Tigger	1724	+	97	62864596	12051
chr20	62852545	63052545	harbor2	chr20	62864986	62865136	DNA/TcMar-Tigger	1724	+	75	62865061	12516
chr20	62852545	63052545	harbor2	chr20	62940759	62941042	DNA/TcMar-Tigger	622	+	142	62940901	88356
chr20	56682454	56882454	harbor2	chr20	56698306	56698603	DNA/TcMar-Tigger	831	+	148	56698454	16000
chr20	45302503	45502503	harbor2	chr20	45357070	45357275	DNA/TcMar-Tigger	855	+	102	45357172	54669
chr20	45302503	45502503	harbor2	chr20	45390504	45391401	DNA/TcMar-Tigger	4849	+	448	45390952	88449
chr20	52165656	52365656	harbor2	chr20	52232295	52232604	DNA/TcMar-Tigger	1471	+	154	52232449	66793
chr20	57764562	57964562	harbor2	chr20	57822533	57822719	DNA/TcMar-Tigger	1055	+	93	57822626	58064
chr20	57764562	57964562	harbor2	chr20	57824667	57824792	DNA/TcMar-Tigger	801	+	62	57824729	60167
chr20	41551960	41751960	harbor2	chr20	41558985	41559098	DNA/TcMar-Tigger	482	+	56	41559041	7081
chr20	41551960	41751960	harbor2	chr20	41569758	41569947	DNA/TcMar-Tigger	1059	+	94	41569852	17892
chr20	41551960	41751960	harbor2	chr20	41608296	41608564	DNA/TcMar-Tigger	636	+	134	41608430	56470
chr20	42562055	42762055	harbor2	chr20	42564352	42564458	DNA/TcMar-Tigger	1373	+	53	42564405	2350
chr20	42562055	42762055	harbor2	chr20	42564763	42564989	DNA/TcMar-Tigger	1373	+	113	42564876	2821
chr20	57905744	58105744	harbor2	chr20	58000698	58001042	DNA/TcMar-Tigger	1886	+	172	58000870	95126
chr20	39498304	39698304	harbor2	chr20	39508512	39508906	DNA/TcMar-Tigger	2482	+	197	39508709	10405
chr20	46969313	47169313	harbor2	chr20	46988040	46988261	DNA/TcMar-Tigger	1161	+	110	46988150	18837
chr20	46969313	47169313	harbor2	chr20	47025110	47025389	DNA/TcMar-Tigger	745	+	140	47025250	55937
chr20	16082262	16282262	harbor2	chr20	16176837	16177278	DNA/TcMar-Tigger	2596	+	220	16177057	94795
chr20	33998335	34198335	harbor2	chr20	34006553	34006896	DNA/TcMar-Tigger	1869	+	172	34006725	8390
chr20	33998335	34198335	harbor2	chr20	34013441	34013514	DNA/TcMar-Tigger	462	+	36	34013477	15142
chr20	33998335	34198335	harbor2	chr20	34034666	34034870	DNA/TcMar-Tigger	501	+	102	34034768	36433
chr20	33998335	34198335	harbor2	chr20	34035183	34035245	DNA/TcMar-Tigger	501	+	31	34035214	36879
chr20	33998335	34198335	harbor2	chr20	34060256	34060457	DNA/TcMar-Tigger	1057	+	100	34060356	62021
chr20	33998335	34198335	harbor2	chr20	34012902	34013195	DNA/TcMar-Tigger	1785	+	146	34013048	14713
chr20	62854414	63054414	harbor2	chr20	62864499	62864693	DNA/TcMar-Tigger	1724	+	97	62864596	10182
chr20	62854414	63054414	harbor2	chr20	62864986	62865136	DNA/TcMar-Tigger	1724	+	75	62865061	10647
chr20	62854414	63054414	harbor2	chr20	62940759	62941042	DNA/TcMar-Tigger	622	+	142	62940901	86487
chr20	59560138	59760138	harbor2	chr20	59570394	59570592	DNA/TcMar-Tigger	1629	+	99	59570493	10355
chr20	59560138	59760138	harbor2	chr20	59570811	59570943	DNA/TcMar-Tigger	1629	+	66	59570877	10739
chr20	59042868	59242868	harbor2	chr20	59048370	59049086	DNA/TcMar-Tigger	1339	+	358	59048728	5860
chr20	59042868	59242868	harbor2	chr20	59049395	59049526	DNA/TcMar-Tigger	1339	+	66	59049461	6593
chr21	39189910	39389910	harbor2	chr21	39241673	39243066	DNA/TcMar-Tigger	7939	+	696	39242369	52459
chr21	46462306	46662306	harbor2	chr21	46482259	46482669	DNA/TcMar-Tigger	2132	+	205	46482464	20158
chr21	46462306	46662306	harbor2	chr21	46513673	46513918	DNA/TcMar-Tigger	1414	+	122	46513795	51489
chr21	23714425	23914425	harbor2	chr21	23783933	23784370	DNA/TcMar-Tigger	2345	+	218	23784151	69726
chr21	44097865	44297865	harbor2	chr21	44109628	44110615	DNA/TcMar-Tigger	12331	+	494	44110122	12257
chr21	44097865	44297865	harbor2	chr21	44110927	44111708	DNA/TcMar-Tigger	12331	+	390	44111317	13452
chr21	44097865	44297865	harbor2	chr21	44112015	44112479	DNA/TcMar-Tigger	6522	+	232	44112247	14382
chr21	46607339	46807339	harbor2	chr21	46617460	46617771	DNA/TcMar-Tigger	5425	+	156	46617616	10277
chr21	46607339	46807339	harbor2	chr21	46617836	46618275	DNA/TcMar-Tigger	5425	+	220	46618056	10717
chr21	46607339	46807339	harbor2	chr21	46618578	46619284	DNA/TcMar-Tigger	5425	+	353	46618931	11592
chr21	46607339	46807339	harbor2	chr21	46654564	46654868	DNA/TcMar-Tigger	1136	+	152	46654716	47377
chr21	15637369	15837369	harbor2	chr21	15643715	15644065	DNA/TcMar-Tigger	621	+	175	15643890	6521
chr21	15637369	15837369	harbor2	chr21	15735225	15735554	DNA/TcMar-Tigger	1923	+	164	15735389	98020
chr21	25818192	26018192	harbor2	chr21	25887595	25887929	DNA/TcMar-Tigger	1691	+	167	25887762	69570
chr21	25818192	26018192	harbor2	chr21	25892903	25895176	DNA/TcMar-Tigger	15170	+	1136	25894039	75847
chr21	25818192	26018192	harbor2	chr21	25895464	25895564	DNA/TcMar-Tigger	15170	+	50	25895514	77322
chr21	19251643	19451643	harbor2	chr21	19257760	19258360	DNA/TcMar-Tigger	2835	+	300	19258060	6417
chr21	19251643	19451643	harbor2	chr21	19280761	19281110	DNA/TcMar-Tigger	1309	+	174	19280935	29292
chr21	19251643	19451643	harbor2	chr21	19281421	19281702	DNA/TcMar-Tigger	1620	+	140	19281561	29918
chr21	34437425	34637425	harbor2	chr21	34440360	34440722	DNA/TcMar-Tigger	3085	+	181	34440541	3116
chr21	34437425	34637425	harbor2	chr21	34441034	34441204	DNA/TcMar-Tigger	3085	+	85	34441119	3694
chr21	45621915	45821915	harbor2	chr21	45676345	45676762	DNA/TcMar-Tigger	14079	+	208	45676553	54638
chr21	45621915	45821915	harbor2	chr21	45677063	45678059	DNA/TcMar-Tigger	14079	+	498	45677561	55646
chr21	45621915	45821915	harbor2	chr21	45679421	45679620	DNA/TcMar-Tigger	14079	+	100	45679521	57606
chr21	45621915	45821915	harbor2	chr21	45678335	45679112	DNA/TcMar-Tigger	14079	+	388	45678723	56808
chr21	30033587	30233587	harbor2	chr21	30091685	30092063	DNA/TcMar-Tigger	803	+	189	30091874	58287
chr21	42725769	42925769	harbor2	chr21	42728005	42728313	DNA/TcMar-Tigger	1616	+	154	42728159	2390
chr21	28196245	28396245	harbor2	chr21	28254445	28254559	DNA/TcMar-Tigger	690	+	57	28254502	58257
chr21	28196245	28396245	harbor2	chr21	28254742	28254837	DNA/TcMar-Tigger	624	+	48	28254790	58545
chr21	28196245	28396245	harbor2	chr21	28271581	28271796	DNA/TcMar-Tigger	571	+	108	28271689	75444
chr21	28196245	28396245	harbor2	chr21	28295427	28295535	DNA/TcMar-Tigger	648	+	54	28295481	99236
chr21	28196245	28396245	harbor2	chr21	28295529	28295690	DNA/TcMar-Tigger	883	+	80	28295609	99364
chr21	44022851	44222851	harbor2	chr21	44109628	44110615	DNA/TcMar-Tigger	12331	+	494	44110122	87271
chr21	44022851	44222851	harbor2	chr21	44110927	44111708	DNA/TcMar-Tigger	12331	+	390	44111317	88466
chr21	44022851	44222851	harbor2	chr21	44112015	44112479	DNA/TcMar-Tigger	6522	+	232	44112247	89396
chr21	36273269	36473269	harbor2	chr21	36325660	36325935	DNA/TcMar-Tigger	1373	+	138	36325798	52529
chr21	36273269	36473269	harbor2	chr21	36326229	36326241	DNA/TcMar-Tigger	1373	+	6	36326235	52966
chr21	36273269	36473269	harbor2	chr21	36326539	36326659	DNA/TcMar-Tigger	1373	+	60	36326599	53330
chr21	19688838	19888838	harbor2	chr21	19748711	19748836	DNA/TcMar-Tigger	621	+	62	19748773	59935
chr21	19688838	19888838	harbor2	chr21	19749036	19750024	DNA/TcMar-Tigger	5974	+	494	19749530	60692
chr21	19688838	19888838	harbor2	chr21	19750291	19750534	DNA/TcMar-Tigger	5974	+	122	19750413	61575
chr21	46192664	46392664	harbor2	chr21	46261803	46262050	DNA/TcMar-Tigger	1333	+	124	46261927	69263
chr22	43569028	43769028	harbor2	chr22	43601154	43601400	DNA/TcMar-Tigger	713	+	123	43601277	32249
chr22	43569028	43769028	harbor2	chr22	43656486	43656730	DNA/TcMar-Tigger	1367	+	122	43656608	87580
chr22	43569028	43769028	harbor2	chr22	43656785	43656929	DNA/TcMar-Tigger	888	+	72	43656857	87829
chr22	45858944	46058944	harbor2	chr22	45862420	45862540	DNA/TcMar-Tigger	537	+	60	45862480	3536
chr22	30051312	30251312	harbor2	chr22	30109991	30110172	DNA/TcMar-Tigger	467	+	90	30110081	58769
chr22	30051312	30251312	harbor2	chr22	30110740	30110876	DNA/TcMar-Tigger	644	+	68	30110808	59496
chr22	30051312	30251312	harbor2	chr22	30111182	30111203	DNA/TcMar-Tigger	644	+	10	30111192	59880
chr22	30051312	30251312	harbor2	chr22	30111507	30111645	DNA/TcMar-Tigger	644	+	69	30111576	60264
chr22	30051312	30251312	harbor2	chr22	30133571	30133940	DNA/TcMar-Tigger	1629	+	184	30133755	82443
chr22	43484664	43684664	harbor2	chr22	43532858	43533301	DNA/TcMar-Tigger	842	+	222	43533080	48416
chr22	43484664	43684664	harbor2	chr22	43558399	43558554	DNA/TcMar-Tigger	1024	+	78	43558477	73813
chr22	43484664	43684664	harbor2	chr22	43558546	43558930	DNA/TcMar-Tigger	2179	+	192	43558738	74074
chr22	33344060	33544060	harbor2	chr22	33362471	33362975	DNA/TcMar-Tigger	1117	+	252	33362723	18663
chr22	33344060	33544060	harbor2	chr22	33364467	33364601	DNA/TcMar-Tigger	740	+	67	33364534	20474
chr22	41672984	41872984	harbor2	chr22	41732715	41732776	DNA/TcMar-Tigger	1976	+	30	41732745	59761
chr22	41672984	41872984	harbor2	chr22	41733080	41733171	DNA/TcMar-Tigger	1976	+	46	41733126	60142
chr22	41672984	41872984	harbor2	chr22	41733756	41733850	DNA/TcMar-Tigger	1976	+	47	41733803	60819
chr22	41672984	41872984	harbor2	chr22	41734162	41734289	DNA/TcMar-Tigger	1976	+	64	41734226	61242
chr22	48257209	48457209	harbor2	chr22	48294142	48294727	DNA/TcMar-Tigger	3097	+	292	48294434	37225
chr22	48257209	48457209	harbor2	chr22	48347947	48348384	DNA/TcMar-Tigger	2592	+	218	48348165	90956
chr22	16440141	16640141	harbor2	chr22	16518007	16518257	DNA/TcMar-Tigger	2228	+	125	16518132	77991
chr22	16440141	16640141	harbor2	chr22	16518551	16518705	DNA/TcMar-Tigger	2228	+	77	16518628	78487
chr22	16440141	16640141	harbor2	chr22	16518989	16519457	DNA/TcMar-Tigger	2501	+	234	16519223	79082
chr22	43018281	43218281	harbor2	chr22	43047372	43047470	DNA/TcMar-Tigger	591	+	49	43047421	29140
chr22	43018281	43218281	harbor2	chr22	43047769	43047857	DNA/TcMar-Tigger	591	+	44	43047813	29532
chr22	18996133	19196133	harbor2	chr22	19078208	19078303	DNA/TcMar-Tigger	401	+	48	19078256	82123
chr22	18996133	19196133	harbor2	chr22	19079204	19079364	DNA/TcMar-Tigger	840	+	80	19079284	83151
chr22	28112470	28312470	harbor2	chr22	28118445	28118744	DNA/TcMar-Tigger	1571	+	150	28118595	6125
chr22	28112470	28312470	harbor2	chr22	28132750	28132903	DNA/TcMar-Tigger	572	+	76	28132826	20356
chr22	40053222	40253222	harbor2	chr22	40058013	40058671	DNA/TcMar-Tigger	915	+	329	40058342	5120
chr22	40053222	40253222	harbor2	chr22	40099469	40099744	DNA/TcMar-Tigger	1474	+	138	40099607	46385
chr22	40053222	40253222	harbor2	chr22	40100686	40100781	DNA/TcMar-Tigger	1474	+	48	40100734	47512
chr22	46695745	46895745	harbor2	chr22	46724003	46724431	DNA/TcMar-Tigger	2231	+	214	46724217	28472
chr22	26898866	27098866	harbor2	chr22	26945848	26946288	DNA/TcMar-Tigger	2024	+	220	26946068	47202
chr22	26898866	27098866	harbor2	chr22	26946286	26946440	DNA/TcMar-Tigger	711	+	77	26946363	47497
chr22	45160513	45360513	harbor2	chr22	45172390	45172530	DNA/TcMar-Tigger	640	+	70	45172460	11947
chr22	36831013	37031013	harbor2	chr22	36841437	36843428	DNA/TcMar-Tigger	13471	+	996	36842433	11420
chr22	36831013	37031013	harbor2	chr22	36884364	36885346	DNA/TcMar-Tigger	443	+	491	36884855	53842
chr22	30235408	30435408	harbor2	chr22	30279905	30280009	DNA/TcMar-Tigger	532	+	52	30279957	44549
chr22	30235408	30435408	harbor2	chr22	30280001	30280080	DNA/TcMar-Tigger	3544	+	40	30280041	44633
chr22	30235408	30435408	harbor2	chr22	30280378	30280772	DNA/TcMar-Tigger	3544	+	197	30280575	45167
chr22	30235408	30435408	harbor2	chr22	30281078	30281109	DNA/TcMar-Tigger	3544	+	16	30281094	45686
chr22	30235408	30435408	harbor2	chr22	30282044	30282322	DNA/TcMar-Tigger	3544	+	139	30282183	46775
chr22	32112552	32312552	harbor2	chr22	32166931	32167230	DNA/TcMar-Tigger	1702	+	150	32167081	54529
chr22	45293483	45493483	harbor2	chr22	45342307	45342424	DNA/TcMar-Tigger	403	+	58	45342365	48882
chr22	45293483	45493483	harbor2	chr22	45359132	45359260	DNA/TcMar-Tigger	708	+	64	45359196	65713
chr22	33839738	34039738	harbor2	chr22	33840632	33840675	DNA/TcMar-Tigger	1555	+	22	33840654	916
chr22	33839738	34039738	harbor2	chr22	33840921	33841216	DNA/TcMar-Tigger	1555	+	148	33841069	1331
chr22	33839738	34039738	harbor2	chr22	33889059	33889305	DNA/TcMar-Tigger	418	+	123	33889182	49444
chr22	46904972	47104972	harbor2	chr22	46937296	46938484	DNA/TcMar-Tigger	6397	+	594	46937890	32918
chr22	46904972	47104972	harbor2	chr22	47001471	47001619	DNA/TcMar-Tigger	775	+	74	47001545	96573
chr22	36706475	36906475	harbor2	chr22	36761391	36761554	DNA/TcMar-Tigger	533	+	82	36761473	54998
chr22	36706475	36906475	harbor2	chr22	36794147	36794366	DNA/TcMar-Tigger	1170	+	110	36794257	87782
chr22	37866634	38066634	harbor2	chr22	37871328	37871585	DNA/TcMar-Tigger	1706	+	128	37871456	4822
chr22	37866634	38066634	harbor2	chr22	37871893	37871981	DNA/TcMar-Tigger	1706	+	44	37871937	5303
chr22	37866634	38066634	harbor2	chr22	37916372	37916599	DNA/TcMar-Tigger	492	+	114	37916486	49852
chr22	33500920	33700920	harbor2	chr22	33513848	33514180	DNA/TcMar-Tigger	1973	+	166	33514014	13094
chr22	33500920	33700920	harbor2	chr22	33514390	33514701	DNA/TcMar-Tigger	1114	+	156	33514546	13626
chr22	33500920	33700920	harbor2	chr22	33554972	33555277	DNA/TcMar-Tigger	1728	+	152	33555124	54204
chr22	33859825	34059825	harbor2	chr22	33889059	33889305	DNA/TcMar-Tigger	418	+	123	33889182	29357
chr22	26773233	26973233	harbor2	chr22	26866513	26866621	DNA/TcMar-Tigger	619	+	54	26866567	93334
chr22	26773233	26973233	harbor2	chr22	26866613	26867340	DNA/TcMar-Tigger	4184	+	364	26866977	93744
chr22	19222695	19422695	harbor2	chr22	19259045	19259101	DNA/TcMar-Tigger	14547	+	28	19259073	36378
chr22	19222695	19422695	harbor2	chr22	19259388	19260493	DNA/TcMar-Tigger	14547	+	552	19259940	37245
chr22	19222695	19422695	harbor2	chr22	19260808	19261115	DNA/TcMar-Tigger	14547	+	154	19260962	38267
chr22	19222695	19422695	harbor2	chr22	19261410	19262019	DNA/TcMar-Tigger	14547	+	304	19261714	39019
chr22	19222695	19422695	harbor2	chr22	19262326	19262351	DNA/TcMar-Tigger	14547	+	12	19262338	39643
chr22	19222695	19422695	harbor2	chr22	19262648	19262749	DNA/TcMar-Tigger	14547	+	50	19262698	40003
chr22	19222695	19422695	harbor2	chr22	19263050	19263114	DNA/TcMar-Tigger	14547	+	32	19263082	40387
chr22	19222695	19422695	harbor2	chr22	19263719	19263911	DNA/TcMar-Tigger	14547	+	96	19263815	41120
chr22	19222695	19422695	harbor2	chr22	19287919	19288437	DNA/TcMar-Tigger	2902	+	259	19288178	65483
chr22	19222695	19422695	harbor2	chr22	19292177	19292501	DNA/TcMar-Tigger	501	+	162	19292339	69644
chr22	43217791	43417791	harbor2	chr22	43270026	43270358	DNA/TcMar-Tigger	1809	+	166	43270192	52401
chr22	26873842	27073842	harbor2	chr22	26879174	26879485	DNA/TcMar-Tigger	865	+	156	26879330	5488
chr22	26873842	27073842	harbor2	chr22	26945848	26946288	DNA/TcMar-Tigger	2024	+	220	26946068	72226
chr22	26873842	27073842	harbor2	chr22	26946286	26946440	DNA/TcMar-Tigger	711	+	77	26946363	72521
chr22	37103572	37303572	harbor2	chr22	37134063	37134322	DNA/TcMar-Tigger	1220	+	130	37134193	30621
chr22	37103572	37303572	harbor2	chr22	37134636	37134724	DNA/TcMar-Tigger	1220	+	44	37134680	31108
chr22	29070614	29270614	harbor2	chr22	29100421	29100969	DNA/TcMar-Tigger	7488	+	274	29100695	30081
chr22	29070614	29270614	harbor2	chr22	29101276	29101893	DNA/TcMar-Tigger	7488	+	308	29101584	30970
chr22	29070614	29270614	harbor2	chr22	29128256	29128357	DNA/TcMar-Tigger	532	+	50	29128306	57692
chr22	32072245	32272245	harbor2	chr22	32166931	32167230	DNA/TcMar-Tigger	1702	+	150	32167081	94836
chr22	21519592	21719592	harbor2	chr22	21615635	21616227	DNA/TcMar-Tigger	2511	+	296	21615931	96339
chrX	149138994	149338994	harbor2	chrX	149187595	149187828	DNA/TcMar-Tigger	596	+	116	149187711	48717
chrX	149138994	149338994	harbor2	chrX	149220598	149220774	DNA/TcMar-Tigger	643	+	88	149220686	81692
chrX	149138994	149338994	harbor2	chrX	149233038	149233246	DNA/TcMar-Tigger	1115	+	104	149233142	94148
chrX	133993859	134193859	harbor2	chrX	134007789	134008063	DNA/TcMar-Tigger	738	+	137	134007926	14067
chrX	138746055	138946055	harbor2	chrX	138791111	138791328	DNA/TcMar-Tigger	1041	+	108	138791219	45164
chrX	152507675	152707675	harbor2	chrX	152579222	152579358	DNA/TcMar-Tigger	600	+	68	152579290	71615
chrX	152507675	152707675	harbor2	chrX	152579385	152579907	DNA/TcMar-Tigger	2123	+	261	152579646	71971
chrX	147541478	147741478	harbor2	chrX	147613922	147614333	DNA/TcMar-Tigger	2233	+	206	147614128	72650
chrX	152799737	152999737	harbor2	chrX	152832885	152833317	DNA/TcMar-Tigger	2495	+	216	152833101	33364
chrX	152799737	152999737	harbor2	chrX	152887975	152888296	DNA/TcMar-Tigger	2032	+	160	152888135	88398
chrX	154663780	154863780	harbor2	chrX	154720061	154720330	DNA/TcMar-Tigger	1691	+	134	154720195	56415
chrX	18908355	19108355	harbor2	chrX	18976466	18976775	DNA/TcMar-Tigger	1575	+	154	18976620	68265
chrX	18908355	19108355	harbor2	chrX	18982229	18982549	DNA/TcMar-Tigger	1145	+	160	18982389	74034
chrX	18908355	19108355	harbor2	chrX	18998619	18998729	DNA/TcMar-Tigger	700	+	55	18998674	90319
chrX	18908355	19108355	harbor2	chrX	18998712	18998923	DNA/TcMar-Tigger	1453	+	106	18998818	90463
chrX	85399918	85599918	harbor2	chrX	85449711	85449873	DNA/TcMar-Tigger	489	+	81	85449792	49874
chrX	85399918	85599918	harbor2	chrX	85458292	85458491	DNA/TcMar-Tigger	1101	+	100	85458392	58474
chrX	85399918	85599918	harbor2	chrX	85458487	85458631	DNA/TcMar-Tigger	679	+	72	85458559	58641
chrX	154874720	155074720	harbor2	chrX	154879370	154879661	DNA/TcMar-Tigger	2041	+	146	154879516	4796
chrX	154874720	155074720	harbor2	chrX	154880048	154880136	DNA/TcMar-Tigger	2041	+	44	154880092	5372
chrX	155059601	155259601	harbor2	chrX	155095146	155095290	DNA/TcMar-Tigger	3146	+	72	155095218	35617
chrX	155059601	155259601	harbor2	chrX	155095601	155096057	DNA/TcMar-Tigger	3146	+	228	155095829	36228
chrX	155059601	155259601	harbor2	chrX	155100754	155100897	DNA/TcMar-Tigger	1540	+	72	155100826	41225
chrX	155059601	155259601	harbor2	chrX	155101199	155101381	DNA/TcMar-Tigger	1540	+	91	155101290	41689
chrX	151019982	151219982	harbor2	chrX	151022395	151022743	DNA/TcMar-Tigger	2146	+	174	151022569	2587
chrX	151019982	151219982	harbor2	chrX	151056492	151057094	DNA/TcMar-Tigger	3830	+	301	151056793	36811
chrX	151019982	151219982	harbor2	chrX	151075065	151075422	DNA/TcMar-Tigger	1941	+	178	151075243	55261
