H_chr	H_start	H_end	Harbor	TE_chr	TE_start	TE_end	TE	score	TE_strand	TE_half	TE_middle_pos	TE_dis
chr1	238791763	238991763	harbor2	chr1	238798640	238798835	DNA/hAT-Charlie	576	+	98	238798738	6975
chr1	238791763	238991763	harbor2	chr1	238825717	238826010	DNA/hAT-Charlie	1106	+	146	238825863	34100
chr1	238791763	238991763	harbor2	chr1	238827872	238828032	DNA/hAT-Charlie	519	+	80	238827952	36189
chr1	238791763	238991763	harbor2	chr1	238828283	238828538	DNA/hAT-Charlie	851	+	128	238828411	36648
chr1	238791763	238991763	harbor2	chr1	238857524	238857857	DNA/hAT-Charlie	460	+	166	238857690	65927
chr1	85236785	85436785	harbor2	chr1	85253865	85254053	DNA/hAT-Charlie	515	+	94	85253959	17174
chr1	85236785	85436785	harbor2	chr1	85293095	85293226	DNA/hAT-Charlie	1315	+	66	85293161	56376
chr1	85236785	85436785	harbor2	chr1	85293281	85293495	DNA/hAT-Charlie	1315	+	107	85293388	56603
chr1	83434866	83634866	harbor2	chr1	83453932	83454151	DNA/hAT-Charlie	1025	+	110	83454042	19176
chr1	83434866	83634866	harbor2	chr1	83465584	83465749	DNA/hAT-Charlie	638	+	82	83465666	30800
chr1	83434866	83634866	harbor2	chr1	83483783	83483959	DNA/hAT-Charlie	634	+	88	83483871	49005
chr1	83434866	83634866	harbor2	chr1	83504351	83504474	DNA/hAT-Charlie	673	+	62	83504413	69547
chr1	83434866	83634866	harbor2	chr1	83504543	83504838	DNA/hAT-Charlie	1041	+	148	83504691	69825
chr1	223639212	223839212	harbor2	chr1	223644700	223644859	DNA/hAT-Charlie	576	+	80	223644780	5568
chr1	223639212	223839212	harbor2	chr1	223703797	223703910	DNA/hAT-Charlie	502	+	56	223703853	64641
chr1	223639212	223839212	harbor2	chr1	223724398	223724591	DNA/hAT-Charlie	914	+	96	223724494	85282
chr1	223639212	223839212	harbor2	chr1	223730254	223730456	DNA/hAT-Charlie	1413	+	101	223730355	91143
chr1	178027537	178227537	harbor2	chr1	178035768	178035817	DNA/hAT-Charlie	667	+	24	178035792	8255
chr1	178027537	178227537	harbor2	chr1	178036120	178036199	DNA/hAT-Charlie	667	+	40	178036160	8623
chr1	178027537	178227537	harbor2	chr1	178036207	178036528	DNA/hAT-Charlie	1871	+	160	178036367	8830
chr1	178027537	178227537	harbor2	chr1	178124246	178124467	DNA/hAT-Charlie	1032	+	110	178124356	96819
chr1	179174585	179374585	harbor2	chr1	179218729	179218870	DNA/hAT-Charlie	744	+	70	179218799	44214
chr1	179174585	179374585	harbor2	chr1	179225537	179225751	DNA/hAT-Charlie	1257	+	107	179225644	51059
chr1	179174585	179374585	harbor2	chr1	179262720	179262879	DNA/hAT-Charlie	675	+	80	179262800	88215
chr1	237881455	238081455	harbor2	chr1	237881968	237882178	DNA/hAT-Charlie	465	+	105	237882073	618
chr1	237881455	238081455	harbor2	chr1	237898256	237898432	DNA/hAT-Charlie	696	+	88	237898344	16889
chr1	237881455	238081455	harbor2	chr1	237940369	237940494	DNA/hAT-Charlie	460	+	62	237940431	58976
chr1	247524244	247724244	harbor2	chr1	247547736	247547872	DNA/hAT-Charlie	574	+	68	247547804	23560
chr1	216714048	216914048	harbor2	chr1	216736709	216736868	DNA/hAT-Charlie	760	+	80	216736789	22741
chr1	216714048	216914048	harbor2	chr1	216738067	216738213	DNA/hAT-Charlie	435	+	73	216738140	24092
chr1	216714048	216914048	harbor2	chr1	216739529	216739688	DNA/hAT-Charlie	766	+	80	216739609	25561
chr1	107497052	107697052	harbor2	chr1	107526752	107526958	DNA/hAT-Charlie	980	+	103	107526855	29803
chr1	107497052	107697052	harbor2	chr1	107537497	107537655	DNA/hAT-Charlie	811	+	79	107537576	40524
chr1	107497052	107697052	harbor2	chr1	107543152	107543358	DNA/hAT-Charlie	894	+	103	107543255	46203
chr1	113830100	114030100	harbor2	chr1	113852795	113852927	DNA/hAT-Charlie	423	+	66	113852861	22761
chr1	113830100	114030100	harbor2	chr1	113853238	113853283	DNA/hAT-Charlie	423	+	22	113853260	23160
chr1	113830100	114030100	harbor2	chr1	113855790	113855987	DNA/hAT-Charlie	581	+	98	113855888	25788
chr1	113830100	114030100	harbor2	chr1	113856818	113856977	DNA/hAT-Charlie	564	+	80	113856898	26798
chr1	113830100	114030100	harbor2	chr1	113882081	113882354	DNA/hAT-Charlie	497	+	136	113882217	52117
chr1	113830100	114030100	harbor2	chr1	113892014	113892237	DNA/hAT-Charlie	1175	+	112	113892126	62026
chr1	248710745	248910745	harbor2	chr1	248743978	248744137	DNA/hAT-Charlie	725	+	80	248744058	33313
chr1	248710745	248910745	harbor2	chr1	248745801	248746310	DNA/hAT-Charlie	2105	+	254	248746055	35310
chr1	209361823	209561823	harbor2	chr1	209402925	209403121	DNA/hAT-Charlie	494	+	98	209403023	41200
chr1	209361823	209561823	harbor2	chr1	209403429	209403549	DNA/hAT-Charlie	494	+	60	209403489	41666
chr1	218223925	218423925	harbor2	chr1	218272501	218272828	DNA/hAT-Charlie	2116	+	164	218272665	48740
chr1	240507613	240707613	harbor2	chr1	240542001	240542209	DNA/hAT-Charlie	929	+	104	240542105	34492
chr1	248280982	248480982	harbor2	chr1	248308542	248308886	DNA/hAT-Charlie	1813	+	172	248308714	27732
chr1	248280982	248480982	harbor2	chr1	248332570	248332914	DNA/hAT-Charlie	1854	+	172	248332742	51760
chr1	23715438	23915438	harbor2	chr1	23768644	23768860	DNA/hAT-Charlie	1117	+	108	23768752	53314
chr1	57565137	57765137	harbor2	chr1	57585368	57585646	DNA/hAT-Charlie	570	+	139	57585507	20370
chr1	57565137	57765137	harbor2	chr1	57614459	57614762	DNA/hAT-Charlie	523	+	152	57614611	49474
chr1	57565137	57765137	harbor2	chr1	57635263	57635786	DNA/hAT-Charlie	3667	+	262	57635525	70388
chr1	174449313	174649313	harbor2	chr1	174458147	174458310	DNA/hAT-Charlie	641	+	82	174458229	8916
chr1	174449313	174649313	harbor2	chr1	174503117	174503310	DNA/hAT-Charlie	974	+	96	174503213	53900
chr1	174449313	174649313	harbor2	chr1	174506284	174506397	DNA/hAT-Charlie	645	+	56	174506340	57027
chr1	170157294	170357294	harbor2	chr1	170177146	170177338	DNA/hAT-Charlie	571	+	96	170177242	19948
chr1	170157294	170357294	harbor2	chr1	170219289	170219505	DNA/hAT-Charlie	1222	+	108	170219397	62103
chr1	239853196	240053196	harbor2	chr1	239920181	239920289	DNA/hAT-Charlie	496	+	54	239920235	67039
chr1	239853196	240053196	harbor2	chr1	239920579	239920758	DNA/hAT-Charlie	720	+	90	239920669	67473
chr1	194213516	194413516	harbor2	chr1	194260913	194261102	DNA/hAT-Charlie	534	+	94	194261007	47491
chr1	153694467	153894467	harbor2	chr1	153783162	153783460	DNA/hAT-Charlie	1077	+	149	153783311	88844
chr1	245342135	245542135	harbor2	chr1	245372026	245372344	DNA/hAT-Charlie	1880	+	159	245372185	30050
chr1	245342135	245542135	harbor2	chr1	245376377	245376502	DNA/hAT-Charlie	598	+	62	245376439	34304
chr1	245342135	245542135	harbor2	chr1	245381379	245381609	DNA/hAT-Charlie	1622	+	115	245381494	39359
chr1	245342135	245542135	harbor2	chr1	245389924	245390210	DNA/hAT-Charlie	4174	+	143	245390067	47932
chr1	245342135	245542135	harbor2	chr1	245390503	245390803	DNA/hAT-Charlie	4174	+	150	245390653	48518
chr1	245342135	245542135	harbor2	chr1	245390939	245391510	DNA/hAT-Charlie	4174	+	286	245391225	49090
chr1	245342135	245542135	harbor2	chr1	245391676	245391861	DNA/hAT-Charlie	4174	+	92	245391768	49633
chr1	245342135	245542135	harbor2	chr1	245400545	245400873	DNA/hAT-Charlie	1649	+	164	245400709	58574
chr1	245342135	245542135	harbor2	chr1	245424623	245424758	DNA/hAT-Charlie	645	+	68	245424691	82556
chr1	239353691	239553691	harbor2	chr1	239363430	239363721	DNA/hAT-Charlie	1125	+	146	239363576	9885
chr1	172903948	173103948	harbor2	chr1	172942363	172942610	DNA/hAT-Charlie	3167	+	124	172942487	38539
chr1	172903948	173103948	harbor2	chr1	172942992	172943204	DNA/hAT-Charlie	3167	+	106	172943098	39150
chr1	172903948	173103948	harbor2	chr1	172943567	172944420	DNA/hAT-Charlie	3167	+	426	172943993	40045
chr1	172903948	173103948	harbor2	chr1	172944433	172944597	DNA/hAT-Charlie	514	+	82	172944515	40567
chr1	235595329	235795329	harbor2	chr1	235598264	235598328	DNA/hAT-Charlie	613	+	32	235598296	2967
chr1	235595329	235795329	harbor2	chr1	235598640	235598732	DNA/hAT-Charlie	613	+	46	235598686	3357
chr1	235595329	235795329	harbor2	chr1	235599027	235599069	DNA/hAT-Charlie	613	+	21	235599048	3719
chr1	235595329	235795329	harbor2	chr1	235599182	235599304	DNA/hAT-Charlie	535	+	61	235599243	3914
chr1	235595329	235795329	harbor2	chr1	235599616	235599671	DNA/hAT-Charlie	535	+	28	235599644	4315
chr1	235595329	235795329	harbor2	chr1	235602293	235602363	DNA/hAT-Charlie	686	+	35	235602328	6999
chr1	235595329	235795329	harbor2	chr1	235651608	235651769	DNA/hAT-Charlie	869	+	80	235651688	56359
chr1	235595329	235795329	harbor2	chr1	235601879	235601989	DNA/hAT-Charlie	686	+	55	235601934	6605
chr1	223533943	223733943	harbor2	chr1	223610833	223611014	DNA/hAT-Charlie	817	+	90	223610923	76980
chr1	216480807	216680807	harbor2	chr1	216501718	216501895	DNA/hAT-Charlie	668	+	88	216501806	20999
chr1	216480807	216680807	harbor2	chr1	216562496	216562696	DNA/hAT-Charlie	1033	+	100	216562596	81789
chr1	118918529	119118529	harbor2	chr1	118946302	118946466	DNA/hAT-Charlie	455	+	82	118946384	27855
chr1	118918529	119118529	harbor2	chr1	118949009	118949195	DNA/hAT-Charlie	498	+	93	118949102	30573
chr1	168838826	169038826	harbor2	chr1	168926376	168926755	DNA/hAT-Charlie	1503	+	190	168926566	87740
chr1	168838826	169038826	harbor2	chr1	168926757	168926996	DNA/hAT-Charlie	1066	+	120	168926877	88051
chr1	179824754	180024754	harbor2	chr1	179874126	179874259	DNA/hAT-Charlie	480	+	66	179874192	49438
chr1	179824754	180024754	harbor2	chr1	179893765	179893949	DNA/hAT-Charlie	726	+	92	179893857	69103
chr1	231655327	231855327	harbor2	chr1	231668556	231668737	DNA/hAT-Charlie	480	+	90	231668646	13319
chr1	231655327	231855327	harbor2	chr1	231727080	231727357	DNA/hAT-Charlie	852	+	138	231727218	71891
chr1	88435331	88635331	harbor2	chr1	88456287	88456615	DNA/hAT-Charlie	586	+	164	88456451	21120
chr1	88435331	88635331	harbor2	chr1	88476853	88477299	DNA/hAT-Charlie	1699	+	223	88477076	41745
chr1	88435331	88635331	harbor2	chr1	88516023	88516173	DNA/hAT-Charlie	456	+	75	88516098	80767
chr1	195067331	195267331	harbor2	chr1	195086077	195086399	DNA/hAT-Charlie	547	+	161	195086238	18907
chr1	195067331	195267331	harbor2	chr1	195152576	195152853	DNA/hAT-Charlie	404	+	138	195152714	85383
chr1	195067331	195267331	harbor2	chr1	195164633	195164804	DNA/hAT-Charlie	806	+	86	195164719	97388
chr1	87888360	88088360	harbor2	chr1	87944652	87944898	DNA/hAT-Charlie	516	+	123	87944775	56415
chr1	87888360	88088360	harbor2	chr1	87954812	87954968	DNA/hAT-Charlie	558	+	78	87954890	66530
chr1	240711816	240911816	harbor2	chr1	240788450	240788634	DNA/hAT-Charlie	641	+	92	240788542	76726
chr1	240711816	240911816	harbor2	chr1	240801914	240802083	DNA/hAT-Charlie	682	+	84	240801998	90182
chr1	243362159	243562159	harbor2	chr1	243371784	243371962	DNA/hAT-Charlie	725	+	89	243371873	9714
chr1	243362159	243562159	harbor2	chr1	243372994	243373170	DNA/hAT-Charlie	708	+	88	243373082	10923
chr1	243362159	243562159	harbor2	chr1	243382327	243382606	DNA/hAT-Charlie	923	+	140	243382467	20308
chr1	243362159	243562159	harbor2	chr1	243389464	243389702	DNA/hAT-Charlie	456	+	119	243389583	27424
chr1	243362159	243562159	harbor2	chr1	243400121	243400333	DNA/hAT-Charlie	648	+	106	243400227	38068
chr1	243362159	243562159	harbor2	chr1	243403607	243403987	DNA/hAT-Charlie	2582	+	190	243403797	41638
chr1	243362159	243562159	harbor2	chr1	243412496	243412712	DNA/hAT-Charlie	1110	+	108	243412604	50445
chr1	243362159	243562159	harbor2	chr1	243431577	243432207	DNA/hAT-Charlie	1410	+	315	243431892	69733
chr1	243362159	243562159	harbor2	chr1	243432531	243432687	DNA/hAT-Charlie	1410	+	78	243432609	70450
chr1	243362159	243562159	harbor2	chr1	243433833	243434271	DNA/hAT-Charlie	1224	+	219	243434052	71893
chr1	181095157	181295157	harbor2	chr1	181097976	181098127	DNA/hAT-Charlie	849	+	76	181098052	2895
chr1	181095157	181295157	harbor2	chr1	181114921	181115099	DNA/hAT-Charlie	1100	+	89	181115010	19853
chr1	181095157	181295157	harbor2	chr1	181170329	181170545	DNA/hAT-Charlie	1161	+	108	181170437	75280
chr1	187534147	187734147	harbor2	chr1	187589214	187589541	DNA/hAT-Charlie	1932	+	164	187589378	55231
chr1	167129795	167329795	harbor2	chr1	167148895	167149080	DNA/hAT-Charlie	831	+	92	167148987	19192
chr1	167129795	167329795	harbor2	chr1	167163050	167163152	DNA/hAT-Charlie	880	+	51	167163101	33306
chr1	167129795	167329795	harbor2	chr1	167163196	167163310	DNA/hAT-Charlie	880	+	57	167163253	33458
chr1	167129795	167329795	harbor2	chr1	167186184	167186430	DNA/hAT-Charlie	713	+	123	167186307	56512
chr1	167129795	167329795	harbor2	chr1	167197685	167197985	DNA/hAT-Charlie	536	+	150	167197835	68040
chr1	76260370	76460370	harbor2	chr1	76300614	76300751	DNA/hAT-Charlie	459	+	68	76300682	40312
chr1	76260370	76460370	harbor2	chr1	76337571	76337717	DNA/hAT-Charlie	523	+	73	76337644	77274
chr1	76260370	76460370	harbor2	chr1	76338541	76338766	DNA/hAT-Charlie	696	+	112	76338653	78283
chr1	76260370	76460370	harbor2	chr1	76351937	76352123	DNA/hAT-Charlie	707	+	93	76352030	91660
chr1	238308423	238508423	harbor2	chr1	238330986	238331210	DNA/hAT-Charlie	691	+	112	238331098	22675
chr1	238308423	238508423	harbor2	chr1	238383510	238383731	DNA/hAT-Charlie	1473	+	110	238383620	75197
chr1	232561820	232761820	harbor2	chr1	232574306	232574757	DNA/hAT-Charlie	2149	+	226	232574532	12712
chr1	232561820	232761820	harbor2	chr1	232587428	232587696	DNA/hAT-Charlie	3507	+	134	232587562	25742
chr1	232561820	232761820	harbor2	chr1	232588059	232589064	DNA/hAT-Charlie	3507	+	502	232588561	26741
chr1	232561820	232761820	harbor2	chr1	232594854	232595023	DNA/hAT-Charlie	487	+	84	232594938	33118
chr1	232561820	232761820	harbor2	chr1	232601406	232601640	DNA/hAT-Charlie	756	+	117	232601523	39703
chr1	232561820	232761820	harbor2	chr1	232601628	232601916	DNA/hAT-Charlie	531	+	144	232601772	39952
chr1	232561820	232761820	harbor2	chr1	232602758	232602950	DNA/hAT-Charlie	962	+	96	232602854	41034
chr1	232561820	232761820	harbor2	chr1	232609088	232609226	DNA/hAT-Charlie	544	+	69	232609157	47337
chr1	232561820	232761820	harbor2	chr1	232609226	232609548	DNA/hAT-Charlie	2364	+	161	232609387	47567
chr1	232561820	232761820	harbor2	chr1	232609859	232610261	DNA/hAT-Charlie	2364	+	201	232610060	48240
chr1	239828801	240028801	harbor2	chr1	239851899	239852028	DNA/hAT-Charlie	509	+	64	239851963	23162
chr1	239828801	240028801	harbor2	chr1	239920181	239920289	DNA/hAT-Charlie	496	+	54	239920235	91434
chr1	239828801	240028801	harbor2	chr1	239920579	239920758	DNA/hAT-Charlie	720	+	90	239920669	91868
chr1	235282553	235482553	harbor2	chr1	235301184	235301255	DNA/hAT-Charlie	468	+	36	235301220	18667
chr1	235282553	235482553	harbor2	chr1	235302381	235302639	DNA/hAT-Charlie	1134	+	129	235302510	19957
chr1	245311543	245511543	harbor2	chr1	245338256	245338473	DNA/hAT-Charlie	969	+	108	245338364	26821
chr1	245311543	245511543	harbor2	chr1	245372026	245372344	DNA/hAT-Charlie	1880	+	159	245372185	60642
chr1	245311543	245511543	harbor2	chr1	245376377	245376502	DNA/hAT-Charlie	598	+	62	245376439	64896
chr1	245311543	245511543	harbor2	chr1	245381379	245381609	DNA/hAT-Charlie	1622	+	115	245381494	69951
chr1	245311543	245511543	harbor2	chr1	245389924	245390210	DNA/hAT-Charlie	4174	+	143	245390067	78524
chr1	245311543	245511543	harbor2	chr1	245390503	245390803	DNA/hAT-Charlie	4174	+	150	245390653	79110
chr1	245311543	245511543	harbor2	chr1	245390939	245391510	DNA/hAT-Charlie	4174	+	286	245391225	79682
chr1	245311543	245511543	harbor2	chr1	245391676	245391861	DNA/hAT-Charlie	4174	+	92	245391768	80225
chr1	245311543	245511543	harbor2	chr1	245400545	245400873	DNA/hAT-Charlie	1649	+	164	245400709	89166
chr1	212945932	213145932	harbor2	chr1	213014842	213015145	DNA/hAT-Charlie	687	+	152	213014994	69062
chr1	146585524	146785524	harbor2	chr1	146613822	146613976	DNA/hAT-Charlie	640	+	77	146613899	28375
chr1	146585524	146785524	harbor2	chr1	146681628	146681825	DNA/hAT-Charlie	1262	+	98	146681726	96202
chr1	172255479	172455479	harbor2	chr1	172334293	172334504	DNA/hAT-Charlie	1157	+	106	172334399	78920
chr1	172255479	172455479	harbor2	chr1	172336033	172336201	DNA/hAT-Charlie	1003	+	84	172336117	80638
chr1	218261884	218461884	harbor2	chr1	218272501	218272828	DNA/hAT-Charlie	2116	+	164	218272665	10781
chr1	218261884	218461884	harbor2	chr1	218335473	218335648	DNA/hAT-Charlie	872	+	88	218335561	73677
chr1	218261884	218461884	harbor2	chr1	218343781	218344008	DNA/hAT-Charlie	736	+	114	218343895	82011
chr1	218261884	218461884	harbor2	chr1	218350317	218350513	DNA/hAT-Charlie	940	+	98	218350415	88531
chr1	245832758	246032758	harbor2	chr1	245876277	245876420	DNA/hAT-Charlie	518	+	72	245876349	43591
chr1	245832758	246032758	harbor2	chr1	245916873	245917048	DNA/hAT-Charlie	802	+	88	245916961	84203
chr1	245832758	246032758	harbor2	chr1	245917326	245917435	DNA/hAT-Charlie	802	+	54	245917380	84622
chr1	241559101	241759101	harbor2	chr1	241595985	241596146	DNA/hAT-Charlie	593	+	80	241596065	36964
chr1	115597040	115797040	harbor2	chr1	115688351	115688519	DNA/hAT-Charlie	725	+	84	115688435	91395
chr1	238790332	238990332	harbor2	chr1	238798640	238798835	DNA/hAT-Charlie	576	+	98	238798738	8406
chr1	238790332	238990332	harbor2	chr1	238825717	238826010	DNA/hAT-Charlie	1106	+	146	238825863	35531
chr1	238790332	238990332	harbor2	chr1	238827872	238828032	DNA/hAT-Charlie	519	+	80	238827952	37620
chr1	238790332	238990332	harbor2	chr1	238828283	238828538	DNA/hAT-Charlie	851	+	128	238828411	38079
chr1	238790332	238990332	harbor2	chr1	238857524	238857857	DNA/hAT-Charlie	460	+	166	238857690	67358
chr1	231376587	231576587	harbor2	chr1	231384746	231384945	DNA/hAT-Charlie	849	+	100	231384846	8259
chr1	231376587	231576587	harbor2	chr1	231395748	231395866	DNA/hAT-Charlie	553	+	59	231395807	19220
chr1	231376587	231576587	harbor2	chr1	231397426	231397616	DNA/hAT-Charlie	1060	+	95	231397521	20934
chr1	231376587	231576587	harbor2	chr1	231398462	231398622	DNA/hAT-Charlie	848	+	80	231398542	21955
chr1	195444360	195644360	harbor2	chr1	195502753	195503281	DNA/hAT-Charlie	3387	+	264	195503017	58657
chr1	189033366	189233366	harbor2	chr1	189039246	189039409	DNA/hAT-Charlie	652	+	82	189039328	5962
chr1	189033366	189233366	harbor2	chr1	189082940	189083107	DNA/hAT-Charlie	642	+	84	189083024	49658
chr1	189033366	189233366	harbor2	chr1	189122667	189123082	DNA/hAT-Charlie	1528	+	208	189122875	89509
chr1	214928069	215128069	harbor2	chr1	214981569	214981734	DNA/hAT-Charlie	832	+	82	214981651	53582
chr1	214928069	215128069	harbor2	chr1	214982789	214982967	DNA/hAT-Charlie	1053	+	89	214982878	54809
chr1	214928069	215128069	harbor2	chr1	214990677	214990760	DNA/hAT-Charlie	412	+	42	214990719	62650
chr1	214928069	215128069	harbor2	chr1	214993968	214994570	DNA/hAT-Charlie	2925	+	301	214994269	66200
chr1	214928069	215128069	harbor2	chr1	215000965	215001248	DNA/hAT-Charlie	682	+	142	215001107	73038
chr1	219944115	220144115	harbor2	chr1	219972786	219972931	DNA/hAT-Charlie	608	+	72	219972858	28743
chr1	219944115	220144115	harbor2	chr1	219996397	219996576	DNA/hAT-Charlie	721	+	90	219996487	52372
chr1	219944115	220144115	harbor2	chr1	220000309	220000465	DNA/hAT-Charlie	592	+	78	220000387	56272
chr1	219944115	220144115	harbor2	chr1	220000463	220000673	DNA/hAT-Charlie	774	+	105	220000568	56453
chr1	240618957	240818957	harbor2	chr1	240632121	240632201	DNA/hAT-Charlie	1590	+	40	240632161	13204
chr1	240618957	240818957	harbor2	chr1	240631567	240631819	DNA/hAT-Charlie	1590	+	126	240631693	12736
chr1	172897804	173097804	harbor2	chr1	172942363	172942610	DNA/hAT-Charlie	3167	+	124	172942487	44683
chr1	172897804	173097804	harbor2	chr1	172942992	172943204	DNA/hAT-Charlie	3167	+	106	172943098	45294
chr1	172897804	173097804	harbor2	chr1	172943567	172944420	DNA/hAT-Charlie	3167	+	426	172943993	46189
chr1	172897804	173097804	harbor2	chr1	172944433	172944597	DNA/hAT-Charlie	514	+	82	172944515	46711
chr1	147956958	148156958	harbor2	chr1	147985447	147985583	DNA/hAT-Charlie	693	+	68	147985515	28557
chr1	173330502	173530502	harbor2	chr1	173331873	173332087	DNA/hAT-Charlie	1059	+	107	173331980	1478
chr1	173330502	173530502	harbor2	chr1	173383123	173383267	DNA/hAT-Charlie	549	+	72	173383195	52693
chr1	173330502	173530502	harbor2	chr1	173384689	173385512	DNA/hAT-Charlie	2122	+	412	173385101	54599
chr1	173330502	173530502	harbor2	chr1	173387548	173387952	DNA/hAT-Charlie	701	+	202	173387750	57248
chr1	173330502	173530502	harbor2	chr1	173388414	173388926	DNA/hAT-Charlie	2334	+	256	173388670	58168
chr1	173330502	173530502	harbor2	chr1	173427253	173427485	DNA/hAT-Charlie	1252	+	116	173427369	96867
chr1	36359369	36559369	harbor2	chr1	36393162	36393294	DNA/hAT-Charlie	418	+	66	36393228	33859
chr1	245948405	246148405	harbor2	chr1	245980840	245981047	DNA/hAT-Charlie	885	+	104	245980944	32539
chr1	245948405	246148405	harbor2	chr1	246019138	246019340	DNA/hAT-Charlie	852	+	101	246019239	70834
chr1	186195385	186395385	harbor2	chr1	186279168	186279353	DNA/hAT-Charlie	962	+	92	186279260	83875
chr1	36439499	36639499	harbor2	chr1	36478150	36478246	DNA/hAT-Charlie	456	+	48	36478198	38699
chr1	36439499	36639499	harbor2	chr1	36478887	36478953	DNA/hAT-Charlie	456	+	33	36478920	39421
chr1	36439499	36639499	harbor2	chr1	36496334	36496536	DNA/hAT-Charlie	904	+	101	36496435	56936
chr1	36439499	36639499	harbor2	chr1	36496545	36496701	DNA/hAT-Charlie	812	+	78	36496623	57124
chr1	202037199	202237199	harbor2	chr1	202094904	202094995	DNA/hAT-Charlie	1654	+	46	202094950	57751
chr1	202037199	202237199	harbor2	chr1	202095282	202095551	DNA/hAT-Charlie	1654	+	134	202095416	58217
chr1	202037199	202237199	harbor2	chr1	202096401	202096524	DNA/hAT-Charlie	712	+	62	202096463	59264
chr1	235679347	235879347	harbor2	chr1	235713525	235713755	DNA/hAT-Charlie	1073	+	115	235713640	34293
chr1	235679347	235879347	harbor2	chr1	235760539	235760714	DNA/hAT-Charlie	698	+	88	235760627	81280
chr1	40086215	40286215	harbor2	chr1	40120715	40120921	DNA/hAT-Charlie	1145	+	103	40120818	34603
chr1	40086215	40286215	harbor2	chr1	40148193	40148534	DNA/hAT-Charlie	461	+	170	40148363	62148
chr1	230019583	230219583	harbor2	chr1	230046034	230046308	DNA/hAT-Charlie	786	+	137	230046171	26588
chr1	230019583	230219583	harbor2	chr1	230087496	230087637	DNA/hAT-Charlie	468	+	70	230087566	67983
chr1	246220510	246420510	harbor2	chr1	246230701	246230896	DNA/hAT-Charlie	866	+	98	246230799	10289
chr1	246220510	246420510	harbor2	chr1	246235798	246235947	DNA/hAT-Charlie	766	+	74	246235872	15362
chr1	246220510	246420510	harbor2	chr1	246317396	246317642	DNA/hAT-Charlie	1082	+	123	246317519	97009
chr1	246220510	246420510	harbor2	chr1	246317763	246317849	DNA/hAT-Charlie	1082	+	43	246317806	97296
chr1	173501886	173701886	harbor2	chr1	173530118	173530299	DNA/hAT-Charlie	638	+	90	173530208	28322
chr1	173501886	173701886	harbor2	chr1	173598290	173598565	DNA/hAT-Charlie	499	+	138	173598428	96542
chr1	95391895	95591895	harbor2	chr1	95414904	95415000	DNA/hAT-Charlie	891	+	48	95414952	23057
chr1	95391895	95591895	harbor2	chr1	95415028	95415118	DNA/hAT-Charlie	891	+	45	95415073	23178
chr1	95391895	95591895	harbor2	chr1	95433510	95433821	DNA/hAT-Charlie	1512	+	156	95433666	41771
chr1	172655810	172855810	harbor2	chr1	172725876	172726348	DNA/hAT-Charlie	894	+	236	172726112	70302
chr1	245851156	246051156	harbor2	chr1	245876277	245876420	DNA/hAT-Charlie	518	+	72	245876349	25193
chr1	245851156	246051156	harbor2	chr1	245916873	245917048	DNA/hAT-Charlie	802	+	88	245916961	65805
chr1	245851156	246051156	harbor2	chr1	245917326	245917435	DNA/hAT-Charlie	802	+	54	245917380	66224
chr1	245851156	246051156	harbor2	chr1	245934667	245935020	DNA/hAT-Charlie	531	+	176	245934843	83687
chr1	245851156	246051156	harbor2	chr1	245936182	245936612	DNA/hAT-Charlie	815	+	215	245936397	85241
chr1	245851156	246051156	harbor2	chr1	245936838	245937074	DNA/hAT-Charlie	815	+	118	245936956	85800
chr1	120271097	120471097	harbor2	chr1	120276228	120276414	DNA/hAT-Charlie	597	+	93	120276321	5224
chr1	120271097	120471097	harbor2	chr1	120368141	120368748	DNA/hAT-Charlie	1046	+	304	120368445	97348
chr1	120271097	120471097	harbor2	chr1	120368777	120368915	DNA/hAT-Charlie	411	+	69	120368846	97749
chr1	222805769	223005769	harbor2	chr1	222839099	222839422	DNA/hAT-Charlie	2090	+	162	222839261	33492
chr1	222805769	223005769	harbor2	chr1	222885909	222886012	DNA/hAT-Charlie	450	+	52	222885961	80192
chr1	144379811	144579811	harbor2	chr1	144398097	144398264	DNA/hAT-Charlie	607	+	84	144398181	18370
chr1	144379811	144579811	harbor2	chr1	144471068	144471219	DNA/hAT-Charlie	457	+	76	144471144	91333
chr1	152050291	152250291	harbor2	chr1	152094195	152094388	DNA/hAT-Charlie	1027	+	96	152094291	44000
chr1	152050291	152250291	harbor2	chr1	152130915	152131088	DNA/hAT-Charlie	758	+	86	152131001	80710
chr1	229758380	229958380	harbor2	chr1	229774841	229774966	DNA/hAT-Charlie	422	+	62	229774903	16523
chr1	229758380	229958380	harbor2	chr1	229849350	229849692	DNA/hAT-Charlie	921	+	171	229849521	91141
chr1	231146247	231346247	harbor2	chr1	231165048	231165268	DNA/hAT-Charlie	975	+	110	231165158	18911
chr1	231146247	231346247	harbor2	chr1	231170689	231170873	DNA/hAT-Charlie	847	+	92	231170781	24534
chr1	231146247	231346247	harbor2	chr1	231170906	231171060	DNA/hAT-Charlie	583	+	77	231170983	24736
chr1	191437176	191637176	harbor2	chr1	191451229	191452312	DNA/hAT-Charlie	1462	+	542	191451771	14595
chr1	191437176	191637176	harbor2	chr1	191491777	191492326	DNA/hAT-Charlie	711	+	274	191492051	54875
chr1	191437176	191637176	harbor2	chr1	191504980	191505201	DNA/hAT-Charlie	499	+	110	191505090	67914
chr1	191437176	191637176	harbor2	chr1	191519278	191519520	DNA/hAT-Charlie	817	+	121	191519399	82223
chr1	244095961	244295961	harbor2	chr1	244180152	244180375	DNA/hAT-Charlie	1170	+	112	244180264	84303
chr1	244095961	244295961	harbor2	chr1	244192062	244192338	DNA/hAT-Charlie	792	+	138	244192200	96239
chr1	145599117	145799117	harbor2	chr1	145662576	145662712	DNA/hAT-Charlie	716	+	68	145662644	63527
chr1	198328657	198528657	harbor2	chr1	198334449	198334670	DNA/hAT-Charlie	851	+	110	198334559	5902
chr1	230857768	231057768	harbor2	chr1	230903608	230903776	DNA/hAT-Charlie	729	+	84	230903692	45924
chr1	230857768	231057768	harbor2	chr1	230918026	230918454	DNA/hAT-Charlie	1479	+	214	230918240	60472
chr1	230857768	231057768	harbor2	chr1	230929915	230930030	DNA/hAT-Charlie	590	+	58	230929973	72205
chr1	230857768	231057768	harbor2	chr1	230930028	230930413	DNA/hAT-Charlie	1545	+	192	230930220	72452
chr1	230857768	231057768	harbor2	chr1	230946504	230946824	DNA/hAT-Charlie	506	+	160	230946664	88896
chr1	230857768	231057768	harbor2	chr1	230950661	230951206	DNA/hAT-Charlie	758	+	272	230950933	93165
chr1	230857768	231057768	harbor2	chr1	230951221	230951486	DNA/hAT-Charlie	707	+	132	230951353	93585
chr1	230857768	231057768	harbor2	chr1	230951554	230952318	DNA/hAT-Charlie	1895	+	382	230951936	94168
chr1	247451404	247651404	harbor2	chr1	247547736	247547872	DNA/hAT-Charlie	574	+	68	247547804	96400
chr1	143899942	144099942	harbor2	chr1	143921025	143921748	DNA/hAT-Charlie	3200	+	362	143921387	21445
chr1	143899942	144099942	harbor2	chr1	143921880	143922407	DNA/hAT-Charlie	3200	+	264	143922144	22202
chr1	143899942	144099942	harbor2	chr1	143946464	143946634	DNA/hAT-Charlie	404	+	85	143946549	46607
chr1	143899942	144099942	harbor2	chr1	143966485	143966733	DNA/hAT-Charlie	1250	+	124	143966609	66667
chr1	164322431	164522431	harbor2	chr1	164322877	164323055	DNA/hAT-Charlie	897	+	89	164322966	535
chr1	164322431	164522431	harbor2	chr1	164330377	164330564	DNA/hAT-Charlie	837	+	94	164330471	8040
chr1	164322431	164522431	harbor2	chr1	164419555	164419646	DNA/hAT-Charlie	437	+	46	164419601	97170
chr1	237384465	237584465	harbor2	chr1	237410486	237410704	DNA/hAT-Charlie	955	+	109	237410595	26130
chr1	237384465	237584465	harbor2	chr1	237414350	237414478	DNA/hAT-Charlie	614	+	64	237414414	29949
chr1	237384465	237584465	harbor2	chr1	237414936	237415148	DNA/hAT-Charlie	804	+	106	237415042	30577
chr1	237384465	237584465	harbor2	chr1	237442933	237442998	DNA/hAT-Charlie	449	+	32	237442965	58500
chr1	64527261	64727261	harbor2	chr1	64554743	64554908	DNA/hAT-Charlie	524	+	82	64554825	27564
chr1	64527261	64727261	harbor2	chr1	64584150	64584352	DNA/hAT-Charlie	1011	+	101	64584251	56990
chr1	64527261	64727261	harbor2	chr1	64587827	64588156	DNA/hAT-Charlie	623	+	164	64587991	60730
chr1	64527261	64727261	harbor2	chr1	64601096	64601249	DNA/hAT-Charlie	710	+	76	64601172	73911
chr1	64527261	64727261	harbor2	chr1	64620440	64620889	DNA/hAT-Charlie	879	+	224	64620664	93403
chr1	64527261	64727261	harbor2	chr1	64624911	64625106	DNA/hAT-Charlie	814	+	98	64625009	97748
chr1	239570054	239770054	harbor2	chr1	239605908	239606299	DNA/hAT-Charlie	1184	+	196	239606104	36050
chr1	239570054	239770054	harbor2	chr1	239606574	239606689	DNA/hAT-Charlie	1184	+	58	239606632	36578
chr1	239570054	239770054	harbor2	chr1	239651644	239651728	DNA/hAT-Charlie	562	+	42	239651686	81632
chr1	239570054	239770054	harbor2	chr1	239659468	239659669	DNA/hAT-Charlie	566	+	100	239659568	89514
chr1	200611413	200811413	harbor2	chr1	200642340	200642540	DNA/hAT-Charlie	420	+	100	200642440	31027
chr1	200611413	200811413	harbor2	chr1	200644983	200645190	DNA/hAT-Charlie	649	+	104	200645087	33674
chr1	200611413	200811413	harbor2	chr1	200656169	200656270	DNA/hAT-Charlie	462	+	50	200656219	44806
chr1	200611413	200811413	harbor2	chr1	200656273	200656336	DNA/hAT-Charlie	463	+	32	200656305	44892
chr1	200611413	200811413	harbor2	chr1	200662679	200662939	DNA/hAT-Charlie	559	+	130	200662809	51396
chr1	200611413	200811413	harbor2	chr1	200695247	200695474	DNA/hAT-Charlie	1022	+	114	200695361	83948
chr1	44370169	44570169	harbor2	chr1	44372731	44372902	DNA/hAT-Charlie	750	+	86	44372817	2648
chr1	44370169	44570169	harbor2	chr1	44381222	44381547	DNA/hAT-Charlie	1808	+	162	44381384	11215
chr1	44370169	44570169	harbor2	chr1	44381843	44382090	DNA/hAT-Charlie	1808	+	124	44381967	11798
chr1	44370169	44570169	harbor2	chr1	44400343	44400599	DNA/hAT-Charlie	542	+	128	44400471	30302
chr1	200225745	200425745	harbor2	chr1	200317611	200317730	DNA/hAT-Charlie	533	+	60	200317671	91926
chr1	200225745	200425745	harbor2	chr1	200317786	200318157	DNA/hAT-Charlie	1109	+	186	200317972	92227
chr1	200225745	200425745	harbor2	chr1	200318463	200318540	DNA/hAT-Charlie	1109	+	38	200318501	92756
chr1	228587677	228787677	harbor2	chr1	228662990	228663362	DNA/hAT-Charlie	1007	+	186	228663176	75499
chr1	228587677	228787677	harbor2	chr1	228663355	228663526	DNA/hAT-Charlie	458	+	86	228663441	75764
chr1	228587677	228787677	harbor2	chr1	228664313	228664555	DNA/hAT-Charlie	612	+	121	228664434	76757
chr1	243095345	243295345	harbor2	chr1	243142758	243143208	DNA/hAT-Charlie	1636	+	225	243142983	47638
chr1	227636128	227836128	harbor2	chr1	227646040	227646214	DNA/hAT-Charlie	572	+	87	227646127	9999
chr1	227636128	227836128	harbor2	chr1	227667450	227667929	DNA/hAT-Charlie	740	+	240	227667690	31562
chr1	227636128	227836128	harbor2	chr1	227667948	227668179	DNA/hAT-Charlie	533	+	116	227668064	31936
chr1	144244969	144444969	harbor2	chr1	144294314	144294508	DNA/hAT-Charlie	491	+	97	144294411	49442
chr1	144244969	144444969	harbor2	chr1	144294511	144294637	DNA/hAT-Charlie	503	+	63	144294574	49605
chr1	144244969	144444969	harbor2	chr1	144297063	144297145	DNA/hAT-Charlie	622	+	41	144297104	52135
chr1	144244969	144444969	harbor2	chr1	144297387	144297476	DNA/hAT-Charlie	622	+	44	144297431	52462
chr1	144244969	144444969	harbor2	chr1	144312285	144312503	DNA/hAT-Charlie	556	+	109	144312394	67425
chr1	185836540	186036540	harbor2	chr1	185922648	185922830	DNA/hAT-Charlie	671	+	91	185922739	86199
chr1	55998891	56198891	harbor2	chr1	56000567	56000760	DNA/hAT-Charlie	874	+	96	56000663	1772
chr1	55998891	56198891	harbor2	chr1	56019103	56019230	DNA/hAT-Charlie	472	+	64	56019167	20276
chr1	55998891	56198891	harbor2	chr1	56030959	56031254	DNA/hAT-Charlie	596	+	148	56031107	32216
chr1	55998891	56198891	harbor2	chr1	56077706	56077876	DNA/hAT-Charlie	631	+	85	56077791	78900
chr1	55998891	56198891	harbor2	chr1	56077874	56078342	DNA/hAT-Charlie	3677	+	234	56078108	79217
chr1	55998891	56198891	harbor2	chr1	56078640	56079168	DNA/hAT-Charlie	3677	+	264	56078904	80013
chr1	55998891	56198891	harbor2	chr1	56097679	56098010	DNA/hAT-Charlie	1524	+	166	56097845	98954
chr1	231806707	232006707	harbor2	chr1	231809470	231810132	DNA/hAT-Charlie	1607	+	331	231809801	3094
chr1	229400048	229600048	harbor2	chr1	229438570	229438667	DNA/hAT-Charlie	878	+	48	229438618	38570
chr1	229400048	229600048	harbor2	chr1	229438989	229439102	DNA/hAT-Charlie	878	+	56	229439045	38997
chr1	229400048	229600048	harbor2	chr1	229480611	229480730	DNA/hAT-Charlie	597	+	60	229480671	80623
chr1	229400048	229600048	harbor2	chr1	229491074	229491295	DNA/hAT-Charlie	925	+	110	229491184	91136
chr1	200258718	200458718	harbor2	chr1	200317611	200317730	DNA/hAT-Charlie	533	+	60	200317671	58953
chr1	200258718	200458718	harbor2	chr1	200317786	200318157	DNA/hAT-Charlie	1109	+	186	200317972	59254
chr1	200258718	200458718	harbor2	chr1	200318463	200318540	DNA/hAT-Charlie	1109	+	38	200318501	59783
chr1	247094582	247294582	harbor2	chr1	247113526	247113737	DNA/hAT-Charlie	587	+	106	247113632	19050
chr1	242606595	242806595	harbor2	chr1	242687627	242688355	DNA/hAT-Charlie	1453	+	364	242687991	81396
chr1	242606595	242806595	harbor2	chr1	242688645	242688791	DNA/hAT-Charlie	1453	+	73	242688718	82123
chr1	242606595	242806595	harbor2	chr1	242688826	242688864	DNA/hAT-Charlie	1453	+	19	242688845	82250
chr1	225024407	225224407	harbor2	chr1	225031296	225031521	DNA/hAT-Charlie	998	+	112	225031408	7001
chr1	225024407	225224407	harbor2	chr1	225079977	225080126	DNA/hAT-Charlie	654	+	74	225080051	55644
chr1	225024407	225224407	harbor2	chr1	225099381	225099611	DNA/hAT-Charlie	999	+	115	225099496	75089
chr1	221903777	222103777	harbor2	chr1	221981876	221982100	DNA/hAT-Charlie	708	+	112	221981988	78211
chr1	221903777	222103777	harbor2	chr1	221982135	221982400	DNA/hAT-Charlie	708	+	132	221982267	78490
chr1	107408456	107608456	harbor2	chr1	107423248	107423471	DNA/hAT-Charlie	1116	+	112	107423360	14904
chr1	107408456	107608456	harbor2	chr1	107448428	107448584	DNA/hAT-Charlie	812	+	78	107448506	40050
chr1	107408456	107608456	harbor2	chr1	107449304	107449413	DNA/hAT-Charlie	438	+	54	107449358	40902
chr1	107408456	107608456	harbor2	chr1	107487771	107488066	DNA/hAT-Charlie	1191	+	148	107487919	79463
chr1	164842370	165042370	harbor2	chr1	164894098	164894281	DNA/hAT-Charlie	469	+	92	164894190	51820
chr1	164842370	165042370	harbor2	chr1	164917920	164918150	DNA/hAT-Charlie	570	+	115	164918035	75665
chr1	164842370	165042370	harbor2	chr1	164923391	164923555	DNA/hAT-Charlie	776	+	82	164923473	81103
chr1	164842370	165042370	harbor2	chr1	164931344	164931505	DNA/hAT-Charlie	777	+	80	164931424	89054
chr1	243746763	243946763	harbor2	chr1	243754371	243754503	DNA/hAT-Charlie	526	+	66	243754437	7674
chr1	243746763	243946763	harbor2	chr1	243754504	243754838	DNA/hAT-Charlie	1861	+	167	243754671	7908
chr1	243746763	243946763	harbor2	chr1	243754839	243754947	DNA/hAT-Charlie	526	+	54	243754893	8130
chr1	215210141	215410141	harbor2	chr1	215228955	215229176	DNA/hAT-Charlie	1435	+	110	215229065	18924
chr1	215210141	215410141	harbor2	chr1	215280650	215280854	DNA/hAT-Charlie	884	+	102	215280752	70611
chr1	244372121	244572121	harbor2	chr1	244384514	244384688	DNA/hAT-Charlie	702	+	87	244384601	12480
chr1	244372121	244572121	harbor2	chr1	244448173	244448309	DNA/hAT-Charlie	466	+	68	244448241	76120
chr1	244372121	244572121	harbor2	chr1	244462980	244463303	DNA/hAT-Charlie	1051	+	162	244463142	91021
chr1	192413260	192613260	harbor2	chr1	192419016	192419236	DNA/hAT-Charlie	1208	+	110	192419126	5866
chr1	192413260	192613260	harbor2	chr1	192458756	192459026	DNA/hAT-Charlie	5490	+	135	192458891	45631
chr1	192413260	192613260	harbor2	chr1	192459334	192460436	DNA/hAT-Charlie	5490	+	551	192459885	46625
chr1	184898608	185098608	harbor2	chr1	184912931	184913034	DNA/hAT-Charlie	642	+	52	184912983	14375
chr1	184898608	185098608	harbor2	chr1	184914419	184914547	DNA/hAT-Charlie	593	+	64	184914483	15875
chr1	184898608	185098608	harbor2	chr1	184956349	184956791	DNA/hAT-Charlie	1871	+	221	184956570	57962
chr1	184898608	185098608	harbor2	chr1	184974825	184974995	DNA/hAT-Charlie	585	+	85	184974910	76302
chr1	188638641	188838641	harbor2	chr1	188651417	188651685	DNA/hAT-Charlie	439	+	134	188651551	12910
chr1	183793100	183993100	harbor2	chr1	183820619	183820838	DNA/hAT-Charlie	1406	+	110	183820729	27629
chr1	183793100	183993100	harbor2	chr1	183821160	183821252	DNA/hAT-Charlie	1406	+	46	183821206	28106
chr1	183793100	183993100	harbor2	chr1	183868423	183868588	DNA/hAT-Charlie	862	+	82	183868505	75405
chr1	183793100	183993100	harbor2	chr1	183869895	183870039	DNA/hAT-Charlie	932	+	72	183869967	76867
chr1	183793100	183993100	harbor2	chr1	183870647	183870724	DNA/hAT-Charlie	932	+	38	183870685	77585
chr1	185988450	186188450	harbor2	chr1	186008250	186008561	DNA/hAT-Charlie	1568	+	156	186008406	19956
chr1	222989637	223189637	harbor2	chr1	223018776	223018911	DNA/hAT-Charlie	517	+	68	223018844	29207
chr1	222989637	223189637	harbor2	chr1	223023872	223024031	DNA/hAT-Charlie	566	+	80	223023952	34315
chr1	222989637	223189637	harbor2	chr1	223064411	223064613	DNA/hAT-Charlie	1154	+	101	223064512	74875
chr1	222989637	223189637	harbor2	chr1	223073191	223073409	DNA/hAT-Charlie	1165	+	109	223073300	83663
chr1	144233986	144433986	harbor2	chr1	144236207	144236382	DNA/hAT-Charlie	820	+	88	144236295	2309
chr1	144233986	144433986	harbor2	chr1	144294314	144294508	DNA/hAT-Charlie	491	+	97	144294411	60425
chr1	144233986	144433986	harbor2	chr1	144294511	144294637	DNA/hAT-Charlie	503	+	63	144294574	60588
chr1	144233986	144433986	harbor2	chr1	144297063	144297145	DNA/hAT-Charlie	622	+	41	144297104	63118
chr1	144233986	144433986	harbor2	chr1	144297387	144297476	DNA/hAT-Charlie	622	+	44	144297431	63445
chr1	144233986	144433986	harbor2	chr1	144312285	144312503	DNA/hAT-Charlie	556	+	109	144312394	78408
chr1	55932620	56132620	harbor2	chr1	55957866	55958157	DNA/hAT-Charlie	622	+	146	55958012	25392
chr1	55932620	56132620	harbor2	chr1	55966964	55967445	DNA/hAT-Charlie	911	+	240	55967204	34584
chr1	55932620	56132620	harbor2	chr1	55980897	55981227	DNA/hAT-Charlie	1921	+	165	55981062	48442
chr1	55932620	56132620	harbor2	chr1	55998597	55998795	DNA/hAT-Charlie	480	+	99	55998696	66076
chr1	55932620	56132620	harbor2	chr1	56000567	56000760	DNA/hAT-Charlie	874	+	96	56000663	68043
chr1	55932620	56132620	harbor2	chr1	56019103	56019230	DNA/hAT-Charlie	472	+	64	56019167	86547
chr1	55932620	56132620	harbor2	chr1	56030959	56031254	DNA/hAT-Charlie	596	+	148	56031107	98487
chr1	237003724	237203724	harbor2	chr1	237073432	237073593	DNA/hAT-Charlie	1410	+	80	237073512	69788
chr1	237003724	237203724	harbor2	chr1	237073885	237074022	DNA/hAT-Charlie	1410	+	68	237073953	70229
chr1	237003724	237203724	harbor2	chr1	237092995	237093193	DNA/hAT-Charlie	903	+	99	237093094	89370
chr1	232677111	232877111	harbor2	chr1	232697836	232697976	DNA/hAT-Charlie	418	+	70	232697906	20795
chr1	69841007	70041007	harbor2	chr1	69914718	69914918	DNA/hAT-Charlie	772	+	100	69914818	73811
chr1	69841007	70041007	harbor2	chr1	69917533	69917707	DNA/hAT-Charlie	912	+	87	69917620	76613
chr1	69841007	70041007	harbor2	chr1	69918161	69918272	DNA/hAT-Charlie	635	+	56	69918217	77210
chr1	235623434	235823434	harbor2	chr1	235651608	235651769	DNA/hAT-Charlie	869	+	80	235651688	28254
chr1	235623434	235823434	harbor2	chr1	235713525	235713755	DNA/hAT-Charlie	1073	+	115	235713640	90206
chr1	242274026	242474026	harbor2	chr1	242292556	242293017	DNA/hAT-Charlie	1326	+	230	242292786	18760
chr1	242274026	242474026	harbor2	chr1	242309164	242309366	DNA/hAT-Charlie	1413	+	101	242309265	35239
chr1	113179548	113379548	harbor2	chr1	113190534	113190682	DNA/hAT-Charlie	440	+	74	113190608	11060
chr1	113179548	113379548	harbor2	chr1	113241496	113241681	DNA/hAT-Charlie	488	+	92	113241588	62040
chr1	230339685	230539685	harbor2	chr1	230352103	230352303	DNA/hAT-Charlie	904	+	100	230352203	12518
chr1	230339685	230539685	harbor2	chr1	230385834	230385992	DNA/hAT-Charlie	752	+	79	230385913	46228
chr1	230339685	230539685	harbor2	chr1	230417935	230418122	DNA/hAT-Charlie	1081	+	94	230418029	78344
chr1	212636205	212836205	harbor2	chr1	212672659	212672811	DNA/hAT-Charlie	728	+	76	212672735	36530
chr1	212636205	212836205	harbor2	chr1	212690876	212691092	DNA/hAT-Charlie	861	+	108	212690984	54779
chr1	212636205	212836205	harbor2	chr1	212664218	212664387	DNA/hAT-Charlie	626	+	84	212664302	28097
chr1	168291066	168491066	harbor2	chr1	168306721	168306836	DNA/hAT-Charlie	663	+	58	168306779	15713
chr1	168291066	168491066	harbor2	chr1	168310523	168310665	DNA/hAT-Charlie	621	+	71	168310594	19528
chr1	168291066	168491066	harbor2	chr1	168311807	168311974	DNA/hAT-Charlie	706	+	84	168311891	20825
chr1	168291066	168491066	harbor2	chr1	168314627	168314790	DNA/hAT-Charlie	428	+	82	168314709	23643
chr1	238677994	238877994	harbor2	chr1	238716328	238716492	DNA/hAT-Charlie	464	+	82	238716410	38416
chr1	118109234	118309234	harbor2	chr1	118120185	118120384	DNA/hAT-Charlie	812	+	100	118120285	11051
chr1	118109234	118309234	harbor2	chr1	118121378	118121713	DNA/hAT-Charlie	2035	+	168	118121546	12312
chr1	118109234	118309234	harbor2	chr1	118129335	118129509	DNA/hAT-Charlie	980	+	87	118129422	20188
chr1	222839275	223039275	harbor2	chr1	222839099	222839422	DNA/hAT-Charlie	2090	+	162	222839261	14
chr1	222839275	223039275	harbor2	chr1	222885909	222886012	DNA/hAT-Charlie	450	+	52	222885961	46686
chr1	222839275	223039275	harbor2	chr1	222907349	222907554	DNA/hAT-Charlie	821	+	102	222907451	68176
chr1	222839275	223039275	harbor2	chr1	222923253	222923460	DNA/hAT-Charlie	886	+	104	222923357	84082
chr1	222839275	223039275	harbor2	chr1	222925690	222925878	DNA/hAT-Charlie	976	+	94	222925784	86509
chr1	222839275	223039275	harbor2	chr1	222932194	222932372	DNA/hAT-Charlie	625	+	89	222932283	93008
chr1	199810339	200010339	harbor2	chr1	199868767	199868954	DNA/hAT-Charlie	916	+	94	199868861	58522
chr1	199810339	200010339	harbor2	chr1	199908297	199908677	DNA/hAT-Charlie	1205	+	190	199908487	98148
chr1	226120827	226320827	harbor2	chr1	226193793	226194080	DNA/hAT-Charlie	836	+	144	226193937	73110
chr1	121235311	121435311	harbor2	chr1	121239693	121239870	DNA/hAT-Charlie	896	+	88	121239781	4470
chr1	121235311	121435311	harbor2	chr1	121261857	121262123	DNA/hAT-Charlie	733	+	133	121261990	26679
chr1	121235311	121435311	harbor2	chr1	121271590	121271763	DNA/hAT-Charlie	682	+	86	121271676	36365
chr1	121235311	121435311	harbor2	chr1	121285705	121285883	DNA/hAT-Charlie	803	+	89	121285794	50483
chr1	121235311	121435311	harbor2	chr1	121286569	121286713	DNA/hAT-Charlie	465	+	72	121286641	51330
chr1	165052531	165252531	harbor2	chr1	165054750	165055239	DNA/hAT-Charlie	1347	+	244	165054994	2463
chr1	165052531	165252531	harbor2	chr1	165065606	165065679	DNA/hAT-Charlie	1082	+	36	165065642	13111
chr1	165052531	165252531	harbor2	chr1	165065972	165066214	DNA/hAT-Charlie	1082	+	121	165066093	13562
chr1	165052531	165252531	harbor2	chr1	165075863	165076071	DNA/hAT-Charlie	1184	+	104	165075967	23436
chr1	165052531	165252531	harbor2	chr1	165077749	165077921	DNA/hAT-Charlie	492	+	86	165077835	25304
chr1	165052531	165252531	harbor2	chr1	165078029	165078206	DNA/hAT-Charlie	889	+	88	165078117	25586
chr1	228917927	229117927	harbor2	chr1	228936710	228936840	DNA/hAT-Charlie	470	+	65	228936775	18848
chr1	228917927	229117927	harbor2	chr1	228961036	228961584	DNA/hAT-Charlie	504	+	274	228961310	43383
chr1	228917927	229117927	harbor2	chr1	228991781	228991938	DNA/hAT-Charlie	474	+	78	228991859	73932
chr1	222526275	222726275	harbor2	chr1	222585123	222585436	DNA/hAT-Charlie	923	+	156	222585279	59004
chr1	222526275	222726275	harbor2	chr1	222585769	222586057	DNA/hAT-Charlie	521	+	144	222585913	59638
chr1	222526275	222726275	harbor2	chr1	222599225	222599498	DNA/hAT-Charlie	1298	+	136	222599361	73086
chr1	152136836	152336836	harbor2	chr1	152175461	152175700	DNA/hAT-Charlie	1328	+	120	152175581	38745
chr1	152136836	152336836	harbor2	chr1	152175708	152176892	DNA/hAT-Charlie	5920	+	592	152176300	39464
chr1	152136836	152336836	harbor2	chr1	152177690	152177918	DNA/hAT-Charlie	1257	+	114	152177804	40968
chr1	152136836	152336836	harbor2	chr1	152178394	152178797	DNA/hAT-Charlie	2079	+	202	152178596	41760
chr1	152136836	152336836	harbor2	chr1	152178950	152179206	DNA/hAT-Charlie	1206	+	128	152179078	42242
chr1	152136836	152336836	harbor2	chr1	152235852	152236125	DNA/hAT-Charlie	571	+	136	152235988	99152
chr1	204675813	204875813	harbor2	chr1	204710522	204710626	DNA/hAT-Charlie	479	+	52	204710574	34761
chr1	216601103	216801103	harbor2	chr1	216669013	216669166	DNA/hAT-Charlie	504	+	76	216669089	67986
chr1	216601103	216801103	harbor2	chr1	216675825	216676004	DNA/hAT-Charlie	665	+	90	216675915	74812
chr1	216601103	216801103	harbor2	chr1	216676497	216676692	DNA/hAT-Charlie	1059	+	98	216676595	75492
chr1	212511727	212711727	harbor2	chr1	212516879	212517063	DNA/hAT-Charlie	980	+	92	212516971	5244
chr1	220330149	220530149	harbor2	chr1	220350682	220350866	DNA/hAT-Charlie	415	+	92	220350774	20625
chr1	220330149	220530149	harbor2	chr1	220352473	220353093	DNA/hAT-Charlie	1867	+	310	220352783	22634
chr1	220330149	220530149	harbor2	chr1	220353904	220354123	DNA/hAT-Charlie	1867	+	110	220354014	23865
chr1	220330149	220530149	harbor2	chr1	220354175	220354729	DNA/hAT-Charlie	1097	+	277	220354452	24303
chr1	220330149	220530149	harbor2	chr1	220414844	220415063	DNA/hAT-Charlie	430	+	110	220414954	84805
chr1	56836709	57036709	harbor2	chr1	56862394	56862604	DNA/hAT-Charlie	592	+	105	56862499	25790
chr1	56836709	57036709	harbor2	chr1	56864789	56865227	DNA/hAT-Charlie	1527	+	219	56865008	28299
chr1	56836709	57036709	harbor2	chr1	56865594	56866274	DNA/hAT-Charlie	3382	+	340	56865934	29225
chr1	56836709	57036709	harbor2	chr1	56866266	56866462	DNA/hAT-Charlie	883	+	98	56866364	29655
chr1	56836709	57036709	harbor2	chr1	56879089	56879198	DNA/hAT-Charlie	583	+	54	56879143	42434
chr1	56836709	57036709	harbor2	chr1	56886862	56887046	DNA/hAT-Charlie	1038	+	92	56886954	50245
chr1	56836709	57036709	harbor2	chr1	56895513	56895657	DNA/hAT-Charlie	728	+	72	56895585	58876
chr1	56836709	57036709	harbor2	chr1	56895963	56896046	DNA/hAT-Charlie	728	+	42	56896005	59296
chr1	56836709	57036709	harbor2	chr1	56908868	56909099	DNA/hAT-Charlie	1078	+	116	56908984	72275
chr1	56836709	57036709	harbor2	chr1	56911499	56911707	DNA/hAT-Charlie	1101	+	104	56911603	74894
chr1	56836709	57036709	harbor2	chr1	56919932	56920067	DNA/hAT-Charlie	754	+	68	56920000	83291
chr1	56836709	57036709	harbor2	chr1	56920363	56920418	DNA/hAT-Charlie	754	+	28	56920391	83682
chr1	149009529	149209529	harbor2	chr1	149015145	149015308	DNA/hAT-Charlie	467	+	82	149015227	5698
chr1	51237034	51437034	harbor2	chr1	51259084	51259296	DNA/hAT-Charlie	1047	+	106	51259190	22156
chr1	51237034	51437034	harbor2	chr1	51261241	51261368	DNA/hAT-Charlie	422	+	64	51261305	24271
chr1	51237034	51437034	harbor2	chr1	51300406	51300570	DNA/hAT-Charlie	431	+	82	51300488	63454
chr1	51237034	51437034	harbor2	chr1	51303934	51304388	DNA/hAT-Charlie	795	+	227	51304161	67127
chr1	197571289	197771289	harbor2	chr1	197586041	197586510	DNA/hAT-Charlie	1856	+	234	197586275	14986
chr1	197571289	197771289	harbor2	chr1	197597798	197598082	DNA/hAT-Charlie	1009	+	142	197597940	26651
chr1	197571289	197771289	harbor2	chr1	197663472	197663822	DNA/hAT-Charlie	690	+	175	197663647	92358
chr1	197571289	197771289	harbor2	chr1	197669572	197669945	DNA/hAT-Charlie	595	+	186	197669758	98469
chr1	161097778	161297778	harbor2	chr1	161103937	161104105	DNA/hAT-Charlie	479	+	84	161104021	6243
chr1	161097778	161297778	harbor2	chr1	161128172	161128318	DNA/hAT-Charlie	1123	+	73	161128245	30467
chr1	161097778	161297778	harbor2	chr1	161128616	161128698	DNA/hAT-Charlie	1123	+	41	161128657	30879
chr1	149979090	150179090	harbor2	chr1	150043045	150043236	DNA/hAT-Charlie	548	+	96	150043141	64051
chr1	214138646	214338646	harbor2	chr1	214141673	214141846	DNA/hAT-Charlie	570	+	86	214141759	3113
chr1	214138646	214338646	harbor2	chr1	214161521	214161680	DNA/hAT-Charlie	577	+	80	214161601	22955
chr1	214138646	214338646	harbor2	chr1	214223774	214223823	DNA/hAT-Charlie	592	+	24	214223798	85152
chr1	214138646	214338646	harbor2	chr1	214224134	214224243	DNA/hAT-Charlie	592	+	54	214224188	85542
chr1	214138646	214338646	harbor2	chr1	214236754	214236920	DNA/hAT-Charlie	725	+	83	214236837	98191
chr1	240276024	240476024	harbor2	chr1	240298470	240298815	DNA/hAT-Charlie	2211	+	172	240298642	22618
chr1	240276024	240476024	harbor2	chr1	240320726	240321933	DNA/hAT-Charlie	3701	+	604	240321330	45306
chr1	240276024	240476024	harbor2	chr1	240341489	240341633	DNA/hAT-Charlie	691	+	72	240341561	65537
chr1	235779671	235979671	harbor2	chr1	235874584	235874705	DNA/hAT-Charlie	529	+	60	235874644	94973
chr1	235779671	235979671	harbor2	chr1	235874951	235875076	DNA/hAT-Charlie	871	+	62	235875013	95342
chr1	209472166	209672166	harbor2	chr1	209484787	209484947	DNA/hAT-Charlie	572	+	80	209484867	12701
chr1	209472166	209672166	harbor2	chr1	209504392	209504546	DNA/hAT-Charlie	767	+	77	209504469	32303
chr1	209472166	209672166	harbor2	chr1	209556037	209557599	DNA/hAT-Charlie	7600	+	781	209556818	84652
chr1	209472166	209672166	harbor2	chr1	209557904	209558705	DNA/hAT-Charlie	7600	+	400	209558304	86138
chr1	209472166	209672166	harbor2	chr1	209558843	209559114	DNA/hAT-Charlie	7600	+	136	209558979	86813
chr1	185353866	185553866	harbor2	chr1	185366650	185366802	DNA/hAT-Charlie	905	+	76	185366726	12860
chr1	185353866	185553866	harbor2	chr1	185367091	185367129	DNA/hAT-Charlie	905	+	19	185367110	13244
chr1	185353866	185553866	harbor2	chr1	185391017	185391179	DNA/hAT-Charlie	423	+	81	185391098	37232
chr1	185353866	185553866	harbor2	chr1	185444820	185445153	DNA/hAT-Charlie	1970	+	166	185444986	91120
chr1	185353866	185553866	harbor2	chr1	185452414	185452540	DNA/hAT-Charlie	452	+	63	185452477	98611
chr1	185353866	185553866	harbor2	chr1	185453447	185453965	DNA/hAT-Charlie	3435	+	259	185453706	99840
chr1	82002432	82202432	harbor2	chr1	82036739	82036826	DNA/hAT-Charlie	553	+	44	82036783	34351
chr1	242317646	242517646	harbor2	chr1	242399668	242399886	DNA/hAT-Charlie	1881	+	109	242399777	82131
chr1	242317646	242517646	harbor2	chr1	242400204	242400334	DNA/hAT-Charlie	1881	+	65	242400269	82623
chr1	242317646	242517646	harbor2	chr1	242405270	242405475	DNA/hAT-Charlie	806	+	102	242405372	87726
chr1	154661658	154861658	harbor2	chr1	154747463	154747689	DNA/hAT-Charlie	642	+	113	154747576	85918
chr1	154661658	154861658	harbor2	chr1	154759531	154759656	DNA/hAT-Charlie	462	+	62	154759593	97935
chr1	195485655	195685655	harbor2	chr1	195502753	195503281	DNA/hAT-Charlie	3387	+	264	195503017	17362
chr1	195485655	195685655	harbor2	chr1	195548108	195548279	DNA/hAT-Charlie	408	+	86	195548194	62539
chr1	218443782	218643782	harbor2	chr1	218445650	218445950	DNA/hAT-Charlie	1478	+	150	218445800	2018
chr1	218443782	218643782	harbor2	chr1	218464917	218465126	DNA/hAT-Charlie	975	+	104	218465021	21239
chr1	218443782	218643782	harbor2	chr1	218472270	218472653	DNA/hAT-Charlie	1731	+	192	218472462	28680
chr1	218443782	218643782	harbor2	chr1	218491241	218491377	DNA/hAT-Charlie	635	+	68	218491309	47527
chr1	218443782	218643782	harbor2	chr1	218509047	218509192	DNA/hAT-Charlie	755	+	72	218509119	65337
chr1	77186693	77386693	harbor2	chr1	77256151	77256384	DNA/hAT-Charlie	1461	+	116	77256267	69574
chr1	228952988	229152988	harbor2	chr1	228961036	228961584	DNA/hAT-Charlie	504	+	274	228961310	8322
chr1	228952988	229152988	harbor2	chr1	228991781	228991938	DNA/hAT-Charlie	474	+	78	228991859	38871
chr1	114527150	114727150	harbor2	chr1	114586277	114586442	DNA/hAT-Charlie	554	+	82	114586359	59209
chr1	241599865	241799865	harbor2	chr1	241661799	241662017	DNA/hAT-Charlie	918	+	109	241661908	62043
chr1	241599865	241799865	harbor2	chr1	241669875	241669982	DNA/hAT-Charlie	606	+	54	241669929	70064
chr1	241599865	241799865	harbor2	chr1	241670593	241670912	DNA/hAT-Charlie	2100	+	160	241670753	70888
chr1	233840834	234040834	harbor2	chr1	233927294	233927731	DNA/hAT-Charlie	1002	+	218	233927512	86678
chr1	233840834	234040834	harbor2	chr1	233927767	233928069	DNA/hAT-Charlie	713	+	151	233927918	87084
chr1	234983094	235183094	harbor2	chr1	234996507	234996718	DNA/hAT-Charlie	994	+	106	234996613	13519
chr1	210268422	210468422	harbor2	chr1	210281379	210281518	DNA/hAT-Charlie	759	+	70	210281449	13027
chr1	210268422	210468422	harbor2	chr1	210360633	210360934	DNA/hAT-Charlie	1104	+	150	210360783	92361
chr1	222861826	223061826	harbor2	chr1	222885909	222886012	DNA/hAT-Charlie	450	+	52	222885961	24135
chr1	222861826	223061826	harbor2	chr1	222907349	222907554	DNA/hAT-Charlie	821	+	102	222907451	45625
chr1	222861826	223061826	harbor2	chr1	222923253	222923460	DNA/hAT-Charlie	886	+	104	222923357	61531
chr1	222861826	223061826	harbor2	chr1	222925690	222925878	DNA/hAT-Charlie	976	+	94	222925784	63958
chr1	222861826	223061826	harbor2	chr1	222932194	222932372	DNA/hAT-Charlie	625	+	89	222932283	70457
chr1	154807861	155007861	harbor2	chr1	154841331	154841506	DNA/hAT-Charlie	889	+	88	154841419	33558
chr1	154807861	155007861	harbor2	chr1	154852143	154852207	DNA/hAT-Charlie	1687	+	32	154852175	44314
chr1	154807861	155007861	harbor2	chr1	154852513	154852840	DNA/hAT-Charlie	1687	+	164	154852677	44816
chr1	179360560	179560560	harbor2	chr1	179428499	179428897	DNA/hAT-Charlie	1705	+	199	179428698	68138
chr1	179360560	179560560	harbor2	chr1	179429188	179429309	DNA/hAT-Charlie	1705	+	60	179429248	68688
chr1	243691294	243891294	harbor2	chr1	243740535	243740674	DNA/hAT-Charlie	484	+	70	243740605	49311
chr1	243691294	243891294	harbor2	chr1	243745591	243745776	DNA/hAT-Charlie	977	+	92	243745683	54389
chr1	243691294	243891294	harbor2	chr1	243754371	243754503	DNA/hAT-Charlie	526	+	66	243754437	63143
chr1	243691294	243891294	harbor2	chr1	243754504	243754838	DNA/hAT-Charlie	1861	+	167	243754671	63377
chr1	243691294	243891294	harbor2	chr1	243754839	243754947	DNA/hAT-Charlie	526	+	54	243754893	63599
chr1	172094351	172294351	harbor2	chr1	172116667	172116888	DNA/hAT-Charlie	522	+	110	172116777	22426
chr1	181779497	181979497	harbor2	chr1	181792946	181793120	DNA/hAT-Charlie	529	+	87	181793033	13536
chr1	181779497	181979497	harbor2	chr1	181797940	181798104	DNA/hAT-Charlie	694	+	82	181798022	18525
chr1	166299022	166499022	harbor2	chr1	166327369	166327524	DNA/hAT-Charlie	662	+	78	166327447	28425
chr1	166299022	166499022	harbor2	chr1	166378453	166378601	DNA/hAT-Charlie	682	+	74	166378527	79505
chr1	166299022	166499022	harbor2	chr1	166383329	166383470	DNA/hAT-Charlie	689	+	70	166383399	84377
chr1	242733648	242933648	harbor2	chr1	242735587	242735711	DNA/hAT-Charlie	496	+	62	242735649	2001
chr1	242733648	242933648	harbor2	chr1	242782322	242782528	DNA/hAT-Charlie	417	+	103	242782425	48777
chr1	242733648	242933648	harbor2	chr1	242761308	242762589	DNA/hAT-Charlie	5143	+	640	242761948	28300
chr1	152389453	152589453	harbor2	chr1	152471310	152471403	DNA/hAT-Charlie	767	+	46	152471356	81903
chr1	152389453	152589453	harbor2	chr1	152472808	152472950	DNA/hAT-Charlie	767	+	71	152472879	83426
chr1	228011027	228211027	harbor2	chr1	228095433	228095634	DNA/hAT-Charlie	1043	+	100	228095533	84506
chr1	247508419	247708419	harbor2	chr1	247547736	247547872	DNA/hAT-Charlie	574	+	68	247547804	39385
chr1	29030525	29230525	harbor2	chr1	29031488	29031663	DNA/hAT-Charlie	912	+	88	29031576	1051
chr1	29030525	29230525	harbor2	chr1	29043402	29043582	DNA/hAT-Charlie	645	+	90	29043492	12967
chr1	178440239	178640239	harbor2	chr1	178517481	178517657	DNA/hAT-Charlie	678	+	88	178517569	77330
chr1	178440239	178640239	harbor2	chr1	178531650	178531806	DNA/hAT-Charlie	698	+	78	178531728	91489
chr1	178440239	178640239	harbor2	chr1	178536663	178536803	DNA/hAT-Charlie	540	+	70	178536733	96494
chr1	225893835	226093835	harbor2	chr1	225978801	225979022	DNA/hAT-Charlie	1028	+	110	225978911	85076
chr1	162654864	162854864	harbor2	chr1	162654624	162655056	DNA/hAT-Charlie	1641	+	216	162654840	24
chr1	162654864	162854864	harbor2	chr1	162660738	162660959	DNA/hAT-Charlie	1160	+	110	162660848	5984
chr1	224736203	224936203	harbor2	chr1	224785088	224785175	DNA/hAT-Charlie	435	+	44	224785132	48929
chr1	224736203	224936203	harbor2	chr1	224799373	224799485	DNA/hAT-Charlie	445	+	56	224799429	63226
chr1	117258018	117458018	harbor2	chr1	117266669	117266792	DNA/hAT-Charlie	557	+	62	117266731	8713
chr1	117258018	117458018	harbor2	chr1	117278769	117278995	DNA/hAT-Charlie	896	+	113	117278882	20864
chr1	117258018	117458018	harbor2	chr1	117285042	117285218	DNA/hAT-Charlie	493	+	88	117285130	27112
chr1	117258018	117458018	harbor2	chr1	117327571	117327719	DNA/hAT-Charlie	492	+	74	117327645	69627
chr1	245138876	245338876	harbor2	chr1	245223011	245223226	DNA/hAT-Charlie	905	+	108	245223119	84243
chr1	245138876	245338876	harbor2	chr1	245223673	245224002	DNA/hAT-Charlie	4748	+	164	245223837	84961
chr1	245138876	245338876	harbor2	chr1	245224304	245225023	DNA/hAT-Charlie	4748	+	360	245224664	85788
chr1	245138876	245338876	harbor2	chr1	245233412	245233575	DNA/hAT-Charlie	727	+	82	245233494	94618
chr1	96665744	96865744	harbor2	chr1	96694970	96695112	DNA/hAT-Charlie	558	+	71	96695041	29297
chr1	96665744	96865744	harbor2	chr1	96736458	96736673	DNA/hAT-Charlie	852	+	108	96736566	70822
chr1	96665744	96865744	harbor2	chr1	96737266	96737354	DNA/hAT-Charlie	852	+	44	96737310	71566
chr1	205669662	205869662	harbor2	chr1	205702273	205702364	DNA/hAT-Charlie	933	+	46	205702319	32657
chr1	205669662	205869662	harbor2	chr1	205702681	205702814	DNA/hAT-Charlie	933	+	66	205702747	33085
chr1	184456653	184656653	harbor2	chr1	184485152	184485464	DNA/hAT-Charlie	1310	+	156	184485308	28655
chr1	184456653	184656653	harbor2	chr1	184512777	184513172	DNA/hAT-Charlie	1891	+	198	184512975	56322
chr1	184456653	184656653	harbor2	chr1	184548601	184549135	DNA/hAT-Charlie	1629	+	267	184548868	92215
chr1	232793852	232993852	harbor2	chr1	232859871	232860016	DNA/hAT-Charlie	490	+	72	232859943	66091
chr1	239494288	239694288	harbor2	chr1	239516665	239517192	DNA/hAT-Charlie	3385	+	264	239516929	22641
chr1	239494288	239694288	harbor2	chr1	239525842	239526016	DNA/hAT-Charlie	619	+	87	239525929	31641
chr1	99234566	99434566	harbor2	chr1	99248091	99248559	DNA/hAT-Charlie	782	+	234	99248325	13759
chr1	99234566	99434566	harbor2	chr1	99303653	99303859	DNA/hAT-Charlie	583	+	103	99303756	69190
chr1	238228258	238428258	harbor2	chr1	238230128	238231435	DNA/hAT-Charlie	4470	+	654	238230782	2524
chr1	238228258	238428258	harbor2	chr1	238242964	238243074	DNA/hAT-Charlie	515	+	55	238243019	14761
chr1	238228258	238428258	harbor2	chr1	238248071	238248244	DNA/hAT-Charlie	738	+	86	238248157	19899
chr1	238228258	238428258	harbor2	chr1	238299483	238299655	DNA/hAT-Charlie	854	+	86	238299569	71311
chr1	194175854	194375854	harbor2	chr1	194206084	194206947	DNA/hAT-Charlie	1670	+	432	194206516	30662
chr1	194175854	194375854	harbor2	chr1	194209695	194210402	DNA/hAT-Charlie	2280	+	354	194210049	34195
chr1	194175854	194375854	harbor2	chr1	194212352	194212699	DNA/hAT-Charlie	1148	+	174	194212526	36672
chr1	194175854	194375854	harbor2	chr1	194212732	194212811	DNA/hAT-Charlie	1148	+	40	194212772	36918
chr1	194175854	194375854	harbor2	chr1	194260913	194261102	DNA/hAT-Charlie	534	+	94	194261007	85153
chr1	212450520	212650520	harbor2	chr1	212492592	212492684	DNA/hAT-Charlie	1186	+	46	212492638	42118
chr1	212450520	212650520	harbor2	chr1	212492971	212493183	DNA/hAT-Charlie	1186	+	106	212493077	42557
chr1	212450520	212650520	harbor2	chr1	212504339	212504536	DNA/hAT-Charlie	1074	+	98	212504437	53917
chr1	212450520	212650520	harbor2	chr1	212516879	212517063	DNA/hAT-Charlie	980	+	92	212516971	66451
chr1	188506341	188706341	harbor2	chr1	188529370	188529554	DNA/hAT-Charlie	774	+	92	188529462	23121
chr1	179335867	179535867	harbor2	chr1	179428499	179428897	DNA/hAT-Charlie	1705	+	199	179428698	92831
chr1	179335867	179535867	harbor2	chr1	179429188	179429309	DNA/hAT-Charlie	1705	+	60	179429248	93381
chr1	49622486	49822486	harbor2	chr1	49629070	49629290	DNA/hAT-Charlie	1123	+	110	49629180	6694
chr1	49622486	49822486	harbor2	chr1	49713003	49713351	DNA/hAT-Charlie	1091	+	174	49713177	90691
chr1	49622486	49822486	harbor2	chr1	49713407	49713813	DNA/hAT-Charlie	678	+	203	49713610	91124
chr1	221589718	221789718	harbor2	chr1	221619677	221620195	DNA/hAT-Charlie	1116	+	259	221619936	30218
chr1	221589718	221789718	harbor2	chr1	221655524	221655683	DNA/hAT-Charlie	530	+	80	221655604	65886
chr1	221589718	221789718	harbor2	chr1	221656673	221656789	DNA/hAT-Charlie	554	+	58	221656731	67013
chr1	221589718	221789718	harbor2	chr1	221677182	221677386	DNA/hAT-Charlie	2707	+	102	221677284	87566
chr1	221589718	221789718	harbor2	chr1	221677610	221678194	DNA/hAT-Charlie	2707	+	292	221677902	88184
chr1	221589718	221789718	harbor2	chr1	221678727	221678974	DNA/hAT-Charlie	903	+	124	221678851	89133
chr1	221589718	221789718	harbor2	chr1	221688843	221689009	DNA/hAT-Charlie	678	+	83	221688926	99208
chr1	248262190	248462190	harbor2	chr1	248308542	248308886	DNA/hAT-Charlie	1813	+	172	248308714	46524
chr1	248262190	248462190	harbor2	chr1	248332570	248332914	DNA/hAT-Charlie	1854	+	172	248332742	70552
chr1	105246022	105446022	harbor2	chr1	105329280	105329481	DNA/hAT-Charlie	756	+	100	105329380	83358
chr1	239745667	239945667	harbor2	chr1	239768003	239768265	DNA/hAT-Charlie	634	+	131	239768134	22467
chr1	185598605	185798605	harbor2	chr1	185625687	185625904	DNA/hAT-Charlie	1428	+	108	185625795	27190
chr1	185598605	185798605	harbor2	chr1	185693450	185693646	DNA/hAT-Charlie	828	+	98	185693548	94943
chr1	195283504	195483504	harbor2	chr1	195371306	195371454	DNA/hAT-Charlie	472	+	74	195371380	87876
chr1	195283504	195483504	harbor2	chr1	195373819	195374072	DNA/hAT-Charlie	560	+	126	195373945	90441
chr1	237289486	237489486	harbor2	chr1	237311110	237311441	DNA/hAT-Charlie	700	+	166	237311276	21790
chr1	237289486	237489486	harbor2	chr1	237311785	237312327	DNA/hAT-Charlie	1014	+	271	237312056	22570
chr1	237289486	237489486	harbor2	chr1	237312501	237313052	DNA/hAT-Charlie	1405	+	276	237312777	23291
chr1	237289486	237489486	harbor2	chr1	237368511	237368656	DNA/hAT-Charlie	777	+	72	237368583	79097
chr1	246336560	246536560	harbor2	chr1	246338796	246339521	DNA/hAT-Charlie	2227	+	362	246339158	2598
chr1	246336560	246536560	harbor2	chr1	246343020	246343142	DNA/hAT-Charlie	427	+	61	246343081	6521
chr1	246336560	246536560	harbor2	chr1	246397082	246397391	DNA/hAT-Charlie	1677	+	154	246397236	60676
chr1	246336560	246536560	harbor2	chr1	246407271	246407483	DNA/hAT-Charlie	686	+	106	246407377	70817
chr1	246336560	246536560	harbor2	chr1	246408208	246408340	DNA/hAT-Charlie	686	+	66	246408274	71714
chr1	246336560	246536560	harbor2	chr1	246419675	246419891	DNA/hAT-Charlie	1340	+	108	246419783	83223
chr1	173880763	174080763	harbor2	chr1	173890689	173890908	DNA/hAT-Charlie	908	+	110	173890799	10036
chr1	173880763	174080763	harbor2	chr1	173906285	173906515	DNA/hAT-Charlie	405	+	115	173906400	25637
chr1	173880763	174080763	harbor2	chr1	173911329	173911536	DNA/hAT-Charlie	666	+	104	173911433	30670
chr1	173880763	174080763	harbor2	chr1	173939066	173939233	DNA/hAT-Charlie	723	+	84	173939150	58387
chr1	164499090	164699090	harbor2	chr1	164537157	164537369	DNA/hAT-Charlie	876	+	106	164537263	38173
chr1	164499090	164699090	harbor2	chr1	164596442	164596517	DNA/hAT-Charlie	418	+	38	164596480	97390
chr1	60647439	60847439	harbor2	chr1	60673116	60673380	DNA/hAT-Charlie	745	+	132	60673248	25809
chr1	60647439	60847439	harbor2	chr1	60694016	60694239	DNA/hAT-Charlie	1469	+	112	60694128	46689
chr1	60647439	60847439	harbor2	chr1	60745247	60745487	DNA/hAT-Charlie	806	+	120	60745367	97928
chr1	228655786	228855786	harbor2	chr1	228662990	228663362	DNA/hAT-Charlie	1007	+	186	228663176	7390
chr1	228655786	228855786	harbor2	chr1	228663355	228663526	DNA/hAT-Charlie	458	+	86	228663441	7655
chr1	228655786	228855786	harbor2	chr1	228664313	228664555	DNA/hAT-Charlie	612	+	121	228664434	8648
chr1	228655786	228855786	harbor2	chr1	228689542	228689878	DNA/hAT-Charlie	2328	+	168	228689710	33924
chr1	228655786	228855786	harbor2	chr1	228745819	228745989	DNA/hAT-Charlie	495	+	85	228745904	90118
chr1	210578299	210778299	harbor2	chr1	210599075	210599271	DNA/hAT-Charlie	824	+	98	210599173	20874
chr1	210578299	210778299	harbor2	chr1	210608211	210608306	DNA/hAT-Charlie	451	+	48	210608259	29960
chr1	210578299	210778299	harbor2	chr1	210663683	210663846	DNA/hAT-Charlie	1036	+	82	210663765	85466
chr1	107255502	107455502	harbor2	chr1	107300201	107300517	DNA/hAT-Charlie	706	+	158	107300359	44857
chr1	107255502	107455502	harbor2	chr1	107301711	107301889	DNA/hAT-Charlie	517	+	89	107301800	46298
chr1	107255502	107455502	harbor2	chr1	107321565	107321771	DNA/hAT-Charlie	442	+	103	107321668	66166
chr1	223277474	223477474	harbor2	chr1	223277547	223277674	DNA/hAT-Charlie	425	+	64	223277611	137
chr1	223277474	223477474	harbor2	chr1	223303505	223303542	DNA/hAT-Charlie	562	+	18	223303523	26049
chr1	223277474	223477474	harbor2	chr1	223304413	223304614	DNA/hAT-Charlie	562	+	100	223304513	27039
chr1	223277474	223477474	harbor2	chr1	223360983	223361141	DNA/hAT-Charlie	1013	+	79	223361062	83588
chr1	112300492	112500492	harbor2	chr1	112330708	112330922	DNA/hAT-Charlie	1209	+	107	112330815	30323
chr1	112300492	112500492	harbor2	chr1	112356962	112357069	DNA/hAT-Charlie	501	+	54	112357016	56524
chr1	159319332	159519332	harbor2	chr1	159321845	159322176	DNA/hAT-Charlie	1087	+	166	159322011	2679
chr1	159319332	159519332	harbor2	chr1	159395681	159396100	DNA/hAT-Charlie	2077	+	210	159395891	76559
chr1	180741127	180941127	harbor2	chr1	180757175	180757503	DNA/hAT-Charlie	896	+	164	180757339	16212
chr1	180741127	180941127	harbor2	chr1	180776086	180776327	DNA/hAT-Charlie	830	+	120	180776206	35079
chr1	180741127	180941127	harbor2	chr1	180776479	180776665	DNA/hAT-Charlie	464	+	93	180776572	35445
chr1	180741127	180941127	harbor2	chr1	180786639	180786833	DNA/hAT-Charlie	527	+	97	180786736	45609
chr1	180741127	180941127	harbor2	chr1	180795533	180795693	DNA/hAT-Charlie	988	+	80	180795613	54486
chr1	180741127	180941127	harbor2	chr1	180797751	180797914	DNA/hAT-Charlie	942	+	82	180797833	56706
chr1	107967690	108167690	harbor2	chr1	108014416	108014623	DNA/hAT-Charlie	925	+	104	108014520	46830
chr1	107967690	108167690	harbor2	chr1	108039758	108039943	DNA/hAT-Charlie	1221	+	92	108039850	72160
chr1	74840426	75040426	harbor2	chr1	74859192	74859386	DNA/hAT-Charlie	1018	+	97	74859289	18863
chr1	74840426	75040426	harbor2	chr1	74896626	74896816	DNA/hAT-Charlie	974	+	95	74896721	56295
chr1	195565940	195765940	harbor2	chr1	195617592	195617767	DNA/hAT-Charlie	684	+	88	195617680	51740
chr1	195565940	195765940	harbor2	chr1	195608548	195608763	DNA/hAT-Charlie	756	+	108	195608656	42716
chr1	233891345	234091345	harbor2	chr1	233927294	233927731	DNA/hAT-Charlie	1002	+	218	233927512	36167
chr1	233891345	234091345	harbor2	chr1	233927767	233928069	DNA/hAT-Charlie	713	+	151	233927918	36573
chr1	233891345	234091345	harbor2	chr1	233943269	233943837	DNA/hAT-Charlie	853	+	284	233943553	52208
chr1	233891345	234091345	harbor2	chr1	233944593	233945579	DNA/hAT-Charlie	4694	+	493	233945086	53741
chr1	233891345	234091345	harbor2	chr1	233945920	233946675	DNA/hAT-Charlie	4694	+	378	233946298	54953
chr1	233891345	234091345	harbor2	chr1	233961259	233961356	DNA/hAT-Charlie	455	+	48	233961307	69962
chr1	233891345	234091345	harbor2	chr1	233989219	233990081	DNA/hAT-Charlie	2155	+	431	233989650	98305
chr1	103213189	103413189	harbor2	chr1	103238975	103239212	DNA/hAT-Charlie	870	+	118	103239093	25904
chr1	103213189	103413189	harbor2	chr1	103258457	103258634	DNA/hAT-Charlie	503	+	88	103258545	45356
chr1	203341510	203541510	harbor2	chr1	203358610	203358764	DNA/hAT-Charlie	425	+	77	203358687	17177
chr1	203341510	203541510	harbor2	chr1	203368354	203368505	DNA/hAT-Charlie	502	+	76	203368430	26920
chr1	230695390	230895390	harbor2	chr1	230724026	230724251	DNA/hAT-Charlie	1235	+	112	230724138	28748
chr1	230695390	230895390	harbor2	chr1	230746780	230746972	DNA/hAT-Charlie	1038	+	96	230746876	51486
chr1	172160997	172360997	harbor2	chr1	172204913	172205161	DNA/hAT-Charlie	621	+	124	172205037	44040
chr1	213588315	213788315	harbor2	chr1	213592358	213592619	DNA/hAT-Charlie	693	+	130	213592488	4173
chr1	213588315	213788315	harbor2	chr1	213593809	213593870	DNA/hAT-Charlie	569	+	30	213593839	5524
chr1	213588315	213788315	harbor2	chr1	213594165	213594248	DNA/hAT-Charlie	569	+	42	213594207	5892
chr1	213588315	213788315	harbor2	chr1	213594247	213594496	DNA/hAT-Charlie	867	+	124	213594371	6056
chr1	213588315	213788315	harbor2	chr1	213611484	213611672	DNA/hAT-Charlie	583	+	94	213611578	23263
chr1	213588315	213788315	harbor2	chr1	213612069	213612254	DNA/hAT-Charlie	1128	+	92	213612161	23846
chr1	213588315	213788315	harbor2	chr1	213619645	213619803	DNA/hAT-Charlie	690	+	79	213619724	31409
chr1	239280898	239480898	harbor2	chr1	239363430	239363721	DNA/hAT-Charlie	1125	+	146	239363576	82678
chr1	93624306	93824306	harbor2	chr1	93626425	93627836	DNA/hAT-Charlie	6265	+	706	93627131	2825
chr1	93624306	93824306	harbor2	chr1	93678060	93678222	DNA/hAT-Charlie	799	+	81	93678141	53835
chr1	93624306	93824306	harbor2	chr1	93713017	93713213	DNA/hAT-Charlie	1042	+	98	93713115	88809
chr1	241742348	241942348	harbor2	chr1	241752288	241752517	DNA/hAT-Charlie	606	+	114	241752402	10054
chr1	241742348	241942348	harbor2	chr1	241781676	241781909	DNA/hAT-Charlie	538	+	116	241781792	39444
chr1	241742348	241942348	harbor2	chr1	241836270	241836363	DNA/hAT-Charlie	606	+	46	241836316	93968
chr1	111666864	111866864	harbor2	chr1	111686864	111686971	DNA/hAT-Charlie	528	+	54	111686918	20054
chr1	190209876	190409876	harbor2	chr1	190243955	190244215	DNA/hAT-Charlie	1679	+	130	190244085	34209
chr1	107412770	107612770	harbor2	chr1	107423248	107423471	DNA/hAT-Charlie	1116	+	112	107423360	10590
chr1	107412770	107612770	harbor2	chr1	107448428	107448584	DNA/hAT-Charlie	812	+	78	107448506	35736
chr1	107412770	107612770	harbor2	chr1	107449304	107449413	DNA/hAT-Charlie	438	+	54	107449358	36588
chr1	107412770	107612770	harbor2	chr1	107487771	107488066	DNA/hAT-Charlie	1191	+	148	107487919	75149
chr1	174343199	174543199	harbor2	chr1	174395001	174395362	DNA/hAT-Charlie	994	+	180	174395181	51982
chr1	174343199	174543199	harbor2	chr1	174395397	174395700	DNA/hAT-Charlie	751	+	152	174395549	52350
chr1	220423985	220623985	harbor2	chr1	220514917	220515112	DNA/hAT-Charlie	629	+	98	220515015	91030
chr1	187655702	187855702	harbor2	chr1	187670561	187670729	DNA/hAT-Charlie	420	+	84	187670645	14943
chr1	187655702	187855702	harbor2	chr1	187701223	187701521	DNA/hAT-Charlie	1330	+	149	187701372	45670
chr1	232760383	232960383	harbor2	chr1	232787370	232787833	DNA/hAT-Charlie	842	+	232	232787602	27219
chr1	232760383	232960383	harbor2	chr1	232859871	232860016	DNA/hAT-Charlie	490	+	72	232859943	99560
chr1	223133189	223333189	harbor2	chr1	223210439	223210902	DNA/hAT-Charlie	1385	+	232	223210671	77482
chr1	170865001	171065001	harbor2	chr1	170927436	170927617	DNA/hAT-Charlie	598	+	90	170927526	62525
chr1	242712003	242912003	harbor2	chr1	242735587	242735711	DNA/hAT-Charlie	496	+	62	242735649	23646
chr1	242712003	242912003	harbor2	chr1	242782322	242782528	DNA/hAT-Charlie	417	+	103	242782425	70422
chr1	242712003	242912003	harbor2	chr1	242761308	242762589	DNA/hAT-Charlie	5143	+	640	242761948	49945
chr1	186265567	186465567	harbor2	chr1	186279168	186279353	DNA/hAT-Charlie	962	+	92	186279260	13693
chr1	236078850	236278850	harbor2	chr1	236096195	236096401	DNA/hAT-Charlie	898	+	103	236096298	17448
chr1	43831152	44031152	harbor2	chr1	43857434	43857464	DNA/hAT-Charlie	545	+	15	43857449	26297
chr1	43831152	44031152	harbor2	chr1	43857916	43858033	DNA/hAT-Charlie	545	+	58	43857974	26822
chr1	43831152	44031152	harbor2	chr1	43908363	43908547	DNA/hAT-Charlie	773	+	92	43908455	77303
chr2	221107524	221307524	harbor2	chr2	221144826	221145101	DNA/hAT-Charlie	1216	+	138	221144964	37440
chr2	221107524	221307524	harbor2	chr2	221169803	221170325	DNA/hAT-Charlie	3389	+	261	221170064	62540
chr2	221107524	221307524	harbor2	chr2	221151191	221151345	DNA/hAT-Charlie	571	+	77	221151268	43744
chr2	202732409	202932409	harbor2	chr2	202821978	202822170	DNA/hAT-Charlie	768	+	96	202822074	89665
chr2	202732409	202932409	harbor2	chr2	202822467	202822571	DNA/hAT-Charlie	768	+	52	202822519	90110
chr2	210034896	210234896	harbor2	chr2	210035858	210036013	DNA/hAT-Charlie	854	+	78	210035936	1040
chr2	210034896	210234896	harbor2	chr2	210095604	210095935	DNA/hAT-Charlie	986	+	166	210095770	60874
chr2	210034896	210234896	harbor2	chr2	210095970	210096294	DNA/hAT-Charlie	1175	+	162	210096132	61236
chr2	210034896	210234896	harbor2	chr2	210100012	210100347	DNA/hAT-Charlie	2092	+	168	210100180	65284
chr2	196527741	196727741	harbor2	chr2	196529974	196530258	DNA/hAT-Charlie	523	+	142	196530116	2375
chr2	196527741	196727741	harbor2	chr2	196570370	196570437	DNA/hAT-Charlie	659	+	34	196570404	42663
chr2	196527741	196727741	harbor2	chr2	196570715	196570946	DNA/hAT-Charlie	659	+	116	196570831	43090
chr2	196527741	196727741	harbor2	chr2	196582793	196583043	DNA/hAT-Charlie	437	+	125	196582918	55177
chr2	165989780	166189780	harbor2	chr2	166059965	166060128	DNA/hAT-Charlie	460	+	82	166060047	70267
chr2	97098765	97298765	harbor2	chr2	97120843	97121066	DNA/hAT-Charlie	447	+	112	97120955	22190
chr2	131623531	131823531	harbor2	chr2	131623328	131623823	DNA/hAT-Charlie	3155	+	248	131623576	45
chr2	225496683	225696683	harbor2	chr2	225584891	225585108	DNA/hAT-Charlie	948	+	108	225584999	88316
chr2	217805971	218005971	harbor2	chr2	217828926	217829093	DNA/hAT-Charlie	873	+	84	217829010	23039
chr2	217805971	218005971	harbor2	chr2	217829395	217829442	DNA/hAT-Charlie	873	+	24	217829419	23448
chr2	217805971	218005971	harbor2	chr2	217833677	217833913	DNA/hAT-Charlie	920	+	118	217833795	27824
chr2	217805971	218005971	harbor2	chr2	217833912	217834094	DNA/hAT-Charlie	575	+	91	217834003	28032
chr2	217805971	218005971	harbor2	chr2	217835413	217835590	DNA/hAT-Charlie	493	+	88	217835501	29530
chr2	217805971	218005971	harbor2	chr2	217863314	217863459	DNA/hAT-Charlie	815	+	72	217863386	57415
chr2	56279915	56479915	harbor2	chr2	56290780	56291020	DNA/hAT-Charlie	612	+	120	56290900	10985
chr2	56279915	56479915	harbor2	chr2	56311840	56311967	DNA/hAT-Charlie	496	+	64	56311904	31989
chr2	218241789	218441789	harbor2	chr2	218317227	218317360	DNA/hAT-Charlie	460	+	66	218317293	75504
chr2	155997332	156197332	harbor2	chr2	156091242	156091379	DNA/hAT-Charlie	703	+	68	156091310	93978
chr2	178988765	179188765	harbor2	chr2	179000121	179000499	DNA/hAT-Charlie	1219	+	189	179000310	11545
chr2	178988765	179188765	harbor2	chr2	179030997	179031213	DNA/hAT-Charlie	636	+	108	179031105	42340
chr2	164507673	164707673	harbor2	chr2	164509630	164509791	DNA/hAT-Charlie	963	+	80	164509710	2037
chr2	164507673	164707673	harbor2	chr2	164545095	164545245	DNA/hAT-Charlie	898	+	75	164545170	37497
chr2	164507673	164707673	harbor2	chr2	164545693	164545923	DNA/hAT-Charlie	898	+	115	164545808	38135
chr2	237819401	238019401	harbor2	chr2	237833559	237833750	DNA/hAT-Charlie	1002	+	96	237833655	14254
chr2	222658626	222858626	harbor2	chr2	222744546	222744763	DNA/hAT-Charlie	614	+	108	222744654	86028
chr2	222658626	222858626	harbor2	chr2	222752509	222752819	DNA/hAT-Charlie	1261	+	155	222752664	94038
chr2	222658626	222858626	harbor2	chr2	222753647	222753792	DNA/hAT-Charlie	575	+	72	222753719	95093
chr2	222658626	222858626	harbor2	chr2	222755208	222755370	DNA/hAT-Charlie	647	+	81	222755289	96663
chr2	222658626	222858626	harbor2	chr2	222755406	222755642	DNA/hAT-Charlie	818	+	118	222755524	96898
chr2	97102137	97302137	harbor2	chr2	97120843	97121066	DNA/hAT-Charlie	447	+	112	97120955	18818
chr2	193872606	194072606	harbor2	chr2	193969620	193969872	DNA/hAT-Charlie	858	+	126	193969746	97140
chr2	193872606	194072606	harbor2	chr2	193970646	193970949	DNA/hAT-Charlie	2084	+	152	193970798	98192
chr2	193872606	194072606	harbor2	chr2	193971304	193972373	DNA/hAT-Charlie	2084	+	534	193971838	99232
chr2	232512730	232712730	harbor2	chr2	232544041	232544210	DNA/hAT-Charlie	428	+	84	232544125	31395
chr2	223424772	223624772	harbor2	chr2	223474982	223475330	DNA/hAT-Charlie	2094	+	174	223475156	50384
chr2	223424772	223624772	harbor2	chr2	223483289	223483352	DNA/hAT-Charlie	475	+	32	223483321	58549
chr2	223424772	223624772	harbor2	chr2	223483675	223483785	DNA/hAT-Charlie	475	+	55	223483730	58958
chr2	223424772	223624772	harbor2	chr2	223515700	223516014	DNA/hAT-Charlie	914	+	157	223515857	91085
chr2	220630416	220830416	harbor2	chr2	220637210	220637523	DNA/hAT-Charlie	1014	+	156	220637366	6950
chr2	220630416	220830416	harbor2	chr2	220677323	220677563	DNA/hAT-Charlie	1135	+	120	220677443	47027
chr2	220630416	220830416	harbor2	chr2	220699129	220699692	DNA/hAT-Charlie	764	+	282	220699411	68995
chr2	220630416	220830416	harbor2	chr2	220699693	220699914	DNA/hAT-Charlie	882	+	110	220699803	69387
chr2	220630416	220830416	harbor2	chr2	220699915	220699978	DNA/hAT-Charlie	764	+	32	220699947	69531
chr2	147463212	147663212	harbor2	chr2	147531423	147531638	DNA/hAT-Charlie	1127	+	108	147531531	68319
chr2	217892866	218092866	harbor2	chr2	217971699	217971836	DNA/hAT-Charlie	591	+	68	217971767	78901
chr2	217892866	218092866	harbor2	chr2	217984321	217984476	DNA/hAT-Charlie	1366	+	78	217984399	91533
chr2	217892866	218092866	harbor2	chr2	217985056	217985184	DNA/hAT-Charlie	1366	+	64	217985120	92254
chr2	136938450	137138450	harbor2	chr2	137022392	137022710	DNA/hAT-Charlie	1070	+	159	137022551	84101
chr2	136938450	137138450	harbor2	chr2	137029700	137029866	DNA/hAT-Charlie	519	+	83	137029783	91333
chr2	223319760	223519760	harbor2	chr2	223328405	223328985	DNA/hAT-Charlie	982	+	290	223328695	8935
chr2	223319760	223519760	harbor2	chr2	223329058	223329360	DNA/hAT-Charlie	1093	+	151	223329209	9449
chr2	223319760	223519760	harbor2	chr2	223329617	223329777	DNA/hAT-Charlie	779	+	80	223329697	9937
chr2	223319760	223519760	harbor2	chr2	223336905	223337252	DNA/hAT-Charlie	822	+	174	223337079	17319
chr2	223319760	223519760	harbor2	chr2	223358958	223359160	DNA/hAT-Charlie	980	+	101	223359059	39299
chr2	223319760	223519760	harbor2	chr2	223330070	223330370	DNA/hAT-Charlie	779	+	150	223330220	10460
chr2	227707502	227907502	harbor2	chr2	227726559	227726629	DNA/hAT-Charlie	420	+	35	227726594	19092
chr2	227707502	227907502	harbor2	chr2	227772480	227773011	DNA/hAT-Charlie	3678	+	266	227772746	65244
chr2	112346919	112546919	harbor2	chr2	112385445	112385758	DNA/hAT-Charlie	1031	+	156	112385601	38682
chr2	112346919	112546919	harbor2	chr2	112385918	112385975	DNA/hAT-Charlie	1031	+	28	112385946	39027
chr2	112346919	112546919	harbor2	chr2	112413570	112413700	DNA/hAT-Charlie	1432	+	65	112413635	66716
chr2	112346919	112546919	harbor2	chr2	112414001	112414193	DNA/hAT-Charlie	1432	+	96	112414097	67178
chr2	112346919	112546919	harbor2	chr2	112414495	112414597	DNA/hAT-Charlie	1432	+	51	112414546	67627
chr2	81089887	81289887	harbor2	chr2	81159361	81159549	DNA/hAT-Charlie	825	+	94	81159455	69568
chr2	81089887	81289887	harbor2	chr2	81160940	81161063	DNA/hAT-Charlie	522	+	62	81161002	71115
chr2	219500497	219700497	harbor2	chr2	219519544	219519726	DNA/hAT-Charlie	1013	+	91	219519635	19138
chr2	219500497	219700497	harbor2	chr2	219569267	219569924	DNA/hAT-Charlie	856	+	328	219569595	69098
chr2	219500497	219700497	harbor2	chr2	219577543	219577852	DNA/hAT-Charlie	522	+	154	219577697	77200
chr2	219500497	219700497	harbor2	chr2	219589171	219589269	DNA/hAT-Charlie	1357	+	49	219589220	88723
chr2	219500497	219700497	harbor2	chr2	219589573	219589675	DNA/hAT-Charlie	1357	+	51	219589624	89127
chr2	241879709	242079709	harbor2	chr2	241978169	241978387	DNA/hAT-Charlie	1544	+	109	241978278	98569
chr2	180184112	180384112	harbor2	chr2	180207540	180207718	DNA/hAT-Charlie	482	+	89	180207629	23517
chr2	235560770	235760770	harbor2	chr2	235602096	235602415	DNA/hAT-Charlie	951	+	160	235602256	41486
chr2	120693471	120893471	harbor2	chr2	120709620	120709794	DNA/hAT-Charlie	784	+	87	120709707	16236
chr2	120693471	120893471	harbor2	chr2	120747520	120747715	DNA/hAT-Charlie	981	+	98	120747618	54147
chr2	120693471	120893471	harbor2	chr2	120774599	120774776	DNA/hAT-Charlie	543	+	88	120774687	81216
chr2	240881252	241081252	harbor2	chr2	240937692	240937742	DNA/hAT-Charlie	898	+	25	240937717	56465
chr2	240881252	241081252	harbor2	chr2	240938110	240938250	DNA/hAT-Charlie	898	+	70	240938180	56928
chr2	52119616	52319616	harbor2	chr2	52139952	52140150	DNA/hAT-Charlie	610	+	99	52140051	20435
chr2	202646408	202846408	harbor2	chr2	202727281	202727406	DNA/hAT-Charlie	557	+	62	202727343	80935
chr2	202646408	202846408	harbor2	chr2	202727744	202727832	DNA/hAT-Charlie	478	+	44	202727788	81380
chr2	241889807	242089807	harbor2	chr2	241978169	241978387	DNA/hAT-Charlie	1544	+	109	241978278	88471
chr2	202710707	202910707	harbor2	chr2	202727281	202727406	DNA/hAT-Charlie	557	+	62	202727343	16636
chr2	202710707	202910707	harbor2	chr2	202727744	202727832	DNA/hAT-Charlie	478	+	44	202727788	17081
chr2	237488705	237688705	harbor2	chr2	237500312	237500501	DNA/hAT-Charlie	923	+	94	237500406	11701
chr2	237488705	237688705	harbor2	chr2	237559322	237559538	DNA/hAT-Charlie	820	+	108	237559430	70725
chr2	159410390	159610390	harbor2	chr2	159484026	159484206	DNA/hAT-Charlie	686	+	90	159484116	73726
chr2	159410390	159610390	harbor2	chr2	159505302	159505473	DNA/hAT-Charlie	483	+	86	159505388	94998
chr2	233823818	234023818	harbor2	chr2	233847744	233847944	DNA/hAT-Charlie	718	+	100	233847844	24026
chr2	233823818	234023818	harbor2	chr2	233851334	233851504	DNA/hAT-Charlie	961	+	85	233851419	27601
chr2	233823818	234023818	harbor2	chr2	233891038	233891301	DNA/hAT-Charlie	1219	+	132	233891170	67352
chr2	233823818	234023818	harbor2	chr2	233913044	233913208	DNA/hAT-Charlie	823	+	82	233913126	89308
chr2	233823818	234023818	harbor2	chr2	233919992	233920127	DNA/hAT-Charlie	488	+	68	233920060	96242
chr2	186901366	187101366	harbor2	chr2	186977272	186977425	DNA/hAT-Charlie	536	+	76	186977348	75982
chr2	217657933	217857933	harbor2	chr2	217657890	217658034	DNA/hAT-Charlie	815	+	72	217657962	29
chr2	217657933	217857933	harbor2	chr2	217664137	217664287	DNA/hAT-Charlie	500	+	75	217664212	6279
chr2	210481910	210681910	harbor2	chr2	210494918	210495073	DNA/hAT-Charlie	551	+	78	210494996	13086
chr2	181460396	181660396	harbor2	chr2	181461795	181462110	DNA/hAT-Charlie	1005	+	158	181461953	1557
chr2	181460396	181660396	harbor2	chr2	181463909	181464074	DNA/hAT-Charlie	456	+	82	181463991	3595
chr2	181460396	181660396	harbor2	chr2	181470268	181470398	DNA/hAT-Charlie	779	+	65	181470333	9937
chr2	181460396	181660396	harbor2	chr2	181473135	181473463	DNA/hAT-Charlie	1975	+	164	181473299	12903
chr2	181460396	181660396	harbor2	chr2	181537840	181538110	DNA/hAT-Charlie	1505	+	135	181537975	77579
chr2	181460396	181660396	harbor2	chr2	181552885	181552967	DNA/hAT-Charlie	443	+	41	181552926	92530
chr2	181460396	181660396	harbor2	chr2	181553006	181553160	DNA/hAT-Charlie	524	+	77	181553083	92687
chr2	137853701	138053701	harbor2	chr2	137899276	137899447	DNA/hAT-Charlie	783	+	86	137899362	45661
chr2	137853701	138053701	harbor2	chr2	137900211	137900292	DNA/hAT-Charlie	450	+	40	137900251	46550
chr2	137853701	138053701	harbor2	chr2	137916738	137916918	DNA/hAT-Charlie	884	+	90	137916828	63127
chr2	236432858	236632858	harbor2	chr2	236435311	236435437	DNA/hAT-Charlie	1036	+	63	236435374	2516
chr2	236432858	236632858	harbor2	chr2	236435774	236435876	DNA/hAT-Charlie	1036	+	51	236435825	2967
chr2	135120686	135320686	harbor2	chr2	135124751	135124936	DNA/hAT-Charlie	835	+	92	135124843	4157
chr2	135120686	135320686	harbor2	chr2	135139671	135139856	DNA/hAT-Charlie	721	+	92	135139763	19077
chr2	135120686	135320686	harbor2	chr2	135180082	135180242	DNA/hAT-Charlie	965	+	80	135180162	59476
chr2	135120686	135320686	harbor2	chr2	135186949	135187127	DNA/hAT-Charlie	936	+	89	135187038	66352
chr2	135120686	135320686	harbor2	chr2	135187126	135187348	DNA/hAT-Charlie	803	+	111	135187237	66551
chr2	238205726	238405726	harbor2	chr2	238253780	238254106	DNA/hAT-Charlie	627	+	163	238253943	48217
chr2	238205726	238405726	harbor2	chr2	238274790	238275113	DNA/hAT-Charlie	565	+	162	238274952	69226
chr2	238205726	238405726	harbor2	chr2	238298581	238298676	DNA/hAT-Charlie	525	+	48	238298629	92903
chr2	57815971	58015971	harbor2	chr2	57836887	57837096	DNA/hAT-Charlie	1287	+	104	57836991	21020
chr2	57815971	58015971	harbor2	chr2	57915723	57916055	DNA/hAT-Charlie	1975	+	166	57915889	99918
chr2	138171787	138371787	harbor2	chr2	138196256	138197587	DNA/hAT-Charlie	2464	+	666	138196922	25135
chr2	138171787	138371787	harbor2	chr2	138197602	138198263	DNA/hAT-Charlie	1300	+	330	138197932	26145
chr2	138171787	138371787	harbor2	chr2	138198554	138198809	DNA/hAT-Charlie	1300	+	128	138198682	26895
chr2	138171787	138371787	harbor2	chr2	138238963	138239142	DNA/hAT-Charlie	650	+	90	138239053	67266
chr2	138171787	138371787	harbor2	chr2	138266833	138267035	DNA/hAT-Charlie	426	+	101	138266934	95147
chr2	235784638	235984638	harbor2	chr2	235800648	235800864	DNA/hAT-Charlie	834	+	108	235800756	16118
chr2	235784638	235984638	harbor2	chr2	235842191	235842610	DNA/hAT-Charlie	1287	+	210	235842401	57763
chr2	235784638	235984638	harbor2	chr2	235857073	235857409	DNA/hAT-Charlie	2294	+	168	235857241	72603
chr2	141996710	142196710	harbor2	chr2	142010064	142010273	DNA/hAT-Charlie	783	+	104	142010168	13458
chr2	141996710	142196710	harbor2	chr2	142058444	142058662	DNA/hAT-Charlie	1319	+	109	142058553	61843
chr2	141996710	142196710	harbor2	chr2	142071386	142071727	DNA/hAT-Charlie	1108	+	170	142071556	74846
chr2	141996710	142196710	harbor2	chr2	142072487	142072704	DNA/hAT-Charlie	1385	+	108	142072595	75885
chr2	205978205	206178205	harbor2	chr2	206051570	206051659	DNA/hAT-Charlie	1728	+	44	206051614	73409
chr2	205978205	206178205	harbor2	chr2	206051801	206052192	DNA/hAT-Charlie	1728	+	196	206051997	73792
chr2	205978205	206178205	harbor2	chr2	206052493	206052527	DNA/hAT-Charlie	1728	+	17	206052510	74305
chr2	205978205	206178205	harbor2	chr2	206052808	206052937	DNA/hAT-Charlie	515	+	64	206052872	74667
chr2	205978205	206178205	harbor2	chr2	206058762	206058940	DNA/hAT-Charlie	500	+	89	206058851	80646
chr2	205978205	206178205	harbor2	chr2	206068420	206068608	DNA/hAT-Charlie	930	+	94	206068514	90309
chr2	214472167	214672167	harbor2	chr2	214517396	214517570	DNA/hAT-Charlie	564	+	87	214517483	45316
chr2	214472167	214672167	harbor2	chr2	214570175	214570279	DNA/hAT-Charlie	434	+	52	214570227	98060
chr2	148935040	149135040	harbor2	chr2	148984248	148984394	DNA/hAT-Charlie	820	+	73	148984321	49281
chr2	148935040	149135040	harbor2	chr2	149007018	149007187	DNA/hAT-Charlie	688	+	84	149007102	72062
chr2	148935040	149135040	harbor2	chr2	149022352	149022641	DNA/hAT-Charlie	1084	+	144	149022496	87456
chr2	148935040	149135040	harbor2	chr2	149022945	149022981	DNA/hAT-Charlie	1084	+	18	149022963	87923
chr2	189661820	189861820	harbor2	chr2	189675037	189675214	DNA/hAT-Charlie	780	+	88	189675125	13305
chr2	189661820	189861820	harbor2	chr2	189745947	189746230	DNA/hAT-Charlie	717	+	142	189746089	84269
chr2	189661820	189861820	harbor2	chr2	189760440	189760511	DNA/hAT-Charlie	548	+	36	189760476	98656
chr2	189661820	189861820	harbor2	chr2	189760813	189760996	DNA/hAT-Charlie	548	+	92	189760905	99085
chr2	148810158	149010158	harbor2	chr2	148817839	148817983	DNA/hAT-Charlie	428	+	72	148817911	7753
chr2	148810158	149010158	harbor2	chr2	148887017	148887335	DNA/hAT-Charlie	1415	+	159	148887176	77018
chr2	148810158	149010158	harbor2	chr2	148904828	148905283	DNA/hAT-Charlie	1684	+	228	148905056	94898
chr2	219568824	219768824	harbor2	chr2	219569267	219569924	DNA/hAT-Charlie	856	+	328	219569595	771
chr2	219568824	219768824	harbor2	chr2	219577543	219577852	DNA/hAT-Charlie	522	+	154	219577697	8873
chr2	219568824	219768824	harbor2	chr2	219589171	219589269	DNA/hAT-Charlie	1357	+	49	219589220	20396
chr2	219568824	219768824	harbor2	chr2	219589573	219589675	DNA/hAT-Charlie	1357	+	51	219589624	20800
chr2	219568824	219768824	harbor2	chr2	219646808	219647053	DNA/hAT-Charlie	626	+	122	219646930	78106
chr2	219568824	219768824	harbor2	chr2	219647787	219647847	DNA/hAT-Charlie	626	+	30	219647817	78993
chr2	219568824	219768824	harbor2	chr2	219662300	219662451	DNA/hAT-Charlie	512	+	76	219662376	93552
chr2	219568824	219768824	harbor2	chr2	219667633	219667740	DNA/hAT-Charlie	537	+	54	219667687	98863
chr2	219568824	219768824	harbor2	chr2	219667758	219667990	DNA/hAT-Charlie	766	+	116	219667874	99050
chr2	84614207	84814207	harbor2	chr2	84627063	84627253	DNA/hAT-Charlie	908	+	95	84627158	12951
chr2	84614207	84814207	harbor2	chr2	84686673	84686896	DNA/hAT-Charlie	1199	+	112	84686785	72578
chr2	231366305	231566305	harbor2	chr2	231427160	231427310	DNA/hAT-Charlie	566	+	75	231427235	60930
chr2	231366305	231566305	harbor2	chr2	231429608	231429824	DNA/hAT-Charlie	503	+	108	231429716	63411
chr2	231366305	231566305	harbor2	chr2	231449445	231449649	DNA/hAT-Charlie	641	+	102	231449547	83242
chr2	160728722	160928722	harbor2	chr2	160738215	160738420	DNA/hAT-Charlie	1149	+	102	160738317	9595
chr2	160728722	160928722	harbor2	chr2	160747601	160747804	DNA/hAT-Charlie	955	+	102	160747703	18981
chr2	160728722	160928722	harbor2	chr2	160775830	160776173	DNA/hAT-Charlie	934	+	172	160776002	47280
chr2	240839077	241039077	harbor2	chr2	240868335	240868538	DNA/hAT-Charlie	815	+	102	240868437	29360
chr2	240839077	241039077	harbor2	chr2	240937692	240937742	DNA/hAT-Charlie	898	+	25	240937717	98640
chr2	240839077	241039077	harbor2	chr2	240938110	240938250	DNA/hAT-Charlie	898	+	70	240938180	99103
chr2	229992265	230192265	harbor2	chr2	230002814	230002944	DNA/hAT-Charlie	483	+	65	230002879	10614
chr2	229992265	230192265	harbor2	chr2	230003233	230003352	DNA/hAT-Charlie	483	+	60	230003293	11028
chr2	229992265	230192265	harbor2	chr2	230019888	230020052	DNA/hAT-Charlie	665	+	82	230019970	27705
chr2	229992265	230192265	harbor2	chr2	230024731	230024849	DNA/hAT-Charlie	3731	+	59	230024790	32525
chr2	229992265	230192265	harbor2	chr2	230025159	230025431	DNA/hAT-Charlie	3731	+	136	230025295	33030
chr2	229992265	230192265	harbor2	chr2	230025639	230025765	DNA/hAT-Charlie	3731	+	63	230025702	33437
chr2	229992265	230192265	harbor2	chr2	230026069	230026639	DNA/hAT-Charlie	3731	+	285	230026354	34089
chr2	229992265	230192265	harbor2	chr2	230026844	230027022	DNA/hAT-Charlie	910	+	89	230026933	34668
chr2	229992265	230192265	harbor2	chr2	230027683	230028073	DNA/hAT-Charlie	1297	+	195	230027878	35613
chr2	229992265	230192265	harbor2	chr2	230028631	230028909	DNA/hAT-Charlie	1297	+	139	230028770	36505
chr2	229992265	230192265	harbor2	chr2	230028917	230028994	DNA/hAT-Charlie	987	+	38	230028955	36690
chr2	229992265	230192265	harbor2	chr2	230029285	230029426	DNA/hAT-Charlie	987	+	70	230029355	37090
chr2	229992265	230192265	harbor2	chr2	230029724	230029818	DNA/hAT-Charlie	987	+	47	230029771	37506
chr2	229992265	230192265	harbor2	chr2	230050162	230050475	DNA/hAT-Charlie	507	+	156	230050318	58053
chr2	229992265	230192265	harbor2	chr2	230079608	230079790	DNA/hAT-Charlie	461	+	91	230079699	87434
chr2	229992265	230192265	harbor2	chr2	230080161	230080256	DNA/hAT-Charlie	475	+	48	230080209	87944
chr2	229992265	230192265	harbor2	chr2	230085811	230086022	DNA/hAT-Charlie	711	+	106	230085917	93652
chr2	210737037	210937037	harbor2	chr2	210746220	210746465	DNA/hAT-Charlie	417	+	122	210746342	9305
chr2	226580562	226780562	harbor2	chr2	226610998	226611231	DNA/hAT-Charlie	580	+	116	226611114	30552
chr2	226580562	226780562	harbor2	chr2	226628766	226628945	DNA/hAT-Charlie	852	+	90	226628856	48294
chr2	226580562	226780562	harbor2	chr2	226634378	226634568	DNA/hAT-Charlie	1024	+	95	226634473	53911
chr2	226580562	226780562	harbor2	chr2	226660546	226660702	DNA/hAT-Charlie	684	+	78	226660624	80062
chr2	239957143	240157143	harbor2	chr2	239967302	239967516	DNA/hAT-Charlie	687	+	107	239967409	10266
chr2	239957143	240157143	harbor2	chr2	239994186	239994700	DNA/hAT-Charlie	3448	+	257	239994443	37300
chr2	239957143	240157143	harbor2	chr2	239996710	239996920	DNA/hAT-Charlie	1422	+	105	239996815	39672
chr2	239957143	240157143	harbor2	chr2	239959967	239960113	DNA/hAT-Charlie	687	+	73	239960040	2897
chr2	223784150	223984150	harbor2	chr2	223829264	223829345	DNA/hAT-Charlie	1028	+	40	223829304	45154
chr2	223784150	223984150	harbor2	chr2	223829857	223830006	DNA/hAT-Charlie	1028	+	74	223829931	45781
chr2	165142667	165342667	harbor2	chr2	165160245	165160443	DNA/hAT-Charlie	1328	+	99	165160344	17677
chr2	165142667	165342667	harbor2	chr2	165171452	165171605	DNA/hAT-Charlie	419	+	76	165171528	28861
chr2	165142667	165342667	harbor2	chr2	165174915	165175062	DNA/hAT-Charlie	555	+	74	165174989	32322
chr2	185544649	185744649	harbor2	chr2	185550236	185550714	DNA/hAT-Charlie	1344	+	239	185550475	5826
chr2	185544649	185744649	harbor2	chr2	185602735	185603067	DNA/hAT-Charlie	1650	+	166	185602901	58252
chr2	241398629	241598629	harbor2	chr2	241475337	241475720	DNA/hAT-Charlie	2163	+	192	241475529	76900
chr2	242054892	242254892	harbor2	chr2	242104204	242104559	DNA/hAT-Charlie	2095	+	178	242104382	49490
chr2	232235480	232435480	harbor2	chr2	232238878	232238993	DNA/hAT-Charlie	453	+	58	232238936	3456
chr2	232235480	232435480	harbor2	chr2	232262461	232262667	DNA/hAT-Charlie	1061	+	103	232262564	27084
chr2	105815027	106015027	harbor2	chr2	105902678	105902946	DNA/hAT-Charlie	1985	+	134	105902812	87785
chr2	105815027	106015027	harbor2	chr2	105902981	105903032	DNA/hAT-Charlie	1985	+	26	105903007	87980
chr2	105140289	105340289	harbor2	chr2	105148267	105148450	DNA/hAT-Charlie	910	+	92	105148359	8070
chr2	105140289	105340289	harbor2	chr2	105154430	105154617	DNA/hAT-Charlie	470	+	94	105154524	14235
chr2	44174058	44374058	harbor2	chr2	44184713	44185095	DNA/hAT-Charlie	1017	+	191	44184904	10846
chr2	44174058	44374058	harbor2	chr2	44199497	44199703	DNA/hAT-Charlie	657	+	103	44199600	25542
chr2	44174058	44374058	harbor2	chr2	44216250	44216413	DNA/hAT-Charlie	806	+	82	44216332	42274
chr2	44174058	44374058	harbor2	chr2	44226497	44226659	DNA/hAT-Charlie	514	+	81	44226578	52520
chr2	51098790	51298790	harbor2	chr2	51129873	51130049	DNA/hAT-Charlie	701	+	88	51129961	31171
chr2	51098790	51298790	harbor2	chr2	51174681	51175216	DNA/hAT-Charlie	3350	+	268	51174949	76159
chr2	157785407	157985407	harbor2	chr2	157792618	157792876	DNA/hAT-Charlie	556	+	129	157792747	7340
chr2	157785407	157985407	harbor2	chr2	157797711	157797782	DNA/hAT-Charlie	1135	+	36	157797747	12340
chr2	157785407	157985407	harbor2	chr2	157798102	157798542	DNA/hAT-Charlie	1135	+	220	157798322	12915
chr2	157785407	157985407	harbor2	chr2	157798828	157798891	DNA/hAT-Charlie	1135	+	32	157798860	13453
chr2	157785407	157985407	harbor2	chr2	157799196	157799354	DNA/hAT-Charlie	1135	+	79	157799275	13868
chr2	157785407	157985407	harbor2	chr2	157801319	157801681	DNA/hAT-Charlie	584	+	181	157801500	16093
chr2	157785407	157985407	harbor2	chr2	157822670	157822869	DNA/hAT-Charlie	926	+	100	157822770	37363
chr2	157785407	157985407	harbor2	chr2	157825406	157825727	DNA/hAT-Charlie	1727	+	160	157825566	40159
chr2	157785407	157985407	harbor2	chr2	157859970	157860126	DNA/hAT-Charlie	500	+	78	157860048	74641
chr2	157785407	157985407	harbor2	chr2	157872986	157873196	DNA/hAT-Charlie	527	+	105	157873091	87684
chr2	157785407	157985407	harbor2	chr2	157880221	157880433	DNA/hAT-Charlie	478	+	106	157880327	94920
chr2	228036581	228236581	harbor2	chr2	228062528	228063143	DNA/hAT-Charlie	3288	+	308	228062836	26255
chr2	228036581	228236581	harbor2	chr2	228063250	228064623	DNA/hAT-Charlie	3288	+	686	228063936	27355
chr2	228036581	228236581	harbor2	chr2	228110535	228110892	DNA/hAT-Charlie	1601	+	178	228110713	74132
chr2	228036581	228236581	harbor2	chr2	228110959	228111095	DNA/hAT-Charlie	447	+	68	228111027	74446
chr2	222285873	222485873	harbor2	chr2	222313358	222313540	DNA/hAT-Charlie	553	+	91	222313449	27576
chr2	222830527	223030527	harbor2	chr2	222845689	222845928	DNA/hAT-Charlie	1287	+	120	222845809	15282
chr2	222830527	223030527	harbor2	chr2	222846054	222846130	DNA/hAT-Charlie	1287	+	38	222846092	15565
chr2	152681588	152881588	harbor2	chr2	152682838	152683140	DNA/hAT-Charlie	1916	+	151	152682989	1401
chr2	152681588	152881588	harbor2	chr2	152699165	152699383	DNA/hAT-Charlie	1361	+	109	152699274	17686
chr2	152681588	152881588	harbor2	chr2	152766267	152766501	DNA/hAT-Charlie	811	+	117	152766384	84796
chr2	152681588	152881588	harbor2	chr2	152776730	152776899	DNA/hAT-Charlie	716	+	84	152776814	95226
chr2	157980377	158180377	harbor2	chr2	158039633	158039791	DNA/hAT-Charlie	624	+	79	158039712	59335
chr2	157980377	158180377	harbor2	chr2	158061978	158062151	DNA/hAT-Charlie	738	+	86	158062064	81687
chr2	157980377	158180377	harbor2	chr2	158062156	158062359	DNA/hAT-Charlie	976	+	102	158062258	81881
chr2	193976037	194176037	harbor2	chr2	194060004	194060071	DNA/hAT-Charlie	1659	+	34	194060038	84001
chr2	193976037	194176037	harbor2	chr2	194060694	194061238	DNA/hAT-Charlie	1659	+	272	194060966	84929
chr2	104548284	104748284	harbor2	chr2	104560505	104560725	DNA/hAT-Charlie	919	+	110	104560615	12331
chr2	104548284	104748284	harbor2	chr2	104567046	104567145	DNA/hAT-Charlie	473	+	50	104567096	18812
chr2	97552791	97752791	harbor2	chr2	97554887	97554997	DNA/hAT-Charlie	429	+	55	97554942	2151
chr2	97552791	97752791	harbor2	chr2	97556748	97556849	DNA/hAT-Charlie	432	+	50	97556798	4007
chr2	97552791	97752791	harbor2	chr2	97643696	97643872	DNA/hAT-Charlie	616	+	88	97643784	90993
chr2	97552791	97752791	harbor2	chr2	97644358	97644620	DNA/hAT-Charlie	635	+	131	97644489	91698
chr2	97552791	97752791	harbor2	chr2	97650544	97650708	DNA/hAT-Charlie	789	+	82	97650626	97835
chr2	59195522	59395522	harbor2	chr2	59200553	59200761	DNA/hAT-Charlie	579	+	104	59200657	5135
chr2	59195522	59395522	harbor2	chr2	59204704	59204851	DNA/hAT-Charlie	435	+	74	59204778	9256
chr2	59195522	59395522	harbor2	chr2	59204880	59205046	DNA/hAT-Charlie	433	+	83	59204963	9441
chr2	59195522	59395522	harbor2	chr2	59212625	59212769	DNA/hAT-Charlie	848	+	72	59212697	17175
chr2	59195522	59395522	harbor2	chr2	59258484	59258820	DNA/hAT-Charlie	1626	+	168	59258652	63130
chr2	175156201	175356201	harbor2	chr2	175207690	175207852	DNA/hAT-Charlie	515	+	81	175207771	51570
chr2	175156201	175356201	harbor2	chr2	175228701	175228800	DNA/hAT-Charlie	584	+	50	175228751	72550
chr2	175156201	175356201	harbor2	chr2	175229353	175229423	DNA/hAT-Charlie	425	+	35	175229388	73187
chr2	175156201	175356201	harbor2	chr2	175246480	175246719	DNA/hAT-Charlie	513	+	120	175246600	90399
chr2	175156201	175356201	harbor2	chr2	175254634	175254798	DNA/hAT-Charlie	1315	+	82	175254716	98515
chr2	175156201	175356201	harbor2	chr2	175255097	175255261	DNA/hAT-Charlie	1315	+	82	175255179	98978
chr2	203944036	204144036	harbor2	chr2	204006028	204006236	DNA/hAT-Charlie	913	+	104	204006132	62096
chr2	230087964	230287964	harbor2	chr2	230149199	230149271	DNA/hAT-Charlie	1489	+	36	230149235	61271
chr2	230087964	230287964	harbor2	chr2	230149580	230149830	DNA/hAT-Charlie	1489	+	125	230149705	61741
chr2	230087964	230287964	harbor2	chr2	230182794	230182993	DNA/hAT-Charlie	567	+	100	230182894	94930
chr2	230087964	230287964	harbor2	chr2	230184341	230184552	DNA/hAT-Charlie	1121	+	106	230184447	96483
chr2	230087964	230287964	harbor2	chr2	230184869	230185055	DNA/hAT-Charlie	963	+	93	230184962	96998
chr2	161814416	162014416	harbor2	chr2	161815040	161815166	DNA/hAT-Charlie	437	+	63	161815103	687
chr2	161814416	162014416	harbor2	chr2	161815549	161815575	DNA/hAT-Charlie	437	+	13	161815562	1146
chr2	161814416	162014416	harbor2	chr2	161860821	161861147	DNA/hAT-Charlie	1551	+	163	161860984	46568
chr2	161814416	162014416	harbor2	chr2	161898162	161898346	DNA/hAT-Charlie	765	+	92	161898254	83838
chr2	230019281	230219281	harbor2	chr2	230019888	230020052	DNA/hAT-Charlie	665	+	82	230019970	689
chr2	230019281	230219281	harbor2	chr2	230024731	230024849	DNA/hAT-Charlie	3731	+	59	230024790	5509
chr2	230019281	230219281	harbor2	chr2	230025159	230025431	DNA/hAT-Charlie	3731	+	136	230025295	6014
chr2	230019281	230219281	harbor2	chr2	230025639	230025765	DNA/hAT-Charlie	3731	+	63	230025702	6421
chr2	230019281	230219281	harbor2	chr2	230026069	230026639	DNA/hAT-Charlie	3731	+	285	230026354	7073
chr2	230019281	230219281	harbor2	chr2	230026844	230027022	DNA/hAT-Charlie	910	+	89	230026933	7652
chr2	230019281	230219281	harbor2	chr2	230027683	230028073	DNA/hAT-Charlie	1297	+	195	230027878	8597
chr2	230019281	230219281	harbor2	chr2	230028631	230028909	DNA/hAT-Charlie	1297	+	139	230028770	9489
chr2	230019281	230219281	harbor2	chr2	230028917	230028994	DNA/hAT-Charlie	987	+	38	230028955	9674
chr2	230019281	230219281	harbor2	chr2	230029285	230029426	DNA/hAT-Charlie	987	+	70	230029355	10074
chr2	230019281	230219281	harbor2	chr2	230029724	230029818	DNA/hAT-Charlie	987	+	47	230029771	10490
chr2	230019281	230219281	harbor2	chr2	230050162	230050475	DNA/hAT-Charlie	507	+	156	230050318	31037
chr2	230019281	230219281	harbor2	chr2	230079608	230079790	DNA/hAT-Charlie	461	+	91	230079699	60418
chr2	230019281	230219281	harbor2	chr2	230080161	230080256	DNA/hAT-Charlie	475	+	48	230080209	60928
chr2	230019281	230219281	harbor2	chr2	230085811	230086022	DNA/hAT-Charlie	711	+	106	230085917	66636
chr2	190193282	190393282	harbor2	chr2	190196705	190196848	DNA/hAT-Charlie	566	+	72	190196777	3495
chr2	190193282	190393282	harbor2	chr2	190254814	190255022	DNA/hAT-Charlie	1104	+	104	190254918	61636
chr2	190193282	190393282	harbor2	chr2	190278094	190278211	DNA/hAT-Charlie	562	+	58	190278152	84870
chr2	190193282	190393282	harbor2	chr2	190278504	190278564	DNA/hAT-Charlie	562	+	30	190278534	85252
chr2	103518357	103718357	harbor2	chr2	103615707	103615814	DNA/hAT-Charlie	582	+	54	103615761	97404
chr2	202602746	202802746	harbor2	chr2	202621640	202621692	DNA/hAT-Charlie	648	+	26	202621666	18920
chr2	202602746	202802746	harbor2	chr2	202621987	202622047	DNA/hAT-Charlie	648	+	30	202622017	19271
chr2	202602746	202802746	harbor2	chr2	202622366	202622426	DNA/hAT-Charlie	648	+	30	202622396	19650
chr2	202602746	202802746	harbor2	chr2	202622735	202622849	DNA/hAT-Charlie	648	+	57	202622792	20046
chr2	202602746	202802746	harbor2	chr2	202623663	202623728	DNA/hAT-Charlie	824	+	32	202623695	20949
chr2	202602746	202802746	harbor2	chr2	202624042	202624210	DNA/hAT-Charlie	824	+	84	202624126	21380
chr2	206576457	206776457	harbor2	chr2	206590714	206590937	DNA/hAT-Charlie	454	+	112	206590826	14369
chr2	206576457	206776457	harbor2	chr2	206663837	206664374	DNA/hAT-Charlie	3838	+	268	206664105	87648
chr2	206576457	206776457	harbor2	chr2	206664665	206665365	DNA/hAT-Charlie	3838	+	350	206665015	88558
chr2	88717162	88917162	harbor2	chr2	88726277	88726479	DNA/hAT-Charlie	1347	+	101	88726378	9216
chr2	196066688	196266688	harbor2	chr2	196077153	196077364	DNA/hAT-Charlie	1259	+	106	196077259	10571
chr2	196066688	196266688	harbor2	chr2	196122262	196122424	DNA/hAT-Charlie	774	+	81	196122343	55655
chr2	196066688	196266688	harbor2	chr2	196134271	196134571	DNA/hAT-Charlie	1443	+	150	196134421	67733
chr2	196066688	196266688	harbor2	chr2	196148133	196148636	DNA/hAT-Charlie	719	+	252	196148385	81697
chr2	235327843	235527843	harbor2	chr2	235354820	235355011	DNA/hAT-Charlie	807	+	96	235354916	27073
chr2	235327843	235527843	harbor2	chr2	235373647	235373760	DNA/hAT-Charlie	678	+	56	235373703	45860
chr2	235327843	235527843	harbor2	chr2	235381373	235381503	DNA/hAT-Charlie	417	+	65	235381438	53595
chr2	168187282	168387282	harbor2	chr2	168234220	168234425	DNA/hAT-Charlie	941	+	102	168234322	47040
chr2	241415096	241615096	harbor2	chr2	241475337	241475720	DNA/hAT-Charlie	2163	+	192	241475529	60433
chr2	180370491	180570491	harbor2	chr2	180371544	180371810	DNA/hAT-Charlie	537	+	133	180371677	1186
chr2	180370491	180570491	harbor2	chr2	180453702	180453877	DNA/hAT-Charlie	909	+	88	180453790	83299
chr2	180370491	180570491	harbor2	chr2	180455068	180455258	DNA/hAT-Charlie	452	+	95	180455163	84672
chr2	133096679	133296679	harbor2	chr2	133099803	133099990	DNA/hAT-Charlie	553	+	94	133099897	3218
chr2	133096679	133296679	harbor2	chr2	133160928	133161274	DNA/hAT-Charlie	2216	+	173	133161101	64422
chr2	133096679	133296679	harbor2	chr2	133164993	133165220	DNA/hAT-Charlie	893	+	114	133165107	68428
chr2	75235873	75435873	harbor2	chr2	75245551	75245754	DNA/hAT-Charlie	769	+	102	75245653	9780
chr2	75235873	75435873	harbor2	chr2	75268282	75268433	DNA/hAT-Charlie	678	+	76	75268358	32485
chr2	75235873	75435873	harbor2	chr2	75286560	75286774	DNA/hAT-Charlie	1165	+	107	75286667	50794
chr2	75235873	75435873	harbor2	chr2	75334526	75334681	DNA/hAT-Charlie	675	+	78	75334604	98731
chr2	227430707	227630707	harbor2	chr2	227471526	227471719	DNA/hAT-Charlie	577	+	96	227471622	40915
chr2	227430707	227630707	harbor2	chr2	227486790	227487010	DNA/hAT-Charlie	1299	+	110	227486900	56193
chr2	227430707	227630707	harbor2	chr2	227507101	227507342	DNA/hAT-Charlie	970	+	120	227507221	76514
chr2	227430707	227630707	harbor2	chr2	227507627	227507743	DNA/hAT-Charlie	970	+	58	227507685	76978
chr2	214070347	214270347	harbor2	chr2	214094258	214094349	DNA/hAT-Charlie	505	+	46	214094304	23957
chr2	214070347	214270347	harbor2	chr2	214151866	214152330	DNA/hAT-Charlie	818	+	232	214152098	81751
chr2	214070347	214270347	harbor2	chr2	214155335	214155509	DNA/hAT-Charlie	877	+	87	214155422	85075
chr2	168000046	168200046	harbor2	chr2	168079569	168079737	DNA/hAT-Charlie	714	+	84	168079653	79607
chr2	189621028	189821028	harbor2	chr2	189633484	189633630	DNA/hAT-Charlie	1203	+	73	189633557	12529
chr2	189621028	189821028	harbor2	chr2	189633631	189634143	DNA/hAT-Charlie	3352	+	256	189633887	12859
chr2	189621028	189821028	harbor2	chr2	189634144	189634222	DNA/hAT-Charlie	1203	+	39	189634183	13155
chr2	189621028	189821028	harbor2	chr2	189643430	189643722	DNA/hAT-Charlie	1253	+	146	189643576	22548
chr2	189621028	189821028	harbor2	chr2	189654782	189655214	DNA/hAT-Charlie	1760	+	216	189654998	33970
chr2	189621028	189821028	harbor2	chr2	189675037	189675214	DNA/hAT-Charlie	780	+	88	189675125	54097
chr2	126761804	126961804	harbor2	chr2	126790549	126790800	DNA/hAT-Charlie	832	+	126	126790675	28871
chr2	126761804	126961804	harbor2	chr2	126791102	126791185	DNA/hAT-Charlie	832	+	42	126791144	29340
chr2	139749468	139949468	harbor2	chr2	139787118	139787320	DNA/hAT-Charlie	1023	+	101	139787219	37751
chr2	139749468	139949468	harbor2	chr2	139808460	139808639	DNA/hAT-Charlie	489	+	90	139808550	59082
chr2	139749468	139949468	harbor2	chr2	139817491	139817682	DNA/hAT-Charlie	1452	+	96	139817587	68119
chr2	139749468	139949468	harbor2	chr2	139817985	139818117	DNA/hAT-Charlie	1452	+	66	139818051	68583
chr2	139749468	139949468	harbor2	chr2	139825817	139825980	DNA/hAT-Charlie	545	+	82	139825899	76431
chr2	231714500	231914500	harbor2	chr2	231746011	231746125	DNA/hAT-Charlie	1036	+	57	231746068	31568
chr2	231714500	231914500	harbor2	chr2	231746443	231746522	DNA/hAT-Charlie	1036	+	40	231746483	31983
chr2	231714500	231914500	harbor2	chr2	231758500	231758669	DNA/hAT-Charlie	916	+	84	231758584	44084
chr2	231714500	231914500	harbor2	chr2	231763464	231763628	DNA/hAT-Charlie	593	+	82	231763546	49046
chr2	231714500	231914500	harbor2	chr2	231763938	231764050	DNA/hAT-Charlie	593	+	56	231763994	49494
chr2	231714500	231914500	harbor2	chr2	231811649	231811991	DNA/hAT-Charlie	704	+	171	231811820	97320
chr2	215062130	215262130	harbor2	chr2	215068106	215068290	DNA/hAT-Charlie	1163	+	92	215068198	6068
chr2	215062130	215262130	harbor2	chr2	215113663	215113981	DNA/hAT-Charlie	1934	+	159	215113822	51692
chr2	215062130	215262130	harbor2	chr2	215114273	215114410	DNA/hAT-Charlie	1934	+	68	215114341	52211
chr2	195308671	195508671	harbor2	chr2	195392933	195393121	DNA/hAT-Charlie	576	+	94	195393027	84356
chr2	134986039	135186039	harbor2	chr2	134999613	134999799	DNA/hAT-Charlie	968	+	93	134999706	13667
chr2	134986039	135186039	harbor2	chr2	135065333	135065628	DNA/hAT-Charlie	1076	+	148	135065481	79442
chr2	134986039	135186039	harbor2	chr2	135065736	135065767	DNA/hAT-Charlie	1076	+	16	135065752	79713
chr2	134986039	135186039	harbor2	chr2	135066073	135066125	DNA/hAT-Charlie	1076	+	26	135066099	80060
chr2	134986039	135186039	harbor2	chr2	135070814	135070939	DNA/hAT-Charlie	564	+	62	135070876	84837
chr2	30538778	30738778	harbor2	chr2	30556646	30556742	DNA/hAT-Charlie	617	+	48	30556694	17916
chr2	30538778	30738778	harbor2	chr2	30557044	30557169	DNA/hAT-Charlie	617	+	62	30557106	18328
chr2	232958026	233158026	harbor2	chr2	232971972	232972079	DNA/hAT-Charlie	549	+	54	232972026	14000
chr2	232958026	233158026	harbor2	chr2	232972093	232972481	DNA/hAT-Charlie	1932	+	194	232972287	14261
chr2	232958026	233158026	harbor2	chr2	233002174	233002395	DNA/hAT-Charlie	465	+	110	233002284	44258
chr2	232958026	233158026	harbor2	chr2	233042980	233043104	DNA/hAT-Charlie	583	+	62	233043042	85016
chr2	224376401	224576401	harbor2	chr2	224389852	224390072	DNA/hAT-Charlie	1205	+	110	224389962	13561
chr2	224376401	224576401	harbor2	chr2	224475928	224476011	DNA/hAT-Charlie	558	+	42	224475970	99569
chr2	224376401	224576401	harbor2	chr2	224476310	224476355	DNA/hAT-Charlie	558	+	22	224476332	99931
chr2	80662229	80862229	harbor2	chr2	80672431	80672598	DNA/hAT-Charlie	726	+	84	80672515	10286
chr2	240955978	241155978	harbor2	chr2	240992522	240992684	DNA/hAT-Charlie	420	+	81	240992603	36625
chr2	240955978	241155978	harbor2	chr2	241020024	241020203	DNA/hAT-Charlie	893	+	90	241020114	64136
chr2	240955978	241155978	harbor2	chr2	241025046	241025371	DNA/hAT-Charlie	2137	+	162	241025208	69230
chr2	240955978	241155978	harbor2	chr2	241038212	241038518	DNA/hAT-Charlie	541	+	153	241038365	82387
chr2	240955978	241155978	harbor2	chr2	241041053	241041402	DNA/hAT-Charlie	468	+	174	241041227	85249
chr2	240955978	241155978	harbor2	chr2	241041719	241041837	DNA/hAT-Charlie	468	+	59	241041778	85800
chr2	206379093	206579093	harbor2	chr2	206428954	206429248	DNA/hAT-Charlie	827	+	147	206429101	50008
chr2	206379093	206579093	harbor2	chr2	206430992	206431149	DNA/hAT-Charlie	685	+	78	206431070	51977
chr2	206379093	206579093	harbor2	chr2	206431155	206431387	DNA/hAT-Charlie	656	+	116	206431271	52178
chr2	206379093	206579093	harbor2	chr2	206439750	206439841	DNA/hAT-Charlie	542	+	46	206439796	60703
chr2	206379093	206579093	harbor2	chr2	206464716	206464904	DNA/hAT-Charlie	1128	+	94	206464810	85717
chr2	206379093	206579093	harbor2	chr2	206476358	206476695	DNA/hAT-Charlie	2490	+	168	206476526	97433
chr2	180930014	181130014	harbor2	chr2	180933410	180933537	DNA/hAT-Charlie	469	+	64	180933474	3460
chr2	180930014	181130014	harbor2	chr2	180985270	180985579	DNA/hAT-Charlie	1197	+	154	180985424	55410
chr2	180930014	181130014	harbor2	chr2	180987806	180987965	DNA/hAT-Charlie	435	+	80	180987886	57872
chr2	180930014	181130014	harbor2	chr2	180990131	180990369	DNA/hAT-Charlie	937	+	119	180990250	60236
chr2	180930014	181130014	harbor2	chr2	180991537	180991768	DNA/hAT-Charlie	1328	+	116	180991653	61639
chr2	180930014	181130014	harbor2	chr2	181007752	181007899	DNA/hAT-Charlie	481	+	74	181007826	77812
chr2	238203283	238403283	harbor2	chr2	238253780	238254106	DNA/hAT-Charlie	627	+	163	238253943	50660
chr2	238203283	238403283	harbor2	chr2	238274790	238275113	DNA/hAT-Charlie	565	+	162	238274952	71669
chr2	238203283	238403283	harbor2	chr2	238298581	238298676	DNA/hAT-Charlie	525	+	48	238298629	95346
chr2	238977811	239177811	harbor2	chr2	239009896	239010536	DNA/hAT-Charlie	2261	+	320	239010216	32405
chr2	238977811	239177811	harbor2	chr2	239010842	239010884	DNA/hAT-Charlie	2261	+	21	239010863	33052
chr2	238977811	239177811	harbor2	chr2	239022067	239022158	DNA/hAT-Charlie	418	+	46	239022113	44302
chr2	238977811	239177811	harbor2	chr2	239029213	239029401	DNA/hAT-Charlie	585	+	94	239029307	51496
chr2	239663856	239863856	harbor2	chr2	239672006	239672381	DNA/hAT-Charlie	4032	+	188	239672194	8338
chr2	239663856	239863856	harbor2	chr2	239672681	239673687	DNA/hAT-Charlie	4032	+	503	239673184	9328
chr2	124783512	124983512	harbor2	chr2	124810754	124810971	DNA/hAT-Charlie	573	+	108	124810862	27350
chr2	124783512	124983512	harbor2	chr2	124821712	124821892	DNA/hAT-Charlie	771	+	90	124821802	38290
chr2	124783512	124983512	harbor2	chr2	124826561	124826731	DNA/hAT-Charlie	541	+	85	124826646	43134
chr2	124783512	124983512	harbor2	chr2	124865586	124865663	DNA/hAT-Charlie	422	+	38	124865624	82112
chr2	124783512	124983512	harbor2	chr2	124865971	124865981	DNA/hAT-Charlie	422	+	5	124865976	82464
chr2	124783512	124983512	harbor2	chr2	124866286	124866386	DNA/hAT-Charlie	422	+	50	124866336	82824
chr2	142012740	142212740	harbor2	chr2	142058444	142058662	DNA/hAT-Charlie	1319	+	109	142058553	45813
chr2	142012740	142212740	harbor2	chr2	142071386	142071727	DNA/hAT-Charlie	1108	+	170	142071556	58816
chr2	142012740	142212740	harbor2	chr2	142072487	142072704	DNA/hAT-Charlie	1385	+	108	142072595	59855
chr2	229326559	229526559	harbor2	chr2	229337705	229337904	DNA/hAT-Charlie	485	+	100	229337805	11246
chr2	229326559	229526559	harbor2	chr2	229338151	229338309	DNA/hAT-Charlie	594	+	79	229338230	11671
chr2	229326559	229526559	harbor2	chr2	229346549	229346761	DNA/hAT-Charlie	1263	+	106	229346655	20096
chr2	229326559	229526559	harbor2	chr2	229361399	229361569	DNA/hAT-Charlie	824	+	85	229361484	34925
chr2	229326559	229526559	harbor2	chr2	229403296	229403526	DNA/hAT-Charlie	553	+	115	229403411	76852
chr2	229326559	229526559	harbor2	chr2	229419813	229420045	DNA/hAT-Charlie	1016	+	116	229419929	93370
chr2	229326559	229526559	harbor2	chr2	229420054	229420275	DNA/hAT-Charlie	1261	+	110	229420164	93605
chr2	229326559	229526559	harbor2	chr2	229423030	229423333	DNA/hAT-Charlie	859	+	152	229423182	96623
chr2	229326559	229526559	harbor2	chr2	229423632	229423686	DNA/hAT-Charlie	859	+	27	229423659	97100
chr2	47234697	47434697	harbor2	chr2	47238530	47238668	DNA/hAT-Charlie	482	+	69	47238599	3902
chr2	47234697	47434697	harbor2	chr2	47252936	47253005	DNA/hAT-Charlie	466	+	34	47252970	18273
chr2	47234697	47434697	harbor2	chr2	47253304	47253355	DNA/hAT-Charlie	466	+	26	47253330	18633
chr2	47234697	47434697	harbor2	chr2	47325760	47326014	DNA/hAT-Charlie	820	+	127	47325887	91190
chr2	154370036	154570036	harbor2	chr2	154391353	154391476	DNA/hAT-Charlie	493	+	62	154391415	21379
chr2	154370036	154570036	harbor2	chr2	154394185	154394366	DNA/hAT-Charlie	698	+	90	154394275	24239
chr2	154370036	154570036	harbor2	chr2	154440980	154441134	DNA/hAT-Charlie	627	+	77	154441057	71021
chr2	154370036	154570036	harbor2	chr2	154468326	154468540	DNA/hAT-Charlie	436	+	107	154468433	98397
chr2	178129470	178329470	harbor2	chr2	178152139	178152352	DNA/hAT-Charlie	1213	+	106	178152245	22775
chr2	178129470	178329470	harbor2	chr2	178181646	178181856	DNA/hAT-Charlie	1155	+	105	178181751	52281
chr2	223873712	224073712	harbor2	chr2	223902965	223903191	DNA/hAT-Charlie	596	+	113	223903078	29366
chr2	223873712	224073712	harbor2	chr2	223914498	223914619	DNA/hAT-Charlie	564	+	60	223914558	40846
chr2	223873712	224073712	harbor2	chr2	223939101	223939289	DNA/hAT-Charlie	1076	+	94	223939195	65483
chr2	223873712	224073712	harbor2	chr2	223946506	223946786	DNA/hAT-Charlie	1152	+	140	223946646	72934
chr2	223873712	224073712	harbor2	chr2	223961423	223961597	DNA/hAT-Charlie	673	+	87	223961510	87798
chr2	227299710	227499710	harbor2	chr2	227313833	227314015	DNA/hAT-Charlie	938	+	91	227313924	14214
chr2	227299710	227499710	harbor2	chr2	227373521	227373640	DNA/hAT-Charlie	595	+	60	227373581	73871
chr2	227299710	227499710	harbor2	chr2	227398875	227398993	DNA/hAT-Charlie	470	+	59	227398934	99224
chr2	169791976	169991976	harbor2	chr2	169822402	169822557	DNA/hAT-Charlie	440	+	78	169822480	30504
chr2	169791976	169991976	harbor2	chr2	169852368	169852549	DNA/hAT-Charlie	779	+	90	169852458	60482
chr2	44089780	44289780	harbor2	chr2	44094686	44094920	DNA/hAT-Charlie	989	+	117	44094803	5023
chr2	44089780	44289780	harbor2	chr2	44142310	44142524	DNA/hAT-Charlie	1015	+	107	44142417	52637
chr2	44089780	44289780	harbor2	chr2	44184713	44185095	DNA/hAT-Charlie	1017	+	191	44184904	95124
chr2	206423268	206623268	harbor2	chr2	206428954	206429248	DNA/hAT-Charlie	827	+	147	206429101	5833
chr2	206423268	206623268	harbor2	chr2	206430992	206431149	DNA/hAT-Charlie	685	+	78	206431070	7802
chr2	206423268	206623268	harbor2	chr2	206431155	206431387	DNA/hAT-Charlie	656	+	116	206431271	8003
chr2	206423268	206623268	harbor2	chr2	206439750	206439841	DNA/hAT-Charlie	542	+	46	206439796	16528
chr2	206423268	206623268	harbor2	chr2	206464716	206464904	DNA/hAT-Charlie	1128	+	94	206464810	41542
chr2	206423268	206623268	harbor2	chr2	206476358	206476695	DNA/hAT-Charlie	2490	+	168	206476526	53258
chr2	153479060	153679060	harbor2	chr2	153484617	153484792	DNA/hAT-Charlie	603	+	88	153484705	5645
chr2	153479060	153679060	harbor2	chr2	153525433	153525723	DNA/hAT-Charlie	1420	+	145	153525578	46518
chr2	141491650	141691650	harbor2	chr2	141522069	141522247	DNA/hAT-Charlie	832	+	89	141522158	30508
chr2	141491650	141691650	harbor2	chr2	141524453	141524674	DNA/hAT-Charlie	1315	+	110	141524563	32913
chr2	141491650	141691650	harbor2	chr2	141554802	141554954	DNA/hAT-Charlie	700	+	76	141554878	63228
chr2	160773273	160973273	harbor2	chr2	160775830	160776173	DNA/hAT-Charlie	934	+	172	160776002	2729
chr2	225368080	225568080	harbor2	chr2	225372496	225372709	DNA/hAT-Charlie	985	+	106	225372602	4522
chr2	225368080	225568080	harbor2	chr2	225377784	225378198	DNA/hAT-Charlie	1495	+	207	225377991	9911
chr2	225368080	225568080	harbor2	chr2	225454561	225454847	DNA/hAT-Charlie	1869	+	143	225454704	86624
chr2	234594479	234794479	harbor2	chr2	234657252	234657485	DNA/hAT-Charlie	1554	+	116	234657368	62889
chr2	234594479	234794479	harbor2	chr2	234672878	234673064	DNA/hAT-Charlie	862	+	93	234672971	78492
chr2	234594479	234794479	harbor2	chr2	234677624	234677871	DNA/hAT-Charlie	632	+	124	234677748	83269
chr2	234594479	234794479	harbor2	chr2	234678261	234678744	DNA/hAT-Charlie	3417	+	242	234678503	84024
chr2	42626650	42826650	harbor2	chr2	42633987	42634201	DNA/hAT-Charlie	1105	+	107	42634094	7444
chr2	102468938	102668938	harbor2	chr2	102524387	102524556	DNA/hAT-Charlie	551	+	84	102524471	55533
chr2	102468938	102668938	harbor2	chr2	102524593	102524657	DNA/hAT-Charlie	551	+	32	102524625	55687
chr2	231248904	231448904	harbor2	chr2	231282213	231282355	DNA/hAT-Charlie	603	+	71	231282284	33380
chr2	197408396	197608396	harbor2	chr2	197472284	197472486	DNA/hAT-Charlie	1622	+	101	197472385	63989
chr2	197408396	197608396	harbor2	chr2	197502161	197502353	DNA/hAT-Charlie	1111	+	96	197502257	93861
chr2	197408396	197608396	harbor2	chr2	197503974	197504082	DNA/hAT-Charlie	682	+	54	197504028	95632
chr2	197408396	197608396	harbor2	chr2	197504396	197504448	DNA/hAT-Charlie	682	+	26	197504422	96026
chr3	33635352	33835352	harbor2	chr3	33647302	33647476	DNA/hAT-Charlie	919	+	87	33647389	12037
chr3	33635352	33835352	harbor2	chr3	33686290	33686606	DNA/hAT-Charlie	1834	+	158	33686448	51096
chr3	33635352	33835352	harbor2	chr3	33696012	33696282	DNA/hAT-Charlie	795	+	135	33696147	60795
chr3	33635352	33835352	harbor2	chr3	33713047	33713338	DNA/hAT-Charlie	766	+	146	33713193	77841
chr3	180017578	180217578	harbor2	chr3	180039620	180039784	DNA/hAT-Charlie	939	+	82	180039702	22124
chr3	156896875	157096875	harbor2	chr3	156935775	156935916	DNA/hAT-Charlie	589	+	70	156935845	38970
chr3	196354449	196554449	harbor2	chr3	196371181	196371476	DNA/hAT-Charlie	1115	+	148	196371329	16880
chr3	196354449	196554449	harbor2	chr3	196421315	196421472	DNA/hAT-Charlie	731	+	78	196421393	66944
chr3	123706681	123906681	harbor2	chr3	123723815	123724038	DNA/hAT-Charlie	1004	+	112	123723927	17246
chr3	123706681	123906681	harbor2	chr3	123724284	123724395	DNA/hAT-Charlie	641	+	56	123724340	17659
chr3	123706681	123906681	harbor2	chr3	123736174	123736303	DNA/hAT-Charlie	408	+	64	123736238	29557
chr3	123706681	123906681	harbor2	chr3	123747462	123747527	DNA/hAT-Charlie	419	+	32	123747494	40813
chr3	123706681	123906681	harbor2	chr3	123747566	123747708	DNA/hAT-Charlie	781	+	71	123747637	40956
chr3	123706681	123906681	harbor2	chr3	123748478	123748736	DNA/hAT-Charlie	1247	+	129	123748607	41926
chr3	123706681	123906681	harbor2	chr3	123753078	123753375	DNA/hAT-Charlie	1162	+	148	123753226	46545
chr3	123706681	123906681	harbor2	chr3	123778118	123778312	DNA/hAT-Charlie	404	+	97	123778215	71534
chr3	123706681	123906681	harbor2	chr3	123785699	123785925	DNA/hAT-Charlie	1137	+	113	123785812	79131
chr3	5573316	5773316	harbor2	chr3	5583561	5583874	DNA/hAT-Charlie	993	+	156	5583717	10401
chr3	5573316	5773316	harbor2	chr3	5590596	5590753	DNA/hAT-Charlie	616	+	78	5590674	17358
chr3	5573316	5773316	harbor2	chr3	5610623	5610834	DNA/hAT-Charlie	754	+	106	5610729	37413
chr3	5573316	5773316	harbor2	chr3	5618310	5618513	DNA/hAT-Charlie	809	+	102	5618412	45096
chr3	5573316	5773316	harbor2	chr3	5661449	5661589	DNA/hAT-Charlie	708	+	70	5661519	88203
chr3	171469667	171669667	harbor2	chr3	171478841	171478977	DNA/hAT-Charlie	452	+	68	171478909	9242
chr3	171469667	171669667	harbor2	chr3	171489050	171489136	DNA/hAT-Charlie	482	+	43	171489093	19426
chr3	171469667	171669667	harbor2	chr3	171507260	171507418	DNA/hAT-Charlie	643	+	79	171507339	37672
chr3	171469667	171669667	harbor2	chr3	171513693	171513952	DNA/hAT-Charlie	411	+	130	171513823	44156
chr3	171469667	171669667	harbor2	chr3	171514112	171514372	DNA/hAT-Charlie	644	+	130	171514242	44575
chr3	153893189	154093189	harbor2	chr3	153974050	153974267	DNA/hAT-Charlie	1045	+	108	153974158	80969
chr3	140218809	140418809	harbor2	chr3	140233841	140234060	DNA/hAT-Charlie	1058	+	110	140233951	15142
chr3	140218809	140418809	harbor2	chr3	140243690	140243834	DNA/hAT-Charlie	628	+	72	140243762	24953
chr3	140218809	140418809	harbor2	chr3	140252362	140252484	DNA/hAT-Charlie	657	+	61	140252423	33614
chr3	140218809	140418809	harbor2	chr3	140266878	140267049	DNA/hAT-Charlie	517	+	86	140266964	48155
chr3	140218809	140418809	harbor2	chr3	140280883	140281034	DNA/hAT-Charlie	396	+	76	140280959	62150
chr3	140218809	140418809	harbor2	chr3	140285128	140285299	DNA/hAT-Charlie	556	+	86	140285214	66405
chr3	184292703	184492703	harbor2	chr3	184326172	184326399	DNA/hAT-Charlie	806	+	114	184326286	33583
chr3	139111427	139311427	harbor2	chr3	139112489	139112604	DNA/hAT-Charlie	497	+	58	139112547	1120
chr3	139111427	139311427	harbor2	chr3	139174987	139175120	DNA/hAT-Charlie	554	+	66	139175053	63626
chr3	139111427	139311427	harbor2	chr3	139199532	139199761	DNA/hAT-Charlie	888	+	114	139199646	88219
chr3	192055168	192255168	harbor2	chr3	192127365	192127488	DNA/hAT-Charlie	1151	+	62	192127427	72259
chr3	192055168	192255168	harbor2	chr3	192127797	192127984	DNA/hAT-Charlie	1151	+	94	192127891	72723
chr3	192055168	192255168	harbor2	chr3	192134813	192134920	DNA/hAT-Charlie	459	+	54	192134867	79699
chr3	192055168	192255168	harbor2	chr3	192148836	192148957	DNA/hAT-Charlie	442	+	60	192148896	93728
chr3	147763687	147963687	harbor2	chr3	147802762	147802948	DNA/hAT-Charlie	1009	+	93	147802855	39168
chr3	147763687	147963687	harbor2	chr3	147803519	147803651	DNA/hAT-Charlie	553	+	66	147803585	39898
chr3	147763687	147963687	harbor2	chr3	147804108	147804342	DNA/hAT-Charlie	822	+	117	147804225	40538
chr3	147763687	147963687	harbor2	chr3	147849326	147849773	DNA/hAT-Charlie	709	+	224	147849550	85863
chr3	147763687	147963687	harbor2	chr3	147849793	147850314	DNA/hAT-Charlie	2070	+	260	147850053	86366
chr3	147763687	147963687	harbor2	chr3	147850626	147850952	DNA/hAT-Charlie	2070	+	163	147850789	87102
chr3	135581877	135781877	harbor2	chr3	135582296	135582411	DNA/hAT-Charlie	599	+	58	135582354	477
chr3	135581877	135781877	harbor2	chr3	135594283	135594472	DNA/hAT-Charlie	1015	+	94	135594377	12500
chr3	135581877	135781877	harbor2	chr3	135599071	135599273	DNA/hAT-Charlie	1230	+	101	135599172	17295
chr3	135581877	135781877	harbor2	chr3	135622377	135622696	DNA/hAT-Charlie	1451	+	160	135622537	40660
chr3	135581877	135781877	harbor2	chr3	135636262	135636481	DNA/hAT-Charlie	1335	+	110	135636372	54495
chr3	135581877	135781877	harbor2	chr3	135674310	135674423	DNA/hAT-Charlie	479	+	56	135674366	92489
chr3	183346138	183546138	harbor2	chr3	183368114	183368300	DNA/hAT-Charlie	1102	+	93	183368207	22069
chr3	183346138	183546138	harbor2	chr3	183368314	183368481	DNA/hAT-Charlie	1056	+	84	183368398	22260
chr3	183346138	183546138	harbor2	chr3	183368773	183368826	DNA/hAT-Charlie	1056	+	26	183368799	22661
chr3	183346138	183546138	harbor2	chr3	183380239	183380401	DNA/hAT-Charlie	2087	+	81	183380320	34182
chr3	183346138	183546138	harbor2	chr3	183380702	183381082	DNA/hAT-Charlie	2087	+	190	183380892	34754
chr3	183346138	183546138	harbor2	chr3	183383082	183383202	DNA/hAT-Charlie	437	+	60	183383142	37004
chr3	183346138	183546138	harbor2	chr3	183383602	183383804	DNA/hAT-Charlie	529	+	101	183383703	37565
chr3	183346138	183546138	harbor2	chr3	183384871	183384964	DNA/hAT-Charlie	392	+	46	183384917	38779
chr3	183346138	183546138	harbor2	chr3	183384976	183385284	DNA/hAT-Charlie	1351	+	154	183385130	38992
chr3	174518543	174718543	harbor2	chr3	174527903	174528088	DNA/hAT-Charlie	909	+	92	174527995	9452
chr3	194142880	194342880	harbor2	chr3	194170982	194171238	DNA/hAT-Charlie	475	+	128	194171110	28230
chr3	194360080	194560080	harbor2	chr3	194428357	194428437	DNA/hAT-Charlie	406	+	40	194428397	68317
chr3	194222210	194422210	harbor2	chr3	194259333	194259513	DNA/hAT-Charlie	426	+	90	194259423	37213
chr3	194222210	194422210	harbor2	chr3	194259811	194259868	DNA/hAT-Charlie	426	+	28	194259839	37629
chr3	194222210	194422210	harbor2	chr3	194263577	194263796	DNA/hAT-Charlie	1080	+	110	194263687	41477
chr3	194222210	194422210	harbor2	chr3	194315941	194316095	DNA/hAT-Charlie	645	+	77	194316018	93808
chr3	172082388	172282388	harbor2	chr3	172085205	172085468	DNA/hAT-Charlie	592	+	132	172085337	2949
chr3	172082388	172282388	harbor2	chr3	172099896	172100018	DNA/hAT-Charlie	467	+	61	172099957	17569
chr3	172082388	172282388	harbor2	chr3	172167626	172167961	DNA/hAT-Charlie	2480	+	168	172167794	85406
chr3	172082388	172282388	harbor2	chr3	172180239	172180378	DNA/hAT-Charlie	416	+	70	172180309	97921
chr3	186415162	186615162	harbor2	chr3	186416194	186416444	DNA/hAT-Charlie	700	+	125	186416319	1157
chr3	186415162	186615162	harbor2	chr3	186430168	186430294	DNA/hAT-Charlie	657	+	63	186430231	15069
chr3	186415162	186615162	harbor2	chr3	186430593	186430730	DNA/hAT-Charlie	657	+	68	186430661	15499
chr3	186415162	186615162	harbor2	chr3	186440359	186440534	DNA/hAT-Charlie	884	+	88	186440447	25285
chr3	186415162	186615162	harbor2	chr3	186442539	186442684	DNA/hAT-Charlie	772	+	72	186442611	27449
chr3	186415162	186615162	harbor2	chr3	186443058	186443156	DNA/hAT-Charlie	4485	+	49	186443107	27945
chr3	186415162	186615162	harbor2	chr3	186443440	186444422	DNA/hAT-Charlie	4485	+	491	186443931	28769
chr3	186415162	186615162	harbor2	chr3	186444859	186444959	DNA/hAT-Charlie	397	+	50	186444909	29747
chr3	186415162	186615162	harbor2	chr3	186496058	186496299	DNA/hAT-Charlie	792	+	120	186496178	81016
chr3	178257860	178457860	harbor2	chr3	178289048	178289205	DNA/hAT-Charlie	670	+	78	178289126	31266
chr3	178257860	178457860	harbor2	chr3	178323221	178323442	DNA/hAT-Charlie	962	+	110	178323331	65471
chr3	178257860	178457860	harbor2	chr3	178347847	178348289	DNA/hAT-Charlie	1048	+	221	178348068	90208
chr3	181725823	181925823	harbor2	chr3	181780620	181780839	DNA/hAT-Charlie	919	+	110	181780730	54907
chr3	181725823	181925823	harbor2	chr3	181781059	181781441	DNA/hAT-Charlie	749	+	191	181781250	55427
chr3	181725823	181925823	harbor2	chr3	181788718	181788938	DNA/hAT-Charlie	814	+	110	181788828	63005
chr3	181725823	181925823	harbor2	chr3	181790204	181790302	DNA/hAT-Charlie	515	+	49	181790253	64430
chr3	181725823	181925823	harbor2	chr3	181790601	181790642	DNA/hAT-Charlie	515	+	20	181790621	64798
chr3	181725823	181925823	harbor2	chr3	181798947	181799135	DNA/hAT-Charlie	924	+	94	181799041	73218
chr3	192576347	192776347	harbor2	chr3	192640714	192640795	DNA/hAT-Charlie	1092	+	40	192640754	64407
chr3	192576347	192776347	harbor2	chr3	192641706	192641951	DNA/hAT-Charlie	1092	+	122	192641828	65481
chr3	192576347	192776347	harbor2	chr3	192652568	192652753	DNA/hAT-Charlie	936	+	92	192652660	76313
chr3	192576347	192776347	harbor2	chr3	192656464	192656629	DNA/hAT-Charlie	881	+	82	192656546	80199
chr3	192576347	192776347	harbor2	chr3	192669637	192669794	DNA/hAT-Charlie	647	+	78	192669715	93368
chr3	192576347	192776347	harbor2	chr3	192669789	192670458	DNA/hAT-Charlie	2742	+	334	192670123	93776
chr3	192149615	192349615	harbor2	chr3	192159675	192159890	DNA/hAT-Charlie	830	+	108	192159783	10168
chr3	192149615	192349615	harbor2	chr3	192161157	192161336	DNA/hAT-Charlie	689	+	90	192161247	11632
chr3	192149615	192349615	harbor2	chr3	192204275	192204445	DNA/hAT-Charlie	725	+	85	192204360	54745
chr3	192149615	192349615	harbor2	chr3	192219598	192219782	DNA/hAT-Charlie	793	+	92	192219690	70075
chr3	192149615	192349615	harbor2	chr3	192239489	192239835	DNA/hAT-Charlie	2056	+	173	192239662	90047
chr3	141850124	142050124	harbor2	chr3	141850374	141850393	DNA/hAT-Charlie	581	+	10	141850384	260
chr3	141850124	142050124	harbor2	chr3	141850842	141851044	DNA/hAT-Charlie	1491	+	101	141850943	819
chr3	141850124	142050124	harbor2	chr3	141851348	141851439	DNA/hAT-Charlie	1491	+	46	141851394	1270
chr3	141850124	142050124	harbor2	chr3	141905300	141905463	DNA/hAT-Charlie	928	+	82	141905382	55258
chr3	188837705	189037705	harbor2	chr3	188847030	188847176	DNA/hAT-Charlie	391	+	73	188847103	9398
chr3	188837705	189037705	harbor2	chr3	188865636	188865842	DNA/hAT-Charlie	789	+	103	188865739	28034
chr3	188837705	189037705	harbor2	chr3	188905857	188906004	DNA/hAT-Charlie	453	+	74	188905931	68226
chr3	188837705	189037705	harbor2	chr3	188934445	188934555	DNA/hAT-Charlie	1501	+	55	188934500	96795
chr3	188837705	189037705	harbor2	chr3	188934850	188934963	DNA/hAT-Charlie	1501	+	56	188934906	97201
chr3	186166894	186366894	harbor2	chr3	186170108	186170286	DNA/hAT-Charlie	740	+	89	186170197	3303
chr3	186166894	186366894	harbor2	chr3	186170320	186170502	DNA/hAT-Charlie	1205	+	91	186170411	3517
chr3	186166894	186366894	harbor2	chr3	186179159	186179388	DNA/hAT-Charlie	1027	+	114	186179273	12379
chr3	186166894	186366894	harbor2	chr3	186213251	186213450	DNA/hAT-Charlie	578	+	100	186213351	46457
chr3	186166894	186366894	harbor2	chr3	186225507	186225768	DNA/hAT-Charlie	893	+	130	186225637	58743
chr3	186166894	186366894	harbor2	chr3	186258435	186258929	DNA/hAT-Charlie	1993	+	247	186258682	91788
chr3	114679858	114879858	harbor2	chr3	114723523	114723700	DNA/hAT-Charlie	419	+	88	114723611	43753
chr3	114679858	114879858	harbor2	chr3	114734365	114734456	DNA/hAT-Charlie	500	+	46	114734411	54553
chr3	114679858	114879858	harbor2	chr3	114735077	114735322	DNA/hAT-Charlie	500	+	122	114735199	55341
chr3	114679858	114879858	harbor2	chr3	114742713	114742889	DNA/hAT-Charlie	616	+	88	114742801	62943
chr3	114679858	114879858	harbor2	chr3	114743588	114743733	DNA/hAT-Charlie	598	+	72	114743660	63802
chr3	81839121	82039121	harbor2	chr3	81866426	81866442	DNA/hAT-Charlie	428	+	8	81866434	27313
chr3	81839121	82039121	harbor2	chr3	81867261	81867395	DNA/hAT-Charlie	428	+	67	81867328	28207
chr3	81839121	82039121	harbor2	chr3	81885640	81885866	DNA/hAT-Charlie	998	+	113	81885753	46632
chr3	81839121	82039121	harbor2	chr3	81889938	81890098	DNA/hAT-Charlie	568	+	80	81890018	50897
chr3	108581324	108781324	harbor2	chr3	108601162	108601415	DNA/hAT-Charlie	713	+	126	108601288	19964
chr3	108581324	108781324	harbor2	chr3	108650802	108651058	DNA/hAT-Charlie	545	+	128	108650930	69606
chr3	108581324	108781324	harbor2	chr3	108653877	108654060	DNA/hAT-Charlie	501	+	92	108653969	72645
chr3	108581324	108781324	harbor2	chr3	108673690	108673830	DNA/hAT-Charlie	608	+	70	108673760	92436
chr3	108581324	108781324	harbor2	chr3	108677930	108678426	DNA/hAT-Charlie	3437	+	248	108678178	96854
chr3	160272170	160472170	harbor2	chr3	160278818	160278989	DNA/hAT-Charlie	410	+	86	160278904	6734
chr3	160272170	160472170	harbor2	chr3	160303581	160303746	DNA/hAT-Charlie	497	+	82	160303663	31493
chr3	160272170	160472170	harbor2	chr3	160329971	160330128	DNA/hAT-Charlie	697	+	78	160330049	57879
chr3	185462160	185662160	harbor2	chr3	185469684	185469827	DNA/hAT-Charlie	698	+	72	185469756	7596
chr3	185462160	185662160	harbor2	chr3	185495900	185496244	DNA/hAT-Charlie	1170	+	172	185496072	33912
chr3	185462160	185662160	harbor2	chr3	185545440	185545576	DNA/hAT-Charlie	649	+	68	185545508	83348
chr3	129158473	129358473	harbor2	chr3	129234558	129234904	DNA/hAT-Charlie	677	+	173	129234731	76258
chr3	176316278	176516278	harbor2	chr3	176316983	176317191	DNA/hAT-Charlie	895	+	104	176317087	809
chr3	192730605	192930605	harbor2	chr3	192786258	192787188	DNA/hAT-Charlie	3815	+	465	192786723	56118
chr3	192730605	192930605	harbor2	chr3	192787775	192787993	DNA/hAT-Charlie	1202	+	109	192787884	57279
chr3	192730605	192930605	harbor2	chr3	192800166	192800251	DNA/hAT-Charlie	2624	+	42	192800208	69603
chr3	192730605	192930605	harbor2	chr3	192800380	192801028	DNA/hAT-Charlie	2624	+	324	192800704	70099
chr3	124312167	124512167	harbor2	chr3	124330825	124330987	DNA/hAT-Charlie	549	+	81	124330906	18739
chr3	124312167	124512167	harbor2	chr3	124338923	124339100	DNA/hAT-Charlie	410	+	88	124339011	26844
chr3	124312167	124512167	harbor2	chr3	124349349	124349556	DNA/hAT-Charlie	1459	+	104	124349453	37286
chr3	124312167	124512167	harbor2	chr3	124373250	124373424	DNA/hAT-Charlie	1044	+	87	124373337	61170
chr3	124312167	124512167	harbor2	chr3	124373881	124373944	DNA/hAT-Charlie	1044	+	32	124373913	61746
chr3	147066064	147266064	harbor2	chr3	147079328	147079462	DNA/hAT-Charlie	774	+	67	147079395	13331
chr3	147066064	147266064	harbor2	chr3	147086986	147087187	DNA/hAT-Charlie	1093	+	100	147087086	21022
chr3	42690649	42890649	harbor2	chr3	42731461	42731623	DNA/hAT-Charlie	602	+	81	42731542	40893
chr3	188719330	188919330	harbor2	chr3	188754550	188754718	DNA/hAT-Charlie	714	+	84	188754634	35304
chr3	188719330	188919330	harbor2	chr3	188757752	188757863	DNA/hAT-Charlie	530	+	56	188757808	38478
chr3	188719330	188919330	harbor2	chr3	188758069	188758165	DNA/hAT-Charlie	1123	+	48	188758117	38787
chr3	188719330	188919330	harbor2	chr3	188758461	188758760	DNA/hAT-Charlie	1123	+	150	188758611	39281
chr3	188719330	188919330	harbor2	chr3	188758983	188759314	DNA/hAT-Charlie	627	+	166	188759149	39819
chr3	188719330	188919330	harbor2	chr3	188794156	188794288	DNA/hAT-Charlie	500	+	66	188794222	74892
chr3	184718575	184918575	harbor2	chr3	184718843	184719112	DNA/hAT-Charlie	899	+	134	184718977	402
chr3	184718575	184918575	harbor2	chr3	184725141	184725317	DNA/hAT-Charlie	895	+	88	184725229	6654
chr3	184718575	184918575	harbor2	chr3	184727627	184727895	DNA/hAT-Charlie	1656	+	134	184727761	9186
chr3	184718575	184918575	harbor2	chr3	184728193	184728399	DNA/hAT-Charlie	1656	+	103	184728296	9721
chr3	184718575	184918575	harbor2	chr3	184728491	184728785	DNA/hAT-Charlie	1168	+	147	184728638	10063
chr3	184718575	184918575	harbor2	chr3	184792016	184792367	DNA/hAT-Charlie	960	+	176	184792192	73617
chr3	184718575	184918575	harbor2	chr3	184797605	184797710	DNA/hAT-Charlie	1447	+	52	184797657	79082
chr3	184718575	184918575	harbor2	chr3	184798026	184798140	DNA/hAT-Charlie	1447	+	57	184798083	79508
chr3	184718575	184918575	harbor2	chr3	184810498	184810633	DNA/hAT-Charlie	556	+	68	184810566	91991
chr3	184718575	184918575	harbor2	chr3	184810673	184810738	DNA/hAT-Charlie	556	+	32	184810705	92130
chr3	184718575	184918575	harbor2	chr3	184811026	184811078	DNA/hAT-Charlie	556	+	26	184811052	92477
chr3	69567932	69767932	harbor2	chr3	69573959	69574145	DNA/hAT-Charlie	756	+	93	69574052	6120
chr3	69567932	69767932	harbor2	chr3	69603183	69604040	DNA/hAT-Charlie	2723	+	428	69603611	35679
chr3	69567932	69767932	harbor2	chr3	69614265	69614493	DNA/hAT-Charlie	1720	+	114	69614379	46447
chr3	69567932	69767932	harbor2	chr3	69617637	69617805	DNA/hAT-Charlie	728	+	84	69617721	49789
chr3	69567932	69767932	harbor2	chr3	69620769	69620959	DNA/hAT-Charlie	741	+	95	69620864	52932
chr3	164181606	164381606	harbor2	chr3	164239813	164240011	DNA/hAT-Charlie	711	+	99	164239912	58306
chr3	130418039	130618039	harbor2	chr3	130441385	130441619	DNA/hAT-Charlie	559	+	117	130441502	23463
chr3	130418039	130618039	harbor2	chr3	130441635	130441848	DNA/hAT-Charlie	996	+	106	130441741	23702
chr3	130418039	130618039	harbor2	chr3	130458392	130458579	DNA/hAT-Charlie	1057	+	94	130458486	40447
chr3	130418039	130618039	harbor2	chr3	130459420	130459588	DNA/hAT-Charlie	761	+	84	130459504	41465
chr3	130418039	130618039	harbor2	chr3	130468013	130468226	DNA/hAT-Charlie	920	+	106	130468119	50080
chr3	130418039	130618039	harbor2	chr3	130476461	130476652	DNA/hAT-Charlie	690	+	96	130476557	58518
chr3	130418039	130618039	harbor2	chr3	130477582	130477703	DNA/hAT-Charlie	765	+	60	130477642	59603
chr3	130418039	130618039	harbor2	chr3	130478421	130479028	DNA/hAT-Charlie	1398	+	304	130478725	60686
chr3	130418039	130618039	harbor2	chr3	130479551	130479969	DNA/hAT-Charlie	1245	+	209	130479760	61721
chr3	130418039	130618039	harbor2	chr3	130479970	130480763	DNA/hAT-Charlie	1703	+	396	130480366	62327
chr3	130418039	130618039	harbor2	chr3	130489254	130489404	DNA/hAT-Charlie	819	+	75	130489329	71290
chr3	130418039	130618039	harbor2	chr3	130492559	130492631	DNA/hAT-Charlie	434	+	36	130492595	74556
chr3	130418039	130618039	harbor2	chr3	130492879	130492963	DNA/hAT-Charlie	434	+	42	130492921	74882
chr3	182748486	182948486	harbor2	chr3	182797335	182797425	DNA/hAT-Charlie	774	+	45	182797380	48894
chr3	182748486	182948486	harbor2	chr3	182797738	182797880	DNA/hAT-Charlie	774	+	71	182797809	49323
chr3	182748486	182948486	harbor2	chr3	182798677	182798985	DNA/hAT-Charlie	983	+	154	182798831	50345
chr3	182748486	182948486	harbor2	chr3	182808995	182809089	DNA/hAT-Charlie	418	+	47	182809042	60556
chr3	182748486	182948486	harbor2	chr3	182821594	182821768	DNA/hAT-Charlie	521	+	87	182821681	73195
chr3	195325420	195525420	harbor2	chr3	195334972	195335295	DNA/hAT-Charlie	1326	+	162	195335134	9714
chr3	195325420	195525420	harbor2	chr3	195366480	195366606	DNA/hAT-Charlie	431	+	63	195366543	41123
chr3	195325420	195525420	harbor2	chr3	195372051	195372412	DNA/hAT-Charlie	2504	+	180	195372231	46811
chr3	195325420	195525420	harbor2	chr3	195373008	195373648	DNA/hAT-Charlie	2504	+	320	195373328	47908
chr3	195325420	195525420	harbor2	chr3	195373928	195374118	DNA/hAT-Charlie	2504	+	95	195374023	48603
chr3	195325420	195525420	harbor2	chr3	195374401	195374705	DNA/hAT-Charlie	2504	+	152	195374553	49133
chr3	195325420	195525420	harbor2	chr3	195374861	195374909	DNA/hAT-Charlie	690	+	24	195374885	49465
chr3	195325420	195525420	harbor2	chr3	195375217	195375428	DNA/hAT-Charlie	690	+	106	195375323	49903
chr3	195325420	195525420	harbor2	chr3	195382957	195383118	DNA/hAT-Charlie	466	+	80	195383037	57617
chr3	195325420	195525420	harbor2	chr3	195390561	195390693	DNA/hAT-Charlie	555	+	66	195390627	65207
chr3	195325420	195525420	harbor2	chr3	195395395	195395722	DNA/hAT-Charlie	1346	+	164	195395559	70139
chr3	99641127	99841127	harbor2	chr3	99646972	99647239	DNA/hAT-Charlie	558	+	134	99647106	5979
chr3	99641127	99841127	harbor2	chr3	99650323	99650425	DNA/hAT-Charlie	862	+	51	99650374	9247
chr3	99641127	99841127	harbor2	chr3	99650710	99650826	DNA/hAT-Charlie	862	+	58	99650768	9641
chr3	99641127	99841127	harbor2	chr3	99682456	99682611	DNA/hAT-Charlie	490	+	78	99682534	41407
chr3	99641127	99841127	harbor2	chr3	99690092	99690397	DNA/hAT-Charlie	661	+	152	99690244	49117
chr3	99641127	99841127	harbor2	chr3	99691451	99691571	DNA/hAT-Charlie	756	+	60	99691511	50384
chr3	100682571	100882571	harbor2	chr3	100714678	100714834	DNA/hAT-Charlie	503	+	78	100714756	32185
chr3	100682571	100882571	harbor2	chr3	100745748	100745963	DNA/hAT-Charlie	1170	+	108	100745856	63285
chr3	187821813	188021813	harbor2	chr3	187833204	187833277	DNA/hAT-Charlie	504	+	36	187833240	11427
chr3	187821813	188021813	harbor2	chr3	187833570	187833680	DNA/hAT-Charlie	504	+	55	187833625	11812
chr3	187821813	188021813	harbor2	chr3	187839996	187840389	DNA/hAT-Charlie	1269	+	196	187840192	18379
chr3	187821813	188021813	harbor2	chr3	187909183	187909338	DNA/hAT-Charlie	655	+	78	187909261	87448
chr3	187821813	188021813	harbor2	chr3	187920323	187920421	DNA/hAT-Charlie	412	+	49	187920372	98559
chr3	187821813	188021813	harbor2	chr3	187920726	187920844	DNA/hAT-Charlie	412	+	59	187920785	98972
chr3	142894737	143094737	harbor2	chr3	142935598	142936066	DNA/hAT-Charlie	3445	+	234	142935832	41095
chr3	142894737	143094737	harbor2	chr3	142984720	142984854	DNA/hAT-Charlie	764	+	67	142984787	90050
chr3	142894737	143094737	harbor2	chr3	142985111	142985390	DNA/hAT-Charlie	1331	+	140	142985251	90514
chr3	129172198	129372198	harbor2	chr3	129234558	129234904	DNA/hAT-Charlie	677	+	173	129234731	62533
chr3	78376820	78576820	harbor2	chr3	78417155	78417385	DNA/hAT-Charlie	588	+	115	78417270	40450
chr3	78376820	78576820	harbor2	chr3	78451062	78451343	DNA/hAT-Charlie	1237	+	140	78451202	74382
chr3	78376820	78576820	harbor2	chr3	78452349	78453014	DNA/hAT-Charlie	971	+	332	78452681	75861
chr3	78376820	78576820	harbor2	chr3	78456556	78456676	DNA/hAT-Charlie	410	+	60	78456616	79796
chr3	105980377	106180377	harbor2	chr3	105980319	105980427	DNA/hAT-Charlie	506	+	54	105980373	4
chr3	105980377	106180377	harbor2	chr3	106033741	106033882	DNA/hAT-Charlie	527	+	70	106033811	53434
chr3	132431302	132631302	harbor2	chr3	132444022	132444143	DNA/hAT-Charlie	432	+	60	132444082	12780
chr3	132431302	132631302	harbor2	chr3	132444130	132444291	DNA/hAT-Charlie	1157	+	80	132444210	12908
chr3	132710912	132910912	harbor2	chr3	132716047	132716177	DNA/hAT-Charlie	803	+	65	132716112	5200
chr3	132710912	132910912	harbor2	chr3	132725665	132725825	DNA/hAT-Charlie	667	+	80	132725745	14833
chr3	132710912	132910912	harbor2	chr3	132725836	132726018	DNA/hAT-Charlie	815	+	91	132725927	15015
chr3	196556187	196756187	harbor2	chr3	196562124	196562248	DNA/hAT-Charlie	957	+	62	196562186	5999
chr3	196556187	196756187	harbor2	chr3	196562561	196562619	DNA/hAT-Charlie	957	+	29	196562590	6403
chr3	196556187	196756187	harbor2	chr3	196578697	196578910	DNA/hAT-Charlie	1464	+	106	196578803	22616
chr3	196556187	196756187	harbor2	chr3	196604678	196605195	DNA/hAT-Charlie	3477	+	258	196604936	48749
chr3	196556187	196756187	harbor2	chr3	196622862	196623000	DNA/hAT-Charlie	421	+	69	196622931	66744
chr3	168078660	168278660	harbor2	chr3	168078641	168078984	DNA/hAT-Charlie	391	+	172	168078813	153
chr3	168078660	168278660	harbor2	chr3	168128170	168128287	DNA/hAT-Charlie	593	+	58	168128228	49568
chr3	168078660	168278660	harbor2	chr3	168142040	168142200	DNA/hAT-Charlie	663	+	80	168142120	63460
chr3	168078660	168278660	harbor2	chr3	168155993	168156174	DNA/hAT-Charlie	395	+	90	168156083	77423
chr3	143551626	143751626	harbor2	chr3	143617213	143617425	DNA/hAT-Charlie	932	+	106	143617319	65693
chr3	143551626	143751626	harbor2	chr3	143617452	143617785	DNA/hAT-Charlie	796	+	166	143617618	65992
chr3	174853697	175053697	harbor2	chr3	174949981	174950181	DNA/hAT-Charlie	531	+	100	174950081	96384
chr3	120526005	120726005	harbor2	chr3	120565828	120566081	DNA/hAT-Charlie	841	+	126	120565954	39949
chr3	120526005	120726005	harbor2	chr3	120567626	120567717	DNA/hAT-Charlie	408	+	46	120567672	41667
chr3	57304370	57504370	harbor2	chr3	57311533	57311738	DNA/hAT-Charlie	968	+	102	57311635	7265
chr3	57304370	57504370	harbor2	chr3	57320643	57320820	DNA/hAT-Charlie	1028	+	88	57320731	16361
chr3	91495084	91695084	harbor2	chr3	91498535	91498701	DNA/hAT-Charlie	936	+	83	91498618	3534
chr3	91495084	91695084	harbor2	chr3	91498838	91498962	DNA/hAT-Charlie	936	+	62	91498900	3816
chr3	170382953	170582953	harbor2	chr3	170467491	170467776	DNA/hAT-Charlie	845	+	142	170467633	84680
chr3	170382953	170582953	harbor2	chr3	170476098	170476264	DNA/hAT-Charlie	546	+	83	170476181	93228
chr3	170382953	170582953	harbor2	chr3	170481879	170482038	DNA/hAT-Charlie	622	+	80	170481959	99006
chr3	194974835	195174835	harbor2	chr3	194998372	194998505	DNA/hAT-Charlie	686	+	66	194998438	23603
chr3	194974835	195174835	harbor2	chr3	195045090	195045214	DNA/hAT-Charlie	700	+	62	195045152	70317
chr3	194974835	195174835	harbor2	chr3	195045521	195045551	DNA/hAT-Charlie	700	+	15	195045536	70701
chr3	194974835	195174835	harbor2	chr3	195047648	195047832	DNA/hAT-Charlie	680	+	92	195047740	72905
chr3	174984077	175184077	harbor2	chr3	174984449	174984603	DNA/hAT-Charlie	552	+	77	174984526	449
chr3	174984077	175184077	harbor2	chr3	174984705	174984857	DNA/hAT-Charlie	415	+	76	174984781	704
chr3	174984077	175184077	harbor2	chr3	174984967	174985567	DNA/hAT-Charlie	1370	+	300	174985267	1190
chr3	174984077	175184077	harbor2	chr3	175001342	175001432	DNA/hAT-Charlie	405	+	45	175001387	17310
chr3	174984077	175184077	harbor2	chr3	175012603	175012807	DNA/hAT-Charlie	946	+	102	175012705	28628
chr3	94364214	94564214	harbor2	chr3	94374773	94374922	DNA/hAT-Charlie	591	+	74	94374847	10633
chr3	94364214	94564214	harbor2	chr3	94409456	94409599	DNA/hAT-Charlie	411	+	72	94409528	45314
chr3	94364214	94564214	harbor2	chr3	94411075	94411284	DNA/hAT-Charlie	1082	+	104	94411179	46965
chr3	94364214	94564214	harbor2	chr3	94413826	94414044	DNA/hAT-Charlie	596	+	109	94413935	49721
chr3	94364214	94564214	harbor2	chr3	94436932	94437153	DNA/hAT-Charlie	890	+	110	94437042	72828
chr3	196530737	196730737	harbor2	chr3	196562124	196562248	DNA/hAT-Charlie	957	+	62	196562186	31449
chr3	196530737	196730737	harbor2	chr3	196562561	196562619	DNA/hAT-Charlie	957	+	29	196562590	31853
chr3	196530737	196730737	harbor2	chr3	196578697	196578910	DNA/hAT-Charlie	1464	+	106	196578803	48066
chr3	196530737	196730737	harbor2	chr3	196604678	196605195	DNA/hAT-Charlie	3477	+	258	196604936	74199
chr3	196530737	196730737	harbor2	chr3	196622862	196623000	DNA/hAT-Charlie	421	+	69	196622931	92194
chr3	115744367	115944367	harbor2	chr3	115778472	115778721	DNA/hAT-Charlie	778	+	124	115778596	34229
chr3	176893865	177093865	harbor2	chr3	176945567	176945929	DNA/hAT-Charlie	2000	+	181	176945748	51883
chr3	176893865	177093865	harbor2	chr3	176953482	176953667	DNA/hAT-Charlie	630	+	92	176953574	59709
chr3	176893865	177093865	harbor2	chr3	176970923	176971115	DNA/hAT-Charlie	984	+	96	176971019	77154
chr3	176893865	177093865	harbor2	chr3	176975310	176975464	DNA/hAT-Charlie	640	+	77	176975387	81522
chr3	176893865	177093865	harbor2	chr3	176975766	176975805	DNA/hAT-Charlie	640	+	20	176975786	81921
chr3	191475634	191675634	harbor2	chr3	191491562	191491721	DNA/hAT-Charlie	683	+	80	191491642	16008
chr3	191475634	191675634	harbor2	chr3	191501951	191502124	DNA/hAT-Charlie	480	+	86	191502037	26403
chr3	191475634	191675634	harbor2	chr3	191534335	191534492	DNA/hAT-Charlie	569	+	78	191534413	58779
chr3	191475634	191675634	harbor2	chr3	191537468	191537642	DNA/hAT-Charlie	747	+	87	191537555	61921
chr3	182201849	182401849	harbor2	chr3	182204277	182204754	DNA/hAT-Charlie	1457	+	238	182204515	2666
chr3	182201849	182401849	harbor2	chr3	182289435	182289637	DNA/hAT-Charlie	1035	+	101	182289536	87687
chr3	183857819	184057819	harbor2	chr3	183865397	183865733	DNA/hAT-Charlie	2132	+	168	183865565	7746
chr3	183857819	184057819	harbor2	chr3	183878483	183878654	DNA/hAT-Charlie	664	+	86	183878569	20750
chr3	183857819	184057819	harbor2	chr3	183878829	183878954	DNA/hAT-Charlie	553	+	62	183878891	21072
chr3	183857819	184057819	harbor2	chr3	183903360	183903538	DNA/hAT-Charlie	982	+	89	183903449	45630
chr3	183857819	184057819	harbor2	chr3	183919069	183919200	DNA/hAT-Charlie	490	+	66	183919135	61316
chr3	183857819	184057819	harbor2	chr3	183944624	183944842	DNA/hAT-Charlie	1449	+	109	183944733	86914
chr3	164740484	164940484	harbor2	chr3	164800540	164800691	DNA/hAT-Charlie	481	+	76	164800616	60132
chr3	164740484	164940484	harbor2	chr3	164835067	164835167	DNA/hAT-Charlie	601	+	50	164835117	94633
chr3	164740484	164940484	harbor2	chr3	164835478	164835535	DNA/hAT-Charlie	601	+	28	164835506	95022
chr3	168274428	168474428	harbor2	chr3	168315423	168315644	DNA/hAT-Charlie	593	+	110	168315533	41105
chr3	168274428	168474428	harbor2	chr3	168325316	168325551	DNA/hAT-Charlie	616	+	118	168325434	51006
chr3	131694563	131894563	harbor2	chr3	131699207	131699410	DNA/hAT-Charlie	971	+	102	131699309	4746
chr3	131694563	131894563	harbor2	chr3	131705222	131705390	DNA/hAT-Charlie	762	+	84	131705306	10743
chr3	131694563	131894563	harbor2	chr3	131714620	131714804	DNA/hAT-Charlie	957	+	92	131714712	20149
chr3	131694563	131894563	harbor2	chr3	131725780	131725958	DNA/hAT-Charlie	478	+	89	131725869	31306
chr3	131694563	131894563	harbor2	chr3	131731651	131731790	DNA/hAT-Charlie	508	+	70	131731721	37158
chr3	131694563	131894563	harbor2	chr3	131754753	131755259	DNA/hAT-Charlie	1210	+	253	131755006	60443
chr3	137000372	137200372	harbor2	chr3	137008620	137008926	DNA/hAT-Charlie	1424	+	153	137008773	8401
chr3	137000372	137200372	harbor2	chr3	137079120	137079298	DNA/hAT-Charlie	825	+	89	137079209	78837
chr3	137000372	137200372	harbor2	chr3	137098378	137098619	DNA/hAT-Charlie	560	+	120	137098498	98126
chr3	192528866	192728866	harbor2	chr3	192536113	192536320	DNA/hAT-Charlie	1105	+	104	192536217	7351
chr3	190749329	190949329	harbor2	chr3	190769892	190770067	DNA/hAT-Charlie	828	+	88	190769980	20651
chr3	190749329	190949329	harbor2	chr3	190803304	190803432	DNA/hAT-Charlie	478	+	64	190803368	54039
chr3	102827992	103027992	harbor2	chr3	102848630	102848854	DNA/hAT-Charlie	1499	+	112	102848742	20750
chr3	102827992	103027992	harbor2	chr3	102851528	102851948	DNA/hAT-Charlie	1635	+	210	102851738	23746
chr3	102827992	103027992	harbor2	chr3	102852358	102852444	DNA/hAT-Charlie	1635	+	43	102852401	24409
chr3	154678789	154878789	harbor2	chr3	154692311	154692533	DNA/hAT-Charlie	1002	+	111	154692422	13633
chr3	154678789	154878789	harbor2	chr3	154757488	154757566	DNA/hAT-Charlie	403	+	39	154757527	78738
chr3	158296989	158496989	harbor2	chr3	158317915	158318017	DNA/hAT-Charlie	1302	+	51	158317966	20977
chr3	158296989	158496989	harbor2	chr3	158318049	158318171	DNA/hAT-Charlie	1302	+	61	158318110	21121
chr3	158296989	158496989	harbor2	chr3	158320722	158320929	DNA/hAT-Charlie	391	+	104	158320826	23837
chr3	158296989	158496989	harbor2	chr3	158352703	158352824	DNA/hAT-Charlie	555	+	60	158352763	55774
chr3	186762604	186962604	harbor2	chr3	186815370	186815504	DNA/hAT-Charlie	410	+	67	186815437	52833
chr3	186762604	186962604	harbor2	chr3	186824167	186824335	DNA/hAT-Charlie	425	+	84	186824251	61647
chr3	160693021	160893021	harbor2	chr3	160698138	160698417	DNA/hAT-Charlie	569	+	140	160698278	5257
chr3	160693021	160893021	harbor2	chr3	160778634	160778801	DNA/hAT-Charlie	592	+	84	160778718	85697
chr3	174196473	174396473	harbor2	chr3	174242233	174242297	DNA/hAT-Charlie	402	+	32	174242265	45792
chr3	174196473	174396473	harbor2	chr3	174242412	174242873	DNA/hAT-Charlie	2984	+	230	174242642	46169
chr3	148710126	148910126	harbor2	chr3	148723977	148724298	DNA/hAT-Charlie	396	+	160	148724137	14011
chr3	148710126	148910126	harbor2	chr3	148730895	148731195	DNA/hAT-Charlie	1235	+	150	148731045	20919
chr3	148710126	148910126	harbor2	chr3	148750747	148750951	DNA/hAT-Charlie	1186	+	102	148750849	40723
chr3	152101744	152301744	harbor2	chr3	152157929	152158172	DNA/hAT-Charlie	451	+	122	152158051	56307
chr3	152101744	152301744	harbor2	chr3	152170333	152170548	DNA/hAT-Charlie	1145	+	108	152170441	68697
chr3	158265521	158465521	harbor2	chr3	158317915	158318017	DNA/hAT-Charlie	1302	+	51	158317966	52445
chr3	158265521	158465521	harbor2	chr3	158318049	158318171	DNA/hAT-Charlie	1302	+	61	158318110	52589
chr3	158265521	158465521	harbor2	chr3	158320722	158320929	DNA/hAT-Charlie	391	+	104	158320826	55305
chr3	158265521	158465521	harbor2	chr3	158352703	158352824	DNA/hAT-Charlie	555	+	60	158352763	87242
chr3	99962278	100162278	harbor2	chr3	99986775	99986894	DNA/hAT-Charlie	681	+	60	99986835	24557
chr3	99962278	100162278	harbor2	chr3	99990541	99990712	DNA/hAT-Charlie	574	+	86	99990627	28349
chr3	99962278	100162278	harbor2	chr3	100001219	100001427	DNA/hAT-Charlie	1072	+	104	100001323	39045
chr3	99962278	100162278	harbor2	chr3	100005371	100005522	DNA/hAT-Charlie	417	+	76	100005447	43169
chr3	99962278	100162278	harbor2	chr3	100054244	100054472	DNA/hAT-Charlie	629	+	114	100054358	92080
chr3	99962278	100162278	harbor2	chr3	100054555	100054597	DNA/hAT-Charlie	629	+	21	100054576	92298
chr3	153492172	153692172	harbor2	chr3	153541909	153542091	DNA/hAT-Charlie	918	+	91	153542000	49828
chr3	168478026	168678026	harbor2	chr3	168489978	168490134	DNA/hAT-Charlie	775	+	78	168490056	12030
chr3	168478026	168678026	harbor2	chr3	168525468	168525675	DNA/hAT-Charlie	480	+	104	168525572	47546
chr3	168478026	168678026	harbor2	chr3	168547313	168547477	DNA/hAT-Charlie	465	+	82	168547395	69369
chr3	168478026	168678026	harbor2	chr3	168553154	168553314	DNA/hAT-Charlie	412	+	80	168553234	75208
chr3	168478026	168678026	harbor2	chr3	168555693	168555919	DNA/hAT-Charlie	521	+	113	168555806	77780
chr3	142043927	142243927	harbor2	chr3	142057408	142057587	DNA/hAT-Charlie	508	+	90	142057498	13571
chr3	142043927	142243927	harbor2	chr3	142064240	142064424	DNA/hAT-Charlie	852	+	92	142064332	20405
chr3	142043927	142243927	harbor2	chr3	142091038	142091255	DNA/hAT-Charlie	576	+	108	142091146	47219
chr3	142043927	142243927	harbor2	chr3	142081950	142082483	DNA/hAT-Charlie	3627	+	266	142082216	38289
chr3	112286983	112486983	harbor2	chr3	112360363	112360569	DNA/hAT-Charlie	512	+	103	112360466	73483
chr3	112286983	112486983	harbor2	chr3	112385742	112385982	DNA/hAT-Charlie	782	+	120	112385862	98879
chr3	191566193	191766193	harbor2	chr3	191626334	191626464	DNA/hAT-Charlie	447	+	65	191626399	60206
chr3	191566193	191766193	harbor2	chr3	191654756	191655023	DNA/hAT-Charlie	961	+	134	191654890	88697
chr3	193740598	193940598	harbor2	chr3	193743744	193743875	DNA/hAT-Charlie	478	+	66	193743810	3212
chr3	193740598	193940598	harbor2	chr3	193797416	193797540	DNA/hAT-Charlie	697	+	62	193797478	56880
chr3	193740598	193940598	harbor2	chr3	193829122	193829332	DNA/hAT-Charlie	1355	+	105	193829227	88629
chr3	183141577	183341577	harbor2	chr3	183146112	183146326	DNA/hAT-Charlie	1033	+	107	183146219	4642
chr3	183141577	183341577	harbor2	chr3	183146446	183146522	DNA/hAT-Charlie	558	+	38	183146484	4907
chr3	183141577	183341577	harbor2	chr3	183146828	183146948	DNA/hAT-Charlie	558	+	60	183146888	5311
chr3	183141577	183341577	harbor2	chr3	183178905	183179130	DNA/hAT-Charlie	674	+	112	183179017	37440
chr3	183141577	183341577	harbor2	chr3	183238164	183238292	DNA/hAT-Charlie	1340	+	64	183238228	96651
chr3	183141577	183341577	harbor2	chr3	183238593	183238677	DNA/hAT-Charlie	1340	+	42	183238635	97058
chr3	102198228	102398228	harbor2	chr3	102237547	102237773	DNA/hAT-Charlie	690	+	113	102237660	39432
chr3	167211957	167411957	harbor2	chr3	167281697	167281850	DNA/hAT-Charlie	704	+	76	167281773	69816
chr3	167211957	167411957	harbor2	chr3	167287290	167287455	DNA/hAT-Charlie	405	+	82	167287372	75415
chr3	167211957	167411957	harbor2	chr3	167306531	167306714	DNA/hAT-Charlie	533	+	92	167306623	94666
chr3	194784824	194984824	harbor2	chr3	194823152	194823338	DNA/hAT-Charlie	526	+	93	194823245	38421
chr3	194784824	194984824	harbor2	chr3	194844185	194844329	DNA/hAT-Charlie	577	+	72	194844257	59433
chr3	194784824	194984824	harbor2	chr3	194844642	194844695	DNA/hAT-Charlie	577	+	26	194844668	59844
chr3	194784824	194984824	harbor2	chr3	194851559	194851741	DNA/hAT-Charlie	796	+	91	194851650	66826
chr3	185694572	185894572	harbor2	chr3	185718088	185718304	DNA/hAT-Charlie	1027	+	108	185718196	23624
chr3	185694572	185894572	harbor2	chr3	185729633	185729985	DNA/hAT-Charlie	1791	+	176	185729809	35237
chr3	185694572	185894572	harbor2	chr3	185730989	185731182	DNA/hAT-Charlie	716	+	96	185731085	36513
chr3	185694572	185894572	harbor2	chr3	185766347	185766668	DNA/hAT-Charlie	1770	+	160	185766507	71935
chr3	185694572	185894572	harbor2	chr3	185767431	185767597	DNA/hAT-Charlie	657	+	83	185767514	72942
chr3	185694572	185894572	harbor2	chr3	185779569	185779721	DNA/hAT-Charlie	733	+	76	185779645	85073
chr3	185694572	185894572	harbor2	chr3	185783020	185783285	DNA/hAT-Charlie	672	+	132	185783152	88580
chr3	185694572	185894572	harbor2	chr3	185728811	185729634	DNA/hAT-Charlie	3621	+	412	185729223	34651
chr3	191353355	191553355	harbor2	chr3	191402067	191402393	DNA/hAT-Charlie	2017	+	163	191402230	48875
chr3	191353355	191553355	harbor2	chr3	191409344	191409664	DNA/hAT-Charlie	2104	+	160	191409504	56149
chr3	191353355	191553355	harbor2	chr3	191426482	191426640	DNA/hAT-Charlie	623	+	79	191426561	73206
chr3	183736683	183936683	harbor2	chr3	183774217	183774502	DNA/hAT-Charlie	1974	+	142	183774359	37676
chr3	183736683	183936683	harbor2	chr3	183780044	183780207	DNA/hAT-Charlie	806	+	82	183780126	43443
chr3	179215299	179415299	harbor2	chr3	179227821	179228922	DNA/hAT-Charlie	4414	+	550	179228371	13072
chr3	179215299	179415299	harbor2	chr3	179251645	179251714	DNA/hAT-Charlie	514	+	34	179251679	36380
chr3	179215299	179415299	harbor2	chr3	179252020	179252265	DNA/hAT-Charlie	514	+	122	179252142	36843
chr3	179215299	179415299	harbor2	chr3	179272550	179273161	DNA/hAT-Charlie	2031	+	306	179272856	57557
chr3	179215299	179415299	harbor2	chr3	179273461	179273606	DNA/hAT-Charlie	2031	+	72	179273533	58234
chr3	115318936	115518936	harbor2	chr3	115321121	115321256	DNA/hAT-Charlie	647	+	68	115321189	2253
chr3	115318936	115518936	harbor2	chr3	115321435	115321538	DNA/hAT-Charlie	425	+	52	115321487	2551
chr3	115318936	115518936	harbor2	chr3	115345416	115345544	DNA/hAT-Charlie	568	+	64	115345480	26544
chr3	115318936	115518936	harbor2	chr3	115390553	115390742	DNA/hAT-Charlie	745	+	94	115390647	71711
chr3	115318936	115518936	harbor2	chr3	115413794	115413923	DNA/hAT-Charlie	821	+	64	115413858	94922
chr3	115318936	115518936	harbor2	chr3	115414233	115414297	DNA/hAT-Charlie	821	+	32	115414265	95329
chr3	193212525	193412525	harbor2	chr3	193242007	193242225	DNA/hAT-Charlie	1454	+	109	193242116	29591
chr3	193212525	193412525	harbor2	chr3	193254783	193255004	DNA/hAT-Charlie	540	+	110	193254893	42368
chr3	193212525	193412525	harbor2	chr3	193255163	193255422	DNA/hAT-Charlie	554	+	130	193255293	42768
chr3	193212525	193412525	harbor2	chr3	193289395	193289611	DNA/hAT-Charlie	1128	+	108	193289503	76978
chr3	196863918	197063918	harbor2	chr3	196901876	196902062	DNA/hAT-Charlie	1099	+	93	196901969	38051
chr3	196863918	197063918	harbor2	chr3	196930524	196930715	DNA/hAT-Charlie	1118	+	96	196930620	66702
chr3	173957326	174157326	harbor2	chr3	173972774	173972962	DNA/hAT-Charlie	976	+	94	173972868	15542
chr3	173957326	174157326	harbor2	chr3	173991436	173991642	DNA/hAT-Charlie	915	+	103	173991539	34213
chr3	173957326	174157326	harbor2	chr3	174003345	174003474	DNA/hAT-Charlie	430	+	64	174003409	46083
chr3	173957326	174157326	harbor2	chr3	174021260	174021574	DNA/hAT-Charlie	638	+	157	174021417	64091
chr3	173957326	174157326	harbor2	chr3	174032329	174032441	DNA/hAT-Charlie	501	+	56	174032385	75059
chr3	173957326	174157326	harbor2	chr3	174032451	174032528	DNA/hAT-Charlie	413	+	38	174032489	75163
chr3	177055350	177255350	harbor2	chr3	177069933	177070095	DNA/hAT-Charlie	580	+	81	177070014	14664
chr3	177055350	177255350	harbor2	chr3	177072244	177072781	DNA/hAT-Charlie	2130	+	268	177072512	17162
chr3	177055350	177255350	harbor2	chr3	177073099	177073229	DNA/hAT-Charlie	605	+	65	177073164	17814
chr3	177055350	177255350	harbor2	chr3	177140862	177141007	DNA/hAT-Charlie	925	+	72	177140934	85584
chr3	177055350	177255350	harbor2	chr3	177145204	177145391	DNA/hAT-Charlie	541	+	94	177145298	89948
chr3	177055350	177255350	harbor2	chr3	177149622	177149916	DNA/hAT-Charlie	969	+	147	177149769	94419
chr3	177055350	177255350	harbor2	chr3	177151340	177151616	DNA/hAT-Charlie	1377	+	138	177151478	96128
chr3	140441782	140641782	harbor2	chr3	140506714	140506990	DNA/hAT-Charlie	1246	+	138	140506852	65070
chr3	197434790	197634790	harbor2	chr3	197446596	197446780	DNA/hAT-Charlie	930	+	92	197446688	11898
chr3	197434790	197634790	harbor2	chr3	197461098	197461322	DNA/hAT-Charlie	1029	+	112	197461210	26420
chr3	197434790	197634790	harbor2	chr3	197465506	197465757	DNA/hAT-Charlie	787	+	126	197465632	30842
chr3	196729397	196929397	harbor2	chr3	196776048	196777195	DNA/hAT-Charlie	4799	+	574	196776622	47225
chr3	196729397	196929397	harbor2	chr3	196777504	196777634	DNA/hAT-Charlie	4799	+	65	196777569	48172
chr3	196729397	196929397	harbor2	chr3	196785195	196785334	DNA/hAT-Charlie	412	+	70	196785265	55868
chr3	153486213	153686213	harbor2	chr3	153541909	153542091	DNA/hAT-Charlie	918	+	91	153542000	55787
chr3	141044228	141244228	harbor2	chr3	141085650	141085767	DNA/hAT-Charlie	401	+	58	141085708	41480
chr3	141044228	141244228	harbor2	chr3	141112748	141112940	DNA/hAT-Charlie	601	+	96	141112844	68616
chr3	156031316	156231316	harbor2	chr3	156071016	156071380	DNA/hAT-Charlie	1883	+	182	156071198	39882
chr3	156031316	156231316	harbor2	chr3	156090768	156090926	DNA/hAT-Charlie	694	+	79	156090847	59531
chr3	156031316	156231316	harbor2	chr3	156116711	156117449	DNA/hAT-Charlie	2360	+	369	156117080	85764
chr3	156031316	156231316	harbor2	chr3	156117835	156117945	DNA/hAT-Charlie	2360	+	55	156117890	86574
chr3	156031316	156231316	harbor2	chr3	156128704	156128980	DNA/hAT-Charlie	440	+	138	156128842	97526
chr3	80137271	80337271	harbor2	chr3	80159356	80159489	DNA/hAT-Charlie	564	+	66	80159422	22151
chr3	80137271	80337271	harbor2	chr3	80233375	80233492	DNA/hAT-Charlie	546	+	58	80233433	96162
chr3	138422083	138622083	harbor2	chr3	138433249	138433389	DNA/hAT-Charlie	525	+	70	138433319	11236
chr3	138422083	138622083	harbor2	chr3	138445000	138445152	DNA/hAT-Charlie	462	+	76	138445076	22993
chr3	138422083	138622083	harbor2	chr3	138456547	138456825	DNA/hAT-Charlie	1910	+	139	138456686	34603
chr3	138422083	138622083	harbor2	chr3	138467106	138467286	DNA/hAT-Charlie	434	+	90	138467196	45113
chr3	122991355	123191355	harbor2	chr3	122991384	122991598	DNA/hAT-Charlie	1032	+	107	122991491	136
chr3	108963622	109163622	harbor2	chr3	109045426	109045555	DNA/hAT-Charlie	405	+	64	109045490	81868
chr3	184217654	184417654	harbor2	chr3	184217898	184218219	DNA/hAT-Charlie	1692	+	160	184218058	404
chr3	192575339	192775339	harbor2	chr3	192640714	192640795	DNA/hAT-Charlie	1092	+	40	192640754	65415
chr3	192575339	192775339	harbor2	chr3	192641706	192641951	DNA/hAT-Charlie	1092	+	122	192641828	66489
chr3	192575339	192775339	harbor2	chr3	192652568	192652753	DNA/hAT-Charlie	936	+	92	192652660	77321
chr3	192575339	192775339	harbor2	chr3	192656464	192656629	DNA/hAT-Charlie	881	+	82	192656546	81207
chr3	192575339	192775339	harbor2	chr3	192669637	192669794	DNA/hAT-Charlie	647	+	78	192669715	94376
chr3	192575339	192775339	harbor2	chr3	192669789	192670458	DNA/hAT-Charlie	2742	+	334	192670123	94784
chr3	153547307	153747307	harbor2	chr3	153595292	153595513	DNA/hAT-Charlie	1124	+	110	153595402	48095
chr3	153547307	153747307	harbor2	chr3	153599243	153599409	DNA/hAT-Charlie	402	+	83	153599326	52019
chr3	153547307	153747307	harbor2	chr3	153634414	153634720	DNA/hAT-Charlie	832	+	153	153634567	87260
chr3	161595064	161795064	harbor2	chr3	161599922	161600121	DNA/hAT-Charlie	736	+	100	161600022	4958
chr3	161595064	161795064	harbor2	chr3	161600619	161600797	DNA/hAT-Charlie	778	+	89	161600708	5644
chr3	161595064	161795064	harbor2	chr3	161607229	161607427	DNA/hAT-Charlie	647	+	99	161607328	12264
chr3	161595064	161795064	harbor2	chr3	161608310	161608535	DNA/hAT-Charlie	632	+	112	161608422	13358
chr3	161595064	161795064	harbor2	chr3	161637040	161637386	DNA/hAT-Charlie	923	+	173	161637213	42149
chr3	161595064	161795064	harbor2	chr3	161685497	161685738	DNA/hAT-Charlie	503	+	120	161685617	90553
chr3	158946320	159146320	harbor2	chr3	158953076	158953291	DNA/hAT-Charlie	1235	+	108	158953184	6864
chr3	172633074	172833074	harbor2	chr3	172700052	172700342	DNA/hAT-Charlie	545	+	145	172700197	67123
chr3	88682413	88882413	harbor2	chr3	88729346	88729496	DNA/hAT-Charlie	669	+	75	88729421	47008
chr3	121697415	121897415	harbor2	chr3	121707736	121707894	DNA/hAT-Charlie	830	+	79	121707815	10400
chr3	121697415	121897415	harbor2	chr3	121723096	121723560	DNA/hAT-Charlie	1288	+	232	121723328	25913
chr3	121697415	121897415	harbor2	chr3	121748257	121748420	DNA/hAT-Charlie	463	+	82	121748339	50924
chr3	121697415	121897415	harbor2	chr3	121782446	121782531	DNA/hAT-Charlie	1014	+	42	121782488	85073
chr3	121697415	121897415	harbor2	chr3	121782566	121782684	DNA/hAT-Charlie	1014	+	59	121782625	85210
chr3	121697415	121897415	harbor2	chr3	121782975	121783113	DNA/hAT-Charlie	1014	+	69	121783044	85629
chr3	147777992	147977992	harbor2	chr3	147802762	147802948	DNA/hAT-Charlie	1009	+	93	147802855	24863
chr3	147777992	147977992	harbor2	chr3	147803519	147803651	DNA/hAT-Charlie	553	+	66	147803585	25593
chr3	147777992	147977992	harbor2	chr3	147804108	147804342	DNA/hAT-Charlie	822	+	117	147804225	26233
chr3	147777992	147977992	harbor2	chr3	147849326	147849773	DNA/hAT-Charlie	709	+	224	147849550	71558
chr3	147777992	147977992	harbor2	chr3	147849793	147850314	DNA/hAT-Charlie	2070	+	260	147850053	72061
chr3	147777992	147977992	harbor2	chr3	147850626	147850952	DNA/hAT-Charlie	2070	+	163	147850789	72797
chr3	146673254	146873254	harbor2	chr3	146702385	146702694	DNA/hAT-Charlie	1641	+	154	146702539	29285
chr3	146673254	146873254	harbor2	chr3	146763156	146763457	DNA/hAT-Charlie	726	+	150	146763306	90052
chr3	169725217	169925217	harbor2	chr3	169777881	169777947	DNA/hAT-Charlie	738	+	33	169777914	52697
chr3	169725217	169925217	harbor2	chr3	169778226	169778322	DNA/hAT-Charlie	738	+	48	169778274	53057
chr3	190773709	190973709	harbor2	chr3	190803304	190803432	DNA/hAT-Charlie	478	+	64	190803368	29659
chr3	149425678	149625678	harbor2	chr3	149438969	149439226	DNA/hAT-Charlie	1303	+	128	149439097	13419
chr3	149425678	149625678	harbor2	chr3	149466723	149466868	DNA/hAT-Charlie	767	+	72	149466795	41117
chr3	149425678	149625678	harbor2	chr3	149476687	149476778	DNA/hAT-Charlie	466	+	46	149476733	51055
chr3	149425678	149625678	harbor2	chr3	149477100	149477258	DNA/hAT-Charlie	466	+	79	149477179	51501
chr3	149425678	149625678	harbor2	chr3	149511832	149512009	DNA/hAT-Charlie	487	+	88	149511920	86242
chr3	56676733	56876733	harbor2	chr3	56736508	56736724	DNA/hAT-Charlie	440	+	108	56736616	59883
chr3	149106754	149306754	harbor2	chr3	149115217	149115575	DNA/hAT-Charlie	2221	+	179	149115396	8642
chr3	149106754	149306754	harbor2	chr3	149144714	149145014	DNA/hAT-Charlie	1193	+	150	149144864	38110
chr3	149106754	149306754	harbor2	chr3	149187482	149187575	DNA/hAT-Charlie	441	+	46	149187528	80774
chr3	170681530	170881530	harbor2	chr3	170770536	170770819	DNA/hAT-Charlie	812	+	142	170770678	89148
chr3	197108554	197308554	harbor2	chr3	197206975	197207159	DNA/hAT-Charlie	617	+	92	197207067	98513
chr3	78311001	78511001	harbor2	chr3	78355036	78355107	DNA/hAT-Charlie	404	+	36	78355072	44071
chr3	78311001	78511001	harbor2	chr3	78355872	78355922	DNA/hAT-Charlie	404	+	25	78355897	44896
chr3	166610478	166810478	harbor2	chr3	166698526	166699179	DNA/hAT-Charlie	1326	+	326	166698852	88374
chr3	112209896	112409896	harbor2	chr3	112231778	112231955	DNA/hAT-Charlie	737	+	88	112231866	21970
chr3	146856426	147056426	harbor2	chr3	146954850	146955083	DNA/hAT-Charlie	926	+	116	146954966	98540
chr4	179410745	179610745	harbor2	chr4	179414617	179414763	DNA/hAT-Charlie	526	+	73	179414690	3945
chr4	179410745	179610745	harbor2	chr4	179428200	179428355	DNA/hAT-Charlie	585	+	78	179428278	17533
chr4	179410745	179610745	harbor2	chr4	179428346	179428529	DNA/hAT-Charlie	738	+	92	179428438	17693
chr4	179410745	179610745	harbor2	chr4	179428539	179428705	DNA/hAT-Charlie	882	+	83	179428622	17877
chr4	179410745	179610745	harbor2	chr4	179434980	179435167	DNA/hAT-Charlie	878	+	94	179435074	24329
chr4	179410745	179610745	harbor2	chr4	179495303	179495480	DNA/hAT-Charlie	852	+	88	179495391	84646
chr4	57528894	57728894	harbor2	chr4	57530535	57530687	DNA/hAT-Charlie	446	+	76	57530611	1717
chr4	57528894	57728894	harbor2	chr4	57612345	57612561	DNA/hAT-Charlie	1059	+	108	57612453	83559
chr4	57528894	57728894	harbor2	chr4	57618897	57619337	DNA/hAT-Charlie	1479	+	220	57619117	90223
chr4	57528894	57728894	harbor2	chr4	57573317	57573517	DNA/hAT-Charlie	973	+	100	57573417	44523
chr4	185854361	186054361	harbor2	chr4	185916622	185916830	DNA/hAT-Charlie	1026	+	104	185916726	62365
chr4	185854361	186054361	harbor2	chr4	185940870	185941074	DNA/hAT-Charlie	1039	+	102	185940972	86611
chr4	121875958	122075958	harbor2	chr4	121898249	121898593	DNA/hAT-Charlie	2092	+	172	121898421	22463
chr4	121875958	122075958	harbor2	chr4	121926798	121926986	DNA/hAT-Charlie	1004	+	94	121926892	50934
chr4	121875958	122075958	harbor2	chr4	121972086	121972233	DNA/hAT-Charlie	449	+	74	121972160	96202
chr4	151867175	152067175	harbor2	chr4	151886968	151887065	DNA/hAT-Charlie	599	+	48	151887016	19841
chr4	151867175	152067175	harbor2	chr4	151894281	151894314	DNA/hAT-Charlie	837	+	16	151894297	27122
chr4	151867175	152067175	harbor2	chr4	151894345	151894483	DNA/hAT-Charlie	837	+	69	151894414	27239
chr4	151867175	152067175	harbor2	chr4	151945689	151945896	DNA/hAT-Charlie	1291	+	104	151945793	78618
chr4	151867175	152067175	harbor2	chr4	151948199	151949378	DNA/hAT-Charlie	5406	+	590	151948789	81614
chr4	151867175	152067175	harbor2	chr4	151949861	151949920	DNA/hAT-Charlie	5406	+	30	151949891	82716
chr4	109287094	109487094	harbor2	chr4	109303984	109304191	DNA/hAT-Charlie	740	+	104	109304088	16994
chr4	109287094	109487094	harbor2	chr4	109334374	109334656	DNA/hAT-Charlie	864	+	141	109334515	47421
chr4	134530249	134730249	harbor2	chr4	134545501	134545676	DNA/hAT-Charlie	738	+	88	134545589	15340
chr4	134530249	134730249	harbor2	chr4	134545284	134545483	DNA/hAT-Charlie	763	+	100	134545384	15135
chr4	184766898	184966898	harbor2	chr4	184774897	184775155	DNA/hAT-Charlie	595	+	129	184775026	8128
chr4	184766898	184966898	harbor2	chr4	184785018	184785218	DNA/hAT-Charlie	795	+	100	184785118	18220
chr4	184766898	184966898	harbor2	chr4	184788197	184788481	DNA/hAT-Charlie	595	+	142	184788339	21441
chr4	184766898	184966898	harbor2	chr4	184791425	184791569	DNA/hAT-Charlie	674	+	72	184791497	24599
chr4	184766898	184966898	harbor2	chr4	184835905	184836330	DNA/hAT-Charlie	777	+	212	184836117	69219
chr4	187310816	187510816	harbor2	chr4	187399429	187399644	DNA/hAT-Charlie	1122	+	108	187399537	88721
chr4	174823700	175023700	harbor2	chr4	174875537	174875814	DNA/hAT-Charlie	826	+	138	174875675	51975
chr4	165172284	165372284	harbor2	chr4	165220282	165220437	DNA/hAT-Charlie	667	+	78	165220360	48076
chr4	165172284	165372284	harbor2	chr4	165220556	165220684	DNA/hAT-Charlie	667	+	64	165220620	48336
chr4	165172284	165372284	harbor2	chr4	165225861	165226167	DNA/hAT-Charlie	1210	+	153	165226014	53730
chr4	165172284	165372284	harbor2	chr4	165260095	165260359	DNA/hAT-Charlie	955	+	132	165260227	87943
chr4	152082577	152282577	harbor2	chr4	152090909	152091102	DNA/hAT-Charlie	911	+	96	152091005	8428
chr4	152082577	152282577	harbor2	chr4	152131751	152131972	DNA/hAT-Charlie	1083	+	110	152131861	49284
chr4	152082577	152282577	harbor2	chr4	152160835	152160933	DNA/hAT-Charlie	476	+	49	152160884	78307
chr4	152082577	152282577	harbor2	chr4	152161591	152161663	DNA/hAT-Charlie	476	+	36	152161627	79050
chr4	185453674	185653674	harbor2	chr4	185492316	185492427	DNA/hAT-Charlie	1061	+	56	185492372	38698
chr4	185453674	185653674	harbor2	chr4	185492723	185493161	DNA/hAT-Charlie	1061	+	219	185492942	39268
chr4	179089414	179289414	harbor2	chr4	179132206	179134010	DNA/hAT-Charlie	4821	+	902	179133108	43694
chr4	154344083	154544083	harbor2	chr4	154379888	154380128	DNA/hAT-Charlie	959	+	120	154380008	35925
chr4	154344083	154544083	harbor2	chr4	154417831	154418168	DNA/hAT-Charlie	517	+	168	154417999	73916
chr4	154344083	154544083	harbor2	chr4	154436736	154437069	DNA/hAT-Charlie	1254	+	166	154436902	92819
chr4	154344083	154544083	harbor2	chr4	154437122	154437287	DNA/hAT-Charlie	746	+	82	154437204	93121
chr4	177039932	177239932	harbor2	chr4	177080940	177081241	DNA/hAT-Charlie	1030	+	150	177081090	41158
chr4	130510100	130710100	harbor2	chr4	130537788	130538139	DNA/hAT-Charlie	1134	+	176	130537964	27864
chr4	130510100	130710100	harbor2	chr4	130540488	130540717	DNA/hAT-Charlie	457	+	114	130540602	30502
chr4	130510100	130710100	harbor2	chr4	130565779	130565988	DNA/hAT-Charlie	1026	+	104	130565883	55783
chr4	130510100	130710100	harbor2	chr4	130579024	130579533	DNA/hAT-Charlie	3274	+	254	130579278	69178
chr4	130510100	130710100	harbor2	chr4	130608265	130608396	DNA/hAT-Charlie	463	+	66	130608331	98231
chr4	133138494	133338494	harbor2	chr4	133195732	133195910	DNA/hAT-Charlie	491	+	89	133195821	57327
chr4	168612068	168812068	harbor2	chr4	168695376	168695923	DNA/hAT-Charlie	2235	+	274	168695650	83582
chr4	168612068	168812068	harbor2	chr4	168656875	168657058	DNA/hAT-Charlie	594	+	92	168656967	44899
chr4	187333683	187533683	harbor2	chr4	187399429	187399644	DNA/hAT-Charlie	1122	+	108	187399537	65854
chr4	187333683	187533683	harbor2	chr4	187419011	187419142	DNA/hAT-Charlie	514	+	66	187419077	85394
chr4	137402808	137602808	harbor2	chr4	137444440	137444648	DNA/hAT-Charlie	950	+	104	137444544	41736
chr4	137402808	137602808	harbor2	chr4	137472013	137472226	DNA/hAT-Charlie	729	+	106	137472119	69311
chr4	33356515	33556515	harbor2	chr4	33423738	33424010	DNA/hAT-Charlie	778	+	136	33423874	67359
chr4	189886700	190086700	harbor2	chr4	189905651	189905983	DNA/hAT-Charlie	1318	+	166	189905817	19117
chr4	189886700	190086700	harbor2	chr4	189905972	189906106	DNA/hAT-Charlie	736	+	67	189906039	19339
chr4	153043869	153243869	harbor2	chr4	153074973	153075166	DNA/hAT-Charlie	629	+	96	153075069	31200
chr4	153043869	153243869	harbor2	chr4	153075230	153075431	DNA/hAT-Charlie	1224	+	100	153075330	31461
chr4	109647825	109847825	harbor2	chr4	109655802	109655971	DNA/hAT-Charlie	483	+	84	109655886	8061
chr4	109647825	109847825	harbor2	chr4	109657842	109658011	DNA/hAT-Charlie	654	+	84	109657926	10101
chr4	109647825	109847825	harbor2	chr4	109658128	109658193	DNA/hAT-Charlie	654	+	32	109658160	10335
chr4	109647825	109847825	harbor2	chr4	109698962	109699142	DNA/hAT-Charlie	787	+	90	109699052	51227
chr4	109647825	109847825	harbor2	chr4	109709162	109709335	DNA/hAT-Charlie	1077	+	86	109709248	61423
chr4	140506263	140706263	harbor2	chr4	140526033	140526338	DNA/hAT-Charlie	1284	+	152	140526185	19922
chr4	140506263	140706263	harbor2	chr4	140531314	140531701	DNA/hAT-Charlie	761	+	194	140531508	25245
chr4	122072547	122272547	harbor2	chr4	122081536	122081721	DNA/hAT-Charlie	1226	+	92	122081628	9081
chr4	122072547	122272547	harbor2	chr4	122091175	122091288	DNA/hAT-Charlie	638	+	56	122091231	18684
chr4	122072547	122272547	harbor2	chr4	122134952	122135353	DNA/hAT-Charlie	1124	+	200	122135152	62605
chr4	122072547	122272547	harbor2	chr4	122136852	122136936	DNA/hAT-Charlie	417	+	42	122136894	64347
chr4	122072547	122272547	harbor2	chr4	122137897	122137988	DNA/hAT-Charlie	416	+	46	122137943	65396
chr4	133716663	133916663	harbor2	chr4	133752297	133752636	DNA/hAT-Charlie	2075	+	170	133752467	35804
chr4	133716663	133916663	harbor2	chr4	133779759	133779947	DNA/hAT-Charlie	966	+	94	133779853	63190
chr4	178886762	179086762	harbor2	chr4	178942098	178942435	DNA/hAT-Charlie	2073	+	168	178942266	55504
chr4	178886762	179086762	harbor2	chr4	178972445	178972600	DNA/hAT-Charlie	714	+	78	178972523	85761
chr4	154671835	154871835	harbor2	chr4	154681752	154681803	DNA/hAT-Charlie	959	+	26	154681778	9943
chr4	154671835	154871835	harbor2	chr4	154690915	154691062	DNA/hAT-Charlie	794	+	74	154690989	19154
chr4	154671835	154871835	harbor2	chr4	154715183	154715250	DNA/hAT-Charlie	426	+	34	154715217	43382
chr4	154671835	154871835	harbor2	chr4	154715668	154715738	DNA/hAT-Charlie	426	+	35	154715703	43868
chr4	154671835	154871835	harbor2	chr4	154681077	154681445	DNA/hAT-Charlie	959	+	184	154681261	9426
chr4	130299544	130499544	harbor2	chr4	130312961	130313466	DNA/hAT-Charlie	3204	+	252	130313213	13669
chr4	130299544	130499544	harbor2	chr4	130354503	130354719	DNA/hAT-Charlie	522	+	108	130354611	55067
chr4	189291574	189491574	harbor2	chr4	189344311	189344499	DNA/hAT-Charlie	512	+	94	189344405	52831
chr4	189291574	189491574	harbor2	chr4	189383556	189383854	DNA/hAT-Charlie	1054	+	149	189383705	92131
chr4	177051446	177251446	harbor2	chr4	177080940	177081241	DNA/hAT-Charlie	1030	+	150	177081090	29644
chr4	184244382	184444382	harbor2	chr4	184306565	184306791	DNA/hAT-Charlie	1189	+	113	184306678	62296
chr4	184244382	184444382	harbor2	chr4	184317830	184317939	DNA/hAT-Charlie	487	+	54	184317884	73502
chr4	184244382	184444382	harbor2	chr4	184318237	184318313	DNA/hAT-Charlie	487	+	38	184318275	73893
chr4	184244382	184444382	harbor2	chr4	184318781	184318894	DNA/hAT-Charlie	487	+	56	184318837	74455
chr4	141559591	141759591	harbor2	chr4	141570442	141570591	DNA/hAT-Charlie	601	+	74	141570516	10925
chr4	141559591	141759591	harbor2	chr4	141635175	141635723	DNA/hAT-Charlie	1449	+	274	141635449	75858
chr4	161542686	161742686	harbor2	chr4	161559938	161560164	DNA/hAT-Charlie	1564	+	113	161560051	17365
chr4	88944871	89144871	harbor2	chr4	88947905	88948054	DNA/hAT-Charlie	658	+	74	88947979	3108
chr4	63396685	63596685	harbor2	chr4	63445038	63445132	DNA/hAT-Charlie	436	+	47	63445085	48400
chr4	104273120	104473120	harbor2	chr4	104295432	104295634	DNA/hAT-Charlie	831	+	101	104295533	22413
chr4	104273120	104473120	harbor2	chr4	104361882	104362314	DNA/hAT-Charlie	1169	+	216	104362098	88978
chr4	104273120	104473120	harbor2	chr4	104363021	104363198	DNA/hAT-Charlie	609	+	88	104363109	89989
chr4	104273120	104473120	harbor2	chr4	104363487	104363667	DNA/hAT-Charlie	591	+	90	104363577	90457
chr4	104273120	104473120	harbor2	chr4	104367524	104367917	DNA/hAT-Charlie	1282	+	196	104367720	94600
chr4	104273120	104473120	harbor2	chr4	104370133	104370408	DNA/hAT-Charlie	434	+	138	104370271	97151
chr4	53120112	53320112	harbor2	chr4	53137881	53138079	DNA/hAT-Charlie	702	+	99	53137980	17868
chr4	53120112	53320112	harbor2	chr4	53144861	53145182	DNA/hAT-Charlie	1863	+	160	53145021	24909
chr4	53120112	53320112	harbor2	chr4	53155800	53156101	DNA/hAT-Charlie	5374	+	150	53155950	35838
chr4	53120112	53320112	harbor2	chr4	53156710	53157747	DNA/hAT-Charlie	5374	+	518	53157228	37116
chr4	53120112	53320112	harbor2	chr4	53192054	53192268	DNA/hAT-Charlie	527	+	107	53192161	72049
chr4	53120112	53320112	harbor2	chr4	53210320	53210693	DNA/hAT-Charlie	1824	+	186	53210506	90394
chr4	53120112	53320112	harbor2	chr4	53211798	53211930	DNA/hAT-Charlie	759	+	66	53211864	91752
chr4	101155520	101355520	harbor2	chr4	101184391	101184693	DNA/hAT-Charlie	1347	+	151	101184542	29022
chr4	101155520	101355520	harbor2	chr4	101191091	101191274	DNA/hAT-Charlie	926	+	92	101191183	35663
chr4	101155520	101355520	harbor2	chr4	101200915	101201218	DNA/hAT-Charlie	1046	+	152	101201067	45547
chr4	101155520	101355520	harbor2	chr4	101230990	101231231	DNA/hAT-Charlie	545	+	120	101231110	75590
chr4	101155520	101355520	harbor2	chr4	101231429	101231587	DNA/hAT-Charlie	578	+	79	101231508	75988
chr4	164512770	164712770	harbor2	chr4	164570963	164571107	DNA/hAT-Charlie	499	+	72	164571035	58265
chr4	95534468	95734468	harbor2	chr4	95551056	95551228	DNA/hAT-Charlie	658	+	86	95551142	16674
chr4	95534468	95734468	harbor2	chr4	95587738	95588548	DNA/hAT-Charlie	1916	+	405	95588143	53675
chr4	70954344	71154344	harbor2	chr4	70996377	70996500	DNA/hAT-Charlie	554	+	62	70996439	42095
chr4	156590058	156790058	harbor2	chr4	156667664	156667833	DNA/hAT-Charlie	699	+	84	156667748	77690
chr4	156590058	156790058	harbor2	chr4	156684261	156684872	DNA/hAT-Charlie	1352	+	306	156684567	94509
chr4	156590058	156790058	harbor2	chr4	156685094	156685344	DNA/hAT-Charlie	509	+	125	156685219	95161
chr4	156590058	156790058	harbor2	chr4	156679758	156681108	DNA/hAT-Charlie	5223	+	675	156680433	90375
chr4	178411078	178611078	harbor2	chr4	178459479	178459580	DNA/hAT-Charlie	685	+	50	178459529	48451
chr4	178411078	178611078	harbor2	chr4	178460192	178460257	DNA/hAT-Charlie	685	+	32	178460224	49146
chr5	176921320	177121320	harbor2	chr5	176927818	176927851	DNA/hAT-Charlie	981	+	16	176927834	6514
chr5	176921320	177121320	harbor2	chr5	176928144	176928334	DNA/hAT-Charlie	981	+	95	176928239	6919
chr5	176921320	177121320	harbor2	chr5	176952433	176952650	DNA/hAT-Charlie	1074	+	108	176952541	31221
chr5	176921320	177121320	harbor2	chr5	176973234	176973461	DNA/hAT-Charlie	626	+	114	176973348	52028
chr5	176921320	177121320	harbor2	chr5	176981949	176982087	DNA/hAT-Charlie	632	+	69	176982018	60698
chr5	176921320	177121320	harbor2	chr5	177015467	177015634	DNA/hAT-Charlie	551	+	84	177015551	94231
chr5	82401398	82601398	harbor2	chr5	82492264	82492709	DNA/hAT-Charlie	2744	+	222	82492486	91088
chr5	31458572	31658572	harbor2	chr5	31458628	31458821	DNA/hAT-Charlie	856	+	96	31458724	152
chr5	31458572	31658572	harbor2	chr5	31514740	31514955	DNA/hAT-Charlie	1330	+	108	31514848	56276
chr5	161766411	161966411	harbor2	chr5	161776513	161777435	DNA/hAT-Charlie	761	+	461	161776974	10563
chr5	161766411	161966411	harbor2	chr5	161775449	161776252	DNA/hAT-Charlie	2036	+	402	161775851	9440
chr5	181188832	181388832	harbor2	chr5	181231920	181232028	DNA/hAT-Charlie	536	+	54	181231974	43142
chr5	181188832	181388832	harbor2	chr5	181237806	181237996	DNA/hAT-Charlie	785	+	95	181237901	49069
chr5	181188832	181388832	harbor2	chr5	181253484	181253706	DNA/hAT-Charlie	1273	+	111	181253595	64763
chr5	145988895	146188895	harbor2	chr5	146002574	146002979	DNA/hAT-Charlie	2065	+	202	146002776	13881
chr5	145988895	146188895	harbor2	chr5	146029367	146029488	DNA/hAT-Charlie	453	+	60	146029427	40532
chr5	145988895	146188895	harbor2	chr5	146030654	146030997	DNA/hAT-Charlie	1203	+	172	146030826	41931
chr5	86694312	86894312	harbor2	chr5	86778894	86779096	DNA/hAT-Charlie	760	+	101	86778995	84683
chr5	177002174	177202174	harbor2	chr5	177015467	177015634	DNA/hAT-Charlie	551	+	84	177015551	13377
chr5	177002174	177202174	harbor2	chr5	177040684	177040803	DNA/hAT-Charlie	445	+	60	177040744	38570
chr5	105934595	106134595	harbor2	chr5	105985935	105986145	DNA/hAT-Charlie	573	+	105	105986040	51445
chr5	105934595	106134595	harbor2	chr5	105990126	105990297	DNA/hAT-Charlie	536	+	86	105990212	55617
chr5	159589011	159789011	harbor2	chr5	159628528	159628650	DNA/hAT-Charlie	466	+	61	159628589	39578
chr5	159589011	159789011	harbor2	chr5	159642561	159642812	DNA/hAT-Charlie	894	+	126	159642687	53676
chr5	159589011	159789011	harbor2	chr5	159648555	159648748	DNA/hAT-Charlie	1002	+	96	159648651	59640
chr5	159589011	159789011	harbor2	chr5	159659625	159659847	DNA/hAT-Charlie	1093	+	111	159659736	70725
chr5	159589011	159789011	harbor2	chr5	159663541	159663705	DNA/hAT-Charlie	528	+	82	159663623	74612
chr5	118836607	119036607	harbor2	chr5	118861963	118862294	DNA/hAT-Charlie	1664	+	166	118862129	25522
chr5	118836607	119036607	harbor2	chr5	118919974	118920140	DNA/hAT-Charlie	959	+	83	118920057	83450
chr5	142828247	143028247	harbor2	chr5	142863686	142863822	DNA/hAT-Charlie	591	+	68	142863754	35507
chr5	142828247	143028247	harbor2	chr5	142897505	142897625	DNA/hAT-Charlie	518	+	60	142897565	69318
chr5	142828247	143028247	harbor2	chr5	142925109	142925220	DNA/hAT-Charlie	394	+	56	142925165	96918
chr5	177904189	178104189	harbor2	chr5	177920844	177921032	DNA/hAT-Charlie	642	+	94	177920938	16749
chr5	177904189	178104189	harbor2	chr5	177921304	177921384	DNA/hAT-Charlie	642	+	40	177921344	17155
chr5	177904189	178104189	harbor2	chr5	177997335	177997482	DNA/hAT-Charlie	677	+	74	177997409	93220
chr5	177904189	178104189	harbor2	chr5	177997860	177997880	DNA/hAT-Charlie	677	+	10	177997870	93681
chr5	167891917	168091917	harbor2	chr5	167898183	167898382	DNA/hAT-Charlie	800	+	100	167898283	6366
chr5	167891917	168091917	harbor2	chr5	167921498	167921628	DNA/hAT-Charlie	428	+	65	167921563	29646
chr5	167891917	168091917	harbor2	chr5	167951910	167952136	DNA/hAT-Charlie	618	+	113	167952023	60106
chr5	159756297	159956297	harbor2	chr5	159759247	159759432	DNA/hAT-Charlie	491	+	92	159759339	3042
chr5	159756297	159956297	harbor2	chr5	159799141	159799326	DNA/hAT-Charlie	418	+	92	159799233	42936
chr5	159756297	159956297	harbor2	chr5	159813464	159813695	DNA/hAT-Charlie	1577	+	116	159813580	57283
chr5	159756297	159956297	harbor2	chr5	159821175	159821446	DNA/hAT-Charlie	571	+	136	159821311	65014
chr5	159756297	159956297	harbor2	chr5	159850981	159851104	DNA/hAT-Charlie	493	+	62	159851043	94746
chr5	159756297	159956297	harbor2	chr5	159851332	159851571	DNA/hAT-Charlie	829	+	120	159851452	95155
chr5	61111041	61311041	harbor2	chr5	61117940	61118245	DNA/hAT-Charlie	1104	+	152	61118092	7051
chr5	61111041	61311041	harbor2	chr5	61118245	61118358	DNA/hAT-Charlie	588	+	56	61118301	7260
chr5	61111041	61311041	harbor2	chr5	61118460	61118655	DNA/hAT-Charlie	1115	+	98	61118558	7517
chr5	61111041	61311041	harbor2	chr5	61135529	61135692	DNA/hAT-Charlie	824	+	82	61135611	24570
chr5	61111041	61311041	harbor2	chr5	61147613	61147797	DNA/hAT-Charlie	835	+	92	61147705	36664
chr5	61111041	61311041	harbor2	chr5	61164019	61164344	DNA/hAT-Charlie	2055	+	162	61164181	53140
chr5	61111041	61311041	harbor2	chr5	61179431	61179605	DNA/hAT-Charlie	633	+	87	61179518	68477
chr5	163637416	163837416	harbor2	chr5	163699805	163699985	DNA/hAT-Charlie	651	+	90	163699895	62479
chr5	163637416	163837416	harbor2	chr5	163723450	163723640	DNA/hAT-Charlie	746	+	95	163723545	86129
chr5	126826315	127026315	harbor2	chr5	126832908	126833080	DNA/hAT-Charlie	460	+	86	126832994	6679
chr5	126826315	127026315	harbor2	chr5	126873472	126873622	DNA/hAT-Charlie	812	+	75	126873547	47232
chr5	126826315	127026315	harbor2	chr5	126887194	126887645	DNA/hAT-Charlie	1666	+	226	126887420	61105
chr5	175697246	175897246	harbor2	chr5	175745050	175745388	DNA/hAT-Charlie	1611	+	169	175745219	47973
chr5	175697246	175897246	harbor2	chr5	175745566	175746035	DNA/hAT-Charlie	945	+	234	175745800	48554
chr5	175697246	175897246	harbor2	chr5	175769715	175769958	DNA/hAT-Charlie	521	+	122	175769837	72591
chr5	144213599	144413599	harbor2	chr5	144263225	144263697	DNA/hAT-Charlie	794	+	236	144263461	49862
chr5	144213599	144413599	harbor2	chr5	144291714	144292166	DNA/hAT-Charlie	1412	+	226	144291940	78341
chr5	169999990	170199990	harbor2	chr5	170025230	170025452	DNA/hAT-Charlie	1305	+	111	170025341	25351
chr5	169999990	170199990	harbor2	chr5	170031849	170032005	DNA/hAT-Charlie	676	+	78	170031927	31937
chr5	169999990	170199990	harbor2	chr5	170038399	170038709	DNA/hAT-Charlie	781	+	155	170038554	38564
chr5	169999990	170199990	harbor2	chr5	170066703	170066918	DNA/hAT-Charlie	1218	+	108	170066811	66821
chr5	169999990	170199990	harbor2	chr5	170094145	170094295	DNA/hAT-Charlie	712	+	75	170094220	94230
chr5	169999990	170199990	harbor2	chr5	170098981	170099069	DNA/hAT-Charlie	686	+	44	170099025	99035
chr5	169999990	170199990	harbor2	chr5	170099550	170099718	DNA/hAT-Charlie	686	+	84	170099634	99644
chr5	150220775	150420775	harbor2	chr5	150264090	150264217	DNA/hAT-Charlie	511	+	64	150264154	43379
chr5	150220775	150420775	harbor2	chr5	150279113	150279297	DNA/hAT-Charlie	803	+	92	150279205	58430
chr5	150220775	150420775	harbor2	chr5	150280885	150281047	DNA/hAT-Charlie	453	+	81	150280966	60191
chr5	150220775	150420775	harbor2	chr5	150287228	150287380	DNA/hAT-Charlie	525	+	76	150287304	66529
chr5	52189204	52389204	harbor2	chr5	52202591	52202691	DNA/hAT-Charlie	684	+	50	52202641	13437
chr5	52189204	52389204	harbor2	chr5	52202986	52203053	DNA/hAT-Charlie	684	+	34	52203020	13816
chr5	101369248	101569248	harbor2	chr5	101455852	101456149	DNA/hAT-Charlie	543	+	148	101456000	86752
chr5	101369248	101569248	harbor2	chr5	101456138	101456578	DNA/hAT-Charlie	939	+	220	101456358	87110
chr5	94575234	94775234	harbor2	chr5	94607181	94607340	DNA/hAT-Charlie	653	+	80	94607261	32027
chr5	94575234	94775234	harbor2	chr5	94608161	94608249	DNA/hAT-Charlie	653	+	44	94608205	32971
chr5	94575234	94775234	harbor2	chr5	94608677	94609567	DNA/hAT-Charlie	3947	+	445	94609122	33888
chr5	40531462	40731462	harbor2	chr5	40560604	40560684	DNA/hAT-Charlie	426	+	40	40560644	29182
chr5	40531462	40731462	harbor2	chr5	40571659	40571843	DNA/hAT-Charlie	1002	+	92	40571751	40289
chr5	179132808	179332808	harbor2	chr5	179170937	179171223	DNA/hAT-Charlie	927	+	143	179171080	38272
chr5	179132808	179332808	harbor2	chr5	179181653	179181860	DNA/hAT-Charlie	457	+	104	179181757	48949
chr5	179132808	179332808	harbor2	chr5	179195386	179195633	DNA/hAT-Charlie	477	+	124	179195510	62702
chr5	102909710	103109710	harbor2	chr5	102929771	102929987	DNA/hAT-Charlie	1461	+	108	102929879	20169
chr5	171824318	172024318	harbor2	chr5	171850656	171850878	DNA/hAT-Charlie	1169	+	111	171850767	26449
chr5	171824318	172024318	harbor2	chr5	171887045	171887192	DNA/hAT-Charlie	576	+	74	171887119	62801
chr5	104905028	105105028	harbor2	chr5	104927823	104927980	DNA/hAT-Charlie	685	+	78	104927901	22873
chr5	104905028	105105028	harbor2	chr5	104928279	104928475	DNA/hAT-Charlie	685	+	98	104928377	23349
chr5	133835261	134035261	harbor2	chr5	133890513	133890833	DNA/hAT-Charlie	1522	+	160	133890673	55412
chr5	122360405	122560405	harbor2	chr5	122375975	122376157	DNA/hAT-Charlie	947	+	91	122376066	15661
chr5	122360405	122560405	harbor2	chr5	122393518	122393739	DNA/hAT-Charlie	1051	+	110	122393628	33223
chr5	122360405	122560405	harbor2	chr5	122411684	122411846	DNA/hAT-Charlie	586	+	81	122411765	51360
chr5	122360405	122560405	harbor2	chr5	122428140	122428399	DNA/hAT-Charlie	585	+	130	122428270	67865
chr5	122360405	122560405	harbor2	chr5	122447696	122447903	DNA/hAT-Charlie	1003	+	104	122447800	87395
chr5	168783581	168983581	harbor2	chr5	168827792	168827992	DNA/hAT-Charlie	714	+	100	168827892	44311
chr5	168783581	168983581	harbor2	chr5	168828323	168828348	DNA/hAT-Charlie	661	+	12	168828335	44754
chr5	168783581	168983581	harbor2	chr5	168828688	168828843	DNA/hAT-Charlie	661	+	78	168828766	45185
chr5	45181799	45381799	harbor2	chr5	45191039	45191369	DNA/hAT-Charlie	1071	+	165	45191204	9405
chr5	45181799	45381799	harbor2	chr5	45201329	45201537	DNA/hAT-Charlie	719	+	104	45201433	19634
chr5	45181799	45381799	harbor2	chr5	45227586	45227751	DNA/hAT-Charlie	660	+	82	45227668	45869
chr5	45181799	45381799	harbor2	chr5	45263440	45263575	DNA/hAT-Charlie	452	+	68	45263508	81709
chr5	45181799	45381799	harbor2	chr5	45278845	45279021	DNA/hAT-Charlie	505	+	88	45278933	97134
chr5	173442534	173642534	harbor2	chr5	173450304	173450484	DNA/hAT-Charlie	813	+	90	173450394	7860
chr5	173442534	173642534	harbor2	chr5	173485332	173485534	DNA/hAT-Charlie	620	+	101	173485433	42899
chr5	173442534	173642534	harbor2	chr5	173517354	173517528	DNA/hAT-Charlie	712	+	87	173517441	74907
chr5	173442534	173642534	harbor2	chr5	173519669	173519869	DNA/hAT-Charlie	444	+	100	173519769	77235
chr5	173442534	173642534	harbor2	chr5	173535284	173535490	DNA/hAT-Charlie	518	+	103	173535387	92853
chr5	173442534	173642534	harbor2	chr5	173506361	173506699	DNA/hAT-Charlie	1376	+	169	173506530	63996
chr5	136916114	137116114	harbor2	chr5	136924809	136924898	DNA/hAT-Charlie	404	+	44	136924853	8739
chr5	136916114	137116114	harbor2	chr5	136959738	136960000	DNA/hAT-Charlie	1114	+	131	136959869	43755
chr5	136916114	137116114	harbor2	chr5	136960686	136960868	DNA/hAT-Charlie	714	+	91	136960777	44663
chr5	136916114	137116114	harbor2	chr5	136981041	136981212	DNA/hAT-Charlie	748	+	86	136981127	65013
chr5	156503327	156703327	harbor2	chr5	156552253	156552438	DNA/hAT-Charlie	465	+	92	156552345	49018
chr5	156503327	156703327	harbor2	chr5	156557461	156557600	DNA/hAT-Charlie	628	+	70	156557531	54204
chr5	156503327	156703327	harbor2	chr5	156588168	156588537	DNA/hAT-Charlie	755	+	184	156588352	85025
chr5	149064585	149264585	harbor2	chr5	149132088	149132292	DNA/hAT-Charlie	1030	+	102	149132190	67605
chr5	149064585	149264585	harbor2	chr5	149152003	149152266	DNA/hAT-Charlie	415	+	132	149152135	87550
chr5	149064585	149264585	harbor2	chr5	149164468	149164633	DNA/hAT-Charlie	761	+	82	149164550	99965
chr5	127471103	127671103	harbor2	chr5	127498822	127499019	DNA/hAT-Charlie	889	+	98	127498920	27817
chr5	127471103	127671103	harbor2	chr5	127530052	127530163	DNA/hAT-Charlie	417	+	56	127530108	59005
chr5	127471103	127671103	harbor2	chr5	127549670	127549886	DNA/hAT-Charlie	1212	+	108	127549778	78675
chr5	127471103	127671103	harbor2	chr5	127550544	127550707	DNA/hAT-Charlie	700	+	82	127550626	79523
chr5	127471103	127671103	harbor2	chr5	127532813	127533165	DNA/hAT-Charlie	604	+	176	127532989	61886
chr5	164357347	164557347	harbor2	chr5	164404637	164404895	DNA/hAT-Charlie	469	+	129	164404766	47419
chr5	139313290	139513290	harbor2	chr5	139328493	139328690	DNA/hAT-Charlie	601	+	98	139328591	15301
chr5	139313290	139513290	harbor2	chr5	139401462	139401553	DNA/hAT-Charlie	491	+	46	139401508	88218
chr5	139313290	139513290	harbor2	chr5	139406218	139406441	DNA/hAT-Charlie	673	+	112	139406330	93040
chr5	167911709	168111709	harbor2	chr5	167921498	167921628	DNA/hAT-Charlie	428	+	65	167921563	9854
chr5	167911709	168111709	harbor2	chr5	167951910	167952136	DNA/hAT-Charlie	618	+	113	167952023	40314
chr5	167911709	168111709	harbor2	chr5	168011328	168011511	DNA/hAT-Charlie	924	+	92	168011420	99711
chr5	70086314	70286314	harbor2	chr5	70141574	70141769	DNA/hAT-Charlie	861	+	98	70141672	55358
chr5	95518556	95718556	harbor2	chr5	95572908	95573096	DNA/hAT-Charlie	937	+	94	95573002	54446
chr5	118920277	119120277	harbor2	chr5	118957741	118957859	DNA/hAT-Charlie	503	+	59	118957800	37523
chr5	162608921	162808921	harbor2	chr5	162673211	162673391	DNA/hAT-Charlie	449	+	90	162673301	64380
chr5	162608921	162808921	harbor2	chr5	162705638	162705804	DNA/hAT-Charlie	643	+	83	162705721	96800
chr5	162608921	162808921	harbor2	chr5	162706147	162706270	DNA/hAT-Charlie	505	+	62	162706209	97288
chr5	124542505	124742505	harbor2	chr5	124583301	124583465	DNA/hAT-Charlie	889	+	82	124583383	40878
chr5	124542505	124742505	harbor2	chr5	124595644	124595797	DNA/hAT-Charlie	798	+	76	124595720	53215
chr5	124542505	124742505	harbor2	chr5	124596417	124596612	DNA/hAT-Charlie	798	+	98	124596515	54010
chr5	124542505	124742505	harbor2	chr5	124633234	124633425	DNA/hAT-Charlie	439	+	96	124633330	90825
chr5	124542505	124742505	harbor2	chr5	124634119	124634267	DNA/hAT-Charlie	908	+	74	124634193	91688
chr5	160658958	160858958	harbor2	chr5	160665421	160665688	DNA/hAT-Charlie	623	+	134	160665555	6597
chr5	160658958	160858958	harbor2	chr5	160681762	160682000	DNA/hAT-Charlie	644	+	119	160681881	22923
chr5	160658958	160858958	harbor2	chr5	160698370	160698531	DNA/hAT-Charlie	487	+	80	160698450	39492
chr5	160658958	160858958	harbor2	chr5	160743779	160743998	DNA/hAT-Charlie	1013	+	110	160743889	84931
chr5	160658958	160858958	harbor2	chr5	160745827	160745978	DNA/hAT-Charlie	408	+	76	160745903	86945
chr5	160658958	160858958	harbor2	chr5	160746924	160747270	DNA/hAT-Charlie	627	+	173	160747097	88139
chr5	114127597	114327597	harbor2	chr5	114139828	114140250	DNA/hAT-Charlie	1241	+	211	114140039	12442
chr5	114127597	114327597	harbor2	chr5	114208530	114208648	DNA/hAT-Charlie	444	+	59	114208589	80992
chr5	153729797	153929797	harbor2	chr5	153734948	153735143	DNA/hAT-Charlie	1114	+	98	153735046	5249
chr5	153729797	153929797	harbor2	chr5	153751418	153751639	DNA/hAT-Charlie	1256	+	110	153751528	21731
chr5	153729797	153929797	harbor2	chr5	153766956	153767130	DNA/hAT-Charlie	414	+	87	153767043	37246
chr5	153729797	153929797	harbor2	chr5	153769192	153769384	DNA/hAT-Charlie	425	+	96	153769288	39491
chr5	153729797	153929797	harbor2	chr5	153790517	153790841	DNA/hAT-Charlie	840	+	162	153790679	60882
chr5	153729797	153929797	harbor2	chr5	153808528	153808695	DNA/hAT-Charlie	753	+	84	153808612	78815
chr5	153729797	153929797	harbor2	chr5	153817675	153817892	DNA/hAT-Charlie	1283	+	108	153817783	87986
chr5	125025909	125225909	harbor2	chr5	125054254	125054767	DNA/hAT-Charlie	3152	+	256	125054510	28601
chr5	125025909	125225909	harbor2	chr5	125079106	125079625	DNA/hAT-Charlie	3656	+	260	125079366	53457
chr5	125025909	125225909	harbor2	chr5	125119297	125119479	DNA/hAT-Charlie	997	+	91	125119388	93479
chr5	137063624	137263624	harbor2	chr5	137104503	137104995	DNA/hAT-Charlie	2933	+	246	137104749	41125
chr5	137063624	137263624	harbor2	chr5	137110301	137110433	DNA/hAT-Charlie	669	+	66	137110367	46743
chr5	137063624	137263624	harbor2	chr5	137151301	137151479	DNA/hAT-Charlie	498	+	89	137151390	87766
chr5	137063624	137263624	harbor2	chr5	137162480	137162709	DNA/hAT-Charlie	967	+	114	137162594	98970
chr5	55075675	55275675	harbor2	chr5	55115219	55115500	DNA/hAT-Charlie	566	+	140	55115359	39684
chr5	55075675	55275675	harbor2	chr5	55126652	55126821	DNA/hAT-Charlie	661	+	84	55126736	51061
chr5	55075675	55275675	harbor2	chr5	55135649	55135878	DNA/hAT-Charlie	1542	+	114	55135763	60088
chr5	55075675	55275675	harbor2	chr5	55082885	55083035	DNA/hAT-Charlie	490	+	75	55082960	7285
chr5	152085270	152285270	harbor2	chr5	152106715	152106905	DNA/hAT-Charlie	1039	+	95	152106810	21540
chr5	152085270	152285270	harbor2	chr5	152122908	152123164	DNA/hAT-Charlie	569	+	128	152123036	37766
chr5	152085270	152285270	harbor2	chr5	152139056	152139511	DNA/hAT-Charlie	1397	+	228	152139284	54014
chr5	152085270	152285270	harbor2	chr5	152144949	152145145	DNA/hAT-Charlie	543	+	98	152145047	59777
chr5	152085270	152285270	harbor2	chr5	152150226	152150515	DNA/hAT-Charlie	667	+	144	152150370	65100
chr5	152085270	152285270	harbor2	chr5	152152862	152153025	DNA/hAT-Charlie	638	+	82	152152944	67674
chr5	152085270	152285270	harbor2	chr5	152164359	152164701	DNA/hAT-Charlie	1939	+	171	152164530	79260
chr5	152085270	152285270	harbor2	chr5	152166340	152166483	DNA/hAT-Charlie	397	+	72	152166412	81142
chr5	152085270	152285270	harbor2	chr5	152168658	152169122	DNA/hAT-Charlie	770	+	232	152168890	83620
chr5	151857548	152057548	harbor2	chr5	151862599	151862764	DNA/hAT-Charlie	573	+	82	151862681	5133
chr5	151857548	152057548	harbor2	chr5	151888610	151888757	DNA/hAT-Charlie	456	+	74	151888684	31136
chr5	151857548	152057548	harbor2	chr5	151890466	151890778	DNA/hAT-Charlie	782	+	156	151890622	33074
chr5	151857548	152057548	harbor2	chr5	151891374	151891693	DNA/hAT-Charlie	1134	+	160	151891534	33986
chr5	151857548	152057548	harbor2	chr5	151917170	151917330	DNA/hAT-Charlie	739	+	80	151917250	59702
chr5	151857548	152057548	harbor2	chr5	151918963	151919306	DNA/hAT-Charlie	851	+	172	151919135	61587
chr5	151857548	152057548	harbor2	chr5	151921348	151921554	DNA/hAT-Charlie	885	+	103	151921451	63903
chr5	151857548	152057548	harbor2	chr5	151943249	151943760	DNA/hAT-Charlie	1054	+	256	151943505	85957
chr5	151857548	152057548	harbor2	chr5	151943852	151944172	DNA/hAT-Charlie	1490	+	160	151944012	86464
chr5	114120565	114320565	harbor2	chr5	114139828	114140250	DNA/hAT-Charlie	1241	+	211	114140039	19474
chr5	114120565	114320565	harbor2	chr5	114208530	114208648	DNA/hAT-Charlie	444	+	59	114208589	88024
chr5	126835857	127035857	harbor2	chr5	126873472	126873622	DNA/hAT-Charlie	812	+	75	126873547	37690
chr5	126835857	127035857	harbor2	chr5	126887194	126887645	DNA/hAT-Charlie	1666	+	226	126887420	51563
chr5	136458615	136658615	harbor2	chr5	136470492	136470648	DNA/hAT-Charlie	449	+	78	136470570	11955
chr5	123064590	123264590	harbor2	chr5	123137836	123138012	DNA/hAT-Charlie	485	+	88	123137924	73334
chr5	165094344	165294344	harbor2	chr5	165142633	165142933	DNA/hAT-Charlie	1117	+	150	165142783	48439
chr5	118015574	118215574	harbor2	chr5	118044107	118044368	DNA/hAT-Charlie	535	+	130	118044237	28663
chr5	118015574	118215574	harbor2	chr5	118067509	118067696	DNA/hAT-Charlie	737	+	94	118067603	52029
chr5	118015574	118215574	harbor2	chr5	118084684	118084879	DNA/hAT-Charlie	526	+	98	118084782	69208
chr5	118015574	118215574	harbor2	chr5	118088071	118088347	DNA/hAT-Charlie	1760	+	138	118088209	72635
chr5	118015574	118215574	harbor2	chr5	118097793	118098015	DNA/hAT-Charlie	924	+	111	118097904	82330
chr5	118015574	118215574	harbor2	chr5	118115278	118115486	DNA/hAT-Charlie	807	+	104	118115382	99808
chr5	77920231	78120231	harbor2	chr5	77932582	77932652	DNA/hAT-Charlie	815	+	35	77932617	12386
chr5	77920231	78120231	harbor2	chr5	77932933	77933041	DNA/hAT-Charlie	815	+	54	77932987	12756
chr5	77920231	78120231	harbor2	chr5	77938068	77938179	DNA/hAT-Charlie	458	+	56	77938124	17893
chr5	77920231	78120231	harbor2	chr5	77956109	77956428	DNA/hAT-Charlie	1031	+	160	77956269	36038
chr5	148006738	148206738	harbor2	chr5	148034175	148034502	DNA/hAT-Charlie	1676	+	164	148034339	27601
chr5	174853857	175053857	harbor2	chr5	174878578	174878697	DNA/hAT-Charlie	423	+	60	174878638	24781
chr5	174853857	175053857	harbor2	chr5	174918726	174918880	DNA/hAT-Charlie	882	+	77	174918803	64946
chr5	161804975	162004975	harbor2	chr5	161889701	161889869	DNA/hAT-Charlie	819	+	84	161889785	84810
chr5	151143263	151343263	harbor2	chr5	151202384	151202659	DNA/hAT-Charlie	661	+	138	151202522	59259
chr5	151143263	151343263	harbor2	chr5	151225623	151225800	DNA/hAT-Charlie	735	+	88	151225711	82448
chr5	151143263	151343263	harbor2	chr5	151232381	151232538	DNA/hAT-Charlie	653	+	78	151232459	89196
chr5	151143263	151343263	harbor2	chr5	151239270	151239445	DNA/hAT-Charlie	560	+	88	151239358	96095
chr5	151143263	151343263	harbor2	chr5	151241011	151241170	DNA/hAT-Charlie	703	+	80	151241091	97828
chr5	168449687	168649687	harbor2	chr5	168450023	168450267	DNA/hAT-Charlie	775	+	122	168450145	458
chr5	168449687	168649687	harbor2	chr5	168468701	168468924	DNA/hAT-Charlie	987	+	112	168468813	19126
chr5	168449687	168649687	harbor2	chr5	168474681	168474939	DNA/hAT-Charlie	969	+	129	168474810	25123
chr5	168449687	168649687	harbor2	chr5	168484385	168484622	DNA/hAT-Charlie	660	+	118	168484503	34816
chr5	168449687	168649687	harbor2	chr5	168537166	168537259	DNA/hAT-Charlie	420	+	46	168537212	87525
chr5	126152987	126352987	harbor2	chr5	126184555	126184654	DNA/hAT-Charlie	436	+	50	126184605	31618
chr5	61047037	61247037	harbor2	chr5	61069359	61069633	DNA/hAT-Charlie	650	+	137	61069496	22459
chr5	61047037	61247037	harbor2	chr5	61081496	61082174	DNA/hAT-Charlie	1856	+	339	61081835	34798
chr5	61047037	61247037	harbor2	chr5	61117940	61118245	DNA/hAT-Charlie	1104	+	152	61118092	71055
chr5	61047037	61247037	harbor2	chr5	61118245	61118358	DNA/hAT-Charlie	588	+	56	61118301	71264
chr5	61047037	61247037	harbor2	chr5	61118460	61118655	DNA/hAT-Charlie	1115	+	98	61118558	71521
chr5	61047037	61247037	harbor2	chr5	61135529	61135692	DNA/hAT-Charlie	824	+	82	61135611	88574
chr5	132619090	132819090	harbor2	chr5	132621136	132621311	DNA/hAT-Charlie	731	+	88	132621224	2134
chr5	132619090	132819090	harbor2	chr5	132630752	132630937	DNA/hAT-Charlie	1422	+	92	132630844	11754
chr5	132619090	132819090	harbor2	chr5	132697469	132697533	DNA/hAT-Charlie	405	+	32	132697501	78411
chr5	132619090	132819090	harbor2	chr5	132697767	132697929	DNA/hAT-Charlie	405	+	81	132697848	78758
chr5	116550415	116750415	harbor2	chr5	116578435	116578603	DNA/hAT-Charlie	502	+	84	116578519	28104
chr5	116550415	116750415	harbor2	chr5	116635767	116636123	DNA/hAT-Charlie	2692	+	178	116635945	85530
chr5	71982624	72182624	harbor2	chr5	71990690	71990825	DNA/hAT-Charlie	619	+	68	71990758	8134
chr5	71982624	72182624	harbor2	chr5	72049832	72050191	DNA/hAT-Charlie	967	+	180	72050012	67388
chr5	71982624	72182624	harbor2	chr5	72050550	72050726	DNA/hAT-Charlie	507	+	88	72050638	68014
chr5	71982624	72182624	harbor2	chr5	72066540	72066799	DNA/hAT-Charlie	726	+	130	72066670	84046
chr5	111847443	112047443	harbor2	chr5	111858070	111858250	DNA/hAT-Charlie	782	+	90	111858160	10717
chr5	111847443	112047443	harbor2	chr5	111864413	111864647	DNA/hAT-Charlie	436	+	117	111864530	17087
chr5	111847443	112047443	harbor2	chr5	111868486	111868716	DNA/hAT-Charlie	438	+	115	111868601	21158
chr5	83878015	84078015	harbor2	chr5	83888521	83888654	DNA/hAT-Charlie	413	+	66	83888587	10572
chr5	155389242	155589242	harbor2	chr5	155393899	155394070	DNA/hAT-Charlie	543	+	86	155393985	4743
chr5	155389242	155589242	harbor2	chr5	155407838	155408064	DNA/hAT-Charlie	789	+	113	155407951	18709
chr5	155389242	155589242	harbor2	chr5	155408184	155408396	DNA/hAT-Charlie	571	+	106	155408290	19048
chr5	155389242	155589242	harbor2	chr5	155464565	155464716	DNA/hAT-Charlie	697	+	76	155464641	75399
chr5	144690452	144890452	harbor2	chr5	144747692	144747866	DNA/hAT-Charlie	541	+	87	144747779	57327
chr5	144690452	144890452	harbor2	chr5	144765478	144765671	DNA/hAT-Charlie	899	+	96	144765574	75122
chr5	144690452	144890452	harbor2	chr5	144783186	144783392	DNA/hAT-Charlie	565	+	103	144783289	92837
chr5	144690452	144890452	harbor2	chr5	144788185	144788330	DNA/hAT-Charlie	483	+	72	144788257	97805
chr5	147461876	147661876	harbor2	chr5	147466011	147466276	DNA/hAT-Charlie	455	+	132	147466143	4267
chr5	147461876	147661876	harbor2	chr5	147469631	147469740	DNA/hAT-Charlie	421	+	54	147469685	7809
chr5	147461876	147661876	harbor2	chr5	147487532	147487756	DNA/hAT-Charlie	1063	+	112	147487644	25768
chr5	147461876	147661876	harbor2	chr5	147519721	147519904	DNA/hAT-Charlie	699	+	92	147519813	57937
chr5	147461876	147661876	harbor2	chr5	147530092	147530257	DNA/hAT-Charlie	422	+	82	147530174	68298
chr5	160319745	160519745	harbor2	chr5	160325801	160326014	DNA/hAT-Charlie	1085	+	106	160325907	6162
chr5	160319745	160519745	harbor2	chr5	160330213	160330374	DNA/hAT-Charlie	594	+	80	160330293	10548
chr5	160319745	160519745	harbor2	chr5	160331847	160332009	DNA/hAT-Charlie	965	+	81	160331928	12183
chr5	160319745	160519745	harbor2	chr5	160339687	160339820	DNA/hAT-Charlie	398	+	66	160339753	20008
chr5	160319745	160519745	harbor2	chr5	160342827	160342988	DNA/hAT-Charlie	522	+	80	160342907	23162
chr5	160319745	160519745	harbor2	chr5	160355698	160355914	DNA/hAT-Charlie	1493	+	108	160355806	36061
chr5	160319745	160519745	harbor2	chr5	160367200	160367349	DNA/hAT-Charlie	534	+	74	160367274	47529
chr5	160319745	160519745	harbor2	chr5	160367736	160367846	DNA/hAT-Charlie	534	+	55	160367791	48046
chr5	160319745	160519745	harbor2	chr5	160405359	160405567	DNA/hAT-Charlie	749	+	104	160405463	85718
chr5	124424350	124624350	harbor2	chr5	124508628	124508960	DNA/hAT-Charlie	2321	+	166	124508794	84444
chr5	162483327	162683327	harbor2	chr5	162512384	162512525	DNA/hAT-Charlie	519	+	70	162512454	29127
chr5	91971377	92171377	harbor2	chr5	91998861	91999047	DNA/hAT-Charlie	1098	+	93	91998954	27577
chr5	144809963	145009963	harbor2	chr5	144833948	144834098	DNA/hAT-Charlie	440	+	75	144834023	24060
chr5	167263623	167463623	harbor2	chr5	167268613	167268828	DNA/hAT-Charlie	946	+	108	167268721	5098
chr5	167263623	167463623	harbor2	chr5	167323807	167323982	DNA/hAT-Charlie	559	+	88	167323895	60272
chr5	167263623	167463623	harbor2	chr5	167352011	167352340	DNA/hAT-Charlie	775	+	164	167352175	88552
chr5	167263623	167463623	harbor2	chr5	167296944	167297055	DNA/hAT-Charlie	467	+	56	167297000	33377
chr5	178983177	179183177	harbor2	chr5	179070003	179070341	DNA/hAT-Charlie	2289	+	169	179070172	86995
chr5	166197600	166397600	harbor2	chr5	166214800	166215007	DNA/hAT-Charlie	736	+	104	166214904	17304
chr5	166197600	166397600	harbor2	chr5	166221938	166222177	DNA/hAT-Charlie	513	+	120	166222058	24458
chr5	166197600	166397600	harbor2	chr5	166229566	166229772	DNA/hAT-Charlie	884	+	103	166229669	32069
chr5	166197600	166397600	harbor2	chr5	166251751	166252054	DNA/hAT-Charlie	582	+	152	166251903	54303
chr5	166197600	166397600	harbor2	chr5	166272127	166272287	DNA/hAT-Charlie	842	+	80	166272207	74607
chr5	166197600	166397600	harbor2	chr5	166289191	166289380	DNA/hAT-Charlie	816	+	94	166289285	91685
chr5	109027941	109227941	harbor2	chr5	109099248	109099388	DNA/hAT-Charlie	621	+	70	109099318	71377
chr5	109027941	109227941	harbor2	chr5	109099386	109099770	DNA/hAT-Charlie	1273	+	192	109099578	71637
chr5	109027941	109227941	harbor2	chr5	109102369	109102495	DNA/hAT-Charlie	408	+	63	109102432	74491
chr5	97130270	97330270	harbor2	chr5	97178120	97178255	DNA/hAT-Charlie	540	+	68	97178188	47918
chr5	97130270	97330270	harbor2	chr5	97216349	97216613	DNA/hAT-Charlie	743	+	132	97216481	86211
chr5	180036602	180236602	harbor2	chr5	180037535	180037680	DNA/hAT-Charlie	663	+	72	180037607	1005
chr5	180036602	180236602	harbor2	chr5	180049309	180049445	DNA/hAT-Charlie	500	+	68	180049377	12775
chr5	180036602	180236602	harbor2	chr5	180049492	180049706	DNA/hAT-Charlie	567	+	107	180049599	12997
chr5	180036602	180236602	harbor2	chr5	180055362	180055440	DNA/hAT-Charlie	731	+	39	180055401	18799
chr5	180036602	180236602	harbor2	chr5	180055471	180055807	DNA/hAT-Charlie	731	+	168	180055639	19037
chr5	180036602	180236602	harbor2	chr5	180056113	180056247	DNA/hAT-Charlie	731	+	67	180056180	19578
chr5	180036602	180236602	harbor2	chr5	180074104	180074386	DNA/hAT-Charlie	486	+	141	180074245	37643
chr5	180036602	180236602	harbor2	chr5	180078520	180078974	DNA/hAT-Charlie	3077	+	227	180078747	42145
chr5	180036602	180236602	harbor2	chr5	180125801	180125911	DNA/hAT-Charlie	539	+	55	180125856	89254
chr5	169119782	169319782	harbor2	chr5	169131277	169131463	DNA/hAT-Charlie	858	+	93	169131370	11588
chr5	169119782	169319782	harbor2	chr5	169162194	169162351	DNA/hAT-Charlie	549	+	78	169162272	42490
chr5	169119782	169319782	harbor2	chr5	169184761	169184903	DNA/hAT-Charlie	696	+	71	169184832	65050
chr5	169119782	169319782	harbor2	chr5	169218383	169218548	DNA/hAT-Charlie	585	+	82	169218465	98683
chr5	38740800	38940800	harbor2	chr5	38746074	38746214	DNA/hAT-Charlie	402	+	70	38746144	5344
chr5	38740800	38940800	harbor2	chr5	38800990	38801166	DNA/hAT-Charlie	1009	+	88	38801078	60278
chr5	151692759	151892759	harbor2	chr5	151697094	151697262	DNA/hAT-Charlie	505	+	84	151697178	4419
chr5	151692759	151892759	harbor2	chr5	151754146	151754295	DNA/hAT-Charlie	766	+	74	151754220	61461
chr5	151692759	151892759	harbor2	chr5	151755042	151755155	DNA/hAT-Charlie	535	+	56	151755098	62339
chr5	53423315	53623315	harbor2	chr5	53424806	53425007	DNA/hAT-Charlie	1124	+	100	53424906	1591
chr5	53423315	53623315	harbor2	chr5	53436248	53436427	DNA/hAT-Charlie	740	+	90	53436338	13023
chr5	53423315	53623315	harbor2	chr5	53436991	53437174	DNA/hAT-Charlie	772	+	92	53437083	13768
chr5	53423315	53623315	harbor2	chr5	53472615	53472773	DNA/hAT-Charlie	406	+	79	53472694	49379
chr5	53423315	53623315	harbor2	chr5	53491614	53491800	DNA/hAT-Charlie	778	+	93	53491707	68392
chr5	53423315	53623315	harbor2	chr5	53494725	53495059	DNA/hAT-Charlie	619	+	167	53494892	71577
chr5	161360024	161560024	harbor2	chr5	161372115	161372447	DNA/hAT-Charlie	502	+	166	161372281	12257
chr5	161360024	161560024	harbor2	chr5	161375310	161375525	DNA/hAT-Charlie	490	+	108	161375418	15394
chr5	161360024	161560024	harbor2	chr5	161401865	161402028	DNA/hAT-Charlie	761	+	82	161401947	41923
chr5	161360024	161560024	harbor2	chr5	161402661	161402847	DNA/hAT-Charlie	880	+	93	161402754	42730
chr5	155149715	155349715	harbor2	chr5	155196069	155196258	DNA/hAT-Charlie	1026	+	94	155196163	46448
chr5	155149715	155349715	harbor2	chr5	155213096	155213208	DNA/hAT-Charlie	453	+	56	155213152	63437
chr5	155149715	155349715	harbor2	chr5	155232956	155233169	DNA/hAT-Charlie	1249	+	106	155233062	83347
chr5	120151233	120351233	harbor2	chr5	120199828	120199978	DNA/hAT-Charlie	630	+	75	120199903	48670
chr5	120151233	120351233	harbor2	chr5	120238031	120238208	DNA/hAT-Charlie	588	+	88	120238119	86886
chr5	112815799	113015799	harbor2	chr5	112872199	112872319	DNA/hAT-Charlie	483	+	60	112872259	56460
chr5	112815799	113015799	harbor2	chr5	112872627	112872643	DNA/hAT-Charlie	483	+	8	112872635	56836
chr5	112815799	113015799	harbor2	chr5	112874391	112874568	DNA/hAT-Charlie	638	+	88	112874479	58680
chr5	112815799	113015799	harbor2	chr5	112874603	112874737	DNA/hAT-Charlie	417	+	67	112874670	58871
chr5	112815799	113015799	harbor2	chr5	112882650	112882778	DNA/hAT-Charlie	712	+	64	112882714	66915
chr5	57931646	58131646	harbor2	chr5	57996202	57996307	DNA/hAT-Charlie	476	+	52	57996254	64608
chr5	57931646	58131646	harbor2	chr5	57996317	57996531	DNA/hAT-Charlie	847	+	107	57996424	64778
chr5	173476958	173676958	harbor2	chr5	173485332	173485534	DNA/hAT-Charlie	620	+	101	173485433	8475
chr5	173476958	173676958	harbor2	chr5	173517354	173517528	DNA/hAT-Charlie	712	+	87	173517441	40483
chr5	173476958	173676958	harbor2	chr5	173519669	173519869	DNA/hAT-Charlie	444	+	100	173519769	42811
chr5	173476958	173676958	harbor2	chr5	173535284	173535490	DNA/hAT-Charlie	518	+	103	173535387	58429
chr5	173476958	173676958	harbor2	chr5	173546368	173546571	DNA/hAT-Charlie	417	+	102	173546470	69512
chr5	173476958	173676958	harbor2	chr5	173546875	173546950	DNA/hAT-Charlie	417	+	38	173546913	69955
chr5	173476958	173676958	harbor2	chr5	173547098	173547321	DNA/hAT-Charlie	1063	+	112	173547210	70252
chr5	173476958	173676958	harbor2	chr5	173548011	173548452	DNA/hAT-Charlie	1364	+	220	173548231	71273
chr5	173476958	173676958	harbor2	chr5	173571913	173572083	DNA/hAT-Charlie	730	+	85	173571998	95040
chr5	173476958	173676958	harbor2	chr5	173506361	173506699	DNA/hAT-Charlie	1376	+	169	173506530	29572
chr5	113969908	114169908	harbor2	chr5	114014913	114015036	DNA/hAT-Charlie	448	+	62	114014975	45067
chr5	113969908	114169908	harbor2	chr5	114015068	114015202	DNA/hAT-Charlie	4367	+	67	114015135	45227
chr5	113969908	114169908	harbor2	chr5	114015562	114016603	DNA/hAT-Charlie	4367	+	520	114016082	46174
chr5	173217071	173417071	harbor2	chr5	173220437	173220539	DNA/hAT-Charlie	581	+	51	173220488	3417
chr5	173217071	173417071	harbor2	chr5	173221142	173221196	DNA/hAT-Charlie	581	+	27	173221169	4098
chr5	173217071	173417071	harbor2	chr5	173255257	173255471	DNA/hAT-Charlie	589	+	107	173255364	38293
chr5	173217071	173417071	harbor2	chr5	173255791	173255817	DNA/hAT-Charlie	589	+	13	173255804	38733
chr5	173217071	173417071	harbor2	chr5	173289010	173289076	DNA/hAT-Charlie	621	+	33	173289043	71972
chr5	173217071	173417071	harbor2	chr5	173289215	173289404	DNA/hAT-Charlie	621	+	94	173289309	72238
chr5	173217071	173417071	harbor2	chr5	173316137	173316357	DNA/hAT-Charlie	897	+	110	173316247	99176
chr5	177855315	178055315	harbor2	chr5	177877452	177877579	DNA/hAT-Charlie	499	+	64	177877516	22201
chr5	177855315	178055315	harbor2	chr5	177877889	177878021	DNA/hAT-Charlie	499	+	66	177877955	22640
chr5	177855315	178055315	harbor2	chr5	177920844	177921032	DNA/hAT-Charlie	642	+	94	177920938	65623
chr5	177855315	178055315	harbor2	chr5	177921304	177921384	DNA/hAT-Charlie	642	+	40	177921344	66029
chr6	154853193	155053193	harbor2	chr6	154853723	154853868	DNA/hAT-Charlie	621	+	72	154853795	602
chr6	147752902	147952902	harbor2	chr6	147842608	147842874	DNA/hAT-Charlie	887	+	133	147842741	89839
chr6	147752902	147952902	harbor2	chr6	147843164	147843262	DNA/hAT-Charlie	887	+	49	147843213	90311
chr6	134559762	134759762	harbor2	chr6	134643088	134643365	DNA/hAT-Charlie	1059	+	138	134643226	83464
chr6	32911606	33111606	harbor2	chr6	32958869	32959098	DNA/hAT-Charlie	645	+	114	32958983	47377
chr6	32911606	33111606	harbor2	chr6	32963274	32963551	DNA/hAT-Charlie	925	+	138	32963412	51806
chr6	32911606	33111606	harbor2	chr6	32963885	32963987	DNA/hAT-Charlie	520	+	51	32963936	52330
chr6	32911606	33111606	harbor2	chr6	32966235	32966265	DNA/hAT-Charlie	775	+	15	32966250	54644
chr6	32911606	33111606	harbor2	chr6	32966558	32966714	DNA/hAT-Charlie	775	+	78	32966636	55030
chr6	117391994	117591994	harbor2	chr6	117415787	117415942	DNA/hAT-Charlie	873	+	78	117415865	23871
chr6	117391994	117591994	harbor2	chr6	117443532	117443623	DNA/hAT-Charlie	506	+	46	117443578	51584
chr6	117391994	117591994	harbor2	chr6	117486779	117487121	DNA/hAT-Charlie	2008	+	171	117486950	94956
chr6	87619038	87819038	harbor2	chr6	87631204	87631501	DNA/hAT-Charlie	829	+	148	87631352	12314
chr6	87619038	87819038	harbor2	chr6	87631792	87631877	DNA/hAT-Charlie	829	+	42	87631834	12796
chr6	87619038	87819038	harbor2	chr6	87632188	87632325	DNA/hAT-Charlie	829	+	68	87632256	13218
chr6	87619038	87819038	harbor2	chr6	87673318	87673532	DNA/hAT-Charlie	1210	+	107	87673425	54387
chr6	87619038	87819038	harbor2	chr6	87713521	87713742	DNA/hAT-Charlie	1319	+	110	87713631	94593
chr6	87619038	87819038	harbor2	chr6	87714031	87714211	DNA/hAT-Charlie	1319	+	90	87714121	95083
chr6	87619038	87819038	harbor2	chr6	87714721	87714927	DNA/hAT-Charlie	661	+	103	87714824	95786
chr6	87619038	87819038	harbor2	chr6	87714934	87715118	DNA/hAT-Charlie	561	+	92	87715026	95988
chr6	87619038	87819038	harbor2	chr6	87715402	87715836	DNA/hAT-Charlie	1912	+	217	87715619	96581
chr6	87619038	87819038	harbor2	chr6	87716768	87716797	DNA/hAT-Charlie	1912	+	14	87716782	97744
chr6	64360058	64560058	harbor2	chr6	64389482	64389677	DNA/hAT-Charlie	672	+	98	64389580	29522
chr6	64360058	64560058	harbor2	chr6	64422011	64422105	DNA/hAT-Charlie	530	+	47	64422058	62000
chr6	146996369	147196369	harbor2	chr6	147000181	147000378	DNA/hAT-Charlie	907	+	98	147000279	3910
chr6	146996369	147196369	harbor2	chr6	147002709	147002858	DNA/hAT-Charlie	809	+	74	147002783	6414
chr6	146996369	147196369	harbor2	chr6	147028236	147028395	DNA/hAT-Charlie	669	+	80	147028316	31947
chr6	146996369	147196369	harbor2	chr6	147064206	147064301	DNA/hAT-Charlie	407	+	48	147064254	67885
chr6	146996369	147196369	harbor2	chr6	147073234	147073408	DNA/hAT-Charlie	647	+	87	147073321	76952
chr6	169805082	170005082	harbor2	chr6	169894576	169894908	DNA/hAT-Charlie	1944	+	166	169894742	89660
chr6	157449195	157649195	harbor2	chr6	157458619	157458845	DNA/hAT-Charlie	546	+	113	157458732	9537
chr6	167018813	167218813	harbor2	chr6	167096490	167096718	DNA/hAT-Charlie	1255	+	114	167096604	77791
chr6	167018813	167218813	harbor2	chr6	167097020	167097097	DNA/hAT-Charlie	1255	+	38	167097058	78245
chr6	167018813	167218813	harbor2	chr6	167098135	167098408	DNA/hAT-Charlie	779	+	136	167098271	79458
chr6	161278062	161478062	harbor2	chr6	161279626	161279775	DNA/hAT-Charlie	840	+	74	161279700	1638
chr6	161278062	161478062	harbor2	chr6	161325307	161325521	DNA/hAT-Charlie	1226	+	107	161325414	47352
chr6	147994489	148194489	harbor2	chr6	148015406	148015558	DNA/hAT-Charlie	592	+	76	148015482	20993
chr6	147994489	148194489	harbor2	chr6	148084306	148084528	DNA/hAT-Charlie	429	+	111	148084417	89928
chr6	126158213	126358213	harbor2	chr6	126169023	126169248	DNA/hAT-Charlie	631	+	112	126169135	10922
chr6	126158213	126358213	harbor2	chr6	126170590	126170734	DNA/hAT-Charlie	454	+	72	126170662	12449
chr6	126158213	126358213	harbor2	chr6	126196114	126196393	DNA/hAT-Charlie	812	+	140	126196254	38041
chr6	126158213	126358213	harbor2	chr6	126196414	126196977	DNA/hAT-Charlie	1050	+	282	126196696	38483
chr6	160805082	161005082	harbor2	chr6	160829310	160829466	DNA/hAT-Charlie	453	+	78	160829388	24306
chr6	160076132	160276132	harbor2	chr6	160109925	160110081	DNA/hAT-Charlie	507	+	78	160110003	33871
chr6	168167081	168367081	harbor2	chr6	168227741	168227895	DNA/hAT-Charlie	624	+	77	168227818	60737
chr6	168167081	168367081	harbor2	chr6	168229738	168229912	DNA/hAT-Charlie	450	+	87	168229825	62744
chr6	126662571	126862571	harbor2	chr6	126711639	126711799	DNA/hAT-Charlie	526	+	80	126711719	49148
chr6	136668064	136868064	harbor2	chr6	136728528	136728902	DNA/hAT-Charlie	802	+	187	136728715	60651
chr6	109862555	110062555	harbor2	chr6	109932884	109933268	DNA/hAT-Charlie	1280	+	192	109933076	70521
chr6	156251792	156451792	harbor2	chr6	156295247	156295917	DNA/hAT-Charlie	1020	+	335	156295582	43790
chr6	156251792	156451792	harbor2	chr6	156342134	156342310	DNA/hAT-Charlie	838	+	88	156342222	90430
chr6	141482985	141682985	harbor2	chr6	141496215	141496353	DNA/hAT-Charlie	839	+	69	141496284	13299
chr6	137792133	137992133	harbor2	chr6	137806815	137806979	DNA/hAT-Charlie	872	+	82	137806897	14764
chr6	137792133	137992133	harbor2	chr6	137827942	137828118	DNA/hAT-Charlie	1137	+	88	137828030	35897
chr6	137792133	137992133	harbor2	chr6	137828948	137829062	DNA/hAT-Charlie	405	+	57	137829005	36872
chr6	137792133	137992133	harbor2	chr6	137851166	137851409	DNA/hAT-Charlie	1341	+	122	137851288	59155
chr6	92717677	92917677	harbor2	chr6	92746654	92746842	DNA/hAT-Charlie	1061	+	94	92746748	29071
chr6	92717677	92917677	harbor2	chr6	92759297	92759766	DNA/hAT-Charlie	3178	+	234	92759531	41854
chr6	168080923	168280923	harbor2	chr6	168120558	168120695	DNA/hAT-Charlie	491	+	68	168120626	39703
chr6	168080923	168280923	harbor2	chr6	168123575	168123690	DNA/hAT-Charlie	479	+	58	168123633	42710
chr6	143322697	143522697	harbor2	chr6	143329633	143329960	DNA/hAT-Charlie	1594	+	164	143329797	7100
chr6	143322697	143522697	harbor2	chr6	143335144	143335251	DNA/hAT-Charlie	456	+	54	143335198	12501
chr6	143322697	143522697	harbor2	chr6	143335551	143335672	DNA/hAT-Charlie	456	+	60	143335611	12914
chr6	143322697	143522697	harbor2	chr6	143335973	143336083	DNA/hAT-Charlie	432	+	55	143336028	13331
chr6	143322697	143522697	harbor2	chr6	143370334	143370496	DNA/hAT-Charlie	887	+	81	143370415	47718
chr6	143322697	143522697	harbor2	chr6	143422356	143422518	DNA/hAT-Charlie	823	+	81	143422437	99740
chr6	117397691	117597691	harbor2	chr6	117415787	117415942	DNA/hAT-Charlie	873	+	78	117415865	18174
chr6	117397691	117597691	harbor2	chr6	117443532	117443623	DNA/hAT-Charlie	506	+	46	117443578	45887
chr6	117397691	117597691	harbor2	chr6	117486779	117487121	DNA/hAT-Charlie	2008	+	171	117486950	89259
chr6	117397691	117597691	harbor2	chr6	117493191	117493327	DNA/hAT-Charlie	409	+	68	117493259	95568
chr6	117397691	117597691	harbor2	chr6	117496731	117496982	DNA/hAT-Charlie	534	+	126	117496857	99166
chr6	137038447	137238447	harbor2	chr6	137047582	137047994	DNA/hAT-Charlie	1169	+	206	137047788	9341
chr6	137038447	137238447	harbor2	chr6	137084356	137084520	DNA/hAT-Charlie	564	+	82	137084438	45991
chr6	137038447	137238447	harbor2	chr6	137086816	137086999	DNA/hAT-Charlie	610	+	92	137086908	48461
chr6	137038447	137238447	harbor2	chr6	137102665	137102807	DNA/hAT-Charlie	634	+	71	137102736	64289
chr6	137038447	137238447	harbor2	chr6	137107525	137107730	DNA/hAT-Charlie	935	+	102	137107627	69180
chr6	125615891	125815891	harbor2	chr6	125620774	125620941	DNA/hAT-Charlie	449	+	84	125620858	4967
chr6	125615891	125815891	harbor2	chr6	125622317	125622615	DNA/hAT-Charlie	1002	+	149	125622466	6575
chr6	170009053	170209053	harbor2	chr6	170077104	170077580	DNA/hAT-Charlie	1589	+	238	170077342	68289
chr6	170009053	170209053	harbor2	chr6	170078246	170078490	DNA/hAT-Charlie	434	+	122	170078368	69315
chr6	142768397	142968397	harbor2	chr6	142854154	142854375	DNA/hAT-Charlie	916	+	110	142854264	85867
chr6	116415250	116615250	harbor2	chr6	116424895	116425337	DNA/hAT-Charlie	1393	+	221	116425116	9866
chr6	116415250	116615250	harbor2	chr6	116492994	116493192	DNA/hAT-Charlie	805	+	99	116493093	77843
chr6	116415250	116615250	harbor2	chr6	116493191	116493298	DNA/hAT-Charlie	428	+	54	116493245	77995
chr6	116415250	116615250	harbor2	chr6	116493456	116493602	DNA/hAT-Charlie	442	+	73	116493529	78279
chr6	169444309	169644309	harbor2	chr6	169507743	169508455	DNA/hAT-Charlie	2290	+	356	169508099	63790
chr6	169444309	169644309	harbor2	chr6	169510809	169511720	DNA/hAT-Charlie	3586	+	456	169511265	66956
chr6	169444309	169644309	harbor2	chr6	169508452	169509006	DNA/hAT-Charlie	1991	+	277	169508729	64420
chr6	160075488	160275488	harbor2	chr6	160109925	160110081	DNA/hAT-Charlie	507	+	78	160110003	34515
chr6	166757498	166957498	harbor2	chr6	166798594	166798819	DNA/hAT-Charlie	524	+	112	166798706	41208
chr6	166757498	166957498	harbor2	chr6	166798910	166799166	DNA/hAT-Charlie	924	+	128	166799038	41540
chr6	166757498	166957498	harbor2	chr6	166799311	166799745	DNA/hAT-Charlie	1129	+	217	166799528	42030
chr6	166757498	166957498	harbor2	chr6	166814428	166815039	DNA/hAT-Charlie	3257	+	306	166814734	57236
chr6	120198271	120398271	harbor2	chr6	120219836	120219993	DNA/hAT-Charlie	539	+	78	120219914	21643
chr6	166596510	166796510	harbor2	chr6	166638683	166638864	DNA/hAT-Charlie	661	+	90	166638773	42263
chr6	166596510	166796510	harbor2	chr6	166638939	166638960	DNA/hAT-Charlie	661	+	10	166638949	42439
chr6	166596510	166796510	harbor2	chr6	166673626	166673785	DNA/hAT-Charlie	974	+	80	166673706	77196
chr6	166596510	166796510	harbor2	chr6	166695523	166695682	DNA/hAT-Charlie	894	+	80	166695603	99093
chr6	166596510	166796510	harbor2	chr6	166695907	166696118	DNA/hAT-Charlie	1191	+	106	166696013	99503
chr6	138742411	138942411	harbor2	chr6	138744056	138744159	DNA/hAT-Charlie	477	+	52	138744108	1697
chr6	125604701	125804701	harbor2	chr6	125620774	125620941	DNA/hAT-Charlie	449	+	84	125620858	16157
chr6	125604701	125804701	harbor2	chr6	125622317	125622615	DNA/hAT-Charlie	1002	+	149	125622466	17765
chr6	143926713	144126713	harbor2	chr6	143950833	143950942	DNA/hAT-Charlie	430	+	54	143950887	24174
chr6	143926713	144126713	harbor2	chr6	143980878	143981105	DNA/hAT-Charlie	972	+	114	143980992	54279
chr6	143926713	144126713	harbor2	chr6	144015072	144015348	DNA/hAT-Charlie	937	+	138	144015210	88497
chr6	121407771	121607771	harbor2	chr6	121490670	121490866	DNA/hAT-Charlie	460	+	98	121490768	82997
chr6	131478144	131678144	harbor2	chr6	131493688	131493998	DNA/hAT-Charlie	1124	+	155	131493843	15699
chr6	158458891	158658891	harbor2	chr6	158505334	158505547	DNA/hAT-Charlie	983	+	106	158505440	46549
chr6	156640321	156840321	harbor2	chr6	156640880	156641360	DNA/hAT-Charlie	855	+	240	156641120	799
chr6	156640321	156840321	harbor2	chr6	156644443	156644884	DNA/hAT-Charlie	1075	+	220	156644663	4342
chr6	156640321	156840321	harbor2	chr6	156655427	156655611	DNA/hAT-Charlie	675	+	92	156655519	15198
chr6	156640321	156840321	harbor2	chr6	156692093	156692243	DNA/hAT-Charlie	588	+	75	156692168	51847
chr6	156640321	156840321	harbor2	chr6	156692671	156693028	DNA/hAT-Charlie	974	+	178	156692849	52528
chr6	156640321	156840321	harbor2	chr6	156693188	156693763	DNA/hAT-Charlie	2290	+	288	156693476	53155
chr6	104354913	104554913	harbor2	chr6	104408818	104408967	DNA/hAT-Charlie	433	+	74	104408892	53979
chr6	104354913	104554913	harbor2	chr6	104442519	104442627	DNA/hAT-Charlie	524	+	54	104442573	87660
chr6	170375891	170575891	harbor2	chr6	170379161	170379405	DNA/hAT-Charlie	1305	+	122	170379283	3392
chr6	170375891	170575891	harbor2	chr6	170379622	170379802	DNA/hAT-Charlie	1305	+	90	170379712	3821
chr6	170375891	170575891	harbor2	chr6	170384704	170384889	DNA/hAT-Charlie	725	+	92	170384796	8905
chr6	169299841	169499841	harbor2	chr6	169301609	169301815	DNA/hAT-Charlie	653	+	103	169301712	1871
chr6	169299841	169499841	harbor2	chr6	169312833	169313104	DNA/hAT-Charlie	630	+	136	169312969	13128
chr6	138272525	138472525	harbor2	chr6	138310340	138310529	DNA/hAT-Charlie	888	+	94	138310434	37909
chr6	138272525	138472525	harbor2	chr6	138349964	138350357	DNA/hAT-Charlie	942	+	196	138350160	77635
chr6	138272525	138472525	harbor2	chr6	138370065	138370283	DNA/hAT-Charlie	657	+	109	138370174	97649
chr6	120178455	120378455	harbor2	chr6	120219836	120219993	DNA/hAT-Charlie	539	+	78	120219914	41459
chr6	163858386	164058386	harbor2	chr6	163957137	163957329	DNA/hAT-Charlie	508	+	96	163957233	98847
chr6	52232936	52432936	harbor2	chr6	52253158	52253324	DNA/hAT-Charlie	734	+	83	52253241	20305
chr6	52232936	52432936	harbor2	chr6	52256061	52256301	DNA/hAT-Charlie	1513	+	120	52256181	23245
chr6	52232936	52432936	harbor2	chr6	52268830	52268924	DNA/hAT-Charlie	435	+	47	52268877	35941
chr6	52232936	52432936	harbor2	chr6	52294330	52294515	DNA/hAT-Charlie	1065	+	92	52294422	61486
chr6	52232936	52432936	harbor2	chr6	52308422	52308483	DNA/hAT-Charlie	457	+	30	52308452	75516
chr6	52232936	52432936	harbor2	chr6	52308780	52308938	DNA/hAT-Charlie	457	+	79	52308859	75923
chr6	132518305	132718305	harbor2	chr6	132541418	132541571	DNA/hAT-Charlie	466	+	76	132541494	23189
chr6	132518305	132718305	harbor2	chr6	132545316	132545549	DNA/hAT-Charlie	596	+	116	132545432	27127
chr6	132518305	132718305	harbor2	chr6	132568711	132568896	DNA/hAT-Charlie	618	+	92	132568803	50498
chr6	132518305	132718305	harbor2	chr6	132574699	132575011	DNA/hAT-Charlie	1486	+	156	132574855	56550
chr6	132518305	132718305	harbor2	chr6	132584654	132585119	DNA/hAT-Charlie	1808	+	232	132584886	66581
chr6	160819102	161019102	harbor2	chr6	160829310	160829466	DNA/hAT-Charlie	453	+	78	160829388	10286
chr6	160819102	161019102	harbor2	chr6	160910279	160910515	DNA/hAT-Charlie	902	+	118	160910397	91295
chr6	165866052	166066052	harbor2	chr6	165920050	165920224	DNA/hAT-Charlie	567	+	87	165920137	54085
chr6	100687550	100887550	harbor2	chr6	100708518	100708718	DNA/hAT-Charlie	1019	+	100	100708618	21068
chr6	100687550	100887550	harbor2	chr6	100714046	100714254	DNA/hAT-Charlie	996	+	104	100714150	26600
chr6	100687550	100887550	harbor2	chr6	100745610	100745800	DNA/hAT-Charlie	647	+	95	100745705	58155
chr6	100687550	100887550	harbor2	chr6	100750268	100750496	DNA/hAT-Charlie	769	+	114	100750382	62832
chr6	100687550	100887550	harbor2	chr6	100782181	100782412	DNA/hAT-Charlie	488	+	116	100782297	94747
chr6	117141258	117341258	harbor2	chr6	117143330	117143503	DNA/hAT-Charlie	809	+	86	117143416	2158
chr6	117141258	117341258	harbor2	chr6	117144490	117144666	DNA/hAT-Charlie	574	+	88	117144578	3320
chr6	117141258	117341258	harbor2	chr6	117147353	117148081	DNA/hAT-Charlie	1667	+	364	117147717	6459
chr6	117141258	117341258	harbor2	chr6	117148080	117148787	DNA/hAT-Charlie	1851	+	354	117148434	7176
chr6	117141258	117341258	harbor2	chr6	117152351	117152524	DNA/hAT-Charlie	510	+	86	117152437	11179
chr6	117141258	117341258	harbor2	chr6	117197200	117197699	DNA/hAT-Charlie	1977	+	250	117197450	56192
chr6	133039814	133239814	harbor2	chr6	133045846	133046165	DNA/hAT-Charlie	1261	+	160	133046006	6192
chr6	40958407	41158407	harbor2	chr6	40960173	40960392	DNA/hAT-Charlie	773	+	110	40960283	1876
chr6	40958407	41158407	harbor2	chr6	40967647	40968130	DNA/hAT-Charlie	606	+	242	40967889	9482
chr6	40958407	41158407	harbor2	chr6	40989069	40989377	DNA/hAT-Charlie	1181	+	154	40989223	30816
chr6	40958407	41158407	harbor2	chr6	40990004	40990186	DNA/hAT-Charlie	644	+	91	40990095	31688
chr6	40958407	41158407	harbor2	chr6	40990986	40991168	DNA/hAT-Charlie	1048	+	91	40991077	32670
chr6	40958407	41158407	harbor2	chr6	41000998	41001120	DNA/hAT-Charlie	476	+	61	41001059	42652
chr6	40958407	41158407	harbor2	chr6	41007364	41007478	DNA/hAT-Charlie	403	+	57	41007421	49014
chr6	40958407	41158407	harbor2	chr6	41025232	41025353	DNA/hAT-Charlie	621	+	60	41025292	66885
chr6	40958407	41158407	harbor2	chr6	41025351	41025707	DNA/hAT-Charlie	1380	+	178	41025529	67122
chr6	154028228	154228228	harbor2	chr6	154033758	154034262	DNA/hAT-Charlie	2018	+	252	154034010	5782
chr6	154028228	154228228	harbor2	chr6	154034593	154034728	DNA/hAT-Charlie	494	+	68	154034661	6433
chr6	154669208	154869208	harbor2	chr6	154682087	154682154	DNA/hAT-Charlie	2069	+	34	154682121	12913
chr6	154669208	154869208	harbor2	chr6	154682459	154682744	DNA/hAT-Charlie	2069	+	142	154682601	13393
chr6	154669208	154869208	harbor2	chr6	154691682	154691792	DNA/hAT-Charlie	665	+	55	154691737	22529
chr6	154669208	154869208	harbor2	chr6	154692409	154692584	DNA/hAT-Charlie	665	+	88	154692497	23289
chr6	154669208	154869208	harbor2	chr6	154701514	154701685	DNA/hAT-Charlie	691	+	86	154701600	32392
chr6	154669208	154869208	harbor2	chr6	154763786	154763975	DNA/hAT-Charlie	818	+	94	154763880	94672
chr6	32827818	33027818	harbor2	chr6	32869432	32869562	DNA/hAT-Charlie	568	+	65	32869497	41679
chr6	32827818	33027818	harbor2	chr6	32910011	32910239	DNA/hAT-Charlie	409	+	114	32910125	82307
chr6	99849662	100049662	harbor2	chr6	99914597	99914707	DNA/hAT-Charlie	777	+	55	99914652	64990
chr6	136112426	136312426	harbor2	chr6	136112292	136112528	DNA/hAT-Charlie	734	+	118	136112410	16
chr6	136112426	136312426	harbor2	chr6	136161907	136162123	DNA/hAT-Charlie	687	+	108	136162015	49589
chr6	136112426	136312426	harbor2	chr6	136164493	136165082	DNA/hAT-Charlie	1450	+	294	136164787	52361
chr6	71396240	71596240	harbor2	chr6	71429263	71429480	DNA/hAT-Charlie	1104	+	108	71429371	33131
chr6	71396240	71596240	harbor2	chr6	71460216	71460315	DNA/hAT-Charlie	948	+	50	71460266	64026
chr6	71396240	71596240	harbor2	chr6	71460673	71460799	DNA/hAT-Charlie	948	+	63	71460736	64496
chr6	71396240	71596240	harbor2	chr6	71491913	71492096	DNA/hAT-Charlie	883	+	92	71492005	95765
chr6	121739027	121939027	harbor2	chr6	121806446	121807850	DNA/hAT-Charlie	5766	+	702	121807148	68121
chr6	121739027	121939027	harbor2	chr6	121815073	121815291	DNA/hAT-Charlie	727	+	109	121815182	76155
chr6	101347768	101547768	harbor2	chr6	101349434	101349725	DNA/hAT-Charlie	663	+	146	101349580	1812
chr6	101347768	101547768	harbor2	chr6	101349734	101350552	DNA/hAT-Charlie	2393	+	409	101350143	2375
chr6	101347768	101547768	harbor2	chr6	101350851	101351202	DNA/hAT-Charlie	2393	+	176	101351027	3259
chr6	101347768	101547768	harbor2	chr6	101362906	101363063	DNA/hAT-Charlie	431	+	78	101362984	15216
chr6	101347768	101547768	harbor2	chr6	101420474	101420653	DNA/hAT-Charlie	834	+	90	101420564	72796
chr6	23470817	23670817	harbor2	chr6	23544310	23544630	DNA/hAT-Charlie	1039	+	160	23544470	73653
chr6	136670815	136870815	harbor2	chr6	136728528	136728902	DNA/hAT-Charlie	802	+	187	136728715	57900
chr6	152706295	152906295	harbor2	chr6	152756374	152756551	DNA/hAT-Charlie	573	+	88	152756462	50167
chr6	161316516	161516516	harbor2	chr6	161325307	161325521	DNA/hAT-Charlie	1226	+	107	161325414	8898
chr6	161316516	161516516	harbor2	chr6	161380739	161381023	DNA/hAT-Charlie	463	+	142	161380881	64365
chr6	161316516	161516516	harbor2	chr6	161390222	161390475	DNA/hAT-Charlie	1019	+	126	161390348	73832
chr6	161316516	161516516	harbor2	chr6	161390794	161391015	DNA/hAT-Charlie	820	+	110	161390904	74388
chr6	161316516	161516516	harbor2	chr6	161398365	161398499	DNA/hAT-Charlie	657	+	67	161398432	81916
chr6	54323020	54523020	harbor2	chr6	54396374	54396555	DNA/hAT-Charlie	446	+	90	54396464	73444
chr6	54323020	54523020	harbor2	chr6	54404253	54404437	DNA/hAT-Charlie	791	+	92	54404345	81325
chr6	82833365	83033365	harbor2	chr6	82872115	82872288	DNA/hAT-Charlie	815	+	86	82872201	38836
chr6	82833365	83033365	harbor2	chr6	82878607	82878983	DNA/hAT-Charlie	1622	+	188	82878795	45430
chr6	82833365	83033365	harbor2	chr6	82879000	82879220	DNA/hAT-Charlie	563	+	110	82879110	45745
chr6	82833365	83033365	harbor2	chr6	82891188	82891403	DNA/hAT-Charlie	950	+	108	82891296	57931
chr6	82833365	83033365	harbor2	chr6	82895359	82895525	DNA/hAT-Charlie	723	+	83	82895442	62077
chr6	82833365	83033365	harbor2	chr6	82901374	82901551	DNA/hAT-Charlie	662	+	88	82901462	68097
chr6	82833365	83033365	harbor2	chr6	82908290	82908430	DNA/hAT-Charlie	717	+	70	82908360	74995
chr6	145366836	145566836	harbor2	chr6	145406760	145406933	DNA/hAT-Charlie	904	+	86	145406846	40010
chr6	145366836	145566836	harbor2	chr6	145450945	145451937	DNA/hAT-Charlie	3339	+	496	145451441	84605
chr6	163623889	163823889	harbor2	chr6	163638396	163638577	DNA/hAT-Charlie	869	+	90	163638486	14597
chr6	163623889	163823889	harbor2	chr6	163646899	163647052	DNA/hAT-Charlie	583	+	76	163646975	23086
chr6	163623889	163823889	harbor2	chr6	163647462	163647627	DNA/hAT-Charlie	725	+	82	163647544	23655
chr6	163623889	163823889	harbor2	chr6	163647638	163647843	DNA/hAT-Charlie	671	+	102	163647740	23851
chr6	163623889	163823889	harbor2	chr6	163650665	163650839	DNA/hAT-Charlie	755	+	87	163650752	26863
chr6	163623889	163823889	harbor2	chr6	163652355	163652545	DNA/hAT-Charlie	786	+	95	163652450	28561
chr6	163623889	163823889	harbor2	chr6	163692315	163692523	DNA/hAT-Charlie	1072	+	104	163692419	68530
chr6	163623889	163823889	harbor2	chr6	163706830	163706991	DNA/hAT-Charlie	564	+	80	163706910	83021
chr6	139086959	139286959	harbor2	chr6	139093513	139093642	DNA/hAT-Charlie	422	+	64	139093577	6618
chr6	139086959	139286959	harbor2	chr6	139128198	139128452	DNA/hAT-Charlie	778	+	127	139128325	41366
chr6	139086959	139286959	harbor2	chr6	139163123	139163307	DNA/hAT-Charlie	516	+	92	139163215	76256
chr6	139086959	139286959	harbor2	chr6	139185159	139185411	DNA/hAT-Charlie	722	+	126	139185285	98326
chr6	134063581	134263581	harbor2	chr6	134089319	134089433	DNA/hAT-Charlie	455	+	57	134089376	25795
chr6	134063581	134263581	harbor2	chr6	134109357	134109499	DNA/hAT-Charlie	473	+	71	134109428	45847
chr6	134063581	134263581	harbor2	chr6	134130649	134130855	DNA/hAT-Charlie	1015	+	103	134130752	67171
chr6	149453618	149653618	harbor2	chr6	149477804	149477887	DNA/hAT-Charlie	2408	+	42	149477846	24228
chr6	149453618	149653618	harbor2	chr6	149478186	149478618	DNA/hAT-Charlie	2408	+	216	149478402	24784
chr6	78471644	78671644	harbor2	chr6	78493539	78494079	DNA/hAT-Charlie	1898	+	270	78493809	22165
chr6	113261684	113461684	harbor2	chr6	113270091	113270303	DNA/hAT-Charlie	1483	+	106	113270197	8513
chr6	113261684	113461684	harbor2	chr6	113323734	113323904	DNA/hAT-Charlie	891	+	85	113323819	62135
chr6	113261684	113461684	harbor2	chr6	113334089	113334390	DNA/hAT-Charlie	1026	+	150	113334239	72555
chr6	113261684	113461684	harbor2	chr6	113334852	113335034	DNA/hAT-Charlie	752	+	91	113334943	73259
chr6	113261684	113461684	harbor2	chr6	113278816	113279078	DNA/hAT-Charlie	898	+	131	113278947	17263
chr6	162923589	163123589	harbor2	chr6	163012907	163013215	DNA/hAT-Charlie	1014	+	154	163013061	89472
chr6	131091366	131291366	harbor2	chr6	131106688	131106984	DNA/hAT-Charlie	1274	+	148	131106836	15470
chr6	131091366	131291366	harbor2	chr6	131159740	131159938	DNA/hAT-Charlie	709	+	99	131159839	68473
chr6	131091366	131291366	harbor2	chr6	131182830	131183022	DNA/hAT-Charlie	410	+	96	131182926	91560
chr6	140810647	141010647	harbor2	chr6	140850183	140850377	DNA/hAT-Charlie	596	+	97	140850280	39633
chr6	140810647	141010647	harbor2	chr6	140881596	140881753	DNA/hAT-Charlie	570	+	78	140881674	71027
chr6	146555565	146755565	harbor2	chr6	146602657	146602955	DNA/hAT-Charlie	1666	+	149	146602806	47241
chr6	146555565	146755565	harbor2	chr6	146652895	146653422	DNA/hAT-Charlie	3600	+	264	146653159	97594
chr6	73313950	73513950	harbor2	chr6	73316123	73316330	DNA/hAT-Charlie	1127	+	104	73316227	2277
chr6	73313950	73513950	harbor2	chr6	73356482	73356660	DNA/hAT-Charlie	752	+	89	73356571	42621
chr6	73313950	73513950	harbor2	chr6	73357130	73357263	DNA/hAT-Charlie	464	+	66	73357196	43246
chr6	73313950	73513950	harbor2	chr6	73368167	73368343	DNA/hAT-Charlie	650	+	88	73368255	54305
chr6	73313950	73513950	harbor2	chr6	73404921	73405078	DNA/hAT-Charlie	519	+	78	73404999	91049
chr6	154264818	154464818	harbor2	chr6	154269836	154270693	DNA/hAT-Charlie	2623	+	428	154270264	5446
chr6	154264818	154464818	harbor2	chr6	154271007	154271081	DNA/hAT-Charlie	2623	+	37	154271044	6226
chr6	154264818	154464818	harbor2	chr6	154271371	154271691	DNA/hAT-Charlie	2623	+	160	154271531	6713
chr6	128975435	129175435	harbor2	chr6	129057294	129057611	DNA/hAT-Charlie	421	+	158	129057452	82017
chr6	154031366	154231366	harbor2	chr6	154033758	154034262	DNA/hAT-Charlie	2018	+	252	154034010	2644
chr6	154031366	154231366	harbor2	chr6	154034593	154034728	DNA/hAT-Charlie	494	+	68	154034661	3295
chr6	99309516	99509516	harbor2	chr6	99332912	99333178	DNA/hAT-Charlie	1350	+	133	99333045	23529
chr6	138174642	138374642	harbor2	chr6	138204433	138204645	DNA/hAT-Charlie	968	+	106	138204539	29897
chr6	138174642	138374642	harbor2	chr6	138222433	138222675	DNA/hAT-Charlie	980	+	121	138222554	47912
chr6	109200460	109400460	harbor2	chr6	109202032	109202091	DNA/hAT-Charlie	902	+	30	109202062	1602
chr6	109200460	109400460	harbor2	chr6	109202446	109202586	DNA/hAT-Charlie	902	+	70	109202516	2056
chr6	109200460	109400460	harbor2	chr6	109202597	109202811	DNA/hAT-Charlie	813	+	107	109202704	2244
chr6	151078002	151278002	harbor2	chr6	151105200	151105323	DNA/hAT-Charlie	1314	+	62	151105262	27260
chr6	151078002	151278002	harbor2	chr6	151105618	151105855	DNA/hAT-Charlie	1314	+	118	151105736	27734
chr6	151078002	151278002	harbor2	chr6	151106131	151106276	DNA/hAT-Charlie	1314	+	72	151106203	28201
chr6	163383938	163583938	harbor2	chr6	163441980	163442433	DNA/hAT-Charlie	1800	+	226	163442206	58268
chr6	163383938	163583938	harbor2	chr6	163457449	163457627	DNA/hAT-Charlie	662	+	89	163457538	73600
chr6	163383938	163583938	harbor2	chr6	163459276	163459509	DNA/hAT-Charlie	1109	+	116	163459392	75454
chr6	154991087	155191087	harbor2	chr6	155017891	155018089	DNA/hAT-Charlie	872	+	99	155017990	26903
chr6	154991087	155191087	harbor2	chr6	155088696	155088918	DNA/hAT-Charlie	1392	+	111	155088807	97720
chr6	158748514	158948514	harbor2	chr6	158759491	158759525	DNA/hAT-Charlie	1267	+	17	158759508	10994
chr6	158748514	158948514	harbor2	chr6	158759831	158760001	DNA/hAT-Charlie	1267	+	85	158759916	11402
chr6	158748514	158948514	harbor2	chr6	158819939	158820111	DNA/hAT-Charlie	659	+	86	158820025	71511
chr6	40351030	40551030	harbor2	chr6	40388502	40388861	DNA/hAT-Charlie	1121	+	180	40388682	37652
chr6	40351030	40551030	harbor2	chr6	40397836	40398086	DNA/hAT-Charlie	835	+	125	40397961	46931
chr6	40351030	40551030	harbor2	chr6	40418931	40419119	DNA/hAT-Charlie	983	+	94	40419025	67995
chr6	40351030	40551030	harbor2	chr6	40436267	40436477	DNA/hAT-Charlie	1004	+	105	40436372	85342
chr6	54952777	55152777	harbor2	chr6	55047018	55047187	DNA/hAT-Charlie	877	+	84	55047102	94325
chr6	158289474	158489474	harbor2	chr6	158311157	158311243	DNA/hAT-Charlie	470	+	43	158311200	21726
chr6	159816175	160016175	harbor2	chr6	159860015	159860194	DNA/hAT-Charlie	898	+	90	159860105	43930
chr6	159816175	160016175	harbor2	chr6	159902327	159902644	DNA/hAT-Charlie	1235	+	158	159902485	86310
chr6	157056258	157256258	harbor2	chr6	157102938	157103149	DNA/hAT-Charlie	985	+	106	157103044	46786
chr6	157056258	157256258	harbor2	chr6	157145244	157145445	DNA/hAT-Charlie	811	+	100	157145344	89086
chr6	81507147	81707147	harbor2	chr6	81569244	81569459	DNA/hAT-Charlie	800	+	108	81569352	62205
chr6	81507147	81707147	harbor2	chr6	81599905	81600041	DNA/hAT-Charlie	684	+	68	81599973	92826
chr6	53214744	53414744	harbor2	chr6	53244828	53244983	DNA/hAT-Charlie	457	+	78	53244906	30162
chr6	53214744	53414744	harbor2	chr6	53266902	53267070	DNA/hAT-Charlie	1001	+	84	53266986	52242
chr6	138118626	138318626	harbor2	chr6	138155463	138156723	DNA/hAT-Charlie	3336	+	630	138156093	37467
chr6	138118626	138318626	harbor2	chr6	138156726	138157025	DNA/hAT-Charlie	803	+	150	138156876	38250
chr6	138118626	138318626	harbor2	chr6	138157403	138158163	DNA/hAT-Charlie	2318	+	380	138157783	39157
chr6	138118626	138318626	harbor2	chr6	138172208	138172467	DNA/hAT-Charlie	735	+	130	138172338	53712
chr6	138118626	138318626	harbor2	chr6	138172514	138173372	DNA/hAT-Charlie	1624	+	429	138172943	54317
chr6	138118626	138318626	harbor2	chr6	138204433	138204645	DNA/hAT-Charlie	968	+	106	138204539	85913
chr6	164323621	164523621	harbor2	chr6	164336481	164336605	DNA/hAT-Charlie	590	+	62	164336543	12922
chr6	164323621	164523621	harbor2	chr6	164360054	164360386	DNA/hAT-Charlie	1180	+	166	164360220	36599
chr6	164323621	164523621	harbor2	chr6	164411892	164412396	DNA/hAT-Charlie	724	+	252	164412144	88523
chr6	167436237	167636237	harbor2	chr6	167452039	167452175	DNA/hAT-Charlie	542	+	68	167452107	15870
chr6	167436237	167636237	harbor2	chr6	167456398	167456459	DNA/hAT-Charlie	458	+	30	167456428	20191
chr6	167436237	167636237	harbor2	chr6	167485127	167485268	DNA/hAT-Charlie	457	+	70	167485197	48960
chr6	150052694	150252694	harbor2	chr6	150078160	150078303	DNA/hAT-Charlie	841	+	72	150078232	25538
chr6	150052694	150252694	harbor2	chr6	150078598	150078734	DNA/hAT-Charlie	841	+	68	150078666	25972
chr6	150052694	150252694	harbor2	chr6	150083255	150083578	DNA/hAT-Charlie	558	+	162	150083417	30723
chr6	150052694	150252694	harbor2	chr6	150134600	150134850	DNA/hAT-Charlie	804	+	125	150134725	82031
chr6	150052694	150252694	harbor2	chr6	150137698	150137816	DNA/hAT-Charlie	416	+	59	150137757	85063
chr6	150052694	150252694	harbor2	chr6	150138182	150138275	DNA/hAT-Charlie	416	+	46	150138228	85534
chr6	142190375	142390375	harbor2	chr6	142219803	142219978	DNA/hAT-Charlie	676	+	88	142219891	29516
chr6	142190375	142390375	harbor2	chr6	142220970	142221080	DNA/hAT-Charlie	484	+	55	142221025	30650
chr6	142190375	142390375	harbor2	chr6	142234918	142235213	DNA/hAT-Charlie	1079	+	148	142235066	44691
chr6	142190375	142390375	harbor2	chr6	142256804	142257011	DNA/hAT-Charlie	987	+	104	142256908	66533
chr6	160064466	160264466	harbor2	chr6	160109925	160110081	DNA/hAT-Charlie	507	+	78	160110003	45537
chr6	145395459	145595459	harbor2	chr6	145406760	145406933	DNA/hAT-Charlie	904	+	86	145406846	11387
chr6	145395459	145595459	harbor2	chr6	145450945	145451937	DNA/hAT-Charlie	3339	+	496	145451441	55982
chr6	75257980	75457980	harbor2	chr6	75259843	75260123	DNA/hAT-Charlie	1178	+	140	75259983	2003
chr6	75257980	75457980	harbor2	chr6	75260434	75260504	DNA/hAT-Charlie	1178	+	35	75260469	2489
chr6	46453536	46653536	harbor2	chr6	46501608	46501742	DNA/hAT-Charlie	704	+	67	46501675	48139
chr6	46453536	46653536	harbor2	chr6	46505033	46505194	DNA/hAT-Charlie	889	+	80	46505113	51577
chr6	46453536	46653536	harbor2	chr6	46510325	46510586	DNA/hAT-Charlie	470	+	130	46510455	56919
chr6	123604277	123804277	harbor2	chr6	123614040	123614199	DNA/hAT-Charlie	815	+	80	123614120	9843
chr6	163561697	163761697	harbor2	chr6	163638396	163638577	DNA/hAT-Charlie	869	+	90	163638486	76789
chr6	163561697	163761697	harbor2	chr6	163646899	163647052	DNA/hAT-Charlie	583	+	76	163646975	85278
chr6	163561697	163761697	harbor2	chr6	163647462	163647627	DNA/hAT-Charlie	725	+	82	163647544	85847
chr6	163561697	163761697	harbor2	chr6	163647638	163647843	DNA/hAT-Charlie	671	+	102	163647740	86043
chr6	163561697	163761697	harbor2	chr6	163650665	163650839	DNA/hAT-Charlie	755	+	87	163650752	89055
chr6	163561697	163761697	harbor2	chr6	163652355	163652545	DNA/hAT-Charlie	786	+	95	163652450	90753
chr6	161055761	161255761	harbor2	chr6	161058196	161058328	DNA/hAT-Charlie	451	+	66	161058262	2501
chr6	161055761	161255761	harbor2	chr6	161081193	161081391	DNA/hAT-Charlie	604	+	99	161081292	25531
chr6	161055761	161255761	harbor2	chr6	161114849	161115022	DNA/hAT-Charlie	747	+	86	161114935	59174
chr6	161055761	161255761	harbor2	chr6	161143695	161143934	DNA/hAT-Charlie	513	+	120	161143815	88054
chr6	105165346	105365346	harbor2	chr6	105167427	105167464	DNA/hAT-Charlie	722	+	18	105167445	2099
chr6	105165346	105365346	harbor2	chr6	105167773	105167929	DNA/hAT-Charlie	722	+	78	105167851	2505
chr6	105165346	105365346	harbor2	chr6	105209841	105210052	DNA/hAT-Charlie	1387	+	106	105209947	44601
chr6	144464360	144664360	harbor2	chr6	144464929	144465129	DNA/hAT-Charlie	997	+	100	144465029	669
chr6	160396511	160596511	harbor2	chr6	160396308	160397071	DNA/hAT-Charlie	2385	+	382	160396690	179
chr6	160396511	160596511	harbor2	chr6	160397423	160397453	DNA/hAT-Charlie	2385	+	15	160397438	927
chr6	160396511	160596511	harbor2	chr6	160397753	160397902	DNA/hAT-Charlie	2385	+	74	160397827	1316
chr6	160396511	160596511	harbor2	chr6	160424163	160424476	DNA/hAT-Charlie	735	+	156	160424319	27808
chr6	160396511	160596511	harbor2	chr6	160428395	160428712	DNA/hAT-Charlie	1356	+	158	160428553	32042
chr6	160396511	160596511	harbor2	chr6	160432986	160433192	DNA/hAT-Charlie	949	+	103	160433089	36578
chr6	158267681	158467681	harbor2	chr6	158311157	158311243	DNA/hAT-Charlie	470	+	43	158311200	43519
chr6	123724269	123924269	harbor2	chr6	123766506	123766761	DNA/hAT-Charlie	785	+	128	123766634	42365
chr6	123724269	123924269	harbor2	chr6	123767368	123767486	DNA/hAT-Charlie	494	+	59	123767427	43158
chr6	132759691	132959691	harbor2	chr6	132840680	132840916	DNA/hAT-Charlie	1054	+	118	132840798	81107
chr6	132759691	132959691	harbor2	chr6	132841174	132841272	DNA/hAT-Charlie	1054	+	49	132841223	81532
chr6	125733260	125933260	harbor2	chr6	125781958	125782260	DNA/hAT-Charlie	1105	+	151	125782109	48849
chr6	125733260	125933260	harbor2	chr6	125806556	125806706	DNA/hAT-Charlie	417	+	75	125806631	73371
chr6	125733260	125933260	harbor2	chr6	125806757	125806971	DNA/hAT-Charlie	571	+	107	125806864	73604
chr6	125733260	125933260	harbor2	chr6	125821057	125821216	DNA/hAT-Charlie	463	+	80	125821137	87877
chr6	125733260	125933260	harbor2	chr6	125823760	125824009	DNA/hAT-Charlie	417	+	124	125823884	90624
chr6	44714436	44914436	harbor2	chr6	44726615	44726789	DNA/hAT-Charlie	630	+	87	44726702	12266
chr6	44714436	44914436	harbor2	chr6	44726898	44727021	DNA/hAT-Charlie	411	+	62	44726960	12524
chr6	44714436	44914436	harbor2	chr6	44729307	44729899	DNA/hAT-Charlie	1320	+	296	44729603	15167
chr6	75266533	75466533	harbor2	chr6	75364580	75364728	DNA/hAT-Charlie	591	+	74	75364654	98121
chr6	168029120	168229120	harbor2	chr6	168039644	168039824	DNA/hAT-Charlie	440	+	90	168039734	10614
chr6	168029120	168229120	harbor2	chr6	168069230	168069365	DNA/hAT-Charlie	467	+	68	168069298	40178
chr6	168029120	168229120	harbor2	chr6	168120558	168120695	DNA/hAT-Charlie	491	+	68	168120626	91506
chr6	168029120	168229120	harbor2	chr6	168123575	168123690	DNA/hAT-Charlie	479	+	58	168123633	94513
chr6	98349827	98549827	harbor2	chr6	98400305	98400561	DNA/hAT-Charlie	412	+	128	98400433	50606
chr6	98349827	98549827	harbor2	chr6	98369451	98369604	DNA/hAT-Charlie	457	+	76	98369527	19700
chr6	156748774	156948774	harbor2	chr6	156842971	156843071	DNA/hAT-Charlie	415	+	50	156843021	94247
chr6	156748774	156948774	harbor2	chr6	156843069	156843341	DNA/hAT-Charlie	672	+	136	156843205	94431
chr6	170632755	170832755	harbor2	chr6	170701272	170701438	DNA/hAT-Charlie	538	+	83	170701355	68600
chr7	143347054	143547054	harbor2	chr7	143372525	143372675	DNA/hAT-Charlie	748	+	75	143372600	25546
chr7	143347054	143547054	harbor2	chr7	143439147	143439332	DNA/hAT-Charlie	677	+	92	143439239	92185
chr7	143347054	143547054	harbor2	chr7	143439684	143439747	DNA/hAT-Charlie	677	+	32	143439716	92662
chr7	34074399	34274399	harbor2	chr7	34100934	34101089	DNA/hAT-Charlie	682	+	78	34101012	26613
chr7	34074399	34274399	harbor2	chr7	34123428	34123572	DNA/hAT-Charlie	572	+	72	34123500	49101
chr7	34074399	34274399	harbor2	chr7	34137988	34138182	DNA/hAT-Charlie	886	+	97	34138085	63686
chr7	34074399	34274399	harbor2	chr7	34165909	34166134	DNA/hAT-Charlie	893	+	112	34166021	91622
chr7	81272803	81472803	harbor2	chr7	81314368	81314884	DNA/hAT-Charlie	680	+	258	81314626	41823
chr7	84310437	84510437	harbor2	chr7	84319532	84319978	DNA/hAT-Charlie	1458	+	223	84319755	9318
chr7	84310437	84510437	harbor2	chr7	84329315	84329515	DNA/hAT-Charlie	1004	+	100	84329415	18978
chr7	84310437	84510437	harbor2	chr7	84363777	84364253	DNA/hAT-Charlie	1778	+	238	84364015	53578
chr7	80303039	80503039	harbor2	chr7	80346119	80346239	DNA/hAT-Charlie	648	+	60	80346179	43140
chr7	80303039	80503039	harbor2	chr7	80386799	80386813	DNA/hAT-Charlie	788	+	7	80386806	83767
chr7	80303039	80503039	harbor2	chr7	80363447	80363637	DNA/hAT-Charlie	1134	+	95	80363542	60503
chr7	154865854	155065854	harbor2	chr7	154940379	154940718	DNA/hAT-Charlie	2071	+	170	154940549	74695
chr7	154865854	155065854	harbor2	chr7	154942292	154942650	DNA/hAT-Charlie	892	+	179	154942471	76617
chr7	159018406	159218406	harbor2	chr7	159043234	159043470	DNA/hAT-Charlie	967	+	118	159043352	24946
chr7	159018406	159218406	harbor2	chr7	159046742	159046952	DNA/hAT-Charlie	6186	+	105	159046847	28441
chr7	159018406	159218406	harbor2	chr7	159047264	159048757	DNA/hAT-Charlie	6186	+	746	159048010	29604
chr7	134833240	135033240	harbor2	chr7	134858890	134859082	DNA/hAT-Charlie	942	+	96	134858986	25746
chr7	134833240	135033240	harbor2	chr7	134912510	134912982	DNA/hAT-Charlie	1369	+	236	134912746	79506
chr7	134833240	135033240	harbor2	chr7	134913284	134913552	DNA/hAT-Charlie	1369	+	134	134913418	80178
chr7	145365013	145565013	harbor2	chr7	145387724	145388370	DNA/hAT-Charlie	1368	+	323	145388047	23034
chr7	153923444	154123444	harbor2	chr7	153933854	153934060	DNA/hAT-Charlie	454	+	103	153933957	10513
chr7	153923444	154123444	harbor2	chr7	153963518	153963854	DNA/hAT-Charlie	2004	+	168	153963686	40242
chr7	154231077	154431077	harbor2	chr7	154266742	154266877	DNA/hAT-Charlie	739	+	68	154266810	35733
chr7	154231077	154431077	harbor2	chr7	154266872	154267301	DNA/hAT-Charlie	1489	+	214	154267086	36009
chr7	154231077	154431077	harbor2	chr7	154268001	154268096	DNA/hAT-Charlie	500	+	48	154268049	36972
chr7	154231077	154431077	harbor2	chr7	154329232	154329344	DNA/hAT-Charlie	465	+	56	154329288	98211
chr7	125789340	125989340	harbor2	chr7	125816333	125816644	DNA/hAT-Charlie	1052	+	156	125816489	27149
chr7	125789340	125989340	harbor2	chr7	125826168	125827334	DNA/hAT-Charlie	3924	+	583	125826751	37411
chr7	125789340	125989340	harbor2	chr7	125834803	125835004	DNA/hAT-Charlie	707	+	100	125834903	45563
chr7	125789340	125989340	harbor2	chr7	125871952	125872106	DNA/hAT-Charlie	540	+	77	125872029	82689
chr7	148575030	148775030	harbor2	chr7	148598433	148598590	DNA/hAT-Charlie	491	+	78	148598511	23481
chr7	148575030	148775030	harbor2	chr7	148636541	148636850	DNA/hAT-Charlie	688	+	154	148636695	61665
chr7	148575030	148775030	harbor2	chr7	148652916	148652979	DNA/hAT-Charlie	1036	+	32	148652948	77918
chr7	148575030	148775030	harbor2	chr7	148653340	148653488	DNA/hAT-Charlie	1036	+	74	148653414	78384
chr7	148575030	148775030	harbor2	chr7	148666424	148666662	DNA/hAT-Charlie	1486	+	119	148666543	91513
chr7	68075046	68275046	harbor2	chr7	68137933	68138119	DNA/hAT-Charlie	698	+	93	68138026	62980
chr7	68075046	68275046	harbor2	chr7	68171175	68171300	DNA/hAT-Charlie	660	+	62	68171237	96191
chr7	130145931	130345931	harbor2	chr7	130222655	130223026	DNA/hAT-Charlie	2128	+	186	130222841	76910
chr7	153623871	153823871	harbor2	chr7	153661729	153661869	DNA/hAT-Charlie	492	+	70	153661799	37928
chr7	153623871	153823871	harbor2	chr7	153661871	153661964	DNA/hAT-Charlie	1203	+	46	153661917	38046
chr7	153623871	153823871	harbor2	chr7	153662263	153662510	DNA/hAT-Charlie	1203	+	124	153662387	38516
chr7	153623871	153823871	harbor2	chr7	153663059	153663279	DNA/hAT-Charlie	685	+	110	153663169	39298
chr7	153623871	153823871	harbor2	chr7	153695425	153695646	DNA/hAT-Charlie	626	+	110	153695535	71664
chr7	153623871	153823871	harbor2	chr7	153708096	153708546	DNA/hAT-Charlie	981	+	225	153708321	84450
chr7	135379173	135579173	harbor2	chr7	135395989	135396107	DNA/hAT-Charlie	506	+	59	135396048	16875
chr7	135379173	135579173	harbor2	chr7	135396417	135396562	DNA/hAT-Charlie	506	+	72	135396489	17316
chr7	135379173	135579173	harbor2	chr7	135411232	135411476	DNA/hAT-Charlie	898	+	122	135411354	32181
chr7	135379173	135579173	harbor2	chr7	135416728	135416987	DNA/hAT-Charlie	810	+	130	135416858	37685
chr7	135379173	135579173	harbor2	chr7	135417025	135417151	DNA/hAT-Charlie	537	+	63	135417088	37915
chr7	135379173	135579173	harbor2	chr7	135417325	135417528	DNA/hAT-Charlie	595	+	102	135417427	38254
chr7	135379173	135579173	harbor2	chr7	135424935	135425055	DNA/hAT-Charlie	483	+	60	135424995	45822
chr7	135379173	135579173	harbor2	chr7	135396594	135397478	DNA/hAT-Charlie	1837	+	442	135397036	17863
chr7	150351971	150551971	harbor2	chr7	150401693	150401863	DNA/hAT-Charlie	834	+	85	150401778	49807
chr7	145473053	145673053	harbor2	chr7	145521921	145522033	DNA/hAT-Charlie	727	+	56	145521977	48924
chr7	36761576	36961576	harbor2	chr7	36787532	36787741	DNA/hAT-Charlie	1083	+	104	36787636	26060
chr7	36761576	36961576	harbor2	chr7	36814106	36814381	DNA/hAT-Charlie	725	+	138	36814244	52668
chr7	36761576	36961576	harbor2	chr7	36833821	36833990	DNA/hAT-Charlie	824	+	84	36833905	72329
chr7	36761576	36961576	harbor2	chr7	36839825	36840028	DNA/hAT-Charlie	1258	+	102	36839927	78351
chr7	108085840	108285840	harbor2	chr7	108126907	108127049	DNA/hAT-Charlie	619	+	71	108126978	41138
chr7	108085840	108285840	harbor2	chr7	108127135	108127330	DNA/hAT-Charlie	598	+	98	108127233	41393
chr7	108085840	108285840	harbor2	chr7	108127450	108127482	DNA/hAT-Charlie	618	+	16	108127466	41626
chr7	108085840	108285840	harbor2	chr7	108127598	108127747	DNA/hAT-Charlie	618	+	74	108127672	41832
chr7	108085840	108285840	harbor2	chr7	108127837	108127891	DNA/hAT-Charlie	753	+	27	108127864	42024
chr7	108085840	108285840	harbor2	chr7	108128347	108128471	DNA/hAT-Charlie	753	+	62	108128409	42569
chr7	108085840	108285840	harbor2	chr7	108134706	108135025	DNA/hAT-Charlie	1093	+	160	108134866	49026
chr7	108085840	108285840	harbor2	chr7	108140864	108140979	DNA/hAT-Charlie	558	+	58	108140922	55082
chr7	108085840	108285840	harbor2	chr7	108142785	108142942	DNA/hAT-Charlie	611	+	78	108142863	57023
chr7	108085840	108285840	harbor2	chr7	108152657	108152769	DNA/hAT-Charlie	574	+	56	108152713	66873
chr7	154433924	154633924	harbor2	chr7	154526417	154526622	DNA/hAT-Charlie	983	+	102	154526519	92595
chr7	81767718	81967718	harbor2	chr7	81835477	81835710	DNA/hAT-Charlie	854	+	116	81835593	67875
chr7	81767718	81967718	harbor2	chr7	81851225	81851407	DNA/hAT-Charlie	839	+	91	81851316	83598
chr7	81767718	81967718	harbor2	chr7	81858086	81858245	DNA/hAT-Charlie	514	+	80	81858166	90448
chr7	81767718	81967718	harbor2	chr7	81859625	81860003	DNA/hAT-Charlie	507	+	189	81859814	92096
chr7	81767718	81967718	harbor2	chr7	81861744	81861977	DNA/hAT-Charlie	738	+	116	81861860	94142
chr7	154111796	154311796	harbor2	chr7	154162279	154162504	DNA/hAT-Charlie	572	+	112	154162391	50595
chr7	154111796	154311796	harbor2	chr7	154163360	154163724	DNA/hAT-Charlie	473	+	182	154163542	51746
chr7	154111796	154311796	harbor2	chr7	154176376	154176600	DNA/hAT-Charlie	648	+	112	154176488	64692
chr7	155564555	155764555	harbor2	chr7	155567646	155567790	DNA/hAT-Charlie	654	+	72	155567718	3163
chr7	155564555	155764555	harbor2	chr7	155625572	155625664	DNA/hAT-Charlie	433	+	46	155625618	61063
chr7	155564555	155764555	harbor2	chr7	155646118	155646299	DNA/hAT-Charlie	731	+	90	155646208	81653
chr7	155564555	155764555	harbor2	chr7	155655459	155655534	DNA/hAT-Charlie	3422	+	38	155655497	90942
chr7	155564555	155764555	harbor2	chr7	155655560	155656796	DNA/hAT-Charlie	3422	+	618	155656178	91623
chr7	155564555	155764555	harbor2	chr7	155664062	155664265	DNA/hAT-Charlie	932	+	102	155664164	99609
chr7	143199672	143399672	harbor2	chr7	143211005	143211223	DNA/hAT-Charlie	863	+	109	143211114	11442
chr7	143199672	143399672	harbor2	chr7	143217579	143217762	DNA/hAT-Charlie	464	+	92	143217671	17999
chr7	143199672	143399672	harbor2	chr7	143246426	143246575	DNA/hAT-Charlie	658	+	74	143246500	46828
chr7	143199672	143399672	harbor2	chr7	143247825	143248023	DNA/hAT-Charlie	584	+	99	143247924	48252
chr7	153604371	153804371	harbor2	chr7	153661729	153661869	DNA/hAT-Charlie	492	+	70	153661799	57428
chr7	153604371	153804371	harbor2	chr7	153661871	153661964	DNA/hAT-Charlie	1203	+	46	153661917	57546
chr7	153604371	153804371	harbor2	chr7	153662263	153662510	DNA/hAT-Charlie	1203	+	124	153662387	58016
chr7	153604371	153804371	harbor2	chr7	153663059	153663279	DNA/hAT-Charlie	685	+	110	153663169	58798
chr7	153604371	153804371	harbor2	chr7	153695425	153695646	DNA/hAT-Charlie	626	+	110	153695535	91164
chr7	138885366	139085366	harbor2	chr7	138887406	138889197	DNA/hAT-Charlie	4063	+	896	138888302	2936
chr7	138885366	139085366	harbor2	chr7	138932694	138932852	DNA/hAT-Charlie	668	+	79	138932773	47407
chr7	134825766	135025766	harbor2	chr7	134858890	134859082	DNA/hAT-Charlie	942	+	96	134858986	33220
chr7	134825766	135025766	harbor2	chr7	134912510	134912982	DNA/hAT-Charlie	1369	+	236	134912746	86980
chr7	134825766	135025766	harbor2	chr7	134913284	134913552	DNA/hAT-Charlie	1369	+	134	134913418	87652
chr7	138354244	138554244	harbor2	chr7	138405632	138405839	DNA/hAT-Charlie	885	+	104	138405736	51492
chr7	138354244	138554244	harbor2	chr7	138437353	138437503	DNA/hAT-Charlie	793	+	75	138437428	83184
chr7	151590692	151790692	harbor2	chr7	151629043	151629256	DNA/hAT-Charlie	879	+	106	151629149	38457
chr7	151590692	151790692	harbor2	chr7	151650543	151650933	DNA/hAT-Charlie	1106	+	195	151650738	60046
chr7	151590692	151790692	harbor2	chr7	151650952	151651324	DNA/hAT-Charlie	2595	+	186	151651138	60446
chr7	151590692	151790692	harbor2	chr7	151651629	151651747	DNA/hAT-Charlie	2595	+	59	151651688	60996
chr7	151590692	151790692	harbor2	chr7	151652177	151652511	DNA/hAT-Charlie	1232	+	167	151652344	61652
chr7	151590692	151790692	harbor2	chr7	151685396	151685487	DNA/hAT-Charlie	568	+	46	151685442	94750
chr7	151590692	151790692	harbor2	chr7	151685785	151685859	DNA/hAT-Charlie	568	+	37	151685822	95130
chr7	39285867	39485867	harbor2	chr7	39287736	39287860	DNA/hAT-Charlie	576	+	62	39287798	1931
chr7	39285867	39485867	harbor2	chr7	39320376	39320514	DNA/hAT-Charlie	435	+	69	39320445	34578
chr7	39285867	39485867	harbor2	chr7	39327862	39327926	DNA/hAT-Charlie	553	+	32	39327894	42027
chr7	39285867	39485867	harbor2	chr7	39328219	39328392	DNA/hAT-Charlie	553	+	86	39328305	42438
chr7	152112214	152312214	harbor2	chr7	152115140	152115774	DNA/hAT-Charlie	3956	+	317	152115457	3243
chr7	152112214	152312214	harbor2	chr7	152116065	152116248	DNA/hAT-Charlie	3956	+	92	152116157	3943
chr7	152112214	152312214	harbor2	chr7	152116539	152116992	DNA/hAT-Charlie	3956	+	226	152116765	4551
chr7	152112214	152312214	harbor2	chr7	152160259	152160429	DNA/hAT-Charlie	675	+	85	152160344	48130
chr7	152112214	152312214	harbor2	chr7	152172716	152172881	DNA/hAT-Charlie	484	+	82	152172798	60584
chr7	152112214	152312214	harbor2	chr7	152172910	152173072	DNA/hAT-Charlie	464	+	81	152172991	60777
chr7	152112214	152312214	harbor2	chr7	152189877	152190202	DNA/hAT-Charlie	2004	+	162	152190039	77825
chr7	152112214	152312214	harbor2	chr7	152198668	152198836	DNA/hAT-Charlie	636	+	84	152198752	86538
chr7	152112214	152312214	harbor2	chr7	152210449	152210653	DNA/hAT-Charlie	1074	+	102	152210551	98337
chr7	126327114	126527114	harbor2	chr7	126365006	126365243	DNA/hAT-Charlie	940	+	118	126365124	38010
chr7	126327114	126527114	harbor2	chr7	126420815	126420960	DNA/hAT-Charlie	961	+	72	126420887	93773
chr7	158413458	158613458	harbor2	chr7	158502159	158502345	DNA/hAT-Charlie	697	+	93	158502252	88794
chr7	127673361	127873361	harbor2	chr7	127710032	127710343	DNA/hAT-Charlie	1068	+	156	127710188	36827
chr7	127673361	127873361	harbor2	chr7	127710352	127710554	DNA/hAT-Charlie	740	+	101	127710453	37092
chr7	133216138	133416138	harbor2	chr7	133262640	133262757	DNA/hAT-Charlie	656	+	58	133262698	46560
chr7	133216138	133416138	harbor2	chr7	133296822	133296980	DNA/hAT-Charlie	498	+	79	133296901	80763
chr7	133216138	133416138	harbor2	chr7	133302321	133302714	DNA/hAT-Charlie	1233	+	196	133302517	86379
chr7	154982640	155182640	harbor2	chr7	155008026	155008237	DNA/hAT-Charlie	1184	+	106	155008132	25492
chr7	154982640	155182640	harbor2	chr7	155072956	155073038	DNA/hAT-Charlie	909	+	41	155072997	90357
chr7	154982640	155182640	harbor2	chr7	155073341	155073477	DNA/hAT-Charlie	909	+	68	155073409	90769
chr7	71270501	71470501	harbor2	chr7	71275415	71275540	DNA/hAT-Charlie	440	+	62	71275477	4976
chr7	71270501	71470501	harbor2	chr7	71357161	71357487	DNA/hAT-Charlie	2015	+	163	71357324	86823
chr7	143873197	144073197	harbor2	chr7	143906719	143907049	DNA/hAT-Charlie	606	+	165	143906884	33687
chr7	69591430	69791430	harbor2	chr7	69655421	69655608	DNA/hAT-Charlie	1125	+	94	69655515	64085
chr7	69591430	69791430	harbor2	chr7	69657934	69658269	DNA/hAT-Charlie	1956	+	168	69658102	66672
chr7	140576854	140776854	harbor2	chr7	140583518	140583648	DNA/hAT-Charlie	1322	+	65	140583583	6729
chr7	140576854	140776854	harbor2	chr7	140583942	140583959	DNA/hAT-Charlie	1322	+	8	140583950	7096
chr7	140576854	140776854	harbor2	chr7	140584270	140584416	DNA/hAT-Charlie	1322	+	73	140584343	7489
chr7	140576854	140776854	harbor2	chr7	140652140	140652197	DNA/hAT-Charlie	795	+	28	140652168	75314
chr7	140576854	140776854	harbor2	chr7	140652508	140652560	DNA/hAT-Charlie	795	+	26	140652534	75680
chr7	140576854	140776854	harbor2	chr7	140653226	140653364	DNA/hAT-Charlie	795	+	69	140653295	76441
chr7	140576854	140776854	harbor2	chr7	140655197	140655359	DNA/hAT-Charlie	834	+	81	140655278	78424
chr7	155152888	155352888	harbor2	chr7	155190980	155191208	DNA/hAT-Charlie	647	+	114	155191094	38206
chr7	155152888	155352888	harbor2	chr7	155194923	155195148	DNA/hAT-Charlie	828	+	112	155195035	42147
chr7	155152888	155352888	harbor2	chr7	155204985	155205258	DNA/hAT-Charlie	914	+	136	155205121	52233
chr7	155152888	155352888	harbor2	chr7	155230015	155230187	DNA/hAT-Charlie	585	+	86	155230101	77213
chr7	134775112	134975112	harbor2	chr7	134786131	134786411	DNA/hAT-Charlie	751	+	140	134786271	11159
chr7	134775112	134975112	harbor2	chr7	134858890	134859082	DNA/hAT-Charlie	942	+	96	134858986	83874
chr7	108250940	108450940	harbor2	chr7	108282843	108283019	DNA/hAT-Charlie	850	+	88	108282931	31991
chr7	108250940	108450940	harbor2	chr7	108289750	108289932	DNA/hAT-Charlie	943	+	91	108289841	38901
chr7	108250940	108450940	harbor2	chr7	108346738	108347026	DNA/hAT-Charlie	1125	+	144	108346882	95942
chr7	108250940	108450940	harbor2	chr7	108347335	108347358	DNA/hAT-Charlie	1125	+	12	108347347	96407
chr7	134860919	135060919	harbor2	chr7	134912510	134912982	DNA/hAT-Charlie	1369	+	236	134912746	51827
chr7	134860919	135060919	harbor2	chr7	134913284	134913552	DNA/hAT-Charlie	1369	+	134	134913418	52499
chr7	142468918	142668918	harbor2	chr7	142534121	142534445	DNA/hAT-Charlie	1363	+	162	142534283	65365
chr7	78904852	79104852	harbor2	chr7	78925522	78925931	DNA/hAT-Charlie	1059	+	204	78925726	20874
chr7	78904852	79104852	harbor2	chr7	78963107	78963278	DNA/hAT-Charlie	713	+	86	78963193	58341
chr7	78904852	79104852	harbor2	chr7	78982938	78983222	DNA/hAT-Charlie	1206	+	142	78983080	78228
chr7	22686869	22886869	harbor2	chr7	22772716	22773030	DNA/hAT-Charlie	1150	+	157	22772873	86004
chr7	22686869	22886869	harbor2	chr7	22773030	22773361	DNA/hAT-Charlie	992	+	166	22773196	86327
chr7	52522581	52722581	harbor2	chr7	52530225	52530437	DNA/hAT-Charlie	743	+	106	52530331	7750
chr7	52522581	52722581	harbor2	chr7	52602670	52602999	DNA/hAT-Charlie	1941	+	164	52602834	80253
chr7	129165780	129365780	harbor2	chr7	129207565	129207613	DNA/hAT-Charlie	1146	+	24	129207589	41809
chr7	129165780	129365780	harbor2	chr7	129207923	129208171	DNA/hAT-Charlie	1146	+	124	129208047	42267
chr7	129165780	129365780	harbor2	chr7	129208456	129208472	DNA/hAT-Charlie	1146	+	8	129208464	42684
chr7	138511604	138711604	harbor2	chr7	138519668	138519817	DNA/hAT-Charlie	531	+	74	138519742	8138
chr7	138511604	138711604	harbor2	chr7	138553790	138553820	DNA/hAT-Charlie	841	+	15	138553805	42201
chr7	138511604	138711604	harbor2	chr7	138554257	138554598	DNA/hAT-Charlie	841	+	170	138554427	42823
chr7	138511604	138711604	harbor2	chr7	138573050	138573188	DNA/hAT-Charlie	527	+	69	138573119	61515
chr7	138511604	138711604	harbor2	chr7	138576016	138576202	DNA/hAT-Charlie	918	+	93	138576109	64505
chr7	158572102	158772102	harbor2	chr7	158573879	158574252	DNA/hAT-Charlie	710	+	186	158574065	1963
chr7	158572102	158772102	harbor2	chr7	158607496	158607627	DNA/hAT-Charlie	443	+	66	158607562	35460
chr7	158572102	158772102	harbor2	chr7	158607702	158608002	DNA/hAT-Charlie	3059	+	150	158607852	35750
chr7	158572102	158772102	harbor2	chr7	158608308	158608926	DNA/hAT-Charlie	3059	+	309	158608617	36515
chr7	158572102	158772102	harbor2	chr7	158609073	158609216	DNA/hAT-Charlie	548	+	72	158609145	37043
chr7	149475710	149675710	harbor2	chr7	149486953	149487258	DNA/hAT-Charlie	1294	+	152	149487105	11395
chr7	149475710	149675710	harbor2	chr7	149493083	149493301	DNA/hAT-Charlie	930	+	109	149493192	17482
chr7	106542437	106742437	harbor2	chr7	106561596	106561755	DNA/hAT-Charlie	714	+	80	106561676	19239
chr7	106542437	106742437	harbor2	chr7	106591639	106591808	DNA/hAT-Charlie	858	+	84	106591723	49286
chr7	106548645	106748645	harbor2	chr7	106561596	106561755	DNA/hAT-Charlie	714	+	80	106561676	13031
chr7	106548645	106748645	harbor2	chr7	106591639	106591808	DNA/hAT-Charlie	858	+	84	106591723	43078
chr7	82671931	82871931	harbor2	chr7	82673352	82673561	DNA/hAT-Charlie	952	+	104	82673456	1525
chr7	82671931	82871931	harbor2	chr7	82677217	82677444	DNA/hAT-Charlie	1165	+	114	82677331	5400
chr7	82671931	82871931	harbor2	chr7	82694669	82694832	DNA/hAT-Charlie	682	+	82	82694751	22820
chr7	34222224	34422224	harbor2	chr7	34222262	34222426	DNA/hAT-Charlie	670	+	82	34222344	120
chr7	34222224	34422224	harbor2	chr7	34236415	34236577	DNA/hAT-Charlie	720	+	81	34236496	14272
chr7	34222224	34422224	harbor2	chr7	34268329	34268545	DNA/hAT-Charlie	985	+	108	34268437	46213
chr7	158539820	158739820	harbor2	chr7	158544257	158544353	DNA/hAT-Charlie	1191	+	48	158544305	4485
chr7	158539820	158739820	harbor2	chr7	158544653	158544778	DNA/hAT-Charlie	1191	+	62	158544715	4895
chr7	158539820	158739820	harbor2	chr7	158573879	158574252	DNA/hAT-Charlie	710	+	186	158574065	34245
chr7	158539820	158739820	harbor2	chr7	158607496	158607627	DNA/hAT-Charlie	443	+	66	158607562	67742
chr7	158539820	158739820	harbor2	chr7	158607702	158608002	DNA/hAT-Charlie	3059	+	150	158607852	68032
chr7	158539820	158739820	harbor2	chr7	158608308	158608926	DNA/hAT-Charlie	3059	+	309	158608617	68797
chr7	158539820	158739820	harbor2	chr7	158609073	158609216	DNA/hAT-Charlie	548	+	72	158609145	69325
chr7	154941378	155141378	harbor2	chr7	154942292	154942650	DNA/hAT-Charlie	892	+	179	154942471	1093
chr7	154941378	155141378	harbor2	chr7	155008026	155008237	DNA/hAT-Charlie	1184	+	106	155008132	66754
chr7	132637756	132837756	harbor2	chr7	132643586	132643668	DNA/hAT-Charlie	658	+	41	132643627	5871
chr7	132637756	132837756	harbor2	chr7	132643963	132644117	DNA/hAT-Charlie	658	+	77	132644040	6284
chr7	132637756	132837756	harbor2	chr7	132654073	132654263	DNA/hAT-Charlie	853	+	95	132654168	16412
chr7	132637756	132837756	harbor2	chr7	132660200	132660467	DNA/hAT-Charlie	578	+	134	132660334	22578
chr7	100198211	100398211	harbor2	chr7	100273364	100273378	DNA/hAT-Charlie	583	+	7	100273371	75160
chr7	100198211	100398211	harbor2	chr7	100273483	100273669	DNA/hAT-Charlie	583	+	93	100273576	75365
chr7	100198211	100398211	harbor2	chr7	100274248	100274265	DNA/hAT-Charlie	583	+	8	100274256	76045
chr7	111752459	111952459	harbor2	chr7	111758312	111758488	DNA/hAT-Charlie	506	+	88	111758400	5941
chr7	131757430	131957430	harbor2	chr7	131767067	131767350	DNA/hAT-Charlie	1142	+	142	131767209	9779
chr7	131757430	131957430	harbor2	chr7	131779039	131779166	DNA/hAT-Charlie	652	+	64	131779103	21673
chr7	131757430	131957430	harbor2	chr7	131799813	131799959	DNA/hAT-Charlie	703	+	73	131799886	42456
chr7	131757430	131957430	harbor2	chr7	131800004	131800192	DNA/hAT-Charlie	1049	+	94	131800098	42668
chr7	131757430	131957430	harbor2	chr7	131800364	131800535	DNA/hAT-Charlie	463	+	86	131800450	43020
chr7	131757430	131957430	harbor2	chr7	131813003	131813201	DNA/hAT-Charlie	855	+	99	131813102	55672
chr7	131757430	131957430	harbor2	chr7	131828107	131828285	DNA/hAT-Charlie	887	+	89	131828196	70766
chr7	123584971	123784971	harbor2	chr7	123610553	123610703	DNA/hAT-Charlie	502	+	75	123610628	25657
chr7	123584971	123784971	harbor2	chr7	123658761	123658931	DNA/hAT-Charlie	621	+	85	123658846	73875
chr7	107757520	107957520	harbor2	chr7	107824749	107824812	DNA/hAT-Charlie	1003	+	32	107824781	67261
chr7	107757520	107957520	harbor2	chr7	107825301	107825495	DNA/hAT-Charlie	1003	+	97	107825398	67878
chr7	107757520	107957520	harbor2	chr7	107825620	107825675	DNA/hAT-Charlie	682	+	28	107825648	68128
chr7	107757520	107957520	harbor2	chr7	107825967	107826079	DNA/hAT-Charlie	682	+	56	107826023	68503
chr7	107757520	107957520	harbor2	chr7	107826370	107826433	DNA/hAT-Charlie	682	+	32	107826402	68882
chr7	107757520	107957520	harbor2	chr7	107838649	107838846	DNA/hAT-Charlie	1533	+	98	107838747	81227
chr7	140197844	140397844	harbor2	chr7	140233406	140233637	DNA/hAT-Charlie	1146	+	116	140233522	35678
chr7	140197844	140397844	harbor2	chr7	140247854	140247916	DNA/hAT-Charlie	520	+	31	140247885	50041
chr7	140197844	140397844	harbor2	chr7	140248233	140248446	DNA/hAT-Charlie	520	+	106	140248339	50495
chr7	124578158	124778158	harbor2	chr7	124599513	124599687	DNA/hAT-Charlie	759	+	87	124599600	21442
chr7	124578158	124778158	harbor2	chr7	124599976	124600009	DNA/hAT-Charlie	759	+	16	124599992	21834
chr7	124578158	124778158	harbor2	chr7	124604916	124605206	DNA/hAT-Charlie	1176	+	145	124605061	26903
chr7	124578158	124778158	harbor2	chr7	124606964	124607126	DNA/hAT-Charlie	818	+	81	124607045	28887
chr7	124578158	124778158	harbor2	chr7	124657999	124658243	DNA/hAT-Charlie	1013	+	122	124658121	79963
chr7	124578158	124778158	harbor2	chr7	124663261	124663417	DNA/hAT-Charlie	474	+	78	124663339	85181
chr7	123062364	123262364	harbor2	chr7	123072360	123072501	DNA/hAT-Charlie	632	+	70	123072430	10066
chr7	123062364	123262364	harbor2	chr7	123094977	123095204	DNA/hAT-Charlie	962	+	114	123095091	32727
chr7	123062364	123262364	harbor2	chr7	123116288	123116478	DNA/hAT-Charlie	935	+	95	123116383	54019
chr7	123062364	123262364	harbor2	chr7	123157120	123157663	DNA/hAT-Charlie	525	+	272	123157392	95028
chr7	123062364	123262364	harbor2	chr7	123161991	123162392	DNA/hAT-Charlie	1095	+	200	123162191	99827
chr7	41910497	42110497	harbor2	chr7	41939819	41940132	DNA/hAT-Charlie	1138	+	156	41939975	29478
chr7	41910497	42110497	harbor2	chr7	41958831	41959019	DNA/hAT-Charlie	807	+	94	41958925	48428
chr7	118192898	118392898	harbor2	chr7	118202859	118202923	DNA/hAT-Charlie	451	+	32	118202891	9993
chr7	118192898	118392898	harbor2	chr7	118239105	118239444	DNA/hAT-Charlie	1786	+	170	118239275	46377
chr7	118192898	118392898	harbor2	chr7	118243751	118243930	DNA/hAT-Charlie	697	+	90	118243841	50943
chr7	118192898	118392898	harbor2	chr7	118276776	118277104	DNA/hAT-Charlie	1829	+	164	118276940	84042
chr7	152712452	152912452	harbor2	chr7	152747089	152747311	DNA/hAT-Charlie	1427	+	111	152747200	34748
chr7	152712452	152912452	harbor2	chr7	152803580	152804322	DNA/hAT-Charlie	1423	+	371	152803951	91499
chr7	155044992	155244992	harbor2	chr7	155072956	155073038	DNA/hAT-Charlie	909	+	41	155072997	28005
chr7	155044992	155244992	harbor2	chr7	155073341	155073477	DNA/hAT-Charlie	909	+	68	155073409	28417
chr7	155044992	155244992	harbor2	chr7	155110370	155110586	DNA/hAT-Charlie	588	+	108	155110478	65486
chr7	140548804	140748804	harbor2	chr7	140548905	140548937	DNA/hAT-Charlie	520	+	16	140548921	117
chr7	140548804	140748804	harbor2	chr7	140549235	140549267	DNA/hAT-Charlie	520	+	16	140549251	447
chr7	140548804	140748804	harbor2	chr7	140549553	140549672	DNA/hAT-Charlie	520	+	60	140549613	809
chr7	140548804	140748804	harbor2	chr7	140583518	140583648	DNA/hAT-Charlie	1322	+	65	140583583	34779
chr7	140548804	140748804	harbor2	chr7	140583942	140583959	DNA/hAT-Charlie	1322	+	8	140583950	35146
chr7	140548804	140748804	harbor2	chr7	140584270	140584416	DNA/hAT-Charlie	1322	+	73	140584343	35539
chr7	88569015	88769015	harbor2	chr7	88589444	88589635	DNA/hAT-Charlie	958	+	96	88589540	20525
chr7	88569015	88769015	harbor2	chr7	88659871	88660332	DNA/hAT-Charlie	1752	+	230	88660101	91086
chr7	88569015	88769015	harbor2	chr7	88663697	88664111	DNA/hAT-Charlie	1127	+	207	88663904	94889
chr7	87868850	88068850	harbor2	chr7	87885482	87885805	DNA/hAT-Charlie	1525	+	162	87885644	16794
chr7	87868850	88068850	harbor2	chr7	87926250	87926378	DNA/hAT-Charlie	635	+	64	87926314	57464
chr7	158636509	158836509	harbor2	chr7	158678339	158678499	DNA/hAT-Charlie	555	+	80	158678419	41910
chr7	158636509	158836509	harbor2	chr7	158690180	158690364	DNA/hAT-Charlie	822	+	92	158690272	53763
chr7	158636509	158836509	harbor2	chr7	158700144	158700410	DNA/hAT-Charlie	535	+	133	158700277	63768
chr7	69877572	70077572	harbor2	chr7	69956562	69956859	DNA/hAT-Charlie	1114	+	148	69956710	79138
chr7	69877572	70077572	harbor2	chr7	69957175	69957466	DNA/hAT-Charlie	1114	+	146	69957321	79749
chr7	69877572	70077572	harbor2	chr7	69958144	69958351	DNA/hAT-Charlie	1118	+	104	69958248	80676
chr7	125428773	125628773	harbor2	chr7	125513814	125514039	DNA/hAT-Charlie	723	+	112	125513926	85153
chr7	108176499	108376499	harbor2	chr7	108192100	108192554	DNA/hAT-Charlie	1727	+	227	108192327	15828
chr7	108176499	108376499	harbor2	chr7	108233347	108233516	DNA/hAT-Charlie	574	+	84	108233431	56932
chr7	108176499	108376499	harbor2	chr7	108235639	108235860	DNA/hAT-Charlie	966	+	110	108235749	59250
chr7	141565929	141765929	harbor2	chr7	141571303	141571461	DNA/hAT-Charlie	935	+	79	141571382	5453
chr7	141565929	141765929	harbor2	chr7	141642623	141642914	DNA/hAT-Charlie	1351	+	146	141642769	76840
chr7	141565929	141765929	harbor2	chr7	141646571	141646900	DNA/hAT-Charlie	1402	+	164	141646735	80806
chr7	141565929	141765929	harbor2	chr7	141647526	141647655	DNA/hAT-Charlie	576	+	64	141647590	81661
chr7	116815448	117015448	harbor2	chr7	116838457	116838575	DNA/hAT-Charlie	553	+	59	116838516	23068
chr7	116815448	117015448	harbor2	chr7	116841751	116841924	DNA/hAT-Charlie	814	+	86	116841837	26389
chr7	116815448	117015448	harbor2	chr7	116860696	116860856	DNA/hAT-Charlie	453	+	80	116860776	45328
chr7	153413820	153613820	harbor2	chr7	153493124	153493342	DNA/hAT-Charlie	600	+	109	153493233	79413
chr7	44413868	44613868	harbor2	chr7	44462674	44462837	DNA/hAT-Charlie	617	+	82	44462756	48888
chr7	44413868	44613868	harbor2	chr7	44473139	44473259	DNA/hAT-Charlie	470	+	60	44473199	59331
chr7	158614052	158814052	harbor2	chr7	158678339	158678499	DNA/hAT-Charlie	555	+	80	158678419	64367
chr7	158614052	158814052	harbor2	chr7	158690180	158690364	DNA/hAT-Charlie	822	+	92	158690272	76220
chr7	158614052	158814052	harbor2	chr7	158700144	158700410	DNA/hAT-Charlie	535	+	133	158700277	86225
chr7	93289258	93489258	harbor2	chr7	93321014	93321144	DNA/hAT-Charlie	639	+	65	93321079	31821
chr7	93289258	93489258	harbor2	chr7	93321135	93321231	DNA/hAT-Charlie	517	+	48	93321183	31925
chr7	93289258	93489258	harbor2	chr7	93323373	93323529	DNA/hAT-Charlie	610	+	78	93323451	34193
chr7	93289258	93489258	harbor2	chr7	93327136	93327340	DNA/hAT-Charlie	841	+	102	93327238	37980
chr7	93289258	93489258	harbor2	chr7	93364218	93364397	DNA/hAT-Charlie	659	+	90	93364308	75050
chr7	147815470	148015470	harbor2	chr7	147854614	147854740	DNA/hAT-Charlie	524	+	63	147854677	39207
chr7	147815470	148015470	harbor2	chr7	147854738	147855133	DNA/hAT-Charlie	1170	+	198	147854936	39466
chr7	130015509	130215509	harbor2	chr7	130022739	130023243	DNA/hAT-Charlie	3502	+	252	130022991	7482
chr7	130015509	130215509	harbor2	chr7	130050500	130050939	DNA/hAT-Charlie	1735	+	220	130050720	35211
chr7	130015509	130215509	harbor2	chr7	130054870	130055051	DNA/hAT-Charlie	790	+	90	130054960	39451
chr7	130015509	130215509	harbor2	chr7	130062897	130063044	DNA/hAT-Charlie	807	+	74	130062971	47462
chr7	154047004	154247004	harbor2	chr7	154066900	154067098	DNA/hAT-Charlie	929	+	99	154066999	19995
chr7	30230387	30430387	harbor2	chr7	30271659	30271778	DNA/hAT-Charlie	601	+	60	30271719	41332
chr7	30230387	30430387	harbor2	chr7	30281881	30282067	DNA/hAT-Charlie	538	+	93	30281974	51587
chr7	30230387	30430387	harbor2	chr7	30287738	30287922	DNA/hAT-Charlie	782	+	92	30287830	57443
chr7	30230387	30430387	harbor2	chr7	30303712	30303870	DNA/hAT-Charlie	726	+	79	30303791	73404
chr7	30230387	30430387	harbor2	chr7	30308413	30308596	DNA/hAT-Charlie	550	+	92	30308505	78118
chr7	145234781	145434781	harbor2	chr7	145248526	145248735	DNA/hAT-Charlie	950	+	104	145248630	13849
chr7	79231160	79431160	harbor2	chr7	79265143	79265331	DNA/hAT-Charlie	822	+	94	79265237	34077
chr7	79231160	79431160	harbor2	chr7	79287093	79287257	DNA/hAT-Charlie	813	+	82	79287175	56015
chr7	79231160	79431160	harbor2	chr7	79328906	79329084	DNA/hAT-Charlie	661	+	89	79328995	97835
chr7	144886029	145086029	harbor2	chr7	144906442	144906735	DNA/hAT-Charlie	1214	+	146	144906588	20559
chr7	144886029	145086029	harbor2	chr7	144981851	144981999	DNA/hAT-Charlie	679	+	74	144981925	95896
chr7	81882661	82082661	harbor2	chr7	81892844	81893321	DNA/hAT-Charlie	1487	+	238	81893082	10421
chr7	81882661	82082661	harbor2	chr7	81960259	81960462	DNA/hAT-Charlie	794	+	102	81960361	77700
chr7	135355644	135555644	harbor2	chr7	135395989	135396107	DNA/hAT-Charlie	506	+	59	135396048	40404
chr7	135355644	135555644	harbor2	chr7	135396417	135396562	DNA/hAT-Charlie	506	+	72	135396489	40845
chr7	135355644	135555644	harbor2	chr7	135411232	135411476	DNA/hAT-Charlie	898	+	122	135411354	55710
chr7	135355644	135555644	harbor2	chr7	135416728	135416987	DNA/hAT-Charlie	810	+	130	135416858	61214
chr7	135355644	135555644	harbor2	chr7	135417025	135417151	DNA/hAT-Charlie	537	+	63	135417088	61444
chr7	135355644	135555644	harbor2	chr7	135417325	135417528	DNA/hAT-Charlie	595	+	102	135417427	61783
chr7	135355644	135555644	harbor2	chr7	135424935	135425055	DNA/hAT-Charlie	483	+	60	135424995	69351
chr7	135355644	135555644	harbor2	chr7	135396594	135397478	DNA/hAT-Charlie	1837	+	442	135397036	41392
chr7	111278166	111478166	harbor2	chr7	111309592	111309952	DNA/hAT-Charlie	970	+	180	111309772	31606
chr7	111278166	111478166	harbor2	chr7	111310247	111310362	DNA/hAT-Charlie	970	+	58	111310305	32139
chr7	111278166	111478166	harbor2	chr7	111360374	111360533	DNA/hAT-Charlie	1795	+	80	111360454	82288
chr7	111278166	111478166	harbor2	chr7	111360848	111361064	DNA/hAT-Charlie	1795	+	108	111360956	82790
chr7	111278166	111478166	harbor2	chr7	111363221	111363380	DNA/hAT-Charlie	736	+	80	111363301	85135
chr7	145991526	146191526	harbor2	chr7	146050122	146050335	DNA/hAT-Charlie	826	+	106	146050228	58702
chr7	154853224	155053224	harbor2	chr7	154940379	154940718	DNA/hAT-Charlie	2071	+	170	154940549	87325
chr7	154853224	155053224	harbor2	chr7	154942292	154942650	DNA/hAT-Charlie	892	+	179	154942471	89247
chr8	106208465	106408465	harbor2	chr8	106244709	106247058	DNA/hAT-Charlie	18105	+	1174	106245883	37418
chr8	106208465	106408465	harbor2	chr8	106247369	106247667	DNA/hAT-Charlie	18105	+	149	106247518	39053
chr8	106208465	106408465	harbor2	chr8	106273391	106273594	DNA/hAT-Charlie	1052	+	102	106273493	65028
chr8	106208465	106408465	harbor2	chr8	106282116	106282417	DNA/hAT-Charlie	1600	+	150	106282266	73801
chr8	106208465	106408465	harbor2	chr8	106282840	106282946	DNA/hAT-Charlie	1600	+	53	106282893	74428
chr8	118930682	119130682	harbor2	chr8	118931859	118932083	DNA/hAT-Charlie	971	+	112	118931971	1289
chr8	118930682	119130682	harbor2	chr8	119017420	119017547	DNA/hAT-Charlie	436	+	64	119017484	86802
chr8	118930682	119130682	harbor2	chr8	118947516	118948126	DNA/hAT-Charlie	1837	+	305	118947821	17139
chr8	108165434	108365434	harbor2	chr8	108200489	108200700	DNA/hAT-Charlie	888	+	106	108200595	35161
chr8	108165434	108365434	harbor2	chr8	108224812	108225978	DNA/hAT-Charlie	4132	+	583	108225395	59961
chr8	108165434	108365434	harbor2	chr8	108226142	108226188	DNA/hAT-Charlie	4132	+	23	108226165	60731
chr8	108165434	108365434	harbor2	chr8	108226496	108226557	DNA/hAT-Charlie	4132	+	30	108226526	61092
chr8	64779174	64979174	harbor2	chr8	64783915	64784103	DNA/hAT-Charlie	557	+	94	64784009	4835
chr8	64779174	64979174	harbor2	chr8	64789561	64789752	DNA/hAT-Charlie	723	+	96	64789657	10483
chr8	64779174	64979174	harbor2	chr8	64814333	64814530	DNA/hAT-Charlie	636	+	98	64814431	35257
chr8	126848017	127048017	harbor2	chr8	126883480	126883682	DNA/hAT-Charlie	721	+	101	126883581	35564
chr8	126848017	127048017	harbor2	chr8	126896206	126896344	DNA/hAT-Charlie	711	+	69	126896275	48258
chr8	126848017	127048017	harbor2	chr8	126927400	126927541	DNA/hAT-Charlie	421	+	70	126927470	79453
chr8	126848017	127048017	harbor2	chr8	126929218	126929410	DNA/hAT-Charlie	404	+	96	126929314	81297
chr8	143800055	144000055	harbor2	chr8	143842367	143842572	DNA/hAT-Charlie	949	+	102	143842469	42414
chr8	92854671	93054671	harbor2	chr8	92856464	92856675	DNA/hAT-Charlie	1094	+	106	92856570	1899
chr8	92854671	93054671	harbor2	chr8	92868193	92868339	DNA/hAT-Charlie	389	+	73	92868266	13595
chr8	92854671	93054671	harbor2	chr8	92878230	92878453	DNA/hAT-Charlie	916	+	112	92878342	23671
chr8	92854671	93054671	harbor2	chr8	92903301	92903795	DNA/hAT-Charlie	1065	+	247	92903548	48877
chr8	92854671	93054671	harbor2	chr8	92928430	92928623	DNA/hAT-Charlie	418	+	96	92928526	73855
chr8	122251802	122451802	harbor2	chr8	122260711	122260886	DNA/hAT-Charlie	982	+	88	122260799	8997
chr8	122251802	122451802	harbor2	chr8	122261309	122261354	DNA/hAT-Charlie	982	+	22	122261331	9529
chr8	108904432	109104432	harbor2	chr8	108953236	108953448	DNA/hAT-Charlie	958	+	106	108953342	48910
chr8	138789940	138989940	harbor2	chr8	138868281	138868523	DNA/hAT-Charlie	794	+	121	138868402	78462
chr8	60394043	60594043	harbor2	chr8	60473705	60473839	DNA/hAT-Charlie	526	+	67	60473772	79729
chr8	59244790	59444790	harbor2	chr8	59262657	59262768	DNA/hAT-Charlie	436	+	56	59262713	17923
chr8	59244790	59444790	harbor2	chr8	59289692	59290013	DNA/hAT-Charlie	1560	+	160	59289852	45062
chr8	59244790	59444790	harbor2	chr8	59308468	59308639	DNA/hAT-Charlie	466	+	86	59308554	63764
chr8	131612658	131812658	harbor2	chr8	131632125	131633138	DNA/hAT-Charlie	1838	+	506	131632631	19973
chr8	131612658	131812658	harbor2	chr8	131633160	131633511	DNA/hAT-Charlie	523	+	176	131633336	20678
chr8	131612658	131812658	harbor2	chr8	131633830	131634240	DNA/hAT-Charlie	1194	+	205	131634035	21377
chr8	70555451	70755451	harbor2	chr8	70588227	70588303	DNA/hAT-Charlie	384	+	38	70588265	32814
chr8	70555451	70755451	harbor2	chr8	70588614	70588637	DNA/hAT-Charlie	384	+	12	70588626	33175
chr8	70555451	70755451	harbor2	chr8	70592781	70592970	DNA/hAT-Charlie	803	+	94	70592875	37424
chr8	111913913	112113913	harbor2	chr8	111928787	111929014	DNA/hAT-Charlie	446	+	114	111928901	14988
chr8	124440870	124640870	harbor2	chr8	124472441	124472636	DNA/hAT-Charlie	1570	+	98	124472539	31669
chr8	124440870	124640870	harbor2	chr8	124519239	124519707	DNA/hAT-Charlie	1707	+	234	124519473	78603
chr8	124440870	124640870	harbor2	chr8	124534196	124534402	DNA/hAT-Charlie	912	+	103	124534299	93429
chr8	124440870	124640870	harbor2	chr8	124535306	124535403	DNA/hAT-Charlie	616	+	48	124535354	94484
chr8	90219208	90419208	harbor2	chr8	90221107	90221265	DNA/hAT-Charlie	632	+	79	90221186	1978
chr8	90219208	90419208	harbor2	chr8	90302796	90302919	DNA/hAT-Charlie	649	+	62	90302858	83650
chr8	101635464	101835464	harbor2	chr8	101638272	101638603	DNA/hAT-Charlie	1817	+	166	101638438	2974
chr8	101635464	101835464	harbor2	chr8	101661029	101661251	DNA/hAT-Charlie	1619	+	111	101661140	25676
chr8	125999393	126199393	harbor2	chr8	126030736	126030878	DNA/hAT-Charlie	687	+	71	126030807	31414
chr8	125999393	126199393	harbor2	chr8	126086503	126086617	DNA/hAT-Charlie	462	+	57	126086560	87167
chr8	125999393	126199393	harbor2	chr8	126087782	126087948	DNA/hAT-Charlie	797	+	83	126087865	88472
chr8	119461796	119661796	harbor2	chr8	119543097	119543400	DNA/hAT-Charlie	1261	+	152	119543249	81453
chr8	119461796	119661796	harbor2	chr8	119543401	119543617	DNA/hAT-Charlie	1399	+	108	119543509	81713
chr8	119461796	119661796	harbor2	chr8	119543618	119543641	DNA/hAT-Charlie	1261	+	12	119543630	81834
chr8	109646305	109846305	harbor2	chr8	109661461	109661704	DNA/hAT-Charlie	545	+	122	109661583	15278
chr8	109646305	109846305	harbor2	chr8	109688062	109688331	DNA/hAT-Charlie	448	+	134	109688196	41891
chr8	139336514	139536514	harbor2	chr8	139359770	139359909	DNA/hAT-Charlie	660	+	70	139359840	23326
chr8	139336514	139536514	harbor2	chr8	139373710	139374008	DNA/hAT-Charlie	2228	+	149	139373859	37345
chr8	139336514	139536514	harbor2	chr8	139388461	139388588	DNA/hAT-Charlie	616	+	64	139388525	52011
chr8	139336514	139536514	harbor2	chr8	139402659	139402872	DNA/hAT-Charlie	960	+	106	139402765	66251
chr8	139336514	139536514	harbor2	chr8	139402882	139403001	DNA/hAT-Charlie	468	+	60	139402942	66428
chr8	139336514	139536514	harbor2	chr8	139418075	139418268	DNA/hAT-Charlie	509	+	96	139418171	81657
chr8	139336514	139536514	harbor2	chr8	139436343	139436547	DNA/hAT-Charlie	759	+	102	139436445	99931
chr8	129740478	129940478	harbor2	chr8	129827031	129827185	DNA/hAT-Charlie	532	+	77	129827108	86630
chr8	129740478	129940478	harbor2	chr8	129828423	129828738	DNA/hAT-Charlie	1340	+	158	129828581	88103
chr8	34234136	34434136	harbor2	chr8	34255903	34256086	DNA/hAT-Charlie	783	+	92	34255995	21859
chr8	34234136	34434136	harbor2	chr8	34331561	34331710	DNA/hAT-Charlie	586	+	74	34331635	97499
chr8	34234136	34434136	harbor2	chr8	34331719	34332123	DNA/hAT-Charlie	729	+	202	34331921	97785
chr8	34234136	34434136	harbor2	chr8	34332685	34333081	DNA/hAT-Charlie	454	+	198	34332883	98747
chr8	83279564	83479564	harbor2	chr8	83370620	83370754	DNA/hAT-Charlie	625	+	67	83370687	91123
chr8	83279564	83479564	harbor2	chr8	83376214	83376545	DNA/hAT-Charlie	962	+	166	83376380	96816
chr8	66791204	66991204	harbor2	chr8	66858676	66858899	DNA/hAT-Charlie	1345	+	112	66858788	67584
chr8	104256930	104456930	harbor2	chr8	104342366	104342654	DNA/hAT-Charlie	377	+	144	104342510	85580
chr8	104256930	104456930	harbor2	chr8	104344510	104344671	DNA/hAT-Charlie	566	+	80	104344590	87660
chr8	104256930	104456930	harbor2	chr8	104354481	104354606	DNA/hAT-Charlie	386	+	62	104354543	97613
chr8	138332511	138532511	harbor2	chr8	138370897	138371077	DNA/hAT-Charlie	754	+	90	138370987	38476
chr8	138332511	138532511	harbor2	chr8	138401094	138401328	DNA/hAT-Charlie	422	+	117	138401211	68700
chr8	138332511	138532511	harbor2	chr8	138403823	138404003	DNA/hAT-Charlie	496	+	90	138403913	71402
chr8	138332511	138532511	harbor2	chr8	138431438	138431652	DNA/hAT-Charlie	1035	+	107	138431545	99034
chr8	135665959	135865959	harbor2	chr8	135687956	135688159	DNA/hAT-Charlie	759	+	102	135688058	22099
chr8	135665959	135865959	harbor2	chr8	135749906	135750209	DNA/hAT-Charlie	1631	+	152	135750058	84099
chr8	135665959	135865959	harbor2	chr8	135755062	135755366	DNA/hAT-Charlie	1951	+	152	135755214	89255
chr8	137010071	137210071	harbor2	chr8	137099105	137099556	DNA/hAT-Charlie	483	+	226	137099331	89260
chr8	140484073	140684073	harbor2	chr8	140562757	140562882	DNA/hAT-Charlie	628	+	62	140562819	78746
chr8	21130615	21330615	harbor2	chr8	21186736	21186926	DNA/hAT-Charlie	568	+	95	21186831	56216
chr8	21130615	21330615	harbor2	chr8	21229951	21230172	DNA/hAT-Charlie	642	+	110	21230061	99446
chr8	143066382	143266382	harbor2	chr8	143138690	143138882	DNA/hAT-Charlie	825	+	96	143138786	72404
chr8	131591598	131791598	harbor2	chr8	131632125	131633138	DNA/hAT-Charlie	1838	+	506	131632631	41033
chr8	131591598	131791598	harbor2	chr8	131633160	131633511	DNA/hAT-Charlie	523	+	176	131633336	41738
chr8	131591598	131791598	harbor2	chr8	131633830	131634240	DNA/hAT-Charlie	1194	+	205	131634035	42437
chr8	76612256	76812256	harbor2	chr8	76618406	76618736	DNA/hAT-Charlie	866	+	165	76618571	6315
chr8	109192330	109392330	harbor2	chr8	109192502	109192815	DNA/hAT-Charlie	1335	+	156	109192658	328
chr8	109192330	109392330	harbor2	chr8	109231141	109231354	DNA/hAT-Charlie	1100	+	106	109231247	38917
chr8	109192330	109392330	harbor2	chr8	109245825	109246168	DNA/hAT-Charlie	2225	+	172	109245997	53667
chr8	109192330	109392330	harbor2	chr8	109256276	109256486	DNA/hAT-Charlie	422	+	105	109256381	64051
chr8	109192330	109392330	harbor2	chr8	109291972	109292248	DNA/hAT-Charlie	1048	+	138	109292110	99780
chr8	109192330	109392330	harbor2	chr8	109263679	109264998	DNA/hAT-Charlie	4986	+	660	109264339	72009
chr8	127348380	127548380	harbor2	chr8	127348824	127349011	DNA/hAT-Charlie	969	+	94	127348918	538
chr8	127348380	127548380	harbor2	chr8	127364862	127365205	DNA/hAT-Charlie	474	+	172	127365034	16654
chr8	127348380	127548380	harbor2	chr8	127365716	127365900	DNA/hAT-Charlie	423	+	92	127365808	17428
chr8	127348380	127548380	harbor2	chr8	127370155	127370296	DNA/hAT-Charlie	467	+	70	127370225	21845
chr8	127348380	127548380	harbor2	chr8	127374853	127375182	DNA/hAT-Charlie	1449	+	164	127375017	26637
chr8	127348380	127548380	harbor2	chr8	127409435	127409606	DNA/hAT-Charlie	653	+	86	127409521	61141
chr8	127348380	127548380	harbor2	chr8	127409877	127409903	DNA/hAT-Charlie	1165	+	13	127409890	61510
chr8	127348380	127548380	harbor2	chr8	127410189	127410356	DNA/hAT-Charlie	1165	+	84	127410273	61893
chr8	127348380	127548380	harbor2	chr8	127447753	127447811	DNA/hAT-Charlie	404	+	29	127447782	99402
chr8	107925272	108125272	harbor2	chr8	107977273	107977446	DNA/hAT-Charlie	998	+	86	107977359	52087
chr8	107925272	108125272	harbor2	chr8	107987480	107987648	DNA/hAT-Charlie	432	+	84	107987564	62292
chr8	107925272	108125272	harbor2	chr8	108012235	108012403	DNA/hAT-Charlie	462	+	84	108012319	87047
chr8	132968794	133168794	harbor2	chr8	132981637	132981791	DNA/hAT-Charlie	756	+	77	132981714	12920
chr8	132968794	133168794	harbor2	chr8	132999589	132999753	DNA/hAT-Charlie	613	+	82	132999671	30877
chr8	63312357	63512357	harbor2	chr8	63390295	63390507	DNA/hAT-Charlie	930	+	106	63390401	78044
chr8	63312357	63512357	harbor2	chr8	63408791	63408895	DNA/hAT-Charlie	481	+	52	63408843	96486
chr8	85537303	85737303	harbor2	chr8	85546087	85546164	DNA/hAT-Charlie	398	+	38	85546125	8822
chr8	85537303	85737303	harbor2	chr8	85546338	85546476	DNA/hAT-Charlie	876	+	69	85546407	9104
chr8	85537303	85737303	harbor2	chr8	85558506	85558722	DNA/hAT-Charlie	1002	+	108	85558614	21311
chr8	85537303	85737303	harbor2	chr8	85561143	85561430	DNA/hAT-Charlie	1084	+	144	85561287	23984
chr8	85537303	85737303	harbor2	chr8	85608731	85609076	DNA/hAT-Charlie	1082	+	172	85608903	71600
chr8	85537303	85737303	harbor2	chr8	85621436	85621665	DNA/hAT-Charlie	472	+	114	85621550	84247
chr8	85537303	85737303	harbor2	chr8	85629550	85629728	DNA/hAT-Charlie	817	+	89	85629639	92336
chr8	85537303	85737303	harbor2	chr8	85629730	85630014	DNA/hAT-Charlie	711	+	142	85629872	92569
chr8	105947177	106147177	harbor2	chr8	105963775	105963920	DNA/hAT-Charlie	732	+	72	105963847	16670
chr8	105947177	106147177	harbor2	chr8	105964792	105965029	DNA/hAT-Charlie	520	+	118	105964910	17733
chr8	40368612	40568612	harbor2	chr8	40377844	40378061	DNA/hAT-Charlie	965	+	108	40377952	9340
chr8	40368612	40568612	harbor2	chr8	40424163	40424410	DNA/hAT-Charlie	637	+	124	40424287	55675
chr8	40368612	40568612	harbor2	chr8	40447059	40447163	DNA/hAT-Charlie	596	+	52	40447111	78499
chr8	40368612	40568612	harbor2	chr8	40447167	40447235	DNA/hAT-Charlie	443	+	34	40447201	78589
chr8	40368612	40568612	harbor2	chr8	40447833	40447949	DNA/hAT-Charlie	515	+	58	40447891	79279
chr8	40368612	40568612	harbor2	chr8	40454341	40454800	DNA/hAT-Charlie	3242	+	230	40454571	85959
chr8	40368612	40568612	harbor2	chr8	40464193	40464427	DNA/hAT-Charlie	931	+	117	40464310	95698
chr8	40368612	40568612	harbor2	chr8	40467551	40467775	DNA/hAT-Charlie	1250	+	112	40467663	99051
chr8	128058087	128258087	harbor2	chr8	128059359	128059703	DNA/hAT-Charlie	1232	+	172	128059531	1444
chr8	128058087	128258087	harbor2	chr8	128094151	128094587	DNA/hAT-Charlie	947	+	218	128094369	36282
chr8	128058087	128258087	harbor2	chr8	128095528	128095701	DNA/hAT-Charlie	964	+	86	128095614	37527
chr8	128058087	128258087	harbor2	chr8	128097388	128097557	DNA/hAT-Charlie	703	+	84	128097472	39385
chr8	128058087	128258087	harbor2	chr8	128115959	128116046	DNA/hAT-Charlie	950	+	44	128116003	57916
chr8	128058087	128258087	harbor2	chr8	128116074	128116218	DNA/hAT-Charlie	950	+	72	128116146	58059
chr8	128058087	128258087	harbor2	chr8	128156372	128156551	DNA/hAT-Charlie	994	+	90	128156462	98375
chr8	86639356	86839356	harbor2	chr8	86664913	86665105	DNA/hAT-Charlie	575	+	96	86665009	25653
chr8	86639356	86839356	harbor2	chr8	86685291	86685439	DNA/hAT-Charlie	564	+	74	86685365	46009
chr8	86639356	86839356	harbor2	chr8	86713273	86713429	DNA/hAT-Charlie	534	+	78	86713351	73995
chr8	86639356	86839356	harbor2	chr8	86734646	86734817	DNA/hAT-Charlie	562	+	86	86734732	95376
chr8	2430297	2630297	harbor2	chr8	2450729	2451103	DNA/hAT-Charlie	869	+	187	2450916	20619
chr8	2430297	2630297	harbor2	chr8	2452739	2452889	DNA/hAT-Charlie	529	+	75	2452814	22517
chr8	2430297	2630297	harbor2	chr8	2453186	2453494	DNA/hAT-Charlie	529	+	154	2453340	23043
chr8	2430297	2630297	harbor2	chr8	2454813	2454977	DNA/hAT-Charlie	497	+	82	2454895	24598
chr8	2430297	2630297	harbor2	chr8	2507687	2508209	DNA/hAT-Charlie	3400	+	261	2507948	77651
chr8	38776023	38976023	harbor2	chr8	38793314	38793459	DNA/hAT-Charlie	451	+	72	38793386	17363
chr8	38776023	38976023	harbor2	chr8	38793747	38793908	DNA/hAT-Charlie	867	+	80	38793827	17804
chr8	38776023	38976023	harbor2	chr8	38802262	38802584	DNA/hAT-Charlie	2104	+	161	38802423	26400
chr8	38776023	38976023	harbor2	chr8	38825405	38825672	DNA/hAT-Charlie	465	+	134	38825539	49516
chr8	38776023	38976023	harbor2	chr8	38825680	38826066	DNA/hAT-Charlie	1468	+	193	38825873	49850
chr8	38776023	38976023	harbor2	chr8	38826567	38826896	DNA/hAT-Charlie	913	+	164	38826731	50708
chr8	38776023	38976023	harbor2	chr8	38831388	38831470	DNA/hAT-Charlie	410	+	41	38831429	55406
chr8	38776023	38976023	harbor2	chr8	38847170	38847385	DNA/hAT-Charlie	928	+	108	38847278	71255
chr8	38776023	38976023	harbor2	chr8	38859673	38859939	DNA/hAT-Charlie	1155	+	133	38859806	83783
chr8	38776023	38976023	harbor2	chr8	38868837	38868966	DNA/hAT-Charlie	590	+	64	38868901	92878
chr8	38776023	38976023	harbor2	chr8	38869283	38869345	DNA/hAT-Charlie	590	+	31	38869314	93291
chr8	83716537	83916537	harbor2	chr8	83814881	83815018	DNA/hAT-Charlie	548	+	68	83814949	98412
chr8	103245934	103445934	harbor2	chr8	103277675	103277853	DNA/hAT-Charlie	805	+	89	103277764	31830
chr8	103245934	103445934	harbor2	chr8	103304333	103304506	DNA/hAT-Charlie	606	+	86	103304419	58485
chr8	103245934	103445934	harbor2	chr8	103313845	103313979	DNA/hAT-Charlie	508	+	67	103313912	67978
chr8	143741575	143941575	harbor2	chr8	143761389	143761487	DNA/hAT-Charlie	488	+	49	143761438	19863
chr8	143741575	143941575	harbor2	chr8	143761737	143762154	DNA/hAT-Charlie	488	+	208	143761945	20370
chr8	123036703	123236703	harbor2	chr8	123081393	123081592	DNA/hAT-Charlie	1222	+	100	123081493	44790
chr8	123036703	123236703	harbor2	chr8	123081951	123082056	DNA/hAT-Charlie	1222	+	52	123082003	45300
chr8	123036703	123236703	harbor2	chr8	123108620	123108689	DNA/hAT-Charlie	431	+	34	123108654	71951
chr8	123036703	123236703	harbor2	chr8	123109069	123109095	DNA/hAT-Charlie	431	+	13	123109082	72379
chr8	65537470	65737470	harbor2	chr8	65590071	65590206	DNA/hAT-Charlie	640	+	68	65590139	52669
chr8	65537470	65737470	harbor2	chr8	65605909	65606080	DNA/hAT-Charlie	901	+	86	65605995	68525
chr8	65537470	65737470	harbor2	chr8	65614318	65614492	DNA/hAT-Charlie	803	+	87	65614405	76935
chr8	65537470	65737470	harbor2	chr8	65620164	65620294	DNA/hAT-Charlie	630	+	65	65620229	82759
chr8	65537470	65737470	harbor2	chr8	65620595	65620649	DNA/hAT-Charlie	630	+	27	65620622	83152
chr8	131166543	131366543	harbor2	chr8	131260728	131260906	DNA/hAT-Charlie	701	+	89	131260817	94274
chr8	78564748	78764748	harbor2	chr8	78589563	78590880	DNA/hAT-Charlie	4918	+	658	78590221	25473
chr8	78564748	78764748	harbor2	chr8	78597672	78597849	DNA/hAT-Charlie	832	+	88	78597760	33012
chr8	53435652	53635652	harbor2	chr8	53503272	53503384	DNA/hAT-Charlie	411	+	56	53503328	67676
chr8	97173533	97373533	harbor2	chr8	97192560	97192875	DNA/hAT-Charlie	1513	+	158	97192718	19185
chr8	97173533	97373533	harbor2	chr8	97217291	97217820	DNA/hAT-Charlie	2005	+	264	97217555	44022
chr8	97173533	97373533	harbor2	chr8	97222735	97222886	DNA/hAT-Charlie	422	+	76	97222811	49278
chr8	97173533	97373533	harbor2	chr8	97273030	97273195	DNA/hAT-Charlie	736	+	82	97273112	99579
chr8	122992816	123192816	harbor2	chr8	123081393	123081592	DNA/hAT-Charlie	1222	+	100	123081493	88677
chr8	122992816	123192816	harbor2	chr8	123081951	123082056	DNA/hAT-Charlie	1222	+	52	123082003	89187
chr8	122624213	122824213	harbor2	chr8	122648646	122648824	DNA/hAT-Charlie	823	+	89	122648735	24522
chr8	122624213	122824213	harbor2	chr8	122680232	122680630	DNA/hAT-Charlie	1884	+	199	122680431	56218
chr8	122624213	122824213	harbor2	chr8	122684932	122685129	DNA/hAT-Charlie	900	+	98	122685030	60817
chr8	122624213	122824213	harbor2	chr8	122704144	122704305	DNA/hAT-Charlie	908	+	80	122704224	80011
chr8	131606213	131806213	harbor2	chr8	131632125	131633138	DNA/hAT-Charlie	1838	+	506	131632631	26418
chr8	131606213	131806213	harbor2	chr8	131633160	131633511	DNA/hAT-Charlie	523	+	176	131633336	27123
chr8	131606213	131806213	harbor2	chr8	131633830	131634240	DNA/hAT-Charlie	1194	+	205	131634035	27822
chr8	118419566	118619566	harbor2	chr8	118420853	118421046	DNA/hAT-Charlie	867	+	96	118420949	1383
chr8	118419566	118619566	harbor2	chr8	118426814	118426976	DNA/hAT-Charlie	454	+	81	118426895	7329
chr8	118419566	118619566	harbor2	chr8	118441015	118441443	DNA/hAT-Charlie	421	+	214	118441229	21663
chr8	118419566	118619566	harbor2	chr8	118446094	118446182	DNA/hAT-Charlie	466	+	44	118446138	26572
chr8	85482121	85682121	harbor2	chr8	85531096	85531227	DNA/hAT-Charlie	594	+	66	85531162	49041
chr8	85482121	85682121	harbor2	chr8	85546087	85546164	DNA/hAT-Charlie	398	+	38	85546125	64004
chr8	85482121	85682121	harbor2	chr8	85546338	85546476	DNA/hAT-Charlie	876	+	69	85546407	64286
chr8	85482121	85682121	harbor2	chr8	85558506	85558722	DNA/hAT-Charlie	1002	+	108	85558614	76493
chr8	85482121	85682121	harbor2	chr8	85561143	85561430	DNA/hAT-Charlie	1084	+	144	85561287	79166
chr8	137851357	138051357	harbor2	chr8	137854269	137854360	DNA/hAT-Charlie	398	+	46	137854315	2958
chr8	137851357	138051357	harbor2	chr8	137856586	137856742	DNA/hAT-Charlie	586	+	78	137856664	5307
chr8	137851357	138051357	harbor2	chr8	137856787	137856869	DNA/hAT-Charlie	398	+	41	137856828	5471
chr8	137851357	138051357	harbor2	chr8	137857086	137857279	DNA/hAT-Charlie	608	+	96	137857182	5825
chr8	137851357	138051357	harbor2	chr8	137928803	137928995	DNA/hAT-Charlie	555	+	96	137928899	77542
chr8	87673781	87873781	harbor2	chr8	87712799	87713339	DNA/hAT-Charlie	3226	+	270	87713069	39288
chr8	87673781	87873781	harbor2	chr8	87735015	87735179	DNA/hAT-Charlie	823	+	82	87735097	61316
chr8	133694195	133894195	harbor2	chr8	133698492	133698767	DNA/hAT-Charlie	871	+	138	133698630	4435
chr8	133694195	133894195	harbor2	chr8	133699103	133699210	DNA/hAT-Charlie	871	+	54	133699157	4962
chr8	133694195	133894195	harbor2	chr8	133716113	133716327	DNA/hAT-Charlie	1138	+	107	133716220	22025
chr8	133694195	133894195	harbor2	chr8	133748166	133748509	DNA/hAT-Charlie	415	+	172	133748338	54143
chr8	133694195	133894195	harbor2	chr8	133748728	133748872	DNA/hAT-Charlie	721	+	72	133748800	54605
chr8	133694195	133894195	harbor2	chr8	133749536	133749854	DNA/hAT-Charlie	1668	+	159	133749695	55500
chr8	133694195	133894195	harbor2	chr8	133762790	133763107	DNA/hAT-Charlie	1249	+	158	133762948	68753
chr8	28051271	28251271	harbor2	chr8	28053508	28053659	DNA/hAT-Charlie	420	+	76	28053584	2313
chr8	28051271	28251271	harbor2	chr8	28054071	28054199	DNA/hAT-Charlie	424	+	64	28054135	2864
chr8	28051271	28251271	harbor2	chr8	28054505	28054564	DNA/hAT-Charlie	424	+	30	28054535	3264
chr8	28051271	28251271	harbor2	chr8	28061744	28061920	DNA/hAT-Charlie	717	+	88	28061832	10561
chr8	28051271	28251271	harbor2	chr8	28095883	28096417	DNA/hAT-Charlie	3484	+	267	28096150	44879
chr8	28051271	28251271	harbor2	chr8	28099308	28099513	DNA/hAT-Charlie	926	+	102	28099410	48139
chr8	81433329	81633329	harbor2	chr8	81485469	81485552	DNA/hAT-Charlie	486	+	42	81485511	52182
chr8	81433329	81633329	harbor2	chr8	81485564	81485942	DNA/hAT-Charlie	1816	+	189	81485753	52424
chr8	13813751	14013751	harbor2	chr8	13813920	13814982	DNA/hAT-Charlie	3388	+	531	13814451	700
chr8	69729267	69929267	harbor2	chr8	69748728	69748913	DNA/hAT-Charlie	785	+	92	69748820	19553
chr8	69729267	69929267	harbor2	chr8	69778978	69779144	DNA/hAT-Charlie	819	+	83	69779061	49794
chr8	69729267	69929267	harbor2	chr8	69803578	69803702	DNA/hAT-Charlie	484	+	62	69803640	74373
chr8	69729267	69929267	harbor2	chr8	69818325	69818488	DNA/hAT-Charlie	599	+	82	69818407	89140
chr8	137187072	137387072	harbor2	chr8	137221949	137222096	DNA/hAT-Charlie	1258	+	74	137222023	34951
chr8	137187072	137387072	harbor2	chr8	137222395	137222594	DNA/hAT-Charlie	1258	+	100	137222495	35423
chr8	137187072	137387072	harbor2	chr8	137232614	137232804	DNA/hAT-Charlie	733	+	95	137232709	45637
chr8	112812475	113012475	harbor2	chr8	112818795	112818987	DNA/hAT-Charlie	537	+	96	112818891	6416
chr8	112812475	113012475	harbor2	chr8	112854890	112855211	DNA/hAT-Charlie	1003	+	160	112855050	42575
chr8	112812475	113012475	harbor2	chr8	112856927	112857164	DNA/hAT-Charlie	617	+	118	112857045	44570
chr8	112812475	113012475	harbor2	chr8	112891165	112891318	DNA/hAT-Charlie	399	+	76	112891241	78766
chr8	133392409	133592409	harbor2	chr8	133465436	133465612	DNA/hAT-Charlie	402	+	88	133465524	73115
chr8	133392409	133592409	harbor2	chr8	133473704	133473883	DNA/hAT-Charlie	843	+	90	133473794	81385
chr8	124291924	124491924	harbor2	chr8	124303974	124305228	DNA/hAT-Charlie	4412	+	627	124304601	12677
chr8	124291924	124491924	harbor2	chr8	124355450	124355609	DNA/hAT-Charlie	910	+	80	124355530	63606
chr8	124291924	124491924	harbor2	chr8	124373721	124373873	DNA/hAT-Charlie	421	+	76	124373797	81873
chr8	131538625	131738625	harbor2	chr8	131540730	131540938	DNA/hAT-Charlie	564	+	104	131540834	2209
chr8	131538625	131738625	harbor2	chr8	131581388	131581865	DNA/hAT-Charlie	1046	+	238	131581626	43001
chr8	131538625	131738625	harbor2	chr8	131632125	131633138	DNA/hAT-Charlie	1838	+	506	131632631	94006
chr8	131538625	131738625	harbor2	chr8	131633160	131633511	DNA/hAT-Charlie	523	+	176	131633336	94711
chr8	131538625	131738625	harbor2	chr8	131633830	131634240	DNA/hAT-Charlie	1194	+	205	131634035	95410
chr8	137994976	138194976	harbor2	chr8	137997060	137997519	DNA/hAT-Charlie	2574	+	230	137997290	2314
chr8	137994976	138194976	harbor2	chr8	138049557	138049765	DNA/hAT-Charlie	818	+	104	138049661	54685
chr8	137994976	138194976	harbor2	chr8	138051424	138051560	DNA/hAT-Charlie	436	+	68	138051492	56516
chr8	137994976	138194976	harbor2	chr8	138087018	138087250	DNA/hAT-Charlie	391	+	116	138087134	92158
chr8	127955550	128155550	harbor2	chr8	127966571	127966744	DNA/hAT-Charlie	538	+	86	127966657	11107
chr8	127955550	128155550	harbor2	chr8	127970925	127971123	DNA/hAT-Charlie	675	+	99	127971024	15474
chr8	127955550	128155550	harbor2	chr8	128005215	128005370	DNA/hAT-Charlie	1071	+	78	128005293	49743
chr8	104586968	104786968	harbor2	chr8	104592198	104592325	DNA/hAT-Charlie	446	+	64	104592262	5294
chr8	104586968	104786968	harbor2	chr8	104639581	104639755	DNA/hAT-Charlie	797	+	87	104639668	52700
chr8	74276742	74476742	harbor2	chr8	74353622	74353786	DNA/hAT-Charlie	897	+	82	74353704	76962
chr8	74276742	74476742	harbor2	chr8	74358766	74358986	DNA/hAT-Charlie	734	+	110	74358876	82134
chr8	141165071	141365071	harbor2	chr8	141177669	141177868	DNA/hAT-Charlie	583	+	100	141177769	12698
chr8	141165071	141365071	harbor2	chr8	141180109	141180311	DNA/hAT-Charlie	494	+	101	141180210	15139
chr8	141165071	141365071	harbor2	chr8	141186415	141186640	DNA/hAT-Charlie	1552	+	112	141186527	21456
chr8	141165071	141365071	harbor2	chr8	141215180	141215412	DNA/hAT-Charlie	540	+	116	141215296	50225
chr8	141165071	141365071	harbor2	chr8	141257654	141257870	DNA/hAT-Charlie	828	+	108	141257762	92691
chr8	141691577	141891577	harbor2	chr8	141712374	141712710	DNA/hAT-Charlie	615	+	168	141712542	20965
chr8	136365675	136565675	harbor2	chr8	136372229	136372516	DNA/hAT-Charlie	575	+	144	136372373	6698
chr8	136365675	136565675	harbor2	chr8	136435936	136436092	DNA/hAT-Charlie	374	+	78	136436014	70339
chr8	136365675	136565675	harbor2	chr8	136444639	136444813	DNA/hAT-Charlie	423	+	87	136444726	79051
chr8	134687359	134887359	harbor2	chr8	134735164	134735292	DNA/hAT-Charlie	399	+	64	134735228	47869
chr8	134687359	134887359	harbor2	chr8	134783239	134783545	DNA/hAT-Charlie	1886	+	153	134783392	96033
chr8	76504478	76704478	harbor2	chr8	76600892	76601096	DNA/hAT-Charlie	922	+	102	76600994	96516
chr8	54227342	54427342	harbor2	chr8	54241604	54241789	DNA/hAT-Charlie	646	+	92	54241696	14354
chr8	54227342	54427342	harbor2	chr8	54255628	54255788	DNA/hAT-Charlie	605	+	80	54255708	28366
chr8	83506021	83706021	harbor2	chr8	83524726	83525069	DNA/hAT-Charlie	787	+	172	83524898	18877
chr8	83506021	83706021	harbor2	chr8	83583225	83583421	DNA/hAT-Charlie	490	+	98	83583323	77302
chr8	81163964	81363964	harbor2	chr8	81185458	81185621	DNA/hAT-Charlie	856	+	82	81185540	21576
chr8	81163964	81363964	harbor2	chr8	81185927	81185978	DNA/hAT-Charlie	856	+	26	81185953	21989
chr8	81163964	81363964	harbor2	chr8	81197148	81197340	DNA/hAT-Charlie	479	+	96	81197244	33280
chr8	81163964	81363964	harbor2	chr8	81253194	81253396	DNA/hAT-Charlie	1004	+	101	81253295	89331
chr8	81163964	81363964	harbor2	chr8	81253595	81253721	DNA/hAT-Charlie	610	+	63	81253658	89694
chr8	108471765	108671765	harbor2	chr8	108473890	108473976	DNA/hAT-Charlie	508	+	43	108473933	2168
chr8	108471765	108671765	harbor2	chr8	108488769	108488885	DNA/hAT-Charlie	473	+	58	108488827	17062
chr8	108471765	108671765	harbor2	chr8	108493376	108493534	DNA/hAT-Charlie	657	+	79	108493455	21690
chr8	88834263	89034263	harbor2	chr8	88886304	88886644	DNA/hAT-Charlie	1860	+	170	88886474	52211
chr8	88834263	89034263	harbor2	chr8	88928271	88928476	DNA/hAT-Charlie	370	+	102	88928373	94110
chr8	138107804	138307804	harbor2	chr8	138184811	138184943	DNA/hAT-Charlie	713	+	66	138184877	77073
chr8	71526168	71726168	harbor2	chr8	71527777	71527887	DNA/hAT-Charlie	406	+	55	71527832	1664
chr8	144791189	144991189	harbor2	chr8	144848517	144848661	DNA/hAT-Charlie	681	+	72	144848589	57400
chr8	144791189	144991189	harbor2	chr8	144854367	144854445	DNA/hAT-Charlie	492	+	39	144854406	63217
chr8	107602859	107802859	harbor2	chr8	107625140	107625375	DNA/hAT-Charlie	560	+	118	107625258	22399
chr8	107602859	107802859	harbor2	chr8	107678257	107678402	DNA/hAT-Charlie	416	+	72	107678329	75470
chr8	136067400	136267400	harbor2	chr8	136069397	136069584	DNA/hAT-Charlie	888	+	94	136069491	2091
chr8	128332732	128532732	harbor2	chr8	128350459	128350669	DNA/hAT-Charlie	777	+	105	128350564	17832
chr8	128332732	128532732	harbor2	chr8	128410118	128410384	DNA/hAT-Charlie	492	+	133	128410251	77519
chr8	128332732	128532732	harbor2	chr8	128430458	128430662	DNA/hAT-Charlie	1140	+	102	128430560	97828
chr8	105143614	105343614	harbor2	chr8	105161081	105161571	DNA/hAT-Charlie	3214	+	245	105161326	17712
chr8	105143614	105343614	harbor2	chr8	105176050	105176115	DNA/hAT-Charlie	382	+	32	105176082	32468
chr8	105143614	105343614	harbor2	chr8	105176702	105177297	DNA/hAT-Charlie	936	+	298	105177000	33386
chr8	105143614	105343614	harbor2	chr8	105238614	105238800	DNA/hAT-Charlie	673	+	93	105238707	95093
chr8	105143614	105343614	harbor2	chr8	105241663	105241874	DNA/hAT-Charlie	491	+	106	105241769	98155
chr8	128154020	128354020	harbor2	chr8	128156372	128156551	DNA/hAT-Charlie	994	+	90	128156462	2442
chr8	128154020	128354020	harbor2	chr8	128180183	128180384	DNA/hAT-Charlie	568	+	100	128180283	26263
chr8	128154020	128354020	harbor2	chr8	128192831	128193051	DNA/hAT-Charlie	723	+	110	128192941	38921
chr8	128154020	128354020	harbor2	chr8	128198126	128198305	DNA/hAT-Charlie	833	+	90	128198216	44196
chr8	128154020	128354020	harbor2	chr8	128205202	128205736	DNA/hAT-Charlie	3886	+	267	128205469	51449
chr8	85107879	85307879	harbor2	chr8	85110489	85110684	DNA/hAT-Charlie	1079	+	98	85110587	2708
chr8	85107879	85307879	harbor2	chr8	85132225	85132375	DNA/hAT-Charlie	887	+	75	85132300	24421
chr8	85107879	85307879	harbor2	chr8	85132693	85132788	DNA/hAT-Charlie	887	+	48	85132741	24862
chr8	85107879	85307879	harbor2	chr8	85135095	85135342	DNA/hAT-Charlie	471	+	124	85135219	27340
chr8	85107879	85307879	harbor2	chr8	85159829	85160040	DNA/hAT-Charlie	850	+	106	85159935	52056
chr8	85107879	85307879	harbor2	chr8	85167608	85167710	DNA/hAT-Charlie	513	+	51	85167659	59780
chr8	85107879	85307879	harbor2	chr8	85168008	85168067	DNA/hAT-Charlie	513	+	30	85168038	60159
chr8	125487789	125687789	harbor2	chr8	125488938	125488976	DNA/hAT-Charlie	378	+	19	125488957	1168
chr8	125487789	125687789	harbor2	chr8	125489274	125489404	DNA/hAT-Charlie	378	+	65	125489339	1550
chr8	125487789	125687789	harbor2	chr8	125489565	125489725	DNA/hAT-Charlie	521	+	80	125489645	1856
chr8	125487789	125687789	harbor2	chr8	125500785	125500955	DNA/hAT-Charlie	1443	+	85	125500870	13081
chr8	125487789	125687789	harbor2	chr8	125514909	125515058	DNA/hAT-Charlie	596	+	74	125514983	27194
chr8	125487789	125687789	harbor2	chr8	125526915	125527096	DNA/hAT-Charlie	1039	+	90	125527005	39216
chr8	125487789	125687789	harbor2	chr8	125557058	125557222	DNA/hAT-Charlie	885	+	82	125557140	69351
chr8	125487789	125687789	harbor2	chr8	125562650	125562791	DNA/hAT-Charlie	602	+	70	125562720	74931
chr8	125487789	125687789	harbor2	chr8	125501265	125501470	DNA/hAT-Charlie	1443	+	102	125501367	13578
chr8	125487789	125687789	harbor2	chr8	125534173	125534356	DNA/hAT-Charlie	717	+	92	125534265	46476
chr8	36351779	36551779	harbor2	chr8	36364523	36364658	DNA/hAT-Charlie	557	+	68	36364591	12812
chr8	36351779	36551779	harbor2	chr8	36388156	36388249	DNA/hAT-Charlie	557	+	46	36388202	36423
chr8	36351779	36551779	harbor2	chr8	36414388	36414581	DNA/hAT-Charlie	885	+	96	36414484	62705
chr8	36351779	36551779	harbor2	chr8	36442032	36442220	DNA/hAT-Charlie	589	+	94	36442126	90347
chr8	126352903	126552903	harbor2	chr8	126377610	126377759	DNA/hAT-Charlie	506	+	74	126377684	24781
chr8	126352903	126552903	harbor2	chr8	126383886	126384064	DNA/hAT-Charlie	451	+	89	126383975	31072
chr8	126352903	126552903	harbor2	chr8	126439135	126439348	DNA/hAT-Charlie	948	+	106	126439241	86338
chr8	126352903	126552903	harbor2	chr8	126449837	126449902	DNA/hAT-Charlie	440	+	32	126449869	96966
chr8	126352903	126552903	harbor2	chr8	126450201	126450346	DNA/hAT-Charlie	440	+	72	126450273	97370
chr8	52480106	52680106	harbor2	chr8	52481471	52481605	DNA/hAT-Charlie	476	+	67	52481538	1432
chr8	52480106	52680106	harbor2	chr8	52495791	52495947	DNA/hAT-Charlie	485	+	78	52495869	15763
chr8	52480106	52680106	harbor2	chr8	52531780	52531932	DNA/hAT-Charlie	402	+	76	52531856	51750
chr8	52480106	52680106	harbor2	chr8	52546195	52546362	DNA/hAT-Charlie	588	+	84	52546279	66173
chr8	86888747	87088747	harbor2	chr8	86902324	86902506	DNA/hAT-Charlie	432	+	91	86902415	13668
chr8	103088136	103288136	harbor2	chr8	103167360	103167513	DNA/hAT-Charlie	612	+	76	103167436	79300
chr8	103088136	103288136	harbor2	chr8	103187268	103187469	DNA/hAT-Charlie	1011	+	100	103187368	99232
chr8	91339462	91539462	harbor2	chr8	91386001	91386127	DNA/hAT-Charlie	439	+	63	91386064	46602
chr8	141085042	141285042	harbor2	chr8	141131445	141131600	DNA/hAT-Charlie	604	+	78	141131523	46481
chr8	141085042	141285042	harbor2	chr8	141177669	141177868	DNA/hAT-Charlie	583	+	100	141177769	92727
chr8	141085042	141285042	harbor2	chr8	141180109	141180311	DNA/hAT-Charlie	494	+	101	141180210	95168
chr8	111306703	111506703	harbor2	chr8	111336233	111336390	DNA/hAT-Charlie	791	+	78	111336311	29608
chr8	137803723	138003723	harbor2	chr8	137854269	137854360	DNA/hAT-Charlie	398	+	46	137854315	50592
chr8	137803723	138003723	harbor2	chr8	137856586	137856742	DNA/hAT-Charlie	586	+	78	137856664	52941
chr8	137803723	138003723	harbor2	chr8	137856787	137856869	DNA/hAT-Charlie	398	+	41	137856828	53105
chr8	137803723	138003723	harbor2	chr8	137857086	137857279	DNA/hAT-Charlie	608	+	96	137857182	53459
chr8	137504807	137704807	harbor2	chr8	137602601	137602817	DNA/hAT-Charlie	938	+	108	137602709	97902
chr8	123991439	124191439	harbor2	chr8	124032846	124032999	DNA/hAT-Charlie	401	+	76	124032922	41483
chr8	123991439	124191439	harbor2	chr8	124052209	124052397	DNA/hAT-Charlie	434	+	94	124052303	60864
chr8	123991439	124191439	harbor2	chr8	124060935	124061117	DNA/hAT-Charlie	861	+	91	124061026	69587
chr8	123991439	124191439	harbor2	chr8	124076004	124076167	DNA/hAT-Charlie	733	+	82	124076086	84647
chr8	127526900	127726900	harbor2	chr8	127539247	127539417	DNA/hAT-Charlie	422	+	85	127539332	12432
chr8	127526900	127726900	harbor2	chr8	127544445	127544666	DNA/hAT-Charlie	1177	+	110	127544555	17655
chr8	127526900	127726900	harbor2	chr8	127546857	127547185	DNA/hAT-Charlie	1309	+	164	127547021	20121
chr8	127526900	127726900	harbor2	chr8	127567095	127567311	DNA/hAT-Charlie	924	+	108	127567203	40303
chr8	127526900	127726900	harbor2	chr8	127568746	127568972	DNA/hAT-Charlie	975	+	113	127568859	41959
chr8	127526900	127726900	harbor2	chr8	127591008	127591224	DNA/hAT-Charlie	1158	+	108	127591116	64216
chr8	117481186	117681186	harbor2	chr8	117480871	117481227	DNA/hAT-Charlie	1058	+	178	117481049	137
chr8	117481186	117681186	harbor2	chr8	117481235	117481416	DNA/hAT-Charlie	444	+	90	117481325	139
chr8	117481186	117681186	harbor2	chr8	117481655	117482285	DNA/hAT-Charlie	1995	+	315	117481970	784
chr8	117481186	117681186	harbor2	chr8	117482281	117482656	DNA/hAT-Charlie	900	+	188	117482469	1283
chr8	117481186	117681186	harbor2	chr8	117496714	117497053	DNA/hAT-Charlie	1161	+	170	117496884	15698
chr8	117481186	117681186	harbor2	chr8	117543803	117543972	DNA/hAT-Charlie	746	+	84	117543887	62701
chr8	117481186	117681186	harbor2	chr8	117554009	117554138	DNA/hAT-Charlie	687	+	64	117554073	72887
chr8	140131467	140331467	harbor2	chr8	140208380	140208515	DNA/hAT-Charlie	521	+	68	140208448	76981
chr8	32317202	32517202	harbor2	chr8	32340796	32341008	DNA/hAT-Charlie	797	+	106	32340902	23700
chr8	32317202	32517202	harbor2	chr8	32416494	32416636	DNA/hAT-Charlie	516	+	71	32416565	99363
chr8	121579772	121779772	harbor2	chr8	121620757	121621127	DNA/hAT-Charlie	1408	+	185	121620942	41170
chr8	87552542	87752542	harbor2	chr8	87577059	87577254	DNA/hAT-Charlie	864	+	98	87577157	24615
chr8	87552542	87752542	harbor2	chr8	87588381	87588498	DNA/hAT-Charlie	501	+	58	87588439	35897
chr8	87552542	87752542	harbor2	chr8	87588994	87589133	DNA/hAT-Charlie	501	+	70	87589064	36522
chr8	87552542	87752542	harbor2	chr8	87606448	87606603	DNA/hAT-Charlie	443	+	78	87606526	53984
chr8	118380376	118580376	harbor2	chr8	118409598	118410059	DNA/hAT-Charlie	489	+	230	118409828	29452
chr8	118380376	118580376	harbor2	chr8	118411891	118412082	DNA/hAT-Charlie	691	+	96	118411987	31611
chr8	118380376	118580376	harbor2	chr8	118420853	118421046	DNA/hAT-Charlie	867	+	96	118420949	40573
chr8	118380376	118580376	harbor2	chr8	118426814	118426976	DNA/hAT-Charlie	454	+	81	118426895	46519
chr8	118380376	118580376	harbor2	chr8	118441015	118441443	DNA/hAT-Charlie	421	+	214	118441229	60853
chr8	118380376	118580376	harbor2	chr8	118446094	118446182	DNA/hAT-Charlie	466	+	44	118446138	65762
chr8	123887206	124087206	harbor2	chr8	123924610	123924801	DNA/hAT-Charlie	927	+	96	123924706	37500
chr8	123887206	124087206	harbor2	chr8	123951165	123951337	DNA/hAT-Charlie	406	+	86	123951251	64045
chr8	123887206	124087206	harbor2	chr8	123960312	123960413	DNA/hAT-Charlie	431	+	50	123960362	73156
chr8	123887206	124087206	harbor2	chr8	123960893	123960968	DNA/hAT-Charlie	599	+	38	123960931	73725
chr8	123887206	124087206	harbor2	chr8	123961284	123961372	DNA/hAT-Charlie	599	+	44	123961328	74122
chr8	139226797	139426797	harbor2	chr8	139317521	139317767	DNA/hAT-Charlie	451	+	123	139317644	90847
chr8	66072721	66272721	harbor2	chr8	66117352	66117499	DNA/hAT-Charlie	515	+	74	66117426	44705
chr8	67819923	68019923	harbor2	chr8	67917426	67917601	DNA/hAT-Charlie	695	+	88	67917514	97591
chr8	58758424	58958424	harbor2	chr8	58762537	58762801	DNA/hAT-Charlie	963	+	132	58762669	4245
chr8	58758424	58958424	harbor2	chr8	58763181	58763360	DNA/hAT-Charlie	682	+	90	58763271	4847
chr8	58758424	58958424	harbor2	chr8	58839159	58839352	DNA/hAT-Charlie	955	+	96	58839255	80831
chr8	58758424	58958424	harbor2	chr8	58840481	58840599	DNA/hAT-Charlie	478	+	59	58840540	82116
chr8	58758424	58958424	harbor2	chr8	58844155	58844360	DNA/hAT-Charlie	818	+	102	58844257	85833
chr8	135624091	135824091	harbor2	chr8	135687956	135688159	DNA/hAT-Charlie	759	+	102	135688058	63967
chr8	134503652	134703652	harbor2	chr8	134520105	134520325	DNA/hAT-Charlie	1063	+	110	134520215	16563
chr8	134503652	134703652	harbor2	chr8	134524511	134524715	DNA/hAT-Charlie	948	+	102	134524613	20961
chr8	94861883	95061883	harbor2	chr8	94921863	94921996	DNA/hAT-Charlie	831	+	66	94921929	60046
chr8	94861883	95061883	harbor2	chr8	94922310	94922369	DNA/hAT-Charlie	831	+	30	94922340	60457
chr8	94861883	95061883	harbor2	chr8	94922378	94922479	DNA/hAT-Charlie	633	+	50	94922428	60545
chr8	94861883	95061883	harbor2	chr8	94922773	94922841	DNA/hAT-Charlie	633	+	34	94922807	60924
chr8	94861883	95061883	harbor2	chr8	94923292	94923412	DNA/hAT-Charlie	799	+	60	94923352	61469
chr8	94861883	95061883	harbor2	chr8	94944991	94945127	DNA/hAT-Charlie	463	+	68	94945059	83176
chr8	94861883	95061883	harbor2	chr8	94945125	94945487	DNA/hAT-Charlie	1666	+	181	94945306	83423
chr8	120068491	120268491	harbor2	chr8	120074945	120075047	DNA/hAT-Charlie	512	+	51	120074996	6505
chr8	120068491	120268491	harbor2	chr8	120148869	120149048	DNA/hAT-Charlie	935	+	90	120148959	80468
chr8	120068491	120268491	harbor2	chr8	120159113	120159273	DNA/hAT-Charlie	871	+	80	120159193	90702
chr8	120068491	120268491	harbor2	chr8	120160769	120161013	DNA/hAT-Charlie	502	+	122	120160891	92400
chr8	126045451	126245451	harbor2	chr8	126086503	126086617	DNA/hAT-Charlie	462	+	57	126086560	41109
chr8	126045451	126245451	harbor2	chr8	126087782	126087948	DNA/hAT-Charlie	797	+	83	126087865	42414
chr8	138799288	138999288	harbor2	chr8	138868281	138868523	DNA/hAT-Charlie	794	+	121	138868402	69114
chr8	102781874	102981874	harbor2	chr8	102782205	102782382	DNA/hAT-Charlie	863	+	88	102782293	419
chr8	144318364	144518364	harbor2	chr8	144386985	144387187	DNA/hAT-Charlie	430	+	101	144387086	68722
chr8	135352639	135552639	harbor2	chr8	135399396	135399623	DNA/hAT-Charlie	580	+	114	135399510	46871
chr8	135352639	135552639	harbor2	chr8	135450206	135450397	DNA/hAT-Charlie	799	+	96	135450302	97663
chr8	135352639	135552639	harbor2	chr8	135450403	135450662	DNA/hAT-Charlie	1119	+	130	135450533	97894
chr8	138099717	138299717	harbor2	chr8	138102844	138103066	DNA/hAT-Charlie	1037	+	111	138102955	3238
chr8	138099717	138299717	harbor2	chr8	138184811	138184943	DNA/hAT-Charlie	713	+	66	138184877	85160
chr8	127597199	127797199	harbor2	chr8	127660526	127660636	DNA/hAT-Charlie	409	+	55	127660581	63382
chr8	127597199	127797199	harbor2	chr8	127662378	127662533	DNA/hAT-Charlie	773	+	78	127662456	65257
chr8	127597199	127797199	harbor2	chr8	127678804	127678912	DNA/hAT-Charlie	471	+	54	127678858	81659
chr8	127597199	127797199	harbor2	chr8	127688505	127688746	DNA/hAT-Charlie	644	+	120	127688625	91426
chr8	114873710	115073710	harbor2	chr8	114881455	114881661	DNA/hAT-Charlie	1113	+	103	114881558	7848
chr8	114873710	115073710	harbor2	chr8	114926666	114927181	DNA/hAT-Charlie	1517	+	258	114926924	53214
chr8	114873710	115073710	harbor2	chr8	114962554	114962767	DNA/hAT-Charlie	976	+	106	114962660	88950
chr8	114873710	115073710	harbor2	chr8	114971265	114971442	DNA/hAT-Charlie	587	+	88	114971353	97643
chr8	122708832	122908832	harbor2	chr8	122738556	122738688	DNA/hAT-Charlie	629	+	66	122738622	29790
chr8	122708832	122908832	harbor2	chr8	122739043	122739359	DNA/hAT-Charlie	1601	+	158	122739201	30369
chr8	122708832	122908832	harbor2	chr8	122776499	122776689	DNA/hAT-Charlie	620	+	95	122776594	67762
chr8	122708832	122908832	harbor2	chr8	122803748	122803910	DNA/hAT-Charlie	407	+	81	122803829	94997
chr8	109628355	109828355	harbor2	chr8	109661461	109661704	DNA/hAT-Charlie	545	+	122	109661583	33228
chr8	109628355	109828355	harbor2	chr8	109688062	109688331	DNA/hAT-Charlie	448	+	134	109688196	59841
chr8	124087151	124287151	harbor2	chr8	124095092	124095315	DNA/hAT-Charlie	1127	+	112	124095204	8053
chr8	132921795	133121795	harbor2	chr8	132939154	132939327	DNA/hAT-Charlie	452	+	86	132939240	17445
chr8	132921795	133121795	harbor2	chr8	132949964	132950093	DNA/hAT-Charlie	531	+	64	132950028	28233
chr8	132921795	133121795	harbor2	chr8	132981637	132981791	DNA/hAT-Charlie	756	+	77	132981714	59919
chr8	132921795	133121795	harbor2	chr8	132999589	132999753	DNA/hAT-Charlie	613	+	82	132999671	77876
chr8	99874130	100074130	harbor2	chr8	99936214	99937096	DNA/hAT-Charlie	4199	+	441	99936655	62525
chr8	99874130	100074130	harbor2	chr8	99955246	99955436	DNA/hAT-Charlie	803	+	95	99955341	81211
chr8	99874130	100074130	harbor2	chr8	99960198	99960379	DNA/hAT-Charlie	443	+	90	99960288	86158
chr8	80972715	81172715	harbor2	chr8	80977310	80977471	DNA/hAT-Charlie	703	+	80	80977390	4675
chr8	80972715	81172715	harbor2	chr8	81003033	81003204	DNA/hAT-Charlie	697	+	86	81003119	30404
chr8	139721502	139921502	harbor2	chr8	139790530	139790731	DNA/hAT-Charlie	819	+	100	139790630	69128
chr8	139721502	139921502	harbor2	chr8	139818960	139819480	DNA/hAT-Charlie	3711	+	260	139819220	97718
chr8	105677264	105877264	harbor2	chr8	105679162	105679419	DNA/hAT-Charlie	683	+	128	105679290	2026
chr8	105677264	105877264	harbor2	chr8	105685111	105685302	DNA/hAT-Charlie	866	+	96	105685207	7943
chr8	105677264	105877264	harbor2	chr8	105692251	105692445	DNA/hAT-Charlie	472	+	97	105692348	15084
chr8	105677264	105877264	harbor2	chr8	105715764	105715936	DNA/hAT-Charlie	407	+	86	105715850	38586
chr8	105677264	105877264	harbor2	chr8	105721850	105722134	DNA/hAT-Charlie	919	+	142	105721992	44728
chr8	115413793	115613793	harbor2	chr8	115442643	115442679	DNA/hAT-Charlie	447	+	18	115442661	28868
chr8	115413793	115613793	harbor2	chr8	115443284	115443489	DNA/hAT-Charlie	447	+	102	115443386	29593
chr8	115413793	115613793	harbor2	chr8	115513572	115513725	DNA/hAT-Charlie	560	+	76	115513648	99855
chr9	6839634	7039634	harbor2	chr9	6842636	6842880	DNA/hAT-Charlie	611	+	122	6842758	3124
chr9	6839634	7039634	harbor2	chr9	6844482	6844593	DNA/hAT-Charlie	466	+	56	6844538	4904
chr9	6839634	7039634	harbor2	chr9	6932697	6932910	DNA/hAT-Charlie	690	+	106	6932803	93169
chr9	6839634	7039634	harbor2	chr9	6939073	6939555	DNA/hAT-Charlie	2632	+	241	6939314	99680
chr9	133995964	134195964	harbor2	chr9	134017481	134017702	DNA/hAT-Charlie	1497	+	110	134017591	21627
chr9	125505580	125705580	harbor2	chr9	125553629	125553755	DNA/hAT-Charlie	654	+	63	125553692	48112
chr9	125505580	125705580	harbor2	chr9	125555023	125555282	DNA/hAT-Charlie	773	+	130	125555153	49573
chr9	125505580	125705580	harbor2	chr9	125558744	125559169	DNA/hAT-Charlie	1513	+	212	125558956	53376
chr9	127519830	127719830	harbor2	chr9	127526048	127526121	DNA/hAT-Charlie	537	+	36	127526084	6254
chr9	127519830	127719830	harbor2	chr9	127526429	127526538	DNA/hAT-Charlie	537	+	54	127526483	6653
chr9	127519830	127719830	harbor2	chr9	127587720	127587928	DNA/hAT-Charlie	1147	+	104	127587824	67994
chr9	87800991	88000991	harbor2	chr9	87826045	87826196	DNA/hAT-Charlie	465	+	76	87826121	25130
chr9	87800991	88000991	harbor2	chr9	87854596	87854993	DNA/hAT-Charlie	538	+	198	87854794	53803
chr9	126283861	126483861	harbor2	chr9	126325243	126325462	DNA/hAT-Charlie	651	+	110	126325353	41492
chr9	126283861	126483861	harbor2	chr9	126330448	126330582	DNA/hAT-Charlie	416	+	67	126330515	46654
chr9	126283861	126483861	harbor2	chr9	126333925	126334100	DNA/hAT-Charlie	610	+	88	126334013	50152
chr9	86395629	86595629	harbor2	chr9	86417598	86417807	DNA/hAT-Charlie	525	+	104	86417702	22073
chr9	134006116	134206116	harbor2	chr9	134017481	134017702	DNA/hAT-Charlie	1497	+	110	134017591	11475
chr9	131975283	132175283	harbor2	chr9	132051089	132051308	DNA/hAT-Charlie	995	+	110	132051199	75916
chr9	131975283	132175283	harbor2	chr9	132074852	132075052	DNA/hAT-Charlie	414	+	100	132074952	99669
chr9	62693597	62893597	harbor2	chr9	62741590	62741784	DNA/hAT-Charlie	604	+	97	62741687	48090
chr9	89188340	89388340	harbor2	chr9	89191988	89192157	DNA/hAT-Charlie	630	+	84	89192072	3732
chr9	89188340	89388340	harbor2	chr9	89223398	89223638	DNA/hAT-Charlie	808	+	120	89223518	35178
chr9	89188340	89388340	harbor2	chr9	89281638	89281805	DNA/hAT-Charlie	407	+	84	89281722	93382
chr9	118317055	118517055	harbor2	chr9	118370173	118370334	DNA/hAT-Charlie	627	+	80	118370253	53198
chr9	118317055	118517055	harbor2	chr9	118371500	118371686	DNA/hAT-Charlie	709	+	93	118371593	54538
chr9	105638242	105838242	harbor2	chr9	105644986	105645076	DNA/hAT-Charlie	443	+	45	105645031	6789
chr9	105638242	105838242	harbor2	chr9	105657634	105658048	DNA/hAT-Charlie	1318	+	207	105657841	19599
chr9	105638242	105838242	harbor2	chr9	105658048	105658148	DNA/hAT-Charlie	492	+	50	105658098	19856
chr9	105638242	105838242	harbor2	chr9	105691193	105691433	DNA/hAT-Charlie	715	+	120	105691313	53071
chr9	105638242	105838242	harbor2	chr9	105696035	105696283	DNA/hAT-Charlie	1059	+	124	105696159	57917
chr9	105638242	105838242	harbor2	chr9	105696503	105696570	DNA/hAT-Charlie	420	+	34	105696537	58295
chr9	105638242	105838242	harbor2	chr9	105696953	105697048	DNA/hAT-Charlie	420	+	48	105697001	58759
chr9	70822425	71022425	harbor2	chr9	70831481	70831674	DNA/hAT-Charlie	863	+	96	70831577	9152
chr9	70822425	71022425	harbor2	chr9	70878753	70878911	DNA/hAT-Charlie	544	+	79	70878832	56407
chr9	70822425	71022425	harbor2	chr9	70910970	70911236	DNA/hAT-Charlie	391	+	133	70911103	88678
chr9	117913215	118113215	harbor2	chr9	117920934	117921195	DNA/hAT-Charlie	583	+	130	117921064	7849
chr9	117913215	118113215	harbor2	chr9	117926836	117927001	DNA/hAT-Charlie	416	+	82	117926918	13703
chr9	117913215	118113215	harbor2	chr9	118003168	118003250	DNA/hAT-Charlie	424	+	41	118003209	89994
chr9	133245008	133445008	harbor2	chr9	133324415	133324656	DNA/hAT-Charlie	1551	+	120	133324535	79527
chr9	91365178	91565178	harbor2	chr9	91393913	91394043	DNA/hAT-Charlie	663	+	65	91393978	28800
chr9	117135775	117335775	harbor2	chr9	117137489	117137762	DNA/hAT-Charlie	541	+	136	117137625	1850
chr9	117135775	117335775	harbor2	chr9	117144400	117144514	DNA/hAT-Charlie	757	+	57	117144457	8682
chr9	117135775	117335775	harbor2	chr9	117149806	117150162	DNA/hAT-Charlie	877	+	178	117149984	14209
chr9	117135775	117335775	harbor2	chr9	117172183	117172360	DNA/hAT-Charlie	505	+	88	117172271	36496
chr9	117135775	117335775	harbor2	chr9	117223220	117223423	DNA/hAT-Charlie	1168	+	102	117223322	87547
chr9	106084886	106284886	harbor2	chr9	106101847	106102049	DNA/hAT-Charlie	470	+	101	106101948	17062
chr9	138245892	138445892	harbor2	chr9	138273566	138273997	DNA/hAT-Charlie	2999	+	216	138273782	27890
chr9	138245892	138445892	harbor2	chr9	138277314	138277733	DNA/hAT-Charlie	2491	+	210	138277524	31632
chr9	95420410	95620410	harbor2	chr9	95477115	95477287	DNA/hAT-Charlie	601	+	86	95477201	56791
chr9	95420410	95620410	harbor2	chr9	95501166	95501383	DNA/hAT-Charlie	1153	+	108	95501274	80864
chr9	79996081	80196081	harbor2	chr9	80045205	80045247	DNA/hAT-Charlie	653	+	21	80045226	49145
chr9	79996081	80196081	harbor2	chr9	80045554	80045697	DNA/hAT-Charlie	653	+	72	80045626	49545
chr9	79996081	80196081	harbor2	chr9	80065114	80065251	DNA/hAT-Charlie	543	+	68	80065182	69101
chr9	79996081	80196081	harbor2	chr9	80078790	80078942	DNA/hAT-Charlie	531	+	76	80078866	82785
chr9	128614084	128814084	harbor2	chr9	128650060	128650213	DNA/hAT-Charlie	518	+	76	128650136	36052
chr9	109367266	109567266	harbor2	chr9	109417965	109418055	DNA/hAT-Charlie	429	+	45	109418010	50744
chr9	109367266	109567266	harbor2	chr9	109418613	109418814	DNA/hAT-Charlie	858	+	100	109418713	51447
chr9	109367266	109567266	harbor2	chr9	109422365	109422527	DNA/hAT-Charlie	431	+	81	109422446	55180
chr9	109367266	109567266	harbor2	chr9	109444442	109444719	DNA/hAT-Charlie	1216	+	138	109444580	77314
chr9	109367266	109567266	harbor2	chr9	109451894	109451987	DNA/hAT-Charlie	487	+	46	109451940	84674
chr9	109367266	109567266	harbor2	chr9	109452297	109452428	DNA/hAT-Charlie	487	+	66	109452363	85097
chr9	100513280	100713280	harbor2	chr9	100559408	100559710	DNA/hAT-Charlie	1147	+	151	100559559	46279
chr9	111301942	111501942	harbor2	chr9	111306107	111306275	DNA/hAT-Charlie	504	+	84	111306191	4249
chr9	111301942	111501942	harbor2	chr9	111316676	111317116	DNA/hAT-Charlie	1776	+	220	111316896	14954
chr9	111301942	111501942	harbor2	chr9	111317398	111317456	DNA/hAT-Charlie	1776	+	29	111317427	15485
chr9	70818910	71018910	harbor2	chr9	70831481	70831674	DNA/hAT-Charlie	863	+	96	70831577	12667
chr9	70818910	71018910	harbor2	chr9	70878753	70878911	DNA/hAT-Charlie	544	+	79	70878832	59922
chr9	70818910	71018910	harbor2	chr9	70910970	70911236	DNA/hAT-Charlie	391	+	133	70911103	92193
chr9	98767974	98967974	harbor2	chr9	98789555	98789803	DNA/hAT-Charlie	688	+	124	98789679	21705
chr9	98767974	98967974	harbor2	chr9	98799063	98799249	DNA/hAT-Charlie	921	+	93	98799156	31182
chr9	98767974	98967974	harbor2	chr9	98802198	98802363	DNA/hAT-Charlie	800	+	82	98802280	34306
chr9	98767974	98967974	harbor2	chr9	98811279	98811514	DNA/hAT-Charlie	393	+	118	98811397	43423
chr9	78322709	78522709	harbor2	chr9	78356057	78356268	DNA/hAT-Charlie	1046	+	106	78356163	33454
chr9	78322709	78522709	harbor2	chr9	78359390	78359582	DNA/hAT-Charlie	560	+	96	78359486	36777
chr9	78322709	78522709	harbor2	chr9	78364526	78364558	DNA/hAT-Charlie	458	+	16	78364542	41833
chr9	78322709	78522709	harbor2	chr9	78364859	78364959	DNA/hAT-Charlie	458	+	50	78364909	42200
chr9	78322709	78522709	harbor2	chr9	78382615	78382783	DNA/hAT-Charlie	919	+	84	78382699	59990
chr9	78322709	78522709	harbor2	chr9	78402084	78402258	DNA/hAT-Charlie	914	+	87	78402171	79462
chr9	116929359	117129359	harbor2	chr9	116954796	116954978	DNA/hAT-Charlie	948	+	91	116954887	25528
chr9	116929359	117129359	harbor2	chr9	116978817	116979069	DNA/hAT-Charlie	697	+	126	116978943	49584
chr9	116929359	117129359	harbor2	chr9	116994505	116994714	DNA/hAT-Charlie	978	+	104	116994609	65250
chr9	116929359	117129359	harbor2	chr9	117003255	117003362	DNA/hAT-Charlie	483	+	54	117003309	73950
chr9	116929359	117129359	harbor2	chr9	117007330	117007533	DNA/hAT-Charlie	1029	+	102	117007432	78073
chr9	132609057	132809057	harbor2	chr9	132647333	132647522	DNA/hAT-Charlie	645	+	94	132647427	38370
chr9	132609057	132809057	harbor2	chr9	132661380	132661609	DNA/hAT-Charlie	1054	+	114	132661494	52437
chr9	71242022	71442022	harbor2	chr9	71253328	71253523	DNA/hAT-Charlie	904	+	98	71253426	11404
chr9	82614346	82814346	harbor2	chr9	82646859	82647034	DNA/hAT-Charlie	423	+	88	82646947	32601
chr9	82614346	82814346	harbor2	chr9	82666592	82666796	DNA/hAT-Charlie	994	+	102	82666694	52348
chr9	131307406	131507406	harbor2	chr9	131387733	131387908	DNA/hAT-Charlie	626	+	88	131387821	80415
chr9	131307406	131507406	harbor2	chr9	131388202	131388224	DNA/hAT-Charlie	626	+	11	131388213	80807
chr9	110082390	110282390	harbor2	chr9	110093925	110094128	DNA/hAT-Charlie	946	+	102	110094027	11637
chr9	110082390	110282390	harbor2	chr9	110139372	110139581	DNA/hAT-Charlie	609	+	104	110139476	57086
chr9	131756660	131956660	harbor2	chr9	131803900	131804117	DNA/hAT-Charlie	1143	+	108	131804008	47348
chr9	131756660	131956660	harbor2	chr9	131805281	131805367	DNA/hAT-Charlie	414	+	43	131805324	48664
chr9	131756660	131956660	harbor2	chr9	131816058	131816181	DNA/hAT-Charlie	435	+	62	131816120	59460
chr9	131756660	131956660	harbor2	chr9	131831800	131832109	DNA/hAT-Charlie	1275	+	154	131831954	75294
chr9	105279905	105479905	harbor2	chr9	105344317	105344535	DNA/hAT-Charlie	1186	+	109	105344426	64521
chr9	105279905	105479905	harbor2	chr9	105372051	105372281	DNA/hAT-Charlie	466	+	115	105372166	92261
chr9	105279905	105479905	harbor2	chr9	105372587	105372661	DNA/hAT-Charlie	466	+	37	105372624	92719
chr9	137398030	137598030	harbor2	chr9	137412316	137412456	DNA/hAT-Charlie	523	+	70	137412386	14356
chr9	93239757	93439757	harbor2	chr9	93290243	93290454	DNA/hAT-Charlie	1276	+	106	93290349	50592
chr9	39693318	39893318	harbor2	chr9	39699064	39699194	DNA/hAT-Charlie	509	+	65	39699129	5811
chr9	39693318	39893318	harbor2	chr9	39703154	39703275	DNA/hAT-Charlie	441	+	60	39703214	9896
chr9	39693318	39893318	harbor2	chr9	39746528	39746756	DNA/hAT-Charlie	787	+	114	39746642	53324
chr9	109700567	109900567	harbor2	chr9	109793670	109794004	DNA/hAT-Charlie	1561	+	167	109793837	93270
chr9	117891421	118091421	harbor2	chr9	117920934	117921195	DNA/hAT-Charlie	583	+	130	117921064	29643
chr9	117891421	118091421	harbor2	chr9	117926836	117927001	DNA/hAT-Charlie	416	+	82	117926918	35497
chr9	113500555	113700555	harbor2	chr9	113529690	113529982	DNA/hAT-Charlie	813	+	146	113529836	29281
chr9	113500555	113700555	harbor2	chr9	113585958	113586129	DNA/hAT-Charlie	414	+	86	113586044	85489
chr9	96802644	97002644	harbor2	chr9	96902050	96902151	DNA/hAT-Charlie	739	+	50	96902100	99456
chr9	96802644	97002644	harbor2	chr9	96902441	96902753	DNA/hAT-Charlie	739	+	156	96902597	99953
chr9	108938793	109138793	harbor2	chr9	108956779	108957116	DNA/hAT-Charlie	648	+	168	108956947	18154
chr9	108938793	109138793	harbor2	chr9	108957420	108957475	DNA/hAT-Charlie	648	+	28	108957448	18655
chr9	108938793	109138793	harbor2	chr9	108985425	108985675	DNA/hAT-Charlie	527	+	125	108985550	46757
chr9	108938793	109138793	harbor2	chr9	108998123	108998341	DNA/hAT-Charlie	1179	+	109	108998232	59439
chr9	109871215	110071215	harbor2	chr9	109875611	109875795	DNA/hAT-Charlie	632	+	92	109875703	4488
chr9	109871215	110071215	harbor2	chr9	109894439	109894665	DNA/hAT-Charlie	947	+	113	109894552	23337
chr9	109871215	110071215	harbor2	chr9	109954720	109955106	DNA/hAT-Charlie	565	+	193	109954913	83698
chr9	109871215	110071215	harbor2	chr9	109962347	109962547	DNA/hAT-Charlie	903	+	100	109962447	91232
chr9	109871215	110071215	harbor2	chr9	109963442	109963551	DNA/hAT-Charlie	398	+	54	109963496	92281
chr9	135723557	135923557	harbor2	chr9	135820423	135820751	DNA/hAT-Charlie	491	+	164	135820587	97030
chr9	136465108	136665108	harbor2	chr9	136485974	136486157	DNA/hAT-Charlie	660	+	92	136486066	20958
chr9	136465108	136665108	harbor2	chr9	136491092	136491231	DNA/hAT-Charlie	801	+	70	136491162	26054
chr9	136465108	136665108	harbor2	chr9	136491538	136491674	DNA/hAT-Charlie	801	+	68	136491606	26498
chr9	134304205	134504205	harbor2	chr9	134354474	134354642	DNA/hAT-Charlie	543	+	84	134354558	50353
chr9	70329039	70529039	harbor2	chr9	70334529	70334720	DNA/hAT-Charlie	436	+	96	70334625	5586
chr9	70329039	70529039	harbor2	chr9	70391696	70392020	DNA/hAT-Charlie	1214	+	162	70391858	62819
chr9	70329039	70529039	harbor2	chr9	70407945	70408091	DNA/hAT-Charlie	630	+	73	70408018	78979
chr9	70329039	70529039	harbor2	chr9	70408290	70408317	DNA/hAT-Charlie	630	+	14	70408304	79265
chr9	119355842	119555842	harbor2	chr9	119384820	119385063	DNA/hAT-Charlie	1067	+	122	119384942	29100
chr9	119355842	119555842	harbor2	chr9	119386780	119387024	DNA/hAT-Charlie	471	+	122	119386902	31060
chr9	119355842	119555842	harbor2	chr9	119396372	119396753	DNA/hAT-Charlie	1130	+	190	119396562	40720
chr9	119355842	119555842	harbor2	chr9	119398786	119399096	DNA/hAT-Charlie	1155	+	155	119398941	43099
chr9	119355842	119555842	harbor2	chr9	119401427	119401586	DNA/hAT-Charlie	846	+	80	119401507	45665
chr9	119355842	119555842	harbor2	chr9	119435212	119435402	DNA/hAT-Charlie	401	+	95	119435307	79465
chr9	119355842	119555842	harbor2	chr9	119441490	119441716	DNA/hAT-Charlie	769	+	113	119441603	85761
chr9	119355842	119555842	harbor2	chr9	119448692	119448915	DNA/hAT-Charlie	939	+	112	119448804	92962
chr9	110881716	111081716	harbor2	chr9	110922169	110922721	DNA/hAT-Charlie	2091	+	276	110922445	40729
chr9	110881716	111081716	harbor2	chr9	110932553	110932897	DNA/hAT-Charlie	2196	+	172	110932725	51009
chr9	71813459	72013459	harbor2	chr9	71820718	71820841	DNA/hAT-Charlie	742	+	62	71820780	7321
chr9	71813459	72013459	harbor2	chr9	71821178	71821204	DNA/hAT-Charlie	742	+	13	71821191	7732
chr9	71813459	72013459	harbor2	chr9	71906195	71906463	DNA/hAT-Charlie	563	+	134	71906329	92870
chr9	30589911	30789911	harbor2	chr9	30607425	30607638	DNA/hAT-Charlie	654	+	106	30607531	17620
chr9	89725639	89925639	harbor2	chr9	89733686	89733782	DNA/hAT-Charlie	423	+	48	89733734	8095
chr9	89725639	89925639	harbor2	chr9	89747398	89747650	DNA/hAT-Charlie	750	+	126	89747524	21885
chr9	89725639	89925639	harbor2	chr9	89785005	89785262	DNA/hAT-Charlie	474	+	128	89785133	59494
chr9	81297213	81497213	harbor2	chr9	81305836	81306045	DNA/hAT-Charlie	927	+	104	81305940	8727
chr9	81297213	81497213	harbor2	chr9	81329281	81329788	DNA/hAT-Charlie	3639	+	254	81329535	32322
chr9	81297213	81497213	harbor2	chr9	81336159	81336372	DNA/hAT-Charlie	979	+	106	81336265	39052
chr9	81297213	81497213	harbor2	chr9	81369099	81369309	DNA/hAT-Charlie	999	+	105	81369204	71991
chr9	81297213	81497213	harbor2	chr9	81377770	81377940	DNA/hAT-Charlie	595	+	85	81377855	80642
chr9	81297213	81497213	harbor2	chr9	81383136	81383254	DNA/hAT-Charlie	445	+	59	81383195	85982
chr9	81297213	81497213	harbor2	chr9	81393815	81394175	DNA/hAT-Charlie	743	+	180	81393995	96782
chr9	110833765	111033765	harbor2	chr9	110851065	110851292	DNA/hAT-Charlie	679	+	114	110851179	17414
chr9	110833765	111033765	harbor2	chr9	110922169	110922721	DNA/hAT-Charlie	2091	+	276	110922445	88680
chr9	110833765	111033765	harbor2	chr9	110932553	110932897	DNA/hAT-Charlie	2196	+	172	110932725	98960
chr9	108970538	109170538	harbor2	chr9	108985425	108985675	DNA/hAT-Charlie	527	+	125	108985550	15012
chr9	108970538	109170538	harbor2	chr9	108998123	108998341	DNA/hAT-Charlie	1179	+	109	108998232	27694
chr9	108970538	109170538	harbor2	chr9	109059782	109060102	DNA/hAT-Charlie	1056	+	160	109059942	89404
chr9	108970538	109170538	harbor2	chr9	109065241	109065422	DNA/hAT-Charlie	883	+	90	109065331	94793
chr9	93396182	93596182	harbor2	chr9	93459704	93459889	DNA/hAT-Charlie	1087	+	92	93459796	63614
chr9	133701992	133901992	harbor2	chr9	133790900	133791117	DNA/hAT-Charlie	961	+	108	133791008	89016
chr9	118973349	119173349	harbor2	chr9	118980712	118980817	DNA/hAT-Charlie	408	+	52	118980764	7415
chr9	118973349	119173349	harbor2	chr9	118983023	118983261	DNA/hAT-Charlie	910	+	119	118983142	9793
chr9	118973349	119173349	harbor2	chr9	118984072	118984242	DNA/hAT-Charlie	482	+	85	118984157	10808
chr9	118973349	119173349	harbor2	chr9	118994270	118994507	DNA/hAT-Charlie	703	+	118	118994388	21039
chr9	118973349	119173349	harbor2	chr9	119006292	119006506	DNA/hAT-Charlie	1130	+	107	119006399	33050
chr9	118973349	119173349	harbor2	chr9	119022547	119022728	DNA/hAT-Charlie	471	+	90	119022637	49288
chr9	118973349	119173349	harbor2	chr9	119031570	119031736	DNA/hAT-Charlie	450	+	83	119031653	58304
chr9	132918176	133118176	harbor2	chr9	132930109	132930251	DNA/hAT-Charlie	426	+	71	132930180	12004
chr9	132918176	133118176	harbor2	chr9	132939800	132939958	DNA/hAT-Charlie	653	+	79	132939879	21703
chr9	123100604	123300604	harbor2	chr9	123113801	123113992	DNA/hAT-Charlie	865	+	96	123113897	13293
chr9	85284733	85484733	harbor2	chr9	85364702	85364978	DNA/hAT-Charlie	804	+	138	85364840	80107
chr9	85284733	85484733	harbor2	chr9	85379507	85379688	DNA/hAT-Charlie	795	+	90	85379597	94864
chr9	95871047	96071047	harbor2	chr9	95878119	95878327	DNA/hAT-Charlie	909	+	104	95878223	7176
chr9	95871047	96071047	harbor2	chr9	95885715	95885903	DNA/hAT-Charlie	754	+	94	95885809	14762
chr9	95871047	96071047	harbor2	chr9	95956410	95956487	DNA/hAT-Charlie	458	+	38	95956448	85401
chr9	95871047	96071047	harbor2	chr9	95956858	95956959	DNA/hAT-Charlie	458	+	50	95956908	85861
chr9	65639509	65839509	harbor2	chr9	65671911	65672030	DNA/hAT-Charlie	608	+	60	65671971	32462
chr9	65639509	65839509	harbor2	chr9	65684627	65684782	DNA/hAT-Charlie	745	+	78	65684705	45196
chr9	65639509	65839509	harbor2	chr9	65736070	65736284	DNA/hAT-Charlie	392	+	107	65736177	96668
chr9	132717881	132917881	harbor2	chr9	132729203	132729382	DNA/hAT-Charlie	662	+	90	132729293	11412
chr9	132717881	132917881	harbor2	chr9	132733968	132734116	DNA/hAT-Charlie	539	+	74	132734042	16161
chr9	101924713	102124713	harbor2	chr9	101980257	101980430	DNA/hAT-Charlie	467	+	86	101980343	55630
chr9	132123633	132323633	harbor2	chr9	132127039	132127484	DNA/hAT-Charlie	1424	+	222	132127261	3628
chr9	132123633	132323633	harbor2	chr9	132127783	132127825	DNA/hAT-Charlie	1424	+	21	132127804	4171
chr9	132123633	132323633	harbor2	chr9	132182832	132182999	DNA/hAT-Charlie	486	+	84	132182916	59283
chr9	132123633	132323633	harbor2	chr9	132222098	132222175	DNA/hAT-Charlie	411	+	38	132222136	98503
chr9	72414895	72614895	harbor2	chr9	72462536	72462625	DNA/hAT-Charlie	448	+	44	72462580	47685
chr9	72414895	72614895	harbor2	chr9	72462825	72462966	DNA/hAT-Charlie	399	+	70	72462895	48000
chr9	72414895	72614895	harbor2	chr9	72463004	72463352	DNA/hAT-Charlie	774	+	174	72463178	48283
chr9	72414895	72614895	harbor2	chr9	72463350	72463709	DNA/hAT-Charlie	827	+	180	72463530	48635
chr9	72414895	72614895	harbor2	chr9	72463979	72464036	DNA/hAT-Charlie	827	+	28	72464007	49112
chr9	72414895	72614895	harbor2	chr9	72476845	72477124	DNA/hAT-Charlie	574	+	140	72476985	62090
chr9	137938083	138138083	harbor2	chr9	138008742	138008933	DNA/hAT-Charlie	424	+	96	138008838	70755
chr9	118238513	118438513	harbor2	chr9	118301863	118302124	DNA/hAT-Charlie	819	+	130	118301993	63480
chr9	100451892	100651892	harbor2	chr9	100460730	100460907	DNA/hAT-Charlie	443	+	88	100460818	8926
chr9	100451892	100651892	harbor2	chr9	100493042	100493269	DNA/hAT-Charlie	1048	+	114	100493156	41264
chr9	82999737	83199737	harbor2	chr9	83065780	83066005	DNA/hAT-Charlie	931	+	112	83065892	66155
chr9	82999737	83199737	harbor2	chr9	83074501	83074760	DNA/hAT-Charlie	910	+	130	83074631	74894
chr9	82999737	83199737	harbor2	chr9	83078028	83078204	DNA/hAT-Charlie	789	+	88	83078116	78379
chr9	82999737	83199737	harbor2	chr9	83094182	83094490	DNA/hAT-Charlie	1248	+	154	83094336	94599
chr9	80770302	80970302	harbor2	chr9	80790327	80790647	DNA/hAT-Charlie	939	+	160	80790487	20185
chr9	80770302	80970302	harbor2	chr9	80799106	80799274	DNA/hAT-Charlie	641	+	84	80799190	28888
chr9	80770302	80970302	harbor2	chr9	80833421	80833598	DNA/hAT-Charlie	559	+	88	80833509	63207
chr9	80770302	80970302	harbor2	chr9	80841298	80841478	DNA/hAT-Charlie	1095	+	90	80841388	71086
chr9	119251666	119451666	harbor2	chr9	119260213	119260425	DNA/hAT-Charlie	892	+	106	119260319	8653
chr9	119251666	119451666	harbor2	chr9	119283209	119283419	DNA/hAT-Charlie	683	+	105	119283314	31648
chr9	119251666	119451666	harbor2	chr9	119283918	119284076	DNA/hAT-Charlie	428	+	79	119283997	32331
chr9	119251666	119451666	harbor2	chr9	119302031	119302563	DNA/hAT-Charlie	1476	+	266	119302297	50631
chr9	119251666	119451666	harbor2	chr9	119307278	119307361	DNA/hAT-Charlie	400	+	42	119307320	55654
chr9	119251666	119451666	harbor2	chr9	119318979	119319135	DNA/hAT-Charlie	796	+	78	119319057	67391
chr9	119251666	119451666	harbor2	chr9	119321339	119321479	DNA/hAT-Charlie	901	+	70	119321409	69743
chr9	119251666	119451666	harbor2	chr9	119321755	119321907	DNA/hAT-Charlie	901	+	76	119321831	70165
chr9	119251666	119451666	harbor2	chr9	119341288	119341414	DNA/hAT-Charlie	939	+	63	119341351	89685
chr9	119251666	119451666	harbor2	chr9	119341763	119341779	DNA/hAT-Charlie	939	+	8	119341771	90105
chr9	119251666	119451666	harbor2	chr9	119342068	119342390	DNA/hAT-Charlie	939	+	161	119342229	90563
chr9	119251666	119451666	harbor2	chr9	119324345	119324712	DNA/hAT-Charlie	612	+	184	119324529	72863
chr9	119725011	119925011	harbor2	chr9	119792979	119793081	DNA/hAT-Charlie	399	+	51	119793030	68019
chr9	119725011	119925011	harbor2	chr9	119810571	119810714	DNA/hAT-Charlie	414	+	72	119810643	85632
chr9	119725011	119925011	harbor2	chr9	119810887	119811005	DNA/hAT-Charlie	396	+	59	119810946	85935
chr9	119725011	119925011	harbor2	chr9	119814438	119814741	DNA/hAT-Charlie	1360	+	152	119814590	89579
chr9	119725011	119925011	harbor2	chr9	119817271	119817451	DNA/hAT-Charlie	413	+	90	119817361	92350
chr9	131897088	132097088	harbor2	chr9	131917069	131917268	DNA/hAT-Charlie	518	+	100	131917169	20081
chr9	131897088	132097088	harbor2	chr9	131953415	131953706	DNA/hAT-Charlie	554	+	146	131953561	56473
chr9	131897088	132097088	harbor2	chr9	131968715	131969255	DNA/hAT-Charlie	3569	+	270	131968985	71897
chr9	133046911	133246911	harbor2	chr9	133068402	133068564	DNA/hAT-Charlie	670	+	81	133068483	21572
chr9	133046911	133246911	harbor2	chr9	133084186	133084348	DNA/hAT-Charlie	670	+	81	133084267	37356
chr9	133046911	133246911	harbor2	chr9	133126343	133126571	DNA/hAT-Charlie	726	+	114	133126457	79546
chr9	110419906	110619906	harbor2	chr9	110456185	110456354	DNA/hAT-Charlie	991	+	84	110456269	36363
chr9	110419906	110619906	harbor2	chr9	110465066	110465239	DNA/hAT-Charlie	817	+	86	110465152	45246
chr9	110419906	110619906	harbor2	chr9	110465245	110465427	DNA/hAT-Charlie	393	+	91	110465336	45430
chr9	132781938	132981938	harbor2	chr9	132849286	132849505	DNA/hAT-Charlie	946	+	110	132849396	67458
chr9	132781938	132981938	harbor2	chr9	132876241	132876443	DNA/hAT-Charlie	586	+	101	132876342	94404
chr9	118479280	118679280	harbor2	chr9	118513499	118513660	DNA/hAT-Charlie	668	+	80	118513579	34299
chr9	118479280	118679280	harbor2	chr9	118530657	118530810	DNA/hAT-Charlie	539	+	76	118530733	51453
chr9	118479280	118679280	harbor2	chr9	118530898	118531079	DNA/hAT-Charlie	765	+	90	118530988	51708
chr9	115984281	116184281	harbor2	chr9	116022609	116022830	DNA/hAT-Charlie	958	+	110	116022719	38438
chr9	123011150	123211150	harbor2	chr9	123061417	123061575	DNA/hAT-Charlie	822	+	79	123061496	50346
chr9	123011150	123211150	harbor2	chr9	123085224	123085412	DNA/hAT-Charlie	444	+	94	123085318	74168
chr9	137747387	137947387	harbor2	chr9	137748065	137748180	DNA/hAT-Charlie	443	+	58	137748123	736
chr9	67049230	67249230	harbor2	chr9	67089794	67090246	DNA/hAT-Charlie	402	+	226	67090020	40790
chr9	27383537	27583537	harbor2	chr9	27387918	27388130	DNA/hAT-Charlie	1099	+	106	27388024	4487
chr9	27383537	27583537	harbor2	chr9	27389136	27389315	DNA/hAT-Charlie	1085	+	90	27389226	5689
chr9	27383537	27583537	harbor2	chr9	27392051	27392199	DNA/hAT-Charlie	475	+	74	27392125	8588
chr9	27383537	27583537	harbor2	chr9	27441891	27442290	DNA/hAT-Charlie	1905	+	200	27442091	58554
chr9	27383537	27583537	harbor2	chr9	27456709	27456916	DNA/hAT-Charlie	1161	+	104	27456813	73276
chr9	27383537	27583537	harbor2	chr9	27459388	27459479	DNA/hAT-Charlie	434	+	46	27459434	75897
chr9	135144890	135344890	harbor2	chr9	135172619	135172727	DNA/hAT-Charlie	398	+	54	135172673	27783
chr9	106369535	106569535	harbor2	chr9	106416425	106416594	DNA/hAT-Charlie	710	+	84	106416509	46974
chr9	108547897	108747897	harbor2	chr9	108553991	108554094	DNA/hAT-Charlie	1462	+	52	108554043	6146
chr9	108547897	108747897	harbor2	chr9	108554202	108554459	DNA/hAT-Charlie	1462	+	128	108554330	6433
chr9	108547897	108747897	harbor2	chr9	108556626	108556827	DNA/hAT-Charlie	909	+	100	108556726	8829
chr9	108547897	108747897	harbor2	chr9	108558971	108559399	DNA/hAT-Charlie	1651	+	214	108559185	11288
chr9	108547897	108747897	harbor2	chr9	108568261	108568458	DNA/hAT-Charlie	937	+	98	108568359	20462
chr9	108547897	108747897	harbor2	chr9	108573604	108573765	DNA/hAT-Charlie	859	+	80	108573684	25787
chr9	108547897	108747897	harbor2	chr9	108583873	108584172	DNA/hAT-Charlie	1341	+	150	108584023	36126
chr9	108547897	108747897	harbor2	chr9	108590891	108590997	DNA/hAT-Charlie	424	+	53	108590944	43047
chr9	108547897	108747897	harbor2	chr9	108591293	108591475	DNA/hAT-Charlie	409	+	91	108591384	43487
chr9	108547897	108747897	harbor2	chr9	108619821	108619976	DNA/hAT-Charlie	645	+	78	108619899	72002
chr9	108547897	108747897	harbor2	chr9	108620233	108620270	DNA/hAT-Charlie	645	+	18	108620251	72354
chr9	108547897	108747897	harbor2	chr9	108623268	108623610	DNA/hAT-Charlie	719	+	171	108623439	75542
chr9	108547897	108747897	harbor2	chr9	108640702	108640898	DNA/hAT-Charlie	849	+	98	108640800	92903
chr9	131317066	131517066	harbor2	chr9	131387733	131387908	DNA/hAT-Charlie	626	+	88	131387821	70755
chr9	131317066	131517066	harbor2	chr9	131388202	131388224	DNA/hAT-Charlie	626	+	11	131388213	71147
chr9	125652003	125852003	harbor2	chr9	125676823	125676978	DNA/hAT-Charlie	518	+	78	125676901	24898
chr9	125652003	125852003	harbor2	chr9	125684231	125684452	DNA/hAT-Charlie	741	+	110	125684341	32338
chr9	125652003	125852003	harbor2	chr9	125703047	125703197	DNA/hAT-Charlie	678	+	75	125703122	51119
chr9	125652003	125852003	harbor2	chr9	125727751	125727892	DNA/hAT-Charlie	830	+	70	125727821	75818
chr9	96849184	97049184	harbor2	chr9	96902050	96902151	DNA/hAT-Charlie	739	+	50	96902100	52916
chr9	96849184	97049184	harbor2	chr9	96902441	96902753	DNA/hAT-Charlie	739	+	156	96902597	53413
chr9	137682195	137882195	harbor2	chr9	137748065	137748180	DNA/hAT-Charlie	443	+	58	137748123	65928
chr9	121279757	121479757	harbor2	chr9	121287430	121287526	DNA/hAT-Charlie	414	+	48	121287478	7721
chr9	121279757	121479757	harbor2	chr9	121310097	121310320	DNA/hAT-Charlie	664	+	112	121310209	30452
chr9	121279757	121479757	harbor2	chr9	121328284	121328474	DNA/hAT-Charlie	888	+	95	121328379	48622
chr9	121279757	121479757	harbor2	chr9	121337515	121337638	DNA/hAT-Charlie	448	+	62	121337577	57820
chr9	121279757	121479757	harbor2	chr9	121341462	121341655	DNA/hAT-Charlie	604	+	96	121341558	61801
chr9	121279757	121479757	harbor2	chr9	121341695	121342089	DNA/hAT-Charlie	1994	+	197	121341892	62135
chr9	121279757	121479757	harbor2	chr9	121342384	121342866	DNA/hAT-Charlie	1994	+	241	121342625	62868
chr9	121279757	121479757	harbor2	chr9	121346309	121346460	DNA/hAT-Charlie	430	+	76	121346385	66628
chr9	134624061	134824061	harbor2	chr9	134624045	134624248	DNA/hAT-Charlie	729	+	102	134624147	86
chr9	134624061	134824061	harbor2	chr9	134652501	134652651	DNA/hAT-Charlie	589	+	75	134652576	28515
chr9	95515073	95715073	harbor2	chr9	95529033	95529221	DNA/hAT-Charlie	1138	+	94	95529127	14054
chr9	95515073	95715073	harbor2	chr9	95553314	95553477	DNA/hAT-Charlie	434	+	82	95553396	38323
chr9	95515073	95715073	harbor2	chr9	95601859	95602162	DNA/hAT-Charlie	653	+	152	95602011	86938
chr9	109883190	110083190	harbor2	chr9	109894439	109894665	DNA/hAT-Charlie	947	+	113	109894552	11362
chr9	109883190	110083190	harbor2	chr9	109954720	109955106	DNA/hAT-Charlie	565	+	193	109954913	71723
chr9	109883190	110083190	harbor2	chr9	109962347	109962547	DNA/hAT-Charlie	903	+	100	109962447	79257
chr9	109883190	110083190	harbor2	chr9	109963442	109963551	DNA/hAT-Charlie	398	+	54	109963496	80306
chr9	87208935	87408935	harbor2	chr9	87222431	87222941	DNA/hAT-Charlie	1552	+	255	87222686	13751
chr9	105919668	106119668	harbor2	chr9	105960279	105960321	DNA/hAT-Charlie	463	+	21	105960300	40632
chr9	105919668	106119668	harbor2	chr9	105960616	105960703	DNA/hAT-Charlie	463	+	44	105960660	40992
chr9	105919668	106119668	harbor2	chr9	105996083	105996314	DNA/hAT-Charlie	751	+	116	105996199	76531
chr9	121723821	121923821	harbor2	chr9	121813234	121813347	DNA/hAT-Charlie	409	+	56	121813290	89469
chr9	132997285	133197285	harbor2	chr9	133043294	133043412	DNA/hAT-Charlie	488	+	59	133043353	46068
chr9	132997285	133197285	harbor2	chr9	133068402	133068564	DNA/hAT-Charlie	670	+	81	133068483	71198
chr9	132997285	133197285	harbor2	chr9	133084186	133084348	DNA/hAT-Charlie	670	+	81	133084267	86982
chr9	38175548	38375548	harbor2	chr9	38189377	38189691	DNA/hAT-Charlie	1761	+	157	38189534	13986
chr9	38175548	38375548	harbor2	chr9	38189701	38189912	DNA/hAT-Charlie	841	+	106	38189807	14259
chr9	38175548	38375548	harbor2	chr9	38238236	38238375	DNA/hAT-Charlie	754	+	70	38238306	62758
chr9	38175548	38375548	harbor2	chr9	38251940	38252091	DNA/hAT-Charlie	637	+	76	38252016	76468
chr9	38175548	38375548	harbor2	chr9	38256374	38256523	DNA/hAT-Charlie	554	+	74	38256448	80900
chr9	38175548	38375548	harbor2	chr9	38257584	38257767	DNA/hAT-Charlie	985	+	92	38257676	82128
chr9	127673319	127873319	harbor2	chr9	127697677	127697885	DNA/hAT-Charlie	1485	+	104	127697781	24462
chr9	127673319	127873319	harbor2	chr9	127717950	127718077	DNA/hAT-Charlie	798	+	64	127718014	44695
chr9	127673319	127873319	harbor2	chr9	127718388	127718456	DNA/hAT-Charlie	798	+	34	127718422	45103
chr9	127673319	127873319	harbor2	chr9	127696883	127697377	DNA/hAT-Charlie	1485	+	247	127697130	23811
chr9	133252237	133452237	harbor2	chr9	133324415	133324656	DNA/hAT-Charlie	1551	+	120	133324535	72298
chr9	124870898	125070898	harbor2	chr9	124894712	124894844	DNA/hAT-Charlie	622	+	66	124894778	23880
chr9	124870898	125070898	harbor2	chr9	124910629	124910968	DNA/hAT-Charlie	1954	+	170	124910799	39901
chr9	99499498	99699498	harbor2	chr9	99574774	99574947	DNA/hAT-Charlie	671	+	86	99574860	75362
chr9	99499498	99699498	harbor2	chr9	99591986	99592134	DNA/hAT-Charlie	403	+	74	99592060	92562
chr9	99499498	99699498	harbor2	chr9	99592939	99593196	DNA/hAT-Charlie	526	+	128	99593067	93569
chr9	137776208	137976208	harbor2	chr9	137864771	137864975	DNA/hAT-Charlie	887	+	102	137864873	88665
chr9	133029694	133229694	harbor2	chr9	133043294	133043412	DNA/hAT-Charlie	488	+	59	133043353	13659
chr9	133029694	133229694	harbor2	chr9	133068402	133068564	DNA/hAT-Charlie	670	+	81	133068483	38789
chr9	133029694	133229694	harbor2	chr9	133084186	133084348	DNA/hAT-Charlie	670	+	81	133084267	54573
chr9	133029694	133229694	harbor2	chr9	133126343	133126571	DNA/hAT-Charlie	726	+	114	133126457	96763
chr9	130565910	130765910	harbor2	chr9	130584183	130584245	DNA/hAT-Charlie	495	+	31	130584214	18304
chr9	130565910	130765910	harbor2	chr9	130584544	130584586	DNA/hAT-Charlie	495	+	21	130584565	18655
chr9	130565910	130765910	harbor2	chr9	130585174	130585328	DNA/hAT-Charlie	553	+	77	130585251	19341
chr9	130565910	130765910	harbor2	chr9	130585500	130585657	DNA/hAT-Charlie	594	+	78	130585578	19668
chr9	130565910	130765910	harbor2	chr9	130603541	130603706	DNA/hAT-Charlie	488	+	82	130603623	37713
chr9	130565910	130765910	harbor2	chr9	130624513	130624609	DNA/hAT-Charlie	1265	+	48	130624561	58651
chr9	130565910	130765910	harbor2	chr9	130624653	130624754	DNA/hAT-Charlie	1265	+	50	130624703	58793
chr9	97573307	97773307	harbor2	chr9	97579361	97579438	DNA/hAT-Charlie	480	+	38	97579399	6092
chr9	97573307	97773307	harbor2	chr9	97579590	97579702	DNA/hAT-Charlie	550	+	56	97579646	6339
chr9	97573307	97773307	harbor2	chr9	97609039	97609298	DNA/hAT-Charlie	1015	+	130	97609169	35862
chr9	97573307	97773307	harbor2	chr9	97617403	97617561	DNA/hAT-Charlie	502	+	79	97617482	44175
chr9	83832502	84032502	harbor2	chr9	83838562	83838715	DNA/hAT-Charlie	394	+	76	83838638	6136
chr9	83832502	84032502	harbor2	chr9	83858702	83858886	DNA/hAT-Charlie	550	+	92	83858794	26292
chr9	83832502	84032502	harbor2	chr9	83872435	83872685	DNA/hAT-Charlie	904	+	125	83872560	40058
chr9	83832502	84032502	harbor2	chr9	83901301	83901592	DNA/hAT-Charlie	2000	+	146	83901447	68945
chr9	83832502	84032502	harbor2	chr9	83901884	83902096	DNA/hAT-Charlie	2000	+	106	83901990	69488
chr9	83832502	84032502	harbor2	chr9	83905684	83905846	DNA/hAT-Charlie	544	+	81	83905765	73263
chr9	90836569	91036569	harbor2	chr9	90864196	90864394	DNA/hAT-Charlie	717	+	99	90864295	27726
chr9	130476862	130676862	harbor2	chr9	130490211	130490298	DNA/hAT-Charlie	772	+	44	130490255	13393
chr9	130476862	130676862	harbor2	chr9	130490614	130490835	DNA/hAT-Charlie	772	+	110	130490724	13862
chr9	130476862	130676862	harbor2	chr9	130528570	130528685	DNA/hAT-Charlie	1102	+	58	130528628	51766
chr9	130476862	130676862	harbor2	chr9	130528962	130529134	DNA/hAT-Charlie	1102	+	86	130529048	52186
chr9	96658218	96858218	harbor2	chr9	96698956	96699160	DNA/hAT-Charlie	1258	+	102	96699058	40840
chr9	96658218	96858218	harbor2	chr9	96718687	96718758	DNA/hAT-Charlie	1008	+	36	96718723	60505
chr9	96658218	96858218	harbor2	chr9	96718991	96719117	DNA/hAT-Charlie	1008	+	63	96719054	60836
chr9	96658218	96858218	harbor2	chr9	96743793	96745141	DNA/hAT-Charlie	4537	+	674	96744467	86249
chr9	96658218	96858218	harbor2	chr9	96745402	96745720	DNA/hAT-Charlie	4537	+	159	96745561	87343
chr9	115159525	115359525	harbor2	chr9	115224828	115225040	DNA/hAT-Charlie	942	+	106	115224934	65409
chr9	119589567	119789567	harbor2	chr9	119654897	119655217	DNA/hAT-Charlie	1152	+	160	119655057	65490
chr9	119589567	119789567	harbor2	chr9	119669447	119669725	DNA/hAT-Charlie	396	+	139	119669586	80019
chr9	137386946	137586946	harbor2	chr9	137412316	137412456	DNA/hAT-Charlie	523	+	70	137412386	25440
chr9	103440023	103640023	harbor2	chr9	103451595	103452301	DNA/hAT-Charlie	1012	+	353	103451948	11925
chr9	103440023	103640023	harbor2	chr9	103455088	103455504	DNA/hAT-Charlie	506	+	208	103455296	15273
chr9	103440023	103640023	harbor2	chr9	103456705	103456878	DNA/hAT-Charlie	489	+	86	103456791	16768
chr9	118149696	118349696	harbor2	chr9	118211581	118211732	DNA/hAT-Charlie	451	+	76	118211657	61961
chr9	113484107	113684107	harbor2	chr9	113499704	113499857	DNA/hAT-Charlie	612	+	76	113499780	15673
chr9	113484107	113684107	harbor2	chr9	113529690	113529982	DNA/hAT-Charlie	813	+	146	113529836	45729
chr9	81221419	81421419	harbor2	chr9	81305836	81306045	DNA/hAT-Charlie	927	+	104	81305940	84521
chr9	24092785	24292785	harbor2	chr9	24098571	24098658	DNA/hAT-Charlie	687	+	44	24098615	5830
chr9	24092785	24292785	harbor2	chr9	24098691	24098868	DNA/hAT-Charlie	687	+	88	24098779	5994
chr9	5662104	5862104	harbor2	chr9	5746370	5746654	DNA/hAT-Charlie	485	+	142	5746512	84408
chr9	98713448	98913448	harbor2	chr9	98789555	98789803	DNA/hAT-Charlie	688	+	124	98789679	76231
chr9	98713448	98913448	harbor2	chr9	98799063	98799249	DNA/hAT-Charlie	921	+	93	98799156	85708
chr9	98713448	98913448	harbor2	chr9	98802198	98802363	DNA/hAT-Charlie	800	+	82	98802280	88832
chr9	98713448	98913448	harbor2	chr9	98811279	98811514	DNA/hAT-Charlie	393	+	118	98811397	97949
chr9	85857890	86057890	harbor2	chr9	85878135	85878403	DNA/hAT-Charlie	1272	+	134	85878269	20379
chr9	85857890	86057890	harbor2	chr9	85919877	85920013	DNA/hAT-Charlie	654	+	68	85919945	62055
chr9	85857890	86057890	harbor2	chr9	85922005	85922166	DNA/hAT-Charlie	575	+	80	85922085	64195
chr9	85857890	86057890	harbor2	chr9	85946571	85946789	DNA/hAT-Charlie	1366	+	109	85946680	88790
chr9	85857890	86057890	harbor2	chr9	85947562	85947758	DNA/hAT-Charlie	928	+	98	85947660	89770
chr9	85857890	86057890	harbor2	chr9	85949857	85950037	DNA/hAT-Charlie	754	+	90	85949947	92057
chr9	76208649	76408649	harbor2	chr9	76230525	76231022	DNA/hAT-Charlie	3547	+	248	76230773	22124
chr9	76208649	76408649	harbor2	chr9	76232471	76232594	DNA/hAT-Charlie	513	+	62	76232533	23884
chr9	76208649	76408649	harbor2	chr9	76234219	76234572	DNA/hAT-Charlie	544	+	176	76234395	25746
chr9	76208649	76408649	harbor2	chr9	76249096	76249303	DNA/hAT-Charlie	996	+	104	76249200	40551
chr9	98441531	98641531	harbor2	chr9	98451169	98451323	DNA/hAT-Charlie	440	+	77	98451246	9715
chr9	98441531	98641531	harbor2	chr9	98500792	98500971	DNA/hAT-Charlie	989	+	90	98500882	59351
chr9	98441531	98641531	harbor2	chr9	98503810	98503958	DNA/hAT-Charlie	712	+	74	98503884	62353
chr9	98441531	98641531	harbor2	chr9	98528015	98528171	DNA/hAT-Charlie	908	+	78	98528093	86562
chr9	122322318	122522318	harbor2	chr9	122380512	122380728	DNA/hAT-Charlie	1306	+	108	122380620	58302
chr9	86988386	87188386	harbor2	chr9	86992721	86992903	DNA/hAT-Charlie	1130	+	91	86992812	4426
chr9	78032699	78232699	harbor2	chr9	78125680	78125862	DNA/hAT-Charlie	944	+	91	78125771	93072
chr9	123382303	123582303	harbor2	chr9	123386146	123386299	DNA/hAT-Charlie	392	+	76	123386222	3919
chr9	123382303	123582303	harbor2	chr9	123412897	123412927	DNA/hAT-Charlie	822	+	15	123412912	30609
chr9	123382303	123582303	harbor2	chr9	123413199	123413422	DNA/hAT-Charlie	832	+	112	123413311	31008
chr9	123382303	123582303	harbor2	chr9	123437837	123438119	DNA/hAT-Charlie	425	+	141	123437978	55675
chr9	27491305	27691305	harbor2	chr9	27492454	27492774	DNA/hAT-Charlie	802	+	160	27492614	1309
chr9	27491305	27691305	harbor2	chr9	27558745	27558927	DNA/hAT-Charlie	588	+	91	27558836	67531
chr9	75773390	75973390	harbor2	chr9	75834840	75835057	DNA/hAT-Charlie	1090	+	108	75834948	61558
chr9	75773390	75973390	harbor2	chr9	75842434	75842630	DNA/hAT-Charlie	742	+	98	75842532	69142
chr9	75773390	75973390	harbor2	chr9	75853484	75853694	DNA/hAT-Charlie	999	+	105	75853589	80199
chr9	133970410	134170410	harbor2	chr9	133982707	133983016	DNA/hAT-Charlie	1193	+	154	133982861	12451
chr9	133970410	134170410	harbor2	chr9	133984925	133985047	DNA/hAT-Charlie	501	+	61	133984986	14576
chr9	133970410	134170410	harbor2	chr9	134017481	134017702	DNA/hAT-Charlie	1497	+	110	134017591	47181
chr9	117613313	117813313	harbor2	chr9	117613908	117614056	DNA/hAT-Charlie	854	+	74	117613982	669
chr9	117613313	117813313	harbor2	chr9	117631104	117631309	DNA/hAT-Charlie	631	+	102	117631206	17893
chr9	117613313	117813313	harbor2	chr9	117694417	117694739	DNA/hAT-Charlie	2027	+	161	117694578	81265
chr9	137952595	138152595	harbor2	chr9	138008742	138008933	DNA/hAT-Charlie	424	+	96	138008838	56243
chr9	69606659	69806659	harbor2	chr9	69660934	69661265	DNA/hAT-Charlie	1489	+	166	69661100	54441
chr9	69606659	69806659	harbor2	chr9	69663094	69663358	DNA/hAT-Charlie	473	+	132	69663226	56567
chr9	69606659	69806659	harbor2	chr9	69684307	69684489	DNA/hAT-Charlie	447	+	91	69684398	77739
chr9	128028605	128228605	harbor2	chr9	128052504	128052581	DNA/hAT-Charlie	932	+	38	128052542	23937
chr9	128028605	128228605	harbor2	chr9	128052882	128052988	DNA/hAT-Charlie	932	+	53	128052935	24330
chr9	128028605	128228605	harbor2	chr9	128053593	128053640	DNA/hAT-Charlie	932	+	24	128053617	25012
chr9	115743197	115943197	harbor2	chr9	115780765	115780915	DNA/hAT-Charlie	613	+	75	115780840	37643
chr9	115743197	115943197	harbor2	chr9	115837960	115838177	DNA/hAT-Charlie	1556	+	108	115838068	94871
chr9	121870900	122070900	harbor2	chr9	121876738	121876921	DNA/hAT-Charlie	939	+	92	121876830	5930
chr9	121870900	122070900	harbor2	chr9	121914136	121914347	DNA/hAT-Charlie	860	+	106	121914242	43342
chr9	121870900	122070900	harbor2	chr9	121956697	121956857	DNA/hAT-Charlie	822	+	80	121956777	85877
chr9	112086015	112286015	harbor2	chr9	112094035	112094200	DNA/hAT-Charlie	679	+	82	112094117	8102
chr9	112086015	112286015	harbor2	chr9	112118460	112118487	DNA/hAT-Charlie	564	+	14	112118474	32459
chr9	112086015	112286015	harbor2	chr9	112118785	112119008	DNA/hAT-Charlie	564	+	112	112118897	32882
chr9	86930419	87130419	harbor2	chr9	86933947	86934849	DNA/hAT-Charlie	2731	+	451	86934398	3979
chr9	86930419	87130419	harbor2	chr9	86955329	86955522	DNA/hAT-Charlie	548	+	96	86955425	25006
chr9	86930419	87130419	harbor2	chr9	86983032	86983264	DNA/hAT-Charlie	417	+	116	86983148	52729
chr9	86930419	87130419	harbor2	chr9	86992721	86992903	DNA/hAT-Charlie	1130	+	91	86992812	62393
chr9	128845792	129045792	harbor2	chr9	128942961	128943028	DNA/hAT-Charlie	642	+	34	128942995	97203
chr9	128845792	129045792	harbor2	chr9	128943324	128943533	DNA/hAT-Charlie	642	+	104	128943428	97636
chr9	115326097	115526097	harbor2	chr9	115350321	115350540	DNA/hAT-Charlie	1217	+	110	115350431	24334
chr9	115326097	115526097	harbor2	chr9	115364157	115364458	DNA/hAT-Charlie	1268	+	150	115364307	38210
chr9	116662037	116862037	harbor2	chr9	116666298	116666747	DNA/hAT-Charlie	1303	+	224	116666522	4485
chr9	116662037	116862037	harbor2	chr9	116688937	116689170	DNA/hAT-Charlie	927	+	116	116689053	27016
chr9	116662037	116862037	harbor2	chr9	116729556	116729681	DNA/hAT-Charlie	538	+	62	116729618	67581
chr9	116662037	116862037	harbor2	chr9	116754519	116754697	DNA/hAT-Charlie	885	+	89	116754608	92571
chr9	103861232	104061232	harbor2	chr9	103876748	103877026	DNA/hAT-Charlie	597	+	139	103876887	15655
chr9	103861232	104061232	harbor2	chr9	103941201	103941540	DNA/hAT-Charlie	2183	+	170	103941371	80139
chr9	103861232	104061232	harbor2	chr9	103948521	103948681	DNA/hAT-Charlie	634	+	80	103948601	87369
chr9	75844880	76044880	harbor2	chr9	75853484	75853694	DNA/hAT-Charlie	999	+	105	75853589	8709
chr9	75844880	76044880	harbor2	chr9	75905596	75905921	DNA/hAT-Charlie	2158	+	162	75905758	60878
chr9	75844880	76044880	harbor2	chr9	75921159	75921367	DNA/hAT-Charlie	649	+	104	75921263	76383
chr9	84618937	84818937	harbor2	chr9	84640233	84640448	DNA/hAT-Charlie	886	+	108	84640341	21404
chr9	84618937	84818937	harbor2	chr9	84651830	84652055	DNA/hAT-Charlie	616	+	112	84651942	33005
chr9	84618937	84818937	harbor2	chr9	84666558	84666792	DNA/hAT-Charlie	556	+	117	84666675	47738
chr9	84618937	84818937	harbor2	chr9	84717851	84717972	DNA/hAT-Charlie	448	+	60	84717911	98974
chr9	84618937	84818937	harbor2	chr9	84718280	84718385	DNA/hAT-Charlie	511	+	52	84718332	99395
chr9	69687220	69887220	harbor2	chr9	69710144	69710450	DNA/hAT-Charlie	1571	+	153	69710297	23077
chr9	69687220	69887220	harbor2	chr9	69736118	69736276	DNA/hAT-Charlie	705	+	79	69736197	48977
chr9	69687220	69887220	harbor2	chr9	69736534	69736565	DNA/hAT-Charlie	705	+	16	69736550	49330
chr9	85458883	85658883	harbor2	chr9	85471880	85472353	DNA/hAT-Charlie	2740	+	236	85472116	13233
chr9	85458883	85658883	harbor2	chr9	85511641	85511854	DNA/hAT-Charlie	1036	+	106	85511747	52864
chr9	85458883	85658883	harbor2	chr9	85522166	85522273	DNA/hAT-Charlie	434	+	54	85522220	63337
chr9	85458883	85658883	harbor2	chr9	85543355	85543500	DNA/hAT-Charlie	551	+	72	85543427	84544
chr9	116733952	116933952	harbor2	chr9	116754519	116754697	DNA/hAT-Charlie	885	+	89	116754608	20656
chr9	116733952	116933952	harbor2	chr9	116762505	116762871	DNA/hAT-Charlie	1157	+	183	116762688	28736
chr9	116733952	116933952	harbor2	chr9	116788658	116788746	DNA/hAT-Charlie	449	+	44	116788702	54750
chr9	28376405	28576405	harbor2	chr9	28474788	28475066	DNA/hAT-Charlie	518	+	139	28474927	98522
chr9	41043103	41243103	harbor2	chr9	41048553	41048855	DNA/hAT-Charlie	1311	+	151	41048704	5601
chr9	41043103	41243103	harbor2	chr9	41054635	41054795	DNA/hAT-Charlie	707	+	80	41054715	11612
chr9	41043103	41243103	harbor2	chr9	41055349	41055416	DNA/hAT-Charlie	392	+	34	41055383	12280
chr9	41043103	41243103	harbor2	chr9	41091615	41091764	DNA/hAT-Charlie	760	+	74	41091689	48586
chr9	133570776	133770776	harbor2	chr9	133592712	133592811	DNA/hAT-Charlie	430	+	50	133592762	21986
chr9	133570776	133770776	harbor2	chr9	133653120	133653299	DNA/hAT-Charlie	731	+	90	133653210	82434
chr9	64760974	64960974	harbor2	chr9	64817399	64817536	DNA/hAT-Charlie	584	+	68	64817467	56493
chr9	64760974	64960974	harbor2	chr9	64845531	64845728	DNA/hAT-Charlie	1083	+	98	64845629	84655
chr9	84298587	84498587	harbor2	chr9	84304109	84304278	DNA/hAT-Charlie	557	+	84	84304193	5606
chr9	84298587	84498587	harbor2	chr9	84330461	84330573	DNA/hAT-Charlie	483	+	56	84330517	31930
chr9	84298587	84498587	harbor2	chr9	84330579	84330918	DNA/hAT-Charlie	973	+	170	84330749	32162
chr9	84298587	84498587	harbor2	chr9	84343528	84343820	DNA/hAT-Charlie	1358	+	146	84343674	45087
chr9	84298587	84498587	harbor2	chr9	84389994	84390177	DNA/hAT-Charlie	800	+	92	84390086	91499
chr9	99904739	100104739	harbor2	chr9	99931563	99931700	DNA/hAT-Charlie	770	+	68	99931631	26892
chr9	99904739	100104739	harbor2	chr9	99948140	99948454	DNA/hAT-Charlie	1237	+	157	99948297	43558
chr9	99904739	100104739	harbor2	chr9	99966048	99966210	DNA/hAT-Charlie	789	+	81	99966129	61390
chr9	106073443	106273443	harbor2	chr9	106083953	106084143	DNA/hAT-Charlie	699	+	95	106084048	10605
chr9	106073443	106273443	harbor2	chr9	106101847	106102049	DNA/hAT-Charlie	470	+	101	106101948	28505
chr9	120533377	120733377	harbor2	chr9	120588835	120588881	DNA/hAT-Charlie	1089	+	23	120588858	55481
chr9	120533377	120733377	harbor2	chr9	120629307	120629357	DNA/hAT-Charlie	395	+	25	120629332	95955
chr9	120533377	120733377	harbor2	chr9	120629952	120630025	DNA/hAT-Charlie	395	+	36	120629988	96611
chr9	134313228	134513228	harbor2	chr9	134354474	134354642	DNA/hAT-Charlie	543	+	84	134354558	41330
chr9	137387438	137587438	harbor2	chr9	137412316	137412456	DNA/hAT-Charlie	523	+	70	137412386	24948
chr9	86206953	86406953	harbor2	chr9	86244019	86244111	DNA/hAT-Charlie	548	+	46	86244065	37112
chr9	86206953	86406953	harbor2	chr9	86244103	86244235	DNA/hAT-Charlie	606	+	66	86244169	37216
chr9	86206953	86406953	harbor2	chr9	86244375	86244459	DNA/hAT-Charlie	411	+	42	86244417	37464
chr9	86206953	86406953	harbor2	chr9	86260754	86260861	DNA/hAT-Charlie	716	+	54	86260808	53855
chr9	86206953	86406953	harbor2	chr9	86261164	86261222	DNA/hAT-Charlie	716	+	29	86261193	54240
chr9	86206953	86406953	harbor2	chr9	86273787	86273878	DNA/hAT-Charlie	392	+	46	86273833	66880
chr9	86206953	86406953	harbor2	chr9	86294046	86294281	DNA/hAT-Charlie	757	+	118	86294164	87211
chr9	86206953	86406953	harbor2	chr9	86294868	86295477	DNA/hAT-Charlie	1239	+	304	86295172	88219
chr9	86206953	86406953	harbor2	chr9	86303724	86303862	DNA/hAT-Charlie	682	+	69	86303793	96840
chr9	86206953	86406953	harbor2	chr9	86294404	86294740	DNA/hAT-Charlie	1239	+	168	86294572	87619
chr9	132809308	133009308	harbor2	chr9	132849286	132849505	DNA/hAT-Charlie	946	+	110	132849396	40088
chr9	132809308	133009308	harbor2	chr9	132876241	132876443	DNA/hAT-Charlie	586	+	101	132876342	67034
chr9	132809308	133009308	harbor2	chr9	132901916	132902432	DNA/hAT-Charlie	1866	+	258	132902174	92866
chr9	125877857	126077857	harbor2	chr9	125925283	125925434	DNA/hAT-Charlie	857	+	76	125925359	47502
chr9	125877857	126077857	harbor2	chr9	125925670	125925805	DNA/hAT-Charlie	609	+	68	125925738	47881
chr9	125877857	126077857	harbor2	chr9	125953862	125954183	DNA/hAT-Charlie	723	+	160	125954022	76165
chr9	125877857	126077857	harbor2	chr9	125954211	125954534	DNA/hAT-Charlie	1529	+	162	125954373	76516
chr9	125877857	126077857	harbor2	chr9	125954837	125955108	DNA/hAT-Charlie	1529	+	136	125954973	77116
chr9	132175098	132375098	harbor2	chr9	132182832	132182999	DNA/hAT-Charlie	486	+	84	132182916	7818
chr9	132175098	132375098	harbor2	chr9	132222098	132222175	DNA/hAT-Charlie	411	+	38	132222136	47038
chr9	132175098	132375098	harbor2	chr9	132268661	132268875	DNA/hAT-Charlie	466	+	107	132268768	93670
chr9	132175098	132375098	harbor2	chr9	132267965	132268143	DNA/hAT-Charlie	435	+	89	132268054	92956
chr9	120695551	120895551	harbor2	chr9	120763015	120763315	DNA/hAT-Charlie	857	+	150	120763165	67614
chr9	120695551	120895551	harbor2	chr9	120783468	120783672	DNA/hAT-Charlie	526	+	102	120783570	88019
chr9	120695551	120895551	harbor2	chr9	120794751	120794943	DNA/hAT-Charlie	794	+	96	120794847	99296
chr9	36146755	36346755	harbor2	chr9	36150156	36150256	DNA/hAT-Charlie	491	+	50	36150206	3451
chr9	36146755	36346755	harbor2	chr9	36156577	36156850	DNA/hAT-Charlie	1855	+	136	36156713	9958
chr9	36146755	36346755	harbor2	chr9	36200657	36200871	DNA/hAT-Charlie	1091	+	107	36200764	54009
chr9	30103985	30303985	harbor2	chr9	30145072	30145599	DNA/hAT-Charlie	3571	+	264	30145336	41351
chr9	77869414	78069414	harbor2	chr9	77887943	77888155	DNA/hAT-Charlie	827	+	106	77888049	18635
chr9	77869414	78069414	harbor2	chr9	77888163	77888299	DNA/hAT-Charlie	425	+	68	77888231	18817
chr9	77869414	78069414	harbor2	chr9	77908798	77908922	DNA/hAT-Charlie	558	+	62	77908860	39446
chr9	77869414	78069414	harbor2	chr9	77930823	77931123	DNA/hAT-Charlie	1492	+	150	77930973	61559
chr9	123151996	123351996	harbor2	chr9	123231028	123231204	DNA/hAT-Charlie	423	+	88	123231116	79120
chr9	123151996	123351996	harbor2	chr9	123245262	123245376	DNA/hAT-Charlie	502	+	57	123245319	93323
chr9	123151996	123351996	harbor2	chr9	123249743	123249910	DNA/hAT-Charlie	822	+	84	123249827	97831
chr9	123151996	123351996	harbor2	chr9	123249915	123250543	DNA/hAT-Charlie	3111	+	314	123250229	98233
chr9	103387173	103587173	harbor2	chr9	103430096	103430410	DNA/hAT-Charlie	806	+	157	103430253	43080
chr9	103387173	103587173	harbor2	chr9	103451595	103452301	DNA/hAT-Charlie	1012	+	353	103451948	64775
chr9	103387173	103587173	harbor2	chr9	103455088	103455504	DNA/hAT-Charlie	506	+	208	103455296	68123
chr9	103387173	103587173	harbor2	chr9	103456705	103456878	DNA/hAT-Charlie	489	+	86	103456791	69618
chr9	127978353	128178353	harbor2	chr9	127988663	127988861	DNA/hAT-Charlie	1181	+	99	127988762	10409
chr9	127978353	128178353	harbor2	chr9	128052504	128052581	DNA/hAT-Charlie	932	+	38	128052542	74189
chr9	127978353	128178353	harbor2	chr9	128052882	128052988	DNA/hAT-Charlie	932	+	53	128052935	74582
chr9	127978353	128178353	harbor2	chr9	128053593	128053640	DNA/hAT-Charlie	932	+	24	128053617	75264
chr9	96116739	96316739	harbor2	chr9	96138741	96138838	DNA/hAT-Charlie	463	+	48	96138789	22050
chr9	96116739	96316739	harbor2	chr9	96138975	96139132	DNA/hAT-Charlie	486	+	78	96139053	22314
chr9	96116739	96316739	harbor2	chr9	96143708	96143916	DNA/hAT-Charlie	995	+	104	96143812	27073
chr9	96116739	96316739	harbor2	chr9	96148155	96148372	DNA/hAT-Charlie	1564	+	108	96148263	31524
chr9	96116739	96316739	harbor2	chr9	96177080	96177347	DNA/hAT-Charlie	863	+	134	96177214	60475
chr9	96116739	96316739	harbor2	chr9	96210052	96210248	DNA/hAT-Charlie	841	+	98	96210150	93411
chr9	96116739	96316739	harbor2	chr9	96213631	96213976	DNA/hAT-Charlie	2031	+	172	96213803	97064
chr9	129067734	129267734	harbor2	chr9	129138300	129138467	DNA/hAT-Charlie	435	+	84	129138384	70650
chr9	118902212	119102212	harbor2	chr9	118909853	118910138	DNA/hAT-Charlie	551	+	142	118909995	7783
chr9	118902212	119102212	harbor2	chr9	118980712	118980817	DNA/hAT-Charlie	408	+	52	118980764	78552
chr9	118902212	119102212	harbor2	chr9	118983023	118983261	DNA/hAT-Charlie	910	+	119	118983142	80930
chr9	118902212	119102212	harbor2	chr9	118984072	118984242	DNA/hAT-Charlie	482	+	85	118984157	81945
chr9	118902212	119102212	harbor2	chr9	118994270	118994507	DNA/hAT-Charlie	703	+	118	118994388	92176
chr9	116971445	117171445	harbor2	chr9	116978817	116979069	DNA/hAT-Charlie	697	+	126	116978943	7498
chr9	116971445	117171445	harbor2	chr9	116994505	116994714	DNA/hAT-Charlie	978	+	104	116994609	23164
chr9	116971445	117171445	harbor2	chr9	117003255	117003362	DNA/hAT-Charlie	483	+	54	117003309	31864
chr9	116971445	117171445	harbor2	chr9	117007330	117007533	DNA/hAT-Charlie	1029	+	102	117007432	35987
chr9	124115967	124315967	harbor2	chr9	124117391	124117522	DNA/hAT-Charlie	451	+	66	124117457	1490
chr9	124115967	124315967	harbor2	chr9	124179301	124179640	DNA/hAT-Charlie	2177	+	170	124179471	63504
chr9	124115967	124315967	harbor2	chr9	124185497	124185652	DNA/hAT-Charlie	831	+	78	124185575	69608
chr9	75531404	75731404	harbor2	chr9	75536419	75536552	DNA/hAT-Charlie	542	+	66	75536485	5081
chr9	75531404	75731404	harbor2	chr9	75590586	75590743	DNA/hAT-Charlie	816	+	78	75590664	59260
chr9	75531404	75731404	harbor2	chr9	75608533	75609714	DNA/hAT-Charlie	5727	+	590	75609123	77719
chr9	75531404	75731404	harbor2	chr9	75610083	75610305	DNA/hAT-Charlie	887	+	111	75610194	78790
chr9	80142132	80342132	harbor2	chr9	80208988	80209161	DNA/hAT-Charlie	728	+	86	80209074	66942
chr9	80142132	80342132	harbor2	chr9	80217484	80217654	DNA/hAT-Charlie	825	+	85	80217569	75437
chr9	80142132	80342132	harbor2	chr9	80218422	80218943	DNA/hAT-Charlie	3381	+	260	80218682	76550
chr9	80142132	80342132	harbor2	chr9	80222244	80222458	DNA/hAT-Charlie	1027	+	107	80222351	80219
chr9	109903026	110103026	harbor2	chr9	109954720	109955106	DNA/hAT-Charlie	565	+	193	109954913	51887
chr9	109903026	110103026	harbor2	chr9	109962347	109962547	DNA/hAT-Charlie	903	+	100	109962447	59421
chr9	109903026	110103026	harbor2	chr9	109963442	109963551	DNA/hAT-Charlie	398	+	54	109963496	60470
chr9	116899007	117099007	harbor2	chr9	116917562	116917680	DNA/hAT-Charlie	474	+	59	116917621	18614
chr9	116899007	117099007	harbor2	chr9	116954796	116954978	DNA/hAT-Charlie	948	+	91	116954887	55880
chr9	116899007	117099007	harbor2	chr9	116978817	116979069	DNA/hAT-Charlie	697	+	126	116978943	79936
chr9	116899007	117099007	harbor2	chr9	116994505	116994714	DNA/hAT-Charlie	978	+	104	116994609	95602
chr9	82638776	82838776	harbor2	chr9	82646859	82647034	DNA/hAT-Charlie	423	+	88	82646947	8171
chr9	82638776	82838776	harbor2	chr9	82666592	82666796	DNA/hAT-Charlie	994	+	102	82666694	27918
chr9	82638776	82838776	harbor2	chr9	82723347	82723667	DNA/hAT-Charlie	1273	+	160	82723507	84731
chr9	28172524	28372524	harbor2	chr9	28181407	28181593	DNA/hAT-Charlie	899	+	93	28181500	8976
chr9	28172524	28372524	harbor2	chr9	28183456	28183616	DNA/hAT-Charlie	718	+	80	28183536	11012
chr9	28172524	28372524	harbor2	chr9	28203867	28204085	DNA/hAT-Charlie	528	+	109	28203976	31452
chr9	28172524	28372524	harbor2	chr9	28271798	28271952	DNA/hAT-Charlie	553	+	77	28271875	99351
chr9	106818348	107018348	harbor2	chr9	106886773	106886967	DNA/hAT-Charlie	518	+	97	106886870	68522
chr9	106818348	107018348	harbor2	chr9	106894653	106895003	DNA/hAT-Charlie	892	+	175	106894828	76480
chr9	106818348	107018348	harbor2	chr9	106898378	106898624	DNA/hAT-Charlie	866	+	123	106898501	80153
chr9	120473271	120673271	harbor2	chr9	120473310	120473429	DNA/hAT-Charlie	443	+	60	120473370	99
chr9	120473271	120673271	harbor2	chr9	120474309	120474536	DNA/hAT-Charlie	905	+	114	120474423	1152
chr9	120473271	120673271	harbor2	chr9	120480249	120480736	DNA/hAT-Charlie	1689	+	244	120480493	7222
chr9	120473271	120673271	harbor2	chr9	120527334	120527635	DNA/hAT-Charlie	1425	+	150	120527484	54213
chr9	68911145	69111145	harbor2	chr9	68956811	68956991	DNA/hAT-Charlie	573	+	90	68956901	45756
chr9	68911145	69111145	harbor2	chr9	68990202	68990380	DNA/hAT-Charlie	932	+	89	68990291	79146
chr9	89348023	89548023	harbor2	chr9	89356043	89356363	DNA/hAT-Charlie	2053	+	160	89356203	8180
chr9	89348023	89548023	harbor2	chr9	89376413	89376621	DNA/hAT-Charlie	904	+	104	89376517	28494
chr9	120814186	121014186	harbor2	chr9	120819189	120819328	DNA/hAT-Charlie	664	+	70	120819259	5073
chr9	120814186	121014186	harbor2	chr9	120849534	120849660	DNA/hAT-Charlie	670	+	63	120849597	35411
chr9	120814186	121014186	harbor2	chr9	120893890	120894033	DNA/hAT-Charlie	519	+	72	120893962	79776
chr9	132351991	132551991	harbor2	chr9	132415805	132416329	DNA/hAT-Charlie	508	+	262	132416067	64076
chr9	132351991	132551991	harbor2	chr9	132416936	132417083	DNA/hAT-Charlie	508	+	74	132417010	65019
chr9	132351991	132551991	harbor2	chr9	132418168	132418392	DNA/hAT-Charlie	1089	+	112	132418280	66289
chr9	132351991	132551991	harbor2	chr9	132441803	132441968	DNA/hAT-Charlie	635	+	82	132441885	89894
chr9	131670337	131870337	harbor2	chr9	131676818	131677003	DNA/hAT-Charlie	977	+	92	131676910	6573
chr9	131670337	131870337	harbor2	chr9	131694244	131694442	DNA/hAT-Charlie	734	+	99	131694343	24006
chr9	131670337	131870337	harbor2	chr9	131696319	131696482	DNA/hAT-Charlie	643	+	82	131696401	26064
chr9	131670337	131870337	harbor2	chr9	131700899	131701000	DNA/hAT-Charlie	444	+	50	131700949	30612
chr9	109179900	109379900	harbor2	chr9	109185890	109186076	DNA/hAT-Charlie	410	+	93	109185983	6083
chr9	109179900	109379900	harbor2	chr9	109205063	109205226	DNA/hAT-Charlie	529	+	82	109205145	25245
chr9	109179900	109379900	harbor2	chr9	109206550	109206715	DNA/hAT-Charlie	501	+	82	109206632	26732
chr9	109179900	109379900	harbor2	chr9	109212753	109212957	DNA/hAT-Charlie	1054	+	102	109212855	32955
chr9	109179900	109379900	harbor2	chr9	109221857	109222030	DNA/hAT-Charlie	819	+	86	109221943	42043
chr9	109179900	109379900	harbor2	chr9	109229729	109229915	DNA/hAT-Charlie	561	+	93	109229822	49922
chr9	109179900	109379900	harbor2	chr9	109242950	109243149	DNA/hAT-Charlie	846	+	100	109243050	63150
chr9	109179900	109379900	harbor2	chr9	109247222	109247438	DNA/hAT-Charlie	552	+	108	109247330	67430
chr9	109179900	109379900	harbor2	chr9	109250784	109251005	DNA/hAT-Charlie	981	+	110	109250894	70994
chr9	109179900	109379900	harbor2	chr9	109255083	109255285	DNA/hAT-Charlie	930	+	101	109255184	75284
chr9	109179900	109379900	harbor2	chr9	109259101	109259228	DNA/hAT-Charlie	555	+	64	109259165	79265
chr9	131032401	131232401	harbor2	chr9	131068572	131068769	DNA/hAT-Charlie	536	+	98	131068670	36269
chr9	131032401	131232401	harbor2	chr9	131107477	131107792	DNA/hAT-Charlie	742	+	158	131107635	75234
chr9	98115336	98315336	harbor2	chr9	98149296	98149366	DNA/hAT-Charlie	443	+	35	98149331	33995
chr9	98115336	98315336	harbor2	chr9	98165775	98165939	DNA/hAT-Charlie	685	+	82	98165857	50521
chr9	113409679	113609679	harbor2	chr9	113427122	113427166	DNA/hAT-Charlie	549	+	22	113427144	17465
chr9	113409679	113609679	harbor2	chr9	113427477	113427626	DNA/hAT-Charlie	549	+	74	113427551	17872
chr9	113409679	113609679	harbor2	chr9	113499704	113499857	DNA/hAT-Charlie	612	+	76	113499780	90101
chr9	66843474	67043474	harbor2	chr9	66888388	66888539	DNA/hAT-Charlie	422	+	76	66888464	44990
chr9	79309932	79509932	harbor2	chr9	79348607	79348817	DNA/hAT-Charlie	1075	+	105	79348712	38780
chr9	79309932	79509932	harbor2	chr9	79362916	79363074	DNA/hAT-Charlie	460	+	79	79362995	53063
chr9	79309932	79509932	harbor2	chr9	79384383	79384471	DNA/hAT-Charlie	407	+	44	79384427	74495
chr9	79309932	79509932	harbor2	chr9	79388455	79388766	DNA/hAT-Charlie	1463	+	156	79388611	78679
chr9	79309932	79509932	harbor2	chr9	79390937	79391122	DNA/hAT-Charlie	846	+	92	79391029	81097
chr9	94689313	94889313	harbor2	chr9	94724310	94724440	DNA/hAT-Charlie	857	+	65	94724375	35062
chr9	94689313	94889313	harbor2	chr9	94724750	94724927	DNA/hAT-Charlie	857	+	88	94724838	35525
chr9	94689313	94889313	harbor2	chr9	94734640	94734711	DNA/hAT-Charlie	397	+	36	94734676	45363
chr9	94689313	94889313	harbor2	chr9	94742325	94742435	DNA/hAT-Charlie	522	+	55	94742380	53067
chr9	94689313	94889313	harbor2	chr9	94742733	94742868	DNA/hAT-Charlie	522	+	68	94742801	53488
chr9	94689313	94889313	harbor2	chr9	94780042	94780239	DNA/hAT-Charlie	1040	+	98	94780140	90827
chr9	78644620	78844620	harbor2	chr9	78677841	78678045	DNA/hAT-Charlie	946	+	102	78677943	33323
chr9	78644620	78844620	harbor2	chr9	78706125	78706313	DNA/hAT-Charlie	520	+	94	78706219	61599
chr9	87903516	88103516	harbor2	chr9	87987540	87987822	DNA/hAT-Charlie	1582	+	141	87987681	84165
chr9	87903516	88103516	harbor2	chr9	87999476	87999635	DNA/hAT-Charlie	583	+	80	87999556	96040
chr9	72680664	72880664	harbor2	chr9	72695105	72695249	DNA/hAT-Charlie	512	+	72	72695177	14513
chr9	72680664	72880664	harbor2	chr9	72702014	72702168	DNA/hAT-Charlie	498	+	77	72702091	21427
chr9	72680664	72880664	harbor2	chr9	72703427	72703648	DNA/hAT-Charlie	486	+	110	72703537	22873
chr9	72680664	72880664	harbor2	chr9	72744667	72744875	DNA/hAT-Charlie	412	+	104	72744771	64107
chr9	127856450	128056450	harbor2	chr9	127859948	127859958	DNA/hAT-Charlie	490	+	5	127859953	3503
chr9	127856450	128056450	harbor2	chr9	127860265	127860359	DNA/hAT-Charlie	490	+	47	127860312	3862
chr9	127856450	128056450	harbor2	chr9	127922288	127922415	DNA/hAT-Charlie	1121	+	64	127922352	65902
chr9	127856450	128056450	harbor2	chr9	127922725	127922929	DNA/hAT-Charlie	1121	+	102	127922827	66377
chr9	64626101	64826101	harbor2	chr9	64627347	64627618	DNA/hAT-Charlie	435	+	136	64627483	1382
chr9	104899122	105099122	harbor2	chr9	104902370	104902742	DNA/hAT-Charlie	1043	+	186	104902556	3434
chr9	104899122	105099122	harbor2	chr9	104917298	104917472	DNA/hAT-Charlie	890	+	87	104917385	18263
chr9	104899122	105099122	harbor2	chr9	104917764	104918039	DNA/hAT-Charlie	890	+	138	104917902	18780
chr9	104899122	105099122	harbor2	chr9	104940124	104940289	DNA/hAT-Charlie	518	+	82	104940206	41084
chr9	104899122	105099122	harbor2	chr9	104982359	104982484	DNA/hAT-Charlie	656	+	62	104982421	83299
chr9	107770114	107970114	harbor2	chr9	107783331	107783557	DNA/hAT-Charlie	1205	+	113	107783444	13330
chr9	107770114	107970114	harbor2	chr9	107783546	107783677	DNA/hAT-Charlie	815	+	66	107783612	13498
chr9	107770114	107970114	harbor2	chr9	107786508	107786885	DNA/hAT-Charlie	548	+	188	107786696	16582
chr9	107770114	107970114	harbor2	chr9	107793905	107794044	DNA/hAT-Charlie	570	+	70	107793975	23861
chr9	107770114	107970114	harbor2	chr9	107811942	107812102	DNA/hAT-Charlie	801	+	80	107812022	41908
chr9	119425434	119625434	harbor2	chr9	119435212	119435402	DNA/hAT-Charlie	401	+	95	119435307	9873
chr9	119425434	119625434	harbor2	chr9	119441490	119441716	DNA/hAT-Charlie	769	+	113	119441603	16169
chr9	119425434	119625434	harbor2	chr9	119448692	119448915	DNA/hAT-Charlie	939	+	112	119448804	23370
chr9	119425434	119625434	harbor2	chr9	119486972	119487156	DNA/hAT-Charlie	782	+	92	119487064	61630
chr9	129855447	130055447	harbor2	chr9	129912779	129912937	DNA/hAT-Charlie	931	+	79	129912858	57411
chr9	129855447	130055447	harbor2	chr9	129913231	129913271	DNA/hAT-Charlie	931	+	20	129913251	57804
chr9	129855447	130055447	harbor2	chr9	129926401	129926600	DNA/hAT-Charlie	981	+	100	129926501	71054
chr9	105087336	105287336	harbor2	chr9	105129938	105130174	DNA/hAT-Charlie	738	+	118	105130056	42720
chr9	105087336	105287336	harbor2	chr9	105140505	105140648	DNA/hAT-Charlie	490	+	72	105140577	53241
chr9	105087336	105287336	harbor2	chr9	105159056	105159235	DNA/hAT-Charlie	1095	+	90	105159146	71810
chr9	78695848	78895848	harbor2	chr9	78706125	78706313	DNA/hAT-Charlie	520	+	94	78706219	10371
chr9	78695848	78895848	harbor2	chr9	78765209	78765488	DNA/hAT-Charlie	901	+	140	78765349	69501
chr9	78695848	78895848	harbor2	chr9	78783713	78783887	DNA/hAT-Charlie	413	+	87	78783800	87952
chr9	102570403	102770403	harbor2	chr9	102587578	102587677	DNA/hAT-Charlie	592	+	50	102587628	17225
chr9	74197115	74397115	harbor2	chr9	74203351	74203527	DNA/hAT-Charlie	762	+	88	74203439	6324
chr9	74197115	74397115	harbor2	chr9	74270568	74270700	DNA/hAT-Charlie	400	+	66	74270634	73519
chr9	74197115	74397115	harbor2	chr9	74271721	74271833	DNA/hAT-Charlie	433	+	56	74271777	74662
chr9	91505643	91705643	harbor2	chr9	91529440	91529697	DNA/hAT-Charlie	2046	+	128	91529568	23925
chr9	91505643	91705643	harbor2	chr9	91530010	91530250	DNA/hAT-Charlie	2046	+	120	91530130	24487
chr9	96810848	97010848	harbor2	chr9	96902050	96902151	DNA/hAT-Charlie	739	+	50	96902100	91252
chr9	96810848	97010848	harbor2	chr9	96902441	96902753	DNA/hAT-Charlie	739	+	156	96902597	91749
chr9	88186376	88386376	harbor2	chr9	88186106	88186509	DNA/hAT-Charlie	776	+	202	88186308	68
chr9	88186376	88386376	harbor2	chr9	88225402	88225501	DNA/hAT-Charlie	531	+	50	88225452	39076
chr9	88186376	88386376	harbor2	chr9	88225821	88225981	DNA/hAT-Charlie	531	+	80	88225901	39525
chr9	88186376	88386376	harbor2	chr9	88238254	88238628	DNA/hAT-Charlie	1300	+	187	88238441	52065
chr9	88186376	88386376	harbor2	chr9	88238975	88239035	DNA/hAT-Charlie	1300	+	30	88239005	52629
chr9	88186376	88386376	harbor2	chr9	88274261	88274344	DNA/hAT-Charlie	421	+	42	88274303	87927
chr9	36438385	36638385	harbor2	chr9	36438309	36438531	DNA/hAT-Charlie	1824	+	111	36438420	35
chr9	36438385	36638385	harbor2	chr9	36457865	36458008	DNA/hAT-Charlie	565	+	72	36457937	19552
chr9	36438385	36638385	harbor2	chr9	36472440	36472512	DNA/hAT-Charlie	507	+	36	36472476	34091
chr9	36438385	36638385	harbor2	chr9	36522775	36522963	DNA/hAT-Charlie	868	+	94	36522869	84484
chr9	36438385	36638385	harbor2	chr9	36523896	36524137	DNA/hAT-Charlie	868	+	120	36524016	85631
chr9	105749179	105949179	harbor2	chr9	105761678	105761849	DNA/hAT-Charlie	570	+	86	105761764	12585
chr9	105749179	105949179	harbor2	chr9	105834509	105834692	DNA/hAT-Charlie	1008	+	92	105834601	85422
chr9	112453345	112653345	harbor2	chr9	112502712	112502827	DNA/hAT-Charlie	594	+	58	112502770	49425
chr9	112453345	112653345	harbor2	chr9	112511183	112511356	DNA/hAT-Charlie	902	+	86	112511269	57924
chr9	112453345	112653345	harbor2	chr9	112524612	112524779	DNA/hAT-Charlie	691	+	84	112524696	71351
chr9	112453345	112653345	harbor2	chr9	112549723	112549931	DNA/hAT-Charlie	1061	+	104	112549827	96482
chr9	99166838	99366838	harbor2	chr9	99182229	99182480	DNA/hAT-Charlie	476	+	126	99182355	15517
chr9	99166838	99366838	harbor2	chr9	99206963	99207281	DNA/hAT-Charlie	1819	+	159	99207122	40284
chr9	99166838	99366838	harbor2	chr9	99247707	99247825	DNA/hAT-Charlie	412	+	59	99247766	80928
chr9	99166838	99366838	harbor2	chr9	99251293	99251515	DNA/hAT-Charlie	1017	+	111	99251404	84566
chr9	99166838	99366838	harbor2	chr9	99260008	99260306	DNA/hAT-Charlie	505	+	149	99260157	93319
chr9	84683411	84883411	harbor2	chr9	84717851	84717972	DNA/hAT-Charlie	448	+	60	84717911	34500
chr9	84683411	84883411	harbor2	chr9	84718280	84718385	DNA/hAT-Charlie	511	+	52	84718332	34921
chr9	84683411	84883411	harbor2	chr9	84746078	84746402	DNA/hAT-Charlie	1583	+	162	84746240	62829
chr9	84683411	84883411	harbor2	chr9	84750556	84750748	DNA/hAT-Charlie	970	+	96	84750652	67241
chr9	84683411	84883411	harbor2	chr9	84765715	84765901	DNA/hAT-Charlie	493	+	93	84765808	82397
chr9	84683411	84883411	harbor2	chr9	84775764	84775918	DNA/hAT-Charlie	763	+	77	84775841	92430
chr9	84683411	84883411	harbor2	chr9	84780177	84780395	DNA/hAT-Charlie	1308	+	109	84780286	96875
chr9	82962441	83162441	harbor2	chr9	82966988	82967221	DNA/hAT-Charlie	542	+	116	82967104	4663
chr9	82962441	83162441	harbor2	chr9	82976526	82976924	DNA/hAT-Charlie	1258	+	199	82976725	14284
chr9	79354958	79554958	harbor2	chr9	79362916	79363074	DNA/hAT-Charlie	460	+	79	79362995	8037
chr9	79354958	79554958	harbor2	chr9	79384383	79384471	DNA/hAT-Charlie	407	+	44	79384427	29469
chr9	79354958	79554958	harbor2	chr9	79388455	79388766	DNA/hAT-Charlie	1463	+	156	79388611	33653
chr9	79354958	79554958	harbor2	chr9	79390937	79391122	DNA/hAT-Charlie	846	+	92	79391029	36071
chr9	79354958	79554958	harbor2	chr9	79416046	79416389	DNA/hAT-Charlie	1999	+	172	79416218	61260
chr9	105556173	105756173	harbor2	chr9	105574575	105574677	DNA/hAT-Charlie	529	+	51	105574626	18453
chr9	105556173	105756173	harbor2	chr9	105644986	105645076	DNA/hAT-Charlie	443	+	45	105645031	88858
chr9	130453428	130653428	harbor2	chr9	130490211	130490298	DNA/hAT-Charlie	772	+	44	130490255	36827
chr9	130453428	130653428	harbor2	chr9	130490614	130490835	DNA/hAT-Charlie	772	+	110	130490724	37296
chr9	130453428	130653428	harbor2	chr9	130528570	130528685	DNA/hAT-Charlie	1102	+	58	130528628	75200
chr9	130453428	130653428	harbor2	chr9	130528962	130529134	DNA/hAT-Charlie	1102	+	86	130529048	75620
chr9	132666176	132866176	harbor2	chr9	132729203	132729382	DNA/hAT-Charlie	662	+	90	132729293	63117
chr9	132666176	132866176	harbor2	chr9	132733968	132734116	DNA/hAT-Charlie	539	+	74	132734042	67866
chr9	132563497	132763497	harbor2	chr9	132647333	132647522	DNA/hAT-Charlie	645	+	94	132647427	83930
chr9	132563497	132763497	harbor2	chr9	132661380	132661609	DNA/hAT-Charlie	1054	+	114	132661494	97997
chr9	126922145	127122145	harbor2	chr9	126955297	126955735	DNA/hAT-Charlie	1743	+	219	126955516	33371
chr9	126922145	127122145	harbor2	chr9	126979805	126980007	DNA/hAT-Charlie	413	+	101	126979906	57761
chr9	126922145	127122145	harbor2	chr9	127004122	127004145	DNA/hAT-Charlie	5389	+	12	127004134	81989
chr9	126922145	127122145	harbor2	chr9	127004433	127005973	DNA/hAT-Charlie	5389	+	770	127005203	83058
chr9	126922145	127122145	harbor2	chr9	127006189	127006512	DNA/hAT-Charlie	630	+	162	127006351	84206
chr9	126922145	127122145	harbor2	chr9	127016931	127017124	DNA/hAT-Charlie	1269	+	96	127017027	94882
chr9	126922145	127122145	harbor2	chr9	127018967	127019090	DNA/hAT-Charlie	1269	+	62	127019029	96884
chr9	126922145	127122145	harbor2	chr9	127019107	127019263	DNA/hAT-Charlie	761	+	78	127019185	97040
chr9	75901308	76101308	harbor2	chr9	75905596	75905921	DNA/hAT-Charlie	2158	+	162	75905758	4450
chr9	75901308	76101308	harbor2	chr9	75921159	75921367	DNA/hAT-Charlie	649	+	104	75921263	19955
chr9	75901308	76101308	harbor2	chr9	75961434	75961559	DNA/hAT-Charlie	523	+	62	75961496	60188
chr9	75901308	76101308	harbor2	chr9	75961557	75961921	DNA/hAT-Charlie	1532	+	182	75961739	60431
chr9	75901308	76101308	harbor2	chr9	75985592	75985787	DNA/hAT-Charlie	832	+	98	75985690	84382
chr9	134936939	135136939	harbor2	chr9	135009561	135009785	DNA/hAT-Charlie	1416	+	112	135009673	72734
chr9	134936939	135136939	harbor2	chr9	135004099	135004274	DNA/hAT-Charlie	721	+	88	135004187	67248
chr9	127458378	127658378	harbor2	chr9	127464266	127464360	DNA/hAT-Charlie	492	+	47	127464313	5935
chr9	127458378	127658378	harbor2	chr9	127464421	127464585	DNA/hAT-Charlie	732	+	82	127464503	6125
chr9	127458378	127658378	harbor2	chr9	127465265	127465455	DNA/hAT-Charlie	525	+	95	127465360	6982
chr9	127458378	127658378	harbor2	chr9	127526048	127526121	DNA/hAT-Charlie	537	+	36	127526084	67706
chr9	127458378	127658378	harbor2	chr9	127526429	127526538	DNA/hAT-Charlie	537	+	54	127526483	68105
chr9	73837527	74037527	harbor2	chr9	73855876	73856472	DNA/hAT-Charlie	396	+	298	73856174	18647
chr9	73837527	74037527	harbor2	chr9	73906611	73906791	DNA/hAT-Charlie	820	+	90	73906701	69174
chr9	73837527	74037527	harbor2	chr9	73910429	73910581	DNA/hAT-Charlie	1243	+	76	73910505	72978
chr9	73837527	74037527	harbor2	chr9	73910884	73911066	DNA/hAT-Charlie	1243	+	91	73910975	73448
chr9	73837527	74037527	harbor2	chr9	73911378	73912012	DNA/hAT-Charlie	1243	+	317	73911695	74168
chr9	73837527	74037527	harbor2	chr9	73913073	73913252	DNA/hAT-Charlie	866	+	90	73913163	75636
chr9	96952606	97152606	harbor2	chr9	96972242	96972553	DNA/hAT-Charlie	1906	+	156	96972398	19792
chr9	96952606	97152606	harbor2	chr9	96991357	96991568	DNA/hAT-Charlie	911	+	106	96991463	38857
chr9	96952606	97152606	harbor2	chr9	97022254	97022520	DNA/hAT-Charlie	808	+	133	97022387	69781
chr9	104902077	105102077	harbor2	chr9	104902370	104902742	DNA/hAT-Charlie	1043	+	186	104902556	479
chr9	104902077	105102077	harbor2	chr9	104917298	104917472	DNA/hAT-Charlie	890	+	87	104917385	15308
chr9	104902077	105102077	harbor2	chr9	104917764	104918039	DNA/hAT-Charlie	890	+	138	104917902	15825
chr9	104902077	105102077	harbor2	chr9	104940124	104940289	DNA/hAT-Charlie	518	+	82	104940206	38129
chr9	104902077	105102077	harbor2	chr9	104982359	104982484	DNA/hAT-Charlie	656	+	62	104982421	80344
chr9	123158330	123358330	harbor2	chr9	123231028	123231204	DNA/hAT-Charlie	423	+	88	123231116	72786
chr9	123158330	123358330	harbor2	chr9	123245262	123245376	DNA/hAT-Charlie	502	+	57	123245319	86989
chr9	123158330	123358330	harbor2	chr9	123249743	123249910	DNA/hAT-Charlie	822	+	84	123249827	91497
chr9	123158330	123358330	harbor2	chr9	123249915	123250543	DNA/hAT-Charlie	3111	+	314	123250229	91899
chr9	128155396	128355396	harbor2	chr9	128184221	128184488	DNA/hAT-Charlie	1015	+	134	128184355	28959
chr9	130366842	130566842	harbor2	chr9	130371669	130371858	DNA/hAT-Charlie	560	+	94	130371763	4921
chr9	130366842	130566842	harbor2	chr9	130388033	130388208	DNA/hAT-Charlie	395	+	88	130388121	21279
chr9	130366842	130566842	harbor2	chr9	130401147	130401333	DNA/hAT-Charlie	626	+	93	130401240	34398
chr9	130366842	130566842	harbor2	chr9	130401623	130401741	DNA/hAT-Charlie	626	+	59	130401682	34840
chr9	130366842	130566842	harbor2	chr9	130426651	130426879	DNA/hAT-Charlie	1720	+	114	130426765	59923
chr9	134585587	134785587	harbor2	chr9	134621550	134621755	DNA/hAT-Charlie	952	+	102	134621652	36065
chr9	134585587	134785587	harbor2	chr9	134624045	134624248	DNA/hAT-Charlie	729	+	102	134624147	38560
chr9	134585587	134785587	harbor2	chr9	134652501	134652651	DNA/hAT-Charlie	589	+	75	134652576	66989
chr9	69328208	69528208	harbor2	chr9	69425527	69426055	DNA/hAT-Charlie	3097	+	264	69425791	97583
chr9	128366718	128566718	harbor2	chr9	128443556	128443820	DNA/hAT-Charlie	664	+	132	128443688	76970
chr9	128366718	128566718	harbor2	chr9	128451427	128451499	DNA/hAT-Charlie	754	+	36	128451463	84745
chr9	128366718	128566718	harbor2	chr9	128451811	128451919	DNA/hAT-Charlie	754	+	54	128451865	85147
chr9	104410202	104610202	harbor2	chr9	104434453	104434630	DNA/hAT-Charlie	516	+	88	104434541	24339
chr9	104410202	104610202	harbor2	chr9	104473633	104473780	DNA/hAT-Charlie	596	+	74	104473707	63505
chr9	129053454	129253454	harbor2	chr9	129138300	129138467	DNA/hAT-Charlie	435	+	84	129138384	84930
chr9	127788209	127988209	harbor2	chr9	127811786	127811968	DNA/hAT-Charlie	585	+	91	127811877	23668
chr9	127788209	127988209	harbor2	chr9	127859948	127859958	DNA/hAT-Charlie	490	+	5	127859953	71744
chr9	127788209	127988209	harbor2	chr9	127860265	127860359	DNA/hAT-Charlie	490	+	47	127860312	72103
chr9	33362837	33562837	harbor2	chr9	33384346	33384547	DNA/hAT-Charlie	549	+	100	33384446	21609
chr9	33362837	33562837	harbor2	chr9	33389475	33389643	DNA/hAT-Charlie	663	+	84	33389559	26722
chr9	33362837	33562837	harbor2	chr9	33391260	33391442	DNA/hAT-Charlie	437	+	91	33391351	28514
chr9	131056292	131256292	harbor2	chr9	131068572	131068769	DNA/hAT-Charlie	536	+	98	131068670	12378
chr9	131056292	131256292	harbor2	chr9	131107477	131107792	DNA/hAT-Charlie	742	+	158	131107635	51343
chr9	135606015	135806015	harbor2	chr9	135640122	135640438	DNA/hAT-Charlie	888	+	158	135640280	34265
chr9	135606015	135806015	harbor2	chr9	135640750	135640789	DNA/hAT-Charlie	888	+	20	135640770	34755
chr9	85133926	85333926	harbor2	chr9	85136620	85136793	DNA/hAT-Charlie	665	+	86	85136706	2780
chr9	85133926	85333926	harbor2	chr9	85197211	85197663	DNA/hAT-Charlie	1541	+	226	85197437	63511
chr9	85133926	85333926	harbor2	chr9	85216381	85216531	DNA/hAT-Charlie	691	+	75	85216456	82530
chr9	85133926	85333926	harbor2	chr9	85217985	85218305	DNA/hAT-Charlie	751	+	160	85218145	84219
chr9	85133926	85333926	harbor2	chr9	85218718	85218743	DNA/hAT-Charlie	751	+	12	85218730	84804
chr9	85133926	85333926	harbor2	chr9	85219055	85219191	DNA/hAT-Charlie	751	+	68	85219123	85197
chr9	85133926	85333926	harbor2	chr9	85219320	85219450	DNA/hAT-Charlie	479	+	65	85219385	85459
chr9	112043701	112243701	harbor2	chr9	112064174	112064511	DNA/hAT-Charlie	2262	+	168	112064342	20641
chr9	112043701	112243701	harbor2	chr9	112094035	112094200	DNA/hAT-Charlie	679	+	82	112094117	50416
chr9	112043701	112243701	harbor2	chr9	112118460	112118487	DNA/hAT-Charlie	564	+	14	112118474	74773
chr9	112043701	112243701	harbor2	chr9	112118785	112119008	DNA/hAT-Charlie	564	+	112	112118897	75196
chr9	110306872	110506872	harbor2	chr9	110328845	110329009	DNA/hAT-Charlie	400	+	82	110328927	22055
chr9	110306872	110506872	harbor2	chr9	110330634	110330848	DNA/hAT-Charlie	1098	+	107	110330741	23869
chr9	110306872	110506872	harbor2	chr9	110333155	110333489	DNA/hAT-Charlie	1916	+	167	110333322	26450
chr9	110306872	110506872	harbor2	chr9	110342110	110342221	DNA/hAT-Charlie	477	+	56	110342166	35294
chr9	110306872	110506872	harbor2	chr9	110342264	110342436	DNA/hAT-Charlie	832	+	86	110342350	35478
chr9	110306872	110506872	harbor2	chr9	110385487	110385544	DNA/hAT-Charlie	393	+	28	110385515	78643
chr9	90768921	90968921	harbor2	chr9	90817021	90817204	DNA/hAT-Charlie	1089	+	92	90817113	48192
chr9	90768921	90968921	harbor2	chr9	90834643	90834866	DNA/hAT-Charlie	1435	+	112	90834755	65834
chr9	90768921	90968921	harbor2	chr9	90834918	90835144	DNA/hAT-Charlie	985	+	113	90835031	66110
chr9	90768921	90968921	harbor2	chr9	90864196	90864394	DNA/hAT-Charlie	717	+	99	90864295	95374
chr9	134789919	134989919	harbor2	chr9	134845494	134845663	DNA/hAT-Charlie	409	+	84	134845578	55659
chr9	134789919	134989919	harbor2	chr9	134868881	134869090	DNA/hAT-Charlie	693	+	104	134868985	79066
chr9	120061184	120261184	harbor2	chr9	120089240	120089463	DNA/hAT-Charlie	1122	+	112	120089352	28168
chr9	120061184	120261184	harbor2	chr9	120106970	120107126	DNA/hAT-Charlie	815	+	78	120107048	45864
chr9	120061184	120261184	harbor2	chr9	120128953	120129121	DNA/hAT-Charlie	929	+	84	120129037	67853
chr9	120061184	120261184	harbor2	chr9	120129521	120129554	DNA/hAT-Charlie	929	+	16	120129537	68353
chr9	120061184	120261184	harbor2	chr9	120135715	120135998	DNA/hAT-Charlie	730	+	142	120135857	74673
chr9	120061184	120261184	harbor2	chr9	120151285	120151507	DNA/hAT-Charlie	929	+	111	120151396	90212
chr9	108080712	108280712	harbor2	chr9	108105670	108105857	DNA/hAT-Charlie	529	+	94	108105764	25052
chr9	108080712	108280712	harbor2	chr9	108110788	108110983	DNA/hAT-Charlie	836	+	98	108110886	30174
chr9	108080712	108280712	harbor2	chr9	108169195	108169248	DNA/hAT-Charlie	1090	+	26	108169221	88509
chr9	108080712	108280712	harbor2	chr9	108169616	108169852	DNA/hAT-Charlie	1090	+	118	108169734	89022
chr10	120908444	121108444	harbor2	chr10	120923200	120923403	DNA/hAT-Charlie	526	+	102	120923302	14858
chr10	120908444	121108444	harbor2	chr10	120933646	120933856	DNA/hAT-Charlie	586	+	105	120933751	25307
chr10	120908444	121108444	harbor2	chr10	120946943	120947352	DNA/hAT-Charlie	1601	+	204	120947147	38703
chr10	120908444	121108444	harbor2	chr10	120958834	120959221	DNA/hAT-Charlie	1771	+	194	120959028	50584
chr10	120908444	121108444	harbor2	chr10	120959516	120959666	DNA/hAT-Charlie	1771	+	75	120959591	51147
chr10	120908444	121108444	harbor2	chr10	120965478	120965583	DNA/hAT-Charlie	669	+	52	120965530	57086
chr10	120908444	121108444	harbor2	chr10	120966502	120966679	DNA/hAT-Charlie	565	+	88	120966590	58146
chr10	131819487	132019487	harbor2	chr10	131831218	131831449	DNA/hAT-Charlie	438	+	116	131831334	11847
chr10	127750951	127950951	harbor2	chr10	127750860	127751041	DNA/hAT-Charlie	761	+	90	127750950	1
chr10	127750951	127950951	harbor2	chr10	127751052	127751226	DNA/hAT-Charlie	714	+	87	127751139	188
chr10	127750951	127950951	harbor2	chr10	127775625	127775655	DNA/hAT-Charlie	489	+	15	127775640	24689
chr10	127750951	127950951	harbor2	chr10	127775681	127775780	DNA/hAT-Charlie	489	+	50	127775731	24780
chr10	127750951	127950951	harbor2	chr10	127835845	127836060	DNA/hAT-Charlie	977	+	108	127835953	85002
chr10	93820572	94020572	harbor2	chr10	93828979	93829156	DNA/hAT-Charlie	554	+	88	93829067	8495
chr10	93820572	94020572	harbor2	chr10	93840244	93840365	DNA/hAT-Charlie	411	+	60	93840304	19732
chr10	93820572	94020572	harbor2	chr10	93840673	93840715	DNA/hAT-Charlie	411	+	21	93840694	20122
chr10	93820572	94020572	harbor2	chr10	93906759	93907082	DNA/hAT-Charlie	1673	+	162	93906921	86349
chr10	120812399	121012399	harbor2	chr10	120824414	120824628	DNA/hAT-Charlie	613	+	107	120824521	12122
chr10	126173816	126373816	harbor2	chr10	126182877	126183388	DNA/hAT-Charlie	3642	+	256	126183133	9317
chr10	126173816	126373816	harbor2	chr10	126195992	126196157	DNA/hAT-Charlie	694	+	82	126196074	22258
chr10	126173816	126373816	harbor2	chr10	126208187	126208401	DNA/hAT-Charlie	871	+	107	126208294	34478
chr10	126173816	126373816	harbor2	chr10	126227508	126227648	DNA/hAT-Charlie	522	+	70	126227578	53762
chr10	126173816	126373816	harbor2	chr10	126270409	126270559	DNA/hAT-Charlie	839	+	75	126270484	96668
chr10	74107930	74307930	harbor2	chr10	74143822	74143970	DNA/hAT-Charlie	993	+	74	74143896	35966
chr10	74107930	74307930	harbor2	chr10	74144569	74144641	DNA/hAT-Charlie	993	+	36	74144605	36675
chr10	74107930	74307930	harbor2	chr10	74153228	74153422	DNA/hAT-Charlie	960	+	97	74153325	45395
chr10	74107930	74307930	harbor2	chr10	74174417	74174572	DNA/hAT-Charlie	498	+	78	74174495	66565
chr10	106861069	107061069	harbor2	chr10	106878756	106878867	DNA/hAT-Charlie	537	+	56	106878812	17743
chr10	106861069	107061069	harbor2	chr10	106879164	106879450	DNA/hAT-Charlie	537	+	143	106879307	18238
chr10	106861069	107061069	harbor2	chr10	106889331	106889477	DNA/hAT-Charlie	479	+	73	106889404	28335
chr10	106861069	107061069	harbor2	chr10	106911680	106911830	DNA/hAT-Charlie	567	+	75	106911755	50686
chr10	125848272	126048272	harbor2	chr10	125866031	125866245	DNA/hAT-Charlie	573	+	107	125866138	17866
chr10	125848272	126048272	harbor2	chr10	125889483	125889700	DNA/hAT-Charlie	945	+	108	125889591	41319
chr10	118957634	119157634	harbor2	chr10	118957879	118957966	DNA/hAT-Charlie	408	+	44	118957923	289
chr10	118957634	119157634	harbor2	chr10	118958690	118958789	DNA/hAT-Charlie	408	+	50	118958740	1106
chr10	118957634	119157634	harbor2	chr10	118970341	118970447	DNA/hAT-Charlie	408	+	53	118970394	12760
chr10	118957634	119157634	harbor2	chr10	119008824	119009037	DNA/hAT-Charlie	1064	+	106	119008930	51296
chr10	115614119	115814119	harbor2	chr10	115642884	115643091	DNA/hAT-Charlie	891	+	104	115642988	28869
chr10	117681690	117881690	harbor2	chr10	117697538	117697761	DNA/hAT-Charlie	1256	+	112	117697650	15960
chr10	117681690	117881690	harbor2	chr10	117704329	117704479	DNA/hAT-Charlie	409	+	75	117704404	22714
chr10	117681690	117881690	harbor2	chr10	117729567	117729657	DNA/hAT-Charlie	602	+	45	117729612	47922
chr10	117681690	117881690	harbor2	chr10	117729891	117729958	DNA/hAT-Charlie	602	+	34	117729925	48235
chr10	117681690	117881690	harbor2	chr10	117751400	117751614	DNA/hAT-Charlie	1078	+	107	117751507	69817
chr10	117681690	117881690	harbor2	chr10	117752346	117753062	DNA/hAT-Charlie	1856	+	358	117752704	71014
chr10	117681690	117881690	harbor2	chr10	117761544	117761815	DNA/hAT-Charlie	1028	+	136	117761680	79990
chr10	117681690	117881690	harbor2	chr10	117772420	117772611	DNA/hAT-Charlie	819	+	96	117772516	90826
chr10	75529164	75729164	harbor2	chr10	75532726	75532876	DNA/hAT-Charlie	568	+	75	75532801	3637
chr10	75529164	75729164	harbor2	chr10	75545037	75545213	DNA/hAT-Charlie	655	+	88	75545125	15961
chr10	75529164	75729164	harbor2	chr10	75566331	75566494	DNA/hAT-Charlie	1039	+	82	75566413	37249
chr10	75529164	75729164	harbor2	chr10	75599642	75599837	DNA/hAT-Charlie	1247	+	98	75599740	70576
chr10	75529164	75729164	harbor2	chr10	75616417	75616519	DNA/hAT-Charlie	472	+	51	75616468	87304
chr10	132261625	132461625	harbor2	chr10	132301953	132302073	DNA/hAT-Charlie	417	+	60	132302013	40388
chr10	132261625	132461625	harbor2	chr10	132341837	132342028	DNA/hAT-Charlie	599	+	96	132341933	80308
chr10	120238616	120438616	harbor2	chr10	120311568	120311789	DNA/hAT-Charlie	1073	+	110	120311678	73062
chr10	120238616	120438616	harbor2	chr10	120328727	120328875	DNA/hAT-Charlie	500	+	74	120328801	90185
chr10	127606390	127806390	harbor2	chr10	127659344	127659423	DNA/hAT-Charlie	2364	+	40	127659384	52994
chr10	127606390	127806390	harbor2	chr10	127659724	127660058	DNA/hAT-Charlie	2364	+	167	127659891	53501
chr10	127606390	127806390	harbor2	chr10	127660338	127660866	DNA/hAT-Charlie	2364	+	264	127660602	54212
chr10	127606390	127806390	harbor2	chr10	127689428	127689596	DNA/hAT-Charlie	710	+	84	127689512	83122
chr10	90021500	90221500	harbor2	chr10	90058046	90058189	DNA/hAT-Charlie	516	+	72	90058118	36618
chr10	90021500	90221500	harbor2	chr10	90093530	90093767	DNA/hAT-Charlie	659	+	118	90093648	72148
chr10	123737951	123937951	harbor2	chr10	123744883	123744959	DNA/hAT-Charlie	1037	+	38	123744921	6970
chr10	123737951	123937951	harbor2	chr10	123745244	123745375	DNA/hAT-Charlie	1037	+	66	123745310	7359
chr10	123737951	123937951	harbor2	chr10	123776067	123776286	DNA/hAT-Charlie	689	+	110	123776177	38226
chr10	123737951	123937951	harbor2	chr10	123812563	123812905	DNA/hAT-Charlie	2071	+	171	123812734	74783
chr10	123737951	123937951	harbor2	chr10	123821637	123821841	DNA/hAT-Charlie	917	+	102	123821739	83788
chr10	124948233	125148233	harbor2	chr10	124991602	124991794	DNA/hAT-Charlie	807	+	96	124991698	43465
chr10	71091616	71291616	harbor2	chr10	71168442	71168691	DNA/hAT-Charlie	606	+	124	71168566	76950
chr10	71091616	71291616	harbor2	chr10	71185969	71186257	DNA/hAT-Charlie	516	+	144	71186113	94497
chr10	82822001	83022001	harbor2	chr10	82835962	82836278	DNA/hAT-Charlie	1525	+	158	82836120	14119
chr10	82822001	83022001	harbor2	chr10	82904101	82904321	DNA/hAT-Charlie	1531	+	110	82904211	82210
chr10	123560554	123760554	harbor2	chr10	123573591	123573778	DNA/hAT-Charlie	447	+	94	123573685	13131
chr10	123560554	123760554	harbor2	chr10	123603126	123603267	DNA/hAT-Charlie	848	+	70	123603196	42642
chr10	126338370	126538370	harbor2	chr10	126352123	126352543	DNA/hAT-Charlie	916	+	210	126352333	13963
chr10	126338370	126538370	harbor2	chr10	126401532	126401699	DNA/hAT-Charlie	797	+	84	126401616	63246
chr10	126338370	126538370	harbor2	chr10	126437315	126437482	DNA/hAT-Charlie	680	+	84	126437399	99029
chr10	106835864	107035864	harbor2	chr10	106878756	106878867	DNA/hAT-Charlie	537	+	56	106878812	42948
chr10	106835864	107035864	harbor2	chr10	106879164	106879450	DNA/hAT-Charlie	537	+	143	106879307	43443
chr10	106835864	107035864	harbor2	chr10	106889331	106889477	DNA/hAT-Charlie	479	+	73	106889404	53540
chr10	106835864	107035864	harbor2	chr10	106911680	106911830	DNA/hAT-Charlie	567	+	75	106911755	75891
chr10	106323121	106523121	harbor2	chr10	106356922	106357159	DNA/hAT-Charlie	573	+	118	106357040	33919
chr10	106323121	106523121	harbor2	chr10	106370317	106370483	DNA/hAT-Charlie	510	+	83	106370400	47279
chr10	106323121	106523121	harbor2	chr10	106371051	106371183	DNA/hAT-Charlie	510	+	66	106371117	47996
chr10	106323121	106523121	harbor2	chr10	106373608	106373838	DNA/hAT-Charlie	558	+	115	106373723	50602
chr10	106323121	106523121	harbor2	chr10	106385514	106385721	DNA/hAT-Charlie	837	+	104	106385618	62497
chr10	106323121	106523121	harbor2	chr10	106398637	106399163	DNA/hAT-Charlie	3541	+	263	106398900	75779
chr10	106323121	106523121	harbor2	chr10	106412912	106413082	DNA/hAT-Charlie	1108	+	85	106412997	89876
chr10	106323121	106523121	harbor2	chr10	106413076	106413185	DNA/hAT-Charlie	634	+	54	106413130	90009
chr10	100098948	100298948	harbor2	chr10	100154340	100154519	DNA/hAT-Charlie	414	+	90	100154430	55482
chr10	100098948	100298948	harbor2	chr10	100178514	100178626	DNA/hAT-Charlie	805	+	56	100178570	79622
chr10	67762583	67962583	harbor2	chr10	67785525	67785715	DNA/hAT-Charlie	987	+	95	67785620	23037
chr10	67762583	67962583	harbor2	chr10	67833214	67833368	DNA/hAT-Charlie	989	+	77	67833291	70708
chr10	67762583	67962583	harbor2	chr10	67833562	67833601	DNA/hAT-Charlie	989	+	20	67833582	70999
chr10	61248730	61448730	harbor2	chr10	61259504	61259663	DNA/hAT-Charlie	749	+	80	61259584	10854
chr10	61248730	61448730	harbor2	chr10	61272092	61272601	DNA/hAT-Charlie	1362	+	254	61272346	23616
chr10	61248730	61448730	harbor2	chr10	61272997	61273149	DNA/hAT-Charlie	696	+	76	61273073	24343
chr10	61248730	61448730	harbor2	chr10	61273842	61274375	DNA/hAT-Charlie	3197	+	266	61274108	25378
chr10	61248730	61448730	harbor2	chr10	61283214	61283432	DNA/hAT-Charlie	884	+	109	61283323	34593
chr10	61248730	61448730	harbor2	chr10	61290829	61290974	DNA/hAT-Charlie	879	+	72	61290901	42171
chr10	61248730	61448730	harbor2	chr10	61297545	61297817	DNA/hAT-Charlie	457	+	136	61297681	48951
chr10	61248730	61448730	harbor2	chr10	61299806	61300034	DNA/hAT-Charlie	646	+	114	61299920	51190
chr10	61248730	61448730	harbor2	chr10	61319869	61320101	DNA/hAT-Charlie	1386	+	116	61319985	71255
chr10	61248730	61448730	harbor2	chr10	61331475	61331743	DNA/hAT-Charlie	508	+	134	61331609	82879
chr10	125975318	126175318	harbor2	chr10	126034205	126034396	DNA/hAT-Charlie	884	+	96	126034301	58983
chr10	108454057	108654057	harbor2	chr10	108469754	108469918	DNA/hAT-Charlie	650	+	82	108469836	15779
chr10	115998279	116198279	harbor2	chr10	116000070	116000216	DNA/hAT-Charlie	426	+	73	116000143	1864
chr10	115998279	116198279	harbor2	chr10	116028706	116028867	DNA/hAT-Charlie	789	+	80	116028786	30507
chr10	115998279	116198279	harbor2	chr10	116056574	116056776	DNA/hAT-Charlie	555	+	101	116056675	58396
chr10	115998279	116198279	harbor2	chr10	116079528	116079739	DNA/hAT-Charlie	1065	+	106	116079634	81355
chr10	115998279	116198279	harbor2	chr10	116081751	116082032	DNA/hAT-Charlie	645	+	140	116081891	83612
chr10	10322756	10522756	harbor2	chr10	10379609	10379874	DNA/hAT-Charlie	834	+	132	10379741	56985
chr10	10322756	10522756	harbor2	chr10	10391835	10392013	DNA/hAT-Charlie	834	+	89	10391924	69168
chr10	10322756	10522756	harbor2	chr10	10371053	10371228	DNA/hAT-Charlie	517	+	88	10371141	48385
chr10	125342299	125542299	harbor2	chr10	125375369	125375570	DNA/hAT-Charlie	1107	+	100	125375469	33170
chr10	125342299	125542299	harbor2	chr10	125410298	125410538	DNA/hAT-Charlie	717	+	120	125410418	68119
chr10	125342299	125542299	harbor2	chr10	125416968	125417311	DNA/hAT-Charlie	2166	+	172	125417140	74841
chr10	125342299	125542299	harbor2	chr10	125422556	125423194	DNA/hAT-Charlie	1186	+	319	125422875	80576
chr10	125342299	125542299	harbor2	chr10	125427647	125427805	DNA/hAT-Charlie	619	+	79	125427726	85427
chr10	84620101	84820101	harbor2	chr10	84634198	84634295	DNA/hAT-Charlie	724	+	48	84634246	14145
chr10	84620101	84820101	harbor2	chr10	84635107	84635507	DNA/hAT-Charlie	724	+	200	84635307	15206
chr10	84620101	84820101	harbor2	chr10	84635684	84635839	DNA/hAT-Charlie	503	+	78	84635762	15661
chr10	84620101	84820101	harbor2	chr10	84636351	84637238	DNA/hAT-Charlie	1291	+	444	84636795	16694
chr10	84620101	84820101	harbor2	chr10	84643046	84643263	DNA/hAT-Charlie	580	+	108	84643154	23053
chr10	84620101	84820101	harbor2	chr10	84643572	84643612	DNA/hAT-Charlie	580	+	20	84643592	23491
chr10	65892389	66092389	harbor2	chr10	65933203	65933451	DNA/hAT-Charlie	947	+	124	65933327	40938
chr10	65892389	66092389	harbor2	chr10	65949883	65950027	DNA/hAT-Charlie	651	+	72	65949955	57566
chr10	38911967	39111967	harbor2	chr10	38923575	38923763	DNA/hAT-Charlie	515	+	94	38923669	11702
chr10	38911967	39111967	harbor2	chr10	38998814	38998987	DNA/hAT-Charlie	611	+	86	38998900	86933
chr10	102901191	103101191	harbor2	chr10	102905898	102905975	DNA/hAT-Charlie	661	+	38	102905936	4745
chr10	102901191	103101191	harbor2	chr10	102906277	102906495	DNA/hAT-Charlie	661	+	109	102906386	5195
chr10	102901191	103101191	harbor2	chr10	102970323	102970530	DNA/hAT-Charlie	1194	+	104	102970427	69236
chr10	123228199	123428199	harbor2	chr10	123289297	123289521	DNA/hAT-Charlie	1354	+	112	123289409	61210
chr10	115793897	115993897	harbor2	chr10	115886038	115886227	DNA/hAT-Charlie	563	+	94	115886132	92235
chr10	115793897	115993897	harbor2	chr10	115886542	115886799	DNA/hAT-Charlie	725	+	128	115886670	92773
chr10	115793897	115993897	harbor2	chr10	115887051	115887183	DNA/hAT-Charlie	648	+	66	115887117	93220
chr10	87748728	87948728	harbor2	chr10	87794510	87794700	DNA/hAT-Charlie	944	+	95	87794605	45877
chr10	43774270	43974270	harbor2	chr10	43823832	43824156	DNA/hAT-Charlie	1949	+	162	43823994	49724
chr10	43774270	43974270	harbor2	chr10	43828772	43828954	DNA/hAT-Charlie	811	+	91	43828863	54593
chr10	125084869	125284869	harbor2	chr10	125094598	125094779	DNA/hAT-Charlie	833	+	90	125094688	9819
chr10	125084869	125284869	harbor2	chr10	125136009	125136172	DNA/hAT-Charlie	456	+	82	125136091	51222
chr10	125084869	125284869	harbor2	chr10	125168700	125168996	DNA/hAT-Charlie	1077	+	148	125168848	83979
chr10	113681281	113881281	harbor2	chr10	113699251	113699438	DNA/hAT-Charlie	410	+	94	113699345	18064
chr10	113681281	113881281	harbor2	chr10	113733104	113733266	DNA/hAT-Charlie	791	+	81	113733185	51904
chr10	113681281	113881281	harbor2	chr10	113738667	113738823	DNA/hAT-Charlie	708	+	78	113738745	57464
chr10	113681281	113881281	harbor2	chr10	113773059	113773264	DNA/hAT-Charlie	680	+	102	113773161	91880
chr10	125355264	125555264	harbor2	chr10	125375369	125375570	DNA/hAT-Charlie	1107	+	100	125375469	20205
chr10	125355264	125555264	harbor2	chr10	125410298	125410538	DNA/hAT-Charlie	717	+	120	125410418	55154
chr10	125355264	125555264	harbor2	chr10	125416968	125417311	DNA/hAT-Charlie	2166	+	172	125417140	61876
chr10	125355264	125555264	harbor2	chr10	125422556	125423194	DNA/hAT-Charlie	1186	+	319	125422875	67611
chr10	125355264	125555264	harbor2	chr10	125427647	125427805	DNA/hAT-Charlie	619	+	79	125427726	72462
chr10	121683166	121883166	harbor2	chr10	121704337	121704683	DNA/hAT-Charlie	2175	+	173	121704510	21344
chr10	121683166	121883166	harbor2	chr10	121776563	121776732	DNA/hAT-Charlie	429	+	84	121776647	93481
chr10	111547818	111747818	harbor2	chr10	111567812	111567960	DNA/hAT-Charlie	743	+	74	111567886	20068
chr10	111547818	111747818	harbor2	chr10	111569747	111569848	DNA/hAT-Charlie	477	+	50	111569797	21979
chr10	117001516	117201516	harbor2	chr10	117060249	117060457	DNA/hAT-Charlie	706	+	104	117060353	58837
chr10	117001516	117201516	harbor2	chr10	117074436	117074549	DNA/hAT-Charlie	536	+	56	117074492	72976
chr10	117001516	117201516	harbor2	chr10	117100267	117100434	DNA/hAT-Charlie	767	+	84	117100351	98835
chr10	126236799	126436799	harbor2	chr10	126270409	126270559	DNA/hAT-Charlie	839	+	75	126270484	33685
chr10	126236799	126436799	harbor2	chr10	126279082	126279170	DNA/hAT-Charlie	567	+	44	126279126	42327
chr10	126236799	126436799	harbor2	chr10	126279752	126280033	DNA/hAT-Charlie	567	+	140	126279892	43093
chr10	126236799	126436799	harbor2	chr10	126300989	126301211	DNA/hAT-Charlie	1173	+	111	126301100	64301
chr10	126236799	126436799	harbor2	chr10	126303956	126304152	DNA/hAT-Charlie	881	+	98	126304054	67255
chr10	126236799	126436799	harbor2	chr10	126320002	126320140	DNA/hAT-Charlie	548	+	69	126320071	83272
chr10	126236799	126436799	harbor2	chr10	126322004	126322314	DNA/hAT-Charlie	1089	+	155	126322159	85360
chr10	126236799	126436799	harbor2	chr10	126322395	126322575	DNA/hAT-Charlie	597	+	90	126322485	85686
chr10	42677636	42877636	harbor2	chr10	42721207	42721379	DNA/hAT-Charlie	815	+	86	42721293	43657
chr10	42677636	42877636	harbor2	chr10	42721388	42721602	DNA/hAT-Charlie	802	+	107	42721495	43859
chr10	42677636	42877636	harbor2	chr10	42773042	42773214	DNA/hAT-Charlie	699	+	86	42773128	95492
chr10	112776422	112976422	harbor2	chr10	112799285	112799547	DNA/hAT-Charlie	780	+	131	112799416	22994
chr10	112776422	112976422	harbor2	chr10	112805188	112805487	DNA/hAT-Charlie	1435	+	150	112805338	28916
chr10	112776422	112976422	harbor2	chr10	112805951	112805992	DNA/hAT-Charlie	1435	+	20	112805971	29549
chr10	112776422	112976422	harbor2	chr10	112872498	112872831	DNA/hAT-Charlie	1524	+	166	112872664	96242
chr10	125566545	125766545	harbor2	chr10	125566420	125566576	DNA/hAT-Charlie	868	+	78	125566498	47
chr10	125566545	125766545	harbor2	chr10	125604166	125604381	DNA/hAT-Charlie	1485	+	108	125604274	37729
chr10	125566545	125766545	harbor2	chr10	125604828	125605106	DNA/hAT-Charlie	2023	+	139	125604967	38422
chr10	125566545	125766545	harbor2	chr10	125610398	125610547	DNA/hAT-Charlie	728	+	74	125610472	43927
chr10	125566545	125766545	harbor2	chr10	125642577	125642844	DNA/hAT-Charlie	1060	+	134	125642711	76166
chr10	125566545	125766545	harbor2	chr10	125642871	125642930	DNA/hAT-Charlie	1060	+	30	125642901	76356
chr10	125566545	125766545	harbor2	chr10	125659917	125660128	DNA/hAT-Charlie	1447	+	106	125660023	93478
chr10	125566545	125766545	harbor2	chr10	125660425	125660537	DNA/hAT-Charlie	1447	+	56	125660481	93936
chr10	90827380	91027380	harbor2	chr10	90843779	90844116	DNA/hAT-Charlie	1903	+	168	90843947	16567
chr10	90827380	91027380	harbor2	chr10	90844778	90844951	DNA/hAT-Charlie	677	+	86	90844864	17484
chr10	90827380	91027380	harbor2	chr10	90848803	90849018	DNA/hAT-Charlie	914	+	108	90848911	21531
chr10	90827380	91027380	harbor2	chr10	90870902	90871090	DNA/hAT-Charlie	579	+	94	90870996	43616
chr10	90827380	91027380	harbor2	chr10	90911855	90911963	DNA/hAT-Charlie	716	+	54	90911909	84529
chr10	90827380	91027380	harbor2	chr10	90925909	90926087	DNA/hAT-Charlie	545	+	89	90925998	98618
chr10	93011111	93211111	harbor2	chr10	93085378	93085534	DNA/hAT-Charlie	863	+	78	93085456	74345
chr10	99598013	99798013	harbor2	chr10	99626345	99626620	DNA/hAT-Charlie	654	+	138	99626483	28470
chr10	99598013	99798013	harbor2	chr10	99626661	99626782	DNA/hAT-Charlie	603	+	60	99626721	28708
chr10	99598013	99798013	harbor2	chr10	99628011	99628494	DNA/hAT-Charlie	1370	+	242	99628253	30240
chr10	99598013	99798013	harbor2	chr10	99668770	99668938	DNA/hAT-Charlie	413	+	84	99668854	70841
chr10	99598013	99798013	harbor2	chr10	99674205	99674317	DNA/hAT-Charlie	421	+	56	99674261	76248
chr10	99598013	99798013	harbor2	chr10	99674740	99675597	DNA/hAT-Charlie	4566	+	428	99675168	77155
chr10	99598013	99798013	harbor2	chr10	99675892	99676405	DNA/hAT-Charlie	4566	+	256	99676148	78135
chr10	113009159	113209159	harbor2	chr10	113010299	113010421	DNA/hAT-Charlie	419	+	61	113010360	1201
chr10	113009159	113209159	harbor2	chr10	113012096	113012273	DNA/hAT-Charlie	712	+	88	113012184	3025
chr10	113009159	113209159	harbor2	chr10	113035698	113035957	DNA/hAT-Charlie	1409	+	130	113035828	26669
chr10	113009159	113209159	harbor2	chr10	113047926	113048037	DNA/hAT-Charlie	426	+	56	113047982	38823
chr10	113009159	113209159	harbor2	chr10	113074765	113074951	DNA/hAT-Charlie	635	+	93	113074858	65699
chr10	87275270	87475270	harbor2	chr10	87296324	87296403	DNA/hAT-Charlie	1252	+	40	87296364	21094
chr10	87275270	87475270	harbor2	chr10	87296429	87296528	DNA/hAT-Charlie	1252	+	50	87296479	21209
chr10	87275270	87475270	harbor2	chr10	87296872	87297039	DNA/hAT-Charlie	816	+	84	87296956	21686
chr10	87275270	87475270	harbor2	chr10	87298260	87298401	DNA/hAT-Charlie	581	+	70	87298330	23060
chr10	33539298	33739298	harbor2	chr10	33616553	33617017	DNA/hAT-Charlie	842	+	232	33616785	77487
chr10	118251980	118451980	harbor2	chr10	118275523	118275796	DNA/hAT-Charlie	843	+	136	118275659	23679
chr10	118251980	118451980	harbor2	chr10	118311546	118311893	DNA/hAT-Charlie	1329	+	174	118311720	59740
chr10	118251980	118451980	harbor2	chr10	118328349	118328482	DNA/hAT-Charlie	465	+	66	118328415	76435
chr10	63999781	64199781	harbor2	chr10	64022638	64022984	DNA/hAT-Charlie	1235	+	173	64022811	23030
chr10	63999781	64199781	harbor2	chr10	64035225	64035394	DNA/hAT-Charlie	432	+	84	64035309	35528
chr10	63999781	64199781	harbor2	chr10	64086339	64086512	DNA/hAT-Charlie	556	+	86	64086425	86644
chr10	116754167	116954167	harbor2	chr10	116774397	116774509	DNA/hAT-Charlie	634	+	56	116774453	20286
chr10	116754167	116954167	harbor2	chr10	116810598	116810784	DNA/hAT-Charlie	1117	+	93	116810691	56524
chr10	94319252	94519252	harbor2	chr10	94343608	94343897	DNA/hAT-Charlie	1009	+	144	94343752	24500
chr10	94319252	94519252	harbor2	chr10	94350781	94351084	DNA/hAT-Charlie	750	+	152	94350933	31681
chr10	92302907	92502907	harbor2	chr10	92316443	92316558	DNA/hAT-Charlie	659	+	58	92316501	13594
chr10	92302907	92502907	harbor2	chr10	92316865	92316928	DNA/hAT-Charlie	659	+	32	92316897	13990
chr10	92302907	92502907	harbor2	chr10	92385034	92385118	DNA/hAT-Charlie	547	+	42	92385076	82169
chr10	92302907	92502907	harbor2	chr10	92385421	92385479	DNA/hAT-Charlie	547	+	29	92385450	82543
chr10	114601271	114801271	harbor2	chr10	114620190	114620328	DNA/hAT-Charlie	429	+	69	114620259	18988
chr10	114601271	114801271	harbor2	chr10	114620363	114620415	DNA/hAT-Charlie	802	+	26	114620389	19118
chr10	114601271	114801271	harbor2	chr10	114620712	114620925	DNA/hAT-Charlie	802	+	106	114620818	19547
chr10	114601271	114801271	harbor2	chr10	114623599	114623782	DNA/hAT-Charlie	1093	+	92	114623691	22420
chr10	114601271	114801271	harbor2	chr10	114628245	114628445	DNA/hAT-Charlie	881	+	100	114628345	27074
chr10	114601271	114801271	harbor2	chr10	114666249	114666413	DNA/hAT-Charlie	429	+	82	114666331	65060
chr10	114601271	114801271	harbor2	chr10	114678499	114678675	DNA/hAT-Charlie	1048	+	88	114678587	77316
chr10	114601271	114801271	harbor2	chr10	114694879	114695047	DNA/hAT-Charlie	646	+	84	114694963	93692
chr10	95795212	95995212	harbor2	chr10	95828060	95828568	DNA/hAT-Charlie	3626	+	254	95828314	33102
chr10	95795212	95995212	harbor2	chr10	95830388	95830487	DNA/hAT-Charlie	473	+	50	95830438	35226
chr10	95795212	95995212	harbor2	chr10	95839149	95839334	DNA/hAT-Charlie	758	+	92	95839241	44029
chr10	95795212	95995212	harbor2	chr10	95883266	95883408	DNA/hAT-Charlie	486	+	71	95883337	88125
chr10	104457848	104657848	harbor2	chr10	104475143	104475381	DNA/hAT-Charlie	627	+	119	104475262	17414
chr10	104457848	104657848	harbor2	chr10	104509451	104509627	DNA/hAT-Charlie	951	+	88	104509539	51691
chr10	104457848	104657848	harbor2	chr10	104514172	104514283	DNA/hAT-Charlie	489	+	56	104514228	56380
chr10	104457848	104657848	harbor2	chr10	104515107	104515316	DNA/hAT-Charlie	983	+	104	104515211	57363
chr10	104457848	104657848	harbor2	chr10	104547763	104547995	DNA/hAT-Charlie	882	+	116	104547879	90031
chr10	133152844	133352844	harbor2	chr10	133157282	133157706	DNA/hAT-Charlie	984	+	212	133157494	4650
chr10	133152844	133352844	harbor2	chr10	133204233	133204370	DNA/hAT-Charlie	494	+	68	133204301	51457
chr10	125265626	125465626	harbor2	chr10	125295354	125295615	DNA/hAT-Charlie	617	+	130	125295484	29858
chr10	125265626	125465626	harbor2	chr10	125317910	125317996	DNA/hAT-Charlie	483	+	43	125317953	52327
chr10	125265626	125465626	harbor2	chr10	125318174	125318407	DNA/hAT-Charlie	1265	+	116	125318290	52664
chr10	37479582	37679582	harbor2	chr10	37498832	37499098	DNA/hAT-Charlie	619	+	133	37498965	19383
chr10	37479582	37679582	harbor2	chr10	37507537	37507740	DNA/hAT-Charlie	522	+	102	37507639	28057
chr10	37479582	37679582	harbor2	chr10	37528833	37529178	DNA/hAT-Charlie	1208	+	172	37529005	49423
chr10	37479582	37679582	harbor2	chr10	37529575	37530073	DNA/hAT-Charlie	848	+	249	37529824	50242
chr10	37479582	37679582	harbor2	chr10	37534807	37535017	DNA/hAT-Charlie	890	+	105	37534912	55330
chr10	38851420	39051420	harbor2	chr10	38923575	38923763	DNA/hAT-Charlie	515	+	94	38923669	72249
chr10	126496146	126696146	harbor2	chr10	126499044	126499180	DNA/hAT-Charlie	730	+	68	126499112	2966
chr10	126496146	126696146	harbor2	chr10	126499299	126499402	DNA/hAT-Charlie	472	+	52	126499351	3205
chr10	126496146	126696146	harbor2	chr10	126507662	126507817	DNA/hAT-Charlie	460	+	78	126507740	11594
chr10	126496146	126696146	harbor2	chr10	126518180	126518353	DNA/hAT-Charlie	548	+	86	126518266	22120
chr10	126496146	126696146	harbor2	chr10	126531236	126531457	DNA/hAT-Charlie	1006	+	110	126531346	35200
chr10	77013521	77213521	harbor2	chr10	77018321	77018439	DNA/hAT-Charlie	490	+	59	77018380	4859
chr10	77013521	77213521	harbor2	chr10	77031179	77031492	DNA/hAT-Charlie	807	+	156	77031335	17814
chr10	111723424	111923424	harbor2	chr10	111771121	111771251	DNA/hAT-Charlie	515	+	65	111771186	47762
chr10	111723424	111923424	harbor2	chr10	111771258	111772100	DNA/hAT-Charlie	1977	+	421	111771679	48255
chr10	123436531	123636531	harbor2	chr10	123446893	123447004	DNA/hAT-Charlie	443	+	56	123446949	10418
chr10	123436531	123636531	harbor2	chr10	123473975	123474107	DNA/hAT-Charlie	632	+	66	123474041	37510
chr10	86631083	86831083	harbor2	chr10	86703756	86703831	DNA/hAT-Charlie	596	+	38	86703794	72711
chr10	86631083	86831083	harbor2	chr10	86704147	86704250	DNA/hAT-Charlie	596	+	52	86704199	73116
chr10	86631083	86831083	harbor2	chr10	86721640	86721813	DNA/hAT-Charlie	1073	+	86	86721726	90643
chr10	25617061	25817061	harbor2	chr10	25677520	25678092	DNA/hAT-Charlie	804	+	286	25677806	60745
chr10	119497380	119697380	harbor2	chr10	119525005	119525148	DNA/hAT-Charlie	546	+	72	119525077	27697
chr10	117002919	117202919	harbor2	chr10	117060249	117060457	DNA/hAT-Charlie	706	+	104	117060353	57434
chr10	117002919	117202919	harbor2	chr10	117074436	117074549	DNA/hAT-Charlie	536	+	56	117074492	71573
chr10	117002919	117202919	harbor2	chr10	117100267	117100434	DNA/hAT-Charlie	767	+	84	117100351	97432
chr10	69806733	70006733	harbor2	chr10	69817005	69817193	DNA/hAT-Charlie	730	+	94	69817099	10366
chr10	69806733	70006733	harbor2	chr10	69827304	69827465	DNA/hAT-Charlie	462	+	80	69827384	20651
chr10	69806733	70006733	harbor2	chr10	69851479	69851642	DNA/hAT-Charlie	957	+	82	69851561	44828
chr10	69806733	70006733	harbor2	chr10	69851955	69852014	DNA/hAT-Charlie	957	+	30	69851985	45252
chr10	69806733	70006733	harbor2	chr10	69856076	69856434	DNA/hAT-Charlie	1071	+	179	69856255	49522
chr10	69806733	70006733	harbor2	chr10	69857423	69857687	DNA/hAT-Charlie	1258	+	132	69857555	50822
chr10	69806733	70006733	harbor2	chr10	69861672	69861828	DNA/hAT-Charlie	477	+	78	69861750	55017
chr10	131290672	131490672	harbor2	chr10	131389324	131389673	DNA/hAT-Charlie	938	+	174	131389498	98826
chr10	131267561	131467561	harbor2	chr10	131286855	131287158	DNA/hAT-Charlie	1136	+	152	131287007	19446
chr10	104749229	104949229	harbor2	chr10	104762508	104762547	DNA/hAT-Charlie	471	+	20	104762528	13299
chr10	104749229	104949229	harbor2	chr10	104762908	104763050	DNA/hAT-Charlie	471	+	71	104762979	13750
chr10	104749229	104949229	harbor2	chr10	104763078	104763244	DNA/hAT-Charlie	739	+	83	104763161	13932
chr10	104749229	104949229	harbor2	chr10	104771116	104771272	DNA/hAT-Charlie	747	+	78	104771194	21965
chr10	104749229	104949229	harbor2	chr10	104773865	104774001	DNA/hAT-Charlie	642	+	68	104773933	24704
chr10	104749229	104949229	harbor2	chr10	104777522	104777730	DNA/hAT-Charlie	1135	+	104	104777626	28397
chr10	104749229	104949229	harbor2	chr10	104784191	104784411	DNA/hAT-Charlie	1306	+	110	104784301	35072
chr10	104749229	104949229	harbor2	chr10	104796290	104796748	DNA/hAT-Charlie	1308	+	229	104796519	47290
chr10	104749229	104949229	harbor2	chr10	104803354	104803578	DNA/hAT-Charlie	499	+	112	104803466	54237
chr10	74840912	75040912	harbor2	chr10	74848251	74848355	DNA/hAT-Charlie	766	+	52	74848303	7391
chr10	74840912	75040912	harbor2	chr10	74848542	74848667	DNA/hAT-Charlie	793	+	62	74848604	7692
chr10	74840912	75040912	harbor2	chr10	74862392	74862546	DNA/hAT-Charlie	642	+	77	74862469	21557
chr10	74840912	75040912	harbor2	chr10	74873953	74874190	DNA/hAT-Charlie	693	+	118	74874071	33159
chr10	74840912	75040912	harbor2	chr10	74884898	74885069	DNA/hAT-Charlie	1042	+	86	74884984	44072
chr10	74840912	75040912	harbor2	chr10	74885306	74885376	DNA/hAT-Charlie	1042	+	35	74885341	44429
chr10	74840912	75040912	harbor2	chr10	74938157	74938323	DNA/hAT-Charlie	770	+	83	74938240	97328
chr10	124003783	124203783	harbor2	chr10	124048118	124048372	DNA/hAT-Charlie	633	+	127	124048245	44462
chr10	93736984	93936984	harbor2	chr10	93751594	93751725	DNA/hAT-Charlie	621	+	66	93751660	14676
chr10	93736984	93936984	harbor2	chr10	93774202	93774361	DNA/hAT-Charlie	631	+	80	93774282	37298
chr10	93736984	93936984	harbor2	chr10	93778083	93778282	DNA/hAT-Charlie	1102	+	100	93778183	41199
chr10	93736984	93936984	harbor2	chr10	93791974	93792107	DNA/hAT-Charlie	651	+	66	93792040	55056
chr10	93736984	93936984	harbor2	chr10	93792105	93792485	DNA/hAT-Charlie	1991	+	190	93792295	55311
chr10	93736984	93936984	harbor2	chr10	93817876	93818084	DNA/hAT-Charlie	970	+	104	93817980	80996
chr10	93736984	93936984	harbor2	chr10	93828979	93829156	DNA/hAT-Charlie	554	+	88	93829067	92083
chr10	28366450	28566450	harbor2	chr10	28382874	28383111	DNA/hAT-Charlie	1422	+	118	28382992	16542
chr10	28366450	28566450	harbor2	chr10	28383395	28383485	DNA/hAT-Charlie	1422	+	45	28383440	16990
chr10	28366450	28566450	harbor2	chr10	28391339	28391862	DNA/hAT-Charlie	3569	+	262	28391601	25151
chr10	28366450	28566450	harbor2	chr10	28411595	28411824	DNA/hAT-Charlie	973	+	114	28411709	45259
chr10	28366450	28566450	harbor2	chr10	28445879	28445984	DNA/hAT-Charlie	488	+	52	28445931	79481
chr10	122797993	122997993	harbor2	chr10	122805379	122805525	DNA/hAT-Charlie	460	+	73	122805452	7459
chr10	122797993	122997993	harbor2	chr10	122811909	122812252	DNA/hAT-Charlie	2119	+	172	122812081	14088
chr10	122797993	122997993	harbor2	chr10	122825881	122826027	DNA/hAT-Charlie	509	+	73	122825954	27961
chr10	122797993	122997993	harbor2	chr10	122838701	122838890	DNA/hAT-Charlie	585	+	94	122838795	40802
chr10	122797993	122997993	harbor2	chr10	122840216	122840407	DNA/hAT-Charlie	824	+	96	122840312	42319
chr10	122797993	122997993	harbor2	chr10	122874717	122874912	DNA/hAT-Charlie	1208	+	98	122874815	76822
chr10	122295715	122495715	harbor2	chr10	122337187	122337339	DNA/hAT-Charlie	417	+	76	122337263	41548
chr10	122295715	122495715	harbor2	chr10	122344209	122344334	DNA/hAT-Charlie	625	+	62	122344271	48556
chr10	91935025	92135025	harbor2	chr10	91979831	91979957	DNA/hAT-Charlie	427	+	63	91979894	44869
chr10	29036168	29236168	harbor2	chr10	29072601	29072783	DNA/hAT-Charlie	756	+	91	29072692	36524
chr10	29036168	29236168	harbor2	chr10	29126565	29126682	DNA/hAT-Charlie	644	+	58	29126623	90455
chr10	83828067	84028067	harbor2	chr10	83888827	83888995	DNA/hAT-Charlie	446	+	84	83888911	60844
chr10	83828067	84028067	harbor2	chr10	83904847	83905006	DNA/hAT-Charlie	409	+	80	83904927	76860
chr10	83828067	84028067	harbor2	chr10	83927126	83927403	DNA/hAT-Charlie	835	+	138	83927264	99197
chr10	131755583	131955583	harbor2	chr10	131773433	131773578	DNA/hAT-Charlie	582	+	72	131773505	17922
chr10	131755583	131955583	harbor2	chr10	131789189	131789519	DNA/hAT-Charlie	2156	+	165	131789354	33771
chr10	131755583	131955583	harbor2	chr10	131831218	131831449	DNA/hAT-Charlie	438	+	116	131831334	75751
chr10	102961335	103161335	harbor2	chr10	102970323	102970530	DNA/hAT-Charlie	1194	+	104	102970427	9092
chr10	102961335	103161335	harbor2	chr10	103053135	103053232	DNA/hAT-Charlie	713	+	48	103053183	91848
chr10	102961335	103161335	harbor2	chr10	103053544	103053636	DNA/hAT-Charlie	713	+	46	103053590	92255
chr10	105237426	105437426	harbor2	chr10	105261381	105261551	DNA/hAT-Charlie	595	+	85	105261466	24040
chr10	105237426	105437426	harbor2	chr10	105302451	105302589	DNA/hAT-Charlie	675	+	69	105302520	65094
chr10	105237426	105437426	harbor2	chr10	105326052	105326212	DNA/hAT-Charlie	553	+	80	105326132	88706
chr10	108276561	108476561	harbor2	chr10	108299511	108299657	DNA/hAT-Charlie	439	+	73	108299584	23023
chr10	108276561	108476561	harbor2	chr10	108366533	108366737	DNA/hAT-Charlie	814	+	102	108366635	90074
chr10	108276561	108476561	harbor2	chr10	108367979	108368142	DNA/hAT-Charlie	686	+	82	108368061	91500
chr10	108276561	108476561	harbor2	chr10	108368158	108368335	DNA/hAT-Charlie	611	+	88	108368246	91685
chr10	132523710	132723710	harbor2	chr10	132536528	132536773	DNA/hAT-Charlie	454	+	122	132536650	12940
chr10	124709102	124909102	harbor2	chr10	124725979	124726150	DNA/hAT-Charlie	587	+	86	124726065	16963
chr10	124709102	124909102	harbor2	chr10	124730617	124730809	DNA/hAT-Charlie	684	+	96	124730713	21611
chr10	120208288	120408288	harbor2	chr10	120208633	120208839	DNA/hAT-Charlie	1065	+	103	120208736	448
chr10	133153140	133353140	harbor2	chr10	133157282	133157706	DNA/hAT-Charlie	984	+	212	133157494	4354
chr10	133153140	133353140	harbor2	chr10	133204233	133204370	DNA/hAT-Charlie	494	+	68	133204301	51161
chr10	116804822	117004822	harbor2	chr10	116810598	116810784	DNA/hAT-Charlie	1117	+	93	116810691	5869
chr10	116804822	117004822	harbor2	chr10	116865613	116865823	DNA/hAT-Charlie	769	+	105	116865718	60896
chr10	131741733	131941733	harbor2	chr10	131752378	131752666	DNA/hAT-Charlie	864	+	144	131752522	10789
chr10	131741733	131941733	harbor2	chr10	131773433	131773578	DNA/hAT-Charlie	582	+	72	131773505	31772
chr10	131741733	131941733	harbor2	chr10	131789189	131789519	DNA/hAT-Charlie	2156	+	165	131789354	47621
chr10	131741733	131941733	harbor2	chr10	131831218	131831449	DNA/hAT-Charlie	438	+	116	131831334	89601
chr10	107208296	107408296	harbor2	chr10	107251109	107251256	DNA/hAT-Charlie	623	+	74	107251183	42887
chr10	127618429	127818429	harbor2	chr10	127659344	127659423	DNA/hAT-Charlie	2364	+	40	127659384	40955
chr10	127618429	127818429	harbor2	chr10	127659724	127660058	DNA/hAT-Charlie	2364	+	167	127659891	41462
chr10	127618429	127818429	harbor2	chr10	127660338	127660866	DNA/hAT-Charlie	2364	+	264	127660602	42173
chr10	127618429	127818429	harbor2	chr10	127689428	127689596	DNA/hAT-Charlie	710	+	84	127689512	71083
chr10	108318135	108518135	harbor2	chr10	108366533	108366737	DNA/hAT-Charlie	814	+	102	108366635	48500
chr10	108318135	108518135	harbor2	chr10	108367979	108368142	DNA/hAT-Charlie	686	+	82	108368061	49926
chr10	108318135	108518135	harbor2	chr10	108368158	108368335	DNA/hAT-Charlie	611	+	88	108368246	50111
chr10	108318135	108518135	harbor2	chr10	108386142	108386425	DNA/hAT-Charlie	1328	+	142	108386284	68149
chr10	108318135	108518135	harbor2	chr10	108393743	108394039	DNA/hAT-Charlie	1093	+	148	108393891	75756
chr10	88574918	88774918	harbor2	chr10	88575298	88575475	DNA/hAT-Charlie	697	+	88	88575386	468
chr10	88574918	88774918	harbor2	chr10	88650815	88650921	DNA/hAT-Charlie	488	+	53	88650868	75950
chr10	131056253	131256253	harbor2	chr10	131059805	131060219	DNA/hAT-Charlie	913	+	207	131060012	3759
chr10	131056253	131256253	harbor2	chr10	131060559	131060848	DNA/hAT-Charlie	913	+	144	131060703	4450
chr10	131056253	131256253	harbor2	chr10	131118832	131119004	DNA/hAT-Charlie	856	+	86	131118918	62665
chr10	75516797	75716797	harbor2	chr10	75532726	75532876	DNA/hAT-Charlie	568	+	75	75532801	16004
chr10	75516797	75716797	harbor2	chr10	75545037	75545213	DNA/hAT-Charlie	655	+	88	75545125	28328
chr10	75516797	75716797	harbor2	chr10	75566331	75566494	DNA/hAT-Charlie	1039	+	82	75566413	49616
chr10	75516797	75716797	harbor2	chr10	75599642	75599837	DNA/hAT-Charlie	1247	+	98	75599740	82943
chr10	75516797	75716797	harbor2	chr10	75616417	75616519	DNA/hAT-Charlie	472	+	51	75616468	99671
chr10	108846617	109046617	harbor2	chr10	108932663	108932884	DNA/hAT-Charlie	1054	+	110	108932773	86156
chr10	108846617	109046617	harbor2	chr10	108904311	108904516	DNA/hAT-Charlie	824	+	102	108904413	57796
chr10	131256720	131456720	harbor2	chr10	131286855	131287158	DNA/hAT-Charlie	1136	+	152	131287007	30287
chr10	128050589	128250589	harbor2	chr10	128093702	128093873	DNA/hAT-Charlie	540	+	86	128093788	43199
chr10	128050589	128250589	harbor2	chr10	128127654	128128095	DNA/hAT-Charlie	1451	+	220	128127874	77285
chr10	129727898	129927898	harbor2	chr10	129739671	129739884	DNA/hAT-Charlie	1423	+	106	129739777	11879
chr10	100593749	100793749	harbor2	chr10	100637160	100637246	DNA/hAT-Charlie	501	+	43	100637203	43454
chr10	100593749	100793749	harbor2	chr10	100676227	100676388	DNA/hAT-Charlie	1110	+	80	100676307	82558
chr10	100593749	100793749	harbor2	chr10	100676414	100676525	DNA/hAT-Charlie	1110	+	56	100676470	82721
chr10	127942419	128142419	harbor2	chr10	127962658	127962859	DNA/hAT-Charlie	490	+	100	127962758	20339
chr10	127942419	128142419	harbor2	chr10	128005232	128005446	DNA/hAT-Charlie	738	+	107	128005339	62920
chr10	99882955	100082955	harbor2	chr10	99957382	99957554	DNA/hAT-Charlie	5799	+	86	99957468	74513
chr10	99882955	100082955	harbor2	chr10	99958142	99959323	DNA/hAT-Charlie	5799	+	590	99958732	75777
chr10	106842850	107042850	harbor2	chr10	106878756	106878867	DNA/hAT-Charlie	537	+	56	106878812	35962
chr10	106842850	107042850	harbor2	chr10	106879164	106879450	DNA/hAT-Charlie	537	+	143	106879307	36457
chr10	106842850	107042850	harbor2	chr10	106889331	106889477	DNA/hAT-Charlie	479	+	73	106889404	46554
chr10	106842850	107042850	harbor2	chr10	106911680	106911830	DNA/hAT-Charlie	567	+	75	106911755	68905
chr10	102489603	102689603	harbor2	chr10	102565043	102565254	DNA/hAT-Charlie	881	+	106	102565149	75546
chr10	102489603	102689603	harbor2	chr10	102584539	102584855	DNA/hAT-Charlie	564	+	158	102584697	95094
chr10	68914592	69114592	harbor2	chr10	68972703	68972905	DNA/hAT-Charlie	587	+	101	68972804	58212
chr10	68914592	69114592	harbor2	chr10	68973210	68973306	DNA/hAT-Charlie	587	+	48	68973258	58666
chr10	90288138	90488138	harbor2	chr10	90347404	90347585	DNA/hAT-Charlie	660	+	90	90347494	59356
chr10	90288138	90488138	harbor2	chr10	90364050	90364245	DNA/hAT-Charlie	791	+	98	90364148	76010
chr10	90288138	90488138	harbor2	chr10	90364738	90365121	DNA/hAT-Charlie	1161	+	192	90364930	76792
chr10	90288138	90488138	harbor2	chr10	90365216	90365821	DNA/hAT-Charlie	2521	+	302	90365518	77380
chr10	90288138	90488138	harbor2	chr10	90371982	90372216	DNA/hAT-Charlie	953	+	117	90372099	83961
chr11	88809305	89009305	harbor2	chr11	88860918	88861139	DNA/hAT-Charlie	914	+	110	88861028	51723
chr11	88809305	89009305	harbor2	chr11	88862373	88862519	DNA/hAT-Charlie	462	+	73	88862446	53141
chr11	88809305	89009305	harbor2	chr11	88897540	88897743	DNA/hAT-Charlie	797	+	102	88897642	88337
chr11	94745263	94945263	harbor2	chr11	94746635	94746835	DNA/hAT-Charlie	517	+	100	94746735	1472
chr11	94745263	94945263	harbor2	chr11	94759909	94760094	DNA/hAT-Charlie	1136	+	92	94760001	14738
chr11	94745263	94945263	harbor2	chr11	94762323	94762530	DNA/hAT-Charlie	1155	+	104	94762427	17164
chr11	94745263	94945263	harbor2	chr11	94781893	94783104	DNA/hAT-Charlie	5077	+	606	94782499	37236
chr11	20697519	20897519	harbor2	chr11	20718162	20718348	DNA/hAT-Charlie	1010	+	93	20718255	20736
chr11	20697519	20897519	harbor2	chr11	20730290	20730409	DNA/hAT-Charlie	572	+	60	20730350	32831
chr11	20697519	20897519	harbor2	chr11	20734830	20734986	DNA/hAT-Charlie	738	+	78	20734908	37389
chr11	132076026	132276026	harbor2	chr11	132143222	132143403	DNA/hAT-Charlie	713	+	90	132143312	67286
chr11	132076026	132276026	harbor2	chr11	132144215	132144373	DNA/hAT-Charlie	818	+	79	132144294	68268
chr11	133599692	133799692	harbor2	chr11	133613252	133613362	DNA/hAT-Charlie	539	+	55	133613307	13615
chr11	133599692	133799692	harbor2	chr11	133613677	133613744	DNA/hAT-Charlie	539	+	34	133613711	14019
chr11	133599692	133799692	harbor2	chr11	133686533	133686847	DNA/hAT-Charlie	1154	+	157	133686690	86998
chr11	80406593	80606593	harbor2	chr11	80449734	80449807	DNA/hAT-Charlie	387	+	36	80449770	43177
chr11	80406593	80606593	harbor2	chr11	80498665	80498770	DNA/hAT-Charlie	537	+	52	80498717	92124
chr11	33799228	33999228	harbor2	chr11	33831281	33831403	DNA/hAT-Charlie	792	+	61	33831342	32114
chr11	33799228	33999228	harbor2	chr11	33860404	33860481	DNA/hAT-Charlie	633	+	38	33860442	61214
chr11	33799228	33999228	harbor2	chr11	33860804	33860925	DNA/hAT-Charlie	633	+	60	33860864	61636
chr11	56767441	56967441	harbor2	chr11	56767796	56767953	DNA/hAT-Charlie	672	+	78	56767874	433
chr11	56767441	56967441	harbor2	chr11	56780782	56780917	DNA/hAT-Charlie	1170	+	68	56780850	13409
chr11	56767441	56967441	harbor2	chr11	56781275	56781793	DNA/hAT-Charlie	1170	+	259	56781534	14093
chr11	56767441	56967441	harbor2	chr11	56851641	56851794	DNA/hAT-Charlie	437	+	76	56851717	84276
chr11	56767441	56967441	harbor2	chr11	56863242	56863374	DNA/hAT-Charlie	424	+	66	56863308	95867
chr11	67823502	68023502	harbor2	chr11	67857739	67857890	DNA/hAT-Charlie	722	+	76	67857815	34313
chr11	67823502	68023502	harbor2	chr11	67859536	67859757	DNA/hAT-Charlie	1204	+	110	67859646	36144
chr11	67823502	68023502	harbor2	chr11	67907915	67908131	DNA/hAT-Charlie	841	+	108	67908023	84521
chr11	113602741	113802741	harbor2	chr11	113602986	113603224	DNA/hAT-Charlie	705	+	119	113603105	364
chr11	113602741	113802741	harbor2	chr11	113612967	113613207	DNA/hAT-Charlie	1098	+	120	113613087	10346
chr11	113602741	113802741	harbor2	chr11	113613480	113613529	DNA/hAT-Charlie	506	+	24	113613504	10763
chr11	113602741	113802741	harbor2	chr11	113613937	113614001	DNA/hAT-Charlie	506	+	32	113613969	11228
chr11	113602741	113802741	harbor2	chr11	113618895	113619044	DNA/hAT-Charlie	615	+	74	113618969	16228
chr11	113602741	113802741	harbor2	chr11	113669353	113669428	DNA/hAT-Charlie	1032	+	38	113669391	66650
chr11	113602741	113802741	harbor2	chr11	113669681	113669795	DNA/hAT-Charlie	1032	+	57	113669738	66997
chr11	113602741	113802741	harbor2	chr11	113671090	113671244	DNA/hAT-Charlie	599	+	77	113671167	68426
chr11	113602741	113802741	harbor2	chr11	113677303	113677522	DNA/hAT-Charlie	891	+	110	113677413	74672
chr11	113602741	113802741	harbor2	chr11	113691274	113691632	DNA/hAT-Charlie	936	+	179	113691453	88712
chr11	97054077	97254077	harbor2	chr11	97075607	97075796	DNA/hAT-Charlie	719	+	94	97075701	21624
chr11	97054077	97254077	harbor2	chr11	97110702	97110911	DNA/hAT-Charlie	1076	+	104	97110806	56729
chr11	132269289	132469289	harbor2	chr11	132293603	132293952	DNA/hAT-Charlie	1327	+	174	132293777	24488
chr11	105509477	105709477	harbor2	chr11	105530139	105530318	DNA/hAT-Charlie	695	+	90	105530229	20752
chr11	105509477	105709477	harbor2	chr11	105577097	105577511	DNA/hAT-Charlie	1284	+	207	105577304	67827
chr11	105509477	105709477	harbor2	chr11	105597402	105598461	DNA/hAT-Charlie	1970	+	530	105597932	88455
chr11	105509477	105709477	harbor2	chr11	105599702	105600199	DNA/hAT-Charlie	1123	+	248	105599950	90473
chr11	105509477	105709477	harbor2	chr11	105600278	105600544	DNA/hAT-Charlie	911	+	133	105600411	90934
chr11	105509477	105709477	harbor2	chr11	105578094	105578738	DNA/hAT-Charlie	607	+	322	105578416	68939
chr11	64288974	64488974	harbor2	chr11	64375780	64375836	DNA/hAT-Charlie	781	+	28	64375808	86834
chr11	64288974	64488974	harbor2	chr11	64376125	64376373	DNA/hAT-Charlie	781	+	124	64376249	87275
chr11	121785436	121985436	harbor2	chr11	121883968	121884178	DNA/hAT-Charlie	1464	+	105	121884073	98637
chr11	106411230	106611230	harbor2	chr11	106461767	106461966	DNA/hAT-Charlie	820	+	100	106461867	50637
chr11	122761608	122961608	harbor2	chr11	122782354	122782560	DNA/hAT-Charlie	1033	+	103	122782457	20849
chr11	122761608	122961608	harbor2	chr11	122833478	122833754	DNA/hAT-Charlie	909	+	138	122833616	72008
chr11	122761608	122961608	harbor2	chr11	122840362	122840493	DNA/hAT-Charlie	383	+	66	122840428	78820
chr11	122761608	122961608	harbor2	chr11	122851516	122851645	DNA/hAT-Charlie	506	+	64	122851580	89972
chr11	122761608	122961608	harbor2	chr11	122860017	122860053	DNA/hAT-Charlie	434	+	18	122860035	98427
chr11	122761608	122961608	harbor2	chr11	122860350	122860428	DNA/hAT-Charlie	434	+	39	122860389	98781
chr11	87536864	87736864	harbor2	chr11	87555440	87555554	DNA/hAT-Charlie	399	+	57	87555497	18633
chr11	87536864	87736864	harbor2	chr11	87615743	87615862	DNA/hAT-Charlie	433	+	60	87615803	78939
chr11	89426752	89626752	harbor2	chr11	89486945	89487054	DNA/hAT-Charlie	554	+	54	89486999	60247
chr11	50026457	50226457	harbor2	chr11	50104712	50104852	DNA/hAT-Charlie	393	+	70	50104782	78325
chr11	50026457	50226457	harbor2	chr11	50105146	50105206	DNA/hAT-Charlie	393	+	30	50105176	78719
chr11	104576591	104776591	harbor2	chr11	104627552	104627674	DNA/hAT-Charlie	446	+	61	104627613	51022
chr11	104576591	104776591	harbor2	chr11	104653549	104653731	DNA/hAT-Charlie	3100	+	91	104653640	77049
chr11	104576591	104776591	harbor2	chr11	104653763	104654363	DNA/hAT-Charlie	3100	+	300	104654063	77472
chr11	119038352	119238352	harbor2	chr11	119076699	119076858	DNA/hAT-Charlie	880	+	80	119076779	38427
chr11	119038352	119238352	harbor2	chr11	119110269	119110454	DNA/hAT-Charlie	507	+	92	119110361	72009
chr11	119038352	119238352	harbor2	chr11	119118619	119119362	DNA/hAT-Charlie	1671	+	372	119118991	80639
chr11	122555078	122755078	harbor2	chr11	122574714	122574879	DNA/hAT-Charlie	1336	+	82	122574796	19718
chr11	122555078	122755078	harbor2	chr11	122575476	122575638	DNA/hAT-Charlie	1336	+	81	122575557	20479
chr11	122555078	122755078	harbor2	chr11	122579667	122579810	DNA/hAT-Charlie	459	+	72	122579739	24661
chr11	122555078	122755078	harbor2	chr11	122603330	122603376	DNA/hAT-Charlie	587	+	23	122603353	48275
chr11	122555078	122755078	harbor2	chr11	122603692	122603787	DNA/hAT-Charlie	587	+	48	122603740	48662
chr11	122555078	122755078	harbor2	chr11	122605384	122605593	DNA/hAT-Charlie	898	+	104	122605488	50410
chr11	96932710	97132710	harbor2	chr11	96981133	96981245	DNA/hAT-Charlie	416	+	56	96981189	48479
chr11	96932710	97132710	harbor2	chr11	97018250	97018750	DNA/hAT-Charlie	849	+	250	97018500	85790
chr11	85107485	85307485	harbor2	chr11	85109474	85109703	DNA/hAT-Charlie	387	+	114	85109588	2103
chr11	85107485	85307485	harbor2	chr11	85164902	85165067	DNA/hAT-Charlie	644	+	82	85164984	57499
chr11	129224657	129424657	harbor2	chr11	129232241	129232590	DNA/hAT-Charlie	1180	+	174	129232415	7758
chr11	129224657	129424657	harbor2	chr11	129253891	129254233	DNA/hAT-Charlie	514	+	171	129254062	29405
chr11	115763104	115963104	harbor2	chr11	115796439	115796651	DNA/hAT-Charlie	1033	+	106	115796545	33441
chr11	115763104	115963104	harbor2	chr11	115836530	115836688	DNA/hAT-Charlie	827	+	79	115836609	73505
chr11	115763104	115963104	harbor2	chr11	115838306	115838459	DNA/hAT-Charlie	477	+	76	115838382	75278
chr11	104219399	104419399	harbor2	chr11	104226597	104226944	DNA/hAT-Charlie	1026	+	174	104226771	7372
chr11	104219399	104419399	harbor2	chr11	104288200	104288363	DNA/hAT-Charlie	417	+	82	104288282	68883
chr11	133691837	133891837	harbor2	chr11	133780487	133780648	DNA/hAT-Charlie	603	+	80	133780567	88730
chr11	128358885	128558885	harbor2	chr11	128368756	128368901	DNA/hAT-Charlie	593	+	72	128368828	9943
chr11	128358885	128558885	harbor2	chr11	128383364	128383577	DNA/hAT-Charlie	975	+	106	128383470	24585
chr11	128358885	128558885	harbor2	chr11	128418040	128418474	DNA/hAT-Charlie	1307	+	217	128418257	59372
chr11	72791212	72991212	harbor2	chr11	72802420	72802702	DNA/hAT-Charlie	792	+	141	72802561	11349
chr11	72791212	72991212	harbor2	chr11	72811643	72811672	DNA/hAT-Charlie	411	+	14	72811657	20445
chr11	72791212	72991212	harbor2	chr11	72812295	72812575	DNA/hAT-Charlie	411	+	140	72812435	21223
chr11	130078647	130278647	harbor2	chr11	130112109	130112427	DNA/hAT-Charlie	1347	+	159	130112268	33621
chr11	130078647	130278647	harbor2	chr11	130112466	130112594	DNA/hAT-Charlie	591	+	64	130112530	33883
chr11	114097142	114297142	harbor2	chr11	114131121	114131351	DNA/hAT-Charlie	962	+	115	114131236	34094
chr11	114097142	114297142	harbor2	chr11	114187671	114188205	DNA/hAT-Charlie	3530	+	267	114187938	90796
chr11	95485116	95685116	harbor2	chr11	95485120	95485253	DNA/hAT-Charlie	713	+	66	95485186	70
chr11	94562424	94762424	harbor2	chr11	94563628	94563840	DNA/hAT-Charlie	1144	+	106	94563734	1310
chr11	94562424	94762424	harbor2	chr11	94575500	94575614	DNA/hAT-Charlie	380	+	57	94575557	13133
chr11	94562424	94762424	harbor2	chr11	94586625	94586833	DNA/hAT-Charlie	1133	+	104	94586729	24305
chr11	94562424	94762424	harbor2	chr11	94594862	94595197	DNA/hAT-Charlie	1265	+	168	94595030	32606
chr11	94562424	94762424	harbor2	chr11	94637692	94637805	DNA/hAT-Charlie	589	+	56	94637748	75324
chr11	126756558	126956558	harbor2	chr11	126759015	126759137	DNA/hAT-Charlie	429	+	61	126759076	2518
chr11	126756558	126956558	harbor2	chr11	126759428	126759571	DNA/hAT-Charlie	429	+	72	126759500	2942
chr11	126756558	126956558	harbor2	chr11	126777150	126777311	DNA/hAT-Charlie	792	+	80	126777230	20672
chr11	25046314	25246314	harbor2	chr11	25122778	25122968	DNA/hAT-Charlie	423	+	95	25122873	76559
chr11	25046314	25246314	harbor2	chr11	25139254	25139326	DNA/hAT-Charlie	489	+	36	25139290	92976
chr11	25046314	25246314	harbor2	chr11	25139663	25139760	DNA/hAT-Charlie	489	+	48	25139711	93397
chr11	25046314	25246314	harbor2	chr11	25100153	25100355	DNA/hAT-Charlie	1287	+	101	25100254	53940
chr11	101525974	101725974	harbor2	chr11	101560226	101560481	DNA/hAT-Charlie	442	+	128	101560354	34380
chr11	101525974	101725974	harbor2	chr11	101581753	101581915	DNA/hAT-Charlie	700	+	81	101581834	55860
chr11	101525974	101725974	harbor2	chr11	101592402	101592571	DNA/hAT-Charlie	604	+	84	101592486	66512
chr11	103600260	103800260	harbor2	chr11	103606708	103606812	DNA/hAT-Charlie	428	+	52	103606760	6500
chr11	103600260	103800260	harbor2	chr11	103683674	103683850	DNA/hAT-Charlie	695	+	88	103683762	83502
chr11	103600260	103800260	harbor2	chr11	103693054	103693225	DNA/hAT-Charlie	643	+	86	103693140	92880
chr11	126600636	126800636	harbor2	chr11	126614426	126614607	DNA/hAT-Charlie	582	+	90	126614516	13880
chr11	126600636	126800636	harbor2	chr11	126694985	126695196	DNA/hAT-Charlie	864	+	106	126695091	94455
chr11	130471575	130671575	harbor2	chr11	130547660	130547803	DNA/hAT-Charlie	509	+	72	130547732	76157
chr11	130489213	130689213	harbor2	chr11	130547660	130547803	DNA/hAT-Charlie	509	+	72	130547732	58519
chr11	116169971	116369971	harbor2	chr11	116183501	116183650	DNA/hAT-Charlie	512	+	74	116183575	13604
chr11	116169971	116369971	harbor2	chr11	116213700	116213882	DNA/hAT-Charlie	730	+	91	116213791	43820
chr11	75456332	75656332	harbor2	chr11	75480733	75481037	DNA/hAT-Charlie	1714	+	152	75480885	24553
chr11	111194744	111394744	harbor2	chr11	111195243	111195462	DNA/hAT-Charlie	531	+	110	111195353	609
chr11	111194744	111394744	harbor2	chr11	111209660	111209851	DNA/hAT-Charlie	645	+	96	111209756	15012
chr11	125925704	126125704	harbor2	chr11	125930049	125930551	DNA/hAT-Charlie	3385	+	251	125930300	4596
chr11	125925704	126125704	harbor2	chr11	125933179	125933349	DNA/hAT-Charlie	751	+	85	125933264	7560
chr11	125925704	126125704	harbor2	chr11	125934295	125934342	DNA/hAT-Charlie	680	+	24	125934319	8615
chr11	125925704	126125704	harbor2	chr11	125935104	125935209	DNA/hAT-Charlie	680	+	52	125935156	9452
chr11	125925704	126125704	harbor2	chr11	125949018	125949240	DNA/hAT-Charlie	917	+	111	125949129	23425
chr11	125925704	126125704	harbor2	chr11	125975576	125975776	DNA/hAT-Charlie	940	+	100	125975676	49972
chr11	125925704	126125704	harbor2	chr11	125980417	125980723	DNA/hAT-Charlie	738	+	153	125980570	54866
chr11	113508218	113708218	harbor2	chr11	113510553	113510708	DNA/hAT-Charlie	713	+	78	113510631	2413
chr11	113508218	113708218	harbor2	chr11	113573371	113573475	DNA/hAT-Charlie	451	+	52	113573423	65205
chr11	113508218	113708218	harbor2	chr11	113602986	113603224	DNA/hAT-Charlie	705	+	119	113603105	94887
chr11	102412967	102612967	harbor2	chr11	102464149	102464469	DNA/hAT-Charlie	2198	+	160	102464309	51342
chr11	102412967	102612967	harbor2	chr11	102464525	102464770	DNA/hAT-Charlie	542	+	122	102464647	51680
chr11	116627019	116827019	harbor2	chr11	116661639	116661781	DNA/hAT-Charlie	545	+	71	116661710	34691
chr11	116627019	116827019	harbor2	chr11	116689859	116690012	DNA/hAT-Charlie	582	+	76	116689935	62916
chr11	116627019	116827019	harbor2	chr11	116715863	116715972	DNA/hAT-Charlie	451	+	54	116715917	88898
chr11	133417051	133617051	harbor2	chr11	133432851	133432994	DNA/hAT-Charlie	539	+	72	133432923	15872
chr11	133417051	133617051	harbor2	chr11	133508021	133508178	DNA/hAT-Charlie	415	+	78	133508099	91048
chr11	133417051	133617051	harbor2	chr11	133515299	133515510	DNA/hAT-Charlie	1186	+	106	133515405	98354
chr11	36611572	36811572	harbor2	chr11	36616750	36616872	DNA/hAT-Charlie	716	+	61	36616811	5239
chr11	36611572	36811572	harbor2	chr11	36616880	36617192	DNA/hAT-Charlie	1439	+	156	36617036	5464
chr11	36611572	36811572	harbor2	chr11	36640188	36641426	DNA/hAT-Charlie	5496	+	619	36640807	29235
chr11	36611572	36811572	harbor2	chr11	36661087	36661215	DNA/hAT-Charlie	726	+	64	36661151	49579
chr11	36611572	36811572	harbor2	chr11	36661759	36662004	DNA/hAT-Charlie	802	+	122	36661881	50309
chr11	36611572	36811572	harbor2	chr11	36686964	36687227	DNA/hAT-Charlie	854	+	132	36687096	75524
chr11	36611572	36811572	harbor2	chr11	36690089	36690216	DNA/hAT-Charlie	586	+	64	36690153	78581
chr11	36611572	36811572	harbor2	chr11	36691824	36692024	DNA/hAT-Charlie	451	+	100	36691924	80352
chr11	36611572	36811572	harbor2	chr11	36704999	36705105	DNA/hAT-Charlie	414	+	53	36705052	93480
chr11	130280572	130480572	harbor2	chr11	130371583	130371662	DNA/hAT-Charlie	391	+	40	130371623	91051
chr11	130280572	130480572	harbor2	chr11	130371974	130372137	DNA/hAT-Charlie	391	+	82	130372056	91484
chr11	134616501	134816501	harbor2	chr11	134661444	134661615	DNA/hAT-Charlie	385	+	86	134661530	45029
chr11	134616501	134816501	harbor2	chr11	134671322	134671509	DNA/hAT-Charlie	682	+	94	134671416	54915
chr11	76323871	76523871	harbor2	chr11	76415982	76416054	DNA/hAT-Charlie	473	+	36	76416018	92147
chr11	122637951	122837951	harbor2	chr11	122679420	122679577	DNA/hAT-Charlie	770	+	78	122679498	41547
chr11	122637951	122837951	harbor2	chr11	122694066	122694405	DNA/hAT-Charlie	784	+	170	122694236	56285
chr11	122637951	122837951	harbor2	chr11	122707006	122707216	DNA/hAT-Charlie	424	+	105	122707111	69160
chr11	134931997	135131997	harbor2	chr11	134938783	134938972	DNA/hAT-Charlie	1406	+	94	134938877	6880
chr11	134931997	135131997	harbor2	chr11	134950992	134951095	DNA/hAT-Charlie	387	+	52	134951044	19047
chr11	134931997	135131997	harbor2	chr11	135020973	135021200	DNA/hAT-Charlie	800	+	114	135021087	89090
chr11	134931997	135131997	harbor2	chr11	135021395	135021556	DNA/hAT-Charlie	509	+	80	135021475	89478
chr11	69199813	69399813	harbor2	chr11	69258634	69258737	DNA/hAT-Charlie	572	+	52	69258686	58873
chr11	69199813	69399813	harbor2	chr11	69266874	69267351	DNA/hAT-Charlie	3433	+	238	69267112	67299
chr11	125946090	126146090	harbor2	chr11	125949018	125949240	DNA/hAT-Charlie	917	+	111	125949129	3039
chr11	125946090	126146090	harbor2	chr11	125975576	125975776	DNA/hAT-Charlie	940	+	100	125975676	29586
chr11	125946090	126146090	harbor2	chr11	125980417	125980723	DNA/hAT-Charlie	738	+	153	125980570	34480
chr11	115500745	115700745	harbor2	chr11	115528891	115529051	DNA/hAT-Charlie	728	+	80	115528971	28226
chr11	115500745	115700745	harbor2	chr11	115541129	115541273	DNA/hAT-Charlie	561	+	72	115541201	40456
chr11	115500745	115700745	harbor2	chr11	115558784	115559237	DNA/hAT-Charlie	3323	+	226	115559010	58265
chr11	82367958	82567958	harbor2	chr11	82373631	82373825	DNA/hAT-Charlie	438	+	97	82373728	5770
chr11	82367958	82567958	harbor2	chr11	82434425	82434645	DNA/hAT-Charlie	779	+	110	82434535	66577
chr11	122268206	122468206	harbor2	chr11	122353073	122353383	DNA/hAT-Charlie	1182	+	155	122353228	85022
chr11	90302240	90502240	harbor2	chr11	90351929	90352262	DNA/hAT-Charlie	1837	+	166	90352095	49855
chr11	90302240	90502240	harbor2	chr11	90383245	90383506	DNA/hAT-Charlie	571	+	130	90383375	81135
chr11	90302240	90502240	harbor2	chr11	90383817	90383855	DNA/hAT-Charlie	571	+	19	90383836	81596
chr11	97093032	97293032	harbor2	chr11	97110702	97110911	DNA/hAT-Charlie	1076	+	104	97110806	17774
chr11	97093032	97293032	harbor2	chr11	97184967	97185031	DNA/hAT-Charlie	506	+	32	97184999	91967
chr11	97093032	97293032	harbor2	chr11	97185258	97185492	DNA/hAT-Charlie	506	+	117	97185375	92343
chr11	130437790	130637790	harbor2	chr11	130469896	130470119	DNA/hAT-Charlie	1123	+	112	130470008	32218
chr11	130437790	130637790	harbor2	chr11	130470516	130470662	DNA/hAT-Charlie	1123	+	73	130470589	32799
chr11	39943085	40143085	harbor2	chr11	39957849	39957984	DNA/hAT-Charlie	515	+	68	39957917	14832
chr11	39943085	40143085	harbor2	chr11	40018261	40018329	DNA/hAT-Charlie	463	+	34	40018295	75210
chr11	39943085	40143085	harbor2	chr11	40018634	40018725	DNA/hAT-Charlie	463	+	46	40018680	75595
chr11	39943085	40143085	harbor2	chr11	40018994	40019144	DNA/hAT-Charlie	697	+	75	40019069	75984
chr11	115379566	115579566	harbor2	chr11	115381790	115381852	DNA/hAT-Charlie	479	+	31	115381821	2255
chr11	115379566	115579566	harbor2	chr11	115382144	115382307	DNA/hAT-Charlie	479	+	82	115382226	2660
chr11	115379566	115579566	harbor2	chr11	115395098	115395231	DNA/hAT-Charlie	551	+	66	115395164	15598
chr11	115379566	115579566	harbor2	chr11	115435289	115435450	DNA/hAT-Charlie	1365	+	80	115435369	55803
chr11	115379566	115579566	harbor2	chr11	115435751	115435900	DNA/hAT-Charlie	1365	+	74	115435825	56259
chr11	129036300	129236300	harbor2	chr11	129052729	129052971	DNA/hAT-Charlie	623	+	121	129052850	16550
chr11	129036300	129236300	harbor2	chr11	129094411	129094648	DNA/hAT-Charlie	708	+	118	129094529	58229
chr11	117695936	117895936	harbor2	chr11	117716639	117716954	DNA/hAT-Charlie	1501	+	158	117716797	20861
chr11	117695936	117895936	harbor2	chr11	117739266	117739443	DNA/hAT-Charlie	872	+	88	117739354	43418
chr11	117695936	117895936	harbor2	chr11	117763219	117763359	DNA/hAT-Charlie	576	+	70	117763289	67353
chr11	117695936	117895936	harbor2	chr11	117775642	117775809	DNA/hAT-Charlie	397	+	84	117775726	79790
chr11	126733061	126933061	harbor2	chr11	126734023	126734153	DNA/hAT-Charlie	562	+	65	126734088	1027
chr11	126733061	126933061	harbor2	chr11	126736504	126736725	DNA/hAT-Charlie	1087	+	110	126736614	3553
chr11	126733061	126933061	harbor2	chr11	126759015	126759137	DNA/hAT-Charlie	429	+	61	126759076	26015
chr11	126733061	126933061	harbor2	chr11	126759428	126759571	DNA/hAT-Charlie	429	+	72	126759500	26439
chr11	126733061	126933061	harbor2	chr11	126777150	126777311	DNA/hAT-Charlie	792	+	80	126777230	44169
chr11	110259290	110459290	harbor2	chr11	110271555	110271705	DNA/hAT-Charlie	392	+	75	110271630	12340
chr11	110259290	110459290	harbor2	chr11	110303685	110304218	DNA/hAT-Charlie	3261	+	266	110303951	44661
chr11	103890630	104090630	harbor2	chr11	103893292	103893458	DNA/hAT-Charlie	708	+	83	103893375	2745
chr11	103890630	104090630	harbor2	chr11	103894111	103894260	DNA/hAT-Charlie	571	+	74	103894185	3555
chr11	103890630	104090630	harbor2	chr11	103896791	103897007	DNA/hAT-Charlie	1224	+	108	103896899	6269
chr11	123814436	124014436	harbor2	chr11	123902788	123902953	DNA/hAT-Charlie	627	+	82	123902870	88434
chr11	123814436	124014436	harbor2	chr11	123903314	123903440	DNA/hAT-Charlie	392	+	63	123903377	88941
chr11	55856429	56056429	harbor2	chr11	55873884	55874026	DNA/hAT-Charlie	498	+	71	55873955	17526
chr11	128712559	128912559	harbor2	chr11	128732974	128733199	DNA/hAT-Charlie	602	+	112	128733086	20527
chr11	128712559	128912559	harbor2	chr11	128762385	128762675	DNA/hAT-Charlie	1282	+	145	128762530	49971
chr11	128712559	128912559	harbor2	chr11	128762971	128763021	DNA/hAT-Charlie	1282	+	25	128762996	50437
chr11	131570265	131770265	harbor2	chr11	131646128	131646322	DNA/hAT-Charlie	820	+	97	131646225	75960
chr11	128241785	128441785	harbor2	chr11	128270000	128270281	DNA/hAT-Charlie	1973	+	140	128270140	28355
chr11	128241785	128441785	harbor2	chr11	128288006	128288205	DNA/hAT-Charlie	452	+	100	128288106	46321
chr11	128241785	128441785	harbor2	chr11	128313115	128313416	DNA/hAT-Charlie	1466	+	150	128313265	71480
chr11	125467299	125667299	harbor2	chr11	125492328	125492480	DNA/hAT-Charlie	877	+	76	125492404	25105
chr11	125467299	125667299	harbor2	chr11	125532715	125532824	DNA/hAT-Charlie	427	+	54	125532769	65470
chr11	131144361	131344361	harbor2	chr11	131165653	131165824	DNA/hAT-Charlie	507	+	86	131165739	21378
chr11	131144361	131344361	harbor2	chr11	131182595	131182744	DNA/hAT-Charlie	575	+	74	131182669	38308
chr11	131144361	131344361	harbor2	chr11	131228632	131228790	DNA/hAT-Charlie	382	+	79	131228711	84350
chr11	106184289	106384289	harbor2	chr11	106279126	106279309	DNA/hAT-Charlie	460	+	92	106279218	94929
chr11	89796103	89996103	harbor2	chr11	89864806	89864946	DNA/hAT-Charlie	445	+	70	89864876	68773
chr11	129357157	129557157	harbor2	chr11	129391175	129391482	DNA/hAT-Charlie	1320	+	154	129391329	34172
chr11	129357157	129557157	harbor2	chr11	129411737	129411844	DNA/hAT-Charlie	490	+	54	129411791	54634
chr11	129357157	129557157	harbor2	chr11	129444032	129444283	DNA/hAT-Charlie	452	+	126	129444158	87001
chr11	129947930	130147930	harbor2	chr11	129980375	129980579	DNA/hAT-Charlie	937	+	102	129980477	32547
chr11	129947930	130147930	harbor2	chr11	129996315	129996603	DNA/hAT-Charlie	1161	+	144	129996459	48529
chr11	95334600	95534600	harbor2	chr11	95344312	95344524	DNA/hAT-Charlie	1541	+	106	95344418	9818
chr11	95334600	95534600	harbor2	chr11	95371678	95371868	DNA/hAT-Charlie	630	+	95	95371773	37173
chr11	95334600	95534600	harbor2	chr11	95372586	95372704	DNA/hAT-Charlie	500	+	59	95372645	38045
chr11	95334600	95534600	harbor2	chr11	95373006	95373109	DNA/hAT-Charlie	500	+	52	95373058	38458
chr11	95334600	95534600	harbor2	chr11	95425110	95425259	DNA/hAT-Charlie	557	+	74	95425184	90584
chr11	103314444	103514444	harbor2	chr11	103396266	103396471	DNA/hAT-Charlie	1039	+	102	103396368	81924
chr11	103314444	103514444	harbor2	chr11	103412923	103413085	DNA/hAT-Charlie	679	+	81	103413004	98560
chr11	96855014	97055014	harbor2	chr11	96925297	96925680	DNA/hAT-Charlie	456	+	192	96925489	70475
chr11	128412072	128612072	harbor2	chr11	128418040	128418474	DNA/hAT-Charlie	1307	+	217	128418257	6185
chr11	110857651	111057651	harbor2	chr11	110859366	110859518	DNA/hAT-Charlie	528	+	76	110859442	1791
chr11	110857651	111057651	harbor2	chr11	110924060	110924205	DNA/hAT-Charlie	650	+	72	110924132	66481
chr11	35095635	35295635	harbor2	chr11	35102116	35102287	DNA/hAT-Charlie	681	+	86	35102202	6567
chr11	35095635	35295635	harbor2	chr11	35151489	35151635	DNA/hAT-Charlie	423	+	73	35151562	55927
chr11	35095635	35295635	harbor2	chr11	35163224	35163357	DNA/hAT-Charlie	452	+	66	35163290	67655
chr11	79010269	79210269	harbor2	chr11	79031797	79032001	DNA/hAT-Charlie	922	+	102	79031899	21630
chr11	79010269	79210269	harbor2	chr11	79091561	79091713	DNA/hAT-Charlie	759	+	76	79091637	81368
chr11	79010269	79210269	harbor2	chr11	79102701	79102938	DNA/hAT-Charlie	828	+	118	79102819	92550
chr11	72470280	72670280	harbor2	chr11	72473533	72473651	DNA/hAT-Charlie	391	+	59	72473592	3312
chr11	72470280	72670280	harbor2	chr11	72507591	72507812	DNA/hAT-Charlie	1565	+	110	72507701	37421
chr11	72470280	72670280	harbor2	chr11	72547976	72548238	DNA/hAT-Charlie	764	+	131	72548107	77827
chr11	111436508	111636508	harbor2	chr11	111446393	111446553	DNA/hAT-Charlie	560	+	80	111446473	9965
chr11	111436508	111636508	harbor2	chr11	111446848	111446982	DNA/hAT-Charlie	639	+	67	111446915	10407
chr11	111436508	111636508	harbor2	chr11	111465297	111465418	DNA/hAT-Charlie	533	+	60	111465357	28849
chr11	111436508	111636508	harbor2	chr11	111465840	111465920	DNA/hAT-Charlie	445	+	40	111465880	29372
chr11	111436508	111636508	harbor2	chr11	111472353	111472551	DNA/hAT-Charlie	1068	+	99	111472452	35944
chr11	128939709	129139709	harbor2	chr11	128942438	128942616	DNA/hAT-Charlie	711	+	89	128942527	2818
chr11	128939709	129139709	harbor2	chr11	128988919	128989078	DNA/hAT-Charlie	708	+	80	128988999	49290
chr11	109407424	109607424	harbor2	chr11	109415711	109415854	DNA/hAT-Charlie	689	+	72	109415783	8359
chr11	109407424	109607424	harbor2	chr11	109416726	109416811	DNA/hAT-Charlie	396	+	42	109416768	9344
chr11	109407424	109607424	harbor2	chr11	109446408	109446504	DNA/hAT-Charlie	521	+	48	109446456	39032
chr11	99332114	99532114	harbor2	chr11	99334608	99334839	DNA/hAT-Charlie	993	+	116	99334724	2610
chr11	99332114	99532114	harbor2	chr11	99380921	99381098	DNA/hAT-Charlie	459	+	88	99381009	48895
chr11	99332114	99532114	harbor2	chr11	99387841	99388011	DNA/hAT-Charlie	690	+	85	99387926	55812
chr11	18510745	18710745	harbor2	chr11	18584457	18584568	DNA/hAT-Charlie	563	+	56	18584513	73768
chr11	18510745	18710745	harbor2	chr11	18590025	18590208	DNA/hAT-Charlie	682	+	92	18590117	79372
chr11	102129226	102329226	harbor2	chr11	102182122	102182257	DNA/hAT-Charlie	543	+	68	102182190	52964
chr11	115384270	115584270	harbor2	chr11	115395098	115395231	DNA/hAT-Charlie	551	+	66	115395164	10894
chr11	115384270	115584270	harbor2	chr11	115435289	115435450	DNA/hAT-Charlie	1365	+	80	115435369	51099
chr11	115384270	115584270	harbor2	chr11	115435751	115435900	DNA/hAT-Charlie	1365	+	74	115435825	51555
chr11	86975314	87175314	harbor2	chr11	86993490	86993659	DNA/hAT-Charlie	591	+	84	86993574	18260
chr11	86975314	87175314	harbor2	chr11	86997109	86997314	DNA/hAT-Charlie	1063	+	102	86997211	21897
chr11	86975314	87175314	harbor2	chr11	87040067	87040249	DNA/hAT-Charlie	505	+	91	87040158	64844
chr11	86975314	87175314	harbor2	chr11	87061226	87061437	DNA/hAT-Charlie	1115	+	106	87061332	86018
chr11	129868908	130068908	harbor2	chr11	129875996	129876427	DNA/hAT-Charlie	1859	+	216	129876212	7304
chr11	102151937	102351937	harbor2	chr11	102182122	102182257	DNA/hAT-Charlie	543	+	68	102182190	30253
chr11	56347105	56547105	harbor2	chr11	56420786	56421045	DNA/hAT-Charlie	589	+	130	56420916	73811
chr11	123884856	124084856	harbor2	chr11	123902788	123902953	DNA/hAT-Charlie	627	+	82	123902870	18014
chr11	123884856	124084856	harbor2	chr11	123903314	123903440	DNA/hAT-Charlie	392	+	63	123903377	18521
chr11	123884856	124084856	harbor2	chr11	123923348	123923491	DNA/hAT-Charlie	734	+	72	123923420	38564
chr11	122968086	123168086	harbor2	chr11	123003702	123003838	DNA/hAT-Charlie	525	+	68	123003770	35684
chr11	133382263	133582263	harbor2	chr11	133432851	133432994	DNA/hAT-Charlie	539	+	72	133432923	50660
chr11	127824252	128024252	harbor2	chr11	127826336	127826875	DNA/hAT-Charlie	3725	+	270	127826606	2354
chr11	127824252	128024252	harbor2	chr11	127848109	127848232	DNA/hAT-Charlie	550	+	62	127848171	23919
chr11	134029467	134229467	harbor2	chr11	134043346	134043561	DNA/hAT-Charlie	891	+	108	134043454	13987
chr11	134029467	134229467	harbor2	chr11	134062594	134062919	DNA/hAT-Charlie	1596	+	162	134062756	33289
chr11	134029467	134229467	harbor2	chr11	134109401	134109529	DNA/hAT-Charlie	729	+	64	134109465	79998
chr11	134029467	134229467	harbor2	chr11	134109984	134110035	DNA/hAT-Charlie	729	+	26	134110010	80543
chr11	120110322	120310322	harbor2	chr11	120196283	120196443	DNA/hAT-Charlie	606	+	80	120196363	86041
chr11	89215898	89415898	harbor2	chr11	89222253	89222368	DNA/hAT-Charlie	467	+	58	89222311	6413
chr11	89215898	89415898	harbor2	chr11	89224469	89224782	DNA/hAT-Charlie	881	+	156	89224625	8727
chr11	89215898	89415898	harbor2	chr11	89224794	89225094	DNA/hAT-Charlie	434	+	150	89224944	9046
chr11	89215898	89415898	harbor2	chr11	89225504	89225767	DNA/hAT-Charlie	527	+	132	89225636	9738
chr11	89215898	89415898	harbor2	chr11	89236018	89236198	DNA/hAT-Charlie	962	+	90	89236108	20210
chr11	89215898	89415898	harbor2	chr11	89256197	89256301	DNA/hAT-Charlie	444	+	52	89256249	40351
chr11	89215898	89415898	harbor2	chr11	89260813	89261111	DNA/hAT-Charlie	1691	+	149	89260962	45064
chr11	89215898	89415898	harbor2	chr11	89300479	89300704	DNA/hAT-Charlie	1123	+	112	89300591	84693
chr11	125451074	125651074	harbor2	chr11	125492328	125492480	DNA/hAT-Charlie	877	+	76	125492404	41330
chr11	125451074	125651074	harbor2	chr11	125532715	125532824	DNA/hAT-Charlie	427	+	54	125532769	81695
chr11	120315101	120515101	harbor2	chr11	120361168	120361479	DNA/hAT-Charlie	1813	+	156	120361324	46223
chr11	120315101	120515101	harbor2	chr11	120363472	120363641	DNA/hAT-Charlie	450	+	84	120363556	48455
chr11	105565680	105765680	harbor2	chr11	105577097	105577511	DNA/hAT-Charlie	1284	+	207	105577304	11624
chr11	105565680	105765680	harbor2	chr11	105597402	105598461	DNA/hAT-Charlie	1970	+	530	105597932	32252
chr11	105565680	105765680	harbor2	chr11	105599702	105600199	DNA/hAT-Charlie	1123	+	248	105599950	34270
chr11	105565680	105765680	harbor2	chr11	105600278	105600544	DNA/hAT-Charlie	911	+	133	105600411	34731
chr11	105565680	105765680	harbor2	chr11	105578094	105578738	DNA/hAT-Charlie	607	+	322	105578416	12736
chr11	122187515	122387515	harbor2	chr11	122237333	122237492	DNA/hAT-Charlie	686	+	80	122237413	49898
chr11	90262225	90462225	harbor2	chr11	90351929	90352262	DNA/hAT-Charlie	1837	+	166	90352095	89870
chr11	106637112	106837112	harbor2	chr11	106682332	106682490	DNA/hAT-Charlie	469	+	79	106682411	45299
chr11	106637112	106837112	harbor2	chr11	106714667	106714868	DNA/hAT-Charlie	812	+	100	106714767	77655
chr11	120102211	120302211	harbor2	chr11	120196283	120196443	DNA/hAT-Charlie	606	+	80	120196363	94152
chr11	62051408	62251408	harbor2	chr11	62083805	62083972	DNA/hAT-Charlie	394	+	84	62083889	32481
chr11	62051408	62251408	harbor2	chr11	62106636	62106742	DNA/hAT-Charlie	439	+	53	62106689	55281
chr11	62051408	62251408	harbor2	chr11	62107039	62107248	DNA/hAT-Charlie	439	+	104	62107143	55735
chr11	62051408	62251408	harbor2	chr11	62130674	62130882	DNA/hAT-Charlie	847	+	104	62130778	79370
chr11	125898453	126098453	harbor2	chr11	125919794	125919982	DNA/hAT-Charlie	1018	+	94	125919888	21435
chr11	125898453	126098453	harbor2	chr11	125930049	125930551	DNA/hAT-Charlie	3385	+	251	125930300	31847
chr11	125898453	126098453	harbor2	chr11	125933179	125933349	DNA/hAT-Charlie	751	+	85	125933264	34811
chr11	125898453	126098453	harbor2	chr11	125934295	125934342	DNA/hAT-Charlie	680	+	24	125934319	35866
chr11	125898453	126098453	harbor2	chr11	125935104	125935209	DNA/hAT-Charlie	680	+	52	125935156	36703
chr11	125898453	126098453	harbor2	chr11	125949018	125949240	DNA/hAT-Charlie	917	+	111	125949129	50676
chr11	125898453	126098453	harbor2	chr11	125975576	125975776	DNA/hAT-Charlie	940	+	100	125975676	77223
chr11	125898453	126098453	harbor2	chr11	125980417	125980723	DNA/hAT-Charlie	738	+	153	125980570	82117
chr11	71413240	71613240	harbor2	chr11	71416965	71417123	DNA/hAT-Charlie	943	+	79	71417044	3804
chr11	71413240	71613240	harbor2	chr11	71417921	71418094	DNA/hAT-Charlie	665	+	86	71418007	4767
chr11	71413240	71613240	harbor2	chr11	71420917	71421138	DNA/hAT-Charlie	1088	+	110	71421027	7787
chr11	71413240	71613240	harbor2	chr11	71491393	71491544	DNA/hAT-Charlie	440	+	76	71491469	78229
chr11	71413240	71613240	harbor2	chr11	71500356	71500587	DNA/hAT-Charlie	677	+	116	71500472	87232
chr11	71413240	71613240	harbor2	chr11	71417832	71417891	DNA/hAT-Charlie	943	+	30	71417862	4622
chr11	111024899	111224899	harbor2	chr11	111065978	111066265	DNA/hAT-Charlie	433	+	144	111066122	41223
chr11	101117452	101317452	harbor2	chr11	101200458	101200599	DNA/hAT-Charlie	930	+	70	101200528	83076
chr11	133844693	134044693	harbor2	chr11	133871694	133872025	DNA/hAT-Charlie	2058	+	166	133871860	27167
chr11	109426753	109626753	harbor2	chr11	109446408	109446504	DNA/hAT-Charlie	521	+	48	109446456	19703
chr11	109426753	109626753	harbor2	chr11	109519070	109519213	DNA/hAT-Charlie	438	+	72	109519142	92389
chr11	109426753	109626753	harbor2	chr11	109510502	109510715	DNA/hAT-Charlie	990	+	106	109510608	83855
chr11	104412726	104612726	harbor2	chr11	104466346	104466666	DNA/hAT-Charlie	1212	+	160	104466506	53780
chr11	104412726	104612726	harbor2	chr11	104478392	104478566	DNA/hAT-Charlie	426	+	87	104478479	65753
chr11	104412726	104612726	harbor2	chr11	104484502	104484645	DNA/hAT-Charlie	493	+	72	104484574	71848
chr11	34958022	35158022	harbor2	chr11	35043107	35043259	DNA/hAT-Charlie	450	+	76	35043183	85161
chr11	34958022	35158022	harbor2	chr11	35053376	35053688	DNA/hAT-Charlie	2033	+	156	35053532	95510
chr11	34958022	35158022	harbor2	chr11	35054764	35054921	DNA/hAT-Charlie	1034	+	78	35054842	96820
chr11	134000907	134200907	harbor2	chr11	134043346	134043561	DNA/hAT-Charlie	891	+	108	134043454	42547
chr11	134000907	134200907	harbor2	chr11	134062594	134062919	DNA/hAT-Charlie	1596	+	162	134062756	61849
chr11	74694708	74894708	harbor2	chr11	74782315	74782611	DNA/hAT-Charlie	1529	+	148	74782463	87755
chr11	134951399	135151399	harbor2	chr11	135020973	135021200	DNA/hAT-Charlie	800	+	114	135021087	69688
chr11	134951399	135151399	harbor2	chr11	135021395	135021556	DNA/hAT-Charlie	509	+	80	135021475	70076
chr11	126175622	126375622	harbor2	chr11	126199947	126200059	DNA/hAT-Charlie	471	+	56	126200003	24381
chr11	126175622	126375622	harbor2	chr11	126202581	126202849	DNA/hAT-Charlie	646	+	134	126202715	27093
chr11	126175622	126375622	harbor2	chr11	126209830	126209988	DNA/hAT-Charlie	770	+	79	126209909	34287
chr11	126175622	126375622	harbor2	chr11	126260827	126261003	DNA/hAT-Charlie	697	+	88	126260915	85293
chr11	103404534	103604534	harbor2	chr11	103412923	103413085	DNA/hAT-Charlie	679	+	81	103413004	8470
chr11	103404534	103604534	harbor2	chr11	103488738	103489082	DNA/hAT-Charlie	2046	+	172	103488910	84376
chr11	134289061	134489061	harbor2	chr11	134356699	134356849	DNA/hAT-Charlie	536	+	75	134356774	67713
chr11	115704262	115904262	harbor2	chr11	115741880	115742064	DNA/hAT-Charlie	968	+	92	115741972	37710
chr11	115704262	115904262	harbor2	chr11	115796439	115796651	DNA/hAT-Charlie	1033	+	106	115796545	92283
chr11	128925308	129125308	harbor2	chr11	128942438	128942616	DNA/hAT-Charlie	711	+	89	128942527	17219
chr11	128925308	129125308	harbor2	chr11	128988919	128989078	DNA/hAT-Charlie	708	+	80	128988999	63691
chr11	133670627	133870627	harbor2	chr11	133686533	133686847	DNA/hAT-Charlie	1154	+	157	133686690	16063
chr11	119745066	119945066	harbor2	chr11	119754138	119754311	DNA/hAT-Charlie	610	+	86	119754224	9158
chr11	119745066	119945066	harbor2	chr11	119760258	119760466	DNA/hAT-Charlie	900	+	104	119760362	15296
chr11	120359289	120559289	harbor2	chr11	120361168	120361479	DNA/hAT-Charlie	1813	+	156	120361324	2035
chr11	120359289	120559289	harbor2	chr11	120363472	120363641	DNA/hAT-Charlie	450	+	84	120363556	4267
chr11	120359289	120559289	harbor2	chr11	120439348	120439540	DNA/hAT-Charlie	695	+	96	120439444	80155
chr11	116798092	116998092	harbor2	chr11	116847929	116848032	DNA/hAT-Charlie	1030	+	52	116847981	49889
chr11	116798092	116998092	harbor2	chr11	116848373	116848462	DNA/hAT-Charlie	1030	+	44	116848417	50325
chr11	116798092	116998092	harbor2	chr11	116872506	116872775	DNA/hAT-Charlie	800	+	134	116872640	74548
chr11	116798092	116998092	harbor2	chr11	116890931	116891045	DNA/hAT-Charlie	418	+	57	116890988	92896
chr11	116798092	116998092	harbor2	chr11	116891325	116891336	DNA/hAT-Charlie	418	+	6	116891331	93239
chr11	116798092	116998092	harbor2	chr11	116891454	116891561	DNA/hAT-Charlie	418	+	54	116891508	93416
chr11	103019204	103219204	harbor2	chr11	103046393	103046719	DNA/hAT-Charlie	1934	+	163	103046556	27352
chr11	103019204	103219204	harbor2	chr11	103078964	103079289	DNA/hAT-Charlie	1938	+	162	103079126	59922
chr11	103019204	103219204	harbor2	chr11	103104514	103104648	DNA/hAT-Charlie	481	+	67	103104581	85377
chr11	103019204	103219204	harbor2	chr11	103105236	103105779	DNA/hAT-Charlie	2272	+	272	103105508	86304
chr11	103019204	103219204	harbor2	chr11	103105937	103106635	DNA/hAT-Charlie	3113	+	349	103106286	87082
chr11	103019204	103219204	harbor2	chr11	103106937	103106957	DNA/hAT-Charlie	3113	+	10	103106947	87743
chr11	123703324	123903324	harbor2	chr11	123739780	123739950	DNA/hAT-Charlie	895	+	85	123739865	36541
chr11	123703324	123903324	harbor2	chr11	123757533	123757727	DNA/hAT-Charlie	1041	+	97	123757630	54306
chr11	78232384	78432384	harbor2	chr11	78249572	78249765	DNA/hAT-Charlie	1092	+	96	78249668	17284
chr11	78232384	78432384	harbor2	chr11	78262858	78263064	DNA/hAT-Charlie	926	+	103	78262961	30577
chr11	78232384	78432384	harbor2	chr11	78310014	78310136	DNA/hAT-Charlie	408	+	61	78310075	77691
chr11	78232384	78432384	harbor2	chr11	78325112	78325321	DNA/hAT-Charlie	384	+	104	78325216	92832
chr11	86282361	86482361	harbor2	chr11	86291172	86291301	DNA/hAT-Charlie	660	+	64	86291236	8875
chr11	86282361	86482361	harbor2	chr11	86314793	86314979	DNA/hAT-Charlie	546	+	93	86314886	32525
chr11	113645760	113845760	harbor2	chr11	113669353	113669428	DNA/hAT-Charlie	1032	+	38	113669391	23631
chr11	113645760	113845760	harbor2	chr11	113669681	113669795	DNA/hAT-Charlie	1032	+	57	113669738	23978
chr11	113645760	113845760	harbor2	chr11	113671090	113671244	DNA/hAT-Charlie	599	+	77	113671167	25407
chr11	113645760	113845760	harbor2	chr11	113677303	113677522	DNA/hAT-Charlie	891	+	110	113677413	31653
chr11	113645760	113845760	harbor2	chr11	113691274	113691632	DNA/hAT-Charlie	936	+	179	113691453	45693
chr11	113645760	113845760	harbor2	chr11	113739816	113739968	DNA/hAT-Charlie	545	+	76	113739892	94132
chr11	113645760	113845760	harbor2	chr11	113740673	113740840	DNA/hAT-Charlie	977	+	84	113740757	94997
chr11	125429628	125629628	harbor2	chr11	125436117	125436312	DNA/hAT-Charlie	593	+	98	125436215	6587
chr11	125429628	125629628	harbor2	chr11	125492328	125492480	DNA/hAT-Charlie	877	+	76	125492404	62776
chr11	134310279	134510279	harbor2	chr11	134356699	134356849	DNA/hAT-Charlie	536	+	75	134356774	46495
chr11	134310279	134510279	harbor2	chr11	134406993	134407114	DNA/hAT-Charlie	649	+	60	134407053	96774
chr11	110415488	110615488	harbor2	chr11	110436499	110436698	DNA/hAT-Charlie	596	+	100	110436599	21111
chr11	110415488	110615488	harbor2	chr11	110445403	110445643	DNA/hAT-Charlie	540	+	120	110445523	30035
chr11	110415488	110615488	harbor2	chr11	110468277	110468442	DNA/hAT-Charlie	688	+	82	110468359	52871
chr11	110415488	110615488	harbor2	chr11	110505217	110505462	DNA/hAT-Charlie	840	+	122	110505339	89851
chr11	98898419	99098419	harbor2	chr11	98935427	98935579	DNA/hAT-Charlie	439	+	76	98935503	37084
chr11	98898419	99098419	harbor2	chr11	98950757	98951081	DNA/hAT-Charlie	1088	+	162	98950919	52500
chr11	62072585	62272585	harbor2	chr11	62083805	62083972	DNA/hAT-Charlie	394	+	84	62083889	11304
chr11	62072585	62272585	harbor2	chr11	62106636	62106742	DNA/hAT-Charlie	439	+	53	62106689	34104
chr11	62072585	62272585	harbor2	chr11	62107039	62107248	DNA/hAT-Charlie	439	+	104	62107143	34558
chr11	62072585	62272585	harbor2	chr11	62130674	62130882	DNA/hAT-Charlie	847	+	104	62130778	58193
chr11	62072585	62272585	harbor2	chr11	62152925	62153119	DNA/hAT-Charlie	548	+	97	62153022	80437
chr11	42563328	42763328	harbor2	chr11	42590901	42591139	DNA/hAT-Charlie	677	+	119	42591020	27692
chr11	42563328	42763328	harbor2	chr11	42597491	42597602	DNA/hAT-Charlie	423	+	56	42597547	34219
chr11	59552895	59752895	harbor2	chr11	59608877	59609060	DNA/hAT-Charlie	413	+	92	59608969	56074
chr11	89703046	89903046	harbor2	chr11	89707058	89707220	DNA/hAT-Charlie	568	+	81	89707139	4093
chr11	123672640	123872640	harbor2	chr11	123691901	123692003	DNA/hAT-Charlie	397	+	51	123691952	19312
chr11	123672640	123872640	harbor2	chr11	123739780	123739950	DNA/hAT-Charlie	895	+	85	123739865	67225
chr11	123672640	123872640	harbor2	chr11	123757533	123757727	DNA/hAT-Charlie	1041	+	97	123757630	84990
chr11	35068434	35268434	harbor2	chr11	35076571	35076778	DNA/hAT-Charlie	592	+	104	35076675	8241
chr11	35068434	35268434	harbor2	chr11	35080166	35080343	DNA/hAT-Charlie	440	+	88	35080254	11820
chr11	35068434	35268434	harbor2	chr11	35102116	35102287	DNA/hAT-Charlie	681	+	86	35102202	33768
chr11	35068434	35268434	harbor2	chr11	35151489	35151635	DNA/hAT-Charlie	423	+	73	35151562	83128
chr11	35068434	35268434	harbor2	chr11	35163224	35163357	DNA/hAT-Charlie	452	+	66	35163290	94856
chr11	132519723	132719723	harbor2	chr11	132570122	132570338	DNA/hAT-Charlie	763	+	108	132570230	50507
chr11	26724293	26924293	harbor2	chr11	26729167	26729366	DNA/hAT-Charlie	1603	+	100	26729267	4974
chr11	26724293	26924293	harbor2	chr11	26742476	26742636	DNA/hAT-Charlie	758	+	80	26742556	18263
chr11	26724293	26924293	harbor2	chr11	26771073	26771287	DNA/hAT-Charlie	843	+	107	26771180	46887
chr11	26724293	26924293	harbor2	chr11	26775010	26775464	DNA/hAT-Charlie	4212	+	227	26775237	50944
chr11	26724293	26924293	harbor2	chr11	26775763	26775997	DNA/hAT-Charlie	4212	+	117	26775880	51587
chr11	26724293	26924293	harbor2	chr11	26776295	26776923	DNA/hAT-Charlie	4212	+	314	26776609	52316
chr11	132603948	132803948	harbor2	chr11	132663413	132663823	DNA/hAT-Charlie	948	+	205	132663618	59670
chr11	132603948	132803948	harbor2	chr11	132664098	132664308	DNA/hAT-Charlie	948	+	105	132664203	60255
chr11	117884533	118084533	harbor2	chr11	117891421	117892055	DNA/hAT-Charlie	2971	+	317	117891738	7205
chr11	117884533	118084533	harbor2	chr11	117892369	117892459	DNA/hAT-Charlie	2971	+	45	117892414	7881
chr11	117884533	118084533	harbor2	chr11	117894521	117895085	DNA/hAT-Charlie	2403	+	282	117894803	10270
chr11	117884533	118084533	harbor2	chr11	117912120	117912259	DNA/hAT-Charlie	536	+	70	117912190	27657
chr11	117884533	118084533	harbor2	chr11	117912270	117912396	DNA/hAT-Charlie	464	+	63	117912333	27800
chr11	117884533	118084533	harbor2	chr11	117925081	117925277	DNA/hAT-Charlie	379	+	98	117925179	40646
chr11	117884533	118084533	harbor2	chr11	117950303	117950479	DNA/hAT-Charlie	869	+	88	117950391	65858
chr11	121965504	122165504	harbor2	chr11	121991928	121992101	DNA/hAT-Charlie	532	+	86	121992014	26510
chr11	121965504	122165504	harbor2	chr11	122006565	122006736	DNA/hAT-Charlie	419	+	86	122006651	41147
chr11	129851915	130051915	harbor2	chr11	129875996	129876427	DNA/hAT-Charlie	1859	+	216	129876212	24297
chr11	100487827	100687827	harbor2	chr11	100537211	100537492	DNA/hAT-Charlie	563	+	140	100537351	49524
chr11	108283173	108483173	harbor2	chr11	108323833	108323989	DNA/hAT-Charlie	799	+	78	108323911	40738
chr11	108283173	108483173	harbor2	chr11	108324341	108324549	DNA/hAT-Charlie	762	+	104	108324445	41272
chr11	108283173	108483173	harbor2	chr11	108339380	108339529	DNA/hAT-Charlie	560	+	74	108339454	56281
chr11	108283173	108483173	harbor2	chr11	108341982	108342206	DNA/hAT-Charlie	1550	+	112	108342094	58921
chr11	108283173	108483173	harbor2	chr11	108363461	108363683	DNA/hAT-Charlie	1161	+	111	108363572	80399
chr11	118166450	118366450	harbor2	chr11	118181297	118181408	DNA/hAT-Charlie	813	+	56	118181353	14903
chr11	118166450	118366450	harbor2	chr11	118181721	118181785	DNA/hAT-Charlie	813	+	32	118181753	15303
chr11	118166450	118366450	harbor2	chr11	118237505	118237715	DNA/hAT-Charlie	1457	+	105	118237610	71160
chr11	118166450	118366450	harbor2	chr11	118245808	118245981	DNA/hAT-Charlie	854	+	86	118245894	79444
chr11	118166450	118366450	harbor2	chr11	118260383	118260554	DNA/hAT-Charlie	1064	+	86	118260469	94019
chr11	120305102	120505102	harbor2	chr11	120361168	120361479	DNA/hAT-Charlie	1813	+	156	120361324	56222
chr11	120305102	120505102	harbor2	chr11	120363472	120363641	DNA/hAT-Charlie	450	+	84	120363556	58454
chr11	126023267	126223267	harbor2	chr11	126054600	126054746	DNA/hAT-Charlie	580	+	73	126054673	31406
chr11	126023267	126223267	harbor2	chr11	126108391	126108489	DNA/hAT-Charlie	1732	+	49	126108440	85173
chr11	126023267	126223267	harbor2	chr11	126108799	126108989	DNA/hAT-Charlie	1732	+	95	126108894	85627
chr11	126023267	126223267	harbor2	chr11	126107530	126107706	DNA/hAT-Charlie	1732	+	88	126107618	84351
chr11	79507506	79707506	harbor2	chr11	79548465	79549202	DNA/hAT-Charlie	1337	+	368	79548833	41327
chr11	79507506	79707506	harbor2	chr11	79571191	79571341	DNA/hAT-Charlie	822	+	75	79571266	63760
chr11	79507506	79707506	harbor2	chr11	79598024	79598158	DNA/hAT-Charlie	439	+	67	79598091	90585
chr11	128139939	128339939	harbor2	chr11	128151442	128151621	DNA/hAT-Charlie	585	+	90	128151532	11593
chr11	125389658	125589658	harbor2	chr11	125409816	125409921	DNA/hAT-Charlie	391	+	52	125409868	20210
chr11	125389658	125589658	harbor2	chr11	125436117	125436312	DNA/hAT-Charlie	593	+	98	125436215	46557
chr11	115428779	115628779	harbor2	chr11	115435289	115435450	DNA/hAT-Charlie	1365	+	80	115435369	6590
chr11	115428779	115628779	harbor2	chr11	115435751	115435900	DNA/hAT-Charlie	1365	+	74	115435825	7046
chr11	40442666	40642666	harbor2	chr11	40522547	40522653	DNA/hAT-Charlie	485	+	53	40522600	79934
chr11	40442666	40642666	harbor2	chr11	40536097	40536188	DNA/hAT-Charlie	610	+	46	40536143	93477
chr11	40442666	40642666	harbor2	chr11	40536492	40536552	DNA/hAT-Charlie	610	+	30	40536522	93856
chr11	40442666	40642666	harbor2	chr11	40537904	40538036	DNA/hAT-Charlie	578	+	66	40537970	95304
chr11	130089308	130289308	harbor2	chr11	130112109	130112427	DNA/hAT-Charlie	1347	+	159	130112268	22960
chr11	130089308	130289308	harbor2	chr11	130112466	130112594	DNA/hAT-Charlie	591	+	64	130112530	23222
chr11	61316367	61516367	harbor2	chr11	61322607	61322747	DNA/hAT-Charlie	417	+	70	61322677	6310
chr11	61316367	61516367	harbor2	chr11	61356116	61356319	DNA/hAT-Charlie	915	+	102	61356218	39851
chr11	90324150	90524150	harbor2	chr11	90351929	90352262	DNA/hAT-Charlie	1837	+	166	90352095	27945
chr11	90324150	90524150	harbor2	chr11	90383245	90383506	DNA/hAT-Charlie	571	+	130	90383375	59225
chr11	90324150	90524150	harbor2	chr11	90383817	90383855	DNA/hAT-Charlie	571	+	19	90383836	59686
chr11	129039881	129239881	harbor2	chr11	129052729	129052971	DNA/hAT-Charlie	623	+	121	129052850	12969
chr11	129039881	129239881	harbor2	chr11	129094411	129094648	DNA/hAT-Charlie	708	+	118	129094529	54648
chr11	113867497	114067497	harbor2	chr11	113955180	113955315	DNA/hAT-Charlie	399	+	68	113955248	87751
chr11	113867497	114067497	harbor2	chr11	113956911	113957069	DNA/hAT-Charlie	644	+	79	113956990	89493
chr11	37025451	37225451	harbor2	chr11	37040338	37040479	DNA/hAT-Charlie	552	+	70	37040408	14957
chr11	37025451	37225451	harbor2	chr11	37069717	37069988	DNA/hAT-Charlie	506	+	136	37069853	44402
chr11	37025451	37225451	harbor2	chr11	37076546	37076750	DNA/hAT-Charlie	1053	+	102	37076648	51197
chr11	133340514	133540514	harbor2	chr11	133432851	133432994	DNA/hAT-Charlie	539	+	72	133432923	92409
chr11	106366919	106566919	harbor2	chr11	106399746	106399784	DNA/hAT-Charlie	383	+	19	106399765	32846
chr11	106366919	106566919	harbor2	chr11	106400150	106400283	DNA/hAT-Charlie	383	+	66	106400216	33297
chr11	106366919	106566919	harbor2	chr11	106461767	106461966	DNA/hAT-Charlie	820	+	100	106461867	94948
chr11	106366919	106566919	harbor2	chr11	106380990	106381449	DNA/hAT-Charlie	1707	+	230	106381220	14301
chr11	102516293	102716293	harbor2	chr11	102517668	102517798	DNA/hAT-Charlie	754	+	65	102517733	1440
chr11	102516293	102716293	harbor2	chr11	102518098	102518167	DNA/hAT-Charlie	754	+	34	102518132	1839
chr11	102516293	102716293	harbor2	chr11	102521959	102522199	DNA/hAT-Charlie	380	+	120	102522079	5786
chr11	102516293	102716293	harbor2	chr11	102561574	102561717	DNA/hAT-Charlie	649	+	72	102561646	45353
chr11	102516293	102716293	harbor2	chr11	102597456	102597670	DNA/hAT-Charlie	981	+	107	102597563	81270
chr11	58925397	59125397	harbor2	chr11	58954928	58955090	DNA/hAT-Charlie	540	+	81	58955009	29612
chr11	121460603	121660603	harbor2	chr11	121469344	121469452	DNA/hAT-Charlie	397	+	54	121469398	8795
chr11	121460603	121660603	harbor2	chr11	121474189	121474304	DNA/hAT-Charlie	474	+	58	121474247	13644
chr11	121460603	121660603	harbor2	chr11	121500461	121500630	DNA/hAT-Charlie	868	+	84	121500545	39942
chr11	121460603	121660603	harbor2	chr11	121549175	121549224	DNA/hAT-Charlie	907	+	24	121549199	88596
chr11	121460603	121660603	harbor2	chr11	121549527	121549926	DNA/hAT-Charlie	907	+	200	121549727	89124
chr11	78064651	78264651	harbor2	chr11	78078633	78078728	DNA/hAT-Charlie	613	+	48	78078681	14030
chr11	78064651	78264651	harbor2	chr11	78079026	78079089	DNA/hAT-Charlie	613	+	32	78079058	14407
chr11	78064651	78264651	harbor2	chr11	78108669	78109101	DNA/hAT-Charlie	725	+	216	78108885	44234
chr11	78064651	78264651	harbor2	chr11	78111508	78111720	DNA/hAT-Charlie	588	+	106	78111614	46963
chr11	78064651	78264651	harbor2	chr11	78129545	78129754	DNA/hAT-Charlie	1005	+	104	78129649	64998
chr11	78064651	78264651	harbor2	chr11	78129753	78129875	DNA/hAT-Charlie	531	+	61	78129814	65163
chr11	95268107	95468107	harbor2	chr11	95270426	95270659	DNA/hAT-Charlie	545	+	116	95270542	2435
chr11	95268107	95468107	harbor2	chr11	95288453	95288651	DNA/hAT-Charlie	514	+	99	95288552	20445
chr11	95268107	95468107	harbor2	chr11	95295726	95295906	DNA/hAT-Charlie	581	+	90	95295816	27709
chr11	95268107	95468107	harbor2	chr11	95344312	95344524	DNA/hAT-Charlie	1541	+	106	95344418	76311
chr11	95942367	96142367	harbor2	chr11	95947369	95947492	DNA/hAT-Charlie	588	+	62	95947431	5064
chr11	95942367	96142367	harbor2	chr11	95950075	95950119	DNA/hAT-Charlie	588	+	22	95950097	7730
chr11	95942367	96142367	harbor2	chr11	95951033	95951157	DNA/hAT-Charlie	588	+	62	95951095	8728
chr11	95942367	96142367	harbor2	chr11	96000280	96000499	DNA/hAT-Charlie	1217	+	110	96000390	58023
chr11	127507687	127707687	harbor2	chr11	127576495	127576616	DNA/hAT-Charlie	448	+	60	127576555	68868
chr11	100080912	100280912	harbor2	chr11	100113112	100113313	DNA/hAT-Charlie	571	+	100	100113212	32300
chr11	94883562	95083562	harbor2	chr11	94920011	94920161	DNA/hAT-Charlie	701	+	75	94920086	36524
chr11	94883562	95083562	harbor2	chr11	94931589	94931747	DNA/hAT-Charlie	639	+	79	94931668	48106
chr11	94883562	95083562	harbor2	chr11	94939497	94939633	DNA/hAT-Charlie	500	+	68	94939565	56003
chr11	94883562	95083562	harbor2	chr11	94968097	94968293	DNA/hAT-Charlie	850	+	98	94968195	84633
chr11	133615248	133815248	harbor2	chr11	133686533	133686847	DNA/hAT-Charlie	1154	+	157	133686690	71442
chr11	133967710	134167710	harbor2	chr11	133993601	133993757	DNA/hAT-Charlie	699	+	78	133993679	25969
chr11	133967710	134167710	harbor2	chr11	133994052	133994087	DNA/hAT-Charlie	699	+	18	133994070	26360
chr11	133967710	134167710	harbor2	chr11	134043346	134043561	DNA/hAT-Charlie	891	+	108	134043454	75744
chr11	133967710	134167710	harbor2	chr11	134062594	134062919	DNA/hAT-Charlie	1596	+	162	134062756	95046
chr11	13320805	13520805	harbor2	chr11	13335408	13335746	DNA/hAT-Charlie	892	+	169	13335577	14772
chr11	13320805	13520805	harbor2	chr11	13335743	13335971	DNA/hAT-Charlie	756	+	114	13335857	15052
chr11	13320805	13520805	harbor2	chr11	13378478	13378710	DNA/hAT-Charlie	1189	+	116	13378594	57789
chr11	13320805	13520805	harbor2	chr11	13380876	13381062	DNA/hAT-Charlie	1030	+	93	13380969	60164
chr11	13320805	13520805	harbor2	chr11	13383269	13383566	DNA/hAT-Charlie	6029	+	148	13383417	62612
chr11	13320805	13520805	harbor2	chr11	13383850	13384962	DNA/hAT-Charlie	6029	+	556	13384406	63601
chr11	116678321	116878321	harbor2	chr11	116689859	116690012	DNA/hAT-Charlie	582	+	76	116689935	11614
chr11	116678321	116878321	harbor2	chr11	116715863	116715972	DNA/hAT-Charlie	451	+	54	116715917	37596
chr11	116678321	116878321	harbor2	chr11	116755205	116755926	DNA/hAT-Charlie	3221	+	360	116755565	77244
chr11	129635173	129835173	harbor2	chr11	129667887	129668188	DNA/hAT-Charlie	1102	+	150	129668037	32864
chr11	129635173	129835173	harbor2	chr11	129670275	129670405	DNA/hAT-Charlie	521	+	65	129670340	35167
chr11	91599682	91799682	harbor2	chr11	91614118	91614281	DNA/hAT-Charlie	420	+	82	91614200	14518
chr11	91599682	91799682	harbor2	chr11	91659636	91659861	DNA/hAT-Charlie	964	+	112	91659748	60066
chr11	91599682	91799682	harbor2	chr11	91686953	91687116	DNA/hAT-Charlie	690	+	82	91687035	87353
chr11	123420345	123620345	harbor2	chr11	123465290	123465471	DNA/hAT-Charlie	547	+	90	123465380	45035
chr11	123420345	123620345	harbor2	chr11	123470868	123471039	DNA/hAT-Charlie	884	+	86	123470954	50609
chr11	123420345	123620345	harbor2	chr11	123512803	123512942	DNA/hAT-Charlie	597	+	70	123512873	92528
chr11	112850025	113050025	harbor2	chr11	112853992	112854195	DNA/hAT-Charlie	872	+	102	112854094	4069
chr11	112850025	113050025	harbor2	chr11	112861086	112861295	DNA/hAT-Charlie	1088	+	104	112861190	11165
chr11	112850025	113050025	harbor2	chr11	112862492	112862661	DNA/hAT-Charlie	786	+	84	112862576	12551
chr11	112850025	113050025	harbor2	chr11	112888405	112888628	DNA/hAT-Charlie	388	+	112	112888517	38492
chr11	112850025	113050025	harbor2	chr11	112888629	112888806	DNA/hAT-Charlie	525	+	88	112888717	38692
chr11	112850025	113050025	harbor2	chr11	112888807	112888847	DNA/hAT-Charlie	388	+	20	112888827	38802
chr11	134301432	134501432	harbor2	chr11	134356699	134356849	DNA/hAT-Charlie	536	+	75	134356774	55342
chr11	133986799	134186799	harbor2	chr11	133993601	133993757	DNA/hAT-Charlie	699	+	78	133993679	6880
chr11	133986799	134186799	harbor2	chr11	133994052	133994087	DNA/hAT-Charlie	699	+	18	133994070	7271
chr11	133986799	134186799	harbor2	chr11	134043346	134043561	DNA/hAT-Charlie	891	+	108	134043454	56655
chr11	133986799	134186799	harbor2	chr11	134062594	134062919	DNA/hAT-Charlie	1596	+	162	134062756	75957
chr11	72272748	72472748	harbor2	chr11	72351398	72351561	DNA/hAT-Charlie	621	+	82	72351480	78732
chr11	72272748	72472748	harbor2	chr11	72372617	72372725	DNA/hAT-Charlie	708	+	54	72372671	99923
chr11	130087869	130287869	harbor2	chr11	130112109	130112427	DNA/hAT-Charlie	1347	+	159	130112268	24399
chr11	130087869	130287869	harbor2	chr11	130112466	130112594	DNA/hAT-Charlie	591	+	64	130112530	24661
chr11	118051190	118251190	harbor2	chr11	118095253	118095639	DNA/hAT-Charlie	900	+	193	118095446	44256
chr11	118051190	118251190	harbor2	chr11	118116667	118116715	DNA/hAT-Charlie	425	+	24	118116691	65501
chr11	118051190	118251190	harbor2	chr11	118117011	118117130	DNA/hAT-Charlie	425	+	60	118117071	65881
chr11	72463493	72663493	harbor2	chr11	72473533	72473651	DNA/hAT-Charlie	391	+	59	72473592	10099
chr11	72463493	72663493	harbor2	chr11	72507591	72507812	DNA/hAT-Charlie	1565	+	110	72507701	44208
chr11	72463493	72663493	harbor2	chr11	72547976	72548238	DNA/hAT-Charlie	764	+	131	72548107	84614
chr11	66026136	66226136	harbor2	chr11	66028915	66029028	DNA/hAT-Charlie	1518	+	56	66028971	2835
chr11	66026136	66226136	harbor2	chr11	66029329	66029769	DNA/hAT-Charlie	1518	+	220	66029549	3413
chr11	66026136	66226136	harbor2	chr11	66037006	66037247	DNA/hAT-Charlie	1404	+	120	66037126	10990
chr11	66026136	66226136	harbor2	chr11	66055740	66055926	DNA/hAT-Charlie	598	+	93	66055833	29697
chr11	66026136	66226136	harbor2	chr11	66104384	66104615	DNA/hAT-Charlie	1113	+	116	66104500	78364
chr11	66026136	66226136	harbor2	chr11	66117062	66117178	DNA/hAT-Charlie	496	+	58	66117120	90984
chr11	66026136	66226136	harbor2	chr11	66119185	66119467	DNA/hAT-Charlie	1342	+	141	66119326	93190
chr11	121108420	121308420	harbor2	chr11	121159904	121160094	DNA/hAT-Charlie	948	+	95	121159999	51579
chr11	121108420	121308420	harbor2	chr11	121168358	121168557	DNA/hAT-Charlie	1003	+	100	121168458	60038
chr11	121108420	121308420	harbor2	chr11	121204386	121204588	DNA/hAT-Charlie	827	+	101	121204487	96067
chr11	113629346	113829346	harbor2	chr11	113669353	113669428	DNA/hAT-Charlie	1032	+	38	113669391	40045
chr11	113629346	113829346	harbor2	chr11	113669681	113669795	DNA/hAT-Charlie	1032	+	57	113669738	40392
chr11	113629346	113829346	harbor2	chr11	113671090	113671244	DNA/hAT-Charlie	599	+	77	113671167	41821
chr11	113629346	113829346	harbor2	chr11	113677303	113677522	DNA/hAT-Charlie	891	+	110	113677413	48067
chr11	113629346	113829346	harbor2	chr11	113691274	113691632	DNA/hAT-Charlie	936	+	179	113691453	62107
chr11	118165776	118365776	harbor2	chr11	118181297	118181408	DNA/hAT-Charlie	813	+	56	118181353	15577
chr11	118165776	118365776	harbor2	chr11	118181721	118181785	DNA/hAT-Charlie	813	+	32	118181753	15977
chr11	118165776	118365776	harbor2	chr11	118237505	118237715	DNA/hAT-Charlie	1457	+	105	118237610	71834
chr11	118165776	118365776	harbor2	chr11	118245808	118245981	DNA/hAT-Charlie	854	+	86	118245894	80118
chr11	118165776	118365776	harbor2	chr11	118260383	118260554	DNA/hAT-Charlie	1064	+	86	118260469	94693
chr11	134159015	134359015	harbor2	chr11	134238076	134238209	DNA/hAT-Charlie	378	+	66	134238142	79127
chr11	134159015	134359015	harbor2	chr11	134250741	134250949	DNA/hAT-Charlie	879	+	104	134250845	91830
chr11	134159015	134359015	harbor2	chr11	134233974	134234150	DNA/hAT-Charlie	657	+	88	134234062	75047
chr11	128279504	128479504	harbor2	chr11	128288006	128288205	DNA/hAT-Charlie	452	+	100	128288106	8602
chr11	128279504	128479504	harbor2	chr11	128313115	128313416	DNA/hAT-Charlie	1466	+	150	128313265	33761
chr11	128279504	128479504	harbor2	chr11	128350797	128350882	DNA/hAT-Charlie	381	+	42	128350839	71335
chr11	128279504	128479504	harbor2	chr11	128351380	128351504	DNA/hAT-Charlie	457	+	62	128351442	71938
chr11	128279504	128479504	harbor2	chr11	128368756	128368901	DNA/hAT-Charlie	593	+	72	128368828	89324
chr11	68094377	68294377	harbor2	chr11	68182312	68182428	DNA/hAT-Charlie	659	+	58	68182370	87993
chr11	94229243	94429243	harbor2	chr11	94280668	94280852	DNA/hAT-Charlie	525	+	92	94280760	51517
chr11	94229243	94429243	harbor2	chr11	94293521	94293642	DNA/hAT-Charlie	515	+	60	94293581	64338
chr11	94229243	94429243	harbor2	chr11	94293953	94294061	DNA/hAT-Charlie	515	+	54	94294007	64764
chr11	117853044	118053044	harbor2	chr11	117891421	117892055	DNA/hAT-Charlie	2971	+	317	117891738	38694
chr11	117853044	118053044	harbor2	chr11	117892369	117892459	DNA/hAT-Charlie	2971	+	45	117892414	39370
chr11	117853044	118053044	harbor2	chr11	117894521	117895085	DNA/hAT-Charlie	2403	+	282	117894803	41759
chr11	117853044	118053044	harbor2	chr11	117912120	117912259	DNA/hAT-Charlie	536	+	70	117912190	59146
chr11	117853044	118053044	harbor2	chr11	117912270	117912396	DNA/hAT-Charlie	464	+	63	117912333	59289
chr11	117853044	118053044	harbor2	chr11	117925081	117925277	DNA/hAT-Charlie	379	+	98	117925179	72135
chr11	117853044	118053044	harbor2	chr11	117950303	117950479	DNA/hAT-Charlie	869	+	88	117950391	97347
chr11	87279615	87479615	harbor2	chr11	87303082	87303424	DNA/hAT-Charlie	2279	+	171	87303253	23638
chr11	87279615	87479615	harbor2	chr11	87348400	87348685	DNA/hAT-Charlie	1434	+	142	87348542	68927
chr11	87279615	87479615	harbor2	chr11	87373376	87373565	DNA/hAT-Charlie	647	+	94	87373470	93855
chr11	87279615	87479615	harbor2	chr11	87373658	87373873	DNA/hAT-Charlie	409	+	108	87373766	94151
chr11	92857148	93057148	harbor2	chr11	92871323	92871450	DNA/hAT-Charlie	827	+	64	92871387	14239
chr11	92857148	93057148	harbor2	chr11	92901551	92901696	DNA/hAT-Charlie	765	+	72	92901623	44475
chr11	92857148	93057148	harbor2	chr11	92929001	92929330	DNA/hAT-Charlie	1602	+	164	92929165	72017
chr11	92857148	93057148	harbor2	chr11	92940778	92941023	DNA/hAT-Charlie	502	+	122	92940900	83752
chr11	129335746	129535746	harbor2	chr11	129391175	129391482	DNA/hAT-Charlie	1320	+	154	129391329	55583
chr11	129335746	129535746	harbor2	chr11	129411737	129411844	DNA/hAT-Charlie	490	+	54	129411791	76045
chr11	95053867	95253867	harbor2	chr11	95073585	95073794	DNA/hAT-Charlie	867	+	104	95073689	19822
chr11	95053867	95253867	harbor2	chr11	95081128	95081292	DNA/hAT-Charlie	568	+	82	95081210	27343
chr11	95053867	95253867	harbor2	chr11	95088498	95088653	DNA/hAT-Charlie	566	+	78	95088576	34709
chr11	95053867	95253867	harbor2	chr11	95138184	95138381	DNA/hAT-Charlie	584	+	98	95138282	84415
chr11	104756804	104956804	harbor2	chr11	104767379	104767693	DNA/hAT-Charlie	1199	+	157	104767536	10732
chr11	122556278	122756278	harbor2	chr11	122574714	122574879	DNA/hAT-Charlie	1336	+	82	122574796	18518
chr11	122556278	122756278	harbor2	chr11	122575476	122575638	DNA/hAT-Charlie	1336	+	81	122575557	19279
chr11	122556278	122756278	harbor2	chr11	122579667	122579810	DNA/hAT-Charlie	459	+	72	122579739	23461
chr11	122556278	122756278	harbor2	chr11	122603330	122603376	DNA/hAT-Charlie	587	+	23	122603353	47075
chr11	122556278	122756278	harbor2	chr11	122603692	122603787	DNA/hAT-Charlie	587	+	48	122603740	47462
chr11	122556278	122756278	harbor2	chr11	122605384	122605593	DNA/hAT-Charlie	898	+	104	122605488	49210
chr11	122825604	123025604	harbor2	chr11	122833478	122833754	DNA/hAT-Charlie	909	+	138	122833616	8012
chr11	122825604	123025604	harbor2	chr11	122840362	122840493	DNA/hAT-Charlie	383	+	66	122840428	14824
chr11	122825604	123025604	harbor2	chr11	122851516	122851645	DNA/hAT-Charlie	506	+	64	122851580	25976
chr11	122825604	123025604	harbor2	chr11	122860017	122860053	DNA/hAT-Charlie	434	+	18	122860035	34431
chr11	122825604	123025604	harbor2	chr11	122860350	122860428	DNA/hAT-Charlie	434	+	39	122860389	34785
chr11	122825604	123025604	harbor2	chr11	122917432	122917618	DNA/hAT-Charlie	1068	+	93	122917525	91921
chr11	86541039	86741039	harbor2	chr11	86548953	86549091	DNA/hAT-Charlie	610	+	69	86549022	7983
chr11	86541039	86741039	harbor2	chr11	86567937	86568135	DNA/hAT-Charlie	519	+	99	86568036	26997
chr11	86541039	86741039	harbor2	chr11	86571447	86571625	DNA/hAT-Charlie	1054	+	89	86571536	30497
chr11	86541039	86741039	harbor2	chr11	86621976	86622097	DNA/hAT-Charlie	377	+	60	86622036	80997
chr11	86541039	86741039	harbor2	chr11	86628404	86628579	DNA/hAT-Charlie	873	+	88	86628492	87453
chr11	86541039	86741039	harbor2	chr11	86629815	86630004	DNA/hAT-Charlie	575	+	94	86629909	88870
chr11	111201435	111401435	harbor2	chr11	111209660	111209851	DNA/hAT-Charlie	645	+	96	111209756	8321
chr11	111201435	111401435	harbor2	chr11	111295120	111295377	DNA/hAT-Charlie	752	+	128	111295248	93813
chr11	107209862	107409862	harbor2	chr11	107282441	107282613	DNA/hAT-Charlie	517	+	86	107282527	72665
chr11	40026292	40226292	harbor2	chr11	40060635	40060809	DNA/hAT-Charlie	417	+	87	40060722	34430
chr11	40026292	40226292	harbor2	chr11	40093111	40093286	DNA/hAT-Charlie	471	+	88	40093199	66907
chr11	129617131	129817131	harbor2	chr11	129621050	129621238	DNA/hAT-Charlie	1054	+	94	129621144	4013
chr11	129617131	129817131	harbor2	chr11	129624342	129625695	DNA/hAT-Charlie	5565	+	676	129625018	7887
chr11	129617131	129817131	harbor2	chr11	129633221	129633362	DNA/hAT-Charlie	514	+	70	129633291	16160
chr11	129617131	129817131	harbor2	chr11	129667887	129668188	DNA/hAT-Charlie	1102	+	150	129668037	50906
chr11	129617131	129817131	harbor2	chr11	129670275	129670405	DNA/hAT-Charlie	521	+	65	129670340	53209
chr11	85271180	85471180	harbor2	chr11	85310988	85311195	DNA/hAT-Charlie	733	+	104	85311092	39912
chr11	106705018	106905018	harbor2	chr11	106714667	106714868	DNA/hAT-Charlie	812	+	100	106714767	9749
chr11	106705018	106905018	harbor2	chr11	106785670	106785828	DNA/hAT-Charlie	385	+	79	106785749	80731
chr11	128108103	128308103	harbor2	chr11	128151442	128151621	DNA/hAT-Charlie	585	+	90	128151532	43429
chr11	115099626	115299626	harbor2	chr11	115125226	115125405	DNA/hAT-Charlie	778	+	90	115125316	25690
chr11	115099626	115299626	harbor2	chr11	115138835	115139041	DNA/hAT-Charlie	925	+	103	115138938	39312
chr11	133904623	134104623	harbor2	chr11	133993601	133993757	DNA/hAT-Charlie	699	+	78	133993679	89056
chr11	133904623	134104623	harbor2	chr11	133994052	133994087	DNA/hAT-Charlie	699	+	18	133994070	89447
chr11	114390856	114590856	harbor2	chr11	114392930	114393026	DNA/hAT-Charlie	440	+	48	114392978	2122
chr11	114390856	114590856	harbor2	chr11	114396238	114396443	DNA/hAT-Charlie	489	+	102	114396340	5484
chr11	114390856	114590856	harbor2	chr11	114398205	114398385	DNA/hAT-Charlie	660	+	90	114398295	7439
chr11	114390856	114590856	harbor2	chr11	114468533	114468738	DNA/hAT-Charlie	999	+	102	114468635	77779
chr11	114390856	114590856	harbor2	chr11	114393038	114393913	DNA/hAT-Charlie	4215	+	438	114393476	2620
chr11	67228684	67428684	harbor2	chr11	67251549	67251706	DNA/hAT-Charlie	654	+	78	67251627	22943
chr11	126183424	126383424	harbor2	chr11	126199947	126200059	DNA/hAT-Charlie	471	+	56	126200003	16579
chr11	126183424	126383424	harbor2	chr11	126202581	126202849	DNA/hAT-Charlie	646	+	134	126202715	19291
chr11	126183424	126383424	harbor2	chr11	126209830	126209988	DNA/hAT-Charlie	770	+	79	126209909	26485
chr11	126183424	126383424	harbor2	chr11	126260827	126261003	DNA/hAT-Charlie	697	+	88	126260915	77491
chr11	41412398	41612398	harbor2	chr11	41435714	41435923	DNA/hAT-Charlie	437	+	104	41435818	23420
chr11	41412398	41612398	harbor2	chr11	41436211	41436253	DNA/hAT-Charlie	437	+	21	41436232	23834
chr11	41412398	41612398	harbor2	chr11	41510140	41510361	DNA/hAT-Charlie	522	+	110	41510250	97852
chr11	96178268	96378268	harbor2	chr11	96185587	96185701	DNA/hAT-Charlie	534	+	57	96185644	7376
chr11	96178268	96378268	harbor2	chr11	96185906	96186051	DNA/hAT-Charlie	546	+	72	96185978	7710
chr11	96178268	96378268	harbor2	chr11	96235221	96235444	DNA/hAT-Charlie	1181	+	112	96235333	57065
chr11	96178268	96378268	harbor2	chr11	96241396	96241608	DNA/hAT-Charlie	1169	+	106	96241502	63234
chr11	96178268	96378268	harbor2	chr11	96247916	96248104	DNA/hAT-Charlie	864	+	94	96248010	69742
chr11	96178268	96378268	harbor2	chr11	96248411	96248488	DNA/hAT-Charlie	864	+	38	96248449	70181
chr11	128940531	129140531	harbor2	chr11	128942438	128942616	DNA/hAT-Charlie	711	+	89	128942527	1996
chr11	128940531	129140531	harbor2	chr11	128988919	128989078	DNA/hAT-Charlie	708	+	80	128988999	48468
chr11	131806099	132006099	harbor2	chr11	131810880	131811139	DNA/hAT-Charlie	903	+	130	131811010	4911
chr11	131806099	132006099	harbor2	chr11	131841452	131841599	DNA/hAT-Charlie	615	+	74	131841526	35427
chr11	131806099	132006099	harbor2	chr11	131845420	131845571	DNA/hAT-Charlie	496	+	76	131845496	39397
chr11	126418489	126618489	harbor2	chr11	126479463	126479595	DNA/hAT-Charlie	575	+	66	126479529	61040
chr11	126418489	126618489	harbor2	chr11	126500222	126500321	DNA/hAT-Charlie	525	+	50	126500272	81783
chr11	133061478	133261478	harbor2	chr11	133109941	133110155	DNA/hAT-Charlie	684	+	107	133110048	48570
chr11	108187439	108387439	harbor2	chr11	108216332	108216582	DNA/hAT-Charlie	551	+	125	108216457	29018
chr11	108187439	108387439	harbor2	chr11	108221108	108221342	DNA/hAT-Charlie	1200	+	117	108221225	33786
chr11	101043426	101243426	harbor2	chr11	101058947	101059061	DNA/hAT-Charlie	472	+	57	101059004	15578
chr11	101043426	101243426	harbor2	chr11	101100696	101100904	DNA/hAT-Charlie	758	+	104	101100800	57374
chr11	101043426	101243426	harbor2	chr11	101101563	101101964	DNA/hAT-Charlie	1903	+	200	101101763	58337
chr11	101043426	101243426	harbor2	chr11	101089237	101089405	DNA/hAT-Charlie	640	+	84	101089321	45895
chr11	117648754	117848754	harbor2	chr11	117650092	117650263	DNA/hAT-Charlie	384	+	86	117650178	1424
chr11	117648754	117848754	harbor2	chr11	117681231	117681381	DNA/hAT-Charlie	644	+	75	117681306	32552
chr11	117648754	117848754	harbor2	chr11	117689297	117689443	DNA/hAT-Charlie	421	+	73	117689370	40616
chr11	117648754	117848754	harbor2	chr11	117716639	117716954	DNA/hAT-Charlie	1501	+	158	117716797	68043
chr11	117648754	117848754	harbor2	chr11	117739266	117739443	DNA/hAT-Charlie	872	+	88	117739354	90600
chr11	106771742	106971742	harbor2	chr11	106785670	106785828	DNA/hAT-Charlie	385	+	79	106785749	14007
chr11	106771742	106971742	harbor2	chr11	106845106	106845185	DNA/hAT-Charlie	399	+	40	106845146	73404
chr11	106771742	106971742	harbor2	chr11	106870295	106870526	DNA/hAT-Charlie	632	+	116	106870411	98669
chr11	56809705	57009705	harbor2	chr11	56851641	56851794	DNA/hAT-Charlie	437	+	76	56851717	42012
chr11	56809705	57009705	harbor2	chr11	56863242	56863374	DNA/hAT-Charlie	424	+	66	56863308	53603
chr11	56809705	57009705	harbor2	chr11	56876968	56877190	DNA/hAT-Charlie	523	+	111	56877079	67374
chr11	130913332	131113332	harbor2	chr11	130932498	130933001	DNA/hAT-Charlie	3115	+	252	130932750	19418
chr11	74524261	74724261	harbor2	chr11	74621140	74621493	DNA/hAT-Charlie	2019	+	176	74621316	97055
chr11	42340154	42540154	harbor2	chr11	42417180	42417392	DNA/hAT-Charlie	501	+	106	42417286	77132
chr11	131413767	131613767	harbor2	chr11	131415614	131415762	DNA/hAT-Charlie	753	+	74	131415688	1921
chr11	131413767	131613767	harbor2	chr11	131423019	131423181	DNA/hAT-Charlie	696	+	81	131423100	9333
chr11	131413767	131613767	harbor2	chr11	131445801	131446016	DNA/hAT-Charlie	753	+	108	131445909	32142
chr11	131413767	131613767	harbor2	chr11	131505372	131505493	DNA/hAT-Charlie	553	+	60	131505432	91665
chr11	68987581	69187581	harbor2	chr11	69026561	69026763	DNA/hAT-Charlie	971	+	101	69026662	39081
chr11	68987581	69187581	harbor2	chr11	69077775	69077911	DNA/hAT-Charlie	536	+	68	69077843	90262
chr11	110143754	110343754	harbor2	chr11	110185439	110185616	DNA/hAT-Charlie	935	+	88	110185527	41773
chr11	110143754	110343754	harbor2	chr11	110198421	110198766	DNA/hAT-Charlie	2021	+	172	110198593	54839
chr11	110143754	110343754	harbor2	chr11	110206905	110206967	DNA/hAT-Charlie	818	+	31	110206936	63182
chr11	110143754	110343754	harbor2	chr11	110207274	110207399	DNA/hAT-Charlie	818	+	62	110207336	63582
chr11	110143754	110343754	harbor2	chr11	110207552	110207848	DNA/hAT-Charlie	1345	+	148	110207700	63946
chr11	110143754	110343754	harbor2	chr11	110242820	110243020	DNA/hAT-Charlie	914	+	100	110242920	99166
chr11	19002533	19202533	harbor2	chr11	19016884	19017072	DNA/hAT-Charlie	433	+	94	19016978	14445
chr11	19002533	19202533	harbor2	chr11	19099806	19100024	DNA/hAT-Charlie	1511	+	109	19099915	97382
chr11	87481462	87681462	harbor2	chr11	87521698	87521860	DNA/hAT-Charlie	655	+	81	87521779	40317
chr11	87481462	87681462	harbor2	chr11	87555440	87555554	DNA/hAT-Charlie	399	+	57	87555497	74035
chr11	22006693	22206693	harbor2	chr11	22047813	22048027	DNA/hAT-Charlie	996	+	107	22047920	41227
chr11	133861856	134061856	harbor2	chr11	133871694	133872025	DNA/hAT-Charlie	2058	+	166	133871860	10004
chr11	11183438	11383438	harbor2	chr11	11190398	11190479	DNA/hAT-Charlie	413	+	40	11190438	7000
chr11	124816573	125016573	harbor2	chr11	124837921	124838065	DNA/hAT-Charlie	529	+	72	124837993	21420
chr11	123958012	124158012	harbor2	chr11	124010966	124011152	DNA/hAT-Charlie	602	+	93	124011059	53047
chr11	123958012	124158012	harbor2	chr11	124017346	124017526	DNA/hAT-Charlie	718	+	90	124017436	59424
chr11	123958012	124158012	harbor2	chr11	124024772	124024954	DNA/hAT-Charlie	792	+	91	124024863	66851
chr11	123958012	124158012	harbor2	chr11	124039660	124039987	DNA/hAT-Charlie	1601	+	164	124039824	81812
chr11	119842945	120042945	harbor2	chr11	119850853	119851024	DNA/hAT-Charlie	501	+	86	119850939	7994
chr11	119842945	120042945	harbor2	chr11	119872950	119873175	DNA/hAT-Charlie	905	+	112	119873062	30117
chr11	119842945	120042945	harbor2	chr11	119896444	119896648	DNA/hAT-Charlie	474	+	102	119896546	53601
chr11	119842945	120042945	harbor2	chr11	119898624	119898983	DNA/hAT-Charlie	762	+	180	119898804	55859
chr11	119842945	120042945	harbor2	chr11	119899029	119899339	DNA/hAT-Charlie	1475	+	155	119899184	56239
chr11	119842945	120042945	harbor2	chr11	119899488	119899555	DNA/hAT-Charlie	601	+	34	119899522	56577
chr11	119842945	120042945	harbor2	chr11	119899814	119900094	DNA/hAT-Charlie	601	+	140	119899954	57009
chr11	124383607	124583607	harbor2	chr11	124459193	124459333	DNA/hAT-Charlie	727	+	70	124459263	75656
chr11	124383607	124583607	harbor2	chr11	124459982	124460014	DNA/hAT-Charlie	727	+	16	124459998	76391
chr11	96396643	96596643	harbor2	chr11	96467887	96468095	DNA/hAT-Charlie	418	+	104	96467991	71348
chr11	96396643	96596643	harbor2	chr11	96480787	96481011	DNA/hAT-Charlie	1054	+	112	96480899	84256
chr11	117129464	117329464	harbor2	chr11	117202580	117202783	DNA/hAT-Charlie	1178	+	102	117202682	73218
chr11	82010381	82210381	harbor2	chr11	82043885	82044051	DNA/hAT-Charlie	442	+	83	82043968	33587
chr11	82010381	82210381	harbor2	chr11	82085641	82085966	DNA/hAT-Charlie	1786	+	162	82085803	75422
chr11	107042222	107242222	harbor2	chr11	107126548	107126628	DNA/hAT-Charlie	400	+	40	107126588	84366
chr11	107042222	107242222	harbor2	chr11	107132448	107132576	DNA/hAT-Charlie	450	+	64	107132512	90290
chr11	107042222	107242222	harbor2	chr11	107135276	107135478	DNA/hAT-Charlie	1473	+	101	107135377	93155
chr11	45122909	45322909	harbor2	chr11	45156470	45156588	DNA/hAT-Charlie	383	+	59	45156529	33620
chr11	45122909	45322909	harbor2	chr11	45185174	45185364	DNA/hAT-Charlie	796	+	95	45185269	62360
chr11	45122909	45322909	harbor2	chr11	45207397	45207588	DNA/hAT-Charlie	759	+	96	45207493	84584
chr11	126992181	127192181	harbor2	chr11	127031724	127031902	DNA/hAT-Charlie	672	+	89	127031813	39632
chr11	126992181	127192181	harbor2	chr11	127032055	127032222	DNA/hAT-Charlie	766	+	84	127032139	39958
chr11	126992181	127192181	harbor2	chr11	127054559	127054710	DNA/hAT-Charlie	916	+	76	127054635	62454
chr11	126992181	127192181	harbor2	chr11	127063751	127063897	DNA/hAT-Charlie	446	+	73	127063824	71643
chr11	126992181	127192181	harbor2	chr11	127084136	127084299	DNA/hAT-Charlie	515	+	82	127084218	92037
chr11	126992181	127192181	harbor2	chr11	127008754	127008930	DNA/hAT-Charlie	723	+	88	127008842	16661
chr11	46179357	46379357	harbor2	chr11	46180312	46180564	DNA/hAT-Charlie	822	+	126	46180438	1081
chr11	46179357	46379357	harbor2	chr11	46207379	46207752	DNA/hAT-Charlie	3095	+	186	46207565	28208
chr11	46179357	46379357	harbor2	chr11	46208060	46208130	DNA/hAT-Charlie	3095	+	35	46208095	28738
chr11	46179357	46379357	harbor2	chr11	46208131	46208261	DNA/hAT-Charlie	774	+	65	46208196	28839
chr11	46179357	46379357	harbor2	chr11	46210560	46210680	DNA/hAT-Charlie	533	+	60	46210620	31263
chr11	43704576	43904576	harbor2	chr11	43713055	43713126	DNA/hAT-Charlie	387	+	36	43713091	8515
chr11	43704576	43904576	harbor2	chr11	43715748	43715880	DNA/hAT-Charlie	625	+	66	43715814	11238
chr11	43704576	43904576	harbor2	chr11	43770195	43770440	DNA/hAT-Charlie	553	+	122	43770317	65741
chr11	43704576	43904576	harbor2	chr11	43802609	43802823	DNA/hAT-Charlie	985	+	107	43802716	98140
chr11	88788636	88988636	harbor2	chr11	88860918	88861139	DNA/hAT-Charlie	914	+	110	88861028	72392
chr11	88788636	88988636	harbor2	chr11	88862373	88862519	DNA/hAT-Charlie	462	+	73	88862446	73810
chr11	131937136	132137136	harbor2	chr11	132025420	132025594	DNA/hAT-Charlie	732	+	87	132025507	88371
chr11	131937136	132137136	harbor2	chr11	132027154	132027347	DNA/hAT-Charlie	487	+	96	132027250	90114
chr11	112605671	112805671	harbor2	chr11	112649220	112649360	DNA/hAT-Charlie	604	+	70	112649290	43619
chr11	112605671	112805671	harbor2	chr11	112697156	112697345	DNA/hAT-Charlie	445	+	94	112697250	91579
chr11	103665059	103865059	harbor2	chr11	103683674	103683850	DNA/hAT-Charlie	695	+	88	103683762	18703
chr11	103665059	103865059	harbor2	chr11	103693054	103693225	DNA/hAT-Charlie	643	+	86	103693140	28081
chr11	103665059	103865059	harbor2	chr11	103708392	103708552	DNA/hAT-Charlie	748	+	80	103708472	43413
chr11	103665059	103865059	harbor2	chr11	103731186	103731332	DNA/hAT-Charlie	516	+	73	103731259	66200
chr11	79772948	79972948	harbor2	chr11	79840047	79840068	DNA/hAT-Charlie	529	+	10	79840057	67109
chr11	79772948	79972948	harbor2	chr11	79840429	79840474	DNA/hAT-Charlie	529	+	22	79840451	67503
chr11	79772948	79972948	harbor2	chr11	79840755	79840828	DNA/hAT-Charlie	529	+	36	79840791	67843
chr11	79772948	79972948	harbor2	chr11	79852384	79852692	DNA/hAT-Charlie	861	+	154	79852538	79590
chr11	115271401	115471401	harbor2	chr11	115289460	115289578	DNA/hAT-Charlie	805	+	59	115289519	18118
chr11	115271401	115471401	harbor2	chr11	115289895	115289952	DNA/hAT-Charlie	805	+	28	115289923	18522
chr11	115271401	115471401	harbor2	chr11	115353278	115353446	DNA/hAT-Charlie	793	+	84	115353362	81961
chr11	115271401	115471401	harbor2	chr11	115368766	115368958	DNA/hAT-Charlie	920	+	96	115368862	97461
chr12	109963141	110163141	harbor2	chr12	109966854	109967142	DNA/hAT-Charlie	1295	+	144	109966998	3857
chr12	109963141	110163141	harbor2	chr12	109998744	109998937	DNA/hAT-Charlie	740	+	96	109998840	35699
chr12	109963141	110163141	harbor2	chr12	110000516	110000737	DNA/hAT-Charlie	997	+	110	110000626	37485
chr12	109963141	110163141	harbor2	chr12	110046759	110046974	DNA/hAT-Charlie	549	+	108	110046867	83726
chr12	120861620	121061620	harbor2	chr12	120865754	120866276	DNA/hAT-Charlie	3491	+	261	120866015	4395
chr12	120861620	121061620	harbor2	chr12	120869747	120870025	DNA/hAT-Charlie	602	+	139	120869886	8266
chr12	120861620	121061620	harbor2	chr12	120886831	120886980	DNA/hAT-Charlie	762	+	74	120886905	25285
chr12	120861620	121061620	harbor2	chr12	120887232	120887345	DNA/hAT-Charlie	762	+	56	120887288	25668
chr12	110156236	110356236	harbor2	chr12	110176410	110176510	DNA/hAT-Charlie	469	+	50	110176460	20224
chr12	102599169	102799169	harbor2	chr12	102615621	102615677	DNA/hAT-Charlie	526	+	28	102615649	16480
chr12	102599169	102799169	harbor2	chr12	102615974	102616044	DNA/hAT-Charlie	526	+	35	102616009	16840
chr12	102599169	102799169	harbor2	chr12	102619747	102619960	DNA/hAT-Charlie	881	+	106	102619853	20684
chr12	102599169	102799169	harbor2	chr12	102641615	102641778	DNA/hAT-Charlie	581	+	82	102641697	42528
chr12	102599169	102799169	harbor2	chr12	102643785	102643957	DNA/hAT-Charlie	535	+	86	102643871	44702
chr12	102599169	102799169	harbor2	chr12	102629169	102629427	DNA/hAT-Charlie	528	+	129	102629298	30129
chr12	123040621	123240621	harbor2	chr12	123080849	123081047	DNA/hAT-Charlie	709	+	99	123080948	40327
chr12	124026480	124226480	harbor2	chr12	124047290	124047812	DNA/hAT-Charlie	3740	+	261	124047551	21071
chr12	124026480	124226480	harbor2	chr12	124069011	124069191	DNA/hAT-Charlie	680	+	90	124069101	42621
chr12	124026480	124226480	harbor2	chr12	124083705	124083884	DNA/hAT-Charlie	879	+	90	124083795	57315
chr12	124026480	124226480	harbor2	chr12	124091465	124091652	DNA/hAT-Charlie	501	+	94	124091559	65079
chr12	124026480	124226480	harbor2	chr12	124093986	124094310	DNA/hAT-Charlie	1332	+	162	124094148	67668
chr12	124026480	124226480	harbor2	chr12	124112255	124112317	DNA/hAT-Charlie	882	+	31	124112286	85806
chr12	124026480	124226480	harbor2	chr12	124112622	124112785	DNA/hAT-Charlie	882	+	82	124112704	86224
chr12	78970332	79170332	harbor2	chr12	78992416	78992616	DNA/hAT-Charlie	477	+	100	78992516	22184
chr12	78970332	79170332	harbor2	chr12	79022345	79022811	DNA/hAT-Charlie	1306	+	233	79022578	52246
chr12	78970332	79170332	harbor2	chr12	79057706	79057904	DNA/hAT-Charlie	1500	+	99	79057805	87473
chr12	84775325	84975325	harbor2	chr12	84827191	84827353	DNA/hAT-Charlie	860	+	81	84827272	51947
chr12	106591788	106791788	harbor2	chr12	106624252	106624313	DNA/hAT-Charlie	612	+	30	106624282	32494
chr12	106591788	106791788	harbor2	chr12	106624625	106624765	DNA/hAT-Charlie	612	+	70	106624695	32907
chr12	106591788	106791788	harbor2	chr12	106626110	106626269	DNA/hAT-Charlie	595	+	80	106626190	34402
chr12	106591788	106791788	harbor2	chr12	106637787	106638017	DNA/hAT-Charlie	1505	+	115	106637902	46114
chr12	106591788	106791788	harbor2	chr12	106638308	106638460	DNA/hAT-Charlie	1505	+	76	106638384	46596
chr12	106591788	106791788	harbor2	chr12	106660654	106660994	DNA/hAT-Charlie	2494	+	170	106660824	69036
chr12	106591788	106791788	harbor2	chr12	106682895	106683070	DNA/hAT-Charlie	645	+	88	106682983	91195
chr12	30264568	30464568	harbor2	chr12	30283178	30283319	DNA/hAT-Charlie	740	+	70	30283248	18680
chr12	122197163	122397163	harbor2	chr12	122245275	122245387	DNA/hAT-Charlie	442	+	56	122245331	48168
chr12	122197163	122397163	harbor2	chr12	122245406	122245443	DNA/hAT-Charlie	766	+	18	122245424	48261
chr12	122197163	122397163	harbor2	chr12	122245745	122245924	DNA/hAT-Charlie	766	+	90	122245835	48672
chr12	79751365	79951365	harbor2	chr12	79751938	79753233	DNA/hAT-Charlie	9194	+	648	79752586	1221
chr12	79751365	79951365	harbor2	chr12	79753528	79753723	DNA/hAT-Charlie	9194	+	98	79753626	2261
chr12	79751365	79951365	harbor2	chr12	79754039	79754567	DNA/hAT-Charlie	9194	+	264	79754303	2938
chr12	79751365	79951365	harbor2	chr12	79754869	79754982	DNA/hAT-Charlie	9194	+	56	79754925	3560
chr12	79751365	79951365	harbor2	chr12	79767786	79767952	DNA/hAT-Charlie	612	+	83	79767869	16504
chr12	79751365	79951365	harbor2	chr12	79811325	79811471	DNA/hAT-Charlie	566	+	73	79811398	60033
chr12	79751365	79951365	harbor2	chr12	79846098	79846339	DNA/hAT-Charlie	943	+	120	79846218	94853
chr12	76683788	76883788	harbor2	chr12	76683836	76684070	DNA/hAT-Charlie	514	+	117	76683953	165
chr12	23859089	24059089	harbor2	chr12	23956303	23956628	DNA/hAT-Charlie	1663	+	162	23956465	97376
chr12	125956424	126156424	harbor2	chr12	126023819	126024184	DNA/hAT-Charlie	548	+	182	126024001	67577
chr12	125956424	126156424	harbor2	chr12	125960090	125960295	DNA/hAT-Charlie	1356	+	102	125960192	3768
chr12	116640061	116840061	harbor2	chr12	116644717	116644901	DNA/hAT-Charlie	948	+	92	116644809	4748
chr12	116640061	116840061	harbor2	chr12	116652144	116652357	DNA/hAT-Charlie	1105	+	106	116652250	12189
chr12	116640061	116840061	harbor2	chr12	116668709	116668826	DNA/hAT-Charlie	791	+	58	116668767	28706
chr12	116640061	116840061	harbor2	chr12	116669144	116669226	DNA/hAT-Charlie	791	+	41	116669185	29124
chr12	116640061	116840061	harbor2	chr12	116696372	116696578	DNA/hAT-Charlie	1051	+	103	116696475	56414
chr12	116640061	116840061	harbor2	chr12	116697480	116697702	DNA/hAT-Charlie	984	+	111	116697591	57530
chr12	116640061	116840061	harbor2	chr12	116698723	116698942	DNA/hAT-Charlie	1045	+	110	116698833	58772
chr12	77389379	77589379	harbor2	chr12	77399552	77399707	DNA/hAT-Charlie	598	+	78	77399630	10251
chr12	77389379	77589379	harbor2	chr12	77406180	77406391	DNA/hAT-Charlie	719	+	106	77406286	16907
chr12	77389379	77589379	harbor2	chr12	77431936	77432159	DNA/hAT-Charlie	1188	+	112	77432048	42669
chr12	77389379	77589379	harbor2	chr12	77438917	77439278	DNA/hAT-Charlie	1051	+	180	77439097	49718
chr12	77389379	77589379	harbor2	chr12	77475367	77475447	DNA/hAT-Charlie	463	+	40	77475407	86028
chr12	49479926	49679926	harbor2	chr12	49483735	49483883	DNA/hAT-Charlie	508	+	74	49483809	3883
chr12	26621911	26821911	harbor2	chr12	26682865	26683044	DNA/hAT-Charlie	1031	+	90	26682955	61044
chr12	26621911	26821911	harbor2	chr12	26692220	26692403	DNA/hAT-Charlie	837	+	92	26692312	70401
chr12	26621911	26821911	harbor2	chr12	26706152	26706279	DNA/hAT-Charlie	584	+	64	26706216	84305
chr12	26621911	26821911	harbor2	chr12	26712754	26712914	DNA/hAT-Charlie	523	+	80	26712834	90923
chr12	26621911	26821911	harbor2	chr12	26714424	26714656	DNA/hAT-Charlie	765	+	116	26714540	92629
chr12	61415900	61615900	harbor2	chr12	61503333	61503650	DNA/hAT-Charlie	1979	+	158	61503491	87591
chr12	54887212	55087212	harbor2	chr12	54960790	54960978	DNA/hAT-Charlie	996	+	94	54960884	73672
chr12	92883775	93083775	harbor2	chr12	92927112	92927335	DNA/hAT-Charlie	1365	+	112	92927224	43449
chr12	92883775	93083775	harbor2	chr12	92968040	92968182	DNA/hAT-Charlie	588	+	71	92968111	84336
chr12	92883775	93083775	harbor2	chr12	92971726	92972105	DNA/hAT-Charlie	937	+	190	92971916	88141
chr12	63087259	63287259	harbor2	chr12	63136350	63136574	DNA/hAT-Charlie	993	+	112	63136462	49203
chr12	123225433	123425433	harbor2	chr12	123238858	123238988	DNA/hAT-Charlie	625	+	65	123238923	13490
chr12	123225433	123425433	harbor2	chr12	123239280	123239397	DNA/hAT-Charlie	625	+	58	123239338	13905
chr12	123225433	123425433	harbor2	chr12	123239702	123239732	DNA/hAT-Charlie	625	+	15	123239717	14284
chr12	123225433	123425433	harbor2	chr12	123240021	123240082	DNA/hAT-Charlie	671	+	30	123240051	14618
chr12	123225433	123425433	harbor2	chr12	123286986	123287189	DNA/hAT-Charlie	1023	+	102	123287088	61655
chr12	123225433	123425433	harbor2	chr12	123240367	123240455	DNA/hAT-Charlie	671	+	44	123240411	14978
chr12	111938858	112138858	harbor2	chr12	111963834	111964100	DNA/hAT-Charlie	601	+	133	111963967	25109
chr12	111938858	112138858	harbor2	chr12	112001256	112001316	DNA/hAT-Charlie	760	+	30	112001286	62428
chr12	111938858	112138858	harbor2	chr12	112001475	112001637	DNA/hAT-Charlie	760	+	81	112001556	62698
chr12	111938858	112138858	harbor2	chr12	112014172	112014487	DNA/hAT-Charlie	2227	+	158	112014330	75472
chr12	99107050	99307050	harbor2	chr12	99146883	99147095	DNA/hAT-Charlie	1331	+	106	99146989	39939
chr12	99107050	99307050	harbor2	chr12	99183676	99183895	DNA/hAT-Charlie	614	+	110	99183786	76736
chr12	75768933	75968933	harbor2	chr12	75821514	75821732	DNA/hAT-Charlie	547	+	109	75821623	52690
chr12	75768933	75968933	harbor2	chr12	75835550	75835764	DNA/hAT-Charlie	735	+	107	75835657	66724
chr12	107776546	107976546	harbor2	chr12	107819983	107820475	DNA/hAT-Charlie	2383	+	246	107820229	43683
chr12	107776546	107976546	harbor2	chr12	107820545	107820699	DNA/hAT-Charlie	717	+	77	107820622	44076
chr12	107776546	107976546	harbor2	chr12	107830543	107830800	DNA/hAT-Charlie	655	+	128	107830671	54125
chr12	93890624	94090624	harbor2	chr12	93894174	93894408	DNA/hAT-Charlie	1110	+	117	93894291	3667
chr12	93890624	94090624	harbor2	chr12	93908441	93908612	DNA/hAT-Charlie	868	+	86	93908527	17903
chr12	108005229	108205229	harbor2	chr12	108017059	108017266	DNA/hAT-Charlie	650	+	104	108017163	11934
chr12	108005229	108205229	harbor2	chr12	108058501	108058700	DNA/hAT-Charlie	973	+	100	108058601	53372
chr12	108005229	108205229	harbor2	chr12	108065700	108065959	DNA/hAT-Charlie	1018	+	130	108065830	60601
chr12	108005229	108205229	harbor2	chr12	108066325	108066518	DNA/hAT-Charlie	688	+	96	108066421	61192
chr12	108005229	108205229	harbor2	chr12	108094408	108094620	DNA/hAT-Charlie	994	+	106	108094514	89285
chr12	119383067	119583067	harbor2	chr12	119389247	119389457	DNA/hAT-Charlie	1009	+	105	119389352	6285
chr12	119383067	119583067	harbor2	chr12	119417179	119417269	DNA/hAT-Charlie	514	+	45	119417224	34157
chr12	96941451	97141451	harbor2	chr12	96992577	96992787	DNA/hAT-Charlie	974	+	105	96992682	51231
chr12	96941451	97141451	harbor2	chr12	97000001	97000181	DNA/hAT-Charlie	470	+	90	97000091	58640
chr12	96941451	97141451	harbor2	chr12	97011933	97012004	DNA/hAT-Charlie	611	+	36	97011969	70518
chr12	96941451	97141451	harbor2	chr12	97012005	97012338	DNA/hAT-Charlie	2252	+	166	97012171	70720
chr12	96941451	97141451	harbor2	chr12	97012339	97012473	DNA/hAT-Charlie	611	+	67	97012406	70955
chr12	102960457	103160457	harbor2	chr12	102989115	102989324	DNA/hAT-Charlie	514	+	104	102989219	28762
chr12	102960457	103160457	harbor2	chr12	103011073	103011270	DNA/hAT-Charlie	999	+	98	103011171	50714
chr12	102960457	103160457	harbor2	chr12	103046514	103046840	DNA/hAT-Charlie	2060	+	163	103046677	86220
chr12	132986248	133186248	harbor2	chr12	133013864	133013975	DNA/hAT-Charlie	466	+	56	133013920	27672
chr12	132986248	133186248	harbor2	chr12	133081830	133081985	DNA/hAT-Charlie	899	+	78	133081908	95660
chr12	110694826	110894826	harbor2	chr12	110701317	110701501	DNA/hAT-Charlie	531	+	92	110701409	6583
chr12	110694826	110894826	harbor2	chr12	110752695	110752861	DNA/hAT-Charlie	523	+	83	110752778	57952
chr12	110694826	110894826	harbor2	chr12	110761900	110762054	DNA/hAT-Charlie	549	+	77	110761977	67151
chr12	110694826	110894826	harbor2	chr12	110762363	110762397	DNA/hAT-Charlie	549	+	17	110762380	67554
chr12	110694826	110894826	harbor2	chr12	110780678	110780824	DNA/hAT-Charlie	477	+	73	110780751	85925
chr12	110694826	110894826	harbor2	chr12	110784188	110784697	DNA/hAT-Charlie	2348	+	254	110784442	89616
chr12	30723482	30923482	harbor2	chr12	30751446	30751676	DNA/hAT-Charlie	1157	+	115	30751561	28079
chr12	62775459	62975459	harbor2	chr12	62813482	62813846	DNA/hAT-Charlie	748	+	182	62813664	38205
chr12	62775459	62975459	harbor2	chr12	62839290	62839626	DNA/hAT-Charlie	953	+	168	62839458	63999
chr12	62775459	62975459	harbor2	chr12	62841251	62841561	DNA/hAT-Charlie	1437	+	155	62841406	65947
chr12	62775459	62975459	harbor2	chr12	62864044	62864224	DNA/hAT-Charlie	910	+	90	62864134	88675
chr12	111801752	112001752	harbor2	chr12	111828823	111828932	DNA/hAT-Charlie	543	+	54	111828877	27125
chr12	111801752	112001752	harbor2	chr12	111854656	111854869	DNA/hAT-Charlie	1117	+	106	111854762	53010
chr12	104756567	104956567	harbor2	chr12	104759918	104760191	DNA/hAT-Charlie	730	+	136	104760054	3487
chr12	104756567	104956567	harbor2	chr12	104768029	104768175	DNA/hAT-Charlie	717	+	73	104768102	11535
chr12	104756567	104956567	harbor2	chr12	104785352	104785516	DNA/hAT-Charlie	759	+	82	104785434	28867
chr12	104756567	104956567	harbor2	chr12	104810544	104810647	DNA/hAT-Charlie	592	+	52	104810596	54029
chr12	104756567	104956567	harbor2	chr12	104820108	104820183	DNA/hAT-Charlie	1383	+	38	104820146	63579
chr12	104756567	104956567	harbor2	chr12	104820487	104820644	DNA/hAT-Charlie	1383	+	78	104820565	63998
chr12	104756567	104956567	harbor2	chr12	104820945	104821173	DNA/hAT-Charlie	1383	+	114	104821059	64492
chr12	104756567	104956567	harbor2	chr12	104821221	104821344	DNA/hAT-Charlie	470	+	62	104821283	64716
chr12	104756567	104956567	harbor2	chr12	104829727	104830041	DNA/hAT-Charlie	1385	+	157	104829884	73317
chr12	104756567	104956567	harbor2	chr12	104854080	104854279	DNA/hAT-Charlie	517	+	100	104854180	97613
chr12	104756567	104956567	harbor2	chr12	104854597	104854790	DNA/hAT-Charlie	673	+	96	104854693	98126
chr12	125555688	125755688	harbor2	chr12	125587351	125587780	DNA/hAT-Charlie	520	+	214	125587565	31877
chr12	125555688	125755688	harbor2	chr12	125621857	125622170	DNA/hAT-Charlie	497	+	156	125622013	66325
chr12	78716624	78916624	harbor2	chr12	78738710	78738897	DNA/hAT-Charlie	451	+	94	78738804	22180
chr12	78716624	78916624	harbor2	chr12	78767735	78768242	DNA/hAT-Charlie	3198	+	254	78767989	51365
chr12	103903386	104103386	harbor2	chr12	103933072	103933274	DNA/hAT-Charlie	1024	+	101	103933173	29787
chr12	103903386	104103386	harbor2	chr12	103937059	103937243	DNA/hAT-Charlie	733	+	92	103937151	33765
chr12	103903386	104103386	harbor2	chr12	103978727	103978937	DNA/hAT-Charlie	1295	+	105	103978832	75446
chr12	103903386	104103386	harbor2	chr12	103939923	103940168	DNA/hAT-Charlie	685	+	122	103940045	36659
chr12	115262982	115462982	harbor2	chr12	115263989	115264249	DNA/hAT-Charlie	739	+	130	115264119	1137
chr12	115262982	115462982	harbor2	chr12	115269329	115269523	DNA/hAT-Charlie	1029	+	97	115269426	6444
chr12	115262982	115462982	harbor2	chr12	115281764	115281942	DNA/hAT-Charlie	899	+	89	115281853	18871
chr12	115262982	115462982	harbor2	chr12	115319865	115320044	DNA/hAT-Charlie	943	+	90	115319955	56973
chr12	115262982	115462982	harbor2	chr12	115320053	115320222	DNA/hAT-Charlie	856	+	84	115320137	57155
chr12	115262982	115462982	harbor2	chr12	115332853	115333009	DNA/hAT-Charlie	444	+	78	115332931	69949
chr12	115262982	115462982	harbor2	chr12	115338927	115339106	DNA/hAT-Charlie	733	+	90	115339017	76035
chr12	115262982	115462982	harbor2	chr12	115355678	115356028	DNA/hAT-Charlie	582	+	175	115355853	92871
chr12	115262982	115462982	harbor2	chr12	115294183	115294347	DNA/hAT-Charlie	601	+	82	115294265	31283
chr12	131563802	131763802	harbor2	chr12	131600332	131600528	DNA/hAT-Charlie	467	+	98	131600430	36628
chr12	121765627	121965627	harbor2	chr12	121798983	121799163	DNA/hAT-Charlie	562	+	90	121799073	33446
chr12	121765627	121965627	harbor2	chr12	121820336	121820521	DNA/hAT-Charlie	612	+	92	121820428	54801
chr12	121765627	121965627	harbor2	chr12	121828418	121828604	DNA/hAT-Charlie	722	+	93	121828511	62884
chr12	41281235	41481235	harbor2	chr12	41324698	41324996	DNA/hAT-Charlie	803	+	149	41324847	43612
chr12	41281235	41481235	harbor2	chr12	41348255	41348797	DNA/hAT-Charlie	2391	+	271	41348526	67291
chr12	41281235	41481235	harbor2	chr12	41348806	41348967	DNA/hAT-Charlie	738	+	80	41348886	67651
chr12	41281235	41481235	harbor2	chr12	41348976	41349221	DNA/hAT-Charlie	507	+	122	41349098	67863
chr12	51845020	52045020	harbor2	chr12	51844996	51845148	DNA/hAT-Charlie	535	+	76	51845072	52
chr12	51845020	52045020	harbor2	chr12	51876725	51876898	DNA/hAT-Charlie	806	+	86	51876811	31791
chr12	88930080	89130080	harbor2	chr12	88942382	88942735	DNA/hAT-Charlie	1172	+	176	88942558	12478
chr12	88930080	89130080	harbor2	chr12	88945001	88945207	DNA/hAT-Charlie	826	+	103	88945104	15024
chr12	78551846	78751846	harbor2	chr12	78636093	78636284	DNA/hAT-Charlie	745	+	96	78636189	84343
chr12	127874295	128074295	harbor2	chr12	127894481	127894729	DNA/hAT-Charlie	465	+	124	127894605	20310
chr12	127874295	128074295	harbor2	chr12	127896551	127896761	DNA/hAT-Charlie	745	+	105	127896656	22361
chr12	127874295	128074295	harbor2	chr12	127957205	127957422	DNA/hAT-Charlie	749	+	108	127957313	83018
chr12	131382006	131582006	harbor2	chr12	131432080	131432339	DNA/hAT-Charlie	627	+	130	131432210	50204
chr12	122597528	122797528	harbor2	chr12	122632990	122633103	DNA/hAT-Charlie	470	+	56	122633046	35518
chr12	122597528	122797528	harbor2	chr12	122633383	122633595	DNA/hAT-Charlie	677	+	106	122633489	35961
chr12	77381298	77581298	harbor2	chr12	77388560	77388693	DNA/hAT-Charlie	501	+	66	77388626	7328
chr12	77381298	77581298	harbor2	chr12	77399552	77399707	DNA/hAT-Charlie	598	+	78	77399630	18332
chr12	77381298	77581298	harbor2	chr12	77406180	77406391	DNA/hAT-Charlie	719	+	106	77406286	24988
chr12	77381298	77581298	harbor2	chr12	77431936	77432159	DNA/hAT-Charlie	1188	+	112	77432048	50750
chr12	77381298	77581298	harbor2	chr12	77438917	77439278	DNA/hAT-Charlie	1051	+	180	77439097	57799
chr12	77381298	77581298	harbor2	chr12	77475367	77475447	DNA/hAT-Charlie	463	+	40	77475407	94109
chr12	101943227	102143227	harbor2	chr12	101980958	101981261	DNA/hAT-Charlie	1113	+	152	101981110	37883
chr12	20967574	21167574	harbor2	chr12	21015848	21016066	DNA/hAT-Charlie	1011	+	109	21015957	48383
chr12	20967574	21167574	harbor2	chr12	21050388	21050571	DNA/hAT-Charlie	759	+	92	21050480	82906
chr12	129899596	130099596	harbor2	chr12	129922746	129922928	DNA/hAT-Charlie	750	+	91	129922837	23241
chr12	129899596	130099596	harbor2	chr12	129947464	129947809	DNA/hAT-Charlie	660	+	172	129947636	48040
chr12	26512012	26712012	harbor2	chr12	26554184	26554383	DNA/hAT-Charlie	1030	+	100	26554284	42272
chr12	26512012	26712012	harbor2	chr12	26584582	26584795	DNA/hAT-Charlie	991	+	106	26584688	72676
chr12	26512012	26712012	harbor2	chr12	26593164	26593340	DNA/hAT-Charlie	780	+	88	26593252	81240
chr12	126304453	126504453	harbor2	chr12	126333313	126333837	DNA/hAT-Charlie	3653	+	262	126333575	29122
chr12	126304453	126504453	harbor2	chr12	126347441	126347599	DNA/hAT-Charlie	537	+	79	126347520	43067
chr12	126304453	126504453	harbor2	chr12	126367076	126367234	DNA/hAT-Charlie	454	+	79	126367155	62702
chr12	101620465	101820465	harbor2	chr12	101668230	101668464	DNA/hAT-Charlie	1340	+	117	101668347	47882
chr12	101620465	101820465	harbor2	chr12	101668765	101668804	DNA/hAT-Charlie	1340	+	20	101668785	48320
chr12	101620465	101820465	harbor2	chr12	101669112	101669304	DNA/hAT-Charlie	1340	+	96	101669208	48743
chr12	101620465	101820465	harbor2	chr12	101671053	101671266	DNA/hAT-Charlie	1233	+	106	101671159	50694
chr12	101620465	101820465	harbor2	chr12	101675981	101676189	DNA/hAT-Charlie	1421	+	104	101676085	55620
chr12	101620465	101820465	harbor2	chr12	101689852	101689893	DNA/hAT-Charlie	462	+	20	101689872	69407
chr12	101620465	101820465	harbor2	chr12	101690196	101690285	DNA/hAT-Charlie	462	+	44	101690240	69775
chr12	127659911	127859911	harbor2	chr12	127691325	127691531	DNA/hAT-Charlie	867	+	103	127691428	31517
chr12	127659911	127859911	harbor2	chr12	127706423	127706686	DNA/hAT-Charlie	450	+	132	127706555	46644
chr12	108776157	108976157	harbor2	chr12	108833702	108833860	DNA/hAT-Charlie	629	+	79	108833781	57624
chr12	108776157	108976157	harbor2	chr12	108854115	108854300	DNA/hAT-Charlie	726	+	92	108854207	78050
chr12	108776157	108976157	harbor2	chr12	108859036	108859300	DNA/hAT-Charlie	766	+	132	108859168	83011
chr12	108776157	108976157	harbor2	chr12	108859359	108859371	DNA/hAT-Charlie	766	+	6	108859365	83208
chr12	108776157	108976157	harbor2	chr12	108859619	108859652	DNA/hAT-Charlie	766	+	16	108859635	83478
chr12	121254299	121454299	harbor2	chr12	121261927	121262230	DNA/hAT-Charlie	1328	+	152	121262079	7780
chr12	121254299	121454299	harbor2	chr12	121262525	121262553	DNA/hAT-Charlie	1328	+	14	121262539	8240
chr12	121254299	121454299	harbor2	chr12	121262860	121262970	DNA/hAT-Charlie	1328	+	55	121262915	8616
chr12	121254299	121454299	harbor2	chr12	121263408	121263490	DNA/hAT-Charlie	480	+	41	121263449	9150
chr12	121254299	121454299	harbor2	chr12	121269650	121269766	DNA/hAT-Charlie	548	+	58	121269708	15409
chr12	121254299	121454299	harbor2	chr12	121270064	121270090	DNA/hAT-Charlie	548	+	13	121270077	15778
chr12	121254299	121454299	harbor2	chr12	121270386	121270558	DNA/hAT-Charlie	548	+	86	121270472	16173
chr12	121254299	121454299	harbor2	chr12	121283845	121284017	DNA/hAT-Charlie	524	+	86	121283931	29632
chr12	121972637	122172637	harbor2	chr12	121991432	121991591	DNA/hAT-Charlie	605	+	80	121991512	18875
chr12	121972637	122172637	harbor2	chr12	121991625	121991712	DNA/hAT-Charlie	454	+	44	121991669	19032
chr12	121972637	122172637	harbor2	chr12	121992004	121992059	DNA/hAT-Charlie	454	+	28	121992032	19395
chr12	121972637	122172637	harbor2	chr12	122065664	122065679	DNA/hAT-Charlie	528	+	8	122065672	93035
chr12	121972637	122172637	harbor2	chr12	122065993	122066093	DNA/hAT-Charlie	528	+	50	122066043	93406
chr12	118976237	119176237	harbor2	chr12	118977176	118977312	DNA/hAT-Charlie	551	+	68	118977244	1007
chr12	118976237	119176237	harbor2	chr12	118991980	118992119	DNA/hAT-Charlie	488	+	70	118992050	15813
chr12	118976237	119176237	harbor2	chr12	118998309	118998478	DNA/hAT-Charlie	637	+	84	118998393	22156
chr12	118976237	119176237	harbor2	chr12	119051013	119051169	DNA/hAT-Charlie	848	+	78	119051091	74854
chr12	118976237	119176237	harbor2	chr12	119052961	119053439	DNA/hAT-Charlie	1706	+	239	119053200	76963
chr12	118976237	119176237	harbor2	chr12	119066440	119066627	DNA/hAT-Charlie	943	+	94	119066534	90297
chr12	22809745	23009745	harbor2	chr12	22835590	22836069	DNA/hAT-Charlie	1436	+	240	22835830	26085
chr12	22809745	23009745	harbor2	chr12	22849186	22849398	DNA/hAT-Charlie	778	+	106	22849292	39547
chr12	22809745	23009745	harbor2	chr12	22860058	22860189	DNA/hAT-Charlie	683	+	66	22860124	50379
chr12	22809745	23009745	harbor2	chr12	22860470	22860520	DNA/hAT-Charlie	683	+	25	22860495	50750
chr12	22809745	23009745	harbor2	chr12	22899732	22899938	DNA/hAT-Charlie	1201	+	103	22899835	90090
chr12	97457389	97657389	harbor2	chr12	97522588	97522825	DNA/hAT-Charlie	515	+	118	97522706	65317
chr12	97457389	97657389	harbor2	chr12	97524204	97524342	DNA/hAT-Charlie	754	+	69	97524273	66884
chr12	97457389	97657389	harbor2	chr12	97525731	97526262	DNA/hAT-Charlie	3666	+	266	97525997	68608
chr13	107390325	107590325	harbor2	chr13	107431754	107431937	DNA/hAT-Charlie	756	+	92	107431846	41521
chr13	70834930	71034930	harbor2	chr13	70874456	70874667	DNA/hAT-Charlie	871	+	106	70874562	39632
chr13	95067801	95267801	harbor2	chr13	95074968	95075172	DNA/hAT-Charlie	993	+	102	95075070	7269
chr13	95067801	95267801	harbor2	chr13	95134973	95135413	DNA/hAT-Charlie	492	+	220	95135193	67392
chr13	95067801	95267801	harbor2	chr13	95135714	95135919	DNA/hAT-Charlie	492	+	102	95135816	68015
chr13	108506323	108706323	harbor2	chr13	108562948	108563096	DNA/hAT-Charlie	445	+	74	108563022	56699
chr13	83916741	84116741	harbor2	chr13	83934836	83934983	DNA/hAT-Charlie	530	+	74	83934910	18169
chr13	75106175	75306175	harbor2	chr13	75161931	75162267	DNA/hAT-Charlie	1629	+	168	75162099	55924
chr13	75106175	75306175	harbor2	chr13	75196964	75197221	DNA/hAT-Charlie	419	+	128	75197092	90917
chr13	75106175	75306175	harbor2	chr13	75197287	75197698	DNA/hAT-Charlie	932	+	206	75197493	91318
chr13	108290102	108490102	harbor2	chr13	108360071	108360250	DNA/hAT-Charlie	507	+	90	108360161	70059
chr13	108290102	108490102	harbor2	chr13	108363051	108363336	DNA/hAT-Charlie	936	+	142	108363193	73091
chr13	108290102	108490102	harbor2	chr13	108388537	108388683	DNA/hAT-Charlie	618	+	73	108388610	98508
chr13	88136313	88336313	harbor2	chr13	88233070	88235040	DNA/hAT-Charlie	6559	+	985	88234055	97742
chr13	88136313	88336313	harbor2	chr13	88235339	88235617	DNA/hAT-Charlie	6559	+	139	88235478	99165
chr13	88136313	88336313	harbor2	chr13	88235677	88235836	DNA/hAT-Charlie	6559	+	80	88235757	99444
chr13	88136313	88336313	harbor2	chr13	88194906	88195125	DNA/hAT-Charlie	965	+	110	88195016	58703
chr13	57197435	57397435	harbor2	chr13	57202027	57202245	DNA/hAT-Charlie	614	+	109	57202136	4701
chr13	84580156	84780156	harbor2	chr13	84583356	84583527	DNA/hAT-Charlie	475	+	86	84583442	3286
chr13	84580156	84780156	harbor2	chr13	84607355	84607554	DNA/hAT-Charlie	1206	+	100	84607455	27299
chr13	80240365	80440365	harbor2	chr13	80256352	80256509	DNA/hAT-Charlie	556	+	78	80256430	16065
chr13	80240365	80440365	harbor2	chr13	80307903	80308181	DNA/hAT-Charlie	1614	+	139	80308042	67677
chr13	80240365	80440365	harbor2	chr13	80308474	80308717	DNA/hAT-Charlie	1614	+	122	80308596	68231
chr13	18634038	18834038	harbor2	chr13	18652404	18652572	DNA/hAT-Charlie	842	+	84	18652488	18450
chr13	18634038	18834038	harbor2	chr13	18672916	18673096	DNA/hAT-Charlie	902	+	90	18673006	38968
chr13	18634038	18834038	harbor2	chr13	18730997	18731098	DNA/hAT-Charlie	1026	+	50	18731047	97009
chr13	18634038	18834038	harbor2	chr13	18731157	18731252	DNA/hAT-Charlie	1026	+	48	18731205	97167
chr13	84849949	85049949	harbor2	chr13	84940292	84940626	DNA/hAT-Charlie	1977	+	167	84940459	90510
chr13	111876994	112076994	harbor2	chr13	111939586	111939805	DNA/hAT-Charlie	548	+	110	111939696	62702
chr13	103379104	103579104	harbor2	chr13	103385361	103385561	DNA/hAT-Charlie	985	+	100	103385461	6357
chr13	103379104	103579104	harbor2	chr13	103423081	103423256	DNA/hAT-Charlie	730	+	88	103423169	44065
chr13	103379104	103579104	harbor2	chr13	103473072	103473278	DNA/hAT-Charlie	670	+	103	103473175	94071
chr13	55447620	55647620	harbor2	chr13	55512303	55512438	DNA/hAT-Charlie	597	+	68	55512371	64751
chr13	91250147	91450147	harbor2	chr13	91255971	91256187	DNA/hAT-Charlie	1367	+	108	91256079	5932
chr13	91250147	91450147	harbor2	chr13	91292925	91293072	DNA/hAT-Charlie	784	+	74	91292999	42852
chr13	91250147	91450147	harbor2	chr13	91300042	91300507	DNA/hAT-Charlie	2554	+	232	91300274	50127
chr13	91250147	91450147	harbor2	chr13	91310121	91310288	DNA/hAT-Charlie	429	+	84	91310205	60058
chr13	99199216	99399216	harbor2	chr13	99216405	99216534	DNA/hAT-Charlie	518	+	64	99216469	17253
chr13	99199216	99399216	harbor2	chr13	99219480	99219699	DNA/hAT-Charlie	1548	+	110	99219590	20374
chr13	113650412	113850412	harbor2	chr13	113664669	113664771	DNA/hAT-Charlie	433	+	51	113664720	14308
chr13	113650412	113850412	harbor2	chr13	113730961	113731114	DNA/hAT-Charlie	470	+	76	113731037	80625
chr13	113650412	113850412	harbor2	chr13	113750211	113750447	DNA/hAT-Charlie	712	+	118	113750329	99917
chr13	67513368	67713368	harbor2	chr13	67540204	67540374	DNA/hAT-Charlie	956	+	85	67540289	26921
chr13	67513368	67713368	harbor2	chr13	67540672	67540872	DNA/hAT-Charlie	956	+	100	67540772	27404
chr13	67513368	67713368	harbor2	chr13	67555246	67555401	DNA/hAT-Charlie	643	+	78	67555324	41956
chr13	106326599	106526599	harbor2	chr13	106337687	106337790	DNA/hAT-Charlie	418	+	52	106337739	11140
chr13	106326599	106526599	harbor2	chr13	106374747	106374920	DNA/hAT-Charlie	477	+	86	106374833	48234
chr13	106326599	106526599	harbor2	chr13	106404674	106404832	DNA/hAT-Charlie	699	+	79	106404753	78154
chr13	106326599	106526599	harbor2	chr13	106404935	106405081	DNA/hAT-Charlie	521	+	73	106405008	78409
chr13	104925468	105125468	harbor2	chr13	104956008	104956182	DNA/hAT-Charlie	590	+	87	104956095	30627
chr13	104925468	105125468	harbor2	chr13	104971761	104971974	DNA/hAT-Charlie	743	+	106	104971867	46399
chr13	103262370	103462370	harbor2	chr13	103280544	103280918	DNA/hAT-Charlie	974	+	187	103280731	18361
chr13	103262370	103462370	harbor2	chr13	103283622	103283808	DNA/hAT-Charlie	808	+	93	103283715	21345
chr13	23528885	23728885	harbor2	chr13	23608589	23608680	DNA/hAT-Charlie	399	+	46	23608635	79750
chr13	78445507	78645507	harbor2	chr13	78494093	78494368	DNA/hAT-Charlie	586	+	138	78494231	48724
chr13	92841594	93041594	harbor2	chr13	92885517	92885858	DNA/hAT-Charlie	2026	+	170	92885687	44093
chr13	113889243	114089243	harbor2	chr13	113889187	113889509	DNA/hAT-Charlie	2131	+	161	113889348	105
chr13	38974059	39174059	harbor2	chr13	38991467	38991563	DNA/hAT-Charlie	836	+	48	38991515	17456
chr13	38974059	39174059	harbor2	chr13	38991873	38992010	DNA/hAT-Charlie	836	+	68	38991941	17882
chr13	38974059	39174059	harbor2	chr13	39015585	39015809	DNA/hAT-Charlie	445	+	112	39015697	41638
chr13	38974059	39174059	harbor2	chr13	39025845	39025962	DNA/hAT-Charlie	428	+	58	39025903	51844
chr13	38974059	39174059	harbor2	chr13	39029771	39029973	DNA/hAT-Charlie	510	+	101	39029872	55813
chr13	38974059	39174059	harbor2	chr13	39063641	39063801	DNA/hAT-Charlie	709	+	80	39063721	89662
chr13	53426796	53626796	harbor2	chr13	53475880	53476091	DNA/hAT-Charlie	450	+	106	53475986	49190
chr13	69458195	69658195	harbor2	chr13	69525540	69525636	DNA/hAT-Charlie	439	+	48	69525588	67393
chr13	73842251	74042251	harbor2	chr13	73879718	73879932	DNA/hAT-Charlie	512	+	107	73879825	37574
chr13	73842251	74042251	harbor2	chr13	73884598	73884800	DNA/hAT-Charlie	916	+	101	73884699	42448
chr13	73842251	74042251	harbor2	chr13	73903700	73904010	DNA/hAT-Charlie	1465	+	155	73903855	61604
chr13	73842251	74042251	harbor2	chr13	73904560	73905221	DNA/hAT-Charlie	821	+	330	73904890	62639
chr13	80150814	80350814	harbor2	chr13	80172600	80172825	DNA/hAT-Charlie	538	+	112	80172712	21898
chr13	80150814	80350814	harbor2	chr13	80226565	80228827	DNA/hAT-Charlie	9073	+	1131	80227696	76882
chr14	98937710	99137710	harbor2	chr14	98967559	98967729	DNA/hAT-Charlie	665	+	85	98967644	29934
chr14	98937710	99137710	harbor2	chr14	99011518	99011714	DNA/hAT-Charlie	708	+	98	99011616	73906
chr14	53498927	53698927	harbor2	chr14	53596118	53596303	DNA/hAT-Charlie	908	+	92	53596210	97283
chr14	51413534	51613534	harbor2	chr14	51455090	51455312	DNA/hAT-Charlie	620	+	111	51455201	41667
chr14	51413534	51613534	harbor2	chr14	51460740	51460993	DNA/hAT-Charlie	615	+	126	51460866	47332
chr14	51413534	51613534	harbor2	chr14	51486968	51487138	DNA/hAT-Charlie	822	+	85	51487053	73519
chr14	104995483	105195483	harbor2	chr14	105075704	105075862	DNA/hAT-Charlie	642	+	79	105075783	80300
chr14	96926824	97126824	harbor2	chr14	96938261	96938408	DNA/hAT-Charlie	2089	+	74	96938335	11511
chr14	96926824	97126824	harbor2	chr14	96938706	96938914	DNA/hAT-Charlie	2089	+	104	96938810	11986
chr14	99071730	99271730	harbor2	chr14	99089993	99090124	DNA/hAT-Charlie	5324	+	66	99090059	18329
chr14	99071730	99271730	harbor2	chr14	99158029	99158192	DNA/hAT-Charlie	750	+	82	99158111	86381
chr14	99071730	99271730	harbor2	chr14	99090429	99091692	DNA/hAT-Charlie	5324	+	632	99091061	19331
chr14	100190946	100390946	harbor2	chr14	100213305	100213530	DNA/hAT-Charlie	1032	+	112	100213417	22471
chr14	100190946	100390946	harbor2	chr14	100213832	100213924	DNA/hAT-Charlie	1032	+	46	100213878	22932
chr14	77320508	77520508	harbor2	chr14	77347866	77348226	DNA/hAT-Charlie	2096	+	180	77348046	27538
chr14	77320508	77520508	harbor2	chr14	77348522	77348620	DNA/hAT-Charlie	2096	+	49	77348571	28063
chr14	31214421	31414421	harbor2	chr14	31216080	31216172	DNA/hAT-Charlie	475	+	46	31216126	1705
chr14	102379944	102579944	harbor2	chr14	102423107	102423150	DNA/hAT-Charlie	1070	+	22	102423129	43185
chr14	102379944	102579944	harbor2	chr14	102423451	102423589	DNA/hAT-Charlie	1070	+	69	102423520	43576
chr14	102379944	102579944	harbor2	chr14	102429820	102429957	DNA/hAT-Charlie	770	+	68	102429888	49944
chr14	102379944	102579944	harbor2	chr14	102430274	102430344	DNA/hAT-Charlie	770	+	35	102430309	50365
chr14	32485606	32685606	harbor2	chr14	32554102	32554311	DNA/hAT-Charlie	964	+	104	32554206	68600
chr14	32485606	32685606	harbor2	chr14	32559605	32559762	DNA/hAT-Charlie	556	+	78	32559683	74077
chr14	32485606	32685606	harbor2	chr14	32566027	32566366	DNA/hAT-Charlie	1542	+	170	32566197	80591
chr14	32485606	32685606	harbor2	chr14	32578947	32579136	DNA/hAT-Charlie	898	+	94	32579041	93435
chr14	97118492	97318492	harbor2	chr14	97162289	97162593	DNA/hAT-Charlie	1193	+	152	97162441	43949
chr14	97118492	97318492	harbor2	chr14	97196938	97197053	DNA/hAT-Charlie	443	+	58	97196996	78504
chr14	97118492	97318492	harbor2	chr14	97205042	97205252	DNA/hAT-Charlie	1093	+	105	97205147	86655
chr14	104604515	104804515	harbor2	chr14	104631638	104631764	DNA/hAT-Charlie	490	+	63	104631701	27186
chr14	104604515	104804515	harbor2	chr14	104632054	104632110	DNA/hAT-Charlie	490	+	28	104632082	27567
chr14	88698893	88898893	harbor2	chr14	88701155	88701345	DNA/hAT-Charlie	1154	+	95	88701250	2357
chr14	88698893	88898893	harbor2	chr14	88729352	88729558	DNA/hAT-Charlie	6188	+	103	88729455	30562
chr14	88698893	88898893	harbor2	chr14	88729890	88731035	DNA/hAT-Charlie	6188	+	572	88730462	31569
chr14	88698893	88898893	harbor2	chr14	88732659	88732822	DNA/hAT-Charlie	1680	+	82	88732741	33848
chr14	88698893	88898893	harbor2	chr14	88732917	88733208	DNA/hAT-Charlie	1680	+	146	88733063	34170
chr14	88698893	88898893	harbor2	chr14	88734385	88734600	DNA/hAT-Charlie	841	+	108	88734493	35600
chr14	88698893	88898893	harbor2	chr14	88742214	88742401	DNA/hAT-Charlie	600	+	94	88742308	43415
chr14	88698893	88898893	harbor2	chr14	88749929	88750125	DNA/hAT-Charlie	1023	+	98	88750027	51134
chr14	88698893	88898893	harbor2	chr14	88768979	88769136	DNA/hAT-Charlie	538	+	78	88769057	70164
chr14	88698893	88898893	harbor2	chr14	88769519	88769574	DNA/hAT-Charlie	538	+	28	88769547	70654
chr14	88389482	88589482	harbor2	chr14	88393963	88394268	DNA/hAT-Charlie	1136	+	152	88394115	4633
chr14	88389482	88589482	harbor2	chr14	88468641	88468765	DNA/hAT-Charlie	483	+	62	88468703	79221
chr14	101196311	101396311	harbor2	chr14	101292563	101292745	DNA/hAT-Charlie	646	+	91	101292654	96343
chr14	50440236	50640236	harbor2	chr14	50463387	50463601	DNA/hAT-Charlie	940	+	107	50463494	23258
chr14	50440236	50640236	harbor2	chr14	50463921	50463943	DNA/hAT-Charlie	940	+	11	50463932	23696
chr14	75249928	75449928	harbor2	chr14	75313360	75313552	DNA/hAT-Charlie	616	+	96	75313456	63528
chr14	75249928	75449928	harbor2	chr14	75339863	75340031	DNA/hAT-Charlie	425	+	84	75339947	90019
chr14	75697845	75897845	harbor2	chr14	75779243	75779355	DNA/hAT-Charlie	464	+	56	75779299	81454
chr14	85715869	85915869	harbor2	chr14	85761020	85761233	DNA/hAT-Charlie	1318	+	106	85761126	45257
chr14	91579399	91779399	harbor2	chr14	91615090	91615436	DNA/hAT-Charlie	2262	+	173	91615263	35864
chr14	81685860	81885860	harbor2	chr14	81722122	81722372	DNA/hAT-Charlie	524	+	125	81722247	36387
chr14	81685860	81885860	harbor2	chr14	81745793	81745954	DNA/hAT-Charlie	899	+	80	81745873	60013
chr14	81685860	81885860	harbor2	chr14	81751352	81751536	DNA/hAT-Charlie	1139	+	92	81751444	65584
chr14	81685860	81885860	harbor2	chr14	81752918	81753036	DNA/hAT-Charlie	421	+	59	81752977	67117
chr14	81685860	81885860	harbor2	chr14	81753949	81754277	DNA/hAT-Charlie	1190	+	164	81754113	68253
chr14	65125635	65325635	harbor2	chr14	65143065	65143386	DNA/hAT-Charlie	1609	+	160	65143225	17590
chr14	65125635	65325635	harbor2	chr14	65143419	65143661	DNA/hAT-Charlie	478	+	121	65143540	17905
chr14	65125635	65325635	harbor2	chr14	65149838	65150170	DNA/hAT-Charlie	1589	+	166	65150004	24369
chr14	67474324	67674324	harbor2	chr14	67497533	67497951	DNA/hAT-Charlie	1639	+	209	67497742	23418
chr14	67474324	67674324	harbor2	chr14	67543463	67543645	DNA/hAT-Charlie	454	+	91	67543554	69230
chr14	76704239	76904239	harbor2	chr14	76711069	76711143	DNA/hAT-Charlie	1733	+	37	76711106	6867
chr14	76704239	76904239	harbor2	chr14	76711434	76711762	DNA/hAT-Charlie	1733	+	164	76711598	7359
chr14	76704239	76904239	harbor2	chr14	76752277	76752404	DNA/hAT-Charlie	582	+	64	76752341	48102
chr14	76704239	76904239	harbor2	chr14	76753843	76753968	DNA/hAT-Charlie	550	+	62	76753905	49666
chr14	76704239	76904239	harbor2	chr14	76757459	76757648	DNA/hAT-Charlie	906	+	94	76757553	53314
chr14	76704239	76904239	harbor2	chr14	76765654	76765901	DNA/hAT-Charlie	706	+	124	76765778	61539
chr14	56366193	56566193	harbor2	chr14	56390386	56390606	DNA/hAT-Charlie	1562	+	110	56390496	24303
chr14	56366193	56566193	harbor2	chr14	56398219	56398457	DNA/hAT-Charlie	488	+	119	56398338	32145
chr14	93021646	93221646	harbor2	chr14	93053169	93053349	DNA/hAT-Charlie	702	+	90	93053259	31613
chr14	93021646	93221646	harbor2	chr14	93084274	93084464	DNA/hAT-Charlie	618	+	95	93084369	62723
chr14	37948693	38148693	harbor2	chr14	38002632	38002922	DNA/hAT-Charlie	570	+	145	38002777	54084
chr14	37948693	38148693	harbor2	chr14	38020146	38020342	DNA/hAT-Charlie	847	+	98	38020244	71551
chr14	37948693	38148693	harbor2	chr14	38021795	38021936	DNA/hAT-Charlie	474	+	70	38021865	73172
chr14	37948693	38148693	harbor2	chr14	38035752	38035833	DNA/hAT-Charlie	439	+	40	38035792	87099
chr14	37948693	38148693	harbor2	chr14	38036221	38036435	DNA/hAT-Charlie	828	+	107	38036328	87635
chr14	37948693	38148693	harbor2	chr14	38036671	38036980	DNA/hAT-Charlie	779	+	154	38036825	88132
chr14	39445548	39645548	harbor2	chr14	39515927	39516108	DNA/hAT-Charlie	699	+	90	39516017	70469
chr14	28573598	28773598	harbor2	chr14	28577616	28577814	DNA/hAT-Charlie	795	+	99	28577715	4117
chr14	88008196	88208196	harbor2	chr14	88103298	88103511	DNA/hAT-Charlie	1120	+	106	88103404	95208
chr14	103938626	104138626	harbor2	chr14	104009272	104009409	DNA/hAT-Charlie	816	+	68	104009340	70714
chr14	95402955	95602955	harbor2	chr14	95429394	95429535	DNA/hAT-Charlie	846	+	70	95429464	26509
chr14	95402955	95602955	harbor2	chr14	95437935	95438058	DNA/hAT-Charlie	418	+	62	95437997	35042
chr14	95402955	95602955	harbor2	chr14	95441826	95442193	DNA/hAT-Charlie	810	+	184	95442010	39055
chr14	95402955	95602955	harbor2	chr14	95444857	95445057	DNA/hAT-Charlie	783	+	100	95444957	42002
chr14	95402955	95602955	harbor2	chr14	95455880	95456284	DNA/hAT-Charlie	958	+	202	95456082	53127
chr14	95402955	95602955	harbor2	chr14	95475414	95475573	DNA/hAT-Charlie	660	+	80	95475494	72539
chr14	95402955	95602955	harbor2	chr14	95484632	95484855	DNA/hAT-Charlie	520	+	112	95484744	81789
chr14	96131970	96331970	harbor2	chr14	96145634	96145798	DNA/hAT-Charlie	434	+	82	96145716	13746
chr14	96131970	96331970	harbor2	chr14	96222650	96222962	DNA/hAT-Charlie	1400	+	156	96222806	90836
chr14	41464122	41664122	harbor2	chr14	41512050	41512282	DNA/hAT-Charlie	419	+	116	41512166	48044
chr14	89180055	89380055	harbor2	chr14	89198570	89198795	DNA/hAT-Charlie	1018	+	112	89198682	18627
chr14	89180055	89380055	harbor2	chr14	89222846	89222932	DNA/hAT-Charlie	617	+	43	89222889	42834
chr14	89180055	89380055	harbor2	chr14	89223069	89223147	DNA/hAT-Charlie	617	+	39	89223108	43053
chr14	89180055	89380055	harbor2	chr14	89249799	89250075	DNA/hAT-Charlie	653	+	138	89249937	69882
chr14	56358541	56558541	harbor2	chr14	56390386	56390606	DNA/hAT-Charlie	1562	+	110	56390496	31955
chr14	56358541	56558541	harbor2	chr14	56398219	56398457	DNA/hAT-Charlie	488	+	119	56398338	39797
chr14	72897480	73097480	harbor2	chr14	72897566	72897884	DNA/hAT-Charlie	1723	+	159	72897725	245
chr14	72897480	73097480	harbor2	chr14	72980481	72980536	DNA/hAT-Charlie	740	+	28	72980509	83029
chr14	72897480	73097480	harbor2	chr14	72980856	72980992	DNA/hAT-Charlie	740	+	68	72980924	83444
chr14	72897480	73097480	harbor2	chr14	72981005	72981155	DNA/hAT-Charlie	675	+	75	72981080	83600
chr14	72897480	73097480	harbor2	chr14	72981168	72981319	DNA/hAT-Charlie	535	+	76	72981244	83764
chr14	57400611	57600611	harbor2	chr14	57408500	57408666	DNA/hAT-Charlie	789	+	83	57408583	7972
chr14	57400611	57600611	harbor2	chr14	57413879	57414054	DNA/hAT-Charlie	563	+	88	57413967	13356
chr14	57400611	57600611	harbor2	chr14	57468067	57468405	DNA/hAT-Charlie	2200	+	169	57468236	67625
chr14	103548913	103748913	harbor2	chr14	103553761	103553871	DNA/hAT-Charlie	488	+	55	103553816	4903
chr14	103053313	103253313	harbor2	chr14	103072159	103072243	DNA/hAT-Charlie	444	+	42	103072201	18888
chr14	61182987	61382987	harbor2	chr14	61197886	61197995	DNA/hAT-Charlie	422	+	54	61197940	14953
chr14	94284035	94484035	harbor2	chr14	94345849	94346028	DNA/hAT-Charlie	766	+	90	94345939	61904
chr14	94284035	94484035	harbor2	chr14	94352068	94352234	DNA/hAT-Charlie	443	+	83	94352151	68116
chr14	94284035	94484035	harbor2	chr14	94352600	94352628	DNA/hAT-Charlie	443	+	14	94352614	68579
chr14	25316696	25516696	harbor2	chr14	25406486	25406657	DNA/hAT-Charlie	671	+	86	25406572	89876
chr14	103311828	103511828	harbor2	chr14	103391071	103391270	DNA/hAT-Charlie	1052	+	100	103391171	79343
chr14	103311828	103511828	harbor2	chr14	103396840	103397140	DNA/hAT-Charlie	1074	+	150	103396990	85162
chr14	103311828	103511828	harbor2	chr14	103408612	103408744	DNA/hAT-Charlie	491	+	66	103408678	96850
chr14	61605186	61805186	harbor2	chr14	61614836	61615168	DNA/hAT-Charlie	2146	+	166	61615002	9816
chr14	61605186	61805186	harbor2	chr14	61615169	61615352	DNA/hAT-Charlie	510	+	92	61615261	10075
chr14	61605186	61805186	harbor2	chr14	61655553	61655777	DNA/hAT-Charlie	1097	+	112	61655665	50479
chr14	61605186	61805186	harbor2	chr14	61656073	61656278	DNA/hAT-Charlie	1097	+	102	61656175	50989
chr14	61605186	61805186	harbor2	chr14	61676932	61677451	DNA/hAT-Charlie	2681	+	260	61677192	72006
chr14	91308738	91508738	harbor2	chr14	91374799	91374953	DNA/hAT-Charlie	569	+	77	91374876	66138
chr14	29824980	30024980	harbor2	chr14	29827518	29827675	DNA/hAT-Charlie	496	+	78	29827596	2616
chr14	105555793	105755793	harbor2	chr14	105614231	105614561	DNA/hAT-Charlie	2044	+	165	105614396	58603
chr14	105555793	105755793	harbor2	chr14	105633666	105633996	DNA/hAT-Charlie	2112	+	165	105633831	78038
chr14	65548062	65748062	harbor2	chr14	65552856	65552954	DNA/hAT-Charlie	476	+	49	65552905	4843
chr14	65548062	65748062	harbor2	chr14	65555022	65555226	DNA/hAT-Charlie	907	+	102	65555124	7062
chr14	65548062	65748062	harbor2	chr14	65561929	65562127	DNA/hAT-Charlie	1365	+	99	65562028	13966
chr14	65548062	65748062	harbor2	chr14	65576133	65576351	DNA/hAT-Charlie	547	+	109	65576242	28180
chr14	65548062	65748062	harbor2	chr14	65578463	65578667	DNA/hAT-Charlie	1531	+	102	65578565	30503
chr14	65548062	65748062	harbor2	chr14	65581160	65581263	DNA/hAT-Charlie	675	+	52	65581212	33150
chr14	65548062	65748062	harbor2	chr14	65611071	65611168	DNA/hAT-Charlie	485	+	48	65611119	63057
chr14	65548062	65748062	harbor2	chr14	65619440	65619602	DNA/hAT-Charlie	429	+	81	65619521	71459
chr14	65548062	65748062	harbor2	chr14	65628805	65629010	DNA/hAT-Charlie	997	+	102	65628907	80845
chr14	89826324	90026324	harbor2	chr14	89828209	89830572	DNA/hAT-Charlie	9908	+	1182	89829391	3067
chr14	89826324	90026324	harbor2	chr14	89850366	89850528	DNA/hAT-Charlie	677	+	81	89850447	24123
chr14	89826324	90026324	harbor2	chr14	89883213	89883363	DNA/hAT-Charlie	2857	+	75	89883288	56964
chr14	89826324	90026324	harbor2	chr14	89883698	89883838	DNA/hAT-Charlie	2857	+	70	89883768	57444
chr14	89826324	90026324	harbor2	chr14	89881940	89882779	DNA/hAT-Charlie	2857	+	420	89882360	56036
chr14	99231684	99431684	harbor2	chr14	99258202	99258362	DNA/hAT-Charlie	612	+	80	99258282	26598
chr14	99231684	99431684	harbor2	chr14	99315887	99316112	DNA/hAT-Charlie	875	+	112	99315999	84315
chr14	80117377	80317377	harbor2	chr14	80160348	80160508	DNA/hAT-Charlie	672	+	80	80160428	43051
chr14	80117377	80317377	harbor2	chr14	80168414	80168748	DNA/hAT-Charlie	1699	+	167	80168581	51204
chr14	80117377	80317377	harbor2	chr14	80172007	80172225	DNA/hAT-Charlie	1403	+	109	80172116	54739
chr14	80117377	80317377	harbor2	chr14	80177588	80177790	DNA/hAT-Charlie	700	+	101	80177689	60312
chr14	84529393	84729393	harbor2	chr14	84545718	84545887	DNA/hAT-Charlie	771	+	84	84545802	16409
chr14	84529393	84729393	harbor2	chr14	84575528	84575685	DNA/hAT-Charlie	638	+	78	84575606	46213
chr14	105698860	105898860	harbor2	chr14	105729458	105729786	DNA/hAT-Charlie	2085	+	164	105729622	30762
chr14	105698860	105898860	harbor2	chr14	105758827	105759156	DNA/hAT-Charlie	2003	+	164	105758991	60131
chr14	100117316	100317316	harbor2	chr14	100213305	100213530	DNA/hAT-Charlie	1032	+	112	100213417	96101
chr14	100117316	100317316	harbor2	chr14	100213832	100213924	DNA/hAT-Charlie	1032	+	46	100213878	96562
chr14	103037678	103237678	harbor2	chr14	103072159	103072243	DNA/hAT-Charlie	444	+	42	103072201	34523
chr14	86539700	86739700	harbor2	chr14	86564690	86565015	DNA/hAT-Charlie	723	+	162	86564852	25152
chr14	97225595	97425595	harbor2	chr14	97232033	97232217	DNA/hAT-Charlie	821	+	92	97232125	6530
chr14	97225595	97425595	harbor2	chr14	97243313	97243486	DNA/hAT-Charlie	949	+	86	97243399	17804
chr14	97225595	97425595	harbor2	chr14	97256770	97256975	DNA/hAT-Charlie	793	+	102	97256872	31277
chr14	97225595	97425595	harbor2	chr14	97271962	97272129	DNA/hAT-Charlie	574	+	84	97272046	46451
chr14	97225595	97425595	harbor2	chr14	97278688	97278906	DNA/hAT-Charlie	665	+	109	97278797	53202
chr14	67725211	67925211	harbor2	chr14	67730272	67730399	DNA/hAT-Charlie	1203	+	64	67730336	5125
chr14	67725211	67925211	harbor2	chr14	67730935	67731188	DNA/hAT-Charlie	1203	+	126	67731061	5850
chr14	67725211	67925211	harbor2	chr14	67733275	67733705	DNA/hAT-Charlie	2076	+	215	67733490	8279
chr14	67725211	67925211	harbor2	chr14	67782267	67782408	DNA/hAT-Charlie	538	+	70	67782337	57126
chr14	101287871	101487871	harbor2	chr14	101292563	101292745	DNA/hAT-Charlie	646	+	91	101292654	4783
chr14	101287871	101487871	harbor2	chr14	101372309	101372528	DNA/hAT-Charlie	1048	+	110	101372419	84548
chr14	86731096	86931096	harbor2	chr14	86737303	86737632	DNA/hAT-Charlie	1764	+	164	86737467	6371
chr14	86731096	86931096	harbor2	chr14	86799401	86799636	DNA/hAT-Charlie	1015	+	118	86799519	68423
chr14	72141644	72341644	harbor2	chr14	72168423	72168730	DNA/hAT-Charlie	1149	+	154	72168577	26933
chr14	72141644	72341644	harbor2	chr14	72169819	72169949	DNA/hAT-Charlie	609	+	65	72169884	28240
chr14	72141644	72341644	harbor2	chr14	72173147	72173319	DNA/hAT-Charlie	773	+	86	72173233	31589
chr14	72141644	72341644	harbor2	chr14	72179737	72179922	DNA/hAT-Charlie	1230	+	92	72179829	38185
chr14	72141644	72341644	harbor2	chr14	72197590	72197788	DNA/hAT-Charlie	621	+	99	72197689	56045
chr14	72141644	72341644	harbor2	chr14	72199802	72199996	DNA/hAT-Charlie	848	+	97	72199899	58255
chr14	72141644	72341644	harbor2	chr14	72201704	72201932	DNA/hAT-Charlie	947	+	114	72201818	60174
chr14	72141644	72341644	harbor2	chr14	72223809	72223949	DNA/hAT-Charlie	498	+	70	72223879	82235
chr14	72141644	72341644	harbor2	chr14	72226555	72226698	DNA/hAT-Charlie	777	+	72	72226627	84983
chr14	74075768	74275768	harbor2	chr14	74142676	74142817	DNA/hAT-Charlie	495	+	70	74142746	66978
chr14	78107797	78307797	harbor2	chr14	78110872	78111224	DNA/hAT-Charlie	2088	+	176	78111048	3251
chr14	78107797	78307797	harbor2	chr14	78122030	78122178	DNA/hAT-Charlie	877	+	74	78122104	14307
chr14	78107797	78307797	harbor2	chr14	78163190	78163410	DNA/hAT-Charlie	540	+	110	78163300	55503
chr14	78107797	78307797	harbor2	chr14	78180886	78181023	DNA/hAT-Charlie	527	+	68	78180954	73157
chr14	78107797	78307797	harbor2	chr14	78200408	78200576	DNA/hAT-Charlie	845	+	84	78200492	92695
chr14	90418717	90618717	harbor2	chr14	90431934	90432157	DNA/hAT-Charlie	465	+	112	90432046	13329
chr14	71954555	72154555	harbor2	chr14	71988344	71988668	DNA/hAT-Charlie	1295	+	162	71988506	33951
chr14	71954555	72154555	harbor2	chr14	72007458	72007678	DNA/hAT-Charlie	1291	+	110	72007568	53013
chr14	71954555	72154555	harbor2	chr14	72017462	72017620	DNA/hAT-Charlie	688	+	79	72017541	62986
chr14	85416455	85616455	harbor2	chr14	85495437	85495770	DNA/hAT-Charlie	1328	+	166	85495603	79148
chr14	85416455	85616455	harbor2	chr14	85511504	85511718	DNA/hAT-Charlie	743	+	107	85511611	95156
chr14	85416455	85616455	harbor2	chr14	85512629	85512847	DNA/hAT-Charlie	424	+	109	85512738	96283
chr14	104977186	105177186	harbor2	chr14	105075704	105075862	DNA/hAT-Charlie	642	+	79	105075783	98597
chr14	73553767	73753767	harbor2	chr14	73613577	73613794	DNA/hAT-Charlie	1180	+	108	73613685	59918
chr14	94861120	95061120	harbor2	chr14	94874154	94874219	DNA/hAT-Charlie	487	+	32	94874186	13066
chr14	94861120	95061120	harbor2	chr14	94874525	94874578	DNA/hAT-Charlie	487	+	26	94874551	13431
chr14	94861120	95061120	harbor2	chr14	94921556	94921737	DNA/hAT-Charlie	873	+	90	94921646	60526
chr14	94861120	95061120	harbor2	chr14	94948869	94949061	DNA/hAT-Charlie	791	+	96	94948965	87845
chr14	94861120	95061120	harbor2	chr14	94949384	94949420	DNA/hAT-Charlie	791	+	18	94949402	88282
chr14	94861120	95061120	harbor2	chr14	94952360	94952552	DNA/hAT-Charlie	801	+	96	94952456	91336
chr14	94861120	95061120	harbor2	chr14	94952873	94952909	DNA/hAT-Charlie	801	+	18	94952891	91771
chr14	76693222	76893222	harbor2	chr14	76711069	76711143	DNA/hAT-Charlie	1733	+	37	76711106	17884
chr14	76693222	76893222	harbor2	chr14	76711434	76711762	DNA/hAT-Charlie	1733	+	164	76711598	18376
chr14	76693222	76893222	harbor2	chr14	76752277	76752404	DNA/hAT-Charlie	582	+	64	76752341	59119
chr14	76693222	76893222	harbor2	chr14	76753843	76753968	DNA/hAT-Charlie	550	+	62	76753905	60683
chr14	76693222	76893222	harbor2	chr14	76757459	76757648	DNA/hAT-Charlie	906	+	94	76757553	64331
chr14	76693222	76893222	harbor2	chr14	76765654	76765901	DNA/hAT-Charlie	706	+	124	76765778	72556
chr14	85579658	85779658	harbor2	chr14	85673546	85673977	DNA/hAT-Charlie	776	+	216	85673762	94104
chr14	85579658	85779658	harbor2	chr14	85675048	85675250	DNA/hAT-Charlie	474	+	101	85675149	95491
chr14	95455982	95655982	harbor2	chr14	95455880	95456284	DNA/hAT-Charlie	958	+	202	95456082	100
chr14	95455982	95655982	harbor2	chr14	95475414	95475573	DNA/hAT-Charlie	660	+	80	95475494	19512
chr14	95455982	95655982	harbor2	chr14	95484632	95484855	DNA/hAT-Charlie	520	+	112	95484744	28762
chr14	95455982	95655982	harbor2	chr14	95504019	95504238	DNA/hAT-Charlie	1077	+	110	95504129	48147
chr14	95455982	95655982	harbor2	chr14	95538950	95539266	DNA/hAT-Charlie	2063	+	158	95539108	83126
chr14	93035290	93235290	harbor2	chr14	93053169	93053349	DNA/hAT-Charlie	702	+	90	93053259	17969
chr14	93035290	93235290	harbor2	chr14	93084274	93084464	DNA/hAT-Charlie	618	+	95	93084369	49079
chr14	93035290	93235290	harbor2	chr14	93132889	93132965	DNA/hAT-Charlie	1375	+	38	93132927	97637
chr14	93035290	93235290	harbor2	chr14	93133562	93133772	DNA/hAT-Charlie	1375	+	105	93133667	98377
chr14	94747755	94947755	harbor2	chr14	94797196	94797330	DNA/hAT-Charlie	808	+	67	94797263	49508
chr14	94747755	94947755	harbor2	chr14	94797625	94797706	DNA/hAT-Charlie	808	+	40	94797665	49910
chr14	94747755	94947755	harbor2	chr14	94798010	94798130	DNA/hAT-Charlie	808	+	60	94798070	50315
chr14	94747755	94947755	harbor2	chr14	94813548	94813772	DNA/hAT-Charlie	941	+	112	94813660	65905
chr14	94747755	94947755	harbor2	chr14	94842839	94843153	DNA/hAT-Charlie	1266	+	157	94842996	95241
chr14	93252936	93452936	harbor2	chr14	93320282	93320470	DNA/hAT-Charlie	1002	+	94	93320376	67440
chr14	105388668	105588668	harbor2	chr14	105430726	105430968	DNA/hAT-Charlie	989	+	121	105430847	42179
chr14	105388668	105588668	harbor2	chr14	105431494	105431617	DNA/hAT-Charlie	857	+	62	105431556	42888
chr14	105388668	105588668	harbor2	chr14	105431926	105432025	DNA/hAT-Charlie	857	+	50	105431976	43308
chr14	105388668	105588668	harbor2	chr14	105432153	105432228	DNA/hAT-Charlie	1805	+	38	105432191	43523
chr14	105388668	105588668	harbor2	chr14	105432539	105433003	DNA/hAT-Charlie	1805	+	232	105432771	44103
chr14	105388668	105588668	harbor2	chr14	105433596	105433840	DNA/hAT-Charlie	1107	+	122	105433718	45050
chr14	105388668	105588668	harbor2	chr14	105434117	105434242	DNA/hAT-Charlie	1107	+	62	105434179	45511
chr14	74324589	74524589	harbor2	chr14	74343659	74343803	DNA/hAT-Charlie	796	+	72	74343731	19142
chr14	74324589	74524589	harbor2	chr14	74389858	74389999	DNA/hAT-Charlie	512	+	70	74389928	65339
chr14	74324589	74524589	harbor2	chr14	74391180	74391499	DNA/hAT-Charlie	1198	+	160	74391340	66751
chr14	90123014	90323014	harbor2	chr14	90168554	90168729	DNA/hAT-Charlie	498	+	88	90168642	45628
chr14	98014989	98214989	harbor2	chr14	98052802	98052941	DNA/hAT-Charlie	577	+	70	98052872	37883
chr14	98014989	98214989	harbor2	chr14	98067689	98067885	DNA/hAT-Charlie	683	+	98	98067787	52798
chr14	57356937	57556937	harbor2	chr14	57408500	57408666	DNA/hAT-Charlie	789	+	83	57408583	51646
chr14	57356937	57556937	harbor2	chr14	57413879	57414054	DNA/hAT-Charlie	563	+	88	57413967	57030
chr14	66211764	66411764	harbor2	chr14	66268582	66268739	DNA/hAT-Charlie	497	+	78	66268660	56896
chr14	66211764	66411764	harbor2	chr14	66305742	66305965	DNA/hAT-Charlie	1146	+	112	66305854	94090
chr14	105592793	105792793	harbor2	chr14	105614231	105614561	DNA/hAT-Charlie	2044	+	165	105614396	21603
chr14	105592793	105792793	harbor2	chr14	105633666	105633996	DNA/hAT-Charlie	2112	+	165	105633831	41038
chr14	87842251	88042251	harbor2	chr14	87872554	87872890	DNA/hAT-Charlie	1550	+	168	87872722	30471
chr14	87842251	88042251	harbor2	chr14	87902912	87903052	DNA/hAT-Charlie	689	+	70	87902982	60731
chr14	87842251	88042251	harbor2	chr14	87919161	87919331	DNA/hAT-Charlie	500	+	85	87919246	76995
chr14	87842251	88042251	harbor2	chr14	87936331	87936565	DNA/hAT-Charlie	926	+	117	87936448	94197
chr14	88986589	89186589	harbor2	chr14	89009694	89009812	DNA/hAT-Charlie	427	+	59	89009753	23164
chr14	88986589	89186589	harbor2	chr14	89033070	89033279	DNA/hAT-Charlie	565	+	104	89033174	46585
chr14	88986589	89186589	harbor2	chr14	89044829	89045226	DNA/hAT-Charlie	1639	+	198	89045027	58438
chr14	88986589	89186589	harbor2	chr14	89086478	89086571	DNA/hAT-Charlie	804	+	46	89086524	99935
chr14	93723743	93923743	harbor2	chr14	93750510	93750682	DNA/hAT-Charlie	660	+	86	93750596	26853
chr14	93723743	93923743	harbor2	chr14	93773368	93773552	DNA/hAT-Charlie	987	+	92	93773460	49717
chr14	93723743	93923743	harbor2	chr14	93776655	93777132	DNA/hAT-Charlie	1594	+	238	93776893	53150
chr14	93723743	93923743	harbor2	chr14	93803156	93803521	DNA/hAT-Charlie	1861	+	182	93803338	79595
chr14	39829467	40029467	harbor2	chr14	39848989	39849146	DNA/hAT-Charlie	798	+	78	39849067	19600
chr14	39829467	40029467	harbor2	chr14	39868698	39869434	DNA/hAT-Charlie	2201	+	368	39869066	39599
chr14	39829467	40029467	harbor2	chr14	39888861	39889188	DNA/hAT-Charlie	2000	+	164	39889025	59558
chr14	85619175	85819175	harbor2	chr14	85673546	85673977	DNA/hAT-Charlie	776	+	216	85673762	54587
chr14	85619175	85819175	harbor2	chr14	85675048	85675250	DNA/hAT-Charlie	474	+	101	85675149	55974
chr14	50034455	50234455	harbor2	chr14	50050036	50050111	DNA/hAT-Charlie	518	+	38	50050074	15619
chr14	50034455	50234455	harbor2	chr14	50102943	50103152	DNA/hAT-Charlie	1198	+	104	50103047	68592
chr14	50034455	50234455	harbor2	chr14	50119248	50119435	DNA/hAT-Charlie	1058	+	94	50119342	84887
chr14	93519800	93719800	harbor2	chr14	93522317	93522512	DNA/hAT-Charlie	786	+	98	93522415	2615
chr14	93519800	93719800	harbor2	chr14	93527203	93527412	DNA/hAT-Charlie	1161	+	104	93527307	7507
chr14	93519800	93719800	harbor2	chr14	93572849	93573168	DNA/hAT-Charlie	667	+	160	93573009	53209
chr14	58040784	58240784	harbor2	chr14	58055588	58055756	DNA/hAT-Charlie	770	+	84	58055672	14888
chr14	58040784	58240784	harbor2	chr14	58081196	58081345	DNA/hAT-Charlie	576	+	74	58081270	40486
chr14	86258141	86458141	harbor2	chr14	86282695	86282975	DNA/hAT-Charlie	1163	+	140	86282835	24694
chr14	86258141	86458141	harbor2	chr14	86321320	86321582	DNA/hAT-Charlie	954	+	131	86321451	63310
chr14	86258141	86458141	harbor2	chr14	86329431	86329579	DNA/hAT-Charlie	712	+	74	86329505	71364
chr14	76368307	76568307	harbor2	chr14	76432127	76432326	DNA/hAT-Charlie	745	+	100	76432227	63920
chr14	76368307	76568307	harbor2	chr14	76446061	76446228	DNA/hAT-Charlie	856	+	84	76446145	77838
chr14	76368307	76568307	harbor2	chr14	76452963	76453136	DNA/hAT-Charlie	948	+	86	76453049	84742
chr14	76368307	76568307	harbor2	chr14	76457373	76457558	DNA/hAT-Charlie	1091	+	92	76457465	89158
chr14	76368307	76568307	harbor2	chr14	76463213	76463438	DNA/hAT-Charlie	875	+	112	76463325	95018
chr14	76368307	76568307	harbor2	chr14	76463747	76463807	DNA/hAT-Charlie	875	+	30	76463777	95470
chr14	90296087	90496087	harbor2	chr14	90296794	90296856	DNA/hAT-Charlie	1317	+	31	90296825	738
chr14	90296087	90496087	harbor2	chr14	90297167	90297475	DNA/hAT-Charlie	1317	+	154	90297321	1234
chr14	90296087	90496087	harbor2	chr14	90343837	90344030	DNA/hAT-Charlie	1210	+	96	90343933	47846
chr14	90296087	90496087	harbor2	chr14	90380656	90380796	DNA/hAT-Charlie	756	+	70	90380726	84639
chr14	90296087	90496087	harbor2	chr14	90390238	90390426	DNA/hAT-Charlie	1021	+	94	90390332	94245
chr14	33233205	33433205	harbor2	chr14	33279507	33279641	DNA/hAT-Charlie	647	+	67	33279574	46369
chr14	23704653	23904653	harbor2	chr14	23719724	23720060	DNA/hAT-Charlie	1934	+	168	23719892	15239
chr14	23704653	23904653	harbor2	chr14	23720783	23720804	DNA/hAT-Charlie	1449	+	10	23720793	16140
chr14	23704653	23904653	harbor2	chr14	23721221	23721503	DNA/hAT-Charlie	1449	+	141	23721362	16709
chr14	23704653	23904653	harbor2	chr14	23723034	23723153	DNA/hAT-Charlie	555	+	60	23723094	18441
chr14	23704653	23904653	harbor2	chr14	23723257	23723375	DNA/hAT-Charlie	646	+	59	23723316	18663
chr14	23704653	23904653	harbor2	chr14	23723664	23723708	DNA/hAT-Charlie	646	+	22	23723686	19033
chr14	23704653	23904653	harbor2	chr14	23803841	23803964	DNA/hAT-Charlie	579	+	62	23803903	99250
chr14	23704653	23904653	harbor2	chr14	23803966	23804163	DNA/hAT-Charlie	1567	+	98	23804064	99411
chr14	23704653	23904653	harbor2	chr14	23804482	23804648	DNA/hAT-Charlie	1567	+	83	23804565	99912
chr15	26656230	26856230	harbor2	chr15	26667676	26667854	DNA/hAT-Charlie	933	+	89	26667765	11535
chr15	26656230	26856230	harbor2	chr15	26656488	26656828	DNA/hAT-Charlie	2140	+	170	26656658	428
chr15	53028079	53228079	harbor2	chr15	53031945	53032129	DNA/hAT-Charlie	930	+	92	53032037	3958
chr15	53028079	53228079	harbor2	chr15	53081558	53081713	DNA/hAT-Charlie	838	+	78	53081636	53557
chr15	53028079	53228079	harbor2	chr15	53090467	53090665	DNA/hAT-Charlie	600	+	99	53090566	62487
chr15	53028079	53228079	harbor2	chr15	53117647	53117865	DNA/hAT-Charlie	997	+	109	53117756	89677
chr15	99311315	99511315	harbor2	chr15	99311580	99311785	DNA/hAT-Charlie	661	+	102	99311682	367
chr15	80116329	80316329	harbor2	chr15	80177183	80177375	DNA/hAT-Charlie	684	+	96	80177279	60950
chr15	80116329	80316329	harbor2	chr15	80194046	80194216	DNA/hAT-Charlie	571	+	85	80194131	77802
chr15	78083912	78283912	harbor2	chr15	78085525	78085677	DNA/hAT-Charlie	452	+	76	78085601	1689
chr15	78083912	78283912	harbor2	chr15	78110624	78110766	DNA/hAT-Charlie	561	+	71	78110695	26783
chr15	78083912	78283912	harbor2	chr15	78125567	78125748	DNA/hAT-Charlie	951	+	90	78125657	41745
chr15	78083912	78283912	harbor2	chr15	78125764	78125918	DNA/hAT-Charlie	422	+	77	78125841	41929
chr15	78083912	78283912	harbor2	chr15	78138084	78138292	DNA/hAT-Charlie	1739	+	104	78138188	54276
chr15	78083912	78283912	harbor2	chr15	78138568	78138713	DNA/hAT-Charlie	1739	+	72	78138640	54728
chr15	78083912	78283912	harbor2	chr15	78140971	78141371	DNA/hAT-Charlie	1198	+	200	78141171	57259
chr15	78083912	78283912	harbor2	chr15	78141839	78142095	DNA/hAT-Charlie	1156	+	128	78141967	58055
chr15	100031046	100231046	harbor2	chr15	100043563	100043763	DNA/hAT-Charlie	672	+	100	100043663	12617
chr15	100031046	100231046	harbor2	chr15	100094912	100095117	DNA/hAT-Charlie	643	+	102	100095014	63968
chr15	100417101	100617101	harbor2	chr15	100427496	100427686	DNA/hAT-Charlie	528	+	95	100427591	10490
chr15	100417101	100617101	harbor2	chr15	100467339	100467559	DNA/hAT-Charlie	870	+	110	100467449	50348
chr15	100417101	100617101	harbor2	chr15	100471867	100472057	DNA/hAT-Charlie	493	+	95	100471962	54861
chr15	100417101	100617101	harbor2	chr15	100481842	100482008	DNA/hAT-Charlie	499	+	83	100481925	64824
chr15	100417101	100617101	harbor2	chr15	100482000	100482134	DNA/hAT-Charlie	587	+	67	100482067	64966
chr15	76217764	76417764	harbor2	chr15	76254525	76255055	DNA/hAT-Charlie	2001	+	265	76254790	37026
chr15	76217764	76417764	harbor2	chr15	76255057	76255975	DNA/hAT-Charlie	4860	+	459	76255516	37752
chr15	76217764	76417764	harbor2	chr15	76256284	76256676	DNA/hAT-Charlie	4860	+	196	76256480	38716
chr15	76217764	76417764	harbor2	chr15	76257057	76257076	DNA/hAT-Charlie	4860	+	10	76257067	39303
chr15	76217764	76417764	harbor2	chr15	76261748	76261866	DNA/hAT-Charlie	563	+	59	76261807	44043
chr15	76217764	76417764	harbor2	chr15	76272832	76273006	DNA/hAT-Charlie	417	+	87	76272919	55155
chr15	76217764	76417764	harbor2	chr15	76273907	76274193	DNA/hAT-Charlie	766	+	143	76274050	56286
chr15	66058456	66258456	harbor2	chr15	66074497	66074605	DNA/hAT-Charlie	457	+	54	66074551	16095
chr15	66058456	66258456	harbor2	chr15	66113912	66114093	DNA/hAT-Charlie	1144	+	90	66114002	55546
chr15	66058456	66258456	harbor2	chr15	66129314	66129601	DNA/hAT-Charlie	728	+	144	66129458	71002
chr15	66058456	66258456	harbor2	chr15	66144136	66144309	DNA/hAT-Charlie	530	+	86	66144222	85766
chr15	61863291	62063291	harbor2	chr15	61869799	61869929	DNA/hAT-Charlie	861	+	65	61869864	6573
chr15	61863291	62063291	harbor2	chr15	61907991	61908157	DNA/hAT-Charlie	647	+	83	61908074	44783
chr15	61863291	62063291	harbor2	chr15	61914186	61914287	DNA/hAT-Charlie	567	+	50	61914236	50945
chr15	61863291	62063291	harbor2	chr15	61914909	61914954	DNA/hAT-Charlie	567	+	22	61914931	51640
chr15	37339815	37539815	harbor2	chr15	37415491	37415785	DNA/hAT-Charlie	997	+	147	37415638	75823
chr15	91466573	91666573	harbor2	chr15	91485842	91486042	DNA/hAT-Charlie	755	+	100	91485942	19369
chr15	91466573	91666573	harbor2	chr15	91538937	91539134	DNA/hAT-Charlie	999	+	98	91539035	72462
chr15	91466573	91666573	harbor2	chr15	91551976	91552055	DNA/hAT-Charlie	903	+	40	91552016	85443
chr15	91466573	91666573	harbor2	chr15	91552368	91552591	DNA/hAT-Charlie	903	+	112	91552480	85907
chr15	43486840	43686840	harbor2	chr15	43543116	43543262	DNA/hAT-Charlie	665	+	73	43543189	56349
chr15	49430110	49630110	harbor2	chr15	49432268	49432494	DNA/hAT-Charlie	476	+	113	49432381	2271
chr15	49430110	49630110	harbor2	chr15	49473001	49474139	DNA/hAT-Charlie	1529	+	569	49473570	43460
chr15	49430110	49630110	harbor2	chr15	49474629	49474901	DNA/hAT-Charlie	1608	+	136	49474765	44655
chr15	49430110	49630110	harbor2	chr15	49504463	49504610	DNA/hAT-Charlie	623	+	74	49504537	74427
chr15	91724690	91924690	harbor2	chr15	91753611	91753774	DNA/hAT-Charlie	792	+	82	91753693	29003
chr15	91724690	91924690	harbor2	chr15	91755760	91755969	DNA/hAT-Charlie	708	+	104	91755864	31174
chr15	47112285	47312285	harbor2	chr15	47111956	47112340	DNA/hAT-Charlie	1229	+	192	47112148	137
chr15	47112285	47312285	harbor2	chr15	47209200	47209412	DNA/hAT-Charlie	457	+	106	47209306	97021
chr15	64870675	65070675	harbor2	chr15	64876482	64876696	DNA/hAT-Charlie	1110	+	107	64876589	5914
chr15	64870675	65070675	harbor2	chr15	64884669	64885194	DNA/hAT-Charlie	2425	+	262	64884931	14256
chr15	64870675	65070675	harbor2	chr15	64906656	64906980	DNA/hAT-Charlie	1850	+	162	64906818	36143
chr15	64870675	65070675	harbor2	chr15	64920884	64920958	DNA/hAT-Charlie	426	+	37	64920921	50246
chr15	64870675	65070675	harbor2	chr15	64921263	64921372	DNA/hAT-Charlie	426	+	54	64921317	50642
chr15	64870675	65070675	harbor2	chr15	64921675	64921715	DNA/hAT-Charlie	426	+	20	64921695	51020
chr15	64870675	65070675	harbor2	chr15	64922820	64923082	DNA/hAT-Charlie	1143	+	131	64922951	52276
chr15	64870675	65070675	harbor2	chr15	64946565	64946701	DNA/hAT-Charlie	468	+	68	64946633	75958
chr15	64870675	65070675	harbor2	chr15	64949226	64949375	DNA/hAT-Charlie	451	+	74	64949300	78625
chr15	65809653	66009653	harbor2	chr15	65834275	65834401	DNA/hAT-Charlie	709	+	63	65834338	24685
chr15	65809653	66009653	harbor2	chr15	65834706	65834768	DNA/hAT-Charlie	709	+	31	65834737	25084
chr15	65809653	66009653	harbor2	chr15	65846708	65846894	DNA/hAT-Charlie	574	+	93	65846801	37148
chr15	65809653	66009653	harbor2	chr15	65847200	65847234	DNA/hAT-Charlie	574	+	17	65847217	37564
chr15	65809653	66009653	harbor2	chr15	65847496	65847542	DNA/hAT-Charlie	574	+	23	65847519	37866
chr15	65809653	66009653	harbor2	chr15	65847845	65848003	DNA/hAT-Charlie	574	+	79	65847924	38271
chr15	65809653	66009653	harbor2	chr15	65857179	65857221	DNA/hAT-Charlie	1376	+	21	65857200	47547
chr15	65809653	66009653	harbor2	chr15	65857493	65857875	DNA/hAT-Charlie	1376	+	191	65857684	48031
chr15	65809653	66009653	harbor2	chr15	65859509	65859600	DNA/hAT-Charlie	562	+	46	65859555	49902
chr15	65809653	66009653	harbor2	chr15	65859718	65859819	DNA/hAT-Charlie	562	+	50	65859768	50115
chr15	65809653	66009653	harbor2	chr15	65886207	65886317	DNA/hAT-Charlie	535	+	55	65886262	76609
chr15	83186874	83386874	harbor2	chr15	83198372	83198516	DNA/hAT-Charlie	454	+	72	83198444	11570
chr15	83186874	83386874	harbor2	chr15	83198943	83199020	DNA/hAT-Charlie	454	+	38	83198981	12107
chr15	83186874	83386874	harbor2	chr15	83203373	83203688	DNA/hAT-Charlie	714	+	158	83203531	16657
chr15	83186874	83386874	harbor2	chr15	83217080	83217306	DNA/hAT-Charlie	1235	+	113	83217193	30319
chr15	83186874	83386874	harbor2	chr15	83239255	83239479	DNA/hAT-Charlie	1367	+	112	83239367	52493
chr15	83186874	83386874	harbor2	chr15	83249390	83249607	DNA/hAT-Charlie	1097	+	108	83249498	62624
chr15	83186874	83386874	harbor2	chr15	83249628	83249802	DNA/hAT-Charlie	713	+	87	83249715	62841
chr15	83186874	83386874	harbor2	chr15	83250556	83250730	DNA/hAT-Charlie	707	+	87	83250643	63769
chr15	83186874	83386874	harbor2	chr15	83258795	83258933	DNA/hAT-Charlie	474	+	69	83258864	71990
chr15	83186874	83386874	harbor2	chr15	83260023	83260496	DNA/hAT-Charlie	2187	+	236	83260259	73385
chr15	83186874	83386874	harbor2	chr15	83262730	83262916	DNA/hAT-Charlie	1053	+	93	83262823	75949
chr15	83186874	83386874	harbor2	chr15	83271550	83271768	DNA/hAT-Charlie	533	+	109	83271659	84785
chr15	50873935	51073935	harbor2	chr15	50883600	50883921	DNA/hAT-Charlie	2009	+	160	50883760	9825
chr15	50873935	51073935	harbor2	chr15	50957976	50958153	DNA/hAT-Charlie	462	+	88	50958064	84129
chr15	86962707	87162707	harbor2	chr15	86962721	86962881	DNA/hAT-Charlie	738	+	80	86962801	94
chr15	86962707	87162707	harbor2	chr15	87041606	87041942	DNA/hAT-Charlie	2226	+	168	87041774	79067
chr15	98423008	98623008	harbor2	chr15	98446419	98446923	DNA/hAT-Charlie	3655	+	252	98446671	23663
chr15	73165131	73365131	harbor2	chr15	73239897	73240112	DNA/hAT-Charlie	986	+	108	73240005	74874
chr15	73165131	73365131	harbor2	chr15	73241304	73241501	DNA/hAT-Charlie	494	+	98	73241402	76271
chr15	73165131	73365131	harbor2	chr15	73250223	73250361	DNA/hAT-Charlie	452	+	69	73250292	85161
chr15	72399976	72599976	harbor2	chr15	72461369	72461596	DNA/hAT-Charlie	703	+	114	72461483	61507
chr15	72399976	72599976	harbor2	chr15	72481220	72481315	DNA/hAT-Charlie	519	+	48	72481268	81292
chr15	72399976	72599976	harbor2	chr15	72489309	72489689	DNA/hAT-Charlie	1564	+	190	72489499	89523
chr15	72399976	72599976	harbor2	chr15	72490303	72490623	DNA/hAT-Charlie	1899	+	160	72490463	90487
chr15	72399976	72599976	harbor2	chr15	72493216	72493718	DNA/hAT-Charlie	1005	+	251	72493467	93491
chr15	82760015	82960015	harbor2	chr15	82796777	82797082	DNA/hAT-Charlie	759	+	152	82796929	36914
chr15	82760015	82960015	harbor2	chr15	82797095	82797528	DNA/hAT-Charlie	2262	+	216	82797311	37296
chr15	82760015	82960015	harbor2	chr15	82797815	82798056	DNA/hAT-Charlie	2262	+	120	82797935	37920
chr15	72771118	72971118	harbor2	chr15	72774545	72774723	DNA/hAT-Charlie	912	+	89	72774634	3516
chr15	72771118	72971118	harbor2	chr15	72835111	72835284	DNA/hAT-Charlie	708	+	86	72835197	64079
chr15	74879453	75079453	harbor2	chr15	74895692	74895874	DNA/hAT-Charlie	920	+	91	74895783	16330
chr15	74879453	75079453	harbor2	chr15	74898904	74899011	DNA/hAT-Charlie	432	+	54	74898958	19505
chr15	74879453	75079453	harbor2	chr15	74928748	74928946	DNA/hAT-Charlie	1039	+	99	74928847	49394
chr15	74879453	75079453	harbor2	chr15	74973359	74973438	DNA/hAT-Charlie	984	+	40	74973399	93946
chr15	74879453	75079453	harbor2	chr15	74973702	74973839	DNA/hAT-Charlie	984	+	68	74973770	94317
chr15	74879453	75079453	harbor2	chr15	74974362	74974518	DNA/hAT-Charlie	811	+	78	74974440	94987
chr15	74879453	75079453	harbor2	chr15	74974824	74974866	DNA/hAT-Charlie	811	+	21	74974845	95392
chr15	75694448	75894448	harbor2	chr15	75749090	75749251	DNA/hAT-Charlie	951	+	80	75749170	54722
chr15	75694448	75894448	harbor2	chr15	75756140	75756315	DNA/hAT-Charlie	871	+	88	75756228	61780
chr15	90341848	90541848	harbor2	chr15	90363452	90363524	DNA/hAT-Charlie	477	+	36	90363488	21640
chr15	90341848	90541848	harbor2	chr15	90405565	90405729	DNA/hAT-Charlie	424	+	82	90405647	63799
chr15	90341848	90541848	harbor2	chr15	90424874	90425022	DNA/hAT-Charlie	441	+	74	90424948	83100
chr15	79788996	79988996	harbor2	chr15	79822027	79822205	DNA/hAT-Charlie	623	+	89	79822116	33120
chr15	79788996	79988996	harbor2	chr15	79836010	79836218	DNA/hAT-Charlie	869	+	104	79836114	47118
chr15	79788996	79988996	harbor2	chr15	79836228	79836386	DNA/hAT-Charlie	623	+	79	79836307	47311
chr15	79788996	79988996	harbor2	chr15	79838166	79838508	DNA/hAT-Charlie	3539	+	171	79838337	49341
chr15	79788996	79988996	harbor2	chr15	79838810	79838850	DNA/hAT-Charlie	3539	+	20	79838830	49834
chr15	79788996	79988996	harbor2	chr15	79840286	79840524	DNA/hAT-Charlie	3539	+	119	79840405	51409
chr15	79788996	79988996	harbor2	chr15	79840825	79841219	DNA/hAT-Charlie	3539	+	197	79841022	52026
chr15	79788996	79988996	harbor2	chr15	79841329	79841639	DNA/hAT-Charlie	3539	+	155	79841484	52488
chr15	79788996	79988996	harbor2	chr15	79854951	79855150	DNA/hAT-Charlie	832	+	100	79855051	66055
chr15	79788996	79988996	harbor2	chr15	79870227	79870434	DNA/hAT-Charlie	813	+	104	79870331	81335
chr15	79788996	79988996	harbor2	chr15	79839086	79839874	DNA/hAT-Charlie	3539	+	394	79839480	50484
chr15	32606916	32806916	harbor2	chr15	32666903	32667210	DNA/hAT-Charlie	1289	+	154	32667057	60141
chr15	32606916	32806916	harbor2	chr15	32673402	32673527	DNA/hAT-Charlie	776	+	62	32673464	66548
chr15	32606916	32806916	harbor2	chr15	32682114	32682299	DNA/hAT-Charlie	922	+	92	32682206	75290
chr15	32606916	32806916	harbor2	chr15	32703596	32703932	DNA/hAT-Charlie	2185	+	168	32703764	96848
chr15	80548489	80748489	harbor2	chr15	80612998	80613200	DNA/hAT-Charlie	1373	+	101	80613099	64610
chr15	80548489	80748489	harbor2	chr15	80629877	80630062	DNA/hAT-Charlie	925	+	92	80629969	81480
chr15	80548489	80748489	harbor2	chr15	80638162	80638299	DNA/hAT-Charlie	578	+	68	80638230	89741
chr15	80548489	80748489	harbor2	chr15	80592824	80593045	DNA/hAT-Charlie	821	+	110	80592934	44445
chr15	83873308	84073308	harbor2	chr15	83880341	83880531	DNA/hAT-Charlie	952	+	95	83880436	7128
chr15	83873308	84073308	harbor2	chr15	83887027	83887194	DNA/hAT-Charlie	758	+	84	83887111	13803
chr15	83873308	84073308	harbor2	chr15	83945722	83945882	DNA/hAT-Charlie	683	+	80	83945802	72494
chr15	91016288	91216288	harbor2	chr15	91018588	91018787	DNA/hAT-Charlie	1147	+	100	91018688	2400
chr15	91016288	91216288	harbor2	chr15	91060906	91061116	DNA/hAT-Charlie	971	+	105	91061011	44723
chr15	91016288	91216288	harbor2	chr15	91068741	91068755	DNA/hAT-Charlie	1025	+	7	91068748	52460
chr15	91016288	91216288	harbor2	chr15	91068993	91069494	DNA/hAT-Charlie	1025	+	250	91069243	52955
chr15	91016288	91216288	harbor2	chr15	91070163	91070661	DNA/hAT-Charlie	1335	+	249	91070412	54124
chr15	31549396	31749396	harbor2	chr15	31616459	31616541	DNA/hAT-Charlie	659	+	41	31616500	67104
chr15	31549396	31749396	harbor2	chr15	31616844	31616958	DNA/hAT-Charlie	659	+	57	31616901	67505
chr15	101215872	101415872	harbor2	chr15	101307980	101308121	DNA/hAT-Charlie	490	+	70	101308050	92178
chr15	101215872	101415872	harbor2	chr15	101313852	101314051	DNA/hAT-Charlie	728	+	100	101313952	98080
chr15	74000853	74200853	harbor2	chr15	74045791	74045969	DNA/hAT-Charlie	892	+	89	74045880	45027
chr15	74000853	74200853	harbor2	chr15	74083831	74083985	DNA/hAT-Charlie	850	+	77	74083908	83055
chr15	59188238	59388238	harbor2	chr15	59193088	59193273	DNA/hAT-Charlie	868	+	92	59193180	4942
chr15	59188238	59388238	harbor2	chr15	59229227	59229393	DNA/hAT-Charlie	475	+	83	59229310	41072
chr15	59188238	59388238	harbor2	chr15	59233849	59234077	DNA/hAT-Charlie	939	+	114	59233963	45725
chr15	59188238	59388238	harbor2	chr15	59266433	59266629	DNA/hAT-Charlie	962	+	98	59266531	78293
chr15	99993813	100193813	harbor2	chr15	100027477	100027694	DNA/hAT-Charlie	1053	+	108	100027585	33772
chr15	99993813	100193813	harbor2	chr15	100029836	100029989	DNA/hAT-Charlie	664	+	76	100029912	36099
chr15	99993813	100193813	harbor2	chr15	100043563	100043763	DNA/hAT-Charlie	672	+	100	100043663	49850
chr15	53241676	53441676	harbor2	chr15	53287586	53287774	DNA/hAT-Charlie	824	+	94	53287680	46004
chr15	53241676	53441676	harbor2	chr15	53298662	53298876	DNA/hAT-Charlie	984	+	107	53298769	57093
chr15	53241676	53441676	harbor2	chr15	53298878	53299065	DNA/hAT-Charlie	599	+	94	53298972	57296
chr15	53241676	53441676	harbor2	chr15	53302875	53302961	DNA/hAT-Charlie	484	+	43	53302918	61242
chr15	64792502	64992502	harbor2	chr15	64876482	64876696	DNA/hAT-Charlie	1110	+	107	64876589	84087
chr15	64792502	64992502	harbor2	chr15	64884669	64885194	DNA/hAT-Charlie	2425	+	262	64884931	92429
chr15	49478674	49678674	harbor2	chr15	49504463	49504610	DNA/hAT-Charlie	623	+	74	49504537	25863
chr15	101001079	101201079	harbor2	chr15	101017435	101017772	DNA/hAT-Charlie	2196	+	168	101017603	16524
chr15	101001079	101201079	harbor2	chr15	101046588	101046757	DNA/hAT-Charlie	463	+	84	101046672	45593
chr15	101001079	101201079	harbor2	chr15	101046911	101047096	DNA/hAT-Charlie	795	+	92	101047003	45924
chr15	100617304	100817304	harbor2	chr15	100631175	100631377	DNA/hAT-Charlie	800	+	101	100631276	13972
chr15	100617304	100817304	harbor2	chr15	100636784	100638145	DNA/hAT-Charlie	5672	+	680	100637464	20160
chr15	100617304	100817304	harbor2	chr15	100646823	100647256	DNA/hAT-Charlie	1865	+	216	100647039	29735
chr15	100034651	100234651	harbor2	chr15	100043563	100043763	DNA/hAT-Charlie	672	+	100	100043663	9012
chr15	100034651	100234651	harbor2	chr15	100094912	100095117	DNA/hAT-Charlie	643	+	102	100095014	60363
chr15	100034651	100234651	harbor2	chr15	100132704	100133014	DNA/hAT-Charlie	624	+	155	100132859	98208
chr15	56904795	57104795	harbor2	chr15	56961634	56961860	DNA/hAT-Charlie	435	+	113	56961747	56952
chr15	56904795	57104795	harbor2	chr15	56962156	56962198	DNA/hAT-Charlie	435	+	21	56962177	57382
chr15	56904795	57104795	harbor2	chr15	56989268	56989364	DNA/hAT-Charlie	496	+	48	56989316	84521
chr15	70152281	70352281	harbor2	chr15	70165207	70165398	DNA/hAT-Charlie	559	+	96	70165303	13022
chr15	70152281	70352281	harbor2	chr15	70201581	70201607	DNA/hAT-Charlie	410	+	13	70201594	49313
chr15	70152281	70352281	harbor2	chr15	70201635	70201932	DNA/hAT-Charlie	410	+	148	70201783	49502
chr15	70152281	70352281	harbor2	chr15	70219961	70220074	DNA/hAT-Charlie	476	+	56	70220017	67736
chr15	34302930	34502930	harbor2	chr15	34323316	34323650	DNA/hAT-Charlie	2249	+	167	34323483	20553
chr15	46579099	46779099	harbor2	chr15	46674358	46674592	DNA/hAT-Charlie	414	+	117	46674475	95376
chr15	46579099	46779099	harbor2	chr15	46674718	46675552	DNA/hAT-Charlie	1133	+	417	46675135	96036
chr15	94336859	94536859	harbor2	chr15	94349965	94350125	DNA/hAT-Charlie	591	+	80	94350045	13186
chr15	94336859	94536859	harbor2	chr15	94359550	94359667	DNA/hAT-Charlie	423	+	58	94359608	22749
chr15	94336859	94536859	harbor2	chr15	94364123	94364321	DNA/hAT-Charlie	805	+	99	94364222	27363
chr15	94336859	94536859	harbor2	chr15	94424399	94424574	DNA/hAT-Charlie	773	+	88	94424487	87628
chr15	96687571	96887571	harbor2	chr15	96723904	96724115	DNA/hAT-Charlie	1024	+	106	96724010	36439
chr15	96687571	96887571	harbor2	chr15	96732577	96732881	DNA/hAT-Charlie	1123	+	152	96732729	45158
chr15	96687571	96887571	harbor2	chr15	96741617	96741935	DNA/hAT-Charlie	541	+	159	96741776	54205
chr15	95125754	95325754	harbor2	chr15	95198190	95198278	DNA/hAT-Charlie	526	+	44	95198234	72480
chr15	95125754	95325754	harbor2	chr15	95216576	95216739	DNA/hAT-Charlie	799	+	82	95216658	90904
chr15	53117023	53317023	harbor2	chr15	53117647	53117865	DNA/hAT-Charlie	997	+	109	53117756	733
chr15	96913477	97113477	harbor2	chr15	96981704	96981841	DNA/hAT-Charlie	418	+	68	96981772	68295
chr15	96913477	97113477	harbor2	chr15	96983529	96983696	DNA/hAT-Charlie	480	+	84	96983613	70136
chr15	96913477	97113477	harbor2	chr15	97012336	97012496	DNA/hAT-Charlie	620	+	80	97012416	98939
chr15	33092032	33292032	harbor2	chr15	33100430	33100646	DNA/hAT-Charlie	417	+	108	33100538	8506
chr15	38845904	39045904	harbor2	chr15	38876029	38876279	DNA/hAT-Charlie	596	+	125	38876154	30250
chr15	38845904	39045904	harbor2	chr15	38914432	38914604	DNA/hAT-Charlie	842	+	86	38914518	68614
chr15	38845904	39045904	harbor2	chr15	38936398	38936682	DNA/hAT-Charlie	531	+	142	38936540	90636
chr15	75063395	75263395	harbor2	chr15	75125529	75125643	DNA/hAT-Charlie	778	+	57	75125586	62191
chr15	75063395	75263395	harbor2	chr15	75125849	75125957	DNA/hAT-Charlie	890	+	54	75125903	62508
chr15	100141767	100341767	harbor2	chr15	100166970	100167141	DNA/hAT-Charlie	787	+	86	100167056	25289
chr15	100141767	100341767	harbor2	chr15	100212448	100212554	DNA/hAT-Charlie	432	+	53	100212501	70734
chr15	61523963	61723963	harbor2	chr15	61567276	61567473	DNA/hAT-Charlie	951	+	98	61567374	43411
chr15	61523963	61723963	harbor2	chr15	61587456	61587616	DNA/hAT-Charlie	455	+	80	61587536	63573
chr15	61523963	61723963	harbor2	chr15	61589343	61589527	DNA/hAT-Charlie	818	+	92	61589435	65472
chr15	61523963	61723963	harbor2	chr15	61589599	61589748	DNA/hAT-Charlie	438	+	74	61589673	65710
chr15	61523963	61723963	harbor2	chr15	61620780	61620951	DNA/hAT-Charlie	448	+	86	61620866	96903
chr15	42590564	42790564	harbor2	chr15	42611124	42611340	DNA/hAT-Charlie	1088	+	108	42611232	20668
chr15	42590564	42790564	harbor2	chr15	42661402	42661445	DNA/hAT-Charlie	636	+	22	42661424	70860
chr15	42590564	42790564	harbor2	chr15	42661757	42661897	DNA/hAT-Charlie	636	+	70	42661827	71263
chr15	70354617	70554617	harbor2	chr15	70354790	70354967	DNA/hAT-Charlie	751	+	88	70354878	261
chr15	70354617	70554617	harbor2	chr15	70357817	70358062	DNA/hAT-Charlie	672	+	122	70357939	3322
chr15	70354617	70554617	harbor2	chr15	70397653	70397795	DNA/hAT-Charlie	500	+	71	70397724	43107
chr15	70354617	70554617	harbor2	chr15	70414011	70414165	DNA/hAT-Charlie	589	+	77	70414088	59471
chr15	44130173	44330173	harbor2	chr15	44220695	44220870	DNA/hAT-Charlie	892	+	88	44220783	90610
chr15	71015917	71215917	harbor2	chr15	71070710	71070876	DNA/hAT-Charlie	411	+	83	71070793	54876
chr15	71015917	71215917	harbor2	chr15	71073397	71073608	DNA/hAT-Charlie	588	+	106	71073503	57586
chr15	91506756	91706756	harbor2	chr15	91538937	91539134	DNA/hAT-Charlie	999	+	98	91539035	32279
chr15	91506756	91706756	harbor2	chr15	91551976	91552055	DNA/hAT-Charlie	903	+	40	91552016	45260
chr15	91506756	91706756	harbor2	chr15	91552368	91552591	DNA/hAT-Charlie	903	+	112	91552480	45724
chr15	91506756	91706756	harbor2	chr15	91572822	91572991	DNA/hAT-Charlie	602	+	84	91572906	66150
chr15	89008472	89208472	harbor2	chr15	89032779	89032902	DNA/hAT-Charlie	1086	+	62	89032841	24369
chr15	89008472	89208472	harbor2	chr15	89033228	89033289	DNA/hAT-Charlie	1086	+	30	89033258	24786
chr15	89008472	89208472	harbor2	chr15	89074057	89074091	DNA/hAT-Charlie	480	+	17	89074074	65602
chr15	89008472	89208472	harbor2	chr15	89074389	89074535	DNA/hAT-Charlie	480	+	73	89074462	65990
chr15	89008472	89208472	harbor2	chr15	89081881	89081969	DNA/hAT-Charlie	692	+	44	89081925	73453
chr15	89008472	89208472	harbor2	chr15	89082167	89082306	DNA/hAT-Charlie	692	+	70	89082237	73765
chr15	89008472	89208472	harbor2	chr15	89095974	89096394	DNA/hAT-Charlie	771	+	210	89096184	87712
chr15	67739019	67939019	harbor2	chr15	67750507	67750678	DNA/hAT-Charlie	409	+	86	67750593	11574
chr15	42940846	43140846	harbor2	chr15	42955199	42955748	DNA/hAT-Charlie	1045	+	274	42955473	14627
chr15	42940846	43140846	harbor2	chr15	42977112	42977291	DNA/hAT-Charlie	563	+	90	42977202	36356
chr15	42940846	43140846	harbor2	chr15	42996971	42997496	DNA/hAT-Charlie	3686	+	262	42997233	56387
chr15	28783766	28983766	harbor2	chr15	28811609	28811943	DNA/hAT-Charlie	969	+	167	28811776	28010
chr15	28783766	28983766	harbor2	chr15	28819639	28819986	DNA/hAT-Charlie	2003	+	174	28819813	36047
chr15	93250665	93450665	harbor2	chr15	93253368	93253522	DNA/hAT-Charlie	753	+	77	93253445	2780
chr15	93250665	93450665	harbor2	chr15	93254852	93255103	DNA/hAT-Charlie	619	+	126	93254978	4313
chr15	93250665	93450665	harbor2	chr15	93257277	93257437	DNA/hAT-Charlie	775	+	80	93257357	6692
chr15	93250665	93450665	harbor2	chr15	93269495	93269619	DNA/hAT-Charlie	462	+	62	93269557	18892
chr15	93250665	93450665	harbor2	chr15	93326499	93326825	DNA/hAT-Charlie	666	+	163	93326662	75997
chr15	93250665	93450665	harbor2	chr15	93327460	93327622	DNA/hAT-Charlie	721	+	81	93327541	76876
chr15	93250665	93450665	harbor2	chr15	93327632	93327789	DNA/hAT-Charlie	807	+	78	93327710	77045
chr15	93250665	93450665	harbor2	chr15	93327812	93327986	DNA/hAT-Charlie	548	+	87	93327899	77234
chr15	93250665	93450665	harbor2	chr15	93336366	93336581	DNA/hAT-Charlie	818	+	108	93336474	85809
chr15	101752643	101952643	harbor2	chr15	101783381	101783525	DNA/hAT-Charlie	753	+	72	101783453	30810
chr15	71615979	71815979	harbor2	chr15	71628038	71628193	DNA/hAT-Charlie	475	+	78	71628116	12137
chr15	71615979	71815979	harbor2	chr15	71631148	71631303	DNA/hAT-Charlie	459	+	78	71631226	15247
chr15	71615979	71815979	harbor2	chr15	71650122	71650307	DNA/hAT-Charlie	859	+	92	71650214	34235
chr15	71615979	71815979	harbor2	chr15	71653402	71653614	DNA/hAT-Charlie	1252	+	106	71653508	37529
chr15	71615979	71815979	harbor2	chr15	71674674	71674903	DNA/hAT-Charlie	894	+	114	71674788	58809
chr15	71615979	71815979	harbor2	chr15	71709745	71709919	DNA/hAT-Charlie	798	+	87	71709832	93853
chr15	44480594	44680594	harbor2	chr15	44485047	44485257	DNA/hAT-Charlie	1083	+	105	44485152	4558
chr15	60089029	60289029	harbor2	chr15	60131865	60132108	DNA/hAT-Charlie	490	+	122	60131987	42958
chr15	60089029	60289029	harbor2	chr15	60138292	60138431	DNA/hAT-Charlie	448	+	70	60138362	49333
chr15	60089029	60289029	harbor2	chr15	60151966	60152137	DNA/hAT-Charlie	718	+	86	60152052	63023
chr15	60089029	60289029	harbor2	chr15	60186834	60187363	DNA/hAT-Charlie	3567	+	264	60187098	98069
chr15	99543281	99743281	harbor2	chr15	99543381	99543544	DNA/hAT-Charlie	773	+	82	99543463	182
chr15	99543281	99743281	harbor2	chr15	99550358	99550527	DNA/hAT-Charlie	763	+	84	99550442	7161
chr15	99543281	99743281	harbor2	chr15	99592384	99592482	DNA/hAT-Charlie	948	+	49	99592433	49152
chr15	99543281	99743281	harbor2	chr15	99592901	99593120	DNA/hAT-Charlie	948	+	110	99593011	49730
chr15	99543281	99743281	harbor2	chr15	99633795	99634002	DNA/hAT-Charlie	1064	+	104	99633899	90618
chr15	91847856	92047856	harbor2	chr15	91875751	91875956	DNA/hAT-Charlie	794	+	102	91875853	27997
chr15	91847856	92047856	harbor2	chr15	91893071	91893266	DNA/hAT-Charlie	875	+	98	91893169	45313
chr15	91847856	92047856	harbor2	chr15	91898663	91898891	DNA/hAT-Charlie	619	+	114	91898777	50921
chr15	91847856	92047856	harbor2	chr15	91909237	91909458	DNA/hAT-Charlie	1009	+	110	91909347	61491
chr15	91847856	92047856	harbor2	chr15	91911327	91911502	DNA/hAT-Charlie	684	+	88	91911415	63559
chr15	91847856	92047856	harbor2	chr15	91913368	91913524	DNA/hAT-Charlie	598	+	78	91913446	65590
chr15	91847856	92047856	harbor2	chr15	91941943	91942259	DNA/hAT-Charlie	712	+	158	91942101	94245
chr15	89282749	89482749	harbor2	chr15	89283453	89283735	DNA/hAT-Charlie	1135	+	141	89283594	845
chr15	89282749	89482749	harbor2	chr15	89336232	89336580	DNA/hAT-Charlie	1183	+	174	89336406	53657
chr15	78036193	78236193	harbor2	chr15	78058080	78058203	DNA/hAT-Charlie	410	+	62	78058142	21949
chr15	78036193	78236193	harbor2	chr15	78070571	78070649	DNA/hAT-Charlie	820	+	39	78070610	34417
chr15	78036193	78236193	harbor2	chr15	78071267	78071413	DNA/hAT-Charlie	820	+	73	78071340	35147
chr15	78036193	78236193	harbor2	chr15	78085525	78085677	DNA/hAT-Charlie	452	+	76	78085601	49408
chr15	78036193	78236193	harbor2	chr15	78110624	78110766	DNA/hAT-Charlie	561	+	71	78110695	74502
chr15	78036193	78236193	harbor2	chr15	78125567	78125748	DNA/hAT-Charlie	951	+	90	78125657	89464
chr15	78036193	78236193	harbor2	chr15	78125764	78125918	DNA/hAT-Charlie	422	+	77	78125841	89648
chr15	77651376	77851376	harbor2	chr15	77691035	77691240	DNA/hAT-Charlie	1002	+	102	77691137	39761
chr15	94180151	94380151	harbor2	chr15	94197737	94197914	DNA/hAT-Charlie	680	+	88	94197825	17674
chr15	94180151	94380151	harbor2	chr15	94235308	94235470	DNA/hAT-Charlie	658	+	81	94235389	55238
chr15	54572176	54772176	harbor2	chr15	54573656	54573871	DNA/hAT-Charlie	979	+	108	54573764	1588
chr15	54572176	54772176	harbor2	chr15	54581713	54581841	DNA/hAT-Charlie	519	+	64	54581777	9601
chr15	100766367	100966367	harbor2	chr15	100817189	100817482	DNA/hAT-Charlie	2071	+	146	100817335	50968
chr15	98776356	98976356	harbor2	chr15	98810874	98810987	DNA/hAT-Charlie	525	+	56	98810930	34574
chr15	98776356	98976356	harbor2	chr15	98825385	98825702	DNA/hAT-Charlie	2051	+	158	98825543	49187
chr15	98776356	98976356	harbor2	chr15	98857580	98857778	DNA/hAT-Charlie	1084	+	99	98857679	81323
chr15	46256172	46456172	harbor2	chr15	46274199	46274453	DNA/hAT-Charlie	588	+	127	46274326	18154
chr15	46256172	46456172	harbor2	chr15	46313092	46313263	DNA/hAT-Charlie	916	+	86	46313178	57006
chr15	46256172	46456172	harbor2	chr15	46346258	46346499	DNA/hAT-Charlie	408	+	120	46346378	90206
chr15	100133680	100333680	harbor2	chr15	100139374	100139554	DNA/hAT-Charlie	913	+	90	100139464	5784
chr15	100133680	100333680	harbor2	chr15	100166970	100167141	DNA/hAT-Charlie	787	+	86	100167056	33376
chr15	100133680	100333680	harbor2	chr15	100212448	100212554	DNA/hAT-Charlie	432	+	53	100212501	78821
chr15	89165022	89365022	harbor2	chr15	89171162	89171290	DNA/hAT-Charlie	745	+	64	89171226	6204
chr15	89165022	89365022	harbor2	chr15	89179240	89179729	DNA/hAT-Charlie	2716	+	244	89179484	14462
chr15	89165022	89365022	harbor2	chr15	89194645	89194801	DNA/hAT-Charlie	693	+	78	89194723	29701
chr15	89165022	89365022	harbor2	chr15	89223530	89223789	DNA/hAT-Charlie	1091	+	130	89223660	58638
chr15	89165022	89365022	harbor2	chr15	89224105	89224119	DNA/hAT-Charlie	1091	+	7	89224112	59090
chr15	89165022	89365022	harbor2	chr15	89225337	89225390	DNA/hAT-Charlie	1091	+	26	89225363	60341
chr15	89165022	89365022	harbor2	chr15	89225420	89225547	DNA/hAT-Charlie	455	+	64	89225484	60462
chr15	101267964	101467964	harbor2	chr15	101307980	101308121	DNA/hAT-Charlie	490	+	70	101308050	40086
chr15	101267964	101467964	harbor2	chr15	101313852	101314051	DNA/hAT-Charlie	728	+	100	101313952	45988
chr15	101267964	101467964	harbor2	chr15	101351870	101352063	DNA/hAT-Charlie	799	+	96	101351966	84002
chr15	62546554	62746554	harbor2	chr15	62557930	62558110	DNA/hAT-Charlie	463	+	90	62558020	11466
chr15	62546554	62746554	harbor2	chr15	62601124	62601336	DNA/hAT-Charlie	1165	+	106	62601230	54676
chr15	92559666	92759666	harbor2	chr15	92608966	92609095	DNA/hAT-Charlie	486	+	64	92609030	49364
chr15	92559666	92759666	harbor2	chr15	92658452	92659672	DNA/hAT-Charlie	6283	+	610	92659062	99396
chr15	92008538	92208538	harbor2	chr15	92052682	92052989	DNA/hAT-Charlie	1147	+	154	92052836	44298
chr15	92008538	92208538	harbor2	chr15	92069120	92069307	DNA/hAT-Charlie	854	+	94	92069214	60676
chr15	92008538	92208538	harbor2	chr15	92081737	92081913	DNA/hAT-Charlie	625	+	88	92081825	73287
chr15	87433606	87633606	harbor2	chr15	87485003	87485172	DNA/hAT-Charlie	580	+	84	87485087	51481
chr15	31391082	31591082	harbor2	chr15	31470664	31470787	DNA/hAT-Charlie	965	+	62	31470726	79644
chr15	31391082	31591082	harbor2	chr15	31471297	31471404	DNA/hAT-Charlie	965	+	54	31471351	80269
chr16	83272094	83472094	harbor2	chr16	83277494	83277820	DNA/hAT-Charlie	1023	+	163	83277657	5563
chr16	83272094	83472094	harbor2	chr16	83287303	83287837	DNA/hAT-Charlie	3534	+	267	83287570	15476
chr16	83272094	83472094	harbor2	chr16	83289363	83289512	DNA/hAT-Charlie	473	+	74	83289437	17343
chr16	83272094	83472094	harbor2	chr16	83316984	83317196	DNA/hAT-Charlie	861	+	106	83317090	44996
chr16	83272094	83472094	harbor2	chr16	83342056	83342227	DNA/hAT-Charlie	888	+	86	83342142	70048
chr16	83272094	83472094	harbor2	chr16	83354793	83355020	DNA/hAT-Charlie	1038	+	114	83354907	82813
chr16	83272094	83472094	harbor2	chr16	83357586	83357735	DNA/hAT-Charlie	616	+	74	83357660	85566
chr16	59638626	59838626	harbor2	chr16	59674095	59674581	DNA/hAT-Charlie	3035	+	243	59674338	35712
chr16	85305309	85505309	harbor2	chr16	85345125	85345436	DNA/hAT-Charlie	1567	+	156	85345281	39972
chr16	32067627	32267627	harbor2	chr16	32082882	32083072	DNA/hAT-Charlie	1294	+	95	32082977	15350
chr16	32067627	32267627	harbor2	chr16	32143647	32143829	DNA/hAT-Charlie	562	+	91	32143738	76111
chr16	85310590	85510590	harbor2	chr16	85345125	85345436	DNA/hAT-Charlie	1567	+	156	85345281	34691
chr16	57436404	57636404	harbor2	chr16	57487256	57487437	DNA/hAT-Charlie	856	+	90	57487346	50942
chr16	57436404	57636404	harbor2	chr16	57521907	57522233	DNA/hAT-Charlie	1089	+	163	57522070	85666
chr16	57436404	57636404	harbor2	chr16	57522553	57522680	DNA/hAT-Charlie	509	+	64	57522617	86213
chr16	57436404	57636404	harbor2	chr16	57522740	57522884	DNA/hAT-Charlie	470	+	72	57522812	86408
chr16	57436404	57636404	harbor2	chr16	57523182	57523234	DNA/hAT-Charlie	470	+	26	57523208	86804
chr16	69807420	70007420	harbor2	chr16	69852795	69852973	DNA/hAT-Charlie	874	+	89	69852884	45464
chr16	19590965	19790965	harbor2	chr16	19599179	19599356	DNA/hAT-Charlie	550	+	88	19599267	8302
chr16	19590965	19790965	harbor2	chr16	19600422	19600555	DNA/hAT-Charlie	509	+	66	19600488	9523
chr16	19590965	19790965	harbor2	chr16	19603274	19603537	DNA/hAT-Charlie	1256	+	132	19603406	12441
chr16	19590965	19790965	harbor2	chr16	19629976	19630176	DNA/hAT-Charlie	490	+	100	19630076	39111
chr16	19590965	19790965	harbor2	chr16	19637008	19637156	DNA/hAT-Charlie	651	+	74	19637082	46117
chr16	19590965	19790965	harbor2	chr16	19670750	19671187	DNA/hAT-Charlie	1613	+	218	19670968	80003
chr16	19590965	19790965	harbor2	chr16	19671484	19671494	DNA/hAT-Charlie	1613	+	5	19671489	80524
chr16	19590965	19790965	harbor2	chr16	19671791	19671865	DNA/hAT-Charlie	1613	+	37	19671828	80863
chr16	19590965	19790965	harbor2	chr16	19673256	19673495	DNA/hAT-Charlie	685	+	120	19673376	82411
chr16	52206352	52406352	harbor2	chr16	52213494	52213655	DNA/hAT-Charlie	446	+	80	52213574	7222
chr16	52206352	52406352	harbor2	chr16	52229113	52229319	DNA/hAT-Charlie	727	+	103	52229216	22864
chr16	52206352	52406352	harbor2	chr16	52303464	52303647	DNA/hAT-Charlie	878	+	92	52303556	97204
chr16	89385370	89585370	harbor2	chr16	89395978	89396680	DNA/hAT-Charlie	1296	+	351	89396329	10959
chr16	89385370	89585370	harbor2	chr16	89396978	89397179	DNA/hAT-Charlie	1296	+	100	89397078	11708
chr16	89385370	89585370	harbor2	chr16	89451007	89451160	DNA/hAT-Charlie	530	+	76	89451083	65713
chr16	89385370	89585370	harbor2	chr16	89464942	89465209	DNA/hAT-Charlie	926	+	134	89465076	79706
chr16	63195089	63395089	harbor2	chr16	63243104	63243515	DNA/hAT-Charlie	848	+	206	63243310	48221
chr16	63195089	63395089	harbor2	chr16	63272119	63272556	DNA/hAT-Charlie	1324	+	218	63272337	77248
chr16	68870847	69070847	harbor2	chr16	68916176	68916541	DNA/hAT-Charlie	2259	+	182	68916358	45511
chr16	68870847	69070847	harbor2	chr16	68929688	68929987	DNA/hAT-Charlie	843	+	150	68929838	58991
chr16	86002399	86202399	harbor2	chr16	86036440	86036534	DNA/hAT-Charlie	420	+	47	86036487	34088
chr16	86002399	86202399	harbor2	chr16	86036543	86036739	DNA/hAT-Charlie	1570	+	98	86036641	34242
chr16	86002399	86202399	harbor2	chr16	86037346	86037513	DNA/hAT-Charlie	1570	+	84	86037430	35031
chr16	86002399	86202399	harbor2	chr16	86099807	86100071	DNA/hAT-Charlie	897	+	132	86099939	97540
chr16	86002399	86202399	harbor2	chr16	86100358	86100387	DNA/hAT-Charlie	897	+	14	86100372	97973
chr16	86002399	86202399	harbor2	chr16	86100397	86100613	DNA/hAT-Charlie	837	+	108	86100505	98106
chr16	51915158	52115158	harbor2	chr16	51954265	51954441	DNA/hAT-Charlie	677	+	88	51954353	39195
chr16	51915158	52115158	harbor2	chr16	52000683	52000758	DNA/hAT-Charlie	1615	+	38	52000721	85563
chr16	51915158	52115158	harbor2	chr16	52001022	52001274	DNA/hAT-Charlie	1615	+	126	52001148	85990
chr16	86209934	86409934	harbor2	chr16	86214438	86214563	DNA/hAT-Charlie	625	+	62	86214500	4566
chr16	58303778	58503778	harbor2	chr16	58320861	58321483	DNA/hAT-Charlie	3631	+	311	58321172	17394
chr16	58303778	58503778	harbor2	chr16	58321795	58321904	DNA/hAT-Charlie	3631	+	54	58321849	18071
chr16	58303778	58503778	harbor2	chr16	58322209	58322313	DNA/hAT-Charlie	3631	+	52	58322261	18483
chr16	58303778	58503778	harbor2	chr16	58322669	58322909	DNA/hAT-Charlie	897	+	120	58322789	19011
chr16	58303778	58503778	harbor2	chr16	58323379	58323462	DNA/hAT-Charlie	512	+	42	58323421	19643
chr16	58303778	58503778	harbor2	chr16	58329750	58329845	DNA/hAT-Charlie	626	+	48	58329798	26020
chr16	58303778	58503778	harbor2	chr16	58330557	58330642	DNA/hAT-Charlie	626	+	42	58330599	26821
chr16	68926297	69126297	harbor2	chr16	68929688	68929987	DNA/hAT-Charlie	843	+	150	68929838	3541
chr16	68926297	69126297	harbor2	chr16	68981974	68982147	DNA/hAT-Charlie	764	+	86	68982060	55763
chr16	67660371	67860371	harbor2	chr16	67702024	67702202	DNA/hAT-Charlie	702	+	89	67702113	41742
chr16	67660371	67860371	harbor2	chr16	67702485	67702526	DNA/hAT-Charlie	702	+	20	67702505	42134
chr16	89179230	89379230	harbor2	chr16	89223429	89223608	DNA/hAT-Charlie	473	+	90	89223519	44289
chr16	74688122	74888122	harbor2	chr16	74714644	74714816	DNA/hAT-Charlie	565	+	86	74714730	26608
chr16	74688122	74888122	harbor2	chr16	74715105	74715285	DNA/hAT-Charlie	1412	+	90	74715195	27073
chr16	74688122	74888122	harbor2	chr16	74715592	74715757	DNA/hAT-Charlie	1412	+	82	74715674	27552
chr16	74688122	74888122	harbor2	chr16	74763118	74763257	DNA/hAT-Charlie	813	+	70	74763188	75066
chr16	74688122	74888122	harbor2	chr16	74763558	74763704	DNA/hAT-Charlie	813	+	73	74763631	75509
chr16	31168791	31368791	harbor2	chr16	31260756	31261090	DNA/hAT-Charlie	1241	+	167	31260923	92132
chr16	31168791	31368791	harbor2	chr16	31262155	31262233	DNA/hAT-Charlie	587	+	39	31262194	93403
chr16	31168791	31368791	harbor2	chr16	31262704	31262799	DNA/hAT-Charlie	587	+	48	31262752	93961
chr16	82630977	82830977	harbor2	chr16	82631944	82632257	DNA/hAT-Charlie	825	+	156	82632100	1123
chr16	82630977	82830977	harbor2	chr16	82634511	82634717	DNA/hAT-Charlie	934	+	103	82634614	3637
chr16	82630977	82830977	harbor2	chr16	82645402	82645615	DNA/hAT-Charlie	871	+	106	82645508	14531
chr16	82630977	82830977	harbor2	chr16	82668565	82668718	DNA/hAT-Charlie	447	+	76	82668641	37664
chr16	82630977	82830977	harbor2	chr16	82684370	82684544	DNA/hAT-Charlie	524	+	87	82684457	53480
chr16	82630977	82830977	harbor2	chr16	82691796	82691980	DNA/hAT-Charlie	694	+	92	82691888	60911
chr16	82630977	82830977	harbor2	chr16	82700064	82700313	DNA/hAT-Charlie	784	+	124	82700188	69211
chr16	67253672	67453672	harbor2	chr16	67268752	67268973	DNA/hAT-Charlie	1004	+	110	67268862	15190
chr16	67253672	67453672	harbor2	chr16	67317124	67317204	DNA/hAT-Charlie	981	+	40	67317164	63492
chr16	67253672	67453672	harbor2	chr16	67317504	67317787	DNA/hAT-Charlie	981	+	142	67317646	63974
chr16	90110950	90310950	harbor2	chr16	90158569	90159000	DNA/hAT-Charlie	2991	+	216	90158785	47835
chr16	90110950	90310950	harbor2	chr16	90162317	90162736	DNA/hAT-Charlie	2529	+	210	90162527	51577
chr16	90110950	90310950	harbor2	chr16	90165736	90166155	DNA/hAT-Charlie	2512	+	210	90165946	54996
chr16	79686610	79886610	harbor2	chr16	79703213	79703397	DNA/hAT-Charlie	774	+	92	79703305	16695
chr16	79686610	79886610	harbor2	chr16	79703532	79703701	DNA/hAT-Charlie	774	+	84	79703616	17006
chr16	79686610	79886610	harbor2	chr16	79705744	79705975	DNA/hAT-Charlie	691	+	116	79705860	19250
chr16	79686610	79886610	harbor2	chr16	79711276	79711487	DNA/hAT-Charlie	1105	+	106	79711382	24772
chr16	79686610	79886610	harbor2	chr16	79738505	79738863	DNA/hAT-Charlie	651	+	179	79738684	52074
chr16	55365595	55565595	harbor2	chr16	55366044	55366419	DNA/hAT-Charlie	888	+	188	55366232	637
chr16	55365595	55565595	harbor2	chr16	55395726	55395908	DNA/hAT-Charlie	1058	+	91	55395817	30222
chr16	55365595	55565595	harbor2	chr16	55420644	55420798	DNA/hAT-Charlie	635	+	77	55420721	55126
chr16	55365595	55565595	harbor2	chr16	55429820	55430291	DNA/hAT-Charlie	1239	+	236	55430056	64461
chr16	55365595	55565595	harbor2	chr16	55436886	55437393	DNA/hAT-Charlie	1304	+	254	55437140	71545
chr16	55365595	55565595	harbor2	chr16	55437861	55438002	DNA/hAT-Charlie	448	+	70	55437931	72336
chr16	85191342	85391342	harbor2	chr16	85226229	85226409	DNA/hAT-Charlie	444	+	90	85226319	34977
chr16	85191342	85391342	harbor2	chr16	85285326	85285400	DNA/hAT-Charlie	445	+	37	85285363	94021
chr16	85191342	85391342	harbor2	chr16	85285713	85285815	DNA/hAT-Charlie	445	+	51	85285764	94422
chr16	25546714	25746714	harbor2	chr16	25642447	25642648	DNA/hAT-Charlie	454	+	100	25642547	95833
chr16	25546714	25746714	harbor2	chr16	25624485	25624769	DNA/hAT-Charlie	484	+	142	25624627	77913
chr16	48168410	48368410	harbor2	chr16	48175619	48175950	DNA/hAT-Charlie	830	+	166	48175785	7375
chr16	48168410	48368410	harbor2	chr16	48226713	48226915	DNA/hAT-Charlie	418	+	101	48226814	58404
chr16	48168410	48368410	harbor2	chr16	48245638	48245839	DNA/hAT-Charlie	577	+	100	48245738	77328
chr16	66219986	66419986	harbor2	chr16	66225600	66225731	DNA/hAT-Charlie	460	+	66	66225666	5680
chr16	66219986	66419986	harbor2	chr16	66250085	66250215	DNA/hAT-Charlie	1456	+	65	66250150	30164
chr16	66219986	66419986	harbor2	chr16	66250520	66250689	DNA/hAT-Charlie	1456	+	84	66250604	30618
chr16	66219986	66419986	harbor2	chr16	66289924	66290136	DNA/hAT-Charlie	1232	+	106	66290030	70044
chr16	69725319	69925319	harbor2	chr16	69728022	69728114	DNA/hAT-Charlie	419	+	46	69728068	2749
chr16	69725319	69925319	harbor2	chr16	69764706	69764921	DNA/hAT-Charlie	725	+	108	69764814	39495
chr16	69725319	69925319	harbor2	chr16	69765229	69765253	DNA/hAT-Charlie	725	+	12	69765241	39922
chr16	69725319	69925319	harbor2	chr16	69773921	69774104	DNA/hAT-Charlie	740	+	92	69774013	48694
chr16	69725319	69925319	harbor2	chr16	69783993	69784068	DNA/hAT-Charlie	2646	+	38	69784031	58712
chr16	69725319	69925319	harbor2	chr16	69784400	69784927	DNA/hAT-Charlie	2646	+	264	69784664	59345
chr16	69725319	69925319	harbor2	chr16	69785314	69785569	DNA/hAT-Charlie	1589	+	128	69785442	60123
chr16	71750767	71950767	harbor2	chr16	71761130	71761306	DNA/hAT-Charlie	958	+	88	71761218	10451
chr16	64182656	64382656	harbor2	chr16	64227195	64227359	DNA/hAT-Charlie	671	+	82	64227277	44621
chr16	64182656	64382656	harbor2	chr16	64268340	64268752	DNA/hAT-Charlie	966	+	206	64268546	85890
chr16	84902493	85102493	harbor2	chr16	84925607	84925784	DNA/hAT-Charlie	842	+	88	84925695	23202
chr16	47702617	47902617	harbor2	chr16	47732370	47732544	DNA/hAT-Charlie	524	+	87	47732457	29840
chr16	55133832	55333832	harbor2	chr16	55176726	55176940	DNA/hAT-Charlie	437	+	107	55176833	43001
chr16	55133832	55333832	harbor2	chr16	55190509	55190763	DNA/hAT-Charlie	759	+	127	55190636	56804
chr16	55133832	55333832	harbor2	chr16	55209450	55209508	DNA/hAT-Charlie	762	+	29	55209479	75647
chr16	55133832	55333832	harbor2	chr16	55209818	55209965	DNA/hAT-Charlie	762	+	74	55209892	76060
chr16	55133832	55333832	harbor2	chr16	55211443	55211871	DNA/hAT-Charlie	1210	+	214	55211657	77825
chr16	55133832	55333832	harbor2	chr16	55215757	55215940	DNA/hAT-Charlie	573	+	92	55215849	82017
chr16	55133832	55333832	harbor2	chr16	55216641	55216897	DNA/hAT-Charlie	710	+	128	55216769	82937
chr16	55727263	55927263	harbor2	chr16	55732493	55732682	DNA/hAT-Charlie	925	+	94	55732587	5324
chr16	55727263	55927263	harbor2	chr16	55755371	55755574	DNA/hAT-Charlie	939	+	102	55755473	28210
chr16	55727263	55927263	harbor2	chr16	55756289	55756493	DNA/hAT-Charlie	626	+	102	55756391	29128
chr16	55727263	55927263	harbor2	chr16	55775776	55776098	DNA/hAT-Charlie	1443	+	161	55775937	48674
chr16	55727263	55927263	harbor2	chr16	55803625	55803769	DNA/hAT-Charlie	498	+	72	55803697	76434
chr16	72858727	73058727	harbor2	chr16	72881126	72881266	DNA/hAT-Charlie	489	+	70	72881196	22469
chr16	72858727	73058727	harbor2	chr16	72890728	72890955	DNA/hAT-Charlie	1141	+	114	72890842	32115
chr16	72858727	73058727	harbor2	chr16	72903257	72903428	DNA/hAT-Charlie	779	+	86	72903343	44616
chr16	72858727	73058727	harbor2	chr16	72910648	72910954	DNA/hAT-Charlie	470	+	153	72910801	52074
chr16	72858727	73058727	harbor2	chr16	72934920	72935151	DNA/hAT-Charlie	714	+	116	72935036	76309
chr16	72858727	73058727	harbor2	chr16	72951754	72951898	DNA/hAT-Charlie	543	+	72	72951826	93099
chr16	31252007	31452007	harbor2	chr16	31260756	31261090	DNA/hAT-Charlie	1241	+	167	31260923	8916
chr16	31252007	31452007	harbor2	chr16	31262155	31262233	DNA/hAT-Charlie	587	+	39	31262194	10187
chr16	31252007	31452007	harbor2	chr16	31262704	31262799	DNA/hAT-Charlie	587	+	48	31262752	10745
chr16	31252007	31452007	harbor2	chr16	31276083	31276270	DNA/hAT-Charlie	587	+	94	31276177	24170
chr16	31252007	31452007	harbor2	chr16	31337704	31337863	DNA/hAT-Charlie	489	+	80	31337784	85777
chr16	63181513	63381513	harbor2	chr16	63243104	63243515	DNA/hAT-Charlie	848	+	206	63243310	61797
chr16	63181513	63381513	harbor2	chr16	63272119	63272556	DNA/hAT-Charlie	1324	+	218	63272337	90824
chr16	56750865	56950865	harbor2	chr16	56753467	56753615	DNA/hAT-Charlie	867	+	74	56753541	2676
chr16	56750865	56950865	harbor2	chr16	56773561	56773709	DNA/hAT-Charlie	820	+	74	56773635	22770
chr16	88190828	88390828	harbor2	chr16	88198413	88198595	DNA/hAT-Charlie	811	+	91	88198504	7676
chr16	84881189	85081189	harbor2	chr16	84892149	84892334	DNA/hAT-Charlie	609	+	92	84892241	11052
chr16	84881189	85081189	harbor2	chr16	84925607	84925784	DNA/hAT-Charlie	842	+	88	84925695	44506
chr16	64417972	64617972	harbor2	chr16	64418954	64419168	DNA/hAT-Charlie	813	+	107	64419061	1089
chr16	64417972	64617972	harbor2	chr16	64446315	64446460	DNA/hAT-Charlie	461	+	72	64446387	28415
chr16	64417972	64617972	harbor2	chr16	64465485	64465680	DNA/hAT-Charlie	822	+	98	64465583	47611
chr16	64417972	64617972	harbor2	chr16	64477820	64477916	DNA/hAT-Charlie	442	+	48	64477868	59896
chr16	77268992	77468992	harbor2	chr16	77331584	77331809	DNA/hAT-Charlie	997	+	112	77331696	62704
chr16	77268992	77468992	harbor2	chr16	77332854	77332985	DNA/hAT-Charlie	457	+	66	77332920	63928
chr16	77268992	77468992	harbor2	chr16	77361106	77361269	DNA/hAT-Charlie	763	+	82	77361188	92196
chr16	77268992	77468992	harbor2	chr16	77366616	77366973	DNA/hAT-Charlie	1414	+	178	77366794	97802
chr16	71158240	71358240	harbor2	chr16	71230962	71231086	DNA/hAT-Charlie	447	+	62	71231024	72784
chr16	71158240	71358240	harbor2	chr16	71232245	71232551	DNA/hAT-Charlie	1269	+	153	71232398	74158
chr16	71158240	71358240	harbor2	chr16	71238169	71238485	DNA/hAT-Charlie	1437	+	158	71238327	80087
chr16	71158240	71358240	harbor2	chr16	71238484	71238602	DNA/hAT-Charlie	570	+	59	71238543	80303
chr16	87626676	87826676	harbor2	chr16	87627031	87627157	DNA/hAT-Charlie	444	+	63	87627094	418
chr16	87626676	87826676	harbor2	chr16	87661932	87662148	DNA/hAT-Charlie	454	+	108	87662040	35364
chr16	27088730	27288730	harbor2	chr16	27096684	27096886	DNA/hAT-Charlie	897	+	101	27096785	8055
chr16	27088730	27288730	harbor2	chr16	27118264	27118489	DNA/hAT-Charlie	1567	+	112	27118376	29646
chr16	27088730	27288730	harbor2	chr16	27118850	27119335	DNA/hAT-Charlie	1448	+	242	27119092	30362
chr16	27088730	27288730	harbor2	chr16	27137408	27137622	DNA/hAT-Charlie	696	+	107	27137515	48785
chr16	27088730	27288730	harbor2	chr16	27174553	27174725	DNA/hAT-Charlie	549	+	86	27174639	85909
chr16	27088730	27288730	harbor2	chr16	27177127	27177307	DNA/hAT-Charlie	1125	+	90	27177217	88487
chr16	59790577	59990577	harbor2	chr16	59845867	59846021	DNA/hAT-Charlie	657	+	77	59845944	55367
chr16	84296737	84496737	harbor2	chr16	84362335	84362525	DNA/hAT-Charlie	450	+	95	84362430	65693
chr16	84296737	84496737	harbor2	chr16	84376456	84376649	DNA/hAT-Charlie	1400	+	96	84376552	79815
chr16	84296737	84496737	harbor2	chr16	84379487	84379670	DNA/hAT-Charlie	801	+	92	84379579	82842
chr16	68557194	68757194	harbor2	chr16	68598165	68598445	DNA/hAT-Charlie	1416	+	140	68598305	41111
chr16	55829308	56029308	harbor2	chr16	55860336	55860527	DNA/hAT-Charlie	1010	+	96	55860432	31124
chr16	55829308	56029308	harbor2	chr16	55899644	55899839	DNA/hAT-Charlie	948	+	98	55899742	70434
chr16	66765186	66965186	harbor2	chr16	66829775	66829872	DNA/hAT-Charlie	544	+	48	66829823	64637
chr16	66765186	66965186	harbor2	chr16	66834050	66834120	DNA/hAT-Charlie	750	+	35	66834085	68899
chr16	66765186	66965186	harbor2	chr16	66834417	66834427	DNA/hAT-Charlie	750	+	5	66834422	69236
chr16	66765186	66965186	harbor2	chr16	66834886	66834987	DNA/hAT-Charlie	750	+	50	66834936	69750
chr16	66765186	66965186	harbor2	chr16	66830274	66830476	DNA/hAT-Charlie	860	+	101	66830375	65189
chr16	89401222	89601222	harbor2	chr16	89451007	89451160	DNA/hAT-Charlie	530	+	76	89451083	49861
chr16	89401222	89601222	harbor2	chr16	89464942	89465209	DNA/hAT-Charlie	926	+	134	89465076	63854
chr16	63648030	63848030	harbor2	chr16	63666235	63666397	DNA/hAT-Charlie	851	+	81	63666316	18286
chr16	82255839	82455839	harbor2	chr16	82264185	82264348	DNA/hAT-Charlie	1016	+	82	82264267	8428
chr16	82255839	82455839	harbor2	chr16	82339863	82339999	DNA/hAT-Charlie	590	+	68	82339931	84092
chr16	82255839	82455839	harbor2	chr16	82354850	82355042	DNA/hAT-Charlie	724	+	96	82354946	99107
chr16	82255839	82455839	harbor2	chr16	82355040	82355286	DNA/hAT-Charlie	733	+	123	82355163	99324
chr16	69708865	69908865	harbor2	chr16	69728022	69728114	DNA/hAT-Charlie	419	+	46	69728068	19203
chr16	69708865	69908865	harbor2	chr16	69764706	69764921	DNA/hAT-Charlie	725	+	108	69764814	55949
chr16	69708865	69908865	harbor2	chr16	69765229	69765253	DNA/hAT-Charlie	725	+	12	69765241	56376
chr16	69708865	69908865	harbor2	chr16	69773921	69774104	DNA/hAT-Charlie	740	+	92	69774013	65148
chr16	69708865	69908865	harbor2	chr16	69783993	69784068	DNA/hAT-Charlie	2646	+	38	69784031	75166
chr16	69708865	69908865	harbor2	chr16	69784400	69784927	DNA/hAT-Charlie	2646	+	264	69784664	75799
chr16	69708865	69908865	harbor2	chr16	69785314	69785569	DNA/hAT-Charlie	1589	+	128	69785442	76577
chr16	71433858	71633858	harbor2	chr16	71445734	71445899	DNA/hAT-Charlie	531	+	82	71445816	11958
chr16	71433858	71633858	harbor2	chr16	71480736	71480889	DNA/hAT-Charlie	585	+	76	71480812	46954
chr16	71433858	71633858	harbor2	chr16	71484733	71485037	DNA/hAT-Charlie	1305	+	152	71484885	51027
chr16	71433858	71633858	harbor2	chr16	71501056	71501261	DNA/hAT-Charlie	886	+	102	71501158	67300
chr16	74683048	74883048	harbor2	chr16	74714644	74714816	DNA/hAT-Charlie	565	+	86	74714730	31682
chr16	74683048	74883048	harbor2	chr16	74715105	74715285	DNA/hAT-Charlie	1412	+	90	74715195	32147
chr16	74683048	74883048	harbor2	chr16	74715592	74715757	DNA/hAT-Charlie	1412	+	82	74715674	32626
chr16	74683048	74883048	harbor2	chr16	74763118	74763257	DNA/hAT-Charlie	813	+	70	74763188	80140
chr16	74683048	74883048	harbor2	chr16	74763558	74763704	DNA/hAT-Charlie	813	+	73	74763631	80583
chr16	75805659	76005659	harbor2	chr16	75821253	75821462	DNA/hAT-Charlie	1055	+	104	75821357	15698
chr16	88536992	88736992	harbor2	chr16	88592373	88592454	DNA/hAT-Charlie	444	+	40	88592413	55421
chr16	88536992	88736992	harbor2	chr16	88593618	88593828	DNA/hAT-Charlie	539	+	105	88593723	56731
chr16	88536992	88736992	harbor2	chr16	88593844	88594369	DNA/hAT-Charlie	1376	+	262	88594106	57114
chr16	88536992	88736992	harbor2	chr16	88602437	88602610	DNA/hAT-Charlie	595	+	86	88602523	65531
chr16	78449054	78649054	harbor2	chr16	78472941	78473135	DNA/hAT-Charlie	991	+	97	78473038	23984
chr16	78449054	78649054	harbor2	chr16	78473417	78473544	DNA/hAT-Charlie	991	+	64	78473481	24427
chr16	78449054	78649054	harbor2	chr16	78480797	78481162	DNA/hAT-Charlie	832	+	182	78480979	31925
chr16	78449054	78649054	harbor2	chr16	78507840	78507997	DNA/hAT-Charlie	1194	+	78	78507918	58864
chr16	78449054	78649054	harbor2	chr16	78508341	78508438	DNA/hAT-Charlie	1194	+	48	78508389	59335
chr16	78449054	78649054	harbor2	chr16	78527728	78527939	DNA/hAT-Charlie	707	+	106	78527834	78780
chr16	81648674	81848674	harbor2	chr16	81705927	81706076	DNA/hAT-Charlie	448	+	74	81706001	57327
chr16	81648674	81848674	harbor2	chr16	81723554	81723662	DNA/hAT-Charlie	480	+	54	81723608	74934
chr16	81648674	81848674	harbor2	chr16	81724135	81724149	DNA/hAT-Charlie	480	+	7	81724142	75468
chr16	81648674	81848674	harbor2	chr16	81724467	81724529	DNA/hAT-Charlie	480	+	31	81724498	75824
chr16	81648674	81848674	harbor2	chr16	81724674	81724816	DNA/hAT-Charlie	634	+	71	81724745	76071
chr16	52305392	52505392	harbor2	chr16	52355348	52355546	DNA/hAT-Charlie	825	+	99	52355447	50055
chr16	52869549	53069549	harbor2	chr16	52919367	52919468	DNA/hAT-Charlie	537	+	50	52919417	49868
chr16	52869549	53069549	harbor2	chr16	52919499	52919577	DNA/hAT-Charlie	537	+	39	52919538	49989
chr16	52869549	53069549	harbor2	chr16	52921388	52921852	DNA/hAT-Charlie	1363	+	232	52921620	52071
chr16	52869549	53069549	harbor2	chr16	52931592	52931790	DNA/hAT-Charlie	854	+	99	52931691	62142
chr16	52869549	53069549	harbor2	chr16	52950840	52951249	DNA/hAT-Charlie	599	+	204	52951044	81495
chr16	89781562	89981562	harbor2	chr16	89823679	89823875	DNA/hAT-Charlie	1335	+	98	89823777	42215
chr16	89781562	89981562	harbor2	chr16	89864403	89864560	DNA/hAT-Charlie	460	+	78	89864481	82919
chr16	17117083	17317083	harbor2	chr16	17129223	17129261	DNA/hAT-Charlie	794	+	19	17129242	12159
chr16	17117083	17317083	harbor2	chr16	17129655	17129801	DNA/hAT-Charlie	794	+	73	17129728	12645
chr16	17117083	17317083	harbor2	chr16	17135063	17135309	DNA/hAT-Charlie	678	+	123	17135186	18103
chr16	17117083	17317083	harbor2	chr16	17137853	17137951	DNA/hAT-Charlie	449	+	49	17137902	20819
chr16	17117083	17317083	harbor2	chr16	17173371	17173542	DNA/hAT-Charlie	721	+	86	17173457	56374
chr16	17117083	17317083	harbor2	chr16	17178611	17178784	DNA/hAT-Charlie	867	+	86	17178697	61614
chr16	17117083	17317083	harbor2	chr16	17195071	17195284	DNA/hAT-Charlie	957	+	106	17195177	78094
chr16	17117083	17317083	harbor2	chr16	17199320	17199492	DNA/hAT-Charlie	914	+	86	17199406	82323
chr16	17117083	17317083	harbor2	chr16	17210763	17211205	DNA/hAT-Charlie	911	+	221	17210984	93901
chr16	17117083	17317083	harbor2	chr16	17212075	17212247	DNA/hAT-Charlie	918	+	86	17212161	95078
chr16	59507106	59707106	harbor2	chr16	59533052	59533328	DNA/hAT-Charlie	1417	+	138	59533190	26084
chr16	59507106	59707106	harbor2	chr16	59574996	59575166	DNA/hAT-Charlie	509	+	85	59575081	67975
chr16	59507106	59707106	harbor2	chr16	59597703	59597964	DNA/hAT-Charlie	517	+	130	59597833	90727
chr16	90105114	90305114	harbor2	chr16	90158569	90159000	DNA/hAT-Charlie	2991	+	216	90158785	53671
chr16	90105114	90305114	harbor2	chr16	90162317	90162736	DNA/hAT-Charlie	2529	+	210	90162527	57413
chr16	90105114	90305114	harbor2	chr16	90165736	90166155	DNA/hAT-Charlie	2512	+	210	90165946	60832
chr16	89449441	89649441	harbor2	chr16	89451007	89451160	DNA/hAT-Charlie	530	+	76	89451083	1642
chr16	89449441	89649441	harbor2	chr16	89464942	89465209	DNA/hAT-Charlie	926	+	134	89465076	15635
chr16	76155645	76355645	harbor2	chr16	76210721	76210924	DNA/hAT-Charlie	742	+	102	76210823	55178
chr16	76155645	76355645	harbor2	chr16	76224382	76224564	DNA/hAT-Charlie	1045	+	91	76224473	68828
chr16	76155645	76355645	harbor2	chr16	76224904	76225048	DNA/hAT-Charlie	1045	+	72	76224976	69331
chr16	76155645	76355645	harbor2	chr16	76241300	76241774	DNA/hAT-Charlie	1660	+	237	76241537	85892
chr16	76155645	76355645	harbor2	chr16	76234729	76234902	DNA/hAT-Charlie	800	+	86	76234815	79170
chr16	89983185	90183185	harbor2	chr16	90051115	90051572	DNA/hAT-Charlie	2836	+	228	90051343	68158
chr16	47907362	48107362	harbor2	chr16	47929154	47929341	DNA/hAT-Charlie	978	+	94	47929248	21886
chr16	47907362	48107362	harbor2	chr16	47930035	47930312	DNA/hAT-Charlie	739	+	138	47930173	22811
chr16	47907362	48107362	harbor2	chr16	47930608	47930681	DNA/hAT-Charlie	739	+	36	47930644	23282
chr16	47907362	48107362	harbor2	chr16	47947295	47947489	DNA/hAT-Charlie	642	+	97	47947392	40030
chr16	47907362	48107362	harbor2	chr16	47948659	47948904	DNA/hAT-Charlie	425	+	122	47948781	41419
chr16	47907362	48107362	harbor2	chr16	47994632	47994844	DNA/hAT-Charlie	730	+	106	47994738	87376
chr16	70051233	70251233	harbor2	chr16	70061710	70061904	DNA/hAT-Charlie	987	+	97	70061807	10574
chr16	70051233	70251233	harbor2	chr16	70061930	70062146	DNA/hAT-Charlie	865	+	108	70062038	10805
chr16	70051233	70251233	harbor2	chr16	70101993	70102196	DNA/hAT-Charlie	877	+	102	70102095	50862
chr16	70051233	70251233	harbor2	chr16	70124471	70124644	DNA/hAT-Charlie	890	+	86	70124557	73324
chr16	12748454	12948454	harbor2	chr16	12768614	12768854	DNA/hAT-Charlie	1440	+	120	12768734	20280
chr16	12748454	12948454	harbor2	chr16	12769165	12769420	DNA/hAT-Charlie	1440	+	128	12769293	20839
chr16	12748454	12948454	harbor2	chr16	12786183	12786310	DNA/hAT-Charlie	564	+	64	12786247	37793
chr16	12748454	12948454	harbor2	chr16	12788967	12789265	DNA/hAT-Charlie	785	+	149	12789116	40662
chr16	12748454	12948454	harbor2	chr16	12792307	12792500	DNA/hAT-Charlie	836	+	96	12792403	43949
chr16	12748454	12948454	harbor2	chr16	12829770	12829976	DNA/hAT-Charlie	868	+	103	12829873	81419
chr16	64840019	65040019	harbor2	chr16	64885079	64885681	DNA/hAT-Charlie	1344	+	301	64885380	45361
chr16	64840019	65040019	harbor2	chr16	64934238	64934447	DNA/hAT-Charlie	576	+	104	64934342	94323
chr16	82505647	82705647	harbor2	chr16	82515859	82516013	DNA/hAT-Charlie	447	+	77	82515936	10289
chr16	82505647	82705647	harbor2	chr16	82516366	82516559	DNA/hAT-Charlie	620	+	96	82516462	10815
chr16	82505647	82705647	harbor2	chr16	82545899	82546098	DNA/hAT-Charlie	765	+	100	82545999	40352
chr16	82505647	82705647	harbor2	chr16	82562341	82562583	DNA/hAT-Charlie	1178	+	121	82562462	56815
chr16	82505647	82705647	harbor2	chr16	82578779	82578882	DNA/hAT-Charlie	428	+	52	82578831	73184
chr16	82505647	82705647	harbor2	chr16	82583875	82584178	DNA/hAT-Charlie	1187	+	152	82584027	78380
chr16	82505647	82705647	harbor2	chr16	82592822	82593007	DNA/hAT-Charlie	1125	+	92	82592914	87267
chr16	82505647	82705647	harbor2	chr16	82593020	82593185	DNA/hAT-Charlie	658	+	82	82593102	87455
chr16	73581244	73781244	harbor2	chr16	73625435	73625630	DNA/hAT-Charlie	775	+	98	73625533	44289
chr16	73581244	73781244	harbor2	chr16	73656077	73656268	DNA/hAT-Charlie	910	+	96	73656173	74929
chr16	89347997	89547997	harbor2	chr16	89374318	89374502	DNA/hAT-Charlie	528	+	92	89374410	26413
chr16	89347997	89547997	harbor2	chr16	89395978	89396680	DNA/hAT-Charlie	1296	+	351	89396329	48332
chr16	89347997	89547997	harbor2	chr16	89396978	89397179	DNA/hAT-Charlie	1296	+	100	89397078	49081
chr16	83009664	83209664	harbor2	chr16	83026440	83026670	DNA/hAT-Charlie	628	+	115	83026555	16891
chr16	83009664	83209664	harbor2	chr16	83042183	83042684	DNA/hAT-Charlie	3476	+	250	83042433	32769
chr16	83009664	83209664	harbor2	chr16	83072776	83072845	DNA/hAT-Charlie	493	+	34	83072810	63146
chr16	83009664	83209664	harbor2	chr16	83088870	83089071	DNA/hAT-Charlie	910	+	100	83088970	79306
chr16	84324346	84524346	harbor2	chr16	84362335	84362525	DNA/hAT-Charlie	450	+	95	84362430	38084
chr16	84324346	84524346	harbor2	chr16	84376456	84376649	DNA/hAT-Charlie	1400	+	96	84376552	52206
chr16	84324346	84524346	harbor2	chr16	84379487	84379670	DNA/hAT-Charlie	801	+	92	84379579	55233
chr16	84324346	84524346	harbor2	chr16	84411367	84411439	DNA/hAT-Charlie	440	+	36	84411403	87057
chr16	84324346	84524346	harbor2	chr16	84411742	84411828	DNA/hAT-Charlie	440	+	43	84411785	87439
chr16	80197618	80397618	harbor2	chr16	80201986	80202147	DNA/hAT-Charlie	807	+	80	80202066	4448
chr16	80197618	80397618	harbor2	chr16	80210651	80210849	DNA/hAT-Charlie	904	+	99	80210750	13132
chr16	80197618	80397618	harbor2	chr16	80290239	80290437	DNA/hAT-Charlie	947	+	99	80290338	92720
chr16	80197618	80397618	harbor2	chr16	80199602	80199815	DNA/hAT-Charlie	1202	+	106	80199708	2090
chr16	51091425	51291425	harbor2	chr16	51097063	51097278	DNA/hAT-Charlie	1227	+	108	51097171	5746
chr16	51091425	51291425	harbor2	chr16	51104622	51105039	DNA/hAT-Charlie	909	+	208	51104830	13405
chr16	51091425	51291425	harbor2	chr16	51115601	51115770	DNA/hAT-Charlie	663	+	84	51115685	24260
chr16	51091425	51291425	harbor2	chr16	51122769	51122927	DNA/hAT-Charlie	675	+	79	51122848	31423
chr16	51091425	51291425	harbor2	chr16	51164728	51164940	DNA/hAT-Charlie	1148	+	106	51164834	73409
chr16	51091425	51291425	harbor2	chr16	51173933	51174004	DNA/hAT-Charlie	581	+	36	51173969	82544
chr16	51091425	51291425	harbor2	chr16	51174296	51174384	DNA/hAT-Charlie	581	+	44	51174340	82915
chr16	75062971	75262971	harbor2	chr16	75132516	75132648	DNA/hAT-Charlie	517	+	66	75132582	69611
chr16	75062971	75262971	harbor2	chr16	75132959	75132974	DNA/hAT-Charlie	517	+	8	75132967	69996
chr16	75062971	75262971	harbor2	chr16	75133613	75133662	DNA/hAT-Charlie	517	+	24	75133637	70666
chr16	80687316	80887316	harbor2	chr16	80695082	80695286	DNA/hAT-Charlie	917	+	102	80695184	7868
chr16	80687316	80887316	harbor2	chr16	80723614	80723824	DNA/hAT-Charlie	738	+	105	80723719	36403
chr16	80687316	80887316	harbor2	chr16	80761100	80761251	DNA/hAT-Charlie	630	+	76	80761176	73860
chr16	65614012	65814012	harbor2	chr16	65668152	65668368	DNA/hAT-Charlie	998	+	108	65668260	54248
chr16	65614012	65814012	harbor2	chr16	65680258	65680400	DNA/hAT-Charlie	736	+	71	65680329	66317
chr16	65614012	65814012	harbor2	chr16	65680967	65681109	DNA/hAT-Charlie	525	+	71	65681038	67026
chr16	65614012	65814012	harbor2	chr16	65682017	65682238	DNA/hAT-Charlie	1073	+	110	65682127	68115
chr16	87508778	87708778	harbor2	chr16	87513883	87514231	DNA/hAT-Charlie	876	+	174	87514057	5279
chr16	87508778	87708778	harbor2	chr16	87542433	87542652	DNA/hAT-Charlie	1424	+	110	87542543	33765
chr16	87508778	87708778	harbor2	chr16	87542710	87542822	DNA/hAT-Charlie	596	+	56	87542766	33988
chr16	87508778	87708778	harbor2	chr16	87542814	87543312	DNA/hAT-Charlie	3390	+	249	87543063	34285
chr16	87508778	87708778	harbor2	chr16	87557933	87558126	DNA/hAT-Charlie	568	+	96	87558029	49251
chr16	87508778	87708778	harbor2	chr16	87572921	87573435	DNA/hAT-Charlie	638	+	257	87573178	64400
chr16	87508778	87708778	harbor2	chr16	87575550	87575769	DNA/hAT-Charlie	1047	+	110	87575660	66882
chr16	87508778	87708778	harbor2	chr16	87589379	87589510	DNA/hAT-Charlie	484	+	66	87589445	80667
chr16	65594336	65794336	harbor2	chr16	65612842	65612985	DNA/hAT-Charlie	802	+	72	65612914	18578
chr16	65594336	65794336	harbor2	chr16	65613008	65613147	DNA/hAT-Charlie	648	+	70	65613078	18742
chr16	65594336	65794336	harbor2	chr16	65668152	65668368	DNA/hAT-Charlie	998	+	108	65668260	73924
chr16	65594336	65794336	harbor2	chr16	65680258	65680400	DNA/hAT-Charlie	736	+	71	65680329	85993
chr16	65594336	65794336	harbor2	chr16	65680967	65681109	DNA/hAT-Charlie	525	+	71	65681038	86702
chr16	65594336	65794336	harbor2	chr16	65682017	65682238	DNA/hAT-Charlie	1073	+	110	65682127	87791
chr16	89124862	89324862	harbor2	chr16	89223429	89223608	DNA/hAT-Charlie	473	+	90	89223519	98657
chr16	82125554	82325554	harbor2	chr16	82150550	82150779	DNA/hAT-Charlie	876	+	114	82150664	25110
chr16	82125554	82325554	harbor2	chr16	82157944	82158207	DNA/hAT-Charlie	3880	+	132	82158076	32522
chr16	82125554	82325554	harbor2	chr16	82158524	82159411	DNA/hAT-Charlie	3880	+	444	82158968	33414
chr16	82125554	82325554	harbor2	chr16	82159706	82159771	DNA/hAT-Charlie	3880	+	32	82159738	34184
chr16	82125554	82325554	harbor2	chr16	82166987	82167176	DNA/hAT-Charlie	767	+	94	82167081	41527
chr16	82125554	82325554	harbor2	chr16	82173436	82173567	DNA/hAT-Charlie	586	+	66	82173502	47948
chr16	82125554	82325554	harbor2	chr16	82173852	82173936	DNA/hAT-Charlie	586	+	42	82173894	48340
chr16	82125554	82325554	harbor2	chr16	82173942	82174175	DNA/hAT-Charlie	1005	+	116	82174058	48504
chr16	64645605	64845605	harbor2	chr16	64729106	64729308	DNA/hAT-Charlie	735	+	101	64729207	83602
chr16	64645605	64845605	harbor2	chr16	64729328	64729470	DNA/hAT-Charlie	570	+	71	64729399	83794
chr16	20689644	20889644	harbor2	chr16	20712158	20712322	DNA/hAT-Charlie	968	+	82	20712240	22596
chr16	20689644	20889644	harbor2	chr16	20727825	20728025	DNA/hAT-Charlie	1076	+	100	20727925	38281
chr16	20689644	20889644	harbor2	chr16	20738497	20738663	DNA/hAT-Charlie	644	+	83	20738580	48936
chr16	20689644	20889644	harbor2	chr16	20744022	20744236	DNA/hAT-Charlie	1134	+	107	20744129	54485
chr16	20689644	20889644	harbor2	chr16	20767767	20768102	DNA/hAT-Charlie	1994	+	168	20767935	78291
chr16	20689644	20889644	harbor2	chr16	20770284	20770498	DNA/hAT-Charlie	1075	+	107	20770391	80747
chr16	50045039	50245039	harbor2	chr16	50055850	50056038	DNA/hAT-Charlie	1184	+	94	50055944	10905
chr16	50045039	50245039	harbor2	chr16	50074296	50074340	DNA/hAT-Charlie	441	+	22	50074318	29279
chr16	50045039	50245039	harbor2	chr16	50074640	50074700	DNA/hAT-Charlie	441	+	30	50074670	29631
chr16	50045039	50245039	harbor2	chr16	50074997	50075034	DNA/hAT-Charlie	441	+	18	50075015	29976
chr16	50045039	50245039	harbor2	chr16	50075331	50075406	DNA/hAT-Charlie	441	+	38	50075369	30330
chr16	50045039	50245039	harbor2	chr16	50093406	50093632	DNA/hAT-Charlie	906	+	113	50093519	48480
chr16	50045039	50245039	harbor2	chr16	50103496	50103685	DNA/hAT-Charlie	801	+	94	50103590	58551
chr16	50045039	50245039	harbor2	chr16	50069463	50069682	DNA/hAT-Charlie	1044	+	110	50069573	24534
chr16	71971474	72171474	harbor2	chr16	71971620	71971722	DNA/hAT-Charlie	449	+	51	71971671	197
chr16	50305798	50505798	harbor2	chr16	50376108	50376274	DNA/hAT-Charlie	818	+	83	50376191	70393
chr16	50305798	50505798	harbor2	chr16	50377851	50377885	DNA/hAT-Charlie	446	+	17	50377868	72070
chr16	50305798	50505798	harbor2	chr16	50378192	50378327	DNA/hAT-Charlie	446	+	68	50378260	72462
chr16	90099264	90299264	harbor2	chr16	90158569	90159000	DNA/hAT-Charlie	2991	+	216	90158785	59521
chr16	90099264	90299264	harbor2	chr16	90162317	90162736	DNA/hAT-Charlie	2529	+	210	90162527	63263
chr16	90099264	90299264	harbor2	chr16	90165736	90166155	DNA/hAT-Charlie	2512	+	210	90165946	66682
chr16	74506532	74706532	harbor2	chr16	74537503	74537652	DNA/hAT-Charlie	439	+	74	74537577	31045
chr16	74506532	74706532	harbor2	chr16	74600086	74600253	DNA/hAT-Charlie	593	+	84	74600170	93638
chr16	78399454	78599454	harbor2	chr16	78435890	78436073	DNA/hAT-Charlie	726	+	92	78435982	36528
chr16	78399454	78599454	harbor2	chr16	78472941	78473135	DNA/hAT-Charlie	991	+	97	78473038	73584
chr16	78399454	78599454	harbor2	chr16	78473417	78473544	DNA/hAT-Charlie	991	+	64	78473481	74027
chr16	78399454	78599454	harbor2	chr16	78480797	78481162	DNA/hAT-Charlie	832	+	182	78480979	81525
chr16	83057426	83257426	harbor2	chr16	83072776	83072845	DNA/hAT-Charlie	493	+	34	83072810	15384
chr16	83057426	83257426	harbor2	chr16	83088870	83089071	DNA/hAT-Charlie	910	+	100	83088970	31544
chr16	83057426	83257426	harbor2	chr16	83122075	83122433	DNA/hAT-Charlie	1051	+	179	83122254	64828
chr16	83057426	83257426	harbor2	chr16	83128271	83128445	DNA/hAT-Charlie	858	+	87	83128358	70932
chr16	83057426	83257426	harbor2	chr16	83133157	83133364	DNA/hAT-Charlie	759	+	104	83133261	75835
chr16	83057426	83257426	harbor2	chr16	83155834	83156012	DNA/hAT-Charlie	696	+	89	83155923	98497
chr16	73133967	73333967	harbor2	chr16	73135558	73135858	DNA/hAT-Charlie	667	+	150	73135708	1741
chr16	73133967	73333967	harbor2	chr16	73136140	73136187	DNA/hAT-Charlie	667	+	24	73136164	2197
chr16	73133967	73333967	harbor2	chr16	73148034	73148254	DNA/hAT-Charlie	1150	+	110	73148144	14177
chr16	73133967	73333967	harbor2	chr16	73162084	73162511	DNA/hAT-Charlie	2969	+	214	73162298	28331
chr16	73133967	73333967	harbor2	chr16	73162524	73162612	DNA/hAT-Charlie	563	+	44	73162568	28601
chr16	73133967	73333967	harbor2	chr16	73163377	73163599	DNA/hAT-Charlie	1198	+	111	73163488	29521
chr16	73133967	73333967	harbor2	chr16	73185795	73186316	DNA/hAT-Charlie	3736	+	260	73186055	52088
chr16	73133967	73333967	harbor2	chr16	73211838	73212004	DNA/hAT-Charlie	456	+	83	73211921	77954
chr16	73133967	73333967	harbor2	chr16	73213146	73213286	DNA/hAT-Charlie	476	+	70	73213216	79249
chr16	73133967	73333967	harbor2	chr16	73220430	73220609	DNA/hAT-Charlie	437	+	90	73220520	86553
chr16	27295733	27495733	harbor2	chr16	27305199	27305396	DNA/hAT-Charlie	1221	+	98	27305297	9564
chr16	27295733	27495733	harbor2	chr16	27319683	27319870	DNA/hAT-Charlie	2915	+	94	27319777	24044
chr16	27295733	27495733	harbor2	chr16	27320167	27320397	DNA/hAT-Charlie	2915	+	115	27320282	24549
chr16	27295733	27495733	harbor2	chr16	27331129	27331273	DNA/hAT-Charlie	454	+	72	27331201	35468
chr16	27295733	27495733	harbor2	chr16	27343285	27343363	DNA/hAT-Charlie	613	+	39	27343324	47591
chr16	27295733	27495733	harbor2	chr16	27344357	27344455	DNA/hAT-Charlie	416	+	49	27344406	48673
chr16	27295733	27495733	harbor2	chr16	27374587	27374807	DNA/hAT-Charlie	613	+	110	27374697	78964
chr16	27295733	27495733	harbor2	chr16	27383373	27383556	DNA/hAT-Charlie	796	+	92	27383465	87732
chr16	82951413	83151413	harbor2	chr16	82953367	82953727	DNA/hAT-Charlie	1590	+	180	82953547	2134
chr16	82951413	83151413	harbor2	chr16	82955210	82955574	DNA/hAT-Charlie	1133	+	182	82955392	3979
chr16	82951413	83151413	harbor2	chr16	82961593	82961714	DNA/hAT-Charlie	488	+	60	82961653	10240
chr16	82951413	83151413	harbor2	chr16	82961753	82961964	DNA/hAT-Charlie	1032	+	106	82961859	10446
chr16	82951413	83151413	harbor2	chr16	82999869	82999999	DNA/hAT-Charlie	683	+	65	82999934	48521
chr16	82951413	83151413	harbor2	chr16	83026440	83026670	DNA/hAT-Charlie	628	+	115	83026555	75142
chr16	82951413	83151413	harbor2	chr16	83042183	83042684	DNA/hAT-Charlie	3476	+	250	83042433	91020
chr16	82613937	82813937	harbor2	chr16	82620857	82621164	DNA/hAT-Charlie	521	+	154	82621011	7074
chr16	82613937	82813937	harbor2	chr16	82631944	82632257	DNA/hAT-Charlie	825	+	156	82632100	18163
chr16	82613937	82813937	harbor2	chr16	82634511	82634717	DNA/hAT-Charlie	934	+	103	82634614	20677
chr16	82613937	82813937	harbor2	chr16	82645402	82645615	DNA/hAT-Charlie	871	+	106	82645508	31571
chr16	82613937	82813937	harbor2	chr16	82668565	82668718	DNA/hAT-Charlie	447	+	76	82668641	54704
chr16	82613937	82813937	harbor2	chr16	82684370	82684544	DNA/hAT-Charlie	524	+	87	82684457	70520
chr16	82613937	82813937	harbor2	chr16	82691796	82691980	DNA/hAT-Charlie	694	+	92	82691888	77951
chr16	82613937	82813937	harbor2	chr16	82700064	82700313	DNA/hAT-Charlie	784	+	124	82700188	86251
chr16	10565624	10765624	harbor2	chr16	10590310	10590471	DNA/hAT-Charlie	879	+	80	10590390	24766
chr16	10565624	10765624	harbor2	chr16	10592453	10592665	DNA/hAT-Charlie	604	+	106	10592559	26935
chr16	10565624	10765624	harbor2	chr16	10599162	10599337	DNA/hAT-Charlie	502	+	88	10599250	33626
chr16	10565624	10765624	harbor2	chr16	10607751	10607902	DNA/hAT-Charlie	3182	+	76	10607827	42203
chr16	10565624	10765624	harbor2	chr16	10608214	10608562	DNA/hAT-Charlie	3182	+	174	10608388	42764
chr16	10565624	10765624	harbor2	chr16	10630579	10630735	DNA/hAT-Charlie	668	+	78	10630657	65033
chr16	10565624	10765624	harbor2	chr16	10632139	10632293	DNA/hAT-Charlie	757	+	77	10632216	66592
chr16	10565624	10765624	harbor2	chr16	10643507	10643756	DNA/hAT-Charlie	1102	+	124	10643631	78007
chr16	10565624	10765624	harbor2	chr16	10644068	10644157	DNA/hAT-Charlie	1102	+	44	10644112	78488
chr16	10565624	10765624	harbor2	chr16	10648659	10648936	DNA/hAT-Charlie	644	+	138	10648797	83173
chr16	10565624	10765624	harbor2	chr16	10661333	10661480	DNA/hAT-Charlie	591	+	74	10661407	95783
chr16	10565624	10765624	harbor2	chr16	10664508	10664655	DNA/hAT-Charlie	555	+	74	10664582	98958
chr16	51621469	51821469	harbor2	chr16	51631226	51631557	DNA/hAT-Charlie	1429	+	166	51631392	9923
chr16	51621469	51821469	harbor2	chr16	51633441	51633637	DNA/hAT-Charlie	2303	+	98	51633539	12070
chr16	51621469	51821469	harbor2	chr16	51633944	51634310	DNA/hAT-Charlie	2303	+	183	51634127	12658
chr16	51621469	51821469	harbor2	chr16	51676986	51677071	DNA/hAT-Charlie	449	+	42	51677028	55559
chr16	51621469	51821469	harbor2	chr16	51687887	51688092	DNA/hAT-Charlie	472	+	102	51687989	66520
chr16	51621469	51821469	harbor2	chr16	51710524	51710650	DNA/hAT-Charlie	502	+	63	51710587	89118
chr16	64909815	65109815	harbor2	chr16	64934238	64934447	DNA/hAT-Charlie	576	+	104	64934342	24527
chr16	64909815	65109815	harbor2	chr16	64972368	64972537	DNA/hAT-Charlie	570	+	84	64972452	62637
chr16	64909815	65109815	harbor2	chr16	64982798	64983097	DNA/hAT-Charlie	530	+	150	64982948	73133
chr16	64909815	65109815	harbor2	chr16	64985628	64985872	DNA/hAT-Charlie	687	+	122	64985750	75935
chr16	77612590	77812590	harbor2	chr16	77659663	77659977	DNA/hAT-Charlie	959	+	157	77659820	47230
chr16	77612590	77812590	harbor2	chr16	77661941	77662076	DNA/hAT-Charlie	773	+	68	77662009	49419
chr16	77612590	77812590	harbor2	chr16	77665000	77665114	DNA/hAT-Charlie	529	+	57	77665057	52467
chr16	77612590	77812590	harbor2	chr16	77665118	77665503	DNA/hAT-Charlie	1477	+	192	77665310	52720
chr16	77612590	77812590	harbor2	chr16	77710239	77710431	DNA/hAT-Charlie	893	+	96	77710335	97745
chr16	83433773	83633773	harbor2	chr16	83435983	83436157	DNA/hAT-Charlie	672	+	87	83436070	2297
chr16	83433773	83633773	harbor2	chr16	83477752	83477899	DNA/hAT-Charlie	522	+	74	83477826	44053
chr16	83433773	83633773	harbor2	chr16	83478174	83478375	DNA/hAT-Charlie	522	+	100	83478274	44501
chr16	83433773	83633773	harbor2	chr16	83479726	83479959	DNA/hAT-Charlie	678	+	116	83479842	46069
chr16	83433773	83633773	harbor2	chr16	83487195	83487485	DNA/hAT-Charlie	516	+	145	83487340	53567
chr16	83433773	83633773	harbor2	chr16	83512775	83512939	DNA/hAT-Charlie	631	+	82	83512857	79084
chr16	79614129	79814129	harbor2	chr16	79648476	79648803	DNA/hAT-Charlie	1201	+	164	79648640	34511
chr16	79614129	79814129	harbor2	chr16	79649216	79649404	DNA/hAT-Charlie	964	+	94	79649310	35181
chr16	79614129	79814129	harbor2	chr16	79649900	79650113	DNA/hAT-Charlie	1104	+	106	79650006	35877
chr16	79614129	79814129	harbor2	chr16	79703213	79703397	DNA/hAT-Charlie	774	+	92	79703305	89176
chr16	79614129	79814129	harbor2	chr16	79703532	79703701	DNA/hAT-Charlie	774	+	84	79703616	89487
chr16	79614129	79814129	harbor2	chr16	79705744	79705975	DNA/hAT-Charlie	691	+	116	79705860	91731
chr16	79614129	79814129	harbor2	chr16	79711276	79711487	DNA/hAT-Charlie	1105	+	106	79711382	97253
chr16	67349501	67549501	harbor2	chr16	67380809	67380941	DNA/hAT-Charlie	670	+	66	67380875	31374
chr16	67349501	67549501	harbor2	chr16	67382860	67382938	DNA/hAT-Charlie	530	+	39	67382899	33398
chr16	69191513	69391513	harbor2	chr16	69194064	69194244	DNA/hAT-Charlie	586	+	90	69194154	2641
chr16	69191513	69391513	harbor2	chr16	69249778	69249816	DNA/hAT-Charlie	634	+	19	69249797	58284
chr16	69191513	69391513	harbor2	chr16	69250105	69250318	DNA/hAT-Charlie	634	+	106	69250211	58698
chr16	69191513	69391513	harbor2	chr16	69276636	69277740	DNA/hAT-Charlie	5075	+	552	69277188	85675
chr16	61692513	61892513	harbor2	chr16	61693264	61693461	DNA/hAT-Charlie	668	+	98	61693362	849
chr16	61692513	61892513	harbor2	chr16	61716434	61716567	DNA/hAT-Charlie	481	+	66	61716500	23987
chr16	61692513	61892513	harbor2	chr16	61762519	61762698	DNA/hAT-Charlie	586	+	90	61762609	70096
chr16	61692513	61892513	harbor2	chr16	61762805	61762927	DNA/hAT-Charlie	627	+	61	61762866	70353
chr16	61692513	61892513	harbor2	chr16	61772732	61772871	DNA/hAT-Charlie	660	+	70	61772802	80289
chr16	89877231	90077231	harbor2	chr16	89899354	89899449	DNA/hAT-Charlie	414	+	48	89899402	22171
chr16	89877231	90077231	harbor2	chr16	89899747	89899793	DNA/hAT-Charlie	414	+	23	89899770	22539
chr16	58071046	58271046	harbor2	chr16	58081854	58082018	DNA/hAT-Charlie	445	+	82	58081936	10890
chr16	58071046	58271046	harbor2	chr16	58103962	58104066	DNA/hAT-Charlie	784	+	52	58104014	32968
chr16	58071046	58271046	harbor2	chr16	58104365	58104420	DNA/hAT-Charlie	784	+	28	58104393	33347
chr16	58071046	58271046	harbor2	chr16	58104519	58104669	DNA/hAT-Charlie	632	+	75	58104594	33548
chr16	58071046	58271046	harbor2	chr16	58104977	58105018	DNA/hAT-Charlie	632	+	20	58104997	33951
chr16	58071046	58271046	harbor2	chr16	58137297	58137413	DNA/hAT-Charlie	648	+	58	58137355	66309
chr16	86864969	87064969	harbor2	chr16	86868459	86868596	DNA/hAT-Charlie	424	+	68	86868527	3558
chr16	86864969	87064969	harbor2	chr16	86885000	86885231	DNA/hAT-Charlie	723	+	116	86885116	20147
chr16	86864969	87064969	harbor2	chr16	86886683	86886869	DNA/hAT-Charlie	819	+	93	86886776	21807
chr16	86864969	87064969	harbor2	chr16	86945693	86946098	DNA/hAT-Charlie	963	+	202	86945895	80926
chr16	83964755	84164755	harbor2	chr16	84059907	84060060	DNA/hAT-Charlie	498	+	76	84059983	95228
chr16	88079771	88279771	harbor2	chr16	88160147	88160373	DNA/hAT-Charlie	508	+	113	88160260	80489
chr16	88079771	88279771	harbor2	chr16	88179559	88179695	DNA/hAT-Charlie	557	+	68	88179627	99856
chr16	83175068	83375068	harbor2	chr16	83176994	83177178	DNA/hAT-Charlie	918	+	92	83177086	2018
chr16	83175068	83375068	harbor2	chr16	83225006	83225177	DNA/hAT-Charlie	756	+	86	83225092	50024
chr16	83175068	83375068	harbor2	chr16	83225642	83225814	DNA/hAT-Charlie	804	+	86	83225728	50660
chr16	83175068	83375068	harbor2	chr16	83228152	83228294	DNA/hAT-Charlie	588	+	71	83228223	53155
chr16	83175068	83375068	harbor2	chr16	83231620	83231749	DNA/hAT-Charlie	572	+	64	83231684	56616
chr16	83175068	83375068	harbor2	chr16	83237412	83237619	DNA/hAT-Charlie	784	+	104	83237516	62448
chr16	83175068	83375068	harbor2	chr16	83252697	83252836	DNA/hAT-Charlie	449	+	70	83252767	77699
chr16	83175068	83375068	harbor2	chr16	83261328	83261447	DNA/hAT-Charlie	536	+	60	83261388	86320
chr16	83175068	83375068	harbor2	chr16	83261563	83261663	DNA/hAT-Charlie	548	+	50	83261613	86545
chr16	75515300	75715300	harbor2	chr16	75612888	75613073	DNA/hAT-Charlie	1076	+	92	75612980	97680
chr16	27197045	27397045	harbor2	chr16	27271337	27271414	DNA/hAT-Charlie	518	+	38	27271375	74330
chr16	27197045	27397045	harbor2	chr16	27271760	27271906	DNA/hAT-Charlie	518	+	73	27271833	74788
chr16	27197045	27397045	harbor2	chr16	27281532	27281671	DNA/hAT-Charlie	525	+	70	27281602	84557
chr16	70161004	70361004	harbor2	chr16	70190135	70190283	DNA/hAT-Charlie	715	+	74	70190209	29205
chr16	70161004	70361004	harbor2	chr16	70209179	70209568	DNA/hAT-Charlie	1994	+	194	70209373	48369
chr16	70161004	70361004	harbor2	chr16	70259439	70259488	DNA/hAT-Charlie	770	+	24	70259463	98459
chr16	70161004	70361004	harbor2	chr16	70259752	70259778	DNA/hAT-Charlie	770	+	13	70259765	98761
chr16	70161004	70361004	harbor2	chr16	70260072	70260237	DNA/hAT-Charlie	770	+	82	70260154	99150
chr16	85607493	85807493	harbor2	chr16	85617468	85617644	DNA/hAT-Charlie	466	+	88	85617556	10063
chr16	85607493	85807493	harbor2	chr16	85697990	85698134	DNA/hAT-Charlie	518	+	72	85698062	90569
chr16	56536773	56736773	harbor2	chr16	56549621	56549944	DNA/hAT-Charlie	930	+	162	56549783	13010
chr16	88897369	89097369	harbor2	chr16	88933980	88934099	DNA/hAT-Charlie	414	+	60	88934040	36671
chr16	80249266	80449266	harbor2	chr16	80290239	80290437	DNA/hAT-Charlie	947	+	99	80290338	41072
chr16	80249266	80449266	harbor2	chr16	80302181	80302276	DNA/hAT-Charlie	414	+	48	80302229	52963
chr16	80249266	80449266	harbor2	chr16	80318274	80318492	DNA/hAT-Charlie	1486	+	109	80318383	69117
chr16	80249266	80449266	harbor2	chr16	80345082	80345243	DNA/hAT-Charlie	604	+	80	80345162	95896
chr16	59781518	59981518	harbor2	chr16	59845867	59846021	DNA/hAT-Charlie	657	+	77	59845944	64426
chr16	77373932	77573932	harbor2	chr16	77386514	77386646	DNA/hAT-Charlie	423	+	66	77386580	12648
chr16	77373932	77573932	harbor2	chr16	77397664	77397976	DNA/hAT-Charlie	531	+	156	77397820	23888
chr16	77373932	77573932	harbor2	chr16	77418355	77418547	DNA/hAT-Charlie	906	+	96	77418451	44519
chr16	77373932	77573932	harbor2	chr16	77426327	77426475	DNA/hAT-Charlie	544	+	74	77426401	52469
chr16	77373932	77573932	harbor2	chr16	77442898	77443041	DNA/hAT-Charlie	515	+	72	77442970	69038
chr16	77373932	77573932	harbor2	chr16	77448275	77448485	DNA/hAT-Charlie	1043	+	105	77448380	74448
chr16	77373932	77573932	harbor2	chr16	77451428	77451616	DNA/hAT-Charlie	922	+	94	77451522	77590
chr16	77373932	77573932	harbor2	chr16	77468907	77469304	DNA/hAT-Charlie	547	+	198	77469105	95173
chr16	77373932	77573932	harbor2	chr16	77414304	77414597	DNA/hAT-Charlie	1065	+	146	77414450	40518
chr16	56085230	56285230	harbor2	chr16	56088191	56088527	DNA/hAT-Charlie	2101	+	168	56088359	3129
chr16	56085230	56285230	harbor2	chr16	56140964	56141304	DNA/hAT-Charlie	1665	+	170	56141134	55904
chr16	56085230	56285230	harbor2	chr16	56145250	56145469	DNA/hAT-Charlie	1653	+	110	56145360	60130
chr16	56085230	56285230	harbor2	chr16	56148451	56148515	DNA/hAT-Charlie	435	+	32	56148483	63253
chr16	56085230	56285230	harbor2	chr16	56168444	56168624	DNA/hAT-Charlie	747	+	90	56168534	83304
chr16	82627225	82827225	harbor2	chr16	82631944	82632257	DNA/hAT-Charlie	825	+	156	82632100	4875
chr16	82627225	82827225	harbor2	chr16	82634511	82634717	DNA/hAT-Charlie	934	+	103	82634614	7389
chr16	82627225	82827225	harbor2	chr16	82645402	82645615	DNA/hAT-Charlie	871	+	106	82645508	18283
chr16	82627225	82827225	harbor2	chr16	82668565	82668718	DNA/hAT-Charlie	447	+	76	82668641	41416
chr16	82627225	82827225	harbor2	chr16	82684370	82684544	DNA/hAT-Charlie	524	+	87	82684457	57232
chr16	82627225	82827225	harbor2	chr16	82691796	82691980	DNA/hAT-Charlie	694	+	92	82691888	64663
chr16	82627225	82827225	harbor2	chr16	82700064	82700313	DNA/hAT-Charlie	784	+	124	82700188	72963
chr16	20665978	20865978	harbor2	chr16	20682555	20682704	DNA/hAT-Charlie	548	+	74	20682629	16651
chr16	20665978	20865978	harbor2	chr16	20712158	20712322	DNA/hAT-Charlie	968	+	82	20712240	46262
chr16	20665978	20865978	harbor2	chr16	20727825	20728025	DNA/hAT-Charlie	1076	+	100	20727925	61947
chr16	20665978	20865978	harbor2	chr16	20738497	20738663	DNA/hAT-Charlie	644	+	83	20738580	72602
chr16	20665978	20865978	harbor2	chr16	20744022	20744236	DNA/hAT-Charlie	1134	+	107	20744129	78151
chr16	24390079	24590079	harbor2	chr16	24391482	24391633	DNA/hAT-Charlie	805	+	76	24391558	1479
chr16	24390079	24590079	harbor2	chr16	24465589	24465807	DNA/hAT-Charlie	1100	+	109	24465698	75619
chr16	81122240	81322240	harbor2	chr16	81124001	81124157	DNA/hAT-Charlie	902	+	78	81124079	1839
chr16	81122240	81322240	harbor2	chr16	81124458	81124485	DNA/hAT-Charlie	902	+	14	81124472	2232
chr16	81122240	81322240	harbor2	chr16	81198279	81198481	DNA/hAT-Charlie	909	+	101	81198380	76140
chr16	88850236	89050236	harbor2	chr16	88933980	88934099	DNA/hAT-Charlie	414	+	60	88934040	83804
chr16	80606320	80806320	harbor2	chr16	80623477	80623640	DNA/hAT-Charlie	678	+	82	80623559	17239
chr16	80606320	80806320	harbor2	chr16	80662623	80662655	DNA/hAT-Charlie	457	+	16	80662639	56319
chr16	80606320	80806320	harbor2	chr16	80662696	80662781	DNA/hAT-Charlie	420	+	42	80662738	56418
chr16	80606320	80806320	harbor2	chr16	80679799	80679981	DNA/hAT-Charlie	685	+	91	80679890	73570
chr16	80606320	80806320	harbor2	chr16	80695082	80695286	DNA/hAT-Charlie	917	+	102	80695184	88864
chr16	81021343	81221343	harbor2	chr16	81035053	81035191	DNA/hAT-Charlie	424	+	69	81035122	13779
chr16	81021343	81221343	harbor2	chr16	81056954	81057154	DNA/hAT-Charlie	990	+	100	81057054	35711
chr16	81021343	81221343	harbor2	chr16	81066204	81066344	DNA/hAT-Charlie	479	+	70	81066274	44931
chr16	72258615	72458615	harbor2	chr16	72278094	72278244	DNA/hAT-Charlie	482	+	75	72278169	19554
chr16	72258615	72458615	harbor2	chr16	72280776	72281168	DNA/hAT-Charlie	1169	+	196	72280972	22357
chr16	72258615	72458615	harbor2	chr16	72347761	72347970	DNA/hAT-Charlie	777	+	104	72347865	89250
chr16	88915749	89115749	harbor2	chr16	88933980	88934099	DNA/hAT-Charlie	414	+	60	88934040	18291
chr16	53009274	53209274	harbor2	chr16	53062120	53062452	DNA/hAT-Charlie	722	+	166	53062286	53012
chr16	53009274	53209274	harbor2	chr16	53084939	53085201	DNA/hAT-Charlie	811	+	131	53085070	75796
chr16	86782651	86982651	harbor2	chr16	86787435	86787630	DNA/hAT-Charlie	627	+	98	86787533	4882
chr16	86782651	86982651	harbor2	chr16	86809536	86809693	DNA/hAT-Charlie	428	+	78	86809614	26963
chr16	86782651	86982651	harbor2	chr16	86817038	86817205	DNA/hAT-Charlie	566	+	84	86817122	34471
chr16	86782651	86982651	harbor2	chr16	86818399	86818526	DNA/hAT-Charlie	515	+	64	86818463	35812
chr16	86782651	86982651	harbor2	chr16	86819514	86819671	DNA/hAT-Charlie	421	+	78	86819592	36941
chr16	86782651	86982651	harbor2	chr16	86826355	86826599	DNA/hAT-Charlie	479	+	122	86826477	43826
chr16	86782651	86982651	harbor2	chr16	86831497	86831836	DNA/hAT-Charlie	2208	+	170	86831667	49016
chr16	86782651	86982651	harbor2	chr16	86849851	86850032	DNA/hAT-Charlie	520	+	90	86849941	67290
chr16	86782651	86982651	harbor2	chr16	86868459	86868596	DNA/hAT-Charlie	424	+	68	86868527	85876
chr17	78086603	78286603	harbor2	chr17	78090062	78090380	DNA/hAT-Charlie	721	+	159	78090221	3618
chr17	78995374	79195374	harbor2	chr17	79002104	79002255	DNA/hAT-Charlie	983	+	76	79002180	6806
chr17	78995374	79195374	harbor2	chr17	79033148	79033319	DNA/hAT-Charlie	522	+	86	79033234	37860
chr17	78995374	79195374	harbor2	chr17	79036090	79036174	DNA/hAT-Charlie	1144	+	42	79036132	40758
chr17	78995374	79195374	harbor2	chr17	79036475	79036609	DNA/hAT-Charlie	1144	+	67	79036542	41168
chr17	78995374	79195374	harbor2	chr17	79039162	79039369	DNA/hAT-Charlie	963	+	104	79039266	43892
chr17	77138558	77338558	harbor2	chr17	77176969	77177162	DNA/hAT-Charlie	760	+	96	77177065	38507
chr17	8644596	8844596	harbor2	chr17	8733860	8734328	DNA/hAT-Charlie	1857	+	234	8734094	89498
chr17	8644596	8844596	harbor2	chr17	8734821	8734997	DNA/hAT-Charlie	766	+	88	8734909	90313
chr17	54893005	55093005	harbor2	chr17	54896004	54896141	DNA/hAT-Charlie	525	+	68	54896072	3067
chr17	54893005	55093005	harbor2	chr17	54928517	54928704	DNA/hAT-Charlie	887	+	94	54928611	35606
chr17	54893005	55093005	harbor2	chr17	54976551	54976888	DNA/hAT-Charlie	2267	+	168	54976719	83714
chr17	54893005	55093005	harbor2	chr17	54980829	54981069	DNA/hAT-Charlie	1315	+	120	54980949	87944
chr17	54893005	55093005	harbor2	chr17	54990230	54990727	DNA/hAT-Charlie	2963	+	248	54990478	97473
chr17	77021489	77221489	harbor2	chr17	77061087	77061204	DNA/hAT-Charlie	674	+	58	77061145	39656
chr17	77021489	77221489	harbor2	chr17	77061501	77061565	DNA/hAT-Charlie	674	+	32	77061533	40044
chr17	77021489	77221489	harbor2	chr17	77074506	77074767	DNA/hAT-Charlie	1232	+	130	77074636	53147
chr17	77021489	77221489	harbor2	chr17	77078603	77078705	DNA/hAT-Charlie	546	+	51	77078654	57165
chr17	77021489	77221489	harbor2	chr17	77078997	77079057	DNA/hAT-Charlie	546	+	30	77079027	57538
chr17	77021489	77221489	harbor2	chr17	77081304	77081515	DNA/hAT-Charlie	1025	+	106	77081410	59921
chr17	77021489	77221489	harbor2	chr17	77082097	77082204	DNA/hAT-Charlie	1025	+	54	77082151	60662
chr17	77021489	77221489	harbor2	chr17	77091468	77091648	DNA/hAT-Charlie	571	+	90	77091558	70069
chr17	70396397	70596397	harbor2	chr17	70405190	70405355	DNA/hAT-Charlie	661	+	82	70405272	8875
chr17	70396397	70596397	harbor2	chr17	70443496	70443824	DNA/hAT-Charlie	2129	+	164	70443660	47263
chr17	70396397	70596397	harbor2	chr17	70477060	70477273	DNA/hAT-Charlie	528	+	106	70477166	80769
chr17	63853321	64053321	harbor2	chr17	63869587	63869755	DNA/hAT-Charlie	608	+	84	63869671	16350
chr17	63853321	64053321	harbor2	chr17	63892479	63892647	DNA/hAT-Charlie	599	+	84	63892563	39242
chr17	63853321	64053321	harbor2	chr17	63907229	63907397	DNA/hAT-Charlie	603	+	84	63907313	53992
chr17	51367844	51567844	harbor2	chr17	51406382	51406588	DNA/hAT-Charlie	1122	+	103	51406485	38641
chr17	51367844	51567844	harbor2	chr17	51424285	51424812	DNA/hAT-Charlie	2299	+	264	51424549	56705
chr17	51367844	51567844	harbor2	chr17	51440625	51440788	DNA/hAT-Charlie	676	+	82	51440707	72863
chr17	63754062	63954062	harbor2	chr17	63801962	63802485	DNA/hAT-Charlie	3621	+	262	63802224	48162
chr17	63754062	63954062	harbor2	chr17	63802601	63802628	DNA/hAT-Charlie	3621	+	14	63802615	48553
chr17	63754062	63954062	harbor2	chr17	63802926	63803306	DNA/hAT-Charlie	3621	+	190	63803116	49054
chr17	63754062	63954062	harbor2	chr17	63803587	63803636	DNA/hAT-Charlie	3621	+	24	63803611	49549
chr17	63754062	63954062	harbor2	chr17	63803950	63804118	DNA/hAT-Charlie	3621	+	84	63804034	49972
chr17	63754062	63954062	harbor2	chr17	63815912	63816032	DNA/hAT-Charlie	531	+	60	63815972	61910
chr17	81826041	82026041	harbor2	chr17	81861662	81861750	DNA/hAT-Charlie	589	+	44	81861706	35665
chr17	81826041	82026041	harbor2	chr17	81862059	81862173	DNA/hAT-Charlie	589	+	57	81862116	36075
chr17	81826041	82026041	harbor2	chr17	81862791	81862868	DNA/hAT-Charlie	589	+	38	81862829	36788
chr17	60785580	60985580	harbor2	chr17	60828859	60829067	DNA/hAT-Charlie	805	+	104	60828963	43383
chr17	75401213	75601213	harbor2	chr17	75453871	75453952	DNA/hAT-Charlie	615	+	40	75453911	52698
chr17	78956998	79156998	harbor2	chr17	79002104	79002255	DNA/hAT-Charlie	983	+	76	79002180	45182
chr17	78956998	79156998	harbor2	chr17	79033148	79033319	DNA/hAT-Charlie	522	+	86	79033234	76236
chr17	78956998	79156998	harbor2	chr17	79036090	79036174	DNA/hAT-Charlie	1144	+	42	79036132	79134
chr17	78956998	79156998	harbor2	chr17	79036475	79036609	DNA/hAT-Charlie	1144	+	67	79036542	79544
chr17	78956998	79156998	harbor2	chr17	79039162	79039369	DNA/hAT-Charlie	963	+	104	79039266	82268
chr17	66501035	66701035	harbor2	chr17	66526937	66527147	DNA/hAT-Charlie	629	+	105	66527042	26007
chr17	66501035	66701035	harbor2	chr17	66563717	66563961	DNA/hAT-Charlie	710	+	122	66563839	62804
chr17	61475727	61675727	harbor2	chr17	61481139	61481448	DNA/hAT-Charlie	1557	+	154	61481293	5566
chr17	46315256	46515256	harbor2	chr17	46385670	46385852	DNA/hAT-Charlie	817	+	91	46385761	70505
chr17	44295669	44495669	harbor2	chr17	44331468	44331754	DNA/hAT-Charlie	687	+	143	44331611	35942
chr17	44295669	44495669	harbor2	chr17	44356924	44357069	DNA/hAT-Charlie	658	+	72	44356996	61327
chr17	44295669	44495669	harbor2	chr17	44357658	44357722	DNA/hAT-Charlie	658	+	32	44357690	62021
chr17	47312362	47512362	harbor2	chr17	47314618	47314804	DNA/hAT-Charlie	1064	+	93	47314711	2349
chr17	47312362	47512362	harbor2	chr17	47349079	47349396	DNA/hAT-Charlie	1109	+	158	47349237	36875
chr17	47312362	47512362	harbor2	chr17	47408715	47408903	DNA/hAT-Charlie	1032	+	94	47408809	96447
chr17	68911608	69111608	harbor2	chr17	68972253	68972442	DNA/hAT-Charlie	749	+	94	68972347	60739
chr17	68911608	69111608	harbor2	chr17	68986698	68986922	DNA/hAT-Charlie	975	+	112	68986810	75202
chr17	68059653	68259653	harbor2	chr17	68065288	68065635	DNA/hAT-Charlie	774	+	174	68065462	5809
chr17	68059653	68259653	harbor2	chr17	68074477	68074630	DNA/hAT-Charlie	562	+	76	68074553	14900
chr17	69225434	69425434	harbor2	chr17	69236749	69236927	DNA/hAT-Charlie	1006	+	89	69236838	11404
chr17	69225434	69425434	harbor2	chr17	69293416	69293432	DNA/hAT-Charlie	547	+	8	69293424	67990
chr17	69225434	69425434	harbor2	chr17	69293931	69294027	DNA/hAT-Charlie	547	+	48	69293979	68545
chr17	69225434	69425434	harbor2	chr17	69300464	69300671	DNA/hAT-Charlie	774	+	104	69300568	75134
chr17	69225434	69425434	harbor2	chr17	69323813	69324109	DNA/hAT-Charlie	1580	+	148	69323961	98527
chr17	62734858	62934858	harbor2	chr17	62751326	62751485	DNA/hAT-Charlie	696	+	80	62751406	16548
chr17	62734858	62934858	harbor2	chr17	62772693	62772895	DNA/hAT-Charlie	1113	+	101	62772794	37936
chr17	62734858	62934858	harbor2	chr17	62772882	62773090	DNA/hAT-Charlie	904	+	104	62772986	38128
chr17	62734858	62934858	harbor2	chr17	62779743	62779814	DNA/hAT-Charlie	759	+	36	62779779	44921
chr17	62734858	62934858	harbor2	chr17	62780126	62780277	DNA/hAT-Charlie	759	+	76	62780202	45344
chr17	50943912	51143912	harbor2	chr17	50948479	50948625	DNA/hAT-Charlie	720	+	73	50948552	4640
chr17	50943912	51143912	harbor2	chr17	50948675	50948753	DNA/hAT-Charlie	720	+	39	50948714	4802
chr17	50943912	51143912	harbor2	chr17	50949041	50949123	DNA/hAT-Charlie	720	+	41	50949082	5170
chr17	50943912	51143912	harbor2	chr17	50952916	50953101	DNA/hAT-Charlie	821	+	92	50953008	9096
chr17	50943912	51143912	harbor2	chr17	50985075	50985274	DNA/hAT-Charlie	731	+	100	50985175	41263
chr17	50943912	51143912	harbor2	chr17	50986132	50986326	DNA/hAT-Charlie	749	+	97	50986229	42317
chr17	50943912	51143912	harbor2	chr17	51022394	51022541	DNA/hAT-Charlie	574	+	74	51022468	78556
chr17	50943912	51143912	harbor2	chr17	51043445	51043611	DNA/hAT-Charlie	503	+	83	51043528	99616
chr17	68581170	68781170	harbor2	chr17	68628876	68629108	DNA/hAT-Charlie	1531	+	116	68628992	47822
chr17	82959588	83159588	harbor2	chr17	83015612	83015938	DNA/hAT-Charlie	1768	+	163	83015775	56187
chr17	82959588	83159588	harbor2	chr17	83040092	83040262	DNA/hAT-Charlie	794	+	85	83040177	80589
chr17	39291348	39491348	harbor2	chr17	39350748	39350948	DNA/hAT-Charlie	602	+	100	39350848	59500
chr17	76005839	76205839	harbor2	chr17	76029995	76030100	DNA/hAT-Charlie	889	+	52	76030047	24208
chr17	76005839	76205839	harbor2	chr17	76030410	76030484	DNA/hAT-Charlie	889	+	37	76030447	24608
chr17	76005839	76205839	harbor2	chr17	76030735	76030828	DNA/hAT-Charlie	889	+	46	76030781	24942
chr17	76005839	76205839	harbor2	chr17	76043385	76043558	DNA/hAT-Charlie	563	+	86	76043471	37632
chr17	79070439	79270439	harbor2	chr17	79156560	79156761	DNA/hAT-Charlie	713	+	100	79156660	86221
chr17	77056692	77256692	harbor2	chr17	77061087	77061204	DNA/hAT-Charlie	674	+	58	77061145	4453
chr17	77056692	77256692	harbor2	chr17	77061501	77061565	DNA/hAT-Charlie	674	+	32	77061533	4841
chr17	77056692	77256692	harbor2	chr17	77074506	77074767	DNA/hAT-Charlie	1232	+	130	77074636	17944
chr17	77056692	77256692	harbor2	chr17	77078603	77078705	DNA/hAT-Charlie	546	+	51	77078654	21962
chr17	77056692	77256692	harbor2	chr17	77078997	77079057	DNA/hAT-Charlie	546	+	30	77079027	22335
chr17	77056692	77256692	harbor2	chr17	77081304	77081515	DNA/hAT-Charlie	1025	+	106	77081410	24718
chr17	77056692	77256692	harbor2	chr17	77082097	77082204	DNA/hAT-Charlie	1025	+	54	77082151	25459
chr17	77056692	77256692	harbor2	chr17	77091468	77091648	DNA/hAT-Charlie	571	+	90	77091558	34866
chr17	41415217	41615217	harbor2	chr17	41445517	41445684	DNA/hAT-Charlie	715	+	84	41445601	30384
chr17	41415217	41615217	harbor2	chr17	41445985	41446045	DNA/hAT-Charlie	715	+	30	41446015	30798
chr17	41415217	41615217	harbor2	chr17	41446580	41446723	DNA/hAT-Charlie	728	+	72	41446652	31435
chr17	41415217	41615217	harbor2	chr17	41474600	41474763	DNA/hAT-Charlie	890	+	82	41474682	59465
chr17	41415217	41615217	harbor2	chr17	41506688	41506884	DNA/hAT-Charlie	1008	+	98	41506786	91569
chr17	77555298	77755298	harbor2	chr17	77572599	77572777	DNA/hAT-Charlie	608	+	89	77572688	17390
chr17	77555298	77755298	harbor2	chr17	77584137	77584338	DNA/hAT-Charlie	789	+	100	77584237	28939
chr17	73010629	73210629	harbor2	chr17	73013585	73013781	DNA/hAT-Charlie	1184	+	98	73013683	3054
chr17	73010629	73210629	harbor2	chr17	73031980	73032203	DNA/hAT-Charlie	1160	+	112	73032092	21463
chr17	73010629	73210629	harbor2	chr17	73090963	73091122	DNA/hAT-Charlie	699	+	80	73091043	80414
chr17	65549168	65749168	harbor2	chr17	65614719	65614914	DNA/hAT-Charlie	850	+	98	65614817	65649
chr17	65549168	65749168	harbor2	chr17	65625791	65626143	DNA/hAT-Charlie	2114	+	176	65625967	76799
chr17	73930199	74130199	harbor2	chr17	73946129	73946251	DNA/hAT-Charlie	1769	+	61	73946190	15991
chr17	73930199	74130199	harbor2	chr17	73946567	73946772	DNA/hAT-Charlie	1769	+	102	73946669	16470
chr17	73930199	74130199	harbor2	chr17	73993079	73993301	DNA/hAT-Charlie	1043	+	111	73993190	62991
chr17	73930199	74130199	harbor2	chr17	74007733	74007865	DNA/hAT-Charlie	569	+	66	74007799	77600
chr17	73930199	74130199	harbor2	chr17	74007884	74007985	DNA/hAT-Charlie	717	+	50	74007934	77735
chr17	73930199	74130199	harbor2	chr17	74008288	74008358	DNA/hAT-Charlie	717	+	35	74008323	78124
chr17	83009957	83209957	harbor2	chr17	83015612	83015938	DNA/hAT-Charlie	1768	+	163	83015775	5818
chr17	83009957	83209957	harbor2	chr17	83040092	83040262	DNA/hAT-Charlie	794	+	85	83040177	30220
chr17	9610096	9810096	harbor2	chr17	9634292	9634362	DNA/hAT-Charlie	784	+	35	9634327	24231
chr17	9610096	9810096	harbor2	chr17	9634607	9634617	DNA/hAT-Charlie	784	+	5	9634612	24516
chr17	9610096	9810096	harbor2	chr17	9634770	9634963	DNA/hAT-Charlie	784	+	96	9634866	24770
chr17	9610096	9810096	harbor2	chr17	9679694	9679901	DNA/hAT-Charlie	599	+	104	9679798	69702
chr17	9610096	9810096	harbor2	chr17	9694413	9694601	DNA/hAT-Charlie	680	+	94	9694507	84411
chr17	9610096	9810096	harbor2	chr17	9694924	9695014	DNA/hAT-Charlie	680	+	45	9694969	84873
chr17	9610096	9810096	harbor2	chr17	9708574	9708620	DNA/hAT-Charlie	593	+	23	9708597	98501
chr17	9610096	9810096	harbor2	chr17	9708927	9709099	DNA/hAT-Charlie	593	+	86	9709013	98917
chr17	82627439	82827439	harbor2	chr17	82642151	82642464	DNA/hAT-Charlie	1717	+	156	82642307	14868
chr17	82627439	82827439	harbor2	chr17	82642828	82642961	DNA/hAT-Charlie	537	+	66	82642894	15455
chr17	76941416	77141416	harbor2	chr17	76951415	76951624	DNA/hAT-Charlie	654	+	104	76951519	10103
chr17	76941416	77141416	harbor2	chr17	76979500	76979602	DNA/hAT-Charlie	702	+	51	76979551	38135
chr17	76941416	77141416	harbor2	chr17	77002996	77003090	DNA/hAT-Charlie	570	+	47	77003043	61627
chr17	59609167	59809167	harbor2	chr17	59623754	59623923	DNA/hAT-Charlie	684	+	84	59623838	14671
chr17	66777552	66977552	harbor2	chr17	66812503	66812714	DNA/hAT-Charlie	873	+	106	66812609	35057
chr17	66777552	66977552	harbor2	chr17	66823849	66823965	DNA/hAT-Charlie	611	+	58	66823907	46355
chr17	66777552	66977552	harbor2	chr17	66860745	66860950	DNA/hAT-Charlie	1401	+	102	66860847	83295
chr17	66777552	66977552	harbor2	chr17	66870380	66870569	DNA/hAT-Charlie	914	+	94	66870474	92922
chr17	66777552	66977552	harbor2	chr17	66876178	66876356	DNA/hAT-Charlie	670	+	89	66876267	98715
chr17	75256287	75456287	harbor2	chr17	75301632	75301915	DNA/hAT-Charlie	1762	+	142	75301774	45487
chr17	75256287	75456287	harbor2	chr17	75354482	75354667	DNA/hAT-Charlie	1222	+	92	75354574	98287
chr17	59691247	59891247	harbor2	chr17	59742628	59743008	DNA/hAT-Charlie	2203	+	190	59742818	51571
chr17	78942454	79142454	harbor2	chr17	79002104	79002255	DNA/hAT-Charlie	983	+	76	79002180	59726
chr17	78942454	79142454	harbor2	chr17	79033148	79033319	DNA/hAT-Charlie	522	+	86	79033234	90780
chr17	78942454	79142454	harbor2	chr17	79036090	79036174	DNA/hAT-Charlie	1144	+	42	79036132	93678
chr17	78942454	79142454	harbor2	chr17	79036475	79036609	DNA/hAT-Charlie	1144	+	67	79036542	94088
chr17	78942454	79142454	harbor2	chr17	79039162	79039369	DNA/hAT-Charlie	963	+	104	79039266	96812
chr17	48784283	48984283	harbor2	chr17	48785371	48785506	DNA/hAT-Charlie	523	+	68	48785439	1156
chr17	48784283	48984283	harbor2	chr17	48843768	48843889	DNA/hAT-Charlie	757	+	60	48843828	59545
chr17	48784283	48984283	harbor2	chr17	48844183	48844268	DNA/hAT-Charlie	757	+	42	48844225	59942
chr17	48784283	48984283	harbor2	chr17	48853681	48853992	DNA/hAT-Charlie	882	+	156	48853837	69554
chr17	77175939	77375939	harbor2	chr17	77176969	77177162	DNA/hAT-Charlie	760	+	96	77177065	1126
chr17	82549413	82749413	harbor2	chr17	82642151	82642464	DNA/hAT-Charlie	1717	+	156	82642307	92894
chr17	82549413	82749413	harbor2	chr17	82642828	82642961	DNA/hAT-Charlie	537	+	66	82642894	93481
chr17	72084347	72284347	harbor2	chr17	72131088	72131304	DNA/hAT-Charlie	1030	+	108	72131196	46849
chr17	72084347	72284347	harbor2	chr17	72154125	72154320	DNA/hAT-Charlie	644	+	98	72154223	69876
chr17	54182066	54382066	harbor2	chr17	54248948	54249086	DNA/hAT-Charlie	539	+	69	54249017	66951
chr17	54182066	54382066	harbor2	chr17	54268190	54268386	DNA/hAT-Charlie	717	+	98	54268288	86222
chr17	54182066	54382066	harbor2	chr17	54278206	54278388	DNA/hAT-Charlie	799	+	91	54278297	96231
chr17	40408717	40608717	harbor2	chr17	40504829	40504963	DNA/hAT-Charlie	927	+	67	40504896	96179
chr17	40408717	40608717	harbor2	chr17	40505092	40505208	DNA/hAT-Charlie	927	+	58	40505150	96433
chr17	33746554	33946554	harbor2	chr17	33774275	33774422	DNA/hAT-Charlie	695	+	74	33774349	27795
chr17	33746554	33946554	harbor2	chr17	33810315	33810498	DNA/hAT-Charlie	644	+	92	33810407	63853
chr17	33746554	33946554	harbor2	chr17	33818501	33818727	DNA/hAT-Charlie	1109	+	113	33818614	72060
chr17	33746554	33946554	harbor2	chr17	33820057	33820179	DNA/hAT-Charlie	559	+	61	33820118	73564
chr17	33746554	33946554	harbor2	chr17	33820181	33820492	DNA/hAT-Charlie	1270	+	156	33820337	73783
chr17	33746554	33946554	harbor2	chr17	33838725	33838889	DNA/hAT-Charlie	571	+	82	33838807	92253
chr17	78798454	78998454	harbor2	chr17	78832481	78832682	DNA/hAT-Charlie	813	+	100	78832581	34127
chr17	78798454	78998454	harbor2	chr17	78836897	78837209	DNA/hAT-Charlie	1568	+	156	78837053	38599
chr17	78798454	78998454	harbor2	chr17	78868838	78869043	DNA/hAT-Charlie	942	+	102	78868940	70486
chr17	78798454	78998454	harbor2	chr17	78888996	78889215	DNA/hAT-Charlie	1040	+	110	78889106	90652
chr17	78798454	78998454	harbor2	chr17	78892663	78892879	DNA/hAT-Charlie	945	+	108	78892771	94317
chr17	57612072	57812072	harbor2	chr17	57622898	57623061	DNA/hAT-Charlie	607	+	82	57622980	10908
chr17	57612072	57812072	harbor2	chr17	57642998	57643164	DNA/hAT-Charlie	632	+	83	57643081	31009
chr17	57612072	57812072	harbor2	chr17	57645380	57645421	DNA/hAT-Charlie	752	+	20	57645400	33328
chr17	57612072	57812072	harbor2	chr17	57645728	57645864	DNA/hAT-Charlie	752	+	68	57645796	33724
chr17	57612072	57812072	harbor2	chr17	57693848	57694183	DNA/hAT-Charlie	1961	+	168	57694016	81944
chr17	57612072	57812072	harbor2	chr17	57703558	57704079	DNA/hAT-Charlie	2558	+	260	57703818	91746
chr17	57612072	57812072	harbor2	chr17	57704382	57704563	DNA/hAT-Charlie	2558	+	90	57704472	92400
chr17	71599467	71799467	harbor2	chr17	71635542	71635748	DNA/hAT-Charlie	833	+	103	71635645	36178
chr17	71599467	71799467	harbor2	chr17	71653256	71653424	DNA/hAT-Charlie	748	+	84	71653340	53873
chr17	71599467	71799467	harbor2	chr17	71667032	71667361	DNA/hAT-Charlie	987	+	164	71667196	67729
chr17	71599467	71799467	harbor2	chr17	71677651	71677839	DNA/hAT-Charlie	826	+	94	71677745	78278
chr17	59396195	59596195	harbor2	chr17	59435227	59435393	DNA/hAT-Charlie	790	+	83	59435310	39115
chr17	68234243	68434243	harbor2	chr17	68255298	68255502	DNA/hAT-Charlie	1107	+	102	68255400	21157
chr17	68234243	68434243	harbor2	chr17	68265670	68266003	DNA/hAT-Charlie	1493	+	166	68265836	31593
chr17	68234243	68434243	harbor2	chr17	68305385	68305543	DNA/hAT-Charlie	534	+	79	68305464	71221
chr17	68234243	68434243	harbor2	chr17	68325043	68325562	DNA/hAT-Charlie	3966	+	260	68325303	91060
chr17	74706402	74906402	harbor2	chr17	74755726	74755947	DNA/hAT-Charlie	1269	+	110	74755836	49434
chr17	74706402	74906402	harbor2	chr17	74756249	74756266	DNA/hAT-Charlie	1269	+	8	74756257	49855
chr17	74706402	74906402	harbor2	chr17	74756579	74756661	DNA/hAT-Charlie	1269	+	41	74756620	50218
chr17	74706402	74906402	harbor2	chr17	74780958	74781184	DNA/hAT-Charlie	1173	+	113	74781071	74669
chr17	74110403	74310403	harbor2	chr17	74198731	74198946	DNA/hAT-Charlie	520	+	108	74198839	88436
chr17	77967870	78167870	harbor2	chr17	77970572	77970785	DNA/hAT-Charlie	1286	+	106	77970678	2808
chr17	77967870	78167870	harbor2	chr17	77981687	77981902	DNA/hAT-Charlie	1117	+	108	77981795	13925
chr17	77967870	78167870	harbor2	chr17	77989120	77989544	DNA/hAT-Charlie	833	+	212	77989332	21462
chr17	77967870	78167870	harbor2	chr17	78030742	78030816	DNA/hAT-Charlie	591	+	37	78030779	62909
chr17	77967870	78167870	harbor2	chr17	78031130	78031255	DNA/hAT-Charlie	591	+	62	78031192	63322
chr17	77967870	78167870	harbor2	chr17	78044621	78044822	DNA/hAT-Charlie	1031	+	100	78044721	76851
chr17	30928430	31128430	harbor2	chr17	30931241	30931470	DNA/hAT-Charlie	1131	+	114	30931355	2925
chr17	30928430	31128430	harbor2	chr17	30948848	30949011	DNA/hAT-Charlie	820	+	82	30948930	20500
chr17	30928430	31128430	harbor2	chr17	30953455	30953534	DNA/hAT-Charlie	1525	+	40	30953495	25065
chr17	30928430	31128430	harbor2	chr17	30953837	30953988	DNA/hAT-Charlie	1525	+	76	30953913	25483
chr17	30928430	31128430	harbor2	chr17	30965409	30965604	DNA/hAT-Charlie	917	+	98	30965507	37077
chr17	30928430	31128430	harbor2	chr17	30966454	30966497	DNA/hAT-Charlie	1341	+	22	30966476	38046
chr17	30928430	31128430	harbor2	chr17	30966805	30967044	DNA/hAT-Charlie	1341	+	120	30966925	38495
chr17	30928430	31128430	harbor2	chr17	30967328	30967700	DNA/hAT-Charlie	1341	+	186	30967514	39084
chr17	30928430	31128430	harbor2	chr17	30967965	30967988	DNA/hAT-Charlie	1341	+	12	30967977	39547
chr17	30928430	31128430	harbor2	chr17	30968307	30968341	DNA/hAT-Charlie	1341	+	17	30968324	39894
chr17	81584156	81784156	harbor2	chr17	81593063	81593319	DNA/hAT-Charlie	672	+	128	81593191	9035
chr17	81584156	81784156	harbor2	chr17	81593412	81593629	DNA/hAT-Charlie	605	+	108	81593520	9364
chr17	50870803	51070803	harbor2	chr17	50872695	50872886	DNA/hAT-Charlie	1010	+	96	50872791	1988
chr17	50870803	51070803	harbor2	chr17	50901780	50901990	DNA/hAT-Charlie	1167	+	105	50901885	31082
chr17	50870803	51070803	harbor2	chr17	50932978	50933230	DNA/hAT-Charlie	601	+	126	50933104	62301
chr17	50870803	51070803	harbor2	chr17	50948479	50948625	DNA/hAT-Charlie	720	+	73	50948552	77749
chr17	50870803	51070803	harbor2	chr17	50948675	50948753	DNA/hAT-Charlie	720	+	39	50948714	77911
chr17	50870803	51070803	harbor2	chr17	50949041	50949123	DNA/hAT-Charlie	720	+	41	50949082	78279
chr17	50870803	51070803	harbor2	chr17	50952916	50953101	DNA/hAT-Charlie	821	+	92	50953008	82205
chr17	43031693	43231693	harbor2	chr17	43052141	43052278	DNA/hAT-Charlie	898	+	68	43052209	20516
chr17	43031693	43231693	harbor2	chr17	43052445	43052508	DNA/hAT-Charlie	898	+	32	43052477	20784
chr17	79613980	79813980	harbor2	chr17	79687305	79687371	DNA/hAT-Charlie	1583	+	33	79687338	73358
chr17	79613980	79813980	harbor2	chr17	79687680	79688049	DNA/hAT-Charlie	1583	+	184	79687864	73884
chr17	79613980	79813980	harbor2	chr17	79688055	79688214	DNA/hAT-Charlie	646	+	80	79688135	74155
chr17	72551956	72751956	harbor2	chr17	72559036	72559202	DNA/hAT-Charlie	643	+	83	72559119	7163
chr17	72551956	72751956	harbor2	chr17	72615882	72616068	DNA/hAT-Charlie	835	+	93	72615975	64019
chr17	72551956	72751956	harbor2	chr17	72616382	72616425	DNA/hAT-Charlie	835	+	22	72616404	64448
chr17	53363541	53563541	harbor2	chr17	53371886	53372237	DNA/hAT-Charlie	1924	+	176	53372062	8521
chr17	53363541	53563541	harbor2	chr17	53419003	53421655	DNA/hAT-Charlie	17760	+	1326	53420329	56788
chr17	56787403	56987403	harbor2	chr17	56787823	56787964	DNA/hAT-Charlie	667	+	70	56787893	490
chr17	56787403	56987403	harbor2	chr17	56802839	56803100	DNA/hAT-Charlie	1062	+	130	56802969	15566
chr17	56787403	56987403	harbor2	chr17	56811921	56812081	DNA/hAT-Charlie	591	+	80	56812001	24598
chr17	56787403	56987403	harbor2	chr17	56826567	56826685	DNA/hAT-Charlie	568	+	59	56826626	39223
chr17	56787403	56987403	harbor2	chr17	56837039	56837112	DNA/hAT-Charlie	533	+	36	56837075	49672
chr17	56787403	56987403	harbor2	chr17	56878845	56878990	DNA/hAT-Charlie	774	+	72	56878917	91514
chr17	56787403	56987403	harbor2	chr17	56884848	56885114	DNA/hAT-Charlie	640	+	133	56884981	97578
chr17	56787403	56987403	harbor2	chr17	56803105	56803417	DNA/hAT-Charlie	1035	+	156	56803261	15858
chr17	74527642	74727642	harbor2	chr17	74527794	74528316	DNA/hAT-Charlie	3651	+	261	74528055	413
chr17	74527642	74727642	harbor2	chr17	74566044	74566215	DNA/hAT-Charlie	981	+	86	74566130	38488
chr17	74527642	74727642	harbor2	chr17	74626648	74626855	DNA/hAT-Charlie	1127	+	104	74626752	99110
chr17	74527642	74727642	harbor2	chr17	74627448	74627536	DNA/hAT-Charlie	1127	+	44	74627492	99850
chr17	63261221	63461221	harbor2	chr17	63273758	63273937	DNA/hAT-Charlie	783	+	90	63273848	12627
chr17	63261221	63461221	harbor2	chr17	63328988	63329217	DNA/hAT-Charlie	517	+	114	63329102	67881
chr17	63261221	63461221	harbor2	chr17	63344008	63344300	DNA/hAT-Charlie	1820	+	146	63344154	82933
chr17	63261221	63461221	harbor2	chr17	63348590	63348746	DNA/hAT-Charlie	581	+	78	63348668	87447
chr17	79157998	79357998	harbor2	chr17	79171054	79171347	DNA/hAT-Charlie	1096	+	146	79171200	13202
chr17	79157998	79357998	harbor2	chr17	79172673	79172929	DNA/hAT-Charlie	746	+	128	79172801	14803
chr17	79157998	79357998	harbor2	chr17	79173221	79173241	DNA/hAT-Charlie	746	+	10	79173231	15233
chr17	79157998	79357998	harbor2	chr17	79194663	79194742	DNA/hAT-Charlie	937	+	40	79194703	36705
chr17	79157998	79357998	harbor2	chr17	79194781	79195001	DNA/hAT-Charlie	937	+	110	79194891	36893
chr17	63502090	63702090	harbor2	chr17	63583780	63583992	DNA/hAT-Charlie	928	+	106	63583886	81796
chr17	55798655	55998655	harbor2	chr17	55833546	55833722	DNA/hAT-Charlie	688	+	88	55833634	34979
chr17	55798655	55998655	harbor2	chr17	55889038	55889482	DNA/hAT-Charlie	2475	+	222	55889260	90605
chr17	53079588	53279588	harbor2	chr17	53083383	53083545	DNA/hAT-Charlie	531	+	81	53083464	3876
chr17	73674996	73874996	harbor2	chr17	73683602	73683760	DNA/hAT-Charlie	973	+	79	73683681	8685
chr17	73674996	73874996	harbor2	chr17	73714062	73714202	DNA/hAT-Charlie	589	+	70	73714132	39136
chr17	35948284	36148284	harbor2	chr17	35958863	35959087	DNA/hAT-Charlie	697	+	112	35958975	10691
chr17	35948284	36148284	harbor2	chr17	35970016	35970154	DNA/hAT-Charlie	649	+	69	35970085	21801
chr17	35948284	36148284	harbor2	chr17	35991255	35991405	DNA/hAT-Charlie	797	+	75	35991330	43046
chr17	62130759	62330759	harbor2	chr17	62188853	62188927	DNA/hAT-Charlie	504	+	37	62188890	58131
chr17	78543385	78743385	harbor2	chr17	78590306	78590462	DNA/hAT-Charlie	561	+	78	78590384	46999
chr17	78543385	78743385	harbor2	chr17	78599099	78599129	DNA/hAT-Charlie	654	+	15	78599114	55729
chr17	78543385	78743385	harbor2	chr17	78599172	78599366	DNA/hAT-Charlie	654	+	97	78599269	55884
chr17	78543385	78743385	harbor2	chr17	78599408	78599565	DNA/hAT-Charlie	506	+	78	78599486	56101
chr17	78543385	78743385	harbor2	chr17	78608930	78609167	DNA/hAT-Charlie	808	+	118	78609048	65663
chr17	78543385	78743385	harbor2	chr17	78632007	78632221	DNA/hAT-Charlie	2794	+	107	78632114	88729
chr17	78543385	78743385	harbor2	chr17	78632533	78632846	DNA/hAT-Charlie	2794	+	156	78632689	89304
chr17	67603675	67803675	harbor2	chr17	67610156	67610277	DNA/hAT-Charlie	520	+	60	67610216	6541
chr17	67603675	67803675	harbor2	chr17	67635839	67636017	DNA/hAT-Charlie	1004	+	89	67635928	32253
chr17	67603675	67803675	harbor2	chr17	67636304	67636351	DNA/hAT-Charlie	1004	+	24	67636328	32653
chr17	67603675	67803675	harbor2	chr17	67638686	67638826	DNA/hAT-Charlie	771	+	70	67638756	35081
chr17	67603675	67803675	harbor2	chr17	67639143	67639212	DNA/hAT-Charlie	771	+	34	67639177	35502
chr17	67603675	67803675	harbor2	chr17	67678919	67679104	DNA/hAT-Charlie	1164	+	92	67679011	75336
chr17	74784158	74984158	harbor2	chr17	74852824	74852992	DNA/hAT-Charlie	628	+	84	74852908	68750
chr17	74784158	74984158	harbor2	chr17	74857719	74858035	DNA/hAT-Charlie	1323	+	158	74857877	73719
chr17	74784158	74984158	harbor2	chr17	74874304	74874411	DNA/hAT-Charlie	1263	+	54	74874358	90200
chr17	74784158	74984158	harbor2	chr17	74876368	74876514	DNA/hAT-Charlie	800	+	73	74876441	92283
chr17	74784158	74984158	harbor2	chr17	74876810	74876837	DNA/hAT-Charlie	800	+	14	74876824	92666
chr17	74784158	74984158	harbor2	chr17	74874719	74874958	DNA/hAT-Charlie	1263	+	120	74874839	90681
chr17	76366237	76566237	harbor2	chr17	76368530	76368731	DNA/hAT-Charlie	982	+	100	76368630	2393
chr17	76366237	76566237	harbor2	chr17	76410292	76410498	DNA/hAT-Charlie	945	+	103	76410395	44158
chr17	76366237	76566237	harbor2	chr17	76416270	76416399	DNA/hAT-Charlie	547	+	64	76416334	50097
chr17	76366237	76566237	harbor2	chr17	76439350	76439588	DNA/hAT-Charlie	1188	+	119	76439469	73232
chr17	76366237	76566237	harbor2	chr17	76440690	76440905	DNA/hAT-Charlie	1067	+	108	76440798	74561
chr17	28950331	29150331	harbor2	chr17	28971235	28971310	DNA/hAT-Charlie	668	+	38	28971273	20942
chr17	28950331	29150331	harbor2	chr17	28971615	28971682	DNA/hAT-Charlie	668	+	34	28971649	21318
chr17	28950331	29150331	harbor2	chr17	29020825	29021060	DNA/hAT-Charlie	592	+	118	29020943	70612
chr17	72349274	72549274	harbor2	chr17	72362784	72363007	DNA/hAT-Charlie	1213	+	112	72362896	13622
chr17	72349274	72549274	harbor2	chr17	72377769	72377916	DNA/hAT-Charlie	669	+	74	72377843	28569
chr17	72349274	72549274	harbor2	chr17	72384273	72384301	DNA/hAT-Charlie	714	+	14	72384287	35013
chr17	72349274	72549274	harbor2	chr17	72384600	72384746	DNA/hAT-Charlie	714	+	73	72384673	35399
chr17	72349274	72549274	harbor2	chr17	72384787	72384949	DNA/hAT-Charlie	752	+	81	72384868	35594
chr17	72349274	72549274	harbor2	chr17	72410558	72410741	DNA/hAT-Charlie	1078	+	92	72410650	61376
chr17	72349274	72549274	harbor2	chr17	72410985	72411154	DNA/hAT-Charlie	708	+	84	72411069	61795
chr17	72349274	72549274	harbor2	chr17	72448841	72449097	DNA/hAT-Charlie	859	+	128	72448969	99695
chr17	66840222	67040222	harbor2	chr17	66860745	66860950	DNA/hAT-Charlie	1401	+	102	66860847	20625
chr17	66840222	67040222	harbor2	chr17	66870380	66870569	DNA/hAT-Charlie	914	+	94	66870474	30252
chr17	66840222	67040222	harbor2	chr17	66876178	66876356	DNA/hAT-Charlie	670	+	89	66876267	36045
chr17	60403586	60603586	harbor2	chr17	60468028	60468217	DNA/hAT-Charlie	933	+	94	60468122	64536
chr17	50248967	50448967	harbor2	chr17	50292582	50292758	DNA/hAT-Charlie	938	+	88	50292670	43703
chr17	50248967	50448967	harbor2	chr17	50292928	50292992	DNA/hAT-Charlie	938	+	32	50292960	43993
chr17	50248967	50448967	harbor2	chr17	50298269	50298399	DNA/hAT-Charlie	521	+	65	50298334	49367
chr17	50248967	50448967	harbor2	chr17	50323440	50323543	DNA/hAT-Charlie	1616	+	52	50323492	74525
chr17	50248967	50448967	harbor2	chr17	50323841	50323965	DNA/hAT-Charlie	1616	+	62	50323903	74936
chr17	50248967	50448967	harbor2	chr17	50345338	50345529	DNA/hAT-Charlie	769	+	96	50345434	96467
chr17	42168736	42368736	harbor2	chr17	42260039	42260165	DNA/hAT-Charlie	680	+	63	42260102	91366
chr17	42168736	42368736	harbor2	chr17	42260175	42260413	DNA/hAT-Charlie	1388	+	119	42260294	91558
chr17	42168736	42368736	harbor2	chr17	42260678	42260848	DNA/hAT-Charlie	1388	+	85	42260763	92027
chr17	53813942	54013942	harbor2	chr17	53820055	53820240	DNA/hAT-Charlie	866	+	92	53820147	6205
chr17	53813942	54013942	harbor2	chr17	53825246	53825400	DNA/hAT-Charlie	841	+	77	53825323	11381
chr17	53813942	54013942	harbor2	chr17	53825721	53825799	DNA/hAT-Charlie	841	+	39	53825760	11818
chr17	53813942	54013942	harbor2	chr17	53882694	53882891	DNA/hAT-Charlie	613	+	98	53882792	68850
chr17	72246043	72446043	harbor2	chr17	72281846	72282188	DNA/hAT-Charlie	2138	+	171	72282017	35974
chr17	72246043	72446043	harbor2	chr17	72298916	72299091	DNA/hAT-Charlie	511	+	88	72299004	52961
chr17	72246043	72446043	harbor2	chr17	72302868	72303072	DNA/hAT-Charlie	1078	+	102	72302970	56927
chr17	72246043	72446043	harbor2	chr17	72320356	72320516	DNA/hAT-Charlie	654	+	80	72320436	74393
chr17	72246043	72446043	harbor2	chr17	72336723	72336912	DNA/hAT-Charlie	966	+	94	72336817	90774
chr17	72246043	72446043	harbor2	chr17	72337703	72337829	DNA/hAT-Charlie	510	+	63	72337766	91723
chr17	72246043	72446043	harbor2	chr17	72338155	72338354	DNA/hAT-Charlie	529	+	100	72338255	92212
chr17	72246043	72446043	harbor2	chr17	72339828	72340020	DNA/hAT-Charlie	823	+	96	72339924	93881
chr17	76661932	76861932	harbor2	chr17	76722089	76722256	DNA/hAT-Charlie	845	+	84	76722173	60241
chr17	76661932	76861932	harbor2	chr17	76724899	76725060	DNA/hAT-Charlie	533	+	80	76724979	63047
chr17	78790253	78990253	harbor2	chr17	78792514	78792655	DNA/hAT-Charlie	619	+	70	78792584	2331
chr17	78790253	78990253	harbor2	chr17	78832481	78832682	DNA/hAT-Charlie	813	+	100	78832581	42328
chr17	78790253	78990253	harbor2	chr17	78836897	78837209	DNA/hAT-Charlie	1568	+	156	78837053	46800
chr17	78790253	78990253	harbor2	chr17	78868838	78869043	DNA/hAT-Charlie	942	+	102	78868940	78687
chr17	78790253	78990253	harbor2	chr17	78888996	78889215	DNA/hAT-Charlie	1040	+	110	78889106	98853
chr17	65706559	65906559	harbor2	chr17	65709978	65710114	DNA/hAT-Charlie	538	+	68	65710046	3487
chr17	65706559	65906559	harbor2	chr17	65727971	65728194	DNA/hAT-Charlie	1097	+	112	65728083	21524
chr17	78853434	79053434	harbor2	chr17	78868838	78869043	DNA/hAT-Charlie	942	+	102	78868940	15506
chr17	78853434	79053434	harbor2	chr17	78888996	78889215	DNA/hAT-Charlie	1040	+	110	78889106	35672
chr17	78853434	79053434	harbor2	chr17	78892663	78892879	DNA/hAT-Charlie	945	+	108	78892771	39337
chr17	57546062	57746062	harbor2	chr17	57570171	57570334	DNA/hAT-Charlie	719	+	82	57570253	24191
chr17	57546062	57746062	harbor2	chr17	57602103	57602324	DNA/hAT-Charlie	1419	+	110	57602213	56151
chr17	57546062	57746062	harbor2	chr17	57602783	57602941	DNA/hAT-Charlie	872	+	79	57602862	56800
chr17	57546062	57746062	harbor2	chr17	57622898	57623061	DNA/hAT-Charlie	607	+	82	57622980	76918
chr17	57546062	57746062	harbor2	chr17	57642998	57643164	DNA/hAT-Charlie	632	+	83	57643081	97019
chr17	57546062	57746062	harbor2	chr17	57645380	57645421	DNA/hAT-Charlie	752	+	20	57645400	99338
chr17	57546062	57746062	harbor2	chr17	57645728	57645864	DNA/hAT-Charlie	752	+	68	57645796	99734
chr17	61876160	62076160	harbor2	chr17	61879382	61879568	DNA/hAT-Charlie	1021	+	93	61879475	3315
chr17	61876160	62076160	harbor2	chr17	61879864	61880003	DNA/hAT-Charlie	1021	+	70	61879934	3774
chr17	61876160	62076160	harbor2	chr17	61910795	61910936	DNA/hAT-Charlie	517	+	70	61910865	34705
chr17	61876160	62076160	harbor2	chr17	61910935	61911081	DNA/hAT-Charlie	570	+	73	61911008	34848
chr17	61876160	62076160	harbor2	chr17	61911270	61911426	DNA/hAT-Charlie	720	+	78	61911348	35188
chr17	61876160	62076160	harbor2	chr17	61967147	61967357	DNA/hAT-Charlie	777	+	105	61967252	91092
chr17	79526805	79726805	harbor2	chr17	79529801	79530036	DNA/hAT-Charlie	618	+	118	79529919	3114
chr17	79526805	79726805	harbor2	chr17	79550930	79551111	DNA/hAT-Charlie	848	+	90	79551020	24215
chr17	76713880	76913880	harbor2	chr17	76722089	76722256	DNA/hAT-Charlie	845	+	84	76722173	8293
chr17	76713880	76913880	harbor2	chr17	76724899	76725060	DNA/hAT-Charlie	533	+	80	76724979	11099
chr17	77699199	77899199	harbor2	chr17	77721696	77721826	DNA/hAT-Charlie	530	+	65	77721761	22562
chr17	77699199	77899199	harbor2	chr17	77728599	77728764	DNA/hAT-Charlie	687	+	82	77728681	29482
chr17	77699199	77899199	harbor2	chr17	77734044	77734242	DNA/hAT-Charlie	866	+	99	77734143	34944
chr17	77699199	77899199	harbor2	chr17	77738050	77738370	DNA/hAT-Charlie	1406	+	160	77738210	39011
chr17	77699199	77899199	harbor2	chr17	77763152	77763331	DNA/hAT-Charlie	733	+	90	77763242	64043
chr17	77699199	77899199	harbor2	chr17	77766446	77766661	DNA/hAT-Charlie	507	+	108	77766554	67355
chr17	77699199	77899199	harbor2	chr17	77794111	77794402	DNA/hAT-Charlie	1140	+	146	77794257	95058
chr17	28820980	29020980	harbor2	chr17	28891534	28891730	DNA/hAT-Charlie	752	+	98	28891632	70652
chr17	82515809	82715809	harbor2	chr17	82528913	82529043	DNA/hAT-Charlie	667	+	65	82528978	13169
chr17	73002059	73202059	harbor2	chr17	73006349	73006568	DNA/hAT-Charlie	768	+	110	73006459	4400
chr17	73002059	73202059	harbor2	chr17	73013585	73013781	DNA/hAT-Charlie	1184	+	98	73013683	11624
chr17	73002059	73202059	harbor2	chr17	73031980	73032203	DNA/hAT-Charlie	1160	+	112	73032092	30033
chr17	73002059	73202059	harbor2	chr17	73090963	73091122	DNA/hAT-Charlie	699	+	80	73091043	88984
chr17	79974564	80174564	harbor2	chr17	79994769	79995007	DNA/hAT-Charlie	506	+	119	79994888	20324
chr17	79974564	80174564	harbor2	chr17	79998860	79998973	DNA/hAT-Charlie	910	+	56	79998916	24352
chr17	79974564	80174564	harbor2	chr17	79999270	79999396	DNA/hAT-Charlie	910	+	63	79999333	24769
chr17	79974564	80174564	harbor2	chr17	80040839	80041004	DNA/hAT-Charlie	619	+	82	80040921	66357
chr17	61799300	61999300	harbor2	chr17	61817559	61817719	DNA/hAT-Charlie	589	+	80	61817639	18339
chr17	61799300	61999300	harbor2	chr17	61820309	61820648	DNA/hAT-Charlie	591	+	170	61820479	21179
chr17	61799300	61999300	harbor2	chr17	61851839	61852067	DNA/hAT-Charlie	840	+	114	61851953	52653
chr17	61799300	61999300	harbor2	chr17	61879382	61879568	DNA/hAT-Charlie	1021	+	93	61879475	80175
chr17	61799300	61999300	harbor2	chr17	61879864	61880003	DNA/hAT-Charlie	1021	+	70	61879934	80634
chr17	71336547	71536547	harbor2	chr17	71350327	71350478	DNA/hAT-Charlie	751	+	76	71350403	13856
chr17	71336547	71536547	harbor2	chr17	71350509	71350559	DNA/hAT-Charlie	751	+	25	71350534	13987
chr17	71336547	71536547	harbor2	chr17	71376188	71376373	DNA/hAT-Charlie	975	+	92	71376280	39733
chr17	71336547	71536547	harbor2	chr17	71406696	71406890	DNA/hAT-Charlie	775	+	97	71406793	70246
chr17	52382385	52582385	harbor2	chr17	52446952	52447172	DNA/hAT-Charlie	1001	+	110	52447062	64677
chr17	52382385	52582385	harbor2	chr17	52449062	52449372	DNA/hAT-Charlie	649	+	155	52449217	66832
chr17	52382385	52582385	harbor2	chr17	52449586	52449768	DNA/hAT-Charlie	999	+	91	52449677	67292
chr17	52382385	52582385	harbor2	chr17	52449810	52449955	DNA/hAT-Charlie	999	+	72	52449882	67497
chr17	52382385	52582385	harbor2	chr17	52450442	52451029	DNA/hAT-Charlie	999	+	294	52450736	68351
chr17	56885787	57085787	harbor2	chr17	56896748	56896822	DNA/hAT-Charlie	755	+	37	56896785	10998
chr17	56885787	57085787	harbor2	chr17	56897121	56897237	DNA/hAT-Charlie	755	+	58	56897179	11392
chr17	56885787	57085787	harbor2	chr17	56905434	56905676	DNA/hAT-Charlie	1148	+	121	56905555	19768
chr17	56885787	57085787	harbor2	chr17	56905982	56906061	DNA/hAT-Charlie	1148	+	40	56906022	20235
chr17	56885787	57085787	harbor2	chr17	56935567	56936030	DNA/hAT-Charlie	2759	+	232	56935799	50012
chr17	56885787	57085787	harbor2	chr17	56936288	56936521	DNA/hAT-Charlie	2759	+	116	56936404	50617
chr17	69622601	69822601	harbor2	chr17	69643994	69644202	DNA/hAT-Charlie	1494	+	104	69644098	21497
chr17	69622601	69822601	harbor2	chr17	69705290	69705481	DNA/hAT-Charlie	684	+	96	69705386	82785
chr17	65204426	65404426	harbor2	chr17	65213167	65213427	DNA/hAT-Charlie	725	+	130	65213297	8871
chr17	65204426	65404426	harbor2	chr17	65228667	65228886	DNA/hAT-Charlie	967	+	110	65228777	24351
chr17	65204426	65404426	harbor2	chr17	65291190	65291226	DNA/hAT-Charlie	1196	+	18	65291208	86782
chr17	65204426	65404426	harbor2	chr17	65291532	65291815	DNA/hAT-Charlie	1196	+	142	65291674	87248
chr17	35194277	35394277	harbor2	chr17	35256832	35257153	DNA/hAT-Charlie	1931	+	160	35256992	62715
chr17	35194277	35394277	harbor2	chr17	35281983	35282147	DNA/hAT-Charlie	799	+	82	35282065	87788
chr17	72461838	72661838	harbor2	chr17	72462888	72463422	DNA/hAT-Charlie	3715	+	267	72463155	1317
chr17	72461838	72661838	harbor2	chr17	72477048	72477365	DNA/hAT-Charlie	807	+	158	72477206	15368
chr17	72461838	72661838	harbor2	chr17	72478744	72478943	DNA/hAT-Charlie	902	+	100	72478844	17006
chr17	72461838	72661838	harbor2	chr17	72485111	72485219	DNA/hAT-Charlie	5669	+	54	72485165	23327
chr17	72461838	72661838	harbor2	chr17	72485465	72486754	DNA/hAT-Charlie	5669	+	644	72486109	24271
chr17	72461838	72661838	harbor2	chr17	72559036	72559202	DNA/hAT-Charlie	643	+	83	72559119	97281
chr17	80544725	80744725	harbor2	chr17	80549115	80549374	DNA/hAT-Charlie	1100	+	130	80549245	4520
chr17	80544725	80744725	harbor2	chr17	80549613	80549744	DNA/hAT-Charlie	1100	+	66	80549679	4954
chr17	80544725	80744725	harbor2	chr17	80552965	80553726	DNA/hAT-Charlie	2628	+	380	80553345	8620
chr17	80544725	80744725	harbor2	chr17	80554260	80554465	DNA/hAT-Charlie	1555	+	102	80554362	9637
chr17	80544725	80744725	harbor2	chr17	80554793	80555099	DNA/hAT-Charlie	1555	+	153	80554946	10221
chr17	80544725	80744725	harbor2	chr17	80569594	80569774	DNA/hAT-Charlie	821	+	90	80569684	24959
chr17	80544725	80744725	harbor2	chr17	80591735	80591880	DNA/hAT-Charlie	508	+	72	80591807	47082
chr17	80544725	80744725	harbor2	chr17	80593153	80593986	DNA/hAT-Charlie	2739	+	416	80593569	48844
chr17	80544725	80744725	harbor2	chr17	80642422	80643176	DNA/hAT-Charlie	3545	+	377	80642799	98074
chr17	80544725	80744725	harbor2	chr17	80641960	80642124	DNA/hAT-Charlie	3545	+	82	80642042	97317
chr17	69386109	69586109	harbor2	chr17	69422829	69422873	DNA/hAT-Charlie	1625	+	22	69422851	36742
chr17	69386109	69586109	harbor2	chr17	69423183	69423480	DNA/hAT-Charlie	1625	+	148	69423331	37222
chr17	69386109	69586109	harbor2	chr17	69438521	69438585	DNA/hAT-Charlie	936	+	32	69438553	52444
chr17	69386109	69586109	harbor2	chr17	69438884	69439113	DNA/hAT-Charlie	936	+	114	69438998	52889
chr17	69386109	69586109	harbor2	chr17	69452102	69452321	DNA/hAT-Charlie	818	+	110	69452212	66103
chr17	69386109	69586109	harbor2	chr17	69453771	69453929	DNA/hAT-Charlie	866	+	79	69453850	67741
chr17	69386109	69586109	harbor2	chr17	69457476	69457558	DNA/hAT-Charlie	705	+	41	69457517	71408
chr17	69386109	69586109	harbor2	chr17	69457831	69457933	DNA/hAT-Charlie	705	+	51	69457882	71773
chr17	69386109	69586109	harbor2	chr17	69468670	69468871	DNA/hAT-Charlie	1534	+	100	69468770	82661
chr17	27943049	28143049	harbor2	chr17	28031177	28031292	DNA/hAT-Charlie	828	+	58	28031235	88186
chr17	27943049	28143049	harbor2	chr17	28031813	28031880	DNA/hAT-Charlie	828	+	34	28031847	88798
chr17	47361660	47561660	harbor2	chr17	47408715	47408903	DNA/hAT-Charlie	1032	+	94	47408809	47149
chr17	78273104	78473104	harbor2	chr17	78371153	78371316	DNA/hAT-Charlie	586	+	82	78371235	98131
chr17	60652747	60852747	harbor2	chr17	60725550	60725753	DNA/hAT-Charlie	936	+	102	60725652	72905
chr17	72272874	72472874	harbor2	chr17	72281846	72282188	DNA/hAT-Charlie	2138	+	171	72282017	9143
chr17	72272874	72472874	harbor2	chr17	72298916	72299091	DNA/hAT-Charlie	511	+	88	72299004	26130
chr17	72272874	72472874	harbor2	chr17	72302868	72303072	DNA/hAT-Charlie	1078	+	102	72302970	30096
chr17	72272874	72472874	harbor2	chr17	72320356	72320516	DNA/hAT-Charlie	654	+	80	72320436	47562
chr17	72272874	72472874	harbor2	chr17	72336723	72336912	DNA/hAT-Charlie	966	+	94	72336817	63943
chr17	72272874	72472874	harbor2	chr17	72337703	72337829	DNA/hAT-Charlie	510	+	63	72337766	64892
chr17	72272874	72472874	harbor2	chr17	72338155	72338354	DNA/hAT-Charlie	529	+	100	72338255	65381
chr17	72272874	72472874	harbor2	chr17	72339828	72340020	DNA/hAT-Charlie	823	+	96	72339924	67050
chr17	72272874	72472874	harbor2	chr17	72362784	72363007	DNA/hAT-Charlie	1213	+	112	72362896	90022
chr17	75374946	75574946	harbor2	chr17	75453871	75453952	DNA/hAT-Charlie	615	+	40	75453911	78965
chr17	78029079	78229079	harbor2	chr17	78030742	78030816	DNA/hAT-Charlie	591	+	37	78030779	1700
chr17	78029079	78229079	harbor2	chr17	78031130	78031255	DNA/hAT-Charlie	591	+	62	78031192	2113
chr17	78029079	78229079	harbor2	chr17	78044621	78044822	DNA/hAT-Charlie	1031	+	100	78044721	15642
chr17	78029079	78229079	harbor2	chr17	78068020	78068478	DNA/hAT-Charlie	1269	+	229	78068249	39170
chr17	78029079	78229079	harbor2	chr17	78090062	78090380	DNA/hAT-Charlie	721	+	159	78090221	61142
chr17	62446077	62646077	harbor2	chr17	62473495	62473678	DNA/hAT-Charlie	1042	+	92	62473587	27510
chr17	62446077	62646077	harbor2	chr17	62473702	62473842	DNA/hAT-Charlie	674	+	70	62473772	27695
chr17	62446077	62646077	harbor2	chr17	62524811	62525032	DNA/hAT-Charlie	988	+	110	62524921	78844
chr17	71366730	71566730	harbor2	chr17	71376188	71376373	DNA/hAT-Charlie	975	+	92	71376280	9550
chr17	71366730	71566730	harbor2	chr17	71406696	71406890	DNA/hAT-Charlie	775	+	97	71406793	40063
chr17	71366730	71566730	harbor2	chr17	71449503	71449629	DNA/hAT-Charlie	639	+	63	71449566	82836
chr17	71366730	71566730	harbor2	chr17	71453912	71454062	DNA/hAT-Charlie	514	+	75	71453987	87257
chr17	62893041	63093041	harbor2	chr17	62902762	62902876	DNA/hAT-Charlie	542	+	57	62902819	9778
chr17	62893041	63093041	harbor2	chr17	62925585	62925815	DNA/hAT-Charlie	1068	+	115	62925700	32659
chr17	62893041	63093041	harbor2	chr17	62964135	62964280	DNA/hAT-Charlie	524	+	72	62964207	71166
chr17	62893041	63093041	harbor2	chr17	62971650	62971967	DNA/hAT-Charlie	1863	+	158	62971808	78767
chr17	62893041	63093041	harbor2	chr17	62973727	62974058	DNA/hAT-Charlie	1509	+	166	62973893	80852
chr17	48787446	48987446	harbor2	chr17	48843768	48843889	DNA/hAT-Charlie	757	+	60	48843828	56382
chr17	48787446	48987446	harbor2	chr17	48844183	48844268	DNA/hAT-Charlie	757	+	42	48844225	56779
chr17	48787446	48987446	harbor2	chr17	48853681	48853992	DNA/hAT-Charlie	882	+	156	48853837	66391
chr17	51265157	51465157	harbor2	chr17	51293420	51293617	DNA/hAT-Charlie	1347	+	98	51293518	28361
chr17	51265157	51465157	harbor2	chr17	51324909	51325121	DNA/hAT-Charlie	1442	+	106	51325015	59858
chr17	51265157	51465157	harbor2	chr17	51340548	51340801	DNA/hAT-Charlie	1211	+	126	51340674	75517
chr17	51265157	51465157	harbor2	chr17	51347976	51348191	DNA/hAT-Charlie	502	+	108	51348084	82927
chr17	51265157	51465157	harbor2	chr17	51350498	51350725	DNA/hAT-Charlie	1115	+	114	51350612	85455
chr17	51265157	51465157	harbor2	chr17	51351530	51351741	DNA/hAT-Charlie	626	+	106	51351636	86479
chr17	75332910	75532910	harbor2	chr17	75354482	75354667	DNA/hAT-Charlie	1222	+	92	75354574	21664
chr17	75332910	75532910	harbor2	chr17	75372598	75372775	DNA/hAT-Charlie	540	+	88	75372686	39776
chr17	41748115	41948115	harbor2	chr17	41806983	41807156	DNA/hAT-Charlie	589	+	86	41807069	58954
chr17	41748115	41948115	harbor2	chr17	41827758	41827962	DNA/hAT-Charlie	848	+	102	41827860	79745
chr17	80034179	80234179	harbor2	chr17	80040839	80041004	DNA/hAT-Charlie	619	+	82	80040921	6742
chr17	79897201	80097201	harbor2	chr17	79994769	79995007	DNA/hAT-Charlie	506	+	119	79994888	97687
chr17	70189372	70389372	harbor2	chr17	70195320	70195512	DNA/hAT-Charlie	1036	+	96	70195416	6044
chr17	70189372	70389372	harbor2	chr17	70218461	70218636	DNA/hAT-Charlie	801	+	88	70218549	29177
chr17	70189372	70389372	harbor2	chr17	70247576	70247714	DNA/hAT-Charlie	606	+	69	70247645	58273
chr17	70189372	70389372	harbor2	chr17	70247951	70247973	DNA/hAT-Charlie	606	+	11	70247962	58590
chr17	70189372	70389372	harbor2	chr17	70250497	70250659	DNA/hAT-Charlie	687	+	81	70250578	61206
chr17	73188702	73388702	harbor2	chr17	73247032	73247260	DNA/hAT-Charlie	984	+	114	73247146	58444
chr17	73188702	73388702	harbor2	chr17	73275838	73276046	DNA/hAT-Charlie	833	+	104	73275942	87240
chr17	73188702	73388702	harbor2	chr17	73276074	73276105	DNA/hAT-Charlie	833	+	16	73276090	87388
chr17	73188702	73388702	harbor2	chr17	73276402	73276438	DNA/hAT-Charlie	833	+	18	73276420	87718
chr17	73188702	73388702	harbor2	chr17	73276819	73276864	DNA/hAT-Charlie	845	+	22	73276841	88139
chr17	73188702	73388702	harbor2	chr17	73277168	73277323	DNA/hAT-Charlie	845	+	78	73277246	88544
chr17	59200718	59400718	harbor2	chr17	59224035	59224322	DNA/hAT-Charlie	1436	+	144	59224179	23461
chr17	59200718	59400718	harbor2	chr17	59224884	59225081	DNA/hAT-Charlie	902	+	98	59224982	24264
chr17	78191468	78391468	harbor2	chr17	78207582	78207845	DNA/hAT-Charlie	1260	+	132	78207714	16246
chr17	66301041	66501041	harbor2	chr17	66316422	66316642	DNA/hAT-Charlie	1308	+	110	66316532	15491
chr17	66301041	66501041	harbor2	chr17	66322256	66322301	DNA/hAT-Charlie	505	+	22	66322278	21237
chr17	66301041	66501041	harbor2	chr17	66382682	66382912	DNA/hAT-Charlie	1180	+	115	66382797	81756
chr17	78587297	78787297	harbor2	chr17	78590306	78590462	DNA/hAT-Charlie	561	+	78	78590384	3087
chr17	78587297	78787297	harbor2	chr17	78599099	78599129	DNA/hAT-Charlie	654	+	15	78599114	11817
chr17	78587297	78787297	harbor2	chr17	78599172	78599366	DNA/hAT-Charlie	654	+	97	78599269	11972
chr17	78587297	78787297	harbor2	chr17	78599408	78599565	DNA/hAT-Charlie	506	+	78	78599486	12189
chr17	78587297	78787297	harbor2	chr17	78608930	78609167	DNA/hAT-Charlie	808	+	118	78609048	21751
chr17	78587297	78787297	harbor2	chr17	78632007	78632221	DNA/hAT-Charlie	2794	+	107	78632114	44817
chr17	78587297	78787297	harbor2	chr17	78632533	78632846	DNA/hAT-Charlie	2794	+	156	78632689	45392
chr17	66476076	66676076	harbor2	chr17	66526937	66527147	DNA/hAT-Charlie	629	+	105	66527042	50966
chr17	66476076	66676076	harbor2	chr17	66563717	66563961	DNA/hAT-Charlie	710	+	122	66563839	87763
chr17	79125860	79325860	harbor2	chr17	79156560	79156761	DNA/hAT-Charlie	713	+	100	79156660	30800
chr17	79125860	79325860	harbor2	chr17	79171054	79171347	DNA/hAT-Charlie	1096	+	146	79171200	45340
chr17	79125860	79325860	harbor2	chr17	79172673	79172929	DNA/hAT-Charlie	746	+	128	79172801	46941
chr17	79125860	79325860	harbor2	chr17	79173221	79173241	DNA/hAT-Charlie	746	+	10	79173231	47371
chr17	79125860	79325860	harbor2	chr17	79194663	79194742	DNA/hAT-Charlie	937	+	40	79194703	68843
chr17	79125860	79325860	harbor2	chr17	79194781	79195001	DNA/hAT-Charlie	937	+	110	79194891	69031
chr17	32888680	33088680	harbor2	chr17	32941261	32941516	DNA/hAT-Charlie	810	+	128	32941389	52709
chr17	32888680	33088680	harbor2	chr17	32958449	32958684	DNA/hAT-Charlie	1154	+	118	32958567	69887
chr17	55360263	55560263	harbor2	chr17	55367626	55367798	DNA/hAT-Charlie	643	+	86	55367712	7449
chr17	55360263	55560263	harbor2	chr17	55412814	55412940	DNA/hAT-Charlie	576	+	63	55412877	52614
chr17	55360263	55560263	harbor2	chr17	55427858	55428251	DNA/hAT-Charlie	2114	+	196	55428054	67791
chr17	55360263	55560263	harbor2	chr17	55439156	55439311	DNA/hAT-Charlie	745	+	78	55439234	78971
chr17	55360263	55560263	harbor2	chr17	55439335	55439506	DNA/hAT-Charlie	1059	+	86	55439421	79158
chr17	55360263	55560263	harbor2	chr17	55441592	55441805	DNA/hAT-Charlie	1140	+	106	55441698	81435
chr17	55360263	55560263	harbor2	chr17	55443099	55443309	DNA/hAT-Charlie	673	+	105	55443204	82941
chr17	60958894	61158894	harbor2	chr17	60982613	60982866	DNA/hAT-Charlie	1199	+	126	60982739	23845
chr17	60958894	61158894	harbor2	chr17	60993999	60994463	DNA/hAT-Charlie	1215	+	232	60994231	35337
chr17	60958894	61158894	harbor2	chr17	61019072	61019362	DNA/hAT-Charlie	1745	+	145	61019217	60323
chr17	60958894	61158894	harbor2	chr17	61048540	61048685	DNA/hAT-Charlie	728	+	72	61048612	89718
chr17	58688593	58888593	harbor2	chr17	58722330	58722521	DNA/hAT-Charlie	846	+	96	58722426	33833
chr17	58688593	58888593	harbor2	chr17	58741443	58741934	DNA/hAT-Charlie	3008	+	246	58741689	53096
chr17	58688593	58888593	harbor2	chr17	58749145	58749367	DNA/hAT-Charlie	1488	+	111	58749256	60663
chr17	58688593	58888593	harbor2	chr17	58761843	58762216	DNA/hAT-Charlie	962	+	186	58762029	73436
chr17	58688593	58888593	harbor2	chr17	58762474	58762556	DNA/hAT-Charlie	962	+	41	58762515	73922
chr17	70296240	70496240	harbor2	chr17	70331745	70331941	DNA/hAT-Charlie	890	+	98	70331843	35603
chr17	70296240	70496240	harbor2	chr17	70348721	70348923	DNA/hAT-Charlie	1450	+	101	70348822	52582
chr17	70296240	70496240	harbor2	chr17	70394174	70394492	DNA/hAT-Charlie	585	+	159	70394333	98093
chr17	69152662	69352662	harbor2	chr17	69178375	69178558	DNA/hAT-Charlie	922	+	92	69178467	25805
chr17	69152662	69352662	harbor2	chr17	69220753	69220958	DNA/hAT-Charlie	1052	+	102	69220855	68193
chr17	69152662	69352662	harbor2	chr17	69236749	69236927	DNA/hAT-Charlie	1006	+	89	69236838	84176
chr17	61767756	61967756	harbor2	chr17	61817559	61817719	DNA/hAT-Charlie	589	+	80	61817639	49883
chr17	61767756	61967756	harbor2	chr17	61820309	61820648	DNA/hAT-Charlie	591	+	170	61820479	52723
chr17	61767756	61967756	harbor2	chr17	61851839	61852067	DNA/hAT-Charlie	840	+	114	61851953	84197
chr17	64742160	64942160	harbor2	chr17	64763191	64763277	DNA/hAT-Charlie	559	+	43	64763234	21074
chr17	64742160	64942160	harbor2	chr17	64763568	64763724	DNA/hAT-Charlie	559	+	78	64763646	21486
chr17	33595173	33795173	harbor2	chr17	33619037	33619224	DNA/hAT-Charlie	549	+	94	33619131	23958
chr17	33595173	33795173	harbor2	chr17	33664459	33665021	DNA/hAT-Charlie	1478	+	281	33664740	69567
chr17	33595173	33795173	harbor2	chr17	33688281	33688531	DNA/hAT-Charlie	618	+	125	33688406	93233
chr17	33595173	33795173	harbor2	chr17	33619307	33620181	DNA/hAT-Charlie	3343	+	437	33619744	24571
chr17	28546968	28746968	harbor2	chr17	28581068	28581285	DNA/hAT-Charlie	1221	+	108	28581176	34208
chr17	28546968	28746968	harbor2	chr17	28600024	28600169	DNA/hAT-Charlie	1082	+	72	28600096	53128
chr17	28546968	28746968	harbor2	chr17	28600752	28600840	DNA/hAT-Charlie	1082	+	44	28600796	53828
chr17	28546968	28746968	harbor2	chr17	28601445	28601498	DNA/hAT-Charlie	1082	+	26	28601471	54503
chr17	13802079	14002079	harbor2	chr17	13879871	13879996	DNA/hAT-Charlie	611	+	62	13879933	77854
chr17	62065951	62265951	harbor2	chr17	62078668	62078797	DNA/hAT-Charlie	585	+	64	62078732	12781
chr17	79511783	79711783	harbor2	chr17	79529801	79530036	DNA/hAT-Charlie	618	+	118	79529919	18136
chr17	79511783	79711783	harbor2	chr17	79550930	79551111	DNA/hAT-Charlie	848	+	90	79551020	39237
chr17	70181525	70381525	harbor2	chr17	70195320	70195512	DNA/hAT-Charlie	1036	+	96	70195416	13891
chr17	70181525	70381525	harbor2	chr17	70218461	70218636	DNA/hAT-Charlie	801	+	88	70218549	37024
chr17	70181525	70381525	harbor2	chr17	70247576	70247714	DNA/hAT-Charlie	606	+	69	70247645	66120
chr17	70181525	70381525	harbor2	chr17	70247951	70247973	DNA/hAT-Charlie	606	+	11	70247962	66437
chr17	70181525	70381525	harbor2	chr17	70250497	70250659	DNA/hAT-Charlie	687	+	81	70250578	69053
chr17	61109322	61309322	harbor2	chr17	61135622	61135897	DNA/hAT-Charlie	1151	+	138	61135760	26438
chr17	61109322	61309322	harbor2	chr17	61138081	61138281	DNA/hAT-Charlie	932	+	100	61138181	28859
chr17	59681254	59881254	harbor2	chr17	59742628	59743008	DNA/hAT-Charlie	2203	+	190	59742818	61564
chr17	30338405	30538405	harbor2	chr17	30357746	30357985	DNA/hAT-Charlie	749	+	120	30357866	19461
chr17	30338405	30538405	harbor2	chr17	30358652	30359213	DNA/hAT-Charlie	888	+	280	30358932	20527
chr17	30338405	30538405	harbor2	chr17	30396866	30397105	DNA/hAT-Charlie	795	+	120	30396986	58581
chr17	30338405	30538405	harbor2	chr17	30397123	30397450	DNA/hAT-Charlie	1118	+	164	30397287	58882
chr17	30338405	30538405	harbor2	chr17	30397766	30397888	DNA/hAT-Charlie	1118	+	61	30397827	59422
chr17	30338405	30538405	harbor2	chr17	30432176	30432302	DNA/hAT-Charlie	565	+	63	30432239	93834
chr17	33535408	33735408	harbor2	chr17	33619037	33619224	DNA/hAT-Charlie	549	+	94	33619131	83723
chr17	33535408	33735408	harbor2	chr17	33587025	33587261	DNA/hAT-Charlie	1158	+	118	33587143	51735
chr17	33535408	33735408	harbor2	chr17	33619307	33620181	DNA/hAT-Charlie	3343	+	437	33619744	84336
chr17	55195700	55395700	harbor2	chr17	55195832	55196001	DNA/hAT-Charlie	576	+	84	55195916	216
chr17	81770901	81970901	harbor2	chr17	81861662	81861750	DNA/hAT-Charlie	589	+	44	81861706	90805
chr17	81770901	81970901	harbor2	chr17	81862059	81862173	DNA/hAT-Charlie	589	+	57	81862116	91215
chr17	81770901	81970901	harbor2	chr17	81862791	81862868	DNA/hAT-Charlie	589	+	38	81862829	91928
chr17	80082491	80282491	harbor2	chr17	80150567	80150868	DNA/hAT-Charlie	1440	+	150	80150717	68226
chr17	80082491	80282491	harbor2	chr17	80151243	80151282	DNA/hAT-Charlie	1440	+	20	80151263	68772
chr17	67813531	68013531	harbor2	chr17	67816730	67816925	DNA/hAT-Charlie	1256	+	98	67816828	3297
chr17	67813531	68013531	harbor2	chr17	67817230	67817398	DNA/hAT-Charlie	1256	+	84	67817314	3783
chr17	67813531	68013531	harbor2	chr17	67817890	67818116	DNA/hAT-Charlie	1256	+	113	67818003	4472
chr17	67813531	68013531	harbor2	chr17	67846404	67846508	DNA/hAT-Charlie	547	+	52	67846456	32925
chr17	76287224	76487224	harbor2	chr17	76368530	76368731	DNA/hAT-Charlie	982	+	100	76368630	81406
chr17	65262835	65462835	harbor2	chr17	65291190	65291226	DNA/hAT-Charlie	1196	+	18	65291208	28373
chr17	65262835	65462835	harbor2	chr17	65291532	65291815	DNA/hAT-Charlie	1196	+	142	65291674	28839
chr17	65262835	65462835	harbor2	chr17	65361840	65362008	DNA/hAT-Charlie	607	+	84	65361924	99089
chr17	63802205	64002205	harbor2	chr17	63801962	63802485	DNA/hAT-Charlie	3621	+	262	63802224	19
chr17	63802205	64002205	harbor2	chr17	63802601	63802628	DNA/hAT-Charlie	3621	+	14	63802615	410
chr17	63802205	64002205	harbor2	chr17	63802926	63803306	DNA/hAT-Charlie	3621	+	190	63803116	911
chr17	63802205	64002205	harbor2	chr17	63803587	63803636	DNA/hAT-Charlie	3621	+	24	63803611	1406
chr17	63802205	64002205	harbor2	chr17	63803950	63804118	DNA/hAT-Charlie	3621	+	84	63804034	1829
chr17	63802205	64002205	harbor2	chr17	63815912	63816032	DNA/hAT-Charlie	531	+	60	63815972	13767
chr17	63802205	64002205	harbor2	chr17	63869587	63869755	DNA/hAT-Charlie	608	+	84	63869671	67466
chr17	63802205	64002205	harbor2	chr17	63892479	63892647	DNA/hAT-Charlie	599	+	84	63892563	90358
chr18	63824874	64024874	harbor2	chr18	63850075	63850289	DNA/hAT-Charlie	1129	+	107	63850182	25308
chr18	63824874	64024874	harbor2	chr18	63870708	63870798	DNA/hAT-Charlie	530	+	45	63870753	45879
chr18	63824874	64024874	harbor2	chr18	63871093	63871209	DNA/hAT-Charlie	530	+	58	63871151	46277
chr18	63824874	64024874	harbor2	chr18	63922727	63922932	DNA/hAT-Charlie	967	+	102	63922829	97955
chr18	63824874	64024874	harbor2	chr18	63924449	63924606	DNA/hAT-Charlie	460	+	78	63924527	99653
chr18	46018483	46218483	harbor2	chr18	46038238	46038341	DNA/hAT-Charlie	420	+	52	46038290	19807
chr18	32203770	32403770	harbor2	chr18	32269022	32269177	DNA/hAT-Charlie	409	+	78	32269100	65330
chr18	32203770	32403770	harbor2	chr18	32279229	32279782	DNA/hAT-Charlie	3707	+	276	32279505	75735
chr18	32203770	32403770	harbor2	chr18	32289660	32289865	DNA/hAT-Charlie	1027	+	102	32289762	85992
chr18	32203770	32403770	harbor2	chr18	32296971	32297187	DNA/hAT-Charlie	1034	+	108	32297079	93309
chr18	54458323	54658323	harbor2	chr18	54488839	54489141	DNA/hAT-Charlie	1230	+	151	54488990	30667
chr18	54458323	54658323	harbor2	chr18	54490278	54490598	DNA/hAT-Charlie	1485	+	160	54490438	32115
chr18	54458323	54658323	harbor2	chr18	54516775	54516916	DNA/hAT-Charlie	408	+	70	54516845	58522
chr18	77142677	77342677	harbor2	chr18	77223137	77223310	DNA/hAT-Charlie	504	+	86	77223223	80546
chr18	79522344	79722344	harbor2	chr18	79579373	79579509	DNA/hAT-Charlie	689	+	68	79579441	57097
chr18	79522344	79722344	harbor2	chr18	79579815	79579901	DNA/hAT-Charlie	689	+	43	79579858	57514
chr18	79522344	79722344	harbor2	chr18	79614889	79615628	DNA/hAT-Charlie	2396	+	370	79615259	92915
chr18	79522344	79722344	harbor2	chr18	79616526	79616637	DNA/hAT-Charlie	438	+	56	79616582	94238
chr18	78273086	78473086	harbor2	chr18	78293470	78293627	DNA/hAT-Charlie	516	+	78	78293548	20462
chr18	31516987	31716987	harbor2	chr18	31516871	31517034	DNA/hAT-Charlie	427	+	82	31516953	34
chr18	31516987	31716987	harbor2	chr18	31522390	31522664	DNA/hAT-Charlie	961	+	137	31522527	5540
chr18	31516987	31716987	harbor2	chr18	31539722	31540254	DNA/hAT-Charlie	3911	+	266	31539988	23001
chr18	31516987	31716987	harbor2	chr18	31573495	31573657	DNA/hAT-Charlie	392	+	81	31573576	56589
chr18	31516987	31716987	harbor2	chr18	31574296	31574445	DNA/hAT-Charlie	392	+	74	31574370	57383
chr18	77206532	77406532	harbor2	chr18	77223137	77223310	DNA/hAT-Charlie	504	+	86	77223223	16691
chr18	78390464	78590464	harbor2	chr18	78483598	78483806	DNA/hAT-Charlie	898	+	104	78483702	93238
chr18	74701340	74901340	harbor2	chr18	74761023	74761297	DNA/hAT-Charlie	566	+	137	74761160	59820
chr18	79996980	80196980	harbor2	chr18	80038890	80039032	DNA/hAT-Charlie	2384	+	71	80038961	41981
chr18	79996980	80196980	harbor2	chr18	80039348	80039916	DNA/hAT-Charlie	2384	+	284	80039632	42652
chr18	79996980	80196980	harbor2	chr18	80040126	80040239	DNA/hAT-Charlie	2384	+	56	80040182	43202
chr18	79996980	80196980	harbor2	chr18	80040542	80040898	DNA/hAT-Charlie	2384	+	178	80040720	43740
chr18	79996980	80196980	harbor2	chr18	80057662	80058012	DNA/hAT-Charlie	2262	+	175	80057837	60857
chr18	79996980	80196980	harbor2	chr18	80076058	80076575	DNA/hAT-Charlie	3350	+	258	80076316	79336
chr18	65161972	65361972	harbor2	chr18	65181672	65181938	DNA/hAT-Charlie	728	+	133	65181805	19833
chr18	65161972	65361972	harbor2	chr18	65220544	65220698	DNA/hAT-Charlie	444	+	77	65220621	58649
chr18	71478694	71678694	harbor2	chr18	71539687	71540333	DNA/hAT-Charlie	1040	+	323	71540010	61316
chr18	76564250	76764250	harbor2	chr18	76594461	76594686	DNA/hAT-Charlie	1608	+	112	76594573	30323
chr18	76564250	76764250	harbor2	chr18	76624499	76624658	DNA/hAT-Charlie	648	+	80	76624579	60329
chr18	76564250	76764250	harbor2	chr18	76624778	76624971	DNA/hAT-Charlie	883	+	96	76624874	60624
chr18	22243581	22443581	harbor2	chr18	22291741	22291969	DNA/hAT-Charlie	1388	+	114	22291855	48274
chr18	28673418	28873418	harbor2	chr18	28686841	28687154	DNA/hAT-Charlie	1599	+	156	28686997	13579
chr18	28673418	28873418	harbor2	chr18	28742115	28742325	DNA/hAT-Charlie	881	+	105	28742220	68802
chr18	28673418	28873418	harbor2	chr18	28760412	28760764	DNA/hAT-Charlie	1907	+	176	28760588	87170
chr18	76049777	76249777	harbor2	chr18	76105618	76105808	DNA/hAT-Charlie	486	+	95	76105713	55936
chr18	40681131	40881131	harbor2	chr18	40707635	40707811	DNA/hAT-Charlie	484	+	88	40707723	26592
chr18	40681131	40881131	harbor2	chr18	40707920	40708105	DNA/hAT-Charlie	839	+	92	40708012	26881
chr18	40681131	40881131	harbor2	chr18	40744264	40744469	DNA/hAT-Charlie	511	+	102	40744366	63235
chr18	40681131	40881131	harbor2	chr18	40744730	40744926	DNA/hAT-Charlie	531	+	98	40744828	63697
chr18	75862275	76062275	harbor2	chr18	75899827	75900038	DNA/hAT-Charlie	1039	+	106	75899933	37658
chr18	75862275	76062275	harbor2	chr18	75906143	75906310	DNA/hAT-Charlie	629	+	84	75906227	43952
chr18	75862275	76062275	harbor2	chr18	75906318	75906498	DNA/hAT-Charlie	737	+	90	75906408	44133
chr18	28715047	28915047	harbor2	chr18	28742115	28742325	DNA/hAT-Charlie	881	+	105	28742220	27173
chr18	28715047	28915047	harbor2	chr18	28760412	28760764	DNA/hAT-Charlie	1907	+	176	28760588	45541
chr18	28715047	28915047	harbor2	chr18	28782959	28783180	DNA/hAT-Charlie	1380	+	110	28783069	68022
chr18	48914970	49114970	harbor2	chr18	49003993	49004185	DNA/hAT-Charlie	693	+	96	49004089	89119
chr18	75337098	75537098	harbor2	chr18	75354654	75354939	DNA/hAT-Charlie	751	+	142	75354796	17698
chr18	75337098	75537098	harbor2	chr18	75365928	75366140	DNA/hAT-Charlie	878	+	106	75366034	28936
chr18	75337098	75537098	harbor2	chr18	75408718	75408803	DNA/hAT-Charlie	407	+	42	75408760	71662
chr18	32688955	32888955	harbor2	chr18	32712024	32712228	DNA/hAT-Charlie	1185	+	102	32712126	23171
chr18	32688955	32888955	harbor2	chr18	32713058	32713210	DNA/hAT-Charlie	782	+	76	32713134	24179
chr18	32688955	32888955	harbor2	chr18	32726085	32726310	DNA/hAT-Charlie	1294	+	112	32726197	37242
chr18	32688955	32888955	harbor2	chr18	32764529	32764861	DNA/hAT-Charlie	1205	+	166	32764695	75740
chr18	69016541	69216541	harbor2	chr18	69029615	69029783	DNA/hAT-Charlie	507	+	84	69029699	13158
chr18	69016541	69216541	harbor2	chr18	69037482	69037607	DNA/hAT-Charlie	558	+	62	69037544	21003
chr18	69016541	69216541	harbor2	chr18	69097468	69097662	DNA/hAT-Charlie	858	+	97	69097565	81024
chr18	47861886	48061886	harbor2	chr18	47872528	47872864	DNA/hAT-Charlie	1718	+	168	47872696	10810
chr18	47861886	48061886	harbor2	chr18	47913264	47913401	DNA/hAT-Charlie	401	+	68	47913332	51446
chr18	47861886	48061886	harbor2	chr18	47923382	47923430	DNA/hAT-Charlie	416	+	24	47923406	61520
chr18	47861886	48061886	harbor2	chr18	47923896	47923966	DNA/hAT-Charlie	1982	+	35	47923931	62045
chr18	47861886	48061886	harbor2	chr18	47924269	47924453	DNA/hAT-Charlie	1982	+	92	47924361	62475
chr18	47861886	48061886	harbor2	chr18	47924763	47925725	DNA/hAT-Charlie	1982	+	481	47925244	63358
chr18	61902485	62102485	harbor2	chr18	61921961	61922468	DNA/hAT-Charlie	3255	+	254	61922215	19730
chr18	61902485	62102485	harbor2	chr18	61939782	61940037	DNA/hAT-Charlie	520	+	128	61939910	37425
chr18	61902485	62102485	harbor2	chr18	61940514	61940691	DNA/hAT-Charlie	739	+	88	61940602	38117
chr18	61902485	62102485	harbor2	chr18	61972771	61972871	DNA/hAT-Charlie	658	+	50	61972821	70336
chr18	61902485	62102485	harbor2	chr18	61973266	61973353	DNA/hAT-Charlie	658	+	44	61973310	70825
chr18	61902485	62102485	harbor2	chr18	61974424	61974615	DNA/hAT-Charlie	954	+	96	61974520	72035
chr18	61902485	62102485	harbor2	chr18	61994406	61994722	DNA/hAT-Charlie	772	+	158	61994564	92079
chr18	50654411	50854411	harbor2	chr18	50657619	50657835	DNA/hAT-Charlie	931	+	108	50657727	3316
chr18	50654411	50854411	harbor2	chr18	50658943	50659178	DNA/hAT-Charlie	1128	+	118	50659061	4650
chr18	50654411	50854411	harbor2	chr18	50670787	50670962	DNA/hAT-Charlie	875	+	88	50670875	16464
chr18	50654411	50854411	harbor2	chr18	50676915	50677255	DNA/hAT-Charlie	2368	+	170	50677085	22674
chr18	50654411	50854411	harbor2	chr18	50696999	50697168	DNA/hAT-Charlie	844	+	84	50697083	42672
chr18	50654411	50854411	harbor2	chr18	50728465	50728646	DNA/hAT-Charlie	484	+	90	50728555	74144
chr18	50654411	50854411	harbor2	chr18	50728655	50728812	DNA/hAT-Charlie	802	+	78	50728733	74322
chr18	50654411	50854411	harbor2	chr18	50733251	50733363	DNA/hAT-Charlie	678	+	56	50733307	78896
chr18	50654411	50854411	harbor2	chr18	50744158	50744255	DNA/hAT-Charlie	509	+	48	50744206	89795
chr18	50654411	50854411	harbor2	chr18	50745067	50745294	DNA/hAT-Charlie	856	+	114	50745181	90770
chr18	74231680	74431680	harbor2	chr18	74289404	74289493	DNA/hAT-Charlie	962	+	44	74289448	57768
chr18	74231680	74431680	harbor2	chr18	74289798	74289930	DNA/hAT-Charlie	962	+	66	74289864	58184
chr18	74231680	74431680	harbor2	chr18	74331521	74331727	DNA/hAT-Charlie	1004	+	103	74331624	99944
chr18	30375367	30575367	harbor2	chr18	30386437	30386624	DNA/hAT-Charlie	673	+	94	30386531	11164
chr18	30375367	30575367	harbor2	chr18	30388019	30388679	DNA/hAT-Charlie	2115	+	330	30388349	12982
chr18	30375367	30575367	harbor2	chr18	30418090	30418220	DNA/hAT-Charlie	459	+	65	30418155	42788
chr18	30375367	30575367	harbor2	chr18	30444742	30444895	DNA/hAT-Charlie	754	+	76	30444818	69451
chr18	30375367	30575367	harbor2	chr18	30457069	30457653	DNA/hAT-Charlie	855	+	292	30457361	81994
chr18	77001364	77201364	harbor2	chr18	77002320	77002537	DNA/hAT-Charlie	505	+	108	77002428	1064
chr18	77001364	77201364	harbor2	chr18	77024143	77024358	DNA/hAT-Charlie	1510	+	108	77024251	22887
chr18	77001364	77201364	harbor2	chr18	77038929	77039254	DNA/hAT-Charlie	1099	+	162	77039091	37727
chr18	77001364	77201364	harbor2	chr18	77099284	77099546	DNA/hAT-Charlie	615	+	131	77099415	98051
chr19	53911311	54111311	harbor2	chr19	53947902	53948344	DNA/hAT-Charlie	1312	+	221	53948123	36812
chr19	53911311	54111311	harbor2	chr19	53948624	53948670	DNA/hAT-Charlie	1312	+	23	53948647	37336
chr19	53911311	54111311	harbor2	chr19	53956414	53956643	DNA/hAT-Charlie	1148	+	114	53956528	45217
chr19	48400520	48600520	harbor2	chr19	48403294	48403532	DNA/hAT-Charlie	873	+	119	48403413	2893
chr19	51587353	51787353	harbor2	chr19	51589644	51589864	DNA/hAT-Charlie	1037	+	110	51589754	2401
chr19	49941421	50141421	harbor2	chr19	50039409	50039612	DNA/hAT-Charlie	699	+	102	50039511	98090
chr19	4653752	4853752	harbor2	chr19	4701509	4701827	DNA/hAT-Charlie	639	+	159	4701668	47916
chr19	4653752	4853752	harbor2	chr19	4713026	4713209	DNA/hAT-Charlie	652	+	92	4713118	59366
chr19	4653752	4853752	harbor2	chr19	4719476	4719682	DNA/hAT-Charlie	805	+	103	4719579	65827
chr19	4653752	4853752	harbor2	chr19	4720596	4720797	DNA/hAT-Charlie	883	+	100	4720696	66944
chr19	4653752	4853752	harbor2	chr19	4736508	4736709	DNA/hAT-Charlie	769	+	100	4736608	82856
chr19	40964482	41164482	harbor2	chr19	41051504	41051799	DNA/hAT-Charlie	932	+	148	41051652	87170
chr19	56081040	56281040	harbor2	chr19	56090466	56090540	DNA/hAT-Charlie	628	+	37	56090503	9463
chr19	56081040	56281040	harbor2	chr19	56090837	56090950	DNA/hAT-Charlie	628	+	56	56090893	9853
chr19	56081040	56281040	harbor2	chr19	56142408	56142601	DNA/hAT-Charlie	799	+	96	56142504	61464
chr19	36646643	36846643	harbor2	chr19	36646432	36646704	DNA/hAT-Charlie	1434	+	136	36646568	75
chr19	36646643	36846643	harbor2	chr19	36646696	36647010	DNA/hAT-Charlie	1378	+	157	36646853	210
chr19	36646643	36846643	harbor2	chr19	36709099	36709329	DNA/hAT-Charlie	946	+	115	36709214	62571
chr19	16646720	16846720	harbor2	chr19	16654468	16654542	DNA/hAT-Charlie	1378	+	37	16654505	7785
chr19	16646720	16846720	harbor2	chr19	16654681	16654938	DNA/hAT-Charlie	1378	+	128	16654809	8089
chr19	16646720	16846720	harbor2	chr19	16672829	16673040	DNA/hAT-Charlie	1155	+	106	16672935	26215
chr19	16646720	16846720	harbor2	chr19	16702780	16702892	DNA/hAT-Charlie	1013	+	56	16702836	56116
chr19	16646720	16846720	harbor2	chr19	16703204	16703323	DNA/hAT-Charlie	1013	+	60	16703264	56544
chr19	16646720	16846720	harbor2	chr19	16720506	16720562	DNA/hAT-Charlie	641	+	28	16720534	73814
chr19	16646720	16846720	harbor2	chr19	16721150	16721323	DNA/hAT-Charlie	641	+	86	16721236	74516
chr19	16646720	16846720	harbor2	chr19	16738022	16738245	DNA/hAT-Charlie	1103	+	112	16738134	91414
chr19	58412055	58612055	harbor2	chr19	58468938	58469138	DNA/hAT-Charlie	1312	+	100	58469038	56983
chr19	57177118	57377118	harbor2	chr19	57245411	57245497	DNA/hAT-Charlie	758	+	43	57245454	68336
chr19	57177118	57377118	harbor2	chr19	57245793	57245945	DNA/hAT-Charlie	758	+	76	57245869	68751
chr19	57198910	57398910	harbor2	chr19	57245411	57245497	DNA/hAT-Charlie	758	+	43	57245454	46544
chr19	57198910	57398910	harbor2	chr19	57245793	57245945	DNA/hAT-Charlie	758	+	76	57245869	46959
chr19	51865699	52065699	harbor2	chr19	51885182	51885352	DNA/hAT-Charlie	731	+	85	51885267	19568
chr19	51865699	52065699	harbor2	chr19	51911448	51911630	DNA/hAT-Charlie	763	+	91	51911539	45840
chr19	51865699	52065699	harbor2	chr19	51923037	51923220	DNA/hAT-Charlie	1263	+	92	51923129	57430
chr19	51865699	52065699	harbor2	chr19	51935596	51935942	DNA/hAT-Charlie	722	+	173	51935769	70070
chr19	51819179	52019179	harbor2	chr19	51821314	51821530	DNA/hAT-Charlie	1208	+	108	51821422	2243
chr19	51819179	52019179	harbor2	chr19	51885182	51885352	DNA/hAT-Charlie	731	+	85	51885267	66088
chr19	51819179	52019179	harbor2	chr19	51911448	51911630	DNA/hAT-Charlie	763	+	91	51911539	92360
chr19	54937536	55137536	harbor2	chr19	55024651	55024828	DNA/hAT-Charlie	759	+	88	55024739	87203
chr19	45624161	45824161	harbor2	chr19	45715289	45715488	DNA/hAT-Charlie	1020	+	100	45715389	91228
chr19	16101480	16301480	harbor2	chr19	16156496	16156704	DNA/hAT-Charlie	865	+	104	16156600	55120
chr19	16101480	16301480	harbor2	chr19	16186745	16186976	DNA/hAT-Charlie	1046	+	116	16186861	85381
chr19	51225260	51425260	harbor2	chr19	51262255	51262603	DNA/hAT-Charlie	1115	+	174	51262429	37169
chr19	41248258	41448258	harbor2	chr19	41346605	41346719	DNA/hAT-Charlie	772	+	57	41346662	98404
chr19	41248258	41448258	harbor2	chr19	41347026	41347037	DNA/hAT-Charlie	772	+	6	41347032	98774
chr19	41248258	41448258	harbor2	chr19	41347323	41347399	DNA/hAT-Charlie	772	+	38	41347361	99103
chr19	37352729	37552729	harbor2	chr19	37376800	37377034	DNA/hAT-Charlie	1081	+	117	37376917	24188
chr19	37352729	37552729	harbor2	chr19	37379816	37379984	DNA/hAT-Charlie	929	+	84	37379900	27171
chr19	37352729	37552729	harbor2	chr19	37386442	37386628	DNA/hAT-Charlie	949	+	93	37386535	33806
chr19	39968938	40168938	harbor2	chr19	39976482	39976508	DNA/hAT-Charlie	778	+	13	39976495	7557
chr19	39968938	40168938	harbor2	chr19	39976809	39976846	DNA/hAT-Charlie	778	+	18	39976827	7889
chr19	39968938	40168938	harbor2	chr19	39977152	39977237	DNA/hAT-Charlie	778	+	42	39977194	8256
chr19	39968938	40168938	harbor2	chr19	39981743	39981865	DNA/hAT-Charlie	700	+	61	39981804	12866
chr19	39968938	40168938	harbor2	chr19	40002576	40002698	DNA/hAT-Charlie	795	+	61	40002637	33699
chr19	39968938	40168938	harbor2	chr19	40003000	40003033	DNA/hAT-Charlie	795	+	16	40003016	34078
chr19	39968938	40168938	harbor2	chr19	40003336	40003378	DNA/hAT-Charlie	795	+	21	40003357	34419
chr19	39968938	40168938	harbor2	chr19	40013201	40013517	DNA/hAT-Charlie	1277	+	158	40013359	44421
chr19	39968938	40168938	harbor2	chr19	40017568	40017743	DNA/hAT-Charlie	915	+	88	40017656	48718
chr19	55785674	55985674	harbor2	chr19	55791018	55791223	DNA/hAT-Charlie	802	+	102	55791120	5446
chr19	55785674	55985674	harbor2	chr19	55800631	55800897	DNA/hAT-Charlie	1084	+	133	55800764	15090
chr19	55785674	55985674	harbor2	chr19	55801196	55801282	DNA/hAT-Charlie	1084	+	43	55801239	15565
chr19	55785674	55985674	harbor2	chr19	55808389	55808588	DNA/hAT-Charlie	796	+	100	55808489	22815
chr19	55785674	55985674	harbor2	chr19	55813988	55814479	DNA/hAT-Charlie	3248	+	246	55814234	28560
chr19	57993279	58193279	harbor2	chr19	58057609	58057798	DNA/hAT-Charlie	687	+	94	58057703	64424
chr19	41776028	41976028	harbor2	chr19	41785413	41785567	DNA/hAT-Charlie	688	+	77	41785490	9462
chr19	46479918	46679918	harbor2	chr19	46491099	46491254	DNA/hAT-Charlie	676	+	78	46491177	11259
chr19	46479918	46679918	harbor2	chr19	46502926	46503226	DNA/hAT-Charlie	1221	+	150	46503076	23158
chr19	46479918	46679918	harbor2	chr19	46503525	46503572	DNA/hAT-Charlie	1221	+	24	46503549	23631
chr19	46479918	46679918	harbor2	chr19	46503758	46503918	DNA/hAT-Charlie	617	+	80	46503838	23920
chr19	46479918	46679918	harbor2	chr19	46546366	46546534	DNA/hAT-Charlie	709	+	84	46546450	66532
chr19	33054978	33254978	harbor2	chr19	33086000	33086168	DNA/hAT-Charlie	739	+	84	33086084	31106
chr19	57016344	57216344	harbor2	chr19	57021988	57022198	DNA/hAT-Charlie	754	+	105	57022093	5749
chr19	57016344	57216344	harbor2	chr19	57069364	57069556	DNA/hAT-Charlie	820	+	96	57069460	53116
chr19	57016344	57216344	harbor2	chr19	57069853	57069952	DNA/hAT-Charlie	820	+	50	57069903	53559
chr19	57016344	57216344	harbor2	chr19	57101000	57101081	DNA/hAT-Charlie	824	+	40	57101040	84696
chr19	57016344	57216344	harbor2	chr19	57101704	57101921	DNA/hAT-Charlie	824	+	108	57101812	85468
chr19	56612059	56812059	harbor2	chr19	56646362	56646595	DNA/hAT-Charlie	871	+	116	56646478	34419
chr19	56612059	56812059	harbor2	chr19	56682876	56683211	DNA/hAT-Charlie	825	+	168	56683044	70985
chr19	57052158	57252158	harbor2	chr19	57069364	57069556	DNA/hAT-Charlie	820	+	96	57069460	17302
chr19	57052158	57252158	harbor2	chr19	57069853	57069952	DNA/hAT-Charlie	820	+	50	57069903	17745
chr19	57052158	57252158	harbor2	chr19	57101000	57101081	DNA/hAT-Charlie	824	+	40	57101040	48882
chr19	57052158	57252158	harbor2	chr19	57101704	57101921	DNA/hAT-Charlie	824	+	108	57101812	49654
chr19	54935894	55135894	harbor2	chr19	55024651	55024828	DNA/hAT-Charlie	759	+	88	55024739	88845
chr19	30536518	30736518	harbor2	chr19	30569930	30570124	DNA/hAT-Charlie	926	+	97	30570027	33509
chr19	30536518	30736518	harbor2	chr19	30588538	30588931	DNA/hAT-Charlie	1357	+	196	30588734	52216
chr19	54891376	55091376	harbor2	chr19	54917639	54917832	DNA/hAT-Charlie	698	+	96	54917735	26359
chr19	6095437	6295437	harbor2	chr19	6095748	6096087	DNA/hAT-Charlie	1713	+	170	6095918	481
chr19	6095437	6295437	harbor2	chr19	6099863	6100031	DNA/hAT-Charlie	830	+	84	6099947	4510
chr19	6095437	6295437	harbor2	chr19	6111451	6111665	DNA/hAT-Charlie	999	+	107	6111558	16121
chr19	6095437	6295437	harbor2	chr19	6191966	6192209	DNA/hAT-Charlie	669	+	122	6192088	96651
chr19	51757602	51957602	harbor2	chr19	51761309	51761598	DNA/hAT-Charlie	815	+	144	51761453	3851
chr19	51757602	51957602	harbor2	chr19	51766241	51766457	DNA/hAT-Charlie	1038	+	108	51766349	8747
chr19	51757602	51957602	harbor2	chr19	51798229	51798421	DNA/hAT-Charlie	1061	+	96	51798325	40723
chr19	51757602	51957602	harbor2	chr19	51818112	51818418	DNA/hAT-Charlie	787	+	153	51818265	60663
chr19	51757602	51957602	harbor2	chr19	51821314	51821530	DNA/hAT-Charlie	1208	+	108	51821422	63820
chr19	55470764	55670764	harbor2	chr19	55494073	55494280	DNA/hAT-Charlie	899	+	104	55494177	23413
chr19	55470764	55670764	harbor2	chr19	55513614	55513825	DNA/hAT-Charlie	1041	+	106	55513720	42956
chr19	55470764	55670764	harbor2	chr19	55562286	55562517	DNA/hAT-Charlie	1339	+	116	55562402	91638
chr19	55162020	55362020	harbor2	chr19	55193489	55193701	DNA/hAT-Charlie	1058	+	106	55193595	31575
chr19	55162020	55362020	harbor2	chr19	55205700	55205903	DNA/hAT-Charlie	624	+	102	55205802	43782
chr19	35846873	36046873	harbor2	chr19	35859232	35859441	DNA/hAT-Charlie	1588	+	104	35859336	12463
chr19	35846873	36046873	harbor2	chr19	35934836	35934860	DNA/hAT-Charlie	713	+	12	35934848	87975
chr19	35846873	36046873	harbor2	chr19	35935147	35935288	DNA/hAT-Charlie	713	+	70	35935217	88344
chr19	37616579	37816579	harbor2	chr19	37646391	37646553	DNA/hAT-Charlie	873	+	81	37646472	29893
chr19	37616579	37816579	harbor2	chr19	37646896	37647037	DNA/hAT-Charlie	873	+	70	37646966	30387
chr19	44985726	45185726	harbor2	chr19	45082921	45083072	DNA/hAT-Charlie	668	+	76	45082997	97271
chr19	44985726	45185726	harbor2	chr19	45085391	45085565	DNA/hAT-Charlie	685	+	87	45085478	99752
chr19	40453323	40653323	harbor2	chr19	40472884	40473058	DNA/hAT-Charlie	832	+	87	40472971	19648
chr19	40453323	40653323	harbor2	chr19	40473657	40473716	DNA/hAT-Charlie	832	+	30	40473687	20364
chr19	52201453	52401453	harbor2	chr19	52227889	52228027	DNA/hAT-Charlie	625	+	69	52227958	26505
chr19	58370634	58570634	harbor2	chr19	58468938	58469138	DNA/hAT-Charlie	1312	+	100	58469038	98404
chr19	48526960	48726960	harbor2	chr19	48607978	48608106	DNA/hAT-Charlie	632	+	64	48608042	81082
chr19	48526960	48726960	harbor2	chr19	48608413	48608432	DNA/hAT-Charlie	632	+	10	48608423	81463
chr19	48526960	48726960	harbor2	chr19	48608746	48608810	DNA/hAT-Charlie	632	+	32	48608778	81818
chr19	15681986	15881986	harbor2	chr19	15733003	15733225	DNA/hAT-Charlie	874	+	111	15733114	51128
chr19	15681986	15881986	harbor2	chr19	15737048	15737295	DNA/hAT-Charlie	1097	+	124	15737172	55186
chr19	15681986	15881986	harbor2	chr19	15737584	15737731	DNA/hAT-Charlie	1097	+	74	15737658	55672
chr19	56939809	57139809	harbor2	chr19	56943020	56943245	DNA/hAT-Charlie	1007	+	112	56943132	3323
chr19	56939809	57139809	harbor2	chr19	56956890	56957102	DNA/hAT-Charlie	875	+	106	56956996	17187
chr19	56939809	57139809	harbor2	chr19	56974227	56974452	DNA/hAT-Charlie	712	+	112	56974339	34530
chr19	56939809	57139809	harbor2	chr19	57021988	57022198	DNA/hAT-Charlie	754	+	105	57022093	82284
chr19	55656300	55856300	harbor2	chr19	55681470	55681658	DNA/hAT-Charlie	901	+	94	55681564	25264
chr19	55534408	55734408	harbor2	chr19	55562286	55562517	DNA/hAT-Charlie	1339	+	116	55562402	27994
chr19	55534408	55734408	harbor2	chr19	55576356	55576455	DNA/hAT-Charlie	671	+	50	55576406	41998
chr19	55534408	55734408	harbor2	chr19	55576760	55576886	DNA/hAT-Charlie	671	+	63	55576823	42415
chr19	53414739	53614739	harbor2	chr19	53426511	53426841	DNA/hAT-Charlie	1983	+	165	53426676	11937
chr19	53414739	53614739	harbor2	chr19	53512622	53512952	DNA/hAT-Charlie	2008	+	165	53512787	98048
chr19	36904917	37104917	harbor2	chr19	36982987	36983266	DNA/hAT-Charlie	1665	+	140	36983127	78210
chr19	36904917	37104917	harbor2	chr19	37004471	37004696	DNA/hAT-Charlie	910	+	112	37004583	99666
chr19	43076393	43276393	harbor2	chr19	43130995	43131163	DNA/hAT-Charlie	668	+	84	43131079	54686
chr19	43076393	43276393	harbor2	chr19	43133426	43133639	DNA/hAT-Charlie	1289	+	106	43133532	57139
chr19	56632307	56832307	harbor2	chr19	56646362	56646595	DNA/hAT-Charlie	871	+	116	56646478	14171
chr19	56632307	56832307	harbor2	chr19	56682876	56683211	DNA/hAT-Charlie	825	+	168	56683044	50737
chr19	56632307	56832307	harbor2	chr19	56728578	56728869	DNA/hAT-Charlie	744	+	146	56728724	96417
chr19	58458047	58658047	harbor2	chr19	58468938	58469138	DNA/hAT-Charlie	1312	+	100	58469038	10991
chr19	15680879	15880879	harbor2	chr19	15733003	15733225	DNA/hAT-Charlie	874	+	111	15733114	52235
chr19	15680879	15880879	harbor2	chr19	15737048	15737295	DNA/hAT-Charlie	1097	+	124	15737172	56293
chr19	15680879	15880879	harbor2	chr19	15737584	15737731	DNA/hAT-Charlie	1097	+	74	15737658	56779
chr19	56696976	56896976	harbor2	chr19	56728578	56728869	DNA/hAT-Charlie	744	+	146	56728724	31748
chr19	56696976	56896976	harbor2	chr19	56741506	56741988	DNA/hAT-Charlie	810	+	241	56741747	44771
chr19	56696976	56896976	harbor2	chr19	56751951	56752137	DNA/hAT-Charlie	932	+	93	56752044	55068
chr19	56696976	56896976	harbor2	chr19	56752440	56752456	DNA/hAT-Charlie	932	+	8	56752448	55472
chr19	56696976	56896976	harbor2	chr19	56752765	56753036	DNA/hAT-Charlie	932	+	136	56752901	55925
chr19	56696976	56896976	harbor2	chr19	56767777	56767968	DNA/hAT-Charlie	748	+	96	56767873	70897
chr19	56696976	56896976	harbor2	chr19	56776261	56776538	DNA/hAT-Charlie	631	+	138	56776399	79423
chr19	56696976	56896976	harbor2	chr19	56777548	56777751	DNA/hAT-Charlie	1158	+	102	56777650	80674
chr19	56696976	56896976	harbor2	chr19	56779586	56779793	DNA/hAT-Charlie	733	+	104	56779690	82714
chr19	56696976	56896976	harbor2	chr19	56784964	56785296	DNA/hAT-Charlie	728	+	166	56785130	88154
chr19	41068379	41268379	harbor2	chr19	41111730	41111946	DNA/hAT-Charlie	759	+	108	41111838	43459
chr19	34043506	34243506	harbor2	chr19	34098820	34098970	DNA/hAT-Charlie	1087	+	75	34098895	55389
chr19	34043506	34243506	harbor2	chr19	34099266	34099315	DNA/hAT-Charlie	1087	+	24	34099290	55784
chr19	30800073	31000073	harbor2	chr19	30828171	30829481	DNA/hAT-Charlie	5620	+	655	30828826	28753
chr19	30800073	31000073	harbor2	chr19	30896048	30896252	DNA/hAT-Charlie	895	+	102	30896150	96077
chr19	58175575	58375575	harbor2	chr19	58178700	58179002	DNA/hAT-Charlie	622	+	151	58178851	3276
chr19	58175575	58375575	harbor2	chr19	58179318	58179371	DNA/hAT-Charlie	622	+	26	58179344	3769
chr19	43564582	43764582	harbor2	chr19	43587390	43587624	DNA/hAT-Charlie	1365	+	117	43587507	22925
chr19	43564582	43764582	harbor2	chr19	43587928	43588036	DNA/hAT-Charlie	1365	+	54	43587982	23400
chr19	43564582	43764582	harbor2	chr19	43601118	43601332	DNA/hAT-Charlie	1102	+	107	43601225	36643
chr19	43564582	43764582	harbor2	chr19	43649773	43650008	DNA/hAT-Charlie	1666	+	118	43649891	85309
chr19	43564582	43764582	harbor2	chr19	43650625	43650752	DNA/hAT-Charlie	1666	+	64	43650689	86107
chr19	43564582	43764582	harbor2	chr19	43651050	43651074	DNA/hAT-Charlie	1666	+	12	43651062	86480
chr19	43564582	43764582	harbor2	chr19	43651375	43651437	DNA/hAT-Charlie	1666	+	31	43651406	86824
chr19	43564582	43764582	harbor2	chr19	43651736	43651791	DNA/hAT-Charlie	1666	+	28	43651764	87182
chr19	50391052	50591052	harbor2	chr19	50463085	50463318	DNA/hAT-Charlie	853	+	116	50463201	72149
chr19	28433430	28633430	harbor2	chr19	28439329	28439463	DNA/hAT-Charlie	743	+	67	28439396	5966
chr19	28433430	28633430	harbor2	chr19	28463064	28463395	DNA/hAT-Charlie	1192	+	166	28463230	29800
chr19	41168133	41368133	harbor2	chr19	41169202	41169468	DNA/hAT-Charlie	935	+	133	41169335	1202
chr19	41168133	41368133	harbor2	chr19	41236853	41237058	DNA/hAT-Charlie	1443	+	102	41236955	68822
chr19	41168133	41368133	harbor2	chr19	41245932	41246161	DNA/hAT-Charlie	1055	+	114	41246046	77913
chr19	39292175	39492175	harbor2	chr19	39344980	39345152	DNA/hAT-Charlie	876	+	86	39345066	52891
chr19	56934939	57134939	harbor2	chr19	56943020	56943245	DNA/hAT-Charlie	1007	+	112	56943132	8193
chr19	56934939	57134939	harbor2	chr19	56956890	56957102	DNA/hAT-Charlie	875	+	106	56956996	22057
chr19	56934939	57134939	harbor2	chr19	56974227	56974452	DNA/hAT-Charlie	712	+	112	56974339	39400
chr19	56934939	57134939	harbor2	chr19	57021988	57022198	DNA/hAT-Charlie	754	+	105	57022093	87154
chr19	39529627	39729627	harbor2	chr19	39626677	39626830	DNA/hAT-Charlie	708	+	76	39626753	97126
chr19	46447546	46647546	harbor2	chr19	46491099	46491254	DNA/hAT-Charlie	676	+	78	46491177	43631
chr19	46447546	46647546	harbor2	chr19	46502926	46503226	DNA/hAT-Charlie	1221	+	150	46503076	55530
chr19	46447546	46647546	harbor2	chr19	46503525	46503572	DNA/hAT-Charlie	1221	+	24	46503549	56003
chr19	46447546	46647546	harbor2	chr19	46503758	46503918	DNA/hAT-Charlie	617	+	80	46503838	56292
chr19	46447546	46647546	harbor2	chr19	46546366	46546534	DNA/hAT-Charlie	709	+	84	46546450	98904
chr19	37901641	38101641	harbor2	chr19	37979116	37979267	DNA/hAT-Charlie	1507	+	76	37979192	77551
chr19	37901641	38101641	harbor2	chr19	37979574	37979760	DNA/hAT-Charlie	1507	+	93	37979667	78026
chr19	58275503	58475503	harbor2	chr19	58296689	58296898	DNA/hAT-Charlie	1034	+	104	58296793	21290
chr19	58275503	58475503	harbor2	chr19	58297815	58298018	DNA/hAT-Charlie	702	+	102	58297917	22414
chr19	58275503	58475503	harbor2	chr19	58298625	58298680	DNA/hAT-Charlie	702	+	28	58298653	23150
chr19	58275503	58475503	harbor2	chr19	58324387	58324598	DNA/hAT-Charlie	1476	+	106	58324493	48990
chr19	53373920	53573920	harbor2	chr19	53426511	53426841	DNA/hAT-Charlie	1983	+	165	53426676	52756
chr19	56417807	56617807	harbor2	chr19	56421063	56421240	DNA/hAT-Charlie	653	+	88	56421151	3344
chr19	56417807	56617807	harbor2	chr19	56432610	56432774	DNA/hAT-Charlie	827	+	82	56432692	14885
chr19	56417807	56617807	harbor2	chr19	56443906	56444135	DNA/hAT-Charlie	916	+	114	56444020	26213
chr19	56417807	56617807	harbor2	chr19	56463934	56464242	DNA/hAT-Charlie	1164	+	154	56464088	46281
chr19	56417807	56617807	harbor2	chr19	56464519	56464620	DNA/hAT-Charlie	749	+	50	56464569	46762
chr19	56417807	56617807	harbor2	chr19	56473533	56473745	DNA/hAT-Charlie	1130	+	106	56473639	55832
chr19	56417807	56617807	harbor2	chr19	56502907	56503223	DNA/hAT-Charlie	1960	+	158	56503065	85258
chr19	56417807	56617807	harbor2	chr19	56475458	56475686	DNA/hAT-Charlie	960	+	114	56475572	57765
chr19	50142904	50342904	harbor2	chr19	50156174	50156388	DNA/hAT-Charlie	1387	+	107	50156281	13377
chr19	50142904	50342904	harbor2	chr19	50160219	50160483	DNA/hAT-Charlie	1656	+	132	50160351	17447
chr19	50142904	50342904	harbor2	chr19	50160779	50160853	DNA/hAT-Charlie	1656	+	37	50160816	17912
chr19	50142904	50342904	harbor2	chr19	50198552	50198775	DNA/hAT-Charlie	870	+	112	50198664	55760
chr19	57197567	57397567	harbor2	chr19	57245411	57245497	DNA/hAT-Charlie	758	+	43	57245454	47887
chr19	57197567	57397567	harbor2	chr19	57245793	57245945	DNA/hAT-Charlie	758	+	76	57245869	48302
chr19	55289905	55489905	harbor2	chr19	55310550	55310735	DNA/hAT-Charlie	824	+	92	55310642	20737
chr19	55234371	55434371	harbor2	chr19	55267977	55268148	DNA/hAT-Charlie	660	+	86	55268063	33692
chr19	55234371	55434371	harbor2	chr19	55310550	55310735	DNA/hAT-Charlie	824	+	92	55310642	76271
chr19	47188920	47388920	harbor2	chr19	47200686	47200855	DNA/hAT-Charlie	744	+	84	47200770	11850
chr19	52206124	52406124	harbor2	chr19	52227889	52228027	DNA/hAT-Charlie	625	+	69	52227958	21834
chr19	45526095	45726095	harbor2	chr19	45554402	45554789	DNA/hAT-Charlie	1609	+	194	45554596	28501
chr19	45526095	45726095	harbor2	chr19	45555086	45555330	DNA/hAT-Charlie	1609	+	122	45555208	29113
chr19	45526095	45726095	harbor2	chr19	45555932	45556142	DNA/hAT-Charlie	1609	+	105	45556037	29942
chr19	45543568	45743568	harbor2	chr19	45554402	45554789	DNA/hAT-Charlie	1609	+	194	45554596	11028
chr19	45543568	45743568	harbor2	chr19	45555086	45555330	DNA/hAT-Charlie	1609	+	122	45555208	11640
chr19	45543568	45743568	harbor2	chr19	45555932	45556142	DNA/hAT-Charlie	1609	+	105	45556037	12469
chr19	36502186	36702186	harbor2	chr19	36522509	36522674	DNA/hAT-Charlie	756	+	82	36522591	20405
chr19	36502186	36702186	harbor2	chr19	36571185	36571393	DNA/hAT-Charlie	1041	+	104	36571289	69103
chr19	36502186	36702186	harbor2	chr19	36571692	36571756	DNA/hAT-Charlie	1041	+	32	36571724	69538
chr19	45350712	45550712	harbor2	chr19	45431177	45431301	DNA/hAT-Charlie	1171	+	62	45431239	80527
chr19	45350712	45550712	harbor2	chr19	45431899	45431967	DNA/hAT-Charlie	1171	+	34	45431933	81221
chr19	45350712	45550712	harbor2	chr19	45432270	45432283	DNA/hAT-Charlie	1171	+	6	45432276	81564
chr19	45350712	45550712	harbor2	chr19	45432435	45432547	DNA/hAT-Charlie	1171	+	56	45432491	81779
chr19	30992469	31192469	harbor2	chr19	31008978	31009147	DNA/hAT-Charlie	914	+	84	31009062	16593
chr19	30992469	31192469	harbor2	chr19	31011554	31012150	DNA/hAT-Charlie	3392	+	298	31011852	19383
chr19	30992469	31192469	harbor2	chr19	31019388	31019585	DNA/hAT-Charlie	745	+	98	31019486	27017
chr19	47407243	47607243	harbor2	chr19	47481588	47481802	DNA/hAT-Charlie	1225	+	107	47481695	74452
chr19	41424100	41624100	harbor2	chr19	41438864	41439065	DNA/hAT-Charlie	1228	+	100	41438964	14864
chr19	41424100	41624100	harbor2	chr19	41444537	41444780	DNA/hAT-Charlie	1149	+	122	41444659	20559
chr19	44000760	44200760	harbor2	chr19	44043279	44043432	DNA/hAT-Charlie	793	+	76	44043355	42595
chr19	49281070	49481070	harbor2	chr19	49352155	49352377	DNA/hAT-Charlie	892	+	111	49352266	71196
chr19	49281070	49481070	harbor2	chr19	49348462	49348627	DNA/hAT-Charlie	924	+	82	49348544	67474
chr19	54928713	55128713	harbor2	chr19	55024651	55024828	DNA/hAT-Charlie	759	+	88	55024739	96026
chr19	55976125	56176125	harbor2	chr19	55992591	55992775	DNA/hAT-Charlie	649	+	92	55992683	16558
chr19	55976125	56176125	harbor2	chr19	56024830	56025326	DNA/hAT-Charlie	3395	+	248	56025078	48953
chr19	28698788	28898788	harbor2	chr19	28748204	28748508	DNA/hAT-Charlie	1745	+	152	28748356	49568
chr19	28698788	28898788	harbor2	chr19	28785228	28785430	DNA/hAT-Charlie	879	+	101	28785329	86541
chr19	31118154	31318154	harbor2	chr19	31126864	31127037	DNA/hAT-Charlie	816	+	86	31126950	8796
chr19	31118154	31318154	harbor2	chr19	31131393	31131717	DNA/hAT-Charlie	1620	+	162	31131555	13401
chr19	31118154	31318154	harbor2	chr19	31157307	31157532	DNA/hAT-Charlie	710	+	112	31157419	39265
chr19	31118154	31318154	harbor2	chr19	31158151	31158346	DNA/hAT-Charlie	741	+	98	31158249	40095
chr19	31118154	31318154	harbor2	chr19	31159472	31159598	DNA/hAT-Charlie	632	+	63	31159535	41381
chr19	55712866	55912866	harbor2	chr19	55791018	55791223	DNA/hAT-Charlie	802	+	102	55791120	78254
chr19	55712866	55912866	harbor2	chr19	55800631	55800897	DNA/hAT-Charlie	1084	+	133	55800764	87898
chr19	55712866	55912866	harbor2	chr19	55801196	55801282	DNA/hAT-Charlie	1084	+	43	55801239	88373
chr19	55712866	55912866	harbor2	chr19	55808389	55808588	DNA/hAT-Charlie	796	+	100	55808489	95623
chr19	34549328	34749328	harbor2	chr19	34631275	34631434	DNA/hAT-Charlie	971	+	80	34631355	82027
chr19	37692003	37892003	harbor2	chr19	37759863	37760109	DNA/hAT-Charlie	648	+	123	37759986	67983
chr19	46415528	46615528	harbor2	chr19	46491099	46491254	DNA/hAT-Charlie	676	+	78	46491177	75649
chr19	46415528	46615528	harbor2	chr19	46502926	46503226	DNA/hAT-Charlie	1221	+	150	46503076	87548
chr19	46415528	46615528	harbor2	chr19	46503525	46503572	DNA/hAT-Charlie	1221	+	24	46503549	88021
chr19	46415528	46615528	harbor2	chr19	46503758	46503918	DNA/hAT-Charlie	617	+	80	46503838	88310
chr19	43854362	44054362	harbor2	chr19	43857537	43857967	DNA/hAT-Charlie	3024	+	215	43857752	3390
chr19	43854362	44054362	harbor2	chr19	43868250	43869280	DNA/hAT-Charlie	4488	+	515	43868765	14403
chr19	43854362	44054362	harbor2	chr19	43869296	43869356	DNA/hAT-Charlie	1740	+	30	43869326	14964
chr19	43854362	44054362	harbor2	chr19	43869662	43870013	DNA/hAT-Charlie	1740	+	176	43869838	15476
chr19	43854362	44054362	harbor2	chr19	43884473	43884687	DNA/hAT-Charlie	883	+	107	43884580	30218
chr19	43854362	44054362	harbor2	chr19	43899851	43899986	DNA/hAT-Charlie	778	+	68	43899919	45557
chr19	43854362	44054362	harbor2	chr19	43915510	43915852	DNA/hAT-Charlie	2142	+	171	43915681	61319
chr19	31943487	32143487	harbor2	chr19	32009711	32010186	DNA/hAT-Charlie	3071	+	238	32009949	66462
chr19	31960236	32160236	harbor2	chr19	32009711	32010186	DNA/hAT-Charlie	3071	+	238	32009949	49713
chr19	36944305	37144305	harbor2	chr19	36982987	36983266	DNA/hAT-Charlie	1665	+	140	36983127	38822
chr19	36944305	37144305	harbor2	chr19	37004471	37004696	DNA/hAT-Charlie	910	+	112	37004583	60278
chr19	35214735	35414735	harbor2	chr19	35285392	35285597	DNA/hAT-Charlie	1253	+	102	35285494	70759
chr19	47501373	47701373	harbor2	chr19	47556610	47556745	DNA/hAT-Charlie	928	+	68	47556678	55305
chr19	47501373	47701373	harbor2	chr19	47557058	47557175	DNA/hAT-Charlie	928	+	58	47557116	55743
chr19	47501373	47701373	harbor2	chr19	47565351	47565878	DNA/hAT-Charlie	1286	+	264	47565615	64242
chr19	47501373	47701373	harbor2	chr19	47570609	47570794	DNA/hAT-Charlie	686	+	92	47570701	69328
chr19	58215088	58415088	harbor2	chr19	58296689	58296898	DNA/hAT-Charlie	1034	+	104	58296793	81705
chr19	58215088	58415088	harbor2	chr19	58297815	58298018	DNA/hAT-Charlie	702	+	102	58297917	82829
chr19	58215088	58415088	harbor2	chr19	58298625	58298680	DNA/hAT-Charlie	702	+	28	58298653	83565
chr19	43112886	43312886	harbor2	chr19	43130995	43131163	DNA/hAT-Charlie	668	+	84	43131079	18193
chr19	43112886	43312886	harbor2	chr19	43133426	43133639	DNA/hAT-Charlie	1289	+	106	43133532	20646
chr19	53997012	54197012	harbor2	chr19	54026839	54027039	DNA/hAT-Charlie	1066	+	100	54026939	29927
chr19	53997012	54197012	harbor2	chr19	54040164	54040310	DNA/hAT-Charlie	682	+	73	54040237	43225
chr19	54147656	54347656	harbor2	chr19	54175282	54175464	DNA/hAT-Charlie	737	+	91	54175373	27717
chr19	41667605	41867605	harbor2	chr19	41746461	41746615	DNA/hAT-Charlie	692	+	77	41746538	78933
chr19	58261840	58461840	harbor2	chr19	58296689	58296898	DNA/hAT-Charlie	1034	+	104	58296793	34953
chr19	58261840	58461840	harbor2	chr19	58297815	58298018	DNA/hAT-Charlie	702	+	102	58297917	36077
chr19	58261840	58461840	harbor2	chr19	58298625	58298680	DNA/hAT-Charlie	702	+	28	58298653	36813
chr19	58261840	58461840	harbor2	chr19	58324387	58324598	DNA/hAT-Charlie	1476	+	106	58324493	62653
chr19	49993774	50193774	harbor2	chr19	50039409	50039612	DNA/hAT-Charlie	699	+	102	50039511	45737
chr19	49993774	50193774	harbor2	chr19	50066666	50066889	DNA/hAT-Charlie	825	+	112	50066778	73004
chr19	45676490	45876490	harbor2	chr19	45715289	45715488	DNA/hAT-Charlie	1020	+	100	45715389	38899
chr19	42415703	42615703	harbor2	chr19	42440827	42441055	DNA/hAT-Charlie	930	+	114	42440941	25238
chr19	55653392	55853392	harbor2	chr19	55681470	55681658	DNA/hAT-Charlie	901	+	94	55681564	28172
chr19	36616085	36816085	harbor2	chr19	36643462	36643909	DNA/hAT-Charlie	2062	+	224	36643686	27601
chr19	36616085	36816085	harbor2	chr19	36646432	36646704	DNA/hAT-Charlie	1434	+	136	36646568	30483
chr19	36616085	36816085	harbor2	chr19	36646696	36647010	DNA/hAT-Charlie	1378	+	157	36646853	30768
chr19	36616085	36816085	harbor2	chr19	36709099	36709329	DNA/hAT-Charlie	946	+	115	36709214	93129
chr19	54020278	54220278	harbor2	chr19	54026839	54027039	DNA/hAT-Charlie	1066	+	100	54026939	6661
chr19	54020278	54220278	harbor2	chr19	54040164	54040310	DNA/hAT-Charlie	682	+	73	54040237	19959
chr19	54020278	54220278	harbor2	chr19	54104554	54104728	DNA/hAT-Charlie	917	+	87	54104641	84363
chr19	54020278	54220278	harbor2	chr19	54105034	54105144	DNA/hAT-Charlie	917	+	55	54105089	84811
chr19	50427167	50627167	harbor2	chr19	50463085	50463318	DNA/hAT-Charlie	853	+	116	50463201	36034
chr19	56649419	56849419	harbor2	chr19	56682876	56683211	DNA/hAT-Charlie	825	+	168	56683044	33625
chr19	56649419	56849419	harbor2	chr19	56728578	56728869	DNA/hAT-Charlie	744	+	146	56728724	79305
chr19	56649419	56849419	harbor2	chr19	56741506	56741988	DNA/hAT-Charlie	810	+	241	56741747	92328
chr19	38037250	38237250	harbor2	chr19	38126379	38126538	DNA/hAT-Charlie	817	+	80	38126459	89209
chr19	38037250	38237250	harbor2	chr19	38126836	38126849	DNA/hAT-Charlie	817	+	6	38126842	89592
chr19	56466025	56666025	harbor2	chr19	56473533	56473745	DNA/hAT-Charlie	1130	+	106	56473639	7614
chr19	56466025	56666025	harbor2	chr19	56502907	56503223	DNA/hAT-Charlie	1960	+	158	56503065	37040
chr19	56466025	56666025	harbor2	chr19	56544233	56544555	DNA/hAT-Charlie	1716	+	161	56544394	78369
chr19	56466025	56666025	harbor2	chr19	56556103	56556419	DNA/hAT-Charlie	1211	+	158	56556261	90236
chr19	56466025	56666025	harbor2	chr19	56556428	56556623	DNA/hAT-Charlie	832	+	98	56556526	90501
chr19	56466025	56666025	harbor2	chr19	56475458	56475686	DNA/hAT-Charlie	960	+	114	56475572	9547
chr19	34803208	35003208	harbor2	chr19	34841919	34842239	DNA/hAT-Charlie	2184	+	160	34842079	38871
chr19	34803208	35003208	harbor2	chr19	34854810	34855021	DNA/hAT-Charlie	626	+	106	34854916	51708
chr19	53462614	53662614	harbor2	chr19	53512622	53512952	DNA/hAT-Charlie	2008	+	165	53512787	50173
chr19	33423733	33623733	harbor2	chr19	33516687	33516921	DNA/hAT-Charlie	845	+	117	33516804	93071
chr19	45393507	45593507	harbor2	chr19	45431177	45431301	DNA/hAT-Charlie	1171	+	62	45431239	37732
chr19	45393507	45593507	harbor2	chr19	45431899	45431967	DNA/hAT-Charlie	1171	+	34	45431933	38426
chr19	45393507	45593507	harbor2	chr19	45432270	45432283	DNA/hAT-Charlie	1171	+	6	45432276	38769
chr19	45393507	45593507	harbor2	chr19	45432435	45432547	DNA/hAT-Charlie	1171	+	56	45432491	38984
chr19	48474969	48674969	harbor2	chr19	48507447	48507604	DNA/hAT-Charlie	729	+	78	48507525	32556
chr19	48474969	48674969	harbor2	chr19	48507772	48507815	DNA/hAT-Charlie	729	+	22	48507794	32825
chr19	48474969	48674969	harbor2	chr19	48515015	48515251	DNA/hAT-Charlie	1035	+	118	48515133	40164
chr19	48474969	48674969	harbor2	chr19	48524873	48525035	DNA/hAT-Charlie	655	+	81	48524954	49985
chr19	48474969	48674969	harbor2	chr19	48525348	48525386	DNA/hAT-Charlie	655	+	19	48525367	50398
chr19	48474969	48674969	harbor2	chr19	48525823	48525968	DNA/hAT-Charlie	655	+	72	48525895	50926
chr19	48474969	48674969	harbor2	chr19	48526591	48526805	DNA/hAT-Charlie	864	+	107	48526698	51729
chr19	41311424	41511424	harbor2	chr19	41346605	41346719	DNA/hAT-Charlie	772	+	57	41346662	35238
chr19	41311424	41511424	harbor2	chr19	41347026	41347037	DNA/hAT-Charlie	772	+	6	41347032	35608
chr19	41311424	41511424	harbor2	chr19	41347323	41347399	DNA/hAT-Charlie	772	+	38	41347361	35937
chr19	46550734	46750734	harbor2	chr19	46588751	46588955	DNA/hAT-Charlie	665	+	102	46588853	38119
chr19	47647389	47847389	harbor2	chr19	47664185	47664432	DNA/hAT-Charlie	658	+	124	47664309	16920
chr19	47562041	47762041	harbor2	chr19	47565351	47565878	DNA/hAT-Charlie	1286	+	264	47565615	3574
chr19	47562041	47762041	harbor2	chr19	47570609	47570794	DNA/hAT-Charlie	686	+	92	47570701	8660
chr19	50102044	50302044	harbor2	chr19	50156174	50156388	DNA/hAT-Charlie	1387	+	107	50156281	54237
chr19	50102044	50302044	harbor2	chr19	50160219	50160483	DNA/hAT-Charlie	1656	+	132	50160351	58307
chr19	50102044	50302044	harbor2	chr19	50160779	50160853	DNA/hAT-Charlie	1656	+	37	50160816	58772
chr19	50102044	50302044	harbor2	chr19	50198552	50198775	DNA/hAT-Charlie	870	+	112	50198664	96620
chr19	50860417	51060417	harbor2	chr19	50867344	50867464	DNA/hAT-Charlie	617	+	60	50867404	6987
chr19	50860417	51060417	harbor2	chr19	50918628	50918945	DNA/hAT-Charlie	1391	+	158	50918786	58369
chr19	50860417	51060417	harbor2	chr19	50947876	50948107	DNA/hAT-Charlie	1605	+	116	50947992	87575
chr19	50860417	51060417	harbor2	chr19	50948423	50948502	DNA/hAT-Charlie	1605	+	40	50948463	88046
chr19	56507974	56707974	harbor2	chr19	56544233	56544555	DNA/hAT-Charlie	1716	+	161	56544394	36420
chr19	56507974	56707974	harbor2	chr19	56556103	56556419	DNA/hAT-Charlie	1211	+	158	56556261	48287
chr19	56507974	56707974	harbor2	chr19	56556428	56556623	DNA/hAT-Charlie	832	+	98	56556526	48552
chr19	58450084	58650084	harbor2	chr19	58468938	58469138	DNA/hAT-Charlie	1312	+	100	58469038	18954
chr19	49552509	49752509	harbor2	chr19	49563921	49564090	DNA/hAT-Charlie	759	+	84	49564005	11496
chr19	49552509	49752509	harbor2	chr19	49602937	49603142	DNA/hAT-Charlie	912	+	102	49603039	50530
chr19	49552509	49752509	harbor2	chr19	49628054	49628237	DNA/hAT-Charlie	1392	+	92	49628146	75637
chr19	49552509	49752509	harbor2	chr19	49633482	49633556	DNA/hAT-Charlie	859	+	37	49633519	81010
chr19	49552509	49752509	harbor2	chr19	49633852	49633923	DNA/hAT-Charlie	859	+	36	49633888	81379
chr19	49552509	49752509	harbor2	chr19	49634564	49634628	DNA/hAT-Charlie	859	+	32	49634596	82087
chr19	32309562	32509562	harbor2	chr19	32375147	32375363	DNA/hAT-Charlie	1101	+	108	32375255	65693
chr19	32309562	32509562	harbor2	chr19	32387546	32387746	DNA/hAT-Charlie	952	+	100	32387646	78084
chr19	32309562	32509562	harbor2	chr19	32387756	32387968	DNA/hAT-Charlie	929	+	106	32387862	78300
chr19	58058842	58258842	harbor2	chr19	58134079	58134279	DNA/hAT-Charlie	907	+	100	58134179	75337
chr19	39936859	40136859	harbor2	chr19	39961744	39961920	DNA/hAT-Charlie	961	+	88	39961832	24973
chr19	39936859	40136859	harbor2	chr19	39962288	39962398	DNA/hAT-Charlie	818	+	55	39962343	25484
chr19	39936859	40136859	harbor2	chr19	39962707	39962788	DNA/hAT-Charlie	818	+	40	39962747	25888
chr19	39936859	40136859	harbor2	chr19	39976482	39976508	DNA/hAT-Charlie	778	+	13	39976495	39636
chr19	39936859	40136859	harbor2	chr19	39976809	39976846	DNA/hAT-Charlie	778	+	18	39976827	39968
chr19	39936859	40136859	harbor2	chr19	39977152	39977237	DNA/hAT-Charlie	778	+	42	39977194	40335
chr19	39936859	40136859	harbor2	chr19	39981743	39981865	DNA/hAT-Charlie	700	+	61	39981804	44945
chr19	39936859	40136859	harbor2	chr19	40002576	40002698	DNA/hAT-Charlie	795	+	61	40002637	65778
chr19	39936859	40136859	harbor2	chr19	40003000	40003033	DNA/hAT-Charlie	795	+	16	40003016	66157
chr19	39936859	40136859	harbor2	chr19	40003336	40003378	DNA/hAT-Charlie	795	+	21	40003357	66498
chr19	39936859	40136859	harbor2	chr19	40013201	40013517	DNA/hAT-Charlie	1277	+	158	40013359	76500
chr19	39936859	40136859	harbor2	chr19	40017568	40017743	DNA/hAT-Charlie	915	+	88	40017656	80797
chr19	56646331	56846331	harbor2	chr19	56646362	56646595	DNA/hAT-Charlie	871	+	116	56646478	147
chr19	56646331	56846331	harbor2	chr19	56682876	56683211	DNA/hAT-Charlie	825	+	168	56683044	36713
chr19	56646331	56846331	harbor2	chr19	56728578	56728869	DNA/hAT-Charlie	744	+	146	56728724	82393
chr19	56646331	56846331	harbor2	chr19	56741506	56741988	DNA/hAT-Charlie	810	+	241	56741747	95416
chr19	42045400	42245400	harbor2	chr19	42119792	42119915	DNA/hAT-Charlie	631	+	62	42119854	74454
chr19	42045400	42245400	harbor2	chr19	42120520	42120728	DNA/hAT-Charlie	631	+	104	42120624	75224
chr19	29189878	29389878	harbor2	chr19	29201505	29201635	DNA/hAT-Charlie	670	+	65	29201570	11692
chr19	45504743	45704743	harbor2	chr19	45554402	45554789	DNA/hAT-Charlie	1609	+	194	45554596	49853
chr19	45504743	45704743	harbor2	chr19	45555086	45555330	DNA/hAT-Charlie	1609	+	122	45555208	50465
chr19	45504743	45704743	harbor2	chr19	45555932	45556142	DNA/hAT-Charlie	1609	+	105	45556037	51294
chr19	22579354	22779354	harbor2	chr19	22593060	22593226	DNA/hAT-Charlie	768	+	83	22593143	13789
chr19	55197556	55397556	harbor2	chr19	55205700	55205903	DNA/hAT-Charlie	624	+	102	55205802	8246
chr19	55197556	55397556	harbor2	chr19	55267977	55268148	DNA/hAT-Charlie	660	+	86	55268063	70507
chr19	53745548	53945548	harbor2	chr19	53812442	53812654	DNA/hAT-Charlie	785	+	106	53812548	67000
chr19	51213507	51413507	harbor2	chr19	51262255	51262603	DNA/hAT-Charlie	1115	+	174	51262429	48922
chr19	37967887	38167887	harbor2	chr19	37979116	37979267	DNA/hAT-Charlie	1507	+	76	37979192	11305
chr19	37967887	38167887	harbor2	chr19	37979574	37979760	DNA/hAT-Charlie	1507	+	93	37979667	11780
chr19	37967887	38167887	harbor2	chr19	38026695	38027009	DNA/hAT-Charlie	1285	+	157	38026852	58965
chr19	49946024	50146024	harbor2	chr19	50039409	50039612	DNA/hAT-Charlie	699	+	102	50039511	93487
chr19	55268124	55468124	harbor2	chr19	55267977	55268148	DNA/hAT-Charlie	660	+	86	55268063	61
chr19	55268124	55468124	harbor2	chr19	55310550	55310735	DNA/hAT-Charlie	824	+	92	55310642	42518
chr19	57422868	57622868	harbor2	chr19	57446098	57446414	DNA/hAT-Charlie	1883	+	158	57446256	23388
chr19	51533879	51733879	harbor2	chr19	51579797	51580180	DNA/hAT-Charlie	1072	+	192	51579989	46110
chr19	51533879	51733879	harbor2	chr19	51589644	51589864	DNA/hAT-Charlie	1037	+	110	51589754	55875
chr19	42110347	42310347	harbor2	chr19	42119792	42119915	DNA/hAT-Charlie	631	+	62	42119854	9507
chr19	42110347	42310347	harbor2	chr19	42120520	42120728	DNA/hAT-Charlie	631	+	104	42120624	10277
chr19	42110347	42310347	harbor2	chr19	42159088	42159337	DNA/hAT-Charlie	837	+	124	42159212	48865
chr19	37546814	37746814	harbor2	chr19	37577872	37578228	DNA/hAT-Charlie	1814	+	178	37578050	31236
chr19	37546814	37746814	harbor2	chr19	37595681	37595892	DNA/hAT-Charlie	853	+	106	37595787	48973
chr19	37546814	37746814	harbor2	chr19	37602406	37602573	DNA/hAT-Charlie	775	+	84	37602490	55676
chr19	37546814	37746814	harbor2	chr19	37646391	37646553	DNA/hAT-Charlie	873	+	81	37646472	99658
chr19	39715780	39915780	harbor2	chr19	39801967	39802177	DNA/hAT-Charlie	972	+	105	39802072	86292
chr19	39715780	39915780	harbor2	chr19	39803313	39803503	DNA/hAT-Charlie	746	+	95	39803408	87628
chr19	57171456	57371456	harbor2	chr19	57245411	57245497	DNA/hAT-Charlie	758	+	43	57245454	73998
chr19	57171456	57371456	harbor2	chr19	57245793	57245945	DNA/hAT-Charlie	758	+	76	57245869	74413
chr19	45834091	46034091	harbor2	chr19	45917525	45918142	DNA/hAT-Charlie	2055	+	308	45917833	83742
chr19	45834091	46034091	harbor2	chr19	45918455	45918533	DNA/hAT-Charlie	2055	+	39	45918494	84403
chr19	43501707	43701707	harbor2	chr19	43510792	43511292	DNA/hAT-Charlie	3621	+	250	43511042	9335
chr19	43501707	43701707	harbor2	chr19	43522031	43522152	DNA/hAT-Charlie	1166	+	60	43522091	20384
chr19	43501707	43701707	harbor2	chr19	43522444	43522465	DNA/hAT-Charlie	1166	+	10	43522454	20747
chr19	43501707	43701707	harbor2	chr19	43522768	43522964	DNA/hAT-Charlie	1166	+	98	43522866	21159
chr19	43501707	43701707	harbor2	chr19	43542501	43542685	DNA/hAT-Charlie	774	+	92	43542593	40886
chr19	43501707	43701707	harbor2	chr19	43587390	43587624	DNA/hAT-Charlie	1365	+	117	43587507	85800
chr19	43501707	43701707	harbor2	chr19	43587928	43588036	DNA/hAT-Charlie	1365	+	54	43587982	86275
chr19	43501707	43701707	harbor2	chr19	43601118	43601332	DNA/hAT-Charlie	1102	+	107	43601225	99518
chr19	28433510	28633510	harbor2	chr19	28439329	28439463	DNA/hAT-Charlie	743	+	67	28439396	5886
chr19	28433510	28633510	harbor2	chr19	28463064	28463395	DNA/hAT-Charlie	1192	+	166	28463230	29720
chr19	16663391	16863391	harbor2	chr19	16672829	16673040	DNA/hAT-Charlie	1155	+	106	16672935	9544
chr19	16663391	16863391	harbor2	chr19	16702780	16702892	DNA/hAT-Charlie	1013	+	56	16702836	39445
chr19	16663391	16863391	harbor2	chr19	16703204	16703323	DNA/hAT-Charlie	1013	+	60	16703264	39873
chr19	16663391	16863391	harbor2	chr19	16720506	16720562	DNA/hAT-Charlie	641	+	28	16720534	57143
chr19	16663391	16863391	harbor2	chr19	16721150	16721323	DNA/hAT-Charlie	641	+	86	16721236	57845
chr19	16663391	16863391	harbor2	chr19	16738022	16738245	DNA/hAT-Charlie	1103	+	112	16738134	74743
chr19	16663391	16863391	harbor2	chr19	16753568	16753759	DNA/hAT-Charlie	795	+	96	16753664	90273
chr19	16663391	16863391	harbor2	chr19	16756705	16757234	DNA/hAT-Charlie	3360	+	264	16756969	93578
chr19	54396937	54596937	harbor2	chr19	54410501	54410721	DNA/hAT-Charlie	731	+	110	54410611	13674
chr19	54396937	54596937	harbor2	chr19	54412612	54412855	DNA/hAT-Charlie	624	+	122	54412734	15797
chr19	54396937	54596937	harbor2	chr19	54422459	54422645	DNA/hAT-Charlie	689	+	93	54422552	25615
chr19	54396937	54596937	harbor2	chr19	54422954	54422968	DNA/hAT-Charlie	689	+	7	54422961	26024
chr19	54396937	54596937	harbor2	chr19	54434846	54435037	DNA/hAT-Charlie	723	+	96	54434942	38005
chr19	48260879	48460879	harbor2	chr19	48314440	48314662	DNA/hAT-Charlie	891	+	111	48314551	53672
chr19	48260879	48460879	harbor2	chr19	48319474	48319534	DNA/hAT-Charlie	1078	+	30	48319504	58625
chr19	48260879	48460879	harbor2	chr19	48319829	48319995	DNA/hAT-Charlie	1078	+	83	48319912	59033
chr19	48260879	48460879	harbor2	chr19	48349817	48349983	DNA/hAT-Charlie	731	+	83	48349900	89021
chr19	54317216	54517216	harbor2	chr19	54410501	54410721	DNA/hAT-Charlie	731	+	110	54410611	93395
chr19	54317216	54517216	harbor2	chr19	54412612	54412855	DNA/hAT-Charlie	624	+	122	54412734	95518
chr19	37524861	37724861	harbor2	chr19	37536462	37536662	DNA/hAT-Charlie	908	+	100	37536562	11701
chr19	37524861	37724861	harbor2	chr19	37577872	37578228	DNA/hAT-Charlie	1814	+	178	37578050	53189
chr19	37524861	37724861	harbor2	chr19	37595681	37595892	DNA/hAT-Charlie	853	+	106	37595787	70926
chr19	37524861	37724861	harbor2	chr19	37602406	37602573	DNA/hAT-Charlie	775	+	84	37602490	77629
chr19	30039458	30239458	harbor2	chr19	30086482	30086592	DNA/hAT-Charlie	662	+	55	30086537	47079
chr19	30039458	30239458	harbor2	chr19	30086898	30087062	DNA/hAT-Charlie	662	+	82	30086980	47522
chr19	57352922	57552922	harbor2	chr19	57384642	57384956	DNA/hAT-Charlie	1797	+	157	57384799	31877
chr19	57352922	57552922	harbor2	chr19	57446098	57446414	DNA/hAT-Charlie	1883	+	158	57446256	93334
chr19	54045457	54245457	harbor2	chr19	54104554	54104728	DNA/hAT-Charlie	917	+	87	54104641	59184
chr19	54045457	54245457	harbor2	chr19	54105034	54105144	DNA/hAT-Charlie	917	+	55	54105089	59632
chr19	43436508	43636508	harbor2	chr19	43510792	43511292	DNA/hAT-Charlie	3621	+	250	43511042	74534
chr19	43436508	43636508	harbor2	chr19	43522031	43522152	DNA/hAT-Charlie	1166	+	60	43522091	85583
chr19	43436508	43636508	harbor2	chr19	43522444	43522465	DNA/hAT-Charlie	1166	+	10	43522454	85946
chr19	43436508	43636508	harbor2	chr19	43522768	43522964	DNA/hAT-Charlie	1166	+	98	43522866	86358
chr19	39833667	40033667	harbor2	chr19	39880661	39880829	DNA/hAT-Charlie	638	+	84	39880745	47078
chr19	39833667	40033667	harbor2	chr19	39896912	39897080	DNA/hAT-Charlie	638	+	84	39896996	63329
chr19	39833667	40033667	harbor2	chr19	39909732	39909902	DNA/hAT-Charlie	796	+	85	39909817	76150
chr19	39833667	40033667	harbor2	chr19	39910195	39910261	DNA/hAT-Charlie	796	+	33	39910228	76561
chr19	15906386	16106386	harbor2	chr19	15940009	15940232	DNA/hAT-Charlie	890	+	112	15940121	33735
chr19	15906386	16106386	harbor2	chr19	15944400	15944561	DNA/hAT-Charlie	1187	+	80	15944480	38094
chr19	15906386	16106386	harbor2	chr19	15945064	15945239	DNA/hAT-Charlie	1187	+	88	15945152	38766
chr19	37718627	37918627	harbor2	chr19	37759863	37760109	DNA/hAT-Charlie	648	+	123	37759986	41359
chr19	36406224	36606224	harbor2	chr19	36419046	36419255	DNA/hAT-Charlie	1272	+	104	36419150	12926
chr19	36406224	36606224	harbor2	chr19	36420226	36420269	DNA/hAT-Charlie	1272	+	22	36420248	14024
chr19	36406224	36606224	harbor2	chr19	36450740	36450937	DNA/hAT-Charlie	898	+	98	36450838	44614
chr19	40230630	40430630	harbor2	chr19	40240483	40240649	DNA/hAT-Charlie	613	+	83	40240566	9936
chr19	40230630	40430630	harbor2	chr19	40240733	40240774	DNA/hAT-Charlie	772	+	20	40240753	10123
chr19	40230630	40430630	harbor2	chr19	40241088	40241241	DNA/hAT-Charlie	772	+	76	40241164	10534
chr19	46411587	46611587	harbor2	chr19	46491099	46491254	DNA/hAT-Charlie	676	+	78	46491177	79590
chr19	46411587	46611587	harbor2	chr19	46502926	46503226	DNA/hAT-Charlie	1221	+	150	46503076	91489
chr19	46411587	46611587	harbor2	chr19	46503525	46503572	DNA/hAT-Charlie	1221	+	24	46503549	91962
chr19	46411587	46611587	harbor2	chr19	46503758	46503918	DNA/hAT-Charlie	617	+	80	46503838	92251
chr19	37999378	38199378	harbor2	chr19	38026695	38027009	DNA/hAT-Charlie	1285	+	157	38026852	27474
chr19	55924396	56124396	harbor2	chr19	55952966	55953447	DNA/hAT-Charlie	3508	+	240	55953206	28810
chr19	55924396	56124396	harbor2	chr19	55957136	55957342	DNA/hAT-Charlie	933	+	103	55957239	32843
chr19	55924396	56124396	harbor2	chr19	55992591	55992775	DNA/hAT-Charlie	649	+	92	55992683	68287
chr19	56501095	56701095	harbor2	chr19	56502907	56503223	DNA/hAT-Charlie	1960	+	158	56503065	1970
chr19	56501095	56701095	harbor2	chr19	56544233	56544555	DNA/hAT-Charlie	1716	+	161	56544394	43299
chr19	56501095	56701095	harbor2	chr19	56556103	56556419	DNA/hAT-Charlie	1211	+	158	56556261	55166
chr19	56501095	56701095	harbor2	chr19	56556428	56556623	DNA/hAT-Charlie	832	+	98	56556526	55431
chr19	47113754	47313754	harbor2	chr19	47200686	47200855	DNA/hAT-Charlie	744	+	84	47200770	87016
chr19	53517981	53717981	harbor2	chr19	53610633	53610852	DNA/hAT-Charlie	1430	+	110	53610743	92762
chr19	45898559	46098559	harbor2	chr19	45917525	45918142	DNA/hAT-Charlie	2055	+	308	45917833	19274
chr19	45898559	46098559	harbor2	chr19	45918455	45918533	DNA/hAT-Charlie	2055	+	39	45918494	19935
chr19	45898559	46098559	harbor2	chr19	45942892	45943053	DNA/hAT-Charlie	612	+	80	45942972	44413
chr19	45898559	46098559	harbor2	chr19	45943354	45943430	DNA/hAT-Charlie	612	+	38	45943392	44833
chr19	45898559	46098559	harbor2	chr19	45943821	45944158	DNA/hAT-Charlie	1211	+	168	45943989	45430
chr19	45898559	46098559	harbor2	chr19	45944469	45944541	DNA/hAT-Charlie	1211	+	36	45944505	45946
chr19	33064635	33264635	harbor2	chr19	33086000	33086168	DNA/hAT-Charlie	739	+	84	33086084	21449
chr19	33064635	33264635	harbor2	chr19	33155748	33155929	DNA/hAT-Charlie	823	+	90	33155838	91203
chr19	48568672	48768672	harbor2	chr19	48607978	48608106	DNA/hAT-Charlie	632	+	64	48608042	39370
chr19	48568672	48768672	harbor2	chr19	48608413	48608432	DNA/hAT-Charlie	632	+	10	48608423	39751
chr19	48568672	48768672	harbor2	chr19	48608746	48608810	DNA/hAT-Charlie	632	+	32	48608778	40106
chr19	46399734	46599734	harbor2	chr19	46491099	46491254	DNA/hAT-Charlie	676	+	78	46491177	91443
chr19	45917382	46117382	harbor2	chr19	45917525	45918142	DNA/hAT-Charlie	2055	+	308	45917833	451
chr19	45917382	46117382	harbor2	chr19	45918455	45918533	DNA/hAT-Charlie	2055	+	39	45918494	1112
chr19	45917382	46117382	harbor2	chr19	45942892	45943053	DNA/hAT-Charlie	612	+	80	45942972	25590
chr19	45917382	46117382	harbor2	chr19	45943354	45943430	DNA/hAT-Charlie	612	+	38	45943392	26010
chr19	45917382	46117382	harbor2	chr19	45943821	45944158	DNA/hAT-Charlie	1211	+	168	45943989	26607
chr19	45917382	46117382	harbor2	chr19	45944469	45944541	DNA/hAT-Charlie	1211	+	36	45944505	27123
chr19	55784381	55984381	harbor2	chr19	55791018	55791223	DNA/hAT-Charlie	802	+	102	55791120	6739
chr19	55784381	55984381	harbor2	chr19	55800631	55800897	DNA/hAT-Charlie	1084	+	133	55800764	16383
chr19	55784381	55984381	harbor2	chr19	55801196	55801282	DNA/hAT-Charlie	1084	+	43	55801239	16858
chr19	55784381	55984381	harbor2	chr19	55808389	55808588	DNA/hAT-Charlie	796	+	100	55808489	24108
chr19	55784381	55984381	harbor2	chr19	55813988	55814479	DNA/hAT-Charlie	3248	+	246	55814234	29853
chr19	41342200	41542200	harbor2	chr19	41346605	41346719	DNA/hAT-Charlie	772	+	57	41346662	4462
chr19	41342200	41542200	harbor2	chr19	41347026	41347037	DNA/hAT-Charlie	772	+	6	41347032	4832
chr19	41342200	41542200	harbor2	chr19	41347323	41347399	DNA/hAT-Charlie	772	+	38	41347361	5161
chr19	41342200	41542200	harbor2	chr19	41438864	41439065	DNA/hAT-Charlie	1228	+	100	41438964	96764
chr19	30754228	30954228	harbor2	chr19	30828171	30829481	DNA/hAT-Charlie	5620	+	655	30828826	74598
chr19	2549699	2749699	harbor2	chr19	2551990	2552155	DNA/hAT-Charlie	1124	+	82	2552072	2373
chr19	2549699	2749699	harbor2	chr19	2552324	2552379	DNA/hAT-Charlie	1667	+	28	2552352	2653
chr19	2549699	2749699	harbor2	chr19	2552685	2552933	DNA/hAT-Charlie	1667	+	124	2552809	3110
chr19	2549699	2749699	harbor2	chr19	2561205	2561409	DNA/hAT-Charlie	662	+	102	2561307	11608
chr19	2549699	2749699	harbor2	chr19	2613640	2613840	DNA/hAT-Charlie	787	+	100	2613740	64041
chr19	2549699	2749699	harbor2	chr19	2619224	2619428	DNA/hAT-Charlie	1048	+	102	2619326	69627
chr19	2549699	2749699	harbor2	chr19	2626688	2626931	DNA/hAT-Charlie	631	+	122	2626810	77111
chr19	2549699	2749699	harbor2	chr19	2635883	2636083	DNA/hAT-Charlie	703	+	100	2635983	86284
chr19	14103290	14303290	harbor2	chr19	14200415	14200600	DNA/hAT-Charlie	810	+	92	14200507	97217
chr19	33584439	33784439	harbor2	chr19	33644928	33645136	DNA/hAT-Charlie	926	+	104	33645032	60593
chr19	36030897	36230897	harbor2	chr19	36051766	36052030	DNA/hAT-Charlie	1896	+	132	36051898	21001
chr19	36030897	36230897	harbor2	chr19	36052343	36052485	DNA/hAT-Charlie	1896	+	71	36052414	21517
chr19	55207015	55407015	harbor2	chr19	55267977	55268148	DNA/hAT-Charlie	660	+	86	55268063	61048
chr19	54915548	55115548	harbor2	chr19	54917639	54917832	DNA/hAT-Charlie	698	+	96	54917735	2187
chr19	23428538	23628538	harbor2	chr19	23473526	23474024	DNA/hAT-Charlie	2854	+	249	23473775	45237
chr19	41071794	41271794	harbor2	chr19	41111730	41111946	DNA/hAT-Charlie	759	+	108	41111838	40044
chr19	41071794	41271794	harbor2	chr19	41169202	41169468	DNA/hAT-Charlie	935	+	133	41169335	97541
chr19	56748409	56948409	harbor2	chr19	56751951	56752137	DNA/hAT-Charlie	932	+	93	56752044	3635
chr19	56748409	56948409	harbor2	chr19	56752440	56752456	DNA/hAT-Charlie	932	+	8	56752448	4039
chr19	56748409	56948409	harbor2	chr19	56752765	56753036	DNA/hAT-Charlie	932	+	136	56752901	4492
chr19	56748409	56948409	harbor2	chr19	56767777	56767968	DNA/hAT-Charlie	748	+	96	56767873	19464
chr19	56748409	56948409	harbor2	chr19	56776261	56776538	DNA/hAT-Charlie	631	+	138	56776399	27990
chr19	56748409	56948409	harbor2	chr19	56777548	56777751	DNA/hAT-Charlie	1158	+	102	56777650	29241
chr19	56748409	56948409	harbor2	chr19	56779586	56779793	DNA/hAT-Charlie	733	+	104	56779690	31281
chr19	56748409	56948409	harbor2	chr19	56784964	56785296	DNA/hAT-Charlie	728	+	166	56785130	36721
chr19	42226662	42426662	harbor2	chr19	42323121	42323324	DNA/hAT-Charlie	800	+	102	42323223	96561
chr19	38021354	38221354	harbor2	chr19	38026695	38027009	DNA/hAT-Charlie	1285	+	157	38026852	5498
chr19	54993165	55193165	harbor2	chr19	55024651	55024828	DNA/hAT-Charlie	759	+	88	55024739	31574
chr19	30259666	30459666	harbor2	chr19	30291808	30292100	DNA/hAT-Charlie	1542	+	146	30291954	32288
chr19	30259666	30459666	harbor2	chr19	30355628	30355957	DNA/hAT-Charlie	1993	+	164	30355792	96126
chr19	53943380	54143380	harbor2	chr19	53947902	53948344	DNA/hAT-Charlie	1312	+	221	53948123	4743
chr19	53943380	54143380	harbor2	chr19	53948624	53948670	DNA/hAT-Charlie	1312	+	23	53948647	5267
chr19	53943380	54143380	harbor2	chr19	53956414	53956643	DNA/hAT-Charlie	1148	+	114	53956528	13148
chr19	53943380	54143380	harbor2	chr19	54026839	54027039	DNA/hAT-Charlie	1066	+	100	54026939	83559
chr19	53943380	54143380	harbor2	chr19	54040164	54040310	DNA/hAT-Charlie	682	+	73	54040237	96857
chr19	58227627	58427627	harbor2	chr19	58296689	58296898	DNA/hAT-Charlie	1034	+	104	58296793	69166
chr19	58227627	58427627	harbor2	chr19	58297815	58298018	DNA/hAT-Charlie	702	+	102	58297917	70290
chr19	58227627	58427627	harbor2	chr19	58298625	58298680	DNA/hAT-Charlie	702	+	28	58298653	71026
chr19	58227627	58427627	harbor2	chr19	58324387	58324598	DNA/hAT-Charlie	1476	+	106	58324493	96866
chr19	50693387	50893387	harbor2	chr19	50704643	50704786	DNA/hAT-Charlie	708	+	72	50704715	11328
chr19	50693387	50893387	harbor2	chr19	50705357	50705523	DNA/hAT-Charlie	708	+	83	50705440	12053
chr19	50693387	50893387	harbor2	chr19	50712732	50712934	DNA/hAT-Charlie	961	+	101	50712833	19446
chr19	50693387	50893387	harbor2	chr19	50748586	50748821	DNA/hAT-Charlie	797	+	118	50748704	55317
chr19	45002855	45202855	harbor2	chr19	45082921	45083072	DNA/hAT-Charlie	668	+	76	45082997	80142
chr19	45002855	45202855	harbor2	chr19	45085391	45085565	DNA/hAT-Charlie	685	+	87	45085478	82623
chr19	50572064	50772064	harbor2	chr19	50575357	50575658	DNA/hAT-Charlie	2096	+	150	50575507	3443
chr19	50572064	50772064	harbor2	chr19	50575970	50576166	DNA/hAT-Charlie	2096	+	98	50576068	4004
chr19	55540936	55740936	harbor2	chr19	55562286	55562517	DNA/hAT-Charlie	1339	+	116	55562402	21466
chr19	55540936	55740936	harbor2	chr19	55576356	55576455	DNA/hAT-Charlie	671	+	50	55576406	35470
chr19	55540936	55740936	harbor2	chr19	55576760	55576886	DNA/hAT-Charlie	671	+	63	55576823	35887
chr19	55540936	55740936	harbor2	chr19	55639114	55639306	DNA/hAT-Charlie	987	+	96	55639210	98274
chr19	56380649	56580649	harbor2	chr19	56408302	56408500	DNA/hAT-Charlie	918	+	99	56408401	27752
chr19	56380649	56580649	harbor2	chr19	56421063	56421240	DNA/hAT-Charlie	653	+	88	56421151	40502
chr19	56380649	56580649	harbor2	chr19	56432610	56432774	DNA/hAT-Charlie	827	+	82	56432692	52043
chr19	56380649	56580649	harbor2	chr19	56443906	56444135	DNA/hAT-Charlie	916	+	114	56444020	63371
chr19	56380649	56580649	harbor2	chr19	56463934	56464242	DNA/hAT-Charlie	1164	+	154	56464088	83439
chr19	56380649	56580649	harbor2	chr19	56464519	56464620	DNA/hAT-Charlie	749	+	50	56464569	83920
chr19	56380649	56580649	harbor2	chr19	56473533	56473745	DNA/hAT-Charlie	1130	+	106	56473639	92990
chr19	56380649	56580649	harbor2	chr19	56475458	56475686	DNA/hAT-Charlie	960	+	114	56475572	94923
chr19	57352901	57552901	harbor2	chr19	57384642	57384956	DNA/hAT-Charlie	1797	+	157	57384799	31898
chr19	57352901	57552901	harbor2	chr19	57446098	57446414	DNA/hAT-Charlie	1883	+	158	57446256	93355
chr19	44577527	44777527	harbor2	chr19	44654704	44654856	DNA/hAT-Charlie	1075	+	76	44654780	77253
chr19	44577527	44777527	harbor2	chr19	44667331	44667502	DNA/hAT-Charlie	745	+	86	44667417	89890
chr19	47444397	47644397	harbor2	chr19	47481588	47481802	DNA/hAT-Charlie	1225	+	107	47481695	37298
chr19	51741438	51941438	harbor2	chr19	51750178	51750483	DNA/hAT-Charlie	1470	+	152	51750330	8892
chr19	51741438	51941438	harbor2	chr19	51753166	51753702	DNA/hAT-Charlie	3708	+	268	51753434	11996
chr19	51741438	51941438	harbor2	chr19	51761309	51761598	DNA/hAT-Charlie	815	+	144	51761453	20015
chr19	51741438	51941438	harbor2	chr19	51766241	51766457	DNA/hAT-Charlie	1038	+	108	51766349	24911
chr19	51741438	51941438	harbor2	chr19	51798229	51798421	DNA/hAT-Charlie	1061	+	96	51798325	56887
chr19	51741438	51941438	harbor2	chr19	51818112	51818418	DNA/hAT-Charlie	787	+	153	51818265	76827
chr19	51741438	51941438	harbor2	chr19	51821314	51821530	DNA/hAT-Charlie	1208	+	108	51821422	79984
chr19	58008575	58208575	harbor2	chr19	58057609	58057798	DNA/hAT-Charlie	687	+	94	58057703	49128
chr19	58312607	58512607	harbor2	chr19	58324387	58324598	DNA/hAT-Charlie	1476	+	106	58324493	11886
chr19	29883721	30083721	harbor2	chr19	29894381	29894925	DNA/hAT-Charlie	1453	+	272	29894653	10932
chr19	29883721	30083721	harbor2	chr19	29912852	29913085	DNA/hAT-Charlie	725	+	116	29912968	29247
chr19	29883721	30083721	harbor2	chr19	29913570	29914012	DNA/hAT-Charlie	2745	+	221	29913791	30070
chr19	29883721	30083721	harbor2	chr19	29914329	29914505	DNA/hAT-Charlie	2745	+	88	29914417	30696
chr19	31427485	31627485	harbor2	chr19	31510127	31510505	DNA/hAT-Charlie	1025	+	189	31510316	82831
chr19	45662493	45862493	harbor2	chr19	45715289	45715488	DNA/hAT-Charlie	1020	+	100	45715389	52896
chr19	4983813	5183813	harbor2	chr19	5017293	5017490	DNA/hAT-Charlie	728	+	98	5017391	33578
chr19	54879294	55079294	harbor2	chr19	54917639	54917832	DNA/hAT-Charlie	698	+	96	54917735	38441
chr19	48489764	48689764	harbor2	chr19	48507447	48507604	DNA/hAT-Charlie	729	+	78	48507525	17761
chr19	48489764	48689764	harbor2	chr19	48507772	48507815	DNA/hAT-Charlie	729	+	22	48507794	18030
chr19	48489764	48689764	harbor2	chr19	48515015	48515251	DNA/hAT-Charlie	1035	+	118	48515133	25369
chr19	48489764	48689764	harbor2	chr19	48524873	48525035	DNA/hAT-Charlie	655	+	81	48524954	35190
chr19	48489764	48689764	harbor2	chr19	48525348	48525386	DNA/hAT-Charlie	655	+	19	48525367	35603
chr19	48489764	48689764	harbor2	chr19	48525823	48525968	DNA/hAT-Charlie	655	+	72	48525895	36131
chr19	48489764	48689764	harbor2	chr19	48526591	48526805	DNA/hAT-Charlie	864	+	107	48526698	36934
chr19	28521046	28721046	harbor2	chr19	28541789	28541991	DNA/hAT-Charlie	945	+	101	28541890	20844
chr19	45867809	46067809	harbor2	chr19	45917525	45918142	DNA/hAT-Charlie	2055	+	308	45917833	50024
chr19	45867809	46067809	harbor2	chr19	45918455	45918533	DNA/hAT-Charlie	2055	+	39	45918494	50685
chr19	45867809	46067809	harbor2	chr19	45942892	45943053	DNA/hAT-Charlie	612	+	80	45942972	75163
chr19	45867809	46067809	harbor2	chr19	45943354	45943430	DNA/hAT-Charlie	612	+	38	45943392	75583
chr19	45867809	46067809	harbor2	chr19	45943821	45944158	DNA/hAT-Charlie	1211	+	168	45943989	76180
chr19	45867809	46067809	harbor2	chr19	45944469	45944541	DNA/hAT-Charlie	1211	+	36	45944505	76696
chr19	30524302	30724302	harbor2	chr19	30569930	30570124	DNA/hAT-Charlie	926	+	97	30570027	45725
chr19	30524302	30724302	harbor2	chr19	30588538	30588931	DNA/hAT-Charlie	1357	+	196	30588734	64432
chr19	31445680	31645680	harbor2	chr19	31510127	31510505	DNA/hAT-Charlie	1025	+	189	31510316	64636
chr19	42373683	42573683	harbor2	chr19	42440827	42441055	DNA/hAT-Charlie	930	+	114	42440941	67258
chr19	54124536	54324536	harbor2	chr19	54175282	54175464	DNA/hAT-Charlie	737	+	91	54175373	50837
chr19	15199111	15399111	harbor2	chr19	15278143	15278252	DNA/hAT-Charlie	1151	+	54	15278197	79086
chr19	15199111	15399111	harbor2	chr19	15278572	15278777	DNA/hAT-Charlie	1151	+	102	15278674	79563
chr19	39945937	40145937	harbor2	chr19	39961744	39961920	DNA/hAT-Charlie	961	+	88	39961832	15895
chr19	39945937	40145937	harbor2	chr19	39962288	39962398	DNA/hAT-Charlie	818	+	55	39962343	16406
chr19	39945937	40145937	harbor2	chr19	39962707	39962788	DNA/hAT-Charlie	818	+	40	39962747	16810
chr19	39945937	40145937	harbor2	chr19	39976482	39976508	DNA/hAT-Charlie	778	+	13	39976495	30558
chr19	39945937	40145937	harbor2	chr19	39976809	39976846	DNA/hAT-Charlie	778	+	18	39976827	30890
chr19	39945937	40145937	harbor2	chr19	39977152	39977237	DNA/hAT-Charlie	778	+	42	39977194	31257
chr19	39945937	40145937	harbor2	chr19	39981743	39981865	DNA/hAT-Charlie	700	+	61	39981804	35867
chr19	39945937	40145937	harbor2	chr19	40002576	40002698	DNA/hAT-Charlie	795	+	61	40002637	56700
chr19	39945937	40145937	harbor2	chr19	40003000	40003033	DNA/hAT-Charlie	795	+	16	40003016	57079
chr19	39945937	40145937	harbor2	chr19	40003336	40003378	DNA/hAT-Charlie	795	+	21	40003357	57420
chr19	39945937	40145937	harbor2	chr19	40013201	40013517	DNA/hAT-Charlie	1277	+	158	40013359	67422
chr19	39945937	40145937	harbor2	chr19	40017568	40017743	DNA/hAT-Charlie	915	+	88	40017656	71719
chr19	49805386	50005386	harbor2	chr19	49838175	49839413	DNA/hAT-Charlie	3934	+	619	49838794	33408
chr19	49805386	50005386	harbor2	chr19	49839486	49840475	DNA/hAT-Charlie	3257	+	494	49839980	34594
chr19	35331093	35531093	harbor2	chr19	35411729	35412075	DNA/hAT-Charlie	1457	+	173	35411902	80809
chr19	35331093	35531093	harbor2	chr19	35412386	35412413	DNA/hAT-Charlie	1457	+	14	35412400	81307
chr19	35331093	35531093	harbor2	chr19	35412719	35412781	DNA/hAT-Charlie	1457	+	31	35412750	81657
chr19	40425787	40625787	harbor2	chr19	40472884	40473058	DNA/hAT-Charlie	832	+	87	40472971	47184
chr19	40425787	40625787	harbor2	chr19	40473657	40473716	DNA/hAT-Charlie	832	+	30	40473687	47900
chr19	46541734	46741734	harbor2	chr19	46546366	46546534	DNA/hAT-Charlie	709	+	84	46546450	4716
chr19	46541734	46741734	harbor2	chr19	46588751	46588955	DNA/hAT-Charlie	665	+	102	46588853	47119
chr19	56509919	56709919	harbor2	chr19	56544233	56544555	DNA/hAT-Charlie	1716	+	161	56544394	34475
chr19	56509919	56709919	harbor2	chr19	56556103	56556419	DNA/hAT-Charlie	1211	+	158	56556261	46342
chr19	56509919	56709919	harbor2	chr19	56556428	56556623	DNA/hAT-Charlie	832	+	98	56556526	46607
chr19	51633721	51833721	harbor2	chr19	51722144	51722262	DNA/hAT-Charlie	657	+	59	51722203	88482
chr19	51633721	51833721	harbor2	chr19	51722265	51722515	DNA/hAT-Charlie	1080	+	125	51722390	88669
chr19	51633721	51833721	harbor2	chr19	51722542	51722827	DNA/hAT-Charlie	1159	+	142	51722684	88963
chr19	51633721	51833721	harbor2	chr19	51722828	51722960	DNA/hAT-Charlie	679	+	66	51722894	89173
chr19	57079585	57279585	harbor2	chr19	57101000	57101081	DNA/hAT-Charlie	824	+	40	57101040	21455
chr19	57079585	57279585	harbor2	chr19	57101704	57101921	DNA/hAT-Charlie	824	+	108	57101812	22227
chr19	56975687	57175687	harbor2	chr19	57021988	57022198	DNA/hAT-Charlie	754	+	105	57022093	46406
chr19	56975687	57175687	harbor2	chr19	57069364	57069556	DNA/hAT-Charlie	820	+	96	57069460	93773
chr19	56975687	57175687	harbor2	chr19	57069853	57069952	DNA/hAT-Charlie	820	+	50	57069903	94216
chr19	54855615	55055615	harbor2	chr19	54917639	54917832	DNA/hAT-Charlie	698	+	96	54917735	62120
chr19	36706080	36906080	harbor2	chr19	36709099	36709329	DNA/hAT-Charlie	946	+	115	36709214	3134
chr19	44304646	44504646	harbor2	chr19	44335564	44335720	DNA/hAT-Charlie	668	+	78	44335642	30996
chr19	44304646	44504646	harbor2	chr19	44348931	44350909	DNA/hAT-Charlie	9453	+	989	44349920	45274
chr19	44304646	44504646	harbor2	chr19	44351373	44351718	DNA/hAT-Charlie	9453	+	172	44351545	46899
chr19	16145551	16345551	harbor2	chr19	16156496	16156704	DNA/hAT-Charlie	865	+	104	16156600	11049
chr19	16145551	16345551	harbor2	chr19	16186745	16186976	DNA/hAT-Charlie	1046	+	116	16186861	41310
chr19	29390490	29590490	harbor2	chr19	29414894	29415085	DNA/hAT-Charlie	653	+	96	29414990	24500
chr19	29390490	29590490	harbor2	chr19	29425721	29425897	DNA/hAT-Charlie	847	+	88	29425809	35319
chr19	29390490	29590490	harbor2	chr19	29426736	29427254	DNA/hAT-Charlie	3667	+	259	29426995	36505
chr19	29390490	29590490	harbor2	chr19	29434397	29434555	DNA/hAT-Charlie	644	+	79	29434476	43986
chr19	29390490	29590490	harbor2	chr19	29434846	29434874	DNA/hAT-Charlie	644	+	14	29434860	44370
chr19	29390490	29590490	harbor2	chr19	29435170	29435310	DNA/hAT-Charlie	644	+	70	29435240	44750
chr19	21998544	22198544	harbor2	chr19	22051005	22051089	DNA/hAT-Charlie	741	+	42	22051047	52503
chr19	21998544	22198544	harbor2	chr19	22051388	22051591	DNA/hAT-Charlie	741	+	102	22051490	52946
chr19	50061353	50261353	harbor2	chr19	50066666	50066889	DNA/hAT-Charlie	825	+	112	50066778	5425
chr19	50061353	50261353	harbor2	chr19	50156174	50156388	DNA/hAT-Charlie	1387	+	107	50156281	94928
chr19	50061353	50261353	harbor2	chr19	50160219	50160483	DNA/hAT-Charlie	1656	+	132	50160351	98998
chr19	50061353	50261353	harbor2	chr19	50160779	50160853	DNA/hAT-Charlie	1656	+	37	50160816	99463
chr19	56268530	56468530	harbor2	chr19	56290256	56290445	DNA/hAT-Charlie	949	+	94	56290350	21820
chr19	56268530	56468530	harbor2	chr19	56293683	56293905	DNA/hAT-Charlie	1057	+	111	56293794	25264
chr19	56268530	56468530	harbor2	chr19	56304326	56304539	DNA/hAT-Charlie	746	+	106	56304432	35902
chr19	56268530	56468530	harbor2	chr19	56313926	56314149	DNA/hAT-Charlie	905	+	112	56314038	45508
chr19	51061002	51261002	harbor2	chr19	51072271	51072491	DNA/hAT-Charlie	765	+	110	51072381	11379
chr19	51061002	51261002	harbor2	chr19	51095499	51095797	DNA/hAT-Charlie	1028	+	149	51095648	34646
chr19	51061002	51261002	harbor2	chr19	51101371	51101600	DNA/hAT-Charlie	1073	+	114	51101485	40483
chr19	56694722	56894722	harbor2	chr19	56728578	56728869	DNA/hAT-Charlie	744	+	146	56728724	34002
chr19	56694722	56894722	harbor2	chr19	56741506	56741988	DNA/hAT-Charlie	810	+	241	56741747	47025
chr19	56694722	56894722	harbor2	chr19	56751951	56752137	DNA/hAT-Charlie	932	+	93	56752044	57322
chr19	56694722	56894722	harbor2	chr19	56752440	56752456	DNA/hAT-Charlie	932	+	8	56752448	57726
chr19	56694722	56894722	harbor2	chr19	56752765	56753036	DNA/hAT-Charlie	932	+	136	56752901	58179
chr19	56694722	56894722	harbor2	chr19	56767777	56767968	DNA/hAT-Charlie	748	+	96	56767873	73151
chr19	56694722	56894722	harbor2	chr19	56776261	56776538	DNA/hAT-Charlie	631	+	138	56776399	81677
chr19	56694722	56894722	harbor2	chr19	56777548	56777751	DNA/hAT-Charlie	1158	+	102	56777650	82928
chr19	56694722	56894722	harbor2	chr19	56779586	56779793	DNA/hAT-Charlie	733	+	104	56779690	84968
chr19	56694722	56894722	harbor2	chr19	56784964	56785296	DNA/hAT-Charlie	728	+	166	56785130	90408
chr19	44254115	44454115	harbor2	chr19	44335564	44335720	DNA/hAT-Charlie	668	+	78	44335642	81527
chr19	44254115	44454115	harbor2	chr19	44348931	44350909	DNA/hAT-Charlie	9453	+	989	44349920	95805
chr19	44254115	44454115	harbor2	chr19	44351373	44351718	DNA/hAT-Charlie	9453	+	172	44351545	97430
chr19	41719076	41919076	harbor2	chr19	41746461	41746615	DNA/hAT-Charlie	692	+	77	41746538	27462
chr19	41719076	41919076	harbor2	chr19	41785413	41785567	DNA/hAT-Charlie	688	+	77	41785490	66414
chr19	14615295	14815295	harbor2	chr19	14681378	14681454	DNA/hAT-Charlie	886	+	38	14681416	66121
chr19	14615295	14815295	harbor2	chr19	14681757	14681876	DNA/hAT-Charlie	886	+	60	14681817	66522
chr19	14615295	14815295	harbor2	chr19	14705620	14705930	DNA/hAT-Charlie	1856	+	155	14705775	90480
chr19	47815798	48015798	harbor2	chr19	47831366	47831629	DNA/hAT-Charlie	1417	+	132	47831498	15700
chr19	55186979	55386979	harbor2	chr19	55193489	55193701	DNA/hAT-Charlie	1058	+	106	55193595	6616
chr19	55186979	55386979	harbor2	chr19	55205700	55205903	DNA/hAT-Charlie	624	+	102	55205802	18823
chr19	55186979	55386979	harbor2	chr19	55267977	55268148	DNA/hAT-Charlie	660	+	86	55268063	81084
chr20	42203949	42403949	harbor2	chr20	42213070	42213239	DNA/hAT-Charlie	839	+	84	42213154	9205
chr20	42203949	42403949	harbor2	chr20	42224620	42224702	DNA/hAT-Charlie	387	+	41	42224661	20712
chr20	42203949	42403949	harbor2	chr20	42231653	42231871	DNA/hAT-Charlie	896	+	109	42231762	27813
chr20	42203949	42403949	harbor2	chr20	42266818	42267036	DNA/hAT-Charlie	516	+	109	42266927	62978
chr20	42203949	42403949	harbor2	chr20	42267412	42267532	DNA/hAT-Charlie	536	+	60	42267472	63523
chr20	42203949	42403949	harbor2	chr20	42267545	42267767	DNA/hAT-Charlie	956	+	111	42267656	63707
chr20	42203949	42403949	harbor2	chr20	42272036	42272383	DNA/hAT-Charlie	1803	+	174	42272210	68261
chr20	42203949	42403949	harbor2	chr20	42254279	42254438	DNA/hAT-Charlie	689	+	80	42254359	50410
chr20	60310247	60510247	harbor2	chr20	60324625	60324674	DNA/hAT-Charlie	639	+	24	60324649	14402
chr20	60310247	60510247	harbor2	chr20	60324982	60325154	DNA/hAT-Charlie	639	+	86	60325068	14821
chr20	60310247	60510247	harbor2	chr20	60361778	60361956	DNA/hAT-Charlie	673	+	89	60361867	51620
chr20	60310247	60510247	harbor2	chr20	60370354	60370573	DNA/hAT-Charlie	1323	+	110	60370464	60217
chr20	60310247	60510247	harbor2	chr20	60401258	60401369	DNA/hAT-Charlie	379	+	56	60401314	91067
chr20	56996882	57196882	harbor2	chr20	56998041	56998239	DNA/hAT-Charlie	682	+	99	56998140	1258
chr20	56996882	57196882	harbor2	chr20	57033155	57033389	DNA/hAT-Charlie	925	+	117	57033272	36390
chr20	56996882	57196882	harbor2	chr20	57040402	57040587	DNA/hAT-Charlie	870	+	92	57040494	43612
chr20	56996882	57196882	harbor2	chr20	57045451	57045526	DNA/hAT-Charlie	570	+	38	57045489	48607
chr20	56996882	57196882	harbor2	chr20	57045793	57045895	DNA/hAT-Charlie	570	+	51	57045844	48962
chr20	56996882	57196882	harbor2	chr20	57048148	57048328	DNA/hAT-Charlie	783	+	90	57048238	51356
chr20	56996882	57196882	harbor2	chr20	57061173	57061299	DNA/hAT-Charlie	483	+	63	57061236	64354
chr20	56996882	57196882	harbor2	chr20	57072014	57072177	DNA/hAT-Charlie	585	+	82	57072096	75214
chr20	56996882	57196882	harbor2	chr20	57086616	57086821	DNA/hAT-Charlie	816	+	102	57086718	89836
chr20	56996882	57196882	harbor2	chr20	57088092	57088261	DNA/hAT-Charlie	637	+	84	57088176	91294
chr20	32744295	32944295	harbor2	chr20	32747022	32747093	DNA/hAT-Charlie	635	+	36	32747058	2763
chr20	32744295	32944295	harbor2	chr20	32747404	32747424	DNA/hAT-Charlie	635	+	10	32747414	3119
chr20	32744295	32944295	harbor2	chr20	32747706	32747800	DNA/hAT-Charlie	635	+	47	32747753	3458
chr20	45732769	45932769	harbor2	chr20	45765276	45765388	DNA/hAT-Charlie	595	+	56	45765332	32563
chr20	45732769	45932769	harbor2	chr20	45765689	45765901	DNA/hAT-Charlie	1159	+	106	45765795	33026
chr20	45732769	45932769	harbor2	chr20	45769505	45769577	DNA/hAT-Charlie	439	+	36	45769541	36772
chr20	46208767	46408767	harbor2	chr20	46231311	46231460	DNA/hAT-Charlie	478	+	74	46231385	22618
chr20	46208767	46408767	harbor2	chr20	46236130	46236308	DNA/hAT-Charlie	804	+	89	46236219	27452
chr20	46208767	46408767	harbor2	chr20	46285378	46285599	DNA/hAT-Charlie	1040	+	110	46285488	76721
chr20	46208767	46408767	harbor2	chr20	46290265	46290480	DNA/hAT-Charlie	1561	+	108	46290373	81606
chr20	41219780	41419780	harbor2	chr20	41230120	41230276	DNA/hAT-Charlie	517	+	78	41230198	10418
chr20	41219780	41419780	harbor2	chr20	41230458	41230715	DNA/hAT-Charlie	1375	+	128	41230586	10806
chr20	41219780	41419780	harbor2	chr20	41231190	41231280	DNA/hAT-Charlie	1375	+	45	41231235	11455
chr20	41219780	41419780	harbor2	chr20	41265562	41265719	DNA/hAT-Charlie	611	+	78	41265640	45860
chr20	41219780	41419780	harbor2	chr20	41280251	41280405	DNA/hAT-Charlie	557	+	77	41280328	60548
chr20	41219780	41419780	harbor2	chr20	41293156	41293321	DNA/hAT-Charlie	761	+	82	41293238	73458
chr20	19587459	19787459	harbor2	chr20	19641653	19641825	DNA/hAT-Charlie	833	+	86	19641739	54280
chr20	19587459	19787459	harbor2	chr20	19644860	19645304	DNA/hAT-Charlie	1086	+	222	19645082	57623
chr20	19587459	19787459	harbor2	chr20	19659375	19659524	DNA/hAT-Charlie	548	+	74	19659449	71990
chr20	19587459	19787459	harbor2	chr20	19665040	19665416	DNA/hAT-Charlie	897	+	188	19665228	77769
chr20	39034649	39234649	harbor2	chr20	39035504	39035765	DNA/hAT-Charlie	828	+	130	39035634	985
chr20	39034649	39234649	harbor2	chr20	39041755	39041829	DNA/hAT-Charlie	556	+	37	39041792	7143
chr20	39034649	39234649	harbor2	chr20	39042138	39042326	DNA/hAT-Charlie	556	+	94	39042232	7583
chr20	39034649	39234649	harbor2	chr20	39054539	39054710	DNA/hAT-Charlie	495	+	86	39054625	19976
chr20	39034649	39234649	harbor2	chr20	39055801	39056001	DNA/hAT-Charlie	655	+	100	39055901	21252
chr20	39034649	39234649	harbor2	chr20	39076401	39076578	DNA/hAT-Charlie	1194	+	88	39076489	41840
chr20	39034649	39234649	harbor2	chr20	39076875	39076940	DNA/hAT-Charlie	1194	+	32	39076907	42258
chr20	39034649	39234649	harbor2	chr20	39099136	39099252	DNA/hAT-Charlie	451	+	58	39099194	64545
chr20	39034649	39234649	harbor2	chr20	39107029	39107131	DNA/hAT-Charlie	390	+	51	39107080	72431
chr20	39034649	39234649	harbor2	chr20	39120082	39120288	DNA/hAT-Charlie	1205	+	103	39120185	85536
chr20	39034649	39234649	harbor2	chr20	39133874	39134103	DNA/hAT-Charlie	1246	+	114	39133988	99339
chr20	36011486	36211486	harbor2	chr20	36027444	36027672	DNA/hAT-Charlie	712	+	114	36027558	16072
chr20	36011486	36211486	harbor2	chr20	36067114	36067188	DNA/hAT-Charlie	776	+	37	36067151	55665
chr20	36011486	36211486	harbor2	chr20	36067423	36067562	DNA/hAT-Charlie	776	+	70	36067493	56007
chr20	36011486	36211486	harbor2	chr20	36095713	36095761	DNA/hAT-Charlie	622	+	24	36095737	84251
chr20	36011486	36211486	harbor2	chr20	36096048	36096160	DNA/hAT-Charlie	622	+	56	36096104	84618
chr20	36011486	36211486	harbor2	chr20	36106751	36106841	DNA/hAT-Charlie	541	+	45	36106796	95310
chr20	36011486	36211486	harbor2	chr20	36107087	36107132	DNA/hAT-Charlie	541	+	22	36107109	95623
chr20	36011486	36211486	harbor2	chr20	36107151	36107211	DNA/hAT-Charlie	1058	+	30	36107181	95695
chr20	36011486	36211486	harbor2	chr20	36107518	36107547	DNA/hAT-Charlie	1058	+	14	36107532	96046
chr20	36011486	36211486	harbor2	chr20	36107842	36107970	DNA/hAT-Charlie	1058	+	64	36107906	96420
chr20	36011486	36211486	harbor2	chr20	36108280	36108392	DNA/hAT-Charlie	1058	+	56	36108336	96850
chr20	36011486	36211486	harbor2	chr20	36108695	36108758	DNA/hAT-Charlie	1058	+	32	36108727	97241
chr20	60471377	60671377	harbor2	chr20	60482104	60482260	DNA/hAT-Charlie	450	+	78	60482182	10805
chr20	60471377	60671377	harbor2	chr20	60499650	60499896	DNA/hAT-Charlie	1044	+	123	60499773	28396
chr20	60471377	60671377	harbor2	chr20	60504514	60504670	DNA/hAT-Charlie	398	+	78	60504592	33215
chr20	60471377	60671377	harbor2	chr20	60519359	60519574	DNA/hAT-Charlie	603	+	108	60519467	48090
chr20	60471377	60671377	harbor2	chr20	60519892	60520113	DNA/hAT-Charlie	887	+	110	60520002	48625
chr20	60471377	60671377	harbor2	chr20	60541369	60541541	DNA/hAT-Charlie	403	+	86	60541455	70078
chr20	60214204	60414204	harbor2	chr20	60230938	60231162	DNA/hAT-Charlie	835	+	112	60231050	16846
chr20	60214204	60414204	harbor2	chr20	60256844	60257054	DNA/hAT-Charlie	718	+	105	60256949	42745
chr20	60214204	60414204	harbor2	chr20	60265738	60265933	DNA/hAT-Charlie	446	+	98	60265836	51632
chr20	60214204	60414204	harbor2	chr20	60274114	60274317	DNA/hAT-Charlie	947	+	102	60274216	60012
chr20	60214204	60414204	harbor2	chr20	60302532	60302672	DNA/hAT-Charlie	503	+	70	60302602	88398
chr20	47852225	48052225	harbor2	chr20	47906381	47906638	DNA/hAT-Charlie	511	+	128	47906509	54284
chr20	47852225	48052225	harbor2	chr20	47942021	47942211	DNA/hAT-Charlie	830	+	95	47942116	89891
chr20	47852225	48052225	harbor2	chr20	47948994	47949381	DNA/hAT-Charlie	1704	+	194	47949188	96963
chr20	47852225	48052225	harbor2	chr20	47949757	47949966	DNA/hAT-Charlie	1704	+	104	47949861	97636
chr20	50172323	50372323	harbor2	chr20	50223582	50223889	DNA/hAT-Charlie	991	+	154	50223736	51413
chr20	50172323	50372323	harbor2	chr20	50237708	50237823	DNA/hAT-Charlie	469	+	58	50237766	65443
chr20	50172323	50372323	harbor2	chr20	50238127	50238190	DNA/hAT-Charlie	469	+	32	50238159	65836
chr20	50172323	50372323	harbor2	chr20	50257117	50257269	DNA/hAT-Charlie	389	+	76	50257193	84870
chr20	60626925	60826925	harbor2	chr20	60644479	60644643	DNA/hAT-Charlie	547	+	82	60644561	17636
chr20	60626925	60826925	harbor2	chr20	60695051	60695229	DNA/hAT-Charlie	704	+	89	60695140	68215
chr20	10756220	10956220	harbor2	chr20	10765170	10765516	DNA/hAT-Charlie	2027	+	173	10765343	9123
chr20	10756220	10956220	harbor2	chr20	10769453	10769644	DNA/hAT-Charlie	657	+	96	10769549	13329
chr20	10756220	10956220	harbor2	chr20	10784681	10784839	DNA/hAT-Charlie	513	+	79	10784760	28540
chr20	10756220	10956220	harbor2	chr20	10790665	10790850	DNA/hAT-Charlie	936	+	92	10790757	34537
chr20	10756220	10956220	harbor2	chr20	10804539	10804973	DNA/hAT-Charlie	1484	+	217	10804756	48536
chr20	10756220	10956220	harbor2	chr20	10826832	10827016	DNA/hAT-Charlie	909	+	92	10826924	70704
chr20	10756220	10956220	harbor2	chr20	10831914	10832038	DNA/hAT-Charlie	555	+	62	10831976	75756
chr20	10756220	10956220	harbor2	chr20	10836801	10836979	DNA/hAT-Charlie	786	+	89	10836890	80670
chr20	53196618	53396618	harbor2	chr20	53203861	53204019	DNA/hAT-Charlie	568	+	79	53203940	7322
chr20	53196618	53396618	harbor2	chr20	53204424	53204584	DNA/hAT-Charlie	657	+	80	53204504	7886
chr20	53196618	53396618	harbor2	chr20	53218454	53218814	DNA/hAT-Charlie	699	+	180	53218634	22016
chr20	53196618	53396618	harbor2	chr20	53220514	53220687	DNA/hAT-Charlie	864	+	86	53220600	23982
chr20	53196618	53396618	harbor2	chr20	53290036	53290287	DNA/hAT-Charlie	791	+	126	53290162	93544
chr20	53196618	53396618	harbor2	chr20	53290836	53291029	DNA/hAT-Charlie	1103	+	96	53290932	94314
chr20	63740446	63940446	harbor2	chr20	63786323	63786462	DNA/hAT-Charlie	537	+	70	63786393	45947
chr20	57096752	57296752	harbor2	chr20	57125894	57126104	DNA/hAT-Charlie	709	+	105	57125999	29247
chr20	57096752	57296752	harbor2	chr20	57131231	57131402	DNA/hAT-Charlie	903	+	86	57131317	34565
chr20	57096752	57296752	harbor2	chr20	57136780	57137064	DNA/hAT-Charlie	563	+	142	57136922	40170
chr20	57096752	57296752	harbor2	chr20	57137714	57137934	DNA/hAT-Charlie	961	+	110	57137824	41072
chr20	57096752	57296752	harbor2	chr20	57138472	57138630	DNA/hAT-Charlie	544	+	79	57138551	41799
chr20	57096752	57296752	harbor2	chr20	57160541	57160716	DNA/hAT-Charlie	562	+	88	57160629	63877
chr20	57096752	57296752	harbor2	chr20	57178794	57178901	DNA/hAT-Charlie	481	+	54	57178848	82096
chr20	57096752	57296752	harbor2	chr20	57193259	57193453	DNA/hAT-Charlie	973	+	97	57193356	96604
chr20	57096752	57296752	harbor2	chr20	57194294	57194508	DNA/hAT-Charlie	859	+	107	57194401	97649
chr20	34052845	34252845	harbor2	chr20	34083551	34083727	DNA/hAT-Charlie	427	+	88	34083639	30794
chr20	54660516	54860516	harbor2	chr20	54667786	54667964	DNA/hAT-Charlie	475	+	89	54667875	7359
chr20	54660516	54860516	harbor2	chr20	54719427	54719575	DNA/hAT-Charlie	419	+	74	54719501	58985
chr20	54660516	54860516	harbor2	chr20	54720639	54720895	DNA/hAT-Charlie	474	+	128	54720767	60251
chr20	44607412	44807412	harbor2	chr20	44648750	44648903	DNA/hAT-Charlie	504	+	76	44648826	41414
chr20	44607412	44807412	harbor2	chr20	44653554	44653716	DNA/hAT-Charlie	863	+	81	44653635	46223
chr20	44607412	44807412	harbor2	chr20	44686455	44686599	DNA/hAT-Charlie	762	+	72	44686527	79115
chr20	44607412	44807412	harbor2	chr20	44686912	44687012	DNA/hAT-Charlie	762	+	50	44686962	79550
chr20	20728993	20928993	harbor2	chr20	20782715	20783185	DNA/hAT-Charlie	577	+	235	20782950	53957
chr20	20728993	20928993	harbor2	chr20	20822319	20822452	DNA/hAT-Charlie	938	+	66	20822385	93392
chr20	20728993	20928993	harbor2	chr20	20822717	20822812	DNA/hAT-Charlie	938	+	48	20822765	93772
chr20	54845685	55045685	harbor2	chr20	54881259	54881452	DNA/hAT-Charlie	752	+	96	54881355	35670
chr20	54845685	55045685	harbor2	chr20	54892495	54892716	DNA/hAT-Charlie	972	+	110	54892605	46920
chr20	54769884	54969884	harbor2	chr20	54800625	54800768	DNA/hAT-Charlie	464	+	72	54800697	30813
chr20	54769884	54969884	harbor2	chr20	54805115	54805262	DNA/hAT-Charlie	493	+	74	54805189	35305
chr20	54769884	54969884	harbor2	chr20	54809078	54809269	DNA/hAT-Charlie	767	+	96	54809174	39290
chr20	54769884	54969884	harbor2	chr20	54836655	54836855	DNA/hAT-Charlie	697	+	100	54836755	66871
chr20	46337360	46537360	harbor2	chr20	46338504	46338955	DNA/hAT-Charlie	2321	+	226	46338730	1370
chr20	46337360	46537360	harbor2	chr20	46348767	46348955	DNA/hAT-Charlie	798	+	94	46348861	11501
chr20	46337360	46537360	harbor2	chr20	46360069	46360532	DNA/hAT-Charlie	1704	+	232	46360301	22941
chr20	46337360	46537360	harbor2	chr20	46360848	46360979	DNA/hAT-Charlie	1704	+	66	46360914	23554
chr20	46337360	46537360	harbor2	chr20	46377168	46377429	DNA/hAT-Charlie	1072	+	130	46377298	39938
chr20	46337360	46537360	harbor2	chr20	46404618	46404915	DNA/hAT-Charlie	1295	+	148	46404766	67406
chr20	46337360	46537360	harbor2	chr20	46421491	46421766	DNA/hAT-Charlie	1532	+	138	46421629	84269
chr20	46337360	46537360	harbor2	chr20	46422065	46422115	DNA/hAT-Charlie	1532	+	25	46422090	84730
chr20	46337360	46537360	harbor2	chr20	46424581	46424597	DNA/hAT-Charlie	804	+	8	46424589	87229
chr20	46337360	46537360	harbor2	chr20	46424633	46424687	DNA/hAT-Charlie	804	+	27	46424660	87300
chr20	46337360	46537360	harbor2	chr20	46424917	46425008	DNA/hAT-Charlie	804	+	46	46424963	87603
chr20	46337360	46537360	harbor2	chr20	46382989	46383204	DNA/hAT-Charlie	1136	+	108	46383097	45737
chr20	60277524	60477524	harbor2	chr20	60302532	60302672	DNA/hAT-Charlie	503	+	70	60302602	25078
chr20	60277524	60477524	harbor2	chr20	60324625	60324674	DNA/hAT-Charlie	639	+	24	60324649	47125
chr20	60277524	60477524	harbor2	chr20	60324982	60325154	DNA/hAT-Charlie	639	+	86	60325068	47544
chr20	60277524	60477524	harbor2	chr20	60361778	60361956	DNA/hAT-Charlie	673	+	89	60361867	84343
chr20	60277524	60477524	harbor2	chr20	60370354	60370573	DNA/hAT-Charlie	1323	+	110	60370464	92940
chr20	48409098	48609098	harbor2	chr20	48420080	48420324	DNA/hAT-Charlie	386	+	122	48420202	11104
chr20	48409098	48609098	harbor2	chr20	48420553	48420739	DNA/hAT-Charlie	544	+	93	48420646	11548
chr20	48409098	48609098	harbor2	chr20	48422693	48422870	DNA/hAT-Charlie	744	+	88	48422781	13683
chr20	48409098	48609098	harbor2	chr20	48423162	48423219	DNA/hAT-Charlie	744	+	28	48423190	14092
chr20	48409098	48609098	harbor2	chr20	48427367	48427663	DNA/hAT-Charlie	1286	+	148	48427515	18417
chr20	48409098	48609098	harbor2	chr20	48439316	48439585	DNA/hAT-Charlie	440	+	134	48439450	30352
chr20	48409098	48609098	harbor2	chr20	48440937	48441274	DNA/hAT-Charlie	2528	+	168	48441105	32007
chr20	48409098	48609098	harbor2	chr20	48449630	48449747	DNA/hAT-Charlie	400	+	58	48449688	40590
chr20	48409098	48609098	harbor2	chr20	48450432	48450557	DNA/hAT-Charlie	400	+	62	48450494	41396
chr20	23203992	23403992	harbor2	chr20	23205170	23205332	DNA/hAT-Charlie	585	+	81	23205251	1259
chr20	23203992	23403992	harbor2	chr20	23206692	23206876	DNA/hAT-Charlie	481	+	92	23206784	2792
chr20	23203992	23403992	harbor2	chr20	23216480	23216641	DNA/hAT-Charlie	529	+	80	23216560	12568
chr20	23203992	23403992	harbor2	chr20	23229114	23229998	DNA/hAT-Charlie	1756	+	442	23229556	25564
chr20	23203992	23403992	harbor2	chr20	23265393	23265556	DNA/hAT-Charlie	516	+	82	23265475	61483
chr20	23203992	23403992	harbor2	chr20	23274518	23274796	DNA/hAT-Charlie	699	+	139	23274657	70665
chr20	23203992	23403992	harbor2	chr20	23291754	23291898	DNA/hAT-Charlie	505	+	72	23291826	87834
chr20	50052804	50252804	harbor2	chr20	50080675	50081038	DNA/hAT-Charlie	1537	+	182	50080857	28053
chr20	50052804	50252804	harbor2	chr20	50083424	50083768	DNA/hAT-Charlie	959	+	172	50083596	30792
chr20	50052804	50252804	harbor2	chr20	50092367	50092591	DNA/hAT-Charlie	644	+	112	50092479	39675
chr20	50052804	50252804	harbor2	chr20	50098703	50098907	DNA/hAT-Charlie	472	+	102	50098805	46001
chr20	50052804	50252804	harbor2	chr20	50107173	50107335	DNA/hAT-Charlie	596	+	81	50107254	54450
chr20	53374684	53574684	harbor2	chr20	53375090	53375258	DNA/hAT-Charlie	456	+	84	53375174	490
chr20	53374684	53574684	harbor2	chr20	53378623	53378943	DNA/hAT-Charlie	528	+	160	53378783	4099
chr20	53374684	53574684	harbor2	chr20	53380221	53380520	DNA/hAT-Charlie	414	+	150	53380371	5687
chr20	53374684	53574684	harbor2	chr20	53389695	53389907	DNA/hAT-Charlie	1268	+	106	53389801	15117
chr20	53374684	53574684	harbor2	chr20	53416490	53416688	DNA/hAT-Charlie	720	+	99	53416589	41905
chr20	53374684	53574684	harbor2	chr20	53423830	53424039	DNA/hAT-Charlie	841	+	104	53423934	49250
chr20	53374684	53574684	harbor2	chr20	53463615	53463733	DNA/hAT-Charlie	616	+	59	53463674	88990
chr20	62982277	63182277	harbor2	chr20	63002950	63003224	DNA/hAT-Charlie	756	+	137	63003087	20810
chr20	62982277	63182277	harbor2	chr20	63053974	63054130	DNA/hAT-Charlie	387	+	78	63054052	71775
chr20	54289413	54489413	harbor2	chr20	54291890	54291985	DNA/hAT-Charlie	480	+	48	54291938	2525
chr20	54289413	54489413	harbor2	chr20	54318351	54318464	DNA/hAT-Charlie	672	+	56	54318407	28994
chr20	54289413	54489413	harbor2	chr20	54321957	54322189	DNA/hAT-Charlie	562	+	116	54322073	32660
chr20	54289413	54489413	harbor2	chr20	54342281	54342505	DNA/hAT-Charlie	526	+	112	54342393	52980
chr20	54289413	54489413	harbor2	chr20	54344942	54345122	DNA/hAT-Charlie	998	+	90	54345032	55619
chr20	54289413	54489413	harbor2	chr20	54351878	54352099	DNA/hAT-Charlie	909	+	110	54351988	62575
chr20	54289413	54489413	harbor2	chr20	54358301	54358829	DNA/hAT-Charlie	682	+	264	54358565	69152
chr20	54289413	54489413	harbor2	chr20	54358888	54358988	DNA/hAT-Charlie	402	+	50	54358938	69525
chr20	54289413	54489413	harbor2	chr20	54359701	54360305	DNA/hAT-Charlie	1090	+	302	54360003	70590
chr20	54289413	54489413	harbor2	chr20	54381063	54381149	DNA/hAT-Charlie	932	+	43	54381106	91693
chr20	54289413	54489413	harbor2	chr20	54381284	54381568	DNA/hAT-Charlie	1134	+	142	54381426	92013
chr20	24624119	24824119	harbor2	chr20	24633604	24633751	DNA/hAT-Charlie	450	+	74	24633678	9559
chr20	24624119	24824119	harbor2	chr20	24672788	24672976	DNA/hAT-Charlie	598	+	94	24672882	48763
chr20	24624119	24824119	harbor2	chr20	24692222	24692394	DNA/hAT-Charlie	487	+	86	24692308	68189
chr20	35952805	36152805	harbor2	chr20	35955138	35955450	DNA/hAT-Charlie	996	+	156	35955294	2489
chr20	35952805	36152805	harbor2	chr20	35956298	35956483	DNA/hAT-Charlie	875	+	92	35956390	3585
chr20	35952805	36152805	harbor2	chr20	35991813	35991870	DNA/hAT-Charlie	914	+	28	35991841	39036
chr20	35952805	36152805	harbor2	chr20	35992180	35992321	DNA/hAT-Charlie	914	+	70	35992250	39445
chr20	35952805	36152805	harbor2	chr20	35992593	35992718	DNA/hAT-Charlie	380	+	62	35992655	39850
chr20	35952805	36152805	harbor2	chr20	36027444	36027672	DNA/hAT-Charlie	712	+	114	36027558	74753
chr20	23420393	23620393	harbor2	chr20	23489013	23489157	DNA/hAT-Charlie	694	+	72	23489085	68692
chr20	23420393	23620393	harbor2	chr20	23505713	23505873	DNA/hAT-Charlie	831	+	80	23505793	85400
chr20	50274377	50474377	harbor2	chr20	50281225	50281446	DNA/hAT-Charlie	1167	+	110	50281335	6958
chr20	50274377	50474377	harbor2	chr20	50304830	50305111	DNA/hAT-Charlie	619	+	140	50304970	30593
chr20	50274377	50474377	harbor2	chr20	50314174	50314427	DNA/hAT-Charlie	734	+	126	50314300	39923
chr20	50274377	50474377	harbor2	chr20	50315450	50315700	DNA/hAT-Charlie	796	+	125	50315575	41198
chr20	50274377	50474377	harbor2	chr20	50318911	50319191	DNA/hAT-Charlie	968	+	140	50319051	44674
chr20	50274377	50474377	harbor2	chr20	50341803	50342087	DNA/hAT-Charlie	813	+	142	50341945	67568
chr20	50274377	50474377	harbor2	chr20	50342261	50342478	DNA/hAT-Charlie	1030	+	108	50342369	67992
chr20	50274377	50474377	harbor2	chr20	50364935	50365152	DNA/hAT-Charlie	1390	+	108	50365043	90666
chr20	50274377	50474377	harbor2	chr20	50370500	50370709	DNA/hAT-Charlie	1194	+	104	50370604	96227
chr20	34143738	34343738	harbor2	chr20	34180316	34180485	DNA/hAT-Charlie	764	+	84	34180400	36662
chr20	34143738	34343738	harbor2	chr20	34188299	34188813	DNA/hAT-Charlie	1223	+	257	34188556	44818
chr20	34143738	34343738	harbor2	chr20	34202181	34202309	DNA/hAT-Charlie	530	+	64	34202245	58507
chr20	60277847	60477847	harbor2	chr20	60302532	60302672	DNA/hAT-Charlie	503	+	70	60302602	24755
chr20	60277847	60477847	harbor2	chr20	60324625	60324674	DNA/hAT-Charlie	639	+	24	60324649	46802
chr20	60277847	60477847	harbor2	chr20	60324982	60325154	DNA/hAT-Charlie	639	+	86	60325068	47221
chr20	60277847	60477847	harbor2	chr20	60361778	60361956	DNA/hAT-Charlie	673	+	89	60361867	84020
chr20	60277847	60477847	harbor2	chr20	60370354	60370573	DNA/hAT-Charlie	1323	+	110	60370464	92617
chr20	36065730	36265730	harbor2	chr20	36067114	36067188	DNA/hAT-Charlie	776	+	37	36067151	1421
chr20	36065730	36265730	harbor2	chr20	36067423	36067562	DNA/hAT-Charlie	776	+	70	36067493	1763
chr20	36065730	36265730	harbor2	chr20	36095713	36095761	DNA/hAT-Charlie	622	+	24	36095737	30007
chr20	36065730	36265730	harbor2	chr20	36096048	36096160	DNA/hAT-Charlie	622	+	56	36096104	30374
chr20	36065730	36265730	harbor2	chr20	36106751	36106841	DNA/hAT-Charlie	541	+	45	36106796	41066
chr20	36065730	36265730	harbor2	chr20	36107087	36107132	DNA/hAT-Charlie	541	+	22	36107109	41379
chr20	36065730	36265730	harbor2	chr20	36107151	36107211	DNA/hAT-Charlie	1058	+	30	36107181	41451
chr20	36065730	36265730	harbor2	chr20	36107518	36107547	DNA/hAT-Charlie	1058	+	14	36107532	41802
chr20	36065730	36265730	harbor2	chr20	36107842	36107970	DNA/hAT-Charlie	1058	+	64	36107906	42176
chr20	36065730	36265730	harbor2	chr20	36108280	36108392	DNA/hAT-Charlie	1058	+	56	36108336	42606
chr20	36065730	36265730	harbor2	chr20	36108695	36108758	DNA/hAT-Charlie	1058	+	32	36108727	42997
chr20	36065730	36265730	harbor2	chr20	36145668	36145825	DNA/hAT-Charlie	567	+	78	36145746	80016
chr20	59913467	60113467	harbor2	chr20	59917915	59919045	DNA/hAT-Charlie	5484	+	565	59918480	5013
chr20	59913467	60113467	harbor2	chr20	59949814	59949883	DNA/hAT-Charlie	416	+	34	59949848	36381
chr20	59913467	60113467	harbor2	chr20	59996948	59997152	DNA/hAT-Charlie	1123	+	102	59997050	83583
chr20	46261424	46461424	harbor2	chr20	46285378	46285599	DNA/hAT-Charlie	1040	+	110	46285488	24064
chr20	46261424	46461424	harbor2	chr20	46290265	46290480	DNA/hAT-Charlie	1561	+	108	46290373	28949
chr20	46261424	46461424	harbor2	chr20	46335221	46335401	DNA/hAT-Charlie	431	+	90	46335311	73887
chr20	46261424	46461424	harbor2	chr20	46338504	46338955	DNA/hAT-Charlie	2321	+	226	46338730	77306
chr20	46261424	46461424	harbor2	chr20	46348767	46348955	DNA/hAT-Charlie	798	+	94	46348861	87437
chr20	46261424	46461424	harbor2	chr20	46360069	46360532	DNA/hAT-Charlie	1704	+	232	46360301	98877
chr20	46261424	46461424	harbor2	chr20	46360848	46360979	DNA/hAT-Charlie	1704	+	66	46360914	99490
chr20	63555103	63755103	harbor2	chr20	63634426	63634595	DNA/hAT-Charlie	450	+	84	63634510	79407
chr20	33119712	33319712	harbor2	chr20	33127809	33128339	DNA/hAT-Charlie	1273	+	265	33128074	8362
chr20	33119712	33319712	harbor2	chr20	33129879	33130036	DNA/hAT-Charlie	1001	+	78	33129957	10245
chr20	33119712	33319712	harbor2	chr20	33130352	33130555	DNA/hAT-Charlie	1001	+	102	33130454	10742
chr20	33119712	33319712	harbor2	chr20	33152489	33152701	DNA/hAT-Charlie	1225	+	106	33152595	32883
chr20	33119712	33319712	harbor2	chr20	33178818	33178900	DNA/hAT-Charlie	485	+	41	33178859	59147
chr20	33119712	33319712	harbor2	chr20	33186304	33186464	DNA/hAT-Charlie	707	+	80	33186384	66672
chr20	55998621	56198621	harbor2	chr20	56022924	56023095	DNA/hAT-Charlie	735	+	86	56023010	24389
chr20	55998621	56198621	harbor2	chr20	56048088	56048201	DNA/hAT-Charlie	445	+	56	56048144	49523
chr20	55998621	56198621	harbor2	chr20	56071566	56071774	DNA/hAT-Charlie	1083	+	104	56071670	73049
chr20	52708696	52908696	harbor2	chr20	52716936	52717109	DNA/hAT-Charlie	877	+	86	52717022	8326
chr20	52708696	52908696	harbor2	chr20	52718762	52718993	DNA/hAT-Charlie	826	+	116	52718878	10182
chr20	52708696	52908696	harbor2	chr20	52729352	52729446	DNA/hAT-Charlie	816	+	47	52729399	20703
chr20	52708696	52908696	harbor2	chr20	52729755	52729873	DNA/hAT-Charlie	816	+	59	52729814	21118
chr20	52708696	52908696	harbor2	chr20	52746328	52746856	DNA/hAT-Charlie	3690	+	264	52746592	37896
chr20	52708696	52908696	harbor2	chr20	52750082	52750291	DNA/hAT-Charlie	982	+	104	52750186	41490
chr20	52708696	52908696	harbor2	chr20	52762493	52762711	DNA/hAT-Charlie	1004	+	109	52762602	53906
chr20	52708696	52908696	harbor2	chr20	52775220	52775347	DNA/hAT-Charlie	458	+	64	52775284	66588
chr20	52708696	52908696	harbor2	chr20	52779639	52779909	DNA/hAT-Charlie	451	+	135	52779774	71078
chr20	52708696	52908696	harbor2	chr20	52789603	52789843	DNA/hAT-Charlie	382	+	120	52789723	81027
chr20	52708696	52908696	harbor2	chr20	52796332	52796539	DNA/hAT-Charlie	924	+	104	52796436	87740
chr20	52708696	52908696	harbor2	chr20	52797808	52797961	DNA/hAT-Charlie	491	+	76	52797884	89188
chr20	48444901	48644901	harbor2	chr20	48449630	48449747	DNA/hAT-Charlie	400	+	58	48449688	4787
chr20	48444901	48644901	harbor2	chr20	48450432	48450557	DNA/hAT-Charlie	400	+	62	48450494	5593
chr20	48444901	48644901	harbor2	chr20	48535978	48536267	DNA/hAT-Charlie	723	+	144	48536122	91221
chr20	48444901	48644901	harbor2	chr20	48536268	48536484	DNA/hAT-Charlie	857	+	108	48536376	91475
chr20	48444901	48644901	harbor2	chr20	48536485	48536551	DNA/hAT-Charlie	723	+	33	48536518	91617
chr21	32461913	32661913	harbor2	chr21	32510488	32510606	DNA/hAT-Charlie	560	+	59	32510547	48634
chr21	40964138	41164138	harbor2	chr21	41046922	41047090	DNA/hAT-Charlie	572	+	84	41047006	82868
chr21	20269700	20469700	harbor2	chr21	20335489	20335675	DNA/hAT-Charlie	664	+	93	20335582	65882
chr21	43085593	43285593	harbor2	chr21	43093968	43094109	DNA/hAT-Charlie	659	+	70	43094038	8445
chr21	40332699	40532699	harbor2	chr21	40335734	40336709	DNA/hAT-Charlie	3390	+	488	40336222	3523
chr21	40332699	40532699	harbor2	chr21	40346865	40347034	DNA/hAT-Charlie	708	+	84	40346949	14250
chr21	40332699	40532699	harbor2	chr21	40383639	40383927	DNA/hAT-Charlie	764	+	144	40383783	51084
chr21	38043287	38243287	harbor2	chr21	38066155	38066388	DNA/hAT-Charlie	961	+	116	38066271	22984
chr21	38043287	38243287	harbor2	chr21	38106902	38107086	DNA/hAT-Charlie	1521	+	92	38106994	63707
chr21	38043287	38243287	harbor2	chr21	38107507	38107599	DNA/hAT-Charlie	1521	+	46	38107553	64266
chr21	38043287	38243287	harbor2	chr21	38131783	38131972	DNA/hAT-Charlie	863	+	94	38131877	88590
chr21	39335565	39535565	harbor2	chr21	39433976	39434497	DNA/hAT-Charlie	1106	+	260	39434236	98671
chr21	38124793	38324793	harbor2	chr21	38131783	38131972	DNA/hAT-Charlie	863	+	94	38131877	7084
chr21	38124793	38324793	harbor2	chr21	38147577	38147801	DNA/hAT-Charlie	962	+	112	38147689	22896
chr21	38124793	38324793	harbor2	chr21	38167341	38167556	DNA/hAT-Charlie	888	+	108	38167449	42656
chr21	38124793	38324793	harbor2	chr21	38189959	38190159	DNA/hAT-Charlie	958	+	100	38190059	65266
chr21	38124793	38324793	harbor2	chr21	38214552	38214914	DNA/hAT-Charlie	750	+	181	38214733	89940
chr21	38124793	38324793	harbor2	chr21	38223365	38223582	DNA/hAT-Charlie	881	+	108	38223473	98680
chr21	32591316	32791316	harbor2	chr21	32668767	32670157	DNA/hAT-Charlie	5106	+	695	32669462	78146
chr21	16838296	17038296	harbor2	chr21	16924094	16924414	DNA/hAT-Charlie	1425	+	160	16924254	85958
chr21	16838296	17038296	harbor2	chr21	16933119	16933345	DNA/hAT-Charlie	1530	+	113	16933232	94936
chr21	38078052	38278052	harbor2	chr21	38106902	38107086	DNA/hAT-Charlie	1521	+	92	38106994	28942
chr21	38078052	38278052	harbor2	chr21	38107507	38107599	DNA/hAT-Charlie	1521	+	46	38107553	29501
chr21	38078052	38278052	harbor2	chr21	38131783	38131972	DNA/hAT-Charlie	863	+	94	38131877	53825
chr21	38078052	38278052	harbor2	chr21	38147577	38147801	DNA/hAT-Charlie	962	+	112	38147689	69637
chr21	38078052	38278052	harbor2	chr21	38167341	38167556	DNA/hAT-Charlie	888	+	108	38167449	89397
chr21	46408142	46608142	harbor2	chr21	46465512	46466342	DNA/hAT-Charlie	5097	+	415	46465927	57785
chr21	46408142	46608142	harbor2	chr21	46466646	46467014	DNA/hAT-Charlie	5097	+	184	46466830	58688
chr21	46408142	46608142	harbor2	chr21	46467315	46467355	DNA/hAT-Charlie	5097	+	20	46467335	59193
chr21	46408142	46608142	harbor2	chr21	46472874	46473063	DNA/hAT-Charlie	963	+	94	46472968	64826
chr21	45225959	45425959	harbor2	chr21	45232559	45232604	DNA/hAT-Charlie	3097	+	22	45232581	6622
chr21	45225959	45425959	harbor2	chr21	45232882	45234180	DNA/hAT-Charlie	3097	+	649	45233531	7572
chr21	45225959	45425959	harbor2	chr21	45296798	45297022	DNA/hAT-Charlie	988	+	112	45296910	70951
chr21	45082424	45282424	harbor2	chr21	45085916	45086306	DNA/hAT-Charlie	679	+	195	45086111	3687
chr21	45082424	45282424	harbor2	chr21	45086828	45087184	DNA/hAT-Charlie	729	+	178	45087006	4582
chr21	24793042	24993042	harbor2	chr21	24817257	24817616	DNA/hAT-Charlie	1985	+	180	24817437	24395
chr21	24793042	24993042	harbor2	chr21	24822627	24822843	DNA/hAT-Charlie	1054	+	108	24822735	29693
chr21	24793042	24993042	harbor2	chr21	24871181	24871296	DNA/hAT-Charlie	528	+	58	24871239	78197
chr21	24793042	24993042	harbor2	chr21	24889376	24889542	DNA/hAT-Charlie	493	+	83	24889459	96417
chr21	37160666	37360666	harbor2	chr21	37216495	37216874	DNA/hAT-Charlie	909	+	190	37216685	56019
chr21	45650344	45850344	harbor2	chr21	45675677	45676334	DNA/hAT-Charlie	3115	+	328	45676005	25661
chr21	35539288	35739288	harbor2	chr21	35550767	35551307	DNA/hAT-Charlie	1152	+	270	35551037	11749
chr21	35539288	35739288	harbor2	chr21	35553559	35554124	DNA/hAT-Charlie	909	+	282	35553841	14553
chr21	35539288	35739288	harbor2	chr21	35573617	35573853	DNA/hAT-Charlie	701	+	118	35573735	34447
chr21	35539288	35739288	harbor2	chr21	35577558	35577794	DNA/hAT-Charlie	665	+	118	35577676	38388
chr21	35539288	35739288	harbor2	chr21	35632776	35632899	DNA/hAT-Charlie	515	+	62	35632838	93550
chr21	35539288	35739288	harbor2	chr21	35553132	35553482	DNA/hAT-Charlie	907	+	175	35553307	14019
chr21	38926642	39126642	harbor2	chr21	38928826	38928973	DNA/hAT-Charlie	599	+	74	38928900	2258
chr21	38926642	39126642	harbor2	chr21	38939447	38939876	DNA/hAT-Charlie	1352	+	214	38939661	13019
chr21	38926642	39126642	harbor2	chr21	38965913	38966079	DNA/hAT-Charlie	772	+	83	38965996	39354
chr21	38926642	39126642	harbor2	chr21	38984363	38984861	DNA/hAT-Charlie	1463	+	249	38984612	57970
chr21	38926642	39126642	harbor2	chr21	39007570	39007741	DNA/hAT-Charlie	886	+	86	39007656	81014
chr21	38926642	39126642	harbor2	chr21	39009323	39009638	DNA/hAT-Charlie	606	+	158	39009481	82839
chr21	38926642	39126642	harbor2	chr21	38944584	38944785	DNA/hAT-Charlie	764	+	100	38944684	18042
chr21	46545722	46745722	harbor2	chr21	46546317	46546543	DNA/hAT-Charlie	759	+	113	46546430	708
chr21	46545722	46745722	harbor2	chr21	46571001	46571334	DNA/hAT-Charlie	2020	+	166	46571167	25445
chr21	45977867	46177867	harbor2	chr21	46051283	46051415	DNA/hAT-Charlie	586	+	66	46051349	73482
chr21	45977867	46177867	harbor2	chr21	46051411	46051931	DNA/hAT-Charlie	1355	+	260	46051671	73804
chr21	20865091	21065091	harbor2	chr21	20903065	20903273	DNA/hAT-Charlie	938	+	104	20903169	38078
chr21	20865091	21065091	harbor2	chr21	20963463	20963781	DNA/hAT-Charlie	597	+	159	20963622	98531
chr21	36841204	37041204	harbor2	chr21	36853144	36853426	DNA/hAT-Charlie	532	+	141	36853285	12081
chr21	36841204	37041204	harbor2	chr21	36853435	36853888	DNA/hAT-Charlie	1581	+	226	36853661	12457
chr21	36841204	37041204	harbor2	chr21	36853904	36854303	DNA/hAT-Charlie	1479	+	200	36854104	12900
chr21	36841204	37041204	harbor2	chr21	36854631	36854959	DNA/hAT-Charlie	878	+	164	36854795	13591
chr21	36841204	37041204	harbor2	chr21	36855058	36855248	DNA/hAT-Charlie	484	+	95	36855153	13949
chr21	36841204	37041204	harbor2	chr21	36855563	36855586	DNA/hAT-Charlie	484	+	12	36855575	14371
chr21	36841204	37041204	harbor2	chr21	36855878	36855906	DNA/hAT-Charlie	484	+	14	36855892	14688
chr21	36841204	37041204	harbor2	chr21	36856261	36856289	DNA/hAT-Charlie	484	+	14	36856275	15071
chr21	36841204	37041204	harbor2	chr21	36934258	36934404	DNA/hAT-Charlie	676	+	73	36934331	93127
chr21	44744645	44944645	harbor2	chr21	44748782	44748959	DNA/hAT-Charlie	505	+	88	44748870	4225
chr21	31130468	31330468	harbor2	chr21	31155272	31155418	DNA/hAT-Charlie	692	+	73	31155345	24877
chr21	31130468	31330468	harbor2	chr21	31176018	31176211	DNA/hAT-Charlie	867	+	96	31176114	45646
chr21	31130468	31330468	harbor2	chr21	31191459	31191690	DNA/hAT-Charlie	585	+	116	31191575	61107
chr21	31130468	31330468	harbor2	chr21	31200354	31200591	DNA/hAT-Charlie	1214	+	118	31200472	70004
chr21	31130468	31330468	harbor2	chr21	31200626	31200826	DNA/hAT-Charlie	661	+	100	31200726	70258
chr22	20838466	21038466	harbor2	chr22	20907710	20907781	DNA/hAT-Charlie	1726	+	36	20907746	69280
chr22	20838466	21038466	harbor2	chr22	20908071	20908360	DNA/hAT-Charlie	1726	+	144	20908215	69749
chr22	20838466	21038466	harbor2	chr22	20908660	20908700	DNA/hAT-Charlie	1726	+	20	20908680	70214
chr22	20838466	21038466	harbor2	chr22	20908989	20909062	DNA/hAT-Charlie	1726	+	36	20909025	70559
chr22	20838466	21038466	harbor2	chr22	20909229	20909367	DNA/hAT-Charlie	1264	+	69	20909298	70832
chr22	20838466	21038466	harbor2	chr22	20909679	20909752	DNA/hAT-Charlie	1264	+	36	20909715	71249
chr22	20838466	21038466	harbor2	chr22	20910068	20910184	DNA/hAT-Charlie	1264	+	58	20910126	71660
chr22	20838466	21038466	harbor2	chr22	20910178	20910350	DNA/hAT-Charlie	645	+	86	20910264	71798
chr22	20838466	21038466	harbor2	chr22	20911295	20911466	DNA/hAT-Charlie	1029	+	86	20911381	72915
chr22	21124289	21324289	harbor2	chr22	21162390	21162608	DNA/hAT-Charlie	2008	+	109	21162499	38210
chr22	21124289	21324289	harbor2	chr22	21162906	21163023	DNA/hAT-Charlie	2008	+	58	21162964	38675
chr22	21124289	21324289	harbor2	chr22	21194497	21194672	DNA/hAT-Charlie	786	+	88	21194585	70296
chr22	46862547	47062547	harbor2	chr22	46933690	46933852	DNA/hAT-Charlie	439	+	81	46933771	71224
chr22	16939699	17139699	harbor2	chr22	16987395	16987563	DNA/hAT-Charlie	623	+	84	16987479	47780
chr22	24054852	24254852	harbor2	chr22	24076955	24077117	DNA/hAT-Charlie	832	+	81	24077036	22184
chr22	24054852	24254852	harbor2	chr22	24111281	24111613	DNA/hAT-Charlie	2076	+	166	24111447	56595
chr22	39677995	39877995	harbor2	chr22	39748812	39748980	DNA/hAT-Charlie	854	+	84	39748896	70901
chr22	49635739	49835739	harbor2	chr22	49729362	49729594	DNA/hAT-Charlie	656	+	116	49729478	93739
chr22	45710349	45910349	harbor2	chr22	45710613	45710829	DNA/hAT-Charlie	1394	+	108	45710721	372
chr22	45710349	45910349	harbor2	chr22	45715426	45715642	DNA/hAT-Charlie	1262	+	108	45715534	5185
chr22	45710349	45910349	harbor2	chr22	45766183	45766495	DNA/hAT-Charlie	1776	+	156	45766339	55990
chr22	45710349	45910349	harbor2	chr22	45777941	45778143	DNA/hAT-Charlie	928	+	101	45778042	67693
chr22	46331044	46531044	harbor2	chr22	46428516	46428701	DNA/hAT-Charlie	487	+	92	46428608	97564
chr22	16621610	16821610	harbor2	chr22	16672054	16672212	DNA/hAT-Charlie	721	+	79	16672133	50523
chr22	49782793	49982793	harbor2	chr22	49797421	49797696	DNA/hAT-Charlie	689	+	138	49797559	14766
chr22	16215408	16415408	harbor2	chr22	16246765	16246953	DNA/hAT-Charlie	466	+	94	16246859	31451
chr22	47083476	47283476	harbor2	chr22	47084410	47084544	DNA/hAT-Charlie	496	+	67	47084477	1001
chr22	29739598	29939598	harbor2	chr22	29761601	29761665	DNA/hAT-Charlie	466	+	32	29761633	22035
chr22	29739598	29939598	harbor2	chr22	29762333	29762858	DNA/hAT-Charlie	4113	+	262	29762595	22997
chr22	27639704	27839704	harbor2	chr22	27647466	27647638	DNA/hAT-Charlie	481	+	86	27647552	7848
chr22	27639704	27839704	harbor2	chr22	27702553	27702641	DNA/hAT-Charlie	1397	+	44	27702597	62893
chr22	27639704	27839704	harbor2	chr22	27702942	27703345	DNA/hAT-Charlie	1397	+	202	27703144	63440
chr22	50613553	50813553	harbor2	chr22	50694192	50694374	DNA/hAT-Charlie	771	+	91	50694283	80730
chr22	28734601	28934601	harbor2	chr22	28757823	28758136	DNA/hAT-Charlie	2000	+	156	28757979	23378
chr22	44458426	44658426	harbor2	chr22	44491718	44492163	DNA/hAT-Charlie	1485	+	222	44491940	33514
chr22	44458426	44658426	harbor2	chr22	44548677	44548858	DNA/hAT-Charlie	607	+	90	44548767	90341
chr22	50642824	50842824	harbor2	chr22	50694192	50694374	DNA/hAT-Charlie	771	+	91	50694283	51459
chr22	34816010	35016010	harbor2	chr22	34826844	34827476	DNA/hAT-Charlie	1288	+	316	34827160	11150
chr22	34816010	35016010	harbor2	chr22	34858176	34858390	DNA/hAT-Charlie	957	+	107	34858283	42273
chr22	34816010	35016010	harbor2	chr22	34882076	34882507	DNA/hAT-Charlie	765	+	216	34882292	66282
chr22	34816010	35016010	harbor2	chr22	34884863	34885249	DNA/hAT-Charlie	1141	+	193	34885056	69046
chr22	34816010	35016010	harbor2	chr22	34886257	34887482	DNA/hAT-Charlie	3357	+	612	34886869	70859
chr22	39154963	39354963	harbor2	chr22	39158762	39158984	DNA/hAT-Charlie	690	+	111	39158873	3910
chr22	39154963	39354963	harbor2	chr22	39159283	39159325	DNA/hAT-Charlie	690	+	21	39159304	4341
chr22	39154963	39354963	harbor2	chr22	39169390	39169546	DNA/hAT-Charlie	808	+	78	39169468	14505
chr22	39154963	39354963	harbor2	chr22	39238782	39238971	DNA/hAT-Charlie	622	+	94	39238876	83913
chr22	26071598	26271598	harbor2	chr22	26074813	26075082	DNA/hAT-Charlie	490	+	134	26074947	3349
chr22	26071598	26271598	harbor2	chr22	26088566	26088765	DNA/hAT-Charlie	609	+	100	26088666	17068
chr22	23060864	23260864	harbor2	chr22	23085860	23086211	DNA/hAT-Charlie	910	+	176	23086036	25172
chr22	46127582	46327582	harbor2	chr22	46215828	46216014	DNA/hAT-Charlie	1264	+	93	46215921	88339
chr22	50322576	50522576	harbor2	chr22	50395488	50395556	DNA/hAT-Charlie	685	+	34	50395522	72946
chr22	50322576	50522576	harbor2	chr22	50395866	50395915	DNA/hAT-Charlie	685	+	24	50395890	73314
chr22	50322576	50522576	harbor2	chr22	50396525	50396695	DNA/hAT-Charlie	685	+	85	50396610	74034
chr22	23631512	23831512	harbor2	chr22	23680313	23680418	DNA/hAT-Charlie	444	+	52	23680365	48853
chr22	49212447	49412447	harbor2	chr22	49214565	49214775	DNA/hAT-Charlie	683	+	105	49214670	2223
chr22	49419511	49619511	harbor2	chr22	49441858	49442027	DNA/hAT-Charlie	561	+	84	49441942	22431
chr22	49038479	49238479	harbor2	chr22	49071871	49072078	DNA/hAT-Charlie	747	+	104	49071975	33496
chr22	29388801	29588801	harbor2	chr22	29487274	29487348	DNA/hAT-Charlie	745	+	37	29487311	98510
chr22	29388801	29588801	harbor2	chr22	29487663	29487758	DNA/hAT-Charlie	745	+	48	29487711	98910
chr22	34077678	34277678	harbor2	chr22	34079705	34079952	DNA/hAT-Charlie	563	+	124	34079829	2151
chr22	46122650	46322650	harbor2	chr22	46215828	46216014	DNA/hAT-Charlie	1264	+	93	46215921	93271
chr22	47804723	48004723	harbor2	chr22	47849035	47849460	DNA/hAT-Charlie	2864	+	212	47849247	44524
chr22	47804723	48004723	harbor2	chr22	47893233	47893426	DNA/hAT-Charlie	763	+	96	47893329	88606
chr22	47804723	48004723	harbor2	chr22	47893630	47893842	DNA/hAT-Charlie	972	+	106	47893736	89013
chr22	38925691	39125691	harbor2	chr22	38975777	38976293	DNA/hAT-Charlie	1494	+	258	38976035	50344
chr22	35685226	35885226	harbor2	chr22	35734206	35734412	DNA/hAT-Charlie	845	+	103	35734309	49083
chr22	35685226	35885226	harbor2	chr22	35747179	35747257	DNA/hAT-Charlie	451	+	39	35747218	61992
chr22	35685226	35885226	harbor2	chr22	35781050	35781227	DNA/hAT-Charlie	749	+	88	35781138	95912
chr22	41063812	41263812	harbor2	chr22	41115194	41115408	DNA/hAT-Charlie	937	+	107	41115301	51489
chr22	41063812	41263812	harbor2	chr22	41144810	41145099	DNA/hAT-Charlie	470	+	144	41144954	81142
chr22	49722468	49922468	harbor2	chr22	49729362	49729594	DNA/hAT-Charlie	656	+	116	49729478	7010
chr22	49722468	49922468	harbor2	chr22	49797421	49797696	DNA/hAT-Charlie	689	+	138	49797559	75091
chr22	36576813	36776813	harbor2	chr22	36585490	36585696	DNA/hAT-Charlie	968	+	103	36585593	8780
chr22	36576813	36776813	harbor2	chr22	36612926	36613156	DNA/hAT-Charlie	823	+	115	36613041	36228
chr22	36576813	36776813	harbor2	chr22	36613191	36613249	DNA/hAT-Charlie	823	+	29	36613220	36407
chr22	36576813	36776813	harbor2	chr22	36653004	36653040	DNA/hAT-Charlie	659	+	18	36653022	76209
chr22	36576813	36776813	harbor2	chr22	36653349	36653563	DNA/hAT-Charlie	659	+	107	36653456	76643
chr22	31936344	32136344	harbor2	chr22	31975850	31976007	DNA/hAT-Charlie	955	+	78	31975928	39584
chr22	31936344	32136344	harbor2	chr22	31976299	31976367	DNA/hAT-Charlie	955	+	34	31976333	39989
chr22	31936344	32136344	harbor2	chr22	31993465	31993667	DNA/hAT-Charlie	994	+	101	31993566	57222
chr22	31936344	32136344	harbor2	chr22	32018430	32018601	DNA/hAT-Charlie	526	+	86	32018516	82172
chr22	38890321	39090321	harbor2	chr22	38975777	38976293	DNA/hAT-Charlie	1494	+	258	38976035	85714
chr22	47353644	47553644	harbor2	chr22	47447137	47447323	DNA/hAT-Charlie	703	+	93	47447230	93586
chr22	33912921	34112921	harbor2	chr22	33926993	33927186	DNA/hAT-Charlie	881	+	96	33927089	14168
chr22	33912921	34112921	harbor2	chr22	33965483	33965657	DNA/hAT-Charlie	753	+	87	33965570	52649
chr22	33912921	34112921	harbor2	chr22	33996826	33997048	DNA/hAT-Charlie	1179	+	111	33996937	84016
chr22	50200346	50400346	harbor2	chr22	50242738	50242830	DNA/hAT-Charlie	519	+	46	50242784	42438
chr22	19568445	19768445	harbor2	chr22	19605469	19605688	DNA/hAT-Charlie	904	+	110	19605579	37134
chr22	19568445	19768445	harbor2	chr22	19626307	19626825	DNA/hAT-Charlie	2908	+	259	19626566	58121
chr22	19568445	19768445	harbor2	chr22	19635278	19635408	DNA/hAT-Charlie	560	+	65	19635343	66898
chr22	19568445	19768445	harbor2	chr22	19636395	19636604	DNA/hAT-Charlie	1007	+	104	19636499	68054
chr22	19568445	19768445	harbor2	chr22	19641460	19641786	DNA/hAT-Charlie	1918	+	163	19641623	73178
chr22	48977959	49177959	harbor2	chr22	49071871	49072078	DNA/hAT-Charlie	747	+	104	49071975	94016
chr22	44692581	44892581	harbor2	chr22	44713667	44713784	DNA/hAT-Charlie	449	+	58	44713725	21144
chr22	44692581	44892581	harbor2	chr22	44788696	44788860	DNA/hAT-Charlie	577	+	82	44788778	96197
chr22	38527245	38727245	harbor2	chr22	38567352	38567544	DNA/hAT-Charlie	1019	+	96	38567448	40203
chr22	29478240	29678240	harbor2	chr22	29487274	29487348	DNA/hAT-Charlie	745	+	37	29487311	9071
chr22	29478240	29678240	harbor2	chr22	29487663	29487758	DNA/hAT-Charlie	745	+	48	29487711	9471
chr22	29478240	29678240	harbor2	chr22	29550800	29551148	DNA/hAT-Charlie	912	+	174	29550974	72734
chr22	31627822	31827822	harbor2	chr22	31698571	31698638	DNA/hAT-Charlie	476	+	34	31698605	70783
chr22	31627822	31827822	harbor2	chr22	31698931	31699055	DNA/hAT-Charlie	476	+	62	31698993	71171
chr22	31627822	31827822	harbor2	chr22	31699338	31699353	DNA/hAT-Charlie	476	+	8	31699346	71524
chr22	31627822	31827822	harbor2	chr22	31699646	31700139	DNA/hAT-Charlie	1304	+	246	31699892	72070
chr22	31627822	31827822	harbor2	chr22	31700148	31700364	DNA/hAT-Charlie	891	+	108	31700256	72434
chr22	31627822	31827822	harbor2	chr22	31723855	31724379	DNA/hAT-Charlie	3635	+	262	31724117	96295
chr22	30355952	30555952	harbor2	chr22	30359564	30359813	DNA/hAT-Charlie	854	+	124	30359688	3736
chr22	50149079	50349079	harbor2	chr22	50242738	50242830	DNA/hAT-Charlie	519	+	46	50242784	93705
chr22	37044680	37244680	harbor2	chr22	37077436	37077917	DNA/hAT-Charlie	1993	+	240	37077676	32996
chr22	37044680	37244680	harbor2	chr22	37110469	37110704	DNA/hAT-Charlie	701	+	118	37110587	65907
chr22	37044680	37244680	harbor2	chr22	37125831	37126004	DNA/hAT-Charlie	447	+	86	37125917	81237
chr22	35393936	35593936	harbor2	chr22	35426927	35427364	DNA/hAT-Charlie	808	+	218	35427145	33209
chr22	35393936	35593936	harbor2	chr22	35462334	35462493	DNA/hAT-Charlie	515	+	80	35462414	68478
chr22	50249456	50449456	harbor2	chr22	50321996	50322078	DNA/hAT-Charlie	462	+	41	50322037	72581
chr22	50249456	50449456	harbor2	chr22	50322374	50322428	DNA/hAT-Charlie	462	+	27	50322401	72945
chr22	36981680	37181680	harbor2	chr22	37001120	37001276	DNA/hAT-Charlie	493	+	78	37001198	19518
chr22	36981680	37181680	harbor2	chr22	37077436	37077917	DNA/hAT-Charlie	1993	+	240	37077676	95996
chr22	49178482	49378482	harbor2	chr22	49214565	49214775	DNA/hAT-Charlie	683	+	105	49214670	36188
chr22	24207152	24407152	harbor2	chr22	24216663	24216812	DNA/hAT-Charlie	599	+	74	24216737	9585
chr22	24207152	24407152	harbor2	chr22	24273325	24273469	DNA/hAT-Charlie	514	+	72	24273397	66245
chr22	24207152	24407152	harbor2	chr22	24296780	24296947	DNA/hAT-Charlie	623	+	84	24296864	89712
chr22	24207152	24407152	harbor2	chr22	24297233	24297422	DNA/hAT-Charlie	623	+	94	24297327	90175
chr22	24207152	24407152	harbor2	chr22	24299007	24299260	DNA/hAT-Charlie	723	+	126	24299133	91981
chrX	78341125	78541125	harbor2	chrX	78366901	78367102	DNA/hAT-Charlie	681	+	100	78367001	25876
chrX	78341125	78541125	harbor2	chrX	78435386	78435547	DNA/hAT-Charlie	633	+	80	78435466	94341
chrX	111769321	111969321	harbor2	chrX	111797534	111797690	DNA/hAT-Charlie	772	+	78	111797612	28291
chrX	111769321	111969321	harbor2	chrX	111802563	111802819	DNA/hAT-Charlie	716	+	128	111802691	33370
chrX	111769321	111969321	harbor2	chrX	111805955	111806206	DNA/hAT-Charlie	1018	+	126	111806081	36760
chrX	111769321	111969321	harbor2	chrX	111810349	111811346	DNA/hAT-Charlie	2954	+	498	111810847	41526
chrX	111769321	111969321	harbor2	chrX	111820380	111820691	DNA/hAT-Charlie	1431	+	156	111820536	51215
chrX	89769659	89969659	harbor2	chrX	89776757	89777033	DNA/hAT-Charlie	947	+	138	89776895	7236
chrX	132815020	133015020	harbor2	chrX	132826316	132826618	DNA/hAT-Charlie	1408	+	151	132826467	11447
chrX	132815020	133015020	harbor2	chrX	132851649	132851804	DNA/hAT-Charlie	609	+	78	132851727	36707
chrX	132815020	133015020	harbor2	chrX	132892297	132892435	DNA/hAT-Charlie	744	+	69	132892366	77346
chrX	132815020	133015020	harbor2	chrX	132893094	132893120	DNA/hAT-Charlie	744	+	13	132893107	78087
chrX	132815020	133015020	harbor2	chrX	132897916	132898252	DNA/hAT-Charlie	2369	+	168	132898084	83064
chrX	130532246	130732246	harbor2	chrX	130618068	130618426	DNA/hAT-Charlie	1736	+	179	130618247	86001
chrX	130532246	130732246	harbor2	chrX	130618827	130618946	DNA/hAT-Charlie	1736	+	60	130618887	86641
chrX	121434567	121634567	harbor2	chrX	121444667	121444804	DNA/hAT-Charlie	658	+	68	121444735	10168
chrX	121434567	121634567	harbor2	chrX	121529139	121529446	DNA/hAT-Charlie	1883	+	154	121529293	94726
chrX	142711940	142911940	harbor2	chrX	142726393	142726569	DNA/hAT-Charlie	653	+	88	142726481	14541
chrX	142711940	142911940	harbor2	chrX	142726966	142727134	DNA/hAT-Charlie	787	+	84	142727050	15110
chrX	130681148	130881148	harbor2	chrX	130710417	130710608	DNA/hAT-Charlie	1162	+	96	130710513	29365
chrX	130681148	130881148	harbor2	chrX	130744768	130745108	DNA/hAT-Charlie	2452	+	170	130744938	63790
chrX	54200417	54400417	harbor2	chrX	54201623	54201820	DNA/hAT-Charlie	944	+	98	54201721	1304
chrX	54200417	54400417	harbor2	chrX	54285517	54285733	DNA/hAT-Charlie	1177	+	108	54285625	85208
chrX	149082167	149282167	harbor2	chrX	149105186	149105401	DNA/hAT-Charlie	1119	+	108	149105294	23127
chrX	149082167	149282167	harbor2	chrX	149176669	149177044	DNA/hAT-Charlie	4440	+	188	149176857	94690
chrX	149082167	149282167	harbor2	chrX	149177358	149178159	DNA/hAT-Charlie	4440	+	400	149177758	95591
chrX	128363396	128563396	harbor2	chrX	128412453	128412642	DNA/hAT-Charlie	855	+	94	128412547	49151
chrX	128363396	128563396	harbor2	chrX	128433293	128433512	DNA/hAT-Charlie	565	+	110	128433403	70007
chrX	136968343	137168343	harbor2	chrX	136994338	136994646	DNA/hAT-Charlie	1428	+	154	136994492	26149
chrX	136968343	137168343	harbor2	chrX	137013234	137013449	DNA/hAT-Charlie	1045	+	108	137013342	44999
chrX	136968343	137168343	harbor2	chrX	137019023	137019156	DNA/hAT-Charlie	819	+	66	137019089	50746
chrX	136968343	137168343	harbor2	chrX	137059757	137059863	DNA/hAT-Charlie	1336	+	53	137059810	91467
chrX	136968343	137168343	harbor2	chrX	137060315	137060406	DNA/hAT-Charlie	1336	+	46	137060361	92018
chrX	136968343	137168343	harbor2	chrX	137060834	137060891	DNA/hAT-Charlie	1336	+	28	137060862	92519
chrX	136968343	137168343	harbor2	chrX	137061196	137061287	DNA/hAT-Charlie	1336	+	46	137061242	92899
chrX	136968343	137168343	harbor2	chrX	137061299	137061507	DNA/hAT-Charlie	903	+	104	137061403	93060
chrX	136769059	136969059	harbor2	chrX	136827216	136827436	DNA/hAT-Charlie	1308	+	110	136827326	58267
