H_chr	H_start	H_end	Harbor	TE_chr	TE_start	TE_end	TE	score	TE_strand	TE_half	TE_middle_pos	TE_dis
chr1	240053088	240253088	harbor2	chr1	240097037	240097357	DNA/TcMar-Tigger	425	-	160	240097197	44109
chr1	240053088	240253088	harbor2	chr1	240097654	240097684	DNA/TcMar-Tigger	425	-	15	240097669	44581
chr1	205885423	206085423	harbor2	chr1	205906356	205906476	DNA/TcMar-Tigger	678	-	60	205906416	20993
chr1	205885423	206085423	harbor2	chr1	205906879	205907012	DNA/TcMar-Tigger	2408	-	66	205906945	21522
chr1	205885423	206085423	harbor2	chr1	205907319	205907631	DNA/TcMar-Tigger	2408	-	156	205907475	22052
chr1	205885423	206085423	harbor2	chr1	205908773	205909125	DNA/TcMar-Tigger	1791	-	176	205908949	23526
chr1	221568264	221768264	harbor2	chr1	221604380	221604407	DNA/TcMar-Tigger	4011	-	14	221604394	36130
chr1	221568264	221768264	harbor2	chr1	221604819	221605503	DNA/TcMar-Tigger	4011	-	342	221605161	36897
chr1	221568264	221768264	harbor2	chr1	221605492	221605601	DNA/TcMar-Tigger	565	-	54	221605546	37282
chr1	173169202	173369202	harbor2	chr1	173226633	173227036	DNA/TcMar-Tigger	1061	-	202	173226835	57633
chr1	193404752	193604752	harbor2	chr1	193447538	193447938	DNA/TcMar-Tigger	1514	-	200	193447738	42986
chr1	193404752	193604752	harbor2	chr1	193448078	193448461	DNA/TcMar-Tigger	1345	-	192	193448270	43518
chr1	193404752	193604752	harbor2	chr1	193481576	193481871	DNA/TcMar-Tigger	1171	-	148	193481724	76972
chr1	242463745	242663745	harbor2	chr1	242549595	242549870	DNA/TcMar-Tigger	1995	-	138	242549733	85988
chr1	242463745	242663745	harbor2	chr1	242550174	242550253	DNA/TcMar-Tigger	1995	-	40	242550214	86469
chr1	231377078	231577078	harbor2	chr1	231379304	231379866	DNA/TcMar-Tigger	2969	-	281	231379585	2507
chr1	231377078	231577078	harbor2	chr1	231427546	231427896	DNA/TcMar-Tigger	2089	-	175	231427721	50643
chr1	231377078	231577078	harbor2	chr1	231461082	231461198	DNA/TcMar-Tigger	1236	-	58	231461140	84062
chr1	231377078	231577078	harbor2	chr1	231461493	231461615	DNA/TcMar-Tigger	1236	-	61	231461554	84476
chr1	180421925	180621925	harbor2	chr1	180421879	180422199	DNA/TcMar-Tigger	6477	-	160	180422039	114
chr1	180421925	180621925	harbor2	chr1	180422508	180423284	DNA/TcMar-Tigger	6477	-	388	180422896	971
chr1	180421925	180621925	harbor2	chr1	180477007	180477104	DNA/TcMar-Tigger	628	-	48	180477055	55130
chr1	180421925	180621925	harbor2	chr1	180477116	180477301	DNA/TcMar-Tigger	871	-	92	180477208	55283
chr1	238928802	239128802	harbor2	chr1	238930304	238930660	DNA/TcMar-Tigger	494	-	178	238930482	1680
chr1	238928802	239128802	harbor2	chr1	238931455	238931648	DNA/TcMar-Tigger	502	-	96	238931551	2749
chr1	238928802	239128802	harbor2	chr1	238969617	238969961	DNA/TcMar-Tigger	11467	-	172	238969789	40987
chr1	238928802	239128802	harbor2	chr1	238970470	238972511	DNA/TcMar-Tigger	11467	-	1020	238971490	42688
chr1	245997606	246197606	harbor2	chr1	246066147	246066474	DNA/TcMar-Tigger	411	-	164	246066311	68705
chr1	244363444	244563444	harbor2	chr1	244411507	244411801	DNA/TcMar-Tigger	842	-	147	244411654	48210
chr1	244363444	244563444	harbor2	chr1	244435296	244435509	DNA/TcMar-Tigger	1146	-	106	244435402	71958
chr1	244363444	244563444	harbor2	chr1	244435677	244435926	DNA/TcMar-Tigger	1514	-	124	244435801	72357
chr1	244363444	244563444	harbor2	chr1	244435941	244436231	DNA/TcMar-Tigger	1608	-	145	244436086	72642
chr1	191744002	191944002	harbor2	chr1	191768711	191768926	DNA/TcMar-Tigger	1076	-	108	191768819	24817
chr1	191744002	191944002	harbor2	chr1	191769238	191769363	DNA/TcMar-Tigger	1076	-	62	191769300	25298
chr1	228269738	228469738	harbor2	chr1	228322517	228322749	DNA/TcMar-Tigger	1194	-	116	228322633	52895
chr1	182771213	182971213	harbor2	chr1	182826800	182827129	DNA/TcMar-Tigger	2055	-	164	182826964	55751
chr1	182771213	182971213	harbor2	chr1	182779622	182780798	DNA/TcMar-Tigger	6685	-	588	182780210	8997
chr1	240849580	241049580	harbor2	chr1	240938102	240938190	DNA/TcMar-Tigger	409	-	44	240938146	88566
chr1	219423544	219623544	harbor2	chr1	219443538	219444138	DNA/TcMar-Tigger	2826	-	300	219443838	20294
chr1	219423544	219623544	harbor2	chr1	219495294	219495577	DNA/TcMar-Tigger	1161	-	142	219495436	71892
chr1	219423544	219623544	harbor2	chr1	219504314	219504554	DNA/TcMar-Tigger	422	-	120	219504434	80890
chr1	231931002	232131002	harbor2	chr1	232014499	232014804	DNA/TcMar-Tigger	1094	-	152	232014651	83649
chr1	231931002	232131002	harbor2	chr1	232014832	232014988	DNA/TcMar-Tigger	554	-	78	232014910	83908
chr1	194769394	194969394	harbor2	chr1	194778258	194778567	DNA/TcMar-Tigger	1471	-	154	194778412	9018
chr1	237772572	237972572	harbor2	chr1	237855109	237855496	DNA/TcMar-Tigger	3595	-	194	237855303	82731
chr1	237772572	237972572	harbor2	chr1	237855955	237856159	DNA/TcMar-Tigger	3595	-	102	237856057	83485
chr1	237772572	237972572	harbor2	chr1	237856922	237857038	DNA/TcMar-Tigger	3595	-	58	237856980	84408
chr1	237772572	237972572	harbor2	chr1	237857015	237857133	DNA/TcMar-Tigger	576	-	59	237857074	84502
chr1	87815295	88015295	harbor2	chr1	87836343	87836494	DNA/TcMar-Tigger	789	-	76	87836419	21124
chr1	87815295	88015295	harbor2	chr1	87836618	87836699	DNA/TcMar-Tigger	484	-	40	87836658	21363
chr1	87815295	88015295	harbor2	chr1	87836695	87837205	DNA/TcMar-Tigger	2624	-	255	87836950	21655
chr1	87815295	88015295	harbor2	chr1	87842206	87842479	DNA/TcMar-Tigger	866	-	136	87842342	27047
chr1	178829159	179029159	harbor2	chr1	178856925	178857050	DNA/TcMar-Tigger	543	-	62	178856987	27828
chr1	178829159	179029159	harbor2	chr1	178894156	178894492	DNA/TcMar-Tigger	1924	-	168	178894324	65165
chr1	178829159	179029159	harbor2	chr1	178894511	178894709	DNA/TcMar-Tigger	976	-	99	178894610	65451
chr1	149124647	149324647	harbor2	chr1	149150779	149151066	DNA/TcMar-Tigger	625	-	144	149150923	26276
chr1	230709504	230909504	harbor2	chr1	230732452	230732890	DNA/TcMar-Tigger	2375	-	219	230732671	23167
chr1	243259341	243459341	harbor2	chr1	243279362	243279601	DNA/TcMar-Tigger	1356	-	120	243279482	20141
chr1	236818810	237018810	harbor2	chr1	236823198	236823423	DNA/TcMar-Tigger	1214	-	112	236823310	4500
chr1	236818810	237018810	harbor2	chr1	236838767	236839111	DNA/TcMar-Tigger	1808	-	172	236838939	20129
chr1	236818810	237018810	harbor2	chr1	236916478	236916553	DNA/TcMar-Tigger	428	-	38	236916516	97706
chr1	173238349	173438349	harbor2	chr1	173269308	173269812	DNA/TcMar-Tigger	2794	-	252	173269560	31211
chr1	173238349	173438349	harbor2	chr1	173329157	173329490	DNA/TcMar-Tigger	1971	-	166	173329323	90974
chr1	48196763	48396763	harbor2	chr1	48219793	48220390	DNA/TcMar-Tigger	795	-	298	48220091	23328
chr1	215226560	215426560	harbor2	chr1	215230132	215230465	DNA/TcMar-Tigger	2006	-	166	215230298	3738
chr1	215226560	215426560	harbor2	chr1	215268430	215268753	DNA/TcMar-Tigger	1636	-	162	215268592	42032
chr1	225041215	225241215	harbor2	chr1	225063173	225063492	DNA/TcMar-Tigger	1221	-	160	225063333	22118
chr1	225041215	225241215	harbor2	chr1	225123645	225123785	DNA/TcMar-Tigger	15967	-	70	225123715	82500
chr1	225041215	225241215	harbor2	chr1	225124053	225126290	DNA/TcMar-Tigger	15967	-	1118	225125171	83956
chr1	178352446	178552446	harbor2	chr1	178414084	178414192	DNA/TcMar-Tigger	497	-	54	178414138	61692
chr1	178352446	178552446	harbor2	chr1	178418103	178418419	DNA/TcMar-Tigger	1991	-	158	178418261	65815
chr1	196795554	196995554	harbor2	chr1	196821774	196823075	DNA/TcMar-Tigger	5597	-	650	196822424	26870
chr1	196795554	196995554	harbor2	chr1	196824105	196824245	DNA/TcMar-Tigger	1062	-	70	196824175	28621
chr1	196795554	196995554	harbor2	chr1	196824558	196824748	DNA/TcMar-Tigger	1062	-	95	196824653	29099
chr1	196795554	196995554	harbor2	chr1	196861536	196861673	DNA/TcMar-Tigger	698	-	68	196861604	66050
chr1	204361166	204561166	harbor2	chr1	204412256	204412437	DNA/TcMar-Tigger	1094	-	90	204412346	51180
chr1	183072411	183272411	harbor2	chr1	183157241	183157336	DNA/TcMar-Tigger	644	-	48	183157289	84878
chr1	183072411	183272411	harbor2	chr1	183157345	183157597	DNA/TcMar-Tigger	1348	-	126	183157471	85060
chr1	198689580	198889580	harbor2	chr1	198782479	198782823	DNA/TcMar-Tigger	2003	-	172	198782651	93071
chr1	237704271	237904271	harbor2	chr1	237733085	237733293	DNA/TcMar-Tigger	492	-	104	237733189	28918
chr1	237704271	237904271	harbor2	chr1	237735605	237735945	DNA/TcMar-Tigger	1959	-	170	237735775	31504
chr1	236049308	236249308	harbor2	chr1	236076426	236076545	DNA/TcMar-Tigger	799	-	60	236076486	27178
chr1	236049308	236249308	harbor2	chr1	236079085	236079184	DNA/TcMar-Tigger	609	-	50	236079135	29827
chr1	236049308	236249308	harbor2	chr1	236079174	236079330	DNA/TcMar-Tigger	801	-	78	236079252	29944
chr1	220935696	221135696	harbor2	chr1	220962339	220962489	DNA/TcMar-Tigger	457	-	75	220962414	26718
chr1	220935696	221135696	harbor2	chr1	220976243	220976897	DNA/TcMar-Tigger	3665	-	327	220976570	40874
chr1	220935696	221135696	harbor2	chr1	221033586	221033786	DNA/TcMar-Tigger	609	-	100	221033686	97990
chr1	196829765	197029765	harbor2	chr1	196861536	196861673	DNA/TcMar-Tigger	698	-	68	196861604	31839
chr1	196228220	196428220	harbor2	chr1	196255473	196255790	DNA/TcMar-Tigger	826	-	158	196255631	27411
chr1	196228220	196428220	harbor2	chr1	196274871	196275118	DNA/TcMar-Tigger	830	-	124	196274995	46775
chr1	203480744	203680744	harbor2	chr1	203500668	203500813	DNA/TcMar-Tigger	855	-	72	203500740	19996
chr1	203480744	203680744	harbor2	chr1	203539113	203539483	DNA/TcMar-Tigger	1140	-	185	203539298	58554
chr1	203480744	203680744	harbor2	chr1	203539814	203539879	DNA/TcMar-Tigger	1140	-	32	203539846	59102
chr1	203480744	203680744	harbor2	chr1	203540737	203540989	DNA/TcMar-Tigger	566	-	126	203540863	60119
chr1	74936217	75136217	harbor2	chr1	75024191	75024614	DNA/TcMar-Tigger	2529	-	212	75024403	88186
chr1	204042223	204242223	harbor2	chr1	204052617	204052682	DNA/TcMar-Tigger	570	-	32	204052649	10426
chr1	204042223	204242223	harbor2	chr1	204052958	204052987	DNA/TcMar-Tigger	570	-	14	204052972	10749
chr1	204042223	204242223	harbor2	chr1	204053273	204053335	DNA/TcMar-Tigger	570	-	31	204053304	11081
chr1	204042223	204242223	harbor2	chr1	204053621	204053683	DNA/TcMar-Tigger	570	-	31	204053652	11429
chr1	204042223	204242223	harbor2	chr1	204053993	204054127	DNA/TcMar-Tigger	570	-	67	204054060	11837
chr1	204042223	204242223	harbor2	chr1	204109670	204109801	DNA/TcMar-Tigger	778	-	66	204109736	67513
chr1	204042223	204242223	harbor2	chr1	204110461	204110644	DNA/TcMar-Tigger	891	-	92	204110553	68330
chr1	204042223	204242223	harbor2	chr1	204139663	204140016	DNA/TcMar-Tigger	2126	-	176	204139839	97616
chr1	57157366	57357366	harbor2	chr1	57248004	57248349	DNA/TcMar-Tigger	1211	-	172	57248176	90810
chr1	247152841	247352841	harbor2	chr1	247225369	247225605	DNA/TcMar-Tigger	3395	-	118	247225487	72646
chr1	247152841	247352841	harbor2	chr1	247225684	247225922	DNA/TcMar-Tigger	3395	-	119	247225803	72962
chr1	247152841	247352841	harbor2	chr1	247226244	247226423	DNA/TcMar-Tigger	3395	-	90	247226334	73493
chr1	247152841	247352841	harbor2	chr1	247226720	247226879	DNA/TcMar-Tigger	3395	-	80	247226800	73959
chr1	100205855	100405855	harbor2	chr1	100226913	100227251	DNA/TcMar-Tigger	2051	-	169	100227082	21227
chr1	100205855	100405855	harbor2	chr1	100244559	100244882	DNA/TcMar-Tigger	1680	-	162	100244721	38866
chr1	100205855	100405855	harbor2	chr1	100298859	100299301	DNA/TcMar-Tigger	2312	-	221	100299080	93225
chr1	215166803	215366803	harbor2	chr1	215220989	215221087	DNA/TcMar-Tigger	1974	-	49	215221038	54235
chr1	215166803	215366803	harbor2	chr1	215221394	215221754	DNA/TcMar-Tigger	1974	-	180	215221574	54771
chr1	215166803	215366803	harbor2	chr1	215230132	215230465	DNA/TcMar-Tigger	2006	-	166	215230298	63495
chr1	243072680	243272680	harbor2	chr1	243081479	243081586	DNA/TcMar-Tigger	562	-	54	243081533	8853
chr1	243072680	243272680	harbor2	chr1	243166186	243166521	DNA/TcMar-Tigger	1758	-	168	243166354	93674
chr1	169227112	169427112	harbor2	chr1	169285090	169285339	DNA/TcMar-Tigger	1013	-	124	169285214	58102
chr1	169227112	169427112	harbor2	chr1	169288316	169288544	DNA/TcMar-Tigger	1302	-	114	169288430	61318
chr1	231713143	231913143	harbor2	chr1	231723049	231723308	DNA/TcMar-Tigger	847	-	130	231723179	10036
chr1	231713143	231913143	harbor2	chr1	231740603	231740966	DNA/TcMar-Tigger	2197	-	182	231740785	27642
chr1	157348253	157548253	harbor2	chr1	157379266	157379386	DNA/TcMar-Tigger	582	-	60	157379326	31073
chr1	157348253	157548253	harbor2	chr1	157379586	157379756	DNA/TcMar-Tigger	582	-	85	157379671	31418
chr1	80833785	81033785	harbor2	chr1	80879665	80879829	DNA/TcMar-Tigger	958	-	82	80879747	45962
chr1	214163154	214363154	harbor2	chr1	214226692	214226772	DNA/TcMar-Tigger	468	-	40	214226732	63578
chr1	214163154	214363154	harbor2	chr1	214226833	214226907	DNA/TcMar-Tigger	414	-	37	214226870	63716
chr1	207298643	207498643	harbor2	chr1	207357735	207358042	DNA/TcMar-Tigger	1725	-	154	207357889	59246
chr1	200909148	201109148	harbor2	chr1	200909734	200910377	DNA/TcMar-Tigger	2915	-	322	200910056	908
chr1	200909148	201109148	harbor2	chr1	200924004	200924297	DNA/TcMar-Tigger	583	-	146	200924150	15002
chr1	85453983	85653983	harbor2	chr1	85483486	85483752	DNA/TcMar-Tigger	855	-	133	85483619	29636
chr1	156452400	156652400	harbor2	chr1	156506163	156506447	DNA/TcMar-Tigger	1261	-	142	156506305	53905
chr1	234757802	234957802	harbor2	chr1	234796925	234797231	DNA/TcMar-Tigger	836	-	153	234797078	39276
chr1	156785551	156985551	harbor2	chr1	156798161	156798235	DNA/TcMar-Tigger	442	-	37	156798198	12647
chr1	156785551	156985551	harbor2	chr1	156798372	156798574	DNA/TcMar-Tigger	4148	-	101	156798473	12922
chr1	156785551	156985551	harbor2	chr1	156798860	156799417	DNA/TcMar-Tigger	4148	-	278	156799138	13587
chr1	156785551	156985551	harbor2	chr1	156871030	156871194	DNA/TcMar-Tigger	427	-	82	156871112	85561
chr1	230652266	230852266	harbor2	chr1	230700679	230700931	DNA/TcMar-Tigger	709	-	126	230700805	48539
chr1	230652266	230852266	harbor2	chr1	230732452	230732890	DNA/TcMar-Tigger	2375	-	219	230732671	80405
chr1	233168713	233368713	harbor2	chr1	233170915	233171052	DNA/TcMar-Tigger	737	-	68	233170983	2270
chr1	231406183	231606183	harbor2	chr1	231427546	231427896	DNA/TcMar-Tigger	2089	-	175	231427721	21538
chr1	231406183	231606183	harbor2	chr1	231461082	231461198	DNA/TcMar-Tigger	1236	-	58	231461140	54957
chr1	231406183	231606183	harbor2	chr1	231461493	231461615	DNA/TcMar-Tigger	1236	-	61	231461554	55371
chr1	231406183	231606183	harbor2	chr1	231479172	231479616	DNA/TcMar-Tigger	865	-	222	231479394	73211
chr1	220177444	220377444	harbor2	chr1	220268269	220268614	DNA/TcMar-Tigger	1528	-	172	220268441	90997
chr1	220177444	220377444	harbor2	chr1	220273137	220273323	DNA/TcMar-Tigger	909	-	93	220273230	95786
chr1	195498014	195698014	harbor2	chr1	195501410	195502754	DNA/TcMar-Tigger	7811	-	672	195502082	4068
chr1	195498014	195698014	harbor2	chr1	195503283	195504184	DNA/TcMar-Tigger	4053	-	450	195503733	5719
chr1	195498014	195698014	harbor2	chr1	195555710	195557324	DNA/TcMar-Tigger	12759	-	807	195556517	58503
chr1	195498014	195698014	harbor2	chr1	195557613	195558264	DNA/TcMar-Tigger	12759	-	326	195557939	59925
chr1	195498014	195698014	harbor2	chr1	195558575	195558977	DNA/TcMar-Tigger	12759	-	201	195558776	60762
chr1	195498014	195698014	harbor2	chr1	195592479	195594920	DNA/TcMar-Tigger	12432	-	1220	195593699	95685
chr1	233098992	233298992	harbor2	chr1	233147139	233147584	DNA/TcMar-Tigger	2690	-	222	233147361	48369
chr1	233098992	233298992	harbor2	chr1	233170915	233171052	DNA/TcMar-Tigger	737	-	68	233170983	71991
chr1	248412265	248612265	harbor2	chr1	248442561	248442856	DNA/TcMar-Tigger	1238	-	148	248442709	30444
chr1	59486895	59686895	harbor2	chr1	59499205	59499301	DNA/TcMar-Tigger	609	-	48	59499253	12358
chr1	59486895	59686895	harbor2	chr1	59499314	59499580	DNA/TcMar-Tigger	1505	-	133	59499447	12552
chr1	59486895	59686895	harbor2	chr1	59567984	59568222	DNA/TcMar-Tigger	850	-	119	59568103	81208
chr1	186314093	186514093	harbor2	chr1	186329344	186329683	DNA/TcMar-Tigger	1476	-	170	186329514	15421
chr1	186314093	186514093	harbor2	chr1	186348999	186349307	DNA/TcMar-Tigger	1619	-	154	186349153	35060
chr1	186314093	186514093	harbor2	chr1	186376994	186377311	DNA/TcMar-Tigger	1443	-	158	186377152	63059
chr1	186314093	186514093	harbor2	chr1	186397459	186397688	DNA/TcMar-Tigger	1277	-	114	186397573	83480
chr1	233993750	234193750	harbor2	chr1	234010929	234011789	DNA/TcMar-Tigger	4728	-	430	234011359	17609
chr1	233993750	234193750	harbor2	chr1	234017251	234017429	DNA/TcMar-Tigger	1034	-	89	234017340	23590
chr1	233993750	234193750	harbor2	chr1	234017825	234018245	DNA/TcMar-Tigger	1940	-	210	234018035	24285
chr1	233993750	234193750	harbor2	chr1	234081189	234081422	DNA/TcMar-Tigger	561	-	116	234081305	87555
chr1	238635275	238835275	harbor2	chr1	238698979	238699419	DNA/TcMar-Tigger	5373	-	220	238699199	63924
chr1	238635275	238835275	harbor2	chr1	238697920	238698519	DNA/TcMar-Tigger	5373	-	300	238698220	62945
chr1	243559652	243759652	harbor2	chr1	243595040	243596147	DNA/TcMar-Tigger	4985	-	554	243595594	35942
chr1	243559652	243759652	harbor2	chr1	243604869	243605021	DNA/TcMar-Tigger	571	-	76	243604945	45293
chr1	243559652	243759652	harbor2	chr1	243605328	243605646	DNA/TcMar-Tigger	571	-	159	243605487	45835
chr1	243559652	243759652	harbor2	chr1	243605741	243605795	DNA/TcMar-Tigger	1071	-	27	243605768	46116
chr1	243559652	243759652	harbor2	chr1	243608085	243608207	DNA/TcMar-Tigger	1071	-	61	243608146	48494
chr1	243559652	243759652	harbor2	chr1	243630992	243631313	DNA/TcMar-Tigger	9986	-	160	243631152	71500
chr1	243559652	243759652	harbor2	chr1	243631588	243633023	DNA/TcMar-Tigger	9986	-	718	243632306	72654
chr1	243559652	243759652	harbor2	chr1	243633944	243634024	DNA/TcMar-Tigger	1417	-	40	243633984	74332
chr1	243559652	243759652	harbor2	chr1	243634025	243634332	DNA/TcMar-Tigger	1226	-	154	243634179	74527
chr1	243559652	243759652	harbor2	chr1	243634333	243634627	DNA/TcMar-Tigger	1417	-	147	243634480	74828
chr1	246218848	246418848	harbor2	chr1	246238913	246239105	DNA/TcMar-Tigger	964	-	96	246239009	20161
chr1	246218848	246418848	harbor2	chr1	246303353	246303646	DNA/TcMar-Tigger	866	-	146	246303499	84651
chr1	204973204	205173204	harbor2	chr1	204979820	204980079	DNA/TcMar-Tigger	415	-	130	204979950	6746
chr1	204973204	205173204	harbor2	chr1	204999814	204999990	DNA/TcMar-Tigger	416	-	88	204999902	26698
chr1	217022700	217222700	harbor2	chr1	217074966	217075199	DNA/TcMar-Tigger	1205	-	116	217075082	52382
chr1	96968652	97168652	harbor2	chr1	97010521	97010907	DNA/TcMar-Tigger	1216	-	193	97010714	42062
chr1	223951694	224151694	harbor2	chr1	223954404	223954507	DNA/TcMar-Tigger	411	-	52	223954456	2762
chr1	223951694	224151694	harbor2	chr1	223976469	223976576	DNA/TcMar-Tigger	548	-	54	223976523	24829
chr1	223951694	224151694	harbor2	chr1	224021447	224021745	DNA/TcMar-Tigger	1353	-	149	224021596	69902
chr1	237411472	237611472	harbor2	chr1	237425645	237425855	DNA/TcMar-Tigger	983	-	105	237425750	14278
chr1	237411472	237611472	harbor2	chr1	237465493	237465631	DNA/TcMar-Tigger	475	-	69	237465562	54090
chr1	237411472	237611472	harbor2	chr1	237465696	237465944	DNA/TcMar-Tigger	875	-	124	237465820	54348
chr1	174187051	174387051	harbor2	chr1	174188651	174189004	DNA/TcMar-Tigger	3372	-	176	174188827	1776
chr1	174187051	174387051	harbor2	chr1	174189304	174189489	DNA/TcMar-Tigger	3372	-	92	174189396	2345
chr1	174187051	174387051	harbor2	chr1	174190472	174191121	DNA/TcMar-Tigger	3832	-	324	174190796	3745
chr1	174187051	174387051	harbor2	chr1	174247949	174248215	DNA/TcMar-Tigger	608	-	133	174248082	61031
chr1	78244959	78444959	harbor2	chr1	78247814	78248068	DNA/TcMar-Tigger	1334	-	127	78247941	2982
chr1	78244959	78444959	harbor2	chr1	78248069	78248207	DNA/TcMar-Tigger	621	-	69	78248138	3179
chr1	78244959	78444959	harbor2	chr1	78248592	78248712	DNA/TcMar-Tigger	771	-	60	78248652	3693
chr1	245986290	246186290	harbor2	chr1	246066147	246066474	DNA/TcMar-Tigger	411	-	164	246066311	80021
chr1	227863741	228063741	harbor2	chr1	227913294	227913727	DNA/TcMar-Tigger	2026	-	216	227913510	49769
chr1	227863741	228063741	harbor2	chr1	227931549	227931882	DNA/TcMar-Tigger	1602	-	166	227931715	67974
chr1	227863741	228063741	harbor2	chr1	227932021	227933685	DNA/TcMar-Tigger	10163	-	832	227932853	69112
chr1	174041563	174241563	harbor2	chr1	174098710	174099376	DNA/TcMar-Tigger	4458	-	333	174099043	57480
chr1	174041563	174241563	harbor2	chr1	174099374	174100984	DNA/TcMar-Tigger	11052	-	805	174100179	58616
chr1	239536944	239736944	harbor2	chr1	239599582	239599941	DNA/TcMar-Tigger	2283	-	180	239599762	62818
chr1	242464051	242664051	harbor2	chr1	242549595	242549870	DNA/TcMar-Tigger	1995	-	138	242549733	85682
chr1	242464051	242664051	harbor2	chr1	242550174	242550253	DNA/TcMar-Tigger	1995	-	40	242550214	86163
chr1	46346229	46546229	harbor2	chr1	46428099	46428389	DNA/TcMar-Tigger	2004	-	145	46428244	82015
chr1	46346229	46546229	harbor2	chr1	46428697	46428790	DNA/TcMar-Tigger	2004	-	46	46428743	82514
chr1	246075828	246275828	harbor2	chr1	246142102	246142773	DNA/TcMar-Tigger	2729	-	336	246142438	66610
chr1	246075828	246275828	harbor2	chr1	246171458	246171728	DNA/TcMar-Tigger	2349	-	135	246171593	95765
chr1	246075828	246275828	harbor2	chr1	246172026	246172193	DNA/TcMar-Tigger	2349	-	84	246172110	96282
chr1	246075828	246275828	harbor2	chr1	246172750	246172812	DNA/TcMar-Tigger	428	-	31	246172781	96953
chr1	246075828	246275828	harbor2	chr1	246172939	246173001	DNA/TcMar-Tigger	413	-	31	246172970	97142
chr1	246075828	246275828	harbor2	chr1	246173315	246173813	DNA/TcMar-Tigger	4123	-	249	246173564	97736
chr1	246075828	246275828	harbor2	chr1	246174110	246174427	DNA/TcMar-Tigger	4123	-	158	246174268	98440
chr1	171376014	171576014	harbor2	chr1	171427639	171428031	DNA/TcMar-Tigger	1660	-	196	171427835	51821
chr1	171376014	171576014	harbor2	chr1	171440101	171440190	DNA/TcMar-Tigger	1504	-	44	171440145	64131
chr1	171376014	171576014	harbor2	chr1	171440614	171440646	DNA/TcMar-Tigger	1504	-	16	171440630	64616
chr1	171376014	171576014	harbor2	chr1	171440956	171441210	DNA/TcMar-Tigger	1504	-	127	171441083	65069
chr1	220257701	220457701	harbor2	chr1	220268269	220268614	DNA/TcMar-Tigger	1528	-	172	220268441	10740
chr1	220257701	220457701	harbor2	chr1	220273137	220273323	DNA/TcMar-Tigger	909	-	93	220273230	15529
chr1	192298548	192498548	harbor2	chr1	192372419	192372696	DNA/TcMar-Tigger	550	-	138	192372557	74009
chr1	192298548	192498548	harbor2	chr1	192385765	192385864	DNA/TcMar-Tigger	471	-	50	192385815	87267
chr1	192298548	192498548	harbor2	chr1	192386218	192387288	DNA/TcMar-Tigger	5670	-	535	192386753	88205
chr1	192298548	192498548	harbor2	chr1	192315348	192315629	DNA/TcMar-Tigger	1146	-	140	192315488	16940
chr1	225098806	225298806	harbor2	chr1	225123645	225123785	DNA/TcMar-Tigger	15967	-	70	225123715	24909
chr1	225098806	225298806	harbor2	chr1	225124053	225126290	DNA/TcMar-Tigger	15967	-	1118	225125171	26365
chr1	225098806	225298806	harbor2	chr1	225190059	225190331	DNA/TcMar-Tigger	1696	-	136	225190195	91389
chr1	225098806	225298806	harbor2	chr1	225190335	225190565	DNA/TcMar-Tigger	1072	-	115	225190450	91644
chr1	230252696	230452696	harbor2	chr1	230259167	230259424	DNA/TcMar-Tigger	1523	-	128	230259295	6599
chr1	230252696	230452696	harbor2	chr1	230260097	230260167	DNA/TcMar-Tigger	1523	-	35	230260132	7436
chr1	231307694	231507694	harbor2	chr1	231319123	231319666	DNA/TcMar-Tigger	2946	-	272	231319395	11701
chr1	231307694	231507694	harbor2	chr1	231341287	231341527	DNA/TcMar-Tigger	1188	-	120	231341407	33713
chr1	231307694	231507694	harbor2	chr1	231347079	231347293	DNA/TcMar-Tigger	1219	-	107	231347186	39492
chr1	231307694	231507694	harbor2	chr1	231379304	231379866	DNA/TcMar-Tigger	2969	-	281	231379585	71891
chr1	65904856	66104856	harbor2	chr1	65935358	65935660	DNA/TcMar-Tigger	3574	-	151	65935509	30653
chr1	65904856	66104856	harbor2	chr1	65935980	65936497	DNA/TcMar-Tigger	3574	-	258	65936238	31382
chr1	65904856	66104856	harbor2	chr1	65961953	65962317	DNA/TcMar-Tigger	2308	-	182	65962135	57279
chr1	238453855	238653855	harbor2	chr1	238459487	238459908	DNA/TcMar-Tigger	2536	-	210	238459697	5842
chr1	238453855	238653855	harbor2	chr1	238459899	238459969	DNA/TcMar-Tigger	441	-	35	238459934	6079
chr1	238453855	238653855	harbor2	chr1	238462517	238462611	DNA/TcMar-Tigger	423	-	47	238462564	8709
chr1	238453855	238653855	harbor2	chr1	238462615	238462885	DNA/TcMar-Tigger	1399	-	135	238462750	8895
chr1	238453855	238653855	harbor2	chr1	238478493	238478579	DNA/TcMar-Tigger	426	-	43	238478536	24681
chr1	238453855	238653855	harbor2	chr1	238527651	238527891	DNA/TcMar-Tigger	923	-	120	238527771	73916
chr1	231714762	231914762	harbor2	chr1	231723049	231723308	DNA/TcMar-Tigger	847	-	130	231723179	8417
chr1	231714762	231914762	harbor2	chr1	231740603	231740966	DNA/TcMar-Tigger	2197	-	182	231740785	26023
chr1	245437820	245637820	harbor2	chr1	245445998	245446340	DNA/TcMar-Tigger	1851	-	171	245446169	8349
chr1	245437820	245637820	harbor2	chr1	245472385	245472597	DNA/TcMar-Tigger	970	-	106	245472491	34671
chr1	245437820	245637820	harbor2	chr1	245519586	245519892	DNA/TcMar-Tigger	1788	-	153	245519739	81919
chr1	225820739	226020739	harbor2	chr1	225864461	225864828	DNA/TcMar-Tigger	517	-	184	225864645	43906
chr1	166085398	166285398	harbor2	chr1	166125581	166125832	DNA/TcMar-Tigger	1168	-	126	166125707	40309
chr1	166085398	166285398	harbor2	chr1	166126134	166126226	DNA/TcMar-Tigger	1168	-	46	166126180	40782
chr1	166085398	166285398	harbor2	chr1	166169689	166169958	DNA/TcMar-Tigger	1059	-	134	166169823	84425
chr1	206639002	206839002	harbor2	chr1	206721773	206721829	DNA/TcMar-Tigger	1209	-	28	206721801	82799
chr1	206639002	206839002	harbor2	chr1	206722390	206722698	DNA/TcMar-Tigger	1209	-	154	206722544	83542
chr1	244929432	245129432	harbor2	chr1	244996856	244997175	DNA/TcMar-Tigger	2029	-	160	244997016	67584
chr1	244929432	245129432	harbor2	chr1	244999673	244999799	DNA/TcMar-Tigger	830	-	63	244999736	70304
chr1	244929432	245129432	harbor2	chr1	245000120	245000275	DNA/TcMar-Tigger	1033	-	78	245000198	70766
chr1	244929432	245129432	harbor2	chr1	245000280	245000447	DNA/TcMar-Tigger	1049	-	84	245000364	70932
chr1	244929432	245129432	harbor2	chr1	245010981	245011532	DNA/TcMar-Tigger	3650	-	276	245011257	81825
chr1	199463082	199663082	harbor2	chr1	199466667	199466851	DNA/TcMar-Tigger	544	-	92	199466759	3677
chr1	199463082	199663082	harbor2	chr1	199467136	199467256	DNA/TcMar-Tigger	456	-	60	199467196	4114
chr1	199463082	199663082	harbor2	chr1	199515009	199515190	DNA/TcMar-Tigger	477	-	90	199515099	52017
chr1	174021300	174221300	harbor2	chr1	174098710	174099376	DNA/TcMar-Tigger	4458	-	333	174099043	77743
chr1	174021300	174221300	harbor2	chr1	174099374	174100984	DNA/TcMar-Tigger	11052	-	805	174100179	78879
chr1	235471663	235671663	harbor2	chr1	235507358	235507646	DNA/TcMar-Tigger	1547	-	144	235507502	35839
chr1	235471663	235671663	harbor2	chr1	235532221	235532739	DNA/TcMar-Tigger	2770	-	259	235532480	60817
chr1	182513510	182713510	harbor2	chr1	182546260	182546397	DNA/TcMar-Tigger	949	-	68	182546328	32818
chr1	182513510	182713510	harbor2	chr1	182546691	182547050	DNA/TcMar-Tigger	949	-	180	182546871	33361
chr1	209241036	209441036	harbor2	chr1	209277143	209277452	DNA/TcMar-Tigger	1602	-	154	209277297	36261
chr1	227465916	227665916	harbor2	chr1	227516446	227516780	DNA/TcMar-Tigger	1514	-	167	227516613	50697
chr1	113088148	113288148	harbor2	chr1	113092050	113092314	DNA/TcMar-Tigger	560	-	132	113092182	4034
chr1	227212491	227412491	harbor2	chr1	227309711	227309944	DNA/TcMar-Tigger	437	-	116	227309827	97336
chr1	211170860	211370860	harbor2	chr1	211177808	211178154	DNA/TcMar-Tigger	2415	-	173	211177981	7121
chr1	227070105	227270105	harbor2	chr1	227079805	227080155	DNA/TcMar-Tigger	1933	-	175	227079980	9875
chr1	227070105	227270105	harbor2	chr1	227108603	227108753	DNA/TcMar-Tigger	935	-	75	227108678	38573
chr1	227070105	227270105	harbor2	chr1	227108754	227109374	DNA/TcMar-Tigger	3552	-	310	227109064	38959
chr1	227070105	227270105	harbor2	chr1	227109665	227109806	DNA/TcMar-Tigger	3552	-	70	227109735	39630
chr1	227070105	227270105	harbor2	chr1	227109807	227109896	DNA/TcMar-Tigger	538	-	44	227109851	39746
chr1	227070105	227270105	harbor2	chr1	227109905	227110090	DNA/TcMar-Tigger	1011	-	92	227109997	39892
chr1	227070105	227270105	harbor2	chr1	227125740	227125850	DNA/TcMar-Tigger	664	-	55	227125795	55690
chr1	203511550	203711550	harbor2	chr1	203539113	203539483	DNA/TcMar-Tigger	1140	-	185	203539298	27748
chr1	203511550	203711550	harbor2	chr1	203539814	203539879	DNA/TcMar-Tigger	1140	-	32	203539846	28296
chr1	203511550	203711550	harbor2	chr1	203540737	203540989	DNA/TcMar-Tigger	566	-	126	203540863	29313
chr1	164977481	165177481	harbor2	chr1	164979025	164979348	DNA/TcMar-Tigger	1009	-	162	164979187	1706
chr1	246205223	246405223	harbor2	chr1	246238913	246239105	DNA/TcMar-Tigger	964	-	96	246239009	33786
chr1	246205223	246405223	harbor2	chr1	246303353	246303646	DNA/TcMar-Tigger	866	-	146	246303499	98276
chr1	115293225	115493225	harbor2	chr1	115320189	115320757	DNA/TcMar-Tigger	2656	-	284	115320473	27248
chr1	77829601	78029601	harbor2	chr1	77883467	77883691	DNA/TcMar-Tigger	749	-	112	77883579	53978
chr1	169740664	169940664	harbor2	chr1	169746987	169747189	DNA/TcMar-Tigger	789	-	101	169747088	6424
chr1	169740664	169940664	harbor2	chr1	169747188	169747368	DNA/TcMar-Tigger	927	-	90	169747278	6614
chr1	169740664	169940664	harbor2	chr1	169747380	169748107	DNA/TcMar-Tigger	4431	-	364	169747744	7080
chr1	169740664	169940664	harbor2	chr1	169748270	169748630	DNA/TcMar-Tigger	5795	-	180	169748450	7786
chr1	169740664	169940664	harbor2	chr1	169748933	169749605	DNA/TcMar-Tigger	5795	-	336	169749269	8605
chr1	169740664	169940664	harbor2	chr1	169749710	169750120	DNA/TcMar-Tigger	2193	-	205	169749915	9251
chr1	231702696	231902696	harbor2	chr1	231723049	231723308	DNA/TcMar-Tigger	847	-	130	231723179	20483
chr1	231702696	231902696	harbor2	chr1	231740603	231740966	DNA/TcMar-Tigger	2197	-	182	231740785	38089
chr1	245298974	245498974	harbor2	chr1	245340132	245340475	DNA/TcMar-Tigger	1945	-	172	245340304	41330
chr1	168053211	168253211	harbor2	chr1	168076014	168076417	DNA/TcMar-Tigger	2337	-	202	168076216	23005
chr1	95955950	96155950	harbor2	chr1	95965828	95966153	DNA/TcMar-Tigger	1680	-	162	95965990	10040
chr1	95955950	96155950	harbor2	chr1	96011903	96012319	DNA/TcMar-Tigger	2045	-	208	96012111	56161
chr1	245328212	245528212	harbor2	chr1	245340132	245340475	DNA/TcMar-Tigger	1945	-	172	245340304	12092
chr1	158933546	159133546	harbor2	chr1	158934103	158934403	DNA/TcMar-Tigger	532	-	150	158934253	707
chr1	68304497	68504497	harbor2	chr1	68361430	68363244	DNA/TcMar-Tigger	10994	-	907	68362337	57840
chr1	68304497	68504497	harbor2	chr1	68401547	68401856	DNA/TcMar-Tigger	1627	-	154	68401701	97204
chr1	216117544	216317544	harbor2	chr1	216203124	216203539	DNA/TcMar-Tigger	1579	-	208	216203332	85788
chr1	241404803	241604803	harbor2	chr1	241457833	241458636	DNA/TcMar-Tigger	4124	-	402	241458235	53432
chr1	241404803	241604803	harbor2	chr1	241465167	241465302	DNA/TcMar-Tigger	688	-	68	241465235	60432
chr1	241404803	241604803	harbor2	chr1	241465650	241465985	DNA/TcMar-Tigger	2113	-	168	241465818	61015
chr1	241404803	241604803	harbor2	chr1	241466292	241466401	DNA/TcMar-Tigger	2113	-	54	241466346	61543
chr1	238029745	238229745	harbor2	chr1	238045954	238046144	DNA/TcMar-Tigger	1069	-	95	238046049	16304
chr1	150000998	150200998	harbor2	chr1	150008703	150008959	DNA/TcMar-Tigger	573	-	128	150008831	7833
chr1	150000998	150200998	harbor2	chr1	150090413	150091144	DNA/TcMar-Tigger	2423	-	366	150090779	89781
chr1	106642132	106842132	harbor2	chr1	106648562	106648678	DNA/TcMar-Tigger	581	-	58	106648620	6488
chr1	106642132	106842132	harbor2	chr1	106649427	106649617	DNA/TcMar-Tigger	470	-	95	106649522	7390
chr1	106642132	106842132	harbor2	chr1	106652619	106652753	DNA/TcMar-Tigger	772	-	67	106652686	10554
chr1	106642132	106842132	harbor2	chr1	106653519	106653728	DNA/TcMar-Tigger	1047	-	104	106653623	11491
chr1	106642132	106842132	harbor2	chr1	106718690	106718930	DNA/TcMar-Tigger	488	-	120	106718810	76678
chr1	238096011	238296011	harbor2	chr1	238143237	238143592	DNA/TcMar-Tigger	1972	-	178	238143415	47404
chr1	237409367	237609367	harbor2	chr1	237425645	237425855	DNA/TcMar-Tigger	983	-	105	237425750	16383
chr1	237409367	237609367	harbor2	chr1	237465493	237465631	DNA/TcMar-Tigger	475	-	69	237465562	56195
chr1	237409367	237609367	harbor2	chr1	237465696	237465944	DNA/TcMar-Tigger	875	-	124	237465820	56453
chr1	112868264	113068264	harbor2	chr1	112911250	112911366	DNA/TcMar-Tigger	462	-	58	112911308	43044
chr1	159811494	160011494	harbor2	chr1	159831655	159831939	DNA/TcMar-Tigger	888	-	142	159831797	20303
chr1	159811494	160011494	harbor2	chr1	159902377	159902757	DNA/TcMar-Tigger	2273	-	190	159902567	91073
chr1	159811494	160011494	harbor2	chr1	159903236	159904207	DNA/TcMar-Tigger	10642	-	486	159903722	92228
chr1	159811494	160011494	harbor2	chr1	159904521	159904873	DNA/TcMar-Tigger	10642	-	176	159904697	93203
chr1	159811494	160011494	harbor2	chr1	159905174	159905974	DNA/TcMar-Tigger	10642	-	400	159905574	94080
chr1	182959835	183159835	harbor2	chr1	182969705	182969802	DNA/TcMar-Tigger	489	-	48	182969753	9918
chr1	182959835	183159835	harbor2	chr1	182971213	182971381	DNA/TcMar-Tigger	439	-	84	182971297	11462
chr1	182959835	183159835	harbor2	chr1	182977303	182978519	DNA/TcMar-Tigger	7639	-	608	182977911	18076
chr1	226731169	226931169	harbor2	chr1	226754730	226754950	DNA/TcMar-Tigger	1446	-	110	226754840	23671
chr1	181478814	181678814	harbor2	chr1	181563784	181565140	DNA/TcMar-Tigger	8678	-	678	181564462	85648
chr1	243495700	243695700	harbor2	chr1	243523902	243524231	DNA/TcMar-Tigger	1835	-	164	243524066	28366
chr1	243495700	243695700	harbor2	chr1	243595040	243596147	DNA/TcMar-Tigger	4985	-	554	243595594	99894
chr1	223003259	223203259	harbor2	chr1	223019205	223019272	DNA/TcMar-Tigger	1451	-	34	223019239	15980
chr1	223003259	223203259	harbor2	chr1	223019855	223020159	DNA/TcMar-Tigger	1451	-	152	223020007	16748
chr1	225075764	225275764	harbor2	chr1	225123645	225123785	DNA/TcMar-Tigger	15967	-	70	225123715	47951
chr1	225075764	225275764	harbor2	chr1	225124053	225126290	DNA/TcMar-Tigger	15967	-	1118	225125171	49407
chr1	240918967	241118967	harbor2	chr1	240938102	240938190	DNA/TcMar-Tigger	409	-	44	240938146	19179
chr1	240918967	241118967	harbor2	chr1	240959279	240959635	DNA/TcMar-Tigger	1643	-	178	240959457	40490
chr1	191159213	191359213	harbor2	chr1	191174034	191176756	DNA/TcMar-Tigger	15020	-	1361	191175395	16182
chr1	191159213	191359213	harbor2	chr1	191228525	191229750	DNA/TcMar-Tigger	6219	-	612	191229137	69924
chr1	114571013	114771013	harbor2	chr1	114652522	114652641	DNA/TcMar-Tigger	587	-	60	114652582	81569
chr1	114571013	114771013	harbor2	chr1	114652844	114653067	DNA/TcMar-Tigger	1302	-	112	114652956	81943
chr1	177842334	178042334	harbor2	chr1	177895384	177895516	DNA/TcMar-Tigger	462	-	66	177895450	53116
chr1	177842334	178042334	harbor2	chr1	177895608	177895726	DNA/TcMar-Tigger	441	-	59	177895667	53333
chr1	177842334	178042334	harbor2	chr1	177895765	177895939	DNA/TcMar-Tigger	491	-	87	177895852	53518
chr1	177842334	178042334	harbor2	chr1	177927710	177928140	DNA/TcMar-Tigger	2638	-	215	177927925	85591
chr1	96990780	97190780	harbor2	chr1	97010521	97010907	DNA/TcMar-Tigger	1216	-	193	97010714	19934
chr1	220478557	220678557	harbor2	chr1	220560332	220560846	DNA/TcMar-Tigger	2676	-	257	220560589	82032
chr1	220478557	220678557	harbor2	chr1	220562635	220562971	DNA/TcMar-Tigger	1813	-	168	220562803	84246
chr1	99208777	99408777	harbor2	chr1	99208764	99209561	DNA/TcMar-Tigger	6651	-	398	99209162	385
chr1	238231855	238431855	harbor2	chr1	238236772	238237169	DNA/TcMar-Tigger	2124	-	198	238236970	5115
chr1	238231855	238431855	harbor2	chr1	238239953	238240093	DNA/TcMar-Tigger	729	-	70	238240023	8168
chr1	215415829	215615829	harbor2	chr1	215455834	215457565	DNA/TcMar-Tigger	10741	-	866	215456700	40871
chr1	215415829	215615829	harbor2	chr1	215457561	215457721	DNA/TcMar-Tigger	857	-	80	215457641	41812
chr1	89919810	90119810	harbor2	chr1	89929615	89929804	DNA/TcMar-Tigger	1585	-	94	89929709	9899
chr1	89919810	90119810	harbor2	chr1	89930150	89930211	DNA/TcMar-Tigger	1585	-	30	89930180	10370
chr1	89919810	90119810	harbor2	chr1	89930482	89930556	DNA/TcMar-Tigger	1585	-	37	89930519	10709
chr1	218998799	219198799	harbor2	chr1	219003243	219003665	DNA/TcMar-Tigger	2524	-	211	219003454	4655
chr1	218998799	219198799	harbor2	chr1	219069136	219069466	DNA/TcMar-Tigger	1973	-	165	219069301	70502
chr1	187686169	187886169	harbor2	chr1	187785535	187785849	DNA/TcMar-Tigger	1199	-	157	187785692	99523
chr1	235513665	235713665	harbor2	chr1	235532221	235532739	DNA/TcMar-Tigger	2770	-	259	235532480	18815
chr1	235513665	235713665	harbor2	chr1	235571642	235571848	DNA/TcMar-Tigger	1765	-	103	235571745	58080
chr1	235513665	235713665	harbor2	chr1	235572114	235572221	DNA/TcMar-Tigger	1765	-	54	235572168	58503
chr1	235513665	235713665	harbor2	chr1	235572800	235572887	DNA/TcMar-Tigger	1765	-	44	235572844	59179
chr1	235513665	235713665	harbor2	chr1	235575257	235575326	DNA/TcMar-Tigger	449	-	34	235575291	61626
chr1	215256336	215456336	harbor2	chr1	215268430	215268753	DNA/TcMar-Tigger	1636	-	162	215268592	12256
chr1	176849541	177049541	harbor2	chr1	176910562	176910703	DNA/TcMar-Tigger	839	-	70	176910632	61091
chr1	176849541	177049541	harbor2	chr1	176911034	176912059	DNA/TcMar-Tigger	6029	-	512	176911546	62005
chr1	232015105	232215105	harbor2	chr1	232031973	232032203	DNA/TcMar-Tigger	1503	-	115	232032088	16983
chr1	232015105	232215105	harbor2	chr1	232044704	232044838	DNA/TcMar-Tigger	462	-	67	232044771	29666
chr1	146814543	147014543	harbor2	chr1	146892470	146894619	DNA/TcMar-Tigger	14624	-	1074	146893544	79001
chr1	146814543	147014543	harbor2	chr1	146894980	146895032	DNA/TcMar-Tigger	14624	-	26	146895006	80463
chr1	146814543	147014543	harbor2	chr1	146895158	146895353	DNA/TcMar-Tigger	1034	-	98	146895256	80713
chr1	94183132	94383132	harbor2	chr1	94277141	94277294	DNA/TcMar-Tigger	498	-	76	94277217	94085
chr1	226058123	226258123	harbor2	chr1	226077000	226077142	DNA/TcMar-Tigger	1767	-	71	226077071	18948
chr1	226058123	226258123	harbor2	chr1	226077744	226077803	DNA/TcMar-Tigger	1767	-	30	226077774	19651
chr1	226058123	226258123	harbor2	chr1	226078120	226078283	DNA/TcMar-Tigger	1767	-	82	226078202	20079
chr1	205142037	205342037	harbor2	chr1	205150896	205151458	DNA/TcMar-Tigger	3693	-	281	205151177	9140
chr1	205142037	205342037	harbor2	chr1	205151683	205152171	DNA/TcMar-Tigger	2425	-	244	205151927	9890
chr1	205142037	205342037	harbor2	chr1	205152477	205152553	DNA/TcMar-Tigger	2425	-	38	205152515	10478
chr1	205142037	205342037	harbor2	chr1	205152606	205152835	DNA/TcMar-Tigger	1265	-	114	205152720	10683
chr1	205142037	205342037	harbor2	chr1	205188278	205188555	DNA/TcMar-Tigger	1935	-	138	205188416	46379
chr1	193560790	193760790	harbor2	chr1	193632354	193632659	DNA/TcMar-Tigger	1358	-	152	193632506	71716
chr1	190556118	190756118	harbor2	chr1	190563950	190565056	DNA/TcMar-Tigger	5604	-	553	190564503	8385
chr1	190556118	190756118	harbor2	chr1	190644545	190645733	DNA/TcMar-Tigger	5988	-	594	190645139	89021
chr1	176199391	176399391	harbor2	chr1	176213369	176213546	DNA/TcMar-Tigger	949	-	88	176213457	14066
chr1	176199391	176399391	harbor2	chr1	176241084	176241796	DNA/TcMar-Tigger	3851	-	356	176241440	42049
chr1	176199391	176399391	harbor2	chr1	176269402	176269631	DNA/TcMar-Tigger	1398	-	114	176269516	70125
chr1	225698716	225898716	harbor2	chr1	225774125	225774395	DNA/TcMar-Tigger	741	-	135	225774260	75544
chr1	181855680	182055680	harbor2	chr1	181860641	181860747	DNA/TcMar-Tigger	611	-	53	181860694	5014
chr1	181855680	182055680	harbor2	chr1	181860750	181860864	DNA/TcMar-Tigger	574	-	57	181860807	5127
chr1	213152903	213352903	harbor2	chr1	213203111	213203350	DNA/TcMar-Tigger	1437	-	120	213203231	50328
chr1	213152903	213352903	harbor2	chr1	213205800	213206039	DNA/TcMar-Tigger	1520	-	120	213205920	53017
chr1	15893017	16093017	harbor2	chr1	15972418	15972539	DNA/TcMar-Tigger	504	-	60	15972478	79461
chr1	116163884	116363884	harbor2	chr1	116224186	116224520	DNA/TcMar-Tigger	546	-	167	116224353	60469
chr1	154343451	154543451	harbor2	chr1	154398489	154398906	DNA/TcMar-Tigger	2837	-	208	154398697	55246
chr1	154343451	154543451	harbor2	chr1	154398946	154399098	DNA/TcMar-Tigger	2837	-	76	154399022	55571
chr1	154343451	154543451	harbor2	chr1	154431379	154432021	DNA/TcMar-Tigger	3459	-	321	154431700	88249
chr1	202052412	202252412	harbor2	chr1	202098700	202098848	DNA/TcMar-Tigger	545	-	74	202098774	46362
chr1	202052412	202252412	harbor2	chr1	202099347	202099505	DNA/TcMar-Tigger	961	-	79	202099426	47014
chr1	215893309	216093309	harbor2	chr1	215895744	215896074	DNA/TcMar-Tigger	2003	-	165	215895909	2600
chr1	215893309	216093309	harbor2	chr1	215973253	215973626	DNA/TcMar-Tigger	897	-	186	215973439	80130
chr1	73702043	73902043	harbor2	chr1	73705575	73706020	DNA/TcMar-Tigger	2836	-	222	73705797	3754
chr1	73702043	73902043	harbor2	chr1	73707338	73708092	DNA/TcMar-Tigger	4029	-	377	73707715	5672
chr1	73702043	73902043	harbor2	chr1	73730306	73730495	DNA/TcMar-Tigger	1123	-	94	73730400	28357
chr1	192878717	193078717	harbor2	chr1	192925362	192925790	DNA/TcMar-Tigger	2773	-	214	192925576	46859
chr1	102484159	102684159	harbor2	chr1	102527471	102528077	DNA/TcMar-Tigger	2298	-	303	102527774	43615
chr1	206211439	206411439	harbor2	chr1	206237300	206237854	DNA/TcMar-Tigger	1649	-	277	206237577	26138
chr1	206211439	206411439	harbor2	chr1	206310290	206310833	DNA/TcMar-Tigger	1159	-	272	206310562	99123
chr1	84421661	84621661	harbor2	chr1	84460765	84461094	DNA/TcMar-Tigger	1863	-	164	84460929	39268
chr1	84421661	84621661	harbor2	chr1	84473910	84473997	DNA/TcMar-Tigger	496	-	44	84473954	52293
chr1	84421661	84621661	harbor2	chr1	84474034	84474108	DNA/TcMar-Tigger	760	-	37	84474071	52410
chr1	84421661	84621661	harbor2	chr1	84474399	84474488	DNA/TcMar-Tigger	760	-	44	84474443	52782
chr1	84421661	84621661	harbor2	chr1	84484641	84484683	DNA/TcMar-Tigger	1751	-	21	84484662	63001
chr1	84421661	84621661	harbor2	chr1	84484972	84485109	DNA/TcMar-Tigger	1751	-	68	84485040	63379
chr1	84421661	84621661	harbor2	chr1	84485398	84485586	DNA/TcMar-Tigger	1751	-	94	84485492	63831
chr1	84421661	84621661	harbor2	chr1	84514367	84514591	DNA/TcMar-Tigger	1258	-	112	84514479	92818
chr1	208454815	208654815	harbor2	chr1	208511809	208512039	DNA/TcMar-Tigger	1206	-	115	208511924	57109
chr1	246157927	246357927	harbor2	chr1	246171458	246171728	DNA/TcMar-Tigger	2349	-	135	246171593	13666
chr1	246157927	246357927	harbor2	chr1	246172026	246172193	DNA/TcMar-Tigger	2349	-	84	246172110	14183
chr1	246157927	246357927	harbor2	chr1	246172750	246172812	DNA/TcMar-Tigger	428	-	31	246172781	14854
chr1	246157927	246357927	harbor2	chr1	246172939	246173001	DNA/TcMar-Tigger	413	-	31	246172970	15043
chr1	246157927	246357927	harbor2	chr1	246173315	246173813	DNA/TcMar-Tigger	4123	-	249	246173564	15637
chr1	246157927	246357927	harbor2	chr1	246174110	246174427	DNA/TcMar-Tigger	4123	-	158	246174268	16341
chr1	246157927	246357927	harbor2	chr1	246238913	246239105	DNA/TcMar-Tigger	964	-	96	246239009	81082
chr1	244323369	244523369	harbor2	chr1	244411507	244411801	DNA/TcMar-Tigger	842	-	147	244411654	88285
chr1	234711861	234911861	harbor2	chr1	234796925	234797231	DNA/TcMar-Tigger	836	-	153	234797078	85217
chr1	148386489	148586489	harbor2	chr1	148435177	148435293	DNA/TcMar-Tigger	652	-	58	148435235	48746
chr1	224298679	224498679	harbor2	chr1	224323967	224324309	DNA/TcMar-Tigger	1909	-	171	224324138	25459
chr1	106321362	106521362	harbor2	chr1	106365208	106365446	DNA/TcMar-Tigger	543	-	119	106365327	43965
chr1	248343681	248543681	harbor2	chr1	248353431	248353645	DNA/TcMar-Tigger	1512	-	107	248353538	9857
chr1	248343681	248543681	harbor2	chr1	248353675	248353832	DNA/TcMar-Tigger	1512	-	78	248353753	10072
chr1	248343681	248543681	harbor2	chr1	248442561	248442856	DNA/TcMar-Tigger	1238	-	148	248442709	99028
chr1	210687508	210887508	harbor2	chr1	210709963	210710375	DNA/TcMar-Tigger	2548	-	206	210710169	22661
chr1	210687508	210887508	harbor2	chr1	210710450	210710590	DNA/TcMar-Tigger	594	-	70	210710520	23012
chr1	202534924	202734924	harbor2	chr1	202536157	202537059	DNA/TcMar-Tigger	5360	-	451	202536608	1684
chr1	202534924	202734924	harbor2	chr1	202537380	202537479	DNA/TcMar-Tigger	587	-	50	202537430	2506
chr1	245323050	245523050	harbor2	chr1	245340132	245340475	DNA/TcMar-Tigger	1945	-	172	245340304	17254
chr2	188091667	188291667	harbor2	chr2	188183330	188183611	DNA/TcMar-Tigger	1430	-	140	188183470	91803
chr2	188091667	188291667	harbor2	chr2	188183912	188183995	DNA/TcMar-Tigger	1430	-	42	188183954	92287
chr2	188091667	188291667	harbor2	chr2	188183996	188184304	DNA/TcMar-Tigger	2512	-	154	188184150	92483
chr2	188091667	188291667	harbor2	chr2	188185074	188185220	DNA/TcMar-Tigger	2512	-	73	188185147	93480
chr2	97739523	97939523	harbor2	chr2	97798550	97798776	DNA/TcMar-Tigger	808	-	113	97798663	59140
chr2	97739523	97939523	harbor2	chr2	97807976	97808299	DNA/TcMar-Tigger	2028	-	162	97808138	68615
chr2	233589012	233789012	harbor2	chr2	233597872	233598288	DNA/TcMar-Tigger	2334	-	208	233598080	9068
chr2	233589012	233789012	harbor2	chr2	233598734	233599612	DNA/TcMar-Tigger	4430	-	439	233599173	10161
chr2	233589012	233789012	harbor2	chr2	233609310	233609492	DNA/TcMar-Tigger	839	-	91	233609401	20389
chr2	233589012	233789012	harbor2	chr2	233609461	233609849	DNA/TcMar-Tigger	1936	-	194	233609655	20643
chr2	233589012	233789012	harbor2	chr2	233624947	233625176	DNA/TcMar-Tigger	1072	-	114	233625061	36049
chr2	233589012	233789012	harbor2	chr2	233625947	233627607	DNA/TcMar-Tigger	12547	-	830	233626777	37765
chr2	233589012	233789012	harbor2	chr2	233627681	233628433	DNA/TcMar-Tigger	12547	-	376	233628057	39045
chr2	233589012	233789012	harbor2	chr2	233644894	233645192	DNA/TcMar-Tigger	1719	-	149	233645043	56031
chr2	233589012	233789012	harbor2	chr2	233659220	233661091	DNA/TcMar-Tigger	10613	-	936	233660156	71144
chr2	233589012	233789012	harbor2	chr2	233661529	233661623	DNA/TcMar-Tigger	4268	-	47	233661576	72564
chr2	233589012	233789012	harbor2	chr2	233661683	233662450	DNA/TcMar-Tigger	4268	-	384	233662067	73055
chr2	233589012	233789012	harbor2	chr2	233669601	233669679	DNA/TcMar-Tigger	4121	-	39	233669640	80628
chr2	233589012	233789012	harbor2	chr2	233669984	233670709	DNA/TcMar-Tigger	4121	-	362	233670346	81334
chr2	233589012	233789012	harbor2	chr2	233670708	233671013	DNA/TcMar-Tigger	1823	-	152	233670860	81848
chr2	233589012	233789012	harbor2	chr2	233677331	233677559	DNA/TcMar-Tigger	1261	-	114	233677445	88433
chr2	233589012	233789012	harbor2	chr2	233678324	233680438	DNA/TcMar-Tigger	10975	-	1057	233679381	90369
chr2	218996117	219196117	harbor2	chr2	219067512	219067871	DNA/TcMar-Tigger	2261	-	180	219067692	71575
chr2	201502385	201702385	harbor2	chr2	201515956	201516247	DNA/TcMar-Tigger	1856	-	146	201516102	13717
chr2	201502385	201702385	harbor2	chr2	201516603	201516643	DNA/TcMar-Tigger	1856	-	20	201516623	14238
chr2	148649890	148849890	harbor2	chr2	148657962	148658595	DNA/TcMar-Tigger	3116	-	316	148658278	8388
chr2	148649890	148849890	harbor2	chr2	148685374	148685478	DNA/TcMar-Tigger	10340	-	52	148685426	35536
chr2	148649890	148849890	harbor2	chr2	148685792	148687410	DNA/TcMar-Tigger	10340	-	809	148686601	36711
chr2	148649890	148849890	harbor2	chr2	148748515	148748869	DNA/TcMar-Tigger	2080	-	177	148748692	98802
chr2	144946065	145146065	harbor2	chr2	145002612	145003011	DNA/TcMar-Tigger	2455	-	200	145002812	56747
chr2	191063338	191263338	harbor2	chr2	191123506	191123959	DNA/TcMar-Tigger	2646	-	226	191123732	60394
chr2	173845788	174045788	harbor2	chr2	173846818	173847160	DNA/TcMar-Tigger	1640	-	171	173846989	1201
chr2	173845788	174045788	harbor2	chr2	173930947	173931246	DNA/TcMar-Tigger	1785	-	150	173931097	85309
chr2	173845788	174045788	harbor2	chr2	173931643	173932194	DNA/TcMar-Tigger	5374	-	276	173931919	86131
chr2	173845788	174045788	harbor2	chr2	173933009	173933178	DNA/TcMar-Tigger	5374	-	84	173933093	87305
chr2	173845788	174045788	harbor2	chr2	173943777	173944108	DNA/TcMar-Tigger	1843	-	166	173943943	98155
chr2	173845788	174045788	harbor2	chr2	173932489	173932710	DNA/TcMar-Tigger	5374	-	110	173932599	86811
chr2	96700455	96900455	harbor2	chr2	96743586	96743687	DNA/TcMar-Tigger	455	-	50	96743636	43181
chr2	123192333	123392333	harbor2	chr2	123250693	123250778	DNA/TcMar-Tigger	612	-	42	123250735	58402
chr2	123192333	123392333	harbor2	chr2	123250932	123251767	DNA/TcMar-Tigger	4562	-	418	123251350	59017
chr2	218432470	218632470	harbor2	chr2	218473788	218474040	DNA/TcMar-Tigger	1642	-	126	218473914	41444
chr2	218432470	218632470	harbor2	chr2	218523280	218523467	DNA/TcMar-Tigger	658	-	94	218523374	90904
chr2	154137434	154337434	harbor2	chr2	154140832	154141555	DNA/TcMar-Tigger	3975	-	362	154141194	3760
chr2	154137434	154337434	harbor2	chr2	154141548	154141624	DNA/TcMar-Tigger	449	-	38	154141586	4152
chr2	154137434	154337434	harbor2	chr2	154211113	154211344	DNA/TcMar-Tigger	1620	-	116	154211229	73795
chr2	154137434	154337434	harbor2	chr2	154211659	154211774	DNA/TcMar-Tigger	1620	-	58	154211717	74283
chr2	229827521	230027521	harbor2	chr2	229827309	229827735	DNA/TcMar-Tigger	4398	-	213	229827522	1
chr2	229827521	230027521	harbor2	chr2	229827946	229827968	DNA/TcMar-Tigger	4398	-	11	229827957	436
chr2	229827521	230027521	harbor2	chr2	229827993	229828093	DNA/TcMar-Tigger	542	-	50	229828043	522
chr2	229827521	230027521	harbor2	chr2	229864105	229864782	DNA/TcMar-Tigger	1537	-	338	229864443	36922
chr2	228308760	228508760	harbor2	chr2	228385074	228385215	DNA/TcMar-Tigger	438	-	70	228385144	76384
chr2	171353917	171553917	harbor2	chr2	171403948	171404052	DNA/TcMar-Tigger	3404	-	52	171404000	50083
chr2	171353917	171553917	harbor2	chr2	171404101	171404654	DNA/TcMar-Tigger	3404	-	276	171404377	50460
chr2	171353917	171553917	harbor2	chr2	171410135	171410288	DNA/TcMar-Tigger	453	-	76	171410211	56294
chr2	171353917	171553917	harbor2	chr2	171432770	171433357	DNA/TcMar-Tigger	3451	-	294	171433064	79147
chr2	201676087	201876087	harbor2	chr2	201762432	201762650	DNA/TcMar-Tigger	1180	-	109	201762541	86454
chr2	182581973	182781973	harbor2	chr2	182592103	182592440	DNA/TcMar-Tigger	1065	-	168	182592271	10298
chr2	182581973	182781973	harbor2	chr2	182607433	182607668	DNA/TcMar-Tigger	1253	-	118	182607551	25578
chr2	182581973	182781973	harbor2	chr2	182634185	182634389	DNA/TcMar-Tigger	509	-	102	182634287	52314
chr2	182581973	182781973	harbor2	chr2	182680098	182680215	DNA/TcMar-Tigger	418	-	58	182680156	98183
chr2	182581973	182781973	harbor2	chr2	182680471	182680653	DNA/TcMar-Tigger	913	-	91	182680562	98589
chr2	168617520	168817520	harbor2	chr2	168701613	168701724	DNA/TcMar-Tigger	1276	-	56	168701669	84149
chr2	168617520	168817520	harbor2	chr2	168701857	168702052	DNA/TcMar-Tigger	1276	-	98	168701955	84435
chr2	235579117	235779117	harbor2	chr2	235673391	235673696	DNA/TcMar-Tigger	932	-	152	235673543	94426
chr2	174274517	174474517	harbor2	chr2	174368741	174370060	DNA/TcMar-Tigger	8941	-	660	174369401	94884
chr2	234952307	235152307	harbor2	chr2	234980159	234980484	DNA/TcMar-Tigger	1902	-	162	234980321	28014
chr2	234952307	235152307	harbor2	chr2	234987857	234988064	DNA/TcMar-Tigger	564	-	104	234987961	35654
chr2	234952307	235152307	harbor2	chr2	234988359	234988501	DNA/TcMar-Tigger	564	-	71	234988430	36123
chr2	214641648	214841648	harbor2	chr2	214676542	214677041	DNA/TcMar-Tigger	3321	-	250	214676792	35144
chr2	214641648	214841648	harbor2	chr2	214729094	214729439	DNA/TcMar-Tigger	2018	-	172	214729266	87618
chr2	214641648	214841648	harbor2	chr2	214733204	214733541	DNA/TcMar-Tigger	1438	-	168	214733372	91724
chr2	214641648	214841648	harbor2	chr2	214734889	214735533	DNA/TcMar-Tigger	3008	-	322	214735211	93563
chr2	232266425	232466425	harbor2	chr2	232277683	232278021	DNA/TcMar-Tigger	1781	-	169	232277852	11427
chr2	232266425	232466425	harbor2	chr2	232316346	232316756	DNA/TcMar-Tigger	515	-	205	232316551	50126
chr2	199006957	199206957	harbor2	chr2	199097568	199097922	DNA/TcMar-Tigger	2056	-	177	199097745	90788
chr2	177353826	177553826	harbor2	chr2	177432081	177432360	DNA/TcMar-Tigger	430	-	140	177432221	78395
chr2	197029951	197229951	harbor2	chr2	197083661	197083853	DNA/TcMar-Tigger	917	-	96	197083757	53806
chr2	197029951	197229951	harbor2	chr2	197109294	197109570	DNA/TcMar-Tigger	842	-	138	197109432	79481
chr2	197029951	197229951	harbor2	chr2	197116149	197116317	DNA/TcMar-Tigger	547	-	84	197116233	86282
chr2	241465292	241665292	harbor2	chr2	241487305	241487389	DNA/TcMar-Tigger	1876	-	42	241487347	22055
chr2	241465292	241665292	harbor2	chr2	241487695	241487744	DNA/TcMar-Tigger	1876	-	24	241487719	22427
chr2	241465292	241665292	harbor2	chr2	241488036	241488251	DNA/TcMar-Tigger	1876	-	108	241488144	22852
chr2	132934362	133134362	harbor2	chr2	132965639	132965882	DNA/TcMar-Tigger	1562	-	122	132965761	31399
chr2	132934362	133134362	harbor2	chr2	132966497	132967153	DNA/TcMar-Tigger	3190	-	328	132966825	32463
chr2	132934362	133134362	harbor2	chr2	132994712	132995368	DNA/TcMar-Tigger	3652	-	328	132995040	60678
chr2	132934362	133134362	harbor2	chr2	132995985	132996074	DNA/TcMar-Tigger	3652	-	44	132996029	61667
chr2	132934362	133134362	harbor2	chr2	132996065	132996171	DNA/TcMar-Tigger	468	-	53	132996118	61756
chr2	132934362	133134362	harbor2	chr2	133002197	133002536	DNA/TcMar-Tigger	1750	-	170	133002367	68005
chr2	57469719	57669719	harbor2	chr2	57484055	57484143	DNA/TcMar-Tigger	466	-	44	57484099	14380
chr2	220743709	220943709	harbor2	chr2	220752586	220752615	DNA/TcMar-Tigger	1982	-	14	220752600	8891
chr2	220743709	220943709	harbor2	chr2	220752919	220753249	DNA/TcMar-Tigger	1982	-	165	220753084	9375
chr2	157174367	157374367	harbor2	chr2	157242410	157243658	DNA/TcMar-Tigger	7057	-	624	157243034	68667
chr2	225205974	225405974	harbor2	chr2	225294177	225295356	DNA/TcMar-Tigger	6715	-	590	225294767	88793
chr2	180190418	180390418	harbor2	chr2	180214514	180214922	DNA/TcMar-Tigger	2327	-	204	180214718	24300
chr2	180190418	180390418	harbor2	chr2	180259656	180260173	DNA/TcMar-Tigger	2909	-	258	180259914	69496
chr2	180190418	180390418	harbor2	chr2	180260172	180261817	DNA/TcMar-Tigger	9455	-	822	180260994	70576
chr2	124433387	124633387	harbor2	chr2	124472603	124472805	DNA/TcMar-Tigger	1003	-	101	124472704	39317
chr2	124433387	124633387	harbor2	chr2	124472813	124472964	DNA/TcMar-Tigger	787	-	76	124472889	39502
chr2	226416283	226616283	harbor2	chr2	226418226	226418688	DNA/TcMar-Tigger	1270	-	231	226418457	2174
chr2	223711393	223911393	harbor2	chr2	223713854	223714183	DNA/TcMar-Tigger	1182	-	164	223714018	2625
chr2	72744643	72944643	harbor2	chr2	72770350	72770670	DNA/TcMar-Tigger	941	-	160	72770510	25867
chr2	72744643	72944643	harbor2	chr2	72830400	72831188	DNA/TcMar-Tigger	4337	-	394	72830794	86151
chr2	203551851	203751851	harbor2	chr2	203619754	203619845	DNA/TcMar-Tigger	852	-	46	203619800	67949
chr2	203551851	203751851	harbor2	chr2	203620143	203620290	DNA/TcMar-Tigger	852	-	74	203620217	68366
chr2	203551851	203751851	harbor2	chr2	203620779	203620801	DNA/TcMar-Tigger	852	-	11	203620790	68939
chr2	241108461	241308461	harbor2	chr2	241129336	241129644	DNA/TcMar-Tigger	567	-	154	241129490	21029
chr2	241108461	241308461	harbor2	chr2	241135277	241135501	DNA/TcMar-Tigger	1047	-	112	241135389	26928
chr2	228801323	229001323	harbor2	chr2	228842096	228842420	DNA/TcMar-Tigger	1782	-	162	228842258	40935
chr2	228801323	229001323	harbor2	chr2	228865556	228865849	DNA/TcMar-Tigger	1079	-	146	228865702	64379
chr2	141673041	141873041	harbor2	chr2	141692622	141692941	DNA/TcMar-Tigger	1705	-	160	141692782	19741
chr2	177490086	177690086	harbor2	chr2	177508746	177508947	DNA/TcMar-Tigger	860	-	100	177508846	18760
chr2	177490086	177690086	harbor2	chr2	177581663	177581883	DNA/TcMar-Tigger	1422	-	110	177581773	91687
chr2	177490086	177690086	harbor2	chr2	177581901	177581983	DNA/TcMar-Tigger	443	-	41	177581942	91856
chr2	209531007	209731007	harbor2	chr2	209540844	209541034	DNA/TcMar-Tigger	14500	-	95	209540939	9932
chr2	209531007	209731007	harbor2	chr2	209541331	209543535	DNA/TcMar-Tigger	14500	-	1102	209542433	11426
chr2	209531007	209731007	harbor2	chr2	209605300	209606076	DNA/TcMar-Tigger	1199	-	388	209605688	74681
chr2	175635640	175835640	harbor2	chr2	175677096	175677378	DNA/TcMar-Tigger	1606	-	141	175677237	41597
chr2	175515290	175715290	harbor2	chr2	175515657	175515946	DNA/TcMar-Tigger	898	-	144	175515801	511
chr2	175515290	175715290	harbor2	chr2	175529073	175529385	DNA/TcMar-Tigger	1243	-	156	175529229	13939
chr2	84989646	85189646	harbor2	chr2	84996806	84997129	DNA/TcMar-Tigger	1678	-	162	84996968	7322
chr2	84989646	85189646	harbor2	chr2	85001767	85002066	DNA/TcMar-Tigger	1440	-	150	85001917	12271
chr2	84989646	85189646	harbor2	chr2	85003905	85003998	DNA/TcMar-Tigger	508	-	46	85003951	14305
chr2	84989646	85189646	harbor2	chr2	85004004	85004224	DNA/TcMar-Tigger	1289	-	110	85004114	14468
chr2	84989646	85189646	harbor2	chr2	85008065	85008295	DNA/TcMar-Tigger	893	-	115	85008180	18534
chr2	84989646	85189646	harbor2	chr2	85008500	85008756	DNA/TcMar-Tigger	1306	-	128	85008628	18982
chr2	84989646	85189646	harbor2	chr2	85014246	85014403	DNA/TcMar-Tigger	424	-	78	85014324	24678
chr2	149596618	149796618	harbor2	chr2	149617805	149617971	DNA/TcMar-Tigger	566	-	83	149617888	21270
chr2	149596618	149796618	harbor2	chr2	149630540	149631185	DNA/TcMar-Tigger	6866	-	322	149630862	34244
chr2	149596618	149796618	harbor2	chr2	149631218	149631757	DNA/TcMar-Tigger	6866	-	270	149631488	34870
chr2	149596618	149796618	harbor2	chr2	149660540	149660970	DNA/TcMar-Tigger	2520	-	215	149660755	64137
chr2	233170747	233370747	harbor2	chr2	233172675	233172926	DNA/TcMar-Tigger	6059	-	126	233172801	2054
chr2	233170747	233370747	harbor2	chr2	233173231	233173649	DNA/TcMar-Tigger	6059	-	209	233173440	2693
chr2	233170747	233370747	harbor2	chr2	233173949	233174424	DNA/TcMar-Tigger	6059	-	238	233174187	3440
chr2	233170747	233370747	harbor2	chr2	233227503	233227761	DNA/TcMar-Tigger	669	-	129	233227632	56885
chr2	197048463	197248463	harbor2	chr2	197083661	197083853	DNA/TcMar-Tigger	917	-	96	197083757	35294
chr2	197048463	197248463	harbor2	chr2	197109294	197109570	DNA/TcMar-Tigger	842	-	138	197109432	60969
chr2	197048463	197248463	harbor2	chr2	197116149	197116317	DNA/TcMar-Tigger	547	-	84	197116233	67770
chr2	127462755	127662755	harbor2	chr2	127521440	127521783	DNA/TcMar-Tigger	1773	-	172	127521612	58857
chr2	195318620	195518620	harbor2	chr2	195318914	195320124	DNA/TcMar-Tigger	6737	-	605	195319519	899
chr2	195318620	195518620	harbor2	chr2	195342191	195342369	DNA/TcMar-Tigger	404	-	89	195342280	23660
chr2	195318620	195518620	harbor2	chr2	195352302	195352841	DNA/TcMar-Tigger	1228	-	270	195352572	33952
chr2	195318620	195518620	harbor2	chr2	195385402	195385910	DNA/TcMar-Tigger	2731	-	254	195385656	67036
chr2	192071854	192271854	harbor2	chr2	192071555	192071883	DNA/TcMar-Tigger	1813	-	164	192071719	135
chr2	223624939	223824939	harbor2	chr2	223713854	223714183	DNA/TcMar-Tigger	1182	-	164	223714018	89079
chr2	207938153	208138153	harbor2	chr2	208016875	208017192	DNA/TcMar-Tigger	2017	-	158	208017033	78880
chr2	214947276	215147276	harbor2	chr2	215006326	215006866	DNA/TcMar-Tigger	1445	-	270	215006596	59320
chr2	169728161	169928161	harbor2	chr2	169728132	169728743	DNA/TcMar-Tigger	5463	-	306	169728438	277
chr2	169728161	169928161	harbor2	chr2	169729046	169729465	DNA/TcMar-Tigger	5463	-	210	169729256	1095
chr2	169728161	169928161	harbor2	chr2	169739713	169740116	DNA/TcMar-Tigger	2426	-	202	169739915	11754
chr2	169728161	169928161	harbor2	chr2	169740396	169740453	DNA/TcMar-Tigger	2426	-	28	169740424	12263
chr2	169728161	169928161	harbor2	chr2	169740748	169740761	DNA/TcMar-Tigger	2426	-	6	169740754	12593
chr2	169728161	169928161	harbor2	chr2	169740793	169741038	DNA/TcMar-Tigger	2426	-	122	169740915	12754
chr2	169728161	169928161	harbor2	chr2	169741028	169741170	DNA/TcMar-Tigger	660	-	71	169741099	12938
chr2	54896789	55096789	harbor2	chr2	54994797	54994962	DNA/TcMar-Tigger	4828	-	82	54994879	98090
chr2	54896789	55096789	harbor2	chr2	54995256	54995952	DNA/TcMar-Tigger	4828	-	348	54995604	98815
chr2	187646878	187846878	harbor2	chr2	187700983	187701531	DNA/TcMar-Tigger	2299	-	274	187701257	54379
chr2	234615400	234815400	harbor2	chr2	234679060	234679707	DNA/TcMar-Tigger	3476	-	324	234679384	63984
chr2	234615400	234815400	harbor2	chr2	234680878	234681189	DNA/TcMar-Tigger	1801	-	156	234681034	65634
chr2	234615400	234815400	harbor2	chr2	234711973	234712332	DNA/TcMar-Tigger	1895	-	180	234712153	96753
chr2	238096677	238296677	harbor2	chr2	238186091	238186346	DNA/TcMar-Tigger	1754	-	128	238186219	89542
chr2	238096677	238296677	harbor2	chr2	238186475	238186548	DNA/TcMar-Tigger	1754	-	36	238186511	89834
chr2	231737676	231937676	harbor2	chr2	231793161	231793420	DNA/TcMar-Tigger	505	-	130	231793291	55615
chr2	231737676	231937676	harbor2	chr2	231813991	231814554	DNA/TcMar-Tigger	9672	-	282	231814273	76597
chr2	231737676	231937676	harbor2	chr2	231814859	231815305	DNA/TcMar-Tigger	9672	-	223	231815082	77406
chr2	231737676	231937676	harbor2	chr2	231815604	231816848	DNA/TcMar-Tigger	9672	-	622	231816226	78550
chr2	241356121	241556121	harbor2	chr2	241377648	241377861	DNA/TcMar-Tigger	557	-	106	241377754	21633
chr2	241356121	241556121	harbor2	chr2	241380469	241380681	DNA/TcMar-Tigger	1248	-	106	241380575	24454
chr2	101324815	101524815	harbor2	chr2	101387962	101388216	DNA/TcMar-Tigger	1423	-	127	101388089	63274
chr2	25668844	25868844	harbor2	chr2	25746901	25747106	DNA/TcMar-Tigger	1298	-	102	25747003	78159
chr2	224586360	224786360	harbor2	chr2	224617635	224617741	DNA/TcMar-Tigger	590	-	53	224617688	31328
chr2	224586360	224786360	harbor2	chr2	224620432	224620547	DNA/TcMar-Tigger	418	-	58	224620490	34130
chr2	224586360	224786360	harbor2	chr2	224649018	224649209	DNA/TcMar-Tigger	1077	-	96	224649114	62754
chr2	170347697	170547697	harbor2	chr2	170398740	170398961	DNA/TcMar-Tigger	1219	-	110	170398850	51153
chr2	170347697	170547697	harbor2	chr2	170411243	170411581	DNA/TcMar-Tigger	2193	-	169	170411412	63715
chr2	170347697	170547697	harbor2	chr2	170444958	170445232	DNA/TcMar-Tigger	1176	-	137	170445095	97398
chr2	170347697	170547697	harbor2	chr2	170445218	170445340	DNA/TcMar-Tigger	1799	-	61	170445279	97582
chr2	170347697	170547697	harbor2	chr2	170445934	170446214	DNA/TcMar-Tigger	1799	-	140	170446074	98377
chr2	220072649	220272649	harbor2	chr2	220160285	220160572	DNA/TcMar-Tigger	2013	-	144	220160429	87780
chr2	195630835	195830835	harbor2	chr2	195674655	195675048	DNA/TcMar-Tigger	2248	-	196	195674851	44016
chr2	195630835	195830835	harbor2	chr2	195696580	195696817	DNA/TcMar-Tigger	1309	-	118	195696698	65863
chr2	195630835	195830835	harbor2	chr2	195696985	195697185	DNA/TcMar-Tigger	1064	-	100	195697085	66250
chr2	195630835	195830835	harbor2	chr2	195711140	195711264	DNA/TcMar-Tigger	661	-	62	195711202	80367
chr2	211421627	211621627	harbor2	chr2	211501738	211501898	DNA/TcMar-Tigger	487	-	80	211501818	80191
chr2	211421627	211621627	harbor2	chr2	211514697	211514931	DNA/TcMar-Tigger	1385	-	117	211514814	93187
chr2	186979665	187179665	harbor2	chr2	187060088	187060387	DNA/TcMar-Tigger	1197	-	150	187060238	80573
chr2	186979665	187179665	harbor2	chr2	187062308	187062663	DNA/TcMar-Tigger	1483	-	178	187062486	82821
chr2	220695013	220895013	harbor2	chr2	220752586	220752615	DNA/TcMar-Tigger	1982	-	14	220752600	57587
chr2	220695013	220895013	harbor2	chr2	220752919	220753249	DNA/TcMar-Tigger	1982	-	165	220753084	58071
chr2	68858427	69058427	harbor2	chr2	68881779	68882141	DNA/TcMar-Tigger	534	-	181	68881960	23533
chr2	68858427	69058427	harbor2	chr2	68883301	68883450	DNA/TcMar-Tigger	501	-	74	68883375	24948
chr2	178124015	178324015	harbor2	chr2	178143969	178144070	DNA/TcMar-Tigger	1720	-	50	178144019	20004
chr2	178124015	178324015	harbor2	chr2	178144383	178144634	DNA/TcMar-Tigger	1720	-	126	178144509	20494
chr2	178124015	178324015	harbor2	chr2	178164979	178165147	DNA/TcMar-Tigger	473	-	84	178165063	41048
chr2	178124015	178324015	harbor2	chr2	178197457	178197759	DNA/TcMar-Tigger	1642	-	151	178197608	73593
chr2	130915569	131115569	harbor2	chr2	130941142	130941210	DNA/TcMar-Tigger	2381	-	34	130941176	25607
chr2	130915569	131115569	harbor2	chr2	130941503	130941890	DNA/TcMar-Tigger	2381	-	194	130941697	26128
chr2	130915569	131115569	harbor2	chr2	130950930	130951559	DNA/TcMar-Tigger	4019	-	314	130951244	35675
chr2	130915569	131115569	harbor2	chr2	130969047	130969316	DNA/TcMar-Tigger	1844	-	134	130969181	53612
chr2	130915569	131115569	harbor2	chr2	130969612	130969648	DNA/TcMar-Tigger	1844	-	18	130969630	54061
chr2	162794510	162994510	harbor2	chr2	162808048	162808220	DNA/TcMar-Tigger	1085	-	86	162808134	13624
chr2	162794510	162994510	harbor2	chr2	162877720	162878088	DNA/TcMar-Tigger	1810	-	184	162877904	83394
chr2	123570999	123770999	harbor2	chr2	123587882	123588559	DNA/TcMar-Tigger	3130	-	338	123588220	17221
chr2	123570999	123770999	harbor2	chr2	123670419	123670759	DNA/TcMar-Tigger	1873	-	170	123670589	99590
chr2	219826320	220026320	harbor2	chr2	219898846	219901173	DNA/TcMar-Tigger	14801	-	1164	219900010	73690
chr2	219826320	220026320	harbor2	chr2	219908597	219908844	DNA/TcMar-Tigger	789	-	124	219908721	82401
chr2	119331641	119531641	harbor2	chr2	119350996	119351468	DNA/TcMar-Tigger	3535	-	236	119351232	19591
chr2	119331641	119531641	harbor2	chr2	119351772	119351955	DNA/TcMar-Tigger	3535	-	92	119351864	20223
chr2	119331641	119531641	harbor2	chr2	119412365	119412876	DNA/TcMar-Tigger	16186	-	256	119412621	80980
chr2	119331641	119531641	harbor2	chr2	119413188	119415346	DNA/TcMar-Tigger	16186	-	1079	119414267	82626
chr2	119331641	119531641	harbor2	chr2	119415519	119415580	DNA/TcMar-Tigger	412	-	30	119415549	83908
chr2	174899698	175099698	harbor2	chr2	174956846	174957422	DNA/TcMar-Tigger	2986	-	288	174957134	57436
chr2	223706650	223906650	harbor2	chr2	223713854	223714183	DNA/TcMar-Tigger	1182	-	164	223714018	7368
chr2	141327226	141527226	harbor2	chr2	141383504	141383588	DNA/TcMar-Tigger	452	-	42	141383546	56320
chr2	228327938	228527938	harbor2	chr2	228385074	228385215	DNA/TcMar-Tigger	438	-	70	228385144	57206
chr2	133457274	133657274	harbor2	chr2	133464235	133464320	DNA/TcMar-Tigger	569	-	42	133464277	7003
chr2	133457274	133657274	harbor2	chr2	133477473	133478004	DNA/TcMar-Tigger	2111	-	266	133477739	20465
chr2	217110449	217310449	harbor2	chr2	217174770	217177229	DNA/TcMar-Tigger	13335	-	1230	217176000	65551
chr2	217110449	217310449	harbor2	chr2	217184078	217184948	DNA/TcMar-Tigger	6429	-	435	217184513	74064
chr2	217110449	217310449	harbor2	chr2	217185240	217185591	DNA/TcMar-Tigger	6429	-	176	217185416	74967
chr2	217110449	217310449	harbor2	chr2	217190347	217190672	DNA/TcMar-Tigger	1362	-	162	217190509	80060
chr2	208269806	208469806	harbor2	chr2	208303324	208303716	DNA/TcMar-Tigger	2178	-	196	208303520	33714
chr2	208269806	208469806	harbor2	chr2	208328531	208328885	DNA/TcMar-Tigger	1969	-	177	208328708	58902
chr2	208269806	208469806	harbor2	chr2	208343383	208343706	DNA/TcMar-Tigger	1713	-	162	208343545	73739
chr2	200856643	201056643	harbor2	chr2	200870851	200870994	DNA/TcMar-Tigger	1026	-	72	200870923	14280
chr2	200856643	201056643	harbor2	chr2	200873767	200873888	DNA/TcMar-Tigger	782	-	60	200873827	17184
chr2	200856643	201056643	harbor2	chr2	200923104	200923238	DNA/TcMar-Tigger	2848	-	67	200923171	66528
chr2	200856643	201056643	harbor2	chr2	200923549	200924024	DNA/TcMar-Tigger	2848	-	238	200923787	67144
chr2	178161413	178361413	harbor2	chr2	178164979	178165147	DNA/TcMar-Tigger	473	-	84	178165063	3650
chr2	178161413	178361413	harbor2	chr2	178197457	178197759	DNA/TcMar-Tigger	1642	-	151	178197608	36195
chr2	230188101	230388101	harbor2	chr2	230239220	230239416	DNA/TcMar-Tigger	1091	-	98	230239318	51217
chr2	231803450	232003450	harbor2	chr2	231813991	231814554	DNA/TcMar-Tigger	9672	-	282	231814273	10823
chr2	231803450	232003450	harbor2	chr2	231814859	231815305	DNA/TcMar-Tigger	9672	-	223	231815082	11632
chr2	231803450	232003450	harbor2	chr2	231815604	231816848	DNA/TcMar-Tigger	9672	-	622	231816226	12776
chr2	230141723	230341723	harbor2	chr2	230183917	230184015	DNA/TcMar-Tigger	525	-	49	230183966	42243
chr2	230141723	230341723	harbor2	chr2	230184014	230184280	DNA/TcMar-Tigger	1556	-	133	230184147	42424
chr2	230141723	230341723	harbor2	chr2	230239220	230239416	DNA/TcMar-Tigger	1091	-	98	230239318	97595
chr2	183753159	183953159	harbor2	chr2	183764729	183767049	DNA/TcMar-Tigger	12987	-	1160	183765889	12730
chr2	183753159	183953159	harbor2	chr2	183812187	183812343	DNA/TcMar-Tigger	762	-	78	183812265	59106
chr2	95570265	95770265	harbor2	chr2	95600039	95600183	DNA/TcMar-Tigger	696	-	72	95600111	29846
chr2	95570265	95770265	harbor2	chr2	95637214	95637562	DNA/TcMar-Tigger	1734	-	174	95637388	67123
chr2	149577102	149777102	harbor2	chr2	149617805	149617971	DNA/TcMar-Tigger	566	-	83	149617888	40786
chr2	149577102	149777102	harbor2	chr2	149630540	149631185	DNA/TcMar-Tigger	6866	-	322	149630862	53760
chr2	149577102	149777102	harbor2	chr2	149631218	149631757	DNA/TcMar-Tigger	6866	-	270	149631488	54386
chr2	149577102	149777102	harbor2	chr2	149660540	149660970	DNA/TcMar-Tigger	2520	-	215	149660755	83653
chr2	173003780	173203780	harbor2	chr2	173034975	173035052	DNA/TcMar-Tigger	2433	-	38	173035013	31233
chr2	173003780	173203780	harbor2	chr2	173035653	173036027	DNA/TcMar-Tigger	2433	-	187	173035840	32060
chr2	173003780	173203780	harbor2	chr2	173079009	173080220	DNA/TcMar-Tigger	6858	-	606	173079615	75835
chr2	228104609	228304609	harbor2	chr2	228127756	228129055	DNA/TcMar-Tigger	8032	-	650	228128406	23797
chr2	228104609	228304609	harbor2	chr2	228129045	228129369	DNA/TcMar-Tigger	1835	-	162	228129207	24598
chr2	148151022	148351022	harbor2	chr2	148218529	148219446	DNA/TcMar-Tigger	5757	-	458	148218987	67965
chr2	148151022	148351022	harbor2	chr2	148219445	148219545	DNA/TcMar-Tigger	571	-	50	148219495	68473
chr2	148151022	148351022	harbor2	chr2	148234975	148235288	DNA/TcMar-Tigger	1102	-	156	148235131	84109
chr2	148151022	148351022	harbor2	chr2	148235607	148235816	DNA/TcMar-Tigger	1415	-	104	148235711	84689
chr2	148151022	148351022	harbor2	chr2	148236089	148236239	DNA/TcMar-Tigger	1415	-	75	148236164	85142
chr2	148151022	148351022	harbor2	chr2	148236259	148237807	DNA/TcMar-Tigger	9000	-	774	148237033	86011
chr2	141207846	141407846	harbor2	chr2	141212786	141212971	DNA/TcMar-Tigger	1130	-	92	141212878	5032
chr2	141207846	141407846	harbor2	chr2	141213251	141213683	DNA/TcMar-Tigger	2311	-	216	141213467	5621
chr2	141207846	141407846	harbor2	chr2	141213897	141214132	DNA/TcMar-Tigger	738	-	118	141214015	6169
chr2	141207846	141407846	harbor2	chr2	141213684	141213795	DNA/TcMar-Tigger	613	-	56	141213740	5894
chr2	217681055	217881055	harbor2	chr2	217689449	217689530	DNA/TcMar-Tigger	590	-	40	217689489	8434
chr2	217681055	217881055	harbor2	chr2	217707671	217707907	DNA/TcMar-Tigger	419	-	118	217707789	26734
chr2	174735903	174935903	harbor2	chr2	174832707	174833023	DNA/TcMar-Tigger	1757	-	158	174832865	96962
chr2	174735903	174935903	harbor2	chr2	174835023	174835097	DNA/TcMar-Tigger	482	-	37	174835060	99157
chr2	174735903	174935903	harbor2	chr2	174835171	174835246	DNA/TcMar-Tigger	410	-	38	174835209	99306
chr2	192948548	193148548	harbor2	chr2	192949288	192949633	DNA/TcMar-Tigger	2043	-	172	192949460	912
chr2	239618147	239818147	harbor2	chr2	239654058	239655936	DNA/TcMar-Tigger	16504	-	939	239654997	36850
chr2	239618147	239818147	harbor2	chr2	239656237	239657067	DNA/TcMar-Tigger	16504	-	415	239656652	38505
chr2	239618147	239818147	harbor2	chr2	239686535	239686874	DNA/TcMar-Tigger	1910	-	170	239686705	68558
chr2	131964762	132164762	harbor2	chr2	132003822	132003953	DNA/TcMar-Tigger	3353	-	66	132003888	39126
chr2	131964762	132164762	harbor2	chr2	132004259	132005195	DNA/TcMar-Tigger	3353	-	468	132004727	39965
chr2	131964762	132164762	harbor2	chr2	132032820	132033192	DNA/TcMar-Tigger	1660	-	186	132033006	68244
chr2	131964762	132164762	harbor2	chr2	132022115	132022456	DNA/TcMar-Tigger	1570	-	170	132022285	57523
chr2	202939107	203139107	harbor2	chr2	202963355	202963466	DNA/TcMar-Tigger	801	-	56	202963411	24304
chr2	202939107	203139107	harbor2	chr2	202963998	202964173	DNA/TcMar-Tigger	801	-	88	202964086	24979
chr2	225089496	225289496	harbor2	chr2	225180204	225180602	DNA/TcMar-Tigger	2473	-	199	225180403	90907
chr2	225089496	225289496	harbor2	chr2	225180590	225180665	DNA/TcMar-Tigger	444	-	38	225180628	91132
chr2	151993138	152193138	harbor2	chr2	152052050	152052290	DNA/TcMar-Tigger	1526	-	120	152052170	59032
chr2	151993138	152193138	harbor2	chr2	152082403	152082499	DNA/TcMar-Tigger	443	-	48	152082451	89313
chr2	151993138	152193138	harbor2	chr2	152082687	152082837	DNA/TcMar-Tigger	515	-	75	152082762	89624
chr2	151993138	152193138	harbor2	chr2	152082964	152083000	DNA/TcMar-Tigger	515	-	18	152082982	89844
chr2	151993138	152193138	harbor2	chr2	152092735	152093088	DNA/TcMar-Tigger	1781	-	176	152092911	99773
chr2	43066399	43266399	harbor2	chr2	43093124	43093515	DNA/TcMar-Tigger	969	-	196	43093320	26921
chr2	43066399	43266399	harbor2	chr2	43093828	43094092	DNA/TcMar-Tigger	969	-	132	43093960	27561
chr2	43066399	43266399	harbor2	chr2	43141121	43141288	DNA/TcMar-Tigger	930	-	84	43141205	74806
chr2	43066399	43266399	harbor2	chr2	43141855	43141922	DNA/TcMar-Tigger	930	-	34	43141889	75490
chr2	191225204	191425204	harbor2	chr2	191240657	191241083	DNA/TcMar-Tigger	2807	-	213	191240870	15666
chr2	191225204	191425204	harbor2	chr2	191248320	191248715	DNA/TcMar-Tigger	2727	-	198	191248518	23314
chr2	191225204	191425204	harbor2	chr2	191258060	191258620	DNA/TcMar-Tigger	3051	-	280	191258340	33136
chr2	189716195	189916195	harbor2	chr2	189719064	189719239	DNA/TcMar-Tigger	440	-	88	189719152	2957
chr2	189716195	189916195	harbor2	chr2	189779986	189780343	DNA/TcMar-Tigger	2194	-	178	189780164	63969
chr2	189716195	189916195	harbor2	chr2	189797895	189798259	DNA/TcMar-Tigger	1856	-	182	189798077	81882
chr2	189716195	189916195	harbor2	chr2	189802172	189802555	DNA/TcMar-Tigger	1507	-	192	189802364	86169
chr2	138403142	138603142	harbor2	chr2	138415668	138415878	DNA/TcMar-Tigger	1018	-	105	138415773	12631
chr2	138403142	138603142	harbor2	chr2	138439600	138440470	DNA/TcMar-Tigger	4641	-	435	138440035	36893
chr2	137695810	137895810	harbor2	chr2	137706068	137706424	DNA/TcMar-Tigger	1916	-	178	137706246	10436
chr2	205344147	205544147	harbor2	chr2	205410051	205410268	DNA/TcMar-Tigger	1356	-	108	205410159	66012
chr2	205344147	205544147	harbor2	chr2	205430168	205430319	DNA/TcMar-Tigger	858	-	76	205430244	86097
chr2	217835737	218035737	harbor2	chr2	217896669	217897037	DNA/TcMar-Tigger	1059	-	184	217896853	61116
chr2	80661486	80861486	harbor2	chr2	80680303	80680951	DNA/TcMar-Tigger	2975	-	324	80680627	19141
chr2	80661486	80861486	harbor2	chr2	80683327	80683497	DNA/TcMar-Tigger	1107	-	85	80683412	21926
chr2	73432808	73632808	harbor2	chr2	73476829	73477026	DNA/TcMar-Tigger	890	-	98	73476927	44119
chr2	73432808	73632808	harbor2	chr2	73497452	73497625	DNA/TcMar-Tigger	1018	-	86	73497538	64730
chr2	73432808	73632808	harbor2	chr2	73497947	73498262	DNA/TcMar-Tigger	1797	-	158	73498105	65297
chr2	148756488	148956488	harbor2	chr2	148768192	148768363	DNA/TcMar-Tigger	499	-	86	148768278	11790
chr2	76765084	76965084	harbor2	chr2	76773984	76774178	DNA/TcMar-Tigger	8683	-	97	76774081	8997
chr2	76765084	76965084	harbor2	chr2	76781759	76782456	DNA/TcMar-Tigger	4151	-	348	76782107	17023
chr2	76765084	76965084	harbor2	chr2	76782456	76782808	DNA/TcMar-Tigger	1144	-	176	76782632	17548
chr2	76765084	76965084	harbor2	chr2	76842447	76842671	DNA/TcMar-Tigger	1347	-	112	76842559	77475
chr2	76765084	76965084	harbor2	chr2	76774490	76775749	DNA/TcMar-Tigger	8683	-	630	76775120	10036
chr2	235997299	236197299	harbor2	chr2	236000195	236000405	DNA/TcMar-Tigger	1008	-	105	236000300	3001
chr2	152751904	152951904	harbor2	chr2	152758042	152758372	DNA/TcMar-Tigger	1438	-	165	152758207	6303
chr2	152751904	152951904	harbor2	chr2	152771581	152771597	DNA/TcMar-Tigger	978	-	8	152771589	19685
chr2	152751904	152951904	harbor2	chr2	152771627	152771782	DNA/TcMar-Tigger	978	-	78	152771705	19801
chr2	152751904	152951904	harbor2	chr2	152794840	152794979	DNA/TcMar-Tigger	912	-	70	152794910	43006
chr2	152751904	152951904	harbor2	chr2	152795271	152795350	DNA/TcMar-Tigger	912	-	40	152795311	43407
chr2	181856323	182056323	harbor2	chr2	181883764	181884067	DNA/TcMar-Tigger	1491	-	152	181883916	27593
chr2	181856323	182056323	harbor2	chr2	181923239	181923392	DNA/TcMar-Tigger	649	-	76	181923315	66992
chr2	181856323	182056323	harbor2	chr2	181944727	181945374	DNA/TcMar-Tigger	3340	-	324	181945051	88728
chr2	181856323	182056323	harbor2	chr2	181946790	181947240	DNA/TcMar-Tigger	2817	-	225	181947015	90692
chr2	178194991	178394991	harbor2	chr2	178197457	178197759	DNA/TcMar-Tigger	1642	-	151	178197608	2617
chr3	157350228	157550228	harbor2	chr3	157360522	157360844	DNA/TcMar-Tigger	1682	-	161	157360683	10455
chr3	157350228	157550228	harbor2	chr3	157388959	157389584	DNA/TcMar-Tigger	2784	-	312	157389271	39043
chr3	159804571	160004571	harbor2	chr3	159821426	159822133	DNA/TcMar-Tigger	4573	-	354	159821780	17209
chr3	159804571	160004571	harbor2	chr3	159831375	159831902	DNA/TcMar-Tigger	3125	-	264	159831639	27068
chr3	176067346	176267346	harbor2	chr3	176085314	176085699	DNA/TcMar-Tigger	12437	-	192	176085506	18160
chr3	176067346	176267346	harbor2	chr3	176086001	176087894	DNA/TcMar-Tigger	12437	-	946	176086947	19601
chr3	176067346	176267346	harbor2	chr3	176152650	176153042	DNA/TcMar-Tigger	529	-	196	176152846	85500
chr3	176067346	176267346	harbor2	chr3	176157027	176157157	DNA/TcMar-Tigger	914	-	65	176157092	89746
chr3	107716305	107916305	harbor2	chr3	107737829	107737884	DNA/TcMar-Tigger	937	-	28	107737857	21552
chr3	107716305	107916305	harbor2	chr3	107737915	107738073	DNA/TcMar-Tigger	937	-	79	107737994	21689
chr3	107716305	107916305	harbor2	chr3	107741996	107742396	DNA/TcMar-Tigger	397	-	200	107742196	25891
chr3	107716305	107916305	harbor2	chr3	107771432	107771758	DNA/TcMar-Tigger	671	-	163	107771595	55290
chr3	175369911	175569911	harbor2	chr3	175394662	175395385	DNA/TcMar-Tigger	3656	-	362	175395024	25113
chr3	175369911	175569911	harbor2	chr3	175401443	175401768	DNA/TcMar-Tigger	1641	-	162	175401605	31694
chr3	114928816	115128816	harbor2	chr3	114950302	114950552	DNA/TcMar-Tigger	651	-	125	114950427	21611
chr3	114928816	115128816	harbor2	chr3	114950136	114950269	DNA/TcMar-Tigger	679	-	66	114950202	21386
chr3	198026190	198226190	harbor2	chr3	198091115	198091403	DNA/TcMar-Tigger	990	-	144	198091259	65069
chr3	198026190	198226190	harbor2	chr3	198113159	198113337	DNA/TcMar-Tigger	489	-	89	198113248	87058
chr3	186053468	186253468	harbor2	chr3	186115117	186115480	DNA/TcMar-Tigger	752	-	182	186115299	61831
chr3	158110215	158310215	harbor2	chr3	158130435	158130763	DNA/TcMar-Tigger	1748	-	164	158130599	20384
chr3	158110215	158310215	harbor2	chr3	158154025	158154468	DNA/TcMar-Tigger	15468	-	222	158154247	44032
chr3	158110215	158310215	harbor2	chr3	158154762	158155431	DNA/TcMar-Tigger	15468	-	334	158155096	44881
chr3	158110215	158310215	harbor2	chr3	158155743	158157050	DNA/TcMar-Tigger	15468	-	654	158156397	46182
chr3	158110215	158310215	harbor2	chr3	158202316	158202515	DNA/TcMar-Tigger	1215	-	100	158202416	92201
chr3	196283785	196483785	harbor2	chr3	196332630	196332714	DNA/TcMar-Tigger	508	-	42	196332672	48887
chr3	196283785	196483785	harbor2	chr3	196332716	196332801	DNA/TcMar-Tigger	439	-	42	196332758	48973
chr3	196283785	196483785	harbor2	chr3	196333233	196333316	DNA/TcMar-Tigger	411	-	42	196333275	49490
chr3	196283785	196483785	harbor2	chr3	196333317	196333554	DNA/TcMar-Tigger	1318	-	118	196333435	49650
chr3	151071040	151271040	harbor2	chr3	151149290	151151031	DNA/TcMar-Tigger	13496	-	870	151150160	79120
chr3	151071040	151271040	harbor2	chr3	151151337	151151930	DNA/TcMar-Tigger	13496	-	296	151151633	80593
chr3	138051657	138251657	harbor2	chr3	138092729	138094376	DNA/TcMar-Tigger	9716	-	824	138093553	41896
chr3	138051657	138251657	harbor2	chr3	138105387	138105725	DNA/TcMar-Tigger	2102	-	169	138105556	53899
chr3	194279864	194479864	harbor2	chr3	194328754	194329183	DNA/TcMar-Tigger	395	-	214	194328968	49104
chr3	194279864	194479864	harbor2	chr3	194330034	194330108	DNA/TcMar-Tigger	403	-	37	194330071	50207
chr3	187273367	187473367	harbor2	chr3	187353665	187354104	DNA/TcMar-Tigger	2588	-	220	187353885	80518
chr3	150526410	150726410	harbor2	chr3	150530043	150530405	DNA/TcMar-Tigger	1490	-	181	150530224	3814
chr3	150526410	150726410	harbor2	chr3	150580297	150580504	DNA/TcMar-Tigger	813	-	104	150580401	53991
chr3	150526410	150726410	harbor2	chr3	150580512	150581015	DNA/TcMar-Tigger	2626	-	252	150580764	54354
chr3	89942464	90142464	harbor2	chr3	89957530	89957829	DNA/TcMar-Tigger	609	-	150	89957680	15216
chr3	89942464	90142464	harbor2	chr3	90011806	90012229	DNA/TcMar-Tigger	2406	-	212	90012018	69554
chr3	168263475	168463475	harbor2	chr3	168323330	168323708	DNA/TcMar-Tigger	1590	-	189	168323519	60044
chr3	168263475	168463475	harbor2	chr3	168323707	168324235	DNA/TcMar-Tigger	3081	-	264	168323971	60496
chr3	129380109	129580109	harbor2	chr3	129455610	129455898	DNA/TcMar-Tigger	1947	-	144	129455754	75645
chr3	129380109	129580109	harbor2	chr3	129455933	129456030	DNA/TcMar-Tigger	1947	-	48	129455981	75872
chr3	26115753	26315753	harbor2	chr3	26180410	26180690	DNA/TcMar-Tigger	429	-	140	26180550	64797
chr3	145842706	146042706	harbor2	chr3	145862639	145862851	DNA/TcMar-Tigger	938	-	106	145862745	20039
chr3	145842706	146042706	harbor2	chr3	145862852	145863098	DNA/TcMar-Tigger	413	-	123	145862975	20269
chr3	145842706	146042706	harbor2	chr3	145938933	145939012	DNA/TcMar-Tigger	1104	-	40	145938973	96267
chr3	145842706	146042706	harbor2	chr3	145939056	145939604	DNA/TcMar-Tigger	1104	-	274	145939330	96624
chr3	165833534	166033534	harbor2	chr3	165833267	165833580	DNA/TcMar-Tigger	1491	-	156	165833423	111
chr3	165833534	166033534	harbor2	chr3	165926016	165926552	DNA/TcMar-Tigger	2256	-	268	165926284	92750
chr3	174557268	174757268	harbor2	chr3	174622452	174622758	DNA/TcMar-Tigger	1703	-	153	174622605	65337
chr3	174557268	174757268	harbor2	chr3	174623052	174623712	DNA/TcMar-Tigger	3037	-	330	174623382	66114
chr3	174557268	174757268	harbor2	chr3	174644231	174644558	DNA/TcMar-Tigger	1610	-	164	174644395	87127
chr3	137121287	137321287	harbor2	chr3	137127105	137127291	DNA/TcMar-Tigger	501	-	93	137127198	5911
chr3	186785198	186985198	harbor2	chr3	186816826	186817089	DNA/TcMar-Tigger	1958	-	132	186816958	31760
chr3	186785198	186985198	harbor2	chr3	186817399	186817479	DNA/TcMar-Tigger	1958	-	40	186817439	32241
chr3	186785198	186985198	harbor2	chr3	186833076	186833273	DNA/TcMar-Tigger	1083	-	98	186833174	47976
chr3	186785198	186985198	harbor2	chr3	186882615	186883069	DNA/TcMar-Tigger	2566	-	227	186882842	97644
chr3	186785198	186985198	harbor2	chr3	186883370	186883495	DNA/TcMar-Tigger	2566	-	62	186883432	98234
chr3	197809322	198009322	harbor2	chr3	197815243	197815550	DNA/TcMar-Tigger	1382	-	154	197815397	6075
chr3	115871018	116071018	harbor2	chr3	115895734	115896157	DNA/TcMar-Tigger	631	-	212	115895946	24928
chr3	141405871	141605871	harbor2	chr3	141479621	141480004	DNA/TcMar-Tigger	462	-	192	141479813	73942
chr3	138510963	138710963	harbor2	chr3	138511885	138512012	DNA/TcMar-Tigger	406	-	64	138511949	986
chr3	138510963	138710963	harbor2	chr3	138515078	138515720	DNA/TcMar-Tigger	3025	-	321	138515399	4436
chr3	138510963	138710963	harbor2	chr3	138547256	138547986	DNA/TcMar-Tigger	4365	-	365	138547621	36658
chr3	138510963	138710963	harbor2	chr3	138570606	138570821	DNA/TcMar-Tigger	1414	-	108	138570714	59751
chr3	138510963	138710963	harbor2	chr3	138578035	138578153	DNA/TcMar-Tigger	513	-	59	138578094	67131
chr3	119051027	119251027	harbor2	chr3	119099824	119099919	DNA/TcMar-Tigger	510	-	48	119099872	48845
chr3	119051027	119251027	harbor2	chr3	119099918	119100178	DNA/TcMar-Tigger	1560	-	130	119100048	49021
chr3	119051027	119251027	harbor2	chr3	119148639	119149755	DNA/TcMar-Tigger	6058	-	558	119149197	98170
chr3	83733080	83933080	harbor2	chr3	83786066	83786708	DNA/TcMar-Tigger	2207	-	321	83786387	53307
chr3	83733080	83933080	harbor2	chr3	83800961	83801802	DNA/TcMar-Tigger	12071	-	420	83801381	68301
chr3	83733080	83933080	harbor2	chr3	83802108	83803311	DNA/TcMar-Tigger	12071	-	602	83802710	69630
chr3	83733080	83933080	harbor2	chr3	83825510	83825764	DNA/TcMar-Tigger	766	-	127	83825637	92557
chr3	176116167	176316167	harbor2	chr3	176152650	176153042	DNA/TcMar-Tigger	529	-	196	176152846	36679
chr3	176116167	176316167	harbor2	chr3	176157027	176157157	DNA/TcMar-Tigger	914	-	65	176157092	40925
chr3	176116167	176316167	harbor2	chr3	176183426	176183745	DNA/TcMar-Tigger	1202	-	160	176183586	67419
chr3	170366424	170566424	harbor2	chr3	170376536	170376577	DNA/TcMar-Tigger	579	-	20	170376556	10132
chr3	170366424	170566424	harbor2	chr3	170376880	170377157	DNA/TcMar-Tigger	579	-	138	170377018	10594
chr3	188647536	188847536	harbor2	chr3	188679722	188679872	DNA/TcMar-Tigger	410	-	75	188679797	32261
chr3	188647536	188847536	harbor2	chr3	188742866	188743307	DNA/TcMar-Tigger	640	-	220	188743086	95550
chr3	118156705	118356705	harbor2	chr3	118188863	118189562	DNA/TcMar-Tigger	3499	-	350	118189213	32508
chr3	118156705	118356705	harbor2	chr3	118190760	118190827	DNA/TcMar-Tigger	431	-	34	118190794	34089
chr3	118156705	118356705	harbor2	chr3	118190820	118190923	DNA/TcMar-Tigger	437	-	52	118190872	34167
chr3	118156705	118356705	harbor2	chr3	118191009	118191139	DNA/TcMar-Tigger	604	-	65	118191074	34369
chr3	104312672	104512672	harbor2	chr3	104339842	104342098	DNA/TcMar-Tigger	12445	-	1128	104340970	28298
chr3	104312672	104512672	harbor2	chr3	104353617	104353937	DNA/TcMar-Tigger	1721	-	160	104353777	41105
chr3	191350027	191550027	harbor2	chr3	191354740	191355050	DNA/TcMar-Tigger	838	-	155	191354895	4868
chr3	191350027	191550027	harbor2	chr3	191365866	191366004	DNA/TcMar-Tigger	879	-	69	191365935	15908
chr3	146521192	146721192	harbor2	chr3	146564060	146564387	DNA/TcMar-Tigger	1503	-	164	146564224	43032
chr3	156431661	156631661	harbor2	chr3	156466937	156467321	DNA/TcMar-Tigger	2112	-	192	156467129	35468
chr3	142314744	142514744	harbor2	chr3	142346219	142346485	DNA/TcMar-Tigger	1879	-	133	142346352	31608
chr3	142314744	142514744	harbor2	chr3	142346781	142346853	DNA/TcMar-Tigger	1879	-	36	142346817	32073
chr3	142314744	142514744	harbor2	chr3	142387502	142387658	DNA/TcMar-Tigger	791	-	78	142387580	72836
chr3	142314744	142514744	harbor2	chr3	142388082	142388100	DNA/TcMar-Tigger	3021	-	9	142388091	73347
chr3	142314744	142514744	harbor2	chr3	142388511	142388925	DNA/TcMar-Tigger	13315	-	207	142388718	73974
chr3	142314744	142514744	harbor2	chr3	142389234	142389541	DNA/TcMar-Tigger	13315	-	154	142389388	74644
chr3	142314744	142514744	harbor2	chr3	142389820	142391289	DNA/TcMar-Tigger	13315	-	734	142390554	75810
chr3	142314744	142514744	harbor2	chr3	142406463	142406528	DNA/TcMar-Tigger	3967	-	32	142406495	91751
chr3	142314744	142514744	harbor2	chr3	142406803	142407327	DNA/TcMar-Tigger	3967	-	262	142407065	92321
chr3	142314744	142514744	harbor2	chr3	142407771	142408586	DNA/TcMar-Tigger	4930	-	408	142408179	93435
chr3	85078702	85278702	harbor2	chr3	85098644	85098880	DNA/TcMar-Tigger	1211	-	118	85098762	20060
chr3	85078702	85278702	harbor2	chr3	85124645	85124959	DNA/TcMar-Tigger	1269	-	157	85124802	46100
chr3	85078702	85278702	harbor2	chr3	85148582	85148992	DNA/TcMar-Tigger	2000	-	205	85148787	70085
chr3	125027321	125227321	harbor2	chr3	125070391	125071459	DNA/TcMar-Tigger	6497	-	534	125070925	43604
chr3	125027321	125227321	harbor2	chr3	125071770	125072069	DNA/TcMar-Tigger	6497	-	150	125071920	44599
chr3	125027321	125227321	harbor2	chr3	125113968	125114167	DNA/TcMar-Tigger	405	-	100	125114068	86747
chr3	187042236	187242236	harbor2	chr3	187108657	187108877	DNA/TcMar-Tigger	1316	-	110	187108767	66531
chr3	187042236	187242236	harbor2	chr3	187109186	187109277	DNA/TcMar-Tigger	1316	-	46	187109232	66996
chr3	187042236	187242236	harbor2	chr3	187119105	187119414	DNA/TcMar-Tigger	1119	-	154	187119259	77023
chr3	141073010	141273010	harbor2	chr3	141101729	141102006	DNA/TcMar-Tigger	727	-	138	141101867	28857
chr3	141073010	141273010	harbor2	chr3	141150738	141151035	DNA/TcMar-Tigger	467	-	148	141150886	77876
chr3	184956312	185156312	harbor2	chr3	185009487	185009568	DNA/TcMar-Tigger	471	-	40	185009527	53215
chr3	184956312	185156312	harbor2	chr3	185019854	185020002	DNA/TcMar-Tigger	626	-	74	185019928	63616
chr3	113641073	113841073	harbor2	chr3	113701081	113701194	DNA/TcMar-Tigger	638	-	56	113701137	60064
chr3	113641073	113841073	harbor2	chr3	113701764	113701929	DNA/TcMar-Tigger	2796	-	82	113701846	60773
chr3	113641073	113841073	harbor2	chr3	113702224	113702456	DNA/TcMar-Tigger	2796	-	116	113702340	61267
chr3	113641073	113841073	harbor2	chr3	113703066	113703090	DNA/TcMar-Tigger	2796	-	12	113703078	62005
chr3	113641073	113841073	harbor2	chr3	113703393	113703466	DNA/TcMar-Tigger	2796	-	36	113703429	62356
chr3	113641073	113841073	harbor2	chr3	113705448	113706739	DNA/TcMar-Tigger	8455	-	646	113706094	65021
chr3	113641073	113841073	harbor2	chr3	113709020	113709203	DNA/TcMar-Tigger	1106	-	92	113709112	68039
chr3	134613723	134813723	harbor2	chr3	134697550	134697962	DNA/TcMar-Tigger	643	-	206	134697756	84033
chr3	115309506	115509506	harbor2	chr3	115354494	115354610	DNA/TcMar-Tigger	698	-	58	115354552	45046
chr3	115309506	115509506	harbor2	chr3	115356874	115359228	DNA/TcMar-Tigger	12723	-	1177	115358051	48545
chr3	193279023	193479023	harbor2	chr3	193294698	193295070	DNA/TcMar-Tigger	1863	-	186	193294884	15861
chr3	193279023	193479023	harbor2	chr3	193317834	193318035	DNA/TcMar-Tigger	499	-	100	193317934	38911
chr3	175748277	175948277	harbor2	chr3	175762728	175762803	DNA/TcMar-Tigger	704	-	38	175762766	14489
chr3	175748277	175948277	harbor2	chr3	175763122	175763430	DNA/TcMar-Tigger	704	-	154	175763276	14999
chr3	175748277	175948277	harbor2	chr3	175763463	175763636	DNA/TcMar-Tigger	586	-	86	175763549	15272
chr3	175748277	175948277	harbor2	chr3	175790471	175790956	DNA/TcMar-Tigger	1119	-	242	175790713	42436
chr3	175748277	175948277	harbor2	chr3	175817711	175817907	DNA/TcMar-Tigger	5455	-	98	175817809	69532
chr3	175748277	175948277	harbor2	chr3	175818197	175818917	DNA/TcMar-Tigger	5455	-	360	175818557	70280
chr3	175748277	175948277	harbor2	chr3	175819486	175821009	DNA/TcMar-Tigger	8613	-	762	175820248	71971
chr3	168884260	169084260	harbor2	chr3	168935602	168937257	DNA/TcMar-Tigger	10484	-	828	168936430	52170
chr3	168884260	169084260	harbor2	chr3	168937300	168937390	DNA/TcMar-Tigger	3359	-	45	168937345	53085
chr3	168884260	169084260	harbor2	chr3	168937499	168937964	DNA/TcMar-Tigger	3359	-	232	168937731	53471
chr3	168884260	169084260	harbor2	chr3	168940569	168940775	DNA/TcMar-Tigger	1096	-	103	168940672	56412
chr3	168884260	169084260	harbor2	chr3	168958308	168958610	DNA/TcMar-Tigger	975	-	151	168958459	74199
chr3	168884260	169084260	harbor2	chr3	168979983	168980431	DNA/TcMar-Tigger	2181	-	224	168980207	95947
chr3	111715251	111915251	harbor2	chr3	111786053	111786381	DNA/TcMar-Tigger	1985	-	164	111786217	70966
chr3	193604971	193804971	harbor2	chr3	193703771	193704134	DNA/TcMar-Tigger	2282	-	182	193703953	98982
chr3	50719379	50919379	harbor2	chr3	50725980	50726271	DNA/TcMar-Tigger	1413	-	146	50726126	6747
chr3	50719379	50919379	harbor2	chr3	50762970	50763050	DNA/TcMar-Tigger	423	-	40	50763010	43631
chr3	50719379	50919379	harbor2	chr3	50763098	50763193	DNA/TcMar-Tigger	463	-	48	50763146	43767
chr3	50719379	50919379	harbor2	chr3	50813172	50813257	DNA/TcMar-Tigger	449	-	42	50813214	93835
chr3	50719379	50919379	harbor2	chr3	50813616	50813712	DNA/TcMar-Tigger	584	-	48	50813664	94285
chr3	133058622	133258622	harbor2	chr3	133074312	133074489	DNA/TcMar-Tigger	1338	-	88	133074400	15778
chr3	133058622	133258622	harbor2	chr3	133074789	133074937	DNA/TcMar-Tigger	1338	-	74	133074863	16241
chr3	133058622	133258622	harbor2	chr3	133101677	133102318	DNA/TcMar-Tigger	1705	-	320	133101997	43375
chr3	133058622	133258622	harbor2	chr3	133112810	133113401	DNA/TcMar-Tigger	2652	-	296	133113106	54484
chr3	133058622	133258622	harbor2	chr3	133126694	133126898	DNA/TcMar-Tigger	1371	-	102	133126796	68174
chr3	173224997	173424997	harbor2	chr3	173230432	173231145	DNA/TcMar-Tigger	3842	-	356	173230788	5791
chr3	173224997	173424997	harbor2	chr3	173227481	173229985	DNA/TcMar-Tigger	13566	-	1252	173228733	3736
chr3	169648746	169848746	harbor2	chr3	169709010	169709252	DNA/TcMar-Tigger	1538	-	121	169709131	60385
chr3	178590644	178790644	harbor2	chr3	178666866	178667051	DNA/TcMar-Tigger	1035	-	92	178666958	76314
chr3	149199458	149399458	harbor2	chr3	149222226	149222566	DNA/TcMar-Tigger	2029	-	170	149222396	22938
chr3	149199458	149399458	harbor2	chr3	149299099	149299807	DNA/TcMar-Tigger	1091	-	354	149299453	99995
chr3	173403692	173603692	harbor2	chr3	173452763	173453083	DNA/TcMar-Tigger	1832	-	160	173452923	49231
chr3	173403692	173603692	harbor2	chr3	173453389	173455124	DNA/TcMar-Tigger	8197	-	868	173454257	50565
chr3	173403692	173603692	harbor2	chr3	173455481	173455702	DNA/TcMar-Tigger	2808	-	110	173455591	51899
chr3	173403692	173603692	harbor2	chr3	173466808	173466962	DNA/TcMar-Tigger	494	-	77	173466885	63193
chr3	173403692	173603692	harbor2	chr3	173439551	173441884	DNA/TcMar-Tigger	13589	-	1166	173440717	37025
chr3	186072416	186272416	harbor2	chr3	186115117	186115480	DNA/TcMar-Tigger	752	-	182	186115299	42883
chr3	186072416	186272416	harbor2	chr3	186171380	186171713	DNA/TcMar-Tigger	1704	-	166	186171546	99130
chr3	42417874	42617874	harbor2	chr3	42458033	42460512	DNA/TcMar-Tigger	16102	-	1240	42459273	41399
chr3	149640932	149840932	harbor2	chr3	149734299	149734395	DNA/TcMar-Tigger	574	-	48	149734347	93415
chr3	149640932	149840932	harbor2	chr3	149734551	149734661	DNA/TcMar-Tigger	612	-	55	149734606	93674
chr3	197100462	197300462	harbor2	chr3	197127726	197130157	DNA/TcMar-Tigger	14462	-	1216	197128942	28480
chr3	197100462	197300462	harbor2	chr3	197190300	197190548	DNA/TcMar-Tigger	843	-	124	197190424	89962
chr3	103056839	103256839	harbor2	chr3	103067611	103067830	DNA/TcMar-Tigger	1117	-	110	103067721	10882
chr3	103056839	103256839	harbor2	chr3	103081179	103081399	DNA/TcMar-Tigger	1064	-	110	103081289	24450
chr3	103056839	103256839	harbor2	chr3	103150084	103152864	DNA/TcMar-Tigger	13894	-	1390	103151474	94635
chr3	173847773	174047773	harbor2	chr3	173880409	173881089	DNA/TcMar-Tigger	11394	-	340	173880749	32976
chr3	173847773	174047773	harbor2	chr3	173881397	173881419	DNA/TcMar-Tigger	11394	-	11	173881408	33635
chr3	173847773	174047773	harbor2	chr3	173881697	173883001	DNA/TcMar-Tigger	11394	-	652	173882349	34576
chr3	173847773	174047773	harbor2	chr3	173888216	173888526	DNA/TcMar-Tigger	1392	-	155	173888371	40598
chr3	173847773	174047773	harbor2	chr3	173882988	173883635	DNA/TcMar-Tigger	3424	-	324	173883312	35539
chr3	159740595	159940595	harbor2	chr3	159761712	159761935	DNA/TcMar-Tigger	483	-	112	159761824	21229
chr3	159740595	159940595	harbor2	chr3	159801016	159801240	DNA/TcMar-Tigger	617	-	112	159801128	60533
chr3	159740595	159940595	harbor2	chr3	159821426	159822133	DNA/TcMar-Tigger	4573	-	354	159821780	81185
chr3	159740595	159940595	harbor2	chr3	159831375	159831902	DNA/TcMar-Tigger	3125	-	264	159831639	91044
chr3	198057526	198257526	harbor2	chr3	198091115	198091403	DNA/TcMar-Tigger	990	-	144	198091259	33733
chr3	198057526	198257526	harbor2	chr3	198113159	198113337	DNA/TcMar-Tigger	489	-	89	198113248	55722
chr3	114185871	114385871	harbor2	chr3	114283990	114286543	DNA/TcMar-Tigger	14200	-	1276	114285266	99395
chr3	156753933	156953933	harbor2	chr3	156767117	156767373	DNA/TcMar-Tigger	1543	-	128	156767245	13312
chr3	156753933	156953933	harbor2	chr3	156767434	156767486	DNA/TcMar-Tigger	1543	-	26	156767460	13527
chr3	102504874	102704874	harbor2	chr3	102545954	102546415	DNA/TcMar-Tigger	727	-	230	102546184	41310
chr3	174156561	174356561	harbor2	chr3	174186895	174187218	DNA/TcMar-Tigger	1102	-	162	174187057	30496
chr3	174156561	174356561	harbor2	chr3	174188993	174189098	DNA/TcMar-Tigger	411	-	52	174189045	32484
chr3	109314596	109514596	harbor2	chr3	109365335	109365820	DNA/TcMar-Tigger	3366	-	242	109365577	50981
chr3	109314596	109514596	harbor2	chr3	109365969	109366589	DNA/TcMar-Tigger	3614	-	310	109366279	51683
chr3	109314596	109514596	harbor2	chr3	109375438	109375669	DNA/TcMar-Tigger	411	-	116	109375554	60958
chr3	165847588	166047588	harbor2	chr3	165926016	165926552	DNA/TcMar-Tigger	2256	-	268	165926284	78696
chr3	167548222	167748222	harbor2	chr3	167555783	167556117	DNA/TcMar-Tigger	2070	-	167	167555950	7728
chr3	167548222	167748222	harbor2	chr3	167566574	167568944	DNA/TcMar-Tigger	15711	-	1185	167567759	19537
chr3	167548222	167748222	harbor2	chr3	167569242	167569548	DNA/TcMar-Tigger	15711	-	153	167569395	21173
chr3	167548222	167748222	harbor2	chr3	167630656	167631053	DNA/TcMar-Tigger	2279	-	198	167630854	82632
chr3	167548222	167748222	harbor2	chr3	167631324	167631560	DNA/TcMar-Tigger	1299	-	118	167631442	83220
chr3	150399199	150599199	harbor2	chr3	150471320	150471971	DNA/TcMar-Tigger	6771	-	326	150471646	72447
chr3	150399199	150599199	harbor2	chr3	150496455	150496637	DNA/TcMar-Tigger	744	-	91	150496546	97347
chr3	150399199	150599199	harbor2	chr3	150497032	150497426	DNA/TcMar-Tigger	2239	-	197	150497229	98030
chr3	150399199	150599199	harbor2	chr3	150470254	150470730	DNA/TcMar-Tigger	6771	-	238	150470492	71293
chr3	179731060	179931060	harbor2	chr3	179805340	179805537	DNA/TcMar-Tigger	1173	-	98	179805438	74378
chr3	157929982	158129982	harbor2	chr3	158007854	158007940	DNA/TcMar-Tigger	503	-	43	158007897	77915
chr3	181791604	181991604	harbor2	chr3	181858408	181858598	DNA/TcMar-Tigger	1373	-	95	181858503	66899
chr3	181791604	181991604	harbor2	chr3	181858873	181859029	DNA/TcMar-Tigger	1373	-	78	181858951	67347
chr3	181791604	181991604	harbor2	chr3	181883929	181884776	DNA/TcMar-Tigger	5003	-	424	181884353	92749
chr3	115948689	116148689	harbor2	chr3	115973306	115973450	DNA/TcMar-Tigger	1682	-	72	115973378	24689
chr3	115948689	116148689	harbor2	chr3	115973746	115973949	DNA/TcMar-Tigger	1682	-	102	115973848	25159
chr3	95925212	96125212	harbor2	chr3	95933567	95933806	DNA/TcMar-Tigger	865	-	120	95933687	8475
chr3	182004530	182204530	harbor2	chr3	182040198	182041380	DNA/TcMar-Tigger	6412	-	591	182040789	36259
chr3	182004530	182204530	harbor2	chr3	182076983	182077583	DNA/TcMar-Tigger	1078	-	300	182077283	72753
chr3	182004530	182204530	harbor2	chr3	182100361	182102721	DNA/TcMar-Tigger	14266	-	1180	182101541	97011
chr3	168725440	168925440	harbor2	chr3	168737461	168737800	DNA/TcMar-Tigger	1370	-	170	168737631	12191
chr3	168725440	168925440	harbor2	chr3	168738200	168738277	DNA/TcMar-Tigger	426	-	38	168738238	12798
chr3	160681626	160881626	harbor2	chr3	160685919	160686177	DNA/TcMar-Tigger	1684	-	129	160686048	4422
chr3	158289550	158489550	harbor2	chr3	158355773	158355893	DNA/TcMar-Tigger	401	-	60	158355833	66283
chr3	158289550	158489550	harbor2	chr3	158355920	158356171	DNA/TcMar-Tigger	1383	-	126	158356046	66496
chr3	158289550	158489550	harbor2	chr3	158362888	158363061	DNA/TcMar-Tigger	430	-	86	158362974	73424
chr3	158289550	158489550	harbor2	chr3	158363577	158363778	DNA/TcMar-Tigger	443	-	100	158363677	74127
chr3	158289550	158489550	harbor2	chr3	158381507	158382559	DNA/TcMar-Tigger	5729	-	526	158382033	92483
chr3	124459021	124659021	harbor2	chr3	124494434	124494672	DNA/TcMar-Tigger	837	-	119	124494553	35532
chr3	124459021	124659021	harbor2	chr3	124517121	124517830	DNA/TcMar-Tigger	1363	-	354	124517475	58454
chr3	81566951	81766951	harbor2	chr3	81599437	81599692	DNA/TcMar-Tigger	1446	-	128	81599565	32614
chr3	81566951	81766951	harbor2	chr3	81632721	81632985	DNA/TcMar-Tigger	630	-	132	81632853	65902
chr3	81566951	81766951	harbor2	chr3	81636951	81637292	DNA/TcMar-Tigger	1965	-	170	81637121	70170
chr3	81566951	81766951	harbor2	chr3	81637303	81637417	DNA/TcMar-Tigger	622	-	57	81637360	70409
chr3	179747648	179947648	harbor2	chr3	179805340	179805537	DNA/TcMar-Tigger	1173	-	98	179805438	57790
chr3	14648385	14848385	harbor2	chr3	14730949	14731060	DNA/TcMar-Tigger	705	-	56	14731005	82620
chr3	14648385	14848385	harbor2	chr3	14737343	14738164	DNA/TcMar-Tigger	15635	-	410	14737753	89368
chr3	14648385	14848385	harbor2	chr3	14739090	14740659	DNA/TcMar-Tigger	15635	-	784	14739874	91489
chr3	154694415	154894415	harbor2	chr3	154704494	154704846	DNA/TcMar-Tigger	1846	-	176	154704670	10255
chr3	154694415	154894415	harbor2	chr3	154746211	154746289	DNA/TcMar-Tigger	419	-	39	154746250	51835
chr3	189896620	190096620	harbor2	chr3	189930753	189931085	DNA/TcMar-Tigger	1429	-	166	189930919	34299
chr3	149677721	149877721	harbor2	chr3	149734299	149734395	DNA/TcMar-Tigger	574	-	48	149734347	56626
chr3	149677721	149877721	harbor2	chr3	149734551	149734661	DNA/TcMar-Tigger	612	-	55	149734606	56885
chr3	149677721	149877721	harbor2	chr3	149769477	149769819	DNA/TcMar-Tigger	1841	-	171	149769648	91927
chr3	150858506	151058506	harbor2	chr3	150886906	150887442	DNA/TcMar-Tigger	3047	-	268	150887174	28668
chr3	130950921	131150921	harbor2	chr3	130973408	130973509	DNA/TcMar-Tigger	545	-	50	130973458	22537
chr3	130950921	131150921	harbor2	chr3	130973505	130973750	DNA/TcMar-Tigger	1299	-	122	130973627	22706
chr3	184163860	184363860	harbor2	chr3	184217478	184217510	DNA/TcMar-Tigger	760	-	16	184217494	53634
chr3	184163860	184363860	harbor2	chr3	184217824	184217897	DNA/TcMar-Tigger	760	-	36	184217860	54000
chr3	184163860	184363860	harbor2	chr3	184218220	184218396	DNA/TcMar-Tigger	760	-	88	184218308	54448
chr3	52564304	52764304	harbor2	chr3	52619239	52619569	DNA/TcMar-Tigger	1775	-	165	52619404	55100
chr3	52564304	52764304	harbor2	chr3	52645063	52645317	DNA/TcMar-Tigger	1342	-	127	52645190	80886
chr3	52564304	52764304	harbor2	chr3	52645462	52645927	DNA/TcMar-Tigger	2447	-	232	52645694	81390
chr3	120593500	120793500	harbor2	chr3	120606309	120606618	DNA/TcMar-Tigger	1381	-	154	120606463	12963
chr3	191945779	192145779	harbor2	chr3	191987252	191987451	DNA/TcMar-Tigger	1072	-	100	191987352	41573
chr3	137762873	137962873	harbor2	chr3	137790515	137790825	DNA/TcMar-Tigger	511	-	155	137790670	27797
chr3	137762873	137962873	harbor2	chr3	137838703	137838794	DNA/TcMar-Tigger	473	-	46	137838749	75876
chr3	137762873	137962873	harbor2	chr3	137839689	137839773	DNA/TcMar-Tigger	1103	-	42	137839731	76858
chr3	137762873	137962873	harbor2	chr3	137840122	137840362	DNA/TcMar-Tigger	1103	-	120	137840242	77369
chr3	172192277	172392277	harbor2	chr3	172199539	172200002	DNA/TcMar-Tigger	4897	-	232	172199771	7494
chr3	172192277	172392277	harbor2	chr3	172200035	172200381	DNA/TcMar-Tigger	4897	-	173	172200208	7931
chr3	189000753	189200753	harbor2	chr3	189047188	189048615	DNA/TcMar-Tigger	8200	-	714	189047902	47149
chr3	189000753	189200753	harbor2	chr3	189053090	189053299	DNA/TcMar-Tigger	3922	-	104	189053194	52441
chr3	189000753	189200753	harbor2	chr3	189053782	189054369	DNA/TcMar-Tigger	3922	-	294	189054076	53323
chr3	189000753	189200753	harbor2	chr3	189054794	189055023	DNA/TcMar-Tigger	1221	-	114	189054908	54155
chr3	182921064	183121064	harbor2	chr3	182950698	182950722	DNA/TcMar-Tigger	576	-	12	182950710	29646
chr3	182921064	183121064	harbor2	chr3	182951034	182951338	DNA/TcMar-Tigger	576	-	152	182951186	30122
chr3	182921064	183121064	harbor2	chr3	182973073	182973433	DNA/TcMar-Tigger	1306	-	180	182973253	52189
chr3	182921064	183121064	harbor2	chr3	183009665	183009721	DNA/TcMar-Tigger	421	-	28	183009693	88629
chr3	182921064	183121064	harbor2	chr3	183016686	183016763	DNA/TcMar-Tigger	389	-	38	183016724	95660
chr3	182921064	183121064	harbor2	chr3	183019004	183019228	DNA/TcMar-Tigger	721	-	112	183019116	98052
chr3	195390492	195590492	harbor2	chr3	195427392	195427627	DNA/TcMar-Tigger	1054	-	118	195427510	37018
chr3	195390492	195590492	harbor2	chr3	195433049	195433379	DNA/TcMar-Tigger	1128	-	165	195433214	42722
chr3	195390492	195590492	harbor2	chr3	195469684	195469825	DNA/TcMar-Tigger	719	-	70	195469754	79262
chr3	195390492	195590492	harbor2	chr3	195470036	195470237	DNA/TcMar-Tigger	1084	-	100	195470136	79644
chr3	2267694	2467694	harbor2	chr3	2351590	2351751	DNA/TcMar-Tigger	916	-	80	2351670	83976
chr3	183074128	183274128	harbor2	chr3	183073494	183074184	DNA/TcMar-Tigger	4074	-	345	183073839	289
chr3	183074128	183274128	harbor2	chr3	183139431	183139755	DNA/TcMar-Tigger	1486	-	162	183139593	65465
chr3	164735911	164935911	harbor2	chr3	164777431	164778033	DNA/TcMar-Tigger	2610	-	301	164777732	41821
chr3	164735911	164935911	harbor2	chr3	164792377	164792712	DNA/TcMar-Tigger	1648	-	168	164792545	56634
chr3	144365639	144565639	harbor2	chr3	144376381	144377094	DNA/TcMar-Tigger	14977	-	356	144376737	11098
chr3	144365639	144565639	harbor2	chr3	144377392	144379302	DNA/TcMar-Tigger	14977	-	955	144378347	12708
chr3	144365639	144565639	harbor2	chr3	144379755	144379907	DNA/TcMar-Tigger	14977	-	76	144379831	14192
chr3	86763365	86963365	harbor2	chr3	86859297	86859500	DNA/TcMar-Tigger	1177	-	102	86859399	96034
chr3	103692844	103892844	harbor2	chr3	103700430	103701044	DNA/TcMar-Tigger	2266	-	307	103700737	7893
chr3	103692844	103892844	harbor2	chr3	103715569	103715871	DNA/TcMar-Tigger	2269	-	151	103715720	22876
chr3	103692844	103892844	harbor2	chr3	103716032	103716159	DNA/TcMar-Tigger	2269	-	64	103716096	23252
chr3	103692844	103892844	harbor2	chr3	103755330	103757083	DNA/TcMar-Tigger	12880	-	876	103756206	63362
chr3	103692844	103892844	harbor2	chr3	103757428	103757854	DNA/TcMar-Tigger	12880	-	213	103757641	64797
chr3	103692844	103892844	harbor2	chr3	103757895	103758075	DNA/TcMar-Tigger	12880	-	90	103757985	65141
chr3	181055847	181255847	harbor2	chr3	181103492	181103860	DNA/TcMar-Tigger	619	-	184	181103676	47829
chr3	146525067	146725067	harbor2	chr3	146564060	146564387	DNA/TcMar-Tigger	1503	-	164	146564224	39157
chr3	167464650	167664650	harbor2	chr3	167555783	167556117	DNA/TcMar-Tigger	2070	-	167	167555950	91300
chr3	77059245	77259245	harbor2	chr3	77118720	77118922	DNA/TcMar-Tigger	1945	-	101	77118821	59576
chr3	77059245	77259245	harbor2	chr3	77119289	77119438	DNA/TcMar-Tigger	1945	-	74	77119363	60118
chr3	176320770	176520770	harbor2	chr3	176333694	176333776	DNA/TcMar-Tigger	431	-	41	176333735	12965
chr3	176320770	176520770	harbor2	chr3	176394486	176394736	DNA/TcMar-Tigger	1252	-	125	176394611	73841
chr3	192373076	192573076	harbor2	chr3	192465964	192466302	DNA/TcMar-Tigger	1493	-	169	192466133	93057
chr4	177470228	177670228	harbor2	chr4	177492077	177492180	DNA/TcMar-Tigger	435	-	52	177492129	21901
chr4	177470228	177670228	harbor2	chr4	177492183	177492416	DNA/TcMar-Tigger	1332	-	116	177492299	22071
chr4	183412328	183612328	harbor2	chr4	183425359	183425683	DNA/TcMar-Tigger	1568	-	162	183425521	13193
chr4	183412328	183612328	harbor2	chr4	183461584	183462403	DNA/TcMar-Tigger	6108	-	410	183461994	49666
chr4	183412328	183612328	harbor2	chr4	183462695	183463008	DNA/TcMar-Tigger	6108	-	156	183462851	50523
chr4	182403966	182603966	harbor2	chr4	182462930	182463149	DNA/TcMar-Tigger	860	-	110	182463040	59074
chr4	182403966	182603966	harbor2	chr4	182471294	182471626	DNA/TcMar-Tigger	1688	-	166	182471460	67494
chr4	62114084	62314084	harbor2	chr4	62181914	62182576	DNA/TcMar-Tigger	3535	-	331	62182245	68161
chr4	62114084	62314084	harbor2	chr4	62184182	62184399	DNA/TcMar-Tigger	985	-	108	62184290	70206
chr4	144269383	144469383	harbor2	chr4	144350639	144351088	DNA/TcMar-Tigger	983	-	224	144350863	81480
chr4	44473915	44673915	harbor2	chr4	44487986	44488651	DNA/TcMar-Tigger	2825	-	332	44488318	14403
chr4	44473915	44673915	harbor2	chr4	44531725	44532643	DNA/TcMar-Tigger	6467	-	459	44532184	58269
chr4	44473915	44673915	harbor2	chr4	44533160	44533430	DNA/TcMar-Tigger	6467	-	135	44533295	59380
chr4	76774114	76974114	harbor2	chr4	76846516	76847069	DNA/TcMar-Tigger	3242	-	276	76846792	72678
chr4	76774114	76974114	harbor2	chr4	76871902	76872235	DNA/TcMar-Tigger	2002	-	166	76872068	97954
chr4	173361095	173561095	harbor2	chr4	173452259	173452476	DNA/TcMar-Tigger	1097	-	108	173452367	91272
chr4	173361095	173561095	harbor2	chr4	173453375	173453719	DNA/TcMar-Tigger	2297	-	172	173453547	92452
chr4	182865896	183065896	harbor2	chr4	182899855	182900032	DNA/TcMar-Tigger	1159	-	88	182899943	34047
chr4	182865896	183065896	harbor2	chr4	182900330	182900369	DNA/TcMar-Tigger	1159	-	20	182900350	34454
chr4	161972351	162172351	harbor2	chr4	162043245	162045427	DNA/TcMar-Tigger	14359	-	1091	162044336	71985
chr4	161972351	162172351	harbor2	chr4	162045522	162045761	DNA/TcMar-Tigger	14359	-	120	162045642	73291
chr4	182479447	182679447	harbor2	chr4	182545831	182546270	DNA/TcMar-Tigger	2375	-	220	182546051	66604
chr4	176958474	177158474	harbor2	chr4	177028169	177028353	DNA/TcMar-Tigger	1060	-	92	177028261	69787
chr4	176958474	177158474	harbor2	chr4	177028354	177028691	DNA/TcMar-Tigger	1984	-	168	177028522	70048
chr4	148612420	148812420	harbor2	chr4	148632341	148633505	DNA/TcMar-Tigger	6749	-	582	148632923	20503
chr4	148612420	148812420	harbor2	chr4	148643292	148643535	DNA/TcMar-Tigger	427	-	122	148643414	30994
chr4	148612420	148812420	harbor2	chr4	148643699	148643808	DNA/TcMar-Tigger	427	-	54	148643753	31333
chr4	148612420	148812420	harbor2	chr4	148696569	148696940	DNA/TcMar-Tigger	1780	-	186	148696755	84335
chr4	73135446	73335446	harbor2	chr4	73168588	73168788	DNA/TcMar-Tigger	1577	-	100	73168688	33242
chr4	73135446	73335446	harbor2	chr4	73169146	73169318	DNA/TcMar-Tigger	1577	-	86	73169232	33786
chr4	73135446	73335446	harbor2	chr4	73176880	73177146	DNA/TcMar-Tigger	1327	-	133	73177013	41567
chr4	73135446	73335446	harbor2	chr4	73197306	73197485	DNA/TcMar-Tigger	531	-	90	73197396	61950
chr4	146499401	146699401	harbor2	chr4	146524213	146524394	DNA/TcMar-Tigger	775	-	90	146524303	24902
chr4	146499401	146699401	harbor2	chr4	146524395	146524653	DNA/TcMar-Tigger	1631	-	129	146524524	25123
chr4	146499401	146699401	harbor2	chr4	146524796	146524900	DNA/TcMar-Tigger	657	-	52	146524848	25447
chr4	146499401	146699401	harbor2	chr4	146524894	146525486	DNA/TcMar-Tigger	3011	-	296	146525190	25789
chr4	146499401	146699401	harbor2	chr4	146525486	146525567	DNA/TcMar-Tigger	425	-	40	146525526	26125
chr4	146499401	146699401	harbor2	chr4	146525732	146525793	DNA/TcMar-Tigger	425	-	30	146525762	26361
chr4	146499401	146699401	harbor2	chr4	146525808	146525991	DNA/TcMar-Tigger	939	-	92	146525900	26499
chr4	179291754	179491754	harbor2	chr4	179311701	179311798	DNA/TcMar-Tigger	506	-	48	179311749	19995
chr4	179291754	179491754	harbor2	chr4	179312570	179313551	DNA/TcMar-Tigger	11702	-	490	179313060	21306
chr4	179291754	179491754	harbor2	chr4	179313863	179315101	DNA/TcMar-Tigger	11702	-	619	179314482	22728
chr4	65515072	65715072	harbor2	chr4	65516102	65516539	DNA/TcMar-Tigger	1935	-	218	65516320	1248
chr4	172198149	172398149	harbor2	chr4	172272296	172272629	DNA/TcMar-Tigger	1757	-	166	172272462	74313
chr4	96488286	96688286	harbor2	chr4	96515842	96516146	DNA/TcMar-Tigger	1008	-	152	96515994	27708
chr4	96488286	96688286	harbor2	chr4	96551612	96552536	DNA/TcMar-Tigger	5034	-	462	96552074	63788
chr4	96488286	96688286	harbor2	chr4	96552535	96552638	DNA/TcMar-Tigger	630	-	52	96552587	64301
chr4	140941023	141141023	harbor2	chr4	140942592	140942793	DNA/TcMar-Tigger	711	-	100	140942692	1669
chr4	140941023	141141023	harbor2	chr4	140952831	140953161	DNA/TcMar-Tigger	1893	-	165	140952996	11973
chr4	140941023	141141023	harbor2	chr4	140979008	140979237	DNA/TcMar-Tigger	1215	-	114	140979122	38099
chr4	140941023	141141023	harbor2	chr4	140981192	140983739	DNA/TcMar-Tigger	15785	-	1274	140982466	41443
chr4	140941023	141141023	harbor2	chr4	140984039	140984179	DNA/TcMar-Tigger	15785	-	70	140984109	43086
chr4	140941023	141141023	harbor2	chr4	141032704	141035054	DNA/TcMar-Tigger	15599	-	1175	141033879	92856
chr4	172661969	172861969	harbor2	chr4	172741024	172741108	DNA/TcMar-Tigger	462	-	42	172741066	79097
chr4	172661969	172861969	harbor2	chr4	172747978	172748538	DNA/TcMar-Tigger	3101	-	280	172748258	86289
chr4	180487785	180687785	harbor2	chr4	180508817	180509141	DNA/TcMar-Tigger	1956	-	162	180508979	21194
chr4	180487785	180687785	harbor2	chr4	180514495	180514903	DNA/TcMar-Tigger	2071	-	204	180514699	26914
chr4	180487785	180687785	harbor2	chr4	180549752	180549902	DNA/TcMar-Tigger	999	-	75	180549827	62042
chr4	180487785	180687785	harbor2	chr4	180550622	180550786	DNA/TcMar-Tigger	999	-	82	180550704	62919
chr4	111182672	111382672	harbor2	chr4	111233336	111233630	DNA/TcMar-Tigger	1557	-	147	111233483	50811
chr4	111182672	111382672	harbor2	chr4	111255333	111255564	DNA/TcMar-Tigger	522	-	116	111255449	72777
chr4	86720220	86920220	harbor2	chr4	86776551	86776909	DNA/TcMar-Tigger	1896	-	179	86776730	56510
chr4	155739217	155939217	harbor2	chr4	155776919	155777268	DNA/TcMar-Tigger	2017	-	174	155777093	37876
chr4	155739217	155939217	harbor2	chr4	155790018	155790260	DNA/TcMar-Tigger	611	-	121	155790139	50922
chr4	130164162	130364162	harbor2	chr4	130227936	130228236	DNA/TcMar-Tigger	1570	-	150	130228086	63924
chr4	130164162	130364162	harbor2	chr4	130231467	130231559	DNA/TcMar-Tigger	507	-	46	130231513	67351
chr4	130164162	130364162	harbor2	chr4	130231543	130231794	DNA/TcMar-Tigger	948	-	126	130231669	67507
chr4	176514013	176714013	harbor2	chr4	176603668	176603897	DNA/TcMar-Tigger	2574	-	114	176603782	89769
chr4	176514013	176714013	harbor2	chr4	176604172	176604393	DNA/TcMar-Tigger	2574	-	110	176604282	90269
chr4	173641364	173841364	harbor2	chr4	173672814	173673082	DNA/TcMar-Tigger	1585	-	134	173672948	31584
chr4	173641364	173841364	harbor2	chr4	173674296	173674416	DNA/TcMar-Tigger	579	-	60	173674356	32992
chr4	173641364	173841364	harbor2	chr4	173674518	173674772	DNA/TcMar-Tigger	1089	-	127	173674645	33281
chr4	135085562	135285562	harbor2	chr4	135120082	135120524	DNA/TcMar-Tigger	2055	-	221	135120303	34741
chr4	124573540	124773540	harbor2	chr4	124648272	124649284	DNA/TcMar-Tigger	5094	-	506	124648778	75238
chr4	124573540	124773540	harbor2	chr4	124649745	124649901	DNA/TcMar-Tigger	434	-	78	124649823	76283
chr4	124573540	124773540	harbor2	chr4	124663654	124663970	DNA/TcMar-Tigger	1662	-	158	124663812	90272
chr4	189859474	190059474	harbor2	chr4	189933924	189934369	DNA/TcMar-Tigger	1402	-	222	189934146	74672
chr4	189859474	190059474	harbor2	chr4	189934644	189934891	DNA/TcMar-Tigger	1402	-	124	189934768	75294
chr4	78043274	78243274	harbor2	chr4	78135826	78136474	DNA/TcMar-Tigger	3646	-	324	78136150	92876
chr4	73048892	73248892	harbor2	chr4	73055285	73055422	DNA/TcMar-Tigger	651	-	68	73055353	6461
chr4	73048892	73248892	harbor2	chr4	73055418	73055834	DNA/TcMar-Tigger	1777	-	208	73055626	6734
chr4	73048892	73248892	harbor2	chr4	73111066	73111551	DNA/TcMar-Tigger	2700	-	242	73111308	62416
chr4	73048892	73248892	harbor2	chr4	73119353	73119511	DNA/TcMar-Tigger	707	-	79	73119432	70540
chr4	156528381	156728381	harbor2	chr4	156616452	156616758	DNA/TcMar-Tigger	1500	-	153	156616605	88224
chr4	175451337	175651337	harbor2	chr4	175496519	175496703	DNA/TcMar-Tigger	643	-	92	175496611	45274
chr4	175451337	175651337	harbor2	chr4	175530709	175531178	DNA/TcMar-Tigger	2169	-	234	175530943	79606
chr4	47831467	48031467	harbor2	chr4	47849731	47850045	DNA/TcMar-Tigger	1099	-	157	47849888	18421
chr4	47831467	48031467	harbor2	chr4	47894715	47896361	DNA/TcMar-Tigger	10334	-	823	47895538	64071
chr4	47831467	48031467	harbor2	chr4	47872509	47874783	DNA/TcMar-Tigger	14493	-	1137	47873646	42179
chr4	147697520	147897520	harbor2	chr4	147706469	147707198	DNA/TcMar-Tigger	4362	-	364	147706833	9313
chr4	147697520	147897520	harbor2	chr4	147765905	147766005	DNA/TcMar-Tigger	1569	-	50	147765955	68435
chr4	147697520	147897520	harbor2	chr4	147766289	147766540	DNA/TcMar-Tigger	1569	-	126	147766415	68895
chr4	133836634	134036634	harbor2	chr4	133879404	133879908	DNA/TcMar-Tigger	2126	-	252	133879656	43022
chr5	124439845	124639845	harbor2	chr5	124481921	124482766	DNA/TcMar-Tigger	14061	-	422	124482343	42498
chr5	124439845	124639845	harbor2	chr5	124483055	124483995	DNA/TcMar-Tigger	14061	-	470	124483525	43680
chr5	124439845	124639845	harbor2	chr5	124484324	124484956	DNA/TcMar-Tigger	14061	-	316	124484640	44795
chr5	165170376	165370376	harbor2	chr5	165196145	165196470	DNA/TcMar-Tigger	611	-	162	165196307	25931
chr5	168449915	168649915	harbor2	chr5	168480141	168480419	DNA/TcMar-Tigger	3196	-	139	168480280	30365
chr5	168449915	168649915	harbor2	chr5	168480729	168481292	DNA/TcMar-Tigger	3196	-	282	168481011	31096
chr5	168449915	168649915	harbor2	chr5	168481297	168481374	DNA/TcMar-Tigger	466	-	38	168481335	31420
chr5	168449915	168649915	harbor2	chr5	168507027	168507263	DNA/TcMar-Tigger	393	-	118	168507145	57230
chr5	168449915	168649915	harbor2	chr5	168545662	168545905	DNA/TcMar-Tigger	877	-	122	168545784	95869
chr5	168449915	168649915	harbor2	chr5	168546133	168546226	DNA/TcMar-Tigger	877	-	46	168546179	96264
chr5	148136332	148336332	harbor2	chr5	148185672	148185911	DNA/TcMar-Tigger	1097	-	120	148185792	49460
chr5	181364939	181564939	harbor2	chr5	181403112	181403569	DNA/TcMar-Tigger	2361	-	228	181403340	38401
chr5	45600664	45800664	harbor2	chr5	45601487	45601640	DNA/TcMar-Tigger	582	-	76	45601563	899
chr5	15948365	16148365	harbor2	chr5	16011183	16011300	DNA/TcMar-Tigger	13888	-	58	16011241	62876
chr5	15948365	16148365	harbor2	chr5	16011602	16013803	DNA/TcMar-Tigger	13888	-	1100	16012702	64337
chr5	15948365	16148365	harbor2	chr5	16045684	16046130	DNA/TcMar-Tigger	954	-	223	16045907	97542
chr5	163108959	163308959	harbor2	chr5	163137427	163137544	DNA/TcMar-Tigger	531	-	58	163137485	28526
chr5	112464181	112664181	harbor2	chr5	112467980	112468248	DNA/TcMar-Tigger	1443	-	134	112468114	3933
chr5	112464181	112664181	harbor2	chr5	112468560	112468640	DNA/TcMar-Tigger	1443	-	40	112468600	4419
chr5	112464181	112664181	harbor2	chr5	112486865	112487182	DNA/TcMar-Tigger	1848	-	158	112487023	22842
chr5	112464181	112664181	harbor2	chr5	112502554	112502774	DNA/TcMar-Tigger	1795	-	110	112502664	38483
chr5	112464181	112664181	harbor2	chr5	112503209	112503288	DNA/TcMar-Tigger	1795	-	40	112503249	39068
chr5	112464181	112664181	harbor2	chr5	112509623	112510349	DNA/TcMar-Tigger	4363	-	363	112509986	45805
chr5	112464181	112664181	harbor2	chr5	112510603	112510669	DNA/TcMar-Tigger	4363	-	33	112510636	46455
chr5	112464181	112664181	harbor2	chr5	112510668	112510769	DNA/TcMar-Tigger	526	-	50	112510718	46537
chr5	113429064	113629064	harbor2	chr5	113455559	113455887	DNA/TcMar-Tigger	784	-	164	113455723	26659
chr5	113429064	113629064	harbor2	chr5	113456315	113456465	DNA/TcMar-Tigger	907	-	75	113456390	27326
chr5	113429064	113629064	harbor2	chr5	113456771	113456918	DNA/TcMar-Tigger	907	-	74	113456845	27781
chr5	113429064	113629064	harbor2	chr5	113517008	113517325	DNA/TcMar-Tigger	794	-	158	113517166	88102
chr5	128746720	128946720	harbor2	chr5	128788294	128788467	DNA/TcMar-Tigger	2171	-	86	128788380	41660
chr5	128746720	128946720	harbor2	chr5	128788746	128789020	DNA/TcMar-Tigger	2171	-	137	128788883	42163
chr5	159305169	159505169	harbor2	chr5	159308024	159308215	DNA/TcMar-Tigger	396	-	96	159308120	2951
chr5	168340798	168540798	harbor2	chr5	168344756	168345104	DNA/TcMar-Tigger	1910	-	174	168344930	4132
chr5	168340798	168540798	harbor2	chr5	168416767	168416860	DNA/TcMar-Tigger	686	-	46	168416813	76015
chr5	168340798	168540798	harbor2	chr5	168417166	168417268	DNA/TcMar-Tigger	686	-	51	168417217	76419
chr5	168340798	168540798	harbor2	chr5	168345397	168345830	DNA/TcMar-Tigger	1910	-	216	168345613	4815
chr5	175697009	175897009	harbor2	chr5	175739635	175739808	DNA/TcMar-Tigger	436	-	86	175739721	42712
chr5	175697009	175897009	harbor2	chr5	175776472	175776913	DNA/TcMar-Tigger	902	-	220	175776692	79683
chr5	175697009	175897009	harbor2	chr5	175784664	175784878	DNA/TcMar-Tigger	917	-	107	175784771	87762
chr5	106859988	107059988	harbor2	chr5	106934655	106935012	DNA/TcMar-Tigger	1591	-	178	106934833	74845
chr5	133577924	133777924	harbor2	chr5	133618010	133618338	DNA/TcMar-Tigger	1691	-	164	133618174	40250
chr5	107786803	107986803	harbor2	chr5	107791925	107792497	DNA/TcMar-Tigger	3626	-	286	107792211	5408
chr5	107786803	107986803	harbor2	chr5	107850255	107850381	DNA/TcMar-Tigger	1497	-	63	107850318	63515
chr5	107786803	107986803	harbor2	chr5	107850424	107850820	DNA/TcMar-Tigger	1497	-	198	107850622	63819
chr5	150016885	150216885	harbor2	chr5	150036223	150036434	DNA/TcMar-Tigger	972	-	106	150036329	19444
chr5	150016885	150216885	harbor2	chr5	150092359	150092452	DNA/TcMar-Tigger	1334	-	46	150092405	75520
chr5	150016885	150216885	harbor2	chr5	150092810	150093013	DNA/TcMar-Tigger	1334	-	102	150092912	76027
chr5	172848887	173048887	harbor2	chr5	172889722	172889951	DNA/TcMar-Tigger	1452	-	114	172889836	40949
chr5	38951439	39151439	harbor2	chr5	38956949	38957232	DNA/TcMar-Tigger	431	-	142	38957091	5652
chr5	38951439	39151439	harbor2	chr5	38985150	38985349	DNA/TcMar-Tigger	1212	-	100	38985250	33811
chr5	152353164	152553164	harbor2	chr5	152370843	152370948	DNA/TcMar-Tigger	653	-	52	152370895	17731
chr5	152353164	152553164	harbor2	chr5	152386862	152387203	DNA/TcMar-Tigger	2049	-	170	152387032	33868
chr5	152353164	152553164	harbor2	chr5	152389389	152391735	DNA/TcMar-Tigger	14026	-	1173	152390562	37398
chr5	152353164	152553164	harbor2	chr5	152417445	152417754	DNA/TcMar-Tigger	1195	-	154	152417599	64435
chr5	176964090	177164090	harbor2	chr5	177053808	177053906	DNA/TcMar-Tigger	518	-	49	177053857	89767
chr5	176964090	177164090	harbor2	chr5	177053906	177054075	DNA/TcMar-Tigger	1095	-	84	177053990	89900
chr5	176964090	177164090	harbor2	chr5	177054367	177054387	DNA/TcMar-Tigger	1095	-	10	177054377	90287
chr5	176964090	177164090	harbor2	chr5	177054699	177054785	DNA/TcMar-Tigger	1095	-	43	177054742	90652
chr5	149157560	149357560	harbor2	chr5	149180927	149181166	DNA/TcMar-Tigger	452	-	120	149181047	23487
chr5	120300361	120500361	harbor2	chr5	120356306	120356583	DNA/TcMar-Tigger	624	-	138	120356444	56083
chr5	120300361	120500361	harbor2	chr5	120358505	120358593	DNA/TcMar-Tigger	4866	-	44	120358549	58188
chr5	120300361	120500361	harbor2	chr5	120358899	120360026	DNA/TcMar-Tigger	4866	-	564	120359463	59102
chr5	120300361	120500361	harbor2	chr5	120379991	120380188	DNA/TcMar-Tigger	13719	-	98	120380089	79728
chr5	120300361	120500361	harbor2	chr5	120380493	120382636	DNA/TcMar-Tigger	13719	-	1072	120381565	81204
chr5	173411990	173611990	harbor2	chr5	173427623	173427807	DNA/TcMar-Tigger	455	-	92	173427715	15725
chr5	108949068	109149068	harbor2	chr5	108976502	108977529	DNA/TcMar-Tigger	6210	-	514	108977016	27948
chr5	108949068	109149068	harbor2	chr5	108980969	108981103	DNA/TcMar-Tigger	740	-	67	108981036	31968
chr5	178863597	179063597	harbor2	chr5	178893620	178893946	DNA/TcMar-Tigger	1930	-	163	178893783	30186
chr5	98852768	99052768	harbor2	chr5	98899040	98899358	DNA/TcMar-Tigger	1135	-	159	98899199	46431
chr5	98852768	99052768	harbor2	chr5	98937240	98937530	DNA/TcMar-Tigger	1446	-	145	98937385	84617
chr5	110221772	110421772	harbor2	chr5	110221659	110222001	DNA/TcMar-Tigger	1700	-	171	110221830	58
chr5	179473522	179673522	harbor2	chr5	179531599	179531692	DNA/TcMar-Tigger	470	-	46	179531645	58123
chr5	179473522	179673522	harbor2	chr5	179532278	179532342	DNA/TcMar-Tigger	406	-	32	179532310	58788
chr5	179473522	179673522	harbor2	chr5	179532564	179532696	DNA/TcMar-Tigger	420	-	66	179532630	59108
chr5	179473522	179673522	harbor2	chr5	179545917	179545940	DNA/TcMar-Tigger	514	-	12	179545929	72407
chr5	179473522	179673522	harbor2	chr5	179546249	179546330	DNA/TcMar-Tigger	514	-	40	179546289	72767
chr5	179473522	179673522	harbor2	chr5	179546326	179546433	DNA/TcMar-Tigger	3680	-	54	179546380	72858
chr5	179473522	179673522	harbor2	chr5	179546728	179546948	DNA/TcMar-Tigger	3680	-	110	179546838	73316
chr5	179473522	179673522	harbor2	chr5	179547243	179547552	DNA/TcMar-Tigger	3680	-	154	179547397	73875
chr5	179473522	179673522	harbor2	chr5	179547852	179547910	DNA/TcMar-Tigger	3680	-	29	179547881	74359
chr5	72268943	72468943	harbor2	chr5	72273387	72274071	DNA/TcMar-Tigger	6403	-	342	72273729	4786
chr5	72268943	72468943	harbor2	chr5	72274379	72274910	DNA/TcMar-Tigger	6403	-	266	72274645	5702
chr5	72268943	72468943	harbor2	chr5	72317807	72317925	DNA/TcMar-Tigger	806	-	59	72317866	48923
chr5	72268943	72468943	harbor2	chr5	72318137	72318335	DNA/TcMar-Tigger	806	-	99	72318236	49293
chr5	148949930	149149930	harbor2	chr5	149041761	149042317	DNA/TcMar-Tigger	924	-	278	149042039	92109
chr5	20846176	21046176	harbor2	chr5	20918944	20919381	DNA/TcMar-Tigger	2149	-	218	20919162	72986
chr5	20846176	21046176	harbor2	chr5	20930768	20931122	DNA/TcMar-Tigger	2005	-	177	20930945	84769
chr5	20846176	21046176	harbor2	chr5	20931123	20931671	DNA/TcMar-Tigger	2638	-	274	20931397	85221
chr5	20846176	21046176	harbor2	chr5	20933002	20933440	DNA/TcMar-Tigger	2318	-	219	20933221	87045
chr5	160690315	160890315	harbor2	chr5	160703205	160703477	DNA/TcMar-Tigger	1648	-	136	160703341	13026
chr5	160690315	160890315	harbor2	chr5	160703764	160703986	DNA/TcMar-Tigger	1648	-	111	160703875	13560
chr5	160690315	160890315	harbor2	chr5	160704358	160704909	DNA/TcMar-Tigger	3269	-	276	160704634	14319
chr5	160690315	160890315	harbor2	chr5	160705564	160706383	DNA/TcMar-Tigger	5477	-	410	160705974	15659
chr5	160690315	160890315	harbor2	chr5	160754941	160755013	DNA/TcMar-Tigger	724	-	36	160754977	64662
chr5	160690315	160890315	harbor2	chr5	160755374	160755535	DNA/TcMar-Tigger	724	-	80	160755454	65139
chr5	160690315	160890315	harbor2	chr5	160755883	160755951	DNA/TcMar-Tigger	724	-	34	160755917	65602
chr5	160690315	160890315	harbor2	chr5	160759169	160759390	DNA/TcMar-Tigger	476	-	110	160759279	68964
chr5	160690315	160890315	harbor2	chr5	160789265	160789612	DNA/TcMar-Tigger	1869	-	174	160789439	99124
chr5	157990183	158190183	harbor2	chr5	158064381	158064908	DNA/TcMar-Tigger	1231	-	264	158064645	74462
chr5	51430356	51630356	harbor2	chr5	51498647	51498733	DNA/TcMar-Tigger	523	-	43	51498690	68334
chr5	117953165	118153165	harbor2	chr5	118000183	118000431	DNA/TcMar-Tigger	671	-	124	118000307	47142
chr5	158283094	158483094	harbor2	chr5	158307373	158307617	DNA/TcMar-Tigger	503	-	122	158307495	24401
chr5	125572120	125772120	harbor2	chr5	125602882	125603015	DNA/TcMar-Tigger	5581	-	66	125602948	30828
chr5	125572120	125772120	harbor2	chr5	125603348	125604423	DNA/TcMar-Tigger	5581	-	538	125603886	31766
chr5	125572120	125772120	harbor2	chr5	125599495	125599931	DNA/TcMar-Tigger	2046	-	218	125599713	27593
chr5	125569177	125769177	harbor2	chr5	125602882	125603015	DNA/TcMar-Tigger	5581	-	66	125602948	33771
chr5	125569177	125769177	harbor2	chr5	125603348	125604423	DNA/TcMar-Tigger	5581	-	538	125603886	34709
chr5	125569177	125769177	harbor2	chr5	125599495	125599931	DNA/TcMar-Tigger	2046	-	218	125599713	30536
chr5	84681162	84881162	harbor2	chr5	84769844	84770140	DNA/TcMar-Tigger	1705	-	148	84769992	88830
chr5	169590646	169790646	harbor2	chr5	169688437	169688678	DNA/TcMar-Tigger	1383	-	120	169688557	97911
chr5	40398259	40598259	harbor2	chr5	40426930	40427263	DNA/TcMar-Tigger	1445	-	166	40427096	28837
chr5	175828877	176028877	harbor2	chr5	175857395	175857754	DNA/TcMar-Tigger	2323	-	180	175857575	28698
chr5	175656669	175856669	harbor2	chr5	175739635	175739808	DNA/TcMar-Tigger	436	-	86	175739721	83052
chr5	157072669	157272669	harbor2	chr5	157105009	157105065	DNA/TcMar-Tigger	726	-	28	157105037	32368
chr5	157072669	157272669	harbor2	chr5	157105364	157105524	DNA/TcMar-Tigger	726	-	80	157105444	32775
chr5	101732708	101932708	harbor2	chr5	101747106	101748011	DNA/TcMar-Tigger	5032	-	452	101747558	14850
chr5	101732708	101932708	harbor2	chr5	101748009	101748113	DNA/TcMar-Tigger	529	-	52	101748061	15353
chr5	101732708	101932708	harbor2	chr5	101767667	101767950	DNA/TcMar-Tigger	1744	-	142	101767809	35101
chr5	101732708	101932708	harbor2	chr5	101770365	101770444	DNA/TcMar-Tigger	1744	-	40	101770405	37697
chr5	109234010	109434010	harbor2	chr5	109313809	109313920	DNA/TcMar-Tigger	427	-	56	109313865	79855
chr5	109234010	109434010	harbor2	chr5	109314036	109314315	DNA/TcMar-Tigger	554	-	140	109314176	80166
chr5	174693798	174893798	harbor2	chr5	174752186	174752456	DNA/TcMar-Tigger	1675	-	135	174752321	58523
chr5	174693798	174893798	harbor2	chr5	174769395	174769615	DNA/TcMar-Tigger	625	-	110	174769505	75707
chr5	174693798	174893798	harbor2	chr5	174769688	174770140	DNA/TcMar-Tigger	855	-	226	174769914	76116
chr5	148285819	148485819	harbor2	chr5	148361441	148361678	DNA/TcMar-Tigger	556	-	118	148361559	75740
chr5	88247775	88447775	harbor2	chr5	88282584	88283084	DNA/TcMar-Tigger	2411	-	250	88282834	35059
chr5	133011623	133211623	harbor2	chr5	133022096	133022321	DNA/TcMar-Tigger	1624	-	112	133022208	10585
chr5	133011623	133211623	harbor2	chr5	133022313	133022407	DNA/TcMar-Tigger	413	-	47	133022360	10737
chr5	133011623	133211623	harbor2	chr5	133021690	133021799	DNA/TcMar-Tigger	1624	-	54	133021744	10121
chr5	180850364	181050364	harbor2	chr5	180876166	180876511	DNA/TcMar-Tigger	1966	-	172	180876338	25974
chr5	180850364	181050364	harbor2	chr5	180916685	180916777	DNA/TcMar-Tigger	541	-	46	180916731	66367
chr5	180850364	181050364	harbor2	chr5	180916776	180916957	DNA/TcMar-Tigger	958	-	90	180916866	66502
chr5	175794759	175994759	harbor2	chr5	175857395	175857754	DNA/TcMar-Tigger	2323	-	180	175857575	62816
chr5	168068816	168268816	harbor2	chr5	168090067	168090198	DNA/TcMar-Tigger	435	-	66	168090133	21317
chr5	168068816	168268816	harbor2	chr5	168117354	168117672	DNA/TcMar-Tigger	1807	-	159	168117513	48697
chr5	175733812	175933812	harbor2	chr5	175739635	175739808	DNA/TcMar-Tigger	436	-	86	175739721	5909
chr5	175733812	175933812	harbor2	chr5	175776472	175776913	DNA/TcMar-Tigger	902	-	220	175776692	42880
chr5	175733812	175933812	harbor2	chr5	175784664	175784878	DNA/TcMar-Tigger	917	-	107	175784771	50959
chr5	155515478	155715478	harbor2	chr5	155603049	155605354	DNA/TcMar-Tigger	13294	-	1152	155604201	88723
chr5	179527553	179727553	harbor2	chr5	179531599	179531692	DNA/TcMar-Tigger	470	-	46	179531645	4092
chr5	179527553	179727553	harbor2	chr5	179532278	179532342	DNA/TcMar-Tigger	406	-	32	179532310	4757
chr5	179527553	179727553	harbor2	chr5	179532564	179532696	DNA/TcMar-Tigger	420	-	66	179532630	5077
chr5	179527553	179727553	harbor2	chr5	179545917	179545940	DNA/TcMar-Tigger	514	-	12	179545929	18376
chr5	179527553	179727553	harbor2	chr5	179546249	179546330	DNA/TcMar-Tigger	514	-	40	179546289	18736
chr5	179527553	179727553	harbor2	chr5	179546326	179546433	DNA/TcMar-Tigger	3680	-	54	179546380	18827
chr5	179527553	179727553	harbor2	chr5	179546728	179546948	DNA/TcMar-Tigger	3680	-	110	179546838	19285
chr5	179527553	179727553	harbor2	chr5	179547243	179547552	DNA/TcMar-Tigger	3680	-	154	179547397	19844
chr5	179527553	179727553	harbor2	chr5	179547852	179547910	DNA/TcMar-Tigger	3680	-	29	179547881	20328
chr5	63074122	63274122	harbor2	chr5	63142307	63142758	DNA/TcMar-Tigger	1849	-	226	63142533	68411
chr5	92866703	93066703	harbor2	chr5	92920528	92921028	DNA/TcMar-Tigger	707	-	250	92920778	54075
chr5	176103331	176303331	harbor2	chr5	176148672	176148966	DNA/TcMar-Tigger	1269	-	147	176148819	45488
chr5	171730868	171930868	harbor2	chr5	171811019	171811321	DNA/TcMar-Tigger	3062	-	151	171811170	80302
chr5	171730868	171930868	harbor2	chr5	171811615	171811965	DNA/TcMar-Tigger	3062	-	175	171811790	80922
chr5	42726834	42926834	harbor2	chr5	42761937	42762313	DNA/TcMar-Tigger	1944	-	188	42762125	35291
chr5	37026248	37226248	harbor2	chr5	37053004	37053088	DNA/TcMar-Tigger	1749	-	42	37053046	26798
chr5	37026248	37226248	harbor2	chr5	37053089	37053409	DNA/TcMar-Tigger	1972	-	160	37053249	27001
chr5	37026248	37226248	harbor2	chr5	37053410	37053659	DNA/TcMar-Tigger	1749	-	124	37053534	27286
chr5	37026248	37226248	harbor2	chr5	37061299	37061395	DNA/TcMar-Tigger	1185	-	48	37061347	35099
chr5	37026248	37226248	harbor2	chr5	37061687	37061845	DNA/TcMar-Tigger	1185	-	79	37061766	35518
chr5	37026248	37226248	harbor2	chr5	37062136	37062228	DNA/TcMar-Tigger	1185	-	46	37062182	35934
chr5	163798978	163998978	harbor2	chr5	163832363	163832496	DNA/TcMar-Tigger	961	-	66	163832429	33451
chr5	163798978	163998978	harbor2	chr5	163832750	163832828	DNA/TcMar-Tigger	961	-	39	163832789	33811
chr5	163798978	163998978	harbor2	chr5	163894414	163894953	DNA/TcMar-Tigger	2753	-	270	163894684	95706
chr5	160725356	160925356	harbor2	chr5	160754941	160755013	DNA/TcMar-Tigger	724	-	36	160754977	29621
chr5	160725356	160925356	harbor2	chr5	160755374	160755535	DNA/TcMar-Tigger	724	-	80	160755454	30098
chr5	160725356	160925356	harbor2	chr5	160755883	160755951	DNA/TcMar-Tigger	724	-	34	160755917	30561
chr5	160725356	160925356	harbor2	chr5	160759169	160759390	DNA/TcMar-Tigger	476	-	110	160759279	33923
chr5	160725356	160925356	harbor2	chr5	160789265	160789612	DNA/TcMar-Tigger	1869	-	174	160789439	64083
chr5	160725356	160925356	harbor2	chr5	160804850	160805079	DNA/TcMar-Tigger	920	-	114	160804964	79608
chr5	160725356	160925356	harbor2	chr5	160824473	160824808	DNA/TcMar-Tigger	1794	-	168	160824641	99285
chr5	149861530	150061530	harbor2	chr5	149927037	149928231	DNA/TcMar-Tigger	5192	-	597	149927634	66104
chr5	149861530	150061530	harbor2	chr5	149928536	149928728	DNA/TcMar-Tigger	5192	-	96	149928632	67102
chr5	167214039	167414039	harbor2	chr5	167276577	167276914	DNA/TcMar-Tigger	1256	-	168	167276745	62706
chr5	167214039	167414039	harbor2	chr5	167285596	167285805	DNA/TcMar-Tigger	538	-	104	167285700	71661
chr5	167214039	167414039	harbor2	chr5	167309339	167309413	DNA/TcMar-Tigger	417	-	37	167309376	95337
chr5	179967824	180167824	harbor2	chr5	179985040	179986840	DNA/TcMar-Tigger	9409	-	900	179985940	18116
chr5	165456247	165656247	harbor2	chr5	165500143	165502463	DNA/TcMar-Tigger	13325	-	1160	165501303	45056
chr5	165456247	165656247	harbor2	chr5	165502462	165502772	DNA/TcMar-Tigger	1436	-	155	165502617	46370
chr5	150465723	150665723	harbor2	chr5	150510588	150510700	DNA/TcMar-Tigger	412	-	56	150510644	44921
chr5	150465723	150665723	harbor2	chr5	150524679	150524903	DNA/TcMar-Tigger	1308	-	112	150524791	59068
chr5	150465723	150665723	harbor2	chr5	150544100	150544406	DNA/TcMar-Tigger	1145	-	153	150544253	78530
chr5	82419363	82619363	harbor2	chr5	82450453	82450794	DNA/TcMar-Tigger	2078	-	170	82450623	31260
chr5	82419363	82619363	harbor2	chr5	82509060	82509397	DNA/TcMar-Tigger	2011	-	168	82509228	89865
chr5	123519188	123719188	harbor2	chr5	123522188	123522230	DNA/TcMar-Tigger	1656	-	21	123522209	3021
chr5	123519188	123719188	harbor2	chr5	123522526	123522804	DNA/TcMar-Tigger	1656	-	139	123522665	3477
chr5	123519188	123719188	harbor2	chr5	123524062	123524599	DNA/TcMar-Tigger	1240	-	268	123524330	5142
chr5	123519188	123719188	harbor2	chr5	123548781	123548869	DNA/TcMar-Tigger	420	-	44	123548825	29637
chr5	123519188	123719188	harbor2	chr5	123548847	123549135	DNA/TcMar-Tigger	1534	-	144	123548991	29803
chr5	123519188	123719188	harbor2	chr5	123551393	123551653	DNA/TcMar-Tigger	749	-	130	123551523	32335
chr5	146395613	146595613	harbor2	chr5	146495160	146495362	DNA/TcMar-Tigger	917	-	101	146495261	99648
chr5	168397784	168597784	harbor2	chr5	168416767	168416860	DNA/TcMar-Tigger	686	-	46	168416813	19029
chr5	168397784	168597784	harbor2	chr5	168417166	168417268	DNA/TcMar-Tigger	686	-	51	168417217	19433
chr5	168397784	168597784	harbor2	chr5	168480141	168480419	DNA/TcMar-Tigger	3196	-	139	168480280	82496
chr5	168397784	168597784	harbor2	chr5	168480729	168481292	DNA/TcMar-Tigger	3196	-	282	168481011	83227
chr5	168397784	168597784	harbor2	chr5	168481297	168481374	DNA/TcMar-Tigger	466	-	38	168481335	83551
chr5	180071636	180271636	harbor2	chr5	180104938	180105281	DNA/TcMar-Tigger	3107	-	172	180105110	33474
chr5	180071636	180271636	harbor2	chr5	180105888	180106163	DNA/TcMar-Tigger	3107	-	138	180106026	34390
chr5	171084776	171284776	harbor2	chr5	171095718	171096156	DNA/TcMar-Tigger	2002	-	219	171095937	11161
chr5	171084776	171284776	harbor2	chr5	171096141	171096209	DNA/TcMar-Tigger	450	-	34	171096175	11399
chr5	171084776	171284776	harbor2	chr5	171109478	171109786	DNA/TcMar-Tigger	1958	-	154	171109632	24856
chr5	65519450	65719450	harbor2	chr5	65548130	65549914	DNA/TcMar-Tigger	14250	-	892	65549022	29572
chr5	65519450	65719450	harbor2	chr5	65550200	65550724	DNA/TcMar-Tigger	14250	-	262	65550462	31012
chr5	165437225	165637225	harbor2	chr5	165500143	165502463	DNA/TcMar-Tigger	13325	-	1160	165501303	64078
chr5	165437225	165637225	harbor2	chr5	165502462	165502772	DNA/TcMar-Tigger	1436	-	155	165502617	65392
chr5	160248716	160448716	harbor2	chr5	160273102	160273642	DNA/TcMar-Tigger	2838	-	270	160273372	24656
chr5	160248716	160448716	harbor2	chr5	160273949	160274011	DNA/TcMar-Tigger	2838	-	31	160273980	25264
chr5	115352520	115552520	harbor2	chr5	115356948	115357077	DNA/TcMar-Tigger	550	-	64	115357012	4492
chr5	115352520	115552520	harbor2	chr5	115360784	115361244	DNA/TcMar-Tigger	2538	-	230	115361014	8494
chr5	115352520	115552520	harbor2	chr5	115361242	115361343	DNA/TcMar-Tigger	741	-	50	115361292	8772
chr5	115352520	115552520	harbor2	chr5	115361335	115362007	DNA/TcMar-Tigger	3462	-	336	115361671	9151
chr5	173689405	173889405	harbor2	chr5	173778601	173779032	DNA/TcMar-Tigger	2519	-	216	173778817	89412
chr5	92851329	93051329	harbor2	chr5	92920528	92921028	DNA/TcMar-Tigger	707	-	250	92920778	69449
chr5	58108157	58308157	harbor2	chr5	58198186	58199116	DNA/TcMar-Tigger	5622	-	465	58198651	90494
chr5	58108157	58308157	harbor2	chr5	58199622	58199954	DNA/TcMar-Tigger	770	-	166	58199788	91631
chr5	118080672	118280672	harbor2	chr5	118134130	118134242	DNA/TcMar-Tigger	442	-	56	118134186	53514
chr5	118080672	118280672	harbor2	chr5	118175031	118175403	DNA/TcMar-Tigger	1647	-	186	118175217	94545
chr6	70749683	70949683	harbor2	chr6	70753303	70753641	DNA/TcMar-Tigger	741	-	169	70753472	3789
chr6	70749683	70949683	harbor2	chr6	70765241	70765734	DNA/TcMar-Tigger	2815	-	246	70765487	15804
chr6	70749683	70949683	harbor2	chr6	70771906	70772231	DNA/TcMar-Tigger	1667	-	162	70772068	22385
chr6	70749683	70949683	harbor2	chr6	70807787	70808231	DNA/TcMar-Tigger	2265	-	222	70808009	58326
chr6	70749683	70949683	harbor2	chr6	70811919	70812162	DNA/TcMar-Tigger	1250	-	122	70812041	62358
chr6	70749683	70949683	harbor2	chr6	70823531	70823841	DNA/TcMar-Tigger	1208	-	155	70823686	74003
chr6	70749683	70949683	harbor2	chr6	70811522	70811800	DNA/TcMar-Tigger	1304	-	139	70811661	61978
chr6	169229148	169429148	harbor2	chr6	169256829	169258621	DNA/TcMar-Tigger	10136	-	896	169257725	28577
chr6	29668969	29868969	harbor2	chr6	29684613	29685066	DNA/TcMar-Tigger	2599	-	226	29684839	15870
chr6	143029044	143229044	harbor2	chr6	143090488	143091344	DNA/TcMar-Tigger	5312	-	428	143090916	61872
chr6	143029044	143229044	harbor2	chr6	143092009	143092104	DNA/TcMar-Tigger	8924	-	48	143092057	63013
chr6	143029044	143229044	harbor2	chr6	143092419	143092767	DNA/TcMar-Tigger	8924	-	174	143092593	63549
chr6	143029044	143229044	harbor2	chr6	143093065	143094157	DNA/TcMar-Tigger	8924	-	546	143093611	64567
chr6	153903016	154103016	harbor2	chr6	153974126	153974290	DNA/TcMar-Tigger	402	-	82	153974208	71192
chr6	153957261	154157261	harbor2	chr6	153974126	153974290	DNA/TcMar-Tigger	402	-	82	153974208	16947
chr6	153957261	154157261	harbor2	chr6	154048904	154049574	DNA/TcMar-Tigger	3196	-	335	154049239	91978
chr6	90906655	91106655	harbor2	chr6	90929673	90929890	DNA/TcMar-Tigger	1072	-	108	90929781	23126
chr6	90906655	91106655	harbor2	chr6	90939143	90939564	DNA/TcMar-Tigger	532	-	210	90939353	32698
chr6	128525513	128725513	harbor2	chr6	128572258	128572587	DNA/TcMar-Tigger	544	-	164	128572422	46909
chr6	128525513	128725513	harbor2	chr6	128573776	128573943	DNA/TcMar-Tigger	558	-	84	128573860	48347
chr6	128525513	128725513	harbor2	chr6	128574226	128574424	DNA/TcMar-Tigger	440	-	99	128574325	48812
chr6	128525513	128725513	harbor2	chr6	128619392	128619612	DNA/TcMar-Tigger	1012	-	110	128619502	93989
chr6	128525513	128725513	harbor2	chr6	128619621	128619995	DNA/TcMar-Tigger	898	-	187	128619808	94295
chr6	128525513	128725513	harbor2	chr6	128620375	128620621	DNA/TcMar-Tigger	980	-	123	128620498	94985
chr6	160240229	160440229	harbor2	chr6	160311737	160311970	DNA/TcMar-Tigger	1198	-	116	160311853	71624
chr6	160240229	160440229	harbor2	chr6	160339015	160339153	DNA/TcMar-Tigger	458	-	69	160339084	98855
chr6	137384853	137584853	harbor2	chr6	137424542	137424933	DNA/TcMar-Tigger	436	-	196	137424738	39885
chr6	115031139	115231139	harbor2	chr6	115043413	115043652	DNA/TcMar-Tigger	1196	-	120	115043533	12394
chr6	115031139	115231139	harbor2	chr6	115109619	115109858	DNA/TcMar-Tigger	586	-	120	115109739	78600
chr6	115031139	115231139	harbor2	chr6	115129948	115130224	DNA/TcMar-Tigger	518	-	138	115130086	98947
chr6	165505728	165705728	harbor2	chr6	165533237	165533520	DNA/TcMar-Tigger	1573	-	142	165533379	27651
chr6	165505728	165705728	harbor2	chr6	165570771	165570919	DNA/TcMar-Tigger	754	-	74	165570845	65117
chr6	165505728	165705728	harbor2	chr6	165570932	165571044	DNA/TcMar-Tigger	533	-	56	165570988	65260
chr6	122138709	122338709	harbor2	chr6	122201425	122202003	DNA/TcMar-Tigger	5585	-	289	122201714	63005
chr6	122138709	122338709	harbor2	chr6	122202225	122202297	DNA/TcMar-Tigger	5585	-	36	122202261	63552
chr6	122138709	122338709	harbor2	chr6	122202329	122202860	DNA/TcMar-Tigger	5585	-	266	122202595	63886
chr6	62201863	62401863	harbor2	chr6	62204395	62204622	DNA/TcMar-Tigger	1172	-	114	62204509	2646
chr6	62201863	62401863	harbor2	chr6	62204722	62204932	DNA/TcMar-Tigger	765	-	105	62204827	2964
chr6	62201863	62401863	harbor2	chr6	62255123	62255270	DNA/TcMar-Tigger	409	-	74	62255197	53334
chr6	62201863	62401863	harbor2	chr6	62258042	62258261	DNA/TcMar-Tigger	1326	-	110	62258152	56289
chr6	97655208	97855208	harbor2	chr6	97720785	97721653	DNA/TcMar-Tigger	4629	-	434	97721219	66011
chr6	97655208	97855208	harbor2	chr6	97742194	97743265	DNA/TcMar-Tigger	6725	-	536	97742730	87522
chr6	72668379	72868379	harbor2	chr6	72757358	72757722	DNA/TcMar-Tigger	2178	-	182	72757540	89161
chr6	121539229	121739229	harbor2	chr6	121638465	121639200	DNA/TcMar-Tigger	4418	-	368	121638833	99604
chr6	139566587	139766587	harbor2	chr6	139584454	139584873	DNA/TcMar-Tigger	2489	-	210	139584664	18077
chr6	139566587	139766587	harbor2	chr6	139584854	139584926	DNA/TcMar-Tigger	424	-	36	139584890	18303
chr6	139566587	139766587	harbor2	chr6	139662957	139663403	DNA/TcMar-Tigger	2854	-	223	139663180	96593
chr6	146843477	147043477	harbor2	chr6	146934938	146935565	DNA/TcMar-Tigger	2721	-	314	146935252	91775
chr6	133228895	133428895	harbor2	chr6	133299973	133300329	DNA/TcMar-Tigger	2034	-	178	133300151	71256
chr6	120243317	120443317	harbor2	chr6	120282863	120283132	DNA/TcMar-Tigger	1352	-	134	120282997	39680
chr6	120243317	120443317	harbor2	chr6	120283563	120284451	DNA/TcMar-Tigger	5032	-	444	120284007	40690
chr6	120243317	120443317	harbor2	chr6	120333100	120333388	DNA/TcMar-Tigger	1639	-	144	120333244	89927
chr6	132357172	132557172	harbor2	chr6	132368782	132369142	DNA/TcMar-Tigger	1768	-	180	132368962	11790
chr6	132357172	132557172	harbor2	chr6	132369151	132369914	DNA/TcMar-Tigger	4636	-	382	132369533	12361
chr6	162931369	163131369	harbor2	chr6	162989371	162989708	DNA/TcMar-Tigger	1885	-	168	162989539	58170
chr6	162931369	163131369	harbor2	chr6	163011183	163012007	DNA/TcMar-Tigger	4513	-	412	163011595	80226
chr6	23124269	23324269	harbor2	chr6	23204042	23204864	DNA/TcMar-Tigger	3991	-	411	23204453	80184
chr6	170364714	170564714	harbor2	chr6	170379406	170379621	DNA/TcMar-Tigger	1249	-	108	170379514	14800
chr6	170364714	170564714	harbor2	chr6	170388668	170388755	DNA/TcMar-Tigger	1697	-	44	170388712	23998
chr6	170364714	170564714	harbor2	chr6	170388756	170389169	DNA/TcMar-Tigger	2251	-	206	170388962	24248
chr6	170364714	170564714	harbor2	chr6	170389170	170389397	DNA/TcMar-Tigger	1697	-	114	170389284	24570
chr6	170364714	170564714	harbor2	chr6	170405152	170405376	DNA/TcMar-Tigger	1047	-	112	170405264	40550
chr6	170364714	170564714	harbor2	chr6	170405516	170405593	DNA/TcMar-Tigger	407	-	38	170405554	40840
chr6	80852540	81052540	harbor2	chr6	80923666	80924035	DNA/TcMar-Tigger	1800	-	184	80923850	71310
chr6	143585689	143785689	harbor2	chr6	143605997	143606307	DNA/TcMar-Tigger	1077	-	155	143606152	20463
chr6	143585689	143785689	harbor2	chr6	143658437	143658743	DNA/TcMar-Tigger	3418	-	153	143658590	72901
chr6	143585689	143785689	harbor2	chr6	143659048	143659360	DNA/TcMar-Tigger	3418	-	156	143659204	73515
chr6	156328844	156528844	harbor2	chr6	156345584	156346196	DNA/TcMar-Tigger	2977	-	306	156345890	17046
chr6	156328844	156528844	harbor2	chr6	156375772	156376188	DNA/TcMar-Tigger	1222	-	208	156375980	47136
chr6	156328844	156528844	harbor2	chr6	156383681	156383997	DNA/TcMar-Tigger	1973	-	158	156383839	54995
chr6	156328844	156528844	harbor2	chr6	156417951	156418273	DNA/TcMar-Tigger	891	-	161	156418112	89268
chr6	166679815	166879815	harbor2	chr6	166715542	166715746	DNA/TcMar-Tigger	758	-	102	166715644	35829
chr6	166679815	166879815	harbor2	chr6	166716086	166716439	DNA/TcMar-Tigger	1644	-	176	166716262	36447
chr6	166679815	166879815	harbor2	chr6	166716433	166716514	DNA/TcMar-Tigger	453	-	40	166716473	36658
chr6	161856379	162056379	harbor2	chr6	161863756	161864642	DNA/TcMar-Tigger	15517	-	443	161864199	7820
chr6	161856379	162056379	harbor2	chr6	161864954	161866293	DNA/TcMar-Tigger	15517	-	670	161865624	9245
chr6	161856379	162056379	harbor2	chr6	161866601	161866761	DNA/TcMar-Tigger	15517	-	80	161866681	10302
chr6	161856379	162056379	harbor2	chr6	161919909	161920101	DNA/TcMar-Tigger	6446	-	96	161920005	63626
chr6	161856379	162056379	harbor2	chr6	161920402	161920508	DNA/TcMar-Tigger	6446	-	53	161920455	64076
chr6	161856379	162056379	harbor2	chr6	161920805	161921672	DNA/TcMar-Tigger	6446	-	434	161921239	64860
chr6	116187857	116387857	harbor2	chr6	116256258	116256537	DNA/TcMar-Tigger	1473	-	140	116256398	68541
chr6	156263374	156463374	harbor2	chr6	156345584	156346196	DNA/TcMar-Tigger	2977	-	306	156345890	82516
chr6	66837425	67037425	harbor2	chr6	66851037	66851160	DNA/TcMar-Tigger	694	-	62	66851099	13674
chr6	66837425	67037425	harbor2	chr6	66851626	66851954	DNA/TcMar-Tigger	1734	-	164	66851790	14365
chr6	129780150	129980150	harbor2	chr6	129864617	129864819	DNA/TcMar-Tigger	565	-	101	129864718	84568
chr6	129780150	129980150	harbor2	chr6	129870113	129870553	DNA/TcMar-Tigger	769	-	220	129870333	90183
chr6	129780150	129980150	harbor2	chr6	129871020	129871461	DNA/TcMar-Tigger	1025	-	220	129871240	91090
chr6	146888609	147088609	harbor2	chr6	146934938	146935565	DNA/TcMar-Tigger	2721	-	314	146935252	46643
chr6	146888609	147088609	harbor2	chr6	146944541	146945612	DNA/TcMar-Tigger	3690	-	536	146945077	56468
chr6	90147112	90347112	harbor2	chr6	90167111	90167342	DNA/TcMar-Tigger	558	-	116	90167227	20115
chr6	90147112	90347112	harbor2	chr6	90169295	90169537	DNA/TcMar-Tigger	465	-	121	90169416	22304
chr6	159849420	160049420	harbor2	chr6	159860202	159860533	DNA/TcMar-Tigger	1862	-	166	159860368	10948
chr6	158008970	158208970	harbor2	chr6	158094234	158094568	DNA/TcMar-Tigger	1141	-	167	158094401	85431
chr6	167670830	167870830	harbor2	chr6	167702301	167703450	DNA/TcMar-Tigger	6606	-	574	167702875	32045
chr6	167670830	167870830	harbor2	chr6	167715331	167715746	DNA/TcMar-Tigger	2098	-	208	167715539	44709
chr6	127770974	127970974	harbor2	chr6	127851913	127852023	DNA/TcMar-Tigger	577	-	55	127851968	80994
chr6	127770974	127970974	harbor2	chr6	127869170	127869560	DNA/TcMar-Tigger	2075	-	195	127869365	98391
chr6	72276611	72476611	harbor2	chr6	72312881	72313118	DNA/TcMar-Tigger	1261	-	118	72312999	36388
chr6	165066872	165266872	harbor2	chr6	165070972	165071701	DNA/TcMar-Tigger	3838	-	364	165071336	4464
chr6	165066872	165266872	harbor2	chr6	165071692	165071799	DNA/TcMar-Tigger	650	-	54	165071746	4874
chr6	167536745	167736745	harbor2	chr6	167536472	167537398	DNA/TcMar-Tigger	8955	-	463	167536935	190
chr6	167536745	167736745	harbor2	chr6	167537726	167538381	DNA/TcMar-Tigger	3567	-	328	167538054	1309
chr6	167536745	167736745	harbor2	chr6	167539513	167539802	DNA/TcMar-Tigger	1474	-	144	167539657	2912
chr6	167536745	167736745	harbor2	chr6	167586902	167587224	DNA/TcMar-Tigger	1693	-	161	167587063	50318
chr6	70577198	70777198	harbor2	chr6	70622442	70622516	DNA/TcMar-Tigger	434	-	37	70622479	45281
chr6	70577198	70777198	harbor2	chr6	70622515	70622814	DNA/TcMar-Tigger	1772	-	150	70622665	45467
chr6	117290755	117490755	harbor2	chr6	117352335	117352528	DNA/TcMar-Tigger	970	-	96	117352431	61676
chr6	145015612	145215612	harbor2	chr6	145084120	145084443	DNA/TcMar-Tigger	1739	-	162	145084282	68670
chr6	125468561	125668561	harbor2	chr6	125498256	125498449	DNA/TcMar-Tigger	9407	-	96	125498352	29791
chr6	125468561	125668561	harbor2	chr6	125498748	125499997	DNA/TcMar-Tigger	9407	-	624	125499372	30811
chr6	125468561	125668561	harbor2	chr6	125500001	125500870	DNA/TcMar-Tigger	5863	-	434	125500435	31874
chr6	125468561	125668561	harbor2	chr6	125547355	125547564	DNA/TcMar-Tigger	615	-	104	125547459	78898
chr6	150209643	150409643	harbor2	chr6	150233276	150234138	DNA/TcMar-Tigger	4524	-	431	150233707	24064
chr6	72593689	72793689	harbor2	chr6	72595517	72595866	DNA/TcMar-Tigger	799	-	174	72595691	2002
chr6	72593689	72793689	harbor2	chr6	72595891	72596008	DNA/TcMar-Tigger	484	-	58	72595949	2260
chr6	72593689	72793689	harbor2	chr6	72596086	72596163	DNA/TcMar-Tigger	484	-	38	72596124	2435
chr6	72593689	72793689	harbor2	chr6	72644113	72644415	DNA/TcMar-Tigger	1908	-	151	72644264	50575
chr6	72593689	72793689	harbor2	chr6	72644415	72644582	DNA/TcMar-Tigger	760	-	84	72644499	50810
chr6	161954446	162154446	harbor2	chr6	161987403	161987716	DNA/TcMar-Tigger	1406	-	156	161987559	33113
chr6	104218893	104418893	harbor2	chr6	104218812	104218980	DNA/TcMar-Tigger	409	-	84	104218896	3
chr6	104218893	104418893	harbor2	chr6	104274019	104274957	DNA/TcMar-Tigger	5576	-	469	104274488	55595
chr6	104218893	104418893	harbor2	chr6	104275257	104275272	DNA/TcMar-Tigger	5576	-	8	104275265	56372
chr6	104218893	104418893	harbor2	chr6	104277846	104279295	DNA/TcMar-Tigger	8776	-	724	104278570	59677
chr6	104218893	104418893	harbor2	chr6	104291368	104291683	DNA/TcMar-Tigger	1704	-	158	104291526	72633
chr6	104218893	104418893	harbor2	chr6	104312708	104313841	DNA/TcMar-Tigger	6052	-	566	104313274	94381
chr6	143423242	143623242	harbor2	chr6	143449565	143449648	DNA/TcMar-Tigger	505	-	42	143449607	26365
chr6	143423242	143623242	harbor2	chr6	143493299	143493535	DNA/TcMar-Tigger	582	-	118	143493417	70175
chr6	143423242	143623242	harbor2	chr6	143493885	143493939	DNA/TcMar-Tigger	582	-	27	143493912	70670
chr6	155757033	155957033	harbor2	chr6	155763317	155763765	DNA/TcMar-Tigger	2517	-	224	155763541	6508
chr6	113526634	113726634	harbor2	chr6	113540648	113540983	DNA/TcMar-Tigger	2064	-	168	113540816	14182
chr6	113526634	113726634	harbor2	chr6	113544221	113544580	DNA/TcMar-Tigger	817	-	180	113544401	17767
chr6	162738529	162938529	harbor2	chr6	162804832	162805173	DNA/TcMar-Tigger	1973	-	170	162805002	66473
chr6	162738529	162938529	harbor2	chr6	162805188	162806100	DNA/TcMar-Tigger	14645	-	456	162805644	67115
chr6	162738529	162938529	harbor2	chr6	162811793	162811932	DNA/TcMar-Tigger	503	-	70	162811863	73334
chr6	162738529	162938529	harbor2	chr6	162806410	162807876	DNA/TcMar-Tigger	14645	-	733	162807143	68614
chr6	101029160	101229160	harbor2	chr6	101035297	101035664	DNA/TcMar-Tigger	1480	-	184	101035481	6321
chr6	165795412	165995412	harbor2	chr6	165822100	165822244	DNA/TcMar-Tigger	731	-	72	165822172	26760
chr6	165795412	165995412	harbor2	chr6	165823132	165823482	DNA/TcMar-Tigger	4864	-	175	165823307	27895
chr6	165795412	165995412	harbor2	chr6	165823526	165823892	DNA/TcMar-Tigger	4864	-	183	165823709	28297
chr6	165795412	165995412	harbor2	chr6	165858972	165859202	DNA/TcMar-Tigger	1232	-	115	165859087	63675
chr6	165795412	165995412	harbor2	chr6	165860122	165860171	DNA/TcMar-Tigger	1124	-	24	165860146	64734
chr6	165795412	165995412	harbor2	chr6	165860482	165860724	DNA/TcMar-Tigger	1124	-	121	165860603	65191
chr6	165795412	165995412	harbor2	chr6	165879551	165879873	DNA/TcMar-Tigger	1170	-	161	165879712	84300
chr6	165795412	165995412	harbor2	chr6	165822448	165822843	DNA/TcMar-Tigger	4864	-	198	165822646	27234
chr6	161903771	162103771	harbor2	chr6	161919909	161920101	DNA/TcMar-Tigger	6446	-	96	161920005	16234
chr6	161903771	162103771	harbor2	chr6	161920402	161920508	DNA/TcMar-Tigger	6446	-	53	161920455	16684
chr6	161903771	162103771	harbor2	chr6	161920805	161921672	DNA/TcMar-Tigger	6446	-	434	161921239	17468
chr6	161903771	162103771	harbor2	chr6	161987403	161987716	DNA/TcMar-Tigger	1406	-	156	161987559	83788
chr6	140870200	141070200	harbor2	chr6	140919706	140920159	DNA/TcMar-Tigger	2242	-	226	140919932	49732
chr6	123435705	123635705	harbor2	chr6	123490203	123490297	DNA/TcMar-Tigger	447	-	47	123490250	54545
chr6	123435705	123635705	harbor2	chr6	123490299	123490557	DNA/TcMar-Tigger	1360	-	129	123490428	54723
chr6	156818824	157018824	harbor2	chr6	156857704	156857969	DNA/TcMar-Tigger	1686	-	132	156857836	39012
chr6	156818824	157018824	harbor2	chr6	156858863	156859116	DNA/TcMar-Tigger	1433	-	126	156858989	40165
chr6	156818824	157018824	harbor2	chr6	156859274	156859338	DNA/TcMar-Tigger	463	-	32	156859306	40482
chr6	156954378	157154378	harbor2	chr6	156959207	156959402	DNA/TcMar-Tigger	943	-	98	156959305	4927
chr6	166940676	167140676	harbor2	chr6	166993983	166994108	DNA/TcMar-Tigger	15287	-	62	166994045	53369
chr6	166940676	167140676	harbor2	chr6	166994403	166995740	DNA/TcMar-Tigger	15287	-	668	166995071	54395
chr6	166940676	167140676	harbor2	chr6	166996046	166997158	DNA/TcMar-Tigger	15287	-	556	166996602	55926
chr6	166940676	167140676	harbor2	chr6	167029339	167029575	DNA/TcMar-Tigger	1361	-	118	167029457	88781
chr6	156583979	156783979	harbor2	chr6	156680748	156680977	DNA/TcMar-Tigger	735	-	114	156680862	96883
chr6	109930813	110130813	harbor2	chr6	109958970	109959237	DNA/TcMar-Tigger	460	-	134	109959104	28291
chr6	161264527	161464527	harbor2	chr6	161303655	161303852	DNA/TcMar-Tigger	495	-	98	161303753	39226
chr6	154734902	154934902	harbor2	chr6	154765882	154767529	DNA/TcMar-Tigger	14569	-	824	154766706	31804
chr6	154734902	154934902	harbor2	chr6	154767839	154768781	DNA/TcMar-Tigger	14569	-	471	154768310	33408
chr6	154734902	154934902	harbor2	chr6	154769087	154769140	DNA/TcMar-Tigger	14569	-	26	154769113	34211
chr6	167949845	168149845	harbor2	chr6	167986387	167986711	DNA/TcMar-Tigger	915	-	162	167986549	36704
chr6	167949845	168149845	harbor2	chr6	168001145	168001359	DNA/TcMar-Tigger	832	-	107	168001252	51407
chr6	138097019	138297019	harbor2	chr6	138196218	138196822	DNA/TcMar-Tigger	6826	-	302	138196520	99501
chr6	163531058	163731058	harbor2	chr6	163551916	163552203	DNA/TcMar-Tigger	2215	-	144	163552060	21002
chr6	163531058	163731058	harbor2	chr6	163552510	163552660	DNA/TcMar-Tigger	2215	-	75	163552585	21527
chr6	163531058	163731058	harbor2	chr6	163560246	163560437	DNA/TcMar-Tigger	850	-	96	163560342	29284
chr6	163531058	163731058	harbor2	chr6	163564217	163564359	DNA/TcMar-Tigger	811	-	71	163564288	33230
chr6	163531058	163731058	harbor2	chr6	163564358	163564432	DNA/TcMar-Tigger	479	-	37	163564395	33337
chr6	163531058	163731058	harbor2	chr6	163585419	163585509	DNA/TcMar-Tigger	1654	-	45	163585464	54406
chr6	163531058	163731058	harbor2	chr6	163585788	163586210	DNA/TcMar-Tigger	1778	-	211	163585999	54941
chr6	168074650	168274650	harbor2	chr6	168109958	168110411	DNA/TcMar-Tigger	549	-	226	168110184	35534
chr6	168074650	168274650	harbor2	chr6	168137052	168137395	DNA/TcMar-Tigger	1518	-	172	168137224	62574
chr6	168074650	168274650	harbor2	chr6	168147842	168148416	DNA/TcMar-Tigger	2193	-	287	168148129	73479
chr6	168074650	168274650	harbor2	chr6	168148427	168148579	DNA/TcMar-Tigger	768	-	76	168148503	73853
chr6	83276125	83476125	harbor2	chr6	83366771	83368437	DNA/TcMar-Tigger	10698	-	833	83367604	91479
chr6	158066418	158266418	harbor2	chr6	158094234	158094568	DNA/TcMar-Tigger	1141	-	167	158094401	27983
chr6	158066418	158266418	harbor2	chr6	158163299	158163415	DNA/TcMar-Tigger	495	-	58	158163357	96939
chr6	144120730	144320730	harbor2	chr6	144167259	144167604	DNA/TcMar-Tigger	17773	-	172	144167431	46701
chr6	144120730	144320730	harbor2	chr6	144167916	144169663	DNA/TcMar-Tigger	17773	-	874	144168790	48060
chr6	144120730	144320730	harbor2	chr6	144169972	144170591	DNA/TcMar-Tigger	17773	-	310	144170282	49552
chr6	144120730	144320730	harbor2	chr6	144211164	144211254	DNA/TcMar-Tigger	528	-	45	144211209	90479
chr6	144120730	144320730	harbor2	chr6	144211248	144211505	DNA/TcMar-Tigger	1258	-	128	144211376	90646
chr6	164416284	164616284	harbor2	chr6	164464803	164465010	DNA/TcMar-Tigger	980	-	104	164464907	48623
chr6	108950817	109150817	harbor2	chr6	108967502	108967704	DNA/TcMar-Tigger	1107	-	101	108967603	16786
chr6	108950817	109150817	harbor2	chr6	109024553	109024904	DNA/TcMar-Tigger	1649	-	176	109024729	73912
chr6	108950817	109150817	harbor2	chr6	109031817	109032017	DNA/TcMar-Tigger	1206	-	100	109031917	81100
chr6	108950817	109150817	harbor2	chr6	109037997	109038211	DNA/TcMar-Tigger	1237	-	107	109038104	87287
chr6	108950817	109150817	harbor2	chr6	109038512	109038784	DNA/TcMar-Tigger	1237	-	136	109038648	87831
chr6	96301735	96501735	harbor2	chr6	96323062	96323391	DNA/TcMar-Tigger	1052	-	164	96323226	21491
chr6	96301735	96501735	harbor2	chr6	96382054	96382709	DNA/TcMar-Tigger	1956	-	328	96382382	80647
chr6	112793836	112993836	harbor2	chr6	112830843	112831410	DNA/TcMar-Tigger	2718	-	284	112831127	37291
chr6	112793836	112993836	harbor2	chr6	112862451	112863170	DNA/TcMar-Tigger	3880	-	360	112862811	68975
chr6	134125113	134325113	harbor2	chr6	134193246	134193445	DNA/TcMar-Tigger	1073	-	100	134193346	68233
chr6	134125113	134325113	harbor2	chr6	134193855	134194202	DNA/TcMar-Tigger	1832	-	174	134194029	68916
chr6	161270863	161470863	harbor2	chr6	161303655	161303852	DNA/TcMar-Tigger	495	-	98	161303753	32890
chr6	158436311	158636311	harbor2	chr6	158474681	158474904	DNA/TcMar-Tigger	1255	-	112	158474793	38482
chr6	158436311	158636311	harbor2	chr6	158517678	158518007	DNA/TcMar-Tigger	1480	-	164	158517842	81531
chr6	131451807	131651807	harbor2	chr6	131490439	131490536	DNA/TcMar-Tigger	458	-	48	131490487	38680
chr6	127992873	128192873	harbor2	chr6	128072284	128072500	DNA/TcMar-Tigger	1419	-	108	128072392	79519
chr6	154697768	154897768	harbor2	chr6	154710161	154710290	DNA/TcMar-Tigger	797	-	64	154710225	12457
chr6	154697768	154897768	harbor2	chr6	154710616	154710908	DNA/TcMar-Tigger	1384	-	146	154710762	12994
chr6	154697768	154897768	harbor2	chr6	154765882	154767529	DNA/TcMar-Tigger	14569	-	824	154766706	68938
chr6	154697768	154897768	harbor2	chr6	154767839	154768781	DNA/TcMar-Tigger	14569	-	471	154768310	70542
chr6	154697768	154897768	harbor2	chr6	154769087	154769140	DNA/TcMar-Tigger	14569	-	26	154769113	71345
chr6	166093247	166293247	harbor2	chr6	166170806	166171002	DNA/TcMar-Tigger	1058	-	98	166170904	77657
chr6	170617719	170817719	harbor2	chr6	170678678	170679135	DNA/TcMar-Tigger	2417	-	228	170678906	61187
chr6	149360081	149560081	harbor2	chr6	149422412	149422506	DNA/TcMar-Tigger	1267	-	47	149422459	62378
chr6	149360081	149560081	harbor2	chr6	149421892	149422103	DNA/TcMar-Tigger	1267	-	106	149421998	61917
chr6	165728998	165928998	harbor2	chr6	165822100	165822244	DNA/TcMar-Tigger	731	-	72	165822172	93174
chr6	165728998	165928998	harbor2	chr6	165823132	165823482	DNA/TcMar-Tigger	4864	-	175	165823307	94309
chr6	165728998	165928998	harbor2	chr6	165823526	165823892	DNA/TcMar-Tigger	4864	-	183	165823709	94711
chr6	165728998	165928998	harbor2	chr6	165822448	165822843	DNA/TcMar-Tigger	4864	-	198	165822646	93648
chr6	125081735	125281735	harbor2	chr6	125158758	125159835	DNA/TcMar-Tigger	7082	-	538	125159296	77561
chr6	125081735	125281735	harbor2	chr6	125160180	125160351	DNA/TcMar-Tigger	7082	-	86	125160266	78531
chr6	125081735	125281735	harbor2	chr6	125160529	125160850	DNA/TcMar-Tigger	6638	-	160	125160689	78954
chr6	125081735	125281735	harbor2	chr6	125161153	125161979	DNA/TcMar-Tigger	6638	-	413	125161566	79831
chr6	109474743	109674743	harbor2	chr6	109479382	109479531	DNA/TcMar-Tigger	818	-	74	109479456	4713
chr6	109474743	109674743	harbor2	chr6	109500657	109500736	DNA/TcMar-Tigger	791	-	40	109500697	25954
chr6	109474743	109674743	harbor2	chr6	109501033	109501243	DNA/TcMar-Tigger	791	-	105	109501138	26395
chr6	109474743	109674743	harbor2	chr6	109561926	109562083	DNA/TcMar-Tigger	429	-	78	109562004	87261
chr6	161292729	161492729	harbor2	chr6	161303655	161303852	DNA/TcMar-Tigger	495	-	98	161303753	11024
chr6	128827983	129027983	harbor2	chr6	128864133	128864259	DNA/TcMar-Tigger	428	-	63	128864196	36213
chr6	128827983	129027983	harbor2	chr6	128866835	128867242	DNA/TcMar-Tigger	804	-	204	128867039	39056
chr6	150573167	150773167	harbor2	chr6	150593072	150593363	DNA/TcMar-Tigger	858	-	146	150593218	20051
chr6	150573167	150773167	harbor2	chr6	150593791	150593979	DNA/TcMar-Tigger	1644	-	94	150593885	20718
chr6	150573167	150773167	harbor2	chr6	150594278	150594425	DNA/TcMar-Tigger	1644	-	74	150594352	21185
chr6	150573167	150773167	harbor2	chr6	150615135	150615486	DNA/TcMar-Tigger	426	-	176	150615311	42144
chr6	150573167	150773167	harbor2	chr6	150650919	150651233	DNA/TcMar-Tigger	1728	-	157	150651076	77909
chr6	119577673	119777673	harbor2	chr6	119595077	119595299	DNA/TcMar-Tigger	11098	-	111	119595188	17515
chr6	119577673	119777673	harbor2	chr6	119595596	119597147	DNA/TcMar-Tigger	11098	-	776	119596372	18699
chr6	119577673	119777673	harbor2	chr6	119598157	119598790	DNA/TcMar-Tigger	3388	-	316	119598473	20800
chr6	119577673	119777673	harbor2	chr6	119633044	119633347	DNA/TcMar-Tigger	1276	-	152	119633196	55523
chr6	156584004	156784004	harbor2	chr6	156680748	156680977	DNA/TcMar-Tigger	735	-	114	156680862	96858
chr6	118508870	118708870	harbor2	chr6	118560174	118560601	DNA/TcMar-Tigger	2120	-	214	118560388	51518
chr6	121774161	121974161	harbor2	chr6	121839296	121839378	DNA/TcMar-Tigger	2050	-	41	121839337	65176
chr6	121774161	121974161	harbor2	chr6	121839674	121839966	DNA/TcMar-Tigger	2050	-	146	121839820	65659
chr6	65337740	65537740	harbor2	chr6	65419779	65422144	DNA/TcMar-Tigger	13512	-	1182	65420961	83221
chr6	144827223	145027223	harbor2	chr6	144837568	144837758	DNA/TcMar-Tigger	516	-	95	144837663	10440
chr6	144827223	145027223	harbor2	chr6	144868898	144869262	DNA/TcMar-Tigger	2361	-	182	144869080	41857
chr6	136359282	136559282	harbor2	chr6	136369012	136369226	DNA/TcMar-Tigger	998	-	107	136369119	9837
chr6	136359282	136559282	harbor2	chr6	136425060	136425304	DNA/TcMar-Tigger	1368	-	122	136425182	65900
chr6	160638041	160838041	harbor2	chr6	160709843	160710535	DNA/TcMar-Tigger	1444	-	346	160710189	72148
chr6	160638041	160838041	harbor2	chr6	160711232	160711528	DNA/TcMar-Tigger	1136	-	148	160711380	73339
chr6	170274809	170474809	harbor2	chr6	170277532	170277711	DNA/TcMar-Tigger	907	-	90	170277622	2813
chr6	170274809	170474809	harbor2	chr6	170309765	170310083	DNA/TcMar-Tigger	479	-	159	170309924	35115
chr6	170274809	170474809	harbor2	chr6	170327535	170327637	DNA/TcMar-Tigger	434	-	51	170327586	52777
chr6	170274809	170474809	harbor2	chr6	170327631	170327733	DNA/TcMar-Tigger	490	-	51	170327682	52873
chr6	170274809	170474809	harbor2	chr6	170327724	170327829	DNA/TcMar-Tigger	461	-	52	170327776	52967
chr6	170274809	170474809	harbor2	chr6	170345845	170346155	DNA/TcMar-Tigger	1526	-	155	170346000	71191
chr6	170274809	170474809	harbor2	chr6	170356531	170356767	DNA/TcMar-Tigger	1257	-	118	170356649	81840
chr6	170274809	170474809	harbor2	chr6	170327917	170328343	DNA/TcMar-Tigger	1909	-	213	170328130	53321
chr6	154042696	154242696	harbor2	chr6	154048904	154049574	DNA/TcMar-Tigger	3196	-	335	154049239	6543
chr6	83769979	83969979	harbor2	chr6	83774820	83775143	DNA/TcMar-Tigger	1359	-	162	83774982	5003
chr6	83769979	83969979	harbor2	chr6	83820614	83820849	DNA/TcMar-Tigger	1622	-	118	83820732	50753
chr6	83769979	83969979	harbor2	chr6	83821154	83821196	DNA/TcMar-Tigger	1622	-	21	83821175	51196
chr6	83769979	83969979	harbor2	chr6	83821203	83821368	DNA/TcMar-Tigger	915	-	82	83821285	51306
chr6	83769979	83969979	harbor2	chr6	83866302	83866528	DNA/TcMar-Tigger	1293	-	113	83866415	96436
chr6	169362022	169562022	harbor2	chr6	169460678	169460914	DNA/TcMar-Tigger	1203	-	118	169460796	98774
chr6	116240826	116440826	harbor2	chr6	116256258	116256537	DNA/TcMar-Tigger	1473	-	140	116256398	15572
chr6	116240826	116440826	harbor2	chr6	116296077	116296388	DNA/TcMar-Tigger	1370	-	156	116296233	55407
chr6	116240826	116440826	harbor2	chr6	116304328	116304644	DNA/TcMar-Tigger	1014	-	158	116304486	63660
chr6	84171601	84371601	harbor2	chr6	84225163	84225524	DNA/TcMar-Tigger	1668	-	180	84225343	53742
chr6	169640899	169840899	harbor2	chr6	169642852	169643080	DNA/TcMar-Tigger	1195	-	114	169642966	2067
chr6	169640899	169840899	harbor2	chr6	169687667	169687903	DNA/TcMar-Tigger	1165	-	118	169687785	46886
chr6	169640899	169840899	harbor2	chr6	169717298	169717634	DNA/TcMar-Tigger	1895	-	168	169717466	76567
chr6	169640899	169840899	harbor2	chr6	169728484	169728976	DNA/TcMar-Tigger	1836	-	246	169728730	87831
chr6	169640899	169840899	harbor2	chr6	169728982	169729585	DNA/TcMar-Tigger	3820	-	302	169729284	88385
chr6	169640899	169840899	harbor2	chr6	169729972	169730203	DNA/TcMar-Tigger	3820	-	116	169730088	89189
chr7	66896286	67096286	harbor2	chr7	66953484	66953612	DNA/TcMar-Tigger	1047	-	64	66953548	57262
chr7	66896286	67096286	harbor2	chr7	66953905	66953935	DNA/TcMar-Tigger	1047	-	15	66953920	57634
chr7	66896286	67096286	harbor2	chr7	66954243	66954375	DNA/TcMar-Tigger	1047	-	66	66954309	58023
chr7	66896286	67096286	harbor2	chr7	66954700	66954757	DNA/TcMar-Tigger	1047	-	28	66954728	58442
chr7	116098646	116298646	harbor2	chr7	116177804	116178184	DNA/TcMar-Tigger	1955	-	190	116177994	79348
chr7	116098646	116298646	harbor2	chr7	116195621	116196820	DNA/TcMar-Tigger	6884	-	600	116196221	97575
chr7	129794382	129994382	harbor2	chr7	129873947	129874311	DNA/TcMar-Tigger	667	-	182	129874129	79747
chr7	129794382	129994382	harbor2	chr7	129874609	129875014	DNA/TcMar-Tigger	667	-	202	129874811	80429
chr7	152391724	152591724	harbor2	chr7	152491543	152491893	DNA/TcMar-Tigger	634	-	175	152491718	99994
chr7	132080533	132280533	harbor2	chr7	132082507	132082674	DNA/TcMar-Tigger	696	-	84	132082591	2058
chr7	135320164	135520164	harbor2	chr7	135399177	135399525	DNA/TcMar-Tigger	1806	-	174	135399351	79187
chr7	135320164	135520164	harbor2	chr7	135408483	135408871	DNA/TcMar-Tigger	2263	-	194	135408677	88513
chr7	96290428	96490428	harbor2	chr7	96299675	96300037	DNA/TcMar-Tigger	1758	-	181	96299856	9428
chr7	71902313	72102313	harbor2	chr7	71928456	71928563	DNA/TcMar-Tigger	608	-	54	71928510	26197
chr7	71902313	72102313	harbor2	chr7	71929893	71930230	DNA/TcMar-Tigger	2126	-	168	71930061	27748
chr7	112010964	112210964	harbor2	chr7	112051940	112052272	DNA/TcMar-Tigger	2014	-	166	112052106	41142
chr7	112010964	112210964	harbor2	chr7	112055033	112055583	DNA/TcMar-Tigger	2716	-	275	112055308	44344
chr7	112010964	112210964	harbor2	chr7	112063318	112063654	DNA/TcMar-Tigger	1542	-	168	112063486	52522
chr7	155116397	155316397	harbor2	chr7	155121429	155122388	DNA/TcMar-Tigger	4291	-	480	155121909	5512
chr7	155116397	155316397	harbor2	chr7	155122708	155122743	DNA/TcMar-Tigger	4291	-	18	155122726	6329
chr7	106812202	107012202	harbor2	chr7	106893741	106894079	DNA/TcMar-Tigger	2029	-	169	106893910	81708
chr7	148288457	148488457	harbor2	chr7	148371648	148371918	DNA/TcMar-Tigger	5148	-	135	148371783	83326
chr7	148288457	148488457	harbor2	chr7	148372231	148372426	DNA/TcMar-Tigger	5148	-	98	148372329	83872
chr7	148288457	148488457	harbor2	chr7	148372737	148373175	DNA/TcMar-Tigger	5148	-	219	148372956	84499
chr7	148288457	148488457	harbor2	chr7	148373522	148373622	DNA/TcMar-Tigger	579	-	50	148373572	85115
chr7	148288457	148488457	harbor2	chr7	148373480	148373522	DNA/TcMar-Tigger	5148	-	21	148373501	85044
chr7	147003517	147203517	harbor2	chr7	147093462	147093587	DNA/TcMar-Tigger	734	-	62	147093524	90007
chr7	135866803	136066803	harbor2	chr7	135899881	135900491	DNA/TcMar-Tigger	4535	-	305	135900186	33383
chr7	135866803	136066803	harbor2	chr7	135900764	135900902	DNA/TcMar-Tigger	4535	-	69	135900833	34030
chr7	135866803	136066803	harbor2	chr7	135901010	135901361	DNA/TcMar-Tigger	2024	-	176	135901186	34383
chr7	135866803	136066803	harbor2	chr7	135937454	135937631	DNA/TcMar-Tigger	890	-	88	135937542	70739
chr7	135866803	136066803	harbor2	chr7	135944791	135944879	DNA/TcMar-Tigger	492	-	44	135944835	78032
chr7	135866803	136066803	harbor2	chr7	135944899	135945859	DNA/TcMar-Tigger	5581	-	480	135945379	78576
chr7	135866803	136066803	harbor2	chr7	135945898	135946118	DNA/TcMar-Tigger	983	-	110	135946008	79205
chr7	135866803	136066803	harbor2	chr7	135966228	135966577	DNA/TcMar-Tigger	1510	-	174	135966402	99599
chr7	50551944	50751944	harbor2	chr7	50585431	50585692	DNA/TcMar-Tigger	495	-	130	50585561	33617
chr7	50551944	50751944	harbor2	chr7	50606556	50607353	DNA/TcMar-Tigger	4068	-	398	50606954	55010
chr7	50551944	50751944	harbor2	chr7	50623771	50623998	DNA/TcMar-Tigger	1308	-	114	50623885	71941
chr7	130801709	131001709	harbor2	chr7	130876990	130877293	DNA/TcMar-Tigger	1825	-	152	130877142	75433
chr7	129161134	129361134	harbor2	chr7	129248258	129248588	DNA/TcMar-Tigger	1520	-	165	129248423	87289
chr7	114574153	114774153	harbor2	chr7	114609252	114610267	DNA/TcMar-Tigger	5336	-	508	114609760	35607
chr7	117603072	117803072	harbor2	chr7	117669195	117669502	DNA/TcMar-Tigger	1577	-	154	117669349	66277
chr7	117603072	117803072	harbor2	chr7	117675245	117675690	DNA/TcMar-Tigger	1995	-	222	117675467	72395
chr7	155300054	155500054	harbor2	chr7	155310375	155310600	DNA/TcMar-Tigger	1199	-	112	155310487	10433
chr7	155300054	155500054	harbor2	chr7	155323768	155323901	DNA/TcMar-Tigger	819	-	66	155323834	23780
chr7	64083292	64283292	harbor2	chr7	64121763	64121775	DNA/TcMar-Tigger	663	-	6	64121769	38477
chr7	64083292	64283292	harbor2	chr7	64122062	64122190	DNA/TcMar-Tigger	663	-	64	64122126	38834
chr7	150158504	150358504	harbor2	chr7	150243546	150243878	DNA/TcMar-Tigger	1801	-	166	150243712	85208
chr7	113636993	113836993	harbor2	chr7	113662735	113663080	DNA/TcMar-Tigger	1465	-	172	113662907	25914
chr7	113636993	113836993	harbor2	chr7	113680057	113680480	DNA/TcMar-Tigger	2354	-	212	113680269	43276
chr7	113636993	113836993	harbor2	chr7	113714286	113714684	DNA/TcMar-Tigger	2035	-	199	113714485	77492
chr7	113636993	113836993	harbor2	chr7	113727002	113727239	DNA/TcMar-Tigger	1115	-	118	113727120	90127
chr7	150149002	150349002	harbor2	chr7	150243546	150243878	DNA/TcMar-Tigger	1801	-	166	150243712	94710
chr7	68941540	69141540	harbor2	chr7	68960615	68960806	DNA/TcMar-Tigger	914	-	96	68960711	19171
chr7	68941540	69141540	harbor2	chr7	68970034	68970680	DNA/TcMar-Tigger	2853	-	323	68970357	28817
chr7	157089570	157289570	harbor2	chr7	157141361	157141685	DNA/TcMar-Tigger	1170	-	162	157141523	51953
chr7	130790798	130990798	harbor2	chr7	130876990	130877293	DNA/TcMar-Tigger	1825	-	152	130877142	86344
chr7	119066310	119266310	harbor2	chr7	119157151	119159184	DNA/TcMar-Tigger	4528	-	1016	119158167	91857
chr7	119066310	119266310	harbor2	chr7	119161406	119161800	DNA/TcMar-Tigger	1810	-	197	119161603	95293
chr7	138153572	138353572	harbor2	chr7	138156288	138157098	DNA/TcMar-Tigger	4026	-	405	138156693	3121
chr7	138153572	138353572	harbor2	chr7	138229994	138230640	DNA/TcMar-Tigger	4299	-	323	138230317	76745
chr7	138153572	138353572	harbor2	chr7	138230926	138231455	DNA/TcMar-Tigger	3693	-	264	138231190	77618
chr7	138153572	138353572	harbor2	chr7	138232079	138232138	DNA/TcMar-Tigger	3693	-	30	138232109	78537
chr7	138153572	138353572	harbor2	chr7	138233597	138233733	DNA/TcMar-Tigger	844	-	68	138233665	80093
chr7	143403404	143603404	harbor2	chr7	143448953	143449088	DNA/TcMar-Tigger	617	-	68	143449021	45617
chr7	8695916	8895916	harbor2	chr7	8732768	8732868	DNA/TcMar-Tigger	533	-	50	8732818	36902
chr7	8695916	8895916	harbor2	chr7	8739622	8739893	DNA/TcMar-Tigger	1426	-	136	8739758	43842
chr7	8695916	8895916	harbor2	chr7	8739894	8740000	DNA/TcMar-Tigger	620	-	53	8739947	44031
chr7	105131952	105331952	harbor2	chr7	105139895	105140253	DNA/TcMar-Tigger	1821	-	179	105140074	8122
chr7	105131952	105331952	harbor2	chr7	105160802	105160928	DNA/TcMar-Tigger	1016	-	63	105160865	28913
chr7	105131952	105331952	harbor2	chr7	105161225	105161314	DNA/TcMar-Tigger	1016	-	44	105161269	29317
chr7	40787092	40987092	harbor2	chr7	40831448	40831726	DNA/TcMar-Tigger	509	-	139	40831587	44495
chr7	153442944	153642944	harbor2	chr7	153527323	153527647	DNA/TcMar-Tigger	1704	-	162	153527485	84541
chr7	153100017	153300017	harbor2	chr7	153174249	153174518	DNA/TcMar-Tigger	5125	-	134	153174383	74366
chr7	153100017	153300017	harbor2	chr7	153174780	153175508	DNA/TcMar-Tigger	5125	-	364	153175144	75127
chr7	57446033	57646033	harbor2	chr7	57510503	57511337	DNA/TcMar-Tigger	4349	-	417	57510920	64887
chr7	57446033	57646033	harbor2	chr7	57511341	57511541	DNA/TcMar-Tigger	825	-	100	57511441	65408
chr7	134700347	134900347	harbor2	chr7	134777878	134778006	DNA/TcMar-Tigger	443	-	64	134777942	77595
chr7	130868684	131068684	harbor2	chr7	130876990	130877293	DNA/TcMar-Tigger	1825	-	152	130877142	8458
chr7	130868684	131068684	harbor2	chr7	130965814	130965933	DNA/TcMar-Tigger	447	-	60	130965874	97190
chr7	130868684	131068684	harbor2	chr7	130966368	130966402	DNA/TcMar-Tigger	447	-	17	130966385	97701
chr7	157787057	157987057	harbor2	chr7	157806113	157806330	DNA/TcMar-Tigger	1119	-	108	157806221	19164
chr7	78324598	78524598	harbor2	chr7	78370688	78370885	DNA/TcMar-Tigger	809	-	98	78370786	46188
chr7	139222123	139422123	harbor2	chr7	139249281	139249691	DNA/TcMar-Tigger	951	-	205	139249486	27363
chr7	139222123	139422123	harbor2	chr7	139250001	139250015	DNA/TcMar-Tigger	951	-	7	139250008	27885
chr7	139222123	139422123	harbor2	chr7	139277254	139277557	DNA/TcMar-Tigger	1743	-	152	139277406	55283
chr7	139222123	139422123	harbor2	chr7	139277757	139278077	DNA/TcMar-Tigger	1689	-	160	139277917	55794
chr7	120282487	120482487	harbor2	chr7	120355096	120355265	DNA/TcMar-Tigger	1069	-	84	120355180	72693
chr7	120282487	120482487	harbor2	chr7	120355562	120355783	DNA/TcMar-Tigger	1069	-	110	120355672	73185
chr7	156237581	156437581	harbor2	chr7	156275026	156275383	DNA/TcMar-Tigger	641	-	178	156275204	37623
chr7	156237581	156437581	harbor2	chr7	156322678	156325069	DNA/TcMar-Tigger	15018	-	1196	156323874	86293
chr7	156237581	156437581	harbor2	chr7	156335225	156335857	DNA/TcMar-Tigger	2708	-	316	156335541	97960
chr7	118350414	118550414	harbor2	chr7	118363417	118363580	DNA/TcMar-Tigger	468	-	82	118363499	13085
chr7	118350414	118550414	harbor2	chr7	118408273	118408590	DNA/TcMar-Tigger	1837	-	158	118408431	58017
chr7	118350414	118550414	harbor2	chr7	118447052	118449078	DNA/TcMar-Tigger	12517	-	1013	118448065	97651
chr7	85894966	86094966	harbor2	chr7	85943401	85943726	DNA/TcMar-Tigger	580	-	162	85943563	48597
chr7	154054491	154254491	harbor2	chr7	154142419	154142822	DNA/TcMar-Tigger	581	-	202	154142621	88130
chr7	140143500	140343500	harbor2	chr7	140153196	140153247	DNA/TcMar-Tigger	1393	-	26	140153222	9722
chr7	140143500	140343500	harbor2	chr7	140153506	140153694	DNA/TcMar-Tigger	1393	-	94	140153600	10100
chr7	140143500	140343500	harbor2	chr7	140153692	140154161	DNA/TcMar-Tigger	1534	-	234	140153926	10426
chr7	140143500	140343500	harbor2	chr7	140180661	140180993	DNA/TcMar-Tigger	1724	-	166	140180827	37327
chr7	140143500	140343500	harbor2	chr7	140233184	140233404	DNA/TcMar-Tigger	477	-	110	140233294	89794
chr7	39223880	39423880	harbor2	chr7	39312505	39313008	DNA/TcMar-Tigger	2574	-	252	39312757	88877
chr7	39223880	39423880	harbor2	chr7	39320601	39320772	DNA/TcMar-Tigger	1620	-	86	39320687	96807
chr7	39223880	39423880	harbor2	chr7	39321070	39321230	DNA/TcMar-Tigger	1620	-	80	39321150	97270
chr7	107140879	107340879	harbor2	chr7	107151520	107151907	DNA/TcMar-Tigger	1919	-	194	107151714	10835
chr7	152905932	153105932	harbor2	chr7	152956416	152956557	DNA/TcMar-Tigger	2314	-	70	152956486	50554
chr7	152905932	153105932	harbor2	chr7	152956857	152956958	DNA/TcMar-Tigger	2314	-	50	152956907	50975
chr7	152905932	153105932	harbor2	chr7	152957229	152957618	DNA/TcMar-Tigger	2314	-	194	152957423	51491
chr7	139719990	139919990	harbor2	chr7	139770331	139771270	DNA/TcMar-Tigger	1049	-	470	139770801	50811
chr7	152422028	152622028	harbor2	chr7	152491543	152491893	DNA/TcMar-Tigger	634	-	175	152491718	69690
chr7	92243039	92443039	harbor2	chr7	92268809	92269390	DNA/TcMar-Tigger	1970	-	290	92269099	26060
chr7	92243039	92443039	harbor2	chr7	92272739	92273015	DNA/TcMar-Tigger	1679	-	138	92272877	29838
chr7	92243039	92443039	harbor2	chr7	92282018	92282151	DNA/TcMar-Tigger	619	-	66	92282084	39045
chr7	92243039	92443039	harbor2	chr7	92282444	92282792	DNA/TcMar-Tigger	619	-	174	92282618	39579
chr7	92243039	92443039	harbor2	chr7	92303169	92303394	DNA/TcMar-Tigger	1140	-	112	92303281	60242
chr7	92243039	92443039	harbor2	chr7	92310576	92310881	DNA/TcMar-Tigger	1711	-	152	92310728	67689
chr7	92243039	92443039	harbor2	chr7	92327366	92327705	DNA/TcMar-Tigger	1912	-	170	92327536	84497
chr7	143362473	143562473	harbor2	chr7	143448953	143449088	DNA/TcMar-Tigger	617	-	68	143449021	86548
chr7	156887188	157087188	harbor2	chr7	156978126	156978304	DNA/TcMar-Tigger	1020	-	89	156978215	91027
chr7	123912276	124112276	harbor2	chr7	123977258	123977385	DNA/TcMar-Tigger	1669	-	64	123977322	65046
chr7	123912276	124112276	harbor2	chr7	123991369	123991698	DNA/TcMar-Tigger	1822	-	164	123991533	79257
chr7	123912276	124112276	harbor2	chr7	123977673	123977879	DNA/TcMar-Tigger	1669	-	103	123977776	65500
chr7	86154760	86354760	harbor2	chr7	86217731	86217904	DNA/TcMar-Tigger	720	-	86	86217817	63057
chr7	137464289	137664289	harbor2	chr7	137513539	137513817	DNA/TcMar-Tigger	1869	-	139	137513678	49389
chr7	50847315	51047315	harbor2	chr7	50915098	50915514	DNA/TcMar-Tigger	823	-	208	50915306	67991
chr7	152875391	153075391	harbor2	chr7	152956416	152956557	DNA/TcMar-Tigger	2314	-	70	152956486	81095
chr7	152875391	153075391	harbor2	chr7	152956857	152956958	DNA/TcMar-Tigger	2314	-	50	152956907	81516
chr7	152875391	153075391	harbor2	chr7	152957229	152957618	DNA/TcMar-Tigger	2314	-	194	152957423	82032
chr7	86428718	86628718	harbor2	chr7	86508116	86508475	DNA/TcMar-Tigger	514	-	180	86508296	79578
chr7	86428718	86628718	harbor2	chr7	86509044	86509223	DNA/TcMar-Tigger	514	-	90	86509134	80416
chr7	153649556	153849556	harbor2	chr7	153717411	153717591	DNA/TcMar-Tigger	766	-	90	153717501	67945
chr7	68025632	68225632	harbor2	chr7	68052776	68052914	DNA/TcMar-Tigger	903	-	69	68052845	27213
chr7	68025632	68225632	harbor2	chr7	68076553	68076909	DNA/TcMar-Tigger	2155	-	178	68076731	51099
chr7	68025632	68225632	harbor2	chr7	68087618	68087735	DNA/TcMar-Tigger	526	-	58	68087676	62044
chr7	68025632	68225632	harbor2	chr7	68088293	68088388	DNA/TcMar-Tigger	464	-	48	68088341	62709
chr7	71830047	72030047	harbor2	chr7	71928456	71928563	DNA/TcMar-Tigger	608	-	54	71928510	98463
chr7	89740407	89940407	harbor2	chr7	89750067	89750663	DNA/TcMar-Tigger	3015	-	298	89750365	9958
chr7	155265144	155465144	harbor2	chr7	155293392	155293714	DNA/TcMar-Tigger	1521	-	161	155293553	28409
chr7	155265144	155465144	harbor2	chr7	155310375	155310600	DNA/TcMar-Tigger	1199	-	112	155310487	45343
chr7	155265144	155465144	harbor2	chr7	155323768	155323901	DNA/TcMar-Tigger	819	-	66	155323834	58690
chr7	158055771	158255771	harbor2	chr7	158085967	158086007	DNA/TcMar-Tigger	1167	-	20	158085987	30216
chr7	158055771	158255771	harbor2	chr7	158086536	158086843	DNA/TcMar-Tigger	1167	-	154	158086690	30919
chr7	139741525	139941525	harbor2	chr7	139770331	139771270	DNA/TcMar-Tigger	1049	-	470	139770801	29276
chr7	87269057	87469057	harbor2	chr7	87344416	87344643	DNA/TcMar-Tigger	745	-	114	87344530	75473
chr7	87269057	87469057	harbor2	chr7	87358525	87358855	DNA/TcMar-Tigger	1436	-	165	87358690	89633
chr7	127853166	128053166	harbor2	chr7	127870381	127871560	DNA/TcMar-Tigger	6303	-	590	127870971	17805
chr7	151475141	151675141	harbor2	chr7	151484463	151484544	DNA/TcMar-Tigger	463	-	40	151484503	9362
chr7	151475141	151675141	harbor2	chr7	151504343	151504587	DNA/TcMar-Tigger	1144	-	122	151504465	29324
chr7	151475141	151675141	harbor2	chr7	151554657	151554716	DNA/TcMar-Tigger	1536	-	30	151554687	79546
chr7	151475141	151675141	harbor2	chr7	151555010	151555281	DNA/TcMar-Tigger	1536	-	136	151555146	80005
chr7	118164179	118364179	harbor2	chr7	118165815	118165905	DNA/TcMar-Tigger	535	-	45	118165860	1681
chr7	118164179	118364179	harbor2	chr7	118221099	118221392	DNA/TcMar-Tigger	1554	-	146	118221245	57066
chr7	118164179	118364179	harbor2	chr7	118221387	118221506	DNA/TcMar-Tigger	543	-	60	118221447	57268
chr7	118164179	118364179	harbor2	chr7	118226322	118226678	DNA/TcMar-Tigger	1977	-	178	118226500	62321
chr7	118164179	118364179	harbor2	chr7	118226679	118226908	DNA/TcMar-Tigger	1424	-	114	118226793	62614
chr7	102115261	102315261	harbor2	chr7	102126512	102126678	DNA/TcMar-Tigger	891	-	83	102126595	11334
chr7	102115261	102315261	harbor2	chr7	102135085	102135505	DNA/TcMar-Tigger	2185	-	210	102135295	20034
chr7	102115261	102315261	harbor2	chr7	102186475	102186751	DNA/TcMar-Tigger	1547	-	138	102186613	71352
chr7	102115261	102315261	harbor2	chr7	102187044	102187098	DNA/TcMar-Tigger	1547	-	27	102187071	71810
chr7	115377747	115577747	harbor2	chr7	115416702	115417113	DNA/TcMar-Tigger	2656	-	206	115416908	39161
chr7	115377747	115577747	harbor2	chr7	115432484	115432907	DNA/TcMar-Tigger	2107	-	212	115432696	54949
chr7	141882688	142082688	harbor2	chr7	141906606	141907259	DNA/TcMar-Tigger	3192	-	326	141906932	24244
chr7	80873878	81073878	harbor2	chr7	80903104	80903378	DNA/TcMar-Tigger	1762	-	137	80903241	29363
chr7	80873878	81073878	harbor2	chr7	80903680	80903741	DNA/TcMar-Tigger	1762	-	30	80903710	29832
chr7	158554890	158754890	harbor2	chr7	158634136	158634553	DNA/TcMar-Tigger	1594	-	208	158634344	79454
chr7	140788529	140988529	harbor2	chr7	140793356	140793631	DNA/TcMar-Tigger	1039	-	138	140793494	4965
chr7	140788529	140988529	harbor2	chr7	140793926	140794053	DNA/TcMar-Tigger	1039	-	64	140793990	5461
chr7	140788529	140988529	harbor2	chr7	140879513	140879726	DNA/TcMar-Tigger	7480	-	106	140879619	91090
chr7	140788529	140988529	harbor2	chr7	140880032	140880732	DNA/TcMar-Tigger	7480	-	350	140880382	91853
chr7	140788529	140988529	harbor2	chr7	140880970	140881336	DNA/TcMar-Tigger	7480	-	183	140881153	92624
chr7	140788529	140988529	harbor2	chr7	140881330	140881416	DNA/TcMar-Tigger	659	-	43	140881373	92844
chr7	140788529	140988529	harbor2	chr7	140881531	140882145	DNA/TcMar-Tigger	3759	-	307	140881838	93309
chr7	140788529	140988529	harbor2	chr7	140887242	140887423	DNA/TcMar-Tigger	552	-	90	140887332	98803
chr7	137361699	137561699	harbor2	chr7	137460509	137460746	DNA/TcMar-Tigger	1507	-	118	137460627	98928
chr7	77726427	77926427	harbor2	chr7	77814157	77814513	DNA/TcMar-Tigger	2819	-	178	77814335	87908
chr7	77726427	77926427	harbor2	chr7	77814767	77814792	DNA/TcMar-Tigger	2819	-	12	77814779	88352
chr7	77726427	77926427	harbor2	chr7	77815095	77815343	DNA/TcMar-Tigger	2819	-	124	77815219	88792
chr7	158734220	158934220	harbor2	chr7	158738385	158738456	DNA/TcMar-Tigger	713	-	36	158738421	4201
chr7	158734220	158934220	harbor2	chr7	158738753	158738819	DNA/TcMar-Tigger	713	-	33	158738786	4566
chr7	158734220	158934220	harbor2	chr7	158775027	158776855	DNA/TcMar-Tigger	12080	-	914	158775941	41721
chr7	158734220	158934220	harbor2	chr7	158777762	158778043	DNA/TcMar-Tigger	1492	-	140	158777902	43682
chr7	158734220	158934220	harbor2	chr7	158777153	158777355	DNA/TcMar-Tigger	12080	-	101	158777254	43034
chr7	107160237	107360237	harbor2	chr7	107249806	107249901	DNA/TcMar-Tigger	479	-	48	107249854	89617
chr7	124184453	124384453	harbor2	chr7	124270690	124270825	DNA/TcMar-Tigger	855	-	68	124270758	86305
chr7	124184453	124384453	harbor2	chr7	124270823	124271644	DNA/TcMar-Tigger	4583	-	410	124271233	86780
chr7	81854431	82054431	harbor2	chr7	81946045	81946288	DNA/TcMar-Tigger	1131	-	122	81946167	91736
chr7	140844786	141044786	harbor2	chr7	140879513	140879726	DNA/TcMar-Tigger	7480	-	106	140879619	34833
chr7	140844786	141044786	harbor2	chr7	140880032	140880732	DNA/TcMar-Tigger	7480	-	350	140880382	35596
chr7	140844786	141044786	harbor2	chr7	140880970	140881336	DNA/TcMar-Tigger	7480	-	183	140881153	36367
chr7	140844786	141044786	harbor2	chr7	140881330	140881416	DNA/TcMar-Tigger	659	-	43	140881373	36587
chr7	140844786	141044786	harbor2	chr7	140881531	140882145	DNA/TcMar-Tigger	3759	-	307	140881838	37052
chr7	140844786	141044786	harbor2	chr7	140887242	140887423	DNA/TcMar-Tigger	552	-	90	140887332	42546
chr7	140844786	141044786	harbor2	chr7	140891284	140891591	DNA/TcMar-Tigger	1164	-	154	140891438	46652
chr7	119806471	120006471	harbor2	chr7	119809696	119812060	DNA/TcMar-Tigger	13367	-	1182	119810878	4407
chr7	119806471	120006471	harbor2	chr7	119816537	119816619	DNA/TcMar-Tigger	553	-	41	119816578	10107
chr7	119806471	120006471	harbor2	chr7	119816614	119817123	DNA/TcMar-Tigger	2443	-	254	119816868	10397
chr7	119806471	120006471	harbor2	chr7	119836987	119837137	DNA/TcMar-Tigger	743	-	75	119837062	30591
chr7	119806471	120006471	harbor2	chr7	119894810	119895147	DNA/TcMar-Tigger	1531	-	168	119894978	88507
chr7	157417194	157617194	harbor2	chr7	157478879	157479150	DNA/TcMar-Tigger	1266	-	136	157479015	61821
chr7	157417194	157617194	harbor2	chr7	157502056	157502567	DNA/TcMar-Tigger	657	-	256	157502312	85118
chr7	148172927	148372927	harbor2	chr7	148175517	148175838	DNA/TcMar-Tigger	500	-	160	148175677	2750
chr7	148172927	148372927	harbor2	chr7	148253834	148254067	DNA/TcMar-Tigger	1102	-	116	148253950	81023
chr7	158993817	159193817	harbor2	chr7	159002959	159003851	DNA/TcMar-Tigger	5254	-	446	159003405	9588
chr7	158993817	159193817	harbor2	chr7	159056253	159056468	DNA/TcMar-Tigger	569	-	108	159056361	62544
chr7	132827115	133027115	harbor2	chr7	132827226	132827566	DNA/TcMar-Tigger	1555	-	170	132827396	281
chr7	132827115	133027115	harbor2	chr7	132862296	132864592	DNA/TcMar-Tigger	14125	-	1148	132863444	36329
chr7	132827115	133027115	harbor2	chr7	132903095	132903412	DNA/TcMar-Tigger	1392	-	158	132903253	76138
chr7	132827115	133027115	harbor2	chr7	132918594	132919043	DNA/TcMar-Tigger	995	-	224	132918818	91703
chr7	132827115	133027115	harbor2	chr7	132926606	132926920	DNA/TcMar-Tigger	1431	-	157	132926763	99648
chr7	157050152	157250152	harbor2	chr7	157141361	157141685	DNA/TcMar-Tigger	1170	-	162	157141523	91371
chr7	114034524	114234524	harbor2	chr7	114099659	114099760	DNA/TcMar-Tigger	614	-	50	114099709	65185
chr7	82324291	82524291	harbor2	chr7	82409765	82410100	DNA/TcMar-Tigger	2052	-	168	82409933	85642
chr7	151465348	151665348	harbor2	chr7	151484463	151484544	DNA/TcMar-Tigger	463	-	40	151484503	19155
chr7	151465348	151665348	harbor2	chr7	151504343	151504587	DNA/TcMar-Tigger	1144	-	122	151504465	39117
chr7	151465348	151665348	harbor2	chr7	151554657	151554716	DNA/TcMar-Tigger	1536	-	30	151554687	89339
chr7	151465348	151665348	harbor2	chr7	151555010	151555281	DNA/TcMar-Tigger	1536	-	136	151555146	89798
chr8	142293187	142493187	harbor2	chr8	142307392	142307728	DNA/TcMar-Tigger	1633	-	168	142307560	14373
chr8	142293187	142493187	harbor2	chr8	142311988	142312241	DNA/TcMar-Tigger	1339	-	126	142312114	18927
chr8	142293187	142493187	harbor2	chr8	142389823	142390259	DNA/TcMar-Tigger	2132	-	218	142390041	96854
chr8	142293187	142493187	harbor2	chr8	142391985	142392025	DNA/TcMar-Tigger	1614	-	20	142392005	98818
chr8	142293187	142493187	harbor2	chr8	142392322	142392634	DNA/TcMar-Tigger	1614	-	156	142392478	99291
chr8	32835494	33035494	harbor2	chr8	32857152	32857523	DNA/TcMar-Tigger	666	-	186	32857338	21844
chr8	122600489	122800489	harbor2	chr8	122670138	122670503	DNA/TcMar-Tigger	2177	-	182	122670320	69831
chr8	122600489	122800489	harbor2	chr8	122697408	122697510	DNA/TcMar-Tigger	630	-	51	122697459	96970
chr8	132035604	132235604	harbor2	chr8	132113069	132113944	DNA/TcMar-Tigger	7081	-	438	132113507	77903
chr8	132035604	132235604	harbor2	chr8	132114245	132114578	DNA/TcMar-Tigger	7081	-	166	132114411	78807
chr8	66731921	66931921	harbor2	chr8	66754461	66754976	DNA/TcMar-Tigger	3669	-	258	66754719	22798
chr8	66731921	66931921	harbor2	chr8	66755281	66755354	DNA/TcMar-Tigger	3669	-	36	66755317	23396
chr8	66731921	66931921	harbor2	chr8	66755361	66755534	DNA/TcMar-Tigger	982	-	86	66755447	23526
chr8	66731921	66931921	harbor2	chr8	66773394	66773911	DNA/TcMar-Tigger	2845	-	258	66773652	41731
chr8	66731921	66931921	harbor2	chr8	66801091	66801308	DNA/TcMar-Tigger	1264	-	108	66801199	69278
chr8	113615636	113815636	harbor2	chr8	113654551	113654881	DNA/TcMar-Tigger	1135	-	165	113654716	39080
chr8	113615636	113815636	harbor2	chr8	113655269	113655369	DNA/TcMar-Tigger	400	-	50	113655319	39683
chr8	141386963	141586963	harbor2	chr8	141403446	141404271	DNA/TcMar-Tigger	3730	-	412	141403858	16895
chr8	143901876	144101876	harbor2	chr8	143967548	143967639	DNA/TcMar-Tigger	550	-	46	143967594	65718
chr8	141820671	142020671	harbor2	chr8	141847821	141848028	DNA/TcMar-Tigger	1054	-	104	141847925	27254
chr8	141820671	142020671	harbor2	chr8	141848172	141848239	DNA/TcMar-Tigger	382	-	34	141848206	27535
chr8	134772848	134972848	harbor2	chr8	134806874	134807156	DNA/TcMar-Tigger	543	-	141	134807015	34167
chr8	134772848	134972848	harbor2	chr8	134828982	134829163	DNA/TcMar-Tigger	486	-	90	134829072	56224
chr8	134772848	134972848	harbor2	chr8	134851612	134851798	DNA/TcMar-Tigger	531	-	93	134851705	78857
chr8	92041702	92241702	harbor2	chr8	92119689	92120030	DNA/TcMar-Tigger	1873	-	170	92119859	78157
chr8	119550816	119750816	harbor2	chr8	119555303	119555531	DNA/TcMar-Tigger	1182	-	114	119555417	4601
chr8	133345337	133545337	harbor2	chr8	133420047	133420224	DNA/TcMar-Tigger	1051	-	88	133420135	74798
chr8	133345337	133545337	harbor2	chr8	133414289	133415487	DNA/TcMar-Tigger	7248	-	599	133414888	69551
chr8	86233310	86433310	harbor2	chr8	86233755	86233831	DNA/TcMar-Tigger	450	-	38	86233793	483
chr8	86233310	86433310	harbor2	chr8	86235119	86235516	DNA/TcMar-Tigger	13041	-	198	86235317	2007
chr8	86233310	86433310	harbor2	chr8	86235824	86237628	DNA/TcMar-Tigger	13041	-	902	86236726	3416
chr8	86233310	86433310	harbor2	chr8	86264240	86264388	DNA/TcMar-Tigger	2246	-	74	86264314	31004
chr8	86233310	86433310	harbor2	chr8	86265160	86265359	DNA/TcMar-Tigger	2246	-	100	86265260	31950
chr8	86233310	86433310	harbor2	chr8	86292881	86293320	DNA/TcMar-Tigger	2610	-	220	86293101	59791
chr8	86233310	86433310	harbor2	chr8	86293946	86294172	DNA/TcMar-Tigger	1192	-	113	86294059	60749
chr8	131191988	131391988	harbor2	chr8	131203307	131203399	DNA/TcMar-Tigger	497	-	46	131203353	11365
chr8	131191988	131391988	harbor2	chr8	131227623	131227960	DNA/TcMar-Tigger	2155	-	168	131227791	35803
chr8	131191988	131391988	harbor2	chr8	131288289	131288938	DNA/TcMar-Tigger	3372	-	324	131288613	96625
chr8	88131932	88331932	harbor2	chr8	88145092	88145437	DNA/TcMar-Tigger	1888	-	172	88145264	13332
chr8	101744124	101944124	harbor2	chr8	101760547	101760940	DNA/TcMar-Tigger	503	-	196	101760743	16619
chr8	101744124	101944124	harbor2	chr8	101781863	101782056	DNA/TcMar-Tigger	437	-	96	101781959	37835
chr8	101744124	101944124	harbor2	chr8	101783830	101783948	DNA/TcMar-Tigger	386	-	59	101783889	39765
chr8	101744124	101944124	harbor2	chr8	101784937	101785010	DNA/TcMar-Tigger	438	-	36	101784973	40849
chr8	111561014	111761014	harbor2	chr8	111646081	111646599	DNA/TcMar-Tigger	1959	-	259	111646340	85326
chr8	17678203	17878203	harbor2	chr8	17680517	17680933	DNA/TcMar-Tigger	849	-	208	17680725	2522
chr8	17678203	17878203	harbor2	chr8	17681234	17681308	DNA/TcMar-Tigger	849	-	37	17681271	3068
chr8	17678203	17878203	harbor2	chr8	17709565	17709727	DNA/TcMar-Tigger	12647	-	81	17709646	31443
chr8	17678203	17878203	harbor2	chr8	17745207	17745530	DNA/TcMar-Tigger	1689	-	162	17745369	67166
chr8	17678203	17878203	harbor2	chr8	17710019	17712156	DNA/TcMar-Tigger	12647	-	1068	17711087	32884
chr8	129305812	129505812	harbor2	chr8	129394061	129394256	DNA/TcMar-Tigger	1112	-	98	129394159	88347
chr8	129305812	129505812	harbor2	chr8	129394245	129394332	DNA/TcMar-Tigger	470	-	44	129394289	88477
chr8	125735247	125935247	harbor2	chr8	125780792	125781135	DNA/TcMar-Tigger	2129	-	172	125780964	45717
chr8	125735247	125935247	harbor2	chr8	125816207	125817225	DNA/TcMar-Tigger	778	-	509	125816716	81469
chr8	108376556	108576556	harbor2	chr8	108405886	108406088	DNA/TcMar-Tigger	711	-	101	108405987	29431
chr8	108376556	108576556	harbor2	chr8	108410116	108410552	DNA/TcMar-Tigger	2601	-	218	108410334	33778
chr8	134671447	134871447	harbor2	chr8	134710556	134711062	DNA/TcMar-Tigger	3439	-	253	134710809	39362
chr8	134671447	134871447	harbor2	chr8	134711274	134711405	DNA/TcMar-Tigger	808	-	66	134711340	39893
chr8	140406158	140606158	harbor2	chr8	140463856	140463947	DNA/TcMar-Tigger	539	-	46	140463902	57744
chr8	128547797	128747797	harbor2	chr8	128566442	128566505	DNA/TcMar-Tigger	368	-	32	128566474	18677
chr8	128547797	128747797	harbor2	chr8	128567901	128568721	DNA/TcMar-Tigger	4567	-	410	128568311	20514
chr8	128547797	128747797	harbor2	chr8	128620814	128621132	DNA/TcMar-Tigger	1612	-	159	128620973	73176
chr8	142469077	142669077	harbor2	chr8	142557866	142559182	DNA/TcMar-Tigger	5722	-	658	142558524	89447
chr8	111272284	111472284	harbor2	chr8	111297261	111297827	DNA/TcMar-Tigger	13268	-	283	111297544	25260
chr8	111272284	111472284	harbor2	chr8	111294875	111296966	DNA/TcMar-Tigger	13268	-	1046	111295921	23637
chr8	113764596	113964596	harbor2	chr8	113841100	113841480	DNA/TcMar-Tigger	1688	-	190	113841290	76694
chr8	113764596	113964596	harbor2	chr8	113856268	113857200	DNA/TcMar-Tigger	3228	-	466	113856734	92138
chr8	113764596	113964596	harbor2	chr8	113863640	113863925	DNA/TcMar-Tigger	1625	-	142	113863782	99186
chr8	113764596	113964596	harbor2	chr8	113864036	113864325	DNA/TcMar-Tigger	1735	-	144	113864180	99584
chr8	63433934	63633934	harbor2	chr8	63435228	63436252	DNA/TcMar-Tigger	4821	-	512	63435740	1806
chr8	63433934	63633934	harbor2	chr8	63456779	63457026	DNA/TcMar-Tigger	784	-	124	63456903	22969
chr8	63433934	63633934	harbor2	chr8	63458816	63458998	DNA/TcMar-Tigger	662	-	91	63458907	24973
chr8	118248287	118448287	harbor2	chr8	118248984	118249162	DNA/TcMar-Tigger	1137	-	89	118249073	786
chr8	118248287	118448287	harbor2	chr8	118249315	118249537	DNA/TcMar-Tigger	1307	-	111	118249426	1139
chr8	91674303	91874303	harbor2	chr8	91759001	91759379	DNA/TcMar-Tigger	2118	-	189	91759190	84887
chr8	127507490	127707490	harbor2	chr8	127554443	127554969	DNA/TcMar-Tigger	2810	-	263	127554706	47216
chr8	127507490	127707490	harbor2	chr8	127516455	127516752	DNA/TcMar-Tigger	1215	-	148	127516603	9113
chr8	143913192	144113192	harbor2	chr8	143967548	143967639	DNA/TcMar-Tigger	550	-	46	143967594	54402
chr8	91969950	92169950	harbor2	chr8	92007495	92007719	DNA/TcMar-Tigger	1528	-	112	92007607	37657
chr8	91969950	92169950	harbor2	chr8	92007996	92008099	DNA/TcMar-Tigger	1528	-	52	92008048	38098
chr8	126079079	126279079	harbor2	chr8	126120176	126120855	DNA/TcMar-Tigger	2449	-	340	126120516	41437
chr8	126079079	126279079	harbor2	chr8	126164223	126165960	DNA/TcMar-Tigger	14727	-	868	126165091	86012
chr8	126079079	126279079	harbor2	chr8	126166050	126166068	DNA/TcMar-Tigger	14727	-	9	126166059	86980
chr8	126079079	126279079	harbor2	chr8	126166339	126166988	DNA/TcMar-Tigger	14727	-	324	126166663	87584
chr8	120809838	121009838	harbor2	chr8	120812991	120813133	DNA/TcMar-Tigger	481	-	71	120813062	3224
chr8	120809838	121009838	harbor2	chr8	120823910	120824096	DNA/TcMar-Tigger	820	-	93	120824003	14165
chr8	105772674	105972674	harbor2	chr8	105782556	105782642	DNA/TcMar-Tigger	523	-	43	105782599	9925
chr8	105772674	105972674	harbor2	chr8	105830032	105830297	DNA/TcMar-Tigger	999	-	132	105830164	57490
chr8	143624587	143824587	harbor2	chr8	143640074	143640659	DNA/TcMar-Tigger	11558	-	292	143640366	15779
chr8	143624587	143824587	harbor2	chr8	143640969	143641442	DNA/TcMar-Tigger	11558	-	236	143641205	16618
chr8	143624587	143824587	harbor2	chr8	143641765	143642813	DNA/TcMar-Tigger	11558	-	524	143642289	17702
chr8	58008491	58208491	harbor2	chr8	58063470	58063655	DNA/TcMar-Tigger	932	-	92	58063562	55071
chr8	136964841	137164841	harbor2	chr8	137054369	137054901	DNA/TcMar-Tigger	2415	-	266	137054635	89794
chr8	141052174	141252174	harbor2	chr8	141149283	141149822	DNA/TcMar-Tigger	2471	-	270	141149553	97379
chr8	87725827	87925827	harbor2	chr8	87802001	87802225	DNA/TcMar-Tigger	2909	-	112	87802113	76286
chr8	87725827	87925827	harbor2	chr8	87802477	87802796	DNA/TcMar-Tigger	2909	-	160	87802637	76810
chr8	87725827	87925827	harbor2	chr8	87810882	87811181	DNA/TcMar-Tigger	1366	-	150	87811032	85205
chr8	115380708	115580708	harbor2	chr8	115382855	115382907	DNA/TcMar-Tigger	1201	-	26	115382881	2173
chr8	115380708	115580708	harbor2	chr8	115383202	115383372	DNA/TcMar-Tigger	1201	-	85	115383287	2579
chr8	134843472	135043472	harbor2	chr8	134851612	134851798	DNA/TcMar-Tigger	531	-	93	134851705	8233
chr8	134843472	135043472	harbor2	chr8	134891040	134891395	DNA/TcMar-Tigger	2072	-	178	134891218	47746
chr8	134843472	135043472	harbor2	chr8	134891397	134892108	DNA/TcMar-Tigger	2427	-	356	134891753	48281
chr8	129924847	130124847	harbor2	chr8	129969505	129969964	DNA/TcMar-Tigger	1584	-	230	129969735	44888
chr8	124549068	124749068	harbor2	chr8	124614566	124614669	DNA/TcMar-Tigger	429	-	52	124614618	65550
chr8	124549068	124749068	harbor2	chr8	124640271	124640538	DNA/TcMar-Tigger	1387	-	134	124640405	91337
chr8	124549068	124749068	harbor2	chr8	124640842	124641260	DNA/TcMar-Tigger	1387	-	209	124641051	91983
chr8	124549068	124749068	harbor2	chr8	124600074	124600546	DNA/TcMar-Tigger	1167	-	236	124600310	51242
chr8	127241927	127441927	harbor2	chr8	127251733	127252073	DNA/TcMar-Tigger	2100	-	170	127251903	9976
chr8	88377779	88577779	harbor2	chr8	88421011	88421324	DNA/TcMar-Tigger	1283	-	156	88421167	43388
chr8	84922072	85122072	harbor2	chr8	84982343	84982624	DNA/TcMar-Tigger	781	-	140	84982483	60411
chr8	84922072	85122072	harbor2	chr8	84982811	84982913	DNA/TcMar-Tigger	511	-	51	84982862	60790
chr8	84922072	85122072	harbor2	chr8	84988599	84989514	DNA/TcMar-Tigger	4948	-	458	84989057	66985
chr8	68854144	69054144	harbor2	chr8	68877531	68877628	DNA/TcMar-Tigger	488	-	48	68877579	23435
chr8	68854144	69054144	harbor2	chr8	68877786	68878020	DNA/TcMar-Tigger	813	-	117	68877903	23759
chr8	68854144	69054144	harbor2	chr8	68880463	68880796	DNA/TcMar-Tigger	1914	-	166	68880629	26485
chr8	68854144	69054144	harbor2	chr8	68898165	68898251	DNA/TcMar-Tigger	472	-	43	68898208	44064
chr8	68854144	69054144	harbor2	chr8	68898344	68898681	DNA/TcMar-Tigger	2016	-	168	68898512	44368
chr8	68854144	69054144	harbor2	chr8	68953480	68953833	DNA/TcMar-Tigger	1689	-	176	68953656	99512
chr8	121559789	121759789	harbor2	chr8	121569944	121570187	DNA/TcMar-Tigger	1349	-	122	121570066	10277
chr8	121559789	121759789	harbor2	chr8	121570208	121570844	DNA/TcMar-Tigger	3447	-	318	121570526	10737
chr8	121559789	121759789	harbor2	chr8	121570848	121571098	DNA/TcMar-Tigger	1449	-	125	121570973	11184
chr8	121559789	121759789	harbor2	chr8	121623914	121624533	DNA/TcMar-Tigger	2909	-	310	121624224	64435
chr8	113201809	113401809	harbor2	chr8	113218750	113218929	DNA/TcMar-Tigger	1101	-	90	113218840	17031
chr8	113201809	113401809	harbor2	chr8	113277805	113278118	DNA/TcMar-Tigger	708	-	156	113277961	76152
chr8	130478667	130678667	harbor2	chr8	130515954	130516191	DNA/TcMar-Tigger	696	-	118	130516072	37405
chr8	130478667	130678667	harbor2	chr8	130528865	130529277	DNA/TcMar-Tigger	2318	-	206	130529071	50404
chr8	130478667	130678667	harbor2	chr8	130533465	130533864	DNA/TcMar-Tigger	7437	-	200	130533665	54998
chr8	130478667	130678667	harbor2	chr8	130534215	130534985	DNA/TcMar-Tigger	7437	-	385	130534600	55933
chr8	104515804	104715804	harbor2	chr8	104516281	104516514	DNA/TcMar-Tigger	397	-	116	104516397	593
chr8	104515804	104715804	harbor2	chr8	104519409	104519618	DNA/TcMar-Tigger	1242	-	104	104519513	3709
chr8	104515804	104715804	harbor2	chr8	104520749	104520844	DNA/TcMar-Tigger	388	-	48	104520797	4993
chr8	104515804	104715804	harbor2	chr8	104521085	104521316	DNA/TcMar-Tigger	1300	-	116	104521201	5397
chr8	104515804	104715804	harbor2	chr8	104542567	104542961	DNA/TcMar-Tigger	2218	-	197	104542764	26960
chr8	104515804	104715804	harbor2	chr8	104593578	104593815	DNA/TcMar-Tigger	925	-	118	104593696	77892
chr8	100361852	100561852	harbor2	chr8	100452788	100453165	DNA/TcMar-Tigger	2584	-	188	100452976	91124
chr8	100361852	100561852	harbor2	chr8	100453895	100454191	DNA/TcMar-Tigger	1365	-	148	100454043	92191
chr8	109060874	109260874	harbor2	chr8	109123748	109123845	DNA/TcMar-Tigger	573	-	48	109123796	62922
chr8	109060874	109260874	harbor2	chr8	109123844	109124108	DNA/TcMar-Tigger	1264	-	132	109123976	63102
chr8	109060874	109260874	harbor2	chr8	109127190	109127479	DNA/TcMar-Tigger	1226	-	144	109127334	66460
chr8	33191056	33391056	harbor2	chr8	33224882	33225010	DNA/TcMar-Tigger	721	-	64	33224946	33890
chr8	33191056	33391056	harbor2	chr8	33267695	33268053	DNA/TcMar-Tigger	1605	-	179	33267874	76818
chr8	131178775	131378775	harbor2	chr8	131178665	131179021	DNA/TcMar-Tigger	6099	-	178	131178843	68
chr8	131178775	131378775	harbor2	chr8	131203307	131203399	DNA/TcMar-Tigger	497	-	46	131203353	24578
chr8	131178775	131378775	harbor2	chr8	131227623	131227960	DNA/TcMar-Tigger	2155	-	168	131227791	49016
chr8	69915173	70115173	harbor2	chr8	69979723	69979921	DNA/TcMar-Tigger	426	-	99	69979822	64649
chr8	69915173	70115173	harbor2	chr8	70003751	70003883	DNA/TcMar-Tigger	372	-	66	70003817	88644
chr8	69915173	70115173	harbor2	chr8	70006679	70006742	DNA/TcMar-Tigger	2242	-	32	70006711	91538
chr8	69915173	70115173	harbor2	chr8	70007062	70007472	DNA/TcMar-Tigger	2242	-	205	70007267	92094
chr8	86159278	86359278	harbor2	chr8	86233755	86233831	DNA/TcMar-Tigger	450	-	38	86233793	74515
chr8	86159278	86359278	harbor2	chr8	86235119	86235516	DNA/TcMar-Tigger	13041	-	198	86235317	76039
chr8	86159278	86359278	harbor2	chr8	86235824	86237628	DNA/TcMar-Tigger	13041	-	902	86236726	77448
chr8	135753873	135953873	harbor2	chr8	135791934	135792438	DNA/TcMar-Tigger	2316	-	252	135792186	38313
chr8	135753873	135953873	harbor2	chr8	135795260	135795403	DNA/TcMar-Tigger	373	-	72	135795332	41459
chr8	67991814	68191814	harbor2	chr8	67997259	67997446	DNA/TcMar-Tigger	888	-	94	67997353	5539
chr8	67991814	68191814	harbor2	chr8	68034923	68035475	DNA/TcMar-Tigger	1235	-	276	68035199	43385
chr8	67991814	68191814	harbor2	chr8	68071994	68072189	DNA/TcMar-Tigger	1289	-	98	68072092	80278
chr8	51331166	51531166	harbor2	chr8	51400076	51400437	DNA/TcMar-Tigger	1361	-	180	51400256	69090
chr8	74785289	74985289	harbor2	chr8	74790689	74790925	DNA/TcMar-Tigger	1131	-	118	74790807	5518
chr8	74785289	74985289	harbor2	chr8	74794896	74795211	DNA/TcMar-Tigger	1176	-	158	74795054	9765
chr8	139754752	139954752	harbor2	chr8	139762342	139762684	DNA/TcMar-Tigger	1959	-	171	139762513	7761
chr8	139754752	139954752	harbor2	chr8	139769129	139769604	DNA/TcMar-Tigger	2285	-	238	139769367	14615
chr8	128930423	129130423	harbor2	chr8	128965748	128965824	DNA/TcMar-Tigger	616	-	38	128965786	35363
chr8	128930423	129130423	harbor2	chr8	128966200	128966232	DNA/TcMar-Tigger	616	-	16	128966216	35793
chr8	128930423	129130423	harbor2	chr8	128966273	128966489	DNA/TcMar-Tigger	616	-	108	128966381	35958
chr8	128930423	129130423	harbor2	chr8	128998743	128999365	DNA/TcMar-Tigger	1596	-	311	128999054	68631
chr8	128930423	129130423	harbor2	chr8	129007981	129008286	DNA/TcMar-Tigger	635	-	152	129008133	77710
chr8	126552234	126752234	harbor2	chr8	126607658	126607861	DNA/TcMar-Tigger	537	-	102	126607760	55526
chr8	126552234	126752234	harbor2	chr8	126608053	126608197	DNA/TcMar-Tigger	537	-	72	126608125	55891
chr8	82520946	82720946	harbor2	chr8	82566626	82566971	DNA/TcMar-Tigger	1168	-	172	82566798	45852
chr8	144726723	144926723	harbor2	chr8	144727290	144727817	DNA/TcMar-Tigger	6155	-	264	144727554	831
chr8	144726723	144926723	harbor2	chr8	144727975	144728381	DNA/TcMar-Tigger	6155	-	203	144728178	1455
chr8	144726723	144926723	harbor2	chr8	144728680	144728808	DNA/TcMar-Tigger	6155	-	64	144728744	2021
chr8	144726723	144926723	harbor2	chr8	144729109	144729165	DNA/TcMar-Tigger	6155	-	28	144729137	2414
chr8	144726723	144926723	harbor2	chr8	144742771	144742975	DNA/TcMar-Tigger	981	-	102	144742873	16150
chr8	115704589	115904589	harbor2	chr8	115707354	115707965	DNA/TcMar-Tigger	2831	-	306	115707660	3071
chr8	59999989	60199989	harbor2	chr8	60062515	60062647	DNA/TcMar-Tigger	430	-	66	60062581	62592
chr8	59999989	60199989	harbor2	chr8	60062832	60062913	DNA/TcMar-Tigger	430	-	40	60062872	62883
chr8	130834258	131034258	harbor2	chr8	130835632	130835808	DNA/TcMar-Tigger	1018	-	88	130835720	1462
chr8	84834921	85034921	harbor2	chr8	84850441	84851450	DNA/TcMar-Tigger	3980	-	504	84850945	16024
chr8	96819223	97019223	harbor2	chr8	96831617	96831850	DNA/TcMar-Tigger	393	-	116	96831733	12510
chr8	96819223	97019223	harbor2	chr8	96832152	96832293	DNA/TcMar-Tigger	385	-	70	96832222	12999
chr8	96819223	97019223	harbor2	chr8	96872061	96872413	DNA/TcMar-Tigger	2038	-	176	96872237	53014
chr8	104735627	104935627	harbor2	chr8	104736266	104736404	DNA/TcMar-Tigger	824	-	69	104736335	708
chr8	104735627	104935627	harbor2	chr8	104737439	104737900	DNA/TcMar-Tigger	2949	-	230	104737669	2042
chr8	104735627	104935627	harbor2	chr8	104738211	104738335	DNA/TcMar-Tigger	2949	-	62	104738273	2646
chr8	104735627	104935627	harbor2	chr8	104738327	104738434	DNA/TcMar-Tigger	612	-	54	104738381	2754
chr8	104735627	104935627	harbor2	chr8	104746953	104747226	DNA/TcMar-Tigger	1767	-	136	104747089	11462
chr8	104735627	104935627	harbor2	chr8	104747532	104747612	DNA/TcMar-Tigger	1767	-	40	104747572	11945
chr8	129037790	129237790	harbor2	chr8	129043432	129043725	DNA/TcMar-Tigger	1276	-	146	129043578	5788
chr8	129037790	129237790	harbor2	chr8	129075955	129076094	DNA/TcMar-Tigger	782	-	70	129076025	38235
chr8	129037790	129237790	harbor2	chr8	129079335	129079734	DNA/TcMar-Tigger	1676	-	200	129079535	41745
chr8	110689105	110889105	harbor2	chr8	110733777	110733856	DNA/TcMar-Tigger	422	-	40	110733817	44712
chr8	110689105	110889105	harbor2	chr8	110735373	110735603	DNA/TcMar-Tigger	1287	-	115	110735488	46383
chr8	110689105	110889105	harbor2	chr8	110774806	110775543	DNA/TcMar-Tigger	3864	-	368	110775174	86069
chr8	115304157	115504157	harbor2	chr8	115382855	115382907	DNA/TcMar-Tigger	1201	-	26	115382881	78724
chr8	115304157	115504157	harbor2	chr8	115383202	115383372	DNA/TcMar-Tigger	1201	-	85	115383287	79130
chr8	102206885	102406885	harbor2	chr8	102290842	102291080	DNA/TcMar-Tigger	1278	-	119	102290961	84076
chr8	118467950	118667950	harbor2	chr8	118508841	118509177	DNA/TcMar-Tigger	920	-	168	118509009	41059
chr8	137729452	137929452	harbor2	chr8	137802403	137802674	DNA/TcMar-Tigger	3097	-	136	137802539	73087
chr8	137729452	137929452	harbor2	chr8	137802861	137803123	DNA/TcMar-Tigger	3097	-	131	137802992	73540
chr8	137729452	137929452	harbor2	chr8	137803429	137803641	DNA/TcMar-Tigger	3097	-	106	137803535	74083
chr8	67620856	67820856	harbor2	chr8	67628685	67628834	DNA/TcMar-Tigger	4856	-	74	67628759	7903
chr8	67620856	67820856	harbor2	chr8	67629150	67629186	DNA/TcMar-Tigger	4856	-	18	67629168	8312
chr8	67620856	67820856	harbor2	chr8	67629498	67629824	DNA/TcMar-Tigger	4856	-	163	67629661	8805
chr8	67620856	67820856	harbor2	chr8	67630141	67630512	DNA/TcMar-Tigger	4856	-	186	67630327	9471
chr8	117277292	117477292	harbor2	chr8	117302567	117302775	DNA/TcMar-Tigger	1096	-	104	117302671	25379
chr8	54811819	55011819	harbor2	chr8	54826782	54827330	DNA/TcMar-Tigger	6486	-	274	54827056	15237
chr8	54811819	55011819	harbor2	chr8	54827629	54827656	DNA/TcMar-Tigger	6486	-	14	54827643	15824
chr8	54811819	55011819	harbor2	chr8	54827909	54828240	DNA/TcMar-Tigger	6486	-	166	54828075	16256
chr8	54811819	55011819	harbor2	chr8	54828666	54828842	DNA/TcMar-Tigger	6486	-	88	54828754	16935
chr8	54811819	55011819	harbor2	chr8	54829128	54829202	DNA/TcMar-Tigger	6486	-	37	54829165	17346
chr8	127934366	128134366	harbor2	chr8	127954899	127955003	DNA/TcMar-Tigger	729	-	52	127954951	20585
chr8	127934366	128134366	harbor2	chr8	127955402	127955521	DNA/TcMar-Tigger	729	-	60	127955462	21096
chr8	62207449	62407449	harbor2	chr8	62210500	62210563	DNA/TcMar-Tigger	1177	-	32	62210532	3083
chr8	62207449	62407449	harbor2	chr8	62212764	62213415	DNA/TcMar-Tigger	5199	-	326	62213090	5641
chr8	62207449	62407449	harbor2	chr8	62213416	62213839	DNA/TcMar-Tigger	2266	-	212	62213628	6179
chr8	62207449	62407449	harbor2	chr8	62213840	62214109	DNA/TcMar-Tigger	5199	-	134	62213974	6525
chr8	62207449	62407449	harbor2	chr8	62209974	62210165	DNA/TcMar-Tigger	1177	-	96	62210070	2621
chr8	107178472	107378472	harbor2	chr8	107206203	107206929	DNA/TcMar-Tigger	4047	-	363	107206566	28094
chr8	107178472	107378472	harbor2	chr8	107235187	107235616	DNA/TcMar-Tigger	2178	-	214	107235401	56929
chr8	106794709	106994709	harbor2	chr8	106840508	106840756	DNA/TcMar-Tigger	1059	-	124	106840632	45923
chr8	106794709	106994709	harbor2	chr8	106841102	106841190	DNA/TcMar-Tigger	1059	-	44	106841146	46437
chr8	81257934	81457934	harbor2	chr8	81292622	81292990	DNA/TcMar-Tigger	998	-	184	81292806	34872
chr8	143928143	144128143	harbor2	chr8	143967548	143967639	DNA/TcMar-Tigger	550	-	46	143967594	39451
chr8	82452601	82652601	harbor2	chr8	82496895	82497586	DNA/TcMar-Tigger	3688	-	346	82497241	44640
chr8	82452601	82652601	harbor2	chr8	82500411	82500977	DNA/TcMar-Tigger	2716	-	283	82500694	48093
chr8	136316121	136516121	harbor2	chr8	136346437	136346726	DNA/TcMar-Tigger	396	-	144	136346581	30460
chr8	111013653	111213653	harbor2	chr8	111038906	111039142	DNA/TcMar-Tigger	731	-	118	111039024	25371
chr8	100473971	100673971	harbor2	chr8	100533589	100533822	DNA/TcMar-Tigger	414	-	116	100533705	59734
chr8	100473971	100673971	harbor2	chr8	100541425	100541563	DNA/TcMar-Tigger	614	-	69	100541494	67523
chr8	103272372	103472372	harbor2	chr8	103287680	103288452	DNA/TcMar-Tigger	15607	-	386	103288066	15694
chr8	103272372	103472372	harbor2	chr8	103288750	103290339	DNA/TcMar-Tigger	15607	-	794	103289544	17172
chr8	103272372	103472372	harbor2	chr8	103306812	103307081	DNA/TcMar-Tigger	668	-	134	103306946	34574
chr8	103272372	103472372	harbor2	chr8	103360547	103360822	DNA/TcMar-Tigger	696	-	138	103360685	88313
chr8	115040581	115240581	harbor2	chr8	115096017	115096348	DNA/TcMar-Tigger	467	-	166	115096183	55602
chr8	128790441	128990441	harbor2	chr8	128796392	128796719	DNA/TcMar-Tigger	1943	-	164	128796556	6115
chr8	100408674	100608674	harbor2	chr8	100452788	100453165	DNA/TcMar-Tigger	2584	-	188	100452976	44302
chr8	100408674	100608674	harbor2	chr8	100453895	100454191	DNA/TcMar-Tigger	1365	-	148	100454043	45369
chr8	115668369	115868369	harbor2	chr8	115694660	115695386	DNA/TcMar-Tigger	4196	-	363	115695023	26654
chr8	115668369	115868369	harbor2	chr8	115695379	115695483	DNA/TcMar-Tigger	579	-	52	115695431	27062
chr8	115668369	115868369	harbor2	chr8	115707354	115707965	DNA/TcMar-Tigger	2831	-	306	115707660	39291
chr9	107556332	107756332	harbor2	chr9	107570179	107570373	DNA/TcMar-Tigger	2884	-	97	107570276	13944
chr9	107556332	107756332	harbor2	chr9	107570685	107570879	DNA/TcMar-Tigger	2884	-	97	107570782	14450
chr9	107556332	107756332	harbor2	chr9	107571190	107571464	DNA/TcMar-Tigger	2884	-	137	107571327	14995
chr9	100258438	100458438	harbor2	chr9	100310998	100311115	DNA/TcMar-Tigger	732	-	58	100311056	52618
chr9	100258438	100458438	harbor2	chr9	100311407	100311488	DNA/TcMar-Tigger	732	-	40	100311447	53009
chr9	78920351	79120351	harbor2	chr9	78968420	78968517	DNA/TcMar-Tigger	2210	-	48	78968468	48117
chr9	78920351	79120351	harbor2	chr9	78968821	78969122	DNA/TcMar-Tigger	2210	-	150	78968971	48620
chr9	123165155	123365155	harbor2	chr9	123181123	123181457	DNA/TcMar-Tigger	533	-	167	123181290	16135
chr9	123165155	123365155	harbor2	chr9	123220203	123220527	DNA/TcMar-Tigger	1600	-	162	123220365	55210
chr9	123165155	123365155	harbor2	chr9	123256383	123256978	DNA/TcMar-Tigger	3373	-	298	123256681	91526
chr9	90947332	91147332	harbor2	chr9	90978246	90978569	DNA/TcMar-Tigger	1263	-	162	90978408	31076
chr9	108440982	108640982	harbor2	chr9	108477630	108477964	DNA/TcMar-Tigger	1294	-	167	108477797	36815
chr9	108440982	108640982	harbor2	chr9	108479914	108480278	DNA/TcMar-Tigger	2041	-	182	108480096	39114
chr9	61160880	61360880	harbor2	chr9	61182914	61183249	DNA/TcMar-Tigger	1933	-	168	61183082	22202
chr9	61160880	61360880	harbor2	chr9	61217190	61218035	DNA/TcMar-Tigger	5850	-	422	61217612	56732
chr9	107459913	107659913	harbor2	chr9	107514000	107514140	DNA/TcMar-Tigger	942	-	70	107514070	54157
chr9	107459913	107659913	harbor2	chr9	107542431	107542748	DNA/TcMar-Tigger	1617	-	158	107542589	82676
chr9	107459913	107659913	harbor2	chr9	107543660	107543751	DNA/TcMar-Tigger	460	-	46	107543706	83793
chr9	121406825	121606825	harbor2	chr9	121411185	121411505	DNA/TcMar-Tigger	1498	-	160	121411345	4520
chr9	133682269	133882269	harbor2	chr9	133724666	133724893	DNA/TcMar-Tigger	1351	-	114	133724780	42511
chr9	133682269	133882269	harbor2	chr9	133772736	133772889	DNA/TcMar-Tigger	553	-	76	133772812	90543
chr9	133682269	133882269	harbor2	chr9	133773165	133774056	DNA/TcMar-Tigger	3663	-	446	133773611	91342
chr9	105459241	105659241	harbor2	chr9	105474037	105474365	DNA/TcMar-Tigger	1884	-	164	105474201	14960
chr9	105459241	105659241	harbor2	chr9	105498303	105498628	DNA/TcMar-Tigger	2048	-	162	105498465	39224
chr9	105459241	105659241	harbor2	chr9	105503742	105504191	DNA/TcMar-Tigger	761	-	224	105503966	44725
chr9	105459241	105659241	harbor2	chr9	105504574	105504866	DNA/TcMar-Tigger	1255	-	146	105504720	45479
chr9	110043025	110243025	harbor2	chr9	110084491	110084724	DNA/TcMar-Tigger	1222	-	116	110084607	41582
chr9	110043025	110243025	harbor2	chr9	110085040	110085126	DNA/TcMar-Tigger	1222	-	43	110085083	42058
chr9	76666041	76866041	harbor2	chr9	76729581	76730316	DNA/TcMar-Tigger	1289	-	368	76729949	63908
chr9	76666041	76866041	harbor2	chr9	76739487	76739661	DNA/TcMar-Tigger	486	-	87	76739574	73533
chr9	107527226	107727226	harbor2	chr9	107542431	107542748	DNA/TcMar-Tigger	1617	-	158	107542589	15363
chr9	107527226	107727226	harbor2	chr9	107543660	107543751	DNA/TcMar-Tigger	460	-	46	107543706	16480
chr9	107527226	107727226	harbor2	chr9	107570179	107570373	DNA/TcMar-Tigger	2884	-	97	107570276	43050
chr9	107527226	107727226	harbor2	chr9	107570685	107570879	DNA/TcMar-Tigger	2884	-	97	107570782	43556
chr9	107527226	107727226	harbor2	chr9	107571190	107571464	DNA/TcMar-Tigger	2884	-	137	107571327	44101
chr9	95467272	95667272	harbor2	chr9	95482251	95482579	DNA/TcMar-Tigger	916	-	164	95482415	15143
chr9	109602614	109802614	harbor2	chr9	109685365	109686612	DNA/TcMar-Tigger	14237	-	624	109685989	83375
chr9	109602614	109802614	harbor2	chr9	109686660	109686677	DNA/TcMar-Tigger	14237	-	8	109686668	84054
chr9	109602614	109802614	harbor2	chr9	109687128	109688294	DNA/TcMar-Tigger	14237	-	583	109687711	85097
chr9	89317874	89517874	harbor2	chr9	89326641	89326888	DNA/TcMar-Tigger	6742	-	124	89326765	8891
chr9	89317874	89517874	harbor2	chr9	89327188	89327805	DNA/TcMar-Tigger	6742	-	308	89327496	9622
chr9	89317874	89517874	harbor2	chr9	89328101	89328405	DNA/TcMar-Tigger	6742	-	152	89328253	10379
chr9	80899446	81099446	harbor2	chr9	80961388	80961593	DNA/TcMar-Tigger	446	-	102	80961490	62044
chr9	80899446	81099446	harbor2	chr9	80961934	80962081	DNA/TcMar-Tigger	446	-	74	80962008	62562
chr9	80899446	81099446	harbor2	chr9	80918977	80920897	DNA/TcMar-Tigger	11029	-	960	80919937	20491
chr9	81582716	81782716	harbor2	chr9	81585964	81586017	DNA/TcMar-Tigger	1621	-	26	81585990	3274
chr9	81582716	81782716	harbor2	chr9	81586317	81586583	DNA/TcMar-Tigger	1621	-	133	81586450	3734
chr9	81582716	81782716	harbor2	chr9	81602313	81602666	DNA/TcMar-Tigger	1885	-	176	81602489	19773
chr9	81582716	81782716	harbor2	chr9	81629561	81629889	DNA/TcMar-Tigger	1886	-	164	81629725	47009
chr9	81582716	81782716	harbor2	chr9	81642229	81642331	DNA/TcMar-Tigger	532	-	51	81642280	59564
chr9	81582716	81782716	harbor2	chr9	81658218	81658305	DNA/TcMar-Tigger	1955	-	44	81658262	75546
chr9	81582716	81782716	harbor2	chr9	81657655	81657904	DNA/TcMar-Tigger	1955	-	124	81657779	75063
chr9	68782491	68982491	harbor2	chr9	68812018	68812230	DNA/TcMar-Tigger	522	-	106	68812124	29633
chr9	68782491	68982491	harbor2	chr9	68819182	68819275	DNA/TcMar-Tigger	507	-	46	68819228	36737
chr9	136169280	136369280	harbor2	chr9	136232042	136232247	DNA/TcMar-Tigger	891	-	102	136232144	62864
chr9	120169894	120369894	harbor2	chr9	120206140	120206399	DNA/TcMar-Tigger	568	-	130	120206270	36376
chr9	130586813	130786813	harbor2	chr9	130617051	130617285	DNA/TcMar-Tigger	535	-	117	130617168	30355
chr9	123506479	123706479	harbor2	chr9	123530690	123531018	DNA/TcMar-Tigger	1811	-	164	123530854	24375
chr9	123506479	123706479	harbor2	chr9	123531724	123532215	DNA/TcMar-Tigger	1975	-	246	123531970	25491
chr9	123506479	123706479	harbor2	chr9	123602082	123602444	DNA/TcMar-Tigger	1355	-	181	123602263	95784
chr9	126834794	127034794	harbor2	chr9	126905470	126905550	DNA/TcMar-Tigger	2335	-	40	126905510	70716
chr9	126834794	127034794	harbor2	chr9	126905856	126906301	DNA/TcMar-Tigger	2335	-	222	126906078	71284
chr9	122911468	123111468	harbor2	chr9	122985784	122986012	DNA/TcMar-Tigger	1261	-	114	122985898	74430
chr9	114816475	115016475	harbor2	chr9	114820955	114822166	DNA/TcMar-Tigger	6873	-	606	114821561	5086
chr9	110852309	111052309	harbor2	chr9	110888114	110888541	DNA/TcMar-Tigger	957	-	214	110888328	36019
chr9	87077403	87277403	harbor2	chr9	87100986	87101655	DNA/TcMar-Tigger	900	-	334	87101320	23917
chr9	87077403	87277403	harbor2	chr9	87163647	87163830	DNA/TcMar-Tigger	1042	-	92	87163739	86336
chr9	87077403	87277403	harbor2	chr9	87166941	87167548	DNA/TcMar-Tigger	3185	-	304	87167245	89842
chr9	97740641	97940641	harbor2	chr9	97835041	97835615	DNA/TcMar-Tigger	3945	-	287	97835328	94687
chr9	97740641	97940641	harbor2	chr9	97835935	97835981	DNA/TcMar-Tigger	3945	-	23	97835958	95317
chr9	113213443	113413443	harbor2	chr9	113214295	113215551	DNA/TcMar-Tigger	8109	-	628	113214923	1480
chr9	113213443	113413443	harbor2	chr9	113215962	113216152	DNA/TcMar-Tigger	738	-	95	113216057	2614
chr9	113213443	113413443	harbor2	chr9	113222962	113223058	DNA/TcMar-Tigger	427	-	48	113223010	9567
chr9	113213443	113413443	harbor2	chr9	113223936	113224077	DNA/TcMar-Tigger	505	-	70	113224006	10563
chr9	113213443	113413443	harbor2	chr9	113224282	113224429	DNA/TcMar-Tigger	1021	-	74	113224356	10913
chr9	113213443	113413443	harbor2	chr9	113224728	113224801	DNA/TcMar-Tigger	1021	-	36	113224764	11321
chr9	113213443	113413443	harbor2	chr9	113225009	113225197	DNA/TcMar-Tigger	1021	-	94	113225103	11660
chr9	113213443	113413443	harbor2	chr9	113301210	113301527	DNA/TcMar-Tigger	1561	-	158	113301368	87925
chr9	113213443	113413443	harbor2	chr9	113308491	113308687	DNA/TcMar-Tigger	788	-	98	113308589	95146
chr9	75984471	76184471	harbor2	chr9	76047924	76048221	DNA/TcMar-Tigger	740	-	148	76048072	63601
chr9	75984471	76184471	harbor2	chr9	76060142	76060570	DNA/TcMar-Tigger	2334	-	214	76060356	75885
chr9	120189137	120389137	harbor2	chr9	120206140	120206399	DNA/TcMar-Tigger	568	-	130	120206270	17133
chr9	37822987	38022987	harbor2	chr9	37833284	37833369	DNA/TcMar-Tigger	476	-	42	37833326	10339
chr9	90393530	90593530	harbor2	chr9	90456121	90456297	DNA/TcMar-Tigger	4310	-	88	90456209	62679
chr9	90393530	90593530	harbor2	chr9	90456598	90457266	DNA/TcMar-Tigger	4310	-	334	90456932	63402
chr9	90393530	90593530	harbor2	chr9	90466642	90466848	DNA/TcMar-Tigger	790	-	103	90466745	73215
chr9	81833101	82033101	harbor2	chr9	81854576	81855831	DNA/TcMar-Tigger	7160	-	628	81855204	22103
chr9	129743476	129943476	harbor2	chr9	129765094	129765318	DNA/TcMar-Tigger	1682	-	112	129765206	21730
chr9	129743476	129943476	harbor2	chr9	129765507	129765623	DNA/TcMar-Tigger	691	-	58	129765565	22089
chr9	129743476	129943476	harbor2	chr9	129832194	129832388	DNA/TcMar-Tigger	1029	-	97	129832291	88815
chr9	23350550	23550550	harbor2	chr9	23425389	23425711	DNA/TcMar-Tigger	1737	-	161	23425550	75000
chr9	23350550	23550550	harbor2	chr9	23430723	23430925	DNA/TcMar-Tigger	580	-	101	23430824	80274
chr9	79065580	79265580	harbor2	chr9	79141995	79142186	DNA/TcMar-Tigger	1037	-	96	79142091	76511
chr9	79373918	79573918	harbor2	chr9	79376088	79376500	DNA/TcMar-Tigger	1815	-	206	79376294	2376
chr9	128415043	128615043	harbor2	chr9	128467058	128467390	DNA/TcMar-Tigger	1919	-	166	128467224	52181
chr9	66978643	67178643	harbor2	chr9	66994874	66997220	DNA/TcMar-Tigger	14640	-	1173	66996047	17404
chr9	66978643	67178643	harbor2	chr9	67021515	67021710	DNA/TcMar-Tigger	3390	-	98	67021613	42970
chr9	66978643	67178643	harbor2	chr9	67021989	67022610	DNA/TcMar-Tigger	3390	-	310	67022299	43656
chr9	66978643	67178643	harbor2	chr9	67023057	67023265	DNA/TcMar-Tigger	954	-	104	67023161	44518
chr9	138220474	138420474	harbor2	chr9	138222304	138222527	DNA/TcMar-Tigger	1264	-	112	138222416	1942
chr9	138220474	138420474	harbor2	chr9	138223109	138223132	DNA/TcMar-Tigger	1264	-	12	138223121	2647
chr9	138220474	138420474	harbor2	chr9	138223130	138223225	DNA/TcMar-Tigger	444	-	48	138223178	2704
chr9	112704170	112904170	harbor2	chr9	112714773	112715030	DNA/TcMar-Tigger	1728	-	128	112714901	10731
chr9	112704170	112904170	harbor2	chr9	112715180	112715491	DNA/TcMar-Tigger	2789	-	156	112715336	11166
chr9	112704170	112904170	harbor2	chr9	112715789	112715935	DNA/TcMar-Tigger	2789	-	73	112715862	11692
chr9	112704170	112904170	harbor2	chr9	112715927	112716029	DNA/TcMar-Tigger	618	-	51	112715978	11808
chr9	112704170	112904170	harbor2	chr9	112730483	112730722	DNA/TcMar-Tigger	1165	-	120	112730603	26433
chr9	125823469	126023469	harbor2	chr9	125857187	125857417	DNA/TcMar-Tigger	1348	-	115	125857302	33833
chr9	137638837	137838837	harbor2	chr9	137678552	137678697	DNA/TcMar-Tigger	727	-	72	137678624	39787
chr9	137638837	137838837	harbor2	chr9	137678771	137678941	DNA/TcMar-Tigger	997	-	85	137678856	40019
chr9	137638837	137838837	harbor2	chr9	137679249	137679355	DNA/TcMar-Tigger	997	-	53	137679302	40465
chr9	114251538	114451538	harbor2	chr9	114339034	114339131	DNA/TcMar-Tigger	601	-	48	114339082	87544
chr9	63322269	63522269	harbor2	chr9	63348621	63348821	DNA/TcMar-Tigger	1112	-	100	63348721	26452
chr9	132353085	132553085	harbor2	chr9	132375073	132375298	DNA/TcMar-Tigger	767	-	112	132375185	22100
chr9	99329565	99529565	harbor2	chr9	99378243	99378895	DNA/TcMar-Tigger	2818	-	326	99378569	49004
chr9	77466909	77666909	harbor2	chr9	77484625	77484712	DNA/TcMar-Tigger	564	-	44	77484669	17760
chr9	77466909	77666909	harbor2	chr9	77484713	77487086	DNA/TcMar-Tigger	15257	-	1186	77485899	18990
chr9	77466909	77666909	harbor2	chr9	77487087	77487100	DNA/TcMar-Tigger	564	-	6	77487093	20184
chr9	77466909	77666909	harbor2	chr9	77487101	77487350	DNA/TcMar-Tigger	1408	-	124	77487225	20316
chr9	90576741	90776741	harbor2	chr9	90629568	90629900	DNA/TcMar-Tigger	1596	-	166	90629734	52993
chr9	90576741	90776741	harbor2	chr9	90636809	90637226	DNA/TcMar-Tigger	2084	-	208	90637017	60276
chr9	36479068	36679068	harbor2	chr9	36496170	36496283	DNA/TcMar-Tigger	429	-	56	36496226	17158
chr9	36479068	36679068	harbor2	chr9	36496883	36496937	DNA/TcMar-Tigger	429	-	27	36496910	17842
chr9	36479068	36679068	harbor2	chr9	36497377	36497679	DNA/TcMar-Tigger	970	-	151	36497528	18460
chr9	36479068	36679068	harbor2	chr9	36536943	36537172	DNA/TcMar-Tigger	3323	-	114	36537057	57989
chr9	36479068	36679068	harbor2	chr9	36537470	36537573	DNA/TcMar-Tigger	3323	-	52	36537522	58454
chr9	36479068	36679068	harbor2	chr9	36537869	36538225	DNA/TcMar-Tigger	3323	-	178	36538047	58979
chr9	36479068	36679068	harbor2	chr9	36538525	36538571	DNA/TcMar-Tigger	3323	-	23	36538548	59480
chr9	124666645	124866645	harbor2	chr9	124667977	124668400	DNA/TcMar-Tigger	2470	-	212	124668189	1544
chr9	124666645	124866645	harbor2	chr9	124668385	124668453	DNA/TcMar-Tigger	459	-	34	124668419	1774
chr9	124666645	124866645	harbor2	chr9	124687856	124688039	DNA/TcMar-Tigger	1551	-	92	124687948	21303
chr9	124666645	124866645	harbor2	chr9	124688347	124688456	DNA/TcMar-Tigger	1551	-	54	124688401	21756
chr9	62277627	62477627	harbor2	chr9	62343127	62343459	DNA/TcMar-Tigger	1358	-	166	62343293	65666
chr9	86121897	86321897	harbor2	chr9	86138989	86139419	DNA/TcMar-Tigger	3315	-	215	86139204	17307
chr9	86121897	86321897	harbor2	chr9	86139705	86139949	DNA/TcMar-Tigger	3315	-	122	86139827	17930
chr9	133603394	133803394	harbor2	chr9	133620812	133621291	DNA/TcMar-Tigger	2232	-	240	133621052	17658
chr9	133603394	133803394	harbor2	chr9	133647244	133647721	DNA/TcMar-Tigger	917	-	238	133647482	44088
chr9	132293018	132493018	harbor2	chr9	132322064	132322201	DNA/TcMar-Tigger	458	-	68	132322132	29114
chr9	132293018	132493018	harbor2	chr9	132344005	132344199	DNA/TcMar-Tigger	919	-	97	132344102	51084
chr9	132293018	132493018	harbor2	chr9	132375073	132375298	DNA/TcMar-Tigger	767	-	112	132375185	82167
chr9	84229887	84429887	harbor2	chr9	84252294	84252592	DNA/TcMar-Tigger	1271	-	149	84252443	22556
chr9	84229887	84429887	harbor2	chr9	84267966	84268283	DNA/TcMar-Tigger	1755	-	158	84268124	38237
chr9	104951871	105151871	harbor2	chr9	105016464	105016769	DNA/TcMar-Tigger	1015	-	152	105016616	64745
chr9	130479733	130679733	harbor2	chr9	130559628	130559835	DNA/TcMar-Tigger	1107	-	104	130559732	79999
chr9	87457687	87657687	harbor2	chr9	87504664	87504995	DNA/TcMar-Tigger	1965	-	166	87504830	47143
chr9	107698657	107898657	harbor2	chr9	107766977	107767454	DNA/TcMar-Tigger	3044	-	238	107767215	68558
chr9	107698657	107898657	harbor2	chr9	107767765	107767956	DNA/TcMar-Tigger	3044	-	96	107767861	69204
chr9	95889036	96089036	harbor2	chr9	95893960	95894319	DNA/TcMar-Tigger	2238	-	180	95894140	5104
chr9	95889036	96089036	harbor2	chr9	95899678	95899980	DNA/TcMar-Tigger	1522	-	151	95899829	10793
chr9	94340555	94540555	harbor2	chr9	94436048	94436120	DNA/TcMar-Tigger	421	-	36	94436084	95529
chr9	123046876	123246876	harbor2	chr9	123072043	123072256	DNA/TcMar-Tigger	1305	-	106	123072149	25273
chr9	123046876	123246876	harbor2	chr9	123144271	123144566	DNA/TcMar-Tigger	886	-	148	123144419	97543
chr9	116973115	117173115	harbor2	chr9	116987046	116987124	DNA/TcMar-Tigger	417	-	39	116987085	13970
chr9	116973115	117173115	harbor2	chr9	116987654	116988122	DNA/TcMar-Tigger	2837	-	234	116987888	14773
chr9	112543059	112743059	harbor2	chr9	112551479	112552153	DNA/TcMar-Tigger	1431	-	337	112551816	8757
chr9	92691171	92891171	harbor2	chr9	92699072	92700044	DNA/TcMar-Tigger	5182	-	486	92699558	8387
chr9	92691171	92891171	harbor2	chr9	92753839	92753882	DNA/TcMar-Tigger	680	-	22	92753861	62690
chr9	92691171	92891171	harbor2	chr9	92754162	92754495	DNA/TcMar-Tigger	872	-	166	92754328	63157
chr9	97844110	98044110	harbor2	chr9	97884774	97885001	DNA/TcMar-Tigger	2891	-	114	97884888	40778
chr9	97844110	98044110	harbor2	chr9	97885316	97885565	DNA/TcMar-Tigger	2891	-	124	97885440	41330
chr9	97844110	98044110	harbor2	chr9	97894996	97895335	DNA/TcMar-Tigger	2002	-	170	97895166	51056
chr9	97844110	98044110	harbor2	chr9	97909260	97909460	DNA/TcMar-Tigger	609	-	100	97909360	65250
chr9	97844110	98044110	harbor2	chr9	97934622	97934783	DNA/TcMar-Tigger	510	-	80	97934702	90592
chr9	97844110	98044110	harbor2	chr9	97935126	97935236	DNA/TcMar-Tigger	649	-	55	97935181	91071
chr9	24234184	24434184	harbor2	chr9	24267602	24267662	DNA/TcMar-Tigger	486	-	30	24267632	33448
chr9	24234184	24434184	harbor2	chr9	24267967	24267981	DNA/TcMar-Tigger	486	-	7	24267974	33790
chr9	24234184	24434184	harbor2	chr9	24267997	24268255	DNA/TcMar-Tigger	1331	-	129	24268126	33942
chr9	24234184	24434184	harbor2	chr9	24288058	24288415	DNA/TcMar-Tigger	1964	-	178	24288236	54052
chr9	24234184	24434184	harbor2	chr9	24317587	24317896	DNA/TcMar-Tigger	1119	-	154	24317741	83557
chr9	137462800	137662800	harbor2	chr9	137553605	137553635	DNA/TcMar-Tigger	900	-	15	137553620	90820
chr9	137462800	137662800	harbor2	chr9	137554216	137554375	DNA/TcMar-Tigger	900	-	80	137554296	91496
chr9	122171411	122371411	harbor2	chr9	122244135	122244373	DNA/TcMar-Tigger	621	-	119	122244254	72843
chr9	122171411	122371411	harbor2	chr9	122244702	122244908	DNA/TcMar-Tigger	590	-	103	122244805	73394
chr9	130027485	130227485	harbor2	chr9	130060903	130061037	DNA/TcMar-Tigger	418	-	67	130060970	33485
chr9	130027485	130227485	harbor2	chr9	130083727	130084047	DNA/TcMar-Tigger	1302	-	160	130083887	56402
chr9	101831259	102031259	harbor2	chr9	101922922	101922991	DNA/TcMar-Tigger	862	-	34	101922956	91697
chr9	101831259	102031259	harbor2	chr9	101923304	101923530	DNA/TcMar-Tigger	862	-	113	101923417	92158
chr9	128312963	128512963	harbor2	chr9	128319509	128319640	DNA/TcMar-Tigger	1715	-	66	128319575	6612
chr9	128312963	128512963	harbor2	chr9	128320764	128320796	DNA/TcMar-Tigger	1715	-	16	128320780	7817
chr9	128312963	128512963	harbor2	chr9	128321086	128321263	DNA/TcMar-Tigger	1715	-	88	128321174	8211
chr9	95314538	95514538	harbor2	chr9	95412891	95413094	DNA/TcMar-Tigger	1057	-	102	95412993	98455
chr9	125107518	125307518	harbor2	chr9	125154173	125154494	DNA/TcMar-Tigger	1727	-	160	125154333	46815
chr9	96569508	96769508	harbor2	chr9	96623670	96624010	DNA/TcMar-Tigger	2116	-	170	96623840	54332
chr9	96569508	96769508	harbor2	chr9	96635579	96635873	DNA/TcMar-Tigger	1847	-	147	96635726	66218
chr9	96569508	96769508	harbor2	chr9	96638997	96639128	DNA/TcMar-Tigger	687	-	66	96639063	69555
chr9	68654845	68854845	harbor2	chr9	68680863	68680940	DNA/TcMar-Tigger	432	-	38	68680901	26056
chr9	68654845	68854845	harbor2	chr9	68681010	68681087	DNA/TcMar-Tigger	429	-	38	68681048	26203
chr9	111379637	111579637	harbor2	chr9	111379232	111381519	DNA/TcMar-Tigger	13475	-	1144	111380376	739
chr9	111379637	111579637	harbor2	chr9	111427503	111427854	DNA/TcMar-Tigger	2072	-	176	111427679	48042
chr9	42008266	42208266	harbor2	chr9	42072798	42073107	DNA/TcMar-Tigger	657	-	154	42072952	64686
chr9	65953297	66153297	harbor2	chr9	65965824	65966030	DNA/TcMar-Tigger	1111	-	103	65965927	12630
chr9	65953297	66153297	harbor2	chr9	66002815	66003956	DNA/TcMar-Tigger	6121	-	570	66003385	50088
chr9	111592584	111792584	harbor2	chr9	111674766	111674962	DNA/TcMar-Tigger	910	-	98	111674864	82280
chr9	111592584	111792584	harbor2	chr9	111675275	111675365	DNA/TcMar-Tigger	910	-	45	111675320	82736
chr9	111592584	111792584	harbor2	chr9	111684947	111685200	DNA/TcMar-Tigger	1310	-	126	111685073	92489
chr9	111592584	111792584	harbor2	chr9	111685396	111685682	DNA/TcMar-Tigger	927	-	143	111685539	92955
chr9	123209294	123409294	harbor2	chr9	123220203	123220527	DNA/TcMar-Tigger	1600	-	162	123220365	11071
chr9	123209294	123409294	harbor2	chr9	123308085	123308541	DNA/TcMar-Tigger	2732	-	228	123308313	99019
chr9	123209294	123409294	harbor2	chr9	123308836	123308907	DNA/TcMar-Tigger	2732	-	36	123308872	99578
chr9	123209294	123409294	harbor2	chr9	123256383	123256978	DNA/TcMar-Tigger	3373	-	298	123256681	47387
chr9	120238344	120438344	harbor2	chr9	120334260	120334508	DNA/TcMar-Tigger	610	-	124	120334384	96040
chr9	126546276	126746276	harbor2	chr9	126561039	126561293	DNA/TcMar-Tigger	868	-	127	126561166	14890
chr9	73473298	73673298	harbor2	chr9	73491733	73493885	DNA/TcMar-Tigger	16157	-	1076	73492809	19511
chr9	73473298	73673298	harbor2	chr9	73494194	73494721	DNA/TcMar-Tigger	16157	-	264	73494458	21160
chr9	73473298	73673298	harbor2	chr9	73529122	73529385	DNA/TcMar-Tigger	1223	-	132	73529254	55956
chr9	114369103	114569103	harbor2	chr9	114455773	114456109	DNA/TcMar-Tigger	2177	-	168	114455941	86838
chr9	102594210	102794210	harbor2	chr9	102653816	102654407	DNA/TcMar-Tigger	3096	-	296	102654112	59902
chr9	102594210	102794210	harbor2	chr9	102676571	102676952	DNA/TcMar-Tigger	1635	-	190	102676761	82551
chr9	73622977	73822977	harbor2	chr9	73686322	73686622	DNA/TcMar-Tigger	1205	-	150	73686472	63495
chr9	135336313	135536313	harbor2	chr9	135359017	135359366	DNA/TcMar-Tigger	1943	-	174	135359191	22878
chr9	85766630	85966630	harbor2	chr9	85819265	85819397	DNA/TcMar-Tigger	408	-	66	85819331	52701
chr9	95783267	95983267	harbor2	chr9	95872533	95873029	DNA/TcMar-Tigger	688	-	248	95872781	89514
chr9	124163345	124363345	harbor2	chr9	124189185	124189607	DNA/TcMar-Tigger	2642	-	211	124189396	26051
chr9	133433643	133633643	harbor2	chr9	133521003	133521375	DNA/TcMar-Tigger	903	-	186	133521189	87546
chr9	125247298	125447298	harbor2	chr9	125284633	125284974	DNA/TcMar-Tigger	1767	-	170	125284803	37505
chr9	125247298	125447298	harbor2	chr9	125344987	125345168	DNA/TcMar-Tigger	1115	-	90	125345077	97779
chr9	125247298	125447298	harbor2	chr9	125345480	125345571	DNA/TcMar-Tigger	1115	-	46	125345526	98228
chr9	67109652	67309652	harbor2	chr9	67143117	67143637	DNA/TcMar-Tigger	2778	-	260	67143377	33725
chr9	67109652	67309652	harbor2	chr9	67144702	67145034	DNA/TcMar-Tigger	1528	-	166	67144868	35216
chr9	67109652	67309652	harbor2	chr9	67159203	67159314	DNA/TcMar-Tigger	441	-	56	67159259	49607
chr9	97263539	97463539	harbor2	chr9	97315868	97315955	DNA/TcMar-Tigger	495	-	44	97315912	52373
chr9	97263539	97463539	harbor2	chr9	97315940	97316016	DNA/TcMar-Tigger	412	-	38	97315978	52439
chr9	93492769	93692769	harbor2	chr9	93495513	93496493	DNA/TcMar-Tigger	5824	-	490	93496003	3234
chr9	93492769	93692769	harbor2	chr9	93543862	93543956	DNA/TcMar-Tigger	551	-	47	93543909	51140
chr9	93492769	93692769	harbor2	chr9	93543954	93544071	DNA/TcMar-Tigger	558	-	58	93544012	51243
chr9	93492769	93692769	harbor2	chr9	93556781	93557117	DNA/TcMar-Tigger	2920	-	168	93556949	64180
chr9	93492769	93692769	harbor2	chr9	93557430	93557732	DNA/TcMar-Tigger	2920	-	151	93557581	64812
chr9	127452094	127652094	harbor2	chr9	127457896	127458023	DNA/TcMar-Tigger	505	-	64	127457960	5866
chr9	87847032	88047032	harbor2	chr9	87899558	87899901	DNA/TcMar-Tigger	1830	-	172	87899730	52698
chr9	124166574	124366574	harbor2	chr9	124189185	124189607	DNA/TcMar-Tigger	2642	-	211	124189396	22822
chr9	113241042	113441042	harbor2	chr9	113301210	113301527	DNA/TcMar-Tigger	1561	-	158	113301368	60326
chr9	113241042	113441042	harbor2	chr9	113308491	113308687	DNA/TcMar-Tigger	788	-	98	113308589	67547
chr9	132839864	133039864	harbor2	chr9	132918971	132919271	DNA/TcMar-Tigger	1594	-	150	132919121	79257
chr9	79641870	79841870	harbor2	chr9	79670922	79671112	DNA/TcMar-Tigger	511	-	95	79671017	29147
chr9	79641870	79841870	harbor2	chr9	79675799	79676021	DNA/TcMar-Tigger	1298	-	111	79675910	34040
chr9	79641870	79841870	harbor2	chr9	79732413	79732586	DNA/TcMar-Tigger	445	-	86	79732499	90629
chr9	121854484	122054484	harbor2	chr9	121894932	121895264	DNA/TcMar-Tigger	584	-	166	121895098	40614
chr9	86412780	86612780	harbor2	chr9	86419801	86420401	DNA/TcMar-Tigger	2723	-	300	86420101	7321
chr9	115084853	115284853	harbor2	chr9	115145614	115145724	DNA/TcMar-Tigger	754	-	55	115145669	60816
chr9	79981518	80181518	harbor2	chr9	80014048	80014363	DNA/TcMar-Tigger	1443	-	158	80014206	32688
chr9	79981518	80181518	harbor2	chr9	80019007	80019743	DNA/TcMar-Tigger	659	-	368	80019375	37857
chr9	77807952	78007952	harbor2	chr9	77820398	77820635	DNA/TcMar-Tigger	613	-	118	77820516	12564
chr9	77807952	78007952	harbor2	chr9	77834966	77835080	DNA/TcMar-Tigger	638	-	57	77835023	27071
chr9	77807952	78007952	harbor2	chr9	77835072	77835272	DNA/TcMar-Tigger	985	-	100	77835172	27220
chr9	77807952	78007952	harbor2	chr9	77897144	77897369	DNA/TcMar-Tigger	491	-	112	77897256	89304
chr9	84999112	85199112	harbor2	chr9	85055974	85056670	DNA/TcMar-Tigger	606	-	348	85056322	57210
chr9	84999112	85199112	harbor2	chr9	85084473	85084909	DNA/TcMar-Tigger	2286	-	218	85084691	85579
chr9	123174661	123374661	harbor2	chr9	123181123	123181457	DNA/TcMar-Tigger	533	-	167	123181290	6629
chr9	123174661	123374661	harbor2	chr9	123220203	123220527	DNA/TcMar-Tigger	1600	-	162	123220365	45704
chr9	123174661	123374661	harbor2	chr9	123256383	123256978	DNA/TcMar-Tigger	3373	-	298	123256681	82020
chr9	135983423	136183423	harbor2	chr9	136067427	136067555	DNA/TcMar-Tigger	2344	-	64	136067491	84068
chr9	135983423	136183423	harbor2	chr9	136067851	136068215	DNA/TcMar-Tigger	2344	-	182	136068033	84610
chr9	135983423	136183423	harbor2	chr9	136068519	136068639	DNA/TcMar-Tigger	2344	-	60	136068579	85156
chr9	138195282	138395282	harbor2	chr9	138222304	138222527	DNA/TcMar-Tigger	1264	-	112	138222416	27134
chr9	138195282	138395282	harbor2	chr9	138223109	138223132	DNA/TcMar-Tigger	1264	-	12	138223121	27839
chr9	138195282	138395282	harbor2	chr9	138223130	138223225	DNA/TcMar-Tigger	444	-	48	138223178	27896
chr9	106990723	107190723	harbor2	chr9	106990565	106991063	DNA/TcMar-Tigger	1366	-	249	106990814	91
chr9	106990723	107190723	harbor2	chr9	107023533	107023918	DNA/TcMar-Tigger	904	-	192	107023725	33002
chr9	106990723	107190723	harbor2	chr9	107037904	107038107	DNA/TcMar-Tigger	1191	-	102	107038006	47283
chr9	106990723	107190723	harbor2	chr9	107061258	107063626	DNA/TcMar-Tigger	14120	-	1184	107062442	71719
chr9	117466202	117666202	harbor2	chr9	117523541	117523800	DNA/TcMar-Tigger	715	-	130	117523671	57469
chr9	94223353	94423353	harbor2	chr9	94274526	94274955	DNA/TcMar-Tigger	1801	-	214	94274740	51387
chr9	94223353	94423353	harbor2	chr9	94275258	94275343	DNA/TcMar-Tigger	1801	-	42	94275300	51947
chr9	128762246	128962246	harbor2	chr9	128860863	128861137	DNA/TcMar-Tigger	1427	-	137	128861000	98754
chr9	109663871	109863871	harbor2	chr9	109685365	109686612	DNA/TcMar-Tigger	14237	-	624	109685989	22118
chr9	109663871	109863871	harbor2	chr9	109686660	109686677	DNA/TcMar-Tigger	14237	-	8	109686668	22797
chr9	109663871	109863871	harbor2	chr9	109687128	109688294	DNA/TcMar-Tigger	14237	-	583	109687711	23840
chr10	82387658	82587658	harbor2	chr10	82395743	82396759	DNA/TcMar-Tigger	4874	-	508	82396251	8593
chr10	82387658	82587658	harbor2	chr10	82412246	82414644	DNA/TcMar-Tigger	14636	-	1199	82413445	25787
chr10	82387658	82587658	harbor2	chr10	82455189	82455614	DNA/TcMar-Tigger	3395	-	212	82455401	67743
chr10	82387658	82587658	harbor2	chr10	82455917	82456137	DNA/TcMar-Tigger	3395	-	110	82456027	68369
chr10	82387658	82587658	harbor2	chr10	82456449	82456541	DNA/TcMar-Tigger	3395	-	46	82456495	68837
chr10	82387658	82587658	harbor2	chr10	82456535	82456641	DNA/TcMar-Tigger	616	-	53	82456588	68930
chr10	120263406	120463406	harbor2	chr10	120330614	120330823	DNA/TcMar-Tigger	1234	-	104	120330718	67312
chr10	117552498	117752498	harbor2	chr10	117630773	117630916	DNA/TcMar-Tigger	424	-	72	117630845	78347
chr10	117552498	117752498	harbor2	chr10	117631225	117631240	DNA/TcMar-Tigger	424	-	8	117631233	78735
chr10	117552498	117752498	harbor2	chr10	117651386	117652268	DNA/TcMar-Tigger	1995	-	441	117651827	99329
chr10	131212061	131412061	harbor2	chr10	131242573	131242665	DNA/TcMar-Tigger	619	-	46	131242619	30558
chr10	131212061	131412061	harbor2	chr10	131265547	131266391	DNA/TcMar-Tigger	5488	-	422	131265969	53908
chr10	131212061	131412061	harbor2	chr10	131266379	131266479	DNA/TcMar-Tigger	494	-	50	131266429	54368
chr10	131212061	131412061	harbor2	chr10	131269487	131269895	DNA/TcMar-Tigger	7789	-	204	131269691	57630
chr10	131212061	131412061	harbor2	chr10	131268256	131269176	DNA/TcMar-Tigger	7789	-	460	131268716	56655
chr10	128805473	129005473	harbor2	chr10	128831125	128831214	DNA/TcMar-Tigger	498	-	44	128831169	25696
chr10	128805473	129005473	harbor2	chr10	128831290	128831415	DNA/TcMar-Tigger	1251	-	62	128831352	25879
chr10	128805473	129005473	harbor2	chr10	128831634	128831831	DNA/TcMar-Tigger	1251	-	98	128831732	26259
chr10	128805473	129005473	harbor2	chr10	128831834	128832056	DNA/TcMar-Tigger	1071	-	111	128831945	26472
chr10	128805473	129005473	harbor2	chr10	128875819	128875991	DNA/TcMar-Tigger	501	-	86	128875905	70432
chr10	80510470	80710470	harbor2	chr10	80562281	80562488	DNA/TcMar-Tigger	1182	-	104	80562385	51915
chr10	72833819	73033819	harbor2	chr10	72860775	72860972	DNA/TcMar-Tigger	458	-	98	72860873	27054
chr10	72833819	73033819	harbor2	chr10	72915322	72915966	DNA/TcMar-Tigger	3223	-	322	72915644	81825
chr10	73977799	74177799	harbor2	chr10	74005637	74005876	DNA/TcMar-Tigger	1175	-	120	74005757	27958
chr10	73977799	74177799	harbor2	chr10	74006186	74006263	DNA/TcMar-Tigger	1175	-	38	74006224	28425
chr10	73977799	74177799	harbor2	chr10	74026875	74027083	DNA/TcMar-Tigger	605	-	104	74026979	49180
chr10	132868375	133068375	harbor2	chr10	132929045	132929363	DNA/TcMar-Tigger	1402	-	159	132929204	60829
chr10	103635085	103835085	harbor2	chr10	103641974	103642079	DNA/TcMar-Tigger	489	-	52	103642026	6941
chr10	102366329	102566329	harbor2	chr10	102445024	102445358	DNA/TcMar-Tigger	2267	-	167	102445191	78862
chr10	97943130	98143130	harbor2	chr10	97989294	97989644	DNA/TcMar-Tigger	1858	-	175	97989469	46339
chr10	97943130	98143130	harbor2	chr10	98007332	98007671	DNA/TcMar-Tigger	944	-	170	98007502	64372
chr10	97943130	98143130	harbor2	chr10	98034585	98034881	DNA/TcMar-Tigger	1005	-	148	98034733	91603
chr10	51876603	52076603	harbor2	chr10	51886760	51886956	DNA/TcMar-Tigger	695	-	98	51886858	10255
chr10	51876603	52076603	harbor2	chr10	51961169	51961346	DNA/TcMar-Tigger	866	-	88	51961257	84654
chr10	127336351	127536351	harbor2	chr10	127370981	127371338	DNA/TcMar-Tigger	520	-	178	127371159	34808
chr10	116926452	117126452	harbor2	chr10	117014644	117015016	DNA/TcMar-Tigger	1701	-	186	117014830	88378
chr10	116926452	117126452	harbor2	chr10	117015043	117015318	DNA/TcMar-Tigger	459	-	138	117015181	88729
chr10	116926452	117126452	harbor2	chr10	117015631	117015763	DNA/TcMar-Tigger	459	-	66	117015697	89245
chr10	116926452	117126452	harbor2	chr10	117016220	117016404	DNA/TcMar-Tigger	869	-	92	117016312	89860
chr10	116926452	117126452	harbor2	chr10	117016707	117016766	DNA/TcMar-Tigger	869	-	30	117016737	90285
chr10	48972285	49172285	harbor2	chr10	49067825	49068145	DNA/TcMar-Tigger	1349	-	160	49067985	95700
chr10	54670085	54870085	harbor2	chr10	54684838	54685599	DNA/TcMar-Tigger	3685	-	380	54685218	15133
chr10	54670085	54870085	harbor2	chr10	54685612	54685937	DNA/TcMar-Tigger	1529	-	162	54685774	15689
chr10	132846357	133046357	harbor2	chr10	132929045	132929363	DNA/TcMar-Tigger	1402	-	159	132929204	82847
chr10	73356590	73556590	harbor2	chr10	73363135	73363556	DNA/TcMar-Tigger	2545	-	210	73363345	6755
chr10	73356590	73556590	harbor2	chr10	73363828	73363910	DNA/TcMar-Tigger	1822	-	41	73363869	7279
chr10	73356590	73556590	harbor2	chr10	73364212	73364251	DNA/TcMar-Tigger	1822	-	20	73364232	7642
chr10	73356590	73556590	harbor2	chr10	73364550	73364799	DNA/TcMar-Tigger	1822	-	124	73364674	8084
chr10	73356590	73556590	harbor2	chr10	73364798	73364891	DNA/TcMar-Tigger	559	-	46	73364844	8254
chr10	73356590	73556590	harbor2	chr10	73441966	73442464	DNA/TcMar-Tigger	788	-	249	73442215	85625
chr10	114340499	114540499	harbor2	chr10	114356123	114356373	DNA/TcMar-Tigger	859	-	125	114356248	15749
chr10	129017222	129217222	harbor2	chr10	129062141	129062360	DNA/TcMar-Tigger	840	-	110	129062251	45029
chr10	95842479	96042479	harbor2	chr10	95891321	95891546	DNA/TcMar-Tigger	1250	-	112	95891433	48954
chr10	93703293	93903293	harbor2	chr10	93731452	93732269	DNA/TcMar-Tigger	4983	-	408	93731860	28567
chr10	93703293	93903293	harbor2	chr10	93732263	93732316	DNA/TcMar-Tigger	2146	-	26	93732289	28996
chr10	93703293	93903293	harbor2	chr10	93739511	93740046	DNA/TcMar-Tigger	3305	-	268	93739779	36486
chr10	93703293	93903293	harbor2	chr10	93740227	93740369	DNA/TcMar-Tigger	921	-	71	93740298	37005
chr10	93703293	93903293	harbor2	chr10	93788712	93788903	DNA/TcMar-Tigger	432	-	96	93788808	85515
chr10	93703293	93903293	harbor2	chr10	93732624	93732917	DNA/TcMar-Tigger	2146	-	146	93732770	29477
chr10	46675917	46875917	harbor2	chr10	46731554	46731736	DNA/TcMar-Tigger	427	-	91	46731645	55728
chr10	110135988	110335988	harbor2	chr10	110197674	110197881	DNA/TcMar-Tigger	15435	-	104	110197778	61790
chr10	110135988	110335988	harbor2	chr10	110198243	110200441	DNA/TcMar-Tigger	15435	-	1099	110199342	63354
chr10	74338582	74538582	harbor2	chr10	74343196	74343585	DNA/TcMar-Tigger	1814	-	194	74343390	4808
chr10	74338582	74538582	harbor2	chr10	74408537	74408958	DNA/TcMar-Tigger	2105	-	210	74408747	70165
chr10	74338582	74538582	harbor2	chr10	74411403	74412187	DNA/TcMar-Tigger	5186	-	392	74411795	73213
chr10	74338582	74538582	harbor2	chr10	74412441	74412776	DNA/TcMar-Tigger	9072	-	168	74412609	74027
chr10	74338582	74538582	harbor2	chr10	74413071	74414263	DNA/TcMar-Tigger	9072	-	596	74413667	75085
chr10	74338582	74538582	harbor2	chr10	74436384	74436466	DNA/TcMar-Tigger	626	-	41	74436425	97843
chr10	124541250	124741250	harbor2	chr10	124582493	124582722	DNA/TcMar-Tigger	1150	-	114	124582607	41357
chr10	124541250	124741250	harbor2	chr10	124582839	124583068	DNA/TcMar-Tigger	1062	-	114	124582953	41703
chr10	117107575	117307575	harbor2	chr10	117121617	117121750	DNA/TcMar-Tigger	929	-	66	117121683	14108
chr10	117107575	117307575	harbor2	chr10	117122062	117122139	DNA/TcMar-Tigger	929	-	38	117122100	14525
chr10	36389931	36589931	harbor2	chr10	36470547	36470867	DNA/TcMar-Tigger	1696	-	160	36470707	80776
chr10	93744844	93944844	harbor2	chr10	93788712	93788903	DNA/TcMar-Tigger	432	-	96	93788808	43964
chr10	112408909	112608909	harbor2	chr10	112418219	112418300	DNA/TcMar-Tigger	2734	-	40	112418259	9350
chr10	112408909	112608909	harbor2	chr10	112418604	112418966	DNA/TcMar-Tigger	2734	-	181	112418785	9876
chr10	112408909	112608909	harbor2	chr10	112419438	112419672	DNA/TcMar-Tigger	1383	-	117	112419555	10646
chr10	112408909	112608909	harbor2	chr10	112506030	112506341	DNA/TcMar-Tigger	1678	-	156	112506186	97277
chr10	107029040	107229040	harbor2	chr10	107058350	107058551	DNA/TcMar-Tigger	466	-	100	107058450	29410
chr10	107029040	107229040	harbor2	chr10	107075547	107075993	DNA/TcMar-Tigger	925	-	223	107075770	46730
chr10	129250848	129450848	harbor2	chr10	129297836	129298077	DNA/TcMar-Tigger	1211	-	120	129297956	47108
chr10	129250848	129450848	harbor2	chr10	129298187	129298353	DNA/TcMar-Tigger	845	-	83	129298270	47422
chr10	129250848	129450848	harbor2	chr10	129312673	129312693	DNA/TcMar-Tigger	1944	-	10	129312683	61835
chr10	129250848	129450848	harbor2	chr10	129313080	129313504	DNA/TcMar-Tigger	1944	-	212	129313292	62444
chr10	129250848	129450848	harbor2	chr10	129350320	129350790	DNA/TcMar-Tigger	2811	-	235	129350555	99707
chr10	113747177	113947177	harbor2	chr10	113757325	113758588	DNA/TcMar-Tigger	8628	-	632	113757957	10780
chr10	113747177	113947177	harbor2	chr10	113758585	113759075	DNA/TcMar-Tigger	2946	-	245	113758830	11653
chr10	113747177	113947177	harbor2	chr10	113846595	113846902	DNA/TcMar-Tigger	1479	-	154	113846749	99572
chr10	92875019	93075019	harbor2	chr10	92880085	92880428	DNA/TcMar-Tigger	1971	-	172	92880257	5238
chr10	113662521	113862521	harbor2	chr10	113669805	113670128	DNA/TcMar-Tigger	1450	-	162	113669967	7446
chr10	113662521	113862521	harbor2	chr10	113686624	113686983	DNA/TcMar-Tigger	1975	-	180	113686804	24283
chr10	113662521	113862521	harbor2	chr10	113757325	113758588	DNA/TcMar-Tigger	8628	-	632	113757957	95436
chr10	113662521	113862521	harbor2	chr10	113758585	113759075	DNA/TcMar-Tigger	2946	-	245	113758830	96309
chr10	122234087	122434087	harbor2	chr10	122316405	122316790	DNA/TcMar-Tigger	6170	-	192	122316597	82510
chr10	122234087	122434087	harbor2	chr10	122317089	122317365	DNA/TcMar-Tigger	6170	-	138	122317227	83140
chr10	122234087	122434087	harbor2	chr10	122317680	122318206	DNA/TcMar-Tigger	6170	-	263	122317943	83856
chr10	88792895	88992895	harbor2	chr10	88835363	88835736	DNA/TcMar-Tigger	1895	-	186	88835549	42654
chr10	88792895	88992895	harbor2	chr10	88842718	88843062	DNA/TcMar-Tigger	777	-	172	88842890	49995
chr10	88792895	88992895	harbor2	chr10	88843083	88843297	DNA/TcMar-Tigger	473	-	107	88843190	50295
chr10	88792895	88992895	harbor2	chr10	88845944	88847255	DNA/TcMar-Tigger	10873	-	656	88846600	53705
chr10	88792895	88992895	harbor2	chr10	88847559	88848139	DNA/TcMar-Tigger	10873	-	290	88847849	54954
chr10	14097671	14297671	harbor2	chr10	14099442	14099679	DNA/TcMar-Tigger	1061	-	118	14099560	1889
chr10	71399093	71599093	harbor2	chr10	71431553	71431799	DNA/TcMar-Tigger	618	-	123	71431676	32583
chr10	71399093	71599093	harbor2	chr10	71487282	71487373	DNA/TcMar-Tigger	555	-	46	71487328	88235
chr10	71399093	71599093	harbor2	chr10	71494161	71494363	DNA/TcMar-Tigger	609	-	101	71494262	95169
chr10	62683146	62883146	harbor2	chr10	62751226	62751417	DNA/TcMar-Tigger	973	-	96	62751322	68176
chr10	101368209	101568209	harbor2	chr10	101380770	101381087	DNA/TcMar-Tigger	1435	-	158	101380928	12719
chr10	101368209	101568209	harbor2	chr10	101409443	101409781	DNA/TcMar-Tigger	1896	-	169	101409612	41403
chr10	101368209	101568209	harbor2	chr10	101456946	101457574	DNA/TcMar-Tigger	3547	-	314	101457260	89051
chr10	116487021	116687021	harbor2	chr10	116517256	116517586	DNA/TcMar-Tigger	1349	-	165	116517421	30400
chr10	116487021	116687021	harbor2	chr10	116536886	116537237	DNA/TcMar-Tigger	1516	-	176	116537062	50041
chr10	116487021	116687021	harbor2	chr10	116563170	116563385	DNA/TcMar-Tigger	1077	-	108	116563278	76257
chr10	111929341	112129341	harbor2	chr10	111981754	111982445	DNA/TcMar-Tigger	3877	-	346	111982100	52759
chr10	51274934	51474934	harbor2	chr10	51313650	51313980	DNA/TcMar-Tigger	1811	-	165	51313815	38881
chr10	51274934	51474934	harbor2	chr10	51327528	51327872	DNA/TcMar-Tigger	1808	-	172	51327700	52766
chr10	51274934	51474934	harbor2	chr10	51335855	51335974	DNA/TcMar-Tigger	416	-	60	51335915	60981
chr10	93294618	93494618	harbor2	chr10	93301022	93301417	DNA/TcMar-Tigger	1565	-	198	93301220	6602
chr10	93294618	93494618	harbor2	chr10	93366939	93367079	DNA/TcMar-Tigger	408	-	70	93367009	72391
chr10	102901169	103101169	harbor2	chr10	102977204	102977425	DNA/TcMar-Tigger	1240	-	110	102977314	76145
chr10	102901169	103101169	harbor2	chr10	102991597	102991959	DNA/TcMar-Tigger	571	-	181	102991778	90609
chr10	121155520	121355520	harbor2	chr10	121200048	121200273	DNA/TcMar-Tigger	1312	-	112	121200160	44640
chr10	121155520	121355520	harbor2	chr10	121206307	121206733	DNA/TcMar-Tigger	2639	-	213	121206520	51000
chr10	121155520	121355520	harbor2	chr10	121206718	121206784	DNA/TcMar-Tigger	499	-	33	121206751	51231
chr10	121155520	121355520	harbor2	chr10	121220146	121220381	DNA/TcMar-Tigger	1077	-	118	121220264	64744
chr10	73935508	74135508	harbor2	chr10	73936664	73936913	DNA/TcMar-Tigger	833	-	124	73936788	1280
chr10	73935508	74135508	harbor2	chr10	73937210	73937270	DNA/TcMar-Tigger	833	-	30	73937240	1732
chr10	73935508	74135508	harbor2	chr10	74005637	74005876	DNA/TcMar-Tigger	1175	-	120	74005757	70249
chr10	73935508	74135508	harbor2	chr10	74006186	74006263	DNA/TcMar-Tigger	1175	-	38	74006224	70716
chr10	73935508	74135508	harbor2	chr10	74026875	74027083	DNA/TcMar-Tigger	605	-	104	74026979	91471
chr10	105268978	105468978	harbor2	chr10	105359586	105360137	DNA/TcMar-Tigger	2926	-	276	105359862	90884
chr10	109564190	109764190	harbor2	chr10	109582105	109582536	DNA/TcMar-Tigger	2612	-	216	109582321	18131
chr10	109564190	109764190	harbor2	chr10	109662054	109662482	DNA/TcMar-Tigger	2481	-	214	109662268	98078
chr10	109564190	109764190	harbor2	chr10	109662480	109662569	DNA/TcMar-Tigger	418	-	44	109662524	98334
chr10	116809507	117009507	harbor2	chr10	116902881	116903175	DNA/TcMar-Tigger	427	-	147	116903028	93521
chr10	97498082	97698082	harbor2	chr10	97544475	97544708	DNA/TcMar-Tigger	1471	-	116	97544591	46509
chr10	97498082	97698082	harbor2	chr10	97544835	97545022	DNA/TcMar-Tigger	1087	-	94	97544929	46847
chr10	94435153	94635153	harbor2	chr10	94480890	94481793	DNA/TcMar-Tigger	5526	-	452	94481342	46189
chr10	94435153	94635153	harbor2	chr10	94489599	94489965	DNA/TcMar-Tigger	2750	-	183	94489782	54629
chr10	94435153	94635153	harbor2	chr10	94490276	94490446	DNA/TcMar-Tigger	2750	-	85	94490361	55208
chr10	94435153	94635153	harbor2	chr10	94515273	94515335	DNA/TcMar-Tigger	2401	-	31	94515304	80151
chr10	94435153	94635153	harbor2	chr10	94515649	94516126	DNA/TcMar-Tigger	2401	-	238	94515887	80734
chr10	96788065	96988065	harbor2	chr10	96809515	96809755	DNA/TcMar-Tigger	1353	-	120	96809635	21570
chr10	96788065	96988065	harbor2	chr10	96886275	96886475	DNA/TcMar-Tigger	1120	-	100	96886375	98310
chr10	127281110	127481110	harbor2	chr10	127305084	127305391	DNA/TcMar-Tigger	666	-	154	127305238	24128
chr10	127281110	127481110	harbor2	chr10	127311407	127311557	DNA/TcMar-Tigger	894	-	75	127311482	30372
chr10	127281110	127481110	harbor2	chr10	127325866	127327584	DNA/TcMar-Tigger	11479	-	859	127326725	45615
chr10	127281110	127481110	harbor2	chr10	127370981	127371338	DNA/TcMar-Tigger	520	-	178	127371159	90049
chr10	78359505	78559505	harbor2	chr10	78400836	78400892	DNA/TcMar-Tigger	650	-	28	78400864	41359
chr10	78359505	78559505	harbor2	chr10	78401204	78401300	DNA/TcMar-Tigger	650	-	48	78401252	41747
chr10	80991778	81191778	harbor2	chr10	81016343	81016521	DNA/TcMar-Tigger	1021	-	89	81016432	24654
chr10	80991778	81191778	harbor2	chr10	81026361	81026726	DNA/TcMar-Tigger	1640	-	182	81026543	34765
chr10	80991778	81191778	harbor2	chr10	81026723	81026856	DNA/TcMar-Tigger	543	-	66	81026789	35011
chr10	121493930	121693930	harbor2	chr10	121589823	121590350	DNA/TcMar-Tigger	861	-	264	121590087	96157
chr10	114531574	114731574	harbor2	chr10	114591735	114591962	DNA/TcMar-Tigger	1226	-	114	114591849	60275
chr10	122882476	123082476	harbor2	chr10	122949150	122949739	DNA/TcMar-Tigger	2885	-	294	122949444	66968
chr10	122882476	123082476	harbor2	chr10	122980993	122981118	DNA/TcMar-Tigger	857	-	62	122981055	98579
chr10	122882476	123082476	harbor2	chr10	122981288	122981518	DNA/TcMar-Tigger	857	-	115	122981403	98927
chr10	108273291	108473291	harbor2	chr10	108284901	108284997	DNA/TcMar-Tigger	822	-	48	108284949	11658
chr10	108273291	108473291	harbor2	chr10	108285360	108285496	DNA/TcMar-Tigger	822	-	68	108285428	12137
chr10	108273291	108473291	harbor2	chr10	108285858	108286072	DNA/TcMar-Tigger	830	-	107	108285965	12674
chr10	108273291	108473291	harbor2	chr10	108289015	108290206	DNA/TcMar-Tigger	6047	-	596	108289611	16320
chr10	108273291	108473291	harbor2	chr10	108298404	108298469	DNA/TcMar-Tigger	1029	-	32	108298436	25145
chr10	108273291	108473291	harbor2	chr10	108298747	108299035	DNA/TcMar-Tigger	1029	-	144	108298891	25600
chr10	108273291	108473291	harbor2	chr10	108327527	108327876	DNA/TcMar-Tigger	2886	-	174	108327701	54410
chr10	108273291	108473291	harbor2	chr10	108327928	108328170	DNA/TcMar-Tigger	2886	-	121	108328049	54758
chr11	115587420	115787420	harbor2	chr11	115646630	115646975	DNA/TcMar-Tigger	1062	-	172	115646802	59382
chr11	121372315	121572315	harbor2	chr11	121385720	121385875	DNA/TcMar-Tigger	449	-	78	121385798	13483
chr11	121372315	121572315	harbor2	chr11	121458062	121458342	DNA/TcMar-Tigger	732	-	140	121458202	85887
chr11	59814001	60014001	harbor2	chr11	59857922	59858435	DNA/TcMar-Tigger	2858	-	256	59858178	44177
chr11	59814001	60014001	harbor2	chr11	59862836	59863134	DNA/TcMar-Tigger	1841	-	149	59862985	48984
chr11	131569515	131769515	harbor2	chr11	131623373	131623501	DNA/TcMar-Tigger	385	-	64	131623437	53922
chr11	131569515	131769515	harbor2	chr11	131636314	131636489	DNA/TcMar-Tigger	598	-	88	131636402	66887
chr11	95035374	95235374	harbor2	chr11	95035385	95035462	DNA/TcMar-Tigger	397	-	38	95035423	49
chr11	95035374	95235374	harbor2	chr11	95046760	95046838	DNA/TcMar-Tigger	401	-	39	95046799	11425
chr11	95035374	95235374	harbor2	chr11	95065183	95065482	DNA/TcMar-Tigger	802	-	150	95065333	29959
chr11	95035374	95235374	harbor2	chr11	95097940	95098160	DNA/TcMar-Tigger	1277	-	110	95098050	62676
chr11	95035374	95235374	harbor2	chr11	95105206	95105415	DNA/TcMar-Tigger	1455	-	104	95105310	69936
chr11	95035374	95235374	harbor2	chr11	95105763	95105870	DNA/TcMar-Tigger	1455	-	54	95105817	70443
chr11	100668883	100868883	harbor2	chr11	100700038	100702002	DNA/TcMar-Tigger	10924	-	982	100701020	32137
chr11	100668883	100868883	harbor2	chr11	100702156	100702603	DNA/TcMar-Tigger	2469	-	224	100702380	33497
chr11	100668883	100868883	harbor2	chr11	100708751	100709044	DNA/TcMar-Tigger	1765	-	146	100708897	40014
chr11	100668883	100868883	harbor2	chr11	100709301	100709622	DNA/TcMar-Tigger	1765	-	160	100709461	40578
chr11	100668883	100868883	harbor2	chr11	100730677	100730986	DNA/TcMar-Tigger	1694	-	154	100730831	61948
chr11	100668883	100868883	harbor2	chr11	100734586	100734762	DNA/TcMar-Tigger	674	-	88	100734674	65791
chr11	109933823	110133823	harbor2	chr11	110000757	110000964	DNA/TcMar-Tigger	399	-	104	110000861	67038
chr11	109933823	110133823	harbor2	chr11	110003548	110003965	DNA/TcMar-Tigger	2335	-	208	110003756	69933
chr11	109933823	110133823	harbor2	chr11	110005811	110006556	DNA/TcMar-Tigger	3930	-	372	110006183	72360
chr11	109933823	110133823	harbor2	chr11	110018196	110018328	DNA/TcMar-Tigger	401	-	66	110018262	84439
chr11	126051486	126251486	harbor2	chr11	126088802	126088966	DNA/TcMar-Tigger	665	-	82	126088884	37398
chr11	131088421	131288421	harbor2	chr11	131179079	131179424	DNA/TcMar-Tigger	1753	-	172	131179251	90830
chr11	121971062	122171062	harbor2	chr11	122063941	122064286	DNA/TcMar-Tigger	1724	-	172	122064113	93051
chr11	115243455	115443455	harbor2	chr11	115265662	115265811	DNA/TcMar-Tigger	574	-	74	115265736	22281
chr11	115243455	115443455	harbor2	chr11	115265874	115265902	DNA/TcMar-Tigger	406	-	14	115265888	22433
chr11	115243455	115443455	harbor2	chr11	115266085	115266212	DNA/TcMar-Tigger	406	-	64	115266149	22694
chr11	115243455	115443455	harbor2	chr11	115311371	115311608	DNA/TcMar-Tigger	1177	-	118	115311489	68034
chr11	115243455	115443455	harbor2	chr11	115310555	115310749	DNA/TcMar-Tigger	699	-	97	115310652	67197
chr11	131381073	131581073	harbor2	chr11	131406465	131406798	DNA/TcMar-Tigger	1617	-	166	131406631	25558
chr11	131381073	131581073	harbor2	chr11	131465059	131465268	DNA/TcMar-Tigger	453	-	104	131465163	84090
chr11	102565532	102765532	harbor2	chr11	102617924	102618276	DNA/TcMar-Tigger	1766	-	176	102618100	52568
chr11	129616325	129816325	harbor2	chr11	129621698	129622010	DNA/TcMar-Tigger	1782	-	156	129621854	5529
chr11	129616325	129816325	harbor2	chr11	129627581	129629940	DNA/TcMar-Tigger	16043	-	1180	129628761	12436
chr11	129616325	129816325	harbor2	chr11	129689465	129689792	DNA/TcMar-Tigger	2161	-	164	129689629	73304
chr11	91654982	91854982	harbor2	chr11	91666295	91666440	DNA/TcMar-Tigger	841	-	72	91666367	11385
chr11	91654982	91854982	harbor2	chr11	91702168	91702800	DNA/TcMar-Tigger	2919	-	316	91702484	47502
chr11	106123776	106323776	harbor2	chr11	106174796	106175028	DNA/TcMar-Tigger	1446	-	116	106174912	51136
chr11	126031673	126231673	harbor2	chr11	126088802	126088966	DNA/TcMar-Tigger	665	-	82	126088884	57211
chr11	21886649	22086649	harbor2	chr11	21949927	21951862	DNA/TcMar-Tigger	10789	-	968	21950895	64246
chr11	21886649	22086649	harbor2	chr11	21959675	21960109	DNA/TcMar-Tigger	2255	-	217	21959892	73243
chr11	133218066	133418066	harbor2	chr11	133235930	133236462	DNA/TcMar-Tigger	2773	-	266	133236196	18130
chr11	79313885	79513885	harbor2	chr11	79323964	79324220	DNA/TcMar-Tigger	1206	-	128	79324092	10207
chr11	79313885	79513885	harbor2	chr11	79324524	79324610	DNA/TcMar-Tigger	1206	-	43	79324567	10682
chr11	79313885	79513885	harbor2	chr11	79402123	79402568	DNA/TcMar-Tigger	1447	-	222	79402345	88460
chr11	79313885	79513885	harbor2	chr11	79363725	79364139	DNA/TcMar-Tigger	972	-	207	79363932	50047
chr11	92604486	92804486	harbor2	chr11	92686164	92686551	DNA/TcMar-Tigger	414	-	194	92686358	81872
chr11	92604486	92804486	harbor2	chr11	92699169	92699199	DNA/TcMar-Tigger	998	-	15	92699184	94698
chr11	92604486	92804486	harbor2	chr11	92699503	92699702	DNA/TcMar-Tigger	998	-	100	92699603	95117
chr11	130634854	130834854	harbor2	chr11	130669867	130670427	DNA/TcMar-Tigger	2008	-	280	130670147	35293
chr11	130634854	130834854	harbor2	chr11	130699706	130699919	DNA/TcMar-Tigger	383	-	106	130699812	64958
chr11	124337190	124537190	harbor2	chr11	124343585	124344749	DNA/TcMar-Tigger	6188	-	582	124344167	6977
chr11	124337190	124537190	harbor2	chr11	124411970	124412498	DNA/TcMar-Tigger	3403	-	264	124412234	75044
chr11	124337190	124537190	harbor2	chr11	124412477	124413039	DNA/TcMar-Tigger	3285	-	281	124412758	75568
chr11	124337190	124537190	harbor2	chr11	124419488	124419606	DNA/TcMar-Tigger	607	-	59	124419547	82357
chr11	123121075	123321075	harbor2	chr11	123190049	123190241	DNA/TcMar-Tigger	406	-	96	123190145	69070
chr11	96041429	96241429	harbor2	chr11	96057663	96057879	DNA/TcMar-Tigger	584	-	108	96057771	16342
chr11	96041429	96241429	harbor2	chr11	96059543	96059786	DNA/TcMar-Tigger	1574	-	122	96059665	18236
chr11	82529450	82729450	harbor2	chr11	82561866	82562105	DNA/TcMar-Tigger	999	-	120	82561986	32536
chr11	112454368	112654368	harbor2	chr11	112462427	112462719	DNA/TcMar-Tigger	1560	-	146	112462573	8205
chr11	112454368	112654368	harbor2	chr11	112532524	112532918	DNA/TcMar-Tigger	3301	-	197	112532721	78353
chr11	112454368	112654368	harbor2	chr11	112533212	112533436	DNA/TcMar-Tigger	3301	-	112	112533324	78956
chr11	89942535	90142535	harbor2	chr11	89990611	89990830	DNA/TcMar-Tigger	960	-	110	89990721	48186
chr11	89942535	90142535	harbor2	chr11	90000897	90000948	DNA/TcMar-Tigger	1734	-	26	90000923	58388
chr11	89942535	90142535	harbor2	chr11	90001263	90001541	DNA/TcMar-Tigger	1734	-	139	90001402	58867
chr11	85109281	85309281	harbor2	chr11	85168966	85169287	DNA/TcMar-Tigger	1199	-	160	85169126	59845
chr11	128510189	128710189	harbor2	chr11	128546387	128546726	DNA/TcMar-Tigger	1962	-	170	128546557	36368
chr11	128510189	128710189	harbor2	chr11	128575080	128575428	DNA/TcMar-Tigger	2193	-	174	128575254	65065
chr11	128510189	128710189	harbor2	chr11	128588441	128588691	DNA/TcMar-Tigger	413	-	125	128588566	78377
chr11	130516266	130716266	harbor2	chr11	130556649	130556712	DNA/TcMar-Tigger	2587	-	32	130556681	40415
chr11	130516266	130716266	harbor2	chr11	130557009	130557391	DNA/TcMar-Tigger	2587	-	191	130557200	40934
chr11	73234538	73434538	harbor2	chr11	73260980	73261134	DNA/TcMar-Tigger	475	-	77	73261057	26519
chr11	73234538	73434538	harbor2	chr11	73304783	73305131	DNA/TcMar-Tigger	1944	-	174	73304957	70419
chr11	99147087	99347087	harbor2	chr11	99155293	99155719	DNA/TcMar-Tigger	1845	-	213	99155506	8419
chr11	133830240	134030240	harbor2	chr11	133859823	133860454	DNA/TcMar-Tigger	3486	-	316	133860139	29899
chr11	133830240	134030240	harbor2	chr11	133877062	133877385	DNA/TcMar-Tigger	1821	-	162	133877224	46984
chr11	125433357	125633357	harbor2	chr11	125467970	125468178	DNA/TcMar-Tigger	493	-	104	125468074	34717
chr11	125433357	125633357	harbor2	chr11	125468490	125468539	DNA/TcMar-Tigger	493	-	24	125468514	35157
chr11	125433357	125633357	harbor2	chr11	125478021	125478160	DNA/TcMar-Tigger	821	-	70	125478091	44734
chr11	125433357	125633357	harbor2	chr11	125478457	125478632	DNA/TcMar-Tigger	821	-	88	125478545	45188
chr11	59194541	59394541	harbor2	chr11	59202776	59203687	DNA/TcMar-Tigger	5224	-	456	59203232	8691
chr11	59194541	59394541	harbor2	chr11	59203689	59203784	DNA/TcMar-Tigger	547	-	48	59203737	9196
chr11	102035105	102235105	harbor2	chr11	102090466	102090826	DNA/TcMar-Tigger	2399	-	180	102090646	55541
chr11	126495669	126695669	harbor2	chr11	126542343	126542850	DNA/TcMar-Tigger	761	-	254	126542597	46928
chr11	81291438	81491438	harbor2	chr11	81314489	81314760	DNA/TcMar-Tigger	1720	-	136	81314625	23187
chr11	81291438	81491438	harbor2	chr11	81315055	81315147	DNA/TcMar-Tigger	1720	-	46	81315101	23663
chr11	81291438	81491438	harbor2	chr11	81357582	81357731	DNA/TcMar-Tigger	542	-	74	81357656	66218
chr11	81291438	81491438	harbor2	chr11	81359817	81360010	DNA/TcMar-Tigger	971	-	96	81359913	68475
chr11	96303532	96503532	harbor2	chr11	96366830	96367816	DNA/TcMar-Tigger	14327	-	493	96367323	63791
chr11	96303532	96503532	harbor2	chr11	96368120	96368584	DNA/TcMar-Tigger	14327	-	232	96368352	64820
chr11	96303532	96503532	harbor2	chr11	96368879	96369860	DNA/TcMar-Tigger	14327	-	490	96369369	65837
chr11	96303532	96503532	harbor2	chr11	96386788	96387034	DNA/TcMar-Tigger	668	-	123	96386911	83379
chr11	68273088	68473088	harbor2	chr11	68274878	68275083	DNA/TcMar-Tigger	2204	-	102	68274980	1892
chr11	68273088	68473088	harbor2	chr11	68275395	68275442	DNA/TcMar-Tigger	2204	-	24	68275419	2331
chr11	68273088	68473088	harbor2	chr11	68275990	68276383	DNA/TcMar-Tigger	2204	-	196	68276186	3098
chr11	68273088	68473088	harbor2	chr11	68334915	68335074	DNA/TcMar-Tigger	1003	-	80	68334995	61907
chr11	68273088	68473088	harbor2	chr11	68335374	68335414	DNA/TcMar-Tigger	1003	-	20	68335394	62306
chr11	68273088	68473088	harbor2	chr11	68335571	68336017	DNA/TcMar-Tigger	1767	-	223	68335794	62706
chr11	68273088	68473088	harbor2	chr11	68358029	68358106	DNA/TcMar-Tigger	394	-	38	68358067	84979
chr11	68273088	68473088	harbor2	chr11	68358413	68358510	DNA/TcMar-Tigger	394	-	48	68358461	85373
chr11	15935050	16135050	harbor2	chr11	15982464	15982712	DNA/TcMar-Tigger	1364	-	124	15982588	47538
chr11	15935050	16135050	harbor2	chr11	16007969	16008310	DNA/TcMar-Tigger	1981	-	170	16008139	73089
chr11	15935050	16135050	harbor2	chr11	16007082	16007423	DNA/TcMar-Tigger	2174	-	170	16007252	72202
chr11	134125356	134325356	harbor2	chr11	134191739	134192058	DNA/TcMar-Tigger	1611	-	160	134191899	66543
chr11	107303657	107503657	harbor2	chr11	107321886	107322393	DNA/TcMar-Tigger	3231	-	254	107322140	18483
chr11	107303657	107503657	harbor2	chr11	107354466	107354726	DNA/TcMar-Tigger	1633	-	130	107354596	50939
chr11	107303657	107503657	harbor2	chr11	107354732	107354857	DNA/TcMar-Tigger	738	-	62	107354794	51137
chr11	107303657	107503657	harbor2	chr11	107384223	107384545	DNA/TcMar-Tigger	1527	-	161	107384384	80727
chr11	125207210	125407210	harbor2	chr11	125223534	125223706	DNA/TcMar-Tigger	607	-	86	125223620	16410
chr11	44457288	44657288	harbor2	chr11	44543985	44544092	DNA/TcMar-Tigger	574	-	54	44544039	86751
chr11	44457288	44657288	harbor2	chr11	44551090	44551241	DNA/TcMar-Tigger	1336	-	76	44551166	93878
chr11	44457288	44657288	harbor2	chr11	44551537	44551630	DNA/TcMar-Tigger	1336	-	46	44551583	94295
chr11	44457288	44657288	harbor2	chr11	44553663	44553821	DNA/TcMar-Tigger	663	-	79	44553742	96454
chr11	131109189	131309189	harbor2	chr11	131179079	131179424	DNA/TcMar-Tigger	1753	-	172	131179251	70062
chr11	97400297	97600297	harbor2	chr11	97435922	97436090	DNA/TcMar-Tigger	716	-	84	97436006	35709
chr11	97400297	97600297	harbor2	chr11	97450755	97451072	DNA/TcMar-Tigger	1657	-	158	97450913	50616
chr11	105300891	105500891	harbor2	chr11	105384599	105385653	DNA/TcMar-Tigger	3781	-	527	105385126	84235
chr11	116746118	116946118	harbor2	chr11	116824049	116824302	DNA/TcMar-Tigger	1608	-	126	116824175	78057
chr11	116746118	116946118	harbor2	chr11	116824599	116824613	DNA/TcMar-Tigger	1608	-	7	116824606	78488
chr11	89793894	89993894	harbor2	chr11	89805656	89805706	DNA/TcMar-Tigger	1541	-	25	89805681	11787
chr11	89793894	89993894	harbor2	chr11	89806020	89806301	DNA/TcMar-Tigger	1541	-	140	89806160	12266
chr11	89793894	89993894	harbor2	chr11	89808056	89808166	DNA/TcMar-Tigger	402	-	55	89808111	14217
chr11	89793894	89993894	harbor2	chr11	89811788	89812010	DNA/TcMar-Tigger	1068	-	111	89811899	18005
chr11	89793894	89993894	harbor2	chr11	89812005	89812256	DNA/TcMar-Tigger	995	-	126	89812131	18237
chr11	89793894	89993894	harbor2	chr11	89822744	89823182	DNA/TcMar-Tigger	1936	-	219	89822963	29069
chr11	89793894	89993894	harbor2	chr11	89823167	89823234	DNA/TcMar-Tigger	384	-	34	89823201	29307
chr11	89793894	89993894	harbor2	chr11	89836317	89836426	DNA/TcMar-Tigger	589	-	54	89836371	42477
chr11	89793894	89993894	harbor2	chr11	89839736	89839831	DNA/TcMar-Tigger	558	-	48	89839784	45890
chr11	89793894	89993894	harbor2	chr11	89839834	89840537	DNA/TcMar-Tigger	2975	-	352	89840186	46292
chr11	89793894	89993894	harbor2	chr11	89876127	89876441	DNA/TcMar-Tigger	1184	-	157	89876284	82390
chr11	89793894	89993894	harbor2	chr11	89876741	89876755	DNA/TcMar-Tigger	1184	-	7	89876748	82854
chr11	89793894	89993894	harbor2	chr11	89891141	89891494	DNA/TcMar-Tigger	1604	-	176	89891317	97423
chr11	101791681	101991681	harbor2	chr11	101818049	101818636	DNA/TcMar-Tigger	3461	-	294	101818343	26662
chr11	101791681	101991681	harbor2	chr11	101873647	101874113	DNA/TcMar-Tigger	2099	-	233	101873880	82199
chr11	101791681	101991681	harbor2	chr11	101877876	101877996	DNA/TcMar-Tigger	3246	-	60	101877936	86255
chr11	101791681	101991681	harbor2	chr11	101878315	101878893	DNA/TcMar-Tigger	3246	-	289	101878604	86923
chr11	131041936	131241936	harbor2	chr11	131081943	131082162	DNA/TcMar-Tigger	952	-	110	131082053	40117
chr11	134755098	134955098	harbor2	chr11	134804033	134804486	DNA/TcMar-Tigger	2517	-	226	134804259	49161
chr11	134755098	134955098	harbor2	chr11	134804492	134804704	DNA/TcMar-Tigger	1257	-	106	134804598	49500
chr11	134755098	134955098	harbor2	chr11	134808785	134808950	DNA/TcMar-Tigger	420	-	82	134808867	53769
chr11	134755098	134955098	harbor2	chr11	134808979	134809055	DNA/TcMar-Tigger	395	-	38	134809017	53919
chr11	130506283	130706283	harbor2	chr11	130556649	130556712	DNA/TcMar-Tigger	2587	-	32	130556681	50398
chr11	130506283	130706283	harbor2	chr11	130557009	130557391	DNA/TcMar-Tigger	2587	-	191	130557200	50917
chr11	132897692	133097692	harbor2	chr11	132945165	132945780	DNA/TcMar-Tigger	6818	-	308	132945473	47781
chr11	132897692	133097692	harbor2	chr11	132946082	132946631	DNA/TcMar-Tigger	6818	-	274	132946356	48664
chr11	132897692	133097692	harbor2	chr11	132947806	132947999	DNA/TcMar-Tigger	1148	-	96	132947902	50210
chr11	132897692	133097692	harbor2	chr11	132980871	132981154	DNA/TcMar-Tigger	1314	-	142	132981013	83321
chr11	62187982	62387982	harbor2	chr11	62187787	62188125	DNA/TcMar-Tigger	1950	-	169	62187956	26
chr11	110193500	110393500	harbor2	chr11	110200536	110200919	DNA/TcMar-Tigger	480	-	192	110200728	7228
chr11	110193500	110393500	harbor2	chr11	110201203	110201384	DNA/TcMar-Tigger	480	-	90	110201293	7793
chr11	110193500	110393500	harbor2	chr11	110260655	110261003	DNA/TcMar-Tigger	1173	-	174	110260829	67329
chr11	110193500	110393500	harbor2	chr11	110270138	110270480	DNA/TcMar-Tigger	2282	-	171	110270309	76809
chr11	25785849	25985849	harbor2	chr11	25813275	25813646	DNA/TcMar-Tigger	402	-	186	25813461	27612
chr11	39441878	39641878	harbor2	chr11	39461581	39461894	DNA/TcMar-Tigger	1197	-	156	39461737	19859
chr11	39441878	39641878	harbor2	chr11	39462206	39462288	DNA/TcMar-Tigger	1197	-	41	39462247	20369
chr11	129314371	129514371	harbor2	chr11	129337017	129337161	DNA/TcMar-Tigger	1048	-	72	129337089	22718
chr11	129314371	129514371	harbor2	chr11	129337464	129337523	DNA/TcMar-Tigger	1048	-	30	129337494	23123
chr11	96809802	97009802	harbor2	chr11	96821373	96821738	DNA/TcMar-Tigger	1941	-	182	96821555	11753
chr11	96809802	97009802	harbor2	chr11	96828545	96828758	DNA/TcMar-Tigger	858	-	106	96828651	18849
chr11	96809802	97009802	harbor2	chr11	96888943	96889967	DNA/TcMar-Tigger	6471	-	512	96889455	79653
chr11	96809802	97009802	harbor2	chr11	96889975	96890230	DNA/TcMar-Tigger	1528	-	128	96890103	80301
chr11	96809802	97009802	harbor2	chr11	96890226	96890528	DNA/TcMar-Tigger	1657	-	151	96890377	80575
chr11	133566798	133766798	harbor2	chr11	133568200	133569276	DNA/TcMar-Tigger	4900	-	538	133568738	1940
chr11	121443829	121643829	harbor2	chr11	121458062	121458342	DNA/TcMar-Tigger	732	-	140	121458202	14373
chr11	119124851	119324851	harbor2	chr11	119210847	119211089	DNA/TcMar-Tigger	1267	-	121	119210968	86117
chr11	119124851	119324851	harbor2	chr11	119224406	119224586	DNA/TcMar-Tigger	830	-	90	119224496	99645
chr11	119124851	119324851	harbor2	chr11	119224734	119224933	DNA/TcMar-Tigger	899	-	100	119224834	99983
chr11	134582088	134782088	harbor2	chr11	134600310	134600559	DNA/TcMar-Tigger	1454	-	124	134600434	18346
chr11	134582088	134782088	harbor2	chr11	134600868	134600966	DNA/TcMar-Tigger	1454	-	49	134600917	18829
chr11	134227707	134427707	harbor2	chr11	134280716	134280847	DNA/TcMar-Tigger	605	-	66	134280782	53075
chr11	134227707	134427707	harbor2	chr11	134289001	134289486	DNA/TcMar-Tigger	2360	-	242	134289243	61536
chr11	134227707	134427707	harbor2	chr11	134291145	134291273	DNA/TcMar-Tigger	1411	-	64	134291209	63502
chr11	134227707	134427707	harbor2	chr11	134291537	134291692	DNA/TcMar-Tigger	1411	-	78	134291615	63908
chr11	134227707	134427707	harbor2	chr11	134292007	134292066	DNA/TcMar-Tigger	1411	-	30	134292037	64330
chr11	134227707	134427707	harbor2	chr11	134325250	134325500	DNA/TcMar-Tigger	1612	-	125	134325375	97668
chr11	134227707	134427707	harbor2	chr11	134326159	134326232	DNA/TcMar-Tigger	431	-	36	134326195	98488
chr11	126050602	126250602	harbor2	chr11	126088802	126088966	DNA/TcMar-Tigger	665	-	82	126088884	38282
chr11	106969454	107169454	harbor2	chr11	107032693	107033036	DNA/TcMar-Tigger	1975	-	172	107032865	63411
chr11	106969454	107169454	harbor2	chr11	107040246	107040557	DNA/TcMar-Tigger	1638	-	156	107040402	70948
chr11	106969454	107169454	harbor2	chr11	107041099	107041425	DNA/TcMar-Tigger	1505	-	163	107041262	71808
chr11	121931138	122131138	harbor2	chr11	121951497	121951793	DNA/TcMar-Tigger	463	-	148	121951645	20507
chr11	15211424	15411424	harbor2	chr11	15283509	15283719	DNA/TcMar-Tigger	1224	-	105	15283614	72190
chr11	15211424	15411424	harbor2	chr11	15298311	15298490	DNA/TcMar-Tigger	436	-	90	15298401	86977
chr11	133036367	133236367	harbor2	chr11	133070551	133070750	DNA/TcMar-Tigger	383	-	100	133070651	34284
chr11	88796575	88996575	harbor2	chr11	88839686	88842353	DNA/TcMar-Tigger	14541	-	1334	88841020	44445
chr11	88796575	88996575	harbor2	chr11	88856241	88856878	DNA/TcMar-Tigger	3599	-	318	88856559	59984
chr11	88796575	88996575	harbor2	chr11	88874721	88876834	DNA/TcMar-Tigger	12087	-	1056	88875777	79202
chr11	127080810	127280810	harbor2	chr11	127168491	127168675	DNA/TcMar-Tigger	1189	-	92	127168583	87773
chr11	127080810	127280810	harbor2	chr11	127168829	127168955	DNA/TcMar-Tigger	1189	-	63	127168892	88082
chr11	127080810	127280810	harbor2	chr11	127170234	127170444	DNA/TcMar-Tigger	877	-	105	127170339	89529
chr11	92909724	93109724	harbor2	chr11	92920953	92921132	DNA/TcMar-Tigger	2070	-	90	92921043	11319
chr11	92909724	93109724	harbor2	chr11	92921507	92921677	DNA/TcMar-Tigger	2070	-	85	92921592	11868
chr11	92909724	93109724	harbor2	chr11	92923831	92923981	DNA/TcMar-Tigger	449	-	75	92923906	14182
chr11	92909724	93109724	harbor2	chr11	92953019	92953258	DNA/TcMar-Tigger	1423	-	120	92953139	43415
chr11	92909724	93109724	harbor2	chr11	92953382	92953585	DNA/TcMar-Tigger	1341	-	102	92953484	43760
chr11	92909724	93109724	harbor2	chr11	92953576	92953643	DNA/TcMar-Tigger	456	-	34	92953610	43886
chr11	92909724	93109724	harbor2	chr11	92977012	92977259	DNA/TcMar-Tigger	410	-	124	92977136	67412
chr11	108706522	108906522	harbor2	chr11	108709945	108710859	DNA/TcMar-Tigger	4399	-	457	108710402	3880
chr11	108706522	108906522	harbor2	chr11	108711067	108711142	DNA/TcMar-Tigger	458	-	38	108711105	4583
chr11	108706522	108906522	harbor2	chr11	108802132	108802340	DNA/TcMar-Tigger	1060	-	104	108802236	95714
chr11	131091737	131291737	harbor2	chr11	131179079	131179424	DNA/TcMar-Tigger	1753	-	172	131179251	87514
chr11	127088018	127288018	harbor2	chr11	127168491	127168675	DNA/TcMar-Tigger	1189	-	92	127168583	80565
chr11	127088018	127288018	harbor2	chr11	127168829	127168955	DNA/TcMar-Tigger	1189	-	63	127168892	80874
chr11	127088018	127288018	harbor2	chr11	127170234	127170444	DNA/TcMar-Tigger	877	-	105	127170339	82321
chr11	128309831	128509831	harbor2	chr11	128355657	128355985	DNA/TcMar-Tigger	1703	-	164	128355821	45990
chr11	127947075	128147075	harbor2	chr11	127991184	127991544	DNA/TcMar-Tigger	2275	-	180	127991364	44289
chr11	127947075	128147075	harbor2	chr11	128026322	128027036	DNA/TcMar-Tigger	3403	-	357	128026679	79604
chr11	111892459	112092459	harbor2	chr11	111942784	111942914	DNA/TcMar-Tigger	824	-	65	111942849	50390
chr11	111892459	112092459	harbor2	chr11	111942918	111943140	DNA/TcMar-Tigger	1344	-	111	111943029	50570
chr11	111892459	112092459	harbor2	chr11	111943443	111943474	DNA/TcMar-Tigger	1344	-	16	111943459	51000
chr11	111892459	112092459	harbor2	chr11	111943800	111943895	DNA/TcMar-Tigger	1344	-	48	111943848	51389
chr11	131592850	131792850	harbor2	chr11	131623373	131623501	DNA/TcMar-Tigger	385	-	64	131623437	30587
chr11	131592850	131792850	harbor2	chr11	131636314	131636489	DNA/TcMar-Tigger	598	-	88	131636402	43552
chr11	131592850	131792850	harbor2	chr11	131686188	131686616	DNA/TcMar-Tigger	2460	-	214	131686402	93552
chr11	131592850	131792850	harbor2	chr11	131686629	131686683	DNA/TcMar-Tigger	408	-	27	131686656	93806
chr11	132883750	133083750	harbor2	chr11	132945165	132945780	DNA/TcMar-Tigger	6818	-	308	132945473	61723
chr11	132883750	133083750	harbor2	chr11	132946082	132946631	DNA/TcMar-Tigger	6818	-	274	132946356	62606
chr11	132883750	133083750	harbor2	chr11	132947806	132947999	DNA/TcMar-Tigger	1148	-	96	132947902	64152
chr11	132883750	133083750	harbor2	chr11	132980871	132981154	DNA/TcMar-Tigger	1314	-	142	132981013	97263
chr11	72714012	72914012	harbor2	chr11	72803844	72804176	DNA/TcMar-Tigger	1984	-	166	72804010	89998
chr11	125890316	126090316	harbor2	chr11	125912413	125912680	DNA/TcMar-Tigger	1041	-	134	125912547	22231
chr11	112904796	113104796	harbor2	chr11	112923670	112924203	DNA/TcMar-Tigger	2817	-	266	112923936	19140
chr11	112904796	113104796	harbor2	chr11	112937568	112937939	DNA/TcMar-Tigger	1957	-	186	112937754	32958
chr11	105468020	105668020	harbor2	chr11	105506713	105507082	DNA/TcMar-Tigger	1747	-	184	105506897	38877
chr11	134703317	134903317	harbor2	chr11	134709334	134709408	DNA/TcMar-Tigger	423	-	37	134709371	6054
chr11	105326011	105526011	harbor2	chr11	105384599	105385653	DNA/TcMar-Tigger	3781	-	527	105385126	59115
chr11	85378501	85578501	harbor2	chr11	85475984	85477173	DNA/TcMar-Tigger	6813	-	594	85476578	98077
chr11	79608636	79808636	harbor2	chr11	79636957	79637314	DNA/TcMar-Tigger	2286	-	178	79637135	28499
chr11	79608636	79808636	harbor2	chr11	79688121	79688355	DNA/TcMar-Tigger	494	-	117	79688238	79602
chr11	68235716	68435716	harbor2	chr11	68244716	68244951	DNA/TcMar-Tigger	1446	-	118	68244834	9118
chr11	68235716	68435716	harbor2	chr11	68245448	68245565	DNA/TcMar-Tigger	671	-	58	68245506	9790
chr11	68235716	68435716	harbor2	chr11	68274878	68275083	DNA/TcMar-Tigger	2204	-	102	68274980	39264
chr11	68235716	68435716	harbor2	chr11	68275395	68275442	DNA/TcMar-Tigger	2204	-	24	68275419	39703
chr11	68235716	68435716	harbor2	chr11	68275990	68276383	DNA/TcMar-Tigger	2204	-	196	68276186	40470
chr11	68235716	68435716	harbor2	chr11	68334915	68335074	DNA/TcMar-Tigger	1003	-	80	68334995	99279
chr11	68235716	68435716	harbor2	chr11	68335374	68335414	DNA/TcMar-Tigger	1003	-	20	68335394	99678
chr11	122047721	122247721	harbor2	chr11	122063941	122064286	DNA/TcMar-Tigger	1724	-	172	122064113	16392
chr11	122047721	122247721	harbor2	chr11	122131044	122131595	DNA/TcMar-Tigger	2464	-	276	122131320	83599
chr11	105338520	105538520	harbor2	chr11	105384599	105385653	DNA/TcMar-Tigger	3781	-	527	105385126	46606
chr11	131163137	131363137	harbor2	chr11	131179079	131179424	DNA/TcMar-Tigger	1753	-	172	131179251	16114
chr11	133854988	134054988	harbor2	chr11	133859823	133860454	DNA/TcMar-Tigger	3486	-	316	133860139	5151
chr11	133854988	134054988	harbor2	chr11	133877062	133877385	DNA/TcMar-Tigger	1821	-	162	133877224	22236
chr11	133854988	134054988	harbor2	chr11	133942674	133942832	DNA/TcMar-Tigger	405	-	79	133942753	87765
chr11	121321596	121521596	harbor2	chr11	121385720	121385875	DNA/TcMar-Tigger	449	-	78	121385798	64202
chr11	106892552	107092552	harbor2	chr11	106900649	106901506	DNA/TcMar-Tigger	8972	-	428	106901077	8525
chr11	106892552	107092552	harbor2	chr11	106901962	106902616	DNA/TcMar-Tigger	8972	-	327	106902289	9737
chr11	106892552	107092552	harbor2	chr11	106928566	106928894	DNA/TcMar-Tigger	1427	-	164	106928730	36178
chr11	84611613	84811613	harbor2	chr11	84678965	84679223	DNA/TcMar-Tigger	398	-	129	84679094	67481
chr11	26950706	27150706	harbor2	chr11	26973188	26973345	DNA/TcMar-Tigger	712	-	78	26973266	22560
chr11	26950706	27150706	harbor2	chr11	26986278	26986624	DNA/TcMar-Tigger	1740	-	173	26986451	35745
chr11	26950706	27150706	harbor2	chr11	27041656	27041899	DNA/TcMar-Tigger	535	-	122	27041778	91072
chr11	78980672	79180672	harbor2	chr11	79049295	79049474	DNA/TcMar-Tigger	479	-	90	79049385	68713
chr11	99089171	99289171	harbor2	chr11	99155293	99155719	DNA/TcMar-Tigger	1845	-	213	99155506	66335
chr11	89208181	89408181	harbor2	chr11	89232181	89232291	DNA/TcMar-Tigger	13948	-	55	89232236	24055
chr11	89208181	89408181	harbor2	chr11	89232723	89235032	DNA/TcMar-Tigger	13948	-	1154	89233877	25696
chr11	89208181	89408181	harbor2	chr11	89271279	89273718	DNA/TcMar-Tigger	12792	-	1220	89272499	64318
chr11	134192454	134392454	harbor2	chr11	134280716	134280847	DNA/TcMar-Tigger	605	-	66	134280782	88328
chr11	134192454	134392454	harbor2	chr11	134289001	134289486	DNA/TcMar-Tigger	2360	-	242	134289243	96789
chr11	134192454	134392454	harbor2	chr11	134291145	134291273	DNA/TcMar-Tigger	1411	-	64	134291209	98755
chr11	134192454	134392454	harbor2	chr11	134291537	134291692	DNA/TcMar-Tigger	1411	-	78	134291615	99161
chr11	134192454	134392454	harbor2	chr11	134292007	134292066	DNA/TcMar-Tigger	1411	-	30	134292037	99583
chr11	130856728	131056728	harbor2	chr11	130891080	130891356	DNA/TcMar-Tigger	407	-	138	130891218	34490
chr11	120611621	120811621	harbor2	chr11	120686606	120686920	DNA/TcMar-Tigger	889	-	157	120686763	75142
chr11	90422519	90622519	harbor2	chr11	90437846	90438485	DNA/TcMar-Tigger	3005	-	320	90438166	15647
chr11	124030302	124230302	harbor2	chr11	124104030	124104360	DNA/TcMar-Tigger	1868	-	165	124104195	73893
chr11	119225147	119425147	harbor2	chr11	119235373	119235670	DNA/TcMar-Tigger	1400	-	148	119235521	10374
chr11	119225147	119425147	harbor2	chr11	119254324	119254597	DNA/TcMar-Tigger	1568	-	136	119254460	29313
chr11	119225147	119425147	harbor2	chr11	119288610	119288783	DNA/TcMar-Tigger	694	-	86	119288696	63549
chr11	119225147	119425147	harbor2	chr11	119292856	119292915	DNA/TcMar-Tigger	390	-	30	119292886	67739
chr11	121865952	122065952	harbor2	chr11	121922900	121923235	DNA/TcMar-Tigger	1739	-	168	121923068	57116
chr11	121865952	122065952	harbor2	chr11	121951497	121951793	DNA/TcMar-Tigger	463	-	148	121951645	85693
chr11	57741315	57941315	harbor2	chr11	57830340	57830960	DNA/TcMar-Tigger	5236	-	310	57830650	89335
chr11	57741315	57941315	harbor2	chr11	57831208	57831433	DNA/TcMar-Tigger	5236	-	112	57831320	90005
chr11	57741315	57941315	harbor2	chr11	57831736	57831979	DNA/TcMar-Tigger	5236	-	122	57831858	90543
chr11	30448581	30648581	harbor2	chr11	30499266	30499496	DNA/TcMar-Tigger	1344	-	115	30499381	50800
chr11	82866824	83066824	harbor2	chr11	82881801	82882213	DNA/TcMar-Tigger	2274	-	206	82882007	15183
chr11	82866824	83066824	harbor2	chr11	82882214	82882282	DNA/TcMar-Tigger	419	-	34	82882248	15424
chr11	82866824	83066824	harbor2	chr11	82883494	82883643	DNA/TcMar-Tigger	409	-	74	82883568	16744
chr11	82866824	83066824	harbor2	chr11	82910871	82913242	DNA/TcMar-Tigger	15304	-	1186	82912057	45233
chr11	82866824	83066824	harbor2	chr11	82913764	82913937	DNA/TcMar-Tigger	1326	-	86	82913850	47026
chr11	82866824	83066824	harbor2	chr11	82914235	82914375	DNA/TcMar-Tigger	1326	-	70	82914305	47481
chr11	82866824	83066824	harbor2	chr11	82915877	82916058	DNA/TcMar-Tigger	878	-	90	82915967	49143
chr11	134178511	134378511	harbor2	chr11	134191739	134192058	DNA/TcMar-Tigger	1611	-	160	134191899	13388
chr11	127804035	128004035	harbor2	chr11	127884332	127884640	DNA/TcMar-Tigger	1286	-	154	127884486	80451
chr11	127804035	128004035	harbor2	chr11	127886720	127888094	DNA/TcMar-Tigger	7922	-	687	127887407	83372
chr11	127804035	128004035	harbor2	chr11	127888736	127888767	DNA/TcMar-Tigger	4220	-	16	127888752	84717
chr11	127804035	128004035	harbor2	chr11	127889987	127890386	DNA/TcMar-Tigger	973	-	200	127890187	86152
chr11	117252503	117452503	harbor2	chr11	117269815	117269886	DNA/TcMar-Tigger	384	-	36	117269851	17348
chr11	124311035	124511035	harbor2	chr11	124343585	124344749	DNA/TcMar-Tigger	6188	-	582	124344167	33132
chr11	94657573	94857573	harbor2	chr11	94735904	94736053	DNA/TcMar-Tigger	379	-	74	94735978	78405
chr11	115709221	115909221	harbor2	chr11	115713104	115713318	DNA/TcMar-Tigger	1124	-	107	115713211	3990
chr11	115709221	115909221	harbor2	chr11	115734883	115735130	DNA/TcMar-Tigger	536	-	124	115735007	25786
chr11	123646098	123846098	harbor2	chr11	123718612	123719780	DNA/TcMar-Tigger	7531	-	584	123719196	73098
chr11	101437089	101637089	harbor2	chr11	101457930	101458247	DNA/TcMar-Tigger	1442	-	158	101458088	20999
chr11	101437089	101637089	harbor2	chr11	101460227	101460551	DNA/TcMar-Tigger	988	-	162	101460389	23300
chr11	101437089	101637089	harbor2	chr11	101484644	101484848	DNA/TcMar-Tigger	1690	-	102	101484746	47657
chr11	101437089	101637089	harbor2	chr11	101485007	101485121	DNA/TcMar-Tigger	1690	-	57	101485064	47975
chr11	134735334	134935334	harbor2	chr11	134804033	134804486	DNA/TcMar-Tigger	2517	-	226	134804259	68925
chr11	134735334	134935334	harbor2	chr11	134804492	134804704	DNA/TcMar-Tigger	1257	-	106	134804598	69264
chr11	134735334	134935334	harbor2	chr11	134808785	134808950	DNA/TcMar-Tigger	420	-	82	134808867	73533
chr11	134735334	134935334	harbor2	chr11	134808979	134809055	DNA/TcMar-Tigger	395	-	38	134809017	73683
chr11	121975182	122175182	harbor2	chr11	122063941	122064286	DNA/TcMar-Tigger	1724	-	172	122064113	88931
chr11	85083028	85283028	harbor2	chr11	85090684	85090781	DNA/TcMar-Tigger	7190	-	48	85090732	7704
chr11	85083028	85283028	harbor2	chr11	85091186	85092270	DNA/TcMar-Tigger	7190	-	542	85091728	8700
chr11	85083028	85283028	harbor2	chr11	85094165	85095379	DNA/TcMar-Tigger	7301	-	607	85094772	11744
chr11	85083028	85283028	harbor2	chr11	85168966	85169287	DNA/TcMar-Tigger	1199	-	160	85169126	86098
chr11	130927594	131127594	harbor2	chr11	131016255	131017795	DNA/TcMar-Tigger	8631	-	770	131017025	89431
chr11	57033219	57233219	harbor2	chr11	57132359	57132438	DNA/TcMar-Tigger	13024	-	40	57132399	99180
chr11	57033219	57233219	harbor2	chr11	57132730	57132985	DNA/TcMar-Tigger	13024	-	128	57132858	99639
chr11	108537014	108737014	harbor2	chr11	108619240	108619474	DNA/TcMar-Tigger	965	-	117	108619357	82343
chr11	108537014	108737014	harbor2	chr11	108609437	108610073	DNA/TcMar-Tigger	3919	-	318	108609755	72741
chr11	68472860	68672860	harbor2	chr11	68478956	68479269	DNA/TcMar-Tigger	1890	-	156	68479112	6252
chr11	68472860	68672860	harbor2	chr11	68479267	68479453	DNA/TcMar-Tigger	1084	-	93	68479360	6500
chr11	68472860	68672860	harbor2	chr11	68501864	68502061	DNA/TcMar-Tigger	1026	-	98	68501962	29102
chr11	68472860	68672860	harbor2	chr11	68553667	68553867	DNA/TcMar-Tigger	1049	-	100	68553767	80907
chr11	68472860	68672860	harbor2	chr11	68560742	68560894	DNA/TcMar-Tigger	1037	-	76	68560818	87958
chr11	68472860	68672860	harbor2	chr11	68561187	68561263	DNA/TcMar-Tigger	1037	-	38	68561225	88365
chr11	68472860	68672860	harbor2	chr11	68561395	68561468	DNA/TcMar-Tigger	1037	-	36	68561431	88571
chr11	68472860	68672860	harbor2	chr11	68569281	68569604	DNA/TcMar-Tigger	1717	-	162	68569443	96583
chr11	134702523	134902523	harbor2	chr11	134709334	134709408	DNA/TcMar-Tigger	423	-	37	134709371	6848
chr11	96699014	96899014	harbor2	chr11	96771615	96771827	DNA/TcMar-Tigger	1110	-	106	96771721	72707
chr11	96699014	96899014	harbor2	chr11	96777825	96777981	DNA/TcMar-Tigger	915	-	78	96777903	78889
chr11	96699014	96899014	harbor2	chr11	96797074	96797301	DNA/TcMar-Tigger	1230	-	114	96797188	98174
chr11	105217804	105417804	harbor2	chr11	105259371	105259658	DNA/TcMar-Tigger	1204	-	144	105259515	41711
chr11	105217804	105417804	harbor2	chr11	105259660	105259812	DNA/TcMar-Tigger	754	-	76	105259736	41932
chr11	105217804	105417804	harbor2	chr11	105276325	105276757	DNA/TcMar-Tigger	2526	-	216	105276541	58737
chr11	77900685	78100685	harbor2	chr11	77916200	77916533	DNA/TcMar-Tigger	1752	-	166	77916366	15681
chr11	77900685	78100685	harbor2	chr11	77925167	77925519	DNA/TcMar-Tigger	2014	-	176	77925343	24658
chr11	77900685	78100685	harbor2	chr11	77942735	77942911	DNA/TcMar-Tigger	443	-	88	77942823	42138
chr11	77900685	78100685	harbor2	chr11	77967870	77968211	DNA/TcMar-Tigger	2259	-	170	77968040	67355
chr11	119118132	119318132	harbor2	chr11	119210847	119211089	DNA/TcMar-Tigger	1267	-	121	119210968	92836
chr11	92856785	93056785	harbor2	chr11	92877821	92877952	DNA/TcMar-Tigger	894	-	66	92877887	21102
chr11	92856785	93056785	harbor2	chr11	92877943	92878038	DNA/TcMar-Tigger	485	-	48	92877991	21206
chr11	92856785	93056785	harbor2	chr11	92905891	92906345	DNA/TcMar-Tigger	2422	-	227	92906118	49333
chr11	92856785	93056785	harbor2	chr11	92920953	92921132	DNA/TcMar-Tigger	2070	-	90	92921043	64258
chr11	92856785	93056785	harbor2	chr11	92921507	92921677	DNA/TcMar-Tigger	2070	-	85	92921592	64807
chr11	92856785	93056785	harbor2	chr11	92923831	92923981	DNA/TcMar-Tigger	449	-	75	92923906	67121
chr11	92856785	93056785	harbor2	chr11	92953019	92953258	DNA/TcMar-Tigger	1423	-	120	92953139	96354
chr11	92856785	93056785	harbor2	chr11	92953382	92953585	DNA/TcMar-Tigger	1341	-	102	92953484	96699
chr11	92856785	93056785	harbor2	chr11	92953576	92953643	DNA/TcMar-Tigger	456	-	34	92953610	96825
chr11	50059486	50259486	harbor2	chr11	50080725	50080834	DNA/TcMar-Tigger	501	-	54	50080779	21293
chr11	107198782	107398782	harbor2	chr11	107207635	107207975	DNA/TcMar-Tigger	1945	-	170	107207805	9023
chr11	107198782	107398782	harbor2	chr11	107289098	107289293	DNA/TcMar-Tigger	1643	-	98	107289196	90414
chr11	107198782	107398782	harbor2	chr11	107289605	107289736	DNA/TcMar-Tigger	1643	-	66	107289671	90889
chr11	117821010	118021010	harbor2	chr11	117857902	117858163	DNA/TcMar-Tigger	391	-	130	117858032	37022
chr11	119385523	119585523	harbor2	chr11	119388703	119389112	DNA/TcMar-Tigger	942	-	204	119388907	3384
chr11	119385523	119585523	harbor2	chr11	119460796	119461144	DNA/TcMar-Tigger	2143	-	174	119460970	75447
chr11	119385523	119585523	harbor2	chr11	119473975	119474272	DNA/TcMar-Tigger	1533	-	148	119474123	88600
chr11	119385523	119585523	harbor2	chr11	119471987	119472390	DNA/TcMar-Tigger	2248	-	202	119472189	86666
chr11	70428808	70628808	harbor2	chr11	70439826	70439977	DNA/TcMar-Tigger	1106	-	76	70439902	11094
chr11	70428808	70628808	harbor2	chr11	70440282	70440369	DNA/TcMar-Tigger	1106	-	44	70440326	11518
chr11	70428808	70628808	harbor2	chr11	70449076	70449219	DNA/TcMar-Tigger	382	-	72	70449148	20340
chr11	128205223	128405223	harbor2	chr11	128267227	128267647	DNA/TcMar-Tigger	2112	-	210	128267437	62214
chr11	100744923	100944923	harbor2	chr11	100768878	100769192	DNA/TcMar-Tigger	1689	-	157	100769035	24112
chr11	100744923	100944923	harbor2	chr11	100800940	100801173	DNA/TcMar-Tigger	1334	-	116	100801056	56133
chr11	93509214	93709214	harbor2	chr11	93595430	93595585	DNA/TcMar-Tigger	465	-	78	93595508	86294
chr11	49734957	49934957	harbor2	chr11	49788123	49788231	DNA/TcMar-Tigger	11078	-	54	49788177	53220
chr11	49734957	49934957	harbor2	chr11	49788527	49790514	DNA/TcMar-Tigger	11078	-	994	49789521	54564
chr11	49734957	49934957	harbor2	chr11	49790656	49790878	DNA/TcMar-Tigger	11078	-	111	49790767	55810
chr11	122022191	122222191	harbor2	chr11	122063941	122064286	DNA/TcMar-Tigger	1724	-	172	122064113	41922
chr11	76838906	77038906	harbor2	chr11	76864274	76864596	DNA/TcMar-Tigger	4845	-	161	76864435	25529
chr11	76838906	77038906	harbor2	chr11	76864897	76864983	DNA/TcMar-Tigger	4845	-	43	76864940	26034
chr11	76838906	77038906	harbor2	chr11	76865285	76865511	DNA/TcMar-Tigger	4845	-	113	76865398	26492
chr11	76838906	77038906	harbor2	chr11	76866126	76866656	DNA/TcMar-Tigger	4845	-	265	76866391	27485
chr11	76838906	77038906	harbor2	chr11	76899810	76900045	DNA/TcMar-Tigger	1170	-	118	76899928	61022
chr11	76838906	77038906	harbor2	chr11	76900163	76900537	DNA/TcMar-Tigger	2596	-	187	76900350	61444
chr11	76838906	77038906	harbor2	chr11	76900676	76901508	DNA/TcMar-Tigger	5086	-	416	76901092	62186
chr11	76838906	77038906	harbor2	chr11	76901974	76903242	DNA/TcMar-Tigger	8692	-	634	76902608	63702
chr11	130639853	130839853	harbor2	chr11	130669867	130670427	DNA/TcMar-Tigger	2008	-	280	130670147	30294
chr11	130639853	130839853	harbor2	chr11	130699706	130699919	DNA/TcMar-Tigger	383	-	106	130699812	59959
chr11	123675965	123875965	harbor2	chr11	123718612	123719780	DNA/TcMar-Tigger	7531	-	584	123719196	43231
chr11	114688660	114888660	harbor2	chr11	114696809	114697133	DNA/TcMar-Tigger	1734	-	162	114696971	8311
chr11	114688660	114888660	harbor2	chr11	114713426	114713654	DNA/TcMar-Tigger	1096	-	114	114713540	24880
chr11	114688660	114888660	harbor2	chr11	114739956	114740294	DNA/TcMar-Tigger	1775	-	169	114740125	51465
chr11	114688660	114888660	harbor2	chr11	114749337	114749428	DNA/TcMar-Tigger	510	-	46	114749383	60723
chr11	114688660	114888660	harbor2	chr11	114781970	114782256	DNA/TcMar-Tigger	1610	-	143	114782113	93453
chr11	129598243	129798243	harbor2	chr11	129621698	129622010	DNA/TcMar-Tigger	1782	-	156	129621854	23611
chr11	129598243	129798243	harbor2	chr11	129627581	129629940	DNA/TcMar-Tigger	16043	-	1180	129628761	30518
chr11	129598243	129798243	harbor2	chr11	129689465	129689792	DNA/TcMar-Tigger	2161	-	164	129689629	91386
chr11	104548764	104748764	harbor2	chr11	104548142	104549341	DNA/TcMar-Tigger	6136	-	600	104548742	22
chr11	132588900	132788900	harbor2	chr11	132647362	132647798	DNA/TcMar-Tigger	2475	-	218	132647580	58680
chr11	132588900	132788900	harbor2	chr11	132657488	132657759	DNA/TcMar-Tigger	770	-	136	132657624	68724
chr11	123949492	124149492	harbor2	chr11	123990946	123991250	DNA/TcMar-Tigger	1503	-	152	123991098	41606
chr11	130492466	130692466	harbor2	chr11	130556649	130556712	DNA/TcMar-Tigger	2587	-	32	130556681	64215
chr11	130492466	130692466	harbor2	chr11	130557009	130557391	DNA/TcMar-Tigger	2587	-	191	130557200	64734
chr11	57904710	58104710	harbor2	chr11	57959079	57959615	DNA/TcMar-Tigger	2907	-	268	57959347	54637
chr11	91509517	91709517	harbor2	chr11	91567654	91567971	DNA/TcMar-Tigger	1270	-	158	91567812	58295
chr11	132793627	132993627	harbor2	chr11	132797464	132797701	DNA/TcMar-Tigger	777	-	118	132797582	3955
chr11	132793627	132993627	harbor2	chr11	132797751	132798066	DNA/TcMar-Tigger	4238	-	158	132797909	4282
chr11	132793627	132993627	harbor2	chr11	132798371	132799437	DNA/TcMar-Tigger	4279	-	533	132798904	5277
chr11	132793627	132993627	harbor2	chr11	132799440	132799776	DNA/TcMar-Tigger	1631	-	168	132799608	5981
chr11	132793627	132993627	harbor2	chr11	132832670	132833827	DNA/TcMar-Tigger	6064	-	578	132833248	39621
chr11	132793627	132993627	harbor2	chr11	132859628	132860195	DNA/TcMar-Tigger	870	-	284	132859912	66285
chr11	133820416	134020416	harbor2	chr11	133859823	133860454	DNA/TcMar-Tigger	3486	-	316	133860139	39723
chr11	133820416	134020416	harbor2	chr11	133877062	133877385	DNA/TcMar-Tigger	1821	-	162	133877224	56808
chr11	102144386	102344386	harbor2	chr11	102175519	102175775	DNA/TcMar-Tigger	1668	-	128	102175647	31261
chr11	102144386	102344386	harbor2	chr11	102175748	102175910	DNA/TcMar-Tigger	778	-	81	102175829	31443
chr11	102144386	102344386	harbor2	chr11	102218272	102218530	DNA/TcMar-Tigger	1280	-	129	102218401	74015
chr11	102144386	102344386	harbor2	chr11	102243923	102244143	DNA/TcMar-Tigger	686	-	110	102244033	99647
chr11	112134148	112334148	harbor2	chr11	112180008	112180335	DNA/TcMar-Tigger	1561	-	164	112180172	46024
chr11	112134148	112334148	harbor2	chr11	112228879	112229130	DNA/TcMar-Tigger	375	-	126	112229005	94857
chr11	112183940	112383940	harbor2	chr11	112228879	112229130	DNA/TcMar-Tigger	375	-	126	112229005	45065
chr11	86803997	87003997	harbor2	chr11	86856559	86856734	DNA/TcMar-Tigger	700	-	88	86856647	52650
chr11	130816546	131016546	harbor2	chr11	130891080	130891356	DNA/TcMar-Tigger	407	-	138	130891218	74672
chr12	119639906	119839906	harbor2	chr12	119671257	119671358	DNA/TcMar-Tigger	732	-	50	119671307	31401
chr12	119639906	119839906	harbor2	chr12	119671707	119671925	DNA/TcMar-Tigger	1130	-	109	119671816	31910
chr12	119639906	119839906	harbor2	chr12	119691834	119692167	DNA/TcMar-Tigger	1076	-	166	119692000	52094
chr12	119639906	119839906	harbor2	chr12	119692303	119692449	DNA/TcMar-Tigger	1076	-	73	119692376	52470
chr12	119639906	119839906	harbor2	chr12	119692731	119692865	DNA/TcMar-Tigger	479	-	67	119692798	52892
chr12	119639906	119839906	harbor2	chr12	119695419	119695513	DNA/TcMar-Tigger	1806	-	47	119695466	55560
chr12	119639906	119839906	harbor2	chr12	119695795	119696048	DNA/TcMar-Tigger	1806	-	126	119695921	56015
chr12	114870048	115070048	harbor2	chr12	114871601	114871844	DNA/TcMar-Tigger	642	-	122	114871723	1675
chr12	114870048	115070048	harbor2	chr12	114871845	114872368	DNA/TcMar-Tigger	1914	-	262	114872107	2059
chr12	114870048	115070048	harbor2	chr12	114872369	114872421	DNA/TcMar-Tigger	642	-	26	114872395	2347
chr12	114870048	115070048	harbor2	chr12	114887002	114887119	DNA/TcMar-Tigger	756	-	58	114887060	17012
chr12	114870048	115070048	harbor2	chr12	114942644	114942840	DNA/TcMar-Tigger	514	-	98	114942742	72694
chr12	99676176	99876176	harbor2	chr12	99700298	99700685	DNA/TcMar-Tigger	2315	-	194	99700492	24316
chr12	32726335	32926335	harbor2	chr12	32803620	32804301	DNA/TcMar-Tigger	4246	-	340	32803960	77625
chr12	32726335	32926335	harbor2	chr12	32810028	32810675	DNA/TcMar-Tigger	11189	-	324	32810352	84017
chr12	32726335	32926335	harbor2	chr12	32810981	32812303	DNA/TcMar-Tigger	11189	-	661	32811642	85307
chr12	130343067	130543067	harbor2	chr12	130401770	130401942	DNA/TcMar-Tigger	482	-	86	130401856	58789
chr12	129287037	129487037	harbor2	chr12	129295662	129295981	DNA/TcMar-Tigger	1201	-	160	129295822	8785
chr12	69880314	70080314	harbor2	chr12	69889398	69889572	DNA/TcMar-Tigger	1227	-	87	69889485	9171
chr12	69880314	70080314	harbor2	chr12	69889867	69889920	DNA/TcMar-Tigger	1227	-	26	69889893	9579
chr12	69880314	70080314	harbor2	chr12	69911185	69911847	DNA/TcMar-Tigger	1837	-	331	69911516	31202
chr12	102232113	102432113	harbor2	chr12	102266012	102266406	DNA/TcMar-Tigger	1677	-	197	102266209	34096
chr12	102232113	102432113	harbor2	chr12	102267832	102268230	DNA/TcMar-Tigger	1209	-	199	102268031	35918
chr12	102232113	102432113	harbor2	chr12	102268240	102268445	DNA/TcMar-Tigger	468	-	102	102268342	36229
chr12	102232113	102432113	harbor2	chr12	102279808	102280541	DNA/TcMar-Tigger	4640	-	366	102280174	48061
chr12	102232113	102432113	harbor2	chr12	102280999	102281083	DNA/TcMar-Tigger	4640	-	42	102281041	48928
chr12	102232113	102432113	harbor2	chr12	102281082	102281163	DNA/TcMar-Tigger	529	-	40	102281122	49009
chr12	76855038	77055038	harbor2	chr12	76882784	76883108	DNA/TcMar-Tigger	1635	-	162	76882946	27908
chr12	76855038	77055038	harbor2	chr12	76890349	76890568	DNA/TcMar-Tigger	492	-	110	76890459	35421
chr12	76855038	77055038	harbor2	chr12	76890598	76891089	DNA/TcMar-Tigger	541	-	246	76890844	35806
chr12	114199544	114399544	harbor2	chr12	114261792	114262340	DNA/TcMar-Tigger	2860	-	274	114262066	62522
chr12	133089252	133289252	harbor2	chr12	133100017	133100160	DNA/TcMar-Tigger	3522	-	72	133100089	10837
chr12	133089252	133289252	harbor2	chr12	133100476	133101027	DNA/TcMar-Tigger	3522	-	276	133100752	11500
chr12	133089252	133289252	harbor2	chr12	133115779	133115995	DNA/TcMar-Tigger	1239	-	108	133115887	26635
chr12	133089252	133289252	harbor2	chr12	133161652	133161770	DNA/TcMar-Tigger	501	-	59	133161711	72459
chr12	133089252	133289252	harbor2	chr12	133163507	133164105	DNA/TcMar-Tigger	3682	-	299	133163806	74554
chr12	116672089	116872089	harbor2	chr12	116746864	116746988	DNA/TcMar-Tigger	467	-	62	116746926	74837
chr12	60797283	60997283	harbor2	chr12	60824263	60824603	DNA/TcMar-Tigger	1165	-	170	60824433	27150
chr12	105847551	106047551	harbor2	chr12	105878010	105879186	DNA/TcMar-Tigger	6745	-	588	105878598	31047
chr12	110540774	110740774	harbor2	chr12	110557578	110557685	DNA/TcMar-Tigger	565	-	54	110557632	16858
chr12	108697819	108897819	harbor2	chr12	108747855	108748043	DNA/TcMar-Tigger	2071	-	94	108747949	50130
chr12	108697819	108897819	harbor2	chr12	108748345	108748386	DNA/TcMar-Tigger	2071	-	20	108748365	50546
chr12	108697819	108897819	harbor2	chr12	108748683	108748935	DNA/TcMar-Tigger	2071	-	126	108748809	50990
chr12	129723543	129923543	harbor2	chr12	129770569	129770934	DNA/TcMar-Tigger	2099	-	182	129770751	47208
chr12	129723543	129923543	harbor2	chr12	129782087	129782315	DNA/TcMar-Tigger	1363	-	114	129782201	58658
chr12	80500266	80700266	harbor2	chr12	80568034	80569018	DNA/TcMar-Tigger	3896	-	492	80568526	68260
chr12	133073239	133273239	harbor2	chr12	133100017	133100160	DNA/TcMar-Tigger	3522	-	72	133100089	26850
chr12	133073239	133273239	harbor2	chr12	133100476	133101027	DNA/TcMar-Tigger	3522	-	276	133100752	27513
chr12	133073239	133273239	harbor2	chr12	133115779	133115995	DNA/TcMar-Tigger	1239	-	108	133115887	42648
chr12	133073239	133273239	harbor2	chr12	133161652	133161770	DNA/TcMar-Tigger	501	-	59	133161711	88472
chr12	133073239	133273239	harbor2	chr12	133163507	133164105	DNA/TcMar-Tigger	3682	-	299	133163806	90567
chr12	76017268	76217268	harbor2	chr12	76070685	76070888	DNA/TcMar-Tigger	1022	-	102	76070787	53519
chr12	76017268	76217268	harbor2	chr12	76076727	76076941	DNA/TcMar-Tigger	1186	-	107	76076834	59566
chr12	76017268	76217268	harbor2	chr12	76097744	76097911	DNA/TcMar-Tigger	1050	-	84	76097828	80560
chr12	76017268	76217268	harbor2	chr12	76098218	76098813	DNA/TcMar-Tigger	2849	-	298	76098516	81248
chr12	76017268	76217268	harbor2	chr12	76099110	76099185	DNA/TcMar-Tigger	2849	-	38	76099148	81880
chr12	118125568	118325568	harbor2	chr12	118218348	118218597	DNA/TcMar-Tigger	1463	-	124	118218472	92904
chr12	118125568	118325568	harbor2	chr12	118218644	118218739	DNA/TcMar-Tigger	514	-	48	118218692	93124
chr12	132496218	132696218	harbor2	chr12	132577975	132578199	DNA/TcMar-Tigger	1049	-	112	132578087	81869
chr12	132496218	132696218	harbor2	chr12	132578367	132578562	DNA/TcMar-Tigger	1095	-	98	132578465	82247
chr12	51521873	51721873	harbor2	chr12	51552670	51555062	DNA/TcMar-Tigger	16331	-	1196	51553866	31993
chr12	51521873	51721873	harbor2	chr12	51558199	51558268	DNA/TcMar-Tigger	657	-	34	51558233	36360
chr12	51521873	51721873	harbor2	chr12	51558555	51558694	DNA/TcMar-Tigger	657	-	70	51558625	36752
chr12	112384419	112584419	harbor2	chr12	112442265	112442460	DNA/TcMar-Tigger	1073	-	98	112442363	57944
chr12	112384419	112584419	harbor2	chr12	112442752	112442791	DNA/TcMar-Tigger	1073	-	20	112442772	58353
chr12	110756045	110956045	harbor2	chr12	110846287	110846399	DNA/TcMar-Tigger	432	-	56	110846343	90298
chr12	48565382	48765382	harbor2	chr12	48643131	48643457	DNA/TcMar-Tigger	2015	-	163	48643294	77912
chr12	31162790	31362790	harbor2	chr12	31250472	31250628	DNA/TcMar-Tigger	2226	-	78	31250550	87760
chr12	31162790	31362790	harbor2	chr12	31250928	31251143	DNA/TcMar-Tigger	2226	-	108	31251036	88246
chr12	131071658	131271658	harbor2	chr12	131125679	131126023	DNA/TcMar-Tigger	1797	-	172	131125851	54193
chr12	103013653	103213653	harbor2	chr12	103024129	103024485	DNA/TcMar-Tigger	2162	-	178	103024307	10654
chr12	103013653	103213653	harbor2	chr12	103046952	103047271	DNA/TcMar-Tigger	1343	-	160	103047112	33459
chr12	103013653	103213653	harbor2	chr12	103069311	103069685	DNA/TcMar-Tigger	1867	-	187	103069498	55845
chr12	116709784	116909784	harbor2	chr12	116746864	116746988	DNA/TcMar-Tigger	467	-	62	116746926	37142
chr12	120988560	121188560	harbor2	chr12	120997931	120997997	DNA/TcMar-Tigger	1056	-	33	120997964	9404
chr12	120988560	121188560	harbor2	chr12	120998306	120998554	DNA/TcMar-Tigger	1056	-	124	120998430	9870
chr12	117002890	117202890	harbor2	chr12	117031727	117032505	DNA/TcMar-Tigger	4059	-	389	117032116	29226
chr12	44787354	44987354	harbor2	chr12	44855591	44855972	DNA/TcMar-Tigger	461	-	190	44855781	68427
chr12	129249274	129449274	harbor2	chr12	129295662	129295981	DNA/TcMar-Tigger	1201	-	160	129295822	46548
chr12	119213184	119413184	harbor2	chr12	119228508	119228576	DNA/TcMar-Tigger	1285	-	34	119228542	15358
chr12	119213184	119413184	harbor2	chr12	119228889	119229049	DNA/TcMar-Tigger	1285	-	80	119228969	15785
chr12	119213184	119413184	harbor2	chr12	119299787	119300091	DNA/TcMar-Tigger	1676	-	152	119299939	86755
chr12	47672999	47872999	harbor2	chr12	47690810	47691744	DNA/TcMar-Tigger	9619	-	467	47691277	18278
chr12	47672999	47872999	harbor2	chr12	47692006	47692872	DNA/TcMar-Tigger	9619	-	433	47692439	19440
chr12	47672999	47872999	harbor2	chr12	47693181	47693590	DNA/TcMar-Tigger	9619	-	204	47693385	20386
chr12	122814334	123014334	harbor2	chr12	122884272	122884594	DNA/TcMar-Tigger	568	-	161	122884433	70099
chr12	122814334	123014334	harbor2	chr12	122885993	122886197	DNA/TcMar-Tigger	463	-	102	122886095	71761
chr12	117294111	117494111	harbor2	chr12	117328778	117329129	DNA/TcMar-Tigger	2110	-	176	117328954	34843
chr12	75156606	75356606	harbor2	chr12	75182595	75182915	DNA/TcMar-Tigger	1325	-	160	75182755	26149
chr12	75156606	75356606	harbor2	chr12	75214873	75215295	DNA/TcMar-Tigger	2081	-	211	75215084	58478
chr12	75156606	75356606	harbor2	chr12	75235492	75235836	DNA/TcMar-Tigger	2054	-	172	75235664	79058
chr12	132951108	133151108	harbor2	chr12	132989419	132989740	DNA/TcMar-Tigger	1705	-	160	132989579	38471
chr12	132951108	133151108	harbor2	chr12	132992554	132992634	DNA/TcMar-Tigger	430	-	40	132992594	41486
chr12	66689491	66889491	harbor2	chr12	66720095	66721276	DNA/TcMar-Tigger	14516	-	590	66720685	31194
chr12	66689491	66889491	harbor2	chr12	66721549	66722685	DNA/TcMar-Tigger	14516	-	568	66722117	32626
chr12	66689491	66889491	harbor2	chr12	66736022	66736168	DNA/TcMar-Tigger	755	-	73	66736095	46604
chr12	66689491	66889491	harbor2	chr12	66736439	66736683	DNA/TcMar-Tigger	1196	-	122	66736561	47070
chr12	103720962	103920962	harbor2	chr12	103795836	103796033	DNA/TcMar-Tigger	859	-	98	103795934	74972
chr12	103720962	103920962	harbor2	chr12	103797799	103798071	DNA/TcMar-Tigger	1053	-	136	103797935	76973
chr12	103720962	103920962	harbor2	chr12	103816152	103816382	DNA/TcMar-Tigger	1170	-	115	103816267	95305
chr12	93581067	93781067	harbor2	chr12	93585772	93586128	DNA/TcMar-Tigger	1257	-	178	93585950	4883
chr12	93581067	93781067	harbor2	chr12	93674701	93675015	DNA/TcMar-Tigger	2224	-	157	93674858	93791
chr12	93581067	93781067	harbor2	chr12	93675326	93675380	DNA/TcMar-Tigger	2224	-	27	93675353	94286
chr12	93581067	93781067	harbor2	chr12	93675785	93675965	DNA/TcMar-Tigger	641	-	90	93675875	94808
chr13	23277787	23477787	harbor2	chr13	23286508	23286853	DNA/TcMar-Tigger	1845	-	172	23286680	8893
chr13	23277787	23477787	harbor2	chr13	23286862	23286981	DNA/TcMar-Tigger	540	-	60	23286922	9135
chr13	23277787	23477787	harbor2	chr13	23321271	23321814	DNA/TcMar-Tigger	2372	-	272	23321543	43756
chr13	23277787	23477787	harbor2	chr13	23342436	23342665	DNA/TcMar-Tigger	1401	-	114	23342550	64763
chr13	23277787	23477787	harbor2	chr13	23357127	23357308	DNA/TcMar-Tigger	443	-	90	23357217	79430
chr13	92661821	92861821	harbor2	chr13	92676824	92677269	DNA/TcMar-Tigger	603	-	222	92677046	15225
chr13	92661821	92861821	harbor2	chr13	92746816	92747145	DNA/TcMar-Tigger	1797	-	164	92746980	85159
chr13	89176757	89376757	harbor2	chr13	89238687	89238946	DNA/TcMar-Tigger	788	-	130	89238817	62060
chr13	89176757	89376757	harbor2	chr13	89239831	89240990	DNA/TcMar-Tigger	5954	-	580	89240411	63654
chr13	78151813	78351813	harbor2	chr13	78153428	78153651	DNA/TcMar-Tigger	1166	-	112	78153540	1727
chr13	78151813	78351813	harbor2	chr13	78180298	78181165	DNA/TcMar-Tigger	4404	-	434	78180732	28919
chr13	69420893	69620893	harbor2	chr13	69446819	69447108	DNA/TcMar-Tigger	2493	-	144	69446963	26070
chr13	69420893	69620893	harbor2	chr13	69447406	69447766	DNA/TcMar-Tigger	2493	-	180	69447586	26693
chr13	69420893	69620893	harbor2	chr13	69455129	69455637	DNA/TcMar-Tigger	2795	-	254	69455383	34490
chr13	69420893	69620893	harbor2	chr13	69456918	69456969	DNA/TcMar-Tigger	2795	-	26	69456944	36051
chr13	81927542	82127542	harbor2	chr13	81983370	81983866	DNA/TcMar-Tigger	2545	-	248	81983618	56076
chr13	75583739	75783739	harbor2	chr13	75591804	75592025	DNA/TcMar-Tigger	1190	-	110	75591914	8175
chr13	75583739	75783739	harbor2	chr13	75629958	75630263	DNA/TcMar-Tigger	1018	-	152	75630110	46371
chr13	75583739	75783739	harbor2	chr13	75670337	75671518	DNA/TcMar-Tigger	6528	-	590	75670927	87188
chr13	75583739	75783739	harbor2	chr13	75672027	75672115	DNA/TcMar-Tigger	463	-	44	75672071	88332
chr13	114250005	114450005	harbor2	chr13	114273367	114273555	DNA/TcMar-Tigger	1083	-	94	114273461	23456
chr13	114250005	114450005	harbor2	chr13	114273790	114275530	DNA/TcMar-Tigger	8931	-	870	114274660	24655
chr13	114250005	114450005	harbor2	chr13	114316703	114316910	DNA/TcMar-Tigger	1040	-	104	114316807	66802
chr13	67964874	68164874	harbor2	chr13	67985141	67985716	DNA/TcMar-Tigger	2703	-	288	67985429	20555
chr13	67964874	68164874	harbor2	chr13	67986206	67986269	DNA/TcMar-Tigger	2703	-	32	67986238	21364
chr13	67964874	68164874	harbor2	chr13	68022970	68023226	DNA/TcMar-Tigger	455	-	128	68023098	58224
chr13	64001967	64201967	harbor2	chr13	64003018	64003196	DNA/TcMar-Tigger	972	-	89	64003107	1140
chr13	64001967	64201967	harbor2	chr13	64003495	64003589	DNA/TcMar-Tigger	972	-	47	64003542	1575
chr13	64001967	64201967	harbor2	chr13	64003589	64004192	DNA/TcMar-Tigger	3369	-	302	64003891	1924
chr13	64001967	64201967	harbor2	chr13	64033530	64033859	DNA/TcMar-Tigger	1893	-	164	64033694	31727
chr13	64001967	64201967	harbor2	chr13	64046105	64046506	DNA/TcMar-Tigger	1751	-	200	64046305	44338
chr13	33252164	33452164	harbor2	chr13	33272165	33272396	DNA/TcMar-Tigger	1477	-	116	33272281	20117
chr13	33252164	33452164	harbor2	chr13	33310737	33311014	DNA/TcMar-Tigger	2007	-	138	33310875	58711
chr13	33252164	33452164	harbor2	chr13	33311329	33311427	DNA/TcMar-Tigger	2007	-	49	33311378	59214
chr13	85029067	85229067	harbor2	chr13	85061064	85061389	DNA/TcMar-Tigger	1534	-	162	85061226	32159
chr13	85029067	85229067	harbor2	chr13	85083970	85084097	DNA/TcMar-Tigger	3367	-	64	85084034	54967
chr13	85029067	85229067	harbor2	chr13	85084404	85084937	DNA/TcMar-Tigger	3367	-	266	85084670	55603
chr13	85029067	85229067	harbor2	chr13	85087662	85088141	DNA/TcMar-Tigger	12416	-	240	85087902	58835
chr13	85029067	85229067	harbor2	chr13	85088767	85090760	DNA/TcMar-Tigger	12416	-	996	85089763	60696
chr13	80288286	80488286	harbor2	chr13	80371239	80371925	DNA/TcMar-Tigger	682	-	343	80371582	83296
chr13	107834376	108034376	harbor2	chr13	107929015	107929214	DNA/TcMar-Tigger	734	-	100	107929115	94739
chr13	60899199	61099199	harbor2	chr13	60930339	60931295	DNA/TcMar-Tigger	5474	-	478	60930817	31618
chr13	60899199	61099199	harbor2	chr13	60973252	60974291	DNA/TcMar-Tigger	5825	-	520	60973772	74573
chr13	106353966	106553966	harbor2	chr13	106411228	106411288	DNA/TcMar-Tigger	1318	-	30	106411258	57292
chr13	106353966	106553966	harbor2	chr13	106411653	106411702	DNA/TcMar-Tigger	1318	-	24	106411677	57711
chr13	106353966	106553966	harbor2	chr13	106411986	106412371	DNA/TcMar-Tigger	1318	-	192	106412178	58212
chr13	97857659	98057659	harbor2	chr13	97871494	97871781	DNA/TcMar-Tigger	744	-	144	97871638	13979
chr13	97857659	98057659	harbor2	chr13	97917214	97917448	DNA/TcMar-Tigger	1300	-	117	97917331	59672
chr13	75275868	75475868	harbor2	chr13	75279809	75279836	DNA/TcMar-Tigger	4044	-	14	75279823	3955
chr13	75275868	75475868	harbor2	chr13	75280288	75281071	DNA/TcMar-Tigger	4044	-	392	75280680	4812
chr13	90120971	90320971	harbor2	chr13	90146951	90147124	DNA/TcMar-Tigger	607	-	86	90147037	26066
chr13	90120971	90320971	harbor2	chr13	90147126	90147340	DNA/TcMar-Tigger	923	-	107	90147233	26262
chr13	90120971	90320971	harbor2	chr13	90151156	90153176	DNA/TcMar-Tigger	11678	-	1010	90152166	31195
chr13	100673014	100873014	harbor2	chr13	100709624	100709967	DNA/TcMar-Tigger	2182	-	172	100709796	36782
chr13	100673014	100873014	harbor2	chr13	100710002	100711182	DNA/TcMar-Tigger	6342	-	590	100710592	37578
chr13	103156601	103356601	harbor2	chr13	103224232	103224482	DNA/TcMar-Tigger	1147	-	125	103224357	67756
chr13	103156601	103356601	harbor2	chr13	103225050	103225792	DNA/TcMar-Tigger	3583	-	371	103225421	68820
chr13	104452152	104652152	harbor2	chr13	104467359	104467666	DNA/TcMar-Tigger	1882	-	154	104467513	15361
chr13	104452152	104652152	harbor2	chr13	104467975	104468035	DNA/TcMar-Tigger	1882	-	30	104468005	15853
chr13	98855832	99055832	harbor2	chr13	98942640	98942969	DNA/TcMar-Tigger	1804	-	164	98942804	86972
chr13	107385145	107585145	harbor2	chr13	107469437	107469727	DNA/TcMar-Tigger	1069	-	145	107469582	84437
chr13	30310256	30510256	harbor2	chr13	30345973	30346300	DNA/TcMar-Tigger	1133	-	164	30346137	35881
chr13	30310256	30510256	harbor2	chr13	30351307	30351361	DNA/TcMar-Tigger	1787	-	27	30351334	41078
chr13	30310256	30510256	harbor2	chr13	30351675	30351954	DNA/TcMar-Tigger	1787	-	140	30351815	41559
chr13	30310256	30510256	harbor2	chr13	30375190	30375680	DNA/TcMar-Tigger	3107	-	245	30375435	65179
chr13	30310256	30510256	harbor2	chr13	30375679	30375815	DNA/TcMar-Tigger	586	-	68	30375747	65491
chr13	30310256	30510256	harbor2	chr13	30376114	30376164	DNA/TcMar-Tigger	586	-	25	30376139	65883
chr13	77838969	78038969	harbor2	chr13	77882611	77883043	DNA/TcMar-Tigger	2553	-	216	77882827	43858
chr13	79508942	79708942	harbor2	chr13	79514966	79515289	DNA/TcMar-Tigger	1745	-	162	79515128	6186
chr13	79508942	79708942	harbor2	chr13	79523106	79523210	DNA/TcMar-Tigger	15206	-	52	79523158	14216
chr13	79508942	79708942	harbor2	chr13	79523520	79525854	DNA/TcMar-Tigger	15206	-	1167	79524687	15745
chr13	79508942	79708942	harbor2	chr13	79529830	79530153	DNA/TcMar-Tigger	2096	-	162	79529992	21050
chr13	79508942	79708942	harbor2	chr13	79530420	79532015	DNA/TcMar-Tigger	10631	-	798	79531218	22276
chr13	79508942	79708942	harbor2	chr13	79532015	79532330	DNA/TcMar-Tigger	1641	-	158	79532173	23231
chr13	31315096	31515096	harbor2	chr13	31327037	31327583	DNA/TcMar-Tigger	2916	-	273	31327310	12214
chr13	31315096	31515096	harbor2	chr13	31399072	31399273	DNA/TcMar-Tigger	826	-	100	31399172	84076
chr13	109053850	109253850	harbor2	chr13	109058389	109059544	DNA/TcMar-Tigger	6317	-	578	109058967	5117
chr13	109053850	109253850	harbor2	chr13	109060662	109061834	DNA/TcMar-Tigger	6205	-	586	109061248	7398
chr13	91843147	92043147	harbor2	chr13	91851220	91851499	DNA/TcMar-Tigger	4226	-	140	91851360	8213
chr13	91843147	92043147	harbor2	chr13	91852127	91852843	DNA/TcMar-Tigger	4226	-	358	91852485	9338
chr13	91843147	92043147	harbor2	chr13	91870863	91871218	DNA/TcMar-Tigger	1587	-	178	91871041	27894
chr13	83442445	83642445	harbor2	chr13	83497928	83498431	DNA/TcMar-Tigger	1957	-	252	83498180	55735
chr13	72300107	72500107	harbor2	chr13	72335854	72335998	DNA/TcMar-Tigger	414	-	72	72335926	35819
chr13	72300107	72500107	harbor2	chr13	72381552	72381650	DNA/TcMar-Tigger	495	-	49	72381601	81494
chr14	92055393	92255393	harbor2	chr14	92119599	92119762	DNA/TcMar-Tigger	985	-	82	92119681	64288
chr14	92055393	92255393	harbor2	chr14	92154685	92154993	DNA/TcMar-Tigger	1803	-	154	92154839	99446
chr14	59581272	59781272	harbor2	chr14	59635787	59635987	DNA/TcMar-Tigger	942	-	100	59635887	54615
chr14	59581272	59781272	harbor2	chr14	59636661	59637432	DNA/TcMar-Tigger	12388	-	386	59637047	55775
chr14	59581272	59781272	harbor2	chr14	59638152	59639451	DNA/TcMar-Tigger	12388	-	650	59638802	57530
chr14	59581272	59781272	harbor2	chr14	59637728	59637857	DNA/TcMar-Tigger	12388	-	64	59637792	56520
chr14	27330265	27530265	harbor2	chr14	27404242	27404347	DNA/TcMar-Tigger	546	-	52	27404294	74029
chr14	66927967	67127967	harbor2	chr14	66958407	66958763	DNA/TcMar-Tigger	1954	-	178	66958585	30618
chr14	66927967	67127967	harbor2	chr14	66967481	66967677	DNA/TcMar-Tigger	1080	-	98	66967579	39612
chr14	66927967	67127967	harbor2	chr14	66977915	66980287	DNA/TcMar-Tigger	14053	-	1186	66979101	51134
chr14	100007732	100207732	harbor2	chr14	100046135	100046283	DNA/TcMar-Tigger	923	-	74	100046209	38477
chr14	100007732	100207732	harbor2	chr14	100061593	100061967	DNA/TcMar-Tigger	2027	-	187	100061780	54048
chr14	100007732	100207732	harbor2	chr14	100088373	100088705	DNA/TcMar-Tigger	2120	-	166	100088539	80807
chr14	49780471	49980471	harbor2	chr14	49836723	49836992	DNA/TcMar-Tigger	1546	-	134	49836857	56386
chr14	49780471	49980471	harbor2	chr14	49837280	49837328	DNA/TcMar-Tigger	1546	-	24	49837304	56833
chr14	49780471	49980471	harbor2	chr14	49843535	49843816	DNA/TcMar-Tigger	2670	-	140	49843675	63204
chr14	49780471	49980471	harbor2	chr14	49844463	49844637	DNA/TcMar-Tigger	2670	-	87	49844550	64079
chr14	49780471	49980471	harbor2	chr14	49845426	49845721	DNA/TcMar-Tigger	1625	-	148	49845574	65103
chr14	49780471	49980471	harbor2	chr14	49845713	49845818	DNA/TcMar-Tigger	503	-	52	49845765	65294
chr14	88164775	88364775	harbor2	chr14	88236621	88238388	DNA/TcMar-Tigger	14789	-	884	88237505	72730
chr14	88164775	88364775	harbor2	chr14	88238694	88239266	DNA/TcMar-Tigger	14789	-	286	88238980	74205
chr14	65467609	65667609	harbor2	chr14	65511996	65512171	DNA/TcMar-Tigger	1494	-	88	65512084	44475
chr14	65467609	65667609	harbor2	chr14	65512464	65512542	DNA/TcMar-Tigger	1494	-	39	65512503	44894
chr14	65467609	65667609	harbor2	chr14	65550277	65550599	DNA/TcMar-Tigger	1914	-	161	65550438	82829
chr14	95011729	95211729	harbor2	chr14	95012492	95013135	DNA/TcMar-Tigger	2800	-	322	95012814	1085
chr14	95011729	95211729	harbor2	chr14	95052799	95053692	DNA/TcMar-Tigger	6390	-	446	95053245	41516
chr14	95011729	95211729	harbor2	chr14	95053992	95054291	DNA/TcMar-Tigger	6390	-	150	95054142	42413
chr14	95011729	95211729	harbor2	chr14	95080354	95080606	DNA/TcMar-Tigger	797	-	126	95080480	68751
chr14	95011729	95211729	harbor2	chr14	95110002	95110564	DNA/TcMar-Tigger	3119	-	281	95110283	98554
chr14	90929987	91129987	harbor2	chr14	91019831	91020173	DNA/TcMar-Tigger	2014	-	171	91020002	90015
chr14	103321875	103521875	harbor2	chr14	103361604	103361824	DNA/TcMar-Tigger	1396	-	110	103361714	39839
chr14	103321875	103521875	harbor2	chr14	103361818	103362166	DNA/TcMar-Tigger	2011	-	174	103361992	40117
chr14	103321875	103521875	harbor2	chr14	103404014	103404348	DNA/TcMar-Tigger	470	-	167	103404181	82306
chr14	56510063	56710063	harbor2	chr14	56598439	56598736	DNA/TcMar-Tigger	662	-	148	56598587	88524
chr14	96521686	96721686	harbor2	chr14	96544409	96544637	DNA/TcMar-Tigger	1383	-	114	96544523	22837
chr14	96521686	96721686	harbor2	chr14	96546567	96546815	DNA/TcMar-Tigger	598	-	124	96546691	25005
chr14	96521686	96721686	harbor2	chr14	96557849	96558036	DNA/TcMar-Tigger	602	-	94	96557943	36257
chr14	96521686	96721686	harbor2	chr14	96577556	96577754	DNA/TcMar-Tigger	1053	-	99	96577655	55969
chr14	96521686	96721686	harbor2	chr14	96595554	96595639	DNA/TcMar-Tigger	1046	-	42	96595596	73910
chr14	96521686	96721686	harbor2	chr14	96595929	96596072	DNA/TcMar-Tigger	1046	-	72	96596001	74315
chr14	96521686	96721686	harbor2	chr14	96596390	96596479	DNA/TcMar-Tigger	1046	-	44	96596434	74748
chr14	95466410	95666410	harbor2	chr14	95496837	95497037	DNA/TcMar-Tigger	491	-	100	95496937	30527
chr14	81844453	82044453	harbor2	chr14	81869436	81869752	DNA/TcMar-Tigger	1602	-	158	81869594	25141
chr14	71188843	71388843	harbor2	chr14	71218578	71218741	DNA/TcMar-Tigger	492	-	82	71218660	29817
chr14	71188843	71388843	harbor2	chr14	71256560	71256738	DNA/TcMar-Tigger	503	-	89	71256649	67806
chr14	71188843	71388843	harbor2	chr14	71272607	71273186	DNA/TcMar-Tigger	2525	-	290	71272897	84054
chr14	87649716	87849716	harbor2	chr14	87726676	87727115	DNA/TcMar-Tigger	2771	-	220	87726896	77180
chr14	89468810	89668810	harbor2	chr14	89499054	89499345	DNA/TcMar-Tigger	593	-	146	89499200	30390
chr14	89468810	89668810	harbor2	chr14	89544638	89544736	DNA/TcMar-Tigger	588	-	49	89544687	75877
chr14	89468810	89668810	harbor2	chr14	89544740	89544990	DNA/TcMar-Tigger	1312	-	125	89544865	76055
chr14	83320605	83520605	harbor2	chr14	83366453	83366691	DNA/TcMar-Tigger	1363	-	119	83366572	45967
chr14	44968582	45168582	harbor2	chr14	45042646	45042875	DNA/TcMar-Tigger	1358	-	114	45042760	74178
chr14	44968582	45168582	harbor2	chr14	45043013	45043173	DNA/TcMar-Tigger	1500	-	80	45043093	74511
chr14	44968582	45168582	harbor2	chr14	45043476	45043584	DNA/TcMar-Tigger	1500	-	54	45043530	74948
chr14	44968582	45168582	harbor2	chr14	45051861	45052256	DNA/TcMar-Tigger	2244	-	198	45052059	83477
chr14	99291582	99491582	harbor2	chr14	99369195	99369327	DNA/TcMar-Tigger	848	-	66	99369261	77679
chr14	99291582	99491582	harbor2	chr14	99369604	99369652	DNA/TcMar-Tigger	770	-	24	99369628	78046
chr14	99291582	99491582	harbor2	chr14	99369640	99369846	DNA/TcMar-Tigger	1096	-	103	99369743	78161
chr14	101732328	101932328	harbor2	chr14	101769830	101770162	DNA/TcMar-Tigger	1682	-	166	101769996	37668
chr14	101732328	101932328	harbor2	chr14	101786775	101786955	DNA/TcMar-Tigger	511	-	90	101786865	54537
chr14	101732328	101932328	harbor2	chr14	101788459	101788670	DNA/TcMar-Tigger	462	-	106	101788565	56237
chr14	75873247	76073247	harbor2	chr14	75899356	75899565	DNA/TcMar-Tigger	476	-	104	75899460	26213
chr14	104235296	104435296	harbor2	chr14	104330331	104331505	DNA/TcMar-Tigger	6552	-	587	104330918	95622
chr14	33576013	33776013	harbor2	chr14	33594088	33594386	DNA/TcMar-Tigger	1177	-	149	33594237	18224
chr14	33576013	33776013	harbor2	chr14	33633392	33633699	DNA/TcMar-Tigger	2057	-	154	33633546	57533
chr14	33576013	33776013	harbor2	chr14	33633998	33634020	DNA/TcMar-Tigger	2057	-	11	33634009	57996
chr14	103115900	103315900	harbor2	chr14	103194412	103194746	DNA/TcMar-Tigger	2009	-	167	103194579	78679
chr14	103115900	103315900	harbor2	chr14	103195391	103195613	DNA/TcMar-Tigger	2009	-	111	103195502	79602
chr14	103115900	103315900	harbor2	chr14	103195921	103195957	DNA/TcMar-Tigger	2009	-	18	103195939	80039
chr14	103115900	103315900	harbor2	chr14	103200175	103200211	DNA/TcMar-Tigger	874	-	18	103200193	84293
chr14	103115900	103315900	harbor2	chr14	103200513	103200642	DNA/TcMar-Tigger	874	-	64	103200577	84677
chr14	103115900	103315900	harbor2	chr14	103200885	103200956	DNA/TcMar-Tigger	414	-	36	103200921	85021
chr14	89793742	89993742	harbor2	chr14	89832587	89832894	DNA/TcMar-Tigger	1812	-	154	89832741	38999
chr14	89793742	89993742	harbor2	chr14	89835252	89835585	DNA/TcMar-Tigger	2109	-	166	89835418	41676
chr14	89793742	89993742	harbor2	chr14	89853011	89853337	DNA/TcMar-Tigger	1044	-	163	89853174	59432
chr14	89793742	89993742	harbor2	chr14	89883364	89883697	DNA/TcMar-Tigger	1929	-	166	89883530	89788
chr14	74156785	74356785	harbor2	chr14	74174202	74174455	DNA/TcMar-Tigger	1665	-	126	74174328	17543
chr14	74156785	74356785	harbor2	chr14	74174774	74174807	DNA/TcMar-Tigger	1661	-	16	74174790	18005
chr14	74156785	74356785	harbor2	chr14	74175045	74175324	DNA/TcMar-Tigger	1976	-	140	74175185	18400
chr14	74156785	74356785	harbor2	chr14	74175991	74176178	DNA/TcMar-Tigger	3204	-	94	74176085	19300
chr14	74156785	74356785	harbor2	chr14	74176411	74176745	DNA/TcMar-Tigger	3204	-	167	74176578	19793
chr14	48553100	48753100	harbor2	chr14	48583953	48584424	DNA/TcMar-Tigger	2016	-	236	48584189	31089
chr14	85272534	85472534	harbor2	chr14	85364511	85364919	DNA/TcMar-Tigger	2290	-	204	85364715	92181
chr14	54251616	54451616	harbor2	chr14	54254732	54255183	DNA/TcMar-Tigger	2595	-	226	54254958	3342
chr14	54251616	54451616	harbor2	chr14	54272157	54272465	DNA/TcMar-Tigger	1299	-	154	54272311	20695
chr14	106413444	106613444	harbor2	chr14	106419454	106419797	DNA/TcMar-Tigger	1523	-	172	106419626	6182
chr14	88834696	89034696	harbor2	chr14	88854509	88854681	DNA/TcMar-Tigger	1075	-	86	88854595	19899
chr14	61078531	61278531	harbor2	chr14	61175167	61175485	DNA/TcMar-Tigger	1617	-	159	61175326	96795
chr14	61078531	61278531	harbor2	chr14	61175493	61175826	DNA/TcMar-Tigger	732	-	166	61175659	97128
chr14	61078531	61278531	harbor2	chr14	61176508	61176722	DNA/TcMar-Tigger	719	-	107	61176615	98084
chr14	39852683	40052683	harbor2	chr14	39943071	39943300	DNA/TcMar-Tigger	611	-	114	39943185	90502
chr14	102343438	102543438	harbor2	chr14	102422275	102422468	DNA/TcMar-Tigger	949	-	96	102422371	78933
chr14	102343438	102543438	harbor2	chr14	102424013	102424330	DNA/TcMar-Tigger	1783	-	158	102424171	80733
chr14	79056172	79256172	harbor2	chr14	79121455	79121912	DNA/TcMar-Tigger	1913	-	228	79121683	65511
chr14	86274117	86474117	harbor2	chr14	86329710	86330578	DNA/TcMar-Tigger	5621	-	434	86330144	56027
chr14	86274117	86474117	harbor2	chr14	86330907	86331239	DNA/TcMar-Tigger	5621	-	166	86331073	56956
chr14	86274117	86474117	harbor2	chr14	86357014	86357558	DNA/TcMar-Tigger	1658	-	272	86357286	83169
chr14	87964188	88164188	harbor2	chr14	88015206	88015528	DNA/TcMar-Tigger	647	-	161	88015367	51179
chr14	104940505	105140505	harbor2	chr14	105025812	105026197	DNA/TcMar-Tigger	1939	-	192	105026004	85499
chr14	65811169	66011169	harbor2	chr14	65886401	65886485	DNA/TcMar-Tigger	506	-	42	65886443	75274
chr14	65811169	66011169	harbor2	chr14	65886857	65886935	DNA/TcMar-Tigger	454	-	39	65886896	75727
chr14	74720793	74920793	harbor2	chr14	74774057	74774243	DNA/TcMar-Tigger	2242	-	93	74774150	53357
chr14	74720793	74920793	harbor2	chr14	74774844	74775059	DNA/TcMar-Tigger	2242	-	108	74774952	54159
chr14	74720793	74920793	harbor2	chr14	74775467	74775970	DNA/TcMar-Tigger	1132	-	252	74775719	54926
chr14	74720793	74920793	harbor2	chr14	74776009	74776118	DNA/TcMar-Tigger	451	-	54	74776063	55270
chr14	74720793	74920793	harbor2	chr14	74777076	74777131	DNA/TcMar-Tigger	3390	-	28	74777104	56311
chr14	74720793	74920793	harbor2	chr14	74776194	74776780	DNA/TcMar-Tigger	3390	-	293	74776487	55694
chr14	104658237	104858237	harbor2	chr14	104684750	104684993	DNA/TcMar-Tigger	615	-	122	104684872	26635
chr14	104658237	104858237	harbor2	chr14	104685055	104685141	DNA/TcMar-Tigger	459	-	43	104685098	26861
chr14	80222000	80422000	harbor2	chr14	80243015	80243324	DNA/TcMar-Tigger	1457	-	154	80243169	21169
chr14	80222000	80422000	harbor2	chr14	80265719	80266122	DNA/TcMar-Tigger	1850	-	202	80265921	43921
chr14	80222000	80422000	harbor2	chr14	80310844	80310938	DNA/TcMar-Tigger	464	-	47	80310891	88891
chr14	80222000	80422000	harbor2	chr14	80312033	80312115	DNA/TcMar-Tigger	612	-	41	80312074	90074
chr14	80222000	80422000	harbor2	chr14	80312108	80312470	DNA/TcMar-Tigger	2022	-	181	80312289	90289
chr14	80222000	80422000	harbor2	chr14	80312778	80312823	DNA/TcMar-Tigger	2022	-	22	80312800	90800
chr14	55825765	56025765	harbor2	chr14	55899805	55900959	DNA/TcMar-Tigger	6505	-	577	55900382	74617
chr14	83269944	83469944	harbor2	chr14	83289267	83289475	DNA/TcMar-Tigger	1307	-	104	83289371	19427
chr14	83269944	83469944	harbor2	chr14	83366453	83366691	DNA/TcMar-Tigger	1363	-	119	83366572	96628
chr14	96717236	96917236	harbor2	chr14	96801551	96801979	DNA/TcMar-Tigger	2460	-	214	96801765	84529
chr14	101705393	101905393	harbor2	chr14	101769830	101770162	DNA/TcMar-Tigger	1682	-	166	101769996	64603
chr14	101705393	101905393	harbor2	chr14	101786775	101786955	DNA/TcMar-Tigger	511	-	90	101786865	81472
chr14	101705393	101905393	harbor2	chr14	101788459	101788670	DNA/TcMar-Tigger	462	-	106	101788565	83172
chr14	103901865	104101865	harbor2	chr14	103970694	103970900	DNA/TcMar-Tigger	1019	-	103	103970797	68932
chr14	103901865	104101865	harbor2	chr14	103981570	103981809	DNA/TcMar-Tigger	1473	-	120	103981690	79825
chr14	101711565	101911565	harbor2	chr14	101769830	101770162	DNA/TcMar-Tigger	1682	-	166	101769996	58431
chr14	101711565	101911565	harbor2	chr14	101786775	101786955	DNA/TcMar-Tigger	511	-	90	101786865	75300
chr14	101711565	101911565	harbor2	chr14	101788459	101788670	DNA/TcMar-Tigger	462	-	106	101788565	77000
chr14	33572273	33772273	harbor2	chr14	33594088	33594386	DNA/TcMar-Tigger	1177	-	149	33594237	21964
chr14	33572273	33772273	harbor2	chr14	33633392	33633699	DNA/TcMar-Tigger	2057	-	154	33633546	61273
chr14	33572273	33772273	harbor2	chr14	33633998	33634020	DNA/TcMar-Tigger	2057	-	11	33634009	61736
chr14	85532163	85732163	harbor2	chr14	85594727	85595168	DNA/TcMar-Tigger	2427	-	220	85594947	62784
chr14	39919423	40119423	harbor2	chr14	39943071	39943300	DNA/TcMar-Tigger	611	-	114	39943185	23762
chr14	87842599	88042599	harbor2	chr14	87925018	87925439	DNA/TcMar-Tigger	2287	-	210	87925228	82629
chr14	40995967	41195967	harbor2	chr14	41042541	41043706	DNA/TcMar-Tigger	5896	-	582	41043123	47156
chr14	91800823	92000823	harbor2	chr14	91811735	91812076	DNA/TcMar-Tigger	2141	-	170	91811905	11082
chr14	62055953	62255953	harbor2	chr14	62086820	62087244	DNA/TcMar-Tigger	995	-	212	62087032	31079
chr14	79464095	79664095	harbor2	chr14	79481334	79481613	DNA/TcMar-Tigger	1892	-	140	79481474	17379
chr14	79464095	79664095	harbor2	chr14	79482360	79482420	DNA/TcMar-Tigger	1892	-	30	79482390	18295
chr14	79464095	79664095	harbor2	chr14	79557452	79559778	DNA/TcMar-Tigger	13423	-	1163	79558615	94520
chr14	103342273	103542273	harbor2	chr14	103361604	103361824	DNA/TcMar-Tigger	1396	-	110	103361714	19441
chr14	103342273	103542273	harbor2	chr14	103361818	103362166	DNA/TcMar-Tigger	2011	-	174	103361992	19719
chr14	103342273	103542273	harbor2	chr14	103404014	103404348	DNA/TcMar-Tigger	470	-	167	103404181	61908
chr14	21814439	22014439	harbor2	chr14	21837429	21837786	DNA/TcMar-Tigger	1691	-	178	21837607	23168
chr14	21814439	22014439	harbor2	chr14	21883992	21884334	DNA/TcMar-Tigger	1977	-	171	21884163	69724
chr14	66173583	66373583	harbor2	chr14	66236903	66237206	DNA/TcMar-Tigger	1770	-	152	66237055	63472
chr14	50931066	51131066	harbor2	chr14	50965625	50965737	DNA/TcMar-Tigger	729	-	56	50965681	34615
chr14	50931066	51131066	harbor2	chr14	50966423	50966625	DNA/TcMar-Tigger	1288	-	101	50966524	35458
chr14	50931066	51131066	harbor2	chr14	51016013	51016218	DNA/TcMar-Tigger	1254	-	102	51016115	85049
chr14	50931066	51131066	harbor2	chr14	51016786	51016908	DNA/TcMar-Tigger	648	-	61	51016847	85781
chr14	105767117	105967117	harbor2	chr14	105824648	105824916	DNA/TcMar-Tigger	1781	-	134	105824782	57665
chr15	87162145	87362145	harbor2	chr15	87166477	87166732	DNA/TcMar-Tigger	1583	-	128	87166605	4460
chr15	87162145	87362145	harbor2	chr15	87210479	87210525	DNA/TcMar-Tigger	2133	-	23	87210502	48357
chr15	87162145	87362145	harbor2	chr15	87211424	87211970	DNA/TcMar-Tigger	2133	-	273	87211697	49552
chr15	101253459	101453459	harbor2	chr15	101335744	101336082	DNA/TcMar-Tigger	1905	-	169	101335913	82454
chr15	64470778	64670778	harbor2	chr15	64512363	64512546	DNA/TcMar-Tigger	447	-	92	64512455	41677
chr15	64470778	64670778	harbor2	chr15	64513502	64513809	DNA/TcMar-Tigger	1316	-	154	64513656	42878
chr15	64470778	64670778	harbor2	chr15	64514105	64514253	DNA/TcMar-Tigger	1316	-	74	64514179	43401
chr15	64470778	64670778	harbor2	chr15	64551683	64551814	DNA/TcMar-Tigger	574	-	66	64551749	80971
chr15	84950446	85150446	harbor2	chr15	84996479	84996542	DNA/TcMar-Tigger	2411	-	32	84996511	46065
chr15	84950446	85150446	harbor2	chr15	84996851	84997193	DNA/TcMar-Tigger	2411	-	171	84997022	46576
chr15	48254419	48454419	harbor2	chr15	48289521	48290695	DNA/TcMar-Tigger	6674	-	587	48290108	35689
chr15	48254419	48454419	harbor2	chr15	48321530	48321676	DNA/TcMar-Tigger	3370	-	73	48321603	67184
chr15	48254419	48454419	harbor2	chr15	48321993	48322432	DNA/TcMar-Tigger	3370	-	220	48322213	67794
chr15	48254419	48454419	harbor2	chr15	48322435	48322594	DNA/TcMar-Tigger	821	-	80	48322515	68096
chr15	84604362	84804362	harbor2	chr15	84696553	84696759	DNA/TcMar-Tigger	868	-	103	84696656	92294
chr15	100107270	100307270	harbor2	chr15	100147311	100147687	DNA/TcMar-Tigger	1562	-	188	100147499	40229
chr15	100107270	100307270	harbor2	chr15	100122507	100122927	DNA/TcMar-Tigger	2611	-	210	100122717	15447
chr15	80240601	80440601	harbor2	chr15	80257664	80257964	DNA/TcMar-Tigger	1816	-	150	80257814	17213
chr15	80240601	80440601	harbor2	chr15	80258268	80258300	DNA/TcMar-Tigger	1816	-	16	80258284	17683
chr15	101231254	101431254	harbor2	chr15	101241828	101242133	DNA/TcMar-Tigger	1219	-	152	101241980	10726
chr15	88189601	88389601	harbor2	chr15	88190222	88190635	DNA/TcMar-Tigger	776	-	206	88190428	827
chr15	37765971	37965971	harbor2	chr15	37779601	37779757	DNA/TcMar-Tigger	971	-	78	37779679	13708
chr15	37765971	37965971	harbor2	chr15	37779869	37780313	DNA/TcMar-Tigger	2483	-	222	37780091	14120
chr15	92004002	92204002	harbor2	chr15	92059815	92060278	DNA/TcMar-Tigger	2984	-	232	92060047	56045
chr15	92004002	92204002	harbor2	chr15	92060800	92060909	DNA/TcMar-Tigger	2984	-	54	92060854	56852
chr15	92004002	92204002	harbor2	chr15	92060910	92061020	DNA/TcMar-Tigger	435	-	55	92060965	56963
chr15	47435603	47635603	harbor2	chr15	47518398	47518743	DNA/TcMar-Tigger	1816	-	172	47518570	82967
chr15	47435603	47635603	harbor2	chr15	47518742	47518942	DNA/TcMar-Tigger	1273	-	100	47518842	83239
chr15	47435603	47635603	harbor2	chr15	47519137	47519436	DNA/TcMar-Tigger	1492	-	150	47519287	83684
chr15	47435603	47635603	harbor2	chr15	47528799	47529037	DNA/TcMar-Tigger	1077	-	119	47528918	93315
chr15	47435603	47635603	harbor2	chr15	47529037	47529358	DNA/TcMar-Tigger	1821	-	160	47529197	93594
chr15	47435603	47635603	harbor2	chr15	47529351	47529427	DNA/TcMar-Tigger	414	-	38	47529389	93786
chr15	90165452	90365452	harbor2	chr15	90167761	90167923	DNA/TcMar-Tigger	873	-	81	90167842	2390
chr15	90165452	90365452	harbor2	chr15	90168418	90168768	DNA/TcMar-Tigger	2918	-	175	90168593	3141
chr15	90165452	90365452	harbor2	chr15	90169069	90169367	DNA/TcMar-Tigger	2918	-	149	90169218	3766
chr15	28086898	28286898	harbor2	chr15	28167933	28168199	DNA/TcMar-Tigger	550	-	133	28168066	81168
chr15	95644507	95844507	harbor2	chr15	95693151	95693801	DNA/TcMar-Tigger	3790	-	325	95693476	48969
chr15	83887786	84087786	harbor2	chr15	83943875	83943976	DNA/TcMar-Tigger	601	-	50	83943925	56139
chr15	83887786	84087786	harbor2	chr15	83943975	83944201	DNA/TcMar-Tigger	1255	-	113	83944088	56302
chr15	93990623	94190623	harbor2	chr15	94079777	94080366	DNA/TcMar-Tigger	3471	-	294	94080071	89448
chr15	41264784	41464784	harbor2	chr15	41277133	41277361	DNA/TcMar-Tigger	1793	-	114	41277247	12463
chr15	41264784	41464784	harbor2	chr15	41277978	41278030	DNA/TcMar-Tigger	1793	-	26	41278004	13220
chr15	41264784	41464784	harbor2	chr15	41278571	41278654	DNA/TcMar-Tigger	511	-	42	41278613	13829
chr15	41264784	41464784	harbor2	chr15	41323345	41323412	DNA/TcMar-Tigger	547	-	34	41323379	58595
chr15	41264784	41464784	harbor2	chr15	41323418	41323514	DNA/TcMar-Tigger	3562	-	48	41323466	58682
chr15	41264784	41464784	harbor2	chr15	41323770	41323985	DNA/TcMar-Tigger	3562	-	108	41323878	59094
chr15	41264784	41464784	harbor2	chr15	41324295	41324485	DNA/TcMar-Tigger	3562	-	95	41324390	59606
chr15	41264784	41464784	harbor2	chr15	41324790	41324945	DNA/TcMar-Tigger	3562	-	78	41324868	60084
chr15	41264784	41464784	harbor2	chr15	41324958	41325129	DNA/TcMar-Tigger	1483	-	86	41325044	60260
chr15	41264784	41464784	harbor2	chr15	41325433	41325547	DNA/TcMar-Tigger	1483	-	57	41325490	60706
chr15	88998982	89198982	harbor2	chr15	89025803	89025995	DNA/TcMar-Tigger	1139	-	96	89025899	26917
chr15	88998982	89198982	harbor2	chr15	89026007	89026081	DNA/TcMar-Tigger	404	-	37	89026044	27062
chr15	88998982	89198982	harbor2	chr15	89051984	89052153	DNA/TcMar-Tigger	513	-	84	89052068	53086
chr15	96079283	96279283	harbor2	chr15	96151905	96152001	DNA/TcMar-Tigger	947	-	48	96151953	72670
chr15	96079283	96279283	harbor2	chr15	96152300	96152540	DNA/TcMar-Tigger	947	-	120	96152420	73137
chr15	96079283	96279283	harbor2	chr15	96169494	96169585	DNA/TcMar-Tigger	406	-	46	96169540	90257
chr15	96079283	96279283	harbor2	chr15	96169580	96170098	DNA/TcMar-Tigger	3199	-	259	96169839	90556
chr15	96079283	96279283	harbor2	chr15	96174535	96174854	DNA/TcMar-Tigger	1460	-	160	96174695	95412
chr15	96108433	96308433	harbor2	chr15	96151905	96152001	DNA/TcMar-Tigger	947	-	48	96151953	43520
chr15	96108433	96308433	harbor2	chr15	96152300	96152540	DNA/TcMar-Tigger	947	-	120	96152420	43987
chr15	96108433	96308433	harbor2	chr15	96169494	96169585	DNA/TcMar-Tigger	406	-	46	96169540	61107
chr15	96108433	96308433	harbor2	chr15	96169580	96170098	DNA/TcMar-Tigger	3199	-	259	96169839	61406
chr15	96108433	96308433	harbor2	chr15	96174535	96174854	DNA/TcMar-Tigger	1460	-	160	96174695	66262
chr15	95759439	95959439	harbor2	chr15	95772018	95772126	DNA/TcMar-Tigger	448	-	54	95772072	12633
chr15	95759439	95959439	harbor2	chr15	95764184	95764629	DNA/TcMar-Tigger	1069	-	222	95764406	4967
chr15	99805976	100005976	harbor2	chr15	99880349	99880797	DNA/TcMar-Tigger	2446	-	224	99880573	74597
chr15	34356676	34556676	harbor2	chr15	34431411	34431945	DNA/TcMar-Tigger	2166	-	267	34431678	75002
chr15	100205344	100405344	harbor2	chr15	100282347	100282674	DNA/TcMar-Tigger	1752	-	164	100282511	77167
chr15	91885842	92085842	harbor2	chr15	91905296	91905600	DNA/TcMar-Tigger	690	-	152	91905448	19606
chr15	91885842	92085842	harbor2	chr15	91960721	91960960	DNA/TcMar-Tigger	1461	-	120	91960841	74999
chr15	91885842	92085842	harbor2	chr15	91971882	91972078	DNA/TcMar-Tigger	1111	-	98	91971980	86138
chr15	91885842	92085842	harbor2	chr15	91979142	91979480	DNA/TcMar-Tigger	1959	-	169	91979311	93469
chr15	101013161	101213161	harbor2	chr15	101028095	101028727	DNA/TcMar-Tigger	3296	-	316	101028411	15250
chr15	101013161	101213161	harbor2	chr15	101041701	101042014	DNA/TcMar-Tigger	1203	-	156	101041857	28696
chr15	93550710	93750710	harbor2	chr15	93625280	93625677	DNA/TcMar-Tigger	6668	-	198	93625478	74768
chr15	93550710	93750710	harbor2	chr15	93625948	93626036	DNA/TcMar-Tigger	6668	-	44	93625992	75282
chr15	93550710	93750710	harbor2	chr15	93626295	93627087	DNA/TcMar-Tigger	6668	-	396	93626691	75981
chr15	93550710	93750710	harbor2	chr15	93631133	93631639	DNA/TcMar-Tigger	2910	-	253	93631386	80676
chr15	93550710	93750710	harbor2	chr15	93631637	93631846	DNA/TcMar-Tigger	1047	-	104	93631741	81031
chr15	57528740	57728740	harbor2	chr15	57570447	57570515	DNA/TcMar-Tigger	3184	-	34	57570481	41741
chr15	57528740	57728740	harbor2	chr15	57570936	57571399	DNA/TcMar-Tigger	3184	-	232	57571168	42428
chr15	59830782	60030782	harbor2	chr15	59868175	59868502	DNA/TcMar-Tigger	1377	-	164	59868339	37557
chr15	80720064	80920064	harbor2	chr15	80741336	80741480	DNA/TcMar-Tigger	738	-	72	80741408	21344
chr15	80720064	80920064	harbor2	chr15	80741484	80741629	DNA/TcMar-Tigger	795	-	72	80741556	21492
chr15	80720064	80920064	harbor2	chr15	80741632	80742136	DNA/TcMar-Tigger	2800	-	252	80741884	21820
chr15	94931494	95131494	harbor2	chr15	94939843	94940117	DNA/TcMar-Tigger	1509	-	137	94939980	8486
chr15	90980623	91180623	harbor2	chr15	91038931	91039084	DNA/TcMar-Tigger	654	-	76	91039007	58384
chr15	90980623	91180623	harbor2	chr15	91078816	91079160	DNA/TcMar-Tigger	1927	-	172	91078988	98365
chr15	78484889	78684889	harbor2	chr15	78493244	78493472	DNA/TcMar-Tigger	1075	-	114	78493358	8469
chr15	78484889	78684889	harbor2	chr15	78516208	78516343	DNA/TcMar-Tigger	816	-	68	78516276	31387
chr15	78484889	78684889	harbor2	chr15	78550087	78550319	DNA/TcMar-Tigger	1203	-	116	78550203	65314
chr15	78484889	78684889	harbor2	chr15	78550610	78550944	DNA/TcMar-Tigger	1494	-	167	78550777	65888
chr15	62942301	63142301	harbor2	chr15	62970168	62970504	DNA/TcMar-Tigger	1769	-	168	62970336	28035
chr15	62942301	63142301	harbor2	chr15	62992431	62992778	DNA/TcMar-Tigger	723	-	174	62992605	50304
chr15	72642655	72842655	harbor2	chr15	72712401	72713314	DNA/TcMar-Tigger	5325	-	456	72712857	70202
chr15	72642655	72842655	harbor2	chr15	72713357	72713853	DNA/TcMar-Tigger	5325	-	248	72713605	70950
chr15	89265017	89465017	harbor2	chr15	89285314	89285372	DNA/TcMar-Tigger	1068	-	29	89285343	20326
chr15	89265017	89465017	harbor2	chr15	89285624	89285986	DNA/TcMar-Tigger	1068	-	181	89285805	20788
chr15	89265017	89465017	harbor2	chr15	89286293	89286437	DNA/TcMar-Tigger	1068	-	72	89286365	21348
chr15	89265017	89465017	harbor2	chr15	89286440	89286977	DNA/TcMar-Tigger	9576	-	268	89286708	21691
chr15	89265017	89465017	harbor2	chr15	89287273	89288137	DNA/TcMar-Tigger	9576	-	432	89287705	22688
chr15	89265017	89465017	harbor2	chr15	89344850	89345463	DNA/TcMar-Tigger	3556	-	306	89345156	80139
chr15	45170595	45370595	harbor2	chr15	45244459	45244630	DNA/TcMar-Tigger	1005	-	86	45244545	73950
chr15	56251227	56451227	harbor2	chr15	56296662	56296804	DNA/TcMar-Tigger	520	-	71	56296733	45506
chr15	85335452	85535452	harbor2	chr15	85422873	85425249	DNA/TcMar-Tigger	14395	-	1188	85424061	88609
chr15	78022918	78222918	harbor2	chr15	78040949	78041478	DNA/TcMar-Tigger	1620	-	264	78041213	18295
chr15	100007382	100207382	harbor2	chr15	100042335	100042426	DNA/TcMar-Tigger	597	-	46	100042381	34999
chr15	100007382	100207382	harbor2	chr15	100042421	100042924	DNA/TcMar-Tigger	2855	-	252	100042673	35291
chr15	100007382	100207382	harbor2	chr15	100095280	100095508	DNA/TcMar-Tigger	403	-	114	100095394	88012
chr15	71965054	72165054	harbor2	chr15	71989374	71989569	DNA/TcMar-Tigger	619	-	98	71989472	24418
chr15	71965054	72165054	harbor2	chr15	72029258	72029590	DNA/TcMar-Tigger	1881	-	166	72029424	64370
chr15	71965054	72165054	harbor2	chr15	72030821	72030879	DNA/TcMar-Tigger	580	-	29	72030850	65796
chr15	71965054	72165054	harbor2	chr15	72031210	72031252	DNA/TcMar-Tigger	580	-	21	72031231	66177
chr15	71965054	72165054	harbor2	chr15	72031512	72031640	DNA/TcMar-Tigger	588	-	64	72031576	66522
chr15	54718140	54918140	harbor2	chr15	54789789	54790091	DNA/TcMar-Tigger	443	-	151	54789940	71800
chr15	54718140	54918140	harbor2	chr15	54803844	54804169	DNA/TcMar-Tigger	1399	-	162	54804006	85866
chr15	101768345	101968345	harbor2	chr15	101846578	101846794	DNA/TcMar-Tigger	1181	-	108	101846686	78341
chr15	87002504	87202504	harbor2	chr15	87049113	87049350	DNA/TcMar-Tigger	1383	-	118	87049231	46727
chr15	87002504	87202504	harbor2	chr15	87049346	87049702	DNA/TcMar-Tigger	2027	-	178	87049524	47020
chr15	87002504	87202504	harbor2	chr15	87078485	87078762	DNA/TcMar-Tigger	1259	-	138	87078623	76119
chr15	97826731	98026731	harbor2	chr15	97924742	97926367	DNA/TcMar-Tigger	8044	-	812	97925554	98823
chr15	29537359	29737359	harbor2	chr15	29600793	29600892	DNA/TcMar-Tigger	3924	-	50	29600843	63484
chr15	29537359	29737359	harbor2	chr15	29601197	29602136	DNA/TcMar-Tigger	3924	-	470	29601667	64308
chr15	62345191	62545191	harbor2	chr15	62365040	62365183	DNA/TcMar-Tigger	583	-	72	62365112	19921
chr15	62345191	62545191	harbor2	chr15	62369357	62369759	DNA/TcMar-Tigger	958	-	201	62369558	24367
chr15	71726991	71926991	harbor2	chr15	71816780	71816878	DNA/TcMar-Tigger	520	-	49	71816829	89838
chr15	38657418	38857418	harbor2	chr15	38706405	38706710	DNA/TcMar-Tigger	914	-	152	38706557	49139
chr15	71814769	72014769	harbor2	chr15	71816780	71816878	DNA/TcMar-Tigger	520	-	49	71816829	2060
chr15	71814769	72014769	harbor2	chr15	71870588	71870887	DNA/TcMar-Tigger	1654	-	150	71870738	55969
chr15	42912197	43112197	harbor2	chr15	42937720	42937867	DNA/TcMar-Tigger	2136	-	74	42937794	25597
chr15	42912197	43112197	harbor2	chr15	42938163	42938347	DNA/TcMar-Tigger	2136	-	92	42938255	26058
chr15	92157688	92357688	harbor2	chr15	92190609	92190712	DNA/TcMar-Tigger	557	-	52	92190661	32973
chr15	92157688	92357688	harbor2	chr15	92190719	92190982	DNA/TcMar-Tigger	1283	-	132	92190851	33163
chr15	79853386	80053386	harbor2	chr15	79897436	79897625	DNA/TcMar-Tigger	694	-	94	79897530	44144
chr15	79853386	80053386	harbor2	chr15	79897637	79897730	DNA/TcMar-Tigger	454	-	46	79897683	44297
chr15	95663697	95863697	harbor2	chr15	95693151	95693801	DNA/TcMar-Tigger	3790	-	325	95693476	29779
chr16	63775723	63975723	harbor2	chr16	63815059	63815656	DNA/TcMar-Tigger	2908	-	298	63815357	39634
chr16	63775723	63975723	harbor2	chr16	63872258	63872501	DNA/TcMar-Tigger	1985	-	122	63872380	96657
chr16	63775723	63975723	harbor2	chr16	63872800	63872908	DNA/TcMar-Tigger	1985	-	54	63872854	97131
chr16	59423603	59623603	harbor2	chr16	59511400	59511629	DNA/TcMar-Tigger	1341	-	114	59511514	87911
chr16	59423603	59623603	harbor2	chr16	59512873	59514908	DNA/TcMar-Tigger	11927	-	1018	59513891	90288
chr16	59423603	59623603	harbor2	chr16	59522965	59523415	DNA/TcMar-Tigger	2219	-	225	59523190	99587
chr16	59981922	60181922	harbor2	chr16	59997907	59998082	DNA/TcMar-Tigger	420	-	88	59997995	16073
chr16	59981922	60181922	harbor2	chr16	60003926	60004189	DNA/TcMar-Tigger	1422	-	132	60004058	22136
chr16	59981922	60181922	harbor2	chr16	60004190	60004988	DNA/TcMar-Tigger	3982	-	399	60004589	22667
chr16	69635357	69835357	harbor2	chr16	69668364	69668671	DNA/TcMar-Tigger	1712	-	154	69668518	33161
chr16	69635357	69835357	harbor2	chr16	69668881	69668949	DNA/TcMar-Tigger	504	-	34	69668915	33558
chr16	69635357	69835357	harbor2	chr16	69669195	69669272	DNA/TcMar-Tigger	473	-	38	69669233	33876
chr16	69635357	69835357	harbor2	chr16	69669555	69669589	DNA/TcMar-Tigger	473	-	17	69669572	34215
chr16	72018677	72218677	harbor2	chr16	72020655	72020935	DNA/TcMar-Tigger	837	-	140	72020795	2118
chr16	88097597	88297597	harbor2	chr16	88130317	88130464	DNA/TcMar-Tigger	1206	-	74	88130391	32794
chr16	88097597	88297597	harbor2	chr16	88130730	88131178	DNA/TcMar-Tigger	1206	-	224	88130954	33357
chr16	61910127	62110127	harbor2	chr16	61913039	61913364	DNA/TcMar-Tigger	1601	-	162	61913201	3074
chr16	61910127	62110127	harbor2	chr16	61961838	61962272	DNA/TcMar-Tigger	2010	-	217	61962055	51928
chr16	61910127	62110127	harbor2	chr16	61967433	61967767	DNA/TcMar-Tigger	1794	-	167	61967600	57473
chr16	61910127	62110127	harbor2	chr16	61964004	61964596	DNA/TcMar-Tigger	2710	-	296	61964300	54173
chr16	71456392	71656392	harbor2	chr16	71504742	71505249	DNA/TcMar-Tigger	3001	-	254	71504996	48604
chr16	81440204	81640204	harbor2	chr16	81471600	81472012	DNA/TcMar-Tigger	1044	-	206	81471806	31602
chr16	67517891	67717891	harbor2	chr16	67554013	67554107	DNA/TcMar-Tigger	442	-	47	67554060	36169
chr16	67517891	67717891	harbor2	chr16	67554106	67554371	DNA/TcMar-Tigger	1180	-	132	67554238	36347
chr16	59318626	59518626	harbor2	chr16	59367993	59368702	DNA/TcMar-Tigger	3647	-	354	59368347	49721
chr16	59318626	59518626	harbor2	chr16	59371020	59371361	DNA/TcMar-Tigger	580	-	170	59371190	52564
chr16	59318626	59518626	harbor2	chr16	59413439	59415175	DNA/TcMar-Tigger	10489	-	868	59414307	95681
chr16	77979567	78179567	harbor2	chr16	77981315	77981514	DNA/TcMar-Tigger	516	-	100	77981415	1848
chr16	77979567	78179567	harbor2	chr16	78040491	78040838	DNA/TcMar-Tigger	2321	-	174	78040665	61098
chr16	77979567	78179567	harbor2	chr16	78068542	78069269	DNA/TcMar-Tigger	1291	-	364	78068906	89339
chr16	85121858	85321858	harbor2	chr16	85155693	85155960	DNA/TcMar-Tigger	695	-	134	85155827	33969
chr16	85121858	85321858	harbor2	chr16	85189406	85189722	DNA/TcMar-Tigger	1345	-	158	85189564	67706
chr16	85121858	85321858	harbor2	chr16	85189926	85190175	DNA/TcMar-Tigger	657	-	124	85190050	68192
chr16	85121858	85321858	harbor2	chr16	85195892	85196201	DNA/TcMar-Tigger	1062	-	154	85196046	74188
chr16	82027492	82227492	harbor2	chr16	82106093	82106179	DNA/TcMar-Tigger	564	-	43	82106136	78644
chr16	82027492	82227492	harbor2	chr16	82106178	82106741	DNA/TcMar-Tigger	3004	-	282	82106460	78968
chr16	78803735	79003735	harbor2	chr16	78856796	78857126	DNA/TcMar-Tigger	1935	-	165	78856961	53226
chr16	28032397	28232397	harbor2	chr16	28071125	28071262	DNA/TcMar-Tigger	1032	-	68	28071193	38796
chr16	28032397	28232397	harbor2	chr16	28071551	28071650	DNA/TcMar-Tigger	1032	-	50	28071601	39204
chr16	28032397	28232397	harbor2	chr16	28116496	28116990	DNA/TcMar-Tigger	14579	-	247	28116743	84346
chr16	28032397	28232397	harbor2	chr16	28114368	28116179	DNA/TcMar-Tigger	14579	-	906	28115274	82877
chr16	84115383	84315383	harbor2	chr16	84120533	84121011	DNA/TcMar-Tigger	1810	-	239	84120772	5389
chr16	89522215	89722215	harbor2	chr16	89526995	89527249	DNA/TcMar-Tigger	894	-	127	89527122	4907
chr16	89522215	89722215	harbor2	chr16	89608020	89608315	DNA/TcMar-Tigger	575	-	148	89608168	85953
chr16	26625893	26825893	harbor2	chr16	26674048	26674295	DNA/TcMar-Tigger	2573	-	124	26674172	48279
chr16	26625893	26825893	harbor2	chr16	26674607	26674818	DNA/TcMar-Tigger	2573	-	106	26674713	48820
chr16	26625893	26825893	harbor2	chr16	26674809	26674878	DNA/TcMar-Tigger	447	-	34	26674843	48950
chr16	26625893	26825893	harbor2	chr16	26700953	26701278	DNA/TcMar-Tigger	1770	-	162	26701115	75222
chr16	58556423	58756423	harbor2	chr16	58558899	58559255	DNA/TcMar-Tigger	1723	-	178	58559077	2654
chr16	83337720	83537720	harbor2	chr16	83408297	83408670	DNA/TcMar-Tigger	1611	-	186	83408483	70763
chr16	82121723	82321723	harbor2	chr16	82146474	82146671	DNA/TcMar-Tigger	1016	-	98	82146572	24849
chr16	89926180	90126180	harbor2	chr16	89970403	89970650	DNA/TcMar-Tigger	577	-	124	89970527	44347
chr16	89926180	90126180	harbor2	chr16	89970954	89971585	DNA/TcMar-Tigger	601	-	316	89971270	45090
chr16	31190682	31390682	harbor2	chr16	31233489	31233649	DNA/TcMar-Tigger	1149	-	80	31233569	42887
chr16	31190682	31390682	harbor2	chr16	31234274	31234334	DNA/TcMar-Tigger	416	-	30	31234304	43622
chr16	31190682	31390682	harbor2	chr16	31234694	31234805	DNA/TcMar-Tigger	3564	-	56	31234750	44068
chr16	31190682	31390682	harbor2	chr16	31235093	31235480	DNA/TcMar-Tigger	3564	-	194	31235287	44605
chr16	31190682	31390682	harbor2	chr16	31235487	31235576	DNA/TcMar-Tigger	8708	-	44	31235531	44849
chr16	31190682	31390682	harbor2	chr16	31235885	31236116	DNA/TcMar-Tigger	8708	-	116	31236001	45319
chr16	31190682	31390682	harbor2	chr16	31236424	31237066	DNA/TcMar-Tigger	8708	-	321	31236745	46063
chr16	31190682	31390682	harbor2	chr16	31237365	31237463	DNA/TcMar-Tigger	8708	-	49	31237414	46732
chr16	31190682	31390682	harbor2	chr16	31237756	31238283	DNA/TcMar-Tigger	8708	-	264	31238020	47338
chr16	84042513	84242513	harbor2	chr16	84120533	84121011	DNA/TcMar-Tigger	1810	-	239	84120772	78259
chr16	54737480	54937480	harbor2	chr16	54747026	54747360	DNA/TcMar-Tigger	1989	-	167	54747193	9713
chr16	54737480	54937480	harbor2	chr16	54761829	54762068	DNA/TcMar-Tigger	952	-	120	54761949	24469
chr16	54737480	54937480	harbor2	chr16	54805137	54805491	DNA/TcMar-Tigger	1988	-	177	54805314	67834
chr16	35383973	35583973	harbor2	chr16	35430617	35430796	DNA/TcMar-Tigger	1042	-	90	35430707	46734
chr16	35383973	35583973	harbor2	chr16	35445801	35445976	DNA/TcMar-Tigger	736	-	88	35445889	61916
chr16	81099703	81299703	harbor2	chr16	81105550	81105665	DNA/TcMar-Tigger	578	-	58	81105608	5905
chr16	81099703	81299703	harbor2	chr16	81105965	81106031	DNA/TcMar-Tigger	578	-	33	81105998	6295
chr16	81099703	81299703	harbor2	chr16	81106032	81106216	DNA/TcMar-Tigger	1231	-	92	81106124	6421
chr16	81099703	81299703	harbor2	chr16	81106501	81106722	DNA/TcMar-Tigger	1231	-	110	81106611	6908
chr16	86915111	87115111	harbor2	chr16	86927435	86927770	DNA/TcMar-Tigger	1782	-	168	86927603	12492
chr16	32790008	32990008	harbor2	chr16	32794128	32794468	DNA/TcMar-Tigger	1512	-	170	32794298	4290
chr16	32790008	32990008	harbor2	chr16	32805135	32805505	DNA/TcMar-Tigger	1693	-	185	32805320	15312
chr16	82809848	83009848	harbor2	chr16	82874012	82874273	DNA/TcMar-Tigger	1049	-	130	82874142	64294
chr16	82809848	83009848	harbor2	chr16	82908688	82908817	DNA/TcMar-Tigger	1353	-	64	82908752	98904
chr16	82809848	83009848	harbor2	chr16	82909055	82909248	DNA/TcMar-Tigger	1353	-	96	82909151	99303
chr16	71824172	72024172	harbor2	chr16	71901915	71902060	DNA/TcMar-Tigger	428	-	72	71901987	77815
chr16	61985022	62185022	harbor2	chr16	62019458	62019748	DNA/TcMar-Tigger	919	-	145	62019603	34581
chr16	77040685	77240685	harbor2	chr16	77080164	77080995	DNA/TcMar-Tigger	6830	-	416	77080580	39895
chr16	77040685	77240685	harbor2	chr16	77081288	77081665	DNA/TcMar-Tigger	6830	-	188	77081476	40791
chr16	77040685	77240685	harbor2	chr16	77081834	77081991	DNA/TcMar-Tigger	915	-	78	77081912	41227
chr16	77040685	77240685	harbor2	chr16	77132935	77133340	DNA/TcMar-Tigger	2020	-	202	77133137	92452
chr16	46913511	47113511	harbor2	chr16	46969049	46969125	DNA/TcMar-Tigger	533	-	38	46969087	55576
chr16	46591299	46791299	harbor2	chr16	46597057	46597167	DNA/TcMar-Tigger	14652	-	55	46597112	5813
chr16	46591299	46791299	harbor2	chr16	46597423	46599730	DNA/TcMar-Tigger	14652	-	1154	46598577	7278
chr16	47571920	47771920	harbor2	chr16	47600551	47600811	DNA/TcMar-Tigger	1133	-	130	47600681	28761
chr16	31761548	31961548	harbor2	chr16	31779057	31779521	DNA/TcMar-Tigger	2376	-	232	31779289	17741
chr16	31761548	31961548	harbor2	chr16	31781810	31781971	DNA/TcMar-Tigger	2376	-	80	31781890	20342
chr16	83339658	83539658	harbor2	chr16	83408297	83408670	DNA/TcMar-Tigger	1611	-	186	83408483	68825
chr16	87331467	87531467	harbor2	chr16	87373904	87373961	DNA/TcMar-Tigger	1447	-	28	87373932	42465
chr16	87331467	87531467	harbor2	chr16	87374268	87374547	DNA/TcMar-Tigger	1447	-	140	87374408	42941
chr16	75913124	76113124	harbor2	chr16	75973335	75973695	DNA/TcMar-Tigger	738	-	180	75973515	60391
chr16	58256115	58456115	harbor2	chr16	58270193	58270522	DNA/TcMar-Tigger	2119	-	164	58270357	14242
chr16	58256115	58456115	harbor2	chr16	58272352	58272669	DNA/TcMar-Tigger	1838	-	158	58272510	16395
chr16	58256115	58456115	harbor2	chr16	58298018	58298155	DNA/TcMar-Tigger	796	-	68	58298086	41971
chr16	86330724	86530724	harbor2	chr16	86385656	86385961	DNA/TcMar-Tigger	1047	-	152	86385808	55084
chr16	82390386	82590386	harbor2	chr16	82442812	82442967	DNA/TcMar-Tigger	439	-	78	82442890	52504
chr16	82390386	82590386	harbor2	chr16	82459232	82459771	DNA/TcMar-Tigger	2163	-	270	82459502	69116
chr16	82390386	82590386	harbor2	chr16	82485008	82485342	DNA/TcMar-Tigger	1750	-	167	82485175	94789
chr16	69514404	69714404	harbor2	chr16	69594025	69594110	DNA/TcMar-Tigger	456	-	42	69594067	79663
chr16	69514404	69714404	harbor2	chr16	69594111	69594343	DNA/TcMar-Tigger	1395	-	116	69594227	79823
chr16	69514404	69714404	harbor2	chr16	69594449	69594640	DNA/TcMar-Tigger	1104	-	96	69594545	80141
chr16	69514404	69714404	harbor2	chr16	69594641	69594726	DNA/TcMar-Tigger	1630	-	42	69594683	80279
chr16	69514404	69714404	harbor2	chr16	69595175	69595369	DNA/TcMar-Tigger	1630	-	97	69595272	80868
chr16	69514404	69714404	harbor2	chr16	69595485	69596126	DNA/TcMar-Tigger	3567	-	320	69595805	81401
chr16	29424793	29624793	harbor2	chr16	29442250	29442588	DNA/TcMar-Tigger	2111	-	169	29442419	17626
chr16	75954982	76154982	harbor2	chr16	75973335	75973695	DNA/TcMar-Tigger	738	-	180	75973515	18533
chr16	85146889	85346889	harbor2	chr16	85155693	85155960	DNA/TcMar-Tigger	695	-	134	85155827	8938
chr16	85146889	85346889	harbor2	chr16	85189406	85189722	DNA/TcMar-Tigger	1345	-	158	85189564	42675
chr16	85146889	85346889	harbor2	chr16	85189926	85190175	DNA/TcMar-Tigger	657	-	124	85190050	43161
chr16	85146889	85346889	harbor2	chr16	85195892	85196201	DNA/TcMar-Tigger	1062	-	154	85196046	49157
chr16	56941325	57141325	harbor2	chr16	56979173	56979478	DNA/TcMar-Tigger	727	-	152	56979325	38000
chr16	63498290	63698290	harbor2	chr16	63512870	63513692	DNA/TcMar-Tigger	5895	-	411	63513281	14991
chr16	63498290	63698290	harbor2	chr16	63513993	63514285	DNA/TcMar-Tigger	5895	-	146	63514139	15849
chr16	63498290	63698290	harbor2	chr16	63522529	63522824	DNA/TcMar-Tigger	1559	-	148	63522677	24387
chr16	63498290	63698290	harbor2	chr16	63532591	63534949	DNA/TcMar-Tigger	13279	-	1179	63533770	35480
chr16	63498290	63698290	harbor2	chr16	63558368	63558737	DNA/TcMar-Tigger	2075	-	184	63558552	60262
chr16	82162045	82362045	harbor2	chr16	82232967	82233170	DNA/TcMar-Tigger	781	-	102	82233069	71024
chr16	82162045	82362045	harbor2	chr16	82233917	82234414	DNA/TcMar-Tigger	1905	-	248	82234165	72120
chr16	69563004	69763004	harbor2	chr16	69594025	69594110	DNA/TcMar-Tigger	456	-	42	69594067	31063
chr16	69563004	69763004	harbor2	chr16	69594111	69594343	DNA/TcMar-Tigger	1395	-	116	69594227	31223
chr16	69563004	69763004	harbor2	chr16	69594449	69594640	DNA/TcMar-Tigger	1104	-	96	69594545	31541
chr16	69563004	69763004	harbor2	chr16	69594641	69594726	DNA/TcMar-Tigger	1630	-	42	69594683	31679
chr16	69563004	69763004	harbor2	chr16	69595175	69595369	DNA/TcMar-Tigger	1630	-	97	69595272	32268
chr16	69563004	69763004	harbor2	chr16	69595485	69596126	DNA/TcMar-Tigger	3567	-	320	69595805	32801
chr16	6116683	6316683	harbor2	chr16	6188025	6188228	DNA/TcMar-Tigger	693	-	102	6188127	71444
chr16	6116683	6316683	harbor2	chr16	6200470	6201019	DNA/TcMar-Tigger	2671	-	274	6200744	84061
chr16	75930159	76130159	harbor2	chr16	75973335	75973695	DNA/TcMar-Tigger	738	-	180	75973515	43356
chr16	79288218	79488218	harbor2	chr16	79363265	79363625	DNA/TcMar-Tigger	2124	-	180	79363445	75227
chr16	65738546	65938546	harbor2	chr16	65820469	65821033	DNA/TcMar-Tigger	2246	-	282	65820751	82205
chr16	51333094	51533094	harbor2	chr16	51387701	51388160	DNA/TcMar-Tigger	2546	-	230	51387931	54837
chr16	77095281	77295281	harbor2	chr16	77132935	77133340	DNA/TcMar-Tigger	2020	-	202	77133137	37856
chr16	77095281	77295281	harbor2	chr16	77156230	77156347	DNA/TcMar-Tigger	962	-	58	77156288	61007
chr16	77095281	77295281	harbor2	chr16	77156662	77156765	DNA/TcMar-Tigger	962	-	52	77156714	61433
chr16	88324619	88524619	harbor2	chr16	88334325	88334529	DNA/TcMar-Tigger	912	-	102	88334427	9808
chr16	69755848	69955848	harbor2	chr16	69789816	69789960	DNA/TcMar-Tigger	2442	-	72	69789888	34040
chr16	69755848	69955848	harbor2	chr16	69790273	69790558	DNA/TcMar-Tigger	2442	-	142	69790415	34567
chr16	69755848	69955848	harbor2	chr16	69796259	69796640	DNA/TcMar-Tigger	2199	-	190	69796449	40601
chr16	72170467	72370467	harbor2	chr16	72172616	72172833	DNA/TcMar-Tigger	1335	-	108	72172724	2257
chr16	72170467	72370467	harbor2	chr16	72172836	72172976	DNA/TcMar-Tigger	1011	-	70	72172906	2439
chr16	74100956	74300956	harbor2	chr16	74193673	74194237	DNA/TcMar-Tigger	2677	-	282	74193955	92999
chr16	74100956	74300956	harbor2	chr16	74194481	74194550	DNA/TcMar-Tigger	425	-	34	74194515	93559
chr16	82692956	82892956	harbor2	chr16	82719883	82720733	DNA/TcMar-Tigger	5010	-	425	82720308	27352
chr16	82692956	82892956	harbor2	chr16	82728365	82730770	DNA/TcMar-Tigger	14541	-	1202	82729567	36611
chr16	89708488	89908488	harbor2	chr16	89755945	89756176	DNA/TcMar-Tigger	865	-	116	89756061	47573
chr16	58265278	58465278	harbor2	chr16	58270193	58270522	DNA/TcMar-Tigger	2119	-	164	58270357	5079
chr16	58265278	58465278	harbor2	chr16	58272352	58272669	DNA/TcMar-Tigger	1838	-	158	58272510	7232
chr16	58265278	58465278	harbor2	chr16	58298018	58298155	DNA/TcMar-Tigger	796	-	68	58298086	32808
chr16	25527793	25727793	harbor2	chr16	25612056	25612242	DNA/TcMar-Tigger	2261	-	93	25612149	84356
chr16	25527793	25727793	harbor2	chr16	25612541	25612719	DNA/TcMar-Tigger	2261	-	89	25612630	84837
chr16	66843872	67043872	harbor2	chr16	66897768	66897979	DNA/TcMar-Tigger	2698	-	106	66897874	54002
chr16	66843872	67043872	harbor2	chr16	66898293	66898616	DNA/TcMar-Tigger	2698	-	162	66898455	54583
chr16	66843872	67043872	harbor2	chr16	66929455	66929729	DNA/TcMar-Tigger	1372	-	137	66929592	85720
chr16	23718324	23918324	harbor2	chr16	23763770	23764112	DNA/TcMar-Tigger	2034	-	171	23763941	45617
chr16	82708028	82908028	harbor2	chr16	82719883	82720733	DNA/TcMar-Tigger	5010	-	425	82720308	12280
chr16	82708028	82908028	harbor2	chr16	82728365	82730770	DNA/TcMar-Tigger	14541	-	1202	82729567	21539
chr16	46560948	46760948	harbor2	chr16	46597057	46597167	DNA/TcMar-Tigger	14652	-	55	46597112	36164
chr16	46560948	46760948	harbor2	chr16	46597423	46599730	DNA/TcMar-Tigger	14652	-	1154	46598577	37629
chr16	74031077	74231077	harbor2	chr16	74072286	74072436	DNA/TcMar-Tigger	463	-	75	74072361	41284
chr16	52888577	53088577	harbor2	chr16	52929419	52929512	DNA/TcMar-Tigger	428	-	46	52929465	40888
chr16	52888577	53088577	harbor2	chr16	52971381	52971754	DNA/TcMar-Tigger	2099	-	186	52971567	82990
chr16	52888577	53088577	harbor2	chr16	52976036	52976334	DNA/TcMar-Tigger	1230	-	149	52976185	87608
chr16	32264518	32464518	harbor2	chr16	32311628	32312105	DNA/TcMar-Tigger	2452	-	238	32311866	47348
chr16	32264518	32464518	harbor2	chr16	32312371	32312525	DNA/TcMar-Tigger	2168	-	77	32312448	47930
chr16	32264518	32464518	harbor2	chr16	32312824	32313074	DNA/TcMar-Tigger	2168	-	125	32312949	48431
chr16	32264518	32464518	harbor2	chr16	32350018	32350499	DNA/TcMar-Tigger	2410	-	240	32350258	85740
chr16	32264518	32464518	harbor2	chr16	32350765	32350919	DNA/TcMar-Tigger	2181	-	77	32350842	86324
chr16	32264518	32464518	harbor2	chr16	32351218	32351468	DNA/TcMar-Tigger	2181	-	125	32351343	86825
chr16	85121673	85321673	harbor2	chr16	85155693	85155960	DNA/TcMar-Tigger	695	-	134	85155827	34154
chr16	85121673	85321673	harbor2	chr16	85189406	85189722	DNA/TcMar-Tigger	1345	-	158	85189564	67891
chr16	85121673	85321673	harbor2	chr16	85189926	85190175	DNA/TcMar-Tigger	657	-	124	85190050	68377
chr16	85121673	85321673	harbor2	chr16	85195892	85196201	DNA/TcMar-Tigger	1062	-	154	85196046	74373
chr16	90030136	90230136	harbor2	chr16	90107681	90107904	DNA/TcMar-Tigger	1264	-	112	90107793	77657
chr16	90030136	90230136	harbor2	chr16	90108486	90108509	DNA/TcMar-Tigger	1264	-	12	90108498	78362
chr16	90030136	90230136	harbor2	chr16	90108507	90108602	DNA/TcMar-Tigger	444	-	48	90108555	78419
chr16	71866736	72066736	harbor2	chr16	71901915	71902060	DNA/TcMar-Tigger	428	-	72	71901987	35251
chr16	71866736	72066736	harbor2	chr16	71931327	71931407	DNA/TcMar-Tigger	463	-	40	71931367	64631
chr16	71866736	72066736	harbor2	chr16	71931767	71931903	DNA/TcMar-Tigger	541	-	68	71931835	65099
chr16	71866736	72066736	harbor2	chr16	71932043	71932144	DNA/TcMar-Tigger	541	-	50	71932093	65357
chr16	86341082	86541082	harbor2	chr16	86385656	86385961	DNA/TcMar-Tigger	1047	-	152	86385808	44726
chr16	79041513	79241513	harbor2	chr16	79115906	79117049	DNA/TcMar-Tigger	15083	-	572	79116478	74965
chr16	79041513	79241513	harbor2	chr16	79117309	79118608	DNA/TcMar-Tigger	15083	-	650	79117959	76446
chr16	57965578	58165578	harbor2	chr16	58054452	58054651	DNA/TcMar-Tigger	1230	-	100	58054552	88974
chr16	87723209	87923209	harbor2	chr16	87736048	87736366	DNA/TcMar-Tigger	1073	-	159	87736207	12998
chr16	89875520	90075520	harbor2	chr16	89970403	89970650	DNA/TcMar-Tigger	577	-	124	89970527	95007
chr16	89875520	90075520	harbor2	chr16	89970954	89971585	DNA/TcMar-Tigger	601	-	316	89971270	95750
chr16	61391965	61591965	harbor2	chr16	61447193	61447335	DNA/TcMar-Tigger	981	-	71	61447264	55299
chr16	61391965	61591965	harbor2	chr16	61447842	61448010	DNA/TcMar-Tigger	981	-	84	61447926	55961
chr16	61391965	61591965	harbor2	chr16	61477937	61478268	DNA/TcMar-Tigger	1728	-	166	61478103	86138
chr16	85065400	85265400	harbor2	chr16	85155693	85155960	DNA/TcMar-Tigger	695	-	134	85155827	90427
chr16	75865568	76065568	harbor2	chr16	75894901	75894989	DNA/TcMar-Tigger	478	-	44	75894945	29377
chr16	75865568	76065568	harbor2	chr16	75895541	75895744	DNA/TcMar-Tigger	984	-	102	75895643	30075
chr16	75865568	76065568	harbor2	chr16	75897844	75898217	DNA/TcMar-Tigger	2128	-	186	75898030	32462
chr16	46406922	46606922	harbor2	chr16	46461923	46462263	DNA/TcMar-Tigger	1574	-	170	46462093	55171
chr16	66890862	67090862	harbor2	chr16	66897768	66897979	DNA/TcMar-Tigger	2698	-	106	66897874	7012
chr16	66890862	67090862	harbor2	chr16	66898293	66898616	DNA/TcMar-Tigger	2698	-	162	66898455	7593
chr16	66890862	67090862	harbor2	chr16	66929455	66929729	DNA/TcMar-Tigger	1372	-	137	66929592	38730
chr16	57990228	58190228	harbor2	chr16	58054452	58054651	DNA/TcMar-Tigger	1230	-	100	58054552	64324
chr16	88238107	88438107	harbor2	chr16	88334325	88334529	DNA/TcMar-Tigger	912	-	102	88334427	96320
chr16	53519992	53719992	harbor2	chr16	53526377	53526612	DNA/TcMar-Tigger	1487	-	118	53526495	6503
chr16	75088438	75288438	harbor2	chr16	75091471	75091532	DNA/TcMar-Tigger	2108	-	30	75091501	3063
chr16	75088438	75288438	harbor2	chr16	75091837	75092016	DNA/TcMar-Tigger	2108	-	90	75091927	3489
chr16	75088438	75288438	harbor2	chr16	75092150	75092374	DNA/TcMar-Tigger	2108	-	112	75092262	3824
chr16	52878735	53078735	harbor2	chr16	52929419	52929512	DNA/TcMar-Tigger	428	-	46	52929465	50730
chr16	52878735	53078735	harbor2	chr16	52971381	52971754	DNA/TcMar-Tigger	2099	-	186	52971567	92832
chr16	52878735	53078735	harbor2	chr16	52976036	52976334	DNA/TcMar-Tigger	1230	-	149	52976185	97450
chr16	27297383	27497383	harbor2	chr16	27336059	27336356	DNA/TcMar-Tigger	1616	-	148	27336207	38824
chr16	21024074	21224074	harbor2	chr16	21101020	21101354	DNA/TcMar-Tigger	2116	-	167	21101187	77113
chr16	21024074	21224074	harbor2	chr16	21113893	21114212	DNA/TcMar-Tigger	1704	-	160	21114053	89979
chr16	53287027	53487027	harbor2	chr16	53287261	53287345	DNA/TcMar-Tigger	1723	-	42	53287303	276
chr16	81402142	81602142	harbor2	chr16	81471600	81472012	DNA/TcMar-Tigger	1044	-	206	81471806	69664
chr16	89722392	89922392	harbor2	chr16	89755945	89756176	DNA/TcMar-Tigger	865	-	116	89756061	33669
chr16	87087078	87287078	harbor2	chr16	87171429	87171828	DNA/TcMar-Tigger	1397	-	200	87171629	84551
chr16	87087078	87287078	harbor2	chr16	87172080	87172292	DNA/TcMar-Tigger	1068	-	106	87172186	85108
chr16	62980467	63180467	harbor2	chr16	63013465	63014138	DNA/TcMar-Tigger	3378	-	336	63013801	33334
chr16	62980467	63180467	harbor2	chr16	63053769	63053990	DNA/TcMar-Tigger	1031	-	110	63053879	73412
chr16	62980467	63180467	harbor2	chr16	63078944	63079198	DNA/TcMar-Tigger	1221	-	127	63079071	98604
chr16	62980467	63180467	harbor2	chr16	63079197	63079329	DNA/TcMar-Tigger	658	-	66	63079263	98796
chr16	23273193	23473193	harbor2	chr16	23282506	23282567	DNA/TcMar-Tigger	2059	-	30	23282536	9343
chr16	23273193	23473193	harbor2	chr16	23283047	23283129	DNA/TcMar-Tigger	2059	-	41	23283088	9895
chr16	23273193	23473193	harbor2	chr16	23283423	23283649	DNA/TcMar-Tigger	2059	-	113	23283536	10343
chr16	23273193	23473193	harbor2	chr16	23347391	23347625	DNA/TcMar-Tigger	2783	-	117	23347508	74315
chr16	23273193	23473193	harbor2	chr16	23347931	23348225	DNA/TcMar-Tigger	2783	-	147	23348078	74885
chr16	71515898	71715898	harbor2	chr16	71571144	71571469	DNA/TcMar-Tigger	1034	-	162	71571306	55408
chr16	71515898	71715898	harbor2	chr16	71578093	71578214	DNA/TcMar-Tigger	604	-	60	71578153	62255
chr16	71515898	71715898	harbor2	chr16	71613534	71613731	DNA/TcMar-Tigger	1231	-	98	71613632	97734
chr17	64733458	64933458	harbor2	chr17	64777923	64778240	DNA/TcMar-Tigger	1100	-	158	64778081	44623
chr17	64396792	64596792	harbor2	chr17	64416753	64416904	DNA/TcMar-Tigger	914	-	76	64416829	20037
chr17	64396792	64596792	harbor2	chr17	64416966	64417156	DNA/TcMar-Tigger	1022	-	95	64417061	20269
chr17	75354192	75554192	harbor2	chr17	75382379	75382574	DNA/TcMar-Tigger	852	-	98	75382477	28285
chr17	75354192	75554192	harbor2	chr17	75401982	75402286	DNA/TcMar-Tigger	1770	-	152	75402134	47942
chr17	82526221	82726221	harbor2	chr17	82531428	82531846	DNA/TcMar-Tigger	5039	-	209	82531637	5416
chr17	82526221	82726221	harbor2	chr17	82532444	82532586	DNA/TcMar-Tigger	5039	-	71	82532515	6294
chr17	82526221	82726221	harbor2	chr17	82532868	82533208	DNA/TcMar-Tigger	5039	-	170	82533038	6817
chr17	82526221	82726221	harbor2	chr17	82533501	82533755	DNA/TcMar-Tigger	5039	-	127	82533628	7407
chr17	82526221	82726221	harbor2	chr17	82544443	82544727	DNA/TcMar-Tigger	753	-	142	82544585	18364
chr17	82526221	82726221	harbor2	chr17	82590611	82590748	DNA/TcMar-Tigger	587	-	68	82590679	64458
chr17	47534150	47734150	harbor2	chr17	47553522	47553759	DNA/TcMar-Tigger	2045	-	118	47553640	19490
chr17	47534150	47734150	harbor2	chr17	47554340	47554369	DNA/TcMar-Tigger	2045	-	14	47554354	20204
chr17	47534150	47734150	harbor2	chr17	47554660	47555067	DNA/TcMar-Tigger	2265	-	204	47554864	20714
chr17	47534150	47734150	harbor2	chr17	47593585	47593882	DNA/TcMar-Tigger	2757	-	148	47593733	59583
chr17	47534150	47734150	harbor2	chr17	47594162	47594406	DNA/TcMar-Tigger	2757	-	122	47594284	60134
chr17	77593117	77793117	harbor2	chr17	77678723	77678938	DNA/TcMar-Tigger	1327	-	108	77678831	85714
chr17	77593117	77793117	harbor2	chr17	77679247	77679372	DNA/TcMar-Tigger	1327	-	62	77679309	86192
chr17	77593117	77793117	harbor2	chr17	77692157	77692556	DNA/TcMar-Tigger	2166	-	200	77692357	99240
chr17	75135961	75335961	harbor2	chr17	75222566	75222754	DNA/TcMar-Tigger	1781	-	94	75222660	86699
chr17	75135961	75335961	harbor2	chr17	75223055	75223235	DNA/TcMar-Tigger	1781	-	90	75223145	87184
chr17	77620535	77820535	harbor2	chr17	77678723	77678938	DNA/TcMar-Tigger	1327	-	108	77678831	58296
chr17	77620535	77820535	harbor2	chr17	77679247	77679372	DNA/TcMar-Tigger	1327	-	62	77679309	58774
chr17	77620535	77820535	harbor2	chr17	77692157	77692556	DNA/TcMar-Tigger	2166	-	200	77692357	71822
chr17	51588346	51788346	harbor2	chr17	51588395	51588752	DNA/TcMar-Tigger	2191	-	178	51588573	227
chr17	51588346	51788346	harbor2	chr17	51602920	51604356	DNA/TcMar-Tigger	9653	-	718	51603638	15292
chr17	51588346	51788346	harbor2	chr17	51665525	51665842	DNA/TcMar-Tigger	1774	-	158	51665683	77337
chr17	65289511	65489511	harbor2	chr17	65296717	65296862	DNA/TcMar-Tigger	960	-	72	65296789	7278
chr17	39469413	39669413	harbor2	chr17	39508020	39508262	DNA/TcMar-Tigger	984	-	121	39508141	38728
chr17	36928410	37128410	harbor2	chr17	37023790	37024143	DNA/TcMar-Tigger	1764	-	176	37023966	95556
chr17	82474370	82674370	harbor2	chr17	82531428	82531846	DNA/TcMar-Tigger	5039	-	209	82531637	57267
chr17	82474370	82674370	harbor2	chr17	82532444	82532586	DNA/TcMar-Tigger	5039	-	71	82532515	58145
chr17	82474370	82674370	harbor2	chr17	82532868	82533208	DNA/TcMar-Tigger	5039	-	170	82533038	58668
chr17	82474370	82674370	harbor2	chr17	82533501	82533755	DNA/TcMar-Tigger	5039	-	127	82533628	59258
chr17	82474370	82674370	harbor2	chr17	82544443	82544727	DNA/TcMar-Tigger	753	-	142	82544585	70215
chr17	49707633	49907633	harbor2	chr17	49744137	49744268	DNA/TcMar-Tigger	1678	-	66	49744203	36570
chr17	49707633	49907633	harbor2	chr17	49744620	49744733	DNA/TcMar-Tigger	1678	-	56	49744676	37043
chr17	49707633	49907633	harbor2	chr17	49745034	49745140	DNA/TcMar-Tigger	1678	-	53	49745087	37454
chr17	49707633	49907633	harbor2	chr17	49757631	49757956	DNA/TcMar-Tigger	671	-	162	49757793	50160
chr17	49707633	49907633	harbor2	chr17	49765238	49765513	DNA/TcMar-Tigger	639	-	138	49765376	57743
chr17	32320889	32520889	harbor2	chr17	32387723	32387876	DNA/TcMar-Tigger	930	-	76	32387799	66910
chr17	32320889	32520889	harbor2	chr17	32388492	32388700	DNA/TcMar-Tigger	1057	-	104	32388596	67707
chr17	76834271	77034271	harbor2	chr17	76927738	76928062	DNA/TcMar-Tigger	605	-	162	76927900	93629
chr17	79966667	80166667	harbor2	chr17	79973112	79973290	DNA/TcMar-Tigger	2234	-	89	79973201	6534
chr17	79966667	80166667	harbor2	chr17	79973875	79974238	DNA/TcMar-Tigger	2234	-	182	79974057	7390
chr17	79966667	80166667	harbor2	chr17	79974538	79974615	DNA/TcMar-Tigger	2234	-	38	79974576	7909
chr17	60875080	61075080	harbor2	chr17	60925793	60926187	DNA/TcMar-Tigger	1761	-	197	60925990	50910
chr17	73638169	73838169	harbor2	chr17	73699622	73699952	DNA/TcMar-Tigger	15133	-	165	73699787	61618
chr17	73638169	73838169	harbor2	chr17	73700261	73701507	DNA/TcMar-Tigger	15133	-	623	73700884	62715
chr17	73638169	73838169	harbor2	chr17	73701809	73702304	DNA/TcMar-Tigger	15133	-	248	73702057	63888
chr17	73638169	73838169	harbor2	chr17	73702339	73702513	DNA/TcMar-Tigger	15133	-	87	73702426	64257
chr17	73638169	73838169	harbor2	chr17	73702818	73703017	DNA/TcMar-Tigger	15133	-	100	73702918	64749
chr17	74733557	74933557	harbor2	chr17	74802564	74802792	DNA/TcMar-Tigger	1279	-	114	74802678	69121
chr17	79333994	79533994	harbor2	chr17	79431197	79431318	DNA/TcMar-Tigger	558	-	60	79431257	97263
chr17	59228891	59428891	harbor2	chr17	59326063	59326167	DNA/TcMar-Tigger	627	-	52	59326115	97224
chr17	59228891	59428891	harbor2	chr17	59326471	59326657	DNA/TcMar-Tigger	627	-	93	59326564	97673
chr17	79351217	79551217	harbor2	chr17	79431197	79431318	DNA/TcMar-Tigger	558	-	60	79431257	80040
chr17	79351217	79551217	harbor2	chr17	79433735	79434355	DNA/TcMar-Tigger	3117	-	310	79434045	82828
chr17	9262632	9462632	harbor2	chr17	9345755	9345848	DNA/TcMar-Tigger	571	-	46	9345801	83169
chr17	9262632	9462632	harbor2	chr17	9348876	9349003	DNA/TcMar-Tigger	1805	-	64	9348940	86308
chr17	9262632	9462632	harbor2	chr17	9349297	9349307	DNA/TcMar-Tigger	1805	-	5	9349302	86670
chr17	9262632	9462632	harbor2	chr17	9349621	9349829	DNA/TcMar-Tigger	1805	-	104	9349725	87093
chr17	9262632	9462632	harbor2	chr17	9350031	9350407	DNA/TcMar-Tigger	2323	-	188	9350219	87587
chr17	70979984	71179984	harbor2	chr17	71069158	71070089	DNA/TcMar-Tigger	5575	-	466	71069624	89640
chr17	70979984	71179984	harbor2	chr17	71070453	71070709	DNA/TcMar-Tigger	1411	-	128	71070581	90597
chr17	45936705	46136705	harbor2	chr17	45960224	45960511	DNA/TcMar-Tigger	639	-	144	45960368	23663
chr17	44309104	44509104	harbor2	chr17	44346675	44346833	DNA/TcMar-Tigger	1062	-	79	44346754	37650
chr17	44309104	44509104	harbor2	chr17	44347145	44347230	DNA/TcMar-Tigger	1062	-	42	44347187	38083
chr17	74137052	74337052	harbor2	chr17	74204528	74204706	DNA/TcMar-Tigger	891	-	89	74204617	67565
chr17	74137052	74337052	harbor2	chr17	74204985	74205076	DNA/TcMar-Tigger	891	-	46	74205031	67979
chr17	53511252	53711252	harbor2	chr17	53514144	53514472	DNA/TcMar-Tigger	1317	-	164	53514308	3056
chr17	53511252	53711252	harbor2	chr17	53519514	53521270	DNA/TcMar-Tigger	13590	-	878	53520392	9140
chr17	53511252	53711252	harbor2	chr17	53521316	53521963	DNA/TcMar-Tigger	13590	-	324	53521640	10388
chr17	53511252	53711252	harbor2	chr17	53534530	53534847	DNA/TcMar-Tigger	1574	-	158	53534688	23436
chr17	45855500	46055500	harbor2	chr17	45872263	45872559	DNA/TcMar-Tigger	3101	-	148	45872411	16911
chr17	45855500	46055500	harbor2	chr17	45872872	45872951	DNA/TcMar-Tigger	3101	-	40	45872912	17412
chr17	45855500	46055500	harbor2	chr17	45873273	45873561	DNA/TcMar-Tigger	3101	-	144	45873417	17917
chr17	45855500	46055500	harbor2	chr17	45878228	45878497	DNA/TcMar-Tigger	6780	-	134	45878362	22862
chr17	45855500	46055500	harbor2	chr17	45878803	45878939	DNA/TcMar-Tigger	6780	-	68	45878871	23371
chr17	45855500	46055500	harbor2	chr17	45879240	45879816	DNA/TcMar-Tigger	6780	-	288	45879528	24028
chr17	45855500	46055500	harbor2	chr17	45880109	45880320	DNA/TcMar-Tigger	6780	-	106	45880215	24715
chr17	45855500	46055500	harbor2	chr17	45901592	45902072	DNA/TcMar-Tigger	921	-	240	45901832	46332
chr17	45855500	46055500	harbor2	chr17	45902370	45902458	DNA/TcMar-Tigger	921	-	44	45902414	46914
chr17	61631075	61831075	harbor2	chr17	61718766	61719096	DNA/TcMar-Tigger	1933	-	165	61718931	87856
chr17	45570687	45770687	harbor2	chr17	45596749	45597043	DNA/TcMar-Tigger	970	-	147	45596896	26209
chr17	45570687	45770687	harbor2	chr17	45627801	45627821	DNA/TcMar-Tigger	1185	-	10	45627811	57124
chr17	45570687	45770687	harbor2	chr17	45628369	45628578	DNA/TcMar-Tigger	1185	-	104	45628473	57786
chr17	52958646	53158646	harbor2	chr17	53034639	53034857	DNA/TcMar-Tigger	748	-	109	53034748	76102
chr17	73944461	74144461	harbor2	chr17	74018669	74018750	DNA/TcMar-Tigger	2243	-	40	74018709	74248
chr17	73944461	74144461	harbor2	chr17	74019058	74019685	DNA/TcMar-Tigger	2243	-	314	74019372	74911
chr17	82487145	82687145	harbor2	chr17	82531428	82531846	DNA/TcMar-Tigger	5039	-	209	82531637	44492
chr17	82487145	82687145	harbor2	chr17	82532444	82532586	DNA/TcMar-Tigger	5039	-	71	82532515	45370
chr17	82487145	82687145	harbor2	chr17	82532868	82533208	DNA/TcMar-Tigger	5039	-	170	82533038	45893
chr17	82487145	82687145	harbor2	chr17	82533501	82533755	DNA/TcMar-Tigger	5039	-	127	82533628	46483
chr17	82487145	82687145	harbor2	chr17	82544443	82544727	DNA/TcMar-Tigger	753	-	142	82544585	57440
chr17	46731429	46931429	harbor2	chr17	46750360	46750563	DNA/TcMar-Tigger	1373	-	102	46750462	19033
chr17	46731429	46931429	harbor2	chr17	46810944	46811286	DNA/TcMar-Tigger	713	-	171	46811115	79686
chr17	79174182	79374182	harbor2	chr17	79196701	79196951	DNA/TcMar-Tigger	827	-	125	79196826	22644
chr17	56826994	57026994	harbor2	chr17	56852838	56853072	DNA/TcMar-Tigger	1490	-	117	56852955	25961
chr17	53827955	54027955	harbor2	chr17	53884183	53885917	DNA/TcMar-Tigger	10057	-	867	53885050	57095
chr17	53827955	54027955	harbor2	chr17	53888846	53889387	DNA/TcMar-Tigger	2724	-	270	53889116	61161
chr17	53827955	54027955	harbor2	chr17	53886345	53886995	DNA/TcMar-Tigger	3786	-	325	53886670	58715
chr17	79347960	79547960	harbor2	chr17	79431197	79431318	DNA/TcMar-Tigger	558	-	60	79431257	83297
chr17	79347960	79547960	harbor2	chr17	79433735	79434355	DNA/TcMar-Tigger	3117	-	310	79434045	86085
chr17	68359538	68559538	harbor2	chr17	68362576	68362775	DNA/TcMar-Tigger	1053	-	100	68362676	3138
chr17	51922007	52122007	harbor2	chr17	51928037	51928288	DNA/TcMar-Tigger	1234	-	126	51928163	6156
chr17	51922007	52122007	harbor2	chr17	52005086	52005331	DNA/TcMar-Tigger	854	-	122	52005208	83201
chr17	51922007	52122007	harbor2	chr17	52013748	52013846	DNA/TcMar-Tigger	570	-	49	52013797	91790
chr17	70362518	70562518	harbor2	chr17	70457961	70458441	DNA/TcMar-Tigger	3778	-	240	70458201	95683
chr17	70362518	70562518	harbor2	chr17	70458808	70458953	DNA/TcMar-Tigger	3778	-	72	70458880	96362
chr17	73115608	73315608	harbor2	chr17	73132224	73132394	DNA/TcMar-Tigger	501	-	85	73132309	16701
chr17	49439195	49639195	harbor2	chr17	49536520	49536794	DNA/TcMar-Tigger	1594	-	137	49536657	97462
chr17	49439195	49639195	harbor2	chr17	49537756	49539582	DNA/TcMar-Tigger	6327	-	913	49538669	99474
chr17	59512034	59712034	harbor2	chr17	59563132	59563201	DNA/TcMar-Tigger	1849	-	34	59563166	51132
chr17	59512034	59712034	harbor2	chr17	59563502	59563861	DNA/TcMar-Tigger	1849	-	180	59563682	51648
chr17	59512034	59712034	harbor2	chr17	59568431	59568755	DNA/TcMar-Tigger	1587	-	162	59568593	56559
chr17	69627362	69827362	harbor2	chr17	69701983	69702472	DNA/TcMar-Tigger	2360	-	244	69702227	74865
chr17	67847044	68047044	harbor2	chr17	67864706	67864797	DNA/TcMar-Tigger	1136	-	46	67864752	17708
chr17	67847044	68047044	harbor2	chr17	67865106	67865238	DNA/TcMar-Tigger	1136	-	66	67865172	18128
chr17	67847044	68047044	harbor2	chr17	67866788	67867103	DNA/TcMar-Tigger	1615	-	158	67866946	19902
chr17	67847044	68047044	harbor2	chr17	67868359	67868536	DNA/TcMar-Tigger	797	-	88	67868447	21403
chr17	72760985	72960985	harbor2	chr17	72848861	72849277	DNA/TcMar-Tigger	2456	-	208	72849069	88084
chr17	64411574	64611574	harbor2	chr17	64416753	64416904	DNA/TcMar-Tigger	914	-	76	64416829	5255
chr17	64411574	64611574	harbor2	chr17	64416966	64417156	DNA/TcMar-Tigger	1022	-	95	64417061	5487
chr17	54002434	54202434	harbor2	chr17	54048604	54048736	DNA/TcMar-Tigger	681	-	66	54048670	46236
chr17	13411141	13611141	harbor2	chr17	13421030	13421361	DNA/TcMar-Tigger	1627	-	166	13421196	10055
chr17	13411141	13611141	harbor2	chr17	13431734	13432038	DNA/TcMar-Tigger	1137	-	152	13431886	20745
chr17	16095547	16295547	harbor2	chr17	16166102	16166398	DNA/TcMar-Tigger	1590	-	148	16166250	70703
chr17	16095547	16295547	harbor2	chr17	16166699	16167111	DNA/TcMar-Tigger	1590	-	206	16166905	71358
chr17	75589279	75789279	harbor2	chr17	75645476	75645727	DNA/TcMar-Tigger	874	-	126	75645602	56323
chr17	75589279	75789279	harbor2	chr17	75660371	75660636	DNA/TcMar-Tigger	559	-	132	75660503	71224
chr17	75589279	75789279	harbor2	chr17	75663135	75663577	DNA/TcMar-Tigger	1636	-	221	75663356	74077
chr17	75589279	75789279	harbor2	chr17	75678228	75678463	DNA/TcMar-Tigger	1148	-	118	75678346	89067
chr17	75589279	75789279	harbor2	chr17	75678495	75678549	DNA/TcMar-Tigger	1148	-	27	75678522	89243
chr17	69966224	70166224	harbor2	chr17	70056166	70056480	DNA/TcMar-Tigger	902	-	157	70056323	90099
chr17	69162284	69362284	harbor2	chr17	69175736	69175831	DNA/TcMar-Tigger	622	-	48	69175784	13500
chr17	69162284	69362284	harbor2	chr17	69175834	69176089	DNA/TcMar-Tigger	1561	-	128	69175962	13678
chr17	69162284	69362284	harbor2	chr17	69176735	69176882	DNA/TcMar-Tigger	961	-	74	69176809	14525
chr17	69162284	69362284	harbor2	chr17	69209681	69209993	DNA/TcMar-Tigger	1657	-	156	69209837	47553
chr17	69162284	69362284	harbor2	chr17	69243251	69243539	DNA/TcMar-Tigger	1395	-	144	69243395	81111
chr17	48024005	48224005	harbor2	chr17	48063206	48063440	DNA/TcMar-Tigger	1219	-	117	48063323	39318
chr17	70069375	70269375	harbor2	chr17	70073367	70073835	DNA/TcMar-Tigger	1233	-	234	70073601	4226
chr17	68893890	69093890	harbor2	chr17	68900897	68901251	DNA/TcMar-Tigger	1627	-	177	68901074	7184
chr17	68105019	68305019	harbor2	chr17	68123113	68123252	DNA/TcMar-Tigger	699	-	70	68123183	18164
chr17	68105019	68305019	harbor2	chr17	68139283	68139578	DNA/TcMar-Tigger	1042	-	148	68139431	34412
chr17	42457674	42657674	harbor2	chr17	42463681	42464106	DNA/TcMar-Tigger	2624	-	212	42463893	6219
chr17	29255173	29455173	harbor2	chr17	29272651	29272827	DNA/TcMar-Tigger	687	-	88	29272739	17566
chr17	29255173	29455173	harbor2	chr17	29321532	29321646	DNA/TcMar-Tigger	816	-	57	29321589	66416
chr17	29255173	29455173	harbor2	chr17	29321949	29322030	DNA/TcMar-Tigger	816	-	40	29321989	66816
chr17	29255173	29455173	harbor2	chr17	29322175	29322604	DNA/TcMar-Tigger	2360	-	214	29322389	67216
chr17	29255173	29455173	harbor2	chr17	29351289	29351608	DNA/TcMar-Tigger	1712	-	160	29351449	96276
chr17	40950820	41150820	harbor2	chr17	40970127	40970460	DNA/TcMar-Tigger	1791	-	166	40970293	19473
chr17	40950820	41150820	harbor2	chr17	41022119	41022333	DNA/TcMar-Tigger	1137	-	107	41022226	71406
chr17	59131980	59331980	harbor2	chr17	59138266	59138422	DNA/TcMar-Tigger	582	-	78	59138344	6364
chr17	73148530	73348530	harbor2	chr17	73245720	73246252	DNA/TcMar-Tigger	659	-	266	73245986	97456
chr17	73148530	73348530	harbor2	chr17	73246552	73246785	DNA/TcMar-Tigger	659	-	116	73246668	98138
chr17	27938244	28138244	harbor2	chr17	27945777	27946009	DNA/TcMar-Tigger	935	-	116	27945893	7649
chr17	27938244	28138244	harbor2	chr17	27946138	27946335	DNA/TcMar-Tigger	498	-	98	27946236	7992
chr17	27938244	28138244	harbor2	chr17	28008849	28009341	DNA/TcMar-Tigger	1265	-	246	28009095	70851
chr17	82921146	83121146	harbor2	chr17	82950575	82950987	DNA/TcMar-Tigger	2143	-	206	82950781	29635
chr17	82921146	83121146	harbor2	chr17	82951127	82951886	DNA/TcMar-Tigger	4064	-	380	82951507	30361
chr17	82921146	83121146	harbor2	chr17	82951904	82952094	DNA/TcMar-Tigger	595	-	95	82951999	30853
chr17	82921146	83121146	harbor2	chr17	82981773	82982024	DNA/TcMar-Tigger	1393	-	126	82981899	60753
chr17	82921146	83121146	harbor2	chr17	82982242	82982365	DNA/TcMar-Tigger	638	-	62	82982304	61158
chr17	82921146	83121146	harbor2	chr17	82999414	82999939	DNA/TcMar-Tigger	3428	-	262	82999676	78530
chr17	82921146	83121146	harbor2	chr17	83000261	83000793	DNA/TcMar-Tigger	2267	-	266	83000527	79381
chr17	76537788	76737788	harbor2	chr17	76575880	76575962	DNA/TcMar-Tigger	1751	-	41	76575921	38133
chr17	76537788	76737788	harbor2	chr17	76576272	76576688	DNA/TcMar-Tigger	1751	-	208	76576480	38692
chr17	76537788	76737788	harbor2	chr17	76576986	76577045	DNA/TcMar-Tigger	1751	-	30	76577016	39228
chr17	73956592	74156592	harbor2	chr17	74018669	74018750	DNA/TcMar-Tigger	2243	-	40	74018709	62117
chr17	73956592	74156592	harbor2	chr17	74019058	74019685	DNA/TcMar-Tigger	2243	-	314	74019372	62780
chr17	72791413	72991413	harbor2	chr17	72848861	72849277	DNA/TcMar-Tigger	2456	-	208	72849069	57656
chr17	50633840	50833840	harbor2	chr17	50728966	50729755	DNA/TcMar-Tigger	4328	-	394	50729360	95520
chr17	82504233	82704233	harbor2	chr17	82531428	82531846	DNA/TcMar-Tigger	5039	-	209	82531637	27404
chr17	82504233	82704233	harbor2	chr17	82532444	82532586	DNA/TcMar-Tigger	5039	-	71	82532515	28282
chr17	82504233	82704233	harbor2	chr17	82532868	82533208	DNA/TcMar-Tigger	5039	-	170	82533038	28805
chr17	82504233	82704233	harbor2	chr17	82533501	82533755	DNA/TcMar-Tigger	5039	-	127	82533628	29395
chr17	82504233	82704233	harbor2	chr17	82544443	82544727	DNA/TcMar-Tigger	753	-	142	82544585	40352
chr17	82504233	82704233	harbor2	chr17	82590611	82590748	DNA/TcMar-Tigger	587	-	68	82590679	86446
chr17	82563756	82763756	harbor2	chr17	82590611	82590748	DNA/TcMar-Tigger	587	-	68	82590679	26923
chr17	73364717	73564717	harbor2	chr17	73405601	73405721	DNA/TcMar-Tigger	1624	-	60	73405661	40944
chr17	73364717	73564717	harbor2	chr17	73406023	73406240	DNA/TcMar-Tigger	1624	-	108	73406131	41414
chr17	64363021	64563021	harbor2	chr17	64416753	64416904	DNA/TcMar-Tigger	914	-	76	64416829	53808
chr17	64363021	64563021	harbor2	chr17	64416966	64417156	DNA/TcMar-Tigger	1022	-	95	64417061	54040
chr17	57321430	57521430	harbor2	chr17	57361104	57361318	DNA/TcMar-Tigger	2246	-	107	57361211	39781
chr17	57321430	57521430	harbor2	chr17	57361630	57361836	DNA/TcMar-Tigger	2246	-	103	57361733	40303
chr17	65643697	65843697	harbor2	chr17	65695990	65696502	DNA/TcMar-Tigger	1255	-	256	65696246	52549
chr17	65643697	65843697	harbor2	chr17	65716578	65716719	DNA/TcMar-Tigger	579	-	70	65716648	72951
chr17	65643697	65843697	harbor2	chr17	65728630	65729245	DNA/TcMar-Tigger	2866	-	308	65728938	85241
chr17	65643697	65843697	harbor2	chr17	65731204	65733538	DNA/TcMar-Tigger	14988	-	1167	65732371	88674
chr17	73127139	73327139	harbor2	chr17	73132224	73132394	DNA/TcMar-Tigger	501	-	85	73132309	5170
chr17	50302361	50502361	harbor2	chr17	50321654	50321847	DNA/TcMar-Tigger	1072	-	96	50321750	19389
chr17	50302361	50502361	harbor2	chr17	50322169	50322304	DNA/TcMar-Tigger	1072	-	68	50322237	19876
chr17	50302361	50502361	harbor2	chr17	50386376	50386620	DNA/TcMar-Tigger	540	-	122	50386498	84137
chr17	75344412	75544412	harbor2	chr17	75353205	75353412	DNA/TcMar-Tigger	1013	-	104	75353309	8897
chr17	75344412	75544412	harbor2	chr17	75382379	75382574	DNA/TcMar-Tigger	852	-	98	75382477	38065
chr17	75344412	75544412	harbor2	chr17	75401982	75402286	DNA/TcMar-Tigger	1770	-	152	75402134	57722
chr17	79421133	79621133	harbor2	chr17	79431197	79431318	DNA/TcMar-Tigger	558	-	60	79431257	10124
chr17	79421133	79621133	harbor2	chr17	79433735	79434355	DNA/TcMar-Tigger	3117	-	310	79434045	12912
chr17	51959180	52159180	harbor2	chr17	52005086	52005331	DNA/TcMar-Tigger	854	-	122	52005208	46028
chr17	51959180	52159180	harbor2	chr17	52013748	52013846	DNA/TcMar-Tigger	570	-	49	52013797	54617
chr17	61808713	62008713	harbor2	chr17	61904782	61904946	DNA/TcMar-Tigger	1821	-	82	61904864	96151
chr17	61808713	62008713	harbor2	chr17	61905241	61905323	DNA/TcMar-Tigger	1821	-	41	61905282	96569
chr17	61808713	62008713	harbor2	chr17	61905626	61905688	DNA/TcMar-Tigger	1821	-	31	61905657	96944
chr17	61808713	62008713	harbor2	chr17	61905997	61906638	DNA/TcMar-Tigger	1821	-	320	61906317	97604
chr17	72820192	73020192	harbor2	chr17	72848861	72849277	DNA/TcMar-Tigger	2456	-	208	72849069	28877
chr17	78735269	78935269	harbor2	chr17	78737136	78737455	DNA/TcMar-Tigger	1682	-	160	78737296	2027
chr17	78735269	78935269	harbor2	chr17	78750477	78750527	DNA/TcMar-Tigger	3076	-	25	78750502	15233
chr17	78735269	78935269	harbor2	chr17	78750822	78750988	DNA/TcMar-Tigger	3076	-	83	78750905	15636
chr17	78735269	78935269	harbor2	chr17	78751279	78751735	DNA/TcMar-Tigger	3076	-	228	78751507	16238
chr17	78735269	78935269	harbor2	chr17	78763430	78763768	DNA/TcMar-Tigger	1617	-	169	78763599	28330
chr17	49459931	49659931	harbor2	chr17	49536520	49536794	DNA/TcMar-Tigger	1594	-	137	49536657	76726
chr17	49459931	49659931	harbor2	chr17	49537756	49539582	DNA/TcMar-Tigger	6327	-	913	49538669	78738
chr17	61628646	61828646	harbor2	chr17	61718766	61719096	DNA/TcMar-Tigger	1933	-	165	61718931	90285
chr17	27603443	27803443	harbor2	chr17	27640144	27640404	DNA/TcMar-Tigger	560	-	130	27640274	36831
chr17	28620592	28820592	harbor2	chr17	28641055	28641338	DNA/TcMar-Tigger	1094	-	142	28641197	20605
chr18	57174368	57374368	harbor2	chr18	57265745	57266066	DNA/TcMar-Tigger	1842	-	160	57265905	91537
chr18	66966485	67166485	harbor2	chr18	67008290	67009706	DNA/TcMar-Tigger	8287	-	708	67008998	42513
chr18	62249951	62449951	harbor2	chr18	62269341	62269849	DNA/TcMar-Tigger	3423	-	254	62269595	19644
chr18	62249951	62449951	harbor2	chr18	62290773	62291368	DNA/TcMar-Tigger	1183	-	298	62291071	41120
chr18	38721815	38921815	harbor2	chr18	38773096	38773594	DNA/TcMar-Tigger	3034	-	249	38773345	51530
chr18	38721815	38921815	harbor2	chr18	38780235	38780595	DNA/TcMar-Tigger	1829	-	180	38780415	58600
chr18	61209030	61409030	harbor2	chr18	61261205	61261461	DNA/TcMar-Tigger	1282	-	128	61261333	52303
chr18	61209030	61409030	harbor2	chr18	61261775	61262105	DNA/TcMar-Tigger	1282	-	165	61261940	52910
chr18	44214395	44414395	harbor2	chr18	44218667	44218880	DNA/TcMar-Tigger	1206	-	106	44218773	4378
chr18	44214395	44414395	harbor2	chr18	44220082	44220181	DNA/TcMar-Tigger	496	-	50	44220132	5737
chr18	44214395	44414395	harbor2	chr18	44263312	44263605	DNA/TcMar-Tigger	1639	-	146	44263458	49063
chr18	76819366	77019366	harbor2	chr18	76918243	76918428	DNA/TcMar-Tigger	1080	-	92	76918335	98969
chr18	62838927	63038927	harbor2	chr18	62859927	62860291	DNA/TcMar-Tigger	1398	-	182	62860109	21182
chr18	62838927	63038927	harbor2	chr18	62873733	62873902	DNA/TcMar-Tigger	2606	-	84	62873817	34890
chr18	62838927	63038927	harbor2	chr18	62874201	62874225	DNA/TcMar-Tigger	2606	-	12	62874213	35286
chr18	62838927	63038927	harbor2	chr18	62874526	62874657	DNA/TcMar-Tigger	2606	-	66	62874592	35665
chr18	62838927	63038927	harbor2	chr18	62874693	62874926	DNA/TcMar-Tigger	2606	-	116	62874809	35882
chr18	62838927	63038927	harbor2	chr18	62883687	62883944	DNA/TcMar-Tigger	636	-	128	62883815	44888
chr18	35912189	36112189	harbor2	chr18	35913412	35913636	DNA/TcMar-Tigger	434	-	112	35913524	1335
chr18	35912189	36112189	harbor2	chr18	35921291	35921541	DNA/TcMar-Tigger	724	-	125	35921416	9227
chr18	58692434	58892434	harbor2	chr18	58699505	58699700	DNA/TcMar-Tigger	914	-	98	58699603	7169
chr18	58692434	58892434	harbor2	chr18	58749132	58749224	DNA/TcMar-Tigger	427	-	46	58749178	56744
chr18	58692434	58892434	harbor2	chr18	58749484	58749686	DNA/TcMar-Tigger	1130	-	101	58749585	57151
chr18	70671600	70871600	harbor2	chr18	70674608	70674928	DNA/TcMar-Tigger	1609	-	160	70674768	3168
chr18	70671600	70871600	harbor2	chr18	70698256	70698569	DNA/TcMar-Tigger	1690	-	156	70698412	26812
chr18	78010560	78210560	harbor2	chr18	78049890	78050196	DNA/TcMar-Tigger	1441	-	153	78050043	39483
chr18	43872668	44072668	harbor2	chr18	43906803	43907464	DNA/TcMar-Tigger	2706	-	330	43907133	34465
chr18	71884762	72084762	harbor2	chr18	71963190	71963278	DNA/TcMar-Tigger	512	-	44	71963234	78472
chr18	71884762	72084762	harbor2	chr18	71963290	71963400	DNA/TcMar-Tigger	921	-	55	71963345	78583
chr18	71884762	72084762	harbor2	chr18	71963762	71963882	DNA/TcMar-Tigger	921	-	60	71963822	79060
chr18	80037360	80237360	harbor2	chr18	80081742	80082219	DNA/TcMar-Tigger	2572	-	238	80081980	44620
chr18	50245482	50445482	harbor2	chr18	50277967	50278071	DNA/TcMar-Tigger	596	-	52	50278019	32537
chr18	50245482	50445482	harbor2	chr18	50278070	50278346	DNA/TcMar-Tigger	1594	-	138	50278208	32726
chr18	50245482	50445482	harbor2	chr18	50278690	50279777	DNA/TcMar-Tigger	5178	-	544	50279234	33752
chr18	80141935	80341935	harbor2	chr18	80187761	80188062	DNA/TcMar-Tigger	1272	-	150	80187911	45976
chr18	80141935	80341935	harbor2	chr18	80199091	80199233	DNA/TcMar-Tigger	619	-	71	80199162	57227
chr18	48857021	49057021	harbor2	chr18	48873115	48873340	DNA/TcMar-Tigger	594	-	112	48873227	16206
chr18	48857021	49057021	harbor2	chr18	48905887	48906360	DNA/TcMar-Tigger	2570	-	236	48906123	49102
chr18	58317494	58517494	harbor2	chr18	58412835	58413088	DNA/TcMar-Tigger	1093	-	126	58412961	95467
chr19	46561870	46761870	harbor2	chr19	46586435	46586767	DNA/TcMar-Tigger	2082	-	166	46586601	24731
chr19	56771555	56971555	harbor2	chr19	56796136	56796398	DNA/TcMar-Tigger	1368	-	131	56796267	24712
chr19	36843405	37043405	harbor2	chr19	36918308	36918599	DNA/TcMar-Tigger	1239	-	146	36918454	75049
chr19	46287890	46487890	harbor2	chr19	46369107	46369362	DNA/TcMar-Tigger	4861	-	128	46369235	81345
chr19	46287890	46487890	harbor2	chr19	46369951	46370597	DNA/TcMar-Tigger	4861	-	323	46370274	82384
chr19	57475227	57675227	harbor2	chr19	57529229	57529452	DNA/TcMar-Tigger	1122	-	112	57529341	54114
chr19	57475227	57675227	harbor2	chr19	57531400	57531956	DNA/TcMar-Tigger	3033	-	278	57531678	56451
chr19	57475227	57675227	harbor2	chr19	57536190	57536520	DNA/TcMar-Tigger	1617	-	165	57536355	61128
chr19	47578098	47778098	harbor2	chr19	47579733	47579972	DNA/TcMar-Tigger	1721	-	120	47579853	1755
chr19	47578098	47778098	harbor2	chr19	47580284	47580383	DNA/TcMar-Tigger	1721	-	50	47580334	2236
chr19	47578098	47778098	harbor2	chr19	47624326	47624542	DNA/TcMar-Tigger	1142	-	108	47624434	46336
chr19	47578098	47778098	harbor2	chr19	47677794	47678075	DNA/TcMar-Tigger	740	-	140	47677934	99836
chr19	54095288	54295288	harbor2	chr19	54170480	54170608	DNA/TcMar-Tigger	685	-	64	54170544	75256
chr19	49891845	50091845	harbor2	chr19	49945270	49945413	DNA/TcMar-Tigger	625	-	72	49945342	53497
chr19	49891845	50091845	harbor2	chr19	49974345	49974573	DNA/TcMar-Tigger	1095	-	114	49974459	82614
chr19	49891845	50091845	harbor2	chr19	49981114	49981264	DNA/TcMar-Tigger	945	-	75	49981189	89344
chr19	49891845	50091845	harbor2	chr19	49981568	49981644	DNA/TcMar-Tigger	945	-	38	49981606	89761
chr19	49891845	50091845	harbor2	chr19	49982443	49982741	DNA/TcMar-Tigger	1162	-	149	49982592	90747
chr19	44267578	44467578	harbor2	chr19	44307188	44307364	DNA/TcMar-Tigger	1977	-	88	44307276	39698
chr19	44267578	44467578	harbor2	chr19	44307602	44307864	DNA/TcMar-Tigger	1977	-	131	44307733	40155
chr19	44267578	44467578	harbor2	chr19	44311168	44311331	DNA/TcMar-Tigger	4434	-	82	44311250	43672
chr19	44267578	44467578	harbor2	chr19	44311619	44312174	DNA/TcMar-Tigger	4434	-	278	44311897	44319
chr19	56725937	56925937	harbor2	chr19	56796136	56796398	DNA/TcMar-Tigger	1368	-	131	56796267	70330
chr19	55214824	55414824	harbor2	chr19	55232850	55233147	DNA/TcMar-Tigger	1540	-	148	55232998	18174
chr19	57383039	57583039	harbor2	chr19	57421918	57422319	DNA/TcMar-Tigger	4209	-	200	57422118	39079
chr19	57383039	57583039	harbor2	chr19	57422624	57423331	DNA/TcMar-Tigger	4209	-	354	57422978	39939
chr19	57383039	57583039	harbor2	chr19	57446633	57447435	DNA/TcMar-Tigger	4141	-	401	57447034	63995
chr19	57383039	57583039	harbor2	chr19	57448036	57448226	DNA/TcMar-Tigger	848	-	95	57448131	65092
chr19	58201656	58401656	harbor2	chr19	58235057	58235422	DNA/TcMar-Tigger	1606	-	182	58235239	33583
chr19	48534724	48734724	harbor2	chr19	48535375	48535508	DNA/TcMar-Tigger	636	-	66	48535441	717
chr19	48534724	48734724	harbor2	chr19	48536333	48536535	DNA/TcMar-Tigger	1244	-	101	48536434	1710
chr19	49840121	50040121	harbor2	chr19	49847561	49847628	DNA/TcMar-Tigger	833	-	34	49847595	7474
chr19	49840121	50040121	harbor2	chr19	49847982	49848095	DNA/TcMar-Tigger	833	-	56	49848038	7917
chr19	49840121	50040121	harbor2	chr19	49848388	49848565	DNA/TcMar-Tigger	833	-	88	49848476	8355
chr19	49840121	50040121	harbor2	chr19	49848862	49848954	DNA/TcMar-Tigger	833	-	46	49848908	8787
chr19	46685707	46885707	harbor2	chr19	46770099	46770173	DNA/TcMar-Tigger	1545	-	37	46770136	84429
chr19	46685707	46885707	harbor2	chr19	46770761	46771218	DNA/TcMar-Tigger	1545	-	228	46770989	85282
chr19	46685707	46885707	harbor2	chr19	46771813	46771836	DNA/TcMar-Tigger	1545	-	12	46771825	86118
chr19	42033357	42233357	harbor2	chr19	42097135	42097184	DNA/TcMar-Tigger	637	-	24	42097159	63802
chr19	42033357	42233357	harbor2	chr19	42098103	42098131	DNA/TcMar-Tigger	637	-	14	42098117	64760
chr19	42033357	42233357	harbor2	chr19	42098443	42098696	DNA/TcMar-Tigger	637	-	126	42098569	65212
chr19	46322935	46522935	harbor2	chr19	46369107	46369362	DNA/TcMar-Tigger	4861	-	128	46369235	46300
chr19	46322935	46522935	harbor2	chr19	46369951	46370597	DNA/TcMar-Tigger	4861	-	323	46370274	47339
chr19	16845689	17045689	harbor2	chr19	16917867	16917991	DNA/TcMar-Tigger	1630	-	62	16917929	72240
chr19	16845689	17045689	harbor2	chr19	16918295	16918442	DNA/TcMar-Tigger	1630	-	74	16918369	72680
chr19	16845689	17045689	harbor2	chr19	16918746	16918831	DNA/TcMar-Tigger	1630	-	42	16918788	73099
chr19	56291581	56491581	harbor2	chr19	56299550	56299758	DNA/TcMar-Tigger	1002	-	104	56299654	8073
chr19	56291581	56491581	harbor2	chr19	56311019	56311631	DNA/TcMar-Tigger	851	-	306	56311325	19744
chr19	56291581	56491581	harbor2	chr19	56322655	56322863	DNA/TcMar-Tigger	1184	-	104	56322759	31178
chr19	56291581	56491581	harbor2	chr19	56370368	56370582	DNA/TcMar-Tigger	1241	-	107	56370475	78894
chr19	56170944	56370944	harbor2	chr19	56230705	56231001	DNA/TcMar-Tigger	1599	-	148	56230853	59909
chr19	9984618	10184618	harbor2	chr19	9994609	9994907	DNA/TcMar-Tigger	1850	-	149	9994758	10140
chr19	9984618	10184618	harbor2	chr19	9995208	9995243	DNA/TcMar-Tigger	1850	-	18	9995226	10608
chr19	51850070	52050070	harbor2	chr19	51897078	51897275	DNA/TcMar-Tigger	847	-	98	51897176	47106
chr19	56152636	56352636	harbor2	chr19	56230705	56231001	DNA/TcMar-Tigger	1599	-	148	56230853	78217
chr19	46508923	46708923	harbor2	chr19	46586435	46586767	DNA/TcMar-Tigger	2082	-	166	46586601	77678
chr19	56699623	56899623	harbor2	chr19	56701612	56701922	DNA/TcMar-Tigger	1647	-	155	56701767	2144
chr19	56699623	56899623	harbor2	chr19	56796136	56796398	DNA/TcMar-Tigger	1368	-	131	56796267	96644
chr19	29756428	29956428	harbor2	chr19	29819877	29820268	DNA/TcMar-Tigger	1372	-	196	29820073	63645
chr19	29756428	29956428	harbor2	chr19	29820573	29820614	DNA/TcMar-Tigger	1372	-	20	29820593	64165
chr19	43014732	43214732	harbor2	chr19	43017196	43017352	DNA/TcMar-Tigger	712	-	78	43017274	2542
chr19	43014732	43214732	harbor2	chr19	43020194	43020420	DNA/TcMar-Tigger	917	-	113	43020307	5575
chr19	43014732	43214732	harbor2	chr19	43073777	43073939	DNA/TcMar-Tigger	833	-	81	43073858	59126
chr19	43014732	43214732	harbor2	chr19	43076772	43076998	DNA/TcMar-Tigger	952	-	113	43076885	62153
chr19	51886429	52086429	harbor2	chr19	51897078	51897275	DNA/TcMar-Tigger	847	-	98	51897176	10747
chr19	51886429	52086429	harbor2	chr19	51970363	51970569	DNA/TcMar-Tigger	1192	-	103	51970466	84037
chr19	46135097	46335097	harbor2	chr19	46142211	46142939	DNA/TcMar-Tigger	1631	-	364	46142575	7478
chr19	56690921	56890921	harbor2	chr19	56696219	56696538	DNA/TcMar-Tigger	1425	-	160	56696379	5458
chr19	56690921	56890921	harbor2	chr19	56701612	56701922	DNA/TcMar-Tigger	1647	-	155	56701767	10846
chr19	32605362	32805362	harbor2	chr19	32661666	32661894	DNA/TcMar-Tigger	1163	-	114	32661780	56418
chr19	43675817	43875817	harbor2	chr19	43710909	43710931	DNA/TcMar-Tigger	2722	-	11	43710920	35103
chr19	43675817	43875817	harbor2	chr19	43711241	43711620	DNA/TcMar-Tigger	2722	-	190	43711431	35614
chr19	43675817	43875817	harbor2	chr19	43748952	43749147	DNA/TcMar-Tigger	1024	-	98	43749050	73233
chr19	43675817	43875817	harbor2	chr19	43712225	43712699	DNA/TcMar-Tigger	2928	-	237	43712462	36645
chr19	58104899	58304899	harbor2	chr19	58107073	58107273	DNA/TcMar-Tigger	1339	-	100	58107173	2274
chr19	58104899	58304899	harbor2	chr19	58107577	58107640	DNA/TcMar-Tigger	1339	-	32	58107609	2710
chr19	58104899	58304899	harbor2	chr19	58192518	58192742	DNA/TcMar-Tigger	1631	-	112	58192630	87731
chr19	58104899	58304899	harbor2	chr19	58193030	58193123	DNA/TcMar-Tigger	1631	-	46	58193076	88177
chr19	42943932	43143932	harbor2	chr19	43017196	43017352	DNA/TcMar-Tigger	712	-	78	43017274	73342
chr19	42943932	43143932	harbor2	chr19	43020194	43020420	DNA/TcMar-Tigger	917	-	113	43020307	76375
chr19	34206756	34406756	harbor2	chr19	34229737	34229767	DNA/TcMar-Tigger	2002	-	15	34229752	22996
chr19	34206756	34406756	harbor2	chr19	34229899	34230209	DNA/TcMar-Tigger	2002	-	155	34230054	23298
chr19	34206756	34406756	harbor2	chr19	34289992	34290074	DNA/TcMar-Tigger	1361	-	41	34290033	83277
chr19	34206756	34406756	harbor2	chr19	34290379	34290492	DNA/TcMar-Tigger	1361	-	56	34290435	83679
chr19	34206756	34406756	harbor2	chr19	34290788	34290874	DNA/TcMar-Tigger	1361	-	43	34290831	84075
chr19	34206756	34406756	harbor2	chr19	34291208	34291273	DNA/TcMar-Tigger	1361	-	32	34291240	84484
chr19	56682102	56882102	harbor2	chr19	56689640	56689968	DNA/TcMar-Tigger	1706	-	164	56689804	7702
chr19	56682102	56882102	harbor2	chr19	56696219	56696538	DNA/TcMar-Tigger	1425	-	160	56696379	14277
chr19	56682102	56882102	harbor2	chr19	56701612	56701922	DNA/TcMar-Tigger	1647	-	155	56701767	19665
chr19	39466462	39666462	harbor2	chr19	39510305	39510554	DNA/TcMar-Tigger	1349	-	124	39510429	43967
chr19	53773422	53973422	harbor2	chr19	53846802	53846881	DNA/TcMar-Tigger	1559	-	40	53846842	73420
chr19	53773422	53973422	harbor2	chr19	53847192	53847395	DNA/TcMar-Tigger	1559	-	102	53847294	73872
chr19	57619136	57819136	harbor2	chr19	57632348	57632549	DNA/TcMar-Tigger	887	-	100	57632448	13312
chr19	57619136	57819136	harbor2	chr19	57632687	57632885	DNA/TcMar-Tigger	796	-	99	57632786	13650
chr19	57619136	57819136	harbor2	chr19	57657661	57658045	DNA/TcMar-Tigger	1534	-	192	57657853	38717
chr19	53480079	53680079	harbor2	chr19	53533798	53534019	DNA/TcMar-Tigger	1210	-	110	53533908	53829
chr19	40973208	41173208	harbor2	chr19	41003318	41003530	DNA/TcMar-Tigger	1243	-	106	41003424	30216
chr19	48339065	48539065	harbor2	chr19	48351866	48351966	DNA/TcMar-Tigger	1847	-	50	48351916	12851
chr19	48339065	48539065	harbor2	chr19	48352263	48352303	DNA/TcMar-Tigger	1847	-	20	48352283	13218
chr19	48339065	48539065	harbor2	chr19	48352917	48353140	DNA/TcMar-Tigger	1847	-	112	48353029	13964
chr19	42785587	42985587	harbor2	chr19	42846440	42846617	DNA/TcMar-Tigger	822	-	88	42846528	60941
chr19	42785587	42985587	harbor2	chr19	42849446	42849679	DNA/TcMar-Tigger	903	-	116	42849562	63975
chr19	42785587	42985587	harbor2	chr19	42870183	42870360	DNA/TcMar-Tigger	822	-	88	42870271	84684
chr19	42785587	42985587	harbor2	chr19	42873186	42873419	DNA/TcMar-Tigger	854	-	116	42873302	87715
chr19	37318424	37518424	harbor2	chr19	37416428	37416631	DNA/TcMar-Tigger	1118	-	102	37416530	98106
chr19	56040636	56240636	harbor2	chr19	56041314	56041666	DNA/TcMar-Tigger	2173	-	176	56041490	854
chr19	56040636	56240636	harbor2	chr19	56041972	56042234	DNA/TcMar-Tigger	2173	-	131	56042103	1467
chr19	56040636	56240636	harbor2	chr19	56060364	56060562	DNA/TcMar-Tigger	1096	-	99	56060463	19827
chr19	56040636	56240636	harbor2	chr19	56072844	56073213	DNA/TcMar-Tigger	3965	-	184	56073028	32392
chr19	56040636	56240636	harbor2	chr19	56073513	56073582	DNA/TcMar-Tigger	3965	-	34	56073547	32911
chr19	56040636	56240636	harbor2	chr19	56073894	56074255	DNA/TcMar-Tigger	3965	-	180	56074074	33438
chr19	56040636	56240636	harbor2	chr19	56074549	56074624	DNA/TcMar-Tigger	3965	-	38	56074587	33951
chr19	56040636	56240636	harbor2	chr19	56075122	56075320	DNA/TcMar-Tigger	715	-	99	56075221	34585
chr19	35550217	35750217	harbor2	chr19	35571749	35572031	DNA/TcMar-Tigger	1835	-	141	35571890	21673
chr19	56323840	56523840	harbor2	chr19	56370368	56370582	DNA/TcMar-Tigger	1241	-	107	56370475	46635
chr19	55531049	55731049	harbor2	chr19	55603339	55603548	DNA/TcMar-Tigger	890	-	104	55603443	72394
chr19	46765405	46965405	harbor2	chr19	46770099	46770173	DNA/TcMar-Tigger	1545	-	37	46770136	4731
chr19	46765405	46965405	harbor2	chr19	46770761	46771218	DNA/TcMar-Tigger	1545	-	228	46770989	5584
chr19	46765405	46965405	harbor2	chr19	46771813	46771836	DNA/TcMar-Tigger	1545	-	12	46771825	6420
chr19	51596495	51796495	harbor2	chr19	51685318	51685538	DNA/TcMar-Tigger	1754	-	110	51685428	88933
chr19	51596495	51796495	harbor2	chr19	51685816	51685965	DNA/TcMar-Tigger	1754	-	74	51685890	89395
chr19	43052484	43252484	harbor2	chr19	43073777	43073939	DNA/TcMar-Tigger	833	-	81	43073858	21374
chr19	43052484	43252484	harbor2	chr19	43076772	43076998	DNA/TcMar-Tigger	952	-	113	43076885	24401
chr19	32459460	32659460	harbor2	chr19	32459858	32460127	DNA/TcMar-Tigger	3483	-	134	32459992	532
chr19	32459460	32659460	harbor2	chr19	32460411	32460746	DNA/TcMar-Tigger	3483	-	168	32460579	1119
chr19	32459460	32659460	harbor2	chr19	32461944	32462483	DNA/TcMar-Tigger	2012	-	270	32462214	2754
chr19	42040507	42240507	harbor2	chr19	42097135	42097184	DNA/TcMar-Tigger	637	-	24	42097159	56652
chr19	42040507	42240507	harbor2	chr19	42098103	42098131	DNA/TcMar-Tigger	637	-	14	42098117	57610
chr19	42040507	42240507	harbor2	chr19	42098443	42098696	DNA/TcMar-Tigger	637	-	126	42098569	58062
chr19	31758897	31958897	harbor2	chr19	31845865	31847884	DNA/TcMar-Tigger	11492	-	1010	31846875	87978
chr19	31758897	31958897	harbor2	chr19	31848041	31848736	DNA/TcMar-Tigger	3599	-	348	31848389	89492
chr19	47946232	48146232	harbor2	chr19	48008010	48008158	DNA/TcMar-Tigger	979	-	74	48008084	61852
chr19	47946232	48146232	harbor2	chr19	48015010	48015367	DNA/TcMar-Tigger	2011	-	178	48015188	68956
chr19	47946232	48146232	harbor2	chr19	48020335	48020615	DNA/TcMar-Tigger	963	-	140	48020475	74243
chr19	30938672	31138672	harbor2	chr19	30951315	30951515	DNA/TcMar-Tigger	1241	-	100	30951415	12743
chr19	39447518	39647518	harbor2	chr19	39451041	39451187	DNA/TcMar-Tigger	732	-	73	39451114	3596
chr19	39447518	39647518	harbor2	chr19	39451444	39451529	DNA/TcMar-Tigger	732	-	42	39451486	3968
chr19	39447518	39647518	harbor2	chr19	39451832	39451867	DNA/TcMar-Tigger	732	-	18	39451850	4332
chr19	39447518	39647518	harbor2	chr19	39465841	39466056	DNA/TcMar-Tigger	1096	-	108	39465949	18431
chr19	39447518	39647518	harbor2	chr19	39510305	39510554	DNA/TcMar-Tigger	1349	-	124	39510429	62911
chr19	56512581	56712581	harbor2	chr19	56542055	56542164	DNA/TcMar-Tigger	849	-	54	56542109	29528
chr19	56512581	56712581	harbor2	chr19	56542451	56542544	DNA/TcMar-Tigger	849	-	46	56542497	29916
chr19	42019338	42219338	harbor2	chr19	42097135	42097184	DNA/TcMar-Tigger	637	-	24	42097159	77821
chr19	42019338	42219338	harbor2	chr19	42098103	42098131	DNA/TcMar-Tigger	637	-	14	42098117	78779
chr19	42019338	42219338	harbor2	chr19	42098443	42098696	DNA/TcMar-Tigger	637	-	126	42098569	79231
chr19	43317526	43517526	harbor2	chr19	43362884	43363221	DNA/TcMar-Tigger	1725	-	168	43363052	45526
chr19	53171747	53371747	harbor2	chr19	53171720	53171756	DNA/TcMar-Tigger	1183	-	18	53171738	9
chr19	53171747	53371747	harbor2	chr19	53172054	53172278	DNA/TcMar-Tigger	1183	-	112	53172166	419
chr19	53171747	53371747	harbor2	chr19	53252822	53253277	DNA/TcMar-Tigger	2196	-	228	53253050	81303
chr19	34168847	34368847	harbor2	chr19	34229737	34229767	DNA/TcMar-Tigger	2002	-	15	34229752	60905
chr19	34168847	34368847	harbor2	chr19	34229899	34230209	DNA/TcMar-Tigger	2002	-	155	34230054	61207
chr19	58120451	58320451	harbor2	chr19	58192518	58192742	DNA/TcMar-Tigger	1631	-	112	58192630	72179
chr19	58120451	58320451	harbor2	chr19	58193030	58193123	DNA/TcMar-Tigger	1631	-	46	58193076	72625
chr19	47391365	47591365	harbor2	chr19	47410872	47410938	DNA/TcMar-Tigger	1361	-	33	47410905	19540
chr19	47391365	47591365	harbor2	chr19	47411236	47411524	DNA/TcMar-Tigger	1361	-	144	47411380	20015
chr19	23448983	23648983	harbor2	chr19	23475064	23475495	DNA/TcMar-Tigger	690	-	216	23475280	26297
chr19	56753361	56953361	harbor2	chr19	56796136	56796398	DNA/TcMar-Tigger	1368	-	131	56796267	42906
chr19	55157585	55357585	harbor2	chr19	55232850	55233147	DNA/TcMar-Tigger	1540	-	148	55232998	75413
chr19	44347879	44547879	harbor2	chr19	44403725	44403977	DNA/TcMar-Tigger	1462	-	126	44403851	55972
chr19	44029636	44229636	harbor2	chr19	44062190	44062511	DNA/TcMar-Tigger	1767	-	160	44062350	32714
chr19	34080621	34280621	harbor2	chr19	34097885	34098129	DNA/TcMar-Tigger	1075	-	122	34098007	17386
chr19	34080621	34280621	harbor2	chr19	34098446	34098544	DNA/TcMar-Tigger	1075	-	49	34098495	17874
chr19	34080621	34280621	harbor2	chr19	34143034	34143257	DNA/TcMar-Tigger	4866	-	112	34143146	62525
chr19	34080621	34280621	harbor2	chr19	34143560	34144246	DNA/TcMar-Tigger	4866	-	343	34143903	63282
chr19	52322596	52522596	harbor2	chr19	52327513	52327624	DNA/TcMar-Tigger	2514	-	56	52327569	4973
chr19	52322596	52522596	harbor2	chr19	52327868	52328035	DNA/TcMar-Tigger	2514	-	84	52327952	5356
chr19	52322596	52522596	harbor2	chr19	52328347	52328527	DNA/TcMar-Tigger	2514	-	90	52328437	5841
chr19	53163353	53363353	harbor2	chr19	53170782	53170974	DNA/TcMar-Tigger	1112	-	96	53170878	7525
chr19	53163353	53363353	harbor2	chr19	53171286	53171491	DNA/TcMar-Tigger	1141	-	102	53171388	8035
chr19	53163353	53363353	harbor2	chr19	53171720	53171756	DNA/TcMar-Tigger	1183	-	18	53171738	8385
chr19	53163353	53363353	harbor2	chr19	53172054	53172278	DNA/TcMar-Tigger	1183	-	112	53172166	8813
chr19	53163353	53363353	harbor2	chr19	53252822	53253277	DNA/TcMar-Tigger	2196	-	228	53253050	89697
chr19	56752259	56952259	harbor2	chr19	56796136	56796398	DNA/TcMar-Tigger	1368	-	131	56796267	44008
chr19	33310342	33510342	harbor2	chr19	33351683	33352230	DNA/TcMar-Tigger	1263	-	274	33351957	41615
chr19	49066805	49266805	harbor2	chr19	49143804	49143992	DNA/TcMar-Tigger	2067	-	94	49143898	77093
chr19	49066805	49266805	harbor2	chr19	49144309	49144431	DNA/TcMar-Tigger	2067	-	61	49144370	77565
chr19	49066805	49266805	harbor2	chr19	49144725	49144785	DNA/TcMar-Tigger	2067	-	30	49144755	77950
chr19	48311499	48511499	harbor2	chr19	48351866	48351966	DNA/TcMar-Tigger	1847	-	50	48351916	40417
chr19	48311499	48511499	harbor2	chr19	48352263	48352303	DNA/TcMar-Tigger	1847	-	20	48352283	40784
chr19	48311499	48511499	harbor2	chr19	48352917	48353140	DNA/TcMar-Tigger	1847	-	112	48353029	41530
chr19	57442269	57642269	harbor2	chr19	57446633	57447435	DNA/TcMar-Tigger	4141	-	401	57447034	4765
chr19	57442269	57642269	harbor2	chr19	57448036	57448226	DNA/TcMar-Tigger	848	-	95	57448131	5862
chr19	57442269	57642269	harbor2	chr19	57529229	57529452	DNA/TcMar-Tigger	1122	-	112	57529341	87072
chr19	57442269	57642269	harbor2	chr19	57531400	57531956	DNA/TcMar-Tigger	3033	-	278	57531678	89409
chr19	57442269	57642269	harbor2	chr19	57536190	57536520	DNA/TcMar-Tigger	1617	-	165	57536355	94086
chr19	46042636	46242636	harbor2	chr19	46142211	46142939	DNA/TcMar-Tigger	1631	-	364	46142575	99939
chr19	49549947	49749947	harbor2	chr19	49568001	49568594	DNA/TcMar-Tigger	2836	-	296	49568297	18350
chr19	41189303	41389303	harbor2	chr19	41227287	41227488	DNA/TcMar-Tigger	2180	-	100	41227387	38084
chr19	41189303	41389303	harbor2	chr19	41227789	41228092	DNA/TcMar-Tigger	2180	-	152	41227941	38638
chr19	41189303	41389303	harbor2	chr19	41285794	41285886	DNA/TcMar-Tigger	617	-	46	41285840	96537
chr19	41189303	41389303	harbor2	chr19	41286078	41286134	DNA/TcMar-Tigger	617	-	28	41286106	96803
chr19	41189303	41389303	harbor2	chr19	41286119	41286338	DNA/TcMar-Tigger	800	-	110	41286229	96926
chr19	55929080	56129080	harbor2	chr19	55931032	55931423	DNA/TcMar-Tigger	1205	-	196	55931228	2148
chr19	55929080	56129080	harbor2	chr19	55934141	55934625	DNA/TcMar-Tigger	1787	-	242	55934383	5303
chr19	55929080	56129080	harbor2	chr19	55951546	55951753	DNA/TcMar-Tigger	1248	-	104	55951650	22570
chr19	55929080	56129080	harbor2	chr19	55952052	55952173	DNA/TcMar-Tigger	985	-	60	55952112	23032
chr19	57134153	57334153	harbor2	chr19	57216915	57217226	DNA/TcMar-Tigger	1572	-	156	57217071	82918
chr19	56750148	56950148	harbor2	chr19	56796136	56796398	DNA/TcMar-Tigger	1368	-	131	56796267	46119
chr19	58232447	58432447	harbor2	chr19	58235057	58235422	DNA/TcMar-Tigger	1606	-	182	58235239	2792
chr19	48263877	48463877	harbor2	chr19	48351866	48351966	DNA/TcMar-Tigger	1847	-	50	48351916	88039
chr19	48263877	48463877	harbor2	chr19	48352263	48352303	DNA/TcMar-Tigger	1847	-	20	48352283	88406
chr19	48263877	48463877	harbor2	chr19	48352917	48353140	DNA/TcMar-Tigger	1847	-	112	48353029	89152
chr19	56463868	56663868	harbor2	chr19	56542055	56542164	DNA/TcMar-Tigger	849	-	54	56542109	78241
chr19	56463868	56663868	harbor2	chr19	56542451	56542544	DNA/TcMar-Tigger	849	-	46	56542497	78629
chr19	34019104	34219104	harbor2	chr19	34060612	34060979	DNA/TcMar-Tigger	1883	-	184	34060796	41692
chr19	34019104	34219104	harbor2	chr19	34097885	34098129	DNA/TcMar-Tigger	1075	-	122	34098007	78903
chr19	34019104	34219104	harbor2	chr19	34098446	34098544	DNA/TcMar-Tigger	1075	-	49	34098495	79391
chr19	33724703	33924703	harbor2	chr19	33824158	33824465	DNA/TcMar-Tigger	3173	-	154	33824312	99609
chr19	32291118	32491118	harbor2	chr19	32373384	32374169	DNA/TcMar-Tigger	3207	-	392	32373776	82658
chr19	44367548	44567548	harbor2	chr19	44403725	44403977	DNA/TcMar-Tigger	1462	-	126	44403851	36303
chr19	37913892	38113892	harbor2	chr19	37923227	37923756	DNA/TcMar-Tigger	5177	-	264	37923491	9599
chr19	37913892	38113892	harbor2	chr19	37924074	37924480	DNA/TcMar-Tigger	5177	-	203	37924277	10385
chr19	37913892	38113892	harbor2	chr19	37924694	37924766	DNA/TcMar-Tigger	1467	-	36	37924730	10838
chr19	37913892	38113892	harbor2	chr19	37925065	37925301	DNA/TcMar-Tigger	1467	-	118	37925183	11291
chr19	37913892	38113892	harbor2	chr19	37944623	37944684	DNA/TcMar-Tigger	1108	-	30	37944653	30761
chr19	37913892	38113892	harbor2	chr19	37944972	37945128	DNA/TcMar-Tigger	1108	-	78	37945050	31158
chr19	56157717	56357717	harbor2	chr19	56230705	56231001	DNA/TcMar-Tigger	1599	-	148	56230853	73136
chr19	57640488	57840488	harbor2	chr19	57657661	57658045	DNA/TcMar-Tigger	1534	-	192	57657853	17365
chr19	57640488	57840488	harbor2	chr19	57724353	57724526	DNA/TcMar-Tigger	1099	-	86	57724439	83951
chr19	44396233	44596233	harbor2	chr19	44403725	44403977	DNA/TcMar-Tigger	1462	-	126	44403851	7618
chr19	44396233	44596233	harbor2	chr19	44480550	44480885	DNA/TcMar-Tigger	1845	-	168	44480718	84485
chr19	51903102	52103102	harbor2	chr19	51970363	51970569	DNA/TcMar-Tigger	1192	-	103	51970466	67364
chr19	46532058	46732058	harbor2	chr19	46586435	46586767	DNA/TcMar-Tigger	2082	-	166	46586601	54543
chr19	47282246	47482246	harbor2	chr19	47360179	47360400	DNA/TcMar-Tigger	942	-	110	47360289	78043
chr19	46758662	46958662	harbor2	chr19	46770099	46770173	DNA/TcMar-Tigger	1545	-	37	46770136	11474
chr19	46758662	46958662	harbor2	chr19	46770761	46771218	DNA/TcMar-Tigger	1545	-	228	46770989	12327
chr19	46758662	46958662	harbor2	chr19	46771813	46771836	DNA/TcMar-Tigger	1545	-	12	46771825	13163
chr19	37746256	37946256	harbor2	chr19	37809507	37809904	DNA/TcMar-Tigger	5622	-	198	37809705	63449
chr19	37746256	37946256	harbor2	chr19	37810205	37811097	DNA/TcMar-Tigger	5622	-	446	37810651	64395
chr19	42714578	42914578	harbor2	chr19	42731205	42731367	DNA/TcMar-Tigger	801	-	81	42731286	16708
chr19	42714578	42914578	harbor2	chr19	42734208	42734440	DNA/TcMar-Tigger	945	-	116	42734324	19746
chr19	42714578	42914578	harbor2	chr19	42756412	42756574	DNA/TcMar-Tigger	814	-	81	42756493	41915
chr19	42714578	42914578	harbor2	chr19	42759423	42759656	DNA/TcMar-Tigger	956	-	116	42759539	44961
chr19	53141792	53341792	harbor2	chr19	53170782	53170974	DNA/TcMar-Tigger	1112	-	96	53170878	29086
chr19	53141792	53341792	harbor2	chr19	53171286	53171491	DNA/TcMar-Tigger	1141	-	102	53171388	29596
chr19	53141792	53341792	harbor2	chr19	53171720	53171756	DNA/TcMar-Tigger	1183	-	18	53171738	29946
chr19	53141792	53341792	harbor2	chr19	53172054	53172278	DNA/TcMar-Tigger	1183	-	112	53172166	30374
chr19	35909791	36109791	harbor2	chr19	35969455	35969789	DNA/TcMar-Tigger	1061	-	167	35969622	59831
chr19	56390023	56590023	harbor2	chr19	56443343	56443693	DNA/TcMar-Tigger	1904	-	175	56443518	53495
chr19	57344739	57544739	harbor2	chr19	57421918	57422319	DNA/TcMar-Tigger	4209	-	200	57422118	77379
chr19	57344739	57544739	harbor2	chr19	57422624	57423331	DNA/TcMar-Tigger	4209	-	354	57422978	78239
chr19	8553202	8753202	harbor2	chr19	8623476	8623661	DNA/TcMar-Tigger	1473	-	92	8623568	70366
chr19	8553202	8753202	harbor2	chr19	8624265	8624412	DNA/TcMar-Tigger	1473	-	74	8624339	71137
chr19	8553202	8753202	harbor2	chr19	8626391	8626734	DNA/TcMar-Tigger	1136	-	172	8626563	73361
chr19	8553202	8753202	harbor2	chr19	8627035	8627084	DNA/TcMar-Tigger	1136	-	24	8627059	73857
chr19	35306692	35506692	harbor2	chr19	35353044	35353199	DNA/TcMar-Tigger	4169	-	78	35353122	46430
chr19	35306692	35506692	harbor2	chr19	35353505	35354160	DNA/TcMar-Tigger	4169	-	328	35353833	47141
chr19	35306692	35506692	harbor2	chr19	35354465	35354490	DNA/TcMar-Tigger	4169	-	12	35354477	47785
chr19	35306692	35506692	harbor2	chr19	35354734	35354983	DNA/TcMar-Tigger	1129	-	124	35354858	48166
chr19	55204935	55404935	harbor2	chr19	55232850	55233147	DNA/TcMar-Tigger	1540	-	148	55232998	28063
chr19	57130888	57330888	harbor2	chr19	57216915	57217226	DNA/TcMar-Tigger	1572	-	156	57217071	86183
chr19	57141588	57341588	harbor2	chr19	57216915	57217226	DNA/TcMar-Tigger	1572	-	156	57217071	75483
chr19	56759212	56959212	harbor2	chr19	56796136	56796398	DNA/TcMar-Tigger	1368	-	131	56796267	37055
chr19	56215990	56415990	harbor2	chr19	56230705	56231001	DNA/TcMar-Tigger	1599	-	148	56230853	14863
chr19	56215990	56415990	harbor2	chr19	56280913	56281350	DNA/TcMar-Tigger	2650	-	218	56281131	65141
chr19	56215990	56415990	harbor2	chr19	56299550	56299758	DNA/TcMar-Tigger	1002	-	104	56299654	83664
chr19	56215990	56415990	harbor2	chr19	56311019	56311631	DNA/TcMar-Tigger	851	-	306	56311325	95335
chr19	30872396	31072396	harbor2	chr19	30951315	30951515	DNA/TcMar-Tigger	1241	-	100	30951415	79019
chr19	47402730	47602730	harbor2	chr19	47410872	47410938	DNA/TcMar-Tigger	1361	-	33	47410905	8175
chr19	47402730	47602730	harbor2	chr19	47411236	47411524	DNA/TcMar-Tigger	1361	-	144	47411380	8650
chr19	56278732	56478732	harbor2	chr19	56280913	56281350	DNA/TcMar-Tigger	2650	-	218	56281131	2399
chr19	56278732	56478732	harbor2	chr19	56299550	56299758	DNA/TcMar-Tigger	1002	-	104	56299654	20922
chr19	56278732	56478732	harbor2	chr19	56311019	56311631	DNA/TcMar-Tigger	851	-	306	56311325	32593
chr19	56278732	56478732	harbor2	chr19	56322655	56322863	DNA/TcMar-Tigger	1184	-	104	56322759	44027
chr19	56278732	56478732	harbor2	chr19	56370368	56370582	DNA/TcMar-Tigger	1241	-	107	56370475	91743
chr19	58076795	58276795	harbor2	chr19	58107073	58107273	DNA/TcMar-Tigger	1339	-	100	58107173	30378
chr19	58076795	58276795	harbor2	chr19	58107577	58107640	DNA/TcMar-Tigger	1339	-	32	58107609	30814
chr19	52322232	52522232	harbor2	chr19	52327513	52327624	DNA/TcMar-Tigger	2514	-	56	52327569	5337
chr19	52322232	52522232	harbor2	chr19	52327868	52328035	DNA/TcMar-Tigger	2514	-	84	52327952	5720
chr19	52322232	52522232	harbor2	chr19	52328347	52328527	DNA/TcMar-Tigger	2514	-	90	52328437	6205
chr19	23454236	23654236	harbor2	chr19	23475064	23475495	DNA/TcMar-Tigger	690	-	216	23475280	21044
chr19	37677600	37877600	harbor2	chr19	37689930	37690167	DNA/TcMar-Tigger	1198	-	118	37690048	12448
chr19	37677600	37877600	harbor2	chr19	37727436	37727593	DNA/TcMar-Tigger	918	-	78	37727514	49914
chr19	37677600	37877600	harbor2	chr19	37740724	37741064	DNA/TcMar-Tigger	1668	-	170	37740894	63294
chr19	28370618	28570618	harbor2	chr19	28425600	28425780	DNA/TcMar-Tigger	947	-	90	28425690	55072
chr19	28370618	28570618	harbor2	chr19	28425767	28425927	DNA/TcMar-Tigger	704	-	80	28425847	55229
chr19	55896839	56096839	harbor2	chr19	55931032	55931423	DNA/TcMar-Tigger	1205	-	196	55931228	34389
chr19	55896839	56096839	harbor2	chr19	55934141	55934625	DNA/TcMar-Tigger	1787	-	242	55934383	37544
chr19	55896839	56096839	harbor2	chr19	55951546	55951753	DNA/TcMar-Tigger	1248	-	104	55951650	54811
chr19	55896839	56096839	harbor2	chr19	55952052	55952173	DNA/TcMar-Tigger	985	-	60	55952112	55273
chr19	57508503	57708503	harbor2	chr19	57529229	57529452	DNA/TcMar-Tigger	1122	-	112	57529341	20838
chr19	57508503	57708503	harbor2	chr19	57531400	57531956	DNA/TcMar-Tigger	3033	-	278	57531678	23175
chr19	57508503	57708503	harbor2	chr19	57536190	57536520	DNA/TcMar-Tigger	1617	-	165	57536355	27852
chr19	58010871	58210871	harbor2	chr19	58043229	58043637	DNA/TcMar-Tigger	1895	-	204	58043433	32562
chr19	58010871	58210871	harbor2	chr19	58107073	58107273	DNA/TcMar-Tigger	1339	-	100	58107173	96302
chr19	58010871	58210871	harbor2	chr19	58107577	58107640	DNA/TcMar-Tigger	1339	-	32	58107609	96738
chr19	56779814	56979814	harbor2	chr19	56796136	56796398	DNA/TcMar-Tigger	1368	-	131	56796267	16453
chr19	54810043	55010043	harbor2	chr19	54907503	54907747	DNA/TcMar-Tigger	1099	-	122	54907625	97582
chr19	53751230	53951230	harbor2	chr19	53846802	53846881	DNA/TcMar-Tigger	1559	-	40	53846842	95612
chr19	53751230	53951230	harbor2	chr19	53847192	53847395	DNA/TcMar-Tigger	1559	-	102	53847294	96064
chr19	56170235	56370235	harbor2	chr19	56230705	56231001	DNA/TcMar-Tigger	1599	-	148	56230853	60618
chr19	54881062	55081062	harbor2	chr19	54907503	54907747	DNA/TcMar-Tigger	1099	-	122	54907625	26563
chr19	17121863	17321863	harbor2	chr19	17138687	17138889	DNA/TcMar-Tigger	874	-	101	17138788	16925
chr19	17121863	17321863	harbor2	chr19	17139195	17139302	DNA/TcMar-Tigger	1119	-	54	17139249	17386
chr19	17121863	17321863	harbor2	chr19	17139453	17139474	DNA/TcMar-Tigger	1119	-	10	17139463	17600
chr19	17121863	17321863	harbor2	chr19	17139746	17139759	DNA/TcMar-Tigger	1119	-	6	17139752	17889
chr19	17121863	17321863	harbor2	chr19	17140107	17140209	DNA/TcMar-Tigger	1119	-	51	17140158	18295
chr19	17121863	17321863	harbor2	chr19	17167013	17167203	DNA/TcMar-Tigger	945	-	95	17167108	45245
chr19	54144576	54344576	harbor2	chr19	54170480	54170608	DNA/TcMar-Tigger	685	-	64	54170544	25968
chr19	36448508	36648508	harbor2	chr19	36492451	36492618	DNA/TcMar-Tigger	3284	-	84	36492535	44027
chr19	36448508	36648508	harbor2	chr19	36493611	36493988	DNA/TcMar-Tigger	3284	-	188	36493799	45291
chr19	36448508	36648508	harbor2	chr19	36526167	36526259	DNA/TcMar-Tigger	1647	-	46	36526213	77705
chr19	36448508	36648508	harbor2	chr19	36526557	36526811	DNA/TcMar-Tigger	1647	-	127	36526684	78176
chr19	52018240	52218240	harbor2	chr19	52081063	52081398	DNA/TcMar-Tigger	1888	-	168	52081231	62991
chr19	17110691	17310691	harbor2	chr19	17138687	17138889	DNA/TcMar-Tigger	874	-	101	17138788	28097
chr19	17110691	17310691	harbor2	chr19	17139195	17139302	DNA/TcMar-Tigger	1119	-	54	17139249	28558
chr19	17110691	17310691	harbor2	chr19	17139453	17139474	DNA/TcMar-Tigger	1119	-	10	17139463	28772
chr19	17110691	17310691	harbor2	chr19	17139746	17139759	DNA/TcMar-Tigger	1119	-	6	17139752	29061
chr19	17110691	17310691	harbor2	chr19	17140107	17140209	DNA/TcMar-Tigger	1119	-	51	17140158	29467
chr19	17110691	17310691	harbor2	chr19	17167013	17167203	DNA/TcMar-Tigger	945	-	95	17167108	56417
chr19	49561195	49761195	harbor2	chr19	49568001	49568594	DNA/TcMar-Tigger	2836	-	296	49568297	7102
chr19	43935900	44135900	harbor2	chr19	44028825	44029154	DNA/TcMar-Tigger	1597	-	164	44028989	93089
chr19	56652163	56852163	harbor2	chr19	56689640	56689968	DNA/TcMar-Tigger	1706	-	164	56689804	37641
chr19	56652163	56852163	harbor2	chr19	56696219	56696538	DNA/TcMar-Tigger	1425	-	160	56696379	44216
chr19	56652163	56852163	harbor2	chr19	56701612	56701922	DNA/TcMar-Tigger	1647	-	155	56701767	49604
chr19	44777051	44977051	harbor2	chr19	44786100	44786309	DNA/TcMar-Tigger	1296	-	104	44786204	9153
chr19	44777051	44977051	harbor2	chr19	44786625	44786820	DNA/TcMar-Tigger	1296	-	98	44786723	9672
chr19	50674173	50874173	harbor2	chr19	50683365	50683883	DNA/TcMar-Tigger	2736	-	259	50683624	9451
chr19	54165401	54365401	harbor2	chr19	54170480	54170608	DNA/TcMar-Tigger	685	-	64	54170544	5143
chr19	31146417	31346417	harbor2	chr19	31195850	31196044	DNA/TcMar-Tigger	1086	-	97	31195947	49530
chr19	57708296	57908296	harbor2	chr19	57724353	57724526	DNA/TcMar-Tigger	1099	-	86	57724439	16143
chr19	51544154	51744154	harbor2	chr19	51588964	51589180	DNA/TcMar-Tigger	1372	-	108	51589072	44918
chr20	41845147	42045147	harbor2	chr20	41853064	41853162	DNA/TcMar-Tigger	490	-	49	41853113	7966
chr20	41845147	42045147	harbor2	chr20	41901988	41902280	DNA/TcMar-Tigger	790	-	146	41902134	56987
chr20	41845147	42045147	harbor2	chr20	41902363	41902555	DNA/TcMar-Tigger	573	-	96	41902459	57312
chr20	41845147	42045147	harbor2	chr20	41907873	41907950	DNA/TcMar-Tigger	788	-	38	41907911	62764
chr20	41845147	42045147	harbor2	chr20	41908379	41908495	DNA/TcMar-Tigger	788	-	58	41908437	63290
chr20	41845147	42045147	harbor2	chr20	41918801	41920344	DNA/TcMar-Tigger	10090	-	772	41919573	74426
chr20	21252737	21452737	harbor2	chr20	21313297	21313497	DNA/TcMar-Tigger	1075	-	100	21313397	60660
chr20	21252737	21452737	harbor2	chr20	21317510	21317850	DNA/TcMar-Tigger	2180	-	170	21317680	64943
chr20	29008928	29208928	harbor2	chr20	29073282	29073739	DNA/TcMar-Tigger	1106	-	228	29073510	64582
chr20	29008928	29208928	harbor2	chr20	29073992	29074239	DNA/TcMar-Tigger	1106	-	124	29074116	65188
chr20	55854961	56054961	harbor2	chr20	55879114	55879446	DNA/TcMar-Tigger	1717	-	166	55879280	24319
chr20	55854961	56054961	harbor2	chr20	55897043	55899152	DNA/TcMar-Tigger	14065	-	1054	55898097	43136
chr20	55854961	56054961	harbor2	chr20	55899443	55899640	DNA/TcMar-Tigger	14065	-	98	55899541	44580
chr20	55854961	56054961	harbor2	chr20	55925158	55925645	DNA/TcMar-Tigger	2950	-	244	55925402	70441
chr20	55854961	56054961	harbor2	chr20	55925956	55926122	DNA/TcMar-Tigger	2950	-	83	55926039	71078
chr20	55854961	56054961	harbor2	chr20	55943035	55943370	DNA/TcMar-Tigger	2017	-	168	55943203	88242
chr20	54025090	54225090	harbor2	chr20	54059578	54059899	DNA/TcMar-Tigger	1611	-	160	54059738	34648
chr20	54025090	54225090	harbor2	chr20	54100041	54100341	DNA/TcMar-Tigger	1734	-	150	54100191	75101
chr20	54025090	54225090	harbor2	chr20	54100713	54101353	DNA/TcMar-Tigger	3842	-	320	54101033	75943
chr20	54025090	54225090	harbor2	chr20	54101350	54101446	DNA/TcMar-Tigger	492	-	48	54101398	76308
chr20	59328909	59528909	harbor2	chr20	59379072	59379255	DNA/TcMar-Tigger	411	-	92	59379164	50255
chr20	40031136	40231136	harbor2	chr20	40043229	40043434	DNA/TcMar-Tigger	1107	-	102	40043331	12195
chr20	40031136	40231136	harbor2	chr20	40102430	40102646	DNA/TcMar-Tigger	1057	-	108	40102538	71402
chr20	56514760	56714760	harbor2	chr20	56547336	56547703	DNA/TcMar-Tigger	1991	-	184	56547520	32760
chr20	58103543	58303543	harbor2	chr20	58164872	58165174	DNA/TcMar-Tigger	1059	-	151	58165023	61480
chr20	58103543	58303543	harbor2	chr20	58170443	58170867	DNA/TcMar-Tigger	487	-	212	58170655	67112
chr20	62456395	62656395	harbor2	chr20	62527562	62528165	DNA/TcMar-Tigger	2937	-	302	62527864	71469
chr20	62456395	62656395	harbor2	chr20	62528471	62528489	DNA/TcMar-Tigger	2937	-	9	62528480	72085
chr20	40863435	41063435	harbor2	chr20	40949064	40949323	DNA/TcMar-Tigger	489	-	130	40949194	85759
chr20	52093618	52293618	harbor2	chr20	52145238	52145372	DNA/TcMar-Tigger	3570	-	67	52145305	51687
chr20	52093618	52293618	harbor2	chr20	52145664	52146152	DNA/TcMar-Tigger	3570	-	244	52145908	52290
chr20	52093618	52293618	harbor2	chr20	52146146	52146175	DNA/TcMar-Tigger	490	-	14	52146160	52542
chr20	52093618	52293618	harbor2	chr20	52146742	52146824	DNA/TcMar-Tigger	490	-	41	52146783	53165
chr20	61275901	61475901	harbor2	chr20	61328886	61329220	DNA/TcMar-Tigger	1699	-	167	61329053	53152
chr20	49628353	49828353	harbor2	chr20	49653072	49653315	DNA/TcMar-Tigger	1388	-	122	49653194	24841
chr20	49628353	49828353	harbor2	chr20	49699487	49699648	DNA/TcMar-Tigger	2143	-	80	49699567	71214
chr20	49628353	49828353	harbor2	chr20	49700237	49700334	DNA/TcMar-Tigger	2143	-	48	49700285	71932
chr20	49628353	49828353	harbor2	chr20	49700600	49700926	DNA/TcMar-Tigger	2143	-	163	49700763	72410
chr20	59375210	59575210	harbor2	chr20	59379072	59379255	DNA/TcMar-Tigger	411	-	92	59379164	3954
chr20	53300081	53500081	harbor2	chr20	53311117	53311210	DNA/TcMar-Tigger	398	-	46	53311163	11082
chr20	53300081	53500081	harbor2	chr20	53313194	53313458	DNA/TcMar-Tigger	1102	-	132	53313326	13245
chr20	54928924	55128924	harbor2	chr20	54954968	54955192	DNA/TcMar-Tigger	973	-	112	54955080	26156
chr20	54928924	55128924	harbor2	chr20	54956197	54956572	DNA/TcMar-Tigger	5033	-	188	54956385	27461
chr20	54928924	55128924	harbor2	chr20	54956864	54957616	DNA/TcMar-Tigger	5033	-	376	54957240	28316
chr20	54928924	55128924	harbor2	chr20	54957623	54957765	DNA/TcMar-Tigger	1868	-	71	54957694	28770
chr20	54928924	55128924	harbor2	chr20	54958183	54958288	DNA/TcMar-Tigger	1868	-	52	54958235	29311
chr20	54928924	55128924	harbor2	chr20	54958571	54959640	DNA/TcMar-Tigger	5993	-	534	54959105	30181
chr20	54928924	55128924	harbor2	chr20	54959639	54959861	DNA/TcMar-Tigger	1261	-	111	54959750	30826
chr20	54928924	55128924	harbor2	chr20	54986054	54986322	DNA/TcMar-Tigger	613	-	134	54986188	57264
chr20	47275016	47475016	harbor2	chr20	47333983	47334311	DNA/TcMar-Tigger	1372	-	164	47334147	59131
chr20	59831954	60031954	harbor2	chr20	59871624	59871927	DNA/TcMar-Tigger	1699	-	152	59871776	39822
chr20	59831954	60031954	harbor2	chr20	59873100	59873619	DNA/TcMar-Tigger	3036	-	260	59873360	41406
chr20	55416796	55616796	harbor2	chr20	55450526	55450778	DNA/TcMar-Tigger	457	-	126	55450652	33856
chr20	55416796	55616796	harbor2	chr20	55511659	55512765	DNA/TcMar-Tigger	6144	-	553	55512212	95416
chr20	55416796	55616796	harbor2	chr20	55513319	55514589	DNA/TcMar-Tigger	6957	-	635	55513954	97158
chr20	52428002	52628002	harbor2	chr20	52519986	52522253	DNA/TcMar-Tigger	13425	-	1134	52521120	93118
chr20	59725068	59925068	harbor2	chr20	59804482	59804674	DNA/TcMar-Tigger	780	-	96	59804578	79510
chr20	59725068	59925068	harbor2	chr20	59806683	59807833	DNA/TcMar-Tigger	5362	-	575	59807258	82190
chr20	59725068	59925068	harbor2	chr20	59823429	59823963	DNA/TcMar-Tigger	1062	-	267	59823696	98628
chr20	19608705	19808705	harbor2	chr20	19631463	19631560	DNA/TcMar-Tigger	549	-	48	19631511	22806
chr20	19608705	19808705	harbor2	chr20	19631557	19631767	DNA/TcMar-Tigger	1220	-	105	19631662	22957
chr20	60436802	60636802	harbor2	chr20	60521324	60521657	DNA/TcMar-Tigger	1737	-	166	60521490	84688
chr20	60147519	60347519	harbor2	chr20	60179531	60179671	DNA/TcMar-Tigger	546	-	70	60179601	32082
chr20	60147519	60347519	harbor2	chr20	60179963	60180106	DNA/TcMar-Tigger	546	-	72	60180035	32516
chr20	60147519	60347519	harbor2	chr20	60217502	60217824	DNA/TcMar-Tigger	2027	-	161	60217663	70144
chr20	57440146	57640146	harbor2	chr20	57443650	57443808	DNA/TcMar-Tigger	445	-	79	57443729	3583
chr20	63129145	63329145	harbor2	chr20	63209745	63210221	DNA/TcMar-Tigger	2159	-	238	63209983	80838
chr20	63129145	63329145	harbor2	chr20	63208991	63209487	DNA/TcMar-Tigger	2170	-	248	63209239	80094
chr20	34271011	34471011	harbor2	chr20	34304277	34304486	DNA/TcMar-Tigger	972	-	104	34304381	33370
chr20	7139137	7339137	harbor2	chr20	7142021	7142601	DNA/TcMar-Tigger	3253	-	290	7142311	3174
chr20	41411494	41611494	harbor2	chr20	41490230	41490530	DNA/TcMar-Tigger	3297	-	150	41490380	78886
chr20	41411494	41611494	harbor2	chr20	41490961	41491390	DNA/TcMar-Tigger	3297	-	214	41491175	79681
chr20	21690466	21890466	harbor2	chr20	21744593	21744880	DNA/TcMar-Tigger	3373	-	144	21744737	54271
chr20	21690466	21890466	harbor2	chr20	21745300	21745689	DNA/TcMar-Tigger	3373	-	194	21745494	55028
chr20	21690466	21890466	harbor2	chr20	21751093	21751552	DNA/TcMar-Tigger	2259	-	230	21751323	60857
chr20	21690466	21890466	harbor2	chr20	21752395	21752497	DNA/TcMar-Tigger	577	-	51	21752446	61980
chr20	21690466	21890466	harbor2	chr20	21756505	21756949	DNA/TcMar-Tigger	2386	-	222	21756727	66261
chr20	56682454	56882454	harbor2	chr20	56692292	56692344	DNA/TcMar-Tigger	1147	-	26	56692318	9864
chr20	56682454	56882454	harbor2	chr20	56692620	56692797	DNA/TcMar-Tigger	1147	-	88	56692708	10254
chr20	56682454	56882454	harbor2	chr20	56693092	56693275	DNA/TcMar-Tigger	1147	-	92	56693184	10730
chr20	46294024	46494024	harbor2	chr20	46380910	46381297	DNA/TcMar-Tigger	902	-	194	46381104	87080
chr20	46294024	46494024	harbor2	chr20	46381496	46381637	DNA/TcMar-Tigger	417	-	70	46381566	87542
chr20	52165656	52365656	harbor2	chr20	52199888	52200172	DNA/TcMar-Tigger	1601	-	142	52200030	34374
chr20	52165656	52365656	harbor2	chr20	52209786	52210359	DNA/TcMar-Tigger	3259	-	286	52210072	44416
chr20	52165656	52365656	harbor2	chr20	52210740	52210788	DNA/TcMar-Tigger	3259	-	24	52210764	45108
chr20	52165656	52365656	harbor2	chr20	52199401	52199595	DNA/TcMar-Tigger	1601	-	97	52199498	33842
chr20	57764562	57964562	harbor2	chr20	57822726	57823187	DNA/TcMar-Tigger	6666	-	230	57822956	58394
chr20	57764562	57964562	harbor2	chr20	57823499	57824172	DNA/TcMar-Tigger	6666	-	336	57823835	59273
chr20	57764562	57964562	harbor2	chr20	57824472	57824574	DNA/TcMar-Tigger	6666	-	51	57824523	59961
chr20	57764562	57964562	harbor2	chr20	57824564	57824665	DNA/TcMar-Tigger	542	-	50	57824614	60052
chr20	57764562	57964562	harbor2	chr20	57855907	57856238	DNA/TcMar-Tigger	1920	-	166	57856073	91511
chr20	57764562	57964562	harbor2	chr20	57861419	57861689	DNA/TcMar-Tigger	966	-	135	57861554	96992
chr20	49819952	50019952	harbor2	chr20	49873873	49873966	DNA/TcMar-Tigger	449	-	46	49873919	53967
chr20	42562055	42762055	harbor2	chr20	42658070	42658711	DNA/TcMar-Tigger	3495	-	320	42658390	96335
chr20	39073199	39273199	harbor2	chr20	39087371	39087501	DNA/TcMar-Tigger	1113	-	65	39087436	14237
chr20	39073199	39273199	harbor2	chr20	39087805	39088032	DNA/TcMar-Tigger	1113	-	114	39087919	14720
chr20	39073199	39273199	harbor2	chr20	39154123	39154573	DNA/TcMar-Tigger	2393	-	225	39154348	81149
chr20	57905744	58105744	harbor2	chr20	57944042	57945298	DNA/TcMar-Tigger	5885	-	628	57944670	38926
chr20	57905744	58105744	harbor2	chr20	57987497	57988083	DNA/TcMar-Tigger	2160	-	293	57987790	82046
chr20	57905744	58105744	harbor2	chr20	57996631	57997239	DNA/TcMar-Tigger	1536	-	304	57996935	91191
chr20	16082262	16282262	harbor2	chr20	16092781	16093072	DNA/TcMar-Tigger	424	-	146	16092927	10665
chr20	16082262	16282262	harbor2	chr20	16097206	16097539	DNA/TcMar-Tigger	1954	-	166	16097372	15110
chr20	19458647	19658647	harbor2	chr20	19484122	19484477	DNA/TcMar-Tigger	2262	-	178	19484300	25653
chr20	19458647	19658647	harbor2	chr20	19488641	19488985	DNA/TcMar-Tigger	1646	-	172	19488813	30166
chr21	17511820	17711820	harbor2	chr21	17562025	17562302	DNA/TcMar-Tigger	1621	-	138	17562163	50343
chr21	17511820	17711820	harbor2	chr21	17562555	17563193	DNA/TcMar-Tigger	3868	-	319	17562874	51054
chr21	17511820	17711820	harbor2	chr21	17563962	17564095	DNA/TcMar-Tigger	2472	-	66	17564028	52208
chr21	17511820	17711820	harbor2	chr21	17564132	17564210	DNA/TcMar-Tigger	1517	-	39	17564171	52351
chr21	17511820	17711820	harbor2	chr21	17564335	17564587	DNA/TcMar-Tigger	1517	-	126	17564461	52641
chr21	17511820	17711820	harbor2	chr21	17592229	17592379	DNA/TcMar-Tigger	891	-	75	17592304	80484
chr21	17511820	17711820	harbor2	chr21	17563299	17563659	DNA/TcMar-Tigger	2472	-	180	17563479	51659
chr21	39189910	39389910	harbor2	chr21	39197556	39197802	DNA/TcMar-Tigger	1453	-	123	39197679	7769
chr21	39189910	39389910	harbor2	chr21	39197800	39197903	DNA/TcMar-Tigger	496	-	52	39197852	7942
chr21	39189910	39389910	harbor2	chr21	39230393	39231002	DNA/TcMar-Tigger	3098	-	304	39230697	40787
chr21	39189910	39389910	harbor2	chr21	39247280	39247495	DNA/TcMar-Tigger	913	-	108	39247388	57478
chr21	39189910	39389910	harbor2	chr21	39288534	39288950	DNA/TcMar-Tigger	2438	-	208	39288742	98832
chr21	23714425	23914425	harbor2	chr21	23754858	23755198	DNA/TcMar-Tigger	1860	-	170	23755028	40603
chr21	23714425	23914425	harbor2	chr21	23782408	23782956	DNA/TcMar-Tigger	2365	-	274	23782682	68257
chr21	27894491	28094491	harbor2	chr21	27910913	27911124	DNA/TcMar-Tigger	778	-	106	27911019	16528
chr21	14196599	14396599	harbor2	chr21	14252628	14252977	DNA/TcMar-Tigger	1881	-	174	14252802	56203
chr21	39994405	40194405	harbor2	chr21	40066961	40067314	DNA/TcMar-Tigger	1802	-	176	40067137	72732
chr21	42905253	43105253	harbor2	chr21	42976090	42977537	DNA/TcMar-Tigger	8795	-	724	42976814	71561
chr21	42905253	43105253	harbor2	chr21	42977844	42978028	DNA/TcMar-Tigger	8795	-	92	42977936	72683
chr21	42905253	43105253	harbor2	chr21	42978305	42978365	DNA/TcMar-Tigger	8795	-	30	42978335	73082
chr21	42905253	43105253	harbor2	chr21	42979220	42979441	DNA/TcMar-Tigger	1160	-	110	42979330	74077
chr21	43695506	43895506	harbor2	chr21	43703685	43703943	DNA/TcMar-Tigger	936	-	129	43703814	8308
chr21	43695506	43895506	harbor2	chr21	43704240	43704266	DNA/TcMar-Tigger	936	-	13	43704253	8747
chr21	25818192	26018192	harbor2	chr21	25863544	25864204	DNA/TcMar-Tigger	3720	-	330	25863874	45682
chr21	19251643	19451643	harbor2	chr21	19280007	19280453	DNA/TcMar-Tigger	2159	-	223	19280230	28587
chr21	19251643	19451643	harbor2	chr21	19281135	19281404	DNA/TcMar-Tigger	941	-	134	19281269	29626
chr21	31895891	32095891	harbor2	chr21	31910448	31910490	DNA/TcMar-Tigger	1581	-	21	31910469	14578
chr21	31895891	32095891	harbor2	chr21	31910760	31911025	DNA/TcMar-Tigger	1581	-	132	31910892	15001
chr21	31895891	32095891	harbor2	chr21	31915003	31915222	DNA/TcMar-Tigger	772	-	110	31915113	19222
chr21	40003845	40203845	harbor2	chr21	40066961	40067314	DNA/TcMar-Tigger	1802	-	176	40067137	63292
chr21	37284892	37484892	harbor2	chr21	37327862	37328084	DNA/TcMar-Tigger	2080	-	111	37327973	43081
chr21	37284892	37484892	harbor2	chr21	37328357	37328509	DNA/TcMar-Tigger	2080	-	76	37328433	43541
chr21	34437425	34637425	harbor2	chr21	34512484	34512812	DNA/TcMar-Tigger	1176	-	164	34512648	75223
chr21	33373883	33573883	harbor2	chr21	33386791	33387008	DNA/TcMar-Tigger	618	-	108	33386899	13016
chr21	33373883	33573883	harbor2	chr21	33459765	33460081	DNA/TcMar-Tigger	1089	-	158	33459923	86040
chr21	45621915	45821915	harbor2	chr21	45702403	45703508	DNA/TcMar-Tigger	7146	-	552	45702955	81040
chr21	30033587	30233587	harbor2	chr21	30112903	30115269	DNA/TcMar-Tigger	13909	-	1183	30114086	80499
chr21	24427357	24627357	harbor2	chr21	24485100	24485729	DNA/TcMar-Tigger	2789	-	314	24485414	58057
chr21	28196245	28396245	harbor2	chr21	28280466	28281488	DNA/TcMar-Tigger	5163	-	511	28280977	84732
chr21	36273269	36473269	harbor2	chr21	36352440	36352664	DNA/TcMar-Tigger	1235	-	112	36352552	79283
chr21	36273269	36473269	harbor2	chr21	36352693	36352822	DNA/TcMar-Tigger	671	-	64	36352757	79488
chr21	36273269	36473269	harbor2	chr21	36354100	36354311	DNA/TcMar-Tigger	7422	-	106	36354206	80937
chr21	36273269	36473269	harbor2	chr21	36354601	36355667	DNA/TcMar-Tigger	7422	-	533	36355134	81865
chr21	36273269	36473269	harbor2	chr21	36363077	36363144	DNA/TcMar-Tigger	1803	-	34	36363111	89842
chr21	36273269	36473269	harbor2	chr21	36363437	36363722	DNA/TcMar-Tigger	1803	-	142	36363579	90310
chr21	36273269	36473269	harbor2	chr21	36371321	36371685	DNA/TcMar-Tigger	1931	-	182	36371503	98234
chr21	36273269	36473269	harbor2	chr21	36355854	36356484	DNA/TcMar-Tigger	2530	-	315	36356169	82900
chr21	19688838	19888838	harbor2	chr21	19705492	19705974	DNA/TcMar-Tigger	2074	-	241	19705733	16895
chr21	19688838	19888838	harbor2	chr21	19721986	19722053	DNA/TcMar-Tigger	6142	-	34	19722020	33182
chr21	19688838	19888838	harbor2	chr21	19722361	19723720	DNA/TcMar-Tigger	8042	-	680	19723041	34203
chr22	22144665	22344665	harbor2	chr22	22237850	22237946	DNA/TcMar-Tigger	462	-	48	22237898	93233
chr22	22144665	22344665	harbor2	chr22	22239812	22240010	DNA/TcMar-Tigger	1762	-	99	22239911	95246
chr22	22144665	22344665	harbor2	chr22	22240296	22240523	DNA/TcMar-Tigger	1762	-	114	22240410	95745
chr22	39591802	39791802	harbor2	chr22	39594819	39595008	DNA/TcMar-Tigger	1322	-	94	39594913	3111
chr22	39591802	39791802	harbor2	chr22	39595318	39595341	DNA/TcMar-Tigger	1322	-	12	39595330	3528
chr22	39591802	39791802	harbor2	chr22	39595641	39595785	DNA/TcMar-Tigger	1322	-	72	39595713	3911
chr22	15742458	15942458	harbor2	chr22	15828412	15828527	DNA/TcMar-Tigger	3019	-	58	15828470	86012
chr22	15742458	15942458	harbor2	chr22	15828659	15828735	DNA/TcMar-Tigger	3019	-	38	15828697	86239
chr22	15742458	15942458	harbor2	chr22	15828868	15829349	DNA/TcMar-Tigger	3019	-	240	15829108	86650
chr22	15742458	15942458	harbor2	chr22	15831973	15832616	DNA/TcMar-Tigger	2742	-	322	15832295	89837
chr22	15742458	15942458	harbor2	chr22	15834078	15834187	DNA/TcMar-Tigger	652	-	54	15834132	91674
chr22	15742458	15942458	harbor2	chr22	15835518	15835719	DNA/TcMar-Tigger	1335	-	100	15835618	93160
chr22	50593495	50793495	harbor2	chr22	50615819	50615928	DNA/TcMar-Tigger	622	-	54	50615873	22378
chr22	50593495	50793495	harbor2	chr22	50616047	50616057	DNA/TcMar-Tigger	622	-	5	50616052	22557
chr22	50593495	50793495	harbor2	chr22	50616320	50616400	DNA/TcMar-Tigger	423	-	40	50616360	22865
chr22	50593495	50793495	harbor2	chr22	50617414	50617720	DNA/TcMar-Tigger	2361	-	153	50617567	24072
chr22	50593495	50793495	harbor2	chr22	50618018	50618106	DNA/TcMar-Tigger	2361	-	44	50618062	24567
chr22	50593495	50793495	harbor2	chr22	50618259	50618519	DNA/TcMar-Tigger	1377	-	130	50618389	24894
chr22	50593495	50793495	harbor2	chr22	50618821	50618979	DNA/TcMar-Tigger	3137	-	79	50618900	25405
chr22	50593495	50793495	harbor2	chr22	50619278	50619626	DNA/TcMar-Tigger	3137	-	174	50619452	25957
chr22	43484664	43684664	harbor2	chr22	43567200	43567454	DNA/TcMar-Tigger	882	-	127	43567327	82663
chr22	33344060	33544060	harbor2	chr22	33354368	33354559	DNA/TcMar-Tigger	1026	-	96	33354464	10404
chr22	33344060	33544060	harbor2	chr22	33363183	33363236	DNA/TcMar-Tigger	2004	-	26	33363209	19149
chr22	33344060	33544060	harbor2	chr22	33363609	33363933	DNA/TcMar-Tigger	2004	-	162	33363771	19711
chr22	33344060	33544060	harbor2	chr22	33368681	33369195	DNA/TcMar-Tigger	3386	-	257	33368938	24878
chr22	41672984	41872984	harbor2	chr22	41727983	41728214	DNA/TcMar-Tigger	1236	-	116	41728099	55115
chr22	41672984	41872984	harbor2	chr22	41771967	41772211	DNA/TcMar-Tigger	1484	-	122	41772089	99105
chr22	48257209	48457209	harbor2	chr22	48327006	48327139	DNA/TcMar-Tigger	693	-	66	48327072	69863
chr22	48257209	48457209	harbor2	chr22	48327137	48327227	DNA/TcMar-Tigger	565	-	45	48327182	69973
chr22	24011935	24211935	harbor2	chr22	24027963	24028182	DNA/TcMar-Tigger	1479	-	110	24028073	16138
chr22	24011935	24211935	harbor2	chr22	24028172	24028327	DNA/TcMar-Tigger	741	-	78	24028250	16315
chr22	24011935	24211935	harbor2	chr22	24039823	24039952	DNA/TcMar-Tigger	404	-	64	24039887	27952
chr22	24011935	24211935	harbor2	chr22	24111106	24111280	DNA/TcMar-Tigger	1695	-	87	24111193	99258
chr22	24011935	24211935	harbor2	chr22	24111614	24111805	DNA/TcMar-Tigger	1695	-	96	24111710	99775
chr22	16440141	16640141	harbor2	chr22	16475122	16475653	DNA/TcMar-Tigger	3275	-	266	16475388	35247
chr22	16440141	16640141	harbor2	chr22	16510268	16510521	DNA/TcMar-Tigger	644	-	126	16510394	70253
chr22	26689098	26889098	harbor2	chr22	26715744	26716318	DNA/TcMar-Tigger	2495	-	287	26716031	26933
chr22	26689098	26889098	harbor2	chr22	26744718	26744793	DNA/TcMar-Tigger	417	-	38	26744756	55658
chr22	36925262	37125262	harbor2	chr22	36944337	36945446	DNA/TcMar-Tigger	13257	-	554	36944891	19629
chr22	36925262	37125262	harbor2	chr22	36946110	36947138	DNA/TcMar-Tigger	13257	-	514	36946624	21362
chr22	36925262	37125262	harbor2	chr22	36947746	36947889	DNA/TcMar-Tigger	13257	-	72	36947818	22556
chr22	43018281	43218281	harbor2	chr22	43062141	43062210	DNA/TcMar-Tigger	1653	-	34	43062175	43894
chr22	43018281	43218281	harbor2	chr22	43062521	43062548	DNA/TcMar-Tigger	1653	-	14	43062535	44254
chr22	43018281	43218281	harbor2	chr22	43062842	43063127	DNA/TcMar-Tigger	1653	-	142	43062984	44703
chr22	18996133	19196133	harbor2	chr22	18999750	19000000	DNA/TcMar-Tigger	1468	-	125	18999875	3742
chr22	18996133	19196133	harbor2	chr22	19000006	19001125	DNA/TcMar-Tigger	7154	-	560	19000566	4433
chr22	28112470	28312470	harbor2	chr22	28131366	28131665	DNA/TcMar-Tigger	1487	-	150	28131516	19046
chr22	28112470	28312470	harbor2	chr22	28148990	28149209	DNA/TcMar-Tigger	1416	-	110	28149100	36630
chr22	28112470	28312470	harbor2	chr22	28149541	28149704	DNA/TcMar-Tigger	1051	-	82	28149623	37153
chr22	40053222	40253222	harbor2	chr22	40070720	40071057	DNA/TcMar-Tigger	1226	-	168	40070888	17666
chr22	40053222	40253222	harbor2	chr22	40114925	40115186	DNA/TcMar-Tigger	456	-	130	40115055	61833
chr22	46695745	46895745	harbor2	chr22	46777793	46778764	DNA/TcMar-Tigger	6321	-	486	46778279	82534
chr22	46695745	46895745	harbor2	chr22	46779059	46779356	DNA/TcMar-Tigger	6321	-	148	46779207	83462
chr22	26898866	27098866	harbor2	chr22	26907183	26907434	DNA/TcMar-Tigger	1788	-	126	26907309	8443
chr22	26898866	27098866	harbor2	chr22	26908052	26908140	DNA/TcMar-Tigger	528	-	44	26908096	9230
chr22	45160513	45360513	harbor2	chr22	45216936	45217078	DNA/TcMar-Tigger	2416	-	71	45217007	56494
chr22	45160513	45360513	harbor2	chr22	45217389	45217785	DNA/TcMar-Tigger	2416	-	198	45217587	57074
chr22	46294727	46494727	harbor2	chr22	46383918	46383960	DNA/TcMar-Tigger	576	-	21	46383939	89212
chr22	46294727	46494727	harbor2	chr22	46384236	46384363	DNA/TcMar-Tigger	576	-	64	46384300	89573
chr22	32112552	32312552	harbor2	chr22	32169111	32169232	DNA/TcMar-Tigger	1733	-	60	32169171	56619
chr22	32112552	32312552	harbor2	chr22	32169531	32169907	DNA/TcMar-Tigger	1733	-	188	32169719	57167
chr22	45293483	45493483	harbor2	chr22	45338606	45338826	DNA/TcMar-Tigger	453	-	110	45338716	45233
chr22	45293483	45493483	harbor2	chr22	45358809	45359131	DNA/TcMar-Tigger	1595	-	161	45358970	65487
chr22	45680331	45880331	harbor2	chr22	45688810	45689096	DNA/TcMar-Tigger	708	-	143	45688953	8622
chr22	45680331	45880331	harbor2	chr22	45772792	45773078	DNA/TcMar-Tigger	1203	-	143	45772935	92604
chr22	46904972	47104972	harbor2	chr22	46940181	46940331	DNA/TcMar-Tigger	893	-	75	46940256	35284
chr22	46904972	47104972	harbor2	chr22	46939982	46940191	DNA/TcMar-Tigger	1131	-	104	46940086	35114
chr22	46904972	47104972	harbor2	chr22	46987465	46989758	DNA/TcMar-Tigger	13447	-	1146	46988611	83639
chr22	40785163	40985163	harbor2	chr22	40786409	40786732	DNA/TcMar-Tigger	1964	-	162	40786571	1408
chr22	40785163	40985163	harbor2	chr22	40787336	40787479	DNA/TcMar-Tigger	677	-	72	40787408	2245
chr22	36706475	36906475	harbor2	chr22	36717588	36717916	DNA/TcMar-Tigger	1855	-	164	36717752	11277
chr22	36706475	36906475	harbor2	chr22	36780248	36780547	DNA/TcMar-Tigger	1300	-	150	36780398	73923
chr22	37866634	38066634	harbor2	chr22	37876997	37877322	DNA/TcMar-Tigger	1752	-	162	37877159	10525
chr22	33500920	33700920	harbor2	chr22	33574196	33574493	DNA/TcMar-Tigger	1691	-	148	33574344	73424
chr22	33500920	33700920	harbor2	chr22	33576664	33577005	DNA/TcMar-Tigger	1714	-	170	33576834	75914
chr22	44563860	44763860	harbor2	chr22	44644781	44645126	DNA/TcMar-Tigger	2133	-	172	44644953	81093
chr22	21758119	21958119	harbor2	chr22	21808182	21808668	DNA/TcMar-Tigger	571	-	243	21808425	50306
chr22	21758119	21958119	harbor2	chr22	21842919	21843203	DNA/TcMar-Tigger	1081	-	142	21843061	84942
chr22	21758119	21958119	harbor2	chr22	21856957	21857032	DNA/TcMar-Tigger	2014	-	38	21856995	98876
chr22	21758119	21958119	harbor2	chr22	21857340	21857600	DNA/TcMar-Tigger	2014	-	130	21857470	99351
chr22	38405633	38605633	harbor2	chr22	38472076	38472175	DNA/TcMar-Tigger	636	-	50	38472126	66493
chr22	49875513	50075513	harbor2	chr22	49920981	49921361	DNA/TcMar-Tigger	1112	-	190	49921171	45658
chr22	20826285	21026285	harbor2	chr22	20876846	20877141	DNA/TcMar-Tigger	762	-	148	20876994	50709
chr22	20826285	21026285	harbor2	chr22	20877737	20877910	DNA/TcMar-Tigger	762	-	86	20877823	51538
chr22	38826857	39026857	harbor2	chr22	38917755	38918101	DNA/TcMar-Tigger	15327	-	173	38917928	91071
chr22	38826857	39026857	harbor2	chr22	38918415	38920381	DNA/TcMar-Tigger	15327	-	983	38919398	92541
chr22	19399630	19599630	harbor2	chr22	19458830	19459165	DNA/TcMar-Tigger	1876	-	168	19458998	59368
chr22	19399630	19599630	harbor2	chr22	19476581	19476724	DNA/TcMar-Tigger	1259	-	72	19476653	77023
chr22	19399630	19599630	harbor2	chr22	19477027	19477177	DNA/TcMar-Tigger	1259	-	75	19477102	77472
chr22	30812209	31012209	harbor2	chr22	30841539	30841716	DNA/TcMar-Tigger	949	-	88	30841627	29418
chr22	30812209	31012209	harbor2	chr22	30842319	30842769	DNA/TcMar-Tigger	11556	-	225	30842544	30335
chr22	30812209	31012209	harbor2	chr22	30843084	30843582	DNA/TcMar-Tigger	11556	-	249	30843333	31124
chr22	30812209	31012209	harbor2	chr22	30844175	30845149	DNA/TcMar-Tigger	11556	-	487	30844662	32453
chr22	30812209	31012209	harbor2	chr22	30845455	30845601	DNA/TcMar-Tigger	11556	-	73	30845528	33319
chr22	30812209	31012209	harbor2	chr22	30845899	30845936	DNA/TcMar-Tigger	11556	-	18	30845917	33708
chr22	30812209	31012209	harbor2	chr22	30888763	30889043	DNA/TcMar-Tigger	1617	-	140	30888903	76694
chr22	26873842	27073842	harbor2	chr22	26907183	26907434	DNA/TcMar-Tigger	1788	-	126	26907309	33467
chr22	26873842	27073842	harbor2	chr22	26908052	26908140	DNA/TcMar-Tigger	528	-	44	26908096	34254
chr22	49869458	50069458	harbor2	chr22	49871498	49871742	DNA/TcMar-Tigger	3478	-	122	49871620	2162
chr22	49869458	50069458	harbor2	chr22	49872043	49872526	DNA/TcMar-Tigger	3478	-	242	49872285	2827
chr22	49869458	50069458	harbor2	chr22	49873131	49873694	DNA/TcMar-Tigger	2909	-	282	49873413	3955
chr22	49869458	50069458	harbor2	chr22	49920981	49921361	DNA/TcMar-Tigger	1112	-	190	49921171	51713
chr22	50602852	50802852	harbor2	chr22	50615819	50615928	DNA/TcMar-Tigger	622	-	54	50615873	13021
chr22	50602852	50802852	harbor2	chr22	50616047	50616057	DNA/TcMar-Tigger	622	-	5	50616052	13200
chr22	50602852	50802852	harbor2	chr22	50616320	50616400	DNA/TcMar-Tigger	423	-	40	50616360	13508
chr22	50602852	50802852	harbor2	chr22	50617414	50617720	DNA/TcMar-Tigger	2361	-	153	50617567	14715
chr22	50602852	50802852	harbor2	chr22	50618018	50618106	DNA/TcMar-Tigger	2361	-	44	50618062	15210
chr22	50602852	50802852	harbor2	chr22	50618259	50618519	DNA/TcMar-Tigger	1377	-	130	50618389	15537
chr22	50602852	50802852	harbor2	chr22	50618821	50618979	DNA/TcMar-Tigger	3137	-	79	50618900	16048
chr22	50602852	50802852	harbor2	chr22	50619278	50619626	DNA/TcMar-Tigger	3137	-	174	50619452	16600
chr22	32072245	32272245	harbor2	chr22	32169111	32169232	DNA/TcMar-Tigger	1733	-	60	32169171	96926
chr22	32072245	32272245	harbor2	chr22	32169531	32169907	DNA/TcMar-Tigger	1733	-	188	32169719	97474
chr22	40849498	41049498	harbor2	chr22	40942487	40942810	DNA/TcMar-Tigger	1858	-	162	40942649	93151
chrX	149138994	149338994	harbor2	chrX	149225812	149225972	DNA/TcMar-Tigger	832	-	80	149225892	86898
chrX	133993859	134193859	harbor2	chrX	133994294	133994416	DNA/TcMar-Tigger	477	-	61	133994355	496
chrX	152507675	152707675	harbor2	chrX	152535446	152535704	DNA/TcMar-Tigger	1424	-	129	152535575	27900
chrX	152507675	152707675	harbor2	chrX	152576988	152577325	DNA/TcMar-Tigger	1885	-	168	152577156	69481
chrX	147541478	147741478	harbor2	chrX	147622241	147622377	DNA/TcMar-Tigger	999	-	68	147622309	80831
chrX	147541478	147741478	harbor2	chrX	147622693	147622887	DNA/TcMar-Tigger	999	-	97	147622790	81312
chrX	91266562	91466562	harbor2	chrX	91326141	91326458	DNA/TcMar-Tigger	1679	-	158	91326299	59737
chrX	154663780	154863780	harbor2	chrX	154742290	154742615	DNA/TcMar-Tigger	1766	-	162	154742452	78672
chrX	154663780	154863780	harbor2	chrX	154763624	154763888	DNA/TcMar-Tigger	3059	-	132	154763756	99976
chrX	18908355	19108355	harbor2	chrX	18912224	18912484	DNA/TcMar-Tigger	6410	-	130	18912354	3999
chrX	18908355	19108355	harbor2	chrX	18913099	18913402	DNA/TcMar-Tigger	6410	-	152	18913251	4896
chrX	18908355	19108355	harbor2	chrX	18913696	18914278	DNA/TcMar-Tigger	6410	-	291	18913987	5632
chrX	155834425	156034425	harbor2	chrX	155870955	155871771	DNA/TcMar-Tigger	1367	-	408	155871363	36938
chrX	155834425	156034425	harbor2	chrX	155924591	155925414	DNA/TcMar-Tigger	5646	-	412	155925003	90578
chrX	155834425	156034425	harbor2	chrX	155925887	155927134	DNA/TcMar-Tigger	7721	-	624	155926511	92086
chrX	154874720	155074720	harbor2	chrX	154961322	154961528	DNA/TcMar-Tigger	1200	-	103	154961425	86705
chrX	155059601	155259601	harbor2	chrX	155073001	155073435	DNA/TcMar-Tigger	875	-	217	155073218	13617
chrX	155059601	155259601	harbor2	chrX	155094991	155095142	DNA/TcMar-Tigger	783	-	76	155095067	35466
chrX	155059601	155259601	harbor2	chrX	155111856	155112544	DNA/TcMar-Tigger	2989	-	344	155112200	52599
chrX	155059601	155259601	harbor2	chrX	155156080	155156356	DNA/TcMar-Tigger	1483	-	138	155156218	96617
chrX	91674660	91874660	harbor2	chrX	91692871	91693581	DNA/TcMar-Tigger	4383	-	355	91693226	18566
chrX	91674660	91874660	harbor2	chrX	91693597	91693627	DNA/TcMar-Tigger	5228	-	15	91693612	18952
chrX	91674660	91874660	harbor2	chrX	91693891	91694851	DNA/TcMar-Tigger	5228	-	480	91694371	19711
chrX	91674660	91874660	harbor2	chrX	91700427	91700742	DNA/TcMar-Tigger	1280	-	158	91700585	25925
chrX	91674660	91874660	harbor2	chrX	91722773	91723050	DNA/TcMar-Tigger	501	-	138	91722911	48251
chrX	91674660	91874660	harbor2	chrX	91769425	91769516	DNA/TcMar-Tigger	523	-	46	91769471	94811
chrX	151019982	151219982	harbor2	chrX	151039508	151039831	DNA/TcMar-Tigger	1734	-	162	151039670	19688
chrX	132672815	132872815	harbor2	chrX	132768794	132769610	DNA/TcMar-Tigger	2250	-	408	132769202	96387
