H_chr	H_start	H_end	Harbor	TE_chr	TE_start	TE_end	TE	score	TE_strand	TE_half	TE_middle_pos	TE_dis
chr1	96244610	96444610	harbor1	chr1	96309923	96310144	DNA/hAT-Charlie	1035	+	110	96310033	65423
chr1	96244610	96444610	harbor1	chr1	96335112	96335411	DNA/hAT-Charlie	1282	+	150	96335262	90652
chr1	193326713	193526713	harbor1	chr1	193419773	193421150	DNA/hAT-Charlie	5376	+	688	193420461	93748
chr1	56532729	56732729	harbor1	chr1	56545998	56546131	DNA/hAT-Charlie	544	+	66	56546064	13335
chr1	56532729	56732729	harbor1	chr1	56588455	56588548	DNA/hAT-Charlie	441	+	46	56588501	55772
chr1	56532729	56732729	harbor1	chr1	56588557	56588692	DNA/hAT-Charlie	775	+	68	56588625	55896
chr1	2751372	2951372	harbor1	chr1	2830477	2830589	DNA/hAT-Charlie	430	+	56	2830533	79161
chr1	2751372	2951372	harbor1	chr1	2835946	2836170	DNA/hAT-Charlie	811	+	112	2836058	84686
chr1	2751372	2951372	harbor1	chr1	2836172	2836389	DNA/hAT-Charlie	532	+	108	2836280	84908
chr1	2751372	2951372	harbor1	chr1	2846296	2846392	DNA/hAT-Charlie	499	+	48	2846344	94972
chr1	2751372	2951372	harbor1	chr1	2846704	2846831	DNA/hAT-Charlie	499	+	64	2846768	95396
chr1	38045254	38245254	harbor1	chr1	38066426	38066731	DNA/hAT-Charlie	1277	+	152	38066578	21324
chr1	38045254	38245254	harbor1	chr1	38116912	38117054	DNA/hAT-Charlie	577	+	71	38116983	71729
chr1	38045254	38245254	harbor1	chr1	38124775	38124939	DNA/hAT-Charlie	628	+	82	38124857	79603
chr1	38045254	38245254	harbor1	chr1	38124954	38125133	DNA/hAT-Charlie	725	+	90	38125044	79790
chr1	61689580	61889580	harbor1	chr1	61712052	61712262	DNA/hAT-Charlie	1154	+	105	61712157	22577
chr1	61689580	61889580	harbor1	chr1	61747781	61747918	DNA/hAT-Charlie	533	+	68	61747849	58269
chr1	61689580	61889580	harbor1	chr1	61754983	61755017	DNA/hAT-Charlie	527	+	17	61755000	65420
chr1	61689580	61889580	harbor1	chr1	61755324	61755514	DNA/hAT-Charlie	542	+	95	61755419	65839
chr1	61689580	61889580	harbor1	chr1	61756333	61756524	DNA/hAT-Charlie	1089	+	96	61756429	66849
chr1	61689580	61889580	harbor1	chr1	61759132	61759318	DNA/hAT-Charlie	1427	+	93	61759225	69645
chr1	61689580	61889580	harbor1	chr1	61776210	61776728	DNA/hAT-Charlie	4379	+	259	61776469	86889
chr1	61689580	61889580	harbor1	chr1	61777025	61777282	DNA/hAT-Charlie	4379	+	128	61777153	87573
chr1	61689580	61889580	harbor1	chr1	61777563	61777684	DNA/hAT-Charlie	4379	+	60	61777623	88043
chr1	61689580	61889580	harbor1	chr1	61778316	61778718	DNA/hAT-Charlie	3121	+	201	61778517	88937
chr1	61689580	61889580	harbor1	chr1	61778998	61779125	DNA/hAT-Charlie	3121	+	64	61779062	89482
chr1	61689580	61889580	harbor1	chr1	61780721	61780830	DNA/hAT-Charlie	417	+	54	61780775	91195
chr1	102982162	103182162	harbor1	chr1	103055637	103055821	DNA/hAT-Charlie	1025	+	92	103055729	73567
chr1	236259460	236459460	harbor1	chr1	236287320	236287389	DNA/hAT-Charlie	519	+	34	236287354	27894
chr1	236259460	236459460	harbor1	chr1	236287769	236287869	DNA/hAT-Charlie	744	+	50	236287819	28359
chr1	236259460	236459460	harbor1	chr1	236332491	236332812	DNA/hAT-Charlie	1941	+	160	236332651	73191
chr1	236259460	236459460	harbor1	chr1	236338915	236339048	DNA/hAT-Charlie	722	+	66	236338981	79521
chr1	236259460	236459460	harbor1	chr1	236356491	236356801	DNA/hAT-Charlie	1467	+	155	236356646	97186
chr1	236259460	236459460	harbor1	chr1	236357107	236357305	DNA/hAT-Charlie	1467	+	99	236357206	97746
chr1	247505213	247705213	harbor1	chr1	247547736	247547872	DNA/hAT-Charlie	574	+	68	247547804	42591
chr1	145761999	145961999	harbor1	chr1	145770386	145770595	DNA/hAT-Charlie	875	+	104	145770490	8491
chr1	145761999	145961999	harbor1	chr1	145810144	145810236	DNA/hAT-Charlie	788	+	46	145810190	48191
chr1	145761999	145961999	harbor1	chr1	145810673	145810856	DNA/hAT-Charlie	788	+	92	145810765	48766
chr1	145761999	145961999	harbor1	chr1	145811170	145811239	DNA/hAT-Charlie	788	+	34	145811204	49205
chr1	206125916	206325916	harbor1	chr1	206132727	206132767	DNA/hAT-Charlie	793	+	20	206132747	6831
chr1	206125916	206325916	harbor1	chr1	206133081	206133371	DNA/hAT-Charlie	793	+	145	206133226	7310
chr1	206125916	206325916	harbor1	chr1	206151577	206151621	DNA/hAT-Charlie	3373	+	22	206151599	25683
chr1	206125916	206325916	harbor1	chr1	206152241	206152966	DNA/hAT-Charlie	3373	+	362	206152603	26687
chr1	206125916	206325916	harbor1	chr1	206153098	206153625	DNA/hAT-Charlie	3373	+	264	206153362	27446
chr1	206125916	206325916	harbor1	chr1	206155027	206155154	DNA/hAT-Charlie	556	+	64	206155091	29175
chr1	206125916	206325916	harbor1	chr1	206197371	206197619	DNA/hAT-Charlie	1250	+	124	206197495	71579
chr1	47107050	47307050	harbor1	chr1	47138520	47138740	DNA/hAT-Charlie	1528	+	110	47138630	31580
chr1	47107050	47307050	harbor1	chr1	47195394	47195480	DNA/hAT-Charlie	1389	+	43	47195437	88387
chr1	47107050	47307050	harbor1	chr1	47195791	47196087	DNA/hAT-Charlie	1389	+	148	47195939	88889
chr1	47107050	47307050	harbor1	chr1	47196376	47196485	DNA/hAT-Charlie	1389	+	54	47196430	89380
chr1	74353744	74553744	harbor1	chr1	74365374	74365525	DNA/hAT-Charlie	478	+	76	74365450	11706
chr1	74353744	74553744	harbor1	chr1	74402765	74402948	DNA/hAT-Charlie	1212	+	92	74402857	49113
chr1	74353744	74553744	harbor1	chr1	74406213	74406435	DNA/hAT-Charlie	1472	+	111	74406324	52580
chr1	240850481	241050481	harbor1	chr1	240903220	240903430	DNA/hAT-Charlie	1058	+	105	240903325	52844
chr1	240850481	241050481	harbor1	chr1	240908930	240909530	DNA/hAT-Charlie	1419	+	300	240909230	58749
chr1	114150221	114350221	harbor1	chr1	114178861	114179018	DNA/hAT-Charlie	696	+	78	114178939	28718
chr1	114150221	114350221	harbor1	chr1	114180167	114180294	DNA/hAT-Charlie	713	+	64	114180231	30010
chr1	114150221	114350221	harbor1	chr1	114199224	114199489	DNA/hAT-Charlie	1015	+	132	114199356	49135
chr1	114150221	114350221	harbor1	chr1	114233109	114233542	DNA/hAT-Charlie	5763	+	216	114233325	83104
chr1	114150221	114350221	harbor1	chr1	114233571	114234503	DNA/hAT-Charlie	5763	+	466	114234037	83816
chr1	114150221	114350221	harbor1	chr1	114238660	114238852	DNA/hAT-Charlie	995	+	96	114238756	88535
chr1	199803951	200003951	harbor1	chr1	199868767	199868954	DNA/hAT-Charlie	916	+	94	199868861	64910
chr1	230369077	230569077	harbor1	chr1	230385834	230385992	DNA/hAT-Charlie	752	+	79	230385913	16836
chr1	230369077	230569077	harbor1	chr1	230417935	230418122	DNA/hAT-Charlie	1081	+	94	230418029	48952
chr1	201026708	201226708	harbor1	chr1	201055320	201055498	DNA/hAT-Charlie	576	+	89	201055409	28701
chr1	201026708	201226708	harbor1	chr1	201090643	201091139	DNA/hAT-Charlie	2167	+	248	201090891	64183
chr1	201026708	201226708	harbor1	chr1	201098235	201098428	DNA/hAT-Charlie	459	+	96	201098331	71623
chr1	4794226	4994226	harbor1	chr1	4795419	4795620	DNA/hAT-Charlie	699	+	100	4795519	1293
chr1	21703949	21903949	harbor1	chr1	21732294	21732458	DNA/hAT-Charlie	489	+	82	21732376	28427
chr1	21703949	21903949	harbor1	chr1	21732664	21732973	DNA/hAT-Charlie	837	+	154	21732818	28869
chr1	144283332	144483332	harbor1	chr1	144294314	144294508	DNA/hAT-Charlie	491	+	97	144294411	11079
chr1	144283332	144483332	harbor1	chr1	144294511	144294637	DNA/hAT-Charlie	503	+	63	144294574	11242
chr1	144283332	144483332	harbor1	chr1	144297063	144297145	DNA/hAT-Charlie	622	+	41	144297104	13772
chr1	144283332	144483332	harbor1	chr1	144297387	144297476	DNA/hAT-Charlie	622	+	44	144297431	14099
chr1	144283332	144483332	harbor1	chr1	144312285	144312503	DNA/hAT-Charlie	556	+	109	144312394	29062
chr1	144283332	144483332	harbor1	chr1	144352954	144353136	DNA/hAT-Charlie	543	+	91	144353045	69713
chr1	220592982	220792982	harbor1	chr1	220639961	220640038	DNA/hAT-Charlie	423	+	38	220639999	47017
chr1	67038643	67238643	harbor1	chr1	67102085	67102276	DNA/hAT-Charlie	499	+	96	67102181	63538
chr1	152106119	152306119	harbor1	chr1	152130915	152131088	DNA/hAT-Charlie	758	+	86	152131001	24882
chr1	152106119	152306119	harbor1	chr1	152175461	152175700	DNA/hAT-Charlie	1328	+	120	152175581	69462
chr1	152106119	152306119	harbor1	chr1	152175708	152176892	DNA/hAT-Charlie	5920	+	592	152176300	70181
chr1	152106119	152306119	harbor1	chr1	152177690	152177918	DNA/hAT-Charlie	1257	+	114	152177804	71685
chr1	152106119	152306119	harbor1	chr1	152178394	152178797	DNA/hAT-Charlie	2079	+	202	152178596	72477
chr1	152106119	152306119	harbor1	chr1	152178950	152179206	DNA/hAT-Charlie	1206	+	128	152179078	72959
chr1	179157233	179357233	harbor1	chr1	179168016	179168186	DNA/hAT-Charlie	672	+	85	179168101	10868
chr1	179157233	179357233	harbor1	chr1	179168498	179168569	DNA/hAT-Charlie	672	+	36	179168534	11301
chr1	179157233	179357233	harbor1	chr1	179218729	179218870	DNA/hAT-Charlie	744	+	70	179218799	61566
chr1	179157233	179357233	harbor1	chr1	179225537	179225751	DNA/hAT-Charlie	1257	+	107	179225644	68411
chr1	59604000	59804000	harbor1	chr1	59665106	59665248	DNA/hAT-Charlie	426	+	71	59665177	61177
chr1	59604000	59804000	harbor1	chr1	59694826	59695010	DNA/hAT-Charlie	444	+	92	59694918	90918
chr1	233496035	233696035	harbor1	chr1	233523540	233524138	DNA/hAT-Charlie	1491	+	299	233523839	27804
chr1	233496035	233696035	harbor1	chr1	233524243	233524402	DNA/hAT-Charlie	482	+	80	233524323	28288
chr1	233496035	233696035	harbor1	chr1	233583526	233583690	DNA/hAT-Charlie	611	+	82	233583608	87573
chr1	200422372	200622372	harbor1	chr1	200483480	200483655	DNA/hAT-Charlie	624	+	88	200483568	61196
chr1	200422372	200622372	harbor1	chr1	200497161	200497241	DNA/hAT-Charlie	537	+	40	200497201	74829
chr1	28884288	29084288	harbor1	chr1	28983407	28983503	DNA/hAT-Charlie	517	+	48	28983455	99167
chr1	82675227	82875227	harbor1	chr1	82690976	82691236	DNA/hAT-Charlie	453	+	130	82691106	15879
chr1	82675227	82875227	harbor1	chr1	82756903	82757122	DNA/hAT-Charlie	1051	+	110	82757013	81786
chr1	214447168	214647168	harbor1	chr1	214513349	214513638	DNA/hAT-Charlie	795	+	144	214513493	66325
chr1	214447168	214647168	harbor1	chr1	214546138	214546319	DNA/hAT-Charlie	561	+	90	214546228	99060
chr1	5150589	5350589	harbor1	chr1	5235204	5235362	DNA/hAT-Charlie	616	+	79	5235283	84694
chr1	5150589	5350589	harbor1	chr1	5249660	5249982	DNA/hAT-Charlie	545	+	161	5249821	99232
chr1	25316005	25516005	harbor1	chr1	25337538	25337749	DNA/hAT-Charlie	911	+	106	25337644	21639
chr1	17254467	17454467	harbor1	chr1	17291786	17291978	DNA/hAT-Charlie	1005	+	96	17291882	37415
chr1	181849301	182049301	harbor1	chr1	181912283	181912455	DNA/hAT-Charlie	525	+	86	181912369	63068
chr1	181849301	182049301	harbor1	chr1	181937614	181937961	DNA/hAT-Charlie	1399	+	174	181937788	88487
chr1	181849301	182049301	harbor1	chr1	181938265	181938432	DNA/hAT-Charlie	1399	+	84	181938349	89048
chr1	93927525	94127525	harbor1	chr1	93988718	93988852	DNA/hAT-Charlie	695	+	67	93988785	61260
chr1	93927525	94127525	harbor1	chr1	94007180	94007378	DNA/hAT-Charlie	427	+	99	94007279	79754
chr1	93927525	94127525	harbor1	chr1	94007836	94008160	DNA/hAT-Charlie	1141	+	162	94007998	80473
chr1	177311812	177511812	harbor1	chr1	177339174	177339235	DNA/hAT-Charlie	520	+	30	177339204	27392
chr1	177311812	177511812	harbor1	chr1	177339546	177339640	DNA/hAT-Charlie	520	+	47	177339593	27781
chr1	177311812	177511812	harbor1	chr1	177347552	177347745	DNA/hAT-Charlie	1010	+	96	177347648	35836
chr1	85028211	85228211	harbor1	chr1	85063854	85064160	DNA/hAT-Charlie	1040	+	153	85064007	35796
chr1	85028211	85228211	harbor1	chr1	85121946	85122106	DNA/hAT-Charlie	649	+	80	85122026	93815
chr1	116667850	116867850	harbor1	chr1	116698939	116699089	DNA/hAT-Charlie	830	+	75	116699014	31164
chr1	116667850	116867850	harbor1	chr1	116699499	116699689	DNA/hAT-Charlie	534	+	95	116699594	31744
chr1	116667850	116867850	harbor1	chr1	116723322	116723535	DNA/hAT-Charlie	1062	+	106	116723428	55578
chr1	116667850	116867850	harbor1	chr1	116735969	116736238	DNA/hAT-Charlie	1419	+	134	116736103	68253
chr1	64770902	64970902	harbor1	chr1	64831665	64831995	DNA/hAT-Charlie	1465	+	165	64831830	60928
chr1	64770902	64970902	harbor1	chr1	64815058	64815277	DNA/hAT-Charlie	1055	+	110	64815168	44266
chr1	72008290	72208290	harbor1	chr1	72027779	72027945	DNA/hAT-Charlie	625	+	83	72027862	19572
chr1	72008290	72208290	harbor1	chr1	72051527	72052022	DNA/hAT-Charlie	2129	+	248	72051775	43485
chr1	72008290	72208290	harbor1	chr1	72052074	72052922	DNA/hAT-Charlie	1403	+	424	72052498	44208
chr1	72008290	72208290	harbor1	chr1	72088205	72088375	DNA/hAT-Charlie	662	+	85	72088290	80000
chr1	175248650	175448650	harbor1	chr1	175288216	175288419	DNA/hAT-Charlie	805	+	102	175288318	39668
chr1	175248650	175448650	harbor1	chr1	175304156	175304269	DNA/hAT-Charlie	487	+	56	175304212	55562
chr1	175248650	175448650	harbor1	chr1	175304392	175304572	DNA/hAT-Charlie	860	+	90	175304482	55832
chr1	175248650	175448650	harbor1	chr1	175310864	175311058	DNA/hAT-Charlie	1005	+	97	175310961	62311
chr1	175248650	175448650	harbor1	chr1	175332853	175333374	DNA/hAT-Charlie	610	+	260	175333113	84463
chr1	207860445	208060445	harbor1	chr1	207881163	207881377	DNA/hAT-Charlie	2167	+	107	207881270	20825
chr1	207860445	208060445	harbor1	chr1	207881684	207881971	DNA/hAT-Charlie	2167	+	144	207881828	21383
chr1	207860445	208060445	harbor1	chr1	207905050	207905137	DNA/hAT-Charlie	870	+	44	207905094	44649
chr1	207860445	208060445	harbor1	chr1	207905436	207905563	DNA/hAT-Charlie	870	+	64	207905500	45055
chr1	65360987	65560987	harbor1	chr1	65363557	65363803	DNA/hAT-Charlie	1229	+	123	65363680	2693
chr1	65360987	65560987	harbor1	chr1	65395490	65395783	DNA/hAT-Charlie	1332	+	146	65395636	34649
chr1	65360987	65560987	harbor1	chr1	65427944	65428164	DNA/hAT-Charlie	827	+	110	65428054	67067
chr1	65360987	65560987	harbor1	chr1	65432325	65432473	DNA/hAT-Charlie	629	+	74	65432399	71412
chr1	220494210	220694210	harbor1	chr1	220514917	220515112	DNA/hAT-Charlie	629	+	98	220515015	20805
chr1	220494210	220694210	harbor1	chr1	220542950	220543396	DNA/hAT-Charlie	859	+	223	220543173	48963
chr1	220494210	220694210	harbor1	chr1	220554325	220554541	DNA/hAT-Charlie	1097	+	108	220554433	60223
chr1	220494210	220694210	harbor1	chr1	220583621	220583650	DNA/hAT-Charlie	1922	+	14	220583635	89425
chr1	220494210	220694210	harbor1	chr1	220583966	220584849	DNA/hAT-Charlie	1922	+	442	220584408	90198
chr1	220494210	220694210	harbor1	chr1	220585400	220585857	DNA/hAT-Charlie	1044	+	228	220585628	91418
chr1	220494210	220694210	harbor1	chr1	220561262	220561480	DNA/hAT-Charlie	1481	+	109	220561371	67161
chr1	229486705	229686705	harbor1	chr1	229491074	229491295	DNA/hAT-Charlie	925	+	110	229491184	4479
chr1	229486705	229686705	harbor1	chr1	229504929	229505152	DNA/hAT-Charlie	1389	+	112	229505041	18336
chr1	229486705	229686705	harbor1	chr1	229524700	229524858	DNA/hAT-Charlie	749	+	79	229524779	38074
chr1	229486705	229686705	harbor1	chr1	229525155	229525208	DNA/hAT-Charlie	749	+	26	229525181	38476
chr1	229486705	229686705	harbor1	chr1	229545554	229545732	DNA/hAT-Charlie	1954	+	89	229545643	58938
chr1	229486705	229686705	harbor1	chr1	229546472	229546589	DNA/hAT-Charlie	1954	+	58	229546530	59825
chr1	229486705	229686705	harbor1	chr1	229546908	229547007	DNA/hAT-Charlie	1954	+	50	229546958	60253
chr1	60407136	60607136	harbor1	chr1	60451935	60452122	DNA/hAT-Charlie	1052	+	94	60452029	44893
chr1	60407136	60607136	harbor1	chr1	60472534	60472699	DNA/hAT-Charlie	728	+	82	60472616	65480
chr1	118666573	118866573	harbor1	chr1	118742123	118743154	DNA/hAT-Charlie	3857	+	516	118742639	76066
chr1	118666573	118866573	harbor1	chr1	118743979	118744287	DNA/hAT-Charlie	3857	+	154	118744133	77560
chr1	118666573	118866573	harbor1	chr1	118752384	118752589	DNA/hAT-Charlie	954	+	102	118752486	85913
chr1	55874565	56074565	harbor1	chr1	55904688	55904864	DNA/hAT-Charlie	445	+	88	55904776	30211
chr1	55874565	56074565	harbor1	chr1	55907062	55907402	DNA/hAT-Charlie	2149	+	170	55907232	32667
chr1	55874565	56074565	harbor1	chr1	55957866	55958157	DNA/hAT-Charlie	622	+	146	55958012	83447
chr1	55874565	56074565	harbor1	chr1	55966964	55967445	DNA/hAT-Charlie	911	+	240	55967204	92639
chr1	61547258	61747258	harbor1	chr1	61570363	61570508	DNA/hAT-Charlie	786	+	72	61570435	23177
chr1	61547258	61747258	harbor1	chr1	61582025	61582340	DNA/hAT-Charlie	1443	+	158	61582183	34925
chr1	61547258	61747258	harbor1	chr1	61635539	61635867	DNA/hAT-Charlie	2086	+	164	61635703	88445
chr1	61547258	61747258	harbor1	chr1	61644061	61644279	DNA/hAT-Charlie	1340	+	109	61644170	96912
chr1	179379132	179579132	harbor1	chr1	179428499	179428897	DNA/hAT-Charlie	1705	+	199	179428698	49566
chr1	179379132	179579132	harbor1	chr1	179429188	179429309	DNA/hAT-Charlie	1705	+	60	179429248	50116
chr1	239145859	239345859	harbor1	chr1	239159046	239159172	DNA/hAT-Charlie	469	+	63	239159109	13250
chr1	235130086	235330086	harbor1	chr1	235151506	235151705	DNA/hAT-Charlie	1073	+	100	235151606	21520
chr1	235130086	235330086	harbor1	chr1	235164984	235165220	DNA/hAT-Charlie	574	+	118	235165102	35016
chr1	235130086	235330086	harbor1	chr1	235166050	235166211	DNA/hAT-Charlie	428	+	80	235166130	36044
chr1	235130086	235330086	harbor1	chr1	235170162	235170365	DNA/hAT-Charlie	986	+	102	235170264	40178
chr1	35024738	35224738	harbor1	chr1	35098551	35098624	DNA/hAT-Charlie	556	+	36	35098587	73849
chr1	35024738	35224738	harbor1	chr1	35098903	35098994	DNA/hAT-Charlie	556	+	46	35098949	74211
chr1	235520757	235720757	harbor1	chr1	235524676	235524887	DNA/hAT-Charlie	522	+	106	235524782	4025
chr1	235520757	235720757	harbor1	chr1	235544405	235544726	DNA/hAT-Charlie	1947	+	160	235544565	23808
chr1	235520757	235720757	harbor1	chr1	235566209	235566654	DNA/hAT-Charlie	2901	+	222	235566431	45674
chr1	235520757	235720757	harbor1	chr1	235598264	235598328	DNA/hAT-Charlie	613	+	32	235598296	77539
chr1	235520757	235720757	harbor1	chr1	235598640	235598732	DNA/hAT-Charlie	613	+	46	235598686	77929
chr1	235520757	235720757	harbor1	chr1	235599027	235599069	DNA/hAT-Charlie	613	+	21	235599048	78291
chr1	235520757	235720757	harbor1	chr1	235599182	235599304	DNA/hAT-Charlie	535	+	61	235599243	78486
chr1	235520757	235720757	harbor1	chr1	235599616	235599671	DNA/hAT-Charlie	535	+	28	235599644	78887
chr1	235520757	235720757	harbor1	chr1	235602293	235602363	DNA/hAT-Charlie	686	+	35	235602328	81571
chr1	235520757	235720757	harbor1	chr1	235601879	235601989	DNA/hAT-Charlie	686	+	55	235601934	81177
chr1	228028121	228228121	harbor1	chr1	228095433	228095634	DNA/hAT-Charlie	1043	+	100	228095533	67412
chr1	118267868	118467868	harbor1	chr1	118349080	118349289	DNA/hAT-Charlie	1220	+	104	118349184	81316
chr1	56036486	56236486	harbor1	chr1	56077706	56077876	DNA/hAT-Charlie	631	+	85	56077791	41305
chr1	56036486	56236486	harbor1	chr1	56077874	56078342	DNA/hAT-Charlie	3677	+	234	56078108	41622
chr1	56036486	56236486	harbor1	chr1	56078640	56079168	DNA/hAT-Charlie	3677	+	264	56078904	42418
chr1	56036486	56236486	harbor1	chr1	56097679	56098010	DNA/hAT-Charlie	1524	+	166	56097845	61359
chr1	56036486	56236486	harbor1	chr1	56124572	56124761	DNA/hAT-Charlie	1148	+	94	56124666	88180
chr1	56036486	56236486	harbor1	chr1	56129989	56130108	DNA/hAT-Charlie	544	+	60	56130049	93563
chr1	66900725	67100725	harbor1	chr1	66947018	66947202	DNA/hAT-Charlie	459	+	92	66947110	46385
chr1	66900725	67100725	harbor1	chr1	66955288	66955336	DNA/hAT-Charlie	593	+	24	66955312	54587
chr1	66900725	67100725	harbor1	chr1	66955365	66955463	DNA/hAT-Charlie	593	+	49	66955414	54689
chr1	90716908	90916908	harbor1	chr1	90771520	90771724	DNA/hAT-Charlie	886	+	102	90771622	54714
chr1	90716908	90916908	harbor1	chr1	90773147	90773237	DNA/hAT-Charlie	415	+	45	90773192	56284
chr1	90716908	90916908	harbor1	chr1	90789694	90789813	DNA/hAT-Charlie	674	+	60	90789754	72846
chr1	90716908	90916908	harbor1	chr1	90793370	90793543	DNA/hAT-Charlie	416	+	86	90793456	76548
chr1	108672567	108872567	harbor1	chr1	108723736	108723910	DNA/hAT-Charlie	613	+	87	108723823	51256
chr1	108672567	108872567	harbor1	chr1	108732364	108732691	DNA/hAT-Charlie	601	+	164	108732528	59961
chr1	108672567	108872567	harbor1	chr1	108739502	108739605	DNA/hAT-Charlie	430	+	52	108739554	66987
chr1	108672567	108872567	harbor1	chr1	108740963	108741138	DNA/hAT-Charlie	921	+	88	108741051	68484
chr1	108672567	108872567	harbor1	chr1	108754631	108754835	DNA/hAT-Charlie	527	+	102	108754733	82166
chr1	234606365	234806365	harbor1	chr1	234664551	234665072	DNA/hAT-Charlie	3674	+	260	234664811	58446
chr1	75516586	75716586	harbor1	chr1	75523716	75523931	DNA/hAT-Charlie	1014	+	108	75523824	7238
chr1	75516586	75716586	harbor1	chr1	75531969	75532133	DNA/hAT-Charlie	904	+	82	75532051	15465
chr1	75516586	75716586	harbor1	chr1	75586987	75587205	DNA/hAT-Charlie	950	+	109	75587096	70510
chr1	70731232	70931232	harbor1	chr1	70789278	70789416	DNA/hAT-Charlie	635	+	69	70789347	58115
chr1	70731232	70931232	harbor1	chr1	70802179	70802289	DNA/hAT-Charlie	553	+	55	70802234	71002
chr1	70731232	70931232	harbor1	chr1	70808353	70808519	DNA/hAT-Charlie	414	+	83	70808436	77204
chr1	70731232	70931232	harbor1	chr1	70809857	70810353	DNA/hAT-Charlie	1597	+	248	70810105	78873
chr1	10728295	10928295	harbor1	chr1	10729570	10729807	DNA/hAT-Charlie	3915	+	118	10729688	1393
chr1	10728295	10928295	harbor1	chr1	10730095	10730108	DNA/hAT-Charlie	3915	+	6	10730101	1806
chr1	10728295	10928295	harbor1	chr1	10730334	10730825	DNA/hAT-Charlie	3915	+	246	10730580	2285
chr1	10728295	10928295	harbor1	chr1	10731116	10731301	DNA/hAT-Charlie	3915	+	92	10731208	2913
chr1	10728295	10928295	harbor1	chr1	10731614	10732042	DNA/hAT-Charlie	3915	+	214	10731828	3533
chr1	10728295	10928295	harbor1	chr1	10732342	10732440	DNA/hAT-Charlie	3915	+	49	10732391	4096
chr1	10728295	10928295	harbor1	chr1	10769283	10769397	DNA/hAT-Charlie	580	+	57	10769340	41045
chr1	10728295	10928295	harbor1	chr1	10784334	10784470	DNA/hAT-Charlie	550	+	68	10784402	56107
chr1	165814343	166014343	harbor1	chr1	165894465	165894630	DNA/hAT-Charlie	637	+	82	165894547	80204
chr1	5164389	5364389	harbor1	chr1	5235204	5235362	DNA/hAT-Charlie	616	+	79	5235283	70894
chr1	5164389	5364389	harbor1	chr1	5249660	5249982	DNA/hAT-Charlie	545	+	161	5249821	85432
chr1	5164389	5364389	harbor1	chr1	5258876	5259199	DNA/hAT-Charlie	2106	+	162	5259038	94649
chr1	48815287	49015287	harbor1	chr1	48843453	48843626	DNA/hAT-Charlie	670	+	86	48843539	28252
chr1	48815287	49015287	harbor1	chr1	48885094	48885414	DNA/hAT-Charlie	1399	+	160	48885254	69967
chr1	48815287	49015287	harbor1	chr1	48913348	48913858	DNA/hAT-Charlie	3470	+	255	48913603	98316
chr1	179246732	179446732	harbor1	chr1	179262720	179262879	DNA/hAT-Charlie	675	+	80	179262800	16068
chr1	179246732	179446732	harbor1	chr1	179313286	179313421	DNA/hAT-Charlie	413	+	68	179313354	66622
chr1	71214482	71414482	harbor1	chr1	71240107	71240293	DNA/hAT-Charlie	451	+	93	71240200	25718
chr1	36885394	37085394	harbor1	chr1	36914349	36914539	DNA/hAT-Charlie	683	+	95	36914444	29050
chr1	42698225	42898225	harbor1	chr1	42733455	42733608	DNA/hAT-Charlie	514	+	76	42733531	35306
chr1	42698225	42898225	harbor1	chr1	42771249	42771361	DNA/hAT-Charlie	533	+	56	42771305	73080
chr1	42698225	42898225	harbor1	chr1	42771362	42771696	DNA/hAT-Charlie	1225	+	167	42771529	73304
chr1	42698225	42898225	harbor1	chr1	42771992	42772078	DNA/hAT-Charlie	1225	+	43	42772035	73810
chr1	225021401	225221401	harbor1	chr1	225031296	225031521	DNA/hAT-Charlie	998	+	112	225031408	10007
chr1	225021401	225221401	harbor1	chr1	225079977	225080126	DNA/hAT-Charlie	654	+	74	225080051	58650
chr1	225021401	225221401	harbor1	chr1	225099381	225099611	DNA/hAT-Charlie	999	+	115	225099496	78095
chr1	94639859	94839859	harbor1	chr1	94706555	94706939	DNA/hAT-Charlie	932	+	192	94706747	66888
chr1	94639859	94839859	harbor1	chr1	94706957	94707429	DNA/hAT-Charlie	1329	+	236	94707193	67334
chr1	94639859	94839859	harbor1	chr1	94712042	94712418	DNA/hAT-Charlie	1688	+	188	94712230	72371
chr1	94639859	94839859	harbor1	chr1	94718835	94718985	DNA/hAT-Charlie	570	+	75	94718910	79051
chr1	49940313	50140313	harbor1	chr1	50033306	50034101	DNA/hAT-Charlie	2523	+	398	50033704	93391
chr1	49940313	50140313	harbor1	chr1	50034414	50034843	DNA/hAT-Charlie	2523	+	214	50034628	94315
chr1	80182806	80382806	harbor1	chr1	80204129	80204337	DNA/hAT-Charlie	608	+	104	80204233	21427
chr1	80182806	80382806	harbor1	chr1	80259240	80259375	DNA/hAT-Charlie	654	+	68	80259308	76502
chr1	246450637	246650637	harbor1	chr1	246495015	246495068	DNA/hAT-Charlie	668	+	26	246495041	44404
chr1	246450637	246650637	harbor1	chr1	246495373	246495493	DNA/hAT-Charlie	668	+	60	246495433	44796
chr1	246450637	246650637	harbor1	chr1	246499771	246499949	DNA/hAT-Charlie	417	+	89	246499860	49223
chr1	86700808	86900808	harbor1	chr1	86702566	86702710	DNA/hAT-Charlie	602	+	72	86702638	1830
chr1	86700808	86900808	harbor1	chr1	86710888	86711067	DNA/hAT-Charlie	809	+	90	86710978	10170
chr1	86700808	86900808	harbor1	chr1	86747290	86747412	DNA/hAT-Charlie	503	+	61	86747351	46543
chr1	86700808	86900808	harbor1	chr1	86751990	86752152	DNA/hAT-Charlie	703	+	81	86752071	51263
chr1	86700808	86900808	harbor1	chr1	86763673	86763802	DNA/hAT-Charlie	522	+	64	86763737	62929
chr1	86700808	86900808	harbor1	chr1	86764748	86764932	DNA/hAT-Charlie	869	+	92	86764840	64032
chr1	107018212	107218212	harbor1	chr1	107021070	107021219	DNA/hAT-Charlie	652	+	74	107021144	2932
chr1	107018212	107218212	harbor1	chr1	107077720	107077864	DNA/hAT-Charlie	487	+	72	107077792	59580
chr1	107018212	107218212	harbor1	chr1	107116531	107116716	DNA/hAT-Charlie	956	+	92	107116623	98411
chr1	171745570	171945570	harbor1	chr1	171780210	171780393	DNA/hAT-Charlie	955	+	92	171780302	34732
chr1	171745570	171945570	harbor1	chr1	171788348	171788554	DNA/hAT-Charlie	932	+	103	171788451	42881
chr1	171745570	171945570	harbor1	chr1	171792670	171792863	DNA/hAT-Charlie	915	+	96	171792766	47196
chr1	171745570	171945570	harbor1	chr1	171802852	171803074	DNA/hAT-Charlie	509	+	111	171802963	57393
chr1	15225770	15425770	harbor1	chr1	15227260	15227448	DNA/hAT-Charlie	849	+	94	15227354	1584
chr1	15225770	15425770	harbor1	chr1	15278075	15278271	DNA/hAT-Charlie	962	+	98	15278173	52403
chr1	15225770	15425770	harbor1	chr1	15309561	15309791	DNA/hAT-Charlie	1567	+	115	15309676	83906
chr1	15225770	15425770	harbor1	chr1	15310572	15310724	DNA/hAT-Charlie	752	+	76	15310648	84878
chr1	96214412	96414412	harbor1	chr1	96219433	96219627	DNA/hAT-Charlie	868	+	97	96219530	5118
chr1	96214412	96414412	harbor1	chr1	96309923	96310144	DNA/hAT-Charlie	1035	+	110	96310033	95621
chr1	202362226	202562226	harbor1	chr1	202376862	202377085	DNA/hAT-Charlie	1617	+	112	202376974	14748
chr1	202362226	202562226	harbor1	chr1	202400891	202401173	DNA/hAT-Charlie	1253	+	141	202401032	38806
chr1	202362226	202562226	harbor1	chr1	202423465	202423597	DNA/hAT-Charlie	486	+	66	202423531	61305
chr1	202362226	202562226	harbor1	chr1	202441462	202441586	DNA/hAT-Charlie	660	+	62	202441524	79298
chr1	80147950	80347950	harbor1	chr1	80204129	80204337	DNA/hAT-Charlie	608	+	104	80204233	56283
chr1	47314204	47514204	harbor1	chr1	47331175	47331304	DNA/hAT-Charlie	530	+	64	47331239	17035
chr1	240463778	240663778	harbor1	chr1	240499735	240499942	DNA/hAT-Charlie	926	+	104	240499839	36061
chr1	240463778	240663778	harbor1	chr1	240504340	240504647	DNA/hAT-Charlie	875	+	154	240504494	40716
chr1	240463778	240663778	harbor1	chr1	240504659	240504923	DNA/hAT-Charlie	770	+	132	240504791	41013
chr1	240463778	240663778	harbor1	chr1	240505331	240506062	DNA/hAT-Charlie	770	+	366	240505697	41919
chr1	240463778	240663778	harbor1	chr1	240542001	240542209	DNA/hAT-Charlie	929	+	104	240542105	78327
chr1	6449126	6649126	harbor1	chr1	6500953	6501273	DNA/hAT-Charlie	807	+	160	6501113	51987
chr1	119735737	119935737	harbor1	chr1	119787840	119788295	DNA/hAT-Charlie	722	+	228	119788068	52331
chr1	119735737	119935737	harbor1	chr1	119792331	119792447	DNA/hAT-Charlie	464	+	58	119792389	56652
chr1	119735737	119935737	harbor1	chr1	119797706	119797916	DNA/hAT-Charlie	1115	+	105	119797811	62074
chr1	119735737	119935737	harbor1	chr1	119798196	119798345	DNA/hAT-Charlie	506	+	74	119798270	62533
chr1	119735737	119935737	harbor1	chr1	119815490	119815696	DNA/hAT-Charlie	898	+	103	119815593	79856
chr1	38998273	39198273	harbor1	chr1	39007771	39007944	DNA/hAT-Charlie	630	+	86	39007857	9584
chr1	150609374	150809374	harbor1	chr1	150612716	150612910	DNA/hAT-Charlie	914	+	97	150612813	3439
chr1	150609374	150809374	harbor1	chr1	150650443	150650765	DNA/hAT-Charlie	1741	+	161	150650604	41230
chr1	190045914	190245914	harbor1	chr1	190092206	190092436	DNA/hAT-Charlie	654	+	115	190092321	46407
chr1	193664295	193864295	harbor1	chr1	193669462	193669773	DNA/hAT-Charlie	1752	+	156	193669618	5323
chr1	193664295	193864295	harbor1	chr1	193672170	193672343	DNA/hAT-Charlie	552	+	86	193672256	7961
chr1	193664295	193864295	harbor1	chr1	193714276	193714433	DNA/hAT-Charlie	688	+	78	193714354	50059
chr1	14147716	14347716	harbor1	chr1	14187595	14187783	DNA/hAT-Charlie	1053	+	94	14187689	39973
chr1	14147716	14347716	harbor1	chr1	14229976	14230161	DNA/hAT-Charlie	989	+	92	14230068	82352
chr1	14147716	14347716	harbor1	chr1	14239793	14239993	DNA/hAT-Charlie	697	+	100	14239893	92177
chr1	31066958	31266958	harbor1	chr1	31098456	31098701	DNA/hAT-Charlie	1120	+	122	31098578	31620
chr1	31066958	31266958	harbor1	chr1	31166405	31166613	DNA/hAT-Charlie	1007	+	104	31166509	99551
chr1	230981999	231181999	harbor1	chr1	231051453	231051706	DNA/hAT-Charlie	973	+	126	231051579	69580
chr1	230981999	231181999	harbor1	chr1	231051868	231051997	DNA/hAT-Charlie	973	+	64	231051932	69933
chr1	15129416	15329416	harbor1	chr1	15145285	15145491	DNA/hAT-Charlie	950	+	103	15145388	15972
chr1	15129416	15329416	harbor1	chr1	15171926	15172040	DNA/hAT-Charlie	424	+	57	15171983	42567
chr1	15129416	15329416	harbor1	chr1	15184791	15184998	DNA/hAT-Charlie	1005	+	104	15184895	55479
chr1	15129416	15329416	harbor1	chr1	15227260	15227448	DNA/hAT-Charlie	849	+	94	15227354	97938
chr1	179939717	180139717	harbor1	chr1	179945105	179945212	DNA/hAT-Charlie	729	+	54	179945159	5442
chr1	179939717	180139717	harbor1	chr1	179945509	179945606	DNA/hAT-Charlie	729	+	48	179945557	5840
chr1	179939717	180139717	harbor1	chr1	179960436	179960976	DNA/hAT-Charlie	2160	+	270	179960706	20989
chr1	179939717	180139717	harbor1	chr1	179997574	179997696	DNA/hAT-Charlie	412	+	61	179997635	57918
chr1	179939717	180139717	harbor1	chr1	180028044	180028342	DNA/hAT-Charlie	579	+	149	180028193	88476
chr1	185746446	185946446	harbor1	chr1	185765712	185765870	DNA/hAT-Charlie	749	+	79	185765791	19345
chr1	185746446	185946446	harbor1	chr1	185773121	185773333	DNA/hAT-Charlie	1074	+	106	185773227	26781
chr1	40991371	41191371	harbor1	chr1	41052182	41052526	DNA/hAT-Charlie	2249	+	172	41052354	60983
chr1	40991371	41191371	harbor1	chr1	41085607	41085838	DNA/hAT-Charlie	1438	+	116	41085723	94352
chr1	40991371	41191371	harbor1	chr1	41086139	41086210	DNA/hAT-Charlie	1438	+	36	41086175	94804
chr1	90017094	90217094	harbor1	chr1	90023872	90024035	DNA/hAT-Charlie	953	+	82	90023954	6860
chr1	90017094	90217094	harbor1	chr1	90056974	90057250	DNA/hAT-Charlie	950	+	138	90057112	40018
chr1	90017094	90217094	harbor1	chr1	90063320	90063420	DNA/hAT-Charlie	414	+	50	90063370	46276
chr1	90017094	90217094	harbor1	chr1	90085959	90086097	DNA/hAT-Charlie	491	+	69	90086028	68934
chr1	46200334	46400334	harbor1	chr1	46202320	46202410	DNA/hAT-Charlie	947	+	45	46202365	2031
chr1	46200334	46400334	harbor1	chr1	46202725	46202822	DNA/hAT-Charlie	947	+	48	46202773	2439
chr1	98661384	98861384	harbor1	chr1	98669552	98669661	DNA/hAT-Charlie	464	+	54	98669606	8222
chr1	98661384	98861384	harbor1	chr1	98747347	98747524	DNA/hAT-Charlie	595	+	88	98747435	86051
chr1	98661384	98861384	harbor1	chr1	98752737	98752944	DNA/hAT-Charlie	500	+	104	98752841	91457
chr1	198107560	198307560	harbor1	chr1	198120000	198120552	DNA/hAT-Charlie	2003	+	276	198120276	12716
chr1	198107560	198307560	harbor1	chr1	198162231	198162416	DNA/hAT-Charlie	689	+	92	198162323	54763
chr1	198107560	198307560	harbor1	chr1	198201395	198201565	DNA/hAT-Charlie	746	+	85	198201480	93920
chr1	207408421	207608421	harbor1	chr1	207440537	207440617	DNA/hAT-Charlie	453	+	40	207440577	32156
chr1	207408421	207608421	harbor1	chr1	207440689	207440763	DNA/hAT-Charlie	453	+	37	207440726	32305
chr1	207408421	207608421	harbor1	chr1	207468241	207468464	DNA/hAT-Charlie	1562	+	112	207468353	59932
chr1	207408421	207608421	harbor1	chr1	207492482	207492696	DNA/hAT-Charlie	1166	+	107	207492589	84168
chr1	207408421	207608421	harbor1	chr1	207499767	207499975	DNA/hAT-Charlie	576	+	104	207499871	91450
chr1	207408421	207608421	harbor1	chr1	207500007	207500225	DNA/hAT-Charlie	473	+	109	207500116	91695
chr1	207408421	207608421	harbor1	chr1	207504805	207505131	DNA/hAT-Charlie	2082	+	163	207504968	96547
chr1	222097721	222297721	harbor1	chr1	222108706	222108862	DNA/hAT-Charlie	477	+	78	222108784	11063
chr1	222097721	222297721	harbor1	chr1	222109820	222109994	DNA/hAT-Charlie	904	+	87	222109907	12186
chr1	222097721	222297721	harbor1	chr1	222162697	222162882	DNA/hAT-Charlie	1070	+	92	222162789	65068
chr1	148672769	148872769	harbor1	chr1	148731128	148731437	DNA/hAT-Charlie	1839	+	154	148731282	58513
chr1	202385848	202585848	harbor1	chr1	202400891	202401173	DNA/hAT-Charlie	1253	+	141	202401032	15184
chr1	202385848	202585848	harbor1	chr1	202423465	202423597	DNA/hAT-Charlie	486	+	66	202423531	37683
chr1	202385848	202585848	harbor1	chr1	202441462	202441586	DNA/hAT-Charlie	660	+	62	202441524	55676
chr1	202385848	202585848	harbor1	chr1	202472878	202473006	DNA/hAT-Charlie	551	+	64	202472942	87094
chr1	202385848	202585848	harbor1	chr1	202479718	202479896	DNA/hAT-Charlie	815	+	89	202479807	93959
chr1	202385848	202585848	harbor1	chr1	202480432	202480905	DNA/hAT-Charlie	3409	+	236	202480668	94820
chr1	202385848	202585848	harbor1	chr1	202481254	202481587	DNA/hAT-Charlie	3409	+	166	202481420	95572
chr1	55993739	56193739	harbor1	chr1	55998597	55998795	DNA/hAT-Charlie	480	+	99	55998696	4957
chr1	55993739	56193739	harbor1	chr1	56000567	56000760	DNA/hAT-Charlie	874	+	96	56000663	6924
chr1	55993739	56193739	harbor1	chr1	56019103	56019230	DNA/hAT-Charlie	472	+	64	56019167	25428
chr1	55993739	56193739	harbor1	chr1	56030959	56031254	DNA/hAT-Charlie	596	+	148	56031107	37368
chr1	55993739	56193739	harbor1	chr1	56077706	56077876	DNA/hAT-Charlie	631	+	85	56077791	84052
chr1	55993739	56193739	harbor1	chr1	56077874	56078342	DNA/hAT-Charlie	3677	+	234	56078108	84369
chr1	55993739	56193739	harbor1	chr1	56078640	56079168	DNA/hAT-Charlie	3677	+	264	56078904	85165
chr1	227762708	227962708	harbor1	chr1	227791847	227792031	DNA/hAT-Charlie	425	+	92	227791939	29231
chr1	227762708	227962708	harbor1	chr1	227840035	227840121	DNA/hAT-Charlie	1196	+	43	227840078	77370
chr1	227762708	227962708	harbor1	chr1	227840421	227840672	DNA/hAT-Charlie	1196	+	126	227840547	77839
chr1	218376359	218576359	harbor1	chr1	218406361	218406509	DNA/hAT-Charlie	805	+	74	218406435	30076
chr1	218376359	218576359	harbor1	chr1	218424437	218424619	DNA/hAT-Charlie	1019	+	91	218424528	48169
chr1	218376359	218576359	harbor1	chr1	218445650	218445950	DNA/hAT-Charlie	1478	+	150	218445800	69441
chr1	218376359	218576359	harbor1	chr1	218464917	218465126	DNA/hAT-Charlie	975	+	104	218465021	88662
chr1	218376359	218576359	harbor1	chr1	218472270	218472653	DNA/hAT-Charlie	1731	+	192	218472462	96103
chr1	177992402	178192402	harbor1	chr1	178009987	178010150	DNA/hAT-Charlie	742	+	82	178010069	17667
chr1	177992402	178192402	harbor1	chr1	178035768	178035817	DNA/hAT-Charlie	667	+	24	178035792	43390
chr1	177992402	178192402	harbor1	chr1	178036120	178036199	DNA/hAT-Charlie	667	+	40	178036160	43758
chr1	177992402	178192402	harbor1	chr1	178036207	178036528	DNA/hAT-Charlie	1871	+	160	178036367	43965
chr1	232605632	232805632	harbor1	chr1	232609088	232609226	DNA/hAT-Charlie	544	+	69	232609157	3525
chr1	232605632	232805632	harbor1	chr1	232609226	232609548	DNA/hAT-Charlie	2364	+	161	232609387	3755
chr1	232605632	232805632	harbor1	chr1	232609859	232610261	DNA/hAT-Charlie	2364	+	201	232610060	4428
chr1	232605632	232805632	harbor1	chr1	232697836	232697976	DNA/hAT-Charlie	418	+	70	232697906	92274
chr1	232046476	232246476	harbor1	chr1	232143887	232144232	DNA/hAT-Charlie	607	+	172	232144059	97583
chr1	101969950	102169950	harbor1	chr1	102005846	102005981	DNA/hAT-Charlie	492	+	68	102005914	35964
chr1	101969950	102169950	harbor1	chr1	102031014	102031726	DNA/hAT-Charlie	4942	+	356	102031370	61420
chr1	101969950	102169950	harbor1	chr1	102032081	102033927	DNA/hAT-Charlie	13154	+	923	102033004	63054
chr1	220727059	220927059	harbor1	chr1	220760240	220760746	DNA/hAT-Charlie	1556	+	253	220760493	33434
chr1	220727059	220927059	harbor1	chr1	220760780	220761111	DNA/hAT-Charlie	962	+	166	220760946	33887
chr1	220727059	220927059	harbor1	chr1	220761340	220761481	DNA/hAT-Charlie	713	+	70	220761410	34351
chr1	220727059	220927059	harbor1	chr1	220768154	220768401	DNA/hAT-Charlie	708	+	124	220768278	41219
chr1	220727059	220927059	harbor1	chr1	220825479	220825774	DNA/hAT-Charlie	1290	+	148	220825627	98568
chr1	85104441	85304441	harbor1	chr1	85121946	85122106	DNA/hAT-Charlie	649	+	80	85122026	17585
chr1	85104441	85304441	harbor1	chr1	85150349	85150514	DNA/hAT-Charlie	445	+	82	85150431	45990
chr1	85104441	85304441	harbor1	chr1	85196266	85196407	DNA/hAT-Charlie	602	+	70	85196336	91895
chr1	66266203	66466203	harbor1	chr1	66312716	66312905	DNA/hAT-Charlie	872	+	94	66312810	46607
chr1	1690039	1890039	harbor1	chr1	1768927	1769088	DNA/hAT-Charlie	435	+	80	1769007	78968
chr1	49016890	49216890	harbor1	chr1	49030437	49030763	DNA/hAT-Charlie	1944	+	163	49030600	13710
chr1	49016890	49216890	harbor1	chr1	49061913	49062232	DNA/hAT-Charlie	1946	+	160	49062073	45183
chr1	163133149	163333149	harbor1	chr1	163204076	163204296	DNA/hAT-Charlie	685	+	110	163204186	71037
chr1	163133149	163333149	harbor1	chr1	163218195	163218579	DNA/hAT-Charlie	1228	+	192	163218387	85238
chr1	163133149	163333149	harbor1	chr1	163219456	163219621	DNA/hAT-Charlie	775	+	82	163219538	86389
chr1	163133149	163333149	harbor1	chr1	163219636	163219779	DNA/hAT-Charlie	511	+	72	163219708	86559
chr1	163133149	163333149	harbor1	chr1	163222122	163222458	DNA/hAT-Charlie	2225	+	168	163222290	89141
chr1	241728723	241928723	harbor1	chr1	241752288	241752517	DNA/hAT-Charlie	606	+	114	241752402	23679
chr1	241728723	241928723	harbor1	chr1	241781676	241781909	DNA/hAT-Charlie	538	+	116	241781792	53069
chr1	168659160	168859160	harbor1	chr1	168698594	168698766	DNA/hAT-Charlie	636	+	86	168698680	39520
chr1	168659160	168859160	harbor1	chr1	168701451	168701681	DNA/hAT-Charlie	438	+	115	168701566	42406
chr1	168659160	168859160	harbor1	chr1	168712786	168712950	DNA/hAT-Charlie	494	+	82	168712868	53708
chr1	168659160	168859160	harbor1	chr1	168732768	168732951	DNA/hAT-Charlie	1021	+	92	168732860	73700
chr1	178975873	179175873	harbor1	chr1	179020648	179020786	DNA/hAT-Charlie	442	+	69	179020717	44844
chr1	178975873	179175873	harbor1	chr1	179060361	179060701	DNA/hAT-Charlie	2125	+	170	179060531	84658
chr1	114328488	114528488	harbor1	chr1	114330992	114331014	DNA/hAT-Charlie	1029	+	11	114331003	2515
chr1	114328488	114528488	harbor1	chr1	114331476	114331770	DNA/hAT-Charlie	1029	+	147	114331623	3135
chr1	114328488	114528488	harbor1	chr1	114422372	114422707	DNA/hAT-Charlie	694	+	168	114422540	94052
chr1	114328488	114528488	harbor1	chr1	114422712	114423561	DNA/hAT-Charlie	1019	+	424	114423136	94648
chr1	114328488	114528488	harbor1	chr1	114423700	114423765	DNA/hAT-Charlie	1019	+	32	114423732	95244
chr1	114328488	114528488	harbor1	chr1	114424363	114424532	DNA/hAT-Charlie	455	+	84	114424447	95959
chr1	73697291	73897291	harbor1	chr1	73718139	73718477	DNA/hAT-Charlie	2029	+	169	73718308	21017
chr1	73697291	73897291	harbor1	chr1	73783857	73784023	DNA/hAT-Charlie	605	+	83	73783940	86649
chr1	38736685	38936685	harbor1	chr1	38775041	38775285	DNA/hAT-Charlie	681	+	122	38775163	38478
chr1	38736685	38936685	harbor1	chr1	38835744	38835899	DNA/hAT-Charlie	556	+	78	38835822	99137
chr1	28184684	28384684	harbor1	chr1	28240293	28240353	DNA/hAT-Charlie	691	+	30	28240323	55639
chr1	28184684	28384684	harbor1	chr1	28240652	28240767	DNA/hAT-Charlie	691	+	58	28240710	56026
chr1	28184684	28384684	harbor1	chr1	28266204	28266316	DNA/hAT-Charlie	482	+	56	28266260	81576
chr1	172311620	172511620	harbor1	chr1	172334293	172334504	DNA/hAT-Charlie	1157	+	106	172334399	22779
chr1	172311620	172511620	harbor1	chr1	172336033	172336201	DNA/hAT-Charlie	1003	+	84	172336117	24497
chr1	172311620	172511620	harbor1	chr1	172361534	172361667	DNA/hAT-Charlie	576	+	66	172361600	49980
chr1	172311620	172511620	harbor1	chr1	172369638	172369767	DNA/hAT-Charlie	1025	+	64	172369702	58082
chr1	172311620	172511620	harbor1	chr1	172370132	172370271	DNA/hAT-Charlie	1025	+	70	172370202	58582
chr1	172311620	172511620	harbor1	chr1	172382763	172382946	DNA/hAT-Charlie	438	+	92	172382855	71235
chr1	172311620	172511620	harbor1	chr1	172402938	172403091	DNA/hAT-Charlie	674	+	76	172403014	91394
chr1	196591551	196791551	harbor1	chr1	196642604	196642699	DNA/hAT-Charlie	419	+	48	196642652	51101
chr1	196591551	196791551	harbor1	chr1	196684145	196684339	DNA/hAT-Charlie	838	+	97	196684242	92691
chr1	44654421	44854421	harbor1	chr1	44660593	44660702	DNA/hAT-Charlie	1770	+	54	44660647	6226
chr1	44654421	44854421	harbor1	chr1	44660998	44661208	DNA/hAT-Charlie	1770	+	105	44661103	6682
chr1	184262829	184462829	harbor1	chr1	184332680	184332775	DNA/hAT-Charlie	428	+	48	184332728	69899
chr1	184262829	184462829	harbor1	chr1	184362115	184362284	DNA/hAT-Charlie	1065	+	84	184362199	99370
chr1	184262829	184462829	harbor1	chr1	184362287	184362439	DNA/hAT-Charlie	642	+	76	184362363	99534
chr1	184262829	184462829	harbor1	chr1	184352645	184352791	DNA/hAT-Charlie	808	+	73	184352718	89889
chr1	28272919	28472919	harbor1	chr1	28296272	28296478	DNA/hAT-Charlie	1032	+	103	28296375	23456
chr1	38930014	39130014	harbor1	chr1	38962894	38963100	DNA/hAT-Charlie	939	+	103	38962997	32983
chr1	38930014	39130014	harbor1	chr1	39007771	39007944	DNA/hAT-Charlie	630	+	86	39007857	77843
chr1	234599957	234799957	harbor1	chr1	234664551	234665072	DNA/hAT-Charlie	3674	+	260	234664811	64854
chr1	215993077	216193077	harbor1	chr1	216061546	216061707	DNA/hAT-Charlie	629	+	80	216061626	68549
chr1	53922804	54122804	harbor1	chr1	53942265	53942585	DNA/hAT-Charlie	1467	+	160	53942425	19621
chr1	53922804	54122804	harbor1	chr1	53970015	53970175	DNA/hAT-Charlie	1040	+	80	53970095	47291
chr1	53922804	54122804	harbor1	chr1	53970467	53970617	DNA/hAT-Charlie	1040	+	75	53970542	47738
chr1	53922804	54122804	harbor1	chr1	54018533	54018669	DNA/hAT-Charlie	522	+	68	54018601	95797
chr1	53922804	54122804	harbor1	chr1	54019958	54020109	DNA/hAT-Charlie	442	+	76	54020034	97230
chr1	53922804	54122804	harbor1	chr1	54020468	54020487	DNA/hAT-Charlie	442	+	10	54020478	97674
chr1	39659410	39859410	harbor1	chr1	39667759	39667920	DNA/hAT-Charlie	669	+	80	39667839	8429
chr1	39659410	39859410	harbor1	chr1	39699614	39699741	DNA/hAT-Charlie	721	+	64	39699678	40268
chr1	39659410	39859410	harbor1	chr1	39700038	39700110	DNA/hAT-Charlie	721	+	36	39700074	40664
chr1	39659410	39859410	harbor1	chr1	39732840	39733024	DNA/hAT-Charlie	957	+	92	39732932	73522
chr1	39659410	39859410	harbor1	chr1	39754087	39754257	DNA/hAT-Charlie	850	+	85	39754172	94762
chr1	39659410	39859410	harbor1	chr1	39754960	39755019	DNA/hAT-Charlie	850	+	30	39754990	95580
chr1	17385748	17585748	harbor1	chr1	17455747	17455884	DNA/hAT-Charlie	879	+	68	17455815	70067
chr1	17385748	17585748	harbor1	chr1	17456500	17456638	DNA/hAT-Charlie	879	+	69	17456569	70821
chr1	216212967	216412967	harbor1	chr1	216215256	216215500	DNA/hAT-Charlie	835	+	122	216215378	2411
chr1	216212967	216412967	harbor1	chr1	216260418	216260609	DNA/hAT-Charlie	749	+	96	216260514	47547
chr1	222042006	222242006	harbor1	chr1	222108706	222108862	DNA/hAT-Charlie	477	+	78	222108784	66778
chr1	222042006	222242006	harbor1	chr1	222109820	222109994	DNA/hAT-Charlie	904	+	87	222109907	67901
chr1	39546151	39746151	harbor1	chr1	39567904	39567975	DNA/hAT-Charlie	837	+	36	39567940	21789
chr1	39546151	39746151	harbor1	chr1	39568282	39568405	DNA/hAT-Charlie	837	+	62	39568344	22193
chr1	39546151	39746151	harbor1	chr1	39591641	39591716	DNA/hAT-Charlie	513	+	38	39591679	45528
chr1	39546151	39746151	harbor1	chr1	39592021	39592072	DNA/hAT-Charlie	513	+	26	39592047	45896
chr1	39546151	39746151	harbor1	chr1	39592211	39592264	DNA/hAT-Charlie	513	+	26	39592237	46086
chr1	39546151	39746151	harbor1	chr1	39642359	39642668	DNA/hAT-Charlie	1180	+	154	39642513	96362
chr1	76437856	76637856	harbor1	chr1	76445242	76445432	DNA/hAT-Charlie	816	+	95	76445337	7481
chr1	76437856	76637856	harbor1	chr1	76519428	76519579	DNA/hAT-Charlie	604	+	76	76519504	81648
chr1	207841180	208041180	harbor1	chr1	207857234	207857506	DNA/hAT-Charlie	693	+	136	207857370	16190
chr1	207841180	208041180	harbor1	chr1	207857505	207857641	DNA/hAT-Charlie	1893	+	68	207857573	16393
chr1	207841180	208041180	harbor1	chr1	207857937	207858504	DNA/hAT-Charlie	1893	+	284	207858221	17041
chr1	207841180	208041180	harbor1	chr1	207859106	207859404	DNA/hAT-Charlie	627	+	149	207859255	18075
chr1	207841180	208041180	harbor1	chr1	207881163	207881377	DNA/hAT-Charlie	2167	+	107	207881270	40090
chr1	207841180	208041180	harbor1	chr1	207881684	207881971	DNA/hAT-Charlie	2167	+	144	207881828	40648
chr1	207841180	208041180	harbor1	chr1	207905050	207905137	DNA/hAT-Charlie	870	+	44	207905094	63914
chr1	207841180	208041180	harbor1	chr1	207905436	207905563	DNA/hAT-Charlie	870	+	64	207905500	64320
chr1	113153566	113353566	harbor1	chr1	113190534	113190682	DNA/hAT-Charlie	440	+	74	113190608	37042
chr1	113153566	113353566	harbor1	chr1	113241496	113241681	DNA/hAT-Charlie	488	+	92	113241588	88022
chr1	221498075	221698075	harbor1	chr1	221525976	221526183	DNA/hAT-Charlie	975	+	104	221526080	28005
chr1	221498075	221698075	harbor1	chr1	221552738	221552934	DNA/hAT-Charlie	890	+	98	221552836	54761
chr1	221498075	221698075	harbor1	chr1	221575482	221575818	DNA/hAT-Charlie	1913	+	168	221575650	77575
chr1	72901119	73101119	harbor1	chr1	72945485	72945668	DNA/hAT-Charlie	762	+	92	72945577	44458
chr1	7379525	7579525	harbor1	chr1	7461402	7461568	DNA/hAT-Charlie	817	+	83	7461485	81960
chr1	7379525	7579525	harbor1	chr1	7462558	7462717	DNA/hAT-Charlie	495	+	80	7462638	83113
chr1	224477029	224677029	harbor1	chr1	224560402	224560908	DNA/hAT-Charlie	3619	+	253	224560655	83626
chr1	63671700	63871700	harbor1	chr1	63676674	63676773	DNA/hAT-Charlie	532	+	50	63676724	5024
chr1	63671700	63871700	harbor1	chr1	63704973	63705118	DNA/hAT-Charlie	422	+	72	63705045	33345
chr1	116219508	116419508	harbor1	chr1	116237562	116237721	DNA/hAT-Charlie	733	+	80	116237642	18134
chr1	116219508	116419508	harbor1	chr1	116253840	116254030	DNA/hAT-Charlie	1240	+	95	116253935	34427
chr1	116219508	116419508	harbor1	chr1	116278253	116278426	DNA/hAT-Charlie	496	+	86	116278339	58831
chr1	116219508	116419508	harbor1	chr1	116288756	116288936	DNA/hAT-Charlie	916	+	90	116288846	69338
chr1	116219508	116419508	harbor1	chr1	116289305	116289509	DNA/hAT-Charlie	947	+	102	116289407	69899
chr1	116219508	116419508	harbor1	chr1	116306301	116306799	DNA/hAT-Charlie	2058	+	249	116306550	87042
chr1	116219508	116419508	harbor1	chr1	116313467	116313650	DNA/hAT-Charlie	819	+	92	116313559	94051
chr1	116219508	116419508	harbor1	chr1	116314011	116314136	DNA/hAT-Charlie	536	+	62	116314073	94565
chr1	155931458	156131458	harbor1	chr1	155931916	155932052	DNA/hAT-Charlie	611	+	68	155931984	526
chr1	155931458	156131458	harbor1	chr1	156000027	156000221	DNA/hAT-Charlie	961	+	97	156000124	68666
chr1	8854775	9054775	harbor1	chr1	8902689	8902875	DNA/hAT-Charlie	1224	+	93	8902782	48007
chr1	201894848	202094848	harbor1	chr1	201927747	201927868	DNA/hAT-Charlie	645	+	60	201927807	32959
chr1	201894848	202094848	harbor1	chr1	201928245	201928324	DNA/hAT-Charlie	645	+	40	201928285	33437
chr1	82411925	82611925	harbor1	chr1	82415720	82415854	DNA/hAT-Charlie	707	+	67	82415787	3862
chr1	82411925	82611925	harbor1	chr1	82416241	82416338	DNA/hAT-Charlie	707	+	48	82416289	4364
chr1	82411925	82611925	harbor1	chr1	82501588	82501765	DNA/hAT-Charlie	414	+	88	82501676	89751
chr1	165883642	166083642	harbor1	chr1	165894465	165894630	DNA/hAT-Charlie	637	+	82	165894547	10905
chr1	165883642	166083642	harbor1	chr1	165936777	165936893	DNA/hAT-Charlie	647	+	58	165936835	53193
chr1	165883642	166083642	harbor1	chr1	165937133	165937297	DNA/hAT-Charlie	776	+	82	165937215	53573
chr1	25414738	25614738	harbor1	chr1	25417284	25417621	DNA/hAT-Charlie	1077	+	168	25417452	2714
chr1	25414738	25614738	harbor1	chr1	25462860	25463077	DNA/hAT-Charlie	1215	+	108	25462968	48230
chr1	25414738	25614738	harbor1	chr1	25497946	25498136	DNA/hAT-Charlie	589	+	95	25498041	83303
chr1	6801081	7001081	harbor1	chr1	6815744	6815901	DNA/hAT-Charlie	705	+	78	6815822	14741
chr1	6801081	7001081	harbor1	chr1	6842387	6842558	DNA/hAT-Charlie	546	+	86	6842473	41392
chr1	6801081	7001081	harbor1	chr1	6882034	6882354	DNA/hAT-Charlie	1380	+	160	6882194	81113
chr1	118740451	118940451	harbor1	chr1	118742123	118743154	DNA/hAT-Charlie	3857	+	516	118742639	2188
chr1	118740451	118940451	harbor1	chr1	118743979	118744287	DNA/hAT-Charlie	3857	+	154	118744133	3682
chr1	118740451	118940451	harbor1	chr1	118752384	118752589	DNA/hAT-Charlie	954	+	102	118752486	12035
chr1	118740451	118940451	harbor1	chr1	118806132	118806432	DNA/hAT-Charlie	1097	+	150	118806282	65831
chr1	50699189	50899189	harbor1	chr1	50742830	50743145	DNA/hAT-Charlie	1479	+	158	50742988	43799
chr1	50699189	50899189	harbor1	chr1	50763785	50764236	DNA/hAT-Charlie	1809	+	226	50764011	64822
chr1	176908923	177108923	harbor1	chr1	176910705	176911033	DNA/hAT-Charlie	2021	+	164	176910869	1946
chr1	176908923	177108923	harbor1	chr1	176925345	176925507	DNA/hAT-Charlie	944	+	81	176925426	16503
chr1	176908923	177108923	harbor1	chr1	176934623	176934861	DNA/hAT-Charlie	530	+	119	176934742	25819
chr1	176908923	177108923	harbor1	chr1	176940767	176941001	DNA/hAT-Charlie	499	+	117	176940884	31961
chr1	176908923	177108923	harbor1	chr1	176966266	176967002	DNA/hAT-Charlie	1108	+	368	176966634	57711
chr1	176908923	177108923	harbor1	chr1	176986957	176987176	DNA/hAT-Charlie	916	+	110	176987067	78144
chr1	80893542	81093542	harbor1	chr1	80916145	80916377	DNA/hAT-Charlie	450	+	116	80916261	22719
chr1	107028936	107228936	harbor1	chr1	107077720	107077864	DNA/hAT-Charlie	487	+	72	107077792	48856
chr1	107028936	107228936	harbor1	chr1	107116531	107116716	DNA/hAT-Charlie	956	+	92	107116623	87687
chr1	246147804	246347804	harbor1	chr1	246191810	246191955	DNA/hAT-Charlie	486	+	72	246191882	44078
chr1	246147804	246347804	harbor1	chr1	246230701	246230896	DNA/hAT-Charlie	866	+	98	246230799	82995
chr1	246147804	246347804	harbor1	chr1	246235798	246235947	DNA/hAT-Charlie	766	+	74	246235872	88068
chr1	17023977	17223977	harbor1	chr1	17064634	17064958	DNA/hAT-Charlie	1532	+	162	17064796	40819
chr1	17023977	17223977	harbor1	chr1	17075321	17075517	DNA/hAT-Charlie	939	+	98	17075419	51442
chr1	17023977	17223977	harbor1	chr1	17103674	17103779	DNA/hAT-Charlie	425	+	52	17103726	79749
chr1	17023977	17223977	harbor1	chr1	17104319	17104426	DNA/hAT-Charlie	667	+	54	17104373	80396
chr1	17023977	17223977	harbor1	chr1	17104733	17104812	DNA/hAT-Charlie	667	+	40	17104773	80796
chr1	17023977	17223977	harbor1	chr1	17108726	17108912	DNA/hAT-Charlie	455	+	93	17108819	84842
chr1	17023977	17223977	harbor1	chr1	17116940	17117135	DNA/hAT-Charlie	934	+	98	17117038	93061
chr1	17023977	17223977	harbor1	chr1	17117144	17117428	DNA/hAT-Charlie	1195	+	142	17117286	93309
chr1	2780000	2980000	harbor1	chr1	2830477	2830589	DNA/hAT-Charlie	430	+	56	2830533	50533
chr1	2780000	2980000	harbor1	chr1	2835946	2836170	DNA/hAT-Charlie	811	+	112	2836058	56058
chr1	2780000	2980000	harbor1	chr1	2836172	2836389	DNA/hAT-Charlie	532	+	108	2836280	56280
chr1	2780000	2980000	harbor1	chr1	2846296	2846392	DNA/hAT-Charlie	499	+	48	2846344	66344
chr1	2780000	2980000	harbor1	chr1	2846704	2846831	DNA/hAT-Charlie	499	+	64	2846768	66768
chr1	163652398	163852398	harbor1	chr1	163654969	163655064	DNA/hAT-Charlie	528	+	48	163655017	2619
chr1	163652398	163852398	harbor1	chr1	163665459	163665621	DNA/hAT-Charlie	667	+	81	163665540	13142
chr1	163652398	163852398	harbor1	chr1	163686360	163686511	DNA/hAT-Charlie	672	+	76	163686436	34038
chr1	173924652	174124652	harbor1	chr1	173939066	173939233	DNA/hAT-Charlie	723	+	84	173939150	14498
chr1	173924652	174124652	harbor1	chr1	174013299	174013411	DNA/hAT-Charlie	598	+	56	174013355	88703
chr1	144908369	145108369	harbor1	chr1	144958958	144959346	DNA/hAT-Charlie	592	+	194	144959152	50783
chr1	144908369	145108369	harbor1	chr1	144959381	144959671	DNA/hAT-Charlie	1142	+	145	144959526	51157
chr1	144908369	145108369	harbor1	chr1	144972697	144972826	DNA/hAT-Charlie	547	+	64	144972761	64392
chr1	144908369	145108369	harbor1	chr1	144973134	144973281	DNA/hAT-Charlie	547	+	74	144973208	64839
chr1	144908369	145108369	harbor1	chr1	144993866	144994084	DNA/hAT-Charlie	1560	+	109	144993975	85606
chr1	65456012	65656012	harbor1	chr1	65496813	65496970	DNA/hAT-Charlie	760	+	78	65496891	40879
chr1	65456012	65656012	harbor1	chr1	65504919	65505029	DNA/hAT-Charlie	422	+	55	65504974	48962
chr1	65456012	65656012	harbor1	chr1	65505930	65506111	DNA/hAT-Charlie	455	+	90	65506020	50008
chr1	65456012	65656012	harbor1	chr1	65511258	65511404	DNA/hAT-Charlie	669	+	73	65511331	55319
chr1	25654032	25854032	harbor1	chr1	25653844	25654050	DNA/hAT-Charlie	813	+	103	25653947	85
chr1	25654032	25854032	harbor1	chr1	25684862	25685032	DNA/hAT-Charlie	947	+	85	25684947	30915
chr1	226483174	226683174	harbor1	chr1	226532973	226533170	DNA/hAT-Charlie	962	+	98	226533071	49897
chr1	154306693	154506693	harbor1	chr1	154363210	154363454	DNA/hAT-Charlie	2076	+	122	154363332	56639
chr1	154306693	154506693	harbor1	chr1	154363758	154363825	DNA/hAT-Charlie	2076	+	34	154363792	57099
chr1	154306693	154506693	harbor1	chr1	154364423	154364680	DNA/hAT-Charlie	2076	+	128	154364551	57858
chr1	154306693	154506693	harbor1	chr1	154364989	154365092	DNA/hAT-Charlie	2076	+	52	154365041	58348
chr1	154306693	154506693	harbor1	chr1	154365679	154365776	DNA/hAT-Charlie	2076	+	48	154365727	59034
chr1	154306693	154506693	harbor1	chr1	154404900	154405005	DNA/hAT-Charlie	505	+	52	154404952	98259
chr1	64581908	64781908	harbor1	chr1	64584150	64584352	DNA/hAT-Charlie	1011	+	101	64584251	2343
chr1	64581908	64781908	harbor1	chr1	64587827	64588156	DNA/hAT-Charlie	623	+	164	64587991	6083
chr1	64581908	64781908	harbor1	chr1	64601096	64601249	DNA/hAT-Charlie	710	+	76	64601172	19264
chr1	64581908	64781908	harbor1	chr1	64620440	64620889	DNA/hAT-Charlie	879	+	224	64620664	38756
chr1	64581908	64781908	harbor1	chr1	64624911	64625106	DNA/hAT-Charlie	814	+	98	64625009	43101
chr1	64581908	64781908	harbor1	chr1	64651100	64651259	DNA/hAT-Charlie	501	+	80	64651180	69272
chr1	64581908	64781908	harbor1	chr1	64660304	64660422	DNA/hAT-Charlie	531	+	59	64660363	78455
chr1	64581908	64781908	harbor1	chr1	64660417	64660520	DNA/hAT-Charlie	660	+	52	64660469	78561
chr1	64581908	64781908	harbor1	chr1	64660826	64660904	DNA/hAT-Charlie	660	+	39	64660865	78957
chr1	190853712	191053712	harbor1	chr1	190906028	190906333	DNA/hAT-Charlie	652	+	152	190906180	52468
chr1	8064362	8264362	harbor1	chr1	8138384	8138512	DNA/hAT-Charlie	1205	+	64	8138448	74086
chr1	8064362	8264362	harbor1	chr1	8138816	8138865	DNA/hAT-Charlie	1205	+	24	8138840	74478
chr1	8064362	8264362	harbor1	chr1	8138993	8139287	DNA/hAT-Charlie	1205	+	147	8139140	74778
chr1	8064362	8264362	harbor1	chr1	8139618	8139806	DNA/hAT-Charlie	1205	+	94	8139712	75350
chr1	64527976	64727976	harbor1	chr1	64554743	64554908	DNA/hAT-Charlie	524	+	82	64554825	26849
chr1	64527976	64727976	harbor1	chr1	64584150	64584352	DNA/hAT-Charlie	1011	+	101	64584251	56275
chr1	64527976	64727976	harbor1	chr1	64587827	64588156	DNA/hAT-Charlie	623	+	164	64587991	60015
chr1	64527976	64727976	harbor1	chr1	64601096	64601249	DNA/hAT-Charlie	710	+	76	64601172	73196
chr1	64527976	64727976	harbor1	chr1	64620440	64620889	DNA/hAT-Charlie	879	+	224	64620664	92688
chr1	64527976	64727976	harbor1	chr1	64624911	64625106	DNA/hAT-Charlie	814	+	98	64625009	97033
chr1	81515461	81715461	harbor1	chr1	81572708	81572890	DNA/hAT-Charlie	667	+	91	81572799	57338
chr1	81515461	81715461	harbor1	chr1	81608448	81608698	DNA/hAT-Charlie	613	+	125	81608573	93112
chr1	216128166	216328166	harbor1	chr1	216178695	216178904	DNA/hAT-Charlie	1056	+	104	216178799	50633
chr1	216128166	216328166	harbor1	chr1	216215256	216215500	DNA/hAT-Charlie	835	+	122	216215378	87212
chr1	117182262	117382262	harbor1	chr1	117230755	117230889	DNA/hAT-Charlie	869	+	67	117230822	48560
chr1	117182262	117382262	harbor1	chr1	117231294	117231605	DNA/hAT-Charlie	869	+	156	117231450	49188
chr1	117182262	117382262	harbor1	chr1	117241791	117241965	DNA/hAT-Charlie	426	+	87	117241878	59616
chr1	117182262	117382262	harbor1	chr1	117266669	117266792	DNA/hAT-Charlie	557	+	62	117266731	84469
chr1	117182262	117382262	harbor1	chr1	117278769	117278995	DNA/hAT-Charlie	896	+	113	117278882	96620
chr1	147316360	147516360	harbor1	chr1	147340150	147340329	DNA/hAT-Charlie	482	+	90	147340240	23880
chr1	147316360	147516360	harbor1	chr1	147365806	147366135	DNA/hAT-Charlie	674	+	164	147365970	49610
chr1	147316360	147516360	harbor1	chr1	147366313	147366955	DNA/hAT-Charlie	2461	+	321	147366634	50274
chr1	147316360	147516360	harbor1	chr1	147369899	147370081	DNA/hAT-Charlie	784	+	91	147369990	53630
chr1	147316360	147516360	harbor1	chr1	147370384	147370705	DNA/hAT-Charlie	784	+	160	147370544	54184
chr1	178927347	179127347	harbor1	chr1	178970891	178971053	DNA/hAT-Charlie	632	+	81	178970972	43625
chr1	178927347	179127347	harbor1	chr1	179020648	179020786	DNA/hAT-Charlie	442	+	69	179020717	93370
chr1	178927347	179127347	harbor1	chr1	178929655	178929842	DNA/hAT-Charlie	827	+	94	178929749	2402
chr1	6054318	6254318	harbor1	chr1	6075938	6076110	DNA/hAT-Charlie	882	+	86	6076024	21706
chr1	209716267	209916267	harbor1	chr1	209808646	209808873	DNA/hAT-Charlie	424	+	114	209808760	92493
chr1	69341619	69541619	harbor1	chr1	69342995	69343481	DNA/hAT-Charlie	1305	+	243	69343238	1619
chr1	11670734	11870734	harbor1	chr1	11725344	11725468	DNA/hAT-Charlie	610	+	62	11725406	54672
chr1	242162182	242362182	harbor1	chr1	242181284	242181543	DNA/hAT-Charlie	813	+	130	242181414	19232
chr1	242162182	242362182	harbor1	chr1	242198598	242198749	DNA/hAT-Charlie	1059	+	76	242198674	36492
chr1	242162182	242362182	harbor1	chr1	242199034	242199216	DNA/hAT-Charlie	1059	+	91	242199125	36943
chr1	242162182	242362182	harbor1	chr1	242229976	242230163	DNA/hAT-Charlie	963	+	94	242230070	67888
chr1	179014859	179214859	harbor1	chr1	179020648	179020786	DNA/hAT-Charlie	442	+	69	179020717	5858
chr1	179014859	179214859	harbor1	chr1	179060361	179060701	DNA/hAT-Charlie	2125	+	170	179060531	45672
chr1	242712184	242912184	harbor1	chr1	242735587	242735711	DNA/hAT-Charlie	496	+	62	242735649	23465
chr1	242712184	242912184	harbor1	chr1	242782322	242782528	DNA/hAT-Charlie	417	+	103	242782425	70241
chr1	242712184	242912184	harbor1	chr1	242761308	242762589	DNA/hAT-Charlie	5143	+	640	242761948	49764
chr1	12486851	12686851	harbor1	chr1	12497836	12498037	DNA/hAT-Charlie	506	+	100	12497936	11085
chr1	12486851	12686851	harbor1	chr1	12498111	12498241	DNA/hAT-Charlie	471	+	65	12498176	11325
chr1	12486851	12686851	harbor1	chr1	12557029	12557066	DNA/hAT-Charlie	680	+	18	12557047	70196
chr1	12486851	12686851	harbor1	chr1	12557067	12557571	DNA/hAT-Charlie	3541	+	252	12557319	70468
chr1	12486851	12686851	harbor1	chr1	12557572	12557754	DNA/hAT-Charlie	680	+	91	12557663	70812
chr1	12486851	12686851	harbor1	chr1	12571456	12571526	DNA/hAT-Charlie	2489	+	35	12571491	84640
chr1	12486851	12686851	harbor1	chr1	12571834	12572159	DNA/hAT-Charlie	2489	+	162	12571996	85145
chr1	12486851	12686851	harbor1	chr1	12572470	12572596	DNA/hAT-Charlie	2489	+	63	12572533	85682
chr1	6013367	6213367	harbor1	chr1	6015352	6015561	DNA/hAT-Charlie	1125	+	104	6015456	2089
chr1	6013367	6213367	harbor1	chr1	6037094	6037203	DNA/hAT-Charlie	459	+	54	6037148	23781
chr1	6013367	6213367	harbor1	chr1	6075938	6076110	DNA/hAT-Charlie	882	+	86	6076024	62657
chr1	82454501	82654501	harbor1	chr1	82501588	82501765	DNA/hAT-Charlie	414	+	88	82501676	47175
chr1	82454501	82654501	harbor1	chr1	82520514	82520658	DNA/hAT-Charlie	463	+	72	82520586	66085
chr1	44151458	44351458	harbor1	chr1	44191863	44192037	DNA/hAT-Charlie	577	+	87	44191950	40492
chr1	7734383	7934383	harbor1	chr1	7747199	7747369	DNA/hAT-Charlie	440	+	85	7747284	12901
chr1	7734383	7934383	harbor1	chr1	7801641	7801886	DNA/hAT-Charlie	683	+	122	7801763	67380
chr1	7734383	7934383	harbor1	chr1	7819680	7819910	DNA/hAT-Charlie	1612	+	115	7819795	85412
chr1	33597795	33797795	harbor1	chr1	33640416	33640618	DNA/hAT-Charlie	1057	+	101	33640517	42722
chr1	33597795	33797795	harbor1	chr1	33645890	33646047	DNA/hAT-Charlie	623	+	78	33645968	48173
chr1	33597795	33797795	harbor1	chr1	33659454	33659702	DNA/hAT-Charlie	742	+	124	33659578	61783
chr1	33597795	33797795	harbor1	chr1	33659819	33659912	DNA/hAT-Charlie	575	+	46	33659865	62070
chr1	40991263	41191263	harbor1	chr1	41052182	41052526	DNA/hAT-Charlie	2249	+	172	41052354	61091
chr1	40991263	41191263	harbor1	chr1	41085607	41085838	DNA/hAT-Charlie	1438	+	116	41085723	94460
chr1	40991263	41191263	harbor1	chr1	41086139	41086210	DNA/hAT-Charlie	1438	+	36	41086175	94912
chr1	177458807	177658807	harbor1	chr1	177471574	177471636	DNA/hAT-Charlie	537	+	31	177471605	12798
chr1	177458807	177658807	harbor1	chr1	177471822	177471978	DNA/hAT-Charlie	537	+	78	177471900	13093
chr1	246719106	246919106	harbor1	chr1	246814595	246814918	DNA/hAT-Charlie	1304	+	162	246814757	95651
chr1	46107497	46307497	harbor1	chr1	46114468	46114606	DNA/hAT-Charlie	881	+	69	46114537	7040
chr1	46107497	46307497	harbor1	chr1	46114914	46114978	DNA/hAT-Charlie	881	+	32	46114946	7449
chr1	46107497	46307497	harbor1	chr1	46125732	46125757	DNA/hAT-Charlie	1294	+	12	46125744	18247
chr1	46107497	46307497	harbor1	chr1	46126060	46126255	DNA/hAT-Charlie	1294	+	98	46126158	18661
chr1	46107497	46307497	harbor1	chr1	46126553	46126671	DNA/hAT-Charlie	1294	+	59	46126612	19115
chr1	46107497	46307497	harbor1	chr1	46126798	46126957	DNA/hAT-Charlie	738	+	80	46126878	19381
chr1	46107497	46307497	harbor1	chr1	46155798	46156018	DNA/hAT-Charlie	1047	+	110	46155908	48411
chr1	46107497	46307497	harbor1	chr1	46202320	46202410	DNA/hAT-Charlie	947	+	45	46202365	94868
chr1	46107497	46307497	harbor1	chr1	46202725	46202822	DNA/hAT-Charlie	947	+	48	46202773	95276
chr1	201915938	202115938	harbor1	chr1	201927747	201927868	DNA/hAT-Charlie	645	+	60	201927807	11869
chr1	201915938	202115938	harbor1	chr1	201928245	201928324	DNA/hAT-Charlie	645	+	40	201928285	12347
chr1	88560581	88760581	harbor1	chr1	88572372	88572786	DNA/hAT-Charlie	1583	+	207	88572579	11998
chr1	88560581	88760581	harbor1	chr1	88616033	88616227	DNA/hAT-Charlie	878	+	97	88616130	55549
chr1	88560581	88760581	harbor1	chr1	88625440	88625635	DNA/hAT-Charlie	1045	+	98	88625538	64957
chr1	88560581	88760581	harbor1	chr1	88651752	88652064	DNA/hAT-Charlie	532	+	156	88651908	91327
chr1	165274943	165474943	harbor1	chr1	165290752	165290925	DNA/hAT-Charlie	955	+	86	165290838	15895
chr1	165274943	165474943	harbor1	chr1	165326808	165327009	DNA/hAT-Charlie	694	+	100	165326908	51965
chr1	165274943	165474943	harbor1	chr1	165331316	165331485	DNA/hAT-Charlie	771	+	84	165331400	56457
chr1	165274943	165474943	harbor1	chr1	165366948	165367272	DNA/hAT-Charlie	1348	+	162	165367110	92167
chr1	199209208	199409208	harbor1	chr1	199222449	199222701	DNA/hAT-Charlie	568	+	126	199222575	13367
chr1	38673487	38873487	harbor1	chr1	38698540	38698730	DNA/hAT-Charlie	414	+	95	38698635	25148
chr1	38673487	38873487	harbor1	chr1	38730805	38730970	DNA/hAT-Charlie	489	+	82	38730887	57400
chr1	38673487	38873487	harbor1	chr1	38731069	38731228	DNA/hAT-Charlie	816	+	80	38731149	57662
chr1	38673487	38873487	harbor1	chr1	38731727	38731965	DNA/hAT-Charlie	616	+	119	38731846	58359
chr1	216396949	216596949	harbor1	chr1	216452381	216452497	DNA/hAT-Charlie	488	+	58	216452439	55490
chr1	165907007	166107007	harbor1	chr1	165936777	165936893	DNA/hAT-Charlie	647	+	58	165936835	29828
chr1	165907007	166107007	harbor1	chr1	166000381	166000619	DNA/hAT-Charlie	525	+	119	166000500	93493
chr1	165907007	166107007	harbor1	chr1	165937133	165937297	DNA/hAT-Charlie	776	+	82	165937215	30208
chr1	19764369	19964369	harbor1	chr1	19765420	19765608	DNA/hAT-Charlie	784	+	94	19765514	1145
chr1	19764369	19964369	harbor1	chr1	19805717	19806021	DNA/hAT-Charlie	795	+	152	19805869	41500
chr1	19764369	19964369	harbor1	chr1	19809524	19809737	DNA/hAT-Charlie	1578	+	106	19809630	45261
chr1	19764369	19964369	harbor1	chr1	19855873	19856078	DNA/hAT-Charlie	1242	+	102	19855975	91606
chr1	19764369	19964369	harbor1	chr1	19856413	19856524	DNA/hAT-Charlie	1242	+	56	19856469	92100
chr1	19764369	19964369	harbor1	chr1	19775485	19775702	DNA/hAT-Charlie	796	+	108	19775593	11224
chr1	185302696	185502696	harbor1	chr1	185322284	185322464	DNA/hAT-Charlie	722	+	90	185322374	19678
chr1	185302696	185502696	harbor1	chr1	185366650	185366802	DNA/hAT-Charlie	905	+	76	185366726	64030
chr1	185302696	185502696	harbor1	chr1	185367091	185367129	DNA/hAT-Charlie	905	+	19	185367110	64414
chr1	185302696	185502696	harbor1	chr1	185391017	185391179	DNA/hAT-Charlie	423	+	81	185391098	88402
chr1	108874438	109074438	harbor1	chr1	108895324	108895428	DNA/hAT-Charlie	551	+	52	108895376	20938
chr1	108874438	109074438	harbor1	chr1	108895429	108895874	DNA/hAT-Charlie	2603	+	222	108895651	21213
chr1	108874438	109074438	harbor1	chr1	108895875	108896058	DNA/hAT-Charlie	551	+	92	108895967	21529
chr1	108874438	109074438	harbor1	chr1	108905744	108905943	DNA/hAT-Charlie	965	+	100	108905844	31406
chr1	108874438	109074438	harbor1	chr1	108937902	108938098	DNA/hAT-Charlie	695	+	98	108938000	63562
chr1	108874438	109074438	harbor1	chr1	108938112	108938244	DNA/hAT-Charlie	518	+	66	108938178	63740
chr1	108874438	109074438	harbor1	chr1	108953327	108953504	DNA/hAT-Charlie	1033	+	88	108953415	78977
chr1	115023293	115223293	harbor1	chr1	115082053	115082258	DNA/hAT-Charlie	954	+	102	115082155	58862
chr1	115023293	115223293	harbor1	chr1	115083550	115083684	DNA/hAT-Charlie	626	+	67	115083617	60324
chr1	243260514	243460514	harbor1	chr1	243263227	243263375	DNA/hAT-Charlie	696	+	74	243263301	2787
chr1	243260514	243460514	harbor1	chr1	243333335	243333494	DNA/hAT-Charlie	595	+	80	243333415	72901
chr1	243260514	243460514	harbor1	chr1	243349269	243349487	DNA/hAT-Charlie	1172	+	109	243349378	88864
chr1	33130703	33330703	harbor1	chr1	33131409	33131674	DNA/hAT-Charlie	780	+	132	33131541	838
chr1	33130703	33330703	harbor1	chr1	33148093	33148810	DNA/hAT-Charlie	1670	+	358	33148451	17748
chr1	33130703	33330703	harbor1	chr1	33153390	33153610	DNA/hAT-Charlie	1114	+	110	33153500	22797
chr1	33130703	33330703	harbor1	chr1	33165889	33166410	DNA/hAT-Charlie	3343	+	260	33166149	35446
chr1	33130703	33330703	harbor1	chr1	33179762	33179952	DNA/hAT-Charlie	591	+	95	33179857	49154
chr1	33130703	33330703	harbor1	chr1	33182274	33182542	DNA/hAT-Charlie	525	+	134	33182408	51705
chr1	33130703	33330703	harbor1	chr1	33177593	33177792	DNA/hAT-Charlie	1074	+	100	33177693	46990
chr1	156942486	157142486	harbor1	chr1	156961803	156961994	DNA/hAT-Charlie	1018	+	96	156961899	19413
chr1	156942486	157142486	harbor1	chr1	156966617	156966834	DNA/hAT-Charlie	788	+	108	156966725	24239
chr1	156942486	157142486	harbor1	chr1	156980930	156981038	DNA/hAT-Charlie	1143	+	54	156980984	38498
chr1	156942486	157142486	harbor1	chr1	156981343	156981478	DNA/hAT-Charlie	1143	+	68	156981411	38925
chr1	156942486	157142486	harbor1	chr1	156981775	156982123	DNA/hAT-Charlie	1143	+	174	156981949	39463
chr1	156942486	157142486	harbor1	chr1	156992655	156992834	DNA/hAT-Charlie	571	+	90	156992745	50259
chr1	156942486	157142486	harbor1	chr1	156997634	156997928	DNA/hAT-Charlie	1285	+	147	156997781	55295
chr1	156942486	157142486	harbor1	chr1	157032381	157032566	DNA/hAT-Charlie	674	+	92	157032473	89987
chr1	66637003	66837003	harbor1	chr1	66640028	66640165	DNA/hAT-Charlie	976	+	68	66640096	3093
chr1	89888525	90088525	harbor1	chr1	89924986	89925506	DNA/hAT-Charlie	3907	+	260	89925246	36721
chr1	89888525	90088525	harbor1	chr1	89929805	89930149	DNA/hAT-Charlie	2189	+	172	89929977	41452
chr1	89888525	90088525	harbor1	chr1	89940918	89941083	DNA/hAT-Charlie	692	+	82	89941000	52475
chr1	89888525	90088525	harbor1	chr1	89968246	89968620	DNA/hAT-Charlie	1280	+	187	89968433	79908
chr1	89888525	90088525	harbor1	chr1	89969754	89969884	DNA/hAT-Charlie	426	+	65	89969819	81294
chr1	165988721	166188721	harbor1	chr1	166000381	166000619	DNA/hAT-Charlie	525	+	119	166000500	11779
chr1	165988721	166188721	harbor1	chr1	166039544	166039728	DNA/hAT-Charlie	1034	+	92	166039636	50915
chr1	108719431	108919431	harbor1	chr1	108723736	108723910	DNA/hAT-Charlie	613	+	87	108723823	4392
chr1	108719431	108919431	harbor1	chr1	108732364	108732691	DNA/hAT-Charlie	601	+	164	108732528	13097
chr1	108719431	108919431	harbor1	chr1	108739502	108739605	DNA/hAT-Charlie	430	+	52	108739554	20123
chr1	108719431	108919431	harbor1	chr1	108740963	108741138	DNA/hAT-Charlie	921	+	88	108741051	21620
chr1	108719431	108919431	harbor1	chr1	108754631	108754835	DNA/hAT-Charlie	527	+	102	108754733	35302
chr1	108719431	108919431	harbor1	chr1	108787343	108787534	DNA/hAT-Charlie	1508	+	96	108787439	68008
chr1	108719431	108919431	harbor1	chr1	108789218	108789432	DNA/hAT-Charlie	1512	+	107	108789325	69894
chr1	108719431	108919431	harbor1	chr1	108806195	108806243	DNA/hAT-Charlie	1118	+	24	108806219	86788
chr1	7395	207395	harbor1	chr1	27269	27518	DNA/hAT-Charlie	1300	+	124	27393	19998
chr1	7395	207395	harbor1	chr1	37045	37431	DNA/hAT-Charlie	1566	+	193	37238	29843
chr1	234961020	235161020	harbor1	chr1	234996507	234996718	DNA/hAT-Charlie	994	+	106	234996613	35593
chr1	231241357	231441357	harbor1	chr1	231246705	231246882	DNA/hAT-Charlie	721	+	88	231246793	5436
chr1	231241357	231441357	harbor1	chr1	231251557	231251715	DNA/hAT-Charlie	612	+	79	231251636	10279
chr1	231241357	231441357	harbor1	chr1	231291654	231291827	DNA/hAT-Charlie	689	+	86	231291740	50383
chr1	231241357	231441357	harbor1	chr1	231313963	231314132	DNA/hAT-Charlie	538	+	84	231314047	72690
chr1	231241357	231441357	harbor1	chr1	231324798	231324996	DNA/hAT-Charlie	793	+	99	231324897	83540
chr1	87886192	88086192	harbor1	chr1	87944652	87944898	DNA/hAT-Charlie	516	+	123	87944775	58583
chr1	87886192	88086192	harbor1	chr1	87954812	87954968	DNA/hAT-Charlie	558	+	78	87954890	68698
chr1	18061130	18261130	harbor1	chr1	18077963	18078096	DNA/hAT-Charlie	636	+	66	18078029	16899
chr1	18061130	18261130	harbor1	chr1	18102692	18102948	DNA/hAT-Charlie	508	+	128	18102820	41690
chr1	18061130	18261130	harbor1	chr1	18119552	18119989	DNA/hAT-Charlie	1283	+	218	18119770	58640
chr1	54878262	55078262	harbor1	chr1	54888669	54888929	DNA/hAT-Charlie	1341	+	130	54888799	10537
chr1	54878262	55078262	harbor1	chr1	54890593	54890762	DNA/hAT-Charlie	470	+	84	54890677	12415
chr1	54878262	55078262	harbor1	chr1	54905501	54905677	DNA/hAT-Charlie	903	+	88	54905589	27327
chr1	54878262	55078262	harbor1	chr1	54955363	54955552	DNA/hAT-Charlie	780	+	94	54955457	77195
chr1	54878262	55078262	harbor1	chr1	54968988	54969121	DNA/hAT-Charlie	518	+	66	54969054	90792
chr1	213119578	213319578	harbor1	chr1	213126580	213126919	DNA/hAT-Charlie	1901	+	170	213126750	7172
chr1	213119578	213319578	harbor1	chr1	213127110	213127328	DNA/hAT-Charlie	1079	+	109	213127219	7641
chr1	213119578	213319578	harbor1	chr1	213127360	213128228	DNA/hAT-Charlie	5128	+	434	213127794	8216
chr1	213119578	213319578	harbor1	chr1	213128271	213128507	DNA/hAT-Charlie	5128	+	118	213128389	8811
chr1	213119578	213319578	harbor1	chr1	213172045	213172185	DNA/hAT-Charlie	729	+	70	213172115	52537
chr1	213119578	213319578	harbor1	chr1	213172610	213172723	DNA/hAT-Charlie	431	+	56	213172666	53088
chr1	213119578	213319578	harbor1	chr1	213194523	213194927	DNA/hAT-Charlie	1821	+	202	213194725	75147
chr1	189641690	189841690	harbor1	chr1	189720161	189720372	DNA/hAT-Charlie	733	+	106	189720267	78577
chr1	189641690	189841690	harbor1	chr1	189738794	189738963	DNA/hAT-Charlie	541	+	84	189738878	97188
chr1	189641690	189841690	harbor1	chr1	189739052	189739256	DNA/hAT-Charlie	827	+	102	189739154	97464
chr1	89763762	89963762	harbor1	chr1	89823999	89824207	DNA/hAT-Charlie	891	+	104	89824103	60341
chr1	89763762	89963762	harbor1	chr1	89827905	89828075	DNA/hAT-Charlie	485	+	85	89827990	64228
chr1	89763762	89963762	harbor1	chr1	89828334	89828649	DNA/hAT-Charlie	581	+	158	89828492	64730
chr1	89763762	89963762	harbor1	chr1	89800566	89800709	DNA/hAT-Charlie	464	+	72	89800638	36876
chr1	108896613	109096613	harbor1	chr1	108905744	108905943	DNA/hAT-Charlie	965	+	100	108905844	9231
chr1	108896613	109096613	harbor1	chr1	108937902	108938098	DNA/hAT-Charlie	695	+	98	108938000	41387
chr1	108896613	109096613	harbor1	chr1	108938112	108938244	DNA/hAT-Charlie	518	+	66	108938178	41565
chr1	108896613	109096613	harbor1	chr1	108953327	108953504	DNA/hAT-Charlie	1033	+	88	108953415	56802
chr1	108896613	109096613	harbor1	chr1	108979853	108980195	DNA/hAT-Charlie	2260	+	171	108980024	83411
chr1	108896613	109096613	harbor1	chr1	108989673	108989703	DNA/hAT-Charlie	446	+	15	108989688	93075
chr1	108896613	109096613	harbor1	chr1	108989995	108990076	DNA/hAT-Charlie	446	+	40	108990035	93422
chr1	100186916	100386916	harbor1	chr1	100189849	100190077	DNA/hAT-Charlie	870	+	114	100189963	3047
chr1	100186916	100386916	harbor1	chr1	100274460	100274651	DNA/hAT-Charlie	978	+	96	100274556	87640
chr1	100186916	100386916	harbor1	chr1	100278807	100278987	DNA/hAT-Charlie	749	+	90	100278897	91981
chr1	88961134	89161134	harbor1	chr1	89006401	89006602	DNA/hAT-Charlie	812	+	100	89006501	45367
chr1	88961134	89161134	harbor1	chr1	89011408	89011522	DNA/hAT-Charlie	418	+	57	89011465	50331
chr1	88961134	89161134	harbor1	chr1	89012138	89012261	DNA/hAT-Charlie	467	+	62	89012200	51066
chr1	88961134	89161134	harbor1	chr1	89012463	89012665	DNA/hAT-Charlie	719	+	101	89012564	51430
chr1	88961134	89161134	harbor1	chr1	89052024	89052222	DNA/hAT-Charlie	846	+	99	89052123	90989
chr1	88961134	89161134	harbor1	chr1	89057244	89057363	DNA/hAT-Charlie	506	+	60	89057304	96170
chr1	186223348	186423348	harbor1	chr1	186279168	186279353	DNA/hAT-Charlie	962	+	92	186279260	55912
chr1	74488833	74688833	harbor1	chr1	74496008	74496171	DNA/hAT-Charlie	931	+	82	74496090	7257
chr1	74488833	74688833	harbor1	chr1	74506576	74506708	DNA/hAT-Charlie	641	+	66	74506642	17809
chr1	74488833	74688833	harbor1	chr1	74526824	74527039	DNA/hAT-Charlie	1255	+	108	74526932	38099
chr1	74488833	74688833	harbor1	chr1	74562287	74562465	DNA/hAT-Charlie	634	+	89	74562376	73543
chr1	74488833	74688833	harbor1	chr1	74564208	74564436	DNA/hAT-Charlie	895	+	114	74564322	75489
chr1	56585265	56785265	harbor1	chr1	56588455	56588548	DNA/hAT-Charlie	441	+	46	56588501	3236
chr1	56585265	56785265	harbor1	chr1	56588557	56588692	DNA/hAT-Charlie	775	+	68	56588625	3360
chr1	44480989	44680989	harbor1	chr1	44484718	44484862	DNA/hAT-Charlie	687	+	72	44484790	3801
chr1	44480989	44680989	harbor1	chr1	44485154	44485212	DNA/hAT-Charlie	687	+	29	44485183	4194
chr1	44480989	44680989	harbor1	chr1	44503730	44503851	DNA/hAT-Charlie	780	+	60	44503790	22801
chr1	44480989	44680989	harbor1	chr1	44504148	44504198	DNA/hAT-Charlie	780	+	25	44504173	23184
chr1	153703110	153903110	harbor1	chr1	153783162	153783460	DNA/hAT-Charlie	1077	+	149	153783311	80201
chr1	101379637	101579637	harbor1	chr1	101404515	101404709	DNA/hAT-Charlie	714	+	97	101404612	24975
chr1	101379637	101579637	harbor1	chr1	101471924	101472255	DNA/hAT-Charlie	667	+	166	101472090	92453
chr1	55790704	55990704	harbor1	chr1	55866860	55867001	DNA/hAT-Charlie	470	+	70	55866930	76226
chr1	55790704	55990704	harbor1	chr1	55867046	55867084	DNA/hAT-Charlie	470	+	19	55867065	76361
chr1	112505649	112705649	harbor1	chr1	112518851	112519049	DNA/hAT-Charlie	1107	+	99	112518950	13301
chr1	112505649	112705649	harbor1	chr1	112551471	112551684	DNA/hAT-Charlie	1055	+	106	112551577	45928
chr1	112505649	112705649	harbor1	chr1	112585271	112585460	DNA/hAT-Charlie	1431	+	94	112585365	79716
chr1	112505649	112705649	harbor1	chr1	112585748	112585882	DNA/hAT-Charlie	1431	+	67	112585815	80166
chr1	112505649	112705649	harbor1	chr1	112593992	112594622	DNA/hAT-Charlie	1456	+	315	112594307	88658
chr1	112505649	112705649	harbor1	chr1	112594689	112594885	DNA/hAT-Charlie	885	+	98	112594787	89138
chr1	112505649	112705649	harbor1	chr1	112594883	112595084	DNA/hAT-Charlie	835	+	100	112594983	89334
chr1	112505649	112705649	harbor1	chr1	112595396	112595434	DNA/hAT-Charlie	835	+	19	112595415	89766
chr1	112505649	112705649	harbor1	chr1	112595719	112595952	DNA/hAT-Charlie	835	+	116	112595835	90186
chr1	112505649	112705649	harbor1	chr1	112602422	112602565	DNA/hAT-Charlie	705	+	72	112602494	96845
chr1	112505649	112705649	harbor1	chr1	112602578	112602704	DNA/hAT-Charlie	2905	+	63	112602641	96992
chr1	112505649	112705649	harbor1	chr1	112603015	112603598	DNA/hAT-Charlie	2905	+	292	112603307	97658
chr1	224340079	224540079	harbor1	chr1	224358471	224358692	DNA/hAT-Charlie	1660	+	110	224358581	18502
chr1	224340079	224540079	harbor1	chr1	224408892	224409030	DNA/hAT-Charlie	421	+	69	224408961	68882
chr1	224340079	224540079	harbor1	chr1	224409106	224409468	DNA/hAT-Charlie	1123	+	181	224409287	69208
chr1	224340079	224540079	harbor1	chr1	224412661	224412860	DNA/hAT-Charlie	900	+	100	224412761	72682
chr1	224340079	224540079	harbor1	chr1	224437572	224437815	DNA/hAT-Charlie	783	+	122	224437694	97615
chr1	210248530	210448530	harbor1	chr1	210264082	210264314	DNA/hAT-Charlie	1189	+	116	210264198	15668
chr1	210248530	210448530	harbor1	chr1	210281379	210281518	DNA/hAT-Charlie	759	+	70	210281449	32919
chr1	202931084	203131084	harbor1	chr1	202947722	202948059	DNA/hAT-Charlie	1074	+	168	202947890	16806
chr1	202931084	203131084	harbor1	chr1	203000670	203000821	DNA/hAT-Charlie	429	+	76	203000746	69662
chr1	75750929	75950929	harbor1	chr1	75766915	75767256	DNA/hAT-Charlie	2236	+	170	75767085	16156
chr1	75750929	75950929	harbor1	chr1	75800827	75801018	DNA/hAT-Charlie	761	+	96	75800923	49994
chr1	75750929	75950929	harbor1	chr1	75801024	75801279	DNA/hAT-Charlie	951	+	128	75801152	50223
chr1	42260145	42460145	harbor1	chr1	42273726	42274034	DNA/hAT-Charlie	507	+	154	42273880	13735
chr1	42260145	42460145	harbor1	chr1	42284742	42285102	DNA/hAT-Charlie	1636	+	180	42284922	24777
chr1	42260145	42460145	harbor1	chr1	42285283	42285365	DNA/hAT-Charlie	1636	+	41	42285324	25179
chr1	42260145	42460145	harbor1	chr1	42288615	42289109	DNA/hAT-Charlie	1715	+	247	42288862	28717
chr1	42260145	42460145	harbor1	chr1	42349512	42349837	DNA/hAT-Charlie	1228	+	162	42349674	89529
chr1	168367675	168567675	harbor1	chr1	168433784	168434096	DNA/hAT-Charlie	1436	+	156	168433940	66265
chr1	168367675	168567675	harbor1	chr1	168454862	168455095	DNA/hAT-Charlie	490	+	116	168454978	87303
chr1	65160720	65360720	harbor1	chr1	65246314	65246398	DNA/hAT-Charlie	416	+	42	65246356	85636
chr1	65160720	65360720	harbor1	chr1	65259668	65259890	DNA/hAT-Charlie	780	+	111	65259779	99059
chr1	214556209	214756209	harbor1	chr1	214567662	214567801	DNA/hAT-Charlie	449	+	70	214567732	11523
chr1	214556209	214756209	harbor1	chr1	214616398	214616639	DNA/hAT-Charlie	878	+	120	214616518	60309
chr1	179358465	179558465	harbor1	chr1	179428499	179428897	DNA/hAT-Charlie	1705	+	199	179428698	70233
chr1	179358465	179558465	harbor1	chr1	179429188	179429309	DNA/hAT-Charlie	1705	+	60	179429248	70783
chr1	55236310	55436310	harbor1	chr1	55257606	55257865	DNA/hAT-Charlie	440	+	130	55257736	21426
chr1	55236310	55436310	harbor1	chr1	55285972	55286145	DNA/hAT-Charlie	474	+	86	55286058	49748
chr1	211863063	212063063	harbor1	chr1	211875708	211875904	DNA/hAT-Charlie	1135	+	98	211875806	12743
chr1	211863063	212063063	harbor1	chr1	211892447	211893209	DNA/hAT-Charlie	1915	+	381	211892828	29765
chr1	211863063	212063063	harbor1	chr1	211915040	211915201	DNA/hAT-Charlie	433	+	80	211915120	52057
chr2	134657306	134857306	harbor1	chr2	134688840	134689098	DNA/hAT-Charlie	1212	+	129	134688969	31663
chr2	134657306	134857306	harbor1	chr2	134689406	134689478	DNA/hAT-Charlie	1212	+	36	134689442	32136
chr2	134657306	134857306	harbor1	chr2	134713397	134713651	DNA/hAT-Charlie	711	+	127	134713524	56218
chr2	134657306	134857306	harbor1	chr2	134722929	134723636	DNA/hAT-Charlie	988	+	354	134723283	65977
chr2	134657306	134857306	harbor1	chr2	134723959	134723993	DNA/hAT-Charlie	988	+	17	134723976	66670
chr2	134657306	134857306	harbor1	chr2	134726590	134726719	DNA/hAT-Charlie	661	+	64	134726654	69348
chr2	163940225	164140225	harbor1	chr2	163957356	163957528	DNA/hAT-Charlie	542	+	86	163957442	17217
chr2	163940225	164140225	harbor1	chr2	163982049	163982595	DNA/hAT-Charlie	1011	+	273	163982322	42097
chr2	163940225	164140225	harbor1	chr2	163982697	163983020	DNA/hAT-Charlie	826	+	162	163982859	42634
chr2	163940225	164140225	harbor1	chr2	163983149	163983924	DNA/hAT-Charlie	2604	+	388	163983537	43312
chr2	120540389	120740389	harbor1	chr2	120557485	120557691	DNA/hAT-Charlie	1086	+	103	120557588	17199
chr2	120540389	120740389	harbor1	chr2	120570848	120570960	DNA/hAT-Charlie	549	+	56	120570904	30515
chr2	120540389	120740389	harbor1	chr2	120585601	120585778	DNA/hAT-Charlie	467	+	88	120585689	45300
chr2	120540389	120740389	harbor1	chr2	120594870	120595023	DNA/hAT-Charlie	492	+	76	120594946	54557
chr2	239159133	239359133	harbor1	chr2	239179276	239179619	DNA/hAT-Charlie	1736	+	172	239179448	20315
chr2	74265851	74465851	harbor1	chr2	74273001	74273129	DNA/hAT-Charlie	550	+	64	74273065	7214
chr2	74265851	74465851	harbor1	chr2	74283708	74283838	DNA/hAT-Charlie	686	+	65	74283773	17922
chr2	74265851	74465851	harbor1	chr2	74288046	74288293	DNA/hAT-Charlie	854	+	124	74288170	22319
chr2	74265851	74465851	harbor1	chr2	74304992	74305338	DNA/hAT-Charlie	780	+	173	74305165	39314
chr2	74265851	74465851	harbor1	chr2	74333065	74333283	DNA/hAT-Charlie	807	+	109	74333174	67323
chr2	74265851	74465851	harbor1	chr2	74360101	74360253	DNA/hAT-Charlie	536	+	76	74360177	94326
chr2	123280433	123480433	harbor1	chr2	123328647	123328993	DNA/hAT-Charlie	1646	+	173	123328820	48387
chr2	9601477	9801477	harbor1	chr2	9620946	9621122	DNA/hAT-Charlie	619	+	88	9621034	19557
chr2	9601477	9801477	harbor1	chr2	9648743	9648839	DNA/hAT-Charlie	529	+	48	9648791	47314
chr2	9601477	9801477	harbor1	chr2	9683646	9683870	DNA/hAT-Charlie	3594	+	112	9683758	82281
chr2	9601477	9801477	harbor1	chr2	9684157	9684345	DNA/hAT-Charlie	913	+	94	9684251	82774
chr2	9601477	9801477	harbor1	chr2	9684613	9684776	DNA/hAT-Charlie	913	+	82	9684695	83218
chr2	9601477	9801477	harbor1	chr2	9685140	9685263	DNA/hAT-Charlie	507	+	62	9685202	83725
chr2	9601477	9801477	harbor1	chr2	9685571	9685613	DNA/hAT-Charlie	507	+	21	9685592	84115
chr2	9601477	9801477	harbor1	chr2	9682647	9683340	DNA/hAT-Charlie	3594	+	346	9682993	81516
chr2	42421341	42621341	harbor1	chr2	42449242	42449467	DNA/hAT-Charlie	1183	+	112	42449354	28013
chr2	202190276	202390276	harbor1	chr2	202271614	202271663	DNA/hAT-Charlie	458	+	24	202271638	81362
chr2	202190276	202390276	harbor1	chr2	202271952	202272149	DNA/hAT-Charlie	458	+	98	202272050	81774
chr2	202190276	202390276	harbor1	chr2	202272454	202272659	DNA/hAT-Charlie	458	+	102	202272556	82280
chr2	202190276	202390276	harbor1	chr2	202272660	202272852	DNA/hAT-Charlie	850	+	96	202272756	82480
chr2	202190276	202390276	harbor1	chr2	202273139	202273429	DNA/hAT-Charlie	850	+	145	202273284	83008
chr2	202190276	202390276	harbor1	chr2	202286719	202286937	DNA/hAT-Charlie	906	+	109	202286828	96552
chr2	43870685	44070685	harbor1	chr2	43879359	43879508	DNA/hAT-Charlie	554	+	74	43879433	8748
chr2	43870685	44070685	harbor1	chr2	43907473	43907669	DNA/hAT-Charlie	600	+	98	43907571	36886
chr2	43870685	44070685	harbor1	chr2	43918996	43919323	DNA/hAT-Charlie	2159	+	164	43919160	48475
chr2	179468474	179668474	harbor1	chr2	179471367	179471844	DNA/hAT-Charlie	1554	+	238	179471605	3131
chr2	179468474	179668474	harbor1	chr2	179564043	179564230	DNA/hAT-Charlie	1152	+	94	179564137	95663
chr2	5327766	5527766	harbor1	chr2	5335091	5335303	DNA/hAT-Charlie	832	+	106	5335197	7431
chr2	5327766	5527766	harbor1	chr2	5345538	5345694	DNA/hAT-Charlie	612	+	78	5345616	17850
chr2	5327766	5527766	harbor1	chr2	5361161	5362445	DNA/hAT-Charlie	4182	+	642	5361803	34037
chr2	5327766	5527766	harbor1	chr2	5399288	5399466	DNA/hAT-Charlie	555	+	89	5399377	71611
chr2	76301164	76501164	harbor1	chr2	76339410	76339599	DNA/hAT-Charlie	755	+	94	76339504	38340
chr2	96046374	96246374	harbor1	chr2	96120846	96121042	DNA/hAT-Charlie	724	+	98	96120944	74570
chr2	42870195	43070195	harbor1	chr2	42876700	42876875	DNA/hAT-Charlie	1240	+	88	42876788	6593
chr2	42870195	43070195	harbor1	chr2	42877162	42877310	DNA/hAT-Charlie	1240	+	74	42877236	7041
chr2	42870195	43070195	harbor1	chr2	42877611	42877645	DNA/hAT-Charlie	1240	+	17	42877628	7433
chr2	42870195	43070195	harbor1	chr2	42963776	42963878	DNA/hAT-Charlie	844	+	51	42963827	93632
chr2	42870195	43070195	harbor1	chr2	42964189	42964294	DNA/hAT-Charlie	844	+	52	42964241	94046
chr2	47026092	47226092	harbor1	chr2	47118129	47118607	DNA/hAT-Charlie	3706	+	239	47118368	92276
chr2	113826643	114026643	harbor1	chr2	113853163	113853331	DNA/hAT-Charlie	743	+	84	113853247	26604
chr2	113826643	114026643	harbor1	chr2	113887403	113887596	DNA/hAT-Charlie	532	+	96	113887499	60856
chr2	113826643	114026643	harbor1	chr2	113888918	113889050	DNA/hAT-Charlie	670	+	66	113888984	62341
chr2	113826643	114026643	harbor1	chr2	113907039	113907282	DNA/hAT-Charlie	586	+	122	113907161	80518
chr2	113826643	114026643	harbor1	chr2	113907552	113907690	DNA/hAT-Charlie	586	+	69	113907621	80978
chr2	113826643	114026643	harbor1	chr2	113908003	113908098	DNA/hAT-Charlie	586	+	48	113908051	81408
chr2	113826643	114026643	harbor1	chr2	113908108	113908496	DNA/hAT-Charlie	715	+	194	113908302	81659
chr2	193084609	193284609	harbor1	chr2	193109199	193109376	DNA/hAT-Charlie	572	+	88	193109287	24678
chr2	182216821	182416821	harbor1	chr2	182251444	182251623	DNA/hAT-Charlie	894	+	90	182251534	34713
chr2	41892405	42092405	harbor1	chr2	41899004	41900920	DNA/hAT-Charlie	6485	+	958	41899962	7557
chr2	41892405	42092405	harbor1	chr2	41915631	41915793	DNA/hAT-Charlie	1031	+	81	41915712	23307
chr2	41892405	42092405	harbor1	chr2	41930344	41930485	DNA/hAT-Charlie	671	+	70	41930414	38009
chr2	41892405	42092405	harbor1	chr2	41962454	41962615	DNA/hAT-Charlie	969	+	80	41962534	70129
chr2	71309543	71509543	harbor1	chr2	71364872	71365252	DNA/hAT-Charlie	730	+	190	71365062	55519
chr2	7172265	7372265	harbor1	chr2	7223911	7224040	DNA/hAT-Charlie	519	+	64	7223975	51710
chr2	199032208	199232208	harbor1	chr2	199082865	199083028	DNA/hAT-Charlie	522	+	82	199082947	50739
chr2	199032208	199232208	harbor1	chr2	199129288	199129472	DNA/hAT-Charlie	849	+	92	199129380	97172
chr2	197224648	197424648	harbor1	chr2	197231545	197231757	DNA/hAT-Charlie	1113	+	106	197231651	7003
chr2	197224648	197424648	harbor1	chr2	197241270	197241392	DNA/hAT-Charlie	605	+	61	197241331	16683
chr2	197224648	197424648	harbor1	chr2	197275649	197275994	DNA/hAT-Charlie	1866	+	172	197275821	51173
chr2	197224648	197424648	harbor1	chr2	197276308	197276791	DNA/hAT-Charlie	1866	+	242	197276550	51902
chr2	197224648	197424648	harbor1	chr2	197290528	197290754	DNA/hAT-Charlie	564	+	113	197290641	65993
chr2	197224648	197424648	harbor1	chr2	197291582	197291682	DNA/hAT-Charlie	529	+	50	197291632	66984
chr2	197224648	197424648	harbor1	chr2	197292434	197292689	DNA/hAT-Charlie	1023	+	128	197292562	67914
chr2	136206040	136406040	harbor1	chr2	136213923	136214107	DNA/hAT-Charlie	707	+	92	136214015	7975
chr2	136206040	136406040	harbor1	chr2	136246646	136246874	DNA/hAT-Charlie	710	+	114	136246760	40720
chr2	136206040	136406040	harbor1	chr2	136254894	136255069	DNA/hAT-Charlie	503	+	88	136254982	48942
chr2	136206040	136406040	harbor1	chr2	136258388	136258516	DNA/hAT-Charlie	451	+	64	136258452	52412
chr2	136206040	136406040	harbor1	chr2	136276274	136276322	DNA/hAT-Charlie	671	+	24	136276298	70258
chr2	136206040	136406040	harbor1	chr2	136276681	136276957	DNA/hAT-Charlie	756	+	138	136276819	70779
chr2	136206040	136406040	harbor1	chr2	136284535	136284693	DNA/hAT-Charlie	952	+	79	136284614	78574
chr2	136206040	136406040	harbor1	chr2	136304194	136304579	DNA/hAT-Charlie	2079	+	192	136304386	98346
chr2	136206040	136406040	harbor1	chr2	136304885	136305062	DNA/hAT-Charlie	2079	+	88	136304973	98933
chr2	213233812	213433812	harbor1	chr2	213243807	213243966	DNA/hAT-Charlie	638	+	80	213243887	10075
chr2	213233812	213433812	harbor1	chr2	213300468	213300863	DNA/hAT-Charlie	1401	+	198	213300666	66854
chr2	213233812	213433812	harbor1	chr2	213311997	213312222	DNA/hAT-Charlie	898	+	112	213312109	78297
chr2	31894075	32094075	harbor1	chr2	31925572	31926085	DNA/hAT-Charlie	4073	+	256	31925828	31753
chr2	31894075	32094075	harbor1	chr2	31926394	31926567	DNA/hAT-Charlie	4073	+	86	31926480	32405
chr2	31894075	32094075	harbor1	chr2	31926877	31927048	DNA/hAT-Charlie	4073	+	86	31926963	32888
chr2	31894075	32094075	harbor1	chr2	31927326	31927879	DNA/hAT-Charlie	4073	+	276	31927602	33527
chr2	31894075	32094075	harbor1	chr2	31963797	31964102	DNA/hAT-Charlie	1213	+	152	31963949	69874
chr2	31894075	32094075	harbor1	chr2	31988157	31988264	DNA/hAT-Charlie	1010	+	54	31988211	94136
chr2	31894075	32094075	harbor1	chr2	31988563	31988778	DNA/hAT-Charlie	1010	+	108	31988671	94596
chr2	31894075	32094075	harbor1	chr2	31988782	31988925	DNA/hAT-Charlie	1844	+	72	31988854	94779
chr2	31894075	32094075	harbor1	chr2	31989259	31989657	DNA/hAT-Charlie	1844	+	199	31989458	95383
chr2	31894075	32094075	harbor1	chr2	31989753	31989834	DNA/hAT-Charlie	1651	+	40	31989793	95718
chr2	31894075	32094075	harbor1	chr2	31990123	31990411	DNA/hAT-Charlie	1651	+	144	31990267	96192
chr2	31894075	32094075	harbor1	chr2	31990729	31990844	DNA/hAT-Charlie	525	+	58	31990787	96712
chr2	31894075	32094075	harbor1	chr2	31992214	31992394	DNA/hAT-Charlie	870	+	90	31992304	98229
chr2	223285718	223485718	harbor1	chr2	223328405	223328985	DNA/hAT-Charlie	982	+	290	223328695	42977
chr2	223285718	223485718	harbor1	chr2	223329058	223329360	DNA/hAT-Charlie	1093	+	151	223329209	43491
chr2	223285718	223485718	harbor1	chr2	223329617	223329777	DNA/hAT-Charlie	779	+	80	223329697	43979
chr2	223285718	223485718	harbor1	chr2	223336905	223337252	DNA/hAT-Charlie	822	+	174	223337079	51361
chr2	223285718	223485718	harbor1	chr2	223358958	223359160	DNA/hAT-Charlie	980	+	101	223359059	73341
chr2	223285718	223485718	harbor1	chr2	223330070	223330370	DNA/hAT-Charlie	779	+	150	223330220	44502
chr2	67017761	67217761	harbor1	chr2	67043191	67043328	DNA/hAT-Charlie	607	+	68	67043259	25498
chr2	67017761	67217761	harbor1	chr2	67112575	67112853	DNA/hAT-Charlie	727	+	139	67112714	94953
chr2	9046979	9246979	harbor1	chr2	9047792	9048120	DNA/hAT-Charlie	1790	+	164	9047956	977
chr2	9046979	9246979	harbor1	chr2	9135748	9136072	DNA/hAT-Charlie	1081	+	162	9135910	88931
chr2	119632942	119832942	harbor1	chr2	119651250	119651461	DNA/hAT-Charlie	855	+	106	119651356	18414
chr2	179842190	180042190	harbor1	chr2	179856972	179857138	DNA/hAT-Charlie	713	+	83	179857055	14865
chr2	179842190	180042190	harbor1	chr2	179883379	179883542	DNA/hAT-Charlie	865	+	82	179883461	41271
chr2	179842190	180042190	harbor1	chr2	179937432	179937640	DNA/hAT-Charlie	733	+	104	179937536	95346
chr2	179842190	180042190	harbor1	chr2	179940525	179940745	DNA/hAT-Charlie	552	+	110	179940635	98445
chr2	210185676	210385676	harbor1	chr2	210223395	210223528	DNA/hAT-Charlie	725	+	66	210223461	37785
chr2	210185676	210385676	harbor1	chr2	210223579	210223971	DNA/hAT-Charlie	1381	+	196	210223775	38099
chr2	95723477	95923477	harbor1	chr2	95729817	95729927	DNA/hAT-Charlie	471	+	55	95729872	6395
chr2	95723477	95923477	harbor1	chr2	95770308	95770536	DNA/hAT-Charlie	1153	+	114	95770422	46945
chr2	95723477	95923477	harbor1	chr2	95770851	95770931	DNA/hAT-Charlie	1153	+	40	95770891	47414
chr2	172205691	172405691	harbor1	chr2	172217367	172217544	DNA/hAT-Charlie	839	+	88	172217455	11764
chr2	172205691	172405691	harbor1	chr2	172217995	172218341	DNA/hAT-Charlie	930	+	173	172218168	12477
chr2	172205691	172405691	harbor1	chr2	172262304	172262594	DNA/hAT-Charlie	1091	+	145	172262449	56758
chr2	172205691	172405691	harbor1	chr2	172292542	172292807	DNA/hAT-Charlie	875	+	132	172292674	86983
chr2	172205691	172405691	harbor1	chr2	172296457	172296639	DNA/hAT-Charlie	582	+	91	172296548	90857
chr2	29092604	29292604	harbor1	chr2	29117168	29117329	DNA/hAT-Charlie	587	+	80	29117248	24644
chr2	29092604	29292604	harbor1	chr2	29117632	29117674	DNA/hAT-Charlie	587	+	21	29117653	25049
chr2	29092604	29292604	harbor1	chr2	29159790	29160016	DNA/hAT-Charlie	1052	+	113	29159903	67299
chr2	144139152	144339152	harbor1	chr2	144150373	144150562	DNA/hAT-Charlie	1030	+	94	144150467	11315
chr2	144139152	144339152	harbor1	chr2	144169115	144169261	DNA/hAT-Charlie	604	+	73	144169188	30036
chr2	73007748	73207748	harbor1	chr2	73033791	73034006	DNA/hAT-Charlie	1066	+	108	73033899	26151
chr2	73007748	73207748	harbor1	chr2	73098739	73099026	DNA/hAT-Charlie	1132	+	144	73098883	91135
chr2	73007748	73207748	harbor1	chr2	73099320	73099409	DNA/hAT-Charlie	1132	+	44	73099364	91616
chr2	100869624	101069624	harbor1	chr2	100871089	100871214	DNA/hAT-Charlie	584	+	62	100871151	1527
chr2	100869624	101069624	harbor1	chr2	100881252	100881399	DNA/hAT-Charlie	491	+	74	100881326	11702
chr2	100869624	101069624	harbor1	chr2	100893692	100893911	DNA/hAT-Charlie	1198	+	110	100893802	24178
chr2	100869624	101069624	harbor1	chr2	100904314	100904525	DNA/hAT-Charlie	656	+	106	100904420	34796
chr2	100869624	101069624	harbor1	chr2	100904543	100904631	DNA/hAT-Charlie	496	+	44	100904587	34963
chr2	100869624	101069624	harbor1	chr2	100929443	100929553	DNA/hAT-Charlie	527	+	55	100929498	59874
chr2	175396127	175596127	harbor1	chr2	175398850	175399009	DNA/hAT-Charlie	631	+	80	175398930	2803
chr2	175396127	175596127	harbor1	chr2	175414307	175414482	DNA/hAT-Charlie	455	+	88	175414395	18268
chr2	175396127	175596127	harbor1	chr2	175445572	175445899	DNA/hAT-Charlie	1340	+	164	175445736	49609
chr2	27549027	27749027	harbor1	chr2	27583757	27583900	DNA/hAT-Charlie	877	+	72	27583829	34802
chr2	27549027	27749027	harbor1	chr2	27583947	27584147	DNA/hAT-Charlie	1177	+	100	27584047	35020
chr2	186224083	186424083	harbor1	chr2	186244513	186244828	DNA/hAT-Charlie	1070	+	158	186244671	20588
chr2	186224083	186424083	harbor1	chr2	186245655	186245876	DNA/hAT-Charlie	781	+	110	186245765	21682
chr2	42217672	42417672	harbor1	chr2	42218018	42218517	DNA/hAT-Charlie	3278	+	250	42218268	596
chr2	42217672	42417672	harbor1	chr2	42222295	42222613	DNA/hAT-Charlie	1541	+	159	42222454	4782
chr2	42217672	42417672	harbor1	chr2	42236477	42236649	DNA/hAT-Charlie	885	+	86	42236563	18891
chr2	42217672	42417672	harbor1	chr2	42276157	42276441	DNA/hAT-Charlie	510	+	142	42276299	58627
chr2	60560764	60760764	harbor1	chr2	60597545	60597753	DNA/hAT-Charlie	1224	+	104	60597649	36885
chr2	60560764	60760764	harbor1	chr2	60642683	60642706	DNA/hAT-Charlie	494	+	12	60642695	81931
chr2	60560764	60760764	harbor1	chr2	60642737	60642854	DNA/hAT-Charlie	494	+	58	60642795	82031
chr2	60560764	60760764	harbor1	chr2	60644366	60644589	DNA/hAT-Charlie	659	+	112	60644478	83714
chr2	60560764	60760764	harbor1	chr2	60647467	60647665	DNA/hAT-Charlie	443	+	99	60647566	86802
chr2	103708411	103908411	harbor1	chr2	103740948	103741128	DNA/hAT-Charlie	747	+	90	103741038	32627
chr2	103708411	103908411	harbor1	chr2	103751524	103751794	DNA/hAT-Charlie	807	+	135	103751659	43248
chr2	103708411	103908411	harbor1	chr2	103783581	103783715	DNA/hAT-Charlie	584	+	67	103783648	75237
chr2	180612621	180812621	harbor1	chr2	180667542	180667722	DNA/hAT-Charlie	681	+	90	180667632	55011
chr2	180612621	180812621	harbor1	chr2	180681263	180681353	DNA/hAT-Charlie	510	+	45	180681308	68687
chr2	77766252	77966252	harbor1	chr2	77774458	77774670	DNA/hAT-Charlie	711	+	106	77774564	8312
chr2	54616800	54816800	harbor1	chr2	54657410	54657719	DNA/hAT-Charlie	1238	+	154	54657564	40764
chr2	54616800	54816800	harbor1	chr2	54706072	54706176	DNA/hAT-Charlie	442	+	52	54706124	89324
chr2	54616800	54816800	harbor1	chr2	54706486	54706599	DNA/hAT-Charlie	442	+	56	54706542	89742
chr2	126189980	126389980	harbor1	chr2	126236668	126236835	DNA/hAT-Charlie	558	+	84	126236752	46772
chr2	57474039	57674039	harbor1	chr2	57508395	57508579	DNA/hAT-Charlie	758	+	92	57508487	34448
chr2	113499345	113699345	harbor1	chr2	113512986	113513219	DNA/hAT-Charlie	627	+	116	113513102	13757
chr2	113499345	113699345	harbor1	chr2	113516723	113516803	DNA/hAT-Charlie	1034	+	40	113516763	17418
chr2	113499345	113699345	harbor1	chr2	113517074	113517234	DNA/hAT-Charlie	1034	+	80	113517154	17809
chr2	113499345	113699345	harbor1	chr2	113523848	113524027	DNA/hAT-Charlie	852	+	90	113523938	24593
chr2	113499345	113699345	harbor1	chr2	113524375	113524516	DNA/hAT-Charlie	625	+	70	113524445	25100
chr2	113499345	113699345	harbor1	chr2	113524868	113525145	DNA/hAT-Charlie	584	+	138	113525006	25661
chr2	113499345	113699345	harbor1	chr2	113537458	113537650	DNA/hAT-Charlie	595	+	96	113537554	38209
chr2	113499345	113699345	harbor1	chr2	113538181	113538335	DNA/hAT-Charlie	469	+	77	113538258	38913
chr2	113499345	113699345	harbor1	chr2	113548013	113548217	DNA/hAT-Charlie	1103	+	102	113548115	48770
chr2	38135666	38335666	harbor1	chr2	38165286	38165460	DNA/hAT-Charlie	962	+	87	38165373	29707
chr2	38135666	38335666	harbor1	chr2	38166883	38167036	DNA/hAT-Charlie	704	+	76	38166959	31293
chr2	38135666	38335666	harbor1	chr2	38207517	38207861	DNA/hAT-Charlie	2507	+	172	38207689	72023
chr2	133408711	133608711	harbor1	chr2	133410600	133410774	DNA/hAT-Charlie	757	+	87	133410687	1976
chr2	133408711	133608711	harbor1	chr2	133413622	133413880	DNA/hAT-Charlie	464	+	129	133413751	5040
chr2	133408711	133608711	harbor1	chr2	133424662	133424822	DNA/hAT-Charlie	511	+	80	133424742	16031
chr2	133408711	133608711	harbor1	chr2	133496572	133496757	DNA/hAT-Charlie	849	+	92	133496664	87953
chr2	59807800	60007800	harbor1	chr2	59808952	59809166	DNA/hAT-Charlie	1353	+	107	59809059	1259
chr2	59807800	60007800	harbor1	chr2	59809914	59810118	DNA/hAT-Charlie	859	+	102	59810016	2216
chr2	59807800	60007800	harbor1	chr2	59810439	59810605	DNA/hAT-Charlie	859	+	83	59810522	2722
chr2	59807800	60007800	harbor1	chr2	59821222	59821442	DNA/hAT-Charlie	460	+	110	59821332	13532
chr2	59807800	60007800	harbor1	chr2	59856881	59857093	DNA/hAT-Charlie	660	+	106	59856987	49187
chr2	135188054	135388054	harbor1	chr2	135222481	135222788	DNA/hAT-Charlie	1229	+	154	135222635	34581
chr2	135188054	135388054	harbor1	chr2	135223650	135223776	DNA/hAT-Charlie	727	+	63	135223713	35659
chr2	129053548	129253548	harbor1	chr2	129105861	129106016	DNA/hAT-Charlie	417	+	78	129105939	52391
chr2	197030827	197230827	harbor1	chr2	197051744	197051950	DNA/hAT-Charlie	950	+	103	197051847	21020
chr2	197030827	197230827	harbor1	chr2	197082377	197082635	DNA/hAT-Charlie	603	+	129	197082506	51679
chr2	197030827	197230827	harbor1	chr2	197095101	197095423	DNA/hAT-Charlie	427	+	161	197095262	64435
chr2	130997773	131197773	harbor1	chr2	131026906	131027068	DNA/hAT-Charlie	677	+	81	131026987	29214
chr2	130997773	131197773	harbor1	chr2	131085795	131085995	DNA/hAT-Charlie	593	+	100	131085895	88122
chr2	85148037	85348037	harbor1	chr2	85151649	85151877	DNA/hAT-Charlie	849	+	114	85151763	3726
chr2	85148037	85348037	harbor1	chr2	85156889	85157058	DNA/hAT-Charlie	846	+	84	85156973	8936
chr2	85148037	85348037	harbor1	chr2	85164568	85165126	DNA/hAT-Charlie	1139	+	279	85164847	16810
chr2	85148037	85348037	harbor1	chr2	85196436	85196537	DNA/hAT-Charlie	505	+	50	85196486	48449
chr2	85148037	85348037	harbor1	chr2	85196670	85196723	DNA/hAT-Charlie	505	+	26	85196696	48659
chr2	85148037	85348037	harbor1	chr2	85197508	85197727	DNA/hAT-Charlie	615	+	110	85197618	49581
chr2	85148037	85348037	harbor1	chr2	85199484	85199663	DNA/hAT-Charlie	937	+	90	85199574	51537
chr2	134175196	134375196	harbor1	chr2	134181138	134181332	DNA/hAT-Charlie	872	+	97	134181235	6039
chr2	134175196	134375196	harbor1	chr2	134196658	134196855	DNA/hAT-Charlie	1058	+	98	134196756	21560
chr2	134175196	134375196	harbor1	chr2	134219547	134219654	DNA/hAT-Charlie	524	+	54	134219601	44405
chr2	134175196	134375196	harbor1	chr2	134225250	134225362	DNA/hAT-Charlie	462	+	56	134225306	50110
chr2	134175196	134375196	harbor1	chr2	134234957	134235196	DNA/hAT-Charlie	589	+	120	134235077	59881
chr2	134175196	134375196	harbor1	chr2	134240568	134240936	DNA/hAT-Charlie	1105	+	184	134240752	65556
chr2	134175196	134375196	harbor1	chr2	134241358	134241837	DNA/hAT-Charlie	662	+	240	134241598	66402
chr2	134175196	134375196	harbor1	chr2	134243141	134243309	DNA/hAT-Charlie	614	+	84	134243225	68029
chr2	134175196	134375196	harbor1	chr2	134244767	134244944	DNA/hAT-Charlie	650	+	88	134244855	69659
chr2	134175196	134375196	harbor1	chr2	134258382	134258576	DNA/hAT-Charlie	834	+	97	134258479	83283
chr2	134175196	134375196	harbor1	chr2	134267972	134268184	DNA/hAT-Charlie	1139	+	106	134268078	92882
chr2	51238493	51438493	harbor1	chr2	51262380	51262712	DNA/hAT-Charlie	1413	+	166	51262546	24053
chr2	51238493	51438493	harbor1	chr2	51286851	51287011	DNA/hAT-Charlie	681	+	80	51286931	48438
chr2	32320790	32520790	harbor1	chr2	32326246	32326283	DNA/hAT-Charlie	818	+	18	32326264	5474
chr2	32320790	32520790	harbor1	chr2	32326590	32326741	DNA/hAT-Charlie	818	+	76	32326666	5876
chr2	32320790	32520790	harbor1	chr2	32339243	32339356	DNA/hAT-Charlie	435	+	56	32339299	18509
chr2	78536330	78736330	harbor1	chr2	78608762	78609003	DNA/hAT-Charlie	531	+	120	78608882	72552
chr2	78536330	78736330	harbor1	chr2	78609028	78609271	DNA/hAT-Charlie	733	+	122	78609150	72820
chr2	78536330	78736330	harbor1	chr2	78609486	78609738	DNA/hAT-Charlie	734	+	126	78609612	73282
chr2	78536330	78736330	harbor1	chr2	78609740	78610257	DNA/hAT-Charlie	1355	+	258	78609998	73668
chr2	78536330	78736330	harbor1	chr2	78611315	78611607	DNA/hAT-Charlie	818	+	146	78611461	75131
chr2	78536330	78736330	harbor1	chr2	78611741	78612115	DNA/hAT-Charlie	831	+	187	78611928	75598
chr2	225426811	225626811	harbor1	chr2	225454561	225454847	DNA/hAT-Charlie	1869	+	143	225454704	27893
chr2	225426811	225626811	harbor1	chr2	225484866	225484984	DNA/hAT-Charlie	539	+	59	225484925	58114
chr2	225426811	225626811	harbor1	chr2	225489751	225489929	DNA/hAT-Charlie	465	+	89	225489840	63029
chr2	156906539	157106539	harbor1	chr2	156907846	156908049	DNA/hAT-Charlie	1015	+	102	156907948	1409
chr2	156906539	157106539	harbor1	chr2	156986250	156986565	DNA/hAT-Charlie	493	+	158	156986408	79869
chr2	141960446	142160446	harbor1	chr2	141980651	141980842	DNA/hAT-Charlie	495	+	96	141980747	20301
chr2	141960446	142160446	harbor1	chr2	142010064	142010273	DNA/hAT-Charlie	783	+	104	142010168	49722
chr2	141960446	142160446	harbor1	chr2	142058444	142058662	DNA/hAT-Charlie	1319	+	109	142058553	98107
chr2	215896575	216096575	harbor1	chr2	215918960	215919177	DNA/hAT-Charlie	783	+	108	215919068	22493
chr2	215896575	216096575	harbor1	chr2	215938481	215938702	DNA/hAT-Charlie	563	+	110	215938591	42016
chr2	215896575	216096575	harbor1	chr2	215953307	215953415	DNA/hAT-Charlie	434	+	54	215953361	56786
chr2	215896575	216096575	harbor1	chr2	215962727	215962853	DNA/hAT-Charlie	1478	+	63	215962790	66215
chr2	215896575	216096575	harbor1	chr2	215963147	215963177	DNA/hAT-Charlie	1478	+	15	215963162	66587
chr2	215896575	216096575	harbor1	chr2	215963464	215963632	DNA/hAT-Charlie	1478	+	84	215963548	66973
chr2	215896575	216096575	harbor1	chr2	215986209	215986503	DNA/hAT-Charlie	585	+	147	215986356	89781
chr2	219019894	219219894	harbor1	chr2	219077830	219078031	DNA/hAT-Charlie	1087	+	100	219077930	58036
chr2	219019894	219219894	harbor1	chr2	219078778	219079012	DNA/hAT-Charlie	754	+	117	219078895	59001
chr2	238638661	238838661	harbor1	chr2	238645203	238645758	DNA/hAT-Charlie	3527	+	278	238645481	6820
chr2	238638661	238838661	harbor1	chr2	238666420	238666625	DNA/hAT-Charlie	967	+	102	238666522	27861
chr2	238638661	238838661	harbor1	chr2	238729603	238729810	DNA/hAT-Charlie	981	+	104	238729707	91046
chr2	238638661	238838661	harbor1	chr2	238730466	238730644	DNA/hAT-Charlie	760	+	89	238730555	91894
chr2	163954190	164154190	harbor1	chr2	163957356	163957528	DNA/hAT-Charlie	542	+	86	163957442	3252
chr2	163954190	164154190	harbor1	chr2	163982049	163982595	DNA/hAT-Charlie	1011	+	273	163982322	28132
chr2	163954190	164154190	harbor1	chr2	163982697	163983020	DNA/hAT-Charlie	826	+	162	163982859	28669
chr2	163954190	164154190	harbor1	chr2	163983149	163983924	DNA/hAT-Charlie	2604	+	388	163983537	29347
chr2	2423672	2623672	harbor1	chr2	2520097	2520198	DNA/hAT-Charlie	479	+	50	2520147	96475
chr2	106178080	106378080	harbor1	chr2	106191936	106192116	DNA/hAT-Charlie	734	+	90	106192026	13946
chr2	176713923	176913923	harbor1	chr2	176807329	176807557	DNA/hAT-Charlie	850	+	114	176807443	93520
chr2	221552791	221752791	harbor1	chr2	221625717	221625940	DNA/hAT-Charlie	813	+	112	221625829	73038
chr2	143531667	143731667	harbor1	chr2	143570899	143571361	DNA/hAT-Charlie	2823	+	231	143571130	39463
chr2	143531667	143731667	harbor1	chr2	143621046	143621258	DNA/hAT-Charlie	943	+	106	143621152	89485
chr2	75734051	75934051	harbor1	chr2	75751248	75751413	DNA/hAT-Charlie	759	+	82	75751330	17279
chr2	75734051	75934051	harbor1	chr2	75769091	75769278	DNA/hAT-Charlie	676	+	94	75769185	35134
chr2	75734051	75934051	harbor1	chr2	75788909	75789066	DNA/hAT-Charlie	611	+	78	75788987	54936
chr2	75734051	75934051	harbor1	chr2	75790970	75791128	DNA/hAT-Charlie	746	+	79	75791049	56998
chr2	75734051	75934051	harbor1	chr2	75791222	75791414	DNA/hAT-Charlie	942	+	96	75791318	57267
chr2	75734051	75934051	harbor1	chr2	75806826	75806990	DNA/hAT-Charlie	679	+	82	75806908	72857
chr2	25055144	25255144	harbor1	chr2	25067032	25067205	DNA/hAT-Charlie	943	+	86	25067118	11974
chr2	16677378	16877378	harbor1	chr2	16677817	16678039	DNA/hAT-Charlie	872	+	111	16677928	550
chr2	16677378	16877378	harbor1	chr2	16691390	16691569	DNA/hAT-Charlie	554	+	90	16691480	14102
chr2	16677378	16877378	harbor1	chr2	16768226	16768530	DNA/hAT-Charlie	1053	+	152	16768378	91000
chr2	16677378	16877378	harbor1	chr2	16774280	16774468	DNA/hAT-Charlie	609	+	94	16774374	96996
chr2	132259605	132459605	harbor1	chr2	132307388	132307663	DNA/hAT-Charlie	752	+	138	132307526	47921
chr2	132259605	132459605	harbor1	chr2	132309528	132309669	DNA/hAT-Charlie	640	+	70	132309598	49993
chr2	132259605	132459605	harbor1	chr2	132315521	132315787	DNA/hAT-Charlie	650	+	133	132315654	56049
chr2	132259605	132459605	harbor1	chr2	132327520	132327606	DNA/hAT-Charlie	3691	+	43	132327563	67958
chr2	132259605	132459605	harbor1	chr2	132327898	132328710	DNA/hAT-Charlie	3691	+	406	132328304	68699
chr2	32742019	32942019	harbor1	chr2	32760343	32760550	DNA/hAT-Charlie	967	+	104	32760447	18428
chr2	32742019	32942019	harbor1	chr2	32773921	32774177	DNA/hAT-Charlie	639	+	128	32774049	32030
chr2	32742019	32942019	harbor1	chr2	32774465	32774535	DNA/hAT-Charlie	639	+	35	32774500	32481
chr2	32742019	32942019	harbor1	chr2	32809429	32809558	DNA/hAT-Charlie	486	+	64	32809493	67474
chr2	51998752	52198752	harbor1	chr2	52020854	52021054	DNA/hAT-Charlie	844	+	100	52020954	22202
chr2	136701314	136901314	harbor1	chr2	136769537	136769786	DNA/hAT-Charlie	702	+	124	136769661	68347
chr2	100058832	100258832	harbor1	chr2	100072122	100072452	DNA/hAT-Charlie	2134	+	165	100072287	13455
chr2	100058832	100258832	harbor1	chr2	100096567	100096713	DNA/hAT-Charlie	531	+	73	100096640	37808
chr2	100058832	100258832	harbor1	chr2	100099747	100099978	DNA/hAT-Charlie	629	+	116	100099863	41031
chr2	100058832	100258832	harbor1	chr2	100132727	100132851	DNA/hAT-Charlie	490	+	62	100132789	73957
chr2	100058832	100258832	harbor1	chr2	100137100	100137274	DNA/hAT-Charlie	629	+	87	100137187	78355
chr2	175304281	175504281	harbor1	chr2	175398850	175399009	DNA/hAT-Charlie	631	+	80	175398930	94649
chr2	69307949	69507949	harbor1	chr2	69355438	69355604	DNA/hAT-Charlie	834	+	83	69355521	47572
chr2	122667344	122867344	harbor1	chr2	122676438	122676652	DNA/hAT-Charlie	1350	+	107	122676545	9201
chr2	122667344	122867344	harbor1	chr2	122754302	122754490	DNA/hAT-Charlie	1290	+	94	122754396	87052
chr2	35496028	35696028	harbor1	chr2	35591387	35591532	DNA/hAT-Charlie	961	+	72	35591459	95431
chr2	35496028	35696028	harbor1	chr2	35591836	35591973	DNA/hAT-Charlie	961	+	68	35591904	95876
chr2	26984661	27184661	harbor1	chr2	26997254	26997472	DNA/hAT-Charlie	1490	+	109	26997363	12702
chr2	26984661	27184661	harbor1	chr2	27037275	27037443	DNA/hAT-Charlie	514	+	84	27037359	52698
chr2	26984661	27184661	harbor1	chr2	27068355	27068566	DNA/hAT-Charlie	1094	+	106	27068461	83800
chr2	48791628	48991628	harbor1	chr2	48848937	48849135	DNA/hAT-Charlie	627	+	99	48849036	57408
chr2	48791628	48991628	harbor1	chr2	48861783	48861982	DNA/hAT-Charlie	494	+	100	48861883	70255
chr2	119697662	119897662	harbor1	chr2	119752633	119752896	DNA/hAT-Charlie	978	+	132	119752765	55103
chr2	119697662	119897662	harbor1	chr2	119758095	119758199	DNA/hAT-Charlie	524	+	52	119758147	60485
chr2	119697662	119897662	harbor1	chr2	119763682	119763857	DNA/hAT-Charlie	854	+	88	119763770	66108
chr2	119697662	119897662	harbor1	chr2	119781582	119781890	DNA/hAT-Charlie	1424	+	154	119781736	84074
chr2	119697662	119897662	harbor1	chr2	119786106	119786332	DNA/hAT-Charlie	640	+	113	119786219	88557
chr2	119697662	119897662	harbor1	chr2	119786842	119786904	DNA/hAT-Charlie	640	+	31	119786873	89211
chr2	101511528	101711528	harbor1	chr2	101538472	101538673	DNA/hAT-Charlie	603	+	100	101538572	27044
chr2	101511528	101711528	harbor1	chr2	101568496	101568887	DNA/hAT-Charlie	1345	+	196	101568692	57164
chr2	101511528	101711528	harbor1	chr2	101568887	101569037	DNA/hAT-Charlie	478	+	75	101568962	57434
chr2	101511528	101711528	harbor1	chr2	101569283	101569618	DNA/hAT-Charlie	832	+	168	101569451	57923
chr2	42985673	43185673	harbor1	chr2	43009462	43009837	DNA/hAT-Charlie	2385	+	188	43009650	23977
chr2	154017467	154217467	harbor1	chr2	154072950	154073132	DNA/hAT-Charlie	534	+	91	154073041	55574
chr2	154017467	154217467	harbor1	chr2	154073144	154074203	DNA/hAT-Charlie	3314	+	530	154073674	56207
chr2	154017467	154217467	harbor1	chr2	154095252	154095445	DNA/hAT-Charlie	607	+	96	154095348	77881
chr2	154017467	154217467	harbor1	chr2	154105710	154105902	DNA/hAT-Charlie	761	+	96	154105806	88339
chr2	229075680	229275680	harbor1	chr2	229107764	229107916	DNA/hAT-Charlie	672	+	76	229107840	32160
chr2	229075680	229275680	harbor1	chr2	229140086	229140682	DNA/hAT-Charlie	1182	+	298	229140384	64704
chr2	229075680	229275680	harbor1	chr2	229163902	229164132	DNA/hAT-Charlie	434	+	115	229164017	88337
chr2	171918945	172118945	harbor1	chr2	171973512	171973869	DNA/hAT-Charlie	1644	+	178	171973690	54745
chr2	97556787	97756787	harbor1	chr2	97556748	97556849	DNA/hAT-Charlie	432	+	50	97556798	11
chr2	97556787	97756787	harbor1	chr2	97643696	97643872	DNA/hAT-Charlie	616	+	88	97643784	86997
chr2	97556787	97756787	harbor1	chr2	97644358	97644620	DNA/hAT-Charlie	635	+	131	97644489	87702
chr2	97556787	97756787	harbor1	chr2	97650544	97650708	DNA/hAT-Charlie	789	+	82	97650626	93839
chr2	68201057	68401057	harbor1	chr2	68217411	68217525	DNA/hAT-Charlie	426	+	57	68217468	16411
chr2	68201057	68401057	harbor1	chr2	68236259	68236419	DNA/hAT-Charlie	906	+	80	68236339	35282
chr2	68201057	68401057	harbor1	chr2	68241917	68242115	DNA/hAT-Charlie	722	+	99	68242016	40959
chr2	54712240	54912240	harbor1	chr2	54754798	54755003	DNA/hAT-Charlie	920	+	102	54754900	42660
chr2	54712240	54912240	harbor1	chr2	54799642	54799760	DNA/hAT-Charlie	570	+	59	54799701	87461
chr2	223042568	223242568	harbor1	chr2	223082764	223083102	DNA/hAT-Charlie	725	+	169	223082933	40365
chr2	223042568	223242568	harbor1	chr2	223105303	223105563	DNA/hAT-Charlie	666	+	130	223105433	62865
chr2	151242934	151442934	harbor1	chr2	151283746	151284074	DNA/hAT-Charlie	1490	+	164	151283910	40976
chr2	151242934	151442934	harbor1	chr2	151284249	151284305	DNA/hAT-Charlie	597	+	28	151284277	41343
chr2	151242934	151442934	harbor1	chr2	151284589	151284687	DNA/hAT-Charlie	597	+	49	151284638	41704
chr2	29297023	29497023	harbor1	chr2	29304143	29304215	DNA/hAT-Charlie	442	+	36	29304179	7156
chr2	29297023	29497023	harbor1	chr2	29306435	29306559	DNA/hAT-Charlie	664	+	62	29306497	9474
chr2	29297023	29497023	harbor1	chr2	29311403	29311611	DNA/hAT-Charlie	467	+	104	29311507	14484
chr2	29297023	29497023	harbor1	chr2	29323917	29324082	DNA/hAT-Charlie	741	+	82	29323999	26976
chr2	86119671	86319671	harbor1	chr2	86201540	86201787	DNA/hAT-Charlie	919	+	124	86201664	81993
chr2	29209915	29409915	harbor1	chr2	29214204	29214358	DNA/hAT-Charlie	444	+	77	29214281	4366
chr2	29209915	29409915	harbor1	chr2	29237761	29237959	DNA/hAT-Charlie	925	+	99	29237860	27945
chr2	29209915	29409915	harbor1	chr2	29248676	29248910	DNA/hAT-Charlie	733	+	117	29248793	38878
chr2	29209915	29409915	harbor1	chr2	29250410	29250530	DNA/hAT-Charlie	501	+	60	29250470	40555
chr2	29209915	29409915	harbor1	chr2	29304143	29304215	DNA/hAT-Charlie	442	+	36	29304179	94264
chr2	29209915	29409915	harbor1	chr2	29306435	29306559	DNA/hAT-Charlie	664	+	62	29306497	96582
chr2	196352248	196552248	harbor1	chr2	196371475	196371709	DNA/hAT-Charlie	855	+	117	196371592	19344
chr2	139121758	139321758	harbor1	chr2	139171736	139171935	DNA/hAT-Charlie	782	+	100	139171836	50078
chr2	139121758	139321758	harbor1	chr2	139198550	139198752	DNA/hAT-Charlie	705	+	101	139198651	76893
chr2	139121758	139321758	harbor1	chr2	139207256	139207426	DNA/hAT-Charlie	473	+	85	139207341	85583
chr2	171794890	171994890	harbor1	chr2	171858549	171858781	DNA/hAT-Charlie	481	+	116	171858665	63775
chr2	239906963	240106963	harbor1	chr2	239967302	239967516	DNA/hAT-Charlie	687	+	107	239967409	60446
chr2	239906963	240106963	harbor1	chr2	239994186	239994700	DNA/hAT-Charlie	3448	+	257	239994443	87480
chr2	239906963	240106963	harbor1	chr2	239996710	239996920	DNA/hAT-Charlie	1422	+	105	239996815	89852
chr2	239906963	240106963	harbor1	chr2	239959967	239960113	DNA/hAT-Charlie	687	+	73	239960040	53077
chr2	96196591	96396591	harbor1	chr2	96206940	96207168	DNA/hAT-Charlie	559	+	114	96207054	10463
chr2	96196591	96396591	harbor1	chr2	96272019	96272194	DNA/hAT-Charlie	523	+	88	96272107	75516
chr2	96196591	96396591	harbor1	chr2	96272481	96272534	DNA/hAT-Charlie	1305	+	26	96272507	75916
chr2	96196591	96396591	harbor1	chr2	96272826	96273148	DNA/hAT-Charlie	1305	+	161	96272987	76396
chr2	96196591	96396591	harbor1	chr2	96273150	96273382	DNA/hAT-Charlie	1607	+	116	96273266	76675
chr2	96196591	96396591	harbor1	chr2	96273687	96273926	DNA/hAT-Charlie	1607	+	120	96273807	77216
chr2	96196591	96396591	harbor1	chr2	96274058	96274242	DNA/hAT-Charlie	1607	+	92	96274150	77559
chr2	69014801	69214801	harbor1	chr2	69016110	69016307	DNA/hAT-Charlie	1125	+	98	69016208	1407
chr2	69014801	69214801	harbor1	chr2	69030949	69031151	DNA/hAT-Charlie	1068	+	101	69031050	16249
chr2	69014801	69214801	harbor1	chr2	69096593	69096856	DNA/hAT-Charlie	676	+	132	69096725	81924
chr2	69014801	69214801	harbor1	chr2	69108012	69108202	DNA/hAT-Charlie	1154	+	95	69108107	93306
chr2	133978193	134178193	harbor1	chr2	134012329	134012708	DNA/hAT-Charlie	1587	+	190	134012519	34326
chr2	133978193	134178193	harbor1	chr2	134019741	134019923	DNA/hAT-Charlie	916	+	91	134019832	41639
chr2	133978193	134178193	harbor1	chr2	134023476	134023687	DNA/hAT-Charlie	868	+	106	134023582	45389
chr2	133978193	134178193	harbor1	chr2	134026012	134026198	DNA/hAT-Charlie	604	+	93	134026105	47912
chr2	221920783	222120783	harbor1	chr2	221958429	221958646	DNA/hAT-Charlie	518	+	108	221958537	37754
chr2	221920783	222120783	harbor1	chr2	221970759	221970928	DNA/hAT-Charlie	578	+	84	221970843	50060
chr2	131471511	131671511	harbor1	chr2	131499130	131499352	DNA/hAT-Charlie	1130	+	111	131499241	27730
chr2	189580564	189780564	harbor1	chr2	189633484	189633630	DNA/hAT-Charlie	1203	+	73	189633557	52993
chr2	189580564	189780564	harbor1	chr2	189633631	189634143	DNA/hAT-Charlie	3352	+	256	189633887	53323
chr2	189580564	189780564	harbor1	chr2	189634144	189634222	DNA/hAT-Charlie	1203	+	39	189634183	53619
chr2	189580564	189780564	harbor1	chr2	189643430	189643722	DNA/hAT-Charlie	1253	+	146	189643576	63012
chr2	189580564	189780564	harbor1	chr2	189654782	189655214	DNA/hAT-Charlie	1760	+	216	189654998	74434
chr2	189580564	189780564	harbor1	chr2	189675037	189675214	DNA/hAT-Charlie	780	+	88	189675125	94561
chr2	102979449	103179449	harbor1	chr2	102999121	102999453	DNA/hAT-Charlie	2227	+	166	102999287	19838
chr2	102979449	103179449	harbor1	chr2	103017061	103017298	DNA/hAT-Charlie	615	+	118	103017179	37730
chr2	102979449	103179449	harbor1	chr2	103075720	103075892	DNA/hAT-Charlie	637	+	86	103075806	96357
chr2	39868772	40068772	harbor1	chr2	39899379	39899710	DNA/hAT-Charlie	2211	+	166	39899545	30773
chr2	23166736	23366736	harbor1	chr2	23167903	23168239	DNA/hAT-Charlie	1461	+	168	23168071	1335
chr2	23166736	23366736	harbor1	chr2	23216562	23216784	DNA/hAT-Charlie	1070	+	111	23216673	49937
chr2	23166736	23366736	harbor1	chr2	23219314	23219500	DNA/hAT-Charlie	1013	+	93	23219407	52671
chr2	23166736	23366736	harbor1	chr2	23234639	23234890	DNA/hAT-Charlie	1034	+	126	23234765	68029
chr2	23166736	23366736	harbor1	chr2	23254810	23254893	DNA/hAT-Charlie	614	+	42	23254852	88116
chr2	23166736	23366736	harbor1	chr2	23255198	23255368	DNA/hAT-Charlie	614	+	85	23255283	88547
chr2	78965850	79165850	harbor1	chr2	79012421	79012733	DNA/hAT-Charlie	1334	+	156	79012577	46727
chr2	78965850	79165850	harbor1	chr2	79040846	79041081	DNA/hAT-Charlie	441	+	118	79040964	75114
chr2	78965850	79165850	harbor1	chr2	79060540	79060770	DNA/hAT-Charlie	959	+	115	79060655	94805
chr2	78965850	79165850	harbor1	chr2	79063712	79063862	DNA/hAT-Charlie	808	+	75	79063787	97937
chr2	78965850	79165850	harbor1	chr2	78970811	78971024	DNA/hAT-Charlie	977	+	106	78970917	5067
chr2	153027578	153227578	harbor1	chr2	153071723	153071927	DNA/hAT-Charlie	673	+	102	153071825	44247
chr2	153027578	153227578	harbor1	chr2	153104274	153104582	DNA/hAT-Charlie	454	+	154	153104428	76850
chr2	97660687	97860687	harbor1	chr2	97662090	97662304	DNA/hAT-Charlie	832	+	107	97662197	1510
chr2	97660687	97860687	harbor1	chr2	97698617	97698802	DNA/hAT-Charlie	814	+	92	97698709	38022
chr2	97660687	97860687	harbor1	chr2	97715206	97715365	DNA/hAT-Charlie	419	+	80	97715286	54599
chr2	97660687	97860687	harbor1	chr2	97736191	97736281	DNA/hAT-Charlie	443	+	45	97736236	75549
chr2	1932616	2132616	harbor1	chr2	1945962	1946441	DNA/hAT-Charlie	3321	+	240	1946202	13586
chr2	169264857	169464857	harbor1	chr2	169302430	169302624	DNA/hAT-Charlie	1005	+	97	169302527	37670
chr2	169264857	169464857	harbor1	chr2	169319693	169319852	DNA/hAT-Charlie	592	+	80	169319773	54916
chr2	169264857	169464857	harbor1	chr2	169329821	169330167	DNA/hAT-Charlie	2355	+	173	169329994	65137
chr2	186156725	186356725	harbor1	chr2	186244513	186244828	DNA/hAT-Charlie	1070	+	158	186244671	87946
chr2	186156725	186356725	harbor1	chr2	186245655	186245876	DNA/hAT-Charlie	781	+	110	186245765	89040
chr2	135552252	135752252	harbor1	chr2	135558163	135558207	DNA/hAT-Charlie	741	+	22	135558185	5933
chr2	230923629	231123629	harbor1	chr2	230949545	230949835	DNA/hAT-Charlie	1213	+	145	230949690	26061
chr2	230923629	231123629	harbor1	chr2	230950127	230950256	DNA/hAT-Charlie	1213	+	64	230950191	26562
chr2	230923629	231123629	harbor1	chr2	230993836	230994013	DNA/hAT-Charlie	879	+	88	230993924	70295
chr2	161896896	162096896	harbor1	chr2	161898162	161898346	DNA/hAT-Charlie	765	+	92	161898254	1358
chr2	161896896	162096896	harbor1	chr2	161969942	161970115	DNA/hAT-Charlie	875	+	86	161970028	73132
chr2	161896896	162096896	harbor1	chr2	161973672	161973848	DNA/hAT-Charlie	787	+	88	161973760	76864
chr2	179500518	179700518	harbor1	chr2	179564043	179564230	DNA/hAT-Charlie	1152	+	94	179564137	63619
chr2	237167582	237367582	harbor1	chr2	237250882	237251386	DNA/hAT-Charlie	3148	+	252	237251134	83552
chr2	237167582	237367582	harbor1	chr2	237254150	237254271	DNA/hAT-Charlie	507	+	60	237254210	86628
chr2	237167582	237367582	harbor1	chr2	237254313	237254419	DNA/hAT-Charlie	454	+	53	237254366	86784
chr2	229902204	230102204	harbor1	chr2	229902402	229902760	DNA/hAT-Charlie	1134	+	179	229902581	377
chr2	229902204	230102204	harbor1	chr2	229934014	229934120	DNA/hAT-Charlie	539	+	53	229934067	31863
chr2	229902204	230102204	harbor1	chr2	229934429	229934549	DNA/hAT-Charlie	539	+	60	229934489	32285
chr2	229902204	230102204	harbor1	chr2	229934961	229935205	DNA/hAT-Charlie	605	+	122	229935083	32879
chr2	229902204	230102204	harbor1	chr2	229935541	229935728	DNA/hAT-Charlie	493	+	94	229935635	33431
chr2	98489119	98689119	harbor1	chr2	98509207	98509536	DNA/hAT-Charlie	2145	+	164	98509371	20252
chr2	98489119	98689119	harbor1	chr2	98559927	98560145	DNA/hAT-Charlie	1023	+	109	98560036	70917
chr2	232974640	233174640	harbor1	chr2	233002174	233002395	DNA/hAT-Charlie	465	+	110	233002284	27644
chr2	232974640	233174640	harbor1	chr2	233042980	233043104	DNA/hAT-Charlie	583	+	62	233043042	68402
chr2	117164905	117364905	harbor1	chr2	117195251	117195486	DNA/hAT-Charlie	839	+	118	117195369	30464
chr2	117164905	117364905	harbor1	chr2	117212864	117213034	DNA/hAT-Charlie	647	+	85	117212949	48044
chr2	117164905	117364905	harbor1	chr2	117242482	117242576	DNA/hAT-Charlie	451	+	47	117242529	77624
chr2	117164905	117364905	harbor1	chr2	117245018	117245173	DNA/hAT-Charlie	526	+	78	117245096	80191
chr2	218987074	219187074	harbor1	chr2	219012747	219012995	DNA/hAT-Charlie	469	+	124	219012871	25797
chr2	218987074	219187074	harbor1	chr2	219077830	219078031	DNA/hAT-Charlie	1087	+	100	219077930	90856
chr2	218987074	219187074	harbor1	chr2	219078778	219079012	DNA/hAT-Charlie	754	+	117	219078895	91821
chr2	125467540	125667540	harbor1	chr2	125474807	125474994	DNA/hAT-Charlie	800	+	94	125474901	7361
chr2	125467540	125667540	harbor1	chr2	125564827	125565009	DNA/hAT-Charlie	711	+	91	125564918	97378
chr2	18668350	18868350	harbor1	chr2	18690601	18690762	DNA/hAT-Charlie	487	+	80	18690681	22331
chr2	18668350	18868350	harbor1	chr2	18730262	18730594	DNA/hAT-Charlie	2070	+	166	18730428	62078
chr2	18668350	18868350	harbor1	chr2	18759105	18759312	DNA/hAT-Charlie	591	+	104	18759209	90859
chr2	148754121	148954121	harbor1	chr2	148817839	148817983	DNA/hAT-Charlie	428	+	72	148817911	63790
chr2	115845966	116045966	harbor1	chr2	115847366	115847494	DNA/hAT-Charlie	633	+	64	115847430	1464
chr2	115845966	116045966	harbor1	chr2	115864738	115864919	DNA/hAT-Charlie	2790	+	90	115864828	18862
chr2	115845966	116045966	harbor1	chr2	115865222	115865818	DNA/hAT-Charlie	2790	+	298	115865520	19554
chr2	115845966	116045966	harbor1	chr2	115910698	115910941	DNA/hAT-Charlie	819	+	122	115910820	64854
chr2	96692602	96892602	harbor1	chr2	96697026	96697164	DNA/hAT-Charlie	431	+	69	96697095	4493
chr2	96692602	96892602	harbor1	chr2	96710317	96710387	DNA/hAT-Charlie	522	+	35	96710352	17750
chr2	96692602	96892602	harbor1	chr2	96710679	96710813	DNA/hAT-Charlie	522	+	67	96710746	18144
chr2	96692602	96892602	harbor1	chr2	96713281	96713408	DNA/hAT-Charlie	438	+	64	96713345	20743
chr2	96692602	96892602	harbor1	chr2	96729852	96730023	DNA/hAT-Charlie	707	+	86	96729938	37336
chr2	96692602	96892602	harbor1	chr2	96736201	96736352	DNA/hAT-Charlie	765	+	76	96736277	43675
chr2	204903500	205103500	harbor1	chr2	204913449	204913961	DNA/hAT-Charlie	1878	+	256	204913705	10205
chr2	204903500	205103500	harbor1	chr2	204922709	204923655	DNA/hAT-Charlie	3025	+	473	204923182	19682
chr2	204903500	205103500	harbor1	chr2	204938612	204938780	DNA/hAT-Charlie	553	+	84	204938696	35196
chr2	29361405	29561405	harbor1	chr2	29451854	29452067	DNA/hAT-Charlie	927	+	106	29451960	90555
chr2	29361405	29561405	harbor1	chr2	29460136	29460258	DNA/hAT-Charlie	434	+	61	29460197	98792
chr2	40631039	40831039	harbor1	chr2	40724182	40724507	DNA/hAT-Charlie	1995	+	162	40724344	93305
chr2	205975460	206175460	harbor1	chr2	206051570	206051659	DNA/hAT-Charlie	1728	+	44	206051614	76154
chr2	205975460	206175460	harbor1	chr2	206051801	206052192	DNA/hAT-Charlie	1728	+	196	206051997	76537
chr2	205975460	206175460	harbor1	chr2	206052493	206052527	DNA/hAT-Charlie	1728	+	17	206052510	77050
chr2	205975460	206175460	harbor1	chr2	206052808	206052937	DNA/hAT-Charlie	515	+	64	206052872	77412
chr2	205975460	206175460	harbor1	chr2	206058762	206058940	DNA/hAT-Charlie	500	+	89	206058851	83391
chr2	205975460	206175460	harbor1	chr2	206068420	206068608	DNA/hAT-Charlie	930	+	94	206068514	93054
chr2	109368384	109568384	harbor1	chr2	109399158	109399493	DNA/hAT-Charlie	556	+	168	109399326	30942
chr2	109368384	109568384	harbor1	chr2	109399607	109399648	DNA/hAT-Charlie	556	+	20	109399627	31243
chr2	109368384	109568384	harbor1	chr2	109406554	109406753	DNA/hAT-Charlie	656	+	100	109406654	38270
chr2	109368384	109568384	harbor1	chr2	109448327	109448845	DNA/hAT-Charlie	3366	+	259	109448586	80202
chr2	131016703	131216703	harbor1	chr2	131026906	131027068	DNA/hAT-Charlie	677	+	81	131026987	10284
chr2	131016703	131216703	harbor1	chr2	131085795	131085995	DNA/hAT-Charlie	593	+	100	131085895	69192
chr2	21302947	21502947	harbor1	chr2	21357005	21357164	DNA/hAT-Charlie	805	+	80	21357085	54138
chr2	191746117	191946117	harbor1	chr2	191772665	191773011	DNA/hAT-Charlie	2039	+	173	191772838	26721
chr2	191746117	191946117	harbor1	chr2	191806041	191806149	DNA/hAT-Charlie	855	+	54	191806095	59978
chr2	191746117	191946117	harbor1	chr2	191806471	191806619	DNA/hAT-Charlie	855	+	74	191806545	60428
chr2	191746117	191946117	harbor1	chr2	191806816	191806970	DNA/hAT-Charlie	596	+	77	191806893	60776
chr2	191746117	191946117	harbor1	chr2	191830938	191831148	DNA/hAT-Charlie	420	+	105	191831043	84926
chr2	32630991	32830991	harbor1	chr2	32633203	32633406	DNA/hAT-Charlie	913	+	102	32633305	2314
chr2	32630991	32830991	harbor1	chr2	32693300	32693466	DNA/hAT-Charlie	827	+	83	32693383	62392
chr2	32630991	32830991	harbor1	chr2	32724228	32724809	DNA/hAT-Charlie	4906	+	290	32724518	93527
chr2	32630991	32830991	harbor1	chr2	32727106	32727967	DNA/hAT-Charlie	4906	+	430	32727536	96545
chr2	19672922	19872922	harbor1	chr2	19683506	19683744	DNA/hAT-Charlie	583	+	119	19683625	10703
chr2	19672922	19872922	harbor1	chr2	19724521	19724882	DNA/hAT-Charlie	2169	+	180	19724701	51779
chr2	19672922	19872922	harbor1	chr2	19749148	19749401	DNA/hAT-Charlie	692	+	126	19749274	76352
chr2	19672922	19872922	harbor1	chr2	19772630	19772904	DNA/hAT-Charlie	705	+	137	19772767	99845
chr2	238622783	238822783	harbor1	chr2	238627322	238627449	DNA/hAT-Charlie	1010	+	64	238627386	4603
chr2	238622783	238822783	harbor1	chr2	238628019	238628074	DNA/hAT-Charlie	1010	+	28	238628047	5264
chr2	238622783	238822783	harbor1	chr2	238645203	238645758	DNA/hAT-Charlie	3527	+	278	238645481	22698
chr2	238622783	238822783	harbor1	chr2	238666420	238666625	DNA/hAT-Charlie	967	+	102	238666522	43739
chr2	76389566	76589566	harbor1	chr2	76401994	76402315	DNA/hAT-Charlie	1902	+	160	76402154	12588
chr2	76389566	76589566	harbor1	chr2	76466351	76466525	DNA/hAT-Charlie	512	+	87	76466438	76872
chr2	29616251	29816251	harbor1	chr2	29642104	29642220	DNA/hAT-Charlie	575	+	58	29642162	25911
chr2	204850530	205050530	harbor1	chr2	204892432	204892587	DNA/hAT-Charlie	646	+	78	204892510	41980
chr2	204850530	205050530	harbor1	chr2	204913449	204913961	DNA/hAT-Charlie	1878	+	256	204913705	63175
chr2	204850530	205050530	harbor1	chr2	204922709	204923655	DNA/hAT-Charlie	3025	+	473	204923182	72652
chr2	204850530	205050530	harbor1	chr2	204938612	204938780	DNA/hAT-Charlie	553	+	84	204938696	88166
chr2	196610425	196810425	harbor1	chr2	196702268	196702343	DNA/hAT-Charlie	477	+	38	196702306	91881
chr2	196610425	196810425	harbor1	chr2	196702650	196702714	DNA/hAT-Charlie	477	+	32	196702682	92257
chr3	27090827	27290827	harbor1	chr3	27096348	27096510	DNA/hAT-Charlie	900	+	81	27096429	5602
chr3	27090827	27290827	harbor1	chr3	27112618	27112785	DNA/hAT-Charlie	421	+	84	27112702	21875
chr3	27090827	27290827	harbor1	chr3	27126538	27126703	DNA/hAT-Charlie	731	+	82	27126620	35793
chr3	27090827	27290827	harbor1	chr3	27159113	27159515	DNA/hAT-Charlie	1088	+	201	27159314	68487
chr3	13369420	13569420	harbor1	chr3	13380905	13381064	DNA/hAT-Charlie	825	+	80	13380985	11565
chr3	13369420	13569420	harbor1	chr3	13396102	13396296	DNA/hAT-Charlie	920	+	97	13396199	26779
chr3	95883953	96083953	harbor1	chr3	95938838	95939040	DNA/hAT-Charlie	511	+	101	95938939	54986
chr3	95883953	96083953	harbor1	chr3	95971926	95972057	DNA/hAT-Charlie	592	+	66	95971992	88039
chr3	73186653	73386653	harbor1	chr3	73202941	73203419	DNA/hAT-Charlie	1056	+	239	73203180	16527
chr3	73186653	73386653	harbor1	chr3	73217383	73217544	DNA/hAT-Charlie	438	+	80	73217463	30810
chr3	73186653	73386653	harbor1	chr3	73218213	73218611	DNA/hAT-Charlie	775	+	199	73218412	31759
chr3	73186653	73386653	harbor1	chr3	73246934	73247105	DNA/hAT-Charlie	460	+	86	73247020	60367
chr3	73186653	73386653	harbor1	chr3	73256959	73257139	DNA/hAT-Charlie	621	+	90	73257049	70396
chr3	73186653	73386653	harbor1	chr3	73273800	73273942	DNA/hAT-Charlie	566	+	71	73273871	87218
chr3	73186653	73386653	harbor1	chr3	73274379	73274604	DNA/hAT-Charlie	999	+	112	73274491	87838
chr3	73186653	73386653	harbor1	chr3	73274615	73274795	DNA/hAT-Charlie	881	+	90	73274705	88052
chr3	73186653	73386653	harbor1	chr3	73277983	73278136	DNA/hAT-Charlie	638	+	76	73278059	91406
chr3	73186653	73386653	harbor1	chr3	73279633	73279743	DNA/hAT-Charlie	470	+	55	73279688	93035
chr3	73186653	73386653	harbor1	chr3	73279948	73280089	DNA/hAT-Charlie	470	+	70	73280018	93365
chr3	73186653	73386653	harbor1	chr3	73203538	73203733	DNA/hAT-Charlie	1089	+	98	73203636	16983
chr3	170830118	171030118	harbor1	chr3	170833485	170833610	DNA/hAT-Charlie	684	+	62	170833547	3429
chr3	170830118	171030118	harbor1	chr3	170889310	170889727	DNA/hAT-Charlie	868	+	208	170889518	59400
chr3	85468218	85668218	harbor1	chr3	85503929	85504024	DNA/hAT-Charlie	405	+	48	85503977	35759
chr3	85468218	85668218	harbor1	chr3	85505240	85505379	DNA/hAT-Charlie	405	+	70	85505310	37092
chr3	85468218	85668218	harbor1	chr3	85534462	85534671	DNA/hAT-Charlie	969	+	104	85534566	66348
chr3	85468218	85668218	harbor1	chr3	85550377	85550554	DNA/hAT-Charlie	703	+	88	85550465	82247
chr3	2801402	3001402	harbor1	chr3	2819101	2819300	DNA/hAT-Charlie	901	+	100	2819201	17799
chr3	2801402	3001402	harbor1	chr3	2823840	2824002	DNA/hAT-Charlie	823	+	81	2823921	22519
chr3	2801402	3001402	harbor1	chr3	2858173	2858351	DNA/hAT-Charlie	716	+	89	2858262	56860
chr3	2801402	3001402	harbor1	chr3	2860204	2860381	DNA/hAT-Charlie	508	+	88	2860292	58890
chr3	2801402	3001402	harbor1	chr3	2875488	2875677	DNA/hAT-Charlie	984	+	94	2875582	74180
chr3	2801402	3001402	harbor1	chr3	2876917	2877059	DNA/hAT-Charlie	565	+	71	2876988	75586
chr3	180215742	180415742	harbor1	chr3	180235980	180236132	DNA/hAT-Charlie	517	+	76	180236056	20314
chr3	180215742	180415742	harbor1	chr3	180251961	180252135	DNA/hAT-Charlie	459	+	87	180252048	36306
chr3	180215742	180415742	harbor1	chr3	180286887	180287100	DNA/hAT-Charlie	448	+	106	180286993	71251
chr3	148235898	148435898	harbor1	chr3	148242521	148243081	DNA/hAT-Charlie	1152	+	280	148242801	6903
chr3	85960814	86160814	harbor1	chr3	85962647	85962786	DNA/hAT-Charlie	420	+	70	85962717	1903
chr3	85960814	86160814	harbor1	chr3	86046464	86046656	DNA/hAT-Charlie	904	+	96	86046560	85746
chr3	62843731	63043731	harbor1	chr3	62919891	62920069	DNA/hAT-Charlie	740	+	89	62919980	76249
chr3	62843731	63043731	harbor1	chr3	62920914	62921060	DNA/hAT-Charlie	658	+	73	62920987	77256
chr3	62843731	63043731	harbor1	chr3	62921328	62921392	DNA/hAT-Charlie	658	+	32	62921360	77629
chr3	62843731	63043731	harbor1	chr3	62921753	62921793	DNA/hAT-Charlie	658	+	20	62921773	78042
chr3	78175664	78375664	harbor1	chr3	78188030	78188210	DNA/hAT-Charlie	569	+	90	78188120	12456
chr3	78175664	78375664	harbor1	chr3	78223049	78223250	DNA/hAT-Charlie	1198	+	100	78223149	47485
chr3	6696378	6896378	harbor1	chr3	6715299	6715523	DNA/hAT-Charlie	810	+	112	6715411	19033
chr3	6696378	6896378	harbor1	chr3	6779781	6779883	DNA/hAT-Charlie	536	+	51	6779832	83454
chr3	6696378	6896378	harbor1	chr3	6781167	6781382	DNA/hAT-Charlie	928	+	108	6781275	84897
chr3	187483700	187683700	harbor1	chr3	187483703	187483914	DNA/hAT-Charlie	1161	+	106	187483809	109
chr3	187483700	187683700	harbor1	chr3	187526593	187526780	DNA/hAT-Charlie	942	+	94	187526687	42987
chr3	187483700	187683700	harbor1	chr3	187526971	187527123	DNA/hAT-Charlie	507	+	76	187527047	43347
chr3	187483700	187683700	harbor1	chr3	187571539	187571734	DNA/hAT-Charlie	663	+	98	187571637	87937
chr3	127734383	127934383	harbor1	chr3	127774737	127774861	DNA/hAT-Charlie	460	+	62	127774799	40416
chr3	127734383	127934383	harbor1	chr3	127776271	127776447	DNA/hAT-Charlie	672	+	88	127776359	41976
chr3	127734383	127934383	harbor1	chr3	127803688	127804170	DNA/hAT-Charlie	630	+	241	127803929	69546
chr3	127734383	127934383	harbor1	chr3	127831810	127832078	DNA/hAT-Charlie	500	+	134	127831944	97561
chr3	98572522	98772522	harbor1	chr3	98623926	98624069	DNA/hAT-Charlie	797	+	72	98623998	51476
chr3	98572522	98772522	harbor1	chr3	98626300	98626450	DNA/hAT-Charlie	410	+	75	98626375	53853
chr3	98572522	98772522	harbor1	chr3	98626794	98626945	DNA/hAT-Charlie	564	+	76	98626870	54348
chr3	73785099	73985099	harbor1	chr3	73848621	73848798	DNA/hAT-Charlie	760	+	88	73848709	63610
chr3	73785099	73985099	harbor1	chr3	73874223	73874395	DNA/hAT-Charlie	867	+	86	73874309	89210
chr3	73785099	73985099	harbor1	chr3	73874453	73874651	DNA/hAT-Charlie	890	+	99	73874552	89453
chr3	166218706	166418706	harbor1	chr3	166255975	166256458	DNA/hAT-Charlie	1257	+	242	166256217	37511
chr3	166218706	166418706	harbor1	chr3	166256676	166257185	DNA/hAT-Charlie	1295	+	254	166256930	38224
chr3	166218706	166418706	harbor1	chr3	166317858	166318069	DNA/hAT-Charlie	929	+	106	166317964	99258
chr3	64137021	64337021	harbor1	chr3	64143196	64143311	DNA/hAT-Charlie	580	+	58	64143254	6233
chr3	64137021	64337021	harbor1	chr3	64153658	64153966	DNA/hAT-Charlie	664	+	154	64153812	16791
chr3	64137021	64337021	harbor1	chr3	64171253	64171467	DNA/hAT-Charlie	1038	+	107	64171360	34339
chr3	64137021	64337021	harbor1	chr3	64188693	64188895	DNA/hAT-Charlie	962	+	101	64188794	51773
chr3	64137021	64337021	harbor1	chr3	64194432	64194613	DNA/hAT-Charlie	1028	+	90	64194522	57501
chr3	64137021	64337021	harbor1	chr3	64217652	64217823	DNA/hAT-Charlie	501	+	86	64217738	80717
chr3	64137021	64337021	harbor1	chr3	64232345	64232474	DNA/hAT-Charlie	468	+	64	64232409	95388
chr3	64137021	64337021	harbor1	chr3	64232900	64233118	DNA/hAT-Charlie	969	+	109	64233009	95988
chr3	61604058	61804058	harbor1	chr3	61619341	61619566	DNA/hAT-Charlie	1049	+	112	61619453	15395
chr3	61604058	61804058	harbor1	chr3	61659625	61659736	DNA/hAT-Charlie	404	+	56	61659681	55623
chr3	61604058	61804058	harbor1	chr3	61667872	61668129	DNA/hAT-Charlie	976	+	128	61668000	63942
chr3	143042067	143242067	harbor1	chr3	143052541	143052732	DNA/hAT-Charlie	814	+	96	143052637	10570
chr3	143042067	143242067	harbor1	chr3	143066075	143066235	DNA/hAT-Charlie	469	+	80	143066155	24088
chr3	143042067	143242067	harbor1	chr3	143075300	143075373	DNA/hAT-Charlie	861	+	36	143075336	33269
chr3	143042067	143242067	harbor1	chr3	143075677	143075797	DNA/hAT-Charlie	861	+	60	143075737	33670
chr3	143042067	143242067	harbor1	chr3	143082292	143082490	DNA/hAT-Charlie	754	+	99	143082391	40324
chr3	143042067	143242067	harbor1	chr3	143093167	143093362	DNA/hAT-Charlie	581	+	98	143093265	51198
chr3	143042067	143242067	harbor1	chr3	143093806	143094099	DNA/hAT-Charlie	1766	+	146	143093952	51885
chr3	143042067	143242067	harbor1	chr3	143098769	143099100	DNA/hAT-Charlie	518	+	166	143098935	56868
chr3	168329466	168529466	harbor1	chr3	168412210	168412604	DNA/hAT-Charlie	1657	+	197	168412407	82941
chr3	168329466	168529466	harbor1	chr3	168412601	168413039	DNA/hAT-Charlie	2339	+	219	168412820	83354
chr3	168329466	168529466	harbor1	chr3	168413071	168413105	DNA/hAT-Charlie	2339	+	17	168413088	83622
chr3	168329466	168529466	harbor1	chr3	168413386	168413424	DNA/hAT-Charlie	2339	+	19	168413405	83939
chr3	168329466	168529466	harbor1	chr3	168413694	168413776	DNA/hAT-Charlie	2339	+	41	168413735	84269
chr3	178024200	178224200	harbor1	chr3	178029016	178029977	DNA/hAT-Charlie	1899	+	480	178029496	5296
chr3	178024200	178224200	harbor1	chr3	178030047	178030443	DNA/hAT-Charlie	912	+	198	178030245	6045
chr3	178024200	178224200	harbor1	chr3	178056065	178056229	DNA/hAT-Charlie	943	+	82	178056147	31947
chr3	177329771	177529771	harbor1	chr3	177362717	177363007	DNA/hAT-Charlie	664	+	145	177362862	33091
chr3	177329771	177529771	harbor1	chr3	177379921	177380036	DNA/hAT-Charlie	531	+	58	177379979	50208
chr3	177329771	177529771	harbor1	chr3	177421586	177421752	DNA/hAT-Charlie	415	+	83	177421669	91898
chr3	148748364	148948364	harbor1	chr3	148750747	148750951	DNA/hAT-Charlie	1186	+	102	148750849	2485
chr3	148748364	148948364	harbor1	chr3	148812783	148812909	DNA/hAT-Charlie	760	+	63	148812846	64482
chr3	188690527	188890527	harbor1	chr3	188754550	188754718	DNA/hAT-Charlie	714	+	84	188754634	64107
chr3	188690527	188890527	harbor1	chr3	188757752	188757863	DNA/hAT-Charlie	530	+	56	188757808	67281
chr3	188690527	188890527	harbor1	chr3	188758069	188758165	DNA/hAT-Charlie	1123	+	48	188758117	67590
chr3	188690527	188890527	harbor1	chr3	188758461	188758760	DNA/hAT-Charlie	1123	+	150	188758611	68084
chr3	188690527	188890527	harbor1	chr3	188758983	188759314	DNA/hAT-Charlie	627	+	166	188759149	68622
chr3	14456512	14656512	harbor1	chr3	14493956	14494328	DNA/hAT-Charlie	829	+	186	14494142	37630
chr3	14456512	14656512	harbor1	chr3	14508271	14508414	DNA/hAT-Charlie	455	+	72	14508343	51831
chr3	14456512	14656512	harbor1	chr3	14508632	14508914	DNA/hAT-Charlie	1152	+	141	14508773	52261
chr3	14456512	14656512	harbor1	chr3	14543191	14543346	DNA/hAT-Charlie	749	+	78	14543269	86757
chr3	183960284	184160284	harbor1	chr3	183961725	183961786	DNA/hAT-Charlie	456	+	30	183961755	1471
chr3	183960284	184160284	harbor1	chr3	183962051	183962087	DNA/hAT-Charlie	456	+	18	183962069	1785
chr3	183960284	184160284	harbor1	chr3	184001499	184001688	DNA/hAT-Charlie	970	+	94	184001593	41309
chr3	183960284	184160284	harbor1	chr3	184023042	184023226	DNA/hAT-Charlie	732	+	92	184023134	62850
chr3	183960284	184160284	harbor1	chr3	184047521	184047609	DNA/hAT-Charlie	421	+	44	184047565	87281
chr3	183960284	184160284	harbor1	chr3	184049045	184049247	DNA/hAT-Charlie	1145	+	101	184049146	88862
chr3	183960284	184160284	harbor1	chr3	184057886	184058317	DNA/hAT-Charlie	1042	+	216	184058102	97818
chr3	125839499	126039499	harbor1	chr3	125884411	125884907	DNA/hAT-Charlie	3245	+	248	125884659	45160
chr3	125839499	126039499	harbor1	chr3	125884924	125885083	DNA/hAT-Charlie	789	+	80	125885004	45505
chr3	125839499	126039499	harbor1	chr3	125885379	125885443	DNA/hAT-Charlie	789	+	32	125885411	45912
chr3	125839499	126039499	harbor1	chr3	125926924	125927096	DNA/hAT-Charlie	1205	+	86	125927010	87511
chr3	125839499	126039499	harbor1	chr3	125929933	125930132	DNA/hAT-Charlie	831	+	100	125930033	90534
chr3	167028592	167228592	harbor1	chr3	167051520	167051866	DNA/hAT-Charlie	1501	+	173	167051693	23101
chr3	167028592	167228592	harbor1	chr3	167077526	167077971	DNA/hAT-Charlie	765	+	222	167077748	49156
chr3	167028592	167228592	harbor1	chr3	167078495	167078908	DNA/hAT-Charlie	946	+	206	167078701	50109
chr3	167028592	167228592	harbor1	chr3	167078944	167079447	DNA/hAT-Charlie	1004	+	252	167079196	50604
chr3	167028592	167228592	harbor1	chr3	167080794	167080999	DNA/hAT-Charlie	554	+	102	167080896	52304
chr3	167028592	167228592	harbor1	chr3	167096774	167096917	DNA/hAT-Charlie	636	+	72	167096846	68254
chr3	167028592	167228592	harbor1	chr3	167101246	167101401	DNA/hAT-Charlie	441	+	78	167101324	72732
chr3	130348148	130548148	harbor1	chr3	130354460	130354614	DNA/hAT-Charlie	774	+	77	130354537	6389
chr3	130348148	130548148	harbor1	chr3	130354822	130355134	DNA/hAT-Charlie	1519	+	156	130354978	6830
chr3	130348148	130548148	harbor1	chr3	130359713	130359847	DNA/hAT-Charlie	513	+	67	130359780	11632
chr3	130348148	130548148	harbor1	chr3	130365749	130365912	DNA/hAT-Charlie	858	+	82	130365831	17683
chr3	130348148	130548148	harbor1	chr3	130380541	130380743	DNA/hAT-Charlie	1076	+	101	130380642	32494
chr3	130348148	130548148	harbor1	chr3	130383150	130383356	DNA/hAT-Charlie	761	+	103	130383253	35105
chr3	130348148	130548148	harbor1	chr3	130396513	130396817	DNA/hAT-Charlie	774	+	152	130396665	48517
chr3	130348148	130548148	harbor1	chr3	130441385	130441619	DNA/hAT-Charlie	559	+	117	130441502	93354
chr3	130348148	130548148	harbor1	chr3	130441635	130441848	DNA/hAT-Charlie	996	+	106	130441741	93593
chr3	41775781	41975781	harbor1	chr3	41797193	41797330	DNA/hAT-Charlie	582	+	68	41797261	21480
chr3	41775781	41975781	harbor1	chr3	41811624	41811806	DNA/hAT-Charlie	416	+	91	41811715	35934
chr3	41775781	41975781	harbor1	chr3	41867245	41867384	DNA/hAT-Charlie	556	+	70	41867315	91534
chr3	22629002	22829002	harbor1	chr3	22685694	22685913	DNA/hAT-Charlie	1005	+	110	22685804	56802
chr3	22629002	22829002	harbor1	chr3	22690210	22690385	DNA/hAT-Charlie	1389	+	88	22690298	61296
chr3	172006451	172206451	harbor1	chr3	172042709	172042820	DNA/hAT-Charlie	519	+	56	172042765	36314
chr3	172006451	172206451	harbor1	chr3	172072097	172072294	DNA/hAT-Charlie	850	+	98	172072195	65744
chr3	172006451	172206451	harbor1	chr3	172085205	172085468	DNA/hAT-Charlie	592	+	132	172085337	78886
chr3	172006451	172206451	harbor1	chr3	172099896	172100018	DNA/hAT-Charlie	467	+	61	172099957	93506
chr3	182615194	182815194	harbor1	chr3	182656676	182656846	DNA/hAT-Charlie	446	+	85	182656761	41567
chr3	182615194	182815194	harbor1	chr3	182658493	182658737	DNA/hAT-Charlie	496	+	122	182658615	43421
chr3	182615194	182815194	harbor1	chr3	182659040	182659151	DNA/hAT-Charlie	496	+	56	182659096	43902
chr3	182615194	182815194	harbor1	chr3	182663221	182663361	DNA/hAT-Charlie	473	+	70	182663291	48097
chr3	182615194	182815194	harbor1	chr3	182690244	182690438	DNA/hAT-Charlie	998	+	97	182690341	75147
chr3	182615194	182815194	harbor1	chr3	182711706	182711971	DNA/hAT-Charlie	1685	+	132	182711838	96644
chr3	146369564	146569564	harbor1	chr3	146387480	146387610	DNA/hAT-Charlie	574	+	65	146387545	17981
chr3	146369564	146569564	harbor1	chr3	146388007	146388184	DNA/hAT-Charlie	810	+	88	146388095	18531
chr3	146369564	146569564	harbor1	chr3	146460570	146460768	DNA/hAT-Charlie	817	+	99	146460669	91105
chr3	111054285	111254285	harbor1	chr3	111101605	111101768	DNA/hAT-Charlie	647	+	82	111101687	47402
chr3	111054285	111254285	harbor1	chr3	111115435	111115599	DNA/hAT-Charlie	928	+	82	111115517	61232
chr3	111054285	111254285	harbor1	chr3	111150539	111150827	DNA/hAT-Charlie	1187	+	144	111150683	96398
chr3	111054285	111254285	harbor1	chr3	111150836	111151026	DNA/hAT-Charlie	690	+	95	111150931	96646
chr3	99346211	99546211	harbor1	chr3	99405323	99405715	DNA/hAT-Charlie	1169	+	196	99405519	59308
chr3	30117745	30317745	harbor1	chr3	30123926	30124259	DNA/hAT-Charlie	1809	+	166	30124092	6347
chr3	30117745	30317745	harbor1	chr3	30134110	30134367	DNA/hAT-Charlie	843	+	128	30134238	16493
chr3	30117745	30317745	harbor1	chr3	30144824	30144984	DNA/hAT-Charlie	679	+	80	30144904	27159
chr3	30117745	30317745	harbor1	chr3	30175514	30175737	DNA/hAT-Charlie	708	+	112	30175626	57881
chr3	30117745	30317745	harbor1	chr3	30187536	30187745	DNA/hAT-Charlie	924	+	104	30187640	69895
chr3	188280595	188480595	harbor1	chr3	188321240	188321308	DNA/hAT-Charlie	452	+	34	188321274	40679
chr3	188280595	188480595	harbor1	chr3	188348612	188348774	DNA/hAT-Charlie	906	+	81	188348693	68098
chr3	115167125	115367125	harbor1	chr3	115210847	115210971	DNA/hAT-Charlie	569	+	62	115210909	43784
chr3	115167125	115367125	harbor1	chr3	115237684	115237917	DNA/hAT-Charlie	421	+	116	115237800	70675
chr3	44662630	44862630	harbor1	chr3	44714388	44714610	DNA/hAT-Charlie	840	+	111	44714499	51869
chr3	44662630	44862630	harbor1	chr3	44737943	44738243	DNA/hAT-Charlie	1120	+	150	44738093	75463
chr3	44662630	44862630	harbor1	chr3	44738394	44738420	DNA/hAT-Charlie	1120	+	13	44738407	75777
chr3	17160529	17360529	harbor1	chr3	17163687	17163892	DNA/hAT-Charlie	1006	+	102	17163789	3260
chr3	17160529	17360529	harbor1	chr3	17166079	17166277	DNA/hAT-Charlie	726	+	99	17166178	5649
chr3	17160529	17360529	harbor1	chr3	17200280	17200625	DNA/hAT-Charlie	2215	+	172	17200452	39923
chr3	31895932	32095932	harbor1	chr3	31914265	31914544	DNA/hAT-Charlie	814	+	140	31914405	18473
chr3	31895932	32095932	harbor1	chr3	31926262	31926477	DNA/hAT-Charlie	1096	+	108	31926370	30438
chr3	31895932	32095932	harbor1	chr3	31945486	31945684	DNA/hAT-Charlie	635	+	99	31945585	49653
chr3	31895932	32095932	harbor1	chr3	31958754	31958877	DNA/hAT-Charlie	732	+	62	31958816	62884
chr3	31895932	32095932	harbor1	chr3	31971818	31971900	DNA/hAT-Charlie	460	+	41	31971859	75927
chr3	173952404	174152404	harbor1	chr3	173972774	173972962	DNA/hAT-Charlie	976	+	94	173972868	20464
chr3	173952404	174152404	harbor1	chr3	173991436	173991642	DNA/hAT-Charlie	915	+	103	173991539	39135
chr3	173952404	174152404	harbor1	chr3	174003345	174003474	DNA/hAT-Charlie	430	+	64	174003409	51005
chr3	173952404	174152404	harbor1	chr3	174021260	174021574	DNA/hAT-Charlie	638	+	157	174021417	69013
chr3	173952404	174152404	harbor1	chr3	174032329	174032441	DNA/hAT-Charlie	501	+	56	174032385	79981
chr3	173952404	174152404	harbor1	chr3	174032451	174032528	DNA/hAT-Charlie	413	+	38	174032489	80085
chr3	18858148	19058148	harbor1	chr3	18864533	18864663	DNA/hAT-Charlie	563	+	65	18864598	6450
chr3	18858148	19058148	harbor1	chr3	18869808	18869940	DNA/hAT-Charlie	400	+	66	18869874	11726
chr3	18858148	19058148	harbor1	chr3	18908184	18908361	DNA/hAT-Charlie	874	+	88	18908272	50124
chr3	18858148	19058148	harbor1	chr3	18911187	18911746	DNA/hAT-Charlie	2505	+	280	18911467	53319
chr3	18858148	19058148	harbor1	chr3	18911746	18912470	DNA/hAT-Charlie	2761	+	362	18912108	53960
chr3	18858148	19058148	harbor1	chr3	18917013	18917272	DNA/hAT-Charlie	950	+	130	18917143	58995
chr3	18858148	19058148	harbor1	chr3	18957064	18957203	DNA/hAT-Charlie	445	+	70	18957134	98986
chr3	47212979	47412979	harbor1	chr3	47220773	47221006	DNA/hAT-Charlie	1206	+	116	47220889	7910
chr3	47212979	47412979	harbor1	chr3	47231314	47231404	DNA/hAT-Charlie	619	+	45	47231359	18380
chr3	47212979	47412979	harbor1	chr3	47231721	47231780	DNA/hAT-Charlie	619	+	30	47231751	18772
chr3	47212979	47412979	harbor1	chr3	47237900	47238237	DNA/hAT-Charlie	526	+	168	47238068	25089
chr3	47212979	47412979	harbor1	chr3	47238519	47238614	DNA/hAT-Charlie	526	+	48	47238567	25588
chr3	47212979	47412979	harbor1	chr3	47250152	47250333	DNA/hAT-Charlie	803	+	90	47250242	37263
chr3	47212979	47412979	harbor1	chr3	47254858	47254973	DNA/hAT-Charlie	488	+	58	47254916	41937
chr3	47212979	47412979	harbor1	chr3	47272288	47272412	DNA/hAT-Charlie	505	+	62	47272350	59371
chr3	47212979	47412979	harbor1	chr3	47272409	47272763	DNA/hAT-Charlie	1800	+	177	47272586	59607
chr3	47212979	47412979	harbor1	chr3	47296027	47296181	DNA/hAT-Charlie	693	+	77	47296104	83125
chr3	169792947	169992947	harbor1	chr3	169847485	169847681	DNA/hAT-Charlie	477	+	98	169847583	54636
chr3	169792947	169992947	harbor1	chr3	169887123	169887306	DNA/hAT-Charlie	480	+	92	169887215	94268
chr3	106333449	106533449	harbor1	chr3	106382652	106382798	DNA/hAT-Charlie	847	+	73	106382725	49276
chr3	106333449	106533449	harbor1	chr3	106384269	106384444	DNA/hAT-Charlie	795	+	88	106384357	50908
chr3	106333449	106533449	harbor1	chr3	106416426	106416625	DNA/hAT-Charlie	546	+	100	106416526	83077
chr3	120420998	120620998	harbor1	chr3	120444298	120444486	DNA/hAT-Charlie	805	+	94	120444392	23394
chr3	120420998	120620998	harbor1	chr3	120454822	120455055	DNA/hAT-Charlie	1357	+	116	120454938	33940
chr3	120420998	120620998	harbor1	chr3	120455362	120455534	DNA/hAT-Charlie	1357	+	86	120455448	34450
chr3	120420998	120620998	harbor1	chr3	120456141	120456243	DNA/hAT-Charlie	655	+	51	120456192	35194
chr3	120420998	120620998	harbor1	chr3	120456548	120456672	DNA/hAT-Charlie	655	+	62	120456610	35612
chr3	120420998	120620998	harbor1	chr3	120456959	120457021	DNA/hAT-Charlie	655	+	31	120456990	35992
chr3	120420998	120620998	harbor1	chr3	120473088	120473248	DNA/hAT-Charlie	485	+	80	120473168	52170
chr3	62270200	62470200	harbor1	chr3	62285913	62286028	DNA/hAT-Charlie	483	+	58	62285971	15771
chr3	62270200	62470200	harbor1	chr3	62286031	62286161	DNA/hAT-Charlie	546	+	65	62286096	15896
chr3	62270200	62470200	harbor1	chr3	62292623	62292832	DNA/hAT-Charlie	1229	+	104	62292727	22527
chr3	62270200	62470200	harbor1	chr3	62298354	62298699	DNA/hAT-Charlie	772	+	172	62298526	28326
chr3	62270200	62470200	harbor1	chr3	62338983	62339124	DNA/hAT-Charlie	880	+	70	62339053	68853
chr3	62270200	62470200	harbor1	chr3	62339117	62339290	DNA/hAT-Charlie	1030	+	86	62339203	69003
chr3	62270200	62470200	harbor1	chr3	62339661	62339695	DNA/hAT-Charlie	1030	+	17	62339678	69478
chr3	29071713	29271713	harbor1	chr3	29147952	29148038	DNA/hAT-Charlie	485	+	43	29147995	76282
chr3	29071713	29271713	harbor1	chr3	29168209	29168431	DNA/hAT-Charlie	1035	+	111	29168320	96607
chr3	127118619	127318619	harbor1	chr3	127146608	127146726	DNA/hAT-Charlie	404	+	59	127146667	28048
chr3	127118619	127318619	harbor1	chr3	127162686	127162814	DNA/hAT-Charlie	571	+	64	127162750	44131
chr3	65366094	65566094	harbor1	chr3	65415740	65415850	DNA/hAT-Charlie	511	+	55	65415795	49701
chr3	65366094	65566094	harbor1	chr3	65417928	65418151	DNA/hAT-Charlie	936	+	112	65418040	51946
chr3	65366094	65566094	harbor1	chr3	65419757	65419932	DNA/hAT-Charlie	661	+	88	65419845	53751
chr3	65366094	65566094	harbor1	chr3	65422091	65422241	DNA/hAT-Charlie	718	+	75	65422166	56072
chr3	65366094	65566094	harbor1	chr3	65433846	65434053	DNA/hAT-Charlie	1013	+	104	65433950	67856
chr3	65366094	65566094	harbor1	chr3	65436700	65436899	DNA/hAT-Charlie	835	+	100	65436800	70706
chr3	65366094	65566094	harbor1	chr3	65438630	65438960	DNA/hAT-Charlie	1406	+	165	65438795	72701
chr3	166890196	167090196	harbor1	chr3	166931559	166931736	DNA/hAT-Charlie	914	+	88	166931647	41451
chr3	115434438	115634438	harbor1	chr3	115471105	115471236	DNA/hAT-Charlie	537	+	66	115471171	36733
chr3	115434438	115634438	harbor1	chr3	115471238	115471388	DNA/hAT-Charlie	652	+	75	115471313	36875
chr3	115434438	115634438	harbor1	chr3	115478306	115478379	DNA/hAT-Charlie	427	+	36	115478342	43904
chr3	115434438	115634438	harbor1	chr3	115489913	115490199	DNA/hAT-Charlie	499	+	143	115490056	55618
chr3	115434438	115634438	harbor1	chr3	115497313	115497496	DNA/hAT-Charlie	768	+	92	115497405	62967
chr3	144120876	144320876	harbor1	chr3	144145376	144145584	DNA/hAT-Charlie	889	+	104	144145480	24604
chr3	144120876	144320876	harbor1	chr3	144162607	144162757	DNA/hAT-Charlie	507	+	75	144162682	41806
chr3	144120876	144320876	harbor1	chr3	144169156	144169331	DNA/hAT-Charlie	792	+	88	144169244	48368
chr3	108503691	108703691	harbor1	chr3	108535099	108535209	DNA/hAT-Charlie	923	+	55	108535154	31463
chr3	108503691	108703691	harbor1	chr3	108535574	108535653	DNA/hAT-Charlie	923	+	40	108535614	31923
chr3	108503691	108703691	harbor1	chr3	108548438	108548609	DNA/hAT-Charlie	980	+	86	108548524	44833
chr3	108503691	108703691	harbor1	chr3	108601162	108601415	DNA/hAT-Charlie	713	+	126	108601288	97597
chr3	9547620	9747620	harbor1	chr3	9555072	9555274	DNA/hAT-Charlie	577	+	101	9555173	7553
chr3	9547620	9747620	harbor1	chr3	9629346	9629419	DNA/hAT-Charlie	670	+	36	9629382	81762
chr3	9547620	9747620	harbor1	chr3	9629711	9629823	DNA/hAT-Charlie	670	+	56	9629767	82147
chr3	75503631	75703631	harbor1	chr3	75518144	75518269	DNA/hAT-Charlie	629	+	62	75518206	14575
chr3	75503631	75703631	harbor1	chr3	75524300	75524517	DNA/hAT-Charlie	869	+	108	75524408	20777
chr3	75503631	75703631	harbor1	chr3	75546720	75546940	DNA/hAT-Charlie	718	+	110	75546830	43199
chr3	75503631	75703631	harbor1	chr3	75576420	75576650	DNA/hAT-Charlie	750	+	115	75576535	72904
chr3	19646513	19846513	harbor1	chr3	19706705	19706857	DNA/hAT-Charlie	584	+	76	19706781	60268
chr3	19646513	19846513	harbor1	chr3	19742721	19742925	DNA/hAT-Charlie	1052	+	102	19742823	96310
chr3	19419056	19619056	harbor1	chr3	19508643	19508806	DNA/hAT-Charlie	859	+	82	19508725	89669
chr3	63166434	63366434	harbor1	chr3	63168884	63169212	DNA/hAT-Charlie	626	+	164	63169048	2614
chr3	63166434	63366434	harbor1	chr3	63178887	63178989	DNA/hAT-Charlie	486	+	51	63178938	12504
chr3	63166434	63366434	harbor1	chr3	63202737	63202914	DNA/hAT-Charlie	454	+	88	63202825	36391
chr3	63166434	63366434	harbor1	chr3	63224112	63224430	DNA/hAT-Charlie	1983	+	159	63224271	57837
chr3	194322481	194522481	harbor1	chr3	194343355	194343592	DNA/hAT-Charlie	650	+	118	194343473	20992
chr3	43067022	43267022	harbor1	chr3	43089666	43089859	DNA/hAT-Charlie	494	+	96	43089762	22740
chr3	43067022	43267022	harbor1	chr3	43101471	43101616	DNA/hAT-Charlie	626	+	72	43101543	34521
chr3	43067022	43267022	harbor1	chr3	43132467	43132582	DNA/hAT-Charlie	580	+	58	43132525	65503
chr3	43067022	43267022	harbor1	chr3	43132593	43132972	DNA/hAT-Charlie	1696	+	190	43132783	65761
chr3	43067022	43267022	harbor1	chr3	43142115	43142247	DNA/hAT-Charlie	631	+	66	43142181	75159
chr3	43067022	43267022	harbor1	chr3	43160732	43160983	DNA/hAT-Charlie	828	+	126	43160858	93836
chr3	38667832	38867832	harbor1	chr3	38718088	38718264	DNA/hAT-Charlie	679	+	88	38718176	50344
chr3	38667832	38867832	harbor1	chr3	38721606	38721756	DNA/hAT-Charlie	683	+	75	38721681	53849
chr3	38667832	38867832	harbor1	chr3	38737588	38737713	DNA/hAT-Charlie	464	+	62	38737650	69818
chr3	38667832	38867832	harbor1	chr3	38759579	38759910	DNA/hAT-Charlie	1220	+	166	38759745	91913
chr3	73472072	73672072	harbor1	chr3	73478168	73478535	DNA/hAT-Charlie	3405	+	184	73478352	6280
chr3	73472072	73672072	harbor1	chr3	73478574	73478709	DNA/hAT-Charlie	3405	+	68	73478642	6570
chr3	73472072	73672072	harbor1	chr3	73484701	73484861	DNA/hAT-Charlie	759	+	80	73484781	12709
chr3	73472072	73672072	harbor1	chr3	73492181	73492437	DNA/hAT-Charlie	553	+	128	73492309	20237
chr3	73472072	73672072	harbor1	chr3	73519708	73519820	DNA/hAT-Charlie	601	+	56	73519764	47692
chr3	73472072	73672072	harbor1	chr3	73521936	73522237	DNA/hAT-Charlie	1626	+	150	73522086	50014
chr3	73472072	73672072	harbor1	chr3	73550159	73550349	DNA/hAT-Charlie	927	+	95	73550254	78182
chr3	73472072	73672072	harbor1	chr3	73550364	73550546	DNA/hAT-Charlie	760	+	91	73550455	78383
chr3	73472072	73672072	harbor1	chr3	73559478	73559785	DNA/hAT-Charlie	566	+	154	73559632	87560
chr3	195300274	195500274	harbor1	chr3	195334972	195335295	DNA/hAT-Charlie	1326	+	162	195335134	34860
chr3	195300274	195500274	harbor1	chr3	195366480	195366606	DNA/hAT-Charlie	431	+	63	195366543	66269
chr3	195300274	195500274	harbor1	chr3	195372051	195372412	DNA/hAT-Charlie	2504	+	180	195372231	71957
chr3	195300274	195500274	harbor1	chr3	195373008	195373648	DNA/hAT-Charlie	2504	+	320	195373328	73054
chr3	195300274	195500274	harbor1	chr3	195373928	195374118	DNA/hAT-Charlie	2504	+	95	195374023	73749
chr3	195300274	195500274	harbor1	chr3	195374401	195374705	DNA/hAT-Charlie	2504	+	152	195374553	74279
chr3	195300274	195500274	harbor1	chr3	195374861	195374909	DNA/hAT-Charlie	690	+	24	195374885	74611
chr3	195300274	195500274	harbor1	chr3	195375217	195375428	DNA/hAT-Charlie	690	+	106	195375323	75049
chr3	195300274	195500274	harbor1	chr3	195382957	195383118	DNA/hAT-Charlie	466	+	80	195383037	82763
chr3	195300274	195500274	harbor1	chr3	195390561	195390693	DNA/hAT-Charlie	555	+	66	195390627	90353
chr3	195300274	195500274	harbor1	chr3	195395395	195395722	DNA/hAT-Charlie	1346	+	164	195395559	95285
chr3	14776796	14976796	harbor1	chr3	14791001	14791219	DNA/hAT-Charlie	721	+	109	14791110	14314
chr3	14776796	14976796	harbor1	chr3	14816969	14817198	DNA/hAT-Charlie	1343	+	114	14817083	40287
chr3	14776796	14976796	harbor1	chr3	14817496	14817548	DNA/hAT-Charlie	1343	+	26	14817522	40726
chr3	14776796	14976796	harbor1	chr3	14842982	14843206	DNA/hAT-Charlie	711	+	112	14843094	66298
chr3	14776796	14976796	harbor1	chr3	14860595	14860693	DNA/hAT-Charlie	394	+	49	14860644	83848
chr3	14776796	14976796	harbor1	chr3	14860991	14861186	DNA/hAT-Charlie	394	+	98	14861089	84293
chr3	14776796	14976796	harbor1	chr3	14871919	14872065	DNA/hAT-Charlie	531	+	73	14871992	95196
chr3	85683345	85883345	harbor1	chr3	85687786	85688131	DNA/hAT-Charlie	2035	+	172	85687958	4613
chr3	132010545	132210545	harbor1	chr3	132023999	132024082	DNA/hAT-Charlie	493	+	42	132024041	13496
chr3	132010545	132210545	harbor1	chr3	132024384	132024444	DNA/hAT-Charlie	493	+	30	132024414	13869
chr3	132010545	132210545	harbor1	chr3	132024936	132025130	DNA/hAT-Charlie	799	+	97	132025033	14488
chr3	132010545	132210545	harbor1	chr3	132028697	132028940	DNA/hAT-Charlie	907	+	122	132028819	18274
chr3	132010545	132210545	harbor1	chr3	132093258	132093559	DNA/hAT-Charlie	516	+	150	132093408	82863
chr3	44992868	45192868	harbor1	chr3	45038208	45038505	DNA/hAT-Charlie	759	+	148	45038356	45488
chr3	44992868	45192868	harbor1	chr3	45038524	45038657	DNA/hAT-Charlie	979	+	66	45038590	45722
chr3	44992868	45192868	harbor1	chr3	45038817	45038987	DNA/hAT-Charlie	979	+	85	45038902	46034
chr3	44992868	45192868	harbor1	chr3	45042457	45042629	DNA/hAT-Charlie	784	+	86	45042543	49675
chr3	44992868	45192868	harbor1	chr3	45075146	45075279	DNA/hAT-Charlie	773	+	66	45075212	82344
chr3	44992868	45192868	harbor1	chr3	45091635	45091799	DNA/hAT-Charlie	847	+	82	45091717	98849
chr3	44992868	45192868	harbor1	chr3	45092095	45092154	DNA/hAT-Charlie	847	+	30	45092125	99257
chr3	131740056	131940056	harbor1	chr3	131754753	131755259	DNA/hAT-Charlie	1210	+	253	131755006	14950
chr3	131740056	131940056	harbor1	chr3	131818518	131818671	DNA/hAT-Charlie	796	+	76	131818594	78538
chr3	124261308	124461308	harbor1	chr3	124267455	124267631	DNA/hAT-Charlie	702	+	88	124267543	6235
chr3	124261308	124461308	harbor1	chr3	124294697	124294846	DNA/hAT-Charlie	500	+	74	124294771	33463
chr3	124261308	124461308	harbor1	chr3	124330825	124330987	DNA/hAT-Charlie	549	+	81	124330906	69598
chr3	124261308	124461308	harbor1	chr3	124338923	124339100	DNA/hAT-Charlie	410	+	88	124339011	77703
chr3	124261308	124461308	harbor1	chr3	124349349	124349556	DNA/hAT-Charlie	1459	+	104	124349453	88145
chr3	87105672	87305672	harbor1	chr3	87160330	87160568	DNA/hAT-Charlie	963	+	119	87160449	54777
chr3	159046335	159246335	harbor1	chr3	159060835	159060981	DNA/hAT-Charlie	699	+	73	159060908	14573
chr3	159046335	159246335	harbor1	chr3	159111648	159111915	DNA/hAT-Charlie	1016	+	134	159111782	65447
chr3	111229580	111429580	harbor1	chr3	111236701	111236856	DNA/hAT-Charlie	718	+	78	111236779	7199
chr3	111229580	111429580	harbor1	chr3	111239352	111239425	DNA/hAT-Charlie	440	+	36	111239388	9808
chr3	111229580	111429580	harbor1	chr3	111324186	111324343	DNA/hAT-Charlie	712	+	78	111324264	94684
chr3	111229580	111429580	harbor1	chr3	111329372	111329531	DNA/hAT-Charlie	651	+	80	111329452	99872
chr3	53724841	53924841	harbor1	chr3	53767223	53767282	DNA/hAT-Charlie	589	+	30	53767253	42412
chr3	53724841	53924841	harbor1	chr3	53767595	53767714	DNA/hAT-Charlie	589	+	60	53767655	42814
chr3	53724841	53924841	harbor1	chr3	53775151	53775289	DNA/hAT-Charlie	456	+	69	53775220	50379
chr3	67013546	67213546	harbor1	chr3	67033471	67033680	DNA/hAT-Charlie	987	+	104	67033575	20029
chr3	67013546	67213546	harbor1	chr3	67072448	67072518	DNA/hAT-Charlie	746	+	35	67072483	58937
chr3	67013546	67213546	harbor1	chr3	67073198	67073314	DNA/hAT-Charlie	746	+	58	67073256	59710
chr3	67013546	67213546	harbor1	chr3	67073723	67073901	DNA/hAT-Charlie	539	+	89	67073812	60266
chr3	67013546	67213546	harbor1	chr3	67074771	67074892	DNA/hAT-Charlie	898	+	60	67074831	61285
chr3	67013546	67213546	harbor1	chr3	67074932	67075165	DNA/hAT-Charlie	898	+	116	67075048	61502
chr3	67013546	67213546	harbor1	chr3	67092206	67092385	DNA/hAT-Charlie	650	+	90	67092296	78750
chr3	67013546	67213546	harbor1	chr3	67105678	67105804	DNA/hAT-Charlie	514	+	63	67105741	92195
chr3	151032723	151232723	harbor1	chr3	151054405	151054567	DNA/hAT-Charlie	683	+	81	151054486	21763
chr3	151032723	151232723	harbor1	chr3	151068034	151068244	DNA/hAT-Charlie	724	+	105	151068139	35416
chr3	151032723	151232723	harbor1	chr3	151080313	151080629	DNA/hAT-Charlie	1234	+	158	151080471	47748
chr3	151032723	151232723	harbor1	chr3	151093331	151093435	DNA/hAT-Charlie	453	+	52	151093383	60660
chr3	151032723	151232723	harbor1	chr3	151097607	151097835	DNA/hAT-Charlie	825	+	114	151097721	64998
chr3	151032723	151232723	harbor1	chr3	151110988	151111140	DNA/hAT-Charlie	861	+	76	151111064	78341
chr3	151032723	151232723	harbor1	chr3	151111916	151112270	DNA/hAT-Charlie	603	+	177	151112093	79370
chr3	155283974	155483974	harbor1	chr3	155287314	155287498	DNA/hAT-Charlie	912	+	92	155287406	3432
chr3	155283974	155483974	harbor1	chr3	155311728	155311938	DNA/hAT-Charlie	1070	+	105	155311833	27859
chr3	155283974	155483974	harbor1	chr3	155373255	155373555	DNA/hAT-Charlie	815	+	150	155373405	89431
chr3	134055029	134255029	harbor1	chr3	134071624	134071838	DNA/hAT-Charlie	623	+	107	134071731	16702
chr3	134055029	134255029	harbor1	chr3	134072601	134072821	DNA/hAT-Charlie	834	+	110	134072711	17682
chr3	134055029	134255029	harbor1	chr3	134078140	134078861	DNA/hAT-Charlie	1131	+	360	134078500	23471
chr3	134055029	134255029	harbor1	chr3	134082198	134082692	DNA/hAT-Charlie	3358	+	247	134082445	27416
chr3	134055029	134255029	harbor1	chr3	134085852	134086012	DNA/hAT-Charlie	608	+	80	134085932	30903
chr3	134055029	134255029	harbor1	chr3	134092692	134092895	DNA/hAT-Charlie	457	+	102	134092794	37765
chr3	134055029	134255029	harbor1	chr3	134138203	134138389	DNA/hAT-Charlie	1113	+	93	134138296	83267
chr3	157799820	157999820	harbor1	chr3	157807858	157808017	DNA/hAT-Charlie	805	+	80	157807938	8118
chr3	56851451	57051451	harbor1	chr3	56871778	56872222	DNA/hAT-Charlie	1485	+	222	56872000	20549
chr3	56851451	57051451	harbor1	chr3	56878815	56879289	DNA/hAT-Charlie	3317	+	237	56879052	27601
chr3	56851451	57051451	harbor1	chr3	56885005	56885169	DNA/hAT-Charlie	448	+	82	56885087	33636
chr3	56851451	57051451	harbor1	chr3	56887144	56887277	DNA/hAT-Charlie	411	+	66	56887210	35759
chr3	56851451	57051451	harbor1	chr3	56899322	56899641	DNA/hAT-Charlie	703	+	160	56899482	48031
chr3	56851451	57051451	harbor1	chr3	56906355	56906553	DNA/hAT-Charlie	1453	+	99	56906454	55003
chr3	56851451	57051451	harbor1	chr3	56906865	56906975	DNA/hAT-Charlie	1453	+	55	56906920	55469
chr3	56851451	57051451	harbor1	chr3	56907281	56907308	DNA/hAT-Charlie	1453	+	14	56907295	55844
chr3	65939161	66139161	harbor1	chr3	65951337	65951698	DNA/hAT-Charlie	1513	+	180	65951517	12356
chr3	65939161	66139161	harbor1	chr3	65969688	65969887	DNA/hAT-Charlie	756	+	100	65969788	30627
chr3	65939161	66139161	harbor1	chr3	65989493	65989529	DNA/hAT-Charlie	590	+	18	65989511	50350
chr3	65939161	66139161	harbor1	chr3	65989839	65990053	DNA/hAT-Charlie	590	+	107	65989946	50785
chr3	65939161	66139161	harbor1	chr3	66008211	66008339	DNA/hAT-Charlie	485	+	64	66008275	69114
chr3	65939161	66139161	harbor1	chr3	66024235	66024503	DNA/hAT-Charlie	533	+	134	66024369	85208
chr3	148140118	148340118	harbor1	chr3	148179038	148179230	DNA/hAT-Charlie	465	+	96	148179134	39016
chr3	78712788	78912788	harbor1	chr3	78723563	78723774	DNA/hAT-Charlie	541	+	106	78723669	10881
chr3	138927722	139127722	harbor1	chr3	138979901	138979956	DNA/hAT-Charlie	480	+	28	138979929	52207
chr3	138927722	139127722	harbor1	chr3	138980001	138980095	DNA/hAT-Charlie	480	+	47	138980048	52326
chr3	59089818	59289818	harbor1	chr3	59166046	59166261	DNA/hAT-Charlie	983	+	108	59166154	76336
chr3	118501713	118701713	harbor1	chr3	118544185	118544351	DNA/hAT-Charlie	647	+	83	118544268	42555
chr3	118501713	118701713	harbor1	chr3	118576228	118576366	DNA/hAT-Charlie	494	+	69	118576297	74584
chr3	68289947	68489947	harbor1	chr3	68319303	68319548	DNA/hAT-Charlie	768	+	122	68319425	29478
chr3	68289947	68489947	harbor1	chr3	68323753	68323776	DNA/hAT-Charlie	427	+	12	68323765	33818
chr3	68289947	68489947	harbor1	chr3	68324098	68324195	DNA/hAT-Charlie	427	+	48	68324146	34199
chr3	68289947	68489947	harbor1	chr3	68343220	68343408	DNA/hAT-Charlie	402	+	94	68343314	53367
chr3	68289947	68489947	harbor1	chr3	68343525	68343855	DNA/hAT-Charlie	1132	+	165	68343690	53743
chr3	68289947	68489947	harbor1	chr3	68344132	68344374	DNA/hAT-Charlie	1132	+	121	68344253	54306
chr3	68289947	68489947	harbor1	chr3	68349848	68350018	DNA/hAT-Charlie	443	+	85	68349933	59986
chr3	68289947	68489947	harbor1	chr3	68351023	68351195	DNA/hAT-Charlie	749	+	86	68351109	61162
chr3	68289947	68489947	harbor1	chr3	68354231	68354444	DNA/hAT-Charlie	458	+	106	68354337	64390
chr3	68289947	68489947	harbor1	chr3	68367621	68367811	DNA/hAT-Charlie	481	+	95	68367716	77769
chr3	68289947	68489947	harbor1	chr3	68385688	68385795	DNA/hAT-Charlie	663	+	54	68385742	95795
chr3	68289947	68489947	harbor1	chr3	68386008	68386108	DNA/hAT-Charlie	663	+	50	68386058	96111
chr3	45188929	45388929	harbor1	chr3	45238463	45238953	DNA/hAT-Charlie	3408	+	245	45238708	49779
chr3	45188929	45388929	harbor1	chr3	45242172	45242312	DNA/hAT-Charlie	459	+	70	45242242	53313
chr3	55435452	55635452	harbor1	chr3	55438592	55438900	DNA/hAT-Charlie	1124	+	154	55438746	3294
chr3	55435452	55635452	harbor1	chr3	55445955	55446162	DNA/hAT-Charlie	1152	+	104	55446059	10607
chr3	55435452	55635452	harbor1	chr3	55446456	55446545	DNA/hAT-Charlie	1152	+	44	55446500	11048
chr3	55435452	55635452	harbor1	chr3	55455550	55455734	DNA/hAT-Charlie	852	+	92	55455642	20190
chr3	55435452	55635452	harbor1	chr3	55464008	55464219	DNA/hAT-Charlie	1229	+	106	55464114	28662
chr3	55435452	55635452	harbor1	chr3	55465080	55465279	DNA/hAT-Charlie	1161	+	100	55465180	29728
chr3	106788919	106988919	harbor1	chr3	106803352	106803568	DNA/hAT-Charlie	1453	+	108	106803460	14541
chr3	191800883	192000883	harbor1	chr3	191862626	191862792	DNA/hAT-Charlie	641	+	83	191862709	61826
chr3	191800883	192000883	harbor1	chr3	191873779	191873884	DNA/hAT-Charlie	497	+	52	191873831	72948
chr3	164200804	164400804	harbor1	chr3	164239813	164240011	DNA/hAT-Charlie	711	+	99	164239912	39108
chr3	32837966	33037966	harbor1	chr3	32934363	32934635	DNA/hAT-Charlie	900	+	136	32934499	96533
chr3	32837966	33037966	harbor1	chr3	32935313	32935356	DNA/hAT-Charlie	1133	+	22	32935335	97369
chr3	32837966	33037966	harbor1	chr3	32935660	32935888	DNA/hAT-Charlie	1133	+	114	32935774	97808
chr3	32837966	33037966	harbor1	chr3	32936289	32936319	DNA/hAT-Charlie	1133	+	15	32936304	98338
chr3	61193592	61393592	harbor1	chr3	61245461	61245609	DNA/hAT-Charlie	639	+	74	61245535	51943
chr3	153769427	153969427	harbor1	chr3	153833505	153833733	DNA/hAT-Charlie	787	+	114	153833619	64192
chr3	153769427	153969427	harbor1	chr3	153834172	153834259	DNA/hAT-Charlie	787	+	44	153834216	64789
chr3	153769427	153969427	harbor1	chr3	153842713	153842857	DNA/hAT-Charlie	564	+	72	153842785	73358
chr3	153769427	153969427	harbor1	chr3	153863813	153864003	DNA/hAT-Charlie	683	+	95	153863908	94481
chr3	175930496	176130496	harbor1	chr3	176005494	176005620	DNA/hAT-Charlie	722	+	63	176005557	75061
chr3	175930496	176130496	harbor1	chr3	176012257	176012468	DNA/hAT-Charlie	487	+	106	176012363	81867
chr3	184393792	184593792	harbor1	chr3	184484382	184484606	DNA/hAT-Charlie	738	+	112	184484494	90702
chr3	184393792	184593792	harbor1	chr3	184490115	184490238	DNA/hAT-Charlie	587	+	62	184490177	96385
chr3	180562876	180762876	harbor1	chr3	180574611	180574685	DNA/hAT-Charlie	588	+	37	180574648	11772
chr3	180562876	180762876	harbor1	chr3	180575003	180575275	DNA/hAT-Charlie	588	+	136	180575139	12263
chr3	180562876	180762876	harbor1	chr3	180590699	180591072	DNA/hAT-Charlie	2495	+	186	180590885	28009
chr3	180562876	180762876	harbor1	chr3	180609090	180609314	DNA/hAT-Charlie	889	+	112	180609202	46326
chr3	180562876	180762876	harbor1	chr3	180639125	180639346	DNA/hAT-Charlie	870	+	110	180639235	76359
chr3	104833518	105033518	harbor1	chr3	104853938	104854225	DNA/hAT-Charlie	1412	+	144	104854082	20564
chr3	104833518	105033518	harbor1	chr3	104924335	104924499	DNA/hAT-Charlie	741	+	82	104924417	90899
chr3	175637784	175837784	harbor1	chr3	175719131	175719218	DNA/hAT-Charlie	472	+	44	175719175	81391
chr3	71340676	71540676	harbor1	chr3	71358697	71358916	DNA/hAT-Charlie	1088	+	110	71358807	18131
chr3	71340676	71540676	harbor1	chr3	71379269	71379504	DNA/hAT-Charlie	1152	+	118	71379387	38711
chr3	71340676	71540676	harbor1	chr3	71379505	71379850	DNA/hAT-Charlie	1647	+	172	71379677	39001
chr3	71340676	71540676	harbor1	chr3	71379851	71380031	DNA/hAT-Charlie	1152	+	90	71379941	39265
chr3	71340676	71540676	harbor1	chr3	71405613	71405716	DNA/hAT-Charlie	534	+	52	71405665	64989
chr3	71340676	71540676	harbor1	chr3	71406030	71406089	DNA/hAT-Charlie	534	+	30	71406060	65384
chr3	185276513	185476513	harbor1	chr3	185339386	185339562	DNA/hAT-Charlie	802	+	88	185339474	62961
chr3	185276513	185476513	harbor1	chr3	185341745	185341954	DNA/hAT-Charlie	935	+	104	185341849	65336
chr3	185276513	185476513	harbor1	chr3	185345384	185345913	DNA/hAT-Charlie	3579	+	264	185345648	69135
chr3	194789738	194989738	harbor1	chr3	194823152	194823338	DNA/hAT-Charlie	526	+	93	194823245	33507
chr3	194789738	194989738	harbor1	chr3	194844185	194844329	DNA/hAT-Charlie	577	+	72	194844257	54519
chr3	194789738	194989738	harbor1	chr3	194844642	194844695	DNA/hAT-Charlie	577	+	26	194844668	54930
chr3	194789738	194989738	harbor1	chr3	194851559	194851741	DNA/hAT-Charlie	796	+	91	194851650	61912
chr3	107446626	107646626	harbor1	chr3	107456072	107456209	DNA/hAT-Charlie	713	+	68	107456140	9514
chr3	107446626	107646626	harbor1	chr3	107482816	107482976	DNA/hAT-Charlie	496	+	80	107482896	36270
chr3	107446626	107646626	harbor1	chr3	107486678	107486881	DNA/hAT-Charlie	576	+	102	107486780	40154
chr3	107446626	107646626	harbor1	chr3	107519919	107520015	DNA/hAT-Charlie	411	+	48	107519967	73341
chr3	107446626	107646626	harbor1	chr3	107520165	107520262	DNA/hAT-Charlie	411	+	48	107520213	73587
chr3	140425080	140625080	harbor1	chr3	140430310	140430631	DNA/hAT-Charlie	1397	+	160	140430470	5390
chr3	140425080	140625080	harbor1	chr3	140506714	140506990	DNA/hAT-Charlie	1246	+	138	140506852	81772
chr3	167770839	167970839	harbor1	chr3	167774506	167774847	DNA/hAT-Charlie	2213	+	170	167774676	3837
chr3	167770839	167970839	harbor1	chr3	167781247	167781563	DNA/hAT-Charlie	419	+	158	167781405	10566
chr3	167770839	167970839	harbor1	chr3	167811251	167811355	DNA/hAT-Charlie	534	+	52	167811303	40464
chr3	167770839	167970839	harbor1	chr3	167851899	167852054	DNA/hAT-Charlie	862	+	78	167851977	81138
chr3	191384361	191584361	harbor1	chr3	191402067	191402393	DNA/hAT-Charlie	2017	+	163	191402230	17869
chr3	191384361	191584361	harbor1	chr3	191409344	191409664	DNA/hAT-Charlie	2104	+	160	191409504	25143
chr3	191384361	191584361	harbor1	chr3	191426482	191426640	DNA/hAT-Charlie	623	+	79	191426561	42200
chr3	43722216	43922216	harbor1	chr3	43759789	43759952	DNA/hAT-Charlie	574	+	82	43759871	37655
chr3	43722216	43922216	harbor1	chr3	43773781	43773884	DNA/hAT-Charlie	441	+	52	43773833	51617
chr3	43722216	43922216	harbor1	chr3	43775843	43776089	DNA/hAT-Charlie	539	+	123	43775966	53750
chr3	43722216	43922216	harbor1	chr3	43788894	43789095	DNA/hAT-Charlie	824	+	100	43788994	66778
chr3	43722216	43922216	harbor1	chr3	43821701	43821759	DNA/hAT-Charlie	4319	+	29	43821730	99514
chr3	41915219	42115219	harbor1	chr3	41934073	41934257	DNA/hAT-Charlie	752	+	92	41934165	18946
chr3	41915219	42115219	harbor1	chr3	41939688	41940014	DNA/hAT-Charlie	2166	+	163	41939851	24632
chr3	41915219	42115219	harbor1	chr3	41942077	41942237	DNA/hAT-Charlie	663	+	80	41942157	26938
chr3	41915219	42115219	harbor1	chr3	41942827	41942931	DNA/hAT-Charlie	663	+	52	41942879	27660
chr3	41915219	42115219	harbor1	chr3	41943237	41943343	DNA/hAT-Charlie	663	+	53	41943290	28071
chr3	41915219	42115219	harbor1	chr3	41956721	41956930	DNA/hAT-Charlie	937	+	104	41956825	41606
chr3	41915219	42115219	harbor1	chr3	41961259	41961421	DNA/hAT-Charlie	520	+	81	41961340	46121
chr3	41915219	42115219	harbor1	chr3	41966077	41966104	DNA/hAT-Charlie	457	+	14	41966091	50872
chr3	41915219	42115219	harbor1	chr3	41967057	41967191	DNA/hAT-Charlie	457	+	67	41967124	51905
chr3	41915219	42115219	harbor1	chr3	42004393	42004528	DNA/hAT-Charlie	433	+	68	42004461	89242
chr3	1956276	2156276	harbor1	chr3	1970144	1970259	DNA/hAT-Charlie	896	+	58	1970202	13926
chr3	1956276	2156276	harbor1	chr3	1970546	1970615	DNA/hAT-Charlie	896	+	34	1970580	14304
chr3	1956276	2156276	harbor1	chr3	1971446	1971515	DNA/hAT-Charlie	570	+	34	1971480	15204
chr3	1956276	2156276	harbor1	chr3	1971549	1971616	DNA/hAT-Charlie	570	+	34	1971583	15307
chr3	1956276	2156276	harbor1	chr3	1985228	1985595	DNA/hAT-Charlie	844	+	184	1985412	29136
chr3	1956276	2156276	harbor1	chr3	1994991	1995182	DNA/hAT-Charlie	899	+	96	1995087	38811
chr3	1956276	2156276	harbor1	chr3	2010786	2010925	DNA/hAT-Charlie	400	+	70	2010856	54580
chr3	64601660	64801660	harbor1	chr3	64632078	64632240	DNA/hAT-Charlie	773	+	81	64632159	30499
chr3	64601660	64801660	harbor1	chr3	64636568	64636894	DNA/hAT-Charlie	1304	+	163	64636731	35071
chr3	64601660	64801660	harbor1	chr3	64646238	64646378	DNA/hAT-Charlie	425	+	70	64646308	44648
chr3	64601660	64801660	harbor1	chr3	64651781	64651970	DNA/hAT-Charlie	435	+	94	64651875	50215
chr3	64601660	64801660	harbor1	chr3	64655015	64655247	DNA/hAT-Charlie	585	+	116	64655131	53471
chr3	64601660	64801660	harbor1	chr3	64655284	64655485	DNA/hAT-Charlie	1050	+	100	64655384	53724
chr3	64601660	64801660	harbor1	chr3	64657137	64657337	DNA/hAT-Charlie	989	+	100	64657237	55577
chr3	64601660	64801660	harbor1	chr3	64657638	64657761	DNA/hAT-Charlie	989	+	62	64657700	56040
chr3	64601660	64801660	harbor1	chr3	64659827	64659977	DNA/hAT-Charlie	618	+	75	64659902	58242
chr3	64601660	64801660	harbor1	chr3	64682679	64682836	DNA/hAT-Charlie	595	+	78	64682757	81097
chr3	64601660	64801660	harbor1	chr3	64700804	64700988	DNA/hAT-Charlie	416	+	92	64700896	99236
chr3	39331501	39531501	harbor1	chr3	39394633	39394792	DNA/hAT-Charlie	600	+	80	39394713	63212
chr3	115276941	115476941	harbor1	chr3	115321121	115321256	DNA/hAT-Charlie	647	+	68	115321189	44248
chr3	115276941	115476941	harbor1	chr3	115321435	115321538	DNA/hAT-Charlie	425	+	52	115321487	44546
chr3	115276941	115476941	harbor1	chr3	115345416	115345544	DNA/hAT-Charlie	568	+	64	115345480	68539
chr3	120079912	120279912	harbor1	chr3	120082305	120082385	DNA/hAT-Charlie	1182	+	40	120082345	2433
chr3	120079912	120279912	harbor1	chr3	120082694	120082956	DNA/hAT-Charlie	1182	+	131	120082825	2913
chr3	120079912	120279912	harbor1	chr3	120117812	120118019	DNA/hAT-Charlie	855	+	104	120117916	38004
chr3	120079912	120279912	harbor1	chr3	120118149	120118321	DNA/hAT-Charlie	1670	+	86	120118235	38323
chr3	120079912	120279912	harbor1	chr3	120118633	120119067	DNA/hAT-Charlie	1670	+	217	120118850	38938
chr3	120079912	120279912	harbor1	chr3	120169085	120169414	DNA/hAT-Charlie	2250	+	164	120169249	89337
chr3	143883951	144083951	harbor1	chr3	143884488	143884537	DNA/hAT-Charlie	958	+	24	143884512	561
chr3	143883951	144083951	harbor1	chr3	143889029	143889207	DNA/hAT-Charlie	688	+	89	143889118	5167
chr3	143883951	144083951	harbor1	chr3	143928246	143928391	DNA/hAT-Charlie	401	+	72	143928318	44367
chr3	143883951	144083951	harbor1	chr3	143949128	143949283	DNA/hAT-Charlie	666	+	78	143949206	65255
chr3	143883951	144083951	harbor1	chr3	143959778	143960703	DNA/hAT-Charlie	3734	+	462	143960240	76289
chr3	143883951	144083951	harbor1	chr3	143961004	143961276	DNA/hAT-Charlie	3734	+	136	143961140	77189
chr3	143883951	144083951	harbor1	chr3	143968076	143968578	DNA/hAT-Charlie	1133	+	251	143968327	84376
chr3	143883951	144083951	harbor1	chr3	143968801	143968873	DNA/hAT-Charlie	1133	+	36	143968837	84886
chr3	143883951	144083951	harbor1	chr3	143969144	143969299	DNA/hAT-Charlie	487	+	78	143969222	85271
chr3	143883951	144083951	harbor1	chr3	143884121	143884358	DNA/hAT-Charlie	958	+	118	143884239	288
chr3	125456918	125656918	harbor1	chr3	125472453	125472631	DNA/hAT-Charlie	419	+	89	125472542	15624
chr3	125456918	125656918	harbor1	chr3	125534726	125534923	DNA/hAT-Charlie	878	+	98	125534824	77906
chr3	56417541	56617541	harbor1	chr3	56431779	56432063	DNA/hAT-Charlie	659	+	142	56431921	14380
chr3	56417541	56617541	harbor1	chr3	56444940	56445282	DNA/hAT-Charlie	1000	+	171	56445111	27570
chr3	56417541	56617541	harbor1	chr3	56452198	56452666	DNA/hAT-Charlie	1065	+	234	56452432	34891
chr3	56417541	56617541	harbor1	chr3	56512163	56512364	DNA/hAT-Charlie	1096	+	100	56512263	94722
chr3	56417541	56617541	harbor1	chr3	56508376	56508518	DNA/hAT-Charlie	707	+	71	56508447	90906
chr3	31198167	31398167	harbor1	chr3	31219944	31220121	DNA/hAT-Charlie	423	+	88	31220032	21865
chr3	31198167	31398167	harbor1	chr3	31226190	31226327	DNA/hAT-Charlie	888	+	68	31226258	28091
chr3	31198167	31398167	harbor1	chr3	31238773	31238897	DNA/hAT-Charlie	763	+	62	31238835	40668
chr3	31198167	31398167	harbor1	chr3	31239530	31239687	DNA/hAT-Charlie	438	+	78	31239608	41441
chr3	31198167	31398167	harbor1	chr3	31246582	31246837	DNA/hAT-Charlie	1128	+	128	31246710	48543
chr3	31198167	31398167	harbor1	chr3	31251504	31251692	DNA/hAT-Charlie	911	+	94	31251598	53431
chr3	31198167	31398167	harbor1	chr3	31262266	31262493	DNA/hAT-Charlie	726	+	114	31262380	64213
chr3	31198167	31398167	harbor1	chr3	31276248	31276593	DNA/hAT-Charlie	1223	+	172	31276420	78253
chr3	31198167	31398167	harbor1	chr3	31276566	31276790	DNA/hAT-Charlie	997	+	112	31276678	78511
chr3	31198167	31398167	harbor1	chr3	31281736	31281926	DNA/hAT-Charlie	709	+	95	31281831	83664
chr3	31198167	31398167	harbor1	chr3	31283838	31284039	DNA/hAT-Charlie	983	+	100	31283938	85771
chr3	36289477	36489477	harbor1	chr3	36301652	36301976	DNA/hAT-Charlie	1511	+	162	36301814	12337
chr3	71599523	71799523	harbor1	chr3	71611318	71611540	DNA/hAT-Charlie	1396	+	111	71611429	11906
chr3	71599523	71799523	harbor1	chr3	71623969	71624041	DNA/hAT-Charlie	608	+	36	71624005	24482
chr3	71599523	71799523	harbor1	chr3	71624376	71624472	DNA/hAT-Charlie	608	+	48	71624424	24901
chr3	71599523	71799523	harbor1	chr3	71634894	71635158	DNA/hAT-Charlie	1323	+	132	71635026	35503
chr3	71599523	71799523	harbor1	chr3	71650538	71650781	DNA/hAT-Charlie	558	+	122	71650660	51137
chr3	71599523	71799523	harbor1	chr3	71659937	71660103	DNA/hAT-Charlie	513	+	83	71660020	60497
chr3	71599523	71799523	harbor1	chr3	71680243	71680408	DNA/hAT-Charlie	423	+	82	71680325	80802
chr3	86915125	87115125	harbor1	chr3	86964005	86964342	DNA/hAT-Charlie	1162	+	168	86964173	49048
chr3	86915125	87115125	harbor1	chr3	87001307	87001455	DNA/hAT-Charlie	633	+	74	87001381	86256
chr3	116153669	116353669	harbor1	chr3	116160938	116160985	DNA/hAT-Charlie	996	+	24	116160962	7293
chr3	81830726	82030726	harbor1	chr3	81866426	81866442	DNA/hAT-Charlie	428	+	8	81866434	35708
chr3	81830726	82030726	harbor1	chr3	81867261	81867395	DNA/hAT-Charlie	428	+	67	81867328	36602
chr3	81830726	82030726	harbor1	chr3	81885640	81885866	DNA/hAT-Charlie	998	+	113	81885753	55027
chr3	81830726	82030726	harbor1	chr3	81889938	81890098	DNA/hAT-Charlie	568	+	80	81890018	59292
chr3	2208237	2408237	harbor1	chr3	2243425	2243620	DNA/hAT-Charlie	1224	+	98	2243523	35286
chr3	2208237	2408237	harbor1	chr3	2244382	2244686	DNA/hAT-Charlie	1206	+	152	2244534	36297
chr3	2208237	2408237	harbor1	chr3	2228192	2228517	DNA/hAT-Charlie	1243	+	162	2228354	20117
chr3	26127294	26327294	harbor1	chr3	26147472	26147615	DNA/hAT-Charlie	551	+	72	26147544	20250
chr3	26127294	26327294	harbor1	chr3	26225103	26225246	DNA/hAT-Charlie	409	+	72	26225175	97881
chr3	26127294	26327294	harbor1	chr3	26226321	26226461	DNA/hAT-Charlie	550	+	70	26226391	99097
chr3	146633647	146833647	harbor1	chr3	146643540	146643769	DNA/hAT-Charlie	1106	+	114	146643654	10007
chr3	146633647	146833647	harbor1	chr3	146644122	146644240	DNA/hAT-Charlie	1106	+	59	146644181	10534
chr3	146633647	146833647	harbor1	chr3	146702385	146702694	DNA/hAT-Charlie	1641	+	154	146702539	68892
chr3	195890869	196090869	harbor1	chr3	195890728	195891118	DNA/hAT-Charlie	857	+	195	195890923	54
chr3	129959240	130159240	harbor1	chr3	129985901	129986327	DNA/hAT-Charlie	1651	+	213	129986114	26874
chr3	129959240	130159240	harbor1	chr3	129993822	129993992	DNA/hAT-Charlie	854	+	85	129993907	34667
chr3	129959240	130159240	harbor1	chr3	129999270	129999459	DNA/hAT-Charlie	683	+	94	129999364	40124
chr3	142238269	142438269	harbor1	chr3	142319189	142319357	DNA/hAT-Charlie	853	+	84	142319273	81004
chr3	142238269	142438269	harbor1	chr3	142322130	142322217	DNA/hAT-Charlie	397	+	44	142322174	83905
chr3	142238269	142438269	harbor1	chr3	142323482	142323695	DNA/hAT-Charlie	591	+	106	142323588	85319
chr3	142238269	142438269	harbor1	chr3	142323811	142323844	DNA/hAT-Charlie	591	+	16	142323827	85558
chr3	142238269	142438269	harbor1	chr3	142329061	142329173	DNA/hAT-Charlie	448	+	56	142329117	90848
chr3	142238269	142438269	harbor1	chr3	142333480	142333583	DNA/hAT-Charlie	631	+	52	142333532	95263
chr3	142238269	142438269	harbor1	chr3	142334050	142334199	DNA/hAT-Charlie	461	+	74	142334124	95855
chr3	56183057	56383057	harbor1	chr3	56210931	56211065	DNA/hAT-Charlie	569	+	67	56210998	27941
chr3	56183057	56383057	harbor1	chr3	56241825	56242038	DNA/hAT-Charlie	863	+	106	56241931	58874
chr3	56183057	56383057	harbor1	chr3	56255820	56255978	DNA/hAT-Charlie	669	+	79	56255899	72842
chr3	56183057	56383057	harbor1	chr3	56274035	56274378	DNA/hAT-Charlie	2034	+	172	56274207	91150
chr3	56183057	56383057	harbor1	chr3	56275754	56275974	DNA/hAT-Charlie	1024	+	110	56275864	92807
chr3	126091217	126291217	harbor1	chr3	126156070	126156249	DNA/hAT-Charlie	666	+	90	126156160	64943
chr3	112534884	112734884	harbor1	chr3	112547089	112547285	DNA/hAT-Charlie	960	+	98	112547187	12303
chr3	112534884	112734884	harbor1	chr3	112568538	112568716	DNA/hAT-Charlie	409	+	89	112568627	33743
chr3	2880676	3080676	harbor1	chr3	2909499	2909670	DNA/hAT-Charlie	540	+	86	2909585	28909
chr3	2880676	3080676	harbor1	chr3	2936698	2937043	DNA/hAT-Charlie	1425	+	172	2936870	56194
chr3	2880676	3080676	harbor1	chr3	2946593	2946693	DNA/hAT-Charlie	537	+	50	2946643	65967
chr3	2880676	3080676	harbor1	chr3	2947006	2947289	DNA/hAT-Charlie	537	+	142	2947148	66472
chr3	2880676	3080676	harbor1	chr3	2973927	2974283	DNA/hAT-Charlie	777	+	178	2974105	93429
chr3	2880676	3080676	harbor1	chr3	2965351	2965547	DNA/hAT-Charlie	833	+	98	2965449	84773
chr3	89994876	90194876	harbor1	chr3	90018373	90018594	DNA/hAT-Charlie	745	+	110	90018483	23607
chr3	59736139	59936139	harbor1	chr3	59747948	59748330	DNA/hAT-Charlie	963	+	191	59748139	12000
chr3	59736139	59936139	harbor1	chr3	59758484	59758590	DNA/hAT-Charlie	423	+	53	59758537	22398
chr3	59736139	59936139	harbor1	chr3	59758635	59758800	DNA/hAT-Charlie	411	+	82	59758717	22578
chr3	59736139	59936139	harbor1	chr3	59773797	59774099	DNA/hAT-Charlie	1270	+	151	59773948	37809
chr3	59736139	59936139	harbor1	chr3	59774142	59774359	DNA/hAT-Charlie	1135	+	108	59774250	38111
chr3	59736139	59936139	harbor1	chr3	59774892	59775056	DNA/hAT-Charlie	990	+	82	59774974	38835
chr3	59736139	59936139	harbor1	chr3	59784539	59784847	DNA/hAT-Charlie	899	+	154	59784693	48554
chr3	59736139	59936139	harbor1	chr3	59785244	59785312	DNA/hAT-Charlie	899	+	34	59785278	49139
chr3	59736139	59936139	harbor1	chr3	59785618	59785747	DNA/hAT-Charlie	899	+	64	59785682	49543
chr3	59736139	59936139	harbor1	chr3	59812020	59812240	DNA/hAT-Charlie	1003	+	110	59812130	75991
chr3	59736139	59936139	harbor1	chr3	59820509	59820721	DNA/hAT-Charlie	1095	+	106	59820615	84476
chr3	26450645	26650645	harbor1	chr3	26462143	26462317	DNA/hAT-Charlie	620	+	87	26462230	11585
chr3	26450645	26650645	harbor1	chr3	26481082	26481672	DNA/hAT-Charlie	1960	+	295	26481377	30732
chr3	26450645	26650645	harbor1	chr3	26482107	26482340	DNA/hAT-Charlie	1960	+	116	26482223	31578
chr3	26450645	26650645	harbor1	chr3	26490776	26490951	DNA/hAT-Charlie	713	+	88	26490864	40219
chr3	26450645	26650645	harbor1	chr3	26539806	26539971	DNA/hAT-Charlie	557	+	82	26539888	89243
chr4	87690445	87890445	harbor1	chr4	87690320	87690633	DNA/hAT-Charlie	1785	+	156	87690476	31
chr4	87690445	87890445	harbor1	chr4	87727774	87727805	DNA/hAT-Charlie	442	+	16	87727790	37345
chr4	87690445	87890445	harbor1	chr4	87728194	87728383	DNA/hAT-Charlie	442	+	94	87728288	37843
chr4	87690445	87890445	harbor1	chr4	87762933	87763417	DNA/hAT-Charlie	2691	+	242	87763175	72730
chr4	87690445	87890445	harbor1	chr4	87787435	87787557	DNA/hAT-Charlie	658	+	61	87787496	97051
chr4	19465923	19665923	harbor1	chr4	19476568	19477051	DNA/hAT-Charlie	2817	+	242	19476810	10887
chr4	19465923	19665923	harbor1	chr4	19490709	19490896	DNA/hAT-Charlie	1366	+	94	19490803	24880
chr4	19465923	19665923	harbor1	chr4	19513429	19513646	DNA/hAT-Charlie	926	+	108	19513537	47614
chr4	167327796	167527796	harbor1	chr4	167416198	167416365	DNA/hAT-Charlie	825	+	84	167416282	88486
chr4	87152883	87352883	harbor1	chr4	87166585	87166732	DNA/hAT-Charlie	494	+	74	87166659	13776
chr4	87152883	87352883	harbor1	chr4	87238362	87238405	DNA/hAT-Charlie	623	+	22	87238384	85501
chr4	87152883	87352883	harbor1	chr4	87238514	87238679	DNA/hAT-Charlie	623	+	82	87238596	85713
chr4	67892792	68092792	harbor1	chr4	67908541	67908782	DNA/hAT-Charlie	572	+	120	67908661	15869
chr4	67892792	68092792	harbor1	chr4	67909082	67909283	DNA/hAT-Charlie	994	+	100	67909182	16390
chr4	67892792	68092792	harbor1	chr4	67989290	67989511	DNA/hAT-Charlie	723	+	110	67989400	96608
chr4	67892792	68092792	harbor1	chr4	67989982	67990202	DNA/hAT-Charlie	910	+	110	67990092	97300
chr4	117755301	117955301	harbor1	chr4	117794666	117794842	DNA/hAT-Charlie	489	+	88	117794754	39453
chr4	117755301	117955301	harbor1	chr4	117811980	117812187	DNA/hAT-Charlie	474	+	104	117812084	56783
chr4	84576701	84776701	harbor1	chr4	84662581	84663560	DNA/hAT-Charlie	3273	+	490	84663071	86370
chr4	84576701	84776701	harbor1	chr4	84667563	84667718	DNA/hAT-Charlie	1238	+	78	84667641	90940
chr4	84576701	84776701	harbor1	chr4	84668009	84668226	DNA/hAT-Charlie	1238	+	108	84668117	91416
chr4	81360392	81560392	harbor1	chr4	81425935	81426068	DNA/hAT-Charlie	529	+	66	81426001	65609
chr4	81360392	81560392	harbor1	chr4	81437161	81437353	DNA/hAT-Charlie	678	+	96	81437257	76865
chr4	182489796	182689796	harbor1	chr4	182519046	182519356	DNA/hAT-Charlie	1114	+	155	182519201	29405
chr4	182489796	182689796	harbor1	chr4	182569944	182570072	DNA/hAT-Charlie	611	+	64	182570008	80212
chr4	186071309	186271309	harbor1	chr4	186118286	186118574	DNA/hAT-Charlie	777	+	144	186118430	47121
chr4	186071309	186271309	harbor1	chr4	186134990	186135163	DNA/hAT-Charlie	637	+	86	186135076	63767
chr4	186071309	186271309	harbor1	chr4	186141259	186141490	DNA/hAT-Charlie	990	+	116	186141375	70066
chr4	171701926	171901926	harbor1	chr4	171713512	171713774	DNA/hAT-Charlie	934	+	131	171713643	11717
chr4	53204913	53404913	harbor1	chr4	53210320	53210693	DNA/hAT-Charlie	1824	+	186	53210506	5593
chr4	53204913	53404913	harbor1	chr4	53211798	53211930	DNA/hAT-Charlie	759	+	66	53211864	6951
chr4	127025380	127225380	harbor1	chr4	127121838	127122056	DNA/hAT-Charlie	1112	+	109	127121947	96567
chr4	31741690	31941690	harbor1	chr4	31786078	31786606	DNA/hAT-Charlie	3312	+	264	31786342	44652
chr4	66816175	67016175	harbor1	chr4	66912781	66912962	DNA/hAT-Charlie	835	+	90	66912871	96696
chr4	173923504	174123504	harbor1	chr4	173932154	173932458	DNA/hAT-Charlie	1600	+	152	173932306	8802
chr4	74189706	74389706	harbor1	chr4	74216285	74216460	DNA/hAT-Charlie	469	+	88	74216373	26667
chr4	74189706	74389706	harbor1	chr4	74244477	74244912	DNA/hAT-Charlie	2222	+	218	74244695	54989
chr4	74189706	74389706	harbor1	chr4	74245223	74245429	DNA/hAT-Charlie	2222	+	103	74245326	55620
chr4	74189706	74389706	harbor1	chr4	74277954	74278140	DNA/hAT-Charlie	751	+	93	74278047	88341
chr4	33702504	33902504	harbor1	chr4	33749763	33750086	DNA/hAT-Charlie	791	+	162	33749925	47421
chr4	33702504	33902504	harbor1	chr4	33750283	33750582	DNA/hAT-Charlie	1092	+	150	33750433	47929
chr4	86810336	87010336	harbor1	chr4	86878110	86878342	DNA/hAT-Charlie	415	+	116	86878226	67890
chr4	148201865	148401865	harbor1	chr4	148219438	148219926	DNA/hAT-Charlie	1302	+	244	148219682	17817
chr4	172651186	172851186	harbor1	chr4	172661995	172662136	DNA/hAT-Charlie	666	+	70	172662065	10879
chr4	172651186	172851186	harbor1	chr4	172716079	172716275	DNA/hAT-Charlie	503	+	98	172716177	64991
chr4	89605590	89805590	harbor1	chr4	89688875	89688941	DNA/hAT-Charlie	797	+	33	89688908	83318
chr4	89605590	89805590	harbor1	chr4	89689435	89689573	DNA/hAT-Charlie	797	+	69	89689504	83914
chr4	3428470	3628470	harbor1	chr4	3470631	3470826	DNA/hAT-Charlie	581	+	98	3470729	42259
chr4	3428470	3628470	harbor1	chr4	3471936	3472114	DNA/hAT-Charlie	514	+	89	3472025	43555
chr4	174662017	174862017	harbor1	chr4	174686988	174687967	DNA/hAT-Charlie	3561	+	490	174687478	25461
chr4	174662017	174862017	harbor1	chr4	174751751	174751976	DNA/hAT-Charlie	783	+	112	174751863	89846
chr4	22340424	22540424	harbor1	chr4	22432178	22432368	DNA/hAT-Charlie	415	+	95	22432273	91849
chr4	114921141	115121141	harbor1	chr4	114968848	114969016	DNA/hAT-Charlie	614	+	84	114968932	47791
chr4	88909884	89109884	harbor1	chr4	88947905	88948054	DNA/hAT-Charlie	658	+	74	88947979	38095
chr4	76221191	76421191	harbor1	chr4	76223544	76223703	DNA/hAT-Charlie	663	+	80	76223624	2433
chr4	76221191	76421191	harbor1	chr4	76242606	76242924	DNA/hAT-Charlie	1421	+	159	76242765	21574
chr4	76221191	76421191	harbor1	chr4	76275853	76276037	DNA/hAT-Charlie	1035	+	92	76275945	54754
chr4	76221191	76421191	harbor1	chr4	76276070	76276132	DNA/hAT-Charlie	1035	+	31	76276101	54910
chr4	76221191	76421191	harbor1	chr4	76304212	76304367	DNA/hAT-Charlie	935	+	78	76304290	83099
chr4	14977091	15177091	harbor1	chr4	14980891	14981037	DNA/hAT-Charlie	597	+	73	14980964	3873
chr4	14977091	15177091	harbor1	chr4	14981347	14981409	DNA/hAT-Charlie	597	+	31	14981378	4287
chr4	14977091	15177091	harbor1	chr4	14990329	14990433	DNA/hAT-Charlie	467	+	52	14990381	13290
chr4	14977091	15177091	harbor1	chr4	15015089	15015266	DNA/hAT-Charlie	966	+	88	15015177	38086
chr4	14977091	15177091	harbor1	chr4	15044156	15044374	DNA/hAT-Charlie	793	+	109	15044265	67174
chr4	14977091	15177091	harbor1	chr4	15050098	15050404	DNA/hAT-Charlie	2164	+	153	15050251	73160
chr4	14977091	15177091	harbor1	chr4	15058678	15059017	DNA/hAT-Charlie	2190	+	170	15058848	81757
chr4	24634283	24834283	harbor1	chr4	24637208	24637467	DNA/hAT-Charlie	1571	+	130	24637338	3055
chr4	24634283	24834283	harbor1	chr4	24638758	24639041	DNA/hAT-Charlie	804	+	142	24638900	4617
chr4	24634283	24834283	harbor1	chr4	24651829	24652049	DNA/hAT-Charlie	1141	+	110	24651939	17656
chr4	24634283	24834283	harbor1	chr4	24654524	24654780	DNA/hAT-Charlie	674	+	128	24654652	20369
chr4	24634283	24834283	harbor1	chr4	24661781	24661931	DNA/hAT-Charlie	630	+	75	24661856	27573
chr4	24634283	24834283	harbor1	chr4	24666339	24666544	DNA/hAT-Charlie	978	+	102	24666441	32158
chr4	24634283	24834283	harbor1	chr4	24674878	24675094	DNA/hAT-Charlie	1524	+	108	24674986	40703
chr4	24634283	24834283	harbor1	chr4	24675393	24675584	DNA/hAT-Charlie	1524	+	96	24675489	41206
chr4	24634283	24834283	harbor1	chr4	24677633	24677824	DNA/hAT-Charlie	915	+	96	24677729	43446
chr4	24634283	24834283	harbor1	chr4	24684926	24685094	DNA/hAT-Charlie	753	+	84	24685010	50727
chr4	24634283	24834283	harbor1	chr4	24724209	24724444	DNA/hAT-Charlie	666	+	118	24724327	90044
chr4	24634283	24834283	harbor1	chr4	24724768	24724908	DNA/hAT-Charlie	666	+	70	24724838	90555
chr4	24634283	24834283	harbor1	chr4	24731565	24731774	DNA/hAT-Charlie	1111	+	104	24731669	97386
chr4	24634283	24834283	harbor1	chr4	24723181	24723924	DNA/hAT-Charlie	1645	+	372	24723553	89270
chr4	70728805	70928805	harbor1	chr4	70759802	70760020	DNA/hAT-Charlie	601	+	109	70759911	31106
chr4	122482770	122682770	harbor1	chr4	122547588	122547759	DNA/hAT-Charlie	495	+	86	122547674	64904
chr4	122482770	122682770	harbor1	chr4	122577982	122578296	DNA/hAT-Charlie	572	+	157	122578139	95369
chr4	171028070	171228070	harbor1	chr4	171076117	171076296	DNA/hAT-Charlie	563	+	90	171076207	48137
chr4	171028070	171228070	harbor1	chr4	171094476	171095064	DNA/hAT-Charlie	457	+	294	171094770	66700
chr4	52664284	52864284	harbor1	chr4	52664376	52664485	DNA/hAT-Charlie	575	+	54	52664430	146
chr4	52664284	52864284	harbor1	chr4	52675759	52676049	DNA/hAT-Charlie	651	+	145	52675904	11620
chr4	52664284	52864284	harbor1	chr4	52726483	52726558	DNA/hAT-Charlie	413	+	38	52726521	62237
chr4	52664284	52864284	harbor1	chr4	52729369	52729452	DNA/hAT-Charlie	416	+	42	52729411	65127
chr4	52664284	52864284	harbor1	chr4	52731482	52731659	DNA/hAT-Charlie	678	+	88	52731570	67286
chr4	111728081	111928081	harbor1	chr4	111788976	111789125	DNA/hAT-Charlie	570	+	74	111789050	60969
chr4	111728081	111928081	harbor1	chr4	111802327	111802527	DNA/hAT-Charlie	744	+	100	111802427	74346
chr4	111728081	111928081	harbor1	chr4	111821061	111821251	DNA/hAT-Charlie	430	+	95	111821156	93075
chr4	121032894	121232894	harbor1	chr4	121039494	121039670	DNA/hAT-Charlie	670	+	88	121039582	6688
chr4	121032894	121232894	harbor1	chr4	121075822	121077194	DNA/hAT-Charlie	6344	+	686	121076508	43614
chr4	145326562	145526562	harbor1	chr4	145353445	145353741	DNA/hAT-Charlie	1886	+	148	145353593	27031
chr4	145326562	145526562	harbor1	chr4	145416925	145417082	DNA/hAT-Charlie	577	+	78	145417003	90441
chr4	630657	830657	harbor1	chr4	675665	675972	DNA/hAT-Charlie	1471	+	154	675819	45162
chr4	62636841	62836841	harbor1	chr4	62642125	62642415	DNA/hAT-Charlie	1114	+	145	62642270	5429
chr4	9586484	9786484	harbor1	chr4	9599025	9599141	DNA/hAT-Charlie	1176	+	58	9599083	12599
chr4	9586484	9786484	harbor1	chr4	9599519	9599631	DNA/hAT-Charlie	1176	+	56	9599575	13091
chr4	9586484	9786484	harbor1	chr4	9669114	9669622	DNA/hAT-Charlie	3135	+	254	9669368	82884
chr4	9586484	9786484	harbor1	chr4	9669639	9669787	DNA/hAT-Charlie	804	+	74	9669713	83229
chr4	9586484	9786484	harbor1	chr4	9670087	9670154	DNA/hAT-Charlie	804	+	34	9670121	83637
chr4	24602274	24802274	harbor1	chr4	24637208	24637467	DNA/hAT-Charlie	1571	+	130	24637338	35064
chr4	24602274	24802274	harbor1	chr4	24638758	24639041	DNA/hAT-Charlie	804	+	142	24638900	36626
chr4	24602274	24802274	harbor1	chr4	24651829	24652049	DNA/hAT-Charlie	1141	+	110	24651939	49665
chr4	24602274	24802274	harbor1	chr4	24654524	24654780	DNA/hAT-Charlie	674	+	128	24654652	52378
chr4	24602274	24802274	harbor1	chr4	24661781	24661931	DNA/hAT-Charlie	630	+	75	24661856	59582
chr4	24602274	24802274	harbor1	chr4	24666339	24666544	DNA/hAT-Charlie	978	+	102	24666441	64167
chr4	24602274	24802274	harbor1	chr4	24674878	24675094	DNA/hAT-Charlie	1524	+	108	24674986	72712
chr4	24602274	24802274	harbor1	chr4	24675393	24675584	DNA/hAT-Charlie	1524	+	96	24675489	73215
chr4	24602274	24802274	harbor1	chr4	24677633	24677824	DNA/hAT-Charlie	915	+	96	24677729	75455
chr4	24602274	24802274	harbor1	chr4	24684926	24685094	DNA/hAT-Charlie	753	+	84	24685010	82736
chr4	99524279	99724279	harbor1	chr4	99599116	99599341	DNA/hAT-Charlie	467	+	112	99599228	74949
chr4	16404468	16604468	harbor1	chr4	16418536	16418732	DNA/hAT-Charlie	936	+	98	16418634	14166
chr4	16404468	16604468	harbor1	chr4	16428873	16429083	DNA/hAT-Charlie	970	+	105	16428978	24510
chr4	16404468	16604468	harbor1	chr4	16434106	16434344	DNA/hAT-Charlie	677	+	119	16434225	29757
chr4	16404468	16604468	harbor1	chr4	16463870	16463959	DNA/hAT-Charlie	407	+	44	16463914	59446
chr4	16404468	16604468	harbor1	chr4	16483698	16484030	DNA/hAT-Charlie	1341	+	166	16483864	79396
chr4	44527873	44727873	harbor1	chr4	44529947	44530082	DNA/hAT-Charlie	546	+	68	44530015	2142
chr4	44527873	44727873	harbor1	chr4	44548516	44548611	DNA/hAT-Charlie	942	+	48	44548564	20691
chr4	44527873	44727873	harbor1	chr4	44548923	44549176	DNA/hAT-Charlie	1120	+	126	44549049	21176
chr4	32934290	33134290	harbor1	chr4	32989439	32989629	DNA/hAT-Charlie	890	+	95	32989534	55244
chr4	32934290	33134290	harbor1	chr4	32989820	32989981	DNA/hAT-Charlie	565	+	80	32989900	55610
chr4	12388433	12588433	harbor1	chr4	12404197	12404386	DNA/hAT-Charlie	549	+	94	12404291	15858
chr4	27699988	27899988	harbor1	chr4	27754676	27754847	DNA/hAT-Charlie	640	+	86	27754762	54774
chr4	27699988	27899988	harbor1	chr4	27754858	27755053	DNA/hAT-Charlie	412	+	98	27754956	54968
chr4	37503265	37703265	harbor1	chr4	37516203	37516345	DNA/hAT-Charlie	498	+	71	37516274	13009
chr4	37503265	37703265	harbor1	chr4	37542539	37542743	DNA/hAT-Charlie	1071	+	102	37542641	39376
chr4	37503265	37703265	harbor1	chr4	37558414	37558489	DNA/hAT-Charlie	438	+	38	37558452	55187
chr4	134887308	135087308	harbor1	chr4	134917545	134917813	DNA/hAT-Charlie	755	+	134	134917679	30371
chr4	134887308	135087308	harbor1	chr4	134918243	134918627	DNA/hAT-Charlie	755	+	192	134918435	31127
chr5	167109941	167309941	harbor1	chr5	167132673	167132935	DNA/hAT-Charlie	921	+	131	167132804	22863
chr5	167109941	167309941	harbor1	chr5	167160994	167161299	DNA/hAT-Charlie	744	+	152	167161146	51205
chr5	114406406	114606406	harbor1	chr5	114419181	114419376	DNA/hAT-Charlie	907	+	98	114419279	12873
chr5	114406406	114606406	harbor1	chr5	114436787	114436986	DNA/hAT-Charlie	920	+	100	114436887	30481
chr5	114406406	114606406	harbor1	chr5	114450779	114451008	DNA/hAT-Charlie	538	+	114	114450893	44487
chr5	114406406	114606406	harbor1	chr5	114452583	114452747	DNA/hAT-Charlie	539	+	82	114452665	46259
chr5	114406406	114606406	harbor1	chr5	114499707	114499999	DNA/hAT-Charlie	2044	+	146	114499853	93447
chr5	114406406	114606406	harbor1	chr5	114500001	114500181	DNA/hAT-Charlie	1244	+	90	114500091	93685
chr5	44727948	44927948	harbor1	chr5	44798783	44799130	DNA/hAT-Charlie	2204	+	174	44798957	71009
chr5	44727948	44927948	harbor1	chr5	44819125	44819356	DNA/hAT-Charlie	622	+	116	44819241	91293
chr5	9059748	9259748	harbor1	chr5	9149171	9149307	DNA/hAT-Charlie	525	+	68	9149239	89491
chr5	148364371	148564371	harbor1	chr5	148364428	148364622	DNA/hAT-Charlie	775	+	97	148364525	154
chr5	148364371	148564371	harbor1	chr5	148365007	148365303	DNA/hAT-Charlie	506	+	148	148365155	784
chr5	148364371	148564371	harbor1	chr5	148386395	148386543	DNA/hAT-Charlie	416	+	74	148386469	22098
chr5	148364371	148564371	harbor1	chr5	148405233	148405471	DNA/hAT-Charlie	834	+	119	148405352	40981
chr5	148364371	148564371	harbor1	chr5	148452401	148452602	DNA/hAT-Charlie	1016	+	100	148452501	88130
chr5	177550980	177750980	harbor1	chr5	177614246	177614573	DNA/hAT-Charlie	2099	+	164	177614410	63430
chr5	95433082	95633082	harbor1	chr5	95446016	95446164	DNA/hAT-Charlie	794	+	74	95446090	13008
chr5	95433082	95633082	harbor1	chr5	95447759	95447861	DNA/hAT-Charlie	477	+	51	95447810	14728
chr5	95433082	95633082	harbor1	chr5	95495694	95495860	DNA/hAT-Charlie	734	+	83	95495777	62695
chr5	65624972	65824972	harbor1	chr5	65640109	65640255	DNA/hAT-Charlie	741	+	73	65640182	15210
chr5	65624972	65824972	harbor1	chr5	65640388	65640576	DNA/hAT-Charlie	938	+	94	65640482	15510
chr5	65624972	65824972	harbor1	chr5	65673343	65673648	DNA/hAT-Charlie	1696	+	152	65673495	48523
chr5	65624972	65824972	harbor1	chr5	65693871	65694076	DNA/hAT-Charlie	1071	+	102	65693973	69001
chr5	50410718	50610718	harbor1	chr5	50422198	50422416	DNA/hAT-Charlie	470	+	109	50422307	11589
chr5	50410718	50610718	harbor1	chr5	50424663	50424848	DNA/hAT-Charlie	808	+	92	50424755	14037
chr5	50410718	50610718	harbor1	chr5	50433580	50433689	DNA/hAT-Charlie	562	+	54	50433634	22916
chr5	50410718	50610718	harbor1	chr5	50434182	50434282	DNA/hAT-Charlie	518	+	50	50434232	23514
chr5	50410718	50610718	harbor1	chr5	50439017	50439191	DNA/hAT-Charlie	488	+	87	50439104	28386
chr5	50410718	50610718	harbor1	chr5	50444660	50444834	DNA/hAT-Charlie	434	+	87	50444747	34029
chr5	112039980	112239980	harbor1	chr5	112058281	112058426	DNA/hAT-Charlie	413	+	72	112058353	18373
chr5	112039980	112239980	harbor1	chr5	112058446	112058615	DNA/hAT-Charlie	860	+	84	112058530	18550
chr5	112039980	112239980	harbor1	chr5	112101937	112102077	DNA/hAT-Charlie	744	+	70	112102007	62027
chr5	112039980	112239980	harbor1	chr5	112103886	112104035	DNA/hAT-Charlie	688	+	74	112103960	63980
chr5	112039980	112239980	harbor1	chr5	112116037	112116360	DNA/hAT-Charlie	933	+	162	112116199	76219
chr5	96697633	96897633	harbor1	chr5	96730306	96730604	DNA/hAT-Charlie	841	+	149	96730455	32822
chr5	96697633	96897633	harbor1	chr5	96733019	96733174	DNA/hAT-Charlie	401	+	78	96733097	35464
chr5	70055089	70255089	harbor1	chr5	70141574	70141769	DNA/hAT-Charlie	861	+	98	70141672	86583
chr5	177516851	177716851	harbor1	chr5	177544397	177544851	DNA/hAT-Charlie	2149	+	227	177544624	27773
chr5	177516851	177716851	harbor1	chr5	177544851	177545051	DNA/hAT-Charlie	1736	+	100	177544951	28100
chr5	177516851	177716851	harbor1	chr5	177545344	177545555	DNA/hAT-Charlie	1736	+	106	177545450	28599
chr5	177516851	177716851	harbor1	chr5	177614246	177614573	DNA/hAT-Charlie	2099	+	164	177614410	97559
chr5	114862092	115062092	harbor1	chr5	114885782	114885960	DNA/hAT-Charlie	537	+	89	114885871	23779
chr5	96307567	96507567	harbor1	chr5	96380060	96381430	DNA/hAT-Charlie	5469	+	685	96380745	73178
chr5	180658311	180858311	harbor1	chr5	180690601	180691109	DNA/hAT-Charlie	3072	+	254	180690855	32544
chr5	180658311	180858311	harbor1	chr5	180744763	180744997	DNA/hAT-Charlie	665	+	117	180744880	86569
chr5	52580682	52780682	harbor1	chr5	52621696	52621914	DNA/hAT-Charlie	657	+	109	52621805	41123
chr5	171431517	171631517	harbor1	chr5	171464058	171464653	DNA/hAT-Charlie	1632	+	298	171464356	32839
chr5	171431517	171631517	harbor1	chr5	171464682	171464898	DNA/hAT-Charlie	1632	+	108	171464790	33273
chr5	171431517	171631517	harbor1	chr5	171465209	171465461	DNA/hAT-Charlie	1632	+	126	171465335	33818
chr5	171431517	171631517	harbor1	chr5	171467289	171467525	DNA/hAT-Charlie	1000	+	118	171467407	35890
chr5	171431517	171631517	harbor1	chr5	171501296	171501369	DNA/hAT-Charlie	735	+	36	171501332	69815
chr5	171431517	171631517	harbor1	chr5	171501670	171501811	DNA/hAT-Charlie	735	+	70	171501740	70223
chr5	96180165	96380165	harbor1	chr5	96194255	96194388	DNA/hAT-Charlie	475	+	66	96194321	14156
chr5	96180165	96380165	harbor1	chr5	96253303	96253464	DNA/hAT-Charlie	534	+	80	96253383	73218
chr5	96180165	96380165	harbor1	chr5	96261192	96261243	DNA/hAT-Charlie	948	+	26	96261218	81053
chr5	96180165	96380165	harbor1	chr5	96261664	96261834	DNA/hAT-Charlie	948	+	85	96261749	81584
chr5	164730783	164930783	harbor1	chr5	164733791	164734038	DNA/hAT-Charlie	661	+	124	164733915	3132
chr5	164730783	164930783	harbor1	chr5	164759739	164759910	DNA/hAT-Charlie	435	+	86	164759825	29042
chr5	104760047	104960047	harbor1	chr5	104765767	104765929	DNA/hAT-Charlie	410	+	81	104765848	5801
chr5	104760047	104960047	harbor1	chr5	104765927	104766067	DNA/hAT-Charlie	551	+	70	104765997	5950
chr5	7109963	7309963	harbor1	chr5	7165149	7165436	DNA/hAT-Charlie	424	+	144	7165293	55330
chr5	15139137	15339137	harbor1	chr5	15161246	15161581	DNA/hAT-Charlie	1059	+	168	15161414	22277
chr5	15139137	15339137	harbor1	chr5	15161597	15161724	DNA/hAT-Charlie	492	+	64	15161661	22524
chr5	51549445	51749445	harbor1	chr5	51578611	51579052	DNA/hAT-Charlie	776	+	220	51578831	29386
chr5	95975372	96175372	harbor1	chr5	95984729	95984895	DNA/hAT-Charlie	576	+	83	95984812	9440
chr5	95975372	96175372	harbor1	chr5	95987450	95987561	DNA/hAT-Charlie	409	+	56	95987506	12134
chr5	95975372	96175372	harbor1	chr5	95993377	95993575	DNA/hAT-Charlie	872	+	99	95993476	18104
chr5	95975372	96175372	harbor1	chr5	96020388	96020910	DNA/hAT-Charlie	3319	+	261	96020649	45277
chr5	75317080	75517080	harbor1	chr5	75403311	75403557	DNA/hAT-Charlie	1072	+	123	75403434	86354
chr5	112373528	112573528	harbor1	chr5	112414376	112414536	DNA/hAT-Charlie	755	+	80	112414456	40928
chr5	112373528	112573528	harbor1	chr5	112454066	112454190	DNA/hAT-Charlie	409	+	62	112454128	80600
chr5	157245832	157445832	harbor1	chr5	157248343	157248602	DNA/hAT-Charlie	483	+	130	157248473	2641
chr5	157245832	157445832	harbor1	chr5	157255567	157255726	DNA/hAT-Charlie	835	+	80	157255647	9815
chr5	157245832	157445832	harbor1	chr5	157276818	157276988	DNA/hAT-Charlie	509	+	85	157276903	31071
chr5	157245832	157445832	harbor1	chr5	157277631	157277802	DNA/hAT-Charlie	604	+	86	157277717	31885
chr5	157245832	157445832	harbor1	chr5	157336394	157336567	DNA/hAT-Charlie	470	+	86	157336480	90648
chr5	157245832	157445832	harbor1	chr5	157337306	157337529	DNA/hAT-Charlie	518	+	112	157337418	91586
chr5	157245832	157445832	harbor1	chr5	157340418	157340740	DNA/hAT-Charlie	1507	+	161	157340579	94747
chr5	157245832	157445832	harbor1	chr5	157341914	157342382	DNA/hAT-Charlie	1674	+	234	157342148	96316
chr5	33444330	33644330	harbor1	chr5	33449755	33449882	DNA/hAT-Charlie	498	+	64	33449819	5489
chr5	33444330	33644330	harbor1	chr5	33500752	33500874	DNA/hAT-Charlie	424	+	61	33500813	56483
chr5	33444330	33644330	harbor1	chr5	33504870	33505158	DNA/hAT-Charlie	499	+	144	33505014	60684
chr5	33444330	33644330	harbor1	chr5	33511097	33511251	DNA/hAT-Charlie	408	+	77	33511174	66844
chr5	33444330	33644330	harbor1	chr5	33520014	33520127	DNA/hAT-Charlie	587	+	56	33520070	75740
chr5	123076963	123276963	harbor1	chr5	123137836	123138012	DNA/hAT-Charlie	485	+	88	123137924	60961
chr5	59115188	59315188	harbor1	chr5	59146877	59147191	DNA/hAT-Charlie	2045	+	157	59147034	31846
chr5	59115188	59315188	harbor1	chr5	59205103	59205424	DNA/hAT-Charlie	716	+	160	59205263	90075
chr5	60655448	60855448	harbor1	chr5	60671924	60672122	DNA/hAT-Charlie	754	+	99	60672023	16575
chr5	43783044	43983044	harbor1	chr5	43857033	43857228	DNA/hAT-Charlie	941	+	98	43857131	74087
chr5	43783044	43983044	harbor1	chr5	43877777	43877899	DNA/hAT-Charlie	621	+	61	43877838	94794
chr5	43783044	43983044	harbor1	chr5	43877899	43878132	DNA/hAT-Charlie	1082	+	116	43878015	94971
chr5	111051662	111251662	harbor1	chr5	111094386	111094724	DNA/hAT-Charlie	1313	+	169	111094555	42893
chr5	111051662	111251662	harbor1	chr5	111125843	111126047	DNA/hAT-Charlie	1138	+	102	111125945	74283
chr5	111051662	111251662	harbor1	chr5	111132892	111133027	DNA/hAT-Charlie	724	+	68	111132960	81298
chr5	118312744	118512744	harbor1	chr5	118339135	118339318	DNA/hAT-Charlie	793	+	92	118339227	26483
chr5	118312744	118512744	harbor1	chr5	118355191	118355275	DNA/hAT-Charlie	429	+	42	118355233	42489
chr5	42579741	42779741	harbor1	chr5	42599793	42599927	DNA/hAT-Charlie	448	+	67	42599860	20119
chr5	42579741	42779741	harbor1	chr5	42637074	42637274	DNA/hAT-Charlie	869	+	100	42637174	57433
chr5	42579741	42779741	harbor1	chr5	42643225	42643386	DNA/hAT-Charlie	528	+	80	42643305	63564
chr5	42579741	42779741	harbor1	chr5	42658623	42658839	DNA/hAT-Charlie	1148	+	108	42658731	78990
chr5	42579741	42779741	harbor1	chr5	42666678	42666814	DNA/hAT-Charlie	566	+	68	42666746	87005
chr5	42579741	42779741	harbor1	chr5	42667471	42667631	DNA/hAT-Charlie	808	+	80	42667551	87810
chr5	42579741	42779741	harbor1	chr5	42677610	42677825	DNA/hAT-Charlie	1237	+	108	42677718	97977
chr5	41759133	41959133	harbor1	chr5	41792823	41792992	DNA/hAT-Charlie	638	+	84	41792907	33774
chr5	41759133	41959133	harbor1	chr5	41838497	41838625	DNA/hAT-Charlie	643	+	64	41838561	79428
chr5	41759133	41959133	harbor1	chr5	41838904	41838960	DNA/hAT-Charlie	643	+	28	41838932	79799
chr5	98711181	98911181	harbor1	chr5	98753319	98753425	DNA/hAT-Charlie	522	+	53	98753372	42191
chr5	66900052	67100052	harbor1	chr5	66914730	66914947	DNA/hAT-Charlie	1103	+	108	66914838	14786
chr5	66900052	67100052	harbor1	chr5	66916054	66916239	DNA/hAT-Charlie	725	+	92	66916146	16094
chr5	66900052	67100052	harbor1	chr5	66938754	66938927	DNA/hAT-Charlie	467	+	86	66938840	38788
chr5	99495896	99695896	harbor1	chr5	99507155	99507357	DNA/hAT-Charlie	764	+	101	99507256	11360
chr5	99495896	99695896	harbor1	chr5	99513591	99513778	DNA/hAT-Charlie	727	+	94	99513685	17789
chr5	99495896	99695896	harbor1	chr5	99568815	99569148	DNA/hAT-Charlie	1790	+	166	99568981	73085
chr5	55663692	55863692	harbor1	chr5	55671237	55671420	DNA/hAT-Charlie	418	+	92	55671329	7637
chr5	55663692	55863692	harbor1	chr5	55676599	55677041	DNA/hAT-Charlie	1331	+	221	55676820	13128
chr5	55663692	55863692	harbor1	chr5	55681780	55682009	DNA/hAT-Charlie	871	+	114	55681894	18202
chr5	55663692	55863692	harbor1	chr5	55692096	55692358	DNA/hAT-Charlie	411	+	131	55692227	28535
chr5	55663692	55863692	harbor1	chr5	55756200	55756342	DNA/hAT-Charlie	772	+	71	55756271	92579
chr5	65814010	66014010	harbor1	chr5	65821327	65821634	DNA/hAT-Charlie	951	+	154	65821481	7471
chr5	65814010	66014010	harbor1	chr5	65874071	65874235	DNA/hAT-Charlie	910	+	82	65874153	60143
chr5	65814010	66014010	harbor1	chr5	65906446	65906655	DNA/hAT-Charlie	1146	+	104	65906550	92540
chr5	101394276	101594276	harbor1	chr5	101455852	101456149	DNA/hAT-Charlie	543	+	148	101456000	61724
chr5	101394276	101594276	harbor1	chr5	101456138	101456578	DNA/hAT-Charlie	939	+	220	101456358	62082
chr5	42277158	42477158	harbor1	chr5	42289546	42289762	DNA/hAT-Charlie	1042	+	108	42289654	12496
chr5	42277158	42477158	harbor1	chr5	42307544	42307739	DNA/hAT-Charlie	733	+	98	42307642	30484
chr5	42277158	42477158	harbor1	chr5	42316423	42316628	DNA/hAT-Charlie	987	+	102	42316525	39367
chr5	42277158	42477158	harbor1	chr5	42323052	42323142	DNA/hAT-Charlie	1482	+	45	42323097	45939
chr5	42277158	42477158	harbor1	chr5	42323615	42323995	DNA/hAT-Charlie	1482	+	190	42323805	46647
chr5	42277158	42477158	harbor1	chr5	42361488	42361834	DNA/hAT-Charlie	1471	+	173	42361661	84503
chr5	42277158	42477158	harbor1	chr5	42303358	42303884	DNA/hAT-Charlie	3467	+	263	42303621	26463
chr5	143816291	144016291	harbor1	chr5	143846948	143847118	DNA/hAT-Charlie	688	+	85	143847033	30742
chr5	143816291	144016291	harbor1	chr5	143847501	143847824	DNA/hAT-Charlie	688	+	162	143847663	31372
chr5	143816291	144016291	harbor1	chr5	143848913	143849980	DNA/hAT-Charlie	2312	+	534	143849447	33156
chr5	143816291	144016291	harbor1	chr5	143850532	143851001	DNA/hAT-Charlie	1124	+	234	143850766	34475
chr5	143816291	144016291	harbor1	chr5	143851165	143851453	DNA/hAT-Charlie	1150	+	144	143851309	35018
chr5	143816291	144016291	harbor1	chr5	143893032	143893323	DNA/hAT-Charlie	518	+	146	143893178	76887
chr5	143816291	144016291	harbor1	chr5	143867570	143867968	DNA/hAT-Charlie	1301	+	199	143867769	51478
chr5	144083314	144283314	harbor1	chr5	144096067	144096801	DNA/hAT-Charlie	1345	+	367	144096434	13120
chr5	144083314	144283314	harbor1	chr5	144123135	144123464	DNA/hAT-Charlie	1464	+	164	144123299	39985
chr5	144083314	144283314	harbor1	chr5	144123772	144123878	DNA/hAT-Charlie	1464	+	53	144123825	40511
chr5	144083314	144283314	harbor1	chr5	144133586	144133798	DNA/hAT-Charlie	556	+	106	144133692	50378
chr5	144083314	144283314	harbor1	chr5	144148731	144148985	DNA/hAT-Charlie	967	+	127	144148858	65544
chr5	144083314	144283314	harbor1	chr5	144164877	144165038	DNA/hAT-Charlie	436	+	80	144164957	81643
chr5	69485737	69685737	harbor1	chr5	69534243	69534328	DNA/hAT-Charlie	431	+	42	69534285	48548
chr5	34881711	35081711	harbor1	chr5	34959410	34959557	DNA/hAT-Charlie	405	+	74	34959484	77773
chr5	19031826	19231826	harbor1	chr5	19053264	19053409	DNA/hAT-Charlie	548	+	72	19053336	21510
chr5	19031826	19231826	harbor1	chr5	19084415	19084904	DNA/hAT-Charlie	2866	+	244	19084659	52833
chr5	121653930	121853930	harbor1	chr5	121696103	121696311	DNA/hAT-Charlie	618	+	104	121696207	42277
chr5	167474443	167674443	harbor1	chr5	167481228	167481622	DNA/hAT-Charlie	1512	+	197	167481425	6982
chr5	167474443	167674443	harbor1	chr5	167481617	167481988	DNA/hAT-Charlie	1711	+	186	167481803	7360
chr5	167474443	167674443	harbor1	chr5	167524646	167524787	DNA/hAT-Charlie	402	+	70	167524716	50273
chr5	167474443	167674443	harbor1	chr5	167530057	167530268	DNA/hAT-Charlie	602	+	106	167530163	55720
chr5	167474443	167674443	harbor1	chr5	167540314	167540647	DNA/hAT-Charlie	1682	+	166	167540480	66037
chr5	167474443	167674443	harbor1	chr5	167542978	167543156	DNA/hAT-Charlie	867	+	89	167543067	68624
chr5	167474443	167674443	harbor1	chr5	167557674	167557862	DNA/hAT-Charlie	976	+	94	167557768	83325
chr5	167474443	167674443	harbor1	chr5	167558421	167558872	DNA/hAT-Charlie	2696	+	226	167558647	84204
chr5	167474443	167674443	harbor1	chr5	167560097	167560239	DNA/hAT-Charlie	630	+	71	167560168	85725
chr5	167474443	167674443	harbor1	chr5	167560831	167561038	DNA/hAT-Charlie	932	+	104	167560935	86492
chr5	128832174	129032174	harbor1	chr5	128832793	128833132	DNA/hAT-Charlie	2213	+	170	128832963	789
chr5	128832174	129032174	harbor1	chr5	128841464	128841614	DNA/hAT-Charlie	665	+	75	128841539	9365
chr5	115531756	115731756	harbor1	chr5	115546927	115547106	DNA/hAT-Charlie	435	+	90	115547017	15261
chr5	115531756	115731756	harbor1	chr5	115547154	115547327	DNA/hAT-Charlie	2049	+	86	115547240	15484
chr5	115531756	115731756	harbor1	chr5	115547626	115547937	DNA/hAT-Charlie	2049	+	156	115547782	16026
chr5	115531756	115731756	harbor1	chr5	115548271	115548328	DNA/hAT-Charlie	2049	+	28	115548299	16543
chr5	115531756	115731756	harbor1	chr5	115548628	115548982	DNA/hAT-Charlie	2049	+	177	115548805	17049
chr5	115531756	115731756	harbor1	chr5	115562034	115562205	DNA/hAT-Charlie	708	+	86	115562120	30364
chr5	115531756	115731756	harbor1	chr5	115627162	115627366	DNA/hAT-Charlie	660	+	102	115627264	95508
chr5	115531756	115731756	harbor1	chr5	115589073	115589256	DNA/hAT-Charlie	999	+	92	115589165	57409
chr5	17635028	17835028	harbor1	chr5	17678843	17680078	DNA/hAT-Charlie	17983	+	618	17679461	44433
chr5	17635028	17835028	harbor1	chr5	17680336	17681719	DNA/hAT-Charlie	17983	+	692	17681028	46000
chr5	17635028	17835028	harbor1	chr5	17706678	17706874	DNA/hAT-Charlie	1072	+	98	17706776	71748
chr5	32051944	32251944	harbor1	chr5	32099969	32100115	DNA/hAT-Charlie	430	+	73	32100042	48098
chr5	32051944	32251944	harbor1	chr5	32122067	32122367	DNA/hAT-Charlie	1964	+	150	32122217	70273
chr5	32051944	32251944	harbor1	chr5	32124458	32124612	DNA/hAT-Charlie	730	+	77	32124535	72591
chr5	32051944	32251944	harbor1	chr5	32133740	32133857	DNA/hAT-Charlie	493	+	58	32133798	81854
chr5	37872064	38072064	harbor1	chr5	37886863	37887015	DNA/hAT-Charlie	1006	+	76	37886939	14875
chr5	37872064	38072064	harbor1	chr5	37891998	37892174	DNA/hAT-Charlie	620	+	88	37892086	20022
chr5	37872064	38072064	harbor1	chr5	37895951	37896094	DNA/hAT-Charlie	485	+	72	37896023	23959
chr5	37872064	38072064	harbor1	chr5	37900044	37900542	DNA/hAT-Charlie	1901	+	249	37900293	28229
chr5	37872064	38072064	harbor1	chr5	37915282	37915449	DNA/hAT-Charlie	545	+	84	37915366	43302
chr5	37872064	38072064	harbor1	chr5	37968274	37968439	DNA/hAT-Charlie	784	+	82	37968356	96292
chr5	145621028	145821028	harbor1	chr5	145639880	145640146	DNA/hAT-Charlie	427	+	133	145640013	18985
chr5	145621028	145821028	harbor1	chr5	145675641	145675797	DNA/hAT-Charlie	514	+	78	145675719	54691
chr5	145621028	145821028	harbor1	chr5	145697434	145697652	DNA/hAT-Charlie	858	+	109	145697543	76515
chr5	145621028	145821028	harbor1	chr5	145715945	145716169	DNA/hAT-Charlie	1579	+	112	145716057	95029
chr5	145857003	146057003	harbor1	chr5	145865395	145865855	DNA/hAT-Charlie	1514	+	230	145865625	8622
chr5	145857003	146057003	harbor1	chr5	145866165	145866338	DNA/hAT-Charlie	1514	+	86	145866251	9248
chr5	145857003	146057003	harbor1	chr5	145885588	145885795	DNA/hAT-Charlie	678	+	104	145885692	28689
chr5	145857003	146057003	harbor1	chr5	145887405	145888125	DNA/hAT-Charlie	1799	+	360	145887765	30762
chr5	145857003	146057003	harbor1	chr5	145920248	145920411	DNA/hAT-Charlie	789	+	82	145920330	63327
chr5	145857003	146057003	harbor1	chr5	145929963	145930094	DNA/hAT-Charlie	1147	+	66	145930029	73026
chr5	145857003	146057003	harbor1	chr5	145930374	145930661	DNA/hAT-Charlie	1147	+	144	145930518	73515
chr5	65171456	65371456	harbor1	chr5	65208877	65209049	DNA/hAT-Charlie	845	+	86	65208963	37507
chr5	65171456	65371456	harbor1	chr5	65219190	65219352	DNA/hAT-Charlie	759	+	81	65219271	47815
chr5	65171456	65371456	harbor1	chr5	65208243	65208420	DNA/hAT-Charlie	821	+	88	65208331	36875
chr5	20148205	20348205	harbor1	chr5	20160813	20161132	DNA/hAT-Charlie	1197	+	160	20160973	12768
chr5	118381448	118581448	harbor1	chr5	118451357	118451462	DNA/hAT-Charlie	591	+	52	118451409	69961
chr5	43944190	44144190	harbor1	chr5	43989679	43989952	DNA/hAT-Charlie	1422	+	136	43989815	45625
chr5	43944190	44144190	harbor1	chr5	43990246	43990277	DNA/hAT-Charlie	1422	+	16	43990262	46072
chr5	43944190	44144190	harbor1	chr5	44003937	44004154	DNA/hAT-Charlie	694	+	108	44004045	59855
chr5	43944190	44144190	harbor1	chr5	44033461	44033641	DNA/hAT-Charlie	965	+	90	44033551	89361
chr5	63242813	63442813	harbor1	chr5	63247021	63247128	DNA/hAT-Charlie	680	+	54	63247075	4262
chr5	63242813	63442813	harbor1	chr5	63247840	63247935	DNA/hAT-Charlie	680	+	48	63247888	5075
chr5	63242813	63442813	harbor1	chr5	63259154	63259217	DNA/hAT-Charlie	657	+	32	63259186	16373
chr5	63242813	63442813	harbor1	chr5	63259574	63259698	DNA/hAT-Charlie	657	+	62	63259636	16823
chr5	63242813	63442813	harbor1	chr5	63327591	63327753	DNA/hAT-Charlie	816	+	81	63327672	84859
chr5	13694257	13894257	harbor1	chr5	13715780	13715988	DNA/hAT-Charlie	1200	+	104	13715884	21627
chr5	114800153	115000153	harbor1	chr5	114885782	114885960	DNA/hAT-Charlie	537	+	89	114885871	85718
chr5	112236126	112436126	harbor1	chr5	112260268	112260445	DNA/hAT-Charlie	399	+	88	112260356	24230
chr5	112236126	112436126	harbor1	chr5	112295341	112295868	DNA/hAT-Charlie	1244	+	264	112295605	59479
chr5	112236126	112436126	harbor1	chr5	112296002	112296460	DNA/hAT-Charlie	1287	+	229	112296231	60105
chr5	112236126	112436126	harbor1	chr5	112296529	112296610	DNA/hAT-Charlie	417	+	40	112296569	60443
chr5	112236126	112436126	harbor1	chr5	112301914	112302214	DNA/hAT-Charlie	697	+	150	112302064	65938
chr5	112236126	112436126	harbor1	chr5	112317518	112317963	DNA/hAT-Charlie	1241	+	222	112317740	81614
chr5	112236126	112436126	harbor1	chr5	112329050	112329336	DNA/hAT-Charlie	1172	+	143	112329193	93067
chr5	52930151	53130151	harbor1	chr5	52932181	52932352	DNA/hAT-Charlie	921	+	86	52932267	2116
chr5	52930151	53130151	harbor1	chr5	52986791	52986922	DNA/hAT-Charlie	685	+	66	52986857	56706
chr5	52930151	53130151	harbor1	chr5	52986989	52987372	DNA/hAT-Charlie	1704	+	192	52987181	57030
chr5	109617531	109817531	harbor1	chr5	109672844	109673011	DNA/hAT-Charlie	539	+	84	109672928	55397
chr5	109617531	109817531	harbor1	chr5	109697492	109697734	DNA/hAT-Charlie	775	+	121	109697613	80082
chr5	109617531	109817531	harbor1	chr5	109714233	109714507	DNA/hAT-Charlie	948	+	137	109714370	96839
chr5	17685819	17885819	harbor1	chr5	17706678	17706874	DNA/hAT-Charlie	1072	+	98	17706776	20957
chr5	17685819	17885819	harbor1	chr5	17767429	17767560	DNA/hAT-Charlie	696	+	66	17767495	81676
chr5	17685819	17885819	harbor1	chr5	17767862	17767897	DNA/hAT-Charlie	696	+	18	17767880	82061
chr5	107909962	108109962	harbor1	chr5	107943744	107943821	DNA/hAT-Charlie	410	+	38	107943782	33820
chr5	107909962	108109962	harbor1	chr5	107968991	107969206	DNA/hAT-Charlie	890	+	108	107969099	59137
chr5	107909962	108109962	harbor1	chr5	107973243	107973477	DNA/hAT-Charlie	1333	+	117	107973360	63398
chr5	107909962	108109962	harbor1	chr5	107997985	107998305	DNA/hAT-Charlie	1519	+	160	107998145	88183
chr5	131721269	131921269	harbor1	chr5	131736493	131736666	DNA/hAT-Charlie	1169	+	86	131736579	15310
chr5	131721269	131921269	harbor1	chr5	131758823	131759010	DNA/hAT-Charlie	913	+	94	131758917	37648
chr5	131721269	131921269	harbor1	chr5	131773372	131773876	DNA/hAT-Charlie	1488	+	252	131773624	52355
chr5	131721269	131921269	harbor1	chr5	131777760	131777911	DNA/hAT-Charlie	741	+	76	131777836	56567
chr5	131721269	131921269	harbor1	chr5	131807999	131808164	DNA/hAT-Charlie	781	+	82	131808081	86812
chr5	116224122	116424122	harbor1	chr5	116297949	116298086	DNA/hAT-Charlie	743	+	68	116298017	73895
chr5	149875079	150075079	harbor1	chr5	149875154	149875333	DNA/hAT-Charlie	686	+	90	149875244	165
chr5	149875079	150075079	harbor1	chr5	149916890	149917038	DNA/hAT-Charlie	558	+	74	149916964	41885
chr5	24059798	24259798	harbor1	chr5	24127927	24128138	DNA/hAT-Charlie	1056	+	106	24128033	68235
chr5	24059798	24259798	harbor1	chr5	24150107	24150307	DNA/hAT-Charlie	857	+	100	24150207	90409
chr5	137122856	137322856	harbor1	chr5	137151301	137151479	DNA/hAT-Charlie	498	+	89	137151390	28534
chr5	137122856	137322856	harbor1	chr5	137162480	137162709	DNA/hAT-Charlie	967	+	114	137162594	39738
chr5	137122856	137322856	harbor1	chr5	137215493	137215745	DNA/hAT-Charlie	830	+	126	137215619	92763
chr5	112647473	112847473	harbor1	chr5	112671017	112671211	DNA/hAT-Charlie	784	+	97	112671114	23641
chr5	112647473	112847473	harbor1	chr5	112703209	112703274	DNA/hAT-Charlie	745	+	32	112703241	55768
chr5	112647473	112847473	harbor1	chr5	112703549	112703647	DNA/hAT-Charlie	745	+	49	112703598	56125
chr5	112647473	112847473	harbor1	chr5	112711057	112711409	DNA/hAT-Charlie	2245	+	176	112711233	63760
chr5	112647473	112847473	harbor1	chr5	112714170	112714330	DNA/hAT-Charlie	483	+	80	112714250	66777
chr5	112647473	112847473	harbor1	chr5	112728003	112728125	DNA/hAT-Charlie	1219	+	61	112728064	80591
chr5	112647473	112847473	harbor1	chr5	112728432	112728504	DNA/hAT-Charlie	1219	+	36	112728468	80995
chr5	107669862	107869862	harbor1	chr5	107686500	107686710	DNA/hAT-Charlie	949	+	105	107686605	16743
chr5	107669862	107869862	harbor1	chr5	107687059	107687190	DNA/hAT-Charlie	486	+	66	107687125	17263
chr5	107669862	107869862	harbor1	chr5	107730117	107730285	DNA/hAT-Charlie	569	+	84	107730201	60339
chr5	107669862	107869862	harbor1	chr5	107746779	107746966	DNA/hAT-Charlie	726	+	94	107746873	77011
chr5	107669862	107869862	harbor1	chr5	107766672	107767003	DNA/hAT-Charlie	543	+	166	107766838	96976
chr5	14631793	14831793	harbor1	chr5	14644297	14644689	DNA/hAT-Charlie	1842	+	196	14644493	12700
chr5	14631793	14831793	harbor1	chr5	14645256	14645326	DNA/hAT-Charlie	1842	+	35	14645291	13498
chr5	14631793	14831793	harbor1	chr5	14675868	14676065	DNA/hAT-Charlie	873	+	98	14675966	44173
chr5	14631793	14831793	harbor1	chr5	14725303	14725485	DNA/hAT-Charlie	745	+	91	14725394	93601
chr5	127092167	127292167	harbor1	chr5	127148873	127149045	DNA/hAT-Charlie	744	+	86	127148959	56792
chr5	32301632	32501632	harbor1	chr5	32359217	32359423	DNA/hAT-Charlie	1335	+	103	32359320	57688
chr5	32301632	32501632	harbor1	chr5	32392623	32392712	DNA/hAT-Charlie	1536	+	44	32392667	91035
chr5	32301632	32501632	harbor1	chr5	32393005	32393345	DNA/hAT-Charlie	1536	+	170	32393175	91543
chr5	32301632	32501632	harbor1	chr5	32393642	32393756	DNA/hAT-Charlie	1536	+	57	32393699	92067
chr5	162383375	162583375	harbor1	chr5	162426499	162426699	DNA/hAT-Charlie	810	+	100	162426599	43224
chr5	25446584	25646584	harbor1	chr5	25470516	25470808	DNA/hAT-Charlie	1236	+	146	25470662	24078
chr5	28527	228527	harbor1	chr5	59756	59889	DNA/hAT-Charlie	830	+	66	59822	31295
chr5	28527	228527	harbor1	chr5	66384	66462	DNA/hAT-Charlie	615	+	39	66423	37896
chr5	136067757	136267757	harbor1	chr5	136075319	136075488	DNA/hAT-Charlie	588	+	84	136075403	7646
chr5	136067757	136267757	harbor1	chr5	136131425	136131650	DNA/hAT-Charlie	635	+	112	136131537	63780
chr5	91003990	91203990	harbor1	chr5	91103552	91103700	DNA/hAT-Charlie	465	+	74	91103626	99636
chr5	103312636	103512636	harbor1	chr5	103365300	103365476	DNA/hAT-Charlie	920	+	88	103365388	52752
chr5	103312636	103512636	harbor1	chr5	103376599	103376825	DNA/hAT-Charlie	923	+	113	103376712	64076
chr5	75524268	75724268	harbor1	chr5	75553043	75553221	DNA/hAT-Charlie	410	+	89	75553132	28864
chr5	75524268	75724268	harbor1	chr5	75569658	75570174	DNA/hAT-Charlie	3591	+	258	75569916	45648
chr5	75524268	75724268	harbor1	chr5	75570367	75570533	DNA/hAT-Charlie	494	+	83	75570450	46182
chr5	75524268	75724268	harbor1	chr5	75622229	75622376	DNA/hAT-Charlie	844	+	74	75622303	98035
chr5	43382296	43582296	harbor1	chr5	43413179	43413436	DNA/hAT-Charlie	1352	+	128	43413307	31011
chr5	43382296	43582296	harbor1	chr5	43427691	43427825	DNA/hAT-Charlie	515	+	67	43427758	45462
chr5	43382296	43582296	harbor1	chr5	43427807	43427848	DNA/hAT-Charlie	563	+	20	43427827	45531
chr5	43382296	43582296	harbor1	chr5	43428153	43428244	DNA/hAT-Charlie	563	+	46	43428199	45903
chr5	43382296	43582296	harbor1	chr5	43437835	43438010	DNA/hAT-Charlie	742	+	88	43437923	55627
chr5	43382296	43582296	harbor1	chr5	43443751	43444106	DNA/hAT-Charlie	2019	+	178	43443929	61633
chr5	27068287	27268287	harbor1	chr5	27101281	27101613	DNA/hAT-Charlie	2077	+	166	27101447	33160
chr5	94389696	94589696	harbor1	chr5	94414704	94415027	DNA/hAT-Charlie	2087	+	162	94414866	25170
chr5	94389696	94589696	harbor1	chr5	94432190	94432356	DNA/hAT-Charlie	726	+	83	94432273	42577
chr5	94389696	94589696	harbor1	chr5	94441171	94441338	DNA/hAT-Charlie	453	+	84	94441255	51559
chr5	44656601	44856601	harbor1	chr5	44707868	44708120	DNA/hAT-Charlie	1572	+	126	44707994	51393
chr5	163626041	163826041	harbor1	chr5	163699805	163699985	DNA/hAT-Charlie	651	+	90	163699895	73854
chr5	163626041	163826041	harbor1	chr5	163723450	163723640	DNA/hAT-Charlie	746	+	95	163723545	97504
chr6	148689440	148889440	harbor1	chr6	148750922	148751098	DNA/hAT-Charlie	743	+	88	148751010	61570
chr6	148689440	148889440	harbor1	chr6	148774048	148774662	DNA/hAT-Charlie	1250	+	307	148774355	84915
chr6	148689440	148889440	harbor1	chr6	148789256	148789363	DNA/hAT-Charlie	571	+	54	148789310	99870
chr6	36703408	36903408	harbor1	chr6	36736114	36736275	DNA/hAT-Charlie	692	+	80	36736194	32786
chr6	36703408	36903408	harbor1	chr6	36739046	36739217	DNA/hAT-Charlie	458	+	86	36739132	35724
chr6	36703408	36903408	harbor1	chr6	36756919	36757106	DNA/hAT-Charlie	844	+	94	36757013	53605
chr6	36703408	36903408	harbor1	chr6	36790335	36790595	DNA/hAT-Charlie	1267	+	130	36790465	87057
chr6	36703408	36903408	harbor1	chr6	36790843	36790983	DNA/hAT-Charlie	1267	+	70	36790913	87505
chr6	36703408	36903408	harbor1	chr6	36794830	36795004	DNA/hAT-Charlie	722	+	87	36794917	91509
chr6	89407233	89607233	harbor1	chr6	89416187	89416376	DNA/hAT-Charlie	1413	+	94	89416281	9048
chr6	89407233	89607233	harbor1	chr6	89436998	89437169	DNA/hAT-Charlie	491	+	86	89437084	29851
chr6	89407233	89607233	harbor1	chr6	89440883	89441005	DNA/hAT-Charlie	613	+	61	89440944	33711
chr6	8867257	9067257	harbor1	chr6	8949914	8950090	DNA/hAT-Charlie	922	+	88	8950002	82745
chr6	73491115	73691115	harbor1	chr6	73492456	73492527	DNA/hAT-Charlie	576	+	36	73492492	1377
chr6	73491115	73691115	harbor1	chr6	73492837	73492915	DNA/hAT-Charlie	576	+	39	73492876	1761
chr6	73491115	73691115	harbor1	chr6	73540023	73540176	DNA/hAT-Charlie	825	+	76	73540099	48984
chr6	73491115	73691115	harbor1	chr6	73565549	73565677	DNA/hAT-Charlie	681	+	64	73565613	74498
chr6	73491115	73691115	harbor1	chr6	73565683	73565845	DNA/hAT-Charlie	679	+	81	73565764	74649
chr6	73491115	73691115	harbor1	chr6	73574059	73574159	DNA/hAT-Charlie	524	+	50	73574109	82994
chr6	73491115	73691115	harbor1	chr6	73574480	73574532	DNA/hAT-Charlie	524	+	26	73574506	83391
chr6	15243281	15443281	harbor1	chr6	15325679	15326111	DNA/hAT-Charlie	1556	+	216	15325895	82614
chr6	29529982	29729982	harbor1	chr6	29547582	29547789	DNA/hAT-Charlie	1058	+	104	29547686	17704
chr6	29529982	29729982	harbor1	chr6	29600411	29600669	DNA/hAT-Charlie	815	+	129	29600540	70558
chr6	29529982	29729982	harbor1	chr6	29618986	29619171	DNA/hAT-Charlie	923	+	92	29619078	89096
chr6	153930576	154130576	harbor1	chr6	153944307	153944499	DNA/hAT-Charlie	846	+	96	153944403	13827
chr6	150209265	150409265	harbor1	chr6	150210602	150210919	DNA/hAT-Charlie	660	+	158	150210760	1495
chr6	150209265	150409265	harbor1	chr6	150212151	150212343	DNA/hAT-Charlie	884	+	96	150212247	2982
chr6	150209265	150409265	harbor1	chr6	150244540	150244736	DNA/hAT-Charlie	1126	+	98	150244638	35373
chr6	150209265	150409265	harbor1	chr6	150247270	150247462	DNA/hAT-Charlie	476	+	96	150247366	38101
chr6	150209265	150409265	harbor1	chr6	150247471	150247597	DNA/hAT-Charlie	464	+	63	150247534	38269
chr6	150209265	150409265	harbor1	chr6	150247735	150247882	DNA/hAT-Charlie	784	+	74	150247809	38544
chr6	150209265	150409265	harbor1	chr6	150248257	150248293	DNA/hAT-Charlie	784	+	18	150248275	39010
chr6	150209265	150409265	harbor1	chr6	150248308	150248450	DNA/hAT-Charlie	513	+	71	150248379	39114
chr6	150209265	150409265	harbor1	chr6	150277636	150277993	DNA/hAT-Charlie	1436	+	178	150277814	68549
chr6	150209265	150409265	harbor1	chr6	150278533	150278631	DNA/hAT-Charlie	635	+	49	150278582	69317
chr6	150209265	150409265	harbor1	chr6	150291690	150291892	DNA/hAT-Charlie	726	+	101	150291791	82526
chr6	150209265	150409265	harbor1	chr6	150303387	150303590	DNA/hAT-Charlie	808	+	102	150303489	94224
chr6	150209265	150409265	harbor1	chr6	150303693	150303920	DNA/hAT-Charlie	557	+	114	150303807	94542
chr6	135973440	136173440	harbor1	chr6	136031226	136031385	DNA/hAT-Charlie	755	+	80	136031306	57866
chr6	125727586	125927586	harbor1	chr6	125781958	125782260	DNA/hAT-Charlie	1105	+	151	125782109	54523
chr6	125727586	125927586	harbor1	chr6	125806556	125806706	DNA/hAT-Charlie	417	+	75	125806631	79045
chr6	125727586	125927586	harbor1	chr6	125806757	125806971	DNA/hAT-Charlie	571	+	107	125806864	79278
chr6	125727586	125927586	harbor1	chr6	125821057	125821216	DNA/hAT-Charlie	463	+	80	125821137	93551
chr6	125727586	125927586	harbor1	chr6	125823760	125824009	DNA/hAT-Charlie	417	+	124	125823884	96298
chr6	61730792	61930792	harbor1	chr6	61748815	61748982	DNA/hAT-Charlie	866	+	84	61748899	18107
chr6	160738745	160938745	harbor1	chr6	160829310	160829466	DNA/hAT-Charlie	453	+	78	160829388	90643
chr6	131788799	131988799	harbor1	chr6	131805210	131805427	DNA/hAT-Charlie	444	+	108	131805318	16519
chr6	131788799	131988799	harbor1	chr6	131818163	131818364	DNA/hAT-Charlie	2819	+	100	131818263	29464
chr6	131788799	131988799	harbor1	chr6	131818662	131819269	DNA/hAT-Charlie	2819	+	304	131818966	30167
chr6	131788799	131988799	harbor1	chr6	131821074	131821231	DNA/hAT-Charlie	679	+	78	131821152	32353
chr6	7224375	7424375	harbor1	chr6	7254639	7254737	DNA/hAT-Charlie	456	+	49	7254688	30313
chr6	7224375	7424375	harbor1	chr6	7267515	7267683	DNA/hAT-Charlie	578	+	84	7267599	43224
chr6	7224375	7424375	harbor1	chr6	7225267	7225417	DNA/hAT-Charlie	433	+	75	7225342	967
chr6	152968030	153168030	harbor1	chr6	153059876	153060002	DNA/hAT-Charlie	550	+	63	153059939	91909
chr6	98276776	98476776	harbor1	chr6	98301097	98301264	DNA/hAT-Charlie	847	+	84	98301181	24405
chr6	98276776	98476776	harbor1	chr6	98308191	98308370	DNA/hAT-Charlie	841	+	90	98308281	31505
chr6	98276776	98476776	harbor1	chr6	98322894	98323073	DNA/hAT-Charlie	541	+	90	98322984	46208
chr6	98276776	98476776	harbor1	chr6	98340786	98340960	DNA/hAT-Charlie	858	+	87	98340873	64097
chr6	98276776	98476776	harbor1	chr6	98369451	98369604	DNA/hAT-Charlie	457	+	76	98369527	92751
chr6	110637617	110837617	harbor1	chr6	110699888	110700412	DNA/hAT-Charlie	3579	+	262	110700150	62533
chr6	110637617	110837617	harbor1	chr6	110712138	110712364	DNA/hAT-Charlie	413	+	113	110712251	74634
chr6	110637617	110837617	harbor1	chr6	110731163	110731272	DNA/hAT-Charlie	440	+	54	110731217	93600
chr6	25022521	25222521	harbor1	chr6	25038230	25038249	DNA/hAT-Charlie	538	+	10	25038240	15719
chr6	25022521	25222521	harbor1	chr6	25038840	25039022	DNA/hAT-Charlie	538	+	91	25038931	16410
chr6	25022521	25222521	harbor1	chr6	25040535	25040584	DNA/hAT-Charlie	656	+	24	25040559	18038
chr6	25022521	25222521	harbor1	chr6	25040888	25041134	DNA/hAT-Charlie	656	+	123	25041011	18490
chr6	25022521	25222521	harbor1	chr6	25112792	25113056	DNA/hAT-Charlie	1273	+	132	25112924	90403
chr6	9477553	9677553	harbor1	chr6	9495249	9495330	DNA/hAT-Charlie	417	+	40	9495289	17736
chr6	9477553	9677553	harbor1	chr6	9558833	9559231	DNA/hAT-Charlie	1264	+	199	9559032	81479
chr6	9477553	9677553	harbor1	chr6	9559524	9559598	DNA/hAT-Charlie	1264	+	37	9559561	82008
chr6	132745761	132945761	harbor1	chr6	132753617	132753669	DNA/hAT-Charlie	504	+	26	132753643	7882
chr6	132745761	132945761	harbor1	chr6	132753979	132754278	DNA/hAT-Charlie	504	+	150	132754129	8368
chr6	132745761	132945761	harbor1	chr6	132840680	132840916	DNA/hAT-Charlie	1054	+	118	132840798	95037
chr6	132745761	132945761	harbor1	chr6	132841174	132841272	DNA/hAT-Charlie	1054	+	49	132841223	95462
chr6	117895445	118095445	harbor1	chr6	117898655	117898968	DNA/hAT-Charlie	1721	+	156	117898811	3366
chr6	117895445	118095445	harbor1	chr6	117901544	117901845	DNA/hAT-Charlie	911	+	150	117901694	6249
chr6	117895445	118095445	harbor1	chr6	117916095	117916383	DNA/hAT-Charlie	867	+	144	117916239	20794
chr6	117895445	118095445	harbor1	chr6	117984192	117984273	DNA/hAT-Charlie	1518	+	40	117984232	88787
chr6	117895445	118095445	harbor1	chr6	117984513	117984716	DNA/hAT-Charlie	1518	+	102	117984615	89170
chr6	161082136	161282136	harbor1	chr6	161114849	161115022	DNA/hAT-Charlie	747	+	86	161114935	32799
chr6	161082136	161282136	harbor1	chr6	161143695	161143934	DNA/hAT-Charlie	513	+	120	161143815	61679
chr6	161082136	161282136	harbor1	chr6	161156230	161156426	DNA/hAT-Charlie	686	+	98	161156328	74192
chr6	161082136	161282136	harbor1	chr6	161181845	161182058	DNA/hAT-Charlie	561	+	106	161181951	99815
chr6	113165636	113365636	harbor1	chr6	113181163	113181429	DNA/hAT-Charlie	750	+	133	113181296	15660
chr6	113165636	113365636	harbor1	chr6	113199589	113199724	DNA/hAT-Charlie	614	+	68	113199657	34021
chr6	113165636	113365636	harbor1	chr6	113199724	113200105	DNA/hAT-Charlie	1855	+	190	113199914	34278
chr6	113165636	113365636	harbor1	chr6	113239816	113239979	DNA/hAT-Charlie	550	+	82	113239898	74262
chr6	113165636	113365636	harbor1	chr6	113260878	113261069	DNA/hAT-Charlie	605	+	96	113260974	95338
chr6	6379237	6579237	harbor1	chr6	6390218	6390492	DNA/hAT-Charlie	1095	+	137	6390355	11118
chr6	103904024	104104024	harbor1	chr6	103915922	103916022	DNA/hAT-Charlie	508	+	50	103915972	11948
chr6	103904024	104104024	harbor1	chr6	103956165	103956468	DNA/hAT-Charlie	1170	+	152	103956317	52293
chr6	163648038	163848038	harbor1	chr6	163650665	163650839	DNA/hAT-Charlie	755	+	87	163650752	2714
chr6	163648038	163848038	harbor1	chr6	163652355	163652545	DNA/hAT-Charlie	786	+	95	163652450	4412
chr6	163648038	163848038	harbor1	chr6	163692315	163692523	DNA/hAT-Charlie	1072	+	104	163692419	44381
chr6	163648038	163848038	harbor1	chr6	163706830	163706991	DNA/hAT-Charlie	564	+	80	163706910	58872
chr6	163648038	163848038	harbor1	chr6	163728826	163729036	DNA/hAT-Charlie	699	+	105	163728931	80893
chr6	79859249	80059249	harbor1	chr6	79894021	79894360	DNA/hAT-Charlie	2020	+	170	79894191	34942
chr6	79859249	80059249	harbor1	chr6	79935861	79936022	DNA/hAT-Charlie	896	+	80	79935941	76692
chr6	73413880	73613880	harbor1	chr6	73492456	73492527	DNA/hAT-Charlie	576	+	36	73492492	78612
chr6	73413880	73613880	harbor1	chr6	73492837	73492915	DNA/hAT-Charlie	576	+	39	73492876	78996
chr6	80477025	80677025	harbor1	chr6	80482340	80482563	DNA/hAT-Charlie	1553	+	112	80482452	5427
chr6	80477025	80677025	harbor1	chr6	80490395	80490570	DNA/hAT-Charlie	1215	+	88	80490483	13458
chr6	80477025	80677025	harbor1	chr6	80544658	80544813	DNA/hAT-Charlie	520	+	78	80544736	67711
chr6	80477025	80677025	harbor1	chr6	80551590	80551768	DNA/hAT-Charlie	788	+	89	80551679	74654
chr6	80477025	80677025	harbor1	chr6	80552092	80552437	DNA/hAT-Charlie	1733	+	172	80552264	75239
chr6	108788723	108988723	harbor1	chr6	108869837	108870075	DNA/hAT-Charlie	750	+	119	108869956	81233
chr6	108788723	108988723	harbor1	chr6	108870230	108870457	DNA/hAT-Charlie	741	+	114	108870344	81621
chr6	108788723	108988723	harbor1	chr6	108872523	108872715	DNA/hAT-Charlie	438	+	96	108872619	83896
chr6	108788723	108988723	harbor1	chr6	108884243	108884395	DNA/hAT-Charlie	825	+	76	108884319	95596
chr6	108788723	108988723	harbor1	chr6	108885840	108886028	DNA/hAT-Charlie	1019	+	94	108885934	97211
chr6	108788723	108988723	harbor1	chr6	108886593	108886816	DNA/hAT-Charlie	444	+	112	108886705	97982
chr6	158230624	158430624	harbor1	chr6	158261138	158261334	DNA/hAT-Charlie	792	+	98	158261236	30612
chr6	158230624	158430624	harbor1	chr6	158311157	158311243	DNA/hAT-Charlie	470	+	43	158311200	80576
chr6	165141769	165341769	harbor1	chr6	165155205	165155411	DNA/hAT-Charlie	852	+	103	165155308	13539
chr6	117705520	117905520	harbor1	chr6	117711509	117711711	DNA/hAT-Charlie	1018	+	101	117711610	6090
chr6	117705520	117905520	harbor1	chr6	117736497	117736703	DNA/hAT-Charlie	939	+	103	117736600	31080
chr6	117705520	117905520	harbor1	chr6	117769529	117769703	DNA/hAT-Charlie	692	+	87	117769616	64096
chr6	88558850	88758850	harbor1	chr6	88608561	88608786	DNA/hAT-Charlie	723	+	112	88608673	49823
chr6	88558850	88758850	harbor1	chr6	88620683	88620980	DNA/hAT-Charlie	1184	+	148	88620831	61981
chr6	88558850	88758850	harbor1	chr6	88656543	88656686	DNA/hAT-Charlie	616	+	72	88656615	97765
chr6	88558850	88758850	harbor1	chr6	88620998	88621129	DNA/hAT-Charlie	594	+	66	88621064	62214
chr6	57448002	57648002	harbor1	chr6	57517391	57517601	DNA/hAT-Charlie	1010	+	105	57517496	69494
chr6	117523503	117723503	harbor1	chr6	117524579	117524879	DNA/hAT-Charlie	1199	+	150	117524729	1226
chr6	117523503	117723503	harbor1	chr6	117587637	117587851	DNA/hAT-Charlie	1083	+	107	117587744	64241
chr6	117523503	117723503	harbor1	chr6	117588562	117588898	DNA/hAT-Charlie	966	+	168	117588730	65227
chr6	100740193	100940193	harbor1	chr6	100745610	100745800	DNA/hAT-Charlie	647	+	95	100745705	5512
chr6	100740193	100940193	harbor1	chr6	100750268	100750496	DNA/hAT-Charlie	769	+	114	100750382	10189
chr6	100740193	100940193	harbor1	chr6	100782181	100782412	DNA/hAT-Charlie	488	+	116	100782297	42104
chr6	100740193	100940193	harbor1	chr6	100792883	100793247	DNA/hAT-Charlie	750	+	182	100793065	52872
chr6	100740193	100940193	harbor1	chr6	100793266	100793440	DNA/hAT-Charlie	576	+	87	100793353	53160
chr6	100740193	100940193	harbor1	chr6	100793433	100793530	DNA/hAT-Charlie	449	+	48	100793481	53288
chr6	100740193	100940193	harbor1	chr6	100807438	100808714	DNA/hAT-Charlie	5265	+	638	100808076	67883
chr6	100740193	100940193	harbor1	chr6	100809553	100809693	DNA/hAT-Charlie	700	+	70	100809623	69430
chr6	100740193	100940193	harbor1	chr6	100825163	100825305	DNA/hAT-Charlie	981	+	71	100825234	85041
chr6	152454466	152654466	harbor1	chr6	152512969	152513143	DNA/hAT-Charlie	692	+	87	152513056	58590
chr6	50922904	51122904	harbor1	chr6	50954933	50955144	DNA/hAT-Charlie	895	+	106	50955039	32135
chr6	50922904	51122904	harbor1	chr6	50990293	50990517	DNA/hAT-Charlie	1530	+	112	50990405	67501
chr6	81785581	81985581	harbor1	chr6	81814158	81814328	DNA/hAT-Charlie	665	+	85	81814243	28662
chr6	161034486	161234486	harbor1	chr6	161040455	161040588	DNA/hAT-Charlie	514	+	66	161040521	6035
chr6	161034486	161234486	harbor1	chr6	161058196	161058328	DNA/hAT-Charlie	451	+	66	161058262	23776
chr6	161034486	161234486	harbor1	chr6	161081193	161081391	DNA/hAT-Charlie	604	+	99	161081292	46806
chr6	161034486	161234486	harbor1	chr6	161114849	161115022	DNA/hAT-Charlie	747	+	86	161114935	80449
chr6	141986311	142186311	harbor1	chr6	142084431	142084652	DNA/hAT-Charlie	532	+	110	142084541	98230
chr6	98759920	98959920	harbor1	chr6	98776126	98776321	DNA/hAT-Charlie	804	+	98	98776224	16304
chr6	98759920	98959920	harbor1	chr6	98814138	98814241	DNA/hAT-Charlie	472	+	52	98814190	54270
chr6	109462889	109662889	harbor1	chr6	109463443	109463558	DNA/hAT-Charlie	534	+	58	109463501	612
chr6	109462889	109662889	harbor1	chr6	109463546	109463909	DNA/hAT-Charlie	1522	+	182	109463728	839
chr6	109462889	109662889	harbor1	chr6	109480021	109480167	DNA/hAT-Charlie	540	+	73	109480094	17205
chr6	140403	340403	harbor1	chr6	153851	154071	DNA/hAT-Charlie	791	+	110	153961	13558
chr6	140403	340403	harbor1	chr6	204946	205127	DNA/hAT-Charlie	837	+	90	205036	64633
chr6	167063438	167263438	harbor1	chr6	167096490	167096718	DNA/hAT-Charlie	1255	+	114	167096604	33166
chr6	167063438	167263438	harbor1	chr6	167097020	167097097	DNA/hAT-Charlie	1255	+	38	167097058	33620
chr6	167063438	167263438	harbor1	chr6	167098135	167098408	DNA/hAT-Charlie	779	+	136	167098271	34833
chr6	167063438	167263438	harbor1	chr6	167135749	167135898	DNA/hAT-Charlie	752	+	74	167135823	72385
chr6	54694823	54894823	harbor1	chr6	54701574	54701849	DNA/hAT-Charlie	587	+	138	54701712	6889
chr6	54694823	54894823	harbor1	chr6	54707033	54707177	DNA/hAT-Charlie	523	+	72	54707105	12282
chr6	54694823	54894823	harbor1	chr6	54708357	54708518	DNA/hAT-Charlie	546	+	80	54708437	13614
chr6	54694823	54894823	harbor1	chr6	54710936	54711051	DNA/hAT-Charlie	621	+	58	54710994	16171
chr6	54694823	54894823	harbor1	chr6	54711115	54711299	DNA/hAT-Charlie	842	+	92	54711207	16384
chr6	113974501	114174501	harbor1	chr6	114040786	114040982	DNA/hAT-Charlie	762	+	98	114040884	66383
chr6	113974501	114174501	harbor1	chr6	114060512	114060683	DNA/hAT-Charlie	644	+	86	114060598	86097
chr6	123235712	123435712	harbor1	chr6	123251297	123251575	DNA/hAT-Charlie	988	+	139	123251436	15724
chr6	123235712	123435712	harbor1	chr6	123286809	123286976	DNA/hAT-Charlie	784	+	84	123286893	51181
chr6	45111403	45311403	harbor1	chr6	45149921	45150096	DNA/hAT-Charlie	607	+	88	45150009	38606
chr6	45111403	45311403	harbor1	chr6	45190024	45190207	DNA/hAT-Charlie	419	+	92	45190116	78713
chr6	45111403	45311403	harbor1	chr6	45195281	45195509	DNA/hAT-Charlie	492	+	114	45195395	83992
chr6	5624982	5824982	harbor1	chr6	5699383	5699502	DNA/hAT-Charlie	650	+	60	5699443	74461
chr6	5624982	5824982	harbor1	chr6	5704600	5704877	DNA/hAT-Charlie	605	+	138	5704738	79756
chr6	25548072	25748072	harbor1	chr6	25594651	25594830	DNA/hAT-Charlie	1023	+	90	25594741	46669
chr6	25548072	25748072	harbor1	chr6	25606746	25606912	DNA/hAT-Charlie	636	+	83	25606829	58757
chr6	25548072	25748072	harbor1	chr6	25625937	25626389	DNA/hAT-Charlie	1399	+	226	25626163	78091
chr6	25548072	25748072	harbor1	chr6	25632170	25632415	DNA/hAT-Charlie	806	+	122	25632292	84220
chr6	25548072	25748072	harbor1	chr6	25633944	25634027	DNA/hAT-Charlie	458	+	42	25633986	85914
chr6	82976216	83176216	harbor1	chr6	83039548	83039621	DNA/hAT-Charlie	519	+	36	83039584	63368
chr6	82976216	83176216	harbor1	chr6	83039940	83040060	DNA/hAT-Charlie	519	+	60	83040000	63784
chr6	82976216	83176216	harbor1	chr6	83053056	83053192	DNA/hAT-Charlie	777	+	68	83053124	76908
chr6	82976216	83176216	harbor1	chr6	83069205	83069431	DNA/hAT-Charlie	426	+	113	83069318	93102
chr6	99732432	99932432	harbor1	chr6	99755365	99755573	DNA/hAT-Charlie	894	+	104	99755469	23037
chr6	3943555	4143555	harbor1	chr6	4002406	4002987	DNA/hAT-Charlie	1321	+	290	4002696	59141
chr6	3943555	4143555	harbor1	chr6	4003287	4003503	DNA/hAT-Charlie	1321	+	108	4003395	59840
chr6	3943555	4143555	harbor1	chr6	4011367	4011581	DNA/hAT-Charlie	739	+	107	4011474	67919
chr6	3943555	4143555	harbor1	chr6	4011956	4012119	DNA/hAT-Charlie	630	+	82	4012038	68483
chr6	3943555	4143555	harbor1	chr6	4041633	4041808	DNA/hAT-Charlie	444	+	88	4041721	98166
chr6	24247705	24447705	harbor1	chr6	24334400	24334601	DNA/hAT-Charlie	991	+	100	24334500	86795
chr6	138798632	138998632	harbor1	chr6	138898543	138898693	DNA/hAT-Charlie	760	+	75	138898618	99986
chr6	54697121	54897121	harbor1	chr6	54701574	54701849	DNA/hAT-Charlie	587	+	138	54701712	4591
chr6	54697121	54897121	harbor1	chr6	54707033	54707177	DNA/hAT-Charlie	523	+	72	54707105	9984
chr6	54697121	54897121	harbor1	chr6	54708357	54708518	DNA/hAT-Charlie	546	+	80	54708437	11316
chr6	54697121	54897121	harbor1	chr6	54710936	54711051	DNA/hAT-Charlie	621	+	58	54710994	13873
chr6	54697121	54897121	harbor1	chr6	54711115	54711299	DNA/hAT-Charlie	842	+	92	54711207	14086
chr6	7229988	7429988	harbor1	chr6	7254639	7254737	DNA/hAT-Charlie	456	+	49	7254688	24700
chr6	7229988	7429988	harbor1	chr6	7267515	7267683	DNA/hAT-Charlie	578	+	84	7267599	37611
chr6	125933489	126133489	harbor1	chr6	125955682	125955886	DNA/hAT-Charlie	440	+	102	125955784	22295
chr6	125933489	126133489	harbor1	chr6	125958652	125958905	DNA/hAT-Charlie	868	+	126	125958778	25289
chr6	125933489	126133489	harbor1	chr6	125962766	125962986	DNA/hAT-Charlie	652	+	110	125962876	29387
chr6	125933489	126133489	harbor1	chr6	125963665	125963821	DNA/hAT-Charlie	676	+	78	125963743	30254
chr6	125933489	126133489	harbor1	chr6	125964891	125965081	DNA/hAT-Charlie	414	+	95	125964986	31497
chr6	125933489	126133489	harbor1	chr6	125983006	125983181	DNA/hAT-Charlie	763	+	88	125983094	49605
chr6	125933489	126133489	harbor1	chr6	126003167	126003383	DNA/hAT-Charlie	1398	+	108	126003275	69786
chr6	125933489	126133489	harbor1	chr6	126013607	126013817	DNA/hAT-Charlie	906	+	105	126013712	80223
chr6	125933489	126133489	harbor1	chr6	126019397	126019618	DNA/hAT-Charlie	614	+	110	126019507	86018
chr6	3113258	3313258	harbor1	chr6	3130604	3130722	DNA/hAT-Charlie	592	+	59	3130663	17405
chr6	3113258	3313258	harbor1	chr6	3158466	3158672	DNA/hAT-Charlie	727	+	103	3158569	45311
chr6	3113258	3313258	harbor1	chr6	3200877	3201049	DNA/hAT-Charlie	1066	+	86	3200963	87705
chr6	3113258	3313258	harbor1	chr6	3201052	3201293	DNA/hAT-Charlie	1012	+	120	3201172	87914
chr6	3113258	3313258	harbor1	chr6	3201416	3201734	DNA/hAT-Charlie	1656	+	159	3201575	88317
chr6	3113258	3313258	harbor1	chr6	3209274	3209409	DNA/hAT-Charlie	697	+	68	3209342	96084
chr6	107600402	107800402	harbor1	chr6	107605758	107605916	DNA/hAT-Charlie	579	+	79	107605837	5435
chr6	107600402	107800402	harbor1	chr6	107607394	107607817	DNA/hAT-Charlie	1095	+	212	107607606	7204
chr6	107600402	107800402	harbor1	chr6	107612476	107612588	DNA/hAT-Charlie	882	+	56	107612532	12130
chr6	107600402	107800402	harbor1	chr6	107613067	107613131	DNA/hAT-Charlie	882	+	32	107613099	12697
chr6	107600402	107800402	harbor1	chr6	107619328	107619562	DNA/hAT-Charlie	753	+	117	107619445	19043
chr6	107600402	107800402	harbor1	chr6	107684466	107684647	DNA/hAT-Charlie	659	+	90	107684556	84154
chr6	24052026	24252026	harbor1	chr6	24065370	24065579	DNA/hAT-Charlie	473	+	104	24065474	13448
chr6	6773892	6973892	harbor1	chr6	6793486	6793679	DNA/hAT-Charlie	461	+	96	6793582	19690
chr6	6773892	6973892	harbor1	chr6	6853066	6853229	DNA/hAT-Charlie	822	+	82	6853148	79256
chr6	6773892	6973892	harbor1	chr6	6871653	6871919	DNA/hAT-Charlie	612	+	133	6871786	97894
chr6	22614550	22814550	harbor1	chr6	22617796	22617985	DNA/hAT-Charlie	718	+	94	22617890	3340
chr6	22614550	22814550	harbor1	chr6	22626219	22626451	DNA/hAT-Charlie	1449	+	116	22626335	11785
chr6	83311936	83511936	harbor1	chr6	83372343	83372773	DNA/hAT-Charlie	652	+	215	83372558	60622
chr6	83311936	83511936	harbor1	chr6	83372777	83373238	DNA/hAT-Charlie	1124	+	230	83373007	61071
chr6	83311936	83511936	harbor1	chr6	83373518	83373585	DNA/hAT-Charlie	1124	+	34	83373552	61616
chr6	83311936	83511936	harbor1	chr6	83375913	83376223	DNA/hAT-Charlie	3216	+	155	83376068	64132
chr6	83311936	83511936	harbor1	chr6	83376834	83377405	DNA/hAT-Charlie	3216	+	286	83377120	65184
chr6	135902251	136102251	harbor1	chr6	135911710	135911840	DNA/hAT-Charlie	428	+	65	135911775	9524
chr6	135902251	136102251	harbor1	chr6	135929382	135929672	DNA/hAT-Charlie	1086	+	145	135929527	27276
chr6	135902251	136102251	harbor1	chr6	135960984	135961137	DNA/hAT-Charlie	778	+	76	135961060	58809
chr6	85001241	85201241	harbor1	chr6	85050881	85051091	DNA/hAT-Charlie	967	+	105	85050986	49745
chr6	70568469	70768469	harbor1	chr6	70574522	70574635	DNA/hAT-Charlie	667	+	56	70574578	6109
chr6	70568469	70768469	harbor1	chr6	70640613	70640815	DNA/hAT-Charlie	754	+	101	70640714	72245
chr6	70568469	70768469	harbor1	chr6	70665585	70665795	DNA/hAT-Charlie	631	+	105	70665690	97221
chr6	134023350	134223350	harbor1	chr6	134089319	134089433	DNA/hAT-Charlie	455	+	57	134089376	66026
chr6	134023350	134223350	harbor1	chr6	134109357	134109499	DNA/hAT-Charlie	473	+	71	134109428	86078
chr6	132818469	133018469	harbor1	chr6	132840680	132840916	DNA/hAT-Charlie	1054	+	118	132840798	22329
chr6	132818469	133018469	harbor1	chr6	132841174	132841272	DNA/hAT-Charlie	1054	+	49	132841223	22754
chr6	132818469	133018469	harbor1	chr6	132899501	132899683	DNA/hAT-Charlie	986	+	91	132899592	81123
chr6	125456439	125656439	harbor1	chr6	125503806	125503966	DNA/hAT-Charlie	418	+	80	125503886	47447
chr6	125456439	125656439	harbor1	chr6	125541466	125541638	DNA/hAT-Charlie	796	+	86	125541552	85113
chr6	5304745	5504745	harbor1	chr6	5305089	5305170	DNA/hAT-Charlie	413	+	40	5305129	384
chr6	5304745	5504745	harbor1	chr6	5352024	5352251	DNA/hAT-Charlie	1414	+	114	5352138	47393
chr6	5304745	5504745	harbor1	chr6	5377619	5377926	DNA/hAT-Charlie	810	+	154	5377773	73028
chr6	80418666	80618666	harbor1	chr6	80482340	80482563	DNA/hAT-Charlie	1553	+	112	80482452	63786
chr6	80418666	80618666	harbor1	chr6	80490395	80490570	DNA/hAT-Charlie	1215	+	88	80490483	71817
chr6	126254536	126454536	harbor1	chr6	126293227	126294498	DNA/hAT-Charlie	5085	+	636	126293863	39327
chr6	126254536	126454536	harbor1	chr6	126294536	126295055	DNA/hAT-Charlie	2222	+	260	126294796	40260
chr6	126254536	126454536	harbor1	chr6	126339348	126339528	DNA/hAT-Charlie	650	+	90	126339438	84902
chr6	126254536	126454536	harbor1	chr6	126352133	126352303	DNA/hAT-Charlie	750	+	85	126352218	97682
chr6	117765525	117965525	harbor1	chr6	117769529	117769703	DNA/hAT-Charlie	692	+	87	117769616	4091
chr6	69558022	69758022	harbor1	chr6	69651088	69651172	DNA/hAT-Charlie	413	+	42	69651130	93108
chr6	624018	824018	harbor1	chr6	665945	666152	DNA/hAT-Charlie	684	+	104	666049	42031
chr6	624018	824018	harbor1	chr6	720938	721152	DNA/hAT-Charlie	1489	+	107	721045	97027
chr6	38756841	38956841	harbor1	chr6	38804812	38805058	DNA/hAT-Charlie	980	+	123	38804935	48094
chr6	38756841	38956841	harbor1	chr6	38839091	38839222	DNA/hAT-Charlie	530	+	66	38839157	82316
chr6	38756841	38956841	harbor1	chr6	38848908	38849122	DNA/hAT-Charlie	1170	+	107	38849015	92174
chr6	38756841	38956841	harbor1	chr6	38855720	38856035	DNA/hAT-Charlie	1654	+	158	38855878	99037
chr6	87126938	87326938	harbor1	chr6	87209494	87209910	DNA/hAT-Charlie	1639	+	208	87209702	82764
chr6	72960915	73160915	harbor1	chr6	72974132	72974331	DNA/hAT-Charlie	1074	+	100	72974232	13317
chr6	124139224	124339224	harbor1	chr6	124164265	124164721	DNA/hAT-Charlie	1867	+	228	124164493	25269
chr6	79479490	79679490	harbor1	chr6	79506672	79506828	DNA/hAT-Charlie	699	+	78	79506750	27260
chr6	79479490	79679490	harbor1	chr6	79506830	79507464	DNA/hAT-Charlie	2535	+	317	79507147	27657
chr6	79479490	79679490	harbor1	chr6	79515912	79516210	DNA/hAT-Charlie	1041	+	149	79516061	36571
chr6	79479490	79679490	harbor1	chr6	79520956	79521157	DNA/hAT-Charlie	1077	+	100	79521056	41566
chr6	79479490	79679490	harbor1	chr6	79534881	79535158	DNA/hAT-Charlie	771	+	138	79535019	55529
chr6	79479490	79679490	harbor1	chr6	79544059	79544247	DNA/hAT-Charlie	1393	+	94	79544153	64663
chr6	79479490	79679490	harbor1	chr6	79552694	79552770	DNA/hAT-Charlie	427	+	38	79552732	73242
chr6	79479490	79679490	harbor1	chr6	79494981	79495324	DNA/hAT-Charlie	2235	+	172	79495153	15663
chr6	3909859	4109859	harbor1	chr6	4002406	4002987	DNA/hAT-Charlie	1321	+	290	4002696	92837
chr6	3909859	4109859	harbor1	chr6	4003287	4003503	DNA/hAT-Charlie	1321	+	108	4003395	93536
chr6	67565228	67765228	harbor1	chr6	67642881	67643124	DNA/hAT-Charlie	648	+	122	67643003	77775
chr6	154531721	154731721	harbor1	chr6	154531525	154531727	DNA/hAT-Charlie	941	+	101	154531626	95
chr6	154531721	154731721	harbor1	chr6	154534865	154534962	DNA/hAT-Charlie	538	+	48	154534913	3192
chr6	154531721	154731721	harbor1	chr6	154535188	154535688	DNA/hAT-Charlie	2230	+	250	154535438	3717
chr6	154531721	154731721	harbor1	chr6	154544503	154544674	DNA/hAT-Charlie	612	+	86	154544589	12868
chr6	154531721	154731721	harbor1	chr6	154580081	154580356	DNA/hAT-Charlie	1257	+	138	154580219	48498
chr6	154531721	154731721	harbor1	chr6	154582857	154583017	DNA/hAT-Charlie	433	+	80	154582937	51216
chr6	15113525	15313525	harbor1	chr6	15143564	15143684	DNA/hAT-Charlie	667	+	60	15143624	30099
chr6	15113525	15313525	harbor1	chr6	15148229	15148309	DNA/hAT-Charlie	523	+	40	15148269	34744
chr6	15113525	15313525	harbor1	chr6	15152729	15152843	DNA/hAT-Charlie	448	+	57	15152786	39261
chr6	36222729	36422729	harbor1	chr6	36226418	36226594	DNA/hAT-Charlie	509	+	88	36226506	3777
chr6	36222729	36422729	harbor1	chr6	36294693	36294903	DNA/hAT-Charlie	1155	+	105	36294798	72069
chr6	36222729	36422729	harbor1	chr6	36302668	36302851	DNA/hAT-Charlie	899	+	92	36302760	80031
chr6	36222729	36422729	harbor1	chr6	36302891	36303102	DNA/hAT-Charlie	889	+	106	36302997	80268
chr6	36222729	36422729	harbor1	chr6	36303393	36303444	DNA/hAT-Charlie	889	+	26	36303419	80690
chr6	36222729	36422729	harbor1	chr6	36304833	36305020	DNA/hAT-Charlie	625	+	94	36304927	82198
chr6	36222729	36422729	harbor1	chr6	36305099	36305302	DNA/hAT-Charlie	1216	+	102	36305201	82472
chr6	36222729	36422729	harbor1	chr6	36311059	36311194	DNA/hAT-Charlie	658	+	68	36311127	88398
chr6	36222729	36422729	harbor1	chr6	36224777	36225103	DNA/hAT-Charlie	1890	+	163	36224940	2211
chr6	157849752	158049752	harbor1	chr6	157859928	157860122	DNA/hAT-Charlie	891	+	97	157860025	10273
chr6	157849752	158049752	harbor1	chr6	157909133	157909278	DNA/hAT-Charlie	511	+	72	157909205	59453
chr6	157849752	158049752	harbor1	chr6	157929891	157930113	DNA/hAT-Charlie	1210	+	111	157930002	80250
chr6	157849752	158049752	harbor1	chr6	157930449	157930792	DNA/hAT-Charlie	1767	+	172	157930621	80869
chr6	157849752	158049752	harbor1	chr6	157947286	157947459	DNA/hAT-Charlie	662	+	86	157947372	97620
chr6	87992008	88192008	harbor1	chr6	88016650	88016769	DNA/hAT-Charlie	577	+	60	88016710	24702
chr6	87992008	88192008	harbor1	chr6	88020772	88020981	DNA/hAT-Charlie	1012	+	104	88020876	28868
chr6	87992008	88192008	harbor1	chr6	88025813	88025963	DNA/hAT-Charlie	988	+	75	88025888	33880
chr6	87992008	88192008	harbor1	chr6	88056477	88056633	DNA/hAT-Charlie	819	+	78	88056555	64547
chr6	87992008	88192008	harbor1	chr6	88072955	88073048	DNA/hAT-Charlie	434	+	46	88073001	80993
chr6	19937851	20137851	harbor1	chr6	20037342	20037451	DNA/hAT-Charlie	489	+	54	20037396	99545
chr6	38459905	38659905	harbor1	chr6	38501593	38502021	DNA/hAT-Charlie	1555	+	214	38501807	41902
chr6	51677616	51877616	harbor1	chr6	51681712	51681932	DNA/hAT-Charlie	1186	+	110	51681822	4206
chr6	51677616	51877616	harbor1	chr6	51708787	51708922	DNA/hAT-Charlie	461	+	68	51708855	31239
chr6	51677616	51877616	harbor1	chr6	51731772	51731866	DNA/hAT-Charlie	429	+	47	51731819	54203
chr6	51677616	51877616	harbor1	chr6	51731882	51732206	DNA/hAT-Charlie	814	+	162	51732044	54428
chr6	51677616	51877616	harbor1	chr6	51734052	51734340	DNA/hAT-Charlie	774	+	144	51734196	56580
chr6	79664104	79864104	harbor1	chr6	79682615	79682731	DNA/hAT-Charlie	446	+	58	79682673	18569
chr6	79664104	79864104	harbor1	chr6	79683209	79683326	DNA/hAT-Charlie	446	+	58	79683267	19163
chr6	79664104	79864104	harbor1	chr6	79705125	79705420	DNA/hAT-Charlie	1368	+	148	79705273	41169
chr6	79664104	79864104	harbor1	chr6	79716602	79716733	DNA/hAT-Charlie	537	+	66	79716668	52564
chr6	79664104	79864104	harbor1	chr6	79727144	79727255	DNA/hAT-Charlie	1210	+	56	79727200	63096
chr6	79664104	79864104	harbor1	chr6	79727481	79727580	DNA/hAT-Charlie	1210	+	50	79727531	63427
chr6	79664104	79864104	harbor1	chr6	79749183	79749326	DNA/hAT-Charlie	858	+	72	79749255	85151
chr6	3555333	3755333	harbor1	chr6	3614479	3614698	DNA/hAT-Charlie	976	+	110	3614589	59256
chr6	3555333	3755333	harbor1	chr6	3625099	3625233	DNA/hAT-Charlie	591	+	67	3625166	69833
chr6	73764002	73964002	harbor1	chr6	73801730	73802041	DNA/hAT-Charlie	764	+	156	73801886	37884
chr6	73764002	73964002	harbor1	chr6	73828753	73828960	DNA/hAT-Charlie	1038	+	104	73828857	64855
chr6	81385411	81585411	harbor1	chr6	81454217	81454456	DNA/hAT-Charlie	1337	+	120	81454337	68926
chr6	19972286	20172286	harbor1	chr6	20037342	20037451	DNA/hAT-Charlie	489	+	54	20037396	65110
chr6	146806804	147006804	harbor1	chr6	146891913	146892011	DNA/hAT-Charlie	447	+	49	146891962	85158
chr6	69858095	70058095	harbor1	chr6	69946860	69947088	DNA/hAT-Charlie	1030	+	114	69946974	88879
chr6	24462613	24662613	harbor1	chr6	24490939	24491219	DNA/hAT-Charlie	654	+	140	24491079	28466
chr6	24462613	24662613	harbor1	chr6	24504418	24504627	DNA/hAT-Charlie	1246	+	104	24504522	41909
chr6	24462613	24662613	harbor1	chr6	24536196	24536529	DNA/hAT-Charlie	1982	+	166	24536362	73749
chr6	116222704	116422704	harbor1	chr6	116225851	116226049	DNA/hAT-Charlie	955	+	99	116225950	3246
chr6	116222704	116422704	harbor1	chr6	116244902	116245013	DNA/hAT-Charlie	555	+	56	116244958	22254
chr6	116222704	116422704	harbor1	chr6	116244323	116244505	DNA/hAT-Charlie	951	+	91	116244414	21710
chr6	71821092	72021092	harbor1	chr6	71837284	71837481	DNA/hAT-Charlie	891	+	98	71837382	16290
chr6	71821092	72021092	harbor1	chr6	71847062	71847268	DNA/hAT-Charlie	961	+	103	71847165	26073
chr6	71821092	72021092	harbor1	chr6	71849788	71850008	DNA/hAT-Charlie	1039	+	110	71849898	28806
chr6	71821092	72021092	harbor1	chr6	71869590	71869677	DNA/hAT-Charlie	425	+	44	71869634	48542
chr6	17775647	17975647	harbor1	chr6	17830154	17830390	DNA/hAT-Charlie	888	+	118	17830272	54625
chr6	17775647	17975647	harbor1	chr6	17830372	17830510	DNA/hAT-Charlie	614	+	69	17830441	54794
chr6	17775647	17975647	harbor1	chr6	17844435	17844640	DNA/hAT-Charlie	450	+	102	17844537	68890
chr6	143240959	143440959	harbor1	chr6	143250716	143250933	DNA/hAT-Charlie	1396	+	108	143250824	9865
chr6	143240959	143440959	harbor1	chr6	143267889	143268184	DNA/hAT-Charlie	734	+	148	143268037	27078
chr6	143240959	143440959	harbor1	chr6	143278276	143278456	DNA/hAT-Charlie	973	+	90	143278366	37407
chr6	143240959	143440959	harbor1	chr6	143278768	143278985	DNA/hAT-Charlie	973	+	108	143278876	37917
chr6	143240959	143440959	harbor1	chr6	143329633	143329960	DNA/hAT-Charlie	1594	+	164	143329797	88838
chr6	143240959	143440959	harbor1	chr6	143335144	143335251	DNA/hAT-Charlie	456	+	54	143335198	94239
chr6	143240959	143440959	harbor1	chr6	143335551	143335672	DNA/hAT-Charlie	456	+	60	143335611	94652
chr6	143240959	143440959	harbor1	chr6	143335973	143336083	DNA/hAT-Charlie	432	+	55	143336028	95069
chr6	90455076	90655076	harbor1	chr6	90468353	90468627	DNA/hAT-Charlie	1524	+	137	90468490	13414
chr6	90455076	90655076	harbor1	chr6	90483742	90483852	DNA/hAT-Charlie	599	+	55	90483797	28721
chr6	108006476	108206476	harbor1	chr6	108075291	108075410	DNA/hAT-Charlie	719	+	60	108075351	68875
chr6	108006476	108206476	harbor1	chr6	108075694	108075747	DNA/hAT-Charlie	719	+	26	108075720	69244
chr6	108006476	108206476	harbor1	chr6	108085026	108085206	DNA/hAT-Charlie	933	+	90	108085116	78640
chr6	97763843	97963843	harbor1	chr6	97828363	97828882	DNA/hAT-Charlie	1387	+	260	97828623	64780
chr6	153623845	153823845	harbor1	chr6	153696756	153696975	DNA/hAT-Charlie	1496	+	110	153696866	73021
chr6	63504901	63704901	harbor1	chr6	63523655	63523840	DNA/hAT-Charlie	1155	+	92	63523747	18846
chr6	63504901	63704901	harbor1	chr6	63537218	63537375	DNA/hAT-Charlie	727	+	78	63537296	32395
chr6	63504901	63704901	harbor1	chr6	63597952	63598118	DNA/hAT-Charlie	434	+	83	63598035	93134
chr6	131760859	131960859	harbor1	chr6	131805210	131805427	DNA/hAT-Charlie	444	+	108	131805318	44459
chr6	131760859	131960859	harbor1	chr6	131818163	131818364	DNA/hAT-Charlie	2819	+	100	131818263	57404
chr6	131760859	131960859	harbor1	chr6	131818662	131819269	DNA/hAT-Charlie	2819	+	304	131818966	58107
chr6	131760859	131960859	harbor1	chr6	131821074	131821231	DNA/hAT-Charlie	679	+	78	131821152	60293
chr6	70051944	70251944	harbor1	chr6	70060377	70060902	DNA/hAT-Charlie	3745	+	262	70060639	8695
chr6	70051944	70251944	harbor1	chr6	70081494	70082423	DNA/hAT-Charlie	4708	+	464	70081958	30014
chr6	70051944	70251944	harbor1	chr6	70082711	70082744	DNA/hAT-Charlie	4708	+	16	70082727	30783
chr6	70051944	70251944	harbor1	chr6	70083079	70083550	DNA/hAT-Charlie	4708	+	236	70083315	31371
chr6	70051944	70251944	harbor1	chr6	70086948	70087171	DNA/hAT-Charlie	1019	+	112	70087060	35116
chr6	70051944	70251944	harbor1	chr6	70096766	70096875	DNA/hAT-Charlie	694	+	54	70096820	44876
chr6	70051944	70251944	harbor1	chr6	70097526	70097603	DNA/hAT-Charlie	416	+	38	70097564	45620
chr6	70051944	70251944	harbor1	chr6	70134400	70134596	DNA/hAT-Charlie	455	+	98	70134498	82554
chr6	55954141	56154141	harbor1	chr6	55956551	55956722	DNA/hAT-Charlie	811	+	86	55956637	2496
chr6	55954141	56154141	harbor1	chr6	56042673	56042893	DNA/hAT-Charlie	1107	+	110	56042783	88642
chr6	55954141	56154141	harbor1	chr6	56052020	56052105	DNA/hAT-Charlie	425	+	42	56052062	97921
chr6	20769308	20969308	harbor1	chr6	20795321	20795531	DNA/hAT-Charlie	731	+	105	20795426	26118
chr6	20769308	20969308	harbor1	chr6	20804387	20804670	DNA/hAT-Charlie	970	+	142	20804529	35221
chr6	20769308	20969308	harbor1	chr6	20805333	20805988	DNA/hAT-Charlie	8992	+	328	20805661	36353
chr6	20769308	20969308	harbor1	chr6	20806690	20807226	DNA/hAT-Charlie	8992	+	268	20806958	37650
chr6	20769308	20969308	harbor1	chr6	20821940	20822161	DNA/hAT-Charlie	1173	+	110	20822050	52742
chr6	20769308	20969308	harbor1	chr6	20855632	20855869	DNA/hAT-Charlie	545	+	118	20855750	86442
chr6	20769308	20969308	harbor1	chr6	20807521	20808444	DNA/hAT-Charlie	8992	+	462	20807983	38675
chr6	19440348	19640348	harbor1	chr6	19473012	19473136	DNA/hAT-Charlie	473	+	62	19473074	32726
chr6	19440348	19640348	harbor1	chr6	19490625	19490796	DNA/hAT-Charlie	899	+	86	19490711	50363
chr6	19440348	19640348	harbor1	chr6	19491844	19492004	DNA/hAT-Charlie	423	+	80	19491924	51576
chr6	19440348	19640348	harbor1	chr6	19514633	19514827	DNA/hAT-Charlie	476	+	97	19514730	74382
chr6	19440348	19640348	harbor1	chr6	19514919	19515050	DNA/hAT-Charlie	3474	+	66	19514985	74637
chr6	19440348	19640348	harbor1	chr6	19517367	19517767	DNA/hAT-Charlie	3474	+	200	19517567	77219
chr6	19440348	19640348	harbor1	chr6	19524437	19524654	DNA/hAT-Charlie	1036	+	108	19524545	84197
chr6	60410334	60610334	harbor1	chr6	60410300	60410510	DNA/hAT-Charlie	1006	+	105	60410405	71
chr6	60410334	60610334	harbor1	chr6	60440508	60440655	DNA/hAT-Charlie	617	+	74	60440582	30248
chr6	159247284	159447284	harbor1	chr6	159298966	159299252	DNA/hAT-Charlie	1588	+	143	159299109	51825
chr6	159247284	159447284	harbor1	chr6	159311619	159311826	DNA/hAT-Charlie	844	+	104	159311723	64439
chr6	40323831	40523831	harbor1	chr6	40330588	40330748	DNA/hAT-Charlie	824	+	80	40330668	6837
chr6	40323831	40523831	harbor1	chr6	40388502	40388861	DNA/hAT-Charlie	1121	+	180	40388682	64851
chr6	40323831	40523831	harbor1	chr6	40397836	40398086	DNA/hAT-Charlie	835	+	125	40397961	74130
chr6	40323831	40523831	harbor1	chr6	40418931	40419119	DNA/hAT-Charlie	983	+	94	40419025	95194
chr6	64629114	64829114	harbor1	chr6	64641658	64641996	DNA/hAT-Charlie	2001	+	169	64641827	12713
chr6	166643222	166843222	harbor1	chr6	166673626	166673785	DNA/hAT-Charlie	974	+	80	166673706	30484
chr6	166643222	166843222	harbor1	chr6	166695523	166695682	DNA/hAT-Charlie	894	+	80	166695603	52381
chr6	166643222	166843222	harbor1	chr6	166695907	166696118	DNA/hAT-Charlie	1191	+	106	166696013	52791
chr7	29150227	29350227	harbor1	chr7	29163231	29163449	DNA/hAT-Charlie	791	+	109	29163340	13113
chr7	29150227	29350227	harbor1	chr7	29202990	29203184	DNA/hAT-Charlie	1403	+	97	29203087	52860
chr7	29150227	29350227	harbor1	chr7	29203493	29203621	DNA/hAT-Charlie	1403	+	64	29203557	53330
chr7	29150227	29350227	harbor1	chr7	29229629	29229700	DNA/hAT-Charlie	1052	+	36	29229665	79438
chr7	29150227	29350227	harbor1	chr7	29230005	29230158	DNA/hAT-Charlie	1052	+	76	29230081	79854
chr7	90103790	90303790	harbor1	chr7	90105221	90105333	DNA/hAT-Charlie	478	+	56	90105277	1487
chr7	90103790	90303790	harbor1	chr7	90105566	90105679	DNA/hAT-Charlie	663	+	56	90105622	1832
chr7	90103790	90303790	harbor1	chr7	90154033	90154206	DNA/hAT-Charlie	755	+	86	90154119	50329
chr7	90103790	90303790	harbor1	chr7	90156436	90156776	DNA/hAT-Charlie	2272	+	170	90156606	52816
chr7	90103790	90303790	harbor1	chr7	90172520	90172706	DNA/hAT-Charlie	775	+	93	90172613	68823
chr7	90103790	90303790	harbor1	chr7	90172719	90172913	DNA/hAT-Charlie	1013	+	97	90172816	69026
chr7	1736607	1936607	harbor1	chr7	1755666	1755779	DNA/hAT-Charlie	470	+	56	1755722	19115
chr7	1736607	1936607	harbor1	chr7	1810204	1810449	DNA/hAT-Charlie	603	+	122	1810326	73719
chr7	75518611	75718611	harbor1	chr7	75576829	75577021	DNA/hAT-Charlie	742	+	96	75576925	58314
chr7	75518611	75718611	harbor1	chr7	75601647	75601820	DNA/hAT-Charlie	795	+	86	75601733	83122
chr7	94137973	94337973	harbor1	chr7	94173312	94173446	DNA/hAT-Charlie	578	+	67	94173379	35406
chr7	94137973	94337973	harbor1	chr7	94231661	94231796	DNA/hAT-Charlie	518	+	68	94231729	93756
chr7	72221260	72421260	harbor1	chr7	72285032	72285237	DNA/hAT-Charlie	797	+	102	72285134	63874
chr7	72221260	72421260	harbor1	chr7	72285542	72285634	DNA/hAT-Charlie	797	+	46	72285588	64328
chr7	80204926	80404926	harbor1	chr7	80271655	80271787	DNA/hAT-Charlie	511	+	66	80271721	66795
chr7	80204926	80404926	harbor1	chr7	80273676	80273838	DNA/hAT-Charlie	443	+	81	80273757	68831
chr7	1735810	1935810	harbor1	chr7	1755666	1755779	DNA/hAT-Charlie	470	+	56	1755722	19912
chr7	1735810	1935810	harbor1	chr7	1810204	1810449	DNA/hAT-Charlie	603	+	122	1810326	74516
chr7	112003637	112203637	harbor1	chr7	112026133	112026477	DNA/hAT-Charlie	2200	+	172	112026305	22668
chr7	112003637	112203637	harbor1	chr7	112026488	112026817	DNA/hAT-Charlie	1400	+	164	112026652	23015
chr7	112003637	112203637	harbor1	chr7	112039639	112039931	DNA/hAT-Charlie	543	+	146	112039785	36148
chr7	112003637	112203637	harbor1	chr7	112056441	112056908	DNA/hAT-Charlie	1076	+	234	112056675	53038
chr7	112003637	112203637	harbor1	chr7	112057796	112058024	DNA/hAT-Charlie	552	+	114	112057910	54273
chr7	112003637	112203637	harbor1	chr7	112088969	112089208	DNA/hAT-Charlie	726	+	120	112089089	85452
chr7	140849259	141049259	harbor1	chr7	140850772	140851011	DNA/hAT-Charlie	762	+	120	140850892	1633
chr7	140849259	141049259	harbor1	chr7	140851147	140851341	DNA/hAT-Charlie	491	+	97	140851244	1985
chr7	140849259	141049259	harbor1	chr7	140866687	140866790	DNA/hAT-Charlie	597	+	52	140866739	17480
chr7	140849259	141049259	harbor1	chr7	140887590	140887720	DNA/hAT-Charlie	856	+	65	140887655	38396
chr7	140849259	141049259	harbor1	chr7	140888173	140888550	DNA/hAT-Charlie	856	+	188	140888361	39102
chr7	140849259	141049259	harbor1	chr7	140888859	140889000	DNA/hAT-Charlie	685	+	70	140888929	39670
chr7	140849259	141049259	harbor1	chr7	140890613	140890776	DNA/hAT-Charlie	673	+	82	140890695	41436
chr7	140849259	141049259	harbor1	chr7	140899159	140899359	DNA/hAT-Charlie	589	+	100	140899259	50000
chr7	140849259	141049259	harbor1	chr7	140917716	140918034	DNA/hAT-Charlie	1329	+	159	140917875	68616
chr7	20821087	21021087	harbor1	chr7	20840871	20841097	DNA/hAT-Charlie	2181	+	113	20840984	19897
chr7	20821087	21021087	harbor1	chr7	20841405	20841522	DNA/hAT-Charlie	2181	+	58	20841463	20376
chr7	20821087	21021087	harbor1	chr7	20841828	20841921	DNA/hAT-Charlie	2181	+	46	20841874	20787
chr7	20821087	21021087	harbor1	chr7	20888482	20888808	DNA/hAT-Charlie	2002	+	163	20888645	67558
chr7	20821087	21021087	harbor1	chr7	20892228	20892433	DNA/hAT-Charlie	1057	+	102	20892330	71243
chr7	20821087	21021087	harbor1	chr7	20919080	20919638	DNA/hAT-Charlie	1552	+	279	20919359	98272
chr7	20821087	21021087	harbor1	chr7	20839967	20840572	DNA/hAT-Charlie	2181	+	302	20840269	19182
chr7	119108827	119308827	harbor1	chr7	119150409	119150565	DNA/hAT-Charlie	498	+	78	119150487	41660
chr7	119108827	119308827	harbor1	chr7	119176957	119177159	DNA/hAT-Charlie	709	+	101	119177058	68231
chr7	65736488	65936488	harbor1	chr7	65796838	65797061	DNA/hAT-Charlie	1179	+	112	65796950	60462
chr7	65736488	65936488	harbor1	chr7	65827723	65828158	DNA/hAT-Charlie	3102	+	218	65827941	91453
chr7	67644948	67844948	harbor1	chr7	67650120	67650405	DNA/hAT-Charlie	1583	+	142	67650262	5314
chr7	67644948	67844948	harbor1	chr7	67650711	67650758	DNA/hAT-Charlie	1583	+	24	67650735	5787
chr7	115685579	115885579	harbor1	chr7	115687470	115687687	DNA/hAT-Charlie	950	+	108	115687578	1999
chr7	2087247	2287247	harbor1	chr7	2114608	2114842	DNA/hAT-Charlie	577	+	117	2114725	27478
chr7	2087247	2287247	harbor1	chr7	2135218	2135599	DNA/hAT-Charlie	922	+	190	2135408	48161
chr7	2087247	2287247	harbor1	chr7	2186720	2186781	DNA/hAT-Charlie	544	+	30	2186750	99503
chr7	2087247	2287247	harbor1	chr7	2187093	2187120	DNA/hAT-Charlie	544	+	14	2187107	99860
chr7	125700627	125900627	harbor1	chr7	125719219	125719296	DNA/hAT-Charlie	444	+	38	125719257	18630
chr7	109307046	109507046	harbor1	chr7	109347010	109347162	DNA/hAT-Charlie	471	+	76	109347086	40040
chr7	131046448	131246448	harbor1	chr7	131060819	131061008	DNA/hAT-Charlie	866	+	94	131060913	14465
chr7	131046448	131246448	harbor1	chr7	131094793	131095319	DNA/hAT-Charlie	3754	+	263	131095056	48608
chr7	131046448	131246448	harbor1	chr7	131097145	131097355	DNA/hAT-Charlie	1476	+	105	131097250	50802
chr7	131046448	131246448	harbor1	chr7	131099987	131100159	DNA/hAT-Charlie	900	+	86	131100073	53625
chr7	47137398	47337398	harbor1	chr7	47149307	47149603	DNA/hAT-Charlie	1755	+	148	47149455	12057
chr7	126403725	126603725	harbor1	chr7	126420815	126420960	DNA/hAT-Charlie	961	+	72	126420887	17162
chr7	23889592	24089592	harbor1	chr7	23919317	23919485	DNA/hAT-Charlie	437	+	84	23919401	29809
chr7	23889592	24089592	harbor1	chr7	23932074	23932548	DNA/hAT-Charlie	1799	+	237	23932311	42719
chr7	23889592	24089592	harbor1	chr7	23959900	23960054	DNA/hAT-Charlie	552	+	77	23959977	70385
chr7	23889592	24089592	harbor1	chr7	23965856	23966023	DNA/hAT-Charlie	528	+	84	23965940	76348
chr7	894837	1094837	harbor1	chr7	939084	939221	DNA/hAT-Charlie	587	+	68	939152	44315
chr7	894837	1094837	harbor1	chr7	939518	939547	DNA/hAT-Charlie	587	+	14	939532	44695
chr7	7322911	7522911	harbor1	chr7	7344681	7344804	DNA/hAT-Charlie	645	+	62	7344743	21832
chr7	7322911	7522911	harbor1	chr7	7369292	7369503	DNA/hAT-Charlie	774	+	106	7369398	46487
chr7	7322911	7522911	harbor1	chr7	7397479	7397518	DNA/hAT-Charlie	810	+	20	7397499	74588
chr7	7322911	7522911	harbor1	chr7	7398277	7398622	DNA/hAT-Charlie	810	+	172	7398449	75538
chr7	21472595	21672595	harbor1	chr7	21518672	21518822	DNA/hAT-Charlie	717	+	75	21518747	46152
chr7	21472595	21672595	harbor1	chr7	21545876	21546046	DNA/hAT-Charlie	670	+	85	21545961	73366
chr7	150218205	150418205	harbor1	chr7	150230411	150230743	DNA/hAT-Charlie	1910	+	166	150230577	12372
chr7	150218205	150418205	harbor1	chr7	150260005	150260217	DNA/hAT-Charlie	891	+	106	150260111	41906
chr7	150218205	150418205	harbor1	chr7	150269851	150270031	DNA/hAT-Charlie	832	+	90	150269941	51736
chr7	150218205	150418205	harbor1	chr7	150280104	150280242	DNA/hAT-Charlie	545	+	69	150280173	61968
chr7	150218205	150418205	harbor1	chr7	150281785	150281951	DNA/hAT-Charlie	763	+	83	150281868	63663
chr7	150218205	150418205	harbor1	chr7	150294155	150294360	DNA/hAT-Charlie	666	+	102	150294257	76052
chr7	154463106	154663106	harbor1	chr7	154526417	154526622	DNA/hAT-Charlie	983	+	102	154526519	63413
chr7	154463106	154663106	harbor1	chr7	154547303	154547509	DNA/hAT-Charlie	584	+	103	154547406	84300
chr7	91655850	91855850	harbor1	chr7	91668496	91668635	DNA/hAT-Charlie	576	+	70	91668566	12716
chr7	91655850	91855850	harbor1	chr7	91692407	91692696	DNA/hAT-Charlie	963	+	144	91692551	36701
chr7	91655850	91855850	harbor1	chr7	91727731	91728390	DNA/hAT-Charlie	849	+	330	91728061	72211
chr7	63039994	63239994	harbor1	chr7	63108943	63109188	DNA/hAT-Charlie	735	+	122	63109065	69071
chr7	133667089	133867089	harbor1	chr7	133671996	133672109	DNA/hAT-Charlie	896	+	56	133672052	4963
chr7	133667089	133867089	harbor1	chr7	133672409	133672498	DNA/hAT-Charlie	896	+	44	133672453	5364
chr7	133667089	133867089	harbor1	chr7	133725045	133725211	DNA/hAT-Charlie	657	+	83	133725128	58039
chr7	78942432	79142432	harbor1	chr7	78963107	78963278	DNA/hAT-Charlie	713	+	86	78963193	20761
chr7	78942432	79142432	harbor1	chr7	78982938	78983222	DNA/hAT-Charlie	1206	+	142	78983080	40648
chr7	79769351	79969351	harbor1	chr7	79812155	79812316	DNA/hAT-Charlie	622	+	80	79812235	42884
chr7	79769351	79969351	harbor1	chr7	79848628	79848808	DNA/hAT-Charlie	720	+	90	79848718	79367
chr7	11037962	11237962	harbor1	chr7	11095558	11095739	DNA/hAT-Charlie	660	+	90	11095648	57686
chr7	11037962	11237962	harbor1	chr7	11137024	11137358	DNA/hAT-Charlie	1413	+	167	11137191	99229
chr7	11037962	11237962	harbor1	chr7	11137537	11137587	DNA/hAT-Charlie	873	+	25	11137562	99600
chr7	56526456	56726456	harbor1	chr7	56577353	56577473	DNA/hAT-Charlie	513	+	60	56577413	50957
chr7	16541080	16741080	harbor1	chr7	16553554	16553768	DNA/hAT-Charlie	680	+	107	16553661	12581
chr7	16541080	16741080	harbor1	chr7	16575295	16575451	DNA/hAT-Charlie	680	+	78	16575373	34293
chr7	38792830	38992830	harbor1	chr7	38876011	38876233	DNA/hAT-Charlie	1187	+	111	38876122	83292
chr7	38792830	38992830	harbor1	chr7	38891444	38891648	DNA/hAT-Charlie	477	+	102	38891546	98716
chr7	65321370	65521370	harbor1	chr7	65372840	65373119	DNA/hAT-Charlie	790	+	140	65372980	51610
chr7	7265837	7465837	harbor1	chr7	7269913	7270688	DNA/hAT-Charlie	2591	+	388	7270301	4464
chr7	7265837	7465837	harbor1	chr7	7272180	7272865	DNA/hAT-Charlie	1659	+	342	7272522	6685
chr7	7265837	7465837	harbor1	chr7	7282343	7282624	DNA/hAT-Charlie	1034	+	140	7282483	16646
chr7	7265837	7465837	harbor1	chr7	7344681	7344804	DNA/hAT-Charlie	645	+	62	7344743	78906
chr7	127202488	127402488	harbor1	chr7	127213258	127213452	DNA/hAT-Charlie	833	+	97	127213355	10867
chr7	127202488	127402488	harbor1	chr7	127234596	127234790	DNA/hAT-Charlie	779	+	97	127234693	32205
chr7	69394831	69594831	harbor1	chr7	69456805	69456964	DNA/hAT-Charlie	751	+	80	69456885	62054
chr7	69394831	69594831	harbor1	chr7	69461437	69461975	DNA/hAT-Charlie	3662	+	269	69461706	66875
chr7	104136121	104336121	harbor1	chr7	104140802	104140916	DNA/hAT-Charlie	625	+	57	104140859	4738
chr7	104136121	104336121	harbor1	chr7	104185542	104185685	DNA/hAT-Charlie	614	+	72	104185614	49493
chr7	104136121	104336121	harbor1	chr7	104203235	104203440	DNA/hAT-Charlie	667	+	102	104203337	67216
chr7	104136121	104336121	harbor1	chr7	104222009	104222196	DNA/hAT-Charlie	578	+	94	104222103	85982
chr7	105957962	106157962	harbor1	chr7	106023048	106023144	DNA/hAT-Charlie	558	+	48	106023096	65134
chr7	105957962	106157962	harbor1	chr7	106052845	106053116	DNA/hAT-Charlie	1086	+	136	106052981	95019
chr7	38457527	38657527	harbor1	chr7	38504022	38504322	DNA/hAT-Charlie	883	+	150	38504172	46645
chr7	38457527	38657527	harbor1	chr7	38524759	38524999	DNA/hAT-Charlie	442	+	120	38524879	67352
chr7	38457527	38657527	harbor1	chr7	38529355	38529551	DNA/hAT-Charlie	523	+	98	38529453	71926
chr7	38457527	38657527	harbor1	chr7	38550199	38550347	DNA/hAT-Charlie	618	+	74	38550273	92746
chr7	26718798	26918798	harbor1	chr7	26728266	26728464	DNA/hAT-Charlie	642	+	99	26728365	9567
chr7	132182744	132382744	harbor1	chr7	132242956	132243058	DNA/hAT-Charlie	444	+	51	132243007	60263
chr7	132182744	132382744	harbor1	chr7	132243089	132243233	DNA/hAT-Charlie	620	+	72	132243161	60417
chr7	65698316	65898316	harbor1	chr7	65699186	65699386	DNA/hAT-Charlie	1130	+	100	65699286	970
chr7	65698316	65898316	harbor1	chr7	65705360	65705683	DNA/hAT-Charlie	1250	+	162	65705522	7206
chr7	65698316	65898316	harbor1	chr7	65719864	65720040	DNA/hAT-Charlie	458	+	88	65719952	21636
chr7	65698316	65898316	harbor1	chr7	65796838	65797061	DNA/hAT-Charlie	1179	+	112	65796950	98634
chr7	131818360	132018360	harbor1	chr7	131828107	131828285	DNA/hAT-Charlie	887	+	89	131828196	9836
chr7	131818360	132018360	harbor1	chr7	131862917	131863103	DNA/hAT-Charlie	920	+	93	131863010	44650
chr7	131818360	132018360	harbor1	chr7	131878305	131878511	DNA/hAT-Charlie	1081	+	103	131878408	60048
chr7	131818360	132018360	harbor1	chr7	131883260	131883415	DNA/hAT-Charlie	831	+	78	131883338	64978
chr7	119415218	119615218	harbor1	chr7	119457895	119459069	DNA/hAT-Charlie	3668	+	587	119458482	43264
chr7	17766358	17966358	harbor1	chr7	17769070	17769189	DNA/hAT-Charlie	2017	+	60	17769130	2772
chr7	17766358	17966358	harbor1	chr7	17769499	17769727	DNA/hAT-Charlie	2017	+	114	17769613	3255
chr7	17766358	17966358	harbor1	chr7	17779396	17779590	DNA/hAT-Charlie	1021	+	97	17779493	13135
chr7	17766358	17966358	harbor1	chr7	17788022	17788147	DNA/hAT-Charlie	606	+	62	17788084	21726
chr7	17766358	17966358	harbor1	chr7	17797570	17797740	DNA/hAT-Charlie	668	+	85	17797655	31297
chr7	94087816	94287816	harbor1	chr7	94102740	94102930	DNA/hAT-Charlie	877	+	95	94102835	15019
chr7	94087816	94287816	harbor1	chr7	94108706	94108932	DNA/hAT-Charlie	826	+	113	94108819	21003
chr7	94087816	94287816	harbor1	chr7	94173312	94173446	DNA/hAT-Charlie	578	+	67	94173379	85563
chr7	11693908	11893908	harbor1	chr7	11728021	11728168	DNA/hAT-Charlie	588	+	74	11728095	34187
chr7	11693908	11893908	harbor1	chr7	11728381	11728683	DNA/hAT-Charlie	631	+	151	11728532	34624
chr7	11693908	11893908	harbor1	chr7	11728802	11729240	DNA/hAT-Charlie	537	+	219	11729021	35113
chr7	11693908	11893908	harbor1	chr7	11729368	11729792	DNA/hAT-Charlie	524	+	212	11729580	35672
chr7	11693908	11893908	harbor1	chr7	11729827	11730244	DNA/hAT-Charlie	948	+	208	11730035	36127
chr7	11693908	11893908	harbor1	chr7	11755046	11755244	DNA/hAT-Charlie	761	+	99	11755145	61237
chr7	134981139	135181139	harbor1	chr7	135016070	135016523	DNA/hAT-Charlie	921	+	226	135016296	35157
chr7	94763305	94963305	harbor1	chr7	94842402	94842605	DNA/hAT-Charlie	774	+	102	94842504	79199
chr7	485438	685438	harbor1	chr7	524204	524423	DNA/hAT-Charlie	734	+	110	524314	38876
chr7	72629958	72829958	harbor1	chr7	72635359	72635578	DNA/hAT-Charlie	1135	+	110	72635469	5511
chr7	72629958	72829958	harbor1	chr7	72715063	72715237	DNA/hAT-Charlie	643	+	87	72715150	85192
chr7	72629958	72829958	harbor1	chr7	72715252	72715407	DNA/hAT-Charlie	645	+	78	72715330	85372
chr7	72629958	72829958	harbor1	chr7	72727469	72727544	DNA/hAT-Charlie	793	+	38	72727507	97549
chr7	72629958	72829958	harbor1	chr7	72727841	72727954	DNA/hAT-Charlie	793	+	56	72727897	97939
chr7	24979217	25179217	harbor1	chr7	25009857	25010184	DNA/hAT-Charlie	1674	+	164	25010021	30804
chr7	24979217	25179217	harbor1	chr7	25013850	25014298	DNA/hAT-Charlie	1774	+	224	25014074	34857
chr7	24979217	25179217	harbor1	chr7	25063055	25063578	DNA/hAT-Charlie	3791	+	262	25063317	84100
chr7	8361108	8561108	harbor1	chr7	8362232	8362347	DNA/hAT-Charlie	570	+	58	8362290	1182
chr7	8361108	8561108	harbor1	chr7	8362367	8362563	DNA/hAT-Charlie	822	+	98	8362465	1357
chr7	8361108	8561108	harbor1	chr7	8393535	8394207	DNA/hAT-Charlie	1608	+	336	8393871	32763
chr7	8361108	8561108	harbor1	chr7	8394464	8394501	DNA/hAT-Charlie	1608	+	18	8394482	33374
chr7	8361108	8561108	harbor1	chr7	8412188	8412357	DNA/hAT-Charlie	985	+	84	8412272	51164
chr7	158329298	158529298	harbor1	chr7	158382519	158383018	DNA/hAT-Charlie	1951	+	250	158382769	53471
chr7	112955357	113155357	harbor1	chr7	113015943	113016122	DNA/hAT-Charlie	837	+	90	113016033	60676
chr7	112955357	113155357	harbor1	chr7	113028864	113029020	DNA/hAT-Charlie	484	+	78	113028942	73585
chr7	112955357	113155357	harbor1	chr7	113029070	113029834	DNA/hAT-Charlie	2506	+	382	113029452	74095
chr7	112955357	113155357	harbor1	chr7	113039448	113039486	DNA/hAT-Charlie	472	+	19	113039467	84110
chr7	112955357	113155357	harbor1	chr7	113039853	113040085	DNA/hAT-Charlie	472	+	116	113039969	84612
chr7	112955357	113155357	harbor1	chr7	113042433	113042582	DNA/hAT-Charlie	520	+	74	113042507	87150
chr7	114299650	114499650	harbor1	chr7	114313924	114314037	DNA/hAT-Charlie	451	+	56	114313980	14330
chr7	47384860	47584860	harbor1	chr7	47423603	47423766	DNA/hAT-Charlie	723	+	82	47423685	38825
chr7	47384860	47584860	harbor1	chr7	47429073	47429372	DNA/hAT-Charlie	909	+	150	47429223	44363
chr7	47384860	47584860	harbor1	chr7	47429675	47429711	DNA/hAT-Charlie	909	+	18	47429693	44833
chr7	8357451	8557451	harbor1	chr7	8362232	8362347	DNA/hAT-Charlie	570	+	58	8362290	4839
chr7	8357451	8557451	harbor1	chr7	8362367	8362563	DNA/hAT-Charlie	822	+	98	8362465	5014
chr7	8357451	8557451	harbor1	chr7	8393535	8394207	DNA/hAT-Charlie	1608	+	336	8393871	36420
chr7	8357451	8557451	harbor1	chr7	8394464	8394501	DNA/hAT-Charlie	1608	+	18	8394482	37031
chr7	8357451	8557451	harbor1	chr7	8412188	8412357	DNA/hAT-Charlie	985	+	84	8412272	54821
chr7	3449448	3649448	harbor1	chr7	3491249	3491421	DNA/hAT-Charlie	524	+	86	3491335	41887
chr7	3449448	3649448	harbor1	chr7	3509859	3510049	DNA/hAT-Charlie	636	+	95	3509954	60506
chr7	87404809	87604809	harbor1	chr7	87457001	87457137	DNA/hAT-Charlie	453	+	68	87457069	52260
chr7	87404809	87604809	harbor1	chr7	87457422	87457458	DNA/hAT-Charlie	453	+	18	87457440	52631
chr7	121815146	122015146	harbor1	chr7	121822015	121822329	DNA/hAT-Charlie	1637	+	157	121822172	7026
chr7	121815146	122015146	harbor1	chr7	121837044	121837365	DNA/hAT-Charlie	1154	+	160	121837204	22058
chr7	18397336	18597336	harbor1	chr7	18413362	18413727	DNA/hAT-Charlie	633	+	182	18413544	16208
chr7	66085610	66285610	harbor1	chr7	66091122	66091274	DNA/hAT-Charlie	598	+	76	66091198	5588
chr7	66085610	66285610	harbor1	chr7	66172431	66172482	DNA/hAT-Charlie	922	+	26	66172457	86847
chr7	66085610	66285610	harbor1	chr7	66172785	66172925	DNA/hAT-Charlie	922	+	70	66172855	87245
chr7	8579975	8779975	harbor1	chr7	8593910	8594043	DNA/hAT-Charlie	548	+	66	8593976	14001
chr7	8579975	8779975	harbor1	chr7	8617023	8617217	DNA/hAT-Charlie	857	+	97	8617120	37145
chr7	90742581	90942581	harbor1	chr7	90761564	90761784	DNA/hAT-Charlie	1221	+	110	90761674	19093
chr7	90742581	90942581	harbor1	chr7	90777459	90777620	DNA/hAT-Charlie	606	+	80	90777539	34958
chr7	90742581	90942581	harbor1	chr7	90793727	90793925	DNA/hAT-Charlie	774	+	99	90793826	51245
chr7	90742581	90942581	harbor1	chr7	90795011	90795621	DNA/hAT-Charlie	1688	+	305	90795316	52735
chr7	56248624	56448624	harbor1	chr7	56316050	56316265	DNA/hAT-Charlie	1072	+	108	56316158	67534
chr7	35087352	35287352	harbor1	chr7	35092236	35092402	DNA/hAT-Charlie	1013	+	83	35092319	4967
chr7	35087352	35287352	harbor1	chr7	35101041	35101227	DNA/hAT-Charlie	592	+	93	35101134	13782
chr7	42931029	43131029	harbor1	chr7	42941872	42942026	DNA/hAT-Charlie	605	+	77	42941949	10920
chr7	42931029	43131029	harbor1	chr7	43025218	43025806	DNA/hAT-Charlie	1331	+	294	43025512	94483
chr7	154500976	154700976	harbor1	chr7	154526417	154526622	DNA/hAT-Charlie	983	+	102	154526519	25543
chr7	154500976	154700976	harbor1	chr7	154547303	154547509	DNA/hAT-Charlie	584	+	103	154547406	46430
chr7	154500976	154700976	harbor1	chr7	154589501	154589708	DNA/hAT-Charlie	913	+	104	154589605	88629
chr7	126295872	126495872	harbor1	chr7	126365006	126365243	DNA/hAT-Charlie	940	+	118	126365124	69252
chr7	645232	845232	harbor1	chr7	731571	731768	DNA/hAT-Charlie	1248	+	98	731669	86437
chr7	158589512	158789512	harbor1	chr7	158607496	158607627	DNA/hAT-Charlie	443	+	66	158607562	18050
chr7	158589512	158789512	harbor1	chr7	158607702	158608002	DNA/hAT-Charlie	3059	+	150	158607852	18340
chr7	158589512	158789512	harbor1	chr7	158608308	158608926	DNA/hAT-Charlie	3059	+	309	158608617	19105
chr7	158589512	158789512	harbor1	chr7	158609073	158609216	DNA/hAT-Charlie	548	+	72	158609145	19633
chr7	158589512	158789512	harbor1	chr7	158678339	158678499	DNA/hAT-Charlie	555	+	80	158678419	88907
chr7	99180467	99380467	harbor1	chr7	99235618	99235933	DNA/hAT-Charlie	1221	+	158	99235776	55309
chr7	99180467	99380467	harbor1	chr7	99264903	99264947	DNA/hAT-Charlie	526	+	22	99264925	84458
chr7	1815240	2015240	harbor1	chr7	1877177	1877378	DNA/hAT-Charlie	922	+	100	1877277	62037
chr7	35848454	36048454	harbor1	chr7	35854371	35854563	DNA/hAT-Charlie	1215	+	96	35854467	6013
chr7	35848454	36048454	harbor1	chr7	35902374	35902535	DNA/hAT-Charlie	522	+	80	35902454	54000
chr7	35848454	36048454	harbor1	chr7	35864439	35864718	DNA/hAT-Charlie	1018	+	140	35864579	16125
chr7	104461229	104661229	harbor1	chr7	104493846	104494104	DNA/hAT-Charlie	879	+	129	104493975	32746
chr7	104461229	104661229	harbor1	chr7	104518039	104518535	DNA/hAT-Charlie	1067	+	248	104518287	57058
chr7	104461229	104661229	harbor1	chr7	104518861	104518997	DNA/hAT-Charlie	1067	+	68	104518929	57700
chr7	104461229	104661229	harbor1	chr7	104539632	104539911	DNA/hAT-Charlie	699	+	140	104539772	78543
chr7	104461229	104661229	harbor1	chr7	104540319	104540525	DNA/hAT-Charlie	1048	+	103	104540422	79193
chr7	759406	959406	harbor1	chr7	776775	777284	DNA/hAT-Charlie	3445	+	254	777029	17623
chr7	759406	959406	harbor1	chr7	787743	787860	DNA/hAT-Charlie	454	+	58	787801	28395
chr7	759406	959406	harbor1	chr7	799140	799503	DNA/hAT-Charlie	2333	+	182	799322	39916
chr7	44753	244753	harbor1	chr7	58541	58760	DNA/hAT-Charlie	1281	+	110	58651	13898
chr7	44753	244753	harbor1	chr7	93409	93710	DNA/hAT-Charlie	1506	+	150	93559	48806
chr7	92154591	92354591	harbor1	chr7	92231304	92231491	DNA/hAT-Charlie	660	+	94	92231398	76807
chr7	109702072	109902072	harbor1	chr7	109718697	109719066	DNA/hAT-Charlie	935	+	184	109718881	16809
chr7	28930734	29130734	harbor1	chr7	28970490	28970640	DNA/hAT-Charlie	722	+	75	28970565	39831
chr7	28930734	29130734	harbor1	chr7	28975492	28975658	DNA/hAT-Charlie	759	+	83	28975575	44841
chr7	123012852	123212852	harbor1	chr7	123053500	123053837	DNA/hAT-Charlie	2194	+	168	123053668	40816
chr7	123012852	123212852	harbor1	chr7	123072360	123072501	DNA/hAT-Charlie	632	+	70	123072430	59578
chr7	123012852	123212852	harbor1	chr7	123094977	123095204	DNA/hAT-Charlie	962	+	114	123095091	82239
chr7	99278987	99478987	harbor1	chr7	99308549	99308731	DNA/hAT-Charlie	867	+	91	99308640	29653
chr7	99278987	99478987	harbor1	chr7	99337742	99337953	DNA/hAT-Charlie	658	+	106	99337848	58861
chr7	18539590	18739590	harbor1	chr7	18544888	18545111	DNA/hAT-Charlie	1193	+	112	18545000	5410
chr7	18539590	18739590	harbor1	chr7	18545124	18545425	DNA/hAT-Charlie	1314	+	150	18545274	5684
chr7	18539590	18739590	harbor1	chr7	18545429	18545583	DNA/hAT-Charlie	597	+	77	18545506	5916
chr7	18539590	18739590	harbor1	chr7	18609181	18609420	DNA/hAT-Charlie	619	+	120	18609301	69711
chr7	140405165	140605165	harbor1	chr7	140422506	140422598	DNA/hAT-Charlie	464	+	46	140422552	17387
chr7	140405165	140605165	harbor1	chr7	140448924	140449012	DNA/hAT-Charlie	464	+	44	140448968	43803
chr7	16965530	17165530	harbor1	chr7	17006909	17007054	DNA/hAT-Charlie	1324	+	72	17006981	41451
chr7	16965530	17165530	harbor1	chr7	17007363	17007447	DNA/hAT-Charlie	1324	+	42	17007405	41875
chr7	122023517	122223517	harbor1	chr7	122062265	122062331	DNA/hAT-Charlie	524	+	33	122062298	38781
chr7	122023517	122223517	harbor1	chr7	122062686	122062751	DNA/hAT-Charlie	524	+	32	122062718	39201
chr7	122023517	122223517	harbor1	chr7	122063115	122063263	DNA/hAT-Charlie	510	+	74	122063189	39672
chr7	122023517	122223517	harbor1	chr7	122064232	122064430	DNA/hAT-Charlie	994	+	99	122064331	40814
chr7	122023517	122223517	harbor1	chr7	122072386	122072600	DNA/hAT-Charlie	853	+	107	122072493	48976
chr7	122023517	122223517	harbor1	chr7	122080263	122080449	DNA/hAT-Charlie	879	+	93	122080356	56839
chr7	122023517	122223517	harbor1	chr7	122090300	122090438	DNA/hAT-Charlie	535	+	69	122090369	66852
chr7	51097805	51297805	harbor1	chr7	51133455	51133609	DNA/hAT-Charlie	695	+	77	51133532	35727
chr7	51097805	51297805	harbor1	chr7	51152985	51153306	DNA/hAT-Charlie	588	+	160	51153145	55340
chr7	51097805	51297805	harbor1	chr7	51171118	51172090	DNA/hAT-Charlie	2209	+	486	51171604	73799
chr7	51097805	51297805	harbor1	chr7	51185186	51185306	DNA/hAT-Charlie	537	+	60	51185246	87441
chr7	144459680	144659680	harbor1	chr7	144488023	144488144	DNA/hAT-Charlie	624	+	60	144488083	28403
chr7	144459680	144659680	harbor1	chr7	144516855	144517035	DNA/hAT-Charlie	550	+	90	144516945	57265
chr7	144459680	144659680	harbor1	chr7	144553903	144554122	DNA/hAT-Charlie	1540	+	110	144554013	94333
chr7	45691810	45891810	harbor1	chr7	45701018	45701356	DNA/hAT-Charlie	743	+	169	45701187	9377
chr7	45691810	45891810	harbor1	chr7	45701356	45701628	DNA/hAT-Charlie	584	+	136	45701492	9682
chr7	45691810	45891810	harbor1	chr7	45733903	45734435	DNA/hAT-Charlie	1371	+	266	45734169	42359
chr7	45691810	45891810	harbor1	chr7	45760205	45760387	DNA/hAT-Charlie	945	+	91	45760296	68486
chr7	45691810	45891810	harbor1	chr7	45764953	45765107	DNA/hAT-Charlie	595	+	77	45765030	73220
chr7	45691810	45891810	harbor1	chr7	45765247	45765436	DNA/hAT-Charlie	820	+	94	45765341	73531
chr7	3608445	3808445	harbor1	chr7	3607893	3609290	DNA/hAT-Charlie	4998	+	698	3608591	146
chr7	3608445	3808445	harbor1	chr7	3688952	3689190	DNA/hAT-Charlie	796	+	119	3689071	80626
chr7	53726217	53926217	harbor1	chr7	53759140	53759426	DNA/hAT-Charlie	471	+	143	53759283	33066
chr7	27039437	27239437	harbor1	chr7	27054392	27054567	DNA/hAT-Charlie	520	+	88	27054480	15043
chr7	60889279	61089279	harbor1	chr7	60896233	60896421	DNA/hAT-Charlie	501	+	94	60896327	7048
chr7	60889279	61089279	harbor1	chr7	60972394	60972576	DNA/hAT-Charlie	573	+	91	60972485	83206
chr8	89082825	89282825	harbor1	chr8	89124626	89124865	DNA/hAT-Charlie	880	+	120	89124746	41921
chr8	89082825	89282825	harbor1	chr8	89125173	89126028	DNA/hAT-Charlie	2013	+	428	89125601	42776
chr8	50105117	50305117	harbor1	chr8	50140944	50141053	DNA/hAT-Charlie	470	+	54	50140998	35881
chr8	53052913	53252913	harbor1	chr8	53085272	53085621	DNA/hAT-Charlie	1489	+	174	53085446	32533
chr8	53052913	53252913	harbor1	chr8	53146446	53147688	DNA/hAT-Charlie	5564	+	621	53147067	94154
chr8	53052913	53252913	harbor1	chr8	53148015	53148113	DNA/hAT-Charlie	5564	+	49	53148064	95151
chr8	80359532	80559532	harbor1	chr8	80368839	80368977	DNA/hAT-Charlie	961	+	69	80368908	9376
chr8	80359532	80559532	harbor1	chr8	80411460	80411669	DNA/hAT-Charlie	1146	+	104	80411564	52032
chr8	80359532	80559532	harbor1	chr8	80423336	80423503	DNA/hAT-Charlie	841	+	84	80423420	63888
chr8	7382295	7582295	harbor1	chr8	7438319	7438838	DNA/hAT-Charlie	3703	+	260	7438579	56284
chr8	81144167	81344167	harbor1	chr8	81156465	81156679	DNA/hAT-Charlie	1073	+	107	81156572	12405
chr8	81144167	81344167	harbor1	chr8	81160629	81160843	DNA/hAT-Charlie	788	+	107	81160736	16569
chr8	81144167	81344167	harbor1	chr8	81162214	81162326	DNA/hAT-Charlie	421	+	56	81162270	18103
chr8	81144167	81344167	harbor1	chr8	81185458	81185621	DNA/hAT-Charlie	856	+	82	81185540	41373
chr8	81144167	81344167	harbor1	chr8	81185927	81185978	DNA/hAT-Charlie	856	+	26	81185953	41786
chr8	81144167	81344167	harbor1	chr8	81197148	81197340	DNA/hAT-Charlie	479	+	96	81197244	53077
chr8	143157069	143357069	harbor1	chr8	143238601	143238787	DNA/hAT-Charlie	431	+	93	143238694	81625
chr8	95873295	96073295	harbor1	chr8	95956743	95956955	DNA/hAT-Charlie	827	+	106	95956849	83554
chr8	95873295	96073295	harbor1	chr8	95957419	95957468	DNA/hAT-Charlie	827	+	24	95957443	84148
chr8	95873295	96073295	harbor1	chr8	95958340	95958404	DNA/hAT-Charlie	407	+	32	95958372	85077
chr8	95873295	96073295	harbor1	chr8	95958407	95958853	DNA/hAT-Charlie	1527	+	223	95958630	85335
chr8	95873295	96073295	harbor1	chr8	95959141	95959245	DNA/hAT-Charlie	1527	+	52	95959193	85898
chr8	95873295	96073295	harbor1	chr8	95959591	95959903	DNA/hAT-Charlie	682	+	156	95959747	86452
chr8	108673175	108873175	harbor1	chr8	108699887	108700053	DNA/hAT-Charlie	606	+	83	108699970	26795
chr8	108673175	108873175	harbor1	chr8	108711993	108712180	DNA/hAT-Charlie	825	+	94	108712087	38912
chr8	106608567	106808567	harbor1	chr8	106634866	106635011	DNA/hAT-Charlie	563	+	72	106634938	26371
chr8	106608567	106808567	harbor1	chr8	106663587	106663895	DNA/hAT-Charlie	1506	+	154	106663741	55174
chr8	106608567	106808567	harbor1	chr8	106666255	106666384	DNA/hAT-Charlie	669	+	64	106666319	57752
chr8	106608567	106808567	harbor1	chr8	106692021	106692193	DNA/hAT-Charlie	453	+	86	106692107	83540
chr8	101353816	101553816	harbor1	chr8	101379632	101379931	DNA/hAT-Charlie	658	+	150	101379782	25966
chr8	42581424	42781424	harbor1	chr8	42604067	42604143	DNA/hAT-Charlie	652	+	38	42604105	22681
chr8	42581424	42781424	harbor1	chr8	42604440	42604528	DNA/hAT-Charlie	652	+	44	42604484	23060
chr8	42581424	42781424	harbor1	chr8	42604510	42604697	DNA/hAT-Charlie	915	+	94	42604604	23180
chr8	42581424	42781424	harbor1	chr8	42611362	42611443	DNA/hAT-Charlie	519	+	40	42611402	29978
chr8	42581424	42781424	harbor1	chr8	42612545	42613319	DNA/hAT-Charlie	3655	+	387	42612932	31508
chr8	42581424	42781424	harbor1	chr8	42613670	42613795	DNA/hAT-Charlie	3655	+	62	42613732	32308
chr8	42581424	42781424	harbor1	chr8	42614162	42614596	DNA/hAT-Charlie	3362	+	217	42614379	32955
chr8	42581424	42781424	harbor1	chr8	42614887	42614969	DNA/hAT-Charlie	3362	+	41	42614928	33504
chr8	42581424	42781424	harbor1	chr8	42615325	42615592	DNA/hAT-Charlie	3362	+	134	42615459	34035
chr8	42581424	42781424	harbor1	chr8	42629811	42629972	DNA/hAT-Charlie	512	+	80	42629891	48467
chr8	123333555	123533555	harbor1	chr8	123334986	123335158	DNA/hAT-Charlie	753	+	86	123335072	1517
chr8	123333555	123533555	harbor1	chr8	123382505	123382633	DNA/hAT-Charlie	487	+	64	123382569	49014
chr8	123333555	123533555	harbor1	chr8	123383352	123383456	DNA/hAT-Charlie	487	+	52	123383404	49849
chr8	123333555	123533555	harbor1	chr8	123383476	123383490	DNA/hAT-Charlie	798	+	7	123383483	49928
chr8	123333555	123533555	harbor1	chr8	123383791	123383801	DNA/hAT-Charlie	798	+	5	123383796	50241
chr8	123333555	123533555	harbor1	chr8	123384110	123384339	DNA/hAT-Charlie	798	+	114	123384224	50669
chr8	123333555	123533555	harbor1	chr8	123385229	123385542	DNA/hAT-Charlie	565	+	156	123385385	51830
chr8	1827674	2027674	harbor1	chr8	1880253	1880700	DNA/hAT-Charlie	1492	+	224	1880477	52803
chr8	1827674	2027674	harbor1	chr8	1884480	1884641	DNA/hAT-Charlie	419	+	80	1884560	56886
chr8	16596200	16796200	harbor1	chr8	16615558	16615738	DNA/hAT-Charlie	656	+	90	16615648	19448
chr8	16596200	16796200	harbor1	chr8	16680537	16680655	DNA/hAT-Charlie	420	+	59	16680596	84396
chr8	28650580	28850580	harbor1	chr8	28672536	28672716	DNA/hAT-Charlie	920	+	90	28672626	22046
chr8	28650580	28850580	harbor1	chr8	28732215	28732383	DNA/hAT-Charlie	683	+	84	28732299	81719
chr8	28650580	28850580	harbor1	chr8	28738251	28738535	DNA/hAT-Charlie	835	+	142	28738393	87813
chr8	28650580	28850580	harbor1	chr8	28743385	28743863	DNA/hAT-Charlie	1447	+	239	28743624	93044
chr8	93366430	93566430	harbor1	chr8	93398990	93399157	DNA/hAT-Charlie	409	+	84	93399074	32644
chr8	93366430	93566430	harbor1	chr8	93405254	93405406	DNA/hAT-Charlie	540	+	76	93405330	38900
chr8	38279257	38479257	harbor1	chr8	38331861	38331933	DNA/hAT-Charlie	821	+	36	38331897	52640
chr8	38279257	38479257	harbor1	chr8	38332241	38332300	DNA/hAT-Charlie	821	+	30	38332271	53014
chr8	38279257	38479257	harbor1	chr8	38332434	38332558	DNA/hAT-Charlie	821	+	62	38332496	53239
chr8	38279257	38479257	harbor1	chr8	38332600	38332855	DNA/hAT-Charlie	466	+	128	38332728	53471
chr8	60985163	61185163	harbor1	chr8	61072970	61073146	DNA/hAT-Charlie	517	+	88	61073058	87895
chr8	60985163	61185163	harbor1	chr8	61084366	61084599	DNA/hAT-Charlie	995	+	116	61084482	99319
chr8	18746100	18946100	harbor1	chr8	18768875	18769298	DNA/hAT-Charlie	1405	+	212	18769087	22987
chr8	18746100	18946100	harbor1	chr8	18789173	18789595	DNA/hAT-Charlie	1018	+	211	18789384	43284
chr8	105818874	106018874	harbor1	chr8	105827271	105827460	DNA/hAT-Charlie	942	+	94	105827365	8491
chr8	107532019	107732019	harbor1	chr8	107536270	107536584	DNA/hAT-Charlie	1305	+	157	107536427	4408
chr8	107532019	107732019	harbor1	chr8	107548928	107549106	DNA/hAT-Charlie	902	+	89	107549017	16998
chr8	107532019	107732019	harbor1	chr8	107625140	107625375	DNA/hAT-Charlie	560	+	118	107625258	93239
chr8	88035418	88235418	harbor1	chr8	88064055	88064228	DNA/hAT-Charlie	779	+	86	88064141	28723
chr8	88035418	88235418	harbor1	chr8	88071765	88071928	DNA/hAT-Charlie	683	+	82	88071847	36429
chr8	48081195	48281195	harbor1	chr8	48153062	48153204	DNA/hAT-Charlie	537	+	71	48153133	71938
chr8	103469150	103669150	harbor1	chr8	103486627	103486867	DNA/hAT-Charlie	937	+	120	103486747	17597
chr8	103469150	103669150	harbor1	chr8	103532464	103533547	DNA/hAT-Charlie	4130	+	542	103533006	63856
chr8	103469150	103669150	harbor1	chr8	103533707	103534915	DNA/hAT-Charlie	5220	+	604	103534311	65161
chr8	7808019	8008019	harbor1	chr8	7874300	7874522	DNA/hAT-Charlie	1257	+	111	7874411	66392
chr8	60037889	60237889	harbor1	chr8	60069505	60069717	DNA/hAT-Charlie	909	+	106	60069611	31722
chr8	60037889	60237889	harbor1	chr8	60119290	60119480	DNA/hAT-Charlie	717	+	95	60119385	81496
chr8	131035135	131235135	harbor1	chr8	131058815	131059572	DNA/hAT-Charlie	2342	+	378	131059193	24058
chr8	131035135	131235135	harbor1	chr8	131088579	131088812	DNA/hAT-Charlie	720	+	116	131088695	53560
chr8	131035135	131235135	harbor1	chr8	131103901	131104058	DNA/hAT-Charlie	421	+	78	131103979	68844
chr8	131035135	131235135	harbor1	chr8	131125075	131125312	DNA/hAT-Charlie	919	+	118	131125193	90058
chr8	1909559	2109559	harbor1	chr8	1976984	1977194	DNA/hAT-Charlie	1465	+	105	1977089	67530
chr8	26034626	26234626	harbor1	chr8	26068220	26068418	DNA/hAT-Charlie	1112	+	99	26068319	33693
chr8	26034626	26234626	harbor1	chr8	26073075	26073202	DNA/hAT-Charlie	663	+	64	26073139	38513
chr8	26034626	26234626	harbor1	chr8	26114085	26114199	DNA/hAT-Charlie	559	+	57	26114142	79516
chr8	26034626	26234626	harbor1	chr8	26124769	26125105	DNA/hAT-Charlie	1761	+	168	26124937	90311
chr8	83160013	83360013	harbor1	chr8	83163279	83163612	DNA/hAT-Charlie	1912	+	166	83163445	3432
chr8	43308959	43508959	harbor1	chr8	43360373	43360895	DNA/hAT-Charlie	3300	+	261	43360634	51675
chr8	53733167	53933167	harbor1	chr8	53751647	53751669	DNA/hAT-Charlie	1498	+	11	53751658	18491
chr8	53733167	53933167	harbor1	chr8	53751968	53752548	DNA/hAT-Charlie	1498	+	290	53752258	19091
chr8	53733167	53933167	harbor1	chr8	53752849	53753030	DNA/hAT-Charlie	1498	+	90	53752939	19772
chr8	53733167	53933167	harbor1	chr8	53758737	53758951	DNA/hAT-Charlie	808	+	107	53758844	25677
chr8	53733167	53933167	harbor1	chr8	53758999	53759141	DNA/hAT-Charlie	593	+	71	53759070	25903
chr8	53733167	53933167	harbor1	chr8	53815593	53815816	DNA/hAT-Charlie	715	+	112	53815705	82538
chr8	132702980	132902980	harbor1	chr8	132720363	132720533	DNA/hAT-Charlie	418	+	85	132720448	17468
chr8	132702980	132902980	harbor1	chr8	132732717	132732937	DNA/hAT-Charlie	878	+	110	132732827	29847
chr8	132702980	132902980	harbor1	chr8	132748284	132748495	DNA/hAT-Charlie	913	+	106	132748390	45410
chr8	92738631	92938631	harbor1	chr8	92771970	92772187	DNA/hAT-Charlie	558	+	108	92772078	33447
chr8	85103874	85303874	harbor1	chr8	85110489	85110684	DNA/hAT-Charlie	1079	+	98	85110587	6713
chr8	85103874	85303874	harbor1	chr8	85132225	85132375	DNA/hAT-Charlie	887	+	75	85132300	28426
chr8	85103874	85303874	harbor1	chr8	85132693	85132788	DNA/hAT-Charlie	887	+	48	85132741	28867
chr8	85103874	85303874	harbor1	chr8	85135095	85135342	DNA/hAT-Charlie	471	+	124	85135219	31345
chr8	85103874	85303874	harbor1	chr8	85159829	85160040	DNA/hAT-Charlie	850	+	106	85159935	56061
chr8	85103874	85303874	harbor1	chr8	85167608	85167710	DNA/hAT-Charlie	513	+	51	85167659	63785
chr8	85103874	85303874	harbor1	chr8	85168008	85168067	DNA/hAT-Charlie	513	+	30	85168038	64164
chr8	13809575	14009575	harbor1	chr8	13813260	13813480	DNA/hAT-Charlie	739	+	110	13813370	3795
chr8	13809575	14009575	harbor1	chr8	13813920	13814982	DNA/hAT-Charlie	3388	+	531	13814451	4876
chr8	135899	335899	harbor1	chr8	203844	204063	DNA/hAT-Charlie	831	+	110	203954	68055
chr8	99385586	99585586	harbor1	chr8	99467090	99467231	DNA/hAT-Charlie	402	+	70	99467160	81574
chr8	99385586	99585586	harbor1	chr8	99471741	99471864	DNA/hAT-Charlie	628	+	62	99471803	86217
chr8	70724956	70924956	harbor1	chr8	70762321	70762594	DNA/hAT-Charlie	1401	+	136	70762457	37501
chr8	102866764	103066764	harbor1	chr8	102914994	102915153	DNA/hAT-Charlie	569	+	80	102915074	48310
chr8	102866764	103066764	harbor1	chr8	102931874	102932192	DNA/hAT-Charlie	605	+	159	102932033	65269
chr8	102866764	103066764	harbor1	chr8	102958181	102958253	DNA/hAT-Charlie	731	+	36	102958217	91453
chr8	102866764	103066764	harbor1	chr8	102958561	102958674	DNA/hAT-Charlie	731	+	56	102958617	91853
chr8	102866764	103066764	harbor1	chr8	102959062	102959197	DNA/hAT-Charlie	530	+	68	102959130	92366
chr8	74941451	75141451	harbor1	chr8	74962391	74962618	DNA/hAT-Charlie	725	+	114	74962505	21054
chr8	132045470	132245470	harbor1	chr8	132111582	132111876	DNA/hAT-Charlie	1701	+	147	132111729	66259
chr8	132045470	132245470	harbor1	chr8	132133018	132133269	DNA/hAT-Charlie	532	+	126	132133144	87674
chr8	132045470	132245470	harbor1	chr8	132138952	132139162	DNA/hAT-Charlie	1102	+	105	132139057	93587
chr8	132045470	132245470	harbor1	chr8	132141824	132142260	DNA/hAT-Charlie	1583	+	218	132142042	96572
chr8	132045470	132245470	harbor1	chr8	132144971	132145194	DNA/hAT-Charlie	1103	+	112	132145083	99613
chr8	57760947	57960947	harbor1	chr8	57762290	57762459	DNA/hAT-Charlie	688	+	84	57762374	1427
chr8	57760947	57960947	harbor1	chr8	57799139	57799251	DNA/hAT-Charlie	462	+	56	57799195	38248
chr8	57760947	57960947	harbor1	chr8	57824002	57824191	DNA/hAT-Charlie	928	+	94	57824096	63149
chr8	57760947	57960947	harbor1	chr8	57859500	57859774	DNA/hAT-Charlie	715	+	137	57859637	98690
chr8	9154827	9354827	harbor1	chr8	9223219	9223555	DNA/hAT-Charlie	1386	+	168	9223387	68560
chr8	9154827	9354827	harbor1	chr8	9224889	9225122	DNA/hAT-Charlie	597	+	116	9225005	70178
chr8	22160717	22360717	harbor1	chr8	22208947	22209232	DNA/hAT-Charlie	847	+	142	22209089	48372
chr8	116564836	116764836	harbor1	chr8	116565345	116565452	DNA/hAT-Charlie	412	+	54	116565399	563
chr8	116564836	116764836	harbor1	chr8	116632447	116632662	DNA/hAT-Charlie	999	+	108	116632555	67719
chr8	81184443	81384443	harbor1	chr8	81185458	81185621	DNA/hAT-Charlie	856	+	82	81185540	1097
chr8	81184443	81384443	harbor1	chr8	81185927	81185978	DNA/hAT-Charlie	856	+	26	81185953	1510
chr8	81184443	81384443	harbor1	chr8	81197148	81197340	DNA/hAT-Charlie	479	+	96	81197244	12801
chr8	81184443	81384443	harbor1	chr8	81253194	81253396	DNA/hAT-Charlie	1004	+	101	81253295	68852
chr8	81184443	81384443	harbor1	chr8	81253595	81253721	DNA/hAT-Charlie	610	+	63	81253658	69215
chr8	31463973	31663973	harbor1	chr8	31536931	31537414	DNA/hAT-Charlie	1789	+	242	31537173	73200
chr8	55984809	56184809	harbor1	chr8	55992984	55993135	DNA/hAT-Charlie	815	+	76	55993060	8251
chr8	96218124	96418124	harbor1	chr8	96221940	96222116	DNA/hAT-Charlie	431	+	88	96222028	3904
chr8	96218124	96418124	harbor1	chr8	96225901	96226111	DNA/hAT-Charlie	990	+	105	96226006	7882
chr8	96218124	96418124	harbor1	chr8	96240264	96240383	DNA/hAT-Charlie	568	+	60	96240324	22200
chr8	96218124	96418124	harbor1	chr8	96308565	96308855	DNA/hAT-Charlie	1064	+	145	96308710	90586
chr8	140009245	140209245	harbor1	chr8	140025281	140025472	DNA/hAT-Charlie	831	+	96	140025377	16132
chr8	140009245	140209245	harbor1	chr8	140103377	140103607	DNA/hAT-Charlie	702	+	115	140103492	94247
chr8	61926399	62126399	harbor1	chr8	61955981	61956205	DNA/hAT-Charlie	1015	+	112	61956093	29694
chr8	61926399	62126399	harbor1	chr8	61960733	61960871	DNA/hAT-Charlie	441	+	69	61960802	34403
chr8	61926399	62126399	harbor1	chr8	61963645	61963791	DNA/hAT-Charlie	725	+	73	61963718	37319
chr8	111717210	111917210	harbor1	chr8	111742789	111742955	DNA/hAT-Charlie	742	+	83	111742872	25662
chr8	111717210	111917210	harbor1	chr8	111750899	111751121	DNA/hAT-Charlie	1937	+	111	111751010	33800
chr8	111717210	111917210	harbor1	chr8	111751422	111751543	DNA/hAT-Charlie	1937	+	60	111751482	34272
chr8	111717210	111917210	harbor1	chr8	111779976	111780208	DNA/hAT-Charlie	820	+	116	111780092	62882
chr8	111717210	111917210	harbor1	chr8	111799118	111799299	DNA/hAT-Charlie	722	+	90	111799208	81998
chr8	121238121	121438121	harbor1	chr8	121242462	121242636	DNA/hAT-Charlie	543	+	87	121242549	4428
chr8	121238121	121438121	harbor1	chr8	121244356	121244518	DNA/hAT-Charlie	743	+	81	121244437	6316
chr8	121238121	121438121	harbor1	chr8	121268355	121268537	DNA/hAT-Charlie	913	+	91	121268446	30325
chr8	121238121	121438121	harbor1	chr8	121274170	121274300	DNA/hAT-Charlie	696	+	65	121274235	36114
chr8	121238121	121438121	harbor1	chr8	121274935	121274981	DNA/hAT-Charlie	696	+	23	121274958	36837
chr8	121238121	121438121	harbor1	chr8	121317141	121317295	DNA/hAT-Charlie	513	+	77	121317218	79097
chr8	23334792	23534792	harbor1	chr8	23417110	23417239	DNA/hAT-Charlie	641	+	64	23417174	82382
chr8	23334792	23534792	harbor1	chr8	23422576	23422683	DNA/hAT-Charlie	454	+	54	23422630	87838
chr8	23334792	23534792	harbor1	chr8	23433605	23434009	DNA/hAT-Charlie	1649	+	202	23433807	99015
chr8	16306633	16506633	harbor1	chr8	16343300	16343824	DNA/hAT-Charlie	3418	+	262	16343562	36929
chr8	68350672	68550672	harbor1	chr8	68407959	68408474	DNA/hAT-Charlie	3686	+	258	68408217	57545
chr8	91785182	91985182	harbor1	chr8	91859692	91859848	DNA/hAT-Charlie	695	+	78	91859770	74588
chr8	88358154	88558154	harbor1	chr8	88369790	88370861	DNA/hAT-Charlie	4306	+	536	88370326	12172
chr8	88358154	88558154	harbor1	chr8	88407806	88408005	DNA/hAT-Charlie	678	+	100	88407906	49752
chr8	88358154	88558154	harbor1	chr8	88414153	88414462	DNA/hAT-Charlie	1255	+	154	88414307	56153
chr8	78558162	78758162	harbor1	chr8	78589563	78590880	DNA/hAT-Charlie	4918	+	658	78590221	32059
chr8	78558162	78758162	harbor1	chr8	78597672	78597849	DNA/hAT-Charlie	832	+	88	78597760	39598
chr8	78952035	79152035	harbor1	chr8	78974588	78974804	DNA/hAT-Charlie	942	+	108	78974696	22661
chr8	78952035	79152035	harbor1	chr8	79024989	79025147	DNA/hAT-Charlie	751	+	79	79025068	73033
chr8	77387935	77587935	harbor1	chr8	77421671	77421991	DNA/hAT-Charlie	2021	+	160	77421831	33896
chr8	77387935	77587935	harbor1	chr8	77464707	77465041	DNA/hAT-Charlie	1046	+	167	77464874	76939
chr8	55109428	55309428	harbor1	chr8	55115015	55115175	DNA/hAT-Charlie	669	+	80	55115095	5667
chr8	55109428	55309428	harbor1	chr8	55116875	55117192	DNA/hAT-Charlie	1104	+	158	55117033	7605
chr8	55109428	55309428	harbor1	chr8	55130835	55130885	DNA/hAT-Charlie	419	+	25	55130860	21432
chr8	55109428	55309428	harbor1	chr8	55131188	55131289	DNA/hAT-Charlie	419	+	50	55131238	21810
chr8	55109428	55309428	harbor1	chr8	55146448	55146632	DNA/hAT-Charlie	689	+	92	55146540	37112
chr8	55109428	55309428	harbor1	chr8	55194836	55195763	DNA/hAT-Charlie	1545	+	464	55195300	85872
chr8	55109428	55309428	harbor1	chr8	55203602	55203777	DNA/hAT-Charlie	413	+	88	55203690	94262
chr8	127732869	127932869	harbor1	chr8	127746575	127746729	DNA/hAT-Charlie	401	+	77	127746652	13783
chr8	127732869	127932869	harbor1	chr8	127801763	127801889	DNA/hAT-Charlie	1136	+	63	127801826	68957
chr8	127732869	127932869	harbor1	chr8	127802516	127802680	DNA/hAT-Charlie	1136	+	82	127802598	69729
chr8	127732869	127932869	harbor1	chr8	127821241	127821529	DNA/hAT-Charlie	1246	+	144	127821385	88516
chr8	127732869	127932869	harbor1	chr8	127821831	127821878	DNA/hAT-Charlie	1246	+	24	127821855	88986
chr8	62486179	62686179	harbor1	chr8	62502955	62503099	DNA/hAT-Charlie	786	+	72	62503027	16848
chr8	62486179	62686179	harbor1	chr8	62504101	62504290	DNA/hAT-Charlie	1304	+	94	62504195	18016
chr8	62486179	62686179	harbor1	chr8	62564608	62564789	DNA/hAT-Charlie	470	+	90	62564698	78519
chr8	128341596	128541596	harbor1	chr8	128350459	128350669	DNA/hAT-Charlie	777	+	105	128350564	8968
chr8	128341596	128541596	harbor1	chr8	128410118	128410384	DNA/hAT-Charlie	492	+	133	128410251	68655
chr8	128341596	128541596	harbor1	chr8	128430458	128430662	DNA/hAT-Charlie	1140	+	102	128430560	88964
chr8	3736271	3936271	harbor1	chr8	3814474	3814680	DNA/hAT-Charlie	708	+	103	3814577	78306
chr8	3736271	3936271	harbor1	chr8	3824481	3824784	DNA/hAT-Charlie	954	+	152	3824633	88362
chr8	11332763	11532763	harbor1	chr8	11339446	11339653	DNA/hAT-Charlie	921	+	104	11339550	6787
chr8	11332763	11532763	harbor1	chr8	11342259	11342444	DNA/hAT-Charlie	893	+	92	11342351	9588
chr8	11332763	11532763	harbor1	chr8	11350750	11353241	DNA/hAT-Charlie	8508	+	1246	11351996	19233
chr8	11332763	11532763	harbor1	chr8	11353267	11353580	DNA/hAT-Charlie	8508	+	156	11353423	20660
chr8	11332763	11532763	harbor1	chr8	11363857	11364297	DNA/hAT-Charlie	1653	+	220	11364077	31314
chr8	11332763	11532763	harbor1	chr8	11364592	11364658	DNA/hAT-Charlie	1653	+	33	11364625	31862
chr8	11332763	11532763	harbor1	chr8	11391141	11391263	DNA/hAT-Charlie	406	+	61	11391202	58439
chr8	79008310	79208310	harbor1	chr8	79024989	79025147	DNA/hAT-Charlie	751	+	79	79025068	16758
chr8	79008310	79208310	harbor1	chr8	79072237	79072588	DNA/hAT-Charlie	827	+	176	79072413	64103
chr8	79008310	79208310	harbor1	chr8	79094103	79094209	DNA/hAT-Charlie	593	+	53	79094156	85846
chr8	79008310	79208310	harbor1	chr8	79107074	79107331	DNA/hAT-Charlie	446	+	128	79107202	98892
chr8	103375333	103575333	harbor1	chr8	103378365	103378542	DNA/hAT-Charlie	460	+	88	103378453	3120
chr8	103375333	103575333	harbor1	chr8	103380387	103380582	DNA/hAT-Charlie	503	+	98	103380485	5152
chr8	103375333	103575333	harbor1	chr8	103410260	103410636	DNA/hAT-Charlie	1850	+	188	103410448	35115
chr8	103375333	103575333	harbor1	chr8	103411054	103411207	DNA/hAT-Charlie	425	+	76	103411130	35797
chr8	103375333	103575333	harbor1	chr8	103416806	103417071	DNA/hAT-Charlie	603	+	132	103416938	41605
chr8	103375333	103575333	harbor1	chr8	103428288	103428505	DNA/hAT-Charlie	1241	+	108	103428396	53063
chr8	103375333	103575333	harbor1	chr8	103432947	103433161	DNA/hAT-Charlie	941	+	107	103433054	57721
chr8	103375333	103575333	harbor1	chr8	103458477	103458768	DNA/hAT-Charlie	776	+	146	103458623	83290
chr8	57857640	58057640	harbor1	chr8	57859500	57859774	DNA/hAT-Charlie	715	+	137	57859637	1997
chr8	57857640	58057640	harbor1	chr8	57881773	57882112	DNA/hAT-Charlie	2143	+	170	57881943	24303
chr8	57857640	58057640	harbor1	chr8	57897968	57898151	DNA/hAT-Charlie	794	+	92	57898060	40420
chr8	57857640	58057640	harbor1	chr8	57913732	57914206	DNA/hAT-Charlie	1677	+	237	57913969	56329
chr8	57857640	58057640	harbor1	chr8	57917028	57917200	DNA/hAT-Charlie	716	+	86	57917114	59474
chr8	57857640	58057640	harbor1	chr8	57927049	57927403	DNA/hAT-Charlie	658	+	177	57927226	69586
chr8	57857640	58057640	harbor1	chr8	57940441	57940660	DNA/hAT-Charlie	1003	+	110	57940551	82911
chr8	111330827	111530827	harbor1	chr8	111336233	111336390	DNA/hAT-Charlie	791	+	78	111336311	5484
chr8	19440273	19640273	harbor1	chr8	19464535	19464844	DNA/hAT-Charlie	1572	+	154	19464689	24416
chr8	19440273	19640273	harbor1	chr8	19482163	19482347	DNA/hAT-Charlie	551	+	92	19482255	41982
chr8	108747314	108947314	harbor1	chr8	108793156	108793484	DNA/hAT-Charlie	539	+	164	108793320	46006
chr8	108747314	108947314	harbor1	chr8	108795518	108795704	DNA/hAT-Charlie	468	+	93	108795611	48297
chr8	135881308	136081308	harbor1	chr8	135899755	135900084	DNA/hAT-Charlie	2085	+	164	135899919	18611
chr8	135881308	136081308	harbor1	chr8	135955896	135956049	DNA/hAT-Charlie	592	+	76	135955972	74664
chr8	86664217	86864217	harbor1	chr8	86664913	86665105	DNA/hAT-Charlie	575	+	96	86665009	792
chr8	86664217	86864217	harbor1	chr8	86685291	86685439	DNA/hAT-Charlie	564	+	74	86685365	21148
chr8	86664217	86864217	harbor1	chr8	86713273	86713429	DNA/hAT-Charlie	534	+	78	86713351	49134
chr8	86664217	86864217	harbor1	chr8	86734646	86734817	DNA/hAT-Charlie	562	+	86	86734732	70515
chr8	86664217	86864217	harbor1	chr8	86746873	86747177	DNA/hAT-Charlie	551	+	152	86747025	82808
chr8	131825492	132025492	harbor1	chr8	131889876	131890105	DNA/hAT-Charlie	424	+	114	131889990	64498
chr8	75385628	75585628	harbor1	chr8	75385218	75385684	DNA/hAT-Charlie	3551	+	233	75385451	177
chr8	75385628	75585628	harbor1	chr8	75392026	75392207	DNA/hAT-Charlie	824	+	90	75392116	6488
chr8	76303631	76503631	harbor1	chr8	76344171	76344474	DNA/hAT-Charlie	421	+	152	76344323	40692
chr8	76303631	76503631	harbor1	chr8	76394586	76395020	DNA/hAT-Charlie	838	+	217	76394803	91172
chr8	76303631	76503631	harbor1	chr8	76399088	76399410	DNA/hAT-Charlie	1666	+	161	76399249	95618
chr8	17454242	17654242	harbor1	chr8	17480565	17480886	DNA/hAT-Charlie	518	+	160	17480725	26483
chr8	17454242	17654242	harbor1	chr8	17485814	17486089	DNA/hAT-Charlie	501	+	138	17485952	31710
chr8	29874083	30074083	harbor1	chr8	29874426	29874558	DNA/hAT-Charlie	423	+	66	29874492	409
chr8	29874083	30074083	harbor1	chr8	29899536	29900071	DNA/hAT-Charlie	3715	+	268	29899804	25721
chr8	69790662	69990662	harbor1	chr8	69803578	69803702	DNA/hAT-Charlie	484	+	62	69803640	12978
chr8	69790662	69990662	harbor1	chr8	69818325	69818488	DNA/hAT-Charlie	599	+	82	69818407	27745
chr8	51302061	51502061	harbor1	chr8	51309063	51309247	DNA/hAT-Charlie	483	+	92	51309155	7094
chr8	104035103	104235103	harbor1	chr8	104066042	104066243	DNA/hAT-Charlie	894	+	100	104066142	31039
chr8	104035103	104235103	harbor1	chr8	104071333	104071435	DNA/hAT-Charlie	752	+	51	104071384	36281
chr8	104035103	104235103	harbor1	chr8	104071736	104071800	DNA/hAT-Charlie	752	+	32	104071768	36665
chr8	104035103	104235103	harbor1	chr8	104132840	104133006	DNA/hAT-Charlie	814	+	83	104132923	97820
chr8	17133482	17333482	harbor1	chr8	17151113	17151318	DNA/hAT-Charlie	947	+	102	17151215	17733
chr8	17133482	17333482	harbor1	chr8	17196258	17196407	DNA/hAT-Charlie	918	+	74	17196332	62850
chr8	17133482	17333482	harbor1	chr8	17219922	17220096	DNA/hAT-Charlie	664	+	87	17220009	86527
chr8	135118460	135318460	harbor1	chr8	135149397	135149550	DNA/hAT-Charlie	636	+	76	135149473	31013
chr8	135118460	135318460	harbor1	chr8	135159001	135159114	DNA/hAT-Charlie	550	+	56	135159057	40597
chr8	135118460	135318460	harbor1	chr8	135180376	135180594	DNA/hAT-Charlie	958	+	109	135180485	62025
chr8	40533354	40733354	harbor1	chr8	40561670	40561890	DNA/hAT-Charlie	1661	+	110	40561780	28426
chr8	62628898	62828898	harbor1	chr8	62641028	62641201	DNA/hAT-Charlie	677	+	86	62641114	12216
chr8	62628898	62828898	harbor1	chr8	62664673	62664845	DNA/hAT-Charlie	443	+	86	62664759	35861
chr8	62628898	62828898	harbor1	chr8	62665019	62665183	DNA/hAT-Charlie	579	+	82	62665101	36203
chr8	138374596	138574596	harbor1	chr8	138401094	138401328	DNA/hAT-Charlie	422	+	117	138401211	26615
chr8	138374596	138574596	harbor1	chr8	138403823	138404003	DNA/hAT-Charlie	496	+	90	138403913	29317
chr8	138374596	138574596	harbor1	chr8	138431438	138431652	DNA/hAT-Charlie	1035	+	107	138431545	56949
chr8	138374596	138574596	harbor1	chr8	138458604	138458798	DNA/hAT-Charlie	1024	+	97	138458701	84105
chr8	93957880	94157880	harbor1	chr8	93961597	93961767	DNA/hAT-Charlie	460	+	85	93961682	3802
chr8	93957880	94157880	harbor1	chr8	93980356	93980564	DNA/hAT-Charlie	1125	+	104	93980460	22580
chr8	93957880	94157880	harbor1	chr8	94015809	94016089	DNA/hAT-Charlie	549	+	140	94015949	58069
chr8	93957880	94157880	harbor1	chr8	94044338	94044435	DNA/hAT-Charlie	558	+	48	94044386	86506
chr8	111763340	111963340	harbor1	chr8	111779976	111780208	DNA/hAT-Charlie	820	+	116	111780092	16752
chr8	111763340	111963340	harbor1	chr8	111799118	111799299	DNA/hAT-Charlie	722	+	90	111799208	35868
chr8	111763340	111963340	harbor1	chr8	111825850	111826066	DNA/hAT-Charlie	1091	+	108	111825958	62618
chr8	117678044	117878044	harbor1	chr8	117680499	117680705	DNA/hAT-Charlie	985	+	103	117680602	2558
chr8	117678044	117878044	harbor1	chr8	117729827	117730025	DNA/hAT-Charlie	1131	+	99	117729926	51882
chr8	117678044	117878044	harbor1	chr8	117758221	117758374	DNA/hAT-Charlie	659	+	76	117758297	80253
chr8	117678044	117878044	harbor1	chr8	117759646	117759760	DNA/hAT-Charlie	409	+	57	117759703	81659
chr8	117678044	117878044	harbor1	chr8	117760016	117761159	DNA/hAT-Charlie	4708	+	572	117760588	82544
chr8	99437467	99637467	harbor1	chr8	99467090	99467231	DNA/hAT-Charlie	402	+	70	99467160	29693
chr8	99437467	99637467	harbor1	chr8	99471741	99471864	DNA/hAT-Charlie	628	+	62	99471803	34336
chr8	110659949	110859949	harbor1	chr8	110681444	110681750	DNA/hAT-Charlie	938	+	153	110681597	21648
chr8	83516724	83716724	harbor1	chr8	83524726	83525069	DNA/hAT-Charlie	787	+	172	83524898	8174
chr8	83516724	83716724	harbor1	chr8	83583225	83583421	DNA/hAT-Charlie	490	+	98	83583323	66599
chr8	83781390	83981390	harbor1	chr8	83814881	83815018	DNA/hAT-Charlie	548	+	68	83814949	33559
chr8	60773684	60973684	harbor1	chr8	60810809	60811148	DNA/hAT-Charlie	2109	+	170	60810979	37295
chr8	83559163	83759163	harbor1	chr8	83583225	83583421	DNA/hAT-Charlie	490	+	98	83583323	24160
chr8	83559163	83759163	harbor1	chr8	83630189	83630494	DNA/hAT-Charlie	1889	+	152	83630341	71178
chr8	109624787	109824787	harbor1	chr8	109624771	109624993	DNA/hAT-Charlie	1041	+	111	109624882	95
chr8	109624787	109824787	harbor1	chr8	109661461	109661704	DNA/hAT-Charlie	545	+	122	109661583	36796
chr8	109624787	109824787	harbor1	chr8	109688062	109688331	DNA/hAT-Charlie	448	+	134	109688196	63409
chr8	29643995	29843995	harbor1	chr8	29670573	29671070	DNA/hAT-Charlie	3281	+	248	29670821	26826
chr8	29643995	29843995	harbor1	chr8	29724272	29724532	DNA/hAT-Charlie	586	+	130	29724402	80407
chr8	76928466	77128466	harbor1	chr8	77001331	77001507	DNA/hAT-Charlie	766	+	88	77001419	72953
chr8	76928466	77128466	harbor1	chr8	77016160	77016205	DNA/hAT-Charlie	664	+	22	77016182	87716
chr8	55849607	56049607	harbor1	chr8	55904905	55905072	DNA/hAT-Charlie	803	+	84	55904989	55382
chr8	55849607	56049607	harbor1	chr8	55929611	55929806	DNA/hAT-Charlie	1190	+	98	55929709	80102
chr8	55849607	56049607	harbor1	chr8	55929871	55930185	DNA/hAT-Charlie	1898	+	157	55930028	80421
chr8	138399787	138599787	harbor1	chr8	138401094	138401328	DNA/hAT-Charlie	422	+	117	138401211	1424
chr8	138399787	138599787	harbor1	chr8	138403823	138404003	DNA/hAT-Charlie	496	+	90	138403913	4126
chr8	138399787	138599787	harbor1	chr8	138431438	138431652	DNA/hAT-Charlie	1035	+	107	138431545	31758
chr8	138399787	138599787	harbor1	chr8	138458604	138458798	DNA/hAT-Charlie	1024	+	97	138458701	58914
chr8	52026599	52226599	harbor1	chr8	52053484	52053622	DNA/hAT-Charlie	670	+	69	52053553	26954
chr8	20032794	20232794	harbor1	chr8	20061405	20061575	DNA/hAT-Charlie	543	+	85	20061490	28696
chr8	20032794	20232794	harbor1	chr8	20071205	20071699	DNA/hAT-Charlie	3400	+	247	20071452	38658
chr8	20032794	20232794	harbor1	chr8	20096747	20096931	DNA/hAT-Charlie	632	+	92	20096839	64045
chr8	20032794	20232794	harbor1	chr8	20103096	20103286	DNA/hAT-Charlie	861	+	95	20103191	70397
chr8	101294461	101494461	harbor1	chr8	101300893	101301062	DNA/hAT-Charlie	464	+	84	101300977	6516
chr8	101294461	101494461	harbor1	chr8	101379632	101379931	DNA/hAT-Charlie	658	+	150	101379782	85321
chr8	54682124	54882124	harbor1	chr8	54685612	54685776	DNA/hAT-Charlie	1039	+	82	54685694	3570
chr8	54682124	54882124	harbor1	chr8	54736724	54736874	DNA/hAT-Charlie	830	+	75	54736799	54675
chr8	104428048	104628048	harbor1	chr8	104449413	104449514	DNA/hAT-Charlie	640	+	50	104449463	21415
chr8	104428048	104628048	harbor1	chr8	104449963	104450045	DNA/hAT-Charlie	640	+	41	104450004	21956
chr8	104428048	104628048	harbor1	chr8	104505893	104506299	DNA/hAT-Charlie	1424	+	203	104506096	78048
chr8	104428048	104628048	harbor1	chr8	104514866	104514963	DNA/hAT-Charlie	418	+	48	104514914	86866
chr8	88643334	88843334	harbor1	chr8	88730156	88730373	DNA/hAT-Charlie	676	+	108	88730264	86930
chr8	88643334	88843334	harbor1	chr8	88732658	88733002	DNA/hAT-Charlie	514	+	172	88732830	89496
chr8	88643334	88843334	harbor1	chr8	88733625	88733800	DNA/hAT-Charlie	753	+	88	88733713	90379
chr8	88643334	88843334	harbor1	chr8	88734101	88734413	DNA/hAT-Charlie	753	+	156	88734257	90923
chr8	3478227	3678227	harbor1	chr8	3545404	3546279	DNA/hAT-Charlie	3154	+	438	3545842	67615
chr8	3478227	3678227	harbor1	chr8	3546551	3546695	DNA/hAT-Charlie	3154	+	72	3546623	68396
chr8	3478227	3678227	harbor1	chr8	3546719	3548144	DNA/hAT-Charlie	2913	+	712	3547431	69204
chr8	3478227	3678227	harbor1	chr8	3549149	3549323	DNA/hAT-Charlie	470	+	87	3549236	71009
chr8	11429778	11629778	harbor1	chr8	11441322	11441475	DNA/hAT-Charlie	547	+	76	11441398	11620
chr8	122485414	122685414	harbor1	chr8	122507781	122508050	DNA/hAT-Charlie	415	+	134	122507915	22501
chr8	122485414	122685414	harbor1	chr8	122530282	122530485	DNA/hAT-Charlie	600	+	102	122530384	44970
chr8	122485414	122685414	harbor1	chr8	122533773	122534258	DNA/hAT-Charlie	3364	+	242	122534015	48601
chr8	122485414	122685414	harbor1	chr8	122564178	122564394	DNA/hAT-Charlie	1042	+	108	122564286	78872
chr8	138055735	138255735	harbor1	chr8	138099482	138099676	DNA/hAT-Charlie	864	+	97	138099579	43844
chr8	138055735	138255735	harbor1	chr8	138102844	138103066	DNA/hAT-Charlie	1037	+	111	138102955	47220
chr8	39467838	39667838	harbor1	chr8	39566838	39567012	DNA/hAT-Charlie	714	+	87	39566925	99087
chr8	49983977	50183977	harbor1	chr8	50058142	50058295	DNA/hAT-Charlie	401	+	76	50058218	74241
chr8	30215439	30415439	harbor1	chr8	30241665	30241834	DNA/hAT-Charlie	952	+	84	30241749	26310
chr8	30215439	30415439	harbor1	chr8	30258325	30258518	DNA/hAT-Charlie	1071	+	96	30258421	42982
chr8	48242195	48442195	harbor1	chr8	48255988	48256037	DNA/hAT-Charlie	480	+	24	48256012	13817
chr8	48242195	48442195	harbor1	chr8	48256550	48256592	DNA/hAT-Charlie	480	+	21	48256571	14376
chr8	48242195	48442195	harbor1	chr8	48256889	48256992	DNA/hAT-Charlie	480	+	52	48256941	14746
chr8	48242195	48442195	harbor1	chr8	48304636	48304825	DNA/hAT-Charlie	809	+	94	48304730	62535
chr8	48242195	48442195	harbor1	chr8	48326020	48326184	DNA/hAT-Charlie	658	+	82	48326102	83907
chr8	20069818	20269818	harbor1	chr8	20071205	20071699	DNA/hAT-Charlie	3400	+	247	20071452	1634
chr8	20069818	20269818	harbor1	chr8	20096747	20096931	DNA/hAT-Charlie	632	+	92	20096839	27021
chr8	20069818	20269818	harbor1	chr8	20163601	20163758	DNA/hAT-Charlie	444	+	78	20163679	93861
chr8	20069818	20269818	harbor1	chr8	20103096	20103286	DNA/hAT-Charlie	861	+	95	20103191	33373
chr8	131623747	131823747	harbor1	chr8	131632125	131633138	DNA/hAT-Charlie	1838	+	506	131632631	8884
chr8	131623747	131823747	harbor1	chr8	131633160	131633511	DNA/hAT-Charlie	523	+	176	131633336	9589
chr8	131623747	131823747	harbor1	chr8	131633830	131634240	DNA/hAT-Charlie	1194	+	205	131634035	10288
chr8	21177681	21377681	harbor1	chr8	21186736	21186926	DNA/hAT-Charlie	568	+	95	21186831	9150
chr8	21177681	21377681	harbor1	chr8	21229951	21230172	DNA/hAT-Charlie	642	+	110	21230061	52380
chr8	21177681	21377681	harbor1	chr8	21236299	21236509	DNA/hAT-Charlie	596	+	105	21236404	58723
chr8	21177681	21377681	harbor1	chr8	21272565	21272726	DNA/hAT-Charlie	626	+	80	21272645	94964
chr8	42859941	43059941	harbor1	chr8	42871902	42872101	DNA/hAT-Charlie	1074	+	100	42872002	12061
chr8	121924768	122124768	harbor1	chr8	121949786	121949943	DNA/hAT-Charlie	620	+	78	121949864	25096
chr8	121924768	122124768	harbor1	chr8	121966257	121966442	DNA/hAT-Charlie	720	+	92	121966349	41581
chr8	121924768	122124768	harbor1	chr8	122019571	122019786	DNA/hAT-Charlie	1031	+	108	122019679	94911
chr8	131580240	131780240	harbor1	chr8	131581388	131581865	DNA/hAT-Charlie	1046	+	238	131581626	1386
chr8	131580240	131780240	harbor1	chr8	131632125	131633138	DNA/hAT-Charlie	1838	+	506	131632631	52391
chr8	131580240	131780240	harbor1	chr8	131633160	131633511	DNA/hAT-Charlie	523	+	176	131633336	53096
chr8	131580240	131780240	harbor1	chr8	131633830	131634240	DNA/hAT-Charlie	1194	+	205	131634035	53795
chr8	41187673	41387673	harbor1	chr8	41192498	41192688	DNA/hAT-Charlie	680	+	95	41192593	4920
chr8	41187673	41387673	harbor1	chr8	41259997	41260099	DNA/hAT-Charlie	519	+	51	41260048	72375
chr8	137611141	137811141	harbor1	chr8	137700274	137700454	DNA/hAT-Charlie	765	+	90	137700364	89223
chr8	82878747	83078747	harbor1	chr8	82902321	82902669	DNA/hAT-Charlie	903	+	174	82902495	23748
chr8	122786357	122986357	harbor1	chr8	122803748	122803910	DNA/hAT-Charlie	407	+	81	122803829	17472
chr8	122786357	122986357	harbor1	chr8	122875264	122875428	DNA/hAT-Charlie	886	+	82	122875346	88989
chr8	122786357	122986357	harbor1	chr8	122885589	122885785	DNA/hAT-Charlie	847	+	98	122885687	99330
chr8	119194882	119394882	harbor1	chr8	119210448	119210595	DNA/hAT-Charlie	509	+	74	119210522	15640
chr8	119194882	119394882	harbor1	chr8	119226704	119226889	DNA/hAT-Charlie	856	+	92	119226796	31914
chr8	119194882	119394882	harbor1	chr8	119241135	119241245	DNA/hAT-Charlie	523	+	55	119241190	46308
chr8	35569946	35769946	harbor1	chr8	35578447	35578607	DNA/hAT-Charlie	417	+	80	35578527	8581
chr8	35569946	35769946	harbor1	chr8	35662768	35663120	DNA/hAT-Charlie	2095	+	176	35662944	92998
chr8	97500299	97700299	harbor1	chr8	97557891	97557927	DNA/hAT-Charlie	859	+	18	97557909	57610
chr8	97500299	97700299	harbor1	chr8	97558238	97558424	DNA/hAT-Charlie	859	+	93	97558331	58032
chr8	97500299	97700299	harbor1	chr8	97583526	97583786	DNA/hAT-Charlie	1092	+	130	97583656	83357
chr8	114077220	114277220	harbor1	chr8	114107581	114107773	DNA/hAT-Charlie	701	+	96	114107677	30457
chr8	143355294	143555294	harbor1	chr8	143442669	143442933	DNA/hAT-Charlie	553	+	132	143442801	87507
chr8	86417115	86617115	harbor1	chr8	86417269	86417372	DNA/hAT-Charlie	521	+	52	86417321	206
chr8	86417115	86617115	harbor1	chr8	86441474	86441675	DNA/hAT-Charlie	462	+	100	86441574	24459
chr8	86417115	86617115	harbor1	chr8	86462706	86463298	DNA/hAT-Charlie	3865	+	296	86463002	45887
chr8	86417115	86617115	harbor1	chr8	86463606	86463778	DNA/hAT-Charlie	3865	+	86	86463692	46577
chr8	86417115	86617115	harbor1	chr8	86464078	86464520	DNA/hAT-Charlie	3865	+	221	86464299	47184
chr8	86417115	86617115	harbor1	chr8	86464813	86464873	DNA/hAT-Charlie	3865	+	30	86464843	47728
chr8	43125137	43325137	harbor1	chr8	43194986	43195143	DNA/hAT-Charlie	682	+	78	43195064	69927
chr8	132428186	132628186	harbor1	chr8	132466690	132466926	DNA/hAT-Charlie	585	+	118	132466808	38622
chr8	132428186	132628186	harbor1	chr8	132518602	132518791	DNA/hAT-Charlie	604	+	94	132518696	90510
chr8	139275775	139475775	harbor1	chr8	139317521	139317767	DNA/hAT-Charlie	451	+	123	139317644	41869
chr8	139275775	139475775	harbor1	chr8	139359770	139359909	DNA/hAT-Charlie	660	+	70	139359840	84065
chr8	139275775	139475775	harbor1	chr8	139373710	139374008	DNA/hAT-Charlie	2228	+	149	139373859	98084
chr8	97567744	97767744	harbor1	chr8	97583526	97583786	DNA/hAT-Charlie	1092	+	130	97583656	15912
chr8	97567744	97767744	harbor1	chr8	97619389	97619436	DNA/hAT-Charlie	929	+	24	97619413	51669
chr8	97567744	97767744	harbor1	chr8	97619736	97619909	DNA/hAT-Charlie	929	+	86	97619822	52078
chr8	97567744	97767744	harbor1	chr8	97660389	97660483	DNA/hAT-Charlie	453	+	47	97660436	92692
chr8	97567744	97767744	harbor1	chr8	97666477	97666696	DNA/hAT-Charlie	2953	+	110	97666587	98843
chr8	97567744	97767744	harbor1	chr8	97667268	97667712	DNA/hAT-Charlie	2703	+	222	97667490	99746
chr8	84326857	84526857	harbor1	chr8	84327486	84327685	DNA/hAT-Charlie	1015	+	100	84327586	729
chr8	84326857	84526857	harbor1	chr8	84339216	84339710	DNA/hAT-Charlie	3084	+	247	84339463	12606
chr8	84326857	84526857	harbor1	chr8	84362417	84362756	DNA/hAT-Charlie	1834	+	170	84362587	35730
chr9	3878977	4078977	harbor1	chr9	3893708	3893875	DNA/hAT-Charlie	727	+	84	3893792	14815
chr9	3878977	4078977	harbor1	chr9	3909802	3909957	DNA/hAT-Charlie	771	+	78	3909880	30903
chr9	3878977	4078977	harbor1	chr9	3928020	3928199	DNA/hAT-Charlie	616	+	90	3928110	49133
chr9	3878977	4078977	harbor1	chr9	3940938	3941087	DNA/hAT-Charlie	616	+	74	3941012	62035
chr9	3878977	4078977	harbor1	chr9	3970560	3970650	DNA/hAT-Charlie	450	+	45	3970605	91628
chr9	133562011	133762011	harbor1	chr9	133592712	133592811	DNA/hAT-Charlie	430	+	50	133592762	30751
chr9	133562011	133762011	harbor1	chr9	133653120	133653299	DNA/hAT-Charlie	731	+	90	133653210	91199
chr9	41505391	41705391	harbor1	chr9	41534675	41534916	DNA/hAT-Charlie	1969	+	120	41534795	29404
chr9	41505391	41705391	harbor1	chr9	41535486	41535572	DNA/hAT-Charlie	1969	+	43	41535529	30138
chr9	121277845	121477845	harbor1	chr9	121277823	121278022	DNA/hAT-Charlie	879	+	100	121277923	78
chr9	121277845	121477845	harbor1	chr9	121287430	121287526	DNA/hAT-Charlie	414	+	48	121287478	9633
chr9	121277845	121477845	harbor1	chr9	121310097	121310320	DNA/hAT-Charlie	664	+	112	121310209	32364
chr9	121277845	121477845	harbor1	chr9	121328284	121328474	DNA/hAT-Charlie	888	+	95	121328379	50534
chr9	121277845	121477845	harbor1	chr9	121337515	121337638	DNA/hAT-Charlie	448	+	62	121337577	59732
chr9	121277845	121477845	harbor1	chr9	121341462	121341655	DNA/hAT-Charlie	604	+	96	121341558	63713
chr9	121277845	121477845	harbor1	chr9	121341695	121342089	DNA/hAT-Charlie	1994	+	197	121341892	64047
chr9	121277845	121477845	harbor1	chr9	121342384	121342866	DNA/hAT-Charlie	1994	+	241	121342625	64780
chr9	121277845	121477845	harbor1	chr9	121346309	121346460	DNA/hAT-Charlie	430	+	76	121346385	68540
chr9	4003941	4203941	harbor1	chr9	4023802	4023966	DNA/hAT-Charlie	548	+	82	4023884	19943
chr9	4003941	4203941	harbor1	chr9	4033558	4033692	DNA/hAT-Charlie	555	+	67	4033625	29684
chr9	4003941	4203941	harbor1	chr9	4040858	4041029	DNA/hAT-Charlie	595	+	86	4040944	37003
chr9	4003941	4203941	harbor1	chr9	4041194	4041399	DNA/hAT-Charlie	630	+	102	4041296	37355
chr9	4003941	4203941	harbor1	chr9	4102444	4102665	DNA/hAT-Charlie	862	+	110	4102554	98613
chr9	74190838	74390838	harbor1	chr9	74203351	74203527	DNA/hAT-Charlie	762	+	88	74203439	12601
chr9	74190838	74390838	harbor1	chr9	74270568	74270700	DNA/hAT-Charlie	400	+	66	74270634	79796
chr9	74190838	74390838	harbor1	chr9	74271721	74271833	DNA/hAT-Charlie	433	+	56	74271777	80939
chr9	32537660	32737660	harbor1	chr9	32583112	32583233	DNA/hAT-Charlie	577	+	60	32583172	45512
chr9	32537660	32737660	harbor1	chr9	32583689	32583898	DNA/hAT-Charlie	547	+	104	32583793	46133
chr9	32537660	32737660	harbor1	chr9	32618700	32619311	DNA/hAT-Charlie	1560	+	306	32619006	81346
chr9	32537660	32737660	harbor1	chr9	32619619	32619631	DNA/hAT-Charlie	1560	+	6	32619625	81965
chr9	32537660	32737660	harbor1	chr9	32619706	32619865	DNA/hAT-Charlie	1560	+	80	32619786	82126
chr9	37311312	37511312	harbor1	chr9	37360379	37360504	DNA/hAT-Charlie	826	+	62	37360441	49129
chr9	37311312	37511312	harbor1	chr9	37374183	37374203	DNA/hAT-Charlie	463	+	10	37374193	62881
chr9	37311312	37511312	harbor1	chr9	37374501	37374636	DNA/hAT-Charlie	463	+	68	37374569	63257
chr9	37311312	37511312	harbor1	chr9	37381122	37381356	DNA/hAT-Charlie	872	+	117	37381239	69927
chr9	37311312	37511312	harbor1	chr9	37391740	37392090	DNA/hAT-Charlie	820	+	175	37391915	80603
chr9	37311312	37511312	harbor1	chr9	37406895	37407096	DNA/hAT-Charlie	1272	+	100	37406995	95683
chr9	123320832	123520832	harbor1	chr9	123321987	123322129	DNA/hAT-Charlie	520	+	71	123322058	1226
chr9	123320832	123520832	harbor1	chr9	123331271	123331466	DNA/hAT-Charlie	1051	+	98	123331369	10537
chr9	123320832	123520832	harbor1	chr9	123337252	123337409	DNA/hAT-Charlie	1130	+	78	123337330	16498
chr9	123320832	123520832	harbor1	chr9	123337719	123337835	DNA/hAT-Charlie	1130	+	58	123337777	16945
chr9	123320832	123520832	harbor1	chr9	123351434	123352016	DNA/hAT-Charlie	1393	+	291	123351725	30893
chr9	123320832	123520832	harbor1	chr9	123386146	123386299	DNA/hAT-Charlie	392	+	76	123386222	65390
chr9	123320832	123520832	harbor1	chr9	123412897	123412927	DNA/hAT-Charlie	822	+	15	123412912	92080
chr9	123320832	123520832	harbor1	chr9	123413199	123413422	DNA/hAT-Charlie	832	+	112	123413311	92479
chr9	67017542	67217542	harbor1	chr9	67089794	67090246	DNA/hAT-Charlie	402	+	226	67090020	72478
chr9	75220553	75420553	harbor1	chr9	75233951	75234052	DNA/hAT-Charlie	414	+	50	75234001	13448
chr9	99198133	99398133	harbor1	chr9	99206963	99207281	DNA/hAT-Charlie	1819	+	159	99207122	8989
chr9	99198133	99398133	harbor1	chr9	99247707	99247825	DNA/hAT-Charlie	412	+	59	99247766	49633
chr9	99198133	99398133	harbor1	chr9	99251293	99251515	DNA/hAT-Charlie	1017	+	111	99251404	53271
chr9	99198133	99398133	harbor1	chr9	99260008	99260306	DNA/hAT-Charlie	505	+	149	99260157	62024
chr9	72449973	72649973	harbor1	chr9	72462536	72462625	DNA/hAT-Charlie	448	+	44	72462580	12607
chr9	72449973	72649973	harbor1	chr9	72462825	72462966	DNA/hAT-Charlie	399	+	70	72462895	12922
chr9	72449973	72649973	harbor1	chr9	72463004	72463352	DNA/hAT-Charlie	774	+	174	72463178	13205
chr9	72449973	72649973	harbor1	chr9	72463350	72463709	DNA/hAT-Charlie	827	+	180	72463530	13557
chr9	72449973	72649973	harbor1	chr9	72463979	72464036	DNA/hAT-Charlie	827	+	28	72464007	14034
chr9	72449973	72649973	harbor1	chr9	72476845	72477124	DNA/hAT-Charlie	574	+	140	72476985	27012
chr9	72449973	72649973	harbor1	chr9	72521112	72521192	DNA/hAT-Charlie	522	+	40	72521152	71179
chr9	72449973	72649973	harbor1	chr9	72521765	72521882	DNA/hAT-Charlie	522	+	58	72521823	71850
chr9	8025004	8225004	harbor1	chr9	8123501	8123678	DNA/hAT-Charlie	540	+	88	8123589	98585
chr9	85797048	85997048	harbor1	chr9	85842146	85842340	DNA/hAT-Charlie	861	+	97	85842243	45195
chr9	85797048	85997048	harbor1	chr9	85878135	85878403	DNA/hAT-Charlie	1272	+	134	85878269	81221
chr9	132659716	132859716	harbor1	chr9	132661380	132661609	DNA/hAT-Charlie	1054	+	114	132661494	1778
chr9	132659716	132859716	harbor1	chr9	132729203	132729382	DNA/hAT-Charlie	662	+	90	132729293	69577
chr9	132659716	132859716	harbor1	chr9	132733968	132734116	DNA/hAT-Charlie	539	+	74	132734042	74326
chr9	6948458	7148458	harbor1	chr9	6956539	6956711	DNA/hAT-Charlie	774	+	86	6956625	8167
chr9	6948458	7148458	harbor1	chr9	6982393	6982585	DNA/hAT-Charlie	423	+	96	6982489	34031
chr9	6948458	7148458	harbor1	chr9	7042865	7043050	DNA/hAT-Charlie	530	+	92	7042957	94499
chr9	76643690	76843690	harbor1	chr9	76654468	76654636	DNA/hAT-Charlie	645	+	84	76654552	10862
chr9	76643690	76843690	harbor1	chr9	76716266	76716411	DNA/hAT-Charlie	570	+	72	76716338	72648
chr9	105625987	105825987	harbor1	chr9	105644986	105645076	DNA/hAT-Charlie	443	+	45	105645031	19044
chr9	105625987	105825987	harbor1	chr9	105657634	105658048	DNA/hAT-Charlie	1318	+	207	105657841	31854
chr9	105625987	105825987	harbor1	chr9	105658048	105658148	DNA/hAT-Charlie	492	+	50	105658098	32111
chr9	105625987	105825987	harbor1	chr9	105691193	105691433	DNA/hAT-Charlie	715	+	120	105691313	65326
chr9	105625987	105825987	harbor1	chr9	105696035	105696283	DNA/hAT-Charlie	1059	+	124	105696159	70172
chr9	105625987	105825987	harbor1	chr9	105696503	105696570	DNA/hAT-Charlie	420	+	34	105696537	70550
chr9	105625987	105825987	harbor1	chr9	105696953	105697048	DNA/hAT-Charlie	420	+	48	105697001	71014
chr9	7862446	8062446	harbor1	chr9	7862286	7862643	DNA/hAT-Charlie	1534	+	178	7862464	18
chr9	7862446	8062446	harbor1	chr9	7953303	7953484	DNA/hAT-Charlie	528	+	90	7953393	90947
chr9	31297537	31497537	harbor1	chr9	31300139	31300285	DNA/hAT-Charlie	425	+	73	31300212	2675
chr9	66799737	66999737	harbor1	chr9	66819815	66820010	DNA/hAT-Charlie	653	+	98	66819913	20176
chr9	66799737	66999737	harbor1	chr9	66888388	66888539	DNA/hAT-Charlie	422	+	76	66888464	88727
chr9	91185735	91385735	harbor1	chr9	91222273	91222872	DNA/hAT-Charlie	1850	+	300	91222573	36838
chr9	91185735	91385735	harbor1	chr9	91224652	91225159	DNA/hAT-Charlie	1040	+	254	91224906	39171
chr9	91185735	91385735	harbor1	chr9	91240545	91240732	DNA/hAT-Charlie	830	+	94	91240639	54904
chr9	14383528	14583528	harbor1	chr9	14386805	14387069	DNA/hAT-Charlie	574	+	132	14386937	3409
chr9	14383528	14583528	harbor1	chr9	14388893	14389050	DNA/hAT-Charlie	498	+	78	14388971	5443
chr9	14383528	14583528	harbor1	chr9	14398969	14399282	DNA/hAT-Charlie	1002	+	156	14399125	15597
chr9	14383528	14583528	harbor1	chr9	14417650	14417774	DNA/hAT-Charlie	432	+	62	14417712	34184
chr9	14383528	14583528	harbor1	chr9	14418081	14418148	DNA/hAT-Charlie	432	+	34	14418115	34587
chr9	14383528	14583528	harbor1	chr9	14472314	14472573	DNA/hAT-Charlie	1028	+	130	14472444	88916
chr9	14383528	14583528	harbor1	chr9	14472866	14472942	DNA/hAT-Charlie	1028	+	38	14472904	89376
chr9	32971609	33171609	harbor1	chr9	32994140	32994310	DNA/hAT-Charlie	722	+	85	32994225	22616
chr9	32971609	33171609	harbor1	chr9	33006288	33006473	DNA/hAT-Charlie	428	+	92	33006380	34771
chr9	32971609	33171609	harbor1	chr9	33063519	33063865	DNA/hAT-Charlie	2182	+	173	33063692	92083
chr9	102916109	103116109	harbor1	chr9	102954388	102954513	DNA/hAT-Charlie	410	+	62	102954450	38341
chr9	102916109	103116109	harbor1	chr9	102980990	102981152	DNA/hAT-Charlie	743	+	81	102981071	64962
chr9	102916109	103116109	harbor1	chr9	103003413	103003584	DNA/hAT-Charlie	582	+	86	103003499	87390
chr9	131943014	132143014	harbor1	chr9	131953415	131953706	DNA/hAT-Charlie	554	+	146	131953561	10547
chr9	131943014	132143014	harbor1	chr9	131968715	131969255	DNA/hAT-Charlie	3569	+	270	131968985	25971
chr9	8361865	8561865	harbor1	chr9	8367318	8367529	DNA/hAT-Charlie	776	+	106	8367424	5559
chr9	109934915	110134915	harbor1	chr9	109954720	109955106	DNA/hAT-Charlie	565	+	193	109954913	19998
chr9	109934915	110134915	harbor1	chr9	109962347	109962547	DNA/hAT-Charlie	903	+	100	109962447	27532
chr9	109934915	110134915	harbor1	chr9	109963442	109963551	DNA/hAT-Charlie	398	+	54	109963496	28581
chr9	109934915	110134915	harbor1	chr9	110013916	110014123	DNA/hAT-Charlie	881	+	104	110014020	79105
chr9	122915368	123115368	harbor1	chr9	122980015	122980239	DNA/hAT-Charlie	1207	+	112	122980127	64759
chr9	122915368	123115368	harbor1	chr9	122981495	122981671	DNA/hAT-Charlie	837	+	88	122981583	66215
chr9	122915368	123115368	harbor1	chr9	123009059	123009267	DNA/hAT-Charlie	1137	+	104	123009163	93795
chr9	4066637	4266637	harbor1	chr9	4102444	4102665	DNA/hAT-Charlie	862	+	110	4102554	35917
chr9	4066637	4266637	harbor1	chr9	4112479	4112612	DNA/hAT-Charlie	509	+	66	4112545	45908
chr9	4066637	4266637	harbor1	chr9	4156856	4156998	DNA/hAT-Charlie	741	+	71	4156927	90290
chr9	2291363	2491363	harbor1	chr9	2332310	2332422	DNA/hAT-Charlie	488	+	56	2332366	41003
chr9	2291363	2491363	harbor1	chr9	2343606	2343777	DNA/hAT-Charlie	820	+	86	2343692	52329
chr9	2291363	2491363	harbor1	chr9	2380056	2380223	DNA/hAT-Charlie	706	+	84	2380140	88777
chr9	120765303	120965303	harbor1	chr9	120783468	120783672	DNA/hAT-Charlie	526	+	102	120783570	18267
chr9	120765303	120965303	harbor1	chr9	120794751	120794943	DNA/hAT-Charlie	794	+	96	120794847	29544
chr9	120765303	120965303	harbor1	chr9	120819189	120819328	DNA/hAT-Charlie	664	+	70	120819259	53956
chr9	120765303	120965303	harbor1	chr9	120849534	120849660	DNA/hAT-Charlie	670	+	63	120849597	84294
chr9	41143441	41343441	harbor1	chr9	41175841	41176053	DNA/hAT-Charlie	1207	+	106	41175947	32506
chr9	41143441	41343441	harbor1	chr9	41204108	41204356	DNA/hAT-Charlie	602	+	124	41204232	60791
chr9	26039697	26239697	harbor1	chr9	26131131	26131293	DNA/hAT-Charlie	505	+	81	26131212	91515
chr9	26039697	26239697	harbor1	chr9	26131614	26131850	DNA/hAT-Charlie	853	+	118	26131732	92035
chr9	26039697	26239697	harbor1	chr9	26139007	26139226	DNA/hAT-Charlie	440	+	110	26139117	99420
chr9	130699865	130899865	harbor1	chr9	130715800	130716072	DNA/hAT-Charlie	1994	+	136	130715936	16071
chr9	130699865	130899865	harbor1	chr9	130716396	130716748	DNA/hAT-Charlie	1994	+	176	130716572	16707
chr9	130699865	130899865	harbor1	chr9	130716948	130717039	DNA/hAT-Charlie	743	+	46	130716994	17129
chr9	130699865	130899865	harbor1	chr9	130717343	130717421	DNA/hAT-Charlie	743	+	39	130717382	17517
chr9	130699865	130899865	harbor1	chr9	130718448	130718598	DNA/hAT-Charlie	563	+	75	130718523	18658
chr9	130699865	130899865	harbor1	chr9	130767979	130768206	DNA/hAT-Charlie	423	+	114	130768093	68228
chr9	130699865	130899865	harbor1	chr9	130793685	130794214	DNA/hAT-Charlie	3721	+	264	130793949	94084
chr9	17040571	17240571	harbor1	chr9	17049678	17050051	DNA/hAT-Charlie	887	+	186	17049864	9293
chr9	17040571	17240571	harbor1	chr9	17077738	17077890	DNA/hAT-Charlie	625	+	76	17077814	37243
chr9	17040571	17240571	harbor1	chr9	17127030	17127163	DNA/hAT-Charlie	435	+	66	17127096	86525
chr9	97571228	97771228	harbor1	chr9	97579361	97579438	DNA/hAT-Charlie	480	+	38	97579399	8171
chr9	97571228	97771228	harbor1	chr9	97579590	97579702	DNA/hAT-Charlie	550	+	56	97579646	8418
chr9	97571228	97771228	harbor1	chr9	97609039	97609298	DNA/hAT-Charlie	1015	+	130	97609169	37941
chr9	97571228	97771228	harbor1	chr9	97617403	97617561	DNA/hAT-Charlie	502	+	79	97617482	46254
chr9	86211152	86411152	harbor1	chr9	86244019	86244111	DNA/hAT-Charlie	548	+	46	86244065	32913
chr9	86211152	86411152	harbor1	chr9	86244103	86244235	DNA/hAT-Charlie	606	+	66	86244169	33017
chr9	86211152	86411152	harbor1	chr9	86244375	86244459	DNA/hAT-Charlie	411	+	42	86244417	33265
chr9	86211152	86411152	harbor1	chr9	86260754	86260861	DNA/hAT-Charlie	716	+	54	86260808	49656
chr9	86211152	86411152	harbor1	chr9	86261164	86261222	DNA/hAT-Charlie	716	+	29	86261193	50041
chr9	86211152	86411152	harbor1	chr9	86273787	86273878	DNA/hAT-Charlie	392	+	46	86273833	62681
chr9	86211152	86411152	harbor1	chr9	86294046	86294281	DNA/hAT-Charlie	757	+	118	86294164	83012
chr9	86211152	86411152	harbor1	chr9	86294868	86295477	DNA/hAT-Charlie	1239	+	304	86295172	84020
chr9	86211152	86411152	harbor1	chr9	86303724	86303862	DNA/hAT-Charlie	682	+	69	86303793	92641
chr9	86211152	86411152	harbor1	chr9	86294404	86294740	DNA/hAT-Charlie	1239	+	168	86294572	83420
chr9	18536499	18736499	harbor1	chr9	18539486	18539977	DNA/hAT-Charlie	2099	+	246	18539732	3233
chr9	18536499	18736499	harbor1	chr9	18549819	18549980	DNA/hAT-Charlie	733	+	80	18549899	13400
chr9	18536499	18736499	harbor1	chr9	18566973	18567164	DNA/hAT-Charlie	1082	+	96	18567069	30570
chr9	18536499	18736499	harbor1	chr9	18615747	18615941	DNA/hAT-Charlie	412	+	97	18615844	79345
chr9	18536499	18736499	harbor1	chr9	18625948	18626141	DNA/hAT-Charlie	471	+	96	18626044	89545
chr9	18536499	18736499	harbor1	chr9	18632361	18632613	DNA/hAT-Charlie	506	+	126	18632487	95988
chr9	63860389	64060389	harbor1	chr9	63865465	63865620	DNA/hAT-Charlie	798	+	78	63865543	5154
chr9	63860389	64060389	harbor1	chr9	63896389	63896583	DNA/hAT-Charlie	1244	+	97	63896486	36097
chr9	63860389	64060389	harbor1	chr9	63897424	63897565	DNA/hAT-Charlie	650	+	70	63897494	37105
chr9	93869689	94069689	harbor1	chr9	93893372	93893560	DNA/hAT-Charlie	895	+	94	93893466	23777
chr9	93869689	94069689	harbor1	chr9	93919918	93920088	DNA/hAT-Charlie	580	+	85	93920003	50314
chr9	93869689	94069689	harbor1	chr9	93935428	93935630	DNA/hAT-Charlie	520	+	101	93935529	65840
chr9	93869689	94069689	harbor1	chr9	93936395	93936406	DNA/hAT-Charlie	520	+	6	93936401	66712
chr9	101133813	101333813	harbor1	chr9	101173757	101173951	DNA/hAT-Charlie	675	+	97	101173854	40041
chr9	101133813	101333813	harbor1	chr9	101207970	101208175	DNA/hAT-Charlie	659	+	102	101208072	74259
chr9	101133813	101333813	harbor1	chr9	101209039	101209215	DNA/hAT-Charlie	960	+	88	101209127	75314
chr9	23810440	24010440	harbor1	chr9	23858178	23858364	DNA/hAT-Charlie	841	+	93	23858271	47831
chr9	40090947	40290947	harbor1	chr9	40091702	40091875	DNA/hAT-Charlie	718	+	86	40091788	841
chr9	40090947	40290947	harbor1	chr9	40104550	40104700	DNA/hAT-Charlie	593	+	75	40104625	13678
chr9	40090947	40290947	harbor1	chr9	40165261	40165407	DNA/hAT-Charlie	629	+	73	40165334	74387
chr9	40090947	40290947	harbor1	chr9	40183472	40183683	DNA/hAT-Charlie	1062	+	106	40183578	92631
chr9	90550377	90750377	harbor1	chr9	90596410	90596652	DNA/hAT-Charlie	457	+	121	90596531	46154
chr9	90550377	90750377	harbor1	chr9	90607547	90607708	DNA/hAT-Charlie	636	+	80	90607627	57250
chr9	90550377	90750377	harbor1	chr9	90629256	90629567	DNA/hAT-Charlie	902	+	156	90629412	79035
chr9	90550377	90750377	harbor1	chr9	90629901	90630018	DNA/hAT-Charlie	902	+	58	90629959	79582
chr9	90550377	90750377	harbor1	chr9	90630415	90631051	DNA/hAT-Charlie	1219	+	318	90630733	80356
chr9	90550377	90750377	harbor1	chr9	90639949	90640234	DNA/hAT-Charlie	726	+	142	90640091	89714
chr9	90550377	90750377	harbor1	chr9	90645150	90645309	DNA/hAT-Charlie	484	+	80	90645230	94853
chr9	90550377	90750377	harbor1	chr9	90646228	90646400	DNA/hAT-Charlie	734	+	86	90646314	95937
chr9	72955879	73155879	harbor1	chr9	72960602	72960772	DNA/hAT-Charlie	867	+	85	72960687	4808
chr9	72955879	73155879	harbor1	chr9	72990098	72990404	DNA/hAT-Charlie	884	+	153	72990251	34372
chr9	72955879	73155879	harbor1	chr9	73017279	73017410	DNA/hAT-Charlie	492	+	66	73017345	61466
chr9	104621899	104821899	harbor1	chr9	104628884	104629043	DNA/hAT-Charlie	749	+	80	104628964	7065
chr9	104621899	104821899	harbor1	chr9	104683325	104683442	DNA/hAT-Charlie	416	+	58	104683383	61484
chr9	112545496	112745496	harbor1	chr9	112549723	112549931	DNA/hAT-Charlie	1061	+	104	112549827	4331
chr9	112545496	112745496	harbor1	chr9	112581417	112581492	DNA/hAT-Charlie	404	+	38	112581455	35959
chr9	112545496	112745496	harbor1	chr9	112582948	112583040	DNA/hAT-Charlie	494	+	46	112582994	37498
chr9	112545496	112745496	harbor1	chr9	112590087	112590222	DNA/hAT-Charlie	638	+	68	112590155	44659
chr9	112083273	112283273	harbor1	chr9	112094035	112094200	DNA/hAT-Charlie	679	+	82	112094117	10844
chr9	112083273	112283273	harbor1	chr9	112118460	112118487	DNA/hAT-Charlie	564	+	14	112118474	35201
chr9	112083273	112283273	harbor1	chr9	112118785	112119008	DNA/hAT-Charlie	564	+	112	112118897	35624
chr9	37147817	37347817	harbor1	chr9	37156989	37157204	DNA/hAT-Charlie	746	+	108	37157097	9280
chr9	37147817	37347817	harbor1	chr9	37212085	37212289	DNA/hAT-Charlie	860	+	102	37212187	64370
chr9	37147817	37347817	harbor1	chr9	37219179	37219384	DNA/hAT-Charlie	780	+	102	37219281	71464
chr9	37147817	37347817	harbor1	chr9	37232512	37232690	DNA/hAT-Charlie	816	+	89	37232601	84784
chr9	18102737	18302737	harbor1	chr9	18149494	18149651	DNA/hAT-Charlie	585	+	78	18149572	46835
chr9	18102737	18302737	harbor1	chr9	18155455	18155667	DNA/hAT-Charlie	1299	+	106	18155561	52824
chr9	18102737	18302737	harbor1	chr9	18120673	18120770	DNA/hAT-Charlie	402	+	48	18120721	17984
chr9	102238113	102438113	harbor1	chr9	102253190	102253278	DNA/hAT-Charlie	437	+	44	102253234	15121
chr9	40624274	40824274	harbor1	chr9	40693943	40694080	DNA/hAT-Charlie	584	+	68	40694011	69737
chr9	40624274	40824274	harbor1	chr9	40722066	40722263	DNA/hAT-Charlie	1083	+	98	40722164	97890
chr9	5788482	5988482	harbor1	chr9	5799554	5799755	DNA/hAT-Charlie	719	+	100	5799654	11172
chr9	5788482	5988482	harbor1	chr9	5830130	5830300	DNA/hAT-Charlie	1126	+	85	5830215	41733
chr9	190239	390239	harbor1	chr9	193812	194062	DNA/hAT-Charlie	540	+	125	193937	3698
chr9	190239	390239	harbor1	chr9	217066	217176	DNA/hAT-Charlie	485	+	55	217121	26882
chr9	190239	390239	harbor1	chr9	275429	275560	DNA/hAT-Charlie	514	+	66	275495	85256
chr9	70857209	71057209	harbor1	chr9	70878753	70878911	DNA/hAT-Charlie	544	+	79	70878832	21623
chr9	70857209	71057209	harbor1	chr9	70924036	70924245	DNA/hAT-Charlie	916	+	104	70924140	66931
chr9	76870660	77070660	harbor1	chr9	76880305	76880766	DNA/hAT-Charlie	1846	+	230	76880535	9875
chr9	76870660	77070660	harbor1	chr9	76880765	76880959	DNA/hAT-Charlie	1035	+	97	76880862	10202
chr9	76870660	77070660	harbor1	chr9	76881265	76881323	DNA/hAT-Charlie	1035	+	29	76881294	10634
chr9	76870660	77070660	harbor1	chr9	76889841	76890009	DNA/hAT-Charlie	689	+	84	76889925	19265
chr9	76870660	77070660	harbor1	chr9	76906887	76907050	DNA/hAT-Charlie	637	+	82	76906969	36309
chr9	76870660	77070660	harbor1	chr9	76907240	76907403	DNA/hAT-Charlie	497	+	82	76907322	36662
chr9	76870660	77070660	harbor1	chr9	76952600	76952792	DNA/hAT-Charlie	864	+	96	76952696	82036
chr9	76870660	77070660	harbor1	chr9	76961137	76961246	DNA/hAT-Charlie	823	+	54	76961191	90531
chr9	76870660	77070660	harbor1	chr9	76961606	76961689	DNA/hAT-Charlie	823	+	42	76961648	90988
chr9	86317097	86517097	harbor1	chr9	86389531	86389742	DNA/hAT-Charlie	423	+	106	86389637	72540
chr9	27651942	27851942	harbor1	chr9	27660371	27660576	DNA/hAT-Charlie	1126	+	102	27660473	8531
chr9	27651942	27851942	harbor1	chr9	27686694	27686872	DNA/hAT-Charlie	788	+	89	27686783	34841
chr9	27651942	27851942	harbor1	chr9	27688721	27688880	DNA/hAT-Charlie	454	+	80	27688801	36859
chr9	27651942	27851942	harbor1	chr9	27746328	27746432	DNA/hAT-Charlie	516	+	52	27746380	94438
chr9	27651942	27851942	harbor1	chr9	27749828	27749985	DNA/hAT-Charlie	891	+	78	27749906	97964
chr9	105410405	105610405	harbor1	chr9	105439105	105439292	DNA/hAT-Charlie	875	+	94	105439199	28794
chr9	105410405	105610405	harbor1	chr9	105461235	105461524	DNA/hAT-Charlie	1063	+	144	105461379	50974
chr9	79499148	79699148	harbor1	chr9	79502503	79502710	DNA/hAT-Charlie	1038	+	104	79502607	3459
chr9	79499148	79699148	harbor1	chr9	79514176	79514485	DNA/hAT-Charlie	1822	+	154	79514330	15182
chr9	79499148	79699148	harbor1	chr9	79514784	79514984	DNA/hAT-Charlie	1822	+	100	79514884	15736
chr9	79499148	79699148	harbor1	chr9	79552479	79552641	DNA/hAT-Charlie	628	+	81	79552560	53412
chr9	79499148	79699148	harbor1	chr9	79588937	79589143	DNA/hAT-Charlie	853	+	103	79589040	89892
chr9	79499148	79699148	harbor1	chr9	79595284	79595415	DNA/hAT-Charlie	400	+	66	79595350	96202
chr9	120887399	121087399	harbor1	chr9	120893890	120894033	DNA/hAT-Charlie	519	+	72	120893962	6563
chr9	120887399	121087399	harbor1	chr9	120947120	120947326	DNA/hAT-Charlie	750	+	103	120947223	59824
chr9	120887399	121087399	harbor1	chr9	120953313	120953581	DNA/hAT-Charlie	511	+	134	120953447	66048
chr9	120887399	121087399	harbor1	chr9	120960558	120960779	DNA/hAT-Charlie	1541	+	110	120960668	73269
chr9	106248553	106448553	harbor1	chr9	106267126	106267215	DNA/hAT-Charlie	490	+	44	106267170	18617
chr9	106248553	106448553	harbor1	chr9	106316634	106316738	DNA/hAT-Charlie	398	+	52	106316686	68133
chr9	78886424	79086424	harbor1	chr9	78886619	78886847	DNA/hAT-Charlie	1176	+	114	78886733	309
chr9	112346402	112546402	harbor1	chr9	112357820	112357886	DNA/hAT-Charlie	1177	+	33	112357853	11451
chr9	112346402	112546402	harbor1	chr9	112358325	112358472	DNA/hAT-Charlie	1177	+	74	112358399	11997
chr9	112346402	112546402	harbor1	chr9	112382496	112382697	DNA/hAT-Charlie	1081	+	100	112382596	36194
chr9	112346402	112546402	harbor1	chr9	112410938	112411392	DNA/hAT-Charlie	1921	+	227	112411165	64763
chr9	112346402	112546402	harbor1	chr9	112411688	112412023	DNA/hAT-Charlie	1921	+	168	112411856	65454
chr9	112346402	112546402	harbor1	chr9	112412233	112412530	DNA/hAT-Charlie	853	+	148	112412381	65979
chr9	112346402	112546402	harbor1	chr9	112412652	112412804	DNA/hAT-Charlie	597	+	76	112412728	66326
chr9	112346402	112546402	harbor1	chr9	112412966	112413196	DNA/hAT-Charlie	445	+	115	112413081	66679
chr9	112346402	112546402	harbor1	chr9	112413514	112413539	DNA/hAT-Charlie	445	+	12	112413526	67124
chr9	79185210	79385210	harbor1	chr9	79197573	79197864	DNA/hAT-Charlie	964	+	146	79197719	12509
chr9	79185210	79385210	harbor1	chr9	79224695	79224907	DNA/hAT-Charlie	989	+	106	79224801	39591
chr9	79185210	79385210	harbor1	chr9	79271729	79271891	DNA/hAT-Charlie	418	+	81	79271810	86600
chr9	106031212	106231212	harbor1	chr9	106083953	106084143	DNA/hAT-Charlie	699	+	95	106084048	52836
chr9	106031212	106231212	harbor1	chr9	106101847	106102049	DNA/hAT-Charlie	470	+	101	106101948	70736
chr9	105202249	105402249	harbor1	chr9	105202269	105202283	DNA/hAT-Charlie	738	+	7	105202276	27
chr9	105202249	105402249	harbor1	chr9	105219865	105219992	DNA/hAT-Charlie	741	+	64	105219929	17680
chr9	105202249	105402249	harbor1	chr9	105220300	105220317	DNA/hAT-Charlie	741	+	8	105220308	18059
chr9	105202249	105402249	harbor1	chr9	105251929	105252255	DNA/hAT-Charlie	1492	+	163	105252092	49843
chr9	89812466	90012466	harbor1	chr9	89851766	89852038	DNA/hAT-Charlie	688	+	136	89851902	39436
chr9	89812466	90012466	harbor1	chr9	89864787	89864964	DNA/hAT-Charlie	534	+	88	89864875	52409
chr9	67164397	67364397	harbor1	chr9	67190624	67190770	DNA/hAT-Charlie	436	+	73	67190697	26300
chr9	67164397	67364397	harbor1	chr9	67215901	67216014	DNA/hAT-Charlie	487	+	56	67215957	51560
chr9	67164397	67364397	harbor1	chr9	67223741	67223904	DNA/hAT-Charlie	577	+	82	67223823	59426
chr9	67164397	67364397	harbor1	chr9	67254097	67254312	DNA/hAT-Charlie	895	+	108	67254205	89808
chr9	67164397	67364397	harbor1	chr9	67257565	67257869	DNA/hAT-Charlie	1122	+	152	67257717	93320
chr9	20252645	20452645	harbor1	chr9	20253526	20253705	DNA/hAT-Charlie	770	+	90	20253616	971
chr9	20252645	20452645	harbor1	chr9	20307960	20308146	DNA/hAT-Charlie	472	+	93	20308053	55408
chr9	20252645	20452645	harbor1	chr9	20334095	20334218	DNA/hAT-Charlie	392	+	62	20334157	81512
chr9	20252645	20452645	harbor1	chr9	20339300	20339486	DNA/hAT-Charlie	397	+	93	20339393	86748
chr9	26456896	26656896	harbor1	chr9	26508546	26508865	DNA/hAT-Charlie	2023	+	160	26508706	51810
chr9	26456896	26656896	harbor1	chr9	26530302	26530402	DNA/hAT-Charlie	541	+	50	26530352	73456
chr9	26456896	26656896	harbor1	chr9	26538095	26538440	DNA/hAT-Charlie	1120	+	172	26538267	81371
chr9	93111564	93311564	harbor1	chr9	93157371	93157540	DNA/hAT-Charlie	572	+	84	93157455	45891
chr9	30451399	30651399	harbor1	chr9	30476921	30477356	DNA/hAT-Charlie	2478	+	218	30477139	25740
chr9	26415210	26615210	harbor1	chr9	26508546	26508865	DNA/hAT-Charlie	2023	+	160	26508706	93496
chr9	65698429	65898429	harbor1	chr9	65736070	65736284	DNA/hAT-Charlie	392	+	107	65736177	37748
chr9	65698429	65898429	harbor1	chr9	65744209	65744391	DNA/hAT-Charlie	488	+	91	65744300	45871
chr9	74556853	74756853	harbor1	chr9	74582490	74582812	DNA/hAT-Charlie	784	+	161	74582651	25798
chr9	74556853	74756853	harbor1	chr9	74597370	74597544	DNA/hAT-Charlie	548	+	87	74597457	40604
chr9	74556853	74756853	harbor1	chr9	74597587	74597676	DNA/hAT-Charlie	1045	+	44	74597631	40778
chr9	74556853	74756853	harbor1	chr9	74597972	74598136	DNA/hAT-Charlie	1045	+	82	74598054	41201
chr9	74556853	74756853	harbor1	chr9	74603498	74603839	DNA/hAT-Charlie	817	+	170	74603668	46815
chr9	74556853	74756853	harbor1	chr9	74603837	74603931	DNA/hAT-Charlie	401	+	47	74603884	47031
chr9	74556853	74756853	harbor1	chr9	74609799	74609996	DNA/hAT-Charlie	868	+	98	74609897	53044
chr9	74556853	74756853	harbor1	chr9	74613498	74613665	DNA/hAT-Charlie	502	+	84	74613582	56729
chr9	73721646	73921646	harbor1	chr9	73733149	73733365	DNA/hAT-Charlie	854	+	108	73733257	11611
chr9	73721646	73921646	harbor1	chr9	73766771	73766980	DNA/hAT-Charlie	888	+	104	73766875	45229
chr9	27511039	27711039	harbor1	chr9	27558745	27558927	DNA/hAT-Charlie	588	+	91	27558836	47797
chr9	27511039	27711039	harbor1	chr9	27604438	27604611	DNA/hAT-Charlie	462	+	86	27604524	93485
chr9	120415038	120615038	harbor1	chr9	120464529	120464690	DNA/hAT-Charlie	796	+	80	120464609	49571
chr9	120415038	120615038	harbor1	chr9	120472784	120472985	DNA/hAT-Charlie	1188	+	100	120472884	57846
chr9	120415038	120615038	harbor1	chr9	120473310	120473429	DNA/hAT-Charlie	443	+	60	120473370	58332
chr9	120415038	120615038	harbor1	chr9	120474309	120474536	DNA/hAT-Charlie	905	+	114	120474423	59385
chr9	120415038	120615038	harbor1	chr9	120480249	120480736	DNA/hAT-Charlie	1689	+	244	120480493	65455
chr9	30261974	30461974	harbor1	chr9	30322653	30322800	DNA/hAT-Charlie	693	+	74	30322727	60753
chr9	13314251	13514251	harbor1	chr9	13314131	13314274	DNA/hAT-Charlie	392	+	72	13314203	48
chr9	13314251	13514251	harbor1	chr9	13367936	13368088	DNA/hAT-Charlie	849	+	76	13368012	53761
chr9	13314251	13514251	harbor1	chr9	13395780	13395958	DNA/hAT-Charlie	874	+	89	13395869	81618
chr9	134842360	135042360	harbor1	chr9	134845494	134845663	DNA/hAT-Charlie	409	+	84	134845578	3218
chr9	134842360	135042360	harbor1	chr9	134868881	134869090	DNA/hAT-Charlie	693	+	104	134868985	26625
chr9	134842360	135042360	harbor1	chr9	134910659	134910835	DNA/hAT-Charlie	417	+	88	134910747	68387
chr9	106781833	106981833	harbor1	chr9	106802614	106802813	DNA/hAT-Charlie	898	+	100	106802714	20881
chr9	108540714	108740714	harbor1	chr9	108553991	108554094	DNA/hAT-Charlie	1462	+	52	108554043	13329
chr9	108540714	108740714	harbor1	chr9	108554202	108554459	DNA/hAT-Charlie	1462	+	128	108554330	13616
chr9	108540714	108740714	harbor1	chr9	108556626	108556827	DNA/hAT-Charlie	909	+	100	108556726	16012
chr9	108540714	108740714	harbor1	chr9	108558971	108559399	DNA/hAT-Charlie	1651	+	214	108559185	18471
chr9	108540714	108740714	harbor1	chr9	108568261	108568458	DNA/hAT-Charlie	937	+	98	108568359	27645
chr9	108540714	108740714	harbor1	chr9	108573604	108573765	DNA/hAT-Charlie	859	+	80	108573684	32970
chr9	108540714	108740714	harbor1	chr9	108583873	108584172	DNA/hAT-Charlie	1341	+	150	108584023	43309
chr9	108540714	108740714	harbor1	chr9	108590891	108590997	DNA/hAT-Charlie	424	+	53	108590944	50230
chr9	108540714	108740714	harbor1	chr9	108591293	108591475	DNA/hAT-Charlie	409	+	91	108591384	50670
chr9	108540714	108740714	harbor1	chr9	108619821	108619976	DNA/hAT-Charlie	645	+	78	108619899	79185
chr9	108540714	108740714	harbor1	chr9	108620233	108620270	DNA/hAT-Charlie	645	+	18	108620251	79537
chr9	108540714	108740714	harbor1	chr9	108623268	108623610	DNA/hAT-Charlie	719	+	171	108623439	82725
chr9	118902974	119102974	harbor1	chr9	118909853	118910138	DNA/hAT-Charlie	551	+	142	118909995	7021
chr9	118902974	119102974	harbor1	chr9	118980712	118980817	DNA/hAT-Charlie	408	+	52	118980764	77790
chr9	118902974	119102974	harbor1	chr9	118983023	118983261	DNA/hAT-Charlie	910	+	119	118983142	80168
chr9	118902974	119102974	harbor1	chr9	118984072	118984242	DNA/hAT-Charlie	482	+	85	118984157	81183
chr9	118902974	119102974	harbor1	chr9	118994270	118994507	DNA/hAT-Charlie	703	+	118	118994388	91414
chr9	65084391	65284391	harbor1	chr9	65130880	65131048	DNA/hAT-Charlie	686	+	84	65130964	46573
chr9	65084391	65284391	harbor1	chr9	65132556	65132827	DNA/hAT-Charlie	454	+	136	65132692	48301
chr9	113858073	114058073	harbor1	chr9	113873577	113873735	DNA/hAT-Charlie	690	+	79	113873656	15583
chr9	113858073	114058073	harbor1	chr9	113880402	113880500	DNA/hAT-Charlie	526	+	49	113880451	22378
chr9	113858073	114058073	harbor1	chr9	113880604	113880824	DNA/hAT-Charlie	775	+	110	113880714	22641
chr9	113858073	114058073	harbor1	chr9	113886751	113886971	DNA/hAT-Charlie	1155	+	110	113886861	28788
chr9	113858073	114058073	harbor1	chr9	113887000	113887070	DNA/hAT-Charlie	1155	+	35	113887035	28962
chr9	113858073	114058073	harbor1	chr9	113899360	113899683	DNA/hAT-Charlie	2026	+	162	113899522	41449
chr9	113858073	114058073	harbor1	chr9	113905386	113905573	DNA/hAT-Charlie	715	+	94	113905480	47407
chr9	113858073	114058073	harbor1	chr9	113931587	113931904	DNA/hAT-Charlie	1638	+	158	113931745	73672
chr9	96506681	96706681	harbor1	chr9	96520746	96520889	DNA/hAT-Charlie	479	+	72	96520818	14137
chr9	96506681	96706681	harbor1	chr9	96544957	96545121	DNA/hAT-Charlie	757	+	82	96545039	38358
chr9	96506681	96706681	harbor1	chr9	96551444	96551664	DNA/hAT-Charlie	708	+	110	96551554	44873
chr9	96506681	96706681	harbor1	chr9	96587238	96587362	DNA/hAT-Charlie	415	+	62	96587300	80619
chr9	123686554	123886554	harbor1	chr9	123705924	123706018	DNA/hAT-Charlie	506	+	47	123705971	19417
chr9	65508840	65708840	harbor1	chr9	65562191	65562329	DNA/hAT-Charlie	669	+	69	65562260	53420
chr9	65508840	65708840	harbor1	chr9	65585211	65585342	DNA/hAT-Charlie	802	+	66	65585277	76437
chr9	65508840	65708840	harbor1	chr9	65585653	65585694	DNA/hAT-Charlie	802	+	20	65585673	76833
chr9	93089236	93289236	harbor1	chr9	93157371	93157540	DNA/hAT-Charlie	572	+	84	93157455	68219
chr9	82397978	82597978	harbor1	chr9	82405189	82405344	DNA/hAT-Charlie	555	+	78	82405267	7289
chr9	82397978	82597978	harbor1	chr9	82421931	82422079	DNA/hAT-Charlie	701	+	74	82422005	24027
chr9	82397978	82597978	harbor1	chr9	82446595	82446838	DNA/hAT-Charlie	516	+	122	82446717	48739
chr9	82397978	82597978	harbor1	chr9	82452809	82453014	DNA/hAT-Charlie	875	+	102	82452911	54933
chr9	82397978	82597978	harbor1	chr9	82483534	82483643	DNA/hAT-Charlie	469	+	54	82483588	85610
chr9	82397978	82597978	harbor1	chr9	82492461	82493146	DNA/hAT-Charlie	1653	+	342	82492803	94825
chr9	82397978	82597978	harbor1	chr9	82497159	82497315	DNA/hAT-Charlie	419	+	78	82497237	99259
chr9	119951073	120151073	harbor1	chr9	119960680	119960898	DNA/hAT-Charlie	1122	+	109	119960789	9716
chr9	119951073	120151073	harbor1	chr9	119972013	119972399	DNA/hAT-Charlie	1034	+	193	119972206	21133
chr9	119951073	120151073	harbor1	chr9	119972409	119972627	DNA/hAT-Charlie	1033	+	109	119972518	21445
chr9	119951073	120151073	harbor1	chr9	120025799	120025937	DNA/hAT-Charlie	613	+	69	120025868	74795
chr9	119951073	120151073	harbor1	chr9	120038106	120038319	DNA/hAT-Charlie	1014	+	106	120038212	87139
chr9	94045412	94245412	harbor1	chr9	94130983	94131051	DNA/hAT-Charlie	392	+	34	94131017	85605
chr9	20513613	20713613	harbor1	chr9	20535031	20535382	DNA/hAT-Charlie	2009	+	176	20535207	21594
chr9	20513613	20713613	harbor1	chr9	20555825	20556101	DNA/hAT-Charlie	568	+	138	20555963	42350
chr9	20513613	20713613	harbor1	chr9	20556165	20556402	DNA/hAT-Charlie	807	+	118	20556283	42670
chr9	20513613	20713613	harbor1	chr9	20556708	20556937	DNA/hAT-Charlie	807	+	114	20556822	43209
chr9	20513613	20713613	harbor1	chr9	20558581	20558734	DNA/hAT-Charlie	408	+	76	20558657	45044
chr9	20513613	20713613	harbor1	chr9	20578581	20578703	DNA/hAT-Charlie	593	+	61	20578642	65029
chr9	20513613	20713613	harbor1	chr9	20578799	20579014	DNA/hAT-Charlie	937	+	108	20578907	65294
chr9	20513613	20713613	harbor1	chr9	20595873	20596028	DNA/hAT-Charlie	698	+	78	20595951	82338
chr9	100146880	100346880	harbor1	chr9	100210960	100211130	DNA/hAT-Charlie	788	+	85	100211045	64165
chr9	72678200	72878200	harbor1	chr9	72695105	72695249	DNA/hAT-Charlie	512	+	72	72695177	16977
chr9	72678200	72878200	harbor1	chr9	72702014	72702168	DNA/hAT-Charlie	498	+	77	72702091	23891
chr9	72678200	72878200	harbor1	chr9	72703427	72703648	DNA/hAT-Charlie	486	+	110	72703537	25337
chr9	72678200	72878200	harbor1	chr9	72744667	72744875	DNA/hAT-Charlie	412	+	104	72744771	66571
chr9	98099239	98299239	harbor1	chr9	98108288	98108487	DNA/hAT-Charlie	1361	+	100	98108388	9149
chr9	98099239	98299239	harbor1	chr9	98149296	98149366	DNA/hAT-Charlie	443	+	35	98149331	50092
chr9	98099239	98299239	harbor1	chr9	98165775	98165939	DNA/hAT-Charlie	685	+	82	98165857	66618
chr9	35228235	35428235	harbor1	chr9	35316383	35316753	DNA/hAT-Charlie	925	+	185	35316568	88333
chr9	35228235	35428235	harbor1	chr9	35316749	35317002	DNA/hAT-Charlie	524	+	126	35316875	88640
chr9	35228235	35428235	harbor1	chr9	35324217	35324511	DNA/hAT-Charlie	780	+	147	35324364	96129
chr9	108937191	109137191	harbor1	chr9	108956779	108957116	DNA/hAT-Charlie	648	+	168	108956947	19756
chr9	108937191	109137191	harbor1	chr9	108957420	108957475	DNA/hAT-Charlie	648	+	28	108957448	20257
chr9	108937191	109137191	harbor1	chr9	108985425	108985675	DNA/hAT-Charlie	527	+	125	108985550	48359
chr9	108937191	109137191	harbor1	chr9	108998123	108998341	DNA/hAT-Charlie	1179	+	109	108998232	61041
chr9	108657153	108857153	harbor1	chr9	108664107	108664218	DNA/hAT-Charlie	549	+	56	108664163	7010
chr9	108657153	108857153	harbor1	chr9	108669608	108669770	DNA/hAT-Charlie	408	+	81	108669689	12536
chr9	108657153	108857153	harbor1	chr9	108675541	108675778	DNA/hAT-Charlie	793	+	118	108675659	18506
chr9	108657153	108857153	harbor1	chr9	108678674	108678945	DNA/hAT-Charlie	433	+	136	108678810	21657
chr9	108657153	108857153	harbor1	chr9	108725844	108726048	DNA/hAT-Charlie	1202	+	102	108725946	68793
chr9	108657153	108857153	harbor1	chr9	108755598	108755752	DNA/hAT-Charlie	518	+	77	108755675	98522
chr9	110364429	110564429	harbor1	chr9	110385487	110385544	DNA/hAT-Charlie	393	+	28	110385515	21086
chr9	110364429	110564429	harbor1	chr9	110456185	110456354	DNA/hAT-Charlie	991	+	84	110456269	91840
chr9	97940368	98140368	harbor1	chr9	97960227	97960422	DNA/hAT-Charlie	1039	+	98	97960325	19957
chr9	97940368	98140368	harbor1	chr9	97962884	97963004	DNA/hAT-Charlie	536	+	60	97962944	22576
chr9	97940368	98140368	harbor1	chr9	98005834	98006710	DNA/hAT-Charlie	17690	+	438	98006272	65904
chr9	97940368	98140368	harbor1	chr9	98007013	98008959	DNA/hAT-Charlie	17690	+	973	98007986	67618
chr9	11326079	11526079	harbor1	chr9	11328413	11328663	DNA/hAT-Charlie	1677	+	125	11328538	2459
chr9	11326079	11526079	harbor1	chr9	11332334	11334134	DNA/hAT-Charlie	6693	+	900	11333234	7155
chr9	9228833	9428833	harbor1	chr9	9272901	9273334	DNA/hAT-Charlie	1507	+	216	9273117	44284
chr9	9228833	9428833	harbor1	chr9	9299273	9299483	DNA/hAT-Charlie	938	+	105	9299378	70545
chr9	82655761	82855761	harbor1	chr9	82666592	82666796	DNA/hAT-Charlie	994	+	102	82666694	10933
chr9	82655761	82855761	harbor1	chr9	82723347	82723667	DNA/hAT-Charlie	1273	+	160	82723507	67746
chr9	63594163	63794163	harbor1	chr9	63616181	63616505	DNA/hAT-Charlie	1197	+	162	63616343	22180
chr9	63594163	63794163	harbor1	chr9	63636373	63636585	DNA/hAT-Charlie	730	+	106	63636479	42316
chr9	63594163	63794163	harbor1	chr9	63689096	63689269	DNA/hAT-Charlie	713	+	86	63689182	95019
chr9	128642363	128842363	harbor1	chr9	128650060	128650213	DNA/hAT-Charlie	518	+	76	128650136	7773
chr9	128090719	128290719	harbor1	chr9	128132799	128132978	DNA/hAT-Charlie	660	+	90	128132889	42170
chr9	128090719	128290719	harbor1	chr9	128184221	128184488	DNA/hAT-Charlie	1015	+	134	128184355	93636
chr9	79993953	80193953	harbor1	chr9	80045205	80045247	DNA/hAT-Charlie	653	+	21	80045226	51273
chr9	79993953	80193953	harbor1	chr9	80045554	80045697	DNA/hAT-Charlie	653	+	72	80045626	51673
chr9	79993953	80193953	harbor1	chr9	80065114	80065251	DNA/hAT-Charlie	543	+	68	80065182	71229
chr9	79993953	80193953	harbor1	chr9	80078790	80078942	DNA/hAT-Charlie	531	+	76	80078866	84913
chr9	6838994	7038994	harbor1	chr9	6842636	6842880	DNA/hAT-Charlie	611	+	122	6842758	3764
chr9	6838994	7038994	harbor1	chr9	6844482	6844593	DNA/hAT-Charlie	466	+	56	6844538	5544
chr9	6838994	7038994	harbor1	chr9	6932697	6932910	DNA/hAT-Charlie	690	+	106	6932803	93809
chr9	97934917	98134917	harbor1	chr9	97935308	97935535	DNA/hAT-Charlie	909	+	114	97935422	505
chr9	97934917	98134917	harbor1	chr9	97937111	97937211	DNA/hAT-Charlie	1632	+	50	97937161	2244
chr9	97934917	98134917	harbor1	chr9	97937377	97937703	DNA/hAT-Charlie	1632	+	163	97937540	2623
chr9	97934917	98134917	harbor1	chr9	97960227	97960422	DNA/hAT-Charlie	1039	+	98	97960325	25408
chr9	97934917	98134917	harbor1	chr9	97962884	97963004	DNA/hAT-Charlie	536	+	60	97962944	28027
chr9	97934917	98134917	harbor1	chr9	98005834	98006710	DNA/hAT-Charlie	17690	+	438	98006272	71355
chr9	97934917	98134917	harbor1	chr9	98007013	98008959	DNA/hAT-Charlie	17690	+	973	98007986	73069
chr9	14161184	14361184	harbor1	chr9	14164942	14165096	DNA/hAT-Charlie	602	+	77	14165019	3835
chr9	109147291	109347291	harbor1	chr9	109151258	109151784	DNA/hAT-Charlie	3851	+	263	109151521	4230
chr9	109147291	109347291	harbor1	chr9	109167449	109167606	DNA/hAT-Charlie	712	+	78	109167527	20236
chr9	109147291	109347291	harbor1	chr9	109177224	109177421	DNA/hAT-Charlie	902	+	98	109177322	30031
chr9	109147291	109347291	harbor1	chr9	109178781	109179021	DNA/hAT-Charlie	1119	+	120	109178901	31610
chr9	109147291	109347291	harbor1	chr9	109185890	109186076	DNA/hAT-Charlie	410	+	93	109185983	38692
chr9	109147291	109347291	harbor1	chr9	109205063	109205226	DNA/hAT-Charlie	529	+	82	109205145	57854
chr9	109147291	109347291	harbor1	chr9	109206550	109206715	DNA/hAT-Charlie	501	+	82	109206632	59341
chr9	109147291	109347291	harbor1	chr9	109212753	109212957	DNA/hAT-Charlie	1054	+	102	109212855	65564
chr9	109147291	109347291	harbor1	chr9	109221857	109222030	DNA/hAT-Charlie	819	+	86	109221943	74652
chr9	109147291	109347291	harbor1	chr9	109229729	109229915	DNA/hAT-Charlie	561	+	93	109229822	82531
chr9	109147291	109347291	harbor1	chr9	109242950	109243149	DNA/hAT-Charlie	846	+	100	109243050	95759
chr9	67508600	67708600	harbor1	chr9	67537280	67537329	DNA/hAT-Charlie	538	+	24	67537304	28704
chr9	67508600	67708600	harbor1	chr9	67538130	67538255	DNA/hAT-Charlie	538	+	62	67538192	29592
chr9	67508600	67708600	harbor1	chr9	67575298	67575390	DNA/hAT-Charlie	482	+	46	67575344	66744
chr9	447793	647793	harbor1	chr9	452152	452338	DNA/hAT-Charlie	1093	+	93	452245	4452
chr9	447793	647793	harbor1	chr9	537656	537854	DNA/hAT-Charlie	878	+	99	537755	89962
chr9	447793	647793	harbor1	chr9	546224	546435	DNA/hAT-Charlie	1107	+	106	546330	98537
chr9	132916076	133116076	harbor1	chr9	132930109	132930251	DNA/hAT-Charlie	426	+	71	132930180	14104
chr9	132916076	133116076	harbor1	chr9	132939800	132939958	DNA/hAT-Charlie	653	+	79	132939879	23803
chr9	31039427	31239427	harbor1	chr9	31066185	31066361	DNA/hAT-Charlie	426	+	88	31066273	26846
chr9	31039427	31239427	harbor1	chr9	31083680	31083904	DNA/hAT-Charlie	830	+	112	31083792	44365
chr9	31039427	31239427	harbor1	chr9	31110365	31110801	DNA/hAT-Charlie	569	+	218	31110583	71156
chr9	77307523	77507523	harbor1	chr9	77367760	77367882	DNA/hAT-Charlie	398	+	61	77367821	60298
chr9	119394101	119594101	harbor1	chr9	119396372	119396753	DNA/hAT-Charlie	1130	+	190	119396562	2461
chr9	119394101	119594101	harbor1	chr9	119398786	119399096	DNA/hAT-Charlie	1155	+	155	119398941	4840
chr9	119394101	119594101	harbor1	chr9	119401427	119401586	DNA/hAT-Charlie	846	+	80	119401507	7406
chr9	119394101	119594101	harbor1	chr9	119435212	119435402	DNA/hAT-Charlie	401	+	95	119435307	41206
chr9	119394101	119594101	harbor1	chr9	119441490	119441716	DNA/hAT-Charlie	769	+	113	119441603	47502
chr9	119394101	119594101	harbor1	chr9	119448692	119448915	DNA/hAT-Charlie	939	+	112	119448804	54703
chr9	119394101	119594101	harbor1	chr9	119486972	119487156	DNA/hAT-Charlie	782	+	92	119487064	92963
chr9	112822031	113022031	harbor1	chr9	112851255	112851466	DNA/hAT-Charlie	598	+	106	112851361	29330
chr9	112822031	113022031	harbor1	chr9	112884501	112884624	DNA/hAT-Charlie	759	+	62	112884563	62532
chr9	112822031	113022031	harbor1	chr9	112885547	112885864	DNA/hAT-Charlie	1242	+	158	112885705	63674
chr9	13144466	13344466	harbor1	chr9	13220322	13220504	DNA/hAT-Charlie	606	+	91	13220413	75947
chr9	13144466	13344466	harbor1	chr9	13237071	13237160	DNA/hAT-Charlie	3640	+	44	13237115	92649
chr9	13144466	13344466	harbor1	chr9	13237464	13238015	DNA/hAT-Charlie	3640	+	276	13237740	93274
chr9	13144466	13344466	harbor1	chr9	13238639	13239074	DNA/hAT-Charlie	3640	+	218	13238857	94391
chr9	24632905	24832905	harbor1	chr9	24661609	24661817	DNA/hAT-Charlie	411	+	104	24661713	28808
chr9	24632905	24832905	harbor1	chr9	24723626	24723864	DNA/hAT-Charlie	1063	+	119	24723745	90840
chr9	24632905	24832905	harbor1	chr9	24724167	24724676	DNA/hAT-Charlie	1063	+	254	24724421	91516
chr9	131695081	131895081	harbor1	chr9	131696319	131696482	DNA/hAT-Charlie	643	+	82	131696401	1320
chr9	131695081	131895081	harbor1	chr9	131700899	131701000	DNA/hAT-Charlie	444	+	50	131700949	5868
chr9	31249949	31449949	harbor1	chr9	31300139	31300285	DNA/hAT-Charlie	425	+	73	31300212	50263
chr9	115862386	116062386	harbor1	chr9	115881642	115881712	DNA/hAT-Charlie	461	+	35	115881677	19291
chr9	115862386	116062386	harbor1	chr9	115934775	115935001	DNA/hAT-Charlie	996	+	113	115934888	72502
chr9	41143431	41343431	harbor1	chr9	41175841	41176053	DNA/hAT-Charlie	1207	+	106	41175947	32516
chr9	41143431	41343431	harbor1	chr9	41204108	41204356	DNA/hAT-Charlie	602	+	124	41204232	60801
chr9	80880506	81080506	harbor1	chr9	80889921	80890097	DNA/hAT-Charlie	894	+	88	80890009	9503
chr9	80880506	81080506	harbor1	chr9	80914112	80914267	DNA/hAT-Charlie	709	+	78	80914190	33684
chr9	80880506	81080506	harbor1	chr9	80921588	80921889	DNA/hAT-Charlie	1031	+	150	80921738	41232
chr9	80880506	81080506	harbor1	chr9	80926309	80926531	DNA/hAT-Charlie	1115	+	111	80926420	45914
chr9	80880506	81080506	harbor1	chr9	80933902	80934039	DNA/hAT-Charlie	593	+	68	80933970	53464
chr9	80880506	81080506	harbor1	chr9	80949579	80949847	DNA/hAT-Charlie	975	+	134	80949713	69207
chr9	112575803	112775803	harbor1	chr9	112581417	112581492	DNA/hAT-Charlie	404	+	38	112581455	5652
chr9	112575803	112775803	harbor1	chr9	112582948	112583040	DNA/hAT-Charlie	494	+	46	112582994	7191
chr9	112575803	112775803	harbor1	chr9	112590087	112590222	DNA/hAT-Charlie	638	+	68	112590155	14352
chr9	104672672	104872672	harbor1	chr9	104683325	104683442	DNA/hAT-Charlie	416	+	58	104683383	10711
chr9	104672672	104872672	harbor1	chr9	104744066	104744576	DNA/hAT-Charlie	1399	+	255	104744321	71649
chr9	104672672	104872672	harbor1	chr9	104761115	104761424	DNA/hAT-Charlie	1134	+	154	104761269	88597
chr9	83339820	83539820	harbor1	chr9	83360112	83360556	DNA/hAT-Charlie	791	+	222	83360334	20514
chr9	83339820	83539820	harbor1	chr9	83374325	83374511	DNA/hAT-Charlie	546	+	93	83374418	34598
chr9	83339820	83539820	harbor1	chr9	83374747	83374842	DNA/hAT-Charlie	469	+	48	83374795	34975
chr9	83339820	83539820	harbor1	chr9	83375077	83375195	DNA/hAT-Charlie	393	+	59	83375136	35316
chr9	83339820	83539820	harbor1	chr9	83376518	83376611	DNA/hAT-Charlie	1634	+	46	83376564	36744
chr9	83339820	83539820	harbor1	chr9	83376740	83377170	DNA/hAT-Charlie	1634	+	215	83376955	37135
chr9	83339820	83539820	harbor1	chr9	83391871	83392011	DNA/hAT-Charlie	665	+	70	83391941	52121
chr9	83339820	83539820	harbor1	chr9	83426522	83426603	DNA/hAT-Charlie	441	+	40	83426562	86742
chr9	32301727	32501727	harbor1	chr9	32369517	32369752	DNA/hAT-Charlie	444	+	118	32369635	67908
chr9	95355105	95555105	harbor1	chr9	95385679	95385858	DNA/hAT-Charlie	480	+	90	95385769	30664
chr9	95355105	95555105	harbor1	chr9	95386784	95387011	DNA/hAT-Charlie	1549	+	114	95386898	31793
chr9	95355105	95555105	harbor1	chr9	95389750	95389929	DNA/hAT-Charlie	647	+	90	95389840	34735
chr9	474364	674364	harbor1	chr9	537656	537854	DNA/hAT-Charlie	878	+	99	537755	63391
chr9	474364	674364	harbor1	chr9	546224	546435	DNA/hAT-Charlie	1107	+	106	546330	71966
chr9	10057263	10257263	harbor1	chr9	10061842	10062031	DNA/hAT-Charlie	837	+	94	10061936	4673
chr9	10057263	10257263	harbor1	chr9	10116362	10116534	DNA/hAT-Charlie	732	+	86	10116448	59185
chr9	10057263	10257263	harbor1	chr9	10148679	10148844	DNA/hAT-Charlie	673	+	82	10148761	91498
chr9	88019469	88219469	harbor1	chr9	88032283	88032358	DNA/hAT-Charlie	472	+	38	88032321	12852
chr9	88019469	88219469	harbor1	chr9	88036412	88036740	DNA/hAT-Charlie	2079	+	164	88036576	17107
chr9	75813361	76013361	harbor1	chr9	75834840	75835057	DNA/hAT-Charlie	1090	+	108	75834948	21587
chr9	75813361	76013361	harbor1	chr9	75842434	75842630	DNA/hAT-Charlie	742	+	98	75842532	29171
chr9	75813361	76013361	harbor1	chr9	75853484	75853694	DNA/hAT-Charlie	999	+	105	75853589	40228
chr9	75813361	76013361	harbor1	chr9	75905596	75905921	DNA/hAT-Charlie	2158	+	162	75905758	92397
chr9	76830450	77030450	harbor1	chr9	76880305	76880766	DNA/hAT-Charlie	1846	+	230	76880535	50085
chr9	76830450	77030450	harbor1	chr9	76880765	76880959	DNA/hAT-Charlie	1035	+	97	76880862	50412
chr9	76830450	77030450	harbor1	chr9	76881265	76881323	DNA/hAT-Charlie	1035	+	29	76881294	50844
chr9	76830450	77030450	harbor1	chr9	76889841	76890009	DNA/hAT-Charlie	689	+	84	76889925	59475
chr9	76830450	77030450	harbor1	chr9	76906887	76907050	DNA/hAT-Charlie	637	+	82	76906969	76519
chr9	76830450	77030450	harbor1	chr9	76907240	76907403	DNA/hAT-Charlie	497	+	82	76907322	76872
chr9	42054965	42254965	harbor1	chr9	42094772	42094875	DNA/hAT-Charlie	406	+	52	42094824	39859
chr9	115314293	115514293	harbor1	chr9	115350321	115350540	DNA/hAT-Charlie	1217	+	110	115350431	36138
chr9	115314293	115514293	harbor1	chr9	115364157	115364458	DNA/hAT-Charlie	1268	+	150	115364307	50014
chr9	26135317	26335317	harbor1	chr9	26139007	26139226	DNA/hAT-Charlie	440	+	110	26139117	3800
chr9	26135317	26335317	harbor1	chr9	26142674	26142891	DNA/hAT-Charlie	1013	+	108	26142782	7465
chr9	26135317	26335317	harbor1	chr9	26150531	26150674	DNA/hAT-Charlie	606	+	72	26150603	15286
chr9	26135317	26335317	harbor1	chr9	26151935	26152040	DNA/hAT-Charlie	451	+	52	26151987	16670
chr9	26135317	26335317	harbor1	chr9	26194190	26194526	DNA/hAT-Charlie	1987	+	168	26194358	59041
chr9	26135317	26335317	harbor1	chr9	26217732	26217915	DNA/hAT-Charlie	925	+	92	26217824	82507
chr9	26046237	26246237	harbor1	chr9	26131131	26131293	DNA/hAT-Charlie	505	+	81	26131212	84975
chr9	26046237	26246237	harbor1	chr9	26131614	26131850	DNA/hAT-Charlie	853	+	118	26131732	85495
chr9	26046237	26246237	harbor1	chr9	26139007	26139226	DNA/hAT-Charlie	440	+	110	26139117	92880
chr9	26046237	26246237	harbor1	chr9	26142674	26142891	DNA/hAT-Charlie	1013	+	108	26142782	96545
chr9	130206402	130406402	harbor1	chr9	130212283	130212494	DNA/hAT-Charlie	1081	+	106	130212389	5987
chr9	133507300	133707300	harbor1	chr9	133592712	133592811	DNA/hAT-Charlie	430	+	50	133592762	85462
chr9	27197333	27397333	harbor1	chr9	27208795	27208983	DNA/hAT-Charlie	984	+	94	27208889	11556
chr9	27197333	27397333	harbor1	chr9	27264459	27264583	DNA/hAT-Charlie	482	+	62	27264521	67188
chr9	27197333	27397333	harbor1	chr9	27267764	27267907	DNA/hAT-Charlie	625	+	72	27267836	70503
chr9	27197333	27397333	harbor1	chr9	27268046	27268147	DNA/hAT-Charlie	625	+	50	27268096	70763
chr9	131229263	131429263	harbor1	chr9	131237734	131237906	DNA/hAT-Charlie	495	+	86	131237820	8557
chr9	131229263	131429263	harbor1	chr9	131272301	131272491	DNA/hAT-Charlie	736	+	95	131272396	43133
chr9	94328521	94528521	harbor1	chr9	94335583	94335657	DNA/hAT-Charlie	468	+	37	94335620	7099
chr9	94328521	94528521	harbor1	chr9	94390616	94390752	DNA/hAT-Charlie	433	+	68	94390684	62163
chr9	72928890	73128890	harbor1	chr9	72936911	72937072	DNA/hAT-Charlie	664	+	80	72936991	8101
chr9	72928890	73128890	harbor1	chr9	72960602	72960772	DNA/hAT-Charlie	867	+	85	72960687	31797
chr9	72928890	73128890	harbor1	chr9	72990098	72990404	DNA/hAT-Charlie	884	+	153	72990251	61361
chr9	72928890	73128890	harbor1	chr9	73017279	73017410	DNA/hAT-Charlie	492	+	66	73017345	88455
chr9	108094146	108294146	harbor1	chr9	108105670	108105857	DNA/hAT-Charlie	529	+	94	108105764	11618
chr9	108094146	108294146	harbor1	chr9	108110788	108110983	DNA/hAT-Charlie	836	+	98	108110886	16740
chr9	108094146	108294146	harbor1	chr9	108169195	108169248	DNA/hAT-Charlie	1090	+	26	108169221	75075
chr9	108094146	108294146	harbor1	chr9	108169616	108169852	DNA/hAT-Charlie	1090	+	118	108169734	75588
chr9	108094146	108294146	harbor1	chr9	108180877	108181082	DNA/hAT-Charlie	935	+	102	108180979	86833
chr9	69667227	69867227	harbor1	chr9	69684307	69684489	DNA/hAT-Charlie	447	+	91	69684398	17171
chr9	69667227	69867227	harbor1	chr9	69710144	69710450	DNA/hAT-Charlie	1571	+	153	69710297	43070
chr9	69667227	69867227	harbor1	chr9	69736118	69736276	DNA/hAT-Charlie	705	+	79	69736197	68970
chr9	69667227	69867227	harbor1	chr9	69736534	69736565	DNA/hAT-Charlie	705	+	16	69736550	69323
chr9	111742767	111942767	harbor1	chr9	111757780	111757921	DNA/hAT-Charlie	509	+	70	111757850	15083
chr9	111742767	111942767	harbor1	chr9	111779677	111779840	DNA/hAT-Charlie	892	+	82	111779759	36992
chr9	111742767	111942767	harbor1	chr9	111807498	111807596	DNA/hAT-Charlie	463	+	49	111807547	64780
chr9	111742767	111942767	harbor1	chr9	111807781	111807872	DNA/hAT-Charlie	512	+	46	111807827	65060
chr9	9084854	9284854	harbor1	chr9	9097003	9097182	DNA/hAT-Charlie	491	+	90	9097093	12239
chr9	9084854	9284854	harbor1	chr9	9110273	9110450	DNA/hAT-Charlie	939	+	88	9110361	25507
chr9	9084854	9284854	harbor1	chr9	9110779	9111002	DNA/hAT-Charlie	810	+	112	9110891	26037
chr9	9084854	9284854	harbor1	chr9	9146315	9146498	DNA/hAT-Charlie	489	+	92	9146407	61553
chr9	9084854	9284854	harbor1	chr9	9147484	9147754	DNA/hAT-Charlie	1376	+	135	9147619	62765
chr9	9084854	9284854	harbor1	chr9	9147785	9147986	DNA/hAT-Charlie	540	+	100	9147885	63031
chr9	9084854	9284854	harbor1	chr9	9168041	9168247	DNA/hAT-Charlie	943	+	103	9168144	83290
chr9	5824117	6024117	harbor1	chr9	5830130	5830300	DNA/hAT-Charlie	1126	+	85	5830215	6098
chr9	5824117	6024117	harbor1	chr9	5907402	5907670	DNA/hAT-Charlie	1112	+	134	5907536	83419
chr9	5824117	6024117	harbor1	chr9	5907977	5908017	DNA/hAT-Charlie	1112	+	20	5907997	83880
chr9	5824117	6024117	harbor1	chr9	5912767	5912963	DNA/hAT-Charlie	435	+	98	5912865	88748
chr9	432916	632916	harbor1	chr9	435005	435223	DNA/hAT-Charlie	1189	+	109	435114	2198
chr9	432916	632916	harbor1	chr9	438207	438395	DNA/hAT-Charlie	725	+	94	438301	5385
chr9	432916	632916	harbor1	chr9	452152	452338	DNA/hAT-Charlie	1093	+	93	452245	19329
chr9	12780629	12980629	harbor1	chr9	12811686	12811722	DNA/hAT-Charlie	410	+	18	12811704	31075
chr9	12780629	12980629	harbor1	chr9	12843403	12843565	DNA/hAT-Charlie	430	+	81	12843484	62855
chr9	12780629	12980629	harbor1	chr9	12812271	12812381	DNA/hAT-Charlie	410	+	55	12812326	31697
chr9	74478044	74678044	harbor1	chr9	74512492	74512699	DNA/hAT-Charlie	909	+	104	74512596	34552
chr9	74478044	74678044	harbor1	chr9	74512788	74512942	DNA/hAT-Charlie	406	+	77	74512865	34821
chr9	74478044	74678044	harbor1	chr9	74512947	74513369	DNA/hAT-Charlie	2489	+	211	74513158	35114
chr9	74478044	74678044	harbor1	chr9	74513446	74513873	DNA/hAT-Charlie	2489	+	214	74513660	35616
chr9	74478044	74678044	harbor1	chr9	74532904	74533148	DNA/hAT-Charlie	827	+	122	74533026	54982
chr9	74478044	74678044	harbor1	chr9	74550797	74551092	DNA/hAT-Charlie	1150	+	148	74550945	72901
chr9	74478044	74678044	harbor1	chr9	74553940	74554142	DNA/hAT-Charlie	641	+	101	74554041	75997
chr9	37301107	37501107	harbor1	chr9	37360379	37360504	DNA/hAT-Charlie	826	+	62	37360441	59334
chr9	37301107	37501107	harbor1	chr9	37374183	37374203	DNA/hAT-Charlie	463	+	10	37374193	73086
chr9	37301107	37501107	harbor1	chr9	37374501	37374636	DNA/hAT-Charlie	463	+	68	37374569	73462
chr9	37301107	37501107	harbor1	chr9	37381122	37381356	DNA/hAT-Charlie	872	+	117	37381239	80132
chr9	37301107	37501107	harbor1	chr9	37391740	37392090	DNA/hAT-Charlie	820	+	175	37391915	90808
chr9	91546426	91746426	harbor1	chr9	91610070	91610286	DNA/hAT-Charlie	528	+	108	91610178	63752
chr9	9991754	10191754	harbor1	chr9	10061842	10062031	DNA/hAT-Charlie	837	+	94	10061936	70182
chr9	115377893	115577893	harbor1	chr9	115463221	115463560	DNA/hAT-Charlie	751	+	170	115463391	85498
chr9	113481905	113681905	harbor1	chr9	113499704	113499857	DNA/hAT-Charlie	612	+	76	113499780	17875
chr9	113481905	113681905	harbor1	chr9	113529690	113529982	DNA/hAT-Charlie	813	+	146	113529836	47931
chr9	105298239	105498239	harbor1	chr9	105344317	105344535	DNA/hAT-Charlie	1186	+	109	105344426	46187
chr9	105298239	105498239	harbor1	chr9	105372051	105372281	DNA/hAT-Charlie	466	+	115	105372166	73927
chr9	105298239	105498239	harbor1	chr9	105372587	105372661	DNA/hAT-Charlie	466	+	37	105372624	74385
chr9	105298239	105498239	harbor1	chr9	105379817	105380006	DNA/hAT-Charlie	476	+	94	105379911	81672
chr9	105298239	105498239	harbor1	chr9	105386485	105386686	DNA/hAT-Charlie	1171	+	100	105386585	88346
chr9	116109417	116309417	harbor1	chr9	116208904	116209097	DNA/hAT-Charlie	1098	+	96	116209000	99583
chr9	20992485	21192485	harbor1	chr9	21002971	21003183	DNA/hAT-Charlie	837	+	106	21003077	10592
chr9	20992485	21192485	harbor1	chr9	21007490	21007884	DNA/hAT-Charlie	1223	+	197	21007687	15202
chr9	20992485	21192485	harbor1	chr9	21052628	21052799	DNA/hAT-Charlie	649	+	86	21052714	60229
chr9	17836564	18036564	harbor1	chr9	17908253	17908433	DNA/hAT-Charlie	420	+	90	17908343	71779
chr9	135900303	136100303	harbor1	chr9	135915446	135915773	DNA/hAT-Charlie	1151	+	164	135915610	15307
chr9	135900303	136100303	harbor1	chr9	135961603	135961836	DNA/hAT-Charlie	828	+	116	135961719	61416
chr9	23772158	23972158	harbor1	chr9	23787693	23787801	DNA/hAT-Charlie	401	+	54	23787747	15589
chr9	23772158	23972158	harbor1	chr9	23802607	23803039	DNA/hAT-Charlie	1017	+	216	23802823	30665
chr9	23772158	23972158	harbor1	chr9	23858178	23858364	DNA/hAT-Charlie	841	+	93	23858271	86113
chr9	63907492	64107492	harbor1	chr9	64005643	64005856	DNA/hAT-Charlie	1342	+	106	64005749	98257
chr9	112735163	112935163	harbor1	chr9	112746700	112746899	DNA/hAT-Charlie	493	+	100	112746800	11637
chr9	112735163	112935163	harbor1	chr9	112768317	112768482	DNA/hAT-Charlie	784	+	82	112768399	33236
chr9	112735163	112935163	harbor1	chr9	112781954	112782059	DNA/hAT-Charlie	1002	+	52	112782006	46843
chr9	112735163	112935163	harbor1	chr9	112782366	112782511	DNA/hAT-Charlie	1002	+	72	112782438	47275
chr9	14323030	14523030	harbor1	chr9	14328898	14329112	DNA/hAT-Charlie	454	+	107	14329005	5975
chr9	14323030	14523030	harbor1	chr9	14371543	14371796	DNA/hAT-Charlie	610	+	126	14371669	48639
chr9	14323030	14523030	harbor1	chr9	14386805	14387069	DNA/hAT-Charlie	574	+	132	14386937	63907
chr9	14323030	14523030	harbor1	chr9	14388893	14389050	DNA/hAT-Charlie	498	+	78	14388971	65941
chr9	14323030	14523030	harbor1	chr9	14398969	14399282	DNA/hAT-Charlie	1002	+	156	14399125	76095
chr9	14323030	14523030	harbor1	chr9	14417650	14417774	DNA/hAT-Charlie	432	+	62	14417712	94682
chr9	14323030	14523030	harbor1	chr9	14418081	14418148	DNA/hAT-Charlie	432	+	34	14418115	95085
chr9	79234517	79434517	harbor1	chr9	79271729	79271891	DNA/hAT-Charlie	418	+	81	79271810	37293
chr9	79234517	79434517	harbor1	chr9	79289153	79289615	DNA/hAT-Charlie	571	+	231	79289384	54867
chr9	79234517	79434517	harbor1	chr9	79291104	79291305	DNA/hAT-Charlie	476	+	100	79291204	56687
chr9	3155861	3355861	harbor1	chr9	3184778	3185008	DNA/hAT-Charlie	405	+	115	3184893	29032
chr9	3155861	3355861	harbor1	chr9	3185016	3185156	DNA/hAT-Charlie	542	+	70	3185086	29225
chr9	3155861	3355861	harbor1	chr9	3185244	3185653	DNA/hAT-Charlie	568	+	204	3185448	29587
chr9	3155861	3355861	harbor1	chr9	3228396	3228519	DNA/hAT-Charlie	490	+	62	3228458	72597
chr9	3155861	3355861	harbor1	chr9	3227383	3227837	DNA/hAT-Charlie	956	+	227	3227610	71749
chr9	105467404	105667404	harbor1	chr9	105552569	105552668	DNA/hAT-Charlie	477	+	50	105552619	85215
chr9	83107406	83307406	harbor1	chr9	83108335	83108493	DNA/hAT-Charlie	575	+	79	83108414	1008
chr9	83107406	83307406	harbor1	chr9	83118408	83118997	DNA/hAT-Charlie	1802	+	294	83118702	11296
chr9	83107406	83307406	harbor1	chr9	83119319	83119656	DNA/hAT-Charlie	1802	+	168	83119487	12081
chr9	83107406	83307406	harbor1	chr9	83119817	83120163	DNA/hAT-Charlie	758	+	173	83119990	12584
chr9	83107406	83307406	harbor1	chr9	83120659	83121234	DNA/hAT-Charlie	1190	+	288	83120947	13541
chr9	83107406	83307406	harbor1	chr9	83121466	83121667	DNA/hAT-Charlie	622	+	100	83121566	14160
chr9	83107406	83307406	harbor1	chr9	83132577	83132734	DNA/hAT-Charlie	468	+	78	83132655	25249
chr9	83107406	83307406	harbor1	chr9	83184917	83185084	DNA/hAT-Charlie	608	+	84	83185001	77595
chr9	75434788	75634788	harbor1	chr9	75437587	75437840	DNA/hAT-Charlie	800	+	126	75437713	2925
chr9	75434788	75634788	harbor1	chr9	75469832	75470232	DNA/hAT-Charlie	938	+	200	75470032	35244
chr9	41463643	41663643	harbor1	chr9	41488989	41489218	DNA/hAT-Charlie	761	+	114	41489103	25460
chr9	41463643	41663643	harbor1	chr9	41534675	41534916	DNA/hAT-Charlie	1969	+	120	41534795	71152
chr9	41463643	41663643	harbor1	chr9	41535486	41535572	DNA/hAT-Charlie	1969	+	43	41535529	71886
chr9	98084017	98284017	harbor1	chr9	98108288	98108487	DNA/hAT-Charlie	1361	+	100	98108388	24371
chr9	98084017	98284017	harbor1	chr9	98149296	98149366	DNA/hAT-Charlie	443	+	35	98149331	65314
chr9	98084017	98284017	harbor1	chr9	98165775	98165939	DNA/hAT-Charlie	685	+	82	98165857	81840
chr9	22095800	22295800	harbor1	chr9	22142782	22142978	DNA/hAT-Charlie	695	+	98	22142880	47080
chr9	5555290	5755290	harbor1	chr9	5568230	5568574	DNA/hAT-Charlie	2316	+	172	5568402	13112
chr9	32450299	32650299	harbor1	chr9	32534344	32534440	DNA/hAT-Charlie	401	+	48	32534392	84093
chr9	32450299	32650299	harbor1	chr9	32534570	32534615	DNA/hAT-Charlie	401	+	22	32534592	84293
chr9	74070575	74270575	harbor1	chr9	74096506	74096705	DNA/hAT-Charlie	762	+	100	74096606	26031
chr9	74070575	74270575	harbor1	chr9	74098771	74098850	DNA/hAT-Charlie	451	+	40	74098811	28236
chr9	78184584	78384584	harbor1	chr9	78192120	78192347	DNA/hAT-Charlie	967	+	114	78192234	7650
chr9	78184584	78384584	harbor1	chr9	78209301	78209422	DNA/hAT-Charlie	456	+	60	78209361	24777
chr9	78184584	78384584	harbor1	chr9	78232091	78232298	DNA/hAT-Charlie	676	+	104	78232195	47611
chr9	78184584	78384584	harbor1	chr9	78242161	78242354	DNA/hAT-Charlie	996	+	96	78242257	57673
chr9	78184584	78384584	harbor1	chr9	78242866	78243100	DNA/hAT-Charlie	440	+	117	78242983	58399
chr9	78184584	78384584	harbor1	chr9	78268641	78268671	DNA/hAT-Charlie	532	+	15	78268656	84072
chr9	78184584	78384584	harbor1	chr9	78268956	78269109	DNA/hAT-Charlie	532	+	76	78269032	84448
chr9	68215703	68415703	harbor1	chr9	68237967	68238086	DNA/hAT-Charlie	608	+	60	68238027	22324
chr9	68215703	68415703	harbor1	chr9	68250668	68250823	DNA/hAT-Charlie	745	+	78	68250746	35043
chr9	68215703	68415703	harbor1	chr9	68301875	68302089	DNA/hAT-Charlie	432	+	107	68301982	86279
chr9	37236790	37436790	harbor1	chr9	37256286	37256650	DNA/hAT-Charlie	1370	+	182	37256468	19678
chr9	37236790	37436790	harbor1	chr9	37256667	37256919	DNA/hAT-Charlie	2102	+	126	37256793	20003
chr9	37236790	37436790	harbor1	chr9	37257414	37257753	DNA/hAT-Charlie	2102	+	170	37257584	20794
chr9	37236790	37436790	harbor1	chr9	37269991	37270256	DNA/hAT-Charlie	877	+	132	37270123	33333
chr9	37236790	37436790	harbor1	chr9	37273022	37273216	DNA/hAT-Charlie	939	+	97	37273119	36329
chr9	117301944	117501944	harbor1	chr9	117312367	117312652	DNA/hAT-Charlie	687	+	142	117312509	10565
chr9	117301944	117501944	harbor1	chr9	117348418	117348608	DNA/hAT-Charlie	394	+	95	117348513	46569
chr9	117301944	117501944	harbor1	chr9	117353308	117353497	DNA/hAT-Charlie	1037	+	94	117353402	51458
chr9	117301944	117501944	harbor1	chr9	117382603	117382799	DNA/hAT-Charlie	559	+	98	117382701	80757
chr9	117301944	117501944	harbor1	chr9	117394239	117394435	DNA/hAT-Charlie	513	+	98	117394337	92393
chr9	75741255	75941255	harbor1	chr9	75743232	75743321	DNA/hAT-Charlie	483	+	44	75743276	2021
chr9	75741255	75941255	harbor1	chr9	75772766	75772959	DNA/hAT-Charlie	855	+	96	75772862	31607
chr9	75741255	75941255	harbor1	chr9	75834840	75835057	DNA/hAT-Charlie	1090	+	108	75834948	93693
chr9	37541398	37741398	harbor1	chr9	37565495	37565641	DNA/hAT-Charlie	485	+	73	37565568	24170
chr9	37541398	37741398	harbor1	chr9	37583620	37583814	DNA/hAT-Charlie	1013	+	97	37583717	42319
chr9	37541398	37741398	harbor1	chr9	37625866	37625940	DNA/hAT-Charlie	427	+	37	37625903	84505
chr9	37541398	37741398	harbor1	chr9	37626522	37626537	DNA/hAT-Charlie	427	+	8	37626530	85132
chr9	37541398	37741398	harbor1	chr9	37626808	37626929	DNA/hAT-Charlie	427	+	60	37626868	85470
chr9	37541398	37741398	harbor1	chr9	37628839	37628916	DNA/hAT-Charlie	877	+	38	37628877	87479
chr9	37541398	37741398	harbor1	chr9	37629214	37629311	DNA/hAT-Charlie	877	+	48	37629262	87864
chr9	105618764	105818764	harbor1	chr9	105644986	105645076	DNA/hAT-Charlie	443	+	45	105645031	26267
chr9	105618764	105818764	harbor1	chr9	105657634	105658048	DNA/hAT-Charlie	1318	+	207	105657841	39077
chr9	105618764	105818764	harbor1	chr9	105658048	105658148	DNA/hAT-Charlie	492	+	50	105658098	39334
chr9	105618764	105818764	harbor1	chr9	105691193	105691433	DNA/hAT-Charlie	715	+	120	105691313	72549
chr9	105618764	105818764	harbor1	chr9	105696035	105696283	DNA/hAT-Charlie	1059	+	124	105696159	77395
chr9	105618764	105818764	harbor1	chr9	105696503	105696570	DNA/hAT-Charlie	420	+	34	105696537	77773
chr9	105618764	105818764	harbor1	chr9	105696953	105697048	DNA/hAT-Charlie	420	+	48	105697001	78237
chr9	109821310	110021310	harbor1	chr9	109826923	109827188	DNA/hAT-Charlie	536	+	132	109827055	5745
chr9	109821310	110021310	harbor1	chr9	109842183	109842732	DNA/hAT-Charlie	1069	+	274	109842457	21147
chr9	109821310	110021310	harbor1	chr9	109843331	109843372	DNA/hAT-Charlie	1069	+	20	109843351	22041
chr9	109821310	110021310	harbor1	chr9	109843405	109843596	DNA/hAT-Charlie	406	+	96	109843501	22191
chr9	109821310	110021310	harbor1	chr9	109848600	109848659	DNA/hAT-Charlie	413	+	30	109848630	27320
chr9	109821310	110021310	harbor1	chr9	109848902	109849012	DNA/hAT-Charlie	413	+	55	109848957	27647
chr9	109821310	110021310	harbor1	chr9	109850853	109850895	DNA/hAT-Charlie	420	+	21	109850874	29564
chr9	109821310	110021310	harbor1	chr9	109851223	109851353	DNA/hAT-Charlie	420	+	65	109851288	29978
chr9	109821310	110021310	harbor1	chr9	109864566	109864780	DNA/hAT-Charlie	1233	+	107	109864673	43363
chr9	109821310	110021310	harbor1	chr9	109875611	109875795	DNA/hAT-Charlie	632	+	92	109875703	54393
chr9	109821310	110021310	harbor1	chr9	109894439	109894665	DNA/hAT-Charlie	947	+	113	109894552	73242
chr9	83038004	83238004	harbor1	chr9	83065780	83066005	DNA/hAT-Charlie	931	+	112	83065892	27888
chr9	83038004	83238004	harbor1	chr9	83074501	83074760	DNA/hAT-Charlie	910	+	130	83074631	36627
chr9	83038004	83238004	harbor1	chr9	83078028	83078204	DNA/hAT-Charlie	789	+	88	83078116	40112
chr9	83038004	83238004	harbor1	chr9	83094182	83094490	DNA/hAT-Charlie	1248	+	154	83094336	56332
chr9	83038004	83238004	harbor1	chr9	83108335	83108493	DNA/hAT-Charlie	575	+	79	83108414	70410
chr9	83038004	83238004	harbor1	chr9	83118408	83118997	DNA/hAT-Charlie	1802	+	294	83118702	80698
chr9	83038004	83238004	harbor1	chr9	83119319	83119656	DNA/hAT-Charlie	1802	+	168	83119487	81483
chr9	83038004	83238004	harbor1	chr9	83119817	83120163	DNA/hAT-Charlie	758	+	173	83119990	81986
chr9	83038004	83238004	harbor1	chr9	83120659	83121234	DNA/hAT-Charlie	1190	+	288	83120947	82943
chr9	83038004	83238004	harbor1	chr9	83121466	83121667	DNA/hAT-Charlie	622	+	100	83121566	83562
chr9	83038004	83238004	harbor1	chr9	83132577	83132734	DNA/hAT-Charlie	468	+	78	83132655	94651
chr9	97217247	97417247	harbor1	chr9	97241941	97242005	DNA/hAT-Charlie	511	+	32	97241973	24726
chr9	97217247	97417247	harbor1	chr9	97242295	97242355	DNA/hAT-Charlie	511	+	30	97242325	25078
chr9	97217247	97417247	harbor1	chr9	97247999	97248218	DNA/hAT-Charlie	939	+	110	97248109	30862
chr9	5897981	6097981	harbor1	chr9	5907402	5907670	DNA/hAT-Charlie	1112	+	134	5907536	9555
chr9	5897981	6097981	harbor1	chr9	5907977	5908017	DNA/hAT-Charlie	1112	+	20	5907997	10016
chr9	5897981	6097981	harbor1	chr9	5912767	5912963	DNA/hAT-Charlie	435	+	98	5912865	14884
chr9	5897981	6097981	harbor1	chr9	5965235	5965390	DNA/hAT-Charlie	592	+	78	5965313	67332
chr9	5897981	6097981	harbor1	chr9	5965711	5965759	DNA/hAT-Charlie	592	+	24	5965735	67754
chr9	5897981	6097981	harbor1	chr9	5992892	5993034	DNA/hAT-Charlie	599	+	71	5992963	94982
chr9	5897981	6097981	harbor1	chr9	5993337	5993399	DNA/hAT-Charlie	599	+	31	5993368	95387
chr9	5897981	6097981	harbor1	chr9	5993988	5994154	DNA/hAT-Charlie	617	+	83	5994071	96090
chr9	5897981	6097981	harbor1	chr9	5994151	5994367	DNA/hAT-Charlie	512	+	108	5994259	96278
chr9	77720294	77920294	harbor1	chr9	77738602	77738804	DNA/hAT-Charlie	645	+	101	77738703	18409
chr9	69483863	69683863	harbor1	chr9	69515028	69515078	DNA/hAT-Charlie	557	+	25	69515053	31190
chr9	69483863	69683863	harbor1	chr9	69515640	69515702	DNA/hAT-Charlie	557	+	31	69515671	31808
chr9	69483863	69683863	harbor1	chr9	69561164	69561379	DNA/hAT-Charlie	759	+	108	69561272	77409
chr9	69483863	69683863	harbor1	chr9	69569416	69569442	DNA/hAT-Charlie	725	+	13	69569429	85566
chr9	69483863	69683863	harbor1	chr9	69569491	69569602	DNA/hAT-Charlie	725	+	56	69569547	85684
chr9	95957197	96157197	harbor1	chr9	95990448	95990531	DNA/hAT-Charlie	5103	+	42	95990490	33293
chr9	95957197	96157197	harbor1	chr9	95991261	95992376	DNA/hAT-Charlie	5103	+	558	95991819	34622
chr9	95957197	96157197	harbor1	chr9	96016618	96016887	DNA/hAT-Charlie	609	+	134	96016752	59555
chr9	17948640	18148640	harbor1	chr9	18017990	18018191	DNA/hAT-Charlie	681	+	100	18018090	69450
chr9	17948640	18148640	harbor1	chr9	18020985	18021162	DNA/hAT-Charlie	560	+	88	18021073	72433
chr9	17948640	18148640	harbor1	chr9	18047270	18047479	DNA/hAT-Charlie	1124	+	104	18047374	98734
chr9	28274486	28474486	harbor1	chr9	28344866	28345294	DNA/hAT-Charlie	1658	+	214	28345080	70594
chr9	28274486	28474486	harbor1	chr9	28345294	28345398	DNA/hAT-Charlie	468	+	52	28345346	70860
chr9	28274486	28474486	harbor1	chr9	28345407	28345756	DNA/hAT-Charlie	832	+	174	28345581	71095
chr9	28274486	28474486	harbor1	chr9	28347627	28347796	DNA/hAT-Charlie	496	+	84	28347711	73225
chr9	79489472	79689472	harbor1	chr9	79502503	79502710	DNA/hAT-Charlie	1038	+	104	79502607	13135
chr9	79489472	79689472	harbor1	chr9	79514176	79514485	DNA/hAT-Charlie	1822	+	154	79514330	24858
chr9	79489472	79689472	harbor1	chr9	79514784	79514984	DNA/hAT-Charlie	1822	+	100	79514884	25412
chr9	79489472	79689472	harbor1	chr9	79552479	79552641	DNA/hAT-Charlie	628	+	81	79552560	63088
chr9	79489472	79689472	harbor1	chr9	79588937	79589143	DNA/hAT-Charlie	853	+	103	79589040	99568
chr9	104583925	104783925	harbor1	chr9	104589145	104589302	DNA/hAT-Charlie	674	+	78	104589223	5298
chr9	104583925	104783925	harbor1	chr9	104628884	104629043	DNA/hAT-Charlie	749	+	80	104628964	45039
chr9	104583925	104783925	harbor1	chr9	104683325	104683442	DNA/hAT-Charlie	416	+	58	104683383	99458
chr9	20309483	20509483	harbor1	chr9	20334095	20334218	DNA/hAT-Charlie	392	+	62	20334157	24674
chr9	20309483	20509483	harbor1	chr9	20339300	20339486	DNA/hAT-Charlie	397	+	93	20339393	29910
chr9	20309483	20509483	harbor1	chr9	20355445	20355675	DNA/hAT-Charlie	460	+	115	20355560	46077
chr9	80077245	80277245	harbor1	chr9	80078790	80078942	DNA/hAT-Charlie	531	+	76	80078866	1621
chr9	80077245	80277245	harbor1	chr9	80107288	80107499	DNA/hAT-Charlie	887	+	106	80107394	30149
chr9	80077245	80277245	harbor1	chr9	80108343	80108562	DNA/hAT-Charlie	917	+	110	80108453	31208
chr9	28470617	28670617	harbor1	chr9	28474788	28475066	DNA/hAT-Charlie	518	+	139	28474927	4310
chr9	69810002	70010002	harbor1	chr9	69836036	69836260	DNA/hAT-Charlie	595	+	112	69836148	26146
chr9	69810002	70010002	harbor1	chr9	69906305	69906534	DNA/hAT-Charlie	462	+	114	69906419	96417
chr9	69810002	70010002	harbor1	chr9	69908739	69909023	DNA/hAT-Charlie	629	+	142	69908881	98879
chr9	75592951	75792951	harbor1	chr9	75608533	75609714	DNA/hAT-Charlie	5727	+	590	75609123	16172
chr9	75592951	75792951	harbor1	chr9	75610083	75610305	DNA/hAT-Charlie	887	+	111	75610194	17243
chr9	75592951	75792951	harbor1	chr9	75635879	75636168	DNA/hAT-Charlie	1790	+	144	75636023	43072
chr9	75592951	75792951	harbor1	chr9	75655379	75655546	DNA/hAT-Charlie	517	+	84	75655463	62512
chr9	98110314	98310314	harbor1	chr9	98149296	98149366	DNA/hAT-Charlie	443	+	35	98149331	39017
chr9	98110314	98310314	harbor1	chr9	98165775	98165939	DNA/hAT-Charlie	685	+	82	98165857	55543
chr9	127682046	127882046	harbor1	chr9	127697677	127697885	DNA/hAT-Charlie	1485	+	104	127697781	15735
chr9	127682046	127882046	harbor1	chr9	127717950	127718077	DNA/hAT-Charlie	798	+	64	127718014	35968
chr9	127682046	127882046	harbor1	chr9	127718388	127718456	DNA/hAT-Charlie	798	+	34	127718422	36376
chr9	127682046	127882046	harbor1	chr9	127696883	127697377	DNA/hAT-Charlie	1485	+	247	127697130	15084
chr9	126953431	127153431	harbor1	chr9	126955297	126955735	DNA/hAT-Charlie	1743	+	219	126955516	2085
chr9	126953431	127153431	harbor1	chr9	126979805	126980007	DNA/hAT-Charlie	413	+	101	126979906	26475
chr9	126953431	127153431	harbor1	chr9	127004122	127004145	DNA/hAT-Charlie	5389	+	12	127004134	50703
chr9	126953431	127153431	harbor1	chr9	127004433	127005973	DNA/hAT-Charlie	5389	+	770	127005203	51772
chr9	126953431	127153431	harbor1	chr9	127006189	127006512	DNA/hAT-Charlie	630	+	162	127006351	52920
chr9	126953431	127153431	harbor1	chr9	127016931	127017124	DNA/hAT-Charlie	1269	+	96	127017027	63596
chr9	126953431	127153431	harbor1	chr9	127018967	127019090	DNA/hAT-Charlie	1269	+	62	127019029	65598
chr9	126953431	127153431	harbor1	chr9	127019107	127019263	DNA/hAT-Charlie	761	+	78	127019185	65754
chr9	86651377	86851377	harbor1	chr9	86658739	86658935	DNA/hAT-Charlie	940	+	98	86658837	7460
chr9	86651377	86851377	harbor1	chr9	86667195	86667473	DNA/hAT-Charlie	402	+	139	86667334	15957
chr9	86651377	86851377	harbor1	chr9	86677104	86677222	DNA/hAT-Charlie	617	+	59	86677163	25786
chr9	86651377	86851377	harbor1	chr9	86677944	86678017	DNA/hAT-Charlie	617	+	36	86677980	26603
chr9	86651377	86851377	harbor1	chr9	86684704	86684912	DNA/hAT-Charlie	1034	+	104	86684808	33431
chr9	86651377	86851377	harbor1	chr9	86690107	86690326	DNA/hAT-Charlie	571	+	110	86690217	38840
chr9	86651377	86851377	harbor1	chr9	86706584	86706777	DNA/hAT-Charlie	1042	+	96	86706680	55303
chr9	112259390	112459390	harbor1	chr9	112276605	112276734	DNA/hAT-Charlie	605	+	64	112276669	17279
chr9	112259390	112459390	harbor1	chr9	112307842	112308044	DNA/hAT-Charlie	1235	+	101	112307943	48553
chr9	112259390	112459390	harbor1	chr9	112357820	112357886	DNA/hAT-Charlie	1177	+	33	112357853	98463
chr9	112259390	112459390	harbor1	chr9	112358325	112358472	DNA/hAT-Charlie	1177	+	74	112358399	99009
chr9	112259390	112459390	harbor1	chr9	112295920	112296136	DNA/hAT-Charlie	1421	+	108	112296028	36638
chr9	41186114	41386114	harbor1	chr9	41204108	41204356	DNA/hAT-Charlie	602	+	124	41204232	18118
chr9	80110499	80310499	harbor1	chr9	80208988	80209161	DNA/hAT-Charlie	728	+	86	80209074	98575
chr9	2332356	2532356	harbor1	chr9	2332310	2332422	DNA/hAT-Charlie	488	+	56	2332366	10
chr9	2332356	2532356	harbor1	chr9	2343606	2343777	DNA/hAT-Charlie	820	+	86	2343692	11336
chr9	2332356	2532356	harbor1	chr9	2380056	2380223	DNA/hAT-Charlie	706	+	84	2380140	47784
chr9	131100110	131300110	harbor1	chr9	131107477	131107792	DNA/hAT-Charlie	742	+	158	131107635	7525
chr9	131100110	131300110	harbor1	chr9	131161905	131162117	DNA/hAT-Charlie	1473	+	106	131162011	61901
chr9	131100110	131300110	harbor1	chr9	131172534	131172730	DNA/hAT-Charlie	1067	+	98	131172632	72522
chr9	131100110	131300110	harbor1	chr9	131176900	131177026	DNA/hAT-Charlie	669	+	63	131176963	76853
chr9	131100110	131300110	harbor1	chr9	131182264	131182618	DNA/hAT-Charlie	2228	+	177	131182441	82331
chr9	1497790	1697790	harbor1	chr9	1565663	1565811	DNA/hAT-Charlie	828	+	74	1565737	67947
chr9	3683116	3883116	harbor1	chr9	3698613	3698799	DNA/hAT-Charlie	472	+	93	3698706	15590
chr9	3683116	3883116	harbor1	chr9	3703709	3703874	DNA/hAT-Charlie	979	+	82	3703791	20675
chr9	3683116	3883116	harbor1	chr9	3725614	3725788	DNA/hAT-Charlie	904	+	87	3725701	42585
chr9	3683116	3883116	harbor1	chr9	3739371	3739558	DNA/hAT-Charlie	1155	+	94	3739465	56349
chr9	3683116	3883116	harbor1	chr9	3743038	3743451	DNA/hAT-Charlie	1104	+	206	3743244	60128
chr9	3683116	3883116	harbor1	chr9	3743616	3743891	DNA/hAT-Charlie	895	+	138	3743754	60638
chr9	3683116	3883116	harbor1	chr9	3779302	3779443	DNA/hAT-Charlie	543	+	70	3779372	96256
chr9	89317707	89517707	harbor1	chr9	89356043	89356363	DNA/hAT-Charlie	2053	+	160	89356203	38496
chr9	89317707	89517707	harbor1	chr9	89376413	89376621	DNA/hAT-Charlie	904	+	104	89376517	58810
chr9	18116525	18316525	harbor1	chr9	18149494	18149651	DNA/hAT-Charlie	585	+	78	18149572	33047
chr9	18116525	18316525	harbor1	chr9	18155455	18155667	DNA/hAT-Charlie	1299	+	106	18155561	39036
chr9	18116525	18316525	harbor1	chr9	18120673	18120770	DNA/hAT-Charlie	402	+	48	18120721	4196
chr9	28829925	29029925	harbor1	chr9	28838071	28838532	DNA/hAT-Charlie	1597	+	230	28838301	8376
chr9	28829925	29029925	harbor1	chr9	28854027	28854216	DNA/hAT-Charlie	817	+	94	28854121	24196
chr9	28829925	29029925	harbor1	chr9	28857637	28857908	DNA/hAT-Charlie	916	+	136	28857773	27848
chr9	135147248	135347248	harbor1	chr9	135172619	135172727	DNA/hAT-Charlie	398	+	54	135172673	25425
chr9	118526340	118726340	harbor1	chr9	118530657	118530810	DNA/hAT-Charlie	539	+	76	118530733	4393
chr9	118526340	118726340	harbor1	chr9	118530898	118531079	DNA/hAT-Charlie	765	+	90	118530988	4648
chr9	123365555	123565555	harbor1	chr9	123386146	123386299	DNA/hAT-Charlie	392	+	76	123386222	20667
chr9	123365555	123565555	harbor1	chr9	123412897	123412927	DNA/hAT-Charlie	822	+	15	123412912	47357
chr9	123365555	123565555	harbor1	chr9	123413199	123413422	DNA/hAT-Charlie	832	+	112	123413311	47756
chr9	123365555	123565555	harbor1	chr9	123437837	123438119	DNA/hAT-Charlie	425	+	141	123437978	72423
chr9	29831035	30031035	harbor1	chr9	29847837	29847907	DNA/hAT-Charlie	498	+	35	29847872	16837
chr9	29831035	30031035	harbor1	chr9	29847935	29847979	DNA/hAT-Charlie	498	+	22	29847957	16922
chr9	14132865	14332865	harbor1	chr9	14164942	14165096	DNA/hAT-Charlie	602	+	77	14165019	32154
chr9	126831670	127031670	harbor1	chr9	126875058	126875340	DNA/hAT-Charlie	1111	+	141	126875199	43529
chr9	126831670	127031670	harbor1	chr9	126875892	126876074	DNA/hAT-Charlie	553	+	91	126875983	44313
chr9	40029931	40229931	harbor1	chr9	40039834	40040046	DNA/hAT-Charlie	718	+	106	40039940	10009
chr9	40029931	40229931	harbor1	chr9	40091702	40091875	DNA/hAT-Charlie	718	+	86	40091788	61857
chr9	40029931	40229931	harbor1	chr9	40104550	40104700	DNA/hAT-Charlie	593	+	75	40104625	74694
chr9	13788704	13988704	harbor1	chr9	13800844	13801005	DNA/hAT-Charlie	797	+	80	13800924	12220
chr9	13788704	13988704	harbor1	chr9	13805185	13805392	DNA/hAT-Charlie	858	+	104	13805289	16585
chr9	88967479	89167479	harbor1	chr9	89008401	89008580	DNA/hAT-Charlie	693	+	90	89008491	41012
chr9	88967479	89167479	harbor1	chr9	89015384	89015513	DNA/hAT-Charlie	419	+	64	89015448	47969
chr9	126284153	126484153	harbor1	chr9	126325243	126325462	DNA/hAT-Charlie	651	+	110	126325353	41200
chr9	126284153	126484153	harbor1	chr9	126330448	126330582	DNA/hAT-Charlie	416	+	67	126330515	46362
chr9	126284153	126484153	harbor1	chr9	126333925	126334100	DNA/hAT-Charlie	610	+	88	126334013	49860
chr9	10143963	10343963	harbor1	chr9	10148679	10148844	DNA/hAT-Charlie	673	+	82	10148761	4798
chr9	10143963	10343963	harbor1	chr9	10200296	10200510	DNA/hAT-Charlie	907	+	107	10200403	56440
chr9	10143963	10343963	harbor1	chr9	10238845	10239605	DNA/hAT-Charlie	1176	+	380	10239225	95262
chr9	120136111	120336111	harbor1	chr9	120151285	120151507	DNA/hAT-Charlie	929	+	111	120151396	15285
chr9	129328066	129528066	harbor1	chr9	129356160	129356332	DNA/hAT-Charlie	426	+	86	129356246	28180
chr9	129328066	129528066	harbor1	chr9	129419580	129419728	DNA/hAT-Charlie	533	+	74	129419654	91588
chr9	80827037	81027037	harbor1	chr9	80833421	80833598	DNA/hAT-Charlie	559	+	88	80833509	6472
chr9	80827037	81027037	harbor1	chr9	80841298	80841478	DNA/hAT-Charlie	1095	+	90	80841388	14351
chr9	80827037	81027037	harbor1	chr9	80878712	80878908	DNA/hAT-Charlie	698	+	98	80878810	51773
chr9	80827037	81027037	harbor1	chr9	80889921	80890097	DNA/hAT-Charlie	894	+	88	80890009	62972
chr9	80827037	81027037	harbor1	chr9	80914112	80914267	DNA/hAT-Charlie	709	+	78	80914190	87153
chr9	80827037	81027037	harbor1	chr9	80921588	80921889	DNA/hAT-Charlie	1031	+	150	80921738	94701
chr9	80827037	81027037	harbor1	chr9	80926309	80926531	DNA/hAT-Charlie	1115	+	111	80926420	99383
chr9	18426250	18626250	harbor1	chr9	18515060	18515241	DNA/hAT-Charlie	730	+	90	18515150	88900
chr9	9100607	9300607	harbor1	chr9	9110273	9110450	DNA/hAT-Charlie	939	+	88	9110361	9754
chr9	9100607	9300607	harbor1	chr9	9110779	9111002	DNA/hAT-Charlie	810	+	112	9110891	10284
chr9	9100607	9300607	harbor1	chr9	9146315	9146498	DNA/hAT-Charlie	489	+	92	9146407	45800
chr9	9100607	9300607	harbor1	chr9	9147484	9147754	DNA/hAT-Charlie	1376	+	135	9147619	47012
chr9	9100607	9300607	harbor1	chr9	9147785	9147986	DNA/hAT-Charlie	540	+	100	9147885	47278
chr9	9100607	9300607	harbor1	chr9	9168041	9168247	DNA/hAT-Charlie	943	+	103	9168144	67537
chr9	82872493	83072493	harbor1	chr9	82918349	82918711	DNA/hAT-Charlie	1067	+	181	82918530	46037
chr9	82872493	83072493	harbor1	chr9	82959284	82959426	DNA/hAT-Charlie	585	+	71	82959355	86862
chr9	82872493	83072493	harbor1	chr9	82966988	82967221	DNA/hAT-Charlie	542	+	116	82967104	94611
chr9	71431147	71631147	harbor1	chr9	71437321	71437589	DNA/hAT-Charlie	1241	+	134	71437455	6308
chr9	71431147	71631147	harbor1	chr9	71437891	71437940	DNA/hAT-Charlie	1241	+	24	71437915	6768
chr9	71431147	71631147	harbor1	chr9	71482739	71482847	DNA/hAT-Charlie	460	+	54	71482793	51646
chr9	71431147	71631147	harbor1	chr9	71483135	71483193	DNA/hAT-Charlie	460	+	29	71483164	52017
chr9	71431147	71631147	harbor1	chr9	71486857	71487023	DNA/hAT-Charlie	783	+	83	71486940	55793
chr9	134310513	134510513	harbor1	chr9	134354474	134354642	DNA/hAT-Charlie	543	+	84	134354558	44045
chr9	115955565	116155565	harbor1	chr9	115965411	115965568	DNA/hAT-Charlie	413	+	78	115965489	9924
chr9	115955565	116155565	harbor1	chr9	116022609	116022830	DNA/hAT-Charlie	958	+	110	116022719	67154
chr9	81299449	81499449	harbor1	chr9	81305836	81306045	DNA/hAT-Charlie	927	+	104	81305940	6491
chr9	81299449	81499449	harbor1	chr9	81329281	81329788	DNA/hAT-Charlie	3639	+	254	81329535	30086
chr9	81299449	81499449	harbor1	chr9	81336159	81336372	DNA/hAT-Charlie	979	+	106	81336265	36816
chr9	81299449	81499449	harbor1	chr9	81369099	81369309	DNA/hAT-Charlie	999	+	105	81369204	69755
chr9	81299449	81499449	harbor1	chr9	81377770	81377940	DNA/hAT-Charlie	595	+	85	81377855	78406
chr9	81299449	81499449	harbor1	chr9	81383136	81383254	DNA/hAT-Charlie	445	+	59	81383195	83746
chr9	81299449	81499449	harbor1	chr9	81393815	81394175	DNA/hAT-Charlie	743	+	180	81393995	94546
chr10	10162357	10362357	harbor1	chr10	10212524	10212650	DNA/hAT-Charlie	976	+	63	10212587	50230
chr10	10162357	10362357	harbor1	chr10	10212951	10213128	DNA/hAT-Charlie	976	+	88	10213039	50682
chr10	114102790	114302790	harbor1	chr10	114158011	114158218	DNA/hAT-Charlie	1107	+	104	114158115	55325
chr10	114102790	114302790	harbor1	chr10	114189094	114189591	DNA/hAT-Charlie	1575	+	248	114189342	86552
chr10	114102790	114302790	harbor1	chr10	114189765	114190414	DNA/hAT-Charlie	2064	+	324	114190089	87299
chr10	91668655	91868655	harbor1	chr10	91724741	91725045	DNA/hAT-Charlie	1773	+	152	91724893	56238
chr10	91668655	91868655	harbor1	chr10	91749388	91749560	DNA/hAT-Charlie	584	+	86	91749474	80819
chr10	91668655	91868655	harbor1	chr10	91755776	91756434	DNA/hAT-Charlie	1688	+	329	91756105	87450
chr10	91668655	91868655	harbor1	chr10	91756878	91756911	DNA/hAT-Charlie	1688	+	16	91756894	88239
chr10	91668655	91868655	harbor1	chr10	91757242	91757403	DNA/hAT-Charlie	1688	+	80	91757322	88667
chr10	91668655	91868655	harbor1	chr10	91757406	91757754	DNA/hAT-Charlie	848	+	174	91757580	88925
chr10	100027665	100227665	harbor1	chr10	100077677	100077963	DNA/hAT-Charlie	560	+	143	100077820	50155
chr10	31157405	31357405	harbor1	chr10	31158379	31158565	DNA/hAT-Charlie	1163	+	93	31158472	1067
chr10	31157405	31357405	harbor1	chr10	31170632	31170668	DNA/hAT-Charlie	1546	+	18	31170650	13245
chr10	31157405	31357405	harbor1	chr10	31171032	31171198	DNA/hAT-Charlie	1546	+	83	31171115	13710
chr10	31157405	31357405	harbor1	chr10	31183727	31184398	DNA/hAT-Charlie	3451	+	336	31184063	26658
chr10	31157405	31357405	harbor1	chr10	31184699	31185571	DNA/hAT-Charlie	3451	+	436	31185135	27730
chr10	31157405	31357405	harbor1	chr10	31185863	31185997	DNA/hAT-Charlie	3451	+	67	31185930	28525
chr10	55810898	56010898	harbor1	chr10	55833902	55834101	DNA/hAT-Charlie	509	+	100	55834002	23104
chr10	55810898	56010898	harbor1	chr10	55834096	55834237	DNA/hAT-Charlie	452	+	70	55834166	23268
chr10	55810898	56010898	harbor1	chr10	55857735	55858007	DNA/hAT-Charlie	448	+	136	55857871	46973
chr10	79031335	79231335	harbor1	chr10	79032863	79032963	DNA/hAT-Charlie	1238	+	50	79032913	1578
chr10	79031335	79231335	harbor1	chr10	79033276	79033395	DNA/hAT-Charlie	1238	+	60	79033336	2001
chr10	79031335	79231335	harbor1	chr10	79105593	79105861	DNA/hAT-Charlie	673	+	134	79105727	74392
chr10	98403249	98603249	harbor1	chr10	98428247	98428409	DNA/hAT-Charlie	796	+	81	98428328	25079
chr10	98403249	98603249	harbor1	chr10	98432876	98432952	DNA/hAT-Charlie	910	+	38	98432914	29665
chr10	98403249	98603249	harbor1	chr10	98433254	98433377	DNA/hAT-Charlie	910	+	62	98433316	30067
chr10	98403249	98603249	harbor1	chr10	98464142	98464348	DNA/hAT-Charlie	471	+	103	98464245	60996
chr10	98403249	98603249	harbor1	chr10	98477747	98478071	DNA/hAT-Charlie	2107	+	162	98477909	74660
chr10	98403249	98603249	harbor1	chr10	98482270	98482410	DNA/hAT-Charlie	442	+	70	98482340	79091
chr10	100039454	100239454	harbor1	chr10	100077677	100077963	DNA/hAT-Charlie	560	+	143	100077820	38366
chr10	74003451	74203451	harbor1	chr10	74031006	74031193	DNA/hAT-Charlie	541	+	94	74031100	27649
chr10	74003451	74203451	harbor1	chr10	74086739	74087023	DNA/hAT-Charlie	966	+	142	74086881	83430
chr10	74003451	74203451	harbor1	chr10	74092695	74092882	DNA/hAT-Charlie	564	+	94	74092789	89338
chr10	81140489	81340489	harbor1	chr10	81146724	81146912	DNA/hAT-Charlie	849	+	94	81146818	6329
chr10	3224552	3424552	harbor1	chr10	3263621	3263792	DNA/hAT-Charlie	587	+	86	3263707	39155
chr10	124995949	125195949	harbor1	chr10	125094598	125094779	DNA/hAT-Charlie	833	+	90	125094688	98739
chr10	33601166	33801166	harbor1	chr10	33616553	33617017	DNA/hAT-Charlie	842	+	232	33616785	15619
chr10	33601166	33801166	harbor1	chr10	33645063	33645274	DNA/hAT-Charlie	1375	+	106	33645169	44003
chr10	33601166	33801166	harbor1	chr10	33676221	33676644	DNA/hAT-Charlie	3083	+	212	33676433	75267
chr10	113654605	113854605	harbor1	chr10	113733104	113733266	DNA/hAT-Charlie	791	+	81	113733185	78580
chr10	113654605	113854605	harbor1	chr10	113738667	113738823	DNA/hAT-Charlie	708	+	78	113738745	84140
chr10	86265950	86465950	harbor1	chr10	86302789	86302953	DNA/hAT-Charlie	807	+	82	86302871	36921
chr10	86265950	86465950	harbor1	chr10	86335306	86335585	DNA/hAT-Charlie	819	+	140	86335446	69496
chr10	86265950	86465950	harbor1	chr10	86361630	86361926	DNA/hAT-Charlie	603	+	148	86361778	95828
chr10	94017149	94217149	harbor1	chr10	94019539	94019751	DNA/hAT-Charlie	1190	+	106	94019645	2496
chr10	94017149	94217149	harbor1	chr10	94040791	94041059	DNA/hAT-Charlie	1204	+	134	94040925	23776
chr10	94017149	94217149	harbor1	chr10	94050749	94051770	DNA/hAT-Charlie	2048	+	510	94051259	34110
chr10	94017149	94217149	harbor1	chr10	94077171	94077382	DNA/hAT-Charlie	1334	+	106	94077277	60128
chr10	94017149	94217149	harbor1	chr10	94112576	94112744	DNA/hAT-Charlie	498	+	84	94112660	95511
chr10	1929438	2129438	harbor1	chr10	1941844	1942007	DNA/hAT-Charlie	439	+	82	1941926	12488
chr10	1929438	2129438	harbor1	chr10	1970233	1970363	DNA/hAT-Charlie	853	+	65	1970298	40860
chr10	62186273	62386273	harbor1	chr10	62233505	62233746	DNA/hAT-Charlie	493	+	120	62233625	47352
chr10	62186273	62386273	harbor1	chr10	62264712	62264896	DNA/hAT-Charlie	508	+	92	62264804	78531
chr10	62186273	62386273	harbor1	chr10	62265217	62265416	DNA/hAT-Charlie	911	+	100	62265317	79044
chr10	62186273	62386273	harbor1	chr10	62273205	62273475	DNA/hAT-Charlie	665	+	135	62273340	87067
chr10	62186273	62386273	harbor1	chr10	62273786	62274278	DNA/hAT-Charlie	1366	+	246	62274032	87759
chr10	17443424	17643424	harbor1	chr10	17454961	17455182	DNA/hAT-Charlie	719	+	110	17455071	11647
chr10	17443424	17643424	harbor1	chr10	17463911	17464421	DNA/hAT-Charlie	3681	+	255	17464166	20742
chr10	17443424	17643424	harbor1	chr10	17513599	17513915	DNA/hAT-Charlie	1713	+	158	17513757	70333
chr10	17443424	17643424	harbor1	chr10	17514218	17514313	DNA/hAT-Charlie	1713	+	48	17514266	70842
chr10	51994090	52194090	harbor1	chr10	52050895	52051110	DNA/hAT-Charlie	870	+	108	52051003	56913
chr10	113443729	113643729	harbor1	chr10	113488186	113488371	DNA/hAT-Charlie	1047	+	92	113488278	44549
chr10	61325394	61525394	harbor1	chr10	61331475	61331743	DNA/hAT-Charlie	508	+	134	61331609	6215
chr10	61325394	61525394	harbor1	chr10	61359560	61360081	DNA/hAT-Charlie	3312	+	260	61359820	34426
chr10	61325394	61525394	harbor1	chr10	61381950	61382129	DNA/hAT-Charlie	765	+	90	61382040	56646
chr10	61325394	61525394	harbor1	chr10	61395237	61395468	DNA/hAT-Charlie	905	+	116	61395353	69959
chr10	61325394	61525394	harbor1	chr10	61412636	61412836	DNA/hAT-Charlie	890	+	100	61412736	87342
chr10	70151641	70351641	harbor1	chr10	70158070	70158296	DNA/hAT-Charlie	584	+	113	70158183	6542
chr10	70151641	70351641	harbor1	chr10	70186291	70186436	DNA/hAT-Charlie	635	+	72	70186363	34722
chr10	117399857	117599857	harbor1	chr10	117413165	117413403	DNA/hAT-Charlie	645	+	119	117413284	13427
chr10	117399857	117599857	harbor1	chr10	117438226	117438395	DNA/hAT-Charlie	551	+	84	117438310	38453
chr10	117399857	117599857	harbor1	chr10	117470450	117470542	DNA/hAT-Charlie	681	+	46	117470496	70639
chr10	117399857	117599857	harbor1	chr10	117470854	117470988	DNA/hAT-Charlie	681	+	67	117470921	71064
chr10	117399857	117599857	harbor1	chr10	117470992	117471124	DNA/hAT-Charlie	678	+	66	117471058	71201
chr10	117399857	117599857	harbor1	chr10	117484701	117484902	DNA/hAT-Charlie	626	+	100	117484801	84944
chr10	117399857	117599857	harbor1	chr10	117490211	117490365	DNA/hAT-Charlie	778	+	77	117490288	90431
chr10	59736820	59936820	harbor1	chr10	59773365	59773709	DNA/hAT-Charlie	2296	+	172	59773537	36717
chr10	59736820	59936820	harbor1	chr10	59827202	59827408	DNA/hAT-Charlie	447	+	103	59827305	90485
chr10	26420839	26620839	harbor1	chr10	26428648	26428783	DNA/hAT-Charlie	934	+	68	26428716	7877
chr10	26420839	26620839	harbor1	chr10	26429149	26429524	DNA/hAT-Charlie	3036	+	188	26429337	8498
chr10	125057009	125257009	harbor1	chr10	125094598	125094779	DNA/hAT-Charlie	833	+	90	125094688	37679
chr10	125057009	125257009	harbor1	chr10	125136009	125136172	DNA/hAT-Charlie	456	+	82	125136091	79082
chr10	80545960	80745960	harbor1	chr10	80560760	80562016	DNA/hAT-Charlie	3295	+	628	80561388	15428
chr10	80545960	80745960	harbor1	chr10	80563561	80563775	DNA/hAT-Charlie	744	+	107	80563668	17708
chr10	80545960	80745960	harbor1	chr10	80563744	80563896	DNA/hAT-Charlie	488	+	76	80563820	17860
chr10	80545960	80745960	harbor1	chr10	80611912	80612234	DNA/hAT-Charlie	790	+	161	80612073	66113
chr10	80545960	80745960	harbor1	chr10	80621125	80621310	DNA/hAT-Charlie	923	+	92	80621217	75257
chr10	88328642	88528642	harbor1	chr10	88342846	88343049	DNA/hAT-Charlie	1060	+	102	88342948	14306
chr10	88328642	88528642	harbor1	chr10	88358355	88358635	DNA/hAT-Charlie	764	+	140	88358495	29853
chr10	88328642	88528642	harbor1	chr10	88381785	88384184	DNA/hAT-Charlie	11453	+	1200	88382985	54343
chr10	88328642	88528642	harbor1	chr10	88390835	88391276	DNA/hAT-Charlie	1495	+	220	88391055	62413
chr10	88328642	88528642	harbor1	chr10	88391570	88391660	DNA/hAT-Charlie	1495	+	45	88391615	62973
chr10	75816889	76016889	harbor1	chr10	75819785	75819955	DNA/hAT-Charlie	806	+	85	75819870	2981
chr10	75816889	76016889	harbor1	chr10	75824158	75824311	DNA/hAT-Charlie	573	+	76	75824234	7345
chr10	75816889	76016889	harbor1	chr10	75824329	75824512	DNA/hAT-Charlie	845	+	92	75824421	7532
chr10	75816889	76016889	harbor1	chr10	75842104	75842459	DNA/hAT-Charlie	978	+	178	75842282	25393
chr10	75816889	76016889	harbor1	chr10	75842490	75842743	DNA/hAT-Charlie	791	+	126	75842616	25727
chr10	75816889	76016889	harbor1	chr10	75870066	75870324	DNA/hAT-Charlie	1210	+	129	75870195	53306
chr10	75816889	76016889	harbor1	chr10	75870335	75870474	DNA/hAT-Charlie	556	+	70	75870405	53516
chr10	75816889	76016889	harbor1	chr10	75886164	75886381	DNA/hAT-Charlie	712	+	108	75886272	69383
chr10	75816889	76016889	harbor1	chr10	75887500	75887722	DNA/hAT-Charlie	1057	+	111	75887611	70722
chr10	75816889	76016889	harbor1	chr10	75891282	75891395	DNA/hAT-Charlie	535	+	56	75891338	74449
chr10	16536708	16736708	harbor1	chr10	16568179	16568317	DNA/hAT-Charlie	1804	+	69	16568248	31540
chr10	16536708	16736708	harbor1	chr10	16568607	16568792	DNA/hAT-Charlie	1804	+	92	16568699	31991
chr10	16536708	16736708	harbor1	chr10	16610406	16610534	DNA/hAT-Charlie	718	+	64	16610470	73762
chr10	16536708	16736708	harbor1	chr10	16610530	16610849	DNA/hAT-Charlie	2210	+	160	16610690	73982
chr10	16536708	16736708	harbor1	chr10	16621115	16621309	DNA/hAT-Charlie	654	+	97	16621212	84504
chr10	16536708	16736708	harbor1	chr10	16626727	16627434	DNA/hAT-Charlie	1226	+	354	16627081	90373
chr10	5814276	6014276	harbor1	chr10	5868988	5869189	DNA/hAT-Charlie	1280	+	100	5869088	54812
chr10	124650391	124850391	harbor1	chr10	124667080	124667357	DNA/hAT-Charlie	847	+	138	124667218	16827
chr10	124650391	124850391	harbor1	chr10	124675912	124676041	DNA/hAT-Charlie	484	+	64	124675976	25585
chr10	124650391	124850391	harbor1	chr10	124687643	124687816	DNA/hAT-Charlie	486	+	86	124687729	37338
chr10	124650391	124850391	harbor1	chr10	124725979	124726150	DNA/hAT-Charlie	587	+	86	124726065	75674
chr10	124650391	124850391	harbor1	chr10	124730617	124730809	DNA/hAT-Charlie	684	+	96	124730713	80322
chr10	117391959	117591959	harbor1	chr10	117413165	117413403	DNA/hAT-Charlie	645	+	119	117413284	21325
chr10	117391959	117591959	harbor1	chr10	117438226	117438395	DNA/hAT-Charlie	551	+	84	117438310	46351
chr10	117391959	117591959	harbor1	chr10	117470450	117470542	DNA/hAT-Charlie	681	+	46	117470496	78537
chr10	117391959	117591959	harbor1	chr10	117470854	117470988	DNA/hAT-Charlie	681	+	67	117470921	78962
chr10	117391959	117591959	harbor1	chr10	117470992	117471124	DNA/hAT-Charlie	678	+	66	117471058	79099
chr10	117391959	117591959	harbor1	chr10	117484701	117484902	DNA/hAT-Charlie	626	+	100	117484801	92842
chr10	117391959	117591959	harbor1	chr10	117490211	117490365	DNA/hAT-Charlie	778	+	77	117490288	98329
chr10	14752039	14952039	harbor1	chr10	14758405	14758570	DNA/hAT-Charlie	453	+	82	14758487	6448
chr10	14752039	14952039	harbor1	chr10	14816401	14816522	DNA/hAT-Charlie	714	+	60	14816461	64422
chr10	77340129	77540129	harbor1	chr10	77352402	77352586	DNA/hAT-Charlie	887	+	92	77352494	12365
chr10	77340129	77540129	harbor1	chr10	77367453	77367541	DNA/hAT-Charlie	450	+	44	77367497	27368
chr10	77340129	77540129	harbor1	chr10	77369288	77369438	DNA/hAT-Charlie	441	+	75	77369363	29234
chr10	77340129	77540129	harbor1	chr10	77371468	77371703	DNA/hAT-Charlie	530	+	118	77371586	31457
chr10	77340129	77540129	harbor1	chr10	77395462	77395715	DNA/hAT-Charlie	563	+	126	77395588	55459
chr10	77340129	77540129	harbor1	chr10	77398638	77398789	DNA/hAT-Charlie	606	+	76	77398714	58585
chr10	77340129	77540129	harbor1	chr10	77415876	77416083	DNA/hAT-Charlie	505	+	104	77415980	75851
chr10	106223783	106423783	harbor1	chr10	106248090	106248324	DNA/hAT-Charlie	1533	+	117	106248207	24424
chr10	106223783	106423783	harbor1	chr10	106298667	106298981	DNA/hAT-Charlie	447	+	157	106298824	75041
chr10	106223783	106423783	harbor1	chr10	106311069	106311409	DNA/hAT-Charlie	1068	+	170	106311239	87456
chr10	44101592	44301592	harbor1	chr10	44127123	44127303	DNA/hAT-Charlie	670	+	90	44127213	25621
chr10	44101592	44301592	harbor1	chr10	44127328	44127480	DNA/hAT-Charlie	518	+	76	44127404	25812
chr10	20632342	20832342	harbor1	chr10	20685354	20685518	DNA/hAT-Charlie	650	+	82	20685436	53094
chr10	20632342	20832342	harbor1	chr10	20726230	20726399	DNA/hAT-Charlie	622	+	84	20726314	93972
chr10	90253430	90453430	harbor1	chr10	90273336	90273562	DNA/hAT-Charlie	658	+	113	90273449	20019
chr10	90253430	90453430	harbor1	chr10	90347404	90347585	DNA/hAT-Charlie	660	+	90	90347494	94064
chr10	112096015	112296015	harbor1	chr10	112111069	112111271	DNA/hAT-Charlie	928	+	101	112111170	15155
chr10	112096015	112296015	harbor1	chr10	112111942	112112070	DNA/hAT-Charlie	422	+	64	112112006	15991
chr10	112096015	112296015	harbor1	chr10	112122055	112122269	DNA/hAT-Charlie	853	+	107	112122162	26147
chr10	112096015	112296015	harbor1	chr10	112125443	112125600	DNA/hAT-Charlie	560	+	78	112125521	29506
chr10	112096015	112296015	harbor1	chr10	112129322	112129664	DNA/hAT-Charlie	2347	+	171	112129493	33478
chr10	112096015	112296015	harbor1	chr10	112150572	112150739	DNA/hAT-Charlie	522	+	84	112150656	54641
chr10	112096015	112296015	harbor1	chr10	112169685	112170195	DNA/hAT-Charlie	3805	+	255	112169940	73925
chr10	111343389	111543389	harbor1	chr10	111350626	111350851	DNA/hAT-Charlie	1009	+	112	111350738	7349
chr10	111343389	111543389	harbor1	chr10	111361668	111361828	DNA/hAT-Charlie	787	+	80	111361748	18359
chr10	111343389	111543389	harbor1	chr10	111398632	111398904	DNA/hAT-Charlie	754	+	136	111398768	55379
chr10	95689335	95889335	harbor1	chr10	95689175	95689337	DNA/hAT-Charlie	755	+	81	95689256	79
chr10	95689335	95889335	harbor1	chr10	95692656	95692881	DNA/hAT-Charlie	1309	+	112	95692768	3433
chr10	95689335	95889335	harbor1	chr10	95694768	95694895	DNA/hAT-Charlie	788	+	64	95694832	5497
chr10	95689335	95889335	harbor1	chr10	95695204	95695277	DNA/hAT-Charlie	788	+	36	95695240	5905
chr10	95689335	95889335	harbor1	chr10	95746422	95746590	DNA/hAT-Charlie	488	+	84	95746506	57171
chr10	91344346	91544346	harbor1	chr10	91346385	91346720	DNA/hAT-Charlie	2229	+	168	91346553	2207
chr10	91344346	91544346	harbor1	chr10	91348951	91349162	DNA/hAT-Charlie	970	+	106	91349057	4711
chr10	91344346	91544346	harbor1	chr10	91375477	91375670	DNA/hAT-Charlie	1077	+	96	91375573	31227
chr10	91344346	91544346	harbor1	chr10	91382719	91382908	DNA/hAT-Charlie	693	+	94	91382813	38467
chr10	91344346	91544346	harbor1	chr10	91413448	91413593	DNA/hAT-Charlie	481	+	72	91413520	69174
chr10	102842779	103042779	harbor1	chr10	102867697	102868070	DNA/hAT-Charlie	1205	+	186	102867883	25104
chr10	102842779	103042779	harbor1	chr10	102905898	102905975	DNA/hAT-Charlie	661	+	38	102905936	63157
chr10	102842779	103042779	harbor1	chr10	102906277	102906495	DNA/hAT-Charlie	661	+	109	102906386	63607
chr10	27444300	27644300	harbor1	chr10	27463886	27464204	DNA/hAT-Charlie	1464	+	159	27464045	19745
chr10	27444300	27644300	harbor1	chr10	27486056	27486221	DNA/hAT-Charlie	429	+	82	27486138	41838
chr10	27444300	27644300	harbor1	chr10	27524529	27524740	DNA/hAT-Charlie	561	+	106	27524635	80335
chr10	27444300	27644300	harbor1	chr10	27534280	27534425	DNA/hAT-Charlie	785	+	72	27534352	90052
chr10	27444300	27644300	harbor1	chr10	27534434	27534635	DNA/hAT-Charlie	1027	+	100	27534534	90234
chr10	27444300	27644300	harbor1	chr10	27535161	27535370	DNA/hAT-Charlie	1371	+	104	27535265	90965
chr10	97226320	97426320	harbor1	chr10	97226912	97227134	DNA/hAT-Charlie	1030	+	111	97227023	703
chr10	114712314	114912314	harbor1	chr10	114755043	114755378	DNA/hAT-Charlie	2166	+	168	114755211	42897
chr10	114712314	114912314	harbor1	chr10	114790867	114791005	DNA/hAT-Charlie	466	+	69	114790936	78622
chr10	114712314	114912314	harbor1	chr10	114797653	114797780	DNA/hAT-Charlie	563	+	64	114797717	85403
chr10	114712314	114912314	harbor1	chr10	114800271	114800405	DNA/hAT-Charlie	435	+	67	114800338	88024
chr10	114712314	114912314	harbor1	chr10	114800408	114800575	DNA/hAT-Charlie	664	+	84	114800492	88178
chr10	16446858	16646858	harbor1	chr10	16535194	16535364	DNA/hAT-Charlie	886	+	85	16535279	88421
chr10	16446858	16646858	harbor1	chr10	16535659	16535698	DNA/hAT-Charlie	886	+	20	16535679	88821
chr10	47330122	47530122	harbor1	chr10	47353819	47353926	DNA/hAT-Charlie	449	+	54	47353873	23751
chr10	47330122	47530122	harbor1	chr10	47356349	47356708	DNA/hAT-Charlie	1142	+	180	47356529	26407
chr10	85094795	85294795	harbor1	chr10	85176620	85176770	DNA/hAT-Charlie	571	+	75	85176695	81900
chr10	70157152	70357152	harbor1	chr10	70158070	70158296	DNA/hAT-Charlie	584	+	113	70158183	1031
chr10	70157152	70357152	harbor1	chr10	70186291	70186436	DNA/hAT-Charlie	635	+	72	70186363	29211
chr10	62007144	62207144	harbor1	chr10	62016133	62016322	DNA/hAT-Charlie	674	+	94	62016227	9083
chr10	62007144	62207144	harbor1	chr10	62056750	62056941	DNA/hAT-Charlie	927	+	96	62056846	49702
chr10	62007144	62207144	harbor1	chr10	62074776	62075067	DNA/hAT-Charlie	1089	+	146	62074922	67778
chr10	62007144	62207144	harbor1	chr10	62099650	62099857	DNA/hAT-Charlie	934	+	104	62099754	92610
chr10	536693	736693	harbor1	chr10	563458	564289	DNA/hAT-Charlie	2368	+	416	563874	27181
chr10	105381625	105581625	harbor1	chr10	105390413	105390644	DNA/hAT-Charlie	487	+	116	105390529	8904
chr10	105381625	105581625	harbor1	chr10	105416974	105417189	DNA/hAT-Charlie	874	+	108	105417082	35457
chr10	105381625	105581625	harbor1	chr10	105474363	105474598	DNA/hAT-Charlie	540	+	118	105474481	92856
chr10	105381625	105581625	harbor1	chr10	105463650	105464176	DNA/hAT-Charlie	3804	+	263	105463913	82288
chr10	4510517	4710517	harbor1	chr10	4550717	4550866	DNA/hAT-Charlie	819	+	74	4550791	40274
chr10	4510517	4710517	harbor1	chr10	4551302	4551464	DNA/hAT-Charlie	497	+	81	4551383	40866
chr10	4510517	4710517	harbor1	chr10	4608345	4608555	DNA/hAT-Charlie	684	+	105	4608450	97933
chr10	132277624	132477624	harbor1	chr10	132341837	132342028	DNA/hAT-Charlie	599	+	96	132341933	64309
chr10	94046067	94246067	harbor1	chr10	94050749	94051770	DNA/hAT-Charlie	2048	+	510	94051259	5192
chr10	94046067	94246067	harbor1	chr10	94077171	94077382	DNA/hAT-Charlie	1334	+	106	94077277	31210
chr10	94046067	94246067	harbor1	chr10	94112576	94112744	DNA/hAT-Charlie	498	+	84	94112660	66593
chr10	43109005	43309005	harbor1	chr10	43142120	43142170	DNA/hAT-Charlie	937	+	25	43142145	33140
chr10	43109005	43309005	harbor1	chr10	43142502	43142697	DNA/hAT-Charlie	937	+	98	43142600	33595
chr10	43997448	44197448	harbor1	chr10	44052923	44053134	DNA/hAT-Charlie	910	+	106	44053029	55581
chr10	19595073	19795073	harbor1	chr10	19620047	19620169	DNA/hAT-Charlie	624	+	61	19620108	25035
chr10	19595073	19795073	harbor1	chr10	19620399	19620655	DNA/hAT-Charlie	624	+	128	19620527	25454
chr10	19595073	19795073	harbor1	chr10	19675449	19675620	DNA/hAT-Charlie	908	+	86	19675535	80462
chr10	73353531	73553531	harbor1	chr10	73355120	73355496	DNA/hAT-Charlie	3762	+	188	73355308	1777
chr10	73353531	73553531	harbor1	chr10	73355788	73355934	DNA/hAT-Charlie	3762	+	73	73355861	2330
chr10	73353531	73553531	harbor1	chr10	73400404	73400716	DNA/hAT-Charlie	575	+	156	73400560	47029
chr10	73353531	73553531	harbor1	chr10	73414704	73414858	DNA/hAT-Charlie	909	+	77	73414781	61250
chr10	73353531	73553531	harbor1	chr10	73416605	73416807	DNA/hAT-Charlie	1029	+	101	73416706	63175
chr10	18380276	18580276	harbor1	chr10	18406339	18406817	DNA/hAT-Charlie	3036	+	239	18406578	26302
chr10	18380276	18580276	harbor1	chr10	18446661	18446775	DNA/hAT-Charlie	498	+	57	18446718	66442
chr10	76755875	76955875	harbor1	chr10	76831650	76831833	DNA/hAT-Charlie	731	+	92	76831742	75867
chr10	133075670	133275670	harbor1	chr10	133157282	133157706	DNA/hAT-Charlie	984	+	212	133157494	81824
chr10	18818088	19018088	harbor1	chr10	18821242	18821417	DNA/hAT-Charlie	899	+	88	18821330	3242
chr10	18818088	19018088	harbor1	chr10	18911364	18911645	DNA/hAT-Charlie	1255	+	140	18911504	93416
chr10	18818088	19018088	harbor1	chr10	18911938	18911978	DNA/hAT-Charlie	1255	+	20	18911958	93870
chr10	24735189	24935189	harbor1	chr10	24774389	24774543	DNA/hAT-Charlie	796	+	77	24774466	39277
chr10	24735189	24935189	harbor1	chr10	24807344	24807406	DNA/hAT-Charlie	1174	+	31	24807375	72186
chr10	24735189	24935189	harbor1	chr10	24808016	24808123	DNA/hAT-Charlie	1174	+	54	24808070	72881
chr10	24735189	24935189	harbor1	chr10	24808438	24808659	DNA/hAT-Charlie	1174	+	110	24808548	73359
chr10	24735189	24935189	harbor1	chr10	24828134	24828392	DNA/hAT-Charlie	669	+	129	24828263	93074
chr10	89968694	90168694	harbor1	chr10	90058046	90058189	DNA/hAT-Charlie	516	+	72	90058118	89424
chr10	33743943	33943943	harbor1	chr10	33762127	33762353	DNA/hAT-Charlie	1651	+	113	33762240	18297
chr10	93121417	93321417	harbor1	chr10	93204231	93204430	DNA/hAT-Charlie	1153	+	100	93204331	82914
chr10	93121417	93321417	harbor1	chr10	93205878	93206128	DNA/hAT-Charlie	640	+	125	93206003	84586
chr10	93121417	93321417	harbor1	chr10	93212873	93213106	DNA/hAT-Charlie	1923	+	116	93212989	91572
chr10	93121417	93321417	harbor1	chr10	93213404	93213505	DNA/hAT-Charlie	1923	+	50	93213454	92037
chr10	93121417	93321417	harbor1	chr10	93213749	93213838	DNA/hAT-Charlie	1923	+	44	93213793	92376
chr10	5390021	5590021	harbor1	chr10	5398668	5398874	DNA/hAT-Charlie	1190	+	103	5398771	8750
chr10	5390021	5590021	harbor1	chr10	5402583	5402922	DNA/hAT-Charlie	2343	+	170	5402753	12732
chr10	5390021	5590021	harbor1	chr10	5433339	5433471	DNA/hAT-Charlie	602	+	66	5433405	43384
chr10	72463387	72663387	harbor1	chr10	72484950	72485082	DNA/hAT-Charlie	794	+	66	72485016	21629
chr10	72463387	72663387	harbor1	chr10	72503345	72503577	DNA/hAT-Charlie	1056	+	116	72503461	40074
chr10	72463387	72663387	harbor1	chr10	72559747	72560077	DNA/hAT-Charlie	2089	+	165	72559912	96525
chr10	7307930	7507930	harbor1	chr10	7390081	7390218	DNA/hAT-Charlie	583	+	68	7390149	82219
chr10	102700332	102900332	harbor1	chr10	102734821	102734977	DNA/hAT-Charlie	480	+	78	102734899	34567
chr10	102700332	102900332	harbor1	chr10	102739403	102739597	DNA/hAT-Charlie	732	+	97	102739500	39168
chr10	102700332	102900332	harbor1	chr10	102749093	102749241	DNA/hAT-Charlie	783	+	74	102749167	48835
chr10	102700332	102900332	harbor1	chr10	102752100	102752254	DNA/hAT-Charlie	821	+	77	102752177	51845
chr10	102700332	102900332	harbor1	chr10	102783601	102783827	DNA/hAT-Charlie	1040	+	113	102783714	83382
chr10	50423010	50623010	harbor1	chr10	50456679	50456985	DNA/hAT-Charlie	892	+	153	50456832	33822
chr10	50423010	50623010	harbor1	chr10	50457836	50458198	DNA/hAT-Charlie	491	+	181	50458017	35007
chr10	50423010	50623010	harbor1	chr10	50490368	50490498	DNA/hAT-Charlie	433	+	65	50490433	67423
chr10	50423010	50623010	harbor1	chr10	50514642	50514735	DNA/hAT-Charlie	490	+	46	50514688	91678
chr10	48543230	48743230	harbor1	chr10	48544472	48544589	DNA/hAT-Charlie	482	+	58	48544530	1300
chr10	48543230	48743230	harbor1	chr10	48544593	48544698	DNA/hAT-Charlie	1052	+	52	48544645	1415
chr10	48543230	48743230	harbor1	chr10	48544896	48545149	DNA/hAT-Charlie	1052	+	126	48545022	1792
chr10	48543230	48743230	harbor1	chr10	48562826	48562859	DNA/hAT-Charlie	804	+	16	48562842	19612
chr10	48543230	48743230	harbor1	chr10	48563647	48563908	DNA/hAT-Charlie	804	+	130	48563777	20547
chr10	120014118	120214118	harbor1	chr10	120052404	120052636	DNA/hAT-Charlie	814	+	116	120052520	38402
chr10	120014118	120214118	harbor1	chr10	120087948	120088024	DNA/hAT-Charlie	1607	+	38	120087986	73868
chr10	120014118	120214118	harbor1	chr10	120088337	120088388	DNA/hAT-Charlie	1607	+	26	120088363	74245
chr10	120014118	120214118	harbor1	chr10	120090920	120091131	DNA/hAT-Charlie	1607	+	106	120091026	76908
chr10	120014118	120214118	harbor1	chr10	120104477	120104635	DNA/hAT-Charlie	716	+	79	120104556	90438
chr10	74774083	74974083	harbor1	chr10	74819903	74820044	DNA/hAT-Charlie	748	+	70	74819973	45890
chr10	74774083	74974083	harbor1	chr10	74820342	74820416	DNA/hAT-Charlie	748	+	37	74820379	46296
chr10	74774083	74974083	harbor1	chr10	74848251	74848355	DNA/hAT-Charlie	766	+	52	74848303	74220
chr10	74774083	74974083	harbor1	chr10	74848542	74848667	DNA/hAT-Charlie	793	+	62	74848604	74521
chr10	74774083	74974083	harbor1	chr10	74862392	74862546	DNA/hAT-Charlie	642	+	77	74862469	88386
chr10	74774083	74974083	harbor1	chr10	74873953	74874190	DNA/hAT-Charlie	693	+	118	74874071	99988
chr10	48615587	48815587	harbor1	chr10	48651083	48651226	DNA/hAT-Charlie	455	+	72	48651155	35568
chr10	48615587	48815587	harbor1	chr10	48689334	48689653	DNA/hAT-Charlie	1097	+	160	48689494	73907
chr10	48615587	48815587	harbor1	chr10	48699888	48700073	DNA/hAT-Charlie	937	+	92	48699980	84393
chr10	114328234	114528234	harbor1	chr10	114356398	114356604	DNA/hAT-Charlie	525	+	103	114356501	28267
chr10	114328234	114528234	harbor1	chr10	114375035	114375360	DNA/hAT-Charlie	1445	+	162	114375197	46963
chr10	114328234	114528234	harbor1	chr10	114400718	114400889	DNA/hAT-Charlie	925	+	86	114400804	72570
chr10	114328234	114528234	harbor1	chr10	114416248	114416347	DNA/hAT-Charlie	790	+	50	114416298	88064
chr10	114328234	114528234	harbor1	chr10	114416391	114416517	DNA/hAT-Charlie	790	+	63	114416454	88220
chr10	72521546	72721546	harbor1	chr10	72559747	72560077	DNA/hAT-Charlie	2089	+	165	72559912	38366
chr10	72521546	72721546	harbor1	chr10	72597987	72598078	DNA/hAT-Charlie	498	+	46	72598033	76487
chr10	72521546	72721546	harbor1	chr10	72618725	72618896	DNA/hAT-Charlie	740	+	86	72618811	97265
chr10	112334921	112534921	harbor1	chr10	112338794	112338908	DNA/hAT-Charlie	761	+	57	112338851	3930
chr10	112334921	112534921	harbor1	chr10	112341351	112341569	DNA/hAT-Charlie	912	+	109	112341460	6539
chr10	112334921	112534921	harbor1	chr10	112357614	112357791	DNA/hAT-Charlie	453	+	88	112357702	22781
chr10	112334921	112534921	harbor1	chr10	112367940	112368113	DNA/hAT-Charlie	862	+	86	112368026	33105
chr10	112334921	112534921	harbor1	chr10	112395318	112395499	DNA/hAT-Charlie	554	+	90	112395408	60487
chr10	112334921	112534921	harbor1	chr10	112420322	112420542	DNA/hAT-Charlie	858	+	110	112420432	85511
chr10	112334921	112534921	harbor1	chr10	112432771	112432967	DNA/hAT-Charlie	903	+	98	112432869	97948
chr10	57342966	57542966	harbor1	chr10	57397423	57397619	DNA/hAT-Charlie	906	+	98	57397521	54555
chr10	57342966	57542966	harbor1	chr10	57441008	57441227	DNA/hAT-Charlie	787	+	110	57441118	98152
chr10	62567016	62767016	harbor1	chr10	62568457	62568639	DNA/hAT-Charlie	1131	+	91	62568548	1532
chr10	62567016	62767016	harbor1	chr10	62573033	62573382	DNA/hAT-Charlie	2423	+	174	62573207	6191
chr10	62567016	62767016	harbor1	chr10	62640910	62641100	DNA/hAT-Charlie	610	+	95	62641005	73989
chr10	62567016	62767016	harbor1	chr10	62646858	62647000	DNA/hAT-Charlie	528	+	71	62646929	79913
chr10	7695061	7895061	harbor1	chr10	7709316	7709588	DNA/hAT-Charlie	475	+	136	7709452	14391
chr10	7695061	7895061	harbor1	chr10	7740934	7741121	DNA/hAT-Charlie	448	+	94	7741028	45967
chr10	7695061	7895061	harbor1	chr10	7773974	7774194	DNA/hAT-Charlie	1173	+	110	7774084	79023
chr10	7695061	7895061	harbor1	chr10	7782098	7782218	DNA/hAT-Charlie	551	+	60	7782158	87097
chr10	73603002	73803002	harbor1	chr10	73677751	73678000	DNA/hAT-Charlie	823	+	124	73677875	74873
chr10	73603002	73803002	harbor1	chr10	73679149	73679162	DNA/hAT-Charlie	1626	+	6	73679155	76153
chr10	73603002	73803002	harbor1	chr10	73679462	73679627	DNA/hAT-Charlie	1626	+	82	73679544	76542
chr10	73603002	73803002	harbor1	chr10	73679644	73679799	DNA/hAT-Charlie	729	+	78	73679722	76720
chr10	73603002	73803002	harbor1	chr10	73678390	73678853	DNA/hAT-Charlie	1626	+	232	73678622	75620
chr10	127331303	127531303	harbor1	chr10	127379419	127379620	DNA/hAT-Charlie	707	+	100	127379519	48216
chr10	127331303	127531303	harbor1	chr10	127386315	127386840	DNA/hAT-Charlie	3620	+	262	127386577	55274
chr10	127331303	127531303	harbor1	chr10	127390337	127390369	DNA/hAT-Charlie	423	+	16	127390353	59050
chr10	127331303	127531303	harbor1	chr10	127390759	127390932	DNA/hAT-Charlie	423	+	86	127390845	59542
chr10	127331303	127531303	harbor1	chr10	127419000	127419203	DNA/hAT-Charlie	710	+	102	127419102	87799
chr10	37525092	37725092	harbor1	chr10	37528833	37529178	DNA/hAT-Charlie	1208	+	172	37529005	3913
chr10	37525092	37725092	harbor1	chr10	37529575	37530073	DNA/hAT-Charlie	848	+	249	37529824	4732
chr10	37525092	37725092	harbor1	chr10	37534807	37535017	DNA/hAT-Charlie	890	+	105	37534912	9820
chr10	73401935	73601935	harbor1	chr10	73414704	73414858	DNA/hAT-Charlie	909	+	77	73414781	12846
chr10	73401935	73601935	harbor1	chr10	73416605	73416807	DNA/hAT-Charlie	1029	+	101	73416706	14771
chr10	47883300	48083300	harbor1	chr10	47920669	47920852	DNA/hAT-Charlie	469	+	92	47920761	37461
chr10	47883300	48083300	harbor1	chr10	47925588	47925726	DNA/hAT-Charlie	499	+	69	47925657	42357
chr10	47883300	48083300	harbor1	chr10	47935008	47935243	DNA/hAT-Charlie	1013	+	118	47935126	51826
chr10	47883300	48083300	harbor1	chr10	47946994	47947219	DNA/hAT-Charlie	543	+	112	47947106	63806
chr10	47883300	48083300	harbor1	chr10	47975163	47975356	DNA/hAT-Charlie	495	+	96	47975259	91959
chr10	751017	951017	harbor1	chr10	772667	772867	DNA/hAT-Charlie	611	+	100	772767	21750
chr10	125302923	125502923	harbor1	chr10	125317910	125317996	DNA/hAT-Charlie	483	+	43	125317953	15030
chr10	125302923	125502923	harbor1	chr10	125318174	125318407	DNA/hAT-Charlie	1265	+	116	125318290	15367
chr10	125302923	125502923	harbor1	chr10	125375369	125375570	DNA/hAT-Charlie	1107	+	100	125375469	72546
chr10	122205118	122405118	harbor1	chr10	122207419	122207638	DNA/hAT-Charlie	1036	+	110	122207529	2411
chr10	122205118	122405118	harbor1	chr10	122221034	122221343	DNA/hAT-Charlie	479	+	154	122221188	16070
chr10	122205118	122405118	harbor1	chr10	122246087	122246264	DNA/hAT-Charlie	538	+	88	122246175	41057
chr10	122205118	122405118	harbor1	chr10	122285506	122285727	DNA/hAT-Charlie	1004	+	110	122285616	80498
chr10	86924104	87124104	harbor1	chr10	86953578	86953736	DNA/hAT-Charlie	697	+	79	86953657	29553
chr10	86924104	87124104	harbor1	chr10	87003181	87003355	DNA/hAT-Charlie	608	+	87	87003268	79164
chr10	132866766	133066766	harbor1	chr10	132913292	132913668	DNA/hAT-Charlie	1420	+	188	132913480	46714
chr10	113263436	113463436	harbor1	chr10	113278480	113278639	DNA/hAT-Charlie	712	+	80	113278560	15124
chr10	113263436	113463436	harbor1	chr10	113279234	113279434	DNA/hAT-Charlie	524	+	100	113279334	15898
chr10	113263436	113463436	harbor1	chr10	113289022	113289237	DNA/hAT-Charlie	1025	+	108	113289130	25694
chr10	105525507	105725507	harbor1	chr10	105580923	105581099	DNA/hAT-Charlie	462	+	88	105581011	55504
chr10	92566068	92766068	harbor1	chr10	92640220	92640412	DNA/hAT-Charlie	666	+	96	92640316	74248
chr10	127801242	128001242	harbor1	chr10	127835845	127836060	DNA/hAT-Charlie	977	+	108	127835953	34711
chr10	127801242	128001242	harbor1	chr10	127868478	127868721	DNA/hAT-Charlie	861	+	122	127868600	67358
chr10	127100103	127300103	harbor1	chr10	127107589	127107733	DNA/hAT-Charlie	462	+	72	127107661	7558
chr10	127100103	127300103	harbor1	chr10	127154320	127154494	DNA/hAT-Charlie	909	+	87	127154407	54304
chr10	127100103	127300103	harbor1	chr10	127154498	127154625	DNA/hAT-Charlie	431	+	64	127154562	54459
chr10	127100103	127300103	harbor1	chr10	127169515	127169725	DNA/hAT-Charlie	1004	+	105	127169620	69517
chr10	127100103	127300103	harbor1	chr10	127172853	127173013	DNA/hAT-Charlie	643	+	80	127172933	72830
chr10	75996392	76196392	harbor1	chr10	76014177	76014315	DNA/hAT-Charlie	704	+	69	76014246	17854
chr10	75996392	76196392	harbor1	chr10	76053842	76054018	DNA/hAT-Charlie	946	+	88	76053930	57538
chr10	75996392	76196392	harbor1	chr10	76092489	76093025	DNA/hAT-Charlie	2416	+	268	76092757	96365
chr10	75996392	76196392	harbor1	chr10	76094588	76094740	DNA/hAT-Charlie	538	+	76	76094664	98272
chr10	84880834	85080834	harbor1	chr10	84936606	84936835	DNA/hAT-Charlie	686	+	114	84936720	55886
chr10	84880834	85080834	harbor1	chr10	84939599	84939775	DNA/hAT-Charlie	833	+	88	84939687	58853
chr10	120030496	120230496	harbor1	chr10	120052404	120052636	DNA/hAT-Charlie	814	+	116	120052520	22024
chr10	120030496	120230496	harbor1	chr10	120087948	120088024	DNA/hAT-Charlie	1607	+	38	120087986	57490
chr10	120030496	120230496	harbor1	chr10	120088337	120088388	DNA/hAT-Charlie	1607	+	26	120088363	57867
chr10	120030496	120230496	harbor1	chr10	120090920	120091131	DNA/hAT-Charlie	1607	+	106	120091026	60530
chr10	120030496	120230496	harbor1	chr10	120104477	120104635	DNA/hAT-Charlie	716	+	79	120104556	74060
chr10	120030496	120230496	harbor1	chr10	120122462	120122628	DNA/hAT-Charlie	483	+	83	120122545	92049
chr10	63036774	63236774	harbor1	chr10	63087723	63087900	DNA/hAT-Charlie	566	+	88	63087811	51037
chr10	63036774	63236774	harbor1	chr10	63088209	63088246	DNA/hAT-Charlie	566	+	18	63088227	51453
chr10	63036774	63236774	harbor1	chr10	63092794	63092915	DNA/hAT-Charlie	457	+	60	63092854	56080
chr10	63036774	63236774	harbor1	chr10	63120963	63121316	DNA/hAT-Charlie	2186	+	176	63121139	84365
chr10	63036774	63236774	harbor1	chr10	63127201	63127389	DNA/hAT-Charlie	1202	+	94	63127295	90521
chr10	99362546	99562546	harbor1	chr10	99383865	99384153	DNA/hAT-Charlie	1180	+	144	99384009	21463
chr10	99362546	99562546	harbor1	chr10	99386266	99386447	DNA/hAT-Charlie	1025	+	90	99386356	23810
chr10	99362546	99562546	harbor1	chr10	99390620	99390810	DNA/hAT-Charlie	713	+	95	99390715	28169
chr10	99362546	99562546	harbor1	chr10	99393336	99393509	DNA/hAT-Charlie	450	+	86	99393422	30876
chr10	99362546	99562546	harbor1	chr10	99396820	99397016	DNA/hAT-Charlie	539	+	98	99396918	34372
chr10	99362546	99562546	harbor1	chr10	99442556	99442710	DNA/hAT-Charlie	768	+	77	99442633	80087
chr10	126713630	126913630	harbor1	chr10	126732611	126732765	DNA/hAT-Charlie	425	+	77	126732688	19058
chr10	126713630	126913630	harbor1	chr10	126736516	126736717	DNA/hAT-Charlie	585	+	100	126736616	22986
chr10	126713630	126913630	harbor1	chr10	126760069	126761038	DNA/hAT-Charlie	4040	+	484	126760553	46923
chr10	126713630	126913630	harbor1	chr10	126767493	126767711	DNA/hAT-Charlie	1790	+	109	126767602	53972
chr10	126713630	126913630	harbor1	chr10	126767827	126768092	DNA/hAT-Charlie	1790	+	132	126767959	54329
chr10	126713630	126913630	harbor1	chr10	126769581	126769854	DNA/hAT-Charlie	1133	+	136	126769717	56087
chr10	126713630	126913630	harbor1	chr10	126788701	126788853	DNA/hAT-Charlie	601	+	76	126788777	75147
chr10	91474620	91674620	harbor1	chr10	91548301	91548497	DNA/hAT-Charlie	1257	+	98	91548399	73779
chr10	91474620	91674620	harbor1	chr10	91571640	91571782	DNA/hAT-Charlie	427	+	71	91571711	97091
chr10	110101184	110301184	harbor1	chr10	110118347	110118517	DNA/hAT-Charlie	895	+	85	110118432	17248
chr10	110101184	110301184	harbor1	chr10	110124857	110125032	DNA/hAT-Charlie	1248	+	88	110124945	23761
chr10	110101184	110301184	harbor1	chr10	110160384	110160580	DNA/hAT-Charlie	870	+	98	110160482	59298
chr10	110101184	110301184	harbor1	chr10	110163341	110163497	DNA/hAT-Charlie	585	+	78	110163419	62235
chr10	110101184	110301184	harbor1	chr10	110163682	110163917	DNA/hAT-Charlie	764	+	118	110163800	62616
chr10	110101184	110301184	harbor1	chr10	110166803	110166914	DNA/hAT-Charlie	466	+	56	110166859	65675
chr10	25852535	26052535	harbor1	chr10	25871930	25872171	DNA/hAT-Charlie	494	+	120	25872050	19515
chr10	25852535	26052535	harbor1	chr10	25878099	25878628	DNA/hAT-Charlie	3315	+	264	25878363	25828
chr10	25852535	26052535	harbor1	chr10	25937033	25937348	DNA/hAT-Charlie	579	+	158	25937191	84656
chr10	72584277	72784277	harbor1	chr10	72597987	72598078	DNA/hAT-Charlie	498	+	46	72598033	13756
chr10	72584277	72784277	harbor1	chr10	72618725	72618896	DNA/hAT-Charlie	740	+	86	72618811	34534
chr10	72584277	72784277	harbor1	chr10	72654739	72654911	DNA/hAT-Charlie	728	+	86	72654825	70548
chr10	72584277	72784277	harbor1	chr10	72654913	72655138	DNA/hAT-Charlie	921	+	112	72655025	70748
chr10	46154905	46354905	harbor1	chr10	46163974	46164148	DNA/hAT-Charlie	460	+	87	46164061	9156
chr10	58326758	58526758	harbor1	chr10	58340014	58340242	DNA/hAT-Charlie	892	+	114	58340128	13370
chr10	58326758	58526758	harbor1	chr10	58395965	58396264	DNA/hAT-Charlie	1054	+	150	58396115	69357
chr10	58326758	58526758	harbor1	chr10	58397072	58397171	DNA/hAT-Charlie	424	+	50	58397122	70364
chr10	58326758	58526758	harbor1	chr10	58403724	58403890	DNA/hAT-Charlie	568	+	83	58403807	77049
chr10	58326758	58526758	harbor1	chr10	58410177	58410350	DNA/hAT-Charlie	444	+	86	58410263	83505
chr10	58326758	58526758	harbor1	chr10	58343326	58343469	DNA/hAT-Charlie	471	+	72	58343398	16640
chr10	37665276	37865276	harbor1	chr10	37753703	37753913	DNA/hAT-Charlie	461	+	105	37753808	88532
chr11	67285670	67485670	harbor1	chr11	67333440	67333923	DNA/hAT-Charlie	3040	+	242	67333682	48012
chr11	75213457	75413457	harbor1	chr11	75286565	75286728	DNA/hAT-Charlie	692	+	82	75286647	73190
chr11	75213457	75413457	harbor1	chr11	75288961	75289164	DNA/hAT-Charlie	472	+	102	75289063	75606
chr11	75213457	75413457	harbor1	chr11	75304570	75304783	DNA/hAT-Charlie	1069	+	106	75304676	91219
chr11	14344595	14544595	harbor1	chr11	14362960	14363278	DNA/hAT-Charlie	721	+	159	14363119	18524
chr11	14344595	14544595	harbor1	chr11	14377404	14377513	DNA/hAT-Charlie	437	+	54	14377458	32863
chr11	14344595	14544595	harbor1	chr11	14410706	14410835	DNA/hAT-Charlie	777	+	64	14410770	66175
chr11	125420387	125620387	harbor1	chr11	125436117	125436312	DNA/hAT-Charlie	593	+	98	125436215	15828
chr11	125420387	125620387	harbor1	chr11	125492328	125492480	DNA/hAT-Charlie	877	+	76	125492404	72017
chr11	8731299	8931299	harbor1	chr11	8758518	8758753	DNA/hAT-Charlie	582	+	118	8758636	27337
chr11	8731299	8931299	harbor1	chr11	8766044	8766152	DNA/hAT-Charlie	2592	+	54	8766098	34799
chr11	8731299	8931299	harbor1	chr11	8795375	8795525	DNA/hAT-Charlie	581	+	75	8795450	64151
chr11	8731299	8931299	harbor1	chr11	8765314	8765755	DNA/hAT-Charlie	2592	+	220	8765534	34235
chr11	31370717	31570717	harbor1	chr11	31371200	31371353	DNA/hAT-Charlie	782	+	76	31371276	559
chr11	31370717	31570717	harbor1	chr11	31379130	31379472	DNA/hAT-Charlie	2043	+	171	31379301	8584
chr11	40312057	40512057	harbor1	chr11	40338226	40338483	DNA/hAT-Charlie	508	+	128	40338354	26297
chr11	40312057	40512057	harbor1	chr11	40377775	40377983	DNA/hAT-Charlie	714	+	104	40377879	65822
chr11	40312057	40512057	harbor1	chr11	40379802	40379986	DNA/hAT-Charlie	859	+	92	40379894	67837
chr11	40312057	40512057	harbor1	chr11	40410002	40410124	DNA/hAT-Charlie	737	+	61	40410063	98006
chr11	30093976	30293976	harbor1	chr11	30178268	30178423	DNA/hAT-Charlie	708	+	78	30178346	84370
chr11	21489651	21689651	harbor1	chr11	21517418	21517555	DNA/hAT-Charlie	461	+	68	21517486	27835
chr11	21489651	21689651	harbor1	chr11	21545796	21545989	DNA/hAT-Charlie	819	+	96	21545892	56241
chr11	112863382	113063382	harbor1	chr11	112888405	112888628	DNA/hAT-Charlie	388	+	112	112888517	25135
chr11	112863382	113063382	harbor1	chr11	112888629	112888806	DNA/hAT-Charlie	525	+	88	112888717	25335
chr11	112863382	113063382	harbor1	chr11	112888807	112888847	DNA/hAT-Charlie	388	+	20	112888827	25445
chr11	93458650	93658650	harbor1	chr11	93482650	93482786	DNA/hAT-Charlie	429	+	68	93482718	24068
chr11	93458650	93658650	harbor1	chr11	93484884	93485195	DNA/hAT-Charlie	1446	+	156	93485040	26390
chr11	93458650	93658650	harbor1	chr11	93501143	93501311	DNA/hAT-Charlie	614	+	84	93501227	42577
chr11	93458650	93658650	harbor1	chr11	93501768	93501795	DNA/hAT-Charlie	614	+	14	93501782	43132
chr11	93458650	93658650	harbor1	chr11	93506265	93506440	DNA/hAT-Charlie	6217	+	88	93506353	47703
chr11	93458650	93658650	harbor1	chr11	93506741	93507122	DNA/hAT-Charlie	6217	+	190	93506931	48281
chr11	93458650	93658650	harbor1	chr11	93507408	93508196	DNA/hAT-Charlie	6217	+	394	93507802	49152
chr11	93458650	93658650	harbor1	chr11	93553393	93553813	DNA/hAT-Charlie	1767	+	210	93553603	94953
chr11	95474112	95674112	harbor1	chr11	95485120	95485253	DNA/hAT-Charlie	713	+	66	95485186	11074
chr11	11241036	11441036	harbor1	chr11	11297026	11297227	DNA/hAT-Charlie	880	+	100	11297126	56090
chr11	11241036	11441036	harbor1	chr11	11298681	11298815	DNA/hAT-Charlie	392	+	67	11298748	57712
chr11	99627574	99827574	harbor1	chr11	99662729	99662892	DNA/hAT-Charlie	524	+	82	99662811	35237
chr11	99627574	99827574	harbor1	chr11	99694220	99694435	DNA/hAT-Charlie	599	+	108	99694328	66754
chr11	20530905	20730905	harbor1	chr11	20591541	20591726	DNA/hAT-Charlie	532	+	92	20591633	60728
chr11	20530905	20730905	harbor1	chr11	20607992	20608114	DNA/hAT-Charlie	392	+	61	20608053	77148
chr11	20530905	20730905	harbor1	chr11	20610755	20610919	DNA/hAT-Charlie	929	+	82	20610837	79932
chr11	20530905	20730905	harbor1	chr11	20612963	20613075	DNA/hAT-Charlie	388	+	56	20613019	82114
chr11	20530905	20730905	harbor1	chr11	20621882	20622305	DNA/hAT-Charlie	870	+	212	20622094	91189
chr11	96663549	96863549	harbor1	chr11	96747761	96747979	DNA/hAT-Charlie	1431	+	109	96747870	84321
chr11	122497329	122697329	harbor1	chr11	122574714	122574879	DNA/hAT-Charlie	1336	+	82	122574796	77467
chr11	122497329	122697329	harbor1	chr11	122575476	122575638	DNA/hAT-Charlie	1336	+	81	122575557	78228
chr11	122497329	122697329	harbor1	chr11	122579667	122579810	DNA/hAT-Charlie	459	+	72	122579739	82410
chr11	39682468	39882468	harbor1	chr11	39780623	39780839	DNA/hAT-Charlie	1137	+	108	39780731	98263
chr11	71997262	72197262	harbor1	chr11	72010393	72010577	DNA/hAT-Charlie	856	+	92	72010485	13223
chr11	71997262	72197262	harbor1	chr11	72060154	72060357	DNA/hAT-Charlie	916	+	102	72060256	62994
chr11	71997262	72197262	harbor1	chr11	72087663	72087921	DNA/hAT-Charlie	978	+	129	72087792	90530
chr11	71997262	72197262	harbor1	chr11	72096699	72096895	DNA/hAT-Charlie	497	+	98	72096797	99535
chr11	25792580	25992580	harbor1	chr11	25792266	25792618	DNA/hAT-Charlie	1901	+	176	25792442	138
chr11	25792580	25992580	harbor1	chr11	25806121	25806274	DNA/hAT-Charlie	409	+	76	25806197	13617
chr11	47518878	47718878	harbor1	chr11	47617294	47617585	DNA/hAT-Charlie	688	+	146	47617440	98562
chr11	97273141	97473141	harbor1	chr11	97348410	97348612	DNA/hAT-Charlie	965	+	101	97348511	75370
chr11	23675695	23875695	harbor1	chr11	23712108	23712478	DNA/hAT-Charlie	2378	+	185	23712293	36598
chr11	23675695	23875695	harbor1	chr11	23758451	23758661	DNA/hAT-Charlie	822	+	105	23758556	82861
chr11	81704916	81904916	harbor1	chr11	81741585	81741772	DNA/hAT-Charlie	767	+	94	81741679	36763
chr11	81704916	81904916	harbor1	chr11	81760684	81762097	DNA/hAT-Charlie	4493	+	706	81761390	56474
chr11	81704916	81904916	harbor1	chr11	81763836	81764044	DNA/hAT-Charlie	896	+	104	81763940	59024
chr11	81704916	81904916	harbor1	chr11	81765889	81766073	DNA/hAT-Charlie	737	+	92	81765981	61065
chr11	81704916	81904916	harbor1	chr11	81773135	81773511	DNA/hAT-Charlie	592	+	188	81773323	68407
chr11	86118253	86318253	harbor1	chr11	86125821	86125965	DNA/hAT-Charlie	569	+	72	86125893	7640
chr11	86118253	86318253	harbor1	chr11	86130763	86130835	DNA/hAT-Charlie	406	+	36	86130799	12546
chr11	86118253	86318253	harbor1	chr11	86131019	86131271	DNA/hAT-Charlie	898	+	126	86131145	12892
chr11	104346183	104546183	harbor1	chr11	104399953	104400560	DNA/hAT-Charlie	1774	+	304	104400257	54074
chr11	10368191	10568191	harbor1	chr11	10410011	10410262	DNA/hAT-Charlie	644	+	126	10410137	41946
chr11	10368191	10568191	harbor1	chr11	10446184	10446906	DNA/hAT-Charlie	2330	+	361	10446545	78354
chr11	10368191	10568191	harbor1	chr11	10447211	10447647	DNA/hAT-Charlie	2330	+	218	10447429	79238
chr11	10368191	10568191	harbor1	chr11	10448279	10448615	DNA/hAT-Charlie	2105	+	168	10448447	80256
chr11	10368191	10568191	harbor1	chr11	10448669	10449447	DNA/hAT-Charlie	2105	+	389	10449058	80867
chr11	10368191	10568191	harbor1	chr11	10454392	10454637	DNA/hAT-Charlie	621	+	122	10454514	86323
chr11	58105506	58305506	harbor1	chr11	58187259	58187372	DNA/hAT-Charlie	599	+	56	58187315	81809
chr11	58105506	58305506	harbor1	chr11	58187667	58187795	DNA/hAT-Charlie	599	+	64	58187731	82225
chr11	82239499	82439499	harbor1	chr11	82300694	82300886	DNA/hAT-Charlie	702	+	96	82300790	61291
chr11	82239499	82439499	harbor1	chr11	82334970	82335183	DNA/hAT-Charlie	863	+	106	82335076	95577
chr11	107394482	107594482	harbor1	chr11	107394919	107395045	DNA/hAT-Charlie	591	+	63	107394982	500
chr11	107394482	107594482	harbor1	chr11	107395413	107395581	DNA/hAT-Charlie	591	+	84	107395497	1015
chr11	107394482	107594482	harbor1	chr11	107405016	107405338	DNA/hAT-Charlie	1479	+	161	107405177	10695
chr11	107394482	107594482	harbor1	chr11	107478688	107478890	DNA/hAT-Charlie	1213	+	101	107478789	84307
chr11	30576231	30776231	harbor1	chr11	30601011	30601175	DNA/hAT-Charlie	616	+	82	30601093	24862
chr11	30576231	30776231	harbor1	chr11	30601550	30601580	DNA/hAT-Charlie	616	+	15	30601565	25334
chr11	30576231	30776231	harbor1	chr11	30607314	30607643	DNA/hAT-Charlie	583	+	164	30607478	31247
chr11	30576231	30776231	harbor1	chr11	30652953	30653167	DNA/hAT-Charlie	1120	+	107	30653060	76829
chr11	30576231	30776231	harbor1	chr11	30669270	30669581	DNA/hAT-Charlie	1172	+	156	30669426	93195
chr11	77853047	78053047	harbor1	chr11	77865727	77865908	DNA/hAT-Charlie	917	+	90	77865817	12770
chr11	77853047	78053047	harbor1	chr11	77875338	77875651	DNA/hAT-Charlie	544	+	156	77875494	22447
chr11	114355628	114555628	harbor1	chr11	114392930	114393026	DNA/hAT-Charlie	440	+	48	114392978	37350
chr11	114355628	114555628	harbor1	chr11	114396238	114396443	DNA/hAT-Charlie	489	+	102	114396340	40712
chr11	114355628	114555628	harbor1	chr11	114398205	114398385	DNA/hAT-Charlie	660	+	90	114398295	42667
chr11	114355628	114555628	harbor1	chr11	114393038	114393913	DNA/hAT-Charlie	4215	+	438	114393476	37848
chr11	30278673	30478673	harbor1	chr11	30307667	30307855	DNA/hAT-Charlie	872	+	94	30307761	29088
chr11	30278673	30478673	harbor1	chr11	30317759	30317847	DNA/hAT-Charlie	454	+	44	30317803	39130
chr11	30278673	30478673	harbor1	chr11	30317880	30318034	DNA/hAT-Charlie	771	+	77	30317957	39284
chr11	30278673	30478673	harbor1	chr11	30319695	30320011	DNA/hAT-Charlie	1408	+	158	30319853	41180
chr11	30278673	30478673	harbor1	chr11	30338284	30338416	DNA/hAT-Charlie	512	+	66	30338350	59677
chr11	30278673	30478673	harbor1	chr11	30362484	30362690	DNA/hAT-Charlie	1134	+	103	30362587	83914
chr11	30278673	30478673	harbor1	chr11	30365724	30365881	DNA/hAT-Charlie	500	+	78	30365802	87129
chr11	30278673	30478673	harbor1	chr11	30375416	30375662	DNA/hAT-Charlie	786	+	123	30375539	96866
chr11	30278673	30478673	harbor1	chr11	30375663	30375989	DNA/hAT-Charlie	1057	+	163	30375826	97153
chr11	26126501	26326501	harbor1	chr11	26153357	26153475	DNA/hAT-Charlie	555	+	59	26153416	26915
chr11	26126501	26326501	harbor1	chr11	26153503	26153640	DNA/hAT-Charlie	1004	+	68	26153571	27070
chr11	26126501	26326501	harbor1	chr11	26154038	26154251	DNA/hAT-Charlie	1004	+	106	26154144	27643
chr11	61698125	61898125	harbor1	chr11	61721046	61721113	DNA/hAT-Charlie	1007	+	34	61721080	22955
chr11	61698125	61898125	harbor1	chr11	61721411	61721563	DNA/hAT-Charlie	1007	+	76	61721487	23362
chr11	92389281	92589281	harbor1	chr11	92420047	92420226	DNA/hAT-Charlie	703	+	90	92420137	30856
chr11	92389281	92589281	harbor1	chr11	92445238	92445412	DNA/hAT-Charlie	486	+	87	92445325	56044
chr11	123084950	123284950	harbor1	chr11	123106116	123106253	DNA/hAT-Charlie	869	+	68	123106184	21234
chr11	123084950	123284950	harbor1	chr11	123124721	123124904	DNA/hAT-Charlie	557	+	92	123124813	39863
chr11	123084950	123284950	harbor1	chr11	123125198	123125331	DNA/hAT-Charlie	557	+	66	123125264	40314
chr11	123084950	123284950	harbor1	chr11	123138618	123138664	DNA/hAT-Charlie	1252	+	23	123138641	53691
chr11	123084950	123284950	harbor1	chr11	123138954	123139215	DNA/hAT-Charlie	1252	+	130	123139084	54134
chr11	123084950	123284950	harbor1	chr11	123144946	123145229	DNA/hAT-Charlie	1420	+	142	123145088	60138
chr11	123084950	123284950	harbor1	chr11	123154746	123154963	DNA/hAT-Charlie	701	+	108	123154854	69904
chr11	123084950	123284950	harbor1	chr11	123161751	123161919	DNA/hAT-Charlie	497	+	84	123161835	76885
chr11	123084950	123284950	harbor1	chr11	123163514	123163633	DNA/hAT-Charlie	641	+	60	123163574	78624
chr11	123084950	123284950	harbor1	chr11	123179906	123180031	DNA/hAT-Charlie	546	+	62	123179968	95018
chr11	89310322	89510322	harbor1	chr11	89334559	89335180	DNA/hAT-Charlie	1428	+	310	89334869	24547
chr11	89310322	89510322	harbor1	chr11	89393085	89393296	DNA/hAT-Charlie	968	+	106	89393191	82869
chr11	89310322	89510322	harbor1	chr11	89406598	89406767	DNA/hAT-Charlie	773	+	84	89406682	96360
chr11	14353441	14553441	harbor1	chr11	14362960	14363278	DNA/hAT-Charlie	721	+	159	14363119	9678
chr11	14353441	14553441	harbor1	chr11	14377404	14377513	DNA/hAT-Charlie	437	+	54	14377458	24017
chr11	14353441	14553441	harbor1	chr11	14410706	14410835	DNA/hAT-Charlie	777	+	64	14410770	57329
chr11	107310238	107510238	harbor1	chr11	107379244	107379468	DNA/hAT-Charlie	988	+	112	107379356	69118
chr11	107310238	107510238	harbor1	chr11	107384592	107384798	DNA/hAT-Charlie	1062	+	103	107384695	74457
chr11	107310238	107510238	harbor1	chr11	107394919	107395045	DNA/hAT-Charlie	591	+	63	107394982	84744
chr11	107310238	107510238	harbor1	chr11	107395413	107395581	DNA/hAT-Charlie	591	+	84	107395497	85259
chr11	107310238	107510238	harbor1	chr11	107405016	107405338	DNA/hAT-Charlie	1479	+	161	107405177	94939
chr11	86851045	87051045	harbor1	chr11	86856336	86856450	DNA/hAT-Charlie	420	+	57	86856393	5348
chr11	86851045	87051045	harbor1	chr11	86876542	86876706	DNA/hAT-Charlie	827	+	82	86876624	25579
chr11	86851045	87051045	harbor1	chr11	86908804	86908960	DNA/hAT-Charlie	743	+	78	86908882	57837
chr11	86851045	87051045	harbor1	chr11	86922890	86923128	DNA/hAT-Charlie	1313	+	119	86923009	71964
chr11	86851045	87051045	harbor1	chr11	86923409	86923487	DNA/hAT-Charlie	1313	+	39	86923448	72403
chr11	2586496	2786496	harbor1	chr11	2612096	2612394	DNA/hAT-Charlie	1930	+	149	2612245	25749
chr11	108876011	109076011	harbor1	chr11	108915275	108916173	DNA/hAT-Charlie	3144	+	449	108915724	39713
chr11	108876011	109076011	harbor1	chr11	108954424	108954557	DNA/hAT-Charlie	714	+	66	108954490	78479
chr11	4313331	4513331	harbor1	chr11	4325097	4325319	DNA/hAT-Charlie	637	+	111	4325208	11877
chr11	4313331	4513331	harbor1	chr11	4342148	4342269	DNA/hAT-Charlie	537	+	60	4342208	28877
chr11	66712144	66912144	harbor1	chr11	66757470	66757593	DNA/hAT-Charlie	875	+	62	66757532	45388
chr11	66712144	66912144	harbor1	chr11	66757887	66757961	DNA/hAT-Charlie	875	+	37	66757924	45780
chr11	118442766	118642766	harbor1	chr11	118478440	118478585	DNA/hAT-Charlie	567	+	72	118478512	35746
chr11	95476904	95676904	harbor1	chr11	95485120	95485253	DNA/hAT-Charlie	713	+	66	95485186	8282
chr11	101981020	102181020	harbor1	chr11	102066869	102066984	DNA/hAT-Charlie	514	+	58	102066927	85907
chr11	111504747	111704747	harbor1	chr11	111564695	111564899	DNA/hAT-Charlie	1376	+	102	111564797	60050
chr11	111504747	111704747	harbor1	chr11	111581260	111581473	DNA/hAT-Charlie	1455	+	106	111581366	76619
chr11	127052771	127252771	harbor1	chr11	127054559	127054710	DNA/hAT-Charlie	916	+	76	127054635	1864
chr11	127052771	127252771	harbor1	chr11	127063751	127063897	DNA/hAT-Charlie	446	+	73	127063824	11053
chr11	127052771	127252771	harbor1	chr11	127084136	127084299	DNA/hAT-Charlie	515	+	82	127084218	31447
chr11	127052771	127252771	harbor1	chr11	127107727	127108271	DNA/hAT-Charlie	3553	+	272	127107999	55228
chr11	127052771	127252771	harbor1	chr11	127128010	127128194	DNA/hAT-Charlie	935	+	92	127128102	75331
chr11	129394922	129594922	harbor1	chr11	129411737	129411844	DNA/hAT-Charlie	490	+	54	129411791	16869
chr11	129394922	129594922	harbor1	chr11	129444032	129444283	DNA/hAT-Charlie	452	+	126	129444158	49236
chr11	129394922	129594922	harbor1	chr11	129489025	129489263	DNA/hAT-Charlie	589	+	119	129489144	94222
chr11	121333431	121533431	harbor1	chr11	121342074	121342339	DNA/hAT-Charlie	1180	+	132	121342206	8775
chr11	121333431	121533431	harbor1	chr11	121349310	121349647	DNA/hAT-Charlie	2220	+	168	121349478	16047
chr11	121333431	121533431	harbor1	chr11	121388563	121388718	DNA/hAT-Charlie	765	+	78	121388641	55210
chr11	121333431	121533431	harbor1	chr11	121428890	121429053	DNA/hAT-Charlie	408	+	82	121428972	95541
chr11	24282835	24482835	harbor1	chr11	24302425	24302789	DNA/hAT-Charlie	1898	+	182	24302607	19772
chr11	24282835	24482835	harbor1	chr11	24381913	24382091	DNA/hAT-Charlie	739	+	89	24382002	99167
chr11	25136854	25336854	harbor1	chr11	25139254	25139326	DNA/hAT-Charlie	489	+	36	25139290	2436
chr11	25136854	25336854	harbor1	chr11	25139663	25139760	DNA/hAT-Charlie	489	+	48	25139711	2857
chr11	120166688	120366688	harbor1	chr11	120196283	120196443	DNA/hAT-Charlie	606	+	80	120196363	29675
chr11	120166688	120366688	harbor1	chr11	120214926	120215086	DNA/hAT-Charlie	761	+	80	120215006	48318
chr11	120166688	120366688	harbor1	chr11	120215339	120215383	DNA/hAT-Charlie	761	+	22	120215361	48673
chr11	59944807	60144807	harbor1	chr11	59946043	59946370	DNA/hAT-Charlie	2003	+	164	59946207	1400
chr11	59944807	60144807	harbor1	chr11	59949853	59950056	DNA/hAT-Charlie	624	+	102	59949955	5148
chr11	59944807	60144807	harbor1	chr11	59985407	59985531	DNA/hAT-Charlie	447	+	62	59985469	40662
chr11	59944807	60144807	harbor1	chr11	59987868	59987918	DNA/hAT-Charlie	447	+	25	59987893	43086
chr11	59944807	60144807	harbor1	chr11	60018278	60018473	DNA/hAT-Charlie	707	+	98	60018376	73569
chr11	59944807	60144807	harbor1	chr11	60023224	60023443	DNA/hAT-Charlie	660	+	110	60023334	78527
chr11	26893636	27093636	harbor1	chr11	26904286	26904448	DNA/hAT-Charlie	710	+	81	26904367	10731
chr11	26893636	27093636	harbor1	chr11	26914806	26914957	DNA/hAT-Charlie	410	+	76	26914882	21246
chr11	26893636	27093636	harbor1	chr11	26942290	26942367	DNA/hAT-Charlie	408	+	38	26942328	48692
chr11	26893636	27093636	harbor1	chr11	26949309	26949524	DNA/hAT-Charlie	733	+	108	26949417	55781
chr11	26893636	27093636	harbor1	chr11	26956480	26957188	DNA/hAT-Charlie	2354	+	354	26956834	63198
chr11	90309693	90509693	harbor1	chr11	90351929	90352262	DNA/hAT-Charlie	1837	+	166	90352095	42402
chr11	90309693	90509693	harbor1	chr11	90383245	90383506	DNA/hAT-Charlie	571	+	130	90383375	73682
chr11	90309693	90509693	harbor1	chr11	90383817	90383855	DNA/hAT-Charlie	571	+	19	90383836	74143
chr11	29062375	29262375	harbor1	chr11	29099751	29099924	DNA/hAT-Charlie	402	+	86	29099837	37462
chr11	29062375	29262375	harbor1	chr11	29116322	29116500	DNA/hAT-Charlie	798	+	89	29116411	54036
chr11	29062375	29262375	harbor1	chr11	29116513	29116835	DNA/hAT-Charlie	997	+	161	29116674	54299
chr11	29062375	29262375	harbor1	chr11	29121406	29121503	DNA/hAT-Charlie	491	+	48	29121454	59079
chr11	29062375	29262375	harbor1	chr11	29143910	29144109	DNA/hAT-Charlie	699	+	100	29144010	81635
chr11	118190620	118390620	harbor1	chr11	118237505	118237715	DNA/hAT-Charlie	1457	+	105	118237610	46990
chr11	118190620	118390620	harbor1	chr11	118245808	118245981	DNA/hAT-Charlie	854	+	86	118245894	55274
chr11	118190620	118390620	harbor1	chr11	118260383	118260554	DNA/hAT-Charlie	1064	+	86	118260469	69849
chr11	118190620	118390620	harbor1	chr11	118277122	118277301	DNA/hAT-Charlie	674	+	90	118277212	86592
chr11	75283222	75483222	harbor1	chr11	75286565	75286728	DNA/hAT-Charlie	692	+	82	75286647	3425
chr11	75283222	75483222	harbor1	chr11	75288961	75289164	DNA/hAT-Charlie	472	+	102	75289063	5841
chr11	75283222	75483222	harbor1	chr11	75304570	75304783	DNA/hAT-Charlie	1069	+	106	75304676	21454
chr11	75283222	75483222	harbor1	chr11	75369693	75369855	DNA/hAT-Charlie	637	+	81	75369774	86552
chr11	75283222	75483222	harbor1	chr11	75376671	75376710	DNA/hAT-Charlie	573	+	20	75376691	93469
chr11	75283222	75483222	harbor1	chr11	75376973	75377144	DNA/hAT-Charlie	888	+	86	75377059	93837
chr11	88388387	88588387	harbor1	chr11	88429068	88429238	DNA/hAT-Charlie	575	+	85	88429153	40766
chr11	41359916	41559916	harbor1	chr11	41365015	41365535	DNA/hAT-Charlie	3337	+	260	41365275	5359
chr11	41359916	41559916	harbor1	chr11	41395938	41396149	DNA/hAT-Charlie	1261	+	106	41396044	36128
chr11	41359916	41559916	harbor1	chr11	41435714	41435923	DNA/hAT-Charlie	437	+	104	41435818	75902
chr11	41359916	41559916	harbor1	chr11	41436211	41436253	DNA/hAT-Charlie	437	+	21	41436232	76316
chr11	2565977	2765977	harbor1	chr11	2612096	2612394	DNA/hAT-Charlie	1930	+	149	2612245	46268
chr11	38484530	38684530	harbor1	chr11	38554803	38554921	DNA/hAT-Charlie	471	+	59	38554862	70332
chr11	38484530	38684530	harbor1	chr11	38558655	38558839	DNA/hAT-Charlie	590	+	92	38558747	74217
chr11	42090385	42290385	harbor1	chr11	42109797	42109953	DNA/hAT-Charlie	431	+	78	42109875	19490
chr11	103502317	103702317	harbor1	chr11	103561863	103562143	DNA/hAT-Charlie	506	+	140	103562003	59686
chr11	131460042	131660042	harbor1	chr11	131505372	131505493	DNA/hAT-Charlie	553	+	60	131505432	45390
chr11	131460042	131660042	harbor1	chr11	131522828	131522982	DNA/hAT-Charlie	489	+	77	131522905	62863
chr11	39686893	39886893	harbor1	chr11	39780623	39780839	DNA/hAT-Charlie	1137	+	108	39780731	93838
chr11	121963765	122163765	harbor1	chr11	121991928	121992101	DNA/hAT-Charlie	532	+	86	121992014	28249
chr11	121963765	122163765	harbor1	chr11	122006565	122006736	DNA/hAT-Charlie	419	+	86	122006651	42886
chr11	69356778	69556778	harbor1	chr11	69372434	69372651	DNA/hAT-Charlie	827	+	108	69372542	15764
chr11	69356778	69556778	harbor1	chr11	69396143	69396360	DNA/hAT-Charlie	855	+	108	69396251	39473
chr11	69356778	69556778	harbor1	chr11	69417999	69418255	DNA/hAT-Charlie	1102	+	128	69418127	61349
chr11	69356778	69556778	harbor1	chr11	69441166	69441364	DNA/hAT-Charlie	714	+	99	69441265	84487
chr11	69356778	69556778	harbor1	chr11	69441349	69441488	DNA/hAT-Charlie	700	+	70	69441419	84641
chr11	69356778	69556778	harbor1	chr11	69455852	69456008	DNA/hAT-Charlie	669	+	78	69455930	99152
chr11	103477047	103677047	harbor1	chr11	103488738	103489082	DNA/hAT-Charlie	2046	+	172	103488910	11863
chr11	103477047	103677047	harbor1	chr11	103561863	103562143	DNA/hAT-Charlie	506	+	140	103562003	84956
chr11	66138353	66338353	harbor1	chr11	66195834	66196055	DNA/hAT-Charlie	990	+	110	66195944	57591
chr11	66138353	66338353	harbor1	chr11	66196240	66196614	DNA/hAT-Charlie	2623	+	187	66196427	58074
chr11	66138353	66338353	harbor1	chr11	66196898	66197139	DNA/hAT-Charlie	2623	+	120	66197018	58665
chr11	66138353	66338353	harbor1	chr11	66197363	66197511	DNA/hAT-Charlie	2027	+	74	66197437	59084
chr11	66138353	66338353	harbor1	chr11	66197822	66198022	DNA/hAT-Charlie	2027	+	100	66197922	59569
chr11	66138353	66338353	harbor1	chr11	66198793	66198971	DNA/hAT-Charlie	2027	+	89	66198882	60529
chr11	66138353	66338353	harbor1	chr11	66226356	66226576	DNA/hAT-Charlie	1285	+	110	66226466	88113
chr11	66138353	66338353	harbor1	chr11	66236032	66236230	DNA/hAT-Charlie	832	+	99	66236131	97778
chr11	6780138	6980138	harbor1	chr11	6835164	6835382	DNA/hAT-Charlie	773	+	109	6835273	55135
chr11	6780138	6980138	harbor1	chr11	6835489	6835575	DNA/hAT-Charlie	492	+	43	6835532	55394
chr11	6780138	6980138	harbor1	chr11	6839409	6839536	DNA/hAT-Charlie	398	+	64	6839473	59335
chr11	6780138	6980138	harbor1	chr11	6863861	6864078	DNA/hAT-Charlie	1422	+	108	6863969	83831
chr11	6780138	6980138	harbor1	chr11	6866323	6866497	DNA/hAT-Charlie	937	+	87	6866410	86272
chr11	123134655	123334655	harbor1	chr11	123138618	123138664	DNA/hAT-Charlie	1252	+	23	123138641	3986
chr11	123134655	123334655	harbor1	chr11	123138954	123139215	DNA/hAT-Charlie	1252	+	130	123139084	4429
chr11	123134655	123334655	harbor1	chr11	123144946	123145229	DNA/hAT-Charlie	1420	+	142	123145088	10433
chr11	123134655	123334655	harbor1	chr11	123154746	123154963	DNA/hAT-Charlie	701	+	108	123154854	20199
chr11	123134655	123334655	harbor1	chr11	123161751	123161919	DNA/hAT-Charlie	497	+	84	123161835	27180
chr11	123134655	123334655	harbor1	chr11	123163514	123163633	DNA/hAT-Charlie	641	+	60	123163574	28919
chr11	123134655	123334655	harbor1	chr11	123179906	123180031	DNA/hAT-Charlie	546	+	62	123179968	45313
chr11	123134655	123334655	harbor1	chr11	123211833	123212040	DNA/hAT-Charlie	393	+	104	123211937	77282
chr11	89538689	89738689	harbor1	chr11	89547475	89547632	DNA/hAT-Charlie	646	+	78	89547553	8864
chr11	131462723	131662723	harbor1	chr11	131505372	131505493	DNA/hAT-Charlie	553	+	60	131505432	42709
chr11	131462723	131662723	harbor1	chr11	131522828	131522982	DNA/hAT-Charlie	489	+	77	131522905	60182
chr11	118357495	118557495	harbor1	chr11	118374462	118374669	DNA/hAT-Charlie	1008	+	104	118374566	17071
chr11	118357495	118557495	harbor1	chr11	118386996	118387153	DNA/hAT-Charlie	622	+	78	118387074	29579
chr11	118357495	118557495	harbor1	chr11	118389155	118389319	DNA/hAT-Charlie	673	+	82	118389237	31742
chr11	118357495	118557495	harbor1	chr11	118414081	118414222	DNA/hAT-Charlie	598	+	70	118414151	56656
chr11	118357495	118557495	harbor1	chr11	118414344	118414408	DNA/hAT-Charlie	598	+	32	118414376	56881
chr11	15716278	15916278	harbor1	chr11	15729088	15729374	DNA/hAT-Charlie	578	+	143	15729231	12953
chr11	15716278	15916278	harbor1	chr11	15751332	15751417	DNA/hAT-Charlie	763	+	42	15751374	35096
chr11	15716278	15916278	harbor1	chr11	15751824	15751889	DNA/hAT-Charlie	763	+	32	15751856	35578
chr11	15716278	15916278	harbor1	chr11	15757966	15758103	DNA/hAT-Charlie	444	+	68	15758034	41756
chr11	15716278	15916278	harbor1	chr11	15765039	15765210	DNA/hAT-Charlie	827	+	86	15765125	48847
chr11	15716278	15916278	harbor1	chr11	15779662	15779809	DNA/hAT-Charlie	402	+	74	15779736	63458
chr11	85608148	85808148	harbor1	chr11	85630095	85630278	DNA/hAT-Charlie	415	+	92	85630187	22039
chr11	85608148	85808148	harbor1	chr11	85649319	85649506	DNA/hAT-Charlie	586	+	94	85649413	41265
chr11	85608148	85808148	harbor1	chr11	85657238	85657431	DNA/hAT-Charlie	839	+	96	85657334	49186
chr11	85608148	85808148	harbor1	chr11	85702077	85702191	DNA/hAT-Charlie	530	+	57	85702134	93986
chr11	85608148	85808148	harbor1	chr11	85702485	85702548	DNA/hAT-Charlie	530	+	32	85702517	94369
chr11	87272884	87472884	harbor1	chr11	87303082	87303424	DNA/hAT-Charlie	2279	+	171	87303253	30369
chr11	87272884	87472884	harbor1	chr11	87348400	87348685	DNA/hAT-Charlie	1434	+	142	87348542	75658
chr11	96961880	97161880	harbor1	chr11	96981133	96981245	DNA/hAT-Charlie	416	+	56	96981189	19309
chr11	96961880	97161880	harbor1	chr11	97018250	97018750	DNA/hAT-Charlie	849	+	250	97018500	56620
chr11	83108771	83308771	harbor1	chr11	83205749	83205887	DNA/hAT-Charlie	456	+	69	83205818	97047
chr11	13740596	13940596	harbor1	chr11	13781514	13781720	DNA/hAT-Charlie	720	+	103	13781617	41021
chr11	13740596	13940596	harbor1	chr11	13836384	13836546	DNA/hAT-Charlie	398	+	81	13836465	95869
chr11	63516977	63716977	harbor1	chr11	63543186	63543358	DNA/hAT-Charlie	967	+	86	63543272	26295
chr11	63516977	63716977	harbor1	chr11	63556929	63557132	DNA/hAT-Charlie	875	+	102	63557031	40054
chr11	63516977	63716977	harbor1	chr11	63557564	63557788	DNA/hAT-Charlie	925	+	112	63557676	40699
chr11	63516977	63716977	harbor1	chr11	63569634	63569915	DNA/hAT-Charlie	1153	+	140	63569774	52797
chr11	63516977	63716977	harbor1	chr11	63585381	63585588	DNA/hAT-Charlie	1149	+	104	63585485	68508
chr11	63516977	63716977	harbor1	chr11	63603116	63603158	DNA/hAT-Charlie	1536	+	21	63603137	86160
chr11	63516977	63716977	harbor1	chr11	63602512	63602810	DNA/hAT-Charlie	1536	+	149	63602661	85684
chr11	102882022	103082022	harbor1	chr11	102891846	102891974	DNA/hAT-Charlie	748	+	64	102891910	9888
chr11	102882022	103082022	harbor1	chr11	102893485	102893655	DNA/hAT-Charlie	819	+	85	102893570	11548
chr11	102882022	103082022	harbor1	chr11	102910089	102910224	DNA/hAT-Charlie	665	+	68	102910157	28135
chr11	102882022	103082022	harbor1	chr11	102935036	102935176	DNA/hAT-Charlie	617	+	70	102935106	53084
chr11	102882022	103082022	harbor1	chr11	102935479	102935589	DNA/hAT-Charlie	617	+	55	102935534	53512
chr11	29448325	29648325	harbor1	chr11	29462766	29462932	DNA/hAT-Charlie	503	+	83	29462849	14524
chr11	29448325	29648325	harbor1	chr11	29495619	29495793	DNA/hAT-Charlie	726	+	87	29495706	47381
chr11	29448325	29648325	harbor1	chr11	29537469	29537688	DNA/hAT-Charlie	1499	+	110	29537579	89254
chr11	29448325	29648325	harbor1	chr11	29546643	29547003	DNA/hAT-Charlie	1701	+	180	29546823	98498
chr11	83147528	83347528	harbor1	chr11	83205749	83205887	DNA/hAT-Charlie	456	+	69	83205818	58290
chr11	12367641	12567641	harbor1	chr11	12375632	12375781	DNA/hAT-Charlie	447	+	74	12375706	8065
chr11	12367641	12567641	harbor1	chr11	12437030	12437220	DNA/hAT-Charlie	524	+	95	12437125	69484
chr11	12367641	12567641	harbor1	chr11	12449632	12449865	DNA/hAT-Charlie	1206	+	116	12449748	82107
chr11	43119223	43319223	harbor1	chr11	43130234	43130465	DNA/hAT-Charlie	662	+	116	43130350	11127
chr11	43119223	43319223	harbor1	chr11	43198831	43198992	DNA/hAT-Charlie	441	+	80	43198911	79688
chr11	108574239	108774239	harbor1	chr11	108595616	108595771	DNA/hAT-Charlie	645	+	78	108595694	21455
chr11	108574239	108774239	harbor1	chr11	108605406	108605630	DNA/hAT-Charlie	1168	+	112	108605518	31279
chr11	108574239	108774239	harbor1	chr11	108607825	108607967	DNA/hAT-Charlie	465	+	71	108607896	33657
chr11	108574239	108774239	harbor1	chr11	108609105	108609353	DNA/hAT-Charlie	675	+	124	108609229	34990
chr11	108574239	108774239	harbor1	chr11	108626016	108626231	DNA/hAT-Charlie	935	+	108	108626124	51885
chr11	95438969	95638969	harbor1	chr11	95457861	95458056	DNA/hAT-Charlie	964	+	98	95457959	18990
chr11	95438969	95638969	harbor1	chr11	95485120	95485253	DNA/hAT-Charlie	713	+	66	95485186	46217
chr11	88374871	88574871	harbor1	chr11	88429068	88429238	DNA/hAT-Charlie	575	+	85	88429153	54282
chr11	55450892	55650892	harbor1	chr11	55513693	55513819	DNA/hAT-Charlie	455	+	63	55513756	62864
chr11	6530607	6730607	harbor1	chr11	6627844	6628377	DNA/hAT-Charlie	1430	+	266	6628110	97503
chr11	17145391	17345391	harbor1	chr11	17204164	17204302	DNA/hAT-Charlie	686	+	69	17204233	58842
chr11	108145695	108345695	harbor1	chr11	108169253	108169412	DNA/hAT-Charlie	700	+	80	108169333	23638
chr11	108145695	108345695	harbor1	chr11	108216332	108216582	DNA/hAT-Charlie	551	+	125	108216457	70762
chr11	108145695	108345695	harbor1	chr11	108221108	108221342	DNA/hAT-Charlie	1200	+	117	108221225	75530
chr11	68243792	68443792	harbor1	chr11	68274219	68274378	DNA/hAT-Charlie	556	+	80	68274299	30507
chr11	68243792	68443792	harbor1	chr11	68289710	68289991	DNA/hAT-Charlie	2126	+	140	68289850	46058
chr11	68243792	68443792	harbor1	chr11	68290297	68290551	DNA/hAT-Charlie	2126	+	127	68290424	46632
chr11	68243792	68443792	harbor1	chr11	68331022	68331123	DNA/hAT-Charlie	436	+	50	68331072	87280
chr11	49235848	49435848	harbor1	chr11	49255381	49255585	DNA/hAT-Charlie	1060	+	102	49255483	19635
chr11	85649151	85849151	harbor1	chr11	85649319	85649506	DNA/hAT-Charlie	586	+	94	85649413	262
chr11	85649151	85849151	harbor1	chr11	85657238	85657431	DNA/hAT-Charlie	839	+	96	85657334	8183
chr11	85649151	85849151	harbor1	chr11	85702077	85702191	DNA/hAT-Charlie	530	+	57	85702134	52983
chr11	85649151	85849151	harbor1	chr11	85702485	85702548	DNA/hAT-Charlie	530	+	32	85702517	53366
chr11	85649151	85849151	harbor1	chr11	85742501	85742787	DNA/hAT-Charlie	875	+	143	85742644	93493
chr11	56611793	56811793	harbor1	chr11	56648852	56649554	DNA/hAT-Charlie	1355	+	351	56649203	37410
chr11	9554511	9754511	harbor1	chr11	9614823	9614998	DNA/hAT-Charlie	439	+	88	9614911	60400
chr11	9554511	9754511	harbor1	chr11	9641261	9641572	DNA/hAT-Charlie	855	+	156	9641417	86906
chr11	21832342	22032342	harbor1	chr11	21930357	21932990	DNA/hAT-Charlie	18604	+	1316	21931673	99331
chr11	120980118	121180118	harbor1	chr11	121005646	121005844	DNA/hAT-Charlie	395	+	99	121005745	25627
chr11	120980118	121180118	harbor1	chr11	121017500	121017642	DNA/hAT-Charlie	449	+	71	121017571	37453
chr11	120980118	121180118	harbor1	chr11	121017627	121017768	DNA/hAT-Charlie	523	+	70	121017697	37579
chr11	120980118	121180118	harbor1	chr11	121020357	121020570	DNA/hAT-Charlie	1284	+	106	121020463	40345
chr11	120980118	121180118	harbor1	chr11	121028232	121028360	DNA/hAT-Charlie	405	+	64	121028296	48178
chr11	120980118	121180118	harbor1	chr11	121059397	121059719	DNA/hAT-Charlie	1345	+	161	121059558	79440
chr11	62900720	63100720	harbor1	chr11	62904652	62904693	DNA/hAT-Charlie	936	+	20	62904672	3952
chr11	62900720	63100720	harbor1	chr11	62904991	62905188	DNA/hAT-Charlie	936	+	98	62905089	4369
chr11	62900720	63100720	harbor1	chr11	62905186	62905297	DNA/hAT-Charlie	530	+	56	62905242	4522
chr11	62900720	63100720	harbor1	chr11	62929525	62929695	DNA/hAT-Charlie	605	+	85	62929610	28890
chr11	62900720	63100720	harbor1	chr11	62986959	62987175	DNA/hAT-Charlie	1223	+	108	62987067	86347
chr11	62900720	63100720	harbor1	chr11	62990905	62991232	DNA/hAT-Charlie	1323	+	164	62991069	90349
chr11	62900720	63100720	harbor1	chr11	62994833	62995000	DNA/hAT-Charlie	482	+	84	62994917	94197
chr11	89964595	90164595	harbor1	chr11	90052959	90053086	DNA/hAT-Charlie	425	+	64	90053023	88428
chr11	133897656	134097656	harbor1	chr11	133993601	133993757	DNA/hAT-Charlie	699	+	78	133993679	96023
chr11	133897656	134097656	harbor1	chr11	133994052	133994087	DNA/hAT-Charlie	699	+	18	133994070	96414
chr11	76053459	76253459	harbor1	chr11	76059457	76059656	DNA/hAT-Charlie	897	+	100	76059557	6098
chr11	76053459	76253459	harbor1	chr11	76072868	76074253	DNA/hAT-Charlie	6676	+	692	76073560	20101
chr11	76053459	76253459	harbor1	chr11	76128092	76128426	DNA/hAT-Charlie	2288	+	167	76128259	74800
chr11	76053459	76253459	harbor1	chr11	76134850	76135178	DNA/hAT-Charlie	2026	+	164	76135014	81555
chr11	76053459	76253459	harbor1	chr11	76150937	76151224	DNA/hAT-Charlie	1199	+	144	76151081	97622
chr11	20341874	20541874	harbor1	chr11	20370598	20370657	DNA/hAT-Charlie	1364	+	30	20370628	28754
chr11	20341874	20541874	harbor1	chr11	20370949	20371196	DNA/hAT-Charlie	1364	+	124	20371073	29199
chr11	20341874	20541874	harbor1	chr11	20420390	20420724	DNA/hAT-Charlie	2011	+	167	20420557	78683
chr11	20341874	20541874	harbor1	chr11	20423374	20423569	DNA/hAT-Charlie	806	+	98	20423472	81598
chr11	106664915	106864915	harbor1	chr11	106682332	106682490	DNA/hAT-Charlie	469	+	79	106682411	17496
chr11	106664915	106864915	harbor1	chr11	106714667	106714868	DNA/hAT-Charlie	812	+	100	106714767	49852
chr11	111150438	111350438	harbor1	chr11	111168739	111168962	DNA/hAT-Charlie	571	+	112	111168851	18413
chr11	111150438	111350438	harbor1	chr11	111190135	111190219	DNA/hAT-Charlie	406	+	42	111190177	39739
chr11	111150438	111350438	harbor1	chr11	111195243	111195462	DNA/hAT-Charlie	531	+	110	111195353	44915
chr11	111150438	111350438	harbor1	chr11	111209660	111209851	DNA/hAT-Charlie	645	+	96	111209756	59318
chr11	105240540	105440540	harbor1	chr11	105245500	105245617	DNA/hAT-Charlie	505	+	58	105245558	5018
chr11	56697911	56897911	harbor1	chr11	56738902	56739330	DNA/hAT-Charlie	574	+	214	56739116	41205
chr11	56697911	56897911	harbor1	chr11	56765658	56765931	DNA/hAT-Charlie	810	+	136	56765794	67883
chr11	56697911	56897911	harbor1	chr11	56766124	56766284	DNA/hAT-Charlie	535	+	80	56766204	68293
chr11	56697911	56897911	harbor1	chr11	56766585	56766782	DNA/hAT-Charlie	535	+	98	56766683	68772
chr11	56697911	56897911	harbor1	chr11	56767796	56767953	DNA/hAT-Charlie	672	+	78	56767874	69963
chr11	56697911	56897911	harbor1	chr11	56780782	56780917	DNA/hAT-Charlie	1170	+	68	56780850	82939
chr11	56697911	56897911	harbor1	chr11	56781275	56781793	DNA/hAT-Charlie	1170	+	259	56781534	83623
chr11	80011438	80211438	harbor1	chr11	80051731	80051903	DNA/hAT-Charlie	903	+	86	80051817	40379
chr11	80011438	80211438	harbor1	chr11	80056185	80056362	DNA/hAT-Charlie	906	+	88	80056273	44835
chr11	80011438	80211438	harbor1	chr11	80090404	80090600	DNA/hAT-Charlie	1147	+	98	80090502	79064
chr11	80011438	80211438	harbor1	chr11	80097075	80097204	DNA/hAT-Charlie	621	+	64	80097139	85701
chr11	74732599	74932599	harbor1	chr11	74782315	74782611	DNA/hAT-Charlie	1529	+	148	74782463	49864
chr11	93730450	93930450	harbor1	chr11	93764351	93764478	DNA/hAT-Charlie	456	+	64	93764415	33965
chr11	93730450	93930450	harbor1	chr11	93801420	93801638	DNA/hAT-Charlie	395	+	109	93801529	71079
chr11	9234763	9434763	harbor1	chr11	9302647	9302787	DNA/hAT-Charlie	484	+	70	9302717	67954
chr11	69096292	69296292	harbor1	chr11	69162244	69162494	DNA/hAT-Charlie	845	+	125	69162369	66077
chr11	69096292	69296292	harbor1	chr11	69162895	69162984	DNA/hAT-Charlie	743	+	44	69162939	66647
chr11	83020976	83220976	harbor1	chr11	83046424	83046490	DNA/hAT-Charlie	722	+	33	83046457	25481
chr11	83020976	83220976	harbor1	chr11	83046793	83046918	DNA/hAT-Charlie	722	+	62	83046855	25879
chr11	133039330	133239330	harbor1	chr11	133059298	133060006	DNA/hAT-Charlie	2850	+	354	133059652	20322
chr11	133039330	133239330	harbor1	chr11	133109941	133110155	DNA/hAT-Charlie	684	+	107	133110048	70718
chr11	94913229	95113229	harbor1	chr11	94920011	94920161	DNA/hAT-Charlie	701	+	75	94920086	6857
chr11	94913229	95113229	harbor1	chr11	94931589	94931747	DNA/hAT-Charlie	639	+	79	94931668	18439
chr11	94913229	95113229	harbor1	chr11	94939497	94939633	DNA/hAT-Charlie	500	+	68	94939565	26336
chr11	94913229	95113229	harbor1	chr11	94968097	94968293	DNA/hAT-Charlie	850	+	98	94968195	54966
chr11	23719433	23919433	harbor1	chr11	23758451	23758661	DNA/hAT-Charlie	822	+	105	23758556	39123
chr11	23719433	23919433	harbor1	chr11	23794031	23794225	DNA/hAT-Charlie	928	+	97	23794128	74695
chr11	13485066	13685066	harbor1	chr11	13487494	13487725	DNA/hAT-Charlie	1348	+	116	13487610	2544
chr11	46701651	46901651	harbor1	chr11	46782863	46783017	DNA/hAT-Charlie	425	+	77	46782940	81289
chr11	43029780	43229780	harbor1	chr11	43035641	43035809	DNA/hAT-Charlie	579	+	84	43035725	5945
chr11	43029780	43229780	harbor1	chr11	43102794	43102868	DNA/hAT-Charlie	837	+	37	43102831	73051
chr11	43029780	43229780	harbor1	chr11	43103130	43103253	DNA/hAT-Charlie	837	+	62	43103192	73412
chr11	134412616	134612616	harbor1	chr11	134468893	134469112	DNA/hAT-Charlie	1037	+	110	134469003	56387
chr11	134412616	134612616	harbor1	chr11	134512312	134512470	DNA/hAT-Charlie	653	+	79	134512391	99775
chr11	123804540	124004540	harbor1	chr11	123902788	123902953	DNA/hAT-Charlie	627	+	82	123902870	98330
chr11	123804540	124004540	harbor1	chr11	123903314	123903440	DNA/hAT-Charlie	392	+	63	123903377	98837
chr11	6773256	6973256	harbor1	chr11	6835164	6835382	DNA/hAT-Charlie	773	+	109	6835273	62017
chr11	6773256	6973256	harbor1	chr11	6835489	6835575	DNA/hAT-Charlie	492	+	43	6835532	62276
chr11	6773256	6973256	harbor1	chr11	6839409	6839536	DNA/hAT-Charlie	398	+	64	6839473	66217
chr11	6773256	6973256	harbor1	chr11	6863861	6864078	DNA/hAT-Charlie	1422	+	108	6863969	90713
chr11	6773256	6973256	harbor1	chr11	6866323	6866497	DNA/hAT-Charlie	937	+	87	6866410	93154
chr11	125974239	126174239	harbor1	chr11	125975576	125975776	DNA/hAT-Charlie	940	+	100	125975676	1437
chr11	125974239	126174239	harbor1	chr11	125980417	125980723	DNA/hAT-Charlie	738	+	153	125980570	6331
chr11	125974239	126174239	harbor1	chr11	126054600	126054746	DNA/hAT-Charlie	580	+	73	126054673	80434
chr11	84683124	84883124	harbor1	chr11	84756700	84756876	DNA/hAT-Charlie	1218	+	88	84756788	73664
chr11	84683124	84883124	harbor1	chr11	84757163	84757467	DNA/hAT-Charlie	1059	+	152	84757315	74191
chr11	113337808	113537808	harbor1	chr11	113402198	113402374	DNA/hAT-Charlie	611	+	88	113402286	64478
chr11	113337808	113537808	harbor1	chr11	113403588	113403746	DNA/hAT-Charlie	585	+	79	113403667	65859
chr11	113337808	113537808	harbor1	chr11	113360864	113360963	DNA/hAT-Charlie	386	+	50	113360914	23106
chr11	113337808	113537808	harbor1	chr11	113426359	113426519	DNA/hAT-Charlie	517	+	80	113426439	88631
chr11	133001290	133201290	harbor1	chr11	133012055	133012280	DNA/hAT-Charlie	1014	+	112	133012167	10877
chr11	133001290	133201290	harbor1	chr11	133059298	133060006	DNA/hAT-Charlie	2850	+	354	133059652	58362
chr11	19918299	20118299	harbor1	chr11	19986942	19987225	DNA/hAT-Charlie	780	+	142	19987084	68785
chr11	49707120	49907120	harbor1	chr11	49718476	49718809	DNA/hAT-Charlie	472	+	166	49718642	11522
chr11	49707120	49907120	harbor1	chr11	49805113	49805276	DNA/hAT-Charlie	733	+	82	49805195	98075
chr11	89153096	89353096	harbor1	chr11	89222253	89222368	DNA/hAT-Charlie	467	+	58	89222311	69215
chr11	89153096	89353096	harbor1	chr11	89224469	89224782	DNA/hAT-Charlie	881	+	156	89224625	71529
chr11	89153096	89353096	harbor1	chr11	89224794	89225094	DNA/hAT-Charlie	434	+	150	89224944	71848
chr11	89153096	89353096	harbor1	chr11	89225504	89225767	DNA/hAT-Charlie	527	+	132	89225636	72540
chr11	89153096	89353096	harbor1	chr11	89236018	89236198	DNA/hAT-Charlie	962	+	90	89236108	83012
chr11	77855610	78055610	harbor1	chr11	77865727	77865908	DNA/hAT-Charlie	917	+	90	77865817	10207
chr11	77855610	78055610	harbor1	chr11	77875338	77875651	DNA/hAT-Charlie	544	+	156	77875494	19884
chr11	95721650	95921650	harbor1	chr11	95748748	95748933	DNA/hAT-Charlie	510	+	92	95748840	27190
chr11	95721650	95921650	harbor1	chr11	95767880	95768054	DNA/hAT-Charlie	852	+	87	95767967	46317
chr11	95721650	95921650	harbor1	chr11	95793981	95794143	DNA/hAT-Charlie	750	+	81	95794062	72412
chr11	95027815	95227815	harbor1	chr11	95073585	95073794	DNA/hAT-Charlie	867	+	104	95073689	45874
chr11	95027815	95227815	harbor1	chr11	95081128	95081292	DNA/hAT-Charlie	568	+	82	95081210	53395
chr11	95027815	95227815	harbor1	chr11	95088498	95088653	DNA/hAT-Charlie	566	+	78	95088576	60761
chr11	40027430	40227430	harbor1	chr11	40060635	40060809	DNA/hAT-Charlie	417	+	87	40060722	33292
chr11	40027430	40227430	harbor1	chr11	40093111	40093286	DNA/hAT-Charlie	471	+	88	40093199	65769
chr11	17240056	17440056	harbor1	chr11	17265085	17265231	DNA/hAT-Charlie	489	+	73	17265158	25102
chr11	118939678	119139678	harbor1	chr11	118954159	118954236	DNA/hAT-Charlie	573	+	38	118954197	14519
chr11	118939678	119139678	harbor1	chr11	118954530	118954637	DNA/hAT-Charlie	573	+	54	118954584	14906
chr11	32256513	32456513	harbor1	chr11	32256879	32257030	DNA/hAT-Charlie	471	+	76	32256955	442
chr11	129836097	130036097	harbor1	chr11	129875996	129876427	DNA/hAT-Charlie	1859	+	216	129876212	40115
chr11	74867983	75067983	harbor1	chr11	74923795	74923839	DNA/hAT-Charlie	1145	+	22	74923817	55834
chr11	74867983	75067983	harbor1	chr11	74924142	74924193	DNA/hAT-Charlie	1145	+	26	74924168	56185
chr11	74867983	75067983	harbor1	chr11	74924492	74924551	DNA/hAT-Charlie	1145	+	30	74924522	56539
chr11	74867983	75067983	harbor1	chr11	74924840	74925027	DNA/hAT-Charlie	1145	+	94	74924934	56951
chr11	29143489	29343489	harbor1	chr11	29143910	29144109	DNA/hAT-Charlie	699	+	100	29144010	521
chr11	29143489	29343489	harbor1	chr11	29162452	29162662	DNA/hAT-Charlie	664	+	105	29162557	19068
chr11	29143489	29343489	harbor1	chr11	29215528	29215680	DNA/hAT-Charlie	449	+	76	29215604	72115
chr11	12286716	12486716	harbor1	chr11	12303319	12303499	DNA/hAT-Charlie	1060	+	90	12303409	16693
chr11	12286716	12486716	harbor1	chr11	12303478	12303606	DNA/hAT-Charlie	511	+	64	12303542	16826
chr11	12286716	12486716	harbor1	chr11	12304054	12304195	DNA/hAT-Charlie	553	+	70	12304124	17408
chr11	12286716	12486716	harbor1	chr11	12349082	12349291	DNA/hAT-Charlie	602	+	104	12349186	62470
chr11	12286716	12486716	harbor1	chr11	12351312	12351531	DNA/hAT-Charlie	1128	+	110	12351422	64706
chr11	12286716	12486716	harbor1	chr11	12375632	12375781	DNA/hAT-Charlie	447	+	74	12375706	88990
chr11	27679324	27879324	harbor1	chr11	27712254	27712519	DNA/hAT-Charlie	1258	+	132	27712386	33062
chr11	27679324	27879324	harbor1	chr11	27712815	27712891	DNA/hAT-Charlie	1258	+	38	27712853	33529
chr11	27679324	27879324	harbor1	chr11	27745396	27745907	DNA/hAT-Charlie	2199	+	256	27745652	66328
chr11	27679324	27879324	harbor1	chr11	27750085	27750277	DNA/hAT-Charlie	936	+	96	27750181	70857
chr11	9032564	9232564	harbor1	chr11	9039562	9040040	DNA/hAT-Charlie	482	+	239	9039801	7237
chr11	9032564	9232564	harbor1	chr11	9040946	9041133	DNA/hAT-Charlie	598	+	94	9041040	8476
chr11	9032564	9232564	harbor1	chr11	9090369	9090594	DNA/hAT-Charlie	1405	+	112	9090481	57917
chr11	9032564	9232564	harbor1	chr11	9119199	9119274	DNA/hAT-Charlie	984	+	38	9119237	86673
chr11	9032564	9232564	harbor1	chr11	9119580	9119701	DNA/hAT-Charlie	984	+	60	9119640	87076
chr11	38238782	38438782	harbor1	chr11	38288974	38289182	DNA/hAT-Charlie	1356	+	104	38289078	50296
chr11	38238782	38438782	harbor1	chr11	38292227	38292525	DNA/hAT-Charlie	600	+	149	38292376	53594
chr11	38238782	38438782	harbor1	chr11	38329343	38329546	DNA/hAT-Charlie	851	+	102	38329445	90663
chr11	100456914	100656914	harbor1	chr11	100537211	100537492	DNA/hAT-Charlie	563	+	140	100537351	80437
chr11	31962740	32162740	harbor1	chr11	32005132	32005285	DNA/hAT-Charlie	433	+	76	32005208	42468
chr11	31962740	32162740	harbor1	chr11	32035769	32036009	DNA/hAT-Charlie	702	+	120	32035889	73149
chr11	31962740	32162740	harbor1	chr11	32047796	32047980	DNA/hAT-Charlie	1066	+	92	32047888	85148
chr11	31962740	32162740	harbor1	chr11	32050396	32050616	DNA/hAT-Charlie	937	+	110	32050506	87766
chr11	9018191	9218191	harbor1	chr11	9039562	9040040	DNA/hAT-Charlie	482	+	239	9039801	21610
chr11	9018191	9218191	harbor1	chr11	9040946	9041133	DNA/hAT-Charlie	598	+	94	9041040	22849
chr11	9018191	9218191	harbor1	chr11	9090369	9090594	DNA/hAT-Charlie	1405	+	112	9090481	72290
chr11	14582869	14782869	harbor1	chr11	14627307	14627491	DNA/hAT-Charlie	414	+	92	14627399	44530
chr11	14582869	14782869	harbor1	chr11	14627934	14628166	DNA/hAT-Charlie	1530	+	116	14628050	45181
chr11	14582869	14782869	harbor1	chr11	14634161	14634259	DNA/hAT-Charlie	605	+	49	14634210	51341
chr11	82087619	82287619	harbor1	chr11	82110793	82110947	DNA/hAT-Charlie	474	+	77	82110870	23251
chr11	82087619	82287619	harbor1	chr11	82172234	82172410	DNA/hAT-Charlie	763	+	88	82172322	84703
chr11	2501603	2701603	harbor1	chr11	2537149	2537347	DNA/hAT-Charlie	594	+	99	2537248	35645
chr11	2501603	2701603	harbor1	chr11	2556405	2556627	DNA/hAT-Charlie	865	+	111	2556516	54913
chr11	100014660	100214660	harbor1	chr11	100034605	100034784	DNA/hAT-Charlie	670	+	90	100034695	20035
chr11	100014660	100214660	harbor1	chr11	100061725	100061938	DNA/hAT-Charlie	664	+	106	100061831	47171
chr11	100014660	100214660	harbor1	chr11	100075047	100075158	DNA/hAT-Charlie	388	+	56	100075103	60443
chr11	100014660	100214660	harbor1	chr11	100113112	100113313	DNA/hAT-Charlie	571	+	100	100113212	98552
chr11	134412905	134612905	harbor1	chr11	134468893	134469112	DNA/hAT-Charlie	1037	+	110	134469003	56098
chr11	134412905	134612905	harbor1	chr11	134512312	134512470	DNA/hAT-Charlie	653	+	79	134512391	99486
chr11	62917026	63117026	harbor1	chr11	62929525	62929695	DNA/hAT-Charlie	605	+	85	62929610	12584
chr11	62917026	63117026	harbor1	chr11	62986959	62987175	DNA/hAT-Charlie	1223	+	108	62987067	70041
chr11	62917026	63117026	harbor1	chr11	62990905	62991232	DNA/hAT-Charlie	1323	+	164	62991069	74043
chr11	62917026	63117026	harbor1	chr11	62994833	62995000	DNA/hAT-Charlie	482	+	84	62994917	77891
chr11	47771432	47971432	harbor1	chr11	47826485	47826570	DNA/hAT-Charlie	1176	+	42	47826527	55095
chr11	47771432	47971432	harbor1	chr11	47826863	47826998	DNA/hAT-Charlie	1176	+	68	47826931	55499
chr11	47771432	47971432	harbor1	chr11	47833482	47833639	DNA/hAT-Charlie	723	+	78	47833560	62128
chr11	47771432	47971432	harbor1	chr11	47834129	47834237	DNA/hAT-Charlie	595	+	54	47834183	62751
chr11	47771432	47971432	harbor1	chr11	47843542	47843766	DNA/hAT-Charlie	839	+	112	47843654	72222
chr11	47771432	47971432	harbor1	chr11	47854273	47854514	DNA/hAT-Charlie	719	+	120	47854393	82961
chr11	73337356	73537356	harbor1	chr11	73397381	73397590	DNA/hAT-Charlie	1303	+	104	73397485	60129
chr11	73337356	73537356	harbor1	chr11	73414216	73414375	DNA/hAT-Charlie	680	+	80	73414296	76940
chr11	73337356	73537356	harbor1	chr11	73419312	73419523	DNA/hAT-Charlie	1297	+	106	73419418	82062
chr11	103797045	103997045	harbor1	chr11	103861349	103861376	DNA/hAT-Charlie	660	+	14	103861363	64318
chr11	103797045	103997045	harbor1	chr11	103861739	103861901	DNA/hAT-Charlie	660	+	81	103861820	64775
chr11	103797045	103997045	harbor1	chr11	103885441	103885608	DNA/hAT-Charlie	426	+	84	103885525	88480
chr11	103797045	103997045	harbor1	chr11	103893292	103893458	DNA/hAT-Charlie	708	+	83	103893375	96330
chr11	103797045	103997045	harbor1	chr11	103894111	103894260	DNA/hAT-Charlie	571	+	74	103894185	97140
chr11	103797045	103997045	harbor1	chr11	103896791	103897007	DNA/hAT-Charlie	1224	+	108	103896899	99854
chr11	109724655	109924655	harbor1	chr11	109725074	109725538	DNA/hAT-Charlie	1408	+	232	109725306	651
chr11	109724655	109924655	harbor1	chr11	109731391	109731579	DNA/hAT-Charlie	676	+	94	109731485	6830
chr11	109724655	109924655	harbor1	chr11	109753176	109753344	DNA/hAT-Charlie	482	+	84	109753260	28605
chr11	109724655	109924655	harbor1	chr11	109798294	109798467	DNA/hAT-Charlie	745	+	86	109798380	73725
chr11	109724655	109924655	harbor1	chr11	109815386	109815547	DNA/hAT-Charlie	602	+	80	109815466	90811
chr11	96747160	96947160	harbor1	chr11	96747761	96747979	DNA/hAT-Charlie	1431	+	109	96747870	710
chr11	102681897	102881897	harbor1	chr11	102755939	102756207	DNA/hAT-Charlie	925	+	134	102756073	74176
chr11	102681897	102881897	harbor1	chr11	102756551	102756580	DNA/hAT-Charlie	925	+	14	102756565	74668
chr11	102681897	102881897	harbor1	chr11	102762645	102762922	DNA/hAT-Charlie	711	+	138	102762783	80886
chr11	9135891	9335891	harbor1	chr11	9200417	9200669	DNA/hAT-Charlie	870	+	126	9200543	64652
chr11	69254265	69454265	harbor1	chr11	69258634	69258737	DNA/hAT-Charlie	572	+	52	69258686	4421
chr11	69254265	69454265	harbor1	chr11	69266874	69267351	DNA/hAT-Charlie	3433	+	238	69267112	12847
chr11	123475973	123675973	harbor1	chr11	123512803	123512942	DNA/hAT-Charlie	597	+	70	123512873	36900
chr11	123475973	123675973	harbor1	chr11	123532625	123532931	DNA/hAT-Charlie	1022	+	153	123532778	56805
chr11	123475973	123675973	harbor1	chr11	123543780	123543974	DNA/hAT-Charlie	893	+	97	123543877	67904
chr11	123475973	123675973	harbor1	chr11	123559090	123559219	DNA/hAT-Charlie	391	+	64	123559154	83181
chr11	34577149	34777149	harbor1	chr11	34582668	34582896	DNA/hAT-Charlie	834	+	114	34582782	5633
chr11	34577149	34777149	harbor1	chr11	34601852	34601997	DNA/hAT-Charlie	568	+	72	34601924	24775
chr11	34577149	34777149	harbor1	chr11	34627688	34627993	DNA/hAT-Charlie	1098	+	152	34627840	50691
chr11	34577149	34777149	harbor1	chr11	34628279	34628466	DNA/hAT-Charlie	577	+	94	34628373	51224
chr11	34577149	34777149	harbor1	chr11	34638607	34638733	DNA/hAT-Charlie	626	+	63	34638670	61521
chr11	34577149	34777149	harbor1	chr11	34644765	34644916	DNA/hAT-Charlie	785	+	76	34644841	67692
chr11	34577149	34777149	harbor1	chr11	34654652	34654774	DNA/hAT-Charlie	447	+	61	34654713	77564
chr11	34577149	34777149	harbor1	chr11	34664513	34664679	DNA/hAT-Charlie	645	+	83	34664596	87447
chr11	125208254	125408254	harbor1	chr11	125228138	125228350	DNA/hAT-Charlie	917	+	106	125228244	19990
chr11	125208254	125408254	harbor1	chr11	125282722	125282870	DNA/hAT-Charlie	793	+	74	125282796	74542
chr11	125208254	125408254	harbor1	chr11	125283198	125283243	DNA/hAT-Charlie	793	+	22	125283220	74966
chr11	125208254	125408254	harbor1	chr11	125288241	125288410	DNA/hAT-Charlie	696	+	84	125288325	80071
chr11	125208254	125408254	harbor1	chr11	125288725	125288893	DNA/hAT-Charlie	662	+	84	125288809	80555
chr11	29635974	29835974	harbor1	chr11	29683689	29684150	DNA/hAT-Charlie	1319	+	230	29683919	47945
chr11	29635974	29835974	harbor1	chr11	29688993	29689199	DNA/hAT-Charlie	420	+	103	29689096	53122
chr11	29635974	29835974	harbor1	chr11	29692245	29692594	DNA/hAT-Charlie	1924	+	174	29692419	56445
chr11	67336900	67536900	harbor1	chr11	67429748	67429812	DNA/hAT-Charlie	1208	+	32	67429780	92880
chr11	67336900	67536900	harbor1	chr11	67430733	67430895	DNA/hAT-Charlie	1208	+	81	67430814	93914
chr11	24031109	24231109	harbor1	chr11	24035214	24035291	DNA/hAT-Charlie	430	+	38	24035252	4143
chr11	113746120	113946120	harbor1	chr11	113745957	113746164	DNA/hAT-Charlie	1042	+	104	113746061	59
chr11	113746120	113946120	harbor1	chr11	113749273	113749401	DNA/hAT-Charlie	581	+	64	113749337	3217
chr11	113746120	113946120	harbor1	chr11	113749714	113750299	DNA/hAT-Charlie	4064	+	292	113750006	3886
chr11	113746120	113946120	harbor1	chr11	113750603	113751027	DNA/hAT-Charlie	4064	+	212	113750815	4695
chr11	113746120	113946120	harbor1	chr11	113751346	113751593	DNA/hAT-Charlie	2448	+	124	113751470	5350
chr11	113746120	113946120	harbor1	chr11	113751888	113752261	DNA/hAT-Charlie	2448	+	186	113752074	5954
chr11	113746120	113946120	harbor1	chr11	113764952	113765177	DNA/hAT-Charlie	1033	+	112	113765064	18944
chr11	113746120	113946120	harbor1	chr11	113792007	113792184	DNA/hAT-Charlie	429	+	88	113792095	45975
chr11	113746120	113946120	harbor1	chr11	113804274	113804450	DNA/hAT-Charlie	435	+	88	113804362	58242
chr11	11088926	11288926	harbor1	chr11	11089053	11089133	DNA/hAT-Charlie	850	+	40	11089093	167
chr11	11088926	11288926	harbor1	chr11	11089486	11089606	DNA/hAT-Charlie	850	+	60	11089546	620
chr11	11088926	11288926	harbor1	chr11	11140149	11140269	DNA/hAT-Charlie	680	+	60	11140209	51283
chr11	11088926	11288926	harbor1	chr11	11140640	11140731	DNA/hAT-Charlie	680	+	46	11140686	51760
chr11	128612171	128812171	harbor1	chr11	128711003	128711229	DNA/hAT-Charlie	624	+	113	128711116	98945
chr11	97255179	97455179	harbor1	chr11	97348410	97348612	DNA/hAT-Charlie	965	+	101	97348511	93332
chr11	6450917	6650917	harbor1	chr11	6494034	6494548	DNA/hAT-Charlie	3813	+	257	6494291	43374
chr11	109175385	109375385	harbor1	chr11	109177258	109177445	DNA/hAT-Charlie	587	+	94	109177352	1967
chr11	10446664	10646664	harbor1	chr11	10446184	10446906	DNA/hAT-Charlie	2330	+	361	10446545	119
chr11	10446664	10646664	harbor1	chr11	10447211	10447647	DNA/hAT-Charlie	2330	+	218	10447429	765
chr11	10446664	10646664	harbor1	chr11	10448279	10448615	DNA/hAT-Charlie	2105	+	168	10448447	1783
chr11	10446664	10646664	harbor1	chr11	10448669	10449447	DNA/hAT-Charlie	2105	+	389	10449058	2394
chr11	10446664	10646664	harbor1	chr11	10454392	10454637	DNA/hAT-Charlie	621	+	122	10454514	7850
chr11	10446664	10646664	harbor1	chr11	10511147	10511487	DNA/hAT-Charlie	2310	+	170	10511317	64653
chr11	10446664	10646664	harbor1	chr11	10523147	10523248	DNA/hAT-Charlie	416	+	50	10523197	76533
chr11	80368797	80568797	harbor1	chr11	80449734	80449807	DNA/hAT-Charlie	387	+	36	80449770	80973
chr11	20604955	20804955	harbor1	chr11	20607992	20608114	DNA/hAT-Charlie	392	+	61	20608053	3098
chr11	20604955	20804955	harbor1	chr11	20610755	20610919	DNA/hAT-Charlie	929	+	82	20610837	5882
chr11	20604955	20804955	harbor1	chr11	20612963	20613075	DNA/hAT-Charlie	388	+	56	20613019	8064
chr11	20604955	20804955	harbor1	chr11	20621882	20622305	DNA/hAT-Charlie	870	+	212	20622094	17139
chr11	20604955	20804955	harbor1	chr11	20653227	20653381	DNA/hAT-Charlie	458	+	77	20653304	48349
chr11	30235927	30435927	harbor1	chr11	30239220	30239423	DNA/hAT-Charlie	885	+	102	30239322	3395
chr11	30235927	30435927	harbor1	chr11	30307667	30307855	DNA/hAT-Charlie	872	+	94	30307761	71834
chr11	30235927	30435927	harbor1	chr11	30317759	30317847	DNA/hAT-Charlie	454	+	44	30317803	81876
chr11	30235927	30435927	harbor1	chr11	30317880	30318034	DNA/hAT-Charlie	771	+	77	30317957	82030
chr11	30235927	30435927	harbor1	chr11	30319695	30320011	DNA/hAT-Charlie	1408	+	158	30319853	83926
chr11	83901266	84101266	harbor1	chr11	83936441	83936586	DNA/hAT-Charlie	401	+	72	83936513	35247
chr11	83901266	84101266	harbor1	chr11	83953254	83953577	DNA/hAT-Charlie	1766	+	162	83953416	52150
chr11	83901266	84101266	harbor1	chr11	83973027	83973218	DNA/hAT-Charlie	435	+	96	83973123	71857
chr11	83901266	84101266	harbor1	chr11	83974432	83974653	DNA/hAT-Charlie	619	+	110	83974542	73276
chr11	132239446	132439446	harbor1	chr11	132293603	132293952	DNA/hAT-Charlie	1327	+	174	132293777	54331
chr11	4927148	5127148	harbor1	chr11	4983780	4983940	DNA/hAT-Charlie	758	+	80	4983860	56712
chr11	5384615	5584615	harbor1	chr11	5427830	5428211	DNA/hAT-Charlie	743	+	190	5428020	43405
chr11	5384615	5584615	harbor1	chr11	5434047	5434208	DNA/hAT-Charlie	762	+	80	5434127	49512
chr11	7813040	8013040	harbor1	chr11	7911322	7911483	DNA/hAT-Charlie	705	+	80	7911402	98362
chr11	127350412	127550412	harbor1	chr11	127425160	127425377	DNA/hAT-Charlie	1058	+	108	127425268	74856
chr11	9538801	9738801	harbor1	chr11	9614823	9614998	DNA/hAT-Charlie	439	+	88	9614911	76110
chr11	15249896	15449896	harbor1	chr11	15279386	15279538	DNA/hAT-Charlie	418	+	76	15279462	29566
chr11	15249896	15449896	harbor1	chr11	15311848	15312043	DNA/hAT-Charlie	1111	+	98	15311946	62050
chr11	15249896	15449896	harbor1	chr11	15344512	15344713	DNA/hAT-Charlie	549	+	100	15344612	94716
chr11	26823811	27023811	harbor1	chr11	26904286	26904448	DNA/hAT-Charlie	710	+	81	26904367	80556
chr11	26823811	27023811	harbor1	chr11	26914806	26914957	DNA/hAT-Charlie	410	+	76	26914882	91071
chr11	18238699	18438699	harbor1	chr11	18250365	18250497	DNA/hAT-Charlie	500	+	66	18250431	11732
chr11	18238699	18438699	harbor1	chr11	18250495	18251021	DNA/hAT-Charlie	2296	+	263	18250758	12059
chr11	18238699	18438699	harbor1	chr11	18273592	18273705	DNA/hAT-Charlie	705	+	56	18273648	34949
chr11	95914558	96114558	harbor1	chr11	95947369	95947492	DNA/hAT-Charlie	588	+	62	95947431	32873
chr11	95914558	96114558	harbor1	chr11	95950075	95950119	DNA/hAT-Charlie	588	+	22	95950097	35539
chr11	95914558	96114558	harbor1	chr11	95951033	95951157	DNA/hAT-Charlie	588	+	62	95951095	36537
chr11	95914558	96114558	harbor1	chr11	96000280	96000499	DNA/hAT-Charlie	1217	+	110	96000390	85832
chr11	88259323	88459323	harbor1	chr11	88310070	88310239	DNA/hAT-Charlie	575	+	84	88310154	50831
chr11	88259323	88459323	harbor1	chr11	88315498	88315590	DNA/hAT-Charlie	544	+	46	88315544	56221
chr11	88259323	88459323	harbor1	chr11	88319078	88319223	DNA/hAT-Charlie	426	+	72	88319150	59827
chr11	88259323	88459323	harbor1	chr11	88340934	88340977	DNA/hAT-Charlie	760	+	22	88340956	81633
chr11	88259323	88459323	harbor1	chr11	88343326	88343471	DNA/hAT-Charlie	760	+	72	88343398	84075
chr11	111999346	112199346	harbor1	chr11	112035153	112035363	DNA/hAT-Charlie	552	+	105	112035258	35912
chr11	111999346	112199346	harbor1	chr11	112058639	112058984	DNA/hAT-Charlie	1056	+	172	112058811	59465
chr11	18275911	18475911	harbor1	chr11	18363707	18363790	DNA/hAT-Charlie	401	+	42	18363749	87838
chr11	50323124	50523124	harbor1	chr11	50419288	50419428	DNA/hAT-Charlie	634	+	70	50419358	96234
chr11	18267351	18467351	harbor1	chr11	18273592	18273705	DNA/hAT-Charlie	705	+	56	18273648	6297
chr11	18267351	18467351	harbor1	chr11	18363707	18363790	DNA/hAT-Charlie	401	+	42	18363749	96398
chr11	97255639	97455639	harbor1	chr11	97348410	97348612	DNA/hAT-Charlie	965	+	101	97348511	92872
chr11	85876108	86076108	harbor1	chr11	85884314	85884472	DNA/hAT-Charlie	739	+	79	85884393	8285
chr11	85876108	86076108	harbor1	chr11	85893517	85893842	DNA/hAT-Charlie	2174	+	162	85893679	17571
chr11	85876108	86076108	harbor1	chr11	85893995	85894192	DNA/hAT-Charlie	1403	+	98	85894093	17985
chr11	65446051	65646051	harbor1	chr11	65455595	65455768	DNA/hAT-Charlie	5962	+	86	65455681	9630
chr11	65446051	65646051	harbor1	chr11	65456088	65456979	DNA/hAT-Charlie	5962	+	446	65456534	10483
chr11	65446051	65646051	harbor1	chr11	65457281	65457474	DNA/hAT-Charlie	5962	+	96	65457377	11326
chr11	101771192	101971192	harbor1	chr11	101791017	101791255	DNA/hAT-Charlie	651	+	119	101791136	19944
chr11	101771192	101971192	harbor1	chr11	101791589	101791778	DNA/hAT-Charlie	645	+	94	101791683	20491
chr11	101771192	101971192	harbor1	chr11	101791852	101791899	DNA/hAT-Charlie	645	+	24	101791876	20684
chr11	101771192	101971192	harbor1	chr11	101811037	101811200	DNA/hAT-Charlie	666	+	82	101811119	39927
chr11	101771192	101971192	harbor1	chr11	101829150	101829353	DNA/hAT-Charlie	745	+	102	101829252	58060
chr11	101771192	101971192	harbor1	chr11	101847128	101847261	DNA/hAT-Charlie	465	+	66	101847194	76002
chr11	8162192	8362192	harbor1	chr11	8181518	8181781	DNA/hAT-Charlie	597	+	132	8181650	19458
chr11	46371371	46571371	harbor1	chr11	46444997	46445250	DNA/hAT-Charlie	912	+	126	46445123	73752
chr11	44566246	44766246	harbor1	chr11	44582824	44582943	DNA/hAT-Charlie	396	+	60	44582884	16638
chr11	44566246	44766246	harbor1	chr11	44586102	44586266	DNA/hAT-Charlie	698	+	82	44586184	19938
chr11	44566246	44766246	harbor1	chr11	44620612	44620820	DNA/hAT-Charlie	536	+	104	44620716	54470
chr11	77809083	78009083	harbor1	chr11	77865727	77865908	DNA/hAT-Charlie	917	+	90	77865817	56734
chr11	77809083	78009083	harbor1	chr11	77875338	77875651	DNA/hAT-Charlie	544	+	156	77875494	66411
chr11	69936563	70136563	harbor1	chr11	69979762	69980084	DNA/hAT-Charlie	803	+	161	69979923	43360
chr11	69936563	70136563	harbor1	chr11	69981081	69981200	DNA/hAT-Charlie	803	+	60	69981141	44578
chr11	59287099	59487099	harbor1	chr11	59311730	59312126	DNA/hAT-Charlie	1532	+	198	59311928	24829
chr11	104703064	104903064	harbor1	chr11	104748771	104748918	DNA/hAT-Charlie	1276	+	74	104748845	45781
chr11	104703064	104903064	harbor1	chr11	104749204	104749324	DNA/hAT-Charlie	1276	+	60	104749264	46200
chr11	104703064	104903064	harbor1	chr11	104767379	104767693	DNA/hAT-Charlie	1199	+	157	104767536	64472
chr11	85906126	86106126	harbor1	chr11	85999834	85999971	DNA/hAT-Charlie	654	+	68	85999902	93776
chr11	104394103	104594103	harbor1	chr11	104399953	104400560	DNA/hAT-Charlie	1774	+	304	104400257	6154
chr11	104394103	104594103	harbor1	chr11	104466346	104466666	DNA/hAT-Charlie	1212	+	160	104466506	72403
chr11	104394103	104594103	harbor1	chr11	104478392	104478566	DNA/hAT-Charlie	426	+	87	104478479	84376
chr11	104394103	104594103	harbor1	chr11	104484502	104484645	DNA/hAT-Charlie	493	+	72	104484574	90471
chr11	84881492	85081492	harbor1	chr11	84891913	84892385	DNA/hAT-Charlie	806	+	236	84892149	10657
chr11	84881492	85081492	harbor1	chr11	84927383	84927497	DNA/hAT-Charlie	661	+	57	84927440	45948
chr11	84881492	85081492	harbor1	chr11	84927812	84927994	DNA/hAT-Charlie	877	+	91	84927903	46411
chr11	84881492	85081492	harbor1	chr11	84935559	84935777	DNA/hAT-Charlie	999	+	109	84935668	54176
chr11	84881492	85081492	harbor1	chr11	84974698	84974842	DNA/hAT-Charlie	799	+	72	84974770	93278
chr11	61038779	61238779	harbor1	chr11	61062436	61062745	DNA/hAT-Charlie	613	+	154	61062590	23811
chr11	61038779	61238779	harbor1	chr11	61120542	61120684	DNA/hAT-Charlie	599	+	71	61120613	81834
chr11	61038779	61238779	harbor1	chr11	61124247	61124456	DNA/hAT-Charlie	412	+	104	61124351	85572
chr11	37701605	37901605	harbor1	chr11	37727778	37727893	DNA/hAT-Charlie	510	+	58	37727836	26231
chr11	35005890	35205890	harbor1	chr11	35043107	35043259	DNA/hAT-Charlie	450	+	76	35043183	37293
chr11	35005890	35205890	harbor1	chr11	35053376	35053688	DNA/hAT-Charlie	2033	+	156	35053532	47642
chr11	35005890	35205890	harbor1	chr11	35054764	35054921	DNA/hAT-Charlie	1034	+	78	35054842	48952
chr11	35005890	35205890	harbor1	chr11	35076571	35076778	DNA/hAT-Charlie	592	+	104	35076675	70785
chr11	35005890	35205890	harbor1	chr11	35080166	35080343	DNA/hAT-Charlie	440	+	88	35080254	74364
chr11	35005890	35205890	harbor1	chr11	35102116	35102287	DNA/hAT-Charlie	681	+	86	35102202	96312
chr11	17644643	17844643	harbor1	chr11	17730626	17730848	DNA/hAT-Charlie	1045	+	111	17730737	86094
chr11	125523757	125723757	harbor1	chr11	125532715	125532824	DNA/hAT-Charlie	427	+	54	125532769	9012
chr11	125523757	125723757	harbor1	chr11	125607495	125607689	DNA/hAT-Charlie	878	+	97	125607592	83835
chr11	27928269	28128269	harbor1	chr11	27972946	27973176	DNA/hAT-Charlie	1284	+	115	27973061	44792
chr11	27928269	28128269	harbor1	chr11	27973469	27973573	DNA/hAT-Charlie	1284	+	52	27973521	45252
chr11	27928269	28128269	harbor1	chr11	27996415	27996631	DNA/hAT-Charlie	1042	+	108	27996523	68254
chr11	27928269	28128269	harbor1	chr11	28020105	28020575	DNA/hAT-Charlie	2989	+	235	28020340	92071
chr11	20521196	20721196	harbor1	chr11	20591541	20591726	DNA/hAT-Charlie	532	+	92	20591633	70437
chr11	20521196	20721196	harbor1	chr11	20607992	20608114	DNA/hAT-Charlie	392	+	61	20608053	86857
chr11	20521196	20721196	harbor1	chr11	20610755	20610919	DNA/hAT-Charlie	929	+	82	20610837	89641
chr11	20521196	20721196	harbor1	chr11	20612963	20613075	DNA/hAT-Charlie	388	+	56	20613019	91823
chr11	121428805	121628805	harbor1	chr11	121428890	121429053	DNA/hAT-Charlie	408	+	82	121428972	167
chr11	121428805	121628805	harbor1	chr11	121435916	121436116	DNA/hAT-Charlie	406	+	100	121436016	7211
chr11	121428805	121628805	harbor1	chr11	121459075	121459272	DNA/hAT-Charlie	905	+	98	121459173	30368
chr11	121428805	121628805	harbor1	chr11	121469344	121469452	DNA/hAT-Charlie	397	+	54	121469398	40593
chr11	121428805	121628805	harbor1	chr11	121474189	121474304	DNA/hAT-Charlie	474	+	58	121474247	45442
chr11	121428805	121628805	harbor1	chr11	121500461	121500630	DNA/hAT-Charlie	868	+	84	121500545	71740
chr11	26448784	26648784	harbor1	chr11	26529955	26530114	DNA/hAT-Charlie	589	+	80	26530035	81251
chr11	82433722	82633722	harbor1	chr11	82434425	82434645	DNA/hAT-Charlie	779	+	110	82434535	813
chr11	82433722	82633722	harbor1	chr11	82492082	82492536	DNA/hAT-Charlie	1591	+	227	82492309	58587
chr11	106429639	106629639	harbor1	chr11	106461767	106461966	DNA/hAT-Charlie	820	+	100	106461867	32228
chr11	87455305	87655305	harbor1	chr11	87470256	87470389	DNA/hAT-Charlie	716	+	66	87470322	15017
chr11	87455305	87655305	harbor1	chr11	87521698	87521860	DNA/hAT-Charlie	655	+	81	87521779	66474
chr11	50035481	50235481	harbor1	chr11	50104712	50104852	DNA/hAT-Charlie	393	+	70	50104782	69301
chr11	50035481	50235481	harbor1	chr11	50105146	50105206	DNA/hAT-Charlie	393	+	30	50105176	69695
chr11	126081749	126281749	harbor1	chr11	126108391	126108489	DNA/hAT-Charlie	1732	+	49	126108440	26691
chr11	126081749	126281749	harbor1	chr11	126108799	126108989	DNA/hAT-Charlie	1732	+	95	126108894	27145
chr11	126081749	126281749	harbor1	chr11	126148738	126148923	DNA/hAT-Charlie	535	+	92	126148830	67081
chr11	126081749	126281749	harbor1	chr11	126107530	126107706	DNA/hAT-Charlie	1732	+	88	126107618	25869
chr11	74281987	74481987	harbor1	chr11	74320902	74321105	DNA/hAT-Charlie	391	+	102	74321004	39017
chr11	74281987	74481987	harbor1	chr11	74331615	74331786	DNA/hAT-Charlie	447	+	86	74331701	49714
chr11	74281987	74481987	harbor1	chr11	74339229	74339445	DNA/hAT-Charlie	477	+	108	74339337	57350
chr11	112077533	112277533	harbor1	chr11	112155820	112156113	DNA/hAT-Charlie	1317	+	146	112155966	78433
chr11	112077533	112277533	harbor1	chr11	112163368	112163669	DNA/hAT-Charlie	1255	+	150	112163518	85985
chr11	131470084	131670084	harbor1	chr11	131505372	131505493	DNA/hAT-Charlie	553	+	60	131505432	35348
chr11	131470084	131670084	harbor1	chr11	131522828	131522982	DNA/hAT-Charlie	489	+	77	131522905	52821
chr11	78065097	78265097	harbor1	chr11	78078633	78078728	DNA/hAT-Charlie	613	+	48	78078681	13584
chr11	78065097	78265097	harbor1	chr11	78079026	78079089	DNA/hAT-Charlie	613	+	32	78079058	13961
chr11	78065097	78265097	harbor1	chr11	78108669	78109101	DNA/hAT-Charlie	725	+	216	78108885	43788
chr11	78065097	78265097	harbor1	chr11	78111508	78111720	DNA/hAT-Charlie	588	+	106	78111614	46517
chr11	78065097	78265097	harbor1	chr11	78129545	78129754	DNA/hAT-Charlie	1005	+	104	78129649	64552
chr11	78065097	78265097	harbor1	chr11	78129753	78129875	DNA/hAT-Charlie	531	+	61	78129814	64717
chr11	37039267	37239267	harbor1	chr11	37040338	37040479	DNA/hAT-Charlie	552	+	70	37040408	1141
chr11	37039267	37239267	harbor1	chr11	37069717	37069988	DNA/hAT-Charlie	506	+	136	37069853	30586
chr11	37039267	37239267	harbor1	chr11	37076546	37076750	DNA/hAT-Charlie	1053	+	102	37076648	37381
chr11	93147205	93347205	harbor1	chr11	93179742	93179931	DNA/hAT-Charlie	838	+	94	93179836	32631
chr11	93147205	93347205	harbor1	chr11	93231275	93231456	DNA/hAT-Charlie	982	+	90	93231365	84160
chr11	2393860	2593860	harbor1	chr11	2481492	2482015	DNA/hAT-Charlie	3887	+	262	2481754	87894
chr11	103166665	103366665	harbor1	chr11	103229925	103230120	DNA/hAT-Charlie	723	+	98	103230023	63358
chr11	103166665	103366665	harbor1	chr11	103232847	103233056	DNA/hAT-Charlie	963	+	104	103232951	66286
chr11	103166665	103366665	harbor1	chr11	103247486	103247671	DNA/hAT-Charlie	739	+	92	103247578	80913
chr11	21664253	21864253	harbor1	chr11	21682111	21682297	DNA/hAT-Charlie	579	+	93	21682204	17951
chr11	21664253	21864253	harbor1	chr11	21687704	21688559	DNA/hAT-Charlie	4703	+	428	21688132	23879
chr11	21664253	21864253	harbor1	chr11	21688875	21689397	DNA/hAT-Charlie	4703	+	261	21689136	24883
chr11	21664253	21864253	harbor1	chr11	21708788	21708956	DNA/hAT-Charlie	548	+	84	21708872	44619
chr11	130897120	131097120	harbor1	chr11	130932498	130933001	DNA/hAT-Charlie	3115	+	252	130932750	35630
chr11	16089545	16289545	harbor1	chr11	16115223	16115334	DNA/hAT-Charlie	679	+	56	16115279	25734
chr11	16089545	16289545	harbor1	chr11	16116685	16117023	DNA/hAT-Charlie	2281	+	169	16116854	27309
chr11	16089545	16289545	harbor1	chr11	16163117	16163314	DNA/hAT-Charlie	478	+	98	16163215	73670
chr11	16089545	16289545	harbor1	chr11	16176204	16176372	DNA/hAT-Charlie	609	+	84	16176288	86743
chr11	10075016	10275016	harbor1	chr11	10139343	10139445	DNA/hAT-Charlie	505	+	51	10139394	64378
chr11	10075016	10275016	harbor1	chr11	10157592	10157826	DNA/hAT-Charlie	1742	+	117	10157709	82693
chr11	24871415	25071415	harbor1	chr11	24944107	24944264	DNA/hAT-Charlie	618	+	78	24944185	72770
chr11	99426326	99626326	harbor1	chr11	99461963	99462113	DNA/hAT-Charlie	473	+	75	99462038	35712
chr11	41932777	42132777	harbor1	chr11	42000626	42000846	DNA/hAT-Charlie	1018	+	110	42000736	67959
chr11	23453809	23653809	harbor1	chr11	23537283	23537626	DNA/hAT-Charlie	1926	+	172	23537455	83646
chr11	7569294	7769294	harbor1	chr11	7573112	7573238	DNA/hAT-Charlie	637	+	63	7573175	3881
chr11	7569294	7769294	harbor1	chr11	7573286	7573601	DNA/hAT-Charlie	1323	+	158	7573444	4150
chr11	13371929	13571929	harbor1	chr11	13378478	13378710	DNA/hAT-Charlie	1189	+	116	13378594	6665
chr11	13371929	13571929	harbor1	chr11	13380876	13381062	DNA/hAT-Charlie	1030	+	93	13380969	9040
chr11	13371929	13571929	harbor1	chr11	13383269	13383566	DNA/hAT-Charlie	6029	+	148	13383417	11488
chr11	13371929	13571929	harbor1	chr11	13383850	13384962	DNA/hAT-Charlie	6029	+	556	13384406	12477
chr11	13371929	13571929	harbor1	chr11	13433594	13433813	DNA/hAT-Charlie	1257	+	110	13433704	61775
chr11	39370326	39570326	harbor1	chr11	39418883	39419046	DNA/hAT-Charlie	639	+	82	39418965	48639
chr11	39370326	39570326	harbor1	chr11	39423093	39423262	DNA/hAT-Charlie	497	+	84	39423177	52851
chr11	39370326	39570326	harbor1	chr11	39432237	39432410	DNA/hAT-Charlie	616	+	86	39432323	61997
chr11	2776723	2976723	harbor1	chr11	2805499	2805697	DNA/hAT-Charlie	821	+	99	2805598	28875
chr11	2776723	2976723	harbor1	chr11	2875330	2875489	DNA/hAT-Charlie	501	+	80	2875410	98687
chr11	97644035	97844035	harbor1	chr11	97656027	97656155	DNA/hAT-Charlie	390	+	64	97656091	12056
chr11	84827260	85027260	harbor1	chr11	84834849	84835082	DNA/hAT-Charlie	411	+	116	84834965	7705
chr11	84827260	85027260	harbor1	chr11	84837841	84838016	DNA/hAT-Charlie	677	+	88	84837929	10669
chr11	84827260	85027260	harbor1	chr11	84851659	84852013	DNA/hAT-Charlie	729	+	177	84851836	24576
chr11	84827260	85027260	harbor1	chr11	84891913	84892385	DNA/hAT-Charlie	806	+	236	84892149	64889
chr11	95090719	95290719	harbor1	chr11	95138184	95138381	DNA/hAT-Charlie	584	+	98	95138282	47563
chr11	95090719	95290719	harbor1	chr11	95182470	95182634	DNA/hAT-Charlie	652	+	82	95182552	91833
chr11	101819670	102019670	harbor1	chr11	101829150	101829353	DNA/hAT-Charlie	745	+	102	101829252	9582
chr11	101819670	102019670	harbor1	chr11	101847128	101847261	DNA/hAT-Charlie	465	+	66	101847194	27524
chr11	36393814	36593814	harbor1	chr11	36402022	36402242	DNA/hAT-Charlie	567	+	110	36402132	8318
chr11	36393814	36593814	harbor1	chr11	36402543	36402584	DNA/hAT-Charlie	567	+	20	36402563	8749
chr11	36393814	36593814	harbor1	chr11	36410205	36410420	DNA/hAT-Charlie	423	+	108	36410313	16499
chr11	36393814	36593814	harbor1	chr11	36421703	36422150	DNA/hAT-Charlie	689	+	224	36421927	28113
chr11	36393814	36593814	harbor1	chr11	36424715	36424826	DNA/hAT-Charlie	678	+	56	36424771	30957
chr11	36393814	36593814	harbor1	chr11	36425122	36425173	DNA/hAT-Charlie	678	+	26	36425148	31334
chr11	111615877	111815877	harbor1	chr11	111617680	111617792	DNA/hAT-Charlie	446	+	56	111617736	1859
chr11	111615877	111815877	harbor1	chr11	111652924	111653110	DNA/hAT-Charlie	561	+	93	111653017	37140
chr11	111615877	111815877	harbor1	chr11	111681858	111682042	DNA/hAT-Charlie	718	+	92	111681950	66073
chr11	111615877	111815877	harbor1	chr11	111695583	111695738	DNA/hAT-Charlie	836	+	78	111695661	79784
chr11	43874803	44074803	harbor1	chr11	43895594	43896234	DNA/hAT-Charlie	2789	+	320	43895914	21111
chr11	43874803	44074803	harbor1	chr11	43896694	43896919	DNA/hAT-Charlie	1167	+	112	43896806	22003
chr11	43874803	44074803	harbor1	chr11	43897147	43897234	DNA/hAT-Charlie	450	+	44	43897191	22388
chr11	43874803	44074803	harbor1	chr11	43899889	43900195	DNA/hAT-Charlie	1852	+	153	43900042	25239
chr11	43874803	44074803	harbor1	chr11	43900522	43900655	DNA/hAT-Charlie	1852	+	66	43900588	25785
chr11	43874803	44074803	harbor1	chr11	43913802	43913961	DNA/hAT-Charlie	667	+	80	43913882	39079
chr11	43874803	44074803	harbor1	chr11	43919316	43919504	DNA/hAT-Charlie	886	+	94	43919410	44607
chr11	43874803	44074803	harbor1	chr11	43968005	43968224	DNA/hAT-Charlie	1501	+	110	43968115	93312
chr11	48191767	48391767	harbor1	chr11	48221131	48221326	DNA/hAT-Charlie	611	+	98	48221229	29462
chr11	48191767	48391767	harbor1	chr11	48222187	48222395	DNA/hAT-Charlie	894	+	104	48222291	30524
chr11	26384208	26584208	harbor1	chr11	26431001	26431195	DNA/hAT-Charlie	828	+	97	26431098	46890
chr11	122003914	122203914	harbor1	chr11	122006565	122006736	DNA/hAT-Charlie	419	+	86	122006651	2737
chr11	122003914	122203914	harbor1	chr11	122080122	122080307	DNA/hAT-Charlie	733	+	92	122080214	76300
chr11	122003914	122203914	harbor1	chr11	122087078	122087238	DNA/hAT-Charlie	706	+	80	122087158	83244
chr11	122003914	122203914	harbor1	chr11	122087789	122087985	DNA/hAT-Charlie	746	+	98	122087887	83973
chr11	122003914	122203914	harbor1	chr11	122088043	122088248	DNA/hAT-Charlie	1041	+	102	122088145	84231
chr11	102896820	103096820	harbor1	chr11	102910089	102910224	DNA/hAT-Charlie	665	+	68	102910157	13337
chr11	102896820	103096820	harbor1	chr11	102935036	102935176	DNA/hAT-Charlie	617	+	70	102935106	38286
chr11	102896820	103096820	harbor1	chr11	102935479	102935589	DNA/hAT-Charlie	617	+	55	102935534	38714
chr11	102896820	103096820	harbor1	chr11	102986306	102986810	DNA/hAT-Charlie	944	+	252	102986558	89738
chr11	102896820	103096820	harbor1	chr11	102987236	102987325	DNA/hAT-Charlie	944	+	44	102987280	90460
chr11	10748739	10948739	harbor1	chr11	10750052	10750396	DNA/hAT-Charlie	1058	+	172	10750224	1485
chr11	10748739	10948739	harbor1	chr11	10812395	10812638	DNA/hAT-Charlie	647	+	122	10812517	63778
chr11	10748739	10948739	harbor1	chr11	10813613	10813790	DNA/hAT-Charlie	1077	+	88	10813701	64962
chr11	10748739	10948739	harbor1	chr11	10835655	10836147	DNA/hAT-Charlie	3179	+	246	10835901	87162
chr11	10748739	10948739	harbor1	chr11	10838792	10838997	DNA/hAT-Charlie	527	+	102	10838894	90155
chr11	43313433	43513433	harbor1	chr11	43358215	43358471	DNA/hAT-Charlie	646	+	128	43358343	44910
chr11	43313433	43513433	harbor1	chr11	43382621	43382735	DNA/hAT-Charlie	582	+	57	43382678	69245
chr11	43313433	43513433	harbor1	chr11	43400601	43400767	DNA/hAT-Charlie	537	+	83	43400684	87251
chr11	39900897	40100897	harbor1	chr11	39907530	39907909	DNA/hAT-Charlie	913	+	190	39907720	6823
chr11	39900897	40100897	harbor1	chr11	39957849	39957984	DNA/hAT-Charlie	515	+	68	39957917	57020
chr11	127802337	128002337	harbor1	chr11	127803747	127803850	DNA/hAT-Charlie	438	+	52	127803799	1462
chr11	127802337	128002337	harbor1	chr11	127826336	127826875	DNA/hAT-Charlie	3725	+	270	127826606	24269
chr11	127802337	128002337	harbor1	chr11	127848109	127848232	DNA/hAT-Charlie	550	+	62	127848171	45834
chr11	60363582	60563582	harbor1	chr11	60400737	60400924	DNA/hAT-Charlie	849	+	94	60400831	37249
chr11	19057301	19257301	harbor1	chr11	19099806	19100024	DNA/hAT-Charlie	1511	+	109	19099915	42614
chr11	3410716	3610716	harbor1	chr11	3485958	3486109	DNA/hAT-Charlie	771	+	76	3486034	75318
chr11	3410716	3610716	harbor1	chr11	3487755	3487976	DNA/hAT-Charlie	1229	+	110	3487865	77149
chr11	95758688	95958688	harbor1	chr11	95767880	95768054	DNA/hAT-Charlie	852	+	87	95767967	9279
chr11	95758688	95958688	harbor1	chr11	95793981	95794143	DNA/hAT-Charlie	750	+	81	95794062	35374
chr11	95758688	95958688	harbor1	chr11	95842606	95843968	DNA/hAT-Charlie	4818	+	681	95843287	84599
chr12	104538620	104738620	harbor1	chr12	104599785	104600085	DNA/hAT-Charlie	1163	+	150	104599935	61315
chr12	19104507	19304507	harbor1	chr12	19192871	19193081	DNA/hAT-Charlie	1066	+	105	19192976	88469
chr12	100983460	101183460	harbor1	chr12	100994872	100995050	DNA/hAT-Charlie	919	+	89	100994961	11501
chr12	34153109	34353109	harbor1	chr12	34156111	34156484	DNA/hAT-Charlie	2418	+	186	34156297	3188
chr12	34153109	34353109	harbor1	chr12	34240286	34240436	DNA/hAT-Charlie	453	+	75	34240361	87252
chr12	121501181	121701181	harbor1	chr12	121530318	121530507	DNA/hAT-Charlie	530	+	94	121530412	29231
chr12	121501181	121701181	harbor1	chr12	121550832	121551093	DNA/hAT-Charlie	1168	+	130	121550962	49781
chr12	119676439	119876439	harbor1	chr12	119692511	119692715	DNA/hAT-Charlie	1085	+	102	119692613	16174
chr12	119676439	119876439	harbor1	chr12	119733576	119733790	DNA/hAT-Charlie	1118	+	107	119733683	57244
chr12	119676439	119876439	harbor1	chr12	119759133	119759365	DNA/hAT-Charlie	1935	+	116	119759249	82810
chr12	119676439	119876439	harbor1	chr12	119759672	119759796	DNA/hAT-Charlie	1935	+	62	119759734	83295
chr12	119676439	119876439	harbor1	chr12	119773381	119773434	DNA/hAT-Charlie	438	+	26	119773407	96968
chr12	119676439	119876439	harbor1	chr12	119773728	119773779	DNA/hAT-Charlie	438	+	26	119773754	97315
chr12	68286996	68486996	harbor1	chr12	68302291	68302364	DNA/hAT-Charlie	458	+	36	68302327	15331
chr12	68286996	68486996	harbor1	chr12	68327843	68328161	DNA/hAT-Charlie	1003	+	159	68328002	41006
chr12	68286996	68486996	harbor1	chr12	68328326	68328511	DNA/hAT-Charlie	798	+	92	68328418	41422
chr12	68286996	68486996	harbor1	chr12	68328520	68328659	DNA/hAT-Charlie	454	+	70	68328590	41594
chr12	68286996	68486996	harbor1	chr12	68377028	68377194	DNA/hAT-Charlie	782	+	83	68377111	90115
chr12	68286996	68486996	harbor1	chr12	68377203	68377536	DNA/hAT-Charlie	1414	+	166	68377369	90373
chr12	34157451	34357451	harbor1	chr12	34240286	34240436	DNA/hAT-Charlie	453	+	75	34240361	82910
chr12	20794026	20994026	harbor1	chr12	20855245	20855466	DNA/hAT-Charlie	856	+	110	20855355	61329
chr12	111484386	111684386	harbor1	chr12	111564373	111564580	DNA/hAT-Charlie	634	+	104	111564477	80091
chr12	111484386	111684386	harbor1	chr12	111569905	111570103	DNA/hAT-Charlie	862	+	99	111570004	85618
chr12	111484386	111684386	harbor1	chr12	111571667	111571735	DNA/hAT-Charlie	441	+	34	111571701	87315
chr12	111484386	111684386	harbor1	chr12	111572027	111572117	DNA/hAT-Charlie	441	+	45	111572072	87686
chr12	111484386	111684386	harbor1	chr12	111572418	111572455	DNA/hAT-Charlie	441	+	18	111572436	88050
chr12	61608699	61808699	harbor1	chr12	61643265	61643343	DNA/hAT-Charlie	458	+	39	61643304	34605
chr12	61608699	61808699	harbor1	chr12	61705922	61706093	DNA/hAT-Charlie	460	+	86	61706008	97309
chr12	85382035	85582035	harbor1	chr12	85390321	85390467	DNA/hAT-Charlie	662	+	73	85390394	8359
chr12	85382035	85582035	harbor1	chr12	85398678	85398892	DNA/hAT-Charlie	1105	+	107	85398785	16750
chr12	85382035	85582035	harbor1	chr12	85451466	85451804	DNA/hAT-Charlie	1780	+	169	85451635	69600
chr12	114972331	115172331	harbor1	chr12	115014964	115015345	DNA/hAT-Charlie	711	+	190	115015154	42823
chr12	114972331	115172331	harbor1	chr12	115051748	115051927	DNA/hAT-Charlie	889	+	90	115051838	79507
chr12	114972331	115172331	harbor1	chr12	115060078	115060279	DNA/hAT-Charlie	949	+	100	115060178	87847
chr12	65031211	65231211	harbor1	chr12	65116199	65116654	DNA/hAT-Charlie	3324	+	228	65116427	85216
chr12	65031211	65231211	harbor1	chr12	65116962	65117010	DNA/hAT-Charlie	3324	+	24	65116986	85775
chr12	65031211	65231211	harbor1	chr12	65125747	65126002	DNA/hAT-Charlie	563	+	128	65125875	94664
chr12	110833997	111033997	harbor1	chr12	110879280	110879485	DNA/hAT-Charlie	963	+	102	110879382	45385
chr12	110833997	111033997	harbor1	chr12	110885111	110885256	DNA/hAT-Charlie	654	+	72	110885183	51186
chr12	110833997	111033997	harbor1	chr12	110891986	110892176	DNA/hAT-Charlie	877	+	95	110892081	58084
chr12	110833997	111033997	harbor1	chr12	110896647	110896824	DNA/hAT-Charlie	724	+	88	110896735	62738
chr12	110833997	111033997	harbor1	chr12	110906081	110906239	DNA/hAT-Charlie	855	+	79	110906160	72163
chr12	22561062	22761062	harbor1	chr12	22562007	22562334	DNA/hAT-Charlie	1620	+	164	22562171	1109
chr12	22561062	22761062	harbor1	chr12	22564860	22565079	DNA/hAT-Charlie	962	+	110	22564970	3908
chr12	22561062	22761062	harbor1	chr12	22657974	22658114	DNA/hAT-Charlie	521	+	70	22658044	96982
chr12	32480134	32680134	harbor1	chr12	32498160	32498594	DNA/hAT-Charlie	1418	+	217	32498377	18243
chr12	32480134	32680134	harbor1	chr12	32498897	32499020	DNA/hAT-Charlie	1418	+	62	32498959	18825
chr12	32480134	32680134	harbor1	chr12	32519174	32519507	DNA/hAT-Charlie	1567	+	166	32519340	39206
chr12	32480134	32680134	harbor1	chr12	32519645	32519656	DNA/hAT-Charlie	1567	+	6	32519651	39517
chr12	32480134	32680134	harbor1	chr12	32519968	32520425	DNA/hAT-Charlie	1567	+	228	32520196	40062
chr12	32480134	32680134	harbor1	chr12	32520736	32520877	DNA/hAT-Charlie	1567	+	70	32520806	40672
chr12	32480134	32680134	harbor1	chr12	32533116	32533309	DNA/hAT-Charlie	674	+	96	32533212	53078
chr12	32480134	32680134	harbor1	chr12	32549007	32549183	DNA/hAT-Charlie	531	+	88	32549095	68961
chr12	32480134	32680134	harbor1	chr12	32567371	32567600	DNA/hAT-Charlie	549	+	114	32567485	87351
chr12	11852236	12052236	harbor1	chr12	11875760	11875976	DNA/hAT-Charlie	1046	+	108	11875868	23632
chr12	11852236	12052236	harbor1	chr12	11886396	11886651	DNA/hAT-Charlie	706	+	128	11886524	34288
chr12	11852236	12052236	harbor1	chr12	11896259	11896402	DNA/hAT-Charlie	825	+	72	11896331	44095
chr12	11852236	12052236	harbor1	chr12	11939014	11939233	DNA/hAT-Charlie	442	+	110	11939124	86888
chr12	11852236	12052236	harbor1	chr12	11946764	11947105	DNA/hAT-Charlie	2187	+	170	11946934	94698
chr12	24591619	24791619	harbor1	chr12	24638078	24638218	DNA/hAT-Charlie	592	+	70	24638148	46529
chr12	24591619	24791619	harbor1	chr12	24677870	24678056	DNA/hAT-Charlie	503	+	93	24677963	86344
chr12	31794778	31994778	harbor1	chr12	31815528	31815660	DNA/hAT-Charlie	528	+	66	31815594	20816
chr12	31794778	31994778	harbor1	chr12	31815960	31815996	DNA/hAT-Charlie	528	+	18	31815978	21200
chr12	31794778	31994778	harbor1	chr12	31853507	31853732	DNA/hAT-Charlie	446	+	112	31853619	58841
chr12	31794778	31994778	harbor1	chr12	31853737	31853987	DNA/hAT-Charlie	1162	+	125	31853862	59084
chr12	31794778	31994778	harbor1	chr12	31854883	31854952	DNA/hAT-Charlie	1162	+	34	31854917	60139
chr12	31794778	31994778	harbor1	chr12	31856947	31857064	DNA/hAT-Charlie	1021	+	58	31857005	62227
chr12	31794778	31994778	harbor1	chr12	31857366	31857658	DNA/hAT-Charlie	1021	+	146	31857512	62734
chr12	31794778	31994778	harbor1	chr12	31857960	31858055	DNA/hAT-Charlie	1021	+	48	31858008	63230
chr12	31794778	31994778	harbor1	chr12	31860846	31860949	DNA/hAT-Charlie	468	+	52	31860898	66120
chr12	24991760	25191760	harbor1	chr12	25034237	25034533	DNA/hAT-Charlie	439	+	148	25034385	42625
chr12	24991760	25191760	harbor1	chr12	25087657	25087989	DNA/hAT-Charlie	1770	+	166	25087823	96063
chr12	101339660	101539660	harbor1	chr12	101355541	101355745	DNA/hAT-Charlie	840	+	102	101355643	15983
chr12	101339660	101539660	harbor1	chr12	101357819	101357969	DNA/hAT-Charlie	513	+	75	101357894	18234
chr12	101339660	101539660	harbor1	chr12	101375324	101375537	DNA/hAT-Charlie	1125	+	106	101375430	35770
chr12	102651203	102851203	harbor1	chr12	102713644	102713817	DNA/hAT-Charlie	864	+	86	102713730	62527
chr12	102651203	102851203	harbor1	chr12	102728586	102728769	DNA/hAT-Charlie	797	+	92	102728678	77475
chr12	102651203	102851203	harbor1	chr12	102749450	102749611	DNA/hAT-Charlie	910	+	80	102749530	98327
chr12	13136771	13336771	harbor1	chr12	13155417	13155671	DNA/hAT-Charlie	1174	+	127	13155544	18773
chr12	13136771	13336771	harbor1	chr12	13172555	13172683	DNA/hAT-Charlie	495	+	64	13172619	35848
chr12	81370162	81570162	harbor1	chr12	81397685	81398193	DNA/hAT-Charlie	3156	+	254	81397939	27777
chr12	81370162	81570162	harbor1	chr12	81418403	81418676	DNA/hAT-Charlie	1314	+	136	81418539	48377
chr12	102425755	102625755	harbor1	chr12	102466343	102466556	DNA/hAT-Charlie	1058	+	106	102466449	40694
chr12	102425755	102625755	harbor1	chr12	102485224	102485373	DNA/hAT-Charlie	439	+	74	102485298	59543
chr12	102425755	102625755	harbor1	chr12	102508180	102508408	DNA/hAT-Charlie	1234	+	114	102508294	82539
chr12	102425755	102625755	harbor1	chr12	102517308	102517490	DNA/hAT-Charlie	678	+	91	102517399	91644
chr12	102425755	102625755	harbor1	chr12	102525603	102525807	DNA/hAT-Charlie	591	+	102	102525705	99950
chr12	73162888	73362888	harbor1	chr12	73176375	73176539	DNA/hAT-Charlie	495	+	82	73176457	13569
chr12	96371388	96571388	harbor1	chr12	96404093	96404241	DNA/hAT-Charlie	748	+	74	96404167	32779
chr12	80764436	80964436	harbor1	chr12	80832840	80833032	DNA/hAT-Charlie	781	+	96	80832936	68500
chr12	80764436	80964436	harbor1	chr12	80850509	80850713	DNA/hAT-Charlie	1219	+	102	80850611	86175
chr12	16175546	16375546	harbor1	chr12	16220515	16220677	DNA/hAT-Charlie	812	+	81	16220596	45050
chr12	16175546	16375546	harbor1	chr12	16233716	16233880	DNA/hAT-Charlie	861	+	82	16233798	58252
chr12	16175546	16375546	harbor1	chr12	16269327	16269491	DNA/hAT-Charlie	600	+	82	16269409	93863
chr12	79437177	79637177	harbor1	chr12	79446372	79446566	DNA/hAT-Charlie	591	+	97	79446469	9292
chr12	79437177	79637177	harbor1	chr12	79484591	79484790	DNA/hAT-Charlie	1071	+	100	79484691	47514
chr12	79437177	79637177	harbor1	chr12	79485231	79485377	DNA/hAT-Charlie	1071	+	73	79485304	48127
chr12	79437177	79637177	harbor1	chr12	79533883	79534001	DNA/hAT-Charlie	599	+	59	79533942	96765
chr12	12657799	12857799	harbor1	chr12	12679163	12679312	DNA/hAT-Charlie	1149	+	74	12679237	21438
chr12	12657799	12857799	harbor1	chr12	12679670	12679768	DNA/hAT-Charlie	1149	+	49	12679719	21920
chr12	12657799	12857799	harbor1	chr12	12687368	12687653	DNA/hAT-Charlie	699	+	142	12687510	29711
chr12	12657799	12857799	harbor1	chr12	12687661	12687787	DNA/hAT-Charlie	491	+	63	12687724	29925
chr12	12657799	12857799	harbor1	chr12	12700702	12700962	DNA/hAT-Charlie	836	+	130	12700832	43033
chr12	12657799	12857799	harbor1	chr12	12727164	12727438	DNA/hAT-Charlie	1378	+	137	12727301	69502
chr12	95785092	95985092	harbor1	chr12	95829129	95829350	DNA/hAT-Charlie	1042	+	110	95829239	44147
chr12	95785092	95985092	harbor1	chr12	95849665	95849844	DNA/hAT-Charlie	1297	+	90	95849755	64663
chr12	95785092	95985092	harbor1	chr12	95850163	95850220	DNA/hAT-Charlie	1297	+	28	95850191	65099
chr12	77027429	77227429	harbor1	chr12	77079367	77079645	DNA/hAT-Charlie	810	+	139	77079506	52077
chr12	11896231	12096231	harbor1	chr12	11896259	11896402	DNA/hAT-Charlie	825	+	72	11896331	100
chr12	11896231	12096231	harbor1	chr12	11939014	11939233	DNA/hAT-Charlie	442	+	110	11939124	42893
chr12	11896231	12096231	harbor1	chr12	11946764	11947105	DNA/hAT-Charlie	2187	+	170	11946934	50703
chr12	11896231	12096231	harbor1	chr12	11966336	11966494	DNA/hAT-Charlie	538	+	79	11966415	70184
chr12	56517245	56717245	harbor1	chr12	56582528	56582661	DNA/hAT-Charlie	913	+	66	56582594	65349
chr12	56517245	56717245	harbor1	chr12	56582939	56583014	DNA/hAT-Charlie	913	+	38	56582977	65732
chr12	56517245	56717245	harbor1	chr12	56588126	56588263	DNA/hAT-Charlie	536	+	68	56588194	70949
chr12	56517245	56717245	harbor1	chr12	56590325	56590534	DNA/hAT-Charlie	880	+	104	56590429	73184
chr12	13928905	14128905	harbor1	chr12	13952717	13952859	DNA/hAT-Charlie	504	+	71	13952788	23883
chr12	13928905	14128905	harbor1	chr12	13975215	13975365	DNA/hAT-Charlie	638	+	75	13975290	46385
chr12	32290100	32490100	harbor1	chr12	32339811	32340079	DNA/hAT-Charlie	774	+	134	32339945	49845
chr12	32290100	32490100	harbor1	chr12	32377047	32377184	DNA/hAT-Charlie	723	+	68	32377115	87015
chr12	51474746	51674746	harbor1	chr12	51482085	51482384	DNA/hAT-Charlie	1113	+	150	51482235	7489
chr12	51474746	51674746	harbor1	chr12	51482680	51482703	DNA/hAT-Charlie	1113	+	12	51482692	7946
chr12	51474746	51674746	harbor1	chr12	51549714	51550237	DNA/hAT-Charlie	3717	+	262	51549976	75230
chr12	25393137	25593137	harbor1	chr12	25432124	25432240	DNA/hAT-Charlie	600	+	58	25432182	39045
chr12	25393137	25593137	harbor1	chr12	25461779	25461954	DNA/hAT-Charlie	467	+	88	25461867	68730
chr12	61338506	61538506	harbor1	chr12	61363846	61364003	DNA/hAT-Charlie	724	+	78	61363924	25418
chr12	61338506	61538506	harbor1	chr12	61364164	61364203	DNA/hAT-Charlie	724	+	20	61364184	25678
chr12	61338506	61538506	harbor1	chr12	61372082	61372275	DNA/hAT-Charlie	706	+	96	61372178	33672
chr12	61338506	61538506	harbor1	chr12	61394863	61395077	DNA/hAT-Charlie	846	+	107	61394970	56464
chr12	87889665	88089665	harbor1	chr12	87926321	87926464	DNA/hAT-Charlie	583	+	72	87926393	36728
chr12	87889665	88089665	harbor1	chr12	87984713	87984868	DNA/hAT-Charlie	671	+	78	87984791	95126
chr12	87889665	88089665	harbor1	chr12	87988345	87988546	DNA/hAT-Charlie	966	+	100	87988445	98780
chr12	108361043	108561043	harbor1	chr12	108371470	108371628	DNA/hAT-Charlie	725	+	79	108371549	10506
chr12	108361043	108561043	harbor1	chr12	108407129	108407327	DNA/hAT-Charlie	776	+	99	108407228	46185
chr12	108361043	108561043	harbor1	chr12	108451162	108451352	DNA/hAT-Charlie	972	+	95	108451257	90214
chr12	5069188	5269188	harbor1	chr12	5079149	5079304	DNA/hAT-Charlie	705	+	78	5079227	10039
chr12	5069188	5269188	harbor1	chr12	5079316	5079504	DNA/hAT-Charlie	744	+	94	5079410	10222
chr12	5069188	5269188	harbor1	chr12	5130282	5130446	DNA/hAT-Charlie	562	+	82	5130364	61176
chr12	5069188	5269188	harbor1	chr12	5152338	5152654	DNA/hAT-Charlie	512	+	158	5152496	83308
chr12	85415745	85615745	harbor1	chr12	85451466	85451804	DNA/hAT-Charlie	1780	+	169	85451635	35890
chr12	60419568	60619568	harbor1	chr12	60466520	60466720	DNA/hAT-Charlie	992	+	100	60466620	47052
chr12	124732339	124932339	harbor1	chr12	124735843	124735992	DNA/hAT-Charlie	710	+	74	124735917	3578
chr12	124732339	124932339	harbor1	chr12	124743841	124743970	DNA/hAT-Charlie	525	+	64	124743905	11566
chr12	124732339	124932339	harbor1	chr12	124748450	124748628	DNA/hAT-Charlie	561	+	89	124748539	16200
chr12	124732339	124932339	harbor1	chr12	124759860	124760016	DNA/hAT-Charlie	664	+	78	124759938	27599
chr12	124732339	124932339	harbor1	chr12	124763271	124763316	DNA/hAT-Charlie	531	+	22	124763293	30954
chr12	124732339	124932339	harbor1	chr12	124763610	124763755	DNA/hAT-Charlie	531	+	72	124763682	31343
chr12	124732339	124932339	harbor1	chr12	124774270	124774622	DNA/hAT-Charlie	1114	+	176	124774446	42107
chr12	124732339	124932339	harbor1	chr12	124776790	124777201	DNA/hAT-Charlie	1010	+	206	124776996	44657
chr12	124732339	124932339	harbor1	chr12	124785594	124785869	DNA/hAT-Charlie	1083	+	138	124785732	53393
chr12	124732339	124932339	harbor1	chr12	124792752	124792901	DNA/hAT-Charlie	569	+	74	124792826	60487
chr12	124732339	124932339	harbor1	chr12	124795664	124795963	DNA/hAT-Charlie	702	+	150	124795814	63475
chr12	124732339	124932339	harbor1	chr12	124805910	124806097	DNA/hAT-Charlie	864	+	94	124806004	73665
chr12	124732339	124932339	harbor1	chr12	124808717	124809014	DNA/hAT-Charlie	981	+	148	124808865	76526
chr12	128407263	128607263	harbor1	chr12	128429123	128429354	DNA/hAT-Charlie	887	+	116	128429239	21976
chr12	128407263	128607263	harbor1	chr12	128441099	128441324	DNA/hAT-Charlie	470	+	112	128441211	33948
chr12	128407263	128607263	harbor1	chr12	128450074	128450276	DNA/hAT-Charlie	858	+	101	128450175	42912
chr12	128407263	128607263	harbor1	chr12	128468703	128468893	DNA/hAT-Charlie	490	+	95	128468798	61535
chr12	128407263	128607263	harbor1	chr12	128479380	128479708	DNA/hAT-Charlie	1089	+	164	128479544	72281
chr12	128407263	128607263	harbor1	chr12	128485493	128485717	DNA/hAT-Charlie	1123	+	112	128485605	78342
chr12	72110170	72310170	harbor1	chr12	72160253	72160402	DNA/hAT-Charlie	664	+	74	72160327	50157
chr12	72110170	72310170	harbor1	chr12	72180262	72180541	DNA/hAT-Charlie	699	+	140	72180402	70232
chr12	81374628	81574628	harbor1	chr12	81397685	81398193	DNA/hAT-Charlie	3156	+	254	81397939	23311
chr12	81374628	81574628	harbor1	chr12	81418403	81418676	DNA/hAT-Charlie	1314	+	136	81418539	43911
chr12	61965814	62165814	harbor1	chr12	61973495	61973677	DNA/hAT-Charlie	535	+	91	61973586	7772
chr12	61965814	62165814	harbor1	chr12	61973724	61973895	DNA/hAT-Charlie	546	+	86	61973810	7996
chr12	61965814	62165814	harbor1	chr12	62020802	62021099	DNA/hAT-Charlie	1348	+	148	62020950	55136
chr12	61965814	62165814	harbor1	chr12	62055675	62055928	DNA/hAT-Charlie	441	+	126	62055801	89987
chr12	29920234	30120234	harbor1	chr12	30000481	30000945	DNA/hAT-Charlie	1635	+	232	30000713	80479
chr12	128863198	129063198	harbor1	chr12	128900981	128901284	DNA/hAT-Charlie	1065	+	152	128901133	37935
chr12	128863198	129063198	harbor1	chr12	128901926	128902201	DNA/hAT-Charlie	2372	+	138	128902064	38866
chr12	128863198	129063198	harbor1	chr12	128902517	128902758	DNA/hAT-Charlie	2372	+	120	128902637	39439
chr12	128863198	129063198	harbor1	chr12	128921366	128921599	DNA/hAT-Charlie	549	+	116	128921482	58284
chr12	128863198	129063198	harbor1	chr12	128930192	128930463	DNA/hAT-Charlie	556	+	136	128930328	67130
chr12	25068913	25268913	harbor1	chr12	25087657	25087989	DNA/hAT-Charlie	1770	+	166	25087823	18910
chr12	25068913	25268913	harbor1	chr12	25121253	25121465	DNA/hAT-Charlie	1035	+	106	25121359	52446
chr12	25068913	25268913	harbor1	chr12	25127560	25127775	DNA/hAT-Charlie	897	+	108	25127668	58755
chr12	25068913	25268913	harbor1	chr12	25128089	25128340	DNA/hAT-Charlie	1232	+	126	25128215	59302
chr12	25068913	25268913	harbor1	chr12	25155576	25155831	DNA/hAT-Charlie	4471	+	128	25155704	86791
chr12	25068913	25268913	harbor1	chr12	25156126	25156472	DNA/hAT-Charlie	4471	+	173	25156299	87386
chr12	25068913	25268913	harbor1	chr12	25156759	25157006	DNA/hAT-Charlie	4471	+	124	25156883	87970
chr12	25068913	25268913	harbor1	chr12	25157299	25157768	DNA/hAT-Charlie	4471	+	234	25157533	88620
chr12	67448011	67648011	harbor1	chr12	67481980	67482116	DNA/hAT-Charlie	520	+	68	67482048	34037
chr12	67448011	67648011	harbor1	chr12	67484921	67485255	DNA/hAT-Charlie	2275	+	167	67485088	37077
chr12	67448011	67648011	harbor1	chr12	67546163	67546326	DNA/hAT-Charlie	505	+	82	67546245	98234
chr12	98035455	98235455	harbor1	chr12	98098494	98098636	DNA/hAT-Charlie	459	+	71	98098565	63110
chr12	98035455	98235455	harbor1	chr12	98128810	98129047	DNA/hAT-Charlie	578	+	118	98128928	93473
chr12	43917586	44117586	harbor1	chr12	44001363	44001503	DNA/hAT-Charlie	523	+	70	44001433	83847
chr12	90596177	90796177	harbor1	chr12	90628983	90629162	DNA/hAT-Charlie	741	+	90	90629073	32896
chr12	90596177	90796177	harbor1	chr12	90641862	90642031	DNA/hAT-Charlie	802	+	84	90641946	45769
chr12	90596177	90796177	harbor1	chr12	90657057	90657233	DNA/hAT-Charlie	714	+	88	90657145	60968
chr12	44443450	44643450	harbor1	chr12	44497067	44497252	DNA/hAT-Charlie	827	+	92	44497159	53709
chr12	44443450	44643450	harbor1	chr12	44503260	44503452	DNA/hAT-Charlie	907	+	96	44503356	59906
chr12	44443450	44643450	harbor1	chr12	44517580	44517740	DNA/hAT-Charlie	926	+	80	44517660	74210
chr12	118230630	118430630	harbor1	chr12	118247060	118247216	DNA/hAT-Charlie	484	+	78	118247138	16508
chr12	118230630	118430630	harbor1	chr12	118306820	118307031	DNA/hAT-Charlie	888	+	106	118306926	76296
chr12	56159933	56359933	harbor1	chr12	56217609	56217909	DNA/hAT-Charlie	1755	+	150	56217759	57826
chr12	4973955	5173955	harbor1	chr12	4974728	4975028	DNA/hAT-Charlie	1380	+	150	4974878	923
chr12	4973955	5173955	harbor1	chr12	4989077	4989275	DNA/hAT-Charlie	1234	+	99	4989176	15221
chr12	4973955	5173955	harbor1	chr12	5022268	5022392	DNA/hAT-Charlie	548	+	62	5022330	48375
chr12	130694580	130894580	harbor1	chr12	130739490	130739758	DNA/hAT-Charlie	511	+	134	130739624	45044
chr12	130694580	130894580	harbor1	chr12	130741728	130741947	DNA/hAT-Charlie	1051	+	110	130741838	47258
chr13	103686728	103886728	harbor1	chr13	103760630	103760740	DNA/hAT-Charlie	556	+	55	103760685	73957
chr13	81517976	81717976	harbor1	chr13	81572300	81572455	DNA/hAT-Charlie	452	+	78	81572378	54402
chr13	106769575	106969575	harbor1	chr13	106863484	106863594	DNA/hAT-Charlie	530	+	55	106863539	93964
chr13	106769575	106969575	harbor1	chr13	106790833	106791016	DNA/hAT-Charlie	419	+	92	106790925	21350
chr13	42854879	43054879	harbor1	chr13	42921604	42921770	DNA/hAT-Charlie	829	+	83	42921687	66808
chr13	42854879	43054879	harbor1	chr13	42925444	42925564	DNA/hAT-Charlie	422	+	60	42925504	70625
chr13	42854879	43054879	harbor1	chr13	42946768	42947004	DNA/hAT-Charlie	1624	+	118	42946886	92007
chr13	50456224	50656224	harbor1	chr13	50511648	50511763	DNA/hAT-Charlie	651	+	58	50511706	55482
chr13	40336910	40536910	harbor1	chr13	40346414	40346540	DNA/hAT-Charlie	465	+	63	40346477	9567
chr13	40336910	40536910	harbor1	chr13	40354981	40355169	DNA/hAT-Charlie	858	+	94	40355075	18165
chr13	40336910	40536910	harbor1	chr13	40372462	40372624	DNA/hAT-Charlie	759	+	81	40372543	35633
chr13	40336910	40536910	harbor1	chr13	40406415	40406508	DNA/hAT-Charlie	417	+	46	40406461	69551
chr13	40336910	40536910	harbor1	chr13	40433719	40434063	DNA/hAT-Charlie	2456	+	172	40433891	96981
chr13	50465187	50665187	harbor1	chr13	50511648	50511763	DNA/hAT-Charlie	651	+	58	50511706	46519
chr13	84171787	84371787	harbor1	chr13	84171613	84171810	DNA/hAT-Charlie	407	+	98	84171711	76
chr13	84171787	84371787	harbor1	chr13	84190903	84191200	DNA/hAT-Charlie	719	+	148	84191051	19264
chr13	84171787	84371787	harbor1	chr13	84193181	84193304	DNA/hAT-Charlie	533	+	62	84193243	21456
chr13	84171787	84371787	harbor1	chr13	84258381	84258499	DNA/hAT-Charlie	518	+	59	84258440	86653
chr13	77237996	77437996	harbor1	chr13	77310356	77310552	DNA/hAT-Charlie	990	+	98	77310454	72458
chr13	103694818	103894818	harbor1	chr13	103760630	103760740	DNA/hAT-Charlie	556	+	55	103760685	65867
chr13	60240675	60440675	harbor1	chr13	60252168	60252327	DNA/hAT-Charlie	452	+	80	60252248	11573
chr13	60240675	60440675	harbor1	chr13	60285686	60285789	DNA/hAT-Charlie	538	+	52	60285738	45063
chr13	60240675	60440675	harbor1	chr13	60332459	60332584	DNA/hAT-Charlie	467	+	62	60332521	91846
chr13	60240675	60440675	harbor1	chr13	60338894	60339055	DNA/hAT-Charlie	732	+	80	60338974	98299
chr13	85776756	85976756	harbor1	chr13	85808183	85808657	DNA/hAT-Charlie	3129	+	237	85808420	31664
chr13	85776756	85976756	harbor1	chr13	85873941	85874125	DNA/hAT-Charlie	519	+	92	85874033	97277
chr13	27585286	27785286	harbor1	chr13	27651620	27651781	DNA/hAT-Charlie	616	+	80	27651700	66414
chr13	57670141	57870141	harbor1	chr13	57734958	57735172	DNA/hAT-Charlie	1050	+	107	57735065	64924
chr13	57670141	57870141	harbor1	chr13	57738517	57738718	DNA/hAT-Charlie	607	+	100	57738617	68476
chr13	57670141	57870141	harbor1	chr13	57757802	57758010	DNA/hAT-Charlie	782	+	104	57757906	87765
chr13	57670141	57870141	harbor1	chr13	57763735	57764265	DNA/hAT-Charlie	3238	+	265	57764000	93859
chr13	58732314	58932314	harbor1	chr13	58753526	58753671	DNA/hAT-Charlie	714	+	72	58753598	21284
chr13	58732314	58932314	harbor1	chr13	58794730	58794928	DNA/hAT-Charlie	841	+	99	58794829	62515
chr13	103299930	103499930	harbor1	chr13	103374022	103374246	DNA/hAT-Charlie	779	+	112	103374134	74204
chr13	103299930	103499930	harbor1	chr13	103385361	103385561	DNA/hAT-Charlie	985	+	100	103385461	85531
chr13	31887553	32087553	harbor1	chr13	31918396	31918486	DNA/hAT-Charlie	414	+	45	31918441	30888
chr13	31887553	32087553	harbor1	chr13	31933689	31933889	DNA/hAT-Charlie	487	+	100	31933789	46236
chr13	31887553	32087553	harbor1	chr13	31934380	31934654	DNA/hAT-Charlie	557	+	137	31934517	46964
chr13	19678694	19878694	harbor1	chr13	19686242	19686470	DNA/hAT-Charlie	412	+	114	19686356	7662
chr13	19678694	19878694	harbor1	chr13	19697156	19697328	DNA/hAT-Charlie	729	+	86	19697242	18548
chr13	19678694	19878694	harbor1	chr13	19713777	19714316	DNA/hAT-Charlie	1176	+	270	19714047	35353
chr13	19678694	19878694	harbor1	chr13	19714311	19714491	DNA/hAT-Charlie	901	+	90	19714401	35707
chr13	19678694	19878694	harbor1	chr13	19714795	19715048	DNA/hAT-Charlie	901	+	126	19714921	36227
chr13	31069298	31269298	harbor1	chr13	31124580	31124788	DNA/hAT-Charlie	720	+	104	31124684	55386
chr13	31069298	31269298	harbor1	chr13	31132632	31132782	DNA/hAT-Charlie	671	+	75	31132707	63409
chr13	31069298	31269298	harbor1	chr13	31133889	31134044	DNA/hAT-Charlie	979	+	78	31133967	64669
chr13	57278223	57478223	harbor1	chr13	57344703	57344881	DNA/hAT-Charlie	964	+	89	57344792	66569
chr13	57278223	57478223	harbor1	chr13	57352205	57352311	DNA/hAT-Charlie	410	+	53	57352258	74035
chr13	57278223	57478223	harbor1	chr13	57373918	57374694	DNA/hAT-Charlie	2488	+	388	57374306	96083
chr13	88101788	88301788	harbor1	chr13	88194906	88195125	DNA/hAT-Charlie	965	+	110	88195016	93228
chr13	107368824	107568824	harbor1	chr13	107431754	107431937	DNA/hAT-Charlie	756	+	92	107431846	63022
chr13	20762374	20962374	harbor1	chr13	20768605	20768688	DNA/hAT-Charlie	713	+	42	20768647	6273
chr13	20762374	20962374	harbor1	chr13	20771190	20771405	DNA/hAT-Charlie	499	+	108	20771298	8924
chr13	20762374	20962374	harbor1	chr13	20772337	20772537	DNA/hAT-Charlie	792	+	100	20772437	10063
chr13	20762374	20962374	harbor1	chr13	20823499	20823651	DNA/hAT-Charlie	1320	+	76	20823575	61201
chr13	20762374	20962374	harbor1	chr13	20826361	20826857	DNA/hAT-Charlie	1897	+	248	20826609	64235
chr13	20762374	20962374	harbor1	chr13	20823952	20824127	DNA/hAT-Charlie	1320	+	88	20824040	61666
chr13	50573939	50773939	harbor1	chr13	50581458	50581569	DNA/hAT-Charlie	418	+	56	50581514	7575
chr13	50573939	50773939	harbor1	chr13	50582892	50583353	DNA/hAT-Charlie	948	+	230	50583122	9183
chr13	50573939	50773939	harbor1	chr13	50612956	50613219	DNA/hAT-Charlie	1032	+	132	50613088	39149
chr13	66871436	67071436	harbor1	chr13	66905372	66905528	DNA/hAT-Charlie	561	+	78	66905450	34014
chr13	65060734	65260734	harbor1	chr13	65064161	65064322	DNA/hAT-Charlie	634	+	80	65064241	3507
chr13	65060734	65260734	harbor1	chr13	65087124	65087250	DNA/hAT-Charlie	734	+	63	65087187	26453
chr13	26706345	26906345	harbor1	chr13	26712137	26712309	DNA/hAT-Charlie	683	+	86	26712223	5878
chr13	26706345	26906345	harbor1	chr13	26754592	26754740	DNA/hAT-Charlie	769	+	74	26754666	48321
chr13	61797422	61997422	harbor1	chr13	61828311	61828517	DNA/hAT-Charlie	410	+	103	61828414	30992
chr14	86839072	87039072	harbor1	chr14	86919050	86919483	DNA/hAT-Charlie	1158	+	216	86919266	80194
chr14	86839072	87039072	harbor1	chr14	86923334	86923843	DNA/hAT-Charlie	3561	+	254	86923588	84516
chr14	45694355	45894355	harbor1	chr14	45701329	45701659	DNA/hAT-Charlie	1448	+	165	45701494	7139
chr14	45694355	45894355	harbor1	chr14	45719619	45719794	DNA/hAT-Charlie	873	+	88	45719707	25352
chr14	42637430	42837430	harbor1	chr14	42666820	42667156	DNA/hAT-Charlie	1833	+	168	42666988	29558
chr14	42637430	42837430	harbor1	chr14	42694400	42694582	DNA/hAT-Charlie	710	+	91	42694491	57061
chr14	42637430	42837430	harbor1	chr14	42718658	42718807	DNA/hAT-Charlie	488	+	74	42718732	81302
chr14	50497871	50697871	harbor1	chr14	50573318	50573492	DNA/hAT-Charlie	938	+	87	50573405	75534
chr14	103224858	103424858	harbor1	chr14	103288875	103289203	DNA/hAT-Charlie	2075	+	164	103289039	64181
chr14	103224858	103424858	harbor1	chr14	103295158	103295544	DNA/hAT-Charlie	1416	+	193	103295351	70493
chr14	90701718	90901718	harbor1	chr14	90719918	90720139	DNA/hAT-Charlie	1525	+	110	90720028	18310
chr14	29655336	29855336	harbor1	chr14	29701189	29701371	DNA/hAT-Charlie	927	+	91	29701280	45944
chr14	29655336	29855336	harbor1	chr14	29715299	29715483	DNA/hAT-Charlie	813	+	92	29715391	60055
chr14	88641441	88841441	harbor1	chr14	88659751	88660002	DNA/hAT-Charlie	472	+	126	88659877	18436
chr14	88641441	88841441	harbor1	chr14	88660303	88660458	DNA/hAT-Charlie	472	+	78	88660381	18940
chr14	88641441	88841441	harbor1	chr14	88691326	88691439	DNA/hAT-Charlie	728	+	56	88691382	49941
chr14	88641441	88841441	harbor1	chr14	88701155	88701345	DNA/hAT-Charlie	1154	+	95	88701250	59809
chr14	88641441	88841441	harbor1	chr14	88729352	88729558	DNA/hAT-Charlie	6188	+	103	88729455	88014
chr14	88641441	88841441	harbor1	chr14	88729890	88731035	DNA/hAT-Charlie	6188	+	572	88730462	89021
chr14	88641441	88841441	harbor1	chr14	88732659	88732822	DNA/hAT-Charlie	1680	+	82	88732741	91300
chr14	88641441	88841441	harbor1	chr14	88732917	88733208	DNA/hAT-Charlie	1680	+	146	88733063	91622
chr14	88641441	88841441	harbor1	chr14	88734385	88734600	DNA/hAT-Charlie	841	+	108	88734493	93052
chr14	95785244	95985244	harbor1	chr14	95786121	95786308	DNA/hAT-Charlie	526	+	94	95786215	971
chr14	95785244	95985244	harbor1	chr14	95793402	95793685	DNA/hAT-Charlie	465	+	142	95793544	8300
chr14	95785244	95985244	harbor1	chr14	95798924	95799113	DNA/hAT-Charlie	832	+	94	95799018	13774
chr14	95785244	95985244	harbor1	chr14	95883786	95883974	DNA/hAT-Charlie	493	+	94	95883880	98636
chr14	92550386	92750386	harbor1	chr14	92600958	92601280	DNA/hAT-Charlie	1425	+	161	92601119	50733
chr14	28452872	28652872	harbor1	chr14	28512755	28512954	DNA/hAT-Charlie	491	+	100	28512855	59983
chr14	28452872	28652872	harbor1	chr14	28542190	28542391	DNA/hAT-Charlie	647	+	100	28542290	89418
chr14	84416343	84616343	harbor1	chr14	84427245	84427886	DNA/hAT-Charlie	1397	+	320	84427565	11222
chr14	84416343	84616343	harbor1	chr14	84428423	84429257	DNA/hAT-Charlie	1446	+	417	84428840	12497
chr14	84416343	84616343	harbor1	chr14	84430164	84430401	DNA/hAT-Charlie	764	+	118	84430282	13939
chr14	84416343	84616343	harbor1	chr14	84474620	84474808	DNA/hAT-Charlie	626	+	94	84474714	58371
chr14	33335062	33535062	harbor1	chr14	33368355	33368533	DNA/hAT-Charlie	469	+	89	33368444	33382
chr14	33335062	33535062	harbor1	chr14	33411119	33411176	DNA/hAT-Charlie	985	+	28	33411147	76085
chr14	33335062	33535062	harbor1	chr14	33411483	33411636	DNA/hAT-Charlie	985	+	76	33411559	76497
chr14	33335062	33535062	harbor1	chr14	33425833	33425991	DNA/hAT-Charlie	750	+	79	33425912	90850
chr14	102116315	102316315	harbor1	chr14	102156084	102156171	DNA/hAT-Charlie	581	+	44	102156128	39813
chr14	102116315	102316315	harbor1	chr14	102156468	102156556	DNA/hAT-Charlie	581	+	44	102156512	40197
chr14	102116315	102316315	harbor1	chr14	102156674	102156714	DNA/hAT-Charlie	581	+	20	102156694	40379
chr14	102116315	102316315	harbor1	chr14	102157273	102157312	DNA/hAT-Charlie	581	+	20	102157293	40978
chr14	102116315	102316315	harbor1	chr14	102159346	102159501	DNA/hAT-Charlie	680	+	78	102159424	43109
chr14	102116315	102316315	harbor1	chr14	102178500	102178681	DNA/hAT-Charlie	683	+	90	102178590	62275
chr14	61226831	61426831	harbor1	chr14	61303872	61304075	DNA/hAT-Charlie	889	+	102	61303974	77143
chr14	61226831	61426831	harbor1	chr14	61324000	61324154	DNA/hAT-Charlie	537	+	77	61324077	97246
chr14	85133911	85333911	harbor1	chr14	85202411	85202630	DNA/hAT-Charlie	923	+	110	85202521	68610
chr14	28306415	28506415	harbor1	chr14	28402092	28402216	DNA/hAT-Charlie	520	+	62	28402154	95739
chr14	72010851	72210851	harbor1	chr14	72017462	72017620	DNA/hAT-Charlie	688	+	79	72017541	6690
chr14	72010851	72210851	harbor1	chr14	72067850	72067998	DNA/hAT-Charlie	691	+	74	72067924	57073
chr14	72010851	72210851	harbor1	chr14	72083250	72083457	DNA/hAT-Charlie	794	+	104	72083354	72503
chr14	72010851	72210851	harbor1	chr14	72090261	72090661	DNA/hAT-Charlie	1757	+	200	72090461	79610
chr14	72010851	72210851	harbor1	chr14	72098519	72098753	DNA/hAT-Charlie	556	+	117	72098636	87785
chr14	72010851	72210851	harbor1	chr14	72106280	72106447	DNA/hAT-Charlie	595	+	84	72106364	95513
chr14	84534303	84734303	harbor1	chr14	84545718	84545887	DNA/hAT-Charlie	771	+	84	84545802	11499
chr14	84534303	84734303	harbor1	chr14	84575528	84575685	DNA/hAT-Charlie	638	+	78	84575606	41303
chr14	56687725	56887725	harbor1	chr14	56707008	56707257	DNA/hAT-Charlie	856	+	124	56707132	19407
chr14	56687725	56887725	harbor1	chr14	56718036	56718182	DNA/hAT-Charlie	429	+	73	56718109	30384
chr14	56687725	56887725	harbor1	chr14	56718370	56718539	DNA/hAT-Charlie	522	+	84	56718454	30729
chr14	56687725	56887725	harbor1	chr14	56718721	56718827	DNA/hAT-Charlie	462	+	53	56718774	31049
chr14	56687725	56887725	harbor1	chr14	56780875	56780993	DNA/hAT-Charlie	561	+	59	56780934	93209
chr14	56687725	56887725	harbor1	chr14	56783072	56783144	DNA/hAT-Charlie	753	+	36	56783108	95383
chr14	56687725	56887725	harbor1	chr14	56783436	56783537	DNA/hAT-Charlie	753	+	50	56783486	95761
chr14	79568808	79768808	harbor1	chr14	79595424	79595611	DNA/hAT-Charlie	630	+	94	79595518	26710
chr14	79568808	79768808	harbor1	chr14	79595610	79595869	DNA/hAT-Charlie	886	+	130	79595740	26932
chr14	79568808	79768808	harbor1	chr14	79621879	79622038	DNA/hAT-Charlie	540	+	80	79621959	53151
chr14	79998865	80198865	harbor1	chr14	80014840	80015051	DNA/hAT-Charlie	1071	+	106	80014946	16081
chr14	79998865	80198865	harbor1	chr14	80037478	80037803	DNA/hAT-Charlie	1885	+	162	80037640	38775
chr14	79998865	80198865	harbor1	chr14	80048227	80048682	DNA/hAT-Charlie	1863	+	228	80048455	49590
chr14	22417777	22617777	harbor1	chr14	22443078	22443361	DNA/hAT-Charlie	3412	+	142	22443220	25443
chr14	22417777	22617777	harbor1	chr14	22443782	22444120	DNA/hAT-Charlie	3412	+	169	22443951	26174
chr14	22417777	22617777	harbor1	chr14	22454584	22454830	DNA/hAT-Charlie	662	+	123	22454707	36930
chr14	22417777	22617777	harbor1	chr14	22474047	22474241	DNA/hAT-Charlie	481	+	97	22474144	56367
chr14	44383951	44583951	harbor1	chr14	44480566	44480748	DNA/hAT-Charlie	452	+	91	44480657	96706
chr14	75086592	75286592	harbor1	chr14	75115709	75115844	DNA/hAT-Charlie	816	+	68	75115777	29185
chr14	75086592	75286592	harbor1	chr14	75129919	75130151	DNA/hAT-Charlie	1263	+	116	75130035	43443
chr14	75086592	75286592	harbor1	chr14	75130341	75130430	DNA/hAT-Charlie	1263	+	44	75130385	43793
chr14	75086592	75286592	harbor1	chr14	75182978	75183193	DNA/hAT-Charlie	886	+	108	75183086	96494
chr14	75086592	75286592	harbor1	chr14	75087805	75088021	DNA/hAT-Charlie	927	+	108	75087913	1321
chr14	39691917	39891917	harbor1	chr14	39705292	39705509	DNA/hAT-Charlie	1187	+	108	39705400	13483
chr14	39691917	39891917	harbor1	chr14	39714588	39714798	DNA/hAT-Charlie	724	+	105	39714693	22776
chr14	39691917	39891917	harbor1	chr14	39715041	39715212	DNA/hAT-Charlie	686	+	86	39715127	23210
chr14	39691917	39891917	harbor1	chr14	39715193	39715335	DNA/hAT-Charlie	447	+	71	39715264	23347
chr14	91191240	91391240	harbor1	chr14	91245063	91245242	DNA/hAT-Charlie	475	+	90	91245153	53913
chr14	91191240	91391240	harbor1	chr14	91262560	91262823	DNA/hAT-Charlie	729	+	132	91262692	71452
chr14	91191240	91391240	harbor1	chr14	91276124	91276302	DNA/hAT-Charlie	717	+	89	91276213	84973
chr14	91191240	91391240	harbor1	chr14	91276906	91276961	DNA/hAT-Charlie	1140	+	28	91276934	85694
chr14	91191240	91391240	harbor1	chr14	91277314	91277579	DNA/hAT-Charlie	1140	+	132	91277446	86206
chr14	91191240	91391240	harbor1	chr14	91284705	91284926	DNA/hAT-Charlie	455	+	110	91284815	93575
chr14	25037602	25237602	harbor1	chr14	25039613	25039708	DNA/hAT-Charlie	477	+	48	25039661	2059
chr14	25037602	25237602	harbor1	chr14	25040009	25040070	DNA/hAT-Charlie	477	+	30	25040039	2437
chr14	25037602	25237602	harbor1	chr14	25042668	25042791	DNA/hAT-Charlie	751	+	62	25042730	5128
chr14	25037602	25237602	harbor1	chr14	25047504	25047674	DNA/hAT-Charlie	813	+	85	25047589	9987
chr14	25037602	25237602	harbor1	chr14	25057153	25057315	DNA/hAT-Charlie	899	+	81	25057234	19632
chr14	25037602	25237602	harbor1	chr14	25076110	25076444	DNA/hAT-Charlie	621	+	167	25076277	38675
chr14	25037602	25237602	harbor1	chr14	25121186	25121293	DNA/hAT-Charlie	420	+	54	25121240	83638
chr14	25037602	25237602	harbor1	chr14	25121475	25121658	DNA/hAT-Charlie	1025	+	92	25121567	83965
chr14	25037602	25237602	harbor1	chr14	25127866	25127949	DNA/hAT-Charlie	779	+	42	25127908	90306
chr14	25037602	25237602	harbor1	chr14	25128373	25128508	DNA/hAT-Charlie	779	+	68	25128441	90839
chr14	25037602	25237602	harbor1	chr14	25128504	25128817	DNA/hAT-Charlie	535	+	156	25128660	91058
chr14	24256088	24456088	harbor1	chr14	24275916	24276076	DNA/hAT-Charlie	887	+	80	24275996	19908
chr14	24256088	24456088	harbor1	chr14	24320708	24320900	DNA/hAT-Charlie	1011	+	96	24320804	64716
chr14	65752844	65952844	harbor1	chr14	65841739	65841849	DNA/hAT-Charlie	425	+	55	65841794	88950
chr14	65752844	65952844	harbor1	chr14	65842004	65842103	DNA/hAT-Charlie	446	+	50	65842054	89210
chr14	95003267	95203267	harbor1	chr14	95062186	95062371	DNA/hAT-Charlie	427	+	92	95062278	59011
chr14	87928004	88128004	harbor1	chr14	87936331	87936565	DNA/hAT-Charlie	926	+	117	87936448	8444
chr14	87928004	88128004	harbor1	chr14	87969126	87969345	DNA/hAT-Charlie	859	+	110	87969236	41232
chr14	87928004	88128004	harbor1	chr14	87983813	87984010	DNA/hAT-Charlie	426	+	98	87983911	55907
chr14	84504713	84704713	harbor1	chr14	84545718	84545887	DNA/hAT-Charlie	771	+	84	84545802	41089
chr14	84504713	84704713	harbor1	chr14	84575528	84575685	DNA/hAT-Charlie	638	+	78	84575606	70893
chr14	50870008	51070008	harbor1	chr14	50947192	50947419	DNA/hAT-Charlie	520	+	114	50947306	77298
chr14	50870008	51070008	harbor1	chr14	50968797	50968892	DNA/hAT-Charlie	582	+	48	50968845	98837
chr14	50870008	51070008	harbor1	chr14	50969199	50969259	DNA/hAT-Charlie	582	+	30	50969229	99221
chr14	67764800	67964800	harbor1	chr14	67782267	67782408	DNA/hAT-Charlie	538	+	70	67782337	17537
chr14	67764800	67964800	harbor1	chr14	67858983	67859827	DNA/hAT-Charlie	2727	+	422	67859405	94605
chr14	67764800	67964800	harbor1	chr14	67860122	67860410	DNA/hAT-Charlie	2727	+	144	67860266	95466
chr14	67764800	67964800	harbor1	chr14	67860801	67860911	DNA/hAT-Charlie	1159	+	55	67860856	96056
chr14	67764800	67964800	harbor1	chr14	67861217	67861357	DNA/hAT-Charlie	1159	+	70	67861287	96487
chr14	67764800	67964800	harbor1	chr14	67861594	67861976	DNA/hAT-Charlie	1159	+	191	67861785	96985
chr14	67764800	67964800	harbor1	chr14	67863333	67863485	DNA/hAT-Charlie	766	+	76	67863409	98609
chr14	67764800	67964800	harbor1	chr14	67862283	67862978	DNA/hAT-Charlie	1159	+	348	67862631	97831
chr14	53528894	53728894	harbor1	chr14	53596118	53596303	DNA/hAT-Charlie	908	+	92	53596210	67316
chr14	53528894	53728894	harbor1	chr14	53615665	53615845	DNA/hAT-Charlie	1007	+	90	53615755	86861
chr14	49916153	50116153	harbor1	chr14	49965887	49966184	DNA/hAT-Charlie	684	+	148	49966035	49882
chr14	70671528	70871528	harbor1	chr14	70712503	70712721	DNA/hAT-Charlie	1230	+	109	70712612	41084
chr14	70671528	70871528	harbor1	chr14	70714538	70714651	DNA/hAT-Charlie	601	+	56	70714594	43066
chr14	70671528	70871528	harbor1	chr14	70731468	70731613	DNA/hAT-Charlie	731	+	72	70731540	60012
chr14	70671528	70871528	harbor1	chr14	70736347	70736477	DNA/hAT-Charlie	433	+	65	70736412	64884
chr14	70671528	70871528	harbor1	chr14	70737844	70738061	DNA/hAT-Charlie	955	+	108	70737952	66424
chr14	26240929	26440929	harbor1	chr14	26333697	26333860	DNA/hAT-Charlie	608	+	82	26333779	92850
chr14	88015852	88215852	harbor1	chr14	88103298	88103511	DNA/hAT-Charlie	1120	+	106	88103404	87552
chr14	101402711	101602711	harbor1	chr14	101404726	101404905	DNA/hAT-Charlie	501	+	90	101404816	2105
chr14	101402711	101602711	harbor1	chr14	101414778	101414949	DNA/hAT-Charlie	821	+	86	101414864	12153
chr14	101402711	101602711	harbor1	chr14	101435700	101435912	DNA/hAT-Charlie	1045	+	106	101435806	33095
chr14	101402711	101602711	harbor1	chr14	101437828	101438261	DNA/hAT-Charlie	2058	+	216	101438044	35333
chr14	101402711	101602711	harbor1	chr14	101438632	101438880	DNA/hAT-Charlie	421	+	124	101438756	36045
chr14	55407632	55607632	harbor1	chr14	55423533	55423833	DNA/hAT-Charlie	1044	+	150	55423683	16051
chr14	55407632	55607632	harbor1	chr14	55428457	55428614	DNA/hAT-Charlie	455	+	78	55428535	20903
chr14	55407632	55607632	harbor1	chr14	55429271	55429441	DNA/hAT-Charlie	1037	+	85	55429356	21724
chr14	55407632	55607632	harbor1	chr14	55483891	55484048	DNA/hAT-Charlie	764	+	78	55483969	76337
chr14	55407632	55607632	harbor1	chr14	55486687	55486891	DNA/hAT-Charlie	772	+	102	55486789	79157
chr14	55407632	55607632	harbor1	chr14	55487198	55487235	DNA/hAT-Charlie	772	+	18	55487216	79584
chr14	55407632	55607632	harbor1	chr14	55487929	55488062	DNA/hAT-Charlie	561	+	66	55487995	80363
chr14	48189103	48389103	harbor1	chr14	48198032	48198271	DNA/hAT-Charlie	716	+	120	48198152	9049
chr14	48189103	48389103	harbor1	chr14	48227507	48227703	DNA/hAT-Charlie	804	+	98	48227605	38502
chr14	48189103	48389103	harbor1	chr14	48230236	48230444	DNA/hAT-Charlie	1158	+	104	48230340	41237
chr14	20030960	20230960	harbor1	chr14	20050611	20051456	DNA/hAT-Charlie	1853	+	422	20051033	20073
chr14	20030960	20230960	harbor1	chr14	20051899	20052234	DNA/hAT-Charlie	453	+	168	20052067	21107
chr14	101566414	101766414	harbor1	chr14	101636978	101637185	DNA/hAT-Charlie	529	+	104	101637082	70668
chr14	101566414	101766414	harbor1	chr14	101638010	101639584	DNA/hAT-Charlie	6654	+	787	101638797	72383
chr14	58823702	59023702	harbor1	chr14	58842380	58842556	DNA/hAT-Charlie	718	+	88	58842468	18766
chr14	58823702	59023702	harbor1	chr14	58912085	58912466	DNA/hAT-Charlie	501	+	190	58912275	88573
chr14	88339182	88539182	harbor1	chr14	88384770	88384987	DNA/hAT-Charlie	762	+	108	88384878	45696
chr14	88339182	88539182	harbor1	chr14	88393963	88394268	DNA/hAT-Charlie	1136	+	152	88394115	54933
chr14	84253716	84453716	harbor1	chr14	84292892	84293073	DNA/hAT-Charlie	672	+	90	84292982	39266
chr14	67363483	67563483	harbor1	chr14	67390015	67390325	DNA/hAT-Charlie	441	+	155	67390170	26687
chr14	67363483	67563483	harbor1	chr14	67439632	67439816	DNA/hAT-Charlie	443	+	92	67439724	76241
chr14	67363483	67563483	harbor1	chr14	67446821	67446999	DNA/hAT-Charlie	726	+	89	67446910	83427
chr14	103412962	103612962	harbor1	chr14	103425995	103426203	DNA/hAT-Charlie	1090	+	104	103426099	13137
chr14	103412962	103612962	harbor1	chr14	103426203	103426398	DNA/hAT-Charlie	544	+	98	103426301	13339
chr14	103412962	103612962	harbor1	chr14	103469022	103469133	DNA/hAT-Charlie	502	+	56	103469078	56116
chr14	103412962	103612962	harbor1	chr14	103469739	103469780	DNA/hAT-Charlie	502	+	20	103469759	56797
chr14	103412962	103612962	harbor1	chr14	103470077	103470138	DNA/hAT-Charlie	502	+	30	103470107	57145
chr14	81914270	82114270	harbor1	chr14	81996805	81996885	DNA/hAT-Charlie	429	+	40	81996845	82575
chr14	81914270	82114270	harbor1	chr14	82000765	82000913	DNA/hAT-Charlie	653	+	74	82000839	86569
chr14	103499765	103699765	harbor1	chr14	103517175	103517353	DNA/hAT-Charlie	660	+	89	103517264	17499
chr14	103499765	103699765	harbor1	chr14	103553761	103553871	DNA/hAT-Charlie	488	+	55	103553816	54051
chr14	93944237	94144237	harbor1	chr14	93963509	93963817	DNA/hAT-Charlie	1074	+	154	93963663	19426
chr14	93944237	94144237	harbor1	chr14	93984767	93984957	DNA/hAT-Charlie	732	+	95	93984862	40625
chr14	93944237	94144237	harbor1	chr14	94009831	94010006	DNA/hAT-Charlie	460	+	88	94009919	65682
chr14	57559874	57759874	harbor1	chr14	57599311	57599454	DNA/hAT-Charlie	618	+	72	57599383	39509
chr14	57559874	57759874	harbor1	chr14	57626461	57626631	DNA/hAT-Charlie	486	+	85	57626546	66672
chr14	57559874	57759874	harbor1	chr14	57652465	57652643	DNA/hAT-Charlie	677	+	89	57652554	92680
chr14	89554168	89754168	harbor1	chr14	89570574	89570800	DNA/hAT-Charlie	1613	+	113	89570687	16519
chr14	89554168	89754168	harbor1	chr14	89645714	89645908	DNA/hAT-Charlie	603	+	97	89645811	91643
chr14	89554168	89754168	harbor1	chr14	89647238	89647516	DNA/hAT-Charlie	1522	+	139	89647377	93209
chr14	56114935	56314935	harbor1	chr14	56115943	56116222	DNA/hAT-Charlie	829	+	140	56116083	1148
chr14	56114935	56314935	harbor1	chr14	56122653	56122790	DNA/hAT-Charlie	594	+	68	56122721	7786
chr14	56114935	56314935	harbor1	chr14	56122792	56123006	DNA/hAT-Charlie	811	+	107	56122899	7964
chr14	56114935	56314935	harbor1	chr14	56124320	56124409	DNA/hAT-Charlie	472	+	44	56124364	9429
chr14	56114935	56314935	harbor1	chr14	56156592	56156796	DNA/hAT-Charlie	959	+	102	56156694	41759
chr14	56114935	56314935	harbor1	chr14	56173278	56173445	DNA/hAT-Charlie	422	+	84	56173362	58427
chr14	56114935	56314935	harbor1	chr14	56208466	56209728	DNA/hAT-Charlie	6143	+	631	56209097	94162
chr14	78351073	78551073	harbor1	chr14	78361153	78361310	DNA/hAT-Charlie	479	+	78	78361231	10158
chr14	78351073	78551073	harbor1	chr14	78388539	78388705	DNA/hAT-Charlie	925	+	83	78388622	37549
chr14	78351073	78551073	harbor1	chr14	78390235	78390380	DNA/hAT-Charlie	690	+	72	78390307	39234
chr14	78351073	78551073	harbor1	chr14	78436524	78436726	DNA/hAT-Charlie	930	+	101	78436625	85552
chr14	78351073	78551073	harbor1	chr14	78364451	78365065	DNA/hAT-Charlie	1462	+	307	78364758	13685
chr14	54854988	55054988	harbor1	chr14	54916312	54916872	DNA/hAT-Charlie	1410	+	280	54916592	61604
chr14	54854988	55054988	harbor1	chr14	54916931	54917135	DNA/hAT-Charlie	642	+	102	54917033	62045
chr14	54854988	55054988	harbor1	chr14	54917595	54917902	DNA/hAT-Charlie	1360	+	154	54917749	62761
chr14	54854988	55054988	harbor1	chr14	54918209	54918237	DNA/hAT-Charlie	1360	+	14	54918223	63235
chr14	54854988	55054988	harbor1	chr14	54926309	54926395	DNA/hAT-Charlie	613	+	43	54926352	71364
chr14	54854988	55054988	harbor1	chr14	54926693	54926779	DNA/hAT-Charlie	613	+	43	54926736	71748
chr14	54355858	54555858	harbor1	chr14	54374398	54374578	DNA/hAT-Charlie	985	+	90	54374488	18630
chr14	54355858	54555858	harbor1	chr14	54429215	54429429	DNA/hAT-Charlie	1127	+	107	54429322	73464
chr14	54355858	54555858	harbor1	chr14	54442520	54442704	DNA/hAT-Charlie	931	+	92	54442612	86754
chr14	89628980	89828980	harbor1	chr14	89645714	89645908	DNA/hAT-Charlie	603	+	97	89645811	16831
chr14	89628980	89828980	harbor1	chr14	89647238	89647516	DNA/hAT-Charlie	1522	+	139	89647377	18397
chr14	89628980	89828980	harbor1	chr14	89679191	89679419	DNA/hAT-Charlie	1350	+	114	89679305	50325
chr14	89628980	89828980	harbor1	chr14	89679717	89679767	DNA/hAT-Charlie	1350	+	25	89679742	50762
chr14	89628980	89828980	harbor1	chr14	89680038	89680179	DNA/hAT-Charlie	522	+	70	89680108	51128
chr14	65049969	65249969	harbor1	chr14	65085007	65085301	DNA/hAT-Charlie	814	+	147	65085154	35185
chr14	65049969	65249969	harbor1	chr14	65100040	65100169	DNA/hAT-Charlie	504	+	64	65100104	50135
chr14	65049969	65249969	harbor1	chr14	65100479	65100639	DNA/hAT-Charlie	504	+	80	65100559	50590
chr14	65049969	65249969	harbor1	chr14	65104533	65104720	DNA/hAT-Charlie	682	+	94	65104627	54658
chr14	65049969	65249969	harbor1	chr14	65106251	65106366	DNA/hAT-Charlie	585	+	58	65106309	56340
chr14	65049969	65249969	harbor1	chr14	65143065	65143386	DNA/hAT-Charlie	1609	+	160	65143225	93256
chr14	65049969	65249969	harbor1	chr14	65143419	65143661	DNA/hAT-Charlie	478	+	121	65143540	93571
chr14	53274795	53474795	harbor1	chr14	53342185	53342380	DNA/hAT-Charlie	939	+	98	53342283	67488
chr14	53274795	53474795	harbor1	chr14	53351153	53352150	DNA/hAT-Charlie	4654	+	498	53351651	76856
chr14	53274795	53474795	harbor1	chr14	53353849	53353986	DNA/hAT-Charlie	597	+	68	53353917	79122
chr14	53274795	53474795	harbor1	chr14	53372423	53372600	DNA/hAT-Charlie	984	+	88	53372511	97716
chr14	68352781	68552781	harbor1	chr14	68383279	68383460	DNA/hAT-Charlie	702	+	90	68383369	30588
chr14	68352781	68552781	harbor1	chr14	68387792	68388054	DNA/hAT-Charlie	1162	+	131	68387923	35142
chr14	68352781	68552781	harbor1	chr14	68388080	68388094	DNA/hAT-Charlie	1162	+	7	68388087	35306
chr14	68352781	68552781	harbor1	chr14	68388398	68388409	DNA/hAT-Charlie	1229	+	6	68388404	35623
chr14	68352781	68552781	harbor1	chr14	68408745	68408927	DNA/hAT-Charlie	423	+	91	68408836	56055
chr14	68352781	68552781	harbor1	chr14	68409211	68409391	DNA/hAT-Charlie	590	+	90	68409301	56520
chr14	68352781	68552781	harbor1	chr14	68415061	68415241	DNA/hAT-Charlie	783	+	90	68415151	62370
chr14	49010037	49210037	harbor1	chr14	49037321	49037484	DNA/hAT-Charlie	951	+	82	49037403	27366
chr14	49010037	49210037	harbor1	chr14	49037816	49037992	DNA/hAT-Charlie	648	+	88	49037904	27867
chr14	54172065	54372065	harbor1	chr14	54244772	54245047	DNA/hAT-Charlie	818	+	138	54244910	72845
chr14	54172065	54372065	harbor1	chr14	54249111	54249388	DNA/hAT-Charlie	477	+	138	54249249	77184
chr14	36891476	37091476	harbor1	chr14	36903312	36903365	DNA/hAT-Charlie	621	+	26	36903338	11862
chr14	36891476	37091476	harbor1	chr14	36903643	36903802	DNA/hAT-Charlie	621	+	80	36903723	12247
chr14	36891476	37091476	harbor1	chr14	36908513	36908726	DNA/hAT-Charlie	905	+	106	36908619	17143
chr14	36891476	37091476	harbor1	chr14	36948652	36948954	DNA/hAT-Charlie	1252	+	151	36948803	57327
chr14	36891476	37091476	harbor1	chr14	36949928	36950132	DNA/hAT-Charlie	851	+	102	36950030	58554
chr14	36709619	36909619	harbor1	chr14	36722077	36722229	DNA/hAT-Charlie	1132	+	76	36722153	12534
chr14	36709619	36909619	harbor1	chr14	36722600	36722726	DNA/hAT-Charlie	1132	+	63	36722663	13044
chr14	58340777	58540777	harbor1	chr14	58357497	58357726	DNA/hAT-Charlie	1426	+	114	58357611	16834
chr14	58340777	58540777	harbor1	chr14	58405897	58405992	DNA/hAT-Charlie	455	+	48	58405945	65168
chr14	104887600	105087600	harbor1	chr14	104964955	104965165	DNA/hAT-Charlie	1254	+	105	104965060	77460
chr14	75465146	75665146	harbor1	chr14	75514266	75514476	DNA/hAT-Charlie	1035	+	105	75514371	49225
chr14	75465146	75665146	harbor1	chr14	75538297	75538455	DNA/hAT-Charlie	594	+	79	75538376	73230
chr14	75465146	75665146	harbor1	chr14	75541185	75541282	DNA/hAT-Charlie	419	+	48	75541233	76087
chr14	75465146	75665146	harbor1	chr14	75552991	75553209	DNA/hAT-Charlie	983	+	109	75553100	87954
chr14	43077792	43277792	harbor1	chr14	43112054	43112528	DNA/hAT-Charlie	3108	+	237	43112291	34499
chr14	60034637	60234637	harbor1	chr14	60103220	60103486	DNA/hAT-Charlie	703	+	133	60103353	68716
chr14	60034637	60234637	harbor1	chr14	60122894	60123080	DNA/hAT-Charlie	874	+	93	60122987	88350
chr14	47016503	47216503	harbor1	chr14	47025534	47025716	DNA/hAT-Charlie	666	+	91	47025625	9122
chr14	47016503	47216503	harbor1	chr14	47055687	47055901	DNA/hAT-Charlie	999	+	107	47055794	39291
chr14	47016503	47216503	harbor1	chr14	47072565	47072746	DNA/hAT-Charlie	690	+	90	47072655	56152
chr14	82254737	82454737	harbor1	chr14	82292481	82292743	DNA/hAT-Charlie	744	+	131	82292612	37875
chr14	82254737	82454737	harbor1	chr14	82314045	82314259	DNA/hAT-Charlie	1052	+	107	82314152	59415
chr14	54877183	55077183	harbor1	chr14	54916312	54916872	DNA/hAT-Charlie	1410	+	280	54916592	39409
chr14	54877183	55077183	harbor1	chr14	54916931	54917135	DNA/hAT-Charlie	642	+	102	54917033	39850
chr14	54877183	55077183	harbor1	chr14	54917595	54917902	DNA/hAT-Charlie	1360	+	154	54917749	40566
chr14	54877183	55077183	harbor1	chr14	54918209	54918237	DNA/hAT-Charlie	1360	+	14	54918223	41040
chr14	54877183	55077183	harbor1	chr14	54926309	54926395	DNA/hAT-Charlie	613	+	43	54926352	49169
chr14	54877183	55077183	harbor1	chr14	54926693	54926779	DNA/hAT-Charlie	613	+	43	54926736	49553
chr14	43326571	43526571	harbor1	chr14	43362556	43362889	DNA/hAT-Charlie	1582	+	166	43362722	36151
chr14	78148357	78348357	harbor1	chr14	78163190	78163410	DNA/hAT-Charlie	540	+	110	78163300	14943
chr14	78148357	78348357	harbor1	chr14	78180886	78181023	DNA/hAT-Charlie	527	+	68	78180954	32597
chr14	78148357	78348357	harbor1	chr14	78200408	78200576	DNA/hAT-Charlie	845	+	84	78200492	52135
chr14	78148357	78348357	harbor1	chr14	78217392	78217518	DNA/hAT-Charlie	746	+	63	78217455	69098
chr14	78148357	78348357	harbor1	chr14	78245227	78245392	DNA/hAT-Charlie	727	+	82	78245309	96952
chr14	87110988	87310988	harbor1	chr14	87132754	87133048	DNA/hAT-Charlie	489	+	147	87132901	21913
chr14	87110988	87310988	harbor1	chr14	87144162	87144364	DNA/hAT-Charlie	632	+	101	87144263	33275
chr14	87110988	87310988	harbor1	chr14	87200432	87200579	DNA/hAT-Charlie	694	+	74	87200506	89518
chr14	88552685	88752685	harbor1	chr14	88564508	88565152	DNA/hAT-Charlie	3353	+	322	88564830	12145
chr14	88552685	88752685	harbor1	chr14	88565441	88565865	DNA/hAT-Charlie	3353	+	212	88565653	12968
chr14	88552685	88752685	harbor1	chr14	88566180	88566379	DNA/hAT-Charlie	3353	+	100	88566280	13595
chr14	88552685	88752685	harbor1	chr14	88581985	88582097	DNA/hAT-Charlie	536	+	56	88582041	29356
chr14	91172117	91372117	harbor1	chr14	91172384	91172641	DNA/hAT-Charlie	1693	+	128	91172512	395
chr14	91172117	91372117	harbor1	chr14	91172944	91173106	DNA/hAT-Charlie	1693	+	81	91173025	908
chr14	91172117	91372117	harbor1	chr14	91245063	91245242	DNA/hAT-Charlie	475	+	90	91245153	73036
chr14	91172117	91372117	harbor1	chr14	91262560	91262823	DNA/hAT-Charlie	729	+	132	91262692	90575
chr14	35461700	35661700	harbor1	chr14	35506410	35506569	DNA/hAT-Charlie	504	+	80	35506490	44790
chr14	35461700	35661700	harbor1	chr14	35519746	35519934	DNA/hAT-Charlie	995	+	94	35519840	58140
chr14	66887854	67087854	harbor1	chr14	66957728	66958051	DNA/hAT-Charlie	1881	+	162	66957890	70036
chr14	63234170	63434170	harbor1	chr14	63255422	63255545	DNA/hAT-Charlie	479	+	62	63255484	21314
chr14	63234170	63434170	harbor1	chr14	63271958	63272111	DNA/hAT-Charlie	764	+	76	63272034	37864
chr14	63234170	63434170	harbor1	chr14	63286510	63286750	DNA/hAT-Charlie	485	+	120	63286630	52460
chr14	63234170	63434170	harbor1	chr14	63289121	63289425	DNA/hAT-Charlie	733	+	152	63289273	55103
chr14	63234170	63434170	harbor1	chr14	63297515	63297680	DNA/hAT-Charlie	920	+	82	63297597	63427
chr14	63234170	63434170	harbor1	chr14	63275004	63275123	DNA/hAT-Charlie	613	+	60	63275064	40894
chr14	23540240	23740240	harbor1	chr14	23574475	23574584	DNA/hAT-Charlie	453	+	54	23574529	34289
chr14	23540240	23740240	harbor1	chr14	23574659	23574823	DNA/hAT-Charlie	740	+	82	23574741	34501
chr14	23540240	23740240	harbor1	chr14	23574936	23575017	DNA/hAT-Charlie	740	+	40	23574976	34736
chr14	23540240	23740240	harbor1	chr14	23607847	23607927	DNA/hAT-Charlie	1555	+	40	23607887	67647
chr14	23540240	23740240	harbor1	chr14	23608244	23608509	DNA/hAT-Charlie	1555	+	132	23608376	68136
chr14	94629501	94829501	harbor1	chr14	94714414	94714533	DNA/hAT-Charlie	790	+	60	94714474	84973
chr14	94629501	94829501	harbor1	chr14	94715132	94715240	DNA/hAT-Charlie	790	+	54	94715186	85685
chr14	94629501	94829501	harbor1	chr14	94716414	94716750	DNA/hAT-Charlie	1724	+	168	94716582	87081
chr14	94629501	94829501	harbor1	chr14	94716842	94717008	DNA/hAT-Charlie	1041	+	83	94716925	87424
chr14	94629501	94829501	harbor1	chr14	94720069	94720277	DNA/hAT-Charlie	543	+	104	94720173	90672
chr14	94629501	94829501	harbor1	chr14	94721997	94722184	DNA/hAT-Charlie	453	+	94	94722091	92590
chr14	24234656	24434656	harbor1	chr14	24275916	24276076	DNA/hAT-Charlie	887	+	80	24275996	41340
chr14	24234656	24434656	harbor1	chr14	24320708	24320900	DNA/hAT-Charlie	1011	+	96	24320804	86148
chr14	56767225	56967225	harbor1	chr14	56780875	56780993	DNA/hAT-Charlie	561	+	59	56780934	13709
chr14	56767225	56967225	harbor1	chr14	56783072	56783144	DNA/hAT-Charlie	753	+	36	56783108	15883
chr14	56767225	56967225	harbor1	chr14	56783436	56783537	DNA/hAT-Charlie	753	+	50	56783486	16261
chr14	56767225	56967225	harbor1	chr14	56822377	56822573	DNA/hAT-Charlie	1155	+	98	56822475	55250
chr14	27003425	27203425	harbor1	chr14	27004717	27005091	DNA/hAT-Charlie	1991	+	187	27004904	1479
chr15	42947320	43147320	harbor1	chr15	42955199	42955748	DNA/hAT-Charlie	1045	+	274	42955473	8153
chr15	42947320	43147320	harbor1	chr15	42977112	42977291	DNA/hAT-Charlie	563	+	90	42977202	29882
chr15	42947320	43147320	harbor1	chr15	42996971	42997496	DNA/hAT-Charlie	3686	+	262	42997233	49913
chr15	39807874	40007874	harbor1	chr15	39853627	39853846	DNA/hAT-Charlie	1198	+	110	39853737	45863
chr15	39807874	40007874	harbor1	chr15	39871153	39871289	DNA/hAT-Charlie	422	+	68	39871221	63347
chr15	39807874	40007874	harbor1	chr15	39881590	39883044	DNA/hAT-Charlie	3810	+	727	39882317	74443
chr15	39807874	40007874	harbor1	chr15	39883071	39883386	DNA/hAT-Charlie	504	+	158	39883229	75355
chr15	39807874	40007874	harbor1	chr15	39883530	39883662	DNA/hAT-Charlie	504	+	66	39883596	75722
chr15	39807874	40007874	harbor1	chr15	39899055	39899152	DNA/hAT-Charlie	488	+	48	39899103	91229
chr15	33641088	33841088	harbor1	chr15	33659008	33659228	DNA/hAT-Charlie	962	+	110	33659118	18030
chr15	33641088	33841088	harbor1	chr15	33667288	33667776	DNA/hAT-Charlie	1813	+	244	33667532	26444
chr15	33641088	33841088	harbor1	chr15	33732656	33732834	DNA/hAT-Charlie	583	+	89	33732745	91657
chr15	101782193	101982193	harbor1	chr15	101783381	101783525	DNA/hAT-Charlie	753	+	72	101783453	1260
chr15	67267631	67467631	harbor1	chr15	67310148	67310441	DNA/hAT-Charlie	600	+	146	67310294	42663
chr15	67267631	67467631	harbor1	chr15	67310531	67310708	DNA/hAT-Charlie	494	+	88	67310619	42988
chr15	67267631	67467631	harbor1	chr15	67311214	67311580	DNA/hAT-Charlie	1144	+	183	67311397	43766
chr15	67267631	67467631	harbor1	chr15	67312282	67312410	DNA/hAT-Charlie	682	+	64	67312346	44715
chr15	67267631	67467631	harbor1	chr15	67320767	67321048	DNA/hAT-Charlie	892	+	140	67320907	53276
chr15	61023704	61223704	harbor1	chr15	61033635	61033787	DNA/hAT-Charlie	754	+	76	61033711	10007
chr15	61023704	61223704	harbor1	chr15	61033907	61034096	DNA/hAT-Charlie	915	+	94	61034001	10297
chr15	61023704	61223704	harbor1	chr15	61044378	61044707	DNA/hAT-Charlie	1035	+	164	61044542	20838
chr15	61023704	61223704	harbor1	chr15	61044743	61044879	DNA/hAT-Charlie	891	+	68	61044811	21107
chr15	61023704	61223704	harbor1	chr15	61050108	61050311	DNA/hAT-Charlie	793	+	102	61050210	26506
chr15	61023704	61223704	harbor1	chr15	61075154	61075265	DNA/hAT-Charlie	468	+	56	61075210	51506
chr15	61023704	61223704	harbor1	chr15	61086764	61086890	DNA/hAT-Charlie	829	+	63	61086827	63123
chr15	61023704	61223704	harbor1	chr15	61087184	61087237	DNA/hAT-Charlie	829	+	26	61087210	63506
chr15	61023704	61223704	harbor1	chr15	61108406	61108621	DNA/hAT-Charlie	973	+	108	61108514	84810
chr15	61023704	61223704	harbor1	chr15	61112064	61112264	DNA/hAT-Charlie	716	+	100	61112164	88460
chr15	91169839	91369839	harbor1	chr15	91220328	91220517	DNA/hAT-Charlie	664	+	94	91220422	50583
chr15	91169839	91369839	harbor1	chr15	91237455	91237621	DNA/hAT-Charlie	532	+	83	91237538	67699
chr15	91169839	91369839	harbor1	chr15	91242846	91243083	DNA/hAT-Charlie	585	+	118	91242964	73125
chr15	91169839	91369839	harbor1	chr15	91248669	91248832	DNA/hAT-Charlie	1047	+	82	91248751	78912
chr15	52886198	53086198	harbor1	chr15	52941706	52941864	DNA/hAT-Charlie	847	+	79	52941785	55587
chr15	52886198	53086198	harbor1	chr15	52956492	52956635	DNA/hAT-Charlie	566	+	72	52956564	70366
chr15	52886198	53086198	harbor1	chr15	52963623	52963767	DNA/hAT-Charlie	600	+	72	52963695	77497
chr15	25837206	26037206	harbor1	chr15	25846786	25846988	DNA/hAT-Charlie	458	+	101	25846887	9681
chr15	25837206	26037206	harbor1	chr15	25869186	25869340	DNA/hAT-Charlie	432	+	77	25869263	32057
chr15	25837206	26037206	harbor1	chr15	25905382	25905519	DNA/hAT-Charlie	2470	+	68	25905450	68244
chr15	25837206	26037206	harbor1	chr15	25905804	25906389	DNA/hAT-Charlie	2470	+	292	25906096	68890
chr15	25837206	26037206	harbor1	chr15	25906687	25906916	DNA/hAT-Charlie	2470	+	114	25906801	69595
chr15	25837206	26037206	harbor1	chr15	25909592	25909706	DNA/hAT-Charlie	491	+	57	25909649	72443
chr15	25837206	26037206	harbor1	chr15	25931657	25931857	DNA/hAT-Charlie	760	+	100	25931757	94551
chr15	32828153	33028153	harbor1	chr15	32906219	32906554	DNA/hAT-Charlie	1593	+	168	32906387	78234
chr15	32828153	33028153	harbor1	chr15	32908662	32908830	DNA/hAT-Charlie	546	+	84	32908746	80593
chr15	32828153	33028153	harbor1	chr15	32918954	32919544	DNA/hAT-Charlie	1255	+	295	32919249	91096
chr15	67665317	67865317	harbor1	chr15	67685797	67686012	DNA/hAT-Charlie	918	+	108	67685905	20588
chr15	67665317	67865317	harbor1	chr15	67689907	67690129	DNA/hAT-Charlie	1246	+	111	67690018	24701
chr15	67665317	67865317	harbor1	chr15	67696290	67696480	DNA/hAT-Charlie	987	+	95	67696385	31068
chr15	38841766	39041766	harbor1	chr15	38876029	38876279	DNA/hAT-Charlie	596	+	125	38876154	34388
chr15	38841766	39041766	harbor1	chr15	38914432	38914604	DNA/hAT-Charlie	842	+	86	38914518	72752
chr15	38841766	39041766	harbor1	chr15	38936398	38936682	DNA/hAT-Charlie	531	+	142	38936540	94774
chr15	22437894	22637894	harbor1	chr15	22484009	22484216	DNA/hAT-Charlie	1337	+	104	22484113	46219
chr15	22894596	23094596	harbor1	chr15	22904468	22904677	DNA/hAT-Charlie	595	+	104	22904572	9976
chr15	22894596	23094596	harbor1	chr15	22932375	22932569	DNA/hAT-Charlie	610	+	97	22932472	37876
chr15	22894596	23094596	harbor1	chr15	22933182	22933309	DNA/hAT-Charlie	725	+	64	22933246	38650
chr15	22894596	23094596	harbor1	chr15	22933614	22933680	DNA/hAT-Charlie	725	+	33	22933647	39051
chr15	62262512	62462512	harbor1	chr15	62271762	62271916	DNA/hAT-Charlie	888	+	77	62271839	9327
chr15	62262512	62462512	harbor1	chr15	62298583	62298653	DNA/hAT-Charlie	740	+	35	62298618	36106
chr15	62262512	62462512	harbor1	chr15	62298930	62299049	DNA/hAT-Charlie	740	+	60	62298990	36478
chr15	62262512	62462512	harbor1	chr15	62322361	62322588	DNA/hAT-Charlie	530	+	114	62322475	59963
chr15	62262512	62462512	harbor1	chr15	62326709	62326843	DNA/hAT-Charlie	625	+	67	62326776	64264
chr15	72036199	72236199	harbor1	chr15	72039220	72039420	DNA/hAT-Charlie	571	+	100	72039320	3121
chr15	72036199	72236199	harbor1	chr15	72049515	72049883	DNA/hAT-Charlie	1965	+	184	72049699	13500
chr15	72036199	72236199	harbor1	chr15	72119240	72119407	DNA/hAT-Charlie	509	+	84	72119324	83125
chr15	49688648	49888648	harbor1	chr15	49716003	49716155	DNA/hAT-Charlie	499	+	76	49716079	27431
chr15	73871405	74071405	harbor1	chr15	73874634	73874819	DNA/hAT-Charlie	725	+	92	73874726	3321
chr15	73871405	74071405	harbor1	chr15	73879535	73879689	DNA/hAT-Charlie	697	+	77	73879612	8207
chr15	73871405	74071405	harbor1	chr15	73895030	73895181	DNA/hAT-Charlie	659	+	76	73895106	23701
chr15	73871405	74071405	harbor1	chr15	73913420	73913710	DNA/hAT-Charlie	720	+	145	73913565	42160
chr15	73871405	74071405	harbor1	chr15	73943911	73944134	DNA/hAT-Charlie	915	+	112	73944023	72618
chr15	64039475	64239475	harbor1	chr15	64049434	64049573	DNA/hAT-Charlie	608	+	70	64049504	10029
chr15	64039475	64239475	harbor1	chr15	64070880	64071204	DNA/hAT-Charlie	1534	+	162	64071042	31567
chr15	64039475	64239475	harbor1	chr15	64113313	64113522	DNA/hAT-Charlie	1125	+	104	64113417	73942
chr15	64039475	64239475	harbor1	chr15	64125806	64125940	DNA/hAT-Charlie	595	+	67	64125873	86398
chr15	29624672	29824672	harbor1	chr15	29638458	29638593	DNA/hAT-Charlie	426	+	68	29638526	13854
chr15	29624672	29824672	harbor1	chr15	29702491	29702664	DNA/hAT-Charlie	642	+	86	29702577	77905
chr15	61209020	61409020	harbor1	chr15	61233859	61234161	DNA/hAT-Charlie	1190	+	151	61234010	24990
chr15	61209020	61409020	harbor1	chr15	61237459	61237547	DNA/hAT-Charlie	439	+	44	61237503	28483
chr15	61209020	61409020	harbor1	chr15	61238077	61238264	DNA/hAT-Charlie	1033	+	94	61238171	29151
chr15	61209020	61409020	harbor1	chr15	61251084	61252597	DNA/hAT-Charlie	3453	+	756	61251840	42820
chr15	61209020	61409020	harbor1	chr15	61257204	61257447	DNA/hAT-Charlie	525	+	122	61257326	48306
chr15	61209020	61409020	harbor1	chr15	61257456	61257811	DNA/hAT-Charlie	1586	+	178	61257634	48614
chr15	61209020	61409020	harbor1	chr15	61271928	61272084	DNA/hAT-Charlie	897	+	78	61272006	62986
chr15	61209020	61409020	harbor1	chr15	61302411	61302739	DNA/hAT-Charlie	2502	+	164	61302575	93555
chr15	61209020	61409020	harbor1	chr15	61303047	61303169	DNA/hAT-Charlie	2502	+	61	61303108	94088
chr15	30369470	30569470	harbor1	chr15	30385331	30385556	DNA/hAT-Charlie	1626	+	112	30385443	15973
chr15	30369470	30569470	harbor1	chr15	30433039	30433174	DNA/hAT-Charlie	539	+	68	30433107	63637
chr15	46632857	46832857	harbor1	chr15	46674718	46675552	DNA/hAT-Charlie	1133	+	417	46675135	42278
chr15	28598269	28798269	harbor1	chr15	28639709	28640030	DNA/hAT-Charlie	1035	+	160	28639869	41600
chr15	28598269	28798269	harbor1	chr15	28658993	28659131	DNA/hAT-Charlie	461	+	69	28659062	60793
chr15	28598269	28798269	harbor1	chr15	28661822	28661995	DNA/hAT-Charlie	905	+	86	28661908	63639
chr15	70010239	70210239	harbor1	chr15	70036186	70036348	DNA/hAT-Charlie	532	+	81	70036267	26028
chr15	70010239	70210239	harbor1	chr15	70047352	70047553	DNA/hAT-Charlie	479	+	100	70047452	37213
chr15	70010239	70210239	harbor1	chr15	70072692	70072863	DNA/hAT-Charlie	739	+	86	70072778	62539
chr15	70010239	70210239	harbor1	chr15	70084237	70084439	DNA/hAT-Charlie	841	+	101	70084338	74099
chr15	70010239	70210239	harbor1	chr15	70104919	70105125	DNA/hAT-Charlie	1046	+	103	70105022	94783
chr15	78488864	78688864	harbor1	chr15	78502379	78502676	DNA/hAT-Charlie	660	+	148	78502527	13663
chr15	78488864	78688864	harbor1	chr15	78525814	78525955	DNA/hAT-Charlie	488	+	70	78525884	37020
chr15	78488864	78688864	harbor1	chr15	78528131	78528406	DNA/hAT-Charlie	1918	+	138	78528269	39405
chr15	78488864	78688864	harbor1	chr15	78530502	78530660	DNA/hAT-Charlie	737	+	79	78530581	41717
chr15	78488864	78688864	harbor1	chr15	78549602	78549750	DNA/hAT-Charlie	572	+	74	78549676	60812
chr15	78488864	78688864	harbor1	chr15	78573075	78573280	DNA/hAT-Charlie	1026	+	102	78573177	84313
chr15	67627180	67827180	harbor1	chr15	67685797	67686012	DNA/hAT-Charlie	918	+	108	67685905	58725
chr15	67627180	67827180	harbor1	chr15	67689907	67690129	DNA/hAT-Charlie	1246	+	111	67690018	62838
chr15	67627180	67827180	harbor1	chr15	67696290	67696480	DNA/hAT-Charlie	987	+	95	67696385	69205
chr15	84300251	84500251	harbor1	chr15	84324409	84324734	DNA/hAT-Charlie	856	+	162	84324571	24320
chr15	84300251	84500251	harbor1	chr15	84345264	84345471	DNA/hAT-Charlie	499	+	104	84345368	45117
chr15	84300251	84500251	harbor1	chr15	84377459	84377674	DNA/hAT-Charlie	1015	+	108	84377567	77316
chr15	96836054	97036054	harbor1	chr15	96879494	96879711	DNA/hAT-Charlie	940	+	108	96879602	43548
chr15	45379160	45579160	harbor1	chr15	45394066	45394412	DNA/hAT-Charlie	2250	+	173	45394239	15079
chr15	45379160	45579160	harbor1	chr15	45444134	45444264	DNA/hAT-Charlie	455	+	65	45444199	65039
chr15	45379160	45579160	harbor1	chr15	45444570	45444636	DNA/hAT-Charlie	455	+	33	45444603	65443
chr15	45379160	45579160	harbor1	chr15	45448859	45448964	DNA/hAT-Charlie	430	+	52	45448911	69751
chr15	45379160	45579160	harbor1	chr15	45451704	45452036	DNA/hAT-Charlie	2193	+	166	45451870	72710
chr15	45379160	45579160	harbor1	chr15	45467032	45467206	DNA/hAT-Charlie	831	+	87	45467119	87959
chr15	32860486	33060486	harbor1	chr15	32906219	32906554	DNA/hAT-Charlie	1593	+	168	32906387	45901
chr15	32860486	33060486	harbor1	chr15	32908662	32908830	DNA/hAT-Charlie	546	+	84	32908746	48260
chr15	32860486	33060486	harbor1	chr15	32918954	32919544	DNA/hAT-Charlie	1255	+	295	32919249	58763
chr15	40462636	40662636	harbor1	chr15	40500394	40500705	DNA/hAT-Charlie	1790	+	156	40500550	37914
chr15	62260779	62460779	harbor1	chr15	62271762	62271916	DNA/hAT-Charlie	888	+	77	62271839	11060
chr15	62260779	62460779	harbor1	chr15	62298583	62298653	DNA/hAT-Charlie	740	+	35	62298618	37839
chr15	62260779	62460779	harbor1	chr15	62298930	62299049	DNA/hAT-Charlie	740	+	60	62298990	38211
chr15	62260779	62460779	harbor1	chr15	62322361	62322588	DNA/hAT-Charlie	530	+	114	62322475	61696
chr15	62260779	62460779	harbor1	chr15	62326709	62326843	DNA/hAT-Charlie	625	+	67	62326776	65997
chr15	95403544	95603544	harbor1	chr15	95451367	95451701	DNA/hAT-Charlie	1142	+	167	95451534	47990
chr15	95403544	95603544	harbor1	chr15	95468139	95468344	DNA/hAT-Charlie	669	+	102	95468241	64697
chr15	86265597	86465597	harbor1	chr15	86349286	86349387	DNA/hAT-Charlie	427	+	50	86349336	83739
chr15	47804796	48004796	harbor1	chr15	47849871	47850187	DNA/hAT-Charlie	1207	+	158	47850029	45233
chr15	47804796	48004796	harbor1	chr15	47881589	47881925	DNA/hAT-Charlie	2359	+	168	47881757	76961
chr15	86911759	87111759	harbor1	chr15	86948856	86949023	DNA/hAT-Charlie	647	+	84	86948940	37181
chr15	86911759	87111759	harbor1	chr15	86962721	86962881	DNA/hAT-Charlie	738	+	80	86962801	51042
chr15	36286259	36486259	harbor1	chr15	36332953	36333485	DNA/hAT-Charlie	3378	+	266	36333219	46960
chr15	68399907	68599907	harbor1	chr15	68405265	68405448	DNA/hAT-Charlie	552	+	92	68405357	5450
chr15	26646883	26846883	harbor1	chr15	26667676	26667854	DNA/hAT-Charlie	933	+	89	26667765	20882
chr15	26646883	26846883	harbor1	chr15	26656488	26656828	DNA/hAT-Charlie	2140	+	170	26656658	9775
chr15	55067203	55267203	harbor1	chr15	55111447	55111575	DNA/hAT-Charlie	687	+	64	55111511	44308
chr15	55067203	55267203	harbor1	chr15	55111879	55111936	DNA/hAT-Charlie	751	+	28	55111907	44704
chr15	55067203	55267203	harbor1	chr15	55125866	55125976	DNA/hAT-Charlie	533	+	55	55125921	58718
chr15	55067203	55267203	harbor1	chr15	55126066	55126169	DNA/hAT-Charlie	533	+	52	55126118	58915
chr15	55067203	55267203	harbor1	chr15	55127036	55127249	DNA/hAT-Charlie	1363	+	106	55127142	59939
chr15	55067203	55267203	harbor1	chr15	55129942	55130085	DNA/hAT-Charlie	508	+	72	55130014	62811
chr15	55067203	55267203	harbor1	chr15	55152392	55152530	DNA/hAT-Charlie	889	+	69	55152461	85258
chr15	49141211	49341211	harbor1	chr15	49165559	49165759	DNA/hAT-Charlie	545	+	100	49165659	24448
chr15	49141211	49341211	harbor1	chr15	49225287	49225623	DNA/hAT-Charlie	1971	+	168	49225455	84244
chr15	93593913	93793913	harbor1	chr15	93600705	93600900	DNA/hAT-Charlie	907	+	98	93600803	6890
chr15	93593913	93793913	harbor1	chr15	93634993	93635067	DNA/hAT-Charlie	457	+	37	93635030	41117
chr15	93593913	93793913	harbor1	chr15	93635378	93635496	DNA/hAT-Charlie	457	+	59	93635437	41524
chr15	51964115	52164115	harbor1	chr15	52024267	52024380	DNA/hAT-Charlie	499	+	56	52024323	60208
chr15	51964115	52164115	harbor1	chr15	52025366	52025520	DNA/hAT-Charlie	733	+	77	52025443	61328
chr15	51964115	52164115	harbor1	chr15	52025803	52025839	DNA/hAT-Charlie	733	+	18	52025821	61706
chr15	51964115	52164115	harbor1	chr15	52025958	52026104	DNA/hAT-Charlie	473	+	73	52026031	61916
chr15	79910115	80110115	harbor1	chr15	79911874	79912404	DNA/hAT-Charlie	3595	+	265	79912139	2024
chr15	79910115	80110115	harbor1	chr15	79914935	79915179	DNA/hAT-Charlie	514	+	122	79915057	4942
chr15	79910115	80110115	harbor1	chr15	79995473	79995777	DNA/hAT-Charlie	889	+	152	79995625	85510
chr15	32325787	32525787	harbor1	chr15	32412265	32412406	DNA/hAT-Charlie	433	+	70	32412335	86548
chr15	32325787	32525787	harbor1	chr15	32412695	32412710	DNA/hAT-Charlie	433	+	8	32412703	86916
chr15	30790215	30990215	harbor1	chr15	30810616	30810800	DNA/hAT-Charlie	425	+	92	30810708	20493
chr15	31697797	31897797	harbor1	chr15	31698424	31698571	DNA/hAT-Charlie	683	+	74	31698498	701
chr15	31697797	31897797	harbor1	chr15	31704954	31705088	DNA/hAT-Charlie	475	+	67	31705021	7224
chr15	31697797	31897797	harbor1	chr15	31705826	31705988	DNA/hAT-Charlie	627	+	81	31705907	8110
chr15	31697797	31897797	harbor1	chr15	31772508	31772679	DNA/hAT-Charlie	589	+	86	31772594	74797
chr15	31697797	31897797	harbor1	chr15	31783333	31784684	DNA/hAT-Charlie	4881	+	676	31784009	86212
chr15	71034183	71234183	harbor1	chr15	71073397	71073608	DNA/hAT-Charlie	588	+	106	71073503	39320
chr15	100135993	100335993	harbor1	chr15	100139374	100139554	DNA/hAT-Charlie	913	+	90	100139464	3471
chr15	100135993	100335993	harbor1	chr15	100166970	100167141	DNA/hAT-Charlie	787	+	86	100167056	31063
chr15	100135993	100335993	harbor1	chr15	100212448	100212554	DNA/hAT-Charlie	432	+	53	100212501	76508
chr15	58597968	58797968	harbor1	chr15	58631492	58631637	DNA/hAT-Charlie	643	+	72	58631564	33596
chr15	58597968	58797968	harbor1	chr15	58632444	58632604	DNA/hAT-Charlie	616	+	80	58632524	34556
chr15	58597968	58797968	harbor1	chr15	58676512	58676668	DNA/hAT-Charlie	626	+	78	58676590	78622
chr15	58597968	58797968	harbor1	chr15	58676832	58676995	DNA/hAT-Charlie	679	+	82	58676914	78946
chr15	66634386	66834386	harbor1	chr15	66648195	66648409	DNA/hAT-Charlie	537	+	107	66648302	13916
chr15	66634386	66834386	harbor1	chr15	66689229	66689301	DNA/hAT-Charlie	734	+	36	66689265	54879
chr15	66634386	66834386	harbor1	chr15	66689612	66689893	DNA/hAT-Charlie	734	+	140	66689752	55366
chr15	66634386	66834386	harbor1	chr15	66714312	66714613	DNA/hAT-Charlie	1472	+	150	66714462	80076
chr15	70377454	70577454	harbor1	chr15	70397653	70397795	DNA/hAT-Charlie	500	+	71	70397724	20270
chr15	70377454	70577454	harbor1	chr15	70414011	70414165	DNA/hAT-Charlie	589	+	77	70414088	36634
chr15	70377454	70577454	harbor1	chr15	70462119	70462340	DNA/hAT-Charlie	1317	+	110	70462229	84775
chr15	50193765	50393765	harbor1	chr15	50202134	50202351	DNA/hAT-Charlie	1210	+	108	50202242	8477
chr15	50193765	50393765	harbor1	chr15	50230879	50231032	DNA/hAT-Charlie	659	+	76	50230955	37190
chr15	50193765	50393765	harbor1	chr15	50232278	50232474	DNA/hAT-Charlie	1171	+	98	50232376	38611
chr15	50193765	50393765	harbor1	chr15	50239817	50240012	DNA/hAT-Charlie	861	+	98	50239915	46150
chr15	50193765	50393765	harbor1	chr15	50240139	50240315	DNA/hAT-Charlie	823	+	88	50240227	46462
chr15	50193765	50393765	harbor1	chr15	50245174	50245373	DNA/hAT-Charlie	808	+	100	50245274	51509
chr15	50193765	50393765	harbor1	chr15	50281618	50281782	DNA/hAT-Charlie	879	+	82	50281700	87935
chr15	23390412	23590412	harbor1	chr15	23397710	23397888	DNA/hAT-Charlie	802	+	89	23397799	7387
chr15	23390412	23590412	harbor1	chr15	23418012	23418133	DNA/hAT-Charlie	661	+	60	23418072	27660
chr15	23390412	23590412	harbor1	chr15	23437472	23437781	DNA/hAT-Charlie	986	+	154	23437626	47214
chr15	23390412	23590412	harbor1	chr15	23463652	23463806	DNA/hAT-Charlie	570	+	77	23463729	73317
chr15	51780928	51980928	harbor1	chr15	51794055	51794272	DNA/hAT-Charlie	1261	+	108	51794163	13235
chr15	51780928	51980928	harbor1	chr15	51855232	51855417	DNA/hAT-Charlie	1001	+	92	51855324	74396
chr15	41628899	41828899	harbor1	chr15	41672743	41672829	DNA/hAT-Charlie	459	+	43	41672786	43887
chr15	41628899	41828899	harbor1	chr15	41687204	41687532	DNA/hAT-Charlie	702	+	164	41687368	58469
chr15	41628899	41828899	harbor1	chr15	41728756	41728944	DNA/hAT-Charlie	570	+	94	41728850	99951
chr15	25595729	25795729	harbor1	chr15	25667287	25667403	DNA/hAT-Charlie	454	+	58	25667345	71616
chr15	25595729	25795729	harbor1	chr15	25667592	25667898	DNA/hAT-Charlie	957	+	153	25667745	72016
chr15	88382779	88582779	harbor1	chr15	88390164	88390494	DNA/hAT-Charlie	1602	+	165	88390329	7550
chr15	88382779	88582779	harbor1	chr15	88399995	88400195	DNA/hAT-Charlie	1068	+	100	88400095	17316
chr15	88382779	88582779	harbor1	chr15	88464016	88464236	DNA/hAT-Charlie	894	+	110	88464126	81347
chr15	88382779	88582779	harbor1	chr15	88471946	88472158	DNA/hAT-Charlie	1112	+	106	88472052	89273
chr15	79950500	80150500	harbor1	chr15	79995473	79995777	DNA/hAT-Charlie	889	+	152	79995625	45125
chr15	79950500	80150500	harbor1	chr15	80024998	80025527	DNA/hAT-Charlie	3708	+	264	80025262	74762
chr15	79950500	80150500	harbor1	chr15	80028876	80029020	DNA/hAT-Charlie	428	+	72	80028948	78448
chr15	79950500	80150500	harbor1	chr15	80036562	80036642	DNA/hAT-Charlie	441	+	40	80036602	86102
chr15	79950500	80150500	harbor1	chr15	80037870	80038021	DNA/hAT-Charlie	771	+	76	80037946	87446
chr15	79950500	80150500	harbor1	chr15	80038022	80038122	DNA/hAT-Charlie	568	+	50	80038072	87572
chr15	79950500	80150500	harbor1	chr15	80038842	80038883	DNA/hAT-Charlie	568	+	20	80038862	88362
chr15	71486046	71686046	harbor1	chr15	71490767	71490984	DNA/hAT-Charlie	993	+	108	71490875	4829
chr15	71486046	71686046	harbor1	chr15	71523819	71524107	DNA/hAT-Charlie	720	+	144	71523963	37917
chr15	71486046	71686046	harbor1	chr15	71524402	71524549	DNA/hAT-Charlie	510	+	74	71524476	38430
chr15	71486046	71686046	harbor1	chr15	71545352	71545566	DNA/hAT-Charlie	1202	+	107	71545459	59413
chr15	71486046	71686046	harbor1	chr15	71575926	71576215	DNA/hAT-Charlie	862	+	144	71576070	90024
chr15	34133561	34333561	harbor1	chr15	34212147	34212374	DNA/hAT-Charlie	552	+	114	34212261	78700
chr15	34133561	34333561	harbor1	chr15	34214651	34214875	DNA/hAT-Charlie	595	+	112	34214763	81202
chr15	34133561	34333561	harbor1	chr15	34219254	34219369	DNA/hAT-Charlie	483	+	58	34219312	85751
chr15	59109086	59309086	harbor1	chr15	59150747	59150911	DNA/hAT-Charlie	903	+	82	59150829	41743
chr15	59109086	59309086	harbor1	chr15	59155154	59155463	DNA/hAT-Charlie	1102	+	154	59155308	46222
chr15	59109086	59309086	harbor1	chr15	59185768	59185964	DNA/hAT-Charlie	1022	+	98	59185866	76780
chr15	59109086	59309086	harbor1	chr15	59193088	59193273	DNA/hAT-Charlie	868	+	92	59193180	84094
chr15	98781995	98981995	harbor1	chr15	98810874	98810987	DNA/hAT-Charlie	525	+	56	98810930	28935
chr15	98781995	98981995	harbor1	chr15	98825385	98825702	DNA/hAT-Charlie	2051	+	158	98825543	43548
chr15	98781995	98981995	harbor1	chr15	98857580	98857778	DNA/hAT-Charlie	1084	+	99	98857679	75684
chr15	84616295	84816295	harbor1	chr15	84656453	84656644	DNA/hAT-Charlie	939	+	96	84656549	40254
chr15	61231030	61431030	harbor1	chr15	61233859	61234161	DNA/hAT-Charlie	1190	+	151	61234010	2980
chr15	61231030	61431030	harbor1	chr15	61237459	61237547	DNA/hAT-Charlie	439	+	44	61237503	6473
chr15	61231030	61431030	harbor1	chr15	61238077	61238264	DNA/hAT-Charlie	1033	+	94	61238171	7141
chr15	61231030	61431030	harbor1	chr15	61251084	61252597	DNA/hAT-Charlie	3453	+	756	61251840	20810
chr15	61231030	61431030	harbor1	chr15	61257204	61257447	DNA/hAT-Charlie	525	+	122	61257326	26296
chr15	61231030	61431030	harbor1	chr15	61257456	61257811	DNA/hAT-Charlie	1586	+	178	61257634	26604
chr15	61231030	61431030	harbor1	chr15	61271928	61272084	DNA/hAT-Charlie	897	+	78	61272006	40976
chr15	61231030	61431030	harbor1	chr15	61302411	61302739	DNA/hAT-Charlie	2502	+	164	61302575	71545
chr15	61231030	61431030	harbor1	chr15	61303047	61303169	DNA/hAT-Charlie	2502	+	61	61303108	72078
chr15	53213587	53413587	harbor1	chr15	53219453	53219761	DNA/hAT-Charlie	985	+	154	53219607	6020
chr15	53213587	53413587	harbor1	chr15	53220384	53220811	DNA/hAT-Charlie	1278	+	214	53220598	7011
chr15	53213587	53413587	harbor1	chr15	53221449	53221841	DNA/hAT-Charlie	1633	+	196	53221645	8058
chr15	53213587	53413587	harbor1	chr15	53227963	53228957	DNA/hAT-Charlie	3252	+	497	53228460	14873
chr15	53213587	53413587	harbor1	chr15	53228995	53229333	DNA/hAT-Charlie	1178	+	169	53229164	15577
chr15	53213587	53413587	harbor1	chr15	53230385	53230697	DNA/hAT-Charlie	1667	+	156	53230541	16954
chr15	53213587	53413587	harbor1	chr15	53230700	53230877	DNA/hAT-Charlie	785	+	88	53230788	17201
chr15	53213587	53413587	harbor1	chr15	53230876	53231025	DNA/hAT-Charlie	660	+	74	53230950	17363
chr15	53213587	53413587	harbor1	chr15	53231778	53232439	DNA/hAT-Charlie	2409	+	330	53232108	18521
chr15	53213587	53413587	harbor1	chr15	53287586	53287774	DNA/hAT-Charlie	824	+	94	53287680	74093
chr15	53213587	53413587	harbor1	chr15	53298662	53298876	DNA/hAT-Charlie	984	+	107	53298769	85182
chr15	53213587	53413587	harbor1	chr15	53298878	53299065	DNA/hAT-Charlie	599	+	94	53298972	85385
chr15	53213587	53413587	harbor1	chr15	53302875	53302961	DNA/hAT-Charlie	484	+	43	53302918	89331
chr15	61327399	61527399	harbor1	chr15	61333698	61333855	DNA/hAT-Charlie	515	+	78	61333776	6377
chr15	61327399	61527399	harbor1	chr15	61349266	61349426	DNA/hAT-Charlie	651	+	80	61349346	21947
chr15	61327399	61527399	harbor1	chr15	61378609	61378813	DNA/hAT-Charlie	1032	+	102	61378711	51312
chr15	61327399	61527399	harbor1	chr15	61410887	61411261	DNA/hAT-Charlie	744	+	187	61411074	83675
chr15	29156941	29356941	harbor1	chr15	29210365	29210706	DNA/hAT-Charlie	2294	+	170	29210535	53594
chr15	29156941	29356941	harbor1	chr15	29251432	29251647	DNA/hAT-Charlie	1504	+	108	29251540	94599
chr15	29156941	29356941	harbor1	chr15	29251682	29251863	DNA/hAT-Charlie	1324	+	90	29251772	94831
chr15	53760444	53960444	harbor1	chr15	53791534	53791610	DNA/hAT-Charlie	663	+	38	53791572	31128
chr15	53760444	53960444	harbor1	chr15	53792194	53792282	DNA/hAT-Charlie	663	+	44	53792238	31794
chr15	83247805	83447805	harbor1	chr15	83249390	83249607	DNA/hAT-Charlie	1097	+	108	83249498	1693
chr15	83247805	83447805	harbor1	chr15	83249628	83249802	DNA/hAT-Charlie	713	+	87	83249715	1910
chr15	83247805	83447805	harbor1	chr15	83250556	83250730	DNA/hAT-Charlie	707	+	87	83250643	2838
chr15	83247805	83447805	harbor1	chr15	83258795	83258933	DNA/hAT-Charlie	474	+	69	83258864	11059
chr15	83247805	83447805	harbor1	chr15	83260023	83260496	DNA/hAT-Charlie	2187	+	236	83260259	12454
chr15	83247805	83447805	harbor1	chr15	83262730	83262916	DNA/hAT-Charlie	1053	+	93	83262823	15018
chr15	83247805	83447805	harbor1	chr15	83271550	83271768	DNA/hAT-Charlie	533	+	109	83271659	23854
chr15	83247805	83447805	harbor1	chr15	83289491	83289727	DNA/hAT-Charlie	1382	+	118	83289609	41804
chr15	83247805	83447805	harbor1	chr15	83310170	83310343	DNA/hAT-Charlie	852	+	86	83310256	62451
chr15	83247805	83447805	harbor1	chr15	83316454	83316627	DNA/hAT-Charlie	768	+	86	83316540	68735
chr15	83247805	83447805	harbor1	chr15	83332127	83332430	DNA/hAT-Charlie	1404	+	152	83332279	84474
chr15	98003761	98203761	harbor1	chr15	98100047	98100302	DNA/hAT-Charlie	976	+	128	98100175	96414
chr15	73429778	73629778	harbor1	chr15	73507296	73507473	DNA/hAT-Charlie	1222	+	88	73507384	77606
chr15	73429778	73629778	harbor1	chr15	73528540	73528846	DNA/hAT-Charlie	1300	+	153	73528693	98915
chr15	58747345	58947345	harbor1	chr15	58775050	58775221	DNA/hAT-Charlie	929	+	86	58775136	27791
chr15	58747345	58947345	harbor1	chr15	58775206	58775342	DNA/hAT-Charlie	719	+	68	58775274	27929
chr15	58747345	58947345	harbor1	chr15	58791283	58791395	DNA/hAT-Charlie	923	+	56	58791339	43994
chr15	58747345	58947345	harbor1	chr15	58791676	58791768	DNA/hAT-Charlie	923	+	46	58791722	44377
chr15	58747345	58947345	harbor1	chr15	58797018	58797225	DNA/hAT-Charlie	1220	+	104	58797122	49777
chr15	58747345	58947345	harbor1	chr15	58797526	58797636	DNA/hAT-Charlie	1220	+	55	58797581	50236
chr15	58747345	58947345	harbor1	chr15	58834426	58834601	DNA/hAT-Charlie	632	+	88	58834514	87169
chr15	25522424	25722424	harbor1	chr15	25552790	25552936	DNA/hAT-Charlie	516	+	73	25552863	30439
chr15	25522424	25722424	harbor1	chr15	25594860	25595193	DNA/hAT-Charlie	2022	+	166	25595026	72602
chr15	52711320	52911320	harbor1	chr15	52763481	52763734	DNA/hAT-Charlie	750	+	126	52763607	52287
chr15	52711320	52911320	harbor1	chr15	52763739	52763993	DNA/hAT-Charlie	1069	+	127	52763866	52546
chr15	52711320	52911320	harbor1	chr15	52781671	52781843	DNA/hAT-Charlie	817	+	86	52781757	70437
chr15	52711320	52911320	harbor1	chr15	52723647	52723953	DNA/hAT-Charlie	1005	+	153	52723800	12480
chr15	91220496	91420496	harbor1	chr15	91220328	91220517	DNA/hAT-Charlie	664	+	94	91220422	74
chr15	91220496	91420496	harbor1	chr15	91237455	91237621	DNA/hAT-Charlie	532	+	83	91237538	17042
chr15	91220496	91420496	harbor1	chr15	91242846	91243083	DNA/hAT-Charlie	585	+	118	91242964	22468
chr15	91220496	91420496	harbor1	chr15	91248669	91248832	DNA/hAT-Charlie	1047	+	82	91248751	28255
chr15	91220496	91420496	harbor1	chr15	91271386	91271621	DNA/hAT-Charlie	619	+	118	91271504	51008
chr15	55409019	55609019	harbor1	chr15	55467979	55468141	DNA/hAT-Charlie	815	+	81	55468060	59041
chr15	55409019	55609019	harbor1	chr15	55494748	55494917	DNA/hAT-Charlie	919	+	84	55494832	85813
chr15	55409019	55609019	harbor1	chr15	55494916	55495028	DNA/hAT-Charlie	687	+	56	55494972	85953
chr15	55409019	55609019	harbor1	chr15	55507887	55508080	DNA/hAT-Charlie	968	+	96	55507983	98964
chr15	20781726	20981726	harbor1	chr15	20791785	20791970	DNA/hAT-Charlie	1017	+	92	20791877	10151
chr15	20781726	20981726	harbor1	chr15	20844297	20844394	DNA/hAT-Charlie	541	+	48	20844345	62619
chr15	20781726	20981726	harbor1	chr15	20851548	20851761	DNA/hAT-Charlie	923	+	106	20851654	69928
chr15	20781726	20981726	harbor1	chr15	20853499	20854025	DNA/hAT-Charlie	3258	+	263	20853762	72036
chr16	33446658	33646658	harbor1	chr16	33454021	33454179	DNA/hAT-Charlie	430	+	79	33454100	7442
chr16	49582518	49782518	harbor1	chr16	49597275	49597601	DNA/hAT-Charlie	1381	+	163	49597438	14920
chr16	49582518	49782518	harbor1	chr16	49645351	49645467	DNA/hAT-Charlie	494	+	58	49645409	62891
chr16	49582518	49782518	harbor1	chr16	49654636	49655104	DNA/hAT-Charlie	960	+	234	49654870	72352
chr16	49582518	49782518	harbor1	chr16	49677847	49677900	DNA/hAT-Charlie	490	+	26	49677873	95355
chr16	49582518	49782518	harbor1	chr16	49678198	49678294	DNA/hAT-Charlie	490	+	48	49678246	95728
chr16	49582518	49782518	harbor1	chr16	49678330	49678385	DNA/hAT-Charlie	490	+	28	49678358	95840
chr16	16207152	16407152	harbor1	chr16	16210031	16210125	DNA/hAT-Charlie	719	+	47	16210078	2926
chr16	16207152	16407152	harbor1	chr16	16210437	16210642	DNA/hAT-Charlie	719	+	102	16210539	3387
chr16	16207152	16407152	harbor1	chr16	16213988	16214187	DNA/hAT-Charlie	880	+	100	16214088	6936
chr16	16207152	16407152	harbor1	chr16	16218428	16218644	DNA/hAT-Charlie	864	+	108	16218536	11384
chr16	16207152	16407152	harbor1	chr16	16220182	16220410	DNA/hAT-Charlie	481	+	114	16220296	13144
chr16	16207152	16407152	harbor1	chr16	16220526	16220613	DNA/hAT-Charlie	751	+	44	16220570	13418
chr16	16207152	16407152	harbor1	chr16	16220921	16221066	DNA/hAT-Charlie	751	+	72	16220993	13841
chr16	16207152	16407152	harbor1	chr16	16231006	16231281	DNA/hAT-Charlie	476	+	138	16231144	23992
chr16	16207152	16407152	harbor1	chr16	16231281	16231432	DNA/hAT-Charlie	779	+	76	16231357	24205
chr16	16207152	16407152	harbor1	chr16	16231734	16232066	DNA/hAT-Charlie	779	+	166	16231900	24748
chr16	16207152	16407152	harbor1	chr16	16232227	16232291	DNA/hAT-Charlie	779	+	32	16232259	25107
chr16	16207152	16407152	harbor1	chr16	16237190	16237345	DNA/hAT-Charlie	507	+	78	16237268	30116
chr16	16207152	16407152	harbor1	chr16	16264311	16264471	DNA/hAT-Charlie	581	+	80	16264391	57239
chr16	16207152	16407152	harbor1	chr16	16300785	16300953	DNA/hAT-Charlie	716	+	84	16300869	93717
chr16	16207152	16407152	harbor1	chr16	16304973	16305177	DNA/hAT-Charlie	1036	+	102	16305075	97923
chr16	84434350	84634350	harbor1	chr16	84436165	84436297	DNA/hAT-Charlie	441	+	66	84436231	1881
chr16	84434350	84634350	harbor1	chr16	84440367	84440549	DNA/hAT-Charlie	593	+	91	84440458	6108
chr16	84434350	84634350	harbor1	chr16	84446623	84446795	DNA/hAT-Charlie	544	+	86	84446709	12359
chr16	84434350	84634350	harbor1	chr16	84487127	84487416	DNA/hAT-Charlie	1055	+	144	84487271	52921
chr16	84434350	84634350	harbor1	chr16	84497692	84497811	DNA/hAT-Charlie	545	+	60	84497752	63402
chr16	84434350	84634350	harbor1	chr16	84502209	84502422	DNA/hAT-Charlie	1014	+	106	84502315	67965
chr16	84434350	84634350	harbor1	chr16	84522542	84522688	DNA/hAT-Charlie	656	+	73	84522615	88265
chr16	67628753	67828753	harbor1	chr16	67702024	67702202	DNA/hAT-Charlie	702	+	89	67702113	73360
chr16	67628753	67828753	harbor1	chr16	67702485	67702526	DNA/hAT-Charlie	702	+	20	67702505	73752
chr16	1428558	1628558	harbor1	chr16	1492748	1492907	DNA/hAT-Charlie	466	+	80	1492828	64270
chr16	1428558	1628558	harbor1	chr16	1494903	1495200	DNA/hAT-Charlie	604	+	148	1495051	66493
chr16	22635333	22835333	harbor1	chr16	22646776	22646947	DNA/hAT-Charlie	473	+	86	22646862	11529
chr16	22635333	22835333	harbor1	chr16	22671620	22671842	DNA/hAT-Charlie	973	+	111	22671731	36398
chr16	22635333	22835333	harbor1	chr16	22691262	22691425	DNA/hAT-Charlie	1072	+	82	22691344	56011
chr16	22635333	22835333	harbor1	chr16	22725990	22726111	DNA/hAT-Charlie	512	+	60	22726050	90717
chr16	22635333	22835333	harbor1	chr16	22726152	22726241	DNA/hAT-Charlie	436	+	44	22726196	90863
chr16	22635333	22835333	harbor1	chr16	22726685	22726978	DNA/hAT-Charlie	1652	+	146	22726831	91498
chr16	22635333	22835333	harbor1	chr16	22730027	22730335	DNA/hAT-Charlie	1867	+	154	22730181	94848
chr16	7268393	7468393	harbor1	chr16	7296096	7296446	DNA/hAT-Charlie	850	+	175	7296271	27878
chr16	7268393	7468393	harbor1	chr16	7323970	7324014	DNA/hAT-Charlie	596	+	22	7323992	55599
chr16	7268393	7468393	harbor1	chr16	7324044	7324171	DNA/hAT-Charlie	596	+	64	7324108	55715
chr16	7268393	7468393	harbor1	chr16	7328862	7329193	DNA/hAT-Charlie	1213	+	166	7329028	60635
chr16	7268393	7468393	harbor1	chr16	7347087	7347203	DNA/hAT-Charlie	484	+	58	7347145	78752
chr16	7268393	7468393	harbor1	chr16	7347563	7347626	DNA/hAT-Charlie	484	+	32	7347595	79202
chr16	7268393	7468393	harbor1	chr16	7365461	7365617	DNA/hAT-Charlie	693	+	78	7365539	97146
chr16	2684609	2884609	harbor1	chr16	2773182	2773378	DNA/hAT-Charlie	658	+	98	2773280	88671
chr16	69097297	69297297	harbor1	chr16	69102934	69103003	DNA/hAT-Charlie	565	+	34	69102968	5671
chr16	69097297	69297297	harbor1	chr16	69103043	69103237	DNA/hAT-Charlie	565	+	97	69103140	5843
chr16	69097297	69297297	harbor1	chr16	69194064	69194244	DNA/hAT-Charlie	586	+	90	69194154	96857
chr16	58982416	59182416	harbor1	chr16	59043026	59043172	DNA/hAT-Charlie	677	+	73	59043099	60683
chr16	53590684	53790684	harbor1	chr16	53654946	53655435	DNA/hAT-Charlie	2024	+	244	53655190	64506
chr16	75376610	75576610	harbor1	chr16	75391431	75391683	DNA/hAT-Charlie	637	+	126	75391557	14947
chr16	75376610	75576610	harbor1	chr16	75405001	75405340	DNA/hAT-Charlie	1259	+	170	75405171	28561
chr16	75376610	75576610	harbor1	chr16	75407225	75407350	DNA/hAT-Charlie	535	+	62	75407287	30677
chr16	75376610	75576610	harbor1	chr16	75407339	75407394	DNA/hAT-Charlie	710	+	28	75407367	30757
chr16	75376610	75576610	harbor1	chr16	75407685	75407824	DNA/hAT-Charlie	710	+	70	75407755	31145
chr16	75376610	75576610	harbor1	chr16	75408196	75408497	DNA/hAT-Charlie	870	+	150	75408346	31736
chr16	75376610	75576610	harbor1	chr16	75408798	75408857	DNA/hAT-Charlie	870	+	30	75408828	32218
chr16	75376610	75576610	harbor1	chr16	75409159	75409318	DNA/hAT-Charlie	870	+	80	75409239	32629
chr16	75376610	75576610	harbor1	chr16	75442256	75442453	DNA/hAT-Charlie	717	+	98	75442354	65744
chr16	75376610	75576610	harbor1	chr16	75452942	75453084	DNA/hAT-Charlie	718	+	71	75453013	76403
chr16	923847	1123847	harbor1	chr16	931142	931270	DNA/hAT-Charlie	439	+	64	931206	7359
chr16	34572314	34772314	harbor1	chr16	34644535	34644723	DNA/hAT-Charlie	465	+	94	34644629	72315
chr16	22426060	22626060	harbor1	chr16	22433699	22433910	DNA/hAT-Charlie	863	+	106	22433805	7745
chr16	22426060	22626060	harbor1	chr16	22522755	22522856	DNA/hAT-Charlie	1212	+	50	22522805	96745
chr16	22426060	22626060	harbor1	chr16	22523468	22523581	DNA/hAT-Charlie	1212	+	56	22523524	97464
chr16	60559730	60759730	harbor1	chr16	60582498	60582658	DNA/hAT-Charlie	590	+	80	60582578	22848
chr16	60559730	60759730	harbor1	chr16	60619617	60619927	DNA/hAT-Charlie	630	+	155	60619772	60042
chr16	60559730	60759730	harbor1	chr16	60637414	60637590	DNA/hAT-Charlie	819	+	88	60637502	77772
chr16	61287052	61487052	harbor1	chr16	61360051	61360419	DNA/hAT-Charlie	1751	+	184	61360235	73183
chr16	46484095	46684095	harbor1	chr16	46549514	46549713	DNA/hAT-Charlie	826	+	100	46549614	65519
chr16	5114311	5314311	harbor1	chr16	5135037	5135189	DNA/hAT-Charlie	704	+	76	5135113	20802
chr16	5114311	5314311	harbor1	chr16	5136840	5137060	DNA/hAT-Charlie	1177	+	110	5136950	22639
chr16	5114311	5314311	harbor1	chr16	5143859	5144072	DNA/hAT-Charlie	1118	+	106	5143965	29654
chr16	5114311	5314311	harbor1	chr16	5177810	5177908	DNA/hAT-Charlie	447	+	49	5177859	63548
chr16	5114311	5314311	harbor1	chr16	5179228	5179311	DNA/hAT-Charlie	439	+	42	5179270	64959
chr16	5114311	5314311	harbor1	chr16	5179678	5179711	DNA/hAT-Charlie	439	+	16	5179694	65383
chr16	67381482	67581482	harbor1	chr16	67382860	67382938	DNA/hAT-Charlie	530	+	39	67382899	1417
chr16	5318934	5518934	harbor1	chr16	5333243	5333468	DNA/hAT-Charlie	975	+	112	5333355	14421
chr16	5318934	5518934	harbor1	chr16	5374819	5374969	DNA/hAT-Charlie	709	+	75	5374894	55960
chr16	5318934	5518934	harbor1	chr16	5375125	5375281	DNA/hAT-Charlie	564	+	78	5375203	56269
chr16	5318934	5518934	harbor1	chr16	5415565	5415815	DNA/hAT-Charlie	991	+	125	5415690	96756
chr16	85575754	85775754	harbor1	chr16	85591854	85592045	DNA/hAT-Charlie	648	+	96	85591950	16196
chr16	85575754	85775754	harbor1	chr16	85617468	85617644	DNA/hAT-Charlie	466	+	88	85617556	41802
chr16	12963667	13163667	harbor1	chr16	12967843	12967908	DNA/hAT-Charlie	538	+	32	12967875	4208
chr16	12963667	13163667	harbor1	chr16	12968220	12968351	DNA/hAT-Charlie	538	+	66	12968286	4619
chr16	12963667	13163667	harbor1	chr16	12972535	12972748	DNA/hAT-Charlie	919	+	106	12972641	8974
chr16	12963667	13163667	harbor1	chr16	12990581	12990803	DNA/hAT-Charlie	1045	+	111	12990692	27025
chr16	12963667	13163667	harbor1	chr16	12991786	12991965	DNA/hAT-Charlie	707	+	90	12991876	28209
chr16	12963667	13163667	harbor1	chr16	12996142	12996418	DNA/hAT-Charlie	1124	+	138	12996280	32613
chr16	12963667	13163667	harbor1	chr16	13015112	13015326	DNA/hAT-Charlie	1122	+	107	13015219	51552
chr16	12963667	13163667	harbor1	chr16	13021148	13021384	DNA/hAT-Charlie	789	+	118	13021266	57599
chr16	12963667	13163667	harbor1	chr16	13030610	13030808	DNA/hAT-Charlie	594	+	99	13030709	67042
chr16	12963667	13163667	harbor1	chr16	13025239	13025420	DNA/hAT-Charlie	780	+	90	13025329	61662
chr16	19695567	19895567	harbor1	chr16	19719604	19719670	DNA/hAT-Charlie	508	+	33	19719637	24070
chr16	19695567	19895567	harbor1	chr16	19719973	19720038	DNA/hAT-Charlie	508	+	32	19720005	24438
chr16	19695567	19895567	harbor1	chr16	19749322	19749477	DNA/hAT-Charlie	771	+	78	19749400	53833
chr16	19695567	19895567	harbor1	chr16	19780563	19781027	DNA/hAT-Charlie	2198	+	232	19780795	85228
chr16	70539193	70739193	harbor1	chr16	70613517	70613592	DNA/hAT-Charlie	686	+	38	70613555	74362
chr16	70539193	70739193	harbor1	chr16	70613896	70613906	DNA/hAT-Charlie	686	+	5	70613901	74708
chr16	70539193	70739193	harbor1	chr16	70614202	70614299	DNA/hAT-Charlie	686	+	48	70614250	75057
chr16	70539193	70739193	harbor1	chr16	70614314	70614492	DNA/hAT-Charlie	562	+	89	70614403	75210
chr16	2513853	2713853	harbor1	chr16	2575073	2575204	DNA/hAT-Charlie	456	+	66	2575139	61286
chr16	2513853	2713853	harbor1	chr16	2579115	2579275	DNA/hAT-Charlie	542	+	80	2579195	65342
chr16	2513853	2713853	harbor1	chr16	2588795	2588959	DNA/hAT-Charlie	896	+	82	2588877	75024
chr16	2513853	2713853	harbor1	chr16	2589251	2589411	DNA/hAT-Charlie	896	+	80	2589331	75478
chr16	2513853	2713853	harbor1	chr16	2589762	2590101	DNA/hAT-Charlie	888	+	170	2589932	76079
chr16	2513853	2713853	harbor1	chr16	2590449	2590787	DNA/hAT-Charlie	999	+	169	2590618	76765
chr16	2513853	2713853	harbor1	chr16	2591261	2591973	DNA/hAT-Charlie	1538	+	356	2591617	77764
chr16	22238360	22438360	harbor1	chr16	22243131	22243227	DNA/hAT-Charlie	437	+	48	22243179	4819
chr16	22238360	22438360	harbor1	chr16	22300093	22300336	DNA/hAT-Charlie	638	+	122	22300215	61855
chr16	22238360	22438360	harbor1	chr16	22332406	22332598	DNA/hAT-Charlie	1243	+	96	22332502	94142
chr16	24691652	24891652	harbor1	chr16	24697700	24697759	DNA/hAT-Charlie	460	+	30	24697730	6078
chr16	24691652	24891652	harbor1	chr16	24698180	24698277	DNA/hAT-Charlie	460	+	48	24698228	6576
chr16	24691652	24891652	harbor1	chr16	24723669	24724195	DNA/hAT-Charlie	1182	+	263	24723932	32280
chr16	24691652	24891652	harbor1	chr16	24770834	24771186	DNA/hAT-Charlie	1404	+	176	24771010	79358
chr16	24691652	24891652	harbor1	chr16	24771864	24772089	DNA/hAT-Charlie	975	+	112	24771976	80324
chr16	24691652	24891652	harbor1	chr16	24782366	24782535	DNA/hAT-Charlie	770	+	84	24782450	90798
chr16	65480851	65680851	harbor1	chr16	65530019	65530243	DNA/hAT-Charlie	847	+	112	65530131	49280
chr16	65480851	65680851	harbor1	chr16	65537296	65537476	DNA/hAT-Charlie	560	+	90	65537386	56535
chr16	65480851	65680851	harbor1	chr16	65578183	65578303	DNA/hAT-Charlie	550	+	60	65578243	97392
chr16	53346291	53546291	harbor1	chr16	53365065	53365238	DNA/hAT-Charlie	699	+	86	53365151	18860
chr16	53346291	53546291	harbor1	chr16	53392256	53392579	DNA/hAT-Charlie	1312	+	162	53392418	46127
chr16	53346291	53546291	harbor1	chr16	53427172	53427563	DNA/hAT-Charlie	1182	+	196	53427368	81077
chr16	46554760	46754760	harbor1	chr16	46638797	46638943	DNA/hAT-Charlie	593	+	73	46638870	84110
chr16	46554760	46754760	harbor1	chr16	46648162	46648669	DNA/hAT-Charlie	3375	+	254	46648416	93656
chr16	46554760	46754760	harbor1	chr16	46652253	46652364	DNA/hAT-Charlie	617	+	56	46652309	97549
chr16	22356315	22556315	harbor1	chr16	22404611	22404740	DNA/hAT-Charlie	974	+	64	22404675	48360
chr16	22356315	22556315	harbor1	chr16	22418550	22418680	DNA/hAT-Charlie	763	+	65	22418615	62300
chr16	22356315	22556315	harbor1	chr16	22433699	22433910	DNA/hAT-Charlie	863	+	106	22433805	77490
chr16	86325797	86525797	harbor1	chr16	86342328	86342467	DNA/hAT-Charlie	505	+	70	86342398	16601
chr16	86325797	86525797	harbor1	chr16	86354203	86354354	DNA/hAT-Charlie	563	+	76	86354279	28482
chr16	86325797	86525797	harbor1	chr16	86389128	86389287	DNA/hAT-Charlie	452	+	80	86389208	63411
chr16	86325797	86525797	harbor1	chr16	86393181	86393366	DNA/hAT-Charlie	648	+	92	86393273	67476
chr16	86325797	86525797	harbor1	chr16	86403161	86403370	DNA/hAT-Charlie	572	+	104	86403265	77468
chr16	86325797	86525797	harbor1	chr16	86407173	86407359	DNA/hAT-Charlie	1140	+	93	86407266	81469
chr16	69470699	69670699	harbor1	chr16	69488599	69488750	DNA/hAT-Charlie	681	+	76	69488675	17976
chr16	69470699	69670699	harbor1	chr16	69497971	69498136	DNA/hAT-Charlie	604	+	82	69498053	27354
chr16	69470699	69670699	harbor1	chr16	69537931	69538092	DNA/hAT-Charlie	906	+	80	69538011	67312
chr16	69470699	69670699	harbor1	chr16	69538406	69538479	DNA/hAT-Charlie	906	+	36	69538442	67743
chr16	69470699	69670699	harbor1	chr16	69538897	69539015	DNA/hAT-Charlie	591	+	59	69538956	68257
chr16	24378321	24578321	harbor1	chr16	24391482	24391633	DNA/hAT-Charlie	805	+	76	24391558	13237
chr16	24378321	24578321	harbor1	chr16	24465589	24465807	DNA/hAT-Charlie	1100	+	109	24465698	87377
chr16	49019945	49219945	harbor1	chr16	49021627	49021833	DNA/hAT-Charlie	595	+	103	49021730	1785
chr16	49019945	49219945	harbor1	chr16	49054095	49054556	DNA/hAT-Charlie	1193	+	230	49054325	34380
chr16	49019945	49219945	harbor1	chr16	49057189	49057333	DNA/hAT-Charlie	481	+	72	49057261	37316
chr16	49019945	49219945	harbor1	chr16	49067354	49067542	DNA/hAT-Charlie	803	+	94	49067448	47503
chr16	49019945	49219945	harbor1	chr16	49075129	49075302	DNA/hAT-Charlie	937	+	86	49075215	55270
chr16	24195584	24395584	harbor1	chr16	24220651	24220985	DNA/hAT-Charlie	697	+	167	24220818	25234
chr16	24195584	24395584	harbor1	chr16	24249812	24249983	DNA/hAT-Charlie	601	+	86	24249898	54314
chr16	24195584	24395584	harbor1	chr16	24265582	24265907	DNA/hAT-Charlie	765	+	162	24265744	70160
chr16	24195584	24395584	harbor1	chr16	24275180	24275757	DNA/hAT-Charlie	2870	+	288	24275468	79884
chr16	24195584	24395584	harbor1	chr16	24275759	24276448	DNA/hAT-Charlie	3613	+	344	24276103	80519
chr16	24195584	24395584	harbor1	chr16	24277288	24277476	DNA/hAT-Charlie	700	+	94	24277382	81798
chr16	23829161	24029161	harbor1	chr16	23834899	23835161	DNA/hAT-Charlie	807	+	131	23835030	5869
chr16	23829161	24029161	harbor1	chr16	23838129	23838426	DNA/hAT-Charlie	591	+	148	23838277	9116
chr16	23829161	24029161	harbor1	chr16	23846122	23846238	DNA/hAT-Charlie	468	+	58	23846180	17019
chr16	23829161	24029161	harbor1	chr16	23856391	23856528	DNA/hAT-Charlie	697	+	68	23856459	27298
chr16	23829161	24029161	harbor1	chr16	23856825	23856934	DNA/hAT-Charlie	697	+	54	23856879	27718
chr16	23829161	24029161	harbor1	chr16	23860498	23860603	DNA/hAT-Charlie	880	+	52	23860550	31389
chr16	23829161	24029161	harbor1	chr16	23860919	23861144	DNA/hAT-Charlie	880	+	112	23861031	31870
chr16	23829161	24029161	harbor1	chr16	23900035	23900228	DNA/hAT-Charlie	1097	+	96	23900131	70970
chr16	23829161	24029161	harbor1	chr16	23910342	23910681	DNA/hAT-Charlie	929	+	170	23910512	81351
chr16	84506681	84706681	harbor1	chr16	84522542	84522688	DNA/hAT-Charlie	656	+	73	84522615	15934
chr16	84506681	84706681	harbor1	chr16	84597435	84597616	DNA/hAT-Charlie	834	+	90	84597525	90844
chr16	73146230	73346230	harbor1	chr16	73148034	73148254	DNA/hAT-Charlie	1150	+	110	73148144	1914
chr16	73146230	73346230	harbor1	chr16	73162084	73162511	DNA/hAT-Charlie	2969	+	214	73162298	16068
chr16	73146230	73346230	harbor1	chr16	73162524	73162612	DNA/hAT-Charlie	563	+	44	73162568	16338
chr16	73146230	73346230	harbor1	chr16	73163377	73163599	DNA/hAT-Charlie	1198	+	111	73163488	17258
chr16	73146230	73346230	harbor1	chr16	73185795	73186316	DNA/hAT-Charlie	3736	+	260	73186055	39825
chr16	73146230	73346230	harbor1	chr16	73211838	73212004	DNA/hAT-Charlie	456	+	83	73211921	65691
chr16	73146230	73346230	harbor1	chr16	73213146	73213286	DNA/hAT-Charlie	476	+	70	73213216	66986
chr16	73146230	73346230	harbor1	chr16	73220430	73220609	DNA/hAT-Charlie	437	+	90	73220520	74290
chr16	60761616	60961616	harbor1	chr16	60854748	60855024	DNA/hAT-Charlie	1075	+	138	60854886	93270
chr16	57534438	57734438	harbor1	chr16	57589157	57589432	DNA/hAT-Charlie	1670	+	138	57589295	54857
chr16	57534438	57734438	harbor1	chr16	57603755	57604092	DNA/hAT-Charlie	2070	+	168	57603923	69485
chr16	57534438	57734438	harbor1	chr16	57608564	57608915	DNA/hAT-Charlie	710	+	176	57608740	74302
chr16	54927919	55127919	harbor1	chr16	55004360	55004581	DNA/hAT-Charlie	1053	+	110	55004470	76551
chr16	54927919	55127919	harbor1	chr16	55020515	55020724	DNA/hAT-Charlie	517	+	104	55020619	92700
chr16	80174265	80374265	harbor1	chr16	80201986	80202147	DNA/hAT-Charlie	807	+	80	80202066	27801
chr16	80174265	80374265	harbor1	chr16	80210651	80210849	DNA/hAT-Charlie	904	+	99	80210750	36485
chr16	80174265	80374265	harbor1	chr16	80199602	80199815	DNA/hAT-Charlie	1202	+	106	80199708	25443
chr16	19458511	19658511	harbor1	chr16	19470482	19470700	DNA/hAT-Charlie	1183	+	109	19470591	12080
chr16	19458511	19658511	harbor1	chr16	19481672	19481755	DNA/hAT-Charlie	435	+	42	19481714	23203
chr16	19458511	19658511	harbor1	chr16	19482424	19482495	DNA/hAT-Charlie	435	+	36	19482460	23949
chr16	19964926	20164926	harbor1	chr16	19968723	19969070	DNA/hAT-Charlie	637	+	174	19968897	3971
chr16	19964926	20164926	harbor1	chr16	19970898	19971121	DNA/hAT-Charlie	1118	+	112	19971010	6084
chr16	19964926	20164926	harbor1	chr16	19997422	19997656	DNA/hAT-Charlie	1338	+	117	19997539	32613
chr16	19964926	20164926	harbor1	chr16	20007069	20007286	DNA/hAT-Charlie	1163	+	108	20007177	42251
chr16	19964926	20164926	harbor1	chr16	20022624	20022811	DNA/hAT-Charlie	509	+	94	20022718	57792
chr16	19964926	20164926	harbor1	chr16	20042834	20042945	DNA/hAT-Charlie	433	+	56	20042890	77964
chr16	19640207	19840207	harbor1	chr16	19670750	19671187	DNA/hAT-Charlie	1613	+	218	19670968	30761
chr16	19640207	19840207	harbor1	chr16	19671484	19671494	DNA/hAT-Charlie	1613	+	5	19671489	31282
chr16	19640207	19840207	harbor1	chr16	19671791	19671865	DNA/hAT-Charlie	1613	+	37	19671828	31621
chr16	19640207	19840207	harbor1	chr16	19673256	19673495	DNA/hAT-Charlie	685	+	120	19673376	33169
chr16	19640207	19840207	harbor1	chr16	19719604	19719670	DNA/hAT-Charlie	508	+	33	19719637	79430
chr16	19640207	19840207	harbor1	chr16	19719973	19720038	DNA/hAT-Charlie	508	+	32	19720005	79798
chr16	11854572	12054572	harbor1	chr16	11905214	11905373	DNA/hAT-Charlie	881	+	80	11905294	50722
chr16	31187708	31387708	harbor1	chr16	31260756	31261090	DNA/hAT-Charlie	1241	+	167	31260923	73215
chr16	31187708	31387708	harbor1	chr16	31262155	31262233	DNA/hAT-Charlie	587	+	39	31262194	74486
chr16	31187708	31387708	harbor1	chr16	31262704	31262799	DNA/hAT-Charlie	587	+	48	31262752	75044
chr16	31187708	31387708	harbor1	chr16	31276083	31276270	DNA/hAT-Charlie	587	+	94	31276177	88469
chr16	74809651	75009651	harbor1	chr16	74812610	74812813	DNA/hAT-Charlie	633	+	102	74812712	3061
chr16	74809651	75009651	harbor1	chr16	74834604	74834696	DNA/hAT-Charlie	538	+	46	74834650	24999
chr16	74809651	75009651	harbor1	chr16	74834995	74835079	DNA/hAT-Charlie	538	+	42	74835037	25386
chr16	74809651	75009651	harbor1	chr16	74889928	74890052	DNA/hAT-Charlie	519	+	62	74889990	80339
chr16	52976712	53176712	harbor1	chr16	52984800	52985129	DNA/hAT-Charlie	1284	+	164	52984964	8252
chr16	52976712	53176712	harbor1	chr16	53007560	53007775	DNA/hAT-Charlie	910	+	108	53007668	30956
chr16	52976712	53176712	harbor1	chr16	53062120	53062452	DNA/hAT-Charlie	722	+	166	53062286	85574
chr16	60946203	61146203	harbor1	chr16	60954220	60954405	DNA/hAT-Charlie	900	+	92	60954312	8109
chr16	60946203	61146203	harbor1	chr16	60991952	60992158	DNA/hAT-Charlie	979	+	103	60992055	45852
chr16	5395682	5595682	harbor1	chr16	5415565	5415815	DNA/hAT-Charlie	991	+	125	5415690	20008
chr16	5395682	5595682	harbor1	chr16	5462740	5462934	DNA/hAT-Charlie	817	+	97	5462837	67155
chr16	5395682	5595682	harbor1	chr16	5482546	5482719	DNA/hAT-Charlie	565	+	86	5482632	86950
chr16	5395682	5595682	harbor1	chr16	5492010	5492184	DNA/hAT-Charlie	949	+	87	5492097	96415
chr16	5395682	5595682	harbor1	chr16	5492954	5493146	DNA/hAT-Charlie	798	+	96	5493050	97368
chr16	10945676	11145676	harbor1	chr16	10963798	10963946	DNA/hAT-Charlie	676	+	74	10963872	18196
chr16	10945676	11145676	harbor1	chr16	10972054	10972298	DNA/hAT-Charlie	638	+	122	10972176	26500
chr16	10945676	11145676	harbor1	chr16	10981810	10982026	DNA/hAT-Charlie	1044	+	108	10981918	36242
chr16	10945676	11145676	harbor1	chr16	11039052	11039325	DNA/hAT-Charlie	434	+	136	11039188	93512
chr16	47032223	47232223	harbor1	chr16	47073339	47073540	DNA/hAT-Charlie	428	+	100	47073439	41216
chr16	47032223	47232223	harbor1	chr16	47084358	47084546	DNA/hAT-Charlie	1024	+	94	47084452	52229
chr16	47032223	47232223	harbor1	chr16	47084726	47085038	DNA/hAT-Charlie	2356	+	156	47084882	52659
chr16	47032223	47232223	harbor1	chr16	47130693	47130907	DNA/hAT-Charlie	711	+	107	47130800	98577
chr16	47954153	48154153	harbor1	chr16	47994632	47994844	DNA/hAT-Charlie	730	+	106	47994738	40585
chr16	47954153	48154153	harbor1	chr16	48021908	48022073	DNA/hAT-Charlie	609	+	82	48021990	67837
chr16	47954153	48154153	harbor1	chr16	48031989	48032312	DNA/hAT-Charlie	1723	+	162	48032151	77998
chr16	47954153	48154153	harbor1	chr16	48041983	48042148	DNA/hAT-Charlie	537	+	82	48042065	87912
chr16	52168599	52368599	harbor1	chr16	52183546	52183765	DNA/hAT-Charlie	800	+	110	52183656	15057
chr16	52168599	52368599	harbor1	chr16	52189508	52189663	DNA/hAT-Charlie	673	+	78	52189586	20987
chr16	52168599	52368599	harbor1	chr16	52213494	52213655	DNA/hAT-Charlie	446	+	80	52213574	44975
chr16	52168599	52368599	harbor1	chr16	52229113	52229319	DNA/hAT-Charlie	727	+	103	52229216	60617
chr16	80804404	81004404	harbor1	chr16	80823013	80823343	DNA/hAT-Charlie	2308	+	165	80823178	18774
chr16	80804404	81004404	harbor1	chr16	80890076	80890252	DNA/hAT-Charlie	913	+	88	80890164	85760
chr16	80804404	81004404	harbor1	chr16	80892213	80892394	DNA/hAT-Charlie	956	+	90	80892303	87899
chr16	16432962	16632962	harbor1	chr16	16446676	16446716	DNA/hAT-Charlie	808	+	20	16446696	13734
chr16	16432962	16632962	harbor1	chr16	16447018	16447285	DNA/hAT-Charlie	808	+	134	16447152	14190
chr16	16432962	16632962	harbor1	chr16	16454559	16454854	DNA/hAT-Charlie	543	+	148	16454707	21745
chr16	16432962	16632962	harbor1	chr16	16464738	16464995	DNA/hAT-Charlie	568	+	128	16464866	31904
chr16	16432962	16632962	harbor1	chr16	16465293	16465341	DNA/hAT-Charlie	568	+	24	16465317	32355
chr16	16432962	16632962	harbor1	chr16	16485373	16485548	DNA/hAT-Charlie	908	+	88	16485461	52499
chr16	16432962	16632962	harbor1	chr16	16490732	16490878	DNA/hAT-Charlie	875	+	73	16490805	57843
chr16	16432962	16632962	harbor1	chr16	16493335	16493550	DNA/hAT-Charlie	1134	+	108	16493443	60481
chr16	16432962	16632962	harbor1	chr16	16519544	16519759	DNA/hAT-Charlie	887	+	108	16519652	86690
chr16	16432962	16632962	harbor1	chr16	16526246	16526430	DNA/hAT-Charlie	784	+	92	16526338	93376
chr16	25660670	25860670	harbor1	chr16	25697330	25697589	DNA/hAT-Charlie	910	+	130	25697460	36790
chr16	25660670	25860670	harbor1	chr16	25755548	25756111	DNA/hAT-Charlie	1311	+	282	25755830	95160
chr16	75218417	75418417	harbor1	chr16	75278647	75278845	DNA/hAT-Charlie	537	+	99	75278746	60329
chr16	69101572	69301572	harbor1	chr16	69102934	69103003	DNA/hAT-Charlie	565	+	34	69102968	1396
chr16	69101572	69301572	harbor1	chr16	69103043	69103237	DNA/hAT-Charlie	565	+	97	69103140	1568
chr16	69101572	69301572	harbor1	chr16	69194064	69194244	DNA/hAT-Charlie	586	+	90	69194154	92582
chr16	5635414	5835414	harbor1	chr16	5639350	5639581	DNA/hAT-Charlie	711	+	116	5639466	4052
chr16	5635414	5835414	harbor1	chr16	5648445	5648653	DNA/hAT-Charlie	885	+	104	5648549	13135
chr16	5635414	5835414	harbor1	chr16	5659630	5660103	DNA/hAT-Charlie	1642	+	236	5659866	24452
chr16	5635414	5835414	harbor1	chr16	5662995	5663198	DNA/hAT-Charlie	1185	+	102	5663097	27683
chr16	5635414	5835414	harbor1	chr16	5699603	5699777	DNA/hAT-Charlie	830	+	87	5699690	64276
chr16	4927022	5127022	harbor1	chr16	4948394	4948537	DNA/hAT-Charlie	660	+	72	4948466	21444
chr16	4927022	5127022	harbor1	chr16	5019064	5019287	DNA/hAT-Charlie	1442	+	112	5019176	92154
chr16	4927022	5127022	harbor1	chr16	5024598	5024739	DNA/hAT-Charlie	757	+	70	5024668	97646
chr16	61259949	61459949	harbor1	chr16	61279808	61280044	DNA/hAT-Charlie	538	+	118	61279926	19977
chr16	10928356	11128356	harbor1	chr16	10931459	10931572	DNA/hAT-Charlie	623	+	56	10931515	3159
chr16	10928356	11128356	harbor1	chr16	10931905	10932004	DNA/hAT-Charlie	623	+	50	10931955	3599
chr16	10928356	11128356	harbor1	chr16	10935211	10935450	DNA/hAT-Charlie	758	+	120	10935331	6975
chr16	10928356	11128356	harbor1	chr16	10963798	10963946	DNA/hAT-Charlie	676	+	74	10963872	35516
chr16	10928356	11128356	harbor1	chr16	10972054	10972298	DNA/hAT-Charlie	638	+	122	10972176	43820
chr16	10928356	11128356	harbor1	chr16	10981810	10982026	DNA/hAT-Charlie	1044	+	108	10981918	53562
chr16	62899051	63099051	harbor1	chr16	62905052	62905163	DNA/hAT-Charlie	986	+	56	62905108	6057
chr16	62899051	63099051	harbor1	chr16	62905453	62905836	DNA/hAT-Charlie	986	+	192	62905645	6594
chr16	62899051	63099051	harbor1	chr16	62906113	62906306	DNA/hAT-Charlie	986	+	96	62906209	7158
chr16	68424449	68624449	harbor1	chr16	68427446	68427648	DNA/hAT-Charlie	1081	+	101	68427547	3098
chr16	61960995	62160995	harbor1	chr16	61994618	61994802	DNA/hAT-Charlie	737	+	92	61994710	33715
chr16	61960995	62160995	harbor1	chr16	62040085	62040250	DNA/hAT-Charlie	520	+	82	62040167	79172
chr16	61960995	62160995	harbor1	chr16	62048826	62049202	DNA/hAT-Charlie	838	+	188	62049014	88019
chr16	54947676	55147676	harbor1	chr16	55004360	55004581	DNA/hAT-Charlie	1053	+	110	55004470	56794
chr16	54947676	55147676	harbor1	chr16	55020515	55020724	DNA/hAT-Charlie	517	+	104	55020619	72943
chr16	54947676	55147676	harbor1	chr16	55039801	55039920	DNA/hAT-Charlie	561	+	60	55039861	92185
chr16	54947676	55147676	harbor1	chr16	55041371	55041590	DNA/hAT-Charlie	562	+	110	55041481	93805
chr16	54947676	55147676	harbor1	chr16	55041725	55041900	DNA/hAT-Charlie	863	+	88	55041813	94137
chr16	65465354	65665354	harbor1	chr16	65471993	65472175	DNA/hAT-Charlie	1038	+	91	65472084	6730
chr16	65465354	65665354	harbor1	chr16	65530019	65530243	DNA/hAT-Charlie	847	+	112	65530131	64777
chr16	65465354	65665354	harbor1	chr16	65537296	65537476	DNA/hAT-Charlie	560	+	90	65537386	72032
chr16	55962004	56162004	harbor1	chr16	56004921	56005061	DNA/hAT-Charlie	842	+	70	56004991	42987
chr16	55962004	56162004	harbor1	chr16	56018038	56018328	DNA/hAT-Charlie	683	+	145	56018183	56179
chr16	55962004	56162004	harbor1	chr16	56039467	56039606	DNA/hAT-Charlie	516	+	70	56039537	77533
chr16	55962004	56162004	harbor1	chr16	56039798	56039916	DNA/hAT-Charlie	516	+	59	56039857	77853
chr16	55962004	56162004	harbor1	chr16	56044230	56044590	DNA/hAT-Charlie	682	+	180	56044410	82406
chr16	55962004	56162004	harbor1	chr16	56050113	56050569	DNA/hAT-Charlie	2948	+	228	56050341	88337
chr16	32683894	32883894	harbor1	chr16	32717445	32717601	DNA/hAT-Charlie	508	+	78	32717523	33629
chr16	32683894	32883894	harbor1	chr16	32759375	32759529	DNA/hAT-Charlie	597	+	77	32759452	75558
chr16	28237824	28437824	harbor1	chr16	28244248	28244327	DNA/hAT-Charlie	591	+	40	28244288	6464
chr16	28237824	28437824	harbor1	chr16	28244634	28244757	DNA/hAT-Charlie	591	+	62	28244696	6872
chr16	28237824	28437824	harbor1	chr16	28295634	28295911	DNA/hAT-Charlie	490	+	138	28295772	57948
chr16	28237824	28437824	harbor1	chr16	28326577	28326730	DNA/hAT-Charlie	589	+	76	28326653	88829
chr16	4799741	4999741	harbor1	chr16	4806085	4806264	DNA/hAT-Charlie	706	+	90	4806175	6434
chr16	4799741	4999741	harbor1	chr16	4820976	4821125	DNA/hAT-Charlie	616	+	74	4821050	21309
chr16	17201124	17401124	harbor1	chr16	17210763	17211205	DNA/hAT-Charlie	911	+	221	17210984	9860
chr16	17201124	17401124	harbor1	chr16	17212075	17212247	DNA/hAT-Charlie	918	+	86	17212161	11037
chr16	17201124	17401124	harbor1	chr16	17222237	17222446	DNA/hAT-Charlie	1189	+	104	17222341	21217
chr16	17201124	17401124	harbor1	chr16	17230797	17231002	DNA/hAT-Charlie	775	+	102	17230899	29775
chr16	17201124	17401124	harbor1	chr16	17242196	17242391	DNA/hAT-Charlie	798	+	98	17242294	41170
chr16	17201124	17401124	harbor1	chr16	17244587	17244734	DNA/hAT-Charlie	822	+	74	17244661	43537
chr16	17201124	17401124	harbor1	chr16	17250254	17250552	DNA/hAT-Charlie	1219	+	149	17250403	49279
chr16	17201124	17401124	harbor1	chr16	17254919	17254984	DNA/hAT-Charlie	724	+	32	17254951	53827
chr16	17201124	17401124	harbor1	chr16	17255299	17255473	DNA/hAT-Charlie	724	+	87	17255386	54262
chr16	17201124	17401124	harbor1	chr16	17260658	17260839	DNA/hAT-Charlie	972	+	90	17260748	59624
chr16	17201124	17401124	harbor1	chr16	17267984	17268496	DNA/hAT-Charlie	2167	+	256	17268240	67116
chr16	17201124	17401124	harbor1	chr16	17270738	17270899	DNA/hAT-Charlie	658	+	80	17270818	69694
chr16	17201124	17401124	harbor1	chr16	17272510	17272766	DNA/hAT-Charlie	582	+	128	17272638	71514
chr16	17201124	17401124	harbor1	chr16	17272894	17273400	DNA/hAT-Charlie	1545	+	253	17273147	72023
chr16	17201124	17401124	harbor1	chr16	17273401	17273562	DNA/hAT-Charlie	775	+	80	17273481	72357
chr16	17201124	17401124	harbor1	chr16	17273862	17273920	DNA/hAT-Charlie	1545	+	29	17273891	72767
chr16	17201124	17401124	harbor1	chr16	17274194	17274406	DNA/hAT-Charlie	1545	+	106	17274300	73176
chr16	17201124	17401124	harbor1	chr16	17295665	17295855	DNA/hAT-Charlie	1096	+	95	17295760	94636
chr16	31890645	32090645	harbor1	chr16	31917428	31917762	DNA/hAT-Charlie	1973	+	167	31917595	26950
chr16	66745289	66945289	harbor1	chr16	66829775	66829872	DNA/hAT-Charlie	544	+	48	66829823	84534
chr16	66745289	66945289	harbor1	chr16	66834050	66834120	DNA/hAT-Charlie	750	+	35	66834085	88796
chr16	66745289	66945289	harbor1	chr16	66834417	66834427	DNA/hAT-Charlie	750	+	5	66834422	89133
chr16	66745289	66945289	harbor1	chr16	66834886	66834987	DNA/hAT-Charlie	750	+	50	66834936	89647
chr16	66745289	66945289	harbor1	chr16	66830274	66830476	DNA/hAT-Charlie	860	+	101	66830375	85086
chr16	9665574	9865574	harbor1	chr16	9680756	9680911	DNA/hAT-Charlie	934	+	78	9680834	15260
chr16	9665574	9865574	harbor1	chr16	9719392	9719671	DNA/hAT-Charlie	507	+	140	9719532	53958
chr16	83493587	83693587	harbor1	chr16	83512775	83512939	DNA/hAT-Charlie	631	+	82	83512857	19270
chr16	83493587	83693587	harbor1	chr16	83542026	83542155	DNA/hAT-Charlie	681	+	64	83542090	48503
chr16	83493587	83693587	harbor1	chr16	83543613	83543858	DNA/hAT-Charlie	757	+	122	83543735	50148
chr16	83493587	83693587	harbor1	chr16	83548250	83548481	DNA/hAT-Charlie	898	+	116	83548366	54779
chr16	83493587	83693587	harbor1	chr16	83555275	83555444	DNA/hAT-Charlie	765	+	84	83555359	61772
chr16	83493587	83693587	harbor1	chr16	83556962	83557459	DNA/hAT-Charlie	3343	+	248	83557210	63623
chr16	83493587	83693587	harbor1	chr16	83590757	83590900	DNA/hAT-Charlie	541	+	72	83590829	97242
chr16	14227674	14427674	harbor1	chr16	14238052	14238146	DNA/hAT-Charlie	451	+	47	14238099	10425
chr16	14227674	14427674	harbor1	chr16	14242962	14243116	DNA/hAT-Charlie	607	+	77	14243039	15365
chr16	14227674	14427674	harbor1	chr16	14251562	14251784	DNA/hAT-Charlie	1220	+	111	14251673	23999
chr16	14227674	14427674	harbor1	chr16	14282098	14282220	DNA/hAT-Charlie	486	+	61	14282159	54485
chr16	19692850	19892850	harbor1	chr16	19719604	19719670	DNA/hAT-Charlie	508	+	33	19719637	26787
chr16	19692850	19892850	harbor1	chr16	19719973	19720038	DNA/hAT-Charlie	508	+	32	19720005	27155
chr16	19692850	19892850	harbor1	chr16	19749322	19749477	DNA/hAT-Charlie	771	+	78	19749400	56550
chr16	19692850	19892850	harbor1	chr16	19780563	19781027	DNA/hAT-Charlie	2198	+	232	19780795	87945
chr16	30436882	30636882	harbor1	chr16	30476360	30476632	DNA/hAT-Charlie	768	+	136	30476496	39614
chr16	46472164	46672164	harbor1	chr16	46482619	46482843	DNA/hAT-Charlie	1503	+	112	46482731	10567
chr16	46472164	46672164	harbor1	chr16	46549514	46549713	DNA/hAT-Charlie	826	+	100	46549614	77450
chr16	72406897	72606897	harbor1	chr16	72412921	72413142	DNA/hAT-Charlie	1379	+	110	72413031	6134
chr16	72406897	72606897	harbor1	chr16	72473514	72473654	DNA/hAT-Charlie	614	+	70	72473584	66687
chr16	80213897	80413897	harbor1	chr16	80290239	80290437	DNA/hAT-Charlie	947	+	99	80290338	76441
chr16	15921037	16121037	harbor1	chr16	15939704	15939859	DNA/hAT-Charlie	716	+	78	15939782	18745
chr16	15921037	16121037	harbor1	chr16	15973280	15973494	DNA/hAT-Charlie	1066	+	107	15973387	52350
chr16	15921037	16121037	harbor1	chr16	15978745	15978944	DNA/hAT-Charlie	799	+	100	15978845	57808
chr16	15921037	16121037	harbor1	chr16	15986328	15986665	DNA/hAT-Charlie	2156	+	168	15986496	65459
chr16	15921037	16121037	harbor1	chr16	15991886	15992403	DNA/hAT-Charlie	3308	+	258	15992144	71107
chr16	15921037	16121037	harbor1	chr16	15993454	15993662	DNA/hAT-Charlie	975	+	104	15993558	72521
chr16	15921037	16121037	harbor1	chr16	16009996	16010037	DNA/hAT-Charlie	445	+	20	16010016	88979
chr16	15921037	16121037	harbor1	chr16	16010342	16010411	DNA/hAT-Charlie	445	+	34	16010376	89339
chr16	15921037	16121037	harbor1	chr16	16013990	16014161	DNA/hAT-Charlie	718	+	86	16014076	93039
chr16	15921037	16121037	harbor1	chr16	16020430	16020648	DNA/hAT-Charlie	1138	+	109	16020539	99502
chr16	15921037	16121037	harbor1	chr16	15941532	15941644	DNA/hAT-Charlie	765	+	56	15941588	20551
chr16	15921037	16121037	harbor1	chr16	15957894	15958065	DNA/hAT-Charlie	636	+	86	15957980	36943
chr16	77628976	77828976	harbor1	chr16	77659663	77659977	DNA/hAT-Charlie	959	+	157	77659820	30844
chr16	77628976	77828976	harbor1	chr16	77661941	77662076	DNA/hAT-Charlie	773	+	68	77662009	33033
chr16	77628976	77828976	harbor1	chr16	77665000	77665114	DNA/hAT-Charlie	529	+	57	77665057	36081
chr16	77628976	77828976	harbor1	chr16	77665118	77665503	DNA/hAT-Charlie	1477	+	192	77665310	36334
chr16	77628976	77828976	harbor1	chr16	77710239	77710431	DNA/hAT-Charlie	893	+	96	77710335	81359
chr16	77628976	77828976	harbor1	chr16	77724828	77725011	DNA/hAT-Charlie	678	+	92	77724920	95944
chr16	53312008	53512008	harbor1	chr16	53318622	53318823	DNA/hAT-Charlie	986	+	100	53318722	6714
chr16	53312008	53512008	harbor1	chr16	53323073	53323365	DNA/hAT-Charlie	1293	+	146	53323219	11211
chr16	53312008	53512008	harbor1	chr16	53341934	53342058	DNA/hAT-Charlie	613	+	62	53341996	29988
chr16	53312008	53512008	harbor1	chr16	53342785	53342822	DNA/hAT-Charlie	613	+	18	53342803	30795
chr16	53312008	53512008	harbor1	chr16	53365065	53365238	DNA/hAT-Charlie	699	+	86	53365151	53143
chr16	53312008	53512008	harbor1	chr16	53392256	53392579	DNA/hAT-Charlie	1312	+	162	53392418	80410
chr16	23538564	23738564	harbor1	chr16	23551021	23551291	DNA/hAT-Charlie	623	+	135	23551156	12592
chr16	23538564	23738564	harbor1	chr16	23555893	23556084	DNA/hAT-Charlie	496	+	96	23555989	17425
chr16	23538564	23738564	harbor1	chr16	23562977	23563282	DNA/hAT-Charlie	800	+	152	23563129	24565
chr16	23538564	23738564	harbor1	chr16	23570099	23570281	DNA/hAT-Charlie	742	+	91	23570190	31626
chr16	23538564	23738564	harbor1	chr16	23593597	23593750	DNA/hAT-Charlie	506	+	76	23593673	55109
chr16	23538564	23738564	harbor1	chr16	23609977	23610273	DNA/hAT-Charlie	1209	+	148	23610125	71561
chr16	7270986	7470986	harbor1	chr16	7296096	7296446	DNA/hAT-Charlie	850	+	175	7296271	25285
chr16	7270986	7470986	harbor1	chr16	7323970	7324014	DNA/hAT-Charlie	596	+	22	7323992	53006
chr16	7270986	7470986	harbor1	chr16	7324044	7324171	DNA/hAT-Charlie	596	+	64	7324108	53122
chr16	7270986	7470986	harbor1	chr16	7328862	7329193	DNA/hAT-Charlie	1213	+	166	7329028	58042
chr16	7270986	7470986	harbor1	chr16	7347087	7347203	DNA/hAT-Charlie	484	+	58	7347145	76159
chr16	7270986	7470986	harbor1	chr16	7347563	7347626	DNA/hAT-Charlie	484	+	32	7347595	76609
chr16	7270986	7470986	harbor1	chr16	7365461	7365617	DNA/hAT-Charlie	693	+	78	7365539	94553
chr16	28643972	28843972	harbor1	chr16	28647057	28647158	DNA/hAT-Charlie	1133	+	50	28647107	3135
chr16	28643972	28843972	harbor1	chr16	28647783	28647896	DNA/hAT-Charlie	1133	+	56	28647839	3867
chr16	28643972	28843972	harbor1	chr16	28691221	28691292	DNA/hAT-Charlie	3972	+	36	28691257	47285
chr16	28643972	28843972	harbor1	chr16	28691590	28691807	DNA/hAT-Charlie	3972	+	108	28691698	47726
chr16	28643972	28843972	harbor1	chr16	28692111	28692148	DNA/hAT-Charlie	3972	+	18	28692129	48157
chr16	28643972	28843972	harbor1	chr16	28692465	28692488	DNA/hAT-Charlie	3972	+	12	28692477	48505
chr16	28643972	28843972	harbor1	chr16	28692784	28693185	DNA/hAT-Charlie	3972	+	200	28692984	49012
chr16	28643972	28843972	harbor1	chr16	28693475	28693663	DNA/hAT-Charlie	3972	+	94	28693569	49597
chr16	28643972	28843972	harbor1	chr16	28701572	28701821	DNA/hAT-Charlie	888	+	124	28701696	57724
chr16	28643972	28843972	harbor1	chr16	28702122	28702193	DNA/hAT-Charlie	888	+	36	28702158	58186
chr16	28643972	28843972	harbor1	chr16	28702578	28702746	DNA/hAT-Charlie	888	+	84	28702662	58690
chr16	61363094	61563094	harbor1	chr16	61401057	61401245	DNA/hAT-Charlie	1101	+	94	61401151	38057
chr16	61363094	61563094	harbor1	chr16	61428998	61429165	DNA/hAT-Charlie	584	+	84	61429082	65988
chr16	61363094	61563094	harbor1	chr16	61434466	61434732	DNA/hAT-Charlie	1108	+	133	61434599	71505
chr16	66749036	66949036	harbor1	chr16	66829775	66829872	DNA/hAT-Charlie	544	+	48	66829823	80787
chr16	66749036	66949036	harbor1	chr16	66834050	66834120	DNA/hAT-Charlie	750	+	35	66834085	85049
chr16	66749036	66949036	harbor1	chr16	66834417	66834427	DNA/hAT-Charlie	750	+	5	66834422	85386
chr16	66749036	66949036	harbor1	chr16	66834886	66834987	DNA/hAT-Charlie	750	+	50	66834936	85900
chr16	66749036	66949036	harbor1	chr16	66830274	66830476	DNA/hAT-Charlie	860	+	101	66830375	81339
chr16	82651258	82851258	harbor1	chr16	82668565	82668718	DNA/hAT-Charlie	447	+	76	82668641	17383
chr16	82651258	82851258	harbor1	chr16	82684370	82684544	DNA/hAT-Charlie	524	+	87	82684457	33199
chr16	82651258	82851258	harbor1	chr16	82691796	82691980	DNA/hAT-Charlie	694	+	92	82691888	40630
chr16	82651258	82851258	harbor1	chr16	82700064	82700313	DNA/hAT-Charlie	784	+	124	82700188	48930
chr16	82651258	82851258	harbor1	chr16	82734134	82734330	DNA/hAT-Charlie	825	+	98	82734232	82974
chr16	82651258	82851258	harbor1	chr16	82747198	82747330	DNA/hAT-Charlie	531	+	66	82747264	96006
chr16	82651258	82851258	harbor1	chr16	82747473	82747647	DNA/hAT-Charlie	896	+	87	82747560	96302
chr16	7029483	7229483	harbor1	chr16	7040824	7040885	DNA/hAT-Charlie	699	+	30	7040854	11371
chr16	7029483	7229483	harbor1	chr16	7041234	7041411	DNA/hAT-Charlie	699	+	88	7041322	11839
chr16	7029483	7229483	harbor1	chr16	7055104	7055279	DNA/hAT-Charlie	533	+	88	7055192	25709
chr16	7029483	7229483	harbor1	chr16	7058128	7058405	DNA/hAT-Charlie	473	+	138	7058266	28783
chr16	7029483	7229483	harbor1	chr16	7073134	7073315	DNA/hAT-Charlie	468	+	90	7073224	43741
chr16	7029483	7229483	harbor1	chr16	7073925	7074130	DNA/hAT-Charlie	589	+	102	7074027	44544
chr16	7029483	7229483	harbor1	chr16	7075440	7075570	DNA/hAT-Charlie	561	+	65	7075505	46022
chr16	7029483	7229483	harbor1	chr16	7075880	7076037	DNA/hAT-Charlie	561	+	78	7075958	46475
chr16	7029483	7229483	harbor1	chr16	7076332	7076516	DNA/hAT-Charlie	561	+	92	7076424	46941
chr16	3963550	4163550	harbor1	chr16	3979636	3980095	DNA/hAT-Charlie	645	+	230	3979866	16316
chr16	3963550	4163550	harbor1	chr16	4006094	4006318	DNA/hAT-Charlie	996	+	112	4006206	42656
chr16	3963550	4163550	harbor1	chr16	4020113	4020279	DNA/hAT-Charlie	641	+	83	4020196	56646
chr16	64346121	64546121	harbor1	chr16	64418954	64419168	DNA/hAT-Charlie	813	+	107	64419061	72940
chr16	33301098	33501098	harbor1	chr16	33355250	33355408	DNA/hAT-Charlie	430	+	79	33355329	54231
chr16	65842735	66042735	harbor1	chr16	65932063	65932201	DNA/hAT-Charlie	633	+	69	65932132	89397
chr16	5660407	5860407	harbor1	chr16	5662995	5663198	DNA/hAT-Charlie	1185	+	102	5663097	2690
chr16	5660407	5860407	harbor1	chr16	5699603	5699777	DNA/hAT-Charlie	830	+	87	5699690	39283
chr16	5660407	5860407	harbor1	chr16	5743530	5743664	DNA/hAT-Charlie	454	+	67	5743597	83190
chr16	88520198	88720198	harbor1	chr16	88592373	88592454	DNA/hAT-Charlie	444	+	40	88592413	72215
chr16	88520198	88720198	harbor1	chr16	88593618	88593828	DNA/hAT-Charlie	539	+	105	88593723	73525
chr16	88520198	88720198	harbor1	chr16	88593844	88594369	DNA/hAT-Charlie	1376	+	262	88594106	73908
chr16	88520198	88720198	harbor1	chr16	88602437	88602610	DNA/hAT-Charlie	595	+	86	88602523	82325
chr16	55791274	55991274	harbor1	chr16	55803625	55803769	DNA/hAT-Charlie	498	+	72	55803697	12423
chr16	55791274	55991274	harbor1	chr16	55860336	55860527	DNA/hAT-Charlie	1010	+	96	55860432	69158
chr16	70298477	70498477	harbor1	chr16	70397421	70397441	DNA/hAT-Charlie	450	+	10	70397431	98954
chr16	70298477	70498477	harbor1	chr16	70397754	70397979	DNA/hAT-Charlie	450	+	112	70397866	99389
chr16	9610192	9810192	harbor1	chr16	9633261	9633479	DNA/hAT-Charlie	1120	+	109	9633370	23178
chr16	9610192	9810192	harbor1	chr16	9637138	9637276	DNA/hAT-Charlie	553	+	69	9637207	27015
chr16	9610192	9810192	harbor1	chr16	9647762	9647914	DNA/hAT-Charlie	640	+	76	9647838	37646
chr16	9610192	9810192	harbor1	chr16	9649446	9649555	DNA/hAT-Charlie	664	+	54	9649500	39308
chr16	9610192	9810192	harbor1	chr16	9650100	9650120	DNA/hAT-Charlie	664	+	10	9650110	39918
chr16	9610192	9810192	harbor1	chr16	9656083	9656298	DNA/hAT-Charlie	1031	+	108	9656191	45999
chr16	9610192	9810192	harbor1	chr16	9680756	9680911	DNA/hAT-Charlie	934	+	78	9680834	70642
chr16	56913112	57113112	harbor1	chr16	56941300	56941517	DNA/hAT-Charlie	1091	+	108	56941408	28296
chr16	56913112	57113112	harbor1	chr16	56952216	56952376	DNA/hAT-Charlie	481	+	80	56952296	39184
chr16	56913112	57113112	harbor1	chr16	56961379	56961760	DNA/hAT-Charlie	683	+	190	56961569	48457
chr16	56913112	57113112	harbor1	chr16	56995858	56996164	DNA/hAT-Charlie	980	+	153	56996011	82899
chr16	56913112	57113112	harbor1	chr16	56996482	56996528	DNA/hAT-Charlie	980	+	23	56996505	83393
chr16	56913112	57113112	harbor1	chr16	57012424	57012761	DNA/hAT-Charlie	1843	+	168	57012592	99480
chr16	82195950	82395950	harbor1	chr16	82227808	82227976	DNA/hAT-Charlie	966	+	84	82227892	31942
chr16	82195950	82395950	harbor1	chr16	82254849	82255033	DNA/hAT-Charlie	772	+	92	82254941	58991
chr16	82195950	82395950	harbor1	chr16	82264185	82264348	DNA/hAT-Charlie	1016	+	82	82264267	68317
chr16	60501510	60701510	harbor1	chr16	60507471	60507496	DNA/hAT-Charlie	473	+	12	60507483	5973
chr16	60501510	60701510	harbor1	chr16	60507684	60507774	DNA/hAT-Charlie	473	+	45	60507729	6219
chr16	60501510	60701510	harbor1	chr16	60544851	60545048	DNA/hAT-Charlie	813	+	98	60544949	43439
chr16	60501510	60701510	harbor1	chr16	60582498	60582658	DNA/hAT-Charlie	590	+	80	60582578	81068
chr16	64664388	64864388	harbor1	chr16	64729106	64729308	DNA/hAT-Charlie	735	+	101	64729207	64819
chr16	64664388	64864388	harbor1	chr16	64729328	64729470	DNA/hAT-Charlie	570	+	71	64729399	65011
chr16	64664388	64864388	harbor1	chr16	64748342	64748703	DNA/hAT-Charlie	523	+	180	64748522	84134
chr16	64664388	64864388	harbor1	chr16	64748926	64749136	DNA/hAT-Charlie	650	+	105	64749031	84643
chr16	64664388	64864388	harbor1	chr16	64753082	64753214	DNA/hAT-Charlie	562	+	66	64753148	88760
chr16	24722355	24922355	harbor1	chr16	24723669	24724195	DNA/hAT-Charlie	1182	+	263	24723932	1577
chr16	24722355	24922355	harbor1	chr16	24770834	24771186	DNA/hAT-Charlie	1404	+	176	24771010	48655
chr16	24722355	24922355	harbor1	chr16	24771864	24772089	DNA/hAT-Charlie	975	+	112	24771976	49621
chr16	24722355	24922355	harbor1	chr16	24782366	24782535	DNA/hAT-Charlie	770	+	84	24782450	60095
chr16	24722355	24922355	harbor1	chr16	24808349	24808557	DNA/hAT-Charlie	726	+	104	24808453	86098
chr16	53073087	53273087	harbor1	chr16	53084939	53085201	DNA/hAT-Charlie	811	+	131	53085070	11983
chr16	53073087	53273087	harbor1	chr16	53109985	53110175	DNA/hAT-Charlie	531	+	95	53110080	36993
chr16	53073087	53273087	harbor1	chr16	53111601	53111852	DNA/hAT-Charlie	558	+	126	53111727	38640
chr16	20653	220653	harbor1	chr16	39657	39830	DNA/hAT-Charlie	1042	+	86	39743	19090
chr16	20653	220653	harbor1	chr16	40165	40288	DNA/hAT-Charlie	1042	+	62	40227	19574
chr16	20653	220653	harbor1	chr16	40285	40459	DNA/hAT-Charlie	705	+	87	40372	19719
chr16	66527450	66727450	harbor1	chr16	66540852	66540961	DNA/hAT-Charlie	949	+	54	66540906	13456
chr16	66527450	66727450	harbor1	chr16	66541288	66541410	DNA/hAT-Charlie	949	+	61	66541349	13899
chr16	66527450	66727450	harbor1	chr16	66541716	66541802	DNA/hAT-Charlie	949	+	43	66541759	14309
chr16	66527450	66727450	harbor1	chr16	66542752	66542876	DNA/hAT-Charlie	814	+	62	66542814	15364
chr16	66527450	66727450	harbor1	chr16	66543174	66543236	DNA/hAT-Charlie	814	+	31	66543205	15755
chr16	66527450	66727450	harbor1	chr16	66564228	66564458	DNA/hAT-Charlie	1069	+	115	66564343	36893
chr16	66527450	66727450	harbor1	chr16	66564770	66564870	DNA/hAT-Charlie	1069	+	50	66564820	37370
chr16	66527450	66727450	harbor1	chr16	66576568	66576837	DNA/hAT-Charlie	456	+	134	66576702	49252
chr16	4298932	4498932	harbor1	chr16	4371318	4371438	DNA/hAT-Charlie	466	+	60	4371378	72446
chr16	17878368	18078368	harbor1	chr16	17914771	17914868	DNA/hAT-Charlie	472	+	48	17914819	36451
chr16	17878368	18078368	harbor1	chr16	17936221	17936400	DNA/hAT-Charlie	893	+	90	17936311	57943
chr16	17878368	18078368	harbor1	chr16	17936592	17936744	DNA/hAT-Charlie	727	+	76	17936668	58300
chr16	17878368	18078368	harbor1	chr16	17944840	17945042	DNA/hAT-Charlie	597	+	101	17944941	66573
chr16	17878368	18078368	harbor1	chr16	17946777	17946997	DNA/hAT-Charlie	1000	+	110	17946887	68519
chr16	17878368	18078368	harbor1	chr16	17965503	17965765	DNA/hAT-Charlie	982	+	131	17965634	87266
chr16	60532826	60732826	harbor1	chr16	60544851	60545048	DNA/hAT-Charlie	813	+	98	60544949	12123
chr16	60532826	60732826	harbor1	chr16	60582498	60582658	DNA/hAT-Charlie	590	+	80	60582578	49752
chr16	60532826	60732826	harbor1	chr16	60619617	60619927	DNA/hAT-Charlie	630	+	155	60619772	86946
chr16	84270862	84470862	harbor1	chr16	84362335	84362525	DNA/hAT-Charlie	450	+	95	84362430	91568
chr16	63465982	63665982	harbor1	chr16	63541100	63541312	DNA/hAT-Charlie	1266	+	106	63541206	75224
chr16	14233975	14433975	harbor1	chr16	14238052	14238146	DNA/hAT-Charlie	451	+	47	14238099	4124
chr16	14233975	14433975	harbor1	chr16	14242962	14243116	DNA/hAT-Charlie	607	+	77	14243039	9064
chr16	14233975	14433975	harbor1	chr16	14251562	14251784	DNA/hAT-Charlie	1220	+	111	14251673	17698
chr16	14233975	14433975	harbor1	chr16	14282098	14282220	DNA/hAT-Charlie	486	+	61	14282159	48184
chr16	19150381	19350381	harbor1	chr16	19158096	19158169	DNA/hAT-Charlie	551	+	36	19158132	7751
chr16	19150381	19350381	harbor1	chr16	19158695	19158788	DNA/hAT-Charlie	551	+	46	19158741	8360
chr16	19150381	19350381	harbor1	chr16	19181579	19181719	DNA/hAT-Charlie	966	+	70	19181649	31268
chr16	19150381	19350381	harbor1	chr16	19182017	19182132	DNA/hAT-Charlie	966	+	58	19182075	31694
chr16	19150381	19350381	harbor1	chr16	19182431	19182544	DNA/hAT-Charlie	966	+	56	19182487	32106
chr16	19150381	19350381	harbor1	chr16	19212055	19212272	DNA/hAT-Charlie	1197	+	108	19212163	61782
chr16	19150381	19350381	harbor1	chr16	19245190	19245401	DNA/hAT-Charlie	1173	+	106	19245296	94915
chr16	64668348	64868348	harbor1	chr16	64729106	64729308	DNA/hAT-Charlie	735	+	101	64729207	60859
chr16	64668348	64868348	harbor1	chr16	64729328	64729470	DNA/hAT-Charlie	570	+	71	64729399	61051
chr16	64668348	64868348	harbor1	chr16	64748342	64748703	DNA/hAT-Charlie	523	+	180	64748522	80174
chr16	64668348	64868348	harbor1	chr16	64748926	64749136	DNA/hAT-Charlie	650	+	105	64749031	80683
chr16	64668348	64868348	harbor1	chr16	64753082	64753214	DNA/hAT-Charlie	562	+	66	64753148	84800
chr16	13545688	13745688	harbor1	chr16	13546668	13546887	DNA/hAT-Charlie	1077	+	110	13546778	1090
chr16	13545688	13745688	harbor1	chr16	13567768	13567931	DNA/hAT-Charlie	668	+	82	13567850	22162
chr16	13545688	13745688	harbor1	chr16	13569660	13569977	DNA/hAT-Charlie	847	+	158	13569818	24130
chr16	13545688	13745688	harbor1	chr16	13604327	13604439	DNA/hAT-Charlie	578	+	56	13604383	58695
chr16	13545688	13745688	harbor1	chr16	13641143	13641216	DNA/hAT-Charlie	746	+	36	13641179	95491
chr16	13545688	13745688	harbor1	chr16	13641593	13641670	DNA/hAT-Charlie	746	+	38	13641631	95943
chr16	27884862	28084862	harbor1	chr16	27891214	27891419	DNA/hAT-Charlie	639	+	102	27891316	6454
chr16	27884862	28084862	harbor1	chr16	27891977	27892130	DNA/hAT-Charlie	581	+	76	27892053	7191
chr16	27884862	28084862	harbor1	chr16	27895091	27895332	DNA/hAT-Charlie	854	+	120	27895211	10349
chr16	27884862	28084862	harbor1	chr16	27895968	27896124	DNA/hAT-Charlie	587	+	78	27896046	11184
chr16	27884862	28084862	harbor1	chr16	27898770	27898977	DNA/hAT-Charlie	652	+	104	27898874	14012
chr16	27884862	28084862	harbor1	chr16	27913535	27913793	DNA/hAT-Charlie	943	+	129	27913664	28802
chr16	27884862	28084862	harbor1	chr16	27927777	27927963	DNA/hAT-Charlie	521	+	93	27927870	43008
chr16	27884862	28084862	harbor1	chr16	27928971	27929153	DNA/hAT-Charlie	652	+	91	27929062	44200
chr16	27884862	28084862	harbor1	chr16	27966754	27966996	DNA/hAT-Charlie	838	+	121	27966875	82013
chr16	79909712	80109712	harbor1	chr16	79945470	79945614	DNA/hAT-Charlie	452	+	72	79945542	35830
chr16	79909712	80109712	harbor1	chr16	79972523	79972662	DNA/hAT-Charlie	554	+	70	79972593	62881
chr16	79909712	80109712	harbor1	chr16	80001073	80001182	DNA/hAT-Charlie	470	+	54	80001127	91415
chr17	16615146	16815146	harbor1	chr17	16629864	16630104	DNA/hAT-Charlie	918	+	120	16629984	14838
chr17	16615146	16815146	harbor1	chr17	16669527	16669712	DNA/hAT-Charlie	645	+	92	16669619	54473
chr17	28325298	28525298	harbor1	chr17	28414425	28414774	DNA/hAT-Charlie	810	+	174	28414599	89301
chr17	54213243	54413243	harbor1	chr17	54248948	54249086	DNA/hAT-Charlie	539	+	69	54249017	35774
chr17	54213243	54413243	harbor1	chr17	54268190	54268386	DNA/hAT-Charlie	717	+	98	54268288	55045
chr17	54213243	54413243	harbor1	chr17	54278206	54278388	DNA/hAT-Charlie	799	+	91	54278297	65054
chr17	53704825	53904825	harbor1	chr17	53793840	53794034	DNA/hAT-Charlie	557	+	97	53793937	89112
chr17	7881354	8081354	harbor1	chr17	7930040	7930239	DNA/hAT-Charlie	1015	+	100	7930140	48786
chr17	28001894	28201894	harbor1	chr17	28031177	28031292	DNA/hAT-Charlie	828	+	58	28031235	29341
chr17	28001894	28201894	harbor1	chr17	28031813	28031880	DNA/hAT-Charlie	828	+	34	28031847	29953
chr17	28001894	28201894	harbor1	chr17	28050410	28050553	DNA/hAT-Charlie	633	+	72	28050482	48588
chr17	62375578	62575578	harbor1	chr17	62434129	62434283	DNA/hAT-Charlie	601	+	77	62434206	58628
chr17	62375578	62575578	harbor1	chr17	62473495	62473678	DNA/hAT-Charlie	1042	+	92	62473587	98009
chr17	62375578	62575578	harbor1	chr17	62473702	62473842	DNA/hAT-Charlie	674	+	70	62473772	98194
chr17	42176876	42376876	harbor1	chr17	42260039	42260165	DNA/hAT-Charlie	680	+	63	42260102	83226
chr17	42176876	42376876	harbor1	chr17	42260175	42260413	DNA/hAT-Charlie	1388	+	119	42260294	83418
chr17	42176876	42376876	harbor1	chr17	42260678	42260848	DNA/hAT-Charlie	1388	+	85	42260763	83887
chr17	44119398	44319398	harbor1	chr17	44174664	44174822	DNA/hAT-Charlie	1277	+	79	44174743	55345
chr17	44119398	44319398	harbor1	chr17	44175430	44175781	DNA/hAT-Charlie	1277	+	176	44175606	56208
chr17	18529767	18729767	harbor1	chr17	18593508	18593684	DNA/hAT-Charlie	696	+	88	18593596	63829
chr17	18529767	18729767	harbor1	chr17	18611396	18611565	DNA/hAT-Charlie	557	+	84	18611480	81713
chr17	18529767	18729767	harbor1	chr17	18618133	18618325	DNA/hAT-Charlie	681	+	96	18618229	88462
chr17	18803951	19003951	harbor1	chr17	18810186	18810635	DNA/hAT-Charlie	1136	+	224	18810410	6459
chr17	66329241	66529241	harbor1	chr17	66382682	66382912	DNA/hAT-Charlie	1180	+	115	66382797	53556
chr17	66329241	66529241	harbor1	chr17	66411517	66411824	DNA/hAT-Charlie	1094	+	154	66411671	82430
chr17	66329241	66529241	harbor1	chr17	66412392	66412513	DNA/hAT-Charlie	604	+	60	66412452	83211
chr17	66329241	66529241	harbor1	chr17	66426985	66427034	DNA/hAT-Charlie	882	+	24	66427009	97768
chr17	66329241	66529241	harbor1	chr17	66427332	66427505	DNA/hAT-Charlie	882	+	86	66427418	98177
chr17	50923982	51123982	harbor1	chr17	50932978	50933230	DNA/hAT-Charlie	601	+	126	50933104	9122
chr17	50923982	51123982	harbor1	chr17	50948479	50948625	DNA/hAT-Charlie	720	+	73	50948552	24570
chr17	50923982	51123982	harbor1	chr17	50948675	50948753	DNA/hAT-Charlie	720	+	39	50948714	24732
chr17	50923982	51123982	harbor1	chr17	50949041	50949123	DNA/hAT-Charlie	720	+	41	50949082	25100
chr17	50923982	51123982	harbor1	chr17	50952916	50953101	DNA/hAT-Charlie	821	+	92	50953008	29026
chr17	50923982	51123982	harbor1	chr17	50985075	50985274	DNA/hAT-Charlie	731	+	100	50985175	61193
chr17	50923982	51123982	harbor1	chr17	50986132	50986326	DNA/hAT-Charlie	749	+	97	50986229	62247
chr17	50923982	51123982	harbor1	chr17	51022394	51022541	DNA/hAT-Charlie	574	+	74	51022468	98486
chr17	46059641	46259641	harbor1	chr17	46113083	46113229	DNA/hAT-Charlie	637	+	73	46113156	53515
chr17	46059641	46259641	harbor1	chr17	46132449	46132624	DNA/hAT-Charlie	696	+	88	46132537	72896
chr17	46059641	46259641	harbor1	chr17	46155485	46155678	DNA/hAT-Charlie	751	+	96	46155581	95940
chr17	63774640	63974640	harbor1	chr17	63801962	63802485	DNA/hAT-Charlie	3621	+	262	63802224	27584
chr17	63774640	63974640	harbor1	chr17	63802601	63802628	DNA/hAT-Charlie	3621	+	14	63802615	27975
chr17	63774640	63974640	harbor1	chr17	63802926	63803306	DNA/hAT-Charlie	3621	+	190	63803116	28476
chr17	63774640	63974640	harbor1	chr17	63803587	63803636	DNA/hAT-Charlie	3621	+	24	63803611	28971
chr17	63774640	63974640	harbor1	chr17	63803950	63804118	DNA/hAT-Charlie	3621	+	84	63804034	29394
chr17	63774640	63974640	harbor1	chr17	63815912	63816032	DNA/hAT-Charlie	531	+	60	63815972	41332
chr17	63774640	63974640	harbor1	chr17	63869587	63869755	DNA/hAT-Charlie	608	+	84	63869671	95031
chr17	51323513	51523513	harbor1	chr17	51324909	51325121	DNA/hAT-Charlie	1442	+	106	51325015	1502
chr17	51323513	51523513	harbor1	chr17	51339266	51339351	DNA/hAT-Charlie	479	+	42	51339308	15795
chr17	51323513	51523513	harbor1	chr17	51340548	51340801	DNA/hAT-Charlie	1211	+	126	51340674	17161
chr17	51323513	51523513	harbor1	chr17	51347976	51348191	DNA/hAT-Charlie	502	+	108	51348084	24571
chr17	51323513	51523513	harbor1	chr17	51350498	51350725	DNA/hAT-Charlie	1115	+	114	51350612	27099
chr17	51323513	51523513	harbor1	chr17	51351530	51351741	DNA/hAT-Charlie	626	+	106	51351636	28123
chr17	51323513	51523513	harbor1	chr17	51406382	51406588	DNA/hAT-Charlie	1122	+	103	51406485	82972
chr17	76043571	76243571	harbor1	chr17	76049597	76049823	DNA/hAT-Charlie	489	+	113	76049710	6139
chr17	39948885	40148885	harbor1	chr17	40041866	40042082	DNA/hAT-Charlie	828	+	108	40041974	93089
chr17	39948885	40148885	harbor1	chr17	40048235	40048425	DNA/hAT-Charlie	819	+	95	40048330	99445
chr17	39948885	40148885	harbor1	chr17	40048406	40048544	DNA/hAT-Charlie	517	+	69	40048475	99590
chr17	71872766	72072766	harbor1	chr17	71896113	71896315	DNA/hAT-Charlie	1134	+	101	71896214	23448
chr17	71872766	72072766	harbor1	chr17	71900065	71900235	DNA/hAT-Charlie	589	+	85	71900150	27384
chr17	71872766	72072766	harbor1	chr17	71947990	71948088	DNA/hAT-Charlie	490	+	49	71948039	75273
chr17	71872766	72072766	harbor1	chr17	71962374	71962622	DNA/hAT-Charlie	1768	+	124	71962498	89732
chr17	22311968	22511968	harbor1	chr17	22319610	22319877	DNA/hAT-Charlie	1089	+	134	22319744	7776
chr17	22311968	22511968	harbor1	chr17	22367794	22367967	DNA/hAT-Charlie	499	+	86	22367880	55912
chr17	15828419	16028419	harbor1	chr17	15870023	15870214	DNA/hAT-Charlie	806	+	96	15870119	41700
chr17	15828419	16028419	harbor1	chr17	15884253	15884399	DNA/hAT-Charlie	731	+	73	15884326	55907
chr17	15828419	16028419	harbor1	chr17	15895545	15895734	DNA/hAT-Charlie	799	+	94	15895639	67220
chr17	15828419	16028419	harbor1	chr17	15910223	15910302	DNA/hAT-Charlie	1380	+	40	15910263	81844
chr17	15828419	16028419	harbor1	chr17	15910599	15910738	DNA/hAT-Charlie	1380	+	70	15910669	82250
chr17	64339005	64539005	harbor1	chr17	64362114	64362266	DNA/hAT-Charlie	608	+	76	64362190	23185
chr17	20994147	21194147	harbor1	chr17	21001391	21001559	DNA/hAT-Charlie	548	+	84	21001475	7328
chr17	62380581	62580581	harbor1	chr17	62434129	62434283	DNA/hAT-Charlie	601	+	77	62434206	53625
chr17	62380581	62580581	harbor1	chr17	62473495	62473678	DNA/hAT-Charlie	1042	+	92	62473587	93006
chr17	62380581	62580581	harbor1	chr17	62473702	62473842	DNA/hAT-Charlie	674	+	70	62473772	93191
chr17	61232526	61432526	harbor1	chr17	61301103	61301306	DNA/hAT-Charlie	996	+	102	61301205	68679
chr17	35080978	35280978	harbor1	chr17	35099233	35099382	DNA/hAT-Charlie	555	+	74	35099307	18329
chr17	35080978	35280978	harbor1	chr17	35113757	35113938	DNA/hAT-Charlie	834	+	90	35113847	32869
chr17	35080978	35280978	harbor1	chr17	35118110	35118331	DNA/hAT-Charlie	1301	+	110	35118220	37242
chr17	35080978	35280978	harbor1	chr17	35124171	35124247	DNA/hAT-Charlie	729	+	38	35124209	43231
chr17	35080978	35280978	harbor1	chr17	35124557	35124713	DNA/hAT-Charlie	729	+	78	35124635	43657
chr17	35080978	35280978	harbor1	chr17	35128211	35128403	DNA/hAT-Charlie	717	+	96	35128307	47329
chr17	35080978	35280978	harbor1	chr17	35138290	35138436	DNA/hAT-Charlie	952	+	73	35138363	57385
chr17	35080978	35280978	harbor1	chr17	35138744	35138813	DNA/hAT-Charlie	952	+	34	35138778	57800
chr17	35080978	35280978	harbor1	chr17	35143922	35144137	DNA/hAT-Charlie	1445	+	108	35144030	63052
chr17	51818734	52018734	harbor1	chr17	51829014	51829195	DNA/hAT-Charlie	626	+	90	51829104	10370
chr17	79648872	79848872	harbor1	chr17	79687305	79687371	DNA/hAT-Charlie	1583	+	33	79687338	38466
chr17	79648872	79848872	harbor1	chr17	79687680	79688049	DNA/hAT-Charlie	1583	+	184	79687864	38992
chr17	79648872	79848872	harbor1	chr17	79688055	79688214	DNA/hAT-Charlie	646	+	80	79688135	39263
chr17	82924913	83124913	harbor1	chr17	83015612	83015938	DNA/hAT-Charlie	1768	+	163	83015775	90862
chr17	74282093	74482093	harbor1	chr17	74316560	74316705	DNA/hAT-Charlie	653	+	72	74316632	34539
chr17	74282093	74482093	harbor1	chr17	74335122	74335314	DNA/hAT-Charlie	1167	+	96	74335218	53125
chr17	65239108	65439108	harbor1	chr17	65291190	65291226	DNA/hAT-Charlie	1196	+	18	65291208	52100
chr17	65239108	65439108	harbor1	chr17	65291532	65291815	DNA/hAT-Charlie	1196	+	142	65291674	52566
chr17	41609907	41809907	harbor1	chr17	41687442	41687510	DNA/hAT-Charlie	525	+	34	41687476	77569
chr17	41609907	41809907	harbor1	chr17	41687787	41688013	DNA/hAT-Charlie	525	+	113	41687900	77993
chr17	41609907	41809907	harbor1	chr17	41692616	41692792	DNA/hAT-Charlie	929	+	88	41692704	82797
chr17	41609907	41809907	harbor1	chr17	41697272	41697455	DNA/hAT-Charlie	710	+	92	41697364	87457
chr17	22247596	22447596	harbor1	chr17	22319610	22319877	DNA/hAT-Charlie	1089	+	134	22319744	72148
chr17	37824940	38024940	harbor1	chr17	37833451	37833595	DNA/hAT-Charlie	666	+	72	37833523	8583
chr17	37824940	38024940	harbor1	chr17	37835990	37836203	DNA/hAT-Charlie	978	+	106	37836096	11156
chr17	37824940	38024940	harbor1	chr17	37919764	37920244	DNA/hAT-Charlie	3016	+	240	37920004	95064
chr17	21309297	21509297	harbor1	chr17	21336957	21337153	DNA/hAT-Charlie	773	+	98	21337055	27758
chr17	27600363	27800363	harbor1	chr17	27627180	27627395	DNA/hAT-Charlie	1236	+	108	27627288	26925
chr17	27600363	27800363	harbor1	chr17	27636813	27637046	DNA/hAT-Charlie	824	+	116	27636929	36566
chr17	27600363	27800363	harbor1	chr17	27665042	27665486	DNA/hAT-Charlie	866	+	222	27665264	64901
chr17	82920787	83120787	harbor1	chr17	83015612	83015938	DNA/hAT-Charlie	1768	+	163	83015775	94988
chr17	7988100	8188100	harbor1	chr17	8018266	8018427	DNA/hAT-Charlie	710	+	80	8018346	30246
chr17	7988100	8188100	harbor1	chr17	8018486	8018789	DNA/hAT-Charlie	648	+	152	8018638	30538
chr17	7988100	8188100	harbor1	chr17	8027454	8027629	DNA/hAT-Charlie	591	+	88	8027542	39442
chr17	7988100	8188100	harbor1	chr17	8035231	8035378	DNA/hAT-Charlie	603	+	74	8035305	47205
chr17	7988100	8188100	harbor1	chr17	8040090	8040253	DNA/hAT-Charlie	612	+	82	8040172	52072
chr17	15867466	16067466	harbor1	chr17	15870023	15870214	DNA/hAT-Charlie	806	+	96	15870119	2653
chr17	15867466	16067466	harbor1	chr17	15884253	15884399	DNA/hAT-Charlie	731	+	73	15884326	16860
chr17	15867466	16067466	harbor1	chr17	15895545	15895734	DNA/hAT-Charlie	799	+	94	15895639	28173
chr17	15867466	16067466	harbor1	chr17	15910223	15910302	DNA/hAT-Charlie	1380	+	40	15910263	42797
chr17	15867466	16067466	harbor1	chr17	15910599	15910738	DNA/hAT-Charlie	1380	+	70	15910669	43203
chr17	67652128	67852128	harbor1	chr17	67678919	67679104	DNA/hAT-Charlie	1164	+	92	67679011	26883
chr17	51648157	51848157	harbor1	chr17	51656668	51656817	DNA/hAT-Charlie	746	+	74	51656742	8585
chr17	51648157	51848157	harbor1	chr17	51676419	51676572	DNA/hAT-Charlie	790	+	76	51676495	28338
chr17	51648157	51848157	harbor1	chr17	51679792	51680122	DNA/hAT-Charlie	1617	+	165	51679957	31800
chr17	51648157	51848157	harbor1	chr17	51686506	51686665	DNA/hAT-Charlie	594	+	80	51686586	38429
chr17	42394291	42594291	harbor1	chr17	42410438	42410631	DNA/hAT-Charlie	817	+	96	42410534	16243
chr17	42394291	42594291	harbor1	chr17	42472827	42472974	DNA/hAT-Charlie	651	+	74	42472901	78610
chr17	42394291	42594291	harbor1	chr17	42475424	42475632	DNA/hAT-Charlie	1467	+	104	42475528	81237
chr17	68287479	68487479	harbor1	chr17	68305385	68305543	DNA/hAT-Charlie	534	+	79	68305464	17985
chr17	68287479	68487479	harbor1	chr17	68325043	68325562	DNA/hAT-Charlie	3966	+	260	68325303	37824
chr17	68287479	68487479	harbor1	chr17	68348941	68349019	DNA/hAT-Charlie	915	+	39	68348980	61501
chr17	68287479	68487479	harbor1	chr17	68349319	68349463	DNA/hAT-Charlie	915	+	72	68349391	61912
chr17	68287479	68487479	harbor1	chr17	68366562	68366677	DNA/hAT-Charlie	623	+	58	68366620	79141
chr17	68287479	68487479	harbor1	chr17	68366707	68366732	DNA/hAT-Charlie	623	+	12	68366719	79240
chr17	68287479	68487479	harbor1	chr17	68367063	68367151	DNA/hAT-Charlie	623	+	44	68367107	79628
chr17	68287479	68487479	harbor1	chr17	68375311	68375493	DNA/hAT-Charlie	898	+	91	68375402	87923
chr17	70075526	70275526	harbor1	chr17	70101104	70101311	DNA/hAT-Charlie	967	+	104	70101208	25682
chr17	70075526	70275526	harbor1	chr17	70151250	70151584	DNA/hAT-Charlie	1695	+	167	70151417	75891
chr17	288031	488031	harbor1	chr17	343642	343841	DNA/hAT-Charlie	845	+	100	343742	55711
chr17	48138606	48338606	harbor1	chr17	48145939	48146071	DNA/hAT-Charlie	509	+	66	48146005	7399
chr17	48138606	48338606	harbor1	chr17	48224634	48224934	DNA/hAT-Charlie	641	+	150	48224784	86178
chr17	48138606	48338606	harbor1	chr17	48237197	48237423	DNA/hAT-Charlie	536	+	113	48237310	98704
chr17	50144722	50344722	harbor1	chr17	50178944	50179108	DNA/hAT-Charlie	647	+	82	50179026	34304
chr17	50144722	50344722	harbor1	chr17	50179371	50179390	DNA/hAT-Charlie	647	+	10	50179381	34659
chr17	50144722	50344722	harbor1	chr17	50179704	50179785	DNA/hAT-Charlie	647	+	40	50179744	35022
chr17	50144722	50344722	harbor1	chr17	50217233	50217399	DNA/hAT-Charlie	2352	+	83	50217316	72594
chr17	50144722	50344722	harbor1	chr17	50217714	50218612	DNA/hAT-Charlie	2352	+	449	50218163	73441
chr17	50144722	50344722	harbor1	chr17	50219235	50220070	DNA/hAT-Charlie	2214	+	418	50219653	74931
chr17	36605441	36805441	harbor1	chr17	36639771	36639896	DNA/hAT-Charlie	733	+	62	36639833	34392
chr17	36605441	36805441	harbor1	chr17	36644308	36644587	DNA/hAT-Charlie	579	+	140	36644448	39007
chr17	36605441	36805441	harbor1	chr17	36668884	36669164	DNA/hAT-Charlie	593	+	140	36669024	63583
chr17	28390360	28590360	harbor1	chr17	28414425	28414774	DNA/hAT-Charlie	810	+	174	28414599	24239
chr17	28390360	28590360	harbor1	chr17	28482355	28482495	DNA/hAT-Charlie	665	+	70	28482425	92065
chr17	40877374	41077374	harbor1	chr17	40902516	40902696	DNA/hAT-Charlie	515	+	90	40902606	25232
chr17	40877374	41077374	harbor1	chr17	40902819	40902999	DNA/hAT-Charlie	755	+	90	40902909	25535
chr17	40877374	41077374	harbor1	chr17	40914060	40914210	DNA/hAT-Charlie	867	+	75	40914135	36761
chr17	4473631	4673631	harbor1	chr17	4553424	4553730	DNA/hAT-Charlie	1181	+	153	4553577	79946
chr17	4473631	4673631	harbor1	chr17	4563336	4563505	DNA/hAT-Charlie	644	+	84	4563420	89789
chr17	9545139	9745139	harbor1	chr17	9580118	9580324	DNA/hAT-Charlie	1283	+	103	9580221	35082
chr17	9545139	9745139	harbor1	chr17	9585165	9585293	DNA/hAT-Charlie	725	+	64	9585229	40090
chr17	9545139	9745139	harbor1	chr17	9593306	9593435	DNA/hAT-Charlie	649	+	64	9593370	48231
chr17	9545139	9745139	harbor1	chr17	9634292	9634362	DNA/hAT-Charlie	784	+	35	9634327	89188
chr17	9545139	9745139	harbor1	chr17	9634607	9634617	DNA/hAT-Charlie	784	+	5	9634612	89473
chr17	9545139	9745139	harbor1	chr17	9634770	9634963	DNA/hAT-Charlie	784	+	96	9634866	89727
chr17	81786348	81986348	harbor1	chr17	81861662	81861750	DNA/hAT-Charlie	589	+	44	81861706	75358
chr17	81786348	81986348	harbor1	chr17	81862059	81862173	DNA/hAT-Charlie	589	+	57	81862116	75768
chr17	81786348	81986348	harbor1	chr17	81862791	81862868	DNA/hAT-Charlie	589	+	38	81862829	76481
chr17	6028992	6228992	harbor1	chr17	6037658	6037770	DNA/hAT-Charlie	644	+	56	6037714	8722
chr17	6028992	6228992	harbor1	chr17	6046029	6046246	DNA/hAT-Charlie	1246	+	108	6046137	17145
chr17	6028992	6228992	harbor1	chr17	6046257	6046462	DNA/hAT-Charlie	850	+	102	6046359	17367
chr17	6028992	6228992	harbor1	chr17	6081822	6082000	DNA/hAT-Charlie	771	+	89	6081911	52919
chr17	31913259	32113259	harbor1	chr17	31935484	31935667	DNA/hAT-Charlie	870	+	92	31935576	22317
chr17	31913259	32113259	harbor1	chr17	31987591	31987648	DNA/hAT-Charlie	676	+	28	31987619	74360
chr17	31913259	32113259	harbor1	chr17	31987953	31988200	DNA/hAT-Charlie	676	+	124	31988077	74818
chr17	63994936	64194936	harbor1	chr17	64094074	64094252	DNA/hAT-Charlie	658	+	89	64094163	99227
chr17	33455197	33655197	harbor1	chr17	33490069	33490264	DNA/hAT-Charlie	1097	+	98	33490167	34970
chr17	33455197	33655197	harbor1	chr17	33500517	33500737	DNA/hAT-Charlie	518	+	110	33500627	45430
chr17	33455197	33655197	harbor1	chr17	33529199	33529368	DNA/hAT-Charlie	510	+	84	33529283	74086
chr17	33455197	33655197	harbor1	chr17	33529398	33529544	DNA/hAT-Charlie	725	+	73	33529471	74274
chr17	56704203	56904203	harbor1	chr17	56709443	56709674	DNA/hAT-Charlie	730	+	116	56709559	5356
chr17	56704203	56904203	harbor1	chr17	56709901	56710061	DNA/hAT-Charlie	548	+	80	56709981	5778
chr17	56704203	56904203	harbor1	chr17	56756049	56756161	DNA/hAT-Charlie	549	+	56	56756105	51902
chr17	56704203	56904203	harbor1	chr17	56761512	56761687	DNA/hAT-Charlie	705	+	88	56761600	57397
chr17	56704203	56904203	harbor1	chr17	56787823	56787964	DNA/hAT-Charlie	667	+	70	56787893	83690
chr17	56704203	56904203	harbor1	chr17	56802839	56803100	DNA/hAT-Charlie	1062	+	130	56802969	98766
chr17	56704203	56904203	harbor1	chr17	56803105	56803417	DNA/hAT-Charlie	1035	+	156	56803261	99058
chr17	13672687	13872687	harbor1	chr17	13703747	13703966	DNA/hAT-Charlie	635	+	110	13703857	31170
chr17	13672687	13872687	harbor1	chr17	13750914	13751045	DNA/hAT-Charlie	735	+	66	13750980	78293
chr17	13672687	13872687	harbor1	chr17	13764377	13764535	DNA/hAT-Charlie	655	+	79	13764456	91769
chr17	50448896	50648896	harbor1	chr17	50520016	50520222	DNA/hAT-Charlie	1162	+	103	50520119	71223
chr17	50448896	50648896	harbor1	chr17	50520546	50520670	DNA/hAT-Charlie	1162	+	62	50520608	71712
chr17	50448896	50648896	harbor1	chr17	50525086	50525371	DNA/hAT-Charlie	1809	+	142	50525228	76332
chr17	22067008	22267008	harbor1	chr17	22133524	22134648	DNA/hAT-Charlie	4254	+	562	22134086	67078
chr17	22067008	22267008	harbor1	chr17	22134948	22135263	DNA/hAT-Charlie	4254	+	158	22135106	68098
chr17	63920891	64120891	harbor1	chr17	63956838	63957033	DNA/hAT-Charlie	828	+	98	63956936	36045
chr17	71804052	72004052	harbor1	chr17	71832235	71832423	DNA/hAT-Charlie	675	+	94	71832329	28277
chr17	71804052	72004052	harbor1	chr17	71896113	71896315	DNA/hAT-Charlie	1134	+	101	71896214	92162
chr17	71804052	72004052	harbor1	chr17	71900065	71900235	DNA/hAT-Charlie	589	+	85	71900150	96098
chr17	31519438	31719438	harbor1	chr17	31605952	31606102	DNA/hAT-Charlie	493	+	75	31606027	86589
chr17	66588735	66788735	harbor1	chr17	66643250	66643604	DNA/hAT-Charlie	883	+	177	66643427	54692
chr17	66588735	66788735	harbor1	chr17	66677027	66677073	DNA/hAT-Charlie	973	+	23	66677050	88315
chr17	66588735	66788735	harbor1	chr17	66677380	66677551	DNA/hAT-Charlie	973	+	86	66677466	88731
chr17	66588735	66788735	harbor1	chr17	66682899	66683308	DNA/hAT-Charlie	1221	+	204	66683103	94368
chr17	66588735	66788735	harbor1	chr17	66683392	66683548	DNA/hAT-Charlie	694	+	78	66683470	94735
chr17	77654730	77854730	harbor1	chr17	77662976	77663467	DNA/hAT-Charlie	3196	+	246	77663222	8492
chr17	77654730	77854730	harbor1	chr17	77721696	77721826	DNA/hAT-Charlie	530	+	65	77721761	67031
chr17	77654730	77854730	harbor1	chr17	77728599	77728764	DNA/hAT-Charlie	687	+	82	77728681	73951
chr17	77654730	77854730	harbor1	chr17	77734044	77734242	DNA/hAT-Charlie	866	+	99	77734143	79413
chr17	77654730	77854730	harbor1	chr17	77738050	77738370	DNA/hAT-Charlie	1406	+	160	77738210	83480
chr17	77334167	77534167	harbor1	chr17	77400194	77400340	DNA/hAT-Charlie	481	+	73	77400267	66100
chr17	39862049	40062049	harbor1	chr17	39906621	39906791	DNA/hAT-Charlie	851	+	85	39906706	44657
chr17	39862049	40062049	harbor1	chr17	39937786	39937849	DNA/hAT-Charlie	517	+	32	39937818	75769
chr17	39862049	40062049	harbor1	chr17	39938147	39938243	DNA/hAT-Charlie	517	+	48	39938195	76146
chr17	45835176	46035176	harbor1	chr17	45859220	45859293	DNA/hAT-Charlie	933	+	36	45859256	24080
chr17	45835176	46035176	harbor1	chr17	45859607	45859727	DNA/hAT-Charlie	933	+	60	45859667	24491
chr17	45835176	46035176	harbor1	chr17	45868839	45868923	DNA/hAT-Charlie	478	+	42	45868881	33705
chr17	45835176	46035176	harbor1	chr17	45889857	45890014	DNA/hAT-Charlie	548	+	78	45889935	54759
chr17	45835176	46035176	harbor1	chr17	45899158	45899344	DNA/hAT-Charlie	776	+	93	45899251	64075
chr17	45835176	46035176	harbor1	chr17	45928557	45928663	DNA/hAT-Charlie	482	+	53	45928610	93434
chr17	15386660	15586660	harbor1	chr17	15406788	15407088	DNA/hAT-Charlie	838	+	150	15406938	20278
chr17	15386660	15586660	harbor1	chr17	15458792	15458983	DNA/hAT-Charlie	738	+	96	15458888	72228
chr17	5232216	5432216	harbor1	chr17	5247692	5248153	DNA/hAT-Charlie	3019	+	230	5247922	15706
chr17	5232216	5432216	harbor1	chr17	5263543	5263698	DNA/hAT-Charlie	841	+	78	5263621	31405
chr17	5232216	5432216	harbor1	chr17	5301494	5301671	DNA/hAT-Charlie	762	+	88	5301582	69366
chr17	5232216	5432216	harbor1	chr17	5309804	5309961	DNA/hAT-Charlie	630	+	78	5309882	77666
chr17	14988060	15188060	harbor1	chr17	15014041	15014232	DNA/hAT-Charlie	661	+	96	15014137	26077
chr17	14988060	15188060	harbor1	chr17	15028968	15029209	DNA/hAT-Charlie	937	+	120	15029088	41028
chr17	14988060	15188060	harbor1	chr17	15067303	15067651	DNA/hAT-Charlie	583	+	174	15067477	79417
chr17	71323177	71523177	harbor1	chr17	71350327	71350478	DNA/hAT-Charlie	751	+	76	71350403	27226
chr17	71323177	71523177	harbor1	chr17	71350509	71350559	DNA/hAT-Charlie	751	+	25	71350534	27357
chr17	71323177	71523177	harbor1	chr17	71376188	71376373	DNA/hAT-Charlie	975	+	92	71376280	53103
chr17	71323177	71523177	harbor1	chr17	71406696	71406890	DNA/hAT-Charlie	775	+	97	71406793	83616
chr17	60064482	60264482	harbor1	chr17	60069220	60069433	DNA/hAT-Charlie	963	+	106	60069326	4844
chr17	60064482	60264482	harbor1	chr17	60074703	60074901	DNA/hAT-Charlie	1223	+	99	60074802	10320
chr17	60064482	60264482	harbor1	chr17	60097383	60097502	DNA/hAT-Charlie	480	+	60	60097443	32961
chr17	60064482	60264482	harbor1	chr17	60103063	60103182	DNA/hAT-Charlie	767	+	60	60103123	38641
chr17	60064482	60264482	harbor1	chr17	60103493	60103532	DNA/hAT-Charlie	767	+	20	60103513	39031
chr17	60064482	60264482	harbor1	chr17	60122348	60122828	DNA/hAT-Charlie	2906	+	240	60122588	58106
chr17	60064482	60264482	harbor1	chr17	60158771	60158953	DNA/hAT-Charlie	943	+	91	60158862	94380
chr17	72370762	72570762	harbor1	chr17	72377769	72377916	DNA/hAT-Charlie	669	+	74	72377843	7081
chr17	72370762	72570762	harbor1	chr17	72384273	72384301	DNA/hAT-Charlie	714	+	14	72384287	13525
chr17	72370762	72570762	harbor1	chr17	72384600	72384746	DNA/hAT-Charlie	714	+	73	72384673	13911
chr17	72370762	72570762	harbor1	chr17	72384787	72384949	DNA/hAT-Charlie	752	+	81	72384868	14106
chr17	72370762	72570762	harbor1	chr17	72410558	72410741	DNA/hAT-Charlie	1078	+	92	72410650	39888
chr17	72370762	72570762	harbor1	chr17	72410985	72411154	DNA/hAT-Charlie	708	+	84	72411069	40307
chr17	72370762	72570762	harbor1	chr17	72448841	72449097	DNA/hAT-Charlie	859	+	128	72448969	78207
chr17	72370762	72570762	harbor1	chr17	72454754	72455363	DNA/hAT-Charlie	2922	+	304	72455058	84296
chr17	72370762	72570762	harbor1	chr17	72456523	72456645	DNA/hAT-Charlie	1156	+	61	72456584	85822
chr17	72370762	72570762	harbor1	chr17	72456903	72457141	DNA/hAT-Charlie	1156	+	119	72457022	86260
chr17	72370762	72570762	harbor1	chr17	72462888	72463422	DNA/hAT-Charlie	3715	+	267	72463155	92393
chr17	60001909	60201909	harbor1	chr17	60005688	60005807	DNA/hAT-Charlie	586	+	60	60005748	3839
chr17	60001909	60201909	harbor1	chr17	60005882	60006105	DNA/hAT-Charlie	526	+	112	60005994	4085
chr17	60001909	60201909	harbor1	chr17	60030992	60031185	DNA/hAT-Charlie	604	+	96	60031088	29179
chr17	60001909	60201909	harbor1	chr17	60034377	60034546	DNA/hAT-Charlie	694	+	84	60034461	32552
chr17	60001909	60201909	harbor1	chr17	60069220	60069433	DNA/hAT-Charlie	963	+	106	60069326	67417
chr17	60001909	60201909	harbor1	chr17	60074703	60074901	DNA/hAT-Charlie	1223	+	99	60074802	72893
chr17	60001909	60201909	harbor1	chr17	60097383	60097502	DNA/hAT-Charlie	480	+	60	60097443	95534
chr17	80441794	80641794	harbor1	chr17	80524701	80524880	DNA/hAT-Charlie	725	+	90	80524791	82997
chr17	8260718	8460718	harbor1	chr17	8284280	8284541	DNA/hAT-Charlie	828	+	130	8284410	23692
chr17	8260718	8460718	harbor1	chr17	8316527	8316756	DNA/hAT-Charlie	886	+	114	8316641	55923
chr17	8260718	8460718	harbor1	chr17	8334365	8334496	DNA/hAT-Charlie	710	+	66	8334431	73713
chr17	8260718	8460718	harbor1	chr17	8334824	8334869	DNA/hAT-Charlie	710	+	22	8334846	74128
chr17	70012207	70212207	harbor1	chr17	70040443	70040605	DNA/hAT-Charlie	633	+	81	70040524	28317
chr17	70012207	70212207	harbor1	chr17	70045777	70045891	DNA/hAT-Charlie	515	+	57	70045834	33627
chr17	70012207	70212207	harbor1	chr17	70046090	70046321	DNA/hAT-Charlie	894	+	116	70046206	33999
chr17	70012207	70212207	harbor1	chr17	70101104	70101311	DNA/hAT-Charlie	967	+	104	70101208	89001
chr17	70508440	70708440	harbor1	chr17	70561499	70561675	DNA/hAT-Charlie	688	+	88	70561587	53147
chr17	70508440	70708440	harbor1	chr17	70597047	70597270	DNA/hAT-Charlie	922	+	112	70597159	88719
chr17	31109216	31309216	harbor1	chr17	31115105	31115324	DNA/hAT-Charlie	1185	+	110	31115215	5999
chr17	31109216	31309216	harbor1	chr17	31193112	31193283	DNA/hAT-Charlie	668	+	86	31193198	83982
chr17	1695377	1895377	harbor1	chr17	1760634	1760874	DNA/hAT-Charlie	1441	+	120	1760754	65377
chr17	41509090	41709090	harbor1	chr17	41574318	41574349	DNA/hAT-Charlie	920	+	16	41574334	65244
chr17	41509090	41709090	harbor1	chr17	41574658	41574985	DNA/hAT-Charlie	920	+	164	41574822	65732
chr17	74907816	75107816	harbor1	chr17	74940453	74940785	DNA/hAT-Charlie	2058	+	166	74940619	32803
chr17	74907816	75107816	harbor1	chr17	74961051	74961257	DNA/hAT-Charlie	976	+	103	74961154	53338
chr17	74907816	75107816	harbor1	chr17	74961568	74961637	DNA/hAT-Charlie	976	+	34	74961602	53786
chr17	68469331	68669331	harbor1	chr17	68496767	68496818	DNA/hAT-Charlie	1267	+	26	68496793	27462
chr17	68469331	68669331	harbor1	chr17	68497123	68497363	DNA/hAT-Charlie	1267	+	120	68497243	27912
chr17	68469331	68669331	harbor1	chr17	68497395	68497577	DNA/hAT-Charlie	951	+	91	68497486	28155
chr17	68469331	68669331	harbor1	chr17	68506004	68506174	DNA/hAT-Charlie	763	+	85	68506089	36758
chr17	68469331	68669331	harbor1	chr17	68506890	68507046	DNA/hAT-Charlie	592	+	78	68506968	37637
chr17	53894330	54094330	harbor1	chr17	53905914	53906120	DNA/hAT-Charlie	487	+	103	53906017	11687
chr17	53894330	54094330	harbor1	chr17	53947932	53948207	DNA/hAT-Charlie	740	+	138	53948070	53740
chr17	29223231	29423231	harbor1	chr17	29244043	29244263	DNA/hAT-Charlie	1447	+	110	29244153	20922
chr17	29223231	29423231	harbor1	chr17	29274170	29274203	DNA/hAT-Charlie	556	+	16	29274186	50955
chr17	29223231	29423231	harbor1	chr17	29274493	29274609	DNA/hAT-Charlie	556	+	58	29274551	51320
chr17	56314698	56514698	harbor1	chr17	56364243	56364505	DNA/hAT-Charlie	1059	+	131	56364374	49676
chr17	56314698	56514698	harbor1	chr17	56369457	56369729	DNA/hAT-Charlie	720	+	136	56369593	54895
chr17	68343436	68543436	harbor1	chr17	68348941	68349019	DNA/hAT-Charlie	915	+	39	68348980	5544
chr17	68343436	68543436	harbor1	chr17	68349319	68349463	DNA/hAT-Charlie	915	+	72	68349391	5955
chr17	68343436	68543436	harbor1	chr17	68366562	68366677	DNA/hAT-Charlie	623	+	58	68366620	23184
chr17	68343436	68543436	harbor1	chr17	68366707	68366732	DNA/hAT-Charlie	623	+	12	68366719	23283
chr17	68343436	68543436	harbor1	chr17	68367063	68367151	DNA/hAT-Charlie	623	+	44	68367107	23671
chr17	68343436	68543436	harbor1	chr17	68375311	68375493	DNA/hAT-Charlie	898	+	91	68375402	31966
chr17	17337177	17537177	harbor1	chr17	17419342	17419621	DNA/hAT-Charlie	1803	+	140	17419482	82305
chr17	58440404	58640404	harbor1	chr17	58466410	58466589	DNA/hAT-Charlie	656	+	90	58466500	26096
chr17	58440404	58640404	harbor1	chr17	58466566	58466687	DNA/hAT-Charlie	753	+	60	58466626	26222
chr17	58440404	58640404	harbor1	chr17	58493241	58493354	DNA/hAT-Charlie	1339	+	56	58493297	52893
chr17	58440404	58640404	harbor1	chr17	58493653	58493773	DNA/hAT-Charlie	1339	+	60	58493713	53309
chr17	47405517	47605517	harbor1	chr17	47408715	47408903	DNA/hAT-Charlie	1032	+	94	47408809	3292
chr17	47405517	47605517	harbor1	chr17	47505330	47505467	DNA/hAT-Charlie	569	+	68	47505398	99881
chr17	66298211	66498211	harbor1	chr17	66316422	66316642	DNA/hAT-Charlie	1308	+	110	66316532	18321
chr17	66298211	66498211	harbor1	chr17	66322256	66322301	DNA/hAT-Charlie	505	+	22	66322278	24067
chr17	66298211	66498211	harbor1	chr17	66382682	66382912	DNA/hAT-Charlie	1180	+	115	66382797	84586
chr17	74247114	74447114	harbor1	chr17	74264799	74264959	DNA/hAT-Charlie	780	+	80	74264879	17765
chr17	74247114	74447114	harbor1	chr17	74265262	74265303	DNA/hAT-Charlie	780	+	20	74265282	18168
chr17	74247114	74447114	harbor1	chr17	74265432	74265538	DNA/hAT-Charlie	780	+	53	74265485	18371
chr17	74247114	74447114	harbor1	chr17	74316560	74316705	DNA/hAT-Charlie	653	+	72	74316632	69518
chr17	74247114	74447114	harbor1	chr17	74335122	74335314	DNA/hAT-Charlie	1167	+	96	74335218	88104
chr17	6438927	6638927	harbor1	chr17	6440900	6441071	DNA/hAT-Charlie	525	+	86	6440986	2059
chr17	6438927	6638927	harbor1	chr17	6456471	6456638	DNA/hAT-Charlie	846	+	84	6456555	17628
chr17	6438927	6638927	harbor1	chr17	6485800	6486020	DNA/hAT-Charlie	1152	+	110	6485910	46983
chr17	35492876	35692876	harbor1	chr17	35553568	35553642	DNA/hAT-Charlie	1005	+	37	35553605	60729
chr17	35492876	35692876	harbor1	chr17	35553940	35554098	DNA/hAT-Charlie	1005	+	79	35554019	61143
chr17	67537581	67737581	harbor1	chr17	67554841	67555054	DNA/hAT-Charlie	544	+	106	67554947	17366
chr17	67537581	67737581	harbor1	chr17	67560048	67560234	DNA/hAT-Charlie	700	+	93	67560141	22560
chr17	67537581	67737581	harbor1	chr17	67610156	67610277	DNA/hAT-Charlie	520	+	60	67610216	72635
chr17	67537581	67737581	harbor1	chr17	67635839	67636017	DNA/hAT-Charlie	1004	+	89	67635928	98347
chr17	67537581	67737581	harbor1	chr17	67636304	67636351	DNA/hAT-Charlie	1004	+	24	67636328	98747
chr17	66400066	66600066	harbor1	chr17	66411517	66411824	DNA/hAT-Charlie	1094	+	154	66411671	11605
chr17	66400066	66600066	harbor1	chr17	66412392	66412513	DNA/hAT-Charlie	604	+	60	66412452	12386
chr17	66400066	66600066	harbor1	chr17	66426985	66427034	DNA/hAT-Charlie	882	+	24	66427009	26943
chr17	66400066	66600066	harbor1	chr17	66427332	66427505	DNA/hAT-Charlie	882	+	86	66427418	27352
chr17	44894203	45094203	harbor1	chr17	44895021	44895213	DNA/hAT-Charlie	1505	+	96	44895117	914
chr17	44894203	45094203	harbor1	chr17	44895517	44895670	DNA/hAT-Charlie	1505	+	76	44895593	1390
chr17	37827468	38027468	harbor1	chr17	37833451	37833595	DNA/hAT-Charlie	666	+	72	37833523	6055
chr17	37827468	38027468	harbor1	chr17	37835990	37836203	DNA/hAT-Charlie	978	+	106	37836096	8628
chr17	37827468	38027468	harbor1	chr17	37919764	37920244	DNA/hAT-Charlie	3016	+	240	37920004	92536
chr17	62665157	62865157	harbor1	chr17	62668464	62668622	DNA/hAT-Charlie	746	+	79	62668543	3386
chr17	62665157	62865157	harbor1	chr17	62751326	62751485	DNA/hAT-Charlie	696	+	80	62751406	86249
chr17	41266533	41466533	harbor1	chr17	41298182	41298206	DNA/hAT-Charlie	982	+	12	41298194	31661
chr17	41266533	41466533	harbor1	chr17	41298995	41299201	DNA/hAT-Charlie	982	+	103	41299098	32565
chr17	41266533	41466533	harbor1	chr17	41306097	41306310	DNA/hAT-Charlie	1165	+	106	41306203	39670
chr17	41266533	41466533	harbor1	chr17	41341619	41341830	DNA/hAT-Charlie	840	+	106	41341725	75192
chr17	41266533	41466533	harbor1	chr17	41342701	41343018	DNA/hAT-Charlie	840	+	158	41342859	76326
chr17	61800855	62000855	harbor1	chr17	61817559	61817719	DNA/hAT-Charlie	589	+	80	61817639	16784
chr17	61800855	62000855	harbor1	chr17	61820309	61820648	DNA/hAT-Charlie	591	+	170	61820479	19624
chr17	61800855	62000855	harbor1	chr17	61851839	61852067	DNA/hAT-Charlie	840	+	114	61851953	51098
chr17	61800855	62000855	harbor1	chr17	61879382	61879568	DNA/hAT-Charlie	1021	+	93	61879475	78620
chr17	61800855	62000855	harbor1	chr17	61879864	61880003	DNA/hAT-Charlie	1021	+	70	61879934	79079
chr17	55134541	55334541	harbor1	chr17	55147749	55147938	DNA/hAT-Charlie	583	+	94	55147843	13302
chr17	55134541	55334541	harbor1	chr17	55172229	55172377	DNA/hAT-Charlie	646	+	74	55172303	37762
chr17	55134541	55334541	harbor1	chr17	55195832	55196001	DNA/hAT-Charlie	576	+	84	55195916	61375
chr17	55134541	55334541	harbor1	chr17	55197048	55197228	DNA/hAT-Charlie	500	+	90	55197138	62597
chr17	50978138	51178138	harbor1	chr17	50985075	50985274	DNA/hAT-Charlie	731	+	100	50985175	7037
chr17	50978138	51178138	harbor1	chr17	50986132	50986326	DNA/hAT-Charlie	749	+	97	50986229	8091
chr17	50978138	51178138	harbor1	chr17	51022394	51022541	DNA/hAT-Charlie	574	+	74	51022468	44330
chr17	50978138	51178138	harbor1	chr17	51043445	51043611	DNA/hAT-Charlie	503	+	83	51043528	65390
chr17	50978138	51178138	harbor1	chr17	51057521	51058261	DNA/hAT-Charlie	941	+	370	51057891	79753
chr17	50978138	51178138	harbor1	chr17	51058517	51058579	DNA/hAT-Charlie	941	+	31	51058548	80410
chr17	15442413	15642413	harbor1	chr17	15458792	15458983	DNA/hAT-Charlie	738	+	96	15458888	16475
chr17	15442413	15642413	harbor1	chr17	15494406	15494755	DNA/hAT-Charlie	689	+	174	15494580	52167
chr17	15442413	15642413	harbor1	chr17	15494756	15494979	DNA/hAT-Charlie	982	+	112	15494868	52455
chr17	15442413	15642413	harbor1	chr17	15494980	15495014	DNA/hAT-Charlie	689	+	17	15494997	52584
chr17	15442413	15642413	harbor1	chr17	15495262	15495535	DNA/hAT-Charlie	729	+	136	15495398	52985
chr17	15442413	15642413	harbor1	chr17	15539073	15539250	DNA/hAT-Charlie	786	+	88	15539161	96748
chr17	35240530	35440530	harbor1	chr17	35256832	35257153	DNA/hAT-Charlie	1931	+	160	35256992	16462
chr17	35240530	35440530	harbor1	chr17	35281983	35282147	DNA/hAT-Charlie	799	+	82	35282065	41535
chr17	75164071	75364071	harbor1	chr17	75201859	75201972	DNA/hAT-Charlie	520	+	56	75201915	37844
chr17	70923628	71123628	harbor1	chr17	70936629	70936847	DNA/hAT-Charlie	696	+	109	70936738	13110
chr17	70923628	71123628	harbor1	chr17	70955423	70955857	DNA/hAT-Charlie	502	+	217	70955640	32012
chr17	70923628	71123628	harbor1	chr17	70961865	70962202	DNA/hAT-Charlie	990	+	168	70962033	38405
chr17	70923628	71123628	harbor1	chr17	70976620	70976818	DNA/hAT-Charlie	878	+	99	70976719	53091
chr17	70923628	71123628	harbor1	chr17	70976826	70977023	DNA/hAT-Charlie	841	+	98	70976924	53296
chr17	61689302	61889302	harbor1	chr17	61707760	61707849	DNA/hAT-Charlie	585	+	44	61707804	18502
chr17	61689302	61889302	harbor1	chr17	61708089	61708165	DNA/hAT-Charlie	585	+	38	61708127	18825
chr17	61689302	61889302	harbor1	chr17	61729768	61730002	DNA/hAT-Charlie	1126	+	117	61729885	40583
chr17	61689302	61889302	harbor1	chr17	61748057	61748386	DNA/hAT-Charlie	2196	+	164	61748221	58919
chr17	40838357	41038357	harbor1	chr17	40902516	40902696	DNA/hAT-Charlie	515	+	90	40902606	64249
chr17	40838357	41038357	harbor1	chr17	40902819	40902999	DNA/hAT-Charlie	755	+	90	40902909	64552
chr17	40838357	41038357	harbor1	chr17	40914060	40914210	DNA/hAT-Charlie	867	+	75	40914135	75778
chr17	34956416	35156416	harbor1	chr17	35006172	35006360	DNA/hAT-Charlie	734	+	94	35006266	49850
chr17	34956416	35156416	harbor1	chr17	35020254	35020590	DNA/hAT-Charlie	2305	+	168	35020422	64006
chr17	57697138	57897138	harbor1	chr17	57703558	57704079	DNA/hAT-Charlie	2558	+	260	57703818	6680
chr17	57697138	57897138	harbor1	chr17	57754083	57754269	DNA/hAT-Charlie	1187	+	93	57754176	57038
chr17	57697138	57897138	harbor1	chr17	57778343	57778559	DNA/hAT-Charlie	985	+	108	57778451	81313
chr17	57697138	57897138	harbor1	chr17	57704382	57704563	DNA/hAT-Charlie	2558	+	90	57704472	7334
chr17	44047477	44247477	harbor1	chr17	44053179	44053395	DNA/hAT-Charlie	1077	+	108	44053287	5810
chr17	44047477	44247477	harbor1	chr17	44071676	44071855	DNA/hAT-Charlie	829	+	90	44071766	24289
chr17	44047477	44247477	harbor1	chr17	44089077	44089231	DNA/hAT-Charlie	787	+	77	44089154	41677
chr17	44047477	44247477	harbor1	chr17	44090291	44090379	DNA/hAT-Charlie	787	+	44	44090335	42858
chr17	44047477	44247477	harbor1	chr17	44090664	44090681	DNA/hAT-Charlie	787	+	8	44090672	43195
chr17	44047477	44247477	harbor1	chr17	44090989	44091064	DNA/hAT-Charlie	787	+	38	44091027	43550
chr17	41546946	41746946	harbor1	chr17	41574318	41574349	DNA/hAT-Charlie	920	+	16	41574334	27388
chr17	41546946	41746946	harbor1	chr17	41574658	41574985	DNA/hAT-Charlie	920	+	164	41574822	27876
chr17	46051927	46251927	harbor1	chr17	46113083	46113229	DNA/hAT-Charlie	637	+	73	46113156	61229
chr17	46051927	46251927	harbor1	chr17	46132449	46132624	DNA/hAT-Charlie	696	+	88	46132537	80610
chr17	45782149	45982149	harbor1	chr17	45859220	45859293	DNA/hAT-Charlie	933	+	36	45859256	77107
chr17	45782149	45982149	harbor1	chr17	45859607	45859727	DNA/hAT-Charlie	933	+	60	45859667	77518
chr17	45782149	45982149	harbor1	chr17	45868839	45868923	DNA/hAT-Charlie	478	+	42	45868881	86732
chr17	69439185	69639185	harbor1	chr17	69452102	69452321	DNA/hAT-Charlie	818	+	110	69452212	13027
chr17	69439185	69639185	harbor1	chr17	69453771	69453929	DNA/hAT-Charlie	866	+	79	69453850	14665
chr17	69439185	69639185	harbor1	chr17	69457476	69457558	DNA/hAT-Charlie	705	+	41	69457517	18332
chr17	69439185	69639185	harbor1	chr17	69457831	69457933	DNA/hAT-Charlie	705	+	51	69457882	18697
chr17	69439185	69639185	harbor1	chr17	69468670	69468871	DNA/hAT-Charlie	1534	+	100	69468770	29585
chr17	69439185	69639185	harbor1	chr17	69521413	69521530	DNA/hAT-Charlie	524	+	58	69521471	82286
chr17	39271552	39471552	harbor1	chr17	39350748	39350948	DNA/hAT-Charlie	602	+	100	39350848	79296
chr17	36094304	36294304	harbor1	chr17	36118994	36119517	DNA/hAT-Charlie	3800	+	262	36119256	24952
chr17	36094304	36294304	harbor1	chr17	36138856	36139188	DNA/hAT-Charlie	1447	+	166	36139022	44718
chr17	67032577	67232577	harbor1	chr17	67057329	67057443	DNA/hAT-Charlie	530	+	57	67057386	24809
chr17	67032577	67232577	harbor1	chr17	67057931	67058139	DNA/hAT-Charlie	770	+	104	67058035	25458
chr17	67032577	67232577	harbor1	chr17	67072862	67073041	DNA/hAT-Charlie	1013	+	90	67072952	40375
chr17	67032577	67232577	harbor1	chr17	67110664	67110854	DNA/hAT-Charlie	920	+	95	67110759	78182
chr17	52760920	52960920	harbor1	chr17	52783332	52783528	DNA/hAT-Charlie	739	+	98	52783430	22510
chr17	52760920	52960920	harbor1	chr17	52794759	52794972	DNA/hAT-Charlie	927	+	106	52794865	33945
chr17	70747224	70947224	harbor1	chr17	70753060	70753397	DNA/hAT-Charlie	1984	+	168	70753228	6004
chr17	70747224	70947224	harbor1	chr17	70771206	70771433	DNA/hAT-Charlie	983	+	114	70771320	24096
chr17	70747224	70947224	harbor1	chr17	70778135	70778347	DNA/hAT-Charlie	1028	+	106	70778241	31017
chr17	70747224	70947224	harbor1	chr17	70795471	70795643	DNA/hAT-Charlie	671	+	86	70795557	48333
chr17	70747224	70947224	harbor1	chr17	70824889	70825095	DNA/hAT-Charlie	767	+	103	70824992	77768
chr17	76113394	76313394	harbor1	chr17	76209386	76209606	DNA/hAT-Charlie	1478	+	110	76209496	96102
chr17	75866579	76066579	harbor1	chr17	75953675	75953861	DNA/hAT-Charlie	1069	+	93	75953768	87189
chr17	69260842	69460842	harbor1	chr17	69293416	69293432	DNA/hAT-Charlie	547	+	8	69293424	32582
chr17	69260842	69460842	harbor1	chr17	69293931	69294027	DNA/hAT-Charlie	547	+	48	69293979	33137
chr17	69260842	69460842	harbor1	chr17	69300464	69300671	DNA/hAT-Charlie	774	+	104	69300568	39726
chr17	69260842	69460842	harbor1	chr17	69323813	69324109	DNA/hAT-Charlie	1580	+	148	69323961	63119
chr17	64548935	64748935	harbor1	chr17	64589463	64589940	DNA/hAT-Charlie	2890	+	238	64589701	40766
chr17	64548935	64748935	harbor1	chr17	64599479	64599812	DNA/hAT-Charlie	2033	+	166	64599645	50710
chr17	56374425	56574425	harbor1	chr17	56420325	56420595	DNA/hAT-Charlie	628	+	135	56420460	46035
chr17	32560258	32760258	harbor1	chr17	32632260	32632469	DNA/hAT-Charlie	511	+	104	32632364	72106
chr17	32560258	32760258	harbor1	chr17	32657323	32657524	DNA/hAT-Charlie	995	+	100	32657423	97165
chr17	32560258	32760258	harbor1	chr17	32658580	32658759	DNA/hAT-Charlie	508	+	90	32658670	98412
chr17	57085617	57285617	harbor1	chr17	57119179	57119332	DNA/hAT-Charlie	772	+	76	57119255	33638
chr17	57085617	57285617	harbor1	chr17	57126822	57126981	DNA/hAT-Charlie	726	+	80	57126902	41285
chr17	57085617	57285617	harbor1	chr17	57130019	57130117	DNA/hAT-Charlie	550	+	49	57130068	44451
chr17	57085617	57285617	harbor1	chr17	57152755	57152898	DNA/hAT-Charlie	649	+	72	57152827	67210
chr17	56619858	56819858	harbor1	chr17	56668019	56668511	DNA/hAT-Charlie	3695	+	246	56668265	48407
chr17	56619858	56819858	harbor1	chr17	56668508	56668956	DNA/hAT-Charlie	3264	+	224	56668732	48874
chr17	56619858	56819858	harbor1	chr17	56709443	56709674	DNA/hAT-Charlie	730	+	116	56709559	89701
chr17	56619858	56819858	harbor1	chr17	56709901	56710061	DNA/hAT-Charlie	548	+	80	56709981	90123
chr17	31089625	31289625	harbor1	chr17	31091284	31091508	DNA/hAT-Charlie	970	+	112	31091396	1771
chr17	31089625	31289625	harbor1	chr17	31115105	31115324	DNA/hAT-Charlie	1185	+	110	31115215	25590
chr17	48814031	49014031	harbor1	chr17	48843768	48843889	DNA/hAT-Charlie	757	+	60	48843828	29797
chr17	48814031	49014031	harbor1	chr17	48844183	48844268	DNA/hAT-Charlie	757	+	42	48844225	30194
chr17	48814031	49014031	harbor1	chr17	48853681	48853992	DNA/hAT-Charlie	882	+	156	48853837	39806
chr17	48814031	49014031	harbor1	chr17	48893712	48893894	DNA/hAT-Charlie	1060	+	91	48893803	79772
chr17	48814031	49014031	harbor1	chr17	48913230	48913343	DNA/hAT-Charlie	642	+	56	48913286	99255
chr17	48814031	49014031	harbor1	chr17	48913653	48913716	DNA/hAT-Charlie	642	+	32	48913685	99654
chr17	59677740	59877740	harbor1	chr17	59700217	59700386	DNA/hAT-Charlie	496	+	84	59700301	22561
chr17	59677740	59877740	harbor1	chr17	59742628	59743008	DNA/hAT-Charlie	2203	+	190	59742818	65078
chr17	59347672	59547672	harbor1	chr17	59435227	59435393	DNA/hAT-Charlie	790	+	83	59435310	87638
chr17	65644230	65844230	harbor1	chr17	65656487	65656709	DNA/hAT-Charlie	1272	+	111	65656598	12368
chr17	65644230	65844230	harbor1	chr17	65709978	65710114	DNA/hAT-Charlie	538	+	68	65710046	65816
chr17	65644230	65844230	harbor1	chr17	65727971	65728194	DNA/hAT-Charlie	1097	+	112	65728083	83853
chr17	64615714	64815714	harbor1	chr17	64677550	64677733	DNA/hAT-Charlie	953	+	92	64677642	61928
chr17	34714794	34914794	harbor1	chr17	34770385	34770590	DNA/hAT-Charlie	1143	+	102	34770487	55693
chr17	34714794	34914794	harbor1	chr17	34796842	34796916	DNA/hAT-Charlie	551	+	37	34796879	82085
chr17	34714794	34914794	harbor1	chr17	34797195	34797470	DNA/hAT-Charlie	551	+	138	34797333	82539
chr17	62556837	62756837	harbor1	chr17	62616303	62616457	DNA/hAT-Charlie	612	+	77	62616380	59543
chr17	4311366	4511366	harbor1	chr17	4324243	4324536	DNA/hAT-Charlie	1137	+	146	4324389	13023
chr17	4311366	4511366	harbor1	chr17	4362321	4362528	DNA/hAT-Charlie	1058	+	104	4362425	51059
chr17	4311366	4511366	harbor1	chr17	4401540	4402074	DNA/hAT-Charlie	3304	+	267	4401807	90441
chr17	16410744	16610744	harbor1	chr17	16413390	16413436	DNA/hAT-Charlie	525	+	23	16413413	2669
chr17	16410744	16610744	harbor1	chr17	16413744	16413847	DNA/hAT-Charlie	525	+	52	16413796	3052
chr17	16410744	16610744	harbor1	chr17	16466924	16467143	DNA/hAT-Charlie	807	+	110	16467034	56290
chr17	16410744	16610744	harbor1	chr17	16479873	16480348	DNA/hAT-Charlie	3128	+	238	16480111	69367
chr17	16410744	16610744	harbor1	chr17	16489000	16489162	DNA/hAT-Charlie	569	+	81	16489081	78337
chr17	16410744	16610744	harbor1	chr17	16510589	16510797	DNA/hAT-Charlie	1050	+	104	16510693	99949
chr17	64833728	65033728	harbor1	chr17	64844961	64845102	DNA/hAT-Charlie	536	+	70	64845031	11303
chr17	64833728	65033728	harbor1	chr17	64887905	64888032	DNA/hAT-Charlie	593	+	64	64887969	54241
chr17	64833728	65033728	harbor1	chr17	64909331	64909432	DNA/hAT-Charlie	560	+	50	64909381	75653
chr17	64833728	65033728	harbor1	chr17	64915386	64915583	DNA/hAT-Charlie	861	+	98	64915484	81756
chr17	51463380	51663380	harbor1	chr17	51535696	51535851	DNA/hAT-Charlie	715	+	78	51535774	72394
chr17	51463380	51663380	harbor1	chr17	51535927	51536136	DNA/hAT-Charlie	945	+	104	51536031	72651
chr17	51463380	51663380	harbor1	chr17	51552602	51552782	DNA/hAT-Charlie	523	+	90	51552692	89312
chr17	51463380	51663380	harbor1	chr17	51552986	51553075	DNA/hAT-Charlie	541	+	44	51553030	89650
chr17	51463380	51663380	harbor1	chr17	51553088	51553171	DNA/hAT-Charlie	1446	+	42	51553130	89750
chr17	51463380	51663380	harbor1	chr17	51553526	51553769	DNA/hAT-Charlie	1446	+	122	51553648	90268
chr17	51463380	51663380	harbor1	chr17	51562139	51562312	DNA/hAT-Charlie	787	+	86	51562225	98845
chr17	83003262	83203262	harbor1	chr17	83015612	83015938	DNA/hAT-Charlie	1768	+	163	83015775	12513
chr17	83003262	83203262	harbor1	chr17	83040092	83040262	DNA/hAT-Charlie	794	+	85	83040177	36915
chr17	47784906	47984906	harbor1	chr17	47829532	47829607	DNA/hAT-Charlie	633	+	38	47829570	44664
chr17	47784906	47984906	harbor1	chr17	47829925	47830001	DNA/hAT-Charlie	633	+	38	47829963	45057
chr17	40673173	40873173	harbor1	chr17	40685150	40685353	DNA/hAT-Charlie	851	+	102	40685252	12079
chr17	40673173	40873173	harbor1	chr17	40709798	40710261	DNA/hAT-Charlie	3203	+	232	40710030	36857
chr17	2470299	2670299	harbor1	chr17	2484986	2485499	DNA/hAT-Charlie	3187	+	256	2485242	14943
chr17	2470299	2670299	harbor1	chr17	2561141	2561341	DNA/hAT-Charlie	1415	+	100	2561241	90942
chr17	47565416	47765416	harbor1	chr17	47642787	47642981	DNA/hAT-Charlie	613	+	97	47642884	77468
chr17	68677269	68877269	harbor1	chr17	68737272	68737447	DNA/hAT-Charlie	917	+	88	68737360	60091
chr17	68677269	68877269	harbor1	chr17	68762775	68762888	DNA/hAT-Charlie	763	+	56	68762831	85562
chr17	68677269	68877269	harbor1	chr17	68763196	68763278	DNA/hAT-Charlie	763	+	41	68763237	85968
chr17	68677269	68877269	harbor1	chr17	68775779	68776062	DNA/hAT-Charlie	801	+	142	68775921	98652
chr17	79997673	80197673	harbor1	chr17	79998860	79998973	DNA/hAT-Charlie	910	+	56	79998916	1243
chr17	79997673	80197673	harbor1	chr17	79999270	79999396	DNA/hAT-Charlie	910	+	63	79999333	1660
chr17	79997673	80197673	harbor1	chr17	80040839	80041004	DNA/hAT-Charlie	619	+	82	80040921	43248
chr17	34883363	35083363	harbor1	chr17	34906712	34906786	DNA/hAT-Charlie	540	+	37	34906749	23386
chr17	34883363	35083363	harbor1	chr17	34907389	34907493	DNA/hAT-Charlie	540	+	52	34907441	24078
chr17	40734398	40934398	harbor1	chr17	40791556	40791848	DNA/hAT-Charlie	1319	+	146	40791702	57304
chr17	40734398	40934398	harbor1	chr17	40807643	40808203	DNA/hAT-Charlie	1911	+	280	40807923	73525
chr17	40734398	40934398	harbor1	chr17	40808846	40809475	DNA/hAT-Charlie	1176	+	314	40809160	74762
chr17	6251440	6451440	harbor1	chr17	6289604	6289714	DNA/hAT-Charlie	672	+	55	6289659	38219
chr17	6251440	6451440	harbor1	chr17	6293542	6293637	DNA/hAT-Charlie	504	+	48	6293590	42150
chr17	6251440	6451440	harbor1	chr17	6319087	6319232	DNA/hAT-Charlie	585	+	72	6319159	67719
chr17	6251440	6451440	harbor1	chr17	6320546	6320766	DNA/hAT-Charlie	1226	+	110	6320656	69216
chr17	6251440	6451440	harbor1	chr17	6348578	6348883	DNA/hAT-Charlie	842	+	152	6348730	97290
chr17	13117122	13317122	harbor1	chr17	13121087	13121215	DNA/hAT-Charlie	484	+	64	13121151	4029
chr17	13117122	13317122	harbor1	chr17	13193406	13193751	DNA/hAT-Charlie	1641	+	172	13193578	76456
chr17	9659677	9859677	harbor1	chr17	9679694	9679901	DNA/hAT-Charlie	599	+	104	9679798	20121
chr17	9659677	9859677	harbor1	chr17	9694413	9694601	DNA/hAT-Charlie	680	+	94	9694507	34830
chr17	9659677	9859677	harbor1	chr17	9694924	9695014	DNA/hAT-Charlie	680	+	45	9694969	35292
chr17	9659677	9859677	harbor1	chr17	9708574	9708620	DNA/hAT-Charlie	593	+	23	9708597	48920
chr17	9659677	9859677	harbor1	chr17	9708927	9709099	DNA/hAT-Charlie	593	+	86	9709013	49336
chr17	65572253	65772253	harbor1	chr17	65614719	65614914	DNA/hAT-Charlie	850	+	98	65614817	42564
chr17	65572253	65772253	harbor1	chr17	65625791	65626143	DNA/hAT-Charlie	2114	+	176	65625967	53714
chr17	65572253	65772253	harbor1	chr17	65656487	65656709	DNA/hAT-Charlie	1272	+	111	65656598	84345
chr18	47071952	47271952	harbor1	chr18	47102306	47102651	DNA/hAT-Charlie	1974	+	172	47102478	30526
chr18	47071952	47271952	harbor1	chr18	47142263	47142408	DNA/hAT-Charlie	588	+	72	47142335	70383
chr18	12920129	13120129	harbor1	chr18	12927030	12927191	DNA/hAT-Charlie	577	+	80	12927110	6981
chr18	12920129	13120129	harbor1	chr18	13013916	13014132	DNA/hAT-Charlie	1010	+	108	13014024	93895
chr18	29311900	29511900	harbor1	chr18	29312885	29313021	DNA/hAT-Charlie	444	+	68	29312953	1053
chr18	38869184	39069184	harbor1	chr18	38875276	38875808	DNA/hAT-Charlie	3247	+	266	38875542	6358
chr18	38869184	39069184	harbor1	chr18	38887540	38887675	DNA/hAT-Charlie	539	+	68	38887608	18424
chr18	38869184	39069184	harbor1	chr18	38879170	38879354	DNA/hAT-Charlie	531	+	92	38879262	10078
chr18	26390349	26590349	harbor1	chr18	26392062	26392301	DNA/hAT-Charlie	415	+	120	26392182	1833
chr18	26390349	26590349	harbor1	chr18	26401225	26401312	DNA/hAT-Charlie	481	+	44	26401269	10920
chr18	26390349	26590349	harbor1	chr18	26403355	26403510	DNA/hAT-Charlie	841	+	78	26403433	13084
chr18	26390349	26590349	harbor1	chr18	26450634	26450890	DNA/hAT-Charlie	723	+	128	26450762	60413
chr18	26390349	26590349	harbor1	chr18	26466442	26466625	DNA/hAT-Charlie	983	+	92	26466534	76185
chr18	66800942	67000942	harbor1	chr18	66897631	66897934	DNA/hAT-Charlie	1688	+	152	66897783	96841
chr18	68229855	68429855	harbor1	chr18	68260490	68260660	DNA/hAT-Charlie	421	+	85	68260575	30720
chr18	33053002	33253002	harbor1	chr18	33086489	33086683	DNA/hAT-Charlie	498	+	97	33086586	33584
chr18	33053002	33253002	harbor1	chr18	33102803	33103023	DNA/hAT-Charlie	984	+	110	33102913	49911
chr18	33053002	33253002	harbor1	chr18	33142131	33142313	DNA/hAT-Charlie	554	+	91	33142222	89220
chr18	78021010	78221010	harbor1	chr18	78025655	78025901	DNA/hAT-Charlie	613	+	123	78025778	4768
chr18	74230086	74430086	harbor1	chr18	74289404	74289493	DNA/hAT-Charlie	962	+	44	74289448	59362
chr18	74230086	74430086	harbor1	chr18	74289798	74289930	DNA/hAT-Charlie	962	+	66	74289864	59778
chr18	74101275	74301275	harbor1	chr18	74150265	74150474	DNA/hAT-Charlie	972	+	104	74150369	49094
chr18	65962324	66162324	harbor1	chr18	66033392	66033574	DNA/hAT-Charlie	610	+	91	66033483	71159
chr18	49439935	49639935	harbor1	chr18	49442803	49442860	DNA/hAT-Charlie	3090	+	28	49442831	2896
chr18	49439935	49639935	harbor1	chr18	49443148	49443932	DNA/hAT-Charlie	3180	+	392	49443540	3605
chr18	49439935	49639935	harbor1	chr18	49443926	49445260	DNA/hAT-Charlie	6583	+	667	49444593	4658
chr18	49439935	49639935	harbor1	chr18	49478751	49479082	DNA/hAT-Charlie	615	+	166	49478917	38982
chr18	38819398	39019398	harbor1	chr18	38875276	38875808	DNA/hAT-Charlie	3247	+	266	38875542	56144
chr18	38819398	39019398	harbor1	chr18	38887540	38887675	DNA/hAT-Charlie	539	+	68	38887608	68210
chr18	38819398	39019398	harbor1	chr18	38879170	38879354	DNA/hAT-Charlie	531	+	92	38879262	59864
chr18	32445372	32645372	harbor1	chr18	32465667	32466038	DNA/hAT-Charlie	637	+	186	32465853	20481
chr18	32445372	32645372	harbor1	chr18	32466105	32466576	DNA/hAT-Charlie	1374	+	236	32466341	20969
chr18	32445372	32645372	harbor1	chr18	32531046	32531231	DNA/hAT-Charlie	797	+	92	32531138	85766
chr18	32445372	32645372	harbor1	chr18	32532973	32533067	DNA/hAT-Charlie	561	+	47	32533020	87648
chr18	27839434	28039434	harbor1	chr18	27850747	27850864	DNA/hAT-Charlie	545	+	58	27850805	11371
chr18	5545803	5745803	harbor1	chr18	5549607	5549765	DNA/hAT-Charlie	495	+	79	5549686	3883
chr18	5545803	5745803	harbor1	chr18	5551852	5551980	DNA/hAT-Charlie	533	+	64	5551916	6113
chr18	5545803	5745803	harbor1	chr18	5567673	5568340	DNA/hAT-Charlie	2021	+	334	5568007	22204
chr18	5545803	5745803	harbor1	chr18	5598090	5598609	DNA/hAT-Charlie	1901	+	260	5598350	52547
chr18	5545803	5745803	harbor1	chr18	5613537	5614032	DNA/hAT-Charlie	2033	+	248	5613785	67982
chr18	56292364	56492364	harbor1	chr18	56304954	56305121	DNA/hAT-Charlie	657	+	84	56305038	12674
chr18	56292364	56492364	harbor1	chr18	56305422	56305656	DNA/hAT-Charlie	463	+	117	56305539	13175
chr18	56292364	56492364	harbor1	chr18	56305658	56306059	DNA/hAT-Charlie	752	+	200	56305858	13494
chr18	56292364	56492364	harbor1	chr18	56309645	56309720	DNA/hAT-Charlie	473	+	38	56309683	17319
chr18	56292364	56492364	harbor1	chr18	56316379	56316473	DNA/hAT-Charlie	529	+	47	56316426	24062
chr18	56292364	56492364	harbor1	chr18	56324524	56324667	DNA/hAT-Charlie	813	+	72	56324596	32232
chr18	8952490	9152490	harbor1	chr18	9006745	9006844	DNA/hAT-Charlie	466	+	50	9006795	54305
chr18	8952490	9152490	harbor1	chr18	9024942	9025098	DNA/hAT-Charlie	511	+	78	9025020	72530
chr18	8952490	9152490	harbor1	chr18	9030719	9030757	DNA/hAT-Charlie	2359	+	19	9030738	78248
chr18	8952490	9152490	harbor1	chr18	9031090	9031194	DNA/hAT-Charlie	2359	+	52	9031142	78652
chr18	8952490	9152490	harbor1	chr18	9034599	9034956	DNA/hAT-Charlie	2359	+	178	9034777	82287
chr18	8952490	9152490	harbor1	chr18	9043146	9043680	DNA/hAT-Charlie	3873	+	267	9043413	90923
chr18	8917045	9117045	harbor1	chr18	8931659	8931865	DNA/hAT-Charlie	829	+	103	8931762	14717
chr18	8917045	9117045	harbor1	chr18	9006745	9006844	DNA/hAT-Charlie	466	+	50	9006795	89750
chr18	67660391	67860391	harbor1	chr18	67672321	67673438	DNA/hAT-Charlie	1764	+	558	67672879	12488
chr18	26296030	26496030	harbor1	chr18	26309159	26309245	DNA/hAT-Charlie	1515	+	43	26309202	13172
chr18	26296030	26496030	harbor1	chr18	26309281	26309549	DNA/hAT-Charlie	1515	+	134	26309415	13385
chr18	26296030	26496030	harbor1	chr18	26360823	26361009	DNA/hAT-Charlie	691	+	93	26360916	64886
chr18	26296030	26496030	harbor1	chr18	26392062	26392301	DNA/hAT-Charlie	415	+	120	26392182	96152
chr18	43264325	43464325	harbor1	chr18	43305418	43305723	DNA/hAT-Charlie	603	+	152	43305570	41245
chr18	43264325	43464325	harbor1	chr18	43345422	43345610	DNA/hAT-Charlie	793	+	94	43345516	81191
chr18	75331863	75531863	harbor1	chr18	75334140	75334422	DNA/hAT-Charlie	943	+	141	75334281	2418
chr18	75331863	75531863	harbor1	chr18	75354654	75354939	DNA/hAT-Charlie	751	+	142	75354796	22933
chr18	75331863	75531863	harbor1	chr18	75365928	75366140	DNA/hAT-Charlie	878	+	106	75366034	34171
chr18	24111369	24311369	harbor1	chr18	24190229	24190684	DNA/hAT-Charlie	786	+	228	24190457	79088
chr18	24111369	24311369	harbor1	chr18	24190809	24192064	DNA/hAT-Charlie	1810	+	628	24191437	80068
chr18	24111369	24311369	harbor1	chr18	24199849	24199947	DNA/hAT-Charlie	422	+	49	24199898	88529
chr18	42729127	42929127	harbor1	chr18	42821455	42821667	DNA/hAT-Charlie	906	+	106	42821561	92434
chr18	45955407	46155407	harbor1	chr18	45957735	45957986	DNA/hAT-Charlie	1020	+	126	45957861	2454
chr18	45955407	46155407	harbor1	chr18	46015508	46015688	DNA/hAT-Charlie	967	+	90	46015598	60191
chr18	45955407	46155407	harbor1	chr18	46038238	46038341	DNA/hAT-Charlie	420	+	52	46038290	82883
chr18	22524482	22724482	harbor1	chr18	22558588	22558910	DNA/hAT-Charlie	1480	+	161	22558749	34267
chr18	22524482	22724482	harbor1	chr18	22606061	22606437	DNA/hAT-Charlie	1368	+	188	22606249	81767
chr18	22524482	22724482	harbor1	chr18	22606536	22606680	DNA/hAT-Charlie	580	+	72	22606608	82126
chr18	70185300	70385300	harbor1	chr18	70249354	70249459	DNA/hAT-Charlie	450	+	52	70249406	64106
chr18	13469288	13669288	harbor1	chr18	13478172	13478306	DNA/hAT-Charlie	435	+	67	13478239	8951
chr18	62706206	62906206	harbor1	chr18	62707799	62707996	DNA/hAT-Charlie	532	+	98	62707897	1691
chr18	62706206	62906206	harbor1	chr18	62736176	62736317	DNA/hAT-Charlie	834	+	70	62736246	30040
chr18	62706206	62906206	harbor1	chr18	62760068	62760371	DNA/hAT-Charlie	632	+	152	62760220	54014
chr18	62706206	62906206	harbor1	chr18	62765357	62765656	DNA/hAT-Charlie	483	+	150	62765507	59301
chr18	62706206	62906206	harbor1	chr18	62784180	62784319	DNA/hAT-Charlie	583	+	70	62784250	78044
chr19	13229049	13429049	harbor1	chr19	13231376	13231560	DNA/hAT-Charlie	856	+	92	13231468	2419
chr19	13229049	13429049	harbor1	chr19	13261831	13262283	DNA/hAT-Charlie	770	+	226	13262057	33008
chr19	13229049	13429049	harbor1	chr19	13295811	13296105	DNA/hAT-Charlie	1058	+	147	13295958	66909
chr19	13229049	13429049	harbor1	chr19	13296106	13296275	DNA/hAT-Charlie	925	+	84	13296190	67141
chr19	28680532	28880532	harbor1	chr19	28748204	28748508	DNA/hAT-Charlie	1745	+	152	28748356	67824
chr19	47633082	47833082	harbor1	chr19	47664185	47664432	DNA/hAT-Charlie	658	+	124	47664309	31227
chr19	4392049	4592049	harbor1	chr19	4399507	4399687	DNA/hAT-Charlie	730	+	90	4399597	7548
chr19	36192082	36392082	harbor1	chr19	36204483	36204644	DNA/hAT-Charlie	660	+	80	36204563	12481
chr19	36192082	36392082	harbor1	chr19	36238830	36239127	DNA/hAT-Charlie	1925	+	148	36238978	46896
chr19	36192082	36392082	harbor1	chr19	36251677	36251869	DNA/hAT-Charlie	1042	+	96	36251773	59691
chr19	32748745	32948745	harbor1	chr19	32767859	32768196	DNA/hAT-Charlie	1419	+	168	32768027	19282
chr19	37357847	37557847	harbor1	chr19	37376800	37377034	DNA/hAT-Charlie	1081	+	117	37376917	19070
chr19	37357847	37557847	harbor1	chr19	37379816	37379984	DNA/hAT-Charlie	929	+	84	37379900	22053
chr19	37357847	37557847	harbor1	chr19	37386442	37386628	DNA/hAT-Charlie	949	+	93	37386535	28688
chr19	18939928	19139928	harbor1	chr19	19017290	19017473	DNA/hAT-Charlie	738	+	92	19017382	77454
chr19	18939928	19139928	harbor1	chr19	19037862	19038389	DNA/hAT-Charlie	3472	+	264	19038126	98198
chr19	53762314	53962314	harbor1	chr19	53812442	53812654	DNA/hAT-Charlie	785	+	106	53812548	50234
chr19	4655641	4855641	harbor1	chr19	4713026	4713209	DNA/hAT-Charlie	652	+	92	4713118	57477
chr19	4655641	4855641	harbor1	chr19	4719476	4719682	DNA/hAT-Charlie	805	+	103	4719579	63938
chr19	4655641	4855641	harbor1	chr19	4720596	4720797	DNA/hAT-Charlie	883	+	100	4720696	65055
chr19	4655641	4855641	harbor1	chr19	4736508	4736709	DNA/hAT-Charlie	769	+	100	4736608	80967
chr19	56525386	56725386	harbor1	chr19	56544233	56544555	DNA/hAT-Charlie	1716	+	161	56544394	19008
chr19	56525386	56725386	harbor1	chr19	56556103	56556419	DNA/hAT-Charlie	1211	+	158	56556261	30875
chr19	56525386	56725386	harbor1	chr19	56556428	56556623	DNA/hAT-Charlie	832	+	98	56556526	31140
chr19	33576001	33776001	harbor1	chr19	33644928	33645136	DNA/hAT-Charlie	926	+	104	33645032	69031
chr19	46550329	46750329	harbor1	chr19	46588751	46588955	DNA/hAT-Charlie	665	+	102	46588853	38524
chr19	42350617	42550617	harbor1	chr19	42440827	42441055	DNA/hAT-Charlie	930	+	114	42440941	90324
chr19	37488524	37688524	harbor1	chr19	37536462	37536662	DNA/hAT-Charlie	908	+	100	37536562	48038
chr19	37488524	37688524	harbor1	chr19	37577872	37578228	DNA/hAT-Charlie	1814	+	178	37578050	89526
chr19	29637375	29837375	harbor1	chr19	29662057	29662337	DNA/hAT-Charlie	1024	+	140	29662197	24822
chr19	29637375	29837375	harbor1	chr19	29692174	29692454	DNA/hAT-Charlie	1074	+	140	29692314	54939
chr19	29637375	29837375	harbor1	chr19	29692865	29692904	DNA/hAT-Charlie	1074	+	20	29692885	55510
chr19	7986721	8186721	harbor1	chr19	7994204	7994433	DNA/hAT-Charlie	1037	+	114	7994318	7597
chr19	7986721	8186721	harbor1	chr19	7995471	7995684	DNA/hAT-Charlie	908	+	106	7995577	8856
chr19	7986721	8186721	harbor1	chr19	8004442	8004633	DNA/hAT-Charlie	924	+	96	8004538	17817
chr19	7986721	8186721	harbor1	chr19	8017802	8018006	DNA/hAT-Charlie	661	+	102	8017904	31183
chr19	7986721	8186721	harbor1	chr19	8078228	8078424	DNA/hAT-Charlie	726	+	98	8078326	91605
chr19	48155679	48355679	harbor1	chr19	48178524	48178575	DNA/hAT-Charlie	664	+	26	48178550	22871
chr19	48155679	48355679	harbor1	chr19	48178874	48179021	DNA/hAT-Charlie	664	+	74	48178948	23269
chr19	48155679	48355679	harbor1	chr19	48182985	48183117	DNA/hAT-Charlie	763	+	66	48183051	27372
chr19	48155679	48355679	harbor1	chr19	48183427	48183481	DNA/hAT-Charlie	763	+	27	48183454	27775
chr19	48155679	48355679	harbor1	chr19	48185655	48185704	DNA/hAT-Charlie	870	+	24	48185679	30000
chr19	48155679	48355679	harbor1	chr19	48186008	48186166	DNA/hAT-Charlie	870	+	79	48186087	30408
chr19	48155679	48355679	harbor1	chr19	48227878	48228396	DNA/hAT-Charlie	3572	+	259	48228137	72458
chr19	45080794	45280794	harbor1	chr19	45082921	45083072	DNA/hAT-Charlie	668	+	76	45082997	2203
chr19	45080794	45280794	harbor1	chr19	45085391	45085565	DNA/hAT-Charlie	685	+	87	45085478	4684
chr19	9921042	10121042	harbor1	chr19	9961902	9962109	DNA/hAT-Charlie	787	+	104	9962006	40964
chr19	35823574	36023574	harbor1	chr19	35828187	35828254	DNA/hAT-Charlie	1270	+	34	35828221	4647
chr19	35823574	36023574	harbor1	chr19	35828564	35828827	DNA/hAT-Charlie	1270	+	132	35828696	5122
chr19	35823574	36023574	harbor1	chr19	35859232	35859441	DNA/hAT-Charlie	1588	+	104	35859336	35762
chr19	57212762	57412762	harbor1	chr19	57245411	57245497	DNA/hAT-Charlie	758	+	43	57245454	32692
chr19	57212762	57412762	harbor1	chr19	57245793	57245945	DNA/hAT-Charlie	758	+	76	57245869	33107
chr19	39734302	39934302	harbor1	chr19	39801967	39802177	DNA/hAT-Charlie	972	+	105	39802072	67770
chr19	39734302	39934302	harbor1	chr19	39803313	39803503	DNA/hAT-Charlie	746	+	95	39803408	69106
chr19	14847645	15047645	harbor1	chr19	14875891	14876093	DNA/hAT-Charlie	859	+	101	14875992	28347
chr19	14847645	15047645	harbor1	chr19	14899213	14899415	DNA/hAT-Charlie	751	+	101	14899314	51669
chr19	43816361	44016361	harbor1	chr19	43842602	43843060	DNA/hAT-Charlie	5739	+	229	43842831	26470
chr19	43816361	44016361	harbor1	chr19	43857537	43857967	DNA/hAT-Charlie	3024	+	215	43857752	41391
chr19	43816361	44016361	harbor1	chr19	43868250	43869280	DNA/hAT-Charlie	4488	+	515	43868765	52404
chr19	43816361	44016361	harbor1	chr19	43869296	43869356	DNA/hAT-Charlie	1740	+	30	43869326	52965
chr19	43816361	44016361	harbor1	chr19	43869662	43870013	DNA/hAT-Charlie	1740	+	176	43869838	53477
chr19	43816361	44016361	harbor1	chr19	43884473	43884687	DNA/hAT-Charlie	883	+	107	43884580	68219
chr19	43816361	44016361	harbor1	chr19	43899851	43899986	DNA/hAT-Charlie	778	+	68	43899919	83558
chr19	43816361	44016361	harbor1	chr19	43915510	43915852	DNA/hAT-Charlie	2142	+	171	43915681	99320
chr19	43816361	44016361	harbor1	chr19	43843340	43844271	DNA/hAT-Charlie	5739	+	466	43843806	27445
chr19	41185565	41385565	harbor1	chr19	41236853	41237058	DNA/hAT-Charlie	1443	+	102	41236955	51390
chr19	41185565	41385565	harbor1	chr19	41245932	41246161	DNA/hAT-Charlie	1055	+	114	41246046	60481
chr19	13329899	13529899	harbor1	chr19	13347476	13347673	DNA/hAT-Charlie	824	+	98	13347574	17675
chr19	13329899	13529899	harbor1	chr19	13350410	13350701	DNA/hAT-Charlie	643	+	146	13350556	20657
chr19	13329899	13529899	harbor1	chr19	13390429	13390633	DNA/hAT-Charlie	963	+	102	13390531	60632
chr19	13329899	13529899	harbor1	chr19	13396455	13396657	DNA/hAT-Charlie	908	+	101	13396556	66657
chr19	13329899	13529899	harbor1	chr19	13400619	13400812	DNA/hAT-Charlie	843	+	96	13400715	70816
chr19	13329899	13529899	harbor1	chr19	13426333	13426544	DNA/hAT-Charlie	1035	+	106	13426439	96540
chr19	6593652	6793652	harbor1	chr19	6635563	6635765	DNA/hAT-Charlie	743	+	101	6635664	42012
chr19	53541112	53741112	harbor1	chr19	53610633	53610852	DNA/hAT-Charlie	1430	+	110	53610743	69631
chr19	17443821	17643821	harbor1	chr19	17519332	17519394	DNA/hAT-Charlie	859	+	31	17519363	75542
chr19	17443821	17643821	harbor1	chr19	17519700	17519861	DNA/hAT-Charlie	859	+	80	17519780	75959
chr19	3964976	4164976	harbor1	chr19	4050564	4050815	DNA/hAT-Charlie	790	+	126	4050690	85714
chr19	29730726	29930726	harbor1	chr19	29757883	29758076	DNA/hAT-Charlie	844	+	96	29757979	27253
chr19	29730726	29930726	harbor1	chr19	29765407	29765593	DNA/hAT-Charlie	903	+	93	29765500	34774
chr19	29730726	29930726	harbor1	chr19	29765896	29765953	DNA/hAT-Charlie	903	+	28	29765924	35198
chr19	29730726	29930726	harbor1	chr19	29803725	29803738	DNA/hAT-Charlie	664	+	6	29803731	73005
chr19	29730726	29930726	harbor1	chr19	29804047	29804171	DNA/hAT-Charlie	664	+	62	29804109	73383
chr19	29730726	29930726	harbor1	chr19	29804739	29804938	DNA/hAT-Charlie	664	+	100	29804839	74113
chr19	39285635	39485635	harbor1	chr19	39344980	39345152	DNA/hAT-Charlie	876	+	86	39345066	59431
chr19	45777478	45977478	harbor1	chr19	45787175	45787505	DNA/hAT-Charlie	2076	+	165	45787340	9862
chr19	45777478	45977478	harbor1	chr19	45788273	45788453	DNA/hAT-Charlie	684	+	90	45788363	10885
chr19	28378961	28578961	harbor1	chr19	28411047	28411249	DNA/hAT-Charlie	761	+	101	28411148	32187
chr19	28378961	28578961	harbor1	chr19	28439329	28439463	DNA/hAT-Charlie	743	+	67	28439396	60435
chr19	28378961	28578961	harbor1	chr19	28463064	28463395	DNA/hAT-Charlie	1192	+	166	28463230	84269
chr19	33461054	33661054	harbor1	chr19	33516687	33516921	DNA/hAT-Charlie	845	+	117	33516804	55750
chr19	10398989	10598989	harbor1	chr19	10426323	10426520	DNA/hAT-Charlie	1293	+	98	10426421	27432
chr19	39840966	40040966	harbor1	chr19	39909732	39909902	DNA/hAT-Charlie	796	+	85	39909817	68851
chr19	39840966	40040966	harbor1	chr19	39910195	39910261	DNA/hAT-Charlie	796	+	33	39910228	69262
chr19	47489029	47689029	harbor1	chr19	47556610	47556745	DNA/hAT-Charlie	928	+	68	47556678	67649
chr19	47489029	47689029	harbor1	chr19	47557058	47557175	DNA/hAT-Charlie	928	+	58	47557116	68087
chr19	47489029	47689029	harbor1	chr19	47565351	47565878	DNA/hAT-Charlie	1286	+	264	47565615	76586
chr19	47489029	47689029	harbor1	chr19	47570609	47570794	DNA/hAT-Charlie	686	+	92	47570701	81672
chr19	7585244	7785244	harbor1	chr19	7600993	7601307	DNA/hAT-Charlie	1050	+	157	7601150	15906
chr19	7585244	7785244	harbor1	chr19	7602106	7602326	DNA/hAT-Charlie	946	+	110	7602216	16972
chr19	56634216	56834216	harbor1	chr19	56646362	56646595	DNA/hAT-Charlie	871	+	116	56646478	12262
chr19	56634216	56834216	harbor1	chr19	56682876	56683211	DNA/hAT-Charlie	825	+	168	56683044	48828
chr19	56634216	56834216	harbor1	chr19	56728578	56728869	DNA/hAT-Charlie	744	+	146	56728724	94508
chr19	34785756	34985756	harbor1	chr19	34841919	34842239	DNA/hAT-Charlie	2184	+	160	34842079	56323
chr19	7261748	7461748	harbor1	chr19	7266987	7267209	DNA/hAT-Charlie	1203	+	111	7267098	5350
chr19	7261748	7461748	harbor1	chr19	7289799	7289963	DNA/hAT-Charlie	688	+	82	7289881	28133
chr19	1468804	1668804	harbor1	chr19	1494296	1494528	DNA/hAT-Charlie	797	+	116	1494412	25608
chr19	1468804	1668804	harbor1	chr19	1538724	1538937	DNA/hAT-Charlie	773	+	106	1538830	70026
chr19	36954576	37154576	harbor1	chr19	36982987	36983266	DNA/hAT-Charlie	1665	+	140	36983127	28551
chr19	36954576	37154576	harbor1	chr19	37004471	37004696	DNA/hAT-Charlie	910	+	112	37004583	50007
chr19	48460956	48660956	harbor1	chr19	48507447	48507604	DNA/hAT-Charlie	729	+	78	48507525	46569
chr19	48460956	48660956	harbor1	chr19	48507772	48507815	DNA/hAT-Charlie	729	+	22	48507794	46838
chr19	48460956	48660956	harbor1	chr19	48515015	48515251	DNA/hAT-Charlie	1035	+	118	48515133	54177
chr19	48460956	48660956	harbor1	chr19	48524873	48525035	DNA/hAT-Charlie	655	+	81	48524954	63998
chr19	48460956	48660956	harbor1	chr19	48525348	48525386	DNA/hAT-Charlie	655	+	19	48525367	64411
chr19	48460956	48660956	harbor1	chr19	48525823	48525968	DNA/hAT-Charlie	655	+	72	48525895	64939
chr19	48460956	48660956	harbor1	chr19	48526591	48526805	DNA/hAT-Charlie	864	+	107	48526698	65742
chr19	44666740	44866740	harbor1	chr19	44667331	44667502	DNA/hAT-Charlie	745	+	86	44667417	677
chr19	5550087	5750087	harbor1	chr19	5603707	5603971	DNA/hAT-Charlie	1055	+	132	5603839	53752
chr19	5550087	5750087	harbor1	chr19	5617591	5617777	DNA/hAT-Charlie	744	+	93	5617684	67597
chr19	28249187	28449187	harbor1	chr19	28278488	28278752	DNA/hAT-Charlie	1178	+	132	28278620	29433
chr19	47807980	48007980	harbor1	chr19	47831366	47831629	DNA/hAT-Charlie	1417	+	132	47831498	23518
chr19	36683880	36883880	harbor1	chr19	36709099	36709329	DNA/hAT-Charlie	946	+	115	36709214	25334
chr19	3462762	3662762	harbor1	chr19	3469775	3469945	DNA/hAT-Charlie	649	+	85	3469860	7098
chr19	33240282	33440282	harbor1	chr19	33259922	33259983	DNA/hAT-Charlie	660	+	30	33259952	19670
chr19	33240282	33440282	harbor1	chr19	33260273	33260425	DNA/hAT-Charlie	660	+	76	33260349	20067
chr19	10967719	11167719	harbor1	chr19	11045562	11045801	DNA/hAT-Charlie	729	+	120	11045682	77963
chr19	10967719	11167719	harbor1	chr19	11046239	11046539	DNA/hAT-Charlie	729	+	150	11046389	78670
chr19	58290198	58490198	harbor1	chr19	58296689	58296898	DNA/hAT-Charlie	1034	+	104	58296793	6595
chr19	58290198	58490198	harbor1	chr19	58297815	58298018	DNA/hAT-Charlie	702	+	102	58297917	7719
chr19	58290198	58490198	harbor1	chr19	58298625	58298680	DNA/hAT-Charlie	702	+	28	58298653	8455
chr19	58290198	58490198	harbor1	chr19	58324387	58324598	DNA/hAT-Charlie	1476	+	106	58324493	34295
chr19	7896920	8096920	harbor1	chr19	7994204	7994433	DNA/hAT-Charlie	1037	+	114	7994318	97398
chr19	7896920	8096920	harbor1	chr19	7995471	7995684	DNA/hAT-Charlie	908	+	106	7995577	98657
chr19	49208529	49408529	harbor1	chr19	49227229	49227328	DNA/hAT-Charlie	666	+	50	49227279	18750
chr19	49208529	49408529	harbor1	chr19	49227634	49227673	DNA/hAT-Charlie	666	+	20	49227654	19125
chr19	49208529	49408529	harbor1	chr19	49227972	49228057	DNA/hAT-Charlie	666	+	42	49228014	19485
chr19	49208529	49408529	harbor1	chr19	49247966	49248028	DNA/hAT-Charlie	732	+	31	49247997	39468
chr19	49208529	49408529	harbor1	chr19	49248340	49248518	DNA/hAT-Charlie	732	+	89	49248429	39900
chr19	49208529	49408529	harbor1	chr19	49271153	49271410	DNA/hAT-Charlie	1494	+	128	49271281	62752
chr19	29468999	29668999	harbor1	chr19	29532017	29532148	DNA/hAT-Charlie	686	+	66	29532083	63084
chr19	6413236	6613236	harbor1	chr19	6504770	6504786	DNA/hAT-Charlie	947	+	8	6504778	91542
chr19	6413236	6613236	harbor1	chr19	6504835	6505075	DNA/hAT-Charlie	947	+	120	6504955	91719
chr19	6610290	6810290	harbor1	chr19	6635563	6635765	DNA/hAT-Charlie	743	+	101	6635664	25374
chr19	49532281	49732281	harbor1	chr19	49563921	49564090	DNA/hAT-Charlie	759	+	84	49564005	31724
chr19	49532281	49732281	harbor1	chr19	49602937	49603142	DNA/hAT-Charlie	912	+	102	49603039	70758
chr19	49532281	49732281	harbor1	chr19	49628054	49628237	DNA/hAT-Charlie	1392	+	92	49628146	95865
chr19	15250466	15450466	harbor1	chr19	15278143	15278252	DNA/hAT-Charlie	1151	+	54	15278197	27731
chr19	15250466	15450466	harbor1	chr19	15278572	15278777	DNA/hAT-Charlie	1151	+	102	15278674	28208
chr19	13266505	13466505	harbor1	chr19	13295811	13296105	DNA/hAT-Charlie	1058	+	147	13295958	29453
chr19	13266505	13466505	harbor1	chr19	13296106	13296275	DNA/hAT-Charlie	925	+	84	13296190	29685
chr19	13266505	13466505	harbor1	chr19	13347476	13347673	DNA/hAT-Charlie	824	+	98	13347574	81069
chr19	13266505	13466505	harbor1	chr19	13350410	13350701	DNA/hAT-Charlie	643	+	146	13350556	84051
chr19	6447517	6647517	harbor1	chr19	6504770	6504786	DNA/hAT-Charlie	947	+	8	6504778	57261
chr19	6447517	6647517	harbor1	chr19	6504835	6505075	DNA/hAT-Charlie	947	+	120	6504955	57438
chr19	43705683	43905683	harbor1	chr19	43752410	43752607	DNA/hAT-Charlie	819	+	98	43752508	46825
chr19	43705683	43905683	harbor1	chr19	43768092	43768797	DNA/hAT-Charlie	931	+	352	43768444	62761
chr19	34470481	34670481	harbor1	chr19	34479508	34479974	DNA/hAT-Charlie	3144	+	233	34479741	9260
chr19	34470481	34670481	harbor1	chr19	34546717	34547055	DNA/hAT-Charlie	2140	+	169	34546886	76405
chr19	14123185	14323185	harbor1	chr19	14200415	14200600	DNA/hAT-Charlie	810	+	92	14200507	77322
chr19	11106905	11306905	harbor1	chr19	11118279	11118465	DNA/hAT-Charlie	665	+	93	11118372	11467
chr19	11106905	11306905	harbor1	chr19	11143436	11143626	DNA/hAT-Charlie	710	+	95	11143531	36626
chr19	11106905	11306905	harbor1	chr19	11187555	11187713	DNA/hAT-Charlie	691	+	79	11187634	80729
chr19	8410181	8610181	harbor1	chr19	8481585	8481764	DNA/hAT-Charlie	1039	+	90	8481675	71494
chr19	16024750	16224750	harbor1	chr19	16058962	16059146	DNA/hAT-Charlie	673	+	92	16059054	34304
chr19	57996467	58196467	harbor1	chr19	58057609	58057798	DNA/hAT-Charlie	687	+	94	58057703	61236
chr19	29691537	29891537	harbor1	chr19	29692174	29692454	DNA/hAT-Charlie	1074	+	140	29692314	777
chr19	29691537	29891537	harbor1	chr19	29692865	29692904	DNA/hAT-Charlie	1074	+	20	29692885	1348
chr19	29691537	29891537	harbor1	chr19	29757883	29758076	DNA/hAT-Charlie	844	+	96	29757979	66442
chr19	29691537	29891537	harbor1	chr19	29765407	29765593	DNA/hAT-Charlie	903	+	93	29765500	73963
chr19	29691537	29891537	harbor1	chr19	29765896	29765953	DNA/hAT-Charlie	903	+	28	29765924	74387
chr19	57077720	57277720	harbor1	chr19	57101000	57101081	DNA/hAT-Charlie	824	+	40	57101040	23320
chr19	57077720	57277720	harbor1	chr19	57101704	57101921	DNA/hAT-Charlie	824	+	108	57101812	24092
chr19	46374763	46574763	harbor1	chr19	46379744	46379933	DNA/hAT-Charlie	767	+	94	46379838	5075
chr19	46374763	46574763	harbor1	chr19	46399302	46399521	DNA/hAT-Charlie	953	+	110	46399412	24649
chr19	37610805	37810805	harbor1	chr19	37646391	37646553	DNA/hAT-Charlie	873	+	81	37646472	35667
chr19	37610805	37810805	harbor1	chr19	37646896	37647037	DNA/hAT-Charlie	873	+	70	37646966	36161
chr19	38892955	39092955	harbor1	chr19	38902567	38902794	DNA/hAT-Charlie	1058	+	114	38902681	9726
chr19	13005413	13205413	harbor1	chr19	13037729	13037924	DNA/hAT-Charlie	1021	+	98	13037827	32414
chr19	13005413	13205413	harbor1	chr19	13045308	13045520	DNA/hAT-Charlie	919	+	106	13045414	40001
chr19	13005413	13205413	harbor1	chr19	13072639	13072845	DNA/hAT-Charlie	1055	+	103	13072742	67329
chr19	13825237	14025237	harbor1	chr19	13915004	13915256	DNA/hAT-Charlie	679	+	126	13915130	89893
chr19	13825237	14025237	harbor1	chr19	13915548	13915574	DNA/hAT-Charlie	679	+	13	13915561	90324
chr19	13825237	14025237	harbor1	chr19	13915849	13915973	DNA/hAT-Charlie	679	+	62	13915911	90674
chr19	13825237	14025237	harbor1	chr19	13916267	13916283	DNA/hAT-Charlie	679	+	8	13916275	91038
chr19	13825237	14025237	harbor1	chr19	13916585	13916713	DNA/hAT-Charlie	679	+	64	13916649	91412
chr19	37537304	37737304	harbor1	chr19	37577872	37578228	DNA/hAT-Charlie	1814	+	178	37578050	40746
chr19	37537304	37737304	harbor1	chr19	37595681	37595892	DNA/hAT-Charlie	853	+	106	37595787	58483
chr19	37537304	37737304	harbor1	chr19	37602406	37602573	DNA/hAT-Charlie	775	+	84	37602490	65186
chr19	5113409	5313409	harbor1	chr19	5155724	5155942	DNA/hAT-Charlie	933	+	109	5155833	42424
chr19	5113409	5313409	harbor1	chr19	5197007	5197190	DNA/hAT-Charlie	932	+	92	5197099	83690
chr19	17253104	17453104	harbor1	chr19	17298531	17298734	DNA/hAT-Charlie	813	+	102	17298633	45529
chr19	35559150	35759150	harbor1	chr19	35566615	35566839	DNA/hAT-Charlie	1620	+	112	35566727	7577
chr19	35559150	35759150	harbor1	chr19	35611247	35611472	DNA/hAT-Charlie	1991	+	112	35611359	52209
chr19	35559150	35759150	harbor1	chr19	35611785	35611939	DNA/hAT-Charlie	2128	+	77	35611862	52712
chr19	5737327	5937327	harbor1	chr19	5836963	5837031	DNA/hAT-Charlie	781	+	34	5836997	99670
chr19	10887244	11087244	harbor1	chr19	10946991	10947190	DNA/hAT-Charlie	798	+	100	10947091	59847
chr19	13606051	13806051	harbor1	chr19	13640834	13640973	DNA/hAT-Charlie	724	+	70	13640904	34853
chr19	13606051	13806051	harbor1	chr19	13648622	13648791	DNA/hAT-Charlie	877	+	84	13648706	42655
chr19	13606051	13806051	harbor1	chr19	13649452	13649810	DNA/hAT-Charlie	1513	+	179	13649631	43580
chr19	13606051	13806051	harbor1	chr19	13669899	13670488	DNA/hAT-Charlie	2104	+	294	13670193	64142
chr19	37346414	37546414	harbor1	chr19	37376800	37377034	DNA/hAT-Charlie	1081	+	117	37376917	30503
chr19	37346414	37546414	harbor1	chr19	37379816	37379984	DNA/hAT-Charlie	929	+	84	37379900	33486
chr19	37346414	37546414	harbor1	chr19	37386442	37386628	DNA/hAT-Charlie	949	+	93	37386535	40121
chr19	36433990	36633990	harbor1	chr19	36450740	36450937	DNA/hAT-Charlie	898	+	98	36450838	16848
chr19	36433990	36633990	harbor1	chr19	36522509	36522674	DNA/hAT-Charlie	756	+	82	36522591	88601
chr19	5660976	5860976	harbor1	chr19	5736212	5736417	DNA/hAT-Charlie	951	+	102	5736314	75338
chr19	34018656	34218656	harbor1	chr19	34098820	34098970	DNA/hAT-Charlie	1087	+	75	34098895	80239
chr19	34018656	34218656	harbor1	chr19	34099266	34099315	DNA/hAT-Charlie	1087	+	24	34099290	80634
chr19	17524278	17724278	harbor1	chr19	17569844	17569891	DNA/hAT-Charlie	1345	+	24	17569868	45590
chr19	17524278	17724278	harbor1	chr19	17570193	17570231	DNA/hAT-Charlie	1345	+	19	17570212	45934
chr19	17524278	17724278	harbor1	chr19	17570865	17571121	DNA/hAT-Charlie	1345	+	128	17570993	46715
chr19	17524278	17724278	harbor1	chr19	17599128	17599290	DNA/hAT-Charlie	671	+	81	17599209	74931
chr19	5110706	5310706	harbor1	chr19	5155724	5155942	DNA/hAT-Charlie	933	+	109	5155833	45127
chr19	5110706	5310706	harbor1	chr19	5197007	5197190	DNA/hAT-Charlie	932	+	92	5197099	86393
chr19	7288126	7488126	harbor1	chr19	7289799	7289963	DNA/hAT-Charlie	688	+	82	7289881	1755
chr19	43688101	43888101	harbor1	chr19	43752410	43752607	DNA/hAT-Charlie	819	+	98	43752508	64407
chr19	43688101	43888101	harbor1	chr19	43768092	43768797	DNA/hAT-Charlie	931	+	352	43768444	80343
chr19	30668622	30868622	harbor1	chr19	30709567	30709614	DNA/hAT-Charlie	761	+	24	30709591	40969
chr19	30668622	30868622	harbor1	chr19	30709916	30710064	DNA/hAT-Charlie	761	+	74	30709990	41368
chr19	30668622	30868622	harbor1	chr19	30710061	30710196	DNA/hAT-Charlie	650	+	68	30710129	41507
chr19	34537840	34737840	harbor1	chr19	34546717	34547055	DNA/hAT-Charlie	2140	+	169	34546886	9046
chr19	34537840	34737840	harbor1	chr19	34631275	34631434	DNA/hAT-Charlie	971	+	80	34631355	93515
chr19	38326618	38526618	harbor1	chr19	38334112	38334230	DNA/hAT-Charlie	698	+	59	38334171	7553
chr19	38326618	38526618	harbor1	chr19	38422422	38422904	DNA/hAT-Charlie	2563	+	241	38422663	96045
chr19	38326618	38526618	harbor1	chr19	38424791	38424903	DNA/hAT-Charlie	780	+	56	38424847	98229
chr19	38326618	38526618	harbor1	chr19	38425210	38425296	DNA/hAT-Charlie	780	+	43	38425253	98635
chr19	16284182	16484182	harbor1	chr19	16329221	16329375	DNA/hAT-Charlie	743	+	77	16329298	45116
chr19	284357	484357	harbor1	chr19	320499	320808	DNA/hAT-Charlie	1935	+	154	320653	36296
chr19	284357	484357	harbor1	chr19	330857	331087	DNA/hAT-Charlie	814	+	115	330972	46615
chr19	284357	484357	harbor1	chr19	331682	331701	DNA/hAT-Charlie	814	+	10	331692	47335
chr19	284357	484357	harbor1	chr19	332001	332134	DNA/hAT-Charlie	814	+	66	332067	47710
chr19	39450055	39650055	harbor1	chr19	39465506	39465725	DNA/hAT-Charlie	1185	+	110	39465616	15561
chr19	39450055	39650055	harbor1	chr19	39491080	39491167	DNA/hAT-Charlie	670	+	44	39491124	41069
chr19	39450055	39650055	harbor1	chr19	39491467	39491537	DNA/hAT-Charlie	670	+	35	39491502	41447
chr19	919167	1119167	harbor1	chr19	976415	976622	DNA/hAT-Charlie	677	+	104	976519	57352
chr19	35327531	35527531	harbor1	chr19	35411729	35412075	DNA/hAT-Charlie	1457	+	173	35411902	84371
chr19	35327531	35527531	harbor1	chr19	35412386	35412413	DNA/hAT-Charlie	1457	+	14	35412400	84869
chr19	35327531	35527531	harbor1	chr19	35412719	35412781	DNA/hAT-Charlie	1457	+	31	35412750	85219
chr19	16466261	16666261	harbor1	chr19	16507029	16507232	DNA/hAT-Charlie	730	+	102	16507131	40870
chr19	46266753	46466753	harbor1	chr19	46286756	46286790	DNA/hAT-Charlie	1058	+	17	46286773	20020
chr19	46266753	46466753	harbor1	chr19	46287053	46287102	DNA/hAT-Charlie	1058	+	24	46287077	20324
chr19	46266753	46466753	harbor1	chr19	46287395	46287508	DNA/hAT-Charlie	1058	+	56	46287451	20698
chr19	2037006	2237006	harbor1	chr19	2088049	2088263	DNA/hAT-Charlie	806	+	107	2088156	51150
chr19	28061962	28261962	harbor1	chr19	28134348	28134627	DNA/hAT-Charlie	746	+	140	28134488	72526
chr19	3139123	3339123	harbor1	chr19	3234404	3234601	DNA/hAT-Charlie	791	+	98	3234502	95379
chr19	57094178	57294178	harbor1	chr19	57101000	57101081	DNA/hAT-Charlie	824	+	40	57101040	6862
chr19	57094178	57294178	harbor1	chr19	57101704	57101921	DNA/hAT-Charlie	824	+	108	57101812	7634
chr19	55504323	55704323	harbor1	chr19	55513614	55513825	DNA/hAT-Charlie	1041	+	106	55513720	9397
chr19	55504323	55704323	harbor1	chr19	55562286	55562517	DNA/hAT-Charlie	1339	+	116	55562402	58079
chr19	55504323	55704323	harbor1	chr19	55576356	55576455	DNA/hAT-Charlie	671	+	50	55576406	72083
chr19	55504323	55704323	harbor1	chr19	55576760	55576886	DNA/hAT-Charlie	671	+	63	55576823	72500
chr19	34407120	34607120	harbor1	chr19	34479508	34479974	DNA/hAT-Charlie	3144	+	233	34479741	72621
chr19	4638639	4838639	harbor1	chr19	4713026	4713209	DNA/hAT-Charlie	652	+	92	4713118	74479
chr19	4638639	4838639	harbor1	chr19	4719476	4719682	DNA/hAT-Charlie	805	+	103	4719579	80940
chr19	4638639	4838639	harbor1	chr19	4720596	4720797	DNA/hAT-Charlie	883	+	100	4720696	82057
chr19	4638639	4838639	harbor1	chr19	4736508	4736709	DNA/hAT-Charlie	769	+	100	4736608	97969
chr19	48348209	48548209	harbor1	chr19	48349817	48349983	DNA/hAT-Charlie	731	+	83	48349900	1691
chr19	48348209	48548209	harbor1	chr19	48374583	48374693	DNA/hAT-Charlie	805	+	55	48374638	26429
chr19	48348209	48548209	harbor1	chr19	48375002	48375025	DNA/hAT-Charlie	805	+	12	48375014	26805
chr19	48348209	48548209	harbor1	chr19	48375326	48375397	DNA/hAT-Charlie	805	+	36	48375362	27153
chr19	48348209	48548209	harbor1	chr19	48403294	48403532	DNA/hAT-Charlie	873	+	119	48403413	55204
chr19	48306766	48506766	harbor1	chr19	48314440	48314662	DNA/hAT-Charlie	891	+	111	48314551	7785
chr19	48306766	48506766	harbor1	chr19	48319474	48319534	DNA/hAT-Charlie	1078	+	30	48319504	12738
chr19	48306766	48506766	harbor1	chr19	48319829	48319995	DNA/hAT-Charlie	1078	+	83	48319912	13146
chr19	48306766	48506766	harbor1	chr19	48349817	48349983	DNA/hAT-Charlie	731	+	83	48349900	43134
chr19	48306766	48506766	harbor1	chr19	48374583	48374693	DNA/hAT-Charlie	805	+	55	48374638	67872
chr19	48306766	48506766	harbor1	chr19	48375002	48375025	DNA/hAT-Charlie	805	+	12	48375014	68248
chr19	48306766	48506766	harbor1	chr19	48375326	48375397	DNA/hAT-Charlie	805	+	36	48375362	68596
chr19	48306766	48506766	harbor1	chr19	48403294	48403532	DNA/hAT-Charlie	873	+	119	48403413	96647
chr19	3211739	3411739	harbor1	chr19	3234404	3234601	DNA/hAT-Charlie	791	+	98	3234502	22763
chr19	3211739	3411739	harbor1	chr19	3259250	3259460	DNA/hAT-Charlie	765	+	105	3259355	47616
chr19	3211739	3411739	harbor1	chr19	3259699	3259907	DNA/hAT-Charlie	880	+	104	3259803	48064
chr19	3211739	3411739	harbor1	chr19	3261891	3262028	DNA/hAT-Charlie	739	+	68	3261959	50220
chr19	3211739	3411739	harbor1	chr19	3262329	3262423	DNA/hAT-Charlie	739	+	47	3262376	50637
chr19	51448746	51648746	harbor1	chr19	51500881	51501070	DNA/hAT-Charlie	686	+	94	51500975	52229
chr19	41614482	41814482	harbor1	chr19	41647879	41648102	DNA/hAT-Charlie	823	+	112	41647991	33509
chr19	28103113	28303113	harbor1	chr19	28134348	28134627	DNA/hAT-Charlie	746	+	140	28134488	31375
chr19	51429608	51629608	harbor1	chr19	51500881	51501070	DNA/hAT-Charlie	686	+	94	51500975	71367
chr19	40409267	40609267	harbor1	chr19	40472884	40473058	DNA/hAT-Charlie	832	+	87	40472971	63704
chr19	40409267	40609267	harbor1	chr19	40473657	40473716	DNA/hAT-Charlie	832	+	30	40473687	64420
chr19	39928904	40128904	harbor1	chr19	39961744	39961920	DNA/hAT-Charlie	961	+	88	39961832	32928
chr19	39928904	40128904	harbor1	chr19	39962288	39962398	DNA/hAT-Charlie	818	+	55	39962343	33439
chr19	39928904	40128904	harbor1	chr19	39962707	39962788	DNA/hAT-Charlie	818	+	40	39962747	33843
chr19	39928904	40128904	harbor1	chr19	39976482	39976508	DNA/hAT-Charlie	778	+	13	39976495	47591
chr19	39928904	40128904	harbor1	chr19	39976809	39976846	DNA/hAT-Charlie	778	+	18	39976827	47923
chr19	39928904	40128904	harbor1	chr19	39977152	39977237	DNA/hAT-Charlie	778	+	42	39977194	48290
chr19	39928904	40128904	harbor1	chr19	39981743	39981865	DNA/hAT-Charlie	700	+	61	39981804	52900
chr19	39928904	40128904	harbor1	chr19	40002576	40002698	DNA/hAT-Charlie	795	+	61	40002637	73733
chr19	39928904	40128904	harbor1	chr19	40003000	40003033	DNA/hAT-Charlie	795	+	16	40003016	74112
chr19	39928904	40128904	harbor1	chr19	40003336	40003378	DNA/hAT-Charlie	795	+	21	40003357	74453
chr19	39928904	40128904	harbor1	chr19	40013201	40013517	DNA/hAT-Charlie	1277	+	158	40013359	84455
chr19	39928904	40128904	harbor1	chr19	40017568	40017743	DNA/hAT-Charlie	915	+	88	40017656	88752
chr19	40471769	40671769	harbor1	chr19	40472884	40473058	DNA/hAT-Charlie	832	+	87	40472971	1202
chr19	40471769	40671769	harbor1	chr19	40473657	40473716	DNA/hAT-Charlie	832	+	30	40473687	1918
chr19	33052296	33252296	harbor1	chr19	33086000	33086168	DNA/hAT-Charlie	739	+	84	33086084	33788
chr19	36405428	36605428	harbor1	chr19	36419046	36419255	DNA/hAT-Charlie	1272	+	104	36419150	13722
chr19	36405428	36605428	harbor1	chr19	36420226	36420269	DNA/hAT-Charlie	1272	+	22	36420248	14820
chr19	36405428	36605428	harbor1	chr19	36450740	36450937	DNA/hAT-Charlie	898	+	98	36450838	45410
chr19	17339965	17539965	harbor1	chr19	17399930	17399962	DNA/hAT-Charlie	678	+	16	17399946	59981
chr19	17339965	17539965	harbor1	chr19	17400255	17400344	DNA/hAT-Charlie	678	+	44	17400299	60334
chr19	17339965	17539965	harbor1	chr19	17400659	17400742	DNA/hAT-Charlie	678	+	42	17400701	60736
chr19	45884770	46084770	harbor1	chr19	45917525	45918142	DNA/hAT-Charlie	2055	+	308	45917833	33063
chr19	45884770	46084770	harbor1	chr19	45918455	45918533	DNA/hAT-Charlie	2055	+	39	45918494	33724
chr19	45884770	46084770	harbor1	chr19	45943821	45944158	DNA/hAT-Charlie	1211	+	168	45943989	59219
chr19	45884770	46084770	harbor1	chr19	45944469	45944541	DNA/hAT-Charlie	1211	+	36	45944505	59735
chr19	49506855	49706855	harbor1	chr19	49563921	49564090	DNA/hAT-Charlie	759	+	84	49564005	57150
chr19	49506855	49706855	harbor1	chr19	49602937	49603142	DNA/hAT-Charlie	912	+	102	49603039	96184
chr19	49763573	49963573	harbor1	chr19	49838175	49839413	DNA/hAT-Charlie	3934	+	619	49838794	75221
chr19	49763573	49963573	harbor1	chr19	49839486	49840475	DNA/hAT-Charlie	3257	+	494	49839980	76407
chr19	16594924	16794924	harbor1	chr19	16607653	16607838	DNA/hAT-Charlie	1248	+	92	16607745	12821
chr19	16594924	16794924	harbor1	chr19	16608679	16608842	DNA/hAT-Charlie	788	+	82	16608761	13837
chr19	16594924	16794924	harbor1	chr19	16654468	16654542	DNA/hAT-Charlie	1378	+	37	16654505	59581
chr19	16594924	16794924	harbor1	chr19	16654681	16654938	DNA/hAT-Charlie	1378	+	128	16654809	59885
chr19	16594924	16794924	harbor1	chr19	16672829	16673040	DNA/hAT-Charlie	1155	+	106	16672935	78011
chr19	34610698	34810698	harbor1	chr19	34631275	34631434	DNA/hAT-Charlie	971	+	80	34631355	20657
chr19	34610698	34810698	harbor1	chr19	34661720	34661870	DNA/hAT-Charlie	1529	+	75	34661795	51097
chr19	34610698	34810698	harbor1	chr19	34662180	34662263	DNA/hAT-Charlie	1529	+	42	34662222	51524
chr19	34610698	34810698	harbor1	chr19	34680325	34680539	DNA/hAT-Charlie	846	+	107	34680432	69734
chr19	32092140	32292140	harbor1	chr19	32170169	32170341	DNA/hAT-Charlie	720	+	86	32170255	78115
chr19	5528359	5728359	harbor1	chr19	5603707	5603971	DNA/hAT-Charlie	1055	+	132	5603839	75480
chr19	5528359	5728359	harbor1	chr19	5617591	5617777	DNA/hAT-Charlie	744	+	93	5617684	89325
chr19	35824158	36024158	harbor1	chr19	35828187	35828254	DNA/hAT-Charlie	1270	+	34	35828221	4063
chr19	35824158	36024158	harbor1	chr19	35828564	35828827	DNA/hAT-Charlie	1270	+	132	35828696	4538
chr19	35824158	36024158	harbor1	chr19	35859232	35859441	DNA/hAT-Charlie	1588	+	104	35859336	35178
chr19	20886452	21086452	harbor1	chr19	20922581	20922868	DNA/hAT-Charlie	1192	+	144	20922725	36273
chr19	30323778	30523778	harbor1	chr19	30355628	30355957	DNA/hAT-Charlie	1993	+	164	30355792	32014
chr19	30323778	30523778	harbor1	chr19	30421777	30422127	DNA/hAT-Charlie	1140	+	175	30421952	98174
chr19	44308673	44508673	harbor1	chr19	44335564	44335720	DNA/hAT-Charlie	668	+	78	44335642	26969
chr19	44308673	44508673	harbor1	chr19	44348931	44350909	DNA/hAT-Charlie	9453	+	989	44349920	41247
chr19	44308673	44508673	harbor1	chr19	44351373	44351718	DNA/hAT-Charlie	9453	+	172	44351545	42872
chr19	15151115	15351115	harbor1	chr19	15158027	15158232	DNA/hAT-Charlie	1198	+	102	15158129	7014
chr19	15151115	15351115	harbor1	chr19	15182101	15182224	DNA/hAT-Charlie	904	+	62	15182163	31048
chr19	15151115	15351115	harbor1	chr19	15182527	15182606	DNA/hAT-Charlie	904	+	40	15182567	31452
chr19	48042049	48242049	harbor1	chr19	48101595	48101674	DNA/hAT-Charlie	1099	+	40	48101635	59586
chr19	48042049	48242049	harbor1	chr19	48101975	48102207	DNA/hAT-Charlie	1099	+	116	48102091	60042
chr19	48042049	48242049	harbor1	chr19	48124459	48124734	DNA/hAT-Charlie	1063	+	138	48124597	82548
chr19	29164714	29364714	harbor1	chr19	29201505	29201635	DNA/hAT-Charlie	670	+	65	29201570	36856
chr19	3357660	3557660	harbor1	chr19	3363705	3363907	DNA/hAT-Charlie	690	+	101	3363806	6146
chr19	3357660	3557660	harbor1	chr19	3394645	3394972	DNA/hAT-Charlie	1701	+	164	3394809	37149
chr19	3357660	3557660	harbor1	chr19	3442921	3443124	DNA/hAT-Charlie	881	+	102	3443023	85363
chr19	3357660	3557660	harbor1	chr19	3446310	3446515	DNA/hAT-Charlie	693	+	102	3446412	88752
chr19	3357660	3557660	harbor1	chr19	3450839	3451018	DNA/hAT-Charlie	657	+	90	3450929	93269
chr19	5576792	5776792	harbor1	chr19	5603707	5603971	DNA/hAT-Charlie	1055	+	132	5603839	27047
chr19	5576792	5776792	harbor1	chr19	5617591	5617777	DNA/hAT-Charlie	744	+	93	5617684	40892
chr19	36137360	36337360	harbor1	chr19	36204483	36204644	DNA/hAT-Charlie	660	+	80	36204563	67203
chr19	37681819	37881819	harbor1	chr19	37759863	37760109	DNA/hAT-Charlie	648	+	123	37759986	78167
chr19	32319604	32519604	harbor1	chr19	32375147	32375363	DNA/hAT-Charlie	1101	+	108	32375255	55651
chr19	32319604	32519604	harbor1	chr19	32387546	32387746	DNA/hAT-Charlie	952	+	100	32387646	68042
chr19	32319604	32519604	harbor1	chr19	32387756	32387968	DNA/hAT-Charlie	929	+	106	32387862	68258
chr19	32319604	32519604	harbor1	chr19	32418372	32418531	DNA/hAT-Charlie	655	+	80	32418452	98848
chr19	56547418	56747418	harbor1	chr19	56556103	56556419	DNA/hAT-Charlie	1211	+	158	56556261	8843
chr19	56547418	56747418	harbor1	chr19	56556428	56556623	DNA/hAT-Charlie	832	+	98	56556526	9108
chr19	56547418	56747418	harbor1	chr19	56646362	56646595	DNA/hAT-Charlie	871	+	116	56646478	99060
chr19	1408901	1608901	harbor1	chr19	1494296	1494528	DNA/hAT-Charlie	797	+	116	1494412	85511
chr19	34655958	34855958	harbor1	chr19	34661720	34661870	DNA/hAT-Charlie	1529	+	75	34661795	5837
chr19	34655958	34855958	harbor1	chr19	34662180	34662263	DNA/hAT-Charlie	1529	+	42	34662222	6264
chr19	34655958	34855958	harbor1	chr19	34680325	34680539	DNA/hAT-Charlie	846	+	107	34680432	24474
chr19	34655958	34855958	harbor1	chr19	34736550	34736769	DNA/hAT-Charlie	989	+	110	34736660	80702
chr19	17909603	18109603	harbor1	chr19	17917340	17917477	DNA/hAT-Charlie	956	+	68	17917408	7805
chr19	17909603	18109603	harbor1	chr19	17937461	17937670	DNA/hAT-Charlie	974	+	104	17937565	27962
chr19	16515608	16715608	harbor1	chr19	16607653	16607838	DNA/hAT-Charlie	1248	+	92	16607745	92137
chr19	16515608	16715608	harbor1	chr19	16608679	16608842	DNA/hAT-Charlie	788	+	82	16608761	93153
chr19	6486027	6686027	harbor1	chr19	6504770	6504786	DNA/hAT-Charlie	947	+	8	6504778	18751
chr19	6486027	6686027	harbor1	chr19	6504835	6505075	DNA/hAT-Charlie	947	+	120	6504955	18928
chr19	6486027	6686027	harbor1	chr19	6557621	6557741	DNA/hAT-Charlie	654	+	60	6557681	71654
chr19	21481968	21681968	harbor1	chr19	21578309	21578525	DNA/hAT-Charlie	1108	+	108	21578417	96449
chr19	41375986	41575986	harbor1	chr19	41438864	41439065	DNA/hAT-Charlie	1228	+	100	41438964	62978
chr19	41375986	41575986	harbor1	chr19	41444537	41444780	DNA/hAT-Charlie	1149	+	122	41444659	68673
chr19	16230796	16430796	harbor1	chr19	16279103	16279303	DNA/hAT-Charlie	864	+	100	16279203	48407
chr19	16230796	16430796	harbor1	chr19	16329221	16329375	DNA/hAT-Charlie	743	+	77	16329298	98502
chr19	40729410	40929410	harbor1	chr19	40731138	40731438	DNA/hAT-Charlie	1763	+	150	40731288	1878
chr19	20918432	21118432	harbor1	chr19	20922581	20922868	DNA/hAT-Charlie	1192	+	144	20922725	4293
chr19	6284748	6484748	harbor1	chr19	6327634	6327794	DNA/hAT-Charlie	1391	+	80	6327714	42966
chr19	6284748	6484748	harbor1	chr19	6328091	6328208	DNA/hAT-Charlie	1391	+	58	6328149	43401
chr19	6284748	6484748	harbor1	chr19	6328530	6328565	DNA/hAT-Charlie	1391	+	18	6328548	43800
chr19	6284748	6484748	harbor1	chr19	6354232	6354473	DNA/hAT-Charlie	840	+	120	6354352	69604
chr19	35249149	35449149	harbor1	chr19	35285392	35285597	DNA/hAT-Charlie	1253	+	102	35285494	36345
chr19	35249149	35449149	harbor1	chr19	35314900	35315080	DNA/hAT-Charlie	1014	+	90	35314990	65841
chr19	35249149	35449149	harbor1	chr19	35315971	35316452	DNA/hAT-Charlie	3022	+	240	35316211	67062
chr19	16059961	16259961	harbor1	chr19	16156496	16156704	DNA/hAT-Charlie	865	+	104	16156600	96639
chr19	2380446	2580446	harbor1	chr19	2416993	2417183	DNA/hAT-Charlie	804	+	95	2417088	36642
chr19	2064480	2264480	harbor1	chr19	2088049	2088263	DNA/hAT-Charlie	806	+	107	2088156	23676
chr19	14466793	14666793	harbor1	chr19	14546637	14546680	DNA/hAT-Charlie	690	+	22	14546659	79866
chr19	14466793	14666793	harbor1	chr19	14546995	14547315	DNA/hAT-Charlie	690	+	160	14547155	80362
chr19	56679064	56879064	harbor1	chr19	56682876	56683211	DNA/hAT-Charlie	825	+	168	56683044	3980
chr19	56679064	56879064	harbor1	chr19	56728578	56728869	DNA/hAT-Charlie	744	+	146	56728724	49660
chr19	56679064	56879064	harbor1	chr19	56741506	56741988	DNA/hAT-Charlie	810	+	241	56741747	62683
chr19	56679064	56879064	harbor1	chr19	56751951	56752137	DNA/hAT-Charlie	932	+	93	56752044	72980
chr19	56679064	56879064	harbor1	chr19	56752440	56752456	DNA/hAT-Charlie	932	+	8	56752448	73384
chr19	56679064	56879064	harbor1	chr19	56752765	56753036	DNA/hAT-Charlie	932	+	136	56752901	73837
chr19	56679064	56879064	harbor1	chr19	56767777	56767968	DNA/hAT-Charlie	748	+	96	56767873	88809
chr19	56679064	56879064	harbor1	chr19	56777548	56777751	DNA/hAT-Charlie	1158	+	102	56777650	98586
chr19	40953641	41153641	harbor1	chr19	41051504	41051799	DNA/hAT-Charlie	932	+	148	41051652	98011
chr19	44197487	44397487	harbor1	chr19	44213909	44214228	DNA/hAT-Charlie	1405	+	160	44214069	16582
chr19	44197487	44397487	harbor1	chr19	44214824	44215139	DNA/hAT-Charlie	1767	+	158	44214982	17495
chr19	44197487	44397487	harbor1	chr19	44228764	44228966	DNA/hAT-Charlie	998	+	101	44228865	31378
chr19	44197487	44397487	harbor1	chr19	44240859	44241044	DNA/hAT-Charlie	772	+	92	44240951	43464
chr19	44197487	44397487	harbor1	chr19	44241603	44241781	DNA/hAT-Charlie	950	+	89	44241692	44205
chr19	44398740	44598740	harbor1	chr19	44462314	44462589	DNA/hAT-Charlie	707	+	138	44462452	63712
chr19	44398740	44598740	harbor1	chr19	44464448	44464589	DNA/hAT-Charlie	645	+	70	44464518	65778
chr19	10944906	11144906	harbor1	chr19	10946991	10947190	DNA/hAT-Charlie	798	+	100	10947091	2185
chr19	41544529	41744529	harbor1	chr19	41595140	41595299	DNA/hAT-Charlie	686	+	80	41595220	50691
chr19	17028593	17228593	harbor1	chr19	17115178	17115384	DNA/hAT-Charlie	979	+	103	17115281	86688
chr19	17028593	17228593	harbor1	chr19	17118002	17118212	DNA/hAT-Charlie	1061	+	105	17118107	89514
chr19	28255490	28455490	harbor1	chr19	28278488	28278752	DNA/hAT-Charlie	1178	+	132	28278620	23130
chr19	28255490	28455490	harbor1	chr19	28355004	28355435	DNA/hAT-Charlie	2681	+	216	28355220	99730
chr19	5861347	6061347	harbor1	chr19	5927399	5927595	DNA/hAT-Charlie	654	+	98	5927497	66150
chr19	2410912	2610912	harbor1	chr19	2416993	2417183	DNA/hAT-Charlie	804	+	95	2417088	6176
chr19	13853161	14053161	harbor1	chr19	13915004	13915256	DNA/hAT-Charlie	679	+	126	13915130	61969
chr19	13853161	14053161	harbor1	chr19	13915548	13915574	DNA/hAT-Charlie	679	+	13	13915561	62400
chr19	13853161	14053161	harbor1	chr19	13915849	13915973	DNA/hAT-Charlie	679	+	62	13915911	62750
chr19	13853161	14053161	harbor1	chr19	13916267	13916283	DNA/hAT-Charlie	679	+	8	13916275	63114
chr19	13853161	14053161	harbor1	chr19	13916585	13916713	DNA/hAT-Charlie	679	+	64	13916649	63488
chr19	5064780	5264780	harbor1	chr19	5155724	5155942	DNA/hAT-Charlie	933	+	109	5155833	91053
chr19	42278497	42478497	harbor1	chr19	42323121	42323324	DNA/hAT-Charlie	800	+	102	42323223	44726
chr19	46326583	46526583	harbor1	chr19	46379744	46379933	DNA/hAT-Charlie	767	+	94	46379838	53255
chr19	46326583	46526583	harbor1	chr19	46399302	46399521	DNA/hAT-Charlie	953	+	110	46399412	72829
chr19	49979549	50179549	harbor1	chr19	50039409	50039612	DNA/hAT-Charlie	699	+	102	50039511	59962
chr19	49979549	50179549	harbor1	chr19	50066666	50066889	DNA/hAT-Charlie	825	+	112	50066778	87229
chr19	40976993	41176993	harbor1	chr19	41051504	41051799	DNA/hAT-Charlie	932	+	148	41051652	74659
chr19	17750488	17950488	harbor1	chr19	17767608	17767847	DNA/hAT-Charlie	921	+	120	17767728	17240
chr19	17750488	17950488	harbor1	chr19	17780493	17780684	DNA/hAT-Charlie	879	+	96	17780589	30101
chr19	3238206	3438206	harbor1	chr19	3259250	3259460	DNA/hAT-Charlie	765	+	105	3259355	21149
chr19	3238206	3438206	harbor1	chr19	3259699	3259907	DNA/hAT-Charlie	880	+	104	3259803	21597
chr19	3238206	3438206	harbor1	chr19	3261891	3262028	DNA/hAT-Charlie	739	+	68	3261959	23753
chr19	3238206	3438206	harbor1	chr19	3262329	3262423	DNA/hAT-Charlie	739	+	47	3262376	24170
chr19	46273520	46473520	harbor1	chr19	46286756	46286790	DNA/hAT-Charlie	1058	+	17	46286773	13253
chr19	46273520	46473520	harbor1	chr19	46287053	46287102	DNA/hAT-Charlie	1058	+	24	46287077	13557
chr19	46273520	46473520	harbor1	chr19	46287395	46287508	DNA/hAT-Charlie	1058	+	56	46287451	13931
chr19	4398546	4598546	harbor1	chr19	4399507	4399687	DNA/hAT-Charlie	730	+	90	4399597	1051
chr19	39593137	39793137	harbor1	chr19	39626677	39626830	DNA/hAT-Charlie	708	+	76	39626753	33616
chr19	50130530	50330530	harbor1	chr19	50156174	50156388	DNA/hAT-Charlie	1387	+	107	50156281	25751
chr19	50130530	50330530	harbor1	chr19	50160219	50160483	DNA/hAT-Charlie	1656	+	132	50160351	29821
chr19	50130530	50330530	harbor1	chr19	50160779	50160853	DNA/hAT-Charlie	1656	+	37	50160816	30286
chr19	50130530	50330530	harbor1	chr19	50198552	50198775	DNA/hAT-Charlie	870	+	112	50198664	68134
chr19	15210499	15410499	harbor1	chr19	15278143	15278252	DNA/hAT-Charlie	1151	+	54	15278197	67698
chr19	15210499	15410499	harbor1	chr19	15278572	15278777	DNA/hAT-Charlie	1151	+	102	15278674	68175
chr19	29868245	30068245	harbor1	chr19	29894381	29894925	DNA/hAT-Charlie	1453	+	272	29894653	26408
chr19	29868245	30068245	harbor1	chr19	29912852	29913085	DNA/hAT-Charlie	725	+	116	29912968	44723
chr19	29868245	30068245	harbor1	chr19	29913570	29914012	DNA/hAT-Charlie	2745	+	221	29913791	45546
chr19	29868245	30068245	harbor1	chr19	29914329	29914505	DNA/hAT-Charlie	2745	+	88	29914417	46172
chr19	56659796	56859796	harbor1	chr19	56682876	56683211	DNA/hAT-Charlie	825	+	168	56683044	23248
chr19	56659796	56859796	harbor1	chr19	56728578	56728869	DNA/hAT-Charlie	744	+	146	56728724	68928
chr19	56659796	56859796	harbor1	chr19	56741506	56741988	DNA/hAT-Charlie	810	+	241	56741747	81951
chr19	56659796	56859796	harbor1	chr19	56751951	56752137	DNA/hAT-Charlie	932	+	93	56752044	92248
chr19	56659796	56859796	harbor1	chr19	56752440	56752456	DNA/hAT-Charlie	932	+	8	56752448	92652
chr19	56659796	56859796	harbor1	chr19	56752765	56753036	DNA/hAT-Charlie	932	+	136	56752901	93105
chr19	2243268	2443268	harbor1	chr19	2325666	2325877	DNA/hAT-Charlie	648	+	106	2325772	82504
chr19	18662068	18862068	harbor1	chr19	18686817	18687011	DNA/hAT-Charlie	815	+	97	18686914	24846
chr19	18662068	18862068	harbor1	chr19	18695446	18695583	DNA/hAT-Charlie	821	+	68	18695514	33446
chr19	18662068	18862068	harbor1	chr19	18695892	18695972	DNA/hAT-Charlie	821	+	40	18695932	33864
chr19	5712177	5912177	harbor1	chr19	5736212	5736417	DNA/hAT-Charlie	951	+	102	5736314	24137
chr19	36253362	36453362	harbor1	chr19	36318969	36319112	DNA/hAT-Charlie	1196	+	72	36319041	65679
chr19	36253362	36453362	harbor1	chr19	36319701	36319813	DNA/hAT-Charlie	1196	+	56	36319757	66395
chr19	36253362	36453362	harbor1	chr19	36320109	36320183	DNA/hAT-Charlie	1196	+	37	36320146	66784
chr19	36253362	36453362	harbor1	chr19	36344558	36344893	DNA/hAT-Charlie	2233	+	168	36344726	91364
chr19	17009202	17209202	harbor1	chr19	17016942	17017473	DNA/hAT-Charlie	3839	+	266	17017208	8006
chr19	41967650	42167650	harbor1	chr19	42012552	42012593	DNA/hAT-Charlie	978	+	20	42012572	44922
chr19	41967650	42167650	harbor1	chr19	42012885	42013069	DNA/hAT-Charlie	978	+	92	42012977	45327
chr19	41967650	42167650	harbor1	chr19	42016880	42017176	DNA/hAT-Charlie	876	+	148	42017028	49378
chr19	41967650	42167650	harbor1	chr19	42017273	42017534	DNA/hAT-Charlie	1065	+	130	42017403	49753
chr19	41967650	42167650	harbor1	chr19	42028754	42028897	DNA/hAT-Charlie	689	+	72	42028826	61176
chr19	30699281	30899281	harbor1	chr19	30709567	30709614	DNA/hAT-Charlie	761	+	24	30709591	10310
chr19	30699281	30899281	harbor1	chr19	30709916	30710064	DNA/hAT-Charlie	761	+	74	30709990	10709
chr19	30699281	30899281	harbor1	chr19	30710061	30710196	DNA/hAT-Charlie	650	+	68	30710129	10848
chr19	29762095	29962095	harbor1	chr19	29765407	29765593	DNA/hAT-Charlie	903	+	93	29765500	3405
chr19	29762095	29962095	harbor1	chr19	29765896	29765953	DNA/hAT-Charlie	903	+	28	29765924	3829
chr19	29762095	29962095	harbor1	chr19	29803725	29803738	DNA/hAT-Charlie	664	+	6	29803731	41636
chr19	29762095	29962095	harbor1	chr19	29804047	29804171	DNA/hAT-Charlie	664	+	62	29804109	42014
chr19	29762095	29962095	harbor1	chr19	29804739	29804938	DNA/hAT-Charlie	664	+	100	29804839	42744
chr19	10619751	10819751	harbor1	chr19	10674964	10675171	DNA/hAT-Charlie	671	+	104	10675068	55317
chr19	10619751	10819751	harbor1	chr19	10690379	10690577	DNA/hAT-Charlie	677	+	99	10690478	70727
chr19	17493701	17693701	harbor1	chr19	17519332	17519394	DNA/hAT-Charlie	859	+	31	17519363	25662
chr19	17493701	17693701	harbor1	chr19	17519700	17519861	DNA/hAT-Charlie	859	+	80	17519780	26079
chr19	17493701	17693701	harbor1	chr19	17569844	17569891	DNA/hAT-Charlie	1345	+	24	17569868	76167
chr19	17493701	17693701	harbor1	chr19	17570193	17570231	DNA/hAT-Charlie	1345	+	19	17570212	76511
chr19	17493701	17693701	harbor1	chr19	17570865	17571121	DNA/hAT-Charlie	1345	+	128	17570993	77292
chr19	35509506	35709506	harbor1	chr19	35566615	35566839	DNA/hAT-Charlie	1620	+	112	35566727	57221
chr19	40969345	41169345	harbor1	chr19	41051504	41051799	DNA/hAT-Charlie	932	+	148	41051652	82307
chr19	2341299	2541299	harbor1	chr19	2416993	2417183	DNA/hAT-Charlie	804	+	95	2417088	75789
chr19	43584962	43784962	harbor1	chr19	43587390	43587624	DNA/hAT-Charlie	1365	+	117	43587507	2545
chr19	43584962	43784962	harbor1	chr19	43587928	43588036	DNA/hAT-Charlie	1365	+	54	43587982	3020
chr19	43584962	43784962	harbor1	chr19	43601118	43601332	DNA/hAT-Charlie	1102	+	107	43601225	16263
chr19	43584962	43784962	harbor1	chr19	43649773	43650008	DNA/hAT-Charlie	1666	+	118	43649891	64929
chr19	43584962	43784962	harbor1	chr19	43650625	43650752	DNA/hAT-Charlie	1666	+	64	43650689	65727
chr19	43584962	43784962	harbor1	chr19	43651050	43651074	DNA/hAT-Charlie	1666	+	12	43651062	66100
chr19	43584962	43784962	harbor1	chr19	43651375	43651437	DNA/hAT-Charlie	1666	+	31	43651406	66444
chr19	43584962	43784962	harbor1	chr19	43651736	43651791	DNA/hAT-Charlie	1666	+	28	43651764	66802
chr19	56430803	56630803	harbor1	chr19	56432610	56432774	DNA/hAT-Charlie	827	+	82	56432692	1889
chr19	56430803	56630803	harbor1	chr19	56443906	56444135	DNA/hAT-Charlie	916	+	114	56444020	13217
chr19	56430803	56630803	harbor1	chr19	56463934	56464242	DNA/hAT-Charlie	1164	+	154	56464088	33285
chr19	56430803	56630803	harbor1	chr19	56464519	56464620	DNA/hAT-Charlie	749	+	50	56464569	33766
chr19	56430803	56630803	harbor1	chr19	56473533	56473745	DNA/hAT-Charlie	1130	+	106	56473639	42836
chr19	56430803	56630803	harbor1	chr19	56502907	56503223	DNA/hAT-Charlie	1960	+	158	56503065	72262
chr19	56430803	56630803	harbor1	chr19	56475458	56475686	DNA/hAT-Charlie	960	+	114	56475572	44769
chr19	53921967	54121967	harbor1	chr19	53947902	53948344	DNA/hAT-Charlie	1312	+	221	53948123	26156
chr19	53921967	54121967	harbor1	chr19	53948624	53948670	DNA/hAT-Charlie	1312	+	23	53948647	26680
chr19	53921967	54121967	harbor1	chr19	53956414	53956643	DNA/hAT-Charlie	1148	+	114	53956528	34561
chr19	39184071	39384071	harbor1	chr19	39210989	39211158	DNA/hAT-Charlie	770	+	84	39211073	27002
chr19	39184071	39384071	harbor1	chr19	39242084	39242447	DNA/hAT-Charlie	1173	+	182	39242266	58195
chr19	39184071	39384071	harbor1	chr19	39271413	39271643	DNA/hAT-Charlie	854	+	115	39271528	87457
chr19	56704905	56904905	harbor1	chr19	56728578	56728869	DNA/hAT-Charlie	744	+	146	56728724	23819
chr19	56704905	56904905	harbor1	chr19	56741506	56741988	DNA/hAT-Charlie	810	+	241	56741747	36842
chr19	56704905	56904905	harbor1	chr19	56751951	56752137	DNA/hAT-Charlie	932	+	93	56752044	47139
chr19	56704905	56904905	harbor1	chr19	56752440	56752456	DNA/hAT-Charlie	932	+	8	56752448	47543
chr19	56704905	56904905	harbor1	chr19	56752765	56753036	DNA/hAT-Charlie	932	+	136	56752901	47996
chr19	56704905	56904905	harbor1	chr19	56767777	56767968	DNA/hAT-Charlie	748	+	96	56767873	62968
chr19	56704905	56904905	harbor1	chr19	56777548	56777751	DNA/hAT-Charlie	1158	+	102	56777650	72745
chr19	56704905	56904905	harbor1	chr19	56779586	56779793	DNA/hAT-Charlie	733	+	104	56779690	74785
chr19	56704905	56904905	harbor1	chr19	56784964	56785296	DNA/hAT-Charlie	728	+	166	56785130	80225
chr19	30702719	30902719	harbor1	chr19	30709567	30709614	DNA/hAT-Charlie	761	+	24	30709591	6872
chr19	30702719	30902719	harbor1	chr19	30709916	30710064	DNA/hAT-Charlie	761	+	74	30709990	7271
chr19	30702719	30902719	harbor1	chr19	30710061	30710196	DNA/hAT-Charlie	650	+	68	30710129	7410
chr19	707535	907535	harbor1	chr19	707462	707683	DNA/hAT-Charlie	1285	+	110	707572	37
chr19	43776277	43976277	harbor1	chr19	43806062	43806380	DNA/hAT-Charlie	3576	+	159	43806221	29944
chr19	43776277	43976277	harbor1	chr19	43806692	43806902	DNA/hAT-Charlie	3576	+	105	43806797	30520
chr19	43776277	43976277	harbor1	chr19	43842602	43843060	DNA/hAT-Charlie	5739	+	229	43842831	66554
chr19	43776277	43976277	harbor1	chr19	43857537	43857967	DNA/hAT-Charlie	3024	+	215	43857752	81475
chr19	43776277	43976277	harbor1	chr19	43868250	43869280	DNA/hAT-Charlie	4488	+	515	43868765	92488
chr19	43776277	43976277	harbor1	chr19	43869296	43869356	DNA/hAT-Charlie	1740	+	30	43869326	93049
chr19	43776277	43976277	harbor1	chr19	43869662	43870013	DNA/hAT-Charlie	1740	+	176	43869838	93561
chr19	43776277	43976277	harbor1	chr19	43843340	43844271	DNA/hAT-Charlie	5739	+	466	43843806	67529
chr19	43032942	43232942	harbor1	chr19	43130995	43131163	DNA/hAT-Charlie	668	+	84	43131079	98137
chr19	7025051	7225051	harbor1	chr19	7069950	7070173	DNA/hAT-Charlie	912	+	112	7070062	45011
chr19	11472338	11672338	harbor1	chr19	11536891	11537048	DNA/hAT-Charlie	650	+	78	11536969	64631
chr19	37737411	37937411	harbor1	chr19	37759863	37760109	DNA/hAT-Charlie	648	+	123	37759986	22575
chr19	37737411	37937411	harbor1	chr19	37834040	37834236	DNA/hAT-Charlie	1008	+	98	37834138	96727
chr19	55409140	55609140	harbor1	chr19	55494073	55494280	DNA/hAT-Charlie	899	+	104	55494177	85037
chr19	50038465	50238465	harbor1	chr19	50039409	50039612	DNA/hAT-Charlie	699	+	102	50039511	1046
chr19	50038465	50238465	harbor1	chr19	50066666	50066889	DNA/hAT-Charlie	825	+	112	50066778	28313
chr20	61370575	61570575	harbor1	chr20	61389648	61389823	DNA/hAT-Charlie	704	+	88	61389736	19161
chr20	61370575	61570575	harbor1	chr20	61396028	61396208	DNA/hAT-Charlie	616	+	90	61396118	25543
chr20	61370575	61570575	harbor1	chr20	61421815	61422145	DNA/hAT-Charlie	578	+	165	61421980	51405
chr20	61370575	61570575	harbor1	chr20	61456366	61456594	DNA/hAT-Charlie	650	+	114	61456480	85905
chr20	17757330	17957330	harbor1	chr20	17778319	17778515	DNA/hAT-Charlie	723	+	98	17778417	21087
chr20	17757330	17957330	harbor1	chr20	17795323	17795501	DNA/hAT-Charlie	492	+	89	17795412	38082
chr20	17757330	17957330	harbor1	chr20	17801805	17801979	DNA/hAT-Charlie	504	+	87	17801892	44562
chr20	17757330	17957330	harbor1	chr20	17827396	17827542	DNA/hAT-Charlie	600	+	73	17827469	70139
chr20	44779652	44979652	harbor1	chr20	44785768	44785890	DNA/hAT-Charlie	501	+	61	44785829	6177
chr20	44779652	44979652	harbor1	chr20	44797175	44797396	DNA/hAT-Charlie	1194	+	110	44797285	17633
chr20	44779652	44979652	harbor1	chr20	44801936	44802115	DNA/hAT-Charlie	768	+	90	44802026	22374
chr20	44779652	44979652	harbor1	chr20	44862562	44862870	DNA/hAT-Charlie	548	+	154	44862716	83064
chr20	44779652	44979652	harbor1	chr20	44870636	44870838	DNA/hAT-Charlie	747	+	101	44870737	91085
chr20	30361425	30561425	harbor1	chr20	30369957	30370085	DNA/hAT-Charlie	433	+	64	30370021	8596
chr20	6845781	7045781	harbor1	chr20	6850280	6850385	DNA/hAT-Charlie	516	+	52	6850332	4551
chr20	6845781	7045781	harbor1	chr20	6865394	6865582	DNA/hAT-Charlie	898	+	94	6865488	19707
chr20	6845781	7045781	harbor1	chr20	6900966	6901112	DNA/hAT-Charlie	655	+	73	6901039	55258
chr20	6845781	7045781	harbor1	chr20	6905069	6905259	DNA/hAT-Charlie	829	+	95	6905164	59383
chr20	6845781	7045781	harbor1	chr20	6913038	6913116	DNA/hAT-Charlie	427	+	39	6913077	67296
chr20	6845781	7045781	harbor1	chr20	6917299	6917574	DNA/hAT-Charlie	811	+	138	6917437	71656
chr20	6845781	7045781	harbor1	chr20	6917797	6917949	DNA/hAT-Charlie	811	+	76	6917873	72092
chr20	6845781	7045781	harbor1	chr20	6944218	6944376	DNA/hAT-Charlie	689	+	79	6944297	98516
chr20	20691771	20891771	harbor1	chr20	20707966	20708288	DNA/hAT-Charlie	1499	+	161	20708127	16356
chr20	20691771	20891771	harbor1	chr20	20782715	20783185	DNA/hAT-Charlie	577	+	235	20782950	91179
chr20	41219839	41419839	harbor1	chr20	41230120	41230276	DNA/hAT-Charlie	517	+	78	41230198	10359
chr20	41219839	41419839	harbor1	chr20	41230458	41230715	DNA/hAT-Charlie	1375	+	128	41230586	10747
chr20	41219839	41419839	harbor1	chr20	41231190	41231280	DNA/hAT-Charlie	1375	+	45	41231235	11396
chr20	41219839	41419839	harbor1	chr20	41265562	41265719	DNA/hAT-Charlie	611	+	78	41265640	45801
chr20	41219839	41419839	harbor1	chr20	41280251	41280405	DNA/hAT-Charlie	557	+	77	41280328	60489
chr20	41219839	41419839	harbor1	chr20	41293156	41293321	DNA/hAT-Charlie	761	+	82	41293238	73399
chr20	18831823	19031823	harbor1	chr20	18845158	18845327	DNA/hAT-Charlie	717	+	84	18845242	13419
chr20	18831823	19031823	harbor1	chr20	18889651	18889740	DNA/hAT-Charlie	900	+	44	18889695	57872
chr20	18831823	19031823	harbor1	chr20	18889939	18890053	DNA/hAT-Charlie	900	+	57	18889996	58173
chr20	18831823	19031823	harbor1	chr20	18927835	18927974	DNA/hAT-Charlie	437	+	70	18927905	96082
chr20	11155507	11355507	harbor1	chr20	11192056	11192372	DNA/hAT-Charlie	1351	+	158	11192214	36707
chr20	11155507	11355507	harbor1	chr20	11208773	11208944	DNA/hAT-Charlie	698	+	86	11208859	53352
chr20	11155507	11355507	harbor1	chr20	11213227	11213387	DNA/hAT-Charlie	899	+	80	11213307	57800
chr20	23158929	23358929	harbor1	chr20	23205170	23205332	DNA/hAT-Charlie	585	+	81	23205251	46322
chr20	23158929	23358929	harbor1	chr20	23206692	23206876	DNA/hAT-Charlie	481	+	92	23206784	47855
chr20	23158929	23358929	harbor1	chr20	23216480	23216641	DNA/hAT-Charlie	529	+	80	23216560	57631
chr20	23158929	23358929	harbor1	chr20	23229114	23229998	DNA/hAT-Charlie	1756	+	442	23229556	70627
chr20	13106023	13306023	harbor1	chr20	13111327	13111532	DNA/hAT-Charlie	801	+	102	13111429	5406
chr20	13106023	13306023	harbor1	chr20	13116732	13116906	DNA/hAT-Charlie	846	+	87	13116819	10796
chr20	13106023	13306023	harbor1	chr20	13134520	13134661	DNA/hAT-Charlie	522	+	70	13134590	28567
chr20	13106023	13306023	harbor1	chr20	13196578	13196784	DNA/hAT-Charlie	686	+	103	13196681	90658
chr20	58260032	58460032	harbor1	chr20	58293793	58294013	DNA/hAT-Charlie	508	+	110	58293903	33871
chr20	58260032	58460032	harbor1	chr20	58303696	58303897	DNA/hAT-Charlie	870	+	100	58303796	43764
chr20	58260032	58460032	harbor1	chr20	58313755	58313962	DNA/hAT-Charlie	876	+	104	58313859	53827
chr20	58260032	58460032	harbor1	chr20	58348616	58348697	DNA/hAT-Charlie	1030	+	40	58348656	88624
chr20	58260032	58460032	harbor1	chr20	58348908	58349027	DNA/hAT-Charlie	1030	+	60	58348968	88936
chr20	24689611	24889611	harbor1	chr20	24692222	24692394	DNA/hAT-Charlie	487	+	86	24692308	2697
chr20	24689611	24889611	harbor1	chr20	24743449	24743598	DNA/hAT-Charlie	558	+	74	24743523	53912
chr20	24689611	24889611	harbor1	chr20	24745189	24745343	DNA/hAT-Charlie	429	+	77	24745266	55655
chr20	24689611	24889611	harbor1	chr20	24753575	24753724	DNA/hAT-Charlie	724	+	74	24753649	64038
chr20	42199979	42399979	harbor1	chr20	42213070	42213239	DNA/hAT-Charlie	839	+	84	42213154	13175
chr20	42199979	42399979	harbor1	chr20	42231653	42231871	DNA/hAT-Charlie	896	+	109	42231762	31783
chr20	42199979	42399979	harbor1	chr20	42266818	42267036	DNA/hAT-Charlie	516	+	109	42266927	66948
chr20	42199979	42399979	harbor1	chr20	42267412	42267532	DNA/hAT-Charlie	536	+	60	42267472	67493
chr20	42199979	42399979	harbor1	chr20	42267545	42267767	DNA/hAT-Charlie	956	+	111	42267656	67677
chr20	42199979	42399979	harbor1	chr20	42272036	42272383	DNA/hAT-Charlie	1803	+	174	42272210	72231
chr20	42199979	42399979	harbor1	chr20	42254279	42254438	DNA/hAT-Charlie	689	+	80	42254359	54380
chr20	59455789	59655789	harbor1	chr20	59495777	59495981	DNA/hAT-Charlie	717	+	102	59495879	40090
chr20	2699012	2899012	harbor1	chr20	2728744	2729208	DNA/hAT-Charlie	1275	+	232	2728976	29964
chr20	2699012	2899012	harbor1	chr20	2735936	2736123	DNA/hAT-Charlie	757	+	94	2736030	37018
chr20	34758637	34958637	harbor1	chr20	34765588	34765799	DNA/hAT-Charlie	1245	+	106	34765694	7057
chr20	34758637	34958637	harbor1	chr20	34773039	34773256	DNA/hAT-Charlie	1064	+	108	34773147	14510
chr20	34758637	34958637	harbor1	chr20	34808412	34808436	DNA/hAT-Charlie	594	+	12	34808424	49787
chr20	34758637	34958637	harbor1	chr20	34808738	34808905	DNA/hAT-Charlie	594	+	84	34808822	50185
chr20	34758637	34958637	harbor1	chr20	34822763	34823191	DNA/hAT-Charlie	1732	+	214	34822977	64340
chr20	34758637	34958637	harbor1	chr20	34843378	34843549	DNA/hAT-Charlie	870	+	86	34843464	84827
chr20	34758637	34958637	harbor1	chr20	34847512	34847809	DNA/hAT-Charlie	1180	+	148	34847660	89023
chr20	34758637	34958637	harbor1	chr20	34848108	34848229	DNA/hAT-Charlie	1180	+	60	34848168	89531
chr20	55891299	56091299	harbor1	chr20	55920858	55921069	DNA/hAT-Charlie	872	+	106	55920964	29665
chr20	55891299	56091299	harbor1	chr20	55949224	55949364	DNA/hAT-Charlie	646	+	70	55949294	57995
chr20	55891299	56091299	harbor1	chr20	55964829	55965067	DNA/hAT-Charlie	481	+	119	55964948	73649
chr20	52563354	52763354	harbor1	chr20	52585462	52585615	DNA/hAT-Charlie	677	+	76	52585538	22184
chr20	52563354	52763354	harbor1	chr20	52586788	52587051	DNA/hAT-Charlie	594	+	132	52586920	23566
chr20	52563354	52763354	harbor1	chr20	52595171	52595344	DNA/hAT-Charlie	830	+	86	52595257	31903
chr20	52563354	52763354	harbor1	chr20	52597377	52597588	DNA/hAT-Charlie	927	+	106	52597483	34129
chr20	52563354	52763354	harbor1	chr20	52603572	52603763	DNA/hAT-Charlie	725	+	96	52603668	40314
chr20	52563354	52763354	harbor1	chr20	52658700	52658906	DNA/hAT-Charlie	1247	+	103	52658803	95449
chr20	22657682	22857682	harbor1	chr20	22682996	22683220	DNA/hAT-Charlie	1365	+	112	22683108	25426
chr20	22657682	22857682	harbor1	chr20	22684423	22684625	DNA/hAT-Charlie	864	+	101	22684524	26842
chr20	22657682	22857682	harbor1	chr20	22688407	22688577	DNA/hAT-Charlie	435	+	85	22688492	30810
chr20	22657682	22857682	harbor1	chr20	22695367	22695577	DNA/hAT-Charlie	754	+	105	22695472	37790
chr20	35958756	36158756	harbor1	chr20	35991813	35991870	DNA/hAT-Charlie	914	+	28	35991841	33085
chr20	35958756	36158756	harbor1	chr20	35992180	35992321	DNA/hAT-Charlie	914	+	70	35992250	33494
chr20	35958756	36158756	harbor1	chr20	36027444	36027672	DNA/hAT-Charlie	712	+	114	36027558	68802
chr20	20127999	20327999	harbor1	chr20	20171379	20171857	DNA/hAT-Charlie	1647	+	239	20171618	43619
chr20	20127999	20327999	harbor1	chr20	20175309	20175464	DNA/hAT-Charlie	615	+	78	20175387	47388
chr20	20127999	20327999	harbor1	chr20	20189343	20189634	DNA/hAT-Charlie	552	+	146	20189489	61490
chr20	20127999	20327999	harbor1	chr20	20190756	20190834	DNA/hAT-Charlie	502	+	39	20190795	62796
chr20	58030911	58230911	harbor1	chr20	58057380	58057575	DNA/hAT-Charlie	921	+	98	58057478	26567
chr20	58030911	58230911	harbor1	chr20	58065572	58065720	DNA/hAT-Charlie	554	+	74	58065646	34735
chr20	58030911	58230911	harbor1	chr20	58079366	58079525	DNA/hAT-Charlie	9725	+	80	58079446	48535
chr20	58030911	58230911	harbor1	chr20	58080337	58081009	DNA/hAT-Charlie	9725	+	336	58080673	49762
chr20	58030911	58230911	harbor1	chr20	58081493	58083108	DNA/hAT-Charlie	9725	+	808	58082301	51390
chr20	58030911	58230911	harbor1	chr20	58114873	58114981	DNA/hAT-Charlie	904	+	54	58114927	84016
chr20	58030911	58230911	harbor1	chr20	58115286	58115501	DNA/hAT-Charlie	904	+	108	58115394	84483
chr20	51830911	52030911	harbor1	chr20	51845181	51845229	DNA/hAT-Charlie	534	+	24	51845205	14294
chr20	51830911	52030911	harbor1	chr20	51845532	51845623	DNA/hAT-Charlie	534	+	46	51845578	14667
chr20	51830911	52030911	harbor1	chr20	51865328	51865500	DNA/hAT-Charlie	807	+	86	51865414	34503
chr20	51830911	52030911	harbor1	chr20	51874238	51874461	DNA/hAT-Charlie	1057	+	112	51874350	43439
chr20	51830911	52030911	harbor1	chr20	51887040	51887247	DNA/hAT-Charlie	1195	+	104	51887144	56233
chr20	51830911	52030911	harbor1	chr20	51887589	51887648	DNA/hAT-Charlie	1085	+	30	51887619	56708
chr20	51830911	52030911	harbor1	chr20	51889807	51889918	DNA/hAT-Charlie	494	+	56	51889863	58952
chr20	51830911	52030911	harbor1	chr20	51897496	51897646	DNA/hAT-Charlie	736	+	75	51897571	66660
chr20	51830911	52030911	harbor1	chr20	51904621	51904766	DNA/hAT-Charlie	563	+	72	51904693	73782
chr20	51830911	52030911	harbor1	chr20	51906090	51906244	DNA/hAT-Charlie	441	+	77	51906167	75256
chr20	51830911	52030911	harbor1	chr20	51907411	51907678	DNA/hAT-Charlie	607	+	134	51907545	76634
chr20	51830911	52030911	harbor1	chr20	51919643	51919837	DNA/hAT-Charlie	794	+	97	51919740	88829
chr20	51830911	52030911	harbor1	chr20	51887965	51888178	DNA/hAT-Charlie	1085	+	106	51888071	57160
chr20	33531992	33731992	harbor1	chr20	33535188	33535469	DNA/hAT-Charlie	630	+	140	33535328	3336
chr20	33531992	33731992	harbor1	chr20	33597415	33597687	DNA/hAT-Charlie	1663	+	136	33597551	65559
chr20	33531992	33731992	harbor1	chr20	33598950	33598978	DNA/hAT-Charlie	485	+	14	33598964	66972
chr20	33531992	33731992	harbor1	chr20	33599275	33599367	DNA/hAT-Charlie	485	+	46	33599321	67329
chr20	33531992	33731992	harbor1	chr20	33612399	33612789	DNA/hAT-Charlie	515	+	195	33612594	80602
chr20	33531992	33731992	harbor1	chr20	33621182	33621287	DNA/hAT-Charlie	472	+	52	33621234	89242
chr20	33531992	33731992	harbor1	chr20	33621600	33621646	DNA/hAT-Charlie	472	+	23	33621623	89631
chr20	23018105	23218105	harbor1	chr20	23030837	23031021	DNA/hAT-Charlie	588	+	92	23030929	12824
chr20	23018105	23218105	harbor1	chr20	23033109	23033244	DNA/hAT-Charlie	420	+	68	23033177	15072
chr20	23018105	23218105	harbor1	chr20	23062410	23062531	DNA/hAT-Charlie	624	+	60	23062470	44365
chr20	23018105	23218105	harbor1	chr20	23062733	23062872	DNA/hAT-Charlie	744	+	70	23062803	44698
chr20	23018105	23218105	harbor1	chr20	23075270	23075427	DNA/hAT-Charlie	535	+	78	23075348	57243
chr20	23018105	23218105	harbor1	chr20	23095474	23095683	DNA/hAT-Charlie	443	+	104	23095578	77473
chr20	23018105	23218105	harbor1	chr20	23095846	23096063	DNA/hAT-Charlie	1503	+	108	23095954	77849
chr20	44269064	44469064	harbor1	chr20	44313514	44313763	DNA/hAT-Charlie	800	+	124	44313638	44574
chr20	10417114	10617114	harbor1	chr20	10429788	10429972	DNA/hAT-Charlie	941	+	92	10429880	12766
chr20	10417114	10617114	harbor1	chr20	10436180	10436323	DNA/hAT-Charlie	429	+	72	10436252	19138
chr20	10417114	10617114	harbor1	chr20	10451492	10451686	DNA/hAT-Charlie	1121	+	97	10451589	34475
chr20	10417114	10617114	harbor1	chr20	10451990	10452094	DNA/hAT-Charlie	1121	+	52	10452042	34928
chr20	10417114	10617114	harbor1	chr20	10465270	10465445	DNA/hAT-Charlie	783	+	88	10465358	48244
chr20	2881387	3081387	harbor1	chr20	2881324	2881518	DNA/hAT-Charlie	1157	+	97	2881421	34
chr20	2881387	3081387	harbor1	chr20	2882081	2882279	DNA/hAT-Charlie	1150	+	99	2882180	793
chr20	2881387	3081387	harbor1	chr20	2882589	2882788	DNA/hAT-Charlie	1150	+	100	2882689	1302
chr20	2881387	3081387	harbor1	chr20	2886514	2886562	DNA/hAT-Charlie	509	+	24	2886538	5151
chr20	2881387	3081387	harbor1	chr20	2886887	2887361	DNA/hAT-Charlie	509	+	237	2887124	5737
chr20	2881387	3081387	harbor1	chr20	2904948	2905282	DNA/hAT-Charlie	1922	+	167	2905115	23728
chr20	2881387	3081387	harbor1	chr20	2919804	2920109	DNA/hAT-Charlie	1299	+	152	2919956	38569
chr20	2881387	3081387	harbor1	chr20	2940706	2940836	DNA/hAT-Charlie	625	+	65	2940771	59384
chr20	41546184	41746184	harbor1	chr20	41631892	41632049	DNA/hAT-Charlie	666	+	78	41631970	85786
chr20	41546184	41746184	harbor1	chr20	41634760	41634863	DNA/hAT-Charlie	669	+	52	41634812	88628
chr20	41546184	41746184	harbor1	chr20	41635165	41635275	DNA/hAT-Charlie	669	+	55	41635220	89036
chr20	28637453	28837453	harbor1	chr20	28641462	28641673	DNA/hAT-Charlie	1368	+	106	28641568	4115
chr20	28637453	28837453	harbor1	chr20	28642522	28642663	DNA/hAT-Charlie	672	+	70	28642592	5139
chr20	36561286	36761286	harbor1	chr20	36628420	36628537	DNA/hAT-Charlie	532	+	58	36628478	67192
chr20	36561286	36761286	harbor1	chr20	36640394	36640505	DNA/hAT-Charlie	643	+	56	36640450	79164
chr20	36561286	36761286	harbor1	chr20	36640813	36640881	DNA/hAT-Charlie	643	+	34	36640847	79561
chr20	36561286	36761286	harbor1	chr20	36646727	36646886	DNA/hAT-Charlie	870	+	80	36646807	85521
chr20	36561286	36761286	harbor1	chr20	36647186	36647213	DNA/hAT-Charlie	870	+	14	36647200	85914
chr20	9402040	9602040	harbor1	chr20	9407119	9407287	DNA/hAT-Charlie	695	+	84	9407203	5163
chr20	9402040	9602040	harbor1	chr20	9419184	9419543	DNA/hAT-Charlie	1014	+	180	9419364	17324
chr20	9402040	9602040	harbor1	chr20	9448507	9448733	DNA/hAT-Charlie	1283	+	113	9448620	46580
chr20	9402040	9602040	harbor1	chr20	9472214	9472371	DNA/hAT-Charlie	589	+	78	9472292	70252
chr20	9402040	9602040	harbor1	chr20	9487361	9487781	DNA/hAT-Charlie	1336	+	210	9487571	85531
chr20	9402040	9602040	harbor1	chr20	9492138	9492466	DNA/hAT-Charlie	1288	+	164	9492302	90262
chr20	9402040	9602040	harbor1	chr20	9500391	9500577	DNA/hAT-Charlie	984	+	93	9500484	98444
chr20	6569772	6769772	harbor1	chr20	6576927	6577098	DNA/hAT-Charlie	793	+	86	6577013	7241
chr20	6569772	6769772	harbor1	chr20	6598077	6598337	DNA/hAT-Charlie	768	+	130	6598207	28435
chr20	6569772	6769772	harbor1	chr20	6614397	6614583	DNA/hAT-Charlie	752	+	93	6614490	44718
chr20	6569772	6769772	harbor1	chr20	6614857	6614995	DNA/hAT-Charlie	565	+	69	6614926	45154
chr20	6569772	6769772	harbor1	chr20	6619803	6620026	DNA/hAT-Charlie	1026	+	112	6619915	50143
chr20	6569772	6769772	harbor1	chr20	6665036	6665194	DNA/hAT-Charlie	643	+	79	6665115	95343
chr20	6569772	6769772	harbor1	chr20	6667056	6667283	DNA/hAT-Charlie	1262	+	114	6667170	97398
chr20	19356745	19556745	harbor1	chr20	19365213	19365377	DNA/hAT-Charlie	781	+	82	19365295	8550
chr20	19356745	19556745	harbor1	chr20	19366985	19367197	DNA/hAT-Charlie	890	+	106	19367091	10346
chr20	19356745	19556745	harbor1	chr20	19377848	19378061	DNA/hAT-Charlie	785	+	106	19377954	21209
chr20	19356745	19556745	harbor1	chr20	19391480	19391660	DNA/hAT-Charlie	734	+	90	19391570	34825
chr20	19356745	19556745	harbor1	chr20	19402837	19403046	DNA/hAT-Charlie	855	+	104	19402941	46196
chr20	31506248	31706248	harbor1	chr20	31519536	31519691	DNA/hAT-Charlie	787	+	78	31519614	13366
chr20	31506248	31706248	harbor1	chr20	31561170	31561353	DNA/hAT-Charlie	622	+	92	31561262	55014
chr20	430657	630657	harbor1	chr20	432036	432251	DNA/hAT-Charlie	480	+	108	432144	1487
chr20	430657	630657	harbor1	chr20	465109	465386	DNA/hAT-Charlie	1381	+	138	465247	34590
chr20	430657	630657	harbor1	chr20	484396	484527	DNA/hAT-Charlie	794	+	66	484462	53805
chr20	430657	630657	harbor1	chr20	496202	496414	DNA/hAT-Charlie	1183	+	106	496308	65651
chr20	430657	630657	harbor1	chr20	503463	503895	DNA/hAT-Charlie	2181	+	216	503679	73022
chr20	430657	630657	harbor1	chr20	504207	504336	DNA/hAT-Charlie	2181	+	64	504271	73614
chr20	430657	630657	harbor1	chr20	504433	504763	DNA/hAT-Charlie	862	+	165	504598	73941
chr20	430657	630657	harbor1	chr20	521958	522149	DNA/hAT-Charlie	1248	+	96	522054	91397
chr20	39446282	39646282	harbor1	chr20	39456658	39456851	DNA/hAT-Charlie	515	+	96	39456754	10472
chr20	39446282	39646282	harbor1	chr20	39456849	39456985	DNA/hAT-Charlie	467	+	68	39456917	10635
chr20	39446282	39646282	harbor1	chr20	39461258	39461444	DNA/hAT-Charlie	979	+	93	39461351	15069
chr20	39446282	39646282	harbor1	chr20	39468677	39468848	DNA/hAT-Charlie	696	+	86	39468763	22481
chr20	19048291	19248291	harbor1	chr20	19053785	19053924	DNA/hAT-Charlie	655	+	70	19053855	5564
chr20	19048291	19248291	harbor1	chr20	19054269	19054321	DNA/hAT-Charlie	655	+	26	19054295	6004
chr20	19048291	19248291	harbor1	chr20	19066380	19066693	DNA/hAT-Charlie	1744	+	156	19066536	18245
chr20	19048291	19248291	harbor1	chr20	19082020	19084666	DNA/hAT-Charlie	19745	+	1323	19083343	35052
chr20	19048291	19248291	harbor1	chr20	19100552	19100727	DNA/hAT-Charlie	885	+	88	19100640	52349
chr20	42133499	42333499	harbor1	chr20	42135368	42135525	DNA/hAT-Charlie	1028	+	78	42135446	1947
chr20	42133499	42333499	harbor1	chr20	42146461	42146605	DNA/hAT-Charlie	759	+	72	42146533	13034
chr20	42133499	42333499	harbor1	chr20	42165563	42165767	DNA/hAT-Charlie	1140	+	102	42165665	32166
chr20	42133499	42333499	harbor1	chr20	42166264	42166468	DNA/hAT-Charlie	1082	+	102	42166366	32867
chr20	42133499	42333499	harbor1	chr20	42213070	42213239	DNA/hAT-Charlie	839	+	84	42213154	79655
chr20	42133499	42333499	harbor1	chr20	42231653	42231871	DNA/hAT-Charlie	896	+	109	42231762	98263
chr20	34050356	34250356	harbor1	chr20	34083551	34083727	DNA/hAT-Charlie	427	+	88	34083639	33283
chr20	59417815	59617815	harbor1	chr20	59421240	59421431	DNA/hAT-Charlie	970	+	96	59421336	3521
chr20	59417815	59617815	harbor1	chr20	59434648	59434832	DNA/hAT-Charlie	1070	+	92	59434740	16925
chr20	59417815	59617815	harbor1	chr20	59435933	59436126	DNA/hAT-Charlie	744	+	96	59436029	18214
chr20	59417815	59617815	harbor1	chr20	59495777	59495981	DNA/hAT-Charlie	717	+	102	59495879	78064
chr20	14234603	14434603	harbor1	chr20	14292255	14292474	DNA/hAT-Charlie	941	+	110	14292365	57762
chr20	14234603	14434603	harbor1	chr20	14304955	14305130	DNA/hAT-Charlie	740	+	88	14305043	70440
chr20	14234603	14434603	harbor1	chr20	14316458	14316684	DNA/hAT-Charlie	1627	+	113	14316571	81968
chr20	38757782	38957782	harbor1	chr20	38791360	38791532	DNA/hAT-Charlie	842	+	86	38791446	33664
chr20	38757782	38957782	harbor1	chr20	38811650	38811876	DNA/hAT-Charlie	1208	+	113	38811763	53981
chr20	38757782	38957782	harbor1	chr20	38819657	38819792	DNA/hAT-Charlie	626	+	68	38819725	61943
chr20	38757782	38957782	harbor1	chr20	38835466	38835655	DNA/hAT-Charlie	1014	+	94	38835560	77778
chr20	38757782	38957782	harbor1	chr20	38847965	38848184	DNA/hAT-Charlie	1275	+	110	38848075	90293
chr20	23678846	23878846	harbor1	chr20	23700191	23700329	DNA/hAT-Charlie	627	+	69	23700260	21414
chr20	23678846	23878846	harbor1	chr20	23720450	23720654	DNA/hAT-Charlie	913	+	102	23720552	41706
chr20	23678846	23878846	harbor1	chr20	23762354	23762491	DNA/hAT-Charlie	668	+	68	23762422	83576
chr20	1999665	2199665	harbor1	chr20	2038926	2039046	DNA/hAT-Charlie	644	+	60	2038986	39321
chr20	1999665	2199665	harbor1	chr20	2043021	2043205	DNA/hAT-Charlie	937	+	92	2043113	43448
chr20	1999665	2199665	harbor1	chr20	2064720	2065072	DNA/hAT-Charlie	2108	+	176	2064896	65231
chr20	1999665	2199665	harbor1	chr20	2082012	2082155	DNA/hAT-Charlie	888	+	72	2082084	82419
chr20	1999665	2199665	harbor1	chr20	2094014	2094207	DNA/hAT-Charlie	795	+	96	2094110	94445
chr20	47287166	47487166	harbor1	chr20	47310398	47310515	DNA/hAT-Charlie	704	+	58	47310456	23290
chr20	47287166	47487166	harbor1	chr20	47310808	47311158	DNA/hAT-Charlie	704	+	175	47310983	23817
chr20	47287166	47487166	harbor1	chr20	47314524	47314641	DNA/hAT-Charlie	658	+	58	47314582	27416
chr20	47287166	47487166	harbor1	chr20	47321326	47321513	DNA/hAT-Charlie	1159	+	94	47321420	34254
chr20	47287166	47487166	harbor1	chr20	47329251	47329409	DNA/hAT-Charlie	776	+	79	47329330	42164
chr20	47287166	47487166	harbor1	chr20	47329703	47329762	DNA/hAT-Charlie	776	+	30	47329733	42567
chr20	47287166	47487166	harbor1	chr20	47360183	47360391	DNA/hAT-Charlie	1023	+	104	47360287	73121
chr20	47287166	47487166	harbor1	chr20	47361355	47361557	DNA/hAT-Charlie	760	+	101	47361456	74290
chr20	47287166	47487166	harbor1	chr20	47378280	47378433	DNA/hAT-Charlie	824	+	76	47378356	91190
chr20	47287166	47487166	harbor1	chr20	47378743	47378789	DNA/hAT-Charlie	824	+	23	47378766	91600
chr20	17346552	17546552	harbor1	chr20	17385004	17385215	DNA/hAT-Charlie	982	+	106	17385110	38558
chr20	17346552	17546552	harbor1	chr20	17398689	17398893	DNA/hAT-Charlie	662	+	102	17398791	52239
chr21	34625073	34825073	harbor1	chr21	34677827	34678147	DNA/hAT-Charlie	1596	+	160	34677987	52914
chr21	16973945	17173945	harbor1	chr21	16979775	16979913	DNA/hAT-Charlie	494	+	69	16979844	5899
chr21	16973945	17173945	harbor1	chr21	16999675	16999876	DNA/hAT-Charlie	748	+	100	16999775	25830
chr21	16973945	17173945	harbor1	chr21	17000938	17001114	DNA/hAT-Charlie	513	+	88	17001026	27081
chr21	15635602	15835602	harbor1	chr21	15684604	15684766	DNA/hAT-Charlie	758	+	81	15684685	49083
chr21	15635602	15835602	harbor1	chr21	15689918	15690105	DNA/hAT-Charlie	820	+	94	15690012	54410
chr21	30498359	30698359	harbor1	chr21	30519468	30519686	DNA/hAT-Charlie	873	+	109	30519577	21218
chr21	14491627	14691627	harbor1	chr21	14517918	14518034	DNA/hAT-Charlie	458	+	58	14517976	26349
chr21	14491627	14691627	harbor1	chr21	14537622	14537761	DNA/hAT-Charlie	471	+	70	14537692	46065
chr21	14491627	14691627	harbor1	chr21	14541405	14541643	DNA/hAT-Charlie	1152	+	119	14541524	49897
chr21	14612836	14812836	harbor1	chr21	14637237	14637505	DNA/hAT-Charlie	967	+	134	14637371	24535
chr21	14612836	14812836	harbor1	chr21	14680157	14680316	DNA/hAT-Charlie	509	+	80	14680237	67401
chr21	14612836	14812836	harbor1	chr21	14680319	14680483	DNA/hAT-Charlie	659	+	82	14680401	67565
chr21	14612836	14812836	harbor1	chr21	14699814	14699976	DNA/hAT-Charlie	469	+	81	14699895	87059
chr21	14612836	14812836	harbor1	chr21	14703408	14703521	DNA/hAT-Charlie	503	+	56	14703464	90628
chr21	37130125	37330125	harbor1	chr21	37216495	37216874	DNA/hAT-Charlie	909	+	190	37216685	86560
chr21	24448367	24648367	harbor1	chr21	24509980	24510202	DNA/hAT-Charlie	1569	+	111	24510091	61724
chr21	44467263	44667263	harbor1	chr21	44554701	44554838	DNA/hAT-Charlie	525	+	68	44554769	87506
chr21	42450690	42650690	harbor1	chr21	42459919	42460084	DNA/hAT-Charlie	716	+	82	42460001	9311
chr21	42450690	42650690	harbor1	chr21	42537478	42537690	DNA/hAT-Charlie	1278	+	106	42537584	86894
chr21	7083683	7283683	harbor1	chr21	7127753	7127948	DNA/hAT-Charlie	1283	+	98	7127851	44168
chr21	20256392	20456392	harbor1	chr21	20335489	20335675	DNA/hAT-Charlie	664	+	93	20335582	79190
chr21	34311097	34511097	harbor1	chr21	34323661	34323797	DNA/hAT-Charlie	485	+	68	34323729	12632
chr21	34311097	34511097	harbor1	chr21	34325800	34326025	DNA/hAT-Charlie	1596	+	112	34325912	14815
chr21	34311097	34511097	harbor1	chr21	34343429	34343570	DNA/hAT-Charlie	447	+	70	34343499	32402
chr21	34311097	34511097	harbor1	chr21	34354022	34354756	DNA/hAT-Charlie	1821	+	367	34354389	43292
chr21	26408972	26608972	harbor1	chr21	26465712	26465875	DNA/hAT-Charlie	680	+	82	26465794	56822
chr21	26408972	26608972	harbor1	chr21	26496039	26496211	DNA/hAT-Charlie	446	+	86	26496125	87153
chr21	39743786	39943786	harbor1	chr21	39768866	39769009	DNA/hAT-Charlie	618	+	72	39768938	25152
chr21	39743786	39943786	harbor1	chr21	39769014	39769194	DNA/hAT-Charlie	2872	+	90	39769104	25318
chr21	39743786	39943786	harbor1	chr21	39769498	39769948	DNA/hAT-Charlie	2872	+	225	39769723	25937
chr21	39743786	39943786	harbor1	chr21	39778193	39778311	DNA/hAT-Charlie	510	+	59	39778252	34466
chr21	39743786	39943786	harbor1	chr21	39809136	39809469	DNA/hAT-Charlie	1776	+	166	39809302	65516
chr21	44316983	44516983	harbor1	chr21	44347605	44347623	DNA/hAT-Charlie	449	+	9	44347614	30631
chr21	44316983	44516983	harbor1	chr21	44348035	44348156	DNA/hAT-Charlie	449	+	60	44348095	31112
chr21	32838069	33038069	harbor1	chr21	32888236	32888494	DNA/hAT-Charlie	1065	+	129	32888365	50296
chr21	32838069	33038069	harbor1	chr21	32916911	32917089	DNA/hAT-Charlie	1040	+	89	32917000	78931
chr21	32838069	33038069	harbor1	chr21	32921277	32921468	DNA/hAT-Charlie	1034	+	96	32921373	83304
chr21	33991353	34191353	harbor1	chr21	33997881	33997958	DNA/hAT-Charlie	465	+	38	33997919	6566
chr21	33991353	34191353	harbor1	chr21	34002034	34002213	DNA/hAT-Charlie	780	+	90	34002124	10771
chr21	33991353	34191353	harbor1	chr21	34002497	34002590	DNA/hAT-Charlie	780	+	46	34002543	11190
chr21	33991353	34191353	harbor1	chr21	34013471	34013677	DNA/hAT-Charlie	1060	+	103	34013574	22221
chr21	33991353	34191353	harbor1	chr21	34019507	34019726	DNA/hAT-Charlie	1127	+	110	34019617	28264
chr21	33991353	34191353	harbor1	chr21	34027791	34028281	DNA/hAT-Charlie	3527	+	245	34028036	36683
chr21	33991353	34191353	harbor1	chr21	34079092	34079308	DNA/hAT-Charlie	656	+	108	34079200	87847
chr21	46399461	46599461	harbor1	chr21	46465512	46466342	DNA/hAT-Charlie	5097	+	415	46465927	66466
chr21	46399461	46599461	harbor1	chr21	46466646	46467014	DNA/hAT-Charlie	5097	+	184	46466830	67369
chr21	46399461	46599461	harbor1	chr21	46467315	46467355	DNA/hAT-Charlie	5097	+	20	46467335	67874
chr21	46399461	46599461	harbor1	chr21	46472874	46473063	DNA/hAT-Charlie	963	+	94	46472968	73507
chr21	44997121	45197121	harbor1	chr21	45085916	45086306	DNA/hAT-Charlie	679	+	195	45086111	88990
chr21	44997121	45197121	harbor1	chr21	45086828	45087184	DNA/hAT-Charlie	729	+	178	45087006	89885
chr21	19130418	19330418	harbor1	chr21	19187727	19188213	DNA/hAT-Charlie	2885	+	243	19187970	57552
chr21	18121982	18321982	harbor1	chr21	18159066	18159258	DNA/hAT-Charlie	794	+	96	18159162	37180
chr21	18121982	18321982	harbor1	chr21	18189316	18189629	DNA/hAT-Charlie	5101	+	156	18189472	67490
chr21	18121982	18321982	harbor1	chr21	18189934	18191474	DNA/hAT-Charlie	5101	+	770	18190704	68722
chr21	18121982	18321982	harbor1	chr21	18191948	18193338	DNA/hAT-Charlie	4309	+	695	18192643	70661
chr22	39331954	39531954	harbor1	chr22	39336110	39336400	DNA/hAT-Charlie	1091	+	145	39336255	4301
chr22	10485187	10685187	harbor1	chr22	10553359	10553547	DNA/hAT-Charlie	522	+	94	10553453	68266
chr22	18456220	18656220	harbor1	chr22	18502931	18503106	DNA/hAT-Charlie	784	+	88	18503019	46799
chr22	18456220	18656220	harbor1	chr22	18545423	18545704	DNA/hAT-Charlie	731	+	140	18545563	89343
chr22	45598581	45798581	harbor1	chr22	45684393	45684703	DNA/hAT-Charlie	1341	+	155	45684548	85967
chr22	41920564	42120564	harbor1	chr22	41960578	41960740	DNA/hAT-Charlie	517	+	81	41960659	40095
chr22	41920564	42120564	harbor1	chr22	41981154	41981337	DNA/hAT-Charlie	836	+	92	41981246	60682
chr22	41920564	42120564	harbor1	chr22	41983144	41983371	DNA/hAT-Charlie	782	+	114	41983258	62694
chr22	22161368	22361368	harbor1	chr22	22196994	22197208	DNA/hAT-Charlie	1265	+	107	22197101	35733
chr22	38509582	38709582	harbor1	chr22	38567352	38567544	DNA/hAT-Charlie	1019	+	96	38567448	57866
chr22	44905154	45105154	harbor1	chr22	44919269	44919491	DNA/hAT-Charlie	1401	+	111	44919380	14226
chr22	44905154	45105154	harbor1	chr22	44936524	44936816	DNA/hAT-Charlie	841	+	146	44936670	31516
chr22	44905154	45105154	harbor1	chr22	44971001	44971140	DNA/hAT-Charlie	540	+	70	44971071	65917
chr22	42598210	42798210	harbor1	chr22	42625743	42625986	DNA/hAT-Charlie	830	+	122	42625865	27655
chr22	42598210	42798210	harbor1	chr22	42656888	42656971	DNA/hAT-Charlie	489	+	42	42656930	58720
chr22	42598210	42798210	harbor1	chr22	42659629	42660162	DNA/hAT-Charlie	3858	+	266	42659895	61685
chr22	16226439	16426439	harbor1	chr22	16246765	16246953	DNA/hAT-Charlie	466	+	94	16246859	20420
chr22	24766312	24966312	harbor1	chr22	24811095	24811221	DNA/hAT-Charlie	786	+	63	24811158	44846
chr22	24766312	24966312	harbor1	chr22	24834351	24834549	DNA/hAT-Charlie	1153	+	99	24834450	68138
chr22	24766312	24966312	harbor1	chr22	24857740	24857914	DNA/hAT-Charlie	647	+	87	24857827	91515
chr22	40161042	40361042	harbor1	chr22	40256425	40256741	DNA/hAT-Charlie	1557	+	158	40256583	95541
chr22	21385089	21585089	harbor1	chr22	21427044	21427283	DNA/hAT-Charlie	1143	+	120	21427164	42075
chr22	21385089	21585089	harbor1	chr22	21484775	21485056	DNA/hAT-Charlie	716	+	140	21484915	99826
chr22	21431225	21631225	harbor1	chr22	21484775	21485056	DNA/hAT-Charlie	716	+	140	21484915	53690
chr22	24879023	25079023	harbor1	chr22	24908939	24909264	DNA/hAT-Charlie	1950	+	162	24909101	30078
chr22	24879023	25079023	harbor1	chr22	24913323	24913445	DNA/hAT-Charlie	461	+	61	24913384	34361
chr22	48734214	48934214	harbor1	chr22	48823015	48823203	DNA/hAT-Charlie	689	+	94	48823109	88895
chr22	39592622	39792622	harbor1	chr22	39639101	39639275	DNA/hAT-Charlie	698	+	87	39639188	46566
chr22	27833544	28033544	harbor1	chr22	27846504	27846721	DNA/hAT-Charlie	1105	+	108	27846612	13068
chr22	27833544	28033544	harbor1	chr22	27848148	27848350	DNA/hAT-Charlie	587	+	101	27848249	14705
chr22	36652013	36852013	harbor1	chr22	36653004	36653040	DNA/hAT-Charlie	659	+	18	36653022	1009
chr22	36652013	36852013	harbor1	chr22	36653349	36653563	DNA/hAT-Charlie	659	+	107	36653456	1443
chr22	36652013	36852013	harbor1	chr22	36684130	36684330	DNA/hAT-Charlie	563	+	100	36684230	32217
chr22	36652013	36852013	harbor1	chr22	36688762	36688906	DNA/hAT-Charlie	596	+	72	36688834	36821
chr22	36652013	36852013	harbor1	chr22	36741342	36741509	DNA/hAT-Charlie	755	+	84	36741426	89413
chr22	33821349	34021349	harbor1	chr22	33842663	33842820	DNA/hAT-Charlie	655	+	78	33842741	21392
chr22	33821349	34021349	harbor1	chr22	33877582	33877640	DNA/hAT-Charlie	752	+	29	33877611	56262
chr22	33821349	34021349	harbor1	chr22	33877949	33878129	DNA/hAT-Charlie	752	+	90	33878039	56690
chr22	33821349	34021349	harbor1	chr22	33894217	33894389	DNA/hAT-Charlie	688	+	86	33894303	72954
chr22	48972287	49172287	harbor1	chr22	49071871	49072078	DNA/hAT-Charlie	747	+	104	49071975	99688
chr22	24232807	24432807	harbor1	chr22	24273325	24273469	DNA/hAT-Charlie	514	+	72	24273397	40590
chr22	24232807	24432807	harbor1	chr22	24296780	24296947	DNA/hAT-Charlie	623	+	84	24296864	64057
chr22	24232807	24432807	harbor1	chr22	24297233	24297422	DNA/hAT-Charlie	623	+	94	24297327	64520
chr22	24232807	24432807	harbor1	chr22	24299007	24299260	DNA/hAT-Charlie	723	+	126	24299133	66326
chr22	24232807	24432807	harbor1	chr22	24331606	24332917	DNA/hAT-Charlie	4960	+	656	24332262	99455
chr22	27397527	27597527	harbor1	chr22	27419727	27419970	DNA/hAT-Charlie	688	+	122	27419849	22322
chr22	27397527	27597527	harbor1	chr22	27420268	27420385	DNA/hAT-Charlie	688	+	58	27420326	22799
chr22	27397527	27597527	harbor1	chr22	27423326	27423453	DNA/hAT-Charlie	545	+	64	27423390	25863
chr22	27397527	27597527	harbor1	chr22	27463559	27463714	DNA/hAT-Charlie	495	+	78	27463637	66110
chr22	27397527	27597527	harbor1	chr22	27482260	27482596	DNA/hAT-Charlie	1296	+	168	27482428	84901
chr22	27397527	27597527	harbor1	chr22	27484523	27484646	DNA/hAT-Charlie	663	+	62	27484585	87058
chr22	27397527	27597527	harbor1	chr22	27493958	27494189	DNA/hAT-Charlie	790	+	116	27494074	96547
chr22	42927825	43127825	harbor1	chr22	43019482	43019727	DNA/hAT-Charlie	582	+	122	43019604	91779
chr22	18928268	19128268	harbor1	chr22	19006170	19006342	DNA/hAT-Charlie	703	+	86	19006256	77988
chr22	18928268	19128268	harbor1	chr22	19006628	19006727	DNA/hAT-Charlie	703	+	50	19006678	78410
chr22	40561426	40761426	harbor1	chr22	40583531	40583868	DNA/hAT-Charlie	2001	+	168	40583699	22273
chr22	40561426	40761426	harbor1	chr22	40585857	40586103	DNA/hAT-Charlie	725	+	123	40585980	24554
chr22	40561426	40761426	harbor1	chr22	40616059	40616325	DNA/hAT-Charlie	634	+	133	40616192	54766
chr22	33915598	34115598	harbor1	chr22	33926993	33927186	DNA/hAT-Charlie	881	+	96	33927089	11491
chr22	33915598	34115598	harbor1	chr22	33965483	33965657	DNA/hAT-Charlie	753	+	87	33965570	49972
chr22	33915598	34115598	harbor1	chr22	33996826	33997048	DNA/hAT-Charlie	1179	+	111	33996937	81339
chr22	23730633	23930633	harbor1	chr22	23747175	23747517	DNA/hAT-Charlie	2290	+	171	23747346	16713
chr22	25534051	25734051	harbor1	chr22	25549175	25549673	DNA/hAT-Charlie	3363	+	249	25549424	15373
chr22	19641586	19841586	harbor1	chr22	19641460	19641786	DNA/hAT-Charlie	1918	+	163	19641623	37
chr22	18527954	18727954	harbor1	chr22	18545423	18545704	DNA/hAT-Charlie	731	+	140	18545563	17609
chr22	32342816	32542816	harbor1	chr22	32392879	32392943	DNA/hAT-Charlie	950	+	32	32392911	50095
chr22	32342816	32542816	harbor1	chr22	32393236	32393399	DNA/hAT-Charlie	950	+	82	32393318	50502
chr22	32342816	32542816	harbor1	chr22	32405027	32405234	DNA/hAT-Charlie	649	+	104	32405131	62315
chr22	47982205	48182205	harbor1	chr22	48037249	48037349	DNA/hAT-Charlie	476	+	50	48037299	55094
chr22	34074412	34274412	harbor1	chr22	34079705	34079952	DNA/hAT-Charlie	563	+	124	34079829	5417
chrX	48410247	48610247	harbor1	chrX	48485998	48486462	DNA/hAT-Charlie	1333	+	232	48486230	75983
chrX	86587315	86787315	harbor1	chrX	86676494	86676655	DNA/hAT-Charlie	702	+	80	86676574	89259
chrX	47619362	47819362	harbor1	chrX	47629174	47629394	DNA/hAT-Charlie	1307	+	110	47629284	9922
chrX	47619362	47819362	harbor1	chrX	47638452	47638643	DNA/hAT-Charlie	910	+	96	47638548	19186
chrX	47619362	47819362	harbor1	chrX	47655844	47656065	DNA/hAT-Charlie	1549	+	110	47655954	36592
chrX	47619362	47819362	harbor1	chrX	47661801	47662130	DNA/hAT-Charlie	1546	+	164	47661965	42603
chrX	47619362	47819362	harbor1	chrX	47685050	47685175	DNA/hAT-Charlie	635	+	62	47685112	65750
chrX	47619362	47819362	harbor1	chrX	47692849	47693002	DNA/hAT-Charlie	810	+	76	47692925	73563
chrX	47619362	47819362	harbor1	chrX	47693335	47693372	DNA/hAT-Charlie	810	+	18	47693353	73991
chrX	69199112	69399112	harbor1	chrX	69251456	69251716	DNA/hAT-Charlie	1150	+	130	69251586	52474
chrX	122154051	122354051	harbor1	chrX	122205811	122206470	DNA/hAT-Charlie	1866	+	330	122206141	52090
chrX	8324370	8524370	harbor1	chrX	8370639	8370813	DNA/hAT-Charlie	673	+	87	8370726	46356
chrX	8324370	8524370	harbor1	chrX	8388207	8388393	DNA/hAT-Charlie	738	+	93	8388300	63930
chrX	8324370	8524370	harbor1	chrX	8403197	8403391	DNA/hAT-Charlie	955	+	97	8403294	78924
chrX	120009773	120209773	harbor1	chrX	120068762	120069096	DNA/hAT-Charlie	766	+	167	120068929	59156
chrX	96100675	96300675	harbor1	chrX	96101931	96102125	DNA/hAT-Charlie	601	+	97	96102028	1353
chrX	12035511	12235511	harbor1	chrX	12043562	12043788	DNA/hAT-Charlie	580	+	113	12043675	8164
chrX	12035511	12235511	harbor1	chrX	12044959	12045285	DNA/hAT-Charlie	1601	+	163	12045122	9611
chrX	12035511	12235511	harbor1	chrX	12058734	12058956	DNA/hAT-Charlie	1019	+	111	12058845	23334
chrX	12035511	12235511	harbor1	chrX	12091625	12091835	DNA/hAT-Charlie	869	+	105	12091730	56219
chrX	12035511	12235511	harbor1	chrX	12094994	12095094	DNA/hAT-Charlie	1247	+	50	12095044	59533
chrX	12035511	12235511	harbor1	chrX	12095394	12095611	DNA/hAT-Charlie	1247	+	108	12095502	59991
chrX	12035511	12235511	harbor1	chrX	12098608	12098814	DNA/hAT-Charlie	864	+	103	12098711	63200
chrX	12035511	12235511	harbor1	chrX	12099922	12100139	DNA/hAT-Charlie	1096	+	108	12100030	64519
chrX	12035511	12235511	harbor1	chrX	12121121	12121503	DNA/hAT-Charlie	1592	+	191	12121312	85801
chrX	38326752	38526752	harbor1	chrX	38331932	38332460	DNA/hAT-Charlie	2909	+	264	38332196	5444
chrX	38326752	38526752	harbor1	chrX	38334764	38335124	DNA/hAT-Charlie	1944	+	180	38334944	8192
chrX	38326752	38526752	harbor1	chrX	38392963	38393116	DNA/hAT-Charlie	571	+	76	38393039	66287
chrX	38326752	38526752	harbor1	chrX	38399914	38400245	DNA/hAT-Charlie	772	+	166	38400080	73328
chrX	79028734	79228734	harbor1	chrX	79080274	79080423	DNA/hAT-Charlie	677	+	74	79080348	51614
chrX	1393857	1593857	harbor1	chrX	1457355	1457572	DNA/hAT-Charlie	789	+	108	1457463	63606
chrX	1393857	1593857	harbor1	chrX	1476699	1476881	DNA/hAT-Charlie	801	+	91	1476790	82933
chrX	1393857	1593857	harbor1	chrX	1477614	1477758	DNA/hAT-Charlie	681	+	72	1477686	83829
