H_chr	H_start	H_end	Harbor	TE_chr	TE_start	TE_end	TE	score	TE_strand	TE_half	TE_middle_pos	TE_dis
chr1	238791763	238991763	harbor2	chr1	238799672	238799992	DNA/TcMar-Tigger	1728	+	160	238799832	8069
chr1	238791763	238991763	harbor2	chr1	238810674	238810983	DNA/TcMar-Tigger	930	+	154	238810828	19065
chr1	238791763	238991763	harbor2	chr1	238836303	238836865	DNA/TcMar-Tigger	2337	+	281	238836584	44821
chr1	238791763	238991763	harbor2	chr1	238863013	238863806	DNA/TcMar-Tigger	3567	+	396	238863409	71646
chr1	85236785	85436785	harbor2	chr1	85269697	85269854	DNA/TcMar-Tigger	507	+	78	85269775	32990
chr1	83434866	83634866	harbor2	chr1	83461179	83461499	DNA/TcMar-Tigger	482	+	160	83461339	26473
chr1	83434866	83634866	harbor2	chr1	83482444	83482696	DNA/TcMar-Tigger	728	+	126	83482570	47704
chr1	83434866	83634866	harbor2	chr1	83483027	83483120	DNA/TcMar-Tigger	728	+	46	83483073	48207
chr1	223639212	223839212	harbor2	chr1	223640700	223641464	DNA/TcMar-Tigger	1822	+	382	223641082	1870
chr1	223639212	223839212	harbor2	chr1	223729127	223729402	DNA/TcMar-Tigger	1670	+	138	223729265	90053
chr1	223639212	223839212	harbor2	chr1	223730837	223730932	DNA/TcMar-Tigger	582	+	48	223730885	91673
chr1	179174585	179374585	harbor2	chr1	179231290	179231598	DNA/TcMar-Tigger	1635	+	154	179231444	56859
chr1	247524244	247724244	harbor2	chr1	247543300	247543552	DNA/TcMar-Tigger	1525	+	126	247543426	19182
chr1	247524244	247724244	harbor2	chr1	247622060	247622565	DNA/TcMar-Tigger	2918	+	252	247622312	98068
chr1	213652921	213852921	harbor2	chr1	213698094	213698185	DNA/TcMar-Tigger	506	+	46	213698140	45219
chr1	213652921	213852921	harbor2	chr1	213739034	213739469	DNA/TcMar-Tigger	2830	+	218	213739252	86331
chr1	216714048	216914048	harbor2	chr1	216786918	216787322	DNA/TcMar-Tigger	14815	+	202	216787120	73072
chr1	216714048	216914048	harbor2	chr1	216787625	216789621	DNA/TcMar-Tigger	14815	+	998	216788623	74575
chr1	107497052	107697052	harbor2	chr1	107507154	107508918	DNA/TcMar-Tigger	13365	+	882	107508036	10984
chr1	107497052	107697052	harbor2	chr1	107509207	107509491	DNA/TcMar-Tigger	13365	+	142	107509349	12297
chr1	107497052	107697052	harbor2	chr1	107511888	107512235	DNA/TcMar-Tigger	2293	+	174	107512062	15010
chr1	107497052	107697052	harbor2	chr1	107544232	107544436	DNA/TcMar-Tigger	1238	+	102	107544334	47282
chr1	113830100	114030100	harbor2	chr1	113860244	113860461	DNA/TcMar-Tigger	1131	+	108	113860352	30252
chr1	209361823	209561823	harbor2	chr1	209391367	209391725	DNA/TcMar-Tigger	1816	+	179	209391546	29723
chr1	218223925	218423925	harbor2	chr1	218274598	218274700	DNA/TcMar-Tigger	2127	+	51	218274649	50724
chr1	218223925	218423925	harbor2	chr1	218275132	218275391	DNA/TcMar-Tigger	2127	+	130	218275262	51337
chr1	218223925	218423925	harbor2	chr1	218312426	218312758	DNA/TcMar-Tigger	569	+	166	218312592	88667
chr1	240507613	240707613	harbor2	chr1	240511215	240511468	DNA/TcMar-Tigger	893	+	126	240511341	3728
chr1	240507613	240707613	harbor2	chr1	240511771	240511848	DNA/TcMar-Tigger	893	+	38	240511809	4196
chr1	240507613	240707613	harbor2	chr1	240543916	240544151	DNA/TcMar-Tigger	1637	+	118	240544034	36421
chr1	240507613	240707613	harbor2	chr1	240544447	240544545	DNA/TcMar-Tigger	1637	+	49	240544496	36883
chr1	240507613	240707613	harbor2	chr1	240584037	240584114	DNA/TcMar-Tigger	409	+	38	240584075	76462
chr1	240507613	240707613	harbor2	chr1	240584729	240584931	DNA/TcMar-Tigger	1041	+	101	240584830	77217
chr1	248280982	248480982	harbor2	chr1	248368015	248368342	DNA/TcMar-Tigger	1649	+	164	248368179	87197
chr1	57565137	57765137	harbor2	chr1	57576015	57576370	DNA/TcMar-Tigger	1390	+	178	57576193	11056
chr1	57565137	57765137	harbor2	chr1	57609179	57609521	DNA/TcMar-Tigger	2010	+	171	57609350	44213
chr1	174449313	174649313	harbor2	chr1	174533374	174533661	DNA/TcMar-Tigger	2605	+	144	174533518	84205
chr1	174449313	174649313	harbor2	chr1	174533972	174534131	DNA/TcMar-Tigger	2605	+	80	174534052	84739
chr1	170157294	170357294	harbor2	chr1	170246629	170246948	DNA/TcMar-Tigger	1888	+	160	170246789	89495
chr1	239853196	240053196	harbor2	chr1	239874330	239874566	DNA/TcMar-Tigger	1168	+	118	239874448	21252
chr1	239853196	240053196	harbor2	chr1	239922468	239923010	DNA/TcMar-Tigger	2499	+	271	239922739	69543
chr1	172903948	173103948	harbor2	chr1	172979761	172979937	DNA/TcMar-Tigger	895	+	88	172979849	75901
chr1	118918529	119118529	harbor2	chr1	118951967	118952394	DNA/TcMar-Tigger	2308	+	214	118952181	33652
chr1	168838826	169038826	harbor2	chr1	168874242	168874483	DNA/TcMar-Tigger	1330	+	120	168874362	35536
chr1	231655327	231855327	harbor2	chr1	231664763	231665799	DNA/TcMar-Tigger	5964	+	518	231665281	9954
chr1	231655327	231855327	harbor2	chr1	231696575	231696921	DNA/TcMar-Tigger	2149	+	173	231696748	41421
chr1	231655327	231855327	harbor2	chr1	231697335	231697435	DNA/TcMar-Tigger	3292	+	50	231697385	42058
chr1	231655327	231855327	harbor2	chr1	231697747	231698306	DNA/TcMar-Tigger	3292	+	280	231698027	42700
chr1	231655327	231855327	harbor2	chr1	231700186	231700645	DNA/TcMar-Tigger	2204	+	230	231700416	45089
chr1	240711816	240911816	harbor2	chr1	240774779	240775077	DNA/TcMar-Tigger	1290	+	149	240774928	63112
chr1	243362159	243562159	harbor2	chr1	243428435	243429480	DNA/TcMar-Tigger	6313	+	522	243428957	66798
chr1	243362159	243562159	harbor2	chr1	243435553	243435697	DNA/TcMar-Tigger	511	+	72	243435625	73466
chr1	247566504	247766504	harbor2	chr1	247622060	247622565	DNA/TcMar-Tigger	2918	+	252	247622312	55808
chr1	167129795	167329795	harbor2	chr1	167145876	167146216	DNA/TcMar-Tigger	2016	+	170	167146046	16251
chr1	185028550	185228550	harbor2	chr1	185057731	185057852	DNA/TcMar-Tigger	1006	+	60	185057791	29241
chr1	185028550	185228550	harbor2	chr1	185058127	185058363	DNA/TcMar-Tigger	1006	+	118	185058245	29695
chr1	185028550	185228550	harbor2	chr1	185064415	185064490	DNA/TcMar-Tigger	496	+	38	185064453	35903
chr1	185028550	185228550	harbor2	chr1	185064582	185064672	DNA/TcMar-Tigger	415	+	45	185064627	36077
chr1	185028550	185228550	harbor2	chr1	185074635	185074970	DNA/TcMar-Tigger	1809	+	168	185074803	46253
chr1	185028550	185228550	harbor2	chr1	185088672	185088879	DNA/TcMar-Tigger	1034	+	104	185088776	60226
chr1	185028550	185228550	harbor2	chr1	185088918	185088998	DNA/TcMar-Tigger	475	+	40	185088958	60408
chr1	185028550	185228550	harbor2	chr1	185089325	185089464	DNA/TcMar-Tigger	826	+	70	185089395	60845
chr1	185028550	185228550	harbor2	chr1	185090834	185091034	DNA/TcMar-Tigger	405	+	100	185090934	62384
chr1	185028550	185228550	harbor2	chr1	185104592	185105044	DNA/TcMar-Tigger	2352	+	226	185104818	76268
chr1	185028550	185228550	harbor2	chr1	185105077	185105261	DNA/TcMar-Tigger	597	+	92	185105169	76619
chr1	185028550	185228550	harbor2	chr1	185115103	185115948	DNA/TcMar-Tigger	4678	+	422	185115525	86975
chr1	238308423	238508423	harbor2	chr1	238341607	238341722	DNA/TcMar-Tigger	463	+	58	238341665	33242
chr1	238308423	238508423	harbor2	chr1	238345647	238346028	DNA/TcMar-Tigger	528	+	190	238345837	37414
chr1	238308423	238508423	harbor2	chr1	238355418	238355486	DNA/TcMar-Tigger	413	+	34	238355452	47029
chr1	238308423	238508423	harbor2	chr1	238355485	238355754	DNA/TcMar-Tigger	1635	+	134	238355619	47196
chr1	238308423	238508423	harbor2	chr1	238356085	238356257	DNA/TcMar-Tigger	879	+	86	238356171	47748
chr1	238308423	238508423	harbor2	chr1	238363795	238364162	DNA/TcMar-Tigger	1496	+	184	238363979	55556
chr1	232561820	232761820	harbor2	chr1	232576185	232576972	DNA/TcMar-Tigger	4869	+	394	232576579	14759
chr1	232561820	232761820	harbor2	chr1	232576965	232578350	DNA/TcMar-Tigger	8723	+	692	232577657	15837
chr1	239828801	240028801	harbor2	chr1	239874330	239874566	DNA/TcMar-Tigger	1168	+	118	239874448	45647
chr1	239828801	240028801	harbor2	chr1	239922468	239923010	DNA/TcMar-Tigger	2499	+	271	239922739	93938
chr1	235282553	235482553	harbor2	chr1	235316876	235317070	DNA/TcMar-Tigger	996	+	97	235316973	34420
chr1	245311543	245511543	harbor2	chr1	245337912	245338249	DNA/TcMar-Tigger	623	+	168	245338080	26537
chr1	212945932	213145932	harbor2	chr1	213019532	213021740	DNA/TcMar-Tigger	14025	+	1104	213020636	74704
chr1	212945932	213145932	harbor2	chr1	213022041	213022222	DNA/TcMar-Tigger	14025	+	90	213022131	76199
chr1	155598822	155798822	harbor2	chr1	155678039	155678317	DNA/TcMar-Tigger	1382	+	139	155678178	79356
chr1	146585524	146785524	harbor2	chr1	146678200	146678422	DNA/TcMar-Tigger	1281	+	111	146678311	92787
chr1	218261884	218461884	harbor2	chr1	218274598	218274700	DNA/TcMar-Tigger	2127	+	51	218274649	12765
chr1	218261884	218461884	harbor2	chr1	218275132	218275391	DNA/TcMar-Tigger	2127	+	130	218275262	13378
chr1	218261884	218461884	harbor2	chr1	218312426	218312758	DNA/TcMar-Tigger	569	+	166	218312592	50708
chr1	194452348	194652348	harbor2	chr1	194479967	194480492	DNA/TcMar-Tigger	1703	+	262	194480229	27881
chr1	194452348	194652348	harbor2	chr1	194488285	194490490	DNA/TcMar-Tigger	12052	+	1102	194489387	37039
chr1	194452348	194652348	harbor2	chr1	194491032	194491069	DNA/TcMar-Tigger	12052	+	18	194491050	38702
chr1	194452348	194652348	harbor2	chr1	194491073	194491155	DNA/TcMar-Tigger	414	+	41	194491114	38766
chr1	194452348	194652348	harbor2	chr1	194491150	194491331	DNA/TcMar-Tigger	436	+	90	194491240	38892
chr1	245832758	246032758	harbor2	chr1	245841844	245842206	DNA/TcMar-Tigger	1414	+	181	245842025	9267
chr1	241559101	241759101	harbor2	chr1	241654679	241655028	DNA/TcMar-Tigger	1640	+	174	241654853	95752
chr1	115597040	115797040	harbor2	chr1	115669015	115669222	DNA/TcMar-Tigger	629	+	104	115669119	72079
chr1	247598332	247798332	harbor2	chr1	247622060	247622565	DNA/TcMar-Tigger	2918	+	252	247622312	23980
chr1	238790332	238990332	harbor2	chr1	238799672	238799992	DNA/TcMar-Tigger	1728	+	160	238799832	9500
chr1	238790332	238990332	harbor2	chr1	238810674	238810983	DNA/TcMar-Tigger	930	+	154	238810828	20496
chr1	238790332	238990332	harbor2	chr1	238836303	238836865	DNA/TcMar-Tigger	2337	+	281	238836584	46252
chr1	238790332	238990332	harbor2	chr1	238863013	238863806	DNA/TcMar-Tigger	3567	+	396	238863409	73077
chr1	231376587	231576587	harbor2	chr1	231376127	231376636	DNA/TcMar-Tigger	2795	+	254	231376381	206
chr1	231376587	231576587	harbor2	chr1	231438160	231438478	DNA/TcMar-Tigger	1399	+	159	231438319	61732
chr1	185008672	185208672	harbor2	chr1	185057731	185057852	DNA/TcMar-Tigger	1006	+	60	185057791	49119
chr1	185008672	185208672	harbor2	chr1	185058127	185058363	DNA/TcMar-Tigger	1006	+	118	185058245	49573
chr1	185008672	185208672	harbor2	chr1	185064415	185064490	DNA/TcMar-Tigger	496	+	38	185064453	55781
chr1	185008672	185208672	harbor2	chr1	185064582	185064672	DNA/TcMar-Tigger	415	+	45	185064627	55955
chr1	185008672	185208672	harbor2	chr1	185074635	185074970	DNA/TcMar-Tigger	1809	+	168	185074803	66131
chr1	185008672	185208672	harbor2	chr1	185088672	185088879	DNA/TcMar-Tigger	1034	+	104	185088776	80104
chr1	185008672	185208672	harbor2	chr1	185088918	185088998	DNA/TcMar-Tigger	475	+	40	185088958	80286
chr1	185008672	185208672	harbor2	chr1	185089325	185089464	DNA/TcMar-Tigger	826	+	70	185089395	80723
chr1	185008672	185208672	harbor2	chr1	185090834	185091034	DNA/TcMar-Tigger	405	+	100	185090934	82262
chr1	185008672	185208672	harbor2	chr1	185104592	185105044	DNA/TcMar-Tigger	2352	+	226	185104818	96146
chr1	185008672	185208672	harbor2	chr1	185105077	185105261	DNA/TcMar-Tigger	597	+	92	185105169	96497
chr1	219944115	220144115	harbor2	chr1	219994047	219994497	DNA/TcMar-Tigger	2559	+	225	219994272	50157
chr1	219944115	220144115	harbor2	chr1	219994584	219994640	DNA/TcMar-Tigger	621	+	28	219994612	50497
chr1	219944115	220144115	harbor2	chr1	219994952	219995052	DNA/TcMar-Tigger	621	+	50	219995002	50887
chr1	219944115	220144115	harbor2	chr1	219998841	219999102	DNA/TcMar-Tigger	490	+	130	219998971	54856
chr1	219944115	220144115	harbor2	chr1	219999143	219999292	DNA/TcMar-Tigger	525	+	74	219999217	55102
chr1	219944115	220144115	harbor2	chr1	220000065	220000183	DNA/TcMar-Tigger	520	+	59	220000124	56009
chr1	219944115	220144115	harbor2	chr1	220034135	220034458	DNA/TcMar-Tigger	1676	+	162	220034297	90182
chr1	172897804	173097804	harbor2	chr1	172979761	172979937	DNA/TcMar-Tigger	895	+	88	172979849	82045
chr1	158483257	158683257	harbor2	chr1	158576713	158577042	DNA/TcMar-Tigger	1729	+	164	158576877	93620
chr1	147956958	148156958	harbor2	chr1	147989217	147989412	DNA/TcMar-Tigger	888	+	98	147989315	32357
chr1	245948405	246148405	harbor2	chr1	245955593	245955787	DNA/TcMar-Tigger	1193	+	97	245955690	7285
chr1	245948405	246148405	harbor2	chr1	245960762	245960948	DNA/TcMar-Tigger	549	+	93	245960855	12450
chr1	245948405	246148405	harbor2	chr1	246026381	246028033	DNA/TcMar-Tigger	9302	+	826	246027207	78802
chr1	245948405	246148405	harbor2	chr1	246040956	246041286	DNA/TcMar-Tigger	1826	+	165	246041121	92716
chr1	186195385	186395385	harbor2	chr1	186277757	186278027	DNA/TcMar-Tigger	806	+	135	186277892	82507
chr1	36439499	36639499	harbor2	chr1	36504458	36504721	DNA/TcMar-Tigger	1285	+	132	36504590	65091
chr1	36439499	36639499	harbor2	chr1	36505202	36505292	DNA/TcMar-Tigger	505	+	45	36505247	65748
chr1	114944279	115144279	harbor2	chr1	114985846	114986157	DNA/TcMar-Tigger	1166	+	156	114986002	41723
chr1	114944279	115144279	harbor2	chr1	115040431	115040656	DNA/TcMar-Tigger	1084	+	112	115040543	96264
chr1	235679347	235879347	harbor2	chr1	235742811	235743131	DNA/TcMar-Tigger	1657	+	160	235742971	63624
chr1	40086215	40286215	harbor2	chr1	40096408	40096712	DNA/TcMar-Tigger	1757	+	152	40096560	10345
chr1	230019583	230219583	harbor2	chr1	230037501	230037863	DNA/TcMar-Tigger	2527	+	181	230037682	18099
chr1	230019583	230219583	harbor2	chr1	230093635	230093934	DNA/TcMar-Tigger	1528	+	150	230093785	74202
chr1	230019583	230219583	harbor2	chr1	230100892	230101199	DNA/TcMar-Tigger	1767	+	154	230101046	81463
chr1	230019583	230219583	harbor2	chr1	230108291	230108362	DNA/TcMar-Tigger	436	+	36	230108327	88744
chr1	173501886	173701886	harbor2	chr1	173551394	173553816	DNA/TcMar-Tigger	15251	+	1211	173552605	50719
chr1	173501886	173701886	harbor2	chr1	173578253	173578493	DNA/TcMar-Tigger	613	+	120	173578373	76487
chr1	173501886	173701886	harbor2	chr1	173600349	173600662	DNA/TcMar-Tigger	1915	+	156	173600505	98619
chr1	186336020	186536020	harbor2	chr1	186363552	186365102	DNA/TcMar-Tigger	13987	+	775	186364327	28307
chr1	186336020	186536020	harbor2	chr1	186365396	186366567	DNA/TcMar-Tigger	13987	+	586	186365982	29962
chr1	186336020	186536020	harbor2	chr1	186411071	186411299	DNA/TcMar-Tigger	1438	+	114	186411185	75165
chr1	186336020	186536020	harbor2	chr1	186413112	186413322	DNA/TcMar-Tigger	1162	+	105	186413217	77197
chr1	95391895	95591895	harbor2	chr1	95417485	95417723	DNA/TcMar-Tigger	501	+	119	95417604	25709
chr1	95391895	95591895	harbor2	chr1	95421182	95421264	DNA/TcMar-Tigger	414	+	41	95421223	29328
chr1	95391895	95591895	harbor2	chr1	95435744	95436426	DNA/TcMar-Tigger	2686	+	341	95436085	44190
chr1	248377263	248577263	harbor2	chr1	248447826	248448515	DNA/TcMar-Tigger	1744	+	344	248448170	70907
chr1	248377263	248577263	harbor2	chr1	248470134	248470366	DNA/TcMar-Tigger	1280	+	116	248470250	92987
chr1	247890396	248090396	harbor2	chr1	247948552	247948806	DNA/TcMar-Tigger	1376	+	127	247948679	58283
chr1	247890396	248090396	harbor2	chr1	247962098	247962637	DNA/TcMar-Tigger	651	+	270	247962368	71972
chr1	247890396	248090396	harbor2	chr1	247974439	247974692	DNA/TcMar-Tigger	1178	+	126	247974565	84169
chr1	247890396	248090396	harbor2	chr1	247989732	247989839	DNA/TcMar-Tigger	442	+	54	247989786	99390
chr1	247890396	248090396	harbor2	chr1	247989845	247990215	DNA/TcMar-Tigger	1728	+	185	247990030	99634
chr1	176185069	176385069	harbor2	chr1	176188522	176188809	DNA/TcMar-Tigger	1502	+	144	176188666	3597
chr1	176185069	176385069	harbor2	chr1	176201013	176201264	DNA/TcMar-Tigger	1244	+	126	176201139	16070
chr1	176185069	176385069	harbor2	chr1	176201511	176202037	DNA/TcMar-Tigger	685	+	263	176201774	16705
chr1	176185069	176385069	harbor2	chr1	176218159	176218369	DNA/TcMar-Tigger	1119	+	105	176218264	33195
chr1	176185069	176385069	harbor2	chr1	176218730	176218753	DNA/TcMar-Tigger	1119	+	12	176218742	33673
chr1	176185069	176385069	harbor2	chr1	176227297	176227449	DNA/TcMar-Tigger	864	+	76	176227373	42304
chr1	120271097	120471097	harbor2	chr1	120366879	120367238	DNA/TcMar-Tigger	571	+	180	120367059	95962
chr1	144379811	144579811	harbor2	chr1	144395441	144395758	DNA/TcMar-Tigger	1650	+	158	144395599	15788
chr1	229758380	229958380	harbor2	chr1	229837003	229837263	DNA/TcMar-Tigger	3211	+	130	229837133	78753
chr1	229758380	229958380	harbor2	chr1	229837579	229838208	DNA/TcMar-Tigger	3211	+	314	229837893	79513
chr1	231146247	231346247	harbor2	chr1	231149044	231149385	DNA/TcMar-Tigger	1957	+	170	231149214	2967
chr1	191437176	191637176	harbor2	chr1	191454823	191455134	DNA/TcMar-Tigger	1548	+	156	191454979	17803
chr1	191437176	191637176	harbor2	chr1	191528718	191529033	DNA/TcMar-Tigger	1862	+	158	191528876	91700
chr1	187440259	187640259	harbor2	chr1	187511925	187512030	DNA/TcMar-Tigger	557	+	52	187511977	71718
chr1	187440259	187640259	harbor2	chr1	187516881	187517403	DNA/TcMar-Tigger	2603	+	261	187517142	76883
chr1	187440259	187640259	harbor2	chr1	187525659	187527986	DNA/TcMar-Tigger	13032	+	1164	187526823	86564
chr1	145599117	145799117	harbor2	chr1	145666347	145666542	DNA/TcMar-Tigger	908	+	98	145666445	67328
chr1	104619708	104819708	harbor2	chr1	104625365	104625651	DNA/TcMar-Tigger	1444	+	143	104625508	5800
chr1	104619708	104819708	harbor2	chr1	104625678	104625828	DNA/TcMar-Tigger	847	+	75	104625753	6045
chr1	104619708	104819708	harbor2	chr1	104645830	104645857	DNA/TcMar-Tigger	11921	+	14	104645844	26136
chr1	104619708	104819708	harbor2	chr1	104646152	104646517	DNA/TcMar-Tigger	11921	+	182	104646334	26626
chr1	104619708	104819708	harbor2	chr1	104691163	104692083	DNA/TcMar-Tigger	9422	+	460	104691623	71915
chr1	104619708	104819708	harbor2	chr1	104692389	104693392	DNA/TcMar-Tigger	9422	+	502	104692891	73183
chr1	104619708	104819708	harbor2	chr1	104699308	104700131	DNA/TcMar-Tigger	4158	+	412	104699720	80012
chr1	104619708	104819708	harbor2	chr1	104643824	104645801	DNA/TcMar-Tigger	11921	+	988	104644812	25104
chr1	230857768	231057768	harbor2	chr1	230914188	230914392	DNA/TcMar-Tigger	2844	+	102	230914290	56522
chr1	230857768	231057768	harbor2	chr1	230914693	230914924	DNA/TcMar-Tigger	2844	+	116	230914809	57041
chr1	247451404	247651404	harbor2	chr1	247543300	247543552	DNA/TcMar-Tigger	1525	+	126	247543426	92022
chr1	143899942	144099942	harbor2	chr1	143961065	143962002	DNA/TcMar-Tigger	15626	+	468	143961533	61591
chr1	143899942	144099942	harbor2	chr1	143962593	143963817	DNA/TcMar-Tigger	15626	+	612	143963205	63263
chr1	143899942	144099942	harbor2	chr1	143964119	143964322	DNA/TcMar-Tigger	15626	+	102	143964221	64279
chr1	143899942	144099942	harbor2	chr1	143996658	143997130	DNA/TcMar-Tigger	799	+	236	143996894	96952
chr1	164322431	164522431	harbor2	chr1	164375795	164375967	DNA/TcMar-Tigger	1071	+	86	164375881	53450
chr1	164322431	164522431	harbor2	chr1	164376091	164376363	DNA/TcMar-Tigger	1519	+	136	164376227	53796
chr1	164322431	164522431	harbor2	chr1	164417130	164417357	DNA/TcMar-Tigger	485	+	114	164417244	94813
chr1	237384465	237584465	harbor2	chr1	237475898	237476219	DNA/TcMar-Tigger	760	+	160	237476058	91593
chr1	64527261	64727261	harbor2	chr1	64612621	64613333	DNA/TcMar-Tigger	4781	+	356	64612977	85716
chr1	64527261	64727261	harbor2	chr1	64613394	64613526	DNA/TcMar-Tigger	737	+	66	64613460	86199
chr1	248423421	248623421	harbor2	chr1	248447826	248448515	DNA/TcMar-Tigger	1744	+	344	248448170	24749
chr1	248423421	248623421	harbor2	chr1	248470134	248470366	DNA/TcMar-Tigger	1280	+	116	248470250	46829
chr1	239570054	239770054	harbor2	chr1	239594738	239594806	DNA/TcMar-Tigger	1605	+	34	239594772	24718
chr1	239570054	239770054	harbor2	chr1	239595120	239595371	DNA/TcMar-Tigger	1605	+	126	239595246	25192
chr1	239570054	239770054	harbor2	chr1	239605195	239605529	DNA/TcMar-Tigger	1878	+	167	239605362	35308
chr1	239570054	239770054	harbor2	chr1	239620919	239623116	DNA/TcMar-Tigger	12652	+	1098	239622017	51963
chr1	239570054	239770054	harbor2	chr1	239629524	239629700	DNA/TcMar-Tigger	920	+	88	239629612	59558
chr1	200611413	200811413	harbor2	chr1	200638765	200639134	DNA/TcMar-Tigger	2598	+	184	200638949	27536
chr1	200611413	200811413	harbor2	chr1	200639442	200639476	DNA/TcMar-Tigger	2598	+	17	200639459	28046
chr1	200611413	200811413	harbor2	chr1	200639751	200639955	DNA/TcMar-Tigger	2598	+	102	200639853	28440
chr1	200611413	200811413	harbor2	chr1	200660744	200660930	DNA/TcMar-Tigger	647	+	93	200660837	49424
chr1	200611413	200811413	harbor2	chr1	200692683	200693012	DNA/TcMar-Tigger	1182	+	164	200692847	81434
chr1	200611413	200811413	harbor2	chr1	200638437	200638487	DNA/TcMar-Tigger	2598	+	25	200638462	27049
chr1	247557914	247757914	harbor2	chr1	247622060	247622565	DNA/TcMar-Tigger	2918	+	252	247622312	64398
chr1	189882304	190082304	harbor2	chr1	189963641	189964045	DNA/TcMar-Tigger	2014	+	202	189963843	81539
chr1	189882304	190082304	harbor2	chr1	189964036	189964114	DNA/TcMar-Tigger	425	+	39	189964075	81771
chr1	200225745	200425745	harbor2	chr1	200291934	200292078	DNA/TcMar-Tigger	773	+	72	200292006	66261
chr1	200225745	200425745	harbor2	chr1	200292073	200292148	DNA/TcMar-Tigger	411	+	38	200292111	66366
chr1	243095345	243295345	harbor2	chr1	243129764	243130114	DNA/TcMar-Tigger	1602	+	175	243129939	34594
chr1	243095345	243295345	harbor2	chr1	243151338	243152222	DNA/TcMar-Tigger	11510	+	442	243151780	56435
chr1	243095345	243295345	harbor2	chr1	243152831	243153813	DNA/TcMar-Tigger	11510	+	491	243153322	57977
chr1	243095345	243295345	harbor2	chr1	243194388	243194614	DNA/TcMar-Tigger	480	+	113	243194501	99156
chr1	227636128	227836128	harbor2	chr1	227706870	227706971	DNA/TcMar-Tigger	607	+	50	227706920	70792
chr1	144244969	144444969	harbor2	chr1	144280732	144280934	DNA/TcMar-Tigger	798	+	101	144280833	35864
chr1	144244969	144444969	harbor2	chr1	144309818	144310049	DNA/TcMar-Tigger	1136	+	116	144309934	64965
chr1	144244969	144444969	harbor2	chr1	144331581	144331950	DNA/TcMar-Tigger	1615	+	184	144331765	86796
chr1	144244969	144444969	harbor2	chr1	144342653	144342993	DNA/TcMar-Tigger	1535	+	170	144342823	97854
chr1	55998891	56198891	harbor2	chr1	56025755	56026389	DNA/TcMar-Tigger	3007	+	317	56026072	27181
chr1	231806707	232006707	harbor2	chr1	231841014	231841249	DNA/TcMar-Tigger	1421	+	118	231841132	34425
chr1	231806707	232006707	harbor2	chr1	231902773	231902933	DNA/TcMar-Tigger	630	+	80	231902853	96146
chr1	229400048	229600048	harbor2	chr1	229478986	229479119	DNA/TcMar-Tigger	1606	+	66	229479052	79004
chr1	229400048	229600048	harbor2	chr1	229479378	229479560	DNA/TcMar-Tigger	1606	+	91	229479469	79421
chr1	200258718	200458718	harbor2	chr1	200291934	200292078	DNA/TcMar-Tigger	773	+	72	200292006	33288
chr1	200258718	200458718	harbor2	chr1	200292073	200292148	DNA/TcMar-Tigger	411	+	38	200292111	33393
chr1	247094582	247294582	harbor2	chr1	247162448	247162563	DNA/TcMar-Tigger	714	+	58	247162506	67924
chr1	242606595	242806595	harbor2	chr1	242637758	242638042	DNA/TcMar-Tigger	1653	+	142	242637900	31305
chr1	225024407	225224407	harbor2	chr1	225047339	225047663	DNA/TcMar-Tigger	1888	+	162	225047501	23094
chr1	221903777	222103777	harbor2	chr1	221999027	221999366	DNA/TcMar-Tigger	871	+	170	221999197	95420
chr1	66653305	66853305	harbor2	chr1	66710455	66711260	DNA/TcMar-Tigger	1480	+	402	66710857	57552
chr1	107408456	107608456	harbor2	chr1	107507154	107508918	DNA/TcMar-Tigger	13365	+	882	107508036	99580
chr1	82768688	82968688	harbor2	chr1	82768183	82770798	DNA/TcMar-Tigger	15518	+	1308	82769491	803
chr1	82768688	82968688	harbor2	chr1	82773484	82773562	DNA/TcMar-Tigger	462	+	39	82773523	4835
chr1	243746763	243946763	harbor2	chr1	243760483	243761078	DNA/TcMar-Tigger	2994	+	298	243760781	14018
chr1	243746763	243946763	harbor2	chr1	243828439	243828840	DNA/TcMar-Tigger	1936	+	200	243828639	81876
chr1	243746763	243946763	harbor2	chr1	243830038	243830386	DNA/TcMar-Tigger	1974	+	174	243830212	83449
chr1	229011022	229211022	harbor2	chr1	229011029	229011602	DNA/TcMar-Tigger	2943	+	286	229011315	293
chr1	215210141	215410141	harbor2	chr1	215263268	215263808	DNA/TcMar-Tigger	2958	+	270	215263538	53397
chr1	244372121	244572121	harbor2	chr1	244406409	244407141	DNA/TcMar-Tigger	3741	+	366	244406775	34654
chr1	244372121	244572121	harbor2	chr1	244407145	244407498	DNA/TcMar-Tigger	1955	+	176	244407321	35200
chr1	184898608	185098608	harbor2	chr1	184945418	184945681	DNA/TcMar-Tigger	635	+	132	184945550	46942
chr1	188638641	188838641	harbor2	chr1	188678746	188679276	DNA/TcMar-Tigger	2644	+	265	188679011	40370
chr1	188638641	188838641	harbor2	chr1	188706877	188707295	DNA/TcMar-Tigger	2205	+	209	188707086	68445
chr1	188638641	188838641	harbor2	chr1	188707295	188707386	DNA/TcMar-Tigger	617	+	46	188707341	68700
chr1	183793100	183993100	harbor2	chr1	183841822	183842020	DNA/TcMar-Tigger	755	+	99	183841921	48821
chr1	217624939	217824939	harbor2	chr1	217685782	217686110	DNA/TcMar-Tigger	1550	+	164	217685946	61007
chr1	217624939	217824939	harbor2	chr1	217687434	217687776	DNA/TcMar-Tigger	2029	+	171	217687605	62666
chr1	222989637	223189637	harbor2	chr1	223010602	223010852	DNA/TcMar-Tigger	483	+	125	223010727	21090
chr1	144233986	144433986	harbor2	chr1	144280732	144280934	DNA/TcMar-Tigger	798	+	101	144280833	46847
chr1	144233986	144433986	harbor2	chr1	144309818	144310049	DNA/TcMar-Tigger	1136	+	116	144309934	75948
chr1	144233986	144433986	harbor2	chr1	144331581	144331950	DNA/TcMar-Tigger	1615	+	184	144331765	97779
chr1	55932620	56132620	harbor2	chr1	56025755	56026389	DNA/TcMar-Tigger	3007	+	317	56026072	93452
chr1	232677111	232877111	harbor2	chr1	232687545	232687601	DNA/TcMar-Tigger	1745	+	28	232687573	10462
chr1	232677111	232877111	harbor2	chr1	232687734	232688023	DNA/TcMar-Tigger	1745	+	144	232687878	10767
chr1	232677111	232877111	harbor2	chr1	232749582	232749920	DNA/TcMar-Tigger	7070	+	169	232749751	72640
chr1	232677111	232877111	harbor2	chr1	232749970	232750767	DNA/TcMar-Tigger	7070	+	398	232750368	73257
chr1	232677111	232877111	harbor2	chr1	232762202	232762454	DNA/TcMar-Tigger	2360	+	126	232762328	85217
chr1	232677111	232877111	harbor2	chr1	232762763	232762954	DNA/TcMar-Tigger	2360	+	96	232762859	85748
chr1	232677111	232877111	harbor2	chr1	232774379	232774807	DNA/TcMar-Tigger	2608	+	214	232774593	97482
chr1	198647514	198847514	harbor2	chr1	198670783	198671014	DNA/TcMar-Tigger	895	+	116	198670899	23385
chr1	198647514	198847514	harbor2	chr1	198702136	198702271	DNA/TcMar-Tigger	444	+	68	198702204	54690
chr1	198647514	198847514	harbor2	chr1	198709141	198709506	DNA/TcMar-Tigger	1478	+	182	198709323	61809
chr1	69841007	70041007	harbor2	chr1	69880790	69880989	DNA/TcMar-Tigger	435	+	100	69880890	39883
chr1	69841007	70041007	harbor2	chr1	69911961	69912165	DNA/TcMar-Tigger	913	+	102	69912063	71056
chr1	242274026	242474026	harbor2	chr1	242293360	242293636	DNA/TcMar-Tigger	1276	+	138	242293498	19472
chr1	242274026	242474026	harbor2	chr1	242301657	242301744	DNA/TcMar-Tigger	1246	+	44	242301701	27675
chr1	242274026	242474026	harbor2	chr1	242302081	242302240	DNA/TcMar-Tigger	1246	+	80	242302161	28135
chr1	113179548	113379548	harbor2	chr1	113200810	113201173	DNA/TcMar-Tigger	2115	+	182	113200992	21444
chr1	113179548	113379548	harbor2	chr1	113201234	113201729	DNA/TcMar-Tigger	3801	+	248	113201482	21934
chr1	113179548	113379548	harbor2	chr1	113202085	113202313	DNA/TcMar-Tigger	1101	+	114	113202199	22651
chr1	113179548	113379548	harbor2	chr1	113205170	113205214	DNA/TcMar-Tigger	2759	+	22	113205192	25644
chr1	113179548	113379548	harbor2	chr1	113205532	113205959	DNA/TcMar-Tigger	2759	+	214	113205746	26198
chr1	113179548	113379548	harbor2	chr1	113238971	113239501	DNA/TcMar-Tigger	1581	+	265	113239236	59688
chr1	113179548	113379548	harbor2	chr1	113249897	113250232	DNA/TcMar-Tigger	1985	+	168	113250065	70517
chr1	187470261	187670261	harbor2	chr1	187511925	187512030	DNA/TcMar-Tigger	557	+	52	187511977	41716
chr1	187470261	187670261	harbor2	chr1	187516881	187517403	DNA/TcMar-Tigger	2603	+	261	187517142	46881
chr1	187470261	187670261	harbor2	chr1	187525659	187527986	DNA/TcMar-Tigger	13032	+	1164	187526823	56562
chr1	248023155	248223155	harbor2	chr1	248026247	248026354	DNA/TcMar-Tigger	616	+	54	248026301	3146
chr1	248023155	248223155	harbor2	chr1	248037722	248037836	DNA/TcMar-Tigger	598	+	57	248037779	14624
chr1	248023155	248223155	harbor2	chr1	248037841	248038216	DNA/TcMar-Tigger	1536	+	188	248038029	14874
chr1	248023155	248223155	harbor2	chr1	248040407	248040839	DNA/TcMar-Tigger	2001	+	216	248040623	17468
chr1	248023155	248223155	harbor2	chr1	248051867	248051958	DNA/TcMar-Tigger	429	+	46	248051913	28758
chr1	248023155	248223155	harbor2	chr1	248052012	248052096	DNA/TcMar-Tigger	406	+	42	248052054	28899
chr1	248023155	248223155	harbor2	chr1	248060373	248060630	DNA/TcMar-Tigger	1096	+	128	248060501	37346
chr1	248023155	248223155	harbor2	chr1	248066730	248067247	DNA/TcMar-Tigger	772	+	258	248066988	43833
chr1	230339685	230539685	harbor2	chr1	230345566	230345900	DNA/TcMar-Tigger	1591	+	167	230345733	6048
chr1	230339685	230539685	harbor2	chr1	230346021	230346045	DNA/TcMar-Tigger	417	+	12	230346033	6348
chr1	230339685	230539685	harbor2	chr1	230346335	230346412	DNA/TcMar-Tigger	417	+	38	230346373	6688
chr1	230339685	230539685	harbor2	chr1	230356476	230356606	DNA/TcMar-Tigger	444	+	65	230356541	16856
chr1	230339685	230539685	harbor2	chr1	230358595	230358932	DNA/TcMar-Tigger	2014	+	168	230358763	19078
chr1	230339685	230539685	harbor2	chr1	230405236	230405641	DNA/TcMar-Tigger	2314	+	202	230405438	65753
chr1	212636205	212836205	harbor2	chr1	212670183	212670449	DNA/TcMar-Tigger	1533	+	133	212670316	34111
chr1	168291066	168491066	harbor2	chr1	168329436	168329611	DNA/TcMar-Tigger	6260	+	88	168329524	38458
chr1	168291066	168491066	harbor2	chr1	168329929	168330820	DNA/TcMar-Tigger	6260	+	446	168330375	39309
chr1	168291066	168491066	harbor2	chr1	168357156	168357390	DNA/TcMar-Tigger	1054	+	117	168357273	66207
chr1	168291066	168491066	harbor2	chr1	168365687	168365838	DNA/TcMar-Tigger	427	+	76	168365763	74697
chr1	168291066	168491066	harbor2	chr1	168386250	168386541	DNA/TcMar-Tigger	1520	+	146	168386396	95330
chr1	238677994	238877994	harbor2	chr1	238697552	238697919	DNA/TcMar-Tigger	1980	+	184	238697736	19742
chr1	238677994	238877994	harbor2	chr1	238709622	238710213	DNA/TcMar-Tigger	2322	+	296	238709918	31924
chr1	118109234	118309234	harbor2	chr1	118186672	118186798	DNA/TcMar-Tigger	1113	+	63	118186735	77501
chr1	118109234	118309234	harbor2	chr1	118187680	118187769	DNA/TcMar-Tigger	1113	+	44	118187724	78490
chr1	118109234	118309234	harbor2	chr1	118205679	118205806	DNA/TcMar-Tigger	562	+	64	118205743	96509
chr1	118109234	118309234	harbor2	chr1	118205820	118206057	DNA/TcMar-Tigger	1555	+	118	118205938	96704
chr1	222839275	223039275	harbor2	chr1	222935918	222936324	DNA/TcMar-Tigger	1437	+	203	222936121	96846
chr1	226120827	226320827	harbor2	chr1	226168523	226168767	DNA/TcMar-Tigger	1138	+	122	226168645	47818
chr1	165052531	165252531	harbor2	chr1	165101135	165101486	DNA/TcMar-Tigger	1779	+	176	165101311	48780
chr1	165052531	165252531	harbor2	chr1	165101491	165103239	DNA/TcMar-Tigger	11060	+	874	165102365	49834
chr1	228917927	229117927	harbor2	chr1	228965175	228965582	DNA/TcMar-Tigger	2558	+	204	228965379	47452
chr1	228917927	229117927	harbor2	chr1	228980668	228980950	DNA/TcMar-Tigger	1741	+	141	228980809	62882
chr1	228917927	229117927	harbor2	chr1	228981361	228981665	DNA/TcMar-Tigger	5590	+	152	228981513	63586
chr1	228917927	229117927	harbor2	chr1	228981967	228982093	DNA/TcMar-Tigger	5590	+	63	228982030	64103
chr1	228917927	229117927	harbor2	chr1	229001882	229002016	DNA/TcMar-Tigger	614	+	67	229001949	84022
chr1	228917927	229117927	harbor2	chr1	229002434	229002649	DNA/TcMar-Tigger	614	+	108	229002542	84615
chr1	228917927	229117927	harbor2	chr1	229011029	229011602	DNA/TcMar-Tigger	2943	+	286	229011315	93388
chr1	228917927	229117927	harbor2	chr1	228982382	228982902	DNA/TcMar-Tigger	5590	+	260	228982642	64715
chr1	52056818	52256818	harbor2	chr1	52106022	52106213	DNA/TcMar-Tigger	593	+	96	52106118	49300
chr1	52056818	52256818	harbor2	chr1	52146099	52146306	DNA/TcMar-Tigger	1324	+	104	52146203	89385
chr1	52056818	52256818	harbor2	chr1	52146893	52147199	DNA/TcMar-Tigger	1779	+	153	52147046	90228
chr1	222526275	222726275	harbor2	chr1	222623993	222624700	DNA/TcMar-Tigger	4118	+	354	222624347	98072
chr1	163043195	163243195	harbor2	chr1	163062107	163062494	DNA/TcMar-Tigger	1843	+	194	163062301	19106
chr1	182524918	182724918	harbor2	chr1	182537127	182537458	DNA/TcMar-Tigger	1526	+	166	182537293	12375
chr1	182524918	182724918	harbor2	chr1	182551761	182552085	DNA/TcMar-Tigger	1899	+	162	182551923	27005
chr1	182524918	182724918	harbor2	chr1	182575814	182575936	DNA/TcMar-Tigger	480	+	61	182575875	50957
chr1	182524918	182724918	harbor2	chr1	182587817	182588185	DNA/TcMar-Tigger	2241	+	184	182588001	63083
chr1	204675813	204875813	harbor2	chr1	204764562	204764695	DNA/TcMar-Tigger	957	+	66	204764628	88815
chr1	204675813	204875813	harbor2	chr1	204764894	204765093	DNA/TcMar-Tigger	957	+	100	204764994	89181
chr1	204675813	204875813	harbor2	chr1	204765244	204765440	DNA/TcMar-Tigger	957	+	98	204765342	89529
chr1	204675813	204875813	harbor2	chr1	204717956	204718604	DNA/TcMar-Tigger	3463	+	324	204718280	42467
chr1	216601103	216801103	harbor2	chr1	216665035	216665351	DNA/TcMar-Tigger	1775	+	158	216665193	64090
chr1	216601103	216801103	harbor2	chr1	216689041	216689205	DNA/TcMar-Tigger	626	+	82	216689123	88020
chr1	216601103	216801103	harbor2	chr1	216691806	216692307	DNA/TcMar-Tigger	6356	+	250	216692056	90953
chr1	216601103	216801103	harbor2	chr1	216692348	216693005	DNA/TcMar-Tigger	6356	+	328	216692676	91573
chr1	212511727	212711727	harbor2	chr1	212531059	212531366	DNA/TcMar-Tigger	1656	+	154	212531213	19486
chr1	212511727	212711727	harbor2	chr1	212544119	212544300	DNA/TcMar-Tigger	1150	+	90	212544209	32482
chr1	212511727	212711727	harbor2	chr1	212563280	212563351	DNA/TcMar-Tigger	483	+	36	212563316	51589
chr1	212511727	212711727	harbor2	chr1	212563664	212563740	DNA/TcMar-Tigger	483	+	38	212563702	51975
chr1	212511727	212711727	harbor2	chr1	212564045	212564302	DNA/TcMar-Tigger	1942	+	128	212564173	52446
chr1	212511727	212711727	harbor2	chr1	212587315	212587428	DNA/TcMar-Tigger	468	+	56	212587371	75644
chr1	220330149	220530149	harbor2	chr1	220416396	220416556	DNA/TcMar-Tigger	14366	+	80	220416476	86327
chr1	220330149	220530149	harbor2	chr1	220416873	220417323	DNA/TcMar-Tigger	14366	+	225	220417098	86949
chr1	220330149	220530149	harbor2	chr1	220417610	220419418	DNA/TcMar-Tigger	14366	+	904	220418514	88365
chr1	220330149	220530149	harbor2	chr1	220423542	220423873	DNA/TcMar-Tigger	1992	+	166	220423708	93559
chr1	149009529	149209529	harbor2	chr1	149023148	149023458	DNA/TcMar-Tigger	1038	+	155	149023303	13774
chr1	231835838	232035838	harbor2	chr1	231841014	231841249	DNA/TcMar-Tigger	1421	+	118	231841132	5294
chr1	231835838	232035838	harbor2	chr1	231902773	231902933	DNA/TcMar-Tigger	630	+	80	231902853	67015
chr1	51237034	51437034	harbor2	chr1	51248946	51249107	DNA/TcMar-Tigger	856	+	80	51249026	11992
chr1	51237034	51437034	harbor2	chr1	51250447	51250552	DNA/TcMar-Tigger	484	+	52	51250499	13465
chr1	51237034	51437034	harbor2	chr1	51251497	51251654	DNA/TcMar-Tigger	673	+	78	51251575	14541
chr1	51237034	51437034	harbor2	chr1	51252117	51252317	DNA/TcMar-Tigger	1536	+	100	51252217	15183
chr1	51237034	51437034	harbor2	chr1	51252630	51252695	DNA/TcMar-Tigger	1536	+	32	51252662	15628
chr1	51237034	51437034	harbor2	chr1	51263418	51263619	DNA/TcMar-Tigger	774	+	100	51263518	26484
chr1	51237034	51437034	harbor2	chr1	51274007	51274102	DNA/TcMar-Tigger	814	+	48	51274055	37021
chr1	51237034	51437034	harbor2	chr1	51274398	51274464	DNA/TcMar-Tigger	814	+	33	51274431	37397
chr1	51237034	51437034	harbor2	chr1	51274775	51274933	DNA/TcMar-Tigger	814	+	79	51274854	37820
chr1	51237034	51437034	harbor2	chr1	51332577	51332930	DNA/TcMar-Tigger	3164	+	176	51332753	95719
chr1	51237034	51437034	harbor2	chr1	51333243	51333420	DNA/TcMar-Tigger	3374	+	88	51333331	96297
chr1	161097778	161297778	harbor2	chr1	161114999	161115060	DNA/TcMar-Tigger	2709	+	30	161115029	17251
chr1	161097778	161297778	harbor2	chr1	161115364	161115875	DNA/TcMar-Tigger	2709	+	256	161115620	17842
chr1	149979090	150179090	harbor2	chr1	150005972	150006172	DNA/TcMar-Tigger	437	+	100	150006072	26982
chr1	214138646	214338646	harbor2	chr1	214199265	214199464	DNA/TcMar-Tigger	882	+	100	214199365	60719
chr1	214138646	214338646	harbor2	chr1	214200630	214200873	DNA/TcMar-Tigger	1405	+	122	214200752	62106
chr1	11234036	11434036	harbor2	chr1	11244663	11245004	DNA/TcMar-Tigger	2113	+	170	11244833	10797
chr1	175381369	175581369	harbor2	chr1	175477884	175478185	DNA/TcMar-Tigger	555	+	150	175478034	96665
chr1	240276024	240476024	harbor2	chr1	240325503	240326068	DNA/TcMar-Tigger	2604	+	282	240325785	49761
chr1	240276024	240476024	harbor2	chr1	240338430	240338677	DNA/TcMar-Tigger	2252	+	124	240338554	62530
chr1	240276024	240476024	harbor2	chr1	240339205	240339504	DNA/TcMar-Tigger	2252	+	150	240339355	63331
chr1	235779671	235979671	harbor2	chr1	235862285	235862439	DNA/TcMar-Tigger	978	+	77	235862362	82691
chr1	235779671	235979671	harbor2	chr1	235862441	235862510	DNA/TcMar-Tigger	483	+	34	235862475	82804
chr1	209472166	209672166	harbor2	chr1	209486000	209486350	DNA/TcMar-Tigger	1991	+	175	209486175	14009
chr1	82002432	82202432	harbor2	chr1	82035669	82036261	DNA/TcMar-Tigger	3282	+	296	82035965	33533
chr1	154661658	154861658	harbor2	chr1	154743550	154743926	DNA/TcMar-Tigger	1793	+	188	154743738	82080
chr1	195485655	195685655	harbor2	chr1	195550526	195551041	DNA/TcMar-Tigger	2361	+	258	195550784	65129
chr1	195485655	195685655	harbor2	chr1	195553247	195553349	DNA/TcMar-Tigger	2884	+	51	195553298	67643
chr1	195485655	195685655	harbor2	chr1	195553396	195553414	DNA/TcMar-Tigger	2884	+	9	195553405	67750
chr1	195485655	195685655	harbor2	chr1	195553695	195554191	DNA/TcMar-Tigger	2884	+	248	195553943	68288
chr1	218443782	218643782	harbor2	chr1	218484590	218485826	DNA/TcMar-Tigger	6581	+	618	218485208	41426
chr1	218443782	218643782	harbor2	chr1	218510214	218510558	DNA/TcMar-Tigger	737	+	172	218510386	66604
chr1	77186693	77386693	harbor2	chr1	77202896	77203261	DNA/TcMar-Tigger	976	+	182	77203078	16385
chr1	228952988	229152988	harbor2	chr1	228965175	228965582	DNA/TcMar-Tigger	2558	+	204	228965379	12391
chr1	228952988	229152988	harbor2	chr1	228980668	228980950	DNA/TcMar-Tigger	1741	+	141	228980809	27821
chr1	228952988	229152988	harbor2	chr1	228981361	228981665	DNA/TcMar-Tigger	5590	+	152	228981513	28525
chr1	228952988	229152988	harbor2	chr1	228981967	228982093	DNA/TcMar-Tigger	5590	+	63	228982030	29042
chr1	228952988	229152988	harbor2	chr1	229001882	229002016	DNA/TcMar-Tigger	614	+	67	229001949	48961
chr1	228952988	229152988	harbor2	chr1	229002434	229002649	DNA/TcMar-Tigger	614	+	108	229002542	49554
chr1	228952988	229152988	harbor2	chr1	229011029	229011602	DNA/TcMar-Tigger	2943	+	286	229011315	58327
chr1	228952988	229152988	harbor2	chr1	228982382	228982902	DNA/TcMar-Tigger	5590	+	260	228982642	29654
chr1	114527150	114727150	harbor2	chr1	114574173	114574336	DNA/TcMar-Tigger	866	+	82	114574255	47105
chr1	114527150	114727150	harbor2	chr1	114574533	114574624	DNA/TcMar-Tigger	496	+	46	114574579	47429
chr1	241599865	241799865	harbor2	chr1	241654679	241655028	DNA/TcMar-Tigger	1640	+	174	241654853	54988
chr1	233840834	234040834	harbor2	chr1	233856166	233856404	DNA/TcMar-Tigger	1552	+	119	233856285	15451
chr1	234983094	235183094	harbor2	chr1	235057325	235057536	DNA/TcMar-Tigger	603	+	106	235057431	74337
chr1	234983094	235183094	harbor2	chr1	235071590	235071761	DNA/TcMar-Tigger	436	+	86	235071676	88582
chr1	213635920	213835920	harbor2	chr1	213698094	213698185	DNA/TcMar-Tigger	506	+	46	213698140	62220
chr1	210268422	210468422	harbor2	chr1	210271508	210272021	DNA/TcMar-Tigger	2837	+	256	210271764	3342
chr1	210268422	210468422	harbor2	chr1	210344274	210344487	DNA/TcMar-Tigger	1021	+	106	210344380	75958
chr1	210268422	210468422	harbor2	chr1	210345149	210345776	DNA/TcMar-Tigger	3773	+	314	210345463	77041
chr1	210268422	210468422	harbor2	chr1	210363770	210363940	DNA/TcMar-Tigger	428	+	85	210363855	95433
chr1	222861826	223061826	harbor2	chr1	222935918	222936324	DNA/TcMar-Tigger	1437	+	203	222936121	74295
chr1	222861826	223061826	harbor2	chr1	222955403	222955520	DNA/TcMar-Tigger	609	+	58	222955461	93635
chr1	222861826	223061826	harbor2	chr1	222955522	222955634	DNA/TcMar-Tigger	887	+	56	222955578	93752
chr1	154807861	155007861	harbor2	chr1	154854711	154854935	DNA/TcMar-Tigger	3536	+	112	154854823	46962
chr1	154807861	155007861	harbor2	chr1	154855250	154855710	DNA/TcMar-Tigger	3536	+	230	154855480	47619
chr1	243691294	243891294	harbor2	chr1	243742102	243742207	DNA/TcMar-Tigger	663	+	52	243742154	50860
chr1	243691294	243891294	harbor2	chr1	243760483	243761078	DNA/TcMar-Tigger	2994	+	298	243760781	69487
chr1	172094351	172294351	harbor2	chr1	172157538	172157887	DNA/TcMar-Tigger	1940	+	174	172157712	63361
chr1	172094351	172294351	harbor2	chr1	172177165	172177497	DNA/TcMar-Tigger	1925	+	166	172177331	82980
chr1	209242541	209442541	harbor2	chr1	209276552	209277142	DNA/TcMar-Tigger	4365	+	295	209276847	34306
chr1	209242541	209442541	harbor2	chr1	209277453	209277539	DNA/TcMar-Tigger	4365	+	43	209277496	34955
chr1	247508419	247708419	harbor2	chr1	247543300	247543552	DNA/TcMar-Tigger	1525	+	126	247543426	35007
chr1	117258018	117458018	harbor2	chr1	117324587	117325007	DNA/TcMar-Tigger	2409	+	210	117324797	66779
chr1	241857430	242057430	harbor2	chr1	241859330	241859698	DNA/TcMar-Tigger	1460	+	184	241859514	2084
chr1	241857430	242057430	harbor2	chr1	241924480	241924917	DNA/TcMar-Tigger	2744	+	218	241924698	67268
chr1	233384298	233584298	harbor2	chr1	233387621	233388203	DNA/TcMar-Tigger	3200	+	291	233387912	3614
chr1	233384298	233584298	harbor2	chr1	233390309	233390752	DNA/TcMar-Tigger	2694	+	222	233390531	6233
chr1	96665744	96865744	harbor2	chr1	96733710	96733891	DNA/TcMar-Tigger	799	+	90	96733800	68056
chr1	96665744	96865744	harbor2	chr1	96739554	96739618	DNA/TcMar-Tigger	760	+	32	96739586	73842
chr1	96665744	96865744	harbor2	chr1	96739924	96740014	DNA/TcMar-Tigger	760	+	45	96739969	74225
chr1	205669662	205869662	harbor2	chr1	205735154	205735457	DNA/TcMar-Tigger	1685	+	152	205735306	65644
chr1	205669662	205869662	harbor2	chr1	205744487	205744630	DNA/TcMar-Tigger	714	+	72	205744559	74897
chr1	205669662	205869662	harbor2	chr1	205744932	205745097	DNA/TcMar-Tigger	714	+	82	205745014	75352
chr1	184456653	184656653	harbor2	chr1	184513527	184513843	DNA/TcMar-Tigger	998	+	158	184513685	57032
chr1	184456653	184656653	harbor2	chr1	184513841	184514014	DNA/TcMar-Tigger	622	+	86	184513927	57274
chr1	184456653	184656653	harbor2	chr1	184514318	184514365	DNA/TcMar-Tigger	622	+	24	184514342	57689
chr1	184456653	184656653	harbor2	chr1	184549943	184550102	DNA/TcMar-Tigger	903	+	80	184550023	93370
chr1	239494288	239694288	harbor2	chr1	239521805	239522013	DNA/TcMar-Tigger	1154	+	104	239521909	27621
chr1	239494288	239694288	harbor2	chr1	239539541	239539627	DNA/TcMar-Tigger	1730	+	43	239539584	45296
chr1	239494288	239694288	harbor2	chr1	239539916	239540186	DNA/TcMar-Tigger	1730	+	135	239540051	45763
chr1	239494288	239694288	harbor2	chr1	239541016	239541166	DNA/TcMar-Tigger	785	+	75	239541091	46803
chr1	99234566	99434566	harbor2	chr1	99304117	99304459	DNA/TcMar-Tigger	1926	+	171	99304288	69722
chr1	238228258	238428258	harbor2	chr1	238296679	238299167	DNA/TcMar-Tigger	14127	+	1244	238297923	69665
chr1	238228258	238428258	harbor2	chr1	238239601	238239919	DNA/TcMar-Tigger	1873	+	159	238239760	11502
chr1	179563681	179763681	harbor2	chr1	179599744	179600152	DNA/TcMar-Tigger	2035	+	204	179599948	36267
chr1	179563681	179763681	harbor2	chr1	179600149	179600572	DNA/TcMar-Tigger	2801	+	212	179600361	36680
chr1	179563681	179763681	harbor2	chr1	179652722	179653074	DNA/TcMar-Tigger	2303	+	176	179652898	89217
chr1	203442744	203642744	harbor2	chr1	203493047	203493376	DNA/TcMar-Tigger	1899	+	164	203493211	50467
chr1	212450520	212650520	harbor2	chr1	212531059	212531366	DNA/TcMar-Tigger	1656	+	154	212531213	80693
chr1	212450520	212650520	harbor2	chr1	212544119	212544300	DNA/TcMar-Tigger	1150	+	90	212544209	93689
chr1	188506341	188706341	harbor2	chr1	188545682	188546047	DNA/TcMar-Tigger	2590	+	182	188545864	39523
chr1	188506341	188706341	harbor2	chr1	188546342	188546541	DNA/TcMar-Tigger	2590	+	100	188546442	40101
chr1	179335867	179535867	harbor2	chr1	179339809	179340092	DNA/TcMar-Tigger	775	+	142	179339951	4084
chr1	248110700	248310700	harbor2	chr1	248140388	248140727	DNA/TcMar-Tigger	1495	+	170	248140558	29858
chr1	248110700	248310700	harbor2	chr1	248175257	248175593	DNA/TcMar-Tigger	1528	+	168	248175425	64725
chr1	248110700	248310700	harbor2	chr1	248197770	248198025	DNA/TcMar-Tigger	1305	+	128	248197898	87198
chr1	49622486	49822486	harbor2	chr1	49689852	49690331	DNA/TcMar-Tigger	2891	+	240	49690092	67606
chr1	49622486	49822486	harbor2	chr1	49696425	49696739	DNA/TcMar-Tigger	1588	+	157	49696582	74096
chr1	49622486	49822486	harbor2	chr1	49720150	49720170	DNA/TcMar-Tigger	1050	+	10	49720160	97674
chr1	49622486	49822486	harbor2	chr1	49720203	49720402	DNA/TcMar-Tigger	1050	+	100	49720303	97817
chr1	221589718	221789718	harbor2	chr1	221605900	221607054	DNA/TcMar-Tigger	13539	+	577	221606477	16759
chr1	221589718	221789718	harbor2	chr1	221607360	221607447	DNA/TcMar-Tigger	13539	+	44	221607404	17686
chr1	221589718	221789718	harbor2	chr1	221607749	221608453	DNA/TcMar-Tigger	13539	+	352	221608101	18383
chr1	221589718	221789718	harbor2	chr1	221608764	221609196	DNA/TcMar-Tigger	13539	+	216	221608980	19262
chr1	105246022	105446022	harbor2	chr1	105269927	105271807	DNA/TcMar-Tigger	12167	+	940	105270867	24845
chr1	105246022	105446022	harbor2	chr1	105272099	105272540	DNA/TcMar-Tigger	12167	+	220	105272319	26297
chr1	105246022	105446022	harbor2	chr1	105272906	105272969	DNA/TcMar-Tigger	12167	+	32	105272938	26916
chr1	105246022	105446022	harbor2	chr1	105343058	105343790	DNA/TcMar-Tigger	5331	+	366	105343424	97402
chr1	105246022	105446022	harbor2	chr1	105344466	105344944	DNA/TcMar-Tigger	5331	+	239	105344705	98683
chr1	239745667	239945667	harbor2	chr1	239755384	239755509	DNA/TcMar-Tigger	457	+	62	239755446	9779
chr1	239745667	239945667	harbor2	chr1	239770391	239770546	DNA/TcMar-Tigger	609	+	78	239770469	24802
chr1	239745667	239945667	harbor2	chr1	239798186	239798390	DNA/TcMar-Tigger	996	+	102	239798288	52621
chr1	195283504	195483504	harbor2	chr1	195342564	195345099	DNA/TcMar-Tigger	12531	+	1268	195343832	60328
chr1	195283504	195483504	harbor2	chr1	195371674	195371848	DNA/TcMar-Tigger	567	+	87	195371761	88257
chr1	246336560	246536560	harbor2	chr1	246374242	246374689	DNA/TcMar-Tigger	2027	+	224	246374466	37906
chr1	246336560	246536560	harbor2	chr1	246375113	246375307	DNA/TcMar-Tigger	1008	+	97	246375210	38650
chr1	164499090	164699090	harbor2	chr1	164538213	164538253	DNA/TcMar-Tigger	4355	+	20	164538233	39143
chr1	164499090	164699090	harbor2	chr1	164538562	164538870	DNA/TcMar-Tigger	4355	+	154	164538716	39626
chr1	164499090	164699090	harbor2	chr1	164539172	164539579	DNA/TcMar-Tigger	4355	+	204	164539376	40286
chr1	164499090	164699090	harbor2	chr1	164591369	164591716	DNA/TcMar-Tigger	600	+	174	164591543	92453
chr1	60647439	60847439	harbor2	chr1	60691797	60692483	DNA/TcMar-Tigger	14247	+	343	60692140	44701
chr1	60647439	60847439	harbor2	chr1	60692776	60694015	DNA/TcMar-Tigger	14247	+	620	60693396	45957
chr1	60647439	60847439	harbor2	chr1	60694240	60694742	DNA/TcMar-Tigger	14247	+	251	60694491	47052
chr1	210578299	210778299	harbor2	chr1	210626719	210626882	DNA/TcMar-Tigger	536	+	82	210626801	48502
chr1	210578299	210778299	harbor2	chr1	210641558	210642162	DNA/TcMar-Tigger	3025	+	302	210641860	63561
chr1	210578299	210778299	harbor2	chr1	210677751	210677959	DNA/TcMar-Tigger	473	+	104	210677855	99556
chr1	107255502	107455502	harbor2	chr1	107291031	107291469	DNA/TcMar-Tigger	2644	+	219	107291250	35748
chr1	107255502	107455502	harbor2	chr1	107318061	107318770	DNA/TcMar-Tigger	3806	+	354	107318415	62913
chr1	112300492	112500492	harbor2	chr1	112352741	112353130	DNA/TcMar-Tigger	2043	+	194	112352935	52443
chr1	112300492	112500492	harbor2	chr1	112366239	112366615	DNA/TcMar-Tigger	715	+	188	112366427	65935
chr1	112300492	112500492	harbor2	chr1	112366599	112366769	DNA/TcMar-Tigger	609	+	85	112366684	66192
chr1	159319332	159519332	harbor2	chr1	159359452	159359731	DNA/TcMar-Tigger	1565	+	140	159359592	40260
chr1	180741127	180941127	harbor2	chr1	180755265	180755873	DNA/TcMar-Tigger	2972	+	304	180755569	14442
chr1	180741127	180941127	harbor2	chr1	180757822	180758081	DNA/TcMar-Tigger	1418	+	130	180757952	16825
chr1	180741127	180941127	harbor2	chr1	180762341	180764422	DNA/TcMar-Tigger	13133	+	1040	180763381	22254
chr1	180741127	180941127	harbor2	chr1	180811818	180812043	DNA/TcMar-Tigger	705	+	112	180811930	70803
chr1	180741127	180941127	harbor2	chr1	180816558	180817617	DNA/TcMar-Tigger	6448	+	530	180817088	75961
chr1	189833316	190033316	harbor2	chr1	189880118	189880639	DNA/TcMar-Tigger	2540	+	260	189880378	47062
chr1	189833316	190033316	harbor2	chr1	189880641	189880870	DNA/TcMar-Tigger	1553	+	114	189880755	47439
chr1	189833316	190033316	harbor2	chr1	189880887	189881024	DNA/TcMar-Tigger	643	+	68	189880955	47639
chr1	195565940	195765940	harbor2	chr1	195656971	195657278	DNA/TcMar-Tigger	509	+	154	195657125	91185
chr1	233891345	234091345	harbor2	chr1	233951159	233951549	DNA/TcMar-Tigger	2348	+	195	233951354	60009
chr1	230695390	230895390	harbor2	chr1	230756558	230756651	DNA/TcMar-Tigger	504	+	46	230756604	61214
chr1	230695390	230895390	harbor2	chr1	230757072	230757217	DNA/TcMar-Tigger	892	+	72	230757144	61754
chr1	230695390	230895390	harbor2	chr1	230769691	230770100	DNA/TcMar-Tigger	2211	+	204	230769895	74505
chr1	172160997	172360997	harbor2	chr1	172177165	172177497	DNA/TcMar-Tigger	1925	+	166	172177331	16334
chr1	172160997	172360997	harbor2	chr1	172218576	172218690	DNA/TcMar-Tigger	540	+	57	172218633	57636
chr1	172160997	172360997	harbor2	chr1	172249084	172249688	DNA/TcMar-Tigger	555	+	302	172249386	88389
chr1	239280898	239480898	harbor2	chr1	239305106	239305383	DNA/TcMar-Tigger	630	+	138	239305244	24346
chr1	93624306	93824306	harbor2	chr1	93632335	93632481	DNA/TcMar-Tigger	768	+	73	93632408	8102
chr1	93624306	93824306	harbor2	chr1	93632500	93632618	DNA/TcMar-Tigger	790	+	59	93632559	8253
chr1	93624306	93824306	harbor2	chr1	93641795	93642105	DNA/TcMar-Tigger	1189	+	155	93641950	17644
chr1	111666864	111866864	harbor2	chr1	111728509	111728846	DNA/TcMar-Tigger	2068	+	168	111728677	61813
chr1	111666864	111866864	harbor2	chr1	111758943	111759265	DNA/TcMar-Tigger	1186	+	161	111759104	92240
chr1	107412770	107612770	harbor2	chr1	107507154	107508918	DNA/TcMar-Tigger	13365	+	882	107508036	95266
chr1	107412770	107612770	harbor2	chr1	107509207	107509491	DNA/TcMar-Tigger	13365	+	142	107509349	96579
chr1	107412770	107612770	harbor2	chr1	107511888	107512235	DNA/TcMar-Tigger	2293	+	174	107512062	99292
chr1	174343199	174543199	harbor2	chr1	174431750	174431884	DNA/TcMar-Tigger	404	+	67	174431817	88618
chr1	220423985	220623985	harbor2	chr1	220473300	220473619	DNA/TcMar-Tigger	1927	+	160	220473460	49475
chr1	220423985	220623985	harbor2	chr1	220507835	220508159	DNA/TcMar-Tigger	1486	+	162	220507997	84012
chr1	220423985	220623985	harbor2	chr1	220516889	220519270	DNA/TcMar-Tigger	14910	+	1190	220518079	94094
chr1	232760383	232960383	harbor2	chr1	232762202	232762454	DNA/TcMar-Tigger	2360	+	126	232762328	1945
chr1	232760383	232960383	harbor2	chr1	232762763	232762954	DNA/TcMar-Tigger	2360	+	96	232762859	2476
chr1	232760383	232960383	harbor2	chr1	232774379	232774807	DNA/TcMar-Tigger	2608	+	214	232774593	14210
chr1	170865001	171065001	harbor2	chr1	170877095	170877359	DNA/TcMar-Tigger	1627	+	132	170877227	12226
chr1	170865001	171065001	harbor2	chr1	170877362	170877584	DNA/TcMar-Tigger	1383	+	111	170877473	12472
chr1	170865001	171065001	harbor2	chr1	170925349	170925699	DNA/TcMar-Tigger	1619	+	175	170925524	60523
chr1	186265567	186465567	harbor2	chr1	186277757	186278027	DNA/TcMar-Tigger	806	+	135	186277892	12325
chr1	186265567	186465567	harbor2	chr1	186363552	186365102	DNA/TcMar-Tigger	13987	+	775	186364327	98760
chr1	236078850	236278850	harbor2	chr1	236079332	236079602	DNA/TcMar-Tigger	924	+	135	236079467	617
chr1	236078850	236278850	harbor2	chr1	236079804	236080012	DNA/TcMar-Tigger	920	+	104	236079908	1058
chr2	221107524	221307524	harbor2	chr2	221109378	221109701	DNA/TcMar-Tigger	596	+	162	221109540	2016
chr2	210034896	210234896	harbor2	chr2	210086878	210087016	DNA/TcMar-Tigger	483	+	69	210086947	52051
chr2	210034896	210234896	harbor2	chr2	210087319	210087485	DNA/TcMar-Tigger	483	+	83	210087402	52506
chr2	196527741	196727741	harbor2	chr2	196541054	196541645	DNA/TcMar-Tigger	1524	+	296	196541350	13609
chr2	196527741	196727741	harbor2	chr2	196568447	196568547	DNA/TcMar-Tigger	498	+	50	196568497	40756
chr2	196527741	196727741	harbor2	chr2	196568548	196568758	DNA/TcMar-Tigger	1120	+	105	196568653	40912
chr2	196527741	196727741	harbor2	chr2	196568748	196569053	DNA/TcMar-Tigger	1836	+	152	196568900	41159
chr2	196527741	196727741	harbor2	chr2	196575573	196575629	DNA/TcMar-Tigger	1948	+	28	196575601	47860
chr2	196527741	196727741	harbor2	chr2	196576047	196576350	DNA/TcMar-Tigger	1948	+	152	196576199	48458
chr2	165989780	166189780	harbor2	chr2	166020371	166020916	DNA/TcMar-Tigger	816	+	272	166020643	30863
chr2	171865461	172065461	harbor2	chr2	171944469	171944654	DNA/TcMar-Tigger	688	+	92	171944561	79100
chr2	225496683	225696683	harbor2	chr2	225550234	225550342	DNA/TcMar-Tigger	481	+	54	225550288	53605
chr2	218241789	218441789	harbor2	chr2	218288521	218288713	DNA/TcMar-Tigger	1081	+	96	218288617	46828
chr2	218241789	218441789	harbor2	chr2	218310523	218310584	DNA/TcMar-Tigger	1391	+	30	218310553	68764
chr2	218241789	218441789	harbor2	chr2	218310890	218311118	DNA/TcMar-Tigger	1391	+	114	218311004	69215
chr2	178988765	179188765	harbor2	chr2	179033171	179033470	DNA/TcMar-Tigger	1058	+	150	179033321	44556
chr2	164507673	164707673	harbor2	chr2	164598201	164598388	DNA/TcMar-Tigger	418	+	94	164598295	90622
chr2	237819401	238019401	harbor2	chr2	237826695	237826915	DNA/TcMar-Tigger	1191	+	110	237826805	7404
chr2	237819401	238019401	harbor2	chr2	237834944	237835767	DNA/TcMar-Tigger	4308	+	412	237835356	15955
chr2	237819401	238019401	harbor2	chr2	237835906	237836298	DNA/TcMar-Tigger	2516	+	196	237836102	16701
chr2	237819401	238019401	harbor2	chr2	237837109	237837678	DNA/TcMar-Tigger	5157	+	284	237837393	17992
chr2	237819401	238019401	harbor2	chr2	237837809	237838119	DNA/TcMar-Tigger	5157	+	155	237837964	18563
chr2	193872606	194072606	harbor2	chr2	193909311	193910343	DNA/TcMar-Tigger	6480	+	516	193909827	37221
chr2	193872606	194072606	harbor2	chr2	193910652	193910730	DNA/TcMar-Tigger	6480	+	39	193910691	38085
chr2	193872606	194072606	harbor2	chr2	193922463	193922676	DNA/TcMar-Tigger	988	+	106	193922569	49963
chr2	147463212	147663212	harbor2	chr2	147493382	147495578	DNA/TcMar-Tigger	13484	+	1098	147494480	31268
chr2	147463212	147663212	harbor2	chr2	147495876	147496208	DNA/TcMar-Tigger	13484	+	166	147496042	32830
chr2	241492394	241692394	harbor2	chr2	241537592	241537980	DNA/TcMar-Tigger	1966	+	194	241537786	45392
chr2	241492394	241692394	harbor2	chr2	241544098	241544198	DNA/TcMar-Tigger	1713	+	50	241544148	51754
chr2	241492394	241692394	harbor2	chr2	241544366	241544631	DNA/TcMar-Tigger	1713	+	132	241544498	52104
chr2	241492394	241692394	harbor2	chr2	241581811	241582019	DNA/TcMar-Tigger	1018	+	104	241581915	89521
chr2	81089887	81289887	harbor2	chr2	81142263	81144205	DNA/TcMar-Tigger	10899	+	971	81143234	53347
chr2	81089887	81289887	harbor2	chr2	81144265	81144349	DNA/TcMar-Tigger	479	+	42	81144307	54420
chr2	81089887	81289887	harbor2	chr2	81180547	81180887	DNA/TcMar-Tigger	2056	+	170	81180717	90830
chr2	219500497	219700497	harbor2	chr2	219588644	219588811	DNA/TcMar-Tigger	1503	+	84	219588728	88231
chr2	219500497	219700497	harbor2	chr2	219589120	219589170	DNA/TcMar-Tigger	1503	+	25	219589145	88648
chr2	219500497	219700497	harbor2	chr2	219589676	219589791	DNA/TcMar-Tigger	1503	+	58	219589734	89237
chr2	180184112	180384112	harbor2	chr2	180198933	180199271	DNA/TcMar-Tigger	1544	+	169	180199102	14990
chr2	180184112	180384112	harbor2	chr2	180259054	180259387	DNA/TcMar-Tigger	1686	+	166	180259220	75108
chr2	235560770	235760770	harbor2	chr2	235597617	235597715	DNA/TcMar-Tigger	428	+	49	235597666	36896
chr2	235560770	235760770	harbor2	chr2	235598092	235598562	DNA/TcMar-Tigger	2574	+	235	235598327	37557
chr2	52119616	52319616	harbor2	chr2	52193916	52194052	DNA/TcMar-Tigger	675	+	68	52193984	74368
chr2	52119616	52319616	harbor2	chr2	52208427	52208550	DNA/TcMar-Tigger	607	+	62	52208489	88873
chr2	202646408	202846408	harbor2	chr2	202684293	202684926	DNA/TcMar-Tigger	3042	+	316	202684609	38201
chr2	202646408	202846408	harbor2	chr2	202695247	202695775	DNA/TcMar-Tigger	2580	+	264	202695511	49103
chr2	202646408	202846408	harbor2	chr2	202699741	202700685	DNA/TcMar-Tigger	14859	+	472	202700213	53805
chr2	202646408	202846408	harbor2	chr2	202700999	202702113	DNA/TcMar-Tigger	14859	+	557	202701556	55148
chr2	202646408	202846408	harbor2	chr2	202702419	202702562	DNA/TcMar-Tigger	14859	+	72	202702491	56083
chr2	202646408	202846408	harbor2	chr2	202702853	202703062	DNA/TcMar-Tigger	14859	+	104	202702957	56549
chr2	202646408	202846408	harbor2	chr2	202727414	202727740	DNA/TcMar-Tigger	1189	+	163	202727577	81169
chr2	145992020	146192020	harbor2	chr2	146026488	146026887	DNA/TcMar-Tigger	2102	+	200	146026688	34668
chr2	202710707	202910707	harbor2	chr2	202727414	202727740	DNA/TcMar-Tigger	1189	+	163	202727577	16870
chr2	159410390	159610390	harbor2	chr2	159430145	159430556	DNA/TcMar-Tigger	2495	+	206	159430351	19961
chr2	217657933	217857933	harbor2	chr2	217689521	217689599	DNA/TcMar-Tigger	476	+	39	217689560	31627
chr2	217657933	217857933	harbor2	chr2	217757294	217757639	DNA/TcMar-Tigger	1804	+	172	217757466	99533
chr2	181460396	181660396	harbor2	chr2	181538431	181538610	DNA/TcMar-Tigger	473	+	90	181538521	78125
chr2	181460396	181660396	harbor2	chr2	181538634	181538917	DNA/TcMar-Tigger	507	+	142	181538776	78380
chr2	137853701	138053701	harbor2	chr2	137914412	137914635	DNA/TcMar-Tigger	924	+	112	137914524	60823
chr2	236432858	236632858	harbor2	chr2	236525413	236526093	DNA/TcMar-Tigger	3975	+	340	236525753	92895
chr2	138171787	138371787	harbor2	chr2	138251021	138251166	DNA/TcMar-Tigger	881	+	72	138251093	79306
chr2	241796204	241996204	harbor2	chr2	241859749	241859901	DNA/TcMar-Tigger	511	+	76	241859825	63621
chr2	218191633	218391633	harbor2	chr2	218223082	218223485	DNA/TcMar-Tigger	2478	+	202	218223284	31651
chr2	218191633	218391633	harbor2	chr2	218223507	218223583	DNA/TcMar-Tigger	446	+	38	218223545	31912
chr2	218191633	218391633	harbor2	chr2	218288521	218288713	DNA/TcMar-Tigger	1081	+	96	218288617	96984
chr2	205978205	206178205	harbor2	chr2	206055692	206056027	DNA/TcMar-Tigger	2158	+	168	206055860	77655
chr2	205978205	206178205	harbor2	chr2	206057116	206057270	DNA/TcMar-Tigger	535	+	77	206057193	78988
chr2	205978205	206178205	harbor2	chr2	206069142	206069459	DNA/TcMar-Tigger	1616	+	158	206069300	91095
chr2	214472167	214672167	harbor2	chr2	214479874	214480214	DNA/TcMar-Tigger	1562	+	170	214480044	7877
chr2	239677790	239877790	harbor2	chr2	239701694	239701747	DNA/TcMar-Tigger	1362	+	26	239701720	23930
chr2	239677790	239877790	harbor2	chr2	239702046	239702332	DNA/TcMar-Tigger	1362	+	143	239702189	24399
chr2	189661820	189861820	harbor2	chr2	189672119	189672238	DNA/TcMar-Tigger	643	+	60	189672179	10359
chr2	189661820	189861820	harbor2	chr2	189708250	189708389	DNA/TcMar-Tigger	611	+	70	189708320	46500
chr2	189661820	189861820	harbor2	chr2	189708400	189708742	DNA/TcMar-Tigger	1978	+	171	189708571	46751
chr2	189661820	189861820	harbor2	chr2	189708743	189708846	DNA/TcMar-Tigger	723	+	52	189708795	46975
chr2	147424710	147624710	harbor2	chr2	147493382	147495578	DNA/TcMar-Tigger	13484	+	1098	147494480	69770
chr2	147424710	147624710	harbor2	chr2	147495876	147496208	DNA/TcMar-Tigger	13484	+	166	147496042	71332
chr2	219568824	219768824	harbor2	chr2	219588644	219588811	DNA/TcMar-Tigger	1503	+	84	219588728	19904
chr2	219568824	219768824	harbor2	chr2	219589120	219589170	DNA/TcMar-Tigger	1503	+	25	219589145	20321
chr2	219568824	219768824	harbor2	chr2	219589676	219589791	DNA/TcMar-Tigger	1503	+	58	219589734	20910
chr2	84614207	84814207	harbor2	chr2	84645953	84646766	DNA/TcMar-Tigger	5494	+	406	84646359	32152
chr2	84614207	84814207	harbor2	chr2	84646768	84646847	DNA/TcMar-Tigger	769	+	40	84646808	32601
chr2	84614207	84814207	harbor2	chr2	84647147	84647185	DNA/TcMar-Tigger	769	+	19	84647166	32959
chr2	84614207	84814207	harbor2	chr2	84647225	84647662	DNA/TcMar-Tigger	10383	+	218	84647443	33236
chr2	84614207	84814207	harbor2	chr2	84648169	84649291	DNA/TcMar-Tigger	10383	+	561	84648730	34523
chr2	84614207	84814207	harbor2	chr2	84676070	84676678	DNA/TcMar-Tigger	3027	+	304	84676374	62167
chr2	160728722	160928722	harbor2	chr2	160794634	160795471	DNA/TcMar-Tigger	8261	+	418	160795052	66330
chr2	160728722	160928722	harbor2	chr2	160795795	160795977	DNA/TcMar-Tigger	8261	+	91	160795886	67164
chr2	160728722	160928722	harbor2	chr2	160796614	160796812	DNA/TcMar-Tigger	8261	+	99	160796713	67991
chr2	160728722	160928722	harbor2	chr2	160797099	160797326	DNA/TcMar-Tigger	8261	+	114	160797213	68491
chr2	160728722	160928722	harbor2	chr2	160803510	160804340	DNA/TcMar-Tigger	5946	+	415	160803925	75203
chr2	160728722	160928722	harbor2	chr2	160804644	160804761	DNA/TcMar-Tigger	5946	+	58	160804702	75980
chr2	239957143	240157143	harbor2	chr2	239978598	239978857	DNA/TcMar-Tigger	872	+	130	239978728	21585
chr2	239957143	240157143	harbor2	chr2	239999874	239999998	DNA/TcMar-Tigger	473	+	62	239999936	42793
chr2	239957143	240157143	harbor2	chr2	240000001	240000486	DNA/TcMar-Tigger	2594	+	242	240000243	43100
chr2	239957143	240157143	harbor2	chr2	240000478	240000978	DNA/TcMar-Tigger	2970	+	250	240000728	43585
chr2	239957143	240157143	harbor2	chr2	240028747	240028859	DNA/TcMar-Tigger	508	+	56	240028803	71660
chr2	165142667	165342667	harbor2	chr2	165167608	165167904	DNA/TcMar-Tigger	844	+	148	165167756	25089
chr2	165142667	165342667	harbor2	chr2	165167942	165168205	DNA/TcMar-Tigger	820	+	132	165168074	25407
chr2	241398629	241598629	harbor2	chr2	241427295	241427377	DNA/TcMar-Tigger	872	+	41	241427336	28707
chr2	241398629	241598629	harbor2	chr2	241427495	241427638	DNA/TcMar-Tigger	872	+	72	241427567	28938
chr2	232235480	232435480	harbor2	chr2	232265445	232265721	DNA/TcMar-Tigger	918	+	138	232265583	30103
chr2	232235480	232435480	harbor2	chr2	232265724	232266029	DNA/TcMar-Tigger	712	+	152	232265876	30396
chr2	105815027	106015027	harbor2	chr2	105911158	105911366	DNA/TcMar-Tigger	752	+	104	105911262	96235
chr2	44174058	44374058	harbor2	chr2	44251293	44251904	DNA/TcMar-Tigger	3724	+	306	44251599	77541
chr2	157785407	157985407	harbor2	chr2	157788224	157788755	DNA/TcMar-Tigger	2847	+	266	157788490	3083
chr2	228036581	228236581	harbor2	chr2	228048503	228048742	DNA/TcMar-Tigger	1434	+	120	228048623	12042
chr2	228036581	228236581	harbor2	chr2	228048879	228048976	DNA/TcMar-Tigger	440	+	48	228048927	12346
chr2	146007713	146207713	harbor2	chr2	146026488	146026887	DNA/TcMar-Tigger	2102	+	200	146026688	18975
chr2	222285873	222485873	harbor2	chr2	222322987	222323086	DNA/TcMar-Tigger	558	+	50	222323037	37164
chr2	222285873	222485873	harbor2	chr2	222323586	222323756	DNA/TcMar-Tigger	1170	+	85	222323671	37798
chr2	222285873	222485873	harbor2	chr2	222327348	222327762	DNA/TcMar-Tigger	2584	+	207	222327555	41682
chr2	222285873	222485873	harbor2	chr2	222342199	222342374	DNA/TcMar-Tigger	2406	+	88	222342287	56414
chr2	222285873	222485873	harbor2	chr2	222342732	222342942	DNA/TcMar-Tigger	2406	+	105	222342837	56964
chr2	222830527	223030527	harbor2	chr2	222856869	222858449	DNA/TcMar-Tigger	13552	+	790	222857659	27132
chr2	222830527	223030527	harbor2	chr2	222858748	222859105	DNA/TcMar-Tigger	13552	+	178	222858926	28399
chr2	222830527	223030527	harbor2	chr2	222859401	222859519	DNA/TcMar-Tigger	13552	+	59	222859460	28933
chr2	222830527	223030527	harbor2	chr2	222926039	222926300	DNA/TcMar-Tigger	1041	+	130	222926169	95642
chr2	152681588	152881588	harbor2	chr2	152693309	152693630	DNA/TcMar-Tigger	805	+	160	152693469	11881
chr2	152681588	152881588	harbor2	chr2	152726696	152727889	DNA/TcMar-Tigger	6074	+	596	152727292	45704
chr2	152681588	152881588	harbor2	chr2	152736660	152736976	DNA/TcMar-Tigger	1526	+	158	152736818	55230
chr2	152681588	152881588	harbor2	chr2	152761559	152761897	DNA/TcMar-Tigger	2054	+	169	152761728	80140
chr2	157980377	158180377	harbor2	chr2	157999701	157999775	DNA/TcMar-Tigger	426	+	37	157999738	19361
chr2	193976037	194176037	harbor2	chr2	193994991	193997411	DNA/TcMar-Tigger	13431	+	1210	193996201	20164
chr2	193976037	194176037	harbor2	chr2	193997415	193997563	DNA/TcMar-Tigger	678	+	74	193997489	21452
chr2	193976037	194176037	harbor2	chr2	193997739	193997936	DNA/TcMar-Tigger	780	+	98	193997837	21800
chr2	193976037	194176037	harbor2	chr2	193999505	193999693	DNA/TcMar-Tigger	1010	+	94	193999599	23562
chr2	104548284	104748284	harbor2	chr2	104557055	104557248	DNA/TcMar-Tigger	744	+	96	104557151	8867
chr2	104548284	104748284	harbor2	chr2	104603436	104603779	DNA/TcMar-Tigger	10914	+	172	104603608	55324
chr2	104548284	104748284	harbor2	chr2	104603811	104605006	DNA/TcMar-Tigger	10914	+	598	104604409	56125
chr2	104548284	104748284	harbor2	chr2	104605318	104605685	DNA/TcMar-Tigger	10914	+	184	104605502	57218
chr2	104548284	104748284	harbor2	chr2	104606001	104606328	DNA/TcMar-Tigger	10914	+	164	104606165	57881
chr2	104548284	104748284	harbor2	chr2	104612907	104613169	DNA/TcMar-Tigger	1426	+	131	104613038	64754
chr2	97552791	97752791	harbor2	chr2	97566733	97566756	DNA/TcMar-Tigger	2824	+	12	97566745	13954
chr2	97552791	97752791	harbor2	chr2	97567591	97568256	DNA/TcMar-Tigger	2824	+	332	97567923	15132
chr2	59195522	59395522	harbor2	chr2	59279395	59279815	DNA/TcMar-Tigger	2355	+	210	59279605	84083
chr2	175156201	175356201	harbor2	chr2	175212464	175212597	DNA/TcMar-Tigger	471	+	66	175212530	56329
chr2	203944036	204144036	harbor2	chr2	204000154	204000404	DNA/TcMar-Tigger	797	+	125	204000279	56243
chr2	230087964	230287964	harbor2	chr2	230110628	230111115	DNA/TcMar-Tigger	3116	+	244	230110872	22908
chr2	230087964	230287964	harbor2	chr2	230111440	230111967	DNA/TcMar-Tigger	2912	+	264	230111704	23740
chr2	161814416	162014416	harbor2	chr2	161822572	161822631	DNA/TcMar-Tigger	430	+	30	161822602	8186
chr2	161814416	162014416	harbor2	chr2	161823002	161823751	DNA/TcMar-Tigger	4352	+	374	161823376	8960
chr2	161814416	162014416	harbor2	chr2	161893344	161893418	DNA/TcMar-Tigger	417	+	37	161893381	78965
chr2	161814416	162014416	harbor2	chr2	161893719	161893850	DNA/TcMar-Tigger	417	+	66	161893785	79369
chr2	161814416	162014416	harbor2	chr2	161893919	161893988	DNA/TcMar-Tigger	454	+	34	161893953	79537
chr2	161814416	162014416	harbor2	chr2	161894070	161894198	DNA/TcMar-Tigger	811	+	64	161894134	79718
chr2	161814416	162014416	harbor2	chr2	161823750	161825253	DNA/TcMar-Tigger	9118	+	752	161824502	10086
chr2	230019281	230219281	harbor2	chr2	230110628	230111115	DNA/TcMar-Tigger	3116	+	244	230110872	91591
chr2	230019281	230219281	harbor2	chr2	230111440	230111967	DNA/TcMar-Tigger	2912	+	264	230111704	92423
chr2	190193282	190393282	harbor2	chr2	190247736	190248026	DNA/TcMar-Tigger	1355	+	145	190247881	54599
chr2	190193282	190393282	harbor2	chr2	190283008	190283141	DNA/TcMar-Tigger	547	+	66	190283074	89792
chr2	190193282	190393282	harbor2	chr2	190283587	190283653	DNA/TcMar-Tigger	547	+	33	190283620	90338
chr2	103518357	103718357	harbor2	chr2	103586001	103586438	DNA/TcMar-Tigger	613	+	218	103586219	67862
chr2	202602746	202802746	harbor2	chr2	202684293	202684926	DNA/TcMar-Tigger	3042	+	316	202684609	81863
chr2	202602746	202802746	harbor2	chr2	202695247	202695775	DNA/TcMar-Tigger	2580	+	264	202695511	92765
chr2	202602746	202802746	harbor2	chr2	202699741	202700685	DNA/TcMar-Tigger	14859	+	472	202700213	97467
chr2	202602746	202802746	harbor2	chr2	202700999	202702113	DNA/TcMar-Tigger	14859	+	557	202701556	98810
chr2	202602746	202802746	harbor2	chr2	202702419	202702562	DNA/TcMar-Tigger	14859	+	72	202702491	99745
chr2	137187473	137387473	harbor2	chr2	137195952	137196376	DNA/TcMar-Tigger	5219	+	212	137196164	8691
chr2	137187473	137387473	harbor2	chr2	137196404	137196897	DNA/TcMar-Tigger	5219	+	246	137196650	9177
chr2	237983261	238183261	harbor2	chr2	238073663	238074022	DNA/TcMar-Tigger	2456	+	180	238073843	90582
chr2	237983261	238183261	harbor2	chr2	238074320	238074407	DNA/TcMar-Tigger	2456	+	44	238074364	91103
chr2	206576457	206776457	harbor2	chr2	206593968	206594236	DNA/TcMar-Tigger	1507	+	134	206594102	17645
chr2	206576457	206776457	harbor2	chr2	206654215	206654656	DNA/TcMar-Tigger	2629	+	220	206654435	77978
chr2	206576457	206776457	harbor2	chr2	206661434	206661856	DNA/TcMar-Tigger	2215	+	211	206661645	85188
chr2	206576457	206776457	harbor2	chr2	206661872	206662334	DNA/TcMar-Tigger	2552	+	231	206662103	85646
chr2	88717162	88917162	harbor2	chr2	88799056	88799385	DNA/TcMar-Tigger	1927	+	164	88799220	82058
chr2	196066688	196266688	harbor2	chr2	196122967	196123349	DNA/TcMar-Tigger	1542	+	191	196123158	56470
chr2	196066688	196266688	harbor2	chr2	196133162	196133413	DNA/TcMar-Tigger	1386	+	126	196133288	66600
chr2	235327843	235527843	harbor2	chr2	235329213	235329604	DNA/TcMar-Tigger	2150	+	196	235329409	1566
chr2	235327843	235527843	harbor2	chr2	235339101	235339324	DNA/TcMar-Tigger	594	+	112	235339213	11370
chr2	235327843	235527843	harbor2	chr2	235423374	235425593	DNA/TcMar-Tigger	14587	+	1110	235424484	96641
chr2	235327843	235527843	harbor2	chr2	235425879	235426018	DNA/TcMar-Tigger	14587	+	70	235425949	98106
chr2	213500804	213700804	harbor2	chr2	213596941	213597166	DNA/TcMar-Tigger	551	+	112	213597053	96249
chr2	213500804	213700804	harbor2	chr2	213599337	213599692	DNA/TcMar-Tigger	2116	+	178	213599515	98711
chr2	213500804	213700804	harbor2	chr2	213599986	213600083	DNA/TcMar-Tigger	2116	+	48	213600034	99230
chr2	241415096	241615096	harbor2	chr2	241427295	241427377	DNA/TcMar-Tigger	872	+	41	241427336	12240
chr2	241415096	241615096	harbor2	chr2	241427495	241427638	DNA/TcMar-Tigger	872	+	72	241427567	12471
chr2	180370491	180570491	harbor2	chr2	180382207	180382510	DNA/TcMar-Tigger	1096	+	152	180382359	11868
chr2	133096679	133296679	harbor2	chr2	133133940	133134517	DNA/TcMar-Tigger	2604	+	288	133134228	37549
chr2	133096679	133296679	harbor2	chr2	133150095	133150329	DNA/TcMar-Tigger	1039	+	117	133150212	53533
chr2	133096679	133296679	harbor2	chr2	133152716	133153050	DNA/TcMar-Tigger	2060	+	167	133152883	56204
chr2	75235873	75435873	harbor2	chr2	75238955	75239942	DNA/TcMar-Tigger	4316	+	494	75239449	3576
chr2	75235873	75435873	harbor2	chr2	75307784	75309202	DNA/TcMar-Tigger	13710	+	709	75308493	72620
chr2	75235873	75435873	harbor2	chr2	75309498	75310342	DNA/TcMar-Tigger	13710	+	422	75309920	74047
chr2	75235873	75435873	harbor2	chr2	75311525	75311726	DNA/TcMar-Tigger	814	+	100	75311625	75752
chr2	75235873	75435873	harbor2	chr2	75323574	75324011	DNA/TcMar-Tigger	2689	+	218	75323792	87919
chr2	157121547	157321547	harbor2	chr2	157160750	157160974	DNA/TcMar-Tigger	1112	+	112	157160862	39315
chr2	227430707	227630707	harbor2	chr2	227442586	227442920	DNA/TcMar-Tigger	2167	+	167	227442753	12046
chr2	214070347	214270347	harbor2	chr2	214121654	214121992	DNA/TcMar-Tigger	1589	+	169	214121823	51476
chr2	168000046	168200046	harbor2	chr2	168019214	168019524	DNA/TcMar-Tigger	1588	+	155	168019369	19323
chr2	189621028	189821028	harbor2	chr2	189634925	189635276	DNA/TcMar-Tigger	1943	+	176	189635101	14073
chr2	189621028	189821028	harbor2	chr2	189646276	189646531	DNA/TcMar-Tigger	548	+	128	189646404	25376
chr2	189621028	189821028	harbor2	chr2	189646577	189646929	DNA/TcMar-Tigger	817	+	176	189646753	25725
chr2	189621028	189821028	harbor2	chr2	189672119	189672238	DNA/TcMar-Tigger	643	+	60	189672179	51151
chr2	189621028	189821028	harbor2	chr2	189708250	189708389	DNA/TcMar-Tigger	611	+	70	189708320	87292
chr2	189621028	189821028	harbor2	chr2	189708400	189708742	DNA/TcMar-Tigger	1978	+	171	189708571	87543
chr2	189621028	189821028	harbor2	chr2	189708743	189708846	DNA/TcMar-Tigger	723	+	52	189708795	87767
chr2	126761804	126961804	harbor2	chr2	126763689	126763938	DNA/TcMar-Tigger	1109	+	124	126763813	2009
chr2	126761804	126961804	harbor2	chr2	126763938	126763950	DNA/TcMar-Tigger	606	+	6	126763944	2140
chr2	126761804	126961804	harbor2	chr2	126763951	126764291	DNA/TcMar-Tigger	1733	+	170	126764121	2317
chr2	126761804	126961804	harbor2	chr2	126764292	126764377	DNA/TcMar-Tigger	606	+	42	126764334	2530
chr2	126761804	126961804	harbor2	chr2	126853883	126854010	DNA/TcMar-Tigger	737	+	64	126853947	92143
chr2	126761804	126961804	harbor2	chr2	126854395	126854574	DNA/TcMar-Tigger	737	+	90	126854485	92681
chr2	139749468	139949468	harbor2	chr2	139802373	139802690	DNA/TcMar-Tigger	1233	+	158	139802531	53063
chr2	139749468	139949468	harbor2	chr2	139822517	139822859	DNA/TcMar-Tigger	552	+	171	139822688	73220
chr2	231714500	231914500	harbor2	chr2	231794550	231794749	DNA/TcMar-Tigger	572	+	100	231794650	80150
chr2	134986039	135186039	harbor2	chr2	134990236	134990465	DNA/TcMar-Tigger	2357	+	114	134990350	4311
chr2	134986039	135186039	harbor2	chr2	134990774	134990913	DNA/TcMar-Tigger	2357	+	70	134990844	4805
chr2	134986039	135186039	harbor2	chr2	134991340	134991451	DNA/TcMar-Tigger	2357	+	56	134991396	5357
chr2	30538778	30738778	harbor2	chr2	30607396	30607845	DNA/TcMar-Tigger	6335	+	224	30607620	68842
chr2	30538778	30738778	harbor2	chr2	30607901	30608053	DNA/TcMar-Tigger	6335	+	76	30607977	69199
chr2	30538778	30738778	harbor2	chr2	30608316	30608824	DNA/TcMar-Tigger	6335	+	254	30608570	69792
chr2	224376401	224576401	harbor2	chr2	224375839	224376528	DNA/TcMar-Tigger	5146	+	344	224376183	218
chr2	224376401	224576401	harbor2	chr2	224439863	224440177	DNA/TcMar-Tigger	1779	+	157	224440020	63619
chr2	180930014	181130014	harbor2	chr2	180955070	180955427	DNA/TcMar-Tigger	634	+	178	180955248	25234
chr2	180930014	181130014	harbor2	chr2	180994625	180995539	DNA/TcMar-Tigger	5041	+	457	180995082	65068
chr2	239663856	239863856	harbor2	chr2	239701694	239701747	DNA/TcMar-Tigger	1362	+	26	239701720	37864
chr2	239663856	239863856	harbor2	chr2	239702046	239702332	DNA/TcMar-Tigger	1362	+	143	239702189	38333
chr2	241792644	241992644	harbor2	chr2	241859749	241859901	DNA/TcMar-Tigger	511	+	76	241859825	67181
chr2	124783512	124983512	harbor2	chr2	124790947	124791283	DNA/TcMar-Tigger	480	+	168	124791115	7603
chr2	128375405	128575405	harbor2	chr2	128383342	128383733	DNA/TcMar-Tigger	2348	+	196	128383538	8133
chr2	154370036	154570036	harbor2	chr2	154428552	154428777	DNA/TcMar-Tigger	1399	+	112	154428664	58628
chr2	154370036	154570036	harbor2	chr2	154428927	154431102	DNA/TcMar-Tigger	13073	+	1088	154430015	59979
chr2	223873712	224073712	harbor2	chr2	223958649	223958726	DNA/TcMar-Tigger	532	+	38	223958687	84975
chr2	223873712	224073712	harbor2	chr2	223959041	223959137	DNA/TcMar-Tigger	606	+	48	223959089	85377
chr2	223873712	224073712	harbor2	chr2	223968808	223969226	DNA/TcMar-Tigger	2032	+	209	223969017	95305
chr2	227299710	227499710	harbor2	chr2	227362454	227362812	DNA/TcMar-Tigger	2246	+	179	227362633	62923
chr2	227299710	227499710	harbor2	chr2	227394147	227394424	DNA/TcMar-Tigger	602	+	138	227394285	94575
chr2	127310590	127510590	harbor2	chr2	127344125	127344325	DNA/TcMar-Tigger	1056	+	100	127344225	33635
chr2	127310590	127510590	harbor2	chr2	127344668	127344838	DNA/TcMar-Tigger	992	+	85	127344753	34163
chr2	127310590	127510590	harbor2	chr2	127362905	127363220	DNA/TcMar-Tigger	1266	+	158	127363063	52473
chr2	127310590	127510590	harbor2	chr2	127378587	127378737	DNA/TcMar-Tigger	481	+	75	127378662	68072
chr2	127310590	127510590	harbor2	chr2	127383810	127383874	DNA/TcMar-Tigger	529	+	32	127383842	73252
chr2	127310590	127510590	harbor2	chr2	127384195	127384318	DNA/TcMar-Tigger	529	+	62	127384257	73667
chr2	127310590	127510590	harbor2	chr2	127384331	127384666	DNA/TcMar-Tigger	2156	+	168	127384499	73909
chr2	127310590	127510590	harbor2	chr2	127384938	127385564	DNA/TcMar-Tigger	3103	+	313	127385251	74661
chr2	169791976	169991976	harbor2	chr2	169815758	169816111	DNA/TcMar-Tigger	1037	+	176	169815934	23958
chr2	169791976	169991976	harbor2	chr2	169890414	169890520	DNA/TcMar-Tigger	481	+	53	169890467	98491
chr2	206423268	206623268	harbor2	chr2	206512712	206515067	DNA/TcMar-Tigger	14851	+	1178	206513890	90622
chr2	153479060	153679060	harbor2	chr2	153481971	153482384	DNA/TcMar-Tigger	460	+	206	153482177	3117
chr2	153479060	153679060	harbor2	chr2	153557055	153557391	DNA/TcMar-Tigger	1957	+	168	153557223	78163
chr2	160773273	160973273	harbor2	chr2	160794634	160795471	DNA/TcMar-Tigger	8261	+	418	160795052	21779
chr2	160773273	160973273	harbor2	chr2	160795795	160795977	DNA/TcMar-Tigger	8261	+	91	160795886	22613
chr2	160773273	160973273	harbor2	chr2	160796614	160796812	DNA/TcMar-Tigger	8261	+	99	160796713	23440
chr2	160773273	160973273	harbor2	chr2	160797099	160797326	DNA/TcMar-Tigger	8261	+	114	160797213	23940
chr2	160773273	160973273	harbor2	chr2	160803510	160804340	DNA/TcMar-Tigger	5946	+	415	160803925	30652
chr2	160773273	160973273	harbor2	chr2	160804644	160804761	DNA/TcMar-Tigger	5946	+	58	160804702	31429
chr2	225368080	225568080	harbor2	chr2	225386129	225386341	DNA/TcMar-Tigger	1055	+	106	225386235	18155
chr2	168486188	168686188	harbor2	chr2	168510289	168510613	DNA/TcMar-Tigger	1514	+	162	168510451	24263
chr2	168486188	168686188	harbor2	chr2	168540437	168540670	DNA/TcMar-Tigger	1182	+	116	168540553	54365
chr2	42626650	42826650	harbor2	chr2	42644546	42645128	DNA/TcMar-Tigger	11750	+	291	42644837	18187
chr2	42626650	42826650	harbor2	chr2	42645199	42645242	DNA/TcMar-Tigger	11750	+	22	42645221	18571
chr2	42626650	42826650	harbor2	chr2	42645562	42646874	DNA/TcMar-Tigger	11750	+	656	42646218	19568
chr2	42626650	42826650	harbor2	chr2	42647179	42647229	DNA/TcMar-Tigger	11750	+	25	42647204	20554
chr2	42626650	42826650	harbor2	chr2	42649580	42650079	DNA/TcMar-Tigger	1468	+	250	42649830	23180
chr2	42626650	42826650	harbor2	chr2	42673417	42673498	DNA/TcMar-Tigger	426	+	40	42673457	46807
chr2	239854614	240054614	harbor2	chr2	239891655	239892007	DNA/TcMar-Tigger	1987	+	176	239891831	37217
chr2	239854614	240054614	harbor2	chr2	239900689	239901203	DNA/TcMar-Tigger	9658	+	257	239900946	46332
chr2	239854614	240054614	harbor2	chr2	239901367	239902614	DNA/TcMar-Tigger	9658	+	624	239901991	47377
chr2	239854614	240054614	harbor2	chr2	239926322	239926774	DNA/TcMar-Tigger	4188	+	226	239926548	71934
chr2	239854614	240054614	harbor2	chr2	239927136	239927507	DNA/TcMar-Tigger	4188	+	186	239927322	72708
chr2	231248904	231448904	harbor2	chr2	231284039	231284380	DNA/TcMar-Tigger	1814	+	170	231284209	35305
chr2	231248904	231448904	harbor2	chr2	231293616	231294203	DNA/TcMar-Tigger	1167	+	294	231293910	45006
chr3	33635352	33835352	harbor2	chr3	33650903	33651100	DNA/TcMar-Tigger	1028	+	98	33651001	15649
chr3	33635352	33835352	harbor2	chr3	33651405	33651566	DNA/TcMar-Tigger	1028	+	80	33651485	16133
chr3	33635352	33835352	harbor2	chr3	33690579	33690845	DNA/TcMar-Tigger	1678	+	133	33690712	55360
chr3	33635352	33835352	harbor2	chr3	33691140	33691215	DNA/TcMar-Tigger	434	+	38	33691178	55826
chr3	180017578	180217578	harbor2	chr3	180046902	180047629	DNA/TcMar-Tigger	2391	+	364	180047266	29688
chr3	156896875	157096875	harbor2	chr3	156947516	156947599	DNA/TcMar-Tigger	416	+	42	156947558	50683
chr3	156896875	157096875	harbor2	chr3	156980916	156981256	DNA/TcMar-Tigger	2090	+	170	156981086	84211
chr3	196354449	196554449	harbor2	chr3	196359076	196359631	DNA/TcMar-Tigger	8177	+	278	196359354	4905
chr3	196354449	196554449	harbor2	chr3	196359934	196360751	DNA/TcMar-Tigger	8177	+	408	196360342	5893
chr3	196354449	196554449	harbor2	chr3	196360981	196361824	DNA/TcMar-Tigger	5163	+	422	196361403	6954
chr3	196354449	196554449	harbor2	chr3	196363499	196363654	DNA/TcMar-Tigger	1094	+	78	196363577	9128
chr3	196354449	196554449	harbor2	chr3	196449458	196449554	DNA/TcMar-Tigger	396	+	48	196449506	95057
chr3	196354449	196554449	harbor2	chr3	196450003	196450131	DNA/TcMar-Tigger	779	+	64	196450067	95618
chr3	5573316	5773316	harbor2	chr3	5577159	5577349	DNA/TcMar-Tigger	869	+	95	5577254	3938
chr3	171469667	171669667	harbor2	chr3	171526860	171527500	DNA/TcMar-Tigger	3797	+	320	171527180	57513
chr3	171469667	171669667	harbor2	chr3	171546961	171547182	DNA/TcMar-Tigger	527	+	110	171547071	77404
chr3	153893189	154093189	harbor2	chr3	153900321	153900556	DNA/TcMar-Tigger	1196	+	118	153900439	7250
chr3	140218809	140418809	harbor2	chr3	140221188	140221481	DNA/TcMar-Tigger	779	+	146	140221334	2525
chr3	140218809	140418809	harbor2	chr3	140263941	140264375	DNA/TcMar-Tigger	3180	+	217	140264158	45349
chr3	140218809	140418809	harbor2	chr3	140264429	140264635	DNA/TcMar-Tigger	3180	+	103	140264532	45723
chr3	139111427	139311427	harbor2	chr3	139114158	139114397	DNA/TcMar-Tigger	1056	+	120	139114278	2851
chr3	139111427	139311427	harbor2	chr3	139117001	139117550	DNA/TcMar-Tigger	3366	+	274	139117275	5848
chr3	183346138	183546138	harbor2	chr3	183357446	183358005	DNA/TcMar-Tigger	12690	+	280	183357726	11588
chr3	183346138	183546138	harbor2	chr3	183358322	183358621	DNA/TcMar-Tigger	12690	+	150	183358472	12334
chr3	183346138	183546138	harbor2	chr3	183358923	183360295	DNA/TcMar-Tigger	12690	+	686	183359609	13471
chr3	183346138	183546138	harbor2	chr3	183360581	183360685	DNA/TcMar-Tigger	12690	+	52	183360633	14495
chr3	183346138	183546138	harbor2	chr3	183361194	183361330	DNA/TcMar-Tigger	3398	+	68	183361262	15124
chr3	183346138	183546138	harbor2	chr3	183361712	183362109	DNA/TcMar-Tigger	3398	+	198	183361910	15772
chr3	183346138	183546138	harbor2	chr3	183362403	183362435	DNA/TcMar-Tigger	3398	+	16	183362419	16281
chr3	183346138	183546138	harbor2	chr3	183416579	183416647	DNA/TcMar-Tigger	493	+	34	183416613	70475
chr3	183346138	183546138	harbor2	chr3	183416648	183416827	DNA/TcMar-Tigger	1271	+	90	183416738	70600
chr3	183346138	183546138	harbor2	chr3	183417146	183417296	DNA/TcMar-Tigger	1271	+	75	183417221	71083
chr3	183346138	183546138	harbor2	chr3	183417297	183417318	DNA/TcMar-Tigger	493	+	10	183417307	71169
chr3	183346138	183546138	harbor2	chr3	183444059	183444197	DNA/TcMar-Tigger	987	+	69	183444128	97990
chr3	183346138	183546138	harbor2	chr3	183444203	183444293	DNA/TcMar-Tigger	507	+	45	183444248	98110
chr3	174518543	174718543	harbor2	chr3	174524484	174524555	DNA/TcMar-Tigger	613	+	36	174524520	5977
chr3	174518543	174718543	harbor2	chr3	174524840	174524950	DNA/TcMar-Tigger	613	+	55	174524895	6352
chr3	174518543	174718543	harbor2	chr3	174524918	174525168	DNA/TcMar-Tigger	1385	+	125	174525043	6500
chr3	174518543	174718543	harbor2	chr3	174585290	174585649	DNA/TcMar-Tigger	952	+	180	174585470	66927
chr3	194142880	194342880	harbor2	chr3	194171414	194171729	DNA/TcMar-Tigger	1853	+	158	194171572	28692
chr3	194360080	194560080	harbor2	chr3	194446181	194446760	DNA/TcMar-Tigger	2712	+	290	194446471	86391
chr3	172082388	172282388	harbor2	chr3	172090696	172091052	DNA/TcMar-Tigger	1912	+	178	172090874	8486
chr3	172082388	172282388	harbor2	chr3	172151720	172151912	DNA/TcMar-Tigger	857	+	96	172151816	69428
chr3	178257860	178457860	harbor2	chr3	178304701	178304821	DNA/TcMar-Tigger	391	+	60	178304761	46901
chr3	181725823	181925823	harbor2	chr3	181749431	181749754	DNA/TcMar-Tigger	1895	+	162	181749593	23770
chr3	192576347	192776347	harbor2	chr3	192634236	192634546	DNA/TcMar-Tigger	1407	+	155	192634391	58044
chr3	192576347	192776347	harbor2	chr3	192639594	192639777	DNA/TcMar-Tigger	928	+	92	192639686	63339
chr3	192576347	192776347	harbor2	chr3	192639777	192639864	DNA/TcMar-Tigger	440	+	44	192639821	63474
chr3	184220229	184420229	harbor2	chr3	184273052	184273135	DNA/TcMar-Tigger	407	+	42	184273094	52865
chr3	192149615	192349615	harbor2	chr3	192195359	192195681	DNA/TcMar-Tigger	1428	+	161	192195520	45905
chr3	186166894	186366894	harbor2	chr3	186234516	186234971	DNA/TcMar-Tigger	557	+	228	186234744	67850
chr3	114679858	114879858	harbor2	chr3	114755251	114755641	DNA/TcMar-Tigger	693	+	195	114755446	75588
chr3	108581324	108781324	harbor2	chr3	108650218	108650702	DNA/TcMar-Tigger	962	+	242	108650460	69136
chr3	108581324	108781324	harbor2	chr3	108651524	108651597	DNA/TcMar-Tigger	570	+	36	108651560	70236
chr3	108581324	108781324	harbor2	chr3	108652441	108652993	DNA/TcMar-Tigger	2970	+	276	108652717	71393
chr3	160272170	160472170	harbor2	chr3	160272947	160273064	DNA/TcMar-Tigger	655	+	58	160273005	835
chr3	185462160	185662160	harbor2	chr3	185485351	185485826	DNA/TcMar-Tigger	2327	+	238	185485589	23429
chr3	185462160	185662160	harbor2	chr3	185542058	185542310	DNA/TcMar-Tigger	1289	+	126	185542184	80024
chr3	185462160	185662160	harbor2	chr3	185542617	185542671	DNA/TcMar-Tigger	1289	+	27	185542644	80484
chr3	185462160	185662160	harbor2	chr3	185543238	185543591	DNA/TcMar-Tigger	2340	+	176	185543414	81254
chr3	129158473	129358473	harbor2	chr3	129173056	129173387	DNA/TcMar-Tigger	1833	+	166	129173222	14749
chr3	176316278	176516278	harbor2	chr3	176335774	176336385	DNA/TcMar-Tigger	3763	+	306	176336080	19802
chr3	192730605	192930605	harbor2	chr3	192746870	192747137	DNA/TcMar-Tigger	1595	+	134	192747004	16399
chr3	192730605	192930605	harbor2	chr3	192747137	192747234	DNA/TcMar-Tigger	510	+	48	192747185	16580
chr3	192730605	192930605	harbor2	chr3	192818285	192818436	DNA/TcMar-Tigger	408	+	76	192818361	87756
chr3	192730605	192930605	harbor2	chr3	192818686	192818843	DNA/TcMar-Tigger	470	+	78	192818764	88159
chr3	177696616	177896616	harbor2	chr3	177750210	177750308	DNA/TcMar-Tigger	473	+	49	177750259	53643
chr3	177696616	177896616	harbor2	chr3	177750310	177751010	DNA/TcMar-Tigger	4111	+	350	177750660	54044
chr3	177696616	177896616	harbor2	chr3	177762835	177763205	DNA/TcMar-Tigger	2077	+	185	177763020	66404
chr3	147066064	147266064	harbor2	chr3	147082856	147083476	DNA/TcMar-Tigger	1169	+	310	147083166	17102
chr3	188719330	188919330	harbor2	chr3	188754102	188754511	DNA/TcMar-Tigger	555	+	204	188754306	34976
chr3	188719330	188919330	harbor2	chr3	188754719	188754878	DNA/TcMar-Tigger	499	+	80	188754799	35469
chr3	188719330	188919330	harbor2	chr3	188754873	188755344	DNA/TcMar-Tigger	698	+	236	188755109	35779
chr3	188719330	188919330	harbor2	chr3	188789103	188789283	DNA/TcMar-Tigger	1130	+	90	188789193	69863
chr3	188719330	188919330	harbor2	chr3	188810347	188810430	DNA/TcMar-Tigger	494	+	42	188810389	91059
chr3	188719330	188919330	harbor2	chr3	188810481	188810713	DNA/TcMar-Tigger	1371	+	116	188810597	91267
chr3	182748486	182948486	harbor2	chr3	182826649	182826861	DNA/TcMar-Tigger	529	+	106	182826755	78269
chr3	195325420	195525420	harbor2	chr3	195352043	195352381	DNA/TcMar-Tigger	1997	+	169	195352212	26792
chr3	195325420	195525420	harbor2	chr3	195414625	195414855	DNA/TcMar-Tigger	1223	+	115	195414740	89320
chr3	99641127	99841127	harbor2	chr3	99655757	99656048	DNA/TcMar-Tigger	586	+	146	99655903	14776
chr3	99641127	99841127	harbor2	chr3	99690940	99691146	DNA/TcMar-Tigger	1011	+	103	99691043	49916
chr3	99641127	99841127	harbor2	chr3	99692670	99692877	DNA/TcMar-Tigger	6514	+	104	99692774	51647
chr3	99641127	99841127	harbor2	chr3	99693212	99694179	DNA/TcMar-Tigger	6514	+	484	99693696	52569
chr3	100682571	100882571	harbor2	chr3	100740859	100742005	DNA/TcMar-Tigger	6002	+	573	100741432	58861
chr3	100682571	100882571	harbor2	chr3	100778626	100778920	DNA/TcMar-Tigger	996	+	147	100778773	96202
chr3	187821813	188021813	harbor2	chr3	187916868	187917072	DNA/TcMar-Tigger	623	+	102	187916970	95157
chr3	129172198	129372198	harbor2	chr3	129173056	129173387	DNA/TcMar-Tigger	1833	+	166	129173222	1024
chr3	78376820	78576820	harbor2	chr3	78376560	78376827	DNA/TcMar-Tigger	2467	+	134	78376694	126
chr3	78376820	78576820	harbor2	chr3	78398234	78398802	DNA/TcMar-Tigger	3002	+	284	78398518	21698
chr3	78376820	78576820	harbor2	chr3	78424660	78424754	DNA/TcMar-Tigger	421	+	47	78424707	47887
chr3	78376820	78576820	harbor2	chr3	78458930	78459368	DNA/TcMar-Tigger	2247	+	219	78459149	82329
chr3	105980377	106180377	harbor2	chr3	106034905	106035263	DNA/TcMar-Tigger	1851	+	179	106035084	54707
chr3	105980377	106180377	harbor2	chr3	106049150	106050630	DNA/TcMar-Tigger	11285	+	740	106049890	69513
chr3	105980377	106180377	harbor2	chr3	106051183	106051548	DNA/TcMar-Tigger	11285	+	182	106051365	70988
chr3	105980377	106180377	harbor2	chr3	106052315	106052364	DNA/TcMar-Tigger	709	+	24	106052339	71962
chr3	105980377	106180377	harbor2	chr3	106052683	106052793	DNA/TcMar-Tigger	709	+	55	106052738	72361
chr3	132431302	132631302	harbor2	chr3	132440481	132440798	DNA/TcMar-Tigger	1220	+	158	132440639	9337
chr3	132431302	132631302	harbor2	chr3	132452561	132452789	DNA/TcMar-Tigger	1366	+	114	132452675	21373
chr3	132431302	132631302	harbor2	chr3	132486360	132486486	DNA/TcMar-Tigger	460	+	63	132486423	55121
chr3	132431302	132631302	harbor2	chr3	132507434	132508556	DNA/TcMar-Tigger	6300	+	561	132507995	76693
chr3	132431302	132631302	harbor2	chr3	132508779	132509952	DNA/TcMar-Tigger	7181	+	586	132509365	78063
chr3	132710912	132910912	harbor2	chr3	132739511	132739892	DNA/TcMar-Tigger	465	+	190	132739701	28789
chr3	132710912	132910912	harbor2	chr3	132779134	132779475	DNA/TcMar-Tigger	2105	+	170	132779304	68392
chr3	174820738	175020738	harbor2	chr3	174856326	174857024	DNA/TcMar-Tigger	3515	+	349	174856675	35937
chr3	168078660	168278660	harbor2	chr3	168164249	168164516	DNA/TcMar-Tigger	1213	+	134	168164383	85723
chr3	168078660	168278660	harbor2	chr3	168164513	168164717	DNA/TcMar-Tigger	1277	+	102	168164615	85955
chr3	168078660	168278660	harbor2	chr3	168178158	168178618	DNA/TcMar-Tigger	748	+	230	168178388	99728
chr3	143551626	143751626	harbor2	chr3	143589358	143589699	DNA/TcMar-Tigger	1787	+	170	143589528	37902
chr3	174853697	175053697	harbor2	chr3	174856326	174857024	DNA/TcMar-Tigger	3515	+	349	174856675	2978
chr3	120526005	120726005	harbor2	chr3	120528316	120528590	DNA/TcMar-Tigger	500	+	137	120528453	2448
chr3	120526005	120726005	harbor2	chr3	120528784	120529243	DNA/TcMar-Tigger	619	+	230	120529014	3009
chr3	120526005	120726005	harbor2	chr3	120592738	120593487	DNA/TcMar-Tigger	2333	+	374	120593112	67107
chr3	120526005	120726005	harbor2	chr3	120605856	120606162	DNA/TcMar-Tigger	1527	+	153	120606009	80004
chr3	57304370	57504370	harbor2	chr3	57318538	57318752	DNA/TcMar-Tigger	1238	+	107	57318645	14275
chr3	57304370	57504370	harbor2	chr3	57399622	57400006	DNA/TcMar-Tigger	2345	+	192	57399814	95444
chr3	57304370	57504370	harbor2	chr3	57400296	57400349	DNA/TcMar-Tigger	2345	+	26	57400322	95952
chr3	170382953	170582953	harbor2	chr3	170406905	170407079	DNA/TcMar-Tigger	1095	+	87	170406992	24039
chr3	170382953	170582953	harbor2	chr3	170407079	170407696	DNA/TcMar-Tigger	6957	+	308	170407387	24434
chr3	170382953	170582953	harbor2	chr3	170407997	170408410	DNA/TcMar-Tigger	6957	+	206	170408203	25250
chr3	170382953	170582953	harbor2	chr3	170408405	170408464	DNA/TcMar-Tigger	2379	+	30	170408435	25482
chr3	170382953	170582953	harbor2	chr3	170408746	170408770	DNA/TcMar-Tigger	2379	+	12	170408758	25805
chr3	170382953	170582953	harbor2	chr3	170409082	170409264	DNA/TcMar-Tigger	2379	+	91	170409173	26220
chr3	170382953	170582953	harbor2	chr3	170409567	170409746	DNA/TcMar-Tigger	2379	+	90	170409657	26704
chr3	170382953	170582953	harbor2	chr3	170479335	170480047	DNA/TcMar-Tigger	1978	+	356	170479691	96738
chr3	194974835	195174835	harbor2	chr3	194989859	194989947	DNA/TcMar-Tigger	1082	+	44	194989903	15068
chr3	194974835	195174835	harbor2	chr3	194990248	194990655	DNA/TcMar-Tigger	1082	+	204	194990452	15617
chr3	174984077	175184077	harbor2	chr3	175001783	175004093	DNA/TcMar-Tigger	14350	+	1155	175002938	18861
chr3	174984077	175184077	harbor2	chr3	175004406	175004939	DNA/TcMar-Tigger	14350	+	266	175004672	20595
chr3	174984077	175184077	harbor2	chr3	175049875	175050678	DNA/TcMar-Tigger	2155	+	402	175050277	66200
chr3	196530737	196730737	harbor2	chr3	196552088	196552321	DNA/TcMar-Tigger	694	+	116	196552204	21467
chr3	115744367	115944367	harbor2	chr3	115813183	115813505	DNA/TcMar-Tigger	1746	+	161	115813344	68977
chr3	115744367	115944367	harbor2	chr3	115815062	115815380	DNA/TcMar-Tigger	1676	+	159	115815221	70854
chr3	176893865	177093865	harbor2	chr3	176920360	176920592	DNA/TcMar-Tigger	964	+	116	176920476	26611
chr3	191475634	191675634	harbor2	chr3	191529258	191529497	DNA/TcMar-Tigger	969	+	120	191529378	53744
chr3	161835301	162035301	harbor2	chr3	161906987	161907448	DNA/TcMar-Tigger	2496	+	230	161907217	71916
chr3	161835301	162035301	harbor2	chr3	161908106	161908160	DNA/TcMar-Tigger	2496	+	27	161908133	72832
chr3	161835301	162035301	harbor2	chr3	161908435	161908572	DNA/TcMar-Tigger	743	+	68	161908503	73202
chr3	183857819	184057819	harbor2	chr3	183873966	183874411	DNA/TcMar-Tigger	8231	+	222	183874188	16369
chr3	183857819	184057819	harbor2	chr3	183874675	183874790	DNA/TcMar-Tigger	8231	+	58	183874733	16914
chr3	183857819	184057819	harbor2	chr3	183875074	183875132	DNA/TcMar-Tigger	8231	+	29	183875103	17284
chr3	183857819	184057819	harbor2	chr3	183875439	183876036	DNA/TcMar-Tigger	8231	+	298	183875737	17918
chr3	183857819	184057819	harbor2	chr3	183876343	183876577	DNA/TcMar-Tigger	8231	+	117	183876460	18641
chr3	183857819	184057819	harbor2	chr3	183876671	183876929	DNA/TcMar-Tigger	5543	+	129	183876800	18981
chr3	183857819	184057819	harbor2	chr3	183877228	183877755	DNA/TcMar-Tigger	5543	+	264	183877492	19673
chr3	168274428	168474428	harbor2	chr3	168321364	168321450	DNA/TcMar-Tigger	560	+	43	168321407	46979
chr3	168274428	168474428	harbor2	chr3	168321448	168321843	DNA/TcMar-Tigger	2081	+	198	168321646	47218
chr3	168274428	168474428	harbor2	chr3	168321841	168321944	DNA/TcMar-Tigger	643	+	52	168321893	47465
chr3	137000372	137200372	harbor2	chr3	137059564	137059755	DNA/TcMar-Tigger	438	+	96	137059660	59288
chr3	137000372	137200372	harbor2	chr3	137060248	137060367	DNA/TcMar-Tigger	780	+	60	137060308	59936
chr3	192528866	192728866	harbor2	chr3	192565411	192565804	DNA/TcMar-Tigger	1234	+	196	192565607	36741
chr3	190749329	190949329	harbor2	chr3	190783543	190783897	DNA/TcMar-Tigger	1627	+	177	190783720	34391
chr3	102827992	103027992	harbor2	chr3	102843422	102843715	DNA/TcMar-Tigger	434	+	146	102843568	15576
chr3	102827992	103027992	harbor2	chr3	102899157	102899493	DNA/TcMar-Tigger	1879	+	168	102899325	71333
chr3	154678789	154878789	harbor2	chr3	154690826	154691101	DNA/TcMar-Tigger	2031	+	138	154690964	12175
chr3	154678789	154878789	harbor2	chr3	154691479	154691567	DNA/TcMar-Tigger	2031	+	44	154691523	12734
chr3	158296989	158496989	harbor2	chr3	158380891	158381471	DNA/TcMar-Tigger	3206	+	290	158381181	84192
chr3	158296989	158496989	harbor2	chr3	158383300	158383438	DNA/TcMar-Tigger	483	+	69	158383369	86380
chr3	160693021	160893021	harbor2	chr3	160692217	160694049	DNA/TcMar-Tigger	11264	+	916	160693133	112
chr3	160693021	160893021	harbor2	chr3	160728317	160728539	DNA/TcMar-Tigger	1090	+	111	160728428	35407
chr3	160693021	160893021	harbor2	chr3	160775561	160775800	DNA/TcMar-Tigger	515	+	120	160775681	82660
chr3	174196473	174396473	harbor2	chr3	174210739	174210918	DNA/TcMar-Tigger	848	+	90	174210829	14356
chr3	174196473	174396473	harbor2	chr3	174212538	174212637	DNA/TcMar-Tigger	649	+	50	174212588	16115
chr3	148710126	148910126	harbor2	chr3	148771282	148771631	DNA/TcMar-Tigger	1739	+	174	148771456	61330
chr3	152101744	152301744	harbor2	chr3	152170560	152171738	DNA/TcMar-Tigger	15007	+	589	152171149	69405
chr3	152101744	152301744	harbor2	chr3	152172037	152173556	DNA/TcMar-Tigger	15007	+	760	152172797	71053
chr3	152101744	152301744	harbor2	chr3	152188534	152190406	DNA/TcMar-Tigger	12033	+	936	152189470	87726
chr3	158265521	158465521	harbor2	chr3	158282262	158282458	DNA/TcMar-Tigger	521	+	98	158282360	16839
chr3	158265521	158465521	harbor2	chr3	158295807	158296110	DNA/TcMar-Tigger	987	+	152	158295959	30438
chr3	99962278	100162278	harbor2	chr3	100003822	100004053	DNA/TcMar-Tigger	576	+	116	100003938	41660
chr3	99962278	100162278	harbor2	chr3	100004061	100004229	DNA/TcMar-Tigger	460	+	84	100004145	41867
chr3	99962278	100162278	harbor2	chr3	100042458	100042650	DNA/TcMar-Tigger	526	+	96	100042554	80276
chr3	99962278	100162278	harbor2	chr3	100049624	100049982	DNA/TcMar-Tigger	1924	+	179	100049803	87525
chr3	168478026	168678026	harbor2	chr3	168529374	168529629	DNA/TcMar-Tigger	1782	+	128	168529502	51476
chr3	168478026	168678026	harbor2	chr3	168530001	168530083	DNA/TcMar-Tigger	1782	+	41	168530042	52016
chr3	142043927	142243927	harbor2	chr3	142061946	142062365	DNA/TcMar-Tigger	2158	+	210	142062156	18229
chr3	112286983	112486983	harbor2	chr3	112366197	112366497	DNA/TcMar-Tigger	1147	+	150	112366347	79364
chr3	112286983	112486983	harbor2	chr3	112369265	112370454	DNA/TcMar-Tigger	6695	+	594	112369859	82876
chr3	191566193	191766193	harbor2	chr3	191588931	191589250	DNA/TcMar-Tigger	1498	+	160	191589091	22898
chr3	183141577	183341577	harbor2	chr3	183171029	183171451	DNA/TcMar-Tigger	2149	+	211	183171240	29663
chr3	183141577	183341577	harbor2	chr3	183209328	183209485	DNA/TcMar-Tigger	1769	+	78	183209406	67829
chr3	183141577	183341577	harbor2	chr3	183209789	183209998	DNA/TcMar-Tigger	1769	+	104	183209893	68316
chr3	54757702	54957702	harbor2	chr3	54770041	54770058	DNA/TcMar-Tigger	1076	+	8	54770049	12347
chr3	54757702	54957702	harbor2	chr3	54770572	54770968	DNA/TcMar-Tigger	1076	+	198	54770770	13068
chr3	54757702	54957702	harbor2	chr3	54798577	54798707	DNA/TcMar-Tigger	497	+	65	54798642	40940
chr3	54757702	54957702	harbor2	chr3	54798983	54799199	DNA/TcMar-Tigger	830	+	108	54799091	41389
chr3	102198228	102398228	harbor2	chr3	102255021	102255221	DNA/TcMar-Tigger	786	+	100	102255121	56893
chr3	167211957	167411957	harbor2	chr3	167239340	167239770	DNA/TcMar-Tigger	2207	+	215	167239555	27598
chr3	191353355	191553355	harbor2	chr3	191365868	191366025	DNA/TcMar-Tigger	486	+	78	191365946	12591
chr3	191353355	191553355	harbor2	chr3	191417837	191417934	DNA/TcMar-Tigger	492	+	48	191417885	64530
chr3	191353355	191553355	harbor2	chr3	191417923	191420093	DNA/TcMar-Tigger	13593	+	1085	191419008	65653
chr3	183736683	183936683	harbor2	chr3	183737814	183738391	DNA/TcMar-Tigger	3330	+	288	183738102	1419
chr3	183736683	183936683	harbor2	chr3	183740419	183740929	DNA/TcMar-Tigger	12087	+	255	183740674	3991
chr3	183736683	183936683	harbor2	chr3	183741239	183741499	DNA/TcMar-Tigger	12087	+	130	183741369	4686
chr3	183736683	183936683	harbor2	chr3	183741795	183741926	DNA/TcMar-Tigger	12087	+	66	183741861	5178
chr3	183736683	183936683	harbor2	chr3	183742243	183743167	DNA/TcMar-Tigger	12087	+	462	183742705	6022
chr3	183736683	183936683	harbor2	chr3	183759650	183759727	DNA/TcMar-Tigger	423	+	38	183759688	23005
chr3	183736683	183936683	harbor2	chr3	183759797	183759876	DNA/TcMar-Tigger	508	+	40	183759837	23154
chr3	179215299	179415299	harbor2	chr3	179261583	179261782	DNA/TcMar-Tigger	1130	+	100	179261683	46384
chr3	115318936	115518936	harbor2	chr3	115321541	115321776	DNA/TcMar-Tigger	748	+	118	115321659	2723
chr3	193212525	193412525	harbor2	chr3	193249370	193249569	DNA/TcMar-Tigger	905	+	100	193249470	36945
chr3	193212525	193412525	harbor2	chr3	193286311	193288712	DNA/TcMar-Tigger	15563	+	1200	193287511	74986
chr3	193212525	193412525	harbor2	chr3	193302206	193302531	DNA/TcMar-Tigger	529	+	162	193302368	89843
chr3	196863918	197063918	harbor2	chr3	196890339	196890679	DNA/TcMar-Tigger	942	+	170	196890509	26591
chr3	177055350	177255350	harbor2	chr3	177088191	177088536	DNA/TcMar-Tigger	1976	+	172	177088363	33013
chr3	177055350	177255350	harbor2	chr3	177142762	177143370	DNA/TcMar-Tigger	2702	+	304	177143066	87716
chr3	140441782	140641782	harbor2	chr3	140457822	140458228	DNA/TcMar-Tigger	586	+	203	140458025	16243
chr3	140441782	140641782	harbor2	chr3	140503247	140503593	DNA/TcMar-Tigger	2077	+	173	140503420	61638
chr3	197434790	197634790	harbor2	chr3	197529301	197529527	DNA/TcMar-Tigger	1570	+	113	197529414	94624
chr3	196729397	196929397	harbor2	chr3	196751215	196751365	DNA/TcMar-Tigger	1452	+	75	196751290	21893
chr3	196729397	196929397	harbor2	chr3	196751654	196751737	DNA/TcMar-Tigger	1452	+	42	196751696	22299
chr3	196729397	196929397	harbor2	chr3	196752043	196752180	DNA/TcMar-Tigger	1452	+	68	196752111	22714
chr3	141044228	141244228	harbor2	chr3	141079342	141079490	DNA/TcMar-Tigger	410	+	74	141079416	35188
chr3	141044228	141244228	harbor2	chr3	141103582	141104051	DNA/TcMar-Tigger	684	+	234	141103816	59588
chr3	141044228	141244228	harbor2	chr3	141111134	141111291	DNA/TcMar-Tigger	809	+	78	141111212	66984
chr3	156031316	156231316	harbor2	chr3	156070252	156070610	DNA/TcMar-Tigger	1719	+	179	156070431	39115
chr3	75993788	76193788	harbor2	chr3	76056016	76056309	DNA/TcMar-Tigger	1152	+	146	76056162	62374
chr3	80137271	80337271	harbor2	chr3	80193513	80193991	DNA/TcMar-Tigger	2515	+	239	80193752	56481
chr3	80137271	80337271	harbor2	chr3	80194311	80194437	DNA/TcMar-Tigger	2515	+	63	80194374	57103
chr3	80137271	80337271	harbor2	chr3	80203721	80203809	DNA/TcMar-Tigger	520	+	44	80203765	66494
chr3	80137271	80337271	harbor2	chr3	80203926	80204006	DNA/TcMar-Tigger	409	+	40	80203966	66695
chr3	80137271	80337271	harbor2	chr3	80226555	80227777	DNA/TcMar-Tigger	5924	+	611	80227166	89895
chr3	138422083	138622083	harbor2	chr3	138501780	138501999	DNA/TcMar-Tigger	1146	+	110	138501890	79807
chr3	138422083	138622083	harbor2	chr3	138509579	138510182	DNA/TcMar-Tigger	3234	+	302	138509881	87798
chr3	176377798	176577798	harbor2	chr3	176460214	176460410	DNA/TcMar-Tigger	410	+	98	176460312	82514
chr3	176377798	176577798	harbor2	chr3	176460444	176460706	DNA/TcMar-Tigger	679	+	131	176460575	82777
chr3	176377798	176577798	harbor2	chr3	176466974	176468086	DNA/TcMar-Tigger	6409	+	556	176467530	89732
chr3	176377798	176577798	harbor2	chr3	176468739	176469828	DNA/TcMar-Tigger	7283	+	544	176469283	91485
chr3	176377798	176577798	harbor2	chr3	176470302	176470436	DNA/TcMar-Tigger	7283	+	67	176470369	92571
chr3	122991355	123191355	harbor2	chr3	123004194	123004583	DNA/TcMar-Tigger	839	+	194	123004388	13033
chr3	122991355	123191355	harbor2	chr3	123043071	123043408	DNA/TcMar-Tigger	1170	+	168	123043239	51884
chr3	122991355	123191355	harbor2	chr3	123044685	123045618	DNA/TcMar-Tigger	2162	+	466	123045151	53796
chr3	184217654	184417654	harbor2	chr3	184273052	184273135	DNA/TcMar-Tigger	407	+	42	184273094	55440
chr3	192575339	192775339	harbor2	chr3	192634236	192634546	DNA/TcMar-Tigger	1407	+	155	192634391	59052
chr3	192575339	192775339	harbor2	chr3	192639594	192639777	DNA/TcMar-Tigger	928	+	92	192639686	64347
chr3	192575339	192775339	harbor2	chr3	192639777	192639864	DNA/TcMar-Tigger	440	+	44	192639821	64482
chr3	158946320	159146320	harbor2	chr3	158979793	158980237	DNA/TcMar-Tigger	2305	+	222	158980015	33695
chr3	172633074	172833074	harbor2	chr3	172634590	172634803	DNA/TcMar-Tigger	589	+	106	172634696	1622
chr3	172633074	172833074	harbor2	chr3	172671783	172672188	DNA/TcMar-Tigger	2365	+	202	172671985	38911
chr3	88682413	88882413	harbor2	chr3	88731961	88732317	DNA/TcMar-Tigger	1246	+	178	88732139	49726
chr3	88682413	88882413	harbor2	chr3	88732561	88732756	DNA/TcMar-Tigger	1246	+	98	88732659	50246
chr3	121697415	121897415	harbor2	chr3	121710481	121710556	DNA/TcMar-Tigger	631	+	38	121710519	13104
chr3	121697415	121897415	harbor2	chr3	121711214	121711305	DNA/TcMar-Tigger	631	+	46	121711260	13845
chr3	145058469	145258469	harbor2	chr3	145060097	145060343	DNA/TcMar-Tigger	2063	+	123	145060220	1751
chr3	145058469	145258469	harbor2	chr3	145062644	145062979	DNA/TcMar-Tigger	2063	+	168	145062812	4343
chr3	145058469	145258469	harbor2	chr3	145075056	145075722	DNA/TcMar-Tigger	3051	+	333	145075389	16920
chr3	146673254	146873254	harbor2	chr3	146742576	146742835	DNA/TcMar-Tigger	1170	+	130	146742706	69452
chr3	146673254	146873254	harbor2	chr3	146761062	146761145	DNA/TcMar-Tigger	464	+	42	146761104	87850
chr3	189765879	189965879	harbor2	chr3	189845307	189845512	DNA/TcMar-Tigger	866	+	102	189845409	79530
chr3	189765879	189965879	harbor2	chr3	189861925	189862227	DNA/TcMar-Tigger	713	+	151	189862076	96197
chr3	197960514	198160514	harbor2	chr3	197994999	197995390	DNA/TcMar-Tigger	2098	+	196	197995195	34681
chr3	197960514	198160514	harbor2	chr3	198041281	198041611	DNA/TcMar-Tigger	1817	+	165	198041446	80932
chr3	169725217	169925217	harbor2	chr3	169761749	169762366	DNA/TcMar-Tigger	2938	+	308	169762057	36840
chr3	190773709	190973709	harbor2	chr3	190783543	190783897	DNA/TcMar-Tigger	1627	+	177	190783720	10011
chr3	190773709	190973709	harbor2	chr3	190866865	190867059	DNA/TcMar-Tigger	578	+	97	190866962	93253
chr3	197488270	197688270	harbor2	chr3	197529301	197529527	DNA/TcMar-Tigger	1570	+	113	197529414	41144
chr3	149425678	149625678	harbor2	chr3	149439945	149440283	DNA/TcMar-Tigger	1819	+	169	149440114	14436
chr3	149106754	149306754	harbor2	chr3	149131261	149133276	DNA/TcMar-Tigger	14361	+	1008	149132269	25515
chr3	149106754	149306754	harbor2	chr3	149133599	149133977	DNA/TcMar-Tigger	14361	+	189	149133788	27034
chr3	170681530	170881530	harbor2	chr3	170709456	170710035	DNA/TcMar-Tigger	4019	+	290	170709746	28216
chr3	197108554	197308554	harbor2	chr3	197132299	197132561	DNA/TcMar-Tigger	1009	+	131	197132430	23876
chr3	197108554	197308554	harbor2	chr3	197172084	197172362	DNA/TcMar-Tigger	1505	+	139	197172223	63669
chr3	197108554	197308554	harbor2	chr3	197199270	197199594	DNA/TcMar-Tigger	1914	+	162	197199432	90878
chr3	197108554	197308554	harbor2	chr3	197204583	197204878	DNA/TcMar-Tigger	1160	+	148	197204731	96177
chr3	78311001	78511001	harbor2	chr3	78375595	78375768	DNA/TcMar-Tigger	2467	+	86	78375681	64680
chr3	78311001	78511001	harbor2	chr3	78376560	78376827	DNA/TcMar-Tigger	2467	+	134	78376694	65693
chr3	78311001	78511001	harbor2	chr3	78398234	78398802	DNA/TcMar-Tigger	3002	+	284	78398518	87517
chr3	166610478	166810478	harbor2	chr3	166687564	166689596	DNA/TcMar-Tigger	11450	+	1016	166688580	78102
chr3	166610478	166810478	harbor2	chr3	166689592	166689734	DNA/TcMar-Tigger	716	+	71	166689663	79185
chr3	166610478	166810478	harbor2	chr3	166689958	166690061	DNA/TcMar-Tigger	454	+	52	166690010	79532
chr3	112209896	112409896	harbor2	chr3	112283679	112284979	DNA/TcMar-Tigger	5749	+	650	112284329	74433
chr3	112209896	112409896	harbor2	chr3	112285218	112285246	DNA/TcMar-Tigger	5749	+	14	112285232	75336
chr3	112209896	112409896	harbor2	chr3	112285541	112285638	DNA/TcMar-Tigger	5749	+	48	112285589	75693
chr3	146856426	147056426	harbor2	chr3	146915856	146916262	DNA/TcMar-Tigger	12336	+	203	146916059	59633
chr3	146856426	147056426	harbor2	chr3	146916415	146916557	DNA/TcMar-Tigger	12336	+	71	146916486	60060
chr3	146856426	147056426	harbor2	chr3	146916905	146918628	DNA/TcMar-Tigger	12336	+	862	146917767	61341
chr3	146856426	147056426	harbor2	chr3	146932156	146932384	DNA/TcMar-Tigger	1170	+	114	146932270	75844
chr4	179410745	179610745	harbor2	chr4	179425053	179425197	DNA/TcMar-Tigger	871	+	72	179425125	14380
chr4	179410745	179610745	harbor2	chr4	179439465	179439819	DNA/TcMar-Tigger	976	+	177	179439642	28897
chr4	179410745	179610745	harbor2	chr4	179440107	179440482	DNA/TcMar-Tigger	976	+	188	179440295	29550
chr4	179410745	179610745	harbor2	chr4	179460575	179461383	DNA/TcMar-Tigger	3429	+	404	179460979	50234
chr4	179410745	179610745	harbor2	chr4	179461414	179461712	DNA/TcMar-Tigger	3429	+	149	179461563	50818
chr4	179410745	179610745	harbor2	chr4	179461835	179462068	DNA/TcMar-Tigger	843	+	116	179461951	51206
chr4	179410745	179610745	harbor2	chr4	179480311	179480680	DNA/TcMar-Tigger	1573	+	184	179480495	69750
chr4	179410745	179610745	harbor2	chr4	179509787	179510122	DNA/TcMar-Tigger	1761	+	168	179509955	99210
chr4	57528894	57728894	harbor2	chr4	57552298	57552613	DNA/TcMar-Tigger	1612	+	158	57552456	23562
chr4	161905581	162105581	harbor2	chr4	161991548	161991768	DNA/TcMar-Tigger	1245	+	110	161991658	86077
chr4	109287094	109487094	harbor2	chr4	109357530	109357869	DNA/TcMar-Tigger	858	+	170	109357700	70606
chr4	109287094	109487094	harbor2	chr4	109362933	109363539	DNA/TcMar-Tigger	3414	+	303	109363236	76142
chr4	134530249	134730249	harbor2	chr4	134568513	134568942	DNA/TcMar-Tigger	2122	+	214	134568727	38478
chr4	134530249	134730249	harbor2	chr4	134575381	134575722	DNA/TcMar-Tigger	896	+	170	134575551	45302
chr4	184766898	184966898	harbor2	chr4	184785882	184786391	DNA/TcMar-Tigger	2562	+	254	184786136	19238
chr4	174823700	175023700	harbor2	chr4	174883922	174884048	DNA/TcMar-Tigger	710	+	63	174883985	60285
chr4	165172284	165372284	harbor2	chr4	165272127	165272264	DNA/TcMar-Tigger	611	+	68	165272195	99911
chr4	152082577	152282577	harbor2	chr4	152132921	152133375	DNA/TcMar-Tigger	1549	+	227	152133148	50571
chr4	152082577	152282577	harbor2	chr4	152133385	152133575	DNA/TcMar-Tigger	751	+	95	152133480	50903
chr4	141789647	141989647	harbor2	chr4	141805014	141805252	DNA/TcMar-Tigger	1108	+	119	141805133	15486
chr4	141789647	141989647	harbor2	chr4	141805430	141805602	DNA/TcMar-Tigger	1243	+	86	141805516	15869
chr4	141789647	141989647	harbor2	chr4	141805780	141806455	DNA/TcMar-Tigger	4043	+	338	141806118	16471
chr4	185453674	185653674	harbor2	chr4	185530586	185530967	DNA/TcMar-Tigger	2424	+	190	185530776	77102
chr4	185453674	185653674	harbor2	chr4	185531016	185531106	DNA/TcMar-Tigger	2424	+	45	185531061	77387
chr4	178839647	179039647	harbor2	chr4	178917188	178917410	DNA/TcMar-Tigger	1187	+	111	178917299	77652
chr4	154344083	154544083	harbor2	chr4	154355672	154356858	DNA/TcMar-Tigger	7052	+	593	154356265	12182
chr4	154344083	154544083	harbor2	chr4	154362585	154362652	DNA/TcMar-Tigger	458	+	34	154362619	18536
chr4	154344083	154544083	harbor2	chr4	154362644	154363067	DNA/TcMar-Tigger	2492	+	212	154362856	18773
chr4	133138494	133338494	harbor2	chr4	133187129	133187454	DNA/TcMar-Tigger	1547	+	162	133187291	48797
chr4	133138494	133338494	harbor2	chr4	133213975	133214293	DNA/TcMar-Tigger	1119	+	159	133214134	75640
chr4	133138494	133338494	harbor2	chr4	133217412	133217629	DNA/TcMar-Tigger	450	+	108	133217520	79026
chr4	187333683	187533683	harbor2	chr4	187429989	187430690	DNA/TcMar-Tigger	940	+	350	187430339	96656
chr4	33356515	33556515	harbor2	chr4	33363612	33363951	DNA/TcMar-Tigger	1675	+	170	33363782	7267
chr4	33356515	33556515	harbor2	chr4	33402645	33402987	DNA/TcMar-Tigger	1735	+	171	33402816	46301
chr4	153043869	153243869	harbor2	chr4	153078261	153078600	DNA/TcMar-Tigger	2003	+	170	153078431	34562
chr4	159996176	160196176	harbor2	chr4	160056567	160056671	DNA/TcMar-Tigger	1349	+	52	160056619	60443
chr4	159996176	160196176	harbor2	chr4	160056724	160056930	DNA/TcMar-Tigger	1349	+	103	160056827	60651
chr4	109647825	109847825	harbor2	chr4	109665217	109665459	DNA/TcMar-Tigger	1456	+	121	109665338	17513
chr4	109647825	109847825	harbor2	chr4	109703879	109704720	DNA/TcMar-Tigger	12497	+	420	109704299	56474
chr4	109647825	109847825	harbor2	chr4	109705005	109705702	DNA/TcMar-Tigger	12497	+	348	109705353	57528
chr4	109647825	109847825	harbor2	chr4	109706060	109706131	DNA/TcMar-Tigger	12497	+	36	109706096	58271
chr4	109647825	109847825	harbor2	chr4	109706172	109706648	DNA/TcMar-Tigger	12497	+	238	109706410	58585
chr4	109647825	109847825	harbor2	chr4	109706923	109707246	DNA/TcMar-Tigger	12497	+	162	109707085	59260
chr4	188424485	188624485	harbor2	chr4	188440907	188440971	DNA/TcMar-Tigger	454	+	32	188440939	16454
chr4	188424485	188624485	harbor2	chr4	188441662	188441927	DNA/TcMar-Tigger	1675	+	132	188441794	17309
chr4	140506263	140706263	harbor2	chr4	140565861	140566198	DNA/TcMar-Tigger	1401	+	168	140566029	59766
chr4	122072547	122272547	harbor2	chr4	122091853	122092217	DNA/TcMar-Tigger	743	+	182	122092035	19488
chr4	122072547	122272547	harbor2	chr4	122095262	122095360	DNA/TcMar-Tigger	600	+	49	122095311	22764
chr4	122072547	122272547	harbor2	chr4	122136499	122136851	DNA/TcMar-Tigger	2347	+	176	122136675	64128
chr4	124972812	125172812	harbor2	chr4	125007609	125007874	DNA/TcMar-Tigger	1652	+	132	125007741	34929
chr4	124972812	125172812	harbor2	chr4	125047261	125047507	DNA/TcMar-Tigger	1023	+	123	125047384	74572
chr4	124972812	125172812	harbor2	chr4	125042348	125044061	DNA/TcMar-Tigger	10354	+	856	125043204	70392
chr4	178886762	179086762	harbor2	chr4	178917188	178917410	DNA/TcMar-Tigger	1187	+	111	178917299	30537
chr4	154671835	154871835	harbor2	chr4	154753427	154753450	DNA/TcMar-Tigger	969	+	12	154753439	81604
chr4	154671835	154871835	harbor2	chr4	154753752	154753983	DNA/TcMar-Tigger	969	+	116	154753868	82033
chr4	130299544	130499544	harbor2	chr4	130363516	130363723	DNA/TcMar-Tigger	1169	+	104	130363620	64076
chr4	130299544	130499544	harbor2	chr4	130363721	130363881	DNA/TcMar-Tigger	794	+	80	130363801	64257
chr4	161542686	161742686	harbor2	chr4	161625215	161627559	DNA/TcMar-Tigger	13078	+	1172	161626387	83701
chr4	88944871	89144871	harbor2	chr4	88955985	88956476	DNA/TcMar-Tigger	2844	+	246	88956231	11360
chr4	88944871	89144871	harbor2	chr4	88976506	88977073	DNA/TcMar-Tigger	3586	+	284	88976790	31919
chr4	88944871	89144871	harbor2	chr4	89013496	89013779	DNA/TcMar-Tigger	1930	+	142	89013638	68767
chr4	88944871	89144871	harbor2	chr4	89015550	89015663	DNA/TcMar-Tigger	4466	+	56	89015606	70735
chr4	88944871	89144871	harbor2	chr4	89015988	89016626	DNA/TcMar-Tigger	4855	+	319	89016307	71436
chr4	88944871	89144871	harbor2	chr4	89016933	89017191	DNA/TcMar-Tigger	4855	+	129	89017062	72191
chr4	88944871	89144871	harbor2	chr4	89013780	89014504	DNA/TcMar-Tigger	4466	+	362	89014142	69271
chr4	101613330	101813330	harbor2	chr4	101703546	101703828	DNA/TcMar-Tigger	594	+	141	101703687	90357
chr4	63396685	63596685	harbor2	chr4	63404641	63404985	DNA/TcMar-Tigger	1566	+	172	63404813	8128
chr4	63396685	63596685	harbor2	chr4	63467472	63467560	DNA/TcMar-Tigger	428	+	44	63467516	70831
chr4	53120112	53320112	harbor2	chr4	53146655	53146984	DNA/TcMar-Tigger	1563	+	164	53146819	26707
chr4	53120112	53320112	harbor2	chr4	53173238	53173312	DNA/TcMar-Tigger	433	+	37	53173275	53163
chr4	53120112	53320112	harbor2	chr4	53206029	53206369	DNA/TcMar-Tigger	1703	+	170	53206199	86087
chr4	53120112	53320112	harbor2	chr4	53206347	53206806	DNA/TcMar-Tigger	2065	+	230	53206577	86465
chr4	53120112	53320112	harbor2	chr4	53209728	53210049	DNA/TcMar-Tigger	1180	+	160	53209888	89776
chr4	101155520	101355520	harbor2	chr4	101160963	101161317	DNA/TcMar-Tigger	1844	+	177	101161140	5620
chr4	101155520	101355520	harbor2	chr4	101243410	101243743	DNA/TcMar-Tigger	1671	+	166	101243576	88056
chr4	164512770	164712770	harbor2	chr4	164600696	164600930	DNA/TcMar-Tigger	885	+	117	164600813	88043
chr4	63650230	63850230	harbor2	chr4	63732130	63732456	DNA/TcMar-Tigger	1714	+	163	63732293	82063
chr4	95534468	95734468	harbor2	chr4	95541125	95541365	DNA/TcMar-Tigger	1325	+	120	95541245	6777
chr4	95534468	95734468	harbor2	chr4	95541366	95541466	DNA/TcMar-Tigger	513	+	50	95541416	6948
chr4	95534468	95734468	harbor2	chr4	95559771	95560116	DNA/TcMar-Tigger	2177	+	172	95559943	25475
chr4	70954344	71154344	harbor2	chr4	70990206	70990251	DNA/TcMar-Tigger	489	+	22	70990228	35884
chr4	70954344	71154344	harbor2	chr4	70990551	70990755	DNA/TcMar-Tigger	489	+	102	70990653	36309
chr4	70954344	71154344	harbor2	chr4	70991041	70991139	DNA/TcMar-Tigger	489	+	49	70991090	36746
chr4	70954344	71154344	harbor2	chr4	70998334	70998620	DNA/TcMar-Tigger	992	+	143	70998477	44133
chr4	156590058	156790058	harbor2	chr4	156653981	156654086	DNA/TcMar-Tigger	1626	+	52	156654033	63975
chr4	156590058	156790058	harbor2	chr4	156654383	156654623	DNA/TcMar-Tigger	1626	+	120	156654503	64445
chr4	152967717	153167717	harbor2	chr4	153019788	153019966	DNA/TcMar-Tigger	499	+	89	153019877	52160
chr4	152967717	153167717	harbor2	chr4	153042766	153043059	DNA/TcMar-Tigger	1623	+	146	153042912	75195
chr4	178411078	178611078	harbor2	chr4	178413763	178414184	DNA/TcMar-Tigger	2169	+	210	178413973	2895
chr4	178411078	178611078	harbor2	chr4	178414437	178414712	DNA/TcMar-Tigger	1342	+	138	178414575	3497
chr4	178411078	178611078	harbor2	chr4	178414711	178414916	DNA/TcMar-Tigger	910	+	102	178414813	3735
chr4	178411078	178611078	harbor2	chr4	178475209	178475435	DNA/TcMar-Tigger	1007	+	113	178475322	64244
chr5	181073602	181273602	harbor2	chr5	181104988	181105125	DNA/TcMar-Tigger	634	+	68	181105056	31454
chr5	176921320	177121320	harbor2	chr5	176939400	176939743	DNA/TcMar-Tigger	2163	+	172	176939572	18252
chr5	82401398	82601398	harbor2	chr5	82407418	82407704	DNA/TcMar-Tigger	964	+	143	82407561	6163
chr5	82401398	82601398	harbor2	chr5	82468800	82469001	DNA/TcMar-Tigger	872	+	100	82468900	67502
chr5	31458572	31658572	harbor2	chr5	31539016	31539351	DNA/TcMar-Tigger	1697	+	168	31539184	80612
chr5	181188832	181388832	harbor2	chr5	181203134	181203274	DNA/TcMar-Tigger	510	+	70	181203204	14372
chr5	181188832	181388832	harbor2	chr5	181203403	181203434	DNA/TcMar-Tigger	510	+	16	181203419	14587
chr5	86694312	86894312	harbor2	chr5	86697594	86697824	DNA/TcMar-Tigger	1159	+	115	86697709	3397
chr5	86694312	86894312	harbor2	chr5	86784004	86784145	DNA/TcMar-Tigger	453	+	70	86784074	89762
chr5	86694312	86894312	harbor2	chr5	86784495	86785001	DNA/TcMar-Tigger	690	+	253	86784748	90436
chr5	86694312	86894312	harbor2	chr5	86790531	86790800	DNA/TcMar-Tigger	1253	+	134	86790665	96353
chr5	177002174	177202174	harbor2	chr5	177052756	177052850	DNA/TcMar-Tigger	502	+	47	177052803	50629
chr5	105934595	106134595	harbor2	chr5	106021115	106021440	DNA/TcMar-Tigger	1529	+	162	106021277	86682
chr5	118836607	119036607	harbor2	chr5	118898983	118899516	DNA/TcMar-Tigger	2895	+	266	118899249	62642
chr5	118836607	119036607	harbor2	chr5	118921816	118922131	DNA/TcMar-Tigger	884	+	158	118921974	85367
chr5	142828247	143028247	harbor2	chr5	142856568	142856894	DNA/TcMar-Tigger	2030	+	163	142856731	28484
chr5	167891917	168091917	harbor2	chr5	167933432	167933653	DNA/TcMar-Tigger	408	+	110	167933542	41625
chr5	159756297	159956297	harbor2	chr5	159783242	159783558	DNA/TcMar-Tigger	1125	+	158	159783400	27103
chr5	159756297	159956297	harbor2	chr5	159813297	159813463	DNA/TcMar-Tigger	914	+	83	159813380	57083
chr5	159756297	159956297	harbor2	chr5	159813696	159814166	DNA/TcMar-Tigger	3341	+	235	159813931	57634
chr5	159756297	159956297	harbor2	chr5	159842601	159842933	DNA/TcMar-Tigger	2155	+	166	159842767	86470
chr5	159756297	159956297	harbor2	chr5	159842940	159843100	DNA/TcMar-Tigger	1101	+	80	159843020	86723
chr5	61111041	61311041	harbor2	chr5	61145459	61145648	DNA/TcMar-Tigger	858	+	94	61145553	34512
chr5	175697246	175897246	harbor2	chr5	175776929	175777062	DNA/TcMar-Tigger	472	+	66	175776995	79749
chr5	175697246	175897246	harbor2	chr5	175783142	175783565	DNA/TcMar-Tigger	841	+	212	175783354	86108
chr5	144213599	144413599	harbor2	chr5	144230228	144230721	DNA/TcMar-Tigger	1680	+	246	144230474	16875
chr5	150220775	150420775	harbor2	chr5	150306307	150306836	DNA/TcMar-Tigger	743	+	264	150306571	85796
chr5	20852635	21052635	harbor2	chr5	20951524	20951839	DNA/TcMar-Tigger	1586	+	158	20951682	99047
chr5	52189204	52389204	harbor2	chr5	52213177	52213446	DNA/TcMar-Tigger	4967	+	134	52213311	24107
chr5	52189204	52389204	harbor2	chr5	52213734	52214102	DNA/TcMar-Tigger	4967	+	184	52213918	24714
chr5	52189204	52389204	harbor2	chr5	52214287	52214623	DNA/TcMar-Tigger	4967	+	168	52214455	25251
chr5	52189204	52389204	harbor2	chr5	52214875	52215105	DNA/TcMar-Tigger	1610	+	115	52214990	25786
chr5	94575234	94775234	harbor2	chr5	94650985	94651326	DNA/TcMar-Tigger	2009	+	170	94651155	75921
chr5	102909710	103109710	harbor2	chr5	102941915	102942259	DNA/TcMar-Tigger	476	+	172	102942087	32377
chr5	138841551	139041551	harbor2	chr5	138867498	138867740	DNA/TcMar-Tigger	1878	+	121	138867619	26068
chr5	138841551	139041551	harbor2	chr5	138868048	138868324	DNA/TcMar-Tigger	1878	+	138	138868186	26635
chr5	171824318	172024318	harbor2	chr5	171918187	171918272	DNA/TcMar-Tigger	451	+	42	171918229	93911
chr5	104905028	105105028	harbor2	chr5	104998215	104998525	DNA/TcMar-Tigger	1709	+	155	104998370	93342
chr5	133835261	134035261	harbor2	chr5	133919638	133919971	DNA/TcMar-Tigger	1276	+	166	133919804	84543
chr5	122360405	122560405	harbor2	chr5	122433759	122433985	DNA/TcMar-Tigger	1242	+	113	122433872	73467
chr5	122360405	122560405	harbor2	chr5	122433979	122434067	DNA/TcMar-Tigger	582	+	44	122434023	73618
chr5	122360405	122560405	harbor2	chr5	122438141	122438720	DNA/TcMar-Tigger	3214	+	290	122438431	78026
chr5	168783581	168983581	harbor2	chr5	168792785	168793136	DNA/TcMar-Tigger	2247	+	176	168792961	9380
chr5	45181799	45381799	harbor2	chr5	45202015	45202280	DNA/TcMar-Tigger	620	+	132	45202147	20348
chr5	136916114	137116114	harbor2	chr5	136925222	136925398	DNA/TcMar-Tigger	975	+	88	136925310	9196
chr5	136916114	137116114	harbor2	chr5	136981890	136982193	DNA/TcMar-Tigger	1659	+	152	136982042	65928
chr5	156503327	156703327	harbor2	chr5	156512297	156512582	DNA/TcMar-Tigger	1455	+	142	156512439	9112
chr5	156503327	156703327	harbor2	chr5	156523887	156524094	DNA/TcMar-Tigger	999	+	104	156523991	20664
chr5	156503327	156703327	harbor2	chr5	156553972	156554073	DNA/TcMar-Tigger	1060	+	50	156554022	50695
chr5	156503327	156703327	harbor2	chr5	156554373	156554513	DNA/TcMar-Tigger	1060	+	70	156554443	51116
chr5	156503327	156703327	harbor2	chr5	156554652	156554748	DNA/TcMar-Tigger	435	+	48	156554700	51373
chr5	156503327	156703327	harbor2	chr5	156585022	156585283	DNA/TcMar-Tigger	449	+	130	156585152	81825
chr5	156503327	156703327	harbor2	chr5	156589564	156589796	DNA/TcMar-Tigger	714	+	116	156589680	86353
chr5	149064585	149264585	harbor2	chr5	149112587	149112695	DNA/TcMar-Tigger	771	+	54	149112641	48056
chr5	149064585	149264585	harbor2	chr5	149112687	149112826	DNA/TcMar-Tigger	1766	+	70	149112757	48172
chr5	149064585	149264585	harbor2	chr5	149113210	149113411	DNA/TcMar-Tigger	1766	+	100	149113310	48725
chr5	149064585	149264585	harbor2	chr5	149113521	149113901	DNA/TcMar-Tigger	2323	+	190	149113711	49126
chr5	149064585	149264585	harbor2	chr5	149133337	149133586	DNA/TcMar-Tigger	691	+	124	149133461	68876
chr5	127471103	127671103	harbor2	chr5	127487938	127488235	DNA/TcMar-Tigger	757	+	148	127488086	16983
chr5	127471103	127671103	harbor2	chr5	127561534	127561646	DNA/TcMar-Tigger	418	+	56	127561590	90487
chr5	164357347	164557347	harbor2	chr5	164370891	164371277	DNA/TcMar-Tigger	5808	+	193	164371084	13737
chr5	164357347	164557347	harbor2	chr5	164371643	164371966	DNA/TcMar-Tigger	5808	+	162	164371805	14458
chr5	164357347	164557347	harbor2	chr5	164372272	164372730	DNA/TcMar-Tigger	5808	+	229	164372501	15154
chr5	164357347	164557347	harbor2	chr5	164382104	164382338	DNA/TcMar-Tigger	1246	+	117	164382221	24874
chr5	164357347	164557347	harbor2	chr5	164430036	164430155	DNA/TcMar-Tigger	1778	+	60	164430096	72749
chr5	164357347	164557347	harbor2	chr5	164430573	164430784	DNA/TcMar-Tigger	1778	+	106	164430679	73332
chr5	139313290	139513290	harbor2	chr5	139352112	139352218	DNA/TcMar-Tigger	458	+	53	139352165	38875
chr5	167911709	168111709	harbor2	chr5	167933432	167933653	DNA/TcMar-Tigger	408	+	110	167933542	21833
chr5	70086314	70286314	harbor2	chr5	70092157	70092518	DNA/TcMar-Tigger	2415	+	180	70092337	6023
chr5	70086314	70286314	harbor2	chr5	70173794	70173938	DNA/TcMar-Tigger	593	+	72	70173866	87552
chr5	70086314	70286314	harbor2	chr5	70173958	70174068	DNA/TcMar-Tigger	558	+	55	70174013	87699
chr5	70086314	70286314	harbor2	chr5	70174331	70174484	DNA/TcMar-Tigger	681	+	76	70174407	88093
chr5	95518556	95718556	harbor2	chr5	95552055	95552119	DNA/TcMar-Tigger	412	+	32	95552087	33531
chr5	95518556	95718556	harbor2	chr5	95559301	95559473	DNA/TcMar-Tigger	711	+	86	95559387	40831
chr5	118920277	119120277	harbor2	chr5	118921816	118922131	DNA/TcMar-Tigger	884	+	158	118921974	1697
chr5	124542505	124742505	harbor2	chr5	124606708	124607076	DNA/TcMar-Tigger	1183	+	184	124606892	64387
chr5	124542505	124742505	harbor2	chr5	124607375	124607720	DNA/TcMar-Tigger	1183	+	172	124607547	65042
chr5	114127597	114327597	harbor2	chr5	114165176	114165392	DNA/TcMar-Tigger	1212	+	108	114165284	37687
chr5	114127597	114327597	harbor2	chr5	114165696	114165924	DNA/TcMar-Tigger	1320	+	114	114165810	38213
chr5	114127597	114327597	harbor2	chr5	114209857	114210489	DNA/TcMar-Tigger	3329	+	316	114210173	82576
chr5	125025909	125225909	harbor2	chr5	125045643	125045968	DNA/TcMar-Tigger	1615	+	162	125045805	19896
chr5	125025909	125225909	harbor2	chr5	125080160	125080533	DNA/TcMar-Tigger	739	+	186	125080346	54437
chr5	125025909	125225909	harbor2	chr5	125089925	125090553	DNA/TcMar-Tigger	2790	+	314	125090239	64330
chr5	125025909	125225909	harbor2	chr5	125095141	125097483	DNA/TcMar-Tigger	14170	+	1171	125096312	70403
chr5	55075675	55275675	harbor2	chr5	55121964	55122187	DNA/TcMar-Tigger	740	+	112	55122076	46401
chr5	55075675	55275675	harbor2	chr5	55123037	55123293	DNA/TcMar-Tigger	551	+	128	55123165	47490
chr5	151857548	152057548	harbor2	chr5	151882839	151883019	DNA/TcMar-Tigger	800	+	90	151882929	25381
chr5	114120565	114320565	harbor2	chr5	114165176	114165392	DNA/TcMar-Tigger	1212	+	108	114165284	44719
chr5	114120565	114320565	harbor2	chr5	114165696	114165924	DNA/TcMar-Tigger	1320	+	114	114165810	45245
chr5	114120565	114320565	harbor2	chr5	114209857	114210489	DNA/TcMar-Tigger	3329	+	316	114210173	89608
chr5	171176720	171376720	harbor2	chr5	171226851	171226971	DNA/TcMar-Tigger	617	+	60	171226911	50191
chr5	171176720	171376720	harbor2	chr5	171226978	171229020	DNA/TcMar-Tigger	13722	+	1021	171227999	51279
chr5	136458615	136658615	harbor2	chr5	136520628	136521000	DNA/TcMar-Tigger	2048	+	186	136520814	62199
chr5	165094344	165294344	harbor2	chr5	165111324	165112427	DNA/TcMar-Tigger	14974	+	552	165111876	17532
chr5	165094344	165294344	harbor2	chr5	165112744	165114287	DNA/TcMar-Tigger	14974	+	772	165113516	19172
chr5	165094344	165294344	harbor2	chr5	165171779	165171847	DNA/TcMar-Tigger	415	+	34	165171813	77469
chr5	165094344	165294344	harbor2	chr5	165187014	165189379	DNA/TcMar-Tigger	13637	+	1182	165188196	93852
chr5	148006738	148206738	harbor2	chr5	148015210	148015458	DNA/TcMar-Tigger	1440	+	124	148015334	8596
chr5	151143263	151343263	harbor2	chr5	151192850	151193174	DNA/TcMar-Tigger	1300	+	162	151193012	49749
chr5	151143263	151343263	harbor2	chr5	151218822	151218965	DNA/TcMar-Tigger	408	+	72	151218894	75631
chr5	168449687	168649687	harbor2	chr5	168484036	168484226	DNA/TcMar-Tigger	893	+	95	168484131	34444
chr5	168449687	168649687	harbor2	chr5	168484225	168484322	DNA/TcMar-Tigger	652	+	48	168484273	34586
chr5	61047037	61247037	harbor2	chr5	61103791	61104157	DNA/TcMar-Tigger	2458	+	183	61103974	56937
chr5	61047037	61247037	harbor2	chr5	61145459	61145648	DNA/TcMar-Tigger	858	+	94	61145553	98516
chr5	132619090	132819090	harbor2	chr5	132654981	132655205	DNA/TcMar-Tigger	1247	+	112	132655093	36003
chr5	111847443	112047443	harbor2	chr5	111939441	111940064	DNA/TcMar-Tigger	2968	+	312	111939753	92310
chr5	83878015	84078015	harbor2	chr5	83879660	83879731	DNA/TcMar-Tigger	406	+	36	83879696	1681
chr5	83878015	84078015	harbor2	chr5	83880150	83880261	DNA/TcMar-Tigger	406	+	56	83880206	2191
chr5	90721858	90921858	harbor2	chr5	90772147	90772568	DNA/TcMar-Tigger	1993	+	210	90772357	50499
chr5	144690452	144890452	harbor2	chr5	144712213	144712648	DNA/TcMar-Tigger	1905	+	218	144712431	21979
chr5	167263623	167463623	harbor2	chr5	167281558	167281703	DNA/TcMar-Tigger	421	+	72	167281630	18007
chr5	167263623	167463623	harbor2	chr5	167336669	167336835	DNA/TcMar-Tigger	1244	+	83	167336752	73129
chr5	167263623	167463623	harbor2	chr5	167337154	167337210	DNA/TcMar-Tigger	1244	+	28	167337182	73559
chr5	109027941	109227941	harbor2	chr5	109046598	109046938	DNA/TcMar-Tigger	1914	+	170	109046768	18827
chr5	109027941	109227941	harbor2	chr5	109094331	109094527	DNA/TcMar-Tigger	991	+	98	109094429	66488
chr5	97130270	97330270	harbor2	chr5	97138785	97139016	DNA/TcMar-Tigger	1290	+	116	97138901	8631
chr5	180036602	180236602	harbor2	chr5	180121683	180122246	DNA/TcMar-Tigger	2172	+	282	180121965	85363
chr5	169119782	169319782	harbor2	chr5	169152200	169152415	DNA/TcMar-Tigger	485	+	108	169152308	32526
chr5	38740800	38940800	harbor2	chr5	38762419	38763026	DNA/TcMar-Tigger	579	+	304	38762723	21923
chr5	38740800	38940800	harbor2	chr5	38781870	38782180	DNA/TcMar-Tigger	1599	+	155	38782025	41225
chr5	150859961	151059961	harbor2	chr5	150936655	150937686	DNA/TcMar-Tigger	4707	+	516	150937171	77210
chr5	179805175	180005175	harbor2	chr5	179861965	179862273	DNA/TcMar-Tigger	1440	+	154	179862119	56944
chr5	151692759	151892759	harbor2	chr5	151780949	151781947	DNA/TcMar-Tigger	4768	+	499	151781448	88689
chr5	161360024	161560024	harbor2	chr5	161408116	161408361	DNA/TcMar-Tigger	1010	+	122	161408238	48214
chr5	161360024	161560024	harbor2	chr5	161423303	161425693	DNA/TcMar-Tigger	13932	+	1195	161424498	64474
chr5	120151233	120351233	harbor2	chr5	120152513	120153220	DNA/TcMar-Tigger	3720	+	354	120152867	1634
chr5	120151233	120351233	harbor2	chr5	120201456	120201535	DNA/TcMar-Tigger	434	+	40	120201496	50263
chr5	120151233	120351233	harbor2	chr5	120201535	120201824	DNA/TcMar-Tigger	1492	+	144	120201679	50446
chr5	112815799	113015799	harbor2	chr5	112856226	112856392	DNA/TcMar-Tigger	404	+	83	112856309	40510
chr5	57931646	58131646	harbor2	chr5	58009577	58010253	DNA/TcMar-Tigger	3156	+	338	58009915	78269
chr5	113969908	114169908	harbor2	chr5	114041974	114042658	DNA/TcMar-Tigger	3577	+	342	114042316	72408
chr5	113969908	114169908	harbor2	chr5	114052017	114052291	DNA/TcMar-Tigger	1765	+	137	114052154	82246
chr6	154853193	155053193	harbor2	chr6	154896804	154896987	DNA/TcMar-Tigger	471	+	92	154896896	43703
chr6	147752902	147952902	harbor2	chr6	147850597	147850944	DNA/TcMar-Tigger	2249	+	174	147850771	97869
chr6	147752902	147952902	harbor2	chr6	147851244	147851428	DNA/TcMar-Tigger	2249	+	92	147851336	98434
chr6	32911606	33111606	harbor2	chr6	32979436	32979583	DNA/TcMar-Tigger	557	+	74	32979510	67904
chr6	117391994	117591994	harbor2	chr6	117437440	117438630	DNA/TcMar-Tigger	6850	+	595	117438035	46041
chr6	117391994	117591994	harbor2	chr6	117463371	117463576	DNA/TcMar-Tigger	1570	+	102	117463473	71479
chr6	117391994	117591994	harbor2	chr6	117463943	117464009	DNA/TcMar-Tigger	1570	+	33	117463976	71982
chr6	87619038	87819038	harbor2	chr6	87638571	87638741	DNA/TcMar-Tigger	724	+	85	87638656	19618
chr6	87619038	87819038	harbor2	chr6	87638739	87639218	DNA/TcMar-Tigger	2641	+	240	87638979	19941
chr6	64360058	64560058	harbor2	chr6	64454485	64454560	DNA/TcMar-Tigger	427	+	38	64454523	94465
chr6	146996369	147196369	harbor2	chr6	147060445	147060731	DNA/TcMar-Tigger	1321	+	143	147060588	64219
chr6	169805082	170005082	harbor2	chr6	169846981	169847322	DNA/TcMar-Tigger	893	+	170	169847151	42069
chr6	169805082	170005082	harbor2	chr6	169847332	169847348	DNA/TcMar-Tigger	792	+	8	169847340	42258
chr6	169805082	170005082	harbor2	chr6	169847717	169847898	DNA/TcMar-Tigger	792	+	90	169847807	42725
chr6	157449195	157649195	harbor2	chr6	157473614	157473970	DNA/TcMar-Tigger	2202	+	178	157473792	24597
chr6	167018813	167218813	harbor2	chr6	167018886	167019163	DNA/TcMar-Tigger	1137	+	138	167019024	211
chr6	167018813	167218813	harbor2	chr6	167113089	167113495	DNA/TcMar-Tigger	934	+	203	167113292	94479
chr6	161278062	161478062	harbor2	chr6	161315971	161316853	DNA/TcMar-Tigger	5490	+	441	161316412	38350
chr6	161278062	161478062	harbor2	chr6	161317146	161317333	DNA/TcMar-Tigger	5490	+	94	161317240	39178
chr6	161278062	161478062	harbor2	chr6	161317623	161317703	DNA/TcMar-Tigger	5490	+	40	161317663	39601
chr6	147994489	148194489	harbor2	chr6	148039240	148039669	DNA/TcMar-Tigger	794	+	214	148039454	44965
chr6	126158213	126358213	harbor2	chr6	126231260	126231465	DNA/TcMar-Tigger	1216	+	102	126231362	73149
chr6	126158213	126358213	harbor2	chr6	126231463	126231616	DNA/TcMar-Tigger	846	+	76	126231539	73326
chr6	160805082	161005082	harbor2	chr6	160866262	160866409	DNA/TcMar-Tigger	884	+	74	160866336	61254
chr6	160805082	161005082	harbor2	chr6	160873769	160874118	DNA/TcMar-Tigger	1745	+	174	160873943	68861
chr6	160076132	160276132	harbor2	chr6	160076737	160076839	DNA/TcMar-Tigger	511	+	51	160076788	656
chr6	160076132	160276132	harbor2	chr6	160111245	160111648	DNA/TcMar-Tigger	2092	+	202	160111447	35315
chr6	160076132	160276132	harbor2	chr6	160159047	160159118	DNA/TcMar-Tigger	1982	+	36	160159083	82951
chr6	160076132	160276132	harbor2	chr6	160159425	160159698	DNA/TcMar-Tigger	1982	+	136	160159561	83429
chr6	126662571	126862571	harbor2	chr6	126690820	126690927	DNA/TcMar-Tigger	653	+	54	126690874	28303
chr6	136668064	136868064	harbor2	chr6	136674730	136674965	DNA/TcMar-Tigger	1382	+	118	136674848	6784
chr6	109862555	110062555	harbor2	chr6	109913776	109914950	DNA/TcMar-Tigger	11653	+	587	109914363	51808
chr6	109862555	110062555	harbor2	chr6	109915253	109915939	DNA/TcMar-Tigger	11653	+	343	109915596	53041
chr6	109862555	110062555	harbor2	chr6	109916028	109916417	DNA/TcMar-Tigger	11653	+	194	109916222	53667
chr6	109862555	110062555	harbor2	chr6	109916711	109916790	DNA/TcMar-Tigger	11653	+	40	109916751	54196
chr6	92717677	92917677	harbor2	chr6	92759767	92760723	DNA/TcMar-Tigger	5481	+	478	92760245	42568
chr6	92717677	92917677	harbor2	chr6	92781016	92781390	DNA/TcMar-Tigger	1870	+	187	92781203	63526
chr6	164838514	165038514	harbor2	chr6	164882589	164882909	DNA/TcMar-Tigger	1672	+	160	164882749	44235
chr6	164838514	165038514	harbor2	chr6	164910273	164910511	DNA/TcMar-Tigger	995	+	119	164910392	71878
chr6	143322697	143522697	harbor2	chr6	143368938	143369279	DNA/TcMar-Tigger	2059	+	170	143369108	46411
chr6	170559918	170759918	harbor2	chr6	170558985	170560217	DNA/TcMar-Tigger	7674	+	616	170559601	317
chr6	170559918	170759918	harbor2	chr6	170560490	170561353	DNA/TcMar-Tigger	5446	+	432	170560922	1004
chr6	170559918	170759918	harbor2	chr6	170589283	170589519	DNA/TcMar-Tigger	1308	+	118	170589401	29483
chr6	151326930	151526930	harbor2	chr6	151422126	151422460	DNA/TcMar-Tigger	1915	+	167	151422293	95363
chr6	117397691	117597691	harbor2	chr6	117437440	117438630	DNA/TcMar-Tigger	6850	+	595	117438035	40344
chr6	117397691	117597691	harbor2	chr6	117463371	117463576	DNA/TcMar-Tigger	1570	+	102	117463473	65782
chr6	117397691	117597691	harbor2	chr6	117463943	117464009	DNA/TcMar-Tigger	1570	+	33	117463976	66285
chr6	137038447	137238447	harbor2	chr6	137111961	137112222	DNA/TcMar-Tigger	1242	+	130	137112091	73644
chr6	137038447	137238447	harbor2	chr6	137112223	137112322	DNA/TcMar-Tigger	455	+	50	137112273	73826
chr6	170009053	170209053	harbor2	chr6	170059352	170061711	DNA/TcMar-Tigger	13593	+	1180	170060532	51479
chr6	142768397	142968397	harbor2	chr6	142797574	142797908	DNA/TcMar-Tigger	2064	+	167	142797741	29344
chr6	142768397	142968397	harbor2	chr6	142837644	142838037	DNA/TcMar-Tigger	752	+	196	142837840	69443
chr6	116415250	116615250	harbor2	chr6	116423041	116423677	DNA/TcMar-Tigger	1528	+	318	116423359	8109
chr6	116415250	116615250	harbor2	chr6	116507373	116507605	DNA/TcMar-Tigger	1107	+	116	116507489	92239
chr6	116415250	116615250	harbor2	chr6	116507610	116507721	DNA/TcMar-Tigger	417	+	56	116507666	92416
chr6	160075488	160275488	harbor2	chr6	160076737	160076839	DNA/TcMar-Tigger	511	+	51	160076788	1300
chr6	160075488	160275488	harbor2	chr6	160111245	160111648	DNA/TcMar-Tigger	2092	+	202	160111447	35959
chr6	160075488	160275488	harbor2	chr6	160159047	160159118	DNA/TcMar-Tigger	1982	+	36	160159083	83595
chr6	160075488	160275488	harbor2	chr6	160159425	160159698	DNA/TcMar-Tigger	1982	+	136	160159561	84073
chr6	138742411	138942411	harbor2	chr6	138763468	138763826	DNA/TcMar-Tigger	645	+	179	138763647	21236
chr6	138742411	138942411	harbor2	chr6	138764452	138764608	DNA/TcMar-Tigger	420	+	78	138764530	22119
chr6	138742411	138942411	harbor2	chr6	138834013	138834310	DNA/TcMar-Tigger	569	+	148	138834161	91750
chr6	143926713	144126713	harbor2	chr6	143968498	143968793	DNA/TcMar-Tigger	641	+	148	143968646	41933
chr6	121407771	121607771	harbor2	chr6	121476976	121477149	DNA/TcMar-Tigger	924	+	86	121477062	69291
chr6	158458891	158658891	harbor2	chr6	158553800	158553900	DNA/TcMar-Tigger	1080	+	50	158553850	94959
chr6	158458891	158658891	harbor2	chr6	158554520	158554632	DNA/TcMar-Tigger	1080	+	56	158554576	95685
chr6	156640321	156840321	harbor2	chr6	156646440	156646739	DNA/TcMar-Tigger	669	+	150	156646590	6269
chr6	156640321	156840321	harbor2	chr6	156710527	156710676	DNA/TcMar-Tigger	1368	+	74	156710601	70280
chr6	156640321	156840321	harbor2	chr6	156710704	156710784	DNA/TcMar-Tigger	1368	+	40	156710744	70423
chr6	104354913	104554913	harbor2	chr6	104390903	104391217	DNA/TcMar-Tigger	1612	+	157	104391060	36147
chr6	170375891	170575891	harbor2	chr6	170401657	170401887	DNA/TcMar-Tigger	1247	+	115	170401772	25881
chr6	170170303	170370303	harbor2	chr6	170204635	170204910	DNA/TcMar-Tigger	570	+	138	170204773	34470
chr6	170170303	170370303	harbor2	chr6	170256285	170256630	DNA/TcMar-Tigger	2103	+	172	170256457	86154
chr6	169299841	169499841	harbor2	chr6	169317271	169317452	DNA/TcMar-Tigger	817	+	90	169317361	17520
chr6	169299841	169499841	harbor2	chr6	169341472	169341758	DNA/TcMar-Tigger	1384	+	143	169341615	41774
chr6	138272525	138472525	harbor2	chr6	138295738	138295974	DNA/TcMar-Tigger	1204	+	118	138295856	23331
chr6	138272525	138472525	harbor2	chr6	138333215	138333360	DNA/TcMar-Tigger	755	+	72	138333287	60762
chr6	163858386	164058386	harbor2	chr6	163887088	163887323	DNA/TcMar-Tigger	1489	+	118	163887206	28820
chr6	167637920	167837920	harbor2	chr6	167650068	167650301	DNA/TcMar-Tigger	412	+	116	167650184	12264
chr6	167637920	167837920	harbor2	chr6	167658102	167658545	DNA/TcMar-Tigger	2872	+	222	167658324	20404
chr6	167637920	167837920	harbor2	chr6	167658857	167659118	DNA/TcMar-Tigger	2872	+	130	167658987	21067
chr6	160819102	161019102	harbor2	chr6	160866262	160866409	DNA/TcMar-Tigger	884	+	74	160866336	47234
chr6	160819102	161019102	harbor2	chr6	160873769	160874118	DNA/TcMar-Tigger	1745	+	174	160873943	54841
chr6	165866052	166066052	harbor2	chr6	165912278	165912929	DNA/TcMar-Tigger	2270	+	326	165912604	46552
chr6	165866052	166066052	harbor2	chr6	165912954	165913272	DNA/TcMar-Tigger	1713	+	159	165913113	47061
chr6	165866052	166066052	harbor2	chr6	165942832	165942971	DNA/TcMar-Tigger	554	+	70	165942902	76850
chr6	165866052	166066052	harbor2	chr6	165944443	165944699	DNA/TcMar-Tigger	1160	+	128	165944571	78519
chr6	100687550	100887550	harbor2	chr6	100699055	100699144	DNA/TcMar-Tigger	578	+	44	100699099	11549
chr6	117141258	117341258	harbor2	chr6	117240186	117241647	DNA/TcMar-Tigger	14708	+	730	117240916	99658
chr6	133039814	133239814	harbor2	chr6	133048169	133048315	DNA/TcMar-Tigger	801	+	73	133048242	8428
chr6	133039814	133239814	harbor2	chr6	133048312	133048574	DNA/TcMar-Tigger	1482	+	131	133048443	8629
chr6	133039814	133239814	harbor2	chr6	133048565	133049159	DNA/TcMar-Tigger	3548	+	297	133048862	9048
chr6	133039814	133239814	harbor2	chr6	133059069	133059506	DNA/TcMar-Tigger	2253	+	218	133059287	19473
chr6	133039814	133239814	harbor2	chr6	133060315	133060668	DNA/TcMar-Tigger	1149	+	176	133060491	20677
chr6	40958407	41158407	harbor2	chr6	41010663	41010759	DNA/TcMar-Tigger	617	+	48	41010711	52304
chr6	40958407	41158407	harbor2	chr6	41010814	41010898	DNA/TcMar-Tigger	454	+	42	41010856	52449
chr6	136112426	136312426	harbor2	chr6	136208093	136208222	DNA/TcMar-Tigger	723	+	64	136208157	95731
chr6	71396240	71596240	harbor2	chr6	71459625	71459956	DNA/TcMar-Tigger	1757	+	166	71459791	63551
chr6	71396240	71596240	harbor2	chr6	71460316	71460672	DNA/TcMar-Tigger	1858	+	178	71460494	64254
chr6	71396240	71596240	harbor2	chr6	71492635	71495122	DNA/TcMar-Tigger	14505	+	1244	71493879	97639
chr6	151647523	151847523	harbor2	chr6	151688530	151688880	DNA/TcMar-Tigger	1359	+	175	151688705	41182
chr6	169166830	169366830	harbor2	chr6	169261562	169262063	DNA/TcMar-Tigger	2683	+	250	169261812	94982
chr6	121739027	121939027	harbor2	chr6	121815317	121815545	DNA/TcMar-Tigger	1385	+	114	121815431	76404
chr6	101347768	101547768	harbor2	chr6	101361212	101361643	DNA/TcMar-Tigger	824	+	216	101361428	13660
chr6	101347768	101547768	harbor2	chr6	101409159	101409440	DNA/TcMar-Tigger	1794	+	140	101409299	61531
chr6	136670815	136870815	harbor2	chr6	136674730	136674965	DNA/TcMar-Tigger	1382	+	118	136674848	4033
chr6	152706295	152906295	harbor2	chr6	152706613	152706815	DNA/TcMar-Tigger	1096	+	101	152706714	419
chr6	152706295	152906295	harbor2	chr6	152729194	152729428	DNA/TcMar-Tigger	829	+	117	152729311	23016
chr6	161316516	161516516	harbor2	chr6	161315971	161316853	DNA/TcMar-Tigger	5490	+	441	161316412	104
chr6	161316516	161516516	harbor2	chr6	161317146	161317333	DNA/TcMar-Tigger	5490	+	94	161317240	724
chr6	161316516	161516516	harbor2	chr6	161317623	161317703	DNA/TcMar-Tigger	5490	+	40	161317663	1147
chr6	54323020	54523020	harbor2	chr6	54360789	54360841	DNA/TcMar-Tigger	10949	+	26	54360815	37795
chr6	54323020	54523020	harbor2	chr6	54360873	54361262	DNA/TcMar-Tigger	10949	+	194	54361067	38047
chr6	54323020	54523020	harbor2	chr6	54361637	54362958	DNA/TcMar-Tigger	10949	+	660	54362297	39277
chr6	140311037	140511037	harbor2	chr6	140367373	140367716	DNA/TcMar-Tigger	1759	+	172	140367545	56508
chr6	82833365	83033365	harbor2	chr6	82905142	82905626	DNA/TcMar-Tigger	2713	+	242	82905384	72019
chr6	163623889	163823889	harbor2	chr6	163684673	163684975	DNA/TcMar-Tigger	1003	+	151	163684824	60935
chr6	163623889	163823889	harbor2	chr6	163685037	163685200	DNA/TcMar-Tigger	415	+	82	163685119	61230
chr6	139086959	139286959	harbor2	chr6	139094105	139094223	DNA/TcMar-Tigger	1021	+	59	139094164	7205
chr6	139086959	139286959	harbor2	chr6	139094525	139094605	DNA/TcMar-Tigger	1021	+	40	139094565	7606
chr6	139086959	139286959	harbor2	chr6	139139947	139140070	DNA/TcMar-Tigger	509	+	62	139140009	53050
chr6	139086959	139286959	harbor2	chr6	139181261	139181675	DNA/TcMar-Tigger	1834	+	207	139181468	94509
chr6	134063581	134263581	harbor2	chr6	134120513	134120676	DNA/TcMar-Tigger	6797	+	82	134120595	57014
chr6	134063581	134263581	harbor2	chr6	134120972	134121217	DNA/TcMar-Tigger	6797	+	122	134121094	57513
chr6	134063581	134263581	harbor2	chr6	134121525	134121900	DNA/TcMar-Tigger	6797	+	188	134121713	58132
chr6	134063581	134263581	harbor2	chr6	134122545	134123010	DNA/TcMar-Tigger	6797	+	232	134122777	59196
chr6	134063581	134263581	harbor2	chr6	134134071	134134400	DNA/TcMar-Tigger	645	+	164	134134235	70654
chr6	134063581	134263581	harbor2	chr6	134158206	134158271	DNA/TcMar-Tigger	427	+	32	134158238	94657
chr6	134063581	134263581	harbor2	chr6	134159152	134159268	DNA/TcMar-Tigger	1268	+	58	134159210	95629
chr6	134063581	134263581	harbor2	chr6	134159568	134159666	DNA/TcMar-Tigger	1268	+	49	134159617	96036
chr6	149453618	149653618	harbor2	chr6	149459925	149460155	DNA/TcMar-Tigger	1172	+	115	149460040	6422
chr6	149453618	149653618	harbor2	chr6	149460181	149460358	DNA/TcMar-Tigger	921	+	88	149460269	6651
chr6	149453618	149653618	harbor2	chr6	149521491	149521829	DNA/TcMar-Tigger	806	+	169	149521660	68042
chr6	149453618	149653618	harbor2	chr6	149537145	149537425	DNA/TcMar-Tigger	7773	+	140	149537285	83667
chr6	149453618	149653618	harbor2	chr6	149537722	149537977	DNA/TcMar-Tigger	7773	+	128	149537850	84232
chr6	149453618	149653618	harbor2	chr6	149538278	149538369	DNA/TcMar-Tigger	7773	+	46	149538324	84706
chr6	149453618	149653618	harbor2	chr6	149538477	149538841	DNA/TcMar-Tigger	4740	+	182	149538659	85041
chr6	149453618	149653618	harbor2	chr6	149539147	149539384	DNA/TcMar-Tigger	4740	+	118	149539265	85647
chr6	149453618	149653618	harbor2	chr6	149539675	149539846	DNA/TcMar-Tigger	4740	+	86	149539761	86143
chr6	149453618	149653618	harbor2	chr6	149535911	149536843	DNA/TcMar-Tigger	7773	+	466	149536377	82759
chr6	113261684	113461684	harbor2	chr6	113268638	113270090	DNA/TcMar-Tigger	8572	+	726	113269364	7680
chr6	113261684	113461684	harbor2	chr6	113270310	113270887	DNA/TcMar-Tigger	3982	+	288	113270598	8914
chr6	113261684	113461684	harbor2	chr6	113312243	113312400	DNA/TcMar-Tigger	1155	+	78	113312321	50637
chr6	113261684	113461684	harbor2	chr6	113312855	113313292	DNA/TcMar-Tigger	1155	+	218	113313073	51389
chr6	131091366	131291366	harbor2	chr6	131163389	131163498	DNA/TcMar-Tigger	501	+	54	131163443	72077
chr6	140810647	141010647	harbor2	chr6	140872653	140872769	DNA/TcMar-Tigger	457	+	58	140872711	62064
chr6	146555565	146755565	harbor2	chr6	146633781	146634348	DNA/TcMar-Tigger	2777	+	284	146634065	78500
chr6	73313950	73513950	harbor2	chr6	73318226	73318360	DNA/TcMar-Tigger	1493	+	67	73318293	4343
chr6	73313950	73513950	harbor2	chr6	73318719	73318792	DNA/TcMar-Tigger	1493	+	36	73318755	4805
chr6	73313950	73513950	harbor2	chr6	73319088	73319236	DNA/TcMar-Tigger	1493	+	74	73319162	5212
chr6	154264818	154464818	harbor2	chr6	154316238	154316409	DNA/TcMar-Tigger	933	+	86	154316324	51506
chr6	135040120	135240120	harbor2	chr6	135043109	135043398	DNA/TcMar-Tigger	475	+	144	135043253	3133
chr6	141204771	141404771	harbor2	chr6	141216068	141216136	DNA/TcMar-Tigger	433	+	34	141216102	11331
chr6	141204771	141404771	harbor2	chr6	141216121	141216568	DNA/TcMar-Tigger	2008	+	224	141216345	11574
chr6	141204771	141404771	harbor2	chr6	141275632	141276307	DNA/TcMar-Tigger	3374	+	338	141275970	71199
chr6	141204771	141404771	harbor2	chr6	141283318	141284093	DNA/TcMar-Tigger	3971	+	388	141283706	78935
chr6	151078002	151278002	harbor2	chr6	151110068	151110335	DNA/TcMar-Tigger	767	+	134	151110202	32200
chr6	151078002	151278002	harbor2	chr6	151123501	151123933	DNA/TcMar-Tigger	3410	+	216	151123717	45715
chr6	151078002	151278002	harbor2	chr6	151124233	151124505	DNA/TcMar-Tigger	3410	+	136	151124369	46367
chr6	151078002	151278002	harbor2	chr6	151174399	151174574	DNA/TcMar-Tigger	671	+	88	151174487	96485
chr6	151078002	151278002	harbor2	chr6	151174878	151174977	DNA/TcMar-Tigger	671	+	50	151174928	96926
chr6	163383938	163583938	harbor2	chr6	163475229	163475574	DNA/TcMar-Tigger	1814	+	172	163475401	91463
chr6	158748514	158948514	harbor2	chr6	158822117	158822426	DNA/TcMar-Tigger	1079	+	154	158822271	73757
chr6	158748514	158948514	harbor2	chr6	158827322	158827540	DNA/TcMar-Tigger	425	+	109	158827431	78917
chr6	54952777	55152777	harbor2	chr6	54991037	54991232	DNA/TcMar-Tigger	958	+	98	54991135	38358
chr6	54952777	55152777	harbor2	chr6	54991397	54991747	DNA/TcMar-Tigger	2257	+	175	54991572	38795
chr6	54952777	55152777	harbor2	chr6	54995695	54996295	DNA/TcMar-Tigger	2854	+	300	54995995	43218
chr6	158289474	158489474	harbor2	chr6	158318687	158318721	DNA/TcMar-Tigger	682	+	17	158318704	29230
chr6	158289474	158489474	harbor2	chr6	158319045	158319321	DNA/TcMar-Tigger	682	+	138	158319183	29709
chr6	158289474	158489474	harbor2	chr6	158323813	158324008	DNA/TcMar-Tigger	822	+	98	158323911	34437
chr6	158289474	158489474	harbor2	chr6	158326812	158327051	DNA/TcMar-Tigger	956	+	120	158326932	37458
chr6	158289474	158489474	harbor2	chr6	158333607	158334623	DNA/TcMar-Tigger	6225	+	508	158334115	44641
chr6	158289474	158489474	harbor2	chr6	158344355	158345196	DNA/TcMar-Tigger	5498	+	420	158344775	55301
chr6	158289474	158489474	harbor2	chr6	158346450	158346564	DNA/TcMar-Tigger	653	+	57	158346507	57033
chr6	158289474	158489474	harbor2	chr6	158347108	158347257	DNA/TcMar-Tigger	419	+	74	158347182	57708
chr6	120058674	120258674	harbor2	chr6	120146190	120146582	DNA/TcMar-Tigger	1910	+	196	120146386	87712
chr6	159816175	160016175	harbor2	chr6	159912590	159913069	DNA/TcMar-Tigger	1344	+	240	159912830	96655
chr6	157056258	157256258	harbor2	chr6	157148010	157148187	DNA/TcMar-Tigger	441	+	88	157148098	91840
chr6	53214744	53414744	harbor2	chr6	53284605	53285566	DNA/TcMar-Tigger	5793	+	480	53285085	70341
chr6	53214744	53414744	harbor2	chr6	53285906	53286091	DNA/TcMar-Tigger	1008	+	92	53285998	71254
chr6	53214744	53414744	harbor2	chr6	53297287	53297795	DNA/TcMar-Tigger	2629	+	254	53297541	82797
chr6	167436237	167636237	harbor2	chr6	167514852	167515068	DNA/TcMar-Tigger	1328	+	108	167514960	78723
chr6	150052694	150252694	harbor2	chr6	150092352	150092549	DNA/TcMar-Tigger	1115	+	98	150092450	39756
chr6	142190375	142390375	harbor2	chr6	142192114	142192436	DNA/TcMar-Tigger	1523	+	161	142192275	1900
chr6	160064466	160264466	harbor2	chr6	160076737	160076839	DNA/TcMar-Tigger	511	+	51	160076788	12322
chr6	160064466	160264466	harbor2	chr6	160111245	160111648	DNA/TcMar-Tigger	2092	+	202	160111447	46981
chr6	160064466	160264466	harbor2	chr6	160159047	160159118	DNA/TcMar-Tigger	1982	+	36	160159083	94617
chr6	160064466	160264466	harbor2	chr6	160159425	160159698	DNA/TcMar-Tigger	1982	+	136	160159561	95095
chr6	133063806	133263806	harbor2	chr6	133160561	133160828	DNA/TcMar-Tigger	1318	+	134	133160695	96889
chr6	133063806	133263806	harbor2	chr6	133160827	133160920	DNA/TcMar-Tigger	558	+	46	133160873	97067
chr6	75257980	75457980	harbor2	chr6	75351525	75351803	DNA/TcMar-Tigger	1790	+	139	75351664	93684
chr6	123604277	123804277	harbor2	chr6	123622037	123622318	DNA/TcMar-Tigger	2323	+	140	123622177	17900
chr6	123604277	123804277	harbor2	chr6	123622364	123622520	DNA/TcMar-Tigger	2323	+	78	123622442	18165
chr6	123604277	123804277	harbor2	chr6	123703787	123704107	DNA/TcMar-Tigger	1523	+	160	123703947	99670
chr6	167655624	167855624	harbor2	chr6	167658102	167658545	DNA/TcMar-Tigger	2872	+	222	167658324	2700
chr6	167655624	167855624	harbor2	chr6	167658857	167659118	DNA/TcMar-Tigger	2872	+	130	167658987	3363
chr6	105165346	105365346	harbor2	chr6	105190313	105190535	DNA/TcMar-Tigger	715	+	111	105190424	25078
chr6	105165346	105365346	harbor2	chr6	105195620	105195673	DNA/TcMar-Tigger	14839	+	26	105195646	30300
chr6	105165346	105365346	harbor2	chr6	105195957	105196430	DNA/TcMar-Tigger	14839	+	236	105196193	30847
chr6	105165346	105365346	harbor2	chr6	105196715	105196994	DNA/TcMar-Tigger	14839	+	140	105196855	31509
chr6	105165346	105365346	harbor2	chr6	105197310	105197926	DNA/TcMar-Tigger	14839	+	308	105197618	32272
chr6	105165346	105365346	harbor2	chr6	105198150	105198278	DNA/TcMar-Tigger	14839	+	64	105198214	32868
chr6	105165346	105365346	harbor2	chr6	105198606	105198987	DNA/TcMar-Tigger	14839	+	190	105198796	33450
chr6	105165346	105365346	harbor2	chr6	105199284	105199740	DNA/TcMar-Tigger	14839	+	228	105199512	34166
chr6	105165346	105365346	harbor2	chr6	105259896	105260221	DNA/TcMar-Tigger	1589	+	162	105260058	94712
chr6	144464360	144664360	harbor2	chr6	144517627	144517907	DNA/TcMar-Tigger	1776	+	140	144517767	53407
chr6	144464360	144664360	harbor2	chr6	144560734	144560964	DNA/TcMar-Tigger	576	+	115	144560849	96489
chr6	158267681	158467681	harbor2	chr6	158318687	158318721	DNA/TcMar-Tigger	682	+	17	158318704	51023
chr6	158267681	158467681	harbor2	chr6	158319045	158319321	DNA/TcMar-Tigger	682	+	138	158319183	51502
chr6	158267681	158467681	harbor2	chr6	158323813	158324008	DNA/TcMar-Tigger	822	+	98	158323911	56230
chr6	158267681	158467681	harbor2	chr6	158326812	158327051	DNA/TcMar-Tigger	956	+	120	158326932	59251
chr6	158267681	158467681	harbor2	chr6	158333607	158334623	DNA/TcMar-Tigger	6225	+	508	158334115	66434
chr6	158267681	158467681	harbor2	chr6	158344355	158345196	DNA/TcMar-Tigger	5498	+	420	158344775	77094
chr6	158267681	158467681	harbor2	chr6	158346450	158346564	DNA/TcMar-Tigger	653	+	57	158346507	78826
chr6	158267681	158467681	harbor2	chr6	158347108	158347257	DNA/TcMar-Tigger	419	+	74	158347182	79501
chr6	109809641	110009641	harbor2	chr6	109818101	109818202	DNA/TcMar-Tigger	1502	+	50	109818151	8510
chr6	109809641	110009641	harbor2	chr6	109818500	109818711	DNA/TcMar-Tigger	1502	+	106	109818606	8965
chr6	109809641	110009641	harbor2	chr6	109841906	109842314	DNA/TcMar-Tigger	2253	+	204	109842110	32469
chr6	109809641	110009641	harbor2	chr6	109842356	109842566	DNA/TcMar-Tigger	1137	+	105	109842461	32820
chr6	109809641	110009641	harbor2	chr6	109845670	109845805	DNA/TcMar-Tigger	947	+	68	109845738	36097
chr6	163221141	163421141	harbor2	chr6	163261626	163261955	DNA/TcMar-Tigger	1779	+	164	163261790	40649
chr6	132759691	132959691	harbor2	chr6	132847618	132847946	DNA/TcMar-Tigger	1029	+	164	132847782	88091
chr6	71937132	72137132	harbor2	chr6	72022173	72022381	DNA/TcMar-Tigger	488	+	104	72022277	85145
chr6	71937132	72137132	harbor2	chr6	72022511	72022818	DNA/TcMar-Tigger	1265	+	154	72022665	85533
chr6	44714436	44914436	harbor2	chr6	44771757	44772060	DNA/TcMar-Tigger	594	+	152	44771909	57473
chr6	75266533	75466533	harbor2	chr6	75351525	75351803	DNA/TcMar-Tigger	1790	+	139	75351664	85131
chr6	50335995	50535995	harbor2	chr6	50393537	50393772	DNA/TcMar-Tigger	622	+	118	50393655	57660
chr6	156748774	156948774	harbor2	chr6	156754401	156754883	DNA/TcMar-Tigger	2805	+	241	156754642	5868
chr6	156748774	156948774	harbor2	chr6	156755922	156756035	DNA/TcMar-Tigger	487	+	56	156755978	7204
chr6	156748774	156948774	harbor2	chr6	156757042	156757549	DNA/TcMar-Tigger	3095	+	254	156757296	8522
chr7	138641220	138841220	harbor2	chr7	138651428	138651903	DNA/TcMar-Tigger	6880	+	238	138651666	10446
chr7	138641220	138841220	harbor2	chr7	138652486	138652613	DNA/TcMar-Tigger	6880	+	64	138652550	11330
chr7	138641220	138841220	harbor2	chr7	138652925	138653516	DNA/TcMar-Tigger	6880	+	296	138653221	12001
chr7	138641220	138841220	harbor2	chr7	138654408	138654495	DNA/TcMar-Tigger	614	+	44	138654452	13232
chr7	138641220	138841220	harbor2	chr7	138654646	138654716	DNA/TcMar-Tigger	447	+	35	138654681	13461
chr7	138641220	138841220	harbor2	chr7	138655775	138656388	DNA/TcMar-Tigger	4148	+	306	138656081	14861
chr7	138641220	138841220	harbor2	chr7	138672283	138672499	DNA/TcMar-Tigger	612	+	108	138672391	31171
chr7	80303039	80503039	harbor2	chr7	80383216	80383562	DNA/TcMar-Tigger	2058	+	173	80383389	80350
chr7	130462702	130662702	harbor2	chr7	130520449	130521122	DNA/TcMar-Tigger	640	+	336	130520785	58083
chr7	130462702	130662702	harbor2	chr7	130561741	130562052	DNA/TcMar-Tigger	923	+	156	130561897	99195
chr7	154865854	155065854	harbor2	chr7	154952200	154952808	DNA/TcMar-Tigger	2669	+	304	154952504	86650
chr7	154865854	155065854	harbor2	chr7	154965467	154965884	DNA/TcMar-Tigger	2185	+	208	154965675	99821
chr7	134833240	135033240	harbor2	chr7	134877535	134877680	DNA/TcMar-Tigger	693	+	72	134877607	44367
chr7	145365013	145565013	harbor2	chr7	145371610	145371681	DNA/TcMar-Tigger	461	+	36	145371646	6633
chr7	145365013	145565013	harbor2	chr7	145406739	145407451	DNA/TcMar-Tigger	3233	+	356	145407095	42082
chr7	137471679	137671679	harbor2	chr7	137522269	137522634	DNA/TcMar-Tigger	617	+	182	137522451	50772
chr7	137471679	137671679	harbor2	chr7	137541277	137541605	DNA/TcMar-Tigger	1571	+	164	137541441	69762
chr7	154231077	154431077	harbor2	chr7	154239304	154239682	DNA/TcMar-Tigger	2107	+	189	154239493	8416
chr7	148575030	148775030	harbor2	chr7	148659023	148659341	DNA/TcMar-Tigger	1247	+	159	148659182	84152
chr7	130145931	130345931	harbor2	chr7	130168249	130168464	DNA/TcMar-Tigger	1263	+	108	130168357	22426
chr7	130145931	130345931	harbor2	chr7	130182851	130183080	DNA/TcMar-Tigger	776	+	114	130182965	37034
chr7	130145931	130345931	harbor2	chr7	130237377	130237616	DNA/TcMar-Tigger	708	+	120	130237497	91566
chr7	135379173	135579173	harbor2	chr7	135382601	135382911	DNA/TcMar-Tigger	1305	+	155	135382756	3583
chr7	135379173	135579173	harbor2	chr7	135397712	135398154	DNA/TcMar-Tigger	506	+	221	135397933	18760
chr7	135379173	135579173	harbor2	chr7	135398394	135398637	DNA/TcMar-Tigger	1252	+	122	135398516	19343
chr7	135379173	135579173	harbor2	chr7	135456814	135456901	DNA/TcMar-Tigger	608	+	44	135456858	77685
chr7	135379173	135579173	harbor2	chr7	135465451	135465765	DNA/TcMar-Tigger	4502	+	157	135465608	86435
chr7	135379173	135579173	harbor2	chr7	135466075	135466209	DNA/TcMar-Tigger	4502	+	67	135466142	86969
chr7	135379173	135579173	harbor2	chr7	135466493	135467001	DNA/TcMar-Tigger	4502	+	254	135466747	87574
chr7	145473053	145673053	harbor2	chr7	145521004	145521309	DNA/TcMar-Tigger	1020	+	152	145521156	48103
chr7	36761576	36961576	harbor2	chr7	36796323	36796922	DNA/TcMar-Tigger	3438	+	300	36796623	35047
chr7	36761576	36961576	harbor2	chr7	36800129	36800490	DNA/TcMar-Tigger	669	+	180	36800309	38733
chr7	36761576	36961576	harbor2	chr7	36849446	36849783	DNA/TcMar-Tigger	1543	+	168	36849614	88038
chr7	36761576	36961576	harbor2	chr7	36850068	36850486	DNA/TcMar-Tigger	2474	+	209	36850277	88701
chr7	36761576	36961576	harbor2	chr7	36851223	36851421	DNA/TcMar-Tigger	1228	+	99	36851322	89746
chr7	36761576	36961576	harbor2	chr7	36859785	36859855	DNA/TcMar-Tigger	468	+	35	36859820	98244
chr7	36761576	36961576	harbor2	chr7	36859847	36860293	DNA/TcMar-Tigger	2944	+	223	36860070	98494
chr7	108085840	108285840	harbor2	chr7	108115669	108115875	DNA/TcMar-Tigger	1176	+	103	108115772	29932
chr7	108085840	108285840	harbor2	chr7	108182221	108182509	DNA/TcMar-Tigger	1042	+	144	108182365	96525
chr7	154433924	154633924	harbor2	chr7	154473548	154474040	DNA/TcMar-Tigger	638	+	246	154473794	39870
chr7	81767718	81967718	harbor2	chr7	81767989	81768250	DNA/TcMar-Tigger	720	+	130	81768119	401
chr7	81767718	81967718	harbor2	chr7	81773277	81774005	DNA/TcMar-Tigger	4285	+	364	81773641	5923
chr7	81767718	81967718	harbor2	chr7	81773992	81774268	DNA/TcMar-Tigger	1621	+	138	81774130	6412
chr7	155564555	155764555	harbor2	chr7	155574555	155574956	DNA/TcMar-Tigger	2029	+	200	155574755	10200
chr7	138885366	139085366	harbor2	chr7	138892990	138893637	DNA/TcMar-Tigger	1327	+	324	138893314	7948
chr7	138885366	139085366	harbor2	chr7	138976428	138976732	DNA/TcMar-Tigger	1399	+	152	138976580	91214
chr7	134825766	135025766	harbor2	chr7	134877535	134877680	DNA/TcMar-Tigger	693	+	72	134877607	51841
chr7	138354244	138554244	harbor2	chr7	138361799	138362048	DNA/TcMar-Tigger	1352	+	124	138361923	7679
chr7	151590692	151790692	harbor2	chr7	151613279	151613489	DNA/TcMar-Tigger	1281	+	105	151613384	22692
chr7	151590692	151790692	harbor2	chr7	151619344	151619427	DNA/TcMar-Tigger	436	+	42	151619386	28694
chr7	151590692	151790692	harbor2	chr7	151619455	151619735	DNA/TcMar-Tigger	1895	+	140	151619595	28903
chr7	151590692	151790692	harbor2	chr7	151620051	151620112	DNA/TcMar-Tigger	1895	+	30	151620081	29389
chr7	39285867	39485867	harbor2	chr7	39367645	39368836	DNA/TcMar-Tigger	8272	+	596	39368241	82374
chr7	39285867	39485867	harbor2	chr7	39368835	39369221	DNA/TcMar-Tigger	2273	+	193	39369028	83161
chr7	39285867	39485867	harbor2	chr7	39369221	39369349	DNA/TcMar-Tigger	1850	+	64	39369285	83418
chr7	39285867	39485867	harbor2	chr7	39369664	39369692	DNA/TcMar-Tigger	1850	+	14	39369678	83811
chr7	39285867	39485867	harbor2	chr7	39369978	39370149	DNA/TcMar-Tigger	1850	+	86	39370064	84197
chr7	152112214	152312214	harbor2	chr7	152156858	152157071	DNA/TcMar-Tigger	546	+	106	152156964	44750
chr7	152112214	152312214	harbor2	chr7	152187909	152188120	DNA/TcMar-Tigger	874	+	106	152188015	75801
chr7	152112214	152312214	harbor2	chr7	152205561	152205848	DNA/TcMar-Tigger	869	+	144	152205705	93491
chr7	79360313	79560313	harbor2	chr7	79371407	79371744	DNA/TcMar-Tigger	1764	+	168	79371575	11262
chr7	79360313	79560313	harbor2	chr7	79388616	79388829	DNA/TcMar-Tigger	433	+	106	79388722	28409
chr7	158413458	158613458	harbor2	chr7	158416320	158416454	DNA/TcMar-Tigger	433	+	67	158416387	2929
chr7	158413458	158613458	harbor2	chr7	158480115	158481478	DNA/TcMar-Tigger	14195	+	682	158480797	67339
chr7	158413458	158613458	harbor2	chr7	158416481	158416959	DNA/TcMar-Tigger	1139	+	239	158416720	3262
chr7	158413458	158613458	harbor2	chr7	158481762	158482722	DNA/TcMar-Tigger	14195	+	480	158482242	68784
chr7	127673361	127873361	harbor2	chr7	127707966	127708254	DNA/TcMar-Tigger	1623	+	144	127708110	34749
chr7	127673361	127873361	harbor2	chr7	127708458	127708539	DNA/TcMar-Tigger	445	+	40	127708498	35137
chr7	154982640	155182640	harbor2	chr7	155004958	155005091	DNA/TcMar-Tigger	732	+	66	155005024	22384
chr7	154982640	155182640	harbor2	chr7	155005250	155005480	DNA/TcMar-Tigger	1381	+	115	155005365	22725
chr7	71270501	71470501	harbor2	chr7	71350438	71350763	DNA/TcMar-Tigger	1396	+	162	71350600	80099
chr7	143873197	144073197	harbor2	chr7	143897189	143897595	DNA/TcMar-Tigger	1879	+	203	143897392	24195
chr7	69591430	69791430	harbor2	chr7	69617137	69617246	DNA/TcMar-Tigger	647	+	54	69617191	25761
chr7	140576854	140776854	harbor2	chr7	140581801	140581969	DNA/TcMar-Tigger	577	+	84	140581885	5031
chr7	140576854	140776854	harbor2	chr7	140582265	140582565	DNA/TcMar-Tigger	577	+	150	140582415	5561
chr7	155152888	155352888	harbor2	chr7	155197957	155198115	DNA/TcMar-Tigger	973	+	79	155198036	45148
chr7	155152888	155352888	harbor2	chr7	155217074	155217250	DNA/TcMar-Tigger	672	+	88	155217162	64274
chr7	155152888	155352888	harbor2	chr7	155217552	155217666	DNA/TcMar-Tigger	672	+	57	155217609	64721
chr7	108250940	108450940	harbor2	chr7	108272477	108272586	DNA/TcMar-Tigger	559	+	54	108272531	21591
chr7	134860919	135060919	harbor2	chr7	134877535	134877680	DNA/TcMar-Tigger	693	+	72	134877607	16688
chr7	78904852	79104852	harbor2	chr7	78931861	78934099	DNA/TcMar-Tigger	15700	+	1119	78932980	28128
chr7	78904852	79104852	harbor2	chr7	78934404	78934804	DNA/TcMar-Tigger	15700	+	200	78934604	29752
chr7	22686869	22886869	harbor2	chr7	22765511	22766010	DNA/TcMar-Tigger	1469	+	250	22765761	78892
chr7	22686869	22886869	harbor2	chr7	22775084	22775927	DNA/TcMar-Tigger	16030	+	422	22775506	88637
chr7	22686869	22886869	harbor2	chr7	22776199	22778018	DNA/TcMar-Tigger	16030	+	910	22777109	90240
chr7	52522581	52722581	harbor2	chr7	52533180	52533530	DNA/TcMar-Tigger	1245	+	175	52533355	10774
chr7	52522581	52722581	harbor2	chr7	52598906	52599178	DNA/TcMar-Tigger	1089	+	136	52599042	76461
chr7	52522581	52722581	harbor2	chr7	52604567	52604879	DNA/TcMar-Tigger	1583	+	156	52604723	82142
chr7	129165780	129365780	harbor2	chr7	129198547	129198887	DNA/TcMar-Tigger	2088	+	170	129198717	32937
chr7	138511604	138711604	harbor2	chr7	138544904	138545151	DNA/TcMar-Tigger	1148	+	124	138545028	33424
chr7	138511604	138711604	harbor2	chr7	138551968	138552308	DNA/TcMar-Tigger	1221	+	170	138552138	40534
chr7	149475710	149675710	harbor2	chr7	149492127	149492559	DNA/TcMar-Tigger	2436	+	216	149492343	16633
chr7	100501569	100701569	harbor2	chr7	100551526	100551601	DNA/TcMar-Tigger	1147	+	38	100551564	49995
chr7	100501569	100701569	harbor2	chr7	100551912	100551961	DNA/TcMar-Tigger	1147	+	24	100551936	50367
chr7	100501569	100701569	harbor2	chr7	100552273	100552482	DNA/TcMar-Tigger	1147	+	104	100552377	50808
chr7	82671931	82871931	harbor2	chr7	82709644	82709942	DNA/TcMar-Tigger	1073	+	149	82709793	37862
chr7	82671931	82871931	harbor2	chr7	82720965	82721222	DNA/TcMar-Tigger	1415	+	128	82721093	49162
chr7	82671931	82871931	harbor2	chr7	82721226	82721328	DNA/TcMar-Tigger	674	+	51	82721277	49346
chr7	154941378	155141378	harbor2	chr7	154952200	154952808	DNA/TcMar-Tigger	2669	+	304	154952504	11126
chr7	154941378	155141378	harbor2	chr7	154965467	154965884	DNA/TcMar-Tigger	2185	+	208	154965675	24297
chr7	154941378	155141378	harbor2	chr7	155004958	155005091	DNA/TcMar-Tigger	732	+	66	155005024	63646
chr7	154941378	155141378	harbor2	chr7	155005250	155005480	DNA/TcMar-Tigger	1381	+	115	155005365	63987
chr7	132637756	132837756	harbor2	chr7	132706821	132706947	DNA/TcMar-Tigger	1379	+	63	132706884	69128
chr7	132637756	132837756	harbor2	chr7	132707246	132707443	DNA/TcMar-Tigger	1379	+	98	132707344	69588
chr7	132637756	132837756	harbor2	chr7	132708823	132709004	DNA/TcMar-Tigger	696	+	90	132708913	71157
chr7	118603187	118803187	harbor2	chr7	118665222	118665471	DNA/TcMar-Tigger	668	+	124	118665346	62159
chr7	118603187	118803187	harbor2	chr7	118677921	118678349	DNA/TcMar-Tigger	2033	+	214	118678135	74948
chr7	123584971	123784971	harbor2	chr7	123597049	123597549	DNA/TcMar-Tigger	2175	+	250	123597299	12328
chr7	123584971	123784971	harbor2	chr7	123597840	123597868	DNA/TcMar-Tigger	2175	+	14	123597854	12883
chr7	52607078	52807078	harbor2	chr7	52642082	52642304	DNA/TcMar-Tigger	495	+	111	52642193	35115
chr7	93751187	93951187	harbor2	chr7	93828504	93828869	DNA/TcMar-Tigger	1821	+	182	93828686	77499
chr7	93751187	93951187	harbor2	chr7	93835376	93835999	DNA/TcMar-Tigger	2740	+	312	93835688	84501
chr7	93751187	93951187	harbor2	chr7	93835999	93836319	DNA/TcMar-Tigger	1438	+	160	93836159	84972
chr7	77126223	77326223	harbor2	chr7	77129045	77129539	DNA/TcMar-Tigger	2819	+	247	77129292	3069
chr7	77126223	77326223	harbor2	chr7	77129544	77129635	DNA/TcMar-Tigger	586	+	46	77129590	3367
chr7	77126223	77326223	harbor2	chr7	77129889	77130231	DNA/TcMar-Tigger	2269	+	171	77130060	3837
chr7	77126223	77326223	harbor2	chr7	77130233	77130319	DNA/TcMar-Tigger	496	+	43	77130276	4053
chr7	77126223	77326223	harbor2	chr7	77134455	77134541	DNA/TcMar-Tigger	4181	+	43	77134498	8275
chr7	77126223	77326223	harbor2	chr7	77134599	77135205	DNA/TcMar-Tigger	4181	+	303	77134902	8679
chr7	77126223	77326223	harbor2	chr7	77135431	77135663	DNA/TcMar-Tigger	4181	+	116	77135547	9324
chr7	77126223	77326223	harbor2	chr7	77191074	77191272	DNA/TcMar-Tigger	1276	+	99	77191173	64950
chr7	124578158	124778158	harbor2	chr7	124651874	124652193	DNA/TcMar-Tigger	988	+	160	124652034	73876
chr7	152712452	152912452	harbor2	chr7	152728264	152728579	DNA/TcMar-Tigger	1007	+	158	152728422	15970
chr7	140548804	140748804	harbor2	chr7	140581801	140581969	DNA/TcMar-Tigger	577	+	84	140581885	33081
chr7	140548804	140748804	harbor2	chr7	140582265	140582565	DNA/TcMar-Tigger	577	+	150	140582415	33611
chr7	88569015	88769015	harbor2	chr7	88601619	88601708	DNA/TcMar-Tigger	567	+	44	88601663	32648
chr7	88569015	88769015	harbor2	chr7	88601838	88601912	DNA/TcMar-Tigger	449	+	37	88601875	32860
chr7	88569015	88769015	harbor2	chr7	88609471	88609700	DNA/TcMar-Tigger	1178	+	114	88609585	40570
chr7	88569015	88769015	harbor2	chr7	88610866	88611099	DNA/TcMar-Tigger	1281	+	116	88610982	41967
chr7	87868850	88068850	harbor2	chr7	87918380	87918967	DNA/TcMar-Tigger	3802	+	294	87918674	49824
chr7	158636509	158836509	harbor2	chr7	158696863	158697040	DNA/TcMar-Tigger	1126	+	88	158696951	60442
chr7	158636509	158836509	harbor2	chr7	158697037	158697319	DNA/TcMar-Tigger	4728	+	141	158697178	60669
chr7	158636509	158836509	harbor2	chr7	158697627	158697667	DNA/TcMar-Tigger	4728	+	20	158697647	61138
chr7	158636509	158836509	harbor2	chr7	158698124	158698692	DNA/TcMar-Tigger	4728	+	284	158698408	61899
chr7	158636509	158836509	harbor2	chr7	158699318	158699926	DNA/TcMar-Tigger	1305	+	304	158699622	63113
chr7	158636509	158836509	harbor2	chr7	158699957	158700022	DNA/TcMar-Tigger	1305	+	32	158699989	63480
chr7	158636509	158836509	harbor2	chr7	158702889	158703201	DNA/TcMar-Tigger	1769	+	156	158703045	66536
chr7	125428773	125628773	harbor2	chr7	125512500	125513732	DNA/TcMar-Tigger	6950	+	616	125513116	84343
chr7	93960603	94160603	harbor2	chr7	93986686	93986785	DNA/TcMar-Tigger	613	+	50	93986736	26133
chr7	93960603	94160603	harbor2	chr7	93986839	93987078	DNA/TcMar-Tigger	1407	+	120	93986959	26356
chr7	147695910	147895910	harbor2	chr7	147730246	147732040	DNA/TcMar-Tigger	11443	+	897	147731143	35233
chr7	147695910	147895910	harbor2	chr7	147738168	147738650	DNA/TcMar-Tigger	3341	+	241	147738409	42499
chr7	147695910	147895910	harbor2	chr7	147738953	147739069	DNA/TcMar-Tigger	3341	+	58	147739011	43101
chr7	147695910	147895910	harbor2	chr7	147764488	147765093	DNA/TcMar-Tigger	847	+	302	147764790	68880
chr7	108176499	108376499	harbor2	chr7	108182221	108182509	DNA/TcMar-Tigger	1042	+	144	108182365	5866
chr7	108176499	108376499	harbor2	chr7	108272477	108272586	DNA/TcMar-Tigger	559	+	54	108272531	96032
chr7	141565929	141765929	harbor2	chr7	141622315	141622773	DNA/TcMar-Tigger	2555	+	229	141622544	56615
chr7	141565929	141765929	harbor2	chr7	141622934	141623097	DNA/TcMar-Tigger	6254	+	82	141623016	57087
chr7	141565929	141765929	harbor2	chr7	141623408	141624250	DNA/TcMar-Tigger	6254	+	421	141623829	57900
chr7	141565929	141765929	harbor2	chr7	141624375	141625287	DNA/TcMar-Tigger	5548	+	456	141624831	58902
chr7	141565929	141765929	harbor2	chr7	141636366	141636620	DNA/TcMar-Tigger	1370	+	127	141636493	70564
chr7	141565929	141765929	harbor2	chr7	141655996	141656205	DNA/TcMar-Tigger	1200	+	104	141656100	90171
chr7	153413820	153613820	harbor2	chr7	153460702	153460768	DNA/TcMar-Tigger	1047	+	33	153460735	46915
chr7	153413820	153613820	harbor2	chr7	153461164	153461315	DNA/TcMar-Tigger	1047	+	76	153461240	47420
chr7	153413820	153613820	harbor2	chr7	153463305	153463405	DNA/TcMar-Tigger	562	+	50	153463355	49535
chr7	153413820	153613820	harbor2	chr7	153474012	153474329	DNA/TcMar-Tigger	1476	+	158	153474170	60350
chr7	153413820	153613820	harbor2	chr7	153497884	153499369	DNA/TcMar-Tigger	8973	+	742	153498626	84806
chr7	153413820	153613820	harbor2	chr7	153502496	153502836	DNA/TcMar-Tigger	6177	+	170	153502666	88846
chr7	153413820	153613820	harbor2	chr7	153501537	153502188	DNA/TcMar-Tigger	6177	+	326	153501863	88043
chr7	44413868	44613868	harbor2	chr7	44480987	44481254	DNA/TcMar-Tigger	1710	+	134	44481121	67253
chr7	158614052	158814052	harbor2	chr7	158696863	158697040	DNA/TcMar-Tigger	1126	+	88	158696951	82899
chr7	158614052	158814052	harbor2	chr7	158697037	158697319	DNA/TcMar-Tigger	4728	+	141	158697178	83126
chr7	158614052	158814052	harbor2	chr7	158697627	158697667	DNA/TcMar-Tigger	4728	+	20	158697647	83595
chr7	158614052	158814052	harbor2	chr7	158698124	158698692	DNA/TcMar-Tigger	4728	+	284	158698408	84356
chr7	158614052	158814052	harbor2	chr7	158699318	158699926	DNA/TcMar-Tigger	1305	+	304	158699622	85570
chr7	158614052	158814052	harbor2	chr7	158699957	158700022	DNA/TcMar-Tigger	1305	+	32	158699989	85937
chr7	158614052	158814052	harbor2	chr7	158702889	158703201	DNA/TcMar-Tigger	1769	+	156	158703045	88993
chr7	93289258	93489258	harbor2	chr7	93352906	93353147	DNA/TcMar-Tigger	1267	+	120	93353026	63768
chr7	93289258	93489258	harbor2	chr7	93368138	93369093	DNA/TcMar-Tigger	5648	+	478	93368616	79358
chr7	136576774	136776774	harbor2	chr7	136600242	136600336	DNA/TcMar-Tigger	478	+	47	136600289	23515
chr7	136576774	136776774	harbor2	chr7	136601778	136602167	DNA/TcMar-Tigger	1462	+	194	136601972	25198
chr7	136576774	136776774	harbor2	chr7	136602153	136602664	DNA/TcMar-Tigger	1950	+	256	136602409	25635
chr7	136576774	136776774	harbor2	chr7	136628445	136629171	DNA/TcMar-Tigger	4527	+	363	136628808	52034
chr7	136576774	136776774	harbor2	chr7	136629867	136630024	DNA/TcMar-Tigger	4527	+	78	136629945	53171
chr7	130015509	130215509	harbor2	chr7	130058508	130058767	DNA/TcMar-Tigger	1381	+	130	130058638	43129
chr7	30230387	30430387	harbor2	chr7	30256671	30256909	DNA/TcMar-Tigger	15728	+	119	30256790	26403
chr7	30230387	30430387	harbor2	chr7	30257233	30257465	DNA/TcMar-Tigger	15728	+	116	30257349	26962
chr7	30230387	30430387	harbor2	chr7	30257778	30259716	DNA/TcMar-Tigger	15728	+	969	30258747	28360
chr7	30230387	30430387	harbor2	chr7	30320471	30320596	DNA/TcMar-Tigger	462	+	62	30320533	90146
chr7	30230387	30430387	harbor2	chr7	30320630	30320750	DNA/TcMar-Tigger	598	+	60	30320690	90303
chr7	145234781	145434781	harbor2	chr7	145333110	145333456	DNA/TcMar-Tigger	636	+	173	145333283	98502
chr7	79231160	79431160	harbor2	chr7	79260544	79260899	DNA/TcMar-Tigger	2136	+	178	79260722	29562
chr7	79231160	79431160	harbor2	chr7	79274654	79276689	DNA/TcMar-Tigger	13390	+	1018	79275672	44512
chr7	79231160	79431160	harbor2	chr7	79276966	79277499	DNA/TcMar-Tigger	13390	+	266	79277232	46072
chr7	79231160	79431160	harbor2	chr7	79283822	79284165	DNA/TcMar-Tigger	1867	+	172	79283994	52834
chr7	144886029	145086029	harbor2	chr7	144923964	144924285	DNA/TcMar-Tigger	1787	+	160	144924124	38095
chr7	144886029	145086029	harbor2	chr7	144928263	144928572	DNA/TcMar-Tigger	4164	+	154	144928417	42388
chr7	144886029	145086029	harbor2	chr7	144928822	144929360	DNA/TcMar-Tigger	4164	+	269	144929091	43062
chr7	144886029	145086029	harbor2	chr7	144929359	144929523	DNA/TcMar-Tigger	1067	+	82	144929441	43412
chr7	135355644	135555644	harbor2	chr7	135382601	135382911	DNA/TcMar-Tigger	1305	+	155	135382756	27112
chr7	135355644	135555644	harbor2	chr7	135397712	135398154	DNA/TcMar-Tigger	506	+	221	135397933	42289
chr7	135355644	135555644	harbor2	chr7	135398394	135398637	DNA/TcMar-Tigger	1252	+	122	135398516	42872
chr7	111278166	111478166	harbor2	chr7	111356217	111356549	DNA/TcMar-Tigger	1829	+	166	111356383	78217
chr7	154853224	155053224	harbor2	chr7	154952200	154952808	DNA/TcMar-Tigger	2669	+	304	154952504	99280
chr8	106208465	106408465	harbor2	chr8	106291521	106291662	DNA/TcMar-Tigger	4051	+	70	106291591	83126
chr8	106208465	106408465	harbor2	chr8	106292031	106292614	DNA/TcMar-Tigger	4051	+	292	106292323	83858
chr8	118930682	119130682	harbor2	chr8	118937363	118938036	DNA/TcMar-Tigger	1372	+	336	118937699	7017
chr8	59520608	59720608	harbor2	chr8	59525266	59527582	DNA/TcMar-Tigger	13026	+	1158	59526424	5816
chr8	59520608	59720608	harbor2	chr8	59578018	59578178	DNA/TcMar-Tigger	910	+	80	59578098	57490
chr8	59520608	59720608	harbor2	chr8	59578165	59578380	DNA/TcMar-Tigger	1361	+	108	59578273	57665
chr8	59520608	59720608	harbor2	chr8	59593459	59594182	DNA/TcMar-Tigger	3957	+	362	59593821	73213
chr8	59520608	59720608	harbor2	chr8	59605969	59607118	DNA/TcMar-Tigger	13732	+	574	59606543	85935
chr8	59520608	59720608	harbor2	chr8	59607429	59608761	DNA/TcMar-Tigger	13732	+	666	59608095	87487
chr8	59520608	59720608	harbor2	chr8	59608842	59609059	DNA/TcMar-Tigger	862	+	108	59608950	88342
chr8	108165434	108365434	harbor2	chr8	108195876	108198381	DNA/TcMar-Tigger	14301	+	1252	108197128	31694
chr8	108165434	108365434	harbor2	chr8	108203857	108204173	DNA/TcMar-Tigger	1126	+	158	108204015	38581
chr8	108165434	108365434	harbor2	chr8	108205485	108206020	DNA/TcMar-Tigger	3046	+	268	108205753	40319
chr8	108165434	108365434	harbor2	chr8	108225979	108226141	DNA/TcMar-Tigger	496	+	81	108226060	60626
chr8	108165434	108365434	harbor2	chr8	108246558	108246626	DNA/TcMar-Tigger	396	+	34	108246592	81158
chr8	108165434	108365434	harbor2	chr8	108246617	108247030	DNA/TcMar-Tigger	2311	+	206	108246823	81389
chr8	108165434	108365434	harbor2	chr8	108255502	108255720	DNA/TcMar-Tigger	1171	+	109	108255611	90177
chr8	64779174	64979174	harbor2	chr8	64788300	64788895	DNA/TcMar-Tigger	3002	+	298	64788598	9424
chr8	126848017	127048017	harbor2	chr8	126856373	126856704	DNA/TcMar-Tigger	1560	+	166	126856539	8522
chr8	126848017	127048017	harbor2	chr8	126871865	126872193	DNA/TcMar-Tigger	922	+	164	126872029	24012
chr8	119941684	120141684	harbor2	chr8	119965952	119966130	DNA/TcMar-Tigger	906	+	89	119966041	24357
chr8	119941684	120141684	harbor2	chr8	120007728	120008130	DNA/TcMar-Tigger	543	+	201	120007929	66245
chr8	122251802	122451802	harbor2	chr8	122258786	122259020	DNA/TcMar-Tigger	404	+	117	122258903	7101
chr8	108904432	109104432	harbor2	chr8	108908304	108908676	DNA/TcMar-Tigger	922	+	186	108908490	4058
chr8	136811473	137011473	harbor2	chr8	136893874	136894313	DNA/TcMar-Tigger	2264	+	220	136894094	82621
chr8	83658035	83858035	harbor2	chr8	83747169	83747505	DNA/TcMar-Tigger	1856	+	168	83747337	89302
chr8	83658035	83858035	harbor2	chr8	83754911	83755344	DNA/TcMar-Tigger	2044	+	216	83755127	97092
chr8	60394043	60594043	harbor2	chr8	60395172	60395465	DNA/TcMar-Tigger	1866	+	146	60395318	1275
chr8	70555451	70755451	harbor2	chr8	70578883	70579089	DNA/TcMar-Tigger	775	+	103	70578986	23535
chr8	70555451	70755451	harbor2	chr8	70579447	70579507	DNA/TcMar-Tigger	687	+	30	70579477	24026
chr8	70555451	70755451	harbor2	chr8	70610031	70610366	DNA/TcMar-Tigger	1342	+	168	70610199	54748
chr8	124440870	124640870	harbor2	chr8	124523498	124523805	DNA/TcMar-Tigger	1062	+	154	124523652	82782
chr8	101635464	101835464	harbor2	chr8	101635368	101635583	DNA/TcMar-Tigger	397	+	108	101635476	12
chr8	109646305	109846305	harbor2	chr8	109700259	109700693	DNA/TcMar-Tigger	2554	+	217	109700476	54171
chr8	129740478	129940478	harbor2	chr8	129739506	129740710	DNA/TcMar-Tigger	6245	+	602	129740108	370
chr8	129740478	129940478	harbor2	chr8	129835178	129835372	DNA/TcMar-Tigger	988	+	97	129835275	94797
chr8	34234136	34434136	harbor2	chr8	34310323	34310548	DNA/TcMar-Tigger	586	+	112	34310435	76299
chr8	134602053	134802053	harbor2	chr8	134632056	134632479	DNA/TcMar-Tigger	2365	+	212	134632268	30215
chr8	52847118	53047118	harbor2	chr8	52937561	52938220	DNA/TcMar-Tigger	2757	+	330	52937891	90773
chr8	121120761	121320761	harbor2	chr8	121197729	121198074	DNA/TcMar-Tigger	1890	+	172	121197901	77140
chr8	135665959	135865959	harbor2	chr8	135765677	135765756	DNA/TcMar-Tigger	1874	+	40	135765717	99758
chr8	137010071	137210071	harbor2	chr8	137051209	137051961	DNA/TcMar-Tigger	4287	+	376	137051585	41514
chr8	140484073	140684073	harbor2	chr8	140564418	140564660	DNA/TcMar-Tigger	1789	+	121	140564539	80466
chr8	140484073	140684073	harbor2	chr8	140565661	140565798	DNA/TcMar-Tigger	1789	+	68	140565729	81656
chr8	140484073	140684073	harbor2	chr8	140566049	140566087	DNA/TcMar-Tigger	1789	+	19	140566068	81995
chr8	140484073	140684073	harbor2	chr8	140566419	140566454	DNA/TcMar-Tigger	1789	+	18	140566437	82364
chr8	140484073	140684073	harbor2	chr8	140582291	140582537	DNA/TcMar-Tigger	1453	+	123	140582414	98341
chr8	21130615	21330615	harbor2	chr8	21182364	21182634	DNA/TcMar-Tigger	458	+	135	21182499	51884
chr8	109192330	109392330	harbor2	chr8	109254264	109254499	DNA/TcMar-Tigger	463	+	118	109254382	62052
chr8	109192330	109392330	harbor2	chr8	109267637	109267843	DNA/TcMar-Tigger	398	+	103	109267740	75410
chr8	111967363	112167363	harbor2	chr8	112041767	112042083	DNA/TcMar-Tigger	1465	+	158	112041925	74562
chr8	132968794	133168794	harbor2	chr8	132985080	132985401	DNA/TcMar-Tigger	1733	+	160	132985240	16446
chr8	132968794	133168794	harbor2	chr8	133017210	133017437	DNA/TcMar-Tigger	509	+	114	133017324	48530
chr8	63312357	63512357	harbor2	chr8	63312606	63312812	DNA/TcMar-Tigger	1218	+	103	63312709	352
chr8	63312357	63512357	harbor2	chr8	63395454	63395811	DNA/TcMar-Tigger	2195	+	178	63395632	83275
chr8	105947177	106147177	harbor2	chr8	106003263	106003619	DNA/TcMar-Tigger	1987	+	178	106003441	56264
chr8	39910805	40110805	harbor2	chr8	39969140	39969592	DNA/TcMar-Tigger	14078	+	226	39969366	58561
chr8	39910805	40110805	harbor2	chr8	39969893	39970374	DNA/TcMar-Tigger	14078	+	240	39970133	59328
chr8	39910805	40110805	harbor2	chr8	39970691	39970764	DNA/TcMar-Tigger	14078	+	36	39970727	59922
chr8	39910805	40110805	harbor2	chr8	39971064	39971805	DNA/TcMar-Tigger	14078	+	370	39971434	60629
chr8	39910805	40110805	harbor2	chr8	39972108	39972336	DNA/TcMar-Tigger	14078	+	114	39972222	61417
chr8	39910805	40110805	harbor2	chr8	39972636	39973073	DNA/TcMar-Tigger	14078	+	218	39972854	62049
chr8	39910805	40110805	harbor2	chr8	40006143	40006498	DNA/TcMar-Tigger	2186	+	178	40006321	95516
chr8	38776023	38976023	harbor2	chr8	38814333	38814668	DNA/TcMar-Tigger	1981	+	168	38814501	38478
chr8	38776023	38976023	harbor2	chr8	38861125	38861712	DNA/TcMar-Tigger	3348	+	294	38861419	85396
chr8	83716537	83916537	harbor2	chr8	83747169	83747505	DNA/TcMar-Tigger	1856	+	168	83747337	30800
chr8	83716537	83916537	harbor2	chr8	83754911	83755344	DNA/TcMar-Tigger	2044	+	216	83755127	38590
chr8	143741575	143941575	harbor2	chr8	143752551	143752895	DNA/TcMar-Tigger	1933	+	172	143752723	11148
chr8	123036703	123236703	harbor2	chr8	123062541	123062863	DNA/TcMar-Tigger	1337	+	161	123062702	25999
chr8	123036703	123236703	harbor2	chr8	123063157	123063176	DNA/TcMar-Tigger	1337	+	10	123063167	26464
chr8	123036703	123236703	harbor2	chr8	123063462	123063529	DNA/TcMar-Tigger	1337	+	34	123063496	26793
chr8	123036703	123236703	harbor2	chr8	123089029	123089267	DNA/TcMar-Tigger	1399	+	119	123089148	52445
chr8	123036703	123236703	harbor2	chr8	123089860	123090019	DNA/TcMar-Tigger	676	+	80	123089940	53237
chr8	123036703	123236703	harbor2	chr8	123102563	123103182	DNA/TcMar-Tigger	3276	+	310	123102873	66170
chr8	123036703	123236703	harbor2	chr8	123104197	123104387	DNA/TcMar-Tigger	790	+	95	123104292	67589
chr8	123036703	123236703	harbor2	chr8	123106117	123106631	DNA/TcMar-Tigger	2643	+	257	123106374	69671
chr8	128928583	129128583	harbor2	chr8	128940783	128941006	DNA/TcMar-Tigger	1131	+	112	128940895	12312
chr8	53435652	53635652	harbor2	chr8	53527764	53528402	DNA/TcMar-Tigger	3304	+	319	53528083	92431
chr8	53435652	53635652	harbor2	chr8	53525690	53526839	DNA/TcMar-Tigger	6731	+	574	53526264	90612
chr8	31978400	32178400	harbor2	chr8	32024460	32024729	DNA/TcMar-Tigger	803	+	134	32024594	46194
chr8	97173533	97373533	harbor2	chr8	97189052	97189125	DNA/TcMar-Tigger	406	+	36	97189088	15555
chr8	97173533	97373533	harbor2	chr8	97190080	97190144	DNA/TcMar-Tigger	2126	+	32	97190112	16579
chr8	97173533	97373533	harbor2	chr8	97249996	97250703	DNA/TcMar-Tigger	1428	+	354	97250350	76817
chr8	97173533	97373533	harbor2	chr8	97189767	97190021	DNA/TcMar-Tigger	2126	+	127	97189894	16361
chr8	122992816	123192816	harbor2	chr8	123062541	123062863	DNA/TcMar-Tigger	1337	+	161	123062702	69886
chr8	122992816	123192816	harbor2	chr8	123063157	123063176	DNA/TcMar-Tigger	1337	+	10	123063167	70351
chr8	122992816	123192816	harbor2	chr8	123063462	123063529	DNA/TcMar-Tigger	1337	+	34	123063496	70680
chr8	122992816	123192816	harbor2	chr8	123089029	123089267	DNA/TcMar-Tigger	1399	+	119	123089148	96332
chr8	122992816	123192816	harbor2	chr8	123089860	123090019	DNA/TcMar-Tigger	676	+	80	123089940	97124
chr8	144913422	145113422	harbor2	chr8	144984129	144984150	DNA/TcMar-Tigger	1441	+	10	144984139	70717
chr8	144913422	145113422	harbor2	chr8	144984512	144984796	DNA/TcMar-Tigger	1441	+	142	144984654	71232
chr8	118419566	118619566	harbor2	chr8	118429233	118429452	DNA/TcMar-Tigger	1189	+	110	118429343	9777
chr8	118419566	118619566	harbor2	chr8	118435156	118435480	DNA/TcMar-Tigger	1614	+	162	118435318	15752
chr8	118419566	118619566	harbor2	chr8	118482399	118482733	DNA/TcMar-Tigger	1582	+	167	118482566	63000
chr8	118419566	118619566	harbor2	chr8	118507698	118507901	DNA/TcMar-Tigger	887	+	102	118507800	88234
chr8	113712483	113912483	harbor2	chr8	113727121	113727386	DNA/TcMar-Tigger	937	+	132	113727253	14770
chr8	85482121	85682121	harbor2	chr8	85513859	85514493	DNA/TcMar-Tigger	2135	+	317	85514176	32055
chr8	137851357	138051357	harbor2	chr8	137885024	137885375	DNA/TcMar-Tigger	1533	+	176	137885200	33843
chr8	87673781	87873781	harbor2	chr8	87694054	87694365	DNA/TcMar-Tigger	723	+	156	87694210	20429
chr8	28051271	28251271	harbor2	chr8	28056498	28057331	DNA/TcMar-Tigger	6399	+	416	28056914	5643
chr8	28051271	28251271	harbor2	chr8	28057639	28057866	DNA/TcMar-Tigger	6399	+	114	28057753	6482
chr8	28051271	28251271	harbor2	chr8	28139457	28139662	DNA/TcMar-Tigger	1997	+	102	28139559	88288
chr8	28051271	28251271	harbor2	chr8	28139954	28140105	DNA/TcMar-Tigger	1997	+	76	28140030	88759
chr8	28051271	28251271	harbor2	chr8	28140454	28141028	DNA/TcMar-Tigger	2965	+	287	28140741	89470
chr8	81433329	81633329	harbor2	chr8	81478124	81478343	DNA/TcMar-Tigger	1298	+	110	81478234	44905
chr8	13813751	14013751	harbor2	chr8	13816516	13816854	DNA/TcMar-Tigger	810	+	169	13816685	2934
chr8	69729267	69929267	harbor2	chr8	69740885	69741496	DNA/TcMar-Tigger	3067	+	306	69741191	11924
chr8	69729267	69929267	harbor2	chr8	69747365	69747698	DNA/TcMar-Tigger	1967	+	166	69747531	18264
chr8	69729267	69929267	harbor2	chr8	69777530	69778206	DNA/TcMar-Tigger	3685	+	338	69777868	48601
chr8	137187072	137387072	harbor2	chr8	137216369	137216762	DNA/TcMar-Tigger	2167	+	196	137216565	29493
chr8	137187072	137387072	harbor2	chr8	137217240	137217445	DNA/TcMar-Tigger	2167	+	102	137217342	30270
chr8	112812475	113012475	harbor2	chr8	112893681	112894032	DNA/TcMar-Tigger	537	+	176	112893857	81382
chr8	136759594	136959594	harbor2	chr8	136772712	136773373	DNA/TcMar-Tigger	3301	+	330	136773042	13448
chr8	133392409	133592409	harbor2	chr8	133439051	133439409	DNA/TcMar-Tigger	1544	+	179	133439230	46821
chr8	124291924	124491924	harbor2	chr8	124306420	124306666	DNA/TcMar-Tigger	15538	+	123	124306543	14619
chr8	124291924	124491924	harbor2	chr8	124306962	124309331	DNA/TcMar-Tigger	15538	+	1184	124308146	16222
chr8	124291924	124491924	harbor2	chr8	124310877	124311066	DNA/TcMar-Tigger	424	+	94	124310971	19047
chr8	137994976	138194976	harbor2	chr8	138023384	138023722	DNA/TcMar-Tigger	1793	+	169	138023553	28577
chr8	137994976	138194976	harbor2	chr8	138040112	138040684	DNA/TcMar-Tigger	2813	+	286	138040398	45422
chr8	137994976	138194976	harbor2	chr8	138064320	138064518	DNA/TcMar-Tigger	1003	+	99	138064419	69443
chr8	137994976	138194976	harbor2	chr8	138064521	138064666	DNA/TcMar-Tigger	707	+	72	138064593	69617
chr8	104586968	104786968	harbor2	chr8	104596801	104597090	DNA/TcMar-Tigger	424	+	144	104596945	9977
chr8	74276742	74476742	harbor2	chr8	74285488	74285807	DNA/TcMar-Tigger	1339	+	160	74285648	8906
chr8	141165071	141365071	harbor2	chr8	141188369	141188955	DNA/TcMar-Tigger	2416	+	293	141188662	23591
chr8	141165071	141365071	harbor2	chr8	141243658	141244069	DNA/TcMar-Tigger	2279	+	206	141243864	78793
chr8	141165071	141365071	harbor2	chr8	141250178	141250401	DNA/TcMar-Tigger	1953	+	112	141250290	85219
chr8	141165071	141365071	harbor2	chr8	141250680	141250828	DNA/TcMar-Tigger	1953	+	74	141250754	85683
chr8	134687359	134887359	harbor2	chr8	134768077	134768418	DNA/TcMar-Tigger	1717	+	170	134768247	80888
chr8	134687359	134887359	harbor2	chr8	134772105	134772782	DNA/TcMar-Tigger	12242	+	338	134772443	85084
chr8	134687359	134887359	harbor2	chr8	134773127	134773984	DNA/TcMar-Tigger	12242	+	428	134773555	86196
chr8	134687359	134887359	harbor2	chr8	134774295	134774743	DNA/TcMar-Tigger	12242	+	224	134774519	87160
chr8	134687359	134887359	harbor2	chr8	134781664	134782083	DNA/TcMar-Tigger	2203	+	210	134781874	94515
chr8	76504478	76704478	harbor2	chr8	76558948	76559033	DNA/TcMar-Tigger	518	+	42	76558990	54512
chr8	41896222	42096222	harbor2	chr8	41964463	41964703	DNA/TcMar-Tigger	1218	+	120	41964583	68361
chr8	41896222	42096222	harbor2	chr8	41966253	41966422	DNA/TcMar-Tigger	461	+	84	41966337	70115
chr8	41896222	42096222	harbor2	chr8	41966411	41966504	DNA/TcMar-Tigger	535	+	46	41966457	70235
chr8	41896222	42096222	harbor2	chr8	41982462	41982978	DNA/TcMar-Tigger	2277	+	258	41982720	86498
chr8	41896222	42096222	harbor2	chr8	41986708	41986755	DNA/TcMar-Tigger	1696	+	24	41986732	90510
chr8	41896222	42096222	harbor2	chr8	41987057	41987354	DNA/TcMar-Tigger	1696	+	148	41987205	90983
chr8	54227342	54427342	harbor2	chr8	54307059	54307495	DNA/TcMar-Tigger	2247	+	218	54307277	79935
chr8	54227342	54427342	harbor2	chr8	54307496	54307596	DNA/TcMar-Tigger	752	+	50	54307546	80204
chr8	54227342	54427342	harbor2	chr8	54307615	54308201	DNA/TcMar-Tigger	5176	+	293	54307908	80566
chr8	54227342	54427342	harbor2	chr8	54308505	54308776	DNA/TcMar-Tigger	5176	+	136	54308641	81299
chr8	54227342	54427342	harbor2	chr8	54308777	54308976	DNA/TcMar-Tigger	1035	+	100	54308877	81535
chr8	83506021	83706021	harbor2	chr8	83511765	83512091	DNA/TcMar-Tigger	1933	+	163	83511928	5907
chr8	83506021	83706021	harbor2	chr8	83512531	83512692	DNA/TcMar-Tigger	1063	+	80	83512611	6590
chr8	83506021	83706021	harbor2	chr8	83513484	83513634	DNA/TcMar-Tigger	1063	+	75	83513559	7538
chr8	83506021	83706021	harbor2	chr8	83528597	83529291	DNA/TcMar-Tigger	2180	+	347	83528944	22923
chr8	81163964	81363964	harbor2	chr8	81247616	81247988	DNA/TcMar-Tigger	1027	+	186	81247802	83838
chr8	81163964	81363964	harbor2	chr8	81248832	81251516	DNA/TcMar-Tigger	16639	+	1342	81250174	86210
chr8	111603804	111803804	harbor2	chr8	111616815	111617117	DNA/TcMar-Tigger	1124	+	151	111616966	13162
chr8	108471765	108671765	harbor2	chr8	108473283	108473511	DNA/TcMar-Tigger	1475	+	114	108473397	1632
chr8	88834263	89034263	harbor2	chr8	88851171	88851762	DNA/TcMar-Tigger	2774	+	296	88851467	17204
chr8	110040239	110240239	harbor2	chr8	110067062	110067455	DNA/TcMar-Tigger	1784	+	196	110067258	27019
chr8	107602859	107802859	harbor2	chr8	107617416	107617776	DNA/TcMar-Tigger	2463	+	180	107617596	14737
chr8	128332732	128532732	harbor2	chr8	128368094	128368364	DNA/TcMar-Tigger	893	+	135	128368229	35497
chr8	128332732	128532732	harbor2	chr8	128401038	128401289	DNA/TcMar-Tigger	1170	+	126	128401164	68432
chr8	105143614	105343614	harbor2	chr8	105152975	105153034	DNA/TcMar-Tigger	397	+	30	105153005	9391
chr8	105143614	105343614	harbor2	chr8	105170044	105170102	DNA/TcMar-Tigger	806	+	29	105170073	26459
chr8	105143614	105343614	harbor2	chr8	105170437	105170827	DNA/TcMar-Tigger	806	+	195	105170632	27018
chr8	85107879	85307879	harbor2	chr8	85207785	85207902	DNA/TcMar-Tigger	725	+	58	85207843	99964
chr8	85107879	85307879	harbor2	chr8	85131109	85131374	DNA/TcMar-Tigger	609	+	132	85131241	23362
chr8	126352903	126552903	harbor2	chr8	126364511	126364762	DNA/TcMar-Tigger	1104	+	126	126364637	11734
chr8	126352903	126552903	harbor2	chr8	126399507	126399763	DNA/TcMar-Tigger	6022	+	128	126399635	46732
chr8	126352903	126552903	harbor2	chr8	126400318	126401070	DNA/TcMar-Tigger	6022	+	376	126400694	47791
chr8	126352903	126552903	harbor2	chr8	126401377	126401441	DNA/TcMar-Tigger	6022	+	32	126401409	48506
chr8	126352903	126552903	harbor2	chr8	126401750	126402251	DNA/TcMar-Tigger	3035	+	250	126402000	49097
chr8	126352903	126552903	harbor2	chr8	126402416	126402534	DNA/TcMar-Tigger	746	+	59	126402475	49572
chr8	126352903	126552903	harbor2	chr8	126439428	126439547	DNA/TcMar-Tigger	602	+	60	126439488	86585
chr8	126352903	126552903	harbor2	chr8	126439777	126439904	DNA/TcMar-Tigger	426	+	64	126439841	86938
chr8	126352903	126552903	harbor2	chr8	126402519	126402766	DNA/TcMar-Tigger	1345	+	124	126402643	49740
chr8	86888747	87088747	harbor2	chr8	86912383	86913390	DNA/TcMar-Tigger	6658	+	504	86912887	24140
chr8	86888747	87088747	harbor2	chr8	86914357	86914571	DNA/TcMar-Tigger	6658	+	107	86914464	25717
chr8	86888747	87088747	harbor2	chr8	86940845	86941072	DNA/TcMar-Tigger	1428	+	114	86940959	52212
chr8	86888747	87088747	harbor2	chr8	86980526	86980707	DNA/TcMar-Tigger	758	+	90	86980616	91869
chr8	111306703	111506703	harbor2	chr8	111393620	111393816	DNA/TcMar-Tigger	3790	+	98	111393718	87015
chr8	111306703	111506703	harbor2	chr8	111394391	111394882	DNA/TcMar-Tigger	3790	+	246	111394637	87934
chr8	137803723	138003723	harbor2	chr8	137885024	137885375	DNA/TcMar-Tigger	1533	+	176	137885200	81477
chr8	137504807	137704807	harbor2	chr8	137522992	137523426	DNA/TcMar-Tigger	2261	+	217	137523209	18402
chr8	127526900	127726900	harbor2	chr8	127624163	127624688	DNA/TcMar-Tigger	2264	+	262	127624425	97525
chr8	127526900	127726900	harbor2	chr8	127624720	127624828	DNA/TcMar-Tigger	2264	+	54	127624774	97874
chr8	117481186	117681186	harbor2	chr8	117530944	117531147	DNA/TcMar-Tigger	505	+	102	117531046	49860
chr8	117481186	117681186	harbor2	chr8	117548718	117548899	DNA/TcMar-Tigger	667	+	90	117548808	67622
chr8	140131467	140331467	harbor2	chr8	140141154	140141412	DNA/TcMar-Tigger	1272	+	129	140141283	9816
chr8	140131467	140331467	harbor2	chr8	140141419	140141515	DNA/TcMar-Tigger	583	+	48	140141467	10000
chr8	140131467	140331467	harbor2	chr8	140187104	140187325	DNA/TcMar-Tigger	1109	+	110	140187214	55747
chr8	140131467	140331467	harbor2	chr8	140208779	140209013	DNA/TcMar-Tigger	1260	+	117	140208896	77429
chr8	32317202	32517202	harbor2	chr8	32398814	32398963	DNA/TcMar-Tigger	398	+	74	32398888	81686
chr8	32317202	32517202	harbor2	chr8	32402345	32402917	DNA/TcMar-Tigger	2328	+	286	32402631	85429
chr8	118380376	118580376	harbor2	chr8	118399831	118400001	DNA/TcMar-Tigger	486	+	85	118399916	19540
chr8	118380376	118580376	harbor2	chr8	118429233	118429452	DNA/TcMar-Tigger	1189	+	110	118429343	48967
chr8	118380376	118580376	harbor2	chr8	118435156	118435480	DNA/TcMar-Tigger	1614	+	162	118435318	54942
chr8	123887206	124087206	harbor2	chr8	123926670	123926973	DNA/TcMar-Tigger	770	+	152	123926822	39616
chr8	57062066	57262066	harbor2	chr8	57145130	57145668	DNA/TcMar-Tigger	5767	+	269	57145399	83333
chr8	57062066	57262066	harbor2	chr8	57145968	57146627	DNA/TcMar-Tigger	5767	+	330	57146298	84232
chr8	66072721	66272721	harbor2	chr8	66107167	66107351	DNA/TcMar-Tigger	872	+	92	66107259	34538
chr8	66072721	66272721	harbor2	chr8	66139885	66140216	DNA/TcMar-Tigger	1906	+	166	66140051	67330
chr8	66072721	66272721	harbor2	chr8	66171022	66171082	DNA/TcMar-Tigger	430	+	30	66171052	98331
chr8	66072721	66272721	harbor2	chr8	66171451	66171502	DNA/TcMar-Tigger	430	+	26	66171477	98756
chr8	52715336	52915336	harbor2	chr8	52790226	52790452	DNA/TcMar-Tigger	912	+	113	52790339	75003
chr8	67819923	68019923	harbor2	chr8	67851354	67851620	DNA/TcMar-Tigger	1297	+	133	67851487	31564
chr8	67819923	68019923	harbor2	chr8	67904934	67905137	DNA/TcMar-Tigger	446	+	102	67905036	85113
chr8	67819923	68019923	harbor2	chr8	67905256	67905587	DNA/TcMar-Tigger	992	+	166	67905422	85499
chr8	58758424	58958424	harbor2	chr8	58804271	58804713	DNA/TcMar-Tigger	2272	+	221	58804492	46068
chr8	135624091	135824091	harbor2	chr8	135653407	135653828	DNA/TcMar-Tigger	1999	+	210	135653617	29526
chr8	134503652	134703652	harbor2	chr8	134530702	134531006	DNA/TcMar-Tigger	1422	+	152	134530854	27202
chr8	134503652	134703652	harbor2	chr8	134533421	134533570	DNA/TcMar-Tigger	724	+	74	134533495	29843
chr8	94861883	95061883	harbor2	chr8	94911640	94911746	DNA/TcMar-Tigger	459	+	53	94911693	49810
chr8	126045451	126245451	harbor2	chr8	126114301	126114633	DNA/TcMar-Tigger	1702	+	166	126114467	69016
chr8	102781874	102981874	harbor2	chr8	102820409	102820672	DNA/TcMar-Tigger	1050	+	132	102820541	38667
chr8	102781874	102981874	harbor2	chr8	102828812	102828972	DNA/TcMar-Tigger	527	+	80	102828892	47018
chr8	102781874	102981874	harbor2	chr8	102828945	102829146	DNA/TcMar-Tigger	753	+	100	102829045	47171
chr8	102781874	102981874	harbor2	chr8	102847951	102848277	DNA/TcMar-Tigger	1917	+	163	102848114	66240
chr8	102781874	102981874	harbor2	chr8	102867922	102868058	DNA/TcMar-Tigger	786	+	68	102867990	86116
chr8	127597199	127797199	harbor2	chr8	127624163	127624688	DNA/TcMar-Tigger	2264	+	262	127624425	27226
chr8	127597199	127797199	harbor2	chr8	127624720	127624828	DNA/TcMar-Tigger	2264	+	54	127624774	27575
chr8	127597199	127797199	harbor2	chr8	127662935	127663244	DNA/TcMar-Tigger	1365	+	154	127663089	65890
chr8	109628355	109828355	harbor2	chr8	109700259	109700693	DNA/TcMar-Tigger	2554	+	217	109700476	72121
chr8	124087151	124287151	harbor2	chr8	124170992	124171197	DNA/TcMar-Tigger	1121	+	102	124171094	83943
chr8	132921795	133121795	harbor2	chr8	132959295	132959633	DNA/TcMar-Tigger	1309	+	169	132959464	37669
chr8	132921795	133121795	harbor2	chr8	132985080	132985401	DNA/TcMar-Tigger	1733	+	160	132985240	63445
chr8	132921795	133121795	harbor2	chr8	133017210	133017437	DNA/TcMar-Tigger	509	+	114	133017324	95529
chr8	144907691	145107691	harbor2	chr8	144984129	144984150	DNA/TcMar-Tigger	1441	+	10	144984139	76448
chr8	144907691	145107691	harbor2	chr8	144984512	144984796	DNA/TcMar-Tigger	1441	+	142	144984654	76963
chr8	99874130	100074130	harbor2	chr8	99878909	99878973	DNA/TcMar-Tigger	401	+	32	99878941	4811
chr8	99874130	100074130	harbor2	chr8	99885120	99885436	DNA/TcMar-Tigger	1559	+	158	99885278	11148
chr8	99874130	100074130	harbor2	chr8	99890940	99891018	DNA/TcMar-Tigger	456	+	39	99890979	16849
chr8	99874130	100074130	harbor2	chr8	99899482	99899696	DNA/TcMar-Tigger	1750	+	107	99899589	25459
chr8	99874130	100074130	harbor2	chr8	99899730	99899898	DNA/TcMar-Tigger	1750	+	84	99899814	25684
chr8	99874130	100074130	harbor2	chr8	99900030	99900283	DNA/TcMar-Tigger	1384	+	126	99900156	26026
chr8	99874130	100074130	harbor2	chr8	99937085	99937628	DNA/TcMar-Tigger	2619	+	272	99937357	63227
chr8	99874130	100074130	harbor2	chr8	99937792	99938265	DNA/TcMar-Tigger	2824	+	236	99938028	63898
chr8	99874130	100074130	harbor2	chr8	99963545	99963857	DNA/TcMar-Tigger	1156	+	156	99963701	89571
chr8	115413793	115613793	harbor2	chr8	115468178	115468605	DNA/TcMar-Tigger	462	+	214	115468392	54599
chr8	115413793	115613793	harbor2	chr8	115485987	115488387	DNA/TcMar-Tigger	14776	+	1200	115487187	73394
chr9	6839634	7039634	harbor2	chr9	6849901	6850242	DNA/TcMar-Tigger	1731	+	170	6850071	10437
chr9	61772198	61972198	harbor2	chr9	61800837	61802868	DNA/TcMar-Tigger	14046	+	1016	61801853	29655
chr9	61772198	61972198	harbor2	chr9	61803172	61803496	DNA/TcMar-Tigger	14046	+	162	61803334	31136
chr9	61772198	61972198	harbor2	chr9	61804169	61804383	DNA/TcMar-Tigger	752	+	107	61804276	32078
chr9	133995964	134195964	harbor2	chr9	134038646	134038906	DNA/TcMar-Tigger	1060	+	130	134038776	42812
chr9	133995964	134195964	harbor2	chr9	134087381	134087511	DNA/TcMar-Tigger	573	+	65	134087446	91482
chr9	133995964	134195964	harbor2	chr9	134086630	134086767	DNA/TcMar-Tigger	768	+	68	134086698	90734
chr9	134006116	134206116	harbor2	chr9	134038646	134038906	DNA/TcMar-Tigger	1060	+	130	134038776	32660
chr9	134006116	134206116	harbor2	chr9	134087381	134087511	DNA/TcMar-Tigger	573	+	65	134087446	81330
chr9	134006116	134206116	harbor2	chr9	134086630	134086767	DNA/TcMar-Tigger	768	+	68	134086698	80582
chr9	131975283	132175283	harbor2	chr9	131985414	131986353	DNA/TcMar-Tigger	6597	+	470	131985884	10601
chr9	131975283	132175283	harbor2	chr9	131986481	131986726	DNA/TcMar-Tigger	6597	+	122	131986603	11320
chr9	131975283	132175283	harbor2	chr9	131988345	131988636	DNA/TcMar-Tigger	1883	+	146	131988491	13208
chr9	131975283	132175283	harbor2	chr9	131988777	131988926	DNA/TcMar-Tigger	781	+	74	131988851	13568
chr9	131975283	132175283	harbor2	chr9	131993691	131994264	DNA/TcMar-Tigger	3618	+	286	131993977	18694
chr9	131975283	132175283	harbor2	chr9	131996658	131997063	DNA/TcMar-Tigger	2372	+	202	131996860	21577
chr9	131975283	132175283	harbor2	chr9	132027606	132027892	DNA/TcMar-Tigger	1194	+	143	132027749	52466
chr9	131975283	132175283	harbor2	chr9	132056454	132056646	DNA/TcMar-Tigger	949	+	96	132056550	81267
chr9	62693597	62893597	harbor2	chr9	62730627	62731136	DNA/TcMar-Tigger	2984	+	254	62730881	37284
chr9	89188340	89388340	harbor2	chr9	89192202	89192392	DNA/TcMar-Tigger	797	+	95	89192297	3957
chr9	89188340	89388340	harbor2	chr9	89235327	89235626	DNA/TcMar-Tigger	1764	+	150	89235477	47137
chr9	105638242	105838242	harbor2	chr9	105671807	105672201	DNA/TcMar-Tigger	1694	+	197	105672004	33762
chr9	105638242	105838242	harbor2	chr9	105708145	105708463	DNA/TcMar-Tigger	1211	+	159	105708304	70062
chr9	105638242	105838242	harbor2	chr9	105716599	105717048	DNA/TcMar-Tigger	2107	+	224	105716823	78581
chr9	70822425	71022425	harbor2	chr9	70907118	70907560	DNA/TcMar-Tigger	2937	+	221	70907339	84914
chr9	70822425	71022425	harbor2	chr9	70908083	70908305	DNA/TcMar-Tigger	2937	+	111	70908194	85769
chr9	133245008	133445008	harbor2	chr9	133262715	133262815	DNA/TcMar-Tigger	1946	+	50	133262765	17757
chr9	133245008	133445008	harbor2	chr9	133263131	133263200	DNA/TcMar-Tigger	1946	+	34	133263165	18157
chr9	133245008	133445008	harbor2	chr9	133263473	133263673	DNA/TcMar-Tigger	1946	+	100	133263573	18565
chr9	14200108	14400108	harbor2	chr9	14224467	14224796	DNA/TcMar-Tigger	1662	+	164	14224631	24523
chr9	14200108	14400108	harbor2	chr9	14259141	14259309	DNA/TcMar-Tigger	562	+	84	14259225	59117
chr9	91365178	91565178	harbor2	chr9	91386935	91387137	DNA/TcMar-Tigger	1284	+	101	91387036	21858
chr9	117135775	117335775	harbor2	chr9	117144300	117144384	DNA/TcMar-Tigger	580	+	42	117144342	8567
chr9	106084886	106284886	harbor2	chr9	106132894	106133204	DNA/TcMar-Tigger	1788	+	155	106133049	48163
chr9	106084886	106284886	harbor2	chr9	106138085	106138510	DNA/TcMar-Tigger	2065	+	212	106138297	53411
chr9	138245892	138445892	harbor2	chr9	138259268	138259375	DNA/TcMar-Tigger	562	+	54	138259322	13430
chr9	95420410	95620410	harbor2	chr9	95491733	95491862	DNA/TcMar-Tigger	725	+	64	95491797	71387
chr9	95420410	95620410	harbor2	chr9	95491861	95492706	DNA/TcMar-Tigger	5022	+	422	95492283	71873
chr9	79996081	80196081	harbor2	chr9	80039020	80039516	DNA/TcMar-Tigger	584	+	248	80039268	43187
chr9	128614084	128814084	harbor2	chr9	128644670	128645068	DNA/TcMar-Tigger	6226	+	199	128644869	30785
chr9	128614084	128814084	harbor2	chr9	128645644	128646203	DNA/TcMar-Tigger	6226	+	280	128645924	31840
chr9	128614084	128814084	harbor2	chr9	128646507	128646701	DNA/TcMar-Tigger	6226	+	97	128646604	32520
chr9	128614084	128814084	harbor2	chr9	128696697	128696967	DNA/TcMar-Tigger	605	+	135	128696832	82748
chr9	109367266	109567266	harbor2	chr9	109429533	109429768	DNA/TcMar-Tigger	1097	+	118	109429651	62385
chr9	100513280	100713280	harbor2	chr9	100582843	100583058	DNA/TcMar-Tigger	662	+	108	100582951	69671
chr9	100513280	100713280	harbor2	chr9	100592456	100592648	DNA/TcMar-Tigger	671	+	96	100592552	79272
chr9	100513280	100713280	harbor2	chr9	100604374	100604538	DNA/TcMar-Tigger	1028	+	82	100604456	91176
chr9	100513280	100713280	harbor2	chr9	100604538	100604657	DNA/TcMar-Tigger	1601	+	60	100604598	91318
chr9	100513280	100713280	harbor2	chr9	100605003	100605194	DNA/TcMar-Tigger	1601	+	96	100605099	91819
chr9	100513280	100713280	harbor2	chr9	100612876	100612947	DNA/TcMar-Tigger	1659	+	36	100612912	99632
chr9	111301942	111501942	harbor2	chr9	111366970	111367173	DNA/TcMar-Tigger	391	+	102	111367072	65130
chr9	111301942	111501942	harbor2	chr9	111381574	111381650	DNA/TcMar-Tigger	427	+	38	111381612	79670
chr9	70818910	71018910	harbor2	chr9	70907118	70907560	DNA/TcMar-Tigger	2937	+	221	70907339	88429
chr9	70818910	71018910	harbor2	chr9	70908083	70908305	DNA/TcMar-Tigger	2937	+	111	70908194	89284
chr9	98767974	98967974	harbor2	chr9	98815182	98815503	DNA/TcMar-Tigger	1830	+	160	98815342	47368
chr9	134492700	134692700	harbor2	chr9	134500019	134500175	DNA/TcMar-Tigger	1761	+	78	134500097	7397
chr9	134492700	134692700	harbor2	chr9	134500491	134500632	DNA/TcMar-Tigger	1761	+	70	134500561	7861
chr9	116929359	117129359	harbor2	chr9	116939813	116941158	DNA/TcMar-Tigger	5852	+	672	116940485	11126
chr9	116929359	117129359	harbor2	chr9	116990674	116990823	DNA/TcMar-Tigger	452	+	74	116990748	61389
chr9	82614346	82814346	harbor2	chr9	82673006	82673761	DNA/TcMar-Tigger	3822	+	378	82673384	59038
chr9	83965099	84165099	harbor2	chr9	84000226	84000464	DNA/TcMar-Tigger	1220	+	119	84000345	35246
chr9	83965099	84165099	harbor2	chr9	84000467	84000556	DNA/TcMar-Tigger	433	+	44	84000511	35412
chr9	83965099	84165099	harbor2	chr9	84025258	84025586	DNA/TcMar-Tigger	3281	+	164	84025422	60323
chr9	83965099	84165099	harbor2	chr9	84025849	84026123	DNA/TcMar-Tigger	3281	+	137	84025986	60887
chr9	83965099	84165099	harbor2	chr9	84026723	84027402	DNA/TcMar-Tigger	5882	+	340	84027063	61964
chr9	83965099	84165099	harbor2	chr9	84027719	84027884	DNA/TcMar-Tigger	5882	+	82	84027801	62702
chr9	83965099	84165099	harbor2	chr9	84028183	84028299	DNA/TcMar-Tigger	5882	+	58	84028241	63142
chr9	110082390	110282390	harbor2	chr9	110161805	110161919	DNA/TcMar-Tigger	448	+	57	110161862	79472
chr9	105279905	105479905	harbor2	chr9	105342124	105342383	DNA/TcMar-Tigger	1416	+	130	105342254	62349
chr9	105279905	105479905	harbor2	chr9	105342383	105342477	DNA/TcMar-Tigger	551	+	47	105342430	62525
chr9	137398030	137598030	harbor2	chr9	137442049	137442441	DNA/TcMar-Tigger	1606	+	196	137442245	44215
chr9	39693318	39893318	harbor2	chr9	39773787	39773978	DNA/TcMar-Tigger	889	+	96	39773883	80565
chr9	109700567	109900567	harbor2	chr9	109778368	109778768	DNA/TcMar-Tigger	1021	+	200	109778568	78001
chr9	109700567	109900567	harbor2	chr9	109779070	109779161	DNA/TcMar-Tigger	1021	+	46	109779116	78549
chr9	109700567	109900567	harbor2	chr9	109782364	109782701	DNA/TcMar-Tigger	1959	+	168	109782532	81965
chr9	113500555	113700555	harbor2	chr9	113547735	113548050	DNA/TcMar-Tigger	669	+	158	113547893	47338
chr9	108938793	109138793	harbor2	chr9	108940065	108940300	DNA/TcMar-Tigger	1021	+	118	108940183	1390
chr9	92476254	92676254	harbor2	chr9	92487886	92488170	DNA/TcMar-Tigger	1556	+	142	92488028	11774
chr9	92476254	92676254	harbor2	chr9	92525406	92525608	DNA/TcMar-Tigger	3459	+	101	92525507	49253
chr9	92476254	92676254	harbor2	chr9	92525916	92526361	DNA/TcMar-Tigger	3459	+	222	92526138	49884
chr9	92476254	92676254	harbor2	chr9	92526684	92526999	DNA/TcMar-Tigger	2981	+	158	92526842	50588
chr9	92476254	92676254	harbor2	chr9	92527310	92527546	DNA/TcMar-Tigger	2981	+	118	92527428	51174
chr9	92476254	92676254	harbor2	chr9	92529863	92530192	DNA/TcMar-Tigger	1715	+	164	92530027	53773
chr9	70329039	70529039	harbor2	chr9	70336691	70336824	DNA/TcMar-Tigger	612	+	66	70336757	7718
chr9	70329039	70529039	harbor2	chr9	70337175	70337348	DNA/TcMar-Tigger	612	+	86	70337261	8222
chr9	110881716	111081716	harbor2	chr9	110909526	110909702	DNA/TcMar-Tigger	1077	+	88	110909614	27898
chr9	110881716	111081716	harbor2	chr9	110910107	110911265	DNA/TcMar-Tigger	8837	+	579	110910686	28970
chr9	110881716	111081716	harbor2	chr9	110911548	110911869	DNA/TcMar-Tigger	8837	+	160	110911708	29992
chr9	110881716	111081716	harbor2	chr9	110923287	110923653	DNA/TcMar-Tigger	2377	+	183	110923470	41754
chr9	71813459	72013459	harbor2	chr9	71846311	71846609	DNA/TcMar-Tigger	1339	+	149	71846460	33001
chr9	71813459	72013459	harbor2	chr9	71859577	71859835	DNA/TcMar-Tigger	402	+	129	71859706	46247
chr9	71813459	72013459	harbor2	chr9	71888020	71888312	DNA/TcMar-Tigger	602	+	146	71888166	74707
chr9	81297213	81497213	harbor2	chr9	81300140	81300212	DNA/TcMar-Tigger	9716	+	36	81300176	2963
chr9	81297213	81497213	harbor2	chr9	81300531	81302095	DNA/TcMar-Tigger	9716	+	782	81301313	4100
chr9	81297213	81497213	harbor2	chr9	81302178	81302234	DNA/TcMar-Tigger	626	+	28	81302206	4993
chr9	81297213	81497213	harbor2	chr9	81302524	81302614	DNA/TcMar-Tigger	626	+	45	81302569	5356
chr9	81297213	81497213	harbor2	chr9	81303740	81303862	DNA/TcMar-Tigger	759	+	61	81303801	6588
chr9	110833765	111033765	harbor2	chr9	110909526	110909702	DNA/TcMar-Tigger	1077	+	88	110909614	75849
chr9	110833765	111033765	harbor2	chr9	110910107	110911265	DNA/TcMar-Tigger	8837	+	579	110910686	76921
chr9	110833765	111033765	harbor2	chr9	110911548	110911869	DNA/TcMar-Tigger	8837	+	160	110911708	77943
chr9	110833765	111033765	harbor2	chr9	110923287	110923653	DNA/TcMar-Tigger	2377	+	183	110923470	89705
chr9	108970538	109170538	harbor2	chr9	109058912	109059006	DNA/TcMar-Tigger	404	+	47	109058959	88421
chr9	108970538	109170538	harbor2	chr9	109065933	109066172	DNA/TcMar-Tigger	424	+	120	109066053	95515
chr9	108970538	109170538	harbor2	chr9	109066479	109066609	DNA/TcMar-Tigger	424	+	65	109066544	96006
chr9	93396182	93596182	harbor2	chr9	93401222	93401873	DNA/TcMar-Tigger	14361	+	326	93401548	5366
chr9	93396182	93596182	harbor2	chr9	93402166	93403903	DNA/TcMar-Tigger	14361	+	868	93403034	6852
chr9	93396182	93596182	harbor2	chr9	93442558	93442998	DNA/TcMar-Tigger	2404	+	220	93442778	46596
chr9	93396182	93596182	harbor2	chr9	93443001	93443522	DNA/TcMar-Tigger	2346	+	260	93443261	47079
chr9	93396182	93596182	harbor2	chr9	93461726	93461946	DNA/TcMar-Tigger	1305	+	110	93461836	65654
chr9	93396182	93596182	harbor2	chr9	93454283	93454835	DNA/TcMar-Tigger	797	+	276	93454559	58377
chr9	118973349	119173349	harbor2	chr9	118981026	118981333	DNA/TcMar-Tigger	1253	+	154	118981180	7831
chr9	132918176	133118176	harbor2	chr9	133016392	133016439	DNA/TcMar-Tigger	7836	+	24	133016416	98240
chr9	132918176	133118176	harbor2	chr9	133016743	133017547	DNA/TcMar-Tigger	7836	+	402	133017145	98969
chr9	132918176	133118176	harbor2	chr9	133017845	133018154	DNA/TcMar-Tigger	7836	+	154	133017999	99823
chr9	95871047	96071047	harbor2	chr9	95919364	95920592	DNA/TcMar-Tigger	7907	+	614	95919978	48931
chr9	95871047	96071047	harbor2	chr9	95946629	95948369	DNA/TcMar-Tigger	11305	+	870	95947499	76452
chr9	95871047	96071047	harbor2	chr9	95962800	95962882	DNA/TcMar-Tigger	403	+	41	95962841	91794
chr9	65639509	65839509	harbor2	chr9	65725034	65725240	DNA/TcMar-Tigger	1182	+	103	65725137	85628
chr9	101924713	102124713	harbor2	chr9	101928755	101929158	DNA/TcMar-Tigger	1587	+	202	101928957	4244
chr9	101924713	102124713	harbor2	chr9	101981459	101982514	DNA/TcMar-Tigger	5999	+	528	101981987	57274
chr9	101924713	102124713	harbor2	chr9	101982499	101983191	DNA/TcMar-Tigger	3951	+	346	101982845	58132
chr9	72414895	72614895	harbor2	chr9	72458193	72458521	DNA/TcMar-Tigger	1195	+	164	72458357	43462
chr9	72414895	72614895	harbor2	chr9	72458533	72458880	DNA/TcMar-Tigger	862	+	174	72458707	43812
chr9	137938083	138138083	harbor2	chr9	138034789	138034862	DNA/TcMar-Tigger	404	+	36	138034825	96742
chr9	137938083	138138083	harbor2	chr9	138035085	138035167	DNA/TcMar-Tigger	507	+	41	138035126	97043
chr9	118238513	118438513	harbor2	chr9	118254842	118256843	DNA/TcMar-Tigger	11219	+	1000	118255842	17329
chr9	100451892	100651892	harbor2	chr9	100480307	100480866	DNA/TcMar-Tigger	1591	+	280	100480587	28695
chr9	82999737	83199737	harbor2	chr9	83021563	83021868	DNA/TcMar-Tigger	1118	+	152	83021715	21978
chr9	82999737	83199737	harbor2	chr9	83046289	83046466	DNA/TcMar-Tigger	523	+	88	83046377	46640
chr9	119251666	119451666	harbor2	chr9	119315150	119316087	DNA/TcMar-Tigger	14038	+	468	119315618	63952
chr9	119251666	119451666	harbor2	chr9	119316388	119316873	DNA/TcMar-Tigger	14038	+	242	119316630	64964
chr9	119251666	119451666	harbor2	chr9	119317120	119318066	DNA/TcMar-Tigger	14038	+	473	119317593	65927
chr9	119251666	119451666	harbor2	chr9	119341415	119341762	DNA/TcMar-Tigger	1684	+	174	119341589	89923
chr9	119725011	119925011	harbor2	chr9	119791333	119791674	DNA/TcMar-Tigger	1951	+	170	119791503	66492
chr9	131897088	132097088	harbor2	chr9	131985414	131986353	DNA/TcMar-Tigger	6597	+	470	131985884	88796
chr9	131897088	132097088	harbor2	chr9	131986481	131986726	DNA/TcMar-Tigger	6597	+	122	131986603	89515
chr9	131897088	132097088	harbor2	chr9	131988345	131988636	DNA/TcMar-Tigger	1883	+	146	131988491	91403
chr9	131897088	132097088	harbor2	chr9	131988777	131988926	DNA/TcMar-Tigger	781	+	74	131988851	91763
chr9	131897088	132097088	harbor2	chr9	131993691	131994264	DNA/TcMar-Tigger	3618	+	286	131993977	96889
chr9	131897088	132097088	harbor2	chr9	131996658	131997063	DNA/TcMar-Tigger	2372	+	202	131996860	99772
chr9	132781938	132981938	harbor2	chr9	132819104	132819435	DNA/TcMar-Tigger	2200	+	166	132819270	37332
chr9	123011150	123211150	harbor2	chr9	123080863	123080930	DNA/TcMar-Tigger	497	+	34	123080897	69747
chr9	123011150	123211150	harbor2	chr9	123080915	123081350	DNA/TcMar-Tigger	2587	+	218	123081133	69983
chr9	137747387	137947387	harbor2	chr9	137767370	137767411	DNA/TcMar-Tigger	1291	+	20	137767390	20003
chr9	137747387	137947387	harbor2	chr9	137767938	137768205	DNA/TcMar-Tigger	1291	+	134	137768072	20685
chr9	67049230	67249230	harbor2	chr9	67114370	67114679	DNA/TcMar-Tigger	604	+	154	67114524	65294
chr9	106369535	106569535	harbor2	chr9	106389926	106390240	DNA/TcMar-Tigger	1425	+	157	106390083	20548
chr9	106369535	106569535	harbor2	chr9	106445004	106445230	DNA/TcMar-Tigger	1308	+	113	106445117	75582
chr9	106369535	106569535	harbor2	chr9	106445236	106445890	DNA/TcMar-Tigger	8418	+	327	106445563	76028
chr9	106369535	106569535	harbor2	chr9	106446199	106446227	DNA/TcMar-Tigger	8418	+	14	106446213	76678
chr9	106369535	106569535	harbor2	chr9	106447222	106447919	DNA/TcMar-Tigger	4009	+	348	106447570	78035
chr9	106369535	106569535	harbor2	chr9	106463978	106464412	DNA/TcMar-Tigger	2325	+	217	106464195	94660
chr9	106369535	106569535	harbor2	chr9	106446521	106447223	DNA/TcMar-Tigger	8418	+	351	106446872	77337
chr9	108547897	108747897	harbor2	chr9	108622362	108622823	DNA/TcMar-Tigger	1503	+	230	108622592	74695
chr9	137682195	137882195	harbor2	chr9	137767370	137767411	DNA/TcMar-Tigger	1291	+	20	137767390	85195
chr9	137682195	137882195	harbor2	chr9	137767938	137768205	DNA/TcMar-Tigger	1291	+	134	137768072	85877
chr9	121279757	121479757	harbor2	chr9	121291168	121291389	DNA/TcMar-Tigger	1036	+	110	121291278	11521
chr9	121279757	121479757	harbor2	chr9	121344683	121344967	DNA/TcMar-Tigger	592	+	142	121344825	65068
chr9	95515073	95715073	harbor2	chr9	95548534	95548609	DNA/TcMar-Tigger	7036	+	38	95548572	33499
chr9	95515073	95715073	harbor2	chr9	95548932	95550065	DNA/TcMar-Tigger	7036	+	566	95549498	34425
chr9	87208935	87408935	harbor2	chr9	87227630	87227963	DNA/TcMar-Tigger	1793	+	166	87227796	18861
chr9	132997285	133197285	harbor2	chr9	133016392	133016439	DNA/TcMar-Tigger	7836	+	24	133016416	19131
chr9	132997285	133197285	harbor2	chr9	133016743	133017547	DNA/TcMar-Tigger	7836	+	402	133017145	19860
chr9	132997285	133197285	harbor2	chr9	133017845	133018154	DNA/TcMar-Tigger	7836	+	154	133017999	20714
chr9	132997285	133197285	harbor2	chr9	133018448	133018620	DNA/TcMar-Tigger	7836	+	86	133018534	21249
chr9	38175548	38375548	harbor2	chr9	38205827	38206160	DNA/TcMar-Tigger	2194	+	166	38205993	30445
chr9	133252237	133452237	harbor2	chr9	133262715	133262815	DNA/TcMar-Tigger	1946	+	50	133262765	10528
chr9	133252237	133452237	harbor2	chr9	133263131	133263200	DNA/TcMar-Tigger	1946	+	34	133263165	10928
chr9	133252237	133452237	harbor2	chr9	133263473	133263673	DNA/TcMar-Tigger	1946	+	100	133263573	11336
chr9	122012853	122212853	harbor2	chr9	122029062	122030123	DNA/TcMar-Tigger	6560	+	530	122029592	16739
chr9	99499498	99699498	harbor2	chr9	99589539	99589736	DNA/TcMar-Tigger	684	+	98	99589637	90139
chr9	99499498	99699498	harbor2	chr9	99598768	99598884	DNA/TcMar-Tigger	576	+	58	99598826	99328
chr9	99499498	99699498	harbor2	chr9	99598861	99599544	DNA/TcMar-Tigger	3881	+	342	99599203	99705
chr9	130565910	130765910	harbor2	chr9	130574923	130574981	DNA/TcMar-Tigger	1574	+	29	130574952	9042
chr9	130565910	130765910	harbor2	chr9	130575281	130575528	DNA/TcMar-Tigger	1574	+	124	130575405	9495
chr9	130565910	130765910	harbor2	chr9	130601698	130601801	DNA/TcMar-Tigger	712	+	52	130601750	35840
chr9	130565910	130765910	harbor2	chr9	130602100	130602140	DNA/TcMar-Tigger	712	+	20	130602120	36210
chr9	130565910	130765910	harbor2	chr9	130602174	130602280	DNA/TcMar-Tigger	668	+	53	130602227	36317
chr9	130565910	130765910	harbor2	chr9	130641004	130641475	DNA/TcMar-Tigger	2002	+	236	130641240	75330
chr9	130565910	130765910	harbor2	chr9	130641787	130641829	DNA/TcMar-Tigger	2002	+	21	130641808	75898
chr9	130565910	130765910	harbor2	chr9	130642328	130642469	DNA/TcMar-Tigger	605	+	70	130642398	76488
chr9	137417974	137617974	harbor2	chr9	137442049	137442441	DNA/TcMar-Tigger	1606	+	196	137442245	24271
chr9	106473733	106673733	harbor2	chr9	106501864	106502259	DNA/TcMar-Tigger	2246	+	198	106502062	28329
chr9	106473733	106673733	harbor2	chr9	106542126	106542568	DNA/TcMar-Tigger	2110	+	221	106542347	68614
chr9	106473733	106673733	harbor2	chr9	106545736	106546092	DNA/TcMar-Tigger	2240	+	178	106545914	72181
chr9	97573307	97773307	harbor2	chr9	97601729	97601961	DNA/TcMar-Tigger	1304	+	116	97601845	28538
chr9	97573307	97773307	harbor2	chr9	97619307	97619506	DNA/TcMar-Tigger	887	+	100	97619407	46100
chr9	97573307	97773307	harbor2	chr9	97619642	97619868	DNA/TcMar-Tigger	1057	+	113	97619755	46448
chr9	97573307	97773307	harbor2	chr9	97672614	97672846	DNA/TcMar-Tigger	2496	+	116	97672730	99423
chr9	97573307	97773307	harbor2	chr9	97673143	97673307	DNA/TcMar-Tigger	2496	+	82	97673225	99918
chr9	83832502	84032502	harbor2	chr9	83912145	83912277	DNA/TcMar-Tigger	408	+	66	83912211	79709
chr9	90836569	91036569	harbor2	chr9	90836315	90837197	DNA/TcMar-Tigger	5864	+	441	90836756	187
chr9	130476862	130676862	harbor2	chr9	130574923	130574981	DNA/TcMar-Tigger	1574	+	29	130574952	98090
chr9	130476862	130676862	harbor2	chr9	130575281	130575528	DNA/TcMar-Tigger	1574	+	124	130575405	98543
chr9	137386946	137586946	harbor2	chr9	137442049	137442441	DNA/TcMar-Tigger	1606	+	196	137442245	55299
chr9	103440023	103640023	harbor2	chr9	103476731	103477077	DNA/TcMar-Tigger	1630	+	173	103476904	36881
chr9	103440023	103640023	harbor2	chr9	103518987	103519094	DNA/TcMar-Tigger	2270	+	54	103519041	79018
chr9	103440023	103640023	harbor2	chr9	103519403	103519825	DNA/TcMar-Tigger	2270	+	211	103519614	79591
chr9	103440023	103640023	harbor2	chr9	103497558	103497794	DNA/TcMar-Tigger	493	+	118	103497676	57653
chr9	113484107	113684107	harbor2	chr9	113547735	113548050	DNA/TcMar-Tigger	669	+	158	113547893	63786
chr9	81221419	81421419	harbor2	chr9	81249170	81251869	DNA/TcMar-Tigger	15399	+	1350	81250520	29101
chr9	81221419	81421419	harbor2	chr9	81300140	81300212	DNA/TcMar-Tigger	9716	+	36	81300176	78757
chr9	81221419	81421419	harbor2	chr9	81300531	81302095	DNA/TcMar-Tigger	9716	+	782	81301313	79894
chr9	81221419	81421419	harbor2	chr9	81302178	81302234	DNA/TcMar-Tigger	626	+	28	81302206	80787
chr9	81221419	81421419	harbor2	chr9	81302524	81302614	DNA/TcMar-Tigger	626	+	45	81302569	81150
chr9	81221419	81421419	harbor2	chr9	81303740	81303862	DNA/TcMar-Tigger	759	+	61	81303801	82382
chr9	24092785	24292785	harbor2	chr9	24189498	24189811	DNA/TcMar-Tigger	1279	+	156	24189654	96869
chr9	5662104	5862104	harbor2	chr9	5699147	5699496	DNA/TcMar-Tigger	1907	+	174	5699321	37217
chr9	124230962	124430962	harbor2	chr9	124278003	124278332	DNA/TcMar-Tigger	1535	+	164	124278167	47205
chr9	137756776	137956776	harbor2	chr9	137767370	137767411	DNA/TcMar-Tigger	1291	+	20	137767390	10614
chr9	137756776	137956776	harbor2	chr9	137767938	137768205	DNA/TcMar-Tigger	1291	+	134	137768072	11296
chr9	85857890	86057890	harbor2	chr9	85872899	85873229	DNA/TcMar-Tigger	2499	+	165	85873064	15174
chr9	85857890	86057890	harbor2	chr9	85873543	85873648	DNA/TcMar-Tigger	2499	+	52	85873595	15705
chr9	85857890	86057890	harbor2	chr9	85874377	85874404	DNA/TcMar-Tigger	2499	+	14	85874391	16501
chr9	85857890	86057890	harbor2	chr9	85906681	85906863	DNA/TcMar-Tigger	605	+	91	85906772	48882
chr9	85857890	86057890	harbor2	chr9	85906887	85907079	DNA/TcMar-Tigger	542	+	96	85906983	49093
chr9	76208649	76408649	harbor2	chr9	76279991	76280459	DNA/TcMar-Tigger	9237	+	234	76280225	71576
chr9	76208649	76408649	harbor2	chr9	76280760	76281662	DNA/TcMar-Tigger	9237	+	451	76281211	72562
chr9	76208649	76408649	harbor2	chr9	76281949	76282056	DNA/TcMar-Tigger	9237	+	54	76282003	73354
chr9	76208649	76408649	harbor2	chr9	76282823	76283652	DNA/TcMar-Tigger	5786	+	414	76283237	74588
chr9	98441531	98641531	harbor2	chr9	98535477	98535682	DNA/TcMar-Tigger	1368	+	102	98535579	94048
chr9	122322318	122522318	harbor2	chr9	122353167	122353365	DNA/TcMar-Tigger	1265	+	99	122353266	30948
chr9	122322318	122522318	harbor2	chr9	122353663	122353689	DNA/TcMar-Tigger	1265	+	13	122353676	31358
chr9	86988386	87188386	harbor2	chr9	87063089	87063208	DNA/TcMar-Tigger	462	+	60	87063149	74763
chr9	123382303	123582303	harbor2	chr9	123409318	123409518	DNA/TcMar-Tigger	1152	+	100	123409418	27115
chr9	27491305	27691305	harbor2	chr9	27504290	27504529	DNA/TcMar-Tigger	972	+	120	27504410	13105
chr9	27491305	27691305	harbor2	chr9	27568570	27568703	DNA/TcMar-Tigger	645	+	66	27568636	77331
chr9	27491305	27691305	harbor2	chr9	27568697	27569193	DNA/TcMar-Tigger	2628	+	248	27568945	77640
chr9	27491305	27691305	harbor2	chr9	27569237	27569676	DNA/TcMar-Tigger	2832	+	220	27569457	78152
chr9	75773390	75973390	harbor2	chr9	75803123	75803530	DNA/TcMar-Tigger	2151	+	204	75803327	29937
chr9	75773390	75973390	harbor2	chr9	75803648	75803862	DNA/TcMar-Tigger	1170	+	107	75803755	30365
chr9	75773390	75973390	harbor2	chr9	75871893	75872303	DNA/TcMar-Tigger	1619	+	205	75872098	98708
chr9	133970410	134170410	harbor2	chr9	134038646	134038906	DNA/TcMar-Tigger	1060	+	130	134038776	68366
chr9	117613313	117813313	harbor2	chr9	117666193	117666368	DNA/TcMar-Tigger	685	+	88	117666281	52968
chr9	117613313	117813313	harbor2	chr9	117666350	117666421	DNA/TcMar-Tigger	416	+	36	117666386	53073
chr9	117613313	117813313	harbor2	chr9	117666425	117666541	DNA/TcMar-Tigger	488	+	58	117666483	53170
chr9	117613313	117813313	harbor2	chr9	117666528	117666740	DNA/TcMar-Tigger	1290	+	106	117666634	53321
chr9	137952595	138152595	harbor2	chr9	138034789	138034862	DNA/TcMar-Tigger	404	+	36	138034825	82230
chr9	137952595	138152595	harbor2	chr9	138035085	138035167	DNA/TcMar-Tigger	507	+	41	138035126	82531
chr9	121870900	122070900	harbor2	chr9	121875692	121875953	DNA/TcMar-Tigger	855	+	130	121875822	4922
chr9	121870900	122070900	harbor2	chr9	121921571	121921897	DNA/TcMar-Tigger	1185	+	163	121921734	50834
chr9	121870900	122070900	harbor2	chr9	121947346	121947481	DNA/TcMar-Tigger	396	+	68	121947414	76514
chr9	75239177	75439177	harbor2	chr9	75268790	75269192	DNA/TcMar-Tigger	2426	+	201	75268991	29814
chr9	75239177	75439177	harbor2	chr9	75278504	75278861	DNA/TcMar-Tigger	2169	+	178	75278682	39505
chr9	75239177	75439177	harbor2	chr9	75297190	75298314	DNA/TcMar-Tigger	4302	+	562	75297752	58575
chr9	116662037	116862037	harbor2	chr9	116694812	116695007	DNA/TcMar-Tigger	640	+	98	116694910	32873
chr9	75844880	76044880	harbor2	chr9	75871893	75872303	DNA/TcMar-Tigger	1619	+	205	75872098	27218
chr9	75844880	76044880	harbor2	chr9	75882439	75882760	DNA/TcMar-Tigger	1514	+	160	75882599	37719
chr9	75844880	76044880	harbor2	chr9	75898087	75898309	DNA/TcMar-Tigger	584	+	111	75898198	53318
chr9	84618937	84818937	harbor2	chr9	84624702	84625020	DNA/TcMar-Tigger	1758	+	159	84624861	5924
chr9	69687220	69887220	harbor2	chr9	69719631	69721985	DNA/TcMar-Tigger	15501	+	1177	69720808	33588
chr9	85458883	85658883	harbor2	chr9	85473602	85473929	DNA/TcMar-Tigger	2005	+	164	85473766	14883
chr9	85458883	85658883	harbor2	chr9	85544377	85544486	DNA/TcMar-Tigger	1282	+	54	85544431	85548
chr9	85458883	85658883	harbor2	chr9	85544615	85544832	DNA/TcMar-Tigger	1282	+	108	85544723	85840
chr9	85458883	85658883	harbor2	chr9	85553280	85553594	DNA/TcMar-Tigger	1676	+	157	85553437	94554
chr9	116733952	116933952	harbor2	chr9	116791389	116791815	DNA/TcMar-Tigger	858	+	213	116791602	57650
chr9	28376405	28576405	harbor2	chr9	28377157	28377592	DNA/TcMar-Tigger	2467	+	218	28377375	970
chr9	28376405	28576405	harbor2	chr9	28412808	28413262	DNA/TcMar-Tigger	2427	+	227	28413035	36630
chr9	84298587	84498587	harbor2	chr9	84389505	84389821	DNA/TcMar-Tigger	1397	+	158	84389663	91076
chr9	99904739	100104739	harbor2	chr9	99946113	99946363	DNA/TcMar-Tigger	1358	+	125	99946238	41499
chr9	106073443	106273443	harbor2	chr9	106132894	106133204	DNA/TcMar-Tigger	1788	+	155	106133049	59606
chr9	106073443	106273443	harbor2	chr9	106138085	106138510	DNA/TcMar-Tigger	2065	+	212	106138297	64854
chr9	137387438	137587438	harbor2	chr9	137442049	137442441	DNA/TcMar-Tigger	1606	+	196	137442245	54807
chr9	86206953	86406953	harbor2	chr9	86267856	86268687	DNA/TcMar-Tigger	4609	+	416	86268272	61319
chr9	86206953	86406953	harbor2	chr9	86271116	86271419	DNA/TcMar-Tigger	1218	+	152	86271268	64315
chr9	132809308	133009308	harbor2	chr9	132819104	132819435	DNA/TcMar-Tigger	2200	+	166	132819270	9962
chr9	120695551	120895551	harbor2	chr9	120707234	120707571	DNA/TcMar-Tigger	754	+	168	120707402	11851
chr9	77869414	78069414	harbor2	chr9	77906688	77906809	DNA/TcMar-Tigger	475	+	60	77906748	37334
chr9	77869414	78069414	harbor2	chr9	77944911	77945186	DNA/TcMar-Tigger	951	+	138	77945049	75635
chr9	103387173	103587173	harbor2	chr9	103476731	103477077	DNA/TcMar-Tigger	1630	+	173	103476904	89731
chr9	96116739	96316739	harbor2	chr9	96142560	96142815	DNA/TcMar-Tigger	1363	+	128	96142688	25949
chr9	96116739	96316739	harbor2	chr9	96186113	96186402	DNA/TcMar-Tigger	1284	+	144	96186257	69518
chr9	62867693	63067693	harbor2	chr9	62896328	62896857	DNA/TcMar-Tigger	2869	+	264	62896592	28899
chr9	118902212	119102212	harbor2	chr9	118981026	118981333	DNA/TcMar-Tigger	1253	+	154	118981180	78968
chr9	118902212	119102212	harbor2	chr9	118947517	118948099	DNA/TcMar-Tigger	3160	+	291	118947808	45596
chr9	116971445	117171445	harbor2	chr9	116990674	116990823	DNA/TcMar-Tigger	452	+	74	116990748	19303
chr9	97298511	97498511	harbor2	chr9	97320866	97321281	DNA/TcMar-Tigger	2457	+	208	97321074	22563
chr9	80142132	80342132	harbor2	chr9	80152976	80153405	DNA/TcMar-Tigger	1031	+	214	80153190	11058
chr9	116899007	117099007	harbor2	chr9	116901472	116901753	DNA/TcMar-Tigger	3554	+	140	116901612	2605
chr9	116899007	117099007	harbor2	chr9	116902053	116902449	DNA/TcMar-Tigger	3554	+	198	116902251	3244
chr9	116899007	117099007	harbor2	chr9	116902450	116902702	DNA/TcMar-Tigger	1423	+	126	116902576	3569
chr9	116899007	117099007	harbor2	chr9	116939813	116941158	DNA/TcMar-Tigger	5852	+	672	116940485	41478
chr9	116899007	117099007	harbor2	chr9	116990674	116990823	DNA/TcMar-Tigger	452	+	74	116990748	91741
chr9	82638776	82838776	harbor2	chr9	82673006	82673761	DNA/TcMar-Tigger	3822	+	378	82673384	34608
chr9	64697224	64897224	harbor2	chr9	64732718	64733033	DNA/TcMar-Tigger	1394	+	158	64732876	35652
chr9	28172524	28372524	harbor2	chr9	28219877	28220246	DNA/TcMar-Tigger	1462	+	184	28220061	47537
chr9	106818348	107018348	harbor2	chr9	106850137	106850583	DNA/TcMar-Tigger	2211	+	223	106850360	32012
chr9	120473271	120673271	harbor2	chr9	120505057	120507296	DNA/TcMar-Tigger	14910	+	1120	120506177	32906
chr9	120814186	121014186	harbor2	chr9	120887677	120887764	DNA/TcMar-Tigger	514	+	44	120887721	73535
chr9	120814186	121014186	harbor2	chr9	120887763	120887848	DNA/TcMar-Tigger	400	+	42	120887805	73619
chr9	132351991	132551991	harbor2	chr9	132358154	132358266	DNA/TcMar-Tigger	2449	+	56	132358210	6219
chr9	132351991	132551991	harbor2	chr9	132358563	132358950	DNA/TcMar-Tigger	2449	+	194	132358757	6766
chr9	132351991	132551991	harbor2	chr9	132451409	132451633	DNA/TcMar-Tigger	598	+	112	132451521	99530
chr9	131670337	131870337	harbor2	chr9	131685839	131686124	DNA/TcMar-Tigger	673	+	142	131685981	15644
chr9	131670337	131870337	harbor2	chr9	131686331	131686385	DNA/TcMar-Tigger	673	+	27	131686358	16021
chr9	131670337	131870337	harbor2	chr9	131721651	131721972	DNA/TcMar-Tigger	1916	+	160	131721811	51474
chr9	131670337	131870337	harbor2	chr9	131723995	131724205	DNA/TcMar-Tigger	598	+	105	131724100	53763
chr9	93348438	93548438	harbor2	chr9	93393934	93394248	DNA/TcMar-Tigger	1839	+	157	93394091	45653
chr9	93348438	93548438	harbor2	chr9	93401222	93401873	DNA/TcMar-Tigger	14361	+	326	93401548	53110
chr9	93348438	93548438	harbor2	chr9	93402166	93403903	DNA/TcMar-Tigger	14361	+	868	93403034	54596
chr9	93348438	93548438	harbor2	chr9	93442558	93442998	DNA/TcMar-Tigger	2404	+	220	93442778	94340
chr9	93348438	93548438	harbor2	chr9	93443001	93443522	DNA/TcMar-Tigger	2346	+	260	93443261	94823
chr9	98115336	98315336	harbor2	chr9	98183546	98183677	DNA/TcMar-Tigger	1259	+	66	98183612	68276
chr9	98115336	98315336	harbor2	chr9	98183966	98184167	DNA/TcMar-Tigger	1259	+	100	98184066	68730
chr9	66843474	67043474	harbor2	chr9	66908882	66909179	DNA/TcMar-Tigger	1647	+	148	66909030	65556
chr9	79309932	79509932	harbor2	chr9	79358066	79358267	DNA/TcMar-Tigger	949	+	100	79358166	48234
chr9	79309932	79509932	harbor2	chr9	79368327	79368673	DNA/TcMar-Tigger	1692	+	173	79368500	58568
chr9	79309932	79509932	harbor2	chr9	79369179	79369532	DNA/TcMar-Tigger	2230	+	176	79369355	59423
chr9	79309932	79509932	harbor2	chr9	79375696	79376010	DNA/TcMar-Tigger	1188	+	157	79375853	65921
chr9	72680664	72880664	harbor2	chr9	72697077	72697228	DNA/TcMar-Tigger	428	+	76	72697153	16489
chr9	119425434	119625434	harbor2	chr9	119467208	119468389	DNA/TcMar-Tigger	6317	+	590	119467798	42364
chr9	105087336	105287336	harbor2	chr9	105143970	105144319	DNA/TcMar-Tigger	2061	+	174	105144144	56808
chr9	105087336	105287336	harbor2	chr9	105164091	105164390	DNA/TcMar-Tigger	1238	+	150	105164241	76905
chr9	78695848	78895848	harbor2	chr9	78773415	78773879	DNA/TcMar-Tigger	1276	+	232	78773647	77799
chr9	74197115	74397115	harbor2	chr9	74287550	74288118	DNA/TcMar-Tigger	1442	+	284	74287834	90719
chr9	91505643	91705643	harbor2	chr9	91551780	91552097	DNA/TcMar-Tigger	1431	+	158	91551938	46295
chr9	91505643	91705643	harbor2	chr9	91556982	91557253	DNA/TcMar-Tigger	665	+	136	91557118	51475
chr9	91505643	91705643	harbor2	chr9	91592825	91593098	DNA/TcMar-Tigger	1684	+	136	91592961	87318
chr9	91505643	91705643	harbor2	chr9	91593387	91593435	DNA/TcMar-Tigger	1684	+	24	91593411	87768
chr9	93652092	93852092	harbor2	chr9	93706914	93707269	DNA/TcMar-Tigger	1216	+	178	93707092	55000
chr9	88186376	88386376	harbor2	chr9	88253516	88253599	DNA/TcMar-Tigger	2103	+	42	88253558	67182
chr9	88186376	88386376	harbor2	chr9	88254194	88254409	DNA/TcMar-Tigger	2103	+	108	88254302	67926
chr9	88186376	88386376	harbor2	chr9	88254705	88254787	DNA/TcMar-Tigger	2103	+	41	88254746	68370
chr9	84683411	84883411	harbor2	chr9	84762283	84762518	DNA/TcMar-Tigger	489	+	118	84762401	78990
chr9	82962441	83162441	harbor2	chr9	83021563	83021868	DNA/TcMar-Tigger	1118	+	152	83021715	59274
chr9	82962441	83162441	harbor2	chr9	83046289	83046466	DNA/TcMar-Tigger	523	+	88	83046377	83936
chr9	79354958	79554958	harbor2	chr9	79358066	79358267	DNA/TcMar-Tigger	949	+	100	79358166	3208
chr9	79354958	79554958	harbor2	chr9	79368327	79368673	DNA/TcMar-Tigger	1692	+	173	79368500	13542
chr9	79354958	79554958	harbor2	chr9	79369179	79369532	DNA/TcMar-Tigger	2230	+	176	79369355	14397
chr9	79354958	79554958	harbor2	chr9	79375696	79376010	DNA/TcMar-Tigger	1188	+	157	79375853	20895
chr9	105556173	105756173	harbor2	chr9	105571806	105572023	DNA/TcMar-Tigger	1269	+	108	105571914	15741
chr9	130920616	131120616	harbor2	chr9	130964164	130964304	DNA/TcMar-Tigger	882	+	70	130964234	43618
chr9	130920616	131120616	harbor2	chr9	130964628	130964926	DNA/TcMar-Tigger	12487	+	149	130964777	44161
chr9	130920616	131120616	harbor2	chr9	130965225	130965964	DNA/TcMar-Tigger	12487	+	370	130965595	44979
chr9	130920616	131120616	harbor2	chr9	130966282	130966769	DNA/TcMar-Tigger	12487	+	244	130966526	45910
chr9	130920616	131120616	harbor2	chr9	130967079	130967124	DNA/TcMar-Tigger	12487	+	22	130967101	46485
chr9	130920616	131120616	harbor2	chr9	130967427	130968054	DNA/TcMar-Tigger	12487	+	314	130967741	47125
chr9	130920616	131120616	harbor2	chr9	130968351	130968468	DNA/TcMar-Tigger	12487	+	58	130968409	47793
chr9	130920616	131120616	harbor2	chr9	131010989	131011289	DNA/TcMar-Tigger	870	+	150	131011139	90523
chr9	132563497	132763497	harbor2	chr9	132605292	132605525	DNA/TcMar-Tigger	809	+	116	132605408	41911
chr9	126922145	127122145	harbor2	chr9	126947314	126947546	DNA/TcMar-Tigger	1583	+	116	126947430	25285
chr9	75901308	76101308	harbor2	chr9	75951775	75951882	DNA/TcMar-Tigger	555	+	54	75951829	50521
chr9	134936939	135136939	harbor2	chr9	135003244	135003569	DNA/TcMar-Tigger	1794	+	162	135003406	66467
chr9	134936939	135136939	harbor2	chr9	135006129	135006465	DNA/TcMar-Tigger	1862	+	168	135006297	69358
chr9	73837527	74037527	harbor2	chr9	73850830	73851210	DNA/TcMar-Tigger	1695	+	190	73851020	13493
chr9	73837527	74037527	harbor2	chr9	73852636	73853284	DNA/TcMar-Tigger	2375	+	324	73852960	15433
chr9	96952606	97152606	harbor2	chr9	96979841	96979909	DNA/TcMar-Tigger	403	+	34	96979875	27269
chr9	96952606	97152606	harbor2	chr9	97027879	97028131	DNA/TcMar-Tigger	1610	+	126	97028005	75399
chr9	96952606	97152606	harbor2	chr9	97028906	97029114	DNA/TcMar-Tigger	2178	+	104	97029010	76404
chr9	96952606	97152606	harbor2	chr9	97029414	97029638	DNA/TcMar-Tigger	2178	+	112	97029526	76920
chr9	96952606	97152606	harbor2	chr9	97029771	97030096	DNA/TcMar-Tigger	1957	+	162	97029933	77327
chr9	93309160	93509160	harbor2	chr9	93393934	93394248	DNA/TcMar-Tigger	1839	+	157	93394091	84931
chr9	93309160	93509160	harbor2	chr9	93401222	93401873	DNA/TcMar-Tigger	14361	+	326	93401548	92388
chr9	93309160	93509160	harbor2	chr9	93402166	93403903	DNA/TcMar-Tigger	14361	+	868	93403034	93874
chr9	129053454	129253454	harbor2	chr9	129057908	129058114	DNA/TcMar-Tigger	782	+	103	129058011	4557
chr9	129053454	129253454	harbor2	chr9	129058421	129058450	DNA/TcMar-Tigger	782	+	14	129058435	4981
chr9	127788209	127988209	harbor2	chr9	127820980	127821149	DNA/TcMar-Tigger	620	+	84	127821064	32855
chr9	135606015	135806015	harbor2	chr9	135645318	135645623	DNA/TcMar-Tigger	1043	+	152	135645470	39455
chr9	135606015	135806015	harbor2	chr9	135694739	135694923	DNA/TcMar-Tigger	448	+	92	135694831	88816
chr9	110306872	110506872	harbor2	chr9	110344989	110345136	DNA/TcMar-Tigger	650	+	74	110345063	38191
chr9	110306872	110506872	harbor2	chr9	110345137	110345368	DNA/TcMar-Tigger	5254	+	116	110345253	38381
chr9	110306872	110506872	harbor2	chr9	110345679	110345799	DNA/TcMar-Tigger	5254	+	60	110345739	38867
chr9	110306872	110506872	harbor2	chr9	110345841	110346423	DNA/TcMar-Tigger	5254	+	291	110346132	39260
chr9	90768921	90968921	harbor2	chr9	90819245	90819370	DNA/TcMar-Tigger	2440	+	62	90819307	50386
chr9	90768921	90968921	harbor2	chr9	90821647	90822146	DNA/TcMar-Tigger	2440	+	250	90821897	52976
chr9	90768921	90968921	harbor2	chr9	90831591	90832231	DNA/TcMar-Tigger	3720	+	320	90831911	62990
chr9	90768921	90968921	harbor2	chr9	90835856	90836006	DNA/TcMar-Tigger	5864	+	75	90835931	67010
chr9	90768921	90968921	harbor2	chr9	90836315	90837197	DNA/TcMar-Tigger	5864	+	441	90836756	67835
chr9	108080712	108280712	harbor2	chr9	108114473	108114854	DNA/TcMar-Tigger	1986	+	190	108114663	33951
chr9	108080712	108280712	harbor2	chr9	108170435	108170519	DNA/TcMar-Tigger	532	+	42	108170477	89765
chr9	108080712	108280712	harbor2	chr9	108170683	108170925	DNA/TcMar-Tigger	1598	+	121	108170804	90092
chr9	108080712	108280712	harbor2	chr9	108175026	108175340	DNA/TcMar-Tigger	940	+	157	108175183	94471
chr10	127750951	127950951	harbor2	chr10	127758098	127758554	DNA/TcMar-Tigger	2305	+	228	127758326	7375
chr10	93820572	94020572	harbor2	chr10	93856666	93857129	DNA/TcMar-Tigger	3762	+	232	93856898	36326
chr10	93820572	94020572	harbor2	chr10	93857774	93858064	DNA/TcMar-Tigger	3762	+	145	93857919	37347
chr10	93820572	94020572	harbor2	chr10	93913836	93914057	DNA/TcMar-Tigger	500	+	110	93913946	93374
chr10	126173816	126373816	harbor2	chr10	126260887	126261222	DNA/TcMar-Tigger	1520	+	168	126261055	87239
chr10	74107930	74307930	harbor2	chr10	74127041	74127216	DNA/TcMar-Tigger	1003	+	88	74127129	19199
chr10	74107930	74307930	harbor2	chr10	74158384	74158692	DNA/TcMar-Tigger	930	+	154	74158538	50608
chr10	74107930	74307930	harbor2	chr10	74201382	74201676	DNA/TcMar-Tigger	1141	+	147	74201529	93599
chr10	74107930	74307930	harbor2	chr10	74201732	74201813	DNA/TcMar-Tigger	1141	+	40	74201772	93842
chr10	118957634	119157634	harbor2	chr10	119039328	119039388	DNA/TcMar-Tigger	1895	+	30	119039358	81724
chr10	118957634	119157634	harbor2	chr10	119039686	119039997	DNA/TcMar-Tigger	1895	+	156	119039842	82208
chr10	118957634	119157634	harbor2	chr10	119057276	119057492	DNA/TcMar-Tigger	1459	+	108	119057384	99750
chr10	115614119	115814119	harbor2	chr10	115636949	115637596	DNA/TcMar-Tigger	5251	+	324	115637273	23154
chr10	115614119	115814119	harbor2	chr10	115656248	115657125	DNA/TcMar-Tigger	4432	+	438	115656686	42567
chr10	115614119	115814119	harbor2	chr10	115637922	115638402	DNA/TcMar-Tigger	5251	+	240	115638162	24043
chr10	75529164	75729164	harbor2	chr10	75549354	75549432	DNA/TcMar-Tigger	444	+	39	75549393	20229
chr10	129943807	130143807	harbor2	chr10	130008386	130008576	DNA/TcMar-Tigger	900	+	95	130008481	64674
chr10	120238616	120438616	harbor2	chr10	120306672	120307029	DNA/TcMar-Tigger	1931	+	178	120306850	68234
chr10	120238616	120438616	harbor2	chr10	120317618	120317820	DNA/TcMar-Tigger	535	+	101	120317719	79103
chr10	120238616	120438616	harbor2	chr10	120331232	120333508	DNA/TcMar-Tigger	15993	+	1138	120332370	93754
chr10	120238616	120438616	harbor2	chr10	120333815	120333935	DNA/TcMar-Tigger	10824	+	60	120333875	95259
chr10	127606390	127806390	harbor2	chr10	127621911	127622112	DNA/TcMar-Tigger	473	+	100	127622011	15621
chr10	127606390	127806390	harbor2	chr10	127644841	127645166	DNA/TcMar-Tigger	1164	+	162	127645003	38613
chr10	127606390	127806390	harbor2	chr10	127669658	127670629	DNA/TcMar-Tigger	5114	+	486	127670144	63754
chr10	127606390	127806390	harbor2	chr10	127670634	127670711	DNA/TcMar-Tigger	444	+	38	127670672	64282
chr10	123737951	123937951	harbor2	chr10	123808899	123809487	DNA/TcMar-Tigger	3403	+	294	123809193	71242
chr10	123737951	123937951	harbor2	chr10	123825740	123825878	DNA/TcMar-Tigger	444	+	69	123825809	87858
chr10	124948233	125148233	harbor2	chr10	124948025	124948447	DNA/TcMar-Tigger	2445	+	211	124948236	3
chr10	82822001	83022001	harbor2	chr10	82836585	82836694	DNA/TcMar-Tigger	612	+	54	82836639	14638
chr10	82822001	83022001	harbor2	chr10	82902741	82902837	DNA/TcMar-Tigger	599	+	48	82902789	80788
chr10	82822001	83022001	harbor2	chr10	82909334	82910958	DNA/TcMar-Tigger	9974	+	812	82910146	88145
chr10	82822001	83022001	harbor2	chr10	82902844	82903877	DNA/TcMar-Tigger	6035	+	516	82903360	81359
chr10	123560554	123760554	harbor2	chr10	123564400	123564563	DNA/TcMar-Tigger	949	+	82	123564482	3928
chr10	123560554	123760554	harbor2	chr10	123564872	123564888	DNA/TcMar-Tigger	949	+	8	123564880	4326
chr10	123560554	123760554	harbor2	chr10	123565408	123565449	DNA/TcMar-Tigger	949	+	20	123565428	4874
chr10	123560554	123760554	harbor2	chr10	123565449	123565601	DNA/TcMar-Tigger	918	+	76	123565525	4971
chr10	123560554	123760554	harbor2	chr10	123591150	123591382	DNA/TcMar-Tigger	1247	+	116	123591266	30712
chr10	123560554	123760554	harbor2	chr10	123607695	123608125	DNA/TcMar-Tigger	1396	+	215	123607910	47356
chr10	126338370	126538370	harbor2	chr10	126417646	126417907	DNA/TcMar-Tigger	566	+	130	126417776	79406
chr10	126338370	126538370	harbor2	chr10	126433778	126434016	DNA/TcMar-Tigger	546	+	119	126433897	95527
chr10	106835864	107035864	harbor2	chr10	106841154	106841187	DNA/TcMar-Tigger	13879	+	16	106841170	5306
chr10	106835864	107035864	harbor2	chr10	106841477	106841664	DNA/TcMar-Tigger	13879	+	94	106841571	5707
chr10	106835864	107035864	harbor2	chr10	106838673	106840863	DNA/TcMar-Tigger	13879	+	1095	106839768	3904
chr10	106323121	106523121	harbor2	chr10	106389045	106389378	DNA/TcMar-Tigger	1761	+	166	106389211	66090
chr10	100098948	100298948	harbor2	chr10	100138160	100138452	DNA/TcMar-Tigger	1900	+	146	100138306	39358
chr10	100098948	100298948	harbor2	chr10	100138876	100138985	DNA/TcMar-Tigger	552	+	54	100138930	39982
chr10	100098948	100298948	harbor2	chr10	100164663	100165048	DNA/TcMar-Tigger	1742	+	192	100164855	65907
chr10	61248730	61448730	harbor2	chr10	61335906	61336440	DNA/TcMar-Tigger	2986	+	267	61336173	87443
chr10	61248730	61448730	harbor2	chr10	61336434	61336565	DNA/TcMar-Tigger	646	+	66	61336500	87770
chr10	125975318	126175318	harbor2	chr10	126044299	126044727	DNA/TcMar-Tigger	1099	+	214	126044513	69195
chr10	124882393	125082393	harbor2	chr10	124948025	124948447	DNA/TcMar-Tigger	2445	+	211	124948236	65843
chr10	115998279	116198279	harbor2	chr10	116008385	116009839	DNA/TcMar-Tigger	14068	+	727	116009112	10833
chr10	115998279	116198279	harbor2	chr10	116010159	116010755	DNA/TcMar-Tigger	14068	+	298	116010457	12178
chr10	115998279	116198279	harbor2	chr10	116011055	116011222	DNA/TcMar-Tigger	14068	+	84	116011139	12860
chr10	115998279	116198279	harbor2	chr10	116012706	116013073	DNA/TcMar-Tigger	2394	+	184	116012890	14611
chr10	115998279	116198279	harbor2	chr10	116021951	116022171	DNA/TcMar-Tigger	1114	+	110	116022061	23782
chr10	10322756	10522756	harbor2	chr10	10363903	10364457	DNA/TcMar-Tigger	2611	+	277	10364180	41424
chr10	10322756	10522756	harbor2	chr10	10414296	10414913	DNA/TcMar-Tigger	2741	+	308	10414604	91848
chr10	125342299	125542299	harbor2	chr10	125349777	125350282	DNA/TcMar-Tigger	1075	+	252	125350029	7730
chr10	125342299	125542299	harbor2	chr10	125433549	125433946	DNA/TcMar-Tigger	2093	+	198	125433747	91448
chr10	84620101	84820101	harbor2	chr10	84631850	84632907	DNA/TcMar-Tigger	6120	+	528	84632378	12277
chr10	84620101	84820101	harbor2	chr10	84633478	84633688	DNA/TcMar-Tigger	6120	+	105	84633583	13482
chr10	133601586	133801586	harbor2	chr10	133623537	133623773	DNA/TcMar-Tigger	439	+	118	133623655	22069
chr10	38911967	39111967	harbor2	chr10	38946800	38947174	DNA/TcMar-Tigger	1688	+	187	38946987	35020
chr10	38911967	39111967	harbor2	chr10	38957590	38957929	DNA/TcMar-Tigger	1563	+	170	38957760	45793
chr10	123228199	123428199	harbor2	chr10	123271974	123272050	DNA/TcMar-Tigger	460	+	38	123272012	43813
chr10	123228199	123428199	harbor2	chr10	123326219	123326846	DNA/TcMar-Tigger	3506	+	314	123326533	98334
chr10	115793897	115993897	harbor2	chr10	115838157	115838577	DNA/TcMar-Tigger	1119	+	210	115838367	44470
chr10	115793897	115993897	harbor2	chr10	115856901	115857349	DNA/TcMar-Tigger	2675	+	224	115857125	63228
chr10	87748728	87948728	harbor2	chr10	87827362	87827975	DNA/TcMar-Tigger	12927	+	306	87827668	78940
chr10	87748728	87948728	harbor2	chr10	87828263	87829226	DNA/TcMar-Tigger	12927	+	482	87828745	80017
chr10	87748728	87948728	harbor2	chr10	87829554	87830027	DNA/TcMar-Tigger	12927	+	236	87829790	81062
chr10	113681281	113881281	harbor2	chr10	113701262	113701299	DNA/TcMar-Tigger	11680	+	18	113701280	19999
chr10	113681281	113881281	harbor2	chr10	113701615	113703583	DNA/TcMar-Tigger	11680	+	984	113702599	21318
chr10	113681281	113881281	harbor2	chr10	113703820	113704280	DNA/TcMar-Tigger	2656	+	230	113704050	22769
chr10	125355264	125555264	harbor2	chr10	125433549	125433946	DNA/TcMar-Tigger	2093	+	198	125433747	78483
chr10	121683166	121883166	harbor2	chr10	121758596	121759441	DNA/TcMar-Tigger	10689	+	422	121759018	75852
chr10	121683166	121883166	harbor2	chr10	121759743	121760882	DNA/TcMar-Tigger	10689	+	570	121760313	77147
chr10	121683166	121883166	harbor2	chr10	121761310	121761620	DNA/TcMar-Tigger	1674	+	155	121761465	78299
chr10	121683166	121883166	harbor2	chr10	121762419	121763005	DNA/TcMar-Tigger	3031	+	293	121762712	79546
chr10	111547818	111747818	harbor2	chr10	111574026	111574217	DNA/TcMar-Tigger	743	+	96	111574122	26304
chr10	111547818	111747818	harbor2	chr10	111574938	111575390	DNA/TcMar-Tigger	2482	+	226	111575164	27346
chr10	117001516	117201516	harbor2	chr10	117074674	117074904	DNA/TcMar-Tigger	554	+	115	117074789	73273
chr10	117001516	117201516	harbor2	chr10	117076595	117077084	DNA/TcMar-Tigger	969	+	244	117076839	75323
chr10	117001516	117201516	harbor2	chr10	117088057	117088314	DNA/TcMar-Tigger	1062	+	128	117088185	86669
chr10	126236799	126436799	harbor2	chr10	126260887	126261222	DNA/TcMar-Tigger	1520	+	168	126261055	24256
chr10	42677636	42877636	harbor2	chr10	42743721	42744291	DNA/TcMar-Tigger	2825	+	285	42744006	66370
chr10	42677636	42877636	harbor2	chr10	42745901	42746016	DNA/TcMar-Tigger	688	+	58	42745959	68323
chr10	133561149	133761149	harbor2	chr10	133623537	133623773	DNA/TcMar-Tigger	439	+	118	133623655	62506
chr10	125566545	125766545	harbor2	chr10	125642376	125642562	DNA/TcMar-Tigger	532	+	93	125642469	75924
chr10	90827380	91027380	harbor2	chr10	90859487	90859722	DNA/TcMar-Tigger	1299	+	118	90859605	32225
chr10	90827380	91027380	harbor2	chr10	90859723	90859792	DNA/TcMar-Tigger	492	+	34	90859757	32377
chr10	90827380	91027380	harbor2	chr10	90902770	90903202	DNA/TcMar-Tigger	766	+	216	90902986	75606
chr10	90827380	91027380	harbor2	chr10	90908359	90910691	DNA/TcMar-Tigger	13856	+	1166	90909525	82145
chr10	93011111	93211111	harbor2	chr10	93012007	93012454	DNA/TcMar-Tigger	637	+	224	93012231	1120
chr10	93011111	93211111	harbor2	chr10	93026465	93028025	DNA/TcMar-Tigger	14165	+	780	93027245	16134
chr10	93011111	93211111	harbor2	chr10	93028858	93029371	DNA/TcMar-Tigger	14165	+	256	93029114	18003
chr10	93011111	93211111	harbor2	chr10	93028312	93028553	DNA/TcMar-Tigger	14165	+	120	93028432	17321
chr10	99598013	99798013	harbor2	chr10	99631780	99631878	DNA/TcMar-Tigger	1679	+	49	99631829	33816
chr10	99598013	99798013	harbor2	chr10	99632196	99632437	DNA/TcMar-Tigger	1679	+	120	99632316	34303
chr10	99598013	99798013	harbor2	chr10	99667505	99667871	DNA/TcMar-Tigger	940	+	183	99667688	69675
chr10	33539298	33739298	harbor2	chr10	33635396	33635737	DNA/TcMar-Tigger	1958	+	170	33635566	96268
chr10	118251980	118451980	harbor2	chr10	118282393	118282594	DNA/TcMar-Tigger	878	+	100	118282493	30513
chr10	118251980	118451980	harbor2	chr10	118287655	118287778	DNA/TcMar-Tigger	499	+	62	118287717	35737
chr10	118251980	118451980	harbor2	chr10	118288069	118288154	DNA/TcMar-Tigger	499	+	42	118288111	36131
chr10	118251980	118451980	harbor2	chr10	118343147	118343381	DNA/TcMar-Tigger	977	+	117	118343264	91284
chr10	118251980	118451980	harbor2	chr10	118343381	118343473	DNA/TcMar-Tigger	467	+	46	118343427	91447
chr10	132718034	132918034	harbor2	chr10	132756429	132757609	DNA/TcMar-Tigger	3995	+	590	132757019	38985
chr10	133416760	133616760	harbor2	chr10	133506808	133507136	DNA/TcMar-Tigger	1168	+	164	133506972	90212
chr10	116754167	116954167	harbor2	chr10	116830913	116831089	DNA/TcMar-Tigger	878	+	88	116831001	76834
chr10	92302907	92502907	harbor2	chr10	92319047	92319297	DNA/TcMar-Tigger	5400	+	125	92319172	16265
chr10	92302907	92502907	harbor2	chr10	92319594	92319635	DNA/TcMar-Tigger	5400	+	20	92319614	16707
chr10	92302907	92502907	harbor2	chr10	92319952	92319966	DNA/TcMar-Tigger	5400	+	7	92319959	17052
chr10	92302907	92502907	harbor2	chr10	92320053	92320071	DNA/TcMar-Tigger	5400	+	9	92320062	17155
chr10	92302907	92502907	harbor2	chr10	92320357	92321234	DNA/TcMar-Tigger	5400	+	438	92320795	17888
chr10	92302907	92502907	harbor2	chr10	92397282	92397298	DNA/TcMar-Tigger	1611	+	8	92397290	94383
chr10	92302907	92502907	harbor2	chr10	92397604	92397858	DNA/TcMar-Tigger	1611	+	127	92397731	94824
chr10	114601271	114801271	harbor2	chr10	114622653	114622845	DNA/TcMar-Tigger	1138	+	96	114622749	21478
chr10	125265626	125465626	harbor2	chr10	125349777	125350282	DNA/TcMar-Tigger	1075	+	252	125350029	84403
chr10	37479582	37679582	harbor2	chr10	37569663	37569986	DNA/TcMar-Tigger	1139	+	162	37569825	90243
chr10	38851420	39051420	harbor2	chr10	38946800	38947174	DNA/TcMar-Tigger	1688	+	187	38946987	95567
chr10	126496146	126696146	harbor2	chr10	126515096	126515680	DNA/TcMar-Tigger	3380	+	292	126515388	19242
chr10	126496146	126696146	harbor2	chr10	126553424	126553565	DNA/TcMar-Tigger	870	+	70	126553494	57348
chr10	126496146	126696146	harbor2	chr10	126553563	126553818	DNA/TcMar-Tigger	1565	+	128	126553691	57545
chr10	25617061	25817061	harbor2	chr10	25711883	25712248	DNA/TcMar-Tigger	1823	+	182	25712065	95004
chr10	25617061	25817061	harbor2	chr10	25713776	25714192	DNA/TcMar-Tigger	1378	+	208	25713984	96923
chr10	117002919	117202919	harbor2	chr10	117074674	117074904	DNA/TcMar-Tigger	554	+	115	117074789	71870
chr10	117002919	117202919	harbor2	chr10	117076595	117077084	DNA/TcMar-Tigger	969	+	244	117076839	73920
chr10	117002919	117202919	harbor2	chr10	117088057	117088314	DNA/TcMar-Tigger	1062	+	128	117088185	85266
chr10	131290672	131490672	harbor2	chr10	131352038	131352371	DNA/TcMar-Tigger	1530	+	166	131352204	61532
chr10	131267561	131467561	harbor2	chr10	131352038	131352371	DNA/TcMar-Tigger	1530	+	166	131352204	84643
chr10	104749229	104949229	harbor2	chr10	104760367	104761091	DNA/TcMar-Tigger	1095	+	362	104760729	11500
chr10	74840912	75040912	harbor2	chr10	74865900	74866127	DNA/TcMar-Tigger	1264	+	114	74866014	25102
chr10	93736984	93936984	harbor2	chr10	93742884	93743147	DNA/TcMar-Tigger	1645	+	132	93743016	6032
chr10	28366450	28566450	harbor2	chr10	28415003	28415513	DNA/TcMar-Tigger	3020	+	255	28415258	48808
chr10	28366450	28566450	harbor2	chr10	28417666	28418120	DNA/TcMar-Tigger	3153	+	227	28417893	51443
chr10	28366450	28566450	harbor2	chr10	28427856	28428361	DNA/TcMar-Tigger	2991	+	252	28428108	61658
chr10	28366450	28566450	harbor2	chr10	28428882	28429304	DNA/TcMar-Tigger	2411	+	211	28429093	62643
chr10	28366450	28566450	harbor2	chr10	28441689	28442052	DNA/TcMar-Tigger	2133	+	182	28441871	75421
chr10	28366450	28566450	harbor2	chr10	28450894	28451230	DNA/TcMar-Tigger	2110	+	168	28451062	84612
chr10	122797993	122997993	harbor2	chr10	122866422	122867240	DNA/TcMar-Tigger	4984	+	409	122866831	68838
chr10	122797993	122997993	harbor2	chr10	122872961	122873651	DNA/TcMar-Tigger	3753	+	345	122873306	75313
chr10	122797993	122997993	harbor2	chr10	122892302	122892475	DNA/TcMar-Tigger	893	+	86	122892388	94395
chr10	122797993	122997993	harbor2	chr10	122892476	122892576	DNA/TcMar-Tigger	484	+	50	122892526	94533
chr10	91935025	92135025	harbor2	chr10	91944803	91945136	DNA/TcMar-Tigger	1711	+	166	91944969	9944
chr10	91935025	92135025	harbor2	chr10	91962108	91962430	DNA/TcMar-Tigger	1770	+	161	91962269	27244
chr10	91935025	92135025	harbor2	chr10	91972707	91973022	DNA/TcMar-Tigger	857	+	158	91972865	37840
chr10	32699788	32899788	harbor2	chr10	32740371	32740617	DNA/TcMar-Tigger	1288	+	123	32740494	40706
chr10	105237426	105437426	harbor2	chr10	105244297	105244543	DNA/TcMar-Tigger	496	+	123	105244420	6994
chr10	108276561	108476561	harbor2	chr10	108375692	108376162	DNA/TcMar-Tigger	2532	+	235	108375927	99366
chr10	108276561	108476561	harbor2	chr10	108376204	108376502	DNA/TcMar-Tigger	1549	+	149	108376353	99792
chr10	132523710	132723710	harbor2	chr10	132585279	132585591	DNA/TcMar-Tigger	1207	+	156	132585435	61725
chr10	124709102	124909102	harbor2	chr10	124753669	124753782	DNA/TcMar-Tigger	700	+	56	124753725	44623
chr10	120208288	120408288	harbor2	chr10	120306672	120307029	DNA/TcMar-Tigger	1931	+	178	120306850	98562
chr10	116804822	117004822	harbor2	chr10	116830913	116831089	DNA/TcMar-Tigger	878	+	88	116831001	26179
chr10	107208296	107408296	harbor2	chr10	107266877	107267208	DNA/TcMar-Tigger	1746	+	166	107267043	58747
chr10	129072960	129272960	harbor2	chr10	129085540	129085649	DNA/TcMar-Tigger	482	+	54	129085594	12634
chr10	129072960	129272960	harbor2	chr10	129085651	129086359	DNA/TcMar-Tigger	3961	+	354	129086005	13045
chr10	129072960	129272960	harbor2	chr10	129115672	129116014	DNA/TcMar-Tigger	2004	+	171	129115843	42883
chr10	127618429	127818429	harbor2	chr10	127621911	127622112	DNA/TcMar-Tigger	473	+	100	127622011	3582
chr10	127618429	127818429	harbor2	chr10	127644841	127645166	DNA/TcMar-Tigger	1164	+	162	127645003	26574
chr10	127618429	127818429	harbor2	chr10	127669658	127670629	DNA/TcMar-Tigger	5114	+	486	127670144	51715
chr10	127618429	127818429	harbor2	chr10	127670634	127670711	DNA/TcMar-Tigger	444	+	38	127670672	52243
chr10	108318135	108518135	harbor2	chr10	108375692	108376162	DNA/TcMar-Tigger	2532	+	235	108375927	57792
chr10	108318135	108518135	harbor2	chr10	108376204	108376502	DNA/TcMar-Tigger	1549	+	149	108376353	58218
chr10	75516797	75716797	harbor2	chr10	75549354	75549432	DNA/TcMar-Tigger	444	+	39	75549393	32596
chr10	108846617	109046617	harbor2	chr10	108903147	108903469	DNA/TcMar-Tigger	985	+	161	108903308	56691
chr10	108846617	109046617	harbor2	chr10	108937317	108937387	DNA/TcMar-Tigger	6090	+	35	108937352	90735
chr10	108846617	109046617	harbor2	chr10	108937705	108938815	DNA/TcMar-Tigger	6090	+	555	108938260	91643
chr10	131256720	131456720	harbor2	chr10	131352038	131352371	DNA/TcMar-Tigger	1530	+	166	131352204	95484
chr10	129727898	129927898	harbor2	chr10	129750428	129750770	DNA/TcMar-Tigger	2028	+	171	129750599	22701
chr10	127942419	128142419	harbor2	chr10	128023013	128023262	DNA/TcMar-Tigger	1393	+	124	128023137	80718
chr10	127942419	128142419	harbor2	chr10	128023426	128023676	DNA/TcMar-Tigger	1172	+	125	128023551	81132
chr10	57524343	57724343	harbor2	chr10	57596896	57597971	DNA/TcMar-Tigger	5066	+	538	57597434	73091
chr10	57524343	57724343	harbor2	chr10	57606289	57606442	DNA/TcMar-Tigger	725	+	76	57606365	82022
chr10	57524343	57724343	harbor2	chr10	57606427	57606737	DNA/TcMar-Tigger	1058	+	155	57606582	82239
chr10	57524343	57724343	harbor2	chr10	57607671	57610096	DNA/TcMar-Tigger	14752	+	1212	57608883	84540
chr10	68914592	69114592	harbor2	chr10	68918812	68919202	DNA/TcMar-Tigger	2056	+	195	68919007	4415
chr10	90288138	90488138	harbor2	chr10	90330664	90331060	DNA/TcMar-Tigger	1106	+	198	90330862	42724
chr10	90288138	90488138	harbor2	chr10	90351393	90351721	DNA/TcMar-Tigger	1726	+	164	90351557	63419
chr11	88809305	89009305	harbor2	chr11	88843050	88844357	DNA/TcMar-Tigger	11333	+	654	88843704	34399
chr11	88809305	89009305	harbor2	chr11	88844391	88845423	DNA/TcMar-Tigger	11333	+	516	88844907	35602
chr11	88809305	89009305	harbor2	chr11	88845729	88845842	DNA/TcMar-Tigger	11333	+	56	88845785	36480
chr11	114935676	115135676	harbor2	chr11	114979584	114980213	DNA/TcMar-Tigger	6579	+	314	114979898	44222
chr11	114935676	115135676	harbor2	chr11	114980519	114981109	DNA/TcMar-Tigger	6579	+	295	114980814	45138
chr11	114935676	115135676	harbor2	chr11	115009287	115009526	DNA/TcMar-Tigger	583	+	120	115009407	73731
chr11	114935676	115135676	harbor2	chr11	115011916	115012159	DNA/TcMar-Tigger	1230	+	122	115012038	76362
chr11	114935676	115135676	harbor2	chr11	115018611	115018944	DNA/TcMar-Tigger	1580	+	166	115018777	83101
chr11	134721797	134921797	harbor2	chr11	134796036	134796142	DNA/TcMar-Tigger	1463	+	53	134796089	74292
chr11	134721797	134921797	harbor2	chr11	134796460	134796702	DNA/TcMar-Tigger	1463	+	121	134796581	74784
chr11	80406593	80606593	harbor2	chr11	80419457	80420628	DNA/TcMar-Tigger	6678	+	586	80420043	13450
chr11	56767441	56967441	harbor2	chr11	56848567	56849571	DNA/TcMar-Tigger	1531	+	502	56849069	81628
chr11	113602741	113802741	harbor2	chr11	113614685	113615021	DNA/TcMar-Tigger	2014	+	168	113614853	12112
chr11	113602741	113802741	harbor2	chr11	113668771	113669012	DNA/TcMar-Tigger	1322	+	120	113668891	66150
chr11	132269289	132469289	harbor2	chr11	132365694	132366204	DNA/TcMar-Tigger	2176	+	255	132365949	96660
chr11	105509477	105709477	harbor2	chr11	105582550	105583488	DNA/TcMar-Tigger	6317	+	469	105583019	73542
chr11	105509477	105709477	harbor2	chr11	105583799	105584054	DNA/TcMar-Tigger	6317	+	128	105583927	74450
chr11	64288974	64488974	harbor2	chr11	64372547	64372634	DNA/TcMar-Tigger	420	+	44	64372591	83617
chr11	105057885	105257885	harbor2	chr11	105151984	105152452	DNA/TcMar-Tigger	2580	+	234	105152218	94333
chr11	121785436	121985436	harbor2	chr11	121813979	121814647	DNA/TcMar-Tigger	1622	+	334	121814313	28877
chr11	121785436	121985436	harbor2	chr11	121881092	121881546	DNA/TcMar-Tigger	2485	+	227	121881319	95883
chr11	87536864	87736864	harbor2	chr11	87617699	87617961	DNA/TcMar-Tigger	676	+	131	87617830	80966
chr11	104576591	104776591	harbor2	chr11	104600083	104600160	DNA/TcMar-Tigger	419	+	38	104600121	23530
chr11	104576591	104776591	harbor2	chr11	104602114	104603182	DNA/TcMar-Tigger	5354	+	534	104602648	26057
chr11	134687844	134887844	harbor2	chr11	134709621	134710789	DNA/TcMar-Tigger	6072	+	584	134710205	22361
chr11	119038352	119238352	harbor2	chr11	119091591	119091893	DNA/TcMar-Tigger	1616	+	151	119091742	53390
chr11	133320641	133520641	harbor2	chr11	133392794	133393432	DNA/TcMar-Tigger	3111	+	319	133393113	72472
chr11	130939077	131139077	harbor2	chr11	130945901	130946506	DNA/TcMar-Tigger	3227	+	302	130946203	7126
chr11	130939077	131139077	harbor2	chr11	131013088	131013482	DNA/TcMar-Tigger	1615	+	197	131013285	74208
chr11	104219399	104419399	harbor2	chr11	104300730	104301059	DNA/TcMar-Tigger	1791	+	164	104300894	81495
chr11	133691837	133891837	harbor2	chr11	133760060	133760232	DNA/TcMar-Tigger	900	+	86	133760146	68309
chr11	133691837	133891837	harbor2	chr11	133760271	133760282	DNA/TcMar-Tigger	900	+	6	133760277	68440
chr11	133691837	133891837	harbor2	chr11	133760278	133761012	DNA/TcMar-Tigger	4919	+	367	133760645	68808
chr11	133691837	133891837	harbor2	chr11	133761169	133762100	DNA/TcMar-Tigger	6000	+	466	133761635	69798
chr11	128358885	128558885	harbor2	chr11	128372864	128373163	DNA/TcMar-Tigger	752	+	150	128373014	14129
chr11	128358885	128558885	harbor2	chr11	128398029	128398322	DNA/TcMar-Tigger	1761	+	146	128398175	39290
chr11	72791212	72991212	harbor2	chr11	72859116	72859654	DNA/TcMar-Tigger	3323	+	269	72859385	68173
chr11	114097142	114297142	harbor2	chr11	114191252	114191513	DNA/TcMar-Tigger	1665	+	130	114191382	94240
chr11	95485116	95685116	harbor2	chr11	95506075	95506404	DNA/TcMar-Tigger	1975	+	164	95506239	21123
chr11	95485116	95685116	harbor2	chr11	95506396	95506545	DNA/TcMar-Tigger	860	+	74	95506470	21354
chr11	95485116	95685116	harbor2	chr11	95584337	95585114	DNA/TcMar-Tigger	6893	+	388	95584725	99609
chr11	94562424	94762424	harbor2	chr11	94630818	94631053	DNA/TcMar-Tigger	1331	+	118	94630936	68512
chr11	94562424	94762424	harbor2	chr11	94660287	94660546	DNA/TcMar-Tigger	624	+	130	94660417	97993
chr11	126756558	126956558	harbor2	chr11	126802371	126802959	DNA/TcMar-Tigger	3232	+	294	126802665	46107
chr11	126756558	126956558	harbor2	chr11	126840525	126841202	DNA/TcMar-Tigger	2612	+	338	126840863	84305
chr11	25046314	25246314	harbor2	chr11	25063055	25063359	DNA/TcMar-Tigger	1266	+	152	25063207	16893
chr11	25046314	25246314	harbor2	chr11	25080235	25080452	DNA/TcMar-Tigger	1013	+	108	25080343	34029
chr11	101525974	101725974	harbor2	chr11	101545138	101545461	DNA/TcMar-Tigger	1094	+	162	101545300	19326
chr11	103600260	103800260	harbor2	chr11	103657386	103657725	DNA/TcMar-Tigger	1843	+	170	103657556	57296
chr11	103600260	103800260	harbor2	chr11	103690604	103691227	DNA/TcMar-Tigger	2716	+	312	103690916	90656
chr11	126600636	126800636	harbor2	chr11	126660254	126660526	DNA/TcMar-Tigger	570	+	136	126660390	59754
chr11	126600636	126800636	harbor2	chr11	126690186	126690366	DNA/TcMar-Tigger	432	+	90	126690276	89640
chr11	130471575	130671575	harbor2	chr11	130489786	130490974	DNA/TcMar-Tigger	7162	+	594	130490380	18805
chr11	130471575	130671575	harbor2	chr11	130521938	130522075	DNA/TcMar-Tigger	487	+	68	130522006	50431
chr11	130489213	130689213	harbor2	chr11	130489786	130490974	DNA/TcMar-Tigger	7162	+	594	130490380	1167
chr11	130489213	130689213	harbor2	chr11	130521938	130522075	DNA/TcMar-Tigger	487	+	68	130522006	32793
chr11	116169971	116369971	harbor2	chr11	116232133	116232300	DNA/TcMar-Tigger	393	+	84	116232217	62246
chr11	111194744	111394744	harbor2	chr11	111241562	111241682	DNA/TcMar-Tigger	825	+	60	111241622	46878
chr11	111194744	111394744	harbor2	chr11	111242809	111243115	DNA/TcMar-Tigger	1855	+	153	111242962	48218
chr11	111194744	111394744	harbor2	chr11	111280357	111281068	DNA/TcMar-Tigger	4046	+	356	111280713	85969
chr11	125925704	126125704	harbor2	chr11	125987003	125987626	DNA/TcMar-Tigger	783	+	312	125987315	61611
chr11	23274216	23474216	harbor2	chr11	23304208	23304344	DNA/TcMar-Tigger	733	+	68	23304276	30060
chr11	23274216	23474216	harbor2	chr11	23297009	23298059	DNA/TcMar-Tigger	5563	+	525	23297534	23318
chr11	113508218	113708218	harbor2	chr11	113545757	113546412	DNA/TcMar-Tigger	3015	+	328	113546085	37867
chr11	113508218	113708218	harbor2	chr11	113548497	113548688	DNA/TcMar-Tigger	838	+	96	113548593	40375
chr11	113508218	113708218	harbor2	chr11	113594513	113594850	DNA/TcMar-Tigger	2136	+	168	113594681	86463
chr11	102412967	102612967	harbor2	chr11	102424009	102424169	DNA/TcMar-Tigger	612	+	80	102424089	11122
chr11	133417051	133617051	harbor2	chr11	133434460	133434788	DNA/TcMar-Tigger	1452	+	164	133434624	17573
chr11	133417051	133617051	harbor2	chr11	133434869	133435267	DNA/TcMar-Tigger	1452	+	199	133435068	18017
chr11	133417051	133617051	harbor2	chr11	133469190	133469459	DNA/TcMar-Tigger	1315	+	134	133469324	52273
chr11	133417051	133617051	harbor2	chr11	133485664	133486259	DNA/TcMar-Tigger	2695	+	298	133485962	68911
chr11	36611572	36811572	harbor2	chr11	36649881	36650097	DNA/TcMar-Tigger	1219	+	108	36649989	38417
chr11	130280572	130480572	harbor2	chr11	130308027	130308287	DNA/TcMar-Tigger	1792	+	130	130308157	27585
chr11	134616501	134816501	harbor2	chr11	134709621	134710789	DNA/TcMar-Tigger	6072	+	584	134710205	93704
chr11	76323871	76523871	harbor2	chr11	76356542	76356701	DNA/TcMar-Tigger	831	+	80	76356622	32751
chr11	76323871	76523871	harbor2	chr11	76357062	76357304	DNA/TcMar-Tigger	1434	+	121	76357183	33312
chr11	100205624	100405624	harbor2	chr11	100205692	100205892	DNA/TcMar-Tigger	1113	+	100	100205792	168
chr11	100205624	100405624	harbor2	chr11	100216610	100216892	DNA/TcMar-Tigger	453	+	141	100216751	11127
chr11	100205624	100405624	harbor2	chr11	100217441	100217906	DNA/TcMar-Tigger	1665	+	232	100217673	12049
chr11	122637951	122837951	harbor2	chr11	122677008	122677335	DNA/TcMar-Tigger	1920	+	164	122677172	39221
chr11	134931997	135131997	harbor2	chr11	134962952	134963477	DNA/TcMar-Tigger	1855	+	262	134963214	31217
chr11	125946090	126146090	harbor2	chr11	125987003	125987626	DNA/TcMar-Tigger	783	+	312	125987315	41225
chr11	115500745	115700745	harbor2	chr11	115532589	115532826	DNA/TcMar-Tigger	1139	+	118	115532707	31962
chr11	115500745	115700745	harbor2	chr11	115541798	115542144	DNA/TcMar-Tigger	2125	+	173	115541971	41226
chr11	115500745	115700745	harbor2	chr11	115581962	115582128	DNA/TcMar-Tigger	773	+	83	115582045	81300
chr11	115500745	115700745	harbor2	chr11	115595749	115595935	DNA/TcMar-Tigger	1000	+	93	115595842	95097
chr11	115500745	115700745	harbor2	chr11	115597771	115598095	DNA/TcMar-Tigger	1419	+	162	115597933	97188
chr11	82367958	82567958	harbor2	chr11	82369092	82369442	DNA/TcMar-Tigger	2158	+	175	82369267	1309
chr11	122268206	122468206	harbor2	chr11	122279719	122280095	DNA/TcMar-Tigger	1465	+	188	122279907	11701
chr11	130437790	130637790	harbor2	chr11	130467556	130467739	DNA/TcMar-Tigger	482	+	92	130467648	29858
chr11	130437790	130637790	harbor2	chr11	130489786	130490974	DNA/TcMar-Tigger	7162	+	594	130490380	52590
chr11	130437790	130637790	harbor2	chr11	130521938	130522075	DNA/TcMar-Tigger	487	+	68	130522006	84216
chr11	39943085	40143085	harbor2	chr11	39955202	39955361	DNA/TcMar-Tigger	595	+	80	39955282	12197
chr11	59501102	59701102	harbor2	chr11	59572516	59572647	DNA/TcMar-Tigger	384	+	66	59572582	71480
chr11	115379566	115579566	harbor2	chr11	115414698	115414984	DNA/TcMar-Tigger	1101	+	143	115414841	35275
chr11	129036300	129236300	harbor2	chr11	129049906	129050098	DNA/TcMar-Tigger	1016	+	96	129050002	13702
chr11	129036300	129236300	harbor2	chr11	129099203	129099528	DNA/TcMar-Tigger	1515	+	162	129099365	63065
chr11	133309979	133509979	harbor2	chr11	133392794	133393432	DNA/TcMar-Tigger	3111	+	319	133393113	83134
chr11	126733061	126933061	harbor2	chr11	126802371	126802959	DNA/TcMar-Tigger	3232	+	294	126802665	69604
chr11	110259290	110459290	harbor2	chr11	110261857	110261977	DNA/TcMar-Tigger	426	+	60	110261917	2627
chr11	110259290	110459290	harbor2	chr11	110271834	110272174	DNA/TcMar-Tigger	2124	+	170	110272004	12714
chr11	110259290	110459290	harbor2	chr11	110276770	110277072	DNA/TcMar-Tigger	806	+	151	110276921	17631
chr11	103890630	104090630	harbor2	chr11	103900111	103900224	DNA/TcMar-Tigger	398	+	56	103900167	9537
chr11	103890630	104090630	harbor2	chr11	103900589	103901088	DNA/TcMar-Tigger	2434	+	250	103900839	10209
chr11	103890630	104090630	harbor2	chr11	103932153	103932507	DNA/TcMar-Tigger	1689	+	177	103932330	41700
chr11	103890630	104090630	harbor2	chr11	103943162	103943397	DNA/TcMar-Tigger	1329	+	118	103943280	52650
chr11	103890630	104090630	harbor2	chr11	103960059	103960300	DNA/TcMar-Tigger	433	+	120	103960179	69549
chr11	123814436	124014436	harbor2	chr11	123897802	123898148	DNA/TcMar-Tigger	1955	+	173	123897975	83539
chr11	123814436	124014436	harbor2	chr11	123902979	123903308	DNA/TcMar-Tigger	1748	+	164	123903143	88707
chr11	55856429	56056429	harbor2	chr11	55884191	55884377	DNA/TcMar-Tigger	767	+	93	55884284	27855
chr11	128712559	128912559	harbor2	chr11	128740473	128740623	DNA/TcMar-Tigger	402	+	75	128740548	27989
chr11	132348085	132548085	harbor2	chr11	132365694	132366204	DNA/TcMar-Tigger	2176	+	255	132365949	17864
chr11	131570265	131770265	harbor2	chr11	131634981	131635152	DNA/TcMar-Tigger	946	+	86	131635067	64802
chr11	131570265	131770265	harbor2	chr11	131635195	131636095	DNA/TcMar-Tigger	4697	+	450	131635645	65380
chr11	128241785	128441785	harbor2	chr11	128282053	128282703	DNA/TcMar-Tigger	2655	+	325	128282378	40593
chr11	128241785	128441785	harbor2	chr11	128313540	128313878	DNA/TcMar-Tigger	1501	+	169	128313709	71924
chr11	125467299	125667299	harbor2	chr11	125488102	125488394	DNA/TcMar-Tigger	1572	+	146	125488248	20949
chr11	125467299	125667299	harbor2	chr11	125490292	125490528	DNA/TcMar-Tigger	932	+	118	125490410	23111
chr11	131144361	131344361	harbor2	chr11	131191652	131191816	DNA/TcMar-Tigger	567	+	82	131191734	47373
chr11	106184289	106384289	harbor2	chr11	106215674	106216016	DNA/TcMar-Tigger	1346	+	171	106215845	31556
chr11	106184289	106384289	harbor2	chr11	106270116	106270305	DNA/TcMar-Tigger	970	+	94	106270210	85921
chr11	89796103	89996103	harbor2	chr11	89842978	89843242	DNA/TcMar-Tigger	1768	+	132	89843110	47007
chr11	89796103	89996103	harbor2	chr11	89843557	89843608	DNA/TcMar-Tigger	1768	+	26	89843583	47480
chr11	89796103	89996103	harbor2	chr11	89853605	89853824	DNA/TcMar-Tigger	1032	+	110	89853715	57612
chr11	129357157	129557157	harbor2	chr11	129418868	129419456	DNA/TcMar-Tigger	3374	+	294	129419162	62005
chr11	129947930	130147930	harbor2	chr11	129968069	129968303	DNA/TcMar-Tigger	556	+	117	129968186	20256
chr11	129947930	130147930	harbor2	chr11	130018030	130018104	DNA/TcMar-Tigger	409	+	37	130018067	70137
chr11	129947930	130147930	harbor2	chr11	130018752	130018922	DNA/TcMar-Tigger	1021	+	85	130018837	70907
chr11	129947930	130147930	harbor2	chr11	130040322	130040391	DNA/TcMar-Tigger	417	+	34	130040356	92426
chr11	129947930	130147930	harbor2	chr11	130041125	130041140	DNA/TcMar-Tigger	2257	+	8	130041133	93203
chr11	129947930	130147930	harbor2	chr11	130041439	130041647	DNA/TcMar-Tigger	2257	+	104	130041543	93613
chr11	129947930	130147930	harbor2	chr11	130041972	130042251	DNA/TcMar-Tigger	2257	+	140	130042112	94182
chr11	95334600	95534600	harbor2	chr11	95429235	95429371	DNA/TcMar-Tigger	769	+	68	95429303	94703
chr11	95334600	95534600	harbor2	chr11	95433570	95433712	DNA/TcMar-Tigger	633	+	71	95433641	99041
chr11	103314444	103514444	harbor2	chr11	103363645	103363809	DNA/TcMar-Tigger	448	+	82	103363727	49283
chr11	103314444	103514444	harbor2	chr11	103394356	103394527	DNA/TcMar-Tigger	989	+	86	103394442	79998
chr11	96855014	97055014	harbor2	chr11	96908807	96909097	DNA/TcMar-Tigger	783	+	145	96908952	53938
chr11	96855014	97055014	harbor2	chr11	96909263	96909549	DNA/TcMar-Tigger	527	+	143	96909406	54392
chr11	72470280	72670280	harbor2	chr11	72513758	72514089	DNA/TcMar-Tigger	2036	+	166	72513924	43644
chr11	111436508	111636508	harbor2	chr11	111495810	111495978	DNA/TcMar-Tigger	855	+	84	111495894	59386
chr11	111436508	111636508	harbor2	chr11	111520603	111520837	DNA/TcMar-Tigger	1237	+	117	111520720	84212
chr11	111436508	111636508	harbor2	chr11	111520837	111521036	DNA/TcMar-Tigger	1235	+	100	111520937	84429
chr11	111436508	111636508	harbor2	chr11	111522697	111522841	DNA/TcMar-Tigger	2849	+	72	111522769	86261
chr11	111436508	111636508	harbor2	chr11	111523087	111523566	DNA/TcMar-Tigger	2849	+	240	111523327	86819
chr11	128939709	129139709	harbor2	chr11	128984935	128985030	DNA/TcMar-Tigger	489	+	48	128984983	45274
chr11	109407424	109607424	harbor2	chr11	109459058	109459630	DNA/TcMar-Tigger	3165	+	286	109459344	51920
chr11	18510745	18710745	harbor2	chr11	18517515	18517814	DNA/TcMar-Tigger	1537	+	150	18517665	6920
chr11	102129226	102329226	harbor2	chr11	102188486	102188817	DNA/TcMar-Tigger	1827	+	166	102188652	59426
chr11	114495176	114695176	harbor2	chr11	114496727	114497733	DNA/TcMar-Tigger	3527	+	503	114497230	2054
chr11	115384270	115584270	harbor2	chr11	115414698	115414984	DNA/TcMar-Tigger	1101	+	143	115414841	30571
chr11	129868908	130068908	harbor2	chr11	129941568	129941912	DNA/TcMar-Tigger	2043	+	172	129941740	72832
chr11	129868908	130068908	harbor2	chr11	129968069	129968303	DNA/TcMar-Tigger	556	+	117	129968186	99278
chr11	102151937	102351937	harbor2	chr11	102188486	102188817	DNA/TcMar-Tigger	1827	+	166	102188652	36715
chr11	123884856	124084856	harbor2	chr11	123897802	123898148	DNA/TcMar-Tigger	1955	+	173	123897975	13119
chr11	123884856	124084856	harbor2	chr11	123902979	123903308	DNA/TcMar-Tigger	1748	+	164	123903143	18287
chr11	127181085	127381085	harbor2	chr11	127186499	127187024	DNA/TcMar-Tigger	2984	+	262	127186761	5676
chr11	133382263	133582263	harbor2	chr11	133392794	133393432	DNA/TcMar-Tigger	3111	+	319	133393113	10850
chr11	133382263	133582263	harbor2	chr11	133434460	133434788	DNA/TcMar-Tigger	1452	+	164	133434624	52361
chr11	133382263	133582263	harbor2	chr11	133434869	133435267	DNA/TcMar-Tigger	1452	+	199	133435068	52805
chr11	133382263	133582263	harbor2	chr11	133469190	133469459	DNA/TcMar-Tigger	1315	+	134	133469324	87061
chr11	127824252	128024252	harbor2	chr11	127834869	127835627	DNA/TcMar-Tigger	4598	+	379	127835248	10996
chr11	89215898	89415898	harbor2	chr11	89308949	89309109	DNA/TcMar-Tigger	724	+	80	89309029	93131
chr11	89215898	89415898	harbor2	chr11	89309261	89309470	DNA/TcMar-Tigger	1049	+	104	89309365	93467
chr11	125451074	125651074	harbor2	chr11	125488102	125488394	DNA/TcMar-Tigger	1572	+	146	125488248	37174
chr11	125451074	125651074	harbor2	chr11	125490292	125490528	DNA/TcMar-Tigger	932	+	118	125490410	39336
chr11	120315101	120515101	harbor2	chr11	120348391	120348559	DNA/TcMar-Tigger	1744	+	84	120348475	33374
chr11	120315101	120515101	harbor2	chr11	120348863	120349034	DNA/TcMar-Tigger	1744	+	86	120348949	33848
chr11	120315101	120515101	harbor2	chr11	120362474	120362662	DNA/TcMar-Tigger	427	+	94	120362568	47467
chr11	120315101	120515101	harbor2	chr11	120362693	120362819	DNA/TcMar-Tigger	1067	+	63	120362756	47655
chr11	120315101	120515101	harbor2	chr11	120363127	120363283	DNA/TcMar-Tigger	1067	+	78	120363205	48104
chr11	105565680	105765680	harbor2	chr11	105582550	105583488	DNA/TcMar-Tigger	6317	+	469	105583019	17339
chr11	105565680	105765680	harbor2	chr11	105583799	105584054	DNA/TcMar-Tigger	6317	+	128	105583927	18247
chr11	122187515	122387515	harbor2	chr11	122198194	122198448	DNA/TcMar-Tigger	465	+	127	122198321	10806
chr11	122187515	122387515	harbor2	chr11	122252837	122253162	DNA/TcMar-Tigger	1888	+	162	122252999	65484
chr11	122187515	122387515	harbor2	chr11	122279719	122280095	DNA/TcMar-Tigger	1465	+	188	122279907	92392
chr11	106637112	106837112	harbor2	chr11	106707871	106708078	DNA/TcMar-Tigger	1045	+	104	106707975	70863
chr11	62051408	62251408	harbor2	chr11	62078499	62078648	DNA/TcMar-Tigger	802	+	74	62078573	27165
chr11	125898453	126098453	harbor2	chr11	125987003	125987626	DNA/TcMar-Tigger	783	+	312	125987315	88862
chr11	71413240	71613240	harbor2	chr11	71493498	71493641	DNA/TcMar-Tigger	621	+	72	71493570	80330
chr11	71413240	71613240	harbor2	chr11	71493996	71494513	DNA/TcMar-Tigger	2730	+	258	71494254	81014
chr11	133844693	134044693	harbor2	chr11	133869766	133869830	DNA/TcMar-Tigger	1901	+	32	133869798	25105
chr11	133844693	134044693	harbor2	chr11	133870137	133870416	DNA/TcMar-Tigger	1901	+	140	133870277	25584
chr11	133844693	134044693	harbor2	chr11	133921810	133921989	DNA/TcMar-Tigger	539	+	90	133921900	77207
chr11	109426753	109626753	harbor2	chr11	109459058	109459630	DNA/TcMar-Tigger	3165	+	286	109459344	32591
chr11	104412726	104612726	harbor2	chr11	104415904	104416138	DNA/TcMar-Tigger	1167	+	117	104416021	3295
chr11	104412726	104612726	harbor2	chr11	104456631	104456905	DNA/TcMar-Tigger	1507	+	137	104456768	44042
chr11	104412726	104612726	harbor2	chr11	104456958	104457786	DNA/TcMar-Tigger	4976	+	414	104457372	44646
chr11	104412726	104612726	harbor2	chr11	104509453	104509795	DNA/TcMar-Tigger	1805	+	171	104509624	96898
chr11	34958022	35158022	harbor2	chr11	34963035	34963253	DNA/TcMar-Tigger	487	+	109	34963144	5122
chr11	34958022	35158022	harbor2	chr11	34963580	34963699	DNA/TcMar-Tigger	487	+	60	34963640	5618
chr11	34958022	35158022	harbor2	chr11	34968932	34969287	DNA/TcMar-Tigger	1914	+	178	34969110	11088
chr11	34958022	35158022	harbor2	chr11	34970653	34970872	DNA/TcMar-Tigger	1143	+	110	34970763	12741
chr11	34958022	35158022	harbor2	chr11	34988753	34988979	DNA/TcMar-Tigger	1779	+	113	34988866	30844
chr11	34958022	35158022	harbor2	chr11	34989280	34989365	DNA/TcMar-Tigger	1779	+	42	34989322	31300
chr11	74694708	74894708	harbor2	chr11	74771271	74771433	DNA/TcMar-Tigger	1348	+	81	74771352	76644
chr11	74694708	74894708	harbor2	chr11	74771718	74771770	DNA/TcMar-Tigger	1348	+	26	74771744	77036
chr11	74694708	74894708	harbor2	chr11	74771908	74772044	DNA/TcMar-Tigger	1348	+	68	74771976	77268
chr11	74694708	74894708	harbor2	chr11	74792343	74792405	DNA/TcMar-Tigger	461	+	31	74792374	97666
chr11	74694708	74894708	harbor2	chr11	74793301	74793588	DNA/TcMar-Tigger	642	+	144	74793445	98737
chr11	74694708	74894708	harbor2	chr11	74792700	74792986	DNA/TcMar-Tigger	461	+	143	74792843	98135
chr11	134951399	135151399	harbor2	chr11	134962952	134963477	DNA/TcMar-Tigger	1855	+	262	134963214	11815
chr11	103404534	103604534	harbor2	chr11	103456684	103456987	DNA/TcMar-Tigger	1452	+	152	103456836	52302
chr11	103404534	103604534	harbor2	chr11	103456988	103457597	DNA/TcMar-Tigger	3385	+	304	103457292	52758
chr11	103404534	103604534	harbor2	chr11	103457945	103458445	DNA/TcMar-Tigger	2993	+	250	103458195	53661
chr11	103404534	103604534	harbor2	chr11	103458446	103458523	DNA/TcMar-Tigger	466	+	38	103458484	53950
chr11	103404534	103604534	harbor2	chr11	103474581	103474872	DNA/TcMar-Tigger	1707	+	146	103474727	70193
chr11	134289061	134489061	harbor2	chr11	134309328	134309522	DNA/TcMar-Tigger	737	+	97	134309425	20364
chr11	128925308	129125308	harbor2	chr11	128984935	128985030	DNA/TcMar-Tigger	489	+	48	128984983	59675
chr11	133670627	133870627	harbor2	chr11	133760060	133760232	DNA/TcMar-Tigger	900	+	86	133760146	89519
chr11	133670627	133870627	harbor2	chr11	133760271	133760282	DNA/TcMar-Tigger	900	+	6	133760277	89650
chr11	133670627	133870627	harbor2	chr11	133760278	133761012	DNA/TcMar-Tigger	4919	+	367	133760645	90018
chr11	133670627	133870627	harbor2	chr11	133761169	133762100	DNA/TcMar-Tigger	6000	+	466	133761635	91008
chr11	120359289	120559289	harbor2	chr11	120362474	120362662	DNA/TcMar-Tigger	427	+	94	120362568	3279
chr11	120359289	120559289	harbor2	chr11	120362693	120362819	DNA/TcMar-Tigger	1067	+	63	120362756	3467
chr11	120359289	120559289	harbor2	chr11	120363127	120363283	DNA/TcMar-Tigger	1067	+	78	120363205	3916
chr11	120359289	120559289	harbor2	chr11	120422154	120422286	DNA/TcMar-Tigger	1780	+	66	120422220	62931
chr11	120359289	120559289	harbor2	chr11	120422458	120422685	DNA/TcMar-Tigger	1780	+	114	120422572	63283
chr11	120359289	120559289	harbor2	chr11	120436539	120436797	DNA/TcMar-Tigger	1545	+	129	120436668	77379
chr11	120359289	120559289	harbor2	chr11	120438788	120438824	DNA/TcMar-Tigger	506	+	18	120438806	79517
chr11	120359289	120559289	harbor2	chr11	120439152	120439347	DNA/TcMar-Tigger	506	+	98	120439250	79961
chr11	120359289	120559289	harbor2	chr11	120439541	120439593	DNA/TcMar-Tigger	506	+	26	120439567	80278
chr11	120359289	120559289	harbor2	chr11	120443711	120444027	DNA/TcMar-Tigger	1254	+	158	120443869	84580
chr11	103019204	103219204	harbor2	chr11	103060353	103060583	DNA/TcMar-Tigger	1472	+	115	103060468	41264
chr11	103019204	103219204	harbor2	chr11	103075805	103075983	DNA/TcMar-Tigger	409	+	89	103075894	56690
chr11	103019204	103219204	harbor2	chr11	103094565	103094903	DNA/TcMar-Tigger	2199	+	169	103094734	75530
chr11	86282361	86482361	harbor2	chr11	86372115	86372472	DNA/TcMar-Tigger	861	+	178	86372293	89932
chr11	113645760	113845760	harbor2	chr11	113668771	113669012	DNA/TcMar-Tigger	1322	+	120	113668891	23131
chr11	113645760	113845760	harbor2	chr11	113710274	113710609	DNA/TcMar-Tigger	1998	+	168	113710442	64682
chr11	125429628	125629628	harbor2	chr11	125488102	125488394	DNA/TcMar-Tigger	1572	+	146	125488248	58620
chr11	125429628	125629628	harbor2	chr11	125490292	125490528	DNA/TcMar-Tigger	932	+	118	125490410	60782
chr11	92187926	92387926	harbor2	chr11	92276950	92277202	DNA/TcMar-Tigger	796	+	126	92277076	89150
chr11	134310279	134510279	harbor2	chr11	134407525	134407817	DNA/TcMar-Tigger	692	+	146	134407671	97392
chr11	110415488	110615488	harbor2	chr11	110414957	110415646	DNA/TcMar-Tigger	5713	+	344	110415301	187
chr11	62072585	62272585	harbor2	chr11	62078499	62078648	DNA/TcMar-Tigger	802	+	74	62078573	5988
chr11	42563328	42763328	harbor2	chr11	42587812	42588161	DNA/TcMar-Tigger	1278	+	174	42587986	24658
chr11	59552895	59752895	harbor2	chr11	59572516	59572647	DNA/TcMar-Tigger	384	+	66	59572582	19687
chr11	89703046	89903046	harbor2	chr11	89738617	89738967	DNA/TcMar-Tigger	1787	+	175	89738792	35746
chr11	89703046	89903046	harbor2	chr11	89765973	89766121	DNA/TcMar-Tigger	615	+	74	89766047	63001
chr11	89703046	89903046	harbor2	chr11	89771971	89772415	DNA/TcMar-Tigger	1997	+	222	89772193	69147
chr11	89703046	89903046	harbor2	chr11	89776177	89776267	DNA/TcMar-Tigger	1067	+	45	89776222	73176
chr11	89703046	89903046	harbor2	chr11	89776557	89776796	DNA/TcMar-Tigger	1067	+	120	89776677	73631
chr11	104776868	104976868	harbor2	chr11	104796782	104797049	DNA/TcMar-Tigger	711	+	134	104796916	20048
chr11	104776868	104976868	harbor2	chr11	104811468	104811743	DNA/TcMar-Tigger	1501	+	138	104811606	34738
chr11	104776868	104976868	harbor2	chr11	104814852	104815197	DNA/TcMar-Tigger	1997	+	172	104815024	38156
chr11	104776868	104976868	harbor2	chr11	104825023	104825241	DNA/TcMar-Tigger	1045	+	109	104825132	48264
chr11	132519723	132719723	harbor2	chr11	132615441	132615744	DNA/TcMar-Tigger	1113	+	152	132615593	95870
chr11	132603948	132803948	harbor2	chr11	132615441	132615744	DNA/TcMar-Tigger	1113	+	152	132615593	11645
chr11	117884533	118084533	harbor2	chr11	117889482	117889635	DNA/TcMar-Tigger	771	+	76	117889558	5025
chr11	117884533	118084533	harbor2	chr11	117889640	117889839	DNA/TcMar-Tigger	1171	+	100	117889740	5207
chr11	117884533	118084533	harbor2	chr11	117889982	117890061	DNA/TcMar-Tigger	430	+	40	117890022	5489
chr11	134699327	134899327	harbor2	chr11	134709621	134710789	DNA/TcMar-Tigger	6072	+	584	134710205	10878
chr11	134699327	134899327	harbor2	chr11	134796036	134796142	DNA/TcMar-Tigger	1463	+	53	134796089	96762
chr11	134699327	134899327	harbor2	chr11	134796460	134796702	DNA/TcMar-Tigger	1463	+	121	134796581	97254
chr11	121965504	122165504	harbor2	chr11	122035413	122035719	DNA/TcMar-Tigger	865	+	153	122035566	70062
chr11	121965504	122165504	harbor2	chr11	122062911	122063059	DNA/TcMar-Tigger	549	+	74	122062985	97481
chr11	129851915	130051915	harbor2	chr11	129941568	129941912	DNA/TcMar-Tigger	2043	+	172	129941740	89825
chr11	108283173	108483173	harbor2	chr11	108297391	108297649	DNA/TcMar-Tigger	1282	+	129	108297520	14347
chr11	108283173	108483173	harbor2	chr11	108323990	108324340	DNA/TcMar-Tigger	430	+	175	108324165	40992
chr11	120305102	120505102	harbor2	chr11	120348391	120348559	DNA/TcMar-Tigger	1744	+	84	120348475	43373
chr11	120305102	120505102	harbor2	chr11	120348863	120349034	DNA/TcMar-Tigger	1744	+	86	120348949	43847
chr11	120305102	120505102	harbor2	chr11	120362474	120362662	DNA/TcMar-Tigger	427	+	94	120362568	57466
chr11	120305102	120505102	harbor2	chr11	120362693	120362819	DNA/TcMar-Tigger	1067	+	63	120362756	57654
chr11	120305102	120505102	harbor2	chr11	120363127	120363283	DNA/TcMar-Tigger	1067	+	78	120363205	58103
chr11	126023267	126223267	harbor2	chr11	126052449	126052540	DNA/TcMar-Tigger	980	+	46	126052495	29228
chr11	126023267	126223267	harbor2	chr11	126052853	126053052	DNA/TcMar-Tigger	980	+	100	126052953	29686
chr11	125389658	125589658	harbor2	chr11	125418706	125418994	DNA/TcMar-Tigger	1686	+	144	125418850	29192
chr11	125389658	125589658	harbor2	chr11	125488102	125488394	DNA/TcMar-Tigger	1572	+	146	125488248	98590
chr11	130205421	130405421	harbor2	chr11	130264771	130265229	DNA/TcMar-Tigger	11844	+	229	130265000	59579
chr11	130205421	130405421	harbor2	chr11	130265477	130266965	DNA/TcMar-Tigger	11844	+	744	130266221	60800
chr11	130205421	130405421	harbor2	chr11	130267280	130267410	DNA/TcMar-Tigger	763	+	65	130267345	61924
chr11	130205421	130405421	harbor2	chr11	130267699	130267781	DNA/TcMar-Tigger	1150	+	41	130267740	62319
chr11	130205421	130405421	harbor2	chr11	130268091	130268111	DNA/TcMar-Tigger	1150	+	10	130268101	62680
chr11	130205421	130405421	harbor2	chr11	130268237	130268457	DNA/TcMar-Tigger	1150	+	110	130268347	62926
chr11	40442666	40642666	harbor2	chr11	40519651	40519810	DNA/TcMar-Tigger	1047	+	80	40519731	77065
chr11	40442666	40642666	harbor2	chr11	40519812	40520161	DNA/TcMar-Tigger	2078	+	174	40519986	77320
chr11	129039881	129239881	harbor2	chr11	129049906	129050098	DNA/TcMar-Tigger	1016	+	96	129050002	10121
chr11	129039881	129239881	harbor2	chr11	129099203	129099528	DNA/TcMar-Tigger	1515	+	162	129099365	59484
chr11	37025451	37225451	harbor2	chr11	37095492	37096526	DNA/TcMar-Tigger	5630	+	517	37096009	70558
chr11	133340514	133540514	harbor2	chr11	133392794	133393432	DNA/TcMar-Tigger	3111	+	319	133393113	52599
chr11	133340514	133540514	harbor2	chr11	133434460	133434788	DNA/TcMar-Tigger	1452	+	164	133434624	94110
chr11	133340514	133540514	harbor2	chr11	133434869	133435267	DNA/TcMar-Tigger	1452	+	199	133435068	94554
chr11	102516293	102716293	harbor2	chr11	102526715	102527103	DNA/TcMar-Tigger	1564	+	194	102526909	10616
chr11	102516293	102716293	harbor2	chr11	102560886	102561223	DNA/TcMar-Tigger	1613	+	168	102561054	44761
chr11	102516293	102716293	harbor2	chr11	102583339	102583683	DNA/TcMar-Tigger	1929	+	172	102583511	67218
chr11	58925397	59125397	harbor2	chr11	59007542	59008419	DNA/TcMar-Tigger	4144	+	438	59007980	82583
chr11	121460603	121660603	harbor2	chr11	121534218	121534496	DNA/TcMar-Tigger	518	+	139	121534357	73754
chr11	121460603	121660603	harbor2	chr11	121554459	121555027	DNA/TcMar-Tigger	1259	+	284	121554743	94140
chr11	95268107	95468107	harbor2	chr11	95292801	95293015	DNA/TcMar-Tigger	490	+	107	95292908	24801
chr11	95942367	96142367	harbor2	chr11	95959499	95959636	DNA/TcMar-Tigger	841	+	68	95959567	17200
chr11	95942367	96142367	harbor2	chr11	95959636	95959990	DNA/TcMar-Tigger	2182	+	177	95959813	17446
chr11	95942367	96142367	harbor2	chr11	95959985	95960075	DNA/TcMar-Tigger	599	+	45	95960030	17663
chr11	95942367	96142367	harbor2	chr11	95982740	95983292	DNA/TcMar-Tigger	5808	+	276	95983016	40649
chr11	95942367	96142367	harbor2	chr11	95983704	95984343	DNA/TcMar-Tigger	5808	+	320	95984024	41657
chr11	100080912	100280912	harbor2	chr11	100142418	100142584	DNA/TcMar-Tigger	952	+	83	100142501	61589
chr11	100080912	100280912	harbor2	chr11	100142589	100143150	DNA/TcMar-Tigger	3365	+	280	100142869	61957
chr11	100080912	100280912	harbor2	chr11	100167782	100169752	DNA/TcMar-Tigger	11217	+	985	100168767	87855
chr11	94883562	95083562	harbor2	chr11	94950371	94950562	DNA/TcMar-Tigger	1202	+	96	94950467	66905
chr11	129635173	129835173	harbor2	chr11	129708818	129709141	DNA/TcMar-Tigger	675	+	162	129708980	73807
chr11	91599682	91799682	harbor2	chr11	91665187	91665401	DNA/TcMar-Tigger	1132	+	107	91665294	65612
chr11	91599682	91799682	harbor2	chr11	91665458	91665535	DNA/TcMar-Tigger	1132	+	38	91665496	65814
chr11	123420345	123620345	harbor2	chr11	123515340	123515501	DNA/TcMar-Tigger	839	+	80	123515420	95075
chr11	84433158	84633158	harbor2	chr11	84526473	84526775	DNA/TcMar-Tigger	1665	+	151	84526624	93466
chr11	84433158	84633158	harbor2	chr11	84527078	84527126	DNA/TcMar-Tigger	1665	+	24	84527102	93944
chr11	112850025	113050025	harbor2	chr11	112875325	112875509	DNA/TcMar-Tigger	418	+	92	112875417	25392
chr11	112850025	113050025	harbor2	chr11	112903812	112903960	DNA/TcMar-Tigger	2205	+	74	112903886	53861
chr11	112850025	113050025	harbor2	chr11	112904252	112904482	DNA/TcMar-Tigger	2205	+	115	112904367	54342
chr11	134301432	134501432	harbor2	chr11	134309328	134309522	DNA/TcMar-Tigger	737	+	97	134309425	7993
chr11	72272748	72472748	harbor2	chr11	72361320	72361616	DNA/TcMar-Tigger	563	+	148	72361468	88720
chr11	72272748	72472748	harbor2	chr11	72361610	72361689	DNA/TcMar-Tigger	381	+	40	72361650	88902
chr11	72463493	72663493	harbor2	chr11	72513758	72514089	DNA/TcMar-Tigger	2036	+	166	72513924	50431
chr11	66026136	66226136	harbor2	chr11	66120983	66123189	DNA/TcMar-Tigger	15263	+	1103	66122086	95950
chr11	66026136	66226136	harbor2	chr11	66123491	66123509	DNA/TcMar-Tigger	15263	+	9	66123500	97364
chr11	66026136	66226136	harbor2	chr11	66123821	66123991	DNA/TcMar-Tigger	15263	+	85	66123906	97770
chr11	106075382	106275382	harbor2	chr11	106080084	106080340	DNA/TcMar-Tigger	851	+	128	106080212	4830
chr11	106075382	106275382	harbor2	chr11	106092654	106093008	DNA/TcMar-Tigger	1972	+	177	106092831	17449
chr11	113629346	113829346	harbor2	chr11	113668771	113669012	DNA/TcMar-Tigger	1322	+	120	113668891	39545
chr11	113629346	113829346	harbor2	chr11	113710274	113710609	DNA/TcMar-Tigger	1998	+	168	113710442	81096
chr11	134159015	134359015	harbor2	chr11	134199445	134199672	DNA/TcMar-Tigger	1128	+	114	134199559	40544
chr11	128279504	128479504	harbor2	chr11	128282053	128282703	DNA/TcMar-Tigger	2655	+	325	128282378	2874
chr11	128279504	128479504	harbor2	chr11	128313540	128313878	DNA/TcMar-Tigger	1501	+	169	128313709	34205
chr11	128279504	128479504	harbor2	chr11	128372864	128373163	DNA/TcMar-Tigger	752	+	150	128373014	93510
chr11	68094377	68294377	harbor2	chr11	68114950	68115280	DNA/TcMar-Tigger	1706	+	165	68115115	20738
chr11	68094377	68294377	harbor2	chr11	68190255	68190369	DNA/TcMar-Tigger	555	+	57	68190312	95935
chr11	68094377	68294377	harbor2	chr11	68190368	68190702	DNA/TcMar-Tigger	4757	+	167	68190535	96158
chr11	68094377	68294377	harbor2	chr11	68191325	68191344	DNA/TcMar-Tigger	4757	+	10	68191335	96958
chr11	68094377	68294377	harbor2	chr11	68191625	68192178	DNA/TcMar-Tigger	4757	+	276	68191901	97524
chr11	68094377	68294377	harbor2	chr11	68192190	68192286	DNA/TcMar-Tigger	487	+	48	68192238	97861
chr11	94229243	94429243	harbor2	chr11	94294728	94295049	DNA/TcMar-Tigger	2088	+	160	94294888	65645
chr11	117853044	118053044	harbor2	chr11	117889482	117889635	DNA/TcMar-Tigger	771	+	76	117889558	36514
chr11	117853044	118053044	harbor2	chr11	117889640	117889839	DNA/TcMar-Tigger	1171	+	100	117889740	36696
chr11	117853044	118053044	harbor2	chr11	117889982	117890061	DNA/TcMar-Tigger	430	+	40	117890022	36978
chr11	92857148	93057148	harbor2	chr11	92881408	92881595	DNA/TcMar-Tigger	525	+	94	92881502	24354
chr11	92857148	93057148	harbor2	chr11	92882057	92882386	DNA/TcMar-Tigger	1090	+	164	92882221	25073
chr11	92857148	93057148	harbor2	chr11	92917621	92917941	DNA/TcMar-Tigger	1419	+	160	92917781	60633
chr11	92857148	93057148	harbor2	chr11	92897081	92897516	DNA/TcMar-Tigger	2376	+	218	92897299	40151
chr11	129335746	129535746	harbor2	chr11	129335618	129335937	DNA/TcMar-Tigger	1600	+	160	129335778	32
chr11	129335746	129535746	harbor2	chr11	129336241	129336273	DNA/TcMar-Tigger	580	+	16	129336257	511
chr11	129335746	129535746	harbor2	chr11	129348681	129348759	DNA/TcMar-Tigger	388	+	39	129348720	12974
chr11	129335746	129535746	harbor2	chr11	129348746	129349059	DNA/TcMar-Tigger	1606	+	156	129348902	13156
chr11	129335746	129535746	harbor2	chr11	129418868	129419456	DNA/TcMar-Tigger	3374	+	294	129419162	83416
chr11	95053867	95253867	harbor2	chr11	95063305	95064334	DNA/TcMar-Tigger	5838	+	514	95063819	9952
chr11	104756804	104956804	harbor2	chr11	104796782	104797049	DNA/TcMar-Tigger	711	+	134	104796916	40112
chr11	104756804	104956804	harbor2	chr11	104811468	104811743	DNA/TcMar-Tigger	1501	+	138	104811606	54802
chr11	104756804	104956804	harbor2	chr11	104814852	104815197	DNA/TcMar-Tigger	1997	+	172	104815024	58220
chr11	104756804	104956804	harbor2	chr11	104825023	104825241	DNA/TcMar-Tigger	1045	+	109	104825132	68328
chr11	122825604	123025604	harbor2	chr11	122870595	122870730	DNA/TcMar-Tigger	541	+	68	122870663	45059
chr11	122825604	123025604	harbor2	chr11	122889312	122889648	DNA/TcMar-Tigger	1755	+	168	122889480	63876
chr11	111201435	111401435	harbor2	chr11	111241562	111241682	DNA/TcMar-Tigger	825	+	60	111241622	40187
chr11	111201435	111401435	harbor2	chr11	111242809	111243115	DNA/TcMar-Tigger	1855	+	153	111242962	41527
chr11	111201435	111401435	harbor2	chr11	111280357	111281068	DNA/TcMar-Tigger	4046	+	356	111280713	79278
chr11	107209862	107409862	harbor2	chr11	107301730	107301873	DNA/TcMar-Tigger	839	+	72	107301802	91940
chr11	133316121	133516121	harbor2	chr11	133392794	133393432	DNA/TcMar-Tigger	3111	+	319	133393113	76992
chr11	22184829	22384829	harbor2	chr11	22277342	22277513	DNA/TcMar-Tigger	497	+	86	22277428	92599
chr11	129617131	129817131	harbor2	chr11	129708818	129709141	DNA/TcMar-Tigger	675	+	162	129708980	91849
chr11	85271180	85471180	harbor2	chr11	85304494	85304717	DNA/TcMar-Tigger	1220	+	112	85304606	33426
chr11	106705018	106905018	harbor2	chr11	106707871	106708078	DNA/TcMar-Tigger	1045	+	104	106707975	2957
chr11	106705018	106905018	harbor2	chr11	106748959	106749294	DNA/TcMar-Tigger	1860	+	168	106749127	44109
chr11	106705018	106905018	harbor2	chr11	106769959	106770159	DNA/TcMar-Tigger	398	+	100	106770059	65041
chr11	133904623	134104623	harbor2	chr11	133921810	133921989	DNA/TcMar-Tigger	539	+	90	133921900	17277
chr11	114390856	114590856	harbor2	chr11	114427741	114428080	DNA/TcMar-Tigger	2095	+	170	114427911	37055
chr11	114390856	114590856	harbor2	chr11	114448917	114449183	DNA/TcMar-Tigger	605	+	133	114449050	58194
chr11	114390856	114590856	harbor2	chr11	114451258	114451729	DNA/TcMar-Tigger	2275	+	236	114451494	60638
chr11	114390856	114590856	harbor2	chr11	114464446	114464522	DNA/TcMar-Tigger	447	+	38	114464484	73628
chr11	41412398	41612398	harbor2	chr11	41411623	41412470	DNA/TcMar-Tigger	4473	+	424	41412047	351
chr11	41412398	41612398	harbor2	chr11	41444178	41444518	DNA/TcMar-Tigger	1820	+	170	41444348	31950
chr11	41412398	41612398	harbor2	chr11	41462536	41462728	DNA/TcMar-Tigger	1159	+	96	41462632	50234
chr11	41412398	41612398	harbor2	chr11	41497210	41497470	DNA/TcMar-Tigger	1413	+	130	41497340	84942
chr11	41412398	41612398	harbor2	chr11	41497464	41497555	DNA/TcMar-Tigger	376	+	46	41497510	85112
chr11	76310129	76510129	harbor2	chr11	76356542	76356701	DNA/TcMar-Tigger	831	+	80	76356622	46493
chr11	76310129	76510129	harbor2	chr11	76357062	76357304	DNA/TcMar-Tigger	1434	+	121	76357183	47054
chr11	128940531	129140531	harbor2	chr11	128984935	128985030	DNA/TcMar-Tigger	489	+	48	128984983	44452
chr11	131806099	132006099	harbor2	chr11	131876405	131876576	DNA/TcMar-Tigger	506	+	86	131876491	70392
chr11	125651284	125851284	harbor2	chr11	125694867	125695190	DNA/TcMar-Tigger	1633	+	162	125695029	43745
chr11	125651284	125851284	harbor2	chr11	125695182	125695290	DNA/TcMar-Tigger	526	+	54	125695236	43952
chr11	108187439	108387439	harbor2	chr11	108216956	108217550	DNA/TcMar-Tigger	3608	+	297	108217253	29814
chr11	101043426	101243426	harbor2	chr11	101064783	101065117	DNA/TcMar-Tigger	1916	+	167	101064950	21524
chr11	101043426	101243426	harbor2	chr11	101108791	101111150	DNA/TcMar-Tigger	14659	+	1180	101109971	66545
chr11	117648754	117848754	harbor2	chr11	117673076	117673321	DNA/TcMar-Tigger	645	+	122	117673198	24444
chr11	106771742	106971742	harbor2	chr11	106818137	106818988	DNA/TcMar-Tigger	5301	+	426	106818563	46821
chr11	106771742	106971742	harbor2	chr11	106818986	106819776	DNA/TcMar-Tigger	4727	+	395	106819381	47639
chr11	106771742	106971742	harbor2	chr11	106828884	106829088	DNA/TcMar-Tigger	520	+	102	106828986	57244
chr11	106771742	106971742	harbor2	chr11	106857623	106857946	DNA/TcMar-Tigger	1755	+	162	106857785	86043
chr11	106771742	106971742	harbor2	chr11	106859649	106859984	DNA/TcMar-Tigger	2074	+	168	106859817	88075
chr11	56809705	57009705	harbor2	chr11	56848567	56849571	DNA/TcMar-Tigger	1531	+	502	56849069	39364
chr11	56809705	57009705	harbor2	chr11	56905485	56905695	DNA/TcMar-Tigger	409	+	105	56905590	95885
chr11	130913332	131113332	harbor2	chr11	130927976	130928333	DNA/TcMar-Tigger	2201	+	178	130928154	14822
chr11	130913332	131113332	harbor2	chr11	130945901	130946506	DNA/TcMar-Tigger	3227	+	302	130946203	32871
chr11	130913332	131113332	harbor2	chr11	131013088	131013482	DNA/TcMar-Tigger	1615	+	197	131013285	99953
chr11	74524261	74724261	harbor2	chr11	74525947	74526224	DNA/TcMar-Tigger	1470	+	138	74526085	1824
chr11	74524261	74724261	harbor2	chr11	74530354	74530683	DNA/TcMar-Tigger	1662	+	164	74530518	6257
chr11	74524261	74724261	harbor2	chr11	74530820	74530967	DNA/TcMar-Tigger	1612	+	74	74530894	6633
chr11	74524261	74724261	harbor2	chr11	74531430	74531565	DNA/TcMar-Tigger	1612	+	68	74531498	7237
chr11	74524261	74724261	harbor2	chr11	74592208	74592434	DNA/TcMar-Tigger	1053	+	113	74592321	68060
chr11	74524261	74724261	harbor2	chr11	74608726	74608852	DNA/TcMar-Tigger	385	+	63	74608789	84528
chr11	132351591	132551591	harbor2	chr11	132365694	132366204	DNA/TcMar-Tigger	2176	+	255	132365949	14358
chr11	131413767	131613767	harbor2	chr11	131454081	131454382	DNA/TcMar-Tigger	1651	+	150	131454231	40464
chr11	68987581	69187581	harbor2	chr11	69083147	69083246	DNA/TcMar-Tigger	423	+	50	69083197	95616
chr11	110143754	110343754	harbor2	chr11	110243045	110243303	DNA/TcMar-Tigger	1179	+	129	110243174	99420
chr11	19002533	19202533	harbor2	chr11	19000760	19002634	DNA/TcMar-Tigger	10056	+	937	19001697	836
chr11	19002533	19202533	harbor2	chr11	19006859	19006982	DNA/TcMar-Tigger	1794	+	62	19006921	4388
chr11	19002533	19202533	harbor2	chr11	19007019	19007046	DNA/TcMar-Tigger	1794	+	14	19007033	4500
chr11	19002533	19202533	harbor2	chr11	19007330	19007576	DNA/TcMar-Tigger	1794	+	123	19007453	4920
chr11	22006693	22206693	harbor2	chr11	22007895	22007992	DNA/TcMar-Tigger	541	+	48	22007943	1250
chr11	22006693	22206693	harbor2	chr11	22007986	22008285	DNA/TcMar-Tigger	1670	+	150	22008136	1443
chr11	22006693	22206693	harbor2	chr11	22008551	22008646	DNA/TcMar-Tigger	1670	+	48	22008599	1906
chr11	22006693	22206693	harbor2	chr11	22008649	22008785	DNA/TcMar-Tigger	829	+	68	22008717	2024
chr11	133861856	134061856	harbor2	chr11	133869766	133869830	DNA/TcMar-Tigger	1901	+	32	133869798	7942
chr11	133861856	134061856	harbor2	chr11	133870137	133870416	DNA/TcMar-Tigger	1901	+	140	133870277	8421
chr11	133861856	134061856	harbor2	chr11	133921810	133921989	DNA/TcMar-Tigger	539	+	90	133921900	60044
chr11	124383607	124583607	harbor2	chr11	124427847	124427993	DNA/TcMar-Tigger	685	+	73	124427920	44313
chr11	124383607	124583607	harbor2	chr11	124463651	124463948	DNA/TcMar-Tigger	1583	+	148	124463799	80192
chr11	96396643	96596643	harbor2	chr11	96421793	96421949	DNA/TcMar-Tigger	941	+	78	96421871	25228
chr11	96396643	96596643	harbor2	chr11	96452894	96453256	DNA/TcMar-Tigger	1709	+	181	96453075	56432
chr11	82010381	82210381	harbor2	chr11	82044452	82045364	DNA/TcMar-Tigger	5182	+	456	82044908	34527
chr11	82010381	82210381	harbor2	chr11	82054709	82056201	DNA/TcMar-Tigger	8789	+	746	82055455	45074
chr11	45122909	45322909	harbor2	chr11	45172632	45172860	DNA/TcMar-Tigger	1411	+	114	45172746	49837
chr11	126992181	127192181	harbor2	chr11	127060333	127060417	DNA/TcMar-Tigger	598	+	42	127060375	68194
chr11	126992181	127192181	harbor2	chr11	127060510	127060643	DNA/TcMar-Tigger	726	+	66	127060576	68395
chr11	46179357	46379357	harbor2	chr11	46242142	46242470	DNA/TcMar-Tigger	648	+	164	46242306	62949
chr11	43704576	43904576	harbor2	chr11	43754912	43755575	DNA/TcMar-Tigger	2035	+	332	43755244	50668
chr11	43704576	43904576	harbor2	chr11	43756295	43757198	DNA/TcMar-Tigger	2140	+	452	43756747	52171
chr11	88788636	88988636	harbor2	chr11	88843050	88844357	DNA/TcMar-Tigger	11333	+	654	88843704	55068
chr11	88788636	88988636	harbor2	chr11	88844391	88845423	DNA/TcMar-Tigger	11333	+	516	88844907	56271
chr11	88788636	88988636	harbor2	chr11	88845729	88845842	DNA/TcMar-Tigger	11333	+	56	88845785	57149
chr11	131937136	132137136	harbor2	chr11	131973871	131974279	DNA/TcMar-Tigger	2253	+	204	131974075	36939
chr11	131937136	132137136	harbor2	chr11	131992034	131992467	DNA/TcMar-Tigger	2016	+	216	131992250	55114
chr11	103665059	103865059	harbor2	chr11	103690604	103691227	DNA/TcMar-Tigger	2716	+	312	103690916	25857
chr11	115271401	115471401	harbor2	chr11	115303472	115303598	DNA/TcMar-Tigger	443	+	63	115303535	32134
chr11	115271401	115471401	harbor2	chr11	115306109	115306448	DNA/TcMar-Tigger	2301	+	170	115306279	34878
chr11	115271401	115471401	harbor2	chr11	115334374	115334710	DNA/TcMar-Tigger	1694	+	168	115334542	63141
chr11	115271401	115471401	harbor2	chr11	115346147	115346385	DNA/TcMar-Tigger	538	+	119	115346266	74865
chr11	115271401	115471401	harbor2	chr11	115363780	115364142	DNA/TcMar-Tigger	1924	+	181	115363961	92560
chr11	115271401	115471401	harbor2	chr11	115365023	115365683	DNA/TcMar-Tigger	1564	+	330	115365353	93952
chr12	120861620	121061620	harbor2	chr12	120881961	120882207	DNA/TcMar-Tigger	1039	+	123	120882084	20464
chr12	120861620	121061620	harbor2	chr12	120882206	120882293	DNA/TcMar-Tigger	461	+	44	120882250	20630
chr12	102599169	102799169	harbor2	chr12	102604305	102604572	DNA/TcMar-Tigger	578	+	134	102604439	5270
chr12	102599169	102799169	harbor2	chr12	102645380	102645839	DNA/TcMar-Tigger	2692	+	230	102645610	46441
chr12	124026480	124226480	harbor2	chr12	124107714	124108033	DNA/TcMar-Tigger	1899	+	160	124107874	81394
chr12	78970332	79170332	harbor2	chr12	79055875	79056204	DNA/TcMar-Tigger	1825	+	164	79056039	85707
chr12	84775325	84975325	harbor2	chr12	84843259	84845634	DNA/TcMar-Tigger	13192	+	1188	84844447	69122
chr12	79751365	79951365	harbor2	chr12	79800179	79800628	DNA/TcMar-Tigger	2389	+	224	79800403	49038
chr12	23859089	24059089	harbor2	chr12	23863930	23865393	DNA/TcMar-Tigger	11848	+	732	23864662	5573
chr12	23859089	24059089	harbor2	chr12	23865693	23866134	DNA/TcMar-Tigger	11848	+	220	23865913	6824
chr12	23859089	24059089	harbor2	chr12	23933071	23933287	DNA/TcMar-Tigger	1134	+	108	23933179	74090
chr12	23859089	24059089	harbor2	chr12	23933301	23933410	DNA/TcMar-Tigger	505	+	54	23933355	74266
chr12	116640061	116840061	harbor2	chr12	116715386	116715630	DNA/TcMar-Tigger	654	+	122	116715508	75447
chr12	116640061	116840061	harbor2	chr12	116725099	116725345	DNA/TcMar-Tigger	1316	+	123	116725222	85161
chr12	116640061	116840061	harbor2	chr12	116725343	116725427	DNA/TcMar-Tigger	492	+	42	116725385	85324
chr12	116640061	116840061	harbor2	chr12	116733110	116733190	DNA/TcMar-Tigger	3757	+	40	116733150	93089
chr12	116640061	116840061	harbor2	chr12	116733484	116733874	DNA/TcMar-Tigger	3757	+	195	116733679	93618
chr12	116640061	116840061	harbor2	chr12	116734177	116734353	DNA/TcMar-Tigger	3757	+	88	116734265	94204
chr12	77389379	77589379	harbor2	chr12	77417822	77418135	DNA/TcMar-Tigger	1475	+	156	77417978	28599
chr12	77389379	77589379	harbor2	chr12	77436574	77436759	DNA/TcMar-Tigger	475	+	92	77436666	47287
chr12	122750886	122950886	harbor2	chr12	122786551	122786678	DNA/TcMar-Tigger	1797	+	64	122786615	35729
chr12	122750886	122950886	harbor2	chr12	122786967	122787165	DNA/TcMar-Tigger	1797	+	99	122787066	36180
chr12	122750886	122950886	harbor2	chr12	122787765	122788094	DNA/TcMar-Tigger	1797	+	164	122787929	37043
chr12	49479926	49679926	harbor2	chr12	49505906	49506256	DNA/TcMar-Tigger	2123	+	175	49506081	26155
chr12	49479926	49679926	harbor2	chr12	49506854	49506911	DNA/TcMar-Tigger	2123	+	28	49506882	26956
chr12	26621911	26821911	harbor2	chr12	26623155	26623272	DNA/TcMar-Tigger	685	+	58	26623213	1302
chr12	26621911	26821911	harbor2	chr12	26623255	26623650	DNA/TcMar-Tigger	2433	+	198	26623453	1542
chr12	26621911	26821911	harbor2	chr12	26641962	26642261	DNA/TcMar-Tigger	525	+	150	26642112	20201
chr12	26621911	26821911	harbor2	chr12	26683136	26683712	DNA/TcMar-Tigger	3414	+	288	26683424	61513
chr12	132736664	132936664	harbor2	chr12	132812239	132812723	DNA/TcMar-Tigger	3057	+	242	132812481	75817
chr12	132736664	132936664	harbor2	chr12	132812717	132813127	DNA/TcMar-Tigger	2151	+	205	132812922	76258
chr12	54887212	55087212	harbor2	chr12	54890329	54891034	DNA/TcMar-Tigger	2312	+	352	54890681	3469
chr12	54887212	55087212	harbor2	chr12	54938231	54940000	DNA/TcMar-Tigger	13475	+	884	54939115	51903
chr12	54887212	55087212	harbor2	chr12	54940308	54940907	DNA/TcMar-Tigger	13475	+	300	54940608	53396
chr12	60771286	60971286	harbor2	chr12	60840399	60840689	DNA/TcMar-Tigger	1485	+	145	60840544	69258
chr12	60771286	60971286	harbor2	chr12	60841106	60841253	DNA/TcMar-Tigger	533	+	74	60841180	69894
chr12	92883775	93083775	harbor2	chr12	92885054	92885234	DNA/TcMar-Tigger	1109	+	90	92885144	1369
chr12	92883775	93083775	harbor2	chr12	92887712	92887807	DNA/TcMar-Tigger	501	+	48	92887760	3985
chr12	92883775	93083775	harbor2	chr12	92893894	92895133	DNA/TcMar-Tigger	13013	+	620	92894514	10739
chr12	92883775	93083775	harbor2	chr12	92895464	92895970	DNA/TcMar-Tigger	13013	+	253	92895717	11942
chr12	92883775	93083775	harbor2	chr12	92896271	92896603	DNA/TcMar-Tigger	13013	+	166	92896437	12662
chr12	92883775	93083775	harbor2	chr12	92896789	92896892	DNA/TcMar-Tigger	690	+	52	92896841	13066
chr12	92883775	93083775	harbor2	chr12	92897829	92898065	DNA/TcMar-Tigger	1549	+	118	92897947	14172
chr12	63087259	63287259	harbor2	chr12	63127070	63127481	DNA/TcMar-Tigger	2587	+	206	63127276	40017
chr12	111938858	112138858	harbor2	chr12	111945758	111946019	DNA/TcMar-Tigger	1611	+	130	111945888	7030
chr12	111938858	112138858	harbor2	chr12	111955679	111956016	DNA/TcMar-Tigger	2253	+	168	111955847	16989
chr12	107776546	107976546	harbor2	chr12	107848212	107848465	DNA/TcMar-Tigger	1203	+	126	107848338	71792
chr12	93890624	94090624	harbor2	chr12	93905584	93905808	DNA/TcMar-Tigger	1273	+	112	93905696	15072
chr12	96941451	97141451	harbor2	chr12	96946975	96947265	DNA/TcMar-Tigger	831	+	145	96947120	5669
chr12	96941451	97141451	harbor2	chr12	97029163	97029392	DNA/TcMar-Tigger	940	+	114	97029277	87826
chr12	102960457	103160457	harbor2	chr12	102976271	102976606	DNA/TcMar-Tigger	1952	+	168	102976439	15982
chr12	102960457	103160457	harbor2	chr12	103008137	103008482	DNA/TcMar-Tigger	1685	+	172	103008309	47852
chr12	102960457	103160457	harbor2	chr12	103009441	103010011	DNA/TcMar-Tigger	3216	+	285	103009726	49269
chr12	132986248	133186248	harbor2	chr12	132992625	132992703	DNA/TcMar-Tigger	455	+	39	132992664	6416
chr12	132986248	133186248	harbor2	chr12	133041896	133042632	DNA/TcMar-Tigger	2995	+	368	133042264	56016
chr12	110694826	110894826	harbor2	chr12	110711965	110712280	DNA/TcMar-Tigger	1757	+	158	110712123	17297
chr12	110694826	110894826	harbor2	chr12	110726643	110726866	DNA/TcMar-Tigger	1197	+	112	110726755	31929
chr12	110694826	110894826	harbor2	chr12	110783117	110783439	DNA/TcMar-Tigger	1055	+	161	110783278	88452
chr12	30723482	30923482	harbor2	chr12	30746576	30747395	DNA/TcMar-Tigger	11224	+	410	30746986	23504
chr12	30723482	30923482	harbor2	chr12	30747700	30748634	DNA/TcMar-Tigger	11224	+	467	30748167	24685
chr12	30723482	30923482	harbor2	chr12	30756695	30757015	DNA/TcMar-Tigger	777	+	160	30756855	33373
chr12	62775459	62975459	harbor2	chr12	62816301	62816648	DNA/TcMar-Tigger	1748	+	174	62816475	41016
chr12	111801752	112001752	harbor2	chr12	111846387	111846490	DNA/TcMar-Tigger	1195	+	52	111846439	44687
chr12	111801752	112001752	harbor2	chr12	111846796	111846940	DNA/TcMar-Tigger	1195	+	72	111846868	45116
chr12	111801752	112001752	harbor2	chr12	111846934	111847034	DNA/TcMar-Tigger	543	+	50	111846984	45232
chr12	111801752	112001752	harbor2	chr12	111850328	111850894	DNA/TcMar-Tigger	10696	+	283	111850611	48859
chr12	111801752	112001752	harbor2	chr12	111851198	111851338	DNA/TcMar-Tigger	10696	+	70	111851268	49516
chr12	111801752	112001752	harbor2	chr12	111851626	111852654	DNA/TcMar-Tigger	10696	+	514	111852140	50388
chr12	104756567	104956567	harbor2	chr12	104768493	104768816	DNA/TcMar-Tigger	1336	+	162	104768655	12088
chr12	104756567	104956567	harbor2	chr12	104831425	104831536	DNA/TcMar-Tigger	637	+	56	104831481	74914
chr12	104756567	104956567	harbor2	chr12	104847737	104847936	DNA/TcMar-Tigger	1176	+	100	104847837	91270
chr12	125555688	125755688	harbor2	chr12	125586435	125587157	DNA/TcMar-Tigger	4067	+	361	125586796	31108
chr12	78716624	78916624	harbor2	chr12	78720477	78720796	DNA/TcMar-Tigger	1571	+	160	78720637	4013
chr12	78716624	78916624	harbor2	chr12	78795036	78795318	DNA/TcMar-Tigger	10286	+	141	78795177	78553
chr12	78716624	78916624	harbor2	chr12	78795631	78795673	DNA/TcMar-Tigger	10286	+	21	78795652	79028
chr12	78716624	78916624	harbor2	chr12	78795711	78796881	DNA/TcMar-Tigger	10286	+	585	78796296	79672
chr12	78716624	78916624	harbor2	chr12	78797195	78797763	DNA/TcMar-Tigger	10286	+	284	78797479	80855
chr12	103903386	104103386	harbor2	chr12	103960665	103961537	DNA/TcMar-Tigger	6237	+	436	103961101	57715
chr12	103903386	104103386	harbor2	chr12	103961860	103962092	DNA/TcMar-Tigger	6237	+	116	103961976	58590
chr12	103903386	104103386	harbor2	chr12	103970867	103971176	DNA/TcMar-Tigger	1470	+	154	103971021	67635
chr12	103903386	104103386	harbor2	chr12	104000780	104000906	DNA/TcMar-Tigger	452	+	63	104000843	97457
chr12	131563802	131763802	harbor2	chr12	131583345	131583663	DNA/TcMar-Tigger	1094	+	159	131583504	19702
chr12	121765627	121965627	harbor2	chr12	121820903	121821094	DNA/TcMar-Tigger	753	+	96	121820999	55372
chr12	51845020	52045020	harbor2	chr12	51930785	51930986	DNA/TcMar-Tigger	2306	+	100	51930885	85865
chr12	51845020	52045020	harbor2	chr12	51931377	51931644	DNA/TcMar-Tigger	2306	+	134	51931511	86491
chr12	127874295	128074295	harbor2	chr12	127919539	127919737	DNA/TcMar-Tigger	1146	+	99	127919638	45343
chr12	127874295	128074295	harbor2	chr12	127919862	127920004	DNA/TcMar-Tigger	1146	+	71	127919933	45638
chr12	131382006	131582006	harbor2	chr12	131462965	131465685	DNA/TcMar-Tigger	16247	+	1360	131464325	82319
chr12	86597951	86797951	harbor2	chr12	86597961	86598055	DNA/TcMar-Tigger	656	+	47	86598008	57
chr12	86597951	86797951	harbor2	chr12	86619014	86619214	DNA/TcMar-Tigger	1099	+	100	86619114	21163
chr12	86597951	86797951	harbor2	chr12	86621787	86622185	DNA/TcMar-Tigger	1990	+	199	86621986	24035
chr12	86597951	86797951	harbor2	chr12	86635551	86635657	DNA/TcMar-Tigger	1867	+	53	86635604	37653
chr12	86597951	86797951	harbor2	chr12	86635978	86636243	DNA/TcMar-Tigger	1867	+	132	86636110	38159
chr12	77381298	77581298	harbor2	chr12	77417822	77418135	DNA/TcMar-Tigger	1475	+	156	77417978	36680
chr12	77381298	77581298	harbor2	chr12	77436574	77436759	DNA/TcMar-Tigger	475	+	92	77436666	55368
chr12	101943227	102143227	harbor2	chr12	102011902	102012171	DNA/TcMar-Tigger	1166	+	134	102012036	68809
chr12	101943227	102143227	harbor2	chr12	102015770	102015869	DNA/TcMar-Tigger	627	+	50	102015820	72593
chr12	101943227	102143227	harbor2	chr12	102016505	102017349	DNA/TcMar-Tigger	4677	+	422	102016927	73700
chr12	20967574	21167574	harbor2	chr12	21016869	21017202	DNA/TcMar-Tigger	1031	+	166	21017035	49461
chr12	20967574	21167574	harbor2	chr12	21021732	21021947	DNA/TcMar-Tigger	532	+	108	21021840	54266
chr12	20967574	21167574	harbor2	chr12	21025987	21026745	DNA/TcMar-Tigger	3920	+	379	21026366	58792
chr12	20967574	21167574	harbor2	chr12	21026803	21026937	DNA/TcMar-Tigger	10202	+	67	21026870	59296
chr12	20967574	21167574	harbor2	chr12	21027376	21029237	DNA/TcMar-Tigger	10202	+	930	21028306	60732
chr12	20967574	21167574	harbor2	chr12	21032869	21032961	DNA/TcMar-Tigger	545	+	46	21032915	65341
chr12	127659911	127859911	harbor2	chr12	127722562	127722913	DNA/TcMar-Tigger	616	+	176	127722738	62827
chr12	127659911	127859911	harbor2	chr12	127759687	127760014	DNA/TcMar-Tigger	1686	+	164	127759851	99940
chr12	118976237	119176237	harbor2	chr12	119012812	119013090	DNA/TcMar-Tigger	485	+	139	119012951	36714
chr12	22809745	23009745	harbor2	chr12	22828237	22828401	DNA/TcMar-Tigger	600	+	82	22828319	18574
chr12	22809745	23009745	harbor2	chr12	22839941	22840282	DNA/TcMar-Tigger	1813	+	170	22840111	30366
chr12	22809745	23009745	harbor2	chr12	22859553	22859846	DNA/TcMar-Tigger	1667	+	146	22859699	49954
chr12	131965157	132165157	harbor2	chr12	131996970	131997089	DNA/TcMar-Tigger	881	+	60	131997030	31873
chr12	131965157	132165157	harbor2	chr12	131997839	131997909	DNA/TcMar-Tigger	881	+	35	131997874	32717
chr12	131965157	132165157	harbor2	chr12	132003275	132003482	DNA/TcMar-Tigger	1220	+	104	132003379	38222
chr13	107390325	107590325	harbor2	chr13	107401012	107401276	DNA/TcMar-Tigger	1241	+	132	107401144	10819
chr13	107390325	107590325	harbor2	chr13	107401275	107401370	DNA/TcMar-Tigger	429	+	48	107401323	10998
chr13	107390325	107590325	harbor2	chr13	107416323	107416760	DNA/TcMar-Tigger	2515	+	218	107416541	26216
chr13	108506323	108706323	harbor2	chr13	108562624	108562902	DNA/TcMar-Tigger	1423	+	139	108562763	56440
chr13	58102484	58302484	harbor2	chr13	58172129	58172447	DNA/TcMar-Tigger	1422	+	159	58172288	69804
chr13	63117841	63317841	harbor2	chr13	63203095	63203513	DNA/TcMar-Tigger	2226	+	209	63203304	85463
chr13	83916741	84116741	harbor2	chr13	83987903	83988138	DNA/TcMar-Tigger	1013	+	118	83988021	71280
chr13	83916741	84116741	harbor2	chr13	84002512	84002790	DNA/TcMar-Tigger	1858	+	139	84002651	85910
chr13	83916741	84116741	harbor2	chr13	84003100	84003183	DNA/TcMar-Tigger	1858	+	42	84003142	86401
chr13	83916741	84116741	harbor2	chr13	84010149	84010492	DNA/TcMar-Tigger	1795	+	172	84010321	93580
chr13	75106175	75306175	harbor2	chr13	75119686	75119981	DNA/TcMar-Tigger	1538	+	148	75119834	13659
chr13	108290102	108490102	harbor2	chr13	108365101	108365532	DNA/TcMar-Tigger	2355	+	216	108365317	75215
chr13	84580156	84780156	harbor2	chr13	84601530	84601783	DNA/TcMar-Tigger	1301	+	126	84601656	21500
chr13	84580156	84780156	harbor2	chr13	84630585	84631010	DNA/TcMar-Tigger	2050	+	212	84630797	50641
chr13	84580156	84780156	harbor2	chr13	84632708	84632916	DNA/TcMar-Tigger	944	+	104	84632812	52656
chr13	80240365	80440365	harbor2	chr13	80241529	80241568	DNA/TcMar-Tigger	5825	+	20	80241549	1184
chr13	80240365	80440365	harbor2	chr13	80241868	80242007	DNA/TcMar-Tigger	5825	+	70	80241938	1573
chr13	80240365	80440365	harbor2	chr13	80242324	80243263	DNA/TcMar-Tigger	5825	+	470	80242794	2429
chr13	18634038	18834038	harbor2	chr13	18670655	18670873	DNA/TcMar-Tigger	835	+	109	18670764	36726
chr13	18634038	18834038	harbor2	chr13	18704007	18704695	DNA/TcMar-Tigger	1212	+	344	18704351	70313
chr13	84849949	85049949	harbor2	chr13	84882672	84883086	DNA/TcMar-Tigger	2090	+	207	84882879	32930
chr13	84849949	85049949	harbor2	chr13	84919724	84919989	DNA/TcMar-Tigger	1969	+	132	84919856	69907
chr13	84849949	85049949	harbor2	chr13	84920353	84920448	DNA/TcMar-Tigger	1969	+	48	84920401	70452
chr13	111876994	112076994	harbor2	chr13	111940799	111940947	DNA/TcMar-Tigger	674	+	74	111940873	63879
chr13	111876994	112076994	harbor2	chr13	111940933	111941157	DNA/TcMar-Tigger	681	+	112	111941045	64051
chr13	111876994	112076994	harbor2	chr13	111941218	111941708	DNA/TcMar-Tigger	1620	+	245	111941463	64469
chr13	68497953	68697953	harbor2	chr13	68547476	68547764	DNA/TcMar-Tigger	1643	+	144	68547620	49667
chr13	68497953	68697953	harbor2	chr13	68547756	68548199	DNA/TcMar-Tigger	2592	+	222	68547978	50025
chr13	68497953	68697953	harbor2	chr13	68593461	68594638	DNA/TcMar-Tigger	6342	+	588	68594049	96096
chr13	68454919	68654919	harbor2	chr13	68492574	68492850	DNA/TcMar-Tigger	1370	+	138	68492712	37793
chr13	68454919	68654919	harbor2	chr13	68547476	68547764	DNA/TcMar-Tigger	1643	+	144	68547620	92701
chr13	68454919	68654919	harbor2	chr13	68547756	68548199	DNA/TcMar-Tigger	2592	+	222	68547978	93059
chr13	55447620	55647620	harbor2	chr13	55455720	55456887	DNA/TcMar-Tigger	6518	+	584	55456304	8684
chr13	91250147	91450147	harbor2	chr13	91286312	91286661	DNA/TcMar-Tigger	2144	+	174	91286486	36339
chr13	91250147	91450147	harbor2	chr13	91319419	91319827	DNA/TcMar-Tigger	1427	+	204	91319623	69476
chr13	99199216	99399216	harbor2	chr13	99261875	99262369	DNA/TcMar-Tigger	2429	+	247	99262122	62906
chr13	113650412	113850412	harbor2	chr13	113748484	113748705	DNA/TcMar-Tigger	446	+	110	113748594	98182
chr13	106326599	106526599	harbor2	chr13	106352171	106352393	DNA/TcMar-Tigger	1152	+	111	106352282	25683
chr13	106326599	106526599	harbor2	chr13	106365272	106365436	DNA/TcMar-Tigger	482	+	82	106365354	38755
chr13	104925468	105125468	harbor2	chr13	104948552	104949735	DNA/TcMar-Tigger	6201	+	592	104949144	23676
chr13	78445507	78645507	harbor2	chr13	78458205	78458288	DNA/TcMar-Tigger	719	+	42	78458247	12740
chr13	78445507	78645507	harbor2	chr13	78458852	78458968	DNA/TcMar-Tigger	719	+	58	78458910	13403
chr13	92841594	93041594	harbor2	chr13	92853188	92853515	DNA/TcMar-Tigger	1622	+	164	92853352	11758
chr13	92841594	93041594	harbor2	chr13	92911389	92911524	DNA/TcMar-Tigger	466	+	68	92911457	69863
chr13	113889243	114089243	harbor2	chr13	113906887	113907214	DNA/TcMar-Tigger	505	+	164	113907051	17808
chr13	38974059	39174059	harbor2	chr13	38984428	38984765	DNA/TcMar-Tigger	2144	+	168	38984596	10537
chr13	38974059	39174059	harbor2	chr13	39007427	39008209	DNA/TcMar-Tigger	3699	+	391	39007818	33759
chr13	38974059	39174059	harbor2	chr13	39070590	39070937	DNA/TcMar-Tigger	999	+	174	39070764	96705
chr13	53426796	53626796	harbor2	chr13	53512168	53512580	DNA/TcMar-Tigger	1098	+	206	53512374	85578
chr13	69458195	69658195	harbor2	chr13	69530158	69530589	DNA/TcMar-Tigger	2510	+	216	69530374	72179
chr13	69458195	69658195	harbor2	chr13	69531070	69532999	DNA/TcMar-Tigger	11143	+	964	69532034	73839
chr13	80823054	81023054	harbor2	chr13	80850555	80851826	DNA/TcMar-Tigger	5395	+	636	80851191	28137
chr13	73842251	74042251	harbor2	chr13	73924220	73926587	DNA/TcMar-Tigger	14084	+	1184	73925404	83153
chr13	80150814	80350814	harbor2	chr13	80241529	80241568	DNA/TcMar-Tigger	5825	+	20	80241549	90735
chr13	80150814	80350814	harbor2	chr13	80241868	80242007	DNA/TcMar-Tigger	5825	+	70	80241938	91124
chr13	80150814	80350814	harbor2	chr13	80242324	80243263	DNA/TcMar-Tigger	5825	+	470	80242794	91980
chr14	98937710	99137710	harbor2	chr14	98982051	98982325	DNA/TcMar-Tigger	426	+	137	98982188	44478
chr14	53498927	53698927	harbor2	chr14	53592284	53592598	DNA/TcMar-Tigger	609	+	157	53592441	93514
chr14	51413534	51613534	harbor2	chr14	51420519	51420768	DNA/TcMar-Tigger	1979	+	124	51420643	7109
chr14	51413534	51613534	harbor2	chr14	51421071	51421163	DNA/TcMar-Tigger	1979	+	46	51421117	7583
chr14	51413534	51613534	harbor2	chr14	51440084	51440334	DNA/TcMar-Tigger	689	+	125	51440209	26675
chr14	97477268	97677268	harbor2	chr14	97530425	97530635	DNA/TcMar-Tigger	1210	+	105	97530530	53262
chr14	31214421	31414421	harbor2	chr14	31313657	31313843	DNA/TcMar-Tigger	580	+	93	31313750	99329
chr14	102379944	102579944	harbor2	chr14	102422857	102423091	DNA/TcMar-Tigger	783	+	117	102422974	43030
chr14	102379944	102579944	harbor2	chr14	102423590	102423723	DNA/TcMar-Tigger	774	+	66	102423656	43712
chr14	102379944	102579944	harbor2	chr14	102451437	102451722	DNA/TcMar-Tigger	653	+	142	102451579	71635
chr14	32485606	32685606	harbor2	chr14	32532498	32532778	DNA/TcMar-Tigger	632	+	140	32532638	47032
chr14	88698893	88898893	harbor2	chr14	88728092	88728302	DNA/TcMar-Tigger	1649	+	105	88728197	29304
chr14	88698893	88898893	harbor2	chr14	88728735	88728853	DNA/TcMar-Tigger	1649	+	59	88728794	29901
chr14	88698893	88898893	harbor2	chr14	88739281	88739440	DNA/TcMar-Tigger	655	+	80	88739361	40468
chr14	88389482	88589482	harbor2	chr14	88430882	88431087	DNA/TcMar-Tigger	1061	+	102	88430984	41502
chr14	101196311	101396311	harbor2	chr14	101260599	101261090	DNA/TcMar-Tigger	2579	+	246	101260845	64534
chr14	50440236	50640236	harbor2	chr14	50451898	50452237	DNA/TcMar-Tigger	1726	+	170	50452068	11832
chr14	75249928	75449928	harbor2	chr14	75334889	75334978	DNA/TcMar-Tigger	419	+	44	75334933	85005
chr14	75697845	75897845	harbor2	chr14	75713141	75713512	DNA/TcMar-Tigger	1619	+	186	75713327	15482
chr14	75697845	75897845	harbor2	chr14	75750390	75750488	DNA/TcMar-Tigger	500	+	49	75750439	52594
chr14	75697845	75897845	harbor2	chr14	75750480	75750727	DNA/TcMar-Tigger	1632	+	124	75750604	52759
chr14	75697845	75897845	harbor2	chr14	75753226	75753582	DNA/TcMar-Tigger	723	+	178	75753404	55559
chr14	99644325	99844325	harbor2	chr14	99700463	99701624	DNA/TcMar-Tigger	6668	+	580	99701043	56718
chr14	99644325	99844325	harbor2	chr14	99704335	99704578	DNA/TcMar-Tigger	577	+	122	99704457	60132
chr14	85715869	85915869	harbor2	chr14	85788995	85791535	DNA/TcMar-Tigger	13539	+	1270	85790265	74396
chr14	84307883	84507883	harbor2	chr14	84339356	84339800	DNA/TcMar-Tigger	2185	+	222	84339578	31695
chr14	84307883	84507883	harbor2	chr14	84364410	84364493	DNA/TcMar-Tigger	428	+	42	84364452	56569
chr14	84307883	84507883	harbor2	chr14	84372613	84372751	DNA/TcMar-Tigger	782	+	69	84372682	64799
chr14	84307883	84507883	harbor2	chr14	84372748	84372977	DNA/TcMar-Tigger	1095	+	114	84372862	64979
chr14	84307883	84507883	harbor2	chr14	84377239	84377839	DNA/TcMar-Tigger	2735	+	300	84377539	69656
chr14	81685860	81885860	harbor2	chr14	81728463	81729073	DNA/TcMar-Tigger	3211	+	305	81728768	42908
chr14	81685860	81885860	harbor2	chr14	81734921	81735498	DNA/TcMar-Tigger	852	+	288	81735209	49349
chr14	65125635	65325635	harbor2	chr14	65154987	65155371	DNA/TcMar-Tigger	3496	+	192	65155179	29544
chr14	65125635	65325635	harbor2	chr14	65155668	65155927	DNA/TcMar-Tigger	3496	+	130	65155798	30163
chr14	65125635	65325635	harbor2	chr14	65155979	65156081	DNA/TcMar-Tigger	659	+	51	65156030	30395
chr14	65125635	65325635	harbor2	chr14	65211369	65211708	DNA/TcMar-Tigger	1312	+	170	65211539	85904
chr14	93021646	93221646	harbor2	chr14	93026904	93027104	DNA/TcMar-Tigger	1018	+	100	93027004	5358
chr14	37948693	38148693	harbor2	chr14	37986961	37987290	DNA/TcMar-Tigger	1934	+	164	37987125	38432
chr14	39445548	39645548	harbor2	chr14	39456565	39456941	DNA/TcMar-Tigger	1638	+	188	39456753	11205
chr14	28573598	28773598	harbor2	chr14	28650383	28650736	DNA/TcMar-Tigger	1836	+	176	28650559	76961
chr14	28573598	28773598	harbor2	chr14	28651723	28652071	DNA/TcMar-Tigger	1795	+	174	28651897	78299
chr14	28573598	28773598	harbor2	chr14	28657947	28658311	DNA/TcMar-Tigger	2310	+	182	28658129	84531
chr14	95402955	95602955	harbor2	chr14	95487814	95488259	DNA/TcMar-Tigger	2771	+	222	95488036	85081
chr14	85978590	86178590	harbor2	chr14	85983380	85983713	DNA/TcMar-Tigger	1722	+	166	85983546	4956
chr14	85978590	86178590	harbor2	chr14	85993577	85993877	DNA/TcMar-Tigger	531	+	150	85993727	15137
chr14	85978590	86178590	harbor2	chr14	86067738	86067917	DNA/TcMar-Tigger	1060	+	90	86067828	89238
chr14	96131970	96331970	harbor2	chr14	96136673	96136769	DNA/TcMar-Tigger	496	+	48	96136721	4751
chr14	84321665	84521665	harbor2	chr14	84339356	84339800	DNA/TcMar-Tigger	2185	+	222	84339578	17913
chr14	84321665	84521665	harbor2	chr14	84364410	84364493	DNA/TcMar-Tigger	428	+	42	84364452	42787
chr14	84321665	84521665	harbor2	chr14	84372613	84372751	DNA/TcMar-Tigger	782	+	69	84372682	51017
chr14	84321665	84521665	harbor2	chr14	84372748	84372977	DNA/TcMar-Tigger	1095	+	114	84372862	51197
chr14	84321665	84521665	harbor2	chr14	84409504	84409723	DNA/TcMar-Tigger	12557	+	110	84409614	87949
chr14	84321665	84521665	harbor2	chr14	84411689	84412503	DNA/TcMar-Tigger	12557	+	407	84412096	90431
chr14	84321665	84521665	harbor2	chr14	84377239	84377839	DNA/TcMar-Tigger	2735	+	300	84377539	55874
chr14	84321665	84521665	harbor2	chr14	84410098	84411388	DNA/TcMar-Tigger	12557	+	645	84410743	89078
chr14	89180055	89380055	harbor2	chr14	89198163	89198426	DNA/TcMar-Tigger	1693	+	132	89198295	18240
chr14	89180055	89380055	harbor2	chr14	89199945	89200041	DNA/TcMar-Tigger	577	+	48	89199993	19938
chr14	104840071	105040071	harbor2	chr14	104917371	104917581	DNA/TcMar-Tigger	1144	+	105	104917476	77405
chr14	104840071	105040071	harbor2	chr14	104918258	104918329	DNA/TcMar-Tigger	420	+	36	104918294	78223
chr14	103548913	103748913	harbor2	chr14	103579983	103580090	DNA/TcMar-Tigger	687	+	54	103580037	31124
chr14	103548913	103748913	harbor2	chr14	103581103	103581195	DNA/TcMar-Tigger	511	+	46	103581149	32236
chr14	103053313	103253313	harbor2	chr14	103066778	103066865	DNA/TcMar-Tigger	1792	+	44	103066822	13509
chr14	103053313	103253313	harbor2	chr14	103067167	103067417	DNA/TcMar-Tigger	1792	+	125	103067292	13979
chr14	61182987	61382987	harbor2	chr14	61200616	61200949	DNA/TcMar-Tigger	1717	+	166	61200782	17795
chr14	80194044	80394044	harbor2	chr14	80254274	80256688	DNA/TcMar-Tigger	15388	+	1207	80255481	61437
chr14	80194044	80394044	harbor2	chr14	80280809	80280977	DNA/TcMar-Tigger	931	+	84	80280893	86849
chr14	61605186	61805186	harbor2	chr14	61638833	61639491	DNA/TcMar-Tigger	5641	+	329	61639162	33976
chr14	61605186	61805186	harbor2	chr14	61639798	61640156	DNA/TcMar-Tigger	5641	+	179	61639977	34791
chr14	91308738	91508738	harbor2	chr14	91347163	91347387	DNA/TcMar-Tigger	438	+	112	91347275	38537
chr14	29824980	30024980	harbor2	chr14	29887613	29887945	DNA/TcMar-Tigger	2016	+	166	29887779	62799
chr14	65548062	65748062	harbor2	chr14	65559358	65559515	DNA/TcMar-Tigger	1084	+	78	65559436	11374
chr14	65548062	65748062	harbor2	chr14	65588638	65588961	DNA/TcMar-Tigger	1644	+	162	65588800	40738
chr14	89826324	90026324	harbor2	chr14	89901785	89902016	DNA/TcMar-Tigger	1160	+	116	89901901	75577
chr14	89826324	90026324	harbor2	chr14	89908374	89908689	DNA/TcMar-Tigger	1673	+	158	89908532	82208
chr14	93352361	93552361	harbor2	chr14	93354292	93354500	DNA/TcMar-Tigger	1487	+	104	93354396	2035
chr14	93352361	93552361	harbor2	chr14	93354802	93354832	DNA/TcMar-Tigger	1487	+	15	93354817	2456
chr14	93352361	93552361	harbor2	chr14	93439968	93440292	DNA/TcMar-Tigger	1210	+	162	93440130	87769
chr14	84529393	84729393	harbor2	chr14	84529019	84529450	DNA/TcMar-Tigger	2127	+	216	84529235	158
chr14	84529393	84729393	harbor2	chr14	84596982	84597226	DNA/TcMar-Tigger	842	+	122	84597104	67711
chr14	84529393	84729393	harbor2	chr14	84603662	84603985	DNA/TcMar-Tigger	1458	+	162	84603824	74431
chr14	84529393	84729393	harbor2	chr14	84628951	84629176	DNA/TcMar-Tigger	477	+	112	84629063	99670
chr14	104850085	105050085	harbor2	chr14	104917371	104917581	DNA/TcMar-Tigger	1144	+	105	104917476	67391
chr14	104850085	105050085	harbor2	chr14	104918258	104918329	DNA/TcMar-Tigger	420	+	36	104918294	68209
chr14	103037678	103237678	harbor2	chr14	103066778	103066865	DNA/TcMar-Tigger	1792	+	44	103066822	29144
chr14	103037678	103237678	harbor2	chr14	103067167	103067417	DNA/TcMar-Tigger	1792	+	125	103067292	29614
chr14	97225595	97425595	harbor2	chr14	97229560	97229874	DNA/TcMar-Tigger	1718	+	157	97229717	4122
chr14	97225595	97425595	harbor2	chr14	97263108	97263487	DNA/TcMar-Tigger	7129	+	190	97263298	37703
chr14	97225595	97425595	harbor2	chr14	97263786	97264345	DNA/TcMar-Tigger	7129	+	280	97264066	38471
chr14	97225595	97425595	harbor2	chr14	97264639	97264857	DNA/TcMar-Tigger	7129	+	109	97264748	39153
chr14	97225595	97425595	harbor2	chr14	97268996	97269518	DNA/TcMar-Tigger	1476	+	261	97269257	43662
chr14	97225595	97425595	harbor2	chr14	97269875	97269939	DNA/TcMar-Tigger	1476	+	32	97269907	44312
chr14	67725211	67925211	harbor2	chr14	67730400	67730611	DNA/TcMar-Tigger	838	+	106	67730506	5295
chr14	67725211	67925211	harbor2	chr14	67730904	67730934	DNA/TcMar-Tigger	838	+	15	67730919	5708
chr14	67725211	67925211	harbor2	chr14	67763364	67763690	DNA/TcMar-Tigger	2096	+	163	67763527	38316
chr14	67725211	67925211	harbor2	chr14	67774027	67774197	DNA/TcMar-Tigger	519	+	85	67774112	48901
chr14	67725211	67925211	harbor2	chr14	67774756	67774842	DNA/TcMar-Tigger	421	+	43	67774799	49588
chr14	101287871	101487871	harbor2	chr14	101341222	101341534	DNA/TcMar-Tigger	1551	+	156	101341378	53507
chr14	72141644	72341644	harbor2	chr14	72187765	72188350	DNA/TcMar-Tigger	3203	+	292	72188057	46413
chr14	78107797	78307797	harbor2	chr14	78136109	78136428	DNA/TcMar-Tigger	1793	+	160	78136269	28472
chr14	78107797	78307797	harbor2	chr14	78140719	78140940	DNA/TcMar-Tigger	472	+	110	78140829	33032
chr14	71954555	72154555	harbor2	chr14	72011611	72011824	DNA/TcMar-Tigger	1169	+	106	72011717	57162
chr14	71954555	72154555	harbor2	chr14	72034851	72035074	DNA/TcMar-Tigger	1153	+	112	72034963	80408
chr14	71954555	72154555	harbor2	chr14	72035076	72035180	DNA/TcMar-Tigger	603	+	52	72035128	80573
chr14	71954555	72154555	harbor2	chr14	72050685	72050925	DNA/TcMar-Tigger	1317	+	120	72050805	96250
chr14	104977186	105177186	harbor2	chr14	104987992	104988331	DNA/TcMar-Tigger	1955	+	170	104988162	10976
chr14	104977186	105177186	harbor2	chr14	104988639	104988830	DNA/TcMar-Tigger	1955	+	96	104988735	11549
chr14	73553767	73753767	harbor2	chr14	73624881	73625052	DNA/TcMar-Tigger	5238	+	86	73624967	71200
chr14	73553767	73753767	harbor2	chr14	73625661	73626165	DNA/TcMar-Tigger	5238	+	252	73625913	72146
chr14	73553767	73753767	harbor2	chr14	73626389	73626517	DNA/TcMar-Tigger	5238	+	64	73626453	72686
chr14	73553767	73753767	harbor2	chr14	73626669	73626789	DNA/TcMar-Tigger	833	+	60	73626729	72962
chr14	73553767	73753767	harbor2	chr14	73627092	73627203	DNA/TcMar-Tigger	833	+	56	73627148	73381
chr14	73553767	73753767	harbor2	chr14	73629084	73629404	DNA/TcMar-Tigger	1865	+	160	73629244	75477
chr14	94861120	95061120	harbor2	chr14	94898395	94898686	DNA/TcMar-Tigger	1738	+	146	94898541	37421
chr14	85579658	85779658	harbor2	chr14	85663171	85663376	DNA/TcMar-Tigger	697	+	102	85663273	83615
chr14	95455982	95655982	harbor2	chr14	95487814	95488259	DNA/TcMar-Tigger	2771	+	222	95488036	32054
chr14	93252936	93452936	harbor2	chr14	93298293	93298646	DNA/TcMar-Tigger	1962	+	176	93298469	45533
chr14	93252936	93452936	harbor2	chr14	93334648	93334857	DNA/TcMar-Tigger	835	+	104	93334752	81816
chr14	105388668	105588668	harbor2	chr14	105427140	105427697	DNA/TcMar-Tigger	1715	+	278	105427418	38750
chr14	74324589	74524589	harbor2	chr14	74372335	74372461	DNA/TcMar-Tigger	1427	+	63	74372398	47809
chr14	74324589	74524589	harbor2	chr14	74373094	74373292	DNA/TcMar-Tigger	1427	+	99	74373193	48604
chr14	74324589	74524589	harbor2	chr14	74373947	74374789	DNA/TcMar-Tigger	11867	+	421	74374368	49779
chr14	74324589	74524589	harbor2	chr14	74375262	74375559	DNA/TcMar-Tigger	11867	+	148	74375410	50821
chr14	74324589	74524589	harbor2	chr14	74376229	74376719	DNA/TcMar-Tigger	11867	+	245	74376474	51885
chr14	74324589	74524589	harbor2	chr14	74377024	74377132	DNA/TcMar-Tigger	11867	+	54	74377078	52489
chr14	74324589	74524589	harbor2	chr14	74377444	74377683	DNA/TcMar-Tigger	11867	+	120	74377564	52975
chr14	74324589	74524589	harbor2	chr14	74379629	74379870	DNA/TcMar-Tigger	2116	+	120	74379749	55160
chr14	74324589	74524589	harbor2	chr14	74380160	74380448	DNA/TcMar-Tigger	2116	+	144	74380304	55715
chr14	90123014	90323014	harbor2	chr14	90157014	90157280	DNA/TcMar-Tigger	449	+	133	90157147	34133
chr14	90123014	90323014	harbor2	chr14	90195362	90195435	DNA/TcMar-Tigger	1786	+	36	90195398	72384
chr14	90123014	90323014	harbor2	chr14	90195721	90195984	DNA/TcMar-Tigger	1786	+	132	90195853	72839
chr14	90123014	90323014	harbor2	chr14	90216804	90217481	DNA/TcMar-Tigger	1412	+	338	90217142	94128
chr14	57356937	57556937	harbor2	chr14	57382293	57382547	DNA/TcMar-Tigger	1372	+	127	57382420	25483
chr14	57356937	57556937	harbor2	chr14	57382549	57382637	DNA/TcMar-Tigger	449	+	44	57382593	25656
chr14	102529878	102729878	harbor2	chr14	102605408	102605921	DNA/TcMar-Tigger	2569	+	256	102605664	75786
chr14	102529878	102729878	harbor2	chr14	102617088	102617427	DNA/TcMar-Tigger	740	+	170	102617258	87380
chr14	85619175	85819175	harbor2	chr14	85663171	85663376	DNA/TcMar-Tigger	697	+	102	85663273	44098
chr14	85619175	85819175	harbor2	chr14	85704344	85705041	DNA/TcMar-Tigger	1976	+	348	85704692	85517
chr14	50034455	50234455	harbor2	chr14	50066361	50066623	DNA/TcMar-Tigger	547	+	131	50066492	32037
chr14	58040784	58240784	harbor2	chr14	58040706	58040901	DNA/TcMar-Tigger	474	+	98	58040804	20
chr14	86258141	86458141	harbor2	chr14	86261391	86262417	DNA/TcMar-Tigger	5100	+	513	86261904	3763
chr14	76368307	76568307	harbor2	chr14	76401508	76401822	DNA/TcMar-Tigger	1836	+	157	76401665	33358
chr14	90296087	90496087	harbor2	chr14	90308131	90308325	DNA/TcMar-Tigger	767	+	97	90308228	12141
chr14	90296087	90496087	harbor2	chr14	90375957	90376175	DNA/TcMar-Tigger	1416	+	109	90376066	79979
chr14	23704653	23904653	harbor2	chr14	23797396	23797780	DNA/TcMar-Tigger	1674	+	192	23797588	92935
chr15	26656230	26856230	harbor2	chr15	26708097	26708140	DNA/TcMar-Tigger	464	+	22	26708119	51889
chr15	53028079	53228079	harbor2	chr15	53095659	53096448	DNA/TcMar-Tigger	6099	+	394	53096053	67974
chr15	53028079	53228079	harbor2	chr15	53096778	53097202	DNA/TcMar-Tigger	6099	+	212	53096990	68911
chr15	80116329	80316329	harbor2	chr15	80132135	80133180	DNA/TcMar-Tigger	15929	+	522	80132657	16328
chr15	80116329	80316329	harbor2	chr15	80133495	80133988	DNA/TcMar-Tigger	15929	+	246	80133741	17412
chr15	80116329	80316329	harbor2	chr15	80134290	80135431	DNA/TcMar-Tigger	15929	+	570	80134860	18531
chr15	80116329	80316329	harbor2	chr15	80149104	80149346	DNA/TcMar-Tigger	456	+	121	80149225	32896
chr15	80116329	80316329	harbor2	chr15	80168469	80169099	DNA/TcMar-Tigger	3222	+	315	80168784	52455
chr15	101834199	102034199	harbor2	chr15	101929977	101930284	DNA/TcMar-Tigger	1514	+	154	101930131	95932
chr15	78083912	78283912	harbor2	chr15	78115945	78116176	DNA/TcMar-Tigger	1483	+	116	78116061	32149
chr15	78083912	78283912	harbor2	chr15	78116480	78116618	DNA/TcMar-Tigger	1483	+	69	78116549	32637
chr15	100031046	100231046	harbor2	chr15	100113255	100113571	DNA/TcMar-Tigger	778	+	158	100113413	82367
chr15	76217764	76417764	harbor2	chr15	76247132	76247337	DNA/TcMar-Tigger	431	+	102	76247234	29470
chr15	76217764	76417764	harbor2	chr15	76247653	76248021	DNA/TcMar-Tigger	886	+	184	76247837	30073
chr15	76217764	76417764	harbor2	chr15	76256677	76257056	DNA/TcMar-Tigger	1657	+	190	76256867	39103
chr15	66058456	66258456	harbor2	chr15	66090374	66090674	DNA/TcMar-Tigger	872	+	150	66090524	32068
chr15	61863291	62063291	harbor2	chr15	61908634	61908924	DNA/TcMar-Tigger	1293	+	145	61908779	45488
chr15	61863291	62063291	harbor2	chr15	61935883	61936207	DNA/TcMar-Tigger	521	+	162	61936045	72754
chr15	37339815	37539815	harbor2	chr15	37355291	37355607	DNA/TcMar-Tigger	1882	+	158	37355449	15634
chr15	43486840	43686840	harbor2	chr15	43503790	43504002	DNA/TcMar-Tigger	1094	+	106	43503896	17056
chr15	24002679	24202679	harbor2	chr15	24029368	24030120	DNA/TcMar-Tigger	2821	+	376	24029744	27065
chr15	24002679	24202679	harbor2	chr15	24074410	24074559	DNA/TcMar-Tigger	4239	+	74	24074484	71805
chr15	24002679	24202679	harbor2	chr15	24074998	24075941	DNA/TcMar-Tigger	4239	+	472	24075470	72791
chr15	49430110	49630110	harbor2	chr15	49490475	49490645	DNA/TcMar-Tigger	525	+	85	49490560	60450
chr15	49430110	49630110	harbor2	chr15	49490657	49490840	DNA/TcMar-Tigger	650	+	92	49490749	60639
chr15	49430110	49630110	harbor2	chr15	49516593	49516694	DNA/TcMar-Tigger	535	+	50	49516643	86533
chr15	49430110	49630110	harbor2	chr15	49517164	49517644	DNA/TcMar-Tigger	535	+	240	49517404	87294
chr15	91724690	91924690	harbor2	chr15	91756149	91756764	DNA/TcMar-Tigger	3287	+	308	91756457	31767
chr15	47112285	47312285	harbor2	chr15	47193270	47193496	DNA/TcMar-Tigger	1285	+	113	47193383	81098
chr15	64870675	65070675	harbor2	chr15	64945311	64945635	DNA/TcMar-Tigger	1901	+	162	64945473	74798
chr15	64870675	65070675	harbor2	chr15	64945932	64945983	DNA/TcMar-Tigger	1901	+	26	64945958	75283
chr15	65809653	66009653	harbor2	chr15	65893049	65893204	DNA/TcMar-Tigger	937	+	78	65893127	83474
chr15	65809653	66009653	harbor2	chr15	65893211	65893751	DNA/TcMar-Tigger	3464	+	270	65893481	83828
chr15	50873935	51073935	harbor2	chr15	50882664	50882687	DNA/TcMar-Tigger	1650	+	12	50882676	8741
chr15	50873935	51073935	harbor2	chr15	50882995	50883218	DNA/TcMar-Tigger	1650	+	112	50883107	9172
chr15	50873935	51073935	harbor2	chr15	50883537	50883591	DNA/TcMar-Tigger	1650	+	27	50883564	9629
chr15	50873935	51073935	harbor2	chr15	50884299	50884609	DNA/TcMar-Tigger	1833	+	155	50884454	10519
chr15	50873935	51073935	harbor2	chr15	50953328	50954064	DNA/TcMar-Tigger	4239	+	368	50953696	79761
chr15	86962707	87162707	harbor2	chr15	86970802	86971112	DNA/TcMar-Tigger	1232	+	155	86970957	8250
chr15	86962707	87162707	harbor2	chr15	86982507	86982925	DNA/TcMar-Tigger	2406	+	209	86982716	20009
chr15	98423008	98623008	harbor2	chr15	98454675	98454892	DNA/TcMar-Tigger	7080	+	108	98454783	31775
chr15	98423008	98623008	harbor2	chr15	98455188	98456175	DNA/TcMar-Tigger	7080	+	494	98455682	32674
chr15	73165131	73365131	harbor2	chr15	73239475	73239813	DNA/TcMar-Tigger	1826	+	169	73239644	74513
chr15	46402636	46602636	harbor2	chr15	46434732	46437116	DNA/TcMar-Tigger	14791	+	1192	46435924	33288
chr15	72399976	72599976	harbor2	chr15	72467725	72468046	DNA/TcMar-Tigger	1369	+	160	72467885	67909
chr15	72399976	72599976	harbor2	chr15	72478819	72478872	DNA/TcMar-Tigger	1172	+	26	72478845	78869
chr15	72399976	72599976	harbor2	chr15	72479112	72479284	DNA/TcMar-Tigger	1172	+	86	72479198	79222
chr15	72399976	72599976	harbor2	chr15	72486164	72486423	DNA/TcMar-Tigger	1215	+	130	72486294	86318
chr15	72399976	72599976	harbor2	chr15	72486422	72486518	DNA/TcMar-Tigger	508	+	48	72486470	86494
chr15	75694448	75894448	harbor2	chr15	75706849	75706953	DNA/TcMar-Tigger	1710	+	52	75706901	12453
chr15	75694448	75894448	harbor2	chr15	75707257	75707497	DNA/TcMar-Tigger	1710	+	120	75707377	12929
chr15	75694448	75894448	harbor2	chr15	75757476	75757768	DNA/TcMar-Tigger	1187	+	146	75757622	63174
chr15	90341848	90541848	harbor2	chr15	90436224	90436427	DNA/TcMar-Tigger	711	+	102	90436326	94478
chr15	79788996	79988996	harbor2	chr15	79838851	79839085	DNA/TcMar-Tigger	1424	+	117	79838968	49972
chr15	32606916	32806916	harbor2	chr15	32608494	32608562	DNA/TcMar-Tigger	3979	+	34	32608528	1612
chr15	32606916	32806916	harbor2	chr15	32608870	32609253	DNA/TcMar-Tigger	3979	+	192	32609062	2146
chr15	32606916	32806916	harbor2	chr15	32609560	32609827	DNA/TcMar-Tigger	3979	+	134	32609694	2778
chr15	32606916	32806916	harbor2	chr15	32673685	32673731	DNA/TcMar-Tigger	459	+	23	32673708	66792
chr15	32606916	32806916	harbor2	chr15	32674019	32674294	DNA/TcMar-Tigger	459	+	138	32674157	67241
chr15	80548489	80748489	harbor2	chr15	80561526	80562052	DNA/TcMar-Tigger	2932	+	263	80561789	13300
chr15	80548489	80748489	harbor2	chr15	80598597	80599025	DNA/TcMar-Tigger	2678	+	214	80598811	50322
chr15	83873308	84073308	harbor2	chr15	83921924	83922165	DNA/TcMar-Tigger	620	+	120	83922044	48736
chr15	83873308	84073308	harbor2	chr15	83928464	83928887	DNA/TcMar-Tigger	1274	+	212	83928676	55368
chr15	91016288	91216288	harbor2	chr15	91073855	91074113	DNA/TcMar-Tigger	695	+	129	91073984	57696
chr15	89623825	89823825	harbor2	chr15	89643149	89643493	DNA/TcMar-Tigger	1709	+	172	89643321	19496
chr15	31549396	31749396	harbor2	chr15	31590033	31590163	DNA/TcMar-Tigger	700	+	65	31590098	40702
chr15	31549396	31749396	harbor2	chr15	31590163	31590376	DNA/TcMar-Tigger	902	+	106	31590269	40873
chr15	31549396	31749396	harbor2	chr15	31607576	31607665	DNA/TcMar-Tigger	547	+	44	31607620	58224
chr15	31549396	31749396	harbor2	chr15	31607663	31607919	DNA/TcMar-Tigger	1743	+	128	31607791	58395
chr15	31549396	31749396	harbor2	chr15	31638695	31638802	DNA/TcMar-Tigger	15975	+	54	31638749	89353
chr15	31549396	31749396	harbor2	chr15	31636100	31638378	DNA/TcMar-Tigger	15975	+	1139	31637239	87843
chr15	101215872	101415872	harbor2	chr15	101223893	101224234	DNA/TcMar-Tigger	1989	+	170	101224063	8191
chr15	59188238	59388238	harbor2	chr15	59287584	59288173	DNA/TcMar-Tigger	2940	+	294	59287878	99640
chr15	53241676	53441676	harbor2	chr15	53267444	53267798	DNA/TcMar-Tigger	1894	+	177	53267621	25945
chr15	49478674	49678674	harbor2	chr15	49490475	49490645	DNA/TcMar-Tigger	525	+	85	49490560	11886
chr15	49478674	49678674	harbor2	chr15	49490657	49490840	DNA/TcMar-Tigger	650	+	92	49490749	12075
chr15	49478674	49678674	harbor2	chr15	49516593	49516694	DNA/TcMar-Tigger	535	+	50	49516643	37969
chr15	49478674	49678674	harbor2	chr15	49517164	49517644	DNA/TcMar-Tigger	535	+	240	49517404	38730
chr15	49478674	49678674	harbor2	chr15	49531431	49532003	DNA/TcMar-Tigger	1886	+	286	49531717	53043
chr15	49478674	49678674	harbor2	chr15	49532127	49532278	DNA/TcMar-Tigger	584	+	76	49532203	53529
chr15	49478674	49678674	harbor2	chr15	49538173	49538310	DNA/TcMar-Tigger	548	+	68	49538241	59567
chr15	100617304	100817304	harbor2	chr15	100634127	100634304	DNA/TcMar-Tigger	573	+	88	100634215	16911
chr15	100617304	100817304	harbor2	chr15	100691778	100692093	DNA/TcMar-Tigger	1900	+	158	100691936	74632
chr15	100034651	100234651	harbor2	chr15	100113255	100113571	DNA/TcMar-Tigger	778	+	158	100113413	78762
chr15	56904795	57104795	harbor2	chr15	56917291	56917501	DNA/TcMar-Tigger	736	+	105	56917396	12601
chr15	56904795	57104795	harbor2	chr15	56930765	56931033	DNA/TcMar-Tigger	622	+	134	56930899	26104
chr15	34302930	34502930	harbor2	chr15	34312662	34314049	DNA/TcMar-Tigger	11832	+	694	34313356	10426
chr15	34302930	34502930	harbor2	chr15	34314346	34314727	DNA/TcMar-Tigger	11832	+	190	34314536	11606
chr15	34302930	34502930	harbor2	chr15	34314827	34315438	DNA/TcMar-Tigger	11832	+	306	34315133	12203
chr15	34302930	34502930	harbor2	chr15	34315578	34315703	DNA/TcMar-Tigger	999	+	62	34315640	12710
chr15	34302930	34502930	harbor2	chr15	34315964	34316034	DNA/TcMar-Tigger	999	+	35	34315999	13069
chr15	34302930	34502930	harbor2	chr15	34392422	34392626	DNA/TcMar-Tigger	777	+	102	34392524	89594
chr15	34302930	34502930	harbor2	chr15	34392874	34392968	DNA/TcMar-Tigger	422	+	47	34392921	89991
chr15	46579099	46779099	harbor2	chr15	46598119	46598976	DNA/TcMar-Tigger	4833	+	428	46598547	19448
chr15	46579099	46779099	harbor2	chr15	46648252	46648771	DNA/TcMar-Tigger	1029	+	260	46648512	69413
chr15	94336859	94536859	harbor2	chr15	94419702	94419829	DNA/TcMar-Tigger	510	+	64	94419766	82907
chr15	94336859	94536859	harbor2	chr15	94419833	94421356	DNA/TcMar-Tigger	9268	+	762	94420595	83736
chr15	95125754	95325754	harbor2	chr15	95173126	95173284	DNA/TcMar-Tigger	908	+	79	95173205	47451
chr15	95125754	95325754	harbor2	chr15	95173274	95173498	DNA/TcMar-Tigger	1105	+	112	95173386	47632
chr15	53117023	53317023	harbor2	chr15	53150715	53150737	DNA/TcMar-Tigger	2176	+	11	53150726	33703
chr15	53117023	53317023	harbor2	chr15	53151148	53152584	DNA/TcMar-Tigger	8707	+	718	53151866	34843
chr15	53117023	53317023	harbor2	chr15	53153575	53154053	DNA/TcMar-Tigger	2474	+	239	53153814	36791
chr15	53117023	53317023	harbor2	chr15	53160784	53161114	DNA/TcMar-Tigger	2049	+	165	53160949	43926
chr15	53117023	53317023	harbor2	chr15	53149683	53150077	DNA/TcMar-Tigger	2176	+	197	53149880	32857
chr15	38845904	39045904	harbor2	chr15	38867846	38868088	DNA/TcMar-Tigger	1320	+	121	38867967	22063
chr15	38845904	39045904	harbor2	chr15	38900834	38901173	DNA/TcMar-Tigger	1088	+	170	38901004	55100
chr15	100141767	100341767	harbor2	chr15	100156380	100156896	DNA/TcMar-Tigger	1133	+	258	100156638	14871
chr15	100141767	100341767	harbor2	chr15	100157263	100157440	DNA/TcMar-Tigger	1133	+	88	100157351	15584
chr15	100141767	100341767	harbor2	chr15	100163183	100163449	DNA/TcMar-Tigger	469	+	133	100163316	21549
chr15	61523963	61723963	harbor2	chr15	61559738	61560001	DNA/TcMar-Tigger	1669	+	132	61559870	35907
chr15	46828330	47028330	harbor2	chr15	46885585	46885926	DNA/TcMar-Tigger	2123	+	170	46885755	57425
chr15	70354617	70554617	harbor2	chr15	70424260	70424592	DNA/TcMar-Tigger	1910	+	166	70424426	69809
chr15	44130173	44330173	harbor2	chr15	44148225	44148276	DNA/TcMar-Tigger	833	+	26	44148251	18078
chr15	44130173	44330173	harbor2	chr15	44148571	44148677	DNA/TcMar-Tigger	833	+	53	44148624	18451
chr15	44130173	44330173	harbor2	chr15	44148667	44148874	DNA/TcMar-Tigger	995	+	104	44148771	18598
chr15	44130173	44330173	harbor2	chr15	44155972	44156151	DNA/TcMar-Tigger	606	+	90	44156062	25889
chr15	44130173	44330173	harbor2	chr15	44156444	44156642	DNA/TcMar-Tigger	606	+	99	44156543	26370
chr15	71015917	71215917	harbor2	chr15	71057526	71058162	DNA/TcMar-Tigger	2844	+	318	71057844	41927
chr15	71015917	71215917	harbor2	chr15	71066002	71066229	DNA/TcMar-Tigger	567	+	114	71066116	50199
chr15	91506756	91706756	harbor2	chr15	91574631	91574935	DNA/TcMar-Tigger	1030	+	152	91574783	68027
chr15	91506756	91706756	harbor2	chr15	91584064	91584524	DNA/TcMar-Tigger	2113	+	230	91584294	77538
chr15	46959514	47159514	harbor2	chr15	46962926	46963268	DNA/TcMar-Tigger	1850	+	171	46963097	3583
chr15	46959514	47159514	harbor2	chr15	47013006	47013333	DNA/TcMar-Tigger	1264	+	164	47013170	53656
chr15	46959514	47159514	harbor2	chr15	47013759	47014102	DNA/TcMar-Tigger	1879	+	172	47013931	54417
chr15	58894219	59094219	harbor2	chr15	58958566	58958813	DNA/TcMar-Tigger	1291	+	124	58958690	64471
chr15	93250665	93450665	harbor2	chr15	93259272	93259625	DNA/TcMar-Tigger	2138	+	176	93259448	8783
chr15	93250665	93450665	harbor2	chr15	93259923	93259957	DNA/TcMar-Tigger	2138	+	17	93259940	9275
chr15	93250665	93450665	harbor2	chr15	93260237	93260362	DNA/TcMar-Tigger	2138	+	62	93260299	9634
chr15	44480594	44680594	harbor2	chr15	44482307	44482469	DNA/TcMar-Tigger	463	+	81	44482388	1794
chr15	44480594	44680594	harbor2	chr15	44492455	44492540	DNA/TcMar-Tigger	504	+	42	44492497	11903
chr15	44480594	44680594	harbor2	chr15	44511526	44511590	DNA/TcMar-Tigger	673	+	32	44511558	30964
chr15	44480594	44680594	harbor2	chr15	44511898	44511908	DNA/TcMar-Tigger	673	+	5	44511903	31309
chr15	44480594	44680594	harbor2	chr15	44512213	44512304	DNA/TcMar-Tigger	673	+	46	44512259	31665
chr15	44480594	44680594	harbor2	chr15	44579772	44580401	DNA/TcMar-Tigger	3050	+	314	44580086	99492
chr15	60089029	60289029	harbor2	chr15	60110935	60111305	DNA/TcMar-Tigger	693	+	185	60111120	22091
chr15	99543281	99743281	harbor2	chr15	99573748	99573867	DNA/TcMar-Tigger	432	+	60	99573808	30527
chr15	99543281	99743281	harbor2	chr15	99599888	99600044	DNA/TcMar-Tigger	912	+	78	99599966	56685
chr15	99543281	99743281	harbor2	chr15	99624905	99625197	DNA/TcMar-Tigger	1553	+	146	99625051	81770
chr15	89282749	89482749	harbor2	chr15	89327719	89328064	DNA/TcMar-Tigger	1840	+	172	89327891	45142
chr15	89282749	89482749	harbor2	chr15	89374185	89374519	DNA/TcMar-Tigger	1029	+	167	89374352	91603
chr15	78036193	78236193	harbor2	chr15	78115945	78116176	DNA/TcMar-Tigger	1483	+	116	78116061	79868
chr15	78036193	78236193	harbor2	chr15	78116480	78116618	DNA/TcMar-Tigger	1483	+	69	78116549	80356
chr15	94180151	94380151	harbor2	chr15	94256041	94256394	DNA/TcMar-Tigger	2247	+	176	94256217	76066
chr15	54572176	54772176	harbor2	chr15	54616375	54616470	DNA/TcMar-Tigger	511	+	48	54616423	44247
chr15	54572176	54772176	harbor2	chr15	54616501	54617168	DNA/TcMar-Tigger	3191	+	334	54616835	44659
chr15	98776356	98976356	harbor2	chr15	98780583	98780827	DNA/TcMar-Tigger	446	+	122	98780705	4349
chr15	98776356	98976356	harbor2	chr15	98784635	98784949	DNA/TcMar-Tigger	1118	+	157	98784792	8436
chr15	100133680	100333680	harbor2	chr15	100156380	100156896	DNA/TcMar-Tigger	1133	+	258	100156638	22958
chr15	100133680	100333680	harbor2	chr15	100157263	100157440	DNA/TcMar-Tigger	1133	+	88	100157351	23671
chr15	100133680	100333680	harbor2	chr15	100163183	100163449	DNA/TcMar-Tigger	469	+	133	100163316	29636
chr15	101267964	101467964	harbor2	chr15	101332904	101332981	DNA/TcMar-Tigger	459	+	38	101332942	64978
chr15	75943174	76143174	harbor2	chr15	75980418	75980500	DNA/TcMar-Tigger	411	+	41	75980459	37285
chr15	75943174	76143174	harbor2	chr15	76019868	76020367	DNA/TcMar-Tigger	3208	+	250	76020118	76944
chr15	75943174	76143174	harbor2	chr15	76020378	76020504	DNA/TcMar-Tigger	865	+	63	76020441	77267
chr15	75943174	76143174	harbor2	chr15	76020724	76021265	DNA/TcMar-Tigger	3868	+	270	76020994	77820
chr15	75943174	76143174	harbor2	chr15	76021259	76021529	DNA/TcMar-Tigger	1836	+	135	76021394	78220
chr15	62546554	62746554	harbor2	chr15	62552301	62552938	DNA/TcMar-Tigger	3584	+	318	62552619	6065
chr15	38775966	38975966	harbor2	chr15	38867846	38868088	DNA/TcMar-Tigger	1320	+	121	38867967	92001
chr15	31391082	31591082	harbor2	chr15	31438942	31439273	DNA/TcMar-Tigger	1504	+	166	31439108	48026
chr15	31391082	31591082	harbor2	chr15	31455927	31456255	DNA/TcMar-Tigger	1487	+	164	31456091	65009
chr16	83272094	83472094	harbor2	chr16	83285540	83285770	DNA/TcMar-Tigger	924	+	115	83285655	13561
chr16	83272094	83472094	harbor2	chr16	83314562	83314808	DNA/TcMar-Tigger	474	+	123	83314685	42591
chr16	59638626	59838626	harbor2	chr16	59702957	59703387	DNA/TcMar-Tigger	2452	+	215	59703172	64546
chr16	32067627	32267627	harbor2	chr16	32122003	32122369	DNA/TcMar-Tigger	1647	+	183	32122186	54559
chr16	32067627	32267627	harbor2	chr16	32133019	32133359	DNA/TcMar-Tigger	1539	+	170	32133189	65562
chr16	57436404	57636404	harbor2	chr16	57437172	57437482	DNA/TcMar-Tigger	1335	+	155	57437327	923
chr16	69807420	70007420	harbor2	chr16	69905455	69905658	DNA/TcMar-Tigger	1124	+	102	69905557	98137
chr16	19590965	19790965	harbor2	chr16	19689013	19689037	DNA/TcMar-Tigger	984	+	12	19689025	98060
chr16	19590965	19790965	harbor2	chr16	19689572	19689774	DNA/TcMar-Tigger	984	+	101	19689673	98708
chr16	19590965	19790965	harbor2	chr16	19689776	19689881	DNA/TcMar-Tigger	711	+	52	19689828	98863
chr16	52206352	52406352	harbor2	chr16	52267874	52268223	DNA/TcMar-Tigger	1911	+	174	52268048	61696
chr16	52206352	52406352	harbor2	chr16	52268222	52269166	DNA/TcMar-Tigger	5451	+	472	52268694	62342
chr16	52206352	52406352	harbor2	chr16	52269554	52269684	DNA/TcMar-Tigger	762	+	65	52269619	63267
chr16	63195089	63395089	harbor2	chr16	63199217	63199387	DNA/TcMar-Tigger	434	+	85	63199302	4213
chr16	63195089	63395089	harbor2	chr16	63202736	63202834	DNA/TcMar-Tigger	457	+	49	63202785	7696
chr16	86002399	86202399	harbor2	chr16	86017202	86017367	DNA/TcMar-Tigger	1366	+	82	86017284	14885
chr16	86002399	86202399	harbor2	chr16	86017660	86017837	DNA/TcMar-Tigger	1366	+	88	86017748	15349
chr16	86002399	86202399	harbor2	chr16	86056614	86056764	DNA/TcMar-Tigger	1504	+	75	86056689	54290
chr16	86002399	86202399	harbor2	chr16	86057060	86057242	DNA/TcMar-Tigger	1504	+	91	86057151	54752
chr16	58303778	58503778	harbor2	chr16	58318504	58318667	DNA/TcMar-Tigger	854	+	82	58318586	14808
chr16	58303778	58503778	harbor2	chr16	58318672	58318767	DNA/TcMar-Tigger	1487	+	48	58318720	14942
chr16	58303778	58503778	harbor2	chr16	58319075	58319232	DNA/TcMar-Tigger	1487	+	78	58319153	15375
chr16	58303778	58503778	harbor2	chr16	58386581	58387003	DNA/TcMar-Tigger	2091	+	211	58386792	83014
chr16	68926297	69126297	harbor2	chr16	68981753	68981959	DNA/TcMar-Tigger	1101	+	103	68981856	55559
chr16	74688122	74888122	harbor2	chr16	74761538	74762052	DNA/TcMar-Tigger	769	+	257	74761795	73673
chr16	74688122	74888122	harbor2	chr16	74762343	74762535	DNA/TcMar-Tigger	769	+	96	74762439	74317
chr16	74688122	74888122	harbor2	chr16	74772691	74772878	DNA/TcMar-Tigger	1935	+	94	74772785	84663
chr16	74688122	74888122	harbor2	chr16	74773176	74773464	DNA/TcMar-Tigger	1935	+	144	74773320	85198
chr16	82630977	82830977	harbor2	chr16	82664929	82665545	DNA/TcMar-Tigger	2941	+	308	82665237	34260
chr16	90110950	90310950	harbor2	chr16	90144265	90144372	DNA/TcMar-Tigger	562	+	54	90144319	33369
chr16	55365595	55565595	harbor2	chr16	55395226	55395670	DNA/TcMar-Tigger	2450	+	222	55395448	29853
chr16	55365595	55565595	harbor2	chr16	55432950	55433168	DNA/TcMar-Tigger	1353	+	109	55433059	67464
chr16	55365595	55565595	harbor2	chr16	55441890	55442449	DNA/TcMar-Tigger	3370	+	280	55442170	76575
chr16	69725319	69925319	harbor2	chr16	69791967	69792449	DNA/TcMar-Tigger	871	+	241	69792208	66889
chr16	69725319	69925319	harbor2	chr16	69802905	69803000	DNA/TcMar-Tigger	616	+	48	69802953	77634
chr16	71750767	71950767	harbor2	chr16	71801554	71801643	DNA/TcMar-Tigger	1089	+	44	71801598	50831
chr16	71750767	71950767	harbor2	chr16	71801953	71802090	DNA/TcMar-Tigger	1089	+	68	71802021	51254
chr16	71750767	71950767	harbor2	chr16	71829445	71829509	DNA/TcMar-Tigger	1475	+	32	71829477	78710
chr16	71750767	71950767	harbor2	chr16	71829826	71830078	DNA/TcMar-Tigger	1475	+	126	71829952	79185
chr16	84902493	85102493	harbor2	chr16	84930163	84930372	DNA/TcMar-Tigger	726	+	104	84930267	27774
chr16	55133832	55333832	harbor2	chr16	55232773	55233421	DNA/TcMar-Tigger	3304	+	324	55233097	99265
chr16	55727263	55927263	harbor2	chr16	55739176	55739856	DNA/TcMar-Tigger	2965	+	340	55739516	12253
chr16	55727263	55927263	harbor2	chr16	55739858	55740087	DNA/TcMar-Tigger	919	+	114	55739972	12709
chr16	55727263	55927263	harbor2	chr16	55782576	55783108	DNA/TcMar-Tigger	2168	+	266	55782842	55579
chr16	55727263	55927263	harbor2	chr16	55783107	55783282	DNA/TcMar-Tigger	716	+	88	55783195	55932
chr16	63181513	63381513	harbor2	chr16	63199217	63199387	DNA/TcMar-Tigger	434	+	85	63199302	17789
chr16	63181513	63381513	harbor2	chr16	63202736	63202834	DNA/TcMar-Tigger	457	+	49	63202785	21272
chr16	56750865	56950865	harbor2	chr16	56796185	56796517	DNA/TcMar-Tigger	2048	+	166	56796351	45486
chr16	56750865	56950865	harbor2	chr16	56817683	56817988	DNA/TcMar-Tigger	1748	+	152	56817835	66970
chr16	84881189	85081189	harbor2	chr16	84896421	84896531	DNA/TcMar-Tigger	553	+	55	84896476	15287
chr16	84881189	85081189	harbor2	chr16	84896550	84896743	DNA/TcMar-Tigger	919	+	96	84896646	15457
chr16	84881189	85081189	harbor2	chr16	84930163	84930372	DNA/TcMar-Tigger	726	+	104	84930267	49078
chr16	64417972	64617972	harbor2	chr16	64429312	64429516	DNA/TcMar-Tigger	1318	+	102	64429414	11442
chr16	87626676	87826676	harbor2	chr16	87650036	87651972	DNA/TcMar-Tigger	11187	+	968	87651004	24328
chr16	87626676	87826676	harbor2	chr16	87652275	87652468	DNA/TcMar-Tigger	11187	+	96	87652371	25695
chr16	87626676	87826676	harbor2	chr16	87663434	87663665	DNA/TcMar-Tigger	825	+	116	87663550	36874
chr16	87626676	87826676	harbor2	chr16	87663740	87663969	DNA/TcMar-Tigger	695	+	114	87663854	37178
chr16	27088730	27288730	harbor2	chr16	27180450	27180741	DNA/TcMar-Tigger	1561	+	146	27180596	91866
chr16	84296737	84496737	harbor2	chr16	84320005	84320364	DNA/TcMar-Tigger	2277	+	180	84320185	23448
chr16	84296737	84496737	harbor2	chr16	84327094	84327191	DNA/TcMar-Tigger	1244	+	48	84327142	30405
chr16	84296737	84496737	harbor2	chr16	84327499	84327617	DNA/TcMar-Tigger	1244	+	59	84327558	30821
chr16	55829308	56029308	harbor2	chr16	55864295	55864612	DNA/TcMar-Tigger	1172	+	158	55864453	35145
chr16	55829308	56029308	harbor2	chr16	55864916	55864926	DNA/TcMar-Tigger	1172	+	5	55864921	35613
chr16	55829308	56029308	harbor2	chr16	55865229	55865699	DNA/TcMar-Tigger	1172	+	235	55865464	36156
chr16	66765186	66965186	harbor2	chr16	66771508	66771577	DNA/TcMar-Tigger	491	+	34	66771542	6356
chr16	66765186	66965186	harbor2	chr16	66837212	66837562	DNA/TcMar-Tigger	1825	+	175	66837387	72201
chr16	63648030	63848030	harbor2	chr16	63730545	63730888	DNA/TcMar-Tigger	1626	+	172	63730717	82687
chr16	82255839	82455839	harbor2	chr16	82310613	82311266	DNA/TcMar-Tigger	3846	+	326	82310939	55100
chr16	69708865	69908865	harbor2	chr16	69791967	69792449	DNA/TcMar-Tigger	871	+	241	69792208	83343
chr16	69708865	69908865	harbor2	chr16	69802905	69803000	DNA/TcMar-Tigger	616	+	48	69802953	94088
chr16	71433858	71633858	harbor2	chr16	71524913	71525104	DNA/TcMar-Tigger	883	+	96	71525009	91151
chr16	74683048	74883048	harbor2	chr16	74761538	74762052	DNA/TcMar-Tigger	769	+	257	74761795	78747
chr16	74683048	74883048	harbor2	chr16	74762343	74762535	DNA/TcMar-Tigger	769	+	96	74762439	79391
chr16	74683048	74883048	harbor2	chr16	74772691	74772878	DNA/TcMar-Tigger	1935	+	94	74772785	89737
chr16	74683048	74883048	harbor2	chr16	74773176	74773464	DNA/TcMar-Tigger	1935	+	144	74773320	90272
chr16	75805659	76005659	harbor2	chr16	75890100	75890547	DNA/TcMar-Tigger	2528	+	224	75890324	84665
chr16	81648674	81848674	harbor2	chr16	81656596	81656646	DNA/TcMar-Tigger	1103	+	25	81656621	7947
chr16	81648674	81848674	harbor2	chr16	81656924	81657116	DNA/TcMar-Tigger	1103	+	96	81657020	8346
chr16	52305392	52505392	harbor2	chr16	52323733	52324153	DNA/TcMar-Tigger	789	+	210	52323943	18551
chr16	52305392	52505392	harbor2	chr16	52387852	52388166	DNA/TcMar-Tigger	1676	+	157	52388009	82617
chr16	52869549	53069549	harbor2	chr16	52919609	52919959	DNA/TcMar-Tigger	2249	+	175	52919784	50235
chr16	59507106	59707106	harbor2	chr16	59591870	59592239	DNA/TcMar-Tigger	2618	+	184	59592054	84948
chr16	59507106	59707106	harbor2	chr16	59592543	59592685	DNA/TcMar-Tigger	2618	+	71	59592614	85508
chr16	59507106	59707106	harbor2	chr16	59592685	59592770	DNA/TcMar-Tigger	451	+	42	59592727	85621
chr16	59507106	59707106	harbor2	chr16	59605275	59605638	DNA/TcMar-Tigger	903	+	182	59605457	98351
chr16	90105114	90305114	harbor2	chr16	90144265	90144372	DNA/TcMar-Tigger	562	+	54	90144319	39205
chr16	76155645	76355645	harbor2	chr16	76171061	76171334	DNA/TcMar-Tigger	1478	+	136	76171197	15552
chr16	89983185	90183185	harbor2	chr16	90015384	90015555	DNA/TcMar-Tigger	780	+	86	90015470	32285
chr16	47907362	48107362	harbor2	chr16	47964108	47964219	DNA/TcMar-Tigger	690	+	56	47964164	56802
chr16	47907362	48107362	harbor2	chr16	47964211	47964944	DNA/TcMar-Tigger	4393	+	366	47964577	57215
chr16	12748454	12948454	harbor2	chr16	12751274	12751398	DNA/TcMar-Tigger	926	+	62	12751336	2882
chr16	12748454	12948454	harbor2	chr16	12760010	12760337	DNA/TcMar-Tigger	1748	+	164	12760174	11720
chr16	73581244	73781244	harbor2	chr16	73593646	73593753	DNA/TcMar-Tigger	583	+	54	73593700	12456
chr16	74422183	74622183	harbor2	chr16	74499410	74499639	DNA/TcMar-Tigger	1297	+	114	74499524	77341
chr16	74422183	74622183	harbor2	chr16	74519496	74519565	DNA/TcMar-Tigger	425	+	34	74519530	97347
chr16	89347997	89547997	harbor2	chr16	89350875	89351054	DNA/TcMar-Tigger	662	+	90	89350965	2968
chr16	89347997	89547997	harbor2	chr16	89374791	89375298	DNA/TcMar-Tigger	2078	+	254	89375045	27048
chr16	89347997	89547997	harbor2	chr16	89375792	89376437	DNA/TcMar-Tigger	9943	+	322	89376114	28117
chr16	89347997	89547997	harbor2	chr16	89376739	89378071	DNA/TcMar-Tigger	9943	+	666	89377405	29408
chr16	89347997	89547997	harbor2	chr16	89378208	89378369	DNA/TcMar-Tigger	9943	+	80	89378288	30291
chr16	83009664	83209664	harbor2	chr16	83053901	83054237	DNA/TcMar-Tigger	2286	+	168	83054069	44405
chr16	84324346	84524346	harbor2	chr16	84327094	84327191	DNA/TcMar-Tigger	1244	+	48	84327142	2796
chr16	84324346	84524346	harbor2	chr16	84327499	84327617	DNA/TcMar-Tigger	1244	+	59	84327558	3212
chr16	51091425	51291425	harbor2	chr16	51174948	51175230	DNA/TcMar-Tigger	1673	+	141	51175089	83664
chr16	75062971	75262971	harbor2	chr16	75067859	75068007	DNA/TcMar-Tigger	580	+	74	75067933	4962
chr16	75062971	75262971	harbor2	chr16	75149443	75149544	DNA/TcMar-Tigger	472	+	50	75149493	86522
chr16	80687316	80887316	harbor2	chr16	80709080	80709102	DNA/TcMar-Tigger	2005	+	11	80709091	21775
chr16	80687316	80887316	harbor2	chr16	80709403	80709561	DNA/TcMar-Tigger	2005	+	79	80709482	22166
chr16	80687316	80887316	harbor2	chr16	80709596	80709929	DNA/TcMar-Tigger	2005	+	166	80709762	22446
chr16	80687316	80887316	harbor2	chr16	80710227	80710278	DNA/TcMar-Tigger	2005	+	26	80710253	22937
chr16	80687316	80887316	harbor2	chr16	80720635	80720821	DNA/TcMar-Tigger	451	+	93	80720728	33412
chr16	80687316	80887316	harbor2	chr16	80762602	80762815	DNA/TcMar-Tigger	732	+	106	80762708	75392
chr16	80687316	80887316	harbor2	chr16	80762813	80763041	DNA/TcMar-Tigger	1161	+	114	80762927	75611
chr16	80687316	80887316	harbor2	chr16	80763141	80763266	DNA/TcMar-Tigger	458	+	62	80763203	75887
chr16	82125554	82325554	harbor2	chr16	82165545	82165872	DNA/TcMar-Tigger	2007	+	164	82165709	40155
chr16	20689644	20889644	harbor2	chr16	20695923	20696251	DNA/TcMar-Tigger	1653	+	164	20696087	6443
chr16	20689644	20889644	harbor2	chr16	20781281	20781577	DNA/TcMar-Tigger	1042	+	148	20781429	91785
chr16	50045039	50245039	harbor2	chr16	50138632	50138770	DNA/TcMar-Tigger	939	+	69	50138701	93662
chr16	50045039	50245039	harbor2	chr16	50143339	50143476	DNA/TcMar-Tigger	3617	+	68	50143407	98368
chr16	50045039	50245039	harbor2	chr16	50143785	50143886	DNA/TcMar-Tigger	3617	+	50	50143835	98796
chr16	50045039	50245039	harbor2	chr16	50144176	50144709	DNA/TcMar-Tigger	3617	+	266	50144442	99403
chr16	50305798	50505798	harbor2	chr16	50319525	50319839	DNA/TcMar-Tigger	950	+	157	50319682	13884
chr16	90099264	90299264	harbor2	chr16	90144265	90144372	DNA/TcMar-Tigger	562	+	54	90144319	45055
chr16	74506532	74706532	harbor2	chr16	74519496	74519565	DNA/TcMar-Tigger	425	+	34	74519530	12998
chr16	74506532	74706532	harbor2	chr16	74558091	74558296	DNA/TcMar-Tigger	491	+	102	74558193	51661
chr16	74506532	74706532	harbor2	chr16	74558364	74558577	DNA/TcMar-Tigger	595	+	106	74558470	51938
chr16	74506532	74706532	harbor2	chr16	74604207	74604478	DNA/TcMar-Tigger	1350	+	136	74604343	97811
chr16	73133967	73333967	harbor2	chr16	73225819	73226140	DNA/TcMar-Tigger	708	+	160	73225979	92012
chr16	73133967	73333967	harbor2	chr16	73226186	73226468	DNA/TcMar-Tigger	634	+	141	73226327	92360
chr16	27295733	27495733	harbor2	chr16	27318062	27318348	DNA/TcMar-Tigger	648	+	143	27318205	22472
chr16	82613937	82813937	harbor2	chr16	82664929	82665545	DNA/TcMar-Tigger	2941	+	308	82665237	51300
chr16	77612590	77812590	harbor2	chr16	77712456	77712584	DNA/TcMar-Tigger	755	+	64	77712520	99930
chr16	69191513	69391513	harbor2	chr16	69284297	69284423	DNA/TcMar-Tigger	668	+	63	69284360	92847
chr16	69191513	69391513	harbor2	chr16	69284920	69285155	DNA/TcMar-Tigger	1249	+	118	69285038	93525
chr16	74990404	75190404	harbor2	chr16	75067859	75068007	DNA/TcMar-Tigger	580	+	74	75067933	77529
chr16	58071046	58271046	harbor2	chr16	58138720	58138805	DNA/TcMar-Tigger	593	+	42	58138762	67716
chr16	88079771	88279771	harbor2	chr16	88174525	88174940	DNA/TcMar-Tigger	2196	+	208	88174733	94962
chr16	75515300	75715300	harbor2	chr16	75604882	75605084	DNA/TcMar-Tigger	2205	+	101	75604983	89683
chr16	75515300	75715300	harbor2	chr16	75605389	75605612	DNA/TcMar-Tigger	2205	+	112	75605501	90201
chr16	27197045	27397045	harbor2	chr16	27267634	27267734	DNA/TcMar-Tigger	641	+	50	27267684	70639
chr16	27197045	27397045	harbor2	chr16	27268041	27268238	DNA/TcMar-Tigger	641	+	98	27268139	71094
chr16	27197045	27397045	harbor2	chr16	27270050	27270297	DNA/TcMar-Tigger	1114	+	124	27270174	73129
chr16	27197045	27397045	harbor2	chr16	27271013	27271101	DNA/TcMar-Tigger	1114	+	44	27271057	74012
chr16	70161004	70361004	harbor2	chr16	70238006	70238103	DNA/TcMar-Tigger	850	+	48	70238054	77050
chr16	70161004	70361004	harbor2	chr16	70238400	70238467	DNA/TcMar-Tigger	850	+	34	70238434	77430
chr16	85607493	85807493	harbor2	chr16	85666812	85667125	DNA/TcMar-Tigger	1647	+	156	85666968	59475
chr16	56536773	56736773	harbor2	chr16	56594452	56594763	DNA/TcMar-Tigger	1777	+	156	56594608	57835
chr16	80249266	80449266	harbor2	chr16	80329672	80329859	DNA/TcMar-Tigger	2982	+	94	80329766	80500
chr16	80249266	80449266	harbor2	chr16	80330147	80330594	DNA/TcMar-Tigger	2982	+	224	80330371	81105
chr16	77373932	77573932	harbor2	chr16	77408825	77409169	DNA/TcMar-Tigger	1600	+	172	77408997	35065
chr16	77373932	77573932	harbor2	chr16	77428642	77428868	DNA/TcMar-Tigger	1281	+	113	77428755	54823
chr16	56085230	56285230	harbor2	chr16	56140317	56140535	DNA/TcMar-Tigger	484	+	109	56140426	55196
chr16	82627225	82827225	harbor2	chr16	82664929	82665545	DNA/TcMar-Tigger	2941	+	308	82665237	38012
chr16	68049123	68249123	harbor2	chr16	68120863	68121160	DNA/TcMar-Tigger	1510	+	148	68121011	71888
chr16	20665978	20865978	harbor2	chr16	20695923	20696251	DNA/TcMar-Tigger	1653	+	164	20696087	30109
chr16	24390079	24590079	harbor2	chr16	24470460	24470617	DNA/TcMar-Tigger	1179	+	78	24470538	80459
chr16	24390079	24590079	harbor2	chr16	24470753	24470922	DNA/TcMar-Tigger	1307	+	84	24470837	80758
chr16	24390079	24590079	harbor2	chr16	24471235	24471317	DNA/TcMar-Tigger	1307	+	41	24471276	81197
chr16	81122240	81322240	harbor2	chr16	81161639	81161778	DNA/TcMar-Tigger	496	+	70	81161709	39469
chr16	81122240	81322240	harbor2	chr16	81162126	81162291	DNA/TcMar-Tigger	496	+	82	81162208	39968
chr16	81021343	81221343	harbor2	chr16	81089113	81089187	DNA/TcMar-Tigger	507	+	37	81089150	67807
chr16	81021343	81221343	harbor2	chr16	81089400	81089646	DNA/TcMar-Tigger	1402	+	123	81089523	68180
chr16	53009274	53209274	harbor2	chr16	53057694	53058114	DNA/TcMar-Tigger	2512	+	210	53057904	48630
chr16	53009274	53209274	harbor2	chr16	53058419	53058470	DNA/TcMar-Tigger	2512	+	26	53058445	49171
chr16	53009274	53209274	harbor2	chr16	53059783	53059892	DNA/TcMar-Tigger	618	+	54	53059837	50563
chr17	78086603	78286603	harbor2	chr17	78177236	78177535	DNA/TcMar-Tigger	1569	+	150	78177386	90783
chr17	78995374	79195374	harbor2	chr17	79060174	79060660	DNA/TcMar-Tigger	4654	+	243	79060417	65043
chr17	78995374	79195374	harbor2	chr17	79060946	79061060	DNA/TcMar-Tigger	4654	+	57	79061003	65629
chr17	78995374	79195374	harbor2	chr17	79061366	79061398	DNA/TcMar-Tigger	4654	+	16	79061382	66008
chr17	78995374	79195374	harbor2	chr17	79061708	79061846	DNA/TcMar-Tigger	4654	+	69	79061777	66403
chr17	78995374	79195374	harbor2	chr17	79062184	79062293	DNA/TcMar-Tigger	4654	+	54	79062238	66864
chr17	78995374	79195374	harbor2	chr17	79062602	79062652	DNA/TcMar-Tigger	4654	+	25	79062627	67253
chr17	77138558	77338558	harbor2	chr17	77153995	77154188	DNA/TcMar-Tigger	1170	+	96	77154091	15533
chr17	77138558	77338558	harbor2	chr17	77154460	77154611	DNA/TcMar-Tigger	1170	+	76	77154536	15978
chr17	77138558	77338558	harbor2	chr17	77186988	77187222	DNA/TcMar-Tigger	1423	+	117	77187105	48547
chr17	81493077	81693077	harbor2	chr17	81576299	81576536	DNA/TcMar-Tigger	1095	+	118	81576417	83340
chr17	8644596	8844596	harbor2	chr17	8652570	8652889	DNA/TcMar-Tigger	1808	+	160	8652730	8134
chr17	8644596	8844596	harbor2	chr17	8655003	8655350	DNA/TcMar-Tigger	1913	+	174	8655177	10581
chr17	83144114	83344114	harbor2	chr17	83167440	83168256	DNA/TcMar-Tigger	4596	+	408	83167848	23734
chr17	54893005	55093005	harbor2	chr17	54977264	54977588	DNA/TcMar-Tigger	1546	+	162	54977426	84421
chr17	77021489	77221489	harbor2	chr17	77086824	77087121	DNA/TcMar-Tigger	531	+	148	77086972	65483
chr17	76575114	76775114	harbor2	chr17	76590577	76590704	DNA/TcMar-Tigger	563	+	64	76590641	15527
chr17	76575114	76775114	harbor2	chr17	76650043	76650188	DNA/TcMar-Tigger	659	+	72	76650115	75001
chr17	70396397	70596397	harbor2	chr17	70465800	70465937	DNA/TcMar-Tigger	618	+	68	70465868	69471
chr17	49316410	49516410	harbor2	chr17	49322160	49322465	DNA/TcMar-Tigger	1391	+	152	49322312	5902
chr17	49316410	49516410	harbor2	chr17	49325903	49326061	DNA/TcMar-Tigger	849	+	79	49325982	9572
chr17	63754062	63954062	harbor2	chr17	63771148	63771435	DNA/TcMar-Tigger	1048	+	144	63771292	17230
chr17	63754062	63954062	harbor2	chr17	63798502	63798622	DNA/TcMar-Tigger	636	+	60	63798562	44500
chr17	60785580	60985580	harbor2	chr17	60785777	60786113	DNA/TcMar-Tigger	1998	+	168	60785945	365
chr17	78956998	79156998	harbor2	chr17	78986202	78986358	DNA/TcMar-Tigger	825	+	78	78986280	29282
chr17	78956998	79156998	harbor2	chr17	78986363	78986602	DNA/TcMar-Tigger	1140	+	120	78986483	29485
chr17	66501035	66701035	harbor2	chr17	66514012	66514267	DNA/TcMar-Tigger	1579	+	128	66514140	13105
chr17	66501035	66701035	harbor2	chr17	66574582	66574795	DNA/TcMar-Tigger	887	+	106	66574688	73653
chr17	61475727	61675727	harbor2	chr17	61537723	61538074	DNA/TcMar-Tigger	2076	+	176	61537899	62172
chr17	61475727	61675727	harbor2	chr17	61538073	61538137	DNA/TcMar-Tigger	3920	+	32	61538105	62378
chr17	61475727	61675727	harbor2	chr17	61538414	61538878	DNA/TcMar-Tigger	3920	+	232	61538646	62919
chr17	61475727	61675727	harbor2	chr17	61539179	61539322	DNA/TcMar-Tigger	3920	+	72	61539251	63524
chr17	61475727	61675727	harbor2	chr17	61541496	61541915	DNA/TcMar-Tigger	2499	+	210	61541706	65979
chr17	61475727	61675727	harbor2	chr17	61541909	61541956	DNA/TcMar-Tigger	1366	+	24	61541933	66206
chr17	61475727	61675727	harbor2	chr17	61542231	61542432	DNA/TcMar-Tigger	1366	+	100	61542331	66604
chr17	49317419	49517419	harbor2	chr17	49322160	49322465	DNA/TcMar-Tigger	1391	+	152	49322312	4893
chr17	49317419	49517419	harbor2	chr17	49325903	49326061	DNA/TcMar-Tigger	849	+	79	49325982	8563
chr17	78895602	79095602	harbor2	chr17	78986202	78986358	DNA/TcMar-Tigger	825	+	78	78986280	90678
chr17	78895602	79095602	harbor2	chr17	78986363	78986602	DNA/TcMar-Tigger	1140	+	120	78986483	90881
chr17	46315256	46515256	harbor2	chr17	46323757	46324051	DNA/TcMar-Tigger	956	+	147	46323904	8648
chr17	46315256	46515256	harbor2	chr17	46335240	46335378	DNA/TcMar-Tigger	655	+	69	46335309	20053
chr17	46315256	46515256	harbor2	chr17	46347146	46347255	DNA/TcMar-Tigger	722	+	54	46347200	31944
chr17	46315256	46515256	harbor2	chr17	46383024	46383329	DNA/TcMar-Tigger	1740	+	152	46383176	67920
chr17	69225434	69425434	harbor2	chr17	69252882	69253211	DNA/TcMar-Tigger	1902	+	164	69253046	27612
chr17	62734858	62934858	harbor2	chr17	62812840	62813051	DNA/TcMar-Tigger	1342	+	106	62812946	78088
chr17	62734858	62934858	harbor2	chr17	62825900	62825939	DNA/TcMar-Tigger	2124	+	20	62825920	91062
chr17	62734858	62934858	harbor2	chr17	62826243	62826546	DNA/TcMar-Tigger	2124	+	152	62826395	91537
chr17	62734858	62934858	harbor2	chr17	62831186	62831346	DNA/TcMar-Tigger	924	+	80	62831266	96408
chr17	62734858	62934858	harbor2	chr17	62831521	62831588	DNA/TcMar-Tigger	1288	+	34	62831555	96697
chr17	62734858	62934858	harbor2	chr17	62831899	62832121	DNA/TcMar-Tigger	1288	+	111	62832010	97152
chr17	50943912	51143912	harbor2	chr17	50981077	50981163	DNA/TcMar-Tigger	547	+	43	50981120	37208
chr17	50943912	51143912	harbor2	chr17	50981221	50981386	DNA/TcMar-Tigger	1047	+	82	50981303	37391
chr17	50943912	51143912	harbor2	chr17	50989105	50989440	DNA/TcMar-Tigger	1992	+	168	50989273	45361
chr17	50943912	51143912	harbor2	chr17	51027517	51028704	DNA/TcMar-Tigger	6761	+	594	51028111	84199
chr17	68581170	68781170	harbor2	chr17	68652171	68652505	DNA/TcMar-Tigger	2107	+	167	68652338	71168
chr17	39291348	39491348	harbor2	chr17	39349608	39349654	DNA/TcMar-Tigger	522	+	23	39349631	58283
chr17	39291348	39491348	harbor2	chr17	39349952	39350007	DNA/TcMar-Tigger	522	+	28	39349980	58632
chr17	39291348	39491348	harbor2	chr17	39353302	39353594	DNA/TcMar-Tigger	1533	+	146	39353448	62100
chr17	39291348	39491348	harbor2	chr17	39387878	39387942	DNA/TcMar-Tigger	1720	+	32	39387910	96562
chr17	39291348	39491348	harbor2	chr17	39386998	39387277	DNA/TcMar-Tigger	1720	+	140	39387138	95790
chr17	83058808	83258808	harbor2	chr17	83061352	83061632	DNA/TcMar-Tigger	1392	+	140	83061492	2684
chr17	22686880	22886880	harbor2	chr17	22717763	22718371	DNA/TcMar-Tigger	2038	+	304	22718067	31187
chr17	77056692	77256692	harbor2	chr17	77086824	77087121	DNA/TcMar-Tigger	531	+	148	77086972	30280
chr17	77056692	77256692	harbor2	chr17	77153995	77154188	DNA/TcMar-Tigger	1170	+	96	77154091	97399
chr17	77056692	77256692	harbor2	chr17	77154460	77154611	DNA/TcMar-Tigger	1170	+	76	77154536	97844
chr17	82535780	82735780	harbor2	chr17	82607709	82607833	DNA/TcMar-Tigger	663	+	62	82607771	71991
chr17	48606975	48806975	harbor2	chr17	48669850	48669926	DNA/TcMar-Tigger	1753	+	38	48669888	62913
chr17	48606975	48806975	harbor2	chr17	48670222	48670493	DNA/TcMar-Tigger	1753	+	136	48670358	63383
chr17	48606975	48806975	harbor2	chr17	48684432	48684712	DNA/TcMar-Tigger	913	+	140	48684572	77597
chr17	83009957	83209957	harbor2	chr17	83061352	83061632	DNA/TcMar-Tigger	1392	+	140	83061492	51535
chr17	37601190	37801190	harbor2	chr17	37611242	37611498	DNA/TcMar-Tigger	1104	+	128	37611370	10180
chr17	37601190	37801190	harbor2	chr17	37612439	37612647	DNA/TcMar-Tigger	1277	+	104	37612543	11353
chr17	9610096	9810096	harbor2	chr17	9612780	9613131	DNA/TcMar-Tigger	2176	+	176	9612956	2860
chr17	59609167	59809167	harbor2	chr17	59611753	59612048	DNA/TcMar-Tigger	847	+	148	59611901	2734
chr17	59609167	59809167	harbor2	chr17	59614083	59614399	DNA/TcMar-Tigger	1602	+	158	59614241	5074
chr17	59609167	59809167	harbor2	chr17	59667260	59667478	DNA/TcMar-Tigger	1311	+	109	59667369	58202
chr17	59609167	59809167	harbor2	chr17	59702737	59703032	DNA/TcMar-Tigger	1685	+	148	59702885	93718
chr17	59609167	59809167	harbor2	chr17	59703324	59703396	DNA/TcMar-Tigger	1685	+	36	59703360	94193
chr17	66777552	66977552	harbor2	chr17	66791923	66792720	DNA/TcMar-Tigger	1086	+	398	66792321	14769
chr17	80818437	81018437	harbor2	chr17	80835537	80835854	DNA/TcMar-Tigger	1747	+	158	80835695	17258
chr17	75256287	75456287	harbor2	chr17	75335168	75335454	DNA/TcMar-Tigger	624	+	143	75335311	79024
chr17	59691247	59891247	harbor2	chr17	59702737	59703032	DNA/TcMar-Tigger	1685	+	148	59702885	11638
chr17	59691247	59891247	harbor2	chr17	59703324	59703396	DNA/TcMar-Tigger	1685	+	36	59703360	12113
chr17	59691247	59891247	harbor2	chr17	59778759	59779161	DNA/TcMar-Tigger	2334	+	201	59778960	87713
chr17	78942454	79142454	harbor2	chr17	78986202	78986358	DNA/TcMar-Tigger	825	+	78	78986280	43826
chr17	78942454	79142454	harbor2	chr17	78986363	78986602	DNA/TcMar-Tigger	1140	+	120	78986483	44029
chr17	77175939	77375939	harbor2	chr17	77186988	77187222	DNA/TcMar-Tigger	1423	+	117	77187105	11166
chr17	82549413	82749413	harbor2	chr17	82607709	82607833	DNA/TcMar-Tigger	663	+	62	82607771	58358
chr17	82776389	82976389	harbor2	chr17	82854171	82854897	DNA/TcMar-Tigger	2392	+	363	82854534	78145
chr17	54182066	54382066	harbor2	chr17	54204140	54204856	DNA/TcMar-Tigger	605	+	358	54204498	22432
chr17	54182066	54382066	harbor2	chr17	54260375	54260704	DNA/TcMar-Tigger	1703	+	164	54260539	78473
chr17	33746554	33946554	harbor2	chr17	33766048	33766375	DNA/TcMar-Tigger	1849	+	164	33766212	19658
chr17	33746554	33946554	harbor2	chr17	33802078	33802423	DNA/TcMar-Tigger	2260	+	172	33802250	55696
chr17	78798454	78998454	harbor2	chr17	78816989	78817309	DNA/TcMar-Tigger	1945	+	160	78817149	18695
chr17	81865654	82065654	harbor2	chr17	81946000	81946072	DNA/TcMar-Tigger	865	+	36	81946036	80382
chr17	81865654	82065654	harbor2	chr17	81946678	81946688	DNA/TcMar-Tigger	865	+	5	81946683	81029
chr17	81865654	82065654	harbor2	chr17	81947005	81947211	DNA/TcMar-Tigger	865	+	103	81947108	81454
chr17	59396195	59596195	harbor2	chr17	59472535	59472879	DNA/TcMar-Tigger	2271	+	172	59472707	76512
chr17	37581907	37781907	harbor2	chr17	37611242	37611498	DNA/TcMar-Tigger	1104	+	128	37611370	29463
chr17	37581907	37781907	harbor2	chr17	37612439	37612647	DNA/TcMar-Tigger	1277	+	104	37612543	30636
chr17	77967870	78167870	harbor2	chr17	78022768	78023004	DNA/TcMar-Tigger	1165	+	118	78022886	55016
chr17	77967870	78167870	harbor2	chr17	78023152	78023287	DNA/TcMar-Tigger	839	+	68	78023220	55350
chr17	29921009	30121009	harbor2	chr17	29950050	29950260	DNA/TcMar-Tigger	2311	+	105	29950155	29146
chr17	29921009	30121009	harbor2	chr17	29950346	29950389	DNA/TcMar-Tigger	2311	+	22	29950368	29359
chr17	29921009	30121009	harbor2	chr17	29950674	29950911	DNA/TcMar-Tigger	2311	+	118	29950792	29783
chr17	43031693	43231693	harbor2	chr17	43111117	43111237	DNA/TcMar-Tigger	845	+	60	43111177	79484
chr17	43031693	43231693	harbor2	chr17	43111872	43112094	DNA/TcMar-Tigger	818	+	111	43111983	80290
chr17	43031693	43231693	harbor2	chr17	43112385	43112436	DNA/TcMar-Tigger	818	+	26	43112411	80718
chr17	79613980	79813980	harbor2	chr17	79655462	79655688	DNA/TcMar-Tigger	636	+	113	79655575	41595
chr17	72551956	72751956	harbor2	chr17	72577665	72578118	DNA/TcMar-Tigger	2333	+	226	72577891	25935
chr17	72551956	72751956	harbor2	chr17	72598124	72598456	DNA/TcMar-Tigger	1948	+	166	72598290	46334
chr17	53363541	53563541	harbor2	chr17	53386967	53387302	DNA/TcMar-Tigger	1682	+	168	53387135	23594
chr17	63261221	63461221	harbor2	chr17	63265141	63265361	DNA/TcMar-Tigger	1204	+	110	63265251	4030
chr17	63261221	63461221	harbor2	chr17	63268254	63268587	DNA/TcMar-Tigger	2118	+	166	63268420	7199
chr17	63261221	63461221	harbor2	chr17	63329523	63330384	DNA/TcMar-Tigger	5570	+	430	63329953	68732
chr17	63261221	63461221	harbor2	chr17	63332645	63334091	DNA/TcMar-Tigger	8695	+	723	63333368	72147
chr17	55798655	55998655	harbor2	chr17	55840505	55840762	DNA/TcMar-Tigger	1475	+	128	55840633	41978
chr17	55798655	55998655	harbor2	chr17	55840763	55840975	DNA/TcMar-Tigger	1254	+	106	55840869	42214
chr17	55798655	55998655	harbor2	chr17	55840976	55841064	DNA/TcMar-Tigger	1475	+	44	55841020	42365
chr17	53079588	53279588	harbor2	chr17	53081608	53081784	DNA/TcMar-Tigger	987	+	88	53081696	2108
chr17	53079588	53279588	harbor2	chr17	53127383	53128111	DNA/TcMar-Tigger	2698	+	364	53127747	48159
chr17	53079588	53279588	harbor2	chr17	53174689	53177444	DNA/TcMar-Tigger	14675	+	1378	53176067	96479
chr17	35948284	36148284	harbor2	chr17	35999300	35999461	DNA/TcMar-Tigger	698	+	80	35999380	51096
chr17	35948284	36148284	harbor2	chr17	35999761	35999846	DNA/TcMar-Tigger	698	+	42	35999803	51519
chr17	35948284	36148284	harbor2	chr17	36014694	36014902	DNA/TcMar-Tigger	531	+	104	36014798	66514
chr17	35948284	36148284	harbor2	chr17	36036820	36037089	DNA/TcMar-Tigger	1730	+	134	36036954	88670
chr17	59747333	59947333	harbor2	chr17	59778759	59779161	DNA/TcMar-Tigger	2334	+	201	59778960	31627
chr17	59747333	59947333	harbor2	chr17	59800609	59800799	DNA/TcMar-Tigger	1150	+	95	59800704	53371
chr17	59747333	59947333	harbor2	chr17	59801093	59801112	DNA/TcMar-Tigger	1150	+	10	59801103	53770
chr17	59747333	59947333	harbor2	chr17	59801150	59801236	DNA/TcMar-Tigger	1150	+	43	59801193	53860
chr17	59747333	59947333	harbor2	chr17	59802233	59802472	DNA/TcMar-Tigger	1493	+	120	59802353	55020
chr17	59747333	59947333	harbor2	chr17	59801559	59801612	DNA/TcMar-Tigger	1493	+	26	59801585	54252
chr17	62130759	62330759	harbor2	chr17	62158335	62158664	DNA/TcMar-Tigger	1912	+	164	62158499	27740
chr17	78543385	78743385	harbor2	chr17	78605349	78605557	DNA/TcMar-Tigger	584	+	104	78605453	62068
chr17	72349274	72549274	harbor2	chr17	72355062	72355298	DNA/TcMar-Tigger	1271	+	118	72355180	5906
chr17	81482389	81682389	harbor2	chr17	81576299	81576536	DNA/TcMar-Tigger	1095	+	118	81576417	94028
chr17	66840222	67040222	harbor2	chr17	66900787	66901085	DNA/TcMar-Tigger	1347	+	149	66900936	60714
chr17	66840222	67040222	harbor2	chr17	66901204	66901314	DNA/TcMar-Tigger	1167	+	55	66901259	61037
chr17	42168736	42368736	harbor2	chr17	42256534	42256577	DNA/TcMar-Tigger	904	+	22	42256556	87820
chr17	42168736	42368736	harbor2	chr17	42256889	42257042	DNA/TcMar-Tigger	904	+	76	42256965	88229
chr17	42168736	42368736	harbor2	chr17	42266967	42267676	DNA/TcMar-Tigger	7285	+	354	42267321	98585
chr17	42168736	42368736	harbor2	chr17	42267983	42268501	DNA/TcMar-Tigger	7285	+	259	42268242	99506
chr17	53813942	54013942	harbor2	chr17	53887826	53888048	DNA/TcMar-Tigger	963	+	111	53887937	73995
chr17	76661932	76861932	harbor2	chr17	76695203	76695352	DNA/TcMar-Tigger	537	+	74	76695277	33345
chr17	76661932	76861932	harbor2	chr17	76745356	76745800	DNA/TcMar-Tigger	2685	+	222	76745578	83646
chr17	76661932	76861932	harbor2	chr17	76745979	76746911	DNA/TcMar-Tigger	6524	+	466	76746445	84513
chr17	76661932	76861932	harbor2	chr17	76747080	76747226	DNA/TcMar-Tigger	868	+	73	76747153	85221
chr17	78790253	78990253	harbor2	chr17	78816989	78817309	DNA/TcMar-Tigger	1945	+	160	78817149	26896
chr17	65706559	65906559	harbor2	chr17	65733854	65734071	DNA/TcMar-Tigger	602	+	108	65733962	27403
chr17	49302852	49502852	harbor2	chr17	49322160	49322465	DNA/TcMar-Tigger	1391	+	152	49322312	19460
chr17	49302852	49502852	harbor2	chr17	49325903	49326061	DNA/TcMar-Tigger	849	+	79	49325982	23130
chr17	79526805	79726805	harbor2	chr17	79568303	79568529	DNA/TcMar-Tigger	1301	+	113	79568416	41611
chr17	76713880	76913880	harbor2	chr17	76745356	76745800	DNA/TcMar-Tigger	2685	+	222	76745578	31698
chr17	76713880	76913880	harbor2	chr17	76745979	76746911	DNA/TcMar-Tigger	6524	+	466	76746445	32565
chr17	76713880	76913880	harbor2	chr17	76747080	76747226	DNA/TcMar-Tigger	868	+	73	76747153	33273
chr17	76713880	76913880	harbor2	chr17	76775692	76775867	DNA/TcMar-Tigger	922	+	88	76775780	61900
chr17	76713880	76913880	harbor2	chr17	76795013	76795212	DNA/TcMar-Tigger	1520	+	100	76795113	81233
chr17	76713880	76913880	harbor2	chr17	76795503	76795599	DNA/TcMar-Tigger	1520	+	48	76795551	81671
chr17	77699199	77899199	harbor2	chr17	77717412	77717737	DNA/TcMar-Tigger	1689	+	162	77717574	18375
chr17	77699199	77899199	harbor2	chr17	77722577	77722953	DNA/TcMar-Tigger	1829	+	188	77722765	23566
chr17	77699199	77899199	harbor2	chr17	77743097	77743361	DNA/TcMar-Tigger	636	+	132	77743229	44030
chr17	77699199	77899199	harbor2	chr17	77743657	77743900	DNA/TcMar-Tigger	636	+	122	77743779	44580
chr17	77699199	77899199	harbor2	chr17	77773302	77773391	DNA/TcMar-Tigger	1897	+	44	77773346	74147
chr17	77699199	77899199	harbor2	chr17	77773434	77773522	DNA/TcMar-Tigger	1897	+	44	77773478	74279
chr17	77699199	77899199	harbor2	chr17	77773826	77774060	DNA/TcMar-Tigger	1897	+	117	77773943	74744
chr17	28820980	29020980	harbor2	chr17	28890194	28890386	DNA/TcMar-Tigger	746	+	96	28890290	69310
chr17	28820980	29020980	harbor2	chr17	28890685	28890855	DNA/TcMar-Tigger	746	+	85	28890770	69790
chr17	28820980	29020980	harbor2	chr17	28891181	28891229	DNA/TcMar-Tigger	746	+	24	28891205	70225
chr17	64476919	64676919	harbor2	chr17	64482695	64482884	DNA/TcMar-Tigger	943	+	94	64482789	5870
chr17	64476919	64676919	harbor2	chr17	64537192	64537339	DNA/TcMar-Tigger	884	+	74	64537266	60347
chr17	82515809	82715809	harbor2	chr17	82607709	82607833	DNA/TcMar-Tigger	663	+	62	82607771	91962
chr17	79974564	80174564	harbor2	chr17	80071547	80071831	DNA/TcMar-Tigger	1624	+	142	80071689	97125
chr17	79974564	80174564	harbor2	chr17	80072136	80072218	DNA/TcMar-Tigger	1624	+	41	80072177	97613
chr17	79974564	80174564	harbor2	chr17	80072932	80072984	DNA/TcMar-Tigger	3481	+	26	80072958	98394
chr17	79974564	80174564	harbor2	chr17	80073282	80073693	DNA/TcMar-Tigger	3481	+	206	80073488	98924
chr17	79974564	80174564	harbor2	chr17	80073986	80074224	DNA/TcMar-Tigger	3481	+	119	80074105	99541
chr17	76082968	76282968	harbor2	chr17	76164877	76165196	DNA/TcMar-Tigger	1834	+	160	76165037	82069
chr17	69622601	69822601	harbor2	chr17	69659394	69659515	DNA/TcMar-Tigger	646	+	60	69659454	36853
chr17	69622601	69822601	harbor2	chr17	69660915	69661372	DNA/TcMar-Tigger	1790	+	228	69661143	38542
chr17	65204426	65404426	harbor2	chr17	65248669	65248875	DNA/TcMar-Tigger	1150	+	103	65248772	44346
chr17	65204426	65404426	harbor2	chr17	65248875	65249028	DNA/TcMar-Tigger	845	+	76	65248951	44525
chr17	76098434	76298434	harbor2	chr17	76164877	76165196	DNA/TcMar-Tigger	1834	+	160	76165037	66603
chr17	72461838	72661838	harbor2	chr17	72519880	72520033	DNA/TcMar-Tigger	1583	+	76	72519956	58118
chr17	72461838	72661838	harbor2	chr17	72520348	72520549	DNA/TcMar-Tigger	1583	+	100	72520448	58610
chr17	69386109	69586109	harbor2	chr17	69398440	69398927	DNA/TcMar-Tigger	14754	+	244	69398684	12575
chr17	69386109	69586109	harbor2	chr17	69399236	69399429	DNA/TcMar-Tigger	14754	+	96	69399332	13223
chr17	69386109	69586109	harbor2	chr17	69399733	69400271	DNA/TcMar-Tigger	14754	+	269	69400002	13893
chr17	69386109	69586109	harbor2	chr17	69400519	69400536	DNA/TcMar-Tigger	14754	+	8	69400527	14418
chr17	69386109	69586109	harbor2	chr17	69400569	69401633	DNA/TcMar-Tigger	14754	+	532	69401101	14992
chr17	69386109	69586109	harbor2	chr17	69402119	69402309	DNA/TcMar-Tigger	14754	+	95	69402214	16105
chr17	69386109	69586109	harbor2	chr17	69406607	69406908	DNA/TcMar-Tigger	1707	+	150	69406757	20648
chr17	69386109	69586109	harbor2	chr17	69472344	69472699	DNA/TcMar-Tigger	3269	+	178	69472522	86413
chr17	69386109	69586109	harbor2	chr17	69473007	69473237	DNA/TcMar-Tigger	3269	+	115	69473122	87013
chr17	69386109	69586109	harbor2	chr17	69479269	69479587	DNA/TcMar-Tigger	1711	+	159	69479428	93319
chr17	27943049	28143049	harbor2	chr17	28037537	28037651	DNA/TcMar-Tigger	1788	+	57	28037594	94545
chr17	27943049	28143049	harbor2	chr17	28037925	28038139	DNA/TcMar-Tigger	1788	+	107	28038032	94983
chr17	27943049	28143049	harbor2	chr17	28038437	28038471	DNA/TcMar-Tigger	1788	+	17	28038454	95405
chr17	35385525	35585525	harbor2	chr17	35418284	35418686	DNA/TcMar-Tigger	2151	+	201	35418485	32960
chr17	60652747	60852747	harbor2	chr17	60701437	60701677	DNA/TcMar-Tigger	1432	+	120	60701557	48810
chr17	60652747	60852747	harbor2	chr17	60702044	60702593	DNA/TcMar-Tigger	13878	+	274	60702318	49571
chr17	60652747	60852747	harbor2	chr17	60702891	60702992	DNA/TcMar-Tigger	13878	+	50	60702941	50194
chr17	60652747	60852747	harbor2	chr17	60703296	60703306	DNA/TcMar-Tigger	13878	+	5	60703301	50554
chr17	60652747	60852747	harbor2	chr17	60703574	60703633	DNA/TcMar-Tigger	13878	+	30	60703604	50857
chr17	60652747	60852747	harbor2	chr17	60703947	60704558	DNA/TcMar-Tigger	13878	+	306	60704253	51506
chr17	60652747	60852747	harbor2	chr17	60704852	60705236	DNA/TcMar-Tigger	13878	+	192	60705044	52297
chr17	60652747	60852747	harbor2	chr17	60705541	60706067	DNA/TcMar-Tigger	13878	+	263	60705804	53057
chr17	60652747	60852747	harbor2	chr17	60706363	60706546	DNA/TcMar-Tigger	13878	+	92	60706455	53708
chr17	60652747	60852747	harbor2	chr17	60713472	60713814	DNA/TcMar-Tigger	1944	+	171	60713643	60896
chr17	60652747	60852747	harbor2	chr17	60720537	60720863	DNA/TcMar-Tigger	1095	+	163	60720700	67953
chr17	75826516	76026516	harbor2	chr17	75869250	75869495	DNA/TcMar-Tigger	1181	+	122	75869372	42856
chr17	72272874	72472874	harbor2	chr17	72355062	72355298	DNA/TcMar-Tigger	1271	+	118	72355180	82306
chr17	62446077	62646077	harbor2	chr17	62537343	62537781	DNA/TcMar-Tigger	2150	+	219	62537562	91485
chr17	71366730	71566730	harbor2	chr17	71456255	71456556	DNA/TcMar-Tigger	1663	+	150	71456405	89675
chr17	62893041	63093041	harbor2	chr17	62958815	62958897	DNA/TcMar-Tigger	763	+	41	62958856	65815
chr17	62893041	63093041	harbor2	chr17	62959195	62959406	DNA/TcMar-Tigger	763	+	106	62959301	66260
chr17	62893041	63093041	harbor2	chr17	62959430	62959499	DNA/TcMar-Tigger	521	+	34	62959464	66423
chr17	62893041	63093041	harbor2	chr17	62959810	62959944	DNA/TcMar-Tigger	521	+	67	62959877	66836
chr17	62893041	63093041	harbor2	chr17	62980347	62980562	DNA/TcMar-Tigger	1103	+	108	62980455	87414
chr17	62893041	63093041	harbor2	chr17	62992011	62992179	DNA/TcMar-Tigger	861	+	84	62992095	99054
chr17	51265157	51465157	harbor2	chr17	51285554	51285874	DNA/TcMar-Tigger	1886	+	160	51285714	20557
chr17	60305160	60505160	harbor2	chr17	60319809	60320006	DNA/TcMar-Tigger	967	+	98	60319907	14747
chr17	60305160	60505160	harbor2	chr17	60358089	60358291	DNA/TcMar-Tigger	628	+	101	60358190	53030
chr17	60305160	60505160	harbor2	chr17	60367157	60367226	DNA/TcMar-Tigger	1627	+	34	60367191	62031
chr17	60305160	60505160	harbor2	chr17	60367821	60368100	DNA/TcMar-Tigger	1627	+	140	60367961	62801
chr17	60305160	60505160	harbor2	chr17	60375202	60375385	DNA/TcMar-Tigger	939	+	92	60375294	70134
chr17	75332910	75532910	harbor2	chr17	75335168	75335454	DNA/TcMar-Tigger	624	+	143	75335311	2401
chr17	80034179	80234179	harbor2	chr17	80071547	80071831	DNA/TcMar-Tigger	1624	+	142	80071689	37510
chr17	80034179	80234179	harbor2	chr17	80072136	80072218	DNA/TcMar-Tigger	1624	+	41	80072177	37998
chr17	80034179	80234179	harbor2	chr17	80072932	80072984	DNA/TcMar-Tigger	3481	+	26	80072958	38779
chr17	80034179	80234179	harbor2	chr17	80073282	80073693	DNA/TcMar-Tigger	3481	+	206	80073488	39309
chr17	80034179	80234179	harbor2	chr17	80073986	80074224	DNA/TcMar-Tigger	3481	+	119	80074105	39926
chr17	80034179	80234179	harbor2	chr17	80074637	80074926	DNA/TcMar-Tigger	1628	+	144	80074781	40602
chr17	80034179	80234179	harbor2	chr17	80075831	80076293	DNA/TcMar-Tigger	3664	+	231	80076062	41883
chr17	80034179	80234179	harbor2	chr17	80076597	80076742	DNA/TcMar-Tigger	3664	+	72	80076669	42490
chr17	80034179	80234179	harbor2	chr17	80077036	80077205	DNA/TcMar-Tigger	3664	+	84	80077120	42941
chr17	70189372	70389372	harbor2	chr17	70263061	70263402	DNA/TcMar-Tigger	1823	+	170	70263231	73859
chr17	59200718	59400718	harbor2	chr17	59228989	59229078	DNA/TcMar-Tigger	577	+	44	59229033	28315
chr17	59200718	59400718	harbor2	chr17	59229698	59230370	DNA/TcMar-Tigger	10104	+	336	59230034	29316
chr17	59200718	59400718	harbor2	chr17	59230682	59231316	DNA/TcMar-Tigger	10104	+	317	59230999	30281
chr17	59200718	59400718	harbor2	chr17	59231626	59232171	DNA/TcMar-Tigger	10104	+	272	59231898	31180
chr17	59200718	59400718	harbor2	chr17	59232466	59232933	DNA/TcMar-Tigger	10104	+	234	59232700	31982
chr17	59200718	59400718	harbor2	chr17	59233541	59234071	DNA/TcMar-Tigger	10104	+	265	59233806	33088
chr17	59200718	59400718	harbor2	chr17	59240321	59240472	DNA/TcMar-Tigger	3394	+	76	59240397	39679
chr17	59200718	59400718	harbor2	chr17	59240771	59241213	DNA/TcMar-Tigger	3394	+	221	59240992	40274
chr17	59200718	59400718	harbor2	chr17	59263944	59263995	DNA/TcMar-Tigger	555	+	26	59263970	63252
chr17	59200718	59400718	harbor2	chr17	59264591	59264714	DNA/TcMar-Tigger	555	+	62	59264653	63935
chr17	80269150	80469150	harbor2	chr17	80341770	80341807	DNA/TcMar-Tigger	1128	+	18	80341788	72638
chr17	80269150	80469150	harbor2	chr17	80342098	80342334	DNA/TcMar-Tigger	1128	+	118	80342216	73066
chr17	78587297	78787297	harbor2	chr17	78605349	78605557	DNA/TcMar-Tigger	584	+	104	78605453	18156
chr17	66476076	66676076	harbor2	chr17	66514012	66514267	DNA/TcMar-Tigger	1579	+	128	66514140	38064
chr17	66476076	66676076	harbor2	chr17	66574582	66574795	DNA/TcMar-Tigger	887	+	106	66574688	98612
chr17	60958894	61158894	harbor2	chr17	61043434	61044169	DNA/TcMar-Tigger	4429	+	368	61043802	84908
chr17	60958894	61158894	harbor2	chr17	61044467	61044600	DNA/TcMar-Tigger	4429	+	66	61044533	85639
chr17	58688593	58888593	harbor2	chr17	58708075	58708257	DNA/TcMar-Tigger	889	+	91	58708166	19573
chr17	69152662	69352662	harbor2	chr17	69155499	69155681	DNA/TcMar-Tigger	514	+	91	69155590	2928
chr17	69152662	69352662	harbor2	chr17	69165700	69168325	DNA/TcMar-Tigger	14334	+	1312	69167012	14350
chr17	33595173	33795173	harbor2	chr17	33675875	33676782	DNA/TcMar-Tigger	6033	+	454	33676329	81156
chr17	33595173	33795173	harbor2	chr17	33677156	33677382	DNA/TcMar-Tigger	1565	+	113	33677269	82096
chr17	33595173	33795173	harbor2	chr17	33677369	33678358	DNA/TcMar-Tigger	6107	+	494	33677863	82690
chr17	13802079	14002079	harbor2	chr17	13808619	13808738	DNA/TcMar-Tigger	523	+	60	13808679	6600
chr17	13802079	14002079	harbor2	chr17	13808736	13808748	DNA/TcMar-Tigger	1365	+	6	13808742	6663
chr17	13802079	14002079	harbor2	chr17	13809045	13809280	DNA/TcMar-Tigger	1365	+	118	13809163	7084
chr17	13802079	14002079	harbor2	chr17	13834885	13835306	DNA/TcMar-Tigger	2373	+	210	13835095	33016
chr17	62065951	62265951	harbor2	chr17	62158335	62158664	DNA/TcMar-Tigger	1912	+	164	62158499	92548
chr17	79511783	79711783	harbor2	chr17	79568303	79568529	DNA/TcMar-Tigger	1301	+	113	79568416	56633
chr17	83156435	83356435	harbor2	chr17	83167440	83168256	DNA/TcMar-Tigger	4596	+	408	83167848	11413
chr17	70181525	70381525	harbor2	chr17	70263061	70263402	DNA/TcMar-Tigger	1823	+	170	70263231	81706
chr17	83120033	83320033	harbor2	chr17	83167440	83168256	DNA/TcMar-Tigger	4596	+	408	83167848	47815
chr17	61109322	61309322	harbor2	chr17	61151125	61151359	DNA/TcMar-Tigger	1317	+	117	61151242	41920
chr17	61109322	61309322	harbor2	chr17	61183586	61184239	DNA/TcMar-Tigger	3110	+	326	61183912	74590
chr17	59681254	59881254	harbor2	chr17	59702737	59703032	DNA/TcMar-Tigger	1685	+	148	59702885	21631
chr17	59681254	59881254	harbor2	chr17	59703324	59703396	DNA/TcMar-Tigger	1685	+	36	59703360	22106
chr17	59681254	59881254	harbor2	chr17	59778759	59779161	DNA/TcMar-Tigger	2334	+	201	59778960	97706
chr17	55195700	55395700	harbor2	chr17	55290254	55292641	DNA/TcMar-Tigger	15848	+	1194	55291448	95748
chr17	76287224	76487224	harbor2	chr17	76309626	76309835	DNA/TcMar-Tigger	830	+	104	76309730	22506
chr17	76287224	76487224	harbor2	chr17	76320371	76320423	DNA/TcMar-Tigger	4099	+	26	76320397	33173
chr17	76287224	76487224	harbor2	chr17	76320710	76320776	DNA/TcMar-Tigger	4099	+	33	76320743	33519
chr17	76287224	76487224	harbor2	chr17	76321083	76321282	DNA/TcMar-Tigger	4099	+	100	76321183	33959
chr17	76287224	76487224	harbor2	chr17	76321494	76322114	DNA/TcMar-Tigger	4099	+	310	76321804	34580
chr17	76287224	76487224	harbor2	chr17	76322421	76322547	DNA/TcMar-Tigger	834	+	63	76322484	35260
chr17	76287224	76487224	harbor2	chr17	76323358	76323863	DNA/TcMar-Tigger	2944	+	252	76323610	36386
chr17	76287224	76487224	harbor2	chr17	76324160	76324195	DNA/TcMar-Tigger	2944	+	18	76324178	36954
chr17	76287224	76487224	harbor2	chr17	76324615	76324708	DNA/TcMar-Tigger	615	+	46	76324661	37437
chr17	76287224	76487224	harbor2	chr17	76325483	76325598	DNA/TcMar-Tigger	1787	+	58	76325541	38317
chr17	76287224	76487224	harbor2	chr17	76325906	76326118	DNA/TcMar-Tigger	1787	+	106	76326012	38788
chr17	76287224	76487224	harbor2	chr17	76331350	76331690	DNA/TcMar-Tigger	1151	+	170	76331520	44296
chr17	42159207	42359207	harbor2	chr17	42256534	42256577	DNA/TcMar-Tigger	904	+	22	42256556	97349
chr17	42159207	42359207	harbor2	chr17	42256889	42257042	DNA/TcMar-Tigger	904	+	76	42256965	97758
chr17	65262835	65462835	harbor2	chr17	65334083	65334563	DNA/TcMar-Tigger	2975	+	240	65334323	71488
chr17	65262835	65462835	harbor2	chr17	65344530	65344754	DNA/TcMar-Tigger	1474	+	112	65344642	81807
chr17	76095738	76295738	harbor2	chr17	76164877	76165196	DNA/TcMar-Tigger	1834	+	160	76165037	69299
chr17	82110689	82310689	harbor2	chr17	82190032	82190114	DNA/TcMar-Tigger	507	+	41	82190073	79384
chr17	82110689	82310689	harbor2	chr17	82190221	82190373	DNA/TcMar-Tigger	756	+	76	82190297	79608
chr17	82110689	82310689	harbor2	chr17	82190720	82191675	DNA/TcMar-Tigger	5230	+	478	82191198	80509
chr17	82110689	82310689	harbor2	chr17	82192254	82192484	DNA/TcMar-Tigger	5230	+	115	82192369	81680
chr18	42176356	42376356	harbor2	chr18	42187433	42187594	DNA/TcMar-Tigger	411	+	80	42187513	11157
chr18	42176356	42376356	harbor2	chr18	42192868	42193364	DNA/TcMar-Tigger	2665	+	248	42193116	16760
chr18	46018483	46218483	harbor2	chr18	46068041	46068284	DNA/TcMar-Tigger	909	+	122	46068163	49680
chr18	46018483	46218483	harbor2	chr18	46068727	46068806	DNA/TcMar-Tigger	495	+	40	46068767	50284
chr18	32203770	32403770	harbor2	chr18	32256239	32256412	DNA/TcMar-Tigger	946	+	86	32256325	52555
chr18	54458323	54658323	harbor2	chr18	54463297	54463540	DNA/TcMar-Tigger	861	+	122	54463419	5096
chr18	54458323	54658323	harbor2	chr18	54500964	54501391	DNA/TcMar-Tigger	3098	+	214	54501178	42855
chr18	54458323	54658323	harbor2	chr18	54501684	54501957	DNA/TcMar-Tigger	3098	+	136	54501820	43497
chr18	54458323	54658323	harbor2	chr18	54505196	54506259	DNA/TcMar-Tigger	5866	+	532	54505728	47405
chr18	79522344	79722344	harbor2	chr18	79536043	79536259	DNA/TcMar-Tigger	1096	+	108	79536151	13807
chr18	79522344	79722344	harbor2	chr18	79541298	79541687	DNA/TcMar-Tigger	674	+	194	79541492	19148
chr18	33194929	33394929	harbor2	chr18	33266089	33266337	DNA/TcMar-Tigger	1315	+	124	33266213	71284
chr18	33194929	33394929	harbor2	chr18	33266339	33266435	DNA/TcMar-Tigger	593	+	48	33266387	71458
chr18	78273086	78473086	harbor2	chr18	78335887	78336498	DNA/TcMar-Tigger	2617	+	306	78336193	63107
chr18	35761091	35961091	harbor2	chr18	35800433	35800748	DNA/TcMar-Tigger	1089	+	158	35800591	39500
chr18	35761091	35961091	harbor2	chr18	35800749	35800839	DNA/TcMar-Tigger	558	+	45	35800794	39703
chr18	31516987	31716987	harbor2	chr18	31526702	31526787	DNA/TcMar-Tigger	467	+	42	31526744	9757
chr18	31516987	31716987	harbor2	chr18	31526787	31527397	DNA/TcMar-Tigger	3294	+	305	31527092	10105
chr18	31516987	31716987	harbor2	chr18	31595497	31595680	DNA/TcMar-Tigger	518	+	92	31595589	78602
chr18	74701340	74901340	harbor2	chr18	74764449	74764665	DNA/TcMar-Tigger	1390	+	108	74764557	63217
chr18	74701340	74901340	harbor2	chr18	74765078	74765174	DNA/TcMar-Tigger	1390	+	48	74765126	63786
chr18	74701340	74901340	harbor2	chr18	74793433	74793837	DNA/TcMar-Tigger	904	+	202	74793635	92295
chr18	74701340	74901340	harbor2	chr18	74794281	74794525	DNA/TcMar-Tigger	438	+	122	74794403	93063
chr18	65161972	65361972	harbor2	chr18	65164731	65164835	DNA/TcMar-Tigger	549	+	52	65164783	2811
chr18	65161972	65361972	harbor2	chr18	65257535	65258749	DNA/TcMar-Tigger	5992	+	607	65258142	96170
chr18	71478694	71678694	harbor2	chr18	71540414	71542545	DNA/TcMar-Tigger	14267	+	1066	71541480	62786
chr18	71478694	71678694	harbor2	chr18	71542596	71543121	DNA/TcMar-Tigger	14267	+	262	71542858	64164
chr18	76564250	76764250	harbor2	chr18	76570379	76570938	DNA/TcMar-Tigger	1253	+	280	76570659	6409
chr18	22243581	22443581	harbor2	chr18	22283525	22283753	DNA/TcMar-Tigger	597	+	114	22283639	40058
chr18	28673418	28873418	harbor2	chr18	28710259	28710589	DNA/TcMar-Tigger	1908	+	165	28710424	37006
chr18	76049777	76249777	harbor2	chr18	76094108	76094494	DNA/TcMar-Tigger	2500	+	193	76094301	44524
chr18	76049777	76249777	harbor2	chr18	76094972	76095187	DNA/TcMar-Tigger	2500	+	108	76095080	45303
chr18	76049777	76249777	harbor2	chr18	76095758	76095876	DNA/TcMar-Tigger	2500	+	59	76095817	46040
chr18	76049777	76249777	harbor2	chr18	76108018	76108308	DNA/TcMar-Tigger	1533	+	145	76108163	58386
chr18	40681131	40881131	harbor2	chr18	40695035	40697318	DNA/TcMar-Tigger	12474	+	1142	40696177	15046
chr18	40681131	40881131	harbor2	chr18	40699451	40699532	DNA/TcMar-Tigger	400	+	40	40699491	18360
chr18	75862275	76062275	harbor2	chr18	75882691	75882779	DNA/TcMar-Tigger	2321	+	44	75882735	20460
chr18	75862275	76062275	harbor2	chr18	75885240	75886092	DNA/TcMar-Tigger	3377	+	426	75885666	23391
chr18	75862275	76062275	harbor2	chr18	75921466	75921748	DNA/TcMar-Tigger	423	+	141	75921607	59332
chr18	69016541	69216541	harbor2	chr18	69052723	69053060	DNA/TcMar-Tigger	1738	+	168	69052891	36350
chr18	47861886	48061886	harbor2	chr18	47872330	47872527	DNA/TcMar-Tigger	856	+	98	47872428	10542
chr18	47861886	48061886	harbor2	chr18	47872865	47872919	DNA/TcMar-Tigger	856	+	27	47872892	11006
chr18	47861886	48061886	harbor2	chr18	47873141	47873230	DNA/TcMar-Tigger	441	+	44	47873185	11299
chr18	47861886	48061886	harbor2	chr18	47885979	47886063	DNA/TcMar-Tigger	520	+	42	47886021	24135
chr18	47861886	48061886	harbor2	chr18	47906155	47906342	DNA/TcMar-Tigger	745	+	94	47906249	44363
chr18	47861886	48061886	harbor2	chr18	47908332	47910931	DNA/TcMar-Tigger	14768	+	1300	47909632	47746
chr18	47861886	48061886	harbor2	chr18	47922323	47922628	DNA/TcMar-Tigger	1305	+	152	47922475	60589
chr18	61902485	62102485	harbor2	chr18	61910710	61910804	DNA/TcMar-Tigger	465	+	47	61910757	8272
chr18	61902485	62102485	harbor2	chr18	61984394	61984546	DNA/TcMar-Tigger	601	+	76	61984470	81985
chr18	50654411	50854411	harbor2	chr18	50693311	50693638	DNA/TcMar-Tigger	662	+	164	50693475	39064
chr18	50654411	50854411	harbor2	chr18	50740285	50740482	DNA/TcMar-Tigger	862	+	98	50740383	85972
chr18	74231680	74431680	harbor2	chr18	74240992	74241158	DNA/TcMar-Tigger	1017	+	83	74241075	9395
chr18	74231680	74431680	harbor2	chr18	74241464	74241854	DNA/TcMar-Tigger	1017	+	195	74241659	9979
chr18	74231680	74431680	harbor2	chr18	74270530	74270818	DNA/TcMar-Tigger	1529	+	144	74270674	38994
chr18	74231680	74431680	harbor2	chr18	74271772	74271964	DNA/TcMar-Tigger	506	+	96	74271868	40188
chr18	74231680	74431680	harbor2	chr18	74272528	74272565	DNA/TcMar-Tigger	506	+	18	74272546	40866
chr18	74231680	74431680	harbor2	chr18	74323705	74324584	DNA/TcMar-Tigger	5396	+	440	74324145	92465
chr18	30375367	30575367	harbor2	chr18	30400375	30400527	DNA/TcMar-Tigger	820	+	76	30400451	25084
chr18	30375367	30575367	harbor2	chr18	30400537	30401512	DNA/TcMar-Tigger	5209	+	488	30401025	25658
chr18	30375367	30575367	harbor2	chr18	30423953	30426307	DNA/TcMar-Tigger	11886	+	1177	30425130	49763
chr19	49941421	50141421	harbor2	chr19	50015200	50015314	DNA/TcMar-Tigger	1251	+	57	50015257	73836
chr19	49941421	50141421	harbor2	chr19	50015609	50015734	DNA/TcMar-Tigger	1251	+	62	50015671	74250
chr19	40964482	41164482	harbor2	chr19	41040412	41040873	DNA/TcMar-Tigger	2697	+	230	41040642	76160
chr19	40964482	41164482	harbor2	chr19	41057020	41057345	DNA/TcMar-Tigger	1602	+	162	41057182	92700
chr19	56081040	56281040	harbor2	chr19	56130073	56130254	DNA/TcMar-Tigger	614	+	90	56130163	49123
chr19	34137642	34337642	harbor2	chr19	34162931	34163174	DNA/TcMar-Tigger	641	+	122	34163053	25411
chr19	49930130	50130130	harbor2	chr19	50015200	50015314	DNA/TcMar-Tigger	1251	+	57	50015257	85127
chr19	49930130	50130130	harbor2	chr19	50015609	50015734	DNA/TcMar-Tigger	1251	+	62	50015671	85541
chr19	36646643	36846643	harbor2	chr19	36668887	36669216	DNA/TcMar-Tigger	1750	+	164	36669051	22408
chr19	36646643	36846643	harbor2	chr19	36746140	36746373	DNA/TcMar-Tigger	1196	+	116	36746256	99613
chr19	16646720	16846720	harbor2	chr19	16700764	16701001	DNA/TcMar-Tigger	1436	+	118	16700882	54162
chr19	16646720	16846720	harbor2	chr19	16715041	16715268	DNA/TcMar-Tigger	2001	+	114	16715155	68435
chr19	16646720	16846720	harbor2	chr19	16715579	16715817	DNA/TcMar-Tigger	2001	+	119	16715698	68978
chr19	54573625	54773625	harbor2	chr19	54592310	54592548	DNA/TcMar-Tigger	671	+	119	54592429	18804
chr19	54573625	54773625	harbor2	chr19	54629081	54629312	DNA/TcMar-Tigger	834	+	116	54629197	55572
chr19	57496664	57696664	harbor2	chr19	57498212	57498394	DNA/TcMar-Tigger	720	+	91	57498303	1639
chr19	57496664	57696664	harbor2	chr19	57512101	57512400	DNA/TcMar-Tigger	1296	+	150	57512251	15587
chr19	57496664	57696664	harbor2	chr19	57519210	57520004	DNA/TcMar-Tigger	7429	+	397	57519607	22943
chr19	57496664	57696664	harbor2	chr19	57520312	57520777	DNA/TcMar-Tigger	7429	+	232	57520544	23880
chr19	57496664	57696664	harbor2	chr19	57528958	57529205	DNA/TcMar-Tigger	1037	+	124	57529082	32418
chr19	41805012	42005012	harbor2	chr19	41804919	41805147	DNA/TcMar-Tigger	1078	+	114	41805033	21
chr19	57198910	57398910	harbor2	chr19	57286094	57286511	DNA/TcMar-Tigger	2394	+	208	57286302	87392
chr19	51865699	52065699	harbor2	chr19	51919231	51919491	DNA/TcMar-Tigger	1081	+	130	51919361	53662
chr19	51865699	52065699	harbor2	chr19	51924697	51924891	DNA/TcMar-Tigger	1029	+	97	51924794	59095
chr19	51865699	52065699	harbor2	chr19	51938754	51938927	DNA/TcMar-Tigger	1041	+	86	51938840	73141
chr19	51865699	52065699	harbor2	chr19	51943234	51943771	DNA/TcMar-Tigger	2866	+	268	51943502	77803
chr19	45624161	45824161	harbor2	chr19	45716052	45716274	DNA/TcMar-Tigger	1231	+	111	45716163	92002
chr19	42573414	42773414	harbor2	chr19	42660272	42660501	DNA/TcMar-Tigger	902	+	114	42660386	86972
chr19	51225260	51425260	harbor2	chr19	51266228	51266586	DNA/TcMar-Tigger	2157	+	179	51266407	41147
chr19	52311434	52511434	harbor2	chr19	52344631	52344797	DNA/TcMar-Tigger	901	+	83	52344714	33280
chr19	52311434	52511434	harbor2	chr19	52345082	52345142	DNA/TcMar-Tigger	901	+	30	52345112	33678
chr19	52311434	52511434	harbor2	chr19	52345238	52345430	DNA/TcMar-Tigger	800	+	96	52345334	33900
chr19	52311434	52511434	harbor2	chr19	52345425	52345695	DNA/TcMar-Tigger	6276	+	135	52345560	34126
chr19	52311434	52511434	harbor2	chr19	52346598	52346730	DNA/TcMar-Tigger	6276	+	66	52346664	35230
chr19	52311434	52511434	harbor2	chr19	52347028	52347525	DNA/TcMar-Tigger	6276	+	248	52347276	35842
chr19	52311434	52511434	harbor2	chr19	52347823	52348234	DNA/TcMar-Tigger	6276	+	206	52348029	36595
chr19	52311434	52511434	harbor2	chr19	52348485	52348668	DNA/TcMar-Tigger	681	+	92	52348577	37143
chr19	41248258	41448258	harbor2	chr19	41282625	41282677	DNA/TcMar-Tigger	5928	+	26	41282651	34393
chr19	41248258	41448258	harbor2	chr19	41282994	41283278	DNA/TcMar-Tigger	5928	+	142	41283136	34878
chr19	41248258	41448258	harbor2	chr19	41283893	41284383	DNA/TcMar-Tigger	5928	+	245	41284138	35880
chr19	41248258	41448258	harbor2	chr19	41284670	41284716	DNA/TcMar-Tigger	5928	+	23	41284693	36435
chr19	41248258	41448258	harbor2	chr19	41285014	41285274	DNA/TcMar-Tigger	5928	+	130	41285144	36886
chr19	41248258	41448258	harbor2	chr19	41285504	41285789	DNA/TcMar-Tigger	1469	+	142	41285646	37388
chr19	41248258	41448258	harbor2	chr19	41337658	41337909	DNA/TcMar-Tigger	1816	+	126	41337784	89526
chr19	41248258	41448258	harbor2	chr19	41338510	41338556	DNA/TcMar-Tigger	1816	+	23	41338533	90275
chr19	41248258	41448258	harbor2	chr19	41338850	41338967	DNA/TcMar-Tigger	1816	+	58	41338908	90650
chr19	34147386	34347386	harbor2	chr19	34162931	34163174	DNA/TcMar-Tigger	641	+	122	34163053	15667
chr19	48949245	49149245	harbor2	chr19	48984909	48985028	DNA/TcMar-Tigger	796	+	60	48984969	35724
chr19	48949245	49149245	harbor2	chr19	48985337	48985386	DNA/TcMar-Tigger	796	+	24	48985361	36116
chr19	48949245	49149245	harbor2	chr19	49012540	49012756	DNA/TcMar-Tigger	1833	+	108	49012648	63403
chr19	48949245	49149245	harbor2	chr19	49013369	49013632	DNA/TcMar-Tigger	1833	+	132	49013501	64256
chr19	48949245	49149245	harbor2	chr19	49013939	49014122	DNA/TcMar-Tigger	1833	+	92	49014031	64786
chr19	57993279	58193279	harbor2	chr19	57997145	57997384	DNA/TcMar-Tigger	657	+	120	57997265	3986
chr19	57993279	58193279	harbor2	chr19	58064320	58064599	DNA/TcMar-Tigger	2451	+	140	58064460	71181
chr19	57993279	58193279	harbor2	chr19	58064902	58065039	DNA/TcMar-Tigger	2451	+	68	58064970	71691
chr19	41776028	41976028	harbor2	chr19	41804919	41805147	DNA/TcMar-Tigger	1078	+	114	41805033	29005
chr19	46121451	46321451	harbor2	chr19	46143042	46143385	DNA/TcMar-Tigger	1958	+	172	46143214	21763
chr19	46121451	46321451	harbor2	chr19	46192815	46192907	DNA/TcMar-Tigger	2633	+	46	46192861	71410
chr19	46121451	46321451	harbor2	chr19	46193221	46193729	DNA/TcMar-Tigger	2633	+	254	46193475	72024
chr19	55843845	56043845	harbor2	chr19	55890580	55890785	DNA/TcMar-Tigger	933	+	102	55890682	46837
chr19	53213900	53413900	harbor2	chr19	53220435	53220621	DNA/TcMar-Tigger	979	+	93	53220528	6628
chr19	53213900	53413900	harbor2	chr19	53220775	53220914	DNA/TcMar-Tigger	751	+	70	53220845	6945
chr19	57016344	57216344	harbor2	chr19	57042552	57042864	DNA/TcMar-Tigger	1446	+	156	57042708	26364
chr19	57016344	57216344	harbor2	chr19	57105128	57105458	DNA/TcMar-Tigger	2684	+	165	57105293	88949
chr19	57016344	57216344	harbor2	chr19	57105796	57106047	DNA/TcMar-Tigger	2684	+	126	57105922	89578
chr19	56612059	56812059	harbor2	chr19	56700483	56700613	DNA/TcMar-Tigger	982	+	65	56700548	88489
chr19	56612059	56812059	harbor2	chr19	56700916	56700987	DNA/TcMar-Tigger	982	+	36	56700952	88893
chr19	56612059	56812059	harbor2	chr19	56700979	56701195	DNA/TcMar-Tigger	1837	+	108	56701087	89028
chr19	56612059	56812059	harbor2	chr19	56701486	56701601	DNA/TcMar-Tigger	1837	+	58	56701544	89485
chr19	57052158	57252158	harbor2	chr19	57105128	57105458	DNA/TcMar-Tigger	2684	+	165	57105293	53135
chr19	57052158	57252158	harbor2	chr19	57105796	57106047	DNA/TcMar-Tigger	2684	+	126	57105922	53764
chr19	57052158	57252158	harbor2	chr19	57146642	57146854	DNA/TcMar-Tigger	2168	+	106	57146748	94590
chr19	57052158	57252158	harbor2	chr19	57147161	57147318	DNA/TcMar-Tigger	2168	+	78	57147239	95081
chr19	57052158	57252158	harbor2	chr19	57147450	57147866	DNA/TcMar-Tigger	2454	+	208	57147658	95500
chr19	57052158	57252158	harbor2	chr19	57147998	57148133	DNA/TcMar-Tigger	779	+	68	57148066	95908
chr19	6095437	6295437	harbor2	chr19	6106399	6106609	DNA/TcMar-Tigger	920	+	105	6106504	11067
chr19	6095437	6295437	harbor2	chr19	6115939	6116377	DNA/TcMar-Tigger	2046	+	219	6116158	20721
chr19	6095437	6295437	harbor2	chr19	6194218	6194492	DNA/TcMar-Tigger	1363	+	137	6194355	98918
chr19	43321865	43521865	harbor2	chr19	43371834	43372177	DNA/TcMar-Tigger	1805	+	172	43372006	50141
chr19	55470764	55670764	harbor2	chr19	55552663	55552846	DNA/TcMar-Tigger	694	+	92	55552755	81991
chr19	55470764	55670764	harbor2	chr19	55553322	55553594	DNA/TcMar-Tigger	1232	+	136	55553458	82694
chr19	55162020	55362020	harbor2	chr19	55191847	55192120	DNA/TcMar-Tigger	1912	+	136	55191983	29963
chr19	55162020	55362020	harbor2	chr19	55192428	55192546	DNA/TcMar-Tigger	1912	+	59	55192487	30467
chr19	55162020	55362020	harbor2	chr19	55192850	55192901	DNA/TcMar-Tigger	1912	+	26	55192876	30856
chr19	40333190	40533190	harbor2	chr19	40333310	40333672	DNA/TcMar-Tigger	2592	+	181	40333491	301
chr19	37616579	37816579	harbor2	chr19	37640036	37640380	DNA/TcMar-Tigger	663	+	172	37640208	23629
chr19	37616579	37816579	harbor2	chr19	37645941	37646164	DNA/TcMar-Tigger	1193	+	112	37646053	29474
chr19	37616579	37816579	harbor2	chr19	37683505	37683785	DNA/TcMar-Tigger	3296	+	140	37683645	67066
chr19	37616579	37816579	harbor2	chr19	37682933	37683204	DNA/TcMar-Tigger	3296	+	136	37683069	66490
chr19	44985726	45185726	harbor2	chr19	45042574	45042615	DNA/TcMar-Tigger	1441	+	20	45042594	56868
chr19	44985726	45185726	harbor2	chr19	45042916	45043194	DNA/TcMar-Tigger	1441	+	139	45043055	57329
chr19	52201453	52401453	harbor2	chr19	52273962	52274176	DNA/TcMar-Tigger	1006	+	107	52274069	72616
chr19	52201453	52401453	harbor2	chr19	52274275	52274462	DNA/TcMar-Tigger	1006	+	94	52274369	72916
chr19	52201453	52401453	harbor2	chr19	52274461	52274600	DNA/TcMar-Tigger	904	+	70	52274531	73078
chr19	52201453	52401453	harbor2	chr19	52274843	52275665	DNA/TcMar-Tigger	5796	+	411	52275254	73801
chr19	52201453	52401453	harbor2	chr19	52275981	52276219	DNA/TcMar-Tigger	5796	+	119	52276100	74647
chr19	52201453	52401453	harbor2	chr19	52276518	52276677	DNA/TcMar-Tigger	650	+	80	52276598	75145
chr19	14206293	14406293	harbor2	chr19	14234410	14234537	DNA/TcMar-Tigger	736	+	64	14234474	28181
chr19	14206293	14406293	harbor2	chr19	14306041	14306349	DNA/TcMar-Tigger	1818	+	154	14306195	99902
chr19	54751133	54951133	harbor2	chr19	54753402	54753710	DNA/TcMar-Tigger	1276	+	154	54753556	2423
chr19	54751133	54951133	harbor2	chr19	54768227	54768535	DNA/TcMar-Tigger	1339	+	154	54768381	17248
chr19	54751133	54951133	harbor2	chr19	54784672	54784980	DNA/TcMar-Tigger	1307	+	154	54784826	33693
chr19	54751133	54951133	harbor2	chr19	54814863	54815171	DNA/TcMar-Tigger	1421	+	154	54815017	63884
chr19	54751133	54951133	harbor2	chr19	54831128	54831436	DNA/TcMar-Tigger	1395	+	154	54831282	80149
chr19	54751133	54951133	harbor2	chr19	54848916	54849138	DNA/TcMar-Tigger	1321	+	111	54849027	97894
chr19	54751133	54951133	harbor2	chr19	54849447	54849545	DNA/TcMar-Tigger	1321	+	49	54849496	98363
chr19	57129292	57329292	harbor2	chr19	57146642	57146854	DNA/TcMar-Tigger	2168	+	106	57146748	17456
chr19	57129292	57329292	harbor2	chr19	57147161	57147318	DNA/TcMar-Tigger	2168	+	78	57147239	17947
chr19	57129292	57329292	harbor2	chr19	57147450	57147866	DNA/TcMar-Tigger	2454	+	208	57147658	18366
chr19	57129292	57329292	harbor2	chr19	57147998	57148133	DNA/TcMar-Tigger	779	+	68	57148066	18774
chr19	57129292	57329292	harbor2	chr19	57151977	57152382	DNA/TcMar-Tigger	2594	+	202	57152179	22887
chr19	57129292	57329292	harbor2	chr19	57152548	57152644	DNA/TcMar-Tigger	905	+	48	57152596	23304
chr19	57129292	57329292	harbor2	chr19	57153080	57153195	DNA/TcMar-Tigger	905	+	58	57153138	23846
chr19	52253987	52453987	harbor2	chr19	52273962	52274176	DNA/TcMar-Tigger	1006	+	107	52274069	20082
chr19	52253987	52453987	harbor2	chr19	52274275	52274462	DNA/TcMar-Tigger	1006	+	94	52274369	20382
chr19	52253987	52453987	harbor2	chr19	52274461	52274600	DNA/TcMar-Tigger	904	+	70	52274531	20544
chr19	52253987	52453987	harbor2	chr19	52274843	52275665	DNA/TcMar-Tigger	5796	+	411	52275254	21267
chr19	52253987	52453987	harbor2	chr19	52275981	52276219	DNA/TcMar-Tigger	5796	+	119	52276100	22113
chr19	52253987	52453987	harbor2	chr19	52276518	52276677	DNA/TcMar-Tigger	650	+	80	52276598	22611
chr19	52253987	52453987	harbor2	chr19	52344631	52344797	DNA/TcMar-Tigger	901	+	83	52344714	90727
chr19	52253987	52453987	harbor2	chr19	52345082	52345142	DNA/TcMar-Tigger	901	+	30	52345112	91125
chr19	52253987	52453987	harbor2	chr19	52345238	52345430	DNA/TcMar-Tigger	800	+	96	52345334	91347
chr19	52253987	52453987	harbor2	chr19	52345425	52345695	DNA/TcMar-Tigger	6276	+	135	52345560	91573
chr19	52253987	52453987	harbor2	chr19	52346598	52346730	DNA/TcMar-Tigger	6276	+	66	52346664	92677
chr19	52253987	52453987	harbor2	chr19	52347028	52347525	DNA/TcMar-Tigger	6276	+	248	52347276	93289
chr19	52253987	52453987	harbor2	chr19	52347823	52348234	DNA/TcMar-Tigger	6276	+	206	52348029	94042
chr19	52253987	52453987	harbor2	chr19	52348485	52348668	DNA/TcMar-Tigger	681	+	92	52348577	94590
chr19	56939809	57139809	harbor2	chr19	56982275	56982454	DNA/TcMar-Tigger	1394	+	90	56982365	42556
chr19	56939809	57139809	harbor2	chr19	56982757	56982839	DNA/TcMar-Tigger	1394	+	41	56982798	42989
chr19	34171594	34371594	harbor2	chr19	34260103	34260447	DNA/TcMar-Tigger	2206	+	172	34260275	88681
chr19	55534408	55734408	harbor2	chr19	55552663	55552846	DNA/TcMar-Tigger	694	+	92	55552755	18347
chr19	55534408	55734408	harbor2	chr19	55553322	55553594	DNA/TcMar-Tigger	1232	+	136	55553458	19050
chr19	36904917	37104917	harbor2	chr19	36919351	36919375	DNA/TcMar-Tigger	6539	+	12	36919363	14446
chr19	36904917	37104917	harbor2	chr19	36919725	36920340	DNA/TcMar-Tigger	6539	+	308	36920033	15116
chr19	36904917	37104917	harbor2	chr19	36920641	36921143	DNA/TcMar-Tigger	6539	+	251	36920892	15975
chr19	36904917	37104917	harbor2	chr19	36925615	36925953	DNA/TcMar-Tigger	2049	+	169	36925784	20867
chr19	36904917	37104917	harbor2	chr19	36945274	36945683	DNA/TcMar-Tigger	2482	+	204	36945478	40561
chr19	36904917	37104917	harbor2	chr19	37003044	37003217	DNA/TcMar-Tigger	789	+	86	37003130	98213
chr19	4581026	4781026	harbor2	chr19	4616094	4616163	DNA/TcMar-Tigger	873	+	34	4616128	35102
chr19	4581026	4781026	harbor2	chr19	4616276	4616465	DNA/TcMar-Tigger	873	+	94	4616370	35344
chr19	4581026	4781026	harbor2	chr19	4617379	4617413	DNA/TcMar-Tigger	873	+	17	4617396	36370
chr19	56632307	56832307	harbor2	chr19	56700483	56700613	DNA/TcMar-Tigger	982	+	65	56700548	68241
chr19	56632307	56832307	harbor2	chr19	56700916	56700987	DNA/TcMar-Tigger	982	+	36	56700952	68645
chr19	56632307	56832307	harbor2	chr19	56700979	56701195	DNA/TcMar-Tigger	1837	+	108	56701087	68780
chr19	56632307	56832307	harbor2	chr19	56701486	56701601	DNA/TcMar-Tigger	1837	+	58	56701544	69237
chr19	56696976	56896976	harbor2	chr19	56700483	56700613	DNA/TcMar-Tigger	982	+	65	56700548	3572
chr19	56696976	56896976	harbor2	chr19	56700916	56700987	DNA/TcMar-Tigger	982	+	36	56700952	3976
chr19	56696976	56896976	harbor2	chr19	56700979	56701195	DNA/TcMar-Tigger	1837	+	108	56701087	4111
chr19	56696976	56896976	harbor2	chr19	56701486	56701601	DNA/TcMar-Tigger	1837	+	58	56701544	4568
chr19	56696976	56896976	harbor2	chr19	56761416	56761843	DNA/TcMar-Tigger	1085	+	214	56761630	64654
chr19	56696976	56896976	harbor2	chr19	56790297	56790814	DNA/TcMar-Tigger	3025	+	258	56790555	93579
chr19	52255013	52455013	harbor2	chr19	52273962	52274176	DNA/TcMar-Tigger	1006	+	107	52274069	19056
chr19	52255013	52455013	harbor2	chr19	52274275	52274462	DNA/TcMar-Tigger	1006	+	94	52274369	19356
chr19	52255013	52455013	harbor2	chr19	52274461	52274600	DNA/TcMar-Tigger	904	+	70	52274531	19518
chr19	52255013	52455013	harbor2	chr19	52274843	52275665	DNA/TcMar-Tigger	5796	+	411	52275254	20241
chr19	52255013	52455013	harbor2	chr19	52275981	52276219	DNA/TcMar-Tigger	5796	+	119	52276100	21087
chr19	52255013	52455013	harbor2	chr19	52276518	52276677	DNA/TcMar-Tigger	650	+	80	52276598	21585
chr19	52255013	52455013	harbor2	chr19	52344631	52344797	DNA/TcMar-Tigger	901	+	83	52344714	89701
chr19	52255013	52455013	harbor2	chr19	52345082	52345142	DNA/TcMar-Tigger	901	+	30	52345112	90099
chr19	52255013	52455013	harbor2	chr19	52345238	52345430	DNA/TcMar-Tigger	800	+	96	52345334	90321
chr19	52255013	52455013	harbor2	chr19	52345425	52345695	DNA/TcMar-Tigger	6276	+	135	52345560	90547
chr19	52255013	52455013	harbor2	chr19	52346598	52346730	DNA/TcMar-Tigger	6276	+	66	52346664	91651
chr19	52255013	52455013	harbor2	chr19	52347028	52347525	DNA/TcMar-Tigger	6276	+	248	52347276	92263
chr19	52255013	52455013	harbor2	chr19	52347823	52348234	DNA/TcMar-Tigger	6276	+	206	52348029	93016
chr19	52255013	52455013	harbor2	chr19	52348485	52348668	DNA/TcMar-Tigger	681	+	92	52348577	93564
chr19	34043506	34243506	harbor2	chr19	34073952	34074251	DNA/TcMar-Tigger	1578	+	150	34074102	30596
chr19	34043506	34243506	harbor2	chr19	34075536	34075699	DNA/TcMar-Tigger	3393	+	82	34075618	32112
chr19	34043506	34243506	harbor2	chr19	34076457	34076839	DNA/TcMar-Tigger	3393	+	191	34076648	33142
chr19	34043506	34243506	harbor2	chr19	34092076	34092466	DNA/TcMar-Tigger	2450	+	195	34092271	48765
chr19	34043506	34243506	harbor2	chr19	34099316	34101175	DNA/TcMar-Tigger	12048	+	930	34100246	56740
chr19	34043506	34243506	harbor2	chr19	34101492	34101526	DNA/TcMar-Tigger	12048	+	17	34101509	58003
chr19	34043506	34243506	harbor2	chr19	34101825	34102208	DNA/TcMar-Tigger	12048	+	192	34102017	58511
chr19	34043506	34243506	harbor2	chr19	34102505	34102768	DNA/TcMar-Tigger	4570	+	132	34102637	59131
chr19	58175575	58375575	harbor2	chr19	58180050	58180276	DNA/TcMar-Tigger	718	+	113	58180163	4588
chr19	56934939	57134939	harbor2	chr19	56982275	56982454	DNA/TcMar-Tigger	1394	+	90	56982365	47426
chr19	56934939	57134939	harbor2	chr19	56982757	56982839	DNA/TcMar-Tigger	1394	+	41	56982798	47859
chr19	28635763	28835763	harbor2	chr19	28712467	28713302	DNA/TcMar-Tigger	4309	+	418	28712885	77122
chr19	32526765	32726765	harbor2	chr19	32527501	32528036	DNA/TcMar-Tigger	2867	+	268	32527769	1004
chr19	32526765	32726765	harbor2	chr19	32546462	32546521	DNA/TcMar-Tigger	1815	+	30	32546492	19727
chr19	32526765	32726765	harbor2	chr19	32546843	32547135	DNA/TcMar-Tigger	1815	+	146	32546989	20224
chr19	32526765	32726765	harbor2	chr19	32600211	32600257	DNA/TcMar-Tigger	731	+	23	32600234	73469
chr19	32526765	32726765	harbor2	chr19	32600549	32600703	DNA/TcMar-Tigger	731	+	77	32600626	73861
chr19	57250001	57450001	harbor2	chr19	57286094	57286511	DNA/TcMar-Tigger	2394	+	208	57286302	36301
chr19	42610610	42810610	harbor2	chr19	42660272	42660501	DNA/TcMar-Tigger	902	+	114	42660386	49776
chr19	40300278	40500278	harbor2	chr19	40332680	40332975	DNA/TcMar-Tigger	2305	+	148	40332828	32550
chr19	40300278	40500278	harbor2	chr19	40333310	40333672	DNA/TcMar-Tigger	2592	+	181	40333491	33213
chr19	49023305	49223305	harbor2	chr19	49091009	49091090	DNA/TcMar-Tigger	1071	+	40	49091049	67744
chr19	49023305	49223305	harbor2	chr19	49091387	49091619	DNA/TcMar-Tigger	1071	+	116	49091503	68198
chr19	58275503	58475503	harbor2	chr19	58329614	58329871	DNA/TcMar-Tigger	1496	+	128	58329742	54239
chr19	56417807	56617807	harbor2	chr19	56431216	56431341	DNA/TcMar-Tigger	645	+	62	56431278	13471
chr19	56417807	56617807	harbor2	chr19	56446316	56446644	DNA/TcMar-Tigger	1015	+	164	56446480	28673
chr19	56417807	56617807	harbor2	chr19	56472466	56472882	DNA/TcMar-Tigger	2258	+	208	56472674	54867
chr19	56417807	56617807	harbor2	chr19	56505803	56505923	DNA/TcMar-Tigger	849	+	60	56505863	88056
chr19	56417807	56617807	harbor2	chr19	56505911	56506047	DNA/TcMar-Tigger	774	+	68	56505979	88172
chr19	57138799	57338799	harbor2	chr19	57146642	57146854	DNA/TcMar-Tigger	2168	+	106	57146748	7949
chr19	57138799	57338799	harbor2	chr19	57147161	57147318	DNA/TcMar-Tigger	2168	+	78	57147239	8440
chr19	57138799	57338799	harbor2	chr19	57147450	57147866	DNA/TcMar-Tigger	2454	+	208	57147658	8859
chr19	57138799	57338799	harbor2	chr19	57147998	57148133	DNA/TcMar-Tigger	779	+	68	57148066	9267
chr19	57138799	57338799	harbor2	chr19	57151977	57152382	DNA/TcMar-Tigger	2594	+	202	57152179	13380
chr19	57138799	57338799	harbor2	chr19	57152548	57152644	DNA/TcMar-Tigger	905	+	48	57152596	13797
chr19	57138799	57338799	harbor2	chr19	57153080	57153195	DNA/TcMar-Tigger	905	+	58	57153138	14339
chr19	57197567	57397567	harbor2	chr19	57286094	57286511	DNA/TcMar-Tigger	2394	+	208	57286302	88735
chr19	55289905	55489905	harbor2	chr19	55298491	55298952	DNA/TcMar-Tigger	1940	+	230	55298721	8816
chr19	55289905	55489905	harbor2	chr19	55299166	55299347	DNA/TcMar-Tigger	733	+	90	55299256	9351
chr19	55234371	55434371	harbor2	chr19	55298491	55298952	DNA/TcMar-Tigger	1940	+	230	55298721	64350
chr19	55234371	55434371	harbor2	chr19	55299166	55299347	DNA/TcMar-Tigger	733	+	90	55299256	64885
chr19	47188920	47388920	harbor2	chr19	47283433	47283624	DNA/TcMar-Tigger	751	+	96	47283529	94609
chr19	52206124	52406124	harbor2	chr19	52273962	52274176	DNA/TcMar-Tigger	1006	+	107	52274069	67945
chr19	52206124	52406124	harbor2	chr19	52274275	52274462	DNA/TcMar-Tigger	1006	+	94	52274369	68245
chr19	52206124	52406124	harbor2	chr19	52274461	52274600	DNA/TcMar-Tigger	904	+	70	52274531	68407
chr19	52206124	52406124	harbor2	chr19	52274843	52275665	DNA/TcMar-Tigger	5796	+	411	52275254	69130
chr19	52206124	52406124	harbor2	chr19	52275981	52276219	DNA/TcMar-Tigger	5796	+	119	52276100	69976
chr19	52206124	52406124	harbor2	chr19	52276518	52276677	DNA/TcMar-Tigger	650	+	80	52276598	70474
chr19	52070711	52270711	harbor2	chr19	52088269	52089361	DNA/TcMar-Tigger	6229	+	546	52088815	18104
chr19	52070711	52270711	harbor2	chr19	52111167	52111527	DNA/TcMar-Tigger	1665	+	180	52111347	40636
chr19	34926579	35126579	harbor2	chr19	34928356	34928550	DNA/TcMar-Tigger	1830	+	97	34928453	1874
chr19	34926579	35126579	harbor2	chr19	34928841	34928982	DNA/TcMar-Tigger	1830	+	70	34928911	2332
chr19	49939182	50139182	harbor2	chr19	50015200	50015314	DNA/TcMar-Tigger	1251	+	57	50015257	76075
chr19	49939182	50139182	harbor2	chr19	50015609	50015734	DNA/TcMar-Tigger	1251	+	62	50015671	76489
chr19	36502186	36702186	harbor2	chr19	36512920	36513251	DNA/TcMar-Tigger	1871	+	166	36513086	10900
chr19	36502186	36702186	harbor2	chr19	36553762	36554090	DNA/TcMar-Tigger	1851	+	164	36553926	51740
chr19	36502186	36702186	harbor2	chr19	36580759	36581044	DNA/TcMar-Tigger	1350	+	142	36580901	78715
chr19	45350712	45550712	harbor2	chr19	45356253	45356527	DNA/TcMar-Tigger	953	+	137	45356390	5678
chr19	45350712	45550712	harbor2	chr19	45356825	45356864	DNA/TcMar-Tigger	953	+	20	45356845	6133
chr19	19404004	19604004	harbor2	chr19	19455000	19455073	DNA/TcMar-Tigger	1087	+	36	19455036	51032
chr19	19404004	19604004	harbor2	chr19	19455507	19455770	DNA/TcMar-Tigger	1087	+	132	19455639	51635
chr19	19404004	19604004	harbor2	chr19	19456197	19456646	DNA/TcMar-Tigger	898	+	224	19456421	52417
chr19	23569378	23769378	harbor2	chr19	23631264	23631620	DNA/TcMar-Tigger	1456	+	178	23631442	62064
chr19	18010476	18210476	harbor2	chr19	18011472	18011583	DNA/TcMar-Tigger	1066	+	56	18011528	1052
chr19	18010476	18210476	harbor2	chr19	18011863	18011952	DNA/TcMar-Tigger	1066	+	44	18011907	1431
chr19	18010476	18210476	harbor2	chr19	18012259	18012304	DNA/TcMar-Tigger	1066	+	22	18012281	1805
chr19	18010476	18210476	harbor2	chr19	18012613	18012739	DNA/TcMar-Tigger	1066	+	63	18012676	2200
chr19	18010476	18210476	harbor2	chr19	18086277	18086406	DNA/TcMar-Tigger	780	+	64	18086341	75865
chr19	19634406	19834406	harbor2	chr19	19698470	19698734	DNA/TcMar-Tigger	1317	+	132	19698602	64196
chr19	46078478	46278478	harbor2	chr19	46143042	46143385	DNA/TcMar-Tigger	1958	+	172	46143214	64736
chr19	44000760	44200760	harbor2	chr19	44020574	44020800	DNA/TcMar-Tigger	1131	+	113	44020687	19927
chr19	44000760	44200760	harbor2	chr19	44038255	44038469	DNA/TcMar-Tigger	1020	+	107	44038362	37602
chr19	55976125	56176125	harbor2	chr19	56023401	56023814	DNA/TcMar-Tigger	1266	+	206	56023607	47482
chr19	55976125	56176125	harbor2	chr19	56069754	56070034	DNA/TcMar-Tigger	1291	+	140	56069894	93769
chr19	52065282	52265282	harbor2	chr19	52088269	52089361	DNA/TcMar-Tigger	6229	+	546	52088815	23533
chr19	52065282	52265282	harbor2	chr19	52111167	52111527	DNA/TcMar-Tigger	1665	+	180	52111347	46065
chr19	14412298	14612298	harbor2	chr19	14438115	14438322	DNA/TcMar-Tigger	1177	+	104	14438219	25921
chr19	28698788	28898788	harbor2	chr19	28712467	28713302	DNA/TcMar-Tigger	4309	+	418	28712885	14097
chr19	34549328	34749328	harbor2	chr19	34606586	34606925	DNA/TcMar-Tigger	1595	+	170	34606756	57428
chr19	43854362	44054362	harbor2	chr19	43862930	43863544	DNA/TcMar-Tigger	4581	+	307	43863237	8875
chr19	43854362	44054362	harbor2	chr19	43863806	43864018	DNA/TcMar-Tigger	4581	+	106	43863912	9550
chr19	43854362	44054362	harbor2	chr19	43923252	43923589	DNA/TcMar-Tigger	1919	+	168	43923420	69058
chr19	31943487	32143487	harbor2	chr19	32000550	32000981	DNA/TcMar-Tigger	2465	+	216	32000766	57279
chr19	31943487	32143487	harbor2	chr19	32016037	32016167	DNA/TcMar-Tigger	1563	+	65	32016102	72615
chr19	31943487	32143487	harbor2	chr19	32016516	32016781	DNA/TcMar-Tigger	1563	+	132	32016648	73161
chr19	31960236	32160236	harbor2	chr19	32000550	32000981	DNA/TcMar-Tigger	2465	+	216	32000766	40530
chr19	31960236	32160236	harbor2	chr19	32016037	32016167	DNA/TcMar-Tigger	1563	+	65	32016102	55866
chr19	31960236	32160236	harbor2	chr19	32016516	32016781	DNA/TcMar-Tigger	1563	+	132	32016648	56412
chr19	36944305	37144305	harbor2	chr19	36945274	36945683	DNA/TcMar-Tigger	2482	+	204	36945478	1173
chr19	36944305	37144305	harbor2	chr19	37003044	37003217	DNA/TcMar-Tigger	789	+	86	37003130	58825
chr19	36944305	37144305	harbor2	chr19	37037798	37037914	DNA/TcMar-Tigger	776	+	58	37037856	93551
chr19	54147656	54347656	harbor2	chr19	54197503	54197697	DNA/TcMar-Tigger	2103	+	97	54197600	49944
chr19	54147656	54347656	harbor2	chr19	54198010	54198130	DNA/TcMar-Tigger	2103	+	60	54198070	50414
chr19	54147656	54347656	harbor2	chr19	54198431	54198470	DNA/TcMar-Tigger	2103	+	20	54198451	50795
chr19	54147656	54347656	harbor2	chr19	54198783	54198849	DNA/TcMar-Tigger	2103	+	33	54198816	51160
chr19	54147656	54347656	harbor2	chr19	54215120	54215195	DNA/TcMar-Tigger	648	+	38	54215158	67502
chr19	54147656	54347656	harbor2	chr19	54215498	54215557	DNA/TcMar-Tigger	648	+	30	54215528	67872
chr19	41667605	41867605	harbor2	chr19	41689568	41690004	DNA/TcMar-Tigger	2119	+	218	41689786	22181
chr19	41667605	41867605	harbor2	chr19	41712924	41713024	DNA/TcMar-Tigger	1160	+	50	41712974	45369
chr19	41667605	41867605	harbor2	chr19	41713332	41713488	DNA/TcMar-Tigger	1160	+	78	41713410	45805
chr19	41667605	41867605	harbor2	chr19	41759842	41760078	DNA/TcMar-Tigger	1159	+	118	41759960	92355
chr19	58261840	58461840	harbor2	chr19	58329614	58329871	DNA/TcMar-Tigger	1496	+	128	58329742	67902
chr19	12262944	12462944	harbor2	chr19	12271733	12271964	DNA/TcMar-Tigger	1027	+	116	12271849	8905
chr19	12262944	12462944	harbor2	chr19	12275141	12275366	DNA/TcMar-Tigger	1702	+	112	12275253	12309
chr19	12262944	12462944	harbor2	chr19	12275664	12275860	DNA/TcMar-Tigger	1702	+	98	12275762	12818
chr19	12262944	12462944	harbor2	chr19	12314363	12315393	DNA/TcMar-Tigger	1608	+	515	12314878	51934
chr19	12262944	12462944	harbor2	chr19	12316983	12317147	DNA/TcMar-Tigger	861	+	82	12317065	54121
chr19	12262944	12462944	harbor2	chr19	12321748	12322039	DNA/TcMar-Tigger	1630	+	146	12321894	58950
chr19	12262944	12462944	harbor2	chr19	12322354	12322484	DNA/TcMar-Tigger	1630	+	65	12322419	59475
chr19	12262944	12462944	harbor2	chr19	12349434	12349567	DNA/TcMar-Tigger	623	+	66	12349500	86556
chr19	12262944	12462944	harbor2	chr19	12352177	12352222	DNA/TcMar-Tigger	1889	+	22	12352199	89255
chr19	12262944	12462944	harbor2	chr19	12352505	12352891	DNA/TcMar-Tigger	1889	+	193	12352698	89754
chr19	12262944	12462944	harbor2	chr19	12354739	12354951	DNA/TcMar-Tigger	911	+	106	12354845	91901
chr19	49993774	50193774	harbor2	chr19	50015200	50015314	DNA/TcMar-Tigger	1251	+	57	50015257	21483
chr19	49993774	50193774	harbor2	chr19	50015609	50015734	DNA/TcMar-Tigger	1251	+	62	50015671	21897
chr19	45676490	45876490	harbor2	chr19	45716052	45716274	DNA/TcMar-Tigger	1231	+	111	45716163	39673
chr19	42415703	42615703	harbor2	chr19	42415826	42416060	DNA/TcMar-Tigger	8371	+	117	42415943	240
chr19	42415703	42615703	harbor2	chr19	42416355	42416910	DNA/TcMar-Tigger	8371	+	278	42416633	930
chr19	42415703	42615703	harbor2	chr19	42417220	42417243	DNA/TcMar-Tigger	8371	+	12	42417232	1529
chr19	42415703	42615703	harbor2	chr19	42417684	42417985	DNA/TcMar-Tigger	8371	+	150	42417834	2131
chr19	42415703	42615703	harbor2	chr19	42418283	42418830	DNA/TcMar-Tigger	8371	+	274	42418557	2854
chr19	36616085	36816085	harbor2	chr19	36621526	36621591	DNA/TcMar-Tigger	1286	+	32	36621558	5473
chr19	36616085	36816085	harbor2	chr19	36621619	36621841	DNA/TcMar-Tigger	1286	+	111	36621730	5645
chr19	36616085	36816085	harbor2	chr19	36668887	36669216	DNA/TcMar-Tigger	1750	+	164	36669051	52966
chr19	42571010	42771010	harbor2	chr19	42660272	42660501	DNA/TcMar-Tigger	902	+	114	42660386	89376
chr19	56649419	56849419	harbor2	chr19	56700483	56700613	DNA/TcMar-Tigger	982	+	65	56700548	51129
chr19	56649419	56849419	harbor2	chr19	56700916	56700987	DNA/TcMar-Tigger	982	+	36	56700952	51533
chr19	56649419	56849419	harbor2	chr19	56700979	56701195	DNA/TcMar-Tigger	1837	+	108	56701087	51668
chr19	56649419	56849419	harbor2	chr19	56701486	56701601	DNA/TcMar-Tigger	1837	+	58	56701544	52125
chr19	38037250	38237250	harbor2	chr19	38075071	38075176	DNA/TcMar-Tigger	6733	+	52	38075123	37873
chr19	38037250	38237250	harbor2	chr19	38075471	38075502	DNA/TcMar-Tigger	6733	+	16	38075487	38237
chr19	38037250	38237250	harbor2	chr19	38075808	38075861	DNA/TcMar-Tigger	6733	+	26	38075834	38584
chr19	38037250	38237250	harbor2	chr19	38076170	38077168	DNA/TcMar-Tigger	6733	+	499	38076669	39419
chr19	54675754	54875754	harbor2	chr19	54736985	54737208	DNA/TcMar-Tigger	1217	+	112	54737097	61343
chr19	54675754	54875754	harbor2	chr19	54737517	54737612	DNA/TcMar-Tigger	1217	+	48	54737565	61811
chr19	54675754	54875754	harbor2	chr19	54753402	54753710	DNA/TcMar-Tigger	1276	+	154	54753556	77802
chr19	54675754	54875754	harbor2	chr19	54768227	54768535	DNA/TcMar-Tigger	1339	+	154	54768381	92627
chr19	56466025	56666025	harbor2	chr19	56472466	56472882	DNA/TcMar-Tigger	2258	+	208	56472674	6649
chr19	56466025	56666025	harbor2	chr19	56505803	56505923	DNA/TcMar-Tigger	849	+	60	56505863	39838
chr19	56466025	56666025	harbor2	chr19	56505911	56506047	DNA/TcMar-Tigger	774	+	68	56505979	39954
chr19	56466025	56666025	harbor2	chr19	56519710	56519975	DNA/TcMar-Tigger	1424	+	132	56519842	53817
chr19	56466025	56666025	harbor2	chr19	56521967	56522221	DNA/TcMar-Tigger	1268	+	127	56522094	56069
chr19	34803208	35003208	harbor2	chr19	34830747	34831077	DNA/TcMar-Tigger	1898	+	165	34830912	27704
chr19	53462614	53662614	harbor2	chr19	53551606	53551928	DNA/TcMar-Tigger	1268	+	161	53551767	89153
chr19	33423733	33623733	harbor2	chr19	33453409	33453542	DNA/TcMar-Tigger	676	+	66	33453475	29742
chr19	33423733	33623733	harbor2	chr19	33453532	33453733	DNA/TcMar-Tigger	1146	+	100	33453632	29899
chr19	57246428	57446428	harbor2	chr19	57286094	57286511	DNA/TcMar-Tigger	2394	+	208	57286302	39874
chr19	51937027	52137027	harbor2	chr19	51938754	51938927	DNA/TcMar-Tigger	1041	+	86	51938840	1813
chr19	51937027	52137027	harbor2	chr19	51943234	51943771	DNA/TcMar-Tigger	2866	+	268	51943502	6475
chr19	52254536	52454536	harbor2	chr19	52273962	52274176	DNA/TcMar-Tigger	1006	+	107	52274069	19533
chr19	52254536	52454536	harbor2	chr19	52274275	52274462	DNA/TcMar-Tigger	1006	+	94	52274369	19833
chr19	52254536	52454536	harbor2	chr19	52274461	52274600	DNA/TcMar-Tigger	904	+	70	52274531	19995
chr19	52254536	52454536	harbor2	chr19	52274843	52275665	DNA/TcMar-Tigger	5796	+	411	52275254	20718
chr19	52254536	52454536	harbor2	chr19	52275981	52276219	DNA/TcMar-Tigger	5796	+	119	52276100	21564
chr19	52254536	52454536	harbor2	chr19	52276518	52276677	DNA/TcMar-Tigger	650	+	80	52276598	22062
chr19	52254536	52454536	harbor2	chr19	52344631	52344797	DNA/TcMar-Tigger	901	+	83	52344714	90178
chr19	52254536	52454536	harbor2	chr19	52345082	52345142	DNA/TcMar-Tigger	901	+	30	52345112	90576
chr19	52254536	52454536	harbor2	chr19	52345238	52345430	DNA/TcMar-Tigger	800	+	96	52345334	90798
chr19	52254536	52454536	harbor2	chr19	52345425	52345695	DNA/TcMar-Tigger	6276	+	135	52345560	91024
chr19	52254536	52454536	harbor2	chr19	52346598	52346730	DNA/TcMar-Tigger	6276	+	66	52346664	92128
chr19	52254536	52454536	harbor2	chr19	52347028	52347525	DNA/TcMar-Tigger	6276	+	248	52347276	92740
chr19	52254536	52454536	harbor2	chr19	52347823	52348234	DNA/TcMar-Tigger	6276	+	206	52348029	93493
chr19	52254536	52454536	harbor2	chr19	52348485	52348668	DNA/TcMar-Tigger	681	+	92	52348577	94041
chr19	41311424	41511424	harbor2	chr19	41337658	41337909	DNA/TcMar-Tigger	1816	+	126	41337784	26360
chr19	41311424	41511424	harbor2	chr19	41338510	41338556	DNA/TcMar-Tigger	1816	+	23	41338533	27109
chr19	41311424	41511424	harbor2	chr19	41338850	41338967	DNA/TcMar-Tigger	1816	+	58	41338908	27484
chr19	40118595	40318595	harbor2	chr19	40188546	40189116	DNA/TcMar-Tigger	2668	+	285	40188831	70236
chr19	40118595	40318595	harbor2	chr19	40189409	40189420	DNA/TcMar-Tigger	2668	+	6	40189415	70820
chr19	40118595	40318595	harbor2	chr19	40189733	40189864	DNA/TcMar-Tigger	2668	+	66	40189799	71204
chr19	48834879	49034879	harbor2	chr19	48893933	48894036	DNA/TcMar-Tigger	1167	+	52	48893985	59106
chr19	48834879	49034879	harbor2	chr19	48894313	48894360	DNA/TcMar-Tigger	1167	+	24	48894337	59458
chr19	48834879	49034879	harbor2	chr19	48894659	48894847	DNA/TcMar-Tigger	1167	+	94	48894753	59874
chr19	46550734	46750734	harbor2	chr19	46615228	46615434	DNA/TcMar-Tigger	1195	+	103	46615331	64597
chr19	47647389	47847389	harbor2	chr19	47654951	47655243	DNA/TcMar-Tigger	2625	+	146	47655097	7708
chr19	47647389	47847389	harbor2	chr19	47655549	47655570	DNA/TcMar-Tigger	2625	+	10	47655559	8170
chr19	47647389	47847389	harbor2	chr19	47655884	47655952	DNA/TcMar-Tigger	2625	+	34	47655918	8529
chr19	47647389	47847389	harbor2	chr19	47656267	47656587	DNA/TcMar-Tigger	2625	+	160	47656427	9038
chr19	47647389	47847389	harbor2	chr19	47668249	47668485	DNA/TcMar-Tigger	2979	+	118	47668367	20978
chr19	47647389	47847389	harbor2	chr19	47668790	47668837	DNA/TcMar-Tigger	2979	+	24	47668814	21425
chr19	47647389	47847389	harbor2	chr19	47669098	47669108	DNA/TcMar-Tigger	2979	+	5	47669103	21714
chr19	47647389	47847389	harbor2	chr19	47669138	47669473	DNA/TcMar-Tigger	2979	+	168	47669306	21917
chr19	47562041	47762041	harbor2	chr19	47635957	47636212	DNA/TcMar-Tigger	1552	+	128	47636085	74044
chr19	47562041	47762041	harbor2	chr19	47654951	47655243	DNA/TcMar-Tigger	2625	+	146	47655097	93056
chr19	47562041	47762041	harbor2	chr19	47655549	47655570	DNA/TcMar-Tigger	2625	+	10	47655559	93518
chr19	47562041	47762041	harbor2	chr19	47655884	47655952	DNA/TcMar-Tigger	2625	+	34	47655918	93877
chr19	47562041	47762041	harbor2	chr19	47656267	47656587	DNA/TcMar-Tigger	2625	+	160	47656427	94386
chr19	50860417	51060417	harbor2	chr19	50907787	50908123	DNA/TcMar-Tigger	1033	+	168	50907955	47538
chr19	56507974	56707974	harbor2	chr19	56519710	56519975	DNA/TcMar-Tigger	1424	+	132	56519842	11868
chr19	56507974	56707974	harbor2	chr19	56521967	56522221	DNA/TcMar-Tigger	1268	+	127	56522094	14120
chr19	54728690	54928690	harbor2	chr19	54736985	54737208	DNA/TcMar-Tigger	1217	+	112	54737097	8407
chr19	54728690	54928690	harbor2	chr19	54737517	54737612	DNA/TcMar-Tigger	1217	+	48	54737565	8875
chr19	54728690	54928690	harbor2	chr19	54753402	54753710	DNA/TcMar-Tigger	1276	+	154	54753556	24866
chr19	54728690	54928690	harbor2	chr19	54768227	54768535	DNA/TcMar-Tigger	1339	+	154	54768381	39691
chr19	54728690	54928690	harbor2	chr19	54784672	54784980	DNA/TcMar-Tigger	1307	+	154	54784826	56136
chr19	54728690	54928690	harbor2	chr19	54814863	54815171	DNA/TcMar-Tigger	1421	+	154	54815017	86327
chr19	58058842	58258842	harbor2	chr19	58064320	58064599	DNA/TcMar-Tigger	2451	+	140	58064460	5618
chr19	58058842	58258842	harbor2	chr19	58064902	58065039	DNA/TcMar-Tigger	2451	+	68	58064970	6128
chr19	58058842	58258842	harbor2	chr19	58103279	58104096	DNA/TcMar-Tigger	8419	+	408	58103687	44845
chr19	58058842	58258842	harbor2	chr19	58104750	58105387	DNA/TcMar-Tigger	8419	+	318	58105068	46226
chr19	58058842	58258842	harbor2	chr19	58105688	58105703	DNA/TcMar-Tigger	8419	+	8	58105696	46854
chr19	58058842	58258842	harbor2	chr19	58105995	58106117	DNA/TcMar-Tigger	8419	+	61	58106056	47214
chr19	58058842	58258842	harbor2	chr19	58120433	58120737	DNA/TcMar-Tigger	1480	+	152	58120585	61743
chr19	58058842	58258842	harbor2	chr19	58120797	58120993	DNA/TcMar-Tigger	1635	+	98	58120895	62053
chr19	58058842	58258842	harbor2	chr19	58121291	58121431	DNA/TcMar-Tigger	1635	+	70	58121361	62519
chr19	44510056	44710056	harbor2	chr19	44565622	44566007	DNA/TcMar-Tigger	2016	+	192	44565814	55758
chr19	57117215	57317215	harbor2	chr19	57146642	57146854	DNA/TcMar-Tigger	2168	+	106	57146748	29533
chr19	57117215	57317215	harbor2	chr19	57147161	57147318	DNA/TcMar-Tigger	2168	+	78	57147239	30024
chr19	57117215	57317215	harbor2	chr19	57147450	57147866	DNA/TcMar-Tigger	2454	+	208	57147658	30443
chr19	57117215	57317215	harbor2	chr19	57147998	57148133	DNA/TcMar-Tigger	779	+	68	57148066	30851
chr19	57117215	57317215	harbor2	chr19	57151977	57152382	DNA/TcMar-Tigger	2594	+	202	57152179	34964
chr19	57117215	57317215	harbor2	chr19	57152548	57152644	DNA/TcMar-Tigger	905	+	48	57152596	35381
chr19	57117215	57317215	harbor2	chr19	57153080	57153195	DNA/TcMar-Tigger	905	+	58	57153138	35923
chr19	56646331	56846331	harbor2	chr19	56700483	56700613	DNA/TcMar-Tigger	982	+	65	56700548	54217
chr19	56646331	56846331	harbor2	chr19	56700916	56700987	DNA/TcMar-Tigger	982	+	36	56700952	54621
chr19	56646331	56846331	harbor2	chr19	56700979	56701195	DNA/TcMar-Tigger	1837	+	108	56701087	54756
chr19	56646331	56846331	harbor2	chr19	56701486	56701601	DNA/TcMar-Tigger	1837	+	58	56701544	55213
chr19	44813763	45013763	harbor2	chr19	44823565	44823696	DNA/TcMar-Tigger	698	+	66	44823631	9868
chr19	51213507	51413507	harbor2	chr19	51266228	51266586	DNA/TcMar-Tigger	2157	+	179	51266407	52900
chr19	57126335	57326335	harbor2	chr19	57146642	57146854	DNA/TcMar-Tigger	2168	+	106	57146748	20413
chr19	57126335	57326335	harbor2	chr19	57147161	57147318	DNA/TcMar-Tigger	2168	+	78	57147239	20904
chr19	57126335	57326335	harbor2	chr19	57147450	57147866	DNA/TcMar-Tigger	2454	+	208	57147658	21323
chr19	57126335	57326335	harbor2	chr19	57147998	57148133	DNA/TcMar-Tigger	779	+	68	57148066	21731
chr19	57126335	57326335	harbor2	chr19	57151977	57152382	DNA/TcMar-Tigger	2594	+	202	57152179	25844
chr19	57126335	57326335	harbor2	chr19	57152548	57152644	DNA/TcMar-Tigger	905	+	48	57152596	26261
chr19	57126335	57326335	harbor2	chr19	57153080	57153195	DNA/TcMar-Tigger	905	+	58	57153138	26803
chr19	49946024	50146024	harbor2	chr19	50015200	50015314	DNA/TcMar-Tigger	1251	+	57	50015257	69233
chr19	49946024	50146024	harbor2	chr19	50015609	50015734	DNA/TcMar-Tigger	1251	+	62	50015671	69647
chr19	55268124	55468124	harbor2	chr19	55298491	55298952	DNA/TcMar-Tigger	1940	+	230	55298721	30597
chr19	55268124	55468124	harbor2	chr19	55299166	55299347	DNA/TcMar-Tigger	733	+	90	55299256	31132
chr19	57422868	57622868	harbor2	chr19	57498212	57498394	DNA/TcMar-Tigger	720	+	91	57498303	75435
chr19	57422868	57622868	harbor2	chr19	57512101	57512400	DNA/TcMar-Tigger	1296	+	150	57512251	89383
chr19	57422868	57622868	harbor2	chr19	57519210	57520004	DNA/TcMar-Tigger	7429	+	397	57519607	96739
chr19	57422868	57622868	harbor2	chr19	57520312	57520777	DNA/TcMar-Tigger	7429	+	232	57520544	97676
chr19	37546814	37746814	harbor2	chr19	37546605	37547201	DNA/TcMar-Tigger	3304	+	298	37546903	89
chr19	37546814	37746814	harbor2	chr19	37572250	37572524	DNA/TcMar-Tigger	1185	+	137	37572387	25573
chr19	37546814	37746814	harbor2	chr19	37640036	37640380	DNA/TcMar-Tigger	663	+	172	37640208	93394
chr19	37546814	37746814	harbor2	chr19	37645941	37646164	DNA/TcMar-Tigger	1193	+	112	37646053	99239
chr19	47884816	48084816	harbor2	chr19	47964856	47965001	DNA/TcMar-Tigger	1076	+	72	47964928	80112
chr19	47884816	48084816	harbor2	chr19	47965289	47965764	DNA/TcMar-Tigger	2136	+	238	47965527	80711
chr19	45834091	46034091	harbor2	chr19	45834484	45834671	DNA/TcMar-Tigger	1414	+	94	45834578	487
chr19	43501707	43701707	harbor2	chr19	43517149	43517357	DNA/TcMar-Tigger	1425	+	104	43517253	15546
chr19	52082945	52282945	harbor2	chr19	52088269	52089361	DNA/TcMar-Tigger	6229	+	546	52088815	5870
chr19	52082945	52282945	harbor2	chr19	52111167	52111527	DNA/TcMar-Tigger	1665	+	180	52111347	28402
chr19	23812289	24012289	harbor2	chr19	23872901	23873345	DNA/TcMar-Tigger	1332	+	222	23873123	60834
chr19	16663391	16863391	harbor2	chr19	16700764	16701001	DNA/TcMar-Tigger	1436	+	118	16700882	37491
chr19	16663391	16863391	harbor2	chr19	16715041	16715268	DNA/TcMar-Tigger	2001	+	114	16715155	51764
chr19	16663391	16863391	harbor2	chr19	16715579	16715817	DNA/TcMar-Tigger	2001	+	119	16715698	52307
chr19	54396937	54596937	harbor2	chr19	54439045	54439348	DNA/TcMar-Tigger	611	+	152	54439197	42260
chr19	54396937	54596937	harbor2	chr19	54466620	54466924	DNA/TcMar-Tigger	1353	+	152	54466772	69835
chr19	37524861	37724861	harbor2	chr19	37546605	37547201	DNA/TcMar-Tigger	3304	+	298	37546903	22042
chr19	37524861	37724861	harbor2	chr19	37572250	37572524	DNA/TcMar-Tigger	1185	+	137	37572387	47526
chr19	30039458	30239458	harbor2	chr19	30098962	30100148	DNA/TcMar-Tigger	5822	+	593	30099555	60097
chr19	30039458	30239458	harbor2	chr19	30100591	30100662	DNA/TcMar-Tigger	5822	+	36	30100627	61169
chr19	30039458	30239458	harbor2	chr19	30111934	30112291	DNA/TcMar-Tigger	987	+	178	30112112	72654
chr19	57352922	57552922	harbor2	chr19	57401279	57401593	DNA/TcMar-Tigger	1726	+	157	57401436	48514
chr19	43436508	43636508	harbor2	chr19	43517149	43517357	DNA/TcMar-Tigger	1425	+	104	43517253	80745
chr19	37999378	38199378	harbor2	chr19	38075071	38075176	DNA/TcMar-Tigger	6733	+	52	38075123	75745
chr19	37999378	38199378	harbor2	chr19	38075471	38075502	DNA/TcMar-Tigger	6733	+	16	38075487	76109
chr19	37999378	38199378	harbor2	chr19	38075808	38075861	DNA/TcMar-Tigger	6733	+	26	38075834	76456
chr19	37999378	38199378	harbor2	chr19	38076170	38077168	DNA/TcMar-Tigger	6733	+	499	38076669	77291
chr19	54600978	54800978	harbor2	chr19	54629081	54629312	DNA/TcMar-Tigger	834	+	116	54629197	28219
chr19	55924396	56124396	harbor2	chr19	55949021	55949239	DNA/TcMar-Tigger	1590	+	109	55949130	24734
chr19	55924396	56124396	harbor2	chr19	55949538	55949648	DNA/TcMar-Tigger	1590	+	55	55949593	25197
chr19	55924396	56124396	harbor2	chr19	55950462	55950797	DNA/TcMar-Tigger	2827	+	168	55950630	26234
chr19	55924396	56124396	harbor2	chr19	56023401	56023814	DNA/TcMar-Tigger	1266	+	206	56023607	99211
chr19	55924396	56124396	harbor2	chr19	55951108	55951464	DNA/TcMar-Tigger	2827	+	178	55951286	26890
chr19	56501095	56701095	harbor2	chr19	56505803	56505923	DNA/TcMar-Tigger	849	+	60	56505863	4768
chr19	56501095	56701095	harbor2	chr19	56505911	56506047	DNA/TcMar-Tigger	774	+	68	56505979	4884
chr19	56501095	56701095	harbor2	chr19	56519710	56519975	DNA/TcMar-Tigger	1424	+	132	56519842	18747
chr19	56501095	56701095	harbor2	chr19	56521967	56522221	DNA/TcMar-Tigger	1268	+	127	56522094	20999
chr19	33931450	34131450	harbor2	chr19	34024761	34024926	DNA/TcMar-Tigger	1178	+	82	34024843	93393
chr19	47113754	47313754	harbor2	chr19	47163289	47163445	DNA/TcMar-Tigger	1081	+	78	47163367	49613
chr19	47113754	47313754	harbor2	chr19	47163748	47163791	DNA/TcMar-Tigger	1081	+	22	47163770	50016
chr19	47113754	47313754	harbor2	chr19	47185248	47185295	DNA/TcMar-Tigger	881	+	24	47185272	71518
chr19	47113754	47313754	harbor2	chr19	47186270	47186406	DNA/TcMar-Tigger	881	+	68	47186338	72584
chr19	47113754	47313754	harbor2	chr19	47185902	47185959	DNA/TcMar-Tigger	881	+	28	47185930	72176
chr19	53517981	53717981	harbor2	chr19	53551606	53551928	DNA/TcMar-Tigger	1268	+	161	53551767	33786
chr19	53517981	53717981	harbor2	chr19	53577968	53578694	DNA/TcMar-Tigger	2966	+	363	53578331	60350
chr19	33064635	33264635	harbor2	chr19	33158466	33158698	DNA/TcMar-Tigger	3026	+	116	33158582	93947
chr19	33064635	33264635	harbor2	chr19	33158998	33159047	DNA/TcMar-Tigger	3026	+	24	33159022	94387
chr19	33064635	33264635	harbor2	chr19	33159395	33159689	DNA/TcMar-Tigger	3026	+	147	33159542	94907
chr19	33064635	33264635	harbor2	chr19	33160219	33160257	DNA/TcMar-Tigger	3026	+	19	33160238	95603
chr19	54727049	54927049	harbor2	chr19	54736985	54737208	DNA/TcMar-Tigger	1217	+	112	54737097	10048
chr19	54727049	54927049	harbor2	chr19	54737517	54737612	DNA/TcMar-Tigger	1217	+	48	54737565	10516
chr19	54727049	54927049	harbor2	chr19	54753402	54753710	DNA/TcMar-Tigger	1276	+	154	54753556	26507
chr19	54727049	54927049	harbor2	chr19	54768227	54768535	DNA/TcMar-Tigger	1339	+	154	54768381	41332
chr19	54727049	54927049	harbor2	chr19	54784672	54784980	DNA/TcMar-Tigger	1307	+	154	54784826	57777
chr19	54727049	54927049	harbor2	chr19	54814863	54815171	DNA/TcMar-Tigger	1421	+	154	54815017	87968
chr19	38668345	38868345	harbor2	chr19	38758135	38758446	DNA/TcMar-Tigger	3082	+	156	38758291	89946
chr19	38668345	38868345	harbor2	chr19	38759056	38759317	DNA/TcMar-Tigger	3082	+	130	38759186	90841
chr19	14103290	14303290	harbor2	chr19	14124499	14124968	DNA/TcMar-Tigger	2968	+	234	14124733	21443
chr19	14103290	14303290	harbor2	chr19	14125257	14125442	DNA/TcMar-Tigger	2968	+	92	14125349	22059
chr19	14103290	14303290	harbor2	chr19	14173395	14173540	DNA/TcMar-Tigger	766	+	72	14173467	70177
chr19	33584439	33784439	harbor2	chr19	33587853	33589137	DNA/TcMar-Tigger	8780	+	642	33588495	4056
chr19	33584439	33784439	harbor2	chr19	33589701	33589879	DNA/TcMar-Tigger	1241	+	89	33589790	5351
chr19	33584439	33784439	harbor2	chr19	33590479	33591494	DNA/TcMar-Tigger	6663	+	508	33590987	6548
chr19	55207015	55407015	harbor2	chr19	55298491	55298952	DNA/TcMar-Tigger	1940	+	230	55298721	91706
chr19	55207015	55407015	harbor2	chr19	55299166	55299347	DNA/TcMar-Tigger	733	+	90	55299256	92241
chr19	56748409	56948409	harbor2	chr19	56761416	56761843	DNA/TcMar-Tigger	1085	+	214	56761630	13221
chr19	56748409	56948409	harbor2	chr19	56790297	56790814	DNA/TcMar-Tigger	3025	+	258	56790555	42146
chr19	51937106	52137106	harbor2	chr19	51938754	51938927	DNA/TcMar-Tigger	1041	+	86	51938840	1734
chr19	51937106	52137106	harbor2	chr19	51943234	51943771	DNA/TcMar-Tigger	2866	+	268	51943502	6396
chr19	34196161	34396161	harbor2	chr19	34260103	34260447	DNA/TcMar-Tigger	2206	+	172	34260275	64114
chr19	38021354	38221354	harbor2	chr19	38075071	38075176	DNA/TcMar-Tigger	6733	+	52	38075123	53769
chr19	38021354	38221354	harbor2	chr19	38075471	38075502	DNA/TcMar-Tigger	6733	+	16	38075487	54133
chr19	38021354	38221354	harbor2	chr19	38075808	38075861	DNA/TcMar-Tigger	6733	+	26	38075834	54480
chr19	38021354	38221354	harbor2	chr19	38076170	38077168	DNA/TcMar-Tigger	6733	+	499	38076669	55315
chr19	50693387	50893387	harbor2	chr19	50750228	50750474	DNA/TcMar-Tigger	2880	+	123	50750351	56964
chr19	50693387	50893387	harbor2	chr19	50750608	50750655	DNA/TcMar-Tigger	2880	+	24	50750632	57245
chr19	50693387	50893387	harbor2	chr19	50750934	50751006	DNA/TcMar-Tigger	2880	+	36	50750970	57583
chr19	50693387	50893387	harbor2	chr19	50751260	50751459	DNA/TcMar-Tigger	2880	+	100	50751360	57973
chr19	50693387	50893387	harbor2	chr19	50751897	50752037	DNA/TcMar-Tigger	712	+	70	50751967	58580
chr19	50693387	50893387	harbor2	chr19	50762610	50762844	DNA/TcMar-Tigger	1209	+	117	50762727	69340
chr19	46159094	46359094	harbor2	chr19	46192815	46192907	DNA/TcMar-Tigger	2633	+	46	46192861	33767
chr19	46159094	46359094	harbor2	chr19	46193221	46193729	DNA/TcMar-Tigger	2633	+	254	46193475	34381
chr19	45002855	45202855	harbor2	chr19	45042574	45042615	DNA/TcMar-Tigger	1441	+	20	45042594	39739
chr19	45002855	45202855	harbor2	chr19	45042916	45043194	DNA/TcMar-Tigger	1441	+	139	45043055	40200
chr19	50572064	50772064	harbor2	chr19	50595293	50595501	DNA/TcMar-Tigger	12180	+	104	50595397	23333
chr19	50572064	50772064	harbor2	chr19	50595788	50596446	DNA/TcMar-Tigger	12180	+	329	50596117	24053
chr19	50572064	50772064	harbor2	chr19	50596756	50597270	DNA/TcMar-Tigger	12180	+	257	50597013	24949
chr19	50572064	50772064	harbor2	chr19	50597580	50598043	DNA/TcMar-Tigger	12180	+	232	50597812	25748
chr19	50572064	50772064	harbor2	chr19	50598339	50598528	DNA/TcMar-Tigger	12180	+	94	50598433	26369
chr19	55540936	55740936	harbor2	chr19	55552663	55552846	DNA/TcMar-Tigger	694	+	92	55552755	11819
chr19	55540936	55740936	harbor2	chr19	55553322	55553594	DNA/TcMar-Tigger	1232	+	136	55553458	12522
chr19	54199078	54399078	harbor2	chr19	54215120	54215195	DNA/TcMar-Tigger	648	+	38	54215158	16080
chr19	54199078	54399078	harbor2	chr19	54215498	54215557	DNA/TcMar-Tigger	648	+	30	54215528	16450
chr19	56380649	56580649	harbor2	chr19	56431216	56431341	DNA/TcMar-Tigger	645	+	62	56431278	50629
chr19	56380649	56580649	harbor2	chr19	56446316	56446644	DNA/TcMar-Tigger	1015	+	164	56446480	65831
chr19	56380649	56580649	harbor2	chr19	56472466	56472882	DNA/TcMar-Tigger	2258	+	208	56472674	92025
chr19	57352901	57552901	harbor2	chr19	57401279	57401593	DNA/TcMar-Tigger	1726	+	157	57401436	48535
chr19	58008575	58208575	harbor2	chr19	58064320	58064599	DNA/TcMar-Tigger	2451	+	140	58064460	55885
chr19	58008575	58208575	harbor2	chr19	58064902	58065039	DNA/TcMar-Tigger	2451	+	68	58064970	56395
chr19	58008575	58208575	harbor2	chr19	58103279	58104096	DNA/TcMar-Tigger	8419	+	408	58103687	95112
chr19	58008575	58208575	harbor2	chr19	58104750	58105387	DNA/TcMar-Tigger	8419	+	318	58105068	96493
chr19	58008575	58208575	harbor2	chr19	58105688	58105703	DNA/TcMar-Tigger	8419	+	8	58105696	97121
chr19	58008575	58208575	harbor2	chr19	58105995	58106117	DNA/TcMar-Tigger	8419	+	61	58106056	97481
chr19	58312607	58512607	harbor2	chr19	58329614	58329871	DNA/TcMar-Tigger	1496	+	128	58329742	17135
chr19	38450464	38650464	harbor2	chr19	38454339	38454718	DNA/TcMar-Tigger	2128	+	190	38454529	4065
chr19	45662493	45862493	harbor2	chr19	45716052	45716274	DNA/TcMar-Tigger	1231	+	111	45716163	53670
chr19	42373683	42573683	harbor2	chr19	42414584	42414949	DNA/TcMar-Tigger	8371	+	182	42414766	41083
chr19	42373683	42573683	harbor2	chr19	42415261	42415529	DNA/TcMar-Tigger	8371	+	134	42415395	41712
chr19	42373683	42573683	harbor2	chr19	42415826	42416060	DNA/TcMar-Tigger	8371	+	117	42415943	42260
chr19	42373683	42573683	harbor2	chr19	42416355	42416910	DNA/TcMar-Tigger	8371	+	278	42416633	42950
chr19	42373683	42573683	harbor2	chr19	42417220	42417243	DNA/TcMar-Tigger	8371	+	12	42417232	43549
chr19	42373683	42573683	harbor2	chr19	42417684	42417985	DNA/TcMar-Tigger	8371	+	150	42417834	44151
chr19	42373683	42573683	harbor2	chr19	42418283	42418830	DNA/TcMar-Tigger	8371	+	274	42418557	44874
chr19	54124536	54324536	harbor2	chr19	54197503	54197697	DNA/TcMar-Tigger	2103	+	97	54197600	73064
chr19	54124536	54324536	harbor2	chr19	54198010	54198130	DNA/TcMar-Tigger	2103	+	60	54198070	73534
chr19	54124536	54324536	harbor2	chr19	54198431	54198470	DNA/TcMar-Tigger	2103	+	20	54198451	73915
chr19	54124536	54324536	harbor2	chr19	54198783	54198849	DNA/TcMar-Tigger	2103	+	33	54198816	74280
chr19	54124536	54324536	harbor2	chr19	54215120	54215195	DNA/TcMar-Tigger	648	+	38	54215158	90622
chr19	54124536	54324536	harbor2	chr19	54215498	54215557	DNA/TcMar-Tigger	648	+	30	54215528	90992
chr19	46541734	46741734	harbor2	chr19	46615228	46615434	DNA/TcMar-Tigger	1195	+	103	46615331	73597
chr19	56509919	56709919	harbor2	chr19	56519710	56519975	DNA/TcMar-Tigger	1424	+	132	56519842	9923
chr19	56509919	56709919	harbor2	chr19	56521967	56522221	DNA/TcMar-Tigger	1268	+	127	56522094	12175
chr19	38706640	38906640	harbor2	chr19	38758135	38758446	DNA/TcMar-Tigger	3082	+	156	38758291	51651
chr19	38706640	38906640	harbor2	chr19	38759056	38759317	DNA/TcMar-Tigger	3082	+	130	38759186	52546
chr19	32013552	32213552	harbor2	chr19	32016037	32016167	DNA/TcMar-Tigger	1563	+	65	32016102	2550
chr19	32013552	32213552	harbor2	chr19	32016516	32016781	DNA/TcMar-Tigger	1563	+	132	32016648	3096
chr19	32013552	32213552	harbor2	chr19	32098428	32098874	DNA/TcMar-Tigger	2253	+	223	32098651	85099
chr19	57079585	57279585	harbor2	chr19	57105128	57105458	DNA/TcMar-Tigger	2684	+	165	57105293	25708
chr19	57079585	57279585	harbor2	chr19	57105796	57106047	DNA/TcMar-Tigger	2684	+	126	57105922	26337
chr19	57079585	57279585	harbor2	chr19	57146642	57146854	DNA/TcMar-Tigger	2168	+	106	57146748	67163
chr19	57079585	57279585	harbor2	chr19	57147161	57147318	DNA/TcMar-Tigger	2168	+	78	57147239	67654
chr19	57079585	57279585	harbor2	chr19	57147450	57147866	DNA/TcMar-Tigger	2454	+	208	57147658	68073
chr19	57079585	57279585	harbor2	chr19	57147998	57148133	DNA/TcMar-Tigger	779	+	68	57148066	68481
chr19	57079585	57279585	harbor2	chr19	57151977	57152382	DNA/TcMar-Tigger	2594	+	202	57152179	72594
chr19	57079585	57279585	harbor2	chr19	57152548	57152644	DNA/TcMar-Tigger	905	+	48	57152596	73011
chr19	57079585	57279585	harbor2	chr19	57153080	57153195	DNA/TcMar-Tigger	905	+	58	57153138	73553
chr19	56975687	57175687	harbor2	chr19	56982275	56982454	DNA/TcMar-Tigger	1394	+	90	56982365	6678
chr19	56975687	57175687	harbor2	chr19	56982757	56982839	DNA/TcMar-Tigger	1394	+	41	56982798	7111
chr19	56975687	57175687	harbor2	chr19	57042552	57042864	DNA/TcMar-Tigger	1446	+	156	57042708	67021
chr19	54855615	55055615	harbor2	chr19	54867557	54867875	DNA/TcMar-Tigger	1466	+	159	54867716	12101
chr19	57627747	57827747	harbor2	chr19	57677182	57677564	DNA/TcMar-Tigger	1555	+	191	57677373	49626
chr19	57627747	57827747	harbor2	chr19	57677543	57677771	DNA/TcMar-Tigger	1038	+	114	57677657	49910
chr19	4527523	4727523	harbor2	chr19	4616094	4616163	DNA/TcMar-Tigger	873	+	34	4616128	88605
chr19	4527523	4727523	harbor2	chr19	4616276	4616465	DNA/TcMar-Tigger	873	+	94	4616370	88847
chr19	4527523	4727523	harbor2	chr19	4617379	4617413	DNA/TcMar-Tigger	873	+	17	4617396	89873
chr19	36706080	36906080	harbor2	chr19	36746140	36746373	DNA/TcMar-Tigger	1196	+	116	36746256	40176
chr19	44304646	44504646	harbor2	chr19	44330105	44330332	DNA/TcMar-Tigger	1397	+	114	44330219	25573
chr19	44304646	44504646	harbor2	chr19	44364593	44364881	DNA/TcMar-Tigger	868	+	144	44364737	60091
chr19	16145551	16345551	harbor2	chr19	16230307	16230404	DNA/TcMar-Tigger	1051	+	48	16230355	84804
chr19	16145551	16345551	harbor2	chr19	16230698	16230818	DNA/TcMar-Tigger	1051	+	60	16230758	85207
chr19	16145551	16345551	harbor2	chr19	16239925	16240241	DNA/TcMar-Tigger	1732	+	158	16240083	94532
chr19	29390490	29590490	harbor2	chr19	29415315	29415626	DNA/TcMar-Tigger	1015	+	156	29415471	24981
chr19	53186912	53386912	harbor2	chr19	53198715	53198844	DNA/TcMar-Tigger	705	+	64	53198779	11867
chr19	53186912	53386912	harbor2	chr19	53199127	53199223	DNA/TcMar-Tigger	705	+	48	53199175	12263
chr19	53186912	53386912	harbor2	chr19	53220435	53220621	DNA/TcMar-Tigger	979	+	93	53220528	33616
chr19	53186912	53386912	harbor2	chr19	53220775	53220914	DNA/TcMar-Tigger	751	+	70	53220845	33933
chr19	56694722	56894722	harbor2	chr19	56700483	56700613	DNA/TcMar-Tigger	982	+	65	56700548	5826
chr19	56694722	56894722	harbor2	chr19	56700916	56700987	DNA/TcMar-Tigger	982	+	36	56700952	6230
chr19	56694722	56894722	harbor2	chr19	56700979	56701195	DNA/TcMar-Tigger	1837	+	108	56701087	6365
chr19	56694722	56894722	harbor2	chr19	56701486	56701601	DNA/TcMar-Tigger	1837	+	58	56701544	6822
chr19	56694722	56894722	harbor2	chr19	56761416	56761843	DNA/TcMar-Tigger	1085	+	214	56761630	66908
chr19	56694722	56894722	harbor2	chr19	56790297	56790814	DNA/TcMar-Tigger	3025	+	258	56790555	95833
chr19	44254115	44454115	harbor2	chr19	44258678	44259488	DNA/TcMar-Tigger	4675	+	405	44259083	4968
chr19	44254115	44454115	harbor2	chr19	44330105	44330332	DNA/TcMar-Tigger	1397	+	114	44330219	76104
chr19	41719076	41919076	harbor2	chr19	41759842	41760078	DNA/TcMar-Tigger	1159	+	118	41759960	40884
chr19	41719076	41919076	harbor2	chr19	41804919	41805147	DNA/TcMar-Tigger	1078	+	114	41805033	85957
chr19	14615295	14815295	harbor2	chr19	14688980	14689399	DNA/TcMar-Tigger	2136	+	210	14689190	73895
chr19	57603865	57803865	harbor2	chr19	57677182	57677564	DNA/TcMar-Tigger	1555	+	191	57677373	73508
chr19	57603865	57803865	harbor2	chr19	57677543	57677771	DNA/TcMar-Tigger	1038	+	114	57677657	73792
chr19	55186979	55386979	harbor2	chr19	55191847	55192120	DNA/TcMar-Tigger	1912	+	136	55191983	5004
chr19	55186979	55386979	harbor2	chr19	55192428	55192546	DNA/TcMar-Tigger	1912	+	59	55192487	5508
chr19	55186979	55386979	harbor2	chr19	55192850	55192901	DNA/TcMar-Tigger	1912	+	26	55192876	5897
chr19	51365223	51565223	harbor2	chr19	51420099	51420404	DNA/TcMar-Tigger	814	+	152	51420251	55028
chr20	42203949	42403949	harbor2	chr20	42255905	42256264	DNA/TcMar-Tigger	544	+	180	42256085	52136
chr20	42203949	42403949	harbor2	chr20	42267038	42267411	DNA/TcMar-Tigger	2173	+	186	42267224	63275
chr20	64246677	64446677	harbor2	chr20	64251271	64251781	DNA/TcMar-Tigger	2221	+	255	64251526	4849
chr20	64246677	64446677	harbor2	chr20	64287839	64287940	DNA/TcMar-Tigger	415	+	50	64287889	41212
chr20	60310247	60510247	harbor2	chr20	60389391	60389477	DNA/TcMar-Tigger	382	+	43	60389434	79187
chr20	56996882	57196882	harbor2	chr20	57050235	57050468	DNA/TcMar-Tigger	1105	+	116	57050351	53469
chr20	56996882	57196882	harbor2	chr20	57050470	57050571	DNA/TcMar-Tigger	563	+	50	57050520	53638
chr20	32744295	32944295	harbor2	chr20	32781608	32782584	DNA/TcMar-Tigger	5481	+	488	32782096	37801
chr20	32744295	32944295	harbor2	chr20	32782583	32782826	DNA/TcMar-Tigger	1359	+	122	32782705	38410
chr20	46208767	46408767	harbor2	chr20	46247355	46247672	DNA/TcMar-Tigger	1905	+	158	46247513	38746
chr20	19587459	19787459	harbor2	chr20	19608691	19609276	DNA/TcMar-Tigger	1468	+	292	19608983	21524
chr20	36011486	36211486	harbor2	chr20	36042751	36042962	DNA/TcMar-Tigger	985	+	106	36042857	31371
chr20	60214204	60414204	harbor2	chr20	60226094	60226379	DNA/TcMar-Tigger	970	+	142	60226236	12032
chr20	60214204	60414204	harbor2	chr20	60300175	60300534	DNA/TcMar-Tigger	876	+	180	60300355	86151
chr20	60214204	60414204	harbor2	chr20	60309336	60309838	DNA/TcMar-Tigger	1640	+	251	60309587	95383
chr20	47852225	48052225	harbor2	chr20	47874375	47874499	DNA/TcMar-Tigger	1016	+	62	47874437	22212
chr20	47852225	48052225	harbor2	chr20	47873749	47874065	DNA/TcMar-Tigger	1016	+	158	47873907	21682
chr20	60626925	60826925	harbor2	chr20	60707193	60707253	DNA/TcMar-Tigger	2361	+	30	60707223	80298
chr20	60626925	60826925	harbor2	chr20	60707562	60707996	DNA/TcMar-Tigger	2361	+	217	60707779	80854
chr20	60626925	60826925	harbor2	chr20	60708945	60709730	DNA/TcMar-Tigger	11353	+	392	60709337	82412
chr20	60626925	60826925	harbor2	chr20	60710035	60711108	DNA/TcMar-Tigger	11353	+	536	60710571	83646
chr20	53196618	53396618	harbor2	chr20	53235864	53235997	DNA/TcMar-Tigger	497	+	66	53235930	39312
chr20	53196618	53396618	harbor2	chr20	53236296	53236481	DNA/TcMar-Tigger	666	+	92	53236388	39770
chr20	63740446	63940446	harbor2	chr20	63787152	63787725	DNA/TcMar-Tigger	2001	+	286	63787438	46992
chr20	34052845	34252845	harbor2	chr20	34060256	34060457	DNA/TcMar-Tigger	1057	+	100	34060356	7511
chr20	54660516	54860516	harbor2	chr20	54748726	54748808	DNA/TcMar-Tigger	1501	+	41	54748767	88251
chr20	54660516	54860516	harbor2	chr20	54749299	54749358	DNA/TcMar-Tigger	1501	+	30	54749329	88813
chr20	54660516	54860516	harbor2	chr20	54750021	54750149	DNA/TcMar-Tigger	1501	+	64	54750085	89569
chr20	62645420	62845420	harbor2	chr20	62669919	62670104	DNA/TcMar-Tigger	825	+	92	62670011	24591
chr20	62645420	62845420	harbor2	chr20	62670320	62670542	DNA/TcMar-Tigger	698	+	111	62670431	25011
chr20	62645420	62845420	harbor2	chr20	62683498	62683822	DNA/TcMar-Tigger	1165	+	162	62683660	38240
chr20	46337360	46537360	harbor2	chr20	46426877	46427346	DNA/TcMar-Tigger	2852	+	234	46427111	89751
chr20	46337360	46537360	harbor2	chr20	46428533	46430459	DNA/TcMar-Tigger	13193	+	963	46429496	92136
chr20	60277524	60477524	harbor2	chr20	60300175	60300534	DNA/TcMar-Tigger	876	+	180	60300355	22831
chr20	60277524	60477524	harbor2	chr20	60309336	60309838	DNA/TcMar-Tigger	1640	+	251	60309587	32063
chr20	23203992	23403992	harbor2	chr20	23275833	23277049	DNA/TcMar-Tigger	12057	+	608	23276441	72449
chr20	23203992	23403992	harbor2	chr20	23277078	23277764	DNA/TcMar-Tigger	12057	+	343	23277421	73429
chr20	23203992	23403992	harbor2	chr20	23278377	23278838	DNA/TcMar-Tigger	3159	+	230	23278607	74615
chr20	23203992	23403992	harbor2	chr20	23279325	23279650	DNA/TcMar-Tigger	1762	+	162	23279487	75495
chr20	53374684	53574684	harbor2	chr20	53401264	53401398	DNA/TcMar-Tigger	1673	+	67	53401331	26647
chr20	53374684	53574684	harbor2	chr20	53402332	53402569	DNA/TcMar-Tigger	1673	+	118	53402450	27766
chr20	54289413	54489413	harbor2	chr20	54349851	54350177	DNA/TcMar-Tigger	1281	+	163	54350014	60601
chr20	24624119	24824119	harbor2	chr20	24691677	24691802	DNA/TcMar-Tigger	486	+	62	24691739	67620
chr20	35952805	36152805	harbor2	chr20	36042751	36042962	DNA/TcMar-Tigger	985	+	106	36042857	90052
chr20	23420393	23620393	harbor2	chr20	23433199	23433406	DNA/TcMar-Tigger	1074	+	104	23433303	12910
chr20	23420393	23620393	harbor2	chr20	23433669	23433792	DNA/TcMar-Tigger	1074	+	62	23433731	13338
chr20	23420393	23620393	harbor2	chr20	23433893	23434281	DNA/TcMar-Tigger	2043	+	194	23434087	13694
chr20	23420393	23620393	harbor2	chr20	23461028	23461382	DNA/TcMar-Tigger	2320	+	177	23461205	40812
chr20	23420393	23620393	harbor2	chr20	23513069	23513409	DNA/TcMar-Tigger	1825	+	170	23513239	92846
chr20	50274377	50474377	harbor2	chr20	50286942	50287209	DNA/TcMar-Tigger	549	+	134	50287076	12699
chr20	50274377	50474377	harbor2	chr20	50287512	50287564	DNA/TcMar-Tigger	549	+	26	50287538	13161
chr20	50274377	50474377	harbor2	chr20	50350930	50351020	DNA/TcMar-Tigger	595	+	45	50350975	76598
chr20	50274377	50474377	harbor2	chr20	50351016	50351520	DNA/TcMar-Tigger	2882	+	252	50351268	76891
chr20	34143738	34343738	harbor2	chr20	34234838	34235160	DNA/TcMar-Tigger	3189	+	161	34234999	91261
chr20	34143738	34343738	harbor2	chr20	34235462	34235628	DNA/TcMar-Tigger	3189	+	83	34235545	91807
chr20	34143738	34343738	harbor2	chr20	34236176	34236257	DNA/TcMar-Tigger	1025	+	40	34236216	92478
chr20	34143738	34343738	harbor2	chr20	34236695	34236813	DNA/TcMar-Tigger	1025	+	59	34236754	93016
chr20	60277847	60477847	harbor2	chr20	60300175	60300534	DNA/TcMar-Tigger	876	+	180	60300355	22508
chr20	60277847	60477847	harbor2	chr20	60309336	60309838	DNA/TcMar-Tigger	1640	+	251	60309587	31740
chr20	59913467	60113467	harbor2	chr20	60004939	60005358	DNA/TcMar-Tigger	2528	+	210	60005149	91682
chr20	55998621	56198621	harbor2	chr20	56012631	56013054	DNA/TcMar-Tigger	1599	+	212	56012843	14222
chr20	52708696	52908696	harbor2	chr20	52737386	52737691	DNA/TcMar-Tigger	1523	+	152	52737538	28842
chr21	32461913	32661913	harbor2	chr21	32513861	32514215	DNA/TcMar-Tigger	1905	+	177	32514038	52125
chr21	40964138	41164138	harbor2	chr21	41049252	41049560	DNA/TcMar-Tigger	740	+	154	41049406	85268
chr21	40964138	41164138	harbor2	chr21	41061107	41061621	DNA/TcMar-Tigger	2434	+	257	41061364	97226
chr21	43085593	43285593	harbor2	chr21	43129448	43129785	DNA/TcMar-Tigger	489	+	168	43129616	44023
chr21	43085593	43285593	harbor2	chr21	43130086	43130474	DNA/TcMar-Tigger	489	+	194	43130280	44687
chr21	43085593	43285593	harbor2	chr21	43163806	43164070	DNA/TcMar-Tigger	1204	+	132	43163938	78345
chr21	43085593	43285593	harbor2	chr21	43164349	43164477	DNA/TcMar-Tigger	1173	+	64	43164413	78820
chr21	43085593	43285593	harbor2	chr21	43164781	43164972	DNA/TcMar-Tigger	1173	+	96	43164877	79284
chr21	40332699	40532699	harbor2	chr21	40431205	40431353	DNA/TcMar-Tigger	507	+	74	40431279	98580
chr21	40332699	40532699	harbor2	chr21	40431511	40431825	DNA/TcMar-Tigger	1536	+	157	40431668	98969
chr21	26958869	27158869	harbor2	chr21	26977232	26978071	DNA/TcMar-Tigger	1263	+	420	26977652	18783
chr21	26958869	27158869	harbor2	chr21	27028203	27028224	DNA/TcMar-Tigger	1103	+	10	27028213	69344
chr21	26958869	27158869	harbor2	chr21	27028471	27028687	DNA/TcMar-Tigger	1103	+	108	27028579	69710
chr21	39335565	39535565	harbor2	chr21	39341699	39341982	DNA/TcMar-Tigger	1259	+	142	39341841	6276
chr21	39335565	39535565	harbor2	chr21	39343257	39343807	DNA/TcMar-Tigger	2183	+	275	39343532	7967
chr21	39335565	39535565	harbor2	chr21	39401610	39402079	DNA/TcMar-Tigger	2483	+	234	39401844	66279
chr21	32591316	32791316	harbor2	chr21	32687700	32687922	DNA/TcMar-Tigger	1250	+	111	32687811	96495
chr21	46408142	46608142	harbor2	chr21	46422754	46422934	DNA/TcMar-Tigger	480	+	90	46422844	14702
chr21	46408142	46608142	harbor2	chr21	46482259	46482669	DNA/TcMar-Tigger	2132	+	205	46482464	74322
chr21	44205753	44405753	harbor2	chr21	44209979	44210296	DNA/TcMar-Tigger	827	+	158	44210137	4384
chr21	44066182	44266182	harbor2	chr21	44109628	44110615	DNA/TcMar-Tigger	12331	+	494	44110122	43940
chr21	44066182	44266182	harbor2	chr21	44110927	44111708	DNA/TcMar-Tigger	12331	+	390	44111317	45135
chr21	44066182	44266182	harbor2	chr21	44112015	44112479	DNA/TcMar-Tigger	6522	+	232	44112247	46065
chr21	27240520	27440520	harbor2	chr21	27246725	27247461	DNA/TcMar-Tigger	3472	+	368	27247093	6573
chr21	27240520	27440520	harbor2	chr21	27248101	27248350	DNA/TcMar-Tigger	1379	+	124	27248225	7705
chr21	24793042	24993042	harbor2	chr21	24844664	24845057	DNA/TcMar-Tigger	1886	+	196	24844860	51818
chr21	24793042	24993042	harbor2	chr21	24884237	24884566	DNA/TcMar-Tigger	1858	+	164	24884401	91359
chr21	37160666	37360666	harbor2	chr21	37194189	37194699	DNA/TcMar-Tigger	2790	+	255	37194444	33778
chr21	37160666	37360666	harbor2	chr21	37204096	37204421	DNA/TcMar-Tigger	1927	+	162	37204258	43592
chr21	37160666	37360666	harbor2	chr21	37253727	37253951	DNA/TcMar-Tigger	1395	+	112	37253839	93173
chr21	45650344	45850344	harbor2	chr21	45676345	45676762	DNA/TcMar-Tigger	14079	+	208	45676553	26209
chr21	45650344	45850344	harbor2	chr21	45677063	45678059	DNA/TcMar-Tigger	14079	+	498	45677561	27217
chr21	45650344	45850344	harbor2	chr21	45679421	45679620	DNA/TcMar-Tigger	14079	+	100	45679521	29177
chr21	45650344	45850344	harbor2	chr21	45678335	45679112	DNA/TcMar-Tigger	14079	+	388	45678723	28379
chr21	35539288	35739288	harbor2	chr21	35600950	35601215	DNA/TcMar-Tigger	608	+	132	35601082	61794
chr21	46545722	46745722	harbor2	chr21	46572098	46572440	DNA/TcMar-Tigger	1653	+	171	46572269	26547
chr21	46545722	46745722	harbor2	chr21	46572796	46573096	DNA/TcMar-Tigger	1653	+	150	46572946	27224
chr21	46545722	46745722	harbor2	chr21	46617460	46617771	DNA/TcMar-Tigger	5425	+	156	46617616	71894
chr21	46545722	46745722	harbor2	chr21	46617836	46618275	DNA/TcMar-Tigger	5425	+	220	46618056	72334
chr21	46545722	46745722	harbor2	chr21	46618578	46619284	DNA/TcMar-Tigger	5425	+	353	46618931	73209
chr21	36841204	37041204	harbor2	chr21	36931790	36932395	DNA/TcMar-Tigger	3388	+	302	36932092	90888
chr21	44744645	44944645	harbor2	chr21	44800322	44800632	DNA/TcMar-Tigger	1078	+	155	44800477	55832
chr21	32560557	32760557	harbor2	chr21	32570041	32570878	DNA/TcMar-Tigger	5174	+	418	32570459	9902
chr22	46862547	47062547	harbor2	chr22	46865429	46866101	DNA/TcMar-Tigger	15839	+	336	46865765	3218
chr22	46862547	47062547	harbor2	chr22	46866405	46868533	DNA/TcMar-Tigger	15839	+	1064	46867469	4922
chr22	46862547	47062547	harbor2	chr22	46889989	46890064	DNA/TcMar-Tigger	1116	+	38	46890027	27480
chr22	46862547	47062547	harbor2	chr22	46890362	46890581	DNA/TcMar-Tigger	1116	+	110	46890472	27925
chr22	46862547	47062547	harbor2	chr22	46937296	46938484	DNA/TcMar-Tigger	6397	+	594	46937890	75343
chr22	49635739	49835739	harbor2	chr22	49637539	49637840	DNA/TcMar-Tigger	522	+	150	49637689	1950
chr22	43470625	43670625	harbor2	chr22	43532858	43533301	DNA/TcMar-Tigger	842	+	222	43533080	62455
chr22	43470625	43670625	harbor2	chr22	43558399	43558554	DNA/TcMar-Tigger	1024	+	78	43558477	87852
chr22	43470625	43670625	harbor2	chr22	43558546	43558930	DNA/TcMar-Tigger	2179	+	192	43558738	88113
chr22	16621610	16821610	harbor2	chr22	16670341	16670517	DNA/TcMar-Tigger	772	+	88	16670429	48819
chr22	16621610	16821610	harbor2	chr22	16670853	16671032	DNA/TcMar-Tigger	977	+	90	16670943	49333
chr22	27639704	27839704	harbor2	chr22	27675980	27676195	DNA/TcMar-Tigger	968	+	108	27676088	36384
chr22	27639704	27839704	harbor2	chr22	27682100	27682550	DNA/TcMar-Tigger	999	+	225	27682325	42621
chr22	27639704	27839704	harbor2	chr22	27714435	27714773	DNA/TcMar-Tigger	2090	+	169	27714604	74900
chr22	28734601	28934601	harbor2	chr22	28735426	28735594	DNA/TcMar-Tigger	741	+	84	28735510	909
chr22	28734601	28934601	harbor2	chr22	28736033	28736233	DNA/TcMar-Tigger	1106	+	100	28736133	1532
chr22	28734601	28934601	harbor2	chr22	28783977	28784203	DNA/TcMar-Tigger	544	+	113	28784090	49489
chr22	44458426	44658426	harbor2	chr22	44551990	44552364	DNA/TcMar-Tigger	2327	+	187	44552177	93751
chr22	44458426	44658426	harbor2	chr22	44552639	44552678	DNA/TcMar-Tigger	2327	+	20	44552659	94233
chr22	44458426	44658426	harbor2	chr22	44552981	44553082	DNA/TcMar-Tigger	2327	+	50	44553031	94605
chr22	44458426	44658426	harbor2	chr22	44553084	44553432	DNA/TcMar-Tigger	4046	+	174	44553258	94832
chr22	44458426	44658426	harbor2	chr22	44553740	44553977	DNA/TcMar-Tigger	4046	+	118	44553858	95432
chr22	44458426	44658426	harbor2	chr22	44554282	44554394	DNA/TcMar-Tigger	4046	+	56	44554338	95912
chr22	44458426	44658426	harbor2	chr22	44554402	44554508	DNA/TcMar-Tigger	496	+	53	44554455	96029
chr22	39154963	39354963	harbor2	chr22	39159326	39159701	DNA/TcMar-Tigger	2270	+	188	39159514	4551
chr22	26071598	26271598	harbor2	chr22	26137475	26137804	DNA/TcMar-Tigger	1776	+	164	26137639	66041
chr22	23060864	23260864	harbor2	chr22	23080854	23081130	DNA/TcMar-Tigger	553	+	138	23080992	20128
chr22	23060864	23260864	harbor2	chr22	23084187	23084509	DNA/TcMar-Tigger	1702	+	161	23084348	23484
chr22	23060864	23260864	harbor2	chr22	23134380	23134582	DNA/TcMar-Tigger	1041	+	101	23134481	73617
chr22	23060864	23260864	harbor2	chr22	23134884	23134901	DNA/TcMar-Tigger	1041	+	8	23134892	74028
chr22	23060864	23260864	harbor2	chr22	23135533	23135859	DNA/TcMar-Tigger	1041	+	163	23135696	74832
chr22	46127582	46327582	harbor2	chr22	46166019	46166330	DNA/TcMar-Tigger	1544	+	156	46166175	38593
chr22	11078144	11278144	harbor2	chr22	11156196	11156446	DNA/TcMar-Tigger	2247	+	125	11156321	78177
chr22	11078144	11278144	harbor2	chr22	11156740	11156894	DNA/TcMar-Tigger	2247	+	77	11156817	78673
chr22	11078144	11278144	harbor2	chr22	11157178	11157646	DNA/TcMar-Tigger	2506	+	234	11157412	79268
chr22	23631512	23831512	harbor2	chr22	23657323	23657450	DNA/TcMar-Tigger	546	+	64	23657387	25875
chr22	49212447	49412447	harbor2	chr22	49243494	49243752	DNA/TcMar-Tigger	757	+	129	49243623	31176
chr22	34077678	34277678	harbor2	chr22	34109432	34109774	DNA/TcMar-Tigger	1853	+	171	34109603	31925
chr22	46122650	46322650	harbor2	chr22	46166019	46166330	DNA/TcMar-Tigger	1544	+	156	46166175	43525
chr22	38925691	39125691	harbor2	chr22	38935803	38935942	DNA/TcMar-Tigger	468	+	70	38935873	10182
chr22	35685226	35885226	harbor2	chr22	35706869	35706930	DNA/TcMar-Tigger	1824	+	30	35706899	21673
chr22	35685226	35885226	harbor2	chr22	35707234	35707522	DNA/TcMar-Tigger	1824	+	144	35707378	22152
chr22	41063812	41263812	harbor2	chr22	41100488	41100840	DNA/TcMar-Tigger	1953	+	176	41100664	36852
chr22	36576813	36776813	harbor2	chr22	36602687	36604789	DNA/TcMar-Tigger	14383	+	1051	36603738	26925
chr22	36576813	36776813	harbor2	chr22	36605375	36605493	DNA/TcMar-Tigger	14383	+	59	36605434	28621
chr22	38890321	39090321	harbor2	chr22	38935803	38935942	DNA/TcMar-Tigger	468	+	70	38935873	45552
chr22	33912921	34112921	harbor2	chr22	34009682	34009720	DNA/TcMar-Tigger	993	+	19	34009701	96780
chr22	33912921	34112921	harbor2	chr22	34010033	34010227	DNA/TcMar-Tigger	993	+	97	34010130	97209
chr22	44692581	44892581	harbor2	chr22	44761294	44761602	DNA/TcMar-Tigger	1619	+	154	44761448	68867
chr22	44692581	44892581	harbor2	chr22	44784427	44784628	DNA/TcMar-Tigger	1247	+	100	44784527	91946
chr22	38527245	38727245	harbor2	chr22	38575886	38575897	DNA/TcMar-Tigger	3730	+	6	38575892	48647
chr22	38527245	38727245	harbor2	chr22	38576145	38576799	DNA/TcMar-Tigger	3730	+	327	38576472	49227
chr22	29478240	29678240	harbor2	chr22	29507195	29507361	DNA/TcMar-Tigger	1872	+	83	29507278	29038
chr22	29478240	29678240	harbor2	chr22	29507660	29507917	DNA/TcMar-Tigger	1872	+	128	29507788	29548
chr22	29478240	29678240	harbor2	chr22	29515006	29515035	DNA/TcMar-Tigger	1110	+	14	29515020	36780
chr22	29478240	29678240	harbor2	chr22	29515341	29515510	DNA/TcMar-Tigger	1110	+	84	29515425	37185
chr22	31627822	31827822	harbor2	chr22	31632435	31632989	DNA/TcMar-Tigger	3231	+	277	31632712	4890
chr22	31627822	31827822	harbor2	chr22	31644722	31644842	DNA/TcMar-Tigger	1068	+	60	31644782	16960
chr22	31627822	31827822	harbor2	chr22	31645139	31645235	DNA/TcMar-Tigger	1068	+	48	31645187	17365
chr22	31627822	31827822	harbor2	chr22	31645897	31646038	DNA/TcMar-Tigger	747	+	70	31645967	18145
chr22	31627822	31827822	harbor2	chr22	31699384	31699612	DNA/TcMar-Tigger	1298	+	114	31699498	71676
chr22	30355952	30555952	harbor2	chr22	30389467	30389703	DNA/TcMar-Tigger	1179	+	118	30389585	33633
chr22	37044680	37244680	harbor2	chr22	37134063	37134322	DNA/TcMar-Tigger	1220	+	130	37134193	89513
chr22	37044680	37244680	harbor2	chr22	37134636	37134724	DNA/TcMar-Tigger	1220	+	44	37134680	90000
chr22	48402875	48602875	harbor2	chr22	48482163	48482240	DNA/TcMar-Tigger	1558	+	38	48482201	79326
chr22	48402875	48602875	harbor2	chr22	48482537	48482803	DNA/TcMar-Tigger	1558	+	133	48482670	79795
chr22	49178482	49378482	harbor2	chr22	49243494	49243752	DNA/TcMar-Tigger	757	+	129	49243623	65141
chr22	24207152	24407152	harbor2	chr22	24297604	24298032	DNA/TcMar-Tigger	2714	+	214	24297818	90666
chr22	24207152	24407152	harbor2	chr22	24298033	24298340	DNA/TcMar-Tigger	1649	+	154	24298187	91035
chr22	24207152	24407152	harbor2	chr22	24298341	24298443	DNA/TcMar-Tigger	2714	+	51	24298392	91240
chrX	78341125	78541125	harbor2	chrX	78366739	78366886	DNA/TcMar-Tigger	754	+	74	78366813	25688
chrX	111769321	111969321	harbor2	chrX	111797897	111800482	DNA/TcMar-Tigger	15844	+	1292	111799189	29868
chrX	111769321	111969321	harbor2	chrX	111800766	111800947	DNA/TcMar-Tigger	15844	+	90	111800856	31535
chrX	89769659	89969659	harbor2	chrX	89775622	89776052	DNA/TcMar-Tigger	2599	+	215	89775837	6178
chrX	89769659	89969659	harbor2	chrX	89788550	89789085	DNA/TcMar-Tigger	2728	+	268	89788818	19159
chrX	89769659	89969659	harbor2	chrX	89860878	89861235	DNA/TcMar-Tigger	1609	+	178	89861056	91397
chrX	89769659	89969659	harbor2	chrX	89861234	89861466	DNA/TcMar-Tigger	1414	+	116	89861350	91691
chrX	132815020	133015020	harbor2	chrX	132856141	132856448	DNA/TcMar-Tigger	1744	+	154	132856295	41275
chrX	130532246	130732246	harbor2	chrX	130599072	130599276	DNA/TcMar-Tigger	1098	+	102	130599174	66928
chrX	130532246	130732246	harbor2	chrX	130599274	130599427	DNA/TcMar-Tigger	832	+	76	130599350	67104
chrX	130532246	130732246	harbor2	chrX	130603138	130603610	DNA/TcMar-Tigger	2633	+	236	130603374	71128
chrX	130532246	130732246	harbor2	chrX	130618427	130618826	DNA/TcMar-Tigger	2034	+	200	130618627	86381
chrX	121434567	121634567	harbor2	chrX	121458875	121459194	DNA/TcMar-Tigger	1574	+	160	121459035	24468
chrX	121434567	121634567	harbor2	chrX	121468155	121468469	DNA/TcMar-Tigger	1358	+	157	121468312	33745
chrX	121434567	121634567	harbor2	chrX	121477419	121477785	DNA/TcMar-Tigger	1995	+	183	121477602	43035
chrX	121434567	121634567	harbor2	chrX	121485052	121485270	DNA/TcMar-Tigger	1145	+	109	121485161	50594
chrX	121434567	121634567	harbor2	chrX	121507231	121507530	DNA/TcMar-Tigger	1745	+	150	121507381	72814
chrX	121434567	121634567	harbor2	chrX	121507911	121508063	DNA/TcMar-Tigger	1745	+	76	121507987	73420
chrX	121434567	121634567	harbor2	chrX	121515997	121516394	DNA/TcMar-Tigger	2273	+	198	121516195	81628
chrX	130681148	130881148	harbor2	chrX	130739074	130739489	DNA/TcMar-Tigger	2628	+	208	130739282	58134
chrX	54200417	54400417	harbor2	chrX	54218079	54218312	DNA/TcMar-Tigger	1409	+	116	54218195	17778
chrX	54200417	54400417	harbor2	chrX	54261297	54261448	DNA/TcMar-Tigger	611	+	76	54261373	60956
chrX	149082167	149282167	harbor2	chrX	149101845	149102139	DNA/TcMar-Tigger	1156	+	147	149101992	19825
chrX	149082167	149282167	harbor2	chrX	149125979	149126392	DNA/TcMar-Tigger	2465	+	206	149126185	44018
chrX	136968343	137168343	harbor2	chrX	136970285	136970734	DNA/TcMar-Tigger	1792	+	224	136970509	2166
chrX	136968343	137168343	harbor2	chrX	137060407	137060833	DNA/TcMar-Tigger	2579	+	213	137060620	92277
chrX	136968343	137168343	harbor2	chrX	137062036	137062658	DNA/TcMar-Tigger	3047	+	311	137062347	94004
chrX	136769059	136969059	harbor2	chrX	136826833	136827189	DNA/TcMar-Tigger	2259	+	178	136827011	57952
chrX	136769059	136969059	harbor2	chrX	136866340	136866797	DNA/TcMar-Tigger	2063	+	228	136866568	97509
chrX	136769059	136969059	harbor2	chrX	136867077	136867209	DNA/TcMar-Tigger	2063	+	66	136867143	98084
chrX	45571090	45771090	harbor2	chrX	45598635	45598716	DNA/TcMar-Tigger	529	+	40	45598675	27585
