H_chr	H_start	H_end	Harbor	TE_chr	TE_start	TE_end	TE	score	TE_strand	TE_half	TE_middle_pos	TE_dis
chr1	217328960	217528960	harbor1	chr1	217342761	217343048	DNA/TcMar-Tigger	536	-	144	217342905	13945
chr1	217328960	217528960	harbor1	chr1	217364937	217365290	DNA/TcMar-Tigger	669	-	176	217365113	36153
chr1	36619682	36819682	harbor1	chr1	36698054	36698215	DNA/TcMar-Tigger	445	-	80	36698134	78452
chr1	36619682	36819682	harbor1	chr1	36717325	36718975	DNA/TcMar-Tigger	11504	-	825	36718150	98468
chr1	36619682	36819682	harbor1	chr1	36718972	36719170	DNA/TcMar-Tigger	1184	-	99	36719071	99389
chr1	28686527	28886527	harbor1	chr1	28759405	28759670	DNA/TcMar-Tigger	1656	-	132	28759537	73010
chr1	28686527	28886527	harbor1	chr1	28759978	28760271	DNA/TcMar-Tigger	2777	-	146	28760124	73597
chr1	28686527	28886527	harbor1	chr1	28760880	28761109	DNA/TcMar-Tigger	2777	-	114	28760994	74467
chr1	232034265	232234265	harbor1	chr1	232044704	232044838	DNA/TcMar-Tigger	462	-	67	232044771	10506
chr1	79114311	79314311	harbor1	chr1	79183853	79183950	DNA/TcMar-Tigger	432	-	48	79183901	69590
chr1	232202979	232402979	harbor1	chr1	232205946	232208357	DNA/TcMar-Tigger	15177	-	1206	232207152	4173
chr1	244268148	244468148	harbor1	chr1	244292338	244292829	DNA/TcMar-Tigger	2708	-	246	244292584	24436
chr1	178962333	179162333	harbor1	chr1	178994463	178994605	DNA/TcMar-Tigger	1049	-	71	178994534	32201
chr1	178962333	179162333	harbor1	chr1	178996107	178996547	DNA/TcMar-Tigger	7938	-	220	178996327	33994
chr1	178962333	179162333	harbor1	chr1	178996860	178997780	DNA/TcMar-Tigger	7938	-	460	178997320	34987
chr1	178962333	179162333	harbor1	chr1	178997924	178998150	DNA/TcMar-Tigger	1162	-	113	178998037	35704
chr1	222698793	222898793	harbor1	chr1	222777614	222777741	DNA/TcMar-Tigger	839	-	64	222777678	78885
chr1	150352413	150552413	harbor1	chr1	150386455	150387241	DNA/TcMar-Tigger	4691	-	393	150386848	34435
chr1	150352413	150552413	harbor1	chr1	150438309	150438343	DNA/TcMar-Tigger	1217	-	17	150438326	85913
chr1	150352413	150552413	harbor1	chr1	150438640	150438842	DNA/TcMar-Tigger	1217	-	101	150438741	86328
chr1	150352413	150552413	harbor1	chr1	150439133	150439216	DNA/TcMar-Tigger	1217	-	42	150439175	86762
chr1	150352413	150552413	harbor1	chr1	150439299	150439377	DNA/TcMar-Tigger	524	-	39	150439338	86925
chr1	181147469	181347469	harbor1	chr1	181162223	181162262	DNA/TcMar-Tigger	1566	-	20	181162243	14774
chr1	181147469	181347469	harbor1	chr1	181162559	181162835	DNA/TcMar-Tigger	1566	-	138	181162697	15228
chr1	50085083	50285083	harbor1	chr1	50156955	50157039	DNA/TcMar-Tigger	490	-	42	50156997	71914
chr1	8241903	8441903	harbor1	chr1	8326279	8326696	DNA/TcMar-Tigger	2763	-	208	8326487	84584
chr1	8241903	8441903	harbor1	chr1	8327002	8327224	DNA/TcMar-Tigger	2763	-	111	8327113	85210
chr1	59479253	59679253	harbor1	chr1	59499205	59499301	DNA/TcMar-Tigger	609	-	48	59499253	20000
chr1	59479253	59679253	harbor1	chr1	59499314	59499580	DNA/TcMar-Tigger	1505	-	133	59499447	20194
chr1	59479253	59679253	harbor1	chr1	59567984	59568222	DNA/TcMar-Tigger	850	-	119	59568103	88850
chr1	154896235	155096235	harbor1	chr1	154921224	154921454	DNA/TcMar-Tigger	1416	-	115	154921339	25104
chr1	154896235	155096235	harbor1	chr1	154929386	154929511	DNA/TcMar-Tigger	590	-	62	154929448	33213
chr1	29719198	29919198	harbor1	chr1	29760655	29760960	DNA/TcMar-Tigger	452	-	152	29760807	41609
chr1	29719198	29919198	harbor1	chr1	29792554	29792857	DNA/TcMar-Tigger	1667	-	152	29792706	73508
chr1	105798872	105998872	harbor1	chr1	105827258	105827607	DNA/TcMar-Tigger	1241	-	174	105827432	28560
chr1	111130357	111330357	harbor1	chr1	111168878	111169201	DNA/TcMar-Tigger	1890	-	162	111169040	38683
chr1	111130357	111330357	harbor1	chr1	111176571	111177022	DNA/TcMar-Tigger	2653	-	226	111176797	46440
chr1	111130357	111330357	harbor1	chr1	111177024	111177475	DNA/TcMar-Tigger	2825	-	226	111177250	46893
chr1	237802493	238002493	harbor1	chr1	237855109	237855496	DNA/TcMar-Tigger	3595	-	194	237855303	52810
chr1	237802493	238002493	harbor1	chr1	237855955	237856159	DNA/TcMar-Tigger	3595	-	102	237856057	53564
chr1	237802493	238002493	harbor1	chr1	237856922	237857038	DNA/TcMar-Tigger	3595	-	58	237856980	54487
chr1	237802493	238002493	harbor1	chr1	237857015	237857133	DNA/TcMar-Tigger	576	-	59	237857074	54581
chr1	237802493	238002493	harbor1	chr1	237894723	237894817	DNA/TcMar-Tigger	2625	-	47	237894770	92277
chr1	237802493	238002493	harbor1	chr1	237897829	237897999	DNA/TcMar-Tigger	836	-	85	237897914	95421
chr1	237802493	238002493	harbor1	chr1	237895547	237895873	DNA/TcMar-Tigger	2625	-	163	237895710	93217
chr1	25981437	26181437	harbor1	chr1	26055816	26056154	DNA/TcMar-Tigger	511	-	169	26055985	74548
chr1	176134461	176334461	harbor1	chr1	176169453	176170843	DNA/TcMar-Tigger	11370	-	695	176170148	35687
chr1	176134461	176334461	harbor1	chr1	176171149	176171575	DNA/TcMar-Tigger	11370	-	213	176171362	36901
chr1	176134461	176334461	harbor1	chr1	176171602	176171745	DNA/TcMar-Tigger	723	-	72	176171674	37213
chr1	176134461	176334461	harbor1	chr1	176190117	176190354	DNA/TcMar-Tigger	1347	-	118	176190235	55774
chr1	176134461	176334461	harbor1	chr1	176213369	176213546	DNA/TcMar-Tigger	949	-	88	176213457	78996
chr1	156453270	156653270	harbor1	chr1	156506163	156506447	DNA/TcMar-Tigger	1261	-	142	156506305	53035
chr1	230352990	230552990	harbor1	chr1	230412202	230412315	DNA/TcMar-Tigger	674	-	56	230412258	59268
chr1	230352990	230552990	harbor1	chr1	230412312	230412387	DNA/TcMar-Tigger	1242	-	38	230412350	59360
chr1	230352990	230552990	harbor1	chr1	230412688	230412848	DNA/TcMar-Tigger	1242	-	80	230412768	59778
chr1	230352990	230552990	harbor1	chr1	230412986	230413155	DNA/TcMar-Tigger	886	-	84	230413070	60080
chr1	168750546	168950546	harbor1	chr1	168844520	168844752	DNA/TcMar-Tigger	1303	-	116	168844636	94090
chr1	171264660	171464660	harbor1	chr1	171318515	171318702	DNA/TcMar-Tigger	1027	-	94	171318609	53949
chr1	171264660	171464660	harbor1	chr1	171321323	171321672	DNA/TcMar-Tigger	2055	-	174	171321497	56837
chr1	171264660	171464660	harbor1	chr1	171345306	171345841	DNA/TcMar-Tigger	1476	-	268	171345574	80914
chr1	171264660	171464660	harbor1	chr1	171346211	171346298	DNA/TcMar-Tigger	1476	-	44	171346255	81595
chr1	154914524	155114524	harbor1	chr1	154921224	154921454	DNA/TcMar-Tigger	1416	-	115	154921339	6815
chr1	154914524	155114524	harbor1	chr1	154929386	154929511	DNA/TcMar-Tigger	590	-	62	154929448	14924
chr1	195409037	195609037	harbor1	chr1	195415913	195416049	DNA/TcMar-Tigger	655	-	68	195415981	6944
chr1	195409037	195609037	harbor1	chr1	195467335	195467579	DNA/TcMar-Tigger	1267	-	122	195467457	58420
chr1	195409037	195609037	harbor1	chr1	195501410	195502754	DNA/TcMar-Tigger	7811	-	672	195502082	93045
chr1	195409037	195609037	harbor1	chr1	195503283	195504184	DNA/TcMar-Tigger	4053	-	450	195503733	94696
chr1	198379030	198579030	harbor1	chr1	198380750	198381074	DNA/TcMar-Tigger	452	-	162	198380912	1882
chr1	198379030	198579030	harbor1	chr1	198411935	198412363	DNA/TcMar-Tigger	2159	-	214	198412149	33119
chr1	239265468	239465468	harbor1	chr1	239280982	239281624	DNA/TcMar-Tigger	15863	-	321	239281303	15835
chr1	239265468	239465468	harbor1	chr1	239281919	239283969	DNA/TcMar-Tigger	15863	-	1025	239282944	17476
chr1	79262110	79462110	harbor1	chr1	79346534	79347325	DNA/TcMar-Tigger	4556	-	396	79346930	84820
chr1	87353233	87553233	harbor1	chr1	87353442	87353641	DNA/TcMar-Tigger	447	-	100	87353542	309
chr1	87353233	87553233	harbor1	chr1	87417030	87417461	DNA/TcMar-Tigger	2520	-	216	87417246	64013
chr1	32165623	32365623	harbor1	chr1	32178228	32178341	DNA/TcMar-Tigger	589	-	56	32178284	12661
chr1	32165623	32365623	harbor1	chr1	32190449	32190734	DNA/TcMar-Tigger	686	-	142	32190591	24968
chr1	38246	238246	harbor1	chr1	60379	60686	DNA/TcMar-Tigger	1529	-	154	60533	22287
chr1	37092934	37292934	harbor1	chr1	37100799	37101064	DNA/TcMar-Tigger	543	-	132	37100931	7997
chr1	243422589	243622589	harbor1	chr1	243445575	243446168	DNA/TcMar-Tigger	1575	-	296	243445871	23282
chr1	51095933	51295933	harbor1	chr1	51193808	51193984	DNA/TcMar-Tigger	1981	-	88	51193896	97963
chr1	51095933	51295933	harbor1	chr1	51194286	51194310	DNA/TcMar-Tigger	1981	-	12	51194298	98365
chr1	51095933	51295933	harbor1	chr1	51194913	51195066	DNA/TcMar-Tigger	1981	-	76	51194989	99056
chr1	51095933	51295933	harbor1	chr1	51195241	51195516	DNA/TcMar-Tigger	5367	-	138	51195379	99446
chr1	184683952	184883952	harbor1	chr1	184695436	184695710	DNA/TcMar-Tigger	1685	-	137	184695573	11621
chr1	53608248	53808248	harbor1	chr1	53609710	53610059	DNA/TcMar-Tigger	1818	-	174	53609884	1636
chr1	53608248	53808248	harbor1	chr1	53699414	53699637	DNA/TcMar-Tigger	1284	-	112	53699526	91278
chr1	168490883	168690883	harbor1	chr1	168499773	168499999	DNA/TcMar-Tigger	1302	-	113	168499886	9003
chr1	168490883	168690883	harbor1	chr1	168500001	168502155	DNA/TcMar-Tigger	13799	-	1077	168501078	10195
chr1	103162050	103362050	harbor1	chr1	103214365	103214710	DNA/TcMar-Tigger	1556	-	172	103214537	52487
chr1	186598105	186798105	harbor1	chr1	186613031	186613066	DNA/TcMar-Tigger	1776	-	18	186613049	14944
chr1	186598105	186798105	harbor1	chr1	186613378	186613670	DNA/TcMar-Tigger	1776	-	146	186613524	15419
chr1	186598105	186798105	harbor1	chr1	186613678	186613886	DNA/TcMar-Tigger	1212	-	104	186613782	15677
chr1	18254878	18454878	harbor1	chr1	18297575	18297895	DNA/TcMar-Tigger	1534	-	160	18297735	42857
chr1	18254878	18454878	harbor1	chr1	18328139	18328504	DNA/TcMar-Tigger	2184	-	182	18328321	73443
chr1	65858547	66058547	harbor1	chr1	65935358	65935660	DNA/TcMar-Tigger	3574	-	151	65935509	76962
chr1	65858547	66058547	harbor1	chr1	65935980	65936497	DNA/TcMar-Tigger	3574	-	258	65936238	77691
chr1	70933892	71133892	harbor1	chr1	70950519	70950701	DNA/TcMar-Tigger	819	-	91	70950610	16718
chr1	70933892	71133892	harbor1	chr1	70951015	70951260	DNA/TcMar-Tigger	819	-	122	70951137	17245
chr1	248431237	248631237	harbor1	chr1	248442561	248442856	DNA/TcMar-Tigger	1238	-	148	248442709	11472
chr1	210507012	210707012	harbor1	chr1	210509142	210509375	DNA/TcMar-Tigger	1216	-	116	210509258	2246
chr1	210507012	210707012	harbor1	chr1	210530083	210530333	DNA/TcMar-Tigger	801	-	125	210530208	23196
chr1	210507012	210707012	harbor1	chr1	210530946	210531275	DNA/TcMar-Tigger	1958	-	164	210531110	24098
chr1	210507012	210707012	harbor1	chr1	210534475	210534807	DNA/TcMar-Tigger	2010	-	166	210534641	27629
chr1	202402460	202602460	harbor1	chr1	202487571	202487599	DNA/TcMar-Tigger	2350	-	14	202487585	85125
chr1	202402460	202602460	harbor1	chr1	202487902	202488356	DNA/TcMar-Tigger	2350	-	227	202488129	85669
chr1	172112720	172312720	harbor1	chr1	172159786	172160986	DNA/TcMar-Tigger	6626	-	600	172160386	47666
chr1	172112720	172312720	harbor1	chr1	172172259	172172360	DNA/TcMar-Tigger	570	-	50	172172309	59589
chr1	172112720	172312720	harbor1	chr1	172172358	172172612	DNA/TcMar-Tigger	1423	-	127	172172485	59765
chr1	172112720	172312720	harbor1	chr1	172177915	172178258	DNA/TcMar-Tigger	1659	-	172	172178087	65367
chr1	17904948	18104948	harbor1	chr1	17918739	17918849	DNA/TcMar-Tigger	475	-	55	17918794	13846
chr1	215658779	215858779	harbor1	chr1	215669405	215669718	DNA/TcMar-Tigger	1007	-	156	215669561	10782
chr1	215658779	215858779	harbor1	chr1	215695659	215695741	DNA/TcMar-Tigger	1714	-	41	215695700	36921
chr1	215658779	215858779	harbor1	chr1	215696049	215696388	DNA/TcMar-Tigger	1714	-	170	215696219	37440
chr1	88548172	88748172	harbor1	chr1	88565185	88565406	DNA/TcMar-Tigger	405	-	110	88565295	17123
chr1	88548172	88748172	harbor1	chr1	88606134	88606273	DNA/TcMar-Tigger	440	-	70	88606204	58032
chr1	88548172	88748172	harbor1	chr1	88606580	88606733	DNA/TcMar-Tigger	440	-	76	88606656	58484
chr1	164953409	165153409	harbor1	chr1	164979025	164979348	DNA/TcMar-Tigger	1009	-	162	164979187	25778
chr1	3300137	3500137	harbor1	chr1	3302018	3302215	DNA/TcMar-Tigger	830	-	98	3302116	1979
chr1	3300137	3500137	harbor1	chr1	3302216	3302394	DNA/TcMar-Tigger	634	-	89	3302305	2168
chr1	3300137	3500137	harbor1	chr1	3302393	3302571	DNA/TcMar-Tigger	526	-	89	3302482	2345
chr1	3300137	3500137	harbor1	chr1	3302585	3302990	DNA/TcMar-Tigger	1438	-	202	3302787	2650
chr1	202066985	202266985	harbor1	chr1	202098700	202098848	DNA/TcMar-Tigger	545	-	74	202098774	31789
chr1	202066985	202266985	harbor1	chr1	202099347	202099505	DNA/TcMar-Tigger	961	-	79	202099426	32441
chr1	147613982	147813982	harbor1	chr1	147643161	147643364	DNA/TcMar-Tigger	1053	-	102	147643263	29281
chr1	76801715	77001715	harbor1	chr1	76827998	76828336	DNA/TcMar-Tigger	1790	-	169	76828167	26452
chr1	76801715	77001715	harbor1	chr1	76836593	76836954	DNA/TcMar-Tigger	1767	-	180	76836773	35058
chr1	76801715	77001715	harbor1	chr1	76842873	76843213	DNA/TcMar-Tigger	1956	-	170	76843043	41328
chr1	195780808	195980808	harbor1	chr1	195792224	195792521	DNA/TcMar-Tigger	633	-	148	195792372	11564
chr1	195780808	195980808	harbor1	chr1	195807270	195807638	DNA/TcMar-Tigger	808	-	184	195807454	26646
chr1	195780808	195980808	harbor1	chr1	195872751	195873869	DNA/TcMar-Tigger	12916	-	559	195873310	92502
chr1	195780808	195980808	harbor1	chr1	195874157	195875372	DNA/TcMar-Tigger	12916	-	608	195874765	93957
chr1	240619405	240819405	harbor1	chr1	240626293	240626511	DNA/TcMar-Tigger	1042	-	109	240626402	6997
chr1	40176712	40376712	harbor1	chr1	40192320	40192521	DNA/TcMar-Tigger	1071	-	100	40192420	15708
chr1	40176712	40376712	harbor1	chr1	40214407	40214592	DNA/TcMar-Tigger	839	-	92	40214499	37787
chr1	148079546	148279546	harbor1	chr1	148079572	148079780	DNA/TcMar-Tigger	809	-	104	148079676	130
chr1	169323770	169523770	harbor1	chr1	169359044	169359358	DNA/TcMar-Tigger	1346	-	157	169359201	35431
chr1	196966759	197166759	harbor1	chr1	196979289	196980574	DNA/TcMar-Tigger	5776	-	642	196979931	13172
chr1	196966759	197166759	harbor1	chr1	196981657	196981861	DNA/TcMar-Tigger	1201	-	102	196981759	15000
chr1	196966759	197166759	harbor1	chr1	197041601	197041985	DNA/TcMar-Tigger	2234	-	192	197041793	75034
chr1	196966759	197166759	harbor1	chr1	197041978	197042144	DNA/TcMar-Tigger	820	-	83	197042061	75302
chr1	218695033	218895033	harbor1	chr1	218762097	218762458	DNA/TcMar-Tigger	610	-	180	218762277	67244
chr1	88781685	88981685	harbor1	chr1	88792486	88792642	DNA/TcMar-Tigger	813	-	78	88792564	10879
chr1	88781685	88981685	harbor1	chr1	88792639	88793474	DNA/TcMar-Tigger	4980	-	418	88793057	11372
chr1	88781685	88981685	harbor1	chr1	88793617	88793953	DNA/TcMar-Tigger	1955	-	168	88793785	12100
chr1	88781685	88981685	harbor1	chr1	88796103	88796324	DNA/TcMar-Tigger	1006	-	110	88796213	14528
chr1	88781685	88981685	harbor1	chr1	88827271	88827595	DNA/TcMar-Tigger	1793	-	162	88827433	45748
chr1	88781685	88981685	harbor1	chr1	88838859	88839248	DNA/TcMar-Tigger	2287	-	194	88839053	57368
chr1	88781685	88981685	harbor1	chr1	88840088	88840103	DNA/TcMar-Tigger	896	-	8	88840096	58411
chr1	88781685	88981685	harbor1	chr1	88840133	88840295	DNA/TcMar-Tigger	896	-	81	88840214	58529
chr1	195929356	196129356	harbor1	chr1	195955822	195956520	DNA/TcMar-Tigger	3924	-	349	195956171	26815
chr1	195929356	196129356	harbor1	chr1	195956517	195957755	DNA/TcMar-Tigger	7212	-	619	195957136	27780
chr1	195929356	196129356	harbor1	chr1	196011112	196011429	DNA/TcMar-Tigger	1823	-	158	196011270	81914
chr1	195929356	196129356	harbor1	chr1	196014096	196014269	DNA/TcMar-Tigger	705	-	86	196014182	84826
chr1	195929356	196129356	harbor1	chr1	196014302	196014359	DNA/TcMar-Tigger	705	-	28	196014330	84974
chr1	93511514	93711514	harbor1	chr1	93521476	93521775	DNA/TcMar-Tigger	1212	-	150	93521626	10112
chr1	93511514	93711514	harbor1	chr1	93544873	93545409	DNA/TcMar-Tigger	2446	-	268	93545141	33627
chr1	93511514	93711514	harbor1	chr1	93555542	93555746	DNA/TcMar-Tigger	1061	-	102	93555644	44130
chr1	48208172	48408172	harbor1	chr1	48219793	48220390	DNA/TcMar-Tigger	795	-	298	48220091	11919
chr1	150030465	150230465	harbor1	chr1	150090413	150091144	DNA/TcMar-Tigger	2423	-	366	150090779	60314
chr1	57674615	57874615	harbor1	chr1	57721726	57721880	DNA/TcMar-Tigger	453	-	77	57721803	47188
chr1	57674615	57874615	harbor1	chr1	57746544	57746856	DNA/TcMar-Tigger	1273	-	156	57746700	72085
chr1	154830364	155030364	harbor1	chr1	154839292	154839591	DNA/TcMar-Tigger	472	-	150	154839442	9078
chr1	154830364	155030364	harbor1	chr1	154921224	154921454	DNA/TcMar-Tigger	1416	-	115	154921339	90975
chr1	154830364	155030364	harbor1	chr1	154929386	154929511	DNA/TcMar-Tigger	590	-	62	154929448	99084
chr1	234926773	235126773	harbor1	chr1	234951670	234951751	DNA/TcMar-Tigger	439	-	40	234951710	24937
chr1	234926773	235126773	harbor1	chr1	234992223	234992460	DNA/TcMar-Tigger	1216	-	118	234992341	65568
chr1	165787383	165987383	harbor1	chr1	165793685	165794091	DNA/TcMar-Tigger	959	-	203	165793888	6505
chr1	165787383	165987383	harbor1	chr1	165826155	165826250	DNA/TcMar-Tigger	468	-	48	165826203	38820
chr1	165787383	165987383	harbor1	chr1	165866966	165869389	DNA/TcMar-Tigger	15126	-	1212	165868178	80795
chr1	98296871	98496871	harbor1	chr1	98321057	98321312	DNA/TcMar-Tigger	1470	-	128	98321185	24314
chr1	98296871	98496871	harbor1	chr1	98321335	98321548	DNA/TcMar-Tigger	852	-	106	98321441	24570
chr1	98296871	98496871	harbor1	chr1	98344518	98344712	DNA/TcMar-Tigger	532	-	97	98344615	47744
chr1	98296871	98496871	harbor1	chr1	98373911	98374992	DNA/TcMar-Tigger	5625	-	540	98374451	77580
chr1	98296871	98496871	harbor1	chr1	98375059	98375281	DNA/TcMar-Tigger	1264	-	111	98375170	78299
chr1	98296871	98496871	harbor1	chr1	98377287	98377652	DNA/TcMar-Tigger	1150	-	182	98377469	80598
chr1	216654338	216854338	harbor1	chr1	216693452	216693791	DNA/TcMar-Tigger	2099	-	170	216693622	39284
chr1	216654338	216854338	harbor1	chr1	216695877	216695980	DNA/TcMar-Tigger	473	-	52	216695929	41591
chr1	110937911	111137911	harbor1	chr1	110978724	110978859	DNA/TcMar-Tigger	850	-	68	110978792	40881
chr1	221487667	221687667	harbor1	chr1	221491798	221491884	DNA/TcMar-Tigger	583	-	43	221491841	4174
chr1	221487667	221687667	harbor1	chr1	221492084	221492413	DNA/TcMar-Tigger	2226	-	164	221492248	4581
chr1	221487667	221687667	harbor1	chr1	221492422	221492809	DNA/TcMar-Tigger	1982	-	194	221492616	4949
chr1	221487667	221687667	harbor1	chr1	221500298	221500592	DNA/TcMar-Tigger	1280	-	147	221500445	12778
chr1	221487667	221687667	harbor1	chr1	221512737	221512933	DNA/TcMar-Tigger	689	-	98	221512835	25168
chr1	221487667	221687667	harbor1	chr1	221536848	221537034	DNA/TcMar-Tigger	473	-	93	221536941	49274
chr1	90358234	90558234	harbor1	chr1	90419647	90419846	DNA/TcMar-Tigger	924	-	100	90419747	61513
chr1	90358234	90558234	harbor1	chr1	90427756	90427984	DNA/TcMar-Tigger	1292	-	114	90427870	69636
chr1	98857149	99057149	harbor1	chr1	98861122	98861444	DNA/TcMar-Tigger	600	-	161	98861283	4134
chr1	98857149	99057149	harbor1	chr1	98886161	98886432	DNA/TcMar-Tigger	1225	-	136	98886297	29148
chr1	98857149	99057149	harbor1	chr1	98887169	98887960	DNA/TcMar-Tigger	3470	-	396	98887565	30416
chr1	98857149	99057149	harbor1	chr1	98910372	98910964	DNA/TcMar-Tigger	3262	-	296	98910668	53519
chr1	98857149	99057149	harbor1	chr1	98932907	98933128	DNA/TcMar-Tigger	699	-	110	98933017	75868
chr1	51722227	51922227	harbor1	chr1	51725912	51726140	DNA/TcMar-Tigger	1532	-	114	51726026	3799
chr1	51722227	51922227	harbor1	chr1	51782995	51783160	DNA/TcMar-Tigger	945	-	82	51783077	60850
chr1	51722227	51922227	harbor1	chr1	51799759	51799899	DNA/TcMar-Tigger	407	-	70	51799829	77602
chr1	115090116	115290116	harbor1	chr1	115111120	115111424	DNA/TcMar-Tigger	1588	-	152	115111272	21156
chr1	61929150	62129150	harbor1	chr1	61963148	61963314	DNA/TcMar-Tigger	1847	-	83	61963231	34081
chr1	61929150	62129150	harbor1	chr1	61963609	61963818	DNA/TcMar-Tigger	1847	-	104	61963713	34563
chr1	61929150	62129150	harbor1	chr1	61972032	61972375	DNA/TcMar-Tigger	1857	-	172	61972204	43054
chr1	61929150	62129150	harbor1	chr1	62006795	62007119	DNA/TcMar-Tigger	1965	-	162	62006957	77807
chr1	61929150	62129150	harbor1	chr1	62009246	62009802	DNA/TcMar-Tigger	4783	-	278	62009524	80374
chr1	61929150	62129150	harbor1	chr1	62010109	62010337	DNA/TcMar-Tigger	4783	-	114	62010223	81073
chr1	61929150	62129150	harbor1	chr1	62010802	62011725	DNA/TcMar-Tigger	5948	-	462	62011264	82114
chr1	209621836	209821836	harbor1	chr1	209680692	209681029	DNA/TcMar-Tigger	2068	-	168	209680860	59024
chr1	209621836	209821836	harbor1	chr1	209713565	209713896	DNA/TcMar-Tigger	1983	-	166	209713731	91895
chr1	234318168	234518168	harbor1	chr1	234322212	234322649	DNA/TcMar-Tigger	2499	-	218	234322430	4262
chr1	234318168	234518168	harbor1	chr1	234370802	234371048	DNA/TcMar-Tigger	788	-	123	234370925	52757
chr1	234318168	234518168	harbor1	chr1	234384854	234385505	DNA/TcMar-Tigger	4435	-	326	234385180	67012
chr1	234318168	234518168	harbor1	chr1	234385798	234385869	DNA/TcMar-Tigger	4435	-	36	234385834	67666
chr1	234318168	234518168	harbor1	chr1	234385855	234386641	DNA/TcMar-Tigger	6221	-	393	234386248	68080
chr1	234318168	234518168	harbor1	chr1	234386938	234387234	DNA/TcMar-Tigger	6221	-	148	234387086	68918
chr1	14180074	14380074	harbor1	chr1	14266405	14266886	DNA/TcMar-Tigger	2717	-	240	14266645	86571
chr1	14180074	14380074	harbor1	chr1	14267081	14267146	DNA/TcMar-Tigger	2717	-	32	14267113	87039
chr1	53570730	53770730	harbor1	chr1	53609710	53610059	DNA/TcMar-Tigger	1818	-	174	53609884	39154
chr1	95611964	95811964	harbor1	chr1	95650450	95650612	DNA/TcMar-Tigger	818	-	81	95650531	38567
chr1	179729439	179929439	harbor1	chr1	179733977	179734249	DNA/TcMar-Tigger	661	-	136	179734113	4674
chr1	179729439	179929439	harbor1	chr1	179821972	179822325	DNA/TcMar-Tigger	2052	-	176	179822148	92709
chr1	105195212	105395212	harbor1	chr1	105259605	105260666	DNA/TcMar-Tigger	5588	-	530	105260135	64923
chr1	105195212	105395212	harbor1	chr1	105273038	105273178	DNA/TcMar-Tigger	745	-	70	105273108	77896
chr1	176660658	176860658	harbor1	chr1	176719096	176720164	DNA/TcMar-Tigger	4636	-	534	176719630	58972
chr1	176660658	176860658	harbor1	chr1	176750191	176750325	DNA/TcMar-Tigger	1202	-	67	176750258	89600
chr1	176660658	176860658	harbor1	chr1	176750625	176750799	DNA/TcMar-Tigger	1202	-	87	176750712	90054
chr1	176660658	176860658	harbor1	chr1	176755708	176755976	DNA/TcMar-Tigger	2175	-	134	176755842	95184
chr1	176660658	176860658	harbor1	chr1	176756255	176756447	DNA/TcMar-Tigger	2175	-	96	176756351	95693
chr1	150471267	150671267	harbor1	chr1	150478230	150478527	DNA/TcMar-Tigger	1340	-	148	150478378	7111
chr1	40192911	40392911	harbor1	chr1	40214407	40214592	DNA/TcMar-Tigger	839	-	92	40214499	21588
chr1	40192911	40392911	harbor1	chr1	40276651	40277029	DNA/TcMar-Tigger	1723	-	189	40276840	83929
chr1	40192911	40392911	harbor1	chr1	40292142	40292234	DNA/TcMar-Tigger	482	-	46	40292188	99277
chr1	55316616	55516616	harbor1	chr1	55342116	55342801	DNA/TcMar-Tigger	1595	-	342	55342458	25842
chr1	55316616	55516616	harbor1	chr1	55342827	55342889	DNA/TcMar-Tigger	1595	-	31	55342858	26242
chr1	55316616	55516616	harbor1	chr1	55345489	55345587	DNA/TcMar-Tigger	1595	-	49	55345538	28922
chr1	55316616	55516616	harbor1	chr1	55383803	55384140	DNA/TcMar-Tigger	2010	-	168	55383971	67355
chr1	246881890	247081890	harbor1	chr1	246883382	246883649	DNA/TcMar-Tigger	822	-	134	246883516	1626
chr1	246881890	247081890	harbor1	chr1	246885185	246885359	DNA/TcMar-Tigger	966	-	87	246885272	3382
chr1	246881890	247081890	harbor1	chr1	246886472	246886665	DNA/TcMar-Tigger	1034	-	96	246886568	4678
chr1	246881890	247081890	harbor1	chr1	246897439	246897696	DNA/TcMar-Tigger	1346	-	128	246897567	15677
chr1	246881890	247081890	harbor1	chr1	246906962	246907267	DNA/TcMar-Tigger	1501	-	152	246907114	25224
chr1	246881890	247081890	harbor1	chr1	246938537	246938950	DNA/TcMar-Tigger	2466	-	206	246938743	56853
chr1	246881890	247081890	harbor1	chr1	246939075	246939293	DNA/TcMar-Tigger	935	-	109	246939184	57294
chr1	246881890	247081890	harbor1	chr1	246954850	246954931	DNA/TcMar-Tigger	1298	-	40	246954890	73000
chr1	246881890	247081890	harbor1	chr1	246955266	246955446	DNA/TcMar-Tigger	1298	-	90	246955356	73466
chr1	103976521	104176521	harbor1	chr1	104065026	104065191	DNA/TcMar-Tigger	890	-	82	104065108	88587
chr1	108162342	108362342	harbor1	chr1	108183376	108184011	DNA/TcMar-Tigger	3254	-	318	108183694	21352
chr1	202516063	202716063	harbor1	chr1	202536157	202537059	DNA/TcMar-Tigger	5360	-	451	202536608	20545
chr1	202516063	202716063	harbor1	chr1	202537380	202537479	DNA/TcMar-Tigger	587	-	50	202537430	21367
chr1	198218231	198418231	harbor1	chr1	198239761	198240099	DNA/TcMar-Tigger	1748	-	169	198239930	21699
chr1	198218231	198418231	harbor1	chr1	198244888	198245308	DNA/TcMar-Tigger	2067	-	210	198245098	26867
chr1	31466198	31666198	harbor1	chr1	31542110	31543687	DNA/TcMar-Tigger	11024	-	788	31542898	76700
chr1	193475728	193675728	harbor1	chr1	193481576	193481871	DNA/TcMar-Tigger	1171	-	148	193481724	5996
chr1	91655636	91855636	harbor1	chr1	91709177	91709443	DNA/TcMar-Tigger	1670	-	133	91709310	53674
chr1	91655636	91855636	harbor1	chr1	91722622	91722948	DNA/TcMar-Tigger	2176	-	163	91722785	67149
chr1	66360768	66560768	harbor1	chr1	66440565	66440884	DNA/TcMar-Tigger	1978	-	160	66440725	79957
chr1	181217203	181417203	harbor1	chr1	181304884	181305233	DNA/TcMar-Tigger	2112	-	174	181305058	87855
chr1	175893864	176093864	harbor1	chr1	175991118	175992070	DNA/TcMar-Tigger	4574	-	476	175991594	97730
chr1	102971453	103171453	harbor1	chr1	102993305	102993550	DNA/TcMar-Tigger	1010	-	122	102993427	21974
chr1	102971453	103171453	harbor1	chr1	102993839	102993936	DNA/TcMar-Tigger	1010	-	48	102993887	22434
chr1	102971453	103171453	harbor1	chr1	103056698	103059146	DNA/TcMar-Tigger	12510	-	1224	103057922	86469
chr1	59514821	59714821	harbor1	chr1	59567984	59568222	DNA/TcMar-Tigger	850	-	119	59568103	53282
chr1	227402611	227602611	harbor1	chr1	227407586	227407763	DNA/TcMar-Tigger	939	-	88	227407674	5063
chr1	227402611	227602611	harbor1	chr1	227408765	227408976	DNA/TcMar-Tigger	1903	-	106	227408871	6260
chr1	227402611	227602611	harbor1	chr1	227409268	227409370	DNA/TcMar-Tigger	1903	-	51	227409319	6708
chr1	227402611	227602611	harbor1	chr1	227411501	227412110	DNA/TcMar-Tigger	12893	-	304	227411805	9194
chr1	227402611	227602611	harbor1	chr1	227412408	227413386	DNA/TcMar-Tigger	12893	-	489	227412897	10286
chr1	227402611	227602611	harbor1	chr1	227413660	227413672	DNA/TcMar-Tigger	12893	-	6	227413666	11055
chr1	227402611	227602611	harbor1	chr1	227413978	227414366	DNA/TcMar-Tigger	12893	-	194	227414172	11561
chr1	227402611	227602611	harbor1	chr1	227422958	227423230	DNA/TcMar-Tigger	1064	-	136	227423094	20483
chr1	227402611	227602611	harbor1	chr1	227423535	227423611	DNA/TcMar-Tigger	1064	-	38	227423573	20962
chr1	227402611	227602611	harbor1	chr1	227458259	227458437	DNA/TcMar-Tigger	608	-	89	227458348	55737
chr1	103298242	103498242	harbor1	chr1	103300340	103300574	DNA/TcMar-Tigger	1813	-	117	103300457	2215
chr1	103298242	103498242	harbor1	chr1	103301270	103301380	DNA/TcMar-Tigger	1813	-	55	103301325	3083
chr1	60147330	60347330	harbor1	chr1	60196288	60196695	DNA/TcMar-Tigger	2000	-	204	60196492	49162
chr1	107817780	108017780	harbor1	chr1	107831025	107831096	DNA/TcMar-Tigger	487	-	36	107831061	13281
chr1	29020983	29220983	harbor1	chr1	29094812	29095146	DNA/TcMar-Tigger	2221	-	167	29094979	73996
chr1	92885729	93085729	harbor1	chr1	92970816	92971013	DNA/TcMar-Tigger	427	-	98	92970914	85185
chr1	92885729	93085729	harbor1	chr1	92979768	92980004	DNA/TcMar-Tigger	1119	-	118	92979886	94157
chr1	52385685	52585685	harbor1	chr1	52400181	52400496	DNA/TcMar-Tigger	1228	-	158	52400339	14654
chr1	52385685	52585685	harbor1	chr1	52421624	52421944	DNA/TcMar-Tigger	2032	-	160	52421784	36099
chr1	52385685	52585685	harbor1	chr1	52431946	52432171	DNA/TcMar-Tigger	1340	-	112	52432058	46373
chr1	52385685	52585685	harbor1	chr1	52442484	52442680	DNA/TcMar-Tigger	1019	-	98	52442582	56897
chr1	205904320	206104320	harbor1	chr1	205906356	205906476	DNA/TcMar-Tigger	678	-	60	205906416	2096
chr1	205904320	206104320	harbor1	chr1	205906879	205907012	DNA/TcMar-Tigger	2408	-	66	205906945	2625
chr1	205904320	206104320	harbor1	chr1	205907319	205907631	DNA/TcMar-Tigger	2408	-	156	205907475	3155
chr1	205904320	206104320	harbor1	chr1	205908773	205909125	DNA/TcMar-Tigger	1791	-	176	205908949	4629
chr1	50806559	51006559	harbor1	chr1	50813894	50814145	DNA/TcMar-Tigger	1367	-	126	50814020	7461
chr1	50806559	51006559	harbor1	chr1	50818641	50818747	DNA/TcMar-Tigger	628	-	53	50818694	12135
chr1	50806559	51006559	harbor1	chr1	50818859	50819119	DNA/TcMar-Tigger	1717	-	130	50818989	12430
chr1	50806559	51006559	harbor1	chr1	50902593	50902893	DNA/TcMar-Tigger	1311	-	150	50902743	96184
chr1	51097160	51297160	harbor1	chr1	51193808	51193984	DNA/TcMar-Tigger	1981	-	88	51193896	96736
chr1	51097160	51297160	harbor1	chr1	51194286	51194310	DNA/TcMar-Tigger	1981	-	12	51194298	97138
chr1	51097160	51297160	harbor1	chr1	51194913	51195066	DNA/TcMar-Tigger	1981	-	76	51194989	97829
chr1	51097160	51297160	harbor1	chr1	51195241	51195516	DNA/TcMar-Tigger	5367	-	138	51195379	98219
chr1	51097160	51297160	harbor1	chr1	51196125	51196661	DNA/TcMar-Tigger	5367	-	268	51196393	99233
chr1	236545939	236745939	harbor1	chr1	236579648	236580209	DNA/TcMar-Tigger	885	-	280	236579928	33989
chr1	236545939	236745939	harbor1	chr1	236634684	236634786	DNA/TcMar-Tigger	593	-	51	236634735	88796
chr1	146538911	146738911	harbor1	chr1	146607832	146608466	DNA/TcMar-Tigger	1956	-	317	146608149	69238
chr1	146538911	146738911	harbor1	chr1	146627054	146627362	DNA/TcMar-Tigger	1472	-	154	146627208	88297
chr1	144643139	144843139	harbor1	chr1	144656329	144656560	DNA/TcMar-Tigger	1136	-	116	144656445	13306
chr1	144643139	144843139	harbor1	chr1	144685442	144685644	DNA/TcMar-Tigger	820	-	101	144685543	42404
chr1	91130897	91330897	harbor1	chr1	91149757	91150312	DNA/TcMar-Tigger	3171	-	278	91150035	19138
chr1	228153397	228353397	harbor1	chr1	228185453	228186033	DNA/TcMar-Tigger	2025	-	290	228185743	32346
chr1	228153397	228353397	harbor1	chr1	228231165	228231467	DNA/TcMar-Tigger	1199	-	151	228231316	77919
chr1	234880125	235080125	harbor1	chr1	234951670	234951751	DNA/TcMar-Tigger	439	-	40	234951710	71585
chr1	163245512	163445512	harbor1	chr1	163308763	163309068	DNA/TcMar-Tigger	14091	-	152	163308915	63403
chr1	163245512	163445512	harbor1	chr1	163309200	163310304	DNA/TcMar-Tigger	14091	-	552	163309752	64240
chr1	163245512	163445512	harbor1	chr1	163310595	163310744	DNA/TcMar-Tigger	14091	-	74	163310669	65157
chr1	163245512	163445512	harbor1	chr1	163311118	163311964	DNA/TcMar-Tigger	14091	-	423	163311541	66029
chr1	57953272	58153272	harbor1	chr1	58028150	58028792	DNA/TcMar-Tigger	3595	-	321	58028471	75199
chr1	63234272	63434272	harbor1	chr1	63301941	63302029	DNA/TcMar-Tigger	565	-	44	63301985	67713
chr1	63234272	63434272	harbor1	chr1	63302028	63302209	DNA/TcMar-Tigger	1265	-	90	63302118	67846
chr1	63234272	63434272	harbor1	chr1	63302378	63302668	DNA/TcMar-Tigger	1519	-	145	63302523	68251
chr1	147973195	148173195	harbor1	chr1	148006470	148006638	DNA/TcMar-Tigger	1023	-	84	148006554	33359
chr1	147973195	148173195	harbor1	chr1	148006637	148006718	DNA/TcMar-Tigger	2103	-	40	148006677	33482
chr1	147973195	148173195	harbor1	chr1	148007017	148007077	DNA/TcMar-Tigger	2103	-	30	148007047	33852
chr1	147973195	148173195	harbor1	chr1	148007800	148008097	DNA/TcMar-Tigger	2103	-	148	148007948	34753
chr1	176884080	177084080	harbor1	chr1	176910562	176910703	DNA/TcMar-Tigger	839	-	70	176910632	26552
chr1	176884080	177084080	harbor1	chr1	176911034	176912059	DNA/TcMar-Tigger	6029	-	512	176911546	27466
chr1	176884080	177084080	harbor1	chr1	176971900	176972231	DNA/TcMar-Tigger	1991	-	166	176972066	87986
chr1	176884080	177084080	harbor1	chr1	176975944	176976208	DNA/TcMar-Tigger	460	-	132	176976076	91996
chr1	243362060	243562060	harbor1	chr1	243369704	243370864	DNA/TcMar-Tigger	1820	-	580	243370284	8224
chr1	243362060	243562060	harbor1	chr1	243445575	243446168	DNA/TcMar-Tigger	1575	-	296	243445871	83811
chr1	180386978	180586978	harbor1	chr1	180406194	180406421	DNA/TcMar-Tigger	1078	-	114	180406308	19330
chr1	180386978	180586978	harbor1	chr1	180421879	180422199	DNA/TcMar-Tigger	6477	-	160	180422039	35061
chr1	180386978	180586978	harbor1	chr1	180422508	180423284	DNA/TcMar-Tigger	6477	-	388	180422896	35918
chr1	180386978	180586978	harbor1	chr1	180477007	180477104	DNA/TcMar-Tigger	628	-	48	180477055	90077
chr1	180386978	180586978	harbor1	chr1	180477116	180477301	DNA/TcMar-Tigger	871	-	92	180477208	90230
chr1	180386978	180586978	harbor1	chr1	180419525	180421023	DNA/TcMar-Tigger	8860	-	749	180420274	33296
chr1	12327930	12527930	harbor1	chr1	12419783	12420054	DNA/TcMar-Tigger	1246	-	136	12419919	91989
chr1	29824900	30024900	harbor1	chr1	29848171	29848437	DNA/TcMar-Tigger	1575	-	133	29848304	23404
chr1	29824900	30024900	harbor1	chr1	29849019	29849101	DNA/TcMar-Tigger	438	-	41	29849060	24160
chr1	29824900	30024900	harbor1	chr1	29854556	29855051	DNA/TcMar-Tigger	2095	-	248	29854804	29904
chr1	29824900	30024900	harbor1	chr1	29877275	29877718	DNA/TcMar-Tigger	2043	-	222	29877497	52597
chr1	198909367	199109367	harbor1	chr1	198956184	198956531	DNA/TcMar-Tigger	2065	-	174	198956358	46991
chr1	198909367	199109367	harbor1	chr1	198957817	198958231	DNA/TcMar-Tigger	2114	-	207	198958024	48657
chr1	198909367	199109367	harbor1	chr1	198958230	198960227	DNA/TcMar-Tigger	12655	-	998	198959228	49861
chr1	198909367	199109367	harbor1	chr1	198987815	198988159	DNA/TcMar-Tigger	1693	-	172	198987987	78620
chr1	91339465	91539465	harbor1	chr1	91437465	91437630	DNA/TcMar-Tigger	1598	-	82	91437547	98082
chr1	91339465	91539465	harbor1	chr1	91437682	91437843	DNA/TcMar-Tigger	1598	-	80	91437762	98297
chr1	161019032	161219032	harbor1	chr1	161094100	161094188	DNA/TcMar-Tigger	504	-	44	161094144	75112
chr1	161019032	161219032	harbor1	chr1	161094191	161094289	DNA/TcMar-Tigger	489	-	49	161094240	75208
chr1	161019032	161219032	harbor1	chr1	161094600	161094633	DNA/TcMar-Tigger	489	-	16	161094616	75584
chr1	93356745	93556745	harbor1	chr1	93366476	93366718	DNA/TcMar-Tigger	1388	-	121	93366597	9852
chr1	93356745	93556745	harbor1	chr1	93367174	93367731	DNA/TcMar-Tigger	3496	-	278	93367452	10707
chr1	93356745	93556745	harbor1	chr1	93368033	93368055	DNA/TcMar-Tigger	3496	-	11	93368044	11299
chr1	81043063	81243063	harbor1	chr1	81047829	81048015	DNA/TcMar-Tigger	439	-	93	81047922	4859
chr1	81043063	81243063	harbor1	chr1	81048687	81048767	DNA/TcMar-Tigger	439	-	40	81048727	5664
chr1	167197897	167397897	harbor1	chr1	167206947	167207560	DNA/TcMar-Tigger	1059	-	306	167207253	9356
chr1	167197897	167397897	harbor1	chr1	167232020	167232230	DNA/TcMar-Tigger	766	-	105	167232125	34228
chr1	64621335	64821335	harbor1	chr1	64632826	64633245	DNA/TcMar-Tigger	2112	-	210	64633036	11701
chr1	210239567	210439567	harbor1	chr1	210273292	210274100	DNA/TcMar-Tigger	6392	-	404	210273696	34129
chr1	210239567	210439567	harbor1	chr1	210274414	210274829	DNA/TcMar-Tigger	6392	-	208	210274622	35055
chr1	208585659	208785659	harbor1	chr1	208591171	208591423	DNA/TcMar-Tigger	1035	-	126	208591297	5638
chr1	208585659	208785659	harbor1	chr1	208592157	208592803	DNA/TcMar-Tigger	3054	-	323	208592480	6821
chr1	100433486	100633486	harbor1	chr1	100522036	100522369	DNA/TcMar-Tigger	1964	-	166	100522202	88716
chr1	75520638	75720638	harbor1	chr1	75618523	75618788	DNA/TcMar-Tigger	1720	-	132	75618655	98017
chr1	75520638	75720638	harbor1	chr1	75619274	75619373	DNA/TcMar-Tigger	545	-	50	75619324	98686
chr1	101073825	101273825	harbor1	chr1	101091540	101093882	DNA/TcMar-Tigger	15304	-	1171	101092711	18886
chr1	85034057	85234057	harbor1	chr1	85074656	85074915	DNA/TcMar-Tigger	1412	-	130	85074786	40729
chr1	84880410	85080410	harbor1	chr1	84921695	84922038	DNA/TcMar-Tigger	2463	-	172	84921867	41457
chr1	84880410	85080410	harbor1	chr1	84946454	84946684	DNA/TcMar-Tigger	1371	-	115	84946569	66159
chr1	57200868	57400868	harbor1	chr1	57248004	57248349	DNA/TcMar-Tigger	1211	-	172	57248176	47308
chr1	57200868	57400868	harbor1	chr1	57279170	57279472	DNA/TcMar-Tigger	1044	-	151	57279321	78453
chr1	213370308	213570308	harbor1	chr1	213452839	213453049	DNA/TcMar-Tigger	546	-	105	213452944	82636
chr1	213370308	213570308	harbor1	chr1	213457790	213457905	DNA/TcMar-Tigger	464	-	58	213457848	87540
chr1	213370308	213570308	harbor1	chr1	213468164	213468578	DNA/TcMar-Tigger	1071	-	207	213468371	98063
chr1	151380398	151580398	harbor1	chr1	151420888	151421207	DNA/TcMar-Tigger	1530	-	160	151421048	40650
chr1	74821167	75021167	harbor1	chr1	74827130	74827657	DNA/TcMar-Tigger	2845	-	264	74827394	6227
chr1	111776442	111976442	harbor1	chr1	111826886	111827110	DNA/TcMar-Tigger	1375	-	112	111826998	50556
chr1	182483020	182683020	harbor1	chr1	182546260	182546397	DNA/TcMar-Tigger	949	-	68	182546328	63308
chr1	182483020	182683020	harbor1	chr1	182546691	182547050	DNA/TcMar-Tigger	949	-	180	182546871	63851
chr1	215877363	216077363	harbor1	chr1	215895744	215896074	DNA/TcMar-Tigger	2003	-	165	215895909	18546
chr1	215877363	216077363	harbor1	chr1	215973253	215973626	DNA/TcMar-Tigger	897	-	186	215973439	96076
chr1	62586261	62786261	harbor1	chr1	62611301	62611522	DNA/TcMar-Tigger	1147	-	110	62611411	25150
chr1	62586261	62786261	harbor1	chr1	62629701	62630022	DNA/TcMar-Tigger	3193	-	160	62629861	43600
chr1	62586261	62786261	harbor1	chr1	62630464	62630737	DNA/TcMar-Tigger	3193	-	136	62630600	44339
chr1	62586261	62786261	harbor1	chr1	62619355	62619694	DNA/TcMar-Tigger	1666	-	170	62619525	33264
chr1	18277025	18477025	harbor1	chr1	18297575	18297895	DNA/TcMar-Tigger	1534	-	160	18297735	20710
chr1	18277025	18477025	harbor1	chr1	18328139	18328504	DNA/TcMar-Tigger	2184	-	182	18328321	51296
chr1	73772867	73972867	harbor1	chr1	73847677	73847759	DNA/TcMar-Tigger	1349	-	41	73847718	74851
chr1	73772867	73972867	harbor1	chr1	73848104	73848339	DNA/TcMar-Tigger	1349	-	118	73848222	75355
chr1	105994443	106194443	harbor1	chr1	106039305	106039413	DNA/TcMar-Tigger	453	-	54	106039359	44916
chr1	105994443	106194443	harbor1	chr1	106040473	106040867	DNA/TcMar-Tigger	1445	-	197	106040670	46227
chr1	105994443	106194443	harbor1	chr1	106082921	106082945	DNA/TcMar-Tigger	4824	-	12	106082933	88490
chr1	105994443	106194443	harbor1	chr1	106083243	106084251	DNA/TcMar-Tigger	4824	-	504	106083747	89304
chr1	238425333	238625333	harbor1	chr1	238459487	238459908	DNA/TcMar-Tigger	2536	-	210	238459697	34364
chr1	238425333	238625333	harbor1	chr1	238459899	238459969	DNA/TcMar-Tigger	441	-	35	238459934	34601
chr1	238425333	238625333	harbor1	chr1	238462517	238462611	DNA/TcMar-Tigger	423	-	47	238462564	37231
chr1	238425333	238625333	harbor1	chr1	238462615	238462885	DNA/TcMar-Tigger	1399	-	135	238462750	37417
chr1	238425333	238625333	harbor1	chr1	238478493	238478579	DNA/TcMar-Tigger	426	-	43	238478536	53203
chr1	211077993	211277993	harbor1	chr1	211101822	211102225	DNA/TcMar-Tigger	473	-	202	211102024	24031
chr1	211077993	211277993	harbor1	chr1	211177808	211178154	DNA/TcMar-Tigger	2415	-	173	211177981	99988
chr1	113898330	114098330	harbor1	chr1	113970280	113970518	DNA/TcMar-Tigger	413	-	119	113970399	72069
chr1	37338604	37538604	harbor1	chr1	37420839	37421065	DNA/TcMar-Tigger	1113	-	113	37420952	82348
chr1	1820966	2020966	harbor1	chr1	1857670	1857934	DNA/TcMar-Tigger	1152	-	132	1857802	36836
chr1	240566678	240766678	harbor1	chr1	240594741	240595037	DNA/TcMar-Tigger	1201	-	148	240594889	28211
chr1	240566678	240766678	harbor1	chr1	240626293	240626511	DNA/TcMar-Tigger	1042	-	109	240626402	59724
chr1	180571269	180771269	harbor1	chr1	180647278	180647483	DNA/TcMar-Tigger	978	-	102	180647380	76111
chr1	180571269	180771269	harbor1	chr1	180653520	180654012	DNA/TcMar-Tigger	2565	-	246	180653766	82497
chr1	180571269	180771269	harbor1	chr1	180669669	180669977	DNA/TcMar-Tigger	1881	-	154	180669823	98554
chr1	226469013	226669013	harbor1	chr1	226528997	226529305	DNA/TcMar-Tigger	1716	-	154	226529151	60138
chr1	226469013	226669013	harbor1	chr1	226567304	226567496	DNA/TcMar-Tigger	722	-	96	226567400	98387
chr1	243644433	243844433	harbor1	chr1	243666642	243667167	DNA/TcMar-Tigger	1850	-	262	243666904	22471
chr1	243644433	243844433	harbor1	chr1	243733606	243733818	DNA/TcMar-Tigger	984	-	106	243733712	89279
chr1	243644433	243844433	harbor1	chr1	243733811	243733945	DNA/TcMar-Tigger	804	-	67	243733878	89445
chr1	243644433	243844433	harbor1	chr1	243734341	243735436	DNA/TcMar-Tigger	6023	-	548	243734889	90456
chr2	61372449	61572449	harbor1	chr2	61373681	61373774	DNA/TcMar-Tigger	547	-	46	61373727	1278
chr2	61372449	61572449	harbor1	chr2	61421502	61421782	DNA/TcMar-Tigger	745	-	140	61421642	49193
chr2	61372449	61572449	harbor1	chr2	61424189	61424411	DNA/TcMar-Tigger	1203	-	111	61424300	51851
chr2	77655199	77855199	harbor1	chr2	77735494	77735666	DNA/TcMar-Tigger	646	-	86	77735580	80381
chr2	227169988	227369988	harbor1	chr2	227256838	227257143	DNA/TcMar-Tigger	1686	-	152	227256990	87002
chr2	6170728	6370728	harbor1	chr2	6176986	6177318	DNA/TcMar-Tigger	1669	-	166	6177152	6424
chr2	167134294	167334294	harbor1	chr2	167134574	167135050	DNA/TcMar-Tigger	2025	-	238	167134812	518
chr2	46774189	46974189	harbor1	chr2	46795451	46795657	DNA/TcMar-Tigger	1032	-	103	46795554	21365
chr2	51912419	52112419	harbor1	chr2	51925053	51925373	DNA/TcMar-Tigger	1762	-	160	51925213	12794
chr2	8525035	8725035	harbor1	chr2	8558747	8558825	DNA/TcMar-Tigger	456	-	39	8558786	33751
chr2	8525035	8725035	harbor1	chr2	8558820	8559051	DNA/TcMar-Tigger	1185	-	116	8558936	33901
chr2	228757478	228957478	harbor1	chr2	228842096	228842420	DNA/TcMar-Tigger	1782	-	162	228842258	84780
chr2	196739891	196939891	harbor1	chr2	196745820	196746141	DNA/TcMar-Tigger	1737	-	160	196745980	6089
chr2	151693818	151893818	harbor1	chr2	151740976	151741292	DNA/TcMar-Tigger	1360	-	158	151741134	47316
chr2	151693818	151893818	harbor1	chr2	151784054	151784370	DNA/TcMar-Tigger	1508	-	158	151784212	90394
chr2	151693818	151893818	harbor1	chr2	151793279	151793497	DNA/TcMar-Tigger	2676	-	109	151793388	99570
chr2	151693818	151893818	harbor1	chr2	151793610	151793924	DNA/TcMar-Tigger	2676	-	157	151793767	99949
chr2	111387730	111587730	harbor1	chr2	111426276	111426668	DNA/TcMar-Tigger	1705	-	196	111426472	38742
chr2	48504407	48704407	harbor1	chr2	48569761	48569954	DNA/TcMar-Tigger	859	-	96	48569857	65450
chr2	219367382	219567382	harbor1	chr2	219370854	219371001	DNA/TcMar-Tigger	1588	-	74	219370928	3546
chr2	219367382	219567382	harbor1	chr2	219371280	219371486	DNA/TcMar-Tigger	1588	-	103	219371383	4001
chr2	123804371	124004371	harbor1	chr2	123816991	123817140	DNA/TcMar-Tigger	446	-	74	123817065	12694
chr2	123804371	124004371	harbor1	chr2	123866378	123866513	DNA/TcMar-Tigger	760	-	68	123866446	62075
chr2	123804371	124004371	harbor1	chr2	123867114	123867332	DNA/TcMar-Tigger	1123	-	109	123867223	62852
chr2	182098878	182298878	harbor1	chr2	182101207	182101369	DNA/TcMar-Tigger	418	-	81	182101288	2410
chr2	104968275	105168275	harbor1	chr2	105034095	105035134	DNA/TcMar-Tigger	6476	-	520	105034615	66340
chr2	104968275	105168275	harbor1	chr2	105035596	105035724	DNA/TcMar-Tigger	6476	-	64	105035660	67385
chr2	104968275	105168275	harbor1	chr2	105039987	105040162	DNA/TcMar-Tigger	625	-	88	105040075	71800
chr2	131662940	131862940	harbor1	chr2	131704056	131704165	DNA/TcMar-Tigger	645	-	54	131704110	41170
chr2	131662940	131862940	harbor1	chr2	131705430	131705658	DNA/TcMar-Tigger	1529	-	114	131705544	42604
chr2	228621887	228821887	harbor1	chr2	228637811	228638305	DNA/TcMar-Tigger	2257	-	247	228638058	16171
chr2	228621887	228821887	harbor1	chr2	228688081	228688373	DNA/TcMar-Tigger	1483	-	146	228688227	66340
chr2	206499367	206699367	harbor1	chr2	206573236	206573975	DNA/TcMar-Tigger	4669	-	370	206573606	74239
chr2	206499367	206699367	harbor1	chr2	206574056	206574181	DNA/TcMar-Tigger	754	-	62	206574118	74751
chr2	206499367	206699367	harbor1	chr2	206574177	206574259	DNA/TcMar-Tigger	505	-	41	206574218	74851
chr2	16903119	17103119	harbor1	chr2	16909969	16910390	DNA/TcMar-Tigger	2115	-	210	16910179	7060
chr2	16903119	17103119	harbor1	chr2	16917210	16917355	DNA/TcMar-Tigger	728	-	72	16917282	14163
chr2	16903119	17103119	harbor1	chr2	16917540	16917716	DNA/TcMar-Tigger	998	-	88	16917628	14509
chr2	189955639	190155639	harbor1	chr2	189962930	189963194	DNA/TcMar-Tigger	12206	-	132	189963062	7423
chr2	189955639	190155639	harbor1	chr2	189963495	189963764	DNA/TcMar-Tigger	12206	-	134	189963629	7990
chr2	189955639	190155639	harbor1	chr2	189964044	189965415	DNA/TcMar-Tigger	12206	-	686	189964730	9091
chr2	189955639	190155639	harbor1	chr2	189966346	189966461	DNA/TcMar-Tigger	671	-	58	189966404	10765
chr2	22832731	23032731	harbor1	chr2	22888912	22889242	DNA/TcMar-Tigger	1949	-	165	22889077	56346
chr2	228468482	228668482	harbor1	chr2	228493706	228493912	DNA/TcMar-Tigger	947	-	103	228493809	25327
chr2	228468482	228668482	harbor1	chr2	228561126	228561576	DNA/TcMar-Tigger	534	-	225	228561351	92869
chr2	31347144	31547144	harbor1	chr2	31395901	31396186	DNA/TcMar-Tigger	833	-	142	31396043	48899
chr2	18775325	18975325	harbor1	chr2	18830483	18830825	DNA/TcMar-Tigger	1719	-	171	18830654	55329
chr2	11573956	11773956	harbor1	chr2	11606045	11606282	DNA/TcMar-Tigger	1175	-	118	11606163	32207
chr2	11573956	11773956	harbor1	chr2	11656346	11656511	DNA/TcMar-Tigger	769	-	82	11656428	82472
chr2	11573956	11773956	harbor1	chr2	11656549	11656564	DNA/TcMar-Tigger	769	-	8	11656557	82601
chr2	169953247	170153247	harbor1	chr2	169965373	169965864	DNA/TcMar-Tigger	2736	-	246	169965619	12372
chr2	169953247	170153247	harbor1	chr2	170049017	170049459	DNA/TcMar-Tigger	2299	-	221	170049238	95991
chr2	169953247	170153247	harbor1	chr2	170050877	170051212	DNA/TcMar-Tigger	2092	-	168	170051045	97798
chr2	180103780	180303780	harbor1	chr2	180127794	180127861	DNA/TcMar-Tigger	1003	-	34	180127828	24048
chr2	180103780	180303780	harbor1	chr2	180127862	180130240	DNA/TcMar-Tigger	15207	-	1189	180129051	25271
chr2	180103780	180303780	harbor1	chr2	180130241	180130412	DNA/TcMar-Tigger	1003	-	86	180130327	26547
chr2	34598659	34798659	harbor1	chr2	34684748	34684972	DNA/TcMar-Tigger	1180	-	112	34684860	86201
chr2	142863623	143063623	harbor1	chr2	142918834	142919166	DNA/TcMar-Tigger	1908	-	166	142919000	55377
chr2	142863623	143063623	harbor1	chr2	142944794	142945745	DNA/TcMar-Tigger	8617	-	476	142945270	81647
chr2	142863623	143063623	harbor1	chr2	142946040	142946071	DNA/TcMar-Tigger	8617	-	16	142946056	82433
chr2	142863623	143063623	harbor1	chr2	142946360	142946968	DNA/TcMar-Tigger	8617	-	304	142946664	83041
chr2	142863623	143063623	harbor1	chr2	142948186	142948402	DNA/TcMar-Tigger	4772	-	108	142948294	84671
chr2	142863623	143063623	harbor1	chr2	142950679	142951255	DNA/TcMar-Tigger	4772	-	288	142950967	87344
chr2	45392992	45592992	harbor1	chr2	45401556	45401841	DNA/TcMar-Tigger	428	-	142	45401698	8706
chr2	45392992	45592992	harbor1	chr2	45465051	45465385	DNA/TcMar-Tigger	1908	-	167	45465218	72226
chr2	45392992	45592992	harbor1	chr2	45482741	45482942	DNA/TcMar-Tigger	1265	-	100	45482841	89849
chr2	225119816	225319816	harbor1	chr2	225180204	225180602	DNA/TcMar-Tigger	2473	-	199	225180403	60587
chr2	225119816	225319816	harbor1	chr2	225180590	225180665	DNA/TcMar-Tigger	444	-	38	225180628	60812
chr2	217859532	218059532	harbor1	chr2	217896669	217897037	DNA/TcMar-Tigger	1059	-	184	217896853	37321
chr2	30065287	30265287	harbor1	chr2	30094838	30095148	DNA/TcMar-Tigger	1265	-	155	30094993	29706
chr2	30065287	30265287	harbor1	chr2	30095679	30095933	DNA/TcMar-Tigger	1236	-	127	30095806	30519
chr2	30065287	30265287	harbor1	chr2	30110520	30110610	DNA/TcMar-Tigger	555	-	45	30110565	45278
chr2	30065287	30265287	harbor1	chr2	30110932	30111154	DNA/TcMar-Tigger	1049	-	111	30111043	45756
chr2	30065287	30265287	harbor1	chr2	30136774	30136878	DNA/TcMar-Tigger	682	-	52	30136826	71539
chr2	30065287	30265287	harbor1	chr2	30136880	30137084	DNA/TcMar-Tigger	703	-	102	30136982	71695
chr2	143626257	143826257	harbor1	chr2	143674577	143676961	DNA/TcMar-Tigger	14503	-	1192	143675769	49512
chr2	197297994	197497994	harbor1	chr2	197340130	197340413	DNA/TcMar-Tigger	2174	-	142	197340272	42278
chr2	197297994	197497994	harbor1	chr2	197340708	197340786	DNA/TcMar-Tigger	2174	-	39	197340747	42753
chr2	214653290	214853290	harbor1	chr2	214676542	214677041	DNA/TcMar-Tigger	3321	-	250	214676792	23502
chr2	214653290	214853290	harbor1	chr2	214729094	214729439	DNA/TcMar-Tigger	2018	-	172	214729266	75976
chr2	214653290	214853290	harbor1	chr2	214733204	214733541	DNA/TcMar-Tigger	1438	-	168	214733372	80082
chr2	214653290	214853290	harbor1	chr2	214734889	214735533	DNA/TcMar-Tigger	3008	-	322	214735211	81921
chr2	177463313	177663313	harbor1	chr2	177508746	177508947	DNA/TcMar-Tigger	860	-	100	177508846	45533
chr2	233118757	233318757	harbor1	chr2	233172675	233172926	DNA/TcMar-Tigger	6059	-	126	233172801	54044
chr2	233118757	233318757	harbor1	chr2	233173231	233173649	DNA/TcMar-Tigger	6059	-	209	233173440	54683
chr2	233118757	233318757	harbor1	chr2	233173949	233174424	DNA/TcMar-Tigger	6059	-	238	233174187	55430
chr2	214443970	214643970	harbor1	chr2	214495934	214496304	DNA/TcMar-Tigger	1568	-	185	214496119	52149
chr2	229108911	229308911	harbor1	chr2	229120154	229120591	DNA/TcMar-Tigger	2356	-	218	229120372	11461
chr2	3731648	3931648	harbor1	chr2	3831251	3831598	DNA/TcMar-Tigger	1699	-	174	3831425	99777
chr2	61144459	61344459	harbor1	chr2	61225607	61225954	DNA/TcMar-Tigger	1991	-	174	61225781	81322
chr2	61144459	61344459	harbor1	chr2	61226127	61226433	DNA/TcMar-Tigger	1458	-	153	61226280	81821
chr2	110650625	110850625	harbor1	chr2	110726967	110728212	DNA/TcMar-Tigger	6567	-	622	110727589	76964
chr2	19182034	19382034	harbor1	chr2	19198825	19199335	DNA/TcMar-Tigger	3077	-	255	19199080	17046
chr2	19182034	19382034	harbor1	chr2	19199334	19199490	DNA/TcMar-Tigger	703	-	78	19199412	17378
chr2	19182034	19382034	harbor1	chr2	19242520	19243109	DNA/TcMar-Tigger	1858	-	294	19242814	60780
chr2	34046236	34246236	harbor1	chr2	34062337	34062768	DNA/TcMar-Tigger	2674	-	216	34062553	16317
chr2	34046236	34246236	harbor1	chr2	34063798	34064491	DNA/TcMar-Tigger	3934	-	346	34064144	17908
chr2	34046236	34246236	harbor1	chr2	34090942	34091605	DNA/TcMar-Tigger	3492	-	332	34091274	45038
chr2	34046236	34246236	harbor1	chr2	34061865	34062339	DNA/TcMar-Tigger	2797	-	237	34062102	15866
chr2	189501373	189701373	harbor1	chr2	189597998	189598394	DNA/TcMar-Tigger	1938	-	198	189598196	96823
chr2	37675894	37875894	harbor1	chr2	37692716	37692837	DNA/TcMar-Tigger	494	-	60	37692776	16882
chr2	37675894	37875894	harbor1	chr2	37713311	37713404	DNA/TcMar-Tigger	463	-	46	37713357	37463
chr2	37675894	37875894	harbor1	chr2	37713409	37713664	DNA/TcMar-Tigger	1430	-	128	37713537	37643
chr2	179578651	179778651	harbor1	chr2	179674989	179675418	DNA/TcMar-Tigger	2239	-	214	179675203	96552
chr2	199086750	199286750	harbor1	chr2	199097568	199097922	DNA/TcMar-Tigger	2056	-	177	199097745	10995
chr2	190575386	190775386	harbor1	chr2	190621119	190621476	DNA/TcMar-Tigger	2066	-	178	190621297	45911
chr2	190575386	190775386	harbor1	chr2	190668777	190669301	DNA/TcMar-Tigger	2835	-	262	190669039	93653
chr2	190597983	190797983	harbor1	chr2	190621119	190621476	DNA/TcMar-Tigger	2066	-	178	190621297	23314
chr2	190597983	190797983	harbor1	chr2	190668777	190669301	DNA/TcMar-Tigger	2835	-	262	190669039	71056
chr2	15138323	15338323	harbor1	chr2	15176567	15176791	DNA/TcMar-Tigger	1071	-	112	15176679	38356
chr2	45233566	45433566	harbor1	chr2	45265149	45265391	DNA/TcMar-Tigger	419	-	121	45265270	31704
chr2	54040615	54240615	harbor1	chr2	54050051	54050134	DNA/TcMar-Tigger	504	-	42	54050093	9478
chr2	54040615	54240615	harbor1	chr2	54050168	54050260	DNA/TcMar-Tigger	427	-	46	54050214	9599
chr2	54040615	54240615	harbor1	chr2	54113012	54113240	DNA/TcMar-Tigger	1105	-	114	54113126	72511
chr2	54040615	54240615	harbor1	chr2	54113540	54113624	DNA/TcMar-Tigger	1105	-	42	54113582	72967
chr2	54040615	54240615	harbor1	chr2	54134742	54135370	DNA/TcMar-Tigger	3214	-	314	54135056	94441
chr2	191969839	192169839	harbor1	chr2	192041781	192041927	DNA/TcMar-Tigger	1805	-	73	192041854	72015
chr2	191969839	192169839	harbor1	chr2	192042213	192042433	DNA/TcMar-Tigger	1805	-	110	192042323	72484
chr2	18220720	18420720	harbor1	chr2	18256712	18256816	DNA/TcMar-Tigger	442	-	52	18256764	36044
chr2	102050179	102250179	harbor1	chr2	102086958	102087488	DNA/TcMar-Tigger	15187	-	265	102087223	37044
chr2	102050179	102250179	harbor1	chr2	102087841	102089669	DNA/TcMar-Tigger	15187	-	914	102088755	38576
chr2	2388272	2588272	harbor1	chr2	2416063	2416500	DNA/TcMar-Tigger	1974	-	218	2416281	28009
chr2	186354208	186554208	harbor1	chr2	186428494	186428676	DNA/TcMar-Tigger	1248	-	91	186428585	74377
chr2	223999586	224199586	harbor1	chr2	224019080	224019378	DNA/TcMar-Tigger	1362	-	149	224019229	19643
chr2	223999586	224199586	harbor1	chr2	224055810	224056243	DNA/TcMar-Tigger	2568	-	216	224056026	56440
chr2	223999586	224199586	harbor1	chr2	224056221	224056434	DNA/TcMar-Tigger	1352	-	106	224056327	56741
chr2	223999586	224199586	harbor1	chr2	224056435	224056607	DNA/TcMar-Tigger	1015	-	86	224056521	56935
chr2	166610858	166810858	harbor1	chr2	166684383	166684721	DNA/TcMar-Tigger	1808	-	169	166684552	73694
chr2	228586400	228786400	harbor1	chr2	228637811	228638305	DNA/TcMar-Tigger	2257	-	247	228638058	51658
chr2	54060360	54260360	harbor1	chr2	54113012	54113240	DNA/TcMar-Tigger	1105	-	114	54113126	52766
chr2	54060360	54260360	harbor1	chr2	54113540	54113624	DNA/TcMar-Tigger	1105	-	42	54113582	53222
chr2	54060360	54260360	harbor1	chr2	54134742	54135370	DNA/TcMar-Tigger	3214	-	314	54135056	74696
chr2	200956	400956	harbor1	chr2	266505	267206	DNA/TcMar-Tigger	3867	-	350	266855	65899
chr2	200956	400956	harbor1	chr2	291043	291250	DNA/TcMar-Tigger	900	-	104	291147	90191
chr2	200956	400956	harbor1	chr2	212375	213301	DNA/TcMar-Tigger	6366	-	463	212838	11882
chr2	130227564	130427564	harbor1	chr2	130257180	130257536	DNA/TcMar-Tigger	2023	-	178	130257358	29794
chr2	130227564	130427564	harbor1	chr2	130289757	130289959	DNA/TcMar-Tigger	13667	-	101	130289858	62294
chr2	130227564	130427564	harbor1	chr2	130290270	130290725	DNA/TcMar-Tigger	13667	-	228	130290498	62934
chr2	130227564	130427564	harbor1	chr2	130291030	130292130	DNA/TcMar-Tigger	13667	-	550	130291580	64016
chr2	130227564	130427564	harbor1	chr2	130292443	130293124	DNA/TcMar-Tigger	13667	-	340	130292783	65219
chr2	130227564	130427564	harbor1	chr2	130319683	130319952	DNA/TcMar-Tigger	1335	-	134	130319817	92253
chr2	6687245	6887245	harbor1	chr2	6695845	6696459	DNA/TcMar-Tigger	3364	-	307	6696152	8907
chr2	6687245	6887245	harbor1	chr2	6696457	6696588	DNA/TcMar-Tigger	492	-	66	6696523	9278
chr2	6687245	6887245	harbor1	chr2	6743540	6743855	DNA/TcMar-Tigger	1705	-	158	6743698	56453
chr2	180469937	180669937	harbor1	chr2	180506868	180507590	DNA/TcMar-Tigger	4194	-	361	180507229	37292
chr2	180469937	180669937	harbor1	chr2	180507587	180507689	DNA/TcMar-Tigger	512	-	51	180507638	37701
chr2	99244365	99444365	harbor1	chr2	99282027	99282271	DNA/TcMar-Tigger	1520	-	122	99282149	37784
chr2	99244365	99444365	harbor1	chr2	99334381	99334638	DNA/TcMar-Tigger	1393	-	128	99334509	90144
chr2	95595556	95795556	harbor1	chr2	95600039	95600183	DNA/TcMar-Tigger	696	-	72	95600111	4555
chr2	95595556	95795556	harbor1	chr2	95637214	95637562	DNA/TcMar-Tigger	1734	-	174	95637388	41832
chr2	95595556	95795556	harbor1	chr2	95673123	95673827	DNA/TcMar-Tigger	1053	-	352	95673475	77919
chr2	60543293	60743293	harbor1	chr2	60588452	60588600	DNA/TcMar-Tigger	937	-	74	60588526	45233
chr2	60543293	60743293	harbor1	chr2	60588903	60589087	DNA/TcMar-Tigger	1245	-	92	60588995	45702
chr2	48912957	49112957	harbor1	chr2	48996308	48996885	DNA/TcMar-Tigger	2423	-	288	48996596	83639
chr2	168090572	168290572	harbor1	chr2	168141239	168141470	DNA/TcMar-Tigger	1026	-	116	168141355	50783
chr2	22174284	22374284	harbor1	chr2	22189074	22189140	DNA/TcMar-Tigger	520	-	33	22189107	14823
chr2	22174284	22374284	harbor1	chr2	22189399	22189517	DNA/TcMar-Tigger	520	-	59	22189458	15174
chr2	45738140	45938140	harbor1	chr2	45788149	45788763	DNA/TcMar-Tigger	1177	-	307	45788456	50316
chr2	45738140	45938140	harbor1	chr2	45790442	45790621	DNA/TcMar-Tigger	483	-	90	45790532	52392
chr2	45738140	45938140	harbor1	chr2	45826217	45826546	DNA/TcMar-Tigger	1158	-	164	45826381	88241
chr2	164279231	164479231	harbor1	chr2	164365958	164366201	DNA/TcMar-Tigger	537	-	122	164366080	86849
chr2	234043830	234243830	harbor1	chr2	234057909	234058558	DNA/TcMar-Tigger	3753	-	324	234058233	14403
chr2	234043830	234243830	harbor1	chr2	234074614	234075278	DNA/TcMar-Tigger	3868	-	332	234074946	31116
chr2	234043830	234243830	harbor1	chr2	234099558	234099902	DNA/TcMar-Tigger	2019	-	172	234099730	55900
chr2	141435450	141635450	harbor1	chr2	141514598	141514922	DNA/TcMar-Tigger	1862	-	162	141514760	79310
chr2	33406391	33606391	harbor1	chr2	33467253	33467530	DNA/TcMar-Tigger	420	-	138	33467391	61000
chr2	133740922	133940922	harbor1	chr2	133751681	133751920	DNA/TcMar-Tigger	1233	-	120	133751801	10879
chr2	65955052	66155052	harbor1	chr2	66036197	66036517	DNA/TcMar-Tigger	1322	-	160	66036357	81305
chr2	65955052	66155052	harbor1	chr2	66052941	66053035	DNA/TcMar-Tigger	2854	-	47	66052988	97936
chr2	65955052	66155052	harbor1	chr2	66053437	66053777	DNA/TcMar-Tigger	2854	-	170	66053607	98555
chr2	113883993	114083993	harbor1	chr2	113901738	113901863	DNA/TcMar-Tigger	778	-	62	113901800	17807
chr2	113883993	114083993	harbor1	chr2	113949982	113950598	DNA/TcMar-Tigger	2659	-	308	113950290	66297
chr2	113883993	114083993	harbor1	chr2	113953274	113953484	DNA/TcMar-Tigger	1019	-	105	113953379	69386
chr2	24610513	24810513	harbor1	chr2	24645604	24645794	DNA/TcMar-Tigger	915	-	95	24645699	35186
chr2	24610513	24810513	harbor1	chr2	24650797	24651026	DNA/TcMar-Tigger	1349	-	114	24650911	40398
chr2	24610513	24810513	harbor1	chr2	24671278	24671375	DNA/TcMar-Tigger	668	-	48	24671326	60813
chr2	24610513	24810513	harbor1	chr2	24671529	24671572	DNA/TcMar-Tigger	1005	-	22	24671551	61038
chr2	24610513	24810513	harbor1	chr2	24671864	24672049	DNA/TcMar-Tigger	1005	-	92	24671956	61443
chr2	124622456	124822456	harbor1	chr2	124648970	124649442	DNA/TcMar-Tigger	1112	-	236	124649206	26750
chr2	124622456	124822456	harbor1	chr2	124660674	124660775	DNA/TcMar-Tigger	579	-	50	124660724	38268
chr2	124622456	124822456	harbor1	chr2	124660985	124661861	DNA/TcMar-Tigger	4288	-	438	124661423	38967
chr2	124622456	124822456	harbor1	chr2	124662399	124662479	DNA/TcMar-Tigger	4288	-	40	124662439	39983
chr2	191323087	191523087	harbor1	chr2	191404589	191406851	DNA/TcMar-Tigger	14031	-	1131	191405720	82633
chr2	191323087	191523087	harbor1	chr2	191413196	191413466	DNA/TcMar-Tigger	1603	-	135	191413331	90244
chr2	191323087	191523087	harbor1	chr2	191423036	191423102	DNA/TcMar-Tigger	790	-	33	191423069	99982
chr2	201166303	201366303	harbor1	chr2	201197277	201197332	DNA/TcMar-Tigger	832	-	28	201197305	31002
chr2	201166303	201366303	harbor1	chr2	201197633	201197729	DNA/TcMar-Tigger	832	-	48	201197681	31378
chr2	138166622	138366622	harbor1	chr2	138203684	138203728	DNA/TcMar-Tigger	1919	-	22	138203706	37084
chr2	138166622	138366622	harbor1	chr2	138204007	138204024	DNA/TcMar-Tigger	1919	-	8	138204015	37393
chr2	138166622	138366622	harbor1	chr2	138206311	138206588	DNA/TcMar-Tigger	1919	-	138	138206449	39827
chr2	138166622	138366622	harbor1	chr2	138247283	138249700	DNA/TcMar-Tigger	13753	-	1208	138248491	81869
chr2	195349835	195549835	harbor1	chr2	195352302	195352841	DNA/TcMar-Tigger	1228	-	270	195352572	2737
chr2	195349835	195549835	harbor1	chr2	195385402	195385910	DNA/TcMar-Tigger	2731	-	254	195385656	35821
chr2	132720014	132920014	harbor1	chr2	132776645	132776923	DNA/TcMar-Tigger	447	-	139	132776784	56770
chr2	132720014	132920014	harbor1	chr2	132790293	132790630	DNA/TcMar-Tigger	1824	-	168	132790461	70447
chr2	149035773	149235773	harbor1	chr2	149106911	149107493	DNA/TcMar-Tigger	2462	-	291	149107202	71429
chr2	149035773	149235773	harbor1	chr2	149126252	149126685	DNA/TcMar-Tigger	2547	-	216	149126468	90695
chr2	128404235	128604235	harbor1	chr2	128495422	128495553	DNA/TcMar-Tigger	1534	-	66	128495488	91253
chr2	128404235	128604235	harbor1	chr2	128495855	128496048	DNA/TcMar-Tigger	1534	-	96	128495951	91716
chr2	111331440	111531440	harbor1	chr2	111331486	111331684	DNA/TcMar-Tigger	1135	-	99	111331585	145
chr2	111331440	111531440	harbor1	chr2	111426276	111426668	DNA/TcMar-Tigger	1705	-	196	111426472	95032
chr2	91802178	92002178	harbor1	chr2	91860326	91860580	DNA/TcMar-Tigger	1025	-	127	91860453	58275
chr2	91802178	92002178	harbor1	chr2	91876630	91876675	DNA/TcMar-Tigger	1322	-	22	91876652	74474
chr2	91802178	92002178	harbor1	chr2	91876958	91877175	DNA/TcMar-Tigger	1322	-	108	91877066	74888
chr2	194419706	194619706	harbor1	chr2	194429873	194429971	DNA/TcMar-Tigger	429	-	49	194429922	10216
chr2	194419706	194619706	harbor1	chr2	194514006	194514294	DNA/TcMar-Tigger	1138	-	144	194514150	94444
chr2	194419706	194619706	harbor1	chr2	194515540	194515756	DNA/TcMar-Tigger	1034	-	108	194515648	95942
chr2	211076998	211276998	harbor1	chr2	211102690	211102863	DNA/TcMar-Tigger	891	-	86	211102776	25778
chr2	54761079	54961079	harbor1	chr2	54784508	54785170	DNA/TcMar-Tigger	4505	-	331	54784839	23760
chr2	54761079	54961079	harbor1	chr2	54785483	54785925	DNA/TcMar-Tigger	4505	-	221	54785704	24625
chr2	54761079	54961079	harbor1	chr2	54797464	54797663	DNA/TcMar-Tigger	733	-	100	54797564	36485
chr2	57573476	57773476	harbor1	chr2	57574656	57574990	DNA/TcMar-Tigger	1857	-	167	57574823	1347
chr2	57573476	57773476	harbor1	chr2	57575717	57575815	DNA/TcMar-Tigger	462	-	49	57575766	2290
chr2	57573476	57773476	harbor1	chr2	57575814	57576080	DNA/TcMar-Tigger	1307	-	133	57575947	2471
chr2	57573476	57773476	harbor1	chr2	57663545	57663650	DNA/TcMar-Tigger	629	-	52	57663597	90121
chr2	57573476	57773476	harbor1	chr2	57663627	57663890	DNA/TcMar-Tigger	9834	-	132	57663759	90283
chr2	57573476	57773476	harbor1	chr2	57664178	57665607	DNA/TcMar-Tigger	9834	-	714	57664892	91416
chr2	197312438	197512438	harbor1	chr2	197340130	197340413	DNA/TcMar-Tigger	2174	-	142	197340272	27834
chr2	197312438	197512438	harbor1	chr2	197340708	197340786	DNA/TcMar-Tigger	2174	-	39	197340747	28309
chr2	165670113	165870113	harbor1	chr2	165745403	165745420	DNA/TcMar-Tigger	665	-	8	165745411	75298
chr2	165670113	165870113	harbor1	chr2	165745466	165745765	DNA/TcMar-Tigger	665	-	150	165745616	75503
chr2	90077554	90277554	harbor1	chr2	90116474	90116779	DNA/TcMar-Tigger	1544	-	152	90116626	39072
chr2	90077554	90277554	harbor1	chr2	90174502	90174795	DNA/TcMar-Tigger	1440	-	146	90174648	97094
chr2	28248505	28448505	harbor1	chr2	28292263	28292409	DNA/TcMar-Tigger	431	-	73	28292336	43831
chr2	2267415	2467415	harbor1	chr2	2367212	2367360	DNA/TcMar-Tigger	544	-	74	2367286	99871
chr2	127331616	127531616	harbor1	chr2	127355362	127356339	DNA/TcMar-Tigger	5486	-	488	127355850	24234
chr2	127331616	127531616	harbor1	chr2	127356345	127356491	DNA/TcMar-Tigger	765	-	73	127356418	24802
chr2	127331616	127531616	harbor1	chr2	127367943	127368039	DNA/TcMar-Tigger	1084	-	48	127367991	36375
chr2	127331616	127531616	harbor1	chr2	127368648	127368778	DNA/TcMar-Tigger	1084	-	65	127368713	37097
chr2	127331616	127531616	harbor1	chr2	127368910	127368945	DNA/TcMar-Tigger	1084	-	18	127368928	37312
chr2	127331616	127531616	harbor1	chr2	127369250	127369325	DNA/TcMar-Tigger	1084	-	38	127369288	37672
chr2	87028414	87228414	harbor1	chr2	87064038	87064635	DNA/TcMar-Tigger	717	-	298	87064336	35922
chr2	122163960	122363960	harbor1	chr2	122199843	122200003	DNA/TcMar-Tigger	1034	-	80	122199923	35963
chr2	122163960	122363960	harbor1	chr2	122199988	122200179	DNA/TcMar-Tigger	1141	-	96	122200084	36124
chr2	116212458	116412458	harbor1	chr2	116238731	116238808	DNA/TcMar-Tigger	424	-	38	116238769	26311
chr2	116212458	116412458	harbor1	chr2	116244442	116244865	DNA/TcMar-Tigger	2045	-	212	116244654	32196
chr2	197954001	198154001	harbor1	chr2	197978100	197978194	DNA/TcMar-Tigger	3257	-	47	197978147	24146
chr2	197954001	198154001	harbor1	chr2	197978510	197979000	DNA/TcMar-Tigger	3257	-	245	197978755	24754
chr2	169674112	169874112	harbor1	chr2	169728132	169728743	DNA/TcMar-Tigger	5463	-	306	169728438	54326
chr2	169674112	169874112	harbor1	chr2	169729046	169729465	DNA/TcMar-Tigger	5463	-	210	169729256	55144
chr2	169674112	169874112	harbor1	chr2	169739713	169740116	DNA/TcMar-Tigger	2426	-	202	169739915	65803
chr2	169674112	169874112	harbor1	chr2	169740396	169740453	DNA/TcMar-Tigger	2426	-	28	169740424	66312
chr2	169674112	169874112	harbor1	chr2	169740748	169740761	DNA/TcMar-Tigger	2426	-	6	169740754	66642
chr2	169674112	169874112	harbor1	chr2	169740793	169741038	DNA/TcMar-Tigger	2426	-	122	169740915	66803
chr2	169674112	169874112	harbor1	chr2	169741028	169741170	DNA/TcMar-Tigger	660	-	71	169741099	66987
chr2	222830801	223030801	harbor1	chr2	222831145	222831328	DNA/TcMar-Tigger	1007	-	92	222831237	436
chr2	16651278	16851278	harbor1	chr2	16657687	16657810	DNA/TcMar-Tigger	518	-	62	16657749	6471
chr2	16651278	16851278	harbor1	chr2	16670013	16670362	DNA/TcMar-Tigger	3190	-	174	16670187	18909
chr2	16651278	16851278	harbor1	chr2	16670653	16670949	DNA/TcMar-Tigger	3190	-	148	16670801	19523
chr2	33575951	33775951	harbor1	chr2	33579004	33579230	DNA/TcMar-Tigger	1006	-	113	33579117	3166
chr2	33575951	33775951	harbor1	chr2	33642846	33643235	DNA/TcMar-Tigger	2131	-	194	33643040	67089
chr2	19174725	19374725	harbor1	chr2	19198825	19199335	DNA/TcMar-Tigger	3077	-	255	19199080	24355
chr2	19174725	19374725	harbor1	chr2	19199334	19199490	DNA/TcMar-Tigger	703	-	78	19199412	24687
chr2	19174725	19374725	harbor1	chr2	19242520	19243109	DNA/TcMar-Tigger	1858	-	294	19242814	68089
chr2	222343506	222543506	harbor1	chr2	222419008	222419243	DNA/TcMar-Tigger	1329	-	118	222419126	75620
chr2	18584961	18784961	harbor1	chr2	18666354	18666817	DNA/TcMar-Tigger	2222	-	232	18666586	81625
chr2	137692291	137892291	harbor1	chr2	137706068	137706424	DNA/TcMar-Tigger	1916	-	178	137706246	13955
chr2	86859648	87059648	harbor1	chr2	86938889	86938999	DNA/TcMar-Tigger	577	-	55	86938944	79296
chr3	121881931	122081931	harbor1	chr3	121943658	121943931	DNA/TcMar-Tigger	1413	-	136	121943794	61863
chr3	121430729	121630729	harbor1	chr3	121430710	121430906	DNA/TcMar-Tigger	3126	-	98	121430808	79
chr3	121430729	121630729	harbor1	chr3	121507228	121507438	DNA/TcMar-Tigger	613	-	105	121507333	76604
chr3	121430729	121630729	harbor1	chr3	121508133	121508273	DNA/TcMar-Tigger	434	-	70	121508203	77474
chr3	121430729	121630729	harbor1	chr3	121517977	121518595	DNA/TcMar-Tigger	3055	-	309	121518286	87557
chr3	121430729	121630729	harbor1	chr3	121524972	121525067	DNA/TcMar-Tigger	406	-	48	121525020	94291
chr3	121430729	121630729	harbor1	chr3	121525371	121526919	DNA/TcMar-Tigger	10476	-	774	121526145	95416
chr3	121430729	121630729	harbor1	chr3	121527496	121528123	DNA/TcMar-Tigger	10476	-	314	121527810	97081
chr3	121430729	121630729	harbor1	chr3	121528972	121529221	DNA/TcMar-Tigger	1183	-	124	121529096	98367
chr3	121430729	121630729	harbor1	chr3	121503613	121503857	DNA/TcMar-Tigger	1303	-	122	121503735	73006
chr3	146069718	146269718	harbor1	chr3	146080143	146080447	DNA/TcMar-Tigger	1307	-	152	146080295	10577
chr3	64425570	64625570	harbor1	chr3	64431230	64431477	DNA/TcMar-Tigger	1363	-	124	64431354	5784
chr3	49991538	50191538	harbor1	chr3	50020603	50020913	DNA/TcMar-Tigger	1613	-	155	50020758	29220
chr3	72242407	72442407	harbor1	chr3	72302286	72302382	DNA/TcMar-Tigger	559	-	48	72302334	59927
chr3	72242407	72442407	harbor1	chr3	72302538	72302749	DNA/TcMar-Tigger	916	-	106	72302644	60237
chr3	148727451	148927451	harbor1	chr3	148789814	148790169	DNA/TcMar-Tigger	2157	-	178	148789992	62541
chr3	188616616	188816616	harbor1	chr3	188679722	188679872	DNA/TcMar-Tigger	410	-	75	188679797	63181
chr3	113017192	113217192	harbor1	chr3	113022703	113022999	DNA/TcMar-Tigger	2399	-	148	113022851	5659
chr3	113017192	113217192	harbor1	chr3	113023324	113023435	DNA/TcMar-Tigger	2399	-	56	113023380	6188
chr3	113017192	113217192	harbor1	chr3	113023433	113023518	DNA/TcMar-Tigger	548	-	42	113023475	6283
chr3	113017192	113217192	harbor1	chr3	113052658	113052909	DNA/TcMar-Tigger	1100	-	126	113052784	35592
chr3	113017192	113217192	harbor1	chr3	113053070	113053146	DNA/TcMar-Tigger	1100	-	38	113053108	35916
chr3	113017192	113217192	harbor1	chr3	113077635	113077802	DNA/TcMar-Tigger	1038	-	84	113077719	60527
chr3	113017192	113217192	harbor1	chr3	113098559	113100851	DNA/TcMar-Tigger	14597	-	1146	113099705	82513
chr3	130389895	130589895	harbor1	chr3	130402938	130403168	DNA/TcMar-Tigger	416	-	115	130403053	13158
chr3	44953778	45153778	harbor1	chr3	44962375	44962495	DNA/TcMar-Tigger	476	-	60	44962435	8657
chr3	44953778	45153778	harbor1	chr3	44962545	44962906	DNA/TcMar-Tigger	476	-	180	44962725	8947
chr3	44953778	45153778	harbor1	chr3	45022100	45022366	DNA/TcMar-Tigger	6362	-	133	45022233	68455
chr3	44953778	45153778	harbor1	chr3	45023784	45023848	DNA/TcMar-Tigger	6362	-	32	45023816	70038
chr3	44953778	45153778	harbor1	chr3	45024220	45024454	DNA/TcMar-Tigger	6362	-	117	45024337	70559
chr3	44953778	45153778	harbor1	chr3	45022718	45023410	DNA/TcMar-Tigger	6362	-	346	45023064	69286
chr3	98266368	98466368	harbor1	chr3	98315973	98316134	DNA/TcMar-Tigger	900	-	80	98316053	49685
chr3	98266368	98466368	harbor1	chr3	98317117	98317287	DNA/TcMar-Tigger	803	-	85	98317202	50834
chr3	138974591	139174591	harbor1	chr3	139045411	139045624	DNA/TcMar-Tigger	1356	-	106	139045517	70926
chr3	138974591	139174591	harbor1	chr3	139045919	139045931	DNA/TcMar-Tigger	1356	-	6	139045925	71334
chr3	138974591	139174591	harbor1	chr3	139046207	139046311	DNA/TcMar-Tigger	1356	-	52	139046259	71668
chr3	134198894	134398894	harbor1	chr3	134247819	134248031	DNA/TcMar-Tigger	429	-	106	134247925	49031
chr3	134198894	134398894	harbor1	chr3	134297743	134298433	DNA/TcMar-Tigger	3204	-	345	134298088	99194
chr3	19736976	19936976	harbor1	chr3	19764150	19764687	DNA/TcMar-Tigger	3096	-	268	19764418	27442
chr3	142775137	142975137	harbor1	chr3	142783409	142783649	DNA/TcMar-Tigger	1473	-	120	142783529	8392
chr3	142775137	142975137	harbor1	chr3	142796636	142796750	DNA/TcMar-Tigger	573	-	57	142796693	21556
chr3	128494353	128694353	harbor1	chr3	128568642	128568931	DNA/TcMar-Tigger	650	-	144	128568786	74433
chr3	31383156	31583156	harbor1	chr3	31441124	31441306	DNA/TcMar-Tigger	1023	-	91	31441215	58059
chr3	106078245	106278245	harbor1	chr3	106092660	106093864	DNA/TcMar-Tigger	6165	-	602	106093262	15017
chr3	160200097	160400097	harbor1	chr3	160215388	160215715	DNA/TcMar-Tigger	1185	-	164	160215552	15455
chr3	160200097	160400097	harbor1	chr3	160216265	160216613	DNA/TcMar-Tigger	1747	-	174	160216439	16342
chr3	160200097	160400097	harbor1	chr3	160298636	160299010	DNA/TcMar-Tigger	1537	-	187	160298823	98726
chr3	26266349	26466349	harbor1	chr3	26355764	26356074	DNA/TcMar-Tigger	1234	-	155	26355919	89570
chr3	96849942	97049942	harbor1	chr3	96907888	96908260	DNA/TcMar-Tigger	1560	-	186	96908074	58132
chr3	120835789	121035789	harbor1	chr3	120913473	120913760	DNA/TcMar-Tigger	899	-	144	120913617	77828
chr3	120835789	121035789	harbor1	chr3	120931886	120932230	DNA/TcMar-Tigger	2039	-	172	120932058	96269
chr3	100142998	100342998	harbor1	chr3	100222702	100223433	DNA/TcMar-Tigger	4120	-	366	100223068	80070
chr3	110938623	111138623	harbor1	chr3	111015384	111015616	DNA/TcMar-Tigger	869	-	116	111015500	76877
chr3	110938623	111138623	harbor1	chr3	111026304	111026532	DNA/TcMar-Tigger	1295	-	114	111026418	87795
chr3	174414129	174614129	harbor1	chr3	174433568	174433913	DNA/TcMar-Tigger	1859	-	172	174433740	19611
chr3	61396810	61596810	harbor1	chr3	61457904	61458231	DNA/TcMar-Tigger	1744	-	164	61458068	61258
chr3	61396810	61596810	harbor1	chr3	61470458	61470554	DNA/TcMar-Tigger	494	-	48	61470506	73696
chr3	61396810	61596810	harbor1	chr3	61470695	61471021	DNA/TcMar-Tigger	1667	-	163	61470858	74048
chr3	61396810	61596810	harbor1	chr3	61471242	61471289	DNA/TcMar-Tigger	8218	-	24	61471266	74456
chr3	61396810	61596810	harbor1	chr3	61483306	61483498	DNA/TcMar-Tigger	14259	-	96	61483402	86592
chr3	61396810	61596810	harbor1	chr3	61484078	61485508	DNA/TcMar-Tigger	14259	-	715	61484793	87983
chr3	61396810	61596810	harbor1	chr3	61485824	61486027	DNA/TcMar-Tigger	14259	-	102	61485926	89116
chr3	61396810	61596810	harbor1	chr3	61486354	61486891	DNA/TcMar-Tigger	14259	-	268	61486622	89812
chr3	61396810	61596810	harbor1	chr3	61471572	61472982	DNA/TcMar-Tigger	8218	-	705	61472277	75467
chr3	107906777	108106777	harbor1	chr3	107956474	107956751	DNA/TcMar-Tigger	529	-	138	107956612	49835
chr3	53951915	54151915	harbor1	chr3	53981380	53981510	DNA/TcMar-Tigger	421	-	65	53981445	29530
chr3	53951915	54151915	harbor1	chr3	54028346	54028733	DNA/TcMar-Tigger	2426	-	194	54028540	76625
chr3	53951915	54151915	harbor1	chr3	54047386	54047643	DNA/TcMar-Tigger	1816	-	128	54047514	95599
chr3	53951915	54151915	harbor1	chr3	54048863	54048945	DNA/TcMar-Tigger	407	-	41	54048904	96989
chr3	179313521	179513521	harbor1	chr3	179405769	179405866	DNA/TcMar-Tigger	427	-	48	179405817	92296
chr3	188111066	188311066	harbor1	chr3	188125484	188125841	DNA/TcMar-Tigger	1638	-	178	188125662	14596
chr3	188111066	188311066	harbor1	chr3	188130464	188130828	DNA/TcMar-Tigger	2130	-	182	188130646	19580
chr3	188111066	188311066	harbor1	chr3	188143916	188144013	DNA/TcMar-Tigger	588	-	48	188143964	32898
chr3	188111066	188311066	harbor1	chr3	188144317	188144483	DNA/TcMar-Tigger	588	-	83	188144400	33334
chr3	188111066	188311066	harbor1	chr3	188144783	188144824	DNA/TcMar-Tigger	588	-	20	188144803	33737
chr3	3401031	3601031	harbor1	chr3	3427820	3427922	DNA/TcMar-Tigger	411	-	51	3427871	26840
chr3	3401031	3601031	harbor1	chr3	3428275	3428408	DNA/TcMar-Tigger	568	-	66	3428341	27310
chr3	3401031	3601031	harbor1	chr3	3461628	3462011	DNA/TcMar-Tigger	2271	-	192	3461820	60789
chr3	3401031	3601031	harbor1	chr3	3483231	3483511	DNA/TcMar-Tigger	1062	-	140	3483371	82340
chr3	3401031	3601031	harbor1	chr3	3497427	3497750	DNA/TcMar-Tigger	1705	-	162	3497589	96558
chr3	101301235	101501235	harbor1	chr3	101300810	101301447	DNA/TcMar-Tigger	3707	-	318	101301128	107
chr3	101301235	101501235	harbor1	chr3	101370391	101370586	DNA/TcMar-Tigger	1072	-	98	101370489	69254
chr3	16257206	16457206	harbor1	chr3	16284312	16284622	DNA/TcMar-Tigger	1602	-	155	16284467	27261
chr3	16257206	16457206	harbor1	chr3	16332858	16333469	DNA/TcMar-Tigger	3142	-	306	16333164	75958
chr3	179336704	179536704	harbor1	chr3	179405769	179405866	DNA/TcMar-Tigger	427	-	48	179405817	69113
chr3	44866996	45066996	harbor1	chr3	44962375	44962495	DNA/TcMar-Tigger	476	-	60	44962435	95439
chr3	44866996	45066996	harbor1	chr3	44962545	44962906	DNA/TcMar-Tigger	476	-	180	44962725	95729
chr3	67883853	68083853	harbor1	chr3	67914168	67914492	DNA/TcMar-Tigger	1705	-	162	67914330	30477
chr3	67883853	68083853	harbor1	chr3	67917512	67917833	DNA/TcMar-Tigger	1587	-	160	67917672	33819
chr3	106016667	106216667	harbor1	chr3	106092660	106093864	DNA/TcMar-Tigger	6165	-	602	106093262	76595
chr3	89849106	90049106	harbor1	chr3	89861857	89862184	DNA/TcMar-Tigger	2021	-	164	89862021	12915
chr3	89849106	90049106	harbor1	chr3	89896368	89896485	DNA/TcMar-Tigger	709	-	58	89896426	47320
chr3	89849106	90049106	harbor1	chr3	89901986	89902789	DNA/TcMar-Tigger	4260	-	402	89902388	53282
chr3	89849106	90049106	harbor1	chr3	89910595	89910930	DNA/TcMar-Tigger	1961	-	168	89910763	61657
chr3	56997560	57197560	harbor1	chr3	57050971	57051251	DNA/TcMar-Tigger	937	-	140	57051111	53551
chr3	56997560	57197560	harbor1	chr3	57051503	57051537	DNA/TcMar-Tigger	937	-	17	57051520	53960
chr3	56997560	57197560	harbor1	chr3	57097258	57097543	DNA/TcMar-Tigger	865	-	142	57097400	99840
chr3	163025215	163225215	harbor1	chr3	163031396	163031710	DNA/TcMar-Tigger	1250	-	157	163031553	6338
chr3	163025215	163225215	harbor1	chr3	163105178	163105806	DNA/TcMar-Tigger	2586	-	314	163105492	80277
chr3	163025215	163225215	harbor1	chr3	163105791	163106353	DNA/TcMar-Tigger	2757	-	281	163106072	80857
chr3	163025215	163225215	harbor1	chr3	163108619	163108862	DNA/TcMar-Tigger	1294	-	122	163108741	83526
chr3	163025215	163225215	harbor1	chr3	163118927	163119223	DNA/TcMar-Tigger	1544	-	148	163119075	93860
chr3	106660709	106860709	harbor1	chr3	106713223	106715466	DNA/TcMar-Tigger	15004	-	1122	106714345	53636
chr3	106660709	106860709	harbor1	chr3	106716132	106716555	DNA/TcMar-Tigger	15004	-	212	106716344	55635
chr3	106660709	106860709	harbor1	chr3	106747701	106747888	DNA/TcMar-Tigger	1178	-	94	106747795	87086
chr3	75159465	75359465	harbor1	chr3	75162493	75163077	DNA/TcMar-Tigger	874	-	292	75162785	3320
chr3	122878729	123078729	harbor1	chr3	122969779	122970064	DNA/TcMar-Tigger	928	-	142	122969921	91192
chr3	41436348	41636348	harbor1	chr3	41442459	41442610	DNA/TcMar-Tigger	659	-	76	41442535	6187
chr3	41436348	41636348	harbor1	chr3	41442759	41443685	DNA/TcMar-Tigger	4726	-	463	41443222	6874
chr3	82953271	83153271	harbor1	chr3	82952282	82953828	DNA/TcMar-Tigger	12540	-	773	82953055	216
chr3	82953271	83153271	harbor1	chr3	82954517	82955305	DNA/TcMar-Tigger	12540	-	394	82954911	1640
chr3	82953271	83153271	harbor1	chr3	83048431	83048963	DNA/TcMar-Tigger	2481	-	266	83048697	95426
chr3	96290901	96490901	harbor1	chr3	96313163	96313445	DNA/TcMar-Tigger	950	-	141	96313304	22403
chr3	96290901	96490901	harbor1	chr3	96318486	96318701	DNA/TcMar-Tigger	984	-	108	96318594	27693
chr3	96290901	96490901	harbor1	chr3	96329147	96329786	DNA/TcMar-Tigger	3481	-	320	96329467	38566
chr3	96290901	96490901	harbor1	chr3	96379630	96379768	DNA/TcMar-Tigger	761	-	69	96379699	88798
chr3	96290901	96490901	harbor1	chr3	96379768	96380403	DNA/TcMar-Tigger	3294	-	318	96380086	89185
chr3	2717033	2917033	harbor1	chr3	2727150	2727395	DNA/TcMar-Tigger	847	-	122	2727272	10239
chr3	2717033	2917033	harbor1	chr3	2730066	2730408	DNA/TcMar-Tigger	1721	-	171	2730237	13204
chr3	2717033	2917033	harbor1	chr3	2771062	2771463	DNA/TcMar-Tigger	658	-	200	2771262	54229
chr3	47691513	47891513	harbor1	chr3	47729792	47729902	DNA/TcMar-Tigger	12745	-	55	47729847	38334
chr3	47691513	47891513	harbor1	chr3	47730497	47730583	DNA/TcMar-Tigger	12745	-	43	47730540	39027
chr3	47691513	47891513	harbor1	chr3	47730883	47732828	DNA/TcMar-Tigger	12745	-	972	47731855	40342
chr3	47691513	47891513	harbor1	chr3	47733134	47733265	DNA/TcMar-Tigger	12745	-	66	47733200	41687
chr3	124035877	124235877	harbor1	chr3	124116586	124116894	DNA/TcMar-Tigger	1833	-	154	124116740	80863
chr3	418916	618916	harbor1	chr3	449479	449813	DNA/TcMar-Tigger	1967	-	167	449646	30730
chr3	418916	618916	harbor1	chr3	491721	491925	DNA/TcMar-Tigger	993	-	102	491823	72907
chr3	96030611	96230611	harbor1	chr3	96106556	96107760	DNA/TcMar-Tigger	6320	-	602	96107158	76547
chr3	96030611	96230611	harbor1	chr3	96113700	96114021	DNA/TcMar-Tigger	1621	-	160	96113860	83249
chr3	157550891	157750891	harbor1	chr3	157593868	157594622	DNA/TcMar-Tigger	1739	-	377	157594245	43354
chr3	154526806	154726806	harbor1	chr3	154525562	154527849	DNA/TcMar-Tigger	14096	-	1144	154526706	100
chr3	60961928	61161928	harbor1	chr3	61016922	61017004	DNA/TcMar-Tigger	516	-	41	61016963	55035
chr3	60961928	61161928	harbor1	chr3	61017316	61017598	DNA/TcMar-Tigger	516	-	141	61017457	55529
chr3	142680248	142880248	harbor1	chr3	142701291	142701499	DNA/TcMar-Tigger	1165	-	104	142701395	21147
chr3	185750754	185950754	harbor1	chr3	185777126	185777268	DNA/TcMar-Tigger	1005	-	71	185777197	26443
chr3	185750754	185950754	harbor1	chr3	185777515	185777759	DNA/TcMar-Tigger	4076	-	122	185777637	26883
chr3	185750754	185950754	harbor1	chr3	185778031	185778484	DNA/TcMar-Tigger	4076	-	226	185778257	27503
chr3	60952855	61152855	harbor1	chr3	61016922	61017004	DNA/TcMar-Tigger	516	-	41	61016963	64108
chr3	60952855	61152855	harbor1	chr3	61017316	61017598	DNA/TcMar-Tigger	516	-	141	61017457	64602
chr3	74724536	74924536	harbor1	chr3	74772972	74773304	DNA/TcMar-Tigger	2015	-	166	74773138	48602
chr3	74724536	74924536	harbor1	chr3	74774400	74774758	DNA/TcMar-Tigger	1831	-	179	74774579	50043
chr3	74724536	74924536	harbor1	chr3	74788969	74789484	DNA/TcMar-Tigger	2035	-	258	74789227	64691
chr3	74724536	74924536	harbor1	chr3	74800427	74800708	DNA/TcMar-Tigger	1623	-	140	74800567	76031
chr3	145027111	145227111	harbor1	chr3	145109524	145110462	DNA/TcMar-Tigger	8186	-	469	145109993	82882
chr3	145027111	145227111	harbor1	chr3	145110736	145111261	DNA/TcMar-Tigger	8186	-	262	145110998	83887
chr3	145027111	145227111	harbor1	chr3	145116905	145117823	DNA/TcMar-Tigger	5390	-	459	145117364	90253
chr3	41019031	41219031	harbor1	chr3	41023482	41023724	DNA/TcMar-Tigger	975	-	121	41023603	4572
chr3	41019031	41219031	harbor1	chr3	41075436	41075778	DNA/TcMar-Tigger	1128	-	171	41075607	56576
chr3	169466004	169666004	harbor1	chr3	169545839	169546035	DNA/TcMar-Tigger	469	-	98	169545937	79933
chr3	153192567	153392567	harbor1	chr3	153216106	153216346	DNA/TcMar-Tigger	1174	-	120	153216226	23659
chr3	153192567	153392567	harbor1	chr3	153252825	153254011	DNA/TcMar-Tigger	7417	-	593	153253418	60851
chr3	72691028	72891028	harbor1	chr3	72717890	72717958	DNA/TcMar-Tigger	435	-	34	72717924	26896
chr3	72691028	72891028	harbor1	chr3	72718457	72718760	DNA/TcMar-Tigger	1318	-	152	72718609	27581
chr3	72691028	72891028	harbor1	chr3	72737498	72737839	DNA/TcMar-Tigger	1896	-	170	72737668	46640
chr3	72691028	72891028	harbor1	chr3	72749853	72750182	DNA/TcMar-Tigger	2079	-	164	72750017	58989
chr3	72691028	72891028	harbor1	chr3	72759299	72759408	DNA/TcMar-Tigger	1774	-	54	72759353	68325
chr3	72691028	72891028	harbor1	chr3	72759711	72760419	DNA/TcMar-Tigger	1774	-	354	72760065	69037
chr3	101479486	101679486	harbor1	chr3	101544731	101544760	DNA/TcMar-Tigger	3917	-	14	101544745	65259
chr3	101479486	101679486	harbor1	chr3	101545522	101545850	DNA/TcMar-Tigger	3917	-	164	101545686	66200
chr3	101479486	101679486	harbor1	chr3	101546780	101547172	DNA/TcMar-Tigger	3917	-	196	101546976	67490
chr3	19215286	19415286	harbor1	chr3	19286551	19286878	DNA/TcMar-Tigger	1651	-	164	19286715	71429
chr3	150873907	151073907	harbor1	chr3	150886906	150887442	DNA/TcMar-Tigger	3047	-	268	150887174	13267
chr3	75738447	75938447	harbor1	chr3	75742779	75742902	DNA/TcMar-Tigger	1536	-	62	75742841	4394
chr3	75738447	75938447	harbor1	chr3	75763264	75763472	DNA/TcMar-Tigger	1179	-	104	75763368	24921
chr3	75738447	75938447	harbor1	chr3	75828580	75828949	DNA/TcMar-Tigger	1745	-	184	75828764	90317
chr3	75738447	75938447	harbor1	chr3	75743200	75743401	DNA/TcMar-Tigger	1536	-	100	75743300	4853
chr3	52200100	52400100	harbor1	chr3	52210812	52211148	DNA/TcMar-Tigger	2302	-	168	52210980	10880
chr3	161953290	162153290	harbor1	chr3	161970534	161970817	DNA/TcMar-Tigger	883	-	142	161970676	17386
chr3	161953290	162153290	harbor1	chr3	162007734	162010217	DNA/TcMar-Tigger	13343	-	1242	162008976	55686
chr3	184835222	185035222	harbor1	chr3	184843364	184844048	DNA/TcMar-Tigger	1404	-	342	184843706	8484
chr3	159359790	159559790	harbor1	chr3	159371609	159371935	DNA/TcMar-Tigger	1748	-	163	159371772	11982
chr3	159359790	159559790	harbor1	chr3	159457655	159457972	DNA/TcMar-Tigger	1715	-	158	159457813	98023
chr3	132896540	133096540	harbor1	chr3	132962038	132963313	DNA/TcMar-Tigger	7315	-	638	132962676	66136
chr3	196375920	196575920	harbor1	chr3	196413739	196414034	DNA/TcMar-Tigger	1375	-	148	196413887	37967
chr3	196375920	196575920	harbor1	chr3	196414289	196414355	DNA/TcMar-Tigger	1375	-	33	196414322	38402
chr3	141038788	141238788	harbor1	chr3	141101729	141102006	DNA/TcMar-Tigger	727	-	138	141101867	63079
chr3	144681807	144881807	harbor1	chr3	144726911	144727150	DNA/TcMar-Tigger	421	-	120	144727031	45224
chr3	95874243	96074243	harbor1	chr3	95888303	95888601	DNA/TcMar-Tigger	1369	-	149	95888452	14209
chr3	95874243	96074243	harbor1	chr3	95890917	95891275	DNA/TcMar-Tigger	1933	-	179	95891096	16853
chr3	95874243	96074243	harbor1	chr3	95933567	95933806	DNA/TcMar-Tigger	865	-	120	95933687	59444
chr3	151518943	151718943	harbor1	chr3	151551295	151551562	DNA/TcMar-Tigger	1004	-	134	151551429	32486
chr3	151518943	151718943	harbor1	chr3	151598446	151598784	DNA/TcMar-Tigger	1974	-	169	151598615	79672
chr3	151518943	151718943	harbor1	chr3	151604755	151605317	DNA/TcMar-Tigger	2594	-	281	151605036	86093
chr3	130864516	131064516	harbor1	chr3	130888937	130889357	DNA/TcMar-Tigger	2649	-	210	130889147	24631
chr3	130864516	131064516	harbor1	chr3	130891854	130891943	DNA/TcMar-Tigger	477	-	44	130891898	27382
chr3	130864516	131064516	harbor1	chr3	130899186	130899605	DNA/TcMar-Tigger	2548	-	210	130899396	34880
chr3	130864516	131064516	harbor1	chr3	130944784	130945082	DNA/TcMar-Tigger	1063	-	149	130944933	80417
chr3	134598251	134798251	harbor1	chr3	134697550	134697962	DNA/TcMar-Tigger	643	-	206	134697756	99505
chr3	118264899	118464899	harbor1	chr3	118289728	118289805	DNA/TcMar-Tigger	421	-	38	118289766	24867
chr3	118264899	118464899	harbor1	chr3	118296738	118297012	DNA/TcMar-Tigger	1372	-	137	118296875	31976
chr3	65007705	65207705	harbor1	chr3	65079783	65080378	DNA/TcMar-Tigger	2611	-	298	65080081	72376
chr3	65007705	65207705	harbor1	chr3	65087860	65088223	DNA/TcMar-Tigger	617	-	182	65088042	80337
chr3	65007705	65207705	harbor1	chr3	65104187	65104724	DNA/TcMar-Tigger	3091	-	268	65104455	96750
chr3	143604669	143804669	harbor1	chr3	143628214	143628598	DNA/TcMar-Tigger	1836	-	192	143628406	23737
chr3	77208102	77408102	harbor1	chr3	77226601	77226922	DNA/TcMar-Tigger	2016	-	160	77226761	18659
chr3	77208102	77408102	harbor1	chr3	77238953	77239080	DNA/TcMar-Tigger	653	-	64	77239017	30915
chr3	77208102	77408102	harbor1	chr3	77240641	77240676	DNA/TcMar-Tigger	653	-	18	77240659	32557
chr3	77208102	77408102	harbor1	chr3	77281554	77281676	DNA/TcMar-Tigger	672	-	61	77281615	73513
chr3	77208102	77408102	harbor1	chr3	77282015	77282177	DNA/TcMar-Tigger	938	-	81	77282096	73994
chr3	57200723	57400723	harbor1	chr3	57275652	57275956	DNA/TcMar-Tigger	1485	-	152	57275804	75081
chr3	57200723	57400723	harbor1	chr3	57280668	57280894	DNA/TcMar-Tigger	478	-	113	57280781	80058
chr3	57200723	57400723	harbor1	chr3	57281010	57281245	DNA/TcMar-Tigger	1146	-	118	57281128	80405
chr3	189250636	189450636	harbor1	chr3	189346571	189346796	DNA/TcMar-Tigger	577	-	112	189346683	96047
chr3	23177231	23377231	harbor1	chr3	23238586	23238939	DNA/TcMar-Tigger	1751	-	176	23238762	61531
chr3	53164761	53364761	harbor1	chr3	53213164	53213354	DNA/TcMar-Tigger	1036	-	95	53213259	48498
chr3	16004685	16204685	harbor1	chr3	16032989	16033405	DNA/TcMar-Tigger	2479	-	208	16033197	28512
chr3	16004685	16204685	harbor1	chr3	16066351	16066670	DNA/TcMar-Tigger	1738	-	160	16066511	61826
chr3	60987691	61187691	harbor1	chr3	61016922	61017004	DNA/TcMar-Tigger	516	-	41	61016963	29272
chr3	60987691	61187691	harbor1	chr3	61017316	61017598	DNA/TcMar-Tigger	516	-	141	61017457	29766
chr3	74771499	74971499	harbor1	chr3	74772972	74773304	DNA/TcMar-Tigger	2015	-	166	74773138	1639
chr3	74771499	74971499	harbor1	chr3	74774400	74774758	DNA/TcMar-Tigger	1831	-	179	74774579	3080
chr3	74771499	74971499	harbor1	chr3	74788969	74789484	DNA/TcMar-Tigger	2035	-	258	74789227	17728
chr3	74771499	74971499	harbor1	chr3	74800427	74800708	DNA/TcMar-Tigger	1623	-	140	74800567	29068
chr3	74771499	74971499	harbor1	chr3	74833777	74834959	DNA/TcMar-Tigger	6831	-	591	74834368	62869
chr3	111100414	111300414	harbor1	chr3	111163574	111163857	DNA/TcMar-Tigger	465	-	142	111163716	63302
chr3	111100414	111300414	harbor1	chr3	111167934	111168138	DNA/TcMar-Tigger	1065	-	102	111168036	67622
chr3	111100414	111300414	harbor1	chr3	111180189	111180346	DNA/TcMar-Tigger	581	-	78	111180267	79853
chr3	173250937	173450937	harbor1	chr3	173347835	173348285	DNA/TcMar-Tigger	2319	-	225	173348060	97123
chr3	187294463	187494463	harbor1	chr3	187353665	187354104	DNA/TcMar-Tigger	2588	-	220	187353885	59422
chr3	69596038	69796038	harbor1	chr3	69613322	69613625	DNA/TcMar-Tigger	905	-	152	69613474	17436
chr3	171925249	172125249	harbor1	chr3	171934477	171934661	DNA/TcMar-Tigger	954	-	92	171934569	9320
chr3	171925249	172125249	harbor1	chr3	171950230	171950796	DNA/TcMar-Tigger	921	-	283	171950513	25264
chr3	171925249	172125249	harbor1	chr3	171991143	171991724	DNA/TcMar-Tigger	3132	-	290	171991433	66184
chr3	140474965	140674965	harbor1	chr3	140509894	140510240	DNA/TcMar-Tigger	2168	-	173	140510067	35102
chr3	68757710	68957710	harbor1	chr3	68816690	68818988	DNA/TcMar-Tigger	14154	-	1149	68817839	60129
chr3	68757710	68957710	harbor1	chr3	68819300	68819348	DNA/TcMar-Tigger	14154	-	24	68819324	61614
chr3	107525183	107725183	harbor1	chr3	107595784	107595929	DNA/TcMar-Tigger	789	-	72	107595856	70673
chr3	107525183	107725183	harbor1	chr3	107595932	107596139	DNA/TcMar-Tigger	1296	-	104	107596036	70853
chr3	107525183	107725183	harbor1	chr3	107614538	107614717	DNA/TcMar-Tigger	961	-	90	107614628	89445
chr3	1112153	1312153	harbor1	chr3	1159186	1159272	DNA/TcMar-Tigger	412	-	43	1159229	47076
chr3	1112153	1312153	harbor1	chr3	1159271	1159564	DNA/TcMar-Tigger	1234	-	146	1159417	47264
chr3	71531421	71731421	harbor1	chr3	71533978	71534082	DNA/TcMar-Tigger	878	-	52	71534030	2609
chr3	71531421	71731421	harbor1	chr3	71534385	71534491	DNA/TcMar-Tigger	878	-	53	71534438	3017
chr3	110642818	110842818	harbor1	chr3	110698712	110699139	DNA/TcMar-Tigger	2334	-	214	110698926	56108
chr3	110642818	110842818	harbor1	chr3	110734961	110736398	DNA/TcMar-Tigger	8655	-	718	110735679	92861
chr3	110642818	110842818	harbor1	chr3	110736394	110736688	DNA/TcMar-Tigger	4750	-	147	110736541	93723
chr3	110642818	110842818	harbor1	chr3	110736974	110737045	DNA/TcMar-Tigger	4750	-	36	110737010	94192
chr3	110642818	110842818	harbor1	chr3	110737356	110737728	DNA/TcMar-Tigger	4750	-	186	110737542	94724
chr3	110642818	110842818	harbor1	chr3	110738034	110738129	DNA/TcMar-Tigger	4750	-	48	110738082	95264
chr3	29768236	29968236	harbor1	chr3	29796016	29796189	DNA/TcMar-Tigger	1038	-	86	29796102	27866
chr3	29768236	29968236	harbor1	chr3	29796265	29796712	DNA/TcMar-Tigger	2993	-	224	29796489	28253
chr3	29768236	29968236	harbor1	chr3	29797013	29797651	DNA/TcMar-Tigger	4096	-	319	29797332	29096
chr3	29768236	29968236	harbor1	chr3	29797896	29798250	DNA/TcMar-Tigger	1872	-	177	29798073	29837
chr3	23268000	23468000	harbor1	chr3	23366963	23367194	DNA/TcMar-Tigger	429	-	116	23367079	99079
chr3	711551	911551	harbor1	chr3	789400	789816	DNA/TcMar-Tigger	2391	-	208	789608	78057
chr3	26310250	26510250	harbor1	chr3	26355764	26356074	DNA/TcMar-Tigger	1234	-	155	26355919	45669
chr3	26310250	26510250	harbor1	chr3	26397213	26397533	DNA/TcMar-Tigger	1556	-	160	26397373	87123
chr3	67392911	67592911	harbor1	chr3	67486381	67487015	DNA/TcMar-Tigger	3059	-	317	67486698	93787
chr3	887525	1087525	harbor1	chr3	916301	916719	DNA/TcMar-Tigger	1350	-	209	916510	28985
chr3	178605179	178805179	harbor1	chr3	178666866	178667051	DNA/TcMar-Tigger	1035	-	92	178666958	61779
chr3	98264038	98464038	harbor1	chr3	98315973	98316134	DNA/TcMar-Tigger	900	-	80	98316053	52015
chr3	98264038	98464038	harbor1	chr3	98317117	98317287	DNA/TcMar-Tigger	803	-	85	98317202	53164
chr3	38198972	38398972	harbor1	chr3	38227925	38228083	DNA/TcMar-Tigger	852	-	79	38228004	29032
chr3	5500909	5700909	harbor1	chr3	5502083	5502726	DNA/TcMar-Tigger	2863	-	322	5502405	1496
chr3	5500909	5700909	harbor1	chr3	5546255	5546481	DNA/TcMar-Tigger	960	-	113	5546368	45459
chr3	5500909	5700909	harbor1	chr3	5582258	5582492	DNA/TcMar-Tigger	1162	-	117	5582375	81466
chr3	11132145	11332145	harbor1	chr3	11215153	11215429	DNA/TcMar-Tigger	544	-	138	11215291	83146
chr3	11132145	11332145	harbor1	chr3	11215741	11215831	DNA/TcMar-Tigger	544	-	45	11215786	83641
chr3	39123872	39323872	harbor1	chr3	39131963	39132278	DNA/TcMar-Tigger	1724	-	158	39132121	8249
chr3	39123872	39323872	harbor1	chr3	39168976	39169337	DNA/TcMar-Tigger	2156	-	180	39169156	45284
chr4	71267573	71467573	harbor1	chr4	71273973	71274399	DNA/TcMar-Tigger	2076	-	213	71274186	6613
chr4	71267573	71467573	harbor1	chr4	71336256	71337299	DNA/TcMar-Tigger	5231	-	522	71336778	69205
chr4	105310844	105510844	harbor1	chr4	105345547	105346102	DNA/TcMar-Tigger	751	-	278	105345825	34981
chr4	105310844	105510844	harbor1	chr4	105406598	105406826	DNA/TcMar-Tigger	1186	-	114	105406712	95868
chr4	19250126	19450126	harbor1	chr4	19304896	19305240	DNA/TcMar-Tigger	1807	-	172	19305068	54942
chr4	177096803	177296803	harbor1	chr4	177139133	177140332	DNA/TcMar-Tigger	6252	-	600	177139733	42930
chr4	177096803	177296803	harbor1	chr4	177179904	177180098	DNA/TcMar-Tigger	869	-	97	177180001	83198
chr4	125200706	125400706	harbor1	chr4	125245532	125245594	DNA/TcMar-Tigger	390	-	31	125245563	44857
chr4	125200706	125400706	harbor1	chr4	125275311	125275723	DNA/TcMar-Tigger	1803	-	206	125275517	74811
chr4	160586564	160786564	harbor1	chr4	160597733	160598234	DNA/TcMar-Tigger	486	-	250	160597983	11419
chr4	160586564	160786564	harbor1	chr4	160618887	160618952	DNA/TcMar-Tigger	537	-	32	160618919	32355
chr4	160586564	160786564	harbor1	chr4	160619240	160619611	DNA/TcMar-Tigger	537	-	186	160619426	32862
chr4	126541171	126741171	harbor1	chr4	126592916	126593000	DNA/TcMar-Tigger	409	-	42	126592958	51787
chr4	126541171	126741171	harbor1	chr4	126600609	126601368	DNA/TcMar-Tigger	4449	-	380	126600989	59818
chr4	20868970	21068970	harbor1	chr4	20931339	20931693	DNA/TcMar-Tigger	1863	-	177	20931516	62546
chr4	66835405	67035405	harbor1	chr4	66853236	66853513	DNA/TcMar-Tigger	1186	-	138	66853374	17969
chr4	66835405	67035405	harbor1	chr4	66875086	66875688	DNA/TcMar-Tigger	2546	-	301	66875387	39982
chr4	151923984	152123984	harbor1	chr4	151972642	151972846	DNA/TcMar-Tigger	571	-	102	151972744	48760
chr4	170178744	170378744	harbor1	chr4	170186196	170186531	DNA/TcMar-Tigger	1828	-	168	170186364	7620
chr4	170178744	170378744	harbor1	chr4	170247887	170248193	DNA/TcMar-Tigger	1874	-	153	170248040	69296
chr4	170178744	170378744	harbor1	chr4	170248193	170248260	DNA/TcMar-Tigger	395	-	34	170248227	69483
chr4	172711870	172911870	harbor1	chr4	172741024	172741108	DNA/TcMar-Tigger	462	-	42	172741066	29196
chr4	172711870	172911870	harbor1	chr4	172747978	172748538	DNA/TcMar-Tigger	3101	-	280	172748258	36388
chr4	84394301	84594301	harbor1	chr4	84395695	84396062	DNA/TcMar-Tigger	2122	-	184	84395879	1578
chr4	84394301	84594301	harbor1	chr4	84396857	84398015	DNA/TcMar-Tigger	4478	-	579	84397436	3135
chr4	84394301	84594301	harbor1	chr4	84402864	84403070	DNA/TcMar-Tigger	928	-	103	84402967	8666
chr4	84394301	84594301	harbor1	chr4	84405926	84406131	DNA/TcMar-Tigger	1335	-	102	84406028	11727
chr4	122335521	122535521	harbor1	chr4	122337208	122337513	DNA/TcMar-Tigger	1813	-	152	122337360	1839
chr4	122335521	122535521	harbor1	chr4	122338582	122338825	DNA/TcMar-Tigger	1098	-	122	122338704	3183
chr4	122335521	122535521	harbor1	chr4	122434001	122434232	DNA/TcMar-Tigger	913	-	116	122434117	98596
chr4	81440715	81640715	harbor1	chr4	81453262	81453590	DNA/TcMar-Tigger	1812	-	164	81453426	12711
chr4	81440715	81640715	harbor1	chr4	81520864	81521227	DNA/TcMar-Tigger	1961	-	182	81521046	80331
chr4	108195037	108395037	harbor1	chr4	108219310	108219643	DNA/TcMar-Tigger	2066	-	166	108219476	24439
chr4	108195037	108395037	harbor1	chr4	108226534	108226875	DNA/TcMar-Tigger	1907	-	170	108226704	31667
chr4	41379139	41579139	harbor1	chr4	41424449	41424739	DNA/TcMar-Tigger	923	-	145	41424594	45455
chr4	41379139	41579139	harbor1	chr4	41453252	41453683	DNA/TcMar-Tigger	2846	-	216	41453468	74329
chr4	19930301	20130301	harbor1	chr4	19931980	19933059	DNA/TcMar-Tigger	5559	-	540	19932520	2219
chr4	19930301	20130301	harbor1	chr4	20019472	20020135	DNA/TcMar-Tigger	3471	-	332	20019804	89503
chr4	19930301	20130301	harbor1	chr4	20020129	20020326	DNA/TcMar-Tigger	1115	-	98	20020227	89926
chr4	152609837	152809837	harbor1	chr4	152649798	152651188	DNA/TcMar-Tigger	9090	-	695	152650493	40656
chr4	152609837	152809837	harbor1	chr4	152651318	152652342	DNA/TcMar-Tigger	6838	-	512	152651830	41993
chr4	152609837	152809837	harbor1	chr4	152659719	152660057	DNA/TcMar-Tigger	1759	-	169	152659888	50051
chr4	152609837	152809837	harbor1	chr4	152669870	152670299	DNA/TcMar-Tigger	1295	-	214	152670084	60247
chr4	147382739	147582739	harbor1	chr4	147413135	147413479	DNA/TcMar-Tigger	1897	-	172	147413307	30568
chr4	147382739	147582739	harbor1	chr4	147477085	147477354	DNA/TcMar-Tigger	1584	-	134	147477219	94480
chr4	37400090	37600090	harbor1	chr4	37437907	37437979	DNA/TcMar-Tigger	450	-	36	37437943	37853
chr4	37400090	37600090	harbor1	chr4	37438287	37438434	DNA/TcMar-Tigger	450	-	74	37438361	38271
chr4	37400090	37600090	harbor1	chr4	37441015	37441410	DNA/TcMar-Tigger	623	-	198	37441213	41123
chr4	58520849	58720849	harbor1	chr4	58563791	58564805	DNA/TcMar-Tigger	5676	-	507	58564298	43449
chr4	58520849	58720849	harbor1	chr4	58578450	58578648	DNA/TcMar-Tigger	1163	-	99	58578549	57700
chr4	58520849	58720849	harbor1	chr4	58578655	58578793	DNA/TcMar-Tigger	906	-	69	58578724	57875
chr4	177635805	177835805	harbor1	chr4	177718548	177718649	DNA/TcMar-Tigger	559	-	50	177718598	82793
chr4	177635805	177835805	harbor1	chr4	177718656	177718878	DNA/TcMar-Tigger	923	-	111	177718767	82962
chr4	177635805	177835805	harbor1	chr4	177722735	177723063	DNA/TcMar-Tigger	1669	-	164	177722899	87094
chr4	35208740	35408740	harbor1	chr4	35276716	35277000	DNA/TcMar-Tigger	1433	-	142	35276858	68118
chr4	46122644	46322644	harbor1	chr4	46174214	46174513	DNA/TcMar-Tigger	687	-	150	46174364	51720
chr4	180394441	180594441	harbor1	chr4	180451990	180452070	DNA/TcMar-Tigger	398	-	40	180452030	57589
chr4	175698119	175898119	harbor1	chr4	175747439	175749065	DNA/TcMar-Tigger	10065	-	813	175748252	50133
chr4	175698119	175898119	harbor1	chr4	175749064	175749169	DNA/TcMar-Tigger	399	-	52	175749116	50997
chr4	175698119	175898119	harbor1	chr4	175749252	175749489	DNA/TcMar-Tigger	1206	-	118	175749370	51251
chr4	69505296	69705296	harbor1	chr4	69522370	69524764	DNA/TcMar-Tigger	11689	-	1197	69523567	18271
chr4	13891379	14091379	harbor1	chr4	13961614	13961747	DNA/TcMar-Tigger	631	-	66	13961680	70301
chr4	13891379	14091379	harbor1	chr4	13984819	13985170	DNA/TcMar-Tigger	1106	-	176	13984995	93616
chr4	173217660	173417660	harbor1	chr4	173260160	173260239	DNA/TcMar-Tigger	4277	-	40	173260200	42540
chr4	173217660	173417660	harbor1	chr4	173268236	173268521	DNA/TcMar-Tigger	1353	-	142	173268378	50718
chr4	173217660	173417660	harbor1	chr4	173260713	173261458	DNA/TcMar-Tigger	4277	-	372	173261085	43425
chr4	189712793	189912793	harbor1	chr4	189717166	189717512	DNA/TcMar-Tigger	1139	-	173	189717339	4546
chr4	4658971	4858971	harbor1	chr4	4749738	4749821	DNA/TcMar-Tigger	398	-	42	4749780	90809
chr4	4658971	4858971	harbor1	chr4	4749817	4750028	DNA/TcMar-Tigger	903	-	106	4749923	90952
chr4	4658971	4858971	harbor1	chr4	4750016	4750250	DNA/TcMar-Tigger	735	-	117	4750133	91162
chr4	18905232	19105232	harbor1	chr4	18956150	18956246	DNA/TcMar-Tigger	504	-	48	18956198	50966
chr4	18905232	19105232	harbor1	chr4	18981784	18982113	DNA/TcMar-Tigger	1639	-	164	18981948	76716
chr4	18905232	19105232	harbor1	chr4	18956245	18956502	DNA/TcMar-Tigger	1117	-	128	18956373	51141
chr4	62886403	63086403	harbor1	chr4	62917487	62918477	DNA/TcMar-Tigger	4837	-	495	62917982	31579
chr4	62886403	63086403	harbor1	chr4	62918771	62918980	DNA/TcMar-Tigger	903	-	104	62918875	32472
chr4	162016648	162216648	harbor1	chr4	162043245	162045427	DNA/TcMar-Tigger	14359	-	1091	162044336	27688
chr4	162016648	162216648	harbor1	chr4	162045522	162045761	DNA/TcMar-Tigger	14359	-	120	162045642	28994
chr4	162016648	162216648	harbor1	chr4	162074755	162075014	DNA/TcMar-Tigger	1379	-	130	162074885	58237
chr4	132808712	133008712	harbor1	chr4	132848086	132849011	DNA/TcMar-Tigger	4754	-	462	132848548	39836
chr4	132808712	133008712	harbor1	chr4	132849010	132849109	DNA/TcMar-Tigger	427	-	50	132849060	40348
chr4	132808712	133008712	harbor1	chr4	132855919	132856245	DNA/TcMar-Tigger	1386	-	163	132856082	47370
chr4	97724477	97924477	harbor1	chr4	97744543	97744867	DNA/TcMar-Tigger	1707	-	162	97744705	20228
chr4	97724477	97924477	harbor1	chr4	97805064	97805195	DNA/TcMar-Tigger	507	-	66	97805130	80653
chr4	97724477	97924477	harbor1	chr4	97806795	97806993	DNA/TcMar-Tigger	672	-	99	97806894	82417
chr4	97724477	97924477	harbor1	chr4	97815269	97815513	DNA/TcMar-Tigger	1356	-	122	97815391	90914
chr4	97724477	97924477	harbor1	chr4	97818228	97818566	DNA/TcMar-Tigger	1850	-	169	97818397	93920
chr4	28878407	29078407	harbor1	chr4	28945126	28945257	DNA/TcMar-Tigger	730	-	66	28945192	66785
chr4	28878407	29078407	harbor1	chr4	28946458	28946740	DNA/TcMar-Tigger	1208	-	141	28946599	68192
chr4	22139271	22339271	harbor1	chr4	22222603	22223113	DNA/TcMar-Tigger	3035	-	255	22222858	83587
chr4	26779759	26979759	harbor1	chr4	26844376	26844742	DNA/TcMar-Tigger	730	-	183	26844559	64800
chr4	26779759	26979759	harbor1	chr4	26875737	26876177	DNA/TcMar-Tigger	702	-	220	26875957	96198
chr5	102401648	102601648	harbor1	chr5	102408023	102408321	DNA/TcMar-Tigger	1482	-	149	102408172	6524
chr5	176001735	176201735	harbor1	chr5	176064191	176064618	DNA/TcMar-Tigger	2310	-	214	176064405	62670
chr5	176001735	176201735	harbor1	chr5	176068675	176068923	DNA/TcMar-Tigger	1288	-	124	176068799	67064
chr5	176001735	176201735	harbor1	chr5	176069210	176069554	DNA/TcMar-Tigger	1288	-	172	176069382	67647
chr5	87020004	87220004	harbor1	chr5	87065357	87065861	DNA/TcMar-Tigger	13951	-	252	87065609	45605
chr5	87020004	87220004	harbor1	chr5	87063103	87064999	DNA/TcMar-Tigger	13951	-	948	87064051	44047
chr5	131191986	131391986	harbor1	chr5	131262584	131262877	DNA/TcMar-Tigger	1349	-	146	131262730	70744
chr5	178697554	178897554	harbor1	chr5	178721181	178721478	DNA/TcMar-Tigger	1529	-	148	178721329	23775
chr5	99461037	99661037	harbor1	chr5	99493065	99493339	DNA/TcMar-Tigger	601	-	137	99493202	32165
chr5	24363764	24563764	harbor1	chr5	24438278	24438596	DNA/TcMar-Tigger	1513	-	159	24438437	74673
chr5	24363764	24563764	harbor1	chr5	24442720	24442965	DNA/TcMar-Tigger	2097	-	122	24442842	79078
chr5	24363764	24563764	harbor1	chr5	24443270	24443427	DNA/TcMar-Tigger	2097	-	78	24443348	79584
chr5	24363764	24563764	harbor1	chr5	24455657	24455982	DNA/TcMar-Tigger	5674	-	162	24455819	92055
chr5	24363764	24563764	harbor1	chr5	24456284	24456742	DNA/TcMar-Tigger	5674	-	229	24456513	92749
chr5	24363764	24563764	harbor1	chr5	24457045	24457247	DNA/TcMar-Tigger	5674	-	101	24457146	93382
chr5	24363764	24563764	harbor1	chr5	24457403	24457700	DNA/TcMar-Tigger	7528	-	148	24457551	93787
chr5	24363764	24563764	harbor1	chr5	24458007	24458570	DNA/TcMar-Tigger	7528	-	282	24458289	94525
chr5	24363764	24563764	harbor1	chr5	24458848	24459429	DNA/TcMar-Tigger	7528	-	290	24459138	95374
chr5	24363764	24563764	harbor1	chr5	24379164	24379443	DNA/TcMar-Tigger	938	-	140	24379304	15540
chr5	8036024	8236024	harbor1	chr5	8100678	8100916	DNA/TcMar-Tigger	991	-	119	8100797	64773
chr5	100339448	100539448	harbor1	chr5	100383726	100383874	DNA/TcMar-Tigger	2064	-	74	100383800	44352
chr5	100339448	100539448	harbor1	chr5	100384183	100384644	DNA/TcMar-Tigger	2064	-	230	100384413	44965
chr5	100339448	100539448	harbor1	chr5	100393934	100394236	DNA/TcMar-Tigger	1717	-	151	100394085	54637
chr5	139530349	139730349	harbor1	chr5	139565450	139565664	DNA/TcMar-Tigger	673	-	107	139565557	35208
chr5	139530349	139730349	harbor1	chr5	139581464	139581657	DNA/TcMar-Tigger	1175	-	96	139581560	51211
chr5	139530349	139730349	harbor1	chr5	139582511	139582662	DNA/TcMar-Tigger	783	-	76	139582587	52238
chr5	139530349	139730349	harbor1	chr5	139594801	139595108	DNA/TcMar-Tigger	1832	-	154	139594955	64606
chr5	127346196	127546196	harbor1	chr5	127346797	127347142	DNA/TcMar-Tigger	1978	-	172	127346969	773
chr5	92028988	92228988	harbor1	chr5	92040042	92040364	DNA/TcMar-Tigger	1946	-	161	92040203	11215
chr5	92028988	92228988	harbor1	chr5	92051748	92053491	DNA/TcMar-Tigger	10799	-	872	92052620	23632
chr5	131106664	131306664	harbor1	chr5	131158737	131158883	DNA/TcMar-Tigger	460	-	73	131158810	52146
chr5	131106664	131306664	harbor1	chr5	131173287	131173463	DNA/TcMar-Tigger	7268	-	88	131173375	66711
chr5	131106664	131306664	harbor1	chr5	131173763	131174576	DNA/TcMar-Tigger	7268	-	406	131174169	67505
chr5	131106664	131306664	harbor1	chr5	131174853	131175192	DNA/TcMar-Tigger	7268	-	170	131175023	68359
chr5	131106664	131306664	harbor1	chr5	131186458	131186924	DNA/TcMar-Tigger	2346	-	233	131186691	80027
chr5	32090403	32290403	harbor1	chr5	32093459	32093695	DNA/TcMar-Tigger	2478	-	118	32093577	3174
chr5	32090403	32290403	harbor1	chr5	32093993	32094192	DNA/TcMar-Tigger	2478	-	100	32094093	3690
chr5	32090403	32290403	harbor1	chr5	32150619	32150840	DNA/TcMar-Tigger	1227	-	110	32150729	60326
chr5	32090403	32290403	harbor1	chr5	32159177	32159481	DNA/TcMar-Tigger	1762	-	152	32159329	68926
chr5	179517171	179717171	harbor1	chr5	179531599	179531692	DNA/TcMar-Tigger	470	-	46	179531645	14474
chr5	179517171	179717171	harbor1	chr5	179532564	179532696	DNA/TcMar-Tigger	420	-	66	179532630	15459
chr5	179517171	179717171	harbor1	chr5	179545917	179545940	DNA/TcMar-Tigger	514	-	12	179545929	28758
chr5	179517171	179717171	harbor1	chr5	179546249	179546330	DNA/TcMar-Tigger	514	-	40	179546289	29118
chr5	179517171	179717171	harbor1	chr5	179546326	179546433	DNA/TcMar-Tigger	3680	-	54	179546380	29209
chr5	179517171	179717171	harbor1	chr5	179546728	179546948	DNA/TcMar-Tigger	3680	-	110	179546838	29667
chr5	179517171	179717171	harbor1	chr5	179547243	179547552	DNA/TcMar-Tigger	3680	-	154	179547397	30226
chr5	179517171	179717171	harbor1	chr5	179547852	179547910	DNA/TcMar-Tigger	3680	-	29	179547881	30710
chr5	140016915	140216915	harbor1	chr5	140066195	140066571	DNA/TcMar-Tigger	1382	-	188	140066383	49468
chr5	140016915	140216915	harbor1	chr5	140082830	140083019	DNA/TcMar-Tigger	540	-	94	140082924	66009
chr5	140016915	140216915	harbor1	chr5	140101579	140101763	DNA/TcMar-Tigger	766	-	92	140101671	84756
chr5	140016915	140216915	harbor1	chr5	140102053	140102159	DNA/TcMar-Tigger	766	-	53	140102106	85191
chr5	35507357	35707357	harbor1	chr5	35533178	35533258	DNA/TcMar-Tigger	427	-	40	35533218	25861
chr5	35507357	35707357	harbor1	chr5	35533276	35533673	DNA/TcMar-Tigger	2196	-	198	35533474	26117
chr5	35507357	35707357	harbor1	chr5	35593230	35594180	DNA/TcMar-Tigger	6158	-	475	35593705	86348
chr5	35507357	35707357	harbor1	chr5	35594937	35595549	DNA/TcMar-Tigger	3227	-	306	35595243	87886
chr5	75214570	75414570	harbor1	chr5	75238722	75239576	DNA/TcMar-Tigger	2615	-	427	75239149	24579
chr5	148271112	148471112	harbor1	chr5	148361441	148361678	DNA/TcMar-Tigger	556	-	118	148361559	90447
chr5	98051787	98251787	harbor1	chr5	98129074	98129966	DNA/TcMar-Tigger	5494	-	446	98129520	77733
chr5	98051787	98251787	harbor1	chr5	98130245	98130574	DNA/TcMar-Tigger	5494	-	164	98130409	78622
chr5	106164471	106364471	harbor1	chr5	106220119	106220449	DNA/TcMar-Tigger	1488	-	165	106220284	55813
chr5	106164471	106364471	harbor1	chr5	106221175	106221508	DNA/TcMar-Tigger	2342	-	166	106221341	56870
chr5	106164471	106364471	harbor1	chr5	106232741	106233097	DNA/TcMar-Tigger	2125	-	178	106232919	68448
chr5	106164471	106364471	harbor1	chr5	106244667	106244882	DNA/TcMar-Tigger	483	-	108	106244775	80304
chr5	38750889	38950889	harbor1	chr5	38780203	38780781	DNA/TcMar-Tigger	3489	-	289	38780492	29603
chr5	38750889	38950889	harbor1	chr5	38803152	38803570	DNA/TcMar-Tigger	2465	-	209	38803361	52472
chr5	66954490	67154490	harbor1	chr5	67036477	67036801	DNA/TcMar-Tigger	1734	-	162	67036639	82149
chr5	51331814	51531814	harbor1	chr5	51347081	51347253	DNA/TcMar-Tigger	474	-	86	51347167	15353
chr5	51331814	51531814	harbor1	chr5	51359920	51360148	DNA/TcMar-Tigger	529	-	114	51360034	28220
chr5	81728658	81928658	harbor1	chr5	81735343	81735688	DNA/TcMar-Tigger	1929	-	172	81735515	6857
chr5	81728658	81928658	harbor1	chr5	81781282	81781689	DNA/TcMar-Tigger	7822	-	204	81781486	52828
chr5	81728658	81928658	harbor1	chr5	81781993	81782201	DNA/TcMar-Tigger	7822	-	104	81782097	53439
chr5	81728658	81928658	harbor1	chr5	81782514	81783133	DNA/TcMar-Tigger	7822	-	310	81782824	54166
chr5	57939556	58139556	harbor1	chr5	57963298	57963505	DNA/TcMar-Tigger	1154	-	104	57963402	23846
chr5	57939556	58139556	harbor1	chr5	57984146	57984219	DNA/TcMar-Tigger	437	-	36	57984182	44626
chr5	57939556	58139556	harbor1	chr5	57984558	57984876	DNA/TcMar-Tigger	2129	-	159	57984717	45161
chr5	57939556	58139556	harbor1	chr5	58002355	58002452	DNA/TcMar-Tigger	520	-	48	58002403	62847
chr5	57939556	58139556	harbor1	chr5	58002451	58002704	DNA/TcMar-Tigger	1306	-	126	58002577	63021
chr5	177041941	177241941	harbor1	chr5	177053808	177053906	DNA/TcMar-Tigger	518	-	49	177053857	11916
chr5	177041941	177241941	harbor1	chr5	177053906	177054075	DNA/TcMar-Tigger	1095	-	84	177053990	12049
chr5	177041941	177241941	harbor1	chr5	177054367	177054387	DNA/TcMar-Tigger	1095	-	10	177054377	12436
chr5	177041941	177241941	harbor1	chr5	177054699	177054785	DNA/TcMar-Tigger	1095	-	43	177054742	12801
chr5	177041941	177241941	harbor1	chr5	177102220	177102477	DNA/TcMar-Tigger	1662	-	128	177102348	60407
chr5	177041941	177241941	harbor1	chr5	177103408	177103515	DNA/TcMar-Tigger	1662	-	54	177103462	61521
chr5	167767179	167967179	harbor1	chr5	167776196	167776314	DNA/TcMar-Tigger	1198	-	59	167776255	9076
chr5	167767179	167967179	harbor1	chr5	167776665	167777211	DNA/TcMar-Tigger	1198	-	273	167776938	9759
chr5	167767179	167967179	harbor1	chr5	167865574	167865855	DNA/TcMar-Tigger	563	-	140	167865714	98535
chr5	24856824	25056824	harbor1	chr5	24931482	24932192	DNA/TcMar-Tigger	3707	-	355	24931837	75013
chr5	24856824	25056824	harbor1	chr5	24932515	24932614	DNA/TcMar-Tigger	552	-	50	24932565	75741
chr5	63320095	63520095	harbor1	chr5	63366970	63367053	DNA/TcMar-Tigger	433	-	42	63367012	46917
chr5	63320095	63520095	harbor1	chr5	63400078	63400502	DNA/TcMar-Tigger	2218	-	212	63400290	80195
chr5	134885083	135085083	harbor1	chr5	134889716	134890041	DNA/TcMar-Tigger	14851	-	162	134889878	4795
chr5	134885083	135085083	harbor1	chr5	134890330	134890396	DNA/TcMar-Tigger	14851	-	33	134890363	5280
chr5	134885083	135085083	harbor1	chr5	134890710	134891650	DNA/TcMar-Tigger	14851	-	470	134891180	6097
chr5	134885083	135085083	harbor1	chr5	134891932	134893172	DNA/TcMar-Tigger	14851	-	620	134892552	7469
chr5	156356183	156556183	harbor1	chr5	156383711	156383996	DNA/TcMar-Tigger	602	-	142	156383853	27670
chr5	51003529	51203529	harbor1	chr5	51060437	51060660	DNA/TcMar-Tigger	442	-	112	51060549	57020
chr5	21019770	21219770	harbor1	chr5	21070093	21070201	DNA/TcMar-Tigger	2135	-	54	21070147	50377
chr5	21019770	21219770	harbor1	chr5	21071195	21071813	DNA/TcMar-Tigger	2135	-	309	21071504	51734
chr5	433245	633245	harbor1	chr5	456101	456406	DNA/TcMar-Tigger	1088	-	152	456253	23008
chr5	76060976	76260976	harbor1	chr5	76058922	76061352	DNA/TcMar-Tigger	14394	-	1215	76060137	839
chr5	107544129	107744129	harbor1	chr5	107630229	107631152	DNA/TcMar-Tigger	5737	-	462	107630691	86562
chr5	107544129	107744129	harbor1	chr5	107631151	107631252	DNA/TcMar-Tigger	574	-	50	107631201	87072
chr5	34075711	34275711	harbor1	chr5	34172102	34172416	DNA/TcMar-Tigger	1551	-	157	34172259	96548
chr5	118198519	118398519	harbor1	chr5	118220481	118221893	DNA/TcMar-Tigger	8803	-	706	118221187	22668
chr5	90365978	90565978	harbor1	chr5	90374549	90377138	DNA/TcMar-Tigger	16314	-	1294	90375843	9865
chr5	90365978	90565978	harbor1	chr5	90374065	90374147	DNA/TcMar-Tigger	16314	-	41	90374106	8128
chr5	93230318	93430318	harbor1	chr5	93236962	93237457	DNA/TcMar-Tigger	2679	-	248	93237210	6892
chr5	93230318	93430318	harbor1	chr5	93313419	93313654	DNA/TcMar-Tigger	1319	-	118	93313537	83219
chr5	93230318	93430318	harbor1	chr5	93306585	93306916	DNA/TcMar-Tigger	1791	-	166	93306751	76433
chr5	34345128	34545128	harbor1	chr5	34383278	34383694	DNA/TcMar-Tigger	1873	-	208	34383486	38358
chr5	34345128	34545128	harbor1	chr5	34396391	34396448	DNA/TcMar-Tigger	10796	-	28	34396419	51291
chr5	34345128	34545128	harbor1	chr5	34396757	34396784	DNA/TcMar-Tigger	10796	-	14	34396771	51643
chr5	34345128	34545128	harbor1	chr5	34397228	34398018	DNA/TcMar-Tigger	10796	-	395	34397623	52495
chr5	34345128	34545128	harbor1	chr5	34398301	34399672	DNA/TcMar-Tigger	10796	-	686	34398987	53859
chr5	39975426	40175426	harbor1	chr5	40062250	40062575	DNA/TcMar-Tigger	1627	-	162	40062412	86986
chr5	26961213	27161213	harbor1	chr5	26972409	26972649	DNA/TcMar-Tigger	859	-	120	26972529	11316
chr5	26961213	27161213	harbor1	chr5	26981200	26981544	DNA/TcMar-Tigger	1893	-	172	26981372	20159
chr5	26961213	27161213	harbor1	chr5	27003008	27003242	DNA/TcMar-Tigger	1134	-	117	27003125	41912
chr5	26961213	27161213	harbor1	chr5	27012047	27012254	DNA/TcMar-Tigger	703	-	104	27012151	50938
chr5	39576991	39776991	harbor1	chr5	39606304	39606512	DNA/TcMar-Tigger	589	-	104	39606408	29417
chr5	39576991	39776991	harbor1	chr5	39634177	39634859	DNA/TcMar-Tigger	3331	-	341	39634518	57527
chr5	39576991	39776991	harbor1	chr5	39638094	39638296	DNA/TcMar-Tigger	1378	-	101	39638195	61204
chr5	39576991	39776991	harbor1	chr5	39666456	39666798	DNA/TcMar-Tigger	1962	-	171	39666627	89636
chr5	62346101	62546101	harbor1	chr5	62376840	62377072	DNA/TcMar-Tigger	1134	-	116	62376956	30855
chr5	62346101	62546101	harbor1	chr5	62380489	62380958	DNA/TcMar-Tigger	2322	-	234	62380723	34622
chr5	62346101	62546101	harbor1	chr5	62382508	62382596	DNA/TcMar-Tigger	572	-	44	62382552	36451
chr5	62346101	62546101	harbor1	chr5	62418922	62419715	DNA/TcMar-Tigger	3979	-	396	62419318	73217
chr5	62346101	62546101	harbor1	chr5	62420311	62420580	DNA/TcMar-Tigger	3404	-	134	62420445	74344
chr5	62346101	62546101	harbor1	chr5	62420871	62420890	DNA/TcMar-Tigger	3404	-	10	62420881	74780
chr5	38461505	38661505	harbor1	chr5	38487594	38487741	DNA/TcMar-Tigger	876	-	74	38487668	26163
chr5	38461505	38661505	harbor1	chr5	38500311	38500639	DNA/TcMar-Tigger	1869	-	164	38500475	38970
chr5	38461505	38661505	harbor1	chr5	38512230	38512342	DNA/TcMar-Tigger	1036	-	56	38512286	50781
chr5	38461505	38661505	harbor1	chr5	38512667	38512793	DNA/TcMar-Tigger	1036	-	63	38512730	51225
chr5	38461505	38661505	harbor1	chr5	38547697	38548030	DNA/TcMar-Tigger	1876	-	166	38547863	86358
chr5	144231643	144431643	harbor1	chr5	144315997	144316334	DNA/TcMar-Tigger	944	-	168	144316165	84522
chr5	173828355	174028355	harbor1	chr5	173841892	173841984	DNA/TcMar-Tigger	2389	-	46	173841938	13583
chr5	173828355	174028355	harbor1	chr5	173842257	173842597	DNA/TcMar-Tigger	2389	-	170	173842427	14072
chr5	89232097	89432097	harbor1	chr5	89291981	89292347	DNA/TcMar-Tigger	1132	-	183	89292164	60067
chr5	27385663	27585663	harbor1	chr5	27385839	27386173	DNA/TcMar-Tigger	1905	-	167	27386006	343
chr5	112697116	112897116	harbor1	chr5	112756818	112757049	DNA/TcMar-Tigger	1367	-	116	112756934	59818
chr5	112697116	112897116	harbor1	chr5	112773418	112773648	DNA/TcMar-Tigger	1187	-	115	112773533	76417
chr5	112697116	112897116	harbor1	chr5	112789234	112789373	DNA/TcMar-Tigger	776	-	70	112789304	92188
chr5	54259303	54459303	harbor1	chr5	54271281	54271602	DNA/TcMar-Tigger	1528	-	160	54271441	12138
chr5	54259303	54459303	harbor1	chr5	54291267	54291461	DNA/TcMar-Tigger	1192	-	97	54291364	32061
chr5	54259303	54459303	harbor1	chr5	54305500	54305862	DNA/TcMar-Tigger	1959	-	181	54305681	46378
chr5	130263508	130463508	harbor1	chr5	130332743	130333467	DNA/TcMar-Tigger	3796	-	362	130333105	69597
chr5	130263508	130463508	harbor1	chr5	130335270	130335460	DNA/TcMar-Tigger	979	-	95	130335365	71857
chr5	175260696	175460696	harbor1	chr5	175305410	175306275	DNA/TcMar-Tigger	5240	-	432	175305842	45146
chr5	175260696	175460696	harbor1	chr5	175306400	175306740	DNA/TcMar-Tigger	1797	-	170	175306570	45874
chr5	89797764	89997764	harbor1	chr5	89831147	89831455	DNA/TcMar-Tigger	515	-	154	89831301	33537
chr5	89797764	89997764	harbor1	chr5	89857898	89858386	DNA/TcMar-Tigger	13974	-	244	89858142	60378
chr5	89797764	89997764	harbor1	chr5	89858686	89860543	DNA/TcMar-Tigger	13974	-	928	89859614	61850
chr5	89797764	89997764	harbor1	chr5	89860767	89860973	DNA/TcMar-Tigger	903	-	103	89860870	63106
chr5	20894218	21094218	harbor1	chr5	20918944	20919381	DNA/TcMar-Tigger	2149	-	218	20919162	24944
chr5	20894218	21094218	harbor1	chr5	20930768	20931122	DNA/TcMar-Tigger	2005	-	177	20930945	36727
chr5	20894218	21094218	harbor1	chr5	20931123	20931671	DNA/TcMar-Tigger	2638	-	274	20931397	37179
chr5	20894218	21094218	harbor1	chr5	20933002	20933440	DNA/TcMar-Tigger	2318	-	219	20933221	39003
chr5	20894218	21094218	harbor1	chr5	20979648	20980273	DNA/TcMar-Tigger	1685	-	312	20979960	85742
chr5	20894218	21094218	harbor1	chr5	20980885	20981048	DNA/TcMar-Tigger	9502	-	82	20980967	86749
chr5	20894218	21094218	harbor1	chr5	20981417	20982941	DNA/TcMar-Tigger	9502	-	762	20982179	87961
chr5	158243711	158443711	harbor1	chr5	158307373	158307617	DNA/TcMar-Tigger	503	-	122	158307495	63784
chr5	40175910	40375910	harbor1	chr5	40176201	40178369	DNA/TcMar-Tigger	12999	-	1084	40177285	1375
chr5	40175910	40375910	harbor1	chr5	40217200	40217883	DNA/TcMar-Tigger	3225	-	342	40217542	41632
chr5	40175910	40375910	harbor1	chr5	40244543	40245212	DNA/TcMar-Tigger	2715	-	334	40244877	68967
chr5	17419368	17619368	harbor1	chr5	17434854	17435224	DNA/TcMar-Tigger	2079	-	185	17435039	15671
chr5	151998542	152198542	harbor1	chr5	152093075	152093311	DNA/TcMar-Tigger	520	-	118	152093193	94651
chr5	149108535	149308535	harbor1	chr5	149144878	149144982	DNA/TcMar-Tigger	632	-	52	149144930	36395
chr5	149108535	149308535	harbor1	chr5	149147525	149147630	DNA/TcMar-Tigger	545	-	52	149147577	39042
chr5	149108535	149308535	harbor1	chr5	149180927	149181166	DNA/TcMar-Tigger	452	-	120	149181047	72512
chr5	159930021	160130021	harbor1	chr5	159952148	159952485	DNA/TcMar-Tigger	1802	-	168	159952316	22295
chr5	71117468	71317468	harbor1	chr5	71158032	71158889	DNA/TcMar-Tigger	5731	-	428	71158460	40992
chr5	71117468	71317468	harbor1	chr5	71159145	71159261	DNA/TcMar-Tigger	5731	-	58	71159203	41735
chr5	71117468	71317468	harbor1	chr5	71161511	71161737	DNA/TcMar-Tigger	5731	-	113	71161624	44156
chr5	71117468	71317468	harbor1	chr5	71210172	71210320	DNA/TcMar-Tigger	2403	-	74	71210246	92778
chr5	71117468	71317468	harbor1	chr5	71210627	71211081	DNA/TcMar-Tigger	2403	-	227	71210854	93386
chr5	120292448	120492448	harbor1	chr5	120356306	120356583	DNA/TcMar-Tigger	624	-	138	120356444	63996
chr5	120292448	120492448	harbor1	chr5	120358505	120358593	DNA/TcMar-Tigger	4866	-	44	120358549	66101
chr5	120292448	120492448	harbor1	chr5	120358899	120360026	DNA/TcMar-Tigger	4866	-	564	120359463	67015
chr5	120292448	120492448	harbor1	chr5	120379991	120380188	DNA/TcMar-Tigger	13719	-	98	120380089	87641
chr5	120292448	120492448	harbor1	chr5	120380493	120382636	DNA/TcMar-Tigger	13719	-	1072	120381565	89117
chr5	38370025	38570025	harbor1	chr5	38385226	38385615	DNA/TcMar-Tigger	1739	-	194	38385420	15395
chr5	38370025	38570025	harbor1	chr5	38385800	38386136	DNA/TcMar-Tigger	1935	-	168	38385968	15943
chr5	38370025	38570025	harbor1	chr5	38403185	38403269	DNA/TcMar-Tigger	582	-	42	38403227	33202
chr5	38370025	38570025	harbor1	chr5	38403269	38403777	DNA/TcMar-Tigger	3100	-	254	38403523	33498
chr5	60923588	61123588	harbor1	chr5	60962184	60962556	DNA/TcMar-Tigger	728	-	186	60962370	38782
chr5	60923588	61123588	harbor1	chr5	60962845	60962878	DNA/TcMar-Tigger	728	-	16	60962861	39273
chr5	60923588	61123588	harbor1	chr5	60963184	60963358	DNA/TcMar-Tigger	728	-	87	60963271	39683
chr5	72258098	72458098	harbor1	chr5	72273387	72274071	DNA/TcMar-Tigger	6403	-	342	72273729	15631
chr5	72258098	72458098	harbor1	chr5	72274379	72274910	DNA/TcMar-Tigger	6403	-	266	72274645	16547
chr5	72258098	72458098	harbor1	chr5	72317807	72317925	DNA/TcMar-Tigger	806	-	59	72317866	59768
chr5	72258098	72458098	harbor1	chr5	72318137	72318335	DNA/TcMar-Tigger	806	-	99	72318236	60138
chr5	119672351	119872351	harbor1	chr5	119742500	119742732	DNA/TcMar-Tigger	1338	-	116	119742616	70265
chr5	119672351	119872351	harbor1	chr5	119742730	119742926	DNA/TcMar-Tigger	948	-	98	119742828	70477
chr5	26799773	26999773	harbor1	chr5	26845471	26845853	DNA/TcMar-Tigger	1584	-	191	26845662	45889
chr5	26799773	26999773	harbor1	chr5	26846531	26846759	DNA/TcMar-Tigger	1156	-	114	26846645	46872
chr5	26799773	26999773	harbor1	chr5	26868523	26868864	DNA/TcMar-Tigger	1069	-	170	26868693	68920
chr5	175848152	176048152	harbor1	chr5	175857395	175857754	DNA/TcMar-Tigger	2323	-	180	175857575	9423
chr5	93904180	94104180	harbor1	chr5	93925511	93925714	DNA/TcMar-Tigger	1025	-	102	93925613	21433
chr5	93904180	94104180	harbor1	chr5	93937687	93938015	DNA/TcMar-Tigger	1789	-	164	93937851	33671
chr5	93904180	94104180	harbor1	chr5	93982527	93982776	DNA/TcMar-Tigger	1751	-	124	93982651	78471
chr5	93904180	94104180	harbor1	chr5	93983052	93983163	DNA/TcMar-Tigger	1751	-	56	93983108	78928
chr5	169152805	169352805	harbor1	chr5	169252439	169252757	DNA/TcMar-Tigger	559	-	159	169252598	99793
chr5	166911735	167111735	harbor1	chr5	166973317	166973669	DNA/TcMar-Tigger	1554	-	176	166973493	61758
chr5	39583943	39783943	harbor1	chr5	39606304	39606512	DNA/TcMar-Tigger	589	-	104	39606408	22465
chr5	39583943	39783943	harbor1	chr5	39634177	39634859	DNA/TcMar-Tigger	3331	-	341	39634518	50575
chr5	39583943	39783943	harbor1	chr5	39638094	39638296	DNA/TcMar-Tigger	1378	-	101	39638195	54252
chr5	39583943	39783943	harbor1	chr5	39666456	39666798	DNA/TcMar-Tigger	1962	-	171	39666627	82684
chr5	116615102	116815102	harbor1	chr5	116647186	116647445	DNA/TcMar-Tigger	1718	-	130	116647316	32214
chr5	116615102	116815102	harbor1	chr5	116666339	116666623	DNA/TcMar-Tigger	1682	-	142	116666481	51379
chr5	32621055	32821055	harbor1	chr5	32635036	32635226	DNA/TcMar-Tigger	681	-	95	32635131	14076
chr5	32621055	32821055	harbor1	chr5	32639426	32639707	DNA/TcMar-Tigger	494	-	140	32639566	18511
chr5	149838695	150038695	harbor1	chr5	149927037	149928231	DNA/TcMar-Tigger	5192	-	597	149927634	88939
chr5	149838695	150038695	harbor1	chr5	149928536	149928728	DNA/TcMar-Tigger	5192	-	96	149928632	89937
chr5	62575511	62775511	harbor1	chr5	62663581	62663716	DNA/TcMar-Tigger	1570	-	68	62663649	88138
chr5	62575511	62775511	harbor1	chr5	62664022	62664086	DNA/TcMar-Tigger	1570	-	32	62664054	88543
chr5	62575511	62775511	harbor1	chr5	62664383	62664545	DNA/TcMar-Tigger	1570	-	81	62664464	88953
chr5	62575511	62775511	harbor1	chr5	62603018	62603795	DNA/TcMar-Tigger	4560	-	388	62603406	27895
chr5	171929045	172129045	harbor1	chr5	171939801	171940124	DNA/TcMar-Tigger	1010	-	162	171939963	10918
chr5	171929045	172129045	harbor1	chr5	171991251	171991597	DNA/TcMar-Tigger	1034	-	173	171991424	62379
chr5	171929045	172129045	harbor1	chr5	172010179	172010325	DNA/TcMar-Tigger	475	-	73	172010252	81207
chr5	40293280	40493280	harbor1	chr5	40313587	40313951	DNA/TcMar-Tigger	2190	-	182	40313769	20489
chr5	40293280	40493280	harbor1	chr5	40333689	40334867	DNA/TcMar-Tigger	6410	-	589	40334278	40998
chr6	7574554	7774554	harbor1	chr6	7637825	7638151	DNA/TcMar-Tigger	1572	-	163	7637988	63434
chr6	7574554	7774554	harbor1	chr6	7652325	7652525	DNA/TcMar-Tigger	633	-	100	7652425	77871
chr6	7574554	7774554	harbor1	chr6	7666449	7666767	DNA/TcMar-Tigger	2001	-	159	7666608	92054
chr6	20161315	20361315	harbor1	chr6	20174229	20174784	DNA/TcMar-Tigger	2677	-	278	20174507	13192
chr6	20161315	20361315	harbor1	chr6	20216768	20216990	DNA/TcMar-Tigger	577	-	111	20216879	55564
chr6	20161315	20361315	harbor1	chr6	20217291	20217412	DNA/TcMar-Tigger	577	-	60	20217351	56036
chr6	128283216	128483216	harbor1	chr6	128333407	128334334	DNA/TcMar-Tigger	4357	-	464	128333871	50655
chr6	128283216	128483216	harbor1	chr6	128352788	128353019	DNA/TcMar-Tigger	723	-	116	128352904	69688
chr6	128283216	128483216	harbor1	chr6	128354069	128354207	DNA/TcMar-Tigger	519	-	69	128354138	70922
chr6	128283216	128483216	harbor1	chr6	128361473	128361815	DNA/TcMar-Tigger	1336	-	171	128361644	78428
chr6	126482795	126682795	harbor1	chr6	126498857	126499217	DNA/TcMar-Tigger	2014	-	180	126499037	16242
chr6	126482795	126682795	harbor1	chr6	126499309	126499637	DNA/TcMar-Tigger	1972	-	164	126499473	16678
chr6	70708947	70908947	harbor1	chr6	70709938	70710210	DNA/TcMar-Tigger	6165	-	136	70710074	1127
chr6	70708947	70908947	harbor1	chr6	70710517	70711404	DNA/TcMar-Tigger	6165	-	444	70710961	2014
chr6	70708947	70908947	harbor1	chr6	70753303	70753641	DNA/TcMar-Tigger	741	-	169	70753472	44525
chr6	70708947	70908947	harbor1	chr6	70765241	70765734	DNA/TcMar-Tigger	2815	-	246	70765487	56540
chr6	70708947	70908947	harbor1	chr6	70771906	70772231	DNA/TcMar-Tigger	1667	-	162	70772068	63121
chr6	70708947	70908947	harbor1	chr6	70807787	70808231	DNA/TcMar-Tigger	2265	-	222	70808009	99062
chr6	105233832	105433832	harbor1	chr6	105271733	105272326	DNA/TcMar-Tigger	2749	-	296	105272029	38197
chr6	105233832	105433832	harbor1	chr6	105290940	105291342	DNA/TcMar-Tigger	14462	-	201	105291141	57309
chr6	105233832	105433832	harbor1	chr6	105291750	105293659	DNA/TcMar-Tigger	14462	-	954	105292704	58872
chr6	105233832	105433832	harbor1	chr6	105313972	105315150	DNA/TcMar-Tigger	15214	-	589	105314561	80729
chr6	105233832	105433832	harbor1	chr6	105315470	105315577	DNA/TcMar-Tigger	15214	-	54	105315524	81692
chr6	105233832	105433832	harbor1	chr6	105315615	105316635	DNA/TcMar-Tigger	15214	-	510	105316125	82293
chr6	109606384	109806384	harbor1	chr6	109626486	109627121	DNA/TcMar-Tigger	3883	-	318	109626804	20420
chr6	109606384	109806384	harbor1	chr6	109627159	109627623	DNA/TcMar-Tigger	3026	-	232	109627391	21007
chr6	147275233	147475233	harbor1	chr6	147276895	147276982	DNA/TcMar-Tigger	465	-	44	147276939	1706
chr6	147275233	147475233	harbor1	chr6	147358535	147358945	DNA/TcMar-Tigger	2275	-	205	147358740	83507
chr6	42900419	43100419	harbor1	chr6	42945372	42945560	DNA/TcMar-Tigger	864	-	94	42945466	45047
chr6	63488918	63688918	harbor1	chr6	63518856	63519032	DNA/TcMar-Tigger	914	-	88	63518944	30026
chr6	63488918	63688918	harbor1	chr6	63519319	63519462	DNA/TcMar-Tigger	914	-	72	63519391	30473
chr6	63488918	63688918	harbor1	chr6	63565942	63566098	DNA/TcMar-Tigger	13698	-	78	63566020	77102
chr6	63488918	63688918	harbor1	chr6	63566560	63568698	DNA/TcMar-Tigger	13698	-	1069	63567629	78711
chr6	159931637	160131637	harbor1	chr6	160001877	160002108	DNA/TcMar-Tigger	2428	-	116	160001993	70356
chr6	159931637	160131637	harbor1	chr6	160002407	160002610	DNA/TcMar-Tigger	2428	-	102	160002509	70872
chr6	150161979	150361979	harbor1	chr6	150182744	150183073	DNA/TcMar-Tigger	2044	-	164	150182908	20929
chr6	150161979	150361979	harbor1	chr6	150233276	150234138	DNA/TcMar-Tigger	4524	-	431	150233707	71728
chr6	36532897	36732897	harbor1	chr6	36589686	36589861	DNA/TcMar-Tigger	1057	-	88	36589774	56877
chr6	86122732	86322732	harbor1	chr6	86171615	86171901	DNA/TcMar-Tigger	714	-	143	86171758	49026
chr6	120948150	121148150	harbor1	chr6	120976740	120977097	DNA/TcMar-Tigger	2188	-	178	120976918	28768
chr6	120948150	121148150	harbor1	chr6	120991471	120991822	DNA/TcMar-Tigger	1644	-	176	120991647	43497
chr6	116620103	116820103	harbor1	chr6	116646073	116646322	DNA/TcMar-Tigger	461	-	124	116646197	26094
chr6	116620103	116820103	harbor1	chr6	116690748	116690947	DNA/TcMar-Tigger	1260	-	100	116690848	70745
chr6	116620103	116820103	harbor1	chr6	116691243	116691291	DNA/TcMar-Tigger	1260	-	24	116691267	71164
chr6	116620103	116820103	harbor1	chr6	116691418	116691504	DNA/TcMar-Tigger	1260	-	43	116691461	71358
chr6	116620103	116820103	harbor1	chr6	116703900	116704041	DNA/TcMar-Tigger	1186	-	70	116703970	83867
chr6	116620103	116820103	harbor1	chr6	116704338	116704484	DNA/TcMar-Tigger	1186	-	73	116704411	84308
chr6	112084800	112284800	harbor1	chr6	112182179	112182488	DNA/TcMar-Tigger	1552	-	154	112182333	97533
chr6	118740268	118940268	harbor1	chr6	118770657	118770745	DNA/TcMar-Tigger	699	-	44	118770701	30433
chr6	118740268	118940268	harbor1	chr6	118771253	118771757	DNA/TcMar-Tigger	5987	-	252	118771505	31237
chr6	118740268	118940268	harbor1	chr6	118771784	118772015	DNA/TcMar-Tigger	5987	-	116	118771900	31632
chr6	118740268	118940268	harbor1	chr6	118772321	118772652	DNA/TcMar-Tigger	5987	-	166	118772487	32219
chr6	118740268	118940268	harbor1	chr6	118801713	118802175	DNA/TcMar-Tigger	4118	-	231	118801944	61676
chr6	118740268	118940268	harbor1	chr6	118802442	118802702	DNA/TcMar-Tigger	4118	-	130	118802572	62304
chr6	118740268	118940268	harbor1	chr6	118802694	118802800	DNA/TcMar-Tigger	571	-	53	118802747	62479
chr6	118740268	118940268	harbor1	chr6	118830487	118830732	DNA/TcMar-Tigger	499	-	122	118830609	90341
chr6	164027340	164227340	harbor1	chr6	164040622	164040735	DNA/TcMar-Tigger	431	-	56	164040678	13338
chr6	164027340	164227340	harbor1	chr6	164115033	164115269	DNA/TcMar-Tigger	1447	-	118	164115151	87811
chr6	63082852	63282852	harbor1	chr6	63100008	63102352	DNA/TcMar-Tigger	13495	-	1172	63101180	18328
chr6	86439643	86639643	harbor1	chr6	86514741	86515127	DNA/TcMar-Tigger	1724	-	193	86514934	75291
chr6	86439643	86639643	harbor1	chr6	86518194	86518556	DNA/TcMar-Tigger	443	-	181	86518375	78732
chr6	126195301	126395301	harbor1	chr6	126253198	126253716	DNA/TcMar-Tigger	2928	-	259	126253457	58156
chr6	126195301	126395301	harbor1	chr6	126276927	126277163	DNA/TcMar-Tigger	637	-	118	126277045	81744
chr6	126195301	126395301	harbor1	chr6	126277645	126278806	DNA/TcMar-Tigger	1833	-	580	126278225	82924
chr6	135031307	135231307	harbor1	chr6	135125274	135125666	DNA/TcMar-Tigger	473	-	196	135125470	94163
chr6	18038607	18238607	harbor1	chr6	18099388	18099714	DNA/TcMar-Tigger	1869	-	163	18099551	60944
chr6	70313575	70513575	harbor1	chr6	70338124	70338491	DNA/TcMar-Tigger	2089	-	184	70338308	24733
chr6	7526584	7726584	harbor1	chr6	7572735	7572982	DNA/TcMar-Tigger	1400	-	124	7572859	46275
chr6	57063399	57263399	harbor1	chr6	57117132	57117369	DNA/TcMar-Tigger	1268	-	118	57117250	53851
chr6	83689592	83889592	harbor1	chr6	83698718	83699016	DNA/TcMar-Tigger	701	-	149	83698867	9275
chr6	83689592	83889592	harbor1	chr6	83774820	83775143	DNA/TcMar-Tigger	1359	-	162	83774982	85390
chr6	12391601	12591601	harbor1	chr6	12470211	12470525	DNA/TcMar-Tigger	1057	-	157	12470368	78767
chr6	107500963	107700963	harbor1	chr6	107583792	107584013	DNA/TcMar-Tigger	1304	-	110	107583902	82939
chr6	39730097	39930097	harbor1	chr6	39765817	39765964	DNA/TcMar-Tigger	597	-	74	39765891	35794
chr6	39730097	39930097	harbor1	chr6	39782127	39782471	DNA/TcMar-Tigger	2210	-	172	39782299	52202
chr6	83763171	83963171	harbor1	chr6	83774820	83775143	DNA/TcMar-Tigger	1359	-	162	83774982	11811
chr6	83763171	83963171	harbor1	chr6	83820614	83820849	DNA/TcMar-Tigger	1622	-	118	83820732	57561
chr6	83763171	83963171	harbor1	chr6	83821154	83821196	DNA/TcMar-Tigger	1622	-	21	83821175	58004
chr6	83763171	83963171	harbor1	chr6	83821203	83821368	DNA/TcMar-Tigger	915	-	82	83821285	58114
chr6	34495959	34695959	harbor1	chr6	34500409	34501174	DNA/TcMar-Tigger	4836	-	382	34500791	4832
chr6	109763746	109963746	harbor1	chr6	109787546	109787703	DNA/TcMar-Tigger	732	-	78	109787624	23878
chr6	109763746	109963746	harbor1	chr6	109787716	109787906	DNA/TcMar-Tigger	3185	-	95	109787811	24065
chr6	109763746	109963746	harbor1	chr6	109788219	109788673	DNA/TcMar-Tigger	3185	-	227	109788446	24700
chr6	51569033	51769033	harbor1	chr6	51613737	51614059	DNA/TcMar-Tigger	1824	-	161	51613898	44865
chr6	152402005	152602005	harbor1	chr6	152475236	152475460	DNA/TcMar-Tigger	1367	-	112	152475348	73343
chr6	152402005	152602005	harbor1	chr6	152475482	152475558	DNA/TcMar-Tigger	435	-	38	152475520	73515
chr6	62572607	62772607	harbor1	chr6	62574013	62574642	DNA/TcMar-Tigger	2475	-	314	62574327	1720
chr6	62572607	62772607	harbor1	chr6	62575045	62575142	DNA/TcMar-Tigger	1359	-	48	62575093	2486
chr6	62572607	62772607	harbor1	chr6	62575143	62576331	DNA/TcMar-Tigger	6611	-	594	62575737	3130
chr6	62572607	62772607	harbor1	chr6	62576332	62576549	DNA/TcMar-Tigger	1359	-	108	62576440	3833
chr6	46871561	47071561	harbor1	chr6	46937504	46938031	DNA/TcMar-Tigger	2918	-	264	46937768	66207
chr6	23922124	24122124	harbor1	chr6	23931610	23931797	DNA/TcMar-Tigger	872	-	94	23931704	9580
chr6	23922124	24122124	harbor1	chr6	23939300	23939379	DNA/TcMar-Tigger	480	-	40	23939340	17216
chr6	23922124	24122124	harbor1	chr6	23964427	23964467	DNA/TcMar-Tigger	3469	-	20	23964447	42323
chr6	23922124	24122124	harbor1	chr6	23964780	23965287	DNA/TcMar-Tigger	3469	-	254	23965034	42910
chr6	83840575	84040575	harbor1	chr6	83866302	83866528	DNA/TcMar-Tigger	1293	-	113	83866415	25840
chr6	83840575	84040575	harbor1	chr6	83894522	83894972	DNA/TcMar-Tigger	2608	-	225	83894747	54172
chr6	83840575	84040575	harbor1	chr6	83918195	83918295	DNA/TcMar-Tigger	442	-	50	83918245	77670
chr6	83840575	84040575	harbor1	chr6	83929908	83930743	DNA/TcMar-Tigger	5506	-	418	83930326	89751
chr6	83840575	84040575	harbor1	chr6	83930857	83931169	DNA/TcMar-Tigger	1910	-	156	83931013	90438
chr6	154414077	154614077	harbor1	chr6	154469737	154469914	DNA/TcMar-Tigger	875	-	88	154469825	55748
chr6	154414077	154614077	harbor1	chr6	154469886	154470081	DNA/TcMar-Tigger	1087	-	98	154469984	55907
chr6	152414955	152614955	harbor1	chr6	152475236	152475460	DNA/TcMar-Tigger	1367	-	112	152475348	60393
chr6	152414955	152614955	harbor1	chr6	152475482	152475558	DNA/TcMar-Tigger	435	-	38	152475520	60565
chr6	153304996	153504996	harbor1	chr6	153363047	153363124	DNA/TcMar-Tigger	427	-	38	153363085	58089
chr6	49492327	49692327	harbor1	chr6	49509188	49509802	DNA/TcMar-Tigger	2716	-	307	49509495	17168
chr6	17858844	18058844	harbor1	chr6	17895995	17896235	DNA/TcMar-Tigger	1516	-	120	17896115	37271
chr6	17858844	18058844	harbor1	chr6	17943016	17943309	DNA/TcMar-Tigger	912	-	146	17943162	84318
chr6	17858844	18058844	harbor1	chr6	17943741	17943931	DNA/TcMar-Tigger	477	-	95	17943836	84992
chr6	62118920	62318920	harbor1	chr6	62130621	62130971	DNA/TcMar-Tigger	2018	-	175	62130796	11876
chr6	62118920	62318920	harbor1	chr6	62159563	62160001	DNA/TcMar-Tigger	2451	-	219	62159782	40862
chr6	62118920	62318920	harbor1	chr6	62204395	62204622	DNA/TcMar-Tigger	1172	-	114	62204509	85589
chr6	62118920	62318920	harbor1	chr6	62204722	62204932	DNA/TcMar-Tigger	765	-	105	62204827	85907
chr6	51541284	51741284	harbor1	chr6	51613737	51614059	DNA/TcMar-Tigger	1824	-	161	51613898	72614
chr6	56356147	56556147	harbor1	chr6	56401873	56402189	DNA/TcMar-Tigger	1534	-	158	56402031	45884
chr6	37781668	37981668	harbor1	chr6	37864807	37864897	DNA/TcMar-Tigger	1765	-	45	37864852	83184
chr6	37781668	37981668	harbor1	chr6	37865199	37865446	DNA/TcMar-Tigger	1765	-	124	37865323	83655
chr6	14854122	15054122	harbor1	chr6	14939415	14939621	DNA/TcMar-Tigger	510	-	103	14939518	85396
chr6	153802596	154002596	harbor1	chr6	153830135	153830483	DNA/TcMar-Tigger	1888	-	174	153830309	27713
chr6	153802596	154002596	harbor1	chr6	153871566	153871852	DNA/TcMar-Tigger	1370	-	143	153871709	69113
chr6	153802596	154002596	harbor1	chr6	153871846	153872151	DNA/TcMar-Tigger	8077	-	152	153871998	69402
chr6	153802596	154002596	harbor1	chr6	153872436	153873683	DNA/TcMar-Tigger	8077	-	624	153873060	70464
chr6	22547808	22747808	harbor1	chr6	22634522	22634616	DNA/TcMar-Tigger	545	-	47	22634569	86761
chr6	22547808	22747808	harbor1	chr6	22634607	22634721	DNA/TcMar-Tigger	689	-	57	22634664	86856
chr6	22547808	22747808	harbor1	chr6	22637580	22638136	DNA/TcMar-Tigger	3028	-	278	22637858	90050
chr6	22547808	22747808	harbor1	chr6	22638439	22638536	DNA/TcMar-Tigger	3028	-	48	22638487	90679
chr6	89472274	89672274	harbor1	chr6	89527116	89527313	DNA/TcMar-Tigger	14747	-	98	89527214	54940
chr6	89472274	89672274	harbor1	chr6	89527632	89527800	DNA/TcMar-Tigger	14747	-	84	89527716	55442
chr6	89472274	89672274	harbor1	chr6	89528113	89529971	DNA/TcMar-Tigger	14747	-	929	89529042	56768
chr6	89472274	89672274	harbor1	chr6	89530266	89530448	DNA/TcMar-Tigger	14747	-	91	89530357	58083
chr6	131062950	131262950	harbor1	chr6	131117450	131117703	DNA/TcMar-Tigger	1731	-	126	131117576	54626
chr6	131062950	131262950	harbor1	chr6	131118004	131118087	DNA/TcMar-Tigger	1731	-	42	131118046	55096
chr6	115463784	115663784	harbor1	chr6	115473976	115474320	DNA/TcMar-Tigger	1925	-	172	115474148	10364
chr6	158827230	159027230	harbor1	chr6	158923798	158923904	DNA/TcMar-Tigger	568	-	53	158923851	96621
chr6	158827230	159027230	harbor1	chr6	158923905	158924178	DNA/TcMar-Tigger	1492	-	136	158924041	96811
chr6	80560341	80760341	harbor1	chr6	80655122	80655201	DNA/TcMar-Tigger	481	-	40	80655162	94821
chr6	80560341	80760341	harbor1	chr6	80655283	80655360	DNA/TcMar-Tigger	448	-	38	80655321	94980
chr6	80560341	80760341	harbor1	chr6	80655430	80655886	DNA/TcMar-Tigger	2370	-	228	80655658	95317
chr6	68244425	68444425	harbor1	chr6	68258507	68259087	DNA/TcMar-Tigger	2250	-	290	68258797	14372
chr6	107052290	107252290	harbor1	chr6	107104438	107104641	DNA/TcMar-Tigger	1160	-	102	107104540	52250
chr6	54638971	54838971	harbor1	chr6	54692890	54692984	DNA/TcMar-Tigger	567	-	47	54692937	53966
chr6	54638971	54838971	harbor1	chr6	54693113	54693365	DNA/TcMar-Tigger	573	-	126	54693239	54268
chr6	67837123	68037123	harbor1	chr6	67845160	67845391	DNA/TcMar-Tigger	929	-	116	67845276	8153
chr6	67837123	68037123	harbor1	chr6	67845392	67846137	DNA/TcMar-Tigger	9100	-	372	67845764	8641
chr6	67837123	68037123	harbor1	chr6	67846432	67847346	DNA/TcMar-Tigger	9100	-	457	67846889	9766
chr6	52398660	52598660	harbor1	chr6	52440070	52440475	DNA/TcMar-Tigger	2397	-	202	52440272	41612
chr6	52398660	52598660	harbor1	chr6	52479987	52480400	DNA/TcMar-Tigger	2352	-	206	52480193	81533
chr6	52398660	52598660	harbor1	chr6	52481965	52482061	DNA/TcMar-Tigger	4637	-	48	52482013	83353
chr6	52398660	52598660	harbor1	chr6	52482357	52483305	DNA/TcMar-Tigger	4637	-	474	52482831	84171
chr6	52398660	52598660	harbor1	chr6	52494100	52494181	DNA/TcMar-Tigger	429	-	40	52494140	95480
chr6	104129804	104329804	harbor1	chr6	104160609	104161695	DNA/TcMar-Tigger	5909	-	543	104161152	31348
chr6	157157173	157357173	harbor1	chr6	157254402	157254640	DNA/TcMar-Tigger	1087	-	119	157254521	97348
chr6	133795859	133995859	harbor1	chr6	133850539	133851005	DNA/TcMar-Tigger	2762	-	233	133850772	54913
chr6	167796336	167996336	harbor1	chr6	167868515	167868762	DNA/TcMar-Tigger	423	-	124	167868639	72303
chr6	167796336	167996336	harbor1	chr6	167869966	167870090	DNA/TcMar-Tigger	441	-	62	167870028	73692
chr6	167796336	167996336	harbor1	chr6	167883504	167885833	DNA/TcMar-Tigger	13660	-	1164	167884668	88332
chr6	16321069	16521069	harbor1	chr6	16352675	16353199	DNA/TcMar-Tigger	2915	-	262	16352937	31868
chr6	30139090	30339090	harbor1	chr6	30197580	30197903	DNA/TcMar-Tigger	1805	-	162	30197742	58652
chr6	30139090	30339090	harbor1	chr6	30210549	30210812	DNA/TcMar-Tigger	1039	-	132	30210681	71591
chr6	30139090	30339090	harbor1	chr6	30210819	30210972	DNA/TcMar-Tigger	888	-	76	30210895	71805
chr6	123912068	124112068	harbor1	chr6	123929736	123929961	DNA/TcMar-Tigger	1423	-	112	123929848	17780
chr6	123912068	124112068	harbor1	chr6	123940399	123941593	DNA/TcMar-Tigger	6190	-	597	123940996	28928
chr6	123912068	124112068	harbor1	chr6	124006956	124007302	DNA/TcMar-Tigger	2215	-	173	124007129	95061
chr6	125713762	125913762	harbor1	chr6	125793589	125793819	DNA/TcMar-Tigger	433	-	115	125793704	79942
chr6	125713762	125913762	harbor1	chr6	125796358	125796643	DNA/TcMar-Tigger	1656	-	142	125796500	82738
chr6	125713762	125913762	harbor1	chr6	125796896	125796951	DNA/TcMar-Tigger	1656	-	28	125796924	83162
chr6	62971758	63171758	harbor1	chr6	63021768	63022024	DNA/TcMar-Tigger	1062	-	128	63021896	50138
chr6	80717104	80917104	harbor1	chr6	80737937	80738309	DNA/TcMar-Tigger	1896	-	186	80738123	21019
chr6	82061012	82261012	harbor1	chr6	82065651	82066023	DNA/TcMar-Tigger	2177	-	186	82065837	4825
chr6	82061012	82261012	harbor1	chr6	82147472	82147848	DNA/TcMar-Tigger	1976	-	188	82147660	86648
chr6	49235875	49435875	harbor1	chr6	49286038	49288380	DNA/TcMar-Tigger	13658	-	1171	49287209	51334
chr6	94591099	94791099	harbor1	chr6	94683583	94683899	DNA/TcMar-Tigger	952	-	158	94683741	92642
chr6	10559409	10759409	harbor1	chr6	10625710	10626076	DNA/TcMar-Tigger	1895	-	183	10625893	66484
chr6	10559409	10759409	harbor1	chr6	10653497	10653725	DNA/TcMar-Tigger	1162	-	114	10653611	94202
chr6	129617422	129817422	harbor1	chr6	129620065	129620379	DNA/TcMar-Tigger	1668	-	157	129620222	2800
chr6	118119946	118319946	harbor1	chr6	118167296	118167903	DNA/TcMar-Tigger	3543	-	304	118167600	47654
chr6	118119946	118319946	harbor1	chr6	118168279	118168600	DNA/TcMar-Tigger	1964	-	160	118168439	48493
chr6	124262984	124462984	harbor1	chr6	124267666	124268169	DNA/TcMar-Tigger	573	-	252	124267918	4934
chr6	124262984	124462984	harbor1	chr6	124285673	124285965	DNA/TcMar-Tigger	1707	-	146	124285819	22835
chr6	124262984	124462984	harbor1	chr6	124297136	124297508	DNA/TcMar-Tigger	2135	-	186	124297322	34338
chr6	120486239	120686239	harbor1	chr6	120529545	120529762	DNA/TcMar-Tigger	708	-	108	120529653	43414
chr6	43641333	43841333	harbor1	chr6	43658333	43658569	DNA/TcMar-Tigger	1225	-	118	43658451	17118
chr6	43641333	43841333	harbor1	chr6	43658986	43659225	DNA/TcMar-Tigger	1645	-	120	43659106	17773
chr6	43641333	43841333	harbor1	chr6	43660341	43660452	DNA/TcMar-Tigger	9874	-	56	43660397	19064
chr6	43641333	43841333	harbor1	chr6	43660763	43661378	DNA/TcMar-Tigger	9874	-	308	43661071	19738
chr6	43641333	43841333	harbor1	chr6	43661689	43661904	DNA/TcMar-Tigger	9874	-	108	43661797	20464
chr6	43641333	43841333	harbor1	chr6	43662179	43662366	DNA/TcMar-Tigger	9874	-	94	43662273	20940
chr6	43641333	43841333	harbor1	chr6	43662667	43662793	DNA/TcMar-Tigger	9874	-	63	43662730	21397
chr6	43641333	43841333	harbor1	chr6	43663097	43663212	DNA/TcMar-Tigger	9874	-	58	43663155	21822
chr6	43641333	43841333	harbor1	chr6	43663519	43663747	DNA/TcMar-Tigger	9874	-	114	43663633	22300
chr6	43641333	43841333	harbor1	chr6	43664043	43664195	DNA/TcMar-Tigger	9874	-	76	43664119	22786
chr6	54744822	54944822	harbor1	chr6	54753869	54754027	DNA/TcMar-Tigger	857	-	79	54753948	9126
chr6	54744822	54944822	harbor1	chr6	54753995	54754193	DNA/TcMar-Tigger	963	-	99	54754094	9272
chr6	98437313	98637313	harbor1	chr6	98438260	98439085	DNA/TcMar-Tigger	4856	-	412	98438672	1359
chr6	98437313	98637313	harbor1	chr6	98439092	98439539	DNA/TcMar-Tigger	2426	-	224	98439316	2003
chr6	14268936	14468936	harbor1	chr6	14334524	14334926	DNA/TcMar-Tigger	2243	-	201	14334725	65789
chr6	14268936	14468936	harbor1	chr6	14365578	14365884	DNA/TcMar-Tigger	1741	-	153	14365731	96795
chr6	61765722	61965722	harbor1	chr6	61814744	61814830	DNA/TcMar-Tigger	537	-	43	61814787	49065
chr6	61765722	61965722	harbor1	chr6	61814831	61815166	DNA/TcMar-Tigger	1804	-	168	61814999	49277
chr6	61765722	61965722	harbor1	chr6	61815196	61815418	DNA/TcMar-Tigger	1199	-	111	61815307	49585
chr6	121930625	122130625	harbor1	chr6	122024031	122024363	DNA/TcMar-Tigger	1890	-	166	122024197	93572
chr6	49667690	49867690	harbor1	chr6	49684145	49684492	DNA/TcMar-Tigger	1837	-	174	49684319	16629
chr6	49667690	49867690	harbor1	chr6	49749104	49749290	DNA/TcMar-Tigger	798	-	93	49749197	81507
chr6	49667690	49867690	harbor1	chr6	49762291	49762673	DNA/TcMar-Tigger	2195	-	191	49762482	94792
chr6	15922776	16122776	harbor1	chr6	15992436	15992575	DNA/TcMar-Tigger	473	-	70	15992506	69730
chr6	15922776	16122776	harbor1	chr6	15992993	15993094	DNA/TcMar-Tigger	473	-	50	15993043	70267
chr6	115482519	115682519	harbor1	chr6	115573321	115573548	DNA/TcMar-Tigger	1203	-	114	115573435	90916
chr6	149029854	149229854	harbor1	chr6	149086652	149087002	DNA/TcMar-Tigger	1363	-	175	149086827	56973
chr6	152447208	152647208	harbor1	chr6	152475236	152475460	DNA/TcMar-Tigger	1367	-	112	152475348	28140
chr6	152447208	152647208	harbor1	chr6	152475482	152475558	DNA/TcMar-Tigger	435	-	38	152475520	28312
chr6	87397046	87597046	harbor1	chr6	87487403	87487959	DNA/TcMar-Tigger	2712	-	278	87487681	90635
chr6	87397046	87597046	harbor1	chr6	87491087	87491323	DNA/TcMar-Tigger	1339	-	118	87491205	94159
chr6	67687777	67887777	harbor1	chr6	67784018	67784616	DNA/TcMar-Tigger	2666	-	299	67784317	96540
chr6	88396770	88596770	harbor1	chr6	88495556	88495742	DNA/TcMar-Tigger	1109	-	93	88495649	98879
chr6	100328098	100528098	harbor1	chr6	100388179	100388418	DNA/TcMar-Tigger	1081	-	120	100388299	60201
chr6	100328098	100528098	harbor1	chr6	100404381	100404747	DNA/TcMar-Tigger	1142	-	183	100404564	76466
chr6	102495215	102695215	harbor1	chr6	102508671	102509023	DNA/TcMar-Tigger	2033	-	176	102508847	13632
chr6	102495215	102695215	harbor1	chr6	102527563	102527746	DNA/TcMar-Tigger	962	-	92	102527655	32440
chr6	102495215	102695215	harbor1	chr6	102567269	102567820	DNA/TcMar-Tigger	2815	-	276	102567545	72330
chr6	113826200	114026200	harbor1	chr6	113851801	113852032	DNA/TcMar-Tigger	1506	-	116	113851917	25717
chr6	113826200	114026200	harbor1	chr6	113852071	113852329	DNA/TcMar-Tigger	1372	-	129	113852200	26000
chr6	166497020	166697020	harbor1	chr6	166502895	166503215	DNA/TcMar-Tigger	1537	-	160	166503055	6035
chr6	22345476	22545476	harbor1	chr6	22405709	22406117	DNA/TcMar-Tigger	2269	-	204	22405913	60437
chr6	22345476	22545476	harbor1	chr6	22436666	22436964	DNA/TcMar-Tigger	2010	-	149	22436815	91339
chr6	22345476	22545476	harbor1	chr6	22437673	22437990	DNA/TcMar-Tigger	1759	-	158	22437831	92355
chr6	69606676	69806676	harbor1	chr6	69647250	69647561	DNA/TcMar-Tigger	1937	-	156	69647406	40730
chr6	69606676	69806676	harbor1	chr6	69677995	69678416	DNA/TcMar-Tigger	2469	-	210	69678205	71529
chr6	69606676	69806676	harbor1	chr6	69678426	69678493	DNA/TcMar-Tigger	458	-	34	69678460	71784
chr6	69606676	69806676	harbor1	chr6	69689905	69690032	DNA/TcMar-Tigger	471	-	64	69689969	83293
chr6	69606676	69806676	harbor1	chr6	69695456	69695746	DNA/TcMar-Tigger	1160	-	145	69695601	88925
chr6	157784610	157984610	harbor1	chr6	157843631	157843866	DNA/TcMar-Tigger	947	-	118	157843749	59139
chr6	157784610	157984610	harbor1	chr6	157845061	157845099	DNA/TcMar-Tigger	947	-	19	157845080	60470
chr6	157784610	157984610	harbor1	chr6	157845411	157845716	DNA/TcMar-Tigger	947	-	152	157845563	60953
chr6	157784610	157984610	harbor1	chr6	157861650	157862180	DNA/TcMar-Tigger	2926	-	265	157861915	77305
chr6	157784610	157984610	harbor1	chr6	157843236	157843622	DNA/TcMar-Tigger	2361	-	193	157843429	58819
chr6	8421512	8621512	harbor1	chr6	8426146	8426339	DNA/TcMar-Tigger	1120	-	96	8426242	4730
chr6	8421512	8621512	harbor1	chr6	8427432	8427577	DNA/TcMar-Tigger	560	-	72	8427504	5992
chr6	8421512	8621512	harbor1	chr6	8442885	8443219	DNA/TcMar-Tigger	1857	-	167	8443052	21540
chr6	8421512	8621512	harbor1	chr6	8510818	8511195	DNA/TcMar-Tigger	1714	-	188	8511006	89494
chr6	125553650	125753650	harbor1	chr6	125648739	125648994	DNA/TcMar-Tigger	744	-	128	125648867	95217
chr6	40313388	40513388	harbor1	chr6	40364445	40364811	DNA/TcMar-Tigger	1953	-	183	40364628	51240
chr6	166289202	166489202	harbor1	chr6	166323706	166323859	DNA/TcMar-Tigger	551	-	76	166323782	34580
chr6	166289202	166489202	harbor1	chr6	166348894	166351241	DNA/TcMar-Tigger	16112	-	1174	166350068	60866
chr6	166289202	166489202	harbor1	chr6	166365587	166365803	DNA/TcMar-Tigger	1312	-	108	166365695	76493
chr6	166289202	166489202	harbor1	chr6	166371651	166371977	DNA/TcMar-Tigger	1849	-	163	166371814	82612
chr6	166289202	166489202	harbor1	chr6	166374997	166375400	DNA/TcMar-Tigger	2201	-	202	166375199	85997
chr7	80221462	80421462	harbor1	chr7	80222813	80223167	DNA/TcMar-Tigger	1966	-	177	80222990	1528
chr7	80221462	80421462	harbor1	chr7	80228688	80229053	DNA/TcMar-Tigger	884	-	182	80228870	7408
chr7	80221462	80421462	harbor1	chr7	80237280	80237574	DNA/TcMar-Tigger	3567	-	147	80237427	15965
chr7	80221462	80421462	harbor1	chr7	80237954	80238028	DNA/TcMar-Tigger	3567	-	37	80237991	16529
chr7	80221462	80421462	harbor1	chr7	80238324	80238719	DNA/TcMar-Tigger	3567	-	198	80238522	17060
chr7	80221462	80421462	harbor1	chr7	80238711	80238813	DNA/TcMar-Tigger	652	-	51	80238762	17300
chr7	80221462	80421462	harbor1	chr7	80264047	80264133	DNA/TcMar-Tigger	466	-	43	80264090	42628
chr7	80221462	80421462	harbor1	chr7	80264372	80264580	DNA/TcMar-Tigger	1253	-	104	80264476	43014
chr7	80221462	80421462	harbor1	chr7	80275839	80276143	DNA/TcMar-Tigger	1732	-	152	80275991	54529
chr7	133378143	133578143	harbor1	chr7	133405588	133405912	DNA/TcMar-Tigger	1239	-	162	133405750	27607
chr7	133378143	133578143	harbor1	chr7	133454713	133454816	DNA/TcMar-Tigger	1080	-	52	133454765	76622
chr7	133378143	133578143	harbor1	chr7	133455092	133455224	DNA/TcMar-Tigger	1080	-	66	133455158	77015
chr7	133378143	133578143	harbor1	chr7	133455227	133455380	DNA/TcMar-Tigger	835	-	76	133455303	77160
chr7	43428129	43628129	harbor1	chr7	43485428	43485860	DNA/TcMar-Tigger	3453	-	216	43485644	57515
chr7	43428129	43628129	harbor1	chr7	43486601	43486753	DNA/TcMar-Tigger	3453	-	76	43486677	58548
chr7	43428129	43628129	harbor1	chr7	43516677	43517059	DNA/TcMar-Tigger	2062	-	191	43516868	88739
chr7	51057207	51257207	harbor1	chr7	51149296	51149601	DNA/TcMar-Tigger	969	-	152	51149448	92241
chr7	51057207	51257207	harbor1	chr7	51149925	51150024	DNA/TcMar-Tigger	969	-	50	51149975	92768
chr7	72417129	72617129	harbor1	chr7	72438963	72439038	DNA/TcMar-Tigger	2508	-	38	72439001	21872
chr7	72417129	72617129	harbor1	chr7	72439332	72439575	DNA/TcMar-Tigger	2508	-	122	72439454	22325
chr7	72417129	72617129	harbor1	chr7	72439877	72440025	DNA/TcMar-Tigger	2508	-	74	72439951	22822
chr7	72417129	72617129	harbor1	chr7	72485992	72486291	DNA/TcMar-Tigger	1995	-	150	72486142	69013
chr7	105424269	105624269	harbor1	chr7	105424615	105424891	DNA/TcMar-Tigger	9549	-	138	105424753	484
chr7	105424269	105624269	harbor1	chr7	105425198	105425228	DNA/TcMar-Tigger	9549	-	15	105425213	944
chr7	105424269	105624269	harbor1	chr7	105425527	105426053	DNA/TcMar-Tigger	9549	-	263	105425790	1521
chr7	105424269	105624269	harbor1	chr7	105426343	105427384	DNA/TcMar-Tigger	9549	-	520	105426863	2594
chr7	105424269	105624269	harbor1	chr7	105461650	105461896	DNA/TcMar-Tigger	1438	-	123	105461773	37504
chr7	105424269	105624269	harbor1	chr7	105462065	105462085	DNA/TcMar-Tigger	1438	-	10	105462075	37806
chr7	14407201	14607201	harbor1	chr7	14433725	14434082	DNA/TcMar-Tigger	2056	-	178	14433903	26702
chr7	14407201	14607201	harbor1	chr7	14452726	14453019	DNA/TcMar-Tigger	1555	-	146	14452872	45671
chr7	14407201	14607201	harbor1	chr7	14493238	14493599	DNA/TcMar-Tigger	1899	-	180	14493418	86217
chr7	14407201	14607201	harbor1	chr7	14493585	14493828	DNA/TcMar-Tigger	1273	-	122	14493707	86506
chr7	82707805	82907805	harbor1	chr7	82724417	82724730	DNA/TcMar-Tigger	1896	-	156	82724573	16768
chr7	72785443	72985443	harbor1	chr7	72788368	72788521	DNA/TcMar-Tigger	826	-	76	72788444	3001
chr7	72785443	72985443	harbor1	chr7	72789437	72789520	DNA/TcMar-Tigger	528	-	42	72789479	4036
chr7	72785443	72985443	harbor1	chr7	72812079	72812426	DNA/TcMar-Tigger	1828	-	174	72812253	26810
chr7	139560079	139760079	harbor1	chr7	139597864	139598193	DNA/TcMar-Tigger	1919	-	164	139598028	37949
chr7	139560079	139760079	harbor1	chr7	139601629	139601864	DNA/TcMar-Tigger	445	-	118	139601747	41668
chr7	139560079	139760079	harbor1	chr7	139602254	139602661	DNA/TcMar-Tigger	528	-	204	139602458	42379
chr7	53666169	53866169	harbor1	chr7	53702272	53702635	DNA/TcMar-Tigger	1998	-	182	53702454	36285
chr7	53666169	53866169	harbor1	chr7	53711516	53711753	DNA/TcMar-Tigger	1374	-	118	53711634	45465
chr7	82399330	82599330	harbor1	chr7	82409765	82410100	DNA/TcMar-Tigger	2052	-	168	82409933	10603
chr7	82399330	82599330	harbor1	chr7	82469995	82470135	DNA/TcMar-Tigger	1481	-	70	82470065	70735
chr7	82399330	82599330	harbor1	chr7	82470438	82470637	DNA/TcMar-Tigger	1481	-	100	82470538	71208
chr7	80070013	80270013	harbor1	chr7	80122280	80122609	DNA/TcMar-Tigger	1799	-	164	80122444	52431
chr7	27595592	27795592	harbor1	chr7	27596676	27596902	DNA/TcMar-Tigger	1453	-	113	27596789	1197
chr7	27595592	27795592	harbor1	chr7	27640691	27640954	DNA/TcMar-Tigger	1163	-	132	27640823	45231
chr7	27595592	27795592	harbor1	chr7	27646414	27646507	DNA/TcMar-Tigger	512	-	46	27646460	50868
chr7	27595592	27795592	harbor1	chr7	27646997	27647430	DNA/TcMar-Tigger	2487	-	216	27647213	51621
chr7	134998339	135198339	harbor1	chr7	135027899	135030240	DNA/TcMar-Tigger	14509	-	1170	135029069	30730
chr7	134998339	135198339	harbor1	chr7	135030408	135030486	DNA/TcMar-Tigger	508	-	39	135030447	32108
chr7	134998339	135198339	harbor1	chr7	135091291	135091524	DNA/TcMar-Tigger	1305	-	116	135091407	93068
chr7	113615979	113815979	harbor1	chr7	113628549	113628816	DNA/TcMar-Tigger	5202	-	134	113628683	12704
chr7	113615979	113815979	harbor1	chr7	113628846	113629637	DNA/TcMar-Tigger	5202	-	396	113629242	13263
chr7	113615979	113815979	harbor1	chr7	113662735	113663080	DNA/TcMar-Tigger	1465	-	172	113662907	46928
chr7	113615979	113815979	harbor1	chr7	113680057	113680480	DNA/TcMar-Tigger	2354	-	212	113680269	64290
chr7	113615979	113815979	harbor1	chr7	113714286	113714684	DNA/TcMar-Tigger	2035	-	199	113714485	98506
chr7	105787914	105987914	harbor1	chr7	105827745	105828061	DNA/TcMar-Tigger	1145	-	158	105827903	39989
chr7	102140751	102340751	harbor1	chr7	102186475	102186751	DNA/TcMar-Tigger	1547	-	138	102186613	45862
chr7	102140751	102340751	harbor1	chr7	102187044	102187098	DNA/TcMar-Tigger	1547	-	27	102187071	46320
chr7	8868392	9068392	harbor1	chr7	8922443	8923052	DNA/TcMar-Tigger	2671	-	304	8922747	54355
chr7	32922647	33122647	harbor1	chr7	32977279	32977611	DNA/TcMar-Tigger	1826	-	166	32977445	54798
chr7	140789845	140989845	harbor1	chr7	140793356	140793631	DNA/TcMar-Tigger	1039	-	138	140793494	3649
chr7	140789845	140989845	harbor1	chr7	140793926	140794053	DNA/TcMar-Tigger	1039	-	64	140793990	4145
chr7	140789845	140989845	harbor1	chr7	140879513	140879726	DNA/TcMar-Tigger	7480	-	106	140879619	89774
chr7	140789845	140989845	harbor1	chr7	140880032	140880732	DNA/TcMar-Tigger	7480	-	350	140880382	90537
chr7	140789845	140989845	harbor1	chr7	140880970	140881336	DNA/TcMar-Tigger	7480	-	183	140881153	91308
chr7	140789845	140989845	harbor1	chr7	140881330	140881416	DNA/TcMar-Tigger	659	-	43	140881373	91528
chr7	140789845	140989845	harbor1	chr7	140881531	140882145	DNA/TcMar-Tigger	3759	-	307	140881838	91993
chr7	140789845	140989845	harbor1	chr7	140887242	140887423	DNA/TcMar-Tigger	552	-	90	140887332	97487
chr7	6133836	6333836	harbor1	chr7	6150889	6151428	DNA/TcMar-Tigger	2963	-	270	6151159	17323
chr7	6133836	6333836	harbor1	chr7	6151743	6151970	DNA/TcMar-Tigger	936	-	114	6151857	18021
chr7	34633287	34833287	harbor1	chr7	34662049	34662422	DNA/TcMar-Tigger	849	-	186	34662235	28948
chr7	34633287	34833287	harbor1	chr7	34679479	34679691	DNA/TcMar-Tigger	952	-	106	34679585	46298
chr7	34633287	34833287	harbor1	chr7	34697444	34697760	DNA/TcMar-Tigger	1280	-	158	34697602	64315
chr7	52809442	53009442	harbor1	chr7	52908126	52908419	DNA/TcMar-Tigger	1430	-	146	52908272	98830
chr7	135577470	135777470	harbor1	chr7	135612171	135612789	DNA/TcMar-Tigger	3158	-	309	135612480	35010
chr7	135577470	135777470	harbor1	chr7	135649082	135649404	DNA/TcMar-Tigger	1017	-	161	135649243	71773
chr7	135577470	135777470	harbor1	chr7	135669546	135669935	DNA/TcMar-Tigger	716	-	194	135669740	92270
chr7	43593935	43793935	harbor1	chr7	43631740	43632714	DNA/TcMar-Tigger	7418	-	487	43632227	38292
chr7	43593935	43793935	harbor1	chr7	43632849	43633334	DNA/TcMar-Tigger	7418	-	242	43633091	39156
chr7	43593935	43793935	harbor1	chr7	43633342	43633751	DNA/TcMar-Tigger	2599	-	204	43633546	39611
chr7	109403398	109603398	harbor1	chr7	109476017	109477075	DNA/TcMar-Tigger	6198	-	529	109476546	73148
chr7	109403398	109603398	harbor1	chr7	109485400	109485720	DNA/TcMar-Tigger	1435	-	160	109485560	82162
chr7	5082343	5282343	harbor1	chr7	5179597	5179709	DNA/TcMar-Tigger	642	-	56	5179653	97310
chr7	71259016	71459016	harbor1	chr7	71287535	71287768	DNA/TcMar-Tigger	1387	-	116	71287651	28635
chr7	71259016	71459016	harbor1	chr7	71288243	71288445	DNA/TcMar-Tigger	1049	-	101	71288344	29328
chr7	71259016	71459016	harbor1	chr7	71289042	71289148	DNA/TcMar-Tigger	474	-	53	71289095	30079
chr7	115010832	115210832	harbor1	chr7	115075598	115075743	DNA/TcMar-Tigger	617	-	72	115075670	64838
chr7	115010832	115210832	harbor1	chr7	115105965	115106851	DNA/TcMar-Tigger	5468	-	443	115106408	95576
chr7	115010832	115210832	harbor1	chr7	115107153	115107311	DNA/TcMar-Tigger	5468	-	79	115107232	96400
chr7	115010832	115210832	harbor1	chr7	115108549	115109455	DNA/TcMar-Tigger	6386	-	453	115109002	98170
chr7	115010832	115210832	harbor1	chr7	115109510	115109820	DNA/TcMar-Tigger	6386	-	155	115109665	98833
chr7	10094706	10294706	harbor1	chr7	10111002	10111418	DNA/TcMar-Tigger	1879	-	208	10111210	16504
chr7	10094706	10294706	harbor1	chr7	10124200	10124433	DNA/TcMar-Tigger	1221	-	116	10124316	29610
chr7	10094706	10294706	harbor1	chr7	10124438	10124771	DNA/TcMar-Tigger	1489	-	166	10124604	29898
chr7	143314552	143514552	harbor1	chr7	143328373	143328642	DNA/TcMar-Tigger	597	-	134	143328507	13955
chr7	143314552	143514552	harbor1	chr7	143342959	143343595	DNA/TcMar-Tigger	3210	-	318	143343277	28725
chr7	152961614	153161614	harbor1	chr7	153056694	153056866	DNA/TcMar-Tigger	1160	-	86	153056780	95166
chr7	152961614	153161614	harbor1	chr7	153057155	153057210	DNA/TcMar-Tigger	1160	-	28	153057183	95569
chr7	152971739	153171739	harbor1	chr7	153056694	153056866	DNA/TcMar-Tigger	1160	-	86	153056780	85041
chr7	152971739	153171739	harbor1	chr7	153057155	153057210	DNA/TcMar-Tigger	1160	-	28	153057183	85444
chr7	17015978	17215978	harbor1	chr7	17068455	17068678	DNA/TcMar-Tigger	1268	-	112	17068567	52589
chr7	17015978	17215978	harbor1	chr7	17112088	17112423	DNA/TcMar-Tigger	1671	-	168	17112256	96278
chr7	14511279	14711279	harbor1	chr7	14510085	14512210	DNA/TcMar-Tigger	13105	-	1062	14511147	132
chr7	14511279	14711279	harbor1	chr7	14570394	14570830	DNA/TcMar-Tigger	2521	-	218	14570612	59333
chr7	28020837	28220837	harbor1	chr7	28079868	28080069	DNA/TcMar-Tigger	1155	-	100	28079968	59131
chr7	28020837	28220837	harbor1	chr7	28080090	28080913	DNA/TcMar-Tigger	5250	-	412	28080502	59665
chr7	10029424	10229424	harbor1	chr7	10086644	10086952	DNA/TcMar-Tigger	1213	-	154	10086798	57374
chr7	10029424	10229424	harbor1	chr7	10111002	10111418	DNA/TcMar-Tigger	1879	-	208	10111210	81786
chr7	10029424	10229424	harbor1	chr7	10124200	10124433	DNA/TcMar-Tigger	1221	-	116	10124316	94892
chr7	10029424	10229424	harbor1	chr7	10124438	10124771	DNA/TcMar-Tigger	1489	-	166	10124604	95180
chr7	154271835	154471835	harbor1	chr7	154276650	154277286	DNA/TcMar-Tigger	3434	-	318	154276968	5133
chr7	143421541	143621541	harbor1	chr7	143448953	143449088	DNA/TcMar-Tigger	617	-	68	143449021	27480
chr7	69823521	70023521	harbor1	chr7	69871371	69871906	DNA/TcMar-Tigger	1866	-	268	69871639	48118
chr7	69823521	70023521	harbor1	chr7	69907382	69907687	DNA/TcMar-Tigger	1418	-	152	69907534	84013
chr7	55139865	55339865	harbor1	chr7	55169427	55169966	DNA/TcMar-Tigger	860	-	270	55169697	29832
chr7	55139865	55339865	harbor1	chr7	55212325	55212633	DNA/TcMar-Tigger	1413	-	154	55212479	72614
chr7	136613422	136813422	harbor1	chr7	136624097	136624437	DNA/TcMar-Tigger	1798	-	170	136624267	10845
chr7	136613422	136813422	harbor1	chr7	136630041	136630387	DNA/TcMar-Tigger	4411	-	173	136630214	16792
chr7	136613422	136813422	harbor1	chr7	136630696	136631151	DNA/TcMar-Tigger	4411	-	228	136630924	17502
chr7	136613422	136813422	harbor1	chr7	136631455	136631541	DNA/TcMar-Tigger	485	-	43	136631498	18076
chr7	136613422	136813422	harbor1	chr7	136650210	136651195	DNA/TcMar-Tigger	4595	-	492	136650702	37280
chr7	16437792	16637792	harbor1	chr7	16470639	16471313	DNA/TcMar-Tigger	3664	-	337	16470976	33184
chr7	71873048	72073048	harbor1	chr7	71928456	71928563	DNA/TcMar-Tigger	608	-	54	71928510	55462
chr7	71873048	72073048	harbor1	chr7	71929893	71930230	DNA/TcMar-Tigger	2126	-	168	71930061	57013
chr7	12935701	13135701	harbor1	chr7	12968747	12968945	DNA/TcMar-Tigger	942	-	99	12968846	33145
chr7	2720338	2920338	harbor1	chr7	2750397	2750706	DNA/TcMar-Tigger	1643	-	154	2750551	30213
chr7	2720338	2920338	harbor1	chr7	2796158	2796425	DNA/TcMar-Tigger	1097	-	134	2796292	75954
chr7	99127024	99327024	harbor1	chr7	99146350	99146431	DNA/TcMar-Tigger	1418	-	40	99146390	19366
chr7	99127024	99327024	harbor1	chr7	99146742	99147010	DNA/TcMar-Tigger	1418	-	134	99146876	19852
chr7	125559893	125759893	harbor1	chr7	125626573	125626847	DNA/TcMar-Tigger	1232	-	137	125626710	66817
chr7	125559893	125759893	harbor1	chr7	125642538	125643224	DNA/TcMar-Tigger	4149	-	343	125642881	82988
chr7	125559893	125759893	harbor1	chr7	125643542	125643761	DNA/TcMar-Tigger	4149	-	110	125643652	83759
chr7	92337078	92537078	harbor1	chr7	92374936	92376436	DNA/TcMar-Tigger	14334	-	750	92375686	38608
chr7	92337078	92537078	harbor1	chr7	92376749	92377634	DNA/TcMar-Tigger	14334	-	442	92377191	40113
chr7	92337078	92537078	harbor1	chr7	92378178	92378372	DNA/TcMar-Tigger	546	-	97	92378275	41197
chr7	117642717	117842717	harbor1	chr7	117669195	117669502	DNA/TcMar-Tigger	1577	-	154	117669349	26632
chr7	117642717	117842717	harbor1	chr7	117675245	117675690	DNA/TcMar-Tigger	1995	-	222	117675467	32750
chr7	90649409	90849409	harbor1	chr7	90651615	90652280	DNA/TcMar-Tigger	847	-	332	90651947	2538
chr7	90649409	90849409	harbor1	chr7	90689132	90689486	DNA/TcMar-Tigger	562	-	177	90689309	39900
chr7	90649409	90849409	harbor1	chr7	90742860	90743174	DNA/TcMar-Tigger	1623	-	157	90743017	93608
chr7	13570164	13770164	harbor1	chr7	13630348	13630668	DNA/TcMar-Tigger	2239	-	160	13630508	60344
chr7	13570164	13770164	harbor1	chr7	13631472	13632313	DNA/TcMar-Tigger	4108	-	420	13631892	61728
chr7	3885459	4085459	harbor1	chr7	3950604	3950677	DNA/TcMar-Tigger	458	-	36	3950640	65181
chr7	3291708	3491708	harbor1	chr7	3340191	3340374	DNA/TcMar-Tigger	707	-	92	3340283	48575
chr7	3291708	3491708	harbor1	chr7	3340372	3340480	DNA/TcMar-Tigger	645	-	54	3340426	48718
chr7	3291708	3491708	harbor1	chr7	3340783	3340824	DNA/TcMar-Tigger	645	-	20	3340803	49095
chr7	3291708	3491708	harbor1	chr7	3373092	3373335	DNA/TcMar-Tigger	1387	-	122	3373214	81506
chr7	141375456	141575456	harbor1	chr7	141382470	141382845	DNA/TcMar-Tigger	739	-	188	141382658	7202
chr7	141073819	141273819	harbor1	chr7	141139032	141139363	DNA/TcMar-Tigger	789	-	166	141139198	65379
chr7	141073819	141273819	harbor1	chr7	141139636	141139735	DNA/TcMar-Tigger	789	-	50	141139686	65867
chr7	57225578	57425578	harbor1	chr7	57230910	57231340	DNA/TcMar-Tigger	2486	-	215	57231125	5547
chr7	131386550	131586550	harbor1	chr7	131401656	131403982	DNA/TcMar-Tigger	14646	-	1163	131402819	16269
chr7	131386550	131586550	harbor1	chr7	131412302	131412997	DNA/TcMar-Tigger	2625	-	348	131412650	26100
chr7	131386550	131586550	harbor1	chr7	131461008	131461334	DNA/TcMar-Tigger	1366	-	163	131461171	74621
chr7	131386550	131586550	harbor1	chr7	131483416	131483954	DNA/TcMar-Tigger	2810	-	269	131483685	97135
chr7	157002323	157202323	harbor1	chr7	157042214	157042317	DNA/TcMar-Tigger	545	-	52	157042266	39943
chr7	107869765	108069765	harbor1	chr7	107905874	107906216	DNA/TcMar-Tigger	2112	-	171	107906045	36280
chr7	107869765	108069765	harbor1	chr7	107958349	107958496	DNA/TcMar-Tigger	557	-	74	107958423	88658
chr7	107869765	108069765	harbor1	chr7	107969571	107969908	DNA/TcMar-Tigger	2207	-	168	107969739	99974
chr7	97007562	97207562	harbor1	chr7	97096700	97097001	DNA/TcMar-Tigger	1687	-	150	97096850	89288
chr7	110741582	110941582	harbor1	chr7	110763825	110764029	DNA/TcMar-Tigger	625	-	102	110763927	22345
chr7	119204774	119404774	harbor1	chr7	119228730	119229063	DNA/TcMar-Tigger	1755	-	166	119228896	24122
chr7	119204774	119404774	harbor1	chr7	119244123	119244309	DNA/TcMar-Tigger	552	-	93	119244216	39442
chr7	77949647	78149647	harbor1	chr7	78021306	78021437	DNA/TcMar-Tigger	503	-	66	78021372	71725
chr7	47433673	47633673	harbor1	chr7	47463005	47463162	DNA/TcMar-Tigger	2630	-	78	47463083	29410
chr7	47433673	47633673	harbor1	chr7	47463436	47463891	DNA/TcMar-Tigger	2630	-	228	47463664	29991
chr7	100463473	100663473	harbor1	chr7	100480447	100480577	DNA/TcMar-Tigger	614	-	65	100480512	17039
chr7	96292171	96492171	harbor1	chr7	96299675	96300037	DNA/TcMar-Tigger	1758	-	181	96299856	7685
chr7	154685715	154885715	harbor1	chr7	154737234	154737571	DNA/TcMar-Tigger	1074	-	168	154737402	51687
chr7	154685715	154885715	harbor1	chr7	154743654	154743755	DNA/TcMar-Tigger	517	-	50	154743704	57989
chr7	154685715	154885715	harbor1	chr7	154743762	154743981	DNA/TcMar-Tigger	1218	-	110	154743872	58157
chr7	48058805	48258805	harbor1	chr7	48100020	48100356	DNA/TcMar-Tigger	1775	-	168	48100188	41383
chr7	84683775	84883775	harbor1	chr7	84729782	84730373	DNA/TcMar-Tigger	13016	-	296	84730078	46303
chr7	84683775	84883775	harbor1	chr7	84731537	84732640	DNA/TcMar-Tigger	13016	-	552	84732089	48314
chr7	84683775	84883775	harbor1	chr7	84733049	84733696	DNA/TcMar-Tigger	13016	-	324	84733373	49598
chr7	64026064	64226064	harbor1	chr7	64121763	64121775	DNA/TcMar-Tigger	663	-	6	64121769	95705
chr7	64026064	64226064	harbor1	chr7	64122062	64122190	DNA/TcMar-Tigger	663	-	64	64122126	96062
chr7	122566879	122766879	harbor1	chr7	122604833	122605453	DNA/TcMar-Tigger	3555	-	310	122605143	38264
chr7	122566879	122766879	harbor1	chr7	122622729	122622972	DNA/TcMar-Tigger	469	-	122	122622851	55972
chr7	122566879	122766879	harbor1	chr7	122623813	122624301	DNA/TcMar-Tigger	579	-	244	122624057	57178
chr7	122566879	122766879	harbor1	chr7	122665442	122665776	DNA/TcMar-Tigger	1795	-	167	122665609	98730
chr7	138885883	139085883	harbor1	chr7	138928618	138928796	DNA/TcMar-Tigger	13579	-	89	138928707	42824
chr7	138885883	139085883	harbor1	chr7	138928924	138929678	DNA/TcMar-Tigger	13579	-	377	138929301	43418
chr7	138885883	139085883	harbor1	chr7	138929961	138931352	DNA/TcMar-Tigger	13579	-	696	138930657	44774
chr7	130527703	130727703	harbor1	chr7	130603788	130604199	DNA/TcMar-Tigger	2360	-	206	130603994	76291
chr7	50832760	51032760	harbor1	chr7	50915098	50915514	DNA/TcMar-Tigger	823	-	208	50915306	82546
chr7	114981682	115181682	harbor1	chr7	115075598	115075743	DNA/TcMar-Tigger	617	-	72	115075670	93988
chr7	11257789	11457789	harbor1	chr7	11313357	11313838	DNA/TcMar-Tigger	2334	-	240	11313597	55808
chr7	110399715	110599715	harbor1	chr7	110412109	110412561	DNA/TcMar-Tigger	14238	-	226	110412335	12620
chr7	110399715	110599715	harbor1	chr7	110409830	110411802	DNA/TcMar-Tigger	14238	-	986	110410816	11101
chr7	13933401	14133401	harbor1	chr7	13997910	13998165	DNA/TcMar-Tigger	1370	-	128	13998038	64637
chr7	79022695	79222695	harbor1	chr7	79074262	79074640	DNA/TcMar-Tigger	751	-	189	79074451	51756
chr7	79022695	79222695	harbor1	chr7	79092366	79092745	DNA/TcMar-Tigger	541	-	190	79092556	69861
chr7	79022695	79222695	harbor1	chr7	79093348	79093701	DNA/TcMar-Tigger	13343	-	176	79093524	70829
chr7	79022695	79222695	harbor1	chr7	79094015	79095978	DNA/TcMar-Tigger	13343	-	982	79094997	72302
chr7	79022695	79222695	harbor1	chr7	79112754	79113757	DNA/TcMar-Tigger	4783	-	502	79113256	90561
chr8	83500485	83700485	harbor1	chr8	83561659	83562379	DNA/TcMar-Tigger	4095	-	360	83562019	61534
chr8	83500485	83700485	harbor1	chr8	83562367	83563397	DNA/TcMar-Tigger	6039	-	515	83562882	62397
chr8	137967819	138167819	harbor1	chr8	138030216	138030281	DNA/TcMar-Tigger	1669	-	32	138030248	62429
chr8	137967819	138167819	harbor1	chr8	138030681	138030852	DNA/TcMar-Tigger	1669	-	86	138030767	62948
chr8	137967819	138167819	harbor1	chr8	138031150	138031264	DNA/TcMar-Tigger	1669	-	57	138031207	63388
chr8	16027209	16227209	harbor1	chr8	16088742	16089059	DNA/TcMar-Tigger	1516	-	158	16088900	61691
chr8	85385352	85585352	harbor1	chr8	85406892	85407123	DNA/TcMar-Tigger	862	-	116	85407008	21656
chr8	118770668	118970668	harbor1	chr8	118822024	118822189	DNA/TcMar-Tigger	1260	-	82	118822106	51438
chr8	118770668	118970668	harbor1	chr8	118822190	118822632	DNA/TcMar-Tigger	2414	-	221	118822411	51743
chr8	118770668	118970668	harbor1	chr8	118822633	118822668	DNA/TcMar-Tigger	1260	-	18	118822651	51983
chr8	118770668	118970668	harbor1	chr8	118833062	118833495	DNA/TcMar-Tigger	2198	-	216	118833278	62610
chr8	61597659	61797659	harbor1	chr8	61657268	61657619	DNA/TcMar-Tigger	1482	-	176	61657444	59785
chr8	21177035	21377035	harbor1	chr8	21193242	21193604	DNA/TcMar-Tigger	1135	-	181	21193423	16388
chr8	128040241	128240241	harbor1	chr8	128077556	128077830	DNA/TcMar-Tigger	402	-	137	128077693	37452
chr8	58390169	58590169	harbor1	chr8	58390000	58390383	DNA/TcMar-Tigger	1917	-	192	58390192	23
chr8	114341972	114541972	harbor1	chr8	114416822	114417245	DNA/TcMar-Tigger	1955	-	212	114417034	75062
chr8	114341972	114541972	harbor1	chr8	114429706	114429799	DNA/TcMar-Tigger	405	-	46	114429752	87780
chr8	54940266	55140266	harbor1	chr8	55037657	55037893	DNA/TcMar-Tigger	1125	-	118	55037775	97509
chr8	142056466	142256466	harbor1	chr8	142087028	142087298	DNA/TcMar-Tigger	1764	-	135	142087163	30697
chr8	142056466	142256466	harbor1	chr8	142087602	142087682	DNA/TcMar-Tigger	1764	-	40	142087642	31176
chr8	81327795	81527795	harbor1	chr8	81418464	81418803	DNA/TcMar-Tigger	1809	-	170	81418634	90839
chr8	98789680	98989680	harbor1	chr8	98796948	98797222	DNA/TcMar-Tigger	1705	-	137	98797085	7405
chr8	98789680	98989680	harbor1	chr8	98879094	98879382	DNA/TcMar-Tigger	1844	-	144	98879238	89558
chr8	98789680	98989680	harbor1	chr8	98886678	98886815	DNA/TcMar-Tigger	1303	-	68	98886746	97066
chr8	98789680	98989680	harbor1	chr8	98887116	98887255	DNA/TcMar-Tigger	1303	-	70	98887186	97506
chr8	103204177	103404177	harbor1	chr8	103225905	103226116	DNA/TcMar-Tigger	488	-	106	103226011	21834
chr8	103204177	103404177	harbor1	chr8	103287680	103288452	DNA/TcMar-Tigger	15607	-	386	103288066	83889
chr8	103204177	103404177	harbor1	chr8	103288750	103290339	DNA/TcMar-Tigger	15607	-	794	103289544	85367
chr8	100269421	100469421	harbor1	chr8	100290663	100290889	DNA/TcMar-Tigger	1343	-	113	100290776	21355
chr8	100269421	100469421	harbor1	chr8	100320770	100323164	DNA/TcMar-Tigger	14677	-	1197	100321967	52546
chr8	100269421	100469421	harbor1	chr8	100336720	100336948	DNA/TcMar-Tigger	659	-	114	100336834	67413
chr8	100269421	100469421	harbor1	chr8	100341982	100342196	DNA/TcMar-Tigger	653	-	107	100342089	72668
chr8	100269421	100469421	harbor1	chr8	100342237	100342535	DNA/TcMar-Tigger	712	-	149	100342386	72965
chr8	100269421	100469421	harbor1	chr8	100335535	100335646	DNA/TcMar-Tigger	443	-	56	100335591	66170
chr8	62940653	63140653	harbor1	chr8	63016560	63016722	DNA/TcMar-Tigger	761	-	81	63016641	75988
chr8	73742143	73942143	harbor1	chr8	73748377	73748640	DNA/TcMar-Tigger	1440	-	132	73748509	6366
chr8	73742143	73942143	harbor1	chr8	73748947	73749021	DNA/TcMar-Tigger	1440	-	37	73748984	6841
chr8	73742143	73942143	harbor1	chr8	73778577	73778917	DNA/TcMar-Tigger	1941	-	170	73778747	36604
chr8	73742143	73942143	harbor1	chr8	73832631	73832819	DNA/TcMar-Tigger	961	-	94	73832725	90582
chr8	73742143	73942143	harbor1	chr8	73840634	73840838	DNA/TcMar-Tigger	567	-	102	73840736	98593
chr8	48423010	48623010	harbor1	chr8	48442634	48442973	DNA/TcMar-Tigger	1701	-	170	48442804	19794
chr8	141309044	141509044	harbor1	chr8	141403446	141404271	DNA/TcMar-Tigger	3730	-	412	141403858	94814
chr8	55565230	55765230	harbor1	chr8	55614175	55614360	DNA/TcMar-Tigger	956	-	92	55614267	49037
chr8	55565230	55765230	harbor1	chr8	55614589	55614806	DNA/TcMar-Tigger	1300	-	108	55614697	49467
chr8	55565230	55765230	harbor1	chr8	55614972	55615037	DNA/TcMar-Tigger	1300	-	32	55615004	49774
chr8	113848735	114048735	harbor1	chr8	113856268	113857200	DNA/TcMar-Tigger	3228	-	466	113856734	7999
chr8	113848735	114048735	harbor1	chr8	113863640	113863925	DNA/TcMar-Tigger	1625	-	142	113863782	15047
chr8	113848735	114048735	harbor1	chr8	113864036	113864325	DNA/TcMar-Tigger	1735	-	144	113864180	15445
chr8	113848735	114048735	harbor1	chr8	113888919	113889131	DNA/TcMar-Tigger	405	-	106	113889025	40290
chr8	113848735	114048735	harbor1	chr8	113948218	113948401	DNA/TcMar-Tigger	840	-	92	113948310	99575
chr8	113848735	114048735	harbor1	chr8	113948381	113948530	DNA/TcMar-Tigger	644	-	74	113948455	99720
chr8	123967728	124167728	harbor1	chr8	123968566	123968779	DNA/TcMar-Tigger	441	-	106	123968672	944
chr8	58927460	59127460	harbor1	chr8	58975440	58975791	DNA/TcMar-Tigger	14763	-	176	58975616	48156
chr8	58927460	59127460	harbor1	chr8	58976086	58978082	DNA/TcMar-Tigger	14763	-	998	58977084	49624
chr8	58927460	59127460	harbor1	chr8	59024284	59024673	DNA/TcMar-Tigger	517	-	194	59024478	97018
chr8	11806412	12006412	harbor1	chr8	11812884	11813222	DNA/TcMar-Tigger	1785	-	169	11813053	6641
chr8	15069056	15269056	harbor1	chr8	15068796	15069094	DNA/TcMar-Tigger	674	-	149	15068945	111
chr8	15069056	15269056	harbor1	chr8	15148345	15148518	DNA/TcMar-Tigger	710	-	86	15148431	79375
chr8	15069056	15269056	harbor1	chr8	15156355	15156581	DNA/TcMar-Tigger	442	-	113	15156468	87412
chr8	76016316	76216316	harbor1	chr8	76018502	76018651	DNA/TcMar-Tigger	925	-	74	76018576	2260
chr8	76016316	76216316	harbor1	chr8	76092210	76092409	DNA/TcMar-Tigger	449	-	100	76092310	75994
chr8	3765528	3965528	harbor1	chr8	3774812	3774903	DNA/TcMar-Tigger	456	-	46	3774858	9330
chr8	3765528	3965528	harbor1	chr8	3774902	3775159	DNA/TcMar-Tigger	1230	-	128	3775030	9502
chr8	3765528	3965528	harbor1	chr8	3820402	3820563	DNA/TcMar-Tigger	1945	-	80	3820482	54954
chr8	3765528	3965528	harbor1	chr8	3820863	3820917	DNA/TcMar-Tigger	1945	-	27	3820890	55362
chr8	3765528	3965528	harbor1	chr8	3821217	3821494	DNA/TcMar-Tigger	1945	-	138	3821355	55827
chr8	3765528	3965528	harbor1	chr8	3845201	3846383	DNA/TcMar-Tigger	5403	-	591	3845792	80264
chr8	90770215	90970215	harbor1	chr8	90837252	90837341	DNA/TcMar-Tigger	591	-	44	90837296	67081
chr8	90770215	90970215	harbor1	chr8	90837340	90837593	DNA/TcMar-Tigger	1399	-	126	90837466	67251
chr8	90770215	90970215	harbor1	chr8	90838178	90838782	DNA/TcMar-Tigger	3595	-	302	90838480	68265
chr8	32405275	32605275	harbor1	chr8	32412528	32412871	DNA/TcMar-Tigger	1641	-	172	32412700	7425
chr8	32405275	32605275	harbor1	chr8	32445077	32445379	DNA/TcMar-Tigger	1402	-	151	32445228	39953
chr8	58521591	58721591	harbor1	chr8	58535866	58535978	DNA/TcMar-Tigger	416	-	56	58535922	14331
chr8	58521591	58721591	harbor1	chr8	58535970	58536214	DNA/TcMar-Tigger	954	-	122	58536092	14501
chr8	58521591	58721591	harbor1	chr8	58567606	58568778	DNA/TcMar-Tigger	6572	-	586	58568192	46601
chr8	58521591	58721591	harbor1	chr8	58613747	58613975	DNA/TcMar-Tigger	1117	-	114	58613861	92270
chr8	51485876	51685876	harbor1	chr8	51567704	51568030	DNA/TcMar-Tigger	1661	-	163	51567867	81991
chr8	51485876	51685876	harbor1	chr8	51572001	51572078	DNA/TcMar-Tigger	392	-	38	51572039	86163
chr8	90115395	90315395	harbor1	chr8	90195151	90195292	DNA/TcMar-Tigger	566	-	70	90195221	79826
chr8	134597448	134797448	harbor1	chr8	134619052	134619401	DNA/TcMar-Tigger	1686	-	174	134619226	21778
chr8	131114305	131314305	harbor1	chr8	131177446	131178348	DNA/TcMar-Tigger	6099	-	451	131177897	63592
chr8	131114305	131314305	harbor1	chr8	131178665	131179021	DNA/TcMar-Tigger	6099	-	178	131178843	64538
chr8	131114305	131314305	harbor1	chr8	131203307	131203399	DNA/TcMar-Tigger	497	-	46	131203353	89048
chr8	67057064	67257064	harbor1	chr8	67133345	67134551	DNA/TcMar-Tigger	14721	-	603	67133948	76884
chr8	67057064	67257064	harbor1	chr8	67134862	67135160	DNA/TcMar-Tigger	14721	-	149	67135011	77947
chr8	67057064	67257064	harbor1	chr8	67135449	67136289	DNA/TcMar-Tigger	14721	-	420	67135869	78805
chr8	67057064	67257064	harbor1	chr8	67136596	67136649	DNA/TcMar-Tigger	14721	-	26	67136622	79558
chr8	67057064	67257064	harbor1	chr8	67138208	67138555	DNA/TcMar-Tigger	1911	-	174	67138382	81318
chr8	12301956	12501956	harbor1	chr8	12324489	12324983	DNA/TcMar-Tigger	2174	-	247	12324736	22780
chr8	107858652	108058652	harbor1	chr8	107860355	107861198	DNA/TcMar-Tigger	3812	-	422	107860777	2125
chr8	107858652	108058652	harbor1	chr8	107866785	107866981	DNA/TcMar-Tigger	1010	-	98	107866883	8231
chr8	115522799	115722799	harbor1	chr8	115540873	115541255	DNA/TcMar-Tigger	1076	-	191	115541064	18265
chr8	26423286	26623286	harbor1	chr8	26470271	26470667	DNA/TcMar-Tigger	1515	-	198	26470469	47183
chr8	74216027	74416027	harbor1	chr8	74239653	74239823	DNA/TcMar-Tigger	746	-	85	74239738	23711
chr8	50519265	50719265	harbor1	chr8	50521419	50522577	DNA/TcMar-Tigger	11402	-	579	50521998	2733
chr8	50519265	50719265	harbor1	chr8	50522876	50523893	DNA/TcMar-Tigger	11402	-	508	50523384	4119
chr8	8556075	8756075	harbor1	chr8	8567465	8567666	DNA/TcMar-Tigger	3621	-	100	8567565	11490
chr8	8556075	8756075	harbor1	chr8	8567957	8568423	DNA/TcMar-Tigger	3621	-	233	8568190	12115
chr8	8556075	8756075	harbor1	chr8	8584083	8584332	DNA/TcMar-Tigger	2456	-	124	8584207	28132
chr8	8556075	8756075	harbor1	chr8	8584631	8584827	DNA/TcMar-Tigger	2456	-	98	8584729	28654
chr8	8556075	8756075	harbor1	chr8	8644547	8644624	DNA/TcMar-Tigger	417	-	38	8644585	88510
chr8	69917784	70117784	harbor1	chr8	69979723	69979921	DNA/TcMar-Tigger	426	-	99	69979822	62038
chr8	69917784	70117784	harbor1	chr8	70006679	70006742	DNA/TcMar-Tigger	2242	-	32	70006711	88927
chr8	69917784	70117784	harbor1	chr8	70007062	70007472	DNA/TcMar-Tigger	2242	-	205	70007267	89483
chr8	59798501	59998501	harbor1	chr8	59813321	59813538	DNA/TcMar-Tigger	1203	-	108	59813429	14928
chr8	59798501	59998501	harbor1	chr8	59814157	59814340	DNA/TcMar-Tigger	907	-	92	59814249	15748
chr8	59798501	59998501	harbor1	chr8	59852942	59854712	DNA/TcMar-Tigger	10594	-	885	59853827	55326
chr8	59798501	59998501	harbor1	chr8	59860195	59860675	DNA/TcMar-Tigger	2781	-	240	59860435	61934
chr8	59798501	59998501	harbor1	chr8	59866376	59866787	DNA/TcMar-Tigger	2076	-	206	59866582	68081
chr8	59798501	59998501	harbor1	chr8	59897658	59898194	DNA/TcMar-Tigger	2575	-	268	59897926	99425
chr8	111980213	112180213	harbor1	chr8	112015927	112016011	DNA/TcMar-Tigger	503	-	42	112015969	35756
chr8	111980213	112180213	harbor1	chr8	112020985	112021273	DNA/TcMar-Tigger	1529	-	144	112021129	40916
chr8	111980213	112180213	harbor1	chr8	112040658	112041115	DNA/TcMar-Tigger	2425	-	228	112040886	60673
chr8	90269173	90469173	harbor1	chr8	90352822	90354024	DNA/TcMar-Tigger	7158	-	601	90353423	84250
chr8	62928292	63128292	harbor1	chr8	63016560	63016722	DNA/TcMar-Tigger	761	-	81	63016641	88349
chr8	83533030	83733030	harbor1	chr8	83561659	83562379	DNA/TcMar-Tigger	4095	-	360	83562019	28989
chr8	83533030	83733030	harbor1	chr8	83562367	83563397	DNA/TcMar-Tigger	6039	-	515	83562882	29852
chr8	83533030	83733030	harbor1	chr8	83631530	83631618	DNA/TcMar-Tigger	429	-	44	83631574	98544
chr8	23042871	23242871	harbor1	chr8	23043782	23043951	DNA/TcMar-Tigger	929	-	84	23043866	995
chr8	23042871	23242871	harbor1	chr8	23043952	23044023	DNA/TcMar-Tigger	414	-	36	23043988	1117
chr8	941440	1141440	harbor1	chr8	960701	960786	DNA/TcMar-Tigger	612	-	42	960743	19303
chr8	941440	1141440	harbor1	chr8	960840	960935	DNA/TcMar-Tigger	610	-	48	960888	19448
chr8	941440	1141440	harbor1	chr8	968753	968989	DNA/TcMar-Tigger	687	-	118	968871	27431
chr8	88910051	89110051	harbor1	chr8	88949614	88949810	DNA/TcMar-Tigger	450	-	98	88949712	39661
chr8	88910051	89110051	harbor1	chr8	88960216	88962156	DNA/TcMar-Tigger	12768	-	970	88961186	51135
chr8	88910051	89110051	harbor1	chr8	88962186	88962532	DNA/TcMar-Tigger	12768	-	173	88962359	52308
chr8	88910051	89110051	harbor1	chr8	88980672	88980997	DNA/TcMar-Tigger	1978	-	162	88980834	70783
chr8	104722753	104922753	harbor1	chr8	104736266	104736404	DNA/TcMar-Tigger	824	-	69	104736335	13582
chr8	104722753	104922753	harbor1	chr8	104737439	104737900	DNA/TcMar-Tigger	2949	-	230	104737669	14916
chr8	104722753	104922753	harbor1	chr8	104738211	104738335	DNA/TcMar-Tigger	2949	-	62	104738273	15520
chr8	104722753	104922753	harbor1	chr8	104738327	104738434	DNA/TcMar-Tigger	612	-	54	104738381	15628
chr8	104722753	104922753	harbor1	chr8	104746953	104747226	DNA/TcMar-Tigger	1767	-	136	104747089	24336
chr8	104722753	104922753	harbor1	chr8	104747532	104747612	DNA/TcMar-Tigger	1767	-	40	104747572	24819
chr8	16111660	16311660	harbor1	chr8	16181934	16183129	DNA/TcMar-Tigger	6285	-	598	16182532	70872
chr8	82150746	82350746	harbor1	chr8	82159858	82160239	DNA/TcMar-Tigger	2443	-	190	82160048	9302
chr8	82150746	82350746	harbor1	chr8	82160982	82161134	DNA/TcMar-Tigger	760	-	76	82161058	10312
chr8	123962967	124162967	harbor1	chr8	123968566	123968779	DNA/TcMar-Tigger	441	-	106	123968672	5705
chr8	31111004	31311004	harbor1	chr8	31161279	31161557	DNA/TcMar-Tigger	6030	-	139	31161418	50414
chr8	31111004	31311004	harbor1	chr8	31161867	31162817	DNA/TcMar-Tigger	6030	-	475	31162342	51338
chr8	23005759	23205759	harbor1	chr8	23043782	23043951	DNA/TcMar-Tigger	929	-	84	23043866	38107
chr8	23005759	23205759	harbor1	chr8	23043952	23044023	DNA/TcMar-Tigger	414	-	36	23043988	38229
chr8	39205955	39405955	harbor1	chr8	39273554	39273669	DNA/TcMar-Tigger	5172	-	58	39273612	67657
chr8	39205955	39405955	harbor1	chr8	39272341	39273223	DNA/TcMar-Tigger	5172	-	441	39272782	66827
chr8	110217538	110417538	harbor1	chr8	110298498	110298787	DNA/TcMar-Tigger	600	-	144	110298642	81104
chr8	110217538	110417538	harbor1	chr8	110310753	110311837	DNA/TcMar-Tigger	5372	-	542	110311295	93757
chr8	19249016	19449016	harbor1	chr8	19344720	19344987	DNA/TcMar-Tigger	601	-	134	19344854	95838
chr8	67978631	68178631	harbor1	chr8	67997259	67997446	DNA/TcMar-Tigger	888	-	94	67997353	18722
chr8	67978631	68178631	harbor1	chr8	68034923	68035475	DNA/TcMar-Tigger	1235	-	276	68035199	56568
chr8	67978631	68178631	harbor1	chr8	68071994	68072189	DNA/TcMar-Tigger	1289	-	98	68072092	93461
chr8	33265657	33465657	harbor1	chr8	33267695	33268053	DNA/TcMar-Tigger	1605	-	179	33267874	2217
chr8	33265657	33465657	harbor1	chr8	33335558	33335980	DNA/TcMar-Tigger	2567	-	211	33335769	70112
chr8	33265657	33465657	harbor1	chr8	33335987	33336043	DNA/TcMar-Tigger	407	-	28	33336015	70358
chr8	1043628	1243628	harbor1	chr8	1047306	1047469	DNA/TcMar-Tigger	850	-	82	1047388	3760
chr8	120368589	120568589	harbor1	chr8	120381555	120381866	DNA/TcMar-Tigger	1627	-	156	120381711	13122
chr8	120368589	120568589	harbor1	chr8	120429701	120429959	DNA/TcMar-Tigger	1773	-	129	120429830	61241
chr8	120368589	120568589	harbor1	chr8	120447541	120447926	DNA/TcMar-Tigger	2304	-	192	120447733	79144
chr8	120368589	120568589	harbor1	chr8	120448232	120448810	DNA/TcMar-Tigger	2304	-	289	120448521	79932
chr8	19354063	19554063	harbor1	chr8	19443376	19443393	DNA/TcMar-Tigger	1684	-	8	19443384	89321
chr8	19354063	19554063	harbor1	chr8	19443747	19443816	DNA/TcMar-Tigger	1684	-	34	19443781	89718
chr8	19354063	19554063	harbor1	chr8	19444165	19444436	DNA/TcMar-Tigger	1684	-	136	19444301	90238
chr8	122470423	122670423	harbor1	chr8	122475512	122475837	DNA/TcMar-Tigger	1734	-	162	122475674	5251
chr8	122470423	122670423	harbor1	chr8	122558358	122558465	DNA/TcMar-Tigger	746	-	54	122558412	87989
chr8	122470423	122670423	harbor1	chr8	122559737	122560702	DNA/TcMar-Tigger	14567	-	482	122560219	89796
chr8	122470423	122670423	harbor1	chr8	122560986	122562275	DNA/TcMar-Tigger	14567	-	644	122561630	91207
chr8	122470423	122670423	harbor1	chr8	122565009	122565173	DNA/TcMar-Tigger	619	-	82	122565091	94668
chr8	122470423	122670423	harbor1	chr8	122565534	122565772	DNA/TcMar-Tigger	619	-	119	122565653	95230
chr8	141326002	141526002	harbor1	chr8	141403446	141404271	DNA/TcMar-Tigger	3730	-	412	141403858	77856
chr8	133000555	133200555	harbor1	chr8	133068883	133069311	DNA/TcMar-Tigger	748	-	214	133069097	68542
chr8	108522727	108722727	harbor1	chr8	108545989	108546267	DNA/TcMar-Tigger	1475	-	139	108546128	23401
chr8	108522727	108722727	harbor1	chr8	108579168	108580331	DNA/TcMar-Tigger	6857	-	582	108579750	57023
chr8	85534795	85734795	harbor1	chr8	85610134	85610340	DNA/TcMar-Tigger	2162	-	103	85610237	75442
chr8	85534795	85734795	harbor1	chr8	85610624	85610790	DNA/TcMar-Tigger	2162	-	83	85610707	75912
chr8	49483682	49683682	harbor1	chr8	49574077	49574405	DNA/TcMar-Tigger	1853	-	164	49574241	90559
chr8	90898230	91098230	harbor1	chr8	90966756	90966835	DNA/TcMar-Tigger	458	-	40	90966796	68566
chr8	90898230	91098230	harbor1	chr8	90966832	90966973	DNA/TcMar-Tigger	467	-	70	90966902	68672
chr8	85439998	85639998	harbor1	chr8	85508128	85508425	DNA/TcMar-Tigger	1010	-	148	85508276	68278
chr8	37120774	37320774	harbor1	chr8	37216335	37216692	DNA/TcMar-Tigger	2023	-	178	37216513	95739
chr8	16034162	16234162	harbor1	chr8	16088742	16089059	DNA/TcMar-Tigger	1516	-	158	16088900	54738
chr8	89002426	89202426	harbor1	chr8	89061914	89063400	DNA/TcMar-Tigger	8569	-	743	89062657	60231
chr8	89002426	89202426	harbor1	chr8	89065479	89066672	DNA/TcMar-Tigger	6016	-	596	89066075	63649
chr8	92634224	92834224	harbor1	chr8	92634679	92635133	DNA/TcMar-Tigger	1678	-	227	92634906	682
chr8	80657735	80857735	harbor1	chr8	80696361	80696417	DNA/TcMar-Tigger	1745	-	28	80696389	38654
chr8	80657735	80857735	harbor1	chr8	80696718	80697010	DNA/TcMar-Tigger	1745	-	146	80696864	39129
chr8	9764499	9964499	harbor1	chr8	9848992	9849353	DNA/TcMar-Tigger	2325	-	180	9849172	84673
chr8	40558086	40758086	harbor1	chr8	40595400	40595766	DNA/TcMar-Tigger	2106	-	183	40595583	37497
chr8	40558086	40758086	harbor1	chr8	40596126	40596584	DNA/TcMar-Tigger	2405	-	229	40596355	38269
chr8	40558086	40758086	harbor1	chr8	40596557	40596682	DNA/TcMar-Tigger	651	-	62	40596619	38533
chr8	40558086	40758086	harbor1	chr8	40657633	40657831	DNA/TcMar-Tigger	1007	-	99	40657732	99646
chr8	130309875	130509875	harbor1	chr8	130369141	130369474	DNA/TcMar-Tigger	1700	-	166	130369307	59432
chr8	74213481	74413481	harbor1	chr8	74239653	74239823	DNA/TcMar-Tigger	746	-	85	74239738	26257
chr8	123733076	123933076	harbor1	chr8	123742176	123742456	DNA/TcMar-Tigger	1820	-	140	123742316	9240
chr8	123733076	123933076	harbor1	chr8	123772611	123773080	DNA/TcMar-Tigger	2180	-	234	123772845	39769
chr8	123733076	123933076	harbor1	chr8	123790551	123790891	DNA/TcMar-Tigger	558	-	170	123790721	57645
chr8	123733076	123933076	harbor1	chr8	123800161	123800500	DNA/TcMar-Tigger	1564	-	170	123800331	67255
chr8	13563494	13763494	harbor1	chr8	13582753	13582878	DNA/TcMar-Tigger	4844	-	62	13582815	19321
chr8	13563494	13763494	harbor1	chr8	13582920	13583565	DNA/TcMar-Tigger	4844	-	322	13583242	19748
chr8	13563494	13763494	harbor1	chr8	13614052	13614541	DNA/TcMar-Tigger	2285	-	244	13614296	50802
chr8	93278036	93478036	harbor1	chr8	93324366	93324568	DNA/TcMar-Tigger	781	-	101	93324467	46431
chr8	93278036	93478036	harbor1	chr8	93368692	93369016	DNA/TcMar-Tigger	1437	-	162	93368854	90818
chr8	108006118	108206118	harbor1	chr8	108097134	108097511	DNA/TcMar-Tigger	1942	-	188	108097322	91204
chr8	108006118	108206118	harbor1	chr8	108098220	108098437	DNA/TcMar-Tigger	972	-	108	108098328	92210
chr8	132716350	132916350	harbor1	chr8	132795661	132796012	DNA/TcMar-Tigger	1736	-	176	132795837	79487
chr8	140371756	140571756	harbor1	chr8	140400228	140400502	DNA/TcMar-Tigger	421	-	137	140400365	28609
chr8	140371756	140571756	harbor1	chr8	140400520	140401059	DNA/TcMar-Tigger	520	-	270	140400790	29034
chr8	140371756	140571756	harbor1	chr8	140463856	140463947	DNA/TcMar-Tigger	539	-	46	140463902	92146
chr8	26314272	26514272	harbor1	chr8	26344830	26345171	DNA/TcMar-Tigger	2061	-	170	26345000	30728
chr8	70478501	70678501	harbor1	chr8	70534011	70534166	DNA/TcMar-Tigger	830	-	78	70534089	55588
chr8	58649064	58849064	harbor1	chr8	58712591	58712955	DNA/TcMar-Tigger	2450	-	182	58712773	63709
chr8	109104133	109304133	harbor1	chr8	109123748	109123845	DNA/TcMar-Tigger	573	-	48	109123796	19663
chr8	109104133	109304133	harbor1	chr8	109123844	109124108	DNA/TcMar-Tigger	1264	-	132	109123976	19843
chr8	109104133	109304133	harbor1	chr8	109127190	109127479	DNA/TcMar-Tigger	1226	-	144	109127334	23201
chr8	86499090	86699090	harbor1	chr8	86550595	86550734	DNA/TcMar-Tigger	493	-	70	86550665	51575
chr8	86499090	86699090	harbor1	chr8	86569130	86569444	DNA/TcMar-Tigger	1825	-	157	86569287	70197
chr8	86499090	86699090	harbor1	chr8	86569539	86569769	DNA/TcMar-Tigger	1070	-	115	86569654	70564
chr8	86499090	86699090	harbor1	chr8	86577443	86577903	DNA/TcMar-Tigger	2704	-	230	86577673	78583
chr8	86499090	86699090	harbor1	chr8	86578209	86578425	DNA/TcMar-Tigger	2704	-	108	86578317	79227
chr8	100735781	100935781	harbor1	chr8	100777088	100777673	DNA/TcMar-Tigger	2183	-	292	100777380	41599
chr8	100735781	100935781	harbor1	chr8	100777672	100777818	DNA/TcMar-Tigger	874	-	73	100777745	41964
chr8	100735781	100935781	harbor1	chr8	100784214	100784464	DNA/TcMar-Tigger	680	-	125	100784339	48558
chr8	100735781	100935781	harbor1	chr8	100797375	100797711	DNA/TcMar-Tigger	1129	-	168	100797543	61762
chr8	93578948	93778948	harbor1	chr8	93604389	93604672	DNA/TcMar-Tigger	568	-	142	93604531	25583
chr8	25356198	25556198	harbor1	chr8	25404376	25404606	DNA/TcMar-Tigger	1398	-	115	25404491	48293
chr8	30072251	30272251	harbor1	chr8	30109350	30109552	DNA/TcMar-Tigger	436	-	101	30109451	37200
chr8	30072251	30272251	harbor1	chr8	30154022	30154359	DNA/TcMar-Tigger	1815	-	168	30154190	81939
chr8	84972957	85172957	harbor1	chr8	84982343	84982624	DNA/TcMar-Tigger	781	-	140	84982483	9526
chr8	84972957	85172957	harbor1	chr8	84982811	84982913	DNA/TcMar-Tigger	511	-	51	84982862	9905
chr8	84972957	85172957	harbor1	chr8	84988599	84989514	DNA/TcMar-Tigger	4948	-	458	84989057	16100
chr8	95747443	95947443	harbor1	chr8	95820820	95821108	DNA/TcMar-Tigger	1436	-	144	95820964	73521
chr8	95747443	95947443	harbor1	chr8	95826065	95826220	DNA/TcMar-Tigger	939	-	78	95826143	78700
chr9	33990465	34190465	harbor1	chr9	34020172	34020314	DNA/TcMar-Tigger	1032	-	71	34020243	29778
chr9	33990465	34190465	harbor1	chr9	34064253	34064381	DNA/TcMar-Tigger	602	-	64	34064317	73852
chr9	77843322	78043322	harbor1	chr9	77897144	77897369	DNA/TcMar-Tigger	491	-	112	77897256	53934
chr9	77843322	78043322	harbor1	chr9	77925782	77926098	DNA/TcMar-Tigger	1331	-	158	77925940	82618
chr9	77843322	78043322	harbor1	chr9	77937976	77938194	DNA/TcMar-Tigger	1173	-	109	77938085	94763
chr9	30111802	30311802	harbor1	chr9	30207211	30207267	DNA/TcMar-Tigger	1659	-	28	30207239	95437
chr9	30111802	30311802	harbor1	chr9	30207639	30207914	DNA/TcMar-Tigger	1659	-	138	30207777	95975
chr9	125661246	125861246	harbor1	chr9	125699022	125699210	DNA/TcMar-Tigger	1996	-	94	125699116	37870
chr9	125661246	125861246	harbor1	chr9	125699503	125699624	DNA/TcMar-Tigger	1996	-	60	125699563	38317
chr9	125661246	125861246	harbor1	chr9	125699915	125699951	DNA/TcMar-Tigger	1996	-	18	125699933	38687
chr9	125661246	125861246	harbor1	chr9	125708411	125708737	DNA/TcMar-Tigger	1834	-	163	125708574	47328
chr9	85829151	86029151	harbor1	chr9	85891115	85891250	DNA/TcMar-Tigger	1969	-	68	85891183	62032
chr9	85829151	86029151	harbor1	chr9	85891614	85891819	DNA/TcMar-Tigger	1969	-	102	85891716	62565
chr9	85829151	86029151	harbor1	chr9	85913605	85913757	DNA/TcMar-Tigger	1015	-	76	85913681	84530
chr9	85829151	86029151	harbor1	chr9	85913764	85913941	DNA/TcMar-Tigger	1059	-	88	85913852	84701
chr9	9456564	9656564	harbor1	chr9	9555992	9556408	DNA/TcMar-Tigger	2542	-	208	9556200	99636
chr9	98539418	98739418	harbor1	chr9	98616225	98616471	DNA/TcMar-Tigger	542	-	123	98616348	76930
chr9	98539418	98739418	harbor1	chr9	98616774	98616868	DNA/TcMar-Tigger	542	-	47	98616821	77403
chr9	15589894	15789894	harbor1	chr9	15605932	15606231	DNA/TcMar-Tigger	1524	-	150	15606082	16188
chr9	15589894	15789894	harbor1	chr9	15613261	15613494	DNA/TcMar-Tigger	1285	-	116	15613377	23483
chr9	83145654	83345654	harbor1	chr9	83222183	83222847	DNA/TcMar-Tigger	3764	-	332	83222515	76861
chr9	83145654	83345654	harbor1	chr9	83228952	83229096	DNA/TcMar-Tigger	10075	-	72	83229024	83370
chr9	83145654	83345654	harbor1	chr9	83229559	83231109	DNA/TcMar-Tigger	10075	-	775	83230334	84680
chr9	34210263	34410263	harbor1	chr9	34219533	34219659	DNA/TcMar-Tigger	613	-	63	34219596	9333
chr9	34210263	34410263	harbor1	chr9	34262359	34262524	DNA/TcMar-Tigger	1027	-	82	34262441	52178
chr9	34210263	34410263	harbor1	chr9	34262878	34262935	DNA/TcMar-Tigger	1027	-	28	34262906	52643
chr9	27086639	27286639	harbor1	chr9	27126064	27126573	DNA/TcMar-Tigger	2192	-	254	27126318	39679
chr9	27086639	27286639	harbor1	chr9	27181084	27181231	DNA/TcMar-Tigger	902	-	74	27181158	94519
chr9	27086639	27286639	harbor1	chr9	27181233	27181432	DNA/TcMar-Tigger	1310	-	100	27181333	94694
chr9	27086639	27286639	harbor1	chr9	27186400	27186582	DNA/TcMar-Tigger	849	-	91	27186491	99852
chr9	83176166	83376166	harbor1	chr9	83222183	83222847	DNA/TcMar-Tigger	3764	-	332	83222515	46349
chr9	83176166	83376166	harbor1	chr9	83228952	83229096	DNA/TcMar-Tigger	10075	-	72	83229024	52858
chr9	83176166	83376166	harbor1	chr9	83229559	83231109	DNA/TcMar-Tigger	10075	-	775	83230334	54168
chr9	41529270	41729270	harbor1	chr9	41558769	41559101	DNA/TcMar-Tigger	1347	-	166	41558935	29665
chr9	41529270	41729270	harbor1	chr9	41621243	41621836	DNA/TcMar-Tigger	3054	-	296	41621539	92269
chr9	41529270	41729270	harbor1	chr9	41623207	41623455	DNA/TcMar-Tigger	1524	-	124	41623331	94061
chr9	41529270	41729270	harbor1	chr9	41623477	41623572	DNA/TcMar-Tigger	419	-	48	41623525	94255
chr9	111126466	111326466	harbor1	chr9	111157197	111157429	DNA/TcMar-Tigger	1181	-	116	111157313	30847
chr9	19269648	19469648	harbor1	chr9	19281663	19282248	DNA/TcMar-Tigger	3675	-	292	19281955	12307
chr9	19269648	19469648	harbor1	chr9	19282553	19282704	DNA/TcMar-Tigger	3675	-	76	19282629	12981
chr9	19269648	19469648	harbor1	chr9	19283019	19283042	DNA/TcMar-Tigger	3675	-	12	19283031	13383
chr9	19269648	19469648	harbor1	chr9	19283163	19283451	DNA/TcMar-Tigger	3675	-	144	19283307	13659
chr9	19269648	19469648	harbor1	chr9	19283450	19283546	DNA/TcMar-Tigger	537	-	48	19283498	13850
chr9	19269648	19469648	harbor1	chr9	19303039	19303272	DNA/TcMar-Tigger	1300	-	116	19303155	33507
chr9	125219548	125419548	harbor1	chr9	125284633	125284974	DNA/TcMar-Tigger	1767	-	170	125284803	65255
chr9	61829865	62029865	harbor1	chr9	61831398	61831991	DNA/TcMar-Tigger	2980	-	296	61831694	1829
chr9	61829865	62029865	harbor1	chr9	61833362	61833610	DNA/TcMar-Tigger	1514	-	124	61833486	3621
chr9	61829865	62029865	harbor1	chr9	61833634	61833729	DNA/TcMar-Tigger	437	-	48	61833682	3817
chr9	61829865	62029865	harbor1	chr9	61873242	61873655	DNA/TcMar-Tigger	1978	-	206	61873448	43583
chr9	35823927	36023927	harbor1	chr9	35897533	35897710	DNA/TcMar-Tigger	2279	-	88	35897621	73694
chr9	35823927	36023927	harbor1	chr9	35898012	35898224	DNA/TcMar-Tigger	2279	-	106	35898118	74191
chr9	35823927	36023927	harbor1	chr9	35898202	35899677	DNA/TcMar-Tigger	10325	-	738	35898940	75013
chr9	35823927	36023927	harbor1	chr9	35899984	35900056	DNA/TcMar-Tigger	10325	-	36	35900020	76093
chr9	62331003	62531003	harbor1	chr9	62343127	62343459	DNA/TcMar-Tigger	1358	-	166	62343293	12290
chr9	62331003	62531003	harbor1	chr9	62377375	62377904	DNA/TcMar-Tigger	3071	-	264	62377639	46636
chr9	62331003	62531003	harbor1	chr9	62400065	62400260	DNA/TcMar-Tigger	3045	-	98	62400163	69160
chr9	62331003	62531003	harbor1	chr9	62400555	62401165	DNA/TcMar-Tigger	3045	-	305	62400860	69857
chr9	62331003	62531003	harbor1	chr9	62401618	62401826	DNA/TcMar-Tigger	918	-	104	62401722	70719
chr9	9337465	9537465	harbor1	chr9	9437193	9437492	DNA/TcMar-Tigger	554	-	150	9437343	99878
chr9	131594814	131794814	harbor1	chr9	131651738	131653082	DNA/TcMar-Tigger	5231	-	672	131652410	57596
chr9	131594814	131794814	harbor1	chr9	131653101	131653405	DNA/TcMar-Tigger	1158	-	152	131653253	58439
chr9	111194252	111394252	harbor1	chr9	111234860	111235551	DNA/TcMar-Tigger	3127	-	346	111235206	40954
chr9	111194252	111394252	harbor1	chr9	111235527	111235646	DNA/TcMar-Tigger	657	-	60	111235587	41335
chr9	79808333	80008333	harbor1	chr9	79844482	79844593	DNA/TcMar-Tigger	695	-	56	79844538	36205
chr9	79808333	80008333	harbor1	chr9	79844603	79845942	DNA/TcMar-Tigger	8307	-	670	79845273	36940
chr9	79808333	80008333	harbor1	chr9	79846129	79846386	DNA/TcMar-Tigger	1218	-	128	79846257	37924
chr9	97380466	97580466	harbor1	chr9	97425769	97426250	DNA/TcMar-Tigger	3039	-	240	97426009	45543
chr9	97380466	97580466	harbor1	chr9	97426553	97426745	DNA/TcMar-Tigger	3039	-	96	97426649	46183
chr9	128404376	128604376	harbor1	chr9	128467058	128467390	DNA/TcMar-Tigger	1919	-	166	128467224	62848
chr9	73017556	73217556	harbor1	chr9	73028366	73028778	DNA/TcMar-Tigger	836	-	206	73028572	11016
chr9	73017556	73217556	harbor1	chr9	73096855	73097190	DNA/TcMar-Tigger	1748	-	168	73097023	79467
chr9	82084965	82284965	harbor1	chr9	82136183	82136270	DNA/TcMar-Tigger	411	-	44	82136227	51262
chr9	82084965	82284965	harbor1	chr9	82136438	82136853	DNA/TcMar-Tigger	727	-	208	82136646	51681
chr9	39958162	40158162	harbor1	chr9	40043086	40043331	DNA/TcMar-Tigger	822	-	122	40043208	85046
chr9	28683761	28883761	harbor1	chr9	28733969	28734488	DNA/TcMar-Tigger	2245	-	260	28734229	50468
chr9	28683761	28883761	harbor1	chr9	28782780	28783105	DNA/TcMar-Tigger	1658	-	162	28782942	99181
chr9	28683761	28883761	harbor1	chr9	28783204	28783524	DNA/TcMar-Tigger	969	-	160	28783364	99603
chr9	24894640	25094640	harbor1	chr9	24960365	24960683	DNA/TcMar-Tigger	1525	-	159	24960524	65884
chr9	92274638	92474638	harbor1	chr9	92338338	92338688	DNA/TcMar-Tigger	1842	-	175	92338513	63875
chr9	128936395	129136395	harbor1	chr9	128988530	128988672	DNA/TcMar-Tigger	903	-	71	128988601	52206
chr9	14444199	14644199	harbor1	chr9	14496125	14496485	DNA/TcMar-Tigger	1703	-	180	14496305	52106
chr9	14444199	14644199	harbor1	chr9	14502052	14502368	DNA/TcMar-Tigger	897	-	158	14502210	58011
chr9	103036626	103236626	harbor1	chr9	103077250	103077719	DNA/TcMar-Tigger	2049	-	234	103077484	40858
chr9	25682491	25882491	harbor1	chr9	25723688	25724758	DNA/TcMar-Tigger	4938	-	535	25724223	41732
chr9	25682491	25882491	harbor1	chr9	25778577	25778940	DNA/TcMar-Tigger	2004	-	182	25778759	96268
chr9	11654478	11854478	harbor1	chr9	11746564	11746890	DNA/TcMar-Tigger	1707	-	163	11746727	92249
chr9	39190497	39390497	harbor1	chr9	39234896	39235205	DNA/TcMar-Tigger	660	-	154	39235050	44553
chr9	65612787	65812787	harbor1	chr9	65683173	65683400	DNA/TcMar-Tigger	1459	-	114	65683287	70500
chr9	65612787	65812787	harbor1	chr9	65684787	65684908	DNA/TcMar-Tigger	13131	-	60	65684847	72060
chr9	65612787	65812787	harbor1	chr9	65685064	65686354	DNA/TcMar-Tigger	13131	-	645	65685709	72922
chr9	65612787	65812787	harbor1	chr9	65686665	65687217	DNA/TcMar-Tigger	13131	-	276	65686941	74154
chr9	138167107	138367107	harbor1	chr9	138222304	138222527	DNA/TcMar-Tigger	1264	-	112	138222416	55309
chr9	138167107	138367107	harbor1	chr9	138223109	138223132	DNA/TcMar-Tigger	1264	-	12	138223121	56014
chr9	138167107	138367107	harbor1	chr9	138223130	138223225	DNA/TcMar-Tigger	444	-	48	138223178	56071
chr9	37467661	37667661	harbor1	chr9	37498862	37499146	DNA/TcMar-Tigger	2187	-	142	37499004	31343
chr9	37467661	37667661	harbor1	chr9	37499422	37499489	DNA/TcMar-Tigger	2187	-	34	37499456	31795
chr9	103581082	103781082	harbor1	chr9	103662044	103662736	DNA/TcMar-Tigger	3381	-	346	103662390	81308
chr9	123097805	123297805	harbor1	chr9	123144271	123144566	DNA/TcMar-Tigger	886	-	148	123144419	46614
chr9	123097805	123297805	harbor1	chr9	123181123	123181457	DNA/TcMar-Tigger	533	-	167	123181290	83485
chr9	106805920	107005920	harbor1	chr9	106855619	106855784	DNA/TcMar-Tigger	897	-	82	106855701	49781
chr9	73012635	73212635	harbor1	chr9	73028366	73028778	DNA/TcMar-Tigger	836	-	206	73028572	15937
chr9	73012635	73212635	harbor1	chr9	73096855	73097190	DNA/TcMar-Tigger	1748	-	168	73097023	84388
chr9	9337706	9537706	harbor1	chr9	9437193	9437492	DNA/TcMar-Tigger	554	-	150	9437343	99637
chr9	14428652	14628652	harbor1	chr9	14496125	14496485	DNA/TcMar-Tigger	1703	-	180	14496305	67653
chr9	14428652	14628652	harbor1	chr9	14502052	14502368	DNA/TcMar-Tigger	897	-	158	14502210	73558
chr9	21391629	21591629	harbor1	chr9	21391662	21392075	DNA/TcMar-Tigger	2238	-	206	21391868	239
chr9	22488892	22688892	harbor1	chr9	22540020	22541017	DNA/TcMar-Tigger	6223	-	498	22540518	51626
chr9	22488892	22688892	harbor1	chr9	22556440	22558805	DNA/TcMar-Tigger	13226	-	1182	22557622	68730
chr9	22488892	22688892	harbor1	chr9	22560698	22561025	DNA/TcMar-Tigger	1330	-	164	22560862	71970
chr9	42553068	42753068	harbor1	chr9	42569895	42570422	DNA/TcMar-Tigger	3068	-	264	42570159	17091
chr9	42553068	42753068	harbor1	chr9	42592595	42592790	DNA/TcMar-Tigger	3445	-	98	42592693	39625
chr9	42553068	42753068	harbor1	chr9	42593084	42593700	DNA/TcMar-Tigger	3445	-	308	42593392	40324
chr9	42553068	42753068	harbor1	chr9	42594147	42594358	DNA/TcMar-Tigger	1014	-	106	42594253	41185
chr9	61153035	61353035	harbor1	chr9	61182914	61183249	DNA/TcMar-Tigger	1933	-	168	61183082	30047
chr9	61153035	61353035	harbor1	chr9	61217190	61218035	DNA/TcMar-Tigger	5850	-	422	61217612	64577
chr9	37572989	37772989	harbor1	chr9	37581273	37582251	DNA/TcMar-Tigger	5369	-	489	37581762	8773
chr9	37572989	37772989	harbor1	chr9	37663676	37664017	DNA/TcMar-Tigger	2295	-	170	37663846	90857
chr9	84566430	84766430	harbor1	chr9	84606396	84606720	DNA/TcMar-Tigger	1539	-	162	84606558	40128
chr9	84566430	84766430	harbor1	chr9	84630652	84630731	DNA/TcMar-Tigger	443	-	40	84630692	64262
chr9	84566430	84766430	harbor1	chr9	84661740	84662610	DNA/TcMar-Tigger	6365	-	435	84662175	95745
chr9	84566430	84766430	harbor1	chr9	84662910	84663243	DNA/TcMar-Tigger	6365	-	166	84663076	96646
chr9	80956482	81156482	harbor1	chr9	80961388	80961593	DNA/TcMar-Tigger	446	-	102	80961490	5008
chr9	80956482	81156482	harbor1	chr9	80961934	80962081	DNA/TcMar-Tigger	446	-	74	80962008	5526
chr9	104724134	104924134	harbor1	chr9	104767873	104768167	DNA/TcMar-Tigger	1112	-	147	104768020	43886
chr9	37780766	37980766	harbor1	chr9	37819506	37819720	DNA/TcMar-Tigger	420	-	107	37819613	38847
chr9	37780766	37980766	harbor1	chr9	37833284	37833369	DNA/TcMar-Tigger	476	-	42	37833326	52560
chr9	86403068	86603068	harbor1	chr9	86403427	86403634	DNA/TcMar-Tigger	1339	-	104	86403531	463
chr9	86403068	86603068	harbor1	chr9	86419801	86420401	DNA/TcMar-Tigger	2723	-	300	86420101	17033
chr9	40994530	41194530	harbor1	chr9	41084389	41084739	DNA/TcMar-Tigger	2174	-	175	41084564	90034
chr9	71363821	71563821	harbor1	chr9	71421593	71421911	DNA/TcMar-Tigger	1547	-	159	71421752	57931
chr9	120298963	120498963	harbor1	chr9	120334260	120334508	DNA/TcMar-Tigger	610	-	124	120334384	35421
chr9	34052079	34252079	harbor1	chr9	34064253	34064381	DNA/TcMar-Tigger	602	-	64	34064317	12238
chr9	34052079	34252079	harbor1	chr9	34094468	34094531	DNA/TcMar-Tigger	1648	-	32	34094500	42421
chr9	34052079	34252079	harbor1	chr9	34094830	34095083	DNA/TcMar-Tigger	1648	-	126	34094956	42877
chr9	34052079	34252079	harbor1	chr9	34095685	34095726	DNA/TcMar-Tigger	1648	-	20	34095705	43626
chr9	76422465	76622465	harbor1	chr9	76506926	76507283	DNA/TcMar-Tigger	2058	-	178	76507104	84639
chr9	76422465	76622465	harbor1	chr9	76520984	76521725	DNA/TcMar-Tigger	4027	-	370	76521354	98889
chr9	74105381	74305381	harbor1	chr9	74144663	74145032	DNA/TcMar-Tigger	1730	-	184	74144847	39466
chr9	74105381	74305381	harbor1	chr9	74200682	74200925	DNA/TcMar-Tigger	485	-	122	74200804	95423
chr9	74105381	74305381	harbor1	chr9	74201120	74201455	DNA/TcMar-Tigger	810	-	168	74201288	95907
chr9	77275183	77475183	harbor1	chr9	77309414	77309724	DNA/TcMar-Tigger	1310	-	155	77309569	34386
chr9	77275183	77475183	harbor1	chr9	77327740	77328809	DNA/TcMar-Tigger	8424	-	534	77328274	53091
chr9	77275183	77475183	harbor1	chr9	77329189	77329784	DNA/TcMar-Tigger	8424	-	298	77329487	54304
chr9	77275183	77475183	harbor1	chr9	77366088	77366275	DNA/TcMar-Tigger	1053	-	94	77366182	90999
chr9	77275183	77475183	harbor1	chr9	77366295	77366400	DNA/TcMar-Tigger	548	-	52	77366347	91164
chr9	77275183	77475183	harbor1	chr9	77369687	77370207	DNA/TcMar-Tigger	2383	-	260	77369947	94764
chr9	77275183	77475183	harbor1	chr9	77374163	77374664	DNA/TcMar-Tigger	2591	-	250	77374413	99230
chr9	87337117	87537117	harbor1	chr9	87382622	87383244	DNA/TcMar-Tigger	2516	-	311	87382933	45816
chr9	65784459	65984459	harbor1	chr9	65803493	65803808	DNA/TcMar-Tigger	1375	-	158	65803651	19192
chr9	71005723	71205723	harbor1	chr9	71033317	71034161	DNA/TcMar-Tigger	4776	-	422	71033739	28016
chr9	71005723	71205723	harbor1	chr9	71075161	71075365	DNA/TcMar-Tigger	593	-	102	71075263	69540
chr9	71005723	71205723	harbor1	chr9	71075391	71075533	DNA/TcMar-Tigger	485	-	71	71075462	69739
chr9	9268559	9468559	harbor1	chr9	9293633	9294301	DNA/TcMar-Tigger	3261	-	334	9293967	25408
chr9	113415641	113615641	harbor1	chr9	113418385	113418706	DNA/TcMar-Tigger	1573	-	160	113418545	2904
chr9	19514673	19714673	harbor1	chr9	19531954	19532078	DNA/TcMar-Tigger	1090	-	62	19532016	17343
chr9	19514673	19714673	harbor1	chr9	19532395	19532579	DNA/TcMar-Tigger	1090	-	92	19532487	17814
chr9	22492977	22692977	harbor1	chr9	22540020	22541017	DNA/TcMar-Tigger	6223	-	498	22540518	47541
chr9	22492977	22692977	harbor1	chr9	22556440	22558805	DNA/TcMar-Tigger	13226	-	1182	22557622	64645
chr9	22492977	22692977	harbor1	chr9	22560698	22561025	DNA/TcMar-Tigger	1330	-	164	22560862	67885
chr9	95712097	95912097	harbor1	chr9	95746728	95747225	DNA/TcMar-Tigger	2563	-	248	95746976	34879
chr9	95712097	95912097	harbor1	chr9	95747417	95747616	DNA/TcMar-Tigger	1120	-	100	95747517	35420
chr9	66297178	66497178	harbor1	chr9	66304984	66305572	DNA/TcMar-Tigger	2978	-	294	66305278	8100
chr9	66297178	66497178	harbor1	chr9	66364262	66364475	DNA/TcMar-Tigger	1140	-	106	66364368	67190
chr9	65148555	65348555	harbor1	chr9	65158333	65158533	DNA/TcMar-Tigger	1118	-	100	65158433	9878
chr9	21362181	21562181	harbor1	chr9	21391662	21392075	DNA/TcMar-Tigger	2238	-	206	21391868	29687
chr9	61017106	61217106	harbor1	chr9	61099510	61099765	DNA/TcMar-Tigger	1543	-	128	61099638	82532
chr9	61017106	61217106	harbor1	chr9	61100097	61100188	DNA/TcMar-Tigger	1543	-	46	61100143	83037
chr9	71815207	72015207	harbor1	chr9	71848953	71849062	DNA/TcMar-Tigger	613	-	54	71849007	33800
chr9	71815207	72015207	harbor1	chr9	71850575	71851123	DNA/TcMar-Tigger	7992	-	274	71850849	35642
chr9	71815207	72015207	harbor1	chr9	71851409	71851646	DNA/TcMar-Tigger	7992	-	118	71851527	36320
chr9	71815207	72015207	harbor1	chr9	71851937	71852622	DNA/TcMar-Tigger	7992	-	342	71852279	37072
chr9	71815207	72015207	harbor1	chr9	71852961	71853374	DNA/TcMar-Tigger	7992	-	206	71853167	37960
chr9	71815207	72015207	harbor1	chr9	71854228	71854646	DNA/TcMar-Tigger	2753	-	209	71854437	39230
chr9	77686599	77886599	harbor1	chr9	77743994	77744457	DNA/TcMar-Tigger	460	-	232	77744226	57627
chr9	120819187	121019187	harbor1	chr9	120915152	120915464	DNA/TcMar-Tigger	1808	-	156	120915308	96121
chr9	92345684	92545684	harbor1	chr9	92390651	92390982	DNA/TcMar-Tigger	2975	-	166	92390817	45133
chr9	92345684	92545684	harbor1	chr9	92391610	92391919	DNA/TcMar-Tigger	2975	-	154	92391764	46080
chr9	92345684	92545684	harbor1	chr9	92440871	92441119	DNA/TcMar-Tigger	1586	-	124	92440995	95311
chr9	6225801	6425801	harbor1	chr9	6240503	6241510	DNA/TcMar-Tigger	6050	-	504	6241007	15206
chr9	6225801	6425801	harbor1	chr9	6244340	6244633	DNA/TcMar-Tigger	1547	-	146	6244486	18685
chr9	6225801	6425801	harbor1	chr9	6278267	6278576	DNA/TcMar-Tigger	1862	-	154	6278421	52620
chr9	6225801	6425801	harbor1	chr9	6280400	6280576	DNA/TcMar-Tigger	1002	-	88	6280488	54687
chr9	11499007	11699007	harbor1	chr9	11521119	11521449	DNA/TcMar-Tigger	1849	-	165	11521284	22277
chr9	11499007	11699007	harbor1	chr9	11539468	11539801	DNA/TcMar-Tigger	1052	-	166	11539634	40627
chr9	11499007	11699007	harbor1	chr9	11550809	11551481	DNA/TcMar-Tigger	3307	-	336	11551145	52138
chr9	36869117	37069117	harbor1	chr9	36920578	36920776	DNA/TcMar-Tigger	1229	-	99	36920677	51560
chr9	99559588	99759588	harbor1	chr9	99599966	99600057	DNA/TcMar-Tigger	1398	-	46	99600012	40424
chr9	99559588	99759588	harbor1	chr9	99600374	99600654	DNA/TcMar-Tigger	1398	-	140	99600514	40926
chr9	28636786	28836786	harbor1	chr9	28733969	28734488	DNA/TcMar-Tigger	2245	-	260	28734229	97443
chr9	90208311	90408311	harbor1	chr9	90275124	90275437	DNA/TcMar-Tigger	3984	-	156	90275280	66969
chr9	90208311	90408311	harbor1	chr9	90276163	90276291	DNA/TcMar-Tigger	473	-	64	90276227	67916
chr9	90208311	90408311	harbor1	chr9	90275750	90276185	DNA/TcMar-Tigger	3984	-	218	90275968	67657
chr9	111316148	111516148	harbor1	chr9	111379232	111381519	DNA/TcMar-Tigger	13475	-	1144	111380376	64228
chr9	133282205	133482205	harbor1	chr9	133365732	133365944	DNA/TcMar-Tigger	1236	-	106	133365838	83633
chr9	35464954	35664954	harbor1	chr9	35469693	35469806	DNA/TcMar-Tigger	453	-	56	35469749	4795
chr9	35464954	35664954	harbor1	chr9	35483826	35484456	DNA/TcMar-Tigger	4351	-	315	35484141	19187
chr9	122046153	122246153	harbor1	chr9	122119368	122119397	DNA/TcMar-Tigger	1213	-	14	122119382	73229
chr9	122046153	122246153	harbor1	chr9	122119700	122119905	DNA/TcMar-Tigger	1213	-	102	122119802	73649
chr9	65716215	65916215	harbor1	chr9	65803493	65803808	DNA/TcMar-Tigger	1375	-	158	65803651	87436
chr9	91234380	91434380	harbor1	chr9	91236816	91237161	DNA/TcMar-Tigger	900	-	172	91236988	2608
chr9	91234380	91434380	harbor1	chr9	91248670	91248874	DNA/TcMar-Tigger	971	-	102	91248772	14392
chr9	119495040	119695040	harbor1	chr9	119567263	119567407	DNA/TcMar-Tigger	422	-	72	119567335	72295
chr9	42035476	42235476	harbor1	chr9	42072798	42073107	DNA/TcMar-Tigger	657	-	154	42072952	37476
chr9	109986587	110186587	harbor1	chr9	110084491	110084724	DNA/TcMar-Tigger	1222	-	116	110084607	98020
chr9	109986587	110186587	harbor1	chr9	110085040	110085126	DNA/TcMar-Tigger	1222	-	43	110085083	98496
chr9	69343718	69543718	harbor1	chr9	69349637	69349994	DNA/TcMar-Tigger	1939	-	178	69349815	6097
chr9	69343718	69543718	harbor1	chr9	69371945	69372091	DNA/TcMar-Tigger	584	-	73	69372018	28300
chr9	93540116	93740116	harbor1	chr9	93543862	93543956	DNA/TcMar-Tigger	551	-	47	93543909	3793
chr9	93540116	93740116	harbor1	chr9	93543954	93544071	DNA/TcMar-Tigger	558	-	58	93544012	3896
chr9	93540116	93740116	harbor1	chr9	93556781	93557117	DNA/TcMar-Tigger	2920	-	168	93556949	16833
chr9	93540116	93740116	harbor1	chr9	93557430	93557732	DNA/TcMar-Tigger	2920	-	151	93557581	17465
chr9	132821788	133021788	harbor1	chr9	132918971	132919271	DNA/TcMar-Tigger	1594	-	150	132919121	97333
chr9	84448714	84648714	harbor1	chr9	84471679	84471984	DNA/TcMar-Tigger	850	-	152	84471831	23117
chr9	60909824	61109824	harbor1	chr9	60941565	60942410	DNA/TcMar-Tigger	5865	-	422	60941987	32163
chr9	13629385	13829385	harbor1	chr9	13679068	13679170	DNA/TcMar-Tigger	609	-	51	13679119	49734
chr9	13629385	13829385	harbor1	chr9	13679172	13679279	DNA/TcMar-Tigger	12555	-	54	13679226	49841
chr9	13629385	13829385	harbor1	chr9	13679557	13681508	DNA/TcMar-Tigger	12555	-	976	13680533	51148
chr9	76511411	76711411	harbor1	chr9	76520984	76521725	DNA/TcMar-Tigger	4027	-	370	76521354	9943
chr9	76511411	76711411	harbor1	chr9	76534683	76534847	DNA/TcMar-Tigger	1043	-	82	76534765	23354
chr9	76511411	76711411	harbor1	chr9	76535277	76535446	DNA/TcMar-Tigger	931	-	84	76535361	23950
chr9	76511411	76711411	harbor1	chr9	76553836	76554106	DNA/TcMar-Tigger	6705	-	135	76553971	42560
chr9	76511411	76711411	harbor1	chr9	76554389	76555102	DNA/TcMar-Tigger	6705	-	356	76554745	43334
chr9	76511411	76711411	harbor1	chr9	76555162	76555354	DNA/TcMar-Tigger	6705	-	96	76555258	43847
chr9	76511411	76711411	harbor1	chr9	76570673	76570901	DNA/TcMar-Tigger	1289	-	114	76570787	59376
chr9	84876539	85076539	harbor1	chr9	84904686	84904861	DNA/TcMar-Tigger	512	-	88	84904774	28235
chr9	40317669	40517669	harbor1	chr9	40361769	40362341	DNA/TcMar-Tigger	2428	-	286	40362055	44386
chr9	107607690	107807690	harbor1	chr9	107670338	107670582	DNA/TcMar-Tigger	1779	-	122	107670460	62770
chr9	107607690	107807690	harbor1	chr9	107671536	107671614	DNA/TcMar-Tigger	1779	-	39	107671575	63885
chr9	107607690	107807690	harbor1	chr9	107687218	107687986	DNA/TcMar-Tigger	4355	-	384	107687602	79912
chr9	81571714	81771714	harbor1	chr9	81585964	81586017	DNA/TcMar-Tigger	1621	-	26	81585990	14276
chr9	81571714	81771714	harbor1	chr9	81586317	81586583	DNA/TcMar-Tigger	1621	-	133	81586450	14736
chr9	81571714	81771714	harbor1	chr9	81602313	81602666	DNA/TcMar-Tigger	1885	-	176	81602489	30775
chr9	81571714	81771714	harbor1	chr9	81629561	81629889	DNA/TcMar-Tigger	1886	-	164	81629725	58011
chr9	81571714	81771714	harbor1	chr9	81642229	81642331	DNA/TcMar-Tigger	532	-	51	81642280	70566
chr9	81571714	81771714	harbor1	chr9	81658218	81658305	DNA/TcMar-Tigger	1955	-	44	81658262	86548
chr9	81571714	81771714	harbor1	chr9	81657655	81657904	DNA/TcMar-Tigger	1955	-	124	81657779	86065
chr9	81166457	81366457	harbor1	chr9	81195396	81195713	DNA/TcMar-Tigger	1646	-	158	81195554	29097
chr9	133275748	133475748	harbor1	chr9	133365732	133365944	DNA/TcMar-Tigger	1236	-	106	133365838	90090
chr9	42814263	43014263	harbor1	chr9	42837739	42837909	DNA/TcMar-Tigger	452	-	85	42837824	23561
chr9	42814263	43014263	harbor1	chr9	42864913	42865336	DNA/TcMar-Tigger	1991	-	212	42865125	50862
chr9	42814263	43014263	harbor1	chr9	42870069	42870202	DNA/TcMar-Tigger	810	-	66	42870135	55872
chr9	106434740	106634740	harbor1	chr9	106476167	106476399	DNA/TcMar-Tigger	904	-	116	106476283	41543
chr9	106434740	106634740	harbor1	chr9	106476698	106476743	DNA/TcMar-Tigger	904	-	22	106476720	41980
chr9	71323909	71523909	harbor1	chr9	71421593	71421911	DNA/TcMar-Tigger	1547	-	159	71421752	97843
chr9	37212323	37412323	harbor1	chr9	37229326	37230423	DNA/TcMar-Tigger	5524	-	548	37229874	17551
chr9	37212323	37412323	harbor1	chr9	37233106	37233243	DNA/TcMar-Tigger	656	-	68	37233174	20851
chr9	37212323	37412323	harbor1	chr9	37254695	37254882	DNA/TcMar-Tigger	768	-	94	37254789	42466
chr9	37212323	37412323	harbor1	chr9	37255014	37255615	DNA/TcMar-Tigger	2439	-	300	37255314	42991
chr9	111042351	111242351	harbor1	chr9	111086584	111086920	DNA/TcMar-Tigger	2184	-	168	111086752	44401
chr9	105415116	105615116	harbor1	chr9	105474037	105474365	DNA/TcMar-Tigger	1884	-	164	105474201	59085
chr9	105415116	105615116	harbor1	chr9	105498303	105498628	DNA/TcMar-Tigger	2048	-	162	105498465	83349
chr9	105415116	105615116	harbor1	chr9	105503742	105504191	DNA/TcMar-Tigger	761	-	224	105503966	88850
chr9	105415116	105615116	harbor1	chr9	105504574	105504866	DNA/TcMar-Tigger	1255	-	146	105504720	89604
chr9	41131706	41331706	harbor1	chr9	41140149	41140351	DNA/TcMar-Tigger	1097	-	101	41140250	8544
chr9	12860986	13060986	harbor1	chr9	12870466	12870689	DNA/TcMar-Tigger	1129	-	112	12870578	9592
chr9	12860986	13060986	harbor1	chr9	12870802	12871018	DNA/TcMar-Tigger	1378	-	108	12870910	9924
chr9	70300878	70500878	harbor1	chr9	70308924	70309318	DNA/TcMar-Tigger	13590	-	197	70309121	8243
chr9	70300878	70500878	harbor1	chr9	70309350	70309867	DNA/TcMar-Tigger	13590	-	258	70309608	8730
chr9	70300878	70500878	harbor1	chr9	70310148	70311612	DNA/TcMar-Tigger	13590	-	732	70310880	10002
chr9	70300878	70500878	harbor1	chr9	70311702	70311779	DNA/TcMar-Tigger	13590	-	38	70311740	10862
chr9	10781845	10981845	harbor1	chr9	10820519	10821065	DNA/TcMar-Tigger	2876	-	273	10820792	38947
chr9	36860327	37060327	harbor1	chr9	36920578	36920776	DNA/TcMar-Tigger	1229	-	99	36920677	60350
chr9	37615157	37815157	harbor1	chr9	37663676	37664017	DNA/TcMar-Tigger	2295	-	170	37663846	48689
chr10	57229440	57429440	harbor1	chr10	57254718	57255035	DNA/TcMar-Tigger	1290	-	158	57254876	25436
chr10	57229440	57429440	harbor1	chr10	57328614	57329025	DNA/TcMar-Tigger	2140	-	206	57328820	99380
chr10	109893345	110093345	harbor1	chr10	109971499	109971667	DNA/TcMar-Tigger	430	-	84	109971583	78238
chr10	99327912	99527912	harbor1	chr10	99341801	99341967	DNA/TcMar-Tigger	674	-	83	99341884	13972
chr10	99327912	99527912	harbor1	chr10	99369513	99369725	DNA/TcMar-Tigger	481	-	106	99369619	41707
chr10	92851216	93051216	harbor1	chr10	92865183	92865252	DNA/TcMar-Tigger	2470	-	34	92865217	14001
chr10	92851216	93051216	harbor1	chr10	92865717	92866096	DNA/TcMar-Tigger	2470	-	190	92865907	14691
chr10	92851216	93051216	harbor1	chr10	92880085	92880428	DNA/TcMar-Tigger	1971	-	172	92880257	29041
chr10	127440355	127640355	harbor1	chr10	127478282	127478609	DNA/TcMar-Tigger	1401	-	164	127478446	38091
chr10	113852404	114052404	harbor1	chr10	113860988	113861075	DNA/TcMar-Tigger	478	-	44	113861032	8628
chr10	113852404	114052404	harbor1	chr10	113918611	113919557	DNA/TcMar-Tigger	2494	-	473	113919084	66680
chr10	108410709	108610709	harbor1	chr10	108412221	108412563	DNA/TcMar-Tigger	1670	-	171	108412392	1683
chr10	108410709	108610709	harbor1	chr10	108419759	108419854	DNA/TcMar-Tigger	524	-	48	108419807	9098
chr10	108410709	108610709	harbor1	chr10	108419854	108420105	DNA/TcMar-Tigger	1365	-	126	108419980	9271
chr10	108410709	108610709	harbor1	chr10	108457388	108457467	DNA/TcMar-Tigger	5563	-	40	108457428	46719
chr10	108410709	108610709	harbor1	chr10	108458143	108459103	DNA/TcMar-Tigger	5563	-	480	108458623	47914
chr10	34202435	34402435	harbor1	chr10	34203416	34203762	DNA/TcMar-Tigger	2323	-	173	34203589	1154
chr10	127799946	127999946	harbor1	chr10	127853060	127853268	DNA/TcMar-Tigger	1255	-	104	127853164	53218
chr10	46058347	46258347	harbor1	chr10	46153737	46154156	DNA/TcMar-Tigger	2104	-	210	46153947	95600
chr10	26640835	26840835	harbor1	chr10	26681736	26682280	DNA/TcMar-Tigger	2842	-	272	26682008	41173
chr10	128835066	129035066	harbor1	chr10	128875819	128875991	DNA/TcMar-Tigger	501	-	86	128875905	40839
chr10	70845790	71045790	harbor1	chr10	70882817	70883031	DNA/TcMar-Tigger	1360	-	107	70882924	37134
chr10	94882607	95082607	harbor1	chr10	94929556	94930061	DNA/TcMar-Tigger	2693	-	252	94929808	47201
chr10	94882607	95082607	harbor1	chr10	94930352	94930422	DNA/TcMar-Tigger	2693	-	35	94930387	47780
chr10	80950148	81150148	harbor1	chr10	80973339	80975250	DNA/TcMar-Tigger	15364	-	956	80974295	24147
chr10	80950148	81150148	harbor1	chr10	80975534	80976396	DNA/TcMar-Tigger	15364	-	431	80975965	25817
chr10	80950148	81150148	harbor1	chr10	80976882	80977177	DNA/TcMar-Tigger	1179	-	148	80977030	26882
chr10	80950148	81150148	harbor1	chr10	80977657	80977986	DNA/TcMar-Tigger	712	-	164	80977821	27673
chr10	80950148	81150148	harbor1	chr10	80978301	80978339	DNA/TcMar-Tigger	712	-	19	80978320	28172
chr10	80950148	81150148	harbor1	chr10	80978737	80978972	DNA/TcMar-Tigger	1164	-	118	80978855	28707
chr10	80950148	81150148	harbor1	chr10	81016343	81016521	DNA/TcMar-Tigger	1021	-	89	81016432	66284
chr10	80950148	81150148	harbor1	chr10	81026361	81026726	DNA/TcMar-Tigger	1640	-	182	81026543	76395
chr10	80950148	81150148	harbor1	chr10	81026723	81026856	DNA/TcMar-Tigger	543	-	66	81026789	76641
chr10	55481441	55681441	harbor1	chr10	55521291	55521378	DNA/TcMar-Tigger	477	-	44	55521335	39894
chr10	55481441	55681441	harbor1	chr10	55521711	55522055	DNA/TcMar-Tigger	1470	-	172	55521883	40442
chr10	55481441	55681441	harbor1	chr10	55576050	55576476	DNA/TcMar-Tigger	1855	-	213	55576263	94822
chr10	33341233	33541233	harbor1	chr10	33342733	33343172	DNA/TcMar-Tigger	2422	-	220	33342953	1720
chr10	33341233	33541233	harbor1	chr10	33375586	33375810	DNA/TcMar-Tigger	1239	-	112	33375698	34465
chr10	127248557	127448557	harbor1	chr10	127249464	127249779	DNA/TcMar-Tigger	1383	-	158	127249622	1065
chr10	127248557	127448557	harbor1	chr10	127305084	127305391	DNA/TcMar-Tigger	666	-	154	127305238	56681
chr10	127248557	127448557	harbor1	chr10	127311407	127311557	DNA/TcMar-Tigger	894	-	75	127311482	62925
chr10	127248557	127448557	harbor1	chr10	127325866	127327584	DNA/TcMar-Tigger	11479	-	859	127326725	78168
chr10	77504150	77704150	harbor1	chr10	77545192	77545377	DNA/TcMar-Tigger	544	-	92	77545284	41134
chr10	77504150	77704150	harbor1	chr10	77572803	77573108	DNA/TcMar-Tigger	628	-	152	77572955	68805
chr10	105601717	105801717	harbor1	chr10	105601642	105601810	DNA/TcMar-Tigger	1135	-	84	105601726	9
chr10	105601717	105801717	harbor1	chr10	105602111	105602233	DNA/TcMar-Tigger	1135	-	61	105602172	455
chr10	37068050	37268050	harbor1	chr10	37139848	37140283	DNA/TcMar-Tigger	1690	-	218	37140066	72016
chr10	43147088	43347088	harbor1	chr10	43178176	43178340	DNA/TcMar-Tigger	1011	-	82	43178258	31170
chr10	43147088	43347088	harbor1	chr10	43178637	43178791	DNA/TcMar-Tigger	1011	-	77	43178714	31626
chr10	43147088	43347088	harbor1	chr10	43221954	43222239	DNA/TcMar-Tigger	1419	-	142	43222096	75008
chr10	66347624	66547624	harbor1	chr10	66407944	66408277	DNA/TcMar-Tigger	1752	-	166	66408110	60486
chr10	44826456	45026456	harbor1	chr10	44830390	44831710	DNA/TcMar-Tigger	14502	-	660	44831050	4594
chr10	44826456	45026456	harbor1	chr10	44831744	44832798	DNA/TcMar-Tigger	14502	-	527	44832271	5815
chr10	80892211	81092211	harbor1	chr10	80973339	80975250	DNA/TcMar-Tigger	15364	-	956	80974295	82084
chr10	80892211	81092211	harbor1	chr10	80975534	80976396	DNA/TcMar-Tigger	15364	-	431	80975965	83754
chr10	80892211	81092211	harbor1	chr10	80976882	80977177	DNA/TcMar-Tigger	1179	-	148	80977030	84819
chr10	80892211	81092211	harbor1	chr10	80977657	80977986	DNA/TcMar-Tigger	712	-	164	80977821	85610
chr10	80892211	81092211	harbor1	chr10	80978301	80978339	DNA/TcMar-Tigger	712	-	19	80978320	86109
chr10	80892211	81092211	harbor1	chr10	80978737	80978972	DNA/TcMar-Tigger	1164	-	118	80978855	86644
chr10	90578406	90778406	harbor1	chr10	90650987	90651120	DNA/TcMar-Tigger	734	-	66	90651053	72647
chr10	90578406	90778406	harbor1	chr10	90651193	90651259	DNA/TcMar-Tigger	480	-	33	90651226	72820
chr10	90578406	90778406	harbor1	chr10	90651289	90651388	DNA/TcMar-Tigger	634	-	50	90651339	72933
chr10	90578406	90778406	harbor1	chr10	90673150	90673598	DNA/TcMar-Tigger	2425	-	224	90673374	94968
chr10	35767212	35967212	harbor1	chr10	35770224	35770655	DNA/TcMar-Tigger	2672	-	216	35770440	3228
chr10	35767212	35967212	harbor1	chr10	35775036	35777375	DNA/TcMar-Tigger	15885	-	1170	35776206	8994
chr10	35767212	35967212	harbor1	chr10	35779117	35779265	DNA/TcMar-Tigger	1092	-	74	35779191	11979
chr10	35767212	35967212	harbor1	chr10	35788086	35788170	DNA/TcMar-Tigger	563	-	42	35788128	20916
chr10	35767212	35967212	harbor1	chr10	35788173	35788325	DNA/TcMar-Tigger	1181	-	76	35788249	21037
chr10	35767212	35967212	harbor1	chr10	35788688	35788858	DNA/TcMar-Tigger	1181	-	85	35788773	21561
chr10	35767212	35967212	harbor1	chr10	35788861	35789000	DNA/TcMar-Tigger	836	-	70	35788931	21719
chr10	35767212	35967212	harbor1	chr10	35844529	35844740	DNA/TcMar-Tigger	1059	-	106	35844635	77423
chr10	35767212	35967212	harbor1	chr10	35844737	35844864	DNA/TcMar-Tigger	763	-	64	35844801	77589
chr10	84430319	84630319	harbor1	chr10	84475538	84475615	DNA/TcMar-Tigger	416	-	38	84475576	45257
chr10	2277970	2477970	harbor1	chr10	2321622	2322030	DNA/TcMar-Tigger	2062	-	204	2321826	43856
chr10	2277970	2477970	harbor1	chr10	2322939	2323763	DNA/TcMar-Tigger	10577	-	412	2323351	45381
chr10	2277970	2477970	harbor1	chr10	2324064	2325030	DNA/TcMar-Tigger	10577	-	483	2324547	46577
chr10	2277970	2477970	harbor1	chr10	2325591	2325724	DNA/TcMar-Tigger	815	-	66	2325657	47687
chr10	119739373	119939373	harbor1	chr10	119761929	119762171	DNA/TcMar-Tigger	1445	-	121	119762050	22677
chr10	119739373	119939373	harbor1	chr10	119779166	119779406	DNA/TcMar-Tigger	2313	-	120	119779286	39913
chr10	119739373	119939373	harbor1	chr10	119779724	119779902	DNA/TcMar-Tigger	2313	-	89	119779813	40440
chr10	119739373	119939373	harbor1	chr10	119779890	119780198	DNA/TcMar-Tigger	1494	-	154	119780044	40671
chr10	119739373	119939373	harbor1	chr10	119786914	119787225	DNA/TcMar-Tigger	1141	-	156	119787070	47697
chr10	12859258	13059258	harbor1	chr10	12932266	12932429	DNA/TcMar-Tigger	992	-	82	12932348	73090
chr10	54972701	55172701	harbor1	chr10	54985392	54985804	DNA/TcMar-Tigger	2117	-	206	54985598	12897
chr10	54972701	55172701	harbor1	chr10	55018252	55018578	DNA/TcMar-Tigger	1070	-	163	55018415	45714
chr10	70607001	70807001	harbor1	chr10	70659303	70659457	DNA/TcMar-Tigger	1056	-	77	70659380	52379
chr10	70607001	70807001	harbor1	chr10	70660595	70661166	DNA/TcMar-Tigger	3294	-	286	70660881	53880
chr10	103595902	103795902	harbor1	chr10	103630911	103631043	DNA/TcMar-Tigger	1701	-	66	103630977	35075
chr10	103595902	103795902	harbor1	chr10	103631278	103631491	DNA/TcMar-Tigger	1701	-	106	103631384	35482
chr10	103595902	103795902	harbor1	chr10	103641974	103642079	DNA/TcMar-Tigger	489	-	52	103642026	46124
chr10	44669959	44869959	harbor1	chr10	44681810	44682240	DNA/TcMar-Tigger	1897	-	215	44682025	12066
chr10	65830703	66030703	harbor1	chr10	65855847	65856360	DNA/TcMar-Tigger	434	-	256	65856103	25400
chr10	27997530	28197530	harbor1	chr10	28022627	28023218	DNA/TcMar-Tigger	1747	-	296	28022923	25393
chr10	85877975	86077975	harbor1	chr10	85897960	85899141	DNA/TcMar-Tigger	7285	-	590	85898550	20575
chr10	85877975	86077975	harbor1	chr10	85902122	85902481	DNA/TcMar-Tigger	1419	-	180	85902302	24327
chr10	85877975	86077975	harbor1	chr10	85943539	85943646	DNA/TcMar-Tigger	424	-	54	85943593	65618
chr10	21128533	21328533	harbor1	chr10	21186413	21186549	DNA/TcMar-Tigger	1748	-	68	21186481	57948
chr10	21128533	21328533	harbor1	chr10	21186780	21186983	DNA/TcMar-Tigger	1748	-	102	21186882	58349
chr10	66892439	67092439	harbor1	chr10	66938248	66938666	DNA/TcMar-Tigger	2176	-	209	66938457	46018
chr10	66892439	67092439	harbor1	chr10	66947822	66948167	DNA/TcMar-Tigger	1990	-	172	66947994	55555
chr10	66892439	67092439	harbor1	chr10	66943703	66946193	DNA/TcMar-Tigger	15112	-	1245	66944948	52509
chr10	61833023	62033023	harbor1	chr10	61852324	61852542	DNA/TcMar-Tigger	706	-	109	61852433	19410
chr10	61833023	62033023	harbor1	chr10	61932050	61932389	DNA/TcMar-Tigger	2197	-	170	61932220	99197
chr10	61833023	62033023	harbor1	chr10	61932634	61932839	DNA/TcMar-Tigger	1226	-	102	61932736	99713
chr10	2700043	2900043	harbor1	chr10	2711946	2712161	DNA/TcMar-Tigger	1169	-	108	2712054	12011
chr10	2700043	2900043	harbor1	chr10	2756894	2757127	DNA/TcMar-Tigger	978	-	116	2757010	56967
chr10	117882078	118082078	harbor1	chr10	117901440	117901894	DNA/TcMar-Tigger	2676	-	227	117901667	19589
chr10	117882078	118082078	harbor1	chr10	117918543	117919209	DNA/TcMar-Tigger	1870	-	333	117918876	36798
chr10	117882078	118082078	harbor1	chr10	117949152	117949482	DNA/TcMar-Tigger	1832	-	165	117949317	67239
chr10	71616597	71816597	harbor1	chr10	71649654	71649822	DNA/TcMar-Tigger	659	-	84	71649738	33141
chr10	109629992	109829992	harbor1	chr10	109662054	109662482	DNA/TcMar-Tigger	2481	-	214	109662268	32276
chr10	109629992	109829992	harbor1	chr10	109662480	109662569	DNA/TcMar-Tigger	418	-	44	109662524	32532
chr10	109629992	109829992	harbor1	chr10	109707804	109709025	DNA/TcMar-Tigger	14194	-	610	109708414	78422
chr10	109629992	109829992	harbor1	chr10	109709324	109709896	DNA/TcMar-Tigger	14194	-	286	109709610	79618
chr10	109629992	109829992	harbor1	chr10	109707051	109707526	DNA/TcMar-Tigger	14194	-	238	109707289	77297
chr10	87637865	87837865	harbor1	chr10	87725235	87725571	DNA/TcMar-Tigger	574	-	168	87725403	87538
chr10	123840460	124040460	harbor1	chr10	123858072	123858207	DNA/TcMar-Tigger	427	-	68	123858140	17680
chr10	22146803	22346803	harbor1	chr10	22155631	22155974	DNA/TcMar-Tigger	2174	-	172	22155803	9000
chr10	22146803	22346803	harbor1	chr10	22175603	22175750	DNA/TcMar-Tigger	731	-	74	22175677	28874
chr10	22146803	22346803	harbor1	chr10	22198070	22198408	DNA/TcMar-Tigger	2153	-	169	22198239	51436
chr10	88362743	88562743	harbor1	chr10	88377380	88378261	DNA/TcMar-Tigger	6602	-	440	88377820	15077
chr10	88362743	88562743	harbor1	chr10	88378925	88379199	DNA/TcMar-Tigger	6602	-	137	88379062	16319
chr10	2232974	2432974	harbor1	chr10	2321622	2322030	DNA/TcMar-Tigger	2062	-	204	2321826	88852
chr10	2232974	2432974	harbor1	chr10	2322939	2323763	DNA/TcMar-Tigger	10577	-	412	2323351	90377
chr10	2232974	2432974	harbor1	chr10	2324064	2325030	DNA/TcMar-Tigger	10577	-	483	2324547	91573
chr10	2232974	2432974	harbor1	chr10	2325591	2325724	DNA/TcMar-Tigger	815	-	66	2325657	92683
chr10	55965608	56165608	harbor1	chr10	55997958	55998481	DNA/TcMar-Tigger	2831	-	262	55998220	32612
chr10	55965608	56165608	harbor1	chr10	56003420	56004650	DNA/TcMar-Tigger	6017	-	615	56004035	38427
chr10	16675252	16875252	harbor1	chr10	16676160	16676171	DNA/TcMar-Tigger	1125	-	6	16676166	914
chr10	16675252	16875252	harbor1	chr10	16676552	16676766	DNA/TcMar-Tigger	1125	-	107	16676659	1407
chr10	16675252	16875252	harbor1	chr10	16705238	16705468	DNA/TcMar-Tigger	1141	-	115	16705353	30101
chr10	16675252	16875252	harbor1	chr10	16705790	16705821	DNA/TcMar-Tigger	1141	-	16	16705806	30554
chr10	16675252	16875252	harbor1	chr10	16705942	16706009	DNA/TcMar-Tigger	1141	-	34	16705976	30724
chr10	16675252	16875252	harbor1	chr10	16708143	16708491	DNA/TcMar-Tigger	1687	-	174	16708317	33065
chr10	66356921	66556921	harbor1	chr10	66407944	66408277	DNA/TcMar-Tigger	1752	-	166	66408110	51189
chr10	70602202	70802202	harbor1	chr10	70659303	70659457	DNA/TcMar-Tigger	1056	-	77	70659380	57178
chr10	70602202	70802202	harbor1	chr10	70660595	70661166	DNA/TcMar-Tigger	3294	-	286	70660881	58679
chr10	7027630	7227630	harbor1	chr10	7048605	7048888	DNA/TcMar-Tigger	2899	-	142	7048747	21117
chr10	7027630	7227630	harbor1	chr10	7049511	7049803	DNA/TcMar-Tigger	2899	-	146	7049657	22027
chr10	66114582	66314582	harbor1	chr10	66205200	66205393	DNA/TcMar-Tigger	815	-	96	66205296	90714
chr10	93046375	93246375	harbor1	chr10	93126150	93126495	DNA/TcMar-Tigger	725	-	172	93126322	79947
chr10	79403822	79603822	harbor1	chr10	79450424	79450498	DNA/TcMar-Tigger	3976	-	37	79450461	46639
chr10	79403822	79603822	harbor1	chr10	79450529	79450622	DNA/TcMar-Tigger	3976	-	46	79450575	46753
chr10	79403822	79603822	harbor1	chr10	79450923	79451457	DNA/TcMar-Tigger	3976	-	267	79451190	47368
chr10	42857502	43057502	harbor1	chr10	42867145	42867477	DNA/TcMar-Tigger	1051	-	166	42867311	9809
chr10	42857502	43057502	harbor1	chr10	42881825	42882316	DNA/TcMar-Tigger	2094	-	246	42882071	24569
chr10	125761307	125961307	harbor1	chr10	125810909	125811152	DNA/TcMar-Tigger	458	-	122	125811031	49724
chr10	63861160	64061160	harbor1	chr10	63953454	63954395	DNA/TcMar-Tigger	11888	-	470	63953924	92764
chr10	63861160	64061160	harbor1	chr10	63954703	63955769	DNA/TcMar-Tigger	11888	-	533	63955236	94076
chr10	68013577	68213577	harbor1	chr10	68053096	68053299	DNA/TcMar-Tigger	1190	-	102	68053198	39621
chr10	68013577	68213577	harbor1	chr10	68053294	68053310	DNA/TcMar-Tigger	999	-	8	68053302	39725
chr10	68013577	68213577	harbor1	chr10	68053591	68053804	DNA/TcMar-Tigger	999	-	106	68053697	40120
chr10	68013577	68213577	harbor1	chr10	68081196	68081544	DNA/TcMar-Tigger	2007	-	174	68081370	67793
chr10	5145841	5345841	harbor1	chr10	5221990	5222127	DNA/TcMar-Tigger	454	-	68	5222058	76217
chr10	5145841	5345841	harbor1	chr10	5228880	5229070	DNA/TcMar-Tigger	956	-	95	5228975	83134
chr10	5145841	5345841	harbor1	chr10	5229474	5231262	DNA/TcMar-Tigger	11873	-	894	5230368	84527
chr10	5145841	5345841	harbor1	chr10	5231545	5232082	DNA/TcMar-Tigger	11873	-	268	5231813	85972
chr10	12734315	12934315	harbor1	chr10	12773284	12773580	DNA/TcMar-Tigger	990	-	148	12773432	39117
chr10	12734315	12934315	harbor1	chr10	12776430	12777068	DNA/TcMar-Tigger	3227	-	319	12776749	42434
chr10	118448649	118648649	harbor1	chr10	118448721	118448865	DNA/TcMar-Tigger	582	-	72	118448793	144
chr10	118448649	118648649	harbor1	chr10	118450682	118451018	DNA/TcMar-Tigger	1135	-	168	118450850	2201
chr10	118448649	118648649	harbor1	chr10	118510963	118511417	DNA/TcMar-Tigger	2948	-	227	118511190	62541
chr10	118448649	118648649	harbor1	chr10	118525113	118525282	DNA/TcMar-Tigger	923	-	84	118525197	76548
chr10	58614528	58814528	harbor1	chr10	58634645	58635078	DNA/TcMar-Tigger	2122	-	216	58634861	20333
chr10	58614528	58814528	harbor1	chr10	58647670	58647891	DNA/TcMar-Tigger	459	-	110	58647780	33252
chr10	58614528	58814528	harbor1	chr10	58647895	58648499	DNA/TcMar-Tigger	557	-	302	58648197	33669
chr10	58614528	58814528	harbor1	chr10	58669176	58669307	DNA/TcMar-Tigger	618	-	66	58669242	54714
chr10	58614528	58814528	harbor1	chr10	58692366	58692841	DNA/TcMar-Tigger	2053	-	238	58692604	78076
chr10	58614528	58814528	harbor1	chr10	58693998	58694577	DNA/TcMar-Tigger	2526	-	290	58694288	79760
chr10	58614528	58814528	harbor1	chr10	58706229	58706513	DNA/TcMar-Tigger	615	-	142	58706371	91843
chr10	84041375	84241375	harbor1	chr10	84042067	84042420	DNA/TcMar-Tigger	2283	-	176	84042243	868
chr10	84041375	84241375	harbor1	chr10	84127749	84128183	DNA/TcMar-Tigger	2543	-	217	84127966	86591
chr10	84041375	84241375	harbor1	chr10	84128359	84128466	DNA/TcMar-Tigger	537	-	54	84128413	87038
chr10	101477321	101677321	harbor1	chr10	101500094	101500427	DNA/TcMar-Tigger	1786	-	166	101500260	22939
chr10	37704662	37904662	harbor1	chr10	37745939	37746010	DNA/TcMar-Tigger	1342	-	36	37745975	41313
chr10	37704662	37904662	harbor1	chr10	37746315	37746485	DNA/TcMar-Tigger	1342	-	85	37746400	41738
chr10	62152369	62352369	harbor1	chr10	62182409	62182989	DNA/TcMar-Tigger	3524	-	290	62182699	30330
chr11	102694834	102894834	harbor1	chr11	102696999	102697514	DNA/TcMar-Tigger	3438	-	258	102697257	2423
chr11	102694834	102894834	harbor1	chr11	102697804	102697897	DNA/TcMar-Tigger	3438	-	46	102697850	3016
chr11	102694834	102894834	harbor1	chr11	102697898	102698388	DNA/TcMar-Tigger	2730	-	245	102698143	3309
chr11	60863688	61063688	harbor1	chr11	60893557	60893672	DNA/TcMar-Tigger	15153	-	58	60893615	29927
chr11	60863688	61063688	harbor1	chr11	60893928	60896181	DNA/TcMar-Tigger	15153	-	1126	60895054	31366
chr11	26954770	27154770	harbor1	chr11	26973188	26973345	DNA/TcMar-Tigger	712	-	78	26973266	18496
chr11	26954770	27154770	harbor1	chr11	26986278	26986624	DNA/TcMar-Tigger	1740	-	173	26986451	31681
chr11	26954770	27154770	harbor1	chr11	27041656	27041899	DNA/TcMar-Tigger	535	-	122	27041778	87008
chr11	28126859	28326859	harbor1	chr11	28152596	28152704	DNA/TcMar-Tigger	1908	-	54	28152650	25791
chr11	28126859	28326859	harbor1	chr11	28153276	28153497	DNA/TcMar-Tigger	1908	-	110	28153386	26527
chr11	28126859	28326859	harbor1	chr11	28162538	28162937	DNA/TcMar-Tigger	1788	-	200	28162738	35879
chr11	28126859	28326859	harbor1	chr11	28212520	28212798	DNA/TcMar-Tigger	1558	-	139	28212659	85800
chr11	74239532	74439532	harbor1	chr11	74266242	74266597	DNA/TcMar-Tigger	1739	-	178	74266420	26888
chr11	74239532	74439532	harbor1	chr11	74285044	74285222	DNA/TcMar-Tigger	681	-	89	74285133	45601
chr11	89813429	90013429	harbor1	chr11	89822744	89823182	DNA/TcMar-Tigger	1936	-	219	89822963	9534
chr11	89813429	90013429	harbor1	chr11	89823167	89823234	DNA/TcMar-Tigger	384	-	34	89823201	9772
chr11	89813429	90013429	harbor1	chr11	89836317	89836426	DNA/TcMar-Tigger	589	-	54	89836371	22942
chr11	89813429	90013429	harbor1	chr11	89839736	89839831	DNA/TcMar-Tigger	558	-	48	89839784	26355
chr11	89813429	90013429	harbor1	chr11	89839834	89840537	DNA/TcMar-Tigger	2975	-	352	89840186	26757
chr11	89813429	90013429	harbor1	chr11	89876127	89876441	DNA/TcMar-Tigger	1184	-	157	89876284	62855
chr11	89813429	90013429	harbor1	chr11	89876741	89876755	DNA/TcMar-Tigger	1184	-	7	89876748	63319
chr11	89813429	90013429	harbor1	chr11	89891141	89891494	DNA/TcMar-Tigger	1604	-	176	89891317	77888
chr11	40561735	40761735	harbor1	chr11	40612792	40615135	DNA/TcMar-Tigger	13451	-	1172	40613964	52229
chr11	120558096	120758096	harbor1	chr11	120559484	120559819	DNA/TcMar-Tigger	740	-	168	120559652	1556
chr11	59982016	60182016	harbor1	chr11	59985532	59987867	DNA/TcMar-Tigger	13610	-	1168	59986700	4684
chr11	42015526	42215526	harbor1	chr11	42087073	42087397	DNA/TcMar-Tigger	1510	-	162	42087235	71709
chr11	75908492	76108492	harbor1	chr11	75941413	75941646	DNA/TcMar-Tigger	1068	-	116	75941529	33037
chr11	75908492	76108492	harbor1	chr11	75957839	75960279	DNA/TcMar-Tigger	15958	-	1220	75959059	50567
chr11	75908492	76108492	harbor1	chr11	75968014	75968158	DNA/TcMar-Tigger	878	-	72	75968086	59594
chr11	75908492	76108492	harbor1	chr11	75983611	75983930	DNA/TcMar-Tigger	1580	-	160	75983771	75279
chr11	34784774	34984774	harbor1	chr11	34873356	34874012	DNA/TcMar-Tigger	1987	-	328	34873684	88910
chr11	85135178	85335178	harbor1	chr11	85168966	85169287	DNA/TcMar-Tigger	1199	-	160	85169126	33948
chr11	71340670	71540670	harbor1	chr11	71423576	71423896	DNA/TcMar-Tigger	478	-	160	71423736	83066
chr11	90873344	91073344	harbor1	chr11	90875975	90876317	DNA/TcMar-Tigger	945	-	171	90876146	2802
chr11	90873344	91073344	harbor1	chr11	90927241	90927576	DNA/TcMar-Tigger	1643	-	168	90927409	54065
chr11	21218414	21418414	harbor1	chr11	21246454	21246692	DNA/TcMar-Tigger	6419	-	119	21246573	28159
chr11	21218414	21418414	harbor1	chr11	21247035	21247948	DNA/TcMar-Tigger	6419	-	456	21247491	29077
chr11	74014923	74214923	harbor1	chr11	74071627	74071788	DNA/TcMar-Tigger	632	-	80	74071707	56784
chr11	74014923	74214923	harbor1	chr11	74079775	74079884	DNA/TcMar-Tigger	566	-	54	74079829	64906
chr11	43290743	43490743	harbor1	chr11	43323726	43323952	DNA/TcMar-Tigger	1183	-	113	43323839	33096
chr11	43290743	43490743	harbor1	chr11	43331374	43331723	DNA/TcMar-Tigger	1485	-	174	43331548	40805
chr11	43290743	43490743	harbor1	chr11	43333146	43333293	DNA/TcMar-Tigger	699	-	74	43333220	42477
chr11	43290743	43490743	harbor1	chr11	43333898	43334070	DNA/TcMar-Tigger	770	-	86	43333984	43241
chr11	43290743	43490743	harbor1	chr11	43361343	43361696	DNA/TcMar-Tigger	2014	-	176	43361519	70776
chr11	43290743	43490743	harbor1	chr11	43376049	43376168	DNA/TcMar-Tigger	624	-	60	43376109	85366
chr11	43290743	43490743	harbor1	chr11	43376787	43377012	DNA/TcMar-Tigger	1467	-	112	43376899	86156
chr11	43290743	43490743	harbor1	chr11	43377303	43377380	DNA/TcMar-Tigger	1467	-	38	43377341	86598
chr11	43290743	43490743	harbor1	chr11	43386248	43386527	DNA/TcMar-Tigger	1467	-	140	43386388	95645
chr11	113761117	113961117	harbor1	chr11	113762040	113762526	DNA/TcMar-Tigger	3014	-	243	113762283	1166
chr11	113761117	113961117	harbor1	chr11	113762817	113762886	DNA/TcMar-Tigger	3014	-	34	113762851	1734
chr11	113761117	113961117	harbor1	chr11	113764544	113764763	DNA/TcMar-Tigger	685	-	110	113764654	3537
chr11	113761117	113961117	harbor1	chr11	113774564	113774866	DNA/TcMar-Tigger	952	-	151	113774715	13598
chr11	113761117	113961117	harbor1	chr11	113809390	113809641	DNA/TcMar-Tigger	1123	-	126	113809516	48399
chr11	92716202	92916202	harbor1	chr11	92719377	92719719	DNA/TcMar-Tigger	1731	-	171	92719548	3346
chr11	92716202	92916202	harbor1	chr11	92756131	92756435	DNA/TcMar-Tigger	1509	-	152	92756283	40081
chr11	85701783	85901783	harbor1	chr11	85705643	85705936	DNA/TcMar-Tigger	395	-	146	85705789	4006
chr11	85701783	85901783	harbor1	chr11	85789932	85790275	DNA/TcMar-Tigger	1974	-	172	85790104	88321
chr11	115650011	115850011	harbor1	chr11	115713104	115713318	DNA/TcMar-Tigger	1124	-	107	115713211	63200
chr11	115650011	115850011	harbor1	chr11	115734883	115735130	DNA/TcMar-Tigger	536	-	124	115735007	84996
chr11	119410322	119610322	harbor1	chr11	119460796	119461144	DNA/TcMar-Tigger	2143	-	174	119460970	50648
chr11	119410322	119610322	harbor1	chr11	119473975	119474272	DNA/TcMar-Tigger	1533	-	148	119474123	63801
chr11	119410322	119610322	harbor1	chr11	119471987	119472390	DNA/TcMar-Tigger	2248	-	202	119472189	61867
chr11	122520816	122720816	harbor1	chr11	122620050	122620282	DNA/TcMar-Tigger	1565	-	116	122620166	99350
chr11	37570529	37770529	harbor1	chr11	37644056	37644756	DNA/TcMar-Tigger	3724	-	350	37644406	73877
chr11	63142196	63342196	harbor1	chr11	63239931	63240832	DNA/TcMar-Tigger	3709	-	450	63240381	98185
chr11	55209673	55409673	harbor1	chr11	55299317	55299522	DNA/TcMar-Tigger	1039	-	102	55299419	89746
chr11	105371050	105571050	harbor1	chr11	105384599	105385653	DNA/TcMar-Tigger	3781	-	527	105385126	14076
chr11	105371050	105571050	harbor1	chr11	105441871	105442197	DNA/TcMar-Tigger	1339	-	163	105442034	70984
chr11	64984594	65184594	harbor1	chr11	65070783	65070934	DNA/TcMar-Tigger	582	-	76	65070859	86265
chr11	64984594	65184594	harbor1	chr11	65071242	65071257	DNA/TcMar-Tigger	582	-	8	65071250	86656
chr11	125658338	125858338	harbor1	chr11	125725345	125725508	DNA/TcMar-Tigger	439	-	82	125725427	67089
chr11	19836162	20036162	harbor1	chr11	19844450	19844654	DNA/TcMar-Tigger	1057	-	102	19844552	8390
chr11	19836162	20036162	harbor1	chr11	19875191	19875544	DNA/TcMar-Tigger	2441	-	176	19875367	39205
chr11	103799422	103999422	harbor1	chr11	103870266	103870678	DNA/TcMar-Tigger	2300	-	206	103870472	71050
chr11	103799422	103999422	harbor1	chr11	103870688	103871128	DNA/TcMar-Tigger	2214	-	220	103870908	71486
chr11	103799422	103999422	harbor1	chr11	103881782	103881949	DNA/TcMar-Tigger	456	-	84	103881866	82444
chr11	103799422	103999422	harbor1	chr11	103882599	103882753	DNA/TcMar-Tigger	478	-	77	103882676	83254
chr11	64519292	64719292	harbor1	chr11	64565915	64566011	DNA/TcMar-Tigger	607	-	48	64565963	46671
chr11	64519292	64719292	harbor1	chr11	64566262	64566715	DNA/TcMar-Tigger	607	-	226	64566488	47196
chr11	95346553	95546553	harbor1	chr11	95445129	95445239	DNA/TcMar-Tigger	428	-	55	95445184	98631
chr11	26323792	26523792	harbor1	chr11	26376674	26376909	DNA/TcMar-Tigger	1078	-	118	26376792	53000
chr11	89419473	89619473	harbor1	chr11	89437779	89437928	DNA/TcMar-Tigger	644	-	74	89437853	18380
chr11	89419473	89619473	harbor1	chr11	89479909	89480133	DNA/TcMar-Tigger	1180	-	112	89480021	60548
chr11	119918545	120118545	harbor1	chr11	119956391	119956826	DNA/TcMar-Tigger	2525	-	218	119956609	38064
chr11	119918545	120118545	harbor1	chr11	119973786	119973973	DNA/TcMar-Tigger	498	-	94	119973880	55335
chr11	119918545	120118545	harbor1	chr11	119986142	119986578	DNA/TcMar-Tigger	2724	-	218	119986360	67815
chr11	133712620	133912620	harbor1	chr11	133759618	133759916	DNA/TcMar-Tigger	1140	-	149	133759767	47147
chr11	116771077	116971077	harbor1	chr11	116824049	116824302	DNA/TcMar-Tigger	1608	-	126	116824175	53098
chr11	116771077	116971077	harbor1	chr11	116824599	116824613	DNA/TcMar-Tigger	1608	-	7	116824606	53529
chr11	9362549	9562549	harbor1	chr11	9399957	9400277	DNA/TcMar-Tigger	1430	-	160	9400117	37568
chr11	110918049	111118049	harbor1	chr11	110941607	110942045	DNA/TcMar-Tigger	2730	-	219	110941826	23777
chr11	110918049	111118049	harbor1	chr11	111003346	111003548	DNA/TcMar-Tigger	732	-	101	111003447	85398
chr11	110918049	111118049	harbor1	chr11	111003570	111003653	DNA/TcMar-Tigger	445	-	42	111003612	85563
chr11	1771470	1971470	harbor1	chr11	1813315	1813537	DNA/TcMar-Tigger	880	-	111	1813426	41956
chr11	1771470	1971470	harbor1	chr11	1813545	1813613	DNA/TcMar-Tigger	559	-	34	1813579	42109
chr11	1771470	1971470	harbor1	chr11	1813924	1814031	DNA/TcMar-Tigger	559	-	54	1813978	42508
chr11	103732200	103932200	harbor1	chr11	103784780	103785400	DNA/TcMar-Tigger	3662	-	310	103785090	52890
chr11	103732200	103932200	harbor1	chr11	103785423	103786739	DNA/TcMar-Tigger	8038	-	658	103786081	53881
chr11	103732200	103932200	harbor1	chr11	103788855	103788960	DNA/TcMar-Tigger	375	-	52	103788907	56707
chr11	79049072	79249072	harbor1	chr11	79049295	79049474	DNA/TcMar-Tigger	479	-	90	79049385	313
chr11	37779393	37979393	harbor1	chr11	37840048	37840489	DNA/TcMar-Tigger	2354	-	220	37840268	60875
chr11	37779393	37979393	harbor1	chr11	37814237	37814867	DNA/TcMar-Tigger	2903	-	315	37814552	35159
chr11	125205258	125405258	harbor1	chr11	125223534	125223706	DNA/TcMar-Tigger	607	-	86	125223620	18362
chr11	109185014	109385014	harbor1	chr11	109194024	109194318	DNA/TcMar-Tigger	1466	-	147	109194171	9157
chr11	109185014	109385014	harbor1	chr11	109227073	109227932	DNA/TcMar-Tigger	5492	-	430	109227503	42489
chr11	109185014	109385014	harbor1	chr11	109229249	109229557	DNA/TcMar-Tigger	1787	-	154	109229403	44389
chr11	35947292	36147292	harbor1	chr11	35994136	35994225	DNA/TcMar-Tigger	543	-	44	35994180	46888
chr11	35947292	36147292	harbor1	chr11	36012107	36012830	DNA/TcMar-Tigger	4603	-	362	36012469	65177
chr11	35947292	36147292	harbor1	chr11	36029482	36029665	DNA/TcMar-Tigger	570	-	92	36029574	82282
chr11	35947292	36147292	harbor1	chr11	36029649	36029894	DNA/TcMar-Tigger	378	-	122	36029771	82479
chr11	35947292	36147292	harbor1	chr11	35994366	35996649	DNA/TcMar-Tigger	15352	-	1142	35995508	48216
chr11	933167	1133167	harbor1	chr11	937621	937837	DNA/TcMar-Tigger	1113	-	108	937729	4562
chr11	106840786	107040786	harbor1	chr11	106860097	106860756	DNA/TcMar-Tigger	599	-	330	106860427	19641
chr11	106840786	107040786	harbor1	chr11	106900649	106901506	DNA/TcMar-Tigger	8972	-	428	106901077	60291
chr11	106840786	107040786	harbor1	chr11	106901962	106902616	DNA/TcMar-Tigger	8972	-	327	106902289	61503
chr11	106840786	107040786	harbor1	chr11	106928566	106928894	DNA/TcMar-Tigger	1427	-	164	106928730	87944
chr11	35290323	35490323	harbor1	chr11	35312576	35312875	DNA/TcMar-Tigger	1294	-	150	35312726	22403
chr11	35290323	35490323	harbor1	chr11	35374917	35375105	DNA/TcMar-Tigger	839	-	94	35375011	84688
chr11	39722455	39922455	harbor1	chr11	39753753	39755038	DNA/TcMar-Tigger	7866	-	642	39754395	31940
chr11	39722455	39922455	harbor1	chr11	39761190	39762259	DNA/TcMar-Tigger	6106	-	534	39761724	39269
chr11	69507716	69707716	harbor1	chr11	69559814	69559824	DNA/TcMar-Tigger	10752	-	5	69559819	52103
chr11	69507716	69707716	harbor1	chr11	69560129	69561616	DNA/TcMar-Tigger	10752	-	744	69560873	53157
chr11	69507716	69707716	harbor1	chr11	69561935	69562298	DNA/TcMar-Tigger	10752	-	182	69562117	54401
chr11	69507716	69707716	harbor1	chr11	69562293	69562472	DNA/TcMar-Tigger	1011	-	90	69562383	54667
chr11	69507716	69707716	harbor1	chr11	69583269	69583553	DNA/TcMar-Tigger	894	-	142	69583411	75695
chr11	91833360	92033360	harbor1	chr11	91904543	91905197	DNA/TcMar-Tigger	3157	-	327	91904870	71510
chr11	132945827	133145827	harbor1	chr11	132946082	132946631	DNA/TcMar-Tigger	6818	-	274	132946356	529
chr11	132945827	133145827	harbor1	chr11	132947806	132947999	DNA/TcMar-Tigger	1148	-	96	132947902	2075
chr11	132945827	133145827	harbor1	chr11	132980871	132981154	DNA/TcMar-Tigger	1314	-	142	132981013	35186
chr11	109697390	109897390	harbor1	chr11	109717667	109718225	DNA/TcMar-Tigger	3264	-	279	109717946	20556
chr11	109697390	109897390	harbor1	chr11	109738150	109739187	DNA/TcMar-Tigger	4572	-	518	109738668	41278
chr11	21942774	22142774	harbor1	chr11	21949927	21951862	DNA/TcMar-Tigger	10789	-	968	21950895	8121
chr11	21942774	22142774	harbor1	chr11	21959675	21960109	DNA/TcMar-Tigger	2255	-	217	21959892	17118
chr11	10390098	10590098	harbor1	chr11	10403599	10403748	DNA/TcMar-Tigger	1900	-	74	10403673	13575
chr11	10390098	10590098	harbor1	chr11	10404967	10405152	DNA/TcMar-Tigger	1900	-	92	10405059	14961
chr11	15394965	15594965	harbor1	chr11	15473784	15474168	DNA/TcMar-Tigger	1377	-	192	15473976	79011
chr11	11274763	11474763	harbor1	chr11	11311896	11311962	DNA/TcMar-Tigger	2191	-	33	11311929	37166
chr11	11274763	11474763	harbor1	chr11	11312249	11312623	DNA/TcMar-Tigger	2191	-	187	11312436	37673
chr11	78075169	78275169	harbor1	chr11	78113201	78113329	DNA/TcMar-Tigger	377	-	64	78113265	38096
chr11	78075169	78275169	harbor1	chr11	78133503	78133619	DNA/TcMar-Tigger	6323	-	58	78133561	58392
chr11	78075169	78275169	harbor1	chr11	78133915	78134139	DNA/TcMar-Tigger	6323	-	112	78134027	58858
chr11	78075169	78275169	harbor1	chr11	78134437	78135075	DNA/TcMar-Tigger	6323	-	319	78134756	59587
chr11	78075169	78275169	harbor1	chr11	78135370	78135429	DNA/TcMar-Tigger	6323	-	30	78135400	60231
chr11	78075169	78275169	harbor1	chr11	78136552	78136893	DNA/TcMar-Tigger	6126	-	170	78136722	61553
chr11	78075169	78275169	harbor1	chr11	78137179	78137989	DNA/TcMar-Tigger	6126	-	405	78137584	62415
chr11	31598711	31798711	harbor1	chr11	31624205	31625308	DNA/TcMar-Tigger	5600	-	552	31624757	26046
chr11	92236430	92436430	harbor1	chr11	92322119	92323263	DNA/TcMar-Tigger	14092	-	572	92322691	86261
chr11	92236430	92436430	harbor1	chr11	92323552	92324802	DNA/TcMar-Tigger	14092	-	625	92324177	87747
chr11	127926238	128126238	harbor1	chr11	127991184	127991544	DNA/TcMar-Tigger	2275	-	180	127991364	65126
chr11	7417055	7617055	harbor1	chr11	7507485	7507552	DNA/TcMar-Tigger	1735	-	34	7507519	90464
chr11	7417055	7617055	harbor1	chr11	7507847	7508299	DNA/TcMar-Tigger	1735	-	226	7508073	91018
chr11	102136086	102336086	harbor1	chr11	102175519	102175775	DNA/TcMar-Tigger	1668	-	128	102175647	39561
chr11	102136086	102336086	harbor1	chr11	102175748	102175910	DNA/TcMar-Tigger	778	-	81	102175829	39743
chr11	102136086	102336086	harbor1	chr11	102218272	102218530	DNA/TcMar-Tigger	1280	-	129	102218401	82315
chr11	849791	1049791	harbor1	chr11	937621	937837	DNA/TcMar-Tigger	1113	-	108	937729	87938
chr11	102018360	102218360	harbor1	chr11	102090466	102090826	DNA/TcMar-Tigger	2399	-	180	102090646	72286
chr11	120132849	120332849	harbor1	chr11	120136175	120136408	DNA/TcMar-Tigger	1456	-	116	120136291	3442
chr11	105646709	105846709	harbor1	chr11	105652725	105652818	DNA/TcMar-Tigger	488	-	46	105652771	6062
chr11	105646709	105846709	harbor1	chr11	105652810	105652895	DNA/TcMar-Tigger	2213	-	42	105652852	6143
chr11	105646709	105846709	harbor1	chr11	105653211	105653618	DNA/TcMar-Tigger	2213	-	204	105653415	6706
chr11	13951696	14151696	harbor1	chr11	14022125	14022370	DNA/TcMar-Tigger	424	-	122	14022247	70551
chr11	84048144	84248144	harbor1	chr11	84145231	84145559	DNA/TcMar-Tigger	1816	-	164	84145395	97251
chr11	97457021	97657021	harbor1	chr11	97532865	97533189	DNA/TcMar-Tigger	1025	-	162	97533027	76006
chr11	94548482	94748482	harbor1	chr11	94561603	94562181	DNA/TcMar-Tigger	3431	-	289	94561892	13410
chr11	94548482	94748482	harbor1	chr11	94630062	94630484	DNA/TcMar-Tigger	2284	-	211	94630273	81791
chr11	56981616	57181616	harbor1	chr11	56986200	56986411	DNA/TcMar-Tigger	1342	-	106	56986306	4690
chr11	56981616	57181616	harbor1	chr11	56986401	56986538	DNA/TcMar-Tigger	598	-	68	56986469	4853
chr11	56981616	57181616	harbor1	chr11	57015670	57015877	DNA/TcMar-Tigger	1214	-	104	57015774	34158
chr11	56981616	57181616	harbor1	chr11	57015860	57016005	DNA/TcMar-Tigger	644	-	72	57015932	34316
chr11	17578760	17778760	harbor1	chr11	17662612	17663782	DNA/TcMar-Tigger	7125	-	585	17663197	84437
chr11	102325619	102525619	harbor1	chr11	102353906	102354132	DNA/TcMar-Tigger	1213	-	113	102354019	28400
chr11	123171173	123371173	harbor1	chr11	123190049	123190241	DNA/TcMar-Tigger	406	-	96	123190145	18972
chr11	96721950	96921950	harbor1	chr11	96771615	96771827	DNA/TcMar-Tigger	1110	-	106	96771721	49771
chr11	96721950	96921950	harbor1	chr11	96777825	96777981	DNA/TcMar-Tigger	915	-	78	96777903	55953
chr11	96721950	96921950	harbor1	chr11	96797074	96797301	DNA/TcMar-Tigger	1230	-	114	96797188	75238
chr11	96721950	96921950	harbor1	chr11	96821373	96821738	DNA/TcMar-Tigger	1941	-	182	96821555	99605
chr11	13766004	13966004	harbor1	chr11	13780410	13780738	DNA/TcMar-Tigger	1835	-	164	13780574	14570
chr11	121832507	122032507	harbor1	chr11	121922900	121923235	DNA/TcMar-Tigger	1739	-	168	121923068	90561
chr11	114599772	114799772	harbor1	chr11	114696809	114697133	DNA/TcMar-Tigger	1734	-	162	114696971	97199
chr11	19303881	19503881	harbor1	chr11	19339843	19340173	DNA/TcMar-Tigger	547	-	165	19340008	36127
chr11	28677570	28877570	harbor1	chr11	28685429	28687031	DNA/TcMar-Tigger	15620	-	801	28686230	8660
chr11	28677570	28877570	harbor1	chr11	28697762	28697915	DNA/TcMar-Tigger	383	-	76	28697838	20268
chr11	28677570	28877570	harbor1	chr11	28687327	28688385	DNA/TcMar-Tigger	15620	-	529	28687856	10286
chr11	84432990	84632990	harbor1	chr11	84469827	84470170	DNA/TcMar-Tigger	2088	-	172	84469999	37009
chr11	95769645	95969645	harbor1	chr11	95814821	95815165	DNA/TcMar-Tigger	1834	-	172	95814993	45348
chr11	95769645	95969645	harbor1	chr11	95828283	95828574	DNA/TcMar-Tigger	1282	-	146	95828429	58784
chr11	78537505	78737505	harbor1	chr11	78551189	78551501	DNA/TcMar-Tigger	1573	-	156	78551345	13840
chr11	78537505	78737505	harbor1	chr11	78567175	78567280	DNA/TcMar-Tigger	605	-	52	78567227	29722
chr11	78537505	78737505	harbor1	chr11	78567283	78567507	DNA/TcMar-Tigger	1045	-	112	78567395	29890
chr11	16886980	17086980	harbor1	chr11	16952609	16952829	DNA/TcMar-Tigger	1080	-	110	16952719	65739
chr11	35168072	35368072	harbor1	chr11	35228356	35228539	DNA/TcMar-Tigger	379	-	92	35228448	60376
chr11	57079994	57279994	harbor1	chr11	57132359	57132438	DNA/TcMar-Tigger	13024	-	40	57132399	52405
chr11	57079994	57279994	harbor1	chr11	57132730	57132985	DNA/TcMar-Tigger	13024	-	128	57132858	52864
chr11	57079994	57279994	harbor1	chr11	57133291	57135149	DNA/TcMar-Tigger	13024	-	929	57134220	54226
chr11	72763215	72963215	harbor1	chr11	72803844	72804176	DNA/TcMar-Tigger	1984	-	166	72804010	40795
chr11	40033670	40233670	harbor1	chr11	40044436	40046323	DNA/TcMar-Tigger	13891	-	944	40045380	11710
chr11	40033670	40233670	harbor1	chr11	40046624	40046832	DNA/TcMar-Tigger	13891	-	104	40046728	13058
chr11	40033670	40233670	harbor1	chr11	40047130	40047436	DNA/TcMar-Tigger	13891	-	153	40047283	13613
chr11	128488820	128688820	harbor1	chr11	128546387	128546726	DNA/TcMar-Tigger	1962	-	170	128546557	57737
chr11	128488820	128688820	harbor1	chr11	128575080	128575428	DNA/TcMar-Tigger	2193	-	174	128575254	86434
chr11	128488820	128688820	harbor1	chr11	128588441	128588691	DNA/TcMar-Tigger	413	-	125	128588566	99746
chr11	109271394	109471394	harbor1	chr11	109295741	109297175	DNA/TcMar-Tigger	13991	-	717	109296458	25064
chr11	109271394	109471394	harbor1	chr11	109298056	109298713	DNA/TcMar-Tigger	13991	-	328	109298384	26990
chr11	109271394	109471394	harbor1	chr11	109297500	109297747	DNA/TcMar-Tigger	13991	-	124	109297624	26230
chr11	34135549	34335549	harbor1	chr11	34175249	34175589	DNA/TcMar-Tigger	2069	-	170	34175419	39870
chr11	125561816	125761816	harbor1	chr11	125612171	125612283	DNA/TcMar-Tigger	591	-	56	125612227	50411
chr11	125561816	125761816	harbor1	chr11	125616128	125616487	DNA/TcMar-Tigger	1585	-	180	125616308	54492
chr11	125561816	125761816	harbor1	chr11	125635828	125636160	DNA/TcMar-Tigger	1707	-	166	125635994	74178
chr11	125561816	125761816	harbor1	chr11	125647617	125647969	DNA/TcMar-Tigger	1647	-	176	125647793	85977
chr11	114646701	114846701	harbor1	chr11	114696809	114697133	DNA/TcMar-Tigger	1734	-	162	114696971	50270
chr11	114646701	114846701	harbor1	chr11	114713426	114713654	DNA/TcMar-Tigger	1096	-	114	114713540	66839
chr11	114646701	114846701	harbor1	chr11	114739956	114740294	DNA/TcMar-Tigger	1775	-	169	114740125	93424
chr11	74398236	74598236	harbor1	chr11	74401008	74401583	DNA/TcMar-Tigger	3141	-	288	74401296	3060
chr11	74398236	74598236	harbor1	chr11	74478138	74478241	DNA/TcMar-Tigger	1891	-	52	74478190	79954
chr11	74398236	74598236	harbor1	chr11	74478544	74478793	DNA/TcMar-Tigger	1891	-	124	74478668	80432
chr11	37450447	37650447	harbor1	chr11	37486069	37486416	DNA/TcMar-Tigger	1526	-	174	37486243	35796
chr11	119617540	119817540	harbor1	chr11	119642635	119642981	DNA/TcMar-Tigger	2103	-	173	119642808	25268
chr11	90314172	90514172	harbor1	chr11	90335787	90336050	DNA/TcMar-Tigger	481	-	132	90335919	21747
chr11	134654003	134854003	harbor1	chr11	134709334	134709408	DNA/TcMar-Tigger	423	-	37	134709371	55368
chr11	114266400	114466400	harbor1	chr11	114325868	114326509	DNA/TcMar-Tigger	3212	-	320	114326188	59788
chr11	1014251	1214251	harbor1	chr11	1064630	1064758	DNA/TcMar-Tigger	545	-	64	1064694	50443
chr11	1014251	1214251	harbor1	chr11	1065064	1065116	DNA/TcMar-Tigger	545	-	26	1065090	50839
chr11	33538382	33738382	harbor1	chr11	33546714	33547062	DNA/TcMar-Tigger	1879	-	174	33546888	8506
chr11	124945047	125145047	harbor1	chr11	124988211	124990525	DNA/TcMar-Tigger	14500	-	1157	124989368	44321
chr11	124945047	125145047	harbor1	chr11	125000763	125001395	DNA/TcMar-Tigger	3785	-	316	125001079	56032
chr11	98620187	98820187	harbor1	chr11	98627911	98629067	DNA/TcMar-Tigger	5640	-	578	98628489	8302
chr11	98620187	98820187	harbor1	chr11	98666267	98666471	DNA/TcMar-Tigger	2140	-	102	98666369	46182
chr11	98620187	98820187	harbor1	chr11	98666777	98667019	DNA/TcMar-Tigger	2140	-	121	98666898	46711
chr11	110643052	110843052	harbor1	chr11	110688701	110688839	DNA/TcMar-Tigger	385	-	69	110688770	45718
chr11	110643052	110843052	harbor1	chr11	110734260	110734394	DNA/TcMar-Tigger	389	-	67	110734327	91275
chr11	13709405	13909405	harbor1	chr11	13710223	13710524	DNA/TcMar-Tigger	763	-	150	13710373	968
chr11	13709405	13909405	harbor1	chr11	13780410	13780738	DNA/TcMar-Tigger	1835	-	164	13780574	71169
chr11	110702025	110902025	harbor1	chr11	110734260	110734394	DNA/TcMar-Tigger	389	-	67	110734327	32302
chr11	110702025	110902025	harbor1	chr11	110747226	110747864	DNA/TcMar-Tigger	3321	-	319	110747545	45520
chr11	110702025	110902025	harbor1	chr11	110764671	110764963	DNA/TcMar-Tigger	412	-	146	110764817	62792
chr11	110702025	110902025	harbor1	chr11	110791071	110791164	DNA/TcMar-Tigger	622	-	46	110791117	89092
chr11	41881756	42081756	harbor1	chr11	41978902	41978958	DNA/TcMar-Tigger	1720	-	28	41978930	97174
chr11	41881756	42081756	harbor1	chr11	41979497	41979734	DNA/TcMar-Tigger	1720	-	118	41979615	97859
chr11	63034940	63234940	harbor1	chr11	63051822	63051963	DNA/TcMar-Tigger	376	-	70	63051892	16952
chr11	94540157	94740157	harbor1	chr11	94561603	94562181	DNA/TcMar-Tigger	3431	-	289	94561892	21735
chr11	94540157	94740157	harbor1	chr11	94630062	94630484	DNA/TcMar-Tigger	2284	-	211	94630273	90116
chr11	110177659	110377659	harbor1	chr11	110200536	110200919	DNA/TcMar-Tigger	480	-	192	110200728	23069
chr11	110177659	110377659	harbor1	chr11	110201203	110201384	DNA/TcMar-Tigger	480	-	90	110201293	23634
chr11	110177659	110377659	harbor1	chr11	110260655	110261003	DNA/TcMar-Tigger	1173	-	174	110260829	83170
chr11	110177659	110377659	harbor1	chr11	110270138	110270480	DNA/TcMar-Tigger	2282	-	171	110270309	92650
chr11	125327504	125527504	harbor1	chr11	125339779	125340298	DNA/TcMar-Tigger	1958	-	260	125340039	12535
chr11	125327504	125527504	harbor1	chr11	125415775	125416021	DNA/TcMar-Tigger	1119	-	123	125415898	88394
chr11	125327504	125527504	harbor1	chr11	125416332	125416790	DNA/TcMar-Tigger	1119	-	229	125416561	89057
chr11	95754271	95954271	harbor1	chr11	95814821	95815165	DNA/TcMar-Tigger	1834	-	172	95814993	60722
chr11	95754271	95954271	harbor1	chr11	95828283	95828574	DNA/TcMar-Tigger	1282	-	146	95828429	74158
chr11	68560914	68760914	harbor1	chr11	68561187	68561263	DNA/TcMar-Tigger	1037	-	38	68561225	311
chr11	68560914	68760914	harbor1	chr11	68561395	68561468	DNA/TcMar-Tigger	1037	-	36	68561431	517
chr11	68560914	68760914	harbor1	chr11	68569281	68569604	DNA/TcMar-Tigger	1717	-	162	68569443	8529
chr11	68560914	68760914	harbor1	chr11	68616725	68616934	DNA/TcMar-Tigger	752	-	104	68616829	55915
chr11	50307943	50507943	harbor1	chr11	50358732	50358866	DNA/TcMar-Tigger	375	-	67	50358799	50856
chr11	79845632	80045632	harbor1	chr11	79873741	79873943	DNA/TcMar-Tigger	10440	-	101	79873842	28210
chr11	79845632	80045632	harbor1	chr11	79874103	79874176	DNA/TcMar-Tigger	10440	-	36	79874139	28507
chr11	79845632	80045632	harbor1	chr11	79874479	79875981	DNA/TcMar-Tigger	10440	-	751	79875230	29598
chr11	79845632	80045632	harbor1	chr11	79875959	79876167	DNA/TcMar-Tigger	1078	-	104	79876063	30431
chr11	79845632	80045632	harbor1	chr11	79937918	79938261	DNA/TcMar-Tigger	1618	-	172	79938090	92458
chr11	17129953	17329953	harbor1	chr11	17156725	17156858	DNA/TcMar-Tigger	2090	-	66	17156791	26838
chr11	17129953	17329953	harbor1	chr11	17156986	17157211	DNA/TcMar-Tigger	2090	-	112	17157098	27145
chr11	17129953	17329953	harbor1	chr11	17157482	17157823	DNA/TcMar-Tigger	2090	-	170	17157652	27699
chr11	107483785	107683785	harbor1	chr11	107519549	107519784	DNA/TcMar-Tigger	1460	-	118	107519667	35882
chr11	969838	1169838	harbor1	chr11	1064630	1064758	DNA/TcMar-Tigger	545	-	64	1064694	94856
chr11	969838	1169838	harbor1	chr11	1065064	1065116	DNA/TcMar-Tigger	545	-	26	1065090	95252
chr11	194336	394336	harbor1	chr11	221494	221662	DNA/TcMar-Tigger	465	-	84	221578	27242
chr11	194336	394336	harbor1	chr11	238693	238843	DNA/TcMar-Tigger	694	-	75	238768	44432
chr11	63679721	63879721	harbor1	chr11	63744326	63744652	DNA/TcMar-Tigger	1471	-	163	63744489	64768
chr11	24246450	24446450	harbor1	chr11	24296733	24296835	DNA/TcMar-Tigger	667	-	51	24296784	50334
chr11	82001205	82201205	harbor1	chr11	82020331	82020667	DNA/TcMar-Tigger	1858	-	168	82020499	19294
chr11	82001205	82201205	harbor1	chr11	82057117	82057448	DNA/TcMar-Tigger	1576	-	166	82057283	56078
chr11	82001205	82201205	harbor1	chr11	82062274	82062376	DNA/TcMar-Tigger	441	-	51	82062325	61120
chr11	82001205	82201205	harbor1	chr11	82062412	82062508	DNA/TcMar-Tigger	462	-	48	82062460	61255
chr11	126443381	126643381	harbor1	chr11	126490096	126490200	DNA/TcMar-Tigger	432	-	52	126490148	46767
chr11	126443381	126643381	harbor1	chr11	126490231	126490318	DNA/TcMar-Tigger	432	-	44	126490275	46894
chr11	126443381	126643381	harbor1	chr11	126542343	126542850	DNA/TcMar-Tigger	761	-	254	126542597	99216
chr11	105964603	106164603	harbor1	chr11	105990898	105992070	DNA/TcMar-Tigger	6851	-	586	105991484	26881
chr11	31811977	32011977	harbor1	chr11	31896628	31896732	DNA/TcMar-Tigger	459	-	52	31896680	84703
chr11	28504909	28704909	harbor1	chr11	28511157	28511417	DNA/TcMar-Tigger	2337	-	130	28511287	6378
chr11	28504909	28704909	harbor1	chr11	28512898	28513079	DNA/TcMar-Tigger	2337	-	90	28512988	8079
chr11	28504909	28704909	harbor1	chr11	28535721	28535818	DNA/TcMar-Tigger	492	-	48	28535769	30860
chr11	28504909	28704909	harbor1	chr11	28535828	28536069	DNA/TcMar-Tigger	1168	-	120	28535948	31039
chr11	41158449	41358449	harbor1	chr11	41162420	41162903	DNA/TcMar-Tigger	6021	-	242	41162662	4213
chr11	41158449	41358449	harbor1	chr11	41163265	41163284	DNA/TcMar-Tigger	6021	-	10	41163275	4826
chr11	41158449	41358449	harbor1	chr11	41163583	41163615	DNA/TcMar-Tigger	6021	-	16	41163599	5150
chr11	41158449	41358449	harbor1	chr11	41163912	41163936	DNA/TcMar-Tigger	6021	-	12	41163924	5475
chr11	41158449	41358449	harbor1	chr11	41164076	41164690	DNA/TcMar-Tigger	6021	-	307	41164383	5934
chr11	41158449	41358449	harbor1	chr11	41165275	41165335	DNA/TcMar-Tigger	6021	-	30	41165305	6856
chr11	81399451	81599451	harbor1	chr11	81432243	81432708	DNA/TcMar-Tigger	6141	-	232	81432475	33024
chr11	81399451	81599451	harbor1	chr11	81433038	81433728	DNA/TcMar-Tigger	6141	-	345	81433383	33932
chr11	81399451	81599451	harbor1	chr11	81435421	81435622	DNA/TcMar-Tigger	712	-	100	81435521	36070
chr11	92876848	93076848	harbor1	chr11	92877821	92877952	DNA/TcMar-Tigger	894	-	66	92877887	1039
chr11	92876848	93076848	harbor1	chr11	92877943	92878038	DNA/TcMar-Tigger	485	-	48	92877991	1143
chr11	92876848	93076848	harbor1	chr11	92905891	92906345	DNA/TcMar-Tigger	2422	-	227	92906118	29270
chr11	92876848	93076848	harbor1	chr11	92920953	92921132	DNA/TcMar-Tigger	2070	-	90	92921043	44195
chr11	92876848	93076848	harbor1	chr11	92921507	92921677	DNA/TcMar-Tigger	2070	-	85	92921592	44744
chr11	92876848	93076848	harbor1	chr11	92923831	92923981	DNA/TcMar-Tigger	449	-	75	92923906	47058
chr11	92876848	93076848	harbor1	chr11	92953019	92953258	DNA/TcMar-Tigger	1423	-	120	92953139	76291
chr11	92876848	93076848	harbor1	chr11	92953382	92953585	DNA/TcMar-Tigger	1341	-	102	92953484	76636
chr11	92876848	93076848	harbor1	chr11	92953576	92953643	DNA/TcMar-Tigger	456	-	34	92953610	76762
chr11	2955364	3155364	harbor1	chr11	2984908	2985240	DNA/TcMar-Tigger	2028	-	166	2985074	29710
chr11	2955364	3155364	harbor1	chr11	2965218	2965522	DNA/TcMar-Tigger	1415	-	152	2965370	10006
chr11	133798185	133998185	harbor1	chr11	133859823	133860454	DNA/TcMar-Tigger	3486	-	316	133860139	61954
chr11	133798185	133998185	harbor1	chr11	133877062	133877385	DNA/TcMar-Tigger	1821	-	162	133877224	79039
chr11	124079733	124279733	harbor1	chr11	124104030	124104360	DNA/TcMar-Tigger	1868	-	165	124104195	24462
chr11	124079733	124279733	harbor1	chr11	124131070	124131207	DNA/TcMar-Tigger	745	-	68	124131138	51405
chr11	124079733	124279733	harbor1	chr11	124131214	124131474	DNA/TcMar-Tigger	1268	-	130	124131344	51611
chr11	37017026	37217026	harbor1	chr11	37068339	37068526	DNA/TcMar-Tigger	944	-	94	37068433	51407
chr11	88961781	89161781	harbor1	chr11	89052636	89052870	DNA/TcMar-Tigger	912	-	117	89052753	90972
chr11	31384769	31584769	harbor1	chr11	31393829	31394472	DNA/TcMar-Tigger	3587	-	322	31394151	9382
chr11	31384769	31584769	harbor1	chr11	31401998	31402512	DNA/TcMar-Tigger	2830	-	257	31402255	17486
chr11	31384769	31584769	harbor1	chr11	31402830	31403006	DNA/TcMar-Tigger	1043	-	88	31402918	18149
chr11	31384769	31584769	harbor1	chr11	31437128	31437479	DNA/TcMar-Tigger	2181	-	176	31437304	52535
chr11	67631216	67831216	harbor1	chr11	67721985	67722181	DNA/TcMar-Tigger	723	-	98	67722083	90867
chr11	27847842	28047842	harbor1	chr11	27848311	27848436	DNA/TcMar-Tigger	511	-	62	27848373	531
chr11	27847842	28047842	harbor1	chr11	27907447	27907752	DNA/TcMar-Tigger	1383	-	152	27907599	59757
chr11	92699954	92899954	harbor1	chr11	92719377	92719719	DNA/TcMar-Tigger	1731	-	171	92719548	19594
chr11	92699954	92899954	harbor1	chr11	92756131	92756435	DNA/TcMar-Tigger	1509	-	152	92756283	56329
chr11	40704413	40904413	harbor1	chr11	40780952	40781297	DNA/TcMar-Tigger	1991	-	172	40781124	76711
chr11	126890418	127090418	harbor1	chr11	126908802	126909125	DNA/TcMar-Tigger	884	-	162	126908964	18546
chr11	126890418	127090418	harbor1	chr11	126974304	126974479	DNA/TcMar-Tigger	1050	-	88	126974392	83974
chr11	126890418	127090418	harbor1	chr11	126974506	126974599	DNA/TcMar-Tigger	431	-	46	126974552	84134
chr11	126890418	127090418	harbor1	chr11	126974626	126974719	DNA/TcMar-Tigger	473	-	46	126974672	84254
chr11	126890418	127090418	harbor1	chr11	126975112	126975190	DNA/TcMar-Tigger	401	-	39	126975151	84733
chr11	98760137	98960137	harbor1	chr11	98791648	98791777	DNA/TcMar-Tigger	723	-	64	98791712	31575
chr11	98760137	98960137	harbor1	chr11	98798412	98798624	DNA/TcMar-Tigger	388	-	106	98798518	38381
chr11	98760137	98960137	harbor1	chr11	98805328	98805496	DNA/TcMar-Tigger	882	-	84	98805412	45275
chr11	98760137	98960137	harbor1	chr11	98805714	98805870	DNA/TcMar-Tigger	688	-	78	98805792	45655
chr11	82892704	83092704	harbor1	chr11	82910871	82913242	DNA/TcMar-Tigger	15304	-	1186	82912057	19353
chr11	82892704	83092704	harbor1	chr11	82913764	82913937	DNA/TcMar-Tigger	1326	-	86	82913850	21146
chr11	82892704	83092704	harbor1	chr11	82914235	82914375	DNA/TcMar-Tigger	1326	-	70	82914305	21601
chr11	82892704	83092704	harbor1	chr11	82915877	82916058	DNA/TcMar-Tigger	878	-	90	82915967	23263
chr11	91655753	91855753	harbor1	chr11	91666295	91666440	DNA/TcMar-Tigger	841	-	72	91666367	10614
chr11	91655753	91855753	harbor1	chr11	91702168	91702800	DNA/TcMar-Tigger	2919	-	316	91702484	46731
chr11	68926071	69126071	harbor1	chr11	69000880	69001213	DNA/TcMar-Tigger	586	-	166	69001046	74975
chr11	74655904	74855904	harbor1	chr11	74723326	74723417	DNA/TcMar-Tigger	606	-	46	74723372	67468
chr11	74655904	74855904	harbor1	chr11	74723417	74723933	DNA/TcMar-Tigger	3185	-	258	74723675	67771
chr11	12455680	12655680	harbor1	chr11	12533834	12533886	DNA/TcMar-Tigger	1749	-	26	12533860	78180
chr11	12455680	12655680	harbor1	chr11	12534196	12534250	DNA/TcMar-Tigger	1749	-	27	12534223	78543
chr11	12455680	12655680	harbor1	chr11	12533524	12533808	DNA/TcMar-Tigger	1749	-	142	12533666	77986
chr11	91650522	91850522	harbor1	chr11	91666295	91666440	DNA/TcMar-Tigger	841	-	72	91666367	15845
chr11	91650522	91850522	harbor1	chr11	91702168	91702800	DNA/TcMar-Tigger	2919	-	316	91702484	51962
chr11	29016135	29216135	harbor1	chr11	29083688	29083933	DNA/TcMar-Tigger	1320	-	122	29083810	67675
chr11	29016135	29216135	harbor1	chr11	29085046	29085222	DNA/TcMar-Tigger	981	-	88	29085134	68999
chr11	71108475	71308475	harbor1	chr11	71160760	71160993	DNA/TcMar-Tigger	685	-	116	71160876	52401
chr11	71108475	71308475	harbor1	chr11	71161904	71162055	DNA/TcMar-Tigger	685	-	76	71161980	53505
chr11	42031622	42231622	harbor1	chr11	42087073	42087397	DNA/TcMar-Tigger	1510	-	162	42087235	55613
chr11	87721797	87921797	harbor1	chr11	87773608	87774454	DNA/TcMar-Tigger	4960	-	423	87774031	52234
chr11	37292385	37492385	harbor1	chr11	37296959	37298017	DNA/TcMar-Tigger	5672	-	529	37297488	5103
chr11	37292385	37492385	harbor1	chr11	37321033	37322102	DNA/TcMar-Tigger	4976	-	534	37321567	29182
chr11	37292385	37492385	harbor1	chr11	37344307	37344648	DNA/TcMar-Tigger	2156	-	170	37344477	52092
chr11	37189641	37389641	harbor1	chr11	37203891	37204140	DNA/TcMar-Tigger	1005	-	124	37204015	14374
chr11	37189641	37389641	harbor1	chr11	37220817	37221268	DNA/TcMar-Tigger	2477	-	226	37221043	31402
chr11	37189641	37389641	harbor1	chr11	37287979	37288481	DNA/TcMar-Tigger	13855	-	251	37288230	98589
chr11	28106160	28306160	harbor1	chr11	28115096	28115246	DNA/TcMar-Tigger	2356	-	75	28115171	9011
chr11	28106160	28306160	harbor1	chr11	28115554	28115839	DNA/TcMar-Tigger	2356	-	142	28115696	9536
chr11	28106160	28306160	harbor1	chr11	28152596	28152704	DNA/TcMar-Tigger	1908	-	54	28152650	46490
chr11	28106160	28306160	harbor1	chr11	28153276	28153497	DNA/TcMar-Tigger	1908	-	110	28153386	47226
chr11	28106160	28306160	harbor1	chr11	28162538	28162937	DNA/TcMar-Tigger	1788	-	200	28162738	56578
chr11	70522453	70722453	harbor1	chr11	70594310	70594511	DNA/TcMar-Tigger	921	-	100	70594410	71957
chr11	88572653	88772653	harbor1	chr11	88576658	88577082	DNA/TcMar-Tigger	1033	-	212	88576870	4217
chr11	88572653	88772653	harbor1	chr11	88633850	88634984	DNA/TcMar-Tigger	5918	-	567	88634417	61764
chr11	122314695	122514695	harbor1	chr11	122408814	122409151	DNA/TcMar-Tigger	652	-	168	122408982	94287
chr11	134706957	134906957	harbor1	chr11	134709334	134709408	DNA/TcMar-Tigger	423	-	37	134709371	2414
chr11	134706957	134906957	harbor1	chr11	134804033	134804486	DNA/TcMar-Tigger	2517	-	226	134804259	97302
chr11	134706957	134906957	harbor1	chr11	134804492	134804704	DNA/TcMar-Tigger	1257	-	106	134804598	97641
chr11	13101526	13301526	harbor1	chr11	13134704	13134972	DNA/TcMar-Tigger	1853	-	134	13134838	33312
chr11	69904622	70104622	harbor1	chr11	69996773	69997114	DNA/TcMar-Tigger	586	-	170	69996943	92321
chr11	26902327	27102327	harbor1	chr11	26921685	26922034	DNA/TcMar-Tigger	1389	-	174	26921859	19532
chr11	26902327	27102327	harbor1	chr11	26973188	26973345	DNA/TcMar-Tigger	712	-	78	26973266	70939
chr11	26902327	27102327	harbor1	chr11	26986278	26986624	DNA/TcMar-Tigger	1740	-	173	26986451	84124
chr11	131572888	131772888	harbor1	chr11	131623373	131623501	DNA/TcMar-Tigger	385	-	64	131623437	50549
chr11	131572888	131772888	harbor1	chr11	131636314	131636489	DNA/TcMar-Tigger	598	-	88	131636402	63514
chr11	66456185	66656185	harbor1	chr11	66550800	66550874	DNA/TcMar-Tigger	406	-	37	66550837	94652
chr11	74666789	74866789	harbor1	chr11	74723326	74723417	DNA/TcMar-Tigger	606	-	46	74723372	56583
chr11	74666789	74866789	harbor1	chr11	74723417	74723933	DNA/TcMar-Tigger	3185	-	258	74723675	56886
chr11	80660109	80860109	harbor1	chr11	80717640	80717914	DNA/TcMar-Tigger	1094	-	137	80717777	57668
chr11	80660109	80860109	harbor1	chr11	80735047	80735362	DNA/TcMar-Tigger	1888	-	158	80735205	75096
chr11	93561657	93761657	harbor1	chr11	93595430	93595585	DNA/TcMar-Tigger	465	-	78	93595508	33851
chr11	93561657	93761657	harbor1	chr11	93626077	93626898	DNA/TcMar-Tigger	9075	-	410	93626487	64830
chr11	93561657	93761657	harbor1	chr11	93627187	93627875	DNA/TcMar-Tigger	9075	-	344	93627531	65874
chr11	49013705	49213705	harbor1	chr11	49059298	49059535	DNA/TcMar-Tigger	1150	-	118	49059416	45711
chr11	49013705	49213705	harbor1	chr11	49059837	49059932	DNA/TcMar-Tigger	1150	-	48	49059885	46180
chr11	49013705	49213705	harbor1	chr11	49063472	49063917	DNA/TcMar-Tigger	1959	-	222	49063694	49989
chr11	49013705	49213705	harbor1	chr11	49069774	49069922	DNA/TcMar-Tigger	609	-	74	49069848	56143
chr11	49013705	49213705	harbor1	chr11	49093888	49094238	DNA/TcMar-Tigger	1754	-	175	49094063	80358
chr11	123783886	123983886	harbor1	chr11	123878604	123878649	DNA/TcMar-Tigger	4745	-	22	123878626	94740
chr11	123783886	123983886	harbor1	chr11	123878953	123879810	DNA/TcMar-Tigger	4745	-	428	123879381	95495
chr11	118761380	118961380	harbor1	chr11	118762364	118762738	DNA/TcMar-Tigger	1917	-	187	118762551	1171
chr11	118761380	118961380	harbor1	chr11	118763453	118763530	DNA/TcMar-Tigger	433	-	38	118763491	2111
chr11	118761380	118961380	harbor1	chr11	118824456	118824543	DNA/TcMar-Tigger	1973	-	44	118824500	63120
chr11	118761380	118961380	harbor1	chr11	118824854	118825129	DNA/TcMar-Tigger	1973	-	138	118824992	63612
chr12	21974672	22174672	harbor1	chr12	22000376	22001585	DNA/TcMar-Tigger	6649	-	604	22000980	26308
chr12	21974672	22174672	harbor1	chr12	22065817	22066028	DNA/TcMar-Tigger	1030	-	106	22065923	91251
chr12	21974672	22174672	harbor1	chr12	22066144	22066915	DNA/TcMar-Tigger	14277	-	386	22066530	91858
chr12	21974672	22174672	harbor1	chr12	22067186	22068758	DNA/TcMar-Tigger	14277	-	786	22067972	93300
chr12	96973387	97173387	harbor1	chr12	96978937	96979135	DNA/TcMar-Tigger	550	-	99	96979036	5649
chr12	96973387	97173387	harbor1	chr12	96998599	96998927	DNA/TcMar-Tigger	2123	-	164	96998763	25376
chr12	96973387	97173387	harbor1	chr12	97065773	97066117	DNA/TcMar-Tigger	444	-	172	97065945	92558
chr12	96973387	97173387	harbor1	chr12	97070715	97071034	DNA/TcMar-Tigger	1354	-	160	97070875	97488
chr12	5048950	5248950	harbor1	chr12	5115461	5115539	DNA/TcMar-Tigger	452	-	39	5115500	66550
chr12	5048950	5248950	harbor1	chr12	5122430	5122621	DNA/TcMar-Tigger	976	-	96	5122526	73576
chr12	5048950	5248950	harbor1	chr12	5122618	5122735	DNA/TcMar-Tigger	549	-	58	5122676	73726
chr12	124815566	125015566	harbor1	chr12	124861124	124861444	DNA/TcMar-Tigger	1610	-	160	124861284	45718
chr12	124815566	125015566	harbor1	chr12	124887356	124887515	DNA/TcMar-Tigger	836	-	80	124887436	71870
chr12	32739466	32939466	harbor1	chr12	32803620	32804301	DNA/TcMar-Tigger	4246	-	340	32803960	64494
chr12	32739466	32939466	harbor1	chr12	32810028	32810675	DNA/TcMar-Tigger	11189	-	324	32810352	70886
chr12	32739466	32939466	harbor1	chr12	32810981	32812303	DNA/TcMar-Tigger	11189	-	661	32811642	72176
chr12	3323047	3523047	harbor1	chr12	3348670	3348903	DNA/TcMar-Tigger	1390	-	116	3348786	25739
chr12	3323047	3523047	harbor1	chr12	3412001	3412660	DNA/TcMar-Tigger	4009	-	330	3412331	89284
chr12	3323047	3523047	harbor1	chr12	3413444	3413602	DNA/TcMar-Tigger	1133	-	79	3413523	90476
chr12	3323047	3523047	harbor1	chr12	3413592	3413752	DNA/TcMar-Tigger	912	-	80	3413672	90625
chr12	95402324	95602324	harbor1	chr12	95439431	95439592	DNA/TcMar-Tigger	764	-	80	95439511	37187
chr12	95402324	95602324	harbor1	chr12	95486356	95486501	DNA/TcMar-Tigger	544	-	72	95486428	84104
chr12	95402324	95602324	harbor1	chr12	95486797	95486923	DNA/TcMar-Tigger	544	-	63	95486860	84536
chr12	95402324	95602324	harbor1	chr12	95487163	95487283	DNA/TcMar-Tigger	433	-	60	95487223	84899
chr12	96932037	97132037	harbor1	chr12	96978937	96979135	DNA/TcMar-Tigger	550	-	99	96979036	46999
chr12	96932037	97132037	harbor1	chr12	96998599	96998927	DNA/TcMar-Tigger	2123	-	164	96998763	66726
chr12	131564005	131764005	harbor1	chr12	131606873	131607106	DNA/TcMar-Tigger	1048	-	116	131606989	42984
chr12	131564005	131764005	harbor1	chr12	131607413	131607478	DNA/TcMar-Tigger	937	-	32	131607445	43440
chr12	131564005	131764005	harbor1	chr12	131630347	131630695	DNA/TcMar-Tigger	1882	-	174	131630521	66516
chr12	54201605	54401605	harbor1	chr12	54276211	54276569	DNA/TcMar-Tigger	2322	-	179	54276390	74785
chr12	43246758	43446758	harbor1	chr12	43334837	43335132	DNA/TcMar-Tigger	1488	-	148	43334985	88227
chr12	128985440	129185440	harbor1	chr12	128988090	128988226	DNA/TcMar-Tigger	463	-	68	128988158	2718
chr12	128985440	129185440	harbor1	chr12	128988965	128989215	DNA/TcMar-Tigger	666	-	125	128989090	3650
chr12	128985440	129185440	harbor1	chr12	129030847	129031069	DNA/TcMar-Tigger	496	-	111	129030958	45518
chr12	74192503	74392503	harbor1	chr12	74212700	74213194	DNA/TcMar-Tigger	2817	-	247	74212947	20444
chr12	74192503	74392503	harbor1	chr12	74213944	74215815	DNA/TcMar-Tigger	11393	-	936	74214880	22377
chr12	74192503	74392503	harbor1	chr12	74231055	74231141	DNA/TcMar-Tigger	601	-	43	74231098	38595
chr12	38249101	38449101	harbor1	chr12	38342924	38343258	DNA/TcMar-Tigger	2073	-	167	38343091	93990
chr12	117274781	117474781	harbor1	chr12	117282631	117282929	DNA/TcMar-Tigger	718	-	149	117282780	7999
chr12	117274781	117474781	harbor1	chr12	117328778	117329129	DNA/TcMar-Tigger	2110	-	176	117328954	54173
chr12	71993183	72193183	harbor1	chr12	72057139	72057891	DNA/TcMar-Tigger	2275	-	376	72057515	64332
chr12	71993183	72193183	harbor1	chr12	72038743	72041122	DNA/TcMar-Tigger	14475	-	1190	72039933	46750
chr12	12316099	12516099	harbor1	chr12	12363911	12364093	DNA/TcMar-Tigger	2333	-	91	12364002	47903
chr12	12316099	12516099	harbor1	chr12	12364385	12364592	DNA/TcMar-Tigger	2333	-	104	12364489	48390
chr12	12316099	12516099	harbor1	chr12	12379653	12380358	DNA/TcMar-Tigger	3494	-	352	12380005	63906
chr12	2044271	2244271	harbor1	chr12	2129838	2130092	DNA/TcMar-Tigger	789	-	127	2129965	85694
chr12	128058448	128258448	harbor1	chr12	128136143	128136320	DNA/TcMar-Tigger	2298	-	88	128136231	77783
chr12	128058448	128258448	harbor1	chr12	128136619	128136835	DNA/TcMar-Tigger	2298	-	108	128136727	78279
chr12	94056979	94256979	harbor1	chr12	94089117	94089466	DNA/TcMar-Tigger	2086	-	174	94089291	32312
chr12	94056979	94256979	harbor1	chr12	94094398	94094568	DNA/TcMar-Tigger	2337	-	85	94094483	37504
chr12	94056979	94256979	harbor1	chr12	94094979	94095193	DNA/TcMar-Tigger	2337	-	107	94095086	38107
chr12	65208481	65408481	harbor1	chr12	65227447	65227646	DNA/TcMar-Tigger	1242	-	100	65227547	19066
chr12	65208481	65408481	harbor1	chr12	65227844	65227936	DNA/TcMar-Tigger	1242	-	46	65227890	19409
chr12	65208481	65408481	harbor1	chr12	65251115	65251415	DNA/TcMar-Tigger	1117	-	150	65251265	42784
chr12	65208481	65408481	harbor1	chr12	65256906	65257252	DNA/TcMar-Tigger	4665	-	173	65257079	48598
chr12	65208481	65408481	harbor1	chr12	65257547	65257910	DNA/TcMar-Tigger	4665	-	182	65257729	49248
chr12	65208481	65408481	harbor1	chr12	65260698	65260866	DNA/TcMar-Tigger	912	-	84	65260782	52301
chr12	65208481	65408481	harbor1	chr12	65261169	65261501	DNA/TcMar-Tigger	912	-	166	65261335	52854
chr12	65208481	65408481	harbor1	chr12	65274325	65274595	DNA/TcMar-Tigger	849	-	135	65274460	65979
chr12	32406090	32606090	harbor1	chr12	32465101	32465295	DNA/TcMar-Tigger	1027	-	97	32465198	59108
chr12	95882915	96082915	harbor1	chr12	95904943	95905264	DNA/TcMar-Tigger	1370	-	160	95905103	22188
chr12	95882915	96082915	harbor1	chr12	95916132	95916323	DNA/TcMar-Tigger	464	-	96	95916228	33313
chr12	109735929	109935929	harbor1	chr12	109746897	109747094	DNA/TcMar-Tigger	1010	-	98	109746995	11066
chr12	10368295	10568295	harbor1	chr12	10405172	10405705	DNA/TcMar-Tigger	2659	-	266	10405438	37143
chr12	10368295	10568295	harbor1	chr12	10415953	10416236	DNA/TcMar-Tigger	1479	-	142	10416095	47800
chr12	10368295	10568295	harbor1	chr12	10416457	10416500	DNA/TcMar-Tigger	1479	-	22	10416479	48184
chr12	10368295	10568295	harbor1	chr12	10424379	10425542	DNA/TcMar-Tigger	5592	-	582	10424961	56666
chr12	10368295	10568295	harbor1	chr12	10431385	10431677	DNA/TcMar-Tigger	1572	-	146	10431531	63236
chr12	10368295	10568295	harbor1	chr12	10431893	10431936	DNA/TcMar-Tigger	1572	-	22	10431915	63620
chr12	10368295	10568295	harbor1	chr12	10439783	10440947	DNA/TcMar-Tigger	5616	-	582	10440365	72070
chr12	10368295	10568295	harbor1	chr12	10446819	10447111	DNA/TcMar-Tigger	1565	-	146	10446965	78670
chr12	10368295	10568295	harbor1	chr12	10447325	10447361	DNA/TcMar-Tigger	1565	-	18	10447343	79048
chr12	124871176	125071176	harbor1	chr12	124887356	124887515	DNA/TcMar-Tigger	836	-	80	124887436	16260
chr12	16131282	16331282	harbor1	chr12	16218405	16218750	DNA/TcMar-Tigger	1977	-	172	16218577	87295
chr12	16131282	16331282	harbor1	chr12	16226058	16226360	DNA/TcMar-Tigger	1566	-	151	16226209	94927
chr12	116802124	117002124	harbor1	chr12	116892755	116892873	DNA/TcMar-Tigger	2958	-	59	116892814	90690
chr12	116802124	117002124	harbor1	chr12	116893326	116893654	DNA/TcMar-Tigger	2958	-	164	116893490	91366
chr12	116802124	117002124	harbor1	chr12	116893990	116894096	DNA/TcMar-Tigger	2958	-	53	116894043	91919
chr12	110452826	110652826	harbor1	chr12	110485784	110486223	DNA/TcMar-Tigger	973	-	220	110486004	33178
chr12	110452826	110652826	harbor1	chr12	110488665	110488908	DNA/TcMar-Tigger	1463	-	122	110488787	35961
chr12	110452826	110652826	harbor1	chr12	110522566	110522903	DNA/TcMar-Tigger	453	-	168	110522734	69908
chr12	109413647	109613647	harbor1	chr12	109471908	109472835	DNA/TcMar-Tigger	5038	-	464	109472372	58725
chr12	14085140	14285140	harbor1	chr12	14086880	14087410	DNA/TcMar-Tigger	6586	-	265	14087145	2005
chr12	14085140	14285140	harbor1	chr12	14087707	14088347	DNA/TcMar-Tigger	6586	-	320	14088027	2887
chr12	75023940	75223940	harbor1	chr12	75103658	75104074	DNA/TcMar-Tigger	2616	-	208	75103866	79926
chr12	75023940	75223940	harbor1	chr12	75104080	75104477	DNA/TcMar-Tigger	2218	-	198	75104278	80338
chr13	49047700	49247700	harbor1	chr13	49102312	49102511	DNA/TcMar-Tigger	507	-	100	49102412	54712
chr13	102769710	102969710	harbor1	chr13	102846509	102846823	DNA/TcMar-Tigger	870	-	157	102846666	76956
chr13	113208809	113408809	harbor1	chr13	113248604	113248815	DNA/TcMar-Tigger	918	-	106	113248710	39901
chr13	113208809	113408809	harbor1	chr13	113248845	113248974	DNA/TcMar-Tigger	679	-	64	113248909	40100
chr13	35447407	35647407	harbor1	chr13	35495555	35495627	DNA/TcMar-Tigger	438	-	36	35495591	48184
chr13	35447407	35647407	harbor1	chr13	35538109	35538647	DNA/TcMar-Tigger	3559	-	269	35538378	90971
chr13	35447407	35647407	harbor1	chr13	35538667	35538834	DNA/TcMar-Tigger	942	-	84	35538751	91344
chr13	51279069	51479069	harbor1	chr13	51367014	51367350	DNA/TcMar-Tigger	1687	-	168	51367182	88113
chr13	108040563	108240563	harbor1	chr13	108078037	108078115	DNA/TcMar-Tigger	428	-	39	108078076	37513
chr13	92008256	92208256	harbor1	chr13	92027297	92027506	DNA/TcMar-Tigger	1124	-	104	92027401	19145
chr13	25574448	25774448	harbor1	chr13	25648303	25648383	DNA/TcMar-Tigger	1155	-	40	25648343	73895
chr13	25574448	25774448	harbor1	chr13	25648689	25648923	DNA/TcMar-Tigger	1155	-	117	25648806	74358
chr13	34855318	35055318	harbor1	chr13	34918935	34919044	DNA/TcMar-Tigger	716	-	54	34918989	63671
chr13	34855318	35055318	harbor1	chr13	34920362	34920590	DNA/TcMar-Tigger	1464	-	114	34920476	65158
chr13	34855318	35055318	harbor1	chr13	34954598	34954935	DNA/TcMar-Tigger	2016	-	168	34954766	99448
chr13	102768648	102968648	harbor1	chr13	102846509	102846823	DNA/TcMar-Tigger	870	-	157	102846666	78018
chr13	25295822	25495822	harbor1	chr13	25346942	25347241	DNA/TcMar-Tigger	1783	-	150	25347092	51270
chr13	24208292	24408292	harbor1	chr13	24263447	24263783	DNA/TcMar-Tigger	1871	-	168	24263615	55323
chr13	81955327	82155327	harbor1	chr13	81983370	81983866	DNA/TcMar-Tigger	2545	-	248	81983618	28291
chr13	81955327	82155327	harbor1	chr13	82029873	82030072	DNA/TcMar-Tigger	1014	-	100	82029973	74646
chr13	81955327	82155327	harbor1	chr13	82030347	82030469	DNA/TcMar-Tigger	685	-	61	82030408	75081
chr13	81955327	82155327	harbor1	chr13	82030469	82030692	DNA/TcMar-Tigger	1331	-	112	82030581	75254
chr13	46299481	46499481	harbor1	chr13	46353223	46353374	DNA/TcMar-Tigger	879	-	76	46353299	53818
chr13	52264859	52464859	harbor1	chr13	52298139	52298648	DNA/TcMar-Tigger	3004	-	254	52298393	33534
chr13	52264859	52464859	harbor1	chr13	52303636	52304604	DNA/TcMar-Tigger	6143	-	484	52304120	39261
chr13	52264859	52464859	harbor1	chr13	52304891	52305070	DNA/TcMar-Tigger	6143	-	90	52304981	40122
chr13	20319218	20519218	harbor1	chr13	20413504	20413831	DNA/TcMar-Tigger	1527	-	164	20413668	94450
chr13	62205568	62405568	harbor1	chr13	62241227	62241839	DNA/TcMar-Tigger	6684	-	306	62241533	35965
chr13	62205568	62405568	harbor1	chr13	62242149	62242735	DNA/TcMar-Tigger	6684	-	293	62242442	36874
chr13	59984783	60184783	harbor1	chr13	60062641	60063644	DNA/TcMar-Tigger	14334	-	502	60063143	78360
chr13	59984783	60184783	harbor1	chr13	60063940	60065327	DNA/TcMar-Tigger	14334	-	694	60064634	79851
chr13	41378341	41578341	harbor1	chr13	41439362	41439559	DNA/TcMar-Tigger	759	-	98	41439460	61119
chr13	81302912	81502912	harbor1	chr13	81351242	81351707	DNA/TcMar-Tigger	2795	-	232	81351474	48562
chr13	81302912	81502912	harbor1	chr13	81376626	81377711	DNA/TcMar-Tigger	5337	-	542	81377168	74256
chr13	97794457	97994457	harbor1	chr13	97810779	97811235	DNA/TcMar-Tigger	2379	-	228	97811007	16550
chr13	97794457	97994457	harbor1	chr13	97871494	97871781	DNA/TcMar-Tigger	744	-	144	97871638	77181
chr13	48058307	48258307	harbor1	chr13	48113227	48113315	DNA/TcMar-Tigger	572	-	44	48113271	54964
chr13	48058307	48258307	harbor1	chr13	48113315	48113577	DNA/TcMar-Tigger	1401	-	131	48113446	55139
chr13	29080377	29280377	harbor1	chr13	29103200	29103802	DNA/TcMar-Tigger	2835	-	301	29103501	23124
chr13	29080377	29280377	harbor1	chr13	29116432	29116966	DNA/TcMar-Tigger	2700	-	267	29116699	36322
chr13	29080377	29280377	harbor1	chr13	29145704	29145897	DNA/TcMar-Tigger	502	-	96	29145800	65423
chr13	97265963	97465963	harbor1	chr13	97322439	97322513	DNA/TcMar-Tigger	451	-	37	97322476	56513
chr13	97265963	97465963	harbor1	chr13	97350087	97351742	DNA/TcMar-Tigger	14372	-	828	97350915	84952
chr13	97265963	97465963	harbor1	chr13	97352079	97352785	DNA/TcMar-Tigger	14372	-	353	97352432	86469
chr13	97265963	97465963	harbor1	chr13	97362087	97362324	DNA/TcMar-Tigger	1348	-	118	97362205	96242
chr14	64159541	64359541	harbor1	chr14	64175436	64175919	DNA/TcMar-Tigger	685	-	242	64175678	16137
chr14	64159541	64359541	harbor1	chr14	64233566	64234154	DNA/TcMar-Tigger	3099	-	294	64233860	74319
chr14	64159541	64359541	harbor1	chr14	64243196	64243535	DNA/TcMar-Tigger	1926	-	170	64243366	83825
chr14	99359904	99559904	harbor1	chr14	99369195	99369327	DNA/TcMar-Tigger	848	-	66	99369261	9357
chr14	99359904	99559904	harbor1	chr14	99369604	99369652	DNA/TcMar-Tigger	770	-	24	99369628	9724
chr14	99359904	99559904	harbor1	chr14	99369640	99369846	DNA/TcMar-Tigger	1096	-	103	99369743	9839
chr14	88440908	88640908	harbor1	chr14	88507298	88507639	DNA/TcMar-Tigger	1561	-	170	88507468	66560
chr14	88440908	88640908	harbor1	chr14	88537718	88538045	DNA/TcMar-Tigger	1901	-	164	88537882	96974
chr14	38718769	38918769	harbor1	chr14	38806900	38807034	DNA/TcMar-Tigger	764	-	67	38806967	88198
chr14	58959527	59159527	harbor1	chr14	58985428	58985859	DNA/TcMar-Tigger	2435	-	216	58985644	26117
chr14	80092088	80292088	harbor1	chr14	80150902	80151209	DNA/TcMar-Tigger	1394	-	154	80151056	58968
chr14	80997544	81197544	harbor1	chr14	81023408	81024238	DNA/TcMar-Tigger	9701	-	415	81023823	26279
chr14	80997544	81197544	harbor1	chr14	81024547	81025399	DNA/TcMar-Tigger	9701	-	426	81024973	27429
chr14	80997544	81197544	harbor1	chr14	81050980	81051481	DNA/TcMar-Tigger	3487	-	250	81051230	53686
chr14	80997544	81197544	harbor1	chr14	81071045	81071563	DNA/TcMar-Tigger	2208	-	259	81071304	73760
chr14	80997544	81197544	harbor1	chr14	81071789	81072292	DNA/TcMar-Tigger	2368	-	252	81072041	74497
chr14	98224347	98424347	harbor1	chr14	98259493	98260172	DNA/TcMar-Tigger	5635	-	340	98259833	35486
chr14	98224347	98424347	harbor1	chr14	98260479	98260807	DNA/TcMar-Tigger	5635	-	164	98260643	36296
chr14	66936800	67136800	harbor1	chr14	66958407	66958763	DNA/TcMar-Tigger	1954	-	178	66958585	21785
chr14	66936800	67136800	harbor1	chr14	66967481	66967677	DNA/TcMar-Tigger	1080	-	98	66967579	30779
chr14	66936800	67136800	harbor1	chr14	66977915	66980287	DNA/TcMar-Tigger	14053	-	1186	66979101	42301
chr14	55828373	56028373	harbor1	chr14	55899805	55900959	DNA/TcMar-Tigger	6505	-	577	55900382	72009
chr14	97698129	97898129	harbor1	chr14	97731664	97731818	DNA/TcMar-Tigger	855	-	77	97731741	33612
chr14	97698129	97898129	harbor1	chr14	97731818	97732022	DNA/TcMar-Tigger	998	-	102	97731920	33791
chr14	97698129	97898129	harbor1	chr14	97743564	97744624	DNA/TcMar-Tigger	6859	-	530	97744094	45965
chr14	97698129	97898129	harbor1	chr14	97774690	97775043	DNA/TcMar-Tigger	4209	-	176	97774866	76737
chr14	97698129	97898129	harbor1	chr14	97775347	97775713	DNA/TcMar-Tigger	4209	-	183	97775530	77401
chr14	69017177	69217177	harbor1	chr14	69101607	69102107	DNA/TcMar-Tigger	6627	-	250	69101857	84680
chr14	69017177	69217177	harbor1	chr14	69102407	69102591	DNA/TcMar-Tigger	6627	-	92	69102499	85322
chr14	69017177	69217177	harbor1	chr14	69102621	69103109	DNA/TcMar-Tigger	6627	-	244	69102865	85688
chr14	19605217	19805217	harbor1	chr14	19618611	19618885	DNA/TcMar-Tigger	1401	-	137	19618748	13531
chr14	19605217	19805217	harbor1	chr14	19699989	19700353	DNA/TcMar-Tigger	2156	-	182	19700171	94954
chr14	63970607	64170607	harbor1	chr14	64063821	64064526	DNA/TcMar-Tigger	2011	-	352	64064173	93566
chr14	44071563	44271563	harbor1	chr14	44106880	44107568	DNA/TcMar-Tigger	3170	-	344	44107224	35661
chr14	34236100	34436100	harbor1	chr14	34257072	34257405	DNA/TcMar-Tigger	2043	-	166	34257238	21138
chr14	34236100	34436100	harbor1	chr14	34282656	34282968	DNA/TcMar-Tigger	1139	-	156	34282812	46712
chr14	53693796	53893796	harbor1	chr14	53766237	53767429	DNA/TcMar-Tigger	7387	-	596	53766833	73037
chr14	62376126	62576126	harbor1	chr14	62394671	62394908	DNA/TcMar-Tigger	1158	-	118	62394789	18663
chr14	62376126	62576126	harbor1	chr14	62408617	62408886	DNA/TcMar-Tigger	1349	-	134	62408751	32625
chr14	62376126	62576126	harbor1	chr14	62462654	62463392	DNA/TcMar-Tigger	3894	-	369	62463023	86897
chr14	51943763	52143763	harbor1	chr14	51999399	51999494	DNA/TcMar-Tigger	493	-	48	51999447	55684
chr14	46248771	46448771	harbor1	chr14	46309985	46310296	DNA/TcMar-Tigger	1707	-	156	46310141	61370
chr14	78806683	79006683	harbor1	chr14	78860606	78860913	DNA/TcMar-Tigger	1589	-	154	78860760	54077
chr14	78806683	79006683	harbor1	chr14	78860887	78860972	DNA/TcMar-Tigger	411	-	42	78860929	54246
chr14	78806683	79006683	harbor1	chr14	78893793	78896183	DNA/TcMar-Tigger	14767	-	1195	78894988	88305
chr14	66796386	66996386	harbor1	chr14	66866605	66866994	DNA/TcMar-Tigger	703	-	194	66866799	70413
chr14	39794968	39994968	harbor1	chr14	39830615	39831646	DNA/TcMar-Tigger	4061	-	516	39831131	36163
chr14	65202260	65402260	harbor1	chr14	65273035	65273297	DNA/TcMar-Tigger	1099	-	131	65273166	70906
chr14	65202260	65402260	harbor1	chr14	65273983	65274193	DNA/TcMar-Tigger	975	-	105	65274088	71828
chr14	65202260	65402260	harbor1	chr14	65274565	65274785	DNA/TcMar-Tigger	664	-	110	65274675	72415
chr14	65202260	65402260	harbor1	chr14	65275238	65275731	DNA/TcMar-Tigger	1574	-	246	65275484	73224
chr14	58767942	58967942	harbor1	chr14	58832779	58833114	DNA/TcMar-Tigger	2267	-	168	58832947	65005
chr14	49047477	49247477	harbor1	chr14	49076437	49076730	DNA/TcMar-Tigger	1832	-	146	49076583	29106
chr14	23829601	24029601	harbor1	chr14	23872153	23872686	DNA/TcMar-Tigger	13595	-	266	23872419	42818
chr14	23829601	24029601	harbor1	chr14	23872969	23873979	DNA/TcMar-Tigger	13595	-	505	23873474	43873
chr14	23829601	24029601	harbor1	chr14	23874275	23874862	DNA/TcMar-Tigger	13595	-	294	23874569	44968
chr14	23829601	24029601	harbor1	chr14	23875113	23875381	DNA/TcMar-Tigger	1481	-	134	23875247	45646
chr14	23829601	24029601	harbor1	chr14	23905980	23906052	DNA/TcMar-Tigger	436	-	36	23906016	76415
chr14	23829601	24029601	harbor1	chr14	23907610	23907844	DNA/TcMar-Tigger	1352	-	117	23907727	78126
chr14	62591670	62791670	harbor1	chr14	62674019	62674321	DNA/TcMar-Tigger	1446	-	151	62674170	82500
chr14	85195821	85395821	harbor1	chr14	85198489	85198648	DNA/TcMar-Tigger	486	-	80	85198569	2748
chr14	103994577	104194577	harbor1	chr14	104008964	104009243	DNA/TcMar-Tigger	1759	-	140	104009104	14527
chr14	103994577	104194577	harbor1	chr14	104009410	104009751	DNA/TcMar-Tigger	1901	-	170	104009580	15003
chr14	103994577	104194577	harbor1	chr14	104010312	104010566	DNA/TcMar-Tigger	1628	-	127	104010439	15862
chr14	103994577	104194577	harbor1	chr14	104010614	104010708	DNA/TcMar-Tigger	1531	-	47	104010661	16084
chr14	103994577	104194577	harbor1	chr14	104010709	104010941	DNA/TcMar-Tigger	1327	-	116	104010825	16248
chr14	103994577	104194577	harbor1	chr14	104010942	104011164	DNA/TcMar-Tigger	1531	-	111	104011053	16476
chr14	103994577	104194577	harbor1	chr14	104068358	104068869	DNA/TcMar-Tigger	3672	-	256	104068614	74037
chr14	103994577	104194577	harbor1	chr14	104069389	104069919	DNA/TcMar-Tigger	3672	-	265	104069654	75077
chr14	103994577	104194577	harbor1	chr14	104074877	104075066	DNA/TcMar-Tigger	1581	-	94	104074971	80394
chr14	103994577	104194577	harbor1	chr14	104075374	104075505	DNA/TcMar-Tigger	1581	-	66	104075440	80863
chr14	90075941	90275941	harbor1	chr14	90116883	90117307	DNA/TcMar-Tigger	2526	-	212	90117095	41154
chr14	90075941	90275941	harbor1	chr14	90117602	90117708	DNA/TcMar-Tigger	2526	-	53	90117655	41714
chr14	40228223	40428223	harbor1	chr14	40312325	40312423	DNA/TcMar-Tigger	503	-	49	40312374	84151
chr14	40228223	40428223	harbor1	chr14	40312425	40312693	DNA/TcMar-Tigger	1206	-	134	40312559	84336
chr14	75726123	75926123	harbor1	chr14	75748565	75748631	DNA/TcMar-Tigger	432	-	33	75748598	22475
chr14	75726123	75926123	harbor1	chr14	75750327	75750389	DNA/TcMar-Tigger	422	-	31	75750358	24235
chr14	75726123	75926123	harbor1	chr14	75750728	75751001	DNA/TcMar-Tigger	1678	-	136	75750864	24741
chr14	75726123	75926123	harbor1	chr14	75751002	75751652	DNA/TcMar-Tigger	3582	-	325	75751327	25204
chr14	33283992	33483992	harbor1	chr14	33320873	33321056	DNA/TcMar-Tigger	413	-	92	33320965	36973
chr14	33283992	33483992	harbor1	chr14	33331358	33331814	DNA/TcMar-Tigger	787	-	228	33331586	47594
chr14	33283992	33483992	harbor1	chr14	33347608	33347950	DNA/TcMar-Tigger	2043	-	171	33347779	63787
chr14	89825489	90025489	harbor1	chr14	89832587	89832894	DNA/TcMar-Tigger	1812	-	154	89832741	7252
chr14	89825489	90025489	harbor1	chr14	89835252	89835585	DNA/TcMar-Tigger	2109	-	166	89835418	9929
chr14	89825489	90025489	harbor1	chr14	89853011	89853337	DNA/TcMar-Tigger	1044	-	163	89853174	27685
chr14	89825489	90025489	harbor1	chr14	89883364	89883697	DNA/TcMar-Tigger	1929	-	166	89883530	58041
chr14	21555755	21755755	harbor1	chr14	21654505	21654720	DNA/TcMar-Tigger	1118	-	108	21654613	98858
chr14	70986147	71186147	harbor1	chr14	71069513	71071378	DNA/TcMar-Tigger	14936	-	932	71070445	84298
chr14	70986147	71186147	harbor1	chr14	71071756	71072279	DNA/TcMar-Tigger	14936	-	262	71072018	85871
chr14	92702515	92902515	harbor1	chr14	92728020	92728131	DNA/TcMar-Tigger	610	-	56	92728076	25561
chr14	92702515	92902515	harbor1	chr14	92728400	92728585	DNA/TcMar-Tigger	980	-	92	92728492	25977
chr14	64981559	65181559	harbor1	chr14	65065377	65065704	DNA/TcMar-Tigger	1996	-	164	65065541	83982
chr14	64981559	65181559	harbor1	chr14	64994365	64995619	DNA/TcMar-Tigger	6860	-	627	64994992	13433
chr14	39690311	39890311	harbor1	chr14	39717221	39717373	DNA/TcMar-Tigger	674	-	76	39717297	26986
chr14	39690311	39890311	harbor1	chr14	39770682	39771584	DNA/TcMar-Tigger	5192	-	451	39771133	80822
chr14	39690311	39890311	harbor1	chr14	39785490	39785693	DNA/TcMar-Tigger	2138	-	102	39785592	95281
chr14	39690311	39890311	harbor1	chr14	39785987	39786189	DNA/TcMar-Tigger	2138	-	101	39786088	95777
chr14	55055243	55255243	harbor1	chr14	55055524	55055650	DNA/TcMar-Tigger	814	-	63	55055587	344
chr14	55055243	55255243	harbor1	chr14	55055947	55056015	DNA/TcMar-Tigger	814	-	34	55055981	738
chr14	55055243	55255243	harbor1	chr14	55057358	55057477	DNA/TcMar-Tigger	771	-	60	55057418	2175
chr14	55055243	55255243	harbor1	chr14	55057947	55058331	DNA/TcMar-Tigger	1996	-	192	55058139	2896
chr14	55055243	55255243	harbor1	chr14	55094982	55095371	DNA/TcMar-Tigger	1567	-	194	55095176	39933
chr14	55055243	55255243	harbor1	chr14	55133328	55133425	DNA/TcMar-Tigger	591	-	48	55133376	78133
chr14	55055243	55255243	harbor1	chr14	55133424	55133558	DNA/TcMar-Tigger	724	-	67	55133491	78248
chr14	55055243	55255243	harbor1	chr14	55082676	55083041	DNA/TcMar-Tigger	2564	-	182	55082858	27615
chr14	81911155	82111155	harbor1	chr14	82005755	82005974	DNA/TcMar-Tigger	518	-	110	82005865	94710
chr14	81911155	82111155	harbor1	chr14	82005999	82006275	DNA/TcMar-Tigger	760	-	138	82006137	94982
chr14	22896526	23096526	harbor1	chr14	22985850	22985912	DNA/TcMar-Tigger	433	-	31	22985881	89355
chr14	20292363	20492363	harbor1	chr14	20308331	20308635	DNA/TcMar-Tigger	1360	-	152	20308483	16120
chr14	79697647	79897647	harbor1	chr14	79755171	79755274	DNA/TcMar-Tigger	578	-	52	79755223	57576
chr14	44080478	44280478	harbor1	chr14	44106880	44107568	DNA/TcMar-Tigger	3170	-	344	44107224	26746
chr14	101701807	101901807	harbor1	chr14	101769830	101770162	DNA/TcMar-Tigger	1682	-	166	101769996	68189
chr14	101701807	101901807	harbor1	chr14	101786775	101786955	DNA/TcMar-Tigger	511	-	90	101786865	85058
chr14	101701807	101901807	harbor1	chr14	101788459	101788670	DNA/TcMar-Tigger	462	-	106	101788565	86758
chr14	46754588	46954588	harbor1	chr14	46765502	46766004	DNA/TcMar-Tigger	2803	-	251	46765753	11165
chr14	46754588	46954588	harbor1	chr14	46792286	46794739	DNA/TcMar-Tigger	13232	-	1226	46793512	38924
chr14	59281012	59481012	harbor1	chr14	59372422	59373507	DNA/TcMar-Tigger	5359	-	542	59372964	91952
chr14	104285791	104485791	harbor1	chr14	104330331	104331505	DNA/TcMar-Tigger	6552	-	587	104330918	45127
chr15	28613423	28813423	harbor1	chr15	28659963	28660114	DNA/TcMar-Tigger	1004	-	76	28660039	46616
chr15	28613423	28813423	harbor1	chr15	28660426	28660566	DNA/TcMar-Tigger	1004	-	70	28660496	47073
chr15	58634147	58834147	harbor1	chr15	58666489	58666750	DNA/TcMar-Tigger	1226	-	130	58666619	32472
chr15	58634147	58834147	harbor1	chr15	58683899	58684226	DNA/TcMar-Tigger	1689	-	164	58684063	49916
chr15	92553602	92753602	harbor1	chr15	92627931	92628171	DNA/TcMar-Tigger	1279	-	120	92628051	74449
chr15	92553602	92753602	harbor1	chr15	92628477	92628548	DNA/TcMar-Tigger	1279	-	36	92628513	74911
chr15	101167986	101367986	harbor1	chr15	101181766	101182486	DNA/TcMar-Tigger	4232	-	360	101182126	14140
chr15	101167986	101367986	harbor1	chr15	101241828	101242133	DNA/TcMar-Tigger	1219	-	152	101241980	73994
chr15	63247604	63447604	harbor1	chr15	63284146	63284218	DNA/TcMar-Tigger	1399	-	36	63284182	36578
chr15	63247604	63447604	harbor1	chr15	63284514	63284716	DNA/TcMar-Tigger	1399	-	101	63284615	37011
chr15	28494160	28694160	harbor1	chr15	28593408	28593702	DNA/TcMar-Tigger	673	-	147	28593555	99395
chr15	72619893	72819893	harbor1	chr15	72712401	72713314	DNA/TcMar-Tigger	5325	-	456	72712857	92964
chr15	72619893	72819893	harbor1	chr15	72713357	72713853	DNA/TcMar-Tigger	5325	-	248	72713605	93712
chr15	86967639	87167639	harbor1	chr15	87049113	87049350	DNA/TcMar-Tigger	1383	-	118	87049231	81592
chr15	86967639	87167639	harbor1	chr15	87049346	87049702	DNA/TcMar-Tigger	2027	-	178	87049524	81885
chr15	36549110	36749110	harbor1	chr15	36583562	36583734	DNA/TcMar-Tigger	2203	-	86	36583648	34538
chr15	36549110	36749110	harbor1	chr15	36584042	36584237	DNA/TcMar-Tigger	2203	-	98	36584140	35030
chr15	36549110	36749110	harbor1	chr15	36584456	36584932	DNA/TcMar-Tigger	2489	-	238	36584694	35584
chr15	27528623	27728623	harbor1	chr15	27580404	27580680	DNA/TcMar-Tigger	937	-	138	27580542	51919
chr15	30893670	31093670	harbor1	chr15	30918866	30919103	DNA/TcMar-Tigger	2445	-	118	30918984	25314
chr15	30893670	31093670	harbor1	chr15	30919715	30919926	DNA/TcMar-Tigger	2445	-	106	30919821	26151
chr15	30893670	31093670	harbor1	chr15	30936593	30936979	DNA/TcMar-Tigger	1901	-	193	30936786	43116
chr15	30893670	31093670	harbor1	chr15	30950742	30951078	DNA/TcMar-Tigger	1844	-	168	30950910	57240
chr15	72486905	72686905	harbor1	chr15	72559021	72559256	DNA/TcMar-Tigger	1149	-	118	72559139	72234
chr15	72486905	72686905	harbor1	chr15	72576788	72576980	DNA/TcMar-Tigger	5520	-	96	72576884	89979
chr15	72486905	72686905	harbor1	chr15	72577288	72577391	DNA/TcMar-Tigger	5520	-	52	72577340	90435
chr15	72486905	72686905	harbor1	chr15	72577700	72578410	DNA/TcMar-Tigger	5520	-	355	72578055	91150
chr15	72486905	72686905	harbor1	chr15	72578407	72578722	DNA/TcMar-Tigger	1791	-	158	72578565	91660
chr15	68051711	68251711	harbor1	chr15	68092944	68093509	DNA/TcMar-Tigger	1584	-	282	68093226	41515
chr15	68051711	68251711	harbor1	chr15	68098091	68098522	DNA/TcMar-Tigger	2249	-	216	68098307	46596
chr15	68051711	68251711	harbor1	chr15	68106841	68106994	DNA/TcMar-Tigger	529	-	76	68106917	55206
chr15	68051711	68251711	harbor1	chr15	68091622	68091966	DNA/TcMar-Tigger	1670	-	172	68091794	40083
chr15	61813587	62013587	harbor1	chr15	61850451	61850530	DNA/TcMar-Tigger	1111	-	40	61850491	36904
chr15	61813587	62013587	harbor1	chr15	61850836	61851089	DNA/TcMar-Tigger	1111	-	126	61850962	37375
chr15	26632141	26832141	harbor1	chr15	26684445	26685050	DNA/TcMar-Tigger	3465	-	302	26684747	52606
chr15	26632141	26832141	harbor1	chr15	26707872	26708096	DNA/TcMar-Tigger	1397	-	112	26707984	75843
chr15	26632141	26832141	harbor1	chr15	26725618	26725932	DNA/TcMar-Tigger	1997	-	157	26725775	93634
chr15	26632141	26832141	harbor1	chr15	26725932	26726287	DNA/TcMar-Tigger	2095	-	178	26726110	93969
chr15	97143696	97343696	harbor1	chr15	97184961	97186942	DNA/TcMar-Tigger	14339	-	990	97185951	42255
chr15	97143696	97343696	harbor1	chr15	97187247	97187667	DNA/TcMar-Tigger	14339	-	210	97187457	43761
chr15	55360600	55560600	harbor1	chr15	55381851	55382508	DNA/TcMar-Tigger	15123	-	328	55382179	21579
chr15	55360600	55560600	harbor1	chr15	55382809	55384377	DNA/TcMar-Tigger	15123	-	784	55383593	22993
chr15	55360600	55560600	harbor1	chr15	55384686	55384862	DNA/TcMar-Tigger	15123	-	88	55384774	24174
chr15	91811351	92011351	harbor1	chr15	91873994	91874312	DNA/TcMar-Tigger	1737	-	159	91874153	62802
chr15	91811351	92011351	harbor1	chr15	91882113	91882329	DNA/TcMar-Tigger	459	-	108	91882221	70870
chr15	91811351	92011351	harbor1	chr15	91905296	91905600	DNA/TcMar-Tigger	690	-	152	91905448	94097
chr15	28071869	28271869	harbor1	chr15	28079046	28079367	DNA/TcMar-Tigger	657	-	160	28079206	7337
chr15	28071869	28271869	harbor1	chr15	28167933	28168199	DNA/TcMar-Tigger	550	-	133	28168066	96197
chr15	84631386	84831386	harbor1	chr15	84696553	84696759	DNA/TcMar-Tigger	868	-	103	84696656	65270
chr15	61832560	62032560	harbor1	chr15	61850451	61850530	DNA/TcMar-Tigger	1111	-	40	61850491	17931
chr15	61832560	62032560	harbor1	chr15	61850836	61851089	DNA/TcMar-Tigger	1111	-	126	61850962	18402
chr15	39785612	39985612	harbor1	chr15	39811450	39811638	DNA/TcMar-Tigger	1501	-	94	39811544	25932
chr15	39785612	39985612	harbor1	chr15	39811933	39811981	DNA/TcMar-Tigger	1501	-	24	39811957	26345
chr15	39785612	39985612	harbor1	chr15	39849788	39850361	DNA/TcMar-Tigger	3011	-	286	39850074	64462
chr15	46132878	46332878	harbor1	chr15	46191552	46192079	DNA/TcMar-Tigger	2100	-	264	46191816	58938
chr15	46132878	46332878	harbor1	chr15	46192218	46192544	DNA/TcMar-Tigger	2938	-	163	46192381	59503
chr15	46132878	46332878	harbor1	chr15	46192838	46192986	DNA/TcMar-Tigger	2938	-	74	46192912	60034
chr15	92875520	93075520	harbor1	chr15	92910798	92911109	DNA/TcMar-Tigger	1679	-	156	92910954	35434
chr15	92875520	93075520	harbor1	chr15	92971166	92971380	DNA/TcMar-Tigger	976	-	107	92971273	95753
chr15	31808954	32008954	harbor1	chr15	31835839	31836064	DNA/TcMar-Tigger	1345	-	112	31835951	26997
chr15	44102278	44302278	harbor1	chr15	44105864	44106049	DNA/TcMar-Tigger	1110	-	92	44105956	3678
chr15	72836684	73036684	harbor1	chr15	72845757	72846101	DNA/TcMar-Tigger	1956	-	172	72845929	9245
chr15	72836684	73036684	harbor1	chr15	72860148	72860229	DNA/TcMar-Tigger	517	-	40	72860188	23504
chr15	72836684	73036684	harbor1	chr15	72860535	72860564	DNA/TcMar-Tigger	517	-	14	72860549	23865
chr15	72836684	73036684	harbor1	chr15	72884374	72884644	DNA/TcMar-Tigger	591	-	135	72884509	47825
chr15	93792469	93992469	harbor1	chr15	93808589	93808771	DNA/TcMar-Tigger	2849	-	91	93808680	16211
chr15	93792469	93992469	harbor1	chr15	93809064	93809335	DNA/TcMar-Tigger	2849	-	136	93809200	16731
chr15	93792469	93992469	harbor1	chr15	93858326	93859477	DNA/TcMar-Tigger	6393	-	576	93858902	66433
chr15	93792469	93992469	harbor1	chr15	93885162	93885560	DNA/TcMar-Tigger	2196	-	199	93885361	92892
chr15	66856183	67056183	harbor1	chr15	66875214	66875850	DNA/TcMar-Tigger	3318	-	318	66875532	19349
chr15	95865605	96065605	harbor1	chr15	95889967	95890802	DNA/TcMar-Tigger	4540	-	418	95890385	24780
chr15	80728786	80928786	harbor1	chr15	80741336	80741480	DNA/TcMar-Tigger	738	-	72	80741408	12622
chr15	80728786	80928786	harbor1	chr15	80741484	80741629	DNA/TcMar-Tigger	795	-	72	80741556	12770
chr15	80728786	80928786	harbor1	chr15	80741632	80742136	DNA/TcMar-Tigger	2800	-	252	80741884	13098
chr15	34880896	35080896	harbor1	chr15	34892598	34892973	DNA/TcMar-Tigger	2045	-	188	34892786	11890
chr15	34880896	35080896	harbor1	chr15	34978747	34979041	DNA/TcMar-Tigger	1135	-	147	34978894	97998
chr15	44457077	44657077	harbor1	chr15	44457178	44457593	DNA/TcMar-Tigger	2181	-	208	44457386	309
chr15	44457077	44657077	harbor1	chr15	44461210	44461398	DNA/TcMar-Tigger	2292	-	94	44461304	4227
chr15	44457077	44657077	harbor1	chr15	44461695	44461941	DNA/TcMar-Tigger	2292	-	123	44461818	4741
chr15	44457077	44657077	harbor1	chr15	44466491	44466662	DNA/TcMar-Tigger	1564	-	86	44466577	9500
chr15	44457077	44657077	harbor1	chr15	44466960	44467134	DNA/TcMar-Tigger	1564	-	87	44467047	9970
chr15	30823857	31023857	harbor1	chr15	30840249	30840380	DNA/TcMar-Tigger	668	-	66	30840315	16458
chr15	30823857	31023857	harbor1	chr15	30840374	30840661	DNA/TcMar-Tigger	1975	-	144	30840518	16661
chr15	30823857	31023857	harbor1	chr15	30840863	30842312	DNA/TcMar-Tigger	9496	-	724	30841587	17730
chr15	30823857	31023857	harbor1	chr15	30892167	30892287	DNA/TcMar-Tigger	706	-	60	30892227	68370
chr15	30823857	31023857	harbor1	chr15	30892720	30892909	DNA/TcMar-Tigger	462	-	94	30892814	68957
chr15	30823857	31023857	harbor1	chr15	30918866	30919103	DNA/TcMar-Tigger	2445	-	118	30918984	95127
chr15	30823857	31023857	harbor1	chr15	30919715	30919926	DNA/TcMar-Tigger	2445	-	106	30919821	95964
chr15	59365067	59565067	harbor1	chr15	59379544	59379816	DNA/TcMar-Tigger	468	-	136	59379680	14613
chr15	59365067	59565067	harbor1	chr15	59382113	59382360	DNA/TcMar-Tigger	531	-	124	59382237	17170
chr15	59365067	59565067	harbor1	chr15	59382551	59382926	DNA/TcMar-Tigger	1043	-	188	59382739	17672
chr15	96474421	96674421	harbor1	chr15	96559576	96560111	DNA/TcMar-Tigger	2497	-	268	96559844	85423
chr15	32530656	32730656	harbor1	chr15	32607947	32608067	DNA/TcMar-Tigger	824	-	60	32608007	77351
chr15	52608918	52808918	harbor1	chr15	52693776	52693967	DNA/TcMar-Tigger	522	-	96	52693872	84954
chr15	70875822	71075822	harbor1	chr15	70929210	70931590	DNA/TcMar-Tigger	15664	-	1190	70930400	54578
chr15	70875822	71075822	harbor1	chr15	70949523	70949804	DNA/TcMar-Tigger	1423	-	140	70949663	73841
chr15	46161745	46361745	harbor1	chr15	46191552	46192079	DNA/TcMar-Tigger	2100	-	264	46191816	30071
chr15	46161745	46361745	harbor1	chr15	46192218	46192544	DNA/TcMar-Tigger	2938	-	163	46192381	30636
chr15	46161745	46361745	harbor1	chr15	46192838	46192986	DNA/TcMar-Tigger	2938	-	74	46192912	31167
chr15	47606592	47806592	harbor1	chr15	47654224	47654511	DNA/TcMar-Tigger	2148	-	144	47654368	47776
chr15	47606592	47806592	harbor1	chr15	47654944	47655095	DNA/TcMar-Tigger	2148	-	76	47655020	48428
chr15	90266358	90466358	harbor1	chr15	90328191	90328486	DNA/TcMar-Tigger	5165	-	148	90328339	61981
chr15	90266358	90466358	harbor1	chr15	90328703	90328788	DNA/TcMar-Tigger	5165	-	42	90328745	62387
chr15	90266358	90466358	harbor1	chr15	90329388	90329924	DNA/TcMar-Tigger	5165	-	268	90329656	63298
chr15	90266358	90466358	harbor1	chr15	90330220	90330512	DNA/TcMar-Tigger	5165	-	146	90330366	64008
chr15	95457477	95657477	harbor1	chr15	95548514	95548704	DNA/TcMar-Tigger	774	-	95	95548609	91132
chr15	91482213	91682213	harbor1	chr15	91492827	91493077	DNA/TcMar-Tigger	1302	-	125	91492952	10739
chr15	61927989	62127989	harbor1	chr15	61975916	61976187	DNA/TcMar-Tigger	1387	-	136	61976052	48063
chr15	61927989	62127989	harbor1	chr15	61981935	61982158	DNA/TcMar-Tigger	612	-	112	61982047	54058
chr15	61927989	62127989	harbor1	chr15	62022147	62022288	DNA/TcMar-Tigger	871	-	70	62022217	94228
chr15	59594460	59794460	harbor1	chr15	59627897	59628500	DNA/TcMar-Tigger	9992	-	302	59628199	33739
chr15	59594460	59794460	harbor1	chr15	59628801	59628923	DNA/TcMar-Tigger	9992	-	61	59628862	34402
chr15	59594460	59794460	harbor1	chr15	59629228	59629397	DNA/TcMar-Tigger	9992	-	84	59629312	34852
chr15	59594460	59794460	harbor1	chr15	59630013	59631072	DNA/TcMar-Tigger	9992	-	530	59630543	36083
chr15	59594460	59794460	harbor1	chr15	59640214	59640433	DNA/TcMar-Tigger	455	-	110	59640324	45864
chr15	59594460	59794460	harbor1	chr15	59654793	59654990	DNA/TcMar-Tigger	1058	-	98	59654891	60431
chr15	82905903	83105903	harbor1	chr15	82982532	82982676	DNA/TcMar-Tigger	964	-	72	82982604	76701
chr15	82905903	83105903	harbor1	chr15	82982961	82983319	DNA/TcMar-Tigger	2193	-	179	82983140	77237
chr16	56881910	57081910	harbor1	chr16	56979173	56979478	DNA/TcMar-Tigger	727	-	152	56979325	97415
chr16	13887673	14087673	harbor1	chr16	13945068	13945219	DNA/TcMar-Tigger	493	-	76	13945144	57471
chr16	13887673	14087673	harbor1	chr16	13946228	13946556	DNA/TcMar-Tigger	2139	-	164	13946392	58719
chr16	69313553	69513553	harbor1	chr16	69358552	69358651	DNA/TcMar-Tigger	625	-	50	69358602	45049
chr16	69313553	69513553	harbor1	chr16	69358900	69359021	DNA/TcMar-Tigger	646	-	60	69358960	45407
chr16	69313553	69513553	harbor1	chr16	69358994	69359172	DNA/TcMar-Tigger	859	-	89	69359083	45530
chr16	30331108	30531108	harbor1	chr16	30421981	30422229	DNA/TcMar-Tigger	1256	-	124	30422105	90997
chr16	47307011	47507011	harbor1	chr16	47345701	47345856	DNA/TcMar-Tigger	881	-	78	47345779	38768
chr16	77929189	78129189	harbor1	chr16	77981315	77981514	DNA/TcMar-Tigger	516	-	100	77981415	52226
chr16	88707085	88907085	harbor1	chr16	88769048	88769220	DNA/TcMar-Tigger	718	-	86	88769134	62049
chr16	24359459	24559459	harbor1	chr16	24397819	24398044	DNA/TcMar-Tigger	1231	-	112	24397931	38472
chr16	24359459	24559459	harbor1	chr16	24422858	24422937	DNA/TcMar-Tigger	3091	-	40	24422898	63439
chr16	24359459	24559459	harbor1	chr16	24423251	24423721	DNA/TcMar-Tigger	3091	-	235	24423486	64027
chr16	24359459	24559459	harbor1	chr16	24438014	24438137	DNA/TcMar-Tigger	605	-	62	24438076	78617
chr16	7293371	7493371	harbor1	chr16	7298207	7298275	DNA/TcMar-Tigger	1708	-	34	7298241	4870
chr16	7293371	7493371	harbor1	chr16	7298592	7298966	DNA/TcMar-Tigger	1708	-	187	7298779	5408
chr16	7293371	7493371	harbor1	chr16	7299820	7299898	DNA/TcMar-Tigger	497	-	39	7299859	6488
chr16	7293371	7493371	harbor1	chr16	7330124	7330470	DNA/TcMar-Tigger	1871	-	173	7330297	36926
chr16	58889190	59089190	harbor1	chr16	58923988	58924198	DNA/TcMar-Tigger	1057	-	105	58924093	34903
chr16	58889190	59089190	harbor1	chr16	58924513	58924533	DNA/TcMar-Tigger	1057	-	10	58924523	35333
chr16	58889190	59089190	harbor1	chr16	58924595	58924665	DNA/TcMar-Tigger	1057	-	35	58924630	35440
chr16	26607425	26807425	harbor1	chr16	26674048	26674295	DNA/TcMar-Tigger	2573	-	124	26674172	66747
chr16	26607425	26807425	harbor1	chr16	26674607	26674818	DNA/TcMar-Tigger	2573	-	106	26674713	67288
chr16	26607425	26807425	harbor1	chr16	26674809	26674878	DNA/TcMar-Tigger	447	-	34	26674843	67418
chr16	26607425	26807425	harbor1	chr16	26700953	26701278	DNA/TcMar-Tigger	1770	-	162	26701115	93690
chr16	75951932	76151932	harbor1	chr16	75973335	75973695	DNA/TcMar-Tigger	738	-	180	75973515	21583
chr16	34390514	34590514	harbor1	chr16	34479382	34479722	DNA/TcMar-Tigger	1440	-	170	34479552	89038
chr16	957634	1157634	harbor1	chr16	1025755	1025960	DNA/TcMar-Tigger	464	-	102	1025857	68223
chr16	58305647	58505647	harbor1	chr16	58371560	58371970	DNA/TcMar-Tigger	2549	-	205	58371765	66118
chr16	74245451	74445451	harbor1	chr16	74306953	74307163	DNA/TcMar-Tigger	1039	-	105	74307058	61607
chr16	3958529	4158529	harbor1	chr16	4017965	4018206	DNA/TcMar-Tigger	856	-	120	4018085	59556
chr16	3958529	4158529	harbor1	chr16	4018512	4018806	DNA/TcMar-Tigger	856	-	147	4018659	60130
chr16	75969728	76169728	harbor1	chr16	75973335	75973695	DNA/TcMar-Tigger	738	-	180	75973515	3787
chr16	59927608	60127608	harbor1	chr16	59973832	59974365	DNA/TcMar-Tigger	2039	-	266	59974098	46490
chr16	59927608	60127608	harbor1	chr16	60003926	60004189	DNA/TcMar-Tigger	1422	-	132	60004058	76450
chr16	59927608	60127608	harbor1	chr16	60004190	60004988	DNA/TcMar-Tigger	3982	-	399	60004589	76981
chr16	81488942	81688942	harbor1	chr16	81581253	81581598	DNA/TcMar-Tigger	2100	-	172	81581425	92483
chr16	86896888	87096888	harbor1	chr16	86927435	86927770	DNA/TcMar-Tigger	1782	-	168	86927603	30715
chr16	80429872	80629872	harbor1	chr16	80490394	80490488	DNA/TcMar-Tigger	1944	-	47	80490441	60569
chr16	80429872	80629872	harbor1	chr16	80490840	80491083	DNA/TcMar-Tigger	1944	-	122	80490962	61090
chr16	80429872	80629872	harbor1	chr16	80518280	80518832	DNA/TcMar-Tigger	1820	-	276	80518556	88684
chr16	55984509	56184509	harbor1	chr16	56002953	56003703	DNA/TcMar-Tigger	4178	-	375	56003328	18819
chr16	55984509	56184509	harbor1	chr16	56003695	56003793	DNA/TcMar-Tigger	542	-	49	56003744	19235
chr16	19224920	19424920	harbor1	chr16	19314498	19314696	DNA/TcMar-Tigger	805	-	99	19314597	89677
chr16	28109361	28309361	harbor1	chr16	28116496	28116990	DNA/TcMar-Tigger	14579	-	247	28116743	7382
chr16	28109361	28309361	harbor1	chr16	28114368	28116179	DNA/TcMar-Tigger	14579	-	906	28115274	5913
chr16	67032093	67232093	harbor1	chr16	67039044	67039622	DNA/TcMar-Tigger	3128	-	289	67039333	7240
chr16	67032093	67232093	harbor1	chr16	67050347	67050512	DNA/TcMar-Tigger	1175	-	82	67050429	18336
chr16	67032093	67232093	harbor1	chr16	67050821	67051110	DNA/TcMar-Tigger	1175	-	144	67050965	18872
chr16	80420143	80620143	harbor1	chr16	80490394	80490488	DNA/TcMar-Tigger	1944	-	47	80490441	70298
chr16	80420143	80620143	harbor1	chr16	80490840	80491083	DNA/TcMar-Tigger	1944	-	122	80490962	70819
chr16	80420143	80620143	harbor1	chr16	80518280	80518832	DNA/TcMar-Tigger	1820	-	276	80518556	98413
chr16	15917384	16117384	harbor1	chr16	15936479	15936602	DNA/TcMar-Tigger	1083	-	62	15936541	19157
chr16	15917384	16117384	harbor1	chr16	15936906	15936994	DNA/TcMar-Tigger	1083	-	44	15936950	19566
chr16	15917384	16117384	harbor1	chr16	15956395	15956506	DNA/TcMar-Tigger	1903	-	56	15956451	39067
chr16	15917384	16117384	harbor1	chr16	15956637	15956922	DNA/TcMar-Tigger	1903	-	142	15956779	39395
chr16	24345382	24545382	harbor1	chr16	24397819	24398044	DNA/TcMar-Tigger	1231	-	112	24397931	52549
chr16	24345382	24545382	harbor1	chr16	24422858	24422937	DNA/TcMar-Tigger	3091	-	40	24422898	77516
chr16	24345382	24545382	harbor1	chr16	24423251	24423721	DNA/TcMar-Tigger	3091	-	235	24423486	78104
chr16	24345382	24545382	harbor1	chr16	24438014	24438137	DNA/TcMar-Tigger	605	-	62	24438076	92694
chr16	62422319	62622319	harbor1	chr16	62495942	62496213	DNA/TcMar-Tigger	1318	-	136	62496078	73759
chr16	62422319	62622319	harbor1	chr16	62496503	62496584	DNA/TcMar-Tigger	1318	-	40	62496543	74224
chr16	60363063	60563063	harbor1	chr16	60370030	60370223	DNA/TcMar-Tigger	1671	-	96	60370126	7063
chr16	60363063	60563063	harbor1	chr16	60370537	60370702	DNA/TcMar-Tigger	1671	-	82	60370619	7556
chr16	5333005	5533005	harbor1	chr16	5333612	5333952	DNA/TcMar-Tigger	1823	-	170	5333782	777
chr16	61956355	62156355	harbor1	chr16	61961838	61962272	DNA/TcMar-Tigger	2010	-	217	61962055	5700
chr16	61956355	62156355	harbor1	chr16	61967433	61967767	DNA/TcMar-Tigger	1794	-	167	61967600	11245
chr16	61956355	62156355	harbor1	chr16	62019458	62019748	DNA/TcMar-Tigger	919	-	145	62019603	63248
chr16	61956355	62156355	harbor1	chr16	61964004	61964596	DNA/TcMar-Tigger	2710	-	296	61964300	7945
chr16	46942874	47142874	harbor1	chr16	46969049	46969125	DNA/TcMar-Tigger	533	-	38	46969087	26213
chr16	55509407	55709407	harbor1	chr16	55540724	55541003	DNA/TcMar-Tigger	1554	-	140	55540864	31457
chr16	55509407	55709407	harbor1	chr16	55541009	55541176	DNA/TcMar-Tigger	949	-	84	55541093	31686
chr16	55509407	55709407	harbor1	chr16	55552549	55552953	DNA/TcMar-Tigger	14830	-	202	55552751	43344
chr16	55509407	55709407	harbor1	chr16	55553250	55555244	DNA/TcMar-Tigger	14830	-	997	55554247	44840
chr16	51546322	51746322	harbor1	chr16	51618644	51618911	DNA/TcMar-Tigger	507	-	134	51618778	72456
chr16	51546322	51746322	harbor1	chr16	51619209	51619346	DNA/TcMar-Tigger	507	-	68	51619277	72955
chr16	31762241	31962241	harbor1	chr16	31779057	31779521	DNA/TcMar-Tigger	2376	-	232	31779289	17048
chr16	31762241	31962241	harbor1	chr16	31781810	31781971	DNA/TcMar-Tigger	2376	-	80	31781890	19649
chr16	23715962	23915962	harbor1	chr16	23763770	23764112	DNA/TcMar-Tigger	2034	-	171	23763941	47979
chr16	54977151	55177151	harbor1	chr16	54977534	54978132	DNA/TcMar-Tigger	3484	-	299	54977833	682
chr16	54977151	55177151	harbor1	chr16	55013105	55013648	DNA/TcMar-Tigger	1070	-	272	55013377	36226
chr16	62985236	63185236	harbor1	chr16	63013465	63014138	DNA/TcMar-Tigger	3378	-	336	63013801	28565
chr16	62985236	63185236	harbor1	chr16	63053769	63053990	DNA/TcMar-Tigger	1031	-	110	63053879	68643
chr16	62985236	63185236	harbor1	chr16	63078944	63079198	DNA/TcMar-Tigger	1221	-	127	63079071	93835
chr16	62985236	63185236	harbor1	chr16	63079197	63079329	DNA/TcMar-Tigger	658	-	66	63079263	94027
chr16	61054666	61254666	harbor1	chr16	61127442	61127534	DNA/TcMar-Tigger	519	-	46	61127488	72822
chr16	61054666	61254666	harbor1	chr16	61127535	61127773	DNA/TcMar-Tigger	891	-	119	61127654	72988
chr16	61054666	61254666	harbor1	chr16	61134747	61134934	DNA/TcMar-Tigger	953	-	94	61134841	80175
chr16	61054666	61254666	harbor1	chr16	61135197	61135510	DNA/TcMar-Tigger	1309	-	156	61135353	80687
chr16	66775587	66975587	harbor1	chr16	66792598	66793028	DNA/TcMar-Tigger	1964	-	215	66792813	17226
chr16	66775587	66975587	harbor1	chr16	66819539	66819768	DNA/TcMar-Tigger	1205	-	114	66819653	44066
chr16	12630057	12830057	harbor1	chr16	12727874	12728025	DNA/TcMar-Tigger	445	-	76	12727950	97893
chr16	5519386	5719386	harbor1	chr16	5549537	5550162	DNA/TcMar-Tigger	2776	-	312	5549849	30463
chr16	5519386	5719386	harbor1	chr16	5577616	5577803	DNA/TcMar-Tigger	539	-	94	5577710	58324
chr16	5519386	5719386	harbor1	chr16	5603551	5603912	DNA/TcMar-Tigger	604	-	180	5603731	84345
chr16	32308904	32508904	harbor1	chr16	32311628	32312105	DNA/TcMar-Tigger	2452	-	238	32311866	2962
chr16	32308904	32508904	harbor1	chr16	32312371	32312525	DNA/TcMar-Tigger	2168	-	77	32312448	3544
chr16	32308904	32508904	harbor1	chr16	32312824	32313074	DNA/TcMar-Tigger	2168	-	125	32312949	4045
chr16	32308904	32508904	harbor1	chr16	32350018	32350499	DNA/TcMar-Tigger	2410	-	240	32350258	41354
chr16	32308904	32508904	harbor1	chr16	32350765	32350919	DNA/TcMar-Tigger	2181	-	77	32350842	41938
chr16	32308904	32508904	harbor1	chr16	32351218	32351468	DNA/TcMar-Tigger	2181	-	125	32351343	42439
chr16	57775662	57975662	harbor1	chr16	57862324	57862473	DNA/TcMar-Tigger	1023	-	74	57862398	86736
chr16	15183001	15383001	harbor1	chr16	15216637	15216775	DNA/TcMar-Tigger	674	-	69	15216706	33705
chr16	23000252	23200252	harbor1	chr16	23040478	23040592	DNA/TcMar-Tigger	614	-	57	23040535	40283
chr16	23000252	23200252	harbor1	chr16	23040911	23041343	DNA/TcMar-Tigger	15108	-	216	23041127	40875
chr16	23000252	23200252	harbor1	chr16	23041664	23043093	DNA/TcMar-Tigger	15108	-	714	23042378	42126
chr16	23000252	23200252	harbor1	chr16	23043263	23043747	DNA/TcMar-Tigger	15108	-	242	23043505	43253
chr16	79103533	79303533	harbor1	chr16	79115906	79117049	DNA/TcMar-Tigger	15083	-	572	79116478	12945
chr16	79103533	79303533	harbor1	chr16	79117309	79118608	DNA/TcMar-Tigger	15083	-	650	79117959	14426
chr16	18807579	19007579	harbor1	chr16	18811088	18811420	DNA/TcMar-Tigger	1717	-	166	18811254	3675
chr16	18807579	19007579	harbor1	chr16	18874938	18875276	DNA/TcMar-Tigger	2010	-	169	18875107	67528
chr16	15572848	15772848	harbor1	chr16	15610345	15610512	DNA/TcMar-Tigger	767	-	84	15610429	37581
chr16	15572848	15772848	harbor1	chr16	15616584	15616911	DNA/TcMar-Tigger	1517	-	164	15616748	43900
chr16	18584927	18784927	harbor1	chr16	18602532	18602626	DNA/TcMar-Tigger	473	-	47	18602579	17652
chr16	18584927	18784927	harbor1	chr16	18651184	18651321	DNA/TcMar-Tigger	512	-	68	18651252	66325
chr16	18584927	18784927	harbor1	chr16	18678797	18679085	DNA/TcMar-Tigger	929	-	144	18678941	94014
chr16	18584927	18784927	harbor1	chr16	18679409	18679743	DNA/TcMar-Tigger	747	-	167	18679576	94649
chr16	6442710	6642710	harbor1	chr16	6476355	6478224	DNA/TcMar-Tigger	14106	-	934	6477289	34579
chr16	6442710	6642710	harbor1	chr16	6478555	6479088	DNA/TcMar-Tigger	14106	-	266	6478821	36111
chr16	22094488	22294488	harbor1	chr16	22098341	22098588	DNA/TcMar-Tigger	592	-	124	22098465	3977
chr16	50726345	50926345	harbor1	chr16	50774311	50774848	DNA/TcMar-Tigger	2685	-	268	50774579	48234
chr16	50726345	50926345	harbor1	chr16	50805071	50805318	DNA/TcMar-Tigger	1414	-	124	50805195	78850
chr16	50726345	50926345	harbor1	chr16	50823541	50823866	DNA/TcMar-Tigger	468	-	162	50823703	97358
chr16	17359444	17559444	harbor1	chr16	17387973	17388358	DNA/TcMar-Tigger	1499	-	192	17388165	28721
chr16	66707306	66907306	harbor1	chr16	66792598	66793028	DNA/TcMar-Tigger	1964	-	215	66792813	85507
chr16	32068129	32268129	harbor1	chr16	32097749	32098084	DNA/TcMar-Tigger	1452	-	168	32097917	29788
chr16	54735970	54935970	harbor1	chr16	54747026	54747360	DNA/TcMar-Tigger	1989	-	167	54747193	11223
chr16	54735970	54935970	harbor1	chr16	54761829	54762068	DNA/TcMar-Tigger	952	-	120	54761949	25979
chr16	54735970	54935970	harbor1	chr16	54805137	54805491	DNA/TcMar-Tigger	1988	-	177	54805314	69344
chr16	89080447	89280447	harbor1	chr16	89102918	89103218	DNA/TcMar-Tigger	1419	-	150	89103068	22621
chr16	16507035	16707035	harbor1	chr16	16553043	16553377	DNA/TcMar-Tigger	2078	-	167	16553210	46175
chr16	16507035	16707035	harbor1	chr16	16591926	16592055	DNA/TcMar-Tigger	1795	-	64	16591990	84955
chr16	16507035	16707035	harbor1	chr16	16592368	16592534	DNA/TcMar-Tigger	1795	-	83	16592451	85416
chr16	16507035	16707035	harbor1	chr16	16592658	16592731	DNA/TcMar-Tigger	1795	-	36	16592694	85659
chr16	84053191	84253191	harbor1	chr16	84120533	84121011	DNA/TcMar-Tigger	1810	-	239	84120772	67581
chr16	61075152	61275152	harbor1	chr16	61127442	61127534	DNA/TcMar-Tigger	519	-	46	61127488	52336
chr16	61075152	61275152	harbor1	chr16	61127535	61127773	DNA/TcMar-Tigger	891	-	119	61127654	52502
chr16	61075152	61275152	harbor1	chr16	61134747	61134934	DNA/TcMar-Tigger	953	-	94	61134841	59689
chr16	61075152	61275152	harbor1	chr16	61135197	61135510	DNA/TcMar-Tigger	1309	-	156	61135353	60201
chr16	18237448	18437448	harbor1	chr16	18266798	18267224	DNA/TcMar-Tigger	2493	-	213	18267011	29563
chr16	53736710	53936710	harbor1	chr16	53737282	53737624	DNA/TcMar-Tigger	1524	-	171	53737453	743
chr16	53736710	53936710	harbor1	chr16	53802108	53802451	DNA/TcMar-Tigger	1946	-	172	53802280	65570
chr16	68018215	68218215	harbor1	chr16	68051214	68051379	DNA/TcMar-Tigger	3259	-	82	68051296	33081
chr16	68018215	68218215	harbor1	chr16	68051685	68051889	DNA/TcMar-Tigger	3259	-	102	68051787	33572
chr16	68018215	68218215	harbor1	chr16	68052206	68052513	DNA/TcMar-Tigger	3259	-	154	68052360	34145
chr16	68018215	68218215	harbor1	chr16	68116973	68117248	DNA/TcMar-Tigger	484	-	138	68117111	98896
chr16	86458047	86658047	harbor1	chr16	86478469	86478687	DNA/TcMar-Tigger	1029	-	109	86478578	20531
chr16	19828706	20028706	harbor1	chr16	19919679	19919885	DNA/TcMar-Tigger	1248	-	103	19919782	91076
chr16	6513760	6713760	harbor1	chr16	6575341	6575575	DNA/TcMar-Tigger	4276	-	117	6575458	61698
chr16	6513760	6713760	harbor1	chr16	6575898	6576478	DNA/TcMar-Tigger	4276	-	290	6576188	62428
chr16	68058243	68258243	harbor1	chr16	68116973	68117248	DNA/TcMar-Tigger	484	-	138	68117111	58868
chr16	68058243	68258243	harbor1	chr16	68136623	68137368	DNA/TcMar-Tigger	2925	-	372	68136995	78752
chr16	68058243	68258243	harbor1	chr16	68137360	68137464	DNA/TcMar-Tigger	572	-	52	68137412	79169
chr16	68058243	68258243	harbor1	chr16	68145994	68146217	DNA/TcMar-Tigger	1262	-	112	68146106	87863
chr16	23054934	23254934	harbor1	chr16	23116933	23117168	DNA/TcMar-Tigger	1359	-	118	23117051	62117
chr16	55756540	55956540	harbor1	chr16	55813359	55813534	DNA/TcMar-Tigger	716	-	88	55813447	56907
chr16	55756540	55956540	harbor1	chr16	55813533	55814067	DNA/TcMar-Tigger	2274	-	267	55813800	57260
chr16	55756540	55956540	harbor1	chr16	55855519	55855810	DNA/TcMar-Tigger	535	-	146	55855665	99125
chr16	22393635	22593635	harbor1	chr16	22475649	22475716	DNA/TcMar-Tigger	853	-	34	22475683	82048
chr16	22393635	22593635	harbor1	chr16	22476017	22476114	DNA/TcMar-Tigger	853	-	48	22476065	82430
chr16	61490246	61690246	harbor1	chr16	61520063	61520284	DNA/TcMar-Tigger	963	-	110	61520173	29927
chr16	78827007	79027007	harbor1	chr16	78856796	78857126	DNA/TcMar-Tigger	1935	-	165	78856961	29954
chr16	13138332	13338332	harbor1	chr16	13201203	13201524	DNA/TcMar-Tigger	1438	-	160	13201363	63031
chr16	29345942	29545942	harbor1	chr16	29442250	29442588	DNA/TcMar-Tigger	2111	-	169	29442419	96477
chr16	80762550	80962550	harbor1	chr16	80823392	80823573	DNA/TcMar-Tigger	1044	-	90	80823482	60932
chr16	80762550	80962550	harbor1	chr16	80823871	80824426	DNA/TcMar-Tigger	1044	-	278	80824149	61599
chr16	80762550	80962550	harbor1	chr16	80829940	80830253	DNA/TcMar-Tigger	489	-	156	80830096	67546
chr16	80762550	80962550	harbor1	chr16	80839829	80840038	DNA/TcMar-Tigger	466	-	104	80839933	77383
chr16	80762550	80962550	harbor1	chr16	80848545	80848693	DNA/TcMar-Tigger	521	-	74	80848619	86069
chr16	5272409	5472409	harbor1	chr16	5333612	5333952	DNA/TcMar-Tigger	1823	-	170	5333782	61373
chr17	53469706	53669706	harbor1	chr17	53514144	53514472	DNA/TcMar-Tigger	1317	-	164	53514308	44602
chr17	53469706	53669706	harbor1	chr17	53519514	53521270	DNA/TcMar-Tigger	13590	-	878	53520392	50686
chr17	53469706	53669706	harbor1	chr17	53521316	53521963	DNA/TcMar-Tigger	13590	-	324	53521640	51934
chr17	53469706	53669706	harbor1	chr17	53534530	53534847	DNA/TcMar-Tigger	1574	-	158	53534688	64982
chr17	50352094	50552094	harbor1	chr17	50386376	50386620	DNA/TcMar-Tigger	540	-	122	50386498	34404
chr17	50352094	50552094	harbor1	chr17	50438066	50438290	DNA/TcMar-Tigger	1378	-	112	50438178	86084
chr17	50352094	50552094	harbor1	chr17	50438522	50438561	DNA/TcMar-Tigger	622	-	20	50438542	86448
chr17	50352094	50552094	harbor1	chr17	50438867	50438934	DNA/TcMar-Tigger	622	-	34	50438901	86807
chr17	50352094	50552094	harbor1	chr17	50448032	50448368	DNA/TcMar-Tigger	2010	-	168	50448200	96106
chr17	37527918	37727918	harbor1	chr17	37603388	37603958	DNA/TcMar-Tigger	8603	-	285	37603673	75755
chr17	37527918	37727918	harbor1	chr17	37604262	37605186	DNA/TcMar-Tigger	8603	-	462	37604724	76806
chr17	6933584	7133584	harbor1	chr17	6971136	6971417	DNA/TcMar-Tigger	3446	-	140	6971276	37692
chr17	6933584	7133584	harbor1	chr17	6971714	6971904	DNA/TcMar-Tigger	3446	-	95	6971809	38225
chr17	6933584	7133584	harbor1	chr17	6972207	6972373	DNA/TcMar-Tigger	3446	-	83	6972290	38706
chr17	6933584	7133584	harbor1	chr17	6982210	6982518	DNA/TcMar-Tigger	1338	-	154	6982364	48780
chr17	27986699	28186699	harbor1	chr17	28008849	28009341	DNA/TcMar-Tigger	1265	-	246	28009095	22396
chr17	12440074	12640074	harbor1	chr17	12523393	12523733	DNA/TcMar-Tigger	2119	-	170	12523563	83489
chr17	72962286	73162286	harbor1	chr17	72982449	72982772	DNA/TcMar-Tigger	931	-	162	72982611	20325
chr17	62281739	62481739	harbor1	chr17	62289493	62289810	DNA/TcMar-Tigger	1767	-	158	62289651	7912
chr17	62281739	62481739	harbor1	chr17	62365081	62365230	DNA/TcMar-Tigger	536	-	74	62365155	83416
chr17	61817030	62017030	harbor1	chr17	61904782	61904946	DNA/TcMar-Tigger	1821	-	82	61904864	87834
chr17	61817030	62017030	harbor1	chr17	61905241	61905323	DNA/TcMar-Tigger	1821	-	41	61905282	88252
chr17	61817030	62017030	harbor1	chr17	61905626	61905688	DNA/TcMar-Tigger	1821	-	31	61905657	88627
chr17	61817030	62017030	harbor1	chr17	61905997	61906638	DNA/TcMar-Tigger	1821	-	320	61906317	89287
chr17	31549001	31749001	harbor1	chr17	31589282	31589511	DNA/TcMar-Tigger	1178	-	114	31589396	40395
chr17	31549001	31749001	harbor1	chr17	31623529	31623941	DNA/TcMar-Tigger	2446	-	206	31623735	74734
chr17	75396099	75596099	harbor1	chr17	75401982	75402286	DNA/TcMar-Tigger	1770	-	152	75402134	6035
chr17	7697627	7897627	harbor1	chr17	7773462	7773722	DNA/TcMar-Tigger	4174	-	130	7773592	75965
chr17	7697627	7897627	harbor1	chr17	7774030	7774498	DNA/TcMar-Tigger	4174	-	234	7774264	76637
chr17	9397947	9597947	harbor1	chr17	9403580	9403640	DNA/TcMar-Tigger	16274	-	30	9403610	5663
chr17	9397947	9597947	harbor1	chr17	9404753	9406849	DNA/TcMar-Tigger	16274	-	1048	9405801	7854
chr17	9397947	9597947	harbor1	chr17	9427423	9427584	DNA/TcMar-Tigger	724	-	80	9427503	29556
chr17	9397947	9597947	harbor1	chr17	9454143	9454233	DNA/TcMar-Tigger	517	-	45	9454188	56241
chr17	9397947	9597947	harbor1	chr17	9454225	9454396	DNA/TcMar-Tigger	1442	-	86	9454311	56364
chr17	9397947	9597947	harbor1	chr17	9454699	9454807	DNA/TcMar-Tigger	1442	-	54	9454753	56806
chr17	9397947	9597947	harbor1	chr17	9471903	9471996	DNA/TcMar-Tigger	555	-	46	9471949	74002
chr17	9397947	9597947	harbor1	chr17	9472217	9472383	DNA/TcMar-Tigger	762	-	83	9472300	74353
chr17	9397947	9597947	harbor1	chr17	9473394	9473731	DNA/TcMar-Tigger	1957	-	168	9473562	75615
chr17	9397947	9597947	harbor1	chr17	9495209	9495368	DNA/TcMar-Tigger	509	-	80	9495289	97342
chr17	9397947	9597947	harbor1	chr17	9403946	9404463	DNA/TcMar-Tigger	16274	-	258	9404204	6257
chr17	34477470	34677470	harbor1	chr17	34560955	34561128	DNA/TcMar-Tigger	819	-	86	34561041	83571
chr17	29442999	29642999	harbor1	chr17	29470724	29470840	DNA/TcMar-Tigger	13208	-	58	29470782	27783
chr17	29442999	29642999	harbor1	chr17	29471163	29471268	DNA/TcMar-Tigger	13208	-	52	29471215	28216
chr17	29442999	29642999	harbor1	chr17	29471576	29472256	DNA/TcMar-Tigger	13208	-	340	29471916	28917
chr17	29442999	29642999	harbor1	chr17	29472875	29473353	DNA/TcMar-Tigger	13208	-	239	29473114	30115
chr17	29442999	29642999	harbor1	chr17	29473613	29473715	DNA/TcMar-Tigger	13208	-	51	29473664	30665
chr17	29442999	29642999	harbor1	chr17	29476612	29476842	DNA/TcMar-Tigger	831	-	115	29476727	33728
chr17	29442999	29642999	harbor1	chr17	29477145	29477227	DNA/TcMar-Tigger	831	-	41	29477186	34187
chr17	29442999	29642999	harbor1	chr17	29488087	29488288	DNA/TcMar-Tigger	1031	-	100	29488187	45188
chr17	29442999	29642999	harbor1	chr17	29488610	29488726	DNA/TcMar-Tigger	1031	-	58	29488668	45669
chr17	29442999	29642999	harbor1	chr17	29505326	29505419	DNA/TcMar-Tigger	582	-	46	29505372	62373
chr17	29442999	29642999	harbor1	chr17	29474035	29474918	DNA/TcMar-Tigger	13208	-	442	29474477	31478
chr17	6359288	6559288	harbor1	chr17	6440675	6440899	DNA/TcMar-Tigger	787	-	112	6440787	81499
chr17	29943389	30143389	harbor1	chr17	30029187	30029542	DNA/TcMar-Tigger	2171	-	178	30029365	85976
chr17	22271651	22471651	harbor1	chr17	22363130	22363262	DNA/TcMar-Tigger	3796	-	66	22363196	91545
chr17	22271651	22471651	harbor1	chr17	22363541	22364042	DNA/TcMar-Tigger	3796	-	250	22363791	92140
chr17	22271651	22471651	harbor1	chr17	22364888	22365567	DNA/TcMar-Tigger	4277	-	340	22365228	93577
chr17	61497291	61697291	harbor1	chr17	61502819	61503261	DNA/TcMar-Tigger	6303	-	221	61503040	5749
chr17	61497291	61697291	harbor1	chr17	61503554	61504273	DNA/TcMar-Tigger	6303	-	360	61503914	6623
chr17	61497291	61697291	harbor1	chr17	61536454	61536805	DNA/TcMar-Tigger	1751	-	176	61536630	39339
chr17	61497291	61697291	harbor1	chr17	61591398	61592127	DNA/TcMar-Tigger	1513	-	364	61591762	94471
chr17	46417069	46617069	harbor1	chr17	46417570	46418126	DNA/TcMar-Tigger	739	-	278	46417848	779
chr17	46417069	46617069	harbor1	chr17	46464434	46464916	DNA/TcMar-Tigger	2873	-	241	46464675	47606
chr17	46417069	46617069	harbor1	chr17	46465222	46465255	DNA/TcMar-Tigger	2873	-	16	46465238	48169
chr17	42164946	42364946	harbor1	chr17	42225522	42225823	DNA/TcMar-Tigger	1220	-	150	42225672	60726
chr17	76511755	76711755	harbor1	chr17	76575880	76575962	DNA/TcMar-Tigger	1751	-	41	76575921	64166
chr17	76511755	76711755	harbor1	chr17	76576272	76576688	DNA/TcMar-Tigger	1751	-	208	76576480	64725
chr17	76511755	76711755	harbor1	chr17	76576986	76577045	DNA/TcMar-Tigger	1751	-	30	76577016	65261
chr17	35179891	35379891	harbor1	chr17	35245015	35245520	DNA/TcMar-Tigger	2038	-	252	35245267	65376
chr17	75572234	75772234	harbor1	chr17	75645476	75645727	DNA/TcMar-Tigger	874	-	126	75645602	73368
chr17	75572234	75772234	harbor1	chr17	75660371	75660636	DNA/TcMar-Tigger	559	-	132	75660503	88269
chr17	75572234	75772234	harbor1	chr17	75663135	75663577	DNA/TcMar-Tigger	1636	-	221	75663356	91122
chr17	53787733	53987733	harbor1	chr17	53884183	53885917	DNA/TcMar-Tigger	10057	-	867	53885050	97317
chr17	53787733	53987733	harbor1	chr17	53886345	53886995	DNA/TcMar-Tigger	3786	-	325	53886670	98937
chr17	53984220	54184220	harbor1	chr17	54048604	54048736	DNA/TcMar-Tigger	681	-	66	54048670	64450
chr17	45854010	46054010	harbor1	chr17	45872263	45872559	DNA/TcMar-Tigger	3101	-	148	45872411	18401
chr17	45854010	46054010	harbor1	chr17	45872872	45872951	DNA/TcMar-Tigger	3101	-	40	45872912	18902
chr17	45854010	46054010	harbor1	chr17	45873273	45873561	DNA/TcMar-Tigger	3101	-	144	45873417	19407
chr17	45854010	46054010	harbor1	chr17	45878228	45878497	DNA/TcMar-Tigger	6780	-	134	45878362	24352
chr17	45854010	46054010	harbor1	chr17	45878803	45878939	DNA/TcMar-Tigger	6780	-	68	45878871	24861
chr17	45854010	46054010	harbor1	chr17	45879240	45879816	DNA/TcMar-Tigger	6780	-	288	45879528	25518
chr17	45854010	46054010	harbor1	chr17	45880109	45880320	DNA/TcMar-Tigger	6780	-	106	45880215	26205
chr17	45854010	46054010	harbor1	chr17	45901161	45901373	DNA/TcMar-Tigger	488	-	106	45901267	47257
chr17	45854010	46054010	harbor1	chr17	45901592	45902072	DNA/TcMar-Tigger	921	-	240	45901832	47822
chr17	45854010	46054010	harbor1	chr17	45902370	45902458	DNA/TcMar-Tigger	921	-	44	45902414	48404
chr17	15715815	15915815	harbor1	chr17	15777444	15777749	DNA/TcMar-Tigger	1744	-	152	15777596	61781
chr17	15715815	15915815	harbor1	chr17	15780330	15780756	DNA/TcMar-Tigger	2583	-	213	15780543	64728
chr17	15715815	15915815	harbor1	chr17	15780762	15780873	DNA/TcMar-Tigger	652	-	56	15780818	65003
chr17	392407	592407	harbor1	chr17	396725	397298	DNA/TcMar-Tigger	3555	-	286	397011	4604
chr17	392407	592407	harbor1	chr17	397578	397733	DNA/TcMar-Tigger	3555	-	78	397656	5249
chr17	392407	592407	harbor1	chr17	399007	399204	DNA/TcMar-Tigger	962	-	98	399105	6698
chr17	392407	592407	harbor1	chr17	399702	399895	DNA/TcMar-Tigger	1177	-	96	399798	7391
chr17	63352799	63552799	harbor1	chr17	63409527	63409799	DNA/TcMar-Tigger	1476	-	136	63409663	56864
chr17	63352799	63552799	harbor1	chr17	63409829	63410078	DNA/TcMar-Tigger	1212	-	124	63409953	57154
chr17	55405051	55605051	harbor1	chr17	55463106	55463271	DNA/TcMar-Tigger	1243	-	82	55463188	58137
chr17	55405051	55605051	harbor1	chr17	55463555	55463620	DNA/TcMar-Tigger	1243	-	32	55463587	58536
chr17	44381467	44581467	harbor1	chr17	44415306	44415536	DNA/TcMar-Tigger	1241	-	115	44415421	33954
chr17	39481929	39681929	harbor1	chr17	39508020	39508262	DNA/TcMar-Tigger	984	-	121	39508141	26212
chr17	54331164	54531164	harbor1	chr17	54396161	54396521	DNA/TcMar-Tigger	601	-	180	54396341	65177
chr17	47067017	47267017	harbor1	chr17	47105086	47105287	DNA/TcMar-Tigger	744	-	100	47105186	38169
chr17	50966884	51166884	harbor1	chr17	50986382	50986551	DNA/TcMar-Tigger	845	-	84	50986466	19582
chr17	50966884	51166884	harbor1	chr17	51020718	51021037	DNA/TcMar-Tigger	1924	-	160	51020878	53994
chr17	79927268	80127268	harbor1	chr17	79973112	79973290	DNA/TcMar-Tigger	2234	-	89	79973201	45933
chr17	79927268	80127268	harbor1	chr17	79973875	79974238	DNA/TcMar-Tigger	2234	-	182	79974057	46789
chr17	79927268	80127268	harbor1	chr17	79974538	79974615	DNA/TcMar-Tigger	2234	-	38	79974576	47308
chr17	46278017	46478017	harbor1	chr17	46357411	46357700	DNA/TcMar-Tigger	598	-	144	46357555	79538
chr17	46278017	46478017	harbor1	chr17	46374545	46374906	DNA/TcMar-Tigger	2320	-	180	46374725	96708
chr17	56047537	56247537	harbor1	chr17	56054424	56054629	DNA/TcMar-Tigger	1651	-	102	56054526	6989
chr17	56047537	56247537	harbor1	chr17	56054906	56055055	DNA/TcMar-Tigger	1651	-	74	56054980	7443
chr17	56047537	56247537	harbor1	chr17	56056823	56057503	DNA/TcMar-Tigger	7915	-	340	56057163	9626
chr17	56047537	56247537	harbor1	chr17	56057797	56058473	DNA/TcMar-Tigger	7915	-	338	56058135	10598
chr17	56047537	56247537	harbor1	chr17	56065172	56066000	DNA/TcMar-Tigger	5208	-	414	56065586	18049
chr17	27311050	27511050	harbor1	chr17	27346716	27346976	DNA/TcMar-Tigger	631	-	130	27346846	35796
chr17	11647981	11847981	harbor1	chr17	11691170	11691416	DNA/TcMar-Tigger	608	-	123	11691293	43312
chr17	15502708	15702708	harbor1	chr17	15548714	15549021	DNA/TcMar-Tigger	1529	-	154	15548868	46160
chr17	62933694	63133694	harbor1	chr17	62956169	62956371	DNA/TcMar-Tigger	813	-	101	62956270	22576
chr17	62933694	63133694	harbor1	chr17	62956957	62957262	DNA/TcMar-Tigger	813	-	152	62957109	23415
chr17	62933694	63133694	harbor1	chr17	62968921	62969144	DNA/TcMar-Tigger	1147	-	112	62969033	35339
chr17	62933694	63133694	harbor1	chr17	63003436	63003684	DNA/TcMar-Tigger	1394	-	124	63003560	69866
chr17	68656542	68856542	harbor1	chr17	68660085	68660431	DNA/TcMar-Tigger	2220	-	173	68660258	3716
chr17	68656542	68856542	harbor1	chr17	68724362	68724801	DNA/TcMar-Tigger	2481	-	220	68724582	68040
chr17	42975210	43175210	harbor1	chr17	43041118	43041438	DNA/TcMar-Tigger	1632	-	160	43041278	66068
chr17	31677766	31877766	harbor1	chr17	31689817	31689945	DNA/TcMar-Tigger	2020	-	64	31689881	12115
chr17	31677766	31877766	harbor1	chr17	31690226	31690438	DNA/TcMar-Tigger	2020	-	106	31690332	12566
chr17	31677766	31877766	harbor1	chr17	31702334	31702509	DNA/TcMar-Tigger	1099	-	88	31702422	24656
chr17	31677766	31877766	harbor1	chr17	31702817	31702858	DNA/TcMar-Tigger	1099	-	20	31702837	25071
chr17	31677766	31877766	harbor1	chr17	31702842	31702990	DNA/TcMar-Tigger	659	-	74	31702916	25150
chr17	20244798	20444798	harbor1	chr17	20324955	20325390	DNA/TcMar-Tigger	2250	-	218	20325173	80375
chr17	20244798	20444798	harbor1	chr17	20333918	20334010	DNA/TcMar-Tigger	640	-	46	20333964	89166
chr17	9276099	9476099	harbor1	chr17	9345755	9345848	DNA/TcMar-Tigger	571	-	46	9345801	69702
chr17	9276099	9476099	harbor1	chr17	9348876	9349003	DNA/TcMar-Tigger	1805	-	64	9348940	72841
chr17	9276099	9476099	harbor1	chr17	9349297	9349307	DNA/TcMar-Tigger	1805	-	5	9349302	73203
chr17	9276099	9476099	harbor1	chr17	9349621	9349829	DNA/TcMar-Tigger	1805	-	104	9349725	73626
chr17	9276099	9476099	harbor1	chr17	9350031	9350407	DNA/TcMar-Tigger	2323	-	188	9350219	74120
chr17	51078474	51278474	harbor1	chr17	51099491	51099577	DNA/TcMar-Tigger	566	-	43	51099534	21060
chr17	46705895	46905895	harbor1	chr17	46750360	46750563	DNA/TcMar-Tigger	1373	-	102	46750462	44567
chr17	45716242	45916242	harbor1	chr17	45811980	45812237	DNA/TcMar-Tigger	1520	-	128	45812108	95866
chr17	19770894	19970894	harbor1	chr17	19812366	19812758	DNA/TcMar-Tigger	2009	-	196	19812562	41668
chr17	19770894	19970894	harbor1	chr17	19814955	19815115	DNA/TcMar-Tigger	835	-	80	19815035	44141
chr17	22327966	22527966	harbor1	chr17	22363130	22363262	DNA/TcMar-Tigger	3796	-	66	22363196	35230
chr17	22327966	22527966	harbor1	chr17	22363541	22364042	DNA/TcMar-Tigger	3796	-	250	22363791	35825
chr17	22327966	22527966	harbor1	chr17	22364888	22365567	DNA/TcMar-Tigger	4277	-	340	22365228	37262
chr17	22320892	22520892	harbor1	chr17	22363130	22363262	DNA/TcMar-Tigger	3796	-	66	22363196	42304
chr17	22320892	22520892	harbor1	chr17	22363541	22364042	DNA/TcMar-Tigger	3796	-	250	22363791	42899
chr17	22320892	22520892	harbor1	chr17	22364888	22365567	DNA/TcMar-Tigger	4277	-	340	22365228	44336
chr17	46789698	46989698	harbor1	chr17	46810944	46811286	DNA/TcMar-Tigger	713	-	171	46811115	21417
chr17	46789698	46989698	harbor1	chr17	46862276	46862523	DNA/TcMar-Tigger	766	-	124	46862400	72702
chr17	4530503	4730503	harbor1	chr17	4602025	4602218	DNA/TcMar-Tigger	553	-	96	4602121	71618
chr17	52205190	52405190	harbor1	chr17	52280257	52280871	DNA/TcMar-Tigger	3023	-	307	52280564	75374
chr17	22106778	22306778	harbor1	chr17	22171175	22171501	DNA/TcMar-Tigger	1620	-	163	22171338	64560
chr17	32501399	32701399	harbor1	chr17	32598588	32598777	DNA/TcMar-Tigger	1219	-	94	32598682	97283
chr17	32501399	32701399	harbor1	chr17	32598902	32599646	DNA/TcMar-Tigger	14792	-	372	32599274	97875
chr17	32501399	32701399	harbor1	chr17	32599953	32600940	DNA/TcMar-Tigger	14792	-	494	32600447	99048
chr17	9965586	10165586	harbor1	chr17	10043392	10043632	DNA/TcMar-Tigger	5464	-	120	10043512	77926
chr17	9965586	10165586	harbor1	chr17	10043967	10044757	DNA/TcMar-Tigger	5464	-	395	10044362	78776
chr17	9965586	10165586	harbor1	chr17	10010552	10010795	DNA/TcMar-Tigger	1353	-	122	10010674	45088
chr17	13074191	13274191	harbor1	chr17	13110842	13111057	DNA/TcMar-Tigger	1264	-	108	13110950	36759
chr17	13074191	13274191	harbor1	chr17	13111056	13111185	DNA/TcMar-Tigger	558	-	64	13111120	36929
chr17	13074191	13274191	harbor1	chr17	13145407	13145596	DNA/TcMar-Tigger	837	-	94	13145501	71310
chr17	13074191	13274191	harbor1	chr17	13145975	13146170	DNA/TcMar-Tigger	977	-	98	13146073	71882
chr17	7486706	7686706	harbor1	chr17	7494395	7494535	DNA/TcMar-Tigger	574	-	70	7494465	7759
chr17	7486706	7686706	harbor1	chr17	7517675	7517939	DNA/TcMar-Tigger	1031	-	132	7517807	31101
chr17	7486706	7686706	harbor1	chr17	7531865	7532033	DNA/TcMar-Tigger	885	-	84	7531949	45243
chr17	7486706	7686706	harbor1	chr17	7534349	7534511	DNA/TcMar-Tigger	1063	-	81	7534430	47724
chr17	7486706	7686706	harbor1	chr17	7534812	7534865	DNA/TcMar-Tigger	1063	-	26	7534838	48132
chr17	29811746	30011746	harbor1	chr17	29817624	29817755	DNA/TcMar-Tigger	1051	-	66	29817690	5944
chr17	29811746	30011746	harbor1	chr17	29818067	29818234	DNA/TcMar-Tigger	1051	-	84	29818151	6405
chr17	29811746	30011746	harbor1	chr17	29894351	29894672	DNA/TcMar-Tigger	1377	-	160	29894511	82765
chr17	69182244	69382244	harbor1	chr17	69209681	69209993	DNA/TcMar-Tigger	1657	-	156	69209837	27593
chr17	69182244	69382244	harbor1	chr17	69243251	69243539	DNA/TcMar-Tigger	1395	-	144	69243395	61151
chr17	7498373	7698373	harbor1	chr17	7517675	7517939	DNA/TcMar-Tigger	1031	-	132	7517807	19434
chr17	7498373	7698373	harbor1	chr17	7531865	7532033	DNA/TcMar-Tigger	885	-	84	7531949	33576
chr17	7498373	7698373	harbor1	chr17	7534349	7534511	DNA/TcMar-Tigger	1063	-	81	7534430	36057
chr17	7498373	7698373	harbor1	chr17	7534812	7534865	DNA/TcMar-Tigger	1063	-	26	7534838	36465
chr17	43166741	43366741	harbor1	chr17	43179738	43179893	DNA/TcMar-Tigger	556	-	78	43179816	13075
chr17	43166741	43366741	harbor1	chr17	43180162	43180477	DNA/TcMar-Tigger	1944	-	158	43180320	13579
chr17	43166741	43366741	harbor1	chr17	43207224	43207368	DNA/TcMar-Tigger	1430	-	72	43207296	40555
chr17	43166741	43366741	harbor1	chr17	43207660	43207852	DNA/TcMar-Tigger	1430	-	96	43207756	41015
chr17	9056494	9256494	harbor1	chr17	9081837	9082053	DNA/TcMar-Tigger	690	-	108	9081945	25451
chr17	9056494	9256494	harbor1	chr17	9082361	9082507	DNA/TcMar-Tigger	690	-	73	9082434	25940
chr17	9056494	9256494	harbor1	chr17	9111533	9111957	DNA/TcMar-Tigger	2623	-	212	9111745	55251
chr17	16729059	16929059	harbor1	chr17	16785833	16786037	DNA/TcMar-Tigger	867	-	102	16785935	56876
chr17	79909137	80109137	harbor1	chr17	79973112	79973290	DNA/TcMar-Tigger	2234	-	89	79973201	64064
chr17	79909137	80109137	harbor1	chr17	79973875	79974238	DNA/TcMar-Tigger	2234	-	182	79974057	64920
chr17	79909137	80109137	harbor1	chr17	79974538	79974615	DNA/TcMar-Tigger	2234	-	38	79974576	65439
chr17	31177298	31377298	harbor1	chr17	31212714	31212971	DNA/TcMar-Tigger	4961	-	128	31212842	35544
chr17	31177298	31377298	harbor1	chr17	31231505	31231808	DNA/TcMar-Tigger	1780	-	152	31231657	54359
chr17	31177298	31377298	harbor1	chr17	31211468	31212426	DNA/TcMar-Tigger	4961	-	479	31211947	34649
chr17	31177298	31377298	harbor1	chr17	31276841	31277270	DNA/TcMar-Tigger	2353	-	214	31277055	99757
chr17	37943282	38143282	harbor1	chr17	37945617	37945800	DNA/TcMar-Tigger	982	-	92	37945709	2427
chr17	37943282	38143282	harbor1	chr17	37948604	37948780	DNA/TcMar-Tigger	1420	-	88	37948692	5410
chr17	37943282	38143282	harbor1	chr17	37949071	37949173	DNA/TcMar-Tigger	1420	-	51	37949122	5840
chr17	37943282	38143282	harbor1	chr17	37991710	37992021	DNA/TcMar-Tigger	565	-	156	37991866	48584
chr17	37943282	38143282	harbor1	chr17	38002861	38003198	DNA/TcMar-Tigger	1731	-	168	38003029	59747
chr17	37943282	38143282	harbor1	chr17	38025155	38025338	DNA/TcMar-Tigger	995	-	92	38025247	81965
chr17	37943282	38143282	harbor1	chr17	38028130	38028306	DNA/TcMar-Tigger	1420	-	88	38028218	84936
chr17	37943282	38143282	harbor1	chr17	38028597	38028699	DNA/TcMar-Tigger	1420	-	51	38028648	85366
chr17	56651249	56851249	harbor1	chr17	56726628	56727186	DNA/TcMar-Tigger	2289	-	279	56726907	75658
chr17	27380691	27580691	harbor1	chr17	27416506	27416602	DNA/TcMar-Tigger	1903	-	48	27416554	35863
chr17	27380691	27580691	harbor1	chr17	27416905	27417158	DNA/TcMar-Tigger	1903	-	126	27417031	36340
chr17	27380691	27580691	harbor1	chr17	27432199	27432387	DNA/TcMar-Tigger	892	-	94	27432293	51602
chr17	22167281	22367281	harbor1	chr17	22171175	22171501	DNA/TcMar-Tigger	1620	-	163	22171338	4057
chr17	19786486	19986486	harbor1	chr17	19812366	19812758	DNA/TcMar-Tigger	2009	-	196	19812562	26076
chr17	19786486	19986486	harbor1	chr17	19814955	19815115	DNA/TcMar-Tigger	835	-	80	19815035	28549
chr17	29375561	29575561	harbor1	chr17	29418521	29418850	DNA/TcMar-Tigger	1988	-	164	29418685	43124
chr17	29375561	29575561	harbor1	chr17	29470724	29470840	DNA/TcMar-Tigger	13208	-	58	29470782	95221
chr17	29375561	29575561	harbor1	chr17	29471163	29471268	DNA/TcMar-Tigger	13208	-	52	29471215	95654
chr17	29375561	29575561	harbor1	chr17	29471576	29472256	DNA/TcMar-Tigger	13208	-	340	29471916	96355
chr17	29375561	29575561	harbor1	chr17	29472875	29473353	DNA/TcMar-Tigger	13208	-	239	29473114	97553
chr17	29375561	29575561	harbor1	chr17	29473613	29473715	DNA/TcMar-Tigger	13208	-	51	29473664	98103
chr17	29375561	29575561	harbor1	chr17	29474035	29474918	DNA/TcMar-Tigger	13208	-	442	29474477	98916
chr17	45932555	46132555	harbor1	chr17	45960224	45960511	DNA/TcMar-Tigger	639	-	144	45960368	27813
chr17	43941403	44141403	harbor1	chr17	44016566	44016642	DNA/TcMar-Tigger	515	-	38	44016604	75201
chr17	9897832	10097832	harbor1	chr17	9903673	9903957	DNA/TcMar-Tigger	3380	-	142	9903815	5983
chr17	9897832	10097832	harbor1	chr17	9904263	9904566	DNA/TcMar-Tigger	3380	-	152	9904415	6583
chr17	14493502	14693502	harbor1	chr17	14592495	14592858	DNA/TcMar-Tigger	576	-	182	14592677	99175
chr17	76309489	76509489	harbor1	chr17	76312082	76312158	DNA/TcMar-Tigger	1085	-	38	76312120	2631
chr17	76309489	76509489	harbor1	chr17	76312452	76312714	DNA/TcMar-Tigger	1085	-	131	76312583	3094
chr17	68119573	68319573	harbor1	chr17	68123113	68123252	DNA/TcMar-Tigger	699	-	70	68123183	3610
chr17	68119573	68319573	harbor1	chr17	68139283	68139578	DNA/TcMar-Tigger	1042	-	148	68139431	19858
chr17	69142312	69342312	harbor1	chr17	69175736	69175831	DNA/TcMar-Tigger	622	-	48	69175784	33472
chr17	69142312	69342312	harbor1	chr17	69175834	69176089	DNA/TcMar-Tigger	1561	-	128	69175962	33650
chr17	69142312	69342312	harbor1	chr17	69176735	69176882	DNA/TcMar-Tigger	961	-	74	69176809	34497
chr17	69142312	69342312	harbor1	chr17	69209681	69209993	DNA/TcMar-Tigger	1657	-	156	69209837	67525
chr17	29820474	30020474	harbor1	chr17	29894351	29894672	DNA/TcMar-Tigger	1377	-	160	29894511	74037
chr17	16215482	16415482	harbor1	chr17	16267014	16267443	DNA/TcMar-Tigger	2142	-	214	16267228	51746
chr17	45583272	45783272	harbor1	chr17	45596749	45597043	DNA/TcMar-Tigger	970	-	147	45596896	13624
chr17	45583272	45783272	harbor1	chr17	45627801	45627821	DNA/TcMar-Tigger	1185	-	10	45627811	44539
chr17	45583272	45783272	harbor1	chr17	45628369	45628578	DNA/TcMar-Tigger	1185	-	104	45628473	45201
chr17	40904185	41104185	harbor1	chr17	40970127	40970460	DNA/TcMar-Tigger	1791	-	166	40970293	66108
chr17	54447618	54647618	harbor1	chr17	54519677	54520514	DNA/TcMar-Tigger	4265	-	418	54520095	72477
chr17	27594861	27794861	harbor1	chr17	27598991	27599275	DNA/TcMar-Tigger	5967	-	142	27599133	4272
chr17	27594861	27794861	harbor1	chr17	27599561	27600152	DNA/TcMar-Tigger	5967	-	296	27599857	4996
chr17	27594861	27794861	harbor1	chr17	27600467	27600772	DNA/TcMar-Tigger	5967	-	152	27600619	5758
chr17	27594861	27794861	harbor1	chr17	27640144	27640404	DNA/TcMar-Tigger	560	-	130	27640274	45413
chr17	37541710	37741710	harbor1	chr17	37603388	37603958	DNA/TcMar-Tigger	8603	-	285	37603673	61963
chr17	37541710	37741710	harbor1	chr17	37604262	37605186	DNA/TcMar-Tigger	8603	-	462	37604724	63014
chr17	5886404	6086404	harbor1	chr17	5906032	5906423	DNA/TcMar-Tigger	5523	-	196	5906228	19824
chr17	5886404	6086404	harbor1	chr17	5906732	5907286	DNA/TcMar-Tigger	5523	-	277	5907009	20605
chr17	5886404	6086404	harbor1	chr17	5907614	5907713	DNA/TcMar-Tigger	5523	-	50	5907664	21260
chr17	36968946	37168946	harbor1	chr17	37023790	37024143	DNA/TcMar-Tigger	1764	-	176	37023966	55020
chr17	36968946	37168946	harbor1	chr17	37044648	37044876	DNA/TcMar-Tigger	1174	-	114	37044762	75816
chr17	76921341	77121341	harbor1	chr17	76927738	76928062	DNA/TcMar-Tigger	605	-	162	76927900	6559
chr17	55457165	55657165	harbor1	chr17	55463106	55463271	DNA/TcMar-Tigger	1243	-	82	55463188	6023
chr17	55457165	55657165	harbor1	chr17	55463555	55463620	DNA/TcMar-Tigger	1243	-	32	55463587	6422
chr17	55457165	55657165	harbor1	chr17	55520292	55520803	DNA/TcMar-Tigger	2826	-	256	55520548	63383
chr17	41135877	41335877	harbor1	chr17	41207036	41207460	DNA/TcMar-Tigger	2534	-	212	41207248	71371
chr17	76177263	76377263	harbor1	chr17	76248733	76248933	DNA/TcMar-Tigger	912	-	100	76248833	71570
chr17	76177263	76377263	harbor1	chr17	76253343	76253585	DNA/TcMar-Tigger	2002	-	121	76253464	76201
chr17	76177263	76377263	harbor1	chr17	76253863	76253961	DNA/TcMar-Tigger	2002	-	49	76253912	76649
chr17	29403712	29603712	harbor1	chr17	29418521	29418850	DNA/TcMar-Tigger	1988	-	164	29418685	14973
chr17	29403712	29603712	harbor1	chr17	29470724	29470840	DNA/TcMar-Tigger	13208	-	58	29470782	67070
chr17	29403712	29603712	harbor1	chr17	29471163	29471268	DNA/TcMar-Tigger	13208	-	52	29471215	67503
chr17	29403712	29603712	harbor1	chr17	29471576	29472256	DNA/TcMar-Tigger	13208	-	340	29471916	68204
chr17	29403712	29603712	harbor1	chr17	29472875	29473353	DNA/TcMar-Tigger	13208	-	239	29473114	69402
chr17	29403712	29603712	harbor1	chr17	29473613	29473715	DNA/TcMar-Tigger	13208	-	51	29473664	69952
chr17	29403712	29603712	harbor1	chr17	29476612	29476842	DNA/TcMar-Tigger	831	-	115	29476727	73015
chr17	29403712	29603712	harbor1	chr17	29477145	29477227	DNA/TcMar-Tigger	831	-	41	29477186	73474
chr17	29403712	29603712	harbor1	chr17	29488087	29488288	DNA/TcMar-Tigger	1031	-	100	29488187	84475
chr17	29403712	29603712	harbor1	chr17	29488610	29488726	DNA/TcMar-Tigger	1031	-	58	29488668	84956
chr17	29403712	29603712	harbor1	chr17	29474035	29474918	DNA/TcMar-Tigger	13208	-	442	29474477	70765
chr17	47383409	47583409	harbor1	chr17	47416955	47418394	DNA/TcMar-Tigger	8622	-	720	47417675	34266
chr17	22527676	22727676	harbor1	chr17	22580888	22581194	DNA/TcMar-Tigger	1840	-	153	22581041	53365
chr17	22527676	22727676	harbor1	chr17	22597747	22598018	DNA/TcMar-Tigger	1275	-	136	22597883	70207
chr17	60226045	60426045	harbor1	chr17	60230178	60230431	DNA/TcMar-Tigger	647	-	126	60230304	4259
chr17	60226045	60426045	harbor1	chr17	60296710	60296816	DNA/TcMar-Tigger	1134	-	53	60296763	70718
chr17	60226045	60426045	harbor1	chr17	60298428	60298535	DNA/TcMar-Tigger	1134	-	54	60298482	72437
chr17	60226045	60426045	harbor1	chr17	60320120	60320704	DNA/TcMar-Tigger	3149	-	292	60320412	94367
chr17	9532773	9732773	harbor1	chr17	9599075	9599314	DNA/TcMar-Tigger	1222	-	120	9599195	66422
chr17	57103266	57303266	harbor1	chr17	57104421	57104821	DNA/TcMar-Tigger	2016	-	200	57104621	1355
chr17	12513426	12713426	harbor1	chr17	12523393	12523733	DNA/TcMar-Tigger	2119	-	170	12523563	10137
chr17	12513426	12713426	harbor1	chr17	12605359	12605539	DNA/TcMar-Tigger	15227	-	90	12605449	92023
chr17	12513426	12713426	harbor1	chr17	12605837	12607102	DNA/TcMar-Tigger	15227	-	632	12606469	93043
chr17	12513426	12713426	harbor1	chr17	12607432	12608187	DNA/TcMar-Tigger	15227	-	378	12607810	94384
chr17	12513426	12713426	harbor1	chr17	12608487	12608719	DNA/TcMar-Tigger	15227	-	116	12608603	95177
chr17	56826075	57026075	harbor1	chr17	56852838	56853072	DNA/TcMar-Tigger	1490	-	117	56852955	26880
chr17	46653259	46853259	harbor1	chr17	46682126	46682602	DNA/TcMar-Tigger	3033	-	238	46682364	29105
chr17	46653259	46853259	harbor1	chr17	46750360	46750563	DNA/TcMar-Tigger	1373	-	102	46750462	97203
chr17	37244261	37444261	harbor1	chr17	37269308	37269673	DNA/TcMar-Tigger	1987	-	182	37269490	25229
chr17	40271155	40471155	harbor1	chr17	40290556	40290652	DNA/TcMar-Tigger	676	-	48	40290604	19449
chr17	40271155	40471155	harbor1	chr17	40290651	40290864	DNA/TcMar-Tigger	1108	-	106	40290757	19602
chr18	42738455	42938455	harbor1	chr18	42762905	42763180	DNA/TcMar-Tigger	3810	-	138	42763043	24588
chr18	42738455	42938455	harbor1	chr18	42763477	42763917	DNA/TcMar-Tigger	3810	-	220	42763697	25242
chr18	42738455	42938455	harbor1	chr18	42763918	42764025	DNA/TcMar-Tigger	729	-	54	42763972	25517
chr18	42738455	42938455	harbor1	chr18	42819855	42820176	DNA/TcMar-Tigger	1597	-	160	42820015	81560
chr18	35210360	35410360	harbor1	chr18	35255541	35255795	DNA/TcMar-Tigger	498	-	127	35255668	45308
chr18	41901500	42101500	harbor1	chr18	41945667	41946317	DNA/TcMar-Tigger	3769	-	325	41945992	44492
chr18	79178445	79378445	harbor1	chr18	79189413	79190448	DNA/TcMar-Tigger	4516	-	518	79189931	11486
chr18	79178445	79378445	harbor1	chr18	79198467	79198960	DNA/TcMar-Tigger	5436	-	246	79198713	20268
chr18	79178445	79378445	harbor1	chr18	79199238	79199480	DNA/TcMar-Tigger	5436	-	121	79199359	20914
chr18	79178445	79378445	harbor1	chr18	79233678	79234074	DNA/TcMar-Tigger	2242	-	198	79233876	55431
chr18	79178445	79378445	harbor1	chr18	79263221	79263503	DNA/TcMar-Tigger	862	-	141	79263362	84917
chr18	79178445	79378445	harbor1	chr18	79199785	79200299	DNA/TcMar-Tigger	5436	-	257	79200042	21597
chr18	54461882	54661882	harbor1	chr18	54543745	54544111	DNA/TcMar-Tigger	1759	-	183	54543928	82046
chr18	13467190	13667190	harbor1	chr18	13470152	13470307	DNA/TcMar-Tigger	517	-	78	13470230	3040
chr18	13467190	13667190	harbor1	chr18	13505307	13505538	DNA/TcMar-Tigger	2589	-	116	13505423	38233
chr18	13467190	13667190	harbor1	chr18	13505848	13506220	DNA/TcMar-Tigger	2589	-	186	13506034	38844
chr18	13467190	13667190	harbor1	chr18	13506383	13506586	DNA/TcMar-Tigger	2589	-	102	13506485	39295
chr18	13467190	13667190	harbor1	chr18	13506789	13506913	DNA/TcMar-Tigger	603	-	62	13506851	39661
chr18	13467190	13667190	harbor1	chr18	13510130	13510235	DNA/TcMar-Tigger	509	-	52	13510182	42992
chr18	13467190	13667190	harbor1	chr18	13537247	13537300	DNA/TcMar-Tigger	455	-	26	13537273	70083
chr18	13467190	13667190	harbor1	chr18	13537654	13537677	DNA/TcMar-Tigger	455	-	12	13537666	70476
chr18	50337984	50537984	harbor1	chr18	50351691	50352699	DNA/TcMar-Tigger	8038	-	504	50352195	14211
chr18	50337984	50537984	harbor1	chr18	50353152	50353435	DNA/TcMar-Tigger	8038	-	142	50353294	15310
chr18	50337984	50537984	harbor1	chr18	50376223	50377363	DNA/TcMar-Tigger	6694	-	570	50376793	38809
chr18	42234288	42434288	harbor1	chr18	42248159	42248363	DNA/TcMar-Tigger	657	-	102	42248261	13973
chr18	42234288	42434288	harbor1	chr18	42285381	42285926	DNA/TcMar-Tigger	1234	-	272	42285653	51365
chr18	75980778	76180778	harbor1	chr18	76026031	76026579	DNA/TcMar-Tigger	2405	-	274	76026305	45527
chr18	27078795	27278795	harbor1	chr18	27078728	27078927	DNA/TcMar-Tigger	928	-	100	27078828	33
chr18	27078795	27278795	harbor1	chr18	27112279	27112578	DNA/TcMar-Tigger	1548	-	150	27112429	33634
chr18	7806814	8006814	harbor1	chr18	7821466	7822018	DNA/TcMar-Tigger	2898	-	276	7821742	14928
chr18	7806814	8006814	harbor1	chr18	7830369	7830517	DNA/TcMar-Tigger	909	-	74	7830443	23629
chr18	7806814	8006814	harbor1	chr18	7875780	7876116	DNA/TcMar-Tigger	1839	-	168	7875948	69134
chr18	7806814	8006814	harbor1	chr18	7884962	7885643	DNA/TcMar-Tigger	1510	-	340	7885302	78488
chr18	7806814	8006814	harbor1	chr18	7898814	7899448	DNA/TcMar-Tigger	2824	-	317	7899131	92317
chr18	27730688	27930688	harbor1	chr18	27810576	27810794	DNA/TcMar-Tigger	6906	-	109	27810685	79997
chr18	27730688	27930688	harbor1	chr18	27810795	27811135	DNA/TcMar-Tigger	1804	-	170	27810965	80277
chr18	27730688	27930688	harbor1	chr18	27811136	27811218	DNA/TcMar-Tigger	6906	-	41	27811177	80489
chr18	27730688	27930688	harbor1	chr18	27811601	27812481	DNA/TcMar-Tigger	6906	-	440	27812041	81353
chr18	53109811	53309811	harbor1	chr18	53184334	53184782	DNA/TcMar-Tigger	1296	-	224	53184558	74747
chr18	40089458	40289458	harbor1	chr18	40092880	40093167	DNA/TcMar-Tigger	1499	-	144	40093024	3566
chr18	40089458	40289458	harbor1	chr18	40106901	40107072	DNA/TcMar-Tigger	505	-	86	40106987	17529
chr18	63463590	63663590	harbor1	chr18	63526768	63527104	DNA/TcMar-Tigger	1994	-	168	63526936	63346
chr18	63463590	63663590	harbor1	chr18	63504218	63504540	DNA/TcMar-Tigger	1035	-	161	63504379	40789
chr18	80045975	80245975	harbor1	chr18	80081742	80082219	DNA/TcMar-Tigger	2572	-	238	80081980	36005
chr18	714665	914665	harbor1	chr18	727912	728054	DNA/TcMar-Tigger	2430	-	71	727983	13318
chr18	714665	914665	harbor1	chr18	728336	728530	DNA/TcMar-Tigger	2430	-	97	728433	13768
chr18	714665	914665	harbor1	chr18	728823	728859	DNA/TcMar-Tigger	2430	-	18	728841	14176
chr18	714665	914665	harbor1	chr18	805098	805412	DNA/TcMar-Tigger	1686	-	157	805255	90590
chr18	2500231	2700231	harbor1	chr18	2585273	2585624	DNA/TcMar-Tigger	2050	-	176	2585449	85218
chr18	54816422	55016422	harbor1	chr18	54848680	54848905	DNA/TcMar-Tigger	567	-	112	54848792	32370
chr18	54816422	55016422	harbor1	chr18	54897671	54898105	DNA/TcMar-Tigger	2419	-	217	54897888	81466
chr18	60020517	60220517	harbor1	chr18	60056948	60057117	DNA/TcMar-Tigger	938	-	84	60057032	36515
chr18	60020517	60220517	harbor1	chr18	60091638	60091999	DNA/TcMar-Tigger	1934	-	180	60091818	71301
chr18	21118813	21318813	harbor1	chr18	21187591	21187892	DNA/TcMar-Tigger	1770	-	150	21187741	68928
chr18	54700461	54900461	harbor1	chr18	54711397	54711481	DNA/TcMar-Tigger	1289	-	42	54711439	10978
chr18	54700461	54900461	harbor1	chr18	54711769	54712131	DNA/TcMar-Tigger	1289	-	181	54711950	11489
chr18	54700461	54900461	harbor1	chr18	54742456	54742675	DNA/TcMar-Tigger	492	-	110	54742566	42105
chr18	54700461	54900461	harbor1	chr18	54792887	54793093	DNA/TcMar-Tigger	745	-	103	54792990	92529
chr18	46854643	47054643	harbor1	chr18	46909729	46909833	DNA/TcMar-Tigger	414	-	52	46909781	55138
chr18	46854643	47054643	harbor1	chr18	46912189	46912521	DNA/TcMar-Tigger	1891	-	166	46912355	57712
chr18	49904717	50104717	harbor1	chr18	49946160	49946302	DNA/TcMar-Tigger	724	-	71	49946231	41514
chr18	49904717	50104717	harbor1	chr18	49946390	49946452	DNA/TcMar-Tigger	425	-	31	49946421	41704
chr18	78027796	78227796	harbor1	chr18	78049890	78050196	DNA/TcMar-Tigger	1441	-	153	78050043	22247
chr19	47482549	47682549	harbor1	chr19	47579733	47579972	DNA/TcMar-Tigger	1721	-	120	47579853	97304
chr19	47482549	47682549	harbor1	chr19	47580284	47580383	DNA/TcMar-Tigger	1721	-	50	47580334	97785
chr19	41216457	41416457	harbor1	chr19	41227287	41227488	DNA/TcMar-Tigger	2180	-	100	41227387	10930
chr19	41216457	41416457	harbor1	chr19	41227789	41228092	DNA/TcMar-Tigger	2180	-	152	41227941	11484
chr19	41216457	41416457	harbor1	chr19	41286119	41286338	DNA/TcMar-Tigger	800	-	110	41286229	69772
chr19	37863097	38063097	harbor1	chr19	37923227	37923756	DNA/TcMar-Tigger	5177	-	264	37923491	60394
chr19	37863097	38063097	harbor1	chr19	37924074	37924480	DNA/TcMar-Tigger	5177	-	203	37924277	61180
chr19	37863097	38063097	harbor1	chr19	37924694	37924766	DNA/TcMar-Tigger	1467	-	36	37924730	61633
chr19	37863097	38063097	harbor1	chr19	37925065	37925301	DNA/TcMar-Tigger	1467	-	118	37925183	62086
chr19	37863097	38063097	harbor1	chr19	37944623	37944684	DNA/TcMar-Tigger	1108	-	30	37944653	81556
chr19	37863097	38063097	harbor1	chr19	37944972	37945128	DNA/TcMar-Tigger	1108	-	78	37945050	81953
chr19	49773314	49973314	harbor1	chr19	49778142	49778300	DNA/TcMar-Tigger	1382	-	79	49778221	4907
chr19	49773314	49973314	harbor1	chr19	49778601	49778765	DNA/TcMar-Tigger	1382	-	82	49778683	5369
chr19	49773314	49973314	harbor1	chr19	49847561	49847628	DNA/TcMar-Tigger	833	-	34	49847595	74281
chr19	49773314	49973314	harbor1	chr19	49847982	49848095	DNA/TcMar-Tigger	833	-	56	49848038	74724
chr19	49773314	49973314	harbor1	chr19	49848388	49848565	DNA/TcMar-Tigger	833	-	88	49848476	75162
chr19	49773314	49973314	harbor1	chr19	49848862	49848954	DNA/TcMar-Tigger	833	-	46	49848908	75594
chr19	6655068	6855068	harbor1	chr19	6655667	6655844	DNA/TcMar-Tigger	1260	-	88	6655755	687
chr19	6655068	6855068	harbor1	chr19	6661758	6661891	DNA/TcMar-Tigger	633	-	66	6661824	6756
chr19	6655068	6855068	harbor1	chr19	6661866	6662043	DNA/TcMar-Tigger	918	-	88	6661954	6886
chr19	6655068	6855068	harbor1	chr19	6662331	6662369	DNA/TcMar-Tigger	918	-	19	6662350	7282
chr19	37808839	38008839	harbor1	chr19	37809507	37809904	DNA/TcMar-Tigger	5622	-	198	37809705	866
chr19	37808839	38008839	harbor1	chr19	37810205	37811097	DNA/TcMar-Tigger	5622	-	446	37810651	1812
chr19	37626247	37826247	harbor1	chr19	37689930	37690167	DNA/TcMar-Tigger	1198	-	118	37690048	63801
chr19	16555131	16755131	harbor1	chr19	16562395	16562706	DNA/TcMar-Tigger	1430	-	156	16562551	7420
chr19	42845860	43045860	harbor1	chr19	42846440	42846617	DNA/TcMar-Tigger	822	-	88	42846528	668
chr19	42845860	43045860	harbor1	chr19	42849446	42849679	DNA/TcMar-Tigger	903	-	116	42849562	3702
chr19	42845860	43045860	harbor1	chr19	42870183	42870360	DNA/TcMar-Tigger	822	-	88	42870271	24411
chr19	42845860	43045860	harbor1	chr19	42873186	42873419	DNA/TcMar-Tigger	854	-	116	42873302	27442
chr19	42845860	43045860	harbor1	chr19	42909002	42909158	DNA/TcMar-Tigger	689	-	78	42909080	63220
chr19	42845860	43045860	harbor1	chr19	42912002	42912233	DNA/TcMar-Tigger	925	-	116	42912118	66258
chr19	42845860	43045860	harbor1	chr19	42927866	42928027	DNA/TcMar-Tigger	659	-	80	42927946	82086
chr19	42845860	43045860	harbor1	chr19	42930866	42931092	DNA/TcMar-Tigger	893	-	113	42930979	85119
chr19	56325301	56525301	harbor1	chr19	56370368	56370582	DNA/TcMar-Tigger	1241	-	107	56370475	45174
chr19	13676657	13876657	harbor1	chr19	13766886	13767008	DNA/TcMar-Tigger	1067	-	61	13766947	90290
chr19	13676657	13876657	harbor1	chr19	13767347	13767422	DNA/TcMar-Tigger	1067	-	38	13767385	90728
chr19	54201927	54401927	harbor1	chr19	54282259	54282497	DNA/TcMar-Tigger	844	-	119	54282378	80451
chr19	40965245	41165245	harbor1	chr19	41003318	41003530	DNA/TcMar-Tigger	1243	-	106	41003424	38179
chr19	38936056	39136056	harbor1	chr19	39017849	39017981	DNA/TcMar-Tigger	763	-	66	39017915	81859
chr19	28035407	28235407	harbor1	chr19	28065991	28066187	DNA/TcMar-Tigger	659	-	98	28066089	30682
chr19	36376642	36576642	harbor1	chr19	36419256	36419426	DNA/TcMar-Tigger	3373	-	85	36419341	42699
chr19	36376642	36576642	harbor1	chr19	36419741	36420225	DNA/TcMar-Tigger	3373	-	242	36419983	43341
chr19	55466121	55666121	harbor1	chr19	55523510	55523804	DNA/TcMar-Tigger	4909	-	147	55523657	57536
chr19	55466121	55666121	harbor1	chr19	55524384	55524914	DNA/TcMar-Tigger	4909	-	265	55524649	58528
chr19	14406728	14606728	harbor1	chr19	14423210	14423254	DNA/TcMar-Tigger	685	-	22	14423232	16504
chr19	14406728	14606728	harbor1	chr19	14423588	14423681	DNA/TcMar-Tigger	685	-	46	14423634	16906
chr19	7218773	7418773	harbor1	chr19	7283754	7284056	DNA/TcMar-Tigger	1999	-	151	7283905	65132
chr19	7218773	7418773	harbor1	chr19	7284364	7284527	DNA/TcMar-Tigger	1999	-	82	7284446	65673
chr19	7218773	7418773	harbor1	chr19	7284817	7285031	DNA/TcMar-Tigger	1999	-	107	7284924	66151
chr19	34737978	34937978	harbor1	chr19	34818398	34818786	DNA/TcMar-Tigger	1967	-	194	34818592	80614
chr19	34654273	34854273	harbor1	chr19	34719668	34719998	DNA/TcMar-Tigger	1619	-	165	34719833	65560
chr19	50968686	51168686	harbor1	chr19	51040145	51040427	DNA/TcMar-Tigger	1234	-	141	51040286	71600
chr19	46808015	47008015	harbor1	chr19	46876849	46876967	DNA/TcMar-Tigger	912	-	59	46876908	68893
chr19	46808015	47008015	harbor1	chr19	46877596	46877693	DNA/TcMar-Tigger	912	-	48	46877644	69629
chr19	46808015	47008015	harbor1	chr19	46878767	46879174	DNA/TcMar-Tigger	12414	-	204	46878971	70956
chr19	46808015	47008015	harbor1	chr19	46880121	46880151	DNA/TcMar-Tigger	12414	-	15	46880136	72121
chr19	46808015	47008015	harbor1	chr19	46880443	46880662	DNA/TcMar-Tigger	12414	-	110	46880553	72538
chr19	46808015	47008015	harbor1	chr19	46881239	46882125	DNA/TcMar-Tigger	12414	-	443	46881682	73667
chr19	46808015	47008015	harbor1	chr19	46882438	46882485	DNA/TcMar-Tigger	12414	-	24	46882462	74447
chr19	46808015	47008015	harbor1	chr19	46882853	46883098	DNA/TcMar-Tigger	12414	-	122	46882975	74960
chr19	46808015	47008015	harbor1	chr19	46883401	46883771	DNA/TcMar-Tigger	12414	-	185	46883586	75571
chr19	31369995	31569995	harbor1	chr19	31451238	31451428	DNA/TcMar-Tigger	2210	-	95	31451333	81338
chr19	31369995	31569995	harbor1	chr19	31451743	31452049	DNA/TcMar-Tigger	2210	-	153	31451896	81901
chr19	45163908	45363908	harbor1	chr19	45167228	45167503	DNA/TcMar-Tigger	2306	-	138	45167366	3458
chr19	45163908	45363908	harbor1	chr19	45168303	45168663	DNA/TcMar-Tigger	2306	-	180	45168483	4575
chr19	33867792	34067792	harbor1	chr19	33902655	33903008	DNA/TcMar-Tigger	1794	-	176	33902831	35039
chr19	33867792	34067792	harbor1	chr19	33903996	33904160	DNA/TcMar-Tigger	1794	-	82	33904078	36286
chr19	5837695	6037695	harbor1	chr19	5888348	5888615	DNA/TcMar-Tigger	1177	-	134	5888482	50787
chr19	8304944	8504944	harbor1	chr19	8323118	8323415	DNA/TcMar-Tigger	1132	-	148	8323266	18322
chr19	56196735	56396735	harbor1	chr19	56230705	56231001	DNA/TcMar-Tigger	1599	-	148	56230853	34118
chr19	56196735	56396735	harbor1	chr19	56280913	56281350	DNA/TcMar-Tigger	2650	-	218	56281131	84396
chr19	32762850	32962850	harbor1	chr19	32762774	32763147	DNA/TcMar-Tigger	1705	-	186	32762960	110
chr19	56142821	56342821	harbor1	chr19	56230705	56231001	DNA/TcMar-Tigger	1599	-	148	56230853	88032
chr19	56394621	56594621	harbor1	chr19	56443343	56443693	DNA/TcMar-Tigger	1904	-	175	56443518	48897
chr19	33332835	33532835	harbor1	chr19	33351683	33352230	DNA/TcMar-Tigger	1263	-	274	33351957	19122
chr19	37696421	37896421	harbor1	chr19	37727436	37727593	DNA/TcMar-Tigger	918	-	78	37727514	31093
chr19	37696421	37896421	harbor1	chr19	37740724	37741064	DNA/TcMar-Tigger	1668	-	170	37740894	44473
chr19	32079229	32279229	harbor1	chr19	32087768	32087946	DNA/TcMar-Tigger	2007	-	89	32087857	8628
chr19	32079229	32279229	harbor1	chr19	32088077	32088113	DNA/TcMar-Tigger	2007	-	18	32088095	8866
chr19	32079229	32279229	harbor1	chr19	32088428	32088583	DNA/TcMar-Tigger	2007	-	78	32088506	9277
chr19	50999784	51199784	harbor1	chr19	51040145	51040427	DNA/TcMar-Tigger	1234	-	141	51040286	40502
chr19	55947572	56147572	harbor1	chr19	55951546	55951753	DNA/TcMar-Tigger	1248	-	104	55951650	4078
chr19	55947572	56147572	harbor1	chr19	55952052	55952173	DNA/TcMar-Tigger	985	-	60	55952112	4540
chr19	55947572	56147572	harbor1	chr19	56041314	56041666	DNA/TcMar-Tigger	2173	-	176	56041490	93918
chr19	55947572	56147572	harbor1	chr19	56041972	56042234	DNA/TcMar-Tigger	2173	-	131	56042103	94531
chr19	36439830	36639830	harbor1	chr19	36492451	36492618	DNA/TcMar-Tigger	3284	-	84	36492535	52705
chr19	36439830	36639830	harbor1	chr19	36493611	36493988	DNA/TcMar-Tigger	3284	-	188	36493799	53969
chr19	36439830	36639830	harbor1	chr19	36526167	36526259	DNA/TcMar-Tigger	1647	-	46	36526213	86383
chr19	36439830	36639830	harbor1	chr19	36526557	36526811	DNA/TcMar-Tigger	1647	-	127	36526684	86854
chr19	33752191	33952191	harbor1	chr19	33824158	33824465	DNA/TcMar-Tigger	3173	-	154	33824312	72121
chr19	33752191	33952191	harbor1	chr19	33824765	33825022	DNA/TcMar-Tigger	3173	-	128	33824893	72702
chr19	33752191	33952191	harbor1	chr19	33825662	33825997	DNA/TcMar-Tigger	1942	-	168	33825830	73639
chr19	33752191	33952191	harbor1	chr19	33843212	33843444	DNA/TcMar-Tigger	1289	-	116	33843328	91137
chr19	28409130	28609130	harbor1	chr19	28425600	28425780	DNA/TcMar-Tigger	947	-	90	28425690	16560
chr19	28409130	28609130	harbor1	chr19	28425767	28425927	DNA/TcMar-Tigger	704	-	80	28425847	16717
chr19	30991070	31191070	harbor1	chr19	31085236	31085773	DNA/TcMar-Tigger	7737	-	268	31085504	94434
chr19	30991070	31191070	harbor1	chr19	31085962	31085982	DNA/TcMar-Tigger	7737	-	10	31085972	94902
chr19	30991070	31191070	harbor1	chr19	31086276	31086969	DNA/TcMar-Tigger	7737	-	346	31086622	95552
chr19	30991070	31191070	harbor1	chr19	31086990	31087201	DNA/TcMar-Tigger	1127	-	106	31087096	96026
chr19	42950171	43150171	harbor1	chr19	43017196	43017352	DNA/TcMar-Tigger	712	-	78	43017274	67103
chr19	42950171	43150171	harbor1	chr19	43020194	43020420	DNA/TcMar-Tigger	917	-	113	43020307	70136
chr19	42345833	42545833	harbor1	chr19	42437891	42438084	DNA/TcMar-Tigger	1153	-	96	42437987	92154
chr19	42345833	42545833	harbor1	chr19	42438383	42438410	DNA/TcMar-Tigger	1153	-	14	42438397	92564
chr19	42345833	42545833	harbor1	chr19	42438438	42438561	DNA/TcMar-Tigger	1153	-	62	42438500	92667
chr19	50589266	50789266	harbor1	chr19	50683365	50683883	DNA/TcMar-Tigger	2736	-	259	50683624	94358
chr19	31358035	31558035	harbor1	chr19	31451238	31451428	DNA/TcMar-Tigger	2210	-	95	31451333	93298
chr19	31358035	31558035	harbor1	chr19	31451743	31452049	DNA/TcMar-Tigger	2210	-	153	31451896	93861
chr19	40991912	41191912	harbor1	chr19	41003318	41003530	DNA/TcMar-Tigger	1243	-	106	41003424	11512
chr19	30168394	30368394	harbor1	chr19	30209049	30209660	DNA/TcMar-Tigger	811	-	306	30209355	40961
chr19	30168394	30368394	harbor1	chr19	30220740	30221602	DNA/TcMar-Tigger	4398	-	431	30221171	52777
chr19	49521314	49721314	harbor1	chr19	49568001	49568594	DNA/TcMar-Tigger	2836	-	296	49568297	46983
chr19	8618587	8818587	harbor1	chr19	8623476	8623661	DNA/TcMar-Tigger	1473	-	92	8623568	4981
chr19	8618587	8818587	harbor1	chr19	8624265	8624412	DNA/TcMar-Tigger	1473	-	74	8624339	5752
chr19	8618587	8818587	harbor1	chr19	8626391	8626734	DNA/TcMar-Tigger	1136	-	172	8626563	7976
chr19	8618587	8818587	harbor1	chr19	8627035	8627084	DNA/TcMar-Tigger	1136	-	24	8627059	8472
chr19	8618587	8818587	harbor1	chr19	8667408	8667538	DNA/TcMar-Tigger	1379	-	65	8667473	48886
chr19	8618587	8818587	harbor1	chr19	8667846	8667941	DNA/TcMar-Tigger	1379	-	48	8667894	49307
chr19	8618587	8818587	harbor1	chr19	8668250	8668371	DNA/TcMar-Tigger	1379	-	60	8668310	49723
chr19	5880368	6080368	harbor1	chr19	5888348	5888615	DNA/TcMar-Tigger	1177	-	134	5888482	8114
chr19	9449408	9649408	harbor1	chr19	9532097	9532264	DNA/TcMar-Tigger	1208	-	84	9532181	82773
chr19	9449408	9649408	harbor1	chr19	9532299	9532318	DNA/TcMar-Tigger	1208	-	10	9532309	82901
chr19	9449408	9649408	harbor1	chr19	9532597	9532684	DNA/TcMar-Tigger	1208	-	44	9532641	83233
chr19	15225501	15425501	harbor1	chr19	15305343	15306291	DNA/TcMar-Tigger	7514	-	474	15305817	80316
chr19	15225501	15425501	harbor1	chr19	15306572	15307028	DNA/TcMar-Tigger	7514	-	228	15306800	81299
chr19	40713154	40913154	harbor1	chr19	40738876	40739138	DNA/TcMar-Tigger	1482	-	131	40739007	25853
chr19	35066767	35266767	harbor1	chr19	35164942	35165101	DNA/TcMar-Tigger	1109	-	80	35165022	98255
chr19	35066767	35266767	harbor1	chr19	35165712	35165781	DNA/TcMar-Tigger	1109	-	34	35165746	98979
chr19	42426741	42626741	harbor1	chr19	42437891	42438084	DNA/TcMar-Tigger	1153	-	96	42437987	11246
chr19	42426741	42626741	harbor1	chr19	42438383	42438410	DNA/TcMar-Tigger	1153	-	14	42438397	11656
chr19	42426741	42626741	harbor1	chr19	42438438	42438561	DNA/TcMar-Tigger	1153	-	62	42438500	11759
chr19	43394710	43594710	harbor1	chr19	43493833	43494026	DNA/TcMar-Tigger	1137	-	96	43493929	99219
chr19	43259801	43459801	harbor1	chr19	43260284	43260446	DNA/TcMar-Tigger	770	-	81	43260365	564
chr19	43259801	43459801	harbor1	chr19	43263290	43263521	DNA/TcMar-Tigger	944	-	116	43263406	3605
chr19	43259801	43459801	harbor1	chr19	43298148	43298378	DNA/TcMar-Tigger	1048	-	115	43298263	38462
chr19	34694532	34894532	harbor1	chr19	34719668	34719998	DNA/TcMar-Tigger	1619	-	165	34719833	25301
chr19	52253216	52453216	harbor1	chr19	52327513	52327624	DNA/TcMar-Tigger	2514	-	56	52327569	74353
chr19	52253216	52453216	harbor1	chr19	52327868	52328035	DNA/TcMar-Tigger	2514	-	84	52327952	74736
chr19	52253216	52453216	harbor1	chr19	52328347	52328527	DNA/TcMar-Tigger	2514	-	90	52328437	75221
chr19	41158657	41358657	harbor1	chr19	41227287	41227488	DNA/TcMar-Tigger	2180	-	100	41227387	68730
chr19	41158657	41358657	harbor1	chr19	41227789	41228092	DNA/TcMar-Tigger	2180	-	152	41227941	69284
chr19	42758176	42958176	harbor1	chr19	42759423	42759656	DNA/TcMar-Tigger	956	-	116	42759539	1363
chr19	42758176	42958176	harbor1	chr19	42846440	42846617	DNA/TcMar-Tigger	822	-	88	42846528	88352
chr19	42758176	42958176	harbor1	chr19	42849446	42849679	DNA/TcMar-Tigger	903	-	116	42849562	91386
chr19	16914335	17114335	harbor1	chr19	16917867	16917991	DNA/TcMar-Tigger	1630	-	62	16917929	3594
chr19	16914335	17114335	harbor1	chr19	16918295	16918442	DNA/TcMar-Tigger	1630	-	74	16918369	4034
chr19	16914335	17114335	harbor1	chr19	16918746	16918831	DNA/TcMar-Tigger	1630	-	42	16918788	4453
chr19	56362587	56562587	harbor1	chr19	56370368	56370582	DNA/TcMar-Tigger	1241	-	107	56370475	7888
chr19	56362587	56562587	harbor1	chr19	56443343	56443693	DNA/TcMar-Tigger	1904	-	175	56443518	80931
chr19	57180036	57380036	harbor1	chr19	57216915	57217226	DNA/TcMar-Tigger	1572	-	156	57217071	37035
chr19	53241691	53441691	harbor1	chr19	53252822	53253277	DNA/TcMar-Tigger	2196	-	228	53253050	11359
chr19	38564796	38764796	harbor1	chr19	38655714	38656052	DNA/TcMar-Tigger	1950	-	169	38655883	91087
chr19	51641907	51841907	harbor1	chr19	51685318	51685538	DNA/TcMar-Tigger	1754	-	110	51685428	43521
chr19	51641907	51841907	harbor1	chr19	51685816	51685965	DNA/TcMar-Tigger	1754	-	74	51685890	43983
chr19	51641907	51841907	harbor1	chr19	51737503	51737639	DNA/TcMar-Tigger	1085	-	68	51737571	95664
chr19	51641907	51841907	harbor1	chr19	51737909	51738085	DNA/TcMar-Tigger	1085	-	88	51737997	96090
chr19	6570303	6770303	harbor1	chr19	6594194	6594385	DNA/TcMar-Tigger	939	-	96	6594290	23987
chr19	6570303	6770303	harbor1	chr19	6655667	6655844	DNA/TcMar-Tigger	1260	-	88	6655755	85452
chr19	6570303	6770303	harbor1	chr19	6661758	6661891	DNA/TcMar-Tigger	633	-	66	6661824	91521
chr19	6570303	6770303	harbor1	chr19	6661866	6662043	DNA/TcMar-Tigger	918	-	88	6661954	91651
chr19	6570303	6770303	harbor1	chr19	6662331	6662369	DNA/TcMar-Tigger	918	-	19	6662350	92047
chr19	49352417	49552417	harbor1	chr19	49379046	49379217	DNA/TcMar-Tigger	1035	-	86	49379132	26715
chr19	49352417	49552417	harbor1	chr19	49379519	49379600	DNA/TcMar-Tigger	1035	-	40	49379559	27142
chr19	46561691	46761691	harbor1	chr19	46586435	46586767	DNA/TcMar-Tigger	2082	-	166	46586601	24910
chr19	6756897	6956897	harbor1	chr19	6780339	6780528	DNA/TcMar-Tigger	1110	-	94	6780433	23536
chr19	32584354	32784354	harbor1	chr19	32661666	32661894	DNA/TcMar-Tigger	1163	-	114	32661780	77426
chr19	43008731	43208731	harbor1	chr19	43017196	43017352	DNA/TcMar-Tigger	712	-	78	43017274	8543
chr19	43008731	43208731	harbor1	chr19	43020194	43020420	DNA/TcMar-Tigger	917	-	113	43020307	11576
chr19	43008731	43208731	harbor1	chr19	43073777	43073939	DNA/TcMar-Tigger	833	-	81	43073858	65127
chr19	43008731	43208731	harbor1	chr19	43076772	43076998	DNA/TcMar-Tigger	952	-	113	43076885	68154
chr19	47917667	48117667	harbor1	chr19	48008010	48008158	DNA/TcMar-Tigger	979	-	74	48008084	90417
chr19	47917667	48117667	harbor1	chr19	48015010	48015367	DNA/TcMar-Tigger	2011	-	178	48015188	97521
chr19	15379445	15579445	harbor1	chr19	15382523	15382669	DNA/TcMar-Tigger	801	-	73	15382596	3151
chr19	33784851	33984851	harbor1	chr19	33824158	33824465	DNA/TcMar-Tigger	3173	-	154	33824312	39461
chr19	33784851	33984851	harbor1	chr19	33824765	33825022	DNA/TcMar-Tigger	3173	-	128	33824893	40042
chr19	33784851	33984851	harbor1	chr19	33825662	33825997	DNA/TcMar-Tigger	1942	-	168	33825830	40979
chr19	33784851	33984851	harbor1	chr19	33843212	33843444	DNA/TcMar-Tigger	1289	-	116	33843328	58477
chr19	31392161	31592161	harbor1	chr19	31451238	31451428	DNA/TcMar-Tigger	2210	-	95	31451333	59172
chr19	31392161	31592161	harbor1	chr19	31451743	31452049	DNA/TcMar-Tigger	2210	-	153	31451896	59735
chr19	14581376	14781376	harbor1	chr19	14657590	14657753	DNA/TcMar-Tigger	703	-	82	14657672	76296
chr19	14581376	14781376	harbor1	chr19	14658065	14658150	DNA/TcMar-Tigger	703	-	42	14658107	76731
chr19	38926373	39126373	harbor1	chr19	39017849	39017981	DNA/TcMar-Tigger	763	-	66	39017915	91542
chr19	13757844	13957844	harbor1	chr19	13766886	13767008	DNA/TcMar-Tigger	1067	-	61	13766947	9103
chr19	13757844	13957844	harbor1	chr19	13767347	13767422	DNA/TcMar-Tigger	1067	-	38	13767385	9541
chr19	13757844	13957844	harbor1	chr19	13853486	13853656	DNA/TcMar-Tigger	1072	-	85	13853571	95727
chr19	13757844	13957844	harbor1	chr19	13853962	13854053	DNA/TcMar-Tigger	1072	-	46	13854008	96164
chr19	6080964	6280964	harbor1	chr19	6086235	6086580	DNA/TcMar-Tigger	1978	-	172	6086407	5443
chr19	33998189	34198189	harbor1	chr19	34060612	34060979	DNA/TcMar-Tigger	1883	-	184	34060796	62607
chr19	33998189	34198189	harbor1	chr19	34097885	34098129	DNA/TcMar-Tigger	1075	-	122	34098007	99818
chr19	34733123	34933123	harbor1	chr19	34818398	34818786	DNA/TcMar-Tigger	1967	-	194	34818592	85469
chr19	43201469	43401469	harbor1	chr19	43260284	43260446	DNA/TcMar-Tigger	770	-	81	43260365	58896
chr19	43201469	43401469	harbor1	chr19	43263290	43263521	DNA/TcMar-Tigger	944	-	116	43263406	61937
chr19	43201469	43401469	harbor1	chr19	43298148	43298378	DNA/TcMar-Tigger	1048	-	115	43298263	96794
chr19	31521870	31721870	harbor1	chr19	31522219	31522366	DNA/TcMar-Tigger	727	-	74	31522293	423
chr19	31521870	31721870	harbor1	chr19	31522362	31522529	DNA/TcMar-Tigger	720	-	84	31522446	576
chr19	9288968	9488968	harbor1	chr19	9334215	9334400	DNA/TcMar-Tigger	974	-	92	9334307	45339
chr19	9288968	9488968	harbor1	chr19	9359075	9359175	DNA/TcMar-Tigger	811	-	50	9359125	70157
chr19	9288968	9488968	harbor1	chr19	9359789	9359874	DNA/TcMar-Tigger	811	-	42	9359831	70863
chr19	9288968	9488968	harbor1	chr19	9370191	9370404	DNA/TcMar-Tigger	1453	-	106	9370297	81329
chr19	9288968	9488968	harbor1	chr19	9370722	9370861	DNA/TcMar-Tigger	1453	-	70	9370792	81824
chr19	43442362	43642362	harbor1	chr19	43493833	43494026	DNA/TcMar-Tigger	1137	-	96	43493929	51567
chr19	43442362	43642362	harbor1	chr19	43519747	43519915	DNA/TcMar-Tigger	1076	-	84	43519831	77469
chr19	43442362	43642362	harbor1	chr19	43515894	43516153	DNA/TcMar-Tigger	1304	-	130	43516024	73662
chr19	8639289	8839289	harbor1	chr19	8667408	8667538	DNA/TcMar-Tigger	1379	-	65	8667473	28184
chr19	8639289	8839289	harbor1	chr19	8667846	8667941	DNA/TcMar-Tigger	1379	-	48	8667894	28605
chr19	8639289	8839289	harbor1	chr19	8668250	8668371	DNA/TcMar-Tigger	1379	-	60	8668310	29021
chr19	14416662	14616662	harbor1	chr19	14423210	14423254	DNA/TcMar-Tigger	685	-	22	14423232	6570
chr19	14416662	14616662	harbor1	chr19	14423588	14423681	DNA/TcMar-Tigger	685	-	46	14423634	6972
chr19	2053643	2253643	harbor1	chr19	2122470	2122760	DNA/TcMar-Tigger	800	-	145	2122615	68972
chr19	39420354	39620354	harbor1	chr19	39430840	39431000	DNA/TcMar-Tigger	658	-	80	39430920	10566
chr19	39420354	39620354	harbor1	chr19	39451041	39451187	DNA/TcMar-Tigger	732	-	73	39451114	30760
chr19	39420354	39620354	harbor1	chr19	39451444	39451529	DNA/TcMar-Tigger	732	-	42	39451486	31132
chr19	39420354	39620354	harbor1	chr19	39451832	39451867	DNA/TcMar-Tigger	732	-	18	39451850	31496
chr19	39420354	39620354	harbor1	chr19	39465841	39466056	DNA/TcMar-Tigger	1096	-	108	39465949	45595
chr19	39420354	39620354	harbor1	chr19	39510305	39510554	DNA/TcMar-Tigger	1349	-	124	39510429	90075
chr19	2951870	3151870	harbor1	chr19	2955390	2955483	DNA/TcMar-Tigger	916	-	46	2955436	3566
chr19	2951870	3151870	harbor1	chr19	2956106	2956223	DNA/TcMar-Tigger	916	-	58	2956164	4294
chr19	44773951	44973951	harbor1	chr19	44786100	44786309	DNA/TcMar-Tigger	1296	-	104	44786204	12253
chr19	44773951	44973951	harbor1	chr19	44786625	44786820	DNA/TcMar-Tigger	1296	-	98	44786723	12772
chr19	29938395	30138395	harbor1	chr19	30014139	30014607	DNA/TcMar-Tigger	1304	-	234	30014373	75978
chr19	12648347	12848347	harbor1	chr19	12671356	12671370	DNA/TcMar-Tigger	753	-	7	12671363	23016
chr19	12648347	12848347	harbor1	chr19	12671677	12671702	DNA/TcMar-Tigger	753	-	12	12671689	23342
chr19	12648347	12848347	harbor1	chr19	12671994	12672182	DNA/TcMar-Tigger	753	-	94	12672088	23741
chr19	12648347	12848347	harbor1	chr19	12703984	12704083	DNA/TcMar-Tigger	1661	-	50	12704034	55687
chr19	12648347	12848347	harbor1	chr19	12704375	12704641	DNA/TcMar-Tigger	1661	-	133	12704508	56161
chr19	54249566	54449566	harbor1	chr19	54282259	54282497	DNA/TcMar-Tigger	844	-	119	54282378	32812
chr19	28418004	28618004	harbor1	chr19	28425600	28425780	DNA/TcMar-Tigger	947	-	90	28425690	7686
chr19	28418004	28618004	harbor1	chr19	28425767	28425927	DNA/TcMar-Tigger	704	-	80	28425847	7843
chr19	49692461	49892461	harbor1	chr19	49778142	49778300	DNA/TcMar-Tigger	1382	-	79	49778221	85760
chr19	49692461	49892461	harbor1	chr19	49778601	49778765	DNA/TcMar-Tigger	1382	-	82	49778683	86222
chr19	6023673	6223673	harbor1	chr19	6086235	6086580	DNA/TcMar-Tigger	1978	-	172	6086407	62734
chr19	42004847	42204847	harbor1	chr19	42097135	42097184	DNA/TcMar-Tigger	637	-	24	42097159	92312
chr19	42004847	42204847	harbor1	chr19	42098103	42098131	DNA/TcMar-Tigger	637	-	14	42098117	93270
chr19	42004847	42204847	harbor1	chr19	42098443	42098696	DNA/TcMar-Tigger	637	-	126	42098569	93722
chr19	7477180	7677180	harbor1	chr19	7548522	7548704	DNA/TcMar-Tigger	917	-	91	7548613	71433
chr19	55887288	56087288	harbor1	chr19	55931032	55931423	DNA/TcMar-Tigger	1205	-	196	55931228	43940
chr19	55887288	56087288	harbor1	chr19	55934141	55934625	DNA/TcMar-Tigger	1787	-	242	55934383	47095
chr19	55887288	56087288	harbor1	chr19	55951546	55951753	DNA/TcMar-Tigger	1248	-	104	55951650	64362
chr19	55887288	56087288	harbor1	chr19	55952052	55952173	DNA/TcMar-Tigger	985	-	60	55952112	64824
chr19	5002459	5202459	harbor1	chr19	5042853	5043094	DNA/TcMar-Tigger	1252	-	120	5042973	40514
chr19	6210428	6410428	harbor1	chr19	6247674	6247876	DNA/TcMar-Tigger	1278	-	101	6247775	37347
chr19	6210428	6410428	harbor1	chr19	6248188	6248242	DNA/TcMar-Tigger	1278	-	27	6248215	37787
chr19	6210428	6410428	harbor1	chr19	6250422	6250744	DNA/TcMar-Tigger	1938	-	161	6250583	40155
chr19	6210428	6410428	harbor1	chr19	6265233	6265388	DNA/TcMar-Tigger	850	-	78	6265311	54883
chr19	6210428	6410428	harbor1	chr19	6265687	6265698	DNA/TcMar-Tigger	850	-	6	6265693	55265
chr19	6210428	6410428	harbor1	chr19	6265986	6265999	DNA/TcMar-Tigger	850	-	6	6265992	55564
chr19	6210428	6410428	harbor1	chr19	6266298	6266338	DNA/TcMar-Tigger	850	-	20	6266318	55890
chr19	56370133	56570133	harbor1	chr19	56370368	56370582	DNA/TcMar-Tigger	1241	-	107	56370475	342
chr19	56370133	56570133	harbor1	chr19	56443343	56443693	DNA/TcMar-Tigger	1904	-	175	56443518	73385
chr19	28651332	28851332	harbor1	chr19	28701606	28701724	DNA/TcMar-Tigger	10649	-	59	28701665	50333
chr19	28651332	28851332	harbor1	chr19	28702007	28704140	DNA/TcMar-Tigger	10649	-	1066	28703073	51741
chr19	54840869	55040869	harbor1	chr19	54907503	54907747	DNA/TcMar-Tigger	1099	-	122	54907625	66756
chr19	36324180	36524180	harbor1	chr19	36419256	36419426	DNA/TcMar-Tigger	3373	-	85	36419341	95161
chr19	36324180	36524180	harbor1	chr19	36419741	36420225	DNA/TcMar-Tigger	3373	-	242	36419983	95803
chr19	37397279	37597279	harbor1	chr19	37416428	37416631	DNA/TcMar-Tigger	1118	-	102	37416530	19251
chr19	37397279	37597279	harbor1	chr19	37419340	37419439	DNA/TcMar-Tigger	14456	-	50	37419390	22111
chr19	37397279	37597279	harbor1	chr19	37419735	37419960	DNA/TcMar-Tigger	14456	-	112	37419847	22568
chr19	37397279	37597279	harbor1	chr19	37422050	37422650	DNA/TcMar-Tigger	14456	-	300	37422350	25071
chr19	37397279	37597279	harbor1	chr19	37420287	37421743	DNA/TcMar-Tigger	14456	-	728	37421015	23736
chr19	31486039	31686039	harbor1	chr19	31495535	31495717	DNA/TcMar-Tigger	1724	-	91	31495626	9587
chr19	31486039	31686039	harbor1	chr19	31496010	31496373	DNA/TcMar-Tigger	1724	-	182	31496192	10153
chr19	31486039	31686039	harbor1	chr19	31496674	31496764	DNA/TcMar-Tigger	1724	-	45	31496719	10680
chr19	31486039	31686039	harbor1	chr19	31522219	31522366	DNA/TcMar-Tigger	727	-	74	31522293	36254
chr19	31486039	31686039	harbor1	chr19	31522362	31522529	DNA/TcMar-Tigger	720	-	84	31522446	36407
chr19	28012743	28212743	harbor1	chr19	28065991	28066187	DNA/TcMar-Tigger	659	-	98	28066089	53346
chr19	11736611	11936611	harbor1	chr19	11777874	11778224	DNA/TcMar-Tigger	1620	-	175	11778049	41438
chr19	11736611	11936611	harbor1	chr19	11782308	11782568	DNA/TcMar-Tigger	1160	-	130	11782438	45827
chr19	2056652	2256652	harbor1	chr19	2122470	2122760	DNA/TcMar-Tigger	800	-	145	2122615	65963
chr19	93271	293271	harbor1	chr19	101955	102262	DNA/TcMar-Tigger	1642	-	154	102109	8838
chr19	49526081	49726081	harbor1	chr19	49568001	49568594	DNA/TcMar-Tigger	2836	-	296	49568297	42216
chr19	8977792	9177792	harbor1	chr19	9050910	9051051	DNA/TcMar-Tigger	858	-	70	9050980	73188
chr19	8977792	9177792	harbor1	chr19	9051569	9051706	DNA/TcMar-Tigger	796	-	68	9051637	73845
chr19	11660679	11860679	harbor1	chr19	11682768	11682952	DNA/TcMar-Tigger	696	-	92	11682860	22181
chr19	11660679	11860679	harbor1	chr19	11683736	11683992	DNA/TcMar-Tigger	934	-	128	11683864	23185
chr19	11660679	11860679	harbor1	chr19	11686223	11686469	DNA/TcMar-Tigger	1197	-	123	11686346	25667
chr19	56017306	56217306	harbor1	chr19	56041314	56041666	DNA/TcMar-Tigger	2173	-	176	56041490	24184
chr19	56017306	56217306	harbor1	chr19	56041972	56042234	DNA/TcMar-Tigger	2173	-	131	56042103	24797
chr19	56017306	56217306	harbor1	chr19	56060364	56060562	DNA/TcMar-Tigger	1096	-	99	56060463	43157
chr19	56017306	56217306	harbor1	chr19	56072844	56073213	DNA/TcMar-Tigger	3965	-	184	56073028	55722
chr19	56017306	56217306	harbor1	chr19	56073513	56073582	DNA/TcMar-Tigger	3965	-	34	56073547	56241
chr19	56017306	56217306	harbor1	chr19	56073894	56074255	DNA/TcMar-Tigger	3965	-	180	56074074	56768
chr19	56017306	56217306	harbor1	chr19	56074549	56074624	DNA/TcMar-Tigger	3965	-	38	56074587	57281
chr19	56017306	56217306	harbor1	chr19	56075122	56075320	DNA/TcMar-Tigger	715	-	99	56075221	57915
chr19	5543445	5743445	harbor1	chr19	5628304	5628592	DNA/TcMar-Tigger	1163	-	144	5628448	85003
chr19	13485073	13685073	harbor1	chr19	13501708	13501911	DNA/TcMar-Tigger	811	-	102	13501810	16737
chr19	13485073	13685073	harbor1	chr19	13535467	13535604	DNA/TcMar-Tigger	841	-	68	13535535	50462
chr19	13485073	13685073	harbor1	chr19	13536401	13536616	DNA/TcMar-Tigger	1024	-	108	13536509	51436
chr19	13485073	13685073	harbor1	chr19	13558017	13558234	DNA/TcMar-Tigger	1019	-	108	13558125	73052
chr19	13485073	13685073	harbor1	chr19	13558916	13559113	DNA/TcMar-Tigger	838	-	98	13559014	73941
chr19	14353176	14553176	harbor1	chr19	14423210	14423254	DNA/TcMar-Tigger	685	-	22	14423232	70056
chr19	14353176	14553176	harbor1	chr19	14423588	14423681	DNA/TcMar-Tigger	685	-	46	14423634	70458
chr19	29633896	29833896	harbor1	chr19	29701237	29701580	DNA/TcMar-Tigger	1827	-	172	29701409	67513
chr19	54122449	54322449	harbor1	chr19	54170480	54170608	DNA/TcMar-Tigger	685	-	64	54170544	48095
chr19	35290969	35490969	harbor1	chr19	35353044	35353199	DNA/TcMar-Tigger	4169	-	78	35353122	62153
chr19	35290969	35490969	harbor1	chr19	35353505	35354160	DNA/TcMar-Tigger	4169	-	328	35353833	62864
chr19	35290969	35490969	harbor1	chr19	35354465	35354490	DNA/TcMar-Tigger	4169	-	12	35354477	63508
chr19	35290969	35490969	harbor1	chr19	35354734	35354983	DNA/TcMar-Tigger	1129	-	124	35354858	63889
chr20	32550541	32750541	harbor1	chr20	32551074	32551093	DNA/TcMar-Tigger	554	-	10	32551084	543
chr20	32550541	32750541	harbor1	chr20	32551437	32551498	DNA/TcMar-Tigger	554	-	30	32551467	926
chr20	32550541	32750541	harbor1	chr20	32594674	32594762	DNA/TcMar-Tigger	448	-	44	32594718	44177
chr20	32550541	32750541	harbor1	chr20	32595181	32595259	DNA/TcMar-Tigger	431	-	39	32595220	44679
chr20	37100629	37300629	harbor1	chr20	37104162	37104389	DNA/TcMar-Tigger	2116	-	114	37104276	3647
chr20	37100629	37300629	harbor1	chr20	37104418	37104439	DNA/TcMar-Tigger	2116	-	10	37104428	3799
chr20	37100629	37300629	harbor1	chr20	37104713	37104846	DNA/TcMar-Tigger	2116	-	66	37104779	4150
chr20	37100629	37300629	harbor1	chr20	37145180	37145269	DNA/TcMar-Tigger	452	-	44	37145224	44595
chr20	37100629	37300629	harbor1	chr20	37145572	37146065	DNA/TcMar-Tigger	3279	-	246	37145818	45189
chr20	37100629	37300629	harbor1	chr20	37146860	37146937	DNA/TcMar-Tigger	424	-	38	37146898	46269
chr20	14587768	14787768	harbor1	chr20	14640603	14642981	DNA/TcMar-Tigger	15747	-	1189	14641792	54024
chr20	14587768	14787768	harbor1	chr20	14686170	14686526	DNA/TcMar-Tigger	2127	-	178	14686348	98580
chr20	9510451	9710451	harbor1	chr20	9524626	9524931	DNA/TcMar-Tigger	1134	-	152	9524778	14327
chr20	12831940	13031940	harbor1	chr20	12840745	12840975	DNA/TcMar-Tigger	1148	-	115	12840860	8920
chr20	12831940	13031940	harbor1	chr20	12897287	12897547	DNA/TcMar-Tigger	1505	-	130	12897417	65477
chr20	59911549	60111549	harbor1	chr20	59935944	59936279	DNA/TcMar-Tigger	1463	-	168	59936112	24563
chr20	59911549	60111549	harbor1	chr20	60004248	60004483	DNA/TcMar-Tigger	1983	-	118	60004366	92817
chr20	59911549	60111549	harbor1	chr20	60004796	60004902	DNA/TcMar-Tigger	1983	-	53	60004849	93300
chr20	47896679	48096679	harbor1	chr20	47938114	47938293	DNA/TcMar-Tigger	923	-	90	47938204	41525
chr20	63189484	63389484	harbor1	chr20	63209745	63210221	DNA/TcMar-Tigger	2159	-	238	63209983	20499
chr20	63189484	63389484	harbor1	chr20	63208991	63209487	DNA/TcMar-Tigger	2170	-	248	63209239	19755
chr20	295379	495379	harbor1	chr20	299264	299479	DNA/TcMar-Tigger	795	-	108	299372	3993
chr20	54499841	54699841	harbor1	chr20	54565109	54565430	DNA/TcMar-Tigger	1957	-	160	54565269	65428
chr20	35099396	35299396	harbor1	chr20	35127703	35127790	DNA/TcMar-Tigger	1162	-	44	35127747	28351
chr20	35099396	35299396	harbor1	chr20	35130018	35130075	DNA/TcMar-Tigger	1162	-	28	35130046	30650
chr20	35099396	35299396	harbor1	chr20	35130370	35130483	DNA/TcMar-Tigger	1162	-	56	35130426	31030
chr20	35099396	35299396	harbor1	chr20	35130500	35130533	DNA/TcMar-Tigger	650	-	16	35130516	31120
chr20	35099396	35299396	harbor1	chr20	35130655	35130757	DNA/TcMar-Tigger	650	-	51	35130706	31310
chr20	35099396	35299396	harbor1	chr20	35160494	35160639	DNA/TcMar-Tigger	901	-	72	35160566	61170
chr20	35099396	35299396	harbor1	chr20	35165046	35165317	DNA/TcMar-Tigger	1654	-	136	35165182	65786
chr20	40892260	41092260	harbor1	chr20	40949064	40949323	DNA/TcMar-Tigger	489	-	130	40949194	56934
chr20	40892260	41092260	harbor1	chr20	40988983	40989201	DNA/TcMar-Tigger	1834	-	109	40989092	96832
chr20	40892260	41092260	harbor1	chr20	40989520	40989543	DNA/TcMar-Tigger	1834	-	12	40989532	97272
chr20	40892260	41092260	harbor1	chr20	40989857	40989957	DNA/TcMar-Tigger	1834	-	50	40989907	97647
chr20	16775678	16975678	harbor1	chr20	16795681	16795868	DNA/TcMar-Tigger	878	-	94	16795775	20097
chr20	8219152	8419152	harbor1	chr20	8263518	8264721	DNA/TcMar-Tigger	6974	-	602	8264120	44968
chr20	52274212	52474212	harbor1	chr20	52323875	52324296	DNA/TcMar-Tigger	1074	-	210	52324085	49873
chr20	52274212	52474212	harbor1	chr20	52338552	52338844	DNA/TcMar-Tigger	690	-	146	52338698	64486
chr20	52008519	52208519	harbor1	chr20	52072079	52072323	DNA/TcMar-Tigger	1258	-	122	52072201	63682
chr20	55794425	55994425	harbor1	chr20	55799170	55799505	DNA/TcMar-Tigger	1699	-	168	55799338	4913
chr20	55794425	55994425	harbor1	chr20	55879114	55879446	DNA/TcMar-Tigger	1717	-	166	55879280	84855
chr20	33291219	33491219	harbor1	chr20	33375686	33375876	DNA/TcMar-Tigger	1058	-	95	33375781	84562
chr20	33291219	33491219	harbor1	chr20	33376953	33377053	DNA/TcMar-Tigger	797	-	50	33377003	85784
chr20	33291219	33491219	harbor1	chr20	33377187	33377640	DNA/TcMar-Tigger	6766	-	226	33377413	86194
chr20	33291219	33491219	harbor1	chr20	33377952	33378611	DNA/TcMar-Tigger	6766	-	330	33378282	87063
chr20	16418786	16618786	harbor1	chr20	16436918	16437179	DNA/TcMar-Tigger	1621	-	130	16437048	18262
chr20	16418786	16618786	harbor1	chr20	16437225	16437303	DNA/TcMar-Tigger	401	-	39	16437264	18478
chr20	16418786	16618786	harbor1	chr20	16441983	16442078	DNA/TcMar-Tigger	475	-	48	16442031	23245
chr20	41427017	41627017	harbor1	chr20	41490230	41490530	DNA/TcMar-Tigger	3297	-	150	41490380	63363
chr20	41427017	41627017	harbor1	chr20	41490961	41491390	DNA/TcMar-Tigger	3297	-	214	41491175	64158
chr20	6221885	6421885	harbor1	chr20	6314696	6314837	DNA/TcMar-Tigger	569	-	70	6314766	92881
chr20	6221885	6421885	harbor1	chr20	6314838	6315117	DNA/TcMar-Tigger	1369	-	140	6314978	93093
chr20	53958343	54158343	harbor1	chr20	54021249	54021433	DNA/TcMar-Tigger	982	-	92	54021341	62998
chr20	53958343	54158343	harbor1	chr20	54021939	54022075	DNA/TcMar-Tigger	746	-	68	54022007	63664
chr20	55856912	56056912	harbor1	chr20	55879114	55879446	DNA/TcMar-Tigger	1717	-	166	55879280	22368
chr20	55856912	56056912	harbor1	chr20	55897043	55899152	DNA/TcMar-Tigger	14065	-	1054	55898097	41185
chr20	55856912	56056912	harbor1	chr20	55899443	55899640	DNA/TcMar-Tigger	14065	-	98	55899541	42629
chr20	55856912	56056912	harbor1	chr20	55925158	55925645	DNA/TcMar-Tigger	2950	-	244	55925402	68490
chr20	55856912	56056912	harbor1	chr20	55925956	55926122	DNA/TcMar-Tigger	2950	-	83	55926039	69127
chr20	55856912	56056912	harbor1	chr20	55943035	55943370	DNA/TcMar-Tigger	2017	-	168	55943203	86291
chr20	38160723	38360723	harbor1	chr20	38242437	38242697	DNA/TcMar-Tigger	1381	-	130	38242567	81844
chr20	52379422	52579422	harbor1	chr20	52392638	52392735	DNA/TcMar-Tigger	496	-	48	52392686	13264
chr20	52379422	52579422	harbor1	chr20	52392734	52392983	DNA/TcMar-Tigger	1307	-	124	52392858	13436
chr20	22038090	22238090	harbor1	chr20	22089582	22089824	DNA/TcMar-Tigger	1229	-	121	22089703	51613
chr20	22038090	22238090	harbor1	chr20	22122092	22122270	DNA/TcMar-Tigger	674	-	89	22122181	84091
chr20	54215015	54415015	harbor1	chr20	54228207	54228496	DNA/TcMar-Tigger	1092	-	144	54228351	13336
chr20	54215015	54415015	harbor1	chr20	54260449	54260652	DNA/TcMar-Tigger	1074	-	102	54260551	45536
chr20	54215015	54415015	harbor1	chr20	54301239	54301562	DNA/TcMar-Tigger	1274	-	162	54301401	86386
chr20	52827509	53027509	harbor1	chr20	52842212	52842542	DNA/TcMar-Tigger	1766	-	165	52842377	14868
chr20	52827509	53027509	harbor1	chr20	52869687	52870295	DNA/TcMar-Tigger	3039	-	304	52869991	42482
chr20	52827509	53027509	harbor1	chr20	52901588	52901946	DNA/TcMar-Tigger	2027	-	179	52901767	74258
chr20	13475083	13675083	harbor1	chr20	13554583	13555101	DNA/TcMar-Tigger	6043	-	259	13554842	79759
chr20	13475083	13675083	harbor1	chr20	13555407	13555906	DNA/TcMar-Tigger	6043	-	250	13555657	80574
chr20	53709583	53909583	harbor1	chr20	53804842	53805155	DNA/TcMar-Tigger	713	-	156	53804998	95415
chr20	21489436	21689436	harbor1	chr20	21577425	21578055	DNA/TcMar-Tigger	2916	-	315	21577740	88304
chr20	52133261	52333261	harbor1	chr20	52145238	52145372	DNA/TcMar-Tigger	3570	-	67	52145305	12044
chr20	52133261	52333261	harbor1	chr20	52145664	52146152	DNA/TcMar-Tigger	3570	-	244	52145908	12647
chr20	52133261	52333261	harbor1	chr20	52146146	52146175	DNA/TcMar-Tigger	490	-	14	52146160	12899
chr20	52133261	52333261	harbor1	chr20	52146742	52146824	DNA/TcMar-Tigger	490	-	41	52146783	13522
chr20	52133261	52333261	harbor1	chr20	52199888	52200172	DNA/TcMar-Tigger	1601	-	142	52200030	66769
chr20	52133261	52333261	harbor1	chr20	52209786	52210359	DNA/TcMar-Tigger	3259	-	286	52210072	76811
chr20	52133261	52333261	harbor1	chr20	52210740	52210788	DNA/TcMar-Tigger	3259	-	24	52210764	77503
chr20	52133261	52333261	harbor1	chr20	52199401	52199595	DNA/TcMar-Tigger	1601	-	97	52199498	66237
chr20	38458967	38658967	harbor1	chr20	38476617	38476947	DNA/TcMar-Tigger	2093	-	165	38476782	17815
chr20	38458967	38658967	harbor1	chr20	38481961	38482372	DNA/TcMar-Tigger	2309	-	206	38482167	23200
chr20	38458967	38658967	harbor1	chr20	38529038	38529274	DNA/TcMar-Tigger	4487	-	118	38529156	70189
chr20	38458967	38658967	harbor1	chr20	38529854	38530586	DNA/TcMar-Tigger	4487	-	366	38530220	71253
chr20	38458967	38658967	harbor1	chr20	38530891	38531032	DNA/TcMar-Tigger	4487	-	70	38530961	71994
chr20	38458967	38658967	harbor1	chr20	38557079	38557185	DNA/TcMar-Tigger	460	-	53	38557132	98165
chr20	38458967	38658967	harbor1	chr20	38558000	38558033	DNA/TcMar-Tigger	460	-	16	38558016	99049
chr20	32123577	32323577	harbor1	chr20	32156388	32156605	DNA/TcMar-Tigger	1430	-	108	32156496	32919
chr20	32123577	32323577	harbor1	chr20	32156906	32156919	DNA/TcMar-Tigger	1430	-	6	32156912	33335
chr20	32123577	32323577	harbor1	chr20	32157253	32157323	DNA/TcMar-Tigger	1430	-	35	32157288	33711
chr20	48877355	49077355	harbor1	chr20	48942759	48943361	DNA/TcMar-Tigger	3101	-	301	48943060	65705
chr20	48877355	49077355	harbor1	chr20	48960028	48960483	DNA/TcMar-Tigger	6668	-	228	48960256	82901
chr20	48877355	49077355	harbor1	chr20	48960783	48960799	DNA/TcMar-Tigger	6668	-	8	48960791	83436
chr20	48877355	49077355	harbor1	chr20	48961113	48961581	DNA/TcMar-Tigger	6668	-	234	48961347	83992
chr20	48877355	49077355	harbor1	chr20	48961877	48961897	DNA/TcMar-Tigger	6668	-	10	48961887	84532
chr20	48877355	49077355	harbor1	chr20	48962206	48962470	DNA/TcMar-Tigger	6668	-	132	48962338	84983
chr20	10985608	11185608	harbor1	chr20	11030328	11030685	DNA/TcMar-Tigger	1848	-	178	11030506	44898
chr20	54634082	54834082	harbor1	chr20	54639688	54640277	DNA/TcMar-Tigger	3080	-	294	54639982	5900
chr20	34388387	34588387	harbor1	chr20	34388994	34389156	DNA/TcMar-Tigger	669	-	81	34389075	688
chr20	34388387	34588387	harbor1	chr20	34389318	34389398	DNA/TcMar-Tigger	402	-	40	34389358	971
chr20	17792169	17992169	harbor1	chr20	17850818	17851402	DNA/TcMar-Tigger	15833	-	292	17851110	58941
chr20	17792169	17992169	harbor1	chr20	17851699	17852785	DNA/TcMar-Tigger	15833	-	543	17852242	60073
chr20	17792169	17992169	harbor1	chr20	17853084	17854180	DNA/TcMar-Tigger	15833	-	548	17853632	61463
chr20	24247870	24447870	harbor1	chr20	24270560	24272969	DNA/TcMar-Tigger	14311	-	1204	24271764	23894
chr20	24247870	24447870	harbor1	chr20	24315730	24316027	DNA/TcMar-Tigger	1448	-	148	24315878	68008
chr20	38278937	38478937	harbor1	chr20	38288199	38288338	DNA/TcMar-Tigger	883	-	70	38288269	9332
chr20	38278937	38478937	harbor1	chr20	38358966	38359298	DNA/TcMar-Tigger	715	-	166	38359132	80195
chr20	38278937	38478937	harbor1	chr20	38359610	38359687	DNA/TcMar-Tigger	715	-	38	38359648	80711
chr20	41770379	41970379	harbor1	chr20	41832061	41832479	DNA/TcMar-Tigger	1245	-	209	41832270	61891
chr20	41770379	41970379	harbor1	chr20	41853064	41853162	DNA/TcMar-Tigger	490	-	49	41853113	82734
chr20	4764491	4964491	harbor1	chr20	4788454	4788798	DNA/TcMar-Tigger	2221	-	172	4788626	24135
chr20	4764491	4964491	harbor1	chr20	4824334	4824472	DNA/TcMar-Tigger	575	-	69	4824403	59912
chr20	4764491	4964491	harbor1	chr20	4847712	4847970	DNA/TcMar-Tigger	1298	-	129	4847841	83350
chr20	4764491	4964491	harbor1	chr20	4847983	4848148	DNA/TcMar-Tigger	1032	-	82	4848065	83574
chr20	4764491	4964491	harbor1	chr20	4848505	4848538	DNA/TcMar-Tigger	1032	-	16	4848521	84030
chr20	8532838	8732838	harbor1	chr20	8586243	8586682	DNA/TcMar-Tigger	548	-	220	8586463	53625
chr20	8532838	8732838	harbor1	chr20	8591877	8592339	DNA/TcMar-Tigger	2835	-	231	8592108	59270
chr20	8532838	8732838	harbor1	chr20	8592339	8592770	DNA/TcMar-Tigger	2581	-	216	8592555	59717
chr20	15172802	15372802	harbor1	chr20	15181043	15181312	DNA/TcMar-Tigger	781	-	134	15181177	8375
chr20	15172802	15372802	harbor1	chr20	15255070	15255321	DNA/TcMar-Tigger	444	-	126	15255196	82394
chr20	53491436	53691436	harbor1	chr20	53572979	53573101	DNA/TcMar-Tigger	517	-	61	53573040	81604
chr20	53491436	53691436	harbor1	chr20	53573759	53573789	DNA/TcMar-Tigger	1375	-	15	53573774	82338
chr20	53491436	53691436	harbor1	chr20	53574084	53574288	DNA/TcMar-Tigger	1375	-	102	53574186	82750
chr20	53598138	53798138	harbor1	chr20	53630098	53630250	DNA/TcMar-Tigger	825	-	76	53630174	32036
chr20	52368674	52568674	harbor1	chr20	52392638	52392735	DNA/TcMar-Tigger	496	-	48	52392686	24012
chr20	52368674	52568674	harbor1	chr20	52392734	52392983	DNA/TcMar-Tigger	1307	-	124	52392858	24184
chr21	15538027	15738027	harbor1	chr21	15572097	15572300	DNA/TcMar-Tigger	1277	-	102	15572199	34172
chr21	45696881	45896881	harbor1	chr21	45702403	45703508	DNA/TcMar-Tigger	7146	-	552	45702955	6074
chr21	15699057	15899057	harbor1	chr21	15737775	15738036	DNA/TcMar-Tigger	964	-	130	15737905	38848
chr21	15699057	15899057	harbor1	chr21	15747207	15747302	DNA/TcMar-Tigger	497	-	48	15747255	48198
chr21	15699057	15899057	harbor1	chr21	15747469	15747639	DNA/TcMar-Tigger	629	-	85	15747554	48497
chr21	15699057	15899057	harbor1	chr21	15747637	15747877	DNA/TcMar-Tigger	988	-	120	15747757	48700
chr21	22522653	22722653	harbor1	chr21	22524111	22524257	DNA/TcMar-Tigger	564	-	73	22524184	1531
chr21	22522653	22722653	harbor1	chr21	22524501	22525142	DNA/TcMar-Tigger	1743	-	320	22524821	2168
chr21	22522653	22722653	harbor1	chr21	22577650	22577978	DNA/TcMar-Tigger	1260	-	164	22577814	55161
chr21	22522653	22722653	harbor1	chr21	22614344	22614788	DNA/TcMar-Tigger	2047	-	222	22614566	91913
chr21	36005838	36205838	harbor1	chr21	36061204	36061290	DNA/TcMar-Tigger	1310	-	43	36061247	55409
chr21	36005838	36205838	harbor1	chr21	36061702	36061805	DNA/TcMar-Tigger	1310	-	52	36061754	55916
chr21	37348637	37548637	harbor1	chr21	37407121	37407445	DNA/TcMar-Tigger	1616	-	162	37407283	58646
chr21	37348637	37548637	harbor1	chr21	37414720	37415134	DNA/TcMar-Tigger	835	-	207	37414927	66290
chr21	42874945	43074945	harbor1	chr21	42887448	42887718	DNA/TcMar-Tigger	1244	-	135	42887583	12638
chr21	42874945	43074945	harbor1	chr21	42887952	42888213	DNA/TcMar-Tigger	1044	-	130	42888082	13137
chr21	42874945	43074945	harbor1	chr21	42902739	42903035	DNA/TcMar-Tigger	1600	-	148	42902887	27942
chr21	26046952	26246952	harbor1	chr21	26090159	26090398	DNA/TcMar-Tigger	1335	-	120	26090279	43327
chr21	13179579	13379579	harbor1	chr21	13222098	13222318	DNA/TcMar-Tigger	789	-	110	13222208	42629
chr21	16346567	16546567	harbor1	chr21	16401744	16403336	DNA/TcMar-Tigger	14276	-	796	16402540	55973
chr21	16346567	16546567	harbor1	chr21	16403630	16404662	DNA/TcMar-Tigger	14276	-	516	16404146	57579
chr21	28917077	29117077	harbor1	chr21	29007397	29007702	DNA/TcMar-Tigger	1787	-	152	29007549	90472
chr21	30089444	30289444	harbor1	chr21	30112903	30115269	DNA/TcMar-Tigger	13909	-	1183	30114086	24642
chr21	24459332	24659332	harbor1	chr21	24485100	24485729	DNA/TcMar-Tigger	2789	-	314	24485414	26082
chr21	24459332	24659332	harbor1	chr21	24533428	24534377	DNA/TcMar-Tigger	5530	-	474	24533902	74570
chr21	39405883	39605883	harbor1	chr21	39426443	39426753	DNA/TcMar-Tigger	1005	-	155	39426598	20715
chr21	26760630	26960630	harbor1	chr21	26765593	26765855	DNA/TcMar-Tigger	1756	-	131	26765724	5094
chr21	26760630	26960630	harbor1	chr21	26776997	26777078	DNA/TcMar-Tigger	565	-	40	26777037	16407
chr21	26760630	26960630	harbor1	chr21	26777088	26777606	DNA/TcMar-Tigger	2721	-	259	26777347	16717
chr21	29058413	29258413	harbor1	chr21	29060788	29060976	DNA/TcMar-Tigger	975	-	94	29060882	2469
chr22	44952498	45152498	harbor1	chr22	44962287	44962628	DNA/TcMar-Tigger	1635	-	170	44962457	9959
chr22	44952498	45152498	harbor1	chr22	44968329	44968361	DNA/TcMar-Tigger	1077	-	16	44968345	15847
chr22	44952498	45152498	harbor1	chr22	44968665	44968877	DNA/TcMar-Tigger	1077	-	106	44968771	16273
chr22	44952498	45152498	harbor1	chr22	45015084	45015199	DNA/TcMar-Tigger	776	-	58	45015142	62644
chr22	24972654	25172654	harbor1	chr22	24986273	24986607	DNA/TcMar-Tigger	1823	-	167	24986440	13786
chr22	25798460	25998460	harbor1	chr22	25889892	25890396	DNA/TcMar-Tigger	1254	-	252	25890144	91684
chr22	25798460	25998460	harbor1	chr22	25870203	25870575	DNA/TcMar-Tigger	1992	-	186	25870389	71929
chr22	48834009	49034009	harbor1	chr22	48847455	48848266	DNA/TcMar-Tigger	3881	-	406	48847861	13852
chr22	22875360	23075360	harbor1	chr22	22962918	22963106	DNA/TcMar-Tigger	1249	-	94	22963012	87652
chr22	31630915	31830915	harbor1	chr22	31641155	31641534	DNA/TcMar-Tigger	2047	-	190	31641345	10430
chr22	31630915	31830915	harbor1	chr22	31641846	31641933	DNA/TcMar-Tigger	2047	-	44	31641890	10975
chr22	29186412	29386412	harbor1	chr22	29198493	29198642	DNA/TcMar-Tigger	1138	-	74	29198567	12155
chr22	29186412	29386412	harbor1	chr22	29198939	29199008	DNA/TcMar-Tigger	1138	-	34	29198973	12561
chr22	29186412	29386412	harbor1	chr22	29199149	29199380	DNA/TcMar-Tigger	1313	-	116	29199265	12853
chr22	29186412	29386412	harbor1	chr22	29247350	29247621	DNA/TcMar-Tigger	1572	-	136	29247486	61074
chr22	29186412	29386412	harbor1	chr22	29248260	29248561	DNA/TcMar-Tigger	2022	-	150	29248410	61998
chr22	29186412	29386412	harbor1	chr22	29248863	29248874	DNA/TcMar-Tigger	2022	-	6	29248869	62457
chr22	29186412	29386412	harbor1	chr22	29248873	29248975	DNA/TcMar-Tigger	604	-	51	29248924	62512
chr22	17057474	17257474	harbor1	chr22	17058896	17059133	DNA/TcMar-Tigger	1291	-	118	17059014	1540
chr22	17057474	17257474	harbor1	chr22	17060169	17060274	DNA/TcMar-Tigger	1291	-	52	17060221	2747
chr22	17057474	17257474	harbor1	chr22	17124411	17124716	DNA/TcMar-Tigger	1600	-	152	17124563	67089
chr22	35207759	35407759	harbor1	chr22	35247874	35248192	DNA/TcMar-Tigger	3537	-	159	35248033	40274
chr22	35207759	35407759	harbor1	chr22	35248901	35249057	DNA/TcMar-Tigger	3537	-	78	35248979	41220
chr22	35207759	35407759	harbor1	chr22	35249360	35249451	DNA/TcMar-Tigger	3537	-	46	35249406	41647
chr22	35207759	35407759	harbor1	chr22	35276144	35276538	DNA/TcMar-Tigger	1108	-	197	35276341	68582
chr22	35207759	35407759	harbor1	chr22	35284397	35284758	DNA/TcMar-Tigger	2454	-	180	35284577	76818
chr22	15522096	15722096	harbor1	chr22	15590514	15590741	DNA/TcMar-Tigger	1301	-	114	15590628	68532
chr22	15522096	15722096	harbor1	chr22	15591086	15591195	DNA/TcMar-Tigger	533	-	54	15591140	69044
chr22	15522096	15722096	harbor1	chr22	15607227	15607935	DNA/TcMar-Tigger	9276	-	354	15607581	85485
chr22	15522096	15722096	harbor1	chr22	15608569	15609141	DNA/TcMar-Tigger	9276	-	286	15608855	86759
chr22	15522096	15722096	harbor1	chr22	15609449	15609722	DNA/TcMar-Tigger	9276	-	136	15609585	87489
chr22	24074093	24274093	harbor1	chr22	24111106	24111280	DNA/TcMar-Tigger	1695	-	87	24111193	37100
chr22	24074093	24274093	harbor1	chr22	24111614	24111805	DNA/TcMar-Tigger	1695	-	96	24111710	37617
chr22	24074093	24274093	harbor1	chr22	24122283	24122425	DNA/TcMar-Tigger	1191	-	71	24122354	48261
chr22	24074093	24274093	harbor1	chr22	24122735	24122824	DNA/TcMar-Tigger	1191	-	44	24122779	48686
chr22	45007269	45207269	harbor1	chr22	45015084	45015199	DNA/TcMar-Tigger	776	-	58	45015142	7873
chr22	22178314	22378314	harbor1	chr22	22237850	22237946	DNA/TcMar-Tigger	462	-	48	22237898	59584
chr22	22178314	22378314	harbor1	chr22	22239812	22240010	DNA/TcMar-Tigger	1762	-	99	22239911	61597
chr22	22178314	22378314	harbor1	chr22	22240296	22240523	DNA/TcMar-Tigger	1762	-	114	22240410	62096
chr22	44965786	45165786	harbor1	chr22	44968329	44968361	DNA/TcMar-Tigger	1077	-	16	44968345	2559
chr22	44965786	45165786	harbor1	chr22	44968665	44968877	DNA/TcMar-Tigger	1077	-	106	44968771	2985
chr22	44965786	45165786	harbor1	chr22	45015084	45015199	DNA/TcMar-Tigger	776	-	58	45015142	49356
chr22	41067104	41267104	harbor1	chr22	41099356	41099945	DNA/TcMar-Tigger	3198	-	294	41099650	32546
chr22	41067104	41267104	harbor1	chr22	41100251	41100343	DNA/TcMar-Tigger	3198	-	46	41100297	33193
chr22	41067104	41267104	harbor1	chr22	41133472	41133650	DNA/TcMar-Tigger	686	-	89	41133561	66457
chr22	29139843	29339843	harbor1	chr22	29198493	29198642	DNA/TcMar-Tigger	1138	-	74	29198567	58724
chr22	29139843	29339843	harbor1	chr22	29198939	29199008	DNA/TcMar-Tigger	1138	-	34	29198973	59130
chr22	29139843	29339843	harbor1	chr22	29199149	29199380	DNA/TcMar-Tigger	1313	-	116	29199265	59422
chr22	11831464	12031464	harbor1	chr22	11866175	11866308	DNA/TcMar-Tigger	729	-	66	11866241	34777
chr22	33488232	33688232	harbor1	chr22	33574196	33574493	DNA/TcMar-Tigger	1691	-	148	33574344	86112
chr22	33488232	33688232	harbor1	chr22	33576664	33577005	DNA/TcMar-Tigger	1714	-	170	33576834	88602
chr22	30590009	30790009	harbor1	chr22	30686333	30686860	DNA/TcMar-Tigger	3142	-	264	30686597	96588
chr22	30590009	30790009	harbor1	chr22	30687151	30687212	DNA/TcMar-Tigger	3142	-	30	30687181	97172
chr22	30590009	30790009	harbor1	chr22	30687213	30687482	DNA/TcMar-Tigger	1597	-	134	30687347	97338
chr22	25698935	25898935	harbor1	chr22	25738395	25738728	DNA/TcMar-Tigger	1854	-	166	25738561	39626
chr22	31102681	31302681	harbor1	chr22	31146722	31146957	DNA/TcMar-Tigger	1586	-	118	31146840	44159
chr22	42583743	42783743	harbor1	chr22	42590483	42590637	DNA/TcMar-Tigger	717	-	77	42590560	6817
chr22	42583743	42783743	harbor1	chr22	42592978	42593179	DNA/TcMar-Tigger	1182	-	100	42593078	9335
chr22	41343391	41543391	harbor1	chr22	41373288	41373472	DNA/TcMar-Tigger	1880	-	92	41373380	29989
chr22	41343391	41543391	harbor1	chr22	41374062	41374123	DNA/TcMar-Tigger	1880	-	30	41374092	30701
chr22	41343391	41543391	harbor1	chr22	41374738	41374932	DNA/TcMar-Tigger	1880	-	97	41374835	31444
chr22	34654208	34854208	harbor1	chr22	34657943	34658401	DNA/TcMar-Tigger	5531	-	229	34658172	3964
chr22	34654208	34854208	harbor1	chr22	34658709	34658909	DNA/TcMar-Tigger	5531	-	100	34658809	4601
chr22	34654208	34854208	harbor1	chr22	34659193	34659406	DNA/TcMar-Tigger	5531	-	106	34659299	5091
chr22	34654208	34854208	harbor1	chr22	34661080	34661665	DNA/TcMar-Tigger	13003	-	292	34661372	7164
chr22	34654208	34854208	harbor1	chr22	34661920	34663502	DNA/TcMar-Tigger	13003	-	791	34662711	8503
chr22	28916431	29116431	harbor1	chr22	28921911	28922226	DNA/TcMar-Tigger	1862	-	158	28922069	5638
chr22	28916431	29116431	harbor1	chr22	28929732	28930386	DNA/TcMar-Tigger	448	-	327	28930059	13628
chr22	28916431	29116431	harbor1	chr22	28981492	28981715	DNA/TcMar-Tigger	912	-	112	28981604	65173
chr22	28916431	29116431	harbor1	chr22	28982003	28982242	DNA/TcMar-Tigger	912	-	120	28982123	65692
chr22	28916431	29116431	harbor1	chr22	28987509	28987856	DNA/TcMar-Tigger	1042	-	174	28987683	71252
chr22	38178953	38378953	harbor1	chr22	38258234	38258300	DNA/TcMar-Tigger	862	-	33	38258267	79314
chr22	38178953	38378953	harbor1	chr22	38258600	38258874	DNA/TcMar-Tigger	862	-	137	38258737	79784
chr22	12703536	12903536	harbor1	chr22	12790940	12791148	DNA/TcMar-Tigger	1151	-	104	12791044	87508
chr22	16657817	16857817	harbor1	chr22	16730881	16731127	DNA/TcMar-Tigger	469	-	123	16731004	73187
chr22	25881652	26081652	harbor1	chr22	25889892	25890396	DNA/TcMar-Tigger	1254	-	252	25890144	8492
chr22	25881652	26081652	harbor1	chr22	25915226	25915570	DNA/TcMar-Tigger	2197	-	172	25915398	33746
chr22	34650226	34850226	harbor1	chr22	34657943	34658401	DNA/TcMar-Tigger	5531	-	229	34658172	7946
chr22	34650226	34850226	harbor1	chr22	34658709	34658909	DNA/TcMar-Tigger	5531	-	100	34658809	8583
chr22	34650226	34850226	harbor1	chr22	34659193	34659406	DNA/TcMar-Tigger	5531	-	106	34659299	9073
chr22	34650226	34850226	harbor1	chr22	34661080	34661665	DNA/TcMar-Tigger	13003	-	292	34661372	11146
chr22	34650226	34850226	harbor1	chr22	34661920	34663502	DNA/TcMar-Tigger	13003	-	791	34662711	12485
chr22	46860591	47060591	harbor1	chr22	46940181	46940331	DNA/TcMar-Tigger	893	-	75	46940256	79665
chr22	46860591	47060591	harbor1	chr22	46939982	46940191	DNA/TcMar-Tigger	1131	-	104	46940086	79495
chr22	50585978	50785978	harbor1	chr22	50615819	50615928	DNA/TcMar-Tigger	622	-	54	50615873	29895
chr22	50585978	50785978	harbor1	chr22	50616047	50616057	DNA/TcMar-Tigger	622	-	5	50616052	30074
chr22	50585978	50785978	harbor1	chr22	50617414	50617720	DNA/TcMar-Tigger	2361	-	153	50617567	31589
chr22	50585978	50785978	harbor1	chr22	50618018	50618106	DNA/TcMar-Tigger	2361	-	44	50618062	32084
chr22	50585978	50785978	harbor1	chr22	50618259	50618519	DNA/TcMar-Tigger	1377	-	130	50618389	32411
chr22	50585978	50785978	harbor1	chr22	50618821	50618979	DNA/TcMar-Tigger	3137	-	79	50618900	32922
chr22	50585978	50785978	harbor1	chr22	50619278	50619626	DNA/TcMar-Tigger	3137	-	174	50619452	33474
chr22	16649737	16849737	harbor1	chr22	16650246	16650574	DNA/TcMar-Tigger	1647	-	164	16650410	673
chr22	16649737	16849737	harbor1	chr22	16730881	16731127	DNA/TcMar-Tigger	469	-	123	16731004	81267
chrX	104453727	104653727	harbor1	chrX	104495984	104496326	DNA/TcMar-Tigger	1510	-	171	104496155	42428
chrX	83312689	83512689	harbor1	chrX	83328301	83328581	DNA/TcMar-Tigger	528	-	140	83328441	15752
chrX	96090398	96290398	harbor1	chrX	96135184	96135511	DNA/TcMar-Tigger	1949	-	164	96135348	44950
chrX	114785578	114985578	harbor1	chrX	114827062	114827289	DNA/TcMar-Tigger	1342	-	114	114827176	41598
chrX	120441822	120641822	harbor1	chrX	120459793	120459997	DNA/TcMar-Tigger	1328	-	102	120459895	18073
chrX	120441822	120641822	harbor1	chrX	120460292	120460407	DNA/TcMar-Tigger	678	-	58	120460350	18528
chrX	120441822	120641822	harbor1	chrX	120527378	120527420	DNA/TcMar-Tigger	1614	-	21	120527399	85577
chrX	120441822	120641822	harbor1	chrX	120527556	120527829	DNA/TcMar-Tigger	1614	-	136	120527692	85870
chrX	70886401	71086401	harbor1	chrX	70901353	70901435	DNA/TcMar-Tigger	7916	-	41	70901394	14993
chrX	70886401	71086401	harbor1	chrX	70901764	70901967	DNA/TcMar-Tigger	7916	-	102	70901866	15465
chrX	70886401	71086401	harbor1	chrX	70902254	70902520	DNA/TcMar-Tigger	7916	-	133	70902387	15986
chrX	70886401	71086401	harbor1	chrX	70902807	70903531	DNA/TcMar-Tigger	7916	-	362	70903169	16768
chrX	70886401	71086401	harbor1	chrX	70906957	70907167	DNA/TcMar-Tigger	905	-	105	70907062	20661
chrX	141870043	142070043	harbor1	chrX	141944962	141945229	DNA/TcMar-Tigger	2664	-	134	141945096	75053
chrX	141870043	142070043	harbor1	chrX	141945535	141945834	DNA/TcMar-Tigger	2664	-	150	141945685	75642
chrX	12236283	12436283	harbor1	chrX	12242352	12242667	DNA/TcMar-Tigger	994	-	158	12242510	6227
chrX	12236283	12436283	harbor1	chrX	12243313	12243547	DNA/TcMar-Tigger	709	-	117	12243430	7147
chrX	12236283	12436283	harbor1	chrX	12266851	12267188	DNA/TcMar-Tigger	1332	-	168	12267019	30736
chrX	77439260	77639260	harbor1	chrX	77480495	77480818	DNA/TcMar-Tigger	5852	-	162	77480657	41397
chrX	77439260	77639260	harbor1	chrX	77479476	77480201	DNA/TcMar-Tigger	5852	-	362	77479838	40578
chrX	154546018	154746018	harbor1	chrX	154577992	154578372	DNA/TcMar-Tigger	1908	-	190	154578182	32164
chrX	83114404	83314404	harbor1	chrX	83116430	83116753	DNA/TcMar-Tigger	11960	-	162	83116592	2188
chrX	83114404	83314404	harbor1	chrX	83117228	83119089	DNA/TcMar-Tigger	11960	-	930	83118158	3754
chrX	83114404	83314404	harbor1	chrX	83135137	83135491	DNA/TcMar-Tigger	1434	-	177	83135314	20910
chrX	83114404	83314404	harbor1	chrX	83135499	83135569	DNA/TcMar-Tigger	521	-	35	83135534	21130
chrX	3494403	3694403	harbor1	chrX	3530846	3531151	DNA/TcMar-Tigger	1986	-	152	3530998	36595
