H_chr	H_start	H_end	Harbor	TE_chr	TE_start	TE_end	TE	score	TE_strand	TE_half	TE_middle_pos	TE_dis
chr1	103708441	103908441	harbor1	chr1	103740190	103740371	DNA/TcMar-Tigger	829	+	90	103740280	31839
chr1	103708441	103908441	harbor1	chr1	103740438	103740715	DNA/TcMar-Tigger	997	+	138	103740576	32135
chr1	103708441	103908441	harbor1	chr1	103775718	103775858	DNA/TcMar-Tigger	835	+	70	103775788	67347
chr1	234473588	234673588	harbor1	chr1	234549055	234549478	DNA/TcMar-Tigger	2311	+	212	234549267	75679
chr1	28686527	28886527	harbor1	chr1	28700870	28701121	DNA/TcMar-Tigger	1165	+	126	28700996	14469
chr1	28686527	28886527	harbor1	chr1	28755716	28755929	DNA/TcMar-Tigger	1109	+	106	28755822	69295
chr1	232034265	232234265	harbor1	chr1	232064394	232064762	DNA/TcMar-Tigger	780	+	184	232064578	30313
chr1	232034265	232234265	harbor1	chr1	232113983	232114587	DNA/TcMar-Tigger	3467	+	302	232114285	80020
chr1	244268148	244468148	harbor1	chr1	244330604	244330935	DNA/TcMar-Tigger	1286	+	166	244330770	62622
chr1	244268148	244468148	harbor1	chr1	244335473	244335857	DNA/TcMar-Tigger	1968	+	192	244335665	67517
chr1	244268148	244468148	harbor1	chr1	244336129	244336369	DNA/TcMar-Tigger	647	+	120	244336249	68101
chr1	182089820	182289820	harbor1	chr1	182150533	182151517	DNA/TcMar-Tigger	5444	+	492	182151025	61205
chr1	222698793	222898793	harbor1	chr1	222777897	222778232	DNA/TcMar-Tigger	2139	+	168	222778065	79272
chr1	150352413	150552413	harbor1	chr1	150405670	150406327	DNA/TcMar-Tigger	3845	+	328	150405998	53585
chr1	150352413	150552413	harbor1	chr1	150423623	150423788	DNA/TcMar-Tigger	979	+	82	150423705	71292
chr1	150352413	150552413	harbor1	chr1	150434937	150436315	DNA/TcMar-Tigger	8451	+	689	150435626	83213
chr1	150352413	150552413	harbor1	chr1	150437056	150437213	DNA/TcMar-Tigger	1147	+	78	150437134	84721
chr1	150352413	150552413	harbor1	chr1	150437393	150437573	DNA/TcMar-Tigger	1086	+	90	150437483	85070
chr1	94585470	94785470	harbor1	chr1	94680726	94681203	DNA/TcMar-Tigger	1270	+	238	94680964	95494
chr1	94585470	94785470	harbor1	chr1	94681502	94681556	DNA/TcMar-Tigger	1270	+	27	94681529	96059
chr1	181147469	181347469	harbor1	chr1	181196569	181196895	DNA/TcMar-Tigger	1261	+	163	181196732	49263
chr1	203560383	203760383	harbor1	chr1	203605724	203605802	DNA/TcMar-Tigger	412	+	39	203605763	45380
chr1	203560383	203760383	harbor1	chr1	203606057	203606316	DNA/TcMar-Tigger	1545	+	130	203606187	45804
chr1	203560383	203760383	harbor1	chr1	203653856	203653960	DNA/TcMar-Tigger	12963	+	52	203653908	93525
chr1	203560383	203760383	harbor1	chr1	203654284	203654607	DNA/TcMar-Tigger	12963	+	162	203654446	94063
chr1	203560383	203760383	harbor1	chr1	203654916	203655363	DNA/TcMar-Tigger	12963	+	224	203655140	94757
chr1	203560383	203760383	harbor1	chr1	203655676	203655899	DNA/TcMar-Tigger	12963	+	112	203655788	95405
chr1	203560383	203760383	harbor1	chr1	203657997	203658202	DNA/TcMar-Tigger	844	+	102	203658099	97716
chr1	203560383	203760383	harbor1	chr1	203652493	203653638	DNA/TcMar-Tigger	12963	+	572	203653065	92682
chr1	12798687	12998687	harbor1	chr1	12808359	12808632	DNA/TcMar-Tigger	1219	+	136	12808495	9808
chr1	12798687	12998687	harbor1	chr1	12808927	12809062	DNA/TcMar-Tigger	1219	+	68	12808995	10308
chr1	50085083	50285083	harbor1	chr1	50121687	50121881	DNA/TcMar-Tigger	410	+	97	50121784	36701
chr1	50085083	50285083	harbor1	chr1	50180220	50180428	DNA/TcMar-Tigger	1250	+	104	50180324	95241
chr1	105798872	105998872	harbor1	chr1	105819146	105819343	DNA/TcMar-Tigger	1142	+	98	105819244	20372
chr1	215718321	215918321	harbor1	chr1	215746046	215746839	DNA/TcMar-Tigger	3808	+	396	215746442	28121
chr1	215718321	215918321	harbor1	chr1	215779410	215779713	DNA/TcMar-Tigger	768	+	152	215779562	61241
chr1	215718321	215918321	harbor1	chr1	215796212	215796860	DNA/TcMar-Tigger	3739	+	324	215796536	78215
chr1	215718321	215918321	harbor1	chr1	215797055	215798258	DNA/TcMar-Tigger	7972	+	602	215797657	79336
chr1	215718321	215918321	harbor1	chr1	215817823	215818257	DNA/TcMar-Tigger	2443	+	217	215818040	99719
chr1	116082008	116282008	harbor1	chr1	116126773	116127100	DNA/TcMar-Tigger	2099	+	164	116126937	44929
chr1	13675368	13875368	harbor1	chr1	13682690	13683031	DNA/TcMar-Tigger	1721	+	170	13682860	7492
chr1	13675368	13875368	harbor1	chr1	13685401	13685538	DNA/TcMar-Tigger	851	+	68	13685469	10101
chr1	176134461	176334461	harbor1	chr1	176188522	176188809	DNA/TcMar-Tigger	1502	+	144	176188666	54205
chr1	176134461	176334461	harbor1	chr1	176201013	176201264	DNA/TcMar-Tigger	1244	+	126	176201139	66678
chr1	176134461	176334461	harbor1	chr1	176201511	176202037	DNA/TcMar-Tigger	685	+	263	176201774	67313
chr1	176134461	176334461	harbor1	chr1	176218159	176218369	DNA/TcMar-Tigger	1119	+	105	176218264	83803
chr1	176134461	176334461	harbor1	chr1	176218730	176218753	DNA/TcMar-Tigger	1119	+	12	176218742	84281
chr1	176134461	176334461	harbor1	chr1	176227297	176227449	DNA/TcMar-Tigger	864	+	76	176227373	92912
chr1	230352990	230552990	harbor1	chr1	230356476	230356606	DNA/TcMar-Tigger	444	+	65	230356541	3551
chr1	230352990	230552990	harbor1	chr1	230358595	230358932	DNA/TcMar-Tigger	2014	+	168	230358763	5773
chr1	230352990	230552990	harbor1	chr1	230405236	230405641	DNA/TcMar-Tigger	2314	+	202	230405438	52448
chr1	208001267	208201267	harbor1	chr1	208066409	208067062	DNA/TcMar-Tigger	6609	+	326	208066735	65468
chr1	208001267	208201267	harbor1	chr1	208067361	208067822	DNA/TcMar-Tigger	6609	+	230	208067591	66324
chr1	197582611	197782611	harbor1	chr1	197679317	197679567	DNA/TcMar-Tigger	925	+	125	197679442	96831
chr1	239265468	239465468	harbor1	chr1	239305106	239305383	DNA/TcMar-Tigger	630	+	138	239305244	39776
chr1	87353233	87553233	harbor1	chr1	87390875	87390908	DNA/TcMar-Tigger	1479	+	16	87390891	37658
chr1	87353233	87553233	harbor1	chr1	87391215	87391528	DNA/TcMar-Tigger	1479	+	156	87391371	38138
chr1	87353233	87553233	harbor1	chr1	87405344	87405412	DNA/TcMar-Tigger	426	+	34	87405378	52145
chr1	87353233	87553233	harbor1	chr1	87405397	87405590	DNA/TcMar-Tigger	2354	+	96	87405493	52260
chr1	87353233	87553233	harbor1	chr1	87405938	87406151	DNA/TcMar-Tigger	2354	+	106	87406044	52811
chr1	87353233	87553233	harbor1	chr1	87406449	87406510	DNA/TcMar-Tigger	2354	+	30	87406479	53246
chr1	57087097	57287097	harbor1	chr1	57132472	57132711	DNA/TcMar-Tigger	1502	+	120	57132592	45495
chr1	57087097	57287097	harbor1	chr1	57173259	57173598	DNA/TcMar-Tigger	2259	+	170	57173429	86332
chr1	57087097	57287097	harbor1	chr1	57174792	57175372	DNA/TcMar-Tigger	872	+	290	57175082	87985
chr1	43567312	43767312	harbor1	chr1	43632656	43632726	DNA/TcMar-Tigger	455	+	35	43632691	65379
chr1	43567312	43767312	harbor1	chr1	43633239	43633495	DNA/TcMar-Tigger	1639	+	128	43633367	66055
chr1	32165623	32365623	harbor1	chr1	32236065	32236351	DNA/TcMar-Tigger	1712	+	143	32236208	70585
chr1	32165623	32365623	harbor1	chr1	32236349	32236497	DNA/TcMar-Tigger	899	+	74	32236423	70800
chr1	32165623	32365623	harbor1	chr1	32237900	32237982	DNA/TcMar-Tigger	872	+	41	32237941	72318
chr1	32165623	32365623	harbor1	chr1	32238610	32238626	DNA/TcMar-Tigger	872	+	8	32238618	72995
chr1	32165623	32365623	harbor1	chr1	32239000	32239137	DNA/TcMar-Tigger	872	+	68	32239068	73445
chr1	190839266	191039266	harbor1	chr1	190903601	190904627	DNA/TcMar-Tigger	4793	+	513	190904114	64848
chr1	38246	238246	harbor1	chr1	80712	80804	DNA/TcMar-Tigger	1018	+	46	80758	42512
chr1	38246	238246	harbor1	chr1	81097	81231	DNA/TcMar-Tigger	1018	+	67	81164	42918
chr1	38246	238246	harbor1	chr1	81232	81691	DNA/TcMar-Tigger	2382	+	230	81462	43216
chr1	243422589	243622589	harbor1	chr1	243428435	243429480	DNA/TcMar-Tigger	6313	+	522	243428957	6368
chr1	243422589	243622589	harbor1	chr1	243435553	243435697	DNA/TcMar-Tigger	511	+	72	243435625	13036
chr1	51095933	51295933	harbor1	chr1	51170177	51170572	DNA/TcMar-Tigger	1835	+	198	51170375	74442
chr1	184683952	184883952	harbor1	chr1	184740314	184741115	DNA/TcMar-Tigger	4396	+	400	184740714	56762
chr1	184683952	184883952	harbor1	chr1	184741429	184741574	DNA/TcMar-Tigger	4396	+	72	184741501	57549
chr1	184683952	184883952	harbor1	chr1	184772738	184772882	DNA/TcMar-Tigger	581	+	72	184772810	88858
chr1	184683952	184883952	harbor1	chr1	184772884	184773068	DNA/TcMar-Tigger	572	+	92	184772976	89024
chr1	53608248	53808248	harbor1	chr1	53648971	53649990	DNA/TcMar-Tigger	5999	+	510	53649481	41233
chr1	53608248	53808248	harbor1	chr1	53668255	53668367	DNA/TcMar-Tigger	1630	+	56	53668311	60063
chr1	53608248	53808248	harbor1	chr1	53668661	53668877	DNA/TcMar-Tigger	1630	+	108	53668769	60521
chr1	90117123	90317123	harbor1	chr1	90182632	90182827	DNA/TcMar-Tigger	554	+	98	90182730	65607
chr1	186598105	186798105	harbor1	chr1	186692826	186694073	DNA/TcMar-Tigger	15694	+	624	186693450	95345
chr1	186598105	186798105	harbor1	chr1	186694353	186695478	DNA/TcMar-Tigger	15694	+	562	186694915	96810
chr1	186598105	186798105	harbor1	chr1	186695785	186696144	DNA/TcMar-Tigger	15694	+	180	186695965	97860
chr1	160259693	160459693	harbor1	chr1	160301236	160301452	DNA/TcMar-Tigger	1096	+	108	160301344	41651
chr1	18254878	18454878	harbor1	chr1	18265007	18265390	DNA/TcMar-Tigger	720	+	192	18265199	10321
chr1	18254878	18454878	harbor1	chr1	18326400	18326593	DNA/TcMar-Tigger	544	+	96	18326496	71618
chr1	50482160	50682160	harbor1	chr1	50528653	50528719	DNA/TcMar-Tigger	421	+	33	50528686	46526
chr1	50482160	50682160	harbor1	chr1	50528712	50529142	DNA/TcMar-Tigger	2507	+	215	50528927	46767
chr1	50482160	50682160	harbor1	chr1	50562855	50563156	DNA/TcMar-Tigger	2010	+	150	50563005	80845
chr1	70933892	71133892	harbor1	chr1	70953017	70953345	DNA/TcMar-Tigger	1140	+	164	70953181	19289
chr1	248431237	248631237	harbor1	chr1	248447826	248448515	DNA/TcMar-Tigger	1744	+	344	248448170	16933
chr1	248431237	248631237	harbor1	chr1	248470134	248470366	DNA/TcMar-Tigger	1280	+	116	248470250	39013
chr1	202402460	202602460	harbor1	chr1	202407828	202408149	DNA/TcMar-Tigger	1513	+	160	202407988	5528
chr1	172112720	172312720	harbor1	chr1	172157538	172157887	DNA/TcMar-Tigger	1940	+	174	172157712	44992
chr1	172112720	172312720	harbor1	chr1	172177165	172177497	DNA/TcMar-Tigger	1925	+	166	172177331	64611
chr1	31393087	31593087	harbor1	chr1	31481943	31482248	DNA/TcMar-Tigger	1396	+	152	31482095	89008
chr1	215658779	215858779	harbor1	chr1	215672538	215672829	DNA/TcMar-Tigger	530	+	146	215672684	13905
chr1	215658779	215858779	harbor1	chr1	215746046	215746839	DNA/TcMar-Tigger	3808	+	396	215746442	87663
chr1	88548172	88748172	harbor1	chr1	88644076	88644482	DNA/TcMar-Tigger	1535	+	203	88644279	96107
chr1	88548172	88748172	harbor1	chr1	88644764	88645017	DNA/TcMar-Tigger	1535	+	126	88644890	96718
chr1	166995668	167195668	harbor1	chr1	166998687	167000000	DNA/TcMar-Tigger	8921	+	656	166999343	3675
chr1	166995668	167195668	harbor1	chr1	167000001	167000795	DNA/TcMar-Tigger	5557	+	397	167000398	4730
chr1	166995668	167195668	harbor1	chr1	167001419	167001687	DNA/TcMar-Tigger	5557	+	134	167001553	5885
chr1	166995668	167195668	harbor1	chr1	167049175	167049431	DNA/TcMar-Tigger	666	+	128	167049303	53635
chr1	21172560	21372560	harbor1	chr1	21211463	21211893	DNA/TcMar-Tigger	2790	+	215	21211678	39118
chr1	21172560	21372560	harbor1	chr1	21212178	21212221	DNA/TcMar-Tigger	2790	+	22	21212200	39640
chr1	21172560	21372560	harbor1	chr1	21250280	21250405	DNA/TcMar-Tigger	507	+	62	21250342	77782
chr1	164953409	165153409	harbor1	chr1	164987881	164988320	DNA/TcMar-Tigger	1693	+	220	164988101	34692
chr1	3300137	3500137	harbor1	chr1	3341582	3341990	DNA/TcMar-Tigger	1757	+	204	3341786	41649
chr1	147613982	147813982	harbor1	chr1	147656769	147657094	DNA/TcMar-Tigger	1200	+	162	147656931	42949
chr1	147613982	147813982	harbor1	chr1	147660939	147661136	DNA/TcMar-Tigger	1194	+	98	147661037	47055
chr1	147613982	147813982	harbor1	chr1	147661373	147661819	DNA/TcMar-Tigger	3132	+	223	147661596	47614
chr1	147613982	147813982	harbor1	chr1	147661817	147663226	DNA/TcMar-Tigger	9629	+	704	147662521	48539
chr1	195780808	195980808	harbor1	chr1	195823515	195823663	DNA/TcMar-Tigger	459	+	74	195823589	42781
chr1	195780808	195980808	harbor1	chr1	195823706	195823951	DNA/TcMar-Tigger	1429	+	122	195823828	43020
chr1	40176712	40376712	harbor1	chr1	40252623	40252921	DNA/TcMar-Tigger	596	+	149	40252772	76060
chr1	40176712	40376712	harbor1	chr1	40253191	40253299	DNA/TcMar-Tigger	596	+	54	40253245	76533
chr1	148079546	148279546	harbor1	chr1	148085198	148085513	DNA/TcMar-Tigger	1016	+	158	148085356	5810
chr1	196966759	197166759	harbor1	chr1	197002889	197003021	DNA/TcMar-Tigger	957	+	66	197002955	36196
chr1	196966759	197166759	harbor1	chr1	197003346	197003512	DNA/TcMar-Tigger	890	+	83	197003429	36670
chr1	88781685	88981685	harbor1	chr1	88869040	88869341	DNA/TcMar-Tigger	1543	+	150	88869190	87505
chr1	88781685	88981685	harbor1	chr1	88880441	88880557	DNA/TcMar-Tigger	487	+	58	88880499	98814
chr1	88781685	88981685	harbor1	chr1	88881189	88881407	DNA/TcMar-Tigger	1201	+	109	88881298	99613
chr1	71611143	71811143	harbor1	chr1	71625313	71625631	DNA/TcMar-Tigger	1208	+	159	71625472	14329
chr1	86107127	86307127	harbor1	chr1	86152242	86152586	DNA/TcMar-Tigger	2082	+	172	86152414	45287
chr1	195929356	196129356	harbor1	chr1	196014502	196014839	DNA/TcMar-Tigger	1129	+	168	196014670	85314
chr1	50312631	50512631	harbor1	chr1	50330237	50330710	DNA/TcMar-Tigger	1475	+	236	50330473	17842
chr1	50312631	50512631	harbor1	chr1	50355230	50356573	DNA/TcMar-Tigger	9701	+	672	50355902	43271
chr1	50312631	50512631	harbor1	chr1	50400439	50400767	DNA/TcMar-Tigger	2132	+	164	50400603	87972
chr1	93511514	93711514	harbor1	chr1	93580444	93580770	DNA/TcMar-Tigger	1844	+	163	93580607	69093
chr1	93511514	93711514	harbor1	chr1	93594973	93595732	DNA/TcMar-Tigger	947	+	380	93595353	83839
chr1	118485714	118685714	harbor1	chr1	118582236	118582425	DNA/TcMar-Tigger	785	+	94	118582330	96616
chr1	88994811	89194811	harbor1	chr1	89093018	89093116	DNA/TcMar-Tigger	1465	+	49	89093067	98256
chr1	88994811	89194811	harbor1	chr1	89093391	89093621	DNA/TcMar-Tigger	1465	+	115	89093506	98695
chr1	154830364	155030364	harbor1	chr1	154854629	154854713	DNA/TcMar-Tigger	401	+	42	154854671	24307
chr1	154830364	155030364	harbor1	chr1	154854711	154854935	DNA/TcMar-Tigger	3536	+	112	154854823	24459
chr1	154830364	155030364	harbor1	chr1	154855250	154855710	DNA/TcMar-Tigger	3536	+	230	154855480	25116
chr1	165787383	165987383	harbor1	chr1	165863363	165863589	DNA/TcMar-Tigger	481	+	113	165863476	76093
chr1	165787383	165987383	harbor1	chr1	165876182	165876368	DNA/TcMar-Tigger	495	+	93	165876275	88892
chr1	216654338	216854338	harbor1	chr1	216665035	216665351	DNA/TcMar-Tigger	1775	+	158	216665193	10855
chr1	216654338	216854338	harbor1	chr1	216689041	216689205	DNA/TcMar-Tigger	626	+	82	216689123	34785
chr1	216654338	216854338	harbor1	chr1	216691806	216692307	DNA/TcMar-Tigger	6356	+	250	216692056	37718
chr1	216654338	216854338	harbor1	chr1	216692348	216693005	DNA/TcMar-Tigger	6356	+	328	216692676	38338
chr1	110937911	111137911	harbor1	chr1	110967290	110967797	DNA/TcMar-Tigger	2631	+	254	110967544	29633
chr1	110937911	111137911	harbor1	chr1	110972128	110972224	DNA/TcMar-Tigger	500	+	48	110972176	34265
chr1	110937911	111137911	harbor1	chr1	110972430	110972685	DNA/TcMar-Tigger	999	+	128	110972558	34647
chr1	90358234	90558234	harbor1	chr1	90379751	90380077	DNA/TcMar-Tigger	1734	+	163	90379914	21680
chr1	90358234	90558234	harbor1	chr1	90415032	90417444	DNA/TcMar-Tigger	14413	+	1206	90416238	58004
chr1	98857149	99057149	harbor1	chr1	98867856	98868082	DNA/TcMar-Tigger	1378	+	113	98867969	10820
chr1	98857149	99057149	harbor1	chr1	98886768	98887115	DNA/TcMar-Tigger	1876	+	174	98886942	29793
chr1	98857149	99057149	harbor1	chr1	98898168	98898318	DNA/TcMar-Tigger	438	+	75	98898243	41094
chr1	98857149	99057149	harbor1	chr1	98932187	98932346	DNA/TcMar-Tigger	447	+	80	98932267	75118
chr1	86533816	86733816	harbor1	chr1	86584317	86584385	DNA/TcMar-Tigger	401	+	34	86584351	50535
chr1	199266646	199466646	harbor1	chr1	199348647	199349115	DNA/TcMar-Tigger	7345	+	234	199348881	82235
chr1	199266646	199466646	harbor1	chr1	199349814	199350600	DNA/TcMar-Tigger	7345	+	393	199350207	83561
chr1	51722227	51922227	harbor1	chr1	51755402	51755824	DNA/TcMar-Tigger	2356	+	211	51755613	33386
chr1	51722227	51922227	harbor1	chr1	51759925	51760241	DNA/TcMar-Tigger	1762	+	158	51760083	37856
chr1	115090116	115290116	harbor1	chr1	115090951	115091423	DNA/TcMar-Tigger	859	+	236	115091187	1071
chr1	218310499	218510499	harbor1	chr1	218312426	218312758	DNA/TcMar-Tigger	569	+	166	218312592	2093
chr1	218310499	218510499	harbor1	chr1	218409537	218409723	DNA/TcMar-Tigger	409	+	93	218409630	99131
chr1	209621836	209821836	harbor1	chr1	209710617	209711042	DNA/TcMar-Tigger	564	+	212	209710829	88993
chr1	209621836	209821836	harbor1	chr1	209712286	209712625	DNA/TcMar-Tigger	1761	+	170	209712456	90620
chr1	49901335	50101335	harbor1	chr1	49931905	49932135	DNA/TcMar-Tigger	1030	+	115	49932020	30685
chr1	49901335	50101335	harbor1	chr1	49953551	49953770	DNA/TcMar-Tigger	1249	+	110	49953661	52326
chr1	49901335	50101335	harbor1	chr1	49972585	49972876	DNA/TcMar-Tigger	1826	+	146	49972731	71396
chr1	49901335	50101335	harbor1	chr1	49978903	49979179	DNA/TcMar-Tigger	5680	+	138	49979041	77706
chr1	49901335	50101335	harbor1	chr1	49979483	49980218	DNA/TcMar-Tigger	5680	+	368	49979851	78516
chr1	49901335	50101335	harbor1	chr1	49980809	49981501	DNA/TcMar-Tigger	2064	+	346	49981155	79820
chr1	49901335	50101335	harbor1	chr1	49971090	49971833	DNA/TcMar-Tigger	4276	+	372	49971462	70127
chr1	234318168	234518168	harbor1	chr1	234387235	234387364	DNA/TcMar-Tigger	833	+	64	234387299	69131
chr1	234318168	234518168	harbor1	chr1	234411093	234411410	DNA/TcMar-Tigger	1294	+	158	234411251	93083
chr1	14180074	14380074	harbor1	chr1	14267188	14267267	DNA/TcMar-Tigger	1250	+	40	14267228	87154
chr1	14180074	14380074	harbor1	chr1	14267486	14267623	DNA/TcMar-Tigger	1250	+	68	14267554	87480
chr1	53570730	53770730	harbor1	chr1	53648971	53649990	DNA/TcMar-Tigger	5999	+	510	53649481	78751
chr1	53570730	53770730	harbor1	chr1	53668255	53668367	DNA/TcMar-Tigger	1630	+	56	53668311	97581
chr1	53570730	53770730	harbor1	chr1	53668661	53668877	DNA/TcMar-Tigger	1630	+	108	53668769	98039
chr1	95611964	95811964	harbor1	chr1	95675788	95675985	DNA/TcMar-Tigger	417	+	98	95675886	63922
chr1	105195212	105395212	harbor1	chr1	105225154	105225476	DNA/TcMar-Tigger	1060	+	161	105225315	30103
chr1	105195212	105395212	harbor1	chr1	105269927	105271807	DNA/TcMar-Tigger	12167	+	940	105270867	75655
chr1	105195212	105395212	harbor1	chr1	105272099	105272540	DNA/TcMar-Tigger	12167	+	220	105272319	77107
chr1	105195212	105395212	harbor1	chr1	105272906	105272969	DNA/TcMar-Tigger	12167	+	32	105272938	77726
chr1	207459715	207659715	harbor1	chr1	207503870	207504222	DNA/TcMar-Tigger	2156	+	176	207504046	44331
chr1	207459715	207659715	harbor1	chr1	207553254	207555574	DNA/TcMar-Tigger	13540	+	1160	207554414	94699
chr1	207459715	207659715	harbor1	chr1	207534699	207537019	DNA/TcMar-Tigger	13513	+	1160	207535859	76144
chr1	49680967	49880967	harbor1	chr1	49689852	49690331	DNA/TcMar-Tigger	2891	+	240	49690092	9125
chr1	49680967	49880967	harbor1	chr1	49696425	49696739	DNA/TcMar-Tigger	1588	+	157	49696582	15615
chr1	49680967	49880967	harbor1	chr1	49720150	49720170	DNA/TcMar-Tigger	1050	+	10	49720160	39193
chr1	49680967	49880967	harbor1	chr1	49720203	49720402	DNA/TcMar-Tigger	1050	+	100	49720303	39336
chr1	49680967	49880967	harbor1	chr1	49745236	49745569	DNA/TcMar-Tigger	1577	+	166	49745402	64435
chr1	176660658	176860658	harbor1	chr1	176748617	176748959	DNA/TcMar-Tigger	1993	+	171	176748788	88130
chr1	244459010	244659010	harbor1	chr1	244519398	244519990	DNA/TcMar-Tigger	3244	+	296	244519694	60684
chr1	150471267	150671267	harbor1	chr1	150479665	150479862	DNA/TcMar-Tigger	1159	+	98	150479763	8496
chr1	40192911	40392911	harbor1	chr1	40252623	40252921	DNA/TcMar-Tigger	596	+	149	40252772	59861
chr1	40192911	40392911	harbor1	chr1	40253191	40253299	DNA/TcMar-Tigger	596	+	54	40253245	60334
chr1	55316616	55516616	harbor1	chr1	55329748	55330353	DNA/TcMar-Tigger	2139	+	302	55330050	13434
chr1	55316616	55516616	harbor1	chr1	55394513	55394557	DNA/TcMar-Tigger	2303	+	22	55394535	77919
chr1	55316616	55516616	harbor1	chr1	55394861	55395184	DNA/TcMar-Tigger	2303	+	162	55395023	78407
chr1	18576910	18776910	harbor1	chr1	18595213	18595297	DNA/TcMar-Tigger	510	+	42	18595255	18345
chr1	18576910	18776910	harbor1	chr1	18595828	18595911	DNA/TcMar-Tigger	505	+	42	18595870	18960
chr1	246881890	247081890	harbor1	chr1	246886389	246886465	DNA/TcMar-Tigger	471	+	38	246886427	4537
chr1	246881890	247081890	harbor1	chr1	246886668	246886798	DNA/TcMar-Tigger	688	+	65	246886733	4843
chr1	246881890	247081890	harbor1	chr1	246908973	246909079	DNA/TcMar-Tigger	1834	+	53	246909026	27136
chr1	246881890	247081890	harbor1	chr1	246909111	246909130	DNA/TcMar-Tigger	1834	+	10	246909121	27231
chr1	246881890	247081890	harbor1	chr1	246909424	246909800	DNA/TcMar-Tigger	1834	+	188	246909612	27722
chr1	246881890	247081890	harbor1	chr1	246914264	246914331	DNA/TcMar-Tigger	397	+	34	246914298	32408
chr1	103976521	104176521	harbor1	chr1	104076378	104076625	DNA/TcMar-Tigger	1246	+	124	104076502	99981
chr1	108162342	108362342	harbor1	chr1	108187946	108188023	DNA/TcMar-Tigger	651	+	38	108187984	25642
chr1	108162342	108362342	harbor1	chr1	108188390	108188484	DNA/TcMar-Tigger	651	+	47	108188437	26095
chr1	108162342	108362342	harbor1	chr1	108189251	108189515	DNA/TcMar-Tigger	1506	+	132	108189383	27041
chr1	108162342	108362342	harbor1	chr1	108189861	108189986	DNA/TcMar-Tigger	558	+	62	108189923	27581
chr1	111709759	111909759	harbor1	chr1	111728509	111728846	DNA/TcMar-Tigger	2068	+	168	111728677	18918
chr1	111709759	111909759	harbor1	chr1	111758943	111759265	DNA/TcMar-Tigger	1186	+	161	111759104	49345
chr1	111709759	111909759	harbor1	chr1	111807217	111807395	DNA/TcMar-Tigger	2139	+	89	111807306	97547
chr1	111709759	111909759	harbor1	chr1	111807696	111807870	DNA/TcMar-Tigger	2139	+	87	111807783	98024
chr1	198218231	198418231	harbor1	chr1	198224138	198224272	DNA/TcMar-Tigger	632	+	67	198224205	5974
chr1	198218231	198418231	harbor1	chr1	198224280	198224517	DNA/TcMar-Tigger	1516	+	118	198224398	6167
chr1	31466198	31666198	harbor1	chr1	31481943	31482248	DNA/TcMar-Tigger	1396	+	152	31482095	15897
chr1	31466198	31666198	harbor1	chr1	31515814	31515860	DNA/TcMar-Tigger	3085	+	23	31515837	49639
chr1	31466198	31666198	harbor1	chr1	31515895	31516033	DNA/TcMar-Tigger	3085	+	69	31515964	49766
chr1	31466198	31666198	harbor1	chr1	31516424	31516830	DNA/TcMar-Tigger	3085	+	203	31516627	50429
chr1	193475728	193675728	harbor1	chr1	193484804	193485072	DNA/TcMar-Tigger	1236	+	134	193484938	9210
chr1	193475728	193675728	harbor1	chr1	193537283	193537627	DNA/TcMar-Tigger	1574	+	172	193537455	61727
chr1	193475728	193675728	harbor1	chr1	193537958	193538485	DNA/TcMar-Tigger	2994	+	264	193538222	62494
chr1	193475728	193675728	harbor1	chr1	193551482	193551813	DNA/TcMar-Tigger	1973	+	166	193551648	75920
chr1	66360768	66560768	harbor1	chr1	66441931	66442376	DNA/TcMar-Tigger	2756	+	222	66442153	81385
chr1	66360768	66560768	harbor1	chr1	66442481	66442885	DNA/TcMar-Tigger	2633	+	202	66442683	81915
chr1	181217203	181417203	harbor1	chr1	181259187	181259501	DNA/TcMar-Tigger	858	+	157	181259344	42141
chr1	181217203	181417203	harbor1	chr1	181273032	181273695	DNA/TcMar-Tigger	3382	+	332	181273364	56161
chr1	49172083	49372083	harbor1	chr1	49231717	49232064	DNA/TcMar-Tigger	1948	+	174	49231891	59808
chr1	53768516	53968516	harbor1	chr1	53778070	53778260	DNA/TcMar-Tigger	735	+	95	53778165	9649
chr1	53768516	53968516	harbor1	chr1	53778297	53778371	DNA/TcMar-Tigger	735	+	37	53778334	9818
chr1	53768516	53968516	harbor1	chr1	53809910	53810270	DNA/TcMar-Tigger	1817	+	180	53810090	41574
chr1	53768516	53968516	harbor1	chr1	53810410	53810536	DNA/TcMar-Tigger	502	+	63	53810473	41957
chr1	53768516	53968516	harbor1	chr1	53855501	53855829	DNA/TcMar-Tigger	1926	+	164	53855665	87149
chr1	53768516	53968516	harbor1	chr1	53865305	53865623	DNA/TcMar-Tigger	952	+	159	53865464	96948
chr1	175893864	176093864	harbor1	chr1	175942994	175943196	DNA/TcMar-Tigger	1002	+	101	175943095	49231
chr1	175893864	176093864	harbor1	chr1	175943466	175943535	DNA/TcMar-Tigger	1002	+	34	175943500	49636
chr1	175893864	176093864	harbor1	chr1	175956657	175956741	DNA/TcMar-Tigger	482	+	42	175956699	62835
chr1	175893864	176093864	harbor1	chr1	175956724	175956940	DNA/TcMar-Tigger	1432	+	108	175956832	62968
chr1	175893864	176093864	harbor1	chr1	175956936	175957593	DNA/TcMar-Tigger	3929	+	328	175957264	63400
chr1	175893864	176093864	harbor1	chr1	175982324	175982706	DNA/TcMar-Tigger	1771	+	191	175982515	88651
chr1	175893864	176093864	harbor1	chr1	175990998	175991117	DNA/TcMar-Tigger	403	+	60	175991058	97194
chr1	117850570	118050570	harbor1	chr1	117857920	117859156	DNA/TcMar-Tigger	14762	+	618	117858538	7968
chr1	117850570	118050570	harbor1	chr1	117859442	117860585	DNA/TcMar-Tigger	14762	+	572	117860014	9444
chr1	117850570	118050570	harbor1	chr1	117890897	117891128	DNA/TcMar-Tigger	1365	+	116	117891013	40443
chr1	26059916	26259916	harbor1	chr1	26151771	26151940	DNA/TcMar-Tigger	1028	+	84	26151855	91939
chr1	26059916	26259916	harbor1	chr1	26151946	26151999	DNA/TcMar-Tigger	1424	+	26	26151972	92056
chr1	26059916	26259916	harbor1	chr1	26152298	26152513	DNA/TcMar-Tigger	1424	+	108	26152406	92490
chr1	107817780	108017780	harbor1	chr1	107833080	107833443	DNA/TcMar-Tigger	2444	+	182	107833262	15482
chr1	107817780	108017780	harbor1	chr1	107896382	107896598	DNA/TcMar-Tigger	606	+	108	107896490	78710
chr1	92885729	93085729	harbor1	chr1	92980610	92981518	DNA/TcMar-Tigger	9456	+	454	92981064	95335
chr1	92885729	93085729	harbor1	chr1	92981826	92981877	DNA/TcMar-Tigger	9456	+	26	92981852	96123
chr1	92885729	93085729	harbor1	chr1	92982191	92982662	DNA/TcMar-Tigger	9456	+	236	92982427	96698
chr1	92885729	93085729	harbor1	chr1	92982949	92983114	DNA/TcMar-Tigger	9456	+	82	92983031	97302
chr1	92885729	93085729	harbor1	chr1	92983271	92983423	DNA/TcMar-Tigger	3667	+	76	92983347	97618
chr1	92885729	93085729	harbor1	chr1	92983723	92984067	DNA/TcMar-Tigger	3667	+	172	92983895	98166
chr1	52385685	52585685	harbor1	chr1	52463794	52463951	DNA/TcMar-Tigger	603	+	78	52463872	78187
chr1	52385685	52585685	harbor1	chr1	52484277	52484485	DNA/TcMar-Tigger	1025	+	104	52484381	98696
chr1	184758351	184958351	harbor1	chr1	184772738	184772882	DNA/TcMar-Tigger	581	+	72	184772810	14459
chr1	184758351	184958351	harbor1	chr1	184772884	184773068	DNA/TcMar-Tigger	572	+	92	184772976	14625
chr1	50806559	51006559	harbor1	chr1	50854819	50855167	DNA/TcMar-Tigger	834	+	174	50854993	48434
chr1	50806559	51006559	harbor1	chr1	50870119	50870174	DNA/TcMar-Tigger	13941	+	28	50870147	63588
chr1	50806559	51006559	harbor1	chr1	50870480	50871830	DNA/TcMar-Tigger	13941	+	675	50871155	64596
chr1	50806559	51006559	harbor1	chr1	50872915	50873331	DNA/TcMar-Tigger	13941	+	208	50873123	66564
chr1	50806559	51006559	harbor1	chr1	50872094	50872614	DNA/TcMar-Tigger	13941	+	260	50872354	65795
chr1	51097160	51297160	harbor1	chr1	51170177	51170572	DNA/TcMar-Tigger	1835	+	198	51170375	73215
chr1	187132721	187332721	harbor1	chr1	187161525	187161732	DNA/TcMar-Tigger	1317	+	104	187161629	28908
chr1	187132721	187332721	harbor1	chr1	187206054	187206702	DNA/TcMar-Tigger	1305	+	324	187206378	73657
chr1	187132721	187332721	harbor1	chr1	187226179	187226352	DNA/TcMar-Tigger	474	+	86	187226265	93544
chr1	5448447	5648447	harbor1	chr1	5475742	5476313	DNA/TcMar-Tigger	1807	+	286	5476028	27581
chr1	236545939	236745939	harbor1	chr1	236579092	236579338	DNA/TcMar-Tigger	1375	+	123	236579215	33276
chr1	91130897	91330897	harbor1	chr1	91195947	91196131	DNA/TcMar-Tigger	438	+	92	91196039	65142
chr1	228153397	228353397	harbor1	chr1	228168059	228168469	DNA/TcMar-Tigger	2044	+	205	228168264	14867
chr1	228153397	228353397	harbor1	chr1	228203920	228204137	DNA/TcMar-Tigger	1101	+	108	228204028	50631
chr1	246725797	246925797	harbor1	chr1	246805099	246805410	DNA/TcMar-Tigger	1198	+	156	246805255	79458
chr1	163245512	163445512	harbor1	chr1	163286053	163286379	DNA/TcMar-Tigger	1422	+	163	163286216	40704
chr1	63234272	63434272	harbor1	chr1	63249972	63250255	DNA/TcMar-Tigger	932	+	142	63250114	15842
chr1	63234272	63434272	harbor1	chr1	63298340	63298586	DNA/TcMar-Tigger	1408	+	123	63298463	64191
chr1	63234272	63434272	harbor1	chr1	63333843	63333982	DNA/TcMar-Tigger	529	+	70	63333913	99641
chr1	147973195	148173195	harbor1	chr1	147989217	147989412	DNA/TcMar-Tigger	888	+	98	147989315	16120
chr1	20233635	20433635	harbor1	chr1	20295828	20295866	DNA/TcMar-Tigger	830	+	19	20295847	62212
chr1	20233635	20433635	harbor1	chr1	20296163	20296522	DNA/TcMar-Tigger	830	+	180	20296343	62708
chr1	20233635	20433635	harbor1	chr1	20296526	20296867	DNA/TcMar-Tigger	1020	+	170	20296696	63061
chr1	176884080	177084080	harbor1	chr1	176923471	176923787	DNA/TcMar-Tigger	1644	+	158	176923629	39549
chr1	243362060	243562060	harbor1	chr1	243428435	243429480	DNA/TcMar-Tigger	6313	+	522	243428957	66897
chr1	243362060	243562060	harbor1	chr1	243435553	243435697	DNA/TcMar-Tigger	511	+	72	243435625	73565
chr1	180386978	180586978	harbor1	chr1	180409373	180411662	DNA/TcMar-Tigger	14539	+	1144	180410517	23539
chr1	180386978	180586978	harbor1	chr1	180411970	180412090	DNA/TcMar-Tigger	14539	+	60	180412030	25052
chr1	180386978	180586978	harbor1	chr1	180431537	180431627	DNA/TcMar-Tigger	443	+	45	180431582	44604
chr1	86515139	86715139	harbor1	chr1	86584317	86584385	DNA/TcMar-Tigger	401	+	34	86584351	69212
chr1	12327930	12527930	harbor1	chr1	12427422	12427762	DNA/TcMar-Tigger	1856	+	170	12427592	99662
chr1	198909367	199109367	harbor1	chr1	198973107	198974157	DNA/TcMar-Tigger	3795	+	525	198973632	64265
chr1	198909367	199109367	harbor1	chr1	198917518	198919890	DNA/TcMar-Tigger	14462	+	1186	198918704	9337
chr1	19214228	19414228	harbor1	chr1	19247369	19247743	DNA/TcMar-Tigger	5518	+	187	19247556	33328
chr1	19214228	19414228	harbor1	chr1	19248035	19248192	DNA/TcMar-Tigger	5518	+	78	19248113	33885
chr1	19214228	19414228	harbor1	chr1	19248811	19249607	DNA/TcMar-Tigger	5518	+	398	19249209	34981
chr1	161019032	161219032	harbor1	chr1	161114999	161115060	DNA/TcMar-Tigger	2709	+	30	161115029	95997
chr1	161019032	161219032	harbor1	chr1	161115364	161115875	DNA/TcMar-Tigger	2709	+	256	161115620	96588
chr1	93356745	93556745	harbor1	chr1	93368886	93369146	DNA/TcMar-Tigger	632	+	130	93369016	12271
chr1	93356745	93556745	harbor1	chr1	93369279	93369536	DNA/TcMar-Tigger	621	+	128	93369407	12662
chr1	93356745	93556745	harbor1	chr1	93454666	93454902	DNA/TcMar-Tigger	716	+	118	93454784	98039
chr1	93356745	93556745	harbor1	chr1	93455488	93455530	DNA/TcMar-Tigger	716	+	21	93455509	98764
chr1	167197897	167397897	harbor1	chr1	167232233	167232350	DNA/TcMar-Tigger	557	+	58	167232291	34394
chr1	167197897	167397897	harbor1	chr1	167232328	167232560	DNA/TcMar-Tigger	3796	+	116	167232444	34547
chr1	167197897	167397897	harbor1	chr1	167232861	167233124	DNA/TcMar-Tigger	3796	+	132	167232993	35096
chr1	167197897	167397897	harbor1	chr1	167233438	167233660	DNA/TcMar-Tigger	3796	+	111	167233549	35652
chr1	167197897	167397897	harbor1	chr1	167276024	167276552	DNA/TcMar-Tigger	2881	+	264	167276288	78391
chr1	64621335	64821335	harbor1	chr1	64641344	64641628	DNA/TcMar-Tigger	470	+	142	64641486	20151
chr1	64621335	64821335	harbor1	chr1	64672379	64672688	DNA/TcMar-Tigger	1806	+	154	64672533	51198
chr1	64621335	64821335	harbor1	chr1	64684087	64684149	DNA/TcMar-Tigger	484	+	31	64684118	62783
chr1	64621335	64821335	harbor1	chr1	64684393	64684794	DNA/TcMar-Tigger	4115	+	200	64684593	63258
chr1	64621335	64821335	harbor1	chr1	64685109	64685424	DNA/TcMar-Tigger	4115	+	158	64685267	63932
chr1	64621335	64821335	harbor1	chr1	64684003	64684095	DNA/TcMar-Tigger	557	+	46	64684049	62714
chr1	227797032	227997032	harbor1	chr1	227847502	227847589	DNA/TcMar-Tigger	524	+	44	227847546	50514
chr1	20683133	20883133	harbor1	chr1	20747211	20747440	DNA/TcMar-Tigger	961	+	114	20747325	64192
chr1	20683133	20883133	harbor1	chr1	20750616	20750807	DNA/TcMar-Tigger	2290	+	96	20750712	67579
chr1	20683133	20883133	harbor1	chr1	20751117	20751361	DNA/TcMar-Tigger	2290	+	122	20751239	68106
chr1	20683133	20883133	harbor1	chr1	20774495	20774702	DNA/TcMar-Tigger	5148	+	104	20774599	91466
chr1	20683133	20883133	harbor1	chr1	20775006	20775936	DNA/TcMar-Tigger	5148	+	465	20775471	92338
chr1	20683133	20883133	harbor1	chr1	20776253	20776402	DNA/TcMar-Tigger	538	+	74	20776327	93194
chr1	210239567	210439567	harbor1	chr1	210271508	210272021	DNA/TcMar-Tigger	2837	+	256	210271764	32197
chr1	208585659	208785659	harbor1	chr1	208596560	208596664	DNA/TcMar-Tigger	1977	+	52	208596612	10953
chr1	208585659	208785659	harbor1	chr1	208596926	208597171	DNA/TcMar-Tigger	1977	+	122	208597048	11389
chr1	100433486	100633486	harbor1	chr1	100501347	100502588	DNA/TcMar-Tigger	7059	+	620	100501967	68481
chr1	114064873	114264873	harbor1	chr1	114140683	114142956	DNA/TcMar-Tigger	13957	+	1136	114141819	76946
chr1	114064873	114264873	harbor1	chr1	114142970	114143077	DNA/TcMar-Tigger	762	+	54	114143024	78151
chr1	114064873	114264873	harbor1	chr1	114143577	114143692	DNA/TcMar-Tigger	737	+	58	114143635	78762
chr1	75520638	75720638	harbor1	chr1	75571420	75571807	DNA/TcMar-Tigger	2032	+	194	75571614	50976
chr1	75520638	75720638	harbor1	chr1	75600591	75600940	DNA/TcMar-Tigger	1735	+	174	75600765	80127
chr1	101073825	101273825	harbor1	chr1	101170158	101170278	DNA/TcMar-Tigger	468	+	60	101170218	96393
chr1	101073825	101273825	harbor1	chr1	101171697	101171848	DNA/TcMar-Tigger	926	+	76	101171773	97948
chr1	101073825	101273825	harbor1	chr1	101172544	101172643	DNA/TcMar-Tigger	439	+	50	101172594	98769
chr1	101073825	101273825	harbor1	chr1	101172644	101172995	DNA/TcMar-Tigger	2005	+	176	101172820	98995
chr1	186798454	186998454	harbor1	chr1	186811396	186811637	DNA/TcMar-Tigger	1385	+	120	186811516	13062
chr1	85034057	85234057	harbor1	chr1	85051441	85052095	DNA/TcMar-Tigger	6098	+	327	85051768	17711
chr1	85034057	85234057	harbor1	chr1	85052405	85052471	DNA/TcMar-Tigger	6098	+	33	85052438	18381
chr1	85034057	85234057	harbor1	chr1	85052764	85052993	DNA/TcMar-Tigger	6098	+	114	85052878	18821
chr1	85034057	85234057	harbor1	chr1	85053299	85053590	DNA/TcMar-Tigger	6098	+	146	85053445	19388
chr1	85034057	85234057	harbor1	chr1	85098956	85099140	DNA/TcMar-Tigger	457	+	92	85099048	64991
chr1	84880410	85080410	harbor1	chr1	84917650	84917960	DNA/TcMar-Tigger	1745	+	155	84917805	37395
chr1	84880410	85080410	harbor1	chr1	84921036	84921545	DNA/TcMar-Tigger	2877	+	254	84921290	40880
chr1	84880410	85080410	harbor1	chr1	84921564	84921694	DNA/TcMar-Tigger	846	+	65	84921629	41219
chr1	84880410	85080410	harbor1	chr1	84922039	84922119	DNA/TcMar-Tigger	421	+	40	84922079	41669
chr1	57200868	57400868	harbor1	chr1	57211685	57211992	DNA/TcMar-Tigger	1273	+	154	57211839	10971
chr1	15800460	16000460	harbor1	chr1	15858490	15858618	DNA/TcMar-Tigger	782	+	64	15858554	58094
chr1	213370308	213570308	harbor1	chr1	213430237	213430563	DNA/TcMar-Tigger	574	+	163	213430400	60092
chr1	213370308	213570308	harbor1	chr1	213453820	213454037	DNA/TcMar-Tigger	1149	+	108	213453928	83620
chr1	213370308	213570308	harbor1	chr1	213454035	213454190	DNA/TcMar-Tigger	805	+	78	213454113	83805
chr1	151380398	151580398	harbor1	chr1	151380638	151380984	DNA/TcMar-Tigger	2211	+	173	151380811	413
chr1	111776442	111976442	harbor1	chr1	111807217	111807395	DNA/TcMar-Tigger	2139	+	89	111807306	30864
chr1	111776442	111976442	harbor1	chr1	111807696	111807870	DNA/TcMar-Tigger	2139	+	87	111807783	31341
chr1	111776442	111976442	harbor1	chr1	111868082	111868566	DNA/TcMar-Tigger	2190	+	242	111868324	91882
chr1	111776442	111976442	harbor1	chr1	111873955	111874294	DNA/TcMar-Tigger	796	+	170	111874125	97683
chr1	182483020	182683020	harbor1	chr1	182537127	182537458	DNA/TcMar-Tigger	1526	+	166	182537293	54273
chr1	182483020	182683020	harbor1	chr1	182551761	182552085	DNA/TcMar-Tigger	1899	+	162	182551923	68903
chr1	182483020	182683020	harbor1	chr1	182575814	182575936	DNA/TcMar-Tigger	480	+	61	182575875	92855
chr1	215877363	216077363	harbor1	chr1	215926964	215927563	DNA/TcMar-Tigger	1056	+	300	215927264	49901
chr1	200599653	200799653	harbor1	chr1	200638765	200639134	DNA/TcMar-Tigger	2598	+	184	200638949	39296
chr1	200599653	200799653	harbor1	chr1	200639442	200639476	DNA/TcMar-Tigger	2598	+	17	200639459	39806
chr1	200599653	200799653	harbor1	chr1	200639751	200639955	DNA/TcMar-Tigger	2598	+	102	200639853	40200
chr1	200599653	200799653	harbor1	chr1	200660744	200660930	DNA/TcMar-Tigger	647	+	93	200660837	61184
chr1	200599653	200799653	harbor1	chr1	200692683	200693012	DNA/TcMar-Tigger	1182	+	164	200692847	93194
chr1	200599653	200799653	harbor1	chr1	200638437	200638487	DNA/TcMar-Tigger	2598	+	25	200638462	38809
chr1	62586261	62786261	harbor1	chr1	62614776	62615012	DNA/TcMar-Tigger	970	+	118	62614894	28633
chr1	18277025	18477025	harbor1	chr1	18326400	18326593	DNA/TcMar-Tigger	544	+	96	18326496	49471
chr1	73772867	73972867	harbor1	chr1	73775454	73776475	DNA/TcMar-Tigger	4794	+	510	73775964	3097
chr1	73772867	73972867	harbor1	chr1	73792863	73793264	DNA/TcMar-Tigger	1115	+	200	73793063	20196
chr1	73772867	73972867	harbor1	chr1	73793559	73793737	DNA/TcMar-Tigger	1115	+	89	73793648	20781
chr1	56106842	56306842	harbor1	chr1	56161773	56162043	DNA/TcMar-Tigger	462	+	135	56161908	55066
chr1	56106842	56306842	harbor1	chr1	56162181	56162332	DNA/TcMar-Tigger	441	+	76	56162257	55415
chr1	89545136	89745136	harbor1	chr1	89627859	89628043	DNA/TcMar-Tigger	865	+	92	89627951	82815
chr1	201697635	201897635	harbor1	chr1	201749445	201749691	DNA/TcMar-Tigger	863	+	123	201749568	51933
chr1	201697635	201897635	harbor1	chr1	201749937	201750083	DNA/TcMar-Tigger	432	+	73	201750010	52375
chr1	211077993	211277993	harbor1	chr1	211087946	211088233	DNA/TcMar-Tigger	425	+	144	211088090	10097
chr1	211077993	211277993	harbor1	chr1	211092506	211092672	DNA/TcMar-Tigger	402	+	83	211092589	14596
chr1	113898330	114098330	harbor1	chr1	113952307	113952636	DNA/TcMar-Tigger	1506	+	164	113952471	54141
chr1	37338604	37538604	harbor1	chr1	37340279	37340642	DNA/TcMar-Tigger	2397	+	182	37340461	1857
chr1	37338604	37538604	harbor1	chr1	37416710	37416945	DNA/TcMar-Tigger	3907	+	118	37416828	78224
chr1	37338604	37538604	harbor1	chr1	37417247	37417910	DNA/TcMar-Tigger	3907	+	332	37417579	78975
chr1	1820966	2020966	harbor1	chr1	1846860	1848097	DNA/TcMar-Tigger	9490	+	618	1847478	26512
chr1	1820966	2020966	harbor1	chr1	1848388	1848802	DNA/TcMar-Tigger	9490	+	207	1848595	27629
chr1	240566678	240766678	harbor1	chr1	240584037	240584114	DNA/TcMar-Tigger	409	+	38	240584075	17397
chr1	240566678	240766678	harbor1	chr1	240584729	240584931	DNA/TcMar-Tigger	1041	+	101	240584830	18152
chr1	85292850	85492850	harbor1	chr1	85352076	85352872	DNA/TcMar-Tigger	4081	+	398	85352474	59624
chr1	85292850	85492850	harbor1	chr1	85380621	85380941	DNA/TcMar-Tigger	984	+	160	85380781	87931
chr1	85292850	85492850	harbor1	chr1	85381668	85384025	DNA/TcMar-Tigger	13879	+	1178	85382846	89996
chr1	243644433	243844433	harbor1	chr1	243647186	243647517	DNA/TcMar-Tigger	1930	+	166	243647352	2919
chr1	243644433	243844433	harbor1	chr1	243742102	243742207	DNA/TcMar-Tigger	663	+	52	243742154	97721
chr1	243644433	243844433	harbor1	chr1	243678898	243679333	DNA/TcMar-Tigger	2575	+	218	243679116	34683
chr2	76860619	77060619	harbor1	chr2	76877933	76878582	DNA/TcMar-Tigger	12833	+	324	76878257	17638
chr2	76860619	77060619	harbor1	chr2	76878889	76880614	DNA/TcMar-Tigger	12833	+	862	76879751	19132
chr2	76860619	77060619	harbor1	chr2	76924571	76924946	DNA/TcMar-Tigger	1648	+	188	76924759	64140
chr2	76860619	77060619	harbor1	chr2	76925556	76925833	DNA/TcMar-Tigger	1224	+	138	76925694	65075
chr2	61372449	61572449	harbor1	chr2	61460148	61460552	DNA/TcMar-Tigger	2282	+	202	61460350	87901
chr2	61372449	61572449	harbor1	chr2	61460540	61460640	DNA/TcMar-Tigger	518	+	50	61460590	88141
chr2	61372449	61572449	harbor1	chr2	61374369	61374560	DNA/TcMar-Tigger	826	+	96	61374465	2016
chr2	227169988	227369988	harbor1	chr2	227177580	227178092	DNA/TcMar-Tigger	2989	+	256	227177836	7848
chr2	227169988	227369988	harbor1	chr2	227195343	227195667	DNA/TcMar-Tigger	5255	+	162	227195505	25517
chr2	227169988	227369988	harbor1	chr2	227195709	227196314	DNA/TcMar-Tigger	5255	+	302	227196011	26023
chr2	227169988	227369988	harbor1	chr2	227196617	227196721	DNA/TcMar-Tigger	5255	+	52	227196669	26681
chr2	227169988	227369988	harbor1	chr2	227197413	227197526	DNA/TcMar-Tigger	718	+	56	227197469	27481
chr2	227169988	227369988	harbor1	chr2	227232755	227233009	DNA/TcMar-Tigger	746	+	127	227232882	62894
chr2	227169988	227369988	harbor1	chr2	227233313	227233501	DNA/TcMar-Tigger	746	+	94	227233407	63419
chr2	227169988	227369988	harbor1	chr2	227239125	227239449	DNA/TcMar-Tigger	1213	+	162	227239287	69299
chr2	227169988	227369988	harbor1	chr2	227245238	227245542	DNA/TcMar-Tigger	1137	+	152	227245390	75402
chr2	6170728	6370728	harbor1	chr2	6173160	6175692	DNA/TcMar-Tigger	12329	+	1266	6174426	3698
chr2	6170728	6370728	harbor1	chr2	6177365	6177813	DNA/TcMar-Tigger	2409	+	224	6177589	6861
chr2	6170728	6370728	harbor1	chr2	6242133	6242433	DNA/TcMar-Tigger	1099	+	150	6242283	71555
chr2	46774189	46974189	harbor1	chr2	46832552	46832683	DNA/TcMar-Tigger	746	+	66	46832618	58429
chr2	51912419	52112419	harbor1	chr2	51932984	51933327	DNA/TcMar-Tigger	1921	+	172	51933156	20737
chr2	8525035	8725035	harbor1	chr2	8604361	8604692	DNA/TcMar-Tigger	5637	+	166	8604527	79492
chr2	8525035	8725035	harbor1	chr2	8604992	8605501	DNA/TcMar-Tigger	5637	+	254	8605246	80211
chr2	8525035	8725035	harbor1	chr2	8605532	8605864	DNA/TcMar-Tigger	5637	+	166	8605698	80663
chr2	228757478	228957478	harbor1	chr2	228788009	228788437	DNA/TcMar-Tigger	2059	+	214	228788223	30745
chr2	228757478	228957478	harbor1	chr2	228792283	228792595	DNA/TcMar-Tigger	1022	+	156	228792439	34961
chr2	228757478	228957478	harbor1	chr2	228806173	228806375	DNA/TcMar-Tigger	1259	+	101	228806274	48796
chr2	196739891	196939891	harbor1	chr2	196781275	196781357	DNA/TcMar-Tigger	1108	+	41	196781316	41425
chr2	196739891	196939891	harbor1	chr2	196781389	196781654	DNA/TcMar-Tigger	1108	+	132	196781521	41630
chr2	42983160	43183160	harbor1	chr2	43022380	43022456	DNA/TcMar-Tigger	408	+	38	43022418	39258
chr2	42983160	43183160	harbor1	chr2	43022729	43023163	DNA/TcMar-Tigger	684	+	217	43022946	39786
chr2	42983160	43183160	harbor1	chr2	43034182	43034311	DNA/TcMar-Tigger	598	+	64	43034246	51086
chr2	42983160	43183160	harbor1	chr2	43034573	43034850	DNA/TcMar-Tigger	1572	+	138	43034711	51551
chr2	42983160	43183160	harbor1	chr2	43035324	43035574	DNA/TcMar-Tigger	1437	+	125	43035449	52289
chr2	151693818	151893818	harbor1	chr2	151782285	151782581	DNA/TcMar-Tigger	1397	+	148	151782433	88615
chr2	111387730	111587730	harbor1	chr2	111405857	111406124	DNA/TcMar-Tigger	1446	+	134	111405991	18261
chr2	111387730	111587730	harbor1	chr2	111406151	111406239	DNA/TcMar-Tigger	506	+	44	111406195	18465
chr2	111387730	111587730	harbor1	chr2	111444240	111444436	DNA/TcMar-Tigger	1235	+	98	111444338	56608
chr2	48504407	48704407	harbor1	chr2	48558911	48559137	DNA/TcMar-Tigger	1443	+	113	48559024	54617
chr2	219367382	219567382	harbor1	chr2	219378631	219378910	DNA/TcMar-Tigger	6636	+	140	219378771	11389
chr2	219367382	219567382	harbor1	chr2	219379217	219379640	DNA/TcMar-Tigger	6636	+	212	219379429	12047
chr2	219367382	219567382	harbor1	chr2	219379951	219380202	DNA/TcMar-Tigger	6636	+	126	219380077	12695
chr2	219367382	219567382	harbor1	chr2	219380522	219380766	DNA/TcMar-Tigger	6636	+	122	219380644	13262
chr2	104968275	105168275	harbor1	chr2	104992084	104993584	DNA/TcMar-Tigger	15238	+	750	104992834	24559
chr2	104968275	105168275	harbor1	chr2	104993728	104994574	DNA/TcMar-Tigger	15238	+	423	104994151	25876
chr2	108179000	108379000	harbor1	chr2	108257505	108257844	DNA/TcMar-Tigger	1131	+	170	108257675	78675
chr2	183461566	183661566	harbor1	chr2	183475773	183475953	DNA/TcMar-Tigger	786	+	90	183475863	14297
chr2	183461566	183661566	harbor1	chr2	183478157	183478368	DNA/TcMar-Tigger	1128	+	106	183478263	16697
chr2	183461566	183661566	harbor1	chr2	183514190	183514612	DNA/TcMar-Tigger	2698	+	211	183514401	52835
chr2	206499367	206699367	harbor1	chr2	206512712	206515067	DNA/TcMar-Tigger	14851	+	1178	206513890	14523
chr2	206499367	206699367	harbor1	chr2	206540277	206540455	DNA/TcMar-Tigger	1080	+	89	206540366	40999
chr2	206499367	206699367	harbor1	chr2	206551418	206551745	DNA/TcMar-Tigger	590	+	164	206551582	52215
chr2	206499367	206699367	harbor1	chr2	206568308	206568613	DNA/TcMar-Tigger	771	+	152	206568460	69093
chr2	206499367	206699367	harbor1	chr2	206593968	206594236	DNA/TcMar-Tigger	1507	+	134	206594102	94735
chr2	10400980	10600980	harbor1	chr2	10467204	10467402	DNA/TcMar-Tigger	409	+	99	10467303	66323
chr2	129595732	129795732	harbor1	chr2	129623230	129623562	DNA/TcMar-Tigger	1901	+	166	129623396	27664
chr2	129595732	129795732	harbor1	chr2	129652601	129652826	DNA/TcMar-Tigger	1055	+	112	129652713	56981
chr2	129595732	129795732	harbor1	chr2	129672961	129673325	DNA/TcMar-Tigger	2044	+	182	129673143	77411
chr2	189955639	190155639	harbor1	chr2	189962059	189962399	DNA/TcMar-Tigger	1790	+	170	189962229	6590
chr2	189955639	190155639	harbor1	chr2	189977820	189978100	DNA/TcMar-Tigger	1668	+	140	189977960	22321
chr2	189955639	190155639	harbor1	chr2	189985344	189985421	DNA/TcMar-Tigger	510	+	38	189985382	29743
chr2	52725972	52925972	harbor1	chr2	52748908	52749227	DNA/TcMar-Tigger	1256	+	160	52749068	23096
chr2	52725972	52925972	harbor1	chr2	52801768	52802421	DNA/TcMar-Tigger	3479	+	326	52802094	76122
chr2	22832731	23032731	harbor1	chr2	22927528	22927937	DNA/TcMar-Tigger	1250	+	204	22927732	95001
chr2	144650612	144850612	harbor1	chr2	144654929	144655431	DNA/TcMar-Tigger	2315	+	251	144655180	4568
chr2	144650612	144850612	harbor1	chr2	144659216	144659441	DNA/TcMar-Tigger	1190	+	112	144659328	8716
chr2	51764969	51964969	harbor1	chr2	51823693	51824931	DNA/TcMar-Tigger	7095	+	619	51824312	59343
chr2	51764969	51964969	harbor1	chr2	51824930	51825304	DNA/TcMar-Tigger	2104	+	187	51825117	60148
chr2	51764969	51964969	harbor1	chr2	51839734	51839886	DNA/TcMar-Tigger	736	+	76	51839810	74841
chr2	35774564	35974564	harbor1	chr2	35836950	35837244	DNA/TcMar-Tigger	1184	+	147	35837097	62533
chr2	31347144	31547144	harbor1	chr2	31360096	31360215	DNA/TcMar-Tigger	1119	+	60	31360156	13012
chr2	31347144	31547144	harbor1	chr2	31360525	31360942	DNA/TcMar-Tigger	1119	+	208	31360733	13589
chr2	62567769	62767769	harbor1	chr2	62573499	62574171	DNA/TcMar-Tigger	3888	+	336	62573835	6066
chr2	62567769	62767769	harbor1	chr2	62590452	62590810	DNA/TcMar-Tigger	560	+	179	62590631	22862
chr2	62567769	62767769	harbor1	chr2	62591291	62591516	DNA/TcMar-Tigger	480	+	112	62591403	23634
chr2	62567769	62767769	harbor1	chr2	62667397	62667463	DNA/TcMar-Tigger	3500	+	33	62667430	99661
chr2	11573956	11773956	harbor1	chr2	11623070	11623608	DNA/TcMar-Tigger	6165	+	269	11623339	49383
chr2	11573956	11773956	harbor1	chr2	11623930	11624338	DNA/TcMar-Tigger	6165	+	204	11624134	50178
chr2	11573956	11773956	harbor1	chr2	11624645	11624715	DNA/TcMar-Tigger	6165	+	35	11624680	50724
chr2	11573956	11773956	harbor1	chr2	11624929	11625099	DNA/TcMar-Tigger	6165	+	85	11625014	51058
chr2	94770133	94970133	harbor1	chr2	94839638	94839771	DNA/TcMar-Tigger	844	+	66	94839704	69571
chr2	94770133	94970133	harbor1	chr2	94844509	94844932	DNA/TcMar-Tigger	2081	+	212	94844721	74588
chr2	222226995	222426995	harbor1	chr2	222322987	222323086	DNA/TcMar-Tigger	558	+	50	222323037	96042
chr2	222226995	222426995	harbor1	chr2	222323586	222323756	DNA/TcMar-Tigger	1170	+	85	222323671	96676
chr2	169953247	170153247	harbor1	chr2	169959869	169959968	DNA/TcMar-Tigger	1620	+	50	169959919	6672
chr2	169953247	170153247	harbor1	chr2	169960257	169960445	DNA/TcMar-Tigger	1620	+	94	169960351	7104
chr2	169953247	170153247	harbor1	chr2	169994707	169995592	DNA/TcMar-Tigger	4575	+	442	169995149	41902
chr2	169953247	170153247	harbor1	chr2	170047639	170047991	DNA/TcMar-Tigger	2174	+	176	170047815	94568
chr2	169953247	170153247	harbor1	chr2	170048674	170048899	DNA/TcMar-Tigger	1335	+	112	170048786	95539
chr2	169953247	170153247	harbor1	chr2	170048895	170049016	DNA/TcMar-Tigger	524	+	60	170048955	95708
chr2	169953247	170153247	harbor1	chr2	170049460	170049556	DNA/TcMar-Tigger	498	+	48	170049508	96261
chr2	180103780	180303780	harbor1	chr2	180111797	180112095	DNA/TcMar-Tigger	850	+	149	180111946	8166
chr2	180103780	180303780	harbor1	chr2	180198933	180199271	DNA/TcMar-Tigger	1544	+	169	180199102	95322
chr2	77170951	77370951	harbor1	chr2	77192965	77193344	DNA/TcMar-Tigger	1441	+	190	77193155	22204
chr2	142863623	143063623	harbor1	chr2	142914496	142914813	DNA/TcMar-Tigger	1688	+	158	142914654	51031
chr2	45392992	45592992	harbor1	chr2	45478823	45480811	DNA/TcMar-Tigger	13091	+	994	45479817	86825
chr2	45392992	45592992	harbor1	chr2	45480806	45481229	DNA/TcMar-Tigger	2093	+	212	45481018	88026
chr2	225119816	225319816	harbor1	chr2	225184090	225184401	DNA/TcMar-Tigger	1257	+	156	225184246	64430
chr2	143626257	143826257	harbor1	chr2	143722963	143723276	DNA/TcMar-Tigger	1695	+	156	143723119	96862
chr2	214653290	214853290	harbor1	chr2	214655259	214655690	DNA/TcMar-Tigger	2328	+	216	214655475	2185
chr2	214653290	214853290	harbor1	chr2	214678443	214678668	DNA/TcMar-Tigger	683	+	112	214678555	25265
chr2	177463313	177663313	harbor1	chr2	177477424	177477655	DNA/TcMar-Tigger	1436	+	116	177477540	14227
chr2	214443970	214643970	harbor1	chr2	214479874	214480214	DNA/TcMar-Tigger	1562	+	170	214480044	36074
chr2	171238831	171438831	harbor1	chr2	171279088	171280134	DNA/TcMar-Tigger	6271	+	523	171279611	40780
chr2	127777920	127977920	harbor1	chr2	127782546	127782728	DNA/TcMar-Tigger	1261	+	91	127782637	4717
chr2	127777920	127977920	harbor1	chr2	127783014	127783163	DNA/TcMar-Tigger	1261	+	74	127783088	5168
chr2	127777920	127977920	harbor1	chr2	127796927	127797031	DNA/TcMar-Tigger	505	+	52	127796979	19059
chr2	229108911	229308911	harbor1	chr2	229166522	229166682	DNA/TcMar-Tigger	494	+	80	229166602	57691
chr2	229108911	229308911	harbor1	chr2	229203341	229203546	DNA/TcMar-Tigger	1210	+	102	229203443	94532
chr2	3731648	3931648	harbor1	chr2	3766858	3767186	DNA/TcMar-Tigger	970	+	164	3767022	35374
chr2	61144459	61344459	harbor1	chr2	61170270	61170490	DNA/TcMar-Tigger	2567	+	110	61170380	25921
chr2	61144459	61344459	harbor1	chr2	61170788	61170858	DNA/TcMar-Tigger	2567	+	35	61170823	26364
chr2	61144459	61344459	harbor1	chr2	61171156	61171339	DNA/TcMar-Tigger	2567	+	92	61171248	26789
chr2	61144459	61344459	harbor1	chr2	61209413	61210579	DNA/TcMar-Tigger	6431	+	583	61209996	65537
chr2	61144459	61344459	harbor1	chr2	61238775	61239276	DNA/TcMar-Tigger	2826	+	250	61239025	94566
chr2	110650625	110850625	harbor1	chr2	110651207	110651306	DNA/TcMar-Tigger	456	+	50	110651257	632
chr2	110650625	110850625	harbor1	chr2	110651298	110652026	DNA/TcMar-Tigger	3871	+	364	110651662	1037
chr2	110650625	110850625	harbor1	chr2	110652094	110652673	DNA/TcMar-Tigger	2574	+	290	110652384	1759
chr2	110650625	110850625	harbor1	chr2	110654937	110655047	DNA/TcMar-Tigger	501	+	55	110654992	4367
chr2	110650625	110850625	harbor1	chr2	110704580	110704925	DNA/TcMar-Tigger	2008	+	172	110704752	54127
chr2	162356072	162556072	harbor1	chr2	162394826	162395260	DNA/TcMar-Tigger	2093	+	217	162395043	38971
chr2	162356072	162556072	harbor1	chr2	162396236	162396645	DNA/TcMar-Tigger	432	+	204	162396440	40368
chr2	162356072	162556072	harbor1	chr2	162408418	162408744	DNA/TcMar-Tigger	639	+	163	162408581	52509
chr2	34046236	34246236	harbor1	chr2	34050801	34050856	DNA/TcMar-Tigger	2525	+	28	34050829	4593
chr2	34046236	34246236	harbor1	chr2	34051188	34051569	DNA/TcMar-Tigger	2525	+	190	34051378	5142
chr2	34046236	34246236	harbor1	chr2	34067544	34067629	DNA/TcMar-Tigger	461	+	42	34067586	21350
chr2	34046236	34246236	harbor1	chr2	34067810	34067936	DNA/TcMar-Tigger	679	+	63	34067873	21637
chr2	34046236	34246236	harbor1	chr2	34137254	34137588	DNA/TcMar-Tigger	1801	+	167	34137421	91185
chr2	34046236	34246236	harbor1	chr2	34109957	34112299	DNA/TcMar-Tigger	14115	+	1171	34111128	64892
chr2	189501373	189701373	harbor1	chr2	189538565	189538632	DNA/TcMar-Tigger	406	+	34	189538599	37226
chr2	189501373	189701373	harbor1	chr2	189538623	189539055	DNA/TcMar-Tigger	2780	+	216	189538839	37466
chr2	189501373	189701373	harbor1	chr2	189599998	189600238	DNA/TcMar-Tigger	553	+	120	189600118	98745
chr2	37675894	37875894	harbor1	chr2	37701055	37701220	DNA/TcMar-Tigger	1116	+	82	37701137	25243
chr2	188891338	189091338	harbor1	chr2	188950319	188950529	DNA/TcMar-Tigger	1299	+	105	188950424	59086
chr2	179578651	179778651	harbor1	chr2	179599058	179599164	DNA/TcMar-Tigger	526	+	53	179599111	20460
chr2	169077780	169277780	harbor1	chr2	169090726	169091127	DNA/TcMar-Tigger	2070	+	200	169090926	13146
chr2	199086750	199286750	harbor1	chr2	199172910	199173222	DNA/TcMar-Tigger	6816	+	156	199173066	86316
chr2	199086750	199286750	harbor1	chr2	199173798	199174018	DNA/TcMar-Tigger	6816	+	110	199173908	87158
chr2	199086750	199286750	harbor1	chr2	199174053	199174701	DNA/TcMar-Tigger	6816	+	324	199174377	87627
chr2	102970028	103170028	harbor1	chr2	102997250	102997586	DNA/TcMar-Tigger	2069	+	168	102997418	27390
chr2	190575386	190775386	harbor1	chr2	190581099	190581192	DNA/TcMar-Tigger	440	+	46	190581145	5759
chr2	190575386	190775386	harbor1	chr2	190607929	190608750	DNA/TcMar-Tigger	4646	+	410	190608339	32953
chr2	190575386	190775386	harbor1	chr2	190608752	190608999	DNA/TcMar-Tigger	1022	+	124	190608876	33490
chr2	190597983	190797983	harbor1	chr2	190607929	190608750	DNA/TcMar-Tigger	4646	+	410	190608339	10356
chr2	190597983	190797983	harbor1	chr2	190608752	190608999	DNA/TcMar-Tigger	1022	+	124	190608876	10893
chr2	190597983	190797983	harbor1	chr2	190687442	190687651	DNA/TcMar-Tigger	976	+	104	190687546	89563
chr2	15138323	15338323	harbor1	chr2	15144790	15145105	DNA/TcMar-Tigger	1346	+	158	15144948	6625
chr2	15138323	15338323	harbor1	chr2	15145101	15145376	DNA/TcMar-Tigger	890	+	138	15145239	6916
chr2	15138323	15338323	harbor1	chr2	15198154	15198269	DNA/TcMar-Tigger	489	+	58	15198212	59889
chr2	45233566	45433566	harbor1	chr2	45265491	45265834	DNA/TcMar-Tigger	2101	+	172	45265663	32097
chr2	170846863	171046863	harbor1	chr2	170925343	170925543	DNA/TcMar-Tigger	1123	+	100	170925443	78580
chr2	170846863	171046863	harbor1	chr2	170939449	170939754	DNA/TcMar-Tigger	1241	+	152	170939601	92738
chr2	54040615	54240615	harbor1	chr2	54081316	54081677	DNA/TcMar-Tigger	1814	+	180	54081496	40881
chr2	54040615	54240615	harbor1	chr2	54085052	54085696	DNA/TcMar-Tigger	3343	+	322	54085374	44759
chr2	191969839	192169839	harbor1	chr2	191969721	191970114	DNA/TcMar-Tigger	594	+	196	191969917	78
chr2	191969839	192169839	harbor1	chr2	192061288	192061606	DNA/TcMar-Tigger	991	+	159	192061447	91608
chr2	18220720	18420720	harbor1	chr2	18274377	18274602	DNA/TcMar-Tigger	1015	+	112	18274489	53769
chr2	18220720	18420720	harbor1	chr2	18274602	18274962	DNA/TcMar-Tigger	1758	+	180	18274782	54062
chr2	186354208	186554208	harbor1	chr2	186363443	186363771	DNA/TcMar-Tigger	1724	+	164	186363607	9399
chr2	186354208	186554208	harbor1	chr2	186374734	186375098	DNA/TcMar-Tigger	2058	+	182	186374916	20708
chr2	166610858	166810858	harbor1	chr2	166683991	166684304	DNA/TcMar-Tigger	2079	+	156	166684147	73289
chr2	54060360	54260360	harbor1	chr2	54081316	54081677	DNA/TcMar-Tigger	1814	+	180	54081496	21136
chr2	54060360	54260360	harbor1	chr2	54085052	54085696	DNA/TcMar-Tigger	3343	+	322	54085374	25014
chr2	200956	400956	harbor1	chr2	271229	271475	DNA/TcMar-Tigger	906	+	123	271352	70396
chr2	131845912	132045912	harbor1	chr2	131941005	131941226	DNA/TcMar-Tigger	766	+	110	131941115	95203
chr2	6687245	6887245	harbor1	chr2	6779141	6779429	DNA/TcMar-Tigger	2398	+	144	6779285	92040
chr2	6687245	6887245	harbor1	chr2	6779797	6780111	DNA/TcMar-Tigger	2398	+	157	6779954	92709
chr2	180469937	180669937	harbor1	chr2	180523138	180523376	DNA/TcMar-Tigger	1388	+	119	180523257	53320
chr2	99244365	99444365	harbor1	chr2	99314273	99314529	DNA/TcMar-Tigger	1430	+	128	99314401	70036
chr2	97693356	97893356	harbor1	chr2	97706133	97706700	DNA/TcMar-Tigger	2747	+	284	97706417	13061
chr2	97693356	97893356	harbor1	chr2	97721218	97721410	DNA/TcMar-Tigger	2691	+	96	97721314	27958
chr2	97693356	97893356	harbor1	chr2	97721731	97721767	DNA/TcMar-Tigger	2691	+	18	97721749	28393
chr2	97693356	97893356	harbor1	chr2	97722381	97722764	DNA/TcMar-Tigger	2143	+	192	97722573	29217
chr2	60543293	60743293	harbor1	chr2	60616645	60616850	DNA/TcMar-Tigger	6688	+	102	60616747	73454
chr2	60543293	60743293	harbor1	chr2	60617143	60617700	DNA/TcMar-Tigger	6688	+	278	60617421	74128
chr2	60543293	60743293	harbor1	chr2	60618018	60618464	DNA/TcMar-Tigger	6688	+	223	60618241	74948
chr2	129152349	129352349	harbor1	chr2	129195118	129195239	DNA/TcMar-Tigger	443	+	60	129195178	42829
chr2	129152349	129352349	harbor1	chr2	129195966	129196099	DNA/TcMar-Tigger	411	+	66	129196032	43683
chr2	45738140	45938140	harbor1	chr2	45749221	45749376	DNA/TcMar-Tigger	453	+	78	45749299	11159
chr2	69268821	69468821	harbor1	chr2	69284061	69284406	DNA/TcMar-Tigger	2034	+	172	69284233	15412
chr2	69268821	69468821	harbor1	chr2	69284411	69284629	DNA/TcMar-Tigger	1013	+	109	69284520	15699
chr2	69268821	69468821	harbor1	chr2	69284927	69285012	DNA/TcMar-Tigger	1013	+	42	69284969	16148
chr2	69268821	69468821	harbor1	chr2	69317145	69317308	DNA/TcMar-Tigger	540	+	82	69317227	48406
chr2	69268821	69468821	harbor1	chr2	69317604	69317633	DNA/TcMar-Tigger	540	+	14	69317618	48797
chr2	69268821	69468821	harbor1	chr2	69318525	69318680	DNA/TcMar-Tigger	814	+	78	69318603	49782
chr2	69268821	69468821	harbor1	chr2	69318693	69318795	DNA/TcMar-Tigger	559	+	51	69318744	49923
chr2	76916723	77116723	harbor1	chr2	76924571	76924946	DNA/TcMar-Tigger	1648	+	188	76924759	8036
chr2	76916723	77116723	harbor1	chr2	76925556	76925833	DNA/TcMar-Tigger	1224	+	138	76925694	8971
chr2	234043830	234243830	harbor1	chr2	234107724	234107941	DNA/TcMar-Tigger	441	+	108	234107832	64002
chr2	141435450	141635450	harbor1	chr2	141469786	141470113	DNA/TcMar-Tigger	1611	+	164	141469950	34500
chr2	33406391	33606391	harbor1	chr2	33463926	33464110	DNA/TcMar-Tigger	4702	+	92	33464018	57627
chr2	33406391	33606391	harbor1	chr2	33464420	33464492	DNA/TcMar-Tigger	4702	+	36	33464456	58065
chr2	33406391	33606391	harbor1	chr2	33464771	33465415	DNA/TcMar-Tigger	4702	+	322	33465093	58702
chr2	33406391	33606391	harbor1	chr2	33465553	33466396	DNA/TcMar-Tigger	5214	+	422	33465975	59584
chr2	33406391	33606391	harbor1	chr2	33466694	33466734	DNA/TcMar-Tigger	5214	+	20	33466714	60323
chr2	133740922	133940922	harbor1	chr2	133754437	133754660	DNA/TcMar-Tigger	1084	+	112	133754549	13627
chr2	65955052	66155052	harbor1	chr2	65988723	65988904	DNA/TcMar-Tigger	1043	+	90	65988813	33761
chr2	65955052	66155052	harbor1	chr2	65989264	65989429	DNA/TcMar-Tigger	970	+	82	65989346	34294
chr2	113883993	114083993	harbor1	chr2	113883995	113884326	DNA/TcMar-Tigger	1813	+	166	113884161	168
chr2	113883993	114083993	harbor1	chr2	113914033	113914330	DNA/TcMar-Tigger	635	+	148	113914181	30188
chr2	113883993	114083993	harbor1	chr2	113914644	113914805	DNA/TcMar-Tigger	635	+	80	113914724	30731
chr2	210783285	210983285	harbor1	chr2	210839006	210839765	DNA/TcMar-Tigger	4383	+	380	210839386	56101
chr2	210783285	210983285	harbor1	chr2	210839766	210840163	DNA/TcMar-Tigger	1598	+	198	210839964	56679
chr2	191323087	191523087	harbor1	chr2	191418940	191419224	DNA/TcMar-Tigger	5671	+	142	191419082	95995
chr2	191323087	191523087	harbor1	chr2	191419518	191419919	DNA/TcMar-Tigger	5671	+	200	191419718	96631
chr2	191323087	191523087	harbor1	chr2	191420218	191420654	DNA/TcMar-Tigger	5671	+	218	191420436	97349
chr2	201166303	201366303	harbor1	chr2	201235754	201236088	DNA/TcMar-Tigger	2192	+	167	201235921	69618
chr2	36764907	36964907	harbor1	chr2	36795143	36795342	DNA/TcMar-Tigger	3498	+	100	36795243	30336
chr2	36764907	36964907	harbor1	chr2	36795696	36796222	DNA/TcMar-Tigger	3498	+	263	36795959	31052
chr2	36764907	36964907	harbor1	chr2	36796227	36796477	DNA/TcMar-Tigger	1349	+	125	36796352	31445
chr2	138166622	138366622	harbor1	chr2	138251021	138251166	DNA/TcMar-Tigger	881	+	72	138251093	84471
chr2	123327493	123527493	harbor1	chr2	123340387	123340790	DNA/TcMar-Tigger	2164	+	202	123340589	13096
chr2	123327493	123527493	harbor1	chr2	123363105	123363519	DNA/TcMar-Tigger	2092	+	207	123363312	35819
chr2	123327493	123527493	harbor1	chr2	123363541	123363737	DNA/TcMar-Tigger	893	+	98	123363639	36146
chr2	123327493	123527493	harbor1	chr2	123369758	123370094	DNA/TcMar-Tigger	1736	+	168	123369926	42433
chr2	132720014	132920014	harbor1	chr2	132770759	132771678	DNA/TcMar-Tigger	6669	+	460	132771219	51205
chr2	132720014	132920014	harbor1	chr2	132771991	132772271	DNA/TcMar-Tigger	6669	+	140	132772131	52117
chr2	149035773	149235773	harbor1	chr2	149115757	149116370	DNA/TcMar-Tigger	3031	+	306	149116063	80290
chr2	44192465	44392465	harbor1	chr2	44251293	44251904	DNA/TcMar-Tigger	3724	+	306	44251599	59134
chr2	111331440	111531440	harbor1	chr2	111405857	111406124	DNA/TcMar-Tigger	1446	+	134	111405991	74551
chr2	111331440	111531440	harbor1	chr2	111406151	111406239	DNA/TcMar-Tigger	506	+	44	111406195	74755
chr2	91802178	92002178	harbor1	chr2	91863271	91863597	DNA/TcMar-Tigger	486	+	163	91863434	61256
chr2	194419706	194619706	harbor1	chr2	194424503	194424821	DNA/TcMar-Tigger	1839	+	159	194424662	4956
chr2	194419706	194619706	harbor1	chr2	194429983	194430060	DNA/TcMar-Tigger	444	+	38	194430021	10315
chr2	194419706	194619706	harbor1	chr2	194476999	194477421	DNA/TcMar-Tigger	1953	+	211	194477210	57504
chr2	194419706	194619706	harbor1	chr2	194508572	194508897	DNA/TcMar-Tigger	1914	+	162	194508734	89028
chr2	39252493	39452493	harbor1	chr2	39319350	39319553	DNA/TcMar-Tigger	976	+	102	39319452	66959
chr2	39252493	39452493	harbor1	chr2	39323447	39323644	DNA/TcMar-Tigger	1115	+	98	39323545	71052
chr2	39252493	39452493	harbor1	chr2	39323656	39324042	DNA/TcMar-Tigger	1565	+	193	39323849	71356
chr2	39252493	39452493	harbor1	chr2	39327913	39328026	DNA/TcMar-Tigger	412	+	56	39327969	75476
chr2	39252493	39452493	harbor1	chr2	39328742	39328993	DNA/TcMar-Tigger	716	+	126	39328868	76375
chr2	39252493	39452493	harbor1	chr2	39350994	39351177	DNA/TcMar-Tigger	918	+	92	39351086	98593
chr2	211076998	211276998	harbor1	chr2	211095567	211097415	DNA/TcMar-Tigger	13009	+	924	211096491	19493
chr2	211076998	211276998	harbor1	chr2	211097713	211098120	DNA/TcMar-Tigger	13009	+	204	211097917	20919
chr2	211076998	211276998	harbor1	chr2	211099625	211099717	DNA/TcMar-Tigger	647	+	46	211099671	22673
chr2	211076998	211276998	harbor1	chr2	211101976	211102168	DNA/TcMar-Tigger	867	+	96	211102072	25074
chr2	131786528	131986528	harbor1	chr2	131823426	131823666	DNA/TcMar-Tigger	3040	+	120	131823546	37018
chr2	131786528	131986528	harbor1	chr2	131823958	131824231	DNA/TcMar-Tigger	3040	+	136	131824094	37566
chr2	54761079	54961079	harbor1	chr2	54847749	54848061	DNA/TcMar-Tigger	1006	+	156	54847905	86826
chr2	57573476	57773476	harbor1	chr2	57579725	57579958	DNA/TcMar-Tigger	1337	+	116	57579841	6365
chr2	57573476	57773476	harbor1	chr2	57586733	57587069	DNA/TcMar-Tigger	2095	+	168	57586901	13425
chr2	57573476	57773476	harbor1	chr2	57592430	57593052	DNA/TcMar-Tigger	2953	+	311	57592741	19265
chr2	90077554	90277554	harbor1	chr2	90080747	90081008	DNA/TcMar-Tigger	1255	+	130	90080877	3323
chr2	90077554	90277554	harbor1	chr2	90094218	90094438	DNA/TcMar-Tigger	954	+	110	90094328	16774
chr2	90077554	90277554	harbor1	chr2	90098201	90098461	DNA/TcMar-Tigger	1141	+	130	90098331	20777
chr2	90077554	90277554	harbor1	chr2	90139998	90140332	DNA/TcMar-Tigger	1778	+	167	90140165	62611
chr2	90077554	90277554	harbor1	chr2	90152365	90152625	DNA/TcMar-Tigger	1224	+	130	90152495	74941
chr2	62279677	62479677	harbor1	chr2	62301235	62301373	DNA/TcMar-Tigger	1009	+	69	62301304	21627
chr2	62279677	62479677	harbor1	chr2	62301370	62301578	DNA/TcMar-Tigger	1250	+	104	62301474	21797
chr2	62279677	62479677	harbor1	chr2	62357052	62357374	DNA/TcMar-Tigger	1818	+	161	62357213	77536
chr2	5948330	6148330	harbor1	chr2	5997181	5997546	DNA/TcMar-Tigger	1378	+	182	5997363	49033
chr2	140778440	140978440	harbor1	chr2	140826215	140826418	DNA/TcMar-Tigger	1134	+	102	140826317	47877
chr2	140778440	140978440	harbor1	chr2	140832086	140832322	DNA/TcMar-Tigger	1175	+	118	140832204	53764
chr2	140778440	140978440	harbor1	chr2	140833032	140833692	DNA/TcMar-Tigger	3937	+	330	140833362	54922
chr2	127331616	127531616	harbor1	chr2	127344125	127344325	DNA/TcMar-Tigger	1056	+	100	127344225	12609
chr2	127331616	127531616	harbor1	chr2	127344668	127344838	DNA/TcMar-Tigger	992	+	85	127344753	13137
chr2	127331616	127531616	harbor1	chr2	127362905	127363220	DNA/TcMar-Tigger	1266	+	158	127363063	31447
chr2	127331616	127531616	harbor1	chr2	127378587	127378737	DNA/TcMar-Tigger	481	+	75	127378662	47046
chr2	127331616	127531616	harbor1	chr2	127383810	127383874	DNA/TcMar-Tigger	529	+	32	127383842	52226
chr2	127331616	127531616	harbor1	chr2	127384195	127384318	DNA/TcMar-Tigger	529	+	62	127384257	52641
chr2	127331616	127531616	harbor1	chr2	127384331	127384666	DNA/TcMar-Tigger	2156	+	168	127384499	52883
chr2	127331616	127531616	harbor1	chr2	127384938	127385564	DNA/TcMar-Tigger	3103	+	313	127385251	53635
chr2	87028414	87228414	harbor1	chr2	87045845	87046021	DNA/TcMar-Tigger	467	+	88	87045933	17519
chr2	122163960	122363960	harbor1	chr2	122256373	122256538	DNA/TcMar-Tigger	917	+	82	122256455	92495
chr2	122163960	122363960	harbor1	chr2	122256590	122256691	DNA/TcMar-Tigger	675	+	50	122256640	92680
chr2	116212458	116412458	harbor1	chr2	116212862	116213208	DNA/TcMar-Tigger	1092	+	173	116213035	577
chr2	116212458	116412458	harbor1	chr2	116232562	116233472	DNA/TcMar-Tigger	5313	+	455	116233017	20559
chr2	116212458	116412458	harbor1	chr2	116233479	116234029	DNA/TcMar-Tigger	2703	+	275	116233754	21296
chr2	197954001	198154001	harbor1	chr2	198037644	198038032	DNA/TcMar-Tigger	1153	+	194	198037838	83837
chr2	222830801	223030801	harbor1	chr2	222856869	222858449	DNA/TcMar-Tigger	13552	+	790	222857659	26858
chr2	222830801	223030801	harbor1	chr2	222858748	222859105	DNA/TcMar-Tigger	13552	+	178	222858926	28125
chr2	222830801	223030801	harbor1	chr2	222859401	222859519	DNA/TcMar-Tigger	13552	+	59	222859460	28659
chr2	222830801	223030801	harbor1	chr2	222926039	222926300	DNA/TcMar-Tigger	1041	+	130	222926169	95368
chr2	33575951	33775951	harbor1	chr2	33667230	33667629	DNA/TcMar-Tigger	872	+	200	33667430	91479
chr2	53326180	53526180	harbor1	chr2	53404021	53404558	DNA/TcMar-Tigger	2114	+	268	53404289	78109
chr2	222343506	222543506	harbor1	chr2	222388078	222388450	DNA/TcMar-Tigger	2373	+	186	222388264	44758
chr2	222343506	222543506	harbor1	chr2	222391684	222392497	DNA/TcMar-Tigger	4658	+	406	222392090	48584
chr2	222343506	222543506	harbor1	chr2	222393782	222394167	DNA/TcMar-Tigger	2415	+	192	222393974	50468
chr2	222343506	222543506	harbor1	chr2	222394161	222395205	DNA/TcMar-Tigger	5931	+	522	222394683	51177
chr2	222343506	222543506	harbor1	chr2	222402012	222402446	DNA/TcMar-Tigger	2300	+	217	222402229	58723
chr2	137692291	137892291	harbor1	chr2	137704006	137705099	DNA/TcMar-Tigger	4679	+	546	137704552	12261
chr2	86859648	87059648	harbor1	chr2	86879693	86879822	DNA/TcMar-Tigger	789	+	64	86879757	20109
chr2	86859648	87059648	harbor1	chr2	86882448	86882535	DNA/TcMar-Tigger	436	+	44	86882492	22844
chr2	86859648	87059648	harbor1	chr2	86896207	86897688	DNA/TcMar-Tigger	11522	+	740	86896947	37299
chr2	86859648	87059648	harbor1	chr2	86897985	86898318	DNA/TcMar-Tigger	11522	+	166	86898151	38503
chr2	86859648	87059648	harbor1	chr2	86941565	86941717	DNA/TcMar-Tigger	670	+	76	86941641	81993
chr2	86859648	87059648	harbor1	chr2	86948995	86949690	DNA/TcMar-Tigger	4082	+	348	86949343	89695
chr2	86859648	87059648	harbor1	chr2	86954478	86954705	DNA/TcMar-Tigger	1442	+	114	86954592	94944
chr2	167160013	167360013	harbor1	chr2	167253325	167253634	DNA/TcMar-Tigger	515	+	154	167253479	93466
chr3	121430729	121630729	harbor1	chr3	121461968	121462198	DNA/TcMar-Tigger	1161	+	115	121462083	31354
chr3	121430729	121630729	harbor1	chr3	121464571	121464894	DNA/TcMar-Tigger	1725	+	162	121464733	34004
chr3	121430729	121630729	harbor1	chr3	121465466	121466321	DNA/TcMar-Tigger	4081	+	428	121465894	35165
chr3	121430729	121630729	harbor1	chr3	121477062	121477251	DNA/TcMar-Tigger	1148	+	94	121477156	46427
chr3	121430729	121630729	harbor1	chr3	121477250	121477530	DNA/TcMar-Tigger	1653	+	140	121477390	46661
chr3	121430729	121630729	harbor1	chr3	121502999	121503387	DNA/TcMar-Tigger	1604	+	194	121503193	72464
chr3	121430729	121630729	harbor1	chr3	121521085	121521260	DNA/TcMar-Tigger	700	+	88	121521173	90444
chr3	121430729	121630729	harbor1	chr3	121521276	121521373	DNA/TcMar-Tigger	610	+	48	121521324	90595
chr3	121430729	121630729	harbor1	chr3	121521438	121521537	DNA/TcMar-Tigger	534	+	50	121521488	90759
chr3	121430729	121630729	harbor1	chr3	121530128	121530471	DNA/TcMar-Tigger	1920	+	172	121530300	99571
chr3	146069718	146269718	harbor1	chr3	146136302	146136554	DNA/TcMar-Tigger	1718	+	126	146136428	66710
chr3	146069718	146269718	harbor1	chr3	146136555	146136933	DNA/TcMar-Tigger	1420	+	189	146136744	67026
chr3	146069718	146269718	harbor1	chr3	146136934	146137010	DNA/TcMar-Tigger	1718	+	38	146136972	67254
chr3	147666706	147866706	harbor1	chr3	147716694	147716760	DNA/TcMar-Tigger	2718	+	33	147716727	50021
chr3	147666706	147866706	harbor1	chr3	147717079	147717656	DNA/TcMar-Tigger	2718	+	288	147717367	50661
chr3	64425570	64625570	harbor1	chr3	64426736	64428919	DNA/TcMar-Tigger	17201	+	1092	64427828	2258
chr3	64425570	64625570	harbor1	chr3	64429233	64429431	DNA/TcMar-Tigger	17201	+	99	64429332	3762
chr3	41084512	41284512	harbor1	chr3	41153784	41154037	DNA/TcMar-Tigger	1294	+	126	41153910	69398
chr3	51350053	51550053	harbor1	chr3	51421919	51422035	DNA/TcMar-Tigger	474	+	58	51421977	71924
chr3	49991538	50191538	harbor1	chr3	49996066	49996419	DNA/TcMar-Tigger	1291	+	176	49996242	4704
chr3	49991538	50191538	harbor1	chr3	50001073	50001182	DNA/TcMar-Tigger	1320	+	54	50001127	9589
chr3	49991538	50191538	harbor1	chr3	50001466	50001662	DNA/TcMar-Tigger	1320	+	98	50001564	10026
chr3	72242407	72442407	harbor1	chr3	72261060	72261553	DNA/TcMar-Tigger	3011	+	246	72261306	18899
chr3	72242407	72442407	harbor1	chr3	72261581	72261669	DNA/TcMar-Tigger	435	+	44	72261625	19218
chr3	72242407	72442407	harbor1	chr3	72287662	72287983	DNA/TcMar-Tigger	1875	+	160	72287822	45415
chr3	36826635	37026635	harbor1	chr3	36867800	36868381	DNA/TcMar-Tigger	3678	+	290	36868090	41455
chr3	154409220	154609220	harbor1	chr3	154446339	154446513	DNA/TcMar-Tigger	742	+	87	154446426	37206
chr3	154409220	154609220	harbor1	chr3	154446660	154447718	DNA/TcMar-Tigger	5569	+	529	154447189	37969
chr3	148727451	148927451	harbor1	chr3	148771282	148771631	DNA/TcMar-Tigger	1739	+	174	148771456	44005
chr3	188616616	188816616	harbor1	chr3	188626154	188626473	DNA/TcMar-Tigger	1094	+	160	188626314	9698
chr3	188616616	188816616	harbor1	chr3	188653404	188653528	DNA/TcMar-Tigger	413	+	62	188653466	36850
chr3	44953778	45153778	harbor1	chr3	44954277	44954590	DNA/TcMar-Tigger	1760	+	156	44954433	655
chr3	44953778	45153778	harbor1	chr3	45044614	45044740	DNA/TcMar-Tigger	4659	+	63	45044677	90899
chr3	44953778	45153778	harbor1	chr3	45045051	45045954	DNA/TcMar-Tigger	4659	+	452	45045503	91725
chr3	184080515	184280515	harbor1	chr3	184091687	184091952	DNA/TcMar-Tigger	1709	+	132	184091819	11304
chr3	98266368	98466368	harbor1	chr3	98314605	98315831	DNA/TcMar-Tigger	6452	+	613	98315218	48850
chr3	134198894	134398894	harbor1	chr3	134233209	134233356	DNA/TcMar-Tigger	459	+	74	134233283	34389
chr3	142775137	142975137	harbor1	chr3	142807934	142808044	DNA/TcMar-Tigger	4010	+	55	142807989	32852
chr3	142775137	142975137	harbor1	chr3	142808204	142808838	DNA/TcMar-Tigger	4010	+	317	142808521	33384
chr3	31383156	31583156	harbor1	chr3	31418075	31418355	DNA/TcMar-Tigger	1014	+	140	31418215	35059
chr3	31383156	31583156	harbor1	chr3	31419988	31420308	DNA/TcMar-Tigger	1035	+	160	31420148	36992
chr3	4541244	4741244	harbor1	chr3	4612364	4612447	DNA/TcMar-Tigger	476	+	42	4612406	71162
chr3	106078245	106278245	harbor1	chr3	106087565	106088119	DNA/TcMar-Tigger	2784	+	277	106087842	9597
chr3	160200097	160400097	harbor1	chr3	160229903	160230224	DNA/TcMar-Tigger	1105	+	160	160230063	29966
chr3	160200097	160400097	harbor1	chr3	160248631	160248983	DNA/TcMar-Tigger	755	+	176	160248807	48710
chr3	160200097	160400097	harbor1	chr3	160272947	160273064	DNA/TcMar-Tigger	655	+	58	160273005	72908
chr3	26266349	26466349	harbor1	chr3	26352635	26352962	DNA/TcMar-Tigger	1167	+	164	26352799	86450
chr3	96849942	97049942	harbor1	chr3	96895920	96896102	DNA/TcMar-Tigger	1095	+	91	96896011	46069
chr3	96849942	97049942	harbor1	chr3	96893024	96895734	DNA/TcMar-Tigger	16266	+	1355	96894379	44437
chr3	100142998	100342998	harbor1	chr3	100228143	100228991	DNA/TcMar-Tigger	5743	+	424	100228567	85569
chr3	100142998	100342998	harbor1	chr3	100229483	100229750	DNA/TcMar-Tigger	9630	+	134	100229617	86619
chr3	100142998	100342998	harbor1	chr3	100230002	100230359	DNA/TcMar-Tigger	9630	+	178	100230180	87182
chr3	100142998	100342998	harbor1	chr3	100230672	100231284	DNA/TcMar-Tigger	9630	+	306	100230978	87980
chr3	100142998	100342998	harbor1	chr3	100231576	100231906	DNA/TcMar-Tigger	9630	+	165	100231741	88743
chr3	67926982	68126982	harbor1	chr3	67954007	67954830	DNA/TcMar-Tigger	4943	+	412	67954419	27437
chr3	67926982	68126982	harbor1	chr3	67955117	67955155	DNA/TcMar-Tigger	4943	+	19	67955136	28154
chr3	67926982	68126982	harbor1	chr3	67955543	67955781	DNA/TcMar-Tigger	4943	+	119	67955662	28680
chr3	67926982	68126982	harbor1	chr3	67957312	67957418	DNA/TcMar-Tigger	410	+	53	67957365	30383
chr3	67926982	68126982	harbor1	chr3	68016264	68016361	DNA/TcMar-Tigger	1891	+	48	68016312	89330
chr3	67926982	68126982	harbor1	chr3	68016470	68016709	DNA/TcMar-Tigger	1891	+	120	68016590	89608
chr3	67926982	68126982	harbor1	chr3	67944326	67944711	DNA/TcMar-Tigger	814	+	192	67944518	17536
chr3	110938623	111138623	harbor1	chr3	110991813	110992508	DNA/TcMar-Tigger	1063	+	348	110992161	53538
chr3	110938623	111138623	harbor1	chr3	111032804	111034011	DNA/TcMar-Tigger	6752	+	604	111033408	94785
chr3	81156579	81356579	harbor1	chr3	81170410	81170615	DNA/TcMar-Tigger	436	+	102	81170512	13933
chr3	81156579	81356579	harbor1	chr3	81247730	81248890	DNA/TcMar-Tigger	5816	+	580	81248310	91731
chr3	174414129	174614129	harbor1	chr3	174485077	174485300	DNA/TcMar-Tigger	801	+	112	174485189	71060
chr3	174414129	174614129	harbor1	chr3	174498882	174499203	DNA/TcMar-Tigger	1568	+	160	174499042	84913
chr3	107906777	108106777	harbor1	chr3	107915183	107915495	DNA/TcMar-Tigger	865	+	156	107915339	8562
chr3	107906777	108106777	harbor1	chr3	107945662	107945950	DNA/TcMar-Tigger	485	+	144	107945806	39029
chr3	107906777	108106777	harbor1	chr3	107987296	107987630	DNA/TcMar-Tigger	766	+	167	107987463	80686
chr3	143391911	143591911	harbor1	chr3	143414345	143416756	DNA/TcMar-Tigger	15327	+	1206	143415551	23640
chr3	179313521	179513521	harbor1	chr3	179375891	179376041	DNA/TcMar-Tigger	420	+	75	179375966	62445
chr3	179313521	179513521	harbor1	chr3	179378958	179379368	DNA/TcMar-Tigger	15025	+	205	179379163	65642
chr3	179313521	179513521	harbor1	chr3	179379652	179381925	DNA/TcMar-Tigger	15025	+	1136	179380788	67267
chr3	179313521	179513521	harbor1	chr3	179391575	179391732	DNA/TcMar-Tigger	472	+	78	179391653	78132
chr3	10927688	11127688	harbor1	chr3	10959162	10959481	DNA/TcMar-Tigger	1783	+	160	10959322	31634
chr3	10927688	11127688	harbor1	chr3	11020432	11020772	DNA/TcMar-Tigger	2045	+	170	11020602	92914
chr3	188111066	188311066	harbor1	chr3	188210007	188210299	DNA/TcMar-Tigger	1270	+	146	188210153	99087
chr3	10387589	10587589	harbor1	chr3	10406384	10406707	DNA/TcMar-Tigger	1784	+	162	10406546	18957
chr3	10387589	10587589	harbor1	chr3	10429282	10431496	DNA/TcMar-Tigger	6578	+	1107	10430389	42800
chr3	10387589	10587589	harbor1	chr3	10431503	10431577	DNA/TcMar-Tigger	407	+	37	10431540	43951
chr3	3401031	3601031	harbor1	chr3	3433640	3434055	DNA/TcMar-Tigger	886	+	208	3433848	32817
chr3	101301235	101501235	harbor1	chr3	101314846	101315127	DNA/TcMar-Tigger	1594	+	140	101314986	13751
chr3	101301235	101501235	harbor1	chr3	101315128	101315694	DNA/TcMar-Tigger	3390	+	283	101315411	14176
chr3	101301235	101501235	harbor1	chr3	101401122	101401246	DNA/TcMar-Tigger	4592	+	62	101401184	99949
chr3	101301235	101501235	harbor1	chr3	101400323	101400812	DNA/TcMar-Tigger	4592	+	244	101400567	99332
chr3	16257206	16457206	harbor1	chr3	16281345	16281579	DNA/TcMar-Tigger	1542	+	117	16281462	24256
chr3	16257206	16457206	harbor1	chr3	16351677	16352183	DNA/TcMar-Tigger	1134	+	253	16351930	94724
chr3	52227454	52427454	harbor1	chr3	52271104	52271460	DNA/TcMar-Tigger	1421	+	178	52271282	43828
chr3	179336704	179536704	harbor1	chr3	179375891	179376041	DNA/TcMar-Tigger	420	+	75	179375966	39262
chr3	179336704	179536704	harbor1	chr3	179378958	179379368	DNA/TcMar-Tigger	15025	+	205	179379163	42459
chr3	179336704	179536704	harbor1	chr3	179379652	179381925	DNA/TcMar-Tigger	15025	+	1136	179380788	44084
chr3	179336704	179536704	harbor1	chr3	179391575	179391732	DNA/TcMar-Tigger	472	+	78	179391653	54949
chr3	177531171	177731171	harbor1	chr3	177536820	177537006	DNA/TcMar-Tigger	504	+	93	177536913	5742
chr3	177531171	177731171	harbor1	chr3	177558176	177558378	DNA/TcMar-Tigger	1063	+	101	177558277	27106
chr3	177531171	177731171	harbor1	chr3	177558660	177558688	DNA/TcMar-Tigger	1063	+	14	177558674	27503
chr3	177531171	177731171	harbor1	chr3	177558689	177558772	DNA/TcMar-Tigger	476	+	42	177558731	27560
chr3	177531171	177731171	harbor1	chr3	177559622	177559795	DNA/TcMar-Tigger	979	+	86	177559708	28537
chr3	44866996	45066996	harbor1	chr3	44903067	44903294	DNA/TcMar-Tigger	1227	+	114	44903181	36185
chr3	44866996	45066996	harbor1	chr3	44954277	44954590	DNA/TcMar-Tigger	1760	+	156	44954433	87437
chr3	40779167	40979167	harbor1	chr3	40802940	40803656	DNA/TcMar-Tigger	3248	+	358	40803298	24131
chr3	40779167	40979167	harbor1	chr3	40803767	40804049	DNA/TcMar-Tigger	1498	+	141	40803908	24741
chr3	40779167	40979167	harbor1	chr3	40805272	40806914	DNA/TcMar-Tigger	9779	+	821	40806093	26926
chr3	67883853	68083853	harbor1	chr3	67887370	67887482	DNA/TcMar-Tigger	445	+	56	67887426	3573
chr3	67883853	68083853	harbor1	chr3	67910136	67911202	DNA/TcMar-Tigger	6019	+	533	67910669	26816
chr3	67883853	68083853	harbor1	chr3	67954007	67954830	DNA/TcMar-Tigger	4943	+	412	67954419	70566
chr3	67883853	68083853	harbor1	chr3	67955117	67955155	DNA/TcMar-Tigger	4943	+	19	67955136	71283
chr3	67883853	68083853	harbor1	chr3	67955543	67955781	DNA/TcMar-Tigger	4943	+	119	67955662	71809
chr3	67883853	68083853	harbor1	chr3	67957312	67957418	DNA/TcMar-Tigger	410	+	53	67957365	73512
chr3	67883853	68083853	harbor1	chr3	67944326	67944711	DNA/TcMar-Tigger	814	+	192	67944518	60665
chr3	106016667	106216667	harbor1	chr3	106034905	106035263	DNA/TcMar-Tigger	1851	+	179	106035084	18417
chr3	106016667	106216667	harbor1	chr3	106049150	106050630	DNA/TcMar-Tigger	11285	+	740	106049890	33223
chr3	106016667	106216667	harbor1	chr3	106051183	106051548	DNA/TcMar-Tigger	11285	+	182	106051365	34698
chr3	106016667	106216667	harbor1	chr3	106052315	106052364	DNA/TcMar-Tigger	709	+	24	106052339	35672
chr3	106016667	106216667	harbor1	chr3	106052683	106052793	DNA/TcMar-Tigger	709	+	55	106052738	36071
chr3	106016667	106216667	harbor1	chr3	106087565	106088119	DNA/TcMar-Tigger	2784	+	277	106087842	71175
chr3	184050779	184250779	harbor1	chr3	184074782	184075025	DNA/TcMar-Tigger	4011	+	122	184074904	24125
chr3	184050779	184250779	harbor1	chr3	184091687	184091952	DNA/TcMar-Tigger	1709	+	132	184091819	41040
chr3	184050779	184250779	harbor1	chr3	184074086	184074490	DNA/TcMar-Tigger	4011	+	202	184074288	23509
chr3	114431362	114631362	harbor1	chr3	114441057	114441287	DNA/TcMar-Tigger	477	+	115	114441172	9810
chr3	114431362	114631362	harbor1	chr3	114529951	114530549	DNA/TcMar-Tigger	3712	+	299	114530250	98888
chr3	56997560	57197560	harbor1	chr3	57036552	57036776	DNA/TcMar-Tigger	710	+	112	57036664	39104
chr3	56997560	57197560	harbor1	chr3	57094130	57094397	DNA/TcMar-Tigger	468	+	134	57094264	96704
chr3	163025215	163225215	harbor1	chr3	163048193	163049414	DNA/TcMar-Tigger	5366	+	610	163048803	23588
chr3	163025215	163225215	harbor1	chr3	163071066	163071513	DNA/TcMar-Tigger	2127	+	224	163071290	46075
chr3	106660709	106860709	harbor1	chr3	106737094	106737679	DNA/TcMar-Tigger	670	+	292	106737386	76677
chr3	106660709	106860709	harbor1	chr3	106751567	106752186	DNA/TcMar-Tigger	3168	+	310	106751877	91168
chr3	41436348	41636348	harbor1	chr3	41435990	41436356	DNA/TcMar-Tigger	2358	+	183	41436173	175
chr3	41436348	41636348	harbor1	chr3	41480393	41480662	DNA/TcMar-Tigger	2133	+	134	41480527	44179
chr3	41436348	41636348	harbor1	chr3	41481034	41481213	DNA/TcMar-Tigger	2133	+	90	41481124	44776
chr3	82953271	83153271	harbor1	chr3	83024873	83024973	DNA/TcMar-Tigger	498	+	50	83024923	71652
chr3	82953271	83153271	harbor1	chr3	83024986	83025936	DNA/TcMar-Tigger	4918	+	475	83025461	72190
chr3	137170930	137370930	harbor1	chr3	137240710	137240852	DNA/TcMar-Tigger	917	+	71	137240781	69851
chr3	137170930	137370930	harbor1	chr3	137241158	137241506	DNA/TcMar-Tigger	2366	+	174	137241332	70402
chr3	137170930	137370930	harbor1	chr3	137260719	137261554	DNA/TcMar-Tigger	5168	+	418	137261137	90207
chr3	2717033	2917033	harbor1	chr3	2802193	2802764	DNA/TcMar-Tigger	2548	+	286	2802479	85446
chr3	27665091	27865091	harbor1	chr3	27678860	27678973	DNA/TcMar-Tigger	1742	+	56	27678916	13825
chr3	27665091	27865091	harbor1	chr3	27679536	27679750	DNA/TcMar-Tigger	1742	+	107	27679643	14552
chr3	67547228	67747228	harbor1	chr3	67642962	67643482	DNA/TcMar-Tigger	2669	+	260	67643222	95994
chr3	47691513	47891513	harbor1	chr3	47741468	47741663	DNA/TcMar-Tigger	854	+	98	47741566	50053
chr3	124035877	124235877	harbor1	chr3	124122399	124122921	DNA/TcMar-Tigger	15134	+	261	124122660	86783
chr3	124035877	124235877	harbor1	chr3	124123211	124124968	DNA/TcMar-Tigger	15134	+	878	124124089	88212
chr3	418916	618916	harbor1	chr3	453812	454150	DNA/TcMar-Tigger	1659	+	169	453981	35065
chr3	418916	618916	harbor1	chr3	516982	517700	DNA/TcMar-Tigger	6761	+	359	517341	98425
chr3	418916	618916	harbor1	chr3	517999	518457	DNA/TcMar-Tigger	6761	+	229	518228	99312
chr3	96030611	96230611	harbor1	chr3	96127683	96128177	DNA/TcMar-Tigger	2277	+	247	96127930	97319
chr3	41917133	42117133	harbor1	chr3	41986192	41986388	DNA/TcMar-Tigger	1360	+	98	41986290	69157
chr3	154526806	154726806	harbor1	chr3	154592375	154593055	DNA/TcMar-Tigger	2926	+	340	154592715	65909
chr3	60961928	61161928	harbor1	chr3	61059791	61060370	DNA/TcMar-Tigger	3278	+	290	61060081	98153
chr3	142680248	142880248	harbor1	chr3	142696919	142697084	DNA/TcMar-Tigger	475	+	82	142697001	16753
chr3	142680248	142880248	harbor1	chr3	142737419	142737653	DNA/TcMar-Tigger	652	+	117	142737536	57288
chr3	142680248	142880248	harbor1	chr3	142749074	142749642	DNA/TcMar-Tigger	3241	+	284	142749358	69110
chr3	142680248	142880248	harbor1	chr3	142750957	142751573	DNA/TcMar-Tigger	3491	+	308	142751265	71017
chr3	185750754	185950754	harbor1	chr3	185803781	185803841	DNA/TcMar-Tigger	549	+	30	185803811	53057
chr3	185750754	185950754	harbor1	chr3	185804455	185804681	DNA/TcMar-Tigger	549	+	113	185804568	53814
chr3	185750754	185950754	harbor1	chr3	185839828	185839916	DNA/TcMar-Tigger	1118	+	44	185839872	89118
chr3	185750754	185950754	harbor1	chr3	185840218	185840315	DNA/TcMar-Tigger	1118	+	48	185840266	89512
chr3	185750754	185950754	harbor1	chr3	185840880	185841009	DNA/TcMar-Tigger	1118	+	64	185840944	90190
chr3	74724536	74924536	harbor1	chr3	74727487	74727575	DNA/TcMar-Tigger	513	+	44	74727531	2995
chr3	74724536	74924536	harbor1	chr3	74727724	74728065	DNA/TcMar-Tigger	1669	+	170	74727894	3358
chr3	82523275	82723275	harbor1	chr3	82588341	82588637	DNA/TcMar-Tigger	1428	+	148	82588489	65214
chr3	145027111	145227111	harbor1	chr3	145031202	145031340	DNA/TcMar-Tigger	647	+	69	145031271	4160
chr3	145027111	145227111	harbor1	chr3	145041903	145042054	DNA/TcMar-Tigger	579	+	76	145041979	14868
chr3	145027111	145227111	harbor1	chr3	145042129	145042185	DNA/TcMar-Tigger	2417	+	28	145042157	15046
chr3	145027111	145227111	harbor1	chr3	145042554	145042811	DNA/TcMar-Tigger	2417	+	128	145042682	15571
chr3	145027111	145227111	harbor1	chr3	145043328	145043514	DNA/TcMar-Tigger	2417	+	93	145043421	16310
chr3	145027111	145227111	harbor1	chr3	145060097	145060343	DNA/TcMar-Tigger	2063	+	123	145060220	33109
chr3	145027111	145227111	harbor1	chr3	145062644	145062979	DNA/TcMar-Tigger	2063	+	168	145062812	35701
chr3	145027111	145227111	harbor1	chr3	145075056	145075722	DNA/TcMar-Tigger	3051	+	333	145075389	48278
chr3	169466004	169666004	harbor1	chr3	169521777	169522101	DNA/TcMar-Tigger	1870	+	162	169521939	55935
chr3	169466004	169666004	harbor1	chr3	169559766	169559922	DNA/TcMar-Tigger	593	+	78	169559844	93840
chr3	43064910	43264910	harbor1	chr3	43100176	43100469	DNA/TcMar-Tigger	1292	+	146	43100322	35412
chr3	43064910	43264910	harbor1	chr3	43138681	43139013	DNA/TcMar-Tigger	1752	+	166	43138847	73937
chr3	153192567	153392567	harbor1	chr3	153234346	153234717	DNA/TcMar-Tigger	4383	+	186	153234532	41965
chr3	153192567	153392567	harbor1	chr3	153235027	153235037	DNA/TcMar-Tigger	4383	+	5	153235032	42465
chr3	153192567	153392567	harbor1	chr3	153235343	153235697	DNA/TcMar-Tigger	4383	+	177	153235520	42953
chr3	153192567	153392567	harbor1	chr3	153241783	153243407	DNA/TcMar-Tigger	10780	+	812	153242595	50028
chr3	72691028	72891028	harbor1	chr3	72705647	72705840	DNA/TcMar-Tigger	2795	+	96	72705743	14715
chr3	72691028	72891028	harbor1	chr3	72706098	72706332	DNA/TcMar-Tigger	2795	+	117	72706215	15187
chr3	72691028	72891028	harbor1	chr3	72741737	72742051	DNA/TcMar-Tigger	1575	+	157	72741894	50866
chr3	72691028	72891028	harbor1	chr3	72776223	72776553	DNA/TcMar-Tigger	2203	+	165	72776388	85360
chr3	196814748	197014748	harbor1	chr3	196890339	196890679	DNA/TcMar-Tigger	942	+	170	196890509	75761
chr3	35531077	35731077	harbor1	chr3	35572206	35574546	DNA/TcMar-Tigger	13824	+	1170	35573376	42299
chr3	19215286	19415286	harbor1	chr3	19233536	19233737	DNA/TcMar-Tigger	1058	+	100	19233636	18350
chr3	19215286	19415286	harbor1	chr3	19234810	19235218	DNA/TcMar-Tigger	2577	+	204	19235014	19728
chr3	150873907	151073907	harbor1	chr3	150952158	150952557	DNA/TcMar-Tigger	2214	+	200	150952358	78451
chr3	75738447	75938447	harbor1	chr3	75742903	75743199	DNA/TcMar-Tigger	1186	+	148	75743051	4604
chr3	75738447	75938447	harbor1	chr3	75755961	75756664	DNA/TcMar-Tigger	12298	+	352	75756313	17866
chr3	75738447	75938447	harbor1	chr3	75756978	75757832	DNA/TcMar-Tigger	12298	+	427	75757405	18958
chr3	75738447	75938447	harbor1	chr3	75758137	75758731	DNA/TcMar-Tigger	12298	+	297	75758434	19987
chr3	75738447	75938447	harbor1	chr3	75758993	75759210	DNA/TcMar-Tigger	12298	+	108	75759101	20654
chr3	52200100	52400100	harbor1	chr3	52271104	52271460	DNA/TcMar-Tigger	1421	+	178	52271282	71182
chr3	161953290	162153290	harbor1	chr3	161986769	161987002	DNA/TcMar-Tigger	1121	+	116	161986885	33595
chr3	161953290	162153290	harbor1	chr3	162014411	162014736	DNA/TcMar-Tigger	439	+	162	162014573	61283
chr3	161953290	162153290	harbor1	chr3	162015031	162015231	DNA/TcMar-Tigger	927	+	100	162015131	61841
chr3	184835222	185035222	harbor1	chr3	184837275	184837414	DNA/TcMar-Tigger	668	+	70	184837345	2123
chr3	159359790	159559790	harbor1	chr3	159375845	159376349	DNA/TcMar-Tigger	1152	+	252	159376097	16307
chr3	132896540	133096540	harbor1	chr3	132943667	132944030	DNA/TcMar-Tigger	940	+	182	132943849	47309
chr3	132896540	133096540	harbor1	chr3	132954975	132955315	DNA/TcMar-Tigger	1744	+	170	132955145	58605
chr3	196375920	196575920	harbor1	chr3	196450003	196450131	DNA/TcMar-Tigger	779	+	64	196450067	74147
chr3	141038788	141238788	harbor1	chr3	141079342	141079490	DNA/TcMar-Tigger	410	+	74	141079416	40628
chr3	141038788	141238788	harbor1	chr3	141103582	141104051	DNA/TcMar-Tigger	684	+	234	141103816	65028
chr3	141038788	141238788	harbor1	chr3	141111134	141111291	DNA/TcMar-Tigger	809	+	78	141111212	72424
chr3	95874243	96074243	harbor1	chr3	95898840	95899169	DNA/TcMar-Tigger	1569	+	164	95899004	24761
chr3	95874243	96074243	harbor1	chr3	95904373	95904477	DNA/TcMar-Tigger	609	+	52	95904425	30182
chr3	95874243	96074243	harbor1	chr3	95966965	95967015	DNA/TcMar-Tigger	1401	+	25	95966990	92747
chr3	95874243	96074243	harbor1	chr3	95967310	95967581	DNA/TcMar-Tigger	1401	+	136	95967446	93203
chr3	178121989	178321989	harbor1	chr3	178131586	178131740	DNA/TcMar-Tigger	478	+	77	178131663	9674
chr3	178121989	178321989	harbor1	chr3	178132264	178132537	DNA/TcMar-Tigger	985	+	136	178132400	10411
chr3	178121989	178321989	harbor1	chr3	178143959	178144212	DNA/TcMar-Tigger	800	+	126	178144085	22096
chr3	130864516	131064516	harbor1	chr3	130866808	130867295	DNA/TcMar-Tigger	2524	+	244	130867052	2536
chr3	130864516	131064516	harbor1	chr3	130869459	130871271	DNA/TcMar-Tigger	10629	+	906	130870365	5849
chr3	130864516	131064516	harbor1	chr3	130916984	130917322	DNA/TcMar-Tigger	1812	+	169	130917153	52637
chr3	130864516	131064516	harbor1	chr3	130948670	130949621	DNA/TcMar-Tigger	5844	+	476	130949146	84630
chr3	134598251	134798251	harbor1	chr3	134634641	134634876	DNA/TcMar-Tigger	1277	+	118	134634759	36508
chr3	118264899	118464899	harbor1	chr3	118294340	118294686	DNA/TcMar-Tigger	1714	+	173	118294513	29614
chr3	117409893	117609893	harbor1	chr3	117474886	117475112	DNA/TcMar-Tigger	1143	+	113	117474999	65106
chr3	117409893	117609893	harbor1	chr3	117486164	117486348	DNA/TcMar-Tigger	1003	+	92	117486256	76363
chr3	117409893	117609893	harbor1	chr3	117486343	117486478	DNA/TcMar-Tigger	727	+	68	117486411	76518
chr3	65007705	65207705	harbor1	chr3	65013047	65013739	DNA/TcMar-Tigger	3723	+	346	65013393	5688
chr3	65007705	65207705	harbor1	chr3	65040948	65041175	DNA/TcMar-Tigger	1002	+	114	65041062	33357
chr3	65007705	65207705	harbor1	chr3	65041616	65041766	DNA/TcMar-Tigger	705	+	75	65041691	33986
chr3	13169611	13369611	harbor1	chr3	13206215	13206317	DNA/TcMar-Tigger	510	+	51	13206266	36655
chr3	57200723	57400723	harbor1	chr3	57275098	57275168	DNA/TcMar-Tigger	1041	+	35	57275133	74410
chr3	57200723	57400723	harbor1	chr3	57275470	57275614	DNA/TcMar-Tigger	1041	+	72	57275542	74819
chr3	57200723	57400723	harbor1	chr3	57275957	57276057	DNA/TcMar-Tigger	657	+	50	57276007	75284
chr3	189250636	189450636	harbor1	chr3	189267026	189267353	DNA/TcMar-Tigger	1484	+	164	189267190	16554
chr3	189250636	189450636	harbor1	chr3	189302855	189303028	DNA/TcMar-Tigger	411	+	86	189302941	52305
chr3	23177231	23377231	harbor1	chr3	23249289	23249317	DNA/TcMar-Tigger	589	+	14	23249303	72072
chr3	23177231	23377231	harbor1	chr3	23273195	23273257	DNA/TcMar-Tigger	827	+	31	23273226	95995
chr3	23177231	23377231	harbor1	chr3	23273555	23273672	DNA/TcMar-Tigger	827	+	58	23273613	96382
chr3	23177231	23377231	harbor1	chr3	23248733	23248988	DNA/TcMar-Tigger	589	+	128	23248861	71630
chr3	16004685	16204685	harbor1	chr3	16071494	16071991	DNA/TcMar-Tigger	3083	+	248	16071742	67057
chr3	16004685	16204685	harbor1	chr3	16072370	16072976	DNA/TcMar-Tigger	3864	+	303	16072673	67988
chr3	60987691	61187691	harbor1	chr3	61059791	61060370	DNA/TcMar-Tigger	3278	+	290	61060081	72390
chr3	49156862	49356862	harbor1	chr3	49156678	49156874	DNA/TcMar-Tigger	4349	+	98	49156776	86
chr3	49156862	49356862	harbor1	chr3	49157175	49157785	DNA/TcMar-Tigger	4349	+	305	49157480	618
chr3	49156862	49356862	harbor1	chr3	49204291	49204446	DNA/TcMar-Tigger	682	+	78	49204369	47507
chr3	111100414	111300414	harbor1	chr3	111100355	111100618	DNA/TcMar-Tigger	1586	+	132	111100487	73
chr3	111100414	111300414	harbor1	chr3	111114748	111114995	DNA/TcMar-Tigger	1145	+	124	111114872	14458
chr3	111100414	111300414	harbor1	chr3	111174268	111174562	DNA/TcMar-Tigger	1117	+	147	111174415	74001
chr3	76601185	76801185	harbor1	chr3	76630078	76630632	DNA/TcMar-Tigger	2964	+	277	76630355	29170
chr3	76601185	76801185	harbor1	chr3	76687557	76687709	DNA/TcMar-Tigger	452	+	76	76687633	86448
chr3	4142876	4342876	harbor1	chr3	4149162	4149414	DNA/TcMar-Tigger	626	+	126	4149288	6412
chr3	187294463	187494463	harbor1	chr3	187308864	187309197	DNA/TcMar-Tigger	1427	+	166	187309030	14567
chr3	11750120	11950120	harbor1	chr3	11775766	11775874	DNA/TcMar-Tigger	479	+	54	11775820	25700
chr3	11750120	11950120	harbor1	chr3	11776452	11776715	DNA/TcMar-Tigger	1433	+	132	11776584	26464
chr3	11750120	11950120	harbor1	chr3	11821830	11822156	DNA/TcMar-Tigger	1833	+	163	11821993	71873
chr3	11750120	11950120	harbor1	chr3	11832209	11832542	DNA/TcMar-Tigger	1573	+	166	11832375	82255
chr3	140474965	140674965	harbor1	chr3	140503247	140503593	DNA/TcMar-Tigger	2077	+	173	140503420	28455
chr3	140474965	140674965	harbor1	chr3	140570213	140570546	DNA/TcMar-Tigger	1963	+	166	140570379	95414
chr3	68757710	68957710	harbor1	chr3	68762703	68762756	DNA/TcMar-Tigger	802	+	26	68762729	5019
chr3	68757710	68957710	harbor1	chr3	68763033	68763321	DNA/TcMar-Tigger	802	+	144	68763177	5467
chr3	68757710	68957710	harbor1	chr3	68771909	68772257	DNA/TcMar-Tigger	786	+	174	68772083	14373
chr3	68757710	68957710	harbor1	chr3	68772923	68773025	DNA/TcMar-Tigger	786	+	51	68772974	15264
chr3	68757710	68957710	harbor1	chr3	68777706	68778026	DNA/TcMar-Tigger	1608	+	160	68777866	20156
chr3	107525183	107725183	harbor1	chr3	107532952	107533262	DNA/TcMar-Tigger	1120	+	155	107533107	7924
chr3	107525183	107725183	harbor1	chr3	107600858	107602432	DNA/TcMar-Tigger	14667	+	787	107601645	76462
chr3	107525183	107725183	harbor1	chr3	107602557	107602947	DNA/TcMar-Tigger	14667	+	195	107602752	77569
chr3	107525183	107725183	harbor1	chr3	107603264	107603374	DNA/TcMar-Tigger	14667	+	55	107603319	78136
chr3	107525183	107725183	harbor1	chr3	107603678	107604025	DNA/TcMar-Tigger	14667	+	174	107603852	78669
chr3	107525183	107725183	harbor1	chr3	107616129	107616367	DNA/TcMar-Tigger	1234	+	119	107616248	91065
chr3	1112153	1312153	harbor1	chr3	1203783	1204123	DNA/TcMar-Tigger	1899	+	170	1203953	91800
chr3	71531421	71731421	harbor1	chr3	71533203	71533618	DNA/TcMar-Tigger	2090	+	208	71533411	1990
chr3	71531421	71731421	harbor1	chr3	71535199	71535300	DNA/TcMar-Tigger	405	+	50	71535249	3828
chr3	110642818	110842818	harbor1	chr3	110646041	110646223	DNA/TcMar-Tigger	445	+	91	110646132	3314
chr3	29768236	29968236	harbor1	chr3	29791282	29791586	DNA/TcMar-Tigger	442	+	152	29791434	23198
chr3	29768236	29968236	harbor1	chr3	29805085	29806033	DNA/TcMar-Tigger	5464	+	474	29805559	37323
chr3	23268000	23468000	harbor1	chr3	23273195	23273257	DNA/TcMar-Tigger	827	+	31	23273226	5226
chr3	23268000	23468000	harbor1	chr3	23273555	23273672	DNA/TcMar-Tigger	827	+	58	23273613	5613
chr3	23268000	23468000	harbor1	chr3	23323456	23323679	DNA/TcMar-Tigger	956	+	112	23323568	55568
chr3	23268000	23468000	harbor1	chr3	23328286	23328623	DNA/TcMar-Tigger	1569	+	168	23328454	60454
chr3	114431323	114631323	harbor1	chr3	114441057	114441287	DNA/TcMar-Tigger	477	+	115	114441172	9849
chr3	114431323	114631323	harbor1	chr3	114529951	114530549	DNA/TcMar-Tigger	3712	+	299	114530250	98927
chr3	711551	911551	harbor1	chr3	742650	742976	DNA/TcMar-Tigger	1678	+	163	742813	31262
chr3	26310250	26510250	harbor1	chr3	26352635	26352962	DNA/TcMar-Tigger	1167	+	164	26352799	42549
chr3	67392911	67592911	harbor1	chr3	67402979	67403255	DNA/TcMar-Tigger	638	+	138	67403117	10206
chr3	67392911	67592911	harbor1	chr3	67442929	67443267	DNA/TcMar-Tigger	1766	+	169	67443098	50187
chr3	887525	1087525	harbor1	chr3	974486	974806	DNA/TcMar-Tigger	1706	+	160	974646	87121
chr3	98264038	98464038	harbor1	chr3	98314605	98315831	DNA/TcMar-Tigger	6452	+	613	98315218	51180
chr3	5500909	5700909	harbor1	chr3	5536163	5536285	DNA/TcMar-Tigger	512	+	61	5536224	35315
chr3	5500909	5700909	harbor1	chr3	5536559	5537009	DNA/TcMar-Tigger	2784	+	225	5536784	35875
chr3	5500909	5700909	harbor1	chr3	5577159	5577349	DNA/TcMar-Tigger	869	+	95	5577254	76345
chr3	28533140	28733140	harbor1	chr3	28614567	28614872	DNA/TcMar-Tigger	1251	+	152	28614719	81579
chr3	20205653	20405653	harbor1	chr3	20224205	20224419	DNA/TcMar-Tigger	630	+	107	20224312	18659
chr3	20205653	20405653	harbor1	chr3	20300513	20300715	DNA/TcMar-Tigger	429	+	101	20300614	94961
chr3	180719030	180919030	harbor1	chr3	180738584	180738904	DNA/TcMar-Tigger	1405	+	160	180738744	19714
chr4	71267573	71467573	harbor1	chr4	71340283	71340591	DNA/TcMar-Tigger	1612	+	154	71340437	72864
chr4	105310844	105510844	harbor1	chr4	105395366	105395634	DNA/TcMar-Tigger	475	+	134	105395500	84656
chr4	105310844	105510844	harbor1	chr4	105399772	105400125	DNA/TcMar-Tigger	2228	+	176	105399948	89104
chr4	105310844	105510844	harbor1	chr4	105401759	105402127	DNA/TcMar-Tigger	1242	+	184	105401943	91099
chr4	105310844	105510844	harbor1	chr4	105402258	105402354	DNA/TcMar-Tigger	1242	+	48	105402306	91462
chr4	19250126	19450126	harbor1	chr4	19257836	19258156	DNA/TcMar-Tigger	1128	+	160	19257996	7870
chr4	19250126	19450126	harbor1	chr4	19258816	19259359	DNA/TcMar-Tigger	5311	+	272	19259088	8962
chr4	19250126	19450126	harbor1	chr4	19259654	19260184	DNA/TcMar-Tigger	5311	+	265	19259919	9793
chr4	125200706	125400706	harbor1	chr4	125200213	125202246	DNA/TcMar-Tigger	13749	+	1016	125201229	523
chr4	125200706	125400706	harbor1	chr4	125202854	125203179	DNA/TcMar-Tigger	13749	+	162	125203016	2310
chr4	125200706	125400706	harbor1	chr4	125245377	125245536	DNA/TcMar-Tigger	764	+	80	125245457	44751
chr4	125200706	125400706	harbor1	chr4	125263821	125264076	DNA/TcMar-Tigger	754	+	128	125263949	63243
chr4	125200706	125400706	harbor1	chr4	125267626	125267886	DNA/TcMar-Tigger	799	+	130	125267756	67050
chr4	125200706	125400706	harbor1	chr4	125286857	125287109	DNA/TcMar-Tigger	1291	+	126	125286983	86277
chr4	125200706	125400706	harbor1	chr4	125287167	125287281	DNA/TcMar-Tigger	516	+	57	125287224	86518
chr4	160586564	160786564	harbor1	chr4	160616706	160616814	DNA/TcMar-Tigger	533	+	54	160616760	30196
chr4	160586564	160786564	harbor1	chr4	160633671	160634696	DNA/TcMar-Tigger	5260	+	512	160634183	47619
chr4	160586564	160786564	harbor1	chr4	160650458	160650649	DNA/TcMar-Tigger	886	+	96	160650554	63990
chr4	160586564	160786564	harbor1	chr4	160650766	160651982	DNA/TcMar-Tigger	7052	+	608	160651374	64810
chr4	160586564	160786564	harbor1	chr4	160651996	160652129	DNA/TcMar-Tigger	744	+	66	160652062	65498
chr4	160586564	160786564	harbor1	chr4	160652127	160653273	DNA/TcMar-Tigger	6999	+	573	160652700	66136
chr4	41954857	42154857	harbor1	chr4	41966215	41966867	DNA/TcMar-Tigger	6128	+	326	41966541	11684
chr4	41954857	42154857	harbor1	chr4	41967152	41967668	DNA/TcMar-Tigger	6128	+	258	41967410	12553
chr4	41954857	42154857	harbor1	chr4	42000247	42000490	DNA/TcMar-Tigger	570	+	122	42000369	45512
chr4	41954857	42154857	harbor1	chr4	42005927	42006267	DNA/TcMar-Tigger	2111	+	170	42006097	51240
chr4	66835405	67035405	harbor1	chr4	66900105	66900411	DNA/TcMar-Tigger	1691	+	153	66900258	64853
chr4	66835405	67035405	harbor1	chr4	66900772	66901379	DNA/TcMar-Tigger	2403	+	304	66901076	65671
chr4	66835405	67035405	harbor1	chr4	66924504	66924712	DNA/TcMar-Tigger	1273	+	104	66924608	89203
chr4	172711870	172911870	harbor1	chr4	172740416	172741000	DNA/TcMar-Tigger	2576	+	292	172740708	28838
chr4	172711870	172911870	harbor1	chr4	172758639	172758833	DNA/TcMar-Tigger	1105	+	97	172758736	46866
chr4	172711870	172911870	harbor1	chr4	172758833	172758938	DNA/TcMar-Tigger	461	+	52	172758885	47015
chr4	172711870	172911870	harbor1	chr4	172801768	172801966	DNA/TcMar-Tigger	1094	+	99	172801867	89997
chr4	131743652	131943652	harbor1	chr4	131781373	131781704	DNA/TcMar-Tigger	1415	+	166	131781539	37887
chr4	156022177	156222177	harbor1	chr4	156032386	156032816	DNA/TcMar-Tigger	2148	+	215	156032601	10424
chr4	178428790	178628790	harbor1	chr4	178475209	178475435	DNA/TcMar-Tigger	1007	+	113	178475322	46532
chr4	122335521	122535521	harbor1	chr4	122356247	122356453	DNA/TcMar-Tigger	1037	+	103	122356350	20829
chr4	122335521	122535521	harbor1	chr4	122362872	122363177	DNA/TcMar-Tigger	1411	+	152	122363024	27503
chr4	122335521	122535521	harbor1	chr4	122411582	122411811	DNA/TcMar-Tigger	1326	+	114	122411696	76175
chr4	122335521	122535521	harbor1	chr4	122425520	122425848	DNA/TcMar-Tigger	1498	+	164	122425684	90163
chr4	108195037	108395037	harbor1	chr4	108209280	108209542	DNA/TcMar-Tigger	807	+	131	108209411	14374
chr4	108195037	108395037	harbor1	chr4	108209543	108210209	DNA/TcMar-Tigger	3550	+	333	108209876	14839
chr4	108195037	108395037	harbor1	chr4	108210210	108210264	DNA/TcMar-Tigger	807	+	27	108210237	15200
chr4	108195037	108395037	harbor1	chr4	108263830	108263936	DNA/TcMar-Tigger	559	+	53	108263883	68846
chr4	108195037	108395037	harbor1	chr4	108263928	108264185	DNA/TcMar-Tigger	4312	+	128	108264056	69019
chr4	108195037	108395037	harbor1	chr4	108264505	108264975	DNA/TcMar-Tigger	4312	+	235	108264740	69703
chr4	41379139	41579139	harbor1	chr4	41468446	41468691	DNA/TcMar-Tigger	816	+	122	41468568	89429
chr4	146126953	146326953	harbor1	chr4	146127105	146127392	DNA/TcMar-Tigger	1822	+	144	146127249	296
chr4	146126953	146326953	harbor1	chr4	146151002	146151350	DNA/TcMar-Tigger	2230	+	174	146151176	24223
chr4	146126953	146326953	harbor1	chr4	146155940	146156500	DNA/TcMar-Tigger	8680	+	280	146156220	29267
chr4	146126953	146326953	harbor1	chr4	146156807	146157758	DNA/TcMar-Tigger	8680	+	476	146157283	30330
chr4	146126953	146326953	harbor1	chr4	146157906	146158911	DNA/TcMar-Tigger	6365	+	502	146158408	31455
chr4	146126953	146326953	harbor1	chr4	146158985	146159229	DNA/TcMar-Tigger	1412	+	122	146159107	32154
chr4	146126953	146326953	harbor1	chr4	146203329	146204048	DNA/TcMar-Tigger	4151	+	360	146203689	76736
chr4	146126953	146326953	harbor1	chr4	146204142	146206488	DNA/TcMar-Tigger	14978	+	1173	146205315	78362
chr4	19930301	20130301	harbor1	chr4	20015828	20016111	DNA/TcMar-Tigger	1620	+	142	20015970	85669
chr4	19930301	20130301	harbor1	chr4	20022679	20023002	DNA/TcMar-Tigger	2021	+	162	20022841	92540
chr4	152609837	152809837	harbor1	chr4	152634803	152634881	DNA/TcMar-Tigger	402	+	39	152634842	25005
chr4	152609837	152809837	harbor1	chr4	152695495	152695579	DNA/TcMar-Tigger	574	+	42	152695537	85700
chr4	147382739	147582739	harbor1	chr4	147412101	147412737	DNA/TcMar-Tigger	3080	+	318	147412419	29680
chr4	147382739	147582739	harbor1	chr4	147412770	147413094	DNA/TcMar-Tigger	2035	+	162	147412932	30193
chr4	147382739	147582739	harbor1	chr4	147425728	147425922	DNA/TcMar-Tigger	1052	+	97	147425825	43086
chr4	147382739	147582739	harbor1	chr4	147426364	147427404	DNA/TcMar-Tigger	14072	+	520	147426884	44145
chr4	147382739	147582739	harbor1	chr4	147427708	147428871	DNA/TcMar-Tigger	14072	+	582	147428290	45551
chr4	37400090	37600090	harbor1	chr4	37468959	37469275	DNA/TcMar-Tigger	1743	+	158	37469117	69027
chr4	37400090	37600090	harbor1	chr4	37488863	37489079	DNA/TcMar-Tigger	907	+	108	37488971	88881
chr4	88098907	88298907	harbor1	chr4	88142592	88142664	DNA/TcMar-Tigger	1751	+	36	88142628	43721
chr4	88098907	88298907	harbor1	chr4	88142955	88143242	DNA/TcMar-Tigger	1751	+	144	88143099	44192
chr4	88098907	88298907	harbor1	chr4	88148158	88148256	DNA/TcMar-Tigger	578	+	49	88148207	49300
chr4	58520849	58720849	harbor1	chr4	58579141	58579466	DNA/TcMar-Tigger	1061	+	162	58579303	58454
chr4	177635805	177835805	harbor1	chr4	177656674	177657716	DNA/TcMar-Tigger	6598	+	521	177657195	21390
chr4	177635805	177835805	harbor1	chr4	177659002	177659105	DNA/TcMar-Tigger	545	+	52	177659054	23249
chr4	177635805	177835805	harbor1	chr4	177680936	177681485	DNA/TcMar-Tigger	7080	+	274	177681210	45405
chr4	177635805	177835805	harbor1	chr4	177681800	177682479	DNA/TcMar-Tigger	7080	+	340	177682140	46335
chr4	177635805	177835805	harbor1	chr4	177707013	177707334	DNA/TcMar-Tigger	1607	+	160	177707173	71368
chr4	177635805	177835805	harbor1	chr4	177707334	177707538	DNA/TcMar-Tigger	1321	+	102	177707436	71631
chr4	177635805	177835805	harbor1	chr4	177719233	177719419	DNA/TcMar-Tigger	977	+	93	177719326	83521
chr4	35208740	35408740	harbor1	chr4	35217805	35218066	DNA/TcMar-Tigger	1181	+	130	35217935	9195
chr4	35208740	35408740	harbor1	chr4	35218774	35219198	DNA/TcMar-Tigger	2063	+	212	35218986	10246
chr4	35208740	35408740	harbor1	chr4	35219212	35219301	DNA/TcMar-Tigger	493	+	44	35219256	10516
chr4	46122644	46322644	harbor1	chr4	46153498	46153612	DNA/TcMar-Tigger	673	+	57	46153555	30911
chr4	46122644	46322644	harbor1	chr4	46221325	46221659	DNA/TcMar-Tigger	1589	+	167	46221492	98848
chr4	46122644	46322644	harbor1	chr4	46221661	46222214	DNA/TcMar-Tigger	2192	+	276	46221937	99293
chr4	31585939	31785939	harbor1	chr4	31683578	31683958	DNA/TcMar-Tigger	397	+	190	31683768	97829
chr4	111550960	111750960	harbor1	chr4	111579107	111580163	DNA/TcMar-Tigger	4070	+	528	111579635	28675
chr4	111550960	111750960	harbor1	chr4	111608519	111608798	DNA/TcMar-Tigger	1707	+	140	111608659	57699
chr4	111550960	111750960	harbor1	chr4	111613988	111614221	DNA/TcMar-Tigger	1286	+	116	111614104	63144
chr4	111550960	111750960	harbor1	chr4	111616848	111617060	DNA/TcMar-Tigger	802	+	106	111616954	65994
chr4	11304743	11504743	harbor1	chr4	11344228	11344801	DNA/TcMar-Tigger	2103	+	286	11344514	39771
chr4	11304743	11504743	harbor1	chr4	11359912	11360531	DNA/TcMar-Tigger	3417	+	310	11360222	55479
chr4	11304743	11504743	harbor1	chr4	11360528	11361872	DNA/TcMar-Tigger	7374	+	672	11361200	56457
chr4	11304743	11504743	harbor1	chr4	11388462	11388671	DNA/TcMar-Tigger	1134	+	104	11388566	83823
chr4	11304743	11504743	harbor1	chr4	11388676	11389179	DNA/TcMar-Tigger	3148	+	252	11388928	84185
chr4	180394441	180594441	harbor1	chr4	180475068	180475658	DNA/TcMar-Tigger	2525	+	295	180475363	80922
chr4	175698119	175898119	harbor1	chr4	175736772	175737053	DNA/TcMar-Tigger	1546	+	140	175736912	38793
chr4	107802869	108002869	harbor1	chr4	107833417	107833708	DNA/TcMar-Tigger	1358	+	146	107833563	30694
chr4	13891379	14091379	harbor1	chr4	13964272	13964713	DNA/TcMar-Tigger	2890	+	220	13964492	73113
chr4	93608156	93808156	harbor1	chr4	93625509	93625633	DNA/TcMar-Tigger	1327	+	62	93625571	17415
chr4	93608156	93808156	harbor1	chr4	93625944	93626145	DNA/TcMar-Tigger	1327	+	100	93626044	17888
chr4	93608156	93808156	harbor1	chr4	93652351	93652687	DNA/TcMar-Tigger	2058	+	168	93652519	44363
chr4	93608156	93808156	harbor1	chr4	93661123	93661763	DNA/TcMar-Tigger	3163	+	320	93661443	53287
chr4	173217660	173417660	harbor1	chr4	173255910	173256531	DNA/TcMar-Tigger	2005	+	310	173256220	38560
chr4	168722666	168922666	harbor1	chr4	168744654	168745008	DNA/TcMar-Tigger	2233	+	177	168744831	22165
chr4	63496157	63696157	harbor1	chr4	63516651	63516840	DNA/TcMar-Tigger	1148	+	94	63516745	20588
chr4	63496157	63696157	harbor1	chr4	63517087	63519206	DNA/TcMar-Tigger	10740	+	1060	63518147	21990
chr4	63496157	63696157	harbor1	chr4	63561342	63562252	DNA/TcMar-Tigger	3789	+	455	63561797	65640
chr4	63496157	63696157	harbor1	chr4	63562250	63562363	DNA/TcMar-Tigger	645	+	56	63562306	66149
chr4	63496157	63696157	harbor1	chr4	63585351	63585540	DNA/TcMar-Tigger	551	+	94	63585445	89288
chr4	82126099	82326099	harbor1	chr4	82127372	82128528	DNA/TcMar-Tigger	7424	+	578	82127950	1851
chr4	82126099	82326099	harbor1	chr4	82131711	82132947	DNA/TcMar-Tigger	8344	+	618	82132329	6230
chr4	82126099	82326099	harbor1	chr4	82136579	82136877	DNA/TcMar-Tigger	1966	+	149	82136728	10629
chr4	187661498	187861498	harbor1	chr4	187729395	187729729	DNA/TcMar-Tigger	1532	+	167	187729562	68064
chr4	187661498	187861498	harbor1	chr4	187730825	187731688	DNA/TcMar-Tigger	4917	+	432	187731257	69759
chr4	187661498	187861498	harbor1	chr4	187731685	187732365	DNA/TcMar-Tigger	3918	+	340	187732025	70527
chr4	62886403	63086403	harbor1	chr4	62918480	62918722	DNA/TcMar-Tigger	1457	+	121	62918601	32198
chr4	129823031	130023031	harbor1	chr4	129835669	129836251	DNA/TcMar-Tigger	1477	+	291	129835960	12929
chr4	129823031	130023031	harbor1	chr4	129918541	129918770	DNA/TcMar-Tigger	1125	+	114	129918655	95624
chr4	129823031	130023031	harbor1	chr4	129919518	129921690	DNA/TcMar-Tigger	13032	+	1086	129920604	97573
chr4	132808712	133008712	harbor1	chr4	132860917	132861254	DNA/TcMar-Tigger	2044	+	168	132861085	52373
chr4	132808712	133008712	harbor1	chr4	132897497	132897938	DNA/TcMar-Tigger	2107	+	220	132897717	89005
chr4	97724477	97924477	harbor1	chr4	97775613	97775780	DNA/TcMar-Tigger	471	+	84	97775697	51220
chr4	97724477	97924477	harbor1	chr4	97776061	97776149	DNA/TcMar-Tigger	471	+	44	97776105	51628
chr4	97724477	97924477	harbor1	chr4	97786478	97787039	DNA/TcMar-Tigger	1845	+	280	97786758	62281
chr4	97724477	97924477	harbor1	chr4	97804251	97804357	DNA/TcMar-Tigger	618	+	53	97804304	79827
chr4	97724477	97924477	harbor1	chr4	97804350	97805063	DNA/TcMar-Tigger	3545	+	356	97804706	80229
chr4	97724477	97924477	harbor1	chr4	97819899	97820573	DNA/TcMar-Tigger	3742	+	337	97820236	95759
chr4	97724477	97924477	harbor1	chr4	97822869	97823519	DNA/TcMar-Tigger	3982	+	325	97823194	98717
chr4	22139271	22339271	harbor1	chr4	22167634	22167899	DNA/TcMar-Tigger	1372	+	132	22167766	28495
chr4	26779759	26979759	harbor1	chr4	26813334	26813640	DNA/TcMar-Tigger	937	+	153	26813487	33728
chr5	143035685	143235685	harbor1	chr5	143066031	143066374	DNA/TcMar-Tigger	2227	+	172	143066203	30518
chr5	102401648	102601648	harbor1	chr5	102402927	102403230	DNA/TcMar-Tigger	773	+	152	102403079	1431
chr5	176001735	176201735	harbor1	chr5	176042249	176042776	DNA/TcMar-Tigger	1939	+	264	176042513	40778
chr5	87020004	87220004	harbor1	chr5	87076098	87077642	DNA/TcMar-Tigger	4506	+	772	87076870	56866
chr5	87020004	87220004	harbor1	chr5	87077754	87078023	DNA/TcMar-Tigger	1917	+	134	87077888	57884
chr5	87020004	87220004	harbor1	chr5	87078309	87078402	DNA/TcMar-Tigger	1917	+	46	87078355	58351
chr5	87020004	87220004	harbor1	chr5	87113914	87114462	DNA/TcMar-Tigger	3503	+	274	87114188	94184
chr5	87020004	87220004	harbor1	chr5	87118128	87118381	DNA/TcMar-Tigger	1397	+	126	87118254	98250
chr5	87020004	87220004	harbor1	chr5	87118701	87118774	DNA/TcMar-Tigger	454	+	36	87118737	98733
chr5	156808738	157008738	harbor1	chr5	156856071	156856294	DNA/TcMar-Tigger	969	+	112	156856183	47445
chr5	156808738	157008738	harbor1	chr5	156875903	156876083	DNA/TcMar-Tigger	991	+	90	156875993	67255
chr5	131191986	131391986	harbor1	chr5	131204517	131204740	DNA/TcMar-Tigger	944	+	112	131204629	12643
chr5	131191986	131391986	harbor1	chr5	131271322	131271629	DNA/TcMar-Tigger	1209	+	154	131271476	79490
chr5	131191986	131391986	harbor1	chr5	131286544	131286977	DNA/TcMar-Tigger	2128	+	216	131286760	94774
chr5	178697554	178897554	harbor1	chr5	178786075	178786260	DNA/TcMar-Tigger	597	+	92	178786167	88613
chr5	99461037	99661037	harbor1	chr5	99520925	99521228	DNA/TcMar-Tigger	1589	+	152	99521077	60040
chr5	99461037	99661037	harbor1	chr5	99529689	99530145	DNA/TcMar-Tigger	2044	+	228	99529917	68880
chr5	99461037	99661037	harbor1	chr5	99530450	99530598	DNA/TcMar-Tigger	2044	+	74	99530524	69487
chr5	24363764	24563764	harbor1	chr5	24457266	24457335	DNA/TcMar-Tigger	457	+	34	24457300	93536
chr5	84051850	84251850	harbor1	chr5	84080348	84080674	DNA/TcMar-Tigger	786	+	163	84080511	28661
chr5	112317505	112517505	harbor1	chr5	112405476	112405673	DNA/TcMar-Tigger	618	+	98	112405574	88069
chr5	100339448	100539448	harbor1	chr5	100341400	100341693	DNA/TcMar-Tigger	498	+	146	100341546	2098
chr5	100339448	100539448	harbor1	chr5	100362396	100363058	DNA/TcMar-Tigger	3306	+	331	100362727	23279
chr5	6345858	6545858	harbor1	chr5	6358101	6358378	DNA/TcMar-Tigger	1450	+	138	6358239	12381
chr5	6345858	6545858	harbor1	chr5	6395526	6395694	DNA/TcMar-Tigger	483	+	84	6395610	49752
chr5	6345858	6545858	harbor1	chr5	6396084	6396163	DNA/TcMar-Tigger	483	+	40	6396124	50266
chr5	6345858	6545858	harbor1	chr5	6356844	6357845	DNA/TcMar-Tigger	4821	+	500	6357344	11486
chr5	130434211	130634211	harbor1	chr5	130504599	130504904	DNA/TcMar-Tigger	1027	+	152	130504751	70540
chr5	139530349	139730349	harbor1	chr5	139583842	139584413	DNA/TcMar-Tigger	2734	+	286	139584128	53779
chr5	92028988	92228988	harbor1	chr5	92091081	92091409	DNA/TcMar-Tigger	1377	+	164	92091245	62257
chr5	131106664	131306664	harbor1	chr5	131160720	131161049	DNA/TcMar-Tigger	1749	+	164	131160884	54220
chr5	131106664	131306664	harbor1	chr5	131161795	131162043	DNA/TcMar-Tigger	1487	+	124	131161919	55255
chr5	131106664	131306664	harbor1	chr5	131204517	131204740	DNA/TcMar-Tigger	944	+	112	131204629	97965
chr5	6088382	6288382	harbor1	chr5	6116333	6116645	DNA/TcMar-Tigger	1764	+	156	6116489	28107
chr5	6088382	6288382	harbor1	chr5	6158369	6158570	DNA/TcMar-Tigger	1205	+	100	6158469	70087
chr5	32090403	32290403	harbor1	chr5	32136648	32136854	DNA/TcMar-Tigger	1103	+	103	32136751	46348
chr5	32090403	32290403	harbor1	chr5	32139219	32139421	DNA/TcMar-Tigger	1305	+	101	32139320	48917
chr5	179517171	179717171	harbor1	chr5	179542039	179542463	DNA/TcMar-Tigger	1217	+	212	179542251	25080
chr5	179517171	179717171	harbor1	chr5	179542998	179543338	DNA/TcMar-Tigger	1066	+	170	179543168	25997
chr5	140016915	140216915	harbor1	chr5	140027501	140027785	DNA/TcMar-Tigger	1678	+	142	140027643	10728
chr5	140016915	140216915	harbor1	chr5	140058675	140059136	DNA/TcMar-Tigger	2517	+	230	140058905	41990
chr5	35507357	35707357	harbor1	chr5	35583196	35583502	DNA/TcMar-Tigger	1619	+	153	35583349	75992
chr5	35507357	35707357	harbor1	chr5	35589835	35590423	DNA/TcMar-Tigger	3065	+	294	35590129	82772
chr5	75214570	75414570	harbor1	chr5	75221612	75222039	DNA/TcMar-Tigger	2387	+	214	75221826	7256
chr5	75214570	75414570	harbor1	chr5	75229551	75229599	DNA/TcMar-Tigger	3301	+	24	75229575	15005
chr5	75214570	75414570	harbor1	chr5	75229895	75230520	DNA/TcMar-Tigger	3301	+	312	75230207	15637
chr5	148271112	148471112	harbor1	chr5	148300793	148301629	DNA/TcMar-Tigger	4779	+	418	148301211	30099
chr5	148271112	148471112	harbor1	chr5	148310048	148310490	DNA/TcMar-Tigger	2064	+	221	148310269	39157
chr5	148271112	148471112	harbor1	chr5	148357597	148357928	DNA/TcMar-Tigger	1964	+	166	148357763	86651
chr5	148271112	148471112	harbor1	chr5	148361678	148361822	DNA/TcMar-Tigger	897	+	72	148361750	90638
chr5	38750889	38950889	harbor1	chr5	38762419	38763026	DNA/TcMar-Tigger	579	+	304	38762723	11834
chr5	38750889	38950889	harbor1	chr5	38781870	38782180	DNA/TcMar-Tigger	1599	+	155	38782025	31136
chr5	66954490	67154490	harbor1	chr5	67045494	67045615	DNA/TcMar-Tigger	1673	+	60	67045554	91064
chr5	66954490	67154490	harbor1	chr5	67046034	67046256	DNA/TcMar-Tigger	1673	+	111	67046145	91655
chr5	57939556	58139556	harbor1	chr5	58009577	58010253	DNA/TcMar-Tigger	3156	+	338	58009915	70359
chr5	177041941	177241941	harbor1	chr5	177052756	177052850	DNA/TcMar-Tigger	502	+	47	177052803	10862
chr5	167767179	167967179	harbor1	chr5	167780217	167780871	DNA/TcMar-Tigger	4053	+	327	167780544	13365
chr5	167767179	167967179	harbor1	chr5	167803935	167804160	DNA/TcMar-Tigger	1270	+	112	167804047	36868
chr5	24856824	25056824	harbor1	chr5	24880326	24880696	DNA/TcMar-Tigger	2024	+	185	24880511	23687
chr5	24856824	25056824	harbor1	chr5	24881380	24881526	DNA/TcMar-Tigger	609	+	73	24881453	24629
chr5	24856824	25056824	harbor1	chr5	24899361	24899701	DNA/TcMar-Tigger	1368	+	170	24899531	42707
chr5	63320095	63520095	harbor1	chr5	63333130	63333948	DNA/TcMar-Tigger	4567	+	409	63333539	13444
chr5	63320095	63520095	harbor1	chr5	63337376	63337610	DNA/TcMar-Tigger	1249	+	117	63337493	17398
chr5	63320095	63520095	harbor1	chr5	63363093	63363170	DNA/TcMar-Tigger	437	+	38	63363131	43036
chr5	134885083	135085083	harbor1	chr5	134972100	134972334	DNA/TcMar-Tigger	1398	+	117	134972217	87134
chr5	156356183	156556183	harbor1	chr5	156372036	156372268	DNA/TcMar-Tigger	583	+	116	156372152	15969
chr5	156356183	156556183	harbor1	chr5	156389931	156390445	DNA/TcMar-Tigger	6197	+	257	156390188	34005
chr5	156356183	156556183	harbor1	chr5	156390744	156391396	DNA/TcMar-Tigger	6197	+	326	156391070	34887
chr5	156356183	156556183	harbor1	chr5	156391403	156391753	DNA/TcMar-Tigger	1927	+	175	156391578	35395
chr5	159682223	159882223	harbor1	chr5	159726947	159727224	DNA/TcMar-Tigger	611	+	138	159727085	44862
chr5	159682223	159882223	harbor1	chr5	159753096	159753510	DNA/TcMar-Tigger	2628	+	207	159753303	71080
chr5	159682223	159882223	harbor1	chr5	159754141	159754222	DNA/TcMar-Tigger	2628	+	40	159754181	71958
chr5	107544129	107744129	harbor1	chr5	107638479	107638772	DNA/TcMar-Tigger	1208	+	146	107638625	94496
chr5	134072270	134272270	harbor1	chr5	134167325	134167528	DNA/TcMar-Tigger	2031	+	102	134167427	95157
chr5	134072270	134272270	harbor1	chr5	134167824	134167974	DNA/TcMar-Tigger	2031	+	75	134167899	95629
chr5	90365978	90565978	harbor1	chr5	90396839	90397142	DNA/TcMar-Tigger	1283	+	152	90396991	31013
chr5	93230318	93430318	harbor1	chr5	93256812	93257136	DNA/TcMar-Tigger	1756	+	162	93256974	26656
chr5	93230318	93430318	harbor1	chr5	93309421	93309764	DNA/TcMar-Tigger	1706	+	172	93309593	79275
chr5	106464090	106664090	harbor1	chr5	106501704	106502028	DNA/TcMar-Tigger	1699	+	162	106501866	37776
chr5	106464090	106664090	harbor1	chr5	106515640	106515969	DNA/TcMar-Tigger	1893	+	164	106515804	51714
chr5	34345128	34545128	harbor1	chr5	34394710	34395069	DNA/TcMar-Tigger	1428	+	180	34394890	49762
chr5	19260739	19460739	harbor1	chr5	19294884	19297183	DNA/TcMar-Tigger	12128	+	1150	19296034	35295
chr5	39975426	40175426	harbor1	chr5	39983563	39986010	DNA/TcMar-Tigger	14563	+	1224	39984787	9361
chr5	39975426	40175426	harbor1	chr5	40026504	40026726	DNA/TcMar-Tigger	1218	+	111	40026615	51189
chr5	39576991	39776991	harbor1	chr5	39632280	39632440	DNA/TcMar-Tigger	956	+	80	39632360	55369
chr5	62346101	62546101	harbor1	chr5	62445461	62445853	DNA/TcMar-Tigger	1888	+	196	62445657	99556
chr5	38461505	38661505	harbor1	chr5	38488414	38488585	DNA/TcMar-Tigger	448	+	86	38488500	26995
chr5	38461505	38661505	harbor1	chr5	38514663	38514976	DNA/TcMar-Tigger	1454	+	156	38514819	53314
chr5	38461505	38661505	harbor1	chr5	38522497	38522665	DNA/TcMar-Tigger	797	+	84	38522581	61076
chr5	38461505	38661505	harbor1	chr5	38536245	38536568	DNA/TcMar-Tigger	1006	+	162	38536407	74902
chr5	38461505	38661505	harbor1	chr5	38518411	38519331	DNA/TcMar-Tigger	5391	+	460	38518871	57366
chr5	173828355	174028355	harbor1	chr5	173902039	173902319	DNA/TcMar-Tigger	434	+	140	173902179	73824
chr5	112697116	112897116	harbor1	chr5	112698525	112698689	DNA/TcMar-Tigger	1025	+	82	112698607	1491
chr5	112697116	112897116	harbor1	chr5	112698690	112699023	DNA/TcMar-Tigger	1764	+	166	112698856	1740
chr5	112697116	112897116	harbor1	chr5	112699024	112699167	DNA/TcMar-Tigger	1025	+	72	112699096	1980
chr5	112697116	112897116	harbor1	chr5	112774244	112774438	DNA/TcMar-Tigger	978	+	97	112774341	77225
chr5	54259303	54459303	harbor1	chr5	54341419	54341490	DNA/TcMar-Tigger	1751	+	36	54341455	82152
chr5	54259303	54459303	harbor1	chr5	54341785	54342042	DNA/TcMar-Tigger	1751	+	128	54341913	82610
chr5	53011930	53211930	harbor1	chr5	53019281	53019531	DNA/TcMar-Tigger	2534	+	125	53019406	7476
chr5	53011930	53211930	harbor1	chr5	53019826	53020094	DNA/TcMar-Tigger	2534	+	134	53019960	8030
chr5	160590546	160790546	harbor1	chr5	160599217	160599319	DNA/TcMar-Tigger	594	+	51	160599268	8722
chr5	175260696	175460696	harbor1	chr5	175292837	175292963	DNA/TcMar-Tigger	774	+	63	175292900	32204
chr5	136868045	137068045	harbor1	chr5	136876006	136876233	DNA/TcMar-Tigger	1086	+	114	136876120	8075
chr5	136868045	137068045	harbor1	chr5	136883765	136883950	DNA/TcMar-Tigger	908	+	92	136883857	15812
chr5	136868045	137068045	harbor1	chr5	136884337	136884799	DNA/TcMar-Tigger	2532	+	231	136884568	16523
chr5	136868045	137068045	harbor1	chr5	136925222	136925398	DNA/TcMar-Tigger	975	+	88	136925310	57265
chr5	20894218	21094218	harbor1	chr5	20951524	20951839	DNA/TcMar-Tigger	1586	+	158	20951682	57464
chr5	7298465	7498465	harbor1	chr5	7328252	7330976	DNA/TcMar-Tigger	17356	+	1362	7329614	31149
chr5	7298465	7498465	harbor1	chr5	7358773	7358939	DNA/TcMar-Tigger	903	+	83	7358856	60391
chr5	158243711	158443711	harbor1	chr5	158279401	158280452	DNA/TcMar-Tigger	15051	+	526	158279927	36216
chr5	158243711	158443711	harbor1	chr5	158280756	158282056	DNA/TcMar-Tigger	15051	+	650	158281406	37695
chr5	172149908	172349908	harbor1	chr5	172180863	172181420	DNA/TcMar-Tigger	1710	+	278	172181141	31233
chr5	172149908	172349908	harbor1	chr5	172219265	172219973	DNA/TcMar-Tigger	3691	+	354	172219619	69711
chr5	57285825	57485825	harbor1	chr5	57297852	57298078	DNA/TcMar-Tigger	876	+	113	57297965	12140
chr5	57285825	57485825	harbor1	chr5	57313712	57314255	DNA/TcMar-Tigger	2650	+	272	57313984	28159
chr5	151998542	152198542	harbor1	chr5	152006247	152006429	DNA/TcMar-Tigger	494	+	91	152006338	7796
chr5	151998542	152198542	harbor1	chr5	152047086	152047333	DNA/TcMar-Tigger	1276	+	124	152047210	48668
chr5	151998542	152198542	harbor1	chr5	152053162	152053256	DNA/TcMar-Tigger	478	+	47	152053209	54667
chr5	149108535	149308535	harbor1	chr5	149112587	149112695	DNA/TcMar-Tigger	771	+	54	149112641	4106
chr5	149108535	149308535	harbor1	chr5	149112687	149112826	DNA/TcMar-Tigger	1766	+	70	149112757	4222
chr5	149108535	149308535	harbor1	chr5	149113210	149113411	DNA/TcMar-Tigger	1766	+	100	149113310	4775
chr5	149108535	149308535	harbor1	chr5	149113521	149113901	DNA/TcMar-Tigger	2323	+	190	149113711	5176
chr5	149108535	149308535	harbor1	chr5	149133337	149133586	DNA/TcMar-Tigger	691	+	124	149133461	24926
chr5	159930021	160130021	harbor1	chr5	159986722	159986816	DNA/TcMar-Tigger	447	+	47	159986769	56748
chr5	71117468	71317468	harbor1	chr5	71174178	71174322	DNA/TcMar-Tigger	593	+	72	71174250	56782
chr5	71117468	71317468	harbor1	chr5	71174342	71174452	DNA/TcMar-Tigger	558	+	55	71174397	56929
chr5	71117468	71317468	harbor1	chr5	71174715	71174868	DNA/TcMar-Tigger	681	+	76	71174791	57323
chr5	120292448	120492448	harbor1	chr5	120298221	120298853	DNA/TcMar-Tigger	2892	+	316	120298537	6089
chr5	120292448	120492448	harbor1	chr5	120363799	120364087	DNA/TcMar-Tigger	6390	+	144	120363943	71495
chr5	120292448	120492448	harbor1	chr5	120364409	120364419	DNA/TcMar-Tigger	6390	+	5	120364414	71966
chr5	120292448	120492448	harbor1	chr5	120364538	120365481	DNA/TcMar-Tigger	6390	+	472	120365010	72562
chr5	120292448	120492448	harbor1	chr5	120382831	120383221	DNA/TcMar-Tigger	1463	+	195	120383026	90578
chr5	60923588	61123588	harbor1	chr5	60943354	60943953	DNA/TcMar-Tigger	2832	+	300	60943654	20066
chr5	72258098	72458098	harbor1	chr5	72293033	72293549	DNA/TcMar-Tigger	968	+	258	72293291	35193
chr5	72258098	72458098	harbor1	chr5	72294824	72295037	DNA/TcMar-Tigger	1230	+	106	72294930	36832
chr5	119672351	119872351	harbor1	chr5	119719314	119719541	DNA/TcMar-Tigger	1187	+	114	119719428	47077
chr5	119672351	119872351	harbor1	chr5	119720642	119720801	DNA/TcMar-Tigger	610	+	80	119720722	48371
chr5	35245409	35445409	harbor1	chr5	35275799	35276008	DNA/TcMar-Tigger	999	+	104	35275903	30494
chr5	35245409	35445409	harbor1	chr5	35276014	35276105	DNA/TcMar-Tigger	488	+	46	35276060	30651
chr5	129142095	129342095	harbor1	chr5	129227226	129227344	DNA/TcMar-Tigger	672	+	59	129227285	85190
chr5	129142095	129342095	harbor1	chr5	129227336	129227487	DNA/TcMar-Tigger	765	+	76	129227412	85317
chr5	161747911	161947911	harbor1	chr5	161754204	161754321	DNA/TcMar-Tigger	696	+	58	161754262	6351
chr5	161747911	161947911	harbor1	chr5	161755524	161755711	DNA/TcMar-Tigger	1855	+	94	161755618	7707
chr5	161747911	161947911	harbor1	chr5	161755994	161756233	DNA/TcMar-Tigger	1855	+	120	161756114	8203
chr5	93904180	94104180	harbor1	chr5	93920397	93922387	DNA/TcMar-Tigger	13104	+	995	93921392	17212
chr5	93904180	94104180	harbor1	chr5	93922711	93923418	DNA/TcMar-Tigger	3983	+	354	93923065	18885
chr5	93904180	94104180	harbor1	chr5	93928149	93928382	DNA/TcMar-Tigger	533	+	116	93928265	24085
chr5	93904180	94104180	harbor1	chr5	93994551	93994705	DNA/TcMar-Tigger	776	+	77	93994628	90448
chr5	93904180	94104180	harbor1	chr5	93995545	93995666	DNA/TcMar-Tigger	611	+	60	93995605	91425
chr5	93904180	94104180	harbor1	chr5	93994938	93995544	DNA/TcMar-Tigger	3762	+	303	93995241	91061
chr5	169152805	169352805	harbor1	chr5	169229805	169230085	DNA/TcMar-Tigger	643	+	140	169229945	77140
chr5	169152805	169352805	harbor1	chr5	169231008	169231141	DNA/TcMar-Tigger	768	+	66	169231074	78269
chr5	166911735	167111735	harbor1	chr5	167003911	167004153	DNA/TcMar-Tigger	488	+	121	167004032	92297
chr5	39583943	39783943	harbor1	chr5	39632280	39632440	DNA/TcMar-Tigger	956	+	80	39632360	48417
chr5	39583943	39783943	harbor1	chr5	39679794	39680133	DNA/TcMar-Tigger	1784	+	170	39679964	96021
chr5	32621055	32821055	harbor1	chr5	32720875	32721210	DNA/TcMar-Tigger	1288	+	168	32721043	99988
chr5	149838695	150038695	harbor1	chr5	149877764	149877983	DNA/TcMar-Tigger	1057	+	110	149877874	39179
chr5	62575511	62775511	harbor1	chr5	62603815	62604157	DNA/TcMar-Tigger	1970	+	171	62603986	28475
chr5	62575511	62775511	harbor1	chr5	62621827	62622133	DNA/TcMar-Tigger	453	+	153	62621980	46469
chr5	171929045	172129045	harbor1	chr5	171994368	171994599	DNA/TcMar-Tigger	1319	+	116	171994484	65439
chr5	171929045	172129045	harbor1	chr5	172019608	172019903	DNA/TcMar-Tigger	3970	+	148	172019756	90711
chr5	171929045	172129045	harbor1	chr5	172020202	172020563	DNA/TcMar-Tigger	3970	+	180	172020382	91337
chr5	40293280	40493280	harbor1	chr5	40384135	40384331	DNA/TcMar-Tigger	1069	+	98	40384233	90953
chr5	24186286	24386286	harbor1	chr5	24266482	24268016	DNA/TcMar-Tigger	13190	+	767	24267249	80963
chr5	24186286	24386286	harbor1	chr5	24268330	24269204	DNA/TcMar-Tigger	13190	+	437	24268767	82481
chr5	114009195	114209195	harbor1	chr5	114041974	114042658	DNA/TcMar-Tigger	3577	+	342	114042316	33121
chr5	114009195	114209195	harbor1	chr5	114052017	114052291	DNA/TcMar-Tigger	1765	+	137	114052154	42959
chr6	7574554	7774554	harbor1	chr6	7595530	7595607	DNA/TcMar-Tigger	500	+	38	7595568	21014
chr6	7574554	7774554	harbor1	chr6	7601657	7601850	DNA/TcMar-Tigger	1695	+	96	7601753	27199
chr6	7574554	7774554	harbor1	chr6	7613533	7613880	DNA/TcMar-Tigger	2042	+	174	7613707	39153
chr6	7574554	7774554	harbor1	chr6	7623124	7623247	DNA/TcMar-Tigger	1562	+	62	7623186	48632
chr6	7574554	7774554	harbor1	chr6	7623552	7624255	DNA/TcMar-Tigger	1562	+	352	7623904	49350
chr6	7574554	7774554	harbor1	chr6	7636684	7636766	DNA/TcMar-Tigger	811	+	41	7636725	62171
chr6	7574554	7774554	harbor1	chr6	7637534	7637793	DNA/TcMar-Tigger	811	+	130	7637664	63110
chr6	7574554	7774554	harbor1	chr6	7643089	7643417	DNA/TcMar-Tigger	1792	+	164	7643253	68699
chr6	7574554	7774554	harbor1	chr6	7602153	7602315	DNA/TcMar-Tigger	1695	+	81	7602234	27680
chr6	164486733	164686733	harbor1	chr6	164500764	164501102	DNA/TcMar-Tigger	1680	+	169	164500933	14200
chr6	20161315	20361315	harbor1	chr6	20164760	20165118	DNA/TcMar-Tigger	2252	+	179	20164939	3624
chr6	20161315	20361315	harbor1	chr6	20249840	20250225	DNA/TcMar-Tigger	2014	+	192	20250032	88717
chr6	20161315	20361315	harbor1	chr6	20250989	20251066	DNA/TcMar-Tigger	509	+	38	20251027	89712
chr6	128283216	128483216	harbor1	chr6	128366787	128367016	DNA/TcMar-Tigger	444	+	114	128366901	83685
chr6	125801913	126001913	harbor1	chr6	125839678	125840514	DNA/TcMar-Tigger	5888	+	418	125840096	38183
chr6	125801913	126001913	harbor1	chr6	125840809	125840850	DNA/TcMar-Tigger	5888	+	20	125840829	38916
chr6	125801913	126001913	harbor1	chr6	125841190	125841443	DNA/TcMar-Tigger	5888	+	126	125841316	39403
chr6	126482795	126682795	harbor1	chr6	126564608	126564955	DNA/TcMar-Tigger	1735	+	174	126564782	81987
chr6	70708947	70908947	harbor1	chr6	70755305	70755663	DNA/TcMar-Tigger	2162	+	179	70755484	46537
chr6	70708947	70908947	harbor1	chr6	70763054	70763912	DNA/TcMar-Tigger	7603	+	429	70763483	54536
chr6	70708947	70908947	harbor1	chr6	70764212	70764802	DNA/TcMar-Tigger	7603	+	295	70764507	55560
chr6	70708947	70908947	harbor1	chr6	70773916	70774255	DNA/TcMar-Tigger	1847	+	170	70774086	65139
chr6	105233832	105433832	harbor1	chr6	105259896	105260221	DNA/TcMar-Tigger	1589	+	162	105260058	26226
chr6	105233832	105433832	harbor1	chr6	105304047	105304353	DNA/TcMar-Tigger	1094	+	153	105304200	70368
chr6	109606384	109806384	harbor1	chr6	109607301	109607657	DNA/TcMar-Tigger	2020	+	178	109607479	1095
chr6	109606384	109806384	harbor1	chr6	109700585	109700963	DNA/TcMar-Tigger	1831	+	189	109700774	94390
chr6	147275233	147475233	harbor1	chr6	147276994	147277080	DNA/TcMar-Tigger	546	+	43	147277037	1804
chr6	147275233	147475233	harbor1	chr6	147292937	147293264	DNA/TcMar-Tigger	1811	+	164	147293101	17868
chr6	147275233	147475233	harbor1	chr6	147325833	147326122	DNA/TcMar-Tigger	1097	+	144	147325977	50744
chr6	42900419	43100419	harbor1	chr6	42945879	42945928	DNA/TcMar-Tigger	893	+	24	42945903	45484
chr6	42900419	43100419	harbor1	chr6	42946226	42946319	DNA/TcMar-Tigger	893	+	46	42946272	45853
chr6	42900419	43100419	harbor1	chr6	42946632	42946701	DNA/TcMar-Tigger	893	+	34	42946666	46247
chr6	33260055	33460055	harbor1	chr6	33302990	33303113	DNA/TcMar-Tigger	741	+	62	33303052	42997
chr6	33260055	33460055	harbor1	chr6	33303117	33303133	DNA/TcMar-Tigger	886	+	8	33303125	43070
chr6	33260055	33460055	harbor1	chr6	33303438	33303596	DNA/TcMar-Tigger	886	+	79	33303517	43462
chr6	43090959	43290959	harbor1	chr6	43091623	43091819	DNA/TcMar-Tigger	1125	+	98	43091721	762
chr6	43090959	43290959	harbor1	chr6	43092454	43092598	DNA/TcMar-Tigger	725	+	72	43092526	1567
chr6	159931637	160131637	harbor1	chr6	159984194	159984754	DNA/TcMar-Tigger	2315	+	280	159984474	52837
chr6	159931637	160131637	harbor1	chr6	159984768	159985025	DNA/TcMar-Tigger	1309	+	128	159984896	53259
chr6	150161979	150361979	harbor1	chr6	150167446	150167662	DNA/TcMar-Tigger	854	+	108	150167554	5575
chr6	150161979	150361979	harbor1	chr6	150184369	150184533	DNA/TcMar-Tigger	1006	+	82	150184451	22472
chr6	150161979	150361979	harbor1	chr6	150212658	150212938	DNA/TcMar-Tigger	1678	+	140	150212798	50819
chr6	4441046	4641046	harbor1	chr6	4501527	4501831	DNA/TcMar-Tigger	1510	+	152	4501679	60633
chr6	4441046	4641046	harbor1	chr6	4524306	4524540	DNA/TcMar-Tigger	1878	+	117	4524423	83377
chr6	4441046	4641046	harbor1	chr6	4524816	4525046	DNA/TcMar-Tigger	1878	+	115	4524931	83885
chr6	121853841	122053841	harbor1	chr6	121898892	121899717	DNA/TcMar-Tigger	4681	+	412	121899304	45463
chr6	121853841	122053841	harbor1	chr6	121899720	121900830	DNA/TcMar-Tigger	7183	+	555	121900275	46434
chr6	36532897	36732897	harbor1	chr6	36572088	36572148	DNA/TcMar-Tigger	816	+	30	36572118	39221
chr6	36532897	36732897	harbor1	chr6	36572450	36572478	DNA/TcMar-Tigger	816	+	14	36572464	39567
chr6	36532897	36732897	harbor1	chr6	36572777	36572920	DNA/TcMar-Tigger	855	+	72	36572849	39952
chr6	36532897	36732897	harbor1	chr6	36573251	36573655	DNA/TcMar-Tigger	2971	+	202	36573453	40556
chr6	36532897	36732897	harbor1	chr6	36573960	36574053	DNA/TcMar-Tigger	2971	+	46	36574006	41109
chr6	36532897	36732897	harbor1	chr6	36611953	36612168	DNA/TcMar-Tigger	8298	+	108	36612061	79164
chr6	36532897	36732897	harbor1	chr6	36612452	36612613	DNA/TcMar-Tigger	8298	+	80	36612532	79635
chr6	36532897	36732897	harbor1	chr6	36612924	36613851	DNA/TcMar-Tigger	8298	+	464	36613388	80491
chr6	36532897	36732897	harbor1	chr6	36614359	36614502	DNA/TcMar-Tigger	8298	+	72	36614431	81534
chr6	36532897	36732897	harbor1	chr6	36622361	36622479	DNA/TcMar-Tigger	713	+	59	36622420	89523
chr6	26316125	26516125	harbor1	chr6	26351430	26352101	DNA/TcMar-Tigger	3988	+	336	26351766	35641
chr6	120948150	121148150	harbor1	chr6	120964811	120965027	DNA/TcMar-Tigger	1096	+	108	120964919	16769
chr6	120948150	121148150	harbor1	chr6	120980862	120981064	DNA/TcMar-Tigger	1137	+	101	120980963	32813
chr6	116620103	116820103	harbor1	chr6	116677534	116677859	DNA/TcMar-Tigger	1479	+	162	116677696	57593
chr6	112084800	112284800	harbor1	chr6	112154418	112154608	DNA/TcMar-Tigger	508	+	95	112154513	69713
chr6	118740268	118940268	harbor1	chr6	118742473	118742959	DNA/TcMar-Tigger	1817	+	243	118742716	2448
chr6	118740268	118940268	harbor1	chr6	118812354	118812574	DNA/TcMar-Tigger	1305	+	110	118812464	72196
chr6	164027340	164227340	harbor1	chr6	164091743	164092308	DNA/TcMar-Tigger	2852	+	282	164092025	64685
chr6	63082852	63282852	harbor1	chr6	63087602	63087838	DNA/TcMar-Tigger	1272	+	118	63087720	4868
chr6	126195301	126395301	harbor1	chr6	126231260	126231465	DNA/TcMar-Tigger	1216	+	102	126231362	36061
chr6	126195301	126395301	harbor1	chr6	126231463	126231616	DNA/TcMar-Tigger	846	+	76	126231539	36238
chr6	135031307	135231307	harbor1	chr6	135030790	135031411	DNA/TcMar-Tigger	3028	+	310	135031100	207
chr6	135031307	135231307	harbor1	chr6	135043109	135043398	DNA/TcMar-Tigger	475	+	144	135043253	11946
chr6	64986850	65186850	harbor1	chr6	64990716	64991022	DNA/TcMar-Tigger	477	+	153	64990869	4019
chr6	64986850	65186850	harbor1	chr6	65029508	65029673	DNA/TcMar-Tigger	1031	+	82	65029590	42740
chr6	64986850	65186850	harbor1	chr6	65037458	65037777	DNA/TcMar-Tigger	1337	+	160	65037618	50768
chr6	70313575	70513575	harbor1	chr6	70380396	70380502	DNA/TcMar-Tigger	6567	+	53	70380449	66874
chr6	70313575	70513575	harbor1	chr6	70381267	70381372	DNA/TcMar-Tigger	6567	+	52	70381319	67744
chr6	70313575	70513575	harbor1	chr6	70381688	70382433	DNA/TcMar-Tigger	6567	+	372	70382060	68485
chr6	70313575	70513575	harbor1	chr6	70382744	70383030	DNA/TcMar-Tigger	6567	+	143	70382887	69312
chr6	7526584	7726584	harbor1	chr6	7539748	7540109	DNA/TcMar-Tigger	2508	+	180	7539928	13344
chr6	7526584	7726584	harbor1	chr6	7595530	7595607	DNA/TcMar-Tigger	500	+	38	7595568	68984
chr6	7526584	7726584	harbor1	chr6	7601657	7601850	DNA/TcMar-Tigger	1695	+	96	7601753	75169
chr6	7526584	7726584	harbor1	chr6	7613533	7613880	DNA/TcMar-Tigger	2042	+	174	7613707	87123
chr6	7526584	7726584	harbor1	chr6	7623124	7623247	DNA/TcMar-Tigger	1562	+	62	7623186	96602
chr6	7526584	7726584	harbor1	chr6	7623552	7624255	DNA/TcMar-Tigger	1562	+	352	7623904	97320
chr6	7526584	7726584	harbor1	chr6	7602153	7602315	DNA/TcMar-Tigger	1695	+	81	7602234	75650
chr6	12391601	12591601	harbor1	chr6	12422095	12422334	DNA/TcMar-Tigger	1383	+	120	12422215	30614
chr6	39730097	39930097	harbor1	chr6	39746508	39746942	DNA/TcMar-Tigger	2790	+	217	39746725	16628
chr6	83763171	83963171	harbor1	chr6	83861429	83862003	DNA/TcMar-Tigger	3398	+	287	83861716	98545
chr6	86563747	86763747	harbor1	chr6	86592473	86592817	DNA/TcMar-Tigger	1963	+	172	86592645	28898
chr6	34127346	34327346	harbor1	chr6	34149818	34150115	DNA/TcMar-Tigger	723	+	148	34149966	22620
chr6	109763746	109963746	harbor1	chr6	109787907	109788218	DNA/TcMar-Tigger	1381	+	156	109788063	24317
chr6	109763746	109963746	harbor1	chr6	109818101	109818202	DNA/TcMar-Tigger	1502	+	50	109818151	54405
chr6	109763746	109963746	harbor1	chr6	109818500	109818711	DNA/TcMar-Tigger	1502	+	106	109818606	54860
chr6	109763746	109963746	harbor1	chr6	109841906	109842314	DNA/TcMar-Tigger	2253	+	204	109842110	78364
chr6	109763746	109963746	harbor1	chr6	109842356	109842566	DNA/TcMar-Tigger	1137	+	105	109842461	78715
chr6	109763746	109963746	harbor1	chr6	109845670	109845805	DNA/TcMar-Tigger	947	+	68	109845738	81992
chr6	154505258	154705258	harbor1	chr6	154538549	154539219	DNA/TcMar-Tigger	1381	+	335	154538884	33626
chr6	94080583	94280583	harbor1	chr6	94165142	94165357	DNA/TcMar-Tigger	544	+	108	94165250	84667
chr6	94080583	94280583	harbor1	chr6	94173720	94173984	DNA/TcMar-Tigger	899	+	132	94173852	93269
chr6	94080583	94280583	harbor1	chr6	94091467	94094198	DNA/TcMar-Tigger	14511	+	1366	94092833	12250
chr6	51569033	51769033	harbor1	chr6	51584879	51585269	DNA/TcMar-Tigger	707	+	195	51585074	16041
chr6	71201362	71401362	harbor1	chr6	71202742	71203079	DNA/TcMar-Tigger	1838	+	168	71202910	1548
chr6	71201362	71401362	harbor1	chr6	71229688	71230070	DNA/TcMar-Tigger	4862	+	191	71229879	28517
chr6	71201362	71401362	harbor1	chr6	71230382	71230688	DNA/TcMar-Tigger	4862	+	153	71230535	29173
chr6	71201362	71401362	harbor1	chr6	71230987	71231562	DNA/TcMar-Tigger	4862	+	288	71231275	29913
chr6	152402005	152602005	harbor1	chr6	152490031	152490326	DNA/TcMar-Tigger	1167	+	148	152490179	88174
chr6	62572607	62772607	harbor1	chr6	62572485	62572794	DNA/TcMar-Tigger	1780	+	154	62572639	32
chr6	62572607	62772607	harbor1	chr6	62581105	62581434	DNA/TcMar-Tigger	887	+	164	62581269	8662
chr6	17125487	17325487	harbor1	chr6	17196864	17197304	DNA/TcMar-Tigger	2719	+	220	17197084	71597
chr6	46871561	47071561	harbor1	chr6	46896740	46897066	DNA/TcMar-Tigger	1841	+	163	46896903	25342
chr6	46871561	47071561	harbor1	chr6	46940058	46940201	DNA/TcMar-Tigger	466	+	72	46940130	68569
chr6	23922124	24122124	harbor1	chr6	23997226	23997640	DNA/TcMar-Tigger	2485	+	207	23997433	75309
chr6	83840575	84040575	harbor1	chr6	83861429	83862003	DNA/TcMar-Tigger	3398	+	287	83861716	21141
chr6	83840575	84040575	harbor1	chr6	83863641	83863969	DNA/TcMar-Tigger	1383	+	164	83863805	23230
chr6	83840575	84040575	harbor1	chr6	83869318	83869546	DNA/TcMar-Tigger	3130	+	114	83869432	28857
chr6	83840575	84040575	harbor1	chr6	83869837	83870222	DNA/TcMar-Tigger	3130	+	192	83870029	29454
chr6	83840575	84040575	harbor1	chr6	83870226	83870334	DNA/TcMar-Tigger	515	+	54	83870280	29705
chr6	83840575	84040575	harbor1	chr6	83870762	83870892	DNA/TcMar-Tigger	599	+	65	83870827	30252
chr6	83840575	84040575	harbor1	chr6	83888293	83889643	DNA/TcMar-Tigger	14408	+	675	83888968	48393
chr6	83840575	84040575	harbor1	chr6	83890049	83890952	DNA/TcMar-Tigger	14408	+	452	83890501	49926
chr6	83840575	84040575	harbor1	chr6	83891247	83891357	DNA/TcMar-Tigger	14408	+	55	83891302	50727
chr6	83840575	84040575	harbor1	chr6	83930750	83930855	DNA/TcMar-Tigger	513	+	52	83930802	90227
chr6	150473108	150673108	harbor1	chr6	150480025	150480218	DNA/TcMar-Tigger	1122	+	96	150480121	7013
chr6	150473108	150673108	harbor1	chr6	150553778	150555027	DNA/TcMar-Tigger	8030	+	624	150554402	81294
chr6	150473108	150673108	harbor1	chr6	150555337	150555382	DNA/TcMar-Tigger	8030	+	22	150555359	82251
chr6	150473108	150673108	harbor1	chr6	150555381	150556394	DNA/TcMar-Tigger	6937	+	506	150555887	82779
chr6	77437407	77637407	harbor1	chr6	77469818	77470122	DNA/TcMar-Tigger	424	+	152	77469970	32563
chr6	77437407	77637407	harbor1	chr6	77471485	77471815	DNA/TcMar-Tigger	904	+	165	77471650	34243
chr6	77437407	77637407	harbor1	chr6	77481603	77481899	DNA/TcMar-Tigger	1062	+	148	77481751	44344
chr6	152414955	152614955	harbor1	chr6	152490031	152490326	DNA/TcMar-Tigger	1167	+	148	152490179	75224
chr6	50090444	50290444	harbor1	chr6	50089429	50091890	DNA/TcMar-Tigger	14712	+	1230	50090659	215
chr6	153304996	153504996	harbor1	chr6	153351712	153352070	DNA/TcMar-Tigger	1928	+	179	153351891	46895
chr6	153304996	153504996	harbor1	chr6	153361393	153362005	DNA/TcMar-Tigger	3219	+	306	153361699	56703
chr6	153304996	153504996	harbor1	chr6	153399967	153400633	DNA/TcMar-Tigger	3041	+	333	153400300	95304
chr6	158258918	158458918	harbor1	chr6	158263172	158263583	DNA/TcMar-Tigger	982	+	206	158263378	4460
chr6	158258918	158458918	harbor1	chr6	158266657	158266846	DNA/TcMar-Tigger	907	+	94	158266751	7833
chr6	158258918	158458918	harbor1	chr6	158318687	158318721	DNA/TcMar-Tigger	682	+	17	158318704	59786
chr6	158258918	158458918	harbor1	chr6	158319045	158319321	DNA/TcMar-Tigger	682	+	138	158319183	60265
chr6	158258918	158458918	harbor1	chr6	158323813	158324008	DNA/TcMar-Tigger	822	+	98	158323911	64993
chr6	158258918	158458918	harbor1	chr6	158326812	158327051	DNA/TcMar-Tigger	956	+	120	158326932	68014
chr6	158258918	158458918	harbor1	chr6	158333607	158334623	DNA/TcMar-Tigger	6225	+	508	158334115	75197
chr6	158258918	158458918	harbor1	chr6	158344355	158345196	DNA/TcMar-Tigger	5498	+	420	158344775	85857
chr6	158258918	158458918	harbor1	chr6	158346450	158346564	DNA/TcMar-Tigger	653	+	57	158346507	87589
chr6	146198027	146398027	harbor1	chr6	146288809	146289966	DNA/TcMar-Tigger	6017	+	578	146289387	91360
chr6	17858844	18058844	harbor1	chr6	17866956	17867361	DNA/TcMar-Tigger	1120	+	202	17867158	8314
chr6	17858844	18058844	harbor1	chr6	17905999	17906355	DNA/TcMar-Tigger	700	+	178	17906177	47333
chr6	105342515	105542515	harbor1	chr6	105421981	105422067	DNA/TcMar-Tigger	562	+	43	105422024	79509
chr6	105342515	105542515	harbor1	chr6	105434022	105434357	DNA/TcMar-Tigger	1484	+	168	105434190	91675
chr6	62118920	62318920	harbor1	chr6	62145716	62145988	DNA/TcMar-Tigger	1629	+	136	62145852	26932
chr6	62118920	62318920	harbor1	chr6	62161396	62161625	DNA/TcMar-Tigger	873	+	114	62161510	42590
chr6	51541284	51741284	harbor1	chr6	51584879	51585269	DNA/TcMar-Tigger	707	+	195	51585074	43790
chr6	56356147	56556147	harbor1	chr6	56380461	56381097	DNA/TcMar-Tigger	3134	+	318	56380779	24632
chr6	37781668	37981668	harbor1	chr6	37850465	37850767	DNA/TcMar-Tigger	1666	+	151	37850616	68948
chr6	14854122	15054122	harbor1	chr6	14906055	14906343	DNA/TcMar-Tigger	645	+	144	14906199	52077
chr6	153802596	154002596	harbor1	chr6	153859179	153859295	DNA/TcMar-Tigger	1468	+	58	153859237	56641
chr6	153802596	154002596	harbor1	chr6	153859640	153859842	DNA/TcMar-Tigger	1468	+	101	153859741	57145
chr6	22547808	22747808	harbor1	chr6	22553094	22553190	DNA/TcMar-Tigger	555	+	48	22553142	5334
chr6	22547808	22747808	harbor1	chr6	22608906	22609142	DNA/TcMar-Tigger	1604	+	118	22609024	61216
chr6	22547808	22747808	harbor1	chr6	22609434	22609530	DNA/TcMar-Tigger	1604	+	48	22609482	61674
chr6	89472274	89672274	harbor1	chr6	89481296	89481517	DNA/TcMar-Tigger	1221	+	110	89481406	9132
chr6	89472274	89672274	harbor1	chr6	89486149	89486464	DNA/TcMar-Tigger	1952	+	158	89486307	14033
chr6	101408010	101608010	harbor1	chr6	101409159	101409440	DNA/TcMar-Tigger	1794	+	140	101409299	1289
chr6	147515035	147715035	harbor1	chr6	147614833	147615180	DNA/TcMar-Tigger	1444	+	174	147615007	99972
chr6	6002112	6202112	harbor1	chr6	6074803	6074947	DNA/TcMar-Tigger	818	+	72	6074875	72763
chr6	115463784	115663784	harbor1	chr6	115498610	115498920	DNA/TcMar-Tigger	1272	+	155	115498765	34981
chr6	115463784	115663784	harbor1	chr6	115540436	115540594	DNA/TcMar-Tigger	576	+	79	115540515	76731
chr6	115463784	115663784	harbor1	chr6	115558956	115560027	DNA/TcMar-Tigger	6264	+	536	115559492	95708
chr6	115463784	115663784	harbor1	chr6	115560182	115561373	DNA/TcMar-Tigger	6739	+	596	115560778	96994
chr6	158827230	159027230	harbor1	chr6	158827322	158827540	DNA/TcMar-Tigger	425	+	109	158827431	201
chr6	158827230	159027230	harbor1	chr6	158925345	158925456	DNA/TcMar-Tigger	428	+	56	158925401	98171
chr6	158827230	159027230	harbor1	chr6	158925454	158925719	DNA/TcMar-Tigger	1386	+	132	158925586	98356
chr6	158827230	159027230	harbor1	chr6	158926541	158926755	DNA/TcMar-Tigger	1373	+	107	158926648	99418
chr6	80560341	80760341	harbor1	chr6	80655204	80655281	DNA/TcMar-Tigger	468	+	38	80655242	94901
chr6	31058960	31258960	harbor1	chr6	31074861	31075108	DNA/TcMar-Tigger	1255	+	124	31074985	16025
chr6	123106710	123306710	harbor1	chr6	123117617	123118341	DNA/TcMar-Tigger	6675	+	362	123117979	11269
chr6	123106710	123306710	harbor1	chr6	123118632	123119133	DNA/TcMar-Tigger	6675	+	250	123118882	12172
chr6	54638971	54838971	harbor1	chr6	54682004	54682264	DNA/TcMar-Tigger	1520	+	130	54682134	43163
chr6	54638971	54838971	harbor1	chr6	54682267	54682363	DNA/TcMar-Tigger	542	+	48	54682315	43344
chr6	104129804	104329804	harbor1	chr6	104131984	104132189	DNA/TcMar-Tigger	12634	+	102	104132086	2282
chr6	104129804	104329804	harbor1	chr6	104132471	104134610	DNA/TcMar-Tigger	12634	+	1070	104133541	3737
chr6	157157173	157357173	harbor1	chr6	157192525	157192602	DNA/TcMar-Tigger	434	+	38	157192563	35390
chr6	157157173	157357173	harbor1	chr6	157237774	157238102	DNA/TcMar-Tigger	2045	+	164	157237938	80765
chr6	108815922	109015922	harbor1	chr6	108878524	108878857	DNA/TcMar-Tigger	433	+	166	108878690	62768
chr6	108815922	109015922	harbor1	chr6	108897154	108897356	DNA/TcMar-Tigger	591	+	101	108897255	81333
chr6	167796336	167996336	harbor1	chr6	167813325	167813543	DNA/TcMar-Tigger	1171	+	109	167813434	17098
chr6	167796336	167996336	harbor1	chr6	167855886	167856416	DNA/TcMar-Tigger	2385	+	265	167856151	59815
chr6	167796336	167996336	harbor1	chr6	167863080	167863312	DNA/TcMar-Tigger	1179	+	116	167863196	66860
chr6	16321069	16521069	harbor1	chr6	16395394	16395735	DNA/TcMar-Tigger	3438	+	170	16395564	74495
chr6	16321069	16521069	harbor1	chr6	16396040	16396299	DNA/TcMar-Tigger	3438	+	130	16396170	75101
chr6	16321069	16521069	harbor1	chr6	16396415	16397088	DNA/TcMar-Tigger	3542	+	336	16396751	75682
chr6	30139090	30339090	harbor1	chr6	30235889	30236007	DNA/TcMar-Tigger	474	+	59	30235948	96858
chr6	123912068	124112068	harbor1	chr6	123971910	123972314	DNA/TcMar-Tigger	2181	+	202	123972112	60044
chr6	62971758	63171758	harbor1	chr6	62976511	62977517	DNA/TcMar-Tigger	4167	+	503	62977014	5256
chr6	62971758	63171758	harbor1	chr6	63015737	63016129	DNA/TcMar-Tigger	2169	+	196	63015933	44175
chr6	62971758	63171758	harbor1	chr6	63016138	63016260	DNA/TcMar-Tigger	571	+	61	63016199	44441
chr6	62971758	63171758	harbor1	chr6	63016561	63017138	DNA/TcMar-Tigger	3908	+	288	63016849	45091
chr6	62971758	63171758	harbor1	chr6	63017532	63018136	DNA/TcMar-Tigger	3498	+	302	63017834	46076
chr6	62971758	63171758	harbor1	chr6	63045068	63045406	DNA/TcMar-Tigger	1542	+	169	63045237	73479
chr6	64382615	64582615	harbor1	chr6	64454485	64454560	DNA/TcMar-Tigger	427	+	38	64454523	71908
chr6	82061012	82261012	harbor1	chr6	82135945	82136281	DNA/TcMar-Tigger	1973	+	168	82136113	75101
chr6	49235875	49435875	harbor1	chr6	49315486	49315816	DNA/TcMar-Tigger	1704	+	165	49315651	79776
chr6	10559409	10759409	harbor1	chr6	10577873	10577995	DNA/TcMar-Tigger	791	+	61	10577934	18525
chr6	10559409	10759409	harbor1	chr6	10642676	10642900	DNA/TcMar-Tigger	1388	+	112	10642788	83379
chr6	129617422	129817422	harbor1	chr6	129674454	129674784	DNA/TcMar-Tigger	1987	+	165	129674619	57197
chr6	118119946	118319946	harbor1	chr6	118140268	118141461	DNA/TcMar-Tigger	6911	+	596	118140864	20918
chr6	77132138	77332138	harbor1	chr6	77163172	77163888	DNA/TcMar-Tigger	4378	+	358	77163530	31392
chr6	77132138	77332138	harbor1	chr6	77164153	77164402	DNA/TcMar-Tigger	4378	+	124	77164277	32139
chr6	120486239	120686239	harbor1	chr6	120489147	120489347	DNA/TcMar-Tigger	996	+	100	120489247	3008
chr6	98437313	98637313	harbor1	chr6	98456791	98457227	DNA/TcMar-Tigger	2134	+	218	98457009	19696
chr6	98437313	98637313	harbor1	chr6	98494697	98494805	DNA/TcMar-Tigger	653	+	54	98494751	57438
chr6	98437313	98637313	harbor1	chr6	98495014	98495215	DNA/TcMar-Tigger	1150	+	100	98495114	57801
chr6	98437313	98637313	harbor1	chr6	98495214	98495308	DNA/TcMar-Tigger	630	+	47	98495261	57948
chr6	14268936	14468936	harbor1	chr6	14359289	14359657	DNA/TcMar-Tigger	1780	+	184	14359473	90537
chr6	121930625	122130625	harbor1	chr6	122009403	122009495	DNA/TcMar-Tigger	437	+	46	122009449	78824
chr6	121930625	122130625	harbor1	chr6	122009842	122010296	DNA/TcMar-Tigger	2537	+	227	122010069	79444
chr6	115482519	115682519	harbor1	chr6	115498610	115498920	DNA/TcMar-Tigger	1272	+	155	115498765	16246
chr6	115482519	115682519	harbor1	chr6	115540436	115540594	DNA/TcMar-Tigger	576	+	79	115540515	57996
chr6	115482519	115682519	harbor1	chr6	115558956	115560027	DNA/TcMar-Tigger	6264	+	536	115559492	76973
chr6	115482519	115682519	harbor1	chr6	115560182	115561373	DNA/TcMar-Tigger	6739	+	596	115560778	78259
chr6	149029854	149229854	harbor1	chr6	149122857	149125235	DNA/TcMar-Tigger	14886	+	1189	149124046	94192
chr6	152447208	152647208	harbor1	chr6	152490031	152490326	DNA/TcMar-Tigger	1167	+	148	152490179	42971
chr6	152447208	152647208	harbor1	chr6	152530496	152530623	DNA/TcMar-Tigger	3485	+	64	152530560	83352
chr6	152447208	152647208	harbor1	chr6	152530923	152531463	DNA/TcMar-Tigger	3485	+	270	152531193	83985
chr6	152447208	152647208	harbor1	chr6	152543627	152544015	DNA/TcMar-Tigger	1640	+	194	152543821	96613
chr6	67687777	67887777	harbor1	chr6	67775467	67775775	DNA/TcMar-Tigger	1140	+	154	67775621	87844
chr6	67687777	67887777	harbor1	chr6	67783835	67784000	DNA/TcMar-Tigger	1043	+	82	67783917	96140
chr6	110621265	110821265	harbor1	chr6	110628324	110628585	DNA/TcMar-Tigger	1297	+	130	110628454	7189
chr6	110621265	110821265	harbor1	chr6	110628585	110628684	DNA/TcMar-Tigger	633	+	50	110628635	7370
chr6	110621265	110821265	harbor1	chr6	110659444	110659849	DNA/TcMar-Tigger	538	+	202	110659646	38381
chr6	110621265	110821265	harbor1	chr6	110673937	110674620	DNA/TcMar-Tigger	14362	+	342	110674279	53014
chr6	110621265	110821265	harbor1	chr6	110674924	110675345	DNA/TcMar-Tigger	14362	+	210	110675134	53869
chr6	110621265	110821265	harbor1	chr6	110675653	110676898	DNA/TcMar-Tigger	14362	+	622	110676275	55010
chr6	88396770	88596770	harbor1	chr6	88438886	88439571	DNA/TcMar-Tigger	3616	+	342	88439228	42458
chr6	100328098	100528098	harbor1	chr6	100330846	100331073	DNA/TcMar-Tigger	1044	+	114	100330960	2862
chr6	158218147	158418147	harbor1	chr6	158263172	158263583	DNA/TcMar-Tigger	982	+	206	158263378	45231
chr6	158218147	158418147	harbor1	chr6	158266657	158266846	DNA/TcMar-Tigger	907	+	94	158266751	48604
chr6	113826200	114026200	harbor1	chr6	113890647	113891258	DNA/TcMar-Tigger	12659	+	306	113890953	64753
chr6	113826200	114026200	harbor1	chr6	113891594	113893188	DNA/TcMar-Tigger	12659	+	797	113892391	66191
chr6	166497020	166697020	harbor1	chr6	166557774	166557871	DNA/TcMar-Tigger	429	+	48	166557822	60802
chr6	166497020	166697020	harbor1	chr6	166558886	166559114	DNA/TcMar-Tigger	540	+	114	166559000	61980
chr6	69606676	69806676	harbor1	chr6	69671312	69671541	DNA/TcMar-Tigger	1335	+	114	69671426	64750
chr6	157784610	157984610	harbor1	chr6	157881025	157883369	DNA/TcMar-Tigger	16338	+	1172	157882197	97587
chr6	8421512	8621512	harbor1	chr6	8429134	8429532	DNA/TcMar-Tigger	588	+	199	8429333	7821
chr6	81108424	81308424	harbor1	chr6	81118851	81119049	DNA/TcMar-Tigger	1097	+	99	81118950	10526
chr6	81108424	81308424	harbor1	chr6	81191736	81191938	DNA/TcMar-Tigger	1216	+	101	81191837	83413
chr6	166289202	166489202	harbor1	chr6	166311553	166311837	DNA/TcMar-Tigger	2274	+	142	166311695	22493
chr6	166289202	166489202	harbor1	chr6	166312144	166312298	DNA/TcMar-Tigger	2274	+	77	166312221	23019
chr7	51161352	51361352	harbor1	chr7	51201838	51202358	DNA/TcMar-Tigger	3031	+	260	51202098	40746
chr7	51161352	51361352	harbor1	chr7	51202355	51202567	DNA/TcMar-Tigger	1044	+	106	51202461	41109
chr7	51161352	51361352	harbor1	chr7	51223928	51224256	DNA/TcMar-Tigger	1694	+	164	51224092	62740
chr7	51161352	51361352	harbor1	chr7	51250130	51250692	DNA/TcMar-Tigger	862	+	281	51250411	89059
chr7	122423496	122623496	harbor1	chr7	122472969	122473049	DNA/TcMar-Tigger	1164	+	40	122473009	49513
chr7	122423496	122623496	harbor1	chr7	122473442	122473585	DNA/TcMar-Tigger	1164	+	72	122473514	50018
chr7	122423496	122623496	harbor1	chr7	122487310	122487427	DNA/TcMar-Tigger	14644	+	58	122487368	63872
chr7	122423496	122623496	harbor1	chr7	122511508	122512005	DNA/TcMar-Tigger	1057	+	248	122511756	88260
chr7	122423496	122623496	harbor1	chr7	122484787	122487011	DNA/TcMar-Tigger	14644	+	1112	122485899	62403
chr7	937819	1137819	harbor1	chr7	966690	967191	DNA/TcMar-Tigger	1984	+	250	966940	29121
chr7	43428129	43628129	harbor1	chr7	43441920	43442370	DNA/TcMar-Tigger	2565	+	225	43442145	14016
chr7	51057207	51257207	harbor1	chr7	51056866	51057429	DNA/TcMar-Tigger	2315	+	282	51057148	59
chr7	51057207	51257207	harbor1	chr7	51058850	51059422	DNA/TcMar-Tigger	2577	+	286	51059136	1929
chr7	55859347	56059347	harbor1	chr7	55912988	55913195	DNA/TcMar-Tigger	1247	+	104	55913092	53745
chr7	55859347	56059347	harbor1	chr7	55913501	55913829	DNA/TcMar-Tigger	1247	+	164	55913665	54318
chr7	55859347	56059347	harbor1	chr7	55914128	55914288	DNA/TcMar-Tigger	1247	+	80	55914208	54861
chr7	55859347	56059347	harbor1	chr7	55919941	55920756	DNA/TcMar-Tigger	4312	+	408	55920349	61002
chr7	55859347	56059347	harbor1	chr7	55920923	55921919	DNA/TcMar-Tigger	8590	+	498	55921421	62074
chr7	55859347	56059347	harbor1	chr7	55922227	55922257	DNA/TcMar-Tigger	8590	+	15	55922242	62895
chr7	55859347	56059347	harbor1	chr7	55922558	55922884	DNA/TcMar-Tigger	8590	+	163	55922721	63374
chr7	105424269	105624269	harbor1	chr7	105455259	105455423	DNA/TcMar-Tigger	625	+	82	105455341	31072
chr7	14407201	14607201	harbor1	chr7	14408734	14409425	DNA/TcMar-Tigger	5742	+	346	14409080	1879
chr7	14407201	14607201	harbor1	chr7	14409742	14410096	DNA/TcMar-Tigger	5742	+	177	14409919	2718
chr7	14407201	14607201	harbor1	chr7	14410896	14411369	DNA/TcMar-Tigger	2307	+	236	14411132	3931
chr7	14407201	14607201	harbor1	chr7	14455980	14456322	DNA/TcMar-Tigger	1637	+	171	14456151	48950
chr7	82707805	82907805	harbor1	chr7	82709644	82709942	DNA/TcMar-Tigger	1073	+	149	82709793	1988
chr7	82707805	82907805	harbor1	chr7	82720965	82721222	DNA/TcMar-Tigger	1415	+	128	82721093	13288
chr7	82707805	82907805	harbor1	chr7	82721226	82721328	DNA/TcMar-Tigger	674	+	51	82721277	13472
chr7	72785443	72985443	harbor1	chr7	72852214	72852296	DNA/TcMar-Tigger	2283	+	41	72852255	66812
chr7	72785443	72985443	harbor1	chr7	72852581	72852624	DNA/TcMar-Tigger	2283	+	22	72852603	67160
chr7	72785443	72985443	harbor1	chr7	72852991	72853251	DNA/TcMar-Tigger	2283	+	130	72853121	67678
chr7	139560079	139760079	harbor1	chr7	139621319	139621648	DNA/TcMar-Tigger	603	+	164	139621483	61404
chr7	139560079	139760079	harbor1	chr7	139621955	139622176	DNA/TcMar-Tigger	603	+	110	139622065	61986
chr7	54261434	54461434	harbor1	chr7	54342980	54343216	DNA/TcMar-Tigger	1020	+	118	54343098	81664
chr7	53666169	53866169	harbor1	chr7	53711019	53711437	DNA/TcMar-Tigger	2083	+	209	53711228	45059
chr7	53666169	53866169	harbor1	chr7	53738019	53740384	DNA/TcMar-Tigger	13080	+	1182	53739201	73032
chr7	82399330	82599330	harbor1	chr7	82426815	82427125	DNA/TcMar-Tigger	1421	+	155	82426970	27640
chr7	82399330	82599330	harbor1	chr7	82480265	82480361	DNA/TcMar-Tigger	493	+	48	82480313	80983
chr7	27595592	27795592	harbor1	chr7	27615489	27615943	DNA/TcMar-Tigger	2353	+	227	27615716	20124
chr7	27595592	27795592	harbor1	chr7	27616423	27616458	DNA/TcMar-Tigger	3372	+	18	27616441	20849
chr7	27595592	27795592	harbor1	chr7	27616762	27617379	DNA/TcMar-Tigger	3372	+	308	27617070	21478
chr7	85661732	85861732	harbor1	chr7	85729707	85730120	DNA/TcMar-Tigger	2008	+	206	85729913	68181
chr7	29054835	29254835	harbor1	chr7	29153358	29153572	DNA/TcMar-Tigger	2605	+	107	29153465	98630
chr7	29054835	29254835	harbor1	chr7	29153870	29154103	DNA/TcMar-Tigger	2605	+	116	29153986	99151
chr7	129748223	129948223	harbor1	chr7	129802351	129802447	DNA/TcMar-Tigger	551	+	48	129802399	54176
chr7	105787914	105987914	harbor1	chr7	105827466	105827700	DNA/TcMar-Tigger	1299	+	117	105827583	39669
chr7	105787914	105987914	harbor1	chr7	105832292	105832570	DNA/TcMar-Tigger	941	+	139	105832431	44517
chr7	105787914	105987914	harbor1	chr7	105841354	105841899	DNA/TcMar-Tigger	3142	+	272	105841626	53712
chr7	105787914	105987914	harbor1	chr7	105855655	105855984	DNA/TcMar-Tigger	1660	+	164	105855819	67905
chr7	105787914	105987914	harbor1	chr7	105859432	105859760	DNA/TcMar-Tigger	1540	+	164	105859596	71682
chr7	149281048	149481048	harbor1	chr7	149351251	149351466	DNA/TcMar-Tigger	1853	+	108	149351359	70311
chr7	149281048	149481048	harbor1	chr7	149351763	149351891	DNA/TcMar-Tigger	1853	+	64	149351827	70779
chr7	149281048	149481048	harbor1	chr7	149359946	149362503	DNA/TcMar-Tigger	14772	+	1278	149361224	80176
chr7	149281048	149481048	harbor1	chr7	149379987	149380332	DNA/TcMar-Tigger	1808	+	172	149380159	99111
chr7	117914563	118114563	harbor1	chr7	117989849	117990290	DNA/TcMar-Tigger	2556	+	220	117990069	75506
chr7	117914563	118114563	harbor1	chr7	118004969	118005336	DNA/TcMar-Tigger	492	+	184	118005153	90590
chr7	132222910	132422910	harbor1	chr7	132237805	132238400	DNA/TcMar-Tigger	3063	+	298	132238103	15193
chr7	140789845	140989845	harbor1	chr7	140802137	140802238	DNA/TcMar-Tigger	611	+	50	140802187	12342
chr7	140789845	140989845	harbor1	chr7	140802234	140802292	DNA/TcMar-Tigger	3096	+	29	140802263	12418
chr7	140789845	140989845	harbor1	chr7	140802597	140803237	DNA/TcMar-Tigger	3096	+	320	140802917	13072
chr7	140789845	140989845	harbor1	chr7	140810674	140811213	DNA/TcMar-Tigger	2803	+	270	140810944	21099
chr7	140789845	140989845	harbor1	chr7	140811811	140811904	DNA/TcMar-Tigger	515	+	46	140811857	22012
chr7	16966674	17166674	harbor1	chr7	16971698	16972536	DNA/TcMar-Tigger	4156	+	419	16972117	5443
chr7	34633287	34833287	harbor1	chr7	34648872	34649063	DNA/TcMar-Tigger	1132	+	96	34648968	15681
chr7	52809442	53009442	harbor1	chr7	52811264	52811471	DNA/TcMar-Tigger	953	+	104	52811368	1926
chr7	52809442	53009442	harbor1	chr7	52885349	52885981	DNA/TcMar-Tigger	2290	+	316	52885665	76223
chr7	52809442	53009442	harbor1	chr7	52892377	52892582	DNA/TcMar-Tigger	1057	+	102	52892479	83037
chr7	52809442	53009442	harbor1	chr7	52895366	52895702	DNA/TcMar-Tigger	5335	+	168	52895534	86092
chr7	52809442	53009442	harbor1	chr7	52896002	52896651	DNA/TcMar-Tigger	5335	+	324	52896326	86884
chr7	17440744	17640744	harbor1	chr7	17483476	17483796	DNA/TcMar-Tigger	1728	+	160	17483636	42892
chr7	135577470	135777470	harbor1	chr7	135606486	135606574	DNA/TcMar-Tigger	547	+	44	135606530	29060
chr7	135577470	135777470	harbor1	chr7	135627333	135627564	DNA/TcMar-Tigger	1311	+	116	135627449	49979
chr7	43593935	43793935	harbor1	chr7	43603516	43603615	DNA/TcMar-Tigger	473	+	50	43603566	9631
chr7	43593935	43793935	harbor1	chr7	43603615	43603747	DNA/TcMar-Tigger	824	+	66	43603681	9746
chr7	43593935	43793935	harbor1	chr7	43603748	43604012	DNA/TcMar-Tigger	1542	+	132	43603880	9945
chr7	43593935	43793935	harbor1	chr7	43613177	43613494	DNA/TcMar-Tigger	1886	+	158	43613335	19400
chr7	109403398	109603398	harbor1	chr7	109413903	109414087	DNA/TcMar-Tigger	891	+	92	109413995	10597
chr7	5082343	5282343	harbor1	chr7	5148794	5148990	DNA/TcMar-Tigger	1068	+	98	5148892	66549
chr7	5082343	5282343	harbor1	chr7	5149695	5149743	DNA/TcMar-Tigger	1068	+	24	5149719	67376
chr7	71259016	71459016	harbor1	chr7	71350438	71350763	DNA/TcMar-Tigger	1396	+	162	71350600	91584
chr7	36832814	37032814	harbor1	chr7	36849446	36849783	DNA/TcMar-Tigger	1543	+	168	36849614	16800
chr7	36832814	37032814	harbor1	chr7	36850068	36850486	DNA/TcMar-Tigger	2474	+	209	36850277	17463
chr7	36832814	37032814	harbor1	chr7	36851223	36851421	DNA/TcMar-Tigger	1228	+	99	36851322	18508
chr7	36832814	37032814	harbor1	chr7	36859785	36859855	DNA/TcMar-Tigger	468	+	35	36859820	27006
chr7	36832814	37032814	harbor1	chr7	36859847	36860293	DNA/TcMar-Tigger	2944	+	223	36860070	27256
chr7	96347015	96547015	harbor1	chr7	96444129	96444446	DNA/TcMar-Tigger	1477	+	158	96444287	97272
chr7	152961614	153161614	harbor1	chr7	153053335	153053395	DNA/TcMar-Tigger	1209	+	30	153053365	91751
chr7	152961614	153161614	harbor1	chr7	153053688	153053831	DNA/TcMar-Tigger	1209	+	72	153053760	92146
chr7	152971739	153171739	harbor1	chr7	153053335	153053395	DNA/TcMar-Tigger	1209	+	30	153053365	81626
chr7	152971739	153171739	harbor1	chr7	153053688	153053831	DNA/TcMar-Tigger	1209	+	72	153053760	82021
chr7	109973179	110173179	harbor1	chr7	110057303	110057506	DNA/TcMar-Tigger	996	+	102	110057405	84226
chr7	128556838	128756838	harbor1	chr7	128593046	128593461	DNA/TcMar-Tigger	2324	+	208	128593254	36416
chr7	128556838	128756838	harbor1	chr7	128626834	128626941	DNA/TcMar-Tigger	548	+	54	128626888	70050
chr7	14511279	14711279	harbor1	chr7	14565941	14566532	DNA/TcMar-Tigger	1320	+	296	14566237	54958
chr7	14511279	14711279	harbor1	chr7	14585620	14587983	DNA/TcMar-Tigger	14031	+	1182	14586802	75523
chr7	28020837	28220837	harbor1	chr7	28042622	28042970	DNA/TcMar-Tigger	2093	+	174	28042796	21959
chr7	10029424	10229424	harbor1	chr7	10035997	10036097	DNA/TcMar-Tigger	590	+	50	10036047	6623
chr7	69823521	70023521	harbor1	chr7	69863128	69863459	DNA/TcMar-Tigger	1809	+	166	69863294	39773
chr7	55139865	55339865	harbor1	chr7	55179675	55180002	DNA/TcMar-Tigger	1797	+	164	55179839	39974
chr7	136613422	136813422	harbor1	chr7	136628445	136629171	DNA/TcMar-Tigger	4527	+	363	136628808	15386
chr7	136613422	136813422	harbor1	chr7	136629867	136630024	DNA/TcMar-Tigger	4527	+	78	136629945	16523
chr7	91075634	91275634	harbor1	chr7	91116038	91116280	DNA/TcMar-Tigger	778	+	121	91116159	40525
chr7	55897764	56097764	harbor1	chr7	55912988	55913195	DNA/TcMar-Tigger	1247	+	104	55913092	15328
chr7	55897764	56097764	harbor1	chr7	55913501	55913829	DNA/TcMar-Tigger	1247	+	164	55913665	15901
chr7	55897764	56097764	harbor1	chr7	55914128	55914288	DNA/TcMar-Tigger	1247	+	80	55914208	16444
chr7	55897764	56097764	harbor1	chr7	55919941	55920756	DNA/TcMar-Tigger	4312	+	408	55920349	22585
chr7	55897764	56097764	harbor1	chr7	55920923	55921919	DNA/TcMar-Tigger	8590	+	498	55921421	23657
chr7	55897764	56097764	harbor1	chr7	55922227	55922257	DNA/TcMar-Tigger	8590	+	15	55922242	24478
chr7	55897764	56097764	harbor1	chr7	55922558	55922884	DNA/TcMar-Tigger	8590	+	163	55922721	24957
chr7	78748616	78948616	harbor1	chr7	78815473	78817714	DNA/TcMar-Tigger	14086	+	1120	78816593	67977
chr7	78748616	78948616	harbor1	chr7	78817927	78818044	DNA/TcMar-Tigger	710	+	58	78817985	69369
chr7	16437792	16637792	harbor1	chr7	16469779	16470039	DNA/TcMar-Tigger	2521	+	130	16469909	32117
chr7	16437792	16637792	harbor1	chr7	16470093	16470248	DNA/TcMar-Tigger	2521	+	78	16470171	32379
chr7	126104294	126304294	harbor1	chr7	126176844	126177322	DNA/TcMar-Tigger	2375	+	239	126177083	72789
chr7	126104294	126304294	harbor1	chr7	126200253	126200430	DNA/TcMar-Tigger	822	+	88	126200341	96047
chr7	50023522	50223522	harbor1	chr7	50038667	50039005	DNA/TcMar-Tigger	1899	+	169	50038836	15314
chr7	146302425	146502425	harbor1	chr7	146361167	146361397	DNA/TcMar-Tigger	1089	+	115	146361282	58857
chr7	92337078	92537078	harbor1	chr7	92337749	92338128	DNA/TcMar-Tigger	987	+	190	92337939	861
chr7	92337078	92537078	harbor1	chr7	92338443	92338521	DNA/TcMar-Tigger	987	+	39	92338482	1404
chr7	92337078	92537078	harbor1	chr7	92341717	92341858	DNA/TcMar-Tigger	566	+	70	92341787	4709
chr7	92337078	92537078	harbor1	chr7	92341858	92341933	DNA/TcMar-Tigger	514	+	38	92341896	4818
chr7	92337078	92537078	harbor1	chr7	92372132	92372476	DNA/TcMar-Tigger	1913	+	172	92372304	35226
chr7	117642717	117842717	harbor1	chr7	117692947	117693272	DNA/TcMar-Tigger	1547	+	162	117693109	50392
chr7	117642717	117842717	harbor1	chr7	117717483	117717644	DNA/TcMar-Tigger	686	+	80	117717563	74846
chr7	90649409	90849409	harbor1	chr7	90681556	90681999	DNA/TcMar-Tigger	847	+	222	90681778	32369
chr7	90649409	90849409	harbor1	chr7	90704455	90704623	DNA/TcMar-Tigger	501	+	84	90704539	55130
chr7	3885459	4085459	harbor1	chr7	3950372	3950596	DNA/TcMar-Tigger	1133	+	112	3950484	65025
chr7	3885459	4085459	harbor1	chr7	3982857	3983674	DNA/TcMar-Tigger	14264	+	408	3983265	97806
chr7	3885459	4085459	harbor1	chr7	3980988	3982558	DNA/TcMar-Tigger	14264	+	785	3981773	96314
chr7	136358903	136558903	harbor1	chr7	136402682	136403878	DNA/TcMar-Tigger	6463	+	598	136403280	44377
chr7	3291708	3491708	harbor1	chr7	3316191	3316529	DNA/TcMar-Tigger	1798	+	169	3316360	24652
chr7	3291708	3491708	harbor1	chr7	3327623	3327889	DNA/TcMar-Tigger	885	+	133	3327756	36048
chr7	3291708	3491708	harbor1	chr7	3329702	3330016	DNA/TcMar-Tigger	1702	+	157	3329859	38151
chr7	3291708	3491708	harbor1	chr7	3379761	3380002	DNA/TcMar-Tigger	1005	+	120	3379881	88173
chr7	76088133	76288133	harbor1	chr7	76152058	76152158	DNA/TcMar-Tigger	482	+	50	76152108	63975
chr7	24460441	24660441	harbor1	chr7	24485914	24486241	DNA/TcMar-Tigger	1877	+	164	24486078	25637
chr7	24460441	24660441	harbor1	chr7	24533133	24533247	DNA/TcMar-Tigger	452	+	57	24533190	72749
chr7	141073819	141273819	harbor1	chr7	141080756	141081355	DNA/TcMar-Tigger	6782	+	300	141081056	7237
chr7	141073819	141273819	harbor1	chr7	141081666	141082209	DNA/TcMar-Tigger	6782	+	272	141081938	8119
chr7	6042369	6242369	harbor1	chr7	6044836	6045057	DNA/TcMar-Tigger	1285	+	110	6044946	2577
chr7	57225578	57425578	harbor1	chr7	57311632	57312000	DNA/TcMar-Tigger	1675	+	184	57311816	86238
chr7	131386550	131586550	harbor1	chr7	131477749	131478153	DNA/TcMar-Tigger	484	+	202	131477951	91401
chr7	157002323	157202323	harbor1	chr7	157090973	157091215	DNA/TcMar-Tigger	906	+	121	157091094	88771
chr7	137108135	137308135	harbor1	chr7	137173462	137174110	DNA/TcMar-Tigger	3095	+	324	137173786	65651
chr7	29128320	29328320	harbor1	chr7	29153358	29153572	DNA/TcMar-Tigger	2605	+	107	29153465	25145
chr7	29128320	29328320	harbor1	chr7	29153870	29154103	DNA/TcMar-Tigger	2605	+	116	29153986	25666
chr7	29128320	29328320	harbor1	chr7	29183809	29184126	DNA/TcMar-Tigger	1305	+	158	29183967	55647
chr7	107869765	108069765	harbor1	chr7	107936028	107936239	DNA/TcMar-Tigger	1292	+	106	107936134	66369
chr7	107869765	108069765	harbor1	chr7	107936413	107936539	DNA/TcMar-Tigger	855	+	63	107936476	66711
chr7	77443171	77643171	harbor1	chr7	77488097	77490200	DNA/TcMar-Tigger	15857	+	1052	77489149	45978
chr7	77443171	77643171	harbor1	chr7	77490510	77490900	DNA/TcMar-Tigger	15857	+	195	77490705	47534
chr7	77443171	77643171	harbor1	chr7	77490942	77491096	DNA/TcMar-Tigger	15857	+	77	77491019	47848
chr7	97007562	97207562	harbor1	chr7	97105792	97106123	DNA/TcMar-Tigger	1629	+	166	97105958	98396
chr7	110741582	110941582	harbor1	chr7	110765792	110766033	DNA/TcMar-Tigger	568	+	120	110765912	24330
chr7	110741582	110941582	harbor1	chr7	110774539	110774872	DNA/TcMar-Tigger	1784	+	166	110774705	33123
chr7	110741582	110941582	harbor1	chr7	110823011	110823294	DNA/TcMar-Tigger	1070	+	142	110823153	81571
chr7	119204774	119404774	harbor1	chr7	119274666	119275514	DNA/TcMar-Tigger	4037	+	424	119275090	70316
chr7	77949647	78149647	harbor1	chr7	78003074	78003231	DNA/TcMar-Tigger	2318	+	78	78003152	53505
chr7	77949647	78149647	harbor1	chr7	78003536	78003745	DNA/TcMar-Tigger	2318	+	104	78003640	53993
chr7	77949647	78149647	harbor1	chr7	78023768	78024085	DNA/TcMar-Tigger	1323	+	158	78023926	74279
chr7	47433673	47633673	harbor1	chr7	47461579	47461803	DNA/TcMar-Tigger	560	+	112	47461691	28018
chr7	47433673	47633673	harbor1	chr7	47462417	47462574	DNA/TcMar-Tigger	857	+	78	47462495	28822
chr7	100463473	100663473	harbor1	chr7	100551526	100551601	DNA/TcMar-Tigger	1147	+	38	100551564	88091
chr7	100463473	100663473	harbor1	chr7	100551912	100551961	DNA/TcMar-Tigger	1147	+	24	100551936	88463
chr7	100463473	100663473	harbor1	chr7	100552273	100552482	DNA/TcMar-Tigger	1147	+	104	100552377	88904
chr7	24450005	24650005	harbor1	chr7	24452863	24453522	DNA/TcMar-Tigger	3082	+	330	24453193	3188
chr7	24450005	24650005	harbor1	chr7	24454013	24454044	DNA/TcMar-Tigger	3082	+	16	24454029	4024
chr7	24450005	24650005	harbor1	chr7	24485914	24486241	DNA/TcMar-Tigger	1877	+	164	24486078	36073
chr7	24450005	24650005	harbor1	chr7	24533133	24533247	DNA/TcMar-Tigger	452	+	57	24533190	83185
chr7	154685715	154885715	harbor1	chr7	154701881	154703341	DNA/TcMar-Tigger	15107	+	730	154702611	16896
chr7	154685715	154885715	harbor1	chr7	154703645	154703655	DNA/TcMar-Tigger	15107	+	5	154703650	17935
chr7	154685715	154885715	harbor1	chr7	154703957	154704894	DNA/TcMar-Tigger	15107	+	468	154704425	18710
chr7	48058805	48258805	harbor1	chr7	48072098	48072451	DNA/TcMar-Tigger	1590	+	176	48072274	13469
chr7	84683775	84883775	harbor1	chr7	84768838	84769083	DNA/TcMar-Tigger	1333	+	122	84768960	85185
chr7	113236368	113436368	harbor1	chr7	113329484	113329823	DNA/TcMar-Tigger	1716	+	170	113329654	93286
chr7	122566879	122766879	harbor1	chr7	122613350	122613561	DNA/TcMar-Tigger	1121	+	106	122613456	46577
chr7	122566879	122766879	harbor1	chr7	122653549	122655695	DNA/TcMar-Tigger	12278	+	1073	122654622	87743
chr7	138885883	139085883	harbor1	chr7	138892990	138893637	DNA/TcMar-Tigger	1327	+	324	138893314	7431
chr7	138885883	139085883	harbor1	chr7	138976428	138976732	DNA/TcMar-Tigger	1399	+	152	138976580	90697
chr7	130527703	130727703	harbor1	chr7	130561741	130562052	DNA/TcMar-Tigger	923	+	156	130561897	34194
chr7	50832760	51032760	harbor1	chr7	50927469	50928142	DNA/TcMar-Tigger	2793	+	336	50927805	95045
chr7	114981682	115181682	harbor1	chr7	115000079	115000398	DNA/TcMar-Tigger	1729	+	160	115000239	18557
chr7	63875748	64075748	harbor1	chr7	63918566	63918872	DNA/TcMar-Tigger	1359	+	153	63918719	42971
chr7	13933401	14133401	harbor1	chr7	13952308	13952626	DNA/TcMar-Tigger	816	+	159	13952467	19066
chr7	79022695	79222695	harbor1	chr7	79105494	79105782	DNA/TcMar-Tigger	541	+	144	79105638	82943
chr8	83500485	83700485	harbor1	chr8	83511765	83512091	DNA/TcMar-Tigger	1933	+	163	83511928	11443
chr8	83500485	83700485	harbor1	chr8	83512531	83512692	DNA/TcMar-Tigger	1063	+	80	83512611	12126
chr8	83500485	83700485	harbor1	chr8	83513484	83513634	DNA/TcMar-Tigger	1063	+	75	83513559	13074
chr8	83500485	83700485	harbor1	chr8	83528597	83529291	DNA/TcMar-Tigger	2180	+	347	83528944	28459
chr8	137967819	138167819	harbor1	chr8	138023384	138023722	DNA/TcMar-Tigger	1793	+	169	138023553	55734
chr8	137967819	138167819	harbor1	chr8	138040112	138040684	DNA/TcMar-Tigger	2813	+	286	138040398	72579
chr8	137967819	138167819	harbor1	chr8	138064320	138064518	DNA/TcMar-Tigger	1003	+	99	138064419	96600
chr8	137967819	138167819	harbor1	chr8	138064521	138064666	DNA/TcMar-Tigger	707	+	72	138064593	96774
chr8	16027209	16227209	harbor1	chr8	16107113	16107573	DNA/TcMar-Tigger	2148	+	230	16107343	80134
chr8	118770668	118970668	harbor1	chr8	118818430	118818738	DNA/TcMar-Tigger	1057	+	154	118818584	47916
chr8	118770668	118970668	harbor1	chr8	118835224	118836167	DNA/TcMar-Tigger	5000	+	472	118835696	65028
chr8	23198604	23398604	harbor1	chr8	23205218	23205707	DNA/TcMar-Tigger	6121	+	244	23205462	6858
chr8	23198604	23398604	harbor1	chr8	23206016	23206668	DNA/TcMar-Tigger	6121	+	326	23206342	7738
chr8	23198604	23398604	harbor1	chr8	23255489	23255771	DNA/TcMar-Tigger	2424	+	141	23255630	57026
chr8	23198604	23398604	harbor1	chr8	23256060	23256264	DNA/TcMar-Tigger	2424	+	102	23256162	57558
chr8	23198604	23398604	harbor1	chr8	23256257	23256372	DNA/TcMar-Tigger	469	+	58	23256315	57711
chr8	23198604	23398604	harbor1	chr8	23289345	23289771	DNA/TcMar-Tigger	976	+	213	23289558	90954
chr8	61597659	61797659	harbor1	chr8	61630514	61631646	DNA/TcMar-Tigger	5986	+	566	61631080	33421
chr8	61597659	61797659	harbor1	chr8	61661700	61662482	DNA/TcMar-Tigger	782	+	391	61662091	64432
chr8	81524994	81724994	harbor1	chr8	81598928	81599094	DNA/TcMar-Tigger	709	+	83	81599011	74017
chr8	81524994	81724994	harbor1	chr8	81599750	81599760	DNA/TcMar-Tigger	709	+	5	81599755	74761
chr8	81524994	81724994	harbor1	chr8	81600135	81600203	DNA/TcMar-Tigger	709	+	34	81600169	75175
chr8	81524994	81724994	harbor1	chr8	81600854	81600951	DNA/TcMar-Tigger	529	+	48	81600902	75908
chr8	81524994	81724994	harbor1	chr8	81618934	81619095	DNA/TcMar-Tigger	589	+	80	81619014	94020
chr8	21177035	21377035	harbor1	chr8	21182364	21182634	DNA/TcMar-Tigger	458	+	135	21182499	5464
chr8	58390169	58590169	harbor1	chr8	58397622	58397892	DNA/TcMar-Tigger	1682	+	135	58397757	7588
chr8	58390169	58590169	harbor1	chr8	58398719	58399049	DNA/TcMar-Tigger	439	+	165	58398884	8715
chr8	58390169	58590169	harbor1	chr8	58403739	58404375	DNA/TcMar-Tigger	3461	+	318	58404057	13888
chr8	58390169	58590169	harbor1	chr8	58484973	58485333	DNA/TcMar-Tigger	559	+	180	58485153	94984
chr8	142056466	142256466	harbor1	chr8	142067388	142067487	DNA/TcMar-Tigger	393	+	50	142067438	10972
chr8	142056466	142256466	harbor1	chr8	142068307	142069002	DNA/TcMar-Tigger	2185	+	348	142068655	12189
chr8	98789680	98989680	harbor1	chr8	98887256	98887456	DNA/TcMar-Tigger	1175	+	100	98887356	97676
chr8	100269421	100469421	harbor1	chr8	100285922	100286635	DNA/TcMar-Tigger	1756	+	356	100286278	16857
chr8	73742143	73942143	harbor1	chr8	73797882	73798005	DNA/TcMar-Tigger	1740	+	62	73797944	55801
chr8	73742143	73942143	harbor1	chr8	73798307	73798496	DNA/TcMar-Tigger	1740	+	94	73798401	56258
chr8	73742143	73942143	harbor1	chr8	73823262	73823552	DNA/TcMar-Tigger	656	+	145	73823407	81264
chr8	73742143	73942143	harbor1	chr8	73828074	73828418	DNA/TcMar-Tigger	713	+	172	73828246	86103
chr8	11579269	11779269	harbor1	chr8	11619882	11620378	DNA/TcMar-Tigger	1031	+	248	11620130	40861
chr8	87337302	87537302	harbor1	chr8	87410037	87411137	DNA/TcMar-Tigger	11637	+	550	87410587	73285
chr8	87337302	87537302	harbor1	chr8	87408591	87409740	DNA/TcMar-Tigger	11637	+	574	87409165	71863
chr8	48423010	48623010	harbor1	chr8	48497909	48498067	DNA/TcMar-Tigger	883	+	79	48497988	74978
chr8	141309044	141509044	harbor1	chr8	141348685	141349078	DNA/TcMar-Tigger	1258	+	196	141348881	39837
chr8	141309044	141509044	harbor1	chr8	141374929	141375225	DNA/TcMar-Tigger	652	+	148	141375077	66033
chr8	10170685	10370685	harbor1	chr8	10170502	10170784	DNA/TcMar-Tigger	1289	+	141	10170643	42
chr8	10170685	10370685	harbor1	chr8	10192701	10192943	DNA/TcMar-Tigger	524	+	121	10192822	22137
chr8	10170685	10370685	harbor1	chr8	10201624	10201846	DNA/TcMar-Tigger	428	+	111	10201735	31050
chr8	10170685	10370685	harbor1	chr8	10203410	10204715	DNA/TcMar-Tigger	6426	+	652	10204062	33377
chr8	10170685	10370685	harbor1	chr8	10263721	10263963	DNA/TcMar-Tigger	517	+	121	10263842	93157
chr8	106900940	107100940	harbor1	chr8	106977359	106977588	DNA/TcMar-Tigger	1251	+	114	106977473	76533
chr8	106900940	107100940	harbor1	chr8	106977579	106977836	DNA/TcMar-Tigger	1232	+	128	106977707	76767
chr8	35542346	35742346	harbor1	chr8	35587996	35588330	DNA/TcMar-Tigger	959	+	167	35588163	45817
chr8	68603363	68803363	harbor1	chr8	68655422	68655763	DNA/TcMar-Tigger	1599	+	170	68655592	52229
chr8	68603363	68803363	harbor1	chr8	68664417	68664634	DNA/TcMar-Tigger	1396	+	108	68664525	61162
chr8	68603363	68803363	harbor1	chr8	68691142	68691306	DNA/TcMar-Tigger	933	+	82	68691224	87861
chr8	68603363	68803363	harbor1	chr8	68691288	68691495	DNA/TcMar-Tigger	1193	+	104	68691392	88029
chr8	113848735	114048735	harbor1	chr8	113891413	113891557	DNA/TcMar-Tigger	913	+	72	113891485	42750
chr8	113848735	114048735	harbor1	chr8	113896159	113896593	DNA/TcMar-Tigger	2057	+	217	113896376	47641
chr8	113848735	114048735	harbor1	chr8	113919487	113919826	DNA/TcMar-Tigger	1632	+	170	113919657	70922
chr8	104945182	105145182	harbor1	chr8	104976221	104976369	DNA/TcMar-Tigger	463	+	74	104976295	31113
chr8	104945182	105145182	harbor1	chr8	104976631	104976809	DNA/TcMar-Tigger	490	+	89	104976720	31538
chr8	134315803	134515803	harbor1	chr8	134316605	134316910	DNA/TcMar-Tigger	1236	+	152	134316757	954
chr8	134315803	134515803	harbor1	chr8	134317083	134317409	DNA/TcMar-Tigger	1659	+	163	134317246	1443
chr8	134315803	134515803	harbor1	chr8	134391140	134393660	DNA/TcMar-Tigger	14250	+	1260	134392400	76597
chr8	95963894	96163894	harbor1	chr8	96018708	96018861	DNA/TcMar-Tigger	798	+	76	96018784	54890
chr8	95963894	96163894	harbor1	chr8	96018830	96019216	DNA/TcMar-Tigger	5623	+	193	96019023	55129
chr8	95963894	96163894	harbor1	chr8	96019536	96020120	DNA/TcMar-Tigger	5623	+	292	96019828	55934
chr8	95963894	96163894	harbor1	chr8	96027519	96027779	DNA/TcMar-Tigger	14918	+	130	96027649	63755
chr8	95963894	96163894	harbor1	chr8	96028102	96028190	DNA/TcMar-Tigger	14918	+	44	96028146	64252
chr8	95963894	96163894	harbor1	chr8	96025134	96027227	DNA/TcMar-Tigger	14918	+	1046	96026180	62286
chr8	76016316	76216316	harbor1	chr8	76015862	76016706	DNA/TcMar-Tigger	14430	+	422	76016284	32
chr8	76016316	76216316	harbor1	chr8	76016736	76017420	DNA/TcMar-Tigger	14430	+	342	76017078	762
chr8	76016316	76216316	harbor1	chr8	76017737	76018494	DNA/TcMar-Tigger	14430	+	378	76018115	1799
chr8	76016316	76216316	harbor1	chr8	76092410	76092483	DNA/TcMar-Tigger	1075	+	36	76092446	76130
chr8	70895821	71095821	harbor1	chr8	70917490	70917594	DNA/TcMar-Tigger	512	+	52	70917542	21721
chr8	70895821	71095821	harbor1	chr8	70928825	70929164	DNA/TcMar-Tigger	917	+	170	70928995	33174
chr8	3765528	3965528	harbor1	chr8	3816279	3816525	DNA/TcMar-Tigger	1169	+	123	3816402	50874
chr8	3765528	3965528	harbor1	chr8	3816791	3816877	DNA/TcMar-Tigger	453	+	43	3816834	51306
chr8	117704130	117904130	harbor1	chr8	117736315	117736447	DNA/TcMar-Tigger	736	+	66	117736381	32251
chr8	117704130	117904130	harbor1	chr8	117802358	117802673	DNA/TcMar-Tigger	1667	+	158	117802516	98386
chr8	3381091	3581091	harbor1	chr8	3386475	3386612	DNA/TcMar-Tigger	431	+	68	3386543	5452
chr8	3381091	3581091	harbor1	chr8	3424717	3424842	DNA/TcMar-Tigger	652	+	62	3424779	43688
chr8	3381091	3581091	harbor1	chr8	3425115	3425285	DNA/TcMar-Tigger	788	+	85	3425200	44109
chr8	3381091	3581091	harbor1	chr8	3441527	3442719	DNA/TcMar-Tigger	6025	+	596	3442123	61032
chr8	3381091	3581091	harbor1	chr8	3473657	3473752	DNA/TcMar-Tigger	717	+	48	3473705	92614
chr8	3381091	3581091	harbor1	chr8	3474120	3474209	DNA/TcMar-Tigger	717	+	44	3474164	93073
chr8	3381091	3581091	harbor1	chr8	3474215	3474742	DNA/TcMar-Tigger	2408	+	264	3474479	93388
chr8	32405275	32605275	harbor1	chr8	32434733	32435023	DNA/TcMar-Tigger	987	+	145	32434878	29603
chr8	32405275	32605275	harbor1	chr8	32454693	32455154	DNA/TcMar-Tigger	2465	+	230	32454923	49648
chr8	32405275	32605275	harbor1	chr8	32456384	32456807	DNA/TcMar-Tigger	2284	+	212	32456596	51321
chr8	58521591	58721591	harbor1	chr8	58541068	58541699	DNA/TcMar-Tigger	1766	+	316	58541384	19793
chr8	58521591	58721591	harbor1	chr8	58551890	58552106	DNA/TcMar-Tigger	911	+	108	58551998	30407
chr8	58521591	58721591	harbor1	chr8	58588214	58588333	DNA/TcMar-Tigger	398	+	60	58588274	66683
chr8	58521591	58721591	harbor1	chr8	58613605	58613746	DNA/TcMar-Tigger	1670	+	70	58613675	92084
chr8	58521591	58721591	harbor1	chr8	58613976	58614134	DNA/TcMar-Tigger	1670	+	79	58614055	92464
chr8	58521591	58721591	harbor1	chr8	58614790	58614819	DNA/TcMar-Tigger	1670	+	14	58614804	93213
chr8	51485876	51685876	harbor1	chr8	51565070	51565282	DNA/TcMar-Tigger	1338	+	106	51565176	79300
chr8	51485876	51685876	harbor1	chr8	51565357	51565904	DNA/TcMar-Tigger	3058	+	274	51565631	79755
chr8	51485876	51685876	harbor1	chr8	51572069	51572150	DNA/TcMar-Tigger	485	+	40	51572109	86233
chr8	90115395	90315395	harbor1	chr8	90118900	90119010	DNA/TcMar-Tigger	409	+	55	90118955	3560
chr8	90115395	90315395	harbor1	chr8	90171790	90172130	DNA/TcMar-Tigger	2085	+	170	90171960	56565
chr8	134597448	134797448	harbor1	chr8	134632056	134632479	DNA/TcMar-Tigger	2365	+	212	134632268	34820
chr8	7323207	7523207	harbor1	chr8	7387777	7388052	DNA/TcMar-Tigger	1331	+	138	7387915	64708
chr8	7323207	7523207	harbor1	chr8	7410208	7410519	DNA/TcMar-Tigger	1396	+	156	7410364	87157
chr8	67057064	67257064	harbor1	chr8	67129970	67130206	DNA/TcMar-Tigger	1145	+	118	67130088	73024
chr8	136524334	136724334	harbor1	chr8	136555835	136556358	DNA/TcMar-Tigger	2762	+	262	136556097	31763
chr8	136524334	136724334	harbor1	chr8	136556365	136556452	DNA/TcMar-Tigger	563	+	44	136556409	32075
chr8	87036681	87236681	harbor1	chr8	87069307	87069654	DNA/TcMar-Tigger	2173	+	174	87069481	32800
chr8	131790789	131990789	harbor1	chr8	131805784	131805853	DNA/TcMar-Tigger	406	+	34	131805818	15029
chr8	131790789	131990789	harbor1	chr8	131805838	131806289	DNA/TcMar-Tigger	2865	+	226	131806064	15275
chr8	74216027	74416027	harbor1	chr8	74258904	74259246	DNA/TcMar-Tigger	1937	+	171	74259075	43048
chr8	74216027	74416027	harbor1	chr8	74285488	74285807	DNA/TcMar-Tigger	1339	+	160	74285648	69621
chr8	50519265	50719265	harbor1	chr8	50524661	50524862	DNA/TcMar-Tigger	1183	+	100	50524761	5496
chr8	8556075	8756075	harbor1	chr8	8559198	8559529	DNA/TcMar-Tigger	1914	+	166	8559364	3289
chr8	8556075	8756075	harbor1	chr8	8604210	8604516	DNA/TcMar-Tigger	1253	+	153	8604363	48288
chr8	69917784	70117784	harbor1	chr8	69928219	69928385	DNA/TcMar-Tigger	1035	+	83	69928302	10518
chr8	69917784	70117784	harbor1	chr8	69928437	69928657	DNA/TcMar-Tigger	3793	+	110	69928547	10763
chr8	69917784	70117784	harbor1	chr8	69928947	69929285	DNA/TcMar-Tigger	3883	+	169	69929116	11332
chr8	69917784	70117784	harbor1	chr8	69929400	69929531	DNA/TcMar-Tigger	3883	+	66	69929466	11682
chr8	69917784	70117784	harbor1	chr8	69929852	69929904	DNA/TcMar-Tigger	3883	+	26	69929878	12094
chr8	69917784	70117784	harbor1	chr8	69930025	69930530	DNA/TcMar-Tigger	3883	+	252	69930277	12493
chr8	69917784	70117784	harbor1	chr8	69967410	69967508	DNA/TcMar-Tigger	14911	+	49	69967459	49675
chr8	69917784	70117784	harbor1	chr8	69967824	69969206	DNA/TcMar-Tigger	14911	+	691	69968515	50731
chr8	69917784	70117784	harbor1	chr8	69969518	69970244	DNA/TcMar-Tigger	14911	+	363	69969881	52097
chr8	69917784	70117784	harbor1	chr8	69970557	69970614	DNA/TcMar-Tigger	14911	+	28	69970585	52801
chr8	59798501	59998501	harbor1	chr8	59847499	59848768	DNA/TcMar-Tigger	6542	+	634	59848133	49632
chr8	59798501	59998501	harbor1	chr8	59852297	59852655	DNA/TcMar-Tigger	1984	+	179	59852476	53975
chr8	59798501	59998501	harbor1	chr8	59888400	59888713	DNA/TcMar-Tigger	1850	+	156	59888556	90055
chr8	59798501	59998501	harbor1	chr8	59891119	59891841	DNA/TcMar-Tigger	3982	+	361	59891480	92979
chr8	59798501	59998501	harbor1	chr8	59893976	59895971	DNA/TcMar-Tigger	10769	+	998	59894974	96473
chr8	37247528	37447528	harbor1	chr8	37273239	37273357	DNA/TcMar-Tigger	395	+	59	37273298	25770
chr8	37247528	37447528	harbor1	chr8	37324347	37324676	DNA/TcMar-Tigger	2060	+	164	37324511	76983
chr8	37247528	37447528	harbor1	chr8	37346943	37347455	DNA/TcMar-Tigger	2924	+	256	37347199	99671
chr8	117779678	117979678	harbor1	chr8	117802358	117802673	DNA/TcMar-Tigger	1667	+	158	117802516	22838
chr8	117779678	117979678	harbor1	chr8	117855231	117855670	DNA/TcMar-Tigger	8533	+	220	117855451	75773
chr8	117779678	117979678	harbor1	chr8	117855970	117856246	DNA/TcMar-Tigger	8533	+	138	117856108	76430
chr8	117779678	117979678	harbor1	chr8	117856566	117857272	DNA/TcMar-Tigger	8533	+	353	117856919	77241
chr8	117779678	117979678	harbor1	chr8	117857717	117858390	DNA/TcMar-Tigger	4651	+	336	117858053	78375
chr8	117779678	117979678	harbor1	chr8	117858907	117859245	DNA/TcMar-Tigger	2112	+	169	117859076	79398
chr8	111980213	112180213	harbor1	chr8	112041767	112042083	DNA/TcMar-Tigger	1465	+	158	112041925	61712
chr8	21352920	21552920	harbor1	chr8	21440528	21441151	DNA/TcMar-Tigger	3097	+	312	21440840	87920
chr8	23042871	23242871	harbor1	chr8	23081922	23082005	DNA/TcMar-Tigger	453	+	42	23081964	39093
chr8	23042871	23242871	harbor1	chr8	23112072	23112322	DNA/TcMar-Tigger	781	+	125	23112197	69326
chr8	941440	1141440	harbor1	chr8	982504	982642	DNA/TcMar-Tigger	427	+	69	982573	41133
chr8	88910051	89110051	harbor1	chr8	88972631	88972973	DNA/TcMar-Tigger	1824	+	171	88972802	62751
chr8	88910051	89110051	harbor1	chr8	88980362	88980663	DNA/TcMar-Tigger	1764	+	150	88980512	70461
chr8	104722753	104922753	harbor1	chr8	104816373	104816557	DNA/TcMar-Tigger	611	+	92	104816465	93712
chr8	16111660	16311660	harbor1	chr8	16130201	16130393	DNA/TcMar-Tigger	1059	+	96	16130297	18637
chr8	16111660	16311660	harbor1	chr8	16133074	16133105	DNA/TcMar-Tigger	12964	+	16	16133090	21430
chr8	16111660	16311660	harbor1	chr8	16134390	16136558	DNA/TcMar-Tigger	12964	+	1084	16135474	23814
chr8	16111660	16311660	harbor1	chr8	16209699	16209983	DNA/TcMar-Tigger	549	+	142	16209841	98181
chr8	137850784	138050784	harbor1	chr8	137885024	137885375	DNA/TcMar-Tigger	1533	+	176	137885200	34416
chr8	82150746	82350746	harbor1	chr8	82190563	82190820	DNA/TcMar-Tigger	1308	+	128	82190691	39945
chr8	82150746	82350746	harbor1	chr8	82190839	82190919	DNA/TcMar-Tigger	482	+	40	82190879	40133
chr8	31111004	31311004	harbor1	chr8	31122982	31123286	DNA/TcMar-Tigger	1384	+	152	31123134	12130
chr8	31111004	31311004	harbor1	chr8	31123282	31123431	DNA/TcMar-Tigger	959	+	74	31123356	12352
chr8	31111004	31311004	harbor1	chr8	31144064	31144231	DNA/TcMar-Tigger	929	+	84	31144148	33144
chr8	31111004	31311004	harbor1	chr8	31144207	31144339	DNA/TcMar-Tigger	8374	+	66	31144273	33269
chr8	31111004	31311004	harbor1	chr8	31144637	31145829	DNA/TcMar-Tigger	8374	+	596	31145233	34229
chr8	23005759	23205759	harbor1	chr8	23081922	23082005	DNA/TcMar-Tigger	453	+	42	23081964	76205
chr8	53614207	53814207	harbor1	chr8	53646485	53646889	DNA/TcMar-Tigger	888	+	202	53646687	32480
chr8	53614207	53814207	harbor1	chr8	53652282	53652610	DNA/TcMar-Tigger	1897	+	164	53652446	38239
chr8	39205955	39405955	harbor1	chr8	39271225	39271408	DNA/TcMar-Tigger	1120	+	92	39271317	65362
chr8	39205955	39405955	harbor1	chr8	39274667	39274850	DNA/TcMar-Tigger	1154	+	92	39274759	68804
chr8	33265657	33465657	harbor1	chr8	33275580	33275835	DNA/TcMar-Tigger	437	+	128	33275708	10051
chr8	1043628	1243628	harbor1	chr8	1050219	1050578	DNA/TcMar-Tigger	1690	+	180	1050399	6771
chr8	1043628	1243628	harbor1	chr8	1099914	1100120	DNA/TcMar-Tigger	1236	+	103	1100017	56389
chr8	1043628	1243628	harbor1	chr8	1128393	1128675	DNA/TcMar-Tigger	1072	+	141	1128534	84906
chr8	38431829	38631829	harbor1	chr8	38476191	38476214	DNA/TcMar-Tigger	11140	+	12	38476203	44374
chr8	38431829	38631829	harbor1	chr8	38476521	38477082	DNA/TcMar-Tigger	11140	+	280	38476801	44972
chr8	38431829	38631829	harbor1	chr8	38477383	38477411	DNA/TcMar-Tigger	11140	+	14	38477397	45568
chr8	38431829	38631829	harbor1	chr8	38477716	38478333	DNA/TcMar-Tigger	11140	+	308	38478024	46195
chr8	38431829	38631829	harbor1	chr8	38478615	38479202	DNA/TcMar-Tigger	11140	+	294	38478909	47080
chr8	38431829	38631829	harbor1	chr8	38479676	38480160	DNA/TcMar-Tigger	3681	+	242	38479918	48089
chr8	38431829	38631829	harbor1	chr8	38480457	38480569	DNA/TcMar-Tigger	3681	+	56	38480513	48684
chr8	120368589	120568589	harbor1	chr8	120438994	120439567	DNA/TcMar-Tigger	2307	+	286	120439280	70691
chr8	19354063	19554063	harbor1	chr8	19362840	19363079	DNA/TcMar-Tigger	1533	+	120	19362960	8897
chr8	19354063	19554063	harbor1	chr8	19363377	19363426	DNA/TcMar-Tigger	1533	+	24	19363401	9338
chr8	19354063	19554063	harbor1	chr8	19382338	19382697	DNA/TcMar-Tigger	2396	+	180	19382518	28455
chr8	19354063	19554063	harbor1	chr8	19416070	19416109	DNA/TcMar-Tigger	2409	+	20	19416090	62027
chr8	19354063	19554063	harbor1	chr8	19416413	19416849	DNA/TcMar-Tigger	2409	+	218	19416631	62568
chr8	141326002	141526002	harbor1	chr8	141348685	141349078	DNA/TcMar-Tigger	1258	+	196	141348881	22879
chr8	141326002	141526002	harbor1	chr8	141374929	141375225	DNA/TcMar-Tigger	652	+	148	141375077	49075
chr8	133000555	133200555	harbor1	chr8	133017210	133017437	DNA/TcMar-Tigger	509	+	114	133017324	16769
chr8	26909540	27109540	harbor1	chr8	26943425	26943519	DNA/TcMar-Tigger	559	+	47	26943472	33932
chr8	26909540	27109540	harbor1	chr8	26956290	26956514	DNA/TcMar-Tigger	1747	+	112	26956402	46862
chr8	26909540	27109540	harbor1	chr8	26956816	26956941	DNA/TcMar-Tigger	1747	+	62	26956878	47338
chr8	26909540	27109540	harbor1	chr8	27002330	27002984	DNA/TcMar-Tigger	3756	+	327	27002657	93117
chr8	26909540	27109540	harbor1	chr8	26968000	26968631	DNA/TcMar-Tigger	2122	+	316	26968316	58776
chr8	90898230	91098230	harbor1	chr8	90963988	90964054	DNA/TcMar-Tigger	432	+	33	90964021	65791
chr8	90898230	91098230	harbor1	chr8	90964125	90964194	DNA/TcMar-Tigger	430	+	34	90964159	65929
chr8	120225162	120425162	harbor1	chr8	120307289	120307542	DNA/TcMar-Tigger	1675	+	126	120307415	82253
chr8	120225162	120425162	harbor1	chr8	120241902	120242239	DNA/TcMar-Tigger	1824	+	168	120242070	16908
chr8	85439998	85639998	harbor1	chr8	85513859	85514493	DNA/TcMar-Tigger	2135	+	317	85514176	74178
chr8	37120774	37320774	harbor1	chr8	37201487	37201816	DNA/TcMar-Tigger	1920	+	164	37201651	80877
chr8	37120774	37320774	harbor1	chr8	37219008	37219303	DNA/TcMar-Tigger	501	+	148	37219156	98382
chr8	37120774	37320774	harbor1	chr8	37219339	37219549	DNA/TcMar-Tigger	653	+	105	37219444	98670
chr8	136668758	136868758	harbor1	chr8	136672084	136672726	DNA/TcMar-Tigger	3127	+	321	136672405	3647
chr8	16034162	16234162	harbor1	chr8	16107113	16107573	DNA/TcMar-Tigger	2148	+	230	16107343	73181
chr8	16034162	16234162	harbor1	chr8	16130201	16130393	DNA/TcMar-Tigger	1059	+	96	16130297	96135
chr8	16034162	16234162	harbor1	chr8	16133074	16133105	DNA/TcMar-Tigger	12964	+	16	16133090	98928
chr8	52855177	53055177	harbor1	chr8	52937561	52938220	DNA/TcMar-Tigger	2757	+	330	52937891	82714
chr8	89002426	89202426	harbor1	chr8	89038815	89039154	DNA/TcMar-Tigger	1947	+	170	89038985	36559
chr8	60843045	61043045	harbor1	chr8	60845506	60845605	DNA/TcMar-Tigger	445	+	50	60845556	2511
chr8	60843045	61043045	harbor1	chr8	60898775	60899066	DNA/TcMar-Tigger	780	+	146	60898921	55876
chr8	17128020	17328020	harbor1	chr8	17205889	17206523	DNA/TcMar-Tigger	3409	+	317	17206206	78186
chr8	80657735	80857735	harbor1	chr8	80757045	80757982	DNA/TcMar-Tigger	5712	+	468	80757513	99778
chr8	60909043	61109043	harbor1	chr8	60969721	60969997	DNA/TcMar-Tigger	1170	+	138	60969859	60816
chr8	74213481	74413481	harbor1	chr8	74258904	74259246	DNA/TcMar-Tigger	1937	+	171	74259075	45594
chr8	74213481	74413481	harbor1	chr8	74285488	74285807	DNA/TcMar-Tigger	1339	+	160	74285648	72167
chr8	123733076	123933076	harbor1	chr8	123794130	123795260	DNA/TcMar-Tigger	6586	+	565	123794695	61619
chr8	123733076	123933076	harbor1	chr8	123795674	123796461	DNA/TcMar-Tigger	9060	+	394	123796068	62992
chr8	123733076	123933076	harbor1	chr8	123796757	123796781	DNA/TcMar-Tigger	9060	+	12	123796769	63693
chr8	123733076	123933076	harbor1	chr8	123831479	123831618	DNA/TcMar-Tigger	547	+	70	123831549	98473
chr8	123733076	123933076	harbor1	chr8	123832058	123832167	DNA/TcMar-Tigger	547	+	54	123832112	99036
chr8	123733076	123933076	harbor1	chr8	123797083	123797782	DNA/TcMar-Tigger	9060	+	350	123797433	64357
chr8	16588671	16788671	harbor1	chr8	16592321	16592471	DNA/TcMar-Tigger	742	+	75	16592396	3725
chr8	16588671	16788671	harbor1	chr8	16592480	16592672	DNA/TcMar-Tigger	770	+	96	16592576	3905
chr8	16588671	16788671	harbor1	chr8	16687066	16687427	DNA/TcMar-Tigger	2281	+	180	16687246	98575
chr8	93278036	93478036	harbor1	chr8	93304596	93305039	DNA/TcMar-Tigger	2363	+	222	93304818	26782
chr8	93278036	93478036	harbor1	chr8	93308858	93309107	DNA/TcMar-Tigger	504	+	124	93308982	30946
chr8	93278036	93478036	harbor1	chr8	93319239	93319422	DNA/TcMar-Tigger	2108	+	92	93319331	41295
chr8	93278036	93478036	harbor1	chr8	93319954	93320124	DNA/TcMar-Tigger	2108	+	85	93320039	42003
chr8	108006118	108206118	harbor1	chr8	108036187	108036363	DNA/TcMar-Tigger	1282	+	88	108036275	30157
chr8	108006118	108206118	harbor1	chr8	108036621	108037880	DNA/TcMar-Tigger	7563	+	630	108037251	31133
chr8	108006118	108206118	harbor1	chr8	108037872	108038946	DNA/TcMar-Tigger	6708	+	537	108038409	32291
chr8	108006118	108206118	harbor1	chr8	108047117	108047456	DNA/TcMar-Tigger	488	+	170	108047287	41169
chr8	132716350	132916350	harbor1	chr8	132716557	132716713	DNA/TcMar-Tigger	836	+	78	132716635	285
chr8	132716350	132916350	harbor1	chr8	132719263	132719579	DNA/TcMar-Tigger	1594	+	158	132719421	3071
chr8	26314272	26514272	harbor1	chr8	26337148	26337424	DNA/TcMar-Tigger	612	+	138	26337286	23014
chr8	26314272	26514272	harbor1	chr8	26348317	26348653	DNA/TcMar-Tigger	1898	+	168	26348485	34213
chr8	26314272	26514272	harbor1	chr8	26364745	26364976	DNA/TcMar-Tigger	883	+	116	26364861	50589
chr8	70478501	70678501	harbor1	chr8	70479184	70479545	DNA/TcMar-Tigger	1163	+	180	70479364	863
chr8	58649064	58849064	harbor1	chr8	58665507	58665745	DNA/TcMar-Tigger	1401	+	119	58665626	16562
chr8	58649064	58849064	harbor1	chr8	58670219	58670486	DNA/TcMar-Tigger	1336	+	134	58670353	21289
chr8	58649064	58849064	harbor1	chr8	58670484	58670582	DNA/TcMar-Tigger	511	+	49	58670533	21469
chr8	86499090	86699090	harbor1	chr8	86553383	86553671	DNA/TcMar-Tigger	1315	+	144	86553527	54437
chr8	100735781	100935781	harbor1	chr8	100787226	100787515	DNA/TcMar-Tigger	1932	+	144	100787370	51589
chr8	30072251	30272251	harbor1	chr8	30087027	30087118	DNA/TcMar-Tigger	644	+	46	30087073	14822
chr8	30072251	30272251	harbor1	chr8	30126217	30126359	DNA/TcMar-Tigger	929	+	71	30126288	54037
chr8	30072251	30272251	harbor1	chr8	30153408	30153914	DNA/TcMar-Tigger	2748	+	253	30153661	81410
chr8	30072251	30272251	harbor1	chr8	30153909	30153999	DNA/TcMar-Tigger	674	+	45	30153954	81703
chr8	30072251	30272251	harbor1	chr8	30160564	30160658	DNA/TcMar-Tigger	470	+	47	30160611	88360
chr8	30072251	30272251	harbor1	chr8	30160647	30160844	DNA/TcMar-Tigger	1037	+	98	30160745	88494
chr8	84972957	85172957	harbor1	chr8	84992563	84992578	DNA/TcMar-Tigger	2334	+	8	84992571	19614
chr8	84972957	85172957	harbor1	chr8	84992973	84993383	DNA/TcMar-Tigger	2334	+	205	84993178	20221
chr8	84972957	85172957	harbor1	chr8	85041165	85041489	DNA/TcMar-Tigger	1919	+	162	85041327	68370
chr8	95747443	95947443	harbor1	chr8	95759584	95760148	DNA/TcMar-Tigger	2060	+	282	95759866	12423
chr9	97128163	97328163	harbor1	chr9	97190588	97191022	DNA/TcMar-Tigger	2050	+	217	97190805	62642
chr9	118082244	118282244	harbor1	chr9	118125821	118126049	DNA/TcMar-Tigger	1353	+	114	118125935	43691
chr9	118082244	118282244	harbor1	chr9	118126598	118127801	DNA/TcMar-Tigger	7449	+	602	118127200	44956
chr9	118082244	118282244	harbor1	chr9	118130332	118131271	DNA/TcMar-Tigger	5430	+	470	118130802	48558
chr9	77843322	78043322	harbor1	chr9	77906688	77906809	DNA/TcMar-Tigger	475	+	60	77906748	63426
chr9	27520084	27720084	harbor1	chr9	27568570	27568703	DNA/TcMar-Tigger	645	+	66	27568636	48552
chr9	27520084	27720084	harbor1	chr9	27568697	27569193	DNA/TcMar-Tigger	2628	+	248	27568945	48861
chr9	27520084	27720084	harbor1	chr9	27569237	27569676	DNA/TcMar-Tigger	2832	+	220	27569457	49373
chr9	85829151	86029151	harbor1	chr9	85872899	85873229	DNA/TcMar-Tigger	2499	+	165	85873064	43913
chr9	85829151	86029151	harbor1	chr9	85873543	85873648	DNA/TcMar-Tigger	2499	+	52	85873595	44444
chr9	85829151	86029151	harbor1	chr9	85874377	85874404	DNA/TcMar-Tigger	2499	+	14	85874391	45240
chr9	85829151	86029151	harbor1	chr9	85906681	85906863	DNA/TcMar-Tigger	605	+	91	85906772	77621
chr9	85829151	86029151	harbor1	chr9	85906887	85907079	DNA/TcMar-Tigger	542	+	96	85906983	77832
chr9	9456564	9656564	harbor1	chr9	9492674	9493151	DNA/TcMar-Tigger	2641	+	238	9492912	36348
chr9	9456564	9656564	harbor1	chr9	9493154	9493508	DNA/TcMar-Tigger	5645	+	177	9493331	36767
chr9	9456564	9656564	harbor1	chr9	9493816	9494530	DNA/TcMar-Tigger	5645	+	357	9494173	37609
chr9	98539418	98739418	harbor1	chr9	98585739	98585973	DNA/TcMar-Tigger	1410	+	117	98585856	46438
chr9	15589894	15789894	harbor1	chr9	15618980	15620965	DNA/TcMar-Tigger	12310	+	992	15619972	30078
chr9	15589894	15789894	harbor1	chr9	15621267	15621467	DNA/TcMar-Tigger	12310	+	100	15621367	31473
chr9	34210263	34410263	harbor1	chr9	34234426	34234498	DNA/TcMar-Tigger	6226	+	36	34234462	24199
chr9	34210263	34410263	harbor1	chr9	34234633	34235307	DNA/TcMar-Tigger	6226	+	337	34234970	24707
chr9	34210263	34410263	harbor1	chr9	34235333	34235349	DNA/TcMar-Tigger	6226	+	8	34235341	25078
chr9	34210263	34410263	harbor1	chr9	34235639	34235817	DNA/TcMar-Tigger	6226	+	89	34235728	25465
chr9	34210263	34410263	harbor1	chr9	34236160	34236435	DNA/TcMar-Tigger	6226	+	138	34236298	26035
chr9	113974093	114174093	harbor1	chr9	113975513	113975745	DNA/TcMar-Tigger	1283	+	116	113975629	1536
chr9	113974093	114174093	harbor1	chr9	113979281	113979496	DNA/TcMar-Tigger	438	+	108	113979389	5296
chr9	113974093	114174093	harbor1	chr9	114046245	114046547	DNA/TcMar-Tigger	1889	+	151	114046396	72303
chr9	27086639	27286639	harbor1	chr9	27138649	27138880	DNA/TcMar-Tigger	1115	+	116	27138765	52126
chr9	27086639	27286639	harbor1	chr9	27167966	27168193	DNA/TcMar-Tigger	1227	+	114	27168080	81441
chr9	106506364	106706364	harbor1	chr9	106542126	106542568	DNA/TcMar-Tigger	2110	+	221	106542347	35983
chr9	106506364	106706364	harbor1	chr9	106545736	106546092	DNA/TcMar-Tigger	2240	+	178	106545914	39550
chr9	41529270	41729270	harbor1	chr9	41590596	41592627	DNA/TcMar-Tigger	14075	+	1016	41591612	62342
chr9	41529270	41729270	harbor1	chr9	41592931	41593255	DNA/TcMar-Tigger	14075	+	162	41593093	63823
chr9	41529270	41729270	harbor1	chr9	41593928	41594142	DNA/TcMar-Tigger	742	+	107	41594035	64765
chr9	111126466	111326466	harbor1	chr9	111138562	111138740	DNA/TcMar-Tigger	1832	+	89	111138651	12185
chr9	111126466	111326466	harbor1	chr9	111138873	111139045	DNA/TcMar-Tigger	1832	+	86	111138959	12493
chr9	19269648	19469648	harbor1	chr9	19301534	19301654	DNA/TcMar-Tigger	1364	+	60	19301594	31946
chr9	19269648	19469648	harbor1	chr9	19301944	19302405	DNA/TcMar-Tigger	1364	+	230	19302174	32526
chr9	19269648	19469648	harbor1	chr9	19323883	19324222	DNA/TcMar-Tigger	1912	+	170	19324053	54405
chr9	62624773	62824773	harbor1	chr9	62633353	62633594	DNA/TcMar-Tigger	1089	+	120	62633473	8700
chr9	62624773	62824773	harbor1	chr9	62633830	62634227	DNA/TcMar-Tigger	2428	+	198	62634028	9255
chr9	62624773	62824773	harbor1	chr9	62665597	62665756	DNA/TcMar-Tigger	1164	+	80	62665677	40904
chr9	62624773	62824773	harbor1	chr9	62666081	62666131	DNA/TcMar-Tigger	1164	+	25	62666106	41333
chr9	61829865	62029865	harbor1	chr9	61918349	61919029	DNA/TcMar-Tigger	4194	+	340	61918689	88824
chr9	61829865	62029865	harbor1	chr9	61920002	61920508	DNA/TcMar-Tigger	3779	+	253	61920255	90390
chr9	61829865	62029865	harbor1	chr9	61920789	61920925	DNA/TcMar-Tigger	3779	+	68	61920857	90992
chr9	35823927	36023927	harbor1	chr9	35865830	35866277	DNA/TcMar-Tigger	1727	+	224	35866054	42127
chr9	62331003	62531003	harbor1	chr9	62379704	62380029	DNA/TcMar-Tigger	1737	+	162	62379866	48863
chr9	124701289	124901289	harbor1	chr9	124731526	124731950	DNA/TcMar-Tigger	2669	+	212	124731738	30449
chr9	40553523	40753523	harbor1	chr9	40609473	40609788	DNA/TcMar-Tigger	1556	+	158	40609631	56108
chr9	108619343	108819343	harbor1	chr9	108622362	108622823	DNA/TcMar-Tigger	1503	+	230	108622592	3249
chr9	108619343	108819343	harbor1	chr9	108664982	108665334	DNA/TcMar-Tigger	559	+	176	108665158	45815
chr9	108619343	108819343	harbor1	chr9	108702091	108702438	DNA/TcMar-Tigger	1606	+	174	108702265	82922
chr9	131594814	131794814	harbor1	chr9	131685839	131686124	DNA/TcMar-Tigger	673	+	142	131685981	91167
chr9	131594814	131794814	harbor1	chr9	131686331	131686385	DNA/TcMar-Tigger	673	+	27	131686358	91544
chr9	111194252	111394252	harbor1	chr9	111238888	111239223	DNA/TcMar-Tigger	1827	+	168	111239056	44804
chr9	111194252	111394252	harbor1	chr9	111244502	111244822	DNA/TcMar-Tigger	1525	+	160	111244662	50410
chr9	111194252	111394252	harbor1	chr9	111247667	111248347	DNA/TcMar-Tigger	3959	+	340	111248007	53755
chr9	111194252	111394252	harbor1	chr9	111249011	111249267	DNA/TcMar-Tigger	1564	+	128	111249139	54887
chr9	111194252	111394252	harbor1	chr9	111249954	111250043	DNA/TcMar-Tigger	562	+	44	111249998	55746
chr9	122630502	122830502	harbor1	chr9	122696259	122696550	DNA/TcMar-Tigger	1051	+	146	122696405	65903
chr9	79808333	80008333	harbor1	chr9	79845982	79846095	DNA/TcMar-Tigger	530	+	56	79846038	37705
chr9	97380466	97580466	harbor1	chr9	97425271	97425608	DNA/TcMar-Tigger	2168	+	168	97425439	44973
chr9	97380466	97580466	harbor1	chr9	97453287	97453371	DNA/TcMar-Tigger	482	+	42	97453329	72863
chr9	97380466	97580466	harbor1	chr9	97458153	97458260	DNA/TcMar-Tigger	620	+	54	97458207	77741
chr9	128404376	128604376	harbor1	chr9	128475008	128475333	DNA/TcMar-Tigger	1838	+	162	128475170	70794
chr9	73017556	73217556	harbor1	chr9	73112192	73112430	DNA/TcMar-Tigger	1111	+	119	73112311	94755
chr9	73017556	73217556	harbor1	chr9	73112421	73112736	DNA/TcMar-Tigger	1721	+	158	73112579	95023
chr9	82084965	82284965	harbor1	chr9	82107747	82109000	DNA/TcMar-Tigger	7364	+	626	82108373	23408
chr9	82084965	82284965	harbor1	chr9	82183806	82184345	DNA/TcMar-Tigger	3245	+	270	82184076	99111
chr9	62690974	62890974	harbor1	chr9	62730627	62731136	DNA/TcMar-Tigger	2984	+	254	62730881	39907
chr9	39958162	40158162	harbor1	chr9	40011666	40011879	DNA/TcMar-Tigger	1140	+	106	40011772	53610
chr9	28683761	28883761	harbor1	chr9	28726038	28726295	DNA/TcMar-Tigger	453	+	128	28726166	42405
chr9	24894640	25094640	harbor1	chr9	24896047	24896234	DNA/TcMar-Tigger	1024	+	94	24896141	1501
chr9	24894640	25094640	harbor1	chr9	24970220	24970651	DNA/TcMar-Tigger	2254	+	216	24970436	75796
chr9	92274638	92474638	harbor1	chr9	92363305	92363640	DNA/TcMar-Tigger	1952	+	168	92363473	88835
chr9	92274638	92474638	harbor1	chr9	92366854	92367042	DNA/TcMar-Tigger	1022	+	94	92366948	92310
chr9	92274638	92474638	harbor1	chr9	92367042	92367155	DNA/TcMar-Tigger	3757	+	56	92367098	92460
chr9	92274638	92474638	harbor1	chr9	92367467	92367609	DNA/TcMar-Tigger	3757	+	71	92367538	92900
chr9	92274638	92474638	harbor1	chr9	92367916	92368408	DNA/TcMar-Tigger	3757	+	246	92368162	93524
chr9	103036626	103236626	harbor1	chr9	103056709	103057148	DNA/TcMar-Tigger	1984	+	220	103056929	20303
chr9	103036626	103236626	harbor1	chr9	103089412	103089741	DNA/TcMar-Tigger	1332	+	164	103089576	52950
chr9	103036626	103236626	harbor1	chr9	103107784	103108217	DNA/TcMar-Tigger	1927	+	216	103108000	71374
chr9	103036626	103236626	harbor1	chr9	103108203	103108367	DNA/TcMar-Tigger	674	+	82	103108285	71659
chr9	103036626	103236626	harbor1	chr9	103117225	103118320	DNA/TcMar-Tigger	5980	+	548	103117773	81147
chr9	25682491	25882491	harbor1	chr9	25717544	25717845	DNA/TcMar-Tigger	986	+	150	25717694	35203
chr9	25682491	25882491	harbor1	chr9	25741234	25741362	DNA/TcMar-Tigger	758	+	64	25741298	58807
chr9	25682491	25882491	harbor1	chr9	25741366	25741574	DNA/TcMar-Tigger	1007	+	104	25741470	58979
chr9	60806891	61006891	harbor1	chr9	60883384	60883592	DNA/TcMar-Tigger	933	+	104	60883488	76597
chr9	60806891	61006891	harbor1	chr9	60884045	60884660	DNA/TcMar-Tigger	3160	+	308	60884353	77462
chr9	60806891	61006891	harbor1	chr9	60884947	60885142	DNA/TcMar-Tigger	3160	+	98	60885045	78154
chr9	11654478	11854478	harbor1	chr9	11676926	11677121	DNA/TcMar-Tigger	592	+	98	11677024	22546
chr9	11654478	11854478	harbor1	chr9	11683005	11683066	DNA/TcMar-Tigger	478	+	30	11683035	28557
chr9	11654478	11854478	harbor1	chr9	11683071	11683480	DNA/TcMar-Tigger	2277	+	204	11683275	28797
chr9	39190497	39390497	harbor1	chr9	39204411	39204743	DNA/TcMar-Tigger	1597	+	166	39204577	14080
chr9	39190497	39390497	harbor1	chr9	39205827	39206348	DNA/TcMar-Tigger	2952	+	260	39206087	15590
chr9	138167107	138367107	harbor1	chr9	138259268	138259375	DNA/TcMar-Tigger	562	+	54	138259322	92215
chr9	88014892	88214892	harbor1	chr9	88030017	88030039	DNA/TcMar-Tigger	1215	+	11	88030028	15136
chr9	88014892	88214892	harbor1	chr9	88030324	88030564	DNA/TcMar-Tigger	1215	+	120	88030444	15552
chr9	88014892	88214892	harbor1	chr9	88030552	88030686	DNA/TcMar-Tigger	800	+	67	88030619	15727
chr9	37467661	37667661	harbor1	chr9	37533162	37533263	DNA/TcMar-Tigger	1202	+	50	37533212	65551
chr9	37467661	37667661	harbor1	chr9	37533895	37534102	DNA/TcMar-Tigger	1202	+	104	37533999	66338
chr9	123396288	123596288	harbor1	chr9	123409318	123409518	DNA/TcMar-Tigger	1152	+	100	123409418	13130
chr9	103581082	103781082	harbor1	chr9	103604279	103605344	DNA/TcMar-Tigger	4263	+	532	103604811	23729
chr9	103581082	103781082	harbor1	chr9	103622500	103622937	DNA/TcMar-Tigger	2511	+	218	103622718	41636
chr9	103581082	103781082	harbor1	chr9	103661734	103662046	DNA/TcMar-Tigger	1556	+	156	103661890	80808
chr9	76775172	76975172	harbor1	chr9	76871146	76871476	DNA/TcMar-Tigger	1929	+	165	76871311	96139
chr9	106805920	107005920	harbor1	chr9	106850137	106850583	DNA/TcMar-Tigger	2211	+	223	106850360	44440
chr9	11961896	12161896	harbor1	chr9	11962536	11962736	DNA/TcMar-Tigger	893	+	100	11962636	740
chr9	73012635	73212635	harbor1	chr9	73112192	73112430	DNA/TcMar-Tigger	1111	+	119	73112311	99676
chr9	73012635	73212635	harbor1	chr9	73112421	73112736	DNA/TcMar-Tigger	1721	+	158	73112579	99944
chr9	86770401	86970401	harbor1	chr9	86787393	86787569	DNA/TcMar-Tigger	612	+	88	86787481	17080
chr9	86770401	86970401	harbor1	chr9	86842156	86842593	DNA/TcMar-Tigger	2585	+	218	86842374	71973
chr9	86770401	86970401	harbor1	chr9	86844208	86844521	DNA/TcMar-Tigger	616	+	156	86844364	73963
chr9	86770401	86970401	harbor1	chr9	86862836	86863175	DNA/TcMar-Tigger	1860	+	170	86863006	92605
chr9	29175045	29375045	harbor1	chr9	29264683	29267011	DNA/TcMar-Tigger	13609	+	1164	29265847	90802
chr9	71449025	71649025	harbor1	chr9	71453159	71453724	DNA/TcMar-Tigger	981	+	282	71453441	4416
chr9	71449025	71649025	harbor1	chr9	71491440	71491980	DNA/TcMar-Tigger	3061	+	270	71491710	42685
chr9	89403176	89603176	harbor1	chr9	89490375	89490737	DNA/TcMar-Tigger	2172	+	181	89490556	87380
chr9	88022901	88222901	harbor1	chr9	88030017	88030039	DNA/TcMar-Tigger	1215	+	11	88030028	7127
chr9	88022901	88222901	harbor1	chr9	88030324	88030564	DNA/TcMar-Tigger	1215	+	120	88030444	7543
chr9	88022901	88222901	harbor1	chr9	88030552	88030686	DNA/TcMar-Tigger	800	+	67	88030619	7718
chr9	21391629	21591629	harbor1	chr9	21450213	21450778	DNA/TcMar-Tigger	2897	+	282	21450495	58866
chr9	42553068	42753068	harbor1	chr9	42572223	42572548	DNA/TcMar-Tigger	1809	+	162	42572385	19317
chr9	63121576	63321576	harbor1	chr9	63147769	63147945	DNA/TcMar-Tigger	916	+	88	63147857	26281
chr9	61153035	61353035	harbor1	chr9	61159299	61159507	DNA/TcMar-Tigger	899	+	104	61159403	6368
chr9	61153035	61353035	harbor1	chr9	61159960	61160575	DNA/TcMar-Tigger	3126	+	308	61160268	7233
chr9	61153035	61353035	harbor1	chr9	61160854	61161049	DNA/TcMar-Tigger	3126	+	98	61160952	7917
chr9	61153035	61353035	harbor1	chr9	61185366	61187712	DNA/TcMar-Tigger	14606	+	1173	61186539	33504
chr9	130786765	130986765	harbor1	chr9	130813801	130813893	DNA/TcMar-Tigger	506	+	46	130813847	27082
chr9	130786765	130986765	harbor1	chr9	130850126	130850500	DNA/TcMar-Tigger	1084	+	187	130850313	63548
chr9	130786765	130986765	harbor1	chr9	130850807	130850873	DNA/TcMar-Tigger	1084	+	33	130850840	64075
chr9	130786765	130986765	harbor1	chr9	130864784	130865059	DNA/TcMar-Tigger	639	+	138	130864922	78157
chr9	130786765	130986765	harbor1	chr9	130865909	130866143	DNA/TcMar-Tigger	1265	+	117	130866026	79261
chr9	37572989	37772989	harbor1	chr9	37582262	37582458	DNA/TcMar-Tigger	414	+	98	37582360	9371
chr9	90063687	90263687	harbor1	chr9	90114638	90114898	DNA/TcMar-Tigger	1352	+	130	90114768	51081
chr9	90063687	90263687	harbor1	chr9	90114898	90114915	DNA/TcMar-Tigger	428	+	8	90114906	51219
chr9	90063687	90263687	harbor1	chr9	90114959	90115041	DNA/TcMar-Tigger	428	+	41	90115000	51313
chr9	84566430	84766430	harbor1	chr9	84624702	84625020	DNA/TcMar-Tigger	1758	+	159	84624861	58431
chr9	38182405	38382405	harbor1	chr9	38205827	38206160	DNA/TcMar-Tigger	2194	+	166	38205993	23588
chr9	80956482	81156482	harbor1	chr9	81053493	81053983	DNA/TcMar-Tigger	936	+	245	81053738	97256
chr9	70026245	70226245	harbor1	chr9	70100980	70101079	DNA/TcMar-Tigger	514	+	50	70101030	74785
chr9	70026245	70226245	harbor1	chr9	70101069	70101800	DNA/TcMar-Tigger	3732	+	366	70101435	75190
chr9	30978261	31178261	harbor1	chr9	31062638	31063029	DNA/TcMar-Tigger	1651	+	196	31062834	84573
chr9	37780766	37980766	harbor1	chr9	37832521	37832871	DNA/TcMar-Tigger	1134	+	175	37832696	51930
chr9	37780766	37980766	harbor1	chr9	37833144	37833282	DNA/TcMar-Tigger	947	+	69	37833213	52447
chr9	37780766	37980766	harbor1	chr9	37840115	37840212	DNA/TcMar-Tigger	566	+	48	37840163	59397
chr9	37780766	37980766	harbor1	chr9	37840212	37841116	DNA/TcMar-Tigger	5231	+	452	37840664	59898
chr9	35780975	35980975	harbor1	chr9	35865830	35866277	DNA/TcMar-Tigger	1727	+	224	35866054	85079
chr9	71363821	71563821	harbor1	chr9	71369777	71371829	DNA/TcMar-Tigger	12360	+	1026	71370803	6982
chr9	71363821	71563821	harbor1	chr9	71375683	71376011	DNA/TcMar-Tigger	2196	+	164	71375847	12026
chr9	71363821	71563821	harbor1	chr9	71453159	71453724	DNA/TcMar-Tigger	981	+	282	71453441	89620
chr9	120298963	120498963	harbor1	chr9	120329578	120329901	DNA/TcMar-Tigger	1305	+	162	120329740	30777
chr9	120298963	120498963	harbor1	chr9	120395587	120396182	DNA/TcMar-Tigger	2972	+	298	120395885	96922
chr9	76422465	76622465	harbor1	chr9	76422415	76422530	DNA/TcMar-Tigger	1951	+	58	76422473	8
chr9	76422465	76622465	harbor1	chr9	76422853	76423115	DNA/TcMar-Tigger	1951	+	131	76422984	519
chr9	76422465	76622465	harbor1	chr9	76434134	76434241	DNA/TcMar-Tigger	679	+	54	76434188	11723
chr9	77275183	77475183	harbor1	chr9	77342248	77342370	DNA/TcMar-Tigger	589	+	61	77342309	67126
chr9	77275183	77475183	harbor1	chr9	77342365	77342794	DNA/TcMar-Tigger	2779	+	214	77342579	67396
chr9	101557101	101757101	harbor1	chr9	101583241	101583475	DNA/TcMar-Tigger	647	+	117	101583358	26257
chr9	101557101	101757101	harbor1	chr9	101584329	101584725	DNA/TcMar-Tigger	1102	+	198	101584527	27426
chr9	134048819	134248819	harbor1	chr9	134087381	134087511	DNA/TcMar-Tigger	573	+	65	134087446	38627
chr9	134048819	134248819	harbor1	chr9	134086630	134086767	DNA/TcMar-Tigger	768	+	68	134086698	37879
chr9	87337117	87537117	harbor1	chr9	87389868	87390022	DNA/TcMar-Tigger	927	+	77	87389945	52828
chr9	87337117	87537117	harbor1	chr9	87390021	87390496	DNA/TcMar-Tigger	2839	+	238	87390259	53142
chr9	87337117	87537117	harbor1	chr9	87420203	87420390	DNA/TcMar-Tigger	2404	+	94	87420297	83180
chr9	87337117	87537117	harbor1	chr9	87420759	87420996	DNA/TcMar-Tigger	2404	+	118	87420877	83760
chr9	65784459	65984459	harbor1	chr9	65863010	65863210	DNA/TcMar-Tigger	1128	+	100	65863110	78651
chr9	71005723	71205723	harbor1	chr9	71036607	71036933	DNA/TcMar-Tigger	662	+	163	71036770	31047
chr9	71005723	71205723	harbor1	chr9	71065620	71066022	DNA/TcMar-Tigger	642	+	201	71065821	60098
chr9	9268559	9468559	harbor1	chr9	9312395	9313231	DNA/TcMar-Tigger	4596	+	418	9312813	44254
chr9	9268559	9468559	harbor1	chr9	9322689	9322889	DNA/TcMar-Tigger	618	+	100	9322789	54230
chr9	19514673	19714673	harbor1	chr9	19554315	19554521	DNA/TcMar-Tigger	1393	+	103	19554418	39745
chr9	19514673	19714673	harbor1	chr9	19577481	19577541	DNA/TcMar-Tigger	497	+	30	19577511	62838
chr9	66297178	66497178	harbor1	chr9	66316964	66317289	DNA/TcMar-Tigger	1840	+	162	66317126	19948
chr9	66297178	66497178	harbor1	chr9	66333399	66333644	DNA/TcMar-Tigger	820	+	122	66333521	36343
chr9	65148555	65348555	harbor1	chr9	65218208	65218523	DNA/TcMar-Tigger	1537	+	158	65218366	69811
chr9	93887463	94087463	harbor1	chr9	93890425	93890567	DNA/TcMar-Tigger	414	+	71	93890496	3033
chr9	21362181	21562181	harbor1	chr9	21450213	21450778	DNA/TcMar-Tigger	2897	+	282	21450495	88314
chr9	71815207	72015207	harbor1	chr9	71846311	71846609	DNA/TcMar-Tigger	1339	+	149	71846460	31253
chr9	71815207	72015207	harbor1	chr9	71888020	71888312	DNA/TcMar-Tigger	602	+	146	71888166	72959
chr9	26128453	26328453	harbor1	chr9	26131475	26131602	DNA/TcMar-Tigger	761	+	64	26131539	3086
chr9	26128453	26328453	harbor1	chr9	26133961	26134298	DNA/TcMar-Tigger	1812	+	168	26134129	5676
chr9	26128453	26328453	harbor1	chr9	26179886	26180156	DNA/TcMar-Tigger	542	+	135	26180021	51568
chr9	67564572	67764572	harbor1	chr9	67624034	67624341	DNA/TcMar-Tigger	1735	+	154	67624188	59616
chr9	67564572	67764572	harbor1	chr9	67651758	67652069	DNA/TcMar-Tigger	1663	+	156	67651914	87342
chr9	100749114	100949114	harbor1	chr9	100783416	100783845	DNA/TcMar-Tigger	2897	+	214	100783630	34516
chr9	77686599	77886599	harbor1	chr9	77759513	77759742	DNA/TcMar-Tigger	419	+	114	77759627	73028
chr9	77686599	77886599	harbor1	chr9	77763490	77763610	DNA/TcMar-Tigger	442	+	60	77763550	76951
chr9	77686599	77886599	harbor1	chr9	77777220	77777331	DNA/TcMar-Tigger	409	+	56	77777276	90677
chr9	120819187	121019187	harbor1	chr9	120887677	120887764	DNA/TcMar-Tigger	514	+	44	120887721	68534
chr9	92345684	92545684	harbor1	chr9	92363305	92363640	DNA/TcMar-Tigger	1952	+	168	92363473	17789
chr9	92345684	92545684	harbor1	chr9	92366854	92367042	DNA/TcMar-Tigger	1022	+	94	92366948	21264
chr9	92345684	92545684	harbor1	chr9	92367042	92367155	DNA/TcMar-Tigger	3757	+	56	92367098	21414
chr9	92345684	92545684	harbor1	chr9	92367467	92367609	DNA/TcMar-Tigger	3757	+	71	92367538	21854
chr9	92345684	92545684	harbor1	chr9	92367916	92368408	DNA/TcMar-Tigger	3757	+	246	92368162	22478
chr9	92345684	92545684	harbor1	chr9	92439930	92440244	DNA/TcMar-Tigger	3301	+	157	92440087	94403
chr9	92345684	92545684	harbor1	chr9	92440494	92440868	DNA/TcMar-Tigger	3301	+	187	92440681	94997
chr9	6225801	6425801	harbor1	chr9	6250036	6250382	DNA/TcMar-Tigger	894	+	173	6250209	24408
chr9	6225801	6425801	harbor1	chr9	6278032	6278253	DNA/TcMar-Tigger	1252	+	110	6278142	52341
chr9	11499007	11699007	harbor1	chr9	11596963	11597137	DNA/TcMar-Tigger	432	+	87	11597050	98043
chr9	36869117	37069117	harbor1	chr9	36891602	36891810	DNA/TcMar-Tigger	441	+	104	36891706	22589
chr9	36869117	37069117	harbor1	chr9	36893537	36893869	DNA/TcMar-Tigger	683	+	166	36893703	24586
chr9	36869117	37069117	harbor1	chr9	36917692	36918384	DNA/TcMar-Tigger	15023	+	346	36918038	48921
chr9	36869117	37069117	harbor1	chr9	36918678	36919561	DNA/TcMar-Tigger	15023	+	442	36919120	50003
chr9	36869117	37069117	harbor1	chr9	36919868	36920575	DNA/TcMar-Tigger	15023	+	354	36920222	51105
chr9	36869117	37069117	harbor1	chr9	36921113	36921229	DNA/TcMar-Tigger	729	+	58	36921171	52054
chr9	99559588	99759588	harbor1	chr9	99589539	99589736	DNA/TcMar-Tigger	684	+	98	99589637	30049
chr9	99559588	99759588	harbor1	chr9	99598768	99598884	DNA/TcMar-Tigger	576	+	58	99598826	39238
chr9	99559588	99759588	harbor1	chr9	99598861	99599544	DNA/TcMar-Tigger	3881	+	342	99599203	39615
chr9	99559588	99759588	harbor1	chr9	99614165	99614326	DNA/TcMar-Tigger	1880	+	80	99614245	54657
chr9	99559588	99759588	harbor1	chr9	99614806	99614977	DNA/TcMar-Tigger	1880	+	86	99614892	55304
chr9	99559588	99759588	harbor1	chr9	99637084	99637500	DNA/TcMar-Tigger	1374	+	208	99637292	77704
chr9	99559588	99759588	harbor1	chr9	99637511	99637747	DNA/TcMar-Tigger	438	+	118	99637629	78041
chr9	28636786	28836786	harbor1	chr9	28726038	28726295	DNA/TcMar-Tigger	453	+	128	28726166	89380
chr9	128502440	128702440	harbor1	chr9	128508420	128508535	DNA/TcMar-Tigger	631	+	58	128508478	6038
chr9	90208311	90408311	harbor1	chr9	90233393	90233590	DNA/TcMar-Tigger	773	+	98	90233491	25180
chr9	90208311	90408311	harbor1	chr9	90258421	90258657	DNA/TcMar-Tigger	1485	+	118	90258539	50228
chr9	111316148	111516148	harbor1	chr9	111381574	111381650	DNA/TcMar-Tigger	427	+	38	111381612	65464
chr9	36546922	36746922	harbor1	chr9	36569586	36569994	DNA/TcMar-Tigger	6967	+	204	36569790	22868
chr9	36546922	36746922	harbor1	chr9	36570171	36570510	DNA/TcMar-Tigger	6296	+	170	36570341	23419
chr9	36546922	36746922	harbor1	chr9	36570811	36571413	DNA/TcMar-Tigger	6296	+	301	36571112	24190
chr9	36546922	36746922	harbor1	chr9	36607874	36607998	DNA/TcMar-Tigger	1786	+	62	36607936	61014
chr9	36546922	36746922	harbor1	chr9	36608304	36608531	DNA/TcMar-Tigger	1786	+	114	36608418	61496
chr9	36546922	36746922	harbor1	chr9	36610925	36611150	DNA/TcMar-Tigger	1346	+	112	36611037	64115
chr9	36546922	36746922	harbor1	chr9	36568652	36569277	DNA/TcMar-Tigger	6967	+	312	36568964	22042
chr9	8477014	8677014	harbor1	chr9	8563401	8563436	DNA/TcMar-Tigger	2013	+	18	8563419	86405
chr9	8477014	8677014	harbor1	chr9	8563966	8564352	DNA/TcMar-Tigger	2013	+	193	8564159	87145
chr9	133162608	133362608	harbor1	chr9	133172200	133172592	DNA/TcMar-Tigger	1013	+	196	133172396	9788
chr9	133162608	133362608	harbor1	chr9	133172876	133172897	DNA/TcMar-Tigger	1013	+	10	133172886	10278
chr9	133162608	133362608	harbor1	chr9	133173206	133173336	DNA/TcMar-Tigger	1013	+	65	133173271	10663
chr9	17834613	18034613	harbor1	chr9	17927512	17927839	DNA/TcMar-Tigger	1790	+	164	17927676	93063
chr9	65716215	65916215	harbor1	chr9	65725034	65725240	DNA/TcMar-Tigger	1182	+	103	65725137	8922
chr9	91234380	91434380	harbor1	chr9	91292791	91294267	DNA/TcMar-Tigger	15152	+	738	91293529	59149
chr9	91234380	91434380	harbor1	chr9	91294570	91294916	DNA/TcMar-Tigger	15152	+	173	91294743	60363
chr9	91234380	91434380	harbor1	chr9	91295293	91295869	DNA/TcMar-Tigger	15152	+	288	91295581	61201
chr9	91234380	91434380	harbor1	chr9	91304899	91305014	DNA/TcMar-Tigger	528	+	58	91304957	70577
chr9	91234380	91434380	harbor1	chr9	91307412	91307581	DNA/TcMar-Tigger	1031	+	84	91307496	73116
chr9	91234380	91434380	harbor1	chr9	91307593	91307860	DNA/TcMar-Tigger	1522	+	134	91307727	73347
chr9	100686419	100886419	harbor1	chr9	100783416	100783845	DNA/TcMar-Tigger	2897	+	214	100783630	97211
chr9	42035476	42235476	harbor1	chr9	42042430	42042762	DNA/TcMar-Tigger	1545	+	166	42042596	7120
chr9	42035476	42235476	harbor1	chr9	42043830	42044351	DNA/TcMar-Tigger	2735	+	260	42044090	8614
chr9	109986587	110186587	harbor1	chr9	110007365	110007670	DNA/TcMar-Tigger	737	+	152	110007517	20930
chr9	109986587	110186587	harbor1	chr9	110058700	110058890	DNA/TcMar-Tigger	574	+	95	110058795	72208
chr9	109986587	110186587	harbor1	chr9	110059200	110059492	DNA/TcMar-Tigger	574	+	146	110059346	72759
chr9	84448714	84648714	harbor1	chr9	84506984	84507107	DNA/TcMar-Tigger	457	+	62	84507046	58332
chr9	84448714	84648714	harbor1	chr9	84507171	84508515	DNA/TcMar-Tigger	13294	+	672	84507843	59129
chr9	84448714	84648714	harbor1	chr9	84508819	84509725	DNA/TcMar-Tigger	13294	+	453	84509272	60558
chr9	60909824	61109824	harbor1	chr9	60909740	60912086	DNA/TcMar-Tigger	14681	+	1173	60910913	1089
chr9	13629385	13829385	harbor1	chr9	13684807	13685145	DNA/TcMar-Tigger	1393	+	169	13684976	55591
chr9	13629385	13829385	harbor1	chr9	13711736	13712106	DNA/TcMar-Tigger	1497	+	185	13711921	82536
chr9	76511411	76711411	harbor1	chr9	76609169	76609773	DNA/TcMar-Tigger	2880	+	302	76609471	98060
chr9	24480570	24680570	harbor1	chr9	24556471	24556657	DNA/TcMar-Tigger	686	+	93	24556564	75994
chr9	40317669	40517669	harbor1	chr9	40372376	40373517	DNA/TcMar-Tigger	5898	+	570	40372946	55277
chr9	40317669	40517669	harbor1	chr9	40410171	40410489	DNA/TcMar-Tigger	1210	+	159	40410330	92661
chr9	107607690	107807690	harbor1	chr9	107647120	107647387	DNA/TcMar-Tigger	1418	+	134	107647254	39564
chr9	81166457	81366457	harbor1	chr9	81249170	81251869	DNA/TcMar-Tigger	15399	+	1350	81250520	84063
chr9	106434740	106634740	harbor1	chr9	106445004	106445230	DNA/TcMar-Tigger	1308	+	113	106445117	10377
chr9	106434740	106634740	harbor1	chr9	106445236	106445890	DNA/TcMar-Tigger	8418	+	327	106445563	10823
chr9	106434740	106634740	harbor1	chr9	106446199	106446227	DNA/TcMar-Tigger	8418	+	14	106446213	11473
chr9	106434740	106634740	harbor1	chr9	106447222	106447919	DNA/TcMar-Tigger	4009	+	348	106447570	12830
chr9	106434740	106634740	harbor1	chr9	106463978	106464412	DNA/TcMar-Tigger	2325	+	217	106464195	29455
chr9	106434740	106634740	harbor1	chr9	106501864	106502259	DNA/TcMar-Tigger	2246	+	198	106502062	67322
chr9	106434740	106634740	harbor1	chr9	106446521	106447223	DNA/TcMar-Tigger	8418	+	351	106446872	12132
chr9	71323909	71523909	harbor1	chr9	71369777	71371829	DNA/TcMar-Tigger	12360	+	1026	71370803	46894
chr9	71323909	71523909	harbor1	chr9	71375683	71376011	DNA/TcMar-Tigger	2196	+	164	71375847	51938
chr9	37212323	37412323	harbor1	chr9	37299855	37300092	DNA/TcMar-Tigger	1255	+	118	37299973	87650
chr9	81054815	81254815	harbor1	chr9	81129903	81130346	DNA/TcMar-Tigger	2208	+	222	81130125	75310
chr9	89878800	90078800	harbor1	chr9	89932473	89932664	DNA/TcMar-Tigger	1714	+	96	89932569	53769
chr9	89878800	90078800	harbor1	chr9	89932949	89933040	DNA/TcMar-Tigger	1714	+	46	89932995	54195
chr9	73838518	74038518	harbor1	chr9	73850830	73851210	DNA/TcMar-Tigger	1695	+	190	73851020	12502
chr9	73838518	74038518	harbor1	chr9	73852636	73853284	DNA/TcMar-Tigger	2375	+	324	73852960	14442
chr9	111042351	111242351	harbor1	chr9	111116806	111117009	DNA/TcMar-Tigger	1016	+	102	111116908	74557
chr9	111042351	111242351	harbor1	chr9	111117316	111117431	DNA/TcMar-Tigger	1016	+	58	111117374	75023
chr9	111042351	111242351	harbor1	chr9	111138562	111138740	DNA/TcMar-Tigger	1832	+	89	111138651	96300
chr9	111042351	111242351	harbor1	chr9	111138873	111139045	DNA/TcMar-Tigger	1832	+	86	111138959	96608
chr9	105415116	105615116	harbor1	chr9	105473335	105473692	DNA/TcMar-Tigger	679	+	178	105473513	58397
chr9	41131706	41331706	harbor1	chr9	41178003	41178555	DNA/TcMar-Tigger	12858	+	276	41178279	46573
chr9	41131706	41331706	harbor1	chr9	41178866	41180168	DNA/TcMar-Tigger	12858	+	651	41179517	47811
chr9	41131706	41331706	harbor1	chr9	41180330	41180444	DNA/TcMar-Tigger	691	+	57	41180387	48681
chr9	41131706	41331706	harbor1	chr9	41181832	41182059	DNA/TcMar-Tigger	1472	+	114	41181946	50240
chr9	12860986	13060986	harbor1	chr9	12877164	12877815	DNA/TcMar-Tigger	3970	+	326	12877490	16504
chr9	12860986	13060986	harbor1	chr9	12877812	12878059	DNA/TcMar-Tigger	1227	+	124	12877936	16950
chr9	122016555	122216555	harbor1	chr9	122029062	122030123	DNA/TcMar-Tigger	6560	+	530	122029592	13037
chr9	118232156	118432156	harbor1	chr9	118254842	118256843	DNA/TcMar-Tigger	11219	+	1000	118255842	23686
chr9	134939772	135139772	harbor1	chr9	135003244	135003569	DNA/TcMar-Tigger	1794	+	162	135003406	63634
chr9	134939772	135139772	harbor1	chr9	135006129	135006465	DNA/TcMar-Tigger	1862	+	168	135006297	66525
chr9	70300878	70500878	harbor1	chr9	70320206	70320272	DNA/TcMar-Tigger	465	+	33	70320239	19361
chr9	70300878	70500878	harbor1	chr9	70320424	70320710	DNA/TcMar-Tigger	1837	+	143	70320567	19689
chr9	70300878	70500878	harbor1	chr9	70336691	70336824	DNA/TcMar-Tigger	612	+	66	70336757	35879
chr9	70300878	70500878	harbor1	chr9	70337175	70337348	DNA/TcMar-Tigger	612	+	86	70337261	36383
chr9	85697984	85897984	harbor1	chr9	85768338	85768546	DNA/TcMar-Tigger	1004	+	104	85768442	70458
chr9	70021680	70221680	harbor1	chr9	70100980	70101079	DNA/TcMar-Tigger	514	+	50	70101030	79350
chr9	70021680	70221680	harbor1	chr9	70101069	70101800	DNA/TcMar-Tigger	3732	+	366	70101435	79755
chr9	16021054	16221054	harbor1	chr9	16108942	16109135	DNA/TcMar-Tigger	1015	+	96	16109038	87984
chr9	10781845	10981845	harbor1	chr9	10799926	10801156	DNA/TcMar-Tigger	6604	+	615	10800541	18696
chr9	10781845	10981845	harbor1	chr9	10838415	10839168	DNA/TcMar-Tigger	6679	+	376	10838791	56946
chr9	10781845	10981845	harbor1	chr9	10839463	10839927	DNA/TcMar-Tigger	6679	+	232	10839695	57850
chr9	36860327	37060327	harbor1	chr9	36891602	36891810	DNA/TcMar-Tigger	441	+	104	36891706	31379
chr9	36860327	37060327	harbor1	chr9	36893537	36893869	DNA/TcMar-Tigger	683	+	166	36893703	33376
chr9	36860327	37060327	harbor1	chr9	36917692	36918384	DNA/TcMar-Tigger	15023	+	346	36918038	57711
chr9	36860327	37060327	harbor1	chr9	36918678	36919561	DNA/TcMar-Tigger	15023	+	442	36919120	58793
chr9	36860327	37060327	harbor1	chr9	36919868	36920575	DNA/TcMar-Tigger	15023	+	354	36920222	59895
chr9	36860327	37060327	harbor1	chr9	36921113	36921229	DNA/TcMar-Tigger	729	+	58	36921171	60844
chr9	87928835	88128835	harbor1	chr9	88008001	88008420	DNA/TcMar-Tigger	2279	+	210	88008211	79376
chr9	87928835	88128835	harbor1	chr9	88008726	88008871	DNA/TcMar-Tigger	2279	+	72	88008798	79963
chr9	76215837	76415837	harbor1	chr9	76279991	76280459	DNA/TcMar-Tigger	9237	+	234	76280225	64388
chr9	76215837	76415837	harbor1	chr9	76280760	76281662	DNA/TcMar-Tigger	9237	+	451	76281211	65374
chr9	76215837	76415837	harbor1	chr9	76281949	76282056	DNA/TcMar-Tigger	9237	+	54	76282003	66166
chr9	76215837	76415837	harbor1	chr9	76282823	76283652	DNA/TcMar-Tigger	5786	+	414	76283237	67400
chr10	3508070	3708070	harbor1	chr10	3577061	3577458	DNA/TcMar-Tigger	466	+	198	3577259	69189
chr10	109893345	110093345	harbor1	chr10	109945053	109945195	DNA/TcMar-Tigger	941	+	71	109945124	51779
chr10	109893345	110093345	harbor1	chr10	109945185	109945396	DNA/TcMar-Tigger	1357	+	106	109945291	51946
chr10	121733822	121933822	harbor1	chr10	121758596	121759441	DNA/TcMar-Tigger	10689	+	422	121759018	25196
chr10	121733822	121933822	harbor1	chr10	121759743	121760882	DNA/TcMar-Tigger	10689	+	570	121760313	26491
chr10	121733822	121933822	harbor1	chr10	121761310	121761620	DNA/TcMar-Tigger	1674	+	155	121761465	27643
chr10	121733822	121933822	harbor1	chr10	121762419	121763005	DNA/TcMar-Tigger	3031	+	293	121762712	28890
chr10	99327912	99527912	harbor1	chr10	99336255	99336492	DNA/TcMar-Tigger	1564	+	118	99336373	8461
chr10	99327912	99527912	harbor1	chr10	99336118	99336248	DNA/TcMar-Tigger	688	+	65	99336183	8271
chr10	113852404	114052404	harbor1	chr10	113860888	113860968	DNA/TcMar-Tigger	432	+	40	113860928	8524
chr10	113852404	114052404	harbor1	chr10	113903016	113903374	DNA/TcMar-Tigger	456	+	179	113903195	50791
chr10	34202435	34402435	harbor1	chr10	34264034	34264399	DNA/TcMar-Tigger	2071	+	182	34264216	61781
chr10	38102355	38302355	harbor1	chr10	38132546	38132785	DNA/TcMar-Tigger	1145	+	120	38132666	30311
chr10	38102355	38302355	harbor1	chr10	38146652	38146774	DNA/TcMar-Tigger	558	+	61	38146713	44358
chr10	38102355	38302355	harbor1	chr10	38147274	38147331	DNA/TcMar-Tigger	558	+	28	38147302	44947
chr10	26640835	26840835	harbor1	chr10	26661981	26662384	DNA/TcMar-Tigger	2088	+	202	26662183	21348
chr10	128835066	129035066	harbor1	chr10	128856790	128856897	DNA/TcMar-Tigger	607	+	54	128856844	21778
chr10	128835066	129035066	harbor1	chr10	128856889	128857702	DNA/TcMar-Tigger	3621	+	406	128857295	22229
chr10	132368705	132568705	harbor1	chr10	132379777	132380014	DNA/TcMar-Tigger	1197	+	118	132379895	11190
chr10	132368705	132568705	harbor1	chr10	132380310	132380506	DNA/TcMar-Tigger	1197	+	98	132380408	11703
chr10	132368705	132568705	harbor1	chr10	132380681	132381014	DNA/TcMar-Tigger	6111	+	166	132380847	12142
chr10	132368705	132568705	harbor1	chr10	132381552	132382494	DNA/TcMar-Tigger	6111	+	471	132382023	13318
chr10	132368705	132568705	harbor1	chr10	132382934	132383699	DNA/TcMar-Tigger	3563	+	382	132383316	14611
chr10	132368705	132568705	harbor1	chr10	132453828	132454272	DNA/TcMar-Tigger	2347	+	222	132454050	85345
chr10	94882607	95082607	harbor1	chr10	94922423	94923572	DNA/TcMar-Tigger	6245	+	574	94922997	40390
chr10	80950148	81150148	harbor1	chr10	81006470	81006885	DNA/TcMar-Tigger	2252	+	208	81006678	56530
chr10	80950148	81150148	harbor1	chr10	81025979	81026310	DNA/TcMar-Tigger	1705	+	166	81026145	75997
chr10	55481441	55681441	harbor1	chr10	55554499	55554737	DNA/TcMar-Tigger	835	+	119	55554618	73177
chr10	33341233	33541233	harbor1	chr10	33352971	33353221	DNA/TcMar-Tigger	710	+	125	33353096	11863
chr10	127248557	127448557	harbor1	chr10	127311558	127311641	DNA/TcMar-Tigger	806	+	42	127311600	63043
chr10	127248557	127448557	harbor1	chr10	127344921	127345205	DNA/TcMar-Tigger	1375	+	142	127345063	96506
chr10	77504150	77704150	harbor1	chr10	77512282	77512591	DNA/TcMar-Tigger	1501	+	154	77512436	8286
chr10	66347624	66547624	harbor1	chr10	66442077	66442336	DNA/TcMar-Tigger	1568	+	130	66442207	94583
chr10	44826456	45026456	harbor1	chr10	44910089	44910421	DNA/TcMar-Tigger	1282	+	166	44910255	83799
chr10	103253782	103453782	harbor1	chr10	103282541	103282786	DNA/TcMar-Tigger	453	+	122	103282663	28881
chr10	103253782	103453782	harbor1	chr10	103307773	103307863	DNA/TcMar-Tigger	562	+	45	103307818	54036
chr10	80892211	81092211	harbor1	chr10	80911152	80911380	DNA/TcMar-Tigger	1019	+	114	80911266	19055
chr10	80892211	81092211	harbor1	chr10	80925721	80926260	DNA/TcMar-Tigger	3181	+	270	80925991	33780
chr10	80892211	81092211	harbor1	chr10	80935317	80935690	DNA/TcMar-Tigger	2189	+	186	80935503	43292
chr10	58955136	59155136	harbor1	chr10	59032581	59032748	DNA/TcMar-Tigger	894	+	84	59032665	77529
chr10	58955136	59155136	harbor1	chr10	59032764	59033385	DNA/TcMar-Tigger	3241	+	310	59033074	77938
chr10	90578406	90778406	harbor1	chr10	90650592	90650998	DNA/TcMar-Tigger	2522	+	203	90650795	72389
chr10	35767212	35967212	harbor1	chr10	35769439	35769775	DNA/TcMar-Tigger	1918	+	168	35769607	2395
chr10	16371146	16571146	harbor1	chr10	16410497	16410666	DNA/TcMar-Tigger	1006	+	84	16410581	39435
chr10	16371146	16571146	harbor1	chr10	16443695	16443812	DNA/TcMar-Tigger	453	+	58	16443753	72607
chr10	16371146	16571146	harbor1	chr10	16467097	16467427	DNA/TcMar-Tigger	1885	+	165	16467262	96116
chr10	2277970	2477970	harbor1	chr10	2296208	2296532	DNA/TcMar-Tigger	1571	+	162	2296370	18400
chr10	2277970	2477970	harbor1	chr10	2375796	2376202	DNA/TcMar-Tigger	1621	+	203	2375999	98029
chr10	119739373	119939373	harbor1	chr10	119762580	119762788	DNA/TcMar-Tigger	1187	+	104	119762684	23311
chr10	119739373	119939373	harbor1	chr10	119764370	119764578	DNA/TcMar-Tigger	2328	+	104	119764474	25101
chr10	119739373	119939373	harbor1	chr10	119764878	119764931	DNA/TcMar-Tigger	2328	+	26	119764904	25531
chr10	119739373	119939373	harbor1	chr10	119765234	119765378	DNA/TcMar-Tigger	2328	+	72	119765306	25933
chr10	119739373	119939373	harbor1	chr10	119765682	119765741	DNA/TcMar-Tigger	2328	+	30	119765712	26339
chr10	119739373	119939373	harbor1	chr10	119780631	119780971	DNA/TcMar-Tigger	2186	+	170	119780801	41428
chr10	115914653	116114653	harbor1	chr10	116008385	116009839	DNA/TcMar-Tigger	14068	+	727	116009112	94459
chr10	115914653	116114653	harbor1	chr10	116010159	116010755	DNA/TcMar-Tigger	14068	+	298	116010457	95804
chr10	115914653	116114653	harbor1	chr10	116011055	116011222	DNA/TcMar-Tigger	14068	+	84	116011139	96486
chr10	115914653	116114653	harbor1	chr10	116012706	116013073	DNA/TcMar-Tigger	2394	+	184	116012890	98237
chr10	70607001	70807001	harbor1	chr10	70629064	70629608	DNA/TcMar-Tigger	3511	+	272	70629336	22335
chr10	70607001	70807001	harbor1	chr10	70629907	70630465	DNA/TcMar-Tigger	3429	+	279	70630186	23185
chr10	70607001	70807001	harbor1	chr10	70632023	70632111	DNA/TcMar-Tigger	631	+	44	70632067	25066
chr10	70607001	70807001	harbor1	chr10	70632249	70633610	DNA/TcMar-Tigger	9084	+	680	70632929	25928
chr10	70607001	70807001	harbor1	chr10	70657369	70658165	DNA/TcMar-Tigger	11242	+	398	70657767	50766
chr10	70607001	70807001	harbor1	chr10	70658492	70659304	DNA/TcMar-Tigger	11242	+	406	70658898	51897
chr10	70607001	70807001	harbor1	chr10	70659476	70660258	DNA/TcMar-Tigger	5820	+	391	70659867	52866
chr10	113930500	114130500	harbor1	chr10	114014945	114015162	DNA/TcMar-Tigger	1146	+	108	114015053	84553
chr10	44669959	44869959	harbor1	chr10	44751950	44752191	DNA/TcMar-Tigger	421	+	120	44752070	82111
chr10	70463496	70663496	harbor1	chr10	70492240	70492329	DNA/TcMar-Tigger	525	+	44	70492284	28788
chr10	27997530	28197530	harbor1	chr10	28091673	28092014	DNA/TcMar-Tigger	1607	+	170	28091843	94313
chr10	94360469	94560469	harbor1	chr10	94423883	94424206	DNA/TcMar-Tigger	1944	+	162	94424045	63576
chr10	94360469	94560469	harbor1	chr10	94453276	94453629	DNA/TcMar-Tigger	1216	+	176	94453452	92983
chr10	85877975	86077975	harbor1	chr10	85952778	85953140	DNA/TcMar-Tigger	1812	+	181	85952959	74984
chr10	85877975	86077975	harbor1	chr10	85953453	85953527	DNA/TcMar-Tigger	479	+	37	85953490	75515
chr10	2206875	2406875	harbor1	chr10	2296208	2296532	DNA/TcMar-Tigger	1571	+	162	2296370	89495
chr10	61833023	62033023	harbor1	chr10	61876988	61877291	DNA/TcMar-Tigger	426	+	152	61877140	44117
chr10	61833023	62033023	harbor1	chr10	61894738	61894808	DNA/TcMar-Tigger	1215	+	35	61894773	61750
chr10	61833023	62033023	harbor1	chr10	61895116	61895365	DNA/TcMar-Tigger	1215	+	124	61895240	62217
chr10	2700043	2900043	harbor1	chr10	2702613	2702921	DNA/TcMar-Tigger	1505	+	154	2702767	2724
chr10	117882078	118082078	harbor1	chr10	117916620	117916691	DNA/TcMar-Tigger	480	+	36	117916656	34578
chr10	117882078	118082078	harbor1	chr10	117933053	117933629	DNA/TcMar-Tigger	3126	+	288	117933341	51263
chr10	100734685	100934685	harbor1	chr10	100756404	100756700	DNA/TcMar-Tigger	1737	+	148	100756552	21867
chr10	87637865	87837865	harbor1	chr10	87655789	87656390	DNA/TcMar-Tigger	1498	+	300	87656089	18224
chr10	87637865	87837865	harbor1	chr10	87729174	87729716	DNA/TcMar-Tigger	4000	+	271	87729445	91580
chr10	87637865	87837865	harbor1	chr10	87730016	87730134	DNA/TcMar-Tigger	4000	+	59	87730075	92210
chr10	87637865	87837865	harbor1	chr10	87730701	87732250	DNA/TcMar-Tigger	12109	+	774	87731475	93610
chr10	87637865	87837865	harbor1	chr10	87732537	87732721	DNA/TcMar-Tigger	12109	+	92	87732629	94764
chr10	133483463	133683463	harbor1	chr10	133506808	133507136	DNA/TcMar-Tigger	1168	+	164	133506972	23509
chr10	123840460	124040460	harbor1	chr10	123850326	123850830	DNA/TcMar-Tigger	2769	+	252	123850578	10118
chr10	76533646	76733646	harbor1	chr10	76551602	76551680	DNA/TcMar-Tigger	418	+	39	76551641	17995
chr10	88362743	88562743	harbor1	chr10	88375273	88375395	DNA/TcMar-Tigger	448	+	61	88375334	12591
chr10	33057814	33257814	harbor1	chr10	33092065	33092321	DNA/TcMar-Tigger	1583	+	128	33092193	34379
chr10	10727550	10927550	harbor1	chr10	10742093	10742289	DNA/TcMar-Tigger	1028	+	98	10742191	14641
chr10	10727550	10927550	harbor1	chr10	10781149	10781334	DNA/TcMar-Tigger	1905	+	92	10781241	53691
chr10	10727550	10927550	harbor1	chr10	10781701	10781832	DNA/TcMar-Tigger	1905	+	66	10781767	54217
chr10	10727550	10927550	harbor1	chr10	10781837	10782163	DNA/TcMar-Tigger	1314	+	163	10782000	54450
chr10	2232974	2432974	harbor1	chr10	2296208	2296532	DNA/TcMar-Tigger	1571	+	162	2296370	63396
chr10	55965608	56165608	harbor1	chr10	56045017	56045249	DNA/TcMar-Tigger	1100	+	116	56045133	79525
chr10	55965608	56165608	harbor1	chr10	56046555	56046770	DNA/TcMar-Tigger	1097	+	108	56046663	81055
chr10	16675252	16875252	harbor1	chr10	16722001	16722324	DNA/TcMar-Tigger	1798	+	162	16722163	46911
chr10	16675252	16875252	harbor1	chr10	16756362	16756796	DNA/TcMar-Tigger	2569	+	217	16756579	81327
chr10	62855526	63055526	harbor1	chr10	62921240	62921700	DNA/TcMar-Tigger	1259	+	230	62921470	65944
chr10	62855526	63055526	harbor1	chr10	62922007	62922077	DNA/TcMar-Tigger	1259	+	35	62922042	66516
chr10	86140806	86340806	harbor1	chr10	86159274	86159616	DNA/TcMar-Tigger	1425	+	171	86159445	18639
chr10	66356921	66556921	harbor1	chr10	66442077	66442336	DNA/TcMar-Tigger	1568	+	130	66442207	85286
chr10	86533680	86733680	harbor1	chr10	86610744	86610805	DNA/TcMar-Tigger	636	+	30	86610774	77094
chr10	86533680	86733680	harbor1	chr10	86611416	86611523	DNA/TcMar-Tigger	636	+	54	86611470	77790
chr10	70602202	70802202	harbor1	chr10	70629064	70629608	DNA/TcMar-Tigger	3511	+	272	70629336	27134
chr10	70602202	70802202	harbor1	chr10	70629907	70630465	DNA/TcMar-Tigger	3429	+	279	70630186	27984
chr10	70602202	70802202	harbor1	chr10	70632023	70632111	DNA/TcMar-Tigger	631	+	44	70632067	29865
chr10	70602202	70802202	harbor1	chr10	70632249	70633610	DNA/TcMar-Tigger	9084	+	680	70632929	30727
chr10	70602202	70802202	harbor1	chr10	70657369	70658165	DNA/TcMar-Tigger	11242	+	398	70657767	55565
chr10	70602202	70802202	harbor1	chr10	70658492	70659304	DNA/TcMar-Tigger	11242	+	406	70658898	56696
chr10	70602202	70802202	harbor1	chr10	70659476	70660258	DNA/TcMar-Tigger	5820	+	391	70659867	57665
chr10	7027630	7227630	harbor1	chr10	7103904	7104225	DNA/TcMar-Tigger	2016	+	160	7104064	76434
chr10	66114582	66314582	harbor1	chr10	66174532	66174778	DNA/TcMar-Tigger	1438	+	123	66174655	60073
chr10	74614244	74814244	harbor1	chr10	74692610	74692920	DNA/TcMar-Tigger	1707	+	155	74692765	78521
chr10	93046375	93246375	harbor1	chr10	93126834	93127339	DNA/TcMar-Tigger	1109	+	252	93127086	80711
chr10	79403822	79603822	harbor1	chr10	79491704	79491817	DNA/TcMar-Tigger	427	+	56	79491760	87938
chr10	42857502	43057502	harbor1	chr10	42861182	42861513	DNA/TcMar-Tigger	1704	+	166	42861348	3846
chr10	42857502	43057502	harbor1	chr10	42939322	42939610	DNA/TcMar-Tigger	1210	+	144	42939466	81964
chr10	125761307	125961307	harbor1	chr10	125809484	125809696	DNA/TcMar-Tigger	1315	+	106	125809590	48283
chr10	63861160	64061160	harbor1	chr10	63876859	63877202	DNA/TcMar-Tigger	2250	+	172	63877031	15871
chr10	5145841	5345841	harbor1	chr10	5189105	5189340	DNA/TcMar-Tigger	989	+	118	5189223	43382
chr10	118448649	118648649	harbor1	chr10	118512930	118513319	DNA/TcMar-Tigger	1222	+	194	118513124	64475
chr10	105455062	105655062	harbor1	chr10	105455199	105456757	DNA/TcMar-Tigger	9630	+	779	105455978	916
chr10	105455062	105655062	harbor1	chr10	105499899	105500000	DNA/TcMar-Tigger	423	+	50	105499949	44887
chr10	105455062	105655062	harbor1	chr10	105500361	105500548	DNA/TcMar-Tigger	502	+	94	105500455	45393
chr10	105455062	105655062	harbor1	chr10	105506264	105506676	DNA/TcMar-Tigger	2340	+	206	105506470	51408
chr10	101477321	101677321	harbor1	chr10	101547081	101547195	DNA/TcMar-Tigger	600	+	57	101547138	69817
chr10	37704662	37904662	harbor1	chr10	37765444	37765636	DNA/TcMar-Tigger	1143	+	96	37765540	60878
chr10	37704662	37904662	harbor1	chr10	37771797	37771973	DNA/TcMar-Tigger	826	+	88	37771885	67223
chr10	62152369	62352369	harbor1	chr10	62168123	62168291	DNA/TcMar-Tigger	567	+	84	62168207	15838
chr10	62152369	62352369	harbor1	chr10	62235467	62235845	DNA/TcMar-Tigger	1833	+	189	62235656	83287
chr10	62152369	62352369	harbor1	chr10	62250515	62250624	DNA/TcMar-Tigger	1588	+	54	62250569	98200
chr10	62152369	62352369	harbor1	chr10	62250931	62251120	DNA/TcMar-Tigger	1588	+	94	62251025	98656
chr10	62152369	62352369	harbor1	chr10	62251118	62251456	DNA/TcMar-Tigger	1984	+	169	62251287	98918
chr11	102694834	102894834	harbor1	chr11	102781953	102782030	DNA/TcMar-Tigger	5232	+	38	102781991	87157
chr11	102694834	102894834	harbor1	chr11	102782450	102783645	DNA/TcMar-Tigger	5232	+	598	102783048	88214
chr11	60863688	61063688	harbor1	chr11	60892450	60892546	DNA/TcMar-Tigger	522	+	48	60892498	28810
chr11	60863688	61063688	harbor1	chr11	60893010	60893210	DNA/TcMar-Tigger	5801	+	100	60893110	29422
chr11	60863688	61063688	harbor1	chr11	60893517	60893556	DNA/TcMar-Tigger	5801	+	20	60893537	29849
chr11	60863688	61063688	harbor1	chr11	60896182	60896383	DNA/TcMar-Tigger	5801	+	100	60896282	32594
chr11	60863688	61063688	harbor1	chr11	60896743	60897455	DNA/TcMar-Tigger	5801	+	356	60897099	33411
chr11	129127716	129327716	harbor1	chr11	129143290	129143992	DNA/TcMar-Tigger	2958	+	351	129143641	15925
chr11	129127716	129327716	harbor1	chr11	129146246	129146450	DNA/TcMar-Tigger	974	+	102	129146348	18632
chr11	129127716	129327716	harbor1	chr11	129196242	129196589	DNA/TcMar-Tigger	1806	+	174	129196416	68700
chr11	129127716	129327716	harbor1	chr11	129211070	129211364	DNA/TcMar-Tigger	507	+	147	129211217	83501
chr11	129127716	129327716	harbor1	chr11	129214638	129214782	DNA/TcMar-Tigger	593	+	72	129214710	86994
chr11	129127716	129327716	harbor1	chr11	129215047	129215149	DNA/TcMar-Tigger	403	+	51	129215098	87382
chr11	83377643	83577643	harbor1	chr11	83411561	83411949	DNA/TcMar-Tigger	974	+	194	83411755	34112
chr11	89813429	90013429	harbor1	chr11	89842978	89843242	DNA/TcMar-Tigger	1768	+	132	89843110	29681
chr11	89813429	90013429	harbor1	chr11	89843557	89843608	DNA/TcMar-Tigger	1768	+	26	89843583	30154
chr11	89813429	90013429	harbor1	chr11	89853605	89853824	DNA/TcMar-Tigger	1032	+	110	89853715	40286
chr11	124429546	124629546	harbor1	chr11	124463651	124463948	DNA/TcMar-Tigger	1583	+	148	124463799	34253
chr11	59982016	60182016	harbor1	chr11	60004801	60005639	DNA/TcMar-Tigger	4878	+	419	60005220	23204
chr11	59982016	60182016	harbor1	chr11	60010999	60011253	DNA/TcMar-Tigger	1686	+	127	60011126	29110
chr11	59982016	60182016	harbor1	chr11	60061367	60061791	DNA/TcMar-Tigger	2196	+	212	60061579	79563
chr11	93898200	94098200	harbor1	chr11	93953178	93953443	DNA/TcMar-Tigger	1284	+	132	93953310	55110
chr11	93898200	94098200	harbor1	chr11	93953548	93953737	DNA/TcMar-Tigger	1222	+	94	93953642	55442
chr11	108888658	109088658	harbor1	chr11	108903414	108903776	DNA/TcMar-Tigger	1556	+	181	108903595	14937
chr11	108888658	109088658	harbor1	chr11	108947849	108948563	DNA/TcMar-Tigger	4391	+	357	108948206	59548
chr11	113402843	113602843	harbor1	chr11	113443472	113444033	DNA/TcMar-Tigger	1070	+	280	113443752	40909
chr11	113402843	113602843	harbor1	chr11	113444326	113444511	DNA/TcMar-Tigger	815	+	92	113444418	41575
chr11	131294832	131494832	harbor1	chr11	131355220	131355396	DNA/TcMar-Tigger	430	+	88	131355308	60476
chr11	75908492	76108492	harbor1	chr11	75910830	75911046	DNA/TcMar-Tigger	536	+	108	75910938	2446
chr11	75908492	76108492	harbor1	chr11	75934691	75934932	DNA/TcMar-Tigger	535	+	120	75934811	26319
chr11	75908492	76108492	harbor1	chr11	75935021	75935304	DNA/TcMar-Tigger	535	+	142	75935163	26671
chr11	75908492	76108492	harbor1	chr11	75984019	75984341	DNA/TcMar-Tigger	1849	+	161	75984180	75688
chr11	75908492	76108492	harbor1	chr11	75984344	75984550	DNA/TcMar-Tigger	1265	+	103	75984447	75955
chr11	75908492	76108492	harbor1	chr11	75999724	75999959	DNA/TcMar-Tigger	1328	+	118	75999842	91350
chr11	84505330	84705330	harbor1	chr11	84526473	84526775	DNA/TcMar-Tigger	1665	+	151	84526624	21294
chr11	84505330	84705330	harbor1	chr11	84527078	84527126	DNA/TcMar-Tigger	1665	+	24	84527102	21772
chr11	124885391	125085391	harbor1	chr11	124951946	124952023	DNA/TcMar-Tigger	443	+	38	124951984	66593
chr11	71340670	71540670	harbor1	chr11	71355340	71355464	DNA/TcMar-Tigger	2172	+	62	71355402	14732
chr11	71340670	71540670	harbor1	chr11	71355930	71356253	DNA/TcMar-Tigger	2172	+	162	71356092	15422
chr11	90873344	91073344	harbor1	chr11	90920624	90920943	DNA/TcMar-Tigger	1939	+	160	90920784	47440
chr11	90873344	91073344	harbor1	chr11	90921247	90921366	DNA/TcMar-Tigger	1939	+	60	90921307	47963
chr11	90873344	91073344	harbor1	chr11	90964268	90964594	DNA/TcMar-Tigger	1305	+	163	90964431	91087
chr11	83651331	83851331	harbor1	chr11	83721287	83722281	DNA/TcMar-Tigger	4412	+	497	83721784	70453
chr11	74014923	74214923	harbor1	chr11	74094436	74094580	DNA/TcMar-Tigger	553	+	72	74094508	79585
chr11	74014923	74214923	harbor1	chr11	74094815	74094907	DNA/TcMar-Tigger	534	+	46	74094861	79938
chr11	74014923	74214923	harbor1	chr11	74111271	74111631	DNA/TcMar-Tigger	2333	+	180	74111451	96528
chr11	113761117	113961117	harbor1	chr11	113797338	113797565	DNA/TcMar-Tigger	1216	+	114	113797452	36335
chr11	45126574	45326574	harbor1	chr11	45172632	45172860	DNA/TcMar-Tigger	1411	+	114	45172746	46172
chr11	65756855	65956855	harbor1	chr11	65765870	65765964	DNA/TcMar-Tigger	1769	+	47	65765917	9062
chr11	65756855	65956855	harbor1	chr11	65765958	65766004	DNA/TcMar-Tigger	422	+	23	65765981	9126
chr11	65756855	65956855	harbor1	chr11	65766417	65766461	DNA/TcMar-Tigger	422	+	22	65766439	9584
chr11	65756855	65956855	harbor1	chr11	65766590	65766907	DNA/TcMar-Tigger	1812	+	158	65766748	9893
chr11	65756855	65956855	harbor1	chr11	65767548	65767709	DNA/TcMar-Tigger	954	+	80	65767628	10773
chr11	65756855	65956855	harbor1	chr11	65765209	65765559	DNA/TcMar-Tigger	1769	+	175	65765384	8529
chr11	119410322	119610322	harbor1	chr11	119436120	119436389	DNA/TcMar-Tigger	1752	+	134	119436254	25932
chr11	119410322	119610322	harbor1	chr11	119454473	119454753	DNA/TcMar-Tigger	1692	+	140	119454613	44291
chr11	37570529	37770529	harbor1	chr11	37620468	37621159	DNA/TcMar-Tigger	1167	+	346	37620814	50285
chr11	37570529	37770529	harbor1	chr11	37634989	37635282	DNA/TcMar-Tigger	1414	+	146	37635135	64606
chr11	37570529	37770529	harbor1	chr11	37654410	37654596	DNA/TcMar-Tigger	822	+	93	37654503	83974
chr11	37570529	37770529	harbor1	chr11	37656582	37656727	DNA/TcMar-Tigger	775	+	72	37656654	86125
chr11	55209673	55409673	harbor1	chr11	55263667	55263732	DNA/TcMar-Tigger	1438	+	32	55263699	54026
chr11	55209673	55409673	harbor1	chr11	55263093	55263375	DNA/TcMar-Tigger	1438	+	141	55263234	53561
chr11	87531156	87731156	harbor1	chr11	87617699	87617961	DNA/TcMar-Tigger	676	+	131	87617830	86674
chr11	105371050	105571050	harbor1	chr11	105411732	105411801	DNA/TcMar-Tigger	390	+	34	105411766	40716
chr11	105371050	105571050	harbor1	chr11	105432118	105432184	DNA/TcMar-Tigger	521	+	33	105432151	61101
chr11	105371050	105571050	harbor1	chr11	105432611	105432812	DNA/TcMar-Tigger	521	+	100	105432711	61661
chr11	105371050	105571050	harbor1	chr11	105434977	105435281	DNA/TcMar-Tigger	1157	+	152	105435129	64079
chr11	125658338	125858338	harbor1	chr11	125694867	125695190	DNA/TcMar-Tigger	1633	+	162	125695029	36691
chr11	125658338	125858338	harbor1	chr11	125695182	125695290	DNA/TcMar-Tigger	526	+	54	125695236	36898
chr11	86048710	86248710	harbor1	chr11	86057612	86057938	DNA/TcMar-Tigger	1817	+	163	86057775	9065
chr11	86048710	86248710	harbor1	chr11	86073832	86074171	DNA/TcMar-Tigger	1808	+	170	86074002	25292
chr11	103799422	103999422	harbor1	chr11	103809130	103809350	DNA/TcMar-Tigger	803	+	110	103809240	9818
chr11	103799422	103999422	harbor1	chr11	103872765	103872961	DNA/TcMar-Tigger	1091	+	98	103872863	73441
chr11	103799422	103999422	harbor1	chr11	103873092	103873686	DNA/TcMar-Tigger	3173	+	297	103873389	73967
chr11	103799422	103999422	harbor1	chr11	103874228	103874623	DNA/TcMar-Tigger	1960	+	198	103874426	75004
chr11	15504865	15704865	harbor1	chr11	15547135	15547248	DNA/TcMar-Tigger	777	+	56	15547191	42326
chr11	15504865	15704865	harbor1	chr11	15547248	15547427	DNA/TcMar-Tigger	1053	+	90	15547338	42473
chr11	15504865	15704865	harbor1	chr11	15547723	15547747	DNA/TcMar-Tigger	1053	+	12	15547735	42870
chr11	95346553	95546553	harbor1	chr11	95429235	95429371	DNA/TcMar-Tigger	769	+	68	95429303	82750
chr11	95346553	95546553	harbor1	chr11	95433570	95433712	DNA/TcMar-Tigger	633	+	71	95433641	87088
chr11	26323792	26523792	harbor1	chr11	26337125	26337476	DNA/TcMar-Tigger	418	+	176	26337301	13509
chr11	6062012	6262012	harbor1	chr11	6114301	6114374	DNA/TcMar-Tigger	392	+	36	6114337	52325
chr11	6062012	6262012	harbor1	chr11	6114693	6114968	DNA/TcMar-Tigger	1369	+	138	6114831	52819
chr11	6062012	6262012	harbor1	chr11	6114969	6115053	DNA/TcMar-Tigger	430	+	42	6115011	52999
chr11	6062012	6262012	harbor1	chr11	6132239	6132382	DNA/TcMar-Tigger	503	+	72	6132311	70299
chr11	119918545	120118545	harbor1	chr11	119953499	119953737	DNA/TcMar-Tigger	1219	+	119	119953618	35073
chr11	4361447	4561447	harbor1	chr11	4430371	4430598	DNA/TcMar-Tigger	1086	+	114	4430485	69038
chr11	133712620	133912620	harbor1	chr11	133760060	133760232	DNA/TcMar-Tigger	900	+	86	133760146	47526
chr11	133712620	133912620	harbor1	chr11	133760271	133760282	DNA/TcMar-Tigger	900	+	6	133760277	47657
chr11	133712620	133912620	harbor1	chr11	133760278	133761012	DNA/TcMar-Tigger	4919	+	367	133760645	48025
chr11	133712620	133912620	harbor1	chr11	133761169	133762100	DNA/TcMar-Tigger	6000	+	466	133761635	49015
chr11	9362549	9562549	harbor1	chr11	9375784	9375958	DNA/TcMar-Tigger	656	+	87	9375871	13322
chr11	9362549	9562549	harbor1	chr11	9397544	9397777	DNA/TcMar-Tigger	379	+	116	9397660	35111
chr11	1771470	1971470	harbor1	chr11	1785678	1785780	DNA/TcMar-Tigger	394	+	51	1785729	14259
chr11	1771470	1971470	harbor1	chr11	1804487	1804822	DNA/TcMar-Tigger	1646	+	168	1804655	33185
chr11	1771470	1971470	harbor1	chr11	1785794	1786014	DNA/TcMar-Tigger	1028	+	110	1785904	14434
chr11	98690736	98890736	harbor1	chr11	98747383	98747721	DNA/TcMar-Tigger	1789	+	169	98747552	56816
chr11	103732200	103932200	harbor1	chr11	103809130	103809350	DNA/TcMar-Tigger	803	+	110	103809240	77040
chr11	37779393	37979393	harbor1	chr11	37870068	37870229	DNA/TcMar-Tigger	804	+	80	37870148	90755
chr11	50114551	50314551	harbor1	chr11	50203506	50203835	DNA/TcMar-Tigger	1628	+	164	50203670	89119
chr11	125205258	125405258	harbor1	chr11	125249374	125249719	DNA/TcMar-Tigger	1954	+	172	125249546	44288
chr11	109185014	109385014	harbor1	chr11	109247104	109247695	DNA/TcMar-Tigger	3551	+	296	109247400	62386
chr11	109185014	109385014	harbor1	chr11	109247992	109248109	DNA/TcMar-Tigger	3551	+	58	109248050	63036
chr11	109185014	109385014	harbor1	chr11	109282999	109283165	DNA/TcMar-Tigger	871	+	83	109283082	98068
chr11	109185014	109385014	harbor1	chr11	109283170	109283444	DNA/TcMar-Tigger	1285	+	137	109283307	98293
chr11	35947292	36147292	harbor1	chr11	36010071	36010281	DNA/TcMar-Tigger	458	+	105	36010176	62884
chr11	60942901	61142901	harbor1	chr11	61023919	61024123	DNA/TcMar-Tigger	414	+	102	61024021	81120
chr11	106840786	107040786	harbor1	chr11	106857623	106857946	DNA/TcMar-Tigger	1755	+	162	106857785	16999
chr11	106840786	107040786	harbor1	chr11	106859649	106859984	DNA/TcMar-Tigger	2074	+	168	106859817	19031
chr11	106840786	107040786	harbor1	chr11	106902648	106902970	DNA/TcMar-Tigger	1815	+	161	106902809	62023
chr11	91833360	92033360	harbor1	chr11	91866132	91866469	DNA/TcMar-Tigger	1899	+	168	91866300	32940
chr11	132945827	133145827	harbor1	chr11	132957544	132959550	DNA/TcMar-Tigger	14193	+	1003	132958547	12720
chr11	109697390	109897390	harbor1	chr11	109791092	109792613	DNA/TcMar-Tigger	9275	+	760	109791852	94462
chr11	109697390	109897390	harbor1	chr11	109792624	109793045	DNA/TcMar-Tigger	3229	+	210	109792834	95444
chr11	109697390	109897390	harbor1	chr11	109793232	109793596	DNA/TcMar-Tigger	3229	+	182	109793414	96024
chr11	21942774	22142774	harbor1	chr11	22007895	22007992	DNA/TcMar-Tigger	541	+	48	22007943	65169
chr11	21942774	22142774	harbor1	chr11	22007986	22008285	DNA/TcMar-Tigger	1670	+	150	22008136	65362
chr11	21942774	22142774	harbor1	chr11	22008551	22008646	DNA/TcMar-Tigger	1670	+	48	22008599	65825
chr11	21942774	22142774	harbor1	chr11	22008649	22008785	DNA/TcMar-Tigger	829	+	68	22008717	65943
chr11	97133818	97333818	harbor1	chr11	97228670	97229029	DNA/TcMar-Tigger	1453	+	180	97228850	95032
chr11	97133818	97333818	harbor1	chr11	97205699	97206391	DNA/TcMar-Tigger	3981	+	346	97206045	72227
chr11	10390098	10590098	harbor1	chr11	10464810	10464922	DNA/TcMar-Tigger	462	+	56	10464866	74768
chr11	10390098	10590098	harbor1	chr11	10403749	10404966	DNA/TcMar-Tigger	7311	+	608	10404357	14259
chr11	15394965	15594965	harbor1	chr11	15441607	15441750	DNA/TcMar-Tigger	828	+	72	15441679	46714
chr11	15394965	15594965	harbor1	chr11	15448054	15448303	DNA/TcMar-Tigger	1457	+	124	15448178	53213
chr11	15394965	15594965	harbor1	chr11	15474278	15474405	DNA/TcMar-Tigger	593	+	64	15474342	79377
chr11	8091342	8291342	harbor1	chr11	8188640	8188721	DNA/TcMar-Tigger	489	+	40	8188680	97338
chr11	8091342	8291342	harbor1	chr11	8188727	8189236	DNA/TcMar-Tigger	3715	+	254	8188981	97639
chr11	134397082	134597082	harbor1	chr11	134407525	134407817	DNA/TcMar-Tigger	692	+	146	134407671	10589
chr11	92236430	92436430	harbor1	chr11	92276950	92277202	DNA/TcMar-Tigger	796	+	126	92277076	40646
chr11	92236430	92436430	harbor1	chr11	92313073	92313548	DNA/TcMar-Tigger	2274	+	238	92313311	76881
chr11	92236430	92436430	harbor1	chr11	92313858	92313961	DNA/TcMar-Tigger	2274	+	52	92313910	77480
chr11	6930849	7130849	harbor1	chr11	6957177	6957744	DNA/TcMar-Tigger	2856	+	284	6957461	26612
chr11	6930849	7130849	harbor1	chr11	6977143	6977392	DNA/TcMar-Tigger	1323	+	124	6977267	46418
chr11	6930849	7130849	harbor1	chr11	6977398	6977493	DNA/TcMar-Tigger	592	+	48	6977446	46597
chr11	6930849	7130849	harbor1	chr11	6993730	6994305	DNA/TcMar-Tigger	2492	+	288	6994018	63169
chr11	84149456	84349456	harbor1	chr11	84246724	84246808	DNA/TcMar-Tigger	482	+	42	84246766	97310
chr11	84149456	84349456	harbor1	chr11	84246133	84246717	DNA/TcMar-Tigger	3358	+	292	84246425	96969
chr11	7417055	7617055	harbor1	chr11	7478985	7479241	DNA/TcMar-Tigger	497	+	128	7479113	62058
chr11	102136086	102336086	harbor1	chr11	102188486	102188817	DNA/TcMar-Tigger	1827	+	166	102188652	52566
chr11	849791	1049791	harbor1	chr11	928160	928468	DNA/TcMar-Tigger	1432	+	154	928314	78523
chr11	102018360	102218360	harbor1	chr11	102116104	102116433	DNA/TcMar-Tigger	1772	+	164	102116268	97908
chr11	4432239	4632239	harbor1	chr11	4490665	4490756	DNA/TcMar-Tigger	1703	+	46	4490711	58472
chr11	4432239	4632239	harbor1	chr11	4490880	4491091	DNA/TcMar-Tigger	1703	+	106	4490986	58747
chr11	105646709	105846709	harbor1	chr11	105722231	105722335	DNA/TcMar-Tigger	376	+	52	105722283	75574
chr11	105646709	105846709	harbor1	chr11	105722379	105722475	DNA/TcMar-Tigger	458	+	48	105722427	75718
chr11	13951696	14151696	harbor1	chr11	13981961	13982166	DNA/TcMar-Tigger	1048	+	102	13982063	30367
chr11	13951696	14151696	harbor1	chr11	13982201	13982276	DNA/TcMar-Tigger	1048	+	38	13982239	30543
chr11	13951696	14151696	harbor1	chr11	14008150	14008239	DNA/TcMar-Tigger	535	+	44	14008194	56498
chr11	13951696	14151696	harbor1	chr11	14049700	14049819	DNA/TcMar-Tigger	481	+	60	14049760	98064
chr11	13951696	14151696	harbor1	chr11	14049828	14049975	DNA/TcMar-Tigger	618	+	74	14049902	98206
chr11	113495299	113695299	harbor1	chr11	113545757	113546412	DNA/TcMar-Tigger	3015	+	328	113546085	50786
chr11	113495299	113695299	harbor1	chr11	113548497	113548688	DNA/TcMar-Tigger	838	+	96	113548593	53294
chr11	113495299	113695299	harbor1	chr11	113594513	113594850	DNA/TcMar-Tigger	2136	+	168	113594681	99382
chr11	94548482	94748482	harbor1	chr11	94630818	94631053	DNA/TcMar-Tigger	1331	+	118	94630936	82454
chr11	131816292	132016292	harbor1	chr11	131876405	131876576	DNA/TcMar-Tigger	506	+	86	131876491	60199
chr11	102325619	102525619	harbor1	chr11	102358235	102358468	DNA/TcMar-Tigger	1411	+	116	102358351	32732
chr11	102325619	102525619	harbor1	chr11	102388682	102388936	DNA/TcMar-Tigger	729	+	127	102388809	63190
chr11	102325619	102525619	harbor1	chr11	102424009	102424169	DNA/TcMar-Tigger	612	+	80	102424089	98470
chr11	13766004	13966004	harbor1	chr11	13771858	13772125	DNA/TcMar-Tigger	692	+	134	13771992	5988
chr11	13766004	13966004	harbor1	chr11	13814296	13814684	DNA/TcMar-Tigger	2245	+	194	13814490	48486
chr11	13766004	13966004	harbor1	chr11	13814891	13814968	DNA/TcMar-Tigger	402	+	38	13814929	48925
chr11	121832507	122032507	harbor1	chr11	121881092	121881546	DNA/TcMar-Tigger	2485	+	227	121881319	48812
chr11	41175039	41375039	harbor1	chr11	41192558	41194341	DNA/TcMar-Tigger	9320	+	892	41193450	18411
chr11	114599772	114799772	harbor1	chr11	114664642	114665056	DNA/TcMar-Tigger	2574	+	207	114664849	65077
chr11	19303881	19503881	harbor1	chr11	19310609	19310911	DNA/TcMar-Tigger	1387	+	151	19310760	6879
chr11	19303881	19503881	harbor1	chr11	19358153	19358587	DNA/TcMar-Tigger	601	+	217	19358370	54489
chr11	28677570	28877570	harbor1	chr11	28694533	28694684	DNA/TcMar-Tigger	800	+	76	28694609	17039
chr11	28677570	28877570	harbor1	chr11	28694708	28694924	DNA/TcMar-Tigger	1410	+	108	28694816	17246
chr11	84432990	84632990	harbor1	chr11	84526473	84526775	DNA/TcMar-Tigger	1665	+	151	84526624	93634
chr11	84432990	84632990	harbor1	chr11	84527078	84527126	DNA/TcMar-Tigger	1665	+	24	84527102	94112
chr11	95769645	95969645	harbor1	chr11	95782259	95782500	DNA/TcMar-Tigger	1301	+	120	95782379	12734
chr11	95769645	95969645	harbor1	chr11	95783689	95784012	DNA/TcMar-Tigger	1652	+	162	95783851	14206
chr11	95769645	95969645	harbor1	chr11	95784439	95784586	DNA/TcMar-Tigger	1652	+	74	95784513	14868
chr11	95769645	95969645	harbor1	chr11	95784887	95785025	DNA/TcMar-Tigger	592	+	69	95784956	15311
chr11	95769645	95969645	harbor1	chr11	95785036	95785328	DNA/TcMar-Tigger	1341	+	146	95785182	15537
chr11	95769645	95969645	harbor1	chr11	95823314	95824082	DNA/TcMar-Tigger	4676	+	384	95823698	54053
chr11	95769645	95969645	harbor1	chr11	95824259	95825593	DNA/TcMar-Tigger	10077	+	667	95824926	55281
chr11	95769645	95969645	harbor1	chr11	95825872	95826354	DNA/TcMar-Tigger	10077	+	241	95826113	56468
chr11	95769645	95969645	harbor1	chr11	95826609	95826682	DNA/TcMar-Tigger	10077	+	36	95826645	57000
chr11	95769645	95969645	harbor1	chr11	95844353	95844563	DNA/TcMar-Tigger	972	+	105	95844458	74813
chr11	95769645	95969645	harbor1	chr11	95869252	95869348	DNA/TcMar-Tigger	622	+	48	95869300	99655
chr11	78537505	78737505	harbor1	chr11	78537893	78538178	DNA/TcMar-Tigger	1516	+	142	78538035	530
chr11	78537505	78737505	harbor1	chr11	78578201	78578453	DNA/TcMar-Tigger	1475	+	126	78578327	40822
chr11	78537505	78737505	harbor1	chr11	78579088	78579128	DNA/TcMar-Tigger	1475	+	20	78579108	41603
chr11	16886980	17086980	harbor1	chr11	16975540	16975616	DNA/TcMar-Tigger	493	+	38	16975578	88598
chr11	35168072	35368072	harbor1	chr11	35250391	35250605	DNA/TcMar-Tigger	422	+	107	35250498	82426
chr11	57079994	57279994	harbor1	chr11	57112524	57112592	DNA/TcMar-Tigger	450	+	34	57112558	32564
chr11	57079994	57279994	harbor1	chr11	57112583	57113015	DNA/TcMar-Tigger	2685	+	216	57112799	32805
chr11	57079994	57279994	harbor1	chr11	57132059	57132138	DNA/TcMar-Tigger	417	+	40	57132099	52105
chr11	57079994	57279994	harbor1	chr11	57176919	57177264	DNA/TcMar-Tigger	796	+	172	57177091	97097
chr11	72763215	72963215	harbor1	chr11	72859116	72859654	DNA/TcMar-Tigger	3323	+	269	72859385	96170
chr11	68873156	69073156	harbor1	chr11	68943543	68943879	DNA/TcMar-Tigger	1687	+	168	68943711	70555
chr11	106662535	106862535	harbor1	chr11	106707871	106708078	DNA/TcMar-Tigger	1045	+	104	106707975	45440
chr11	106662535	106862535	harbor1	chr11	106748959	106749294	DNA/TcMar-Tigger	1860	+	168	106749127	86592
chr11	18246976	18446976	harbor1	chr11	18337531	18337784	DNA/TcMar-Tigger	493	+	126	18337657	90681
chr11	109271394	109471394	harbor1	chr11	109282999	109283165	DNA/TcMar-Tigger	871	+	83	109283082	11688
chr11	109271394	109471394	harbor1	chr11	109283170	109283444	DNA/TcMar-Tigger	1285	+	137	109283307	11913
chr11	109271394	109471394	harbor1	chr11	109303964	109304605	DNA/TcMar-Tigger	3266	+	320	109304284	32890
chr11	34135549	34335549	harbor1	chr11	34219178	34219271	DNA/TcMar-Tigger	1696	+	46	34219224	83675
chr11	34135549	34335549	harbor1	chr11	34219571	34219866	DNA/TcMar-Tigger	1696	+	148	34219719	84170
chr11	125561816	125761816	harbor1	chr11	125607003	125607368	DNA/TcMar-Tigger	2369	+	182	125607185	45369
chr11	125561816	125761816	harbor1	chr11	125615420	125615700	DNA/TcMar-Tigger	1409	+	140	125615560	53744
chr11	125561816	125761816	harbor1	chr11	125640186	125640259	DNA/TcMar-Tigger	1104	+	36	125640222	78406
chr11	125561816	125761816	harbor1	chr11	125640929	125641090	DNA/TcMar-Tigger	1104	+	80	125641009	79193
chr11	125561816	125761816	harbor1	chr11	125641089	125641175	DNA/TcMar-Tigger	423	+	43	125641132	79316
chr11	114646701	114846701	harbor1	chr11	114664642	114665056	DNA/TcMar-Tigger	2574	+	207	114664849	18148
chr11	114646701	114846701	harbor1	chr11	114701756	114701994	DNA/TcMar-Tigger	1271	+	119	114701875	55174
chr11	74398236	74598236	harbor1	chr11	74496646	74497549	DNA/TcMar-Tigger	6666	+	452	74497098	98862
chr11	74398236	74598236	harbor1	chr11	74497547	74498644	DNA/TcMar-Tigger	7865	+	548	74498095	99859
chr11	88698243	88898243	harbor1	chr11	88707546	88707700	DNA/TcMar-Tigger	971	+	77	88707623	9380
chr11	134654003	134854003	harbor1	chr11	134709621	134710789	DNA/TcMar-Tigger	6072	+	584	134710205	56202
chr11	114266400	114466400	harbor1	chr11	114314732	114315040	DNA/TcMar-Tigger	1336	+	154	114314886	48486
chr11	18988272	19188272	harbor1	chr11	19000760	19002634	DNA/TcMar-Tigger	10056	+	937	19001697	13425
chr11	18988272	19188272	harbor1	chr11	19006859	19006982	DNA/TcMar-Tigger	1794	+	62	19006921	18649
chr11	18988272	19188272	harbor1	chr11	19007019	19007046	DNA/TcMar-Tigger	1794	+	14	19007033	18761
chr11	18988272	19188272	harbor1	chr11	19007330	19007576	DNA/TcMar-Tigger	1794	+	123	19007453	19181
chr11	80386549	80586549	harbor1	chr11	80419457	80420628	DNA/TcMar-Tigger	6678	+	586	80420043	33494
chr11	33538382	33738382	harbor1	chr11	33635881	33636346	DNA/TcMar-Tigger	2310	+	232	33636113	97731
chr11	33538382	33738382	harbor1	chr11	33636631	33636855	DNA/TcMar-Tigger	2310	+	112	33636743	98361
chr11	63605429	63805429	harbor1	chr11	63649167	63649290	DNA/TcMar-Tigger	550	+	62	63649229	43800
chr11	63605429	63805429	harbor1	chr11	63666981	63667152	DNA/TcMar-Tigger	930	+	86	63667067	61638
chr11	63605429	63805429	harbor1	chr11	63667152	63667243	DNA/TcMar-Tigger	530	+	46	63667198	61769
chr11	63605429	63805429	harbor1	chr11	63703035	63703341	DNA/TcMar-Tigger	1114	+	153	63703188	97759
chr11	36630898	36830898	harbor1	chr11	36649881	36650097	DNA/TcMar-Tigger	1219	+	108	36649989	19091
chr11	124945047	125145047	harbor1	chr11	124951946	124952023	DNA/TcMar-Tigger	443	+	38	124951984	6937
chr11	124945047	125145047	harbor1	chr11	125017349	125018472	DNA/TcMar-Tigger	6391	+	562	125017911	72864
chr11	98620187	98820187	harbor1	chr11	98658943	98659271	DNA/TcMar-Tigger	1768	+	164	98659107	38920
chr11	98620187	98820187	harbor1	chr11	98670488	98672857	DNA/TcMar-Tigger	13973	+	1184	98671672	51485
chr11	110643052	110843052	harbor1	chr11	110666549	110666812	DNA/TcMar-Tigger	1526	+	132	110666681	23629
chr11	110643052	110843052	harbor1	chr11	110666815	110668367	DNA/TcMar-Tigger	10383	+	776	110667591	24539
chr11	110643052	110843052	harbor1	chr11	110668679	110668838	DNA/TcMar-Tigger	10383	+	80	110668759	25707
chr11	110643052	110843052	harbor1	chr11	110674370	110674726	DNA/TcMar-Tigger	2171	+	178	110674548	31496
chr11	84178595	84378595	harbor1	chr11	84246724	84246808	DNA/TcMar-Tigger	482	+	42	84246766	68171
chr11	84178595	84378595	harbor1	chr11	84246133	84246717	DNA/TcMar-Tigger	3358	+	292	84246425	67830
chr11	13709405	13909405	harbor1	chr11	13771858	13772125	DNA/TcMar-Tigger	692	+	134	13771992	62587
chr11	101980041	102180041	harbor1	chr11	101982760	101985282	DNA/TcMar-Tigger	16612	+	1261	101984021	3980
chr11	101980041	102180041	harbor1	chr11	101985582	101985711	DNA/TcMar-Tigger	16612	+	64	101985646	5605
chr11	63034940	63234940	harbor1	chr11	63117510	63117916	DNA/TcMar-Tigger	2432	+	203	63117713	82773
chr11	94540157	94740157	harbor1	chr11	94630818	94631053	DNA/TcMar-Tigger	1331	+	118	94630936	90779
chr11	110177659	110377659	harbor1	chr11	110243045	110243303	DNA/TcMar-Tigger	1179	+	129	110243174	65515
chr11	110177659	110377659	harbor1	chr11	110246396	110246492	DNA/TcMar-Tigger	932	+	48	110246444	68785
chr11	110177659	110377659	harbor1	chr11	110246765	110246873	DNA/TcMar-Tigger	932	+	54	110246819	69160
chr11	110177659	110377659	harbor1	chr11	110261857	110261977	DNA/TcMar-Tigger	426	+	60	110261917	84258
chr11	110177659	110377659	harbor1	chr11	110271834	110272174	DNA/TcMar-Tigger	2124	+	170	110272004	94345
chr11	110177659	110377659	harbor1	chr11	110276770	110277072	DNA/TcMar-Tigger	806	+	151	110276921	99262
chr11	125327504	125527504	harbor1	chr11	125418706	125418994	DNA/TcMar-Tigger	1686	+	144	125418850	91346
chr11	6090059	6290059	harbor1	chr11	6114301	6114374	DNA/TcMar-Tigger	392	+	36	6114337	24278
chr11	6090059	6290059	harbor1	chr11	6114693	6114968	DNA/TcMar-Tigger	1369	+	138	6114831	24772
chr11	6090059	6290059	harbor1	chr11	6114969	6115053	DNA/TcMar-Tigger	430	+	42	6115011	24952
chr11	6090059	6290059	harbor1	chr11	6132239	6132382	DNA/TcMar-Tigger	503	+	72	6132311	42252
chr11	6090059	6290059	harbor1	chr11	6184693	6185022	DNA/TcMar-Tigger	1848	+	164	6184857	94798
chr11	95754271	95954271	harbor1	chr11	95755911	95756080	DNA/TcMar-Tigger	451	+	84	95755995	1724
chr11	95754271	95954271	harbor1	chr11	95782259	95782500	DNA/TcMar-Tigger	1301	+	120	95782379	28108
chr11	95754271	95954271	harbor1	chr11	95783689	95784012	DNA/TcMar-Tigger	1652	+	162	95783851	29580
chr11	95754271	95954271	harbor1	chr11	95784439	95784586	DNA/TcMar-Tigger	1652	+	74	95784513	30242
chr11	95754271	95954271	harbor1	chr11	95784887	95785025	DNA/TcMar-Tigger	592	+	69	95784956	30685
chr11	95754271	95954271	harbor1	chr11	95785036	95785328	DNA/TcMar-Tigger	1341	+	146	95785182	30911
chr11	95754271	95954271	harbor1	chr11	95823314	95824082	DNA/TcMar-Tigger	4676	+	384	95823698	69427
chr11	95754271	95954271	harbor1	chr11	95824259	95825593	DNA/TcMar-Tigger	10077	+	667	95824926	70655
chr11	95754271	95954271	harbor1	chr11	95825872	95826354	DNA/TcMar-Tigger	10077	+	241	95826113	71842
chr11	95754271	95954271	harbor1	chr11	95826609	95826682	DNA/TcMar-Tigger	10077	+	36	95826645	72374
chr11	95754271	95954271	harbor1	chr11	95844353	95844563	DNA/TcMar-Tigger	972	+	105	95844458	90187
chr11	95640727	95840727	harbor1	chr11	95686119	95686277	DNA/TcMar-Tigger	394	+	79	95686198	45471
chr11	95640727	95840727	harbor1	chr11	95688147	95688330	DNA/TcMar-Tigger	485	+	92	95688239	47512
chr11	95640727	95840727	harbor1	chr11	95740360	95740441	DNA/TcMar-Tigger	479	+	40	95740400	99673
chr11	95640727	95840727	harbor1	chr11	95740440	95740754	DNA/TcMar-Tigger	1821	+	157	95740597	99870
chr11	68560914	68760914	harbor1	chr11	68577089	68577242	DNA/TcMar-Tigger	398	+	76	68577165	16251
chr11	68560914	68760914	harbor1	chr11	68579675	68579983	DNA/TcMar-Tigger	1472	+	154	68579829	18915
chr11	8939133	9139133	harbor1	chr11	8940667	8941011	DNA/TcMar-Tigger	1710	+	172	8940839	1706
chr11	8939133	9139133	harbor1	chr11	9023158	9023390	DNA/TcMar-Tigger	986	+	116	9023274	84141
chr11	79845632	80045632	harbor1	chr11	79922215	79922308	DNA/TcMar-Tigger	435	+	46	79922261	76629
chr11	79845632	80045632	harbor1	chr11	79922308	79923203	DNA/TcMar-Tigger	5036	+	448	79922756	77124
chr11	17129953	17329953	harbor1	chr11	17149004	17149238	DNA/TcMar-Tigger	1313	+	117	17149121	19168
chr11	17129953	17329953	harbor1	chr11	17149350	17149487	DNA/TcMar-Tigger	757	+	68	17149418	19465
chr11	17129953	17329953	harbor1	chr11	17183187	17183393	DNA/TcMar-Tigger	923	+	103	17183290	53337
chr11	17129953	17329953	harbor1	chr11	17183701	17183744	DNA/TcMar-Tigger	923	+	22	17183723	53770
chr11	17129953	17329953	harbor1	chr11	17184180	17184652	DNA/TcMar-Tigger	5102	+	236	17184416	54463
chr11	17129953	17329953	harbor1	chr11	17184944	17185460	DNA/TcMar-Tigger	5102	+	258	17185202	55249
chr11	17129953	17329953	harbor1	chr11	17185461	17185550	DNA/TcMar-Tigger	506	+	44	17185505	55552
chr11	107483785	107683785	harbor1	chr11	107520826	107521155	DNA/TcMar-Tigger	1821	+	164	107520990	37205
chr11	107483785	107683785	harbor1	chr11	107543447	107544089	DNA/TcMar-Tigger	1343	+	321	107543768	59983
chr11	107483785	107683785	harbor1	chr11	107545556	107545928	DNA/TcMar-Tigger	1026	+	186	107545742	61957
chr11	107483785	107683785	harbor1	chr11	107545954	107546247	DNA/TcMar-Tigger	830	+	146	107546100	62315
chr11	63679721	63879721	harbor1	chr11	63703035	63703341	DNA/TcMar-Tigger	1114	+	153	63703188	23467
chr11	63679721	63879721	harbor1	chr11	63736311	63736386	DNA/TcMar-Tigger	407	+	38	63736349	56628
chr11	63679721	63879721	harbor1	chr11	63736392	63736405	DNA/TcMar-Tigger	642	+	6	63736398	56677
chr11	63679721	63879721	harbor1	chr11	63736704	63736834	DNA/TcMar-Tigger	642	+	65	63736769	57048
chr11	82001205	82201205	harbor1	chr11	82044452	82045364	DNA/TcMar-Tigger	5182	+	456	82044908	43703
chr11	82001205	82201205	harbor1	chr11	82054709	82056201	DNA/TcMar-Tigger	8789	+	746	82055455	54250
chr11	105964603	106164603	harbor1	chr11	105982242	105982474	DNA/TcMar-Tigger	1297	+	116	105982358	17755
chr11	41351237	41551237	harbor1	chr11	41397162	41397657	DNA/TcMar-Tigger	2732	+	248	41397410	46173
chr11	41351237	41551237	harbor1	chr11	41411623	41412470	DNA/TcMar-Tigger	4473	+	424	41412047	60810
chr11	41351237	41551237	harbor1	chr11	41444178	41444518	DNA/TcMar-Tigger	1820	+	170	41444348	93111
chr11	31811977	32011977	harbor1	chr11	31892239	31892563	DNA/TcMar-Tigger	1938	+	162	31892401	80424
chr11	28504909	28704909	harbor1	chr11	28559769	28560307	DNA/TcMar-Tigger	2170	+	269	28560038	55129
chr11	14357795	14557795	harbor1	chr11	14370329	14370564	DNA/TcMar-Tigger	1678	+	118	14370447	12652
chr11	14357795	14557795	harbor1	chr11	14404300	14404580	DNA/TcMar-Tigger	3347	+	140	14404440	46645
chr11	14357795	14557795	harbor1	chr11	14404876	14404944	DNA/TcMar-Tigger	3347	+	34	14404910	47115
chr11	14357795	14557795	harbor1	chr11	14405544	14405755	DNA/TcMar-Tigger	3347	+	106	14405650	47855
chr11	14357795	14557795	harbor1	chr11	14405851	14405894	DNA/TcMar-Tigger	3347	+	22	14405873	48078
chr11	14357795	14557795	harbor1	chr11	14406238	14406508	DNA/TcMar-Tigger	1983	+	135	14406373	48578
chr11	14357795	14557795	harbor1	chr11	14439739	14439960	DNA/TcMar-Tigger	2668	+	110	14439849	82054
chr11	14357795	14557795	harbor1	chr11	14440271	14440503	DNA/TcMar-Tigger	2668	+	116	14440387	82592
chr11	14357795	14557795	harbor1	chr11	14456465	14456693	DNA/TcMar-Tigger	389	+	114	14456579	98784
chr11	41158449	41358449	harbor1	chr11	41192558	41194341	DNA/TcMar-Tigger	9320	+	892	41193450	35001
chr11	81399451	81599451	harbor1	chr11	81464411	81464621	DNA/TcMar-Tigger	1192	+	105	81464516	65065
chr11	81399451	81599451	harbor1	chr11	81465050	81465471	DNA/TcMar-Tigger	2305	+	210	81465260	65809
chr11	92876848	93076848	harbor1	chr11	92881408	92881595	DNA/TcMar-Tigger	525	+	94	92881502	4654
chr11	92876848	93076848	harbor1	chr11	92882057	92882386	DNA/TcMar-Tigger	1090	+	164	92882221	5373
chr11	92876848	93076848	harbor1	chr11	92917621	92917941	DNA/TcMar-Tigger	1419	+	160	92917781	40933
chr11	92876848	93076848	harbor1	chr11	92897081	92897516	DNA/TcMar-Tigger	2376	+	218	92897299	20451
chr11	2955364	3155364	harbor1	chr11	2971742	2972075	DNA/TcMar-Tigger	1501	+	166	2971908	16544
chr11	2955364	3155364	harbor1	chr11	3039978	3040386	DNA/TcMar-Tigger	2238	+	204	3040182	84818
chr11	133798185	133998185	harbor1	chr11	133822381	133822692	DNA/TcMar-Tigger	1339	+	156	133822537	24352
chr11	133798185	133998185	harbor1	chr11	133869766	133869830	DNA/TcMar-Tigger	1901	+	32	133869798	71613
chr11	133798185	133998185	harbor1	chr11	133870137	133870416	DNA/TcMar-Tigger	1901	+	140	133870277	72092
chr11	37017026	37217026	harbor1	chr11	37095492	37096526	DNA/TcMar-Tigger	5630	+	517	37096009	78983
chr11	88961781	89161781	harbor1	chr11	88983360	88984545	DNA/TcMar-Tigger	5672	+	592	88983952	22171
chr11	31384769	31584769	harbor1	chr11	31461474	31461833	DNA/TcMar-Tigger	2357	+	180	31461654	76885
chr11	27847842	28047842	harbor1	chr11	27867057	27867385	DNA/TcMar-Tigger	2034	+	164	27867221	19379
chr11	126890418	127090418	harbor1	chr11	126960750	126963124	DNA/TcMar-Tigger	15617	+	1187	126961937	71519
chr11	126890418	127090418	harbor1	chr11	126970056	126970812	DNA/TcMar-Tigger	923	+	378	126970434	80016
chr11	98760137	98960137	harbor1	chr11	98823282	98823621	DNA/TcMar-Tigger	1669	+	170	98823452	63315
chr11	91655753	91855753	harbor1	chr11	91665187	91665401	DNA/TcMar-Tigger	1132	+	107	91665294	9541
chr11	91655753	91855753	harbor1	chr11	91665458	91665535	DNA/TcMar-Tigger	1132	+	38	91665496	9743
chr11	68926071	69126071	harbor1	chr11	68943543	68943879	DNA/TcMar-Tigger	1687	+	168	68943711	17640
chr11	12455680	12655680	harbor1	chr11	12471858	12472090	DNA/TcMar-Tigger	568	+	116	12471974	16294
chr11	91650522	91850522	harbor1	chr11	91665187	91665401	DNA/TcMar-Tigger	1132	+	107	91665294	14772
chr11	91650522	91850522	harbor1	chr11	91665458	91665535	DNA/TcMar-Tigger	1132	+	38	91665496	14974
chr11	29016135	29216135	harbor1	chr11	29034394	29034758	DNA/TcMar-Tigger	13860	+	182	29034576	18441
chr11	29016135	29216135	harbor1	chr11	29035118	29037385	DNA/TcMar-Tigger	13860	+	1134	29036252	20117
chr11	29016135	29216135	harbor1	chr11	29062979	29064092	DNA/TcMar-Tigger	6128	+	556	29063535	47400
chr11	29016135	29216135	harbor1	chr11	29064174	29064271	DNA/TcMar-Tigger	478	+	48	29064222	48087
chr11	29016135	29216135	harbor1	chr11	29084650	29085036	DNA/TcMar-Tigger	2038	+	193	29084843	68708
chr11	71108475	71308475	harbor1	chr11	71124768	71125937	DNA/TcMar-Tigger	15162	+	584	71125352	16877
chr11	71108475	71308475	harbor1	chr11	71126244	71126725	DNA/TcMar-Tigger	15162	+	240	71126484	18009
chr11	71108475	71308475	harbor1	chr11	71127004	71127822	DNA/TcMar-Tigger	15162	+	409	71127413	18938
chr11	71108475	71308475	harbor1	chr11	71143320	71143933	DNA/TcMar-Tigger	2706	+	306	71143626	35151
chr11	113974068	114174068	harbor1	chr11	114069858	114070094	DNA/TcMar-Tigger	1375	+	118	114069976	95908
chr11	113974068	114174068	harbor1	chr11	114070408	114070481	DNA/TcMar-Tigger	1375	+	36	114070444	96376
chr11	7361377	7561377	harbor1	chr11	7398695	7401435	DNA/TcMar-Tigger	15501	+	1370	7400065	38688
chr11	7361377	7561377	harbor1	chr11	7416475	7416789	DNA/TcMar-Tigger	1523	+	157	7416632	55255
chr11	81910066	82110066	harbor1	chr11	81909850	81910134	DNA/TcMar-Tigger	1381	+	142	81909992	74
chr11	81910066	82110066	harbor1	chr11	81910179	81910270	DNA/TcMar-Tigger	518	+	46	81910225	159
chr11	81910066	82110066	harbor1	chr11	81964294	81964510	DNA/TcMar-Tigger	449	+	108	81964402	54336
chr11	81910066	82110066	harbor1	chr11	81964636	81964934	DNA/TcMar-Tigger	445	+	149	81964785	54719
chr11	87721797	87921797	harbor1	chr11	87742895	87743220	DNA/TcMar-Tigger	1805	+	162	87743057	21260
chr11	37292385	37492385	harbor1	chr11	37298113	37298347	DNA/TcMar-Tigger	1407	+	117	37298230	5845
chr11	37292385	37492385	harbor1	chr11	37298487	37298617	DNA/TcMar-Tigger	723	+	65	37298552	6167
chr11	28106160	28306160	harbor1	chr11	28113718	28114046	DNA/TcMar-Tigger	1880	+	164	28113882	7722
chr11	70522453	70722453	harbor1	chr11	70539009	70539158	DNA/TcMar-Tigger	408	+	74	70539083	16630
chr11	70522453	70722453	harbor1	chr11	70554869	70555463	DNA/TcMar-Tigger	5549	+	297	70555166	32713
chr11	70522453	70722453	harbor1	chr11	70555749	70556119	DNA/TcMar-Tigger	5549	+	185	70555934	33481
chr11	70522453	70722453	harbor1	chr11	70587597	70587697	DNA/TcMar-Tigger	543	+	50	70587647	65194
chr11	70522453	70722453	harbor1	chr11	70587869	70588825	DNA/TcMar-Tigger	14121	+	478	70588347	65894
chr11	70522453	70722453	harbor1	chr11	70589117	70589871	DNA/TcMar-Tigger	14121	+	377	70589494	67041
chr11	70522453	70722453	harbor1	chr11	70590191	70590864	DNA/TcMar-Tigger	14121	+	336	70590527	68074
chr11	88572653	88772653	harbor1	chr11	88602024	88602338	DNA/TcMar-Tigger	750	+	157	88602181	29528
chr11	88572653	88772653	harbor1	chr11	88656350	88656706	DNA/TcMar-Tigger	1619	+	178	88656528	83875
chr11	88572653	88772653	harbor1	chr11	88656707	88657010	DNA/TcMar-Tigger	867	+	152	88656859	84206
chr11	88572653	88772653	harbor1	chr11	88657028	88657299	DNA/TcMar-Tigger	1426	+	136	88657164	84511
chr11	88572653	88772653	harbor1	chr11	88664266	88664434	DNA/TcMar-Tigger	1681	+	84	88664350	91697
chr11	88572653	88772653	harbor1	chr11	88664747	88664930	DNA/TcMar-Tigger	1681	+	92	88664839	92186
chr11	122922968	123122968	harbor1	chr11	122950166	122950315	DNA/TcMar-Tigger	452	+	74	122950240	27272
chr11	134706957	134906957	harbor1	chr11	134709621	134710789	DNA/TcMar-Tigger	6072	+	584	134710205	3248
chr11	134706957	134906957	harbor1	chr11	134796036	134796142	DNA/TcMar-Tigger	1463	+	53	134796089	89132
chr11	134706957	134906957	harbor1	chr11	134796460	134796702	DNA/TcMar-Tigger	1463	+	121	134796581	89624
chr11	13101526	13301526	harbor1	chr11	13127400	13128611	DNA/TcMar-Tigger	7812	+	606	13128006	26480
chr11	69904622	70104622	harbor1	chr11	70002097	70002169	DNA/TcMar-Tigger	1560	+	36	70002133	97511
chr11	69904622	70104622	harbor1	chr11	70002489	70002695	DNA/TcMar-Tigger	1560	+	103	70002592	97970
chr11	131572888	131772888	harbor1	chr11	131634981	131635152	DNA/TcMar-Tigger	946	+	86	131635067	62179
chr11	131572888	131772888	harbor1	chr11	131635195	131636095	DNA/TcMar-Tigger	4697	+	450	131635645	62757
chr11	66456185	66656185	harbor1	chr11	66499463	66499487	DNA/TcMar-Tigger	1061	+	12	66499475	43290
chr11	66456185	66656185	harbor1	chr11	66499787	66500000	DNA/TcMar-Tigger	1061	+	106	66499893	43708
chr11	44804875	45004875	harbor1	chr11	44835668	44838002	DNA/TcMar-Tigger	16007	+	1167	44836835	31960
chr11	3465407	3665407	harbor1	chr11	3552066	3552292	DNA/TcMar-Tigger	393	+	113	3552179	86772
chr11	132180226	132380226	harbor1	chr11	132240870	132241226	DNA/TcMar-Tigger	2388	+	178	132241048	60822
chr11	104034148	104234148	harbor1	chr11	104036474	104036602	DNA/TcMar-Tigger	478	+	64	104036538	2390
chr11	104034148	104234148	harbor1	chr11	104076698	104077149	DNA/TcMar-Tigger	2438	+	226	104076924	42776
chr11	104034148	104234148	harbor1	chr11	104103570	104104771	DNA/TcMar-Tigger	5995	+	600	104104170	70022
chr11	93561657	93761657	harbor1	chr11	93596995	93597322	DNA/TcMar-Tigger	577	+	164	93597159	35502
chr11	49013705	49213705	harbor1	chr11	49023819	49024070	DNA/TcMar-Tigger	1091	+	126	49023945	10240
chr11	49013705	49213705	harbor1	chr11	49024065	49024287	DNA/TcMar-Tigger	1164	+	111	49024176	10471
chr11	49013705	49213705	harbor1	chr11	49027908	49028018	DNA/TcMar-Tigger	397	+	55	49027963	14258
chr11	49013705	49213705	harbor1	chr11	49029779	49030051	DNA/TcMar-Tigger	1673	+	136	49029915	16210
chr11	49013705	49213705	harbor1	chr11	49030367	49030417	DNA/TcMar-Tigger	1673	+	25	49030392	16687
chr11	78879808	79079808	harbor1	chr11	78945116	78947162	DNA/TcMar-Tigger	13863	+	1023	78946139	66331
chr11	78879808	79079808	harbor1	chr11	78953622	78953842	DNA/TcMar-Tigger	1184	+	110	78953732	73924
chr11	78879808	79079808	harbor1	chr11	78956680	78956969	DNA/TcMar-Tigger	903	+	144	78956824	77016
chr12	21974672	22174672	harbor1	chr12	21984504	21985710	DNA/TcMar-Tigger	6714	+	603	21985107	10435
chr12	21974672	22174672	harbor1	chr12	22036004	22036442	DNA/TcMar-Tigger	2364	+	219	22036223	61551
chr12	21974672	22174672	harbor1	chr12	22019696	22020137	DNA/TcMar-Tigger	2303	+	220	22019916	45244
chr12	94480564	94680564	harbor1	chr12	94565359	94565452	DNA/TcMar-Tigger	1736	+	46	94565405	84841
chr12	94480564	94680564	harbor1	chr12	94565758	94565877	DNA/TcMar-Tigger	1736	+	60	94565818	85254
chr12	94480564	94680564	harbor1	chr12	94566093	94566329	DNA/TcMar-Tigger	1736	+	118	94566211	85647
chr12	96973387	97173387	harbor1	chr12	97029163	97029392	DNA/TcMar-Tigger	940	+	114	97029277	55890
chr12	96973387	97173387	harbor1	chr12	97053972	97054049	DNA/TcMar-Tigger	5875	+	38	97054010	80623
chr12	96973387	97173387	harbor1	chr12	97054449	97055476	DNA/TcMar-Tigger	5875	+	514	97054963	81576
chr12	32739466	32939466	harbor1	chr12	32741632	32741944	DNA/TcMar-Tigger	1547	+	156	32741788	2322
chr12	32739466	32939466	harbor1	chr12	32751896	32752179	DNA/TcMar-Tigger	1391	+	142	32752038	12572
chr12	31094007	31294007	harbor1	chr12	31136894	31137510	DNA/TcMar-Tigger	3689	+	308	31137202	43195
chr12	31094007	31294007	harbor1	chr12	31137512	31137870	DNA/TcMar-Tigger	1969	+	179	31137691	43684
chr12	3323047	3523047	harbor1	chr12	3413792	3413997	DNA/TcMar-Tigger	1260	+	102	3413894	90847
chr12	74971811	75171811	harbor1	chr12	75065461	75065812	DNA/TcMar-Tigger	1937	+	176	75065637	93826
chr12	96932037	97132037	harbor1	chr12	96946975	96947265	DNA/TcMar-Tigger	831	+	145	96947120	15083
chr12	96932037	97132037	harbor1	chr12	97029163	97029392	DNA/TcMar-Tigger	940	+	114	97029277	97240
chr12	131564005	131764005	harbor1	chr12	131583345	131583663	DNA/TcMar-Tigger	1094	+	159	131583504	19499
chr12	43246758	43446758	harbor1	chr12	43269684	43269884	DNA/TcMar-Tigger	1107	+	100	43269784	23026
chr12	43246758	43446758	harbor1	chr12	43296660	43296723	DNA/TcMar-Tigger	2096	+	32	43296692	49934
chr12	43246758	43446758	harbor1	chr12	43297315	43297597	DNA/TcMar-Tigger	2096	+	141	43297456	50698
chr12	43246758	43446758	harbor1	chr12	43302670	43302984	DNA/TcMar-Tigger	1036	+	157	43302827	56069
chr12	41060567	41260567	harbor1	chr12	41101064	41101367	DNA/TcMar-Tigger	1336	+	152	41101216	40649
chr12	68968222	69168222	harbor1	chr12	69013723	69013876	DNA/TcMar-Tigger	717	+	76	69013799	45577
chr12	68968222	69168222	harbor1	chr12	69013844	69013971	DNA/TcMar-Tigger	791	+	64	69013908	45686
chr12	68968222	69168222	harbor1	chr12	69014659	69014774	DNA/TcMar-Tigger	812	+	58	69014717	46495
chr12	81240188	81440188	harbor1	chr12	81285521	81286685	DNA/TcMar-Tigger	5964	+	582	81286103	45915
chr12	81240188	81440188	harbor1	chr12	81289346	81289869	DNA/TcMar-Tigger	569	+	262	81289608	49420
chr12	81240188	81440188	harbor1	chr12	81292340	81292787	DNA/TcMar-Tigger	2472	+	224	81292564	52376
chr12	81240188	81440188	harbor1	chr12	81331109	81331441	DNA/TcMar-Tigger	1360	+	166	81331275	91087
chr12	74192503	74392503	harbor1	chr12	74226741	74227163	DNA/TcMar-Tigger	2301	+	211	74226952	34449
chr12	74192503	74392503	harbor1	chr12	74227621	74228377	DNA/TcMar-Tigger	4081	+	378	74227999	35496
chr12	74192503	74392503	harbor1	chr12	74230942	74231027	DNA/TcMar-Tigger	548	+	42	74230984	38481
chr12	74192503	74392503	harbor1	chr12	74231153	74231238	DNA/TcMar-Tigger	437	+	42	74231195	38692
chr12	74192503	74392503	harbor1	chr12	74236836	74237142	DNA/TcMar-Tigger	1633	+	153	74236989	44486
chr12	74192503	74392503	harbor1	chr12	74237387	74239999	DNA/TcMar-Tigger	13802	+	1306	74238693	46190
chr12	59480829	59680829	harbor1	chr12	59484755	59485070	DNA/TcMar-Tigger	1129	+	158	59484913	4084
chr12	59480829	59680829	harbor1	chr12	59507938	59508097	DNA/TcMar-Tigger	740	+	80	59508018	27189
chr12	59480829	59680829	harbor1	chr12	59508080	59508283	DNA/TcMar-Tigger	991	+	102	59508182	27353
chr12	71993183	72193183	harbor1	chr12	72021427	72021741	DNA/TcMar-Tigger	1407	+	157	72021584	28401
chr12	71993183	72193183	harbor1	chr12	72063997	72066349	DNA/TcMar-Tigger	13407	+	1176	72065173	71990
chr12	71993183	72193183	harbor1	chr12	72086365	72086719	DNA/TcMar-Tigger	854	+	177	72086542	93359
chr12	2044271	2244271	harbor1	chr12	2142205	2142975	DNA/TcMar-Tigger	6442	+	385	2142590	98319
chr12	2044271	2244271	harbor1	chr12	2143268	2143733	DNA/TcMar-Tigger	6442	+	232	2143500	99229
chr12	94056979	94256979	harbor1	chr12	94079215	94079858	DNA/TcMar-Tigger	3371	+	322	94079537	22558
chr12	94056979	94256979	harbor1	chr12	94085748	94086076	DNA/TcMar-Tigger	2085	+	164	94085912	28933
chr12	65208481	65408481	harbor1	chr12	65224366	65224497	DNA/TcMar-Tigger	651	+	66	65224432	15951
chr12	65208481	65408481	harbor1	chr12	65235448	65235755	DNA/TcMar-Tigger	1390	+	154	65235602	27121
chr12	32406090	32606090	harbor1	chr12	32465297	32465387	DNA/TcMar-Tigger	1485	+	45	32465342	59252
chr12	32406090	32606090	harbor1	chr12	32465690	32465782	DNA/TcMar-Tigger	1485	+	46	32465736	59646
chr12	32406090	32606090	harbor1	chr12	32466078	32466277	DNA/TcMar-Tigger	1485	+	100	32466178	60088
chr12	91960114	92160114	harbor1	chr12	91963973	91964311	DNA/TcMar-Tigger	2085	+	169	91964142	4028
chr12	124871176	125071176	harbor1	chr12	124956049	124956462	DNA/TcMar-Tigger	615	+	206	124956255	85079
chr12	109820035	110020035	harbor1	chr12	109859532	109859696	DNA/TcMar-Tigger	576	+	82	109859614	39579
chr12	16131282	16331282	harbor1	chr12	16228547	16228980	DNA/TcMar-Tigger	2488	+	216	16228763	97481
chr12	116802124	117002124	harbor1	chr12	116874977	116875285	DNA/TcMar-Tigger	1323	+	154	116875131	73007
chr12	110452826	110652826	harbor1	chr12	110532602	110532952	DNA/TcMar-Tigger	1562	+	175	110532777	79951
chr12	110452826	110652826	harbor1	chr12	110552112	110552404	DNA/TcMar-Tigger	692	+	146	110552258	99432
chr12	109413647	109613647	harbor1	chr12	109429350	109429672	DNA/TcMar-Tigger	1284	+	161	109429511	15864
chr12	109413647	109613647	harbor1	chr12	109447563	109448282	DNA/TcMar-Tigger	3325	+	360	109447923	34276
chr12	131823977	132023977	harbor1	chr12	131853817	131853917	DNA/TcMar-Tigger	439	+	50	131853867	29890
chr12	75023940	75223940	harbor1	chr12	75065461	75065812	DNA/TcMar-Tigger	1937	+	176	75065637	41697
chr13	49047700	49247700	harbor1	chr13	49073407	49073673	DNA/TcMar-Tigger	1469	+	133	49073540	25840
chr13	49047700	49247700	harbor1	chr13	49117539	49117861	DNA/TcMar-Tigger	1796	+	161	49117700	70000
chr13	102769710	102969710	harbor1	chr13	102859836	102860558	DNA/TcMar-Tigger	4299	+	361	102860197	90487
chr13	102769710	102969710	harbor1	chr13	102863558	102863743	DNA/TcMar-Tigger	884	+	92	102863650	93940
chr13	35662478	35862478	harbor1	chr13	35710202	35710273	DNA/TcMar-Tigger	427	+	36	35710238	47760
chr13	35662478	35862478	harbor1	chr13	35710269	35710415	DNA/TcMar-Tigger	947	+	73	35710342	47864
chr13	35662478	35862478	harbor1	chr13	35738068	35738097	DNA/TcMar-Tigger	956	+	14	35738082	75604
chr13	35662478	35862478	harbor1	chr13	35738394	35738642	DNA/TcMar-Tigger	956	+	124	35738518	76040
chr13	69735301	69935301	harbor1	chr13	69820193	69820600	DNA/TcMar-Tigger	1702	+	204	69820397	85096
chr13	51279069	51479069	harbor1	chr13	51326866	51327188	DNA/TcMar-Tigger	2161	+	161	51327027	47958
chr13	51279069	51479069	harbor1	chr13	51327348	51328224	DNA/TcMar-Tigger	5849	+	438	51327786	48717
chr13	51279069	51479069	harbor1	chr13	51347579	51347834	DNA/TcMar-Tigger	1269	+	128	51347707	68638
chr13	51279069	51479069	harbor1	chr13	51347833	51347930	DNA/TcMar-Tigger	550	+	48	51347881	68812
chr13	92008256	92208256	harbor1	chr13	92040122	92040853	DNA/TcMar-Tigger	4129	+	366	92040488	32232
chr13	92008256	92208256	harbor1	chr13	92041151	92041271	DNA/TcMar-Tigger	4129	+	60	92041211	32955
chr13	92008256	92208256	harbor1	chr13	92049799	92049990	DNA/TcMar-Tigger	488	+	96	92049895	41639
chr13	26637409	26837409	harbor1	chr13	26706851	26707191	DNA/TcMar-Tigger	1946	+	170	26707021	69612
chr13	25574448	25774448	harbor1	chr13	25574233	25574538	DNA/TcMar-Tigger	970	+	152	25574385	63
chr13	25574448	25774448	harbor1	chr13	25622542	25622865	DNA/TcMar-Tigger	1467	+	162	25622704	48256
chr13	34855318	35055318	harbor1	chr13	34931564	34932657	DNA/TcMar-Tigger	6635	+	546	34932110	76792
chr13	34855318	35055318	harbor1	chr13	34933129	34933211	DNA/TcMar-Tigger	447	+	41	34933170	77852
chr13	34855318	35055318	harbor1	chr13	34953627	34953760	DNA/TcMar-Tigger	1960	+	66	34953693	98375
chr13	34855318	35055318	harbor1	chr13	34954086	34954291	DNA/TcMar-Tigger	1960	+	102	34954188	98870
chr13	102768648	102968648	harbor1	chr13	102859836	102860558	DNA/TcMar-Tigger	4299	+	361	102860197	91549
chr13	102768648	102968648	harbor1	chr13	102863558	102863743	DNA/TcMar-Tigger	884	+	92	102863650	95002
chr13	25295822	25495822	harbor1	chr13	25322440	25322776	DNA/TcMar-Tigger	1844	+	168	25322608	26786
chr13	24208292	24408292	harbor1	chr13	24260430	24260946	DNA/TcMar-Tigger	1471	+	258	24260688	52396
chr13	46299481	46499481	harbor1	chr13	46331727	46331965	DNA/TcMar-Tigger	486	+	119	46331846	32365
chr13	46299481	46499481	harbor1	chr13	46367632	46367884	DNA/TcMar-Tigger	1404	+	126	46367758	68277
chr13	46299481	46499481	harbor1	chr13	46367889	46367983	DNA/TcMar-Tigger	556	+	47	46367936	68455
chr13	46299481	46499481	harbor1	chr13	46375824	46376258	DNA/TcMar-Tigger	2601	+	217	46376041	76560
chr13	77680175	77880175	harbor1	chr13	77703251	77703819	DNA/TcMar-Tigger	821	+	284	77703535	23360
chr13	86692386	86892386	harbor1	chr13	86703017	86703190	DNA/TcMar-Tigger	905	+	86	86703103	10717
chr13	62205568	62405568	harbor1	chr13	62278117	62278443	DNA/TcMar-Tigger	1678	+	163	62278280	72712
chr13	59984783	60184783	harbor1	chr13	60026141	60026715	DNA/TcMar-Tigger	1240	+	287	60026428	41645
chr13	59984783	60184783	harbor1	chr13	60079447	60079819	DNA/TcMar-Tigger	613	+	186	60079633	94850
chr13	85492790	85692790	harbor1	chr13	85494076	85494687	DNA/TcMar-Tigger	2451	+	306	85494382	1592
chr13	85492790	85692790	harbor1	chr13	85518454	85518682	DNA/TcMar-Tigger	1126	+	114	85518568	25778
chr13	85492790	85692790	harbor1	chr13	85536603	85536959	DNA/TcMar-Tigger	819	+	178	85536781	43991
chr13	85492790	85692790	harbor1	chr13	85564086	85564693	DNA/TcMar-Tigger	2461	+	304	85564390	71600
chr13	87894965	88094965	harbor1	chr13	87963191	87963510	DNA/TcMar-Tigger	1668	+	160	87963351	68386
chr13	72836662	73036662	harbor1	chr13	72914940	72915197	DNA/TcMar-Tigger	676	+	128	72915068	78406
chr13	72836662	73036662	harbor1	chr13	72917663	72918007	DNA/TcMar-Tigger	1873	+	172	72917835	81173
chr13	48058307	48258307	harbor1	chr13	48090455	48090683	DNA/TcMar-Tigger	513	+	114	48090569	32262
chr13	29080377	29280377	harbor1	chr13	29104989	29105220	DNA/TcMar-Tigger	1311	+	116	29105105	24728
chr13	29080377	29280377	harbor1	chr13	29134944	29135203	DNA/TcMar-Tigger	1363	+	130	29135074	54697
chr13	29080377	29280377	harbor1	chr13	29160181	29160488	DNA/TcMar-Tigger	1519	+	154	29160335	79958
chr13	29080377	29280377	harbor1	chr13	29160787	29160854	DNA/TcMar-Tigger	1519	+	34	29160821	80444
chr13	29080377	29280377	harbor1	chr13	29167657	29167874	DNA/TcMar-Tigger	1210	+	108	29167765	87388
chr13	97265963	97465963	harbor1	chr13	97322359	97322436	DNA/TcMar-Tigger	425	+	38	97322397	56434
chr13	97265963	97465963	harbor1	chr13	97323368	97323670	DNA/TcMar-Tigger	1905	+	151	97323519	57556
chr14	64159541	64359541	harbor1	chr14	64240667	64240862	DNA/TcMar-Tigger	1776	+	98	64240765	81224
chr14	64159541	64359541	harbor1	chr14	64241171	64241296	DNA/TcMar-Tigger	1776	+	62	64241233	81692
chr14	21947518	22147518	harbor1	chr14	22004514	22004754	DNA/TcMar-Tigger	768	+	120	22004634	57116
chr14	23247661	23447661	harbor1	chr14	23284415	23284857	DNA/TcMar-Tigger	806	+	221	23284636	36975
chr14	23247661	23447661	harbor1	chr14	23285018	23285222	DNA/TcMar-Tigger	470	+	102	23285120	37459
chr14	99359904	99559904	harbor1	chr14	99442441	99442853	DNA/TcMar-Tigger	2328	+	206	99442647	82743
chr14	88440908	88640908	harbor1	chr14	88503434	88503804	DNA/TcMar-Tigger	2065	+	185	88503619	62711
chr14	88440908	88640908	harbor1	chr14	88532468	88532879	DNA/TcMar-Tigger	431	+	206	88532674	91766
chr14	88440908	88640908	harbor1	chr14	88533279	88533600	DNA/TcMar-Tigger	5891	+	160	88533439	92531
chr14	88440908	88640908	harbor1	chr14	88533883	88534089	DNA/TcMar-Tigger	5891	+	103	88533986	93078
chr14	88440908	88640908	harbor1	chr14	88534415	88534591	DNA/TcMar-Tigger	5891	+	88	88534503	93595
chr14	88440908	88640908	harbor1	chr14	88534891	88535343	DNA/TcMar-Tigger	5891	+	226	88535117	94209
chr14	38718769	38918769	harbor1	chr14	38801279	38801476	DNA/TcMar-Tigger	449	+	98	38801377	82608
chr14	80092088	80292088	harbor1	chr14	80094845	80095181	DNA/TcMar-Tigger	1901	+	168	80095013	2925
chr14	80997544	81197544	harbor1	chr14	81002085	81002260	DNA/TcMar-Tigger	639	+	88	81002173	4629
chr14	80997544	81197544	harbor1	chr14	81041683	81041971	DNA/TcMar-Tigger	1412	+	144	81041827	44283
chr14	80997544	81197544	harbor1	chr14	81048281	81049108	DNA/TcMar-Tigger	4680	+	414	81048695	51151
chr14	98224347	98424347	harbor1	chr14	98240963	98241296	DNA/TcMar-Tigger	1916	+	166	98241129	16782
chr14	98224347	98424347	harbor1	chr14	98281903	98282241	DNA/TcMar-Tigger	1370	+	169	98282072	57725
chr14	98224347	98424347	harbor1	chr14	98294111	98294363	DNA/TcMar-Tigger	904	+	126	98294237	69890
chr14	80691491	80891491	harbor1	chr14	80738564	80738862	DNA/TcMar-Tigger	1516	+	149	80738713	47222
chr14	97698129	97898129	harbor1	chr14	97785018	97787397	DNA/TcMar-Tigger	14987	+	1190	97786208	88079
chr14	69017177	69217177	harbor1	chr14	69048465	69048788	DNA/TcMar-Tigger	2123	+	162	69048627	31450
chr14	69017177	69217177	harbor1	chr14	69049100	69049123	DNA/TcMar-Tigger	2123	+	12	69049112	31935
chr14	69017177	69217177	harbor1	chr14	69049424	69049491	DNA/TcMar-Tigger	2123	+	34	69049458	32281
chr14	76600498	76800498	harbor1	chr14	76644556	76644826	DNA/TcMar-Tigger	751	+	135	76644691	44193
chr14	19605217	19805217	harbor1	chr14	19632352	19632625	DNA/TcMar-Tigger	9231	+	136	19632488	27271
chr14	19605217	19805217	harbor1	chr14	19632933	19633505	DNA/TcMar-Tigger	9231	+	286	19633219	28002
chr14	19605217	19805217	harbor1	chr14	19634147	19634855	DNA/TcMar-Tigger	9231	+	354	19634501	29284
chr14	19605217	19805217	harbor1	chr14	19650910	19651019	DNA/TcMar-Tigger	547	+	54	19650964	45747
chr14	19605217	19805217	harbor1	chr14	19651363	19651590	DNA/TcMar-Tigger	1301	+	114	19651477	46260
chr14	34236100	34436100	harbor1	chr14	34303219	34303361	DNA/TcMar-Tigger	493	+	71	34303290	67190
chr14	53693796	53893796	harbor1	chr14	53720722	53723001	DNA/TcMar-Tigger	15213	+	1140	53721862	28066
chr14	53693796	53893796	harbor1	chr14	53723297	53723414	DNA/TcMar-Tigger	11849	+	58	53723355	29559
chr14	53693796	53893796	harbor1	chr14	53726336	53726796	DNA/TcMar-Tigger	2008	+	230	53726566	32770
chr14	62376126	62576126	harbor1	chr14	62382092	62382634	DNA/TcMar-Tigger	3472	+	271	62382363	6237
chr14	51943763	52143763	harbor1	chr14	51998069	51998399	DNA/TcMar-Tigger	1671	+	165	51998234	54471
chr14	78806683	79006683	harbor1	chr14	78819273	78819583	DNA/TcMar-Tigger	980	+	155	78819428	12745
chr14	101489120	101689120	harbor1	chr14	101569738	101569957	DNA/TcMar-Tigger	1012	+	110	101569848	80728
chr14	101489120	101689120	harbor1	chr14	101575985	101576076	DNA/TcMar-Tigger	1159	+	46	101576031	86911
chr14	101489120	101689120	harbor1	chr14	101576372	101576582	DNA/TcMar-Tigger	1159	+	105	101576477	87357
chr14	66796386	66996386	harbor1	chr14	66869098	66869356	DNA/TcMar-Tigger	461	+	129	66869227	72841
chr14	65202260	65402260	harbor1	chr14	65211369	65211708	DNA/TcMar-Tigger	1312	+	170	65211539	9279
chr14	65202260	65402260	harbor1	chr14	65239862	65240060	DNA/TcMar-Tigger	563	+	99	65239961	37701
chr14	101471142	101671142	harbor1	chr14	101569738	101569957	DNA/TcMar-Tigger	1012	+	110	101569848	98706
chr14	43152444	43352444	harbor1	chr14	43164879	43165894	DNA/TcMar-Tigger	6184	+	508	43165387	12943
chr14	48626883	48826883	harbor1	chr14	48656757	48657347	DNA/TcMar-Tigger	1986	+	295	48657052	30169
chr14	104464333	104664333	harbor1	chr14	104466531	104466837	DNA/TcMar-Tigger	1533	+	153	104466684	2351
chr14	28274284	28474284	harbor1	chr14	28364739	28365107	DNA/TcMar-Tigger	1613	+	184	28364923	90639
chr14	33843256	34043256	harbor1	chr14	33857401	33857737	DNA/TcMar-Tigger	1386	+	168	33857569	14313
chr14	33843256	34043256	harbor1	chr14	33882588	33882902	DNA/TcMar-Tigger	1759	+	157	33882745	39489
chr14	33843256	34043256	harbor1	chr14	33917986	33920131	DNA/TcMar-Tigger	14349	+	1072	33919058	75802
chr14	33843256	34043256	harbor1	chr14	33920429	33920873	DNA/TcMar-Tigger	14349	+	222	33920651	77395
chr14	62591670	62791670	harbor1	chr14	62650851	62651250	DNA/TcMar-Tigger	1831	+	200	62651051	59381
chr14	62591670	62791670	harbor1	chr14	62652335	62652690	DNA/TcMar-Tigger	1805	+	178	62652513	60843
chr14	78292435	78492435	harbor1	chr14	78367987	78368156	DNA/TcMar-Tigger	449	+	84	78368071	75636
chr14	85195821	85395821	harbor1	chr14	85208473	85209617	DNA/TcMar-Tigger	5821	+	572	85209045	13224
chr14	85195821	85395821	harbor1	chr14	85292047	85292605	DNA/TcMar-Tigger	456	+	279	85292326	96505
chr14	94024715	94224715	harbor1	chr14	94077970	94078299	DNA/TcMar-Tigger	1862	+	164	94078134	53419
chr14	94024715	94224715	harbor1	chr14	94081701	94083598	DNA/TcMar-Tigger	12962	+	948	94082649	57934
chr14	94024715	94224715	harbor1	chr14	94076834	94077240	DNA/TcMar-Tigger	2379	+	203	94077037	52322
chr14	90600642	90800642	harbor1	chr14	90609829	90610169	DNA/TcMar-Tigger	1938	+	170	90609999	9357
chr14	90075941	90275941	harbor1	chr14	90157014	90157280	DNA/TcMar-Tigger	449	+	133	90157147	81206
chr14	40228223	40428223	harbor1	chr14	40315245	40317470	DNA/TcMar-Tigger	13863	+	1112	40316357	88134
chr14	40228223	40428223	harbor1	chr14	40317819	40317981	DNA/TcMar-Tigger	13863	+	81	40317900	89677
chr14	82776454	82976454	harbor1	chr14	82777512	82777829	DNA/TcMar-Tigger	1696	+	158	82777670	1216
chr14	75726123	75926123	harbor1	chr14	75750390	75750488	DNA/TcMar-Tigger	500	+	49	75750439	24316
chr14	75726123	75926123	harbor1	chr14	75750480	75750727	DNA/TcMar-Tigger	1632	+	124	75750604	24481
chr14	75726123	75926123	harbor1	chr14	75753226	75753582	DNA/TcMar-Tigger	723	+	178	75753404	27281
chr14	75726123	75926123	harbor1	chr14	75814010	75814209	DNA/TcMar-Tigger	997	+	100	75814110	87987
chr14	33283992	33483992	harbor1	chr14	33378913	33379218	DNA/TcMar-Tigger	1697	+	152	33379065	95073
chr14	89825489	90025489	harbor1	chr14	89901785	89902016	DNA/TcMar-Tigger	1160	+	116	89901901	76412
chr14	89825489	90025489	harbor1	chr14	89908374	89908689	DNA/TcMar-Tigger	1673	+	158	89908532	83043
chr14	76281875	76481875	harbor1	chr14	76295998	76296262	DNA/TcMar-Tigger	556	+	132	76296130	14255
chr14	83489044	83689044	harbor1	chr14	83565958	83566299	DNA/TcMar-Tigger	1932	+	170	83566128	77084
chr14	21555755	21755755	harbor1	chr14	21624264	21624611	DNA/TcMar-Tigger	1137	+	174	21624438	68683
chr14	21555755	21755755	harbor1	chr14	21624903	21624954	DNA/TcMar-Tigger	1137	+	26	21624929	69174
chr14	70986147	71186147	harbor1	chr14	71036481	71036707	DNA/TcMar-Tigger	1349	+	113	71036594	50447
chr14	70986147	71186147	harbor1	chr14	71060108	71063134	DNA/TcMar-Tigger	18316	+	1513	71061621	75474
chr14	64981559	65181559	harbor1	chr14	65000249	65000369	DNA/TcMar-Tigger	1612	+	60	65000309	18750
chr14	64981559	65181559	harbor1	chr14	65001145	65001202	DNA/TcMar-Tigger	1612	+	28	65001173	19614
chr14	64981559	65181559	harbor1	chr14	65001203	65001536	DNA/TcMar-Tigger	1865	+	166	65001369	19810
chr14	64981559	65181559	harbor1	chr14	65001537	65001661	DNA/TcMar-Tigger	1612	+	62	65001599	20040
chr14	64981559	65181559	harbor1	chr14	65001832	65002041	DNA/TcMar-Tigger	608	+	104	65001936	20377
chr14	64981559	65181559	harbor1	chr14	65050960	65051254	DNA/TcMar-Tigger	500	+	147	65051107	69548
chr14	39690311	39890311	harbor1	chr14	39758561	39758884	DNA/TcMar-Tigger	1670	+	162	39758723	68412
chr14	39690311	39890311	harbor1	chr14	39769750	39769944	DNA/TcMar-Tigger	1223	+	97	39769847	79536
chr14	39690311	39890311	harbor1	chr14	39774968	39775059	DNA/TcMar-Tigger	505	+	46	39775014	84703
chr14	55055243	55255243	harbor1	chr14	55058870	55059068	DNA/TcMar-Tigger	1073	+	99	55058969	3726
chr14	55055243	55255243	harbor1	chr14	55073570	55073875	DNA/TcMar-Tigger	1511	+	152	55073722	18479
chr14	55055243	55255243	harbor1	chr14	55135233	55135463	DNA/TcMar-Tigger	1021	+	115	55135348	80105
chr14	61983282	62183282	harbor1	chr14	62037560	62037761	DNA/TcMar-Tigger	856	+	100	62037660	54378
chr14	61983282	62183282	harbor1	chr14	62044005	62044087	DNA/TcMar-Tigger	428	+	41	62044046	60764
chr14	61983282	62183282	harbor1	chr14	62044229	62044283	DNA/TcMar-Tigger	578	+	27	62044256	60974
chr14	61983282	62183282	harbor1	chr14	62044734	62044833	DNA/TcMar-Tigger	578	+	50	62044784	61502
chr14	81911155	82111155	harbor1	chr14	81952108	81952156	DNA/TcMar-Tigger	3009	+	24	81952132	40977
chr14	81911155	82111155	harbor1	chr14	81954796	81955379	DNA/TcMar-Tigger	3009	+	292	81955088	43933
chr14	81911155	82111155	harbor1	chr14	81978330	81978774	DNA/TcMar-Tigger	1509	+	222	81978552	67397
chr14	81911155	82111155	harbor1	chr14	81979014	81979134	DNA/TcMar-Tigger	1509	+	60	81979074	67919
chr14	81911155	82111155	harbor1	chr14	81988156	81989226	DNA/TcMar-Tigger	6351	+	535	81988691	77536
chr14	72720854	72920854	harbor1	chr14	72757639	72757847	DNA/TcMar-Tigger	1374	+	104	72757743	36889
chr14	22896526	23096526	harbor1	chr14	22906388	22906610	DNA/TcMar-Tigger	1115	+	111	22906499	9973
chr14	22896526	23096526	harbor1	chr14	22907585	22908007	DNA/TcMar-Tigger	1840	+	211	22907796	11270
chr14	20292363	20492363	harbor1	chr14	20302689	20302884	DNA/TcMar-Tigger	1085	+	98	20302787	10424
chr14	20292363	20492363	harbor1	chr14	20303309	20303431	DNA/TcMar-Tigger	795	+	61	20303370	11007
chr14	20292363	20492363	harbor1	chr14	20353866	20354046	DNA/TcMar-Tigger	830	+	90	20353956	61593
chr14	79697647	79897647	harbor1	chr14	79753835	79754043	DNA/TcMar-Tigger	635	+	104	79753939	56292
chr14	79697647	79897647	harbor1	chr14	79754363	79754485	DNA/TcMar-Tigger	635	+	61	79754424	56777
chr14	79697647	79897647	harbor1	chr14	79708096	79708421	DNA/TcMar-Tigger	1804	+	162	79708258	10611
chr14	44080478	44280478	harbor1	chr14	44176218	44176439	DNA/TcMar-Tigger	2363	+	110	44176328	95850
chr14	44080478	44280478	harbor1	chr14	44176744	44176979	DNA/TcMar-Tigger	2363	+	118	44176862	96384
chr14	40659762	40859762	harbor1	chr14	40714132	40714453	DNA/TcMar-Tigger	1606	+	160	40714292	54530
chr14	59281012	59481012	harbor1	chr14	59297587	59297928	DNA/TcMar-Tigger	1999	+	170	59297757	16745
chr14	59281012	59481012	harbor1	chr14	59301969	59302182	DNA/TcMar-Tigger	818	+	106	59302075	21063
chr14	59281012	59481012	harbor1	chr14	59341395	59341704	DNA/TcMar-Tigger	1780	+	154	59341549	60537
chr14	85970307	86170307	harbor1	chr14	85983380	85983713	DNA/TcMar-Tigger	1722	+	166	85983546	13239
chr14	85970307	86170307	harbor1	chr14	85993577	85993877	DNA/TcMar-Tigger	531	+	150	85993727	23420
chr14	85970307	86170307	harbor1	chr14	86067738	86067917	DNA/TcMar-Tigger	1060	+	90	86067828	97521
chr15	28613423	28813423	harbor1	chr15	28627237	28627572	DNA/TcMar-Tigger	1623	+	168	28627405	13982
chr15	76168578	76368578	harbor1	chr15	76247653	76248021	DNA/TcMar-Tigger	886	+	184	76247837	79259
chr15	76168578	76368578	harbor1	chr15	76256677	76257056	DNA/TcMar-Tigger	1657	+	190	76256867	88289
chr15	58634147	58834147	harbor1	chr15	58705748	58706060	DNA/TcMar-Tigger	1673	+	156	58705904	71757
chr15	58634147	58834147	harbor1	chr15	58729594	58729682	DNA/TcMar-Tigger	923	+	44	58729638	95491
chr15	58634147	58834147	harbor1	chr15	58729986	58730143	DNA/TcMar-Tigger	923	+	78	58730064	95917
chr15	58634147	58834147	harbor1	chr15	58731124	58731336	DNA/TcMar-Tigger	1252	+	106	58731230	97083
chr15	58634147	58834147	harbor1	chr15	58733544	58733646	DNA/TcMar-Tigger	533	+	51	58733595	99448
chr15	40983413	41183413	harbor1	chr15	41022050	41022165	DNA/TcMar-Tigger	607	+	58	41022108	38695
chr15	62775878	62975878	harbor1	chr15	62854966	62855175	DNA/TcMar-Tigger	1095	+	104	62855070	79192
chr15	101167986	101367986	harbor1	chr15	101223893	101224234	DNA/TcMar-Tigger	1989	+	170	101224063	56077
chr15	63247604	63447604	harbor1	chr15	63289485	63289720	DNA/TcMar-Tigger	1812	+	118	63289603	41999
chr15	63247604	63447604	harbor1	chr15	63290023	63290145	DNA/TcMar-Tigger	1812	+	61	63290084	42480
chr15	63247604	63447604	harbor1	chr15	63319130	63320279	DNA/TcMar-Tigger	6227	+	574	63319704	72100
chr15	72619893	72819893	harbor1	chr15	72635883	72636188	DNA/TcMar-Tigger	1427	+	152	72636035	16142
chr15	72619893	72819893	harbor1	chr15	72715777	72716181	DNA/TcMar-Tigger	2146	+	202	72715979	96086
chr15	86967639	87167639	harbor1	chr15	86970802	86971112	DNA/TcMar-Tigger	1232	+	155	86970957	3318
chr15	86967639	87167639	harbor1	chr15	86982507	86982925	DNA/TcMar-Tigger	2406	+	209	86982716	15077
chr15	85580394	85780394	harbor1	chr15	85674201	85674292	DNA/TcMar-Tigger	517	+	46	85674247	93853
chr15	85580394	85780394	harbor1	chr15	85674305	85674490	DNA/TcMar-Tigger	1035	+	92	85674397	94003
chr15	36549110	36749110	harbor1	chr15	36635328	36635567	DNA/TcMar-Tigger	1343	+	120	36635448	86338
chr15	36549110	36749110	harbor1	chr15	36639194	36639323	DNA/TcMar-Tigger	1175	+	64	36639258	90148
chr15	36549110	36749110	harbor1	chr15	36639596	36639813	DNA/TcMar-Tigger	1175	+	108	36639704	90594
chr15	84076671	84276671	harbor1	chr15	84100913	84101046	DNA/TcMar-Tigger	791	+	66	84100979	24308
chr15	84076671	84276671	harbor1	chr15	84147342	84147710	DNA/TcMar-Tigger	852	+	184	84147526	70855
chr15	26562414	26762414	harbor1	chr15	26564040	26564274	DNA/TcMar-Tigger	1427	+	117	26564157	1743
chr15	26562414	26762414	harbor1	chr15	26577653	26577750	DNA/TcMar-Tigger	439	+	48	26577701	15287
chr15	26562414	26762414	harbor1	chr15	26625954	26628283	DNA/TcMar-Tigger	14490	+	1164	26627118	64704
chr15	26562414	26762414	harbor1	chr15	26639274	26639616	DNA/TcMar-Tigger	1844	+	171	26639445	77031
chr15	26562414	26762414	harbor1	chr15	26641815	26641878	DNA/TcMar-Tigger	830	+	32	26641847	79433
chr15	26562414	26762414	harbor1	chr15	26642188	26642411	DNA/TcMar-Tigger	830	+	112	26642300	79886
chr15	63141428	63341428	harbor1	chr15	63222449	63222540	DNA/TcMar-Tigger	3430	+	46	63222495	81067
chr15	63141428	63341428	harbor1	chr15	63222841	63223099	DNA/TcMar-Tigger	3430	+	129	63222970	81542
chr15	63141428	63341428	harbor1	chr15	63223410	63223673	DNA/TcMar-Tigger	3430	+	132	63223542	82114
chr15	30893670	31093670	harbor1	chr15	30935377	30935683	DNA/TcMar-Tigger	1294	+	153	30935530	41860
chr15	40765275	40965275	harbor1	chr15	40823412	40823836	DNA/TcMar-Tigger	2517	+	212	40823624	58349
chr15	65234502	65434502	harbor1	chr15	65271200	65271259	DNA/TcMar-Tigger	544	+	30	65271230	36728
chr15	65234502	65434502	harbor1	chr15	65271575	65271755	DNA/TcMar-Tigger	544	+	90	65271665	37163
chr15	65234502	65434502	harbor1	chr15	65289415	65289771	DNA/TcMar-Tigger	5937	+	178	65289593	55091
chr15	65234502	65434502	harbor1	chr15	65290725	65290952	DNA/TcMar-Tigger	1840	+	114	65290839	56337
chr15	65234502	65434502	harbor1	chr15	65291242	65291419	DNA/TcMar-Tigger	1840	+	88	65291330	56828
chr15	65234502	65434502	harbor1	chr15	65291714	65291784	DNA/TcMar-Tigger	1840	+	35	65291749	57247
chr15	65234502	65434502	harbor1	chr15	65290071	65290738	DNA/TcMar-Tigger	5937	+	334	65290405	55903
chr15	68051711	68251711	harbor1	chr15	68088285	68088437	DNA/TcMar-Tigger	912	+	76	68088361	36650
chr15	68051711	68251711	harbor1	chr15	68150712	68150939	DNA/TcMar-Tigger	1241	+	114	68150826	99115
chr15	61813587	62013587	harbor1	chr15	61908634	61908924	DNA/TcMar-Tigger	1293	+	145	61908779	95192
chr15	90922971	91122971	harbor1	chr15	90967474	90967837	DNA/TcMar-Tigger	1624	+	182	90967656	44685
chr15	26632141	26832141	harbor1	chr15	26639274	26639616	DNA/TcMar-Tigger	1844	+	171	26639445	7304
chr15	26632141	26832141	harbor1	chr15	26641815	26641878	DNA/TcMar-Tigger	830	+	32	26641847	9706
chr15	26632141	26832141	harbor1	chr15	26642188	26642411	DNA/TcMar-Tigger	830	+	112	26642300	10159
chr15	26632141	26832141	harbor1	chr15	26708097	26708140	DNA/TcMar-Tigger	464	+	22	26708119	75978
chr15	55071191	55271191	harbor1	chr15	55150144	55150386	DNA/TcMar-Tigger	772	+	121	55150265	79074
chr15	97143696	97343696	harbor1	chr15	97204212	97204639	DNA/TcMar-Tigger	2365	+	214	97204426	60730
chr15	55360600	55560600	harbor1	chr15	55368042	55368217	DNA/TcMar-Tigger	638	+	88	55368130	7530
chr15	91811351	92011351	harbor1	chr15	91826023	91826159	DNA/TcMar-Tigger	711	+	68	91826091	14740
chr15	91811351	92011351	harbor1	chr15	91830572	91830919	DNA/TcMar-Tigger	2190	+	174	91830746	19395
chr15	91811351	92011351	harbor1	chr15	91842705	91842917	DNA/TcMar-Tigger	1029	+	106	91842811	31460
chr15	28071869	28271869	harbor1	chr15	28137335	28139057	DNA/TcMar-Tigger	11342	+	861	28138196	66327
chr15	28071869	28271869	harbor1	chr15	28139051	28139175	DNA/TcMar-Tigger	599	+	62	28139113	67244
chr15	84631386	84831386	harbor1	chr15	84698786	84698927	DNA/TcMar-Tigger	777	+	70	84698856	67470
chr15	61832560	62032560	harbor1	chr15	61908634	61908924	DNA/TcMar-Tigger	1293	+	145	61908779	76219
chr15	47728354	47928354	harbor1	chr15	47827696	47827888	DNA/TcMar-Tigger	1049	+	96	47827792	99438
chr15	34596325	34796325	harbor1	chr15	34664798	34665030	DNA/TcMar-Tigger	855	+	116	34664914	68589
chr15	34596325	34796325	harbor1	chr15	34665307	34665593	DNA/TcMar-Tigger	855	+	143	34665450	69125
chr15	39785612	39985612	harbor1	chr15	39862522	39863053	DNA/TcMar-Tigger	2806	+	266	39862788	77176
chr15	39785612	39985612	harbor1	chr15	39863312	39863924	DNA/TcMar-Tigger	2603	+	306	39863618	78006
chr15	46132878	46332878	harbor1	chr15	46170317	46170842	DNA/TcMar-Tigger	2266	+	262	46170579	37701
chr15	46132878	46332878	harbor1	chr15	46220932	46221241	DNA/TcMar-Tigger	1160	+	154	46221086	88208
chr15	80771436	80971436	harbor1	chr15	80771384	80771634	DNA/TcMar-Tigger	1744	+	125	80771509	73
chr15	80771436	80971436	harbor1	chr15	80801738	80802068	DNA/TcMar-Tigger	1776	+	165	80801903	30467
chr15	80771436	80971436	harbor1	chr15	80772743	80773766	DNA/TcMar-Tigger	6520	+	512	80773255	1819
chr15	92875520	93075520	harbor1	chr15	92910714	92910797	DNA/TcMar-Tigger	456	+	42	92910756	35236
chr15	92875520	93075520	harbor1	chr15	92911110	92911215	DNA/TcMar-Tigger	456	+	52	92911162	35642
chr15	92875520	93075520	harbor1	chr15	92958649	92959003	DNA/TcMar-Tigger	1819	+	177	92958826	83306
chr15	44102278	44302278	harbor1	chr15	44103764	44104049	DNA/TcMar-Tigger	1679	+	142	44103906	1628
chr15	44102278	44302278	harbor1	chr15	44104051	44104819	DNA/TcMar-Tigger	4335	+	384	44104435	2157
chr15	44102278	44302278	harbor1	chr15	44148225	44148276	DNA/TcMar-Tigger	833	+	26	44148251	45973
chr15	44102278	44302278	harbor1	chr15	44148571	44148677	DNA/TcMar-Tigger	833	+	53	44148624	46346
chr15	44102278	44302278	harbor1	chr15	44148667	44148874	DNA/TcMar-Tigger	995	+	104	44148771	46493
chr15	44102278	44302278	harbor1	chr15	44155972	44156151	DNA/TcMar-Tigger	606	+	90	44156062	53784
chr15	44102278	44302278	harbor1	chr15	44156444	44156642	DNA/TcMar-Tigger	606	+	99	44156543	54265
chr15	72836684	73036684	harbor1	chr15	72914923	72915233	DNA/TcMar-Tigger	1898	+	155	72915078	78394
chr15	72836684	73036684	harbor1	chr15	72915828	72916090	DNA/TcMar-Tigger	1253	+	131	72915959	79275
chr15	93792469	93992469	harbor1	chr15	93861497	93861988	DNA/TcMar-Tigger	2214	+	246	93861743	69274
chr15	66396819	66596819	harbor1	chr15	66433848	66434580	DNA/TcMar-Tigger	1914	+	366	66434214	37395
chr15	80728786	80928786	harbor1	chr15	80770984	80771044	DNA/TcMar-Tigger	1744	+	30	80771014	42228
chr15	80728786	80928786	harbor1	chr15	80771384	80771634	DNA/TcMar-Tigger	1744	+	125	80771509	42723
chr15	80728786	80928786	harbor1	chr15	80801738	80802068	DNA/TcMar-Tigger	1776	+	165	80801903	73117
chr15	80728786	80928786	harbor1	chr15	80772743	80773766	DNA/TcMar-Tigger	6520	+	512	80773255	44469
chr15	34880896	35080896	harbor1	chr15	34890901	34891076	DNA/TcMar-Tigger	562	+	88	34890989	10093
chr15	34880896	35080896	harbor1	chr15	34891368	34891800	DNA/TcMar-Tigger	733	+	216	34891584	10688
chr15	34880896	35080896	harbor1	chr15	34922991	34923314	DNA/TcMar-Tigger	1742	+	162	34923153	42257
chr15	34880896	35080896	harbor1	chr15	34942245	34942878	DNA/TcMar-Tigger	3201	+	316	34942561	61665
chr15	44457077	44657077	harbor1	chr15	44468721	44469242	DNA/TcMar-Tigger	2434	+	260	44468981	11904
chr15	44457077	44657077	harbor1	chr15	44476516	44476821	DNA/TcMar-Tigger	1198	+	152	44476668	19591
chr15	44457077	44657077	harbor1	chr15	44482307	44482469	DNA/TcMar-Tigger	463	+	81	44482388	25311
chr15	44457077	44657077	harbor1	chr15	44492455	44492540	DNA/TcMar-Tigger	504	+	42	44492497	35420
chr15	44457077	44657077	harbor1	chr15	44511526	44511590	DNA/TcMar-Tigger	673	+	32	44511558	54481
chr15	44457077	44657077	harbor1	chr15	44511898	44511908	DNA/TcMar-Tigger	673	+	5	44511903	54826
chr15	44457077	44657077	harbor1	chr15	44512213	44512304	DNA/TcMar-Tigger	673	+	46	44512259	55182
chr15	30823857	31023857	harbor1	chr15	30824292	30824550	DNA/TcMar-Tigger	506	+	129	30824421	564
chr15	59365067	59565067	harbor1	chr15	59457102	59457567	DNA/TcMar-Tigger	2634	+	232	59457334	92267
chr15	96474421	96674421	harbor1	chr15	96551021	96551313	DNA/TcMar-Tigger	1104	+	146	96551167	76746
chr15	32530656	32730656	harbor1	chr15	32575266	32575529	DNA/TcMar-Tigger	1365	+	132	32575398	44742
chr15	32530656	32730656	harbor1	chr15	32575825	32575896	DNA/TcMar-Tigger	1365	+	36	32575861	45205
chr15	32530656	32730656	harbor1	chr15	32608494	32608562	DNA/TcMar-Tigger	3979	+	34	32608528	77872
chr15	32530656	32730656	harbor1	chr15	32608870	32609253	DNA/TcMar-Tigger	3979	+	192	32609062	78406
chr15	32530656	32730656	harbor1	chr15	32609560	32609827	DNA/TcMar-Tigger	3979	+	134	32609694	79038
chr15	70875822	71075822	harbor1	chr15	70949240	70949521	DNA/TcMar-Tigger	1457	+	140	70949380	73558
chr15	70875822	71075822	harbor1	chr15	70955193	70955374	DNA/TcMar-Tigger	1124	+	90	70955283	79461
chr15	46161745	46361745	harbor1	chr15	46170317	46170842	DNA/TcMar-Tigger	2266	+	262	46170579	8834
chr15	46161745	46361745	harbor1	chr15	46220932	46221241	DNA/TcMar-Tigger	1160	+	154	46221086	59341
chr15	47606592	47806592	harbor1	chr15	47615105	47615412	DNA/TcMar-Tigger	1048	+	154	47615259	8667
chr15	47606592	47806592	harbor1	chr15	47648149	47648479	DNA/TcMar-Tigger	4221	+	165	47648314	41722
chr15	47606592	47806592	harbor1	chr15	47648507	47648965	DNA/TcMar-Tigger	4221	+	229	47648736	42144
chr15	47606592	47806592	harbor1	chr15	47655771	47656398	DNA/TcMar-Tigger	3555	+	314	47656085	49493
chr15	95457477	95657477	harbor1	chr15	95461036	95461323	DNA/TcMar-Tigger	605	+	144	95461180	3703
chr15	91482213	91682213	harbor1	chr15	91574631	91574935	DNA/TcMar-Tigger	1030	+	152	91574783	92570
chr15	61927989	62127989	harbor1	chr15	61935883	61936207	DNA/TcMar-Tigger	521	+	162	61936045	8056
chr15	61927989	62127989	harbor1	chr15	61968324	61968521	DNA/TcMar-Tigger	1140	+	98	61968422	40433
chr15	61927989	62127989	harbor1	chr15	61998740	61999096	DNA/TcMar-Tigger	2095	+	178	61998918	70929
chr15	61927989	62127989	harbor1	chr15	61999394	61999484	DNA/TcMar-Tigger	2095	+	45	61999439	71450
chr15	82691116	82891116	harbor1	chr15	82753248	82753404	DNA/TcMar-Tigger	549	+	78	82753326	62210
chr15	59594460	59794460	harbor1	chr15	59608174	59608381	DNA/TcMar-Tigger	1409	+	104	59608278	13818
chr15	59594460	59794460	harbor1	chr15	59608806	59608912	DNA/TcMar-Tigger	1409	+	53	59608859	14399
chr15	82905903	83105903	harbor1	chr15	82982116	82982367	DNA/TcMar-Tigger	651	+	126	82982242	76339
chr15	70642856	70842856	harbor1	chr15	70660720	70661049	DNA/TcMar-Tigger	1655	+	164	70660884	18028
chr16	49445737	49645737	harbor1	chr16	49457608	49457804	DNA/TcMar-Tigger	543	+	98	49457706	11969
chr16	69313553	69513553	harbor1	chr16	69383168	69383387	DNA/TcMar-Tigger	1028	+	110	69383278	69725
chr16	80712211	80912211	harbor1	chr16	80720635	80720821	DNA/TcMar-Tigger	451	+	93	80720728	8517
chr16	80712211	80912211	harbor1	chr16	80762602	80762815	DNA/TcMar-Tigger	732	+	106	80762708	50497
chr16	80712211	80912211	harbor1	chr16	80762813	80763041	DNA/TcMar-Tigger	1161	+	114	80762927	50716
chr16	80712211	80912211	harbor1	chr16	80763141	80763266	DNA/TcMar-Tigger	458	+	62	80763203	50992
chr16	80712211	80912211	harbor1	chr16	80798370	80798756	DNA/TcMar-Tigger	2061	+	193	80798563	86352
chr16	80712211	80912211	harbor1	chr16	80799935	80800334	DNA/TcMar-Tigger	1524	+	200	80800135	87924
chr16	80712211	80912211	harbor1	chr16	80800407	80800500	DNA/TcMar-Tigger	514	+	46	80800453	88242
chr16	80712211	80912211	harbor1	chr16	80800509	80800595	DNA/TcMar-Tigger	509	+	43	80800552	88341
chr16	77929189	78129189	harbor1	chr16	77963761	77964004	DNA/TcMar-Tigger	970	+	122	77963883	34694
chr16	49432289	49632289	harbor1	chr16	49457608	49457804	DNA/TcMar-Tigger	543	+	98	49457706	25417
chr16	76193814	76393814	harbor1	chr16	76258216	76258408	DNA/TcMar-Tigger	647	+	96	76258312	64498
chr16	73584247	73784247	harbor1	chr16	73593646	73593753	DNA/TcMar-Tigger	583	+	54	73593700	9453
chr16	34664025	34864025	harbor1	chr16	34673388	34673728	DNA/TcMar-Tigger	1540	+	170	34673558	9533
chr16	19370081	19570081	harbor1	chr16	19376808	19377150	DNA/TcMar-Tigger	1870	+	171	19376979	6898
chr16	71824490	72024490	harbor1	chr16	71829445	71829509	DNA/TcMar-Tigger	1475	+	32	71829477	4987
chr16	71824490	72024490	harbor1	chr16	71829826	71830078	DNA/TcMar-Tigger	1475	+	126	71829952	5462
chr16	71824490	72024490	harbor1	chr16	71910065	71910311	DNA/TcMar-Tigger	1364	+	123	71910188	85698
chr16	71824490	72024490	harbor1	chr16	71910638	71910724	DNA/TcMar-Tigger	529	+	43	71910681	86191
chr16	24049670	24249670	harbor1	chr16	24127859	24128051	DNA/TcMar-Tigger	599	+	96	24127955	78285
chr16	24049670	24249670	harbor1	chr16	24128078	24128094	DNA/TcMar-Tigger	599	+	8	24128086	78416
chr16	24049670	24249670	harbor1	chr16	24128378	24128537	DNA/TcMar-Tigger	599	+	80	24128458	78788
chr16	7793838	7993838	harbor1	chr16	7881608	7881814	DNA/TcMar-Tigger	945	+	103	7881711	87873
chr16	7293371	7493371	harbor1	chr16	7293103	7293406	DNA/TcMar-Tigger	1601	+	152	7293255	116
chr16	7293371	7493371	harbor1	chr16	7299896	7299970	DNA/TcMar-Tigger	447	+	37	7299933	6562
chr16	7293371	7493371	harbor1	chr16	7336758	7337086	DNA/TcMar-Tigger	1266	+	164	7336922	43551
chr16	7293371	7493371	harbor1	chr16	7388689	7388946	DNA/TcMar-Tigger	1422	+	128	7388817	95446
chr16	58889190	59089190	harbor1	chr16	58937072	58937263	DNA/TcMar-Tigger	959	+	96	58937168	47978
chr16	26607425	26807425	harbor1	chr16	26681017	26681352	DNA/TcMar-Tigger	1362	+	168	26681185	73760
chr16	26607425	26807425	harbor1	chr16	26692011	26692213	DNA/TcMar-Tigger	1269	+	101	26692112	84687
chr16	75951932	76151932	harbor1	chr16	76007356	76007699	DNA/TcMar-Tigger	1224	+	172	76007528	55596
chr16	62074492	62274492	harbor1	chr16	62107308	62107938	DNA/TcMar-Tigger	1011	+	315	62107623	33131
chr16	62074492	62274492	harbor1	chr16	62117550	62117898	DNA/TcMar-Tigger	2067	+	174	62117724	43232
chr16	84903021	85103021	harbor1	chr16	84930163	84930372	DNA/TcMar-Tigger	726	+	104	84930267	27246
chr16	32537041	32737041	harbor1	chr16	32627149	32627453	DNA/TcMar-Tigger	1395	+	152	32627301	90260
chr16	58305647	58505647	harbor1	chr16	58318504	58318667	DNA/TcMar-Tigger	854	+	82	58318586	12939
chr16	58305647	58505647	harbor1	chr16	58318672	58318767	DNA/TcMar-Tigger	1487	+	48	58318720	13073
chr16	58305647	58505647	harbor1	chr16	58319075	58319232	DNA/TcMar-Tigger	1487	+	78	58319153	13506
chr16	58305647	58505647	harbor1	chr16	58386581	58387003	DNA/TcMar-Tigger	2091	+	211	58386792	81145
chr16	75969728	76169728	harbor1	chr16	76007356	76007699	DNA/TcMar-Tigger	1224	+	172	76007528	37800
chr16	75969728	76169728	harbor1	chr16	76057922	76058035	DNA/TcMar-Tigger	677	+	56	76057978	88250
chr16	75969728	76169728	harbor1	chr16	76059291	76059734	DNA/TcMar-Tigger	2811	+	222	76059513	89785
chr16	85019393	85219393	harbor1	chr16	85099275	85099495	DNA/TcMar-Tigger	471	+	110	85099385	79992
chr16	81488942	81688942	harbor1	chr16	81541513	81541749	DNA/TcMar-Tigger	648	+	118	81541631	52689
chr16	81488942	81688942	harbor1	chr16	81560518	81560963	DNA/TcMar-Tigger	2678	+	222	81560740	71798
chr16	81488942	81688942	harbor1	chr16	81559496	81559863	DNA/TcMar-Tigger	1787	+	184	81559680	70738
chr16	86942864	87142864	harbor1	chr16	87023225	87023374	DNA/TcMar-Tigger	693	+	74	87023299	80435
chr16	86942864	87142864	harbor1	chr16	87023372	87023882	DNA/TcMar-Tigger	2615	+	255	87023627	80763
chr16	86942864	87142864	harbor1	chr16	87024000	87024148	DNA/TcMar-Tigger	741	+	74	87024074	81210
chr16	9452859	9652859	harbor1	chr16	9486598	9487124	DNA/TcMar-Tigger	790	+	263	9486861	34002
chr16	82759528	82959528	harbor1	chr16	82828741	82828933	DNA/TcMar-Tigger	1047	+	96	82828837	69309
chr16	82759528	82959528	harbor1	chr16	82847877	82847953	DNA/TcMar-Tigger	15159	+	38	82847915	88387
chr16	82759528	82959528	harbor1	chr16	82848395	82849222	DNA/TcMar-Tigger	15159	+	414	82848809	89281
chr16	82759528	82959528	harbor1	chr16	82849525	82851047	DNA/TcMar-Tigger	15159	+	761	82850286	90758
chr16	66163207	66363207	harbor1	chr16	66197193	66197270	DNA/TcMar-Tigger	515	+	38	66197231	34024
chr16	9322201	9522201	harbor1	chr16	9360572	9360879	DNA/TcMar-Tigger	1911	+	154	9360726	38525
chr16	30057177	30257177	harbor1	chr16	30130766	30130941	DNA/TcMar-Tigger	890	+	88	30130854	73677
chr16	28109361	28309361	harbor1	chr16	28149441	28149782	DNA/TcMar-Tigger	1299	+	170	28149611	40250
chr16	28109361	28309361	harbor1	chr16	28172892	28173232	DNA/TcMar-Tigger	1858	+	170	28173062	63701
chr16	67032093	67232093	harbor1	chr16	67056135	67056500	DNA/TcMar-Tigger	2114	+	182	67056317	24224
chr16	16986656	17186656	harbor1	chr16	17021564	17021875	DNA/TcMar-Tigger	1177	+	156	17021720	35064
chr16	25959518	26159518	harbor1	chr16	26056980	26057216	DNA/TcMar-Tigger	1392	+	118	26057098	97580
chr16	66181324	66381324	harbor1	chr16	66197193	66197270	DNA/TcMar-Tigger	515	+	38	66197231	15907
chr16	48686600	48886600	harbor1	chr16	48707840	48709377	DNA/TcMar-Tigger	16135	+	768	48708608	22008
chr16	48686600	48886600	harbor1	chr16	48709672	48710538	DNA/TcMar-Tigger	16135	+	433	48710105	23505
chr16	89972999	90172999	harbor1	chr16	90015384	90015555	DNA/TcMar-Tigger	780	+	86	90015470	42471
chr16	60363063	60563063	harbor1	chr16	60435259	60437606	DNA/TcMar-Tigger	14354	+	1174	60436433	73370
chr16	61956355	62156355	harbor1	chr16	61973039	61973108	DNA/TcMar-Tigger	462	+	34	61973073	16718
chr16	61956355	62156355	harbor1	chr16	61973092	61973520	DNA/TcMar-Tigger	2163	+	214	61973306	16951
chr16	61956355	62156355	harbor1	chr16	62015037	62015378	DNA/TcMar-Tigger	1923	+	170	62015207	58852
chr16	46942874	47142874	harbor1	chr16	46954158	46954316	DNA/TcMar-Tigger	1736	+	79	46954237	11363
chr16	46942874	47142874	harbor1	chr16	46954621	46954854	DNA/TcMar-Tigger	1736	+	116	46954737	11863
chr16	51546322	51746322	harbor1	chr16	51559210	51559557	DNA/TcMar-Tigger	1966	+	174	51559384	13062
chr16	51546322	51746322	harbor1	chr16	51600831	51601066	DNA/TcMar-Tigger	1080	+	118	51600949	54627
chr16	23715962	23915962	harbor1	chr16	23739171	23739240	DNA/TcMar-Tigger	486	+	34	23739205	23243
chr16	54977151	55177151	harbor1	chr16	55049158	55049658	DNA/TcMar-Tigger	1150	+	250	55049408	72257
chr16	54977151	55177151	harbor1	chr16	55049968	55050141	DNA/TcMar-Tigger	1150	+	86	55050054	72903
chr16	54977151	55177151	harbor1	chr16	55067293	55067893	DNA/TcMar-Tigger	3152	+	300	55067593	90442
chr16	4856635	5056635	harbor1	chr16	4867291	4867506	DNA/TcMar-Tigger	1134	+	108	4867399	10764
chr16	62985236	63185236	harbor1	chr16	63051963	63052304	DNA/TcMar-Tigger	2085	+	170	63052133	66897
chr16	62985236	63185236	harbor1	chr16	63078699	63078941	DNA/TcMar-Tigger	1376	+	121	63078820	93584
chr16	62985236	63185236	harbor1	chr16	63079336	63079423	DNA/TcMar-Tigger	512	+	44	63079380	94144
chr16	61054666	61254666	harbor1	chr16	61110329	61110416	DNA/TcMar-Tigger	500	+	44	61110373	55707
chr16	61054666	61254666	harbor1	chr16	61137613	61138020	DNA/TcMar-Tigger	2049	+	204	61137817	83151
chr16	66775587	66975587	harbor1	chr16	66837212	66837562	DNA/TcMar-Tigger	1825	+	175	66837387	61800
chr16	12630057	12830057	harbor1	chr16	12671648	12671774	DNA/TcMar-Tigger	693	+	63	12671711	41654
chr16	12630057	12830057	harbor1	chr16	12671776	12671883	DNA/TcMar-Tigger	663	+	54	12671830	41773
chr16	12630057	12830057	harbor1	chr16	12671885	12672160	DNA/TcMar-Tigger	1546	+	138	12672023	41966
chr16	12630057	12830057	harbor1	chr16	12689830	12690138	DNA/TcMar-Tigger	611	+	154	12689984	59927
chr16	32308904	32508904	harbor1	chr16	32355938	32356191	DNA/TcMar-Tigger	632	+	126	32356064	47160
chr16	32308904	32508904	harbor1	chr16	32389388	32389918	DNA/TcMar-Tigger	3106	+	265	32389653	80749
chr16	29310903	29510903	harbor1	chr16	29328038	29328377	DNA/TcMar-Tigger	1136	+	170	29328208	17305
chr16	25616178	25816178	harbor1	chr16	25669342	25669441	DNA/TcMar-Tigger	14968	+	50	25669392	53214
chr16	25616178	25816178	harbor1	chr16	25669731	25672017	DNA/TcMar-Tigger	14968	+	1143	25670874	54696
chr16	25616178	25816178	harbor1	chr16	25706847	25707525	DNA/TcMar-Tigger	2631	+	339	25707186	91008
chr16	79103533	79303533	harbor1	chr16	79144716	79145031	DNA/TcMar-Tigger	1550	+	158	79144874	41341
chr16	18807579	19007579	harbor1	chr16	18875234	18875308	DNA/TcMar-Tigger	810	+	37	18875271	67692
chr16	18807579	19007579	harbor1	chr16	18875608	18875675	DNA/TcMar-Tigger	810	+	34	18875642	68063
chr16	81726050	81926050	harbor1	chr16	81810388	81810697	DNA/TcMar-Tigger	1100	+	154	81810542	84492
chr16	3861613	4061613	harbor1	chr16	3894938	3895210	DNA/TcMar-Tigger	1586	+	136	3895074	33461
chr16	3861613	4061613	harbor1	chr16	3939427	3939705	DNA/TcMar-Tigger	6235	+	139	3939566	77953
chr16	3861613	4061613	harbor1	chr16	3940020	3940304	DNA/TcMar-Tigger	6235	+	142	3940162	78549
chr16	3861613	4061613	harbor1	chr16	3940916	3941098	DNA/TcMar-Tigger	6235	+	91	3941007	79394
chr16	3861613	4061613	harbor1	chr16	3941413	3941590	DNA/TcMar-Tigger	6235	+	88	3941501	79888
chr16	3861613	4061613	harbor1	chr16	3941887	3941947	DNA/TcMar-Tigger	6235	+	30	3941917	80304
chr16	3861613	4061613	harbor1	chr16	3942690	3942922	DNA/TcMar-Tigger	6235	+	116	3942806	81193
chr16	22094488	22294488	harbor1	chr16	22108798	22108889	DNA/TcMar-Tigger	614	+	46	22108844	14356
chr16	50726345	50926345	harbor1	chr16	50765091	50767446	DNA/TcMar-Tigger	15786	+	1178	50766269	39924
chr16	50726345	50926345	harbor1	chr16	50798244	50798584	DNA/TcMar-Tigger	1792	+	170	50798414	72069
chr16	17359444	17559444	harbor1	chr16	17430219	17430447	DNA/TcMar-Tigger	1211	+	114	17430333	70889
chr16	69948732	70148732	harbor1	chr16	70035737	70036094	DNA/TcMar-Tigger	1819	+	178	70035915	87183
chr16	71702800	71902800	harbor1	chr16	71801554	71801643	DNA/TcMar-Tigger	1089	+	44	71801598	98798
chr16	71702800	71902800	harbor1	chr16	71801953	71802090	DNA/TcMar-Tigger	1089	+	68	71802021	99221
chr16	66707306	66907306	harbor1	chr16	66771508	66771577	DNA/TcMar-Tigger	491	+	34	66771542	64236
chr16	32068129	32268129	harbor1	chr16	32122003	32122369	DNA/TcMar-Tigger	1647	+	183	32122186	54057
chr16	32068129	32268129	harbor1	chr16	32133019	32133359	DNA/TcMar-Tigger	1539	+	170	32133189	65060
chr16	54735970	54935970	harbor1	chr16	54770925	54771129	DNA/TcMar-Tigger	904	+	102	54771027	35057
chr16	54735970	54935970	harbor1	chr16	54795899	54796065	DNA/TcMar-Tigger	1059	+	83	54795982	60012
chr16	26860412	27060412	harbor1	chr16	26886411	26886677	DNA/TcMar-Tigger	1450	+	133	26886544	26132
chr16	26860412	27060412	harbor1	chr16	26918621	26918719	DNA/TcMar-Tigger	566	+	49	26918670	58258
chr16	26860412	27060412	harbor1	chr16	26919080	26919212	DNA/TcMar-Tigger	695	+	66	26919146	58734
chr16	16507035	16707035	harbor1	chr16	16545177	16545382	DNA/TcMar-Tigger	1284	+	102	16545279	38244
chr16	61075152	61275152	harbor1	chr16	61110329	61110416	DNA/TcMar-Tigger	500	+	44	61110373	35221
chr16	61075152	61275152	harbor1	chr16	61137613	61138020	DNA/TcMar-Tigger	2049	+	204	61137817	62665
chr16	3629754	3829754	harbor1	chr16	3679243	3679543	DNA/TcMar-Tigger	878	+	150	3679393	49639
chr16	4944311	5144311	harbor1	chr16	4998843	4999322	DNA/TcMar-Tigger	1970	+	240	4999083	54772
chr16	19828706	20028706	harbor1	chr16	19865385	19865584	DNA/TcMar-Tigger	978	+	100	19865485	36779
chr16	68058243	68258243	harbor1	chr16	68120863	68121160	DNA/TcMar-Tigger	1510	+	148	68121011	62768
chr16	64015828	64215828	harbor1	chr16	64047395	64047701	DNA/TcMar-Tigger	1920	+	153	64047548	31720
chr16	64015828	64215828	harbor1	chr16	64078328	64078370	DNA/TcMar-Tigger	13225	+	21	64078349	62521
chr16	64015828	64215828	harbor1	chr16	64078412	64079187	DNA/TcMar-Tigger	13225	+	388	64078800	62972
chr16	64015828	64215828	harbor1	chr16	64079462	64079843	DNA/TcMar-Tigger	13225	+	190	64079652	63824
chr16	64015828	64215828	harbor1	chr16	64076732	64078018	DNA/TcMar-Tigger	13225	+	643	64077375	61547
chr16	23054934	23254934	harbor1	chr16	23102655	23103056	DNA/TcMar-Tigger	1668	+	200	23102855	47921
chr16	23054934	23254934	harbor1	chr16	23123597	23123718	DNA/TcMar-Tigger	467	+	60	23123657	68723
chr16	23054934	23254934	harbor1	chr16	23124018	23124439	DNA/TcMar-Tigger	467	+	210	23124228	69294
chr16	20627857	20827857	harbor1	chr16	20695923	20696251	DNA/TcMar-Tigger	1653	+	164	20696087	68230
chr16	55756540	55956540	harbor1	chr16	55782576	55783108	DNA/TcMar-Tigger	2168	+	266	55782842	26302
chr16	55756540	55956540	harbor1	chr16	55783107	55783282	DNA/TcMar-Tigger	716	+	88	55783195	26655
chr16	22393635	22593635	harbor1	chr16	22404745	22405010	DNA/TcMar-Tigger	779	+	132	22404877	11242
chr16	22393635	22593635	harbor1	chr16	22405152	22405353	DNA/TcMar-Tigger	518	+	100	22405252	11617
chr16	22393635	22593635	harbor1	chr16	22405664	22405811	DNA/TcMar-Tigger	518	+	74	22405738	12103
chr16	22393635	22593635	harbor1	chr16	22476049	22476387	DNA/TcMar-Tigger	2161	+	169	22476218	82583
chr16	5125381	5325381	harbor1	chr16	5182471	5182808	DNA/TcMar-Tigger	1921	+	168	5182639	57258
chr16	7783580	7983580	harbor1	chr16	7881608	7881814	DNA/TcMar-Tigger	945	+	103	7881711	98131
chr16	61490246	61690246	harbor1	chr16	61495412	61495619	DNA/TcMar-Tigger	1085	+	104	61495516	5270
chr16	29345942	29545942	harbor1	chr16	29442523	29442620	DNA/TcMar-Tigger	827	+	48	29442571	96629
chr16	29345942	29545942	harbor1	chr16	29442917	29442984	DNA/TcMar-Tigger	827	+	34	29442951	97009
chr16	80762550	80962550	harbor1	chr16	80762602	80762815	DNA/TcMar-Tigger	732	+	106	80762708	158
chr16	80762550	80962550	harbor1	chr16	80762813	80763041	DNA/TcMar-Tigger	1161	+	114	80762927	377
chr16	80762550	80962550	harbor1	chr16	80763141	80763266	DNA/TcMar-Tigger	458	+	62	80763203	653
chr16	80762550	80962550	harbor1	chr16	80798370	80798756	DNA/TcMar-Tigger	2061	+	193	80798563	36013
chr16	80762550	80962550	harbor1	chr16	80799935	80800334	DNA/TcMar-Tigger	1524	+	200	80800135	37585
chr16	80762550	80962550	harbor1	chr16	80800407	80800500	DNA/TcMar-Tigger	514	+	46	80800453	37903
chr16	80762550	80962550	harbor1	chr16	80800509	80800595	DNA/TcMar-Tigger	509	+	43	80800552	38002
chr16	80762550	80962550	harbor1	chr16	80827879	80828200	DNA/TcMar-Tigger	1721	+	160	80828039	65489
chr17	49618180	49818180	harbor1	chr17	49628550	49628755	DNA/TcMar-Tigger	962	+	102	49628652	10472
chr17	49618180	49818180	harbor1	chr17	49652063	49652272	DNA/TcMar-Tigger	1132	+	104	49652167	33987
chr17	50352094	50552094	harbor1	chr17	50391412	50391674	DNA/TcMar-Tigger	800	+	131	50391543	39449
chr17	71898852	72098852	harbor1	chr17	71973424	71973746	DNA/TcMar-Tigger	1588	+	161	71973585	74733
chr17	37527918	37727918	harbor1	chr17	37611242	37611498	DNA/TcMar-Tigger	1104	+	128	37611370	83452
chr17	37527918	37727918	harbor1	chr17	37612439	37612647	DNA/TcMar-Tigger	1277	+	104	37612543	84625
chr17	6933584	7133584	harbor1	chr17	6952050	6952413	DNA/TcMar-Tigger	2338	+	182	6952232	18648
chr17	6933584	7133584	harbor1	chr17	6981604	6981777	DNA/TcMar-Tigger	863	+	86	6981690	48106
chr17	6933584	7133584	harbor1	chr17	6989109	6989523	DNA/TcMar-Tigger	6751	+	207	6989316	55732
chr17	6933584	7133584	harbor1	chr17	6989824	6990223	DNA/TcMar-Tigger	6751	+	200	6990024	56440
chr17	6933584	7133584	harbor1	chr17	6990786	6990934	DNA/TcMar-Tigger	6751	+	74	6990860	57276
chr17	6933584	7133584	harbor1	chr17	6991549	6991711	DNA/TcMar-Tigger	6751	+	81	6991630	58046
chr17	36112097	36312097	harbor1	chr17	36128831	36130901	DNA/TcMar-Tigger	15154	+	1035	36129866	17769
chr17	36112097	36312097	harbor1	chr17	36131210	36131551	DNA/TcMar-Tigger	15154	+	170	36131380	19283
chr17	36112097	36312097	harbor1	chr17	36177412	36177748	DNA/TcMar-Tigger	1666	+	168	36177580	65483
chr17	27986699	28186699	harbor1	chr17	28037537	28037651	DNA/TcMar-Tigger	1788	+	57	28037594	50895
chr17	27986699	28186699	harbor1	chr17	28037925	28038139	DNA/TcMar-Tigger	1788	+	107	28038032	51333
chr17	27986699	28186699	harbor1	chr17	28038437	28038471	DNA/TcMar-Tigger	1788	+	17	28038454	51755
chr17	27986699	28186699	harbor1	chr17	28085376	28085457	DNA/TcMar-Tigger	1421	+	40	28085416	98717
chr17	27986699	28186699	harbor1	chr17	28085759	28086050	DNA/TcMar-Tigger	1421	+	146	28085905	99206
chr17	12440074	12640074	harbor1	chr17	12484492	12484700	DNA/TcMar-Tigger	1161	+	104	12484596	44522
chr17	72962286	73162286	harbor1	chr17	72965348	72965703	DNA/TcMar-Tigger	2196	+	178	72965526	3240
chr17	72962286	73162286	harbor1	chr17	72974045	72974099	DNA/TcMar-Tigger	3978	+	27	72974072	11786
chr17	72962286	73162286	harbor1	chr17	72974400	72975091	DNA/TcMar-Tigger	3978	+	346	72974746	12460
chr17	72962286	73162286	harbor1	chr17	72997555	72998222	DNA/TcMar-Tigger	3765	+	334	72997889	35603
chr17	62281739	62481739	harbor1	chr17	62315307	62315585	DNA/TcMar-Tigger	1284	+	139	62315446	33707
chr17	31549001	31749001	harbor1	chr17	31570050	31570270	DNA/TcMar-Tigger	824	+	110	31570160	21159
chr17	31549001	31749001	harbor1	chr17	31576403	31576737	DNA/TcMar-Tigger	2072	+	167	31576570	27569
chr17	31549001	31749001	harbor1	chr17	31603087	31603280	DNA/TcMar-Tigger	1143	+	96	31603183	54182
chr17	49793583	49993583	harbor1	chr17	49813526	49813864	DNA/TcMar-Tigger	1683	+	169	49813695	20112
chr17	49793583	49993583	harbor1	chr17	49825467	49825791	DNA/TcMar-Tigger	2004	+	162	49825629	32046
chr17	49793583	49993583	harbor1	chr17	49823689	49824264	DNA/TcMar-Tigger	2582	+	288	49823977	30394
chr17	8396369	8596369	harbor1	chr17	8448711	8448938	DNA/TcMar-Tigger	1431	+	114	8448825	52456
chr17	33785461	33985461	harbor1	chr17	33802078	33802423	DNA/TcMar-Tigger	2260	+	172	33802250	16789
chr17	6538918	6738918	harbor1	chr17	6614712	6614801	DNA/TcMar-Tigger	548	+	44	6614756	75838
chr17	6538918	6738918	harbor1	chr17	6615250	6615472	DNA/TcMar-Tigger	1222	+	111	6615361	76443
chr17	9397947	9597947	harbor1	chr17	9448192	9448825	DNA/TcMar-Tigger	3011	+	316	9448508	50561
chr17	34477470	34677470	harbor1	chr17	34557788	34560772	DNA/TcMar-Tigger	20626	+	1492	34559280	81810
chr17	69596742	69796742	harbor1	chr17	69659394	69659515	DNA/TcMar-Tigger	646	+	60	69659454	62712
chr17	69596742	69796742	harbor1	chr17	69660915	69661372	DNA/TcMar-Tigger	1790	+	228	69661143	64401
chr17	29442999	29642999	harbor1	chr17	29456556	29456702	DNA/TcMar-Tigger	957	+	73	29456629	13630
chr17	6359288	6559288	harbor1	chr17	6438167	6438338	DNA/TcMar-Tigger	989	+	86	6438253	78965
chr17	6359288	6559288	harbor1	chr17	6438666	6438715	DNA/TcMar-Tigger	989	+	24	6438690	79402
chr17	29943389	30143389	harbor1	chr17	29950050	29950260	DNA/TcMar-Tigger	2311	+	105	29950155	6766
chr17	29943389	30143389	harbor1	chr17	29950346	29950389	DNA/TcMar-Tigger	2311	+	22	29950368	6979
chr17	29943389	30143389	harbor1	chr17	29950674	29950911	DNA/TcMar-Tigger	2311	+	118	29950792	7403
chr17	29943389	30143389	harbor1	chr17	30037867	30038175	DNA/TcMar-Tigger	1844	+	154	30038021	94632
chr17	29943389	30143389	harbor1	chr17	30038171	30038703	DNA/TcMar-Tigger	3714	+	266	30038437	95048
chr17	29943389	30143389	harbor1	chr17	30041237	30042013	DNA/TcMar-Tigger	5457	+	388	30041625	98236
chr17	29943389	30143389	harbor1	chr17	30042309	30042430	DNA/TcMar-Tigger	5457	+	60	30042369	98980
chr17	71732756	71932756	harbor1	chr17	71779774	71781375	DNA/TcMar-Tigger	12843	+	800	71780574	47818
chr17	71732756	71932756	harbor1	chr17	71781655	71782170	DNA/TcMar-Tigger	12843	+	258	71781913	49157
chr17	71732756	71932756	harbor1	chr17	71782482	71782820	DNA/TcMar-Tigger	12843	+	169	71782651	49895
chr17	22271651	22471651	harbor1	chr17	22313095	22313393	DNA/TcMar-Tigger	1559	+	149	22313244	41593
chr17	22271651	22471651	harbor1	chr17	22341228	22341516	DNA/TcMar-Tigger	1562	+	144	22341372	69721
chr17	57878223	58078223	harbor1	chr17	57882571	57883022	DNA/TcMar-Tigger	2705	+	226	57882797	4574
chr17	69894440	70094440	harbor1	chr17	69975199	69975531	DNA/TcMar-Tigger	1738	+	166	69975365	80925
chr17	61497291	61697291	harbor1	chr17	61537723	61538074	DNA/TcMar-Tigger	2076	+	176	61537899	40608
chr17	61497291	61697291	harbor1	chr17	61538073	61538137	DNA/TcMar-Tigger	3920	+	32	61538105	40814
chr17	61497291	61697291	harbor1	chr17	61538414	61538878	DNA/TcMar-Tigger	3920	+	232	61538646	41355
chr17	61497291	61697291	harbor1	chr17	61539179	61539322	DNA/TcMar-Tigger	3920	+	72	61539251	41960
chr17	61497291	61697291	harbor1	chr17	61541496	61541915	DNA/TcMar-Tigger	2499	+	210	61541706	44415
chr17	61497291	61697291	harbor1	chr17	61541909	61541956	DNA/TcMar-Tigger	1366	+	24	61541933	44642
chr17	61497291	61697291	harbor1	chr17	61542231	61542432	DNA/TcMar-Tigger	1366	+	100	61542331	45040
chr17	75796497	75996497	harbor1	chr17	75869250	75869495	DNA/TcMar-Tigger	1181	+	122	75869372	72875
chr17	46417069	46617069	harbor1	chr17	46510494	46510519	DNA/TcMar-Tigger	1463	+	12	46510506	93437
chr17	46417069	46617069	harbor1	chr17	46510834	46511107	DNA/TcMar-Tigger	1463	+	136	46510970	93901
chr17	42164946	42364946	harbor1	chr17	42256534	42256577	DNA/TcMar-Tigger	904	+	22	42256556	91610
chr17	42164946	42364946	harbor1	chr17	42256889	42257042	DNA/TcMar-Tigger	904	+	76	42256965	92019
chr17	8708227	8908227	harbor1	chr17	8791051	8791355	DNA/TcMar-Tigger	1367	+	152	8791203	82976
chr17	54145149	54345149	harbor1	chr17	54204140	54204856	DNA/TcMar-Tigger	605	+	358	54204498	59349
chr17	76511755	76711755	harbor1	chr17	76590577	76590704	DNA/TcMar-Tigger	563	+	64	76590641	78886
chr17	75572234	75772234	harbor1	chr17	75632153	75632354	DNA/TcMar-Tigger	994	+	100	75632253	60019
chr17	53787733	53987733	harbor1	chr17	53797731	53798914	DNA/TcMar-Tigger	4759	+	592	53798323	10590
chr17	82799175	82999175	harbor1	chr17	82854171	82854897	DNA/TcMar-Tigger	2392	+	363	82854534	55359
chr17	53984220	54184220	harbor1	chr17	54045718	54045917	DNA/TcMar-Tigger	1078	+	100	54045818	61598
chr17	53984220	54184220	harbor1	chr17	54074845	54075269	DNA/TcMar-Tigger	2417	+	212	54075057	90837
chr17	53984220	54184220	harbor1	chr17	54075253	54076688	DNA/TcMar-Tigger	9766	+	718	54075971	91751
chr17	53984220	54184220	harbor1	chr17	54076992	54077007	DNA/TcMar-Tigger	9766	+	8	54077000	92780
chr17	53984220	54184220	harbor1	chr17	54077043	54077065	DNA/TcMar-Tigger	9766	+	11	54077054	92834
chr17	53984220	54184220	harbor1	chr17	54077101	54077445	DNA/TcMar-Tigger	9766	+	172	54077273	93053
chr17	70902390	71102390	harbor1	chr17	70962462	70962853	DNA/TcMar-Tigger	2517	+	196	70962658	60268
chr17	70902390	71102390	harbor1	chr17	70963156	70963232	DNA/TcMar-Tigger	2517	+	38	70963194	60804
chr17	7106342	7306342	harbor1	chr17	7136499	7136675	DNA/TcMar-Tigger	1027	+	88	7136587	30245
chr17	55569191	55769191	harbor1	chr17	55597011	55597365	DNA/TcMar-Tigger	2097	+	177	55597188	27997
chr17	12267707	12467707	harbor1	chr17	12274380	12274577	DNA/TcMar-Tigger	2462	+	98	12274478	6771
chr17	12267707	12467707	harbor1	chr17	12274872	12275100	DNA/TcMar-Tigger	2462	+	114	12274986	7279
chr17	5177369	5377369	harbor1	chr17	5251112	5251153	DNA/TcMar-Tigger	1386	+	20	5251132	73763
chr17	5177369	5377369	harbor1	chr17	5251776	5252018	DNA/TcMar-Tigger	1386	+	121	5251897	74528
chr17	15603045	15803045	harbor1	chr17	15630848	15631015	DNA/TcMar-Tigger	763	+	84	15630932	27887
chr17	66116854	66316854	harbor1	chr17	66182071	66182411	DNA/TcMar-Tigger	1817	+	170	66182241	65387
chr17	55405051	55605051	harbor1	chr17	55481148	55481653	DNA/TcMar-Tigger	1010	+	252	55481400	76349
chr17	44381467	44581467	harbor1	chr17	44424710	44424823	DNA/TcMar-Tigger	782	+	56	44424766	43299
chr17	39481929	39681929	harbor1	chr17	39484700	39484888	DNA/TcMar-Tigger	951	+	94	39484794	2865
chr17	39481929	39681929	harbor1	chr17	39485189	39485238	DNA/TcMar-Tigger	951	+	24	39485213	3284
chr17	39481929	39681929	harbor1	chr17	39505669	39505902	DNA/TcMar-Tigger	1038	+	116	39505785	23856
chr17	54331164	54531164	harbor1	chr17	54369356	54369807	DNA/TcMar-Tigger	942	+	226	54369582	38418
chr17	54331164	54531164	harbor1	chr17	54399085	54400331	DNA/TcMar-Tigger	7639	+	623	54399708	68544
chr17	47067017	47267017	harbor1	chr17	47076349	47076577	DNA/TcMar-Tigger	5569	+	114	47076463	9446
chr17	47067017	47267017	harbor1	chr17	47076875	47077008	DNA/TcMar-Tigger	5569	+	66	47076941	9924
chr17	47067017	47267017	harbor1	chr17	47077316	47078074	DNA/TcMar-Tigger	5569	+	379	47077695	10678
chr17	47067017	47267017	harbor1	chr17	47078380	47078477	DNA/TcMar-Tigger	5569	+	48	47078428	11411
chr17	47067017	47267017	harbor1	chr17	47137487	47137652	DNA/TcMar-Tigger	632	+	82	47137569	70552
chr17	47067017	47267017	harbor1	chr17	47163702	47163760	DNA/TcMar-Tigger	1778	+	29	47163731	96714
chr17	47067017	47267017	harbor1	chr17	47164064	47164341	DNA/TcMar-Tigger	1778	+	138	47164202	97185
chr17	50966884	51166884	harbor1	chr17	50981077	50981163	DNA/TcMar-Tigger	547	+	43	50981120	14236
chr17	50966884	51166884	harbor1	chr17	50981221	50981386	DNA/TcMar-Tigger	1047	+	82	50981303	14419
chr17	50966884	51166884	harbor1	chr17	50989105	50989440	DNA/TcMar-Tigger	1992	+	168	50989273	22389
chr17	50966884	51166884	harbor1	chr17	51027517	51028704	DNA/TcMar-Tigger	6761	+	594	51028111	61227
chr17	46278017	46478017	harbor1	chr17	46292837	46292919	DNA/TcMar-Tigger	1403	+	41	46292878	14861
chr17	46278017	46478017	harbor1	chr17	46292920	46292945	DNA/TcMar-Tigger	1475	+	12	46292932	14915
chr17	46278017	46478017	harbor1	chr17	46293255	46293528	DNA/TcMar-Tigger	1475	+	136	46293391	15374
chr17	46278017	46478017	harbor1	chr17	46323757	46324051	DNA/TcMar-Tigger	956	+	147	46323904	45887
chr17	46278017	46478017	harbor1	chr17	46335240	46335378	DNA/TcMar-Tigger	655	+	69	46335309	57292
chr17	46278017	46478017	harbor1	chr17	46347146	46347255	DNA/TcMar-Tigger	722	+	54	46347200	69183
chr17	56047537	56247537	harbor1	chr17	56093367	56093833	DNA/TcMar-Tigger	1885	+	233	56093600	46063
chr17	56047537	56247537	harbor1	chr17	56094284	56094358	DNA/TcMar-Tigger	1885	+	37	56094321	46784
chr17	27311050	27511050	harbor1	chr17	27375742	27376102	DNA/TcMar-Tigger	3136	+	180	27375922	64872
chr17	27311050	27511050	harbor1	chr17	27377436	27377801	DNA/TcMar-Tigger	3136	+	182	27377618	66568
chr17	72984408	73184408	harbor1	chr17	72997555	72998222	DNA/TcMar-Tigger	3765	+	334	72997889	13481
chr17	62933694	63133694	harbor1	chr17	62958815	62958897	DNA/TcMar-Tigger	763	+	41	62958856	25162
chr17	62933694	63133694	harbor1	chr17	62959195	62959406	DNA/TcMar-Tigger	763	+	106	62959301	25607
chr17	62933694	63133694	harbor1	chr17	62959430	62959499	DNA/TcMar-Tigger	521	+	34	62959464	25770
chr17	62933694	63133694	harbor1	chr17	62959810	62959944	DNA/TcMar-Tigger	521	+	67	62959877	26183
chr17	62933694	63133694	harbor1	chr17	62980347	62980562	DNA/TcMar-Tigger	1103	+	108	62980455	46761
chr17	62933694	63133694	harbor1	chr17	62992011	62992179	DNA/TcMar-Tigger	861	+	84	62992095	58401
chr17	49787107	49987107	harbor1	chr17	49790553	49790850	DNA/TcMar-Tigger	715	+	148	49790701	3594
chr17	49787107	49987107	harbor1	chr17	49792403	49792811	DNA/TcMar-Tigger	2396	+	204	49792607	5500
chr17	49787107	49987107	harbor1	chr17	49793113	49793197	DNA/TcMar-Tigger	2396	+	42	49793155	6048
chr17	49787107	49987107	harbor1	chr17	49813526	49813864	DNA/TcMar-Tigger	1683	+	169	49813695	26588
chr17	49787107	49987107	harbor1	chr17	49825467	49825791	DNA/TcMar-Tigger	2004	+	162	49825629	38522
chr17	49787107	49987107	harbor1	chr17	49823689	49824264	DNA/TcMar-Tigger	2582	+	288	49823977	36870
chr17	70890380	71090380	harbor1	chr17	70962462	70962853	DNA/TcMar-Tigger	2517	+	196	70962658	72278
chr17	70890380	71090380	harbor1	chr17	70963156	70963232	DNA/TcMar-Tigger	2517	+	38	70963194	72814
chr17	20244798	20444798	harbor1	chr17	20281099	20281286	DNA/TcMar-Tigger	904	+	94	20281193	36395
chr17	37748822	37948822	harbor1	chr17	37779726	37780856	DNA/TcMar-Tigger	11393	+	565	37780291	31469
chr17	37748822	37948822	harbor1	chr17	37786071	37786728	DNA/TcMar-Tigger	4203	+	328	37786399	37577
chr17	37748822	37948822	harbor1	chr17	37781155	37781828	DNA/TcMar-Tigger	11393	+	336	37781491	32669
chr17	9276099	9476099	harbor1	chr17	9304947	9305105	DNA/TcMar-Tigger	1677	+	79	9305026	28927
chr17	9276099	9476099	harbor1	chr17	9305391	9305608	DNA/TcMar-Tigger	1677	+	108	9305499	29400
chr17	9276099	9476099	harbor1	chr17	9324861	9325269	DNA/TcMar-Tigger	2363	+	204	9325065	48966
chr17	9276099	9476099	harbor1	chr17	9306043	9306315	DNA/TcMar-Tigger	1485	+	136	9306179	30080
chr17	46705895	46905895	harbor1	chr17	46760698	46761039	DNA/TcMar-Tigger	2128	+	170	46760868	54973
chr17	45716242	45916242	harbor1	chr17	45802363	45802681	DNA/TcMar-Tigger	771	+	159	45802522	86280
chr17	45716242	45916242	harbor1	chr17	45802703	45802901	DNA/TcMar-Tigger	584	+	99	45802802	86560
chr17	19770894	19970894	harbor1	chr17	19810457	19810613	DNA/TcMar-Tigger	494	+	78	19810535	39641
chr17	19770894	19970894	harbor1	chr17	19810616	19810871	DNA/TcMar-Tigger	1047	+	128	19810744	39850
chr17	78419396	78619396	harbor1	chr17	78468189	78468395	DNA/TcMar-Tigger	917	+	103	78468292	48896
chr17	22327966	22527966	harbor1	chr17	22341228	22341516	DNA/TcMar-Tigger	1562	+	144	22341372	13406
chr17	22320892	22520892	harbor1	chr17	22341228	22341516	DNA/TcMar-Tigger	1562	+	144	22341372	20480
chr17	68393500	68593500	harbor1	chr17	68393157	68393584	DNA/TcMar-Tigger	2863	+	214	68393371	129
chr17	68393500	68593500	harbor1	chr17	68393898	68393944	DNA/TcMar-Tigger	2863	+	23	68393921	421
chr17	68393500	68593500	harbor1	chr17	68394122	68394322	DNA/TcMar-Tigger	1781	+	100	68394222	722
chr17	68393500	68593500	harbor1	chr17	68394652	68394750	DNA/TcMar-Tigger	1781	+	49	68394701	1201
chr17	67333299	67533299	harbor1	chr17	67352608	67352763	DNA/TcMar-Tigger	822	+	78	67352686	19387
chr17	67333299	67533299	harbor1	chr17	67352767	67352999	DNA/TcMar-Tigger	1212	+	116	67352883	19584
chr17	33996929	34196929	harbor1	chr17	34017022	34018901	DNA/TcMar-Tigger	15212	+	940	34017962	21033
chr17	33996929	34196929	harbor1	chr17	34019207	34019792	DNA/TcMar-Tigger	15212	+	292	34019499	22570
chr17	69182244	69382244	harbor1	chr17	69252882	69253211	DNA/TcMar-Tigger	1902	+	164	69253046	70802
chr17	58301854	58501854	harbor1	chr17	58349205	58349539	DNA/TcMar-Tigger	1282	+	167	58349372	47518
chr17	58301854	58501854	harbor1	chr17	58392946	58393125	DNA/TcMar-Tigger	2018	+	90	58393036	91182
chr17	58301854	58501854	harbor1	chr17	58393418	58393637	DNA/TcMar-Tigger	2018	+	110	58393528	91674
chr17	9056494	9256494	harbor1	chr17	9112319	9112558	DNA/TcMar-Tigger	2532	+	120	9112439	55945
chr17	9056494	9256494	harbor1	chr17	9112843	9113019	DNA/TcMar-Tigger	2532	+	88	9112931	56437
chr17	9056494	9256494	harbor1	chr17	9113322	9113513	DNA/TcMar-Tigger	2532	+	96	9113418	56924
chr17	9056494	9256494	harbor1	chr17	9060090	9060525	DNA/TcMar-Tigger	2733	+	218	9060308	3814
chr17	31177298	31377298	harbor1	chr17	31275187	31275292	DNA/TcMar-Tigger	633	+	52	31275239	97941
chr17	31177298	31377298	harbor1	chr17	31275294	31275660	DNA/TcMar-Tigger	1981	+	183	31275477	98179
chr17	31177298	31377298	harbor1	chr17	31276458	31276706	DNA/TcMar-Tigger	733	+	124	31276582	99284
chr17	40003806	40203806	harbor1	chr17	40003953	40004044	DNA/TcMar-Tigger	1791	+	46	40003999	193
chr17	40003806	40203806	harbor1	chr17	40004340	40004450	DNA/TcMar-Tigger	1791	+	55	40004395	589
chr17	40003806	40203806	harbor1	chr17	40051942	40052012	DNA/TcMar-Tigger	741	+	35	40051977	48171
chr17	40003806	40203806	harbor1	chr17	40052300	40052400	DNA/TcMar-Tigger	741	+	50	40052350	48544
chr17	37943282	38143282	harbor1	chr17	37946111	37946226	DNA/TcMar-Tigger	777	+	58	37946169	2887
chr17	37943282	38143282	harbor1	chr17	37989883	37990220	DNA/TcMar-Tigger	1731	+	168	37990051	46769
chr17	37943282	38143282	harbor1	chr17	38001060	38001371	DNA/TcMar-Tigger	565	+	156	38001216	57934
chr17	37943282	38143282	harbor1	chr17	38025649	38025764	DNA/TcMar-Tigger	777	+	58	38025707	82425
chr17	27380691	27580691	harbor1	chr17	27432629	27432768	DNA/TcMar-Tigger	648	+	70	27432699	52008
chr17	27380691	27580691	harbor1	chr17	27441498	27441612	DNA/TcMar-Tigger	508	+	57	27441555	60864
chr17	27380691	27580691	harbor1	chr17	27442191	27442445	DNA/TcMar-Tigger	1593	+	127	27442318	61627
chr17	19786486	19986486	harbor1	chr17	19810457	19810613	DNA/TcMar-Tigger	494	+	78	19810535	24049
chr17	19786486	19986486	harbor1	chr17	19810616	19810871	DNA/TcMar-Tigger	1047	+	128	19810744	24258
chr17	29375561	29575561	harbor1	chr17	29456556	29456702	DNA/TcMar-Tigger	957	+	73	29456629	81068
chr17	66139623	66339623	harbor1	chr17	66182071	66182411	DNA/TcMar-Tigger	1817	+	170	66182241	42618
chr17	70909182	71109182	harbor1	chr17	70962462	70962853	DNA/TcMar-Tigger	2517	+	196	70962658	53476
chr17	70909182	71109182	harbor1	chr17	70963156	70963232	DNA/TcMar-Tigger	2517	+	38	70963194	54012
chr17	43941403	44141403	harbor1	chr17	43958797	43959300	DNA/TcMar-Tigger	1357	+	252	43959049	17646
chr17	9897832	10097832	harbor1	chr17	9947887	9948228	DNA/TcMar-Tigger	1848	+	170	9948057	50225
chr17	14493502	14693502	harbor1	chr17	14539082	14539365	DNA/TcMar-Tigger	1535	+	142	14539224	45722
chr17	14493502	14693502	harbor1	chr17	14539512	14540020	DNA/TcMar-Tigger	2717	+	254	14539766	46264
chr17	14493502	14693502	harbor1	chr17	14541029	14541314	DNA/TcMar-Tigger	1552	+	142	14541171	47669
chr17	14493502	14693502	harbor1	chr17	14581489	14581689	DNA/TcMar-Tigger	5391	+	100	14581589	88087
chr17	14493502	14693502	harbor1	chr17	14581997	14582024	DNA/TcMar-Tigger	5391	+	14	14582011	88509
chr17	14493502	14693502	harbor1	chr17	14582056	14582565	DNA/TcMar-Tigger	5391	+	254	14582310	88808
chr17	14493502	14693502	harbor1	chr17	14582864	14583238	DNA/TcMar-Tigger	5391	+	187	14583051	89549
chr17	76309489	76509489	harbor1	chr17	76309626	76309835	DNA/TcMar-Tigger	830	+	104	76309730	241
chr17	76309489	76509489	harbor1	chr17	76320371	76320423	DNA/TcMar-Tigger	4099	+	26	76320397	10908
chr17	76309489	76509489	harbor1	chr17	76320710	76320776	DNA/TcMar-Tigger	4099	+	33	76320743	11254
chr17	76309489	76509489	harbor1	chr17	76321083	76321282	DNA/TcMar-Tigger	4099	+	100	76321183	11694
chr17	76309489	76509489	harbor1	chr17	76321494	76322114	DNA/TcMar-Tigger	4099	+	310	76321804	12315
chr17	76309489	76509489	harbor1	chr17	76322421	76322547	DNA/TcMar-Tigger	834	+	63	76322484	12995
chr17	76309489	76509489	harbor1	chr17	76323358	76323863	DNA/TcMar-Tigger	2944	+	252	76323610	14121
chr17	76309489	76509489	harbor1	chr17	76324160	76324195	DNA/TcMar-Tigger	2944	+	18	76324178	14689
chr17	76309489	76509489	harbor1	chr17	76324615	76324708	DNA/TcMar-Tigger	615	+	46	76324661	15172
chr17	76309489	76509489	harbor1	chr17	76325483	76325598	DNA/TcMar-Tigger	1787	+	58	76325541	16052
chr17	76309489	76509489	harbor1	chr17	76325906	76326118	DNA/TcMar-Tigger	1787	+	106	76326012	16523
chr17	76309489	76509489	harbor1	chr17	76331350	76331690	DNA/TcMar-Tigger	1151	+	170	76331520	22031
chr17	68119573	68319573	harbor1	chr17	68199736	68200053	DNA/TcMar-Tigger	940	+	158	68199894	80321
chr17	69142312	69342312	harbor1	chr17	69155499	69155681	DNA/TcMar-Tigger	514	+	91	69155590	13278
chr17	69142312	69342312	harbor1	chr17	69165700	69168325	DNA/TcMar-Tigger	14334	+	1312	69167012	24700
chr17	27130008	27330008	harbor1	chr17	27136913	27137793	DNA/TcMar-Tigger	5030	+	440	27137353	7345
chr17	27130008	27330008	harbor1	chr17	27226298	27227149	DNA/TcMar-Tigger	5343	+	426	27226724	96716
chr17	16215482	16415482	harbor1	chr17	16249067	16249195	DNA/TcMar-Tigger	831	+	64	16249131	33649
chr17	16215482	16415482	harbor1	chr17	16250273	16250424	DNA/TcMar-Tigger	973	+	76	16250349	34867
chr17	81893583	82093583	harbor1	chr17	81946000	81946072	DNA/TcMar-Tigger	865	+	36	81946036	52453
chr17	81893583	82093583	harbor1	chr17	81946678	81946688	DNA/TcMar-Tigger	865	+	5	81946683	53100
chr17	81893583	82093583	harbor1	chr17	81947005	81947211	DNA/TcMar-Tigger	865	+	103	81947108	53525
chr17	54447618	54647618	harbor1	chr17	54492461	54492630	DNA/TcMar-Tigger	600	+	84	54492545	44927
chr17	54447618	54647618	harbor1	chr17	54493223	54493351	DNA/TcMar-Tigger	1258	+	64	54493287	45669
chr17	54447618	54647618	harbor1	chr17	54493860	54494222	DNA/TcMar-Tigger	1258	+	181	54494041	46423
chr17	54447618	54647618	harbor1	chr17	54502146	54502487	DNA/TcMar-Tigger	1573	+	170	54502316	54698
chr17	54447618	54647618	harbor1	chr17	54502486	54503708	DNA/TcMar-Tigger	10054	+	611	54503097	55479
chr17	54447618	54647618	harbor1	chr17	54504015	54504383	DNA/TcMar-Tigger	10054	+	184	54504199	56581
chr17	54447618	54647618	harbor1	chr17	54527809	54528185	DNA/TcMar-Tigger	1920	+	188	54527997	80379
chr17	54447618	54647618	harbor1	chr17	54528739	54528996	DNA/TcMar-Tigger	1421	+	128	54528867	81249
chr17	27594861	27794861	harbor1	chr17	27675214	27675551	DNA/TcMar-Tigger	1965	+	168	27675382	80521
chr17	37541710	37741710	harbor1	chr17	37611242	37611498	DNA/TcMar-Tigger	1104	+	128	37611370	69660
chr17	37541710	37741710	harbor1	chr17	37612439	37612647	DNA/TcMar-Tigger	1277	+	104	37612543	70833
chr17	36968946	37168946	harbor1	chr17	37004947	37005239	DNA/TcMar-Tigger	1262	+	146	37005093	36147
chr17	36968946	37168946	harbor1	chr17	37012521	37012684	DNA/TcMar-Tigger	600	+	82	37012603	43657
chr17	36968946	37168946	harbor1	chr17	37031102	37031442	DNA/TcMar-Tigger	2175	+	170	37031272	62326
chr17	55457165	55657165	harbor1	chr17	55481148	55481653	DNA/TcMar-Tigger	1010	+	252	55481400	24235
chr17	55457165	55657165	harbor1	chr17	55545720	55546034	DNA/TcMar-Tigger	1817	+	157	55545877	88712
chr17	41135877	41335877	harbor1	chr17	41162712	41162942	DNA/TcMar-Tigger	1245	+	115	41162827	26950
chr17	41135877	41335877	harbor1	chr17	41173404	41173839	DNA/TcMar-Tigger	2428	+	218	41173622	37745
chr17	41135877	41335877	harbor1	chr17	41223367	41223500	DNA/TcMar-Tigger	720	+	66	41223433	87556
chr17	73480771	73680771	harbor1	chr17	73488346	73488943	DNA/TcMar-Tigger	2696	+	298	73488644	7873
chr17	29403712	29603712	harbor1	chr17	29456556	29456702	DNA/TcMar-Tigger	957	+	73	29456629	52917
chr17	60226045	60426045	harbor1	chr17	60256457	60256675	DNA/TcMar-Tigger	1334	+	109	60256566	30521
chr17	60226045	60426045	harbor1	chr17	60259410	60260044	DNA/TcMar-Tigger	3914	+	317	60259727	33682
chr17	60226045	60426045	harbor1	chr17	60295402	60295921	DNA/TcMar-Tigger	2190	+	260	60295662	69617
chr17	60226045	60426045	harbor1	chr17	60301919	60302104	DNA/TcMar-Tigger	1468	+	92	60302011	75966
chr17	60226045	60426045	harbor1	chr17	60302447	60302584	DNA/TcMar-Tigger	1468	+	68	60302515	76470
chr17	60226045	60426045	harbor1	chr17	60319809	60320006	DNA/TcMar-Tigger	967	+	98	60319907	93862
chr17	9532773	9732773	harbor1	chr17	9612780	9613131	DNA/TcMar-Tigger	2176	+	176	9612956	80183
chr17	57103266	57303266	harbor1	chr17	57178745	57179096	DNA/TcMar-Tigger	1241	+	176	57178921	75655
chr17	27156573	27356573	harbor1	chr17	27226298	27227149	DNA/TcMar-Tigger	5343	+	426	27226724	70151
chr17	27156573	27356573	harbor1	chr17	27246612	27246914	DNA/TcMar-Tigger	787	+	151	27246763	90190
chr18	35210360	35410360	harbor1	chr18	35229197	35229578	DNA/TcMar-Tigger	2745	+	190	35229387	19027
chr18	35210360	35410360	harbor1	chr18	35230198	35230269	DNA/TcMar-Tigger	2745	+	36	35230234	19874
chr18	35210360	35410360	harbor1	chr18	35277734	35277849	DNA/TcMar-Tigger	646	+	58	35277792	67432
chr18	41901500	42101500	harbor1	chr18	41947582	41947829	DNA/TcMar-Tigger	3002	+	124	41947706	46206
chr18	41901500	42101500	harbor1	chr18	41948137	41948533	DNA/TcMar-Tigger	3002	+	198	41948335	46835
chr18	41901500	42101500	harbor1	chr18	41989468	41989810	DNA/TcMar-Tigger	1812	+	171	41989639	88139
chr18	56818500	57018500	harbor1	chr18	56844831	56845108	DNA/TcMar-Tigger	1312	+	138	56844969	26469
chr18	56818500	57018500	harbor1	chr18	56887464	56887735	DNA/TcMar-Tigger	699	+	136	56887600	69100
chr18	79178445	79378445	harbor1	chr18	79278238	79278521	DNA/TcMar-Tigger	834	+	142	79278380	99935
chr18	54461882	54661882	harbor1	chr18	54463297	54463540	DNA/TcMar-Tigger	861	+	122	54463419	1537
chr18	54461882	54661882	harbor1	chr18	54500964	54501391	DNA/TcMar-Tigger	3098	+	214	54501178	39296
chr18	54461882	54661882	harbor1	chr18	54501684	54501957	DNA/TcMar-Tigger	3098	+	136	54501820	39938
chr18	54461882	54661882	harbor1	chr18	54505196	54506259	DNA/TcMar-Tigger	5866	+	532	54505728	43846
chr18	13467190	13667190	harbor1	chr18	13490227	13490473	DNA/TcMar-Tigger	1012	+	123	13490350	23160
chr18	13467190	13667190	harbor1	chr18	13506579	13506788	DNA/TcMar-Tigger	1570	+	104	13506683	39493
chr18	13467190	13667190	harbor1	chr18	13506941	13507175	DNA/TcMar-Tigger	15796	+	117	13507058	39868
chr18	13467190	13667190	harbor1	chr18	13507638	13509020	DNA/TcMar-Tigger	15796	+	691	13508329	41139
chr18	13467190	13667190	harbor1	chr18	13509331	13510124	DNA/TcMar-Tigger	15796	+	396	13509727	42537
chr18	50337984	50537984	harbor1	chr18	50355288	50355600	DNA/TcMar-Tigger	1236	+	156	50355444	17460
chr18	50337984	50537984	harbor1	chr18	50421905	50422233	DNA/TcMar-Tigger	1441	+	164	50422069	84085
chr18	42234288	42434288	harbor1	chr18	42312614	42312797	DNA/TcMar-Tigger	412	+	92	42312706	78418
chr18	37157020	37357020	harbor1	chr18	37227089	37228538	DNA/TcMar-Tigger	10425	+	724	37227813	70793
chr18	37157020	37357020	harbor1	chr18	37228845	37229094	DNA/TcMar-Tigger	10425	+	124	37228969	71949
chr18	21516089	21716089	harbor1	chr18	21537859	21538071	DNA/TcMar-Tigger	1327	+	106	21537965	21876
chr18	21516089	21716089	harbor1	chr18	21538044	21538169	DNA/TcMar-Tigger	775	+	62	21538106	22017
chr18	21516089	21716089	harbor1	chr18	21538303	21538379	DNA/TcMar-Tigger	775	+	38	21538341	22252
chr18	53109811	53309811	harbor1	chr18	53204100	53204259	DNA/TcMar-Tigger	420	+	80	53204180	94369
chr18	53109811	53309811	harbor1	chr18	53204565	53204592	DNA/TcMar-Tigger	420	+	14	53204579	94768
chr18	40089458	40289458	harbor1	chr18	40167077	40167252	DNA/TcMar-Tigger	5273	+	88	40167165	77707
chr18	40089458	40289458	harbor1	chr18	40167361	40168209	DNA/TcMar-Tigger	5273	+	424	40167785	78327
chr18	63463590	63663590	harbor1	chr18	63485136	63485211	DNA/TcMar-Tigger	436	+	38	63485174	21584
chr18	80045975	80245975	harbor1	chr18	80126829	80126947	DNA/TcMar-Tigger	643	+	59	80126888	80913
chr18	80045975	80245975	harbor1	chr18	80126951	80127278	DNA/TcMar-Tigger	1458	+	164	80127115	81140
chr18	80045975	80245975	harbor1	chr18	80132237	80132508	DNA/TcMar-Tigger	1186	+	136	80132373	86398
chr18	35931463	36131463	harbor1	chr18	35933717	35933863	DNA/TcMar-Tigger	2503	+	73	35933790	2327
chr18	35931463	36131463	harbor1	chr18	35934153	35934644	DNA/TcMar-Tigger	2503	+	246	35934399	2936
chr18	35931463	36131463	harbor1	chr18	35936648	35936881	DNA/TcMar-Tigger	1430	+	116	35936764	5301
chr18	35931463	36131463	harbor1	chr18	35938249	35938956	DNA/TcMar-Tigger	1272	+	354	35938603	7140
chr18	35931463	36131463	harbor1	chr18	35939493	35939994	DNA/TcMar-Tigger	919	+	250	35939743	8280
chr18	35931463	36131463	harbor1	chr18	36012087	36012675	DNA/TcMar-Tigger	1797	+	294	36012381	80918
chr18	35931463	36131463	harbor1	chr18	36012688	36012771	DNA/TcMar-Tigger	447	+	42	36012730	81267
chr18	35931463	36131463	harbor1	chr18	36021181	36021716	DNA/TcMar-Tigger	11506	+	268	36021449	89986
chr18	35931463	36131463	harbor1	chr18	36022006	36022680	DNA/TcMar-Tigger	11506	+	337	36022343	90880
chr18	35931463	36131463	harbor1	chr18	36022981	36023953	DNA/TcMar-Tigger	11506	+	486	36023467	92004
chr18	35931463	36131463	harbor1	chr18	36011829	36012055	DNA/TcMar-Tigger	953	+	113	36011942	80479
chr18	77509509	77709509	harbor1	chr18	77555416	77555748	DNA/TcMar-Tigger	1844	+	166	77555582	46073
chr18	714665	914665	harbor1	chr18	759516	759699	DNA/TcMar-Tigger	863	+	92	759608	44943
chr18	714665	914665	harbor1	chr18	760518	760654	DNA/TcMar-Tigger	639	+	68	760586	45921
chr18	714665	914665	harbor1	chr18	768586	768692	DNA/TcMar-Tigger	1939	+	53	768639	53974
chr18	714665	914665	harbor1	chr18	769002	769250	DNA/TcMar-Tigger	1939	+	124	769126	54461
chr18	714665	914665	harbor1	chr18	786837	787013	DNA/TcMar-Tigger	718	+	88	786925	72260
chr18	37467285	37667285	harbor1	chr18	37470123	37470480	DNA/TcMar-Tigger	473	+	178	37470301	3016
chr18	2500231	2700231	harbor1	chr18	2546190	2546502	DNA/TcMar-Tigger	1854	+	156	2546346	46115
chr18	54816422	55016422	harbor1	chr18	54841194	54841515	DNA/TcMar-Tigger	1591	+	160	54841354	24932
chr18	54816422	55016422	harbor1	chr18	54845809	54846445	DNA/TcMar-Tigger	3156	+	318	54846127	29705
chr18	54816422	55016422	harbor1	chr18	54904585	54904835	DNA/TcMar-Tigger	514	+	125	54904710	88288
chr18	60020517	60220517	harbor1	chr18	60024031	60024678	DNA/TcMar-Tigger	3913	+	324	60024355	3838
chr18	60020517	60220517	harbor1	chr18	60024672	60024970	DNA/TcMar-Tigger	1559	+	149	60024821	4304
chr18	21118813	21318813	harbor1	chr18	21140611	21140767	DNA/TcMar-Tigger	1037	+	78	21140689	21876
chr18	21118813	21318813	harbor1	chr18	21140760	21141259	DNA/TcMar-Tigger	3923	+	250	21141010	22197
chr18	21118813	21318813	harbor1	chr18	21141571	21141767	DNA/TcMar-Tigger	3923	+	98	21141669	22856
chr18	46854643	47054643	harbor1	chr18	46907656	46907879	DNA/TcMar-Tigger	1157	+	112	46907768	53125
chr18	46854643	47054643	harbor1	chr18	46944258	46944446	DNA/TcMar-Tigger	418	+	94	46944352	89709
chr18	78027796	78227796	harbor1	chr18	78048035	78048327	DNA/TcMar-Tigger	955	+	146	78048181	20385
chr18	78027796	78227796	harbor1	chr18	78048750	78048907	DNA/TcMar-Tigger	652	+	78	78048828	21032
chr18	78027796	78227796	harbor1	chr18	78099254	78099589	DNA/TcMar-Tigger	1580	+	168	78099422	71626
chr19	41216457	41416457	harbor1	chr19	41282625	41282677	DNA/TcMar-Tigger	5928	+	26	41282651	66194
chr19	41216457	41416457	harbor1	chr19	41282994	41283278	DNA/TcMar-Tigger	5928	+	142	41283136	66679
chr19	41216457	41416457	harbor1	chr19	41283893	41284383	DNA/TcMar-Tigger	5928	+	245	41284138	67681
chr19	41216457	41416457	harbor1	chr19	41284670	41284716	DNA/TcMar-Tigger	5928	+	23	41284693	68236
chr19	41216457	41416457	harbor1	chr19	41285014	41285274	DNA/TcMar-Tigger	5928	+	130	41285144	68687
chr19	41216457	41416457	harbor1	chr19	41285504	41285789	DNA/TcMar-Tigger	1469	+	142	41285646	69189
chr19	24141806	24341806	harbor1	chr19	24171958	24172114	DNA/TcMar-Tigger	788	+	78	24172036	30230
chr19	24141806	24341806	harbor1	chr19	24172419	24172704	DNA/TcMar-Tigger	788	+	142	24172561	30755
chr19	6655068	6855068	harbor1	chr19	6682553	6683438	DNA/TcMar-Tigger	4502	+	442	6682995	27927
chr19	6655068	6855068	harbor1	chr19	6683751	6683812	DNA/TcMar-Tigger	4502	+	30	6683781	28713
chr19	6655068	6855068	harbor1	chr19	6684120	6684240	DNA/TcMar-Tigger	4502	+	60	6684180	29112
chr19	14273712	14473712	harbor1	chr19	14306041	14306349	DNA/TcMar-Tigger	1818	+	154	14306195	32483
chr19	37808839	38008839	harbor1	chr19	37825814	37827996	DNA/TcMar-Tigger	14862	+	1091	37826905	18066
chr19	37808839	38008839	harbor1	chr19	37828289	37828465	DNA/TcMar-Tigger	14862	+	88	37828377	19538
chr19	37808839	38008839	harbor1	chr19	37832042	37832524	DNA/TcMar-Tigger	4243	+	241	37832283	23444
chr19	37808839	38008839	harbor1	chr19	37832828	37833079	DNA/TcMar-Tigger	4243	+	126	37832954	24115
chr19	24146249	24346249	harbor1	chr19	24171958	24172114	DNA/TcMar-Tigger	788	+	78	24172036	25787
chr19	24146249	24346249	harbor1	chr19	24172419	24172704	DNA/TcMar-Tigger	788	+	142	24172561	26312
chr19	37626247	37826247	harbor1	chr19	37640036	37640380	DNA/TcMar-Tigger	663	+	172	37640208	13961
chr19	37626247	37826247	harbor1	chr19	37645941	37646164	DNA/TcMar-Tigger	1193	+	112	37646053	19806
chr19	37626247	37826247	harbor1	chr19	37683505	37683785	DNA/TcMar-Tigger	3296	+	140	37683645	57398
chr19	37626247	37826247	harbor1	chr19	37682933	37683204	DNA/TcMar-Tigger	3296	+	136	37683069	56822
chr19	38724921	38924921	harbor1	chr19	38758135	38758446	DNA/TcMar-Tigger	3082	+	156	38758291	33370
chr19	38724921	38924921	harbor1	chr19	38759056	38759317	DNA/TcMar-Tigger	3082	+	130	38759186	34265
chr19	12494676	12694676	harbor1	chr19	12537218	12537443	DNA/TcMar-Tigger	968	+	112	12537330	42654
chr19	13676657	13876657	harbor1	chr19	13699778	13699908	DNA/TcMar-Tigger	730	+	65	13699843	23186
chr19	13676657	13876657	harbor1	chr19	13709391	13709556	DNA/TcMar-Tigger	1620	+	82	13709473	32816
chr19	13676657	13876657	harbor1	chr19	13709866	13710030	DNA/TcMar-Tigger	1620	+	82	13709948	33291
chr19	54201927	54401927	harbor1	chr19	54215120	54215195	DNA/TcMar-Tigger	648	+	38	54215158	13231
chr19	54201927	54401927	harbor1	chr19	54215498	54215557	DNA/TcMar-Tigger	648	+	30	54215528	13601
chr19	40965245	41165245	harbor1	chr19	41040412	41040873	DNA/TcMar-Tigger	2697	+	230	41040642	75397
chr19	40965245	41165245	harbor1	chr19	41057020	41057345	DNA/TcMar-Tigger	1602	+	162	41057182	91937
chr19	34554775	34754775	harbor1	chr19	34606586	34606925	DNA/TcMar-Tigger	1595	+	170	34606756	51981
chr19	38936056	39136056	harbor1	chr19	38970558	38970818	DNA/TcMar-Tigger	853	+	130	38970688	34632
chr19	38936056	39136056	harbor1	chr19	38971116	38971178	DNA/TcMar-Tigger	853	+	31	38971147	35091
chr19	38936056	39136056	harbor1	chr19	39018190	39018787	DNA/TcMar-Tigger	9819	+	298	39018488	82432
chr19	38936056	39136056	harbor1	chr19	39019098	39019143	DNA/TcMar-Tigger	9819	+	22	39019120	83064
chr19	38936056	39136056	harbor1	chr19	39019455	39019731	DNA/TcMar-Tigger	9819	+	138	39019593	83537
chr19	38936056	39136056	harbor1	chr19	39020055	39020856	DNA/TcMar-Tigger	9819	+	400	39020455	84399
chr19	38936056	39136056	harbor1	chr19	39021161	39021669	DNA/TcMar-Tigger	3430	+	254	39021415	85359
chr19	38936056	39136056	harbor1	chr19	39021960	39022025	DNA/TcMar-Tigger	3430	+	32	39021992	85936
chr19	28035407	28235407	harbor1	chr19	28083098	28083354	DNA/TcMar-Tigger	998	+	128	28083226	47819
chr19	28035407	28235407	harbor1	chr19	28084215	28084310	DNA/TcMar-Tigger	998	+	48	28084263	48856
chr19	36376642	36576642	harbor1	chr19	36399579	36400133	DNA/TcMar-Tigger	982	+	277	36399856	23214
chr19	55466121	55666121	harbor1	chr19	55552663	55552846	DNA/TcMar-Tigger	694	+	92	55552755	86634
chr19	55466121	55666121	harbor1	chr19	55553322	55553594	DNA/TcMar-Tigger	1232	+	136	55553458	87337
chr19	14406728	14606728	harbor1	chr19	14438115	14438322	DNA/TcMar-Tigger	1177	+	104	14438219	31491
chr19	7218773	7418773	harbor1	chr19	7240649	7240984	DNA/TcMar-Tigger	1815	+	168	7240817	22044
chr19	7218773	7418773	harbor1	chr19	7296988	7297025	DNA/TcMar-Tigger	4567	+	18	7297006	78233
chr19	7218773	7418773	harbor1	chr19	7297287	7297448	DNA/TcMar-Tigger	4567	+	80	7297367	78594
chr19	7218773	7418773	harbor1	chr19	7297731	7298360	DNA/TcMar-Tigger	4567	+	314	7298045	79272
chr19	7218773	7418773	harbor1	chr19	7298548	7298600	DNA/TcMar-Tigger	1067	+	26	7298574	79801
chr19	7218773	7418773	harbor1	chr19	7298914	7299104	DNA/TcMar-Tigger	1067	+	95	7299009	80236
chr19	14975828	15175828	harbor1	chr19	14983023	14983401	DNA/TcMar-Tigger	2630	+	189	14983212	7384
chr19	14975828	15175828	harbor1	chr19	14983716	14984027	DNA/TcMar-Tigger	2630	+	156	14983872	8044
chr19	14975828	15175828	harbor1	chr19	14984357	14984401	DNA/TcMar-Tigger	2630	+	22	14984379	8551
chr19	14975828	15175828	harbor1	chr19	14999736	14999844	DNA/TcMar-Tigger	682	+	54	14999790	23962
chr19	14975828	15175828	harbor1	chr19	15000069	15000260	DNA/TcMar-Tigger	1251	+	96	15000165	24337
chr19	14975828	15175828	harbor1	chr19	15025277	15025772	DNA/TcMar-Tigger	3059	+	248	15025525	49697
chr19	14975828	15175828	harbor1	chr19	15026078	15026265	DNA/TcMar-Tigger	3059	+	94	15026172	50344
chr19	34889044	35089044	harbor1	chr19	34928356	34928550	DNA/TcMar-Tigger	1830	+	97	34928453	39409
chr19	34889044	35089044	harbor1	chr19	34928841	34928982	DNA/TcMar-Tigger	1830	+	70	34928911	39867
chr19	34737978	34937978	harbor1	chr19	34755526	34755743	DNA/TcMar-Tigger	825	+	108	34755634	17656
chr19	34737978	34937978	harbor1	chr19	34756044	34757083	DNA/TcMar-Tigger	5736	+	520	34756564	18586
chr19	34737978	34937978	harbor1	chr19	34757085	34757295	DNA/TcMar-Tigger	4073	+	105	34757190	19212
chr19	34737978	34937978	harbor1	chr19	34757585	34758328	DNA/TcMar-Tigger	4073	+	372	34757957	19979
chr19	34737978	34937978	harbor1	chr19	34787899	34788236	DNA/TcMar-Tigger	1984	+	168	34788067	50089
chr19	34737978	34937978	harbor1	chr19	34830747	34831077	DNA/TcMar-Tigger	1898	+	165	34830912	92934
chr19	34654273	34854273	harbor1	chr19	34708367	34708724	DNA/TcMar-Tigger	1599	+	178	34708545	54272
chr19	50968686	51168686	harbor1	chr19	51052883	51053167	DNA/TcMar-Tigger	3135	+	142	51053025	84339
chr19	50968686	51168686	harbor1	chr19	51052213	51052574	DNA/TcMar-Tigger	3135	+	180	51052393	83707
chr19	31369995	31569995	harbor1	chr19	31425955	31426136	DNA/TcMar-Tigger	2936	+	90	31426045	56050
chr19	31369995	31569995	harbor1	chr19	31426417	31426818	DNA/TcMar-Tigger	2936	+	200	31426617	56622
chr19	45163908	45363908	harbor1	chr19	45256723	45256951	DNA/TcMar-Tigger	1167	+	114	45256837	92929
chr19	45163908	45363908	harbor1	chr19	45257216	45257240	DNA/TcMar-Tigger	1167	+	12	45257228	93320
chr19	45163908	45363908	harbor1	chr19	45257232	45257371	DNA/TcMar-Tigger	1177	+	70	45257302	93394
chr19	45163908	45363908	harbor1	chr19	45258285	45258403	DNA/TcMar-Tigger	1177	+	59	45258344	94436
chr19	33134650	33334650	harbor1	chr19	33158466	33158698	DNA/TcMar-Tigger	3026	+	116	33158582	23932
chr19	33134650	33334650	harbor1	chr19	33158998	33159047	DNA/TcMar-Tigger	3026	+	24	33159022	24372
chr19	33134650	33334650	harbor1	chr19	33159395	33159689	DNA/TcMar-Tigger	3026	+	147	33159542	24892
chr19	33134650	33334650	harbor1	chr19	33160219	33160257	DNA/TcMar-Tigger	3026	+	19	33160238	25588
chr19	56196735	56396735	harbor1	chr19	56237303	56237591	DNA/TcMar-Tigger	1475	+	144	56237447	40712
chr19	56142821	56342821	harbor1	chr19	56237303	56237591	DNA/TcMar-Tigger	1475	+	144	56237447	94626
chr19	56394621	56594621	harbor1	chr19	56431216	56431341	DNA/TcMar-Tigger	645	+	62	56431278	36657
chr19	56394621	56594621	harbor1	chr19	56446316	56446644	DNA/TcMar-Tigger	1015	+	164	56446480	51859
chr19	56394621	56594621	harbor1	chr19	56472466	56472882	DNA/TcMar-Tigger	2258	+	208	56472674	78053
chr19	13614302	13814302	harbor1	chr19	13699778	13699908	DNA/TcMar-Tigger	730	+	65	13699843	85541
chr19	13614302	13814302	harbor1	chr19	13709391	13709556	DNA/TcMar-Tigger	1620	+	82	13709473	95171
chr19	13614302	13814302	harbor1	chr19	13709866	13710030	DNA/TcMar-Tigger	1620	+	82	13709948	95646
chr19	32079229	32279229	harbor1	chr19	32098428	32098874	DNA/TcMar-Tigger	2253	+	223	32098651	19422
chr19	50999784	51199784	harbor1	chr19	51052883	51053167	DNA/TcMar-Tigger	3135	+	142	51053025	53241
chr19	50999784	51199784	harbor1	chr19	51052213	51052574	DNA/TcMar-Tigger	3135	+	180	51052393	52609
chr19	6679456	6879456	harbor1	chr19	6682553	6683438	DNA/TcMar-Tigger	4502	+	442	6682995	3539
chr19	6679456	6879456	harbor1	chr19	6683751	6683812	DNA/TcMar-Tigger	4502	+	30	6683781	4325
chr19	6679456	6879456	harbor1	chr19	6684120	6684240	DNA/TcMar-Tigger	4502	+	60	6684180	4724
chr19	55947572	56147572	harbor1	chr19	55949021	55949239	DNA/TcMar-Tigger	1590	+	109	55949130	1558
chr19	55947572	56147572	harbor1	chr19	55949538	55949648	DNA/TcMar-Tigger	1590	+	55	55949593	2021
chr19	55947572	56147572	harbor1	chr19	55950462	55950797	DNA/TcMar-Tigger	2827	+	168	55950630	3058
chr19	55947572	56147572	harbor1	chr19	56023401	56023814	DNA/TcMar-Tigger	1266	+	206	56023607	76035
chr19	55947572	56147572	harbor1	chr19	55951108	55951464	DNA/TcMar-Tigger	2827	+	178	55951286	3714
chr19	36439830	36639830	harbor1	chr19	36512920	36513251	DNA/TcMar-Tigger	1871	+	166	36513086	73256
chr19	32259246	32459246	harbor1	chr19	32302038	32302366	DNA/TcMar-Tigger	1511	+	164	32302202	42956
chr19	42345833	42545833	harbor1	chr19	42361348	42361665	DNA/TcMar-Tigger	1006	+	158	42361506	15673
chr19	42345833	42545833	harbor1	chr19	42414584	42414949	DNA/TcMar-Tigger	8371	+	182	42414766	68933
chr19	42345833	42545833	harbor1	chr19	42415261	42415529	DNA/TcMar-Tigger	8371	+	134	42415395	69562
chr19	42345833	42545833	harbor1	chr19	42415826	42416060	DNA/TcMar-Tigger	8371	+	117	42415943	70110
chr19	42345833	42545833	harbor1	chr19	42416355	42416910	DNA/TcMar-Tigger	8371	+	278	42416633	70800
chr19	42345833	42545833	harbor1	chr19	42417220	42417243	DNA/TcMar-Tigger	8371	+	12	42417232	71399
chr19	42345833	42545833	harbor1	chr19	42417684	42417985	DNA/TcMar-Tigger	8371	+	150	42417834	72001
chr19	42345833	42545833	harbor1	chr19	42418283	42418830	DNA/TcMar-Tigger	8371	+	274	42418557	72724
chr19	50589266	50789266	harbor1	chr19	50595293	50595501	DNA/TcMar-Tigger	12180	+	104	50595397	6131
chr19	50589266	50789266	harbor1	chr19	50595788	50596446	DNA/TcMar-Tigger	12180	+	329	50596117	6851
chr19	50589266	50789266	harbor1	chr19	50596756	50597270	DNA/TcMar-Tigger	12180	+	257	50597013	7747
chr19	50589266	50789266	harbor1	chr19	50597580	50598043	DNA/TcMar-Tigger	12180	+	232	50597812	8546
chr19	50589266	50789266	harbor1	chr19	50598339	50598528	DNA/TcMar-Tigger	12180	+	94	50598433	9167
chr19	31358035	31558035	harbor1	chr19	31425955	31426136	DNA/TcMar-Tigger	2936	+	90	31426045	68010
chr19	31358035	31558035	harbor1	chr19	31426417	31426818	DNA/TcMar-Tigger	2936	+	200	31426617	68582
chr19	40991912	41191912	harbor1	chr19	41040412	41040873	DNA/TcMar-Tigger	2697	+	230	41040642	48730
chr19	40991912	41191912	harbor1	chr19	41057020	41057345	DNA/TcMar-Tigger	1602	+	162	41057182	65270
chr19	44988977	45188977	harbor1	chr19	45042574	45042615	DNA/TcMar-Tigger	1441	+	20	45042594	53617
chr19	44988977	45188977	harbor1	chr19	45042916	45043194	DNA/TcMar-Tigger	1441	+	139	45043055	54078
chr19	8751329	8951329	harbor1	chr19	8817244	8817634	DNA/TcMar-Tigger	1714	+	195	8817439	66110
chr19	12552889	12752889	harbor1	chr19	12629399	12629600	DNA/TcMar-Tigger	4802	+	100	12629499	76610
chr19	12552889	12752889	harbor1	chr19	12630468	12631378	DNA/TcMar-Tigger	4802	+	455	12630923	78034
chr19	9449408	9649408	harbor1	chr19	9479563	9479937	DNA/TcMar-Tigger	1214	+	187	9479750	30342
chr19	34694532	34894532	harbor1	chr19	34708367	34708724	DNA/TcMar-Tigger	1599	+	178	34708545	14013
chr19	34694532	34894532	harbor1	chr19	34755526	34755743	DNA/TcMar-Tigger	825	+	108	34755634	61102
chr19	34694532	34894532	harbor1	chr19	34756044	34757083	DNA/TcMar-Tigger	5736	+	520	34756564	62032
chr19	34694532	34894532	harbor1	chr19	34757085	34757295	DNA/TcMar-Tigger	4073	+	105	34757190	62658
chr19	34694532	34894532	harbor1	chr19	34757585	34758328	DNA/TcMar-Tigger	4073	+	372	34757957	63425
chr19	34694532	34894532	harbor1	chr19	34787899	34788236	DNA/TcMar-Tigger	1984	+	168	34788067	93535
chr19	52253216	52453216	harbor1	chr19	52273962	52274176	DNA/TcMar-Tigger	1006	+	107	52274069	20853
chr19	52253216	52453216	harbor1	chr19	52274275	52274462	DNA/TcMar-Tigger	1006	+	94	52274369	21153
chr19	52253216	52453216	harbor1	chr19	52274461	52274600	DNA/TcMar-Tigger	904	+	70	52274531	21315
chr19	52253216	52453216	harbor1	chr19	52274843	52275665	DNA/TcMar-Tigger	5796	+	411	52275254	22038
chr19	52253216	52453216	harbor1	chr19	52275981	52276219	DNA/TcMar-Tigger	5796	+	119	52276100	22884
chr19	52253216	52453216	harbor1	chr19	52276518	52276677	DNA/TcMar-Tigger	650	+	80	52276598	23382
chr19	52253216	52453216	harbor1	chr19	52344631	52344797	DNA/TcMar-Tigger	901	+	83	52344714	91498
chr19	52253216	52453216	harbor1	chr19	52345082	52345142	DNA/TcMar-Tigger	901	+	30	52345112	91896
chr19	52253216	52453216	harbor1	chr19	52345238	52345430	DNA/TcMar-Tigger	800	+	96	52345334	92118
chr19	52253216	52453216	harbor1	chr19	52345425	52345695	DNA/TcMar-Tigger	6276	+	135	52345560	92344
chr19	52253216	52453216	harbor1	chr19	52346598	52346730	DNA/TcMar-Tigger	6276	+	66	52346664	93448
chr19	52253216	52453216	harbor1	chr19	52347028	52347525	DNA/TcMar-Tigger	6276	+	248	52347276	94060
chr19	52253216	52453216	harbor1	chr19	52347823	52348234	DNA/TcMar-Tigger	6276	+	206	52348029	94813
chr19	52253216	52453216	harbor1	chr19	52348485	52348668	DNA/TcMar-Tigger	681	+	92	52348577	95361
chr19	34483331	34683331	harbor1	chr19	34523103	34523439	DNA/TcMar-Tigger	1450	+	168	34523271	39940
chr19	16914335	17114335	harbor1	chr19	16987280	16987662	DNA/TcMar-Tigger	1246	+	191	16987471	73136
chr19	56362587	56562587	harbor1	chr19	56431216	56431341	DNA/TcMar-Tigger	645	+	62	56431278	68691
chr19	56362587	56562587	harbor1	chr19	56446316	56446644	DNA/TcMar-Tigger	1015	+	164	56446480	83893
chr19	42603773	42803773	harbor1	chr19	42660272	42660501	DNA/TcMar-Tigger	902	+	114	42660386	56613
chr19	18873847	19073847	harbor1	chr19	18969258	18969286	DNA/TcMar-Tigger	2164	+	14	18969272	95425
chr19	18873847	19073847	harbor1	chr19	18969596	18970075	DNA/TcMar-Tigger	2164	+	240	18969836	95989
chr19	11291347	11491347	harbor1	chr19	11368348	11368388	DNA/TcMar-Tigger	714	+	20	11368368	77021
chr19	11291347	11491347	harbor1	chr19	11368686	11368906	DNA/TcMar-Tigger	714	+	110	11368796	77449
chr19	48959554	49159554	harbor1	chr19	48984909	48985028	DNA/TcMar-Tigger	796	+	60	48984969	25415
chr19	48959554	49159554	harbor1	chr19	48985337	48985386	DNA/TcMar-Tigger	796	+	24	48985361	25807
chr19	48959554	49159554	harbor1	chr19	49012540	49012756	DNA/TcMar-Tigger	1833	+	108	49012648	53094
chr19	48959554	49159554	harbor1	chr19	49013369	49013632	DNA/TcMar-Tigger	1833	+	132	49013501	53947
chr19	48959554	49159554	harbor1	chr19	49013939	49014122	DNA/TcMar-Tigger	1833	+	92	49014031	54477
chr19	36730255	36930255	harbor1	chr19	36746140	36746373	DNA/TcMar-Tigger	1196	+	116	36746256	16001
chr19	36730255	36930255	harbor1	chr19	36809680	36810302	DNA/TcMar-Tigger	3285	+	311	36809991	79736
chr19	6570303	6770303	harbor1	chr19	6631919	6632149	DNA/TcMar-Tigger	1345	+	115	6632034	61731
chr19	46561691	46761691	harbor1	chr19	46615228	46615434	DNA/TcMar-Tigger	1195	+	103	46615331	53640
chr19	49037446	49237446	harbor1	chr19	49091009	49091090	DNA/TcMar-Tigger	1071	+	40	49091049	53603
chr19	49037446	49237446	harbor1	chr19	49091387	49091619	DNA/TcMar-Tigger	1071	+	116	49091503	54057
chr19	32584354	32784354	harbor1	chr19	32600211	32600257	DNA/TcMar-Tigger	731	+	23	32600234	15880
chr19	32584354	32784354	harbor1	chr19	32600549	32600703	DNA/TcMar-Tigger	731	+	77	32600626	16272
chr19	47917667	48117667	harbor1	chr19	47964856	47965001	DNA/TcMar-Tigger	1076	+	72	47964928	47261
chr19	47917667	48117667	harbor1	chr19	47965289	47965764	DNA/TcMar-Tigger	2136	+	238	47965527	47860
chr19	16630285	16830285	harbor1	chr19	16700764	16701001	DNA/TcMar-Tigger	1436	+	118	16700882	70597
chr19	16630285	16830285	harbor1	chr19	16715041	16715268	DNA/TcMar-Tigger	2001	+	114	16715155	84870
chr19	16630285	16830285	harbor1	chr19	16715579	16715817	DNA/TcMar-Tigger	2001	+	119	16715698	85413
chr19	58241878	58441878	harbor1	chr19	58329614	58329871	DNA/TcMar-Tigger	1496	+	128	58329742	87864
chr19	56915880	57115880	harbor1	chr19	56982275	56982454	DNA/TcMar-Tigger	1394	+	90	56982365	66485
chr19	56915880	57115880	harbor1	chr19	56982757	56982839	DNA/TcMar-Tigger	1394	+	41	56982798	66918
chr19	31392161	31592161	harbor1	chr19	31425955	31426136	DNA/TcMar-Tigger	2936	+	90	31426045	33884
chr19	31392161	31592161	harbor1	chr19	31426417	31426818	DNA/TcMar-Tigger	2936	+	200	31426617	34456
chr19	38926373	39126373	harbor1	chr19	38970558	38970818	DNA/TcMar-Tigger	853	+	130	38970688	44315
chr19	38926373	39126373	harbor1	chr19	38971116	38971178	DNA/TcMar-Tigger	853	+	31	38971147	44774
chr19	38926373	39126373	harbor1	chr19	39018190	39018787	DNA/TcMar-Tigger	9819	+	298	39018488	92115
chr19	38926373	39126373	harbor1	chr19	39019098	39019143	DNA/TcMar-Tigger	9819	+	22	39019120	92747
chr19	38926373	39126373	harbor1	chr19	39019455	39019731	DNA/TcMar-Tigger	9819	+	138	39019593	93220
chr19	38926373	39126373	harbor1	chr19	39020055	39020856	DNA/TcMar-Tigger	9819	+	400	39020455	94082
chr19	38926373	39126373	harbor1	chr19	39021161	39021669	DNA/TcMar-Tigger	3430	+	254	39021415	95042
chr19	38926373	39126373	harbor1	chr19	39021960	39022025	DNA/TcMar-Tigger	3430	+	32	39021992	95619
chr19	31963613	32163613	harbor1	chr19	32000550	32000981	DNA/TcMar-Tigger	2465	+	216	32000766	37153
chr19	31963613	32163613	harbor1	chr19	32016037	32016167	DNA/TcMar-Tigger	1563	+	65	32016102	52489
chr19	31963613	32163613	harbor1	chr19	32016516	32016781	DNA/TcMar-Tigger	1563	+	132	32016648	53035
chr19	8808705	9008705	harbor1	chr19	8817244	8817634	DNA/TcMar-Tigger	1714	+	195	8817439	8734
chr19	6080964	6280964	harbor1	chr19	6106399	6106609	DNA/TcMar-Tigger	920	+	105	6106504	25540
chr19	6080964	6280964	harbor1	chr19	6115939	6116377	DNA/TcMar-Tigger	2046	+	219	6116158	35194
chr19	13200607	13400607	harbor1	chr19	13260959	13261189	DNA/TcMar-Tigger	804	+	115	13261074	60467
chr19	40147367	40347367	harbor1	chr19	40188546	40189116	DNA/TcMar-Tigger	2668	+	285	40188831	41464
chr19	40147367	40347367	harbor1	chr19	40189409	40189420	DNA/TcMar-Tigger	2668	+	6	40189415	42048
chr19	40147367	40347367	harbor1	chr19	40189733	40189864	DNA/TcMar-Tigger	2668	+	66	40189799	42432
chr19	33998189	34198189	harbor1	chr19	34024761	34024926	DNA/TcMar-Tigger	1178	+	82	34024843	26654
chr19	33998189	34198189	harbor1	chr19	34073952	34074251	DNA/TcMar-Tigger	1578	+	150	34074102	75913
chr19	33998189	34198189	harbor1	chr19	34075536	34075699	DNA/TcMar-Tigger	3393	+	82	34075618	77429
chr19	33998189	34198189	harbor1	chr19	34076457	34076839	DNA/TcMar-Tigger	3393	+	191	34076648	78459
chr19	33998189	34198189	harbor1	chr19	34092076	34092466	DNA/TcMar-Tigger	2450	+	195	34092271	94082
chr19	45740949	45940949	harbor1	chr19	45833741	45833875	DNA/TcMar-Tigger	1414	+	67	45833808	92859
chr19	45740949	45940949	harbor1	chr19	45834484	45834671	DNA/TcMar-Tigger	1414	+	94	45834578	93629
chr19	34733123	34933123	harbor1	chr19	34755526	34755743	DNA/TcMar-Tigger	825	+	108	34755634	22511
chr19	34733123	34933123	harbor1	chr19	34756044	34757083	DNA/TcMar-Tigger	5736	+	520	34756564	23441
chr19	34733123	34933123	harbor1	chr19	34757085	34757295	DNA/TcMar-Tigger	4073	+	105	34757190	24067
chr19	34733123	34933123	harbor1	chr19	34757585	34758328	DNA/TcMar-Tigger	4073	+	372	34757957	24834
chr19	34733123	34933123	harbor1	chr19	34787899	34788236	DNA/TcMar-Tigger	1984	+	168	34788067	54944
chr19	34733123	34933123	harbor1	chr19	34830747	34831077	DNA/TcMar-Tigger	1898	+	165	34830912	97789
chr19	42597396	42797396	harbor1	chr19	42660272	42660501	DNA/TcMar-Tigger	902	+	114	42660386	62990
chr19	9288968	9488968	harbor1	chr19	9377059	9377604	DNA/TcMar-Tigger	2344	+	272	9377331	88363
chr19	4567421	4767421	harbor1	chr19	4616094	4616163	DNA/TcMar-Tigger	873	+	34	4616128	48707
chr19	4567421	4767421	harbor1	chr19	4616276	4616465	DNA/TcMar-Tigger	873	+	94	4616370	48949
chr19	4567421	4767421	harbor1	chr19	4617379	4617413	DNA/TcMar-Tigger	873	+	17	4617396	49975
chr19	43442362	43642362	harbor1	chr19	43517149	43517357	DNA/TcMar-Tigger	1425	+	104	43517253	74891
chr19	14416662	14616662	harbor1	chr19	14438115	14438322	DNA/TcMar-Tigger	1177	+	104	14438219	21557
chr19	2053643	2253643	harbor1	chr19	2127446	2127513	DNA/TcMar-Tigger	637	+	34	2127480	73837
chr19	2053643	2253643	harbor1	chr19	2127827	2128067	DNA/TcMar-Tigger	637	+	120	2127947	74304
chr19	18674548	18874548	harbor1	chr19	18737625	18737739	DNA/TcMar-Tigger	2040	+	57	18737682	63134
chr19	18674548	18874548	harbor1	chr19	18737783	18738041	DNA/TcMar-Tigger	2040	+	129	18737912	63364
chr19	18674548	18874548	harbor1	chr19	18738346	18738437	DNA/TcMar-Tigger	2040	+	46	18738392	63844
chr19	18674548	18874548	harbor1	chr19	18762947	18763092	DNA/TcMar-Tigger	1492	+	72	18763019	88471
chr19	18674548	18874548	harbor1	chr19	18763401	18763594	DNA/TcMar-Tigger	1492	+	96	18763497	88949
chr19	38911780	39111780	harbor1	chr19	38970558	38970818	DNA/TcMar-Tigger	853	+	130	38970688	58908
chr19	38911780	39111780	harbor1	chr19	38971116	38971178	DNA/TcMar-Tigger	853	+	31	38971147	59367
chr19	46916338	47116338	harbor1	chr19	46955916	46956034	DNA/TcMar-Tigger	931	+	59	46955975	39637
chr19	46916338	47116338	harbor1	chr19	46956328	46956419	DNA/TcMar-Tigger	931	+	46	46956374	40036
chr19	872511	1072511	harbor1	chr19	958547	958622	DNA/TcMar-Tigger	843	+	38	958585	86074
chr19	872511	1072511	harbor1	chr19	958903	959139	DNA/TcMar-Tigger	843	+	118	959021	86510
chr19	44773951	44973951	harbor1	chr19	44823565	44823696	DNA/TcMar-Tigger	698	+	66	44823631	49680
chr19	1546663	1746663	harbor1	chr19	1624596	1624853	DNA/TcMar-Tigger	816	+	128	1624724	78061
chr19	1546663	1746663	harbor1	chr19	1625146	1625243	DNA/TcMar-Tigger	816	+	48	1625194	78531
chr19	31611601	31811601	harbor1	chr19	31686661	31686994	DNA/TcMar-Tigger	1833	+	166	31686827	75226
chr19	18070546	18270546	harbor1	chr19	18086277	18086406	DNA/TcMar-Tigger	780	+	64	18086341	15795
chr19	6023673	6223673	harbor1	chr19	6106399	6106609	DNA/TcMar-Tigger	920	+	105	6106504	82831
chr19	6023673	6223673	harbor1	chr19	6115939	6116377	DNA/TcMar-Tigger	2046	+	219	6116158	92485
chr19	41617577	41817577	harbor1	chr19	41689568	41690004	DNA/TcMar-Tigger	2119	+	218	41689786	72209
chr19	41617577	41817577	harbor1	chr19	41712924	41713024	DNA/TcMar-Tigger	1160	+	50	41712974	95397
chr19	41617577	41817577	harbor1	chr19	41713332	41713488	DNA/TcMar-Tigger	1160	+	78	41713410	95833
chr19	52221263	52421263	harbor1	chr19	52273962	52274176	DNA/TcMar-Tigger	1006	+	107	52274069	52806
chr19	52221263	52421263	harbor1	chr19	52274275	52274462	DNA/TcMar-Tigger	1006	+	94	52274369	53106
chr19	52221263	52421263	harbor1	chr19	52274461	52274600	DNA/TcMar-Tigger	904	+	70	52274531	53268
chr19	52221263	52421263	harbor1	chr19	52274843	52275665	DNA/TcMar-Tigger	5796	+	411	52275254	53991
chr19	52221263	52421263	harbor1	chr19	52275981	52276219	DNA/TcMar-Tigger	5796	+	119	52276100	54837
chr19	52221263	52421263	harbor1	chr19	52276518	52276677	DNA/TcMar-Tigger	650	+	80	52276598	55335
chr19	47792511	47992511	harbor1	chr19	47811304	47811496	DNA/TcMar-Tigger	1030	+	96	47811400	18889
chr19	47792511	47992511	harbor1	chr19	47811796	47811845	DNA/TcMar-Tigger	1030	+	24	47811820	19309
chr19	55887288	56087288	harbor1	chr19	55890580	55890785	DNA/TcMar-Tigger	933	+	102	55890682	3394
chr19	55887288	56087288	harbor1	chr19	55949021	55949239	DNA/TcMar-Tigger	1590	+	109	55949130	61842
chr19	55887288	56087288	harbor1	chr19	55949538	55949648	DNA/TcMar-Tigger	1590	+	55	55949593	62305
chr19	55887288	56087288	harbor1	chr19	55950462	55950797	DNA/TcMar-Tigger	2827	+	168	55950630	63342
chr19	55887288	56087288	harbor1	chr19	55951108	55951464	DNA/TcMar-Tigger	2827	+	178	55951286	63998
chr19	6210428	6410428	harbor1	chr19	6258294	6258479	DNA/TcMar-Tigger	768	+	92	6258386	47958
chr19	56370133	56570133	harbor1	chr19	56431216	56431341	DNA/TcMar-Tigger	645	+	62	56431278	61145
chr19	56370133	56570133	harbor1	chr19	56446316	56446644	DNA/TcMar-Tigger	1015	+	164	56446480	76347
chr19	28651332	28851332	harbor1	chr19	28712467	28713302	DNA/TcMar-Tigger	4309	+	418	28712885	61553
chr19	54840869	55040869	harbor1	chr19	54848916	54849138	DNA/TcMar-Tigger	1321	+	111	54849027	8158
chr19	54840869	55040869	harbor1	chr19	54849447	54849545	DNA/TcMar-Tigger	1321	+	49	54849496	8627
chr19	54840869	55040869	harbor1	chr19	54867557	54867875	DNA/TcMar-Tigger	1466	+	159	54867716	26847
chr19	36324180	36524180	harbor1	chr19	36337358	36337653	DNA/TcMar-Tigger	1312	+	148	36337506	13326
chr19	36324180	36524180	harbor1	chr19	36399579	36400133	DNA/TcMar-Tigger	982	+	277	36399856	75676
chr19	37397279	37597279	harbor1	chr19	37463231	37464190	DNA/TcMar-Tigger	5830	+	480	37463711	66432
chr19	37397279	37597279	harbor1	chr19	37464478	37464761	DNA/TcMar-Tigger	5830	+	142	37464620	67341
chr19	38677511	38877511	harbor1	chr19	38758135	38758446	DNA/TcMar-Tigger	3082	+	156	38758291	80780
chr19	38677511	38877511	harbor1	chr19	38759056	38759317	DNA/TcMar-Tigger	3082	+	130	38759186	81675
chr19	28012743	28212743	harbor1	chr19	28083098	28083354	DNA/TcMar-Tigger	998	+	128	28083226	70483
chr19	28012743	28212743	harbor1	chr19	28084215	28084310	DNA/TcMar-Tigger	998	+	48	28084263	71520
chr19	11736611	11936611	harbor1	chr19	11756148	11756398	DNA/TcMar-Tigger	1208	+	125	11756273	19662
chr19	11736611	11936611	harbor1	chr19	11759281	11759709	DNA/TcMar-Tigger	2383	+	214	11759495	22884
chr19	2056652	2256652	harbor1	chr19	2127446	2127513	DNA/TcMar-Tigger	637	+	34	2127480	70828
chr19	2056652	2256652	harbor1	chr19	2127827	2128067	DNA/TcMar-Tigger	637	+	120	2127947	71295
chr19	39120163	39320163	harbor1	chr19	39152233	39152829	DNA/TcMar-Tigger	3248	+	298	39152531	32368
chr19	32512019	32712019	harbor1	chr19	32527501	32528036	DNA/TcMar-Tigger	2867	+	268	32527769	15750
chr19	32512019	32712019	harbor1	chr19	32546462	32546521	DNA/TcMar-Tigger	1815	+	30	32546492	34473
chr19	32512019	32712019	harbor1	chr19	32546843	32547135	DNA/TcMar-Tigger	1815	+	146	32546989	34970
chr19	32512019	32712019	harbor1	chr19	32600211	32600257	DNA/TcMar-Tigger	731	+	23	32600234	88215
chr19	32512019	32712019	harbor1	chr19	32600549	32600703	DNA/TcMar-Tigger	731	+	77	32600626	88607
chr19	93271	293271	harbor1	chr19	122304	122396	DNA/TcMar-Tigger	1033	+	46	122350	29079
chr19	93271	293271	harbor1	chr19	122689	122823	DNA/TcMar-Tigger	1033	+	67	122756	29485
chr19	93271	293271	harbor1	chr19	122824	123283	DNA/TcMar-Tigger	2350	+	230	123054	29783
chr19	50757605	50957605	harbor1	chr19	50762610	50762844	DNA/TcMar-Tigger	1209	+	117	50762727	5122
chr19	11660679	11860679	harbor1	chr19	11719440	11720450	DNA/TcMar-Tigger	1928	+	505	11719945	59266
chr19	11660679	11860679	harbor1	chr19	11720749	11720899	DNA/TcMar-Tigger	1928	+	75	11720824	60145
chr19	11660679	11860679	harbor1	chr19	11721324	11721574	DNA/TcMar-Tigger	1277	+	125	11721449	60770
chr19	11660679	11860679	harbor1	chr19	11724364	11724555	DNA/TcMar-Tigger	2111	+	96	11724460	63781
chr19	11660679	11860679	harbor1	chr19	11724860	11725104	DNA/TcMar-Tigger	2111	+	122	11724982	64303
chr19	11660679	11860679	harbor1	chr19	11756148	11756398	DNA/TcMar-Tigger	1208	+	125	11756273	95594
chr19	11660679	11860679	harbor1	chr19	11759281	11759709	DNA/TcMar-Tigger	2383	+	214	11759495	98816
chr19	56017306	56217306	harbor1	chr19	56023401	56023814	DNA/TcMar-Tigger	1266	+	206	56023607	6301
chr19	56017306	56217306	harbor1	chr19	56069754	56070034	DNA/TcMar-Tigger	1291	+	140	56069894	52588
chr19	13485073	13685073	harbor1	chr19	13533932	13534358	DNA/TcMar-Tigger	1044	+	213	13534145	49072
chr19	13485073	13685073	harbor1	chr19	13534666	13534707	DNA/TcMar-Tigger	1044	+	20	13534686	49613
chr19	14353176	14553176	harbor1	chr19	14438115	14438322	DNA/TcMar-Tigger	1177	+	104	14438219	85043
chr19	45739566	45939566	harbor1	chr19	45833741	45833875	DNA/TcMar-Tigger	1414	+	67	45833808	94242
chr19	45739566	45939566	harbor1	chr19	45834484	45834671	DNA/TcMar-Tigger	1414	+	94	45834578	95012
chr19	30078968	30278968	harbor1	chr19	30098962	30100148	DNA/TcMar-Tigger	5822	+	593	30099555	20587
chr19	30078968	30278968	harbor1	chr19	30100591	30100662	DNA/TcMar-Tigger	5822	+	36	30100627	21659
chr19	30078968	30278968	harbor1	chr19	30111934	30112291	DNA/TcMar-Tigger	987	+	178	30112112	33144
chr19	57906972	58106972	harbor1	chr19	57997145	57997384	DNA/TcMar-Tigger	657	+	120	57997265	90293
chr19	29633896	29833896	harbor1	chr19	29701654	29701799	DNA/TcMar-Tigger	660	+	72	29701726	67830
chr19	29633896	29833896	harbor1	chr19	29701788	29701997	DNA/TcMar-Tigger	1082	+	104	29701892	67996
chr19	54122449	54322449	harbor1	chr19	54197503	54197697	DNA/TcMar-Tigger	2103	+	97	54197600	75151
chr19	54122449	54322449	harbor1	chr19	54198010	54198130	DNA/TcMar-Tigger	2103	+	60	54198070	75621
chr19	54122449	54322449	harbor1	chr19	54198431	54198470	DNA/TcMar-Tigger	2103	+	20	54198451	76002
chr19	54122449	54322449	harbor1	chr19	54198783	54198849	DNA/TcMar-Tigger	2103	+	33	54198816	76367
chr19	54122449	54322449	harbor1	chr19	54215120	54215195	DNA/TcMar-Tigger	648	+	38	54215158	92709
chr19	54122449	54322449	harbor1	chr19	54215498	54215557	DNA/TcMar-Tigger	648	+	30	54215528	93079
chr19	30095508	30295508	harbor1	chr19	30098962	30100148	DNA/TcMar-Tigger	5822	+	593	30099555	4047
chr19	30095508	30295508	harbor1	chr19	30100591	30100662	DNA/TcMar-Tigger	5822	+	36	30100627	5119
chr19	30095508	30295508	harbor1	chr19	30111934	30112291	DNA/TcMar-Tigger	987	+	178	30112112	16604
chr19	54778112	54978112	harbor1	chr19	54784672	54784980	DNA/TcMar-Tigger	1307	+	154	54784826	6714
chr19	54778112	54978112	harbor1	chr19	54814863	54815171	DNA/TcMar-Tigger	1421	+	154	54815017	36905
chr19	54778112	54978112	harbor1	chr19	54831128	54831436	DNA/TcMar-Tigger	1395	+	154	54831282	53170
chr19	54778112	54978112	harbor1	chr19	54848916	54849138	DNA/TcMar-Tigger	1321	+	111	54849027	70915
chr19	54778112	54978112	harbor1	chr19	54849447	54849545	DNA/TcMar-Tigger	1321	+	49	54849496	71384
chr19	54778112	54978112	harbor1	chr19	54867557	54867875	DNA/TcMar-Tigger	1466	+	159	54867716	89604
chr19	14114448	14314448	harbor1	chr19	14124499	14124968	DNA/TcMar-Tigger	2968	+	234	14124733	10285
chr19	14114448	14314448	harbor1	chr19	14125257	14125442	DNA/TcMar-Tigger	2968	+	92	14125349	10901
chr19	14114448	14314448	harbor1	chr19	14173395	14173540	DNA/TcMar-Tigger	766	+	72	14173467	59019
chr20	14587768	14787768	harbor1	chr20	14686097	14686169	DNA/TcMar-Tigger	2054	+	36	14686133	98365
chr20	14587768	14787768	harbor1	chr20	14686527	14686789	DNA/TcMar-Tigger	2054	+	131	14686658	98890
chr20	9510451	9710451	harbor1	chr20	9534447	9534686	DNA/TcMar-Tigger	1468	+	120	9534567	24116
chr20	12831940	13031940	harbor1	chr20	12833561	12834597	DNA/TcMar-Tigger	4657	+	518	12834079	2139
chr20	12831940	13031940	harbor1	chr20	12904332	12904906	DNA/TcMar-Tigger	6155	+	287	12904619	72679
chr20	12831940	13031940	harbor1	chr20	12905170	12905494	DNA/TcMar-Tigger	6155	+	162	12905332	73392
chr20	12831940	13031940	harbor1	chr20	12905804	12906110	DNA/TcMar-Tigger	6155	+	153	12905957	74017
chr20	59911549	60111549	harbor1	chr20	60004939	60005358	DNA/TcMar-Tigger	2528	+	210	60005149	93600
chr20	25075738	25275738	harbor1	chr20	25121076	25121259	DNA/TcMar-Tigger	568	+	92	25121168	45430
chr20	54499841	54699841	harbor1	chr20	54537763	54537831	DNA/TcMar-Tigger	693	+	34	54537797	37956
chr20	54499841	54699841	harbor1	chr20	54538137	54538267	DNA/TcMar-Tigger	693	+	65	54538202	38361
chr20	54499841	54699841	harbor1	chr20	54549546	54549757	DNA/TcMar-Tigger	570	+	106	54549652	49811
chr20	35099396	35299396	harbor1	chr20	35127791	35128103	DNA/TcMar-Tigger	5380	+	156	35127947	28551
chr20	35099396	35299396	harbor1	chr20	35128410	35128982	DNA/TcMar-Tigger	5380	+	286	35128696	29300
chr20	35099396	35299396	harbor1	chr20	35129587	35130017	DNA/TcMar-Tigger	5380	+	215	35129802	30406
chr20	35099396	35299396	harbor1	chr20	35132838	35132924	DNA/TcMar-Tigger	440	+	43	35132881	33485
chr20	35099396	35299396	harbor1	chr20	35133399	35133469	DNA/TcMar-Tigger	440	+	35	35133434	34038
chr20	35099396	35299396	harbor1	chr20	35133767	35133860	DNA/TcMar-Tigger	440	+	46	35133813	34417
chr20	35099396	35299396	harbor1	chr20	35196960	35197129	DNA/TcMar-Tigger	878	+	84	35197044	97648
chr20	35099396	35299396	harbor1	chr20	35197279	35197547	DNA/TcMar-Tigger	14944	+	134	35197413	98017
chr20	35099396	35299396	harbor1	chr20	35197845	35198002	DNA/TcMar-Tigger	14944	+	78	35197923	98527
chr20	35099396	35299396	harbor1	chr20	35198303	35198717	DNA/TcMar-Tigger	14944	+	207	35198510	99114
chr20	35099396	35299396	harbor1	chr20	35199014	35199468	DNA/TcMar-Tigger	14944	+	227	35199241	99845
chr20	16775678	16975678	harbor1	chr20	16874086	16874410	DNA/TcMar-Tigger	1797	+	162	16874248	98570
chr20	8219152	8419152	harbor1	chr20	8255833	8256163	DNA/TcMar-Tigger	2012	+	165	8255998	36846
chr20	52274212	52474212	harbor1	chr20	52325671	52326034	DNA/TcMar-Tigger	874	+	182	52325853	51641
chr20	52274212	52474212	harbor1	chr20	52327200	52329603	DNA/TcMar-Tigger	16179	+	1202	52328402	54190
chr20	52274212	52474212	harbor1	chr20	52332039	52332186	DNA/TcMar-Tigger	406	+	74	52332113	57901
chr20	33291219	33491219	harbor1	chr20	33376461	33376946	DNA/TcMar-Tigger	3042	+	242	33376703	85484
chr20	45243742	45443742	harbor1	chr20	45246580	45246716	DNA/TcMar-Tigger	806	+	68	45246648	2906
chr20	45243742	45443742	harbor1	chr20	45246724	45247570	DNA/TcMar-Tigger	5169	+	423	45247147	3405
chr20	16418786	16618786	harbor1	chr20	16438248	16438571	DNA/TcMar-Tigger	1623	+	162	16438410	19624
chr20	16418786	16618786	harbor1	chr20	16443000	16443141	DNA/TcMar-Tigger	769	+	70	16443070	24284
chr20	16418786	16618786	harbor1	chr20	16478418	16478915	DNA/TcMar-Tigger	2331	+	248	16478666	59880
chr20	16418786	16618786	harbor1	chr20	16479564	16479900	DNA/TcMar-Tigger	1978	+	168	16479732	60946
chr20	16418786	16618786	harbor1	chr20	16511669	16511868	DNA/TcMar-Tigger	1017	+	100	16511769	92983
chr20	16418786	16618786	harbor1	chr20	16512159	16512186	DNA/TcMar-Tigger	1017	+	14	16512173	93387
chr20	3988836	4188836	harbor1	chr20	4087610	4087724	DNA/TcMar-Tigger	1391	+	57	4087667	98831
chr20	3988836	4188836	harbor1	chr20	4088035	4088268	DNA/TcMar-Tigger	1391	+	116	4088151	99315
chr20	3988836	4188836	harbor1	chr20	4088327	4088521	DNA/TcMar-Tigger	1237	+	97	4088424	99588
chr20	41427017	41627017	harbor1	chr20	41437372	41437634	DNA/TcMar-Tigger	1375	+	131	41437503	10486
chr20	41427017	41627017	harbor1	chr20	41485385	41485639	DNA/TcMar-Tigger	779	+	127	41485512	58495
chr20	46232914	46432914	harbor1	chr20	46247355	46247672	DNA/TcMar-Tigger	1905	+	158	46247513	14599
chr20	6221885	6421885	harbor1	chr20	6232377	6232538	DNA/TcMar-Tigger	604	+	80	6232457	10572
chr20	6221885	6421885	harbor1	chr20	6247731	6248047	DNA/TcMar-Tigger	2116	+	158	6247889	26004
chr20	6221885	6421885	harbor1	chr20	6248344	6248412	DNA/TcMar-Tigger	2116	+	34	6248378	26493
chr20	53958343	54158343	harbor1	chr20	54038816	54039120	DNA/TcMar-Tigger	907	+	152	54038968	80625
chr20	30631167	30831167	harbor1	chr20	30706359	30706492	DNA/TcMar-Tigger	838	+	66	30706425	75258
chr20	30631167	30831167	harbor1	chr20	30711207	30711630	DNA/TcMar-Tigger	1855	+	212	30711419	80252
chr20	10030518	10230518	harbor1	chr20	10058108	10058250	DNA/TcMar-Tigger	1007	+	71	10058179	27661
chr20	10030518	10230518	harbor1	chr20	10058248	10058434	DNA/TcMar-Tigger	844	+	93	10058341	27823
chr20	10030518	10230518	harbor1	chr20	10102238	10102638	DNA/TcMar-Tigger	2101	+	200	10102438	71920
chr20	52379422	52579422	harbor1	chr20	52381101	52381330	DNA/TcMar-Tigger	1025	+	114	52381215	1793
chr20	52379422	52579422	harbor1	chr20	52381874	52381933	DNA/TcMar-Tigger	1025	+	30	52381904	2482
chr20	50997772	51197772	harbor1	chr20	51043766	51044071	DNA/TcMar-Tigger	3419	+	152	51043918	46146
chr20	50997772	51197772	harbor1	chr20	51044367	51044651	DNA/TcMar-Tigger	3419	+	142	51044509	46737
chr20	59001141	59201141	harbor1	chr20	59003409	59003579	DNA/TcMar-Tigger	767	+	85	59003494	2353
chr20	59001141	59201141	harbor1	chr20	59048370	59049086	DNA/TcMar-Tigger	1339	+	358	59048728	47587
chr20	59001141	59201141	harbor1	chr20	59049395	59049526	DNA/TcMar-Tigger	1339	+	66	59049461	48320
chr20	58248545	58448545	harbor1	chr20	58288476	58288823	DNA/TcMar-Tigger	774	+	174	58288650	40105
chr20	58248545	58448545	harbor1	chr20	58289125	58289222	DNA/TcMar-Tigger	774	+	48	58289173	40628
chr20	58248545	58448545	harbor1	chr20	58318381	58318617	DNA/TcMar-Tigger	946	+	118	58318499	69954
chr20	58248545	58448545	harbor1	chr20	58329881	58330224	DNA/TcMar-Tigger	1620	+	172	58330053	81508
chr20	58248545	58448545	harbor1	chr20	58347281	58347824	DNA/TcMar-Tigger	1801	+	272	58347553	99008
chr20	36003339	36203339	harbor1	chr20	36042751	36042962	DNA/TcMar-Tigger	985	+	106	36042857	39518
chr20	54215015	54415015	harbor1	chr20	54260774	54261012	DNA/TcMar-Tigger	1175	+	119	54260893	45878
chr20	54215015	54415015	harbor1	chr20	54264782	54265085	DNA/TcMar-Tigger	1283	+	152	54264934	49919
chr20	13475083	13675083	harbor1	chr20	13508351	13508583	DNA/TcMar-Tigger	1512	+	116	13508467	33384
chr20	13475083	13675083	harbor1	chr20	13552069	13552953	DNA/TcMar-Tigger	3811	+	442	13552511	77428
chr20	13475083	13675083	harbor1	chr20	13553245	13553384	DNA/TcMar-Tigger	3811	+	70	13553315	78232
chr20	53709583	53909583	harbor1	chr20	53750615	53750796	DNA/TcMar-Tigger	598	+	90	53750705	41122
chr20	53709583	53909583	harbor1	chr20	53784894	53784982	DNA/TcMar-Tigger	1581	+	44	53784938	75355
chr20	53709583	53909583	harbor1	chr20	53785280	53785432	DNA/TcMar-Tigger	1581	+	76	53785356	75773
chr20	53709583	53909583	harbor1	chr20	53785695	53785789	DNA/TcMar-Tigger	1581	+	47	53785742	76159
chr20	16978792	17178792	harbor1	chr20	16984146	16986518	DNA/TcMar-Tigger	14268	+	1186	16985332	6540
chr20	4199183	4399183	harbor1	chr20	4223585	4223930	DNA/TcMar-Tigger	2232	+	172	4223757	24574
chr20	52133261	52333261	harbor1	chr20	52139792	52141879	DNA/TcMar-Tigger	16004	+	1044	52140836	7575
chr20	52133261	52333261	harbor1	chr20	52142541	52142559	DNA/TcMar-Tigger	16004	+	9	52142550	9289
chr20	52133261	52333261	harbor1	chr20	52142867	52143250	DNA/TcMar-Tigger	16004	+	192	52143059	9798
chr20	52133261	52333261	harbor1	chr20	52232295	52232604	DNA/TcMar-Tigger	1471	+	154	52232449	99188
chr20	45816552	46016552	harbor1	chr20	45867917	45868420	DNA/TcMar-Tigger	1370	+	252	45868169	51617
chr20	45816552	46016552	harbor1	chr20	45868683	45868805	DNA/TcMar-Tigger	1370	+	61	45868744	52192
chr20	45816552	46016552	harbor1	chr20	45869102	45869229	DNA/TcMar-Tigger	1370	+	64	45869166	52614
chr20	38458967	38658967	harbor1	chr20	38500188	38501214	DNA/TcMar-Tigger	6076	+	513	38500701	41734
chr20	38458967	38658967	harbor1	chr20	38501215	38501290	DNA/TcMar-Tigger	442	+	38	38501253	42286
chr20	38458967	38658967	harbor1	chr20	38503116	38503342	DNA/TcMar-Tigger	1167	+	113	38503229	44262
chr20	38458967	38658967	harbor1	chr20	38503368	38503923	DNA/TcMar-Tigger	3462	+	278	38503646	44679
chr20	38458967	38658967	harbor1	chr20	38505571	38505829	DNA/TcMar-Tigger	1160	+	129	38505700	46733
chr20	38458967	38658967	harbor1	chr20	38505945	38506275	DNA/TcMar-Tigger	1620	+	165	38506110	47143
chr20	38458967	38658967	harbor1	chr20	38556791	38557016	DNA/TcMar-Tigger	979	+	112	38556903	97936
chr20	38458967	38658967	harbor1	chr20	38501728	38502592	DNA/TcMar-Tigger	4659	+	432	38502160	43193
chr20	32123577	32323577	harbor1	chr20	32134425	32134660	DNA/TcMar-Tigger	635	+	118	32134543	10966
chr20	32123577	32323577	harbor1	chr20	32134952	32135005	DNA/TcMar-Tigger	635	+	26	32134978	11401
chr20	17792169	17992169	harbor1	chr20	17832412	17833526	DNA/TcMar-Tigger	6697	+	557	17832969	40800
chr20	4764491	4964491	harbor1	chr20	4851649	4851912	DNA/TcMar-Tigger	989	+	132	4851781	87290
chr20	4764491	4964491	harbor1	chr20	4852215	4852310	DNA/TcMar-Tigger	989	+	48	4852263	87772
chr20	4764491	4964491	harbor1	chr20	4860173	4860542	DNA/TcMar-Tigger	1424	+	184	4860357	95866
chr20	4764491	4964491	harbor1	chr20	4860539	4860628	DNA/TcMar-Tigger	446	+	44	4860583	96092
chr20	15172802	15372802	harbor1	chr20	15234778	15234965	DNA/TcMar-Tigger	408	+	94	15234872	62070
chr20	15172802	15372802	harbor1	chr20	15245554	15245873	DNA/TcMar-Tigger	1892	+	160	15245714	72912
chr20	15172802	15372802	harbor1	chr20	15257528	15258690	DNA/TcMar-Tigger	6366	+	581	15258109	85307
chr20	52368674	52568674	harbor1	chr20	52381101	52381330	DNA/TcMar-Tigger	1025	+	114	52381215	12541
chr20	52368674	52568674	harbor1	chr20	52381874	52381933	DNA/TcMar-Tigger	1025	+	30	52381904	13230
chr21	15699057	15899057	harbor1	chr21	15735225	15735554	DNA/TcMar-Tigger	1923	+	164	15735389	36332
chr21	15699057	15899057	harbor1	chr21	15797743	15798077	DNA/TcMar-Tigger	1406	+	167	15797910	98853
chr21	22522653	22722653	harbor1	chr21	22542433	22542868	DNA/TcMar-Tigger	2010	+	218	22542651	19998
chr21	31951876	32151876	harbor1	chr21	32025279	32025992	DNA/TcMar-Tigger	3784	+	356	32025635	73759
chr21	31951876	32151876	harbor1	chr21	32029033	32029467	DNA/TcMar-Tigger	2521	+	217	32029250	77374
chr21	46571871	46771871	harbor1	chr21	46572098	46572440	DNA/TcMar-Tigger	1653	+	171	46572269	398
chr21	46571871	46771871	harbor1	chr21	46572796	46573096	DNA/TcMar-Tigger	1653	+	150	46572946	1075
chr21	46571871	46771871	harbor1	chr21	46617460	46617771	DNA/TcMar-Tigger	5425	+	156	46617616	45745
chr21	46571871	46771871	harbor1	chr21	46617836	46618275	DNA/TcMar-Tigger	5425	+	220	46618056	46185
chr21	46571871	46771871	harbor1	chr21	46618578	46619284	DNA/TcMar-Tigger	5425	+	353	46618931	47060
chr21	46571871	46771871	harbor1	chr21	46654564	46654868	DNA/TcMar-Tigger	1136	+	152	46654716	82845
chr21	34627057	34827057	harbor1	chr21	34667293	34667628	DNA/TcMar-Tigger	688	+	168	34667461	40404
chr21	26046952	26246952	harbor1	chr21	26094742	26094849	DNA/TcMar-Tigger	2141	+	54	26094796	47844
chr21	26046952	26246952	harbor1	chr21	26095144	26095161	DNA/TcMar-Tigger	2141	+	8	26095152	48200
chr21	26046952	26246952	harbor1	chr21	26095279	26095681	DNA/TcMar-Tigger	2141	+	201	26095480	48528
chr21	16346567	16546567	harbor1	chr21	16445338	16446427	DNA/TcMar-Tigger	5820	+	544	16445882	99315
chr21	28917077	29117077	harbor1	chr21	28937648	28937874	DNA/TcMar-Tigger	1434	+	113	28937761	20684
chr21	28917077	29117077	harbor1	chr21	28939005	28939338	DNA/TcMar-Tigger	1162	+	166	28939171	22094
chr21	28917077	29117077	harbor1	chr21	28962229	28964595	DNA/TcMar-Tigger	14847	+	1183	28963412	46335
chr21	28917077	29117077	harbor1	chr21	28979599	28979687	DNA/TcMar-Tigger	3210	+	44	28979643	62566
chr21	28917077	29117077	harbor1	chr21	28979990	28980391	DNA/TcMar-Tigger	3210	+	200	28980190	63113
chr21	28917077	29117077	harbor1	chr21	28980559	28980749	DNA/TcMar-Tigger	3210	+	95	28980654	63577
chr21	30089444	30289444	harbor1	chr21	30091685	30092063	DNA/TcMar-Tigger	803	+	189	30091874	2430
chr21	28827894	29027894	harbor1	chr21	28894042	28894293	DNA/TcMar-Tigger	2007	+	126	28894168	66274
chr21	28827894	29027894	harbor1	chr21	28894605	28894726	DNA/TcMar-Tigger	2007	+	60	28894665	66771
chr21	28827894	29027894	harbor1	chr21	28916707	28917029	DNA/TcMar-Tigger	1758	+	161	28916868	88974
chr21	26791196	26991196	harbor1	chr21	26854170	26854436	DNA/TcMar-Tigger	1584	+	133	26854303	63107
chr21	26760630	26960630	harbor1	chr21	26771172	26771453	DNA/TcMar-Tigger	822	+	140	26771312	10682
chr21	26760630	26960630	harbor1	chr21	26854170	26854436	DNA/TcMar-Tigger	1584	+	133	26854303	93673
chr22	25608820	25808820	harbor1	chr22	25652692	25653063	DNA/TcMar-Tigger	1637	+	186	25652878	44058
chr22	25798460	25998460	harbor1	chr22	25838483	25838800	DNA/TcMar-Tigger	1807	+	158	25838641	40181
chr22	25798460	25998460	harbor1	chr22	25861925	25862267	DNA/TcMar-Tigger	1877	+	171	25862096	63636
chr22	34960747	35160747	harbor1	chr22	35041546	35041924	DNA/TcMar-Tigger	1452	+	189	35041735	80988
chr22	48834009	49034009	harbor1	chr22	48847039	48847264	DNA/TcMar-Tigger	1144	+	112	48847151	13142
chr22	48834009	49034009	harbor1	chr22	48847315	48847422	DNA/TcMar-Tigger	488	+	54	48847369	13360
chr22	31630915	31830915	harbor1	chr22	31632435	31632989	DNA/TcMar-Tigger	3231	+	277	31632712	1797
chr22	31630915	31830915	harbor1	chr22	31644722	31644842	DNA/TcMar-Tigger	1068	+	60	31644782	13867
chr22	31630915	31830915	harbor1	chr22	31645139	31645235	DNA/TcMar-Tigger	1068	+	48	31645187	14272
chr22	31630915	31830915	harbor1	chr22	31645897	31646038	DNA/TcMar-Tigger	747	+	70	31645967	15052
chr22	31630915	31830915	harbor1	chr22	31699384	31699612	DNA/TcMar-Tigger	1298	+	114	31699498	68583
chr22	27398645	27598645	harbor1	chr22	27447867	27448252	DNA/TcMar-Tigger	2031	+	192	27448059	49414
chr22	23536621	23736621	harbor1	chr22	23611661	23611910	DNA/TcMar-Tigger	991	+	124	23611785	75164
chr22	29186412	29386412	harbor1	chr22	29253013	29253091	DNA/TcMar-Tigger	449	+	39	29253052	66640
chr22	29186412	29386412	harbor1	chr22	29253592	29253669	DNA/TcMar-Tigger	435	+	38	29253630	67218
chr22	17057474	17257474	harbor1	chr22	17067497	17067549	DNA/TcMar-Tigger	1352	+	26	17067523	10049
chr22	17057474	17257474	harbor1	chr22	17067842	17068101	DNA/TcMar-Tigger	1352	+	130	17067972	10498
chr22	17057474	17257474	harbor1	chr22	17155766	17155845	DNA/TcMar-Tigger	424	+	40	17155806	98332
chr22	17057474	17257474	harbor1	chr22	17155835	17156320	DNA/TcMar-Tigger	2685	+	242	17156077	98603
chr22	17057474	17257474	harbor1	chr22	17156501	17156514	DNA/TcMar-Tigger	599	+	6	17156507	99033
chr22	17057474	17257474	harbor1	chr22	17157125	17157266	DNA/TcMar-Tigger	599	+	70	17157195	99721
chr22	25044341	25244341	harbor1	chr22	25088911	25089251	DNA/TcMar-Tigger	2099	+	170	25089081	44740
chr22	25044341	25244341	harbor1	chr22	25130393	25130690	DNA/TcMar-Tigger	907	+	148	25130541	86200
chr22	15522096	15722096	harbor1	chr22	15541733	15542097	DNA/TcMar-Tigger	2138	+	182	15541915	19819
chr22	23731916	23931916	harbor1	chr22	23784580	23784664	DNA/TcMar-Tigger	2003	+	42	23784622	52706
chr22	23731916	23931916	harbor1	chr22	23785294	23785557	DNA/TcMar-Tigger	2003	+	132	23785426	53510
chr22	45007269	45207269	harbor1	chr22	45064966	45065209	DNA/TcMar-Tigger	448	+	122	45065088	57819
chr22	25299456	25499456	harbor1	chr22	25311455	25311577	DNA/TcMar-Tigger	445	+	61	25311516	12060
chr22	25299456	25499456	harbor1	chr22	25380701	25380798	DNA/TcMar-Tigger	441	+	48	25380749	81293
chr22	25299456	25499456	harbor1	chr22	25381110	25381189	DNA/TcMar-Tigger	441	+	40	25381150	81694
chr22	44965786	45165786	harbor1	chr22	45064966	45065209	DNA/TcMar-Tigger	448	+	122	45065088	99302
chr22	41067104	41267104	harbor1	chr22	41100488	41100840	DNA/TcMar-Tigger	1953	+	176	41100664	33560
chr22	29139843	29339843	harbor1	chr22	29177992	29178069	DNA/TcMar-Tigger	1980	+	38	29178030	38187
chr22	29139843	29339843	harbor1	chr22	29178368	29178632	DNA/TcMar-Tigger	1980	+	132	29178500	38657
chr22	29139843	29339843	harbor1	chr22	29178651	29178952	DNA/TcMar-Tigger	1927	+	150	29178801	38958
chr22	30277412	30477412	harbor1	chr22	30279905	30280009	DNA/TcMar-Tigger	532	+	52	30279957	2545
chr22	30277412	30477412	harbor1	chr22	30280001	30280080	DNA/TcMar-Tigger	3544	+	40	30280041	2629
chr22	30277412	30477412	harbor1	chr22	30280378	30280772	DNA/TcMar-Tigger	3544	+	197	30280575	3163
chr22	30277412	30477412	harbor1	chr22	30281078	30281109	DNA/TcMar-Tigger	3544	+	16	30281094	3682
chr22	30277412	30477412	harbor1	chr22	30282044	30282322	DNA/TcMar-Tigger	3544	+	139	30282183	4771
chr22	11831464	12031464	harbor1	chr22	11845733	11846023	DNA/TcMar-Tigger	1622	+	145	11845878	14414
chr22	33488232	33688232	harbor1	chr22	33513848	33514180	DNA/TcMar-Tigger	1973	+	166	33514014	25782
chr22	33488232	33688232	harbor1	chr22	33514390	33514701	DNA/TcMar-Tigger	1114	+	156	33514546	26314
chr22	33488232	33688232	harbor1	chr22	33554972	33555277	DNA/TcMar-Tigger	1728	+	152	33555124	66892
chr22	20139571	20339571	harbor1	chr22	20216816	20217140	DNA/TcMar-Tigger	1853	+	162	20216978	77407
chr22	30590009	30790009	harbor1	chr22	30661245	30661425	DNA/TcMar-Tigger	615	+	90	30661335	71326
chr22	25698935	25898935	harbor1	chr22	25716639	25716764	DNA/TcMar-Tigger	1276	+	62	25716701	17766
chr22	25698935	25898935	harbor1	chr22	25717082	25717287	DNA/TcMar-Tigger	1276	+	102	25717184	18249
chr22	25698935	25898935	harbor1	chr22	25718815	25719155	DNA/TcMar-Tigger	967	+	170	25718985	20050
chr22	25698935	25898935	harbor1	chr22	25796068	25796252	DNA/TcMar-Tigger	543	+	92	25796160	97225
chr22	11541410	11741410	harbor1	chr22	11606838	11606940	DNA/TcMar-Tigger	605	+	51	11606889	65479
chr22	11541410	11741410	harbor1	chr22	11606936	11607272	DNA/TcMar-Tigger	7639	+	168	11607104	65694
chr22	11541410	11741410	harbor1	chr22	11607583	11608467	DNA/TcMar-Tigger	7639	+	442	11608025	66615
chr22	11541410	11741410	harbor1	chr22	11609496	11609777	DNA/TcMar-Tigger	7639	+	140	11609636	68226
chr22	31102681	31302681	harbor1	chr22	31190122	31190278	DNA/TcMar-Tigger	1540	+	78	31190200	87519
chr22	31102681	31302681	harbor1	chr22	31190898	31191139	DNA/TcMar-Tigger	1540	+	120	31191018	88337
chr22	42583743	42783743	harbor1	chr22	42640683	42640850	DNA/TcMar-Tigger	1680	+	84	42640767	57024
chr22	42583743	42783743	harbor1	chr22	42641155	42641309	DNA/TcMar-Tigger	1680	+	77	42641232	57489
chr22	42583743	42783743	harbor1	chr22	42641924	42641986	DNA/TcMar-Tigger	1680	+	31	42641955	58212
chr22	28916431	29116431	harbor1	chr22	28945969	28946167	DNA/TcMar-Tigger	1134	+	99	28946068	29637
chr22	28916431	29116431	harbor1	chr22	28966265	28966366	DNA/TcMar-Tigger	689	+	50	28966315	49884
chr22	28916431	29116431	harbor1	chr22	28966370	28966867	DNA/TcMar-Tigger	3569	+	248	28966618	50187
chr22	28916431	29116431	harbor1	chr22	28967182	28967456	DNA/TcMar-Tigger	3569	+	137	28967319	50888
chr22	12703536	12903536	harbor1	chr22	12704975	12705320	DNA/TcMar-Tigger	1626	+	172	12705147	1611
chr22	12703536	12903536	harbor1	chr22	12713557	12713931	DNA/TcMar-Tigger	1876	+	187	12713744	10208
chr22	12703536	12903536	harbor1	chr22	12782525	12783230	DNA/TcMar-Tigger	12035	+	352	12782877	79341
chr22	12703536	12903536	harbor1	chr22	12783537	12784394	DNA/TcMar-Tigger	12035	+	428	12783965	80429
chr22	12703536	12903536	harbor1	chr22	12784686	12785263	DNA/TcMar-Tigger	12035	+	288	12784974	81438
chr22	12703536	12903536	harbor1	chr22	12785532	12785747	DNA/TcMar-Tigger	12035	+	108	12785640	82104
chr22	16657817	16857817	harbor1	chr22	16670341	16670517	DNA/TcMar-Tigger	772	+	88	16670429	12612
chr22	16657817	16857817	harbor1	chr22	16670853	16671032	DNA/TcMar-Tigger	977	+	90	16670943	13126
chr22	44513119	44713119	harbor1	chr22	44551990	44552364	DNA/TcMar-Tigger	2327	+	187	44552177	39058
chr22	44513119	44713119	harbor1	chr22	44552639	44552678	DNA/TcMar-Tigger	2327	+	20	44552659	39540
chr22	44513119	44713119	harbor1	chr22	44552981	44553082	DNA/TcMar-Tigger	2327	+	50	44553031	39912
chr22	44513119	44713119	harbor1	chr22	44553084	44553432	DNA/TcMar-Tigger	4046	+	174	44553258	40139
chr22	44513119	44713119	harbor1	chr22	44553740	44553977	DNA/TcMar-Tigger	4046	+	118	44553858	40739
chr22	44513119	44713119	harbor1	chr22	44554282	44554394	DNA/TcMar-Tigger	4046	+	56	44554338	41219
chr22	44513119	44713119	harbor1	chr22	44554402	44554508	DNA/TcMar-Tigger	496	+	53	44554455	41336
chr22	46860591	47060591	harbor1	chr22	46865429	46866101	DNA/TcMar-Tigger	15839	+	336	46865765	5174
chr22	46860591	47060591	harbor1	chr22	46866405	46868533	DNA/TcMar-Tigger	15839	+	1064	46867469	6878
chr22	46860591	47060591	harbor1	chr22	46889989	46890064	DNA/TcMar-Tigger	1116	+	38	46890027	29436
chr22	46860591	47060591	harbor1	chr22	46890362	46890581	DNA/TcMar-Tigger	1116	+	110	46890472	29881
chr22	46860591	47060591	harbor1	chr22	46937296	46938484	DNA/TcMar-Tigger	6397	+	594	46937890	77299
chr22	16649737	16849737	harbor1	chr22	16670341	16670517	DNA/TcMar-Tigger	772	+	88	16670429	20692
chr22	16649737	16849737	harbor1	chr22	16670853	16671032	DNA/TcMar-Tigger	977	+	90	16670943	21206
chrX	104453727	104653727	harbor1	chrX	104545129	104545466	DNA/TcMar-Tigger	1194	+	168	104545297	91570
chrX	51152241	51352241	harbor1	chrX	51181215	51181442	DNA/TcMar-Tigger	919	+	114	51181329	29088
chrX	51152241	51352241	harbor1	chrX	51193857	51194197	DNA/TcMar-Tigger	1476	+	170	51194027	41786
chrX	96090398	96290398	harbor1	chrX	96101049	96101813	DNA/TcMar-Tigger	3574	+	382	96101431	11033
chrX	96090398	96290398	harbor1	chrX	96158963	96159315	DNA/TcMar-Tigger	16918	+	176	96159139	68741
chrX	96090398	96290398	harbor1	chrX	96156237	96158594	DNA/TcMar-Tigger	16918	+	1178	96157415	67017
chrX	114785578	114985578	harbor1	chrX	114826024	114826081	DNA/TcMar-Tigger	1899	+	28	114826052	40474
chrX	114785578	114985578	harbor1	chrX	114826366	114826661	DNA/TcMar-Tigger	1899	+	148	114826514	40936
chrX	114785578	114985578	harbor1	chrX	114885236	114885469	DNA/TcMar-Tigger	1280	+	116	114885352	99774
chrX	120441822	120641822	harbor1	chrX	120453965	120454229	DNA/TcMar-Tigger	1618	+	132	120454097	12275
chrX	120441822	120641822	harbor1	chrX	120504395	120504517	DNA/TcMar-Tigger	895	+	61	120504456	62634
chrX	120441822	120641822	harbor1	chrX	120504519	120504791	DNA/TcMar-Tigger	918	+	136	120504655	62833
chrX	120441822	120641822	harbor1	chrX	120511480	120512001	DNA/TcMar-Tigger	3124	+	260	120511740	69918
chrX	70886401	71086401	harbor1	chrX	70937122	70937391	DNA/TcMar-Tigger	1318	+	134	70937256	50855
chrX	12236283	12436283	harbor1	chrX	12321324	12321672	DNA/TcMar-Tigger	2234	+	174	12321498	85215
chrX	154546018	154746018	harbor1	chrX	154626054	154626434	DNA/TcMar-Tigger	1908	+	190	154626244	80226
chrX	3494403	3694403	harbor1	chrX	3516445	3516827	DNA/TcMar-Tigger	2487	+	191	3516636	22233
chrX	3494403	3694403	harbor1	chrX	3517135	3517201	DNA/TcMar-Tigger	2487	+	33	3517168	22765
chrX	3494403	3694403	harbor1	chrX	3571476	3571788	DNA/TcMar-Tigger	1509	+	156	3571632	77229
