H_chr	H_start	H_end	Harbor	TE_chr	TE_start	TE_end	TE	score	TE_strand	TE_half	TE_middle_pos	TE_dis
chr1	103708441	103908441	harbor1	chr1	103716724	103717141	LINE/CR1	440	-	208	103716932	8491
chr1	103708441	103908441	harbor1	chr1	103755514	103755933	LINE/CR1	459	-	210	103755724	47283
chr1	217328960	217528960	harbor1	chr1	217339131	217339338	LINE/CR1	415	-	104	217339235	10275
chr1	217328960	217528960	harbor1	chr1	217351506	217352105	LINE/CR1	845	-	300	217351806	22846
chr1	217328960	217528960	harbor1	chr1	217411389	217411556	LINE/CR1	515	-	84	217411473	82513
chr1	161699396	161899396	harbor1	chr1	161734470	161734715	LINE/CR1	605	-	122	161734592	35196
chr1	161699396	161899396	harbor1	chr1	161738735	161739028	LINE/CR1	422	-	146	161738881	39485
chr1	178962333	179162333	harbor1	chr1	178965493	178966171	LINE/CR1	759	-	339	178965832	3499
chr1	222698793	222898793	harbor1	chr1	222703462	222703577	LINE/CR1	508	-	58	222703520	4727
chr1	50085083	50285083	harbor1	chr1	50164235	50164522	LINE/CR1	725	-	144	50164379	79296
chr1	50085083	50285083	harbor1	chr1	50164642	50164725	LINE/CR1	725	-	42	50164684	79601
chr1	109248550	109448550	harbor1	chr1	109321716	109321873	LINE/CR1	511	-	78	109321794	73244
chr1	215718321	215918321	harbor1	chr1	215767208	215767345	LINE/CR1	422	-	68	215767276	48955
chr1	111130357	111330357	harbor1	chr1	111158780	111158902	LINE/CR1	472	-	61	111158841	28484
chr1	111130357	111330357	harbor1	chr1	111159214	111159292	LINE/CR1	472	-	39	111159253	28896
chr1	198379030	198579030	harbor1	chr1	198388498	198388880	LINE/CR1	871	-	191	198388689	9659
chr1	198379030	198579030	harbor1	chr1	198388924	198389353	LINE/CR1	871	-	214	198389138	10108
chr1	208001267	208201267	harbor1	chr1	208068317	208068602	LINE/CR1	665	-	142	208068459	67192
chr1	197582611	197782611	harbor1	chr1	197662830	197663358	LINE/CR1	450	-	264	197663094	80483
chr1	87353233	87553233	harbor1	chr1	87407561	87407749	LINE/CR1	409	-	94	87407655	54422
chr1	87353233	87553233	harbor1	chr1	87439272	87439856	LINE/CR1	680	-	292	87439564	86331
chr1	87353233	87553233	harbor1	chr1	87441580	87441882	LINE/CR1	779	-	151	87441731	88498
chr1	87353233	87553233	harbor1	chr1	87442094	87442208	LINE/CR1	779	-	57	87442151	88918
chr1	57087097	57287097	harbor1	chr1	57133998	57134301	LINE/CR1	655	-	152	57134150	47053
chr1	17977487	18177487	harbor1	chr1	17990734	17991361	LINE/CR1	812	-	314	17991048	13561
chr1	17977487	18177487	harbor1	chr1	18011635	18012054	LINE/CR1	614	-	210	18011845	34358
chr1	17977487	18177487	harbor1	chr1	18057552	18057771	LINE/CR1	398	-	110	18057662	80175
chr1	184683952	184883952	harbor1	chr1	184772327	184772585	LINE/CR1	443	-	129	184772456	88504
chr1	168490883	168690883	harbor1	chr1	168533292	168533528	LINE/CR1	529	-	118	168533410	42527
chr1	18254878	18454878	harbor1	chr1	18271159	18271326	LINE/CR1	433	-	84	18271243	16365
chr1	70933892	71133892	harbor1	chr1	70997858	70998157	LINE/CR1	621	-	150	70998008	64116
chr1	17904948	18104948	harbor1	chr1	17990734	17991361	LINE/CR1	812	-	314	17991048	86100
chr1	88548172	88748172	harbor1	chr1	88646459	88646736	LINE/CR1	423	-	138	88646597	98425
chr1	166995668	167195668	harbor1	chr1	167079618	167079920	LINE/CR1	405	-	151	167079769	84101
chr1	164953409	165153409	harbor1	chr1	165033057	165033205	LINE/CR1	423	-	74	165033131	79722
chr1	147613982	147813982	harbor1	chr1	147633432	147633740	LINE/CR1	395	-	154	147633586	19604
chr1	147613982	147813982	harbor1	chr1	147634992	147635510	LINE/CR1	536	-	259	147635251	21269
chr1	40176712	40376712	harbor1	chr1	40207344	40207623	LINE/CR1	405	-	140	40207484	30772
chr1	40176712	40376712	harbor1	chr1	40207911	40208054	LINE/CR1	405	-	72	40207983	31271
chr1	71611143	71811143	harbor1	chr1	71665484	71665878	LINE/CR1	647	-	197	71665681	54538
chr1	48208172	48408172	harbor1	chr1	48254837	48255105	LINE/CR1	430	-	134	48254971	46799
chr1	154830364	155030364	harbor1	chr1	154831606	154831774	LINE/CR1	460	-	84	154831690	1326
chr1	14714041	14914041	harbor1	chr1	14720402	14720707	LINE/CR1	460	-	152	14720554	6513
chr1	98857149	99057149	harbor1	chr1	98912922	98913876	LINE/CR1	1243	-	477	98913399	56250
chr1	98857149	99057149	harbor1	chr1	98926407	98926447	LINE/CR1	572	-	20	98926427	69278
chr1	98857149	99057149	harbor1	chr1	98926498	98926828	LINE/CR1	572	-	165	98926663	69514
chr1	51722227	51922227	harbor1	chr1	51739962	51740324	LINE/CR1	520	-	181	51740143	17916
chr1	218310499	218510499	harbor1	chr1	218397736	218397972	LINE/CR1	662	-	118	218397854	87355
chr1	209621836	209821836	harbor1	chr1	209662697	209663024	LINE/CR1	396	-	164	209662861	41025
chr1	179729439	179929439	harbor1	chr1	179793040	179793258	LINE/CR1	411	-	109	179793149	63710
chr1	176660658	176860658	harbor1	chr1	176660363	176661161	LINE/CR1	1635	-	399	176660762	104
chr1	176660658	176860658	harbor1	chr1	176662577	176663470	LINE/CR1	789	-	446	176663023	2365
chr1	176660658	176860658	harbor1	chr1	176663789	176664142	LINE/CR1	803	-	176	176663965	3307
chr1	176660658	176860658	harbor1	chr1	176664642	176664963	LINE/CR1	803	-	160	176664802	4144
chr1	176660658	176860658	harbor1	chr1	176707770	176708082	LINE/CR1	652	-	156	176707926	47268
chr1	40192911	40392911	harbor1	chr1	40207344	40207623	LINE/CR1	405	-	140	40207484	14573
chr1	40192911	40392911	harbor1	chr1	40207911	40208054	LINE/CR1	405	-	72	40207983	15072
chr1	55316616	55516616	harbor1	chr1	55331470	55331686	LINE/CR1	420	-	108	55331578	14962
chr1	202516063	202716063	harbor1	chr1	202581885	202582432	LINE/CR1	599	-	274	202582159	66096
chr1	193475728	193675728	harbor1	chr1	193499628	193499942	LINE/CR1	395	-	157	193499785	24057
chr1	66360768	66560768	harbor1	chr1	66377599	66377970	LINE/CR1	778	-	186	66377785	17017
chr1	66360768	66560768	harbor1	chr1	66378556	66379312	LINE/CR1	1377	-	378	66378934	18166
chr1	49172083	49372083	harbor1	chr1	49217851	49218130	LINE/CR1	447	-	140	49217991	45908
chr1	175893864	176093864	harbor1	chr1	175919159	175919396	LINE/CR1	579	-	118	175919277	25413
chr1	117850570	118050570	harbor1	chr1	117911027	117911501	LINE/CR1	477	-	237	117911264	60694
chr1	117850570	118050570	harbor1	chr1	117917131	117917390	LINE/CR1	599	-	130	117917261	66691
chr1	59514821	59714821	harbor1	chr1	59603203	59603467	LINE/CR1	476	-	132	59603335	88514
chr1	60147330	60347330	harbor1	chr1	60151721	60152120	LINE/CR1	551	-	200	60151921	4591
chr1	60147330	60347330	harbor1	chr1	60197120	60197588	LINE/CR1	890	-	234	60197354	50024
chr1	29020983	29220983	harbor1	chr1	29075838	29076137	LINE/CR1	569	-	150	29075988	55005
chr1	184758351	184958351	harbor1	chr1	184772327	184772585	LINE/CR1	443	-	129	184772456	14105
chr1	184758351	184958351	harbor1	chr1	184837541	184838430	LINE/CR1	1748	-	444	184837985	79634
chr1	205904320	206104320	harbor1	chr1	205911288	205911441	LINE/CR1	411	-	76	205911364	7044
chr1	146538911	146738911	harbor1	chr1	146594011	146594193	LINE/CR1	430	-	91	146594102	55191
chr1	184789190	184989190	harbor1	chr1	184837541	184838430	LINE/CR1	1748	-	444	184837985	48795
chr1	184789190	184989190	harbor1	chr1	184863580	184863757	LINE/CR1	499	-	88	184863668	74478
chr1	63234272	63434272	harbor1	chr1	63331151	63331313	LINE/CR1	440	-	81	63331232	96960
chr1	147973195	148173195	harbor1	chr1	148000852	148001234	LINE/CR1	496	-	191	148001043	27848
chr1	176884080	177084080	harbor1	chr1	176983376	176983566	LINE/CR1	617	-	95	176983471	99391
chr1	243362060	243562060	harbor1	chr1	243362656	243363177	LINE/CR1	481	-	260	243362916	856
chr1	161019032	161219032	harbor1	chr1	161024265	161024382	LINE/CR1	462	-	58	161024323	5291
chr1	161019032	161219032	harbor1	chr1	161024667	161024732	LINE/CR1	462	-	32	161024699	5667
chr1	161019032	161219032	harbor1	chr1	161032389	161032542	LINE/CR1	403	-	76	161032465	13433
chr1	93356745	93556745	harbor1	chr1	93449552	93449724	LINE/CR1	407	-	86	93449638	92893
chr1	81043063	81243063	harbor1	chr1	81075095	81075211	LINE/CR1	457	-	58	81075153	32090
chr1	208585659	208785659	harbor1	chr1	208626575	208626828	LINE/CR1	577	-	126	208626701	41042
chr1	75520638	75720638	harbor1	chr1	75527590	75528116	LINE/CR1	642	-	263	75527853	7215
chr1	57200868	57400868	harbor1	chr1	57258586	57258759	LINE/CR1	793	-	86	57258672	57804
chr1	111776442	111976442	harbor1	chr1	111823464	111823610	LINE/CR1	626	-	73	111823537	47095
chr1	111776442	111976442	harbor1	chr1	111834495	111834924	LINE/CR1	1069	-	214	111834709	58267
chr1	111776442	111976442	harbor1	chr1	111838255	111838402	LINE/CR1	1273	-	74	111838329	61887
chr1	111776442	111976442	harbor1	chr1	111838712	111839290	LINE/CR1	1273	-	289	111839001	62559
chr1	111776442	111976442	harbor1	chr1	111840973	111841510	LINE/CR1	681	-	268	111841241	64799
chr1	215877363	216077363	harbor1	chr1	215906884	215907102	LINE/CR1	612	-	109	215906993	29630
chr1	200599653	200799653	harbor1	chr1	200695122	200695246	LINE/CR1	427	-	62	200695184	95531
chr1	200599653	200799653	harbor1	chr1	200695475	200695517	LINE/CR1	427	-	21	200695496	95843
chr1	56106842	56306842	harbor1	chr1	56146362	56146807	LINE/CR1	848	-	222	56146584	39742
chr1	89545136	89745136	harbor1	chr1	89579876	89580515	LINE/CR1	583	-	320	89580196	35060
chr1	201697635	201897635	harbor1	chr1	201723669	201724128	LINE/CR1	926	-	230	201723899	26264
chr1	37338604	37538604	harbor1	chr1	37347864	37348126	LINE/CR1	409	-	131	37347995	9391
chr2	77655199	77855199	harbor1	chr2	77701491	77701824	LINE/CR1	469	-	166	77701657	46458
chr2	46424731	46624731	harbor1	chr2	46481770	46481941	LINE/CR1	580	-	86	46481856	57125
chr2	46424731	46624731	harbor1	chr2	46482142	46482515	LINE/CR1	584	-	186	46482328	57597
chr2	196739891	196939891	harbor1	chr2	196761043	196761370	LINE/CR1	533	-	164	196761207	21316
chr2	210988091	211188091	harbor1	chr2	211060853	211062291	LINE/CR1	1114	-	719	211061572	73481
chr2	48504407	48704407	harbor1	chr2	48547986	48548155	LINE/CR1	400	-	84	48548070	43663
chr2	219367382	219567382	harbor1	chr2	219429111	219429352	LINE/CR1	467	-	120	219429231	61849
chr2	182098878	182298878	harbor1	chr2	182113052	182113984	LINE/CR1	1005	-	466	182113518	14640
chr2	228621887	228821887	harbor1	chr2	228632664	228633302	LINE/CR1	583	-	319	228632983	11096
chr2	228621887	228821887	harbor1	chr2	228654839	228655105	LINE/CR1	623	-	133	228654972	33085
chr2	34598659	34798659	harbor1	chr2	34680779	34681074	LINE/CR1	574	-	148	34680927	82268
chr2	217859532	218059532	harbor1	chr2	217861088	217861560	LINE/CR1	499	-	236	217861324	1792
chr2	217859532	218059532	harbor1	chr2	217903614	217903790	LINE/CR1	488	-	88	217903702	44170
chr2	143626257	143826257	harbor1	chr2	143657878	143658152	LINE/CR1	477	-	137	143658015	31758
chr2	197297994	197497994	harbor1	chr2	197363863	197364328	LINE/CR1	572	-	232	197364095	66101
chr2	177463313	177663313	harbor1	chr2	177544226	177545158	LINE/CR1	827	-	466	177544692	81379
chr2	214443970	214643970	harbor1	chr2	214528188	214528676	LINE/CR1	663	-	244	214528432	84462
chr2	22667688	22867688	harbor1	chr2	22751631	22752292	LINE/CR1	706	-	330	22751961	84273
chr2	189501373	189701373	harbor1	chr2	189522259	189522365	LINE/CR1	421	-	53	189522312	20939
chr2	37675894	37875894	harbor1	chr2	37748184	37748417	LINE/CR1	551	-	116	37748300	72406
chr2	190575386	190775386	harbor1	chr2	190585168	190585370	LINE/CR1	805	-	101	190585269	9883
chr2	170846863	171046863	harbor1	chr2	170888097	170888238	LINE/CR1	620	-	70	170888167	41304
chr2	170846863	171046863	harbor1	chr2	170888535	170888635	LINE/CR1	620	-	50	170888585	41722
chr2	170846863	171046863	harbor1	chr2	170888795	170889248	LINE/CR1	620	-	226	170889021	42158
chr2	102050179	102250179	harbor1	chr2	102100364	102100721	LINE/CR1	636	-	178	102100542	50363
chr2	228586400	228786400	harbor1	chr2	228632664	228633302	LINE/CR1	583	-	319	228632983	46583
chr2	228586400	228786400	harbor1	chr2	228654839	228655105	LINE/CR1	623	-	133	228654972	68572
chr2	131845912	132045912	harbor1	chr2	131918245	131918986	LINE/CR1	592	-	370	131918615	72703
chr2	180469937	180669937	harbor1	chr2	180515681	180515946	LINE/CR1	548	-	132	180515813	45876
chr2	99244365	99444365	harbor1	chr2	99329126	99329498	LINE/CR1	674	-	186	99329312	84947
chr2	29534903	29734903	harbor1	chr2	29562124	29562594	LINE/CR1	950	-	235	29562359	27456
chr2	33406391	33606391	harbor1	chr2	33416939	33417173	LINE/CR1	476	-	117	33417056	10665
chr2	191323087	191523087	harbor1	chr2	191331835	191331968	LINE/CR1	601	-	66	191331901	8814
chr2	191323087	191523087	harbor1	chr2	191333969	191334743	LINE/CR1	1305	-	387	191334356	11269
chr2	191323087	191523087	harbor1	chr2	191332263	191332517	LINE/CR1	601	-	127	191332390	9303
chr2	36764907	36964907	harbor1	chr2	36777311	36777939	LINE/CR1	756	-	314	36777625	12718
chr2	138166622	138366622	harbor1	chr2	138194286	138194554	LINE/CR1	931	-	134	138194420	27798
chr2	138166622	138366622	harbor1	chr2	138215819	138216140	LINE/CR1	419	-	160	138215979	49357
chr2	149035773	149235773	harbor1	chr2	149091409	149091698	LINE/CR1	409	-	144	149091553	55780
chr2	44192465	44392465	harbor1	chr2	44246093	44246668	LINE/CR1	546	-	288	44246381	53916
chr2	66207082	66407082	harbor1	chr2	66255969	66256351	LINE/CR1	512	-	191	66256160	49078
chr2	39252493	39452493	harbor1	chr2	39346157	39346419	LINE/CR1	534	-	131	39346288	93795
chr2	39252493	39452493	harbor1	chr2	39347758	39348294	LINE/CR1	1240	-	268	39348026	95533
chr2	197312438	197512438	harbor1	chr2	197363863	197364328	LINE/CR1	572	-	232	197364095	51657
chr3	121881931	122081931	harbor1	chr3	121942867	121942983	LINE/CR1	917	-	58	121942925	60994
chr3	121881931	122081931	harbor1	chr3	121943285	121943647	LINE/CR1	917	-	181	121943466	61535
chr3	134198894	134398894	harbor1	chr3	134219678	134219827	LINE/CR1	510	-	74	134219752	20858
chr3	31383156	31583156	harbor1	chr3	31393982	31394182	LINE/CR1	458	-	100	31394082	10926
chr3	106078245	106278245	harbor1	chr3	106158486	106158703	LINE/CR1	413	-	108	106158594	80349
chr3	106078245	106278245	harbor1	chr3	106159118	106159191	LINE/CR1	411	-	36	106159154	80909
chr3	106078245	106278245	harbor1	chr3	106159509	106159650	LINE/CR1	411	-	70	106159579	81334
chr3	120835789	121035789	harbor1	chr3	120848688	120849078	LINE/CR1	496	-	195	120848883	13094
chr3	174414129	174614129	harbor1	chr3	174471166	174471599	LINE/CR1	1358	-	216	174471382	57253
chr3	174414129	174614129	harbor1	chr3	174471835	174472324	LINE/CR1	1358	-	244	174472079	57950
chr3	61396810	61596810	harbor1	chr3	61466863	61467125	LINE/CR1	464	-	131	61466994	70184
chr3	10387589	10587589	harbor1	chr3	10398177	10398601	LINE/CR1	417	-	212	10398389	10800
chr3	16257206	16457206	harbor1	chr3	16343335	16343589	LINE/CR1	497	-	127	16343462	86256
chr3	40779167	40979167	harbor1	chr3	40788580	40788742	LINE/CR1	444	-	81	40788661	9494
chr3	106016667	106216667	harbor1	chr3	106060573	106060872	LINE/CR1	437	-	150	106060723	44056
chr3	106016667	106216667	harbor1	chr3	106066541	106067035	LINE/CR1	454	-	247	106066788	50121
chr3	114431362	114631362	harbor1	chr3	114460091	114460272	LINE/CR1	525	-	90	114460181	28819
chr3	114431362	114631362	harbor1	chr3	114460753	114460893	LINE/CR1	525	-	70	114460823	29461
chr3	106660709	106860709	harbor1	chr3	106692755	106692923	LINE/CR1	686	-	84	106692839	32130
chr3	106660709	106860709	harbor1	chr3	106746815	106746959	LINE/CR1	408	-	72	106746887	86178
chr3	2717033	2917033	harbor1	chr3	2747707	2748726	LINE/CR1	1205	-	510	2748217	31184
chr3	2717033	2917033	harbor1	chr3	2790328	2790450	LINE/CR1	524	-	61	2790389	73356
chr3	124035877	124235877	harbor1	chr3	124074585	124075326	LINE/CR1	1153	-	370	124074955	39078
chr3	124035877	124235877	harbor1	chr3	124079613	124080225	LINE/CR1	573	-	306	124079919	44042
chr3	124035877	124235877	harbor1	chr3	124080753	124081188	LINE/CR1	775	-	218	124080971	45094
chr3	124035877	124235877	harbor1	chr3	124127543	124127859	LINE/CR1	694	-	158	124127701	91824
chr3	185750754	185950754	harbor1	chr3	185844219	185844417	LINE/CR1	430	-	99	185844318	93564
chr3	169466004	169666004	harbor1	chr3	169494968	169495209	LINE/CR1	696	-	120	169495088	29084
chr3	35531077	35731077	harbor1	chr3	35625720	35625813	LINE/CR1	1140	-	46	35625766	94689
chr3	35531077	35731077	harbor1	chr3	35626123	35626709	LINE/CR1	1140	-	293	35626416	95339
chr3	19215286	19415286	harbor1	chr3	19238059	19238385	LINE/CR1	476	-	163	19238222	22936
chr3	141038788	141238788	harbor1	chr3	141096310	141096654	LINE/CR1	543	-	172	141096482	57694
chr3	144681807	144881807	harbor1	chr3	144748536	144749036	LINE/CR1	472	-	250	144748786	66979
chr3	130864516	131064516	harbor1	chr3	130909472	130909834	LINE/CR1	455	-	181	130909653	45137
chr3	117409893	117609893	harbor1	chr3	117440803	117441182	LINE/CR1	607	-	190	117440993	31100
chr3	117409893	117609893	harbor1	chr3	117498897	117499190	LINE/CR1	517	-	146	117499043	89150
chr3	189250636	189450636	harbor1	chr3	189277738	189278075	LINE/CR1	511	-	168	189277906	27270
chr3	189250636	189450636	harbor1	chr3	189325578	189326215	LINE/CR1	817	-	318	189325896	75260
chr3	111100414	111300414	harbor1	chr3	111159586	111160191	LINE/CR1	530	-	302	111159888	59474
chr3	111100414	111300414	harbor1	chr3	111199978	111200362	LINE/CR1	808	-	192	111200170	99756
chr3	173250937	173450937	harbor1	chr3	173309726	173310398	LINE/CR1	547	-	336	173310062	59125
chr3	73821318	74021318	harbor1	chr3	73856736	73856945	LINE/CR1	546	-	104	73856840	35522
chr3	1112153	1312153	harbor1	chr3	1137850	1137961	LINE/CR1	456	-	56	1137906	25753
chr3	1112153	1312153	harbor1	chr3	1137962	1138264	LINE/CR1	548	-	151	1138113	25960
chr3	114431323	114631323	harbor1	chr3	114460091	114460272	LINE/CR1	525	-	90	114460181	28858
chr3	114431323	114631323	harbor1	chr3	114460753	114460893	LINE/CR1	525	-	70	114460823	29500
chr3	5500909	5700909	harbor1	chr3	5568984	5569180	LINE/CR1	523	-	98	5569082	68173
chr4	71267573	71467573	harbor1	chr4	71284245	71284553	LINE/CR1	703	-	154	71284399	16826
chr4	71267573	71467573	harbor1	chr4	71359309	71359474	LINE/CR1	384	-	82	71359391	91818
chr4	6713772	6913772	harbor1	chr4	6734841	6735010	LINE/CR1	488	-	84	6734925	21153
chr4	151923984	152123984	harbor1	chr4	151976910	151977178	LINE/CR1	385	-	134	151977044	53060
chr4	151923984	152123984	harbor1	chr4	152006083	152006417	LINE/CR1	490	-	167	152006250	82266
chr4	178428790	178628790	harbor1	chr4	178516964	178517265	LINE/CR1	438	-	150	178517114	88324
chr4	108195037	108395037	harbor1	chr4	108277387	108277572	LINE/CR1	432	-	92	108277479	82442
chr4	108195037	108395037	harbor1	chr4	108277829	108278057	LINE/CR1	388	-	114	108277943	82906
chr4	146126953	146326953	harbor1	chr4	146202201	146202367	LINE/CR1	468	-	83	146202284	75331
chr4	11304743	11504743	harbor1	chr4	11310090	11310282	LINE/CR1	399	-	96	11310186	5443
chr4	168722666	168922666	harbor1	chr4	168766803	168767332	LINE/CR1	883	-	264	168767067	44401
chr4	82126099	82326099	harbor1	chr4	82146662	82147150	LINE/CR1	707	-	244	82146906	20807
chr5	176001735	176201735	harbor1	chr5	176041103	176041278	LINE/CR1	454	-	88	176041191	39456
chr5	156808738	157008738	harbor1	chr5	156897263	156897407	LINE/CR1	485	-	72	156897335	88597
chr5	178697554	178897554	harbor1	chr5	178739336	178739743	LINE/CR1	845	-	204	178739540	41986
chr5	84051850	84251850	harbor1	chr5	84142006	84142684	LINE/CR1	432	-	339	84142345	90495
chr5	130434211	130634211	harbor1	chr5	130443202	130445771	LINE/CR1	786	-	1284	130444486	10275
chr5	130434211	130634211	harbor1	chr5	130448423	130448905	LINE/CR1	536	-	241	130448664	14453
chr5	148271112	148471112	harbor1	chr5	148316285	148316796	LINE/CR1	721	-	256	148316541	45429
chr5	148271112	148471112	harbor1	chr5	148335820	148336092	LINE/CR1	515	-	136	148335956	64844
chr5	148271112	148471112	harbor1	chr5	148358925	148359206	LINE/CR1	480	-	140	148359065	87953
chr5	98051787	98251787	harbor1	chr5	98072255	98072495	LINE/CR1	499	-	120	98072375	20588
chr5	98051787	98251787	harbor1	chr5	98098983	98099110	LINE/CR1	1632	-	64	98099047	47260
chr5	98051787	98251787	harbor1	chr5	98099418	98100036	LINE/CR1	1632	-	309	98099727	47940
chr5	167767179	167967179	harbor1	chr5	167847272	167848129	LINE/CR1	690	-	428	167847700	80521
chr5	134072270	134272270	harbor1	chr5	134107250	134107610	LINE/CR1	575	-	180	134107430	35160
chr5	90266077	90466077	harbor1	chr5	90308015	90309045	LINE/CR1	889	-	515	90308530	42453
chr5	160590546	160790546	harbor1	chr5	160671911	160671969	LINE/CR1	574	-	29	160671940	81394
chr5	160590546	160790546	harbor1	chr5	160672276	160672616	LINE/CR1	574	-	170	160672446	81900
chr5	149108535	149308535	harbor1	chr5	149184252	149184755	LINE/CR1	535	-	252	149184504	75969
chr6	20161315	20361315	harbor1	chr6	20190842	20191048	LINE/CR1	803	-	103	20190945	29630
chr6	20161315	20361315	harbor1	chr6	20191392	20191594	LINE/CR1	803	-	101	20191493	30178
chr6	20161315	20361315	harbor1	chr6	20229133	20229449	LINE/CR1	420	-	158	20229291	67976
chr6	125801913	126001913	harbor1	chr6	125807034	125807810	LINE/CR1	707	-	388	125807422	5509
chr6	125801913	126001913	harbor1	chr6	125808526	125809111	LINE/CR1	611	-	292	125808818	6905
chr6	125801913	126001913	harbor1	chr6	125829932	125830374	LINE/CR1	525	-	221	125830153	28240
chr6	125801913	126001913	harbor1	chr6	125830897	125832019	LINE/CR1	1158	-	561	125831458	29545
chr6	126482795	126682795	harbor1	chr6	126503276	126503496	LINE/CR1	744	-	110	126503386	20591
chr6	126482795	126682795	harbor1	chr6	126503809	126504164	LINE/CR1	744	-	178	126503987	21192
chr6	126482795	126682795	harbor1	chr6	126504476	126504651	LINE/CR1	744	-	88	126504564	21769
chr6	126482795	126682795	harbor1	chr6	126514134	126514493	LINE/CR1	521	-	180	126514314	31519
chr6	126482795	126682795	harbor1	chr6	126549100	126549541	LINE/CR1	606	-	220	126549320	66525
chr6	126482795	126682795	harbor1	chr6	126550241	126550437	LINE/CR1	767	-	98	126550339	67544
chr6	126482795	126682795	harbor1	chr6	126551289	126551628	LINE/CR1	767	-	170	126551459	68664
chr6	42900419	43100419	harbor1	chr6	42988236	42988890	LINE/CR1	981	-	327	42988563	88144
chr6	121853841	122053841	harbor1	chr6	121923525	121924040	LINE/CR1	457	-	258	121923783	69942
chr6	18038607	18238607	harbor1	chr6	18118043	18118302	LINE/CR1	503	-	130	18118173	79566
chr6	18038607	18238607	harbor1	chr6	18118661	18118874	LINE/CR1	529	-	106	18118767	80160
chr6	18038607	18238607	harbor1	chr6	18119184	18119311	LINE/CR1	529	-	64	18119248	80641
chr6	109763746	109963746	harbor1	chr6	109780999	109781991	LINE/CR1	1718	-	496	109781495	17749
chr6	109763746	109963746	harbor1	chr6	109782728	109782987	LINE/CR1	436	-	130	109782858	19112
chr6	109763746	109963746	harbor1	chr6	109783285	109783690	LINE/CR1	436	-	202	109783487	19741
chr6	109763746	109963746	harbor1	chr6	109783846	109784376	LINE/CR1	436	-	265	109784111	20365
chr6	109763746	109963746	harbor1	chr6	109786529	109786709	LINE/CR1	516	-	90	109786619	22873
chr6	149647378	149847378	harbor1	chr6	149704951	149705611	LINE/CR1	752	-	330	149705281	57903
chr6	62572607	62772607	harbor1	chr6	62622329	62622595	LINE/CR1	536	-	133	62622462	49855
chr6	46871561	47071561	harbor1	chr6	46950089	46950487	LINE/CR1	943	-	199	46950288	78727
chr6	45845126	46045126	harbor1	chr6	45892841	45892935	LINE/CR1	502	-	47	45892888	47762
chr6	62118920	62318920	harbor1	chr6	62143449	62144625	LINE/CR1	564	-	588	62144037	25117
chr6	89472274	89672274	harbor1	chr6	89482897	89483200	LINE/CR1	468	-	152	89483049	10775
chr6	123106710	123306710	harbor1	chr6	123148004	123148493	LINE/CR1	496	-	244	123148248	41538
chr6	123106710	123306710	harbor1	chr6	123148769	123149001	LINE/CR1	465	-	116	123148885	42175
chr6	125713762	125913762	harbor1	chr6	125807034	125807810	LINE/CR1	707	-	388	125807422	93660
chr6	125713762	125913762	harbor1	chr6	125808526	125809111	LINE/CR1	611	-	292	125808818	95056
chr6	118119946	118319946	harbor1	chr6	118176019	118176265	LINE/CR1	487	-	123	118176142	56196
chr6	49667690	49867690	harbor1	chr6	49678941	49679270	LINE/CR1	486	-	164	49679105	11415
chr6	15922776	16122776	harbor1	chr6	15958177	15958399	LINE/CR1	435	-	111	15958288	35512
chr6	15922776	16122776	harbor1	chr6	15961601	15961850	LINE/CR1	510	-	124	15961725	38949
chr6	158218147	158418147	harbor1	chr6	158226612	158226905	LINE/CR1	509	-	146	158226758	8611
chr6	8421512	8621512	harbor1	chr6	8464805	8465121	LINE/CR1	980	-	158	8464963	43451
chr7	86714089	86914089	harbor1	chr7	86781863	86783296	LINE/CR1	1000	-	716	86782579	68490
chr7	72785443	72985443	harbor1	chr7	72873257	72873575	LINE/CR1	505	-	159	72873416	87973
chr7	134998339	135198339	harbor1	chr7	135081982	135082776	LINE/CR1	848	-	397	135082379	84040
chr7	134998339	135198339	harbor1	chr7	135092047	135092491	LINE/CR1	856	-	222	135092269	93930
chr7	113615979	113815979	harbor1	chr7	113705782	113706180	LINE/CR1	575	-	199	113705981	90002
chr7	113615979	113815979	harbor1	chr7	113708992	113709210	LINE/CR1	483	-	109	113709101	93122
chr7	105787914	105987914	harbor1	chr7	105812261	105812622	LINE/CR1	663	-	180	105812441	24527
chr7	105787914	105987914	harbor1	chr7	105813680	105813977	LINE/CR1	664	-	148	105813828	25914
chr7	35659459	35859459	harbor1	chr7	35700504	35700911	LINE/CR1	832	-	204	35700708	41249
chr7	132222910	132422910	harbor1	chr7	132244303	132244591	LINE/CR1	506	-	144	132244447	21537
chr7	32922647	33122647	harbor1	chr7	33020308	33021073	LINE/CR1	712	-	382	33020690	98043
chr7	131671793	131871793	harbor1	chr7	131682017	131682171	LINE/CR1	524	-	77	131682094	10301
chr7	96347015	96547015	harbor1	chr7	96387088	96387328	LINE/CR1	921	-	120	96387208	40193
chr7	96347015	96547015	harbor1	chr7	96387624	96388459	LINE/CR1	921	-	418	96388042	41027
chr7	69823521	70023521	harbor1	chr7	69846188	69846350	LINE/CR1	454	-	81	69846269	22748
chr7	91075634	91275634	harbor1	chr7	91147404	91147637	LINE/CR1	739	-	116	91147520	71886
chr7	131762901	131962901	harbor1	chr7	131809887	131810451	LINE/CR1	1047	-	282	131810169	47268
chr7	136358903	136558903	harbor1	chr7	136423197	136423707	LINE/CR1	646	-	255	136423452	64549
chr7	136358903	136558903	harbor1	chr7	136423923	136424187	LINE/CR1	682	-	132	136424055	65152
chr7	137108135	137308135	harbor1	chr7	137167441	137168214	LINE/CR1	1228	-	386	137167827	59692
chr7	107869765	108069765	harbor1	chr7	107906401	107906752	LINE/CR1	509	-	176	107906577	36812
chr7	107869765	108069765	harbor1	chr7	107909038	107909839	LINE/CR1	826	-	400	107909438	39673
chr7	107869765	108069765	harbor1	chr7	107910155	107910335	LINE/CR1	826	-	90	107910245	40480
chr7	131725459	131925459	harbor1	chr7	131809887	131810451	LINE/CR1	1047	-	282	131810169	84710
chr7	96292171	96492171	harbor1	chr7	96387088	96387328	LINE/CR1	921	-	120	96387208	95037
chr7	96292171	96492171	harbor1	chr7	96387624	96388459	LINE/CR1	921	-	418	96388042	95871
chr7	96132442	96332442	harbor1	chr7	96132904	96133205	LINE/CR1	652	-	150	96133054	612
chr7	50832760	51032760	harbor1	chr7	50913032	50913345	LINE/CR1	486	-	156	50913188	80428
chr7	13933401	14133401	harbor1	chr7	13973311	13973697	LINE/CR1	517	-	193	13973504	40103
chr7	79022695	79222695	harbor1	chr7	79122031	79122576	LINE/CR1	580	-	272	79122303	99608
chr8	85385352	85585352	harbor1	chr8	85476307	85476830	LINE/CR1	808	-	262	85476569	91217
chr8	118770668	118970668	harbor1	chr8	118848315	118848442	LINE/CR1	396	-	64	118848379	77711
chr8	62940653	63140653	harbor1	chr8	62989892	62990204	LINE/CR1	475	-	156	62990048	49395
chr8	11579269	11779269	harbor1	chr8	11589226	11589363	LINE/CR1	437	-	68	11589294	10025
chr8	87337302	87537302	harbor1	chr8	87398341	87398849	LINE/CR1	586	-	254	87398595	61293
chr8	55565230	55765230	harbor1	chr8	55629508	55629888	LINE/CR1	683	-	190	55629698	64468
chr8	55565230	55765230	harbor1	chr8	55630052	55630196	LINE/CR1	683	-	72	55630124	64894
chr8	55565230	55765230	harbor1	chr8	55630797	55631078	LINE/CR1	683	-	140	55630937	65707
chr8	123967728	124167728	harbor1	chr8	123972431	123972978	LINE/CR1	686	-	274	123972705	4977
chr8	117704130	117904130	harbor1	chr8	117745358	117745843	LINE/CR1	578	-	242	117745600	41470
chr8	90770215	90970215	harbor1	chr8	90829714	90829905	LINE/CR1	606	-	96	90829810	59595
chr8	134597448	134797448	harbor1	chr8	134616334	134616714	LINE/CR1	421	-	190	134616524	19076
chr8	67057064	67257064	harbor1	chr8	67107598	67107728	LINE/CR1	423	-	65	67107663	50599
chr8	50519265	50719265	harbor1	chr8	50563792	50564215	LINE/CR1	636	-	212	50564004	44739
chr8	69917784	70117784	harbor1	chr8	69950801	69951257	LINE/CR1	815	-	228	69951029	33245
chr8	62928292	63128292	harbor1	chr8	62989892	62990204	LINE/CR1	475	-	156	62990048	61756
chr8	88910051	89110051	harbor1	chr8	88993275	88993631	LINE/CR1	495	-	178	88993453	83402
chr8	123962967	124162967	harbor1	chr8	123972431	123972978	LINE/CR1	686	-	274	123972705	9738
chr8	67978631	68178631	harbor1	chr8	68020818	68021017	LINE/CR1	472	-	100	68020918	42287
chr8	38431829	38631829	harbor1	chr8	38490354	38490771	LINE/CR1	478	-	208	38490562	58733
chr8	122470423	122670423	harbor1	chr8	122479070	122479286	LINE/CR1	477	-	108	122479178	8755
chr8	120225162	120425162	harbor1	chr8	120265823	120266037	LINE/CR1	545	-	107	120265930	40768
chr8	85439998	85639998	harbor1	chr8	85476307	85476830	LINE/CR1	808	-	262	85476569	36571
chr8	60843045	61043045	harbor1	chr8	60861476	60861761	LINE/CR1	579	-	142	60861618	18573
chr8	17128020	17328020	harbor1	chr8	17175338	17175496	LINE/CR1	479	-	79	17175417	47397
chr8	80657735	80857735	harbor1	chr8	80713274	80713514	LINE/CR1	436	-	120	80713394	55659
chr8	40558086	40758086	harbor1	chr8	40590358	40590911	LINE/CR1	726	-	276	40590634	32548
chr8	16588671	16788671	harbor1	chr8	16661681	16662112	LINE/CR1	928	-	216	16661897	73226
chr8	108006118	108206118	harbor1	chr8	108013032	108013173	LINE/CR1	551	-	70	108013102	6984
chr8	108006118	108206118	harbor1	chr8	108069056	108069200	LINE/CR1	533	-	72	108069128	63010
chr8	108006118	108206118	harbor1	chr8	108069511	108070001	LINE/CR1	533	-	245	108069756	63638
chr8	132716350	132916350	harbor1	chr8	132753897	132754214	LINE/CR1	781	-	158	132754055	37705
chr8	70478501	70678501	harbor1	chr8	70533831	70533924	LINE/CR1	395	-	46	70533877	55376
chr8	58649064	58849064	harbor1	chr8	58650124	58651618	LINE/CR1	1492	-	747	58650871	1807
chr8	100735781	100935781	harbor1	chr8	100772747	100773145	LINE/CR1	473	-	199	100772946	37165
chr8	100735781	100935781	harbor1	chr8	100778896	100779048	LINE/CR1	452	-	76	100778972	43191
chr8	95747443	95947443	harbor1	chr8	95763686	95764158	LINE/CR1	899	-	236	95763922	16479
chr9	77843322	78043322	harbor1	chr9	77915096	77915300	LINE/CR1	476	-	102	77915198	71876
chr9	125661246	125861246	harbor1	chr9	125717144	125717341	LINE/CR1	553	-	98	125717242	55996
chr9	98539418	98739418	harbor1	chr9	98584757	98584969	LINE/CR1	501	-	106	98584863	45445
chr9	98539418	98739418	harbor1	chr9	98637003	98637199	LINE/CR1	455	-	98	98637101	97683
chr9	111126466	111326466	harbor1	chr9	111139142	111139675	LINE/CR1	985	-	266	111139408	12942
chr9	35823927	36023927	harbor1	chr9	35842994	35843146	LINE/CR1	501	-	76	35843070	19143
chr9	108619343	108819343	harbor1	chr9	108650733	108650950	LINE/CR1	475	-	108	108650841	31498
chr9	117261750	117461750	harbor1	chr9	117263460	117263826	LINE/CR1	555	-	183	117263643	1893
chr9	29175045	29375045	harbor1	chr9	29254466	29254711	LINE/CR1	418	-	122	29254588	79543
chr9	37572989	37772989	harbor1	chr9	37657814	37658132	LINE/CR1	582	-	159	37657973	84984
chr9	38182405	38382405	harbor1	chr9	38237579	38237963	LINE/CR1	650	-	192	38237771	55366
chr9	37780766	37980766	harbor1	chr9	37784276	37784452	LINE/CR1	408	-	88	37784364	3598
chr9	35780975	35980975	harbor1	chr9	35842994	35843146	LINE/CR1	501	-	76	35843070	62095
chr9	120298963	120498963	harbor1	chr9	120380608	120380829	LINE/CR1	484	-	110	120380718	81755
chr9	120298963	120498963	harbor1	chr9	120381320	120381727	LINE/CR1	484	-	204	120381524	82561
chr9	104665042	104865042	harbor1	chr9	104668727	104668935	LINE/CR1	443	-	104	104668831	3789
chr9	101557101	101757101	harbor1	chr9	101634914	101635165	LINE/CR1	540	-	126	101635040	77939
chr9	98081996	98281996	harbor1	chr9	98145137	98145458	LINE/CR1	549	-	160	98145297	63301
chr9	103338140	103538140	harbor1	chr9	103432795	103433460	LINE/CR1	438	-	332	103433127	94987
chr9	99822946	100022946	harbor1	chr9	99921231	99921434	LINE/CR1	565	-	102	99921333	98387
chr9	99822946	100022946	harbor1	chr9	99921579	99922017	LINE/CR1	1164	-	219	99921798	98852
chr9	71815207	72015207	harbor1	chr9	71863517	71863969	LINE/CR1	841	-	226	71863743	48536
chr9	26128453	26328453	harbor1	chr9	26195425	26195610	LINE/CR1	503	-	92	26195517	67064
chr9	100749114	100949114	harbor1	chr9	100833626	100833926	LINE/CR1	422	-	150	100833776	84662
chr9	36869117	37069117	harbor1	chr9	36950401	36950730	LINE/CR1	887	-	164	36950565	81448
chr9	36869117	37069117	harbor1	chr9	36951034	36951099	LINE/CR1	887	-	32	36951066	81949
chr9	36869117	37069117	harbor1	chr9	36959207	36959396	LINE/CR1	429	-	94	36959301	90184
chr9	36869117	37069117	harbor1	chr9	36959424	36959727	LINE/CR1	428	-	152	36959576	90459
chr9	99559588	99759588	harbor1	chr9	99602041	99602291	LINE/CR1	791	-	125	99602166	42578
chr9	90208311	90408311	harbor1	chr9	90295863	90296287	LINE/CR1	408	-	212	90296075	87764
chr9	17834613	18034613	harbor1	chr9	17838684	17838966	LINE/CR1	463	-	141	17838825	4212
chr9	119495040	119695040	harbor1	chr9	119565143	119565662	LINE/CR1	584	-	260	119565403	70363
chr9	119495040	119695040	harbor1	chr9	119566017	119566186	LINE/CR1	518	-	84	119566101	71061
chr9	119495040	119695040	harbor1	chr9	119566488	119566618	LINE/CR1	518	-	65	119566553	71513
chr9	132821788	133021788	harbor1	chr9	132893034	132893453	LINE/CR1	491	-	210	132893244	71456
chr9	13629385	13829385	harbor1	chr9	13661492	13661963	LINE/CR1	1201	-	236	13661728	32343
chr9	24480570	24680570	harbor1	chr9	24500834	24501066	LINE/CR1	440	-	116	24500950	20380
chr9	81166457	81366457	harbor1	chr9	81253535	81254047	LINE/CR1	1060	-	256	81253791	87334
chr9	71323909	71523909	harbor1	chr9	71350328	71350801	LINE/CR1	644	-	236	71350564	26655
chr9	105025159	105225159	harbor1	chr9	105047238	105047681	LINE/CR1	629	-	222	105047460	22301
chr9	111042351	111242351	harbor1	chr9	111139142	111139675	LINE/CR1	985	-	266	111139408	97057
chr9	105415116	105615116	harbor1	chr9	105501359	105501428	LINE/CR1	514	-	34	105501393	86277
chr9	105415116	105615116	harbor1	chr9	105501734	105501971	LINE/CR1	514	-	118	105501852	86736
chr9	75138945	75338945	harbor1	chr9	75174429	75174755	LINE/CR1	627	-	163	75174592	35647
chr9	36860327	37060327	harbor1	chr9	36950401	36950730	LINE/CR1	887	-	164	36950565	90238
chr9	36860327	37060327	harbor1	chr9	36951034	36951099	LINE/CR1	887	-	32	36951066	90739
chr9	36860327	37060327	harbor1	chr9	36959207	36959396	LINE/CR1	429	-	94	36959301	98974
chr9	36860327	37060327	harbor1	chr9	36959424	36959727	LINE/CR1	428	-	152	36959576	99249
chr9	37615157	37815157	harbor1	chr9	37657814	37658132	LINE/CR1	582	-	159	37657973	42816
chr10	3508070	3708070	harbor1	chr10	3531086	3531321	LINE/CR1	440	-	118	3531204	23134
chr10	3508070	3708070	harbor1	chr10	3572333	3572501	LINE/CR1	650	-	84	3572417	64347
chr10	99327912	99527912	harbor1	chr10	99331258	99331507	LINE/CR1	533	-	124	99331382	3470
chr10	127799946	127999946	harbor1	chr10	127885262	127885456	LINE/CR1	537	-	97	127885359	85413
chr10	77504150	77704150	harbor1	chr10	77544810	77544989	LINE/CR1	523	-	90	77544900	40750
chr10	103253782	103453782	harbor1	chr10	103336431	103336592	LINE/CR1	440	-	80	103336511	82729
chr10	103253782	103453782	harbor1	chr10	103336891	103337115	LINE/CR1	440	-	112	103337003	83221
chr10	113930500	114130500	harbor1	chr10	113999730	113999966	LINE/CR1	556	-	118	113999848	69348
chr10	66550771	66750771	harbor1	chr10	66591506	66592186	LINE/CR1	778	-	340	66591846	41075
chr10	66550771	66750771	harbor1	chr10	66616144	66616677	LINE/CR1	948	-	266	66616410	65639
chr10	66550771	66750771	harbor1	chr10	66620702	66620959	LINE/CR1	964	-	128	66620830	70059
chr10	66550771	66750771	harbor1	chr10	66626460	66626640	LINE/CR1	446	-	90	66626550	75779
chr10	21128533	21328533	harbor1	chr10	21158625	21159229	LINE/CR1	655	-	302	21158927	30394
chr10	113169263	113369263	harbor1	chr10	113194924	113195313	LINE/CR1	614	-	194	113195118	25855
chr10	109629992	109829992	harbor1	chr10	109645414	109645908	LINE/CR1	794	-	247	109645661	15669
chr10	100734685	100934685	harbor1	chr10	100794622	100794924	LINE/CR1	621	-	151	100794773	60088
chr10	100734685	100934685	harbor1	chr10	100795493	100796086	LINE/CR1	770	-	296	100795789	61104
chr10	100734685	100934685	harbor1	chr10	100796537	100796815	LINE/CR1	426	-	139	100796676	61991
chr10	76533646	76733646	harbor1	chr10	76577525	76577827	LINE/CR1	422	-	151	76577676	44030
chr10	74614244	74814244	harbor1	chr10	74643143	74643368	LINE/CR1	421	-	112	74643255	29011
chr10	79403822	79603822	harbor1	chr10	79498214	79498504	LINE/CR1	488	-	145	79498359	94537
chr10	42857502	43057502	harbor1	chr10	42956592	42956783	LINE/CR1	510	-	96	42956688	99186
chr10	5145841	5345841	harbor1	chr10	5186653	5187421	LINE/CR1	431	-	384	5187037	41196
chr11	83377643	83577643	harbor1	chr11	83462214	83462568	LINE/CR1	473	-	177	83462391	84748
chr11	83377643	83577643	harbor1	chr11	83472205	83472446	LINE/CR1	575	-	120	83472325	94682
chr11	74239532	74439532	harbor1	chr11	74333234	74333564	LINE/CR1	451	-	165	74333399	93867
chr11	8047767	8247767	harbor1	chr11	8094509	8094811	LINE/CR1	451	-	151	8094660	46893
chr11	108888658	109088658	harbor1	chr11	108931772	108931972	LINE/CR1	534	-	100	108931872	43214
chr11	108888658	109088658	harbor1	chr11	108932471	108932788	LINE/CR1	554	-	158	108932629	43971
chr11	84505330	84705330	harbor1	chr11	84520033	84520556	LINE/CR1	901	-	262	84520295	14965
chr11	84505330	84705330	harbor1	chr11	84532996	84533379	LINE/CR1	694	-	192	84533188	27858
chr11	124885391	125085391	harbor1	chr11	124968800	124969189	LINE/CR1	730	-	194	124968994	83603
chr11	83651331	83851331	harbor1	chr11	83732261	83732472	LINE/CR1	384	-	106	83732367	81036
chr11	113761117	113961117	harbor1	chr11	113768192	113768465	LINE/CR1	521	-	136	113768328	7211
chr11	45126574	45326574	harbor1	chr11	45199191	45199500	LINE/CR1	475	-	154	45199345	72771
chr11	115650011	115850011	harbor1	chr11	115749156	115749648	LINE/CR1	825	-	246	115749402	99391
chr11	47508586	47708586	harbor1	chr11	47605607	47606921	LINE/CR1	1351	-	657	47606264	97678
chr11	19836162	20036162	harbor1	chr11	19922790	19922931	LINE/CR1	394	-	70	19922860	86698
chr11	86048710	86248710	harbor1	chr11	86142243	86142534	LINE/CR1	668	-	146	86142389	93679
chr11	15504865	15704865	harbor1	chr11	15506087	15506250	LINE/CR1	448	-	82	15506169	1304
chr11	15504865	15704865	harbor1	chr11	15562698	15562917	LINE/CR1	500	-	110	15562808	57943
chr11	89419473	89619473	harbor1	chr11	89468034	89468609	LINE/CR1	636	-	288	89468322	48849
chr11	89419473	89619473	harbor1	chr11	89504706	89504968	LINE/CR1	664	-	131	89504837	85364
chr11	119918545	120118545	harbor1	chr11	119961936	119962427	LINE/CR1	870	-	246	119962182	43637
chr11	119918545	120118545	harbor1	chr11	120014781	120015056	LINE/CR1	533	-	138	120014919	96374
chr11	79761023	79961023	harbor1	chr11	79766849	79766962	LINE/CR1	446	-	56	79766905	5882
chr11	116771077	116971077	harbor1	chr11	116783880	116784238	LINE/CR1	765	-	179	116784059	12982
chr11	116771077	116971077	harbor1	chr11	116856267	116856580	LINE/CR1	648	-	156	116856423	85346
chr11	7169473	7369473	harbor1	chr11	7255939	7256125	LINE/CR1	398	-	93	7256032	86559
chr11	7169473	7369473	harbor1	chr11	7256517	7256929	LINE/CR1	578	-	206	7256723	87250
chr11	7169473	7369473	harbor1	chr11	7257140	7257232	LINE/CR1	578	-	46	7257186	87713
chr11	103732200	103932200	harbor1	chr11	103798213	103798381	LINE/CR1	425	-	84	103798297	66097
chr11	79049072	79249072	harbor1	chr11	79079867	79080174	LINE/CR1	398	-	154	79080021	30949
chr11	79049072	79249072	harbor1	chr11	79083452	79083725	LINE/CR1	509	-	136	79083588	34516
chr11	125205258	125405258	harbor1	chr11	125231991	125232190	LINE/CR1	626	-	100	125232091	26833
chr11	109185014	109385014	harbor1	chr11	109225353	109225510	LINE/CR1	446	-	78	109225431	40417
chr11	106840786	107040786	harbor1	chr11	106929637	106929898	LINE/CR1	639	-	130	106929767	88981
chr11	35290323	35490323	harbor1	chr11	35329703	35329872	LINE/CR1	486	-	84	35329787	39464
chr11	39722455	39922455	harbor1	chr11	39779097	39779349	LINE/CR1	623	-	126	39779223	56768
chr11	15394965	15594965	harbor1	chr11	15480213	15480346	LINE/CR1	384	-	66	15480279	85314
chr11	8091342	8291342	harbor1	chr11	8094509	8094811	LINE/CR1	451	-	151	8094660	3318
chr11	115982072	116182072	harbor1	chr11	115997321	115997677	LINE/CR1	544	-	178	115997499	15427
chr11	134397082	134597082	harbor1	chr11	134421609	134421878	LINE/CR1	655	-	134	134421743	24661
chr11	134397082	134597082	harbor1	chr11	134422041	134422118	LINE/CR1	655	-	38	134422079	24997
chr11	120132849	120332849	harbor1	chr11	120142367	120142589	LINE/CR1	452	-	111	120142478	9629
chr11	128114008	128314008	harbor1	chr11	128213189	128213510	LINE/CR1	481	-	160	128213349	99341
chr11	13951696	14151696	harbor1	chr11	13971937	13972617	LINE/CR1	866	-	340	13972277	20581
chr11	131816292	132016292	harbor1	chr11	131864633	131864890	LINE/CR1	484	-	128	131864761	48469
chr11	131816292	132016292	harbor1	chr11	131891673	131891982	LINE/CR1	643	-	154	131891827	75535
chr11	131816292	132016292	harbor1	chr11	131901383	131901778	LINE/CR1	715	-	198	131901581	85289
chr11	121832507	122032507	harbor1	chr11	121881633	121882372	LINE/CR1	895	-	370	121882003	49496
chr11	84432990	84632990	harbor1	chr11	84520033	84520556	LINE/CR1	901	-	262	84520295	87305
chr11	35168072	35368072	harbor1	chr11	35196109	35196449	LINE/CR1	715	-	170	35196279	28207
chr11	126366724	126566724	harbor1	chr11	126429671	126429854	LINE/CR1	427	-	92	126429763	63039
chr11	126366724	126566724	harbor1	chr11	126454794	126455041	LINE/CR1	445	-	124	126454918	88194
chr11	18246976	18446976	harbor1	chr11	18320306	18320944	LINE/CR1	1234	-	319	18320625	73649
chr11	109271394	109471394	harbor1	chr11	109335379	109335759	LINE/CR1	599	-	190	109335569	64175
chr11	114646701	114846701	harbor1	chr11	114734488	114734826	LINE/CR1	482	-	169	114734657	87956
chr11	114646701	114846701	harbor1	chr11	114735113	114735415	LINE/CR1	482	-	151	114735264	88563
chr11	74398236	74598236	harbor1	chr11	74469744	74469964	LINE/CR1	665	-	110	74469854	71618
chr11	119617540	119817540	harbor1	chr11	119620081	119620202	LINE/CR1	429	-	60	119620141	2601
chr11	119617540	119817540	harbor1	chr11	119620915	119621142	LINE/CR1	516	-	114	119621029	3489
chr11	119617540	119817540	harbor1	chr11	119621457	119621717	LINE/CR1	516	-	130	119621587	4047
chr11	33538382	33738382	harbor1	chr11	33608506	33608721	LINE/CR1	391	-	108	33608614	70232
chr11	78826365	79026365	harbor1	chr11	78888505	78888786	LINE/CR1	457	-	140	78888645	62280
chr11	124945047	125145047	harbor1	chr11	124968800	124969189	LINE/CR1	730	-	194	124968994	23947
chr11	13709405	13909405	harbor1	chr11	13762425	13762660	LINE/CR1	514	-	118	13762543	53138
chr11	110702025	110902025	harbor1	chr11	110746908	110747139	LINE/CR1	572	-	116	110747024	44999
chr11	110702025	110902025	harbor1	chr11	110756661	110757120	LINE/CR1	732	-	230	110756891	54866
chr11	125327504	125527504	harbor1	chr11	125364841	125366144	LINE/CR1	1521	-	652	125365493	37989
chr11	61272269	61472269	harbor1	chr11	61295925	61296102	LINE/CR1	420	-	88	61296013	23744
chr11	79845632	80045632	harbor1	chr11	79926501	79926933	LINE/CR1	427	-	216	79926717	81085
chr11	194336	394336	harbor1	chr11	239870	240101	LINE/CR1	795	-	116	239986	45650
chr11	194336	394336	harbor1	chr11	240412	240553	LINE/CR1	795	-	70	240482	46146
chr11	126443381	126643381	harbor1	chr11	126454794	126455041	LINE/CR1	445	-	124	126454918	11537
chr11	105964603	106164603	harbor1	chr11	106033599	106033844	LINE/CR1	411	-	122	106033721	69118
chr11	124200099	124400099	harbor1	chr11	124213040	124213661	LINE/CR1	604	-	310	124213350	13251
chr11	124200099	124400099	harbor1	chr11	124229250	124229485	LINE/CR1	400	-	118	124229368	29269
chr11	124200099	124400099	harbor1	chr11	124255142	124255752	LINE/CR1	840	-	305	124255447	55348
chr11	124200099	124400099	harbor1	chr11	124297092	124297423	LINE/CR1	481	-	166	124297258	97159
chr11	28504909	28704909	harbor1	chr11	28583728	28583950	LINE/CR1	402	-	111	28583839	78930
chr11	124079733	124279733	harbor1	chr11	124154793	124155135	LINE/CR1	564	-	171	124154964	75231
chr11	37017026	37217026	harbor1	chr11	37054697	37055060	LINE/CR1	462	-	182	37054879	37853
chr11	27847842	28047842	harbor1	chr11	27922951	27923103	LINE/CR1	551	-	76	27923027	75185
chr11	126890418	127090418	harbor1	chr11	126975797	126975884	LINE/CR1	491	-	44	126975841	85423
chr11	126890418	127090418	harbor1	chr11	126976891	126977382	LINE/CR1	605	-	246	126977137	86719
chr11	126890418	127090418	harbor1	chr11	126977680	126977907	LINE/CR1	534	-	114	126977794	87376
chr11	126890418	127090418	harbor1	chr11	126975962	126976190	LINE/CR1	491	-	114	126976076	85658
chr11	74655904	74855904	harbor1	chr11	74700934	74701135	LINE/CR1	404	-	100	74701034	45130
chr11	74655904	74855904	harbor1	chr11	74734666	74734883	LINE/CR1	648	-	108	74734774	78870
chr11	12455680	12655680	harbor1	chr11	12549012	12549108	LINE/CR1	378	-	48	12549060	93380
chr11	113974068	114174068	harbor1	chr11	114070722	114070887	LINE/CR1	749	-	82	114070804	96736
chr11	7361377	7561377	harbor1	chr11	7380704	7381392	LINE/CR1	1124	-	344	7381048	19671
chr11	87721797	87921797	harbor1	chr11	87750922	87751101	LINE/CR1	424	-	90	87751012	29215
chr11	88572653	88772653	harbor1	chr11	88572409	88572793	LINE/CR1	645	-	192	88572601	52
chr11	122922968	123122968	harbor1	chr11	122973535	122974025	LINE/CR1	622	-	245	122973780	50812
chr11	72629478	72829478	harbor1	chr11	72698556	72698742	LINE/CR1	404	-	93	72698649	69171
chr11	134706957	134906957	harbor1	chr11	134763659	134763860	LINE/CR1	378	-	100	134763759	56802
chr11	26902327	27102327	harbor1	chr11	26943696	26943890	LINE/CR1	796	-	97	26943793	41466
chr11	26902327	27102327	harbor1	chr11	26944245	26944403	LINE/CR1	796	-	79	26944324	41997
chr11	124207915	124407915	harbor1	chr11	124213040	124213661	LINE/CR1	604	-	310	124213350	5435
chr11	124207915	124407915	harbor1	chr11	124229250	124229485	LINE/CR1	400	-	118	124229368	21453
chr11	124207915	124407915	harbor1	chr11	124255142	124255752	LINE/CR1	840	-	305	124255447	47532
chr11	124207915	124407915	harbor1	chr11	124297092	124297423	LINE/CR1	481	-	166	124297258	89343
chr11	44804875	45004875	harbor1	chr11	44869195	44869297	LINE/CR1	376	-	51	44869246	64371
chr11	44804875	45004875	harbor1	chr11	44871494	44871608	LINE/CR1	384	-	57	44871551	66676
chr11	104034148	104234148	harbor1	chr11	104039982	104040230	LINE/CR1	510	-	124	104040106	5958
chr11	74666789	74866789	harbor1	chr11	74700934	74701135	LINE/CR1	404	-	100	74701034	34245
chr11	74666789	74866789	harbor1	chr11	74734666	74734883	LINE/CR1	648	-	108	74734774	67985
chr11	93561657	93761657	harbor1	chr11	93574543	93574698	LINE/CR1	467	-	78	93574621	12964
chr11	78879808	79079808	harbor1	chr11	78888505	78888786	LINE/CR1	457	-	140	78888645	8837
chr12	81240188	81440188	harbor1	chr12	81317829	81318641	LINE/CR1	455	-	406	81318235	78047
chr12	81240188	81440188	harbor1	chr12	81319003	81319383	LINE/CR1	445	-	190	81319193	79005
chr12	81240188	81440188	harbor1	chr12	81333025	81334094	LINE/CR1	1101	-	534	81333559	93371
chr12	81240188	81440188	harbor1	chr12	81336118	81337303	LINE/CR1	488	-	592	81336710	96522
chr12	49279687	49479687	harbor1	chr12	49358470	49358751	LINE/CR1	611	-	140	49358610	78923
chr12	12316099	12516099	harbor1	chr12	12392738	12392946	LINE/CR1	515	-	104	12392842	76743
chr12	12316099	12516099	harbor1	chr12	12393242	12393400	LINE/CR1	515	-	79	12393321	77222
chr12	2044271	2244271	harbor1	chr12	2084184	2084702	LINE/CR1	1322	-	259	2084443	40172
chr12	2044271	2244271	harbor1	chr12	2084712	2085099	LINE/CR1	455	-	194	2084906	40635
chr13	35447407	35647407	harbor1	chr13	35487460	35487736	LINE/CR1	611	-	138	35487598	40191
chr13	20319218	20519218	harbor1	chr13	20334744	20335155	LINE/CR1	474	-	206	20334950	15732
chr13	58719302	58919302	harbor1	chr13	58738720	58738946	LINE/CR1	665	-	113	58738833	19531
chr13	58719302	58919302	harbor1	chr13	58744428	58745143	LINE/CR1	720	-	358	58744786	25484
chr13	48058307	48258307	harbor1	chr13	48104524	48104737	LINE/CR1	496	-	106	48104630	46323
chr14	99359904	99559904	harbor1	chr14	99394830	99395008	LINE/CR1	457	-	89	99394919	35015
chr14	80997544	81197544	harbor1	chr14	80999100	80999446	LINE/CR1	475	-	173	80999273	1729
chr14	66936800	67136800	harbor1	chr14	66948422	66948796	LINE/CR1	689	-	187	66948609	11809
chr14	76600498	76800498	harbor1	chr14	76659765	76660043	LINE/CR1	478	-	139	76659904	59406
chr14	19605217	19805217	harbor1	chr14	19644556	19644688	LINE/CR1	538	-	66	19644622	39405
chr14	87095251	87295251	harbor1	chr14	87141849	87142173	LINE/CR1	486	-	162	87142011	46760
chr14	47510042	47710042	harbor1	chr14	47524914	47525290	LINE/CR1	639	-	188	47525102	15060
chr14	53693796	53893796	harbor1	chr14	53706694	53707022	LINE/CR1	495	-	164	53706858	13062
chr14	66796386	66996386	harbor1	chr14	66833916	66834212	LINE/CR1	694	-	148	66834064	37678
chr14	65202260	65402260	harbor1	chr14	65220583	65220774	LINE/CR1	444	-	96	65220679	18419
chr14	49047477	49247477	harbor1	chr14	49111864	49112351	LINE/CR1	821	-	244	49112108	64631
chr14	27153934	27353934	harbor1	chr14	27187696	27187975	LINE/CR1	652	-	140	27187836	33902
chr14	78292435	78492435	harbor1	chr14	78375144	78375485	LINE/CR1	480	-	170	78375314	82879
chr14	40228223	40428223	harbor1	chr14	40265274	40265446	LINE/CR1	440	-	86	40265360	37137
chr14	91881643	92081643	harbor1	chr14	91883124	91883337	LINE/CR1	655	-	106	91883230	1587
chr14	91881643	92081643	harbor1	chr14	91950535	91950904	LINE/CR1	579	-	184	91950719	69076
chr14	91881643	92081643	harbor1	chr14	91950915	91951082	LINE/CR1	442	-	84	91950999	69356
chr14	91881643	92081643	harbor1	chr14	91951376	91951494	LINE/CR1	442	-	59	91951435	69792
chr14	91881643	92081643	harbor1	chr14	91952347	91952524	LINE/CR1	645	-	88	91952435	70792
chr14	75726123	75926123	harbor1	chr14	75739951	75740571	LINE/CR1	865	-	310	75740261	14138
chr14	76281875	76481875	harbor1	chr14	76374744	76375006	LINE/CR1	471	-	131	76374875	93000
chr14	39690311	39890311	harbor1	chr14	39719871	39720158	LINE/CR1	553	-	144	39720015	29704
chr14	79910170	80110170	harbor1	chr14	79976426	79976651	LINE/CR1	420	-	112	79976538	66368
chr14	104285791	104485791	harbor1	chr14	104378650	104378850	LINE/CR1	491	-	100	104378750	92959
chr15	76168578	76368578	harbor1	chr15	76193546	76194255	LINE/CR1	604	-	354	76193900	25322
chr15	85580394	85780394	harbor1	chr15	85643529	85644125	LINE/CR1	500	-	298	85643827	63433
chr15	26562414	26762414	harbor1	chr15	26582138	26582500	LINE/CR1	451	-	181	26582319	19905
chr15	63141428	63341428	harbor1	chr15	63167836	63167983	LINE/CR1	536	-	74	63167910	26482
chr15	63141428	63341428	harbor1	chr15	63168284	63168492	LINE/CR1	536	-	104	63168388	26960
chr15	79143436	79343436	harbor1	chr15	79188951	79189188	LINE/CR1	469	-	118	79189069	45633
chr15	61813587	62013587	harbor1	chr15	61821642	61821932	LINE/CR1	828	-	145	61821787	8200
chr15	61813587	62013587	harbor1	chr15	61822801	61823106	LINE/CR1	914	-	152	61822953	9366
chr15	61813587	62013587	harbor1	chr15	61823469	61823617	LINE/CR1	914	-	74	61823543	9956
chr15	61813587	62013587	harbor1	chr15	61824064	61824581	LINE/CR1	914	-	258	61824322	10735
chr15	96234397	96434397	harbor1	chr15	96255892	96256411	LINE/CR1	441	-	260	96256152	21755
chr15	44102278	44302278	harbor1	chr15	44141620	44142444	LINE/CR1	1061	-	412	44142032	39754
chr15	72836684	73036684	harbor1	chr15	72908806	72909244	LINE/CR1	1012	-	219	72909025	72341
chr15	66856183	67056183	harbor1	chr15	66902133	66902198	LINE/CR1	1127	-	32	66902165	45982
chr15	66856183	67056183	harbor1	chr15	66902442	66903006	LINE/CR1	1127	-	282	66902724	46541
chr15	44457077	44657077	harbor1	chr15	44463447	44463831	LINE/CR1	525	-	192	44463639	6562
chr15	59365067	59565067	harbor1	chr15	59460262	59460555	LINE/CR1	485	-	146	59460408	95341
chr15	46161745	46361745	harbor1	chr15	46241228	46241772	LINE/CR1	517	-	272	46241500	79755
chr15	91482213	91682213	harbor1	chr15	91549939	91550291	LINE/CR1	446	-	176	91550115	67902
chr16	79602834	79802834	harbor1	chr16	79607283	79608064	LINE/CR1	667	-	390	79607673	4839
chr16	76193814	76393814	harbor1	chr16	76292173	76292813	LINE/CR1	507	-	320	76292493	98679
chr16	88707085	88907085	harbor1	chr16	88798736	88799012	LINE/CR1	441	-	138	88798874	91789
chr16	24359459	24559459	harbor1	chr16	24372948	24373194	LINE/CR1	1342	-	123	24373071	13612
chr16	24049670	24249670	harbor1	chr16	24050762	24051036	LINE/CR1	465	-	137	24050899	1229
chr16	55614412	55814412	harbor1	chr16	55688780	55688942	LINE/CR1	513	-	81	55688861	74449
chr16	26607425	26807425	harbor1	chr16	26660766	26661067	LINE/CR1	616	-	150	26660916	53491
chr16	62074492	62274492	harbor1	chr16	62138779	62139224	LINE/CR1	779	-	222	62139001	64509
chr16	85019393	85219393	harbor1	chr16	85025787	85026048	LINE/CR1	501	-	130	85025917	6524
chr16	85019393	85219393	harbor1	chr16	85055408	85055842	LINE/CR1	468	-	217	85055625	36232
chr16	9322201	9522201	harbor1	chr16	9364194	9364356	LINE/CR1	559	-	81	9364275	42074
chr16	9322201	9522201	harbor1	chr16	9364664	9365141	LINE/CR1	559	-	238	9364902	42701
chr16	30057177	30257177	harbor1	chr16	30135684	30135954	LINE/CR1	1079	-	135	30135819	78642
chr16	30057177	30257177	harbor1	chr16	30136257	30136282	LINE/CR1	1079	-	12	30136269	79092
chr16	30057177	30257177	harbor1	chr16	30137269	30137599	LINE/CR1	1079	-	165	30137434	80257
chr16	24345382	24545382	harbor1	chr16	24372948	24373194	LINE/CR1	1342	-	123	24373071	27689
chr16	54977151	55177151	harbor1	chr16	55047772	55047904	LINE/CR1	460	-	66	55047838	70687
chr16	26860412	27060412	harbor1	chr16	26943586	26943865	LINE/CR1	550	-	140	26943726	83314
chr16	55756540	55956540	harbor1	chr16	55829809	55830149	LINE/CR1	547	-	170	55829979	73439
chr16	55756540	55956540	harbor1	chr16	55833549	55833714	LINE/CR1	471	-	82	55833631	77091
chr17	29062749	29262749	harbor1	chr17	29114247	29114538	LINE/CR1	490	-	146	29114393	51644
chr17	72962286	73162286	harbor1	chr17	73032520	73032744	LINE/CR1	664	-	112	73032632	70346
chr17	34477470	34677470	harbor1	chr17	34512802	34513107	LINE/CR1	485	-	152	34512954	35484
chr17	34477470	34677470	harbor1	chr17	34515189	34515519	LINE/CR1	623	-	165	34515354	37884
chr17	57878223	58078223	harbor1	chr17	57948588	57948885	LINE/CR1	600	-	148	57948736	70513
chr17	57878223	58078223	harbor1	chr17	57956796	57957032	LINE/CR1	913	-	118	57956914	78691
chr17	46417069	46617069	harbor1	chr17	46444738	46445357	LINE/CR1	1124	-	310	46445048	27979
chr17	46417069	46617069	harbor1	chr17	46487286	46487563	LINE/CR1	518	-	138	46487424	70355
chr17	8708227	8908227	harbor1	chr17	8728931	8729076	LINE/CR1	595	-	72	8729003	20776
chr17	8708227	8908227	harbor1	chr17	8759743	8760206	LINE/CR1	574	-	232	8759975	51748
chr17	12267707	12467707	harbor1	chr17	12301603	12301838	LINE/CR1	497	-	118	12301721	34014
chr17	46278017	46478017	harbor1	chr17	46376707	46377036	LINE/CR1	648	-	164	46376871	98854
chr17	11647981	11847981	harbor1	chr17	11714176	11714391	LINE/CR1	517	-	108	11714284	66303
chr17	72984408	73184408	harbor1	chr17	73032520	73032744	LINE/CR1	664	-	112	73032632	48224
chr17	15502708	15702708	harbor1	chr17	15519982	15520390	LINE/CR1	786	-	204	15520186	17478
chr17	42975210	43175210	harbor1	chr17	43065735	43066213	LINE/CR1	656	-	239	43065974	90764
chr17	31677766	31877766	harbor1	chr17	31697060	31697349	LINE/CR1	518	-	144	31697204	19438
chr17	58148256	58348256	harbor1	chr17	58197421	58197711	LINE/CR1	493	-	145	58197566	49310
chr17	45716242	45916242	harbor1	chr17	45755350	45755643	LINE/CR1	677	-	146	45755496	39254
chr17	32501399	32701399	harbor1	chr17	32586593	32587006	LINE/CR1	864	-	206	32586799	85400
chr17	56651249	56851249	harbor1	chr17	56681948	56682250	LINE/CR1	682	-	151	56682099	30850
chr17	56651249	56851249	harbor1	chr17	56683830	56684433	LINE/CR1	589	-	302	56684132	32883
chr17	43941403	44141403	harbor1	chr17	43974915	43975249	LINE/CR1	593	-	167	43975082	33679
chr17	16215482	16415482	harbor1	chr17	16287519	16287805	LINE/CR1	543	-	143	16287662	72180
chr17	45583272	45783272	harbor1	chr17	45629832	45630451	LINE/CR1	1015	-	310	45630142	46870
chr17	45583272	45783272	harbor1	chr17	45630763	45630830	LINE/CR1	1015	-	34	45630797	47525
chr17	45583272	45783272	harbor1	chr17	45642136	45642388	LINE/CR1	641	-	126	45642262	58990
chr17	45583272	45783272	harbor1	chr17	45642748	45642904	LINE/CR1	641	-	78	45642826	59554
chr17	45583272	45783272	harbor1	chr17	45644507	45644853	LINE/CR1	1110	-	173	45644680	61408
chr17	45583272	45783272	harbor1	chr17	45646690	45646877	LINE/CR1	614	-	94	45646784	63512
chr17	45583272	45783272	harbor1	chr17	45645444	45646112	LINE/CR1	856	-	334	45645778	62506
chr17	73000928	73200928	harbor1	chr17	73032520	73032744	LINE/CR1	664	-	112	73032632	31704
chr17	46653259	46853259	harbor1	chr17	46662443	46663062	LINE/CR1	1159	-	310	46662753	9494
chr17	46653259	46853259	harbor1	chr17	46705000	46705277	LINE/CR1	529	-	138	46705138	51879
chr18	41901500	42101500	harbor1	chr18	41913014	41913495	LINE/CR1	584	-	240	41913254	11754
chr18	56818500	57018500	harbor1	chr18	56834517	56835133	LINE/CR1	769	-	308	56834825	16325
chr18	75980778	76180778	harbor1	chr18	76028259	76028844	LINE/CR1	752	-	292	76028551	47773
chr18	27730688	27930688	harbor1	chr18	27818272	27818690	LINE/CR1	407	-	209	27818481	87793
chr18	53109811	53309811	harbor1	chr18	53123764	53124178	LINE/CR1	1016	-	207	53123971	14160
chr18	35931463	36131463	harbor1	chr18	36002967	36003436	LINE/CR1	736	-	234	36003201	71738
chr18	714665	914665	harbor1	chr18	797656	797988	LINE/CR1	426	-	166	797822	83157
chr18	714665	914665	harbor1	chr18	798134	798454	LINE/CR1	426	-	160	798294	83629
chr18	60020517	60220517	harbor1	chr18	60083245	60083525	LINE/CR1	686	-	140	60083385	62868
chr19	32079229	32279229	harbor1	chr19	32081103	32081626	LINE/CR1	675	-	262	32081365	2136
chr20	8219152	8419152	harbor1	chr20	8304246	8304625	LINE/CR1	619	-	190	8304436	85284
chr20	53958343	54158343	harbor1	chr20	53980141	53980382	LINE/CR1	408	-	120	53980261	21918
chr20	48401914	48601914	harbor1	chr20	48402994	48403154	LINE/CR1	493	-	80	48403074	1160
chr20	36003339	36203339	harbor1	chr20	36088026	36088161	LINE/CR1	556	-	68	36088094	84755
chr20	36003339	36203339	harbor1	chr20	36088972	36089207	LINE/CR1	846	-	118	36089090	85751
chr20	36003339	36203339	harbor1	chr20	36089827	36090099	LINE/CR1	846	-	136	36089963	86624
chr20	36003339	36203339	harbor1	chr20	36090301	36090560	LINE/CR1	846	-	130	36090431	87092
chr20	52827509	53027509	harbor1	chr20	52856121	52856198	LINE/CR1	509	-	38	52856159	28650
chr20	52827509	53027509	harbor1	chr20	52856508	52856713	LINE/CR1	509	-	102	52856610	29101
chr20	52827509	53027509	harbor1	chr20	52857075	52857114	LINE/CR1	509	-	20	52857095	29586
chr20	52827509	53027509	harbor1	chr20	52857316	52857413	LINE/CR1	509	-	48	52857364	29855
chr20	13475083	13675083	harbor1	chr20	13529820	13530162	LINE/CR1	464	-	171	13529991	54908
chr20	44313649	44513649	harbor1	chr20	44381049	44381273	LINE/CR1	621	-	112	44381161	67512
chr20	38458967	38658967	harbor1	chr20	38491111	38491556	LINE/CR1	744	-	222	38491333	32366
chr20	38458967	38658967	harbor1	chr20	38491819	38492022	LINE/CR1	603	-	102	38491921	32954
chr20	38458967	38658967	harbor1	chr20	38492247	38492495	LINE/CR1	511	-	124	38492371	33404
chr20	38458967	38658967	harbor1	chr20	38544048	38544468	LINE/CR1	1041	-	210	38544258	85291
chr20	38458967	38658967	harbor1	chr20	38544768	38545220	LINE/CR1	1041	-	226	38544994	86027
chr20	32123577	32323577	harbor1	chr20	32162284	32162405	LINE/CR1	543	-	60	32162344	38767
chr20	32123577	32323577	harbor1	chr20	32162619	32162803	LINE/CR1	543	-	92	32162711	39134
chr20	17792169	17992169	harbor1	chr20	17888519	17889094	LINE/CR1	630	-	288	17888807	96638
chr20	17792169	17992169	harbor1	chr20	17889227	17889316	LINE/CR1	630	-	44	17889271	97102
chr20	17792169	17992169	harbor1	chr20	17889811	17889959	LINE/CR1	630	-	74	17889885	97716
chr20	41770379	41970379	harbor1	chr20	41820100	41820384	LINE/CR1	876	-	142	41820242	49863
chr20	41770379	41970379	harbor1	chr20	41820674	41820862	LINE/CR1	876	-	94	41820768	50389
chr21	14701832	14901832	harbor1	chr21	14710271	14710521	LINE/CR1	655	-	125	14710396	8564
chr21	30089444	30289444	harbor1	chr21	30148898	30149285	LINE/CR1	631	-	194	30149092	59648
chr22	44952498	45152498	harbor1	chr22	45045289	45045541	LINE/CR1	543	-	126	45045415	92917
chr22	45007269	45207269	harbor1	chr22	45045289	45045541	LINE/CR1	543	-	126	45045415	38146
chr22	44965786	45165786	harbor1	chr22	45045289	45045541	LINE/CR1	543	-	126	45045415	79629
chr22	34654208	34854208	harbor1	chr22	34722593	34723462	LINE/CR1	2009	-	434	34723027	68819
chr22	12703536	12903536	harbor1	chr22	12707624	12707958	LINE/CR1	636	-	167	12707791	4255
chr22	34650226	34850226	harbor1	chr22	34722593	34723462	LINE/CR1	2009	-	434	34723027	72801
chrX	12236283	12436283	harbor1	chrX	12285027	12285303	LINE/CR1	506	-	138	12285165	48882
chrX	77439260	77639260	harbor1	chrX	77452119	77452349	LINE/CR1	554	-	115	77452234	12974
