H_chr	H_start	H_end	Harbor	TE_chr	TE_start	TE_end	TE	score	TE_strand	TE_half	TE_middle_pos	TE_dis
chr1	96244610	96444610	harbor1	chr1	96293487	96293649	LINE/L2	426	-	81	96293568	48958
chr1	193326713	193526713	harbor1	chr1	193360743	193361032	LINE/L2	436	-	144	193360887	34174
chr1	193326713	193526713	harbor1	chr1	193413170	193413805	LINE/L2	1122	-	318	193413488	86775
chr1	56532729	56732729	harbor1	chr1	56540223	56540339	LINE/L2	419	-	58	56540281	7552
chr1	56532729	56732729	harbor1	chr1	56585256	56585364	LINE/L2	546	-	54	56585310	52581
chr1	56532729	56732729	harbor1	chr1	56593956	56594183	LINE/L2	915	-	114	56594070	61341
chr1	56532729	56732729	harbor1	chr1	56615622	56615934	LINE/L2	466	-	156	56615778	83049
chr1	56532729	56732729	harbor1	chr1	56617780	56618098	LINE/L2	625	-	159	56617939	85210
chr1	56532729	56732729	harbor1	chr1	56621746	56621932	LINE/L2	529	-	93	56621839	89110
chr1	215294019	215494019	harbor1	chr1	215307690	215308679	LINE/L2	1460	-	494	215308184	14165
chr1	38045254	38245254	harbor1	chr1	38058454	38058933	LINE/L2	685	-	240	38058694	13440
chr1	38045254	38245254	harbor1	chr1	38061403	38061516	LINE/L2	478	-	56	38061459	16205
chr1	38045254	38245254	harbor1	chr1	38070356	38070830	LINE/L2	1202	-	237	38070593	25339
chr1	38045254	38245254	harbor1	chr1	38087983	38088323	LINE/L2	411	-	170	38088153	42899
chr1	38045254	38245254	harbor1	chr1	38088346	38088579	LINE/L2	548	-	116	38088462	43208
chr1	38045254	38245254	harbor1	chr1	38104251	38104410	LINE/L2	494	-	80	38104331	59077
chr1	38045254	38245254	harbor1	chr1	38104708	38105242	LINE/L2	494	-	267	38104975	59721
chr1	61689580	61889580	harbor1	chr1	61701113	61701498	LINE/L2	1221	-	192	61701305	11725
chr1	102982162	103182162	harbor1	chr1	103044720	103045441	LINE/L2	809	-	360	103045080	62918
chr1	236259460	236459460	harbor1	chr1	236274670	236275061	LINE/L2	941	-	196	236274866	15406
chr1	236259460	236459460	harbor1	chr1	236275888	236276159	LINE/L2	559	-	136	236276024	16564
chr1	236259460	236459460	harbor1	chr1	236276140	236276510	LINE/L2	1055	-	185	236276325	16865
chr1	236259460	236459460	harbor1	chr1	236276717	236276823	LINE/L2	1360	-	53	236276770	17310
chr1	236259460	236459460	harbor1	chr1	236277426	236277769	LINE/L2	1360	-	172	236277598	18138
chr1	236259460	236459460	harbor1	chr1	236340738	236340862	LINE/L2	500	-	62	236340800	81340
chr1	145761999	145961999	harbor1	chr1	145827250	145827369	LINE/L2	502	-	60	145827310	65311
chr1	145761999	145961999	harbor1	chr1	145827951	145828195	LINE/L2	502	-	122	145828073	66074
chr1	145761999	145961999	harbor1	chr1	145830305	145830517	LINE/L2	1136	-	106	145830411	68412
chr1	145761999	145961999	harbor1	chr1	145830815	145830826	LINE/L2	1136	-	6	145830821	68822
chr1	145761999	145961999	harbor1	chr1	145831114	145831236	LINE/L2	1136	-	61	145831175	69176
chr1	145761999	145961999	harbor1	chr1	145831532	145831759	LINE/L2	1136	-	114	145831646	69647
chr1	145761999	145961999	harbor1	chr1	145832055	145832741	LINE/L2	1136	-	343	145832398	70399
chr1	145761999	145961999	harbor1	chr1	145833040	145833152	LINE/L2	834	-	56	145833096	71097
chr1	206125916	206325916	harbor1	chr1	206142948	206143300	LINE/L2	498	-	176	206143124	17208
chr1	206125916	206325916	harbor1	chr1	206197161	206197284	LINE/L2	559	-	62	206197223	71307
chr1	206125916	206325916	harbor1	chr1	206208496	206208604	LINE/L2	414	-	54	206208550	82634
chr1	47107050	47307050	harbor1	chr1	47198090	47199022	LINE/L2	1189	-	466	47198556	91506
chr1	74353744	74553744	harbor1	chr1	74361496	74361863	LINE/L2	586	-	184	74361680	7936
chr1	74353744	74553744	harbor1	chr1	74390545	74391155	LINE/L2	773	-	305	74390850	37106
chr1	74353744	74553744	harbor1	chr1	74404913	74405240	LINE/L2	486	-	164	74405077	51333
chr1	74353744	74553744	harbor1	chr1	74437341	74437683	LINE/L2	915	-	171	74437512	83768
chr1	114150221	114350221	harbor1	chr1	114170765	114170913	LINE/L2	798	-	74	114170839	20618
chr1	114150221	114350221	harbor1	chr1	114171300	114171374	LINE/L2	798	-	37	114171337	21116
chr1	114150221	114350221	harbor1	chr1	114171435	114171672	LINE/L2	5156	-	118	114171553	21332
chr1	114150221	114350221	harbor1	chr1	114171871	114172469	LINE/L2	5156	-	299	114172170	21949
chr1	114150221	114350221	harbor1	chr1	114172874	114174380	LINE/L2	5156	-	753	114173627	23406
chr1	114150221	114350221	harbor1	chr1	114204072	114204207	LINE/L2	491	-	68	114204140	53919
chr1	199803951	200003951	harbor1	chr1	199810011	199810211	LINE/L2	438	-	100	199810111	6160
chr1	199803951	200003951	harbor1	chr1	199820908	199821252	LINE/L2	558	-	172	199821080	17129
chr1	199803951	200003951	harbor1	chr1	199854903	199855254	LINE/L2	505	-	176	199855079	51128
chr1	230369077	230569077	harbor1	chr1	230416595	230417008	LINE/L2	483	-	206	230416801	47724
chr1	230369077	230569077	harbor1	chr1	230430285	230431337	LINE/L2	2739	-	526	230430811	61734
chr1	230369077	230569077	harbor1	chr1	230431642	230432356	LINE/L2	2739	-	357	230431999	62922
chr1	230369077	230569077	harbor1	chr1	230432847	230433185	LINE/L2	549	-	169	230433016	63939
chr1	230369077	230569077	harbor1	chr1	230433503	230433519	LINE/L2	549	-	8	230433511	64434
chr1	230369077	230569077	harbor1	chr1	230459278	230459480	LINE/L2	667	-	101	230459379	90302
chr1	201026708	201226708	harbor1	chr1	201032271	201032496	LINE/L2	519	-	112	201032383	5675
chr1	201026708	201226708	harbor1	chr1	201036528	201036875	LINE/L2	606	-	174	201036702	9994
chr1	201026708	201226708	harbor1	chr1	201036912	201037860	LINE/L2	900	-	474	201037386	10678
chr1	201026708	201226708	harbor1	chr1	201038152	201038163	LINE/L2	900	-	6	201038158	11450
chr1	201026708	201226708	harbor1	chr1	201038209	201038557	LINE/L2	900	-	174	201038383	11675
chr1	144283332	144483332	harbor1	chr1	144319971	144320317	LINE/L2	545	-	173	144320144	36812
chr1	144283332	144483332	harbor1	chr1	144346488	144346831	LINE/L2	456	-	172	144346660	63328
chr1	220592982	220792982	harbor1	chr1	220595523	220596332	LINE/L2	769	-	404	220595927	2945
chr1	220592982	220792982	harbor1	chr1	220602322	220602493	LINE/L2	680	-	86	220602408	9426
chr1	220592982	220792982	harbor1	chr1	220625316	220625613	LINE/L2	442	-	148	220625464	32482
chr1	220592982	220792982	harbor1	chr1	220654011	220654295	LINE/L2	448	-	142	220654153	61171
chr1	220592982	220792982	harbor1	chr1	220660764	220661314	LINE/L2	1450	-	275	220661039	68057
chr1	67038643	67238643	harbor1	chr1	67097240	67097911	LINE/L2	1091	-	336	67097576	58933
chr1	152106119	152306119	harbor1	chr1	152129977	152130249	LINE/L2	469	-	136	152130113	23994
chr1	152106119	152306119	harbor1	chr1	152130257	152130914	LINE/L2	1000	-	328	152130585	24466
chr1	152106119	152306119	harbor1	chr1	152151040	152151635	LINE/L2	882	-	298	152151338	45219
chr1	152106119	152306119	harbor1	chr1	152171977	152172294	LINE/L2	847	-	158	152172135	66016
chr1	152106119	152306119	harbor1	chr1	152190236	152190586	LINE/L2	714	-	175	152190411	84292
chr1	179157233	179357233	harbor1	chr1	179179509	179179734	LINE/L2	442	-	112	179179621	22388
chr1	59604000	59804000	harbor1	chr1	59619171	59620026	LINE/L2	1403	-	428	59619599	15599
chr1	59604000	59804000	harbor1	chr1	59633612	59634124	LINE/L2	712	-	256	59633868	29868
chr1	59604000	59804000	harbor1	chr1	59634426	59634463	LINE/L2	712	-	18	59634444	30444
chr1	59604000	59804000	harbor1	chr1	59667668	59667969	LINE/L2	450	-	150	59667818	63818
chr1	59604000	59804000	harbor1	chr1	59673047	59673549	LINE/L2	1103	-	251	59673298	69298
chr1	72566007	72766007	harbor1	chr1	72662293	72662672	LINE/L2	489	-	190	72662483	96476
chr1	72566007	72766007	harbor1	chr1	72663942	72664056	LINE/L2	489	-	57	72663999	97992
chr1	200422372	200622372	harbor1	chr1	200422135	200422749	LINE/L2	547	-	307	200422442	70
chr1	200422372	200622372	harbor1	chr1	200481565	200481937	LINE/L2	827	-	186	200481751	59379
chr1	200422372	200622372	harbor1	chr1	200487179	200487333	LINE/L2	607	-	77	200487256	64884
chr1	200422372	200622372	harbor1	chr1	200487956	200488023	LINE/L2	479	-	34	200487990	65618
chr1	200422372	200622372	harbor1	chr1	200488361	200488743	LINE/L2	479	-	191	200488552	66180
chr1	28884288	29084288	harbor1	chr1	28897920	28898188	LINE/L2	551	-	134	28898054	13766
chr1	28884288	29084288	harbor1	chr1	28912149	28912383	LINE/L2	633	-	117	28912266	27978
chr1	28884288	29084288	harbor1	chr1	28924691	28924803	LINE/L2	1254	-	56	28924747	40459
chr1	28884288	29084288	harbor1	chr1	28925411	28925875	LINE/L2	1254	-	232	28925643	41355
chr1	28884288	29084288	harbor1	chr1	28974484	28974759	LINE/L2	434	-	138	28974622	90334
chr1	28884288	29084288	harbor1	chr1	28966410	28966967	LINE/L2	1413	-	278	28966688	82400
chr1	103645883	103845883	harbor1	chr1	103737422	103738771	LINE/L2	1991	-	674	103738096	92213
chr1	29790768	29990768	harbor1	chr1	29881858	29882313	LINE/L2	827	-	228	29882086	91318
chr1	214447168	214647168	harbor1	chr1	214513236	214513335	LINE/L2	419	-	50	214513286	66118
chr1	5150589	5350589	harbor1	chr1	5171348	5171808	LINE/L2	915	-	230	5171578	20989
chr1	5150589	5350589	harbor1	chr1	5238380	5238934	LINE/L2	967	-	277	5238657	88068
chr1	25316005	25516005	harbor1	chr1	25317420	25317931	LINE/L2	1649	-	256	25317676	1671
chr1	25316005	25516005	harbor1	chr1	25332604	25332778	LINE/L2	527	-	87	25332691	16686
chr1	25316005	25516005	harbor1	chr1	25343365	25343567	LINE/L2	800	-	101	25343466	27461
chr1	25316005	25516005	harbor1	chr1	25343692	25343965	LINE/L2	800	-	136	25343828	27823
chr1	25316005	25516005	harbor1	chr1	25344252	25344344	LINE/L2	683	-	46	25344298	28293
chr1	25316005	25516005	harbor1	chr1	25349611	25349624	LINE/L2	487	-	6	25349617	33612
chr1	25316005	25516005	harbor1	chr1	25349755	25349907	LINE/L2	487	-	76	25349831	33826
chr1	17254467	17454467	harbor1	chr1	17302620	17302745	LINE/L2	523	-	62	17302682	48215
chr1	17254467	17454467	harbor1	chr1	17331358	17331548	LINE/L2	477	-	95	17331453	76986
chr1	17254467	17454467	harbor1	chr1	17340186	17340729	LINE/L2	1206	-	272	17340458	85991
chr1	17254467	17454467	harbor1	chr1	17350710	17350905	LINE/L2	1197	-	98	17350808	96341
chr1	17254467	17454467	harbor1	chr1	17351223	17351309	LINE/L2	1197	-	43	17351266	96799
chr1	17254467	17454467	harbor1	chr1	17351635	17351888	LINE/L2	1197	-	126	17351761	97294
chr1	17254467	17454467	harbor1	chr1	17352256	17352897	LINE/L2	603	-	320	17352576	98109
chr1	181849301	182049301	harbor1	chr1	181857350	181857774	LINE/L2	495	-	212	181857562	8261
chr1	181849301	182049301	harbor1	chr1	181909111	181909487	LINE/L2	519	-	188	181909299	59998
chr1	181849301	182049301	harbor1	chr1	181916755	181917084	LINE/L2	491	-	164	181916919	67618
chr1	233174045	233374045	harbor1	chr1	233221928	233222413	LINE/L2	2496	-	242	233222170	48125
chr1	233174045	233374045	harbor1	chr1	233222509	233223461	LINE/L2	2496	-	476	233222985	48940
chr1	233174045	233374045	harbor1	chr1	233223757	233223835	LINE/L2	2496	-	39	233223796	49751
chr1	93927525	94127525	harbor1	chr1	93968821	93969013	LINE/L2	433	-	96	93968917	41392
chr1	93927525	94127525	harbor1	chr1	93983222	93983471	LINE/L2	479	-	124	93983346	55821
chr1	177311812	177511812	harbor1	chr1	177364738	177365015	LINE/L2	730	-	138	177364876	53064
chr1	177311812	177511812	harbor1	chr1	177394402	177394763	LINE/L2	537	-	180	177394582	82770
chr1	177311812	177511812	harbor1	chr1	177394905	177395312	LINE/L2	562	-	204	177395109	83297
chr1	177311812	177511812	harbor1	chr1	177395875	177397117	LINE/L2	1525	-	621	177396496	84684
chr1	177311812	177511812	harbor1	chr1	177410555	177411238	LINE/L2	2043	-	342	177410897	99085
chr1	85028211	85228211	harbor1	chr1	85055622	85056232	LINE/L2	1378	-	305	85055927	27716
chr1	85028211	85228211	harbor1	chr1	85056235	85056374	LINE/L2	473	-	70	85056305	28094
chr1	85028211	85228211	harbor1	chr1	85059435	85059766	LINE/L2	519	-	166	85059601	31390
chr1	85028211	85228211	harbor1	chr1	85073636	85073920	LINE/L2	909	-	142	85073778	45567
chr1	85028211	85228211	harbor1	chr1	85120066	85120455	LINE/L2	558	-	194	85120260	92049
chr1	116667850	116867850	harbor1	chr1	116669360	116669510	LINE/L2	898	-	75	116669435	1585
chr1	116667850	116867850	harbor1	chr1	116669819	116670377	LINE/L2	898	-	279	116670098	2248
chr1	116667850	116867850	harbor1	chr1	116676364	116676896	LINE/L2	1319	-	266	116676630	8780
chr1	116667850	116867850	harbor1	chr1	116680493	116681624	LINE/L2	3097	-	566	116681059	13209
chr1	116667850	116867850	harbor1	chr1	116681729	116682734	LINE/L2	3097	-	502	116682231	14381
chr1	116667850	116867850	harbor1	chr1	116686025	116686260	LINE/L2	462	-	118	116686143	18293
chr1	116667850	116867850	harbor1	chr1	116693607	116693882	LINE/L2	429	-	138	116693745	25895
chr1	116667850	116867850	harbor1	chr1	116721086	116721470	LINE/L2	967	-	192	116721278	53428
chr1	116667850	116867850	harbor1	chr1	116721944	116722198	LINE/L2	785	-	127	116722071	54221
chr1	106457917	106657917	harbor1	chr1	106542945	106543161	LINE/L2	464	-	108	106543053	85136
chr1	64770902	64970902	harbor1	chr1	64778370	64778561	LINE/L2	422	-	96	64778466	7564
chr1	64770902	64970902	harbor1	chr1	64826131	64827168	LINE/L2	2003	-	518	64826649	55747
chr1	64770902	64970902	harbor1	chr1	64827201	64827401	LINE/L2	551	-	100	64827301	56399
chr1	64770902	64970902	harbor1	chr1	64858600	64859018	LINE/L2	1223	-	209	64858809	87907
chr1	64770902	64970902	harbor1	chr1	64870303	64870514	LINE/L2	484	-	106	64870409	99507
chr1	72008290	72208290	harbor1	chr1	72011560	72011811	LINE/L2	493	-	126	72011686	3396
chr1	72008290	72208290	harbor1	chr1	72018205	72018342	LINE/L2	492	-	68	72018273	9983
chr1	72008290	72208290	harbor1	chr1	72018654	72019156	LINE/L2	627	-	251	72018905	10615
chr1	207860445	208060445	harbor1	chr1	207860437	207861028	LINE/L2	2184	-	296	207860733	288
chr1	207860445	208060445	harbor1	chr1	207950512	207950819	LINE/L2	587	-	154	207950666	90221
chr1	65360987	65560987	harbor1	chr1	65372381	65372524	LINE/L2	457	-	72	65372453	11466
chr1	65360987	65560987	harbor1	chr1	65425562	65425885	LINE/L2	711	-	162	65425724	64737
chr1	65360987	65560987	harbor1	chr1	65425894	65426716	LINE/L2	809	-	411	65426305	65318
chr1	65360987	65560987	harbor1	chr1	65429077	65429481	LINE/L2	576	-	202	65429279	68292
chr1	65360987	65560987	harbor1	chr1	65440235	65440846	LINE/L2	1075	-	306	65440541	79554
chr1	220494210	220694210	harbor1	chr1	220504912	220505182	LINE/L2	507	-	135	220505047	10837
chr1	220494210	220694210	harbor1	chr1	220555324	220555888	LINE/L2	1144	-	282	220555606	61396
chr1	220494210	220694210	harbor1	chr1	220559156	220559894	LINE/L2	1244	-	369	220559525	65315
chr1	220494210	220694210	harbor1	chr1	220560863	220561195	LINE/L2	732	-	166	220561029	66819
chr1	220494210	220694210	harbor1	chr1	220563389	220563678	LINE/L2	510	-	144	220563533	69323
chr1	220494210	220694210	harbor1	chr1	220568235	220568619	LINE/L2	950	-	192	220568427	74217
chr1	229486705	229686705	harbor1	chr1	229510219	229510598	LINE/L2	597	-	190	229510409	23704
chr1	201542207	201742207	harbor1	chr1	201574108	201574461	LINE/L2	413	-	176	201574284	32077
chr1	201542207	201742207	harbor1	chr1	201580364	201580491	LINE/L2	447	-	64	201580428	38221
chr1	201542207	201742207	harbor1	chr1	201580790	201581082	LINE/L2	447	-	146	201580936	38729
chr1	201542207	201742207	harbor1	chr1	201596648	201596790	LINE/L2	470	-	71	201596719	54512
chr1	201542207	201742207	harbor1	chr1	201597126	201597280	LINE/L2	470	-	77	201597203	54996
chr1	201542207	201742207	harbor1	chr1	201598131	201598241	LINE/L2	425	-	55	201598186	55979
chr1	60407136	60607136	harbor1	chr1	60506409	60507398	LINE/L2	670	-	494	60506903	99767
chr1	118666573	118866573	harbor1	chr1	118670679	118670951	LINE/L2	773	-	136	118670815	4242
chr1	118666573	118866573	harbor1	chr1	118756680	118757205	LINE/L2	1649	-	262	118756942	90369
chr1	55874565	56074565	harbor1	chr1	55909415	55909785	LINE/L2	775	-	185	55909600	35035
chr1	55874565	56074565	harbor1	chr1	55910180	55910426	LINE/L2	775	-	123	55910303	35738
chr1	55874565	56074565	harbor1	chr1	55923342	55923643	LINE/L2	733	-	150	55923492	48927
chr1	55874565	56074565	harbor1	chr1	55924529	55924836	LINE/L2	700	-	154	55924683	50118
chr1	55874565	56074565	harbor1	chr1	55931450	55931770	LINE/L2	560	-	160	55931610	57045
chr1	55874565	56074565	harbor1	chr1	55954915	55955910	LINE/L2	1551	-	498	55955413	80848
chr1	55874565	56074565	harbor1	chr1	55964916	55965305	LINE/L2	714	-	194	55965110	90545
chr1	55874565	56074565	harbor1	chr1	55971152	55971246	LINE/L2	730	-	47	55971199	96634
chr1	55874565	56074565	harbor1	chr1	55971511	55971883	LINE/L2	1257	-	186	55971697	97132
chr1	55874565	56074565	harbor1	chr1	55972173	55972552	LINE/L2	1257	-	190	55972363	97798
chr1	61547258	61747258	harbor1	chr1	61556483	61556914	LINE/L2	471	-	216	61556699	9441
chr1	61547258	61747258	harbor1	chr1	61561398	61561690	LINE/L2	926	-	146	61561544	14286
chr1	61547258	61747258	harbor1	chr1	61562066	61562545	LINE/L2	1094	-	240	61562306	15048
chr1	61547258	61747258	harbor1	chr1	61562932	61562947	LINE/L2	1094	-	8	61562940	15682
chr1	61547258	61747258	harbor1	chr1	61563270	61564039	LINE/L2	2469	-	384	61563654	16396
chr1	61547258	61747258	harbor1	chr1	61564375	61564650	LINE/L2	2469	-	138	61564513	17255
chr1	61547258	61747258	harbor1	chr1	61602024	61602617	LINE/L2	619	-	296	61602320	55062
chr1	61547258	61747258	harbor1	chr1	61604715	61604918	LINE/L2	594	-	102	61604817	57559
chr1	61547258	61747258	harbor1	chr1	61639378	61639621	LINE/L2	641	-	122	61639500	92242
chr1	192476602	192676602	harbor1	chr1	192509488	192510077	LINE/L2	1038	-	294	192509782	33180
chr1	192476602	192676602	harbor1	chr1	192516650	192516784	LINE/L2	448	-	67	192516717	40115
chr1	192476602	192676602	harbor1	chr1	192528471	192528819	LINE/L2	1284	-	174	192528645	52043
chr1	192476602	192676602	harbor1	chr1	192528891	192530203	LINE/L2	2959	-	656	192529547	52945
chr1	192476602	192676602	harbor1	chr1	192530941	192531377	LINE/L2	1002	-	218	192531159	54557
chr1	192476602	192676602	harbor1	chr1	192533513	192534084	LINE/L2	1667	-	286	192533799	57197
chr1	192476602	192676602	harbor1	chr1	192564672	192565222	LINE/L2	1392	-	275	192564947	88345
chr1	235130086	235330086	harbor1	chr1	235206535	235207595	LINE/L2	2366	-	530	235207065	76979
chr1	235520757	235720757	harbor1	chr1	235545054	235545468	LINE/L2	460	-	207	235545261	24504
chr1	118267868	118467868	harbor1	chr1	118280225	118280540	LINE/L2	694	-	158	118280383	12515
chr1	118267868	118467868	harbor1	chr1	118292843	118293187	LINE/L2	438	-	172	118293015	25147
chr1	56036486	56236486	harbor1	chr1	56052775	56053033	LINE/L2	422	-	129	56052904	16418
chr1	56036486	56236486	harbor1	chr1	56069246	56069653	LINE/L2	443	-	204	56069450	32964
chr1	56036486	56236486	harbor1	chr1	56117517	56118484	LINE/L2	892	-	484	56118001	81515
chr1	56036486	56236486	harbor1	chr1	56132817	56133093	LINE/L2	648	-	138	56132955	96469
chr1	66900725	67100725	harbor1	chr1	66921746	66921895	LINE/L2	813	-	74	66921820	21095
chr1	66900725	67100725	harbor1	chr1	66922226	66922485	LINE/L2	813	-	130	66922356	21631
chr1	66900725	67100725	harbor1	chr1	66922634	66922956	LINE/L2	745	-	161	66922795	22070
chr1	66900725	67100725	harbor1	chr1	66923443	66923713	LINE/L2	574	-	135	66923578	22853
chr1	66900725	67100725	harbor1	chr1	66972284	66972761	LINE/L2	534	-	238	66972522	71797
chr1	90716908	90916908	harbor1	chr1	90780092	90780580	LINE/L2	1061	-	244	90780336	63428
chr1	234606365	234806365	harbor1	chr1	234667445	234667671	LINE/L2	599	-	113	234667558	61193
chr1	234606365	234806365	harbor1	chr1	234680038	234680236	LINE/L2	470	-	99	234680137	73772
chr1	234606365	234806365	harbor1	chr1	234680390	234680434	LINE/L2	470	-	22	234680412	74047
chr1	234606365	234806365	harbor1	chr1	234680761	234681442	LINE/L2	959	-	340	234681101	74736
chr1	234606365	234806365	harbor1	chr1	234681446	234682399	LINE/L2	2098	-	476	234681922	75557
chr1	75516586	75716586	harbor1	chr1	75549510	75550074	LINE/L2	774	-	282	75549792	33206
chr1	75516586	75716586	harbor1	chr1	75599507	75600265	LINE/L2	461	-	379	75599886	83300
chr1	70731232	70931232	harbor1	chr1	70781282	70781431	LINE/L2	422	-	74	70781356	50124
chr1	70731232	70931232	harbor1	chr1	70787928	70788328	LINE/L2	459	-	200	70788128	56896
chr1	70731232	70931232	harbor1	chr1	70828393	70828738	LINE/L2	414	-	172	70828565	97333
chr1	59863231	60063231	harbor1	chr1	59879037	59879379	LINE/L2	531	-	171	59879208	15977
chr1	59863231	60063231	harbor1	chr1	59942105	59943346	LINE/L2	555	-	620	59942725	79494
chr1	59863231	60063231	harbor1	chr1	59943750	59943963	LINE/L2	556	-	106	59943856	80625
chr1	59863231	60063231	harbor1	chr1	59953285	59953933	LINE/L2	502	-	324	59953609	90378
chr1	59863231	60063231	harbor1	chr1	59954295	59954333	LINE/L2	502	-	19	59954314	91083
chr1	10728295	10928295	harbor1	chr1	10737961	10738296	LINE/L2	485	-	168	10738129	9834
chr1	10728295	10928295	harbor1	chr1	10821563	10821687	LINE/L2	629	-	62	10821625	93330
chr1	30835619	31035619	harbor1	chr1	30851511	30851594	LINE/L2	440	-	42	30851553	15934
chr1	5164389	5364389	harbor1	chr1	5171348	5171808	LINE/L2	915	-	230	5171578	7189
chr1	5164389	5364389	harbor1	chr1	5238380	5238934	LINE/L2	967	-	277	5238657	74268
chr1	5164389	5364389	harbor1	chr1	5255843	5256225	LINE/L2	544	-	191	5256034	91645
chr1	48815287	49015287	harbor1	chr1	48816711	48817116	LINE/L2	697	-	202	48816913	1626
chr1	48815287	49015287	harbor1	chr1	48819110	48819626	LINE/L2	435	-	258	48819368	4081
chr1	48815287	49015287	harbor1	chr1	48830854	48831196	LINE/L2	819	-	171	48831025	15738
chr1	48815287	49015287	harbor1	chr1	48835269	48835599	LINE/L2	690	-	165	48835434	20147
chr1	48815287	49015287	harbor1	chr1	48836029	48836166	LINE/L2	474	-	68	48836097	20810
chr1	48815287	49015287	harbor1	chr1	48836830	48837301	LINE/L2	1003	-	236	48837066	21779
chr1	48815287	49015287	harbor1	chr1	48837783	48838105	LINE/L2	1003	-	161	48837944	22657
chr1	48815287	49015287	harbor1	chr1	48875015	48875237	LINE/L2	464	-	111	48875126	59839
chr1	48815287	49015287	harbor1	chr1	48899729	48900352	LINE/L2	1019	-	312	48900041	84754
chr1	48815287	49015287	harbor1	chr1	48905869	48906193	LINE/L2	900	-	162	48906031	90744
chr1	48815287	49015287	harbor1	chr1	48913195	48913347	LINE/L2	1042	-	76	48913271	97984
chr1	48815287	49015287	harbor1	chr1	48913859	48914553	LINE/L2	1042	-	347	48914206	98919
chr1	71214482	71414482	harbor1	chr1	71232919	71232979	LINE/L2	441	-	30	71232949	18467
chr1	71214482	71414482	harbor1	chr1	71233143	71233391	LINE/L2	441	-	124	71233267	18785
chr1	71214482	71414482	harbor1	chr1	71246882	71247164	LINE/L2	461	-	141	71247023	32541
chr1	71214482	71414482	harbor1	chr1	71247213	71247464	LINE/L2	495	-	126	71247339	32857
chr1	71214482	71414482	harbor1	chr1	71266308	71267131	LINE/L2	1157	-	412	71266720	52238
chr1	36885394	37085394	harbor1	chr1	36889015	36889475	LINE/L2	423	-	230	36889245	3851
chr1	36885394	37085394	harbor1	chr1	36939966	36940147	LINE/L2	457	-	90	36940056	54662
chr1	36885394	37085394	harbor1	chr1	36952574	36952934	LINE/L2	740	-	180	36952754	67360
chr1	42698225	42898225	harbor1	chr1	42716336	42716706	LINE/L2	647	-	185	42716521	18296
chr1	42698225	42898225	harbor1	chr1	42717003	42717376	LINE/L2	647	-	186	42717189	18964
chr1	42698225	42898225	harbor1	chr1	42778218	42778457	LINE/L2	447	-	120	42778338	80113
chr1	187759418	187959418	harbor1	chr1	187778050	187778498	LINE/L2	1147	-	224	187778274	18856
chr1	187759418	187959418	harbor1	chr1	187782967	187784110	LINE/L2	1738	-	572	187783539	24121
chr1	187759418	187959418	harbor1	chr1	187784325	187784464	LINE/L2	1738	-	70	187784395	24977
chr1	187759418	187959418	harbor1	chr1	187786794	187786933	LINE/L2	479	-	70	187786864	27446
chr1	187759418	187959418	harbor1	chr1	187788497	187789140	LINE/L2	1136	-	322	187788819	29401
chr1	187759418	187959418	harbor1	chr1	187789141	187789689	LINE/L2	689	-	274	187789415	29997
chr1	187759418	187959418	harbor1	chr1	187789742	187790558	LINE/L2	1472	-	408	187790150	30732
chr1	187759418	187959418	harbor1	chr1	187816434	187817055	LINE/L2	691	-	310	187816744	57326
chr1	187759418	187959418	harbor1	chr1	187844903	187845069	LINE/L2	586	-	83	187844986	85568
chr1	187759418	187959418	harbor1	chr1	187845717	187846166	LINE/L2	619	-	224	187845941	86523
chr1	225021401	225221401	harbor1	chr1	225029467	225029641	LINE/L2	425	-	87	225029554	8153
chr1	225021401	225221401	harbor1	chr1	225039014	225039270	LINE/L2	714	-	128	225039142	17741
chr1	225021401	225221401	harbor1	chr1	225053260	225053974	LINE/L2	888	-	357	225053617	32216
chr1	225021401	225221401	harbor1	chr1	225115776	225116388	LINE/L2	601	-	306	225116082	94681
chr1	94639859	94839859	harbor1	chr1	94693680	94694128	LINE/L2	1288	-	224	94693904	54045
chr1	94639859	94839859	harbor1	chr1	94694324	94694633	LINE/L2	696	-	154	94694478	54619
chr1	94639859	94839859	harbor1	chr1	94711316	94711643	LINE/L2	752	-	164	94711480	71621
chr1	94639859	94839859	harbor1	chr1	94725266	94726006	LINE/L2	932	-	370	94725636	85777
chr1	94639859	94839859	harbor1	chr1	94732325	94732782	LINE/L2	426	-	228	94732553	92694
chr1	49940313	50140313	harbor1	chr1	50022127	50022327	LINE/L2	590	-	100	50022227	81914
chr1	246695878	246895878	harbor1	chr1	246727403	246727999	LINE/L2	1088	-	298	246727701	31823
chr1	246450637	246650637	harbor1	chr1	246463166	246463535	LINE/L2	790	-	184	246463350	12713
chr1	246450637	246650637	harbor1	chr1	246463856	246464038	LINE/L2	790	-	91	246463947	13310
chr1	86700808	86900808	harbor1	chr1	86706981	86707518	LINE/L2	600	-	268	86707249	6441
chr1	86700808	86900808	harbor1	chr1	86735668	86736260	LINE/L2	601	-	296	86735964	35156
chr1	86700808	86900808	harbor1	chr1	86737621	86738237	LINE/L2	5636	-	308	86737929	37121
chr1	86700808	86900808	harbor1	chr1	86738549	86738639	LINE/L2	5636	-	45	86738594	37786
chr1	86700808	86900808	harbor1	chr1	86738940	86739862	LINE/L2	5636	-	461	86739401	38593
chr1	86700808	86900808	harbor1	chr1	86740164	86741263	LINE/L2	5636	-	550	86740714	39906
chr1	86700808	86900808	harbor1	chr1	86744307	86744545	LINE/L2	541	-	119	86744426	43618
chr1	86700808	86900808	harbor1	chr1	86770414	86770623	LINE/L2	522	-	104	86770518	69710
chr1	107018212	107218212	harbor1	chr1	107026814	107027208	LINE/L2	801	-	197	107027011	8799
chr1	107018212	107218212	harbor1	chr1	107053908	107054582	LINE/L2	621	-	337	107054245	36033
chr1	107018212	107218212	harbor1	chr1	107101003	107101721	LINE/L2	415	-	359	107101362	83150
chr1	171745570	171945570	harbor1	chr1	171771859	171771942	LINE/L2	683	-	42	171771901	26331
chr1	171745570	171945570	harbor1	chr1	171772307	171772615	LINE/L2	683	-	154	171772461	26891
chr1	171745570	171945570	harbor1	chr1	171804671	171804802	LINE/L2	426	-	66	171804737	59167
chr1	171745570	171945570	harbor1	chr1	171824139	171824380	LINE/L2	582	-	120	171824259	78689
chr1	171745570	171945570	harbor1	chr1	171825033	171825681	LINE/L2	1615	-	324	171825357	79787
chr1	171745570	171945570	harbor1	chr1	171825711	171826170	LINE/L2	3860	-	230	171825941	80371
chr1	171745570	171945570	harbor1	chr1	171828411	171829107	LINE/L2	3860	-	348	171828759	83189
chr1	171745570	171945570	harbor1	chr1	171829434	171829666	LINE/L2	3860	-	116	171829550	83980
chr1	15225770	15425770	harbor1	chr1	15225835	15226128	LINE/L2	429	-	146	15225981	211
chr1	15225770	15425770	harbor1	chr1	15244667	15244825	LINE/L2	646	-	79	15244746	18976
chr1	15225770	15425770	harbor1	chr1	15245248	15245285	LINE/L2	646	-	18	15245266	19496
chr1	15225770	15425770	harbor1	chr1	15255707	15255987	LINE/L2	474	-	140	15255847	30077
chr1	15225770	15425770	harbor1	chr1	15303047	15303203	LINE/L2	503	-	78	15303125	77355
chr1	15225770	15425770	harbor1	chr1	15309310	15309560	LINE/L2	652	-	125	15309435	83665
chr1	15225770	15425770	harbor1	chr1	15309792	15310075	LINE/L2	652	-	142	15309934	84164
chr1	96214412	96414412	harbor1	chr1	96293487	96293649	LINE/L2	426	-	81	96293568	79156
chr1	202362226	202562226	harbor1	chr1	202400272	202400621	LINE/L2	543	-	174	202400446	38220
chr1	202362226	202562226	harbor1	chr1	202454416	202454651	LINE/L2	574	-	118	202454534	92308
chr1	202362226	202562226	harbor1	chr1	202454935	202455214	LINE/L2	574	-	140	202455075	92849
chr1	202362226	202562226	harbor1	chr1	202455761	202455977	LINE/L2	481	-	108	202455869	93643
chr1	202362226	202562226	harbor1	chr1	202457185	202457267	LINE/L2	628	-	41	202457226	95000
chr1	202362226	202562226	harbor1	chr1	202457581	202457881	LINE/L2	628	-	150	202457731	95505
chr1	47314204	47514204	harbor1	chr1	47318224	47318253	LINE/L2	1016	-	14	47318238	4034
chr1	47314204	47514204	harbor1	chr1	47318548	47318590	LINE/L2	1016	-	21	47318569	4365
chr1	47314204	47514204	harbor1	chr1	47318901	47319150	LINE/L2	1016	-	124	47319025	4821
chr1	47314204	47514204	harbor1	chr1	47402727	47403088	LINE/L2	416	-	180	47402907	88703
chr1	47314204	47514204	harbor1	chr1	47411230	47411451	LINE/L2	429	-	110	47411340	97136
chr1	186075651	186275651	harbor1	chr1	186101190	186101556	LINE/L2	816	-	183	186101373	25722
chr1	186075651	186275651	harbor1	chr1	186109421	186109792	LINE/L2	540	-	186	186109607	33956
chr1	186075651	186275651	harbor1	chr1	186120807	186121865	LINE/L2	1037	-	529	186121336	45685
chr1	186075651	186275651	harbor1	chr1	186126281	186127638	LINE/L2	2772	-	678	186126959	51308
chr1	186075651	186275651	harbor1	chr1	186156818	186156908	LINE/L2	445	-	45	186156863	81212
chr1	240463778	240663778	harbor1	chr1	240512912	240513294	LINE/L2	730	-	191	240513103	49325
chr1	240463778	240663778	harbor1	chr1	240513603	240513968	LINE/L2	869	-	182	240513785	50007
chr1	240463778	240663778	harbor1	chr1	240514270	240514596	LINE/L2	869	-	163	240514433	50655
chr1	240463778	240663778	harbor1	chr1	240532957	240533423	LINE/L2	412	-	233	240533190	69412
chr1	119735737	119935737	harbor1	chr1	119760040	119760138	LINE/L2	502	-	49	119760089	24352
chr1	38998273	39198273	harbor1	chr1	39032554	39033018	LINE/L2	893	-	232	39032786	34513
chr1	38998273	39198273	harbor1	chr1	39068816	39069197	LINE/L2	585	-	190	39069006	70733
chr1	38998273	39198273	harbor1	chr1	39069599	39069849	LINE/L2	1156	-	125	39069724	71451
chr1	38998273	39198273	harbor1	chr1	39070152	39070389	LINE/L2	1156	-	118	39070270	71997
chr1	150609374	150809374	harbor1	chr1	150636354	150636993	LINE/L2	1348	-	320	150636674	27300
chr1	190045914	190245914	harbor1	chr1	190052238	190052771	LINE/L2	1341	-	266	190052504	6590
chr1	14147716	14347716	harbor1	chr1	14179695	14179911	LINE/L2	533	-	108	14179803	32087
chr1	14147716	14347716	harbor1	chr1	14195745	14197283	LINE/L2	2596	-	769	14196514	48798
chr1	14147716	14347716	harbor1	chr1	14208424	14208570	LINE/L2	419	-	73	14208497	60781
chr1	14147716	14347716	harbor1	chr1	14213381	14214211	LINE/L2	2083	-	415	14213796	66080
chr1	14147716	14347716	harbor1	chr1	14244431	14244942	LINE/L2	794	-	256	14244687	96971
chr1	31066958	31266958	harbor1	chr1	31086727	31087130	LINE/L2	811	-	202	31086929	19971
chr1	31066958	31266958	harbor1	chr1	31087997	31088045	LINE/L2	678	-	24	31088021	21063
chr1	31066958	31266958	harbor1	chr1	31088338	31088564	LINE/L2	678	-	113	31088451	21493
chr1	31066958	31266958	harbor1	chr1	31144325	31144510	LINE/L2	429	-	92	31144417	77459
chr1	31066958	31266958	harbor1	chr1	31145863	31145926	LINE/L2	429	-	32	31145895	78937
chr1	15129416	15329416	harbor1	chr1	15134436	15134625	LINE/L2	567	-	94	15134530	5114
chr1	15129416	15329416	harbor1	chr1	15184374	15184719	LINE/L2	725	-	172	15184546	55130
chr1	15129416	15329416	harbor1	chr1	15194018	15194136	LINE/L2	437	-	59	15194077	64661
chr1	15129416	15329416	harbor1	chr1	15207999	15208317	LINE/L2	559	-	159	15208158	78742
chr1	15129416	15329416	harbor1	chr1	15225835	15226128	LINE/L2	429	-	146	15225981	96565
chr1	243457451	243657451	harbor1	chr1	243510263	243510827	LINE/L2	740	-	282	243510545	53094
chr1	179541365	179741365	harbor1	chr1	179564397	179564638	LINE/L2	475	-	120	179564517	23152
chr1	179541365	179741365	harbor1	chr1	179578814	179578975	LINE/L2	513	-	80	179578894	37529
chr1	179541365	179741365	harbor1	chr1	179579213	179579368	LINE/L2	513	-	78	179579291	37926
chr1	179541365	179741365	harbor1	chr1	179640464	179640894	LINE/L2	429	-	215	179640679	99314
chr1	179939717	180139717	harbor1	chr1	179972095	179972500	LINE/L2	503	-	202	179972297	32580
chr1	179939717	180139717	harbor1	chr1	179972670	179972837	LINE/L2	438	-	84	179972754	33037
chr1	179939717	180139717	harbor1	chr1	180008602	180008819	LINE/L2	484	-	108	180008710	68993
chr1	179939717	180139717	harbor1	chr1	180012939	180013070	LINE/L2	512	-	66	180013005	73288
chr1	185746446	185946446	harbor1	chr1	185760526	185760718	LINE/L2	456	-	96	185760622	14176
chr1	185746446	185946446	harbor1	chr1	185771995	185772451	LINE/L2	450	-	228	185772223	25777
chr1	185746446	185946446	harbor1	chr1	185791969	185792106	LINE/L2	450	-	68	185792037	45591
chr1	185746446	185946446	harbor1	chr1	185801424	185802994	LINE/L2	1252	-	785	185802209	55763
chr1	40991371	41191371	harbor1	chr1	41032295	41032697	LINE/L2	701	-	201	41032496	41125
chr1	40991371	41191371	harbor1	chr1	41032996	41033009	LINE/L2	701	-	6	41033002	41631
chr1	40991371	41191371	harbor1	chr1	41033299	41033372	LINE/L2	701	-	36	41033335	41964
chr1	40991371	41191371	harbor1	chr1	41076407	41077036	LINE/L2	1215	-	314	41076721	85350
chr1	90017094	90217094	harbor1	chr1	90071648	90072015	LINE/L2	542	-	184	90071832	54738
chr1	90017094	90217094	harbor1	chr1	90072322	90072443	LINE/L2	542	-	60	90072382	55288
chr1	90017094	90217094	harbor1	chr1	90116764	90117021	LINE/L2	621	-	128	90116892	99798
chr1	46200334	46400334	harbor1	chr1	46254370	46254583	LINE/L2	534	-	106	46254476	54142
chr1	46200334	46400334	harbor1	chr1	46254885	46255284	LINE/L2	534	-	200	46255085	54751
chr1	46200334	46400334	harbor1	chr1	46252012	46252674	LINE/L2	415	-	331	46252343	52009
chr1	46200334	46400334	harbor1	chr1	46284552	46284936	LINE/L2	449	-	192	46284744	84410
chr1	33187251	33387251	harbor1	chr1	33244395	33244490	LINE/L2	465	-	48	33244443	57192
chr1	33187251	33387251	harbor1	chr1	33252985	33253281	LINE/L2	422	-	148	33253133	65882
chr1	33187251	33387251	harbor1	chr1	33253347	33253587	LINE/L2	461	-	120	33253467	66216
chr1	33187251	33387251	harbor1	chr1	33268371	33269010	LINE/L2	619	-	320	33268691	81440
chr1	33187251	33387251	harbor1	chr1	33270478	33270620	LINE/L2	517	-	71	33270549	83298
chr1	33187251	33387251	harbor1	chr1	33277402	33277847	LINE/L2	615	-	222	33277624	90373
chr1	33187251	33387251	harbor1	chr1	33282362	33282491	LINE/L2	645	-	64	33282426	95175
chr1	98661384	98861384	harbor1	chr1	98697617	98697980	LINE/L2	491	-	182	98697799	36415
chr1	98661384	98861384	harbor1	chr1	98706089	98707168	LINE/L2	1977	-	540	98706629	45245
chr1	98661384	98861384	harbor1	chr1	98714406	98714909	LINE/L2	618	-	252	98714658	53274
chr1	98661384	98861384	harbor1	chr1	98739433	98739835	LINE/L2	575	-	201	98739634	78250
chr1	198107560	198307560	harbor1	chr1	198131160	198131639	LINE/L2	1939	-	240	198131400	23840
chr1	198107560	198307560	harbor1	chr1	198131990	198132343	LINE/L2	1939	-	176	198132166	24606
chr1	207408421	207608421	harbor1	chr1	207427648	207427995	LINE/L2	1293	-	174	207427822	19401
chr1	207408421	207608421	harbor1	chr1	207428565	207429099	LINE/L2	1293	-	267	207428832	20411
chr1	207408421	207608421	harbor1	chr1	207429495	207430373	LINE/L2	1293	-	439	207429934	21513
chr1	207408421	207608421	harbor1	chr1	207449810	207450442	LINE/L2	1093	-	316	207450126	41705
chr1	207408421	207608421	harbor1	chr1	207482511	207482923	LINE/L2	537	-	206	207482717	74296
chr1	207408421	207608421	harbor1	chr1	207485774	207485948	LINE/L2	747	-	87	207485861	77440
chr1	207408421	207608421	harbor1	chr1	207487441	207488084	LINE/L2	3449	-	322	207487763	79342
chr1	207408421	207608421	harbor1	chr1	207492925	207493336	LINE/L2	1002	-	206	207493131	84710
chr1	207408421	207608421	harbor1	chr1	207493331	207494455	LINE/L2	3300	-	562	207493893	85472
chr1	207408421	207608421	harbor1	chr1	207486257	207487284	LINE/L2	3449	-	514	207486771	78350
chr1	148672769	148872769	harbor1	chr1	148710520	148710811	LINE/L2	614	-	146	148710666	37897
chr1	148672769	148872769	harbor1	chr1	148733365	148733878	LINE/L2	760	-	256	148733621	60852
chr1	148672769	148872769	harbor1	chr1	148734092	148734431	LINE/L2	438	-	170	148734262	61493
chr1	148672769	148872769	harbor1	chr1	148745699	148745791	LINE/L2	441	-	46	148745745	72976
chr1	148672769	148872769	harbor1	chr1	148747088	148747283	LINE/L2	778	-	98	148747186	74417
chr1	148672769	148872769	harbor1	chr1	148759082	148760122	LINE/L2	1335	-	520	148759602	86833
chr1	148672769	148872769	harbor1	chr1	148763193	148763511	LINE/L2	525	-	159	148763352	90583
chr1	202385848	202585848	harbor1	chr1	202400272	202400621	LINE/L2	543	-	174	202400446	14598
chr1	202385848	202585848	harbor1	chr1	202454416	202454651	LINE/L2	574	-	118	202454534	68686
chr1	202385848	202585848	harbor1	chr1	202454935	202455214	LINE/L2	574	-	140	202455075	69227
chr1	202385848	202585848	harbor1	chr1	202455761	202455977	LINE/L2	481	-	108	202455869	70021
chr1	202385848	202585848	harbor1	chr1	202457185	202457267	LINE/L2	628	-	41	202457226	71378
chr1	202385848	202585848	harbor1	chr1	202457581	202457881	LINE/L2	628	-	150	202457731	71883
chr1	55993739	56193739	harbor1	chr1	56017732	56017860	LINE/L2	467	-	64	56017796	24057
chr1	55993739	56193739	harbor1	chr1	56052775	56053033	LINE/L2	422	-	129	56052904	59165
chr1	55993739	56193739	harbor1	chr1	56069246	56069653	LINE/L2	443	-	204	56069450	75711
chr1	177992402	178192402	harbor1	chr1	178030023	178030380	LINE/L2	563	-	178	178030201	37799
chr1	177992402	178192402	harbor1	chr1	178034428	178034551	LINE/L2	446	-	62	178034490	42088
chr1	177992402	178192402	harbor1	chr1	178050911	178051026	LINE/L2	534	-	58	178050969	58567
chr1	177992402	178192402	harbor1	chr1	178056021	178056569	LINE/L2	581	-	274	178056295	63893
chr1	177992402	178192402	harbor1	chr1	178059130	178059447	LINE/L2	1001	-	158	178059288	66886
chr1	177992402	178192402	harbor1	chr1	178059625	178060116	LINE/L2	1195	-	246	178059871	67469
chr1	177992402	178192402	harbor1	chr1	178065678	178065870	LINE/L2	531	-	96	178065774	73372
chr1	177992402	178192402	harbor1	chr1	178066163	178066322	LINE/L2	531	-	80	178066243	73841
chr1	177992402	178192402	harbor1	chr1	178066678	178067590	LINE/L2	820	-	456	178067134	74732
chr1	177992402	178192402	harbor1	chr1	178076513	178076750	LINE/L2	434	-	118	178076631	84229
chr1	177992402	178192402	harbor1	chr1	178076923	178076993	LINE/L2	434	-	35	178076958	84556
chr1	177992402	178192402	harbor1	chr1	178077238	178078107	LINE/L2	522	-	434	178077672	85270
chr1	177992402	178192402	harbor1	chr1	177995530	177996533	LINE/L2	1114	-	502	177996032	3630
chr1	232046476	232246476	harbor1	chr1	232108464	232109192	LINE/L2	980	-	364	232108828	62352
chr1	101969950	102169950	harbor1	chr1	101970536	101970973	LINE/L2	452	-	218	101970754	804
chr1	85104441	85304441	harbor1	chr1	85120066	85120455	LINE/L2	558	-	194	85120260	15819
chr1	85104441	85304441	harbor1	chr1	85152617	85152855	LINE/L2	515	-	119	85152736	48295
chr1	85104441	85304441	harbor1	chr1	85170983	85171462	LINE/L2	490	-	240	85171223	66782
chr1	85104441	85304441	harbor1	chr1	85171752	85172496	LINE/L2	1044	-	372	85172124	67683
chr1	66266203	66466203	harbor1	chr1	66283933	66284163	LINE/L2	431	-	115	66284048	17845
chr1	66266203	66466203	harbor1	chr1	66304961	66305281	LINE/L2	497	-	160	66305121	38918
chr1	66266203	66466203	harbor1	chr1	66320632	66320966	LINE/L2	769	-	167	66320799	54596
chr1	66266203	66466203	harbor1	chr1	66289316	66290136	LINE/L2	979	-	410	66289726	23523
chr1	49016890	49216890	harbor1	chr1	49031812	49032240	LINE/L2	526	-	214	49032026	15136
chr1	49016890	49216890	harbor1	chr1	49032259	49032502	LINE/L2	445	-	122	49032381	15491
chr1	49016890	49216890	harbor1	chr1	49056185	49056896	LINE/L2	826	-	356	49056541	39651
chr1	49016890	49216890	harbor1	chr1	49063525	49063831	LINE/L2	721	-	153	49063678	46788
chr1	49016890	49216890	harbor1	chr1	49108232	49108445	LINE/L2	483	-	106	49108338	91448
chr1	241728723	241928723	harbor1	chr1	241763851	241764370	LINE/L2	775	-	260	241764111	35388
chr1	241728723	241928723	harbor1	chr1	241764669	241764903	LINE/L2	775	-	117	241764786	36063
chr1	241728723	241928723	harbor1	chr1	241765203	241765562	LINE/L2	775	-	180	241765383	36660
chr1	241728723	241928723	harbor1	chr1	241784131	241784602	LINE/L2	700	-	236	241784367	55644
chr1	168659160	168859160	harbor1	chr1	168724411	168724666	LINE/L2	694	-	128	168724539	65379
chr1	178975873	179175873	harbor1	chr1	179008265	179008393	LINE/L2	727	-	64	179008329	32456
chr1	114328488	114528488	harbor1	chr1	114329190	114329511	LINE/L2	587	-	160	114329350	862
chr1	114328488	114528488	harbor1	chr1	114335589	114335745	LINE/L2	433	-	78	114335667	7179
chr1	114328488	114528488	harbor1	chr1	114336042	114336142	LINE/L2	433	-	50	114336092	7604
chr1	114328488	114528488	harbor1	chr1	114402178	114402357	LINE/L2	570	-	90	114402268	73780
chr1	73697291	73897291	harbor1	chr1	73704200	73704503	LINE/L2	724	-	152	73704352	7061
chr1	73697291	73897291	harbor1	chr1	73737175	73737710	LINE/L2	878	-	268	73737443	40152
chr1	73697291	73897291	harbor1	chr1	73741147	73741505	LINE/L2	911	-	179	73741326	44035
chr1	38736685	38936685	harbor1	chr1	38741209	38741594	LINE/L2	428	-	192	38741401	4716
chr1	71055478	71255478	harbor1	chr1	71075270	71075678	LINE/L2	715	-	204	71075474	19996
chr1	71055478	71255478	harbor1	chr1	71095575	71096051	LINE/L2	610	-	238	71095813	40335
chr1	28184684	28384684	harbor1	chr1	28269846	28269980	LINE/L2	661	-	67	28269913	85229
chr1	172311620	172511620	harbor1	chr1	172331870	172332166	LINE/L2	783	-	148	172332018	20398
chr1	172311620	172511620	harbor1	chr1	172332869	172333085	LINE/L2	453	-	108	172332977	21357
chr1	196591551	196791551	harbor1	chr1	196614120	196615123	LINE/L2	816	-	502	196614622	23071
chr1	196591551	196791551	harbor1	chr1	196659943	196660602	LINE/L2	547	-	330	196660273	68722
chr1	44654421	44854421	harbor1	chr1	44676001	44676389	LINE/L2	727	-	194	44676195	21774
chr1	44654421	44854421	harbor1	chr1	44676776	44678187	LINE/L2	1389	-	706	44677482	23061
chr1	44654421	44854421	harbor1	chr1	44679817	44679993	LINE/L2	520	-	88	44679905	25484
chr1	44654421	44854421	harbor1	chr1	44682560	44682644	LINE/L2	1083	-	42	44682602	28181
chr1	44654421	44854421	harbor1	chr1	44682964	44683718	LINE/L2	1083	-	377	44683341	28920
chr1	44654421	44854421	harbor1	chr1	44699317	44699447	LINE/L2	438	-	65	44699382	44961
chr1	44654421	44854421	harbor1	chr1	44699748	44699776	LINE/L2	438	-	14	44699762	45341
chr1	184262829	184462829	harbor1	chr1	184273570	184273944	LINE/L2	519	-	187	184273757	10928
chr1	184262829	184462829	harbor1	chr1	184281698	184282031	LINE/L2	1378	-	166	184281864	19035
chr1	184262829	184462829	harbor1	chr1	184282321	184282596	LINE/L2	1378	-	138	184282459	19630
chr1	28272919	28472919	harbor1	chr1	28288205	28288347	LINE/L2	464	-	71	28288276	15357
chr1	28272919	28472919	harbor1	chr1	28288641	28288989	LINE/L2	464	-	174	28288815	15896
chr1	28272919	28472919	harbor1	chr1	28332106	28332143	LINE/L2	583	-	18	28332124	59205
chr1	28272919	28472919	harbor1	chr1	28332426	28333507	LINE/L2	2581	-	540	28332966	60047
chr1	38930014	39130014	harbor1	chr1	38943800	38944091	LINE/L2	433	-	146	38943946	13932
chr1	38930014	39130014	harbor1	chr1	38944682	38944778	LINE/L2	433	-	48	38944730	14716
chr1	234599957	234799957	harbor1	chr1	234667445	234667671	LINE/L2	599	-	113	234667558	67601
chr1	234599957	234799957	harbor1	chr1	234680038	234680236	LINE/L2	470	-	99	234680137	80180
chr1	234599957	234799957	harbor1	chr1	234680390	234680434	LINE/L2	470	-	22	234680412	80455
chr1	234599957	234799957	harbor1	chr1	234680761	234681442	LINE/L2	959	-	340	234681101	81144
chr1	234599957	234799957	harbor1	chr1	234681446	234682399	LINE/L2	2098	-	476	234681922	81965
chr1	215993077	216193077	harbor1	chr1	216003391	216005005	LINE/L2	3977	-	807	216004198	11121
chr1	215993077	216193077	harbor1	chr1	216067094	216067106	LINE/L2	507	-	6	216067100	74023
chr1	215993077	216193077	harbor1	chr1	216067427	216068222	LINE/L2	507	-	398	216067825	74748
chr1	53922804	54122804	harbor1	chr1	53949943	53950379	LINE/L2	704	-	218	53950161	27357
chr1	53922804	54122804	harbor1	chr1	53972744	53973148	LINE/L2	604	-	202	53972946	50142
chr1	53922804	54122804	harbor1	chr1	53978480	53978906	LINE/L2	450	-	213	53978693	55889
chr1	53922804	54122804	harbor1	chr1	54011635	54012015	LINE/L2	795	-	190	54011825	89021
chr1	39659410	39859410	harbor1	chr1	39739785	39739975	LINE/L2	481	-	95	39739880	80470
chr1	17385748	17585748	harbor1	chr1	17385198	17385898	LINE/L2	478	-	350	17385548	200
chr1	17385748	17585748	harbor1	chr1	17440310	17440738	LINE/L2	584	-	214	17440524	54776
chr1	17385748	17585748	harbor1	chr1	17484068	17484495	LINE/L2	1011	-	214	17484282	98534
chr1	17385748	17585748	harbor1	chr1	17485404	17485863	LINE/L2	1011	-	230	17485634	99886
chr1	216212967	216412967	harbor1	chr1	216239458	216239915	LINE/L2	1085	-	228	216239686	26719
chr1	216212967	216412967	harbor1	chr1	216266995	216267194	LINE/L2	568	-	100	216267095	54128
chr1	216212967	216412967	harbor1	chr1	216267322	216267565	LINE/L2	587	-	122	216267444	54477
chr1	216212967	216412967	harbor1	chr1	216290404	216290580	LINE/L2	418	-	88	216290492	77525
chr1	222042006	222242006	harbor1	chr1	222052429	222053124	LINE/L2	733	-	348	222052777	10771
chr1	39546151	39746151	harbor1	chr1	39547764	39548514	LINE/L2	675	-	375	39548139	1988
chr1	39546151	39746151	harbor1	chr1	39591377	39591504	LINE/L2	464	-	64	39591441	45290
chr1	39546151	39746151	harbor1	chr1	39608769	39609191	LINE/L2	812	-	211	39608980	62829
chr1	39546151	39746151	harbor1	chr1	39609599	39610208	LINE/L2	597	-	304	39609903	63752
chr1	39546151	39746151	harbor1	chr1	39623435	39624150	LINE/L2	1065	-	358	39623793	77642
chr1	39546151	39746151	harbor1	chr1	39641127	39641421	LINE/L2	787	-	147	39641274	95123
chr1	39546151	39746151	harbor1	chr1	39643371	39643631	LINE/L2	658	-	130	39643501	97350
chr1	247605058	247805058	harbor1	chr1	247635391	247635847	LINE/L2	715	-	228	247635619	30561
chr1	247605058	247805058	harbor1	chr1	247652797	247653250	LINE/L2	1029	-	226	247653023	47965
chr1	207841180	208041180	harbor1	chr1	207858629	207859105	LINE/L2	2184	-	238	207858867	17687
chr1	207841180	208041180	harbor1	chr1	207859405	207859958	LINE/L2	2184	-	276	207859681	18501
chr1	207841180	208041180	harbor1	chr1	207860437	207861028	LINE/L2	2184	-	296	207860733	19553
chr1	113153566	113353566	harbor1	chr1	113167397	113167750	LINE/L2	425	-	176	113167573	14007
chr1	113153566	113353566	harbor1	chr1	113191293	113191435	LINE/L2	468	-	71	113191364	37798
chr1	113153566	113353566	harbor1	chr1	113227250	113227556	LINE/L2	913	-	153	113227403	73837
chr1	113153566	113353566	harbor1	chr1	113252258	113252972	LINE/L2	1100	-	357	113252615	99049
chr1	221498075	221698075	harbor1	chr1	221515851	221516137	LINE/L2	812	-	143	221515994	17919
chr1	221498075	221698075	harbor1	chr1	221516463	221516514	LINE/L2	812	-	26	221516489	18414
chr1	221498075	221698075	harbor1	chr1	221593986	221594594	LINE/L2	439	-	304	221594290	96215
chr1	72901119	73101119	harbor1	chr1	72978122	72978552	LINE/L2	738	-	215	72978337	77218
chr1	7379525	7579525	harbor1	chr1	7382942	7383103	LINE/L2	498	-	80	7383022	3497
chr1	7379525	7579525	harbor1	chr1	7442774	7442906	LINE/L2	454	-	66	7442840	63315
chr1	224477029	224677029	harbor1	chr1	224531176	224531285	LINE/L2	449	-	54	224531230	54201
chr1	224477029	224677029	harbor1	chr1	224531898	224532197	LINE/L2	536	-	150	224532048	55019
chr1	224477029	224677029	harbor1	chr1	224532237	224532614	LINE/L2	858	-	188	224532425	55396
chr1	16331144	16531144	harbor1	chr1	16379996	16380195	LINE/L2	971	-	100	16380096	48952
chr1	16331144	16531144	harbor1	chr1	16381572	16381649	LINE/L2	971	-	38	16381610	50466
chr1	16331144	16531144	harbor1	chr1	16381948	16382175	LINE/L2	971	-	114	16382062	50918
chr1	16331144	16531144	harbor1	chr1	16418905	16419309	LINE/L2	836	-	202	16419107	87963
chr1	16331144	16531144	harbor1	chr1	16419355	16419657	LINE/L2	993	-	151	16419506	88362
chr1	16331144	16531144	harbor1	chr1	16419952	16420374	LINE/L2	993	-	211	16420163	89019
chr1	63671700	63871700	harbor1	chr1	63678430	63678671	LINE/L2	497	-	120	63678550	6850
chr1	63671700	63871700	harbor1	chr1	63714751	63715103	LINE/L2	926	-	176	63714927	43227
chr1	63671700	63871700	harbor1	chr1	63715124	63715367	LINE/L2	498	-	122	63715246	43546
chr1	155931458	156131458	harbor1	chr1	156022132	156022265	LINE/L2	438	-	66	156022198	90740
chr1	8854775	9054775	harbor1	chr1	8892030	8892216	LINE/L2	565	-	93	8892123	37348
chr1	8854775	9054775	harbor1	chr1	8910285	8910646	LINE/L2	628	-	180	8910465	55690
chr1	201894848	202094848	harbor1	chr1	201920920	201921207	LINE/L2	489	-	144	201921064	26216
chr1	201894848	202094848	harbor1	chr1	201921515	201921642	LINE/L2	489	-	64	201921579	26731
chr1	201894848	202094848	harbor1	chr1	201929718	201931252	LINE/L2	825	-	767	201930485	35637
chr1	201894848	202094848	harbor1	chr1	201931565	201931755	LINE/L2	784	-	95	201931660	36812
chr1	201894848	202094848	harbor1	chr1	201931914	201932145	LINE/L2	784	-	116	201932030	37182
chr1	201894848	202094848	harbor1	chr1	201935073	201935229	LINE/L2	505	-	78	201935151	40303
chr1	201894848	202094848	harbor1	chr1	201942183	201942461	LINE/L2	492	-	139	201942322	47474
chr1	201894848	202094848	harbor1	chr1	201965854	201966019	LINE/L2	495	-	82	201965936	71088
chr1	82411925	82611925	harbor1	chr1	82447272	82447935	LINE/L2	796	-	332	82447604	35679
chr1	82411925	82611925	harbor1	chr1	82448214	82448664	LINE/L2	796	-	225	82448439	36514
chr1	82411925	82611925	harbor1	chr1	82470637	82470949	LINE/L2	590	-	156	82470793	58868
chr1	82411925	82611925	harbor1	chr1	82477154	82477430	LINE/L2	457	-	138	82477292	65367
chr1	82411925	82611925	harbor1	chr1	82480968	82481191	LINE/L2	464	-	112	82481080	69155
chr1	82411925	82611925	harbor1	chr1	82481192	82481351	LINE/L2	680	-	80	82481272	69347
chr1	82411925	82611925	harbor1	chr1	82481647	82481826	LINE/L2	680	-	90	82481737	69812
chr1	82411925	82611925	harbor1	chr1	82506974	82507190	LINE/L2	475	-	108	82507082	95157
chr1	82411925	82611925	harbor1	chr1	82507702	82507914	LINE/L2	650	-	106	82507808	95883
chr1	168316166	168516166	harbor1	chr1	168403271	168403762	LINE/L2	637	-	246	168403517	87351
chr1	168316166	168516166	harbor1	chr1	168408370	168408604	LINE/L2	442	-	117	168408487	92321
chr1	165883642	166083642	harbor1	chr1	165942596	165942966	LINE/L2	450	-	185	165942781	59139
chr1	165883642	166083642	harbor1	chr1	165956713	165956970	LINE/L2	487	-	128	165956841	73199
chr1	165883642	166083642	harbor1	chr1	165961348	165961587	LINE/L2	531	-	120	165961468	77826
chr1	25414738	25614738	harbor1	chr1	25491741	25492194	LINE/L2	619	-	226	25491967	77229
chr1	25414738	25614738	harbor1	chr1	25492192	25492713	LINE/L2	548	-	260	25492452	77714
chr1	6801081	7001081	harbor1	chr1	6839441	6839918	LINE/L2	1095	-	238	6839679	38598
chr1	6801081	7001081	harbor1	chr1	6840210	6840867	LINE/L2	1095	-	328	6840538	39457
chr1	6801081	7001081	harbor1	chr1	6856584	6857364	LINE/L2	417	-	390	6856974	55893
chr1	6801081	7001081	harbor1	chr1	6881995	6882033	LINE/L2	1429	-	19	6882014	80933
chr1	6801081	7001081	harbor1	chr1	6882355	6882959	LINE/L2	1429	-	302	6882657	81576
chr1	6801081	7001081	harbor1	chr1	6883192	6883387	LINE/L2	1429	-	98	6883290	82209
chr1	6801081	7001081	harbor1	chr1	6883451	6883766	LINE/L2	653	-	158	6883609	82528
chr1	6801081	7001081	harbor1	chr1	6884054	6884156	LINE/L2	653	-	51	6884105	83024
chr1	6801081	7001081	harbor1	chr1	6881184	6881685	LINE/L2	1429	-	250	6881434	80353
chr1	118740451	118940451	harbor1	chr1	118756680	118757205	LINE/L2	1649	-	262	118756942	16491
chr1	50699189	50899189	harbor1	chr1	50727462	50727616	LINE/L2	1228	-	77	50727539	28350
chr1	50699189	50899189	harbor1	chr1	50728115	50728508	LINE/L2	1228	-	196	50728311	29122
chr1	50699189	50899189	harbor1	chr1	50728821	50728868	LINE/L2	590	-	24	50728845	29656
chr1	50699189	50899189	harbor1	chr1	50740019	50740401	LINE/L2	1197	-	191	50740210	41021
chr1	50699189	50899189	harbor1	chr1	50786650	50786917	LINE/L2	573	-	134	50786784	87595
chr1	50699189	50899189	harbor1	chr1	50708109	50708893	LINE/L2	1546	-	392	50708501	9312
chr1	50699189	50899189	harbor1	chr1	50741173	50742019	LINE/L2	1415	-	423	50741596	42407
chr1	176908923	177108923	harbor1	chr1	176995142	176995882	LINE/L2	586	-	370	176995512	86589
chr1	80893542	81093542	harbor1	chr1	80977058	80977223	LINE/L2	919	-	82	80977140	83598
chr1	80893542	81093542	harbor1	chr1	80979671	80980113	LINE/L2	4118	-	221	80979892	86350
chr1	80893542	81093542	harbor1	chr1	80980241	80980712	LINE/L2	4118	-	236	80980477	86935
chr1	80893542	81093542	harbor1	chr1	80981042	80981975	LINE/L2	4118	-	466	80981508	87966
chr1	107028936	107228936	harbor1	chr1	107053908	107054582	LINE/L2	621	-	337	107054245	25309
chr1	107028936	107228936	harbor1	chr1	107101003	107101721	LINE/L2	415	-	359	107101362	72426
chr1	107028936	107228936	harbor1	chr1	107120852	107121171	LINE/L2	457	-	160	107121012	92076
chr1	246147804	246347804	harbor1	chr1	246156541	246156829	LINE/L2	679	-	144	246156685	8881
chr1	246147804	246347804	harbor1	chr1	246158817	246159174	LINE/L2	660	-	178	246158995	11191
chr1	246147804	246347804	harbor1	chr1	246165024	246165349	LINE/L2	439	-	162	246165186	17382
chr1	246147804	246347804	harbor1	chr1	246224106	246225557	LINE/L2	1956	-	726	246224832	77028
chr1	17023977	17223977	harbor1	chr1	17034866	17034989	LINE/L2	492	-	62	17034928	10951
chr1	17023977	17223977	harbor1	chr1	17055466	17055668	LINE/L2	429	-	101	17055567	31590
chr1	17023977	17223977	harbor1	chr1	17110963	17111082	LINE/L2	678	-	60	17111023	87046
chr1	17023977	17223977	harbor1	chr1	17111393	17111605	LINE/L2	678	-	106	17111499	87522
chr1	17023977	17223977	harbor1	chr1	17111790	17112212	LINE/L2	652	-	211	17112001	88024
chr1	17023977	17223977	harbor1	chr1	17114682	17114950	LINE/L2	884	-	134	17114816	90839
chr1	21580644	21780644	harbor1	chr1	21588145	21588420	LINE/L2	817	-	138	21588283	7639
chr1	21580644	21780644	harbor1	chr1	21588729	21589210	LINE/L2	817	-	240	21588969	8325
chr1	21580644	21780644	harbor1	chr1	21598961	21599346	LINE/L2	538	-	192	21599153	18509
chr1	163652398	163852398	harbor1	chr1	163672915	163673087	LINE/L2	413	-	86	163673001	20603
chr1	173924652	174124652	harbor1	chr1	173974534	173975099	LINE/L2	1424	-	282	173974816	50164
chr1	173924652	174124652	harbor1	chr1	173975394	173975444	LINE/L2	1424	-	25	173975419	50767
chr1	173924652	174124652	harbor1	chr1	173975928	173976154	LINE/L2	1424	-	113	173976041	51389
chr1	173924652	174124652	harbor1	chr1	173976468	173976631	LINE/L2	1424	-	82	173976550	51898
chr1	173924652	174124652	harbor1	chr1	174010280	174010387	LINE/L2	413	-	54	174010334	85682
chr1	65456012	65656012	harbor1	chr1	65502480	65502881	LINE/L2	950	-	200	65502680	46668
chr1	65456012	65656012	harbor1	chr1	65534433	65534648	LINE/L2	583	-	108	65534541	78529
chr1	25654032	25854032	harbor1	chr1	25661292	25661442	LINE/L2	456	-	75	25661367	7335
chr1	25654032	25854032	harbor1	chr1	25674343	25675012	LINE/L2	675	-	334	25674677	20645
chr1	25654032	25854032	harbor1	chr1	25725261	25725580	LINE/L2	620	-	160	25725421	71389
chr1	25654032	25854032	harbor1	chr1	25737530	25737955	LINE/L2	547	-	212	25737742	83710
chr1	25654032	25854032	harbor1	chr1	25740225	25740419	LINE/L2	1106	-	97	25740322	86290
chr1	25654032	25854032	harbor1	chr1	25740735	25741155	LINE/L2	1106	-	210	25740945	86913
chr1	25654032	25854032	harbor1	chr1	25741289	25741468	LINE/L2	568	-	90	25741379	87347
chr1	226483174	226683174	harbor1	chr1	226556270	226556486	LINE/L2	469	-	108	226556378	73204
chr1	226483174	226683174	harbor1	chr1	226580021	226580517	LINE/L2	593	-	248	226580269	97095
chr1	154306693	154506693	harbor1	chr1	154347197	154347658	LINE/L2	1096	-	230	154347427	40734
chr1	154306693	154506693	harbor1	chr1	154347957	154348277	LINE/L2	1096	-	160	154348117	41424
chr1	154306693	154506693	harbor1	chr1	154396135	154396576	LINE/L2	974	-	220	154396355	89662
chr1	64581908	64781908	harbor1	chr1	64606036	64606106	LINE/L2	468	-	35	64606071	24163
chr1	64581908	64781908	harbor1	chr1	64606148	64607876	LINE/L2	4365	-	864	64607012	25104
chr1	190853712	191053712	harbor1	chr1	190908122	190908673	LINE/L2	840	-	276	190908398	54686
chr1	190853712	191053712	harbor1	chr1	190951809	190952189	LINE/L2	580	-	190	190951999	98287
chr1	8064362	8264362	harbor1	chr1	8091099	8091394	LINE/L2	663	-	148	8091247	26885
chr1	8064362	8264362	harbor1	chr1	8091659	8091709	LINE/L2	663	-	25	8091684	27322
chr1	64527976	64727976	harbor1	chr1	64606036	64606106	LINE/L2	468	-	35	64606071	78095
chr1	64527976	64727976	harbor1	chr1	64606148	64607876	LINE/L2	4365	-	864	64607012	79036
chr1	81515461	81715461	harbor1	chr1	81572311	81572497	LINE/L2	462	-	93	81572404	56943
chr1	81515461	81715461	harbor1	chr1	81587114	81587759	LINE/L2	470	-	322	81587436	71975
chr1	81515461	81715461	harbor1	chr1	81594960	81595172	LINE/L2	549	-	106	81595066	79605
chr1	81515461	81715461	harbor1	chr1	81607264	81607606	LINE/L2	519	-	171	81607435	91974
chr1	81515461	81715461	harbor1	chr1	81610291	81610909	LINE/L2	1276	-	309	81610600	95139
chr1	240926295	241126295	harbor1	chr1	240962518	240963798	LINE/L2	504	-	640	240963158	36863
chr1	240926295	241126295	harbor1	chr1	240979494	240979845	LINE/L2	498	-	176	240979670	53375
chr1	117182262	117382262	harbor1	chr1	117202325	117202595	LINE/L2	549	-	135	117202460	20198
chr1	117182262	117382262	harbor1	chr1	117202848	117203321	LINE/L2	722	-	236	117203084	20822
chr1	117182262	117382262	harbor1	chr1	117233806	117233988	LINE/L2	637	-	91	117233897	51635
chr1	117182262	117382262	harbor1	chr1	117234685	117234832	LINE/L2	637	-	74	117234759	52497
chr1	117182262	117382262	harbor1	chr1	117235072	117235595	LINE/L2	904	-	262	117235334	53072
chr1	117182262	117382262	harbor1	chr1	117235816	117236143	LINE/L2	790	-	164	117235980	53718
chr1	117182262	117382262	harbor1	chr1	117244972	117245260	LINE/L2	453	-	144	117245116	62854
chr1	117182262	117382262	harbor1	chr1	117277260	117277599	LINE/L2	492	-	170	117277430	95168
chr1	178927347	179127347	harbor1	chr1	178962722	178962839	LINE/L2	986	-	58	178962780	35433
chr1	178927347	179127347	harbor1	chr1	178963161	178963534	LINE/L2	986	-	186	178963347	36000
chr1	178927347	179127347	harbor1	chr1	179008265	179008393	LINE/L2	727	-	64	179008329	80982
chr1	6054318	6254318	harbor1	chr1	6078622	6078743	LINE/L2	412	-	60	6078682	24364
chr1	6054318	6254318	harbor1	chr1	6078899	6079114	LINE/L2	471	-	108	6079007	24689
chr1	6054318	6254318	harbor1	chr1	6097435	6098169	LINE/L2	659	-	367	6097802	43484
chr1	209716267	209916267	harbor1	chr1	209766323	209766581	LINE/L2	570	-	129	209766452	50185
chr1	209716267	209916267	harbor1	chr1	209766889	209766950	LINE/L2	570	-	30	209766919	50652
chr1	209716267	209916267	harbor1	chr1	209774666	209775099	LINE/L2	510	-	216	209774882	58615
chr1	209716267	209916267	harbor1	chr1	209812843	209813447	LINE/L2	1362	-	302	209813145	96878
chr1	205897915	206097915	harbor1	chr1	205946421	205946643	LINE/L2	442	-	111	205946532	48617
chr1	89111345	89311345	harbor1	chr1	89117905	89118105	LINE/L2	674	-	100	89118005	6660
chr1	89111345	89311345	harbor1	chr1	89118258	89119403	LINE/L2	1546	-	572	89118830	7485
chr1	89111345	89311345	harbor1	chr1	89119408	89120060	LINE/L2	1035	-	326	89119734	8389
chr1	89111345	89311345	harbor1	chr1	89197745	89197862	LINE/L2	519	-	58	89197803	86458
chr1	89111345	89311345	harbor1	chr1	89198422	89198509	LINE/L2	519	-	44	89198466	87121
chr1	69341619	69541619	harbor1	chr1	69366885	69367046	LINE/L2	419	-	80	69366965	25346
chr1	69341619	69541619	harbor1	chr1	69398579	69398998	LINE/L2	519	-	210	69398789	57170
chr1	69341619	69541619	harbor1	chr1	69404533	69404770	LINE/L2	580	-	118	69404651	63032
chr1	160416622	160616622	harbor1	chr1	160435591	160435805	LINE/L2	460	-	107	160435698	19076
chr1	160416622	160616622	harbor1	chr1	160472243	160473945	LINE/L2	5302	-	851	160473094	56472
chr1	160416622	160616622	harbor1	chr1	160473991	160474558	LINE/L2	5302	-	284	160474275	57653
chr1	160416622	160616622	harbor1	chr1	160483115	160483181	LINE/L2	895	-	33	160483148	66526
chr1	160416622	160616622	harbor1	chr1	160483474	160483834	LINE/L2	895	-	180	160483654	67032
chr1	160416622	160616622	harbor1	chr1	160484828	160485044	LINE/L2	646	-	108	160484936	68314
chr1	160416622	160616622	harbor1	chr1	160485352	160485926	LINE/L2	799	-	287	160485639	69017
chr1	11670734	11870734	harbor1	chr1	11703097	11703621	LINE/L2	635	-	262	11703359	32625
chr1	11670734	11870734	harbor1	chr1	11716815	11717002	LINE/L2	572	-	94	11716909	46175
chr1	11670734	11870734	harbor1	chr1	11717298	11717310	LINE/L2	572	-	6	11717304	46570
chr1	11670734	11870734	harbor1	chr1	11746810	11747312	LINE/L2	444	-	251	11747061	76327
chr1	11670734	11870734	harbor1	chr1	11752701	11752975	LINE/L2	585	-	137	11752838	82104
chr1	11670734	11870734	harbor1	chr1	11753564	11753865	LINE/L2	585	-	150	11753714	82980
chr1	11670734	11870734	harbor1	chr1	11762734	11763122	LINE/L2	552	-	194	11762928	92194
chr1	11670734	11870734	harbor1	chr1	11763636	11764108	LINE/L2	838	-	236	11763872	93138
chr1	242162182	242362182	harbor1	chr1	242189504	242189962	LINE/L2	791	-	229	242189733	27551
chr1	242162182	242362182	harbor1	chr1	242250700	242252073	LINE/L2	836	-	686	242251386	89204
chr1	44843895	45043895	harbor1	chr1	44871570	44871836	LINE/L2	550	-	133	44871703	27808
chr1	44843895	45043895	harbor1	chr1	44937297	44937601	LINE/L2	481	-	152	44937449	93554
chr1	44843895	45043895	harbor1	chr1	44937914	44937931	LINE/L2	422	-	8	44937922	94027
chr1	44843895	45043895	harbor1	chr1	44908184	44908630	LINE/L2	461	-	223	44908407	64512
chr1	242712184	242912184	harbor1	chr1	242742561	242742948	LINE/L2	811	-	194	242742755	30571
chr1	242712184	242912184	harbor1	chr1	242742949	242743311	LINE/L2	1847	-	181	242743130	30946
chr1	242712184	242912184	harbor1	chr1	242743616	242744400	LINE/L2	1847	-	392	242744008	31824
chr1	12486851	12686851	harbor1	chr1	12501630	12502031	LINE/L2	675	-	200	12501830	14979
chr1	12486851	12686851	harbor1	chr1	12513019	12513419	LINE/L2	858	-	200	12513219	26368
chr1	6013367	6213367	harbor1	chr1	6013156	6013498	LINE/L2	436	-	171	6013327	40
chr1	6013367	6213367	harbor1	chr1	6034809	6035972	LINE/L2	1134	-	582	6035391	22024
chr1	6013367	6213367	harbor1	chr1	6078622	6078743	LINE/L2	412	-	60	6078682	65315
chr1	6013367	6213367	harbor1	chr1	6078899	6079114	LINE/L2	471	-	108	6079007	65640
chr1	6013367	6213367	harbor1	chr1	6097435	6098169	LINE/L2	659	-	367	6097802	84435
chr1	82454501	82654501	harbor1	chr1	82470637	82470949	LINE/L2	590	-	156	82470793	16292
chr1	82454501	82654501	harbor1	chr1	82477154	82477430	LINE/L2	457	-	138	82477292	22791
chr1	82454501	82654501	harbor1	chr1	82480968	82481191	LINE/L2	464	-	112	82481080	26579
chr1	82454501	82654501	harbor1	chr1	82481192	82481351	LINE/L2	680	-	80	82481272	26771
chr1	82454501	82654501	harbor1	chr1	82481647	82481826	LINE/L2	680	-	90	82481737	27236
chr1	82454501	82654501	harbor1	chr1	82506974	82507190	LINE/L2	475	-	108	82507082	52581
chr1	82454501	82654501	harbor1	chr1	82507702	82507914	LINE/L2	650	-	106	82507808	53307
chr1	82454501	82654501	harbor1	chr1	82518332	82518525	LINE/L2	515	-	96	82518428	63927
chr1	82454501	82654501	harbor1	chr1	82518859	82518920	LINE/L2	515	-	30	82518889	64388
chr1	44151458	44351458	harbor1	chr1	44217276	44217643	LINE/L2	603	-	184	44217460	66002
chr1	44151458	44351458	harbor1	chr1	44236280	44236718	LINE/L2	677	-	219	44236499	85041
chr1	7734383	7934383	harbor1	chr1	7795232	7795675	LINE/L2	730	-	222	7795454	61071
chr1	7734383	7934383	harbor1	chr1	7796818	7797147	LINE/L2	720	-	164	7796982	62599
chr1	7734383	7934383	harbor1	chr1	7807041	7807226	LINE/L2	593	-	92	7807133	72750
chr1	33597795	33797795	harbor1	chr1	33650152	33650604	LINE/L2	552	-	226	33650378	52583
chr1	33597795	33797795	harbor1	chr1	33651039	33651934	LINE/L2	491	-	448	33651487	53692
chr1	40991263	41191263	harbor1	chr1	41032295	41032697	LINE/L2	701	-	201	41032496	41233
chr1	40991263	41191263	harbor1	chr1	41032996	41033009	LINE/L2	701	-	6	41033002	41739
chr1	40991263	41191263	harbor1	chr1	41033299	41033372	LINE/L2	701	-	36	41033335	42072
chr1	40991263	41191263	harbor1	chr1	41076407	41077036	LINE/L2	1215	-	314	41076721	85458
chr1	177458807	177658807	harbor1	chr1	177482526	177482746	LINE/L2	426	-	110	177482636	23829
chr1	177458807	177658807	harbor1	chr1	177488416	177488954	LINE/L2	509	-	269	177488685	29878
chr1	177458807	177658807	harbor1	chr1	177517589	177517714	LINE/L2	416	-	62	177517651	58844
chr1	177458807	177658807	harbor1	chr1	177519873	177520646	LINE/L2	712	-	386	177520259	61452
chr1	246719106	246919106	harbor1	chr1	246727403	246727999	LINE/L2	1088	-	298	246727701	8595
chr1	46107497	46307497	harbor1	chr1	46181616	46181833	LINE/L2	412	-	108	46181724	74227
chr1	46107497	46307497	harbor1	chr1	46137198	46137459	LINE/L2	507	-	130	46137328	29831
chr1	201915938	202115938	harbor1	chr1	201920920	201921207	LINE/L2	489	-	144	201921064	5126
chr1	201915938	202115938	harbor1	chr1	201921515	201921642	LINE/L2	489	-	64	201921579	5641
chr1	201915938	202115938	harbor1	chr1	201929718	201931252	LINE/L2	825	-	767	201930485	14547
chr1	201915938	202115938	harbor1	chr1	201931565	201931755	LINE/L2	784	-	95	201931660	15722
chr1	201915938	202115938	harbor1	chr1	201931914	201932145	LINE/L2	784	-	116	201932030	16092
chr1	201915938	202115938	harbor1	chr1	201935073	201935229	LINE/L2	505	-	78	201935151	19213
chr1	201915938	202115938	harbor1	chr1	201942183	201942461	LINE/L2	492	-	139	201942322	26384
chr1	201915938	202115938	harbor1	chr1	201965854	201966019	LINE/L2	495	-	82	201965936	49998
chr1	25890385	26090385	harbor1	chr1	25919973	25920313	LINE/L2	649	-	170	25920143	29758
chr1	25890385	26090385	harbor1	chr1	25963238	25963498	LINE/L2	1534	-	130	25963368	72983
chr1	25890385	26090385	harbor1	chr1	25963801	25964191	LINE/L2	1534	-	195	25963996	73611
chr1	25890385	26090385	harbor1	chr1	25967063	25967331	LINE/L2	1014	-	134	25967197	76812
chr1	25890385	26090385	harbor1	chr1	25967838	25967883	LINE/L2	1145	-	22	25967860	77475
chr1	25890385	26090385	harbor1	chr1	25968198	25968492	LINE/L2	1145	-	147	25968345	77960
chr1	25890385	26090385	harbor1	chr1	25974952	25975133	LINE/L2	569	-	90	25975042	84657
chr1	25890385	26090385	harbor1	chr1	25985967	25986427	LINE/L2	561	-	230	25986197	95812
chr1	25890385	26090385	harbor1	chr1	25986859	25986923	LINE/L2	425	-	32	25986891	96506
chr1	88560581	88760581	harbor1	chr1	88580702	88581254	LINE/L2	528	-	276	88580978	20397
chr1	88560581	88760581	harbor1	chr1	88630400	88630570	LINE/L2	545	-	85	88630485	69904
chr1	88560581	88760581	harbor1	chr1	88630873	88631072	LINE/L2	545	-	100	88630973	70392
chr1	88560581	88760581	harbor1	chr1	88631252	88631987	LINE/L2	834	-	368	88631620	71039
chr1	88560581	88760581	harbor1	chr1	88651127	88651226	LINE/L2	413	-	50	88651177	90596
chr1	199209208	199409208	harbor1	chr1	199234605	199235524	LINE/L2	702	-	460	199235065	25857
chr1	199209208	199409208	harbor1	chr1	199263895	199264324	LINE/L2	784	-	214	199264109	54901
chr1	199209208	199409208	harbor1	chr1	199303694	199304436	LINE/L2	970	-	371	199304065	94857
chr1	38673487	38873487	harbor1	chr1	38703970	38704687	LINE/L2	1645	-	358	38704328	30841
chr1	38673487	38873487	harbor1	chr1	38705064	38705462	LINE/L2	1645	-	199	38705263	31776
chr1	38673487	38873487	harbor1	chr1	38741209	38741594	LINE/L2	428	-	192	38741401	67914
chr1	216396949	216596949	harbor1	chr1	216477334	216477546	LINE/L2	578	-	106	216477440	80491
chr1	165907007	166107007	harbor1	chr1	165942596	165942966	LINE/L2	450	-	185	165942781	35774
chr1	165907007	166107007	harbor1	chr1	165956713	165956970	LINE/L2	487	-	128	165956841	49834
chr1	165907007	166107007	harbor1	chr1	165961348	165961587	LINE/L2	531	-	120	165961468	54461
chr1	165907007	166107007	harbor1	chr1	165989880	165990103	LINE/L2	832	-	112	165989992	82985
chr1	165907007	166107007	harbor1	chr1	165991840	165992219	LINE/L2	439	-	190	165992030	85023
chr1	19764369	19964369	harbor1	chr1	19769940	19770316	LINE/L2	540	-	188	19770128	5759
chr1	19764369	19964369	harbor1	chr1	19785487	19785645	LINE/L2	422	-	79	19785566	21197
chr1	19764369	19964369	harbor1	chr1	19785925	19785976	LINE/L2	457	-	26	19785951	21582
chr1	19764369	19964369	harbor1	chr1	19786290	19786642	LINE/L2	457	-	176	19786466	22097
chr1	19764369	19964369	harbor1	chr1	19804105	19804287	LINE/L2	541	-	91	19804196	39827
chr1	19764369	19964369	harbor1	chr1	19826928	19827132	LINE/L2	660	-	102	19827030	62661
chr1	90126780	90326780	harbor1	chr1	90131741	90132052	LINE/L2	431	-	156	90131897	5117
chr1	108874438	109074438	harbor1	chr1	108874409	108874648	LINE/L2	498	-	120	108874529	91
chr1	108874438	109074438	harbor1	chr1	108924333	108926371	LINE/L2	2699	-	1019	108925352	50914
chr1	108874438	109074438	harbor1	chr1	108935241	108935484	LINE/L2	768	-	122	108935363	60925
chr1	108874438	109074438	harbor1	chr1	108935776	108936042	LINE/L2	768	-	133	108935909	61471
chr1	108874438	109074438	harbor1	chr1	108954763	108954817	LINE/L2	469	-	27	108954790	80352
chr1	108874438	109074438	harbor1	chr1	108955144	108955335	LINE/L2	469	-	96	108955240	80802
chr1	108874438	109074438	harbor1	chr1	108956718	108956874	LINE/L2	796	-	78	108956796	82358
chr1	108874438	109074438	harbor1	chr1	108956913	108957180	LINE/L2	796	-	134	108957047	82609
chr1	108874438	109074438	harbor1	chr1	108957594	108958115	LINE/L2	1150	-	260	108957854	83416
chr1	115023293	115223293	harbor1	chr1	115024268	115024723	LINE/L2	836	-	228	115024496	1203
chr1	115023293	115223293	harbor1	chr1	115054321	115054474	LINE/L2	448	-	76	115054397	31104
chr1	115023293	115223293	harbor1	chr1	115060654	115060844	LINE/L2	455	-	95	115060749	37456
chr1	115023293	115223293	harbor1	chr1	115085868	115086038	LINE/L2	474	-	85	115085953	62660
chr1	115023293	115223293	harbor1	chr1	115095549	115095934	LINE/L2	464	-	192	115095741	72448
chr1	115023293	115223293	harbor1	chr1	115117999	115118297	LINE/L2	676	-	149	115118148	94855
chr1	243260514	243460514	harbor1	chr1	243331853	243332441	LINE/L2	718	-	294	243332147	71633
chr1	33130703	33330703	harbor1	chr1	33153822	33154130	LINE/L2	538	-	154	33153976	23273
chr1	33130703	33330703	harbor1	chr1	33167867	33168168	LINE/L2	708	-	150	33168017	37314
chr1	156942486	157142486	harbor1	chr1	156997330	156997512	LINE/L2	430	-	91	156997421	54935
chr1	66637003	66837003	harbor1	chr1	66699652	66699893	LINE/L2	872	-	120	66699772	62769
chr1	247863749	248063749	harbor1	chr1	247871819	247872947	LINE/L2	1584	-	564	247872383	8634
chr1	247863749	248063749	harbor1	chr1	247873245	247873376	LINE/L2	1584	-	66	247873311	9562
chr1	247863749	248063749	harbor1	chr1	247933150	247933472	LINE/L2	678	-	161	247933311	69562
chr1	89888525	90088525	harbor1	chr1	89892977	89893338	LINE/L2	708	-	180	89893157	4632
chr1	89888525	90088525	harbor1	chr1	89899925	89900266	LINE/L2	515	-	170	89900095	11570
chr1	89888525	90088525	harbor1	chr1	89929043	89929419	LINE/L2	669	-	188	89929231	40706
chr1	89888525	90088525	harbor1	chr1	89971349	89971655	LINE/L2	423	-	153	89971502	82977
chr1	165988721	166188721	harbor1	chr1	165989880	165990103	LINE/L2	832	-	112	165989992	1271
chr1	165988721	166188721	harbor1	chr1	165991840	165992219	LINE/L2	439	-	190	165992030	3309
chr1	165988721	166188721	harbor1	chr1	166019075	166019350	LINE/L2	495	-	138	166019213	30492
chr1	165988721	166188721	harbor1	chr1	166034954	166035209	LINE/L2	619	-	128	166035082	46361
chr1	165988721	166188721	harbor1	chr1	166038165	166038483	LINE/L2	554	-	159	166038324	49603
chr1	165988721	166188721	harbor1	chr1	166044964	166045324	LINE/L2	868	-	180	166045144	56423
chr1	75177820	75377820	harbor1	chr1	75189979	75190192	LINE/L2	415	-	106	75190085	12265
chr1	75177820	75377820	harbor1	chr1	75246412	75249141	LINE/L2	4232	-	1364	75247776	69956
chr1	75177820	75377820	harbor1	chr1	75266704	75266975	LINE/L2	493	-	136	75266840	89020
chr1	99027199	99227199	harbor1	chr1	99028533	99029266	LINE/L2	1086	-	366	99028899	1700
chr1	99027199	99227199	harbor1	chr1	99049426	99049562	LINE/L2	428	-	68	99049494	22295
chr1	99027199	99227199	harbor1	chr1	99056096	99056443	LINE/L2	778	-	174	99056270	29071
chr1	99027199	99227199	harbor1	chr1	99056481	99056956	LINE/L2	640	-	238	99056719	29520
chr1	99027199	99227199	harbor1	chr1	99057986	99058684	LINE/L2	1813	-	349	99058335	31136
chr1	99027199	99227199	harbor1	chr1	99076306	99076704	LINE/L2	427	-	199	99076505	49306
chr1	99027199	99227199	harbor1	chr1	99086975	99087407	LINE/L2	1194	-	216	99087191	59992
chr1	7395	207395	harbor1	chr1	59056	59208	LINE/L2	441	-	76	59132	51737
chr1	234961020	235161020	harbor1	chr1	235007126	235007263	LINE/L2	453	-	68	235007194	46174
chr1	234961020	235161020	harbor1	chr1	235014688	235014993	LINE/L2	542	-	152	235014840	53820
chr1	234961020	235161020	harbor1	chr1	235015058	235015276	LINE/L2	678	-	109	235015167	54147
chr1	234961020	235161020	harbor1	chr1	235017397	235017699	LINE/L2	728	-	151	235017548	56528
chr1	30654731	30854731	harbor1	chr1	30658217	30658605	LINE/L2	676	-	194	30658411	3680
chr1	30654731	30854731	harbor1	chr1	30665074	30665186	LINE/L2	527	-	56	30665130	10399
chr1	30654731	30854731	harbor1	chr1	30677354	30677888	LINE/L2	456	-	267	30677621	22890
chr1	30654731	30854731	harbor1	chr1	30741806	30742192	LINE/L2	429	-	193	30741999	87268
chr1	231241357	231441357	harbor1	chr1	231243123	231243303	LINE/L2	493	-	90	231243213	1856
chr1	231241357	231441357	harbor1	chr1	231251933	231252434	LINE/L2	538	-	250	231252183	10826
chr1	231241357	231441357	harbor1	chr1	231312344	231312687	LINE/L2	526	-	172	231312516	71159
chr1	87886192	88086192	harbor1	chr1	87906352	87906485	LINE/L2	439	-	66	87906418	20226
chr1	87886192	88086192	harbor1	chr1	87934216	87934441	LINE/L2	690	-	112	87934328	48136
chr1	87886192	88086192	harbor1	chr1	87948703	87949466	LINE/L2	607	-	382	87949085	62893
chr1	18061130	18261130	harbor1	chr1	18063899	18064012	LINE/L2	516	-	56	18063955	2825
chr1	18061130	18261130	harbor1	chr1	18101818	18102210	LINE/L2	478	-	196	18102014	40884
chr1	18061130	18261130	harbor1	chr1	18119176	18119295	LINE/L2	412	-	60	18119236	58106
chr1	18061130	18261130	harbor1	chr1	18123376	18123845	LINE/L2	709	-	234	18123610	62480
chr1	18061130	18261130	harbor1	chr1	18125601	18125837	LINE/L2	667	-	118	18125719	64589
chr1	18061130	18261130	harbor1	chr1	18128102	18128385	LINE/L2	456	-	142	18128244	67114
chr1	54878262	55078262	harbor1	chr1	54891681	54892074	LINE/L2	439	-	196	54891877	13615
chr1	54878262	55078262	harbor1	chr1	54954397	54954668	LINE/L2	550	-	136	54954533	76271
chr1	189641690	189841690	harbor1	chr1	189740747	189741674	LINE/L2	1251	-	464	189741211	99521
chr1	89763762	89963762	harbor1	chr1	89782833	89783011	LINE/L2	643	-	89	89782922	19160
chr1	89763762	89963762	harbor1	chr1	89783603	89783886	LINE/L2	895	-	142	89783745	19983
chr1	89763762	89963762	harbor1	chr1	89814233	89814507	LINE/L2	774	-	137	89814370	50608
chr1	89763762	89963762	harbor1	chr1	89814518	89815378	LINE/L2	2086	-	430	89814948	51186
chr1	89763762	89963762	harbor1	chr1	89784184	89784366	LINE/L2	895	-	91	89784275	20513
chr1	108896613	109096613	harbor1	chr1	108924333	108926371	LINE/L2	2699	-	1019	108925352	28739
chr1	108896613	109096613	harbor1	chr1	108935241	108935484	LINE/L2	768	-	122	108935363	38750
chr1	108896613	109096613	harbor1	chr1	108935776	108936042	LINE/L2	768	-	133	108935909	39296
chr1	108896613	109096613	harbor1	chr1	108954763	108954817	LINE/L2	469	-	27	108954790	58177
chr1	108896613	109096613	harbor1	chr1	108955144	108955335	LINE/L2	469	-	96	108955240	58627
chr1	108896613	109096613	harbor1	chr1	108956718	108956874	LINE/L2	796	-	78	108956796	60183
chr1	108896613	109096613	harbor1	chr1	108956913	108957180	LINE/L2	796	-	134	108957047	60434
chr1	108896613	109096613	harbor1	chr1	108957594	108958115	LINE/L2	1150	-	260	108957854	61241
chr1	108896613	109096613	harbor1	chr1	108976475	108977133	LINE/L2	664	-	329	108976804	80191
chr1	108896613	109096613	harbor1	chr1	108978515	108979123	LINE/L2	721	-	304	108978819	82206
chr1	100186916	100386916	harbor1	chr1	100197340	100197835	LINE/L2	1433	-	248	100197588	10672
chr1	100186916	100386916	harbor1	chr1	100246675	100247327	LINE/L2	611	-	326	100247001	60085
chr1	100186916	100386916	harbor1	chr1	100248415	100248749	LINE/L2	596	-	167	100248582	61666
chr1	100186916	100386916	harbor1	chr1	100274345	100274455	LINE/L2	491	-	55	100274400	87484
chr1	88961134	89161134	harbor1	chr1	88962183	88962315	LINE/L2	483	-	66	88962249	1115
chr1	88961134	89161134	harbor1	chr1	88994262	88994551	LINE/L2	611	-	144	88994406	33272
chr1	88961134	89161134	harbor1	chr1	88998665	88998867	LINE/L2	578	-	101	88998766	37632
chr1	88961134	89161134	harbor1	chr1	89045855	89046504	LINE/L2	1188	-	324	89046179	85045
chr1	88961134	89161134	harbor1	chr1	89046534	89047002	LINE/L2	729	-	234	89046768	85634
chr1	74488833	74688833	harbor1	chr1	74511558	74511923	LINE/L2	514	-	182	74511740	22907
chr1	74488833	74688833	harbor1	chr1	74524614	74524769	LINE/L2	416	-	78	74524692	35859
chr1	74488833	74688833	harbor1	chr1	74524781	74524951	LINE/L2	418	-	85	74524866	36033
chr1	74488833	74688833	harbor1	chr1	74527471	74527756	LINE/L2	448	-	142	74527613	38780
chr1	74488833	74688833	harbor1	chr1	74538404	74539335	LINE/L2	1230	-	466	74538870	50037
chr1	74488833	74688833	harbor1	chr1	74563721	74563850	LINE/L2	457	-	64	74563785	74952
chr1	56585265	56785265	harbor1	chr1	56585256	56585364	LINE/L2	546	-	54	56585310	45
chr1	56585265	56785265	harbor1	chr1	56593956	56594183	LINE/L2	915	-	114	56594070	8805
chr1	56585265	56785265	harbor1	chr1	56615622	56615934	LINE/L2	466	-	156	56615778	30513
chr1	56585265	56785265	harbor1	chr1	56617780	56618098	LINE/L2	625	-	159	56617939	32674
chr1	56585265	56785265	harbor1	chr1	56621746	56621932	LINE/L2	529	-	93	56621839	36574
chr1	56585265	56785265	harbor1	chr1	56641905	56642127	LINE/L2	726	-	111	56642016	56751
chr1	56585265	56785265	harbor1	chr1	56646829	56647089	LINE/L2	760	-	130	56646959	61694
chr1	56585265	56785265	harbor1	chr1	56682133	56682779	LINE/L2	1039	-	323	56682456	97191
chr1	56585265	56785265	harbor1	chr1	56682977	56683071	LINE/L2	1039	-	47	56683024	97759
chr1	56585265	56785265	harbor1	chr1	56683103	56683273	LINE/L2	1039	-	85	56683188	97923
chr1	56585265	56785265	harbor1	chr1	56683677	56685050	LINE/L2	4295	-	686	56684363	99098
chr1	56585265	56785265	harbor1	chr1	56685126	56685228	LINE/L2	472	-	51	56685177	99912
chr1	44480989	44680989	harbor1	chr1	44480912	44481140	LINE/L2	890	-	114	44481026	37
chr1	44480989	44680989	harbor1	chr1	44481695	44481950	LINE/L2	890	-	128	44481823	834
chr1	44480989	44680989	harbor1	chr1	44516145	44516461	LINE/L2	419	-	158	44516303	35314
chr1	44480989	44680989	harbor1	chr1	44519244	44519622	LINE/L2	557	-	189	44519433	38444
chr1	44480989	44680989	harbor1	chr1	44521272	44521550	LINE/L2	477	-	139	44521411	40422
chr1	44480989	44680989	harbor1	chr1	44533556	44533956	LINE/L2	541	-	200	44533756	52767
chr1	44480989	44680989	harbor1	chr1	44544950	44545073	LINE/L2	493	-	62	44545012	64023
chr1	67190858	67390858	harbor1	chr1	67224024	67224193	LINE/L2	449	-	84	67224108	33250
chr1	67190858	67390858	harbor1	chr1	67237868	67238069	LINE/L2	706	-	100	67237968	47110
chr1	101379637	101579637	harbor1	chr1	101462278	101462375	LINE/L2	419	-	48	101462326	82689
chr1	101379637	101579637	harbor1	chr1	101432449	101433667	LINE/L2	1096	-	609	101433058	53421
chr1	112505649	112705649	harbor1	chr1	112512244	112512350	LINE/L2	598	-	53	112512297	6648
chr1	112505649	112705649	harbor1	chr1	112596989	112597333	LINE/L2	503	-	172	112597161	91512
chr1	224340079	224540079	harbor1	chr1	224422025	224422434	LINE/L2	534	-	204	224422229	82150
chr1	224340079	224540079	harbor1	chr1	224422736	224422977	LINE/L2	534	-	120	224422856	82777
chr1	224340079	224540079	harbor1	chr1	224423445	224423463	LINE/L2	794	-	9	224423454	83375
chr1	224340079	224540079	harbor1	chr1	224423723	224423941	LINE/L2	794	-	109	224423832	83753
chr1	210248530	210448530	harbor1	chr1	210267498	210267661	LINE/L2	1209	-	82	210267580	19050
chr1	210248530	210448530	harbor1	chr1	210267970	210268296	LINE/L2	1209	-	163	210268133	19603
chr1	210248530	210448530	harbor1	chr1	210287948	210288214	LINE/L2	715	-	133	210288081	39551
chr1	210248530	210448530	harbor1	chr1	210288235	210288630	LINE/L2	826	-	198	210288433	39903
chr1	75750929	75950929	harbor1	chr1	75799770	75800000	LINE/L2	561	-	115	75799885	48956
chr1	75750929	75950929	harbor1	chr1	75813539	75813664	LINE/L2	648	-	62	75813601	62672
chr1	75750929	75950929	harbor1	chr1	75840741	75841052	LINE/L2	422	-	156	75840897	89968
chr1	42260145	42460145	harbor1	chr1	42323341	42323422	LINE/L2	450	-	40	42323381	63236
chr1	42260145	42460145	harbor1	chr1	42336385	42336634	LINE/L2	1379	-	124	42336509	76364
chr1	42260145	42460145	harbor1	chr1	42336921	42337373	LINE/L2	1379	-	226	42337147	77002
chr1	168367675	168567675	harbor1	chr1	168403271	168403762	LINE/L2	637	-	246	168403517	35842
chr1	168367675	168567675	harbor1	chr1	168408370	168408604	LINE/L2	442	-	117	168408487	40812
chr1	168367675	168567675	harbor1	chr1	168423388	168423692	LINE/L2	474	-	152	168423540	55865
chr1	168367675	168567675	harbor1	chr1	168431748	168432325	LINE/L2	479	-	288	168432036	64361
chr1	168367675	168567675	harbor1	chr1	168451833	168452316	LINE/L2	730	-	242	168452075	84400
chr1	56660058	56860058	harbor1	chr1	56682133	56682779	LINE/L2	1039	-	323	56682456	22398
chr1	56660058	56860058	harbor1	chr1	56682977	56683071	LINE/L2	1039	-	47	56683024	22966
chr1	56660058	56860058	harbor1	chr1	56683103	56683273	LINE/L2	1039	-	85	56683188	23130
chr1	56660058	56860058	harbor1	chr1	56683677	56685050	LINE/L2	4295	-	686	56684363	24305
chr1	56660058	56860058	harbor1	chr1	56685126	56685228	LINE/L2	472	-	51	56685177	25119
chr1	56660058	56860058	harbor1	chr1	56698799	56698908	LINE/L2	492	-	54	56698853	38795
chr1	56660058	56860058	harbor1	chr1	56723089	56723199	LINE/L2	432	-	55	56723144	63086
chr1	56660058	56860058	harbor1	chr1	56723240	56723442	LINE/L2	432	-	101	56723341	63283
chr1	56660058	56860058	harbor1	chr1	56728404	56728656	LINE/L2	504	-	126	56728530	68472
chr1	56660058	56860058	harbor1	chr1	56743226	56743775	LINE/L2	429	-	274	56743500	83442
chr1	65160720	65360720	harbor1	chr1	65211667	65212181	LINE/L2	940	-	257	65211924	51204
chr1	198681529	198881529	harbor1	chr1	198745287	198746698	LINE/L2	2273	-	706	198745993	64464
chr1	214556209	214756209	harbor1	chr1	214623643	214623884	LINE/L2	556	-	120	214623763	67554
chr1	214556209	214756209	harbor1	chr1	214650363	214650619	LINE/L2	533	-	128	214650491	94282
chr1	214556209	214756209	harbor1	chr1	214650954	214651146	LINE/L2	468	-	96	214651050	94841
chr1	214556209	214756209	harbor1	chr1	214651161	214651540	LINE/L2	579	-	190	214651351	95142
chr1	55236310	55436310	harbor1	chr1	55260422	55260874	LINE/L2	517	-	226	55260648	24338
chr1	55236310	55436310	harbor1	chr1	55279158	55279282	LINE/L2	516	-	62	55279220	42910
chr1	55236310	55436310	harbor1	chr1	55298817	55299217	LINE/L2	494	-	200	55299017	62707
chr1	211863063	212063063	harbor1	chr1	211888359	211888571	LINE/L2	706	-	106	211888465	25402
chr1	211863063	212063063	harbor1	chr1	211929276	211929670	LINE/L2	546	-	197	211929473	66410
chr1	26872073	27072073	harbor1	chr1	26920063	26920207	LINE/L2	559	-	72	26920135	48062
chr1	26872073	27072073	harbor1	chr1	26920497	26920639	LINE/L2	559	-	71	26920568	48495
chr1	26872073	27072073	harbor1	chr1	26920956	26921138	LINE/L2	559	-	91	26921047	48974
chr1	26872073	27072073	harbor1	chr1	26943612	26943737	LINE/L2	466	-	62	26943674	71601
chr1	26872073	27072073	harbor1	chr1	26970001	26970185	LINE/L2	658	-	92	26970093	98020
chr1	26872073	27072073	harbor1	chr1	26970485	26970713	LINE/L2	555	-	114	26970599	98526
chr2	42685366	42885366	harbor1	chr2	42699422	42700116	LINE/L2	730	-	347	42699769	14403
chr2	195754584	195954584	harbor1	chr2	195795708	195795841	LINE/L2	468	-	66	195795774	41190
chr2	195754584	195954584	harbor1	chr2	195819525	195819812	LINE/L2	643	-	144	195819669	65085
chr2	134657306	134857306	harbor1	chr2	134659561	134659702	LINE/L2	423	-	70	134659631	2325
chr2	134657306	134857306	harbor1	chr2	134740558	134740849	LINE/L2	485	-	146	134740704	83398
chr2	134657306	134857306	harbor1	chr2	134741165	134741491	LINE/L2	546	-	163	134741328	84022
chr2	134657306	134857306	harbor1	chr2	134660061	134660485	LINE/L2	478	-	212	134660273	2967
chr2	163940225	164140225	harbor1	chr2	163969253	163969962	LINE/L2	1200	-	354	163969607	29382
chr2	163940225	164140225	harbor1	chr2	163970416	163970539	LINE/L2	1200	-	62	163970478	30253
chr2	163940225	164140225	harbor1	chr2	164023812	164024227	LINE/L2	2311	-	208	164024020	83795
chr2	163940225	164140225	harbor1	chr2	164025543	164026518	LINE/L2	2311	-	488	164026031	85806
chr2	120540389	120740389	harbor1	chr2	120554564	120554875	LINE/L2	521	-	156	120554720	14331
chr2	239159133	239359133	harbor1	chr2	239214793	239215362	LINE/L2	723	-	284	239215077	55944
chr2	130910460	131110460	harbor1	chr2	131002067	131002180	LINE/L2	466	-	56	131002123	91663
chr2	74265851	74465851	harbor1	chr2	74359434	74359851	LINE/L2	463	-	208	74359642	93791
chr2	9601477	9801477	harbor1	chr2	9647034	9647446	LINE/L2	421	-	206	9647240	45763
chr2	42421341	42621341	harbor1	chr2	42421189	42421453	LINE/L2	465	-	132	42421321	20
chr2	202190276	202390276	harbor1	chr2	202197385	202197579	LINE/L2	947	-	97	202197482	7206
chr2	202190276	202390276	harbor1	chr2	202198198	202198473	LINE/L2	947	-	138	202198336	8060
chr2	179468474	179668474	harbor1	chr2	179488868	179489210	LINE/L2	443	-	171	179489039	20565
chr2	179468474	179668474	harbor1	chr2	179493883	179494229	LINE/L2	742	-	173	179494056	25582
chr2	179468474	179668474	harbor1	chr2	179494232	179494430	LINE/L2	556	-	99	179494331	25857
chr2	179468474	179668474	harbor1	chr2	179540648	179540970	LINE/L2	870	-	161	179540809	72335
chr2	5327766	5527766	harbor1	chr2	5345752	5346027	LINE/L2	446	-	138	5345890	18124
chr2	5327766	5527766	harbor1	chr2	5392751	5393052	LINE/L2	824	-	150	5392901	65135
chr2	76301164	76501164	harbor1	chr2	76330713	76331301	LINE/L2	886	-	294	76331007	29843
chr2	76301164	76501164	harbor1	chr2	76352292	76352397	LINE/L2	533	-	52	76352344	51180
chr2	76301164	76501164	harbor1	chr2	76352693	76352890	LINE/L2	533	-	98	76352791	51627
chr2	76301164	76501164	harbor1	chr2	76353289	76353453	LINE/L2	533	-	82	76353371	52207
chr2	76301164	76501164	harbor1	chr2	76358782	76359696	LINE/L2	683	-	457	76359239	58075
chr2	76301164	76501164	harbor1	chr2	76360070	76360346	LINE/L2	606	-	138	76360208	59044
chr2	42870195	43070195	harbor1	chr2	42874721	42874997	LINE/L2	691	-	138	42874859	4664
chr2	42870195	43070195	harbor1	chr2	42947085	42947343	LINE/L2	891	-	129	42947214	77019
chr2	42870195	43070195	harbor1	chr2	42969065	42969732	LINE/L2	738	-	334	42969399	99204
chr2	47026092	47226092	harbor1	chr2	47123374	47123628	LINE/L2	807	-	127	47123501	97409
chr2	113826643	114026643	harbor1	chr2	113827408	113828110	LINE/L2	689	-	351	113827759	1116
chr2	113826643	114026643	harbor1	chr2	113917690	113918126	LINE/L2	656	-	218	113917908	91265
chr2	182216821	182416821	harbor1	chr2	182237516	182237986	LINE/L2	504	-	235	182237751	20930
chr2	182216821	182416821	harbor1	chr2	182238299	182238564	LINE/L2	504	-	132	182238431	21610
chr2	182216821	182416821	harbor1	chr2	182243314	182243703	LINE/L2	679	-	194	182243508	26687
chr2	25802089	26002089	harbor1	chr2	25895294	25895404	LINE/L2	596	-	55	25895349	93260
chr2	25802089	26002089	harbor1	chr2	25895539	25895900	LINE/L2	596	-	180	25895719	93630
chr2	25802089	26002089	harbor1	chr2	25895906	25896092	LINE/L2	604	-	93	25895999	93910
chr2	71309543	71509543	harbor1	chr2	71329272	71329487	LINE/L2	987	-	108	71329380	19837
chr2	71309543	71509543	harbor1	chr2	71378471	71379172	LINE/L2	1009	-	350	71378821	69278
chr2	7172265	7372265	harbor1	chr2	7233102	7234184	LINE/L2	5523	-	541	7233643	61378
chr2	7172265	7372265	harbor1	chr2	7234569	7234628	LINE/L2	5523	-	30	7234599	62334
chr2	7172265	7372265	harbor1	chr2	7234915	7236012	LINE/L2	5523	-	548	7235463	63198
chr2	199032208	199232208	harbor1	chr2	199084532	199084697	LINE/L2	598	-	82	199084614	52406
chr2	197224648	197424648	harbor1	chr2	197301715	197302399	LINE/L2	1399	-	342	197302057	77409
chr2	197224648	197424648	harbor1	chr2	197311651	197312004	LINE/L2	484	-	176	197311827	87179
chr2	213233812	213433812	harbor1	chr2	213322676	213322966	LINE/L2	576	-	145	213322821	89009
chr2	31894075	32094075	harbor1	chr2	31917320	31917440	LINE/L2	470	-	60	31917380	23305
chr2	31894075	32094075	harbor1	chr2	31986589	31987005	LINE/L2	563	-	208	31986797	92722
chr2	31894075	32094075	harbor1	chr2	31987297	31987389	LINE/L2	456	-	46	31987343	93268
chr2	223285718	223485718	harbor1	chr2	223306934	223307485	LINE/L2	1284	-	276	223307210	21492
chr2	223285718	223485718	harbor1	chr2	223307882	223308110	LINE/L2	601	-	114	223307996	22278
chr2	67017761	67217761	harbor1	chr2	67031006	67031613	LINE/L2	635	-	304	67031310	13549
chr2	67017761	67217761	harbor1	chr2	67077163	67077361	LINE/L2	635	-	99	67077262	59501
chr2	9046979	9246979	harbor1	chr2	9083156	9083504	LINE/L2	685	-	174	9083330	36351
chr2	119632942	119832942	harbor1	chr2	119696435	119696885	LINE/L2	1264	-	225	119696660	63718
chr2	240602160	240802160	harbor1	chr2	240606495	240607081	LINE/L2	418	-	293	240606788	4628
chr2	240602160	240802160	harbor1	chr2	240611536	240612013	LINE/L2	752	-	238	240611774	9614
chr2	179842190	180042190	harbor1	chr2	179880692	179881093	LINE/L2	1009	-	200	179880892	38702
chr2	210185676	210385676	harbor1	chr2	210222086	210222374	LINE/L2	1178	-	144	210222230	36554
chr2	210185676	210385676	harbor1	chr2	210222504	210222797	LINE/L2	1178	-	146	210222650	36974
chr2	210185676	210385676	harbor1	chr2	210276550	210276913	LINE/L2	654	-	182	210276732	91056
chr2	210185676	210385676	harbor1	chr2	210277214	210278019	LINE/L2	654	-	402	210277616	91940
chr2	210185676	210385676	harbor1	chr2	210254742	210256396	LINE/L2	2466	-	827	210255569	69893
chr2	95723477	95923477	harbor1	chr2	95794453	95795171	LINE/L2	921	-	359	95794812	71335
chr2	172205691	172405691	harbor1	chr2	172205250	172206034	LINE/L2	535	-	392	172205642	49
chr2	29092604	29292604	harbor1	chr2	29107882	29107993	LINE/L2	484	-	56	29107938	15334
chr2	29092604	29292604	harbor1	chr2	29110467	29110682	LINE/L2	668	-	108	29110575	17971
chr2	29092604	29292604	harbor1	chr2	29110986	29111029	LINE/L2	668	-	22	29111008	18404
chr2	29092604	29292604	harbor1	chr2	29123308	29123769	LINE/L2	618	-	230	29123538	30934
chr2	144139152	144339152	harbor1	chr2	144138079	144139186	LINE/L2	2741	-	554	144138633	519
chr2	144139152	144339152	harbor1	chr2	144200969	144201519	LINE/L2	791	-	275	144201244	62092
chr2	144139152	144339152	harbor1	chr2	144224344	144224750	LINE/L2	832	-	203	144224547	85395
chr2	73007748	73207748	harbor1	chr2	73033202	73033790	LINE/L2	1790	-	294	73033496	25748
chr2	73007748	73207748	harbor1	chr2	73034007	73034139	LINE/L2	1114	-	66	73034073	26325
chr2	73007748	73207748	harbor1	chr2	73068622	73069516	LINE/L2	677	-	447	73069069	61321
chr2	100869624	101069624	harbor1	chr2	100946373	100947169	LINE/L2	564	-	398	100946771	77147
chr2	68585632	68785632	harbor1	chr2	68592245	68592762	LINE/L2	990	-	258	68592503	6871
chr2	68585632	68785632	harbor1	chr2	68592741	68593002	LINE/L2	561	-	130	68592871	7239
chr2	68585632	68785632	harbor1	chr2	68625719	68626161	LINE/L2	880	-	221	68625940	40308
chr2	68585632	68785632	harbor1	chr2	68649444	68649911	LINE/L2	754	-	234	68649678	64046
chr2	68585632	68785632	harbor1	chr2	68671269	68671558	LINE/L2	778	-	144	68671413	85781
chr2	68585632	68785632	harbor1	chr2	68672191	68672569	LINE/L2	778	-	189	68672380	86748
chr2	68585632	68785632	harbor1	chr2	68680461	68681142	LINE/L2	1026	-	340	68680801	95169
chr2	68585632	68785632	harbor1	chr2	68681732	68682219	LINE/L2	754	-	244	68681976	96344
chr2	175396127	175596127	harbor1	chr2	175404179	175404863	LINE/L2	730	-	342	175404521	8394
chr2	175396127	175596127	harbor1	chr2	175466798	175467038	LINE/L2	429	-	120	175466918	70791
chr2	175396127	175596127	harbor1	chr2	175472636	175473160	LINE/L2	611	-	262	175472898	76771
chr2	186224083	186424083	harbor1	chr2	186300174	186300587	LINE/L2	701	-	206	186300380	76297
chr2	42217672	42417672	harbor1	chr2	42246786	42247213	LINE/L2	425	-	214	42247000	29328
chr2	42217672	42417672	harbor1	chr2	42269388	42269769	LINE/L2	698	-	190	42269578	51906
chr2	60560764	60760764	harbor1	chr2	60612538	60612826	LINE/L2	444	-	144	60612682	51918
chr2	60560764	60760764	harbor1	chr2	60624156	60624259	LINE/L2	459	-	52	60624208	63444
chr2	60560764	60760764	harbor1	chr2	60644023	60644069	LINE/L2	429	-	23	60644046	83282
chr2	60560764	60760764	harbor1	chr2	60644247	60644333	LINE/L2	429	-	43	60644290	83526
chr2	103708411	103908411	harbor1	chr2	103751048	103751365	LINE/L2	487	-	158	103751206	42795
chr2	180612621	180812621	harbor1	chr2	180656015	180656321	LINE/L2	427	-	153	180656168	43547
chr2	180612621	180812621	harbor1	chr2	180674449	180674692	LINE/L2	425	-	122	180674571	61950
chr2	57474039	57674039	harbor1	chr2	57484664	57485052	LINE/L2	1322	-	194	57484858	10819
chr2	57474039	57674039	harbor1	chr2	57566298	57566640	LINE/L2	481	-	171	57566469	92430
chr2	113499345	113699345	harbor1	chr2	113519085	113519212	LINE/L2	429	-	64	113519149	19804
chr2	113499345	113699345	harbor1	chr2	113560447	113561039	LINE/L2	1085	-	296	113560743	61398
chr2	113499345	113699345	harbor1	chr2	113567023	113567074	LINE/L2	906	-	26	113567049	67704
chr2	113499345	113699345	harbor1	chr2	113568479	113568810	LINE/L2	906	-	166	113568645	69300
chr2	113499345	113699345	harbor1	chr2	113568847	113568988	LINE/L2	616	-	70	113568917	69572
chr2	113499345	113699345	harbor1	chr2	113569295	113569672	LINE/L2	616	-	188	113569483	70138
chr2	113499345	113699345	harbor1	chr2	113572532	113572548	LINE/L2	780	-	8	113572540	73195
chr2	113499345	113699345	harbor1	chr2	113572829	113573146	LINE/L2	780	-	158	113572987	73642
chr2	113499345	113699345	harbor1	chr2	113575263	113575395	LINE/L2	588	-	66	113575329	75984
chr2	38135666	38335666	harbor1	chr2	38152574	38152603	LINE/L2	909	-	14	38152588	16922
chr2	38135666	38335666	harbor1	chr2	38153237	38154398	LINE/L2	1647	-	580	38153817	18151
chr2	133408711	133608711	harbor1	chr2	133491130	133491398	LINE/L2	437	-	134	133491264	82553
chr2	59807800	60007800	harbor1	chr2	59855116	59855407	LINE/L2	684	-	146	59855262	47462
chr2	59807800	60007800	harbor1	chr2	59906759	59907080	LINE/L2	836	-	160	59906919	99119
chr2	240571283	240771283	harbor1	chr2	240587742	240588740	LINE/L2	1293	-	499	240588241	16958
chr2	240571283	240771283	harbor1	chr2	240606495	240607081	LINE/L2	418	-	293	240606788	35505
chr2	240571283	240771283	harbor1	chr2	240611536	240612013	LINE/L2	752	-	238	240611774	40491
chr2	193242813	193442813	harbor1	chr2	193332423	193332849	LINE/L2	574	-	213	193332636	89823
chr2	193242813	193442813	harbor1	chr2	193332902	193333176	LINE/L2	457	-	137	193333039	90226
chr2	193242813	193442813	harbor1	chr2	193333625	193334246	LINE/L2	892	-	310	193333935	91122
chr2	135188054	135388054	harbor1	chr2	135228120	135228297	LINE/L2	539	-	88	135228208	40154
chr2	135188054	135388054	harbor1	chr2	135228461	135228713	LINE/L2	488	-	126	135228587	40533
chr2	197030827	197230827	harbor1	chr2	197032802	197033288	LINE/L2	930	-	243	197033045	2218
chr2	130997773	131197773	harbor1	chr2	131002067	131002180	LINE/L2	466	-	56	131002123	4350
chr2	130997773	131197773	harbor1	chr2	131011673	131012142	LINE/L2	635	-	234	131011907	14134
chr2	85148037	85348037	harbor1	chr2	85238519	85238774	LINE/L2	575	-	128	85238647	90610
chr2	85148037	85348037	harbor1	chr2	85244018	85244534	LINE/L2	1149	-	258	85244276	96239
chr2	134175196	134375196	harbor1	chr2	134186758	134187407	LINE/L2	606	-	324	134187082	11886
chr2	134175196	134375196	harbor1	chr2	134204768	134205823	LINE/L2	1363	-	528	134205296	30100
chr2	51238493	51438493	harbor1	chr2	51286195	51286640	LINE/L2	427	-	222	51286417	47924
chr2	78536330	78736330	harbor1	chr2	78578196	78578479	LINE/L2	616	-	142	78578338	42008
chr2	78536330	78736330	harbor1	chr2	78586282	78586723	LINE/L2	556	-	220	78586502	50172
chr2	78536330	78736330	harbor1	chr2	78586902	78587088	LINE/L2	485	-	93	78586995	50665
chr2	78536330	78736330	harbor1	chr2	78589872	78590305	LINE/L2	1166	-	216	78590088	53758
chr2	78536330	78736330	harbor1	chr2	78590754	78591072	LINE/L2	1166	-	159	78590913	54583
chr2	78536330	78736330	harbor1	chr2	78603667	78603969	LINE/L2	580	-	151	78603818	67488
chr2	225426811	225626811	harbor1	chr2	225439127	225439694	LINE/L2	509	-	284	225439411	12600
chr2	225426811	225626811	harbor1	chr2	225495996	225496363	LINE/L2	777	-	184	225496180	69369
chr2	225426811	225626811	harbor1	chr2	225501827	225502266	LINE/L2	428	-	220	225502047	75236
chr2	156906539	157106539	harbor1	chr2	157000989	157001795	LINE/L2	814	-	403	157001392	94853
chr2	156906539	157106539	harbor1	chr2	157002598	157003164	LINE/L2	873	-	283	157002881	96342
chr2	156906539	157106539	harbor1	chr2	157003471	157003676	LINE/L2	873	-	102	157003573	97034
chr2	141960446	142160446	harbor1	chr2	141981200	141981666	LINE/L2	495	-	233	141981433	20987
chr2	153839918	154039918	harbor1	chr2	153857906	153858452	LINE/L2	816	-	273	153858179	18261
chr2	153839918	154039918	harbor1	chr2	153859137	153859176	LINE/L2	616	-	20	153859157	19239
chr2	153839918	154039918	harbor1	chr2	153937800	153938556	LINE/L2	1060	-	378	153938178	98260
chr2	153839918	154039918	harbor1	chr2	153938940	153938986	LINE/L2	1060	-	23	153938963	99045
chr2	153839918	154039918	harbor1	chr2	153939008	153939376	LINE/L2	761	-	184	153939192	99274
chr2	219019894	219219894	harbor1	chr2	219036807	219036924	LINE/L2	641	-	58	219036865	16971
chr2	219019894	219219894	harbor1	chr2	219066733	219066918	LINE/L2	950	-	92	219066825	46931
chr2	219019894	219219894	harbor1	chr2	219067872	219068211	LINE/L2	950	-	170	219068042	48148
chr2	219019894	219219894	harbor1	chr2	219083068	219083253	LINE/L2	772	-	92	219083160	63266
chr2	219019894	219219894	harbor1	chr2	219090456	219090582	LINE/L2	420	-	63	219090519	70625
chr2	219019894	219219894	harbor1	chr2	219096377	219096984	LINE/L2	2719	-	304	219096681	76787
chr2	219019894	219219894	harbor1	chr2	219097268	219097456	LINE/L2	2719	-	94	219097362	77468
chr2	219019894	219219894	harbor1	chr2	219097585	219097852	LINE/L2	2719	-	134	219097719	77825
chr2	219019894	219219894	harbor1	chr2	219097854	219098351	LINE/L2	457	-	248	219098102	78208
chr2	219019894	219219894	harbor1	chr2	219098386	219098668	LINE/L2	2683	-	141	219098527	78633
chr2	219019894	219219894	harbor1	chr2	219098793	219099198	LINE/L2	2683	-	202	219098995	79101
chr2	219019894	219219894	harbor1	chr2	219099417	219099962	LINE/L2	2683	-	272	219099689	79795
chr2	219019894	219219894	harbor1	chr2	219110075	219110254	LINE/L2	1606	-	90	219110165	90271
chr2	219019894	219219894	harbor1	chr2	219110535	219110840	LINE/L2	1606	-	152	219110687	90793
chr2	163954190	164154190	harbor1	chr2	163969253	163969962	LINE/L2	1200	-	354	163969607	15417
chr2	163954190	164154190	harbor1	chr2	163970416	163970539	LINE/L2	1200	-	62	163970478	16288
chr2	163954190	164154190	harbor1	chr2	164023812	164024227	LINE/L2	2311	-	208	164024020	69830
chr2	163954190	164154190	harbor1	chr2	164025543	164026518	LINE/L2	2311	-	488	164026031	71841
chr2	2423672	2623672	harbor1	chr2	2424017	2424802	LINE/L2	1092	-	392	2424409	737
chr2	2423672	2623672	harbor1	chr2	2511077	2511469	LINE/L2	587	-	196	2511273	87601
chr2	2423672	2623672	harbor1	chr2	2511870	2512519	LINE/L2	587	-	324	2512194	88522
chr2	176713923	176913923	harbor1	chr2	176715697	176715839	LINE/L2	470	-	71	176715768	1845
chr2	176713923	176913923	harbor1	chr2	176732418	176732645	LINE/L2	472	-	114	176732532	18609
chr2	176713923	176913923	harbor1	chr2	176733172	176733586	LINE/L2	706	-	207	176733379	19456
chr2	221552791	221752791	harbor1	chr2	221612674	221613058	LINE/L2	700	-	192	221612866	60075
chr2	221552791	221752791	harbor1	chr2	221637068	221637703	LINE/L2	520	-	318	221637386	84595
chr2	143531667	143731667	harbor1	chr2	143569219	143569832	LINE/L2	442	-	306	143569525	37858
chr2	75734051	75934051	harbor1	chr2	75745225	75745816	LINE/L2	928	-	296	75745521	11470
chr2	75734051	75934051	harbor1	chr2	75746572	75746715	LINE/L2	478	-	72	75746644	12593
chr2	75734051	75934051	harbor1	chr2	75796630	75797143	LINE/L2	1439	-	256	75796886	62835
chr2	75734051	75934051	harbor1	chr2	75807599	75808155	LINE/L2	865	-	278	75807877	73826
chr2	75734051	75934051	harbor1	chr2	75829707	75831009	LINE/L2	2128	-	651	75830358	96307
chr2	25055144	25255144	harbor1	chr2	25082652	25082976	LINE/L2	570	-	162	25082814	27670
chr2	16677378	16877378	harbor1	chr2	16710401	16711351	LINE/L2	1349	-	475	16710876	33498
chr2	16677378	16877378	harbor1	chr2	16737171	16737595	LINE/L2	736	-	212	16737383	60005
chr2	136701314	136901314	harbor1	chr2	136752881	136753244	LINE/L2	446	-	182	136753063	51749
chr2	136701314	136901314	harbor1	chr2	136755760	136756534	LINE/L2	1077	-	387	136756147	54833
chr2	136701314	136901314	harbor1	chr2	136759691	136759980	LINE/L2	641	-	144	136759835	58521
chr2	100058832	100258832	harbor1	chr2	100134763	100135202	LINE/L2	664	-	220	100134983	76151
chr2	100058832	100258832	harbor1	chr2	100135715	100136486	LINE/L2	1561	-	386	100136101	77269
chr2	122667344	122867344	harbor1	chr2	122690808	122691397	LINE/L2	819	-	294	122691102	23758
chr2	35496028	35696028	harbor1	chr2	35546566	35547563	LINE/L2	1777	-	498	35547064	51036
chr2	35496028	35696028	harbor1	chr2	35547571	35547791	LINE/L2	508	-	110	35547681	51653
chr2	35496028	35696028	harbor1	chr2	35550778	35551006	LINE/L2	784	-	114	35550892	54864
chr2	48791628	48991628	harbor1	chr2	48843898	48844288	LINE/L2	640	-	195	48844093	52465
chr2	48791628	48991628	harbor1	chr2	48848632	48848756	LINE/L2	482	-	62	48848694	57066
chr2	101511528	101711528	harbor1	chr2	101525660	101525856	LINE/L2	616	-	98	101525758	14230
chr2	101511528	101711528	harbor1	chr2	101526361	101526961	LINE/L2	616	-	300	101526661	15133
chr2	42985673	43185673	harbor1	chr2	43001646	43001916	LINE/L2	498	-	135	43001781	16108
chr2	42985673	43185673	harbor1	chr2	43015358	43015629	LINE/L2	578	-	136	43015494	29821
chr2	42985673	43185673	harbor1	chr2	43017812	43018510	LINE/L2	434	-	349	43018161	32488
chr2	154017467	154217467	harbor1	chr2	154057926	154057999	LINE/L2	749	-	36	154057962	40495
chr2	154017467	154217467	harbor1	chr2	154058369	154059175	LINE/L2	1724	-	403	154058772	41305
chr2	229075680	229275680	harbor1	chr2	229121725	229122053	LINE/L2	884	-	164	229121889	46209
chr2	171918945	172118945	harbor1	chr2	171934205	171934754	LINE/L2	3297	-	274	171934479	15534
chr2	171918945	172118945	harbor1	chr2	171935056	171935232	LINE/L2	3297	-	88	171935144	16199
chr2	171918945	172118945	harbor1	chr2	171935546	171935594	LINE/L2	3297	-	24	171935570	16625
chr2	171918945	172118945	harbor1	chr2	171935908	171936640	LINE/L2	3297	-	366	171936274	17329
chr2	171918945	172118945	harbor1	chr2	171959703	171960425	LINE/L2	618	-	361	171960064	41119
chr2	68201057	68401057	harbor1	chr2	68288268	68288465	LINE/L2	459	-	98	68288366	87309
chr2	54712240	54912240	harbor1	chr2	54730806	54731171	LINE/L2	716	-	182	54730988	18748
chr2	54712240	54912240	harbor1	chr2	54739522	54739766	LINE/L2	487	-	122	54739644	27404
chr2	54712240	54912240	harbor1	chr2	54739741	54740472	LINE/L2	834	-	366	54740107	27867
chr2	54712240	54912240	harbor1	chr2	54770939	54771122	LINE/L2	421	-	92	54771031	58791
chr2	54712240	54912240	harbor1	chr2	54802047	54802168	LINE/L2	470	-	60	54802107	89867
chr2	223042568	223242568	harbor1	chr2	223067654	223067916	LINE/L2	592	-	131	223067785	25217
chr2	151242934	151442934	harbor1	chr2	151322727	151322942	LINE/L2	431	-	108	151322835	79901
chr2	86119671	86319671	harbor1	chr2	86149932	86150532	LINE/L2	877	-	300	86150232	30561
chr2	86119671	86319671	harbor1	chr2	86192493	86192860	LINE/L2	536	-	184	86192677	73006
chr2	196352248	196552248	harbor1	chr2	196355656	196356120	LINE/L2	1311	-	232	196355888	3640
chr2	196352248	196552248	harbor1	chr2	196357017	196357142	LINE/L2	456	-	62	196357079	4831
chr2	196352248	196552248	harbor1	chr2	196386082	196386468	LINE/L2	1027	-	193	196386275	34027
chr2	139121758	139321758	harbor1	chr2	139139550	139139655	LINE/L2	591	-	52	139139602	17844
chr2	139121758	139321758	harbor1	chr2	139139954	139140090	LINE/L2	591	-	68	139140022	18264
chr2	139121758	139321758	harbor1	chr2	139140705	139140783	LINE/L2	591	-	39	139140744	18986
chr2	69014801	69214801	harbor1	chr2	69060401	69060803	LINE/L2	613	-	201	69060602	45801
chr2	69014801	69214801	harbor1	chr2	69068142	69068987	LINE/L2	879	-	422	69068564	53763
chr2	69014801	69214801	harbor1	chr2	69080529	69080860	LINE/L2	461	-	166	69080695	65894
chr2	69014801	69214801	harbor1	chr2	69085574	69085731	LINE/L2	434	-	78	69085652	70851
chr2	221920783	222120783	harbor1	chr2	221961089	221961333	LINE/L2	441	-	122	221961211	40428
chr2	221920783	222120783	harbor1	chr2	221993672	221994111	LINE/L2	857	-	220	221993892	73109
chr2	221920783	222120783	harbor1	chr2	221998209	221998339	LINE/L2	499	-	65	221998274	77491
chr2	189580564	189780564	harbor1	chr2	189622258	189622480	LINE/L2	561	-	111	189622369	41805
chr2	189580564	189780564	harbor1	chr2	189631589	189631845	LINE/L2	615	-	128	189631717	51153
chr2	189580564	189780564	harbor1	chr2	189641020	189641985	LINE/L2	1079	-	482	189641502	60938
chr2	189580564	189780564	harbor1	chr2	189648903	189649423	LINE/L2	1059	-	260	189649163	68599
chr2	39868772	40068772	harbor1	chr2	39941880	39942599	LINE/L2	1147	-	360	39942240	73468
chr2	39868772	40068772	harbor1	chr2	39946543	39946875	LINE/L2	500	-	166	39946709	77937
chr2	78965850	79165850	harbor1	chr2	79008688	79009434	LINE/L2	559	-	373	79009061	43211
chr2	78965850	79165850	harbor1	chr2	79010125	79010561	LINE/L2	663	-	218	79010343	44493
chr2	180210023	180410023	harbor1	chr2	180248789	180248907	LINE/L2	537	-	59	180248848	38825
chr2	180210023	180410023	harbor1	chr2	180255809	180256221	LINE/L2	626	-	206	180256015	45992
chr2	153027578	153227578	harbor1	chr2	153043389	153043702	LINE/L2	423	-	156	153043545	15967
chr2	153027578	153227578	harbor1	chr2	153050002	153050749	LINE/L2	667	-	374	153050376	22798
chr2	97660687	97860687	harbor1	chr2	97716331	97716830	LINE/L2	1077	-	250	97716581	55894
chr2	97660687	97860687	harbor1	chr2	97725550	97726026	LINE/L2	1314	-	238	97725788	65101
chr2	97660687	97860687	harbor1	chr2	97736417	97737106	LINE/L2	590	-	344	97736761	76074
chr2	1932616	2132616	harbor1	chr2	1932488	1932847	LINE/L2	620	-	180	1932668	52
chr2	169264857	169464857	harbor1	chr2	169294771	169295056	LINE/L2	560	-	142	169294913	30056
chr2	169264857	169464857	harbor1	chr2	169315161	169315521	LINE/L2	595	-	180	169315341	50484
chr2	169264857	169464857	harbor1	chr2	169316566	169317032	LINE/L2	616	-	233	169316799	51942
chr2	169264857	169464857	harbor1	chr2	169349019	169349535	LINE/L2	1266	-	258	169349277	84420
chr2	169264857	169464857	harbor1	chr2	169349915	169350450	LINE/L2	2938	-	268	169350183	85326
chr2	169264857	169464857	harbor1	chr2	169350747	169352038	LINE/L2	2938	-	646	169351393	86536
chr2	135552252	135752252	harbor1	chr2	135629614	135629984	LINE/L2	506	-	185	135629799	77547
chr2	51308644	51508644	harbor1	chr2	51385072	51385630	LINE/L2	455	-	279	51385351	76707
chr2	51308644	51508644	harbor1	chr2	51387389	51387639	LINE/L2	694	-	125	51387514	78870
chr2	161896896	162096896	harbor1	chr2	161907444	161907757	LINE/L2	650	-	156	161907600	10704
chr2	161896896	162096896	harbor1	chr2	161975714	161976026	LINE/L2	757	-	156	161975870	78974
chr2	179500518	179700518	harbor1	chr2	179540648	179540970	LINE/L2	870	-	161	179540809	40291
chr2	179500518	179700518	harbor1	chr2	179583956	179584101	LINE/L2	492	-	72	179584028	83510
chr2	237167582	237367582	harbor1	chr2	237192751	237193891	LINE/L2	961	-	570	237193321	25739
chr2	237167582	237367582	harbor1	chr2	237210591	237210955	LINE/L2	571	-	182	237210773	43191
chr2	98489119	98689119	harbor1	chr2	98509864	98510335	LINE/L2	484	-	236	98510100	20981
chr2	98489119	98689119	harbor1	chr2	98566278	98566622	LINE/L2	483	-	172	98566450	77331
chr2	117164905	117364905	harbor1	chr2	117179323	117179586	LINE/L2	437	-	132	117179455	14550
chr2	117164905	117364905	harbor1	chr2	117214918	117215222	LINE/L2	423	-	152	117215070	50165
chr2	117164905	117364905	harbor1	chr2	117220359	117220461	LINE/L2	763	-	51	117220410	55505
chr2	117164905	117364905	harbor1	chr2	117220756	117221359	LINE/L2	795	-	302	117221058	56153
chr2	218987074	219187074	harbor1	chr2	219036807	219036924	LINE/L2	641	-	58	219036865	49791
chr2	218987074	219187074	harbor1	chr2	219066733	219066918	LINE/L2	950	-	92	219066825	79751
chr2	218987074	219187074	harbor1	chr2	219067872	219068211	LINE/L2	950	-	170	219068042	80968
chr2	218987074	219187074	harbor1	chr2	219083068	219083253	LINE/L2	772	-	92	219083160	96086
chr2	18668350	18868350	harbor1	chr2	18681233	18682755	LINE/L2	1393	-	761	18681994	13644
chr2	18668350	18868350	harbor1	chr2	18765407	18765569	LINE/L2	466	-	81	18765488	97138
chr2	115845966	116045966	harbor1	chr2	115861421	115862146	LINE/L2	1395	-	362	115861783	15817
chr2	115845966	116045966	harbor1	chr2	115880113	115881214	LINE/L2	2197	-	550	115880663	34697
chr2	115845966	116045966	harbor1	chr2	115882086	115882454	LINE/L2	839	-	184	115882270	36304
chr2	115845966	116045966	harbor1	chr2	115898987	115899358	LINE/L2	566	-	186	115899173	53207
chr2	96692602	96892602	harbor1	chr2	96713969	96714310	LINE/L2	443	-	170	96714139	21537
chr2	96692602	96892602	harbor1	chr2	96748309	96748583	LINE/L2	1336	-	137	96748446	55844
chr2	96692602	96892602	harbor1	chr2	96748895	96749081	LINE/L2	1336	-	93	96748988	56386
chr2	96692602	96892602	harbor1	chr2	96792482	96792520	LINE/L2	497	-	19	96792501	99899
chr2	204903500	205103500	harbor1	chr2	204916864	204917184	LINE/L2	585	-	160	204917024	13524
chr2	204903500	205103500	harbor1	chr2	204917184	204917627	LINE/L2	490	-	222	204917406	13906
chr2	204903500	205103500	harbor1	chr2	204960666	204961621	LINE/L2	1491	-	478	204961144	57644
chr2	204903500	205103500	harbor1	chr2	204981552	204981870	LINE/L2	866	-	159	204981711	78211
chr2	116428871	116628871	harbor1	chr2	116431344	116431912	LINE/L2	576	-	284	116431628	2757
chr2	40631039	40831039	harbor1	chr2	40660931	40661373	LINE/L2	541	-	221	40661152	30113
chr2	40631039	40831039	harbor1	chr2	40662961	40663286	LINE/L2	796	-	162	40663123	32084
chr2	40631039	40831039	harbor1	chr2	40699988	40701192	LINE/L2	2221	-	602	40700590	69551
chr2	40631039	40831039	harbor1	chr2	40701502	40701816	LINE/L2	2221	-	157	40701659	70620
chr2	40631039	40831039	harbor1	chr2	40703730	40703936	LINE/L2	573	-	103	40703833	72794
chr2	40631039	40831039	harbor1	chr2	40715532	40716613	LINE/L2	2006	-	540	40716072	85033
chr2	205975460	206175460	harbor1	chr2	205979460	205979575	LINE/L2	1320	-	58	205979518	4058
chr2	205975460	206175460	harbor1	chr2	205979934	205980283	LINE/L2	1320	-	174	205980108	4648
chr2	205975460	206175460	harbor1	chr2	206011722	206012017	LINE/L2	739	-	148	206011870	36410
chr2	205975460	206175460	harbor1	chr2	206012888	206012904	LINE/L2	680	-	8	206012896	37436
chr2	205975460	206175460	harbor1	chr2	206012409	206012583	LINE/L2	680	-	87	206012496	37036
chr2	109368384	109568384	harbor1	chr2	109446292	109446748	LINE/L2	479	-	228	109446520	78136
chr2	21302947	21502947	harbor1	chr2	21334917	21335147	LINE/L2	541	-	115	21335032	32085
chr2	21302947	21502947	harbor1	chr2	21343017	21343257	LINE/L2	617	-	120	21343137	40190
chr2	21302947	21502947	harbor1	chr2	21400683	21400854	LINE/L2	444	-	86	21400769	97822
chr2	191746117	191946117	harbor1	chr2	191778386	191779045	LINE/L2	695	-	330	191778716	32599
chr2	191746117	191946117	harbor1	chr2	191794312	191794719	LINE/L2	611	-	204	191794516	48399
chr2	191746117	191946117	harbor1	chr2	191803851	191803960	LINE/L2	424	-	54	191803905	57788
chr2	32630991	32830991	harbor1	chr2	32680300	32680580	LINE/L2	609	-	140	32680440	49449
chr2	19672922	19872922	harbor1	chr2	19696150	19696382	LINE/L2	457	-	116	19696266	23344
chr2	19672922	19872922	harbor1	chr2	19700006	19700472	LINE/L2	1137	-	233	19700239	27317
chr2	19672922	19872922	harbor1	chr2	19744434	19744889	LINE/L2	448	-	228	19744662	71740
chr2	19672922	19872922	harbor1	chr2	19750999	19751356	LINE/L2	806	-	178	19751177	78255
chr2	19672922	19872922	harbor1	chr2	19753717	19754435	LINE/L2	576	-	359	19754076	81154
chr2	19080776	19280776	harbor1	chr2	19133780	19133963	LINE/L2	580	-	92	19133872	53096
chr2	19080776	19280776	harbor1	chr2	19176357	19176648	LINE/L2	484	-	146	19176503	95727
chr2	29616251	29816251	harbor1	chr2	29640170	29640216	LINE/L2	426	-	23	29640193	23942
chr2	29616251	29816251	harbor1	chr2	29640675	29641283	LINE/L2	426	-	304	29640979	24728
chr2	204850530	205050530	harbor1	chr2	204853678	204854173	LINE/L2	614	-	248	204853926	3396
chr2	204850530	205050530	harbor1	chr2	204892592	204893417	LINE/L2	1800	-	412	204893004	42474
chr2	204850530	205050530	harbor1	chr2	204916864	204917184	LINE/L2	585	-	160	204917024	66494
chr2	204850530	205050530	harbor1	chr2	204917184	204917627	LINE/L2	490	-	222	204917406	66876
chr3	27090827	27290827	harbor1	chr3	27123505	27124150	LINE/L2	561	-	322	27123827	33000
chr3	27090827	27290827	harbor1	chr3	27165075	27165213	LINE/L2	403	-	69	27165144	74317
chr3	13369420	13569420	harbor1	chr3	13372181	13372417	LINE/L2	428	-	118	13372299	2879
chr3	13369420	13569420	harbor1	chr3	13407789	13408073	LINE/L2	465	-	142	13407931	38511
chr3	95883953	96083953	harbor1	chr3	95937170	95937974	LINE/L2	868	-	402	95937572	53619
chr3	170830118	171030118	harbor1	chr3	170911339	170911473	LINE/L2	448	-	67	170911406	81288
chr3	170830118	171030118	harbor1	chr3	170911773	170911973	LINE/L2	448	-	100	170911873	81755
chr3	85468218	85668218	harbor1	chr3	85539680	85539971	LINE/L2	505	-	146	85539826	71608
chr3	2801402	3001402	harbor1	chr3	2808989	2809536	LINE/L2	762	-	274	2809263	7861
chr3	2801402	3001402	harbor1	chr3	2868651	2869554	LINE/L2	1329	-	452	2869103	67701
chr3	2801402	3001402	harbor1	chr3	2890982	2891181	LINE/L2	928	-	100	2891082	89680
chr3	2801402	3001402	harbor1	chr3	2891466	2892029	LINE/L2	1149	-	282	2891748	90346
chr3	180215742	180415742	harbor1	chr3	180295766	180295924	LINE/L2	444	-	79	180295845	80103
chr3	180215742	180415742	harbor1	chr3	180295976	180296411	LINE/L2	692	-	218	180296194	80452
chr3	167140906	167340906	harbor1	chr3	167154857	167155310	LINE/L2	532	-	226	167155083	14177
chr3	167140906	167340906	harbor1	chr3	167230288	167231688	LINE/L2	1398	-	700	167230988	90082
chr3	148235898	148435898	harbor1	chr3	148251418	148252132	LINE/L2	882	-	357	148251775	15877
chr3	148235898	148435898	harbor1	chr3	148253222	148253876	LINE/L2	1485	-	327	148253549	17651
chr3	148235898	148435898	harbor1	chr3	148261190	148261691	LINE/L2	423	-	250	148261440	25542
chr3	148235898	148435898	harbor1	chr3	148261982	148262326	LINE/L2	423	-	172	148262154	26256
chr3	85960814	86160814	harbor1	chr3	86000535	86001306	LINE/L2	621	-	386	86000921	40107
chr3	62843731	63043731	harbor1	chr3	62866386	62866738	LINE/L2	425	-	176	62866562	22831
chr3	62843731	63043731	harbor1	chr3	62885620	62885767	LINE/L2	438	-	74	62885694	41963
chr3	62843731	63043731	harbor1	chr3	62909545	62909791	LINE/L2	574	-	123	62909668	65937
chr3	62843731	63043731	harbor1	chr3	62937677	62937845	LINE/L2	649	-	84	62937761	94030
chr3	62843731	63043731	harbor1	chr3	62938215	62938498	LINE/L2	649	-	142	62938357	94626
chr3	78175664	78375664	harbor1	chr3	78239830	78240637	LINE/L2	1125	-	404	78240234	64570
chr3	78175664	78375664	harbor1	chr3	78241522	78241733	LINE/L2	512	-	106	78241628	65964
chr3	78175664	78375664	harbor1	chr3	78242300	78242696	LINE/L2	770	-	198	78242498	66834
chr3	78175664	78375664	harbor1	chr3	78243503	78243925	LINE/L2	762	-	211	78243714	68050
chr3	78241197	78441197	harbor1	chr3	78241522	78241733	LINE/L2	512	-	106	78241628	431
chr3	78241197	78441197	harbor1	chr3	78242300	78242696	LINE/L2	770	-	198	78242498	1301
chr3	78241197	78441197	harbor1	chr3	78243503	78243925	LINE/L2	762	-	211	78243714	2517
chr3	78241197	78441197	harbor1	chr3	78278458	78278686	LINE/L2	612	-	114	78278572	37375
chr3	6696378	6896378	harbor1	chr3	6711819	6712047	LINE/L2	622	-	114	6711933	15555
chr3	6696378	6896378	harbor1	chr3	6779042	6779660	LINE/L2	747	-	309	6779351	82973
chr3	6696378	6896378	harbor1	chr3	6779973	6780280	LINE/L2	813	-	154	6780127	83749
chr3	187483700	187683700	harbor1	chr3	187517436	187517962	LINE/L2	1029	-	263	187517699	33999
chr3	187483700	187683700	harbor1	chr3	187531542	187531930	LINE/L2	401	-	194	187531736	48036
chr3	187483700	187683700	harbor1	chr3	187573487	187573621	LINE/L2	501	-	67	187573554	89854
chr3	187483700	187683700	harbor1	chr3	187573966	187574065	LINE/L2	501	-	50	187574016	90316
chr3	127734383	127934383	harbor1	chr3	127749817	127750173	LINE/L2	560	-	178	127749995	15612
chr3	127734383	127934383	harbor1	chr3	127801964	127802119	LINE/L2	434	-	78	127802042	67659
chr3	127734383	127934383	harbor1	chr3	127832079	127832737	LINE/L2	514	-	329	127832408	98025
chr3	73785099	73985099	harbor1	chr3	73787960	73788181	LINE/L2	668	-	110	73788070	2971
chr3	73785099	73985099	harbor1	chr3	73815915	73816141	LINE/L2	631	-	113	73816028	30929
chr3	73785099	73985099	harbor1	chr3	73816265	73816920	LINE/L2	1121	-	328	73816593	31494
chr3	73785099	73985099	harbor1	chr3	73856382	73856612	LINE/L2	509	-	115	73856497	71398
chr3	73785099	73985099	harbor1	chr3	73881956	73882141	LINE/L2	584	-	92	73882048	96949
chr3	73785099	73985099	harbor1	chr3	73882913	73883104	LINE/L2	489	-	96	73883009	97910
chr3	166218706	166418706	harbor1	chr3	166296156	166296516	LINE/L2	512	-	180	166296336	77630
chr3	64137021	64337021	harbor1	chr3	64204042	64204259	LINE/L2	541	-	108	64204150	67129
chr3	64137021	64337021	harbor1	chr3	64209635	64209994	LINE/L2	702	-	180	64209815	72794
chr3	64137021	64337021	harbor1	chr3	64228140	64228292	LINE/L2	416	-	76	64228216	91195
chr3	64137021	64337021	harbor1	chr3	64192236	64192556	LINE/L2	476	-	160	64192396	55375
chr3	61604058	61804058	harbor1	chr3	61631817	61631964	LINE/L2	407	-	74	61631891	27833
chr3	61604058	61804058	harbor1	chr3	61641238	61641344	LINE/L2	461	-	53	61641291	37233
chr3	143042067	143242067	harbor1	chr3	143065216	143065758	LINE/L2	653	-	271	143065487	23420
chr3	168329466	168529466	harbor1	chr3	168375107	168375719	LINE/L2	1175	-	306	168375413	45947
chr3	177329771	177529771	harbor1	chr3	177352981	177353754	LINE/L2	1255	-	386	177353367	23596
chr3	177329771	177529771	harbor1	chr3	177353759	177353991	LINE/L2	1332	-	116	177353875	24104
chr3	177329771	177529771	harbor1	chr3	177354296	177354495	LINE/L2	1332	-	100	177354396	24625
chr3	148748364	148948364	harbor1	chr3	148765715	148765892	LINE/L2	445	-	88	148765803	17439
chr3	148748364	148948364	harbor1	chr3	148767192	148767365	LINE/L2	400	-	86	148767278	18914
chr3	148748364	148948364	harbor1	chr3	148835254	148835573	LINE/L2	531	-	160	148835414	87050
chr3	148748364	148948364	harbor1	chr3	148844916	148845067	LINE/L2	485	-	76	148844992	96628
chr3	148748364	148948364	harbor1	chr3	148766607	148766841	LINE/L2	651	-	117	148766724	18360
chr3	188690527	188890527	harbor1	chr3	188726418	188726652	LINE/L2	627	-	117	188726535	36008
chr3	188690527	188890527	harbor1	chr3	188775999	188776343	LINE/L2	429	-	172	188776171	85644
chr3	14456512	14656512	harbor1	chr3	14460141	14460603	LINE/L2	1307	-	231	14460372	3860
chr3	14456512	14656512	harbor1	chr3	14479314	14479493	LINE/L2	409	-	90	14479404	22892
chr3	14456512	14656512	harbor1	chr3	14497540	14497828	LINE/L2	573	-	144	14497684	41172
chr3	14456512	14656512	harbor1	chr3	14504837	14505178	LINE/L2	444	-	170	14505007	48495
chr3	14456512	14656512	harbor1	chr3	14511867	14512329	LINE/L2	633	-	231	14512098	55586
chr3	14456512	14656512	harbor1	chr3	14512380	14512476	LINE/L2	405	-	48	14512428	55916
chr3	14456512	14656512	harbor1	chr3	14524878	14525216	LINE/L2	571	-	169	14525047	68535
chr3	14456512	14656512	harbor1	chr3	14545807	14546089	LINE/L2	391	-	141	14545948	89436
chr3	183960284	184160284	harbor1	chr3	184000451	184000584	LINE/L2	427	-	66	184000517	40233
chr3	183960284	184160284	harbor1	chr3	184046290	184046521	LINE/L2	594	-	116	184046406	86122
chr3	125839499	126039499	harbor1	chr3	125888785	125889034	LINE/L2	445	-	124	125888909	49410
chr3	125839499	126039499	harbor1	chr3	125917898	125918380	LINE/L2	988	-	241	125918139	78640
chr3	130348148	130548148	harbor1	chr3	130377935	130378030	LINE/L2	403	-	48	130377983	29835
chr3	130348148	130548148	harbor1	chr3	130406822	130407542	LINE/L2	781	-	360	130407182	59034
chr3	130348148	130548148	harbor1	chr3	130383852	130384434	LINE/L2	880	-	291	130384143	35995
chr3	41775781	41975781	harbor1	chr3	41794270	41794383	LINE/L2	701	-	56	41794326	18545
chr3	41775781	41975781	harbor1	chr3	41794687	41795042	LINE/L2	701	-	178	41794865	19084
chr3	41775781	41975781	harbor1	chr3	41795689	41796008	LINE/L2	425	-	160	41795849	20068
chr3	41775781	41975781	harbor1	chr3	41798558	41799220	LINE/L2	782	-	331	41798889	23108
chr3	41775781	41975781	harbor1	chr3	41823036	41823433	LINE/L2	541	-	198	41823234	47453
chr3	22629002	22829002	harbor1	chr3	22680414	22681929	LINE/L2	3613	-	758	22681172	52170
chr3	22629002	22829002	harbor1	chr3	22717415	22717525	LINE/L2	498	-	55	22717470	88468
chr3	129482114	129682114	harbor1	chr3	129510788	129511135	LINE/L2	451	-	174	129510962	28848
chr3	129482114	129682114	harbor1	chr3	129524071	129524200	LINE/L2	409	-	64	129524135	42021
chr3	129482114	129682114	harbor1	chr3	129524366	129524426	LINE/L2	409	-	30	129524396	42282
chr3	129482114	129682114	harbor1	chr3	129525032	129525132	LINE/L2	409	-	50	129525082	42968
chr3	129482114	129682114	harbor1	chr3	129539627	129539941	LINE/L2	654	-	157	129539784	57670
chr3	129482114	129682114	harbor1	chr3	129540785	129540983	LINE/L2	435	-	99	129540884	58770
chr3	129482114	129682114	harbor1	chr3	129543732	129543963	LINE/L2	444	-	116	129543848	61734
chr3	129482114	129682114	harbor1	chr3	129552024	129552172	LINE/L2	464	-	74	129552098	69984
chr3	129482114	129682114	harbor1	chr3	129552696	129553064	LINE/L2	526	-	184	129552880	70766
chr3	163586393	163786393	harbor1	chr3	163593203	163593567	LINE/L2	605	-	182	163593385	6992
chr3	76534770	76734770	harbor1	chr3	76553070	76553460	LINE/L2	436	-	195	76553265	18495
chr3	76534770	76734770	harbor1	chr3	76625370	76626568	LINE/L2	1683	-	599	76625969	91199
chr3	172006451	172206451	harbor1	chr3	172076250	172076363	LINE/L2	399	-	56	172076306	69855
chr3	182615194	182815194	harbor1	chr3	182629500	182629878	LINE/L2	582	-	189	182629689	14495
chr3	182615194	182815194	harbor1	chr3	182652800	182652957	LINE/L2	442	-	78	182652878	37684
chr3	182615194	182815194	harbor1	chr3	182653247	182653262	LINE/L2	411	-	8	182653255	38061
chr3	182615194	182815194	harbor1	chr3	182655877	182656630	LINE/L2	806	-	376	182656253	41059
chr3	182615194	182815194	harbor1	chr3	182669849	182670242	LINE/L2	651	-	196	182670045	54851
chr3	182615194	182815194	harbor1	chr3	182670545	182670591	LINE/L2	651	-	23	182670568	55374
chr3	182615194	182815194	harbor1	chr3	182708805	182708931	LINE/L2	406	-	63	182708868	93674
chr3	111054285	111254285	harbor1	chr3	111068052	111068322	LINE/L2	633	-	135	111068187	13902
chr3	99346211	99546211	harbor1	chr3	99374279	99374669	LINE/L2	425	-	195	99374474	28263
chr3	99346211	99546211	harbor1	chr3	99389624	99390041	LINE/L2	832	-	208	99389832	43621
chr3	99346211	99546211	harbor1	chr3	99432836	99433144	LINE/L2	465	-	154	99432990	86779
chr3	99346211	99546211	harbor1	chr3	99443322	99444207	LINE/L2	1497	-	442	99443764	97553
chr3	30117745	30317745	harbor1	chr3	30128747	30129040	LINE/L2	536	-	146	30128893	11148
chr3	188280595	188480595	harbor1	chr3	188361897	188362229	LINE/L2	400	-	166	188362063	81468
chr3	115167125	115367125	harbor1	chr3	115205925	115206449	LINE/L2	501	-	262	115206187	39062
chr3	44662630	44862630	harbor1	chr3	44677070	44677336	LINE/L2	404	-	133	44677203	14573
chr3	44662630	44862630	harbor1	chr3	44711409	44711537	LINE/L2	556	-	64	44711473	48843
chr3	17160529	17360529	harbor1	chr3	17214823	17215406	LINE/L2	1298	-	292	17215115	54586
chr3	17160529	17360529	harbor1	chr3	17254900	17255199	LINE/L2	428	-	150	17255050	94521
chr3	17160529	17360529	harbor1	chr3	17256622	17257229	LINE/L2	776	-	304	17256926	96397
chr3	31895932	32095932	harbor1	chr3	31903114	31903214	LINE/L2	401	-	50	31903164	7232
chr3	31895932	32095932	harbor1	chr3	31907761	31908298	LINE/L2	917	-	268	31908029	12097
chr3	31895932	32095932	harbor1	chr3	31975803	31976035	LINE/L2	744	-	116	31975919	79987
chr3	173952404	174152404	harbor1	chr3	173963462	173963658	LINE/L2	406	-	98	173963560	11156
chr3	173952404	174152404	harbor1	chr3	173976970	173977092	LINE/L2	525	-	61	173977031	24627
chr3	173952404	174152404	harbor1	chr3	173977139	173977432	LINE/L2	525	-	146	173977285	24881
chr3	173952404	174152404	harbor1	chr3	173977571	173978059	LINE/L2	886	-	244	173977815	25411
chr3	189905305	190105305	harbor1	chr3	189909969	189910629	LINE/L2	915	-	330	189910299	4994
chr3	189905305	190105305	harbor1	chr3	189934694	189934829	LINE/L2	498	-	68	189934762	29457
chr3	189905305	190105305	harbor1	chr3	189945497	189945687	LINE/L2	1139	-	95	189945592	40287
chr3	189905305	190105305	harbor1	chr3	189945959	189946513	LINE/L2	1478	-	277	189946236	40931
chr3	189905305	190105305	harbor1	chr3	190000325	190000939	LINE/L2	853	-	307	190000632	95327
chr3	47212979	47412979	harbor1	chr3	47224886	47225210	LINE/L2	1086	-	162	47225048	12069
chr3	47212979	47412979	harbor1	chr3	47225352	47225624	LINE/L2	663	-	136	47225488	12509
chr3	47212979	47412979	harbor1	chr3	47294269	47294645	LINE/L2	1042	-	188	47294457	81478
chr3	47212979	47412979	harbor1	chr3	47296381	47296848	LINE/L2	441	-	234	47296615	83636
chr3	47212979	47412979	harbor1	chr3	47297748	47298030	LINE/L2	401	-	141	47297889	84910
chr3	169792947	169992947	harbor1	chr3	169835998	169836298	LINE/L2	1401	-	150	169836148	43201
chr3	169792947	169992947	harbor1	chr3	169836695	169836973	LINE/L2	1401	-	139	169836834	43887
chr3	169792947	169992947	harbor1	chr3	169854113	169854228	LINE/L2	494	-	58	169854171	61224
chr3	169792947	169992947	harbor1	chr3	169865880	169866325	LINE/L2	515	-	222	169866102	73155
chr3	106333449	106533449	harbor1	chr3	106348674	106348854	LINE/L2	412	-	90	106348764	15315
chr3	106333449	106533449	harbor1	chr3	106374043	106374136	LINE/L2	472	-	46	106374089	40640
chr3	106333449	106533449	harbor1	chr3	106418287	106418383	LINE/L2	535	-	48	106418335	84886
chr3	106333449	106533449	harbor1	chr3	106418440	106418772	LINE/L2	535	-	166	106418606	85157
chr3	120420998	120620998	harbor1	chr3	120433487	120434264	LINE/L2	1054	-	388	120433875	12877
chr3	62270200	62470200	harbor1	chr3	62309591	62310181	LINE/L2	831	-	295	62309886	39686
chr3	62270200	62470200	harbor1	chr3	62317773	62318136	LINE/L2	1005	-	182	62317955	47755
chr3	62270200	62470200	harbor1	chr3	62337761	62337973	LINE/L2	593	-	106	62337867	67667
chr3	62270200	62470200	harbor1	chr3	62346675	62347034	LINE/L2	418	-	180	62346855	76655
chr3	62270200	62470200	harbor1	chr3	62354915	62355516	LINE/L2	852	-	300	62355215	85015
chr3	62270200	62470200	harbor1	chr3	62355499	62356006	LINE/L2	542	-	254	62355753	85553
chr3	29071713	29271713	harbor1	chr3	29091403	29091820	LINE/L2	389	-	208	29091611	19898
chr3	29071713	29271713	harbor1	chr3	29162203	29162406	LINE/L2	972	-	102	29162305	90592
chr3	29071713	29271713	harbor1	chr3	29163032	29163344	LINE/L2	972	-	156	29163188	91475
chr3	127118619	127318619	harbor1	chr3	127158725	127158927	LINE/L2	420	-	101	127158826	40207
chr3	127118619	127318619	harbor1	chr3	127166303	127166488	LINE/L2	449	-	92	127166395	47776
chr3	65366094	65566094	harbor1	chr3	65395682	65396091	LINE/L2	478	-	204	65395886	29792
chr3	65366094	65566094	harbor1	chr3	65408853	65409114	LINE/L2	591	-	130	65408983	42889
chr3	65366094	65566094	harbor1	chr3	65409119	65409429	LINE/L2	428	-	155	65409274	43180
chr3	65366094	65566094	harbor1	chr3	65422550	65422881	LINE/L2	400	-	166	65422716	56622
chr3	65366094	65566094	harbor1	chr3	65428584	65429083	LINE/L2	915	-	250	65428834	62740
chr3	65366094	65566094	harbor1	chr3	65442489	65442588	LINE/L2	424	-	50	65442539	76445
chr3	166890196	167090196	harbor1	chr3	166891362	166891632	LINE/L2	607	-	135	166891497	1301
chr3	166890196	167090196	harbor1	chr3	166898392	166898715	LINE/L2	561	-	162	166898554	8358
chr3	115434438	115634438	harbor1	chr3	115462218	115462409	LINE/L2	577	-	96	115462314	27876
chr3	115434438	115634438	harbor1	chr3	115474997	115475364	LINE/L2	438	-	184	115475181	40743
chr3	115434438	115634438	harbor1	chr3	115480869	115481431	LINE/L2	495	-	281	115481150	46712
chr3	144120876	144320876	harbor1	chr3	144173271	144173421	LINE/L2	427	-	75	144173346	52470
chr3	144120876	144320876	harbor1	chr3	144173593	144174077	LINE/L2	902	-	242	144173835	52959
chr3	108503691	108703691	harbor1	chr3	108556851	108556958	LINE/L2	439	-	54	108556905	53214
chr3	108503691	108703691	harbor1	chr3	108558492	108559651	LINE/L2	473	-	580	108559072	55381
chr3	108503691	108703691	harbor1	chr3	108590847	108591264	LINE/L2	983	-	208	108591055	87364
chr3	108503691	108703691	harbor1	chr3	108595857	108596110	LINE/L2	641	-	126	108595983	92292
chr3	108503691	108703691	harbor1	chr3	108596265	108596514	LINE/L2	504	-	124	108596389	92698
chr3	108503691	108703691	harbor1	chr3	108596713	108596823	LINE/L2	400	-	55	108596768	93077
chr3	9547620	9747620	harbor1	chr3	9555551	9555697	LINE/L2	407	-	73	9555624	8004
chr3	9547620	9747620	harbor1	chr3	9563358	9563474	LINE/L2	409	-	58	9563416	15796
chr3	75503631	75703631	harbor1	chr3	75566108	75566519	LINE/L2	419	-	206	75566314	62683
chr3	75503631	75703631	harbor1	chr3	75580718	75581161	LINE/L2	404	-	222	75580940	77309
chr3	75503631	75703631	harbor1	chr3	75584758	75584920	LINE/L2	455	-	81	75584839	81208
chr3	75503631	75703631	harbor1	chr3	75585153	75585326	LINE/L2	499	-	86	75585239	81608
chr3	75503631	75703631	harbor1	chr3	75585626	75586312	LINE/L2	499	-	343	75585969	82338
chr3	19646513	19846513	harbor1	chr3	19712682	19713527	LINE/L2	569	-	422	19713104	66591
chr3	19646513	19846513	harbor1	chr3	19721510	19721721	LINE/L2	438	-	106	19721616	75103
chr3	19646513	19846513	harbor1	chr3	19742241	19742342	LINE/L2	389	-	50	19742291	95778
chr3	19419056	19619056	harbor1	chr3	19445844	19445982	LINE/L2	409	-	69	19445913	26857
chr3	63166434	63366434	harbor1	chr3	63168581	63168854	LINE/L2	400	-	136	63168717	2283
chr3	63166434	63366434	harbor1	chr3	63218915	63219459	LINE/L2	466	-	272	63219187	52753
chr3	63166434	63366434	harbor1	chr3	63221042	63221307	LINE/L2	513	-	132	63221174	54740
chr3	63166434	63366434	harbor1	chr3	63246375	63246715	LINE/L2	1083	-	170	63246545	80111
chr3	194322481	194522481	harbor1	chr3	194414774	194415353	LINE/L2	842	-	290	194415064	92583
chr3	43067022	43267022	harbor1	chr3	43127574	43127923	LINE/L2	703	-	174	43127748	60726
chr3	43067022	43267022	harbor1	chr3	43142250	43142842	LINE/L2	1320	-	296	43142546	75524
chr3	38667832	38867832	harbor1	chr3	38686725	38687338	LINE/L2	724	-	306	38687031	19199
chr3	38667832	38867832	harbor1	chr3	38735845	38736308	LINE/L2	607	-	232	38736077	68245
chr3	14776796	14976796	harbor1	chr3	14789613	14789979	LINE/L2	430	-	183	14789796	13000
chr3	14776796	14976796	harbor1	chr3	14794120	14794310	LINE/L2	537	-	95	14794215	17419
chr3	14776796	14976796	harbor1	chr3	14797299	14797491	LINE/L2	801	-	96	14797395	20599
chr3	14776796	14976796	harbor1	chr3	14803185	14803652	LINE/L2	818	-	234	14803419	26623
chr3	14776796	14976796	harbor1	chr3	14830801	14831223	LINE/L2	833	-	211	14831012	54216
chr3	110428521	110628521	harbor1	chr3	110432987	110433193	LINE/L2	444	-	103	110433090	4569
chr3	85683345	85883345	harbor1	chr3	85735141	85736276	LINE/L2	1627	-	568	85735709	52364
chr3	85683345	85883345	harbor1	chr3	85743921	85744162	LINE/L2	603	-	120	85744041	60696
chr3	85683345	85883345	harbor1	chr3	85744516	85745137	LINE/L2	824	-	310	85744826	61481
chr3	132010545	132210545	harbor1	chr3	132058035	132058235	LINE/L2	559	-	100	132058135	47590
chr3	44992868	45192868	harbor1	chr3	45000251	45000392	LINE/L2	398	-	70	45000321	7453
chr3	44992868	45192868	harbor1	chr3	45069336	45069681	LINE/L2	743	-	172	45069508	76640
chr3	44992868	45192868	harbor1	chr3	45073699	45075049	LINE/L2	2985	-	675	45074374	81506
chr3	131740056	131940056	harbor1	chr3	131798352	131798631	LINE/L2	392	-	140	131798492	58436
chr3	131740056	131940056	harbor1	chr3	131817144	131817531	LINE/L2	809	-	194	131817338	77282
chr3	87105672	87305672	harbor1	chr3	87186620	87187271	LINE/L2	513	-	326	87186946	81274
chr3	159046335	159246335	harbor1	chr3	159105401	159106513	LINE/L2	884	-	556	159105957	59622
chr3	159046335	159246335	harbor1	chr3	159117677	159117812	LINE/L2	615	-	68	159117745	71410
chr3	111229580	111429580	harbor1	chr3	111233564	111233805	LINE/L2	762	-	120	111233684	4104
chr3	111229580	111429580	harbor1	chr3	111286377	111286564	LINE/L2	559	-	94	111286471	56891
chr3	111229580	111429580	harbor1	chr3	111304562	111305276	LINE/L2	410	-	357	111304919	75339
chr3	53724841	53924841	harbor1	chr3	53731596	53731711	LINE/L2	517	-	58	53731654	6813
chr3	67013546	67213546	harbor1	chr3	67111624	67111906	LINE/L2	925	-	141	67111765	98219
chr3	151032723	151232723	harbor1	chr3	151049556	151049664	LINE/L2	597	-	54	151049610	16887
chr3	151032723	151232723	harbor1	chr3	151075524	151075641	LINE/L2	498	-	58	151075582	42859
chr3	151032723	151232723	harbor1	chr3	151112886	151113631	LINE/L2	1381	-	372	151113258	80535
chr3	134055029	134255029	harbor1	chr3	134063133	134063440	LINE/L2	1005	-	154	134063287	8258
chr3	134055029	134255029	harbor1	chr3	134064741	134064882	LINE/L2	580	-	70	134064811	9782
chr3	134055029	134255029	harbor1	chr3	134088075	134088250	LINE/L2	855	-	88	134088163	33134
chr3	134055029	134255029	harbor1	chr3	134138413	134138688	LINE/L2	500	-	138	134138551	83522
chr3	157799820	157999820	harbor1	chr3	157890554	157891022	LINE/L2	470	-	234	157890788	90968
chr3	56851451	57051451	harbor1	chr3	56867241	56867457	LINE/L2	594	-	108	56867349	15898
chr3	56851451	57051451	harbor1	chr3	56867771	56867847	LINE/L2	594	-	38	56867809	16358
chr3	56851451	57051451	harbor1	chr3	56875758	56876238	LINE/L2	481	-	240	56875998	24547
chr3	56851451	57051451	harbor1	chr3	56890248	56890335	LINE/L2	417	-	44	56890292	38841
chr3	65939161	66139161	harbor1	chr3	66030368	66030667	LINE/L2	697	-	150	66030518	91357
chr3	65939161	66139161	harbor1	chr3	66032175	66032222	LINE/L2	532	-	24	66032199	93038
chr3	65939161	66139161	harbor1	chr3	66032520	66032636	LINE/L2	532	-	58	66032578	93417
chr3	65939161	66139161	harbor1	chr3	66032935	66033003	LINE/L2	532	-	34	66032969	93808
chr3	148140118	148340118	harbor1	chr3	148141359	148142157	LINE/L2	621	-	399	148141758	1640
chr3	148140118	148340118	harbor1	chr3	148142382	148142624	LINE/L2	621	-	121	148142503	2385
chr3	148140118	148340118	harbor1	chr3	148144331	148145073	LINE/L2	1574	-	371	148144702	4584
chr3	148140118	148340118	harbor1	chr3	148228995	148229398	LINE/L2	896	-	202	148229197	89079
chr3	148140118	148340118	harbor1	chr3	148232696	148233117	LINE/L2	650	-	210	148232906	92788
chr3	148140118	148340118	harbor1	chr3	148143793	148144303	LINE/L2	868	-	255	148144048	3930
chr3	78712788	78912788	harbor1	chr3	78754686	78755187	LINE/L2	716	-	250	78754936	42148
chr3	78712788	78912788	harbor1	chr3	78755496	78755705	LINE/L2	716	-	104	78755600	42812
chr3	138927722	139127722	harbor1	chr3	138961432	138962551	LINE/L2	750	-	560	138961992	34270
chr3	59089818	59289818	harbor1	chr3	59107858	59108336	LINE/L2	631	-	239	59108097	18279
chr3	59089818	59289818	harbor1	chr3	59109038	59109176	LINE/L2	726	-	69	59109107	19289
chr3	59089818	59289818	harbor1	chr3	59109463	59109698	LINE/L2	726	-	118	59109581	19763
chr3	59089818	59289818	harbor1	chr3	59110269	59110400	LINE/L2	412	-	66	59110335	20517
chr3	59089818	59289818	harbor1	chr3	59110408	59110591	LINE/L2	564	-	92	59110500	20682
chr3	59089818	59289818	harbor1	chr3	59121345	59122060	LINE/L2	1263	-	358	59121703	31885
chr3	59089818	59289818	harbor1	chr3	59161806	59162015	LINE/L2	515	-	104	59161910	72092
chr3	118501713	118701713	harbor1	chr3	118525201	118525259	LINE/L2	1210	-	29	118525230	23517
chr3	118501713	118701713	harbor1	chr3	118525961	118526700	LINE/L2	1388	-	370	118526331	24618
chr3	118501713	118701713	harbor1	chr3	118540931	118541408	LINE/L2	549	-	238	118541169	39456
chr3	118501713	118701713	harbor1	chr3	118557720	118558489	LINE/L2	436	-	384	118558104	56391
chr3	118501713	118701713	harbor1	chr3	118561692	118562085	LINE/L2	686	-	196	118561888	60175
chr3	116679548	116879548	harbor1	chr3	116692494	116692582	LINE/L2	459	-	44	116692538	12990
chr3	116679548	116879548	harbor1	chr3	116692768	116693042	LINE/L2	466	-	137	116692905	13357
chr3	116679548	116879548	harbor1	chr3	116762478	116762951	LINE/L2	771	-	236	116762714	83166
chr3	68289947	68489947	harbor1	chr3	68296718	68297228	LINE/L2	575	-	255	68296973	7026
chr3	45188929	45388929	harbor1	chr3	45244440	45244870	LINE/L2	453	-	215	45244655	55726
chr3	55435452	55635452	harbor1	chr3	55439459	55439786	LINE/L2	637	-	164	55439623	4171
chr3	55435452	55635452	harbor1	chr3	55514932	55515123	LINE/L2	476	-	96	55515028	79576
chr3	55435452	55635452	harbor1	chr3	55525262	55525702	LINE/L2	539	-	220	55525482	90030
chr3	106788919	106988919	harbor1	chr3	106817408	106817579	LINE/L2	423	-	86	106817494	28575
chr3	106788919	106988919	harbor1	chr3	106843948	106844358	LINE/L2	393	-	205	106844153	55234
chr3	106788919	106988919	harbor1	chr3	106863532	106863890	LINE/L2	501	-	179	106863711	74792
chr3	191800883	192000883	harbor1	chr3	191847650	191848115	LINE/L2	725	-	232	191847882	46999
chr3	191800883	192000883	harbor1	chr3	191848116	191849359	LINE/L2	1488	-	622	191848738	47855
chr3	164200804	164400804	harbor1	chr3	164238731	164239365	LINE/L2	790	-	317	164239048	38244
chr3	32837966	33037966	harbor1	chr3	32925737	32925870	LINE/L2	412	-	66	32925803	87837
chr3	61193592	61393592	harbor1	chr3	61217985	61218696	LINE/L2	867	-	356	61218341	24749
chr3	61193592	61393592	harbor1	chr3	61231629	61231836	LINE/L2	419	-	104	61231733	38141
chr3	61193592	61393592	harbor1	chr3	61238036	61238161	LINE/L2	480	-	62	61238098	44506
chr3	61193592	61393592	harbor1	chr3	61256406	61256938	LINE/L2	1352	-	266	61256672	63080
chr3	61193592	61393592	harbor1	chr3	61276767	61277190	LINE/L2	1095	-	212	61276979	83387
chr3	61193592	61393592	harbor1	chr3	61277492	61277868	LINE/L2	1095	-	188	61277680	84088
chr3	61193592	61393592	harbor1	chr3	61289681	61289942	LINE/L2	426	-	130	61289811	96219
chr3	61193592	61393592	harbor1	chr3	61226825	61227143	LINE/L2	515	-	159	61226984	33392
chr3	153769427	153969427	harbor1	chr3	153785485	153786416	LINE/L2	1717	-	466	153785951	16524
chr3	153769427	153969427	harbor1	chr3	153793271	153793424	LINE/L2	488	-	76	153793347	23920
chr3	153769427	153969427	harbor1	chr3	153818234	153818994	LINE/L2	579	-	380	153818614	49187
chr3	175930496	176130496	harbor1	chr3	175955626	175956299	LINE/L2	498	-	336	175955962	25466
chr3	175930496	176130496	harbor1	chr3	175957186	175957571	LINE/L2	1269	-	192	175957378	26882
chr3	175930496	176130496	harbor1	chr3	175957802	175958279	LINE/L2	989	-	238	175958040	27544
chr3	184393792	184593792	harbor1	chr3	184396354	184396400	LINE/L2	955	-	23	184396377	2585
chr3	184393792	184593792	harbor1	chr3	184396697	184396912	LINE/L2	955	-	108	184396805	3013
chr3	184393792	184593792	harbor1	chr3	184423170	184423753	LINE/L2	688	-	292	184423462	29670
chr3	184393792	184593792	harbor1	chr3	184480002	184480215	LINE/L2	832	-	106	184480108	86316
chr3	104833518	105033518	harbor1	chr3	104890174	104891333	LINE/L2	1271	-	580	104890754	57236
chr3	175637784	175837784	harbor1	chr3	175645273	175645737	LINE/L2	467	-	232	175645505	7721
chr3	175637784	175837784	harbor1	chr3	175707694	175708459	LINE/L2	631	-	382	175708076	70292
chr3	71340676	71540676	harbor1	chr3	71416605	71417020	LINE/L2	445	-	208	71416813	76137
chr3	185276513	185476513	harbor1	chr3	185369018	185369251	LINE/L2	816	-	116	185369134	92621
chr3	194789738	194989738	harbor1	chr3	194828485	194829178	LINE/L2	433	-	346	194828831	39093
chr3	194789738	194989738	harbor1	chr3	194831340	194831849	LINE/L2	839	-	254	194831594	41856
chr3	194789738	194989738	harbor1	chr3	194836139	194836556	LINE/L2	454	-	208	194836347	46609
chr3	194789738	194989738	harbor1	chr3	194843313	194843817	LINE/L2	707	-	252	194843565	53827
chr3	194789738	194989738	harbor1	chr3	194868484	194868779	LINE/L2	521	-	148	194868632	78894
chr3	107446626	107646626	harbor1	chr3	107449533	107449777	LINE/L2	460	-	122	107449655	3029
chr3	107446626	107646626	harbor1	chr3	107488536	107488970	LINE/L2	431	-	217	107488753	42127
chr3	191384361	191584361	harbor1	chr3	191431206	191431547	LINE/L2	1144	-	170	191431376	47015
chr3	191384361	191584361	harbor1	chr3	191441550	191443111	LINE/L2	462	-	780	191442330	57969
chr3	43722216	43922216	harbor1	chr3	43751888	43752657	LINE/L2	865	-	384	43752272	30056
chr3	41915219	42115219	harbor1	chr3	42000400	42000640	LINE/L2	1128	-	120	42000520	85301
chr3	41915219	42115219	harbor1	chr3	42000929	42001160	LINE/L2	1128	-	116	42001045	85826
chr3	41915219	42115219	harbor1	chr3	42001319	42002243	LINE/L2	3365	-	462	42001781	86562
chr3	41915219	42115219	harbor1	chr3	42002540	42002639	LINE/L2	3365	-	50	42002590	87371
chr3	41915219	42115219	harbor1	chr3	42003423	42003584	LINE/L2	1369	-	80	42003503	88284
chr3	41915219	42115219	harbor1	chr3	42003890	42004092	LINE/L2	1369	-	101	42003991	88772
chr3	1956276	2156276	harbor1	chr3	1956632	1957106	LINE/L2	664	-	237	1956869	593
chr3	1956276	2156276	harbor1	chr3	1995208	1995590	LINE/L2	539	-	191	1995399	39123
chr3	1956276	2156276	harbor1	chr3	2004962	2005464	LINE/L2	396	-	251	2005213	48937
chr3	1956276	2156276	harbor1	chr3	2006550	2006837	LINE/L2	439	-	144	2006694	50418
chr3	64601660	64801660	harbor1	chr3	64696991	64697342	LINE/L2	683	-	176	64697167	95507
chr3	56633660	56833660	harbor1	chr3	56663913	56664099	LINE/L2	402	-	93	56664006	30346
chr3	39331501	39531501	harbor1	chr3	39420049	39420181	LINE/L2	504	-	66	39420115	88614
chr3	115276941	115476941	harbor1	chr3	115296426	115296675	LINE/L2	511	-	124	115296550	19609
chr3	115276941	115476941	harbor1	chr3	115344667	115345251	LINE/L2	1366	-	292	115344959	68018
chr3	115276941	115476941	harbor1	chr3	115345579	115345797	LINE/L2	404	-	109	115345688	68747
chr3	115276941	115476941	harbor1	chr3	115346656	115347102	LINE/L2	1396	-	223	115346879	69938
chr3	115276941	115476941	harbor1	chr3	115363790	115363949	LINE/L2	600	-	80	115363870	86929
chr3	115276941	115476941	harbor1	chr3	115364494	115364794	LINE/L2	600	-	150	115364644	87703
chr3	115276941	115476941	harbor1	chr3	115365100	115365470	LINE/L2	426	-	185	115365285	88344
chr3	120079912	120279912	harbor1	chr3	120113355	120113706	LINE/L2	467	-	176	120113531	33619
chr3	148245382	148445382	harbor1	chr3	148251418	148252132	LINE/L2	882	-	357	148251775	6393
chr3	148245382	148445382	harbor1	chr3	148253222	148253876	LINE/L2	1485	-	327	148253549	8167
chr3	148245382	148445382	harbor1	chr3	148261190	148261691	LINE/L2	423	-	250	148261440	16058
chr3	148245382	148445382	harbor1	chr3	148261982	148262326	LINE/L2	423	-	172	148262154	16772
chr3	143883951	144083951	harbor1	chr3	143953080	143954033	LINE/L2	1501	-	476	143953556	69605
chr3	56417541	56617541	harbor1	chr3	56470982	56471209	LINE/L2	593	-	114	56471096	53555
chr3	56417541	56617541	harbor1	chr3	56472349	56472677	LINE/L2	396	-	164	56472513	54972
chr3	31198167	31398167	harbor1	chr3	31255217	31255578	LINE/L2	472	-	180	31255397	57230
chr3	31198167	31398167	harbor1	chr3	31274385	31274863	LINE/L2	543	-	239	31274624	76457
chr3	31198167	31398167	harbor1	chr3	31282527	31282812	LINE/L2	823	-	142	31282669	84502
chr3	31198167	31398167	harbor1	chr3	31282844	31283190	LINE/L2	684	-	173	31283017	84850
chr3	71599523	71799523	harbor1	chr3	71632335	71632953	LINE/L2	854	-	309	71632644	33121
chr3	71599523	71799523	harbor1	chr3	71644891	71645523	LINE/L2	1877	-	316	71645207	45684
chr3	71599523	71799523	harbor1	chr3	71645835	71646039	LINE/L2	1877	-	102	71645937	46414
chr3	71599523	71799523	harbor1	chr3	71646268	71646398	LINE/L2	1877	-	65	71646333	46810
chr3	86915125	87115125	harbor1	chr3	87005499	87005597	LINE/L2	485	-	49	87005548	90423
chr3	116153669	116353669	harbor1	chr3	116188962	116189354	LINE/L2	746	-	196	116189158	35489
chr3	81830726	82030726	harbor1	chr3	81843489	81843841	LINE/L2	653	-	176	81843665	12939
chr3	81830726	82030726	harbor1	chr3	81863676	81863959	LINE/L2	508	-	142	81863818	33092
chr3	81830726	82030726	harbor1	chr3	81924575	81924771	LINE/L2	411	-	98	81924673	93947
chr3	2208237	2408237	harbor1	chr3	2236786	2237125	LINE/L2	501	-	170	2236956	28719
chr3	26127294	26327294	harbor1	chr3	26135956	26136184	LINE/L2	477	-	114	26136070	8776
chr3	146633647	146833647	harbor1	chr3	146714763	146715320	LINE/L2	739	-	278	146715041	81394
chr3	195890869	196090869	harbor1	chr3	195976039	195976143	LINE/L2	389	-	52	195976091	85222
chr3	129959240	130159240	harbor1	chr3	129967065	129967256	LINE/L2	489	-	96	129967161	7921
chr3	129959240	130159240	harbor1	chr3	130007560	130007725	LINE/L2	454	-	82	130007642	48402
chr3	129959240	130159240	harbor1	chr3	130007960	130008129	LINE/L2	451	-	84	130008044	48804
chr3	129959240	130159240	harbor1	chr3	130008445	130009139	LINE/L2	517	-	347	130008792	49552
chr3	177802793	178002793	harbor1	chr3	177804145	177804266	LINE/L2	412	-	60	177804205	1412
chr3	177802793	178002793	harbor1	chr3	177804293	177804772	LINE/L2	877	-	240	177804533	1740
chr3	177802793	178002793	harbor1	chr3	177827423	177827514	LINE/L2	410	-	46	177827469	24676
chr3	177802793	178002793	harbor1	chr3	177834249	177834765	LINE/L2	440	-	258	177834507	31714
chr3	177802793	178002793	harbor1	chr3	177846359	177847441	LINE/L2	2242	-	541	177846900	44107
chr3	56183057	56383057	harbor1	chr3	56187543	56187784	LINE/L2	436	-	120	56187663	4606
chr3	56183057	56383057	harbor1	chr3	56198311	56198894	LINE/L2	390	-	292	56198603	15546
chr3	56183057	56383057	harbor1	chr3	56198999	56199513	LINE/L2	691	-	257	56199256	16199
chr3	56183057	56383057	harbor1	chr3	56199809	56200078	LINE/L2	594	-	134	56199943	16886
chr3	56183057	56383057	harbor1	chr3	56229086	56229207	LINE/L2	471	-	60	56229146	46089
chr3	56183057	56383057	harbor1	chr3	56279193	56279884	LINE/L2	529	-	346	56279539	96482
chr3	56183057	56383057	harbor1	chr3	56280407	56280641	LINE/L2	432	-	117	56280524	97467
chr3	112534884	112734884	harbor1	chr3	112559352	112559838	LINE/L2	882	-	243	112559595	24711
chr3	197033481	197233481	harbor1	chr3	197124804	197125923	LINE/L2	2042	-	560	197125364	91883
chr3	2880676	3080676	harbor1	chr3	2890982	2891181	LINE/L2	928	-	100	2891082	10406
chr3	2880676	3080676	harbor1	chr3	2891466	2892029	LINE/L2	1149	-	282	2891748	11072
chr3	89994876	90194876	harbor1	chr3	90010136	90010678	LINE/L2	692	-	271	90010407	15531
chr3	89994876	90194876	harbor1	chr3	90042611	90043116	LINE/L2	796	-	252	90042863	47987
chr3	89994876	90194876	harbor1	chr3	90043126	90043586	LINE/L2	1526	-	230	90043356	48480
chr3	89994876	90194876	harbor1	chr3	90043633	90043835	LINE/L2	1526	-	101	90043734	48858
chr3	26450645	26650645	harbor1	chr3	26544148	26544664	LINE/L2	1234	-	258	26544406	93761
chr3	26450645	26650645	harbor1	chr3	26544927	26545401	LINE/L2	1234	-	237	26545164	94519
chr4	87690445	87890445	harbor1	chr4	87731684	87731709	LINE/L2	473	-	12	87731696	41251
chr4	87690445	87890445	harbor1	chr4	87732000	87732140	LINE/L2	473	-	70	87732070	41625
chr4	87690445	87890445	harbor1	chr4	87733923	87734565	LINE/L2	592	-	321	87734244	43799
chr4	87690445	87890445	harbor1	chr4	87743428	87743930	LINE/L2	628	-	251	87743679	53234
chr4	87690445	87890445	harbor1	chr4	87747719	87747871	LINE/L2	516	-	76	87747795	57350
chr4	87690445	87890445	harbor1	chr4	87788050	87789575	LINE/L2	761	-	762	87788812	98367
chr4	19465923	19665923	harbor1	chr4	19475588	19476008	LINE/L2	604	-	210	19475798	9875
chr4	167327796	167527796	harbor1	chr4	167370659	167371398	LINE/L2	733	-	370	167371029	43233
chr4	167327796	167527796	harbor1	chr4	167372661	167373004	LINE/L2	663	-	172	167372833	45037
chr4	167327796	167527796	harbor1	chr4	167410286	167411080	LINE/L2	543	-	397	167410683	82887
chr4	87152883	87352883	harbor1	chr4	87223430	87223658	LINE/L2	405	-	114	87223544	70661
chr4	67892792	68092792	harbor1	chr4	67919488	67920101	LINE/L2	575	-	306	67919794	27002
chr4	84576701	84776701	harbor1	chr4	84645667	84645953	LINE/L2	586	-	143	84645810	69109
chr4	84576701	84776701	harbor1	chr4	84660234	84660601	LINE/L2	940	-	184	84660418	83717
chr4	64762341	64962341	harbor1	chr4	64774382	64775288	LINE/L2	1464	-	453	64774835	12494
chr4	64762341	64962341	harbor1	chr4	64775622	64776388	LINE/L2	1464	-	383	64776005	13664
chr4	64762341	64962341	harbor1	chr4	64843581	64843852	LINE/L2	576	-	136	64843717	81376
chr4	64762341	64962341	harbor1	chr4	64846549	64847196	LINE/L2	997	-	324	64846873	84532
chr4	81360392	81560392	harbor1	chr4	81412946	81413563	LINE/L2	1033	-	308	81413254	52862
chr4	81360392	81560392	harbor1	chr4	81413961	81414048	LINE/L2	1033	-	44	81414005	53613
chr4	182489796	182689796	harbor1	chr4	182514197	182514499	LINE/L2	890	-	151	182514348	24552
chr4	182489796	182689796	harbor1	chr4	182514737	182515235	LINE/L2	890	-	249	182514986	25190
chr4	182489796	182689796	harbor1	chr4	182530729	182531220	LINE/L2	793	-	246	182530975	41179
chr4	182489796	182689796	harbor1	chr4	182538687	182539526	LINE/L2	1149	-	420	182539107	49311
chr4	182489796	182689796	harbor1	chr4	182539803	182539899	LINE/L2	457	-	48	182539851	50055
chr4	171701926	171901926	harbor1	chr4	171736579	171736975	LINE/L2	537	-	198	171736777	34851
chr4	171701926	171901926	harbor1	chr4	171741443	171742376	LINE/L2	580	-	466	171741909	39983
chr4	103346054	103546054	harbor1	chr4	103374198	103374638	LINE/L2	1487	-	220	103374418	28364
chr4	103346054	103546054	harbor1	chr4	103375392	103375609	LINE/L2	1487	-	108	103375500	29446
chr4	103346054	103546054	harbor1	chr4	103399446	103399640	LINE/L2	558	-	97	103399543	53489
chr4	103346054	103546054	harbor1	chr4	103426732	103427041	LINE/L2	645	-	154	103426886	80832
chr4	122433307	122633307	harbor1	chr4	122499154	122499282	LINE/L2	465	-	64	122499218	65911
chr4	122433307	122633307	harbor1	chr4	122501522	122502188	LINE/L2	520	-	333	122501855	68548
chr4	31741690	31941690	harbor1	chr4	31758298	31758449	LINE/L2	1899	-	76	31758374	16684
chr4	31741690	31941690	harbor1	chr4	31758518	31759323	LINE/L2	1899	-	402	31758920	17230
chr4	66816175	67016175	harbor1	chr4	66843894	66844286	LINE/L2	409	-	196	66844090	27915
chr4	66816175	67016175	harbor1	chr4	66876544	66876918	LINE/L2	415	-	187	66876731	60556
chr4	66816175	67016175	harbor1	chr4	66910804	66911851	LINE/L2	1445	-	524	66911328	95153
chr4	173923504	174123504	harbor1	chr4	173998654	173999168	LINE/L2	516	-	257	173998911	75407
chr4	74189706	74389706	harbor1	chr4	74192002	74192242	LINE/L2	645	-	120	74192122	2416
chr4	74189706	74389706	harbor1	chr4	74194568	74194601	LINE/L2	589	-	16	74194584	4878
chr4	74189706	74389706	harbor1	chr4	74195002	74195602	LINE/L2	1282	-	300	74195302	5596
chr4	74189706	74389706	harbor1	chr4	74196039	74196085	LINE/L2	1282	-	23	74196062	6356
chr4	74189706	74389706	harbor1	chr4	74226720	74226991	LINE/L2	753	-	136	74226856	37150
chr4	74189706	74389706	harbor1	chr4	74227456	74227876	LINE/L2	597	-	210	74227666	37960
chr4	74189706	74389706	harbor1	chr4	74289009	74289844	LINE/L2	1646	-	418	74289427	99721
chr4	33702504	33902504	harbor1	chr4	33781552	33782130	LINE/L2	1073	-	289	33781841	79337
chr4	86810336	87010336	harbor1	chr4	86811972	86812028	LINE/L2	1106	-	28	86812000	1664
chr4	86810336	87010336	harbor1	chr4	86812334	86813048	LINE/L2	1106	-	357	86812691	2355
chr4	86810336	87010336	harbor1	chr4	86863384	86863820	LINE/L2	487	-	218	86863602	53266
chr4	86810336	87010336	harbor1	chr4	86869164	86869543	LINE/L2	961	-	190	86869354	59018
chr4	148201865	148401865	harbor1	chr4	148205562	148205947	LINE/L2	578	-	192	148205754	3889
chr4	148201865	148401865	harbor1	chr4	148223692	148224084	LINE/L2	405	-	196	148223888	22023
chr4	148201865	148401865	harbor1	chr4	148265843	148266075	LINE/L2	520	-	116	148265959	64094
chr4	148201865	148401865	harbor1	chr4	148266371	148266915	LINE/L2	908	-	272	148266643	64778
chr4	148201865	148401865	harbor1	chr4	148272030	148272163	LINE/L2	421	-	66	148272096	70231
chr4	172651186	172851186	harbor1	chr4	172662652	172663300	LINE/L2	756	-	324	172662976	11790
chr4	172651186	172851186	harbor1	chr4	172710904	172711527	LINE/L2	1035	-	312	172711216	60030
chr4	172651186	172851186	harbor1	chr4	172711529	172712058	LINE/L2	1094	-	264	172711793	60607
chr4	89605590	89805590	harbor1	chr4	89621243	89621299	LINE/L2	3222	-	28	89621271	15681
chr4	89605590	89805590	harbor1	chr4	89621737	89622798	LINE/L2	3222	-	530	89622267	16677
chr4	89605590	89805590	harbor1	chr4	89686969	89687389	LINE/L2	830	-	210	89687179	81589
chr4	89605590	89805590	harbor1	chr4	89687865	89687969	LINE/L2	486	-	52	89687917	82327
chr4	89605590	89805590	harbor1	chr4	89688444	89688811	LINE/L2	1071	-	184	89688628	83038
chr4	89605590	89805590	harbor1	chr4	89689583	89689715	LINE/L2	613	-	66	89689649	84059
chr4	174662017	174862017	harbor1	chr4	174664846	174665117	LINE/L2	541	-	136	174664982	2965
chr4	174662017	174862017	harbor1	chr4	174680481	174680701	LINE/L2	468	-	110	174680591	18574
chr4	22340424	22540424	harbor1	chr4	22397081	22397175	LINE/L2	486	-	47	22397128	56704
chr4	22340424	22540424	harbor1	chr4	22397445	22397563	LINE/L2	486	-	59	22397504	57080
chr4	22340424	22540424	harbor1	chr4	22397925	22398036	LINE/L2	486	-	56	22397981	57557
chr4	114921141	115121141	harbor1	chr4	114946267	114946678	LINE/L2	1102	-	206	114946473	25332
chr4	114921141	115121141	harbor1	chr4	114946928	114947406	LINE/L2	1239	-	239	114947167	26026
chr4	114921141	115121141	harbor1	chr4	114955453	114955620	LINE/L2	502	-	84	114955537	34396
chr4	114921141	115121141	harbor1	chr4	114989403	114989575	LINE/L2	423	-	86	114989489	68348
chr4	114921141	115121141	harbor1	chr4	114989558	114989859	LINE/L2	492	-	150	114989708	68567
chr4	114921141	115121141	harbor1	chr4	115005143	115005782	LINE/L2	711	-	320	115005463	84322
chr4	88909884	89109884	harbor1	chr4	88995817	88996454	LINE/L2	676	-	318	88996135	86251
chr4	88909884	89109884	harbor1	chr4	88996484	88996660	LINE/L2	612	-	88	88996572	86688
chr4	76221191	76421191	harbor1	chr4	76276138	76276357	LINE/L2	1176	-	110	76276248	55057
chr4	76221191	76421191	harbor1	chr4	76276632	76276844	LINE/L2	1176	-	106	76276738	55547
chr4	76221191	76421191	harbor1	chr4	76299707	76299975	LINE/L2	456	-	134	76299841	78650
chr4	76221191	76421191	harbor1	chr4	76304759	76305297	LINE/L2	637	-	269	76305028	83837
chr4	76221191	76421191	harbor1	chr4	76305307	76305466	LINE/L2	629	-	80	76305387	84196
chr4	14977091	15177091	harbor1	chr4	14979161	14980126	LINE/L2	1168	-	482	14979643	2552
chr4	14977091	15177091	harbor1	chr4	14994402	14994872	LINE/L2	705	-	235	14994637	17546
chr4	14977091	15177091	harbor1	chr4	14995479	14996177	LINE/L2	1347	-	349	14995828	18737
chr4	14977091	15177091	harbor1	chr4	14998915	14999143	LINE/L2	1347	-	114	14999029	21938
chr4	14977091	15177091	harbor1	chr4	14999149	14999606	LINE/L2	1163	-	228	14999377	22286
chr4	14977091	15177091	harbor1	chr4	15028447	15028834	LINE/L2	889	-	194	15028641	51550
chr4	14977091	15177091	harbor1	chr4	15060039	15060713	LINE/L2	832	-	337	15060376	83285
chr4	14977091	15177091	harbor1	chr4	15060745	15061893	LINE/L2	2845	-	574	15061319	84228
chr4	55042820	55242820	harbor1	chr4	55071024	55071115	LINE/L2	526	-	46	55071070	28250
chr4	55042820	55242820	harbor1	chr4	55084105	55084426	LINE/L2	429	-	160	55084265	41445
chr4	55042820	55242820	harbor1	chr4	55119323	55119780	LINE/L2	1040	-	228	55119551	76731
chr4	24634283	24834283	harbor1	chr4	24657103	24657251	LINE/L2	505	-	74	24657177	22894
chr4	24634283	24834283	harbor1	chr4	24665617	24665868	LINE/L2	458	-	126	24665743	31460
chr4	24634283	24834283	harbor1	chr4	24700130	24700235	LINE/L2	436	-	52	24700182	65899
chr4	24634283	24834283	harbor1	chr4	24700892	24701343	LINE/L2	712	-	226	24701118	66835
chr4	122482770	122682770	harbor1	chr4	122499154	122499282	LINE/L2	465	-	64	122499218	16448
chr4	122482770	122682770	harbor1	chr4	122501522	122502188	LINE/L2	520	-	333	122501855	19085
chr4	122482770	122682770	harbor1	chr4	122557160	122557587	LINE/L2	740	-	214	122557374	74604
chr4	136325228	136525228	harbor1	chr4	136422353	136422779	LINE/L2	486	-	213	136422566	97338
chr4	136325228	136525228	harbor1	chr4	136422835	136423326	LINE/L2	1037	-	246	136423081	97853
chr4	136325228	136525228	harbor1	chr4	136423801	136423939	LINE/L2	443	-	69	136423870	98642
chr4	136325228	136525228	harbor1	chr4	136424528	136424756	LINE/L2	619	-	114	136424642	99414
chr4	103536203	103736203	harbor1	chr4	103566746	103567575	LINE/L2	509	-	414	103567160	30957
chr4	103536203	103736203	harbor1	chr4	103568048	103568488	LINE/L2	1036	-	220	103568268	32065
chr4	103536203	103736203	harbor1	chr4	103584931	103585507	LINE/L2	943	-	288	103585219	49016
chr4	103536203	103736203	harbor1	chr4	103607682	103608049	LINE/L2	485	-	184	103607866	71663
chr4	103536203	103736203	harbor1	chr4	103608558	103608689	LINE/L2	485	-	66	103608624	72421
chr4	103536203	103736203	harbor1	chr4	103621390	103622305	LINE/L2	532	-	458	103621848	85645
chr4	52664284	52864284	harbor1	chr4	52667436	52668030	LINE/L2	649	-	297	52667733	3449
chr4	52664284	52864284	harbor1	chr4	52668328	52668456	LINE/L2	649	-	64	52668392	4108
chr4	52664284	52864284	harbor1	chr4	52737566	52738024	LINE/L2	835	-	229	52737795	73511
chr4	71190398	71390398	harbor1	chr4	71244995	71246066	LINE/L2	1718	-	536	71245531	55133
chr4	71190398	71390398	harbor1	chr4	71267032	71267446	LINE/L2	578	-	207	71267239	76841
chr4	111728081	111928081	harbor1	chr4	111754673	111754867	LINE/L2	409	-	97	111754770	26689
chr4	111728081	111928081	harbor1	chr4	111754842	111754933	LINE/L2	528	-	46	111754888	26807
chr4	111728081	111928081	harbor1	chr4	111755268	111755370	LINE/L2	528	-	51	111755319	27238
chr4	111728081	111928081	harbor1	chr4	111780206	111780295	LINE/L2	478	-	44	111780250	52169
chr4	121032894	121232894	harbor1	chr4	121054338	121054841	LINE/L2	710	-	252	121054590	21696
chr4	121032894	121232894	harbor1	chr4	121055119	121055431	LINE/L2	625	-	156	121055275	22381
chr4	121032894	121232894	harbor1	chr4	121056970	121057304	LINE/L2	496	-	167	121057137	24243
chr4	121032894	121232894	harbor1	chr4	121073823	121075070	LINE/L2	575	-	624	121074447	41553
chr4	121032894	121232894	harbor1	chr4	121092737	121093555	LINE/L2	975	-	409	121093146	60252
chr4	121032894	121232894	harbor1	chr4	121093761	121093839	LINE/L2	491	-	39	121093800	60906
chr4	121032894	121232894	harbor1	chr4	121115568	121115734	LINE/L2	502	-	83	121115651	82757
chr4	121032894	121232894	harbor1	chr4	121077653	121077965	LINE/L2	563	-	156	121077809	44915
chr4	121032894	121232894	harbor1	chr4	121094135	121094337	LINE/L2	491	-	101	121094236	61342
chr4	62636841	62836841	harbor1	chr4	62722775	62723285	LINE/L2	449	-	255	62723030	86189
chr4	62636841	62836841	harbor1	chr4	62735221	62735565	LINE/L2	648	-	172	62735393	98552
chr4	32833478	33033478	harbor1	chr4	32844150	32844248	LINE/L2	408	-	49	32844199	10721
chr4	32833478	33033478	harbor1	chr4	32867342	32867479	LINE/L2	416	-	68	32867410	33932
chr4	32833478	33033478	harbor1	chr4	32871170	32871726	LINE/L2	719	-	278	32871448	37970
chr4	32833478	33033478	harbor1	chr4	32887838	32887991	LINE/L2	495	-	76	32887914	54436
chr4	32833478	33033478	harbor1	chr4	32924788	32925217	LINE/L2	481	-	214	32925002	91524
chr4	9586484	9786484	harbor1	chr4	9586383	9586626	LINE/L2	443	-	122	9586505	21
chr4	9586484	9786484	harbor1	chr4	9595234	9595387	LINE/L2	432	-	76	9595310	8826
chr4	9586484	9786484	harbor1	chr4	9596490	9597181	LINE/L2	630	-	346	9596836	10352
chr4	9586484	9786484	harbor1	chr4	9597491	9597724	LINE/L2	630	-	116	9597607	11123
chr4	9586484	9786484	harbor1	chr4	9673691	9673883	LINE/L2	415	-	96	9673787	87303
chr4	24602274	24802274	harbor1	chr4	24612281	24612674	LINE/L2	782	-	196	24612477	10203
chr4	24602274	24802274	harbor1	chr4	24612819	24613101	LINE/L2	1188	-	141	24612960	10686
chr4	24602274	24802274	harbor1	chr4	24613451	24613837	LINE/L2	1188	-	193	24613644	11370
chr4	24602274	24802274	harbor1	chr4	24657103	24657251	LINE/L2	505	-	74	24657177	54903
chr4	24602274	24802274	harbor1	chr4	24665617	24665868	LINE/L2	458	-	126	24665743	63469
chr4	24602274	24802274	harbor1	chr4	24700130	24700235	LINE/L2	436	-	52	24700182	97908
chr4	24602274	24802274	harbor1	chr4	24700892	24701343	LINE/L2	712	-	226	24701118	98844
chr4	99524279	99724279	harbor1	chr4	99532848	99533209	LINE/L2	409	-	180	99533028	8749
chr4	99524279	99724279	harbor1	chr4	99602812	99603806	LINE/L2	655	-	497	99603309	79030
chr4	16404468	16604468	harbor1	chr4	16424060	16424289	LINE/L2	552	-	114	16424174	19706
chr4	44527873	44727873	harbor1	chr4	44590461	44590728	LINE/L2	700	-	134	44590595	62722
chr4	44527873	44727873	harbor1	chr4	44619724	44620155	LINE/L2	514	-	216	44619940	92067
chr4	44527873	44727873	harbor1	chr4	44620349	44621950	LINE/L2	1938	-	800	44621149	93276
chr4	12388433	12588433	harbor1	chr4	12436515	12436947	LINE/L2	849	-	216	12436731	48298
chr4	12388433	12588433	harbor1	chr4	12450893	12451049	LINE/L2	824	-	78	12450971	62538
chr4	12388433	12588433	harbor1	chr4	12451322	12451768	LINE/L2	824	-	223	12451545	63112
chr4	27699988	27899988	harbor1	chr4	27750358	27750978	LINE/L2	998	-	310	27750668	50680
chr4	27699988	27899988	harbor1	chr4	27782816	27783667	LINE/L2	993	-	426	27783242	83254
chr5	167109941	167309941	harbor1	chr5	167121137	167121580	LINE/L2	840	-	222	167121359	11418
chr5	114406406	114606406	harbor1	chr5	114463607	114464044	LINE/L2	538	-	218	114463825	57419
chr5	44727948	44927948	harbor1	chr5	44813689	44814213	LINE/L2	761	-	262	44813951	86003
chr5	148364371	148564371	harbor1	chr5	148453496	148453946	LINE/L2	1429	-	225	148453721	89350
chr5	148364371	148564371	harbor1	chr5	148458338	148458936	LINE/L2	466	-	299	148458637	94266
chr5	148364371	148564371	harbor1	chr5	148459055	148459133	LINE/L2	399	-	39	148459094	94723
chr5	177550980	177750980	harbor1	chr5	177552942	177553143	LINE/L2	421	-	100	177553042	2062
chr5	177550980	177750980	harbor1	chr5	177604681	177604935	LINE/L2	512	-	127	177604808	53828
chr5	95433082	95633082	harbor1	chr5	95444197	95444505	LINE/L2	818	-	154	95444351	11269
chr5	95433082	95633082	harbor1	chr5	95455485	95456129	LINE/L2	594	-	322	95455807	22725
chr5	95433082	95633082	harbor1	chr5	95456140	95456299	LINE/L2	491	-	80	95456220	23138
chr5	65624972	65824972	harbor1	chr5	65645964	65646211	LINE/L2	627	-	124	65646088	21116
chr5	65624972	65824972	harbor1	chr5	65681997	65682823	LINE/L2	1893	-	413	65682410	57438
chr5	65624972	65824972	harbor1	chr5	65683456	65683684	LINE/L2	1893	-	114	65683570	58598
chr5	65624972	65824972	harbor1	chr5	65683967	65684085	LINE/L2	1893	-	59	65684026	59054
chr5	65624972	65824972	harbor1	chr5	65684383	65684558	LINE/L2	1893	-	88	65684471	59499
chr5	65624972	65824972	harbor1	chr5	65684853	65685155	LINE/L2	1893	-	151	65685004	60032
chr5	65624972	65824972	harbor1	chr5	65689616	65689738	LINE/L2	424	-	61	65689677	64705
chr5	65624972	65824972	harbor1	chr5	65714242	65714428	LINE/L2	669	-	93	65714335	89363
chr5	65624972	65824972	harbor1	chr5	65715546	65715761	LINE/L2	1196	-	108	65715654	90682
chr5	65624972	65824972	harbor1	chr5	65716573	65716752	LINE/L2	399	-	90	65716663	91691
chr5	65624972	65824972	harbor1	chr5	65716754	65718164	LINE/L2	5305	-	705	65717459	92487
chr5	65624972	65824972	harbor1	chr5	65718363	65718595	LINE/L2	5305	-	116	65718479	93507
chr5	65624972	65824972	harbor1	chr5	65716070	65716569	LINE/L2	1196	-	250	65716320	91348
chr5	112039980	112239980	harbor1	chr5	112073623	112073864	LINE/L2	430	-	120	112073743	33763
chr5	96697633	96897633	harbor1	chr5	96778173	96778898	LINE/L2	662	-	362	96778535	80902
chr5	70055089	70255089	harbor1	chr5	70086525	70087130	LINE/L2	2120	-	302	70086827	31738
chr5	70055089	70255089	harbor1	chr5	70087266	70087741	LINE/L2	2120	-	238	70087504	32415
chr5	177516851	177716851	harbor1	chr5	177526825	177527290	LINE/L2	685	-	232	177527057	10206
chr5	177516851	177716851	harbor1	chr5	177552942	177553143	LINE/L2	421	-	100	177553042	36191
chr5	177516851	177716851	harbor1	chr5	177604681	177604935	LINE/L2	512	-	127	177604808	87957
chr5	114862092	115062092	harbor1	chr5	114873727	114874378	LINE/L2	755	-	326	114874053	11961
chr5	114862092	115062092	harbor1	chr5	114908221	114908491	LINE/L2	485	-	135	114908356	46264
chr5	96307567	96507567	harbor1	chr5	96346040	96346449	LINE/L2	682	-	204	96346244	38677
chr5	96307567	96507567	harbor1	chr5	96348028	96348689	LINE/L2	570	-	330	96348358	40791
chr5	83427109	83627109	harbor1	chr5	83478746	83478983	LINE/L2	553	-	118	83478864	51755
chr5	83427109	83627109	harbor1	chr5	83484582	83485014	LINE/L2	545	-	216	83484798	57689
chr5	83427109	83627109	harbor1	chr5	83485423	83485740	LINE/L2	755	-	158	83485581	58472
chr5	113279058	113479058	harbor1	chr5	113296264	113296762	LINE/L2	503	-	249	113296513	17455
chr5	113279058	113479058	harbor1	chr5	113297816	113298524	LINE/L2	423	-	354	113298170	19112
chr5	113279058	113479058	harbor1	chr5	113301026	113301183	LINE/L2	424	-	78	113301104	22046
chr5	113279058	113479058	harbor1	chr5	113301486	113301741	LINE/L2	424	-	128	113301614	22556
chr5	113279058	113479058	harbor1	chr5	113302809	113303667	LINE/L2	1463	-	429	113303238	24180
chr5	113279058	113479058	harbor1	chr5	113312321	113312696	LINE/L2	582	-	188	113312509	33451
chr5	171431517	171631517	harbor1	chr5	171434718	171435358	LINE/L2	634	-	320	171435038	3521
chr5	171431517	171631517	harbor1	chr5	171444844	171445358	LINE/L2	939	-	257	171445101	13584
chr5	171431517	171631517	harbor1	chr5	171445665	171445819	LINE/L2	540	-	77	171445742	14225
chr5	171431517	171631517	harbor1	chr5	171458051	171458173	LINE/L2	524	-	61	171458112	26595
chr5	171431517	171631517	harbor1	chr5	171459431	171459823	LINE/L2	851	-	196	171459627	28110
chr5	171431517	171631517	harbor1	chr5	171466710	171466998	LINE/L2	562	-	144	171466854	35337
chr5	171431517	171631517	harbor1	chr5	171504799	171505005	LINE/L2	522	-	103	171504902	73385
chr5	171431517	171631517	harbor1	chr5	171514405	171514984	LINE/L2	1386	-	290	171514695	83178
chr5	171431517	171631517	harbor1	chr5	171526370	171526551	LINE/L2	2319	-	90	171526460	94943
chr5	171431517	171631517	harbor1	chr5	171526861	171527390	LINE/L2	2319	-	264	171527125	95608
chr5	96180165	96380165	harbor1	chr5	96196356	96196941	LINE/L2	715	-	292	96196648	16483
chr5	96180165	96380165	harbor1	chr5	96214546	96214751	LINE/L2	404	-	102	96214648	34483
chr5	164730783	164930783	harbor1	chr5	164728402	164730896	LINE/L2	4679	-	1247	164729649	1134
chr5	164730783	164930783	harbor1	chr5	164747641	164748049	LINE/L2	402	-	204	164747845	17062
chr5	164730783	164930783	harbor1	chr5	164795008	164795524	LINE/L2	616	-	258	164795266	64483
chr5	164730783	164930783	harbor1	chr5	164808413	164808536	LINE/L2	417	-	62	164808475	77692
chr5	104760047	104960047	harbor1	chr5	104859396	104859611	LINE/L2	468	-	108	104859504	99457
chr5	7109963	7309963	harbor1	chr5	7202216	7202922	LINE/L2	1116	-	353	7202569	92606
chr5	7109963	7309963	harbor1	chr5	7203292	7203450	LINE/L2	399	-	79	7203371	93408
chr5	7109963	7309963	harbor1	chr5	7203903	7204558	LINE/L2	1198	-	328	7204231	94268
chr5	7109963	7309963	harbor1	chr5	7204748	7204839	LINE/L2	1198	-	46	7204794	94831
chr5	7109963	7309963	harbor1	chr5	7205389	7205913	LINE/L2	667	-	262	7205651	95688
chr5	7109963	7309963	harbor1	chr5	7206223	7206403	LINE/L2	667	-	90	7206313	96350
chr5	22138530	22338530	harbor1	chr5	22142012	22142295	LINE/L2	642	-	142	22142154	3624
chr5	22138530	22338530	harbor1	chr5	22205222	22205466	LINE/L2	645	-	122	22205344	66814
chr5	92843353	93043353	harbor1	chr5	92898328	92898533	LINE/L2	489	-	102	92898430	55077
chr5	92843353	93043353	harbor1	chr5	92923229	92923415	LINE/L2	443	-	93	92923322	79969
chr5	92843353	93043353	harbor1	chr5	92928909	92929830	LINE/L2	1217	-	460	92929369	86016
chr5	92843353	93043353	harbor1	chr5	92930398	92930550	LINE/L2	1217	-	76	92930474	87121
chr5	92843353	93043353	harbor1	chr5	92935811	92936148	LINE/L2	405	-	168	92935979	92626
chr5	15139137	15339137	harbor1	chr5	15156236	15156578	LINE/L2	449	-	171	15156407	17270
chr5	15139137	15339137	harbor1	chr5	15159252	15159436	LINE/L2	412	-	92	15159344	20207
chr5	15139137	15339137	harbor1	chr5	15161083	15161242	LINE/L2	447	-	80	15161163	22026
chr5	15139137	15339137	harbor1	chr5	15161777	15162998	LINE/L2	3648	-	610	15162387	23250
chr5	15139137	15339137	harbor1	chr5	15163396	15164092	LINE/L2	3648	-	348	15163744	24607
chr5	15139137	15339137	harbor1	chr5	15179722	15180138	LINE/L2	1233	-	208	15179930	40793
chr5	15139137	15339137	harbor1	chr5	15210898	15211180	LINE/L2	593	-	141	15211039	71902
chr5	15139137	15339137	harbor1	chr5	15213008	15214149	LINE/L2	1577	-	570	15213578	74441
chr5	15139137	15339137	harbor1	chr5	15214150	15214483	LINE/L2	410	-	166	15214316	75179
chr5	15139137	15339137	harbor1	chr5	15216501	15216532	LINE/L2	513	-	16	15216517	77380
chr5	15139137	15339137	harbor1	chr5	15216561	15216764	LINE/L2	513	-	102	15216663	77526
chr5	15139137	15339137	harbor1	chr5	15216879	15217519	LINE/L2	1044	-	320	15217199	78062
chr5	51549445	51749445	harbor1	chr5	51587291	51587547	LINE/L2	417	-	128	51587419	37974
chr5	51549445	51749445	harbor1	chr5	51618671	51619616	LINE/L2	1209	-	472	51619143	69698
chr5	95975372	96175372	harbor1	chr5	96045813	96046215	LINE/L2	890	-	201	96046014	70642
chr5	95975372	96175372	harbor1	chr5	96047626	96048054	LINE/L2	504	-	214	96047840	72468
chr5	95975372	96175372	harbor1	chr5	96048157	96048494	LINE/L2	471	-	168	96048325	72953
chr5	95975372	96175372	harbor1	chr5	96070525	96071066	LINE/L2	519	-	270	96070795	95423
chr5	22925057	23125057	harbor1	chr5	22962240	22962650	LINE/L2	449	-	205	22962445	37388
chr5	112373528	112573528	harbor1	chr5	112407831	112407944	LINE/L2	436	-	56	112407887	34359
chr5	157245832	157445832	harbor1	chr5	157246367	157246855	LINE/L2	835	-	244	157246611	779
chr5	157245832	157445832	harbor1	chr5	157257982	157258043	LINE/L2	399	-	30	157258012	12180
chr5	157245832	157445832	harbor1	chr5	157258998	157259212	LINE/L2	399	-	107	157259105	13273
chr5	123076963	123276963	harbor1	chr5	123114717	123114948	LINE/L2	544	-	116	123114833	37870
chr5	123076963	123276963	harbor1	chr5	123117904	123118035	LINE/L2	399	-	66	123117970	41007
chr5	123076963	123276963	harbor1	chr5	123161232	123162123	LINE/L2	1839	-	446	123161678	84715
chr5	59115188	59315188	harbor1	chr5	59154462	59154604	LINE/L2	435	-	71	59154533	39345
chr5	59115188	59315188	harbor1	chr5	59154894	59156225	LINE/L2	435	-	666	59155560	40372
chr5	60655448	60855448	harbor1	chr5	60703404	60704136	LINE/L2	696	-	366	60703770	48322
chr5	60655448	60855448	harbor1	chr5	60723265	60723615	LINE/L2	491	-	175	60723440	67992
chr5	60655448	60855448	harbor1	chr5	60723863	60723876	LINE/L2	444	-	6	60723869	68421
chr5	60655448	60855448	harbor1	chr5	60724173	60724387	LINE/L2	444	-	107	60724280	68832
chr5	60655448	60855448	harbor1	chr5	60746637	60747394	LINE/L2	1490	-	378	60747015	91567
chr5	43783044	43983044	harbor1	chr5	43838139	43838686	LINE/L2	415	-	274	43838413	55369
chr5	43783044	43983044	harbor1	chr5	43838917	43839111	LINE/L2	420	-	97	43839014	55970
chr5	43783044	43983044	harbor1	chr5	43866094	43866555	LINE/L2	495	-	230	43866324	83280
chr5	43783044	43983044	harbor1	chr5	43881842	43883381	LINE/L2	3883	-	770	43882612	99568
chr5	43783044	43983044	harbor1	chr5	43842348	43843731	LINE/L2	1423	-	692	43843040	59996
chr5	111051662	111251662	harbor1	chr5	111084687	111084795	LINE/L2	480	-	54	111084741	33079
chr5	111051662	111251662	harbor1	chr5	111134523	111134644	LINE/L2	445	-	60	111134583	82921
chr5	119385142	119585142	harbor1	chr5	119388989	119389532	LINE/L2	924	-	272	119389261	4119
chr5	119385142	119585142	harbor1	chr5	119460616	119461116	LINE/L2	1056	-	250	119460866	75724
chr5	118312744	118512744	harbor1	chr5	118339077	118339134	LINE/L2	903	-	28	118339105	26361
chr5	118312744	118512744	harbor1	chr5	118339319	118340355	LINE/L2	1639	-	518	118339837	27093
chr5	118312744	118512744	harbor1	chr5	118341138	118341295	LINE/L2	1559	-	78	118341216	28472
chr5	118312744	118512744	harbor1	chr5	118382015	118382508	LINE/L2	616	-	246	118382261	69517
chr5	118312744	118512744	harbor1	chr5	118341594	118342143	LINE/L2	1559	-	274	118341868	29124
chr5	42579741	42779741	harbor1	chr5	42580216	42580446	LINE/L2	452	-	115	42580331	590
chr5	42579741	42779741	harbor1	chr5	42616079	42617025	LINE/L2	2384	-	473	42616552	36811
chr5	41759133	41959133	harbor1	chr5	41818067	41818241	LINE/L2	512	-	87	41818154	59021
chr5	98711181	98911181	harbor1	chr5	98752032	98752505	LINE/L2	562	-	236	98752268	41087
chr5	66900052	67100052	harbor1	chr5	66954439	66954620	LINE/L2	776	-	90	66954529	54477
chr5	66900052	67100052	harbor1	chr5	66955233	66955451	LINE/L2	776	-	109	66955342	55290
chr5	66900052	67100052	harbor1	chr5	66956750	66956976	LINE/L2	536	-	113	66956863	56811
chr5	66900052	67100052	harbor1	chr5	66983980	66984455	LINE/L2	924	-	238	66984218	84166
chr5	66900052	67100052	harbor1	chr5	66984527	66985235	LINE/L2	924	-	354	66984881	84829
chr5	66900052	67100052	harbor1	chr5	66993327	66993786	LINE/L2	622	-	230	66993557	93505
chr5	99495896	99695896	harbor1	chr5	99541709	99544183	LINE/L2	2095	-	1237	99542946	47050
chr5	55663692	55863692	harbor1	chr5	55723896	55724289	LINE/L2	443	-	196	55724092	60400
chr5	65814010	66014010	harbor1	chr5	65861849	65861943	LINE/L2	427	-	47	65861896	47886
chr5	65814010	66014010	harbor1	chr5	65899777	65900417	LINE/L2	549	-	320	65900097	86087
chr5	65814010	66014010	harbor1	chr5	65895846	65896814	LINE/L2	1114	-	484	65896330	82320
chr5	101394276	101594276	harbor1	chr5	101397976	101398469	LINE/L2	578	-	246	101398222	3946
chr5	27914713	28114713	harbor1	chr5	27957245	27957580	LINE/L2	428	-	168	27957413	42700
chr5	143816291	144016291	harbor1	chr5	143875769	143876934	LINE/L2	624	-	582	143876351	60060
chr5	144083314	144283314	harbor1	chr5	144101774	144101995	LINE/L2	406	-	110	144101884	18570
chr5	144083314	144283314	harbor1	chr5	144135022	144135380	LINE/L2	510	-	179	144135201	51887
chr5	69485737	69685737	harbor1	chr5	69502473	69502576	LINE/L2	440	-	52	69502525	16788
chr5	34881711	35081711	harbor1	chr5	34892680	34893427	LINE/L2	856	-	374	34893054	11343
chr5	34881711	35081711	harbor1	chr5	34896511	34896887	LINE/L2	954	-	188	34896699	14988
chr5	34881711	35081711	harbor1	chr5	34920470	34920776	LINE/L2	438	-	153	34920623	38912
chr5	34881711	35081711	harbor1	chr5	34975410	34976055	LINE/L2	437	-	322	34975732	94021
chr5	19031826	19231826	harbor1	chr5	19036000	19036152	LINE/L2	413	-	76	19036076	4250
chr5	121653930	121853930	harbor1	chr5	121705731	121706440	LINE/L2	1370	-	354	121706085	52155
chr5	121653930	121853930	harbor1	chr5	121709483	121709726	LINE/L2	417	-	122	121709605	55675
chr5	121653930	121853930	harbor1	chr5	121740678	121741183	LINE/L2	429	-	252	121740930	87000
chr5	121653930	121853930	harbor1	chr5	121750395	121750701	LINE/L2	468	-	153	121750548	96618
chr5	167474443	167674443	harbor1	chr5	167552837	167552919	LINE/L2	752	-	41	167552878	78435
chr5	167474443	167674443	harbor1	chr5	167552951	167553356	LINE/L2	752	-	202	167553153	78710
chr5	167474443	167674443	harbor1	chr5	167563604	167563614	LINE/L2	735	-	5	167563609	89166
chr5	167474443	167674443	harbor1	chr5	167564002	167564545	LINE/L2	874	-	272	167564274	89831
chr5	167474443	167674443	harbor1	chr5	167565010	167565144	LINE/L2	874	-	67	167565077	90634
chr5	167474443	167674443	harbor1	chr5	167568401	167568525	LINE/L2	414	-	62	167568463	94020
chr5	128832174	129032174	harbor1	chr5	128840741	128841356	LINE/L2	423	-	308	128841049	8875
chr5	128832174	129032174	harbor1	chr5	128886396	128886764	LINE/L2	985	-	184	128886580	54406
chr5	115531756	115731756	harbor1	chr5	115585732	115586608	LINE/L2	1140	-	438	115586170	54414
chr5	115531756	115731756	harbor1	chr5	115587539	115588020	LINE/L2	477	-	240	115587779	56023
chr5	115531756	115731756	harbor1	chr5	115599674	115600914	LINE/L2	2070	-	620	115600294	68538
chr5	17635028	17835028	harbor1	chr5	17692447	17692807	LINE/L2	529	-	180	17692627	57599
chr5	17635028	17835028	harbor1	chr5	17693101	17693250	LINE/L2	529	-	74	17693175	58147
chr5	37872064	38072064	harbor1	chr5	37884296	37884406	LINE/L2	439	-	55	37884351	12287
chr5	37872064	38072064	harbor1	chr5	37903220	37903581	LINE/L2	932	-	180	37903400	31336
chr5	37872064	38072064	harbor1	chr5	37903858	37903873	LINE/L2	498	-	8	37903866	31802
chr5	37872064	38072064	harbor1	chr5	37904279	37904522	LINE/L2	498	-	122	37904401	32337
chr5	37872064	38072064	harbor1	chr5	37913179	37913438	LINE/L2	507	-	130	37913309	41245
chr5	37872064	38072064	harbor1	chr5	37950192	37950591	LINE/L2	485	-	200	37950392	78328
chr5	145621028	145821028	harbor1	chr5	145694961	145695445	LINE/L2	613	-	242	145695203	74175
chr5	145857003	146057003	harbor1	chr5	145863894	145864440	LINE/L2	467	-	273	145864167	7164
chr5	145857003	146057003	harbor1	chr5	145901411	145902071	LINE/L2	1007	-	330	145901741	44738
chr5	145857003	146057003	harbor1	chr5	145906682	145907246	LINE/L2	1301	-	282	145906964	49961
chr5	145857003	146057003	harbor1	chr5	145907541	145908015	LINE/L2	1301	-	237	145907778	50775
chr5	145857003	146057003	harbor1	chr5	145912391	145912981	LINE/L2	692	-	295	145912686	55683
chr5	145857003	146057003	harbor1	chr5	145932652	145933247	LINE/L2	477	-	298	145932950	75947
chr5	65171456	65371456	harbor1	chr5	65246357	65246739	LINE/L2	725	-	191	65246548	75092
chr5	65171456	65371456	harbor1	chr5	65258111	65259074	LINE/L2	3314	-	482	65258593	87137
chr5	65171456	65371456	harbor1	chr5	65259413	65259797	LINE/L2	3314	-	192	65259605	88149
chr5	65171456	65371456	harbor1	chr5	65259801	65260435	LINE/L2	1604	-	317	65260118	88662
chr5	118381448	118581448	harbor1	chr5	118382015	118382508	LINE/L2	616	-	246	118382261	813
chr5	118381448	118581448	harbor1	chr5	118447347	118447963	LINE/L2	670	-	308	118447655	66207
chr5	63242813	63442813	harbor1	chr5	63299882	63300093	LINE/L2	473	-	106	63299988	57175
chr5	13694257	13894257	harbor1	chr5	13724998	13725440	LINE/L2	481	-	221	13725219	30962
chr5	114800153	115000153	harbor1	chr5	114873727	114874378	LINE/L2	755	-	326	114874053	73900
chr5	112236126	112436126	harbor1	chr5	112303432	112303889	LINE/L2	546	-	228	112303660	67534
chr5	52930151	53130151	harbor1	chr5	52995178	52996167	LINE/L2	881	-	494	52995672	65521
chr5	52930151	53130151	harbor1	chr5	53006588	53006681	LINE/L2	432	-	46	53006634	76483
chr5	52930151	53130151	harbor1	chr5	53024459	53024903	LINE/L2	642	-	222	53024681	94530
chr5	109617531	109817531	harbor1	chr5	109681946	109682127	LINE/L2	526	-	90	109682036	64505
chr5	109617531	109817531	harbor1	chr5	109707763	109708460	LINE/L2	1410	-	348	109708111	90580
chr5	17685819	17885819	harbor1	chr5	17692447	17692807	LINE/L2	529	-	180	17692627	6808
chr5	17685819	17885819	harbor1	chr5	17693101	17693250	LINE/L2	529	-	74	17693175	7356
chr5	17685819	17885819	harbor1	chr5	17745478	17746229	LINE/L2	2117	-	376	17745854	60035
chr5	17685819	17885819	harbor1	chr5	17746537	17747092	LINE/L2	2117	-	278	17746815	60996
chr5	17685819	17885819	harbor1	chr5	17747313	17747708	LINE/L2	746	-	198	17747511	61692
chr5	17685819	17885819	harbor1	chr5	17748126	17748521	LINE/L2	780	-	198	17748324	62505
chr5	87820412	88020412	harbor1	chr5	87832907	87833074	LINE/L2	427	-	84	87832991	12579
chr5	130990269	131190269	harbor1	chr5	131021870	131022359	LINE/L2	1195	-	244	131022114	31845
chr5	107909962	108109962	harbor1	chr5	107923761	107924054	LINE/L2	692	-	146	107923907	13945
chr5	107909962	108109962	harbor1	chr5	107960778	107961150	LINE/L2	425	-	186	107960964	51002
chr5	131721269	131921269	harbor1	chr5	131754863	131755138	LINE/L2	424	-	138	131755001	33732
chr5	131721269	131921269	harbor1	chr5	131755451	131755726	LINE/L2	424	-	138	131755589	34320
chr5	131721269	131921269	harbor1	chr5	131756024	131756217	LINE/L2	424	-	96	131756120	34851
chr5	131721269	131921269	harbor1	chr5	131786211	131786414	LINE/L2	544	-	102	131786313	65044
chr5	131721269	131921269	harbor1	chr5	131800782	131801716	LINE/L2	1922	-	467	131801249	79980
chr5	131721269	131921269	harbor1	chr5	131802030	131802510	LINE/L2	1922	-	240	131802270	81001
chr5	131721269	131921269	harbor1	chr5	131802717	131802848	LINE/L2	432	-	66	131802783	81514
chr5	131721269	131921269	harbor1	chr5	131803174	131803218	LINE/L2	432	-	22	131803196	81927
chr5	131721269	131921269	harbor1	chr5	131803820	131804422	LINE/L2	723	-	301	131804121	82852
chr5	45648147	45848147	harbor1	chr5	45669229	45669662	LINE/L2	461	-	216	45669445	21298
chr5	45648147	45848147	harbor1	chr5	45689507	45689858	LINE/L2	434	-	176	45689683	41536
chr5	45648147	45848147	harbor1	chr5	45720518	45720733	LINE/L2	552	-	108	45720626	72479
chr5	45648147	45848147	harbor1	chr5	45720791	45721052	LINE/L2	659	-	130	45720921	72774
chr5	45648147	45848147	harbor1	chr5	45723819	45724248	LINE/L2	1051	-	214	45724033	75886
chr5	45648147	45848147	harbor1	chr5	45738073	45738442	LINE/L2	580	-	184	45738257	90110
chr5	116224122	116424122	harbor1	chr5	116233035	116233107	LINE/L2	1397	-	36	116233071	8949
chr5	116224122	116424122	harbor1	chr5	116233442	116233903	LINE/L2	1397	-	230	116233672	9550
chr5	116224122	116424122	harbor1	chr5	116236976	116237331	LINE/L2	898	-	178	116237154	13032
chr5	116224122	116424122	harbor1	chr5	116296160	116296590	LINE/L2	675	-	215	116296375	72253
chr5	149875079	150075079	harbor1	chr5	149936862	149937372	LINE/L2	699	-	255	149937117	62038
chr5	149875079	150075079	harbor1	chr5	149941162	149941266	LINE/L2	401	-	52	149941214	66135
chr5	149875079	150075079	harbor1	chr5	149962848	149963038	LINE/L2	482	-	95	149962943	87864
chr5	149875079	150075079	harbor1	chr5	149969971	149970225	LINE/L2	689	-	127	149970098	95019
chr5	149875079	150075079	harbor1	chr5	149970529	149970665	LINE/L2	689	-	68	149970597	95518
chr5	24059798	24259798	harbor1	chr5	24076270	24076623	LINE/L2	456	-	176	24076446	16648
chr5	137122856	137322856	harbor1	chr5	137163172	137163293	LINE/L2	487	-	60	137163232	40376
chr5	112647473	112847473	harbor1	chr5	112706066	112706453	LINE/L2	465	-	194	112706260	58787
chr5	112647473	112847473	harbor1	chr5	112720531	112721131	LINE/L2	1097	-	300	112720831	73358
chr5	112647473	112847473	harbor1	chr5	112721441	112721766	LINE/L2	1097	-	162	112721603	74130
chr5	112647473	112847473	harbor1	chr5	112722006	112722169	LINE/L2	479	-	82	112722088	74615
chr5	112647473	112847473	harbor1	chr5	112724411	112724862	LINE/L2	416	-	226	112724637	77164
chr5	112647473	112847473	harbor1	chr5	112729175	112729646	LINE/L2	480	-	236	112729411	81938
chr5	33107989	33307989	harbor1	chr5	33176418	33176913	LINE/L2	946	-	248	33176666	68677
chr5	107669862	107869862	harbor1	chr5	107683670	107684218	LINE/L2	1592	-	274	107683944	14082
chr5	107669862	107869862	harbor1	chr5	107684520	107684644	LINE/L2	592	-	62	107684582	14720
chr5	107669862	107869862	harbor1	chr5	107744480	107744864	LINE/L2	509	-	192	107744672	74810
chr5	107669862	107869862	harbor1	chr5	107744926	107745047	LINE/L2	525	-	60	107744986	75124
chr5	22312254	22512254	harbor1	chr5	22395612	22395906	LINE/L2	732	-	147	22395759	83505
chr5	127092167	127292167	harbor1	chr5	127127247	127127365	LINE/L2	703	-	59	127127306	35139
chr5	127092167	127292167	harbor1	chr5	127127529	127127867	LINE/L2	703	-	169	127127698	35531
chr5	32301632	32501632	harbor1	chr5	32401234	32401768	LINE/L2	556	-	267	32401501	99869
chr5	50283460	50483460	harbor1	chr5	50361830	50361973	LINE/L2	591	-	72	50361902	78442
chr5	162383375	162583375	harbor1	chr5	162427956	162428294	LINE/L2	483	-	169	162428125	44750
chr5	136067757	136267757	harbor1	chr5	136069310	136070139	LINE/L2	1538	-	414	136069724	1967
chr5	136067757	136267757	harbor1	chr5	136077613	136077789	LINE/L2	470	-	88	136077701	9944
chr5	136067757	136267757	harbor1	chr5	136102096	136102297	LINE/L2	446	-	100	136102196	34439
chr5	136067757	136267757	harbor1	chr5	136125669	136126270	LINE/L2	459	-	300	136125969	58212
chr5	136067757	136267757	harbor1	chr5	136127009	136127159	LINE/L2	492	-	75	136127084	59327
chr5	136067757	136267757	harbor1	chr5	136131750	136131900	LINE/L2	609	-	75	136131825	64068
chr5	136067757	136267757	harbor1	chr5	136142070	136142328	LINE/L2	512	-	129	136142199	74442
chr5	136067757	136267757	harbor1	chr5	136151147	136151589	LINE/L2	885	-	221	136151368	83611
chr5	91003990	91203990	harbor1	chr5	91031778	91032434	LINE/L2	1272	-	328	91032106	28116
chr5	91003990	91203990	harbor1	chr5	91038130	91038632	LINE/L2	683	-	251	91038381	34391
chr5	91003990	91203990	harbor1	chr5	91093484	91093671	LINE/L2	463	-	94	91093578	89588
chr5	103312636	103512636	harbor1	chr5	103314431	103315739	LINE/L2	805	-	654	103315085	2449
chr5	103312636	103512636	harbor1	chr5	103351792	103352621	LINE/L2	927	-	414	103352206	39570
chr5	103312636	103512636	harbor1	chr5	103363736	103364309	LINE/L2	1221	-	286	103364022	51386
chr5	103312636	103512636	harbor1	chr5	103403299	103403527	LINE/L2	525	-	114	103403413	90777
chr5	75524268	75724268	harbor1	chr5	75543373	75543596	LINE/L2	867	-	112	75543485	19217
chr5	75524268	75724268	harbor1	chr5	75585331	75585613	LINE/L2	579	-	141	75585472	61204
chr5	75524268	75724268	harbor1	chr5	75608124	75608197	LINE/L2	737	-	36	75608160	83892
chr5	75524268	75724268	harbor1	chr5	75608495	75608878	LINE/L2	737	-	192	75608687	84419
chr5	75524268	75724268	harbor1	chr5	75612565	75612778	LINE/L2	421	-	106	75612671	88403
chr5	75524268	75724268	harbor1	chr5	75613352	75613757	LINE/L2	599	-	202	75613554	89286
chr5	75524268	75724268	harbor1	chr5	75614796	75614968	LINE/L2	511	-	86	75614882	90614
chr5	75524268	75724268	harbor1	chr5	75615059	75615451	LINE/L2	1137	-	196	75615255	90987
chr5	43382296	43582296	harbor1	chr5	43452828	43452932	LINE/L2	457	-	52	43452880	70584
chr5	27068287	27268287	harbor1	chr5	27134926	27135487	LINE/L2	467	-	280	27135206	66919
chr5	27068287	27268287	harbor1	chr5	27135577	27136056	LINE/L2	925	-	240	27135817	67530
chr5	27068287	27268287	harbor1	chr5	27136795	27136847	LINE/L2	460	-	26	27136821	68534
chr5	27068287	27268287	harbor1	chr5	27137126	27137524	LINE/L2	460	-	199	27137325	69038
chr5	94389696	94589696	harbor1	chr5	94431406	94431752	LINE/L2	525	-	173	94431579	41883
chr5	94389696	94589696	harbor1	chr5	94446205	94447502	LINE/L2	943	-	648	94446853	57157
chr5	94389696	94589696	harbor1	chr5	94454587	94455353	LINE/L2	445	-	383	94454970	65274
chr5	44656601	44856601	harbor1	chr5	44677005	44677497	LINE/L2	418	-	246	44677251	20650
chr5	163626041	163826041	harbor1	chr5	163711855	163712660	LINE/L2	1605	-	402	163712257	86216
chr6	148689440	148889440	harbor1	chr6	148709700	148709986	LINE/L2	727	-	143	148709843	20403
chr6	148689440	148889440	harbor1	chr6	148741374	148741994	LINE/L2	1287	-	310	148741684	52244
chr6	148689440	148889440	harbor1	chr6	148743612	148744382	LINE/L2	821	-	385	148743997	54557
chr6	148689440	148889440	harbor1	chr6	148770224	148770556	LINE/L2	469	-	166	148770390	80950
chr6	36703408	36903408	harbor1	chr6	36719442	36719952	LINE/L2	1144	-	255	36719697	16289
chr6	36703408	36903408	harbor1	chr6	36760391	36760836	LINE/L2	428	-	222	36760613	57205
chr6	89407233	89607233	harbor1	chr6	89419888	89420193	LINE/L2	439	-	152	89420040	12807
chr6	89407233	89607233	harbor1	chr6	89471378	89471831	LINE/L2	960	-	226	89471604	64371
chr6	89407233	89607233	harbor1	chr6	89503567	89504261	LINE/L2	1183	-	347	89503914	96681
chr6	8867257	9067257	harbor1	chr6	8927828	8927980	LINE/L2	417	-	76	8927904	60647
chr6	27159620	27359620	harbor1	chr6	27246840	27247118	LINE/L2	710	-	139	27246979	87359
chr6	27159620	27359620	harbor1	chr6	27246103	27246815	LINE/L2	939	-	356	27246459	86839
chr6	29529982	29729982	harbor1	chr6	29547817	29548503	LINE/L2	4421	-	343	29548160	18178
chr6	29529982	29729982	harbor1	chr6	29548848	29549784	LINE/L2	4421	-	468	29549316	19334
chr6	29529982	29729982	harbor1	chr6	29549802	29550008	LINE/L2	535	-	103	29549905	19923
chr6	153930576	154130576	harbor1	chr6	154014194	154014381	LINE/L2	447	-	94	154014288	83712
chr6	163018289	163218289	harbor1	chr6	163055031	163055223	LINE/L2	508	-	96	163055127	36838
chr6	125727586	125927586	harbor1	chr6	125784216	125784372	LINE/L2	494	-	78	125784294	56708
chr6	153428299	153628299	harbor1	chr6	153474238	153475301	LINE/L2	1694	-	532	153474770	46471
chr6	153428299	153628299	harbor1	chr6	153475463	153475749	LINE/L2	1694	-	143	153475606	47307
chr6	61730792	61930792	harbor1	chr6	61752605	61752900	LINE/L2	625	-	148	61752753	21961
chr6	61730792	61930792	harbor1	chr6	61820233	61820520	LINE/L2	452	-	144	61820377	89585
chr6	160738745	160938745	harbor1	chr6	160806236	160806652	LINE/L2	520	-	208	160806444	67699
chr6	74419851	74619851	harbor1	chr6	74476239	74476614	LINE/L2	567	-	188	74476427	56576
chr6	152968030	153168030	harbor1	chr6	152980529	152980844	LINE/L2	555	-	158	152980687	12657
chr6	98276776	98476776	harbor1	chr6	98304806	98305208	LINE/L2	566	-	201	98305007	28231
chr6	98276776	98476776	harbor1	chr6	98346697	98346991	LINE/L2	528	-	147	98346844	70068
chr6	98276776	98476776	harbor1	chr6	98367492	98367971	LINE/L2	579	-	240	98367732	90956
chr6	110637617	110837617	harbor1	chr6	110642375	110642589	LINE/L2	778	-	107	110642482	4865
chr6	110637617	110837617	harbor1	chr6	110664602	110665506	LINE/L2	466	-	452	110665054	27437
chr6	25022521	25222521	harbor1	chr6	25055140	25055228	LINE/L2	428	-	44	25055184	32663
chr6	25022521	25222521	harbor1	chr6	25055851	25056147	LINE/L2	428	-	148	25055999	33478
chr6	25022521	25222521	harbor1	chr6	25088071	25088615	LINE/L2	525	-	272	25088343	65822
chr6	25022521	25222521	harbor1	chr6	25107072	25107568	LINE/L2	1068	-	248	25107320	84799
chr6	62461566	62661566	harbor1	chr6	62510172	62510489	LINE/L2	489	-	158	62510330	48764
chr6	62461566	62661566	harbor1	chr6	62540435	62540798	LINE/L2	451	-	182	62540617	79051
chr6	9477553	9677553	harbor1	chr6	9545830	9547020	LINE/L2	828	-	595	9546425	68872
chr6	132745761	132945761	harbor1	chr6	132833886	132833949	LINE/L2	450	-	32	132833918	88157
chr6	132745761	132945761	harbor1	chr6	132834252	132834360	LINE/L2	450	-	54	132834306	88545
chr6	117895445	118095445	harbor1	chr6	117894878	117895898	LINE/L2	1260	-	510	117895388	57
chr6	117895445	118095445	harbor1	chr6	117895981	117896285	LINE/L2	1446	-	152	117896133	688
chr6	117895445	118095445	harbor1	chr6	117896700	117897004	LINE/L2	1446	-	152	117896852	1407
chr6	117895445	118095445	harbor1	chr6	117897618	117897841	LINE/L2	1446	-	112	117897730	2285
chr6	117895445	118095445	harbor1	chr6	117898245	117898654	LINE/L2	1446	-	204	117898449	3004
chr6	117895445	118095445	harbor1	chr6	117898969	117899134	LINE/L2	1446	-	82	117899051	3606
chr6	117895445	118095445	harbor1	chr6	117916863	117918649	LINE/L2	2138	-	893	117917756	22311
chr6	117895445	118095445	harbor1	chr6	117926567	117926887	LINE/L2	432	-	160	117926727	31282
chr6	117895445	118095445	harbor1	chr6	117944940	117945170	LINE/L2	696	-	115	117945055	49610
chr6	117895445	118095445	harbor1	chr6	117946887	117947830	LINE/L2	1620	-	472	117947359	51914
chr6	117895445	118095445	harbor1	chr6	117980547	117980878	LINE/L2	424	-	166	117980713	85268
chr6	113165636	113365636	harbor1	chr6	113183878	113184360	LINE/L2	474	-	241	113184119	18483
chr6	113165636	113365636	harbor1	chr6	113185048	113185465	LINE/L2	567	-	208	113185256	19620
chr6	6379237	6579237	harbor1	chr6	6382309	6382471	LINE/L2	507	-	81	6382390	3153
chr6	6379237	6579237	harbor1	chr6	6382880	6383402	LINE/L2	507	-	261	6383141	3904
chr6	6379237	6579237	harbor1	chr6	6396636	6396897	LINE/L2	444	-	130	6396766	17529
chr6	6379237	6579237	harbor1	chr6	6447968	6448419	LINE/L2	907	-	226	6448194	68957
chr6	103904024	104104024	harbor1	chr6	103940695	103942093	LINE/L2	4138	-	699	103941394	37370
chr6	103904024	104104024	harbor1	chr6	103942406	103942742	LINE/L2	4138	-	168	103942574	38550
chr6	103904024	104104024	harbor1	chr6	103939823	103940298	LINE/L2	4138	-	238	103940061	36037
chr6	73413880	73613880	harbor1	chr6	73443844	73443997	LINE/L2	975	-	76	73443920	30040
chr6	73413880	73613880	harbor1	chr6	73444288	73444311	LINE/L2	975	-	12	73444300	30420
chr6	73413880	73613880	harbor1	chr6	73444608	73445189	LINE/L2	975	-	290	73444898	31018
chr6	80477025	80677025	harbor1	chr6	80543239	80543353	LINE/L2	510	-	57	80543296	66271
chr6	108788723	108988723	harbor1	chr6	108802540	108804671	LINE/L2	4531	-	1066	108803606	14883
chr6	108788723	108988723	harbor1	chr6	108870787	108871239	LINE/L2	675	-	226	108871013	82290
chr6	165141769	165341769	harbor1	chr6	165222954	165223687	LINE/L2	735	-	366	165223320	81551
chr6	165141769	165341769	harbor1	chr6	165223882	165224242	LINE/L2	647	-	180	165224062	82293
chr6	71573459	71773459	harbor1	chr6	71639056	71639383	LINE/L2	573	-	164	71639220	65761
chr6	88558850	88758850	harbor1	chr6	88606022	88606285	LINE/L2	514	-	132	88606154	47304
chr6	88558850	88758850	harbor1	chr6	88604665	88605851	LINE/L2	2007	-	593	88605258	46408
chr6	57448002	57648002	harbor1	chr6	57503091	57503279	LINE/L2	517	-	94	57503185	55183
chr6	57448002	57648002	harbor1	chr6	57511698	57512014	LINE/L2	499	-	158	57511856	63854
chr6	57448002	57648002	harbor1	chr6	57533754	57533941	LINE/L2	579	-	94	57533848	85846
chr6	117523503	117723503	harbor1	chr6	117591382	117591762	LINE/L2	419	-	190	117591572	68069
chr6	100740193	100940193	harbor1	chr6	100777352	100778297	LINE/L2	1099	-	472	100777824	37631
chr6	152454466	152654466	harbor1	chr6	152477156	152477520	LINE/L2	759	-	182	152477338	22872
chr6	152454466	152654466	harbor1	chr6	152477762	152477816	LINE/L2	3965	-	27	152477789	23323
chr6	152454466	152654466	harbor1	chr6	152478062	152479377	LINE/L2	3965	-	658	152478720	24254
chr6	50922904	51122904	harbor1	chr6	50928905	50929064	LINE/L2	487	-	80	50928985	6081
chr6	50922904	51122904	harbor1	chr6	50962297	50963046	LINE/L2	1189	-	374	50962671	39767
chr6	50922904	51122904	harbor1	chr6	50965279	50966161	LINE/L2	2204	-	441	50965720	42816
chr6	50922904	51122904	harbor1	chr6	50980795	50980928	LINE/L2	800	-	66	50980861	57957
chr6	50922904	51122904	harbor1	chr6	50980965	50981147	LINE/L2	800	-	91	50981056	58152
chr6	81785581	81985581	harbor1	chr6	81789781	81790352	LINE/L2	853	-	286	81790067	4486
chr6	81785581	81985581	harbor1	chr6	81876369	81876919	LINE/L2	437	-	275	81876644	91063
chr6	81785581	81985581	harbor1	chr6	81876923	81877038	LINE/L2	531	-	58	81876981	91400
chr6	81785581	81985581	harbor1	chr6	81878310	81878879	LINE/L2	610	-	284	81878594	93013
chr6	81785581	81985581	harbor1	chr6	81879193	81879580	LINE/L2	610	-	194	81879387	93806
chr6	81785581	81985581	harbor1	chr6	81879871	81880031	LINE/L2	610	-	80	81879951	94370
chr6	81785581	81985581	harbor1	chr6	81882612	81883033	LINE/L2	463	-	210	81882822	97241
chr6	161034486	161234486	harbor1	chr6	161068062	161068434	LINE/L2	479	-	186	161068248	33762
chr6	141986311	142186311	harbor1	chr6	142033892	142034555	LINE/L2	956	-	332	142034224	47913
chr6	141986311	142186311	harbor1	chr6	142034568	142035153	LINE/L2	1100	-	292	142034860	48549
chr6	141986311	142186311	harbor1	chr6	142059555	142059770	LINE/L2	590	-	108	142059663	73352
chr6	141986311	142186311	harbor1	chr6	142060061	142060811	LINE/L2	1092	-	375	142060436	74125
chr6	60875370	61075370	harbor1	chr6	60939499	60940055	LINE/L2	681	-	278	60939777	64407
chr6	60875370	61075370	harbor1	chr6	60940454	60940572	LINE/L2	433	-	59	60940513	65143
chr6	98759920	98959920	harbor1	chr6	98778854	98779094	LINE/L2	427	-	120	98778974	19054
chr6	98759920	98959920	harbor1	chr6	98784623	98785449	LINE/L2	448	-	413	98785036	25116
chr6	98759920	98959920	harbor1	chr6	98803596	98804443	LINE/L2	1462	-	424	98804020	44100
chr6	109462889	109662889	harbor1	chr6	109485086	109485477	LINE/L2	1094	-	196	109485282	22393
chr6	109462889	109662889	harbor1	chr6	109487234	109487849	LINE/L2	1010	-	308	109487542	24653
chr6	155632587	155832587	harbor1	chr6	155678941	155679201	LINE/L2	538	-	130	155679071	46484
chr6	54694823	54894823	harbor1	chr6	54730090	54730513	LINE/L2	563	-	212	54730302	35479
chr6	102529509	102729509	harbor1	chr6	102554959	102555190	LINE/L2	906	-	116	102555075	25566
chr6	102529509	102729509	harbor1	chr6	102555237	102555438	LINE/L2	906	-	100	102555337	25828
chr6	113974501	114174501	harbor1	chr6	114064578	114065025	LINE/L2	548	-	224	114064802	90301
chr6	45111403	45311403	harbor1	chr6	45114187	45114394	LINE/L2	576	-	104	45114291	2888
chr6	45111403	45311403	harbor1	chr6	45206084	45207163	LINE/L2	1149	-	540	45206624	95221
chr6	45111403	45311403	harbor1	chr6	45207186	45207427	LINE/L2	480	-	120	45207306	95903
chr6	5624982	5824982	harbor1	chr6	5660797	5662013	LINE/L2	884	-	608	5661405	36423
chr6	5624982	5824982	harbor1	chr6	5682632	5683389	LINE/L2	594	-	378	5683010	58028
chr6	44780389	44980389	harbor1	chr6	44792044	44792621	LINE/L2	1425	-	288	44792332	11943
chr6	44780389	44980389	harbor1	chr6	44792910	44793369	LINE/L2	1425	-	230	44793140	12751
chr6	44780389	44980389	harbor1	chr6	44820570	44820855	LINE/L2	893	-	142	44820712	40323
chr6	44780389	44980389	harbor1	chr6	44841810	44842102	LINE/L2	607	-	146	44841956	61567
chr6	44780389	44980389	harbor1	chr6	44863182	44863683	LINE/L2	1099	-	250	44863432	83043
chr6	82976216	83176216	harbor1	chr6	83035878	83035992	LINE/L2	525	-	57	83035935	59719
chr6	453657	653657	harbor1	chr6	462555	462986	LINE/L2	432	-	216	462771	9114
chr6	30123827	30323827	harbor1	chr6	30140732	30141002	LINE/L2	544	-	135	30140867	17040
chr6	30123827	30323827	harbor1	chr6	30141347	30141605	LINE/L2	544	-	129	30141476	17649
chr6	30123827	30323827	harbor1	chr6	30184455	30184756	LINE/L2	445	-	150	30184605	60778
chr6	30123827	30323827	harbor1	chr6	30190963	30191152	LINE/L2	467	-	94	30191057	67230
chr6	30123827	30323827	harbor1	chr6	30191332	30191618	LINE/L2	658	-	143	30191475	67648
chr6	99732432	99932432	harbor1	chr6	99763393	99763825	LINE/L2	816	-	216	99763609	31177
chr6	99732432	99932432	harbor1	chr6	99793494	99793707	LINE/L2	512	-	106	99793600	61168
chr6	3943555	4143555	harbor1	chr6	4009662	4009801	LINE/L2	427	-	70	4009732	66177
chr6	3943555	4143555	harbor1	chr6	4010101	4010519	LINE/L2	432	-	209	4010310	66755
chr6	3943555	4143555	harbor1	chr6	4026631	4027145	LINE/L2	1104	-	257	4026888	83333
chr6	24247705	24447705	harbor1	chr6	24315487	24316492	LINE/L2	1178	-	502	24315989	68284
chr6	24247705	24447705	harbor1	chr6	24332784	24333192	LINE/L2	644	-	204	24332988	85283
chr6	138798632	138998632	harbor1	chr6	138821667	138821813	LINE/L2	527	-	73	138821740	23108
chr6	138798632	138998632	harbor1	chr6	138825085	138825233	LINE/L2	485	-	74	138825159	26527
chr6	54697121	54897121	harbor1	chr6	54730090	54730513	LINE/L2	563	-	212	54730302	33181
chr6	71028237	71228237	harbor1	chr6	71035711	71036247	LINE/L2	444	-	268	71035979	7742
chr6	71028237	71228237	harbor1	chr6	71038721	71039199	LINE/L2	518	-	239	71038960	10723
chr6	71028237	71228237	harbor1	chr6	71073852	71074084	LINE/L2	490	-	116	71073968	45731
chr6	7229988	7429988	harbor1	chr6	7328211	7328560	LINE/L2	495	-	174	7328385	98397
chr6	7229988	7429988	harbor1	chr6	7329279	7329644	LINE/L2	659	-	182	7329461	99473
chr6	125933489	126133489	harbor1	chr6	125943031	125943301	LINE/L2	596	-	135	125943166	9677
chr6	125933489	126133489	harbor1	chr6	125945614	125946547	LINE/L2	2670	-	466	125946080	12591
chr6	125933489	126133489	harbor1	chr6	125951405	125952653	LINE/L2	3876	-	624	125952029	18540
chr6	125933489	126133489	harbor1	chr6	125957963	125958651	LINE/L2	1457	-	344	125958307	24818
chr6	125933489	126133489	harbor1	chr6	125960656	125960748	LINE/L2	1457	-	46	125960702	27213
chr6	125933489	126133489	harbor1	chr6	125987044	125987352	LINE/L2	504	-	154	125987198	53709
chr6	125933489	126133489	harbor1	chr6	125987369	125988463	LINE/L2	470	-	547	125987916	54427
chr6	125933489	126133489	harbor1	chr6	125943551	125943930	LINE/L2	596	-	190	125943741	10252
chr6	125933489	126133489	harbor1	chr6	125958906	125960377	LINE/L2	1457	-	736	125959642	26153
chr6	24052026	24252026	harbor1	chr6	24063532	24064458	LINE/L2	709	-	463	24063995	11969
chr6	24052026	24252026	harbor1	chr6	24090388	24090819	LINE/L2	523	-	216	24090604	38578
chr6	24052026	24252026	harbor1	chr6	24129405	24129646	LINE/L2	547	-	120	24129525	77499
chr6	24052026	24252026	harbor1	chr6	24135038	24135574	LINE/L2	717	-	268	24135306	83280
chr6	24052026	24252026	harbor1	chr6	24135627	24135882	LINE/L2	527	-	128	24135755	83729
chr6	24052026	24252026	harbor1	chr6	24137447	24137534	LINE/L2	485	-	44	24137491	85465
chr6	24052026	24252026	harbor1	chr6	24137730	24138074	LINE/L2	485	-	172	24137902	85876
chr6	24052026	24252026	harbor1	chr6	24139246	24139776	LINE/L2	456	-	265	24139511	87485
chr6	24052026	24252026	harbor1	chr6	24139930	24140286	LINE/L2	456	-	178	24140108	88082
chr6	6773892	6973892	harbor1	chr6	6853435	6853536	LINE/L2	538	-	50	6853485	79593
chr6	6773892	6973892	harbor1	chr6	6853854	6853908	LINE/L2	538	-	27	6853881	79989
chr6	6773892	6973892	harbor1	chr6	6855443	6855661	LINE/L2	691	-	109	6855552	81660
chr6	6773892	6973892	harbor1	chr6	6855780	6855792	LINE/L2	691	-	6	6855786	81894
chr6	6773892	6973892	harbor1	chr6	6856398	6856654	LINE/L2	691	-	128	6856526	82634
chr6	135902251	136102251	harbor1	chr6	135964715	135964864	LINE/L2	498	-	74	135964789	62538
chr6	135902251	136102251	harbor1	chr6	135965155	135965437	LINE/L2	646	-	141	135965296	63045
chr6	135902251	136102251	harbor1	chr6	135965792	135965989	LINE/L2	646	-	98	135965890	63639
chr6	135902251	136102251	harbor1	chr6	135970044	135970454	LINE/L2	960	-	205	135970249	67998
chr6	135902251	136102251	harbor1	chr6	135970618	135970974	LINE/L2	960	-	178	135970796	68545
chr6	85001241	85201241	harbor1	chr6	85031395	85032028	LINE/L2	1568	-	316	85031711	30470
chr6	85001241	85201241	harbor1	chr6	85041015	85041105	LINE/L2	448	-	45	85041060	39819
chr6	85001241	85201241	harbor1	chr6	85091659	85092285	LINE/L2	869	-	313	85091972	90731
chr6	70568469	70768469	harbor1	chr6	70586624	70586842	LINE/L2	466	-	109	70586733	18264
chr6	70568469	70768469	harbor1	chr6	70644515	70645031	LINE/L2	712	-	258	70644773	76304
chr6	70568469	70768469	harbor1	chr6	70645320	70645705	LINE/L2	712	-	192	70645512	77043
chr6	70568469	70768469	harbor1	chr6	70646097	70646199	LINE/L2	712	-	51	70646148	77679
chr6	134023350	134223350	harbor1	chr6	134030617	134031109	LINE/L2	1146	-	246	134030863	7513
chr6	134023350	134223350	harbor1	chr6	134031419	134031990	LINE/L2	1146	-	286	134031705	8355
chr6	134023350	134223350	harbor1	chr6	134032978	134033221	LINE/L2	479	-	122	134033100	9750
chr6	134023350	134223350	harbor1	chr6	134077406	134077644	LINE/L2	426	-	119	134077525	54175
chr6	134023350	134223350	harbor1	chr6	134077645	134077941	LINE/L2	817	-	148	134077793	54443
chr6	134023350	134223350	harbor1	chr6	134084492	134084651	LINE/L2	459	-	80	134084572	61222
chr6	132818469	133018469	harbor1	chr6	132833886	132833949	LINE/L2	450	-	32	132833918	15449
chr6	132818469	133018469	harbor1	chr6	132834252	132834360	LINE/L2	450	-	54	132834306	15837
chr6	132818469	133018469	harbor1	chr6	132887245	132887393	LINE/L2	458	-	74	132887319	68850
chr6	132818469	133018469	harbor1	chr6	132910848	132911380	LINE/L2	1118	-	266	132911114	92645
chr6	132818469	133018469	harbor1	chr6	132915098	132915258	LINE/L2	474	-	80	132915178	96709
chr6	125456439	125656439	harbor1	chr6	125477516	125478577	LINE/L2	2438	-	530	125478046	21607
chr6	125456439	125656439	harbor1	chr6	125555907	125556049	LINE/L2	500	-	71	125555978	99539
chr6	125456439	125656439	harbor1	chr6	125468465	125468680	LINE/L2	504	-	108	125468573	12134
chr6	125456439	125656439	harbor1	chr6	125484448	125485299	LINE/L2	1608	-	426	125484874	28435
chr6	5304745	5504745	harbor1	chr6	5314015	5314329	LINE/L2	437	-	157	5314172	9427
chr6	5304745	5504745	harbor1	chr6	5386282	5387063	LINE/L2	615	-	390	5386672	81927
chr6	80418666	80618666	harbor1	chr6	80448151	80448604	LINE/L2	861	-	226	80448377	29711
chr6	80418666	80618666	harbor1	chr6	80476351	80476541	LINE/L2	552	-	95	80476446	57780
chr6	144538617	144738617	harbor1	chr6	144541596	144542198	LINE/L2	506	-	301	144541897	3280
chr6	144538617	144738617	harbor1	chr6	144564040	144564485	LINE/L2	1984	-	222	144564262	25645
chr6	144538617	144738617	harbor1	chr6	144564862	144566386	LINE/L2	1984	-	762	144565624	27007
chr6	144538617	144738617	harbor1	chr6	144580660	144580934	LINE/L2	451	-	137	144580797	42180
chr6	126254536	126454536	harbor1	chr6	126337373	126339339	LINE/L2	4121	-	983	126338356	83820
chr6	117765525	117965525	harbor1	chr6	117815421	117815560	LINE/L2	448	-	70	117815491	49966
chr6	117765525	117965525	harbor1	chr6	117822874	117823009	LINE/L2	487	-	68	117822942	57417
chr6	117765525	117965525	harbor1	chr6	117828166	117828387	LINE/L2	533	-	110	117828276	62751
chr6	69845984	70045984	harbor1	chr6	69870190	69871001	LINE/L2	641	-	406	69870596	24612
chr6	69845984	70045984	harbor1	chr6	69874941	69876170	LINE/L2	1697	-	614	69875555	29571
chr6	69845984	70045984	harbor1	chr6	69917428	69917722	LINE/L2	886	-	147	69917575	71591
chr6	69845984	70045984	harbor1	chr6	69917946	69918414	LINE/L2	1439	-	234	69918180	72196
chr6	69845984	70045984	harbor1	chr6	69918717	69919000	LINE/L2	1439	-	142	69918859	72875
chr6	69558022	69758022	harbor1	chr6	69639630	69640087	LINE/L2	1229	-	228	69639858	81836
chr6	152069271	152269271	harbor1	chr6	152097873	152098335	LINE/L2	484	-	231	152098104	28833
chr6	94652875	94852875	harbor1	chr6	94681519	94682879	LINE/L2	1589	-	680	94682199	29324
chr6	624018	824018	harbor1	chr6	695887	696570	LINE/L2	1067	-	342	696229	72211
chr6	624018	824018	harbor1	chr6	716910	717321	LINE/L2	601	-	206	717116	93098
chr6	624018	824018	harbor1	chr6	718058	718251	LINE/L2	526	-	96	718154	94136
chr6	38756841	38956841	harbor1	chr6	38835343	38836168	LINE/L2	550	-	412	38835755	78914
chr6	72960915	73160915	harbor1	chr6	73015946	73016385	LINE/L2	1011	-	220	73016166	55251
chr6	72960915	73160915	harbor1	chr6	73047976	73048453	LINE/L2	874	-	238	73048214	87299
chr6	102727206	102927206	harbor1	chr6	102735756	102736124	LINE/L2	1284	-	184	102735940	8734
chr6	102727206	102927206	harbor1	chr6	102736179	102736545	LINE/L2	1284	-	183	102736362	9156
chr6	102727206	102927206	harbor1	chr6	102737130	102737299	LINE/L2	1284	-	84	102737214	10008
chr6	124139224	124339224	harbor1	chr6	124222367	124222977	LINE/L2	1331	-	305	124222672	83448
chr6	124139224	124339224	harbor1	chr6	124223239	124223446	LINE/L2	1331	-	104	124223343	84119
chr6	79479490	79679490	harbor1	chr6	79534421	79534713	LINE/L2	430	-	146	79534567	55077
chr6	79479490	79679490	harbor1	chr6	79535273	79535944	LINE/L2	621	-	336	79535609	56119
chr6	150923271	151123271	harbor1	chr6	150941134	150941690	LINE/L2	860	-	278	150941412	18141
chr6	3909859	4109859	harbor1	chr6	4009662	4009801	LINE/L2	427	-	70	4009732	99873
chr6	154531721	154731721	harbor1	chr6	154575476	154575924	LINE/L2	564	-	224	154575700	43979
chr6	15113525	15313525	harbor1	chr6	15199123	15199339	LINE/L2	429	-	108	15199231	85706
chr6	15113525	15313525	harbor1	chr6	15199640	15199691	LINE/L2	429	-	26	15199666	86141
chr6	15113525	15313525	harbor1	chr6	15209927	15210316	LINE/L2	526	-	194	15210121	96596
chr6	15113525	15313525	harbor1	chr6	15211128	15211247	LINE/L2	664	-	60	15211188	97663
chr6	15113525	15313525	harbor1	chr6	15211556	15211748	LINE/L2	664	-	96	15211652	98127
chr6	36222729	36422729	harbor1	chr6	36250564	36250680	LINE/L2	431	-	58	36250622	27893
chr6	36222729	36422729	harbor1	chr6	36271383	36271773	LINE/L2	743	-	195	36271578	48849
chr6	36222729	36422729	harbor1	chr6	36278812	36279159	LINE/L2	587	-	174	36278986	56257
chr6	157849752	158049752	harbor1	chr6	157849411	157850464	LINE/L2	995	-	526	157849937	185
chr6	87992008	88192008	harbor1	chr6	88012070	88012235	LINE/L2	579	-	82	88012152	20144
chr6	87992008	88192008	harbor1	chr6	88033525	88033953	LINE/L2	616	-	214	88033739	41731
chr6	87992008	88192008	harbor1	chr6	88055269	88055447	LINE/L2	719	-	89	88055358	63350
chr6	19937851	20137851	harbor1	chr6	19992580	19992755	LINE/L2	441	-	88	19992668	54817
chr6	60935073	61135073	harbor1	chr6	60939499	60940055	LINE/L2	681	-	278	60939777	4704
chr6	60935073	61135073	harbor1	chr6	60940454	60940572	LINE/L2	433	-	59	60940513	5440
chr6	38459905	38659905	harbor1	chr6	38473627	38474241	LINE/L2	774	-	307	38473934	14029
chr6	38459905	38659905	harbor1	chr6	38543605	38543676	LINE/L2	1084	-	36	38543641	83736
chr6	38459905	38659905	harbor1	chr6	38543972	38544043	LINE/L2	1084	-	36	38544008	84103
chr6	38459905	38659905	harbor1	chr6	38544340	38544644	LINE/L2	1115	-	152	38544492	84587
chr6	38459905	38659905	harbor1	chr6	38544957	38545085	LINE/L2	1115	-	64	38545021	85116
chr6	38459905	38659905	harbor1	chr6	38545359	38545410	LINE/L2	1115	-	26	38545385	85480
chr6	38459905	38659905	harbor1	chr6	38545802	38545837	LINE/L2	1115	-	18	38545820	85915
chr6	38459905	38659905	harbor1	chr6	38545902	38546140	LINE/L2	1115	-	119	38546021	86116
chr6	51677616	51877616	harbor1	chr6	51705187	51705499	LINE/L2	595	-	156	51705343	27727
chr6	51677616	51877616	harbor1	chr6	51742682	51743735	LINE/L2	1398	-	526	51743208	65592
chr6	79664104	79864104	harbor1	chr6	79669410	79669449	LINE/L2	602	-	20	79669430	5326
chr6	79664104	79864104	harbor1	chr6	79669745	79669926	LINE/L2	602	-	90	79669835	5731
chr6	3555333	3755333	harbor1	chr6	3590640	3590918	LINE/L2	515	-	139	3590779	35446
chr6	19972286	20172286	harbor1	chr6	19992580	19992755	LINE/L2	441	-	88	19992668	20382
chr6	146806804	147006804	harbor1	chr6	146814336	146814570	LINE/L2	491	-	117	146814453	7649
chr6	134979173	135179173	harbor1	chr6	134983640	134984126	LINE/L2	489	-	243	134983883	4710
chr6	134979173	135179173	harbor1	chr6	135004707	135005211	LINE/L2	645	-	252	135004959	25786
chr6	134979173	135179173	harbor1	chr6	135005982	135006106	LINE/L2	488	-	62	135006044	26871
chr6	134979173	135179173	harbor1	chr6	135004131	135004644	LINE/L2	487	-	256	135004387	25214
chr6	69858095	70058095	harbor1	chr6	69870190	69871001	LINE/L2	641	-	406	69870596	12501
chr6	69858095	70058095	harbor1	chr6	69874941	69876170	LINE/L2	1697	-	614	69875555	17460
chr6	69858095	70058095	harbor1	chr6	69917428	69917722	LINE/L2	886	-	147	69917575	59480
chr6	69858095	70058095	harbor1	chr6	69917946	69918414	LINE/L2	1439	-	234	69918180	60085
chr6	69858095	70058095	harbor1	chr6	69918717	69919000	LINE/L2	1439	-	142	69918859	60764
chr6	133830762	134030762	harbor1	chr6	133834608	133835243	LINE/L2	879	-	318	133834926	4164
chr6	133830762	134030762	harbor1	chr6	133869053	133869071	LINE/L2	686	-	9	133869062	38300
chr6	133830762	134030762	harbor1	chr6	133869414	133869786	LINE/L2	686	-	186	133869600	38838
chr6	133830762	134030762	harbor1	chr6	133882443	133882641	LINE/L2	446	-	99	133882542	51780
chr6	133830762	134030762	harbor1	chr6	133883469	133883919	LINE/L2	529	-	225	133883694	52932
chr6	24462613	24662613	harbor1	chr6	24496155	24496407	LINE/L2	477	-	126	24496281	33668
chr6	24462613	24662613	harbor1	chr6	24497646	24498140	LINE/L2	1659	-	247	24497893	35280
chr6	116222704	116422704	harbor1	chr6	116224508	116225850	LINE/L2	1945	-	671	116225179	2475
chr6	116222704	116422704	harbor1	chr6	116226050	116226079	LINE/L2	1945	-	14	116226064	3360
chr6	116222704	116422704	harbor1	chr6	116291623	116292601	LINE/L2	931	-	489	116292112	69408
chr6	116222704	116422704	harbor1	chr6	116296004	116296076	LINE/L2	546	-	36	116296040	73336
chr6	116222704	116422704	harbor1	chr6	116296389	116297079	LINE/L2	546	-	345	116296734	74030
chr6	71821092	72021092	harbor1	chr6	71900086	71901058	LINE/L2	1008	-	486	71900572	79480
chr6	71821092	72021092	harbor1	chr6	71901785	71902071	LINE/L2	578	-	143	71901928	80836
chr6	71821092	72021092	harbor1	chr6	71917241	71918857	LINE/L2	2749	-	808	71918049	96957
chr6	71821092	72021092	harbor1	chr6	71919211	71919869	LINE/L2	484	-	329	71919540	98448
chr6	17775647	17975647	harbor1	chr6	17831830	17832074	LINE/L2	812	-	122	17831952	56305
chr6	17775647	17975647	harbor1	chr6	17835533	17835707	LINE/L2	417	-	87	17835620	59973
chr6	44752213	44952213	harbor1	chr6	44792044	44792621	LINE/L2	1425	-	288	44792332	40119
chr6	44752213	44952213	harbor1	chr6	44792910	44793369	LINE/L2	1425	-	230	44793140	40927
chr6	44752213	44952213	harbor1	chr6	44820570	44820855	LINE/L2	893	-	142	44820712	68499
chr6	44752213	44952213	harbor1	chr6	44841810	44842102	LINE/L2	607	-	146	44841956	89743
chr6	143240959	143440959	harbor1	chr6	143291726	143292098	LINE/L2	1093	-	186	143291912	50953
chr6	143240959	143440959	harbor1	chr6	143296914	143297313	LINE/L2	947	-	200	143297114	56155
chr6	143240959	143440959	harbor1	chr6	143327718	143328178	LINE/L2	872	-	230	143327948	86989
chr6	143240959	143440959	harbor1	chr6	143330107	143330706	LINE/L2	1302	-	300	143330407	89448
chr6	143240959	143440959	harbor1	chr6	143326433	143327234	LINE/L2	693	-	400	143326833	85874
chr6	90455076	90655076	harbor1	chr6	90461468	90461829	LINE/L2	734	-	180	90461648	6572
chr6	90455076	90655076	harbor1	chr6	90548394	90549688	LINE/L2	3284	-	647	90549041	93965
chr6	108006476	108206476	harbor1	chr6	108047075	108047787	LINE/L2	764	-	356	108047431	40955
chr6	108006476	108206476	harbor1	chr6	108050108	108050320	LINE/L2	574	-	106	108050214	43738
chr6	108006476	108206476	harbor1	chr6	108066429	108066767	LINE/L2	686	-	169	108066598	60122
chr6	108006476	108206476	harbor1	chr6	108081849	108082140	LINE/L2	660	-	146	108081995	75519
chr6	97763843	97963843	harbor1	chr6	97766373	97766714	LINE/L2	471	-	170	97766543	2700
chr6	153623845	153823845	harbor1	chr6	153627174	153627600	LINE/L2	569	-	213	153627387	3542
chr6	153623845	153823845	harbor1	chr6	153689282	153690214	LINE/L2	1493	-	466	153689748	65903
chr6	78275810	78475810	harbor1	chr6	78356343	78356899	LINE/L2	423	-	278	78356621	80811
chr6	78275810	78475810	harbor1	chr6	78315326	78315890	LINE/L2	1012	-	282	78315608	39798
chr6	63504901	63704901	harbor1	chr6	63557044	63557287	LINE/L2	414	-	122	63557166	52265
chr6	63504901	63704901	harbor1	chr6	63557579	63557882	LINE/L2	414	-	152	63557731	52830
chr6	131760859	131960859	harbor1	chr6	131770489	131771406	LINE/L2	1800	-	458	131770947	10088
chr6	131760859	131960859	harbor1	chr6	131771748	131771841	LINE/L2	1800	-	46	131771794	10935
chr6	70051944	70251944	harbor1	chr6	70067271	70067733	LINE/L2	559	-	231	70067502	15558
chr6	70051944	70251944	harbor1	chr6	70086870	70086947	LINE/L2	1234	-	38	70086908	34964
chr6	70051944	70251944	harbor1	chr6	70087172	70087589	LINE/L2	1234	-	208	70087380	35436
chr6	70051944	70251944	harbor1	chr6	70108950	70109463	LINE/L2	642	-	256	70109206	57262
chr6	55954141	56154141	harbor1	chr6	55998562	55999430	LINE/L2	1109	-	434	55998996	44855
chr6	20769308	20969308	harbor1	chr6	20820736	20821333	LINE/L2	977	-	298	20821034	51726
chr6	8255098	8455098	harbor1	chr6	8300579	8300804	LINE/L2	649	-	112	8300691	45593
chr6	60410334	60610334	harbor1	chr6	60426709	60426896	LINE/L2	577	-	94	60426803	16469
chr6	60410334	60610334	harbor1	chr6	60444155	60444438	LINE/L2	900	-	142	60444297	33963
chr6	98075041	98275041	harbor1	chr6	98076603	98076748	LINE/L2	426	-	72	98076675	1634
chr6	98075041	98275041	harbor1	chr6	98110841	98111105	LINE/L2	898	-	132	98110973	35932
chr6	98075041	98275041	harbor1	chr6	98111138	98111642	LINE/L2	898	-	252	98111390	36349
chr6	98075041	98275041	harbor1	chr6	98111641	98112444	LINE/L2	1496	-	402	98112043	37002
chr6	98075041	98275041	harbor1	chr6	98132274	98132464	LINE/L2	459	-	95	98132369	57328
chr6	40323831	40523831	harbor1	chr6	40329014	40329336	LINE/L2	419	-	161	40329175	5344
chr6	40323831	40523831	harbor1	chr6	40359615	40360412	LINE/L2	1068	-	398	40360013	36182
chr6	40323831	40523831	harbor1	chr6	40412661	40412962	LINE/L2	902	-	150	40412811	88980
chr6	40323831	40523831	harbor1	chr6	40402886	40403064	LINE/L2	531	-	89	40402975	79144
chr6	64629114	64829114	harbor1	chr6	64721046	64721462	LINE/L2	727	-	208	64721254	92140
chr6	166643222	166843222	harbor1	chr6	166694952	166695276	LINE/L2	489	-	162	166695114	51892
chr6	166643222	166843222	harbor1	chr6	166698354	166699377	LINE/L2	731	-	512	166698866	55644
chr7	29150227	29350227	harbor1	chr7	29197663	29197998	LINE/L2	486	-	168	29197831	47604
chr7	29150227	29350227	harbor1	chr7	29210470	29211059	LINE/L2	1344	-	294	29210764	60537
chr7	29150227	29350227	harbor1	chr7	29211378	29211431	LINE/L2	993	-	26	29211404	61177
chr7	29150227	29350227	harbor1	chr7	29238472	29239500	LINE/L2	2088	-	514	29238986	88759
chr7	90103790	90303790	harbor1	chr7	90145767	90146100	LINE/L2	630	-	166	90145933	42143
chr7	1736607	1936607	harbor1	chr7	1753035	1753309	LINE/L2	499	-	137	1753172	16565
chr7	75518611	75718611	harbor1	chr7	75566712	75566839	LINE/L2	447	-	64	75566776	48165
chr7	75518611	75718611	harbor1	chr7	75567142	75567366	LINE/L2	447	-	112	75567254	48643
chr7	94137973	94337973	harbor1	chr7	94138768	94139848	LINE/L2	2866	-	540	94139308	1335
chr7	94137973	94337973	harbor1	chr7	94157239	94157449	LINE/L2	581	-	105	94157344	19371
chr7	94137973	94337973	harbor1	chr7	94158092	94158145	LINE/L2	581	-	26	94158118	20145
chr7	94137973	94337973	harbor1	chr7	94160548	94161144	LINE/L2	1168	-	298	94160846	22873
chr7	94137973	94337973	harbor1	chr7	94196643	94196852	LINE/L2	948	-	104	94196747	58774
chr7	94137973	94337973	harbor1	chr7	94197235	94197936	LINE/L2	1310	-	350	94197585	59612
chr7	1735810	1935810	harbor1	chr7	1753035	1753309	LINE/L2	499	-	137	1753172	17362
chr7	140849259	141049259	harbor1	chr7	140867414	140867793	LINE/L2	901	-	190	140867604	18345
chr7	140849259	141049259	harbor1	chr7	140868757	140869234	LINE/L2	1171	-	238	140868995	19736
chr7	20821087	21021087	harbor1	chr7	20854968	20855158	LINE/L2	483	-	95	20855063	33976
chr7	20821087	21021087	harbor1	chr7	20858904	20859086	LINE/L2	544	-	91	20858995	37908
chr7	119108827	119308827	harbor1	chr7	119204428	119204597	LINE/L2	444	-	84	119204512	95685
chr7	65736488	65936488	harbor1	chr7	65796313	65796772	LINE/L2	718	-	230	65796543	60055
chr7	65736488	65936488	harbor1	chr7	65820361	65820920	LINE/L2	797	-	280	65820641	84153
chr7	65736488	65936488	harbor1	chr7	65832291	65832948	LINE/L2	919	-	328	65832619	96131
chr7	67644948	67844948	harbor1	chr7	67679224	67679274	LINE/L2	798	-	25	67679249	34301
chr7	67644948	67844948	harbor1	chr7	67679883	67680035	LINE/L2	798	-	76	67679959	35011
chr7	67644948	67844948	harbor1	chr7	67680711	67681065	LINE/L2	798	-	177	67680888	35940
chr7	67644948	67844948	harbor1	chr7	67681270	67681632	LINE/L2	798	-	181	67681451	36503
chr7	115685579	115885579	harbor1	chr7	115691927	115692390	LINE/L2	443	-	232	115692159	6580
chr7	125700627	125900627	harbor1	chr7	125788625	125788977	LINE/L2	640	-	176	125788801	88174
chr7	109307046	109507046	harbor1	chr7	109368736	109369440	LINE/L2	1063	-	352	109369088	62042
chr7	109307046	109507046	harbor1	chr7	109372679	109373582	LINE/L2	728	-	452	109373131	66085
chr7	131046448	131246448	harbor1	chr7	131112981	131113356	LINE/L2	716	-	188	131113169	66721
chr7	131046448	131246448	harbor1	chr7	131135508	131135794	LINE/L2	754	-	143	131135651	89203
chr7	23889592	24089592	harbor1	chr7	23955661	23955995	LINE/L2	925	-	167	23955828	66236
chr7	7322911	7522911	harbor1	chr7	7402938	7403332	LINE/L2	592	-	197	7403135	80224
chr7	7322911	7522911	harbor1	chr7	7406370	7406961	LINE/L2	1138	-	296	7406666	83755
chr7	7322911	7522911	harbor1	chr7	7323440	7323789	LINE/L2	552	-	174	7323614	703
chr7	81996945	82196945	harbor1	chr7	82039588	82040692	LINE/L2	1113	-	552	82040140	43195
chr7	81996945	82196945	harbor1	chr7	82041009	82041529	LINE/L2	1113	-	260	82041269	44324
chr7	21472595	21672595	harbor1	chr7	21473404	21473918	LINE/L2	990	-	257	21473661	1066
chr7	150218205	150418205	harbor1	chr7	150250001	150250202	LINE/L2	1096	-	100	150250101	31896
chr7	150218205	150418205	harbor1	chr7	150250503	150250961	LINE/L2	1096	-	229	150250732	32527
chr7	150218205	150418205	harbor1	chr7	150287157	150287342	LINE/L2	454	-	92	150287249	69044
chr7	150218205	150418205	harbor1	chr7	150273949	150274215	LINE/L2	630	-	133	150274082	55877
chr7	154463106	154663106	harbor1	chr7	154482041	154482258	LINE/L2	442	-	108	154482149	19043
chr7	91655850	91855850	harbor1	chr7	91659421	91659692	LINE/L2	663	-	136	91659557	3707
chr7	91655850	91855850	harbor1	chr7	91743823	91744268	LINE/L2	731	-	222	91744045	88195
chr7	133667089	133867089	harbor1	chr7	133670790	133671281	LINE/L2	1521	-	246	133671036	3947
chr7	133667089	133867089	harbor1	chr7	133671578	133671977	LINE/L2	1521	-	200	133671778	4689
chr7	133667089	133867089	harbor1	chr7	133672511	133672788	LINE/L2	835	-	138	133672649	5560
chr7	133667089	133867089	harbor1	chr7	133676120	133676191	LINE/L2	443	-	36	133676156	9067
chr7	133667089	133867089	harbor1	chr7	133724469	133725039	LINE/L2	1091	-	285	133724754	57665
chr7	133667089	133867089	harbor1	chr7	133725852	133726368	LINE/L2	1262	-	258	133726110	59021
chr7	79769351	79969351	harbor1	chr7	79785238	79785493	LINE/L2	436	-	128	79785366	16015
chr7	79769351	79969351	harbor1	chr7	79816392	79817052	LINE/L2	461	-	330	79816722	47371
chr7	79769351	79969351	harbor1	chr7	79852141	79853201	LINE/L2	480	-	530	79852671	83320
chr7	16541080	16741080	harbor1	chr7	16630568	16630966	LINE/L2	965	-	199	16630767	89687
chr7	7265837	7465837	harbor1	chr7	7317844	7318305	LINE/L2	1300	-	230	7318074	52237
chr7	7265837	7465837	harbor1	chr7	7318925	7319384	LINE/L2	1884	-	230	7319155	53318
chr7	7265837	7465837	harbor1	chr7	7319692	7319906	LINE/L2	1884	-	107	7319799	53962
chr7	7265837	7465837	harbor1	chr7	7320185	7320262	LINE/L2	1884	-	38	7320223	54386
chr7	7265837	7465837	harbor1	chr7	7323440	7323789	LINE/L2	552	-	174	7323614	57777
chr7	127202488	127402488	harbor1	chr7	127236810	127236955	LINE/L2	513	-	72	127236882	34394
chr7	127202488	127402488	harbor1	chr7	127275061	127275430	LINE/L2	645	-	184	127275245	72757
chr7	69394831	69594831	harbor1	chr7	69397237	69397408	LINE/L2	495	-	86	69397323	2492
chr7	69394831	69594831	harbor1	chr7	69398316	69398786	LINE/L2	495	-	235	69398551	3720
chr7	69394831	69594831	harbor1	chr7	69439768	69439929	LINE/L2	501	-	80	69439848	45017
chr7	69394831	69594831	harbor1	chr7	69440300	69440386	LINE/L2	501	-	43	69440343	45512
chr7	104136121	104336121	harbor1	chr7	104165681	104165783	LINE/L2	507	-	51	104165732	29611
chr7	104136121	104336121	harbor1	chr7	104166053	104166364	LINE/L2	507	-	156	104166209	30088
chr7	104136121	104336121	harbor1	chr7	104202899	104203197	LINE/L2	447	-	149	104203048	66927
chr7	104136121	104336121	harbor1	chr7	104229180	104229688	LINE/L2	790	-	254	104229434	93313
chr7	105957962	106157962	harbor1	chr7	106012115	106012744	LINE/L2	1313	-	314	106012429	54467
chr7	105957962	106157962	harbor1	chr7	106037406	106037512	LINE/L2	835	-	53	106037459	79497
chr7	105957962	106157962	harbor1	chr7	106038091	106038159	LINE/L2	835	-	34	106038125	80163
chr7	105957962	106157962	harbor1	chr7	106038216	106038810	LINE/L2	1016	-	297	106038513	80551
chr7	38457527	38657527	harbor1	chr7	38538583	38539364	LINE/L2	756	-	390	38538973	81446
chr7	26718798	26918798	harbor1	chr7	26786239	26786623	LINE/L2	811	-	192	26786431	67633
chr7	65698316	65898316	harbor1	chr7	65796313	65796772	LINE/L2	718	-	230	65796543	98227
chr7	131818360	132018360	harbor1	chr7	131846601	131847159	LINE/L2	798	-	279	131846880	28520
chr7	131818360	132018360	harbor1	chr7	131856893	131857483	LINE/L2	571	-	295	131857188	38828
chr7	119415218	119615218	harbor1	chr7	119491528	119491773	LINE/L2	601	-	122	119491650	76432
chr7	17766358	17966358	harbor1	chr7	17851156	17852098	LINE/L2	3309	-	471	17851627	85269
chr7	17766358	17966358	harbor1	chr7	17852396	17853375	LINE/L2	3309	-	490	17852886	86528
chr7	94087816	94287816	harbor1	chr7	94138768	94139848	LINE/L2	2866	-	540	94139308	51492
chr7	94087816	94287816	harbor1	chr7	94157239	94157449	LINE/L2	581	-	105	94157344	69528
chr7	94087816	94287816	harbor1	chr7	94158092	94158145	LINE/L2	581	-	26	94158118	70302
chr7	94087816	94287816	harbor1	chr7	94160548	94161144	LINE/L2	1168	-	298	94160846	73030
chr7	11693908	11893908	harbor1	chr7	11723490	11724221	LINE/L2	1420	-	366	11723856	29948
chr7	11693908	11893908	harbor1	chr7	11788910	11789456	LINE/L2	677	-	273	11789183	95275
chr7	134981139	135181139	harbor1	chr7	135058536	135058659	LINE/L2	490	-	62	135058598	77459
chr7	134981139	135181139	harbor1	chr7	135059539	135059854	LINE/L2	882	-	158	135059697	78558
chr7	134981139	135181139	harbor1	chr7	135064188	135064717	LINE/L2	1799	-	264	135064452	83313
chr7	86998990	87198990	harbor1	chr7	87049046	87049272	LINE/L2	1496	-	113	87049159	50169
chr7	86998990	87198990	harbor1	chr7	87049563	87049796	LINE/L2	1973	-	116	87049679	50689
chr7	86998990	87198990	harbor1	chr7	87050164	87050224	LINE/L2	1973	-	30	87050194	51204
chr7	86998990	87198990	harbor1	chr7	87050638	87051338	LINE/L2	1973	-	350	87050988	51998
chr7	72629958	72829958	harbor1	chr7	72678108	72678416	LINE/L2	661	-	154	72678262	48304
chr7	72629958	72829958	harbor1	chr7	72719890	72720293	LINE/L2	897	-	202	72720092	90134
chr7	24979217	25179217	harbor1	chr7	25064059	25064243	LINE/L2	751	-	92	25064151	84934
chr7	24979217	25179217	harbor1	chr7	25064556	25065044	LINE/L2	751	-	244	25064800	85583
chr7	24979217	25179217	harbor1	chr7	25068665	25069486	LINE/L2	1723	-	410	25069075	89858
chr7	8361108	8561108	harbor1	chr7	8403166	8403556	LINE/L2	1332	-	195	8403361	42253
chr7	8361108	8561108	harbor1	chr7	8412430	8412814	LINE/L2	812	-	192	8412622	51514
chr7	8361108	8561108	harbor1	chr7	8413136	8413292	LINE/L2	812	-	78	8413214	52106
chr7	112955357	113155357	harbor1	chr7	112958959	112959049	LINE/L2	530	-	45	112959004	3647
chr7	112955357	113155357	harbor1	chr7	112971177	112971855	LINE/L2	1385	-	339	112971516	16159
chr7	112955357	113155357	harbor1	chr7	112972219	112972358	LINE/L2	1385	-	70	112972289	16932
chr7	112955357	113155357	harbor1	chr7	113003841	113004161	LINE/L2	452	-	160	113004001	48644
chr7	112955357	113155357	harbor1	chr7	113034616	113034814	LINE/L2	458	-	99	113034715	79358
chr7	112955357	113155357	harbor1	chr7	113037238	113037507	LINE/L2	585	-	134	113037372	82015
chr7	112955357	113155357	harbor1	chr7	113037617	113038107	LINE/L2	1304	-	245	113037862	82505
chr7	114299650	114499650	harbor1	chr7	114316352	114316765	LINE/L2	872	-	206	114316558	16908
chr7	114299650	114499650	harbor1	chr7	114397269	114398051	LINE/L2	614	-	391	114397660	98010
chr7	8357451	8557451	harbor1	chr7	8403166	8403556	LINE/L2	1332	-	195	8403361	45910
chr7	8357451	8557451	harbor1	chr7	8412430	8412814	LINE/L2	812	-	192	8412622	55171
chr7	8357451	8557451	harbor1	chr7	8413136	8413292	LINE/L2	812	-	78	8413214	55763
chr7	3449448	3649448	harbor1	chr7	3449752	3450169	LINE/L2	566	-	208	3449960	512
chr7	3449448	3649448	harbor1	chr7	3450294	3451062	LINE/L2	591	-	384	3450678	1230
chr7	3449448	3649448	harbor1	chr7	3524076	3524864	LINE/L2	1445	-	394	3524470	75022
chr7	3449448	3649448	harbor1	chr7	3527176	3527575	LINE/L2	692	-	200	3527376	77928
chr7	3449448	3649448	harbor1	chr7	3528356	3528854	LINE/L2	869	-	249	3528605	79157
chr7	121815146	122015146	harbor1	chr7	121850886	121851200	LINE/L2	438	-	157	121851043	35897
chr7	18397336	18597336	harbor1	chr7	18402082	18402708	LINE/L2	546	-	313	18402395	5059
chr7	18397336	18597336	harbor1	chr7	18420605	18420998	LINE/L2	749	-	196	18420801	23465
chr7	8579975	8779975	harbor1	chr7	8598956	8599293	LINE/L2	584	-	168	8599124	19149
chr7	8579975	8779975	harbor1	chr7	8616531	8617022	LINE/L2	564	-	246	8616777	36802
chr7	8579975	8779975	harbor1	chr7	8617218	8617235	LINE/L2	564	-	8	8617226	37251
chr7	8579975	8779975	harbor1	chr7	8652562	8652672	LINE/L2	437	-	55	8652617	72642
chr7	90742581	90942581	harbor1	chr7	90834590	90835447	LINE/L2	740	-	428	90835018	92437
chr7	108557917	108757917	harbor1	chr7	108561580	108561970	LINE/L2	628	-	195	108561775	3858
chr7	108557917	108757917	harbor1	chr7	108577477	108577647	LINE/L2	2860	-	85	108577562	19645
chr7	108557917	108757917	harbor1	chr7	108611746	108612026	LINE/L2	482	-	140	108611886	53969
chr7	108557917	108757917	harbor1	chr7	108654047	108654790	LINE/L2	2567	-	372	108654419	96502
chr7	108557917	108757917	harbor1	chr7	108654887	108656272	LINE/L2	2567	-	692	108655579	97662
chr7	108557917	108757917	harbor1	chr7	108657780	108658053	LINE/L2	2567	-	136	108657916	99999
chr7	108557917	108757917	harbor1	chr7	108576075	108577168	LINE/L2	2860	-	546	108576621	18704
chr7	56248624	56448624	harbor1	chr7	56259706	56260030	LINE/L2	516	-	162	56259868	11244
chr7	35087352	35287352	harbor1	chr7	35104885	35105168	LINE/L2	673	-	142	35105027	17675
chr7	42931029	43131029	harbor1	chr7	42942642	42943598	LINE/L2	1318	-	478	42943120	12091
chr7	42931029	43131029	harbor1	chr7	43022363	43022715	LINE/L2	476	-	176	43022539	91510
chr7	42931029	43131029	harbor1	chr7	43023172	43023796	LINE/L2	1423	-	312	43023484	92455
chr7	154500976	154700976	harbor1	chr7	154562948	154564286	LINE/L2	2292	-	669	154563617	62641
chr7	126295872	126495872	harbor1	chr7	126323057	126323356	LINE/L2	821	-	150	126323207	27335
chr7	126295872	126495872	harbor1	chr7	126364027	126364146	LINE/L2	726	-	60	126364087	68215
chr7	126295872	126495872	harbor1	chr7	126364566	126364861	LINE/L2	726	-	148	126364714	68842
chr7	52222140	52422140	harbor1	chr7	52232636	52234037	LINE/L2	892	-	700	52233336	11196
chr7	52222140	52422140	harbor1	chr7	52252336	52253365	LINE/L2	1602	-	514	52252850	30710
chr7	52222140	52422140	harbor1	chr7	52253676	52253884	LINE/L2	1602	-	104	52253780	31640
chr7	99180467	99380467	harbor1	chr7	99268010	99268126	LINE/L2	521	-	58	99268068	87601
chr7	104461229	104661229	harbor1	chr7	104477328	104477529	LINE/L2	652	-	100	104477428	16199
chr7	104461229	104661229	harbor1	chr7	104477766	104477947	LINE/L2	652	-	90	104477856	16627
chr7	104461229	104661229	harbor1	chr7	104526798	104527462	LINE/L2	769	-	332	104527130	65901
chr7	104461229	104661229	harbor1	chr7	104541771	104542083	LINE/L2	676	-	156	104541927	80698
chr7	115378752	115578752	harbor1	chr7	115390608	115391303	LINE/L2	497	-	348	115390956	12204
chr7	115378752	115578752	harbor1	chr7	115436882	115437302	LINE/L2	906	-	210	115437092	58340
chr7	51825405	52025405	harbor1	chr7	51913334	51913802	LINE/L2	882	-	234	51913568	88163
chr7	51825405	52025405	harbor1	chr7	51913833	51914354	LINE/L2	858	-	260	51914093	88688
chr7	123012852	123212852	harbor1	chr7	123070396	123071026	LINE/L2	499	-	315	123070711	57859
chr7	18539590	18739590	harbor1	chr7	18543762	18544806	LINE/L2	2029	-	522	18544284	4694
chr7	18539590	18739590	harbor1	chr7	18550363	18550960	LINE/L2	958	-	298	18550661	11071
chr7	140405165	140605165	harbor1	chr7	140495651	140495896	LINE/L2	649	-	122	140495773	90608
chr7	16965530	17165530	harbor1	chr7	17056928	17057471	LINE/L2	1407	-	272	17057200	91670
chr7	16965530	17165530	harbor1	chr7	17063070	17063374	LINE/L2	865	-	152	17063222	97692
chr7	122023517	122223517	harbor1	chr7	122026874	122027436	LINE/L2	627	-	281	122027155	3638
chr7	122023517	122223517	harbor1	chr7	122046535	122047273	LINE/L2	1069	-	369	122046904	23387
chr7	122023517	122223517	harbor1	chr7	122069694	122070546	LINE/L2	674	-	426	122070120	46603
chr7	144459680	144659680	harbor1	chr7	144513014	144513182	LINE/L2	603	-	84	144513098	53418
chr7	144459680	144659680	harbor1	chr7	144521702	144522639	LINE/L2	644	-	468	144522170	62490
chr7	3608445	3808445	harbor1	chr7	3652093	3652979	LINE/L2	658	-	443	3652536	44091
chr7	3608445	3808445	harbor1	chr7	3659369	3660324	LINE/L2	915	-	478	3659847	51402
chr7	3608445	3808445	harbor1	chr7	3674149	3674649	LINE/L2	1193	-	250	3674399	65954
chr7	27039437	27239437	harbor1	chr7	27080774	27081089	LINE/L2	531	-	158	27080932	41495
chr7	60889279	61089279	harbor1	chr7	60989003	60989347	LINE/L2	568	-	172	60989175	99896
chr8	89082825	89282825	harbor1	chr8	89123827	89124046	LINE/L2	654	-	110	89123937	41112
chr8	89082825	89282825	harbor1	chr8	89124243	89124539	LINE/L2	654	-	148	89124391	41566
chr8	89082825	89282825	harbor1	chr8	89154726	89154931	LINE/L2	536	-	102	89154828	72003
chr8	89082825	89282825	harbor1	chr8	89159919	89160317	LINE/L2	890	-	199	89160118	77293
chr8	50105117	50305117	harbor1	chr8	50129106	50129206	LINE/L2	427	-	50	50129156	24039
chr8	50105117	50305117	harbor1	chr8	50137402	50137732	LINE/L2	628	-	165	50137567	32450
chr8	53052913	53252913	harbor1	chr8	53060753	53061104	LINE/L2	488	-	176	53060929	8016
chr8	53052913	53252913	harbor1	chr8	53134951	53135342	LINE/L2	1037	-	196	53135147	82234
chr8	80359532	80559532	harbor1	chr8	80391796	80392333	LINE/L2	701	-	268	80392064	32532
chr8	80359532	80559532	harbor1	chr8	80437826	80438198	LINE/L2	716	-	186	80438012	78480
chr8	80359532	80559532	harbor1	chr8	80451944	80452180	LINE/L2	415	-	118	80452062	92530
chr8	80359532	80559532	harbor1	chr8	80453043	80453730	LINE/L2	476	-	344	80453387	93855
chr8	81144167	81344167	harbor1	chr8	81143672	81144187	LINE/L2	831	-	258	81143930	237
chr8	81144167	81344167	harbor1	chr8	81145947	81146173	LINE/L2	570	-	113	81146060	1893
chr8	81144167	81344167	harbor1	chr8	81146473	81146676	LINE/L2	539	-	102	81146575	2408
chr8	81144167	81344167	harbor1	chr8	81160551	81160628	LINE/L2	788	-	38	81160589	16422
chr8	81144167	81344167	harbor1	chr8	81160844	81161446	LINE/L2	788	-	301	81161145	16978
chr8	81144167	81344167	harbor1	chr8	81161873	81162047	LINE/L2	552	-	87	81161960	17793
chr8	81144167	81344167	harbor1	chr8	81237664	81238106	LINE/L2	421	-	221	81237885	93718
chr8	95873295	96073295	harbor1	chr8	95878831	95879158	LINE/L2	997	-	164	95878995	5700
chr8	95873295	96073295	harbor1	chr8	95943861	95944221	LINE/L2	500	-	180	95944041	70746
chr8	68305416	68505416	harbor1	chr8	68393652	68394059	LINE/L2	768	-	204	68393856	88440
chr8	108673175	108873175	harbor1	chr8	108692855	108693223	LINE/L2	420	-	184	108693039	19864
chr8	108673175	108873175	harbor1	chr8	108704564	108704814	LINE/L2	622	-	125	108704689	31514
chr8	108673175	108873175	harbor1	chr8	108717374	108717942	LINE/L2	1365	-	284	108717658	44483
chr8	108673175	108873175	harbor1	chr8	108718258	108718336	LINE/L2	757	-	39	108718297	45122
chr8	108673175	108873175	harbor1	chr8	108726668	108728486	LINE/L2	4413	-	909	108727577	54402
chr8	106608567	106808567	harbor1	chr8	106610948	106611332	LINE/L2	834	-	192	106611140	2573
chr8	101353816	101553816	harbor1	chr8	101448360	101448635	LINE/L2	514	-	138	101448498	94682
chr8	101353816	101553816	harbor1	chr8	101451245	101451457	LINE/L2	401	-	106	101451351	97535
chr8	123333555	123533555	harbor1	chr8	123343619	123343942	LINE/L2	661	-	162	123343781	10226
chr8	123333555	123533555	harbor1	chr8	123392135	123392407	LINE/L2	714	-	136	123392271	58716
chr8	123333555	123533555	harbor1	chr8	123392629	123392903	LINE/L2	904	-	137	123392766	59211
chr8	123333555	123533555	harbor1	chr8	123393202	123393232	LINE/L2	904	-	15	123393217	59662
chr8	123333555	123533555	harbor1	chr8	123393523	123393634	LINE/L2	904	-	56	123393579	60024
chr8	123333555	123533555	harbor1	chr8	123393936	123394131	LINE/L2	904	-	98	123394034	60479
chr8	123333555	123533555	harbor1	chr8	123397606	123397952	LINE/L2	1004	-	173	123397779	64224
chr8	123333555	123533555	harbor1	chr8	123399311	123399574	LINE/L2	706	-	132	123399443	65888
chr8	123333555	123533555	harbor1	chr8	123400188	123400310	LINE/L2	706	-	61	123400249	66694
chr8	123333555	123533555	harbor1	chr8	123418029	123418168	LINE/L2	1098	-	70	123418099	84544
chr8	123333555	123533555	harbor1	chr8	123418480	123418782	LINE/L2	1098	-	151	123418631	85076
chr8	50252282	50452282	harbor1	chr8	50273357	50273862	LINE/L2	746	-	252	50273609	21327
chr8	50252282	50452282	harbor1	chr8	50291086	50291242	LINE/L2	756	-	78	50291164	38882
chr8	50252282	50452282	harbor1	chr8	50291270	50292200	LINE/L2	1261	-	465	50291735	39453
chr8	31986489	32186489	harbor1	chr8	32009365	32009661	LINE/L2	882	-	148	32009513	23024
chr8	16596200	16796200	harbor1	chr8	16664104	16664406	LINE/L2	1123	-	151	16664255	68055
chr8	16596200	16796200	harbor1	chr8	16665318	16665454	LINE/L2	1123	-	68	16665386	69186
chr8	28650580	28850580	harbor1	chr8	28711904	28712458	LINE/L2	759	-	277	28712181	61601
chr8	28650580	28850580	harbor1	chr8	28742373	28742637	LINE/L2	815	-	132	28742505	91925
chr8	93366430	93566430	harbor1	chr8	93449894	93450126	LINE/L2	428	-	116	93450010	83580
chr8	93366430	93566430	harbor1	chr8	93450481	93450696	LINE/L2	530	-	108	93450589	84159
chr8	38279257	38479257	harbor1	chr8	38340721	38340883	LINE/L2	524	-	81	38340802	61545
chr8	38279257	38479257	harbor1	chr8	38341150	38341258	LINE/L2	524	-	54	38341204	61947
chr8	38279257	38479257	harbor1	chr8	38341559	38341655	LINE/L2	524	-	48	38341607	62350
chr8	60985163	61185163	harbor1	chr8	60986990	60987356	LINE/L2	456	-	183	60987173	2010
chr8	60985163	61185163	harbor1	chr8	61003753	61004023	LINE/L2	517	-	135	61003888	18725
chr8	60985163	61185163	harbor1	chr8	61052324	61053521	LINE/L2	1691	-	598	61052922	67759
chr8	18746100	18946100	harbor1	chr8	18811344	18811788	LINE/L2	997	-	222	18811566	65466
chr8	18746100	18946100	harbor1	chr8	18812334	18812759	LINE/L2	942	-	212	18812546	66446
chr8	18746100	18946100	harbor1	chr8	18816737	18817119	LINE/L2	445	-	191	18816928	70828
chr8	18746100	18946100	harbor1	chr8	18835410	18835941	LINE/L2	1225	-	266	18835676	89576
chr8	105818874	106018874	harbor1	chr8	105824988	105825275	LINE/L2	463	-	144	105825132	6258
chr8	88035418	88235418	harbor1	chr8	88058368	88058771	LINE/L2	452	-	202	88058570	23152
chr8	88035418	88235418	harbor1	chr8	88058814	88059379	LINE/L2	406	-	282	88059096	23678
chr8	88035418	88235418	harbor1	chr8	88071930	88072083	LINE/L2	409	-	76	88072006	36588
chr8	88035418	88235418	harbor1	chr8	88111435	88111783	LINE/L2	904	-	174	88111609	76191
chr8	88035418	88235418	harbor1	chr8	88047232	88048228	LINE/L2	1372	-	498	88047730	12312
chr8	48081195	48281195	harbor1	chr8	48142205	48142324	LINE/L2	639	-	60	48142265	61070
chr8	48081195	48281195	harbor1	chr8	48142621	48142910	LINE/L2	639	-	144	48142765	61570
chr8	103469150	103669150	harbor1	chr8	103474931	103475074	LINE/L2	881	-	72	103475003	5853
chr8	103469150	103669150	harbor1	chr8	103475424	103475979	LINE/L2	881	-	278	103475702	6552
chr8	103469150	103669150	harbor1	chr8	103495004	103495588	LINE/L2	824	-	292	103495296	26146
chr8	103469150	103669150	harbor1	chr8	103508555	103508868	LINE/L2	558	-	156	103508711	39561
chr8	103469150	103669150	harbor1	chr8	103516993	103517435	LINE/L2	803	-	221	103517214	48064
chr8	103469150	103669150	harbor1	chr8	103557518	103557641	LINE/L2	406	-	62	103557580	88430
chr8	60037889	60237889	harbor1	chr8	60118425	60118868	LINE/L2	751	-	222	60118647	80758
chr8	131035135	131235135	harbor1	chr8	131036459	131036866	LINE/L2	539	-	204	131036663	1528
chr8	131035135	131235135	harbor1	chr8	131076152	131076552	LINE/L2	572	-	200	131076352	41217
chr8	131035135	131235135	harbor1	chr8	131119315	131119923	LINE/L2	567	-	304	131119619	84484
chr8	131035135	131235135	harbor1	chr8	131127157	131127380	LINE/L2	616	-	112	131127269	92134
chr8	131035135	131235135	harbor1	chr8	131127816	131128119	LINE/L2	616	-	152	131127968	92833
chr8	22798847	22998847	harbor1	chr8	22808401	22808678	LINE/L2	656	-	138	22808539	9692
chr8	22798847	22998847	harbor1	chr8	22818180	22819222	LINE/L2	1683	-	521	22818701	19854
chr8	22798847	22998847	harbor1	chr8	22819490	22819594	LINE/L2	953	-	52	22819542	20695
chr8	22798847	22998847	harbor1	chr8	22819906	22820421	LINE/L2	953	-	258	22820164	21317
chr8	22798847	22998847	harbor1	chr8	22831480	22831921	LINE/L2	453	-	220	22831700	32853
chr8	42021343	42221343	harbor1	chr8	42034976	42036213	LINE/L2	474	-	618	42035594	14251
chr8	132702980	132902980	harbor1	chr8	132720861	132721281	LINE/L2	887	-	210	132721071	18091
chr8	132702980	132902980	harbor1	chr8	132732030	132732627	LINE/L2	453	-	298	132732328	29348
chr8	92738631	92938631	harbor1	chr8	92781655	92781779	LINE/L2	431	-	62	92781717	43086
chr8	92738631	92938631	harbor1	chr8	92813760	92814191	LINE/L2	486	-	216	92813976	75345
chr8	92738631	92938631	harbor1	chr8	92833415	92833985	LINE/L2	979	-	285	92833700	95069
chr8	4797392	4997392	harbor1	chr8	4861803	4863087	LINE/L2	1043	-	642	4862445	65053
chr8	13809575	14009575	harbor1	chr8	13869890	13870642	LINE/L2	980	-	376	13870266	60691
chr8	135899	335899	harbor1	chr8	136684	137033	LINE/L2	561	-	174	136858	959
chr8	135899	335899	harbor1	chr8	177399	178092	LINE/L2	495	-	346	177745	41846
chr8	99385586	99585586	harbor1	chr8	99396109	99396202	LINE/L2	419	-	46	99396155	10569
chr8	99385586	99585586	harbor1	chr8	99408009	99408526	LINE/L2	1128	-	258	99408267	22681
chr8	99385586	99585586	harbor1	chr8	99408834	99408957	LINE/L2	441	-	62	99408896	23310
chr8	99385586	99585586	harbor1	chr8	99409136	99409426	LINE/L2	793	-	145	99409281	23695
chr8	99385586	99585586	harbor1	chr8	99435688	99436178	LINE/L2	576	-	245	99435933	50347
chr8	102866764	103066764	harbor1	chr8	102919471	102919771	LINE/L2	611	-	150	102919621	52857
chr8	102866764	103066764	harbor1	chr8	102927502	102927967	LINE/L2	605	-	232	102927734	60970
chr8	102866764	103066764	harbor1	chr8	102947231	102947462	LINE/L2	417	-	116	102947347	80583
chr8	102866764	103066764	harbor1	chr8	102947851	102947892	LINE/L2	417	-	20	102947871	81107
chr8	102866764	103066764	harbor1	chr8	102949902	102950074	LINE/L2	487	-	86	102949988	83224
chr8	102866764	103066764	harbor1	chr8	102950869	102951146	LINE/L2	693	-	138	102951007	84243
chr8	74941451	75141451	harbor1	chr8	74993898	74994259	LINE/L2	821	-	180	74994078	52627
chr8	74941451	75141451	harbor1	chr8	74994825	74995426	LINE/L2	1304	-	300	74995125	53674
chr8	74941451	75141451	harbor1	chr8	74996561	74996709	LINE/L2	1884	-	74	74996635	55184
chr8	74941451	75141451	harbor1	chr8	74997017	74998307	LINE/L2	1884	-	645	74997662	56211
chr8	74941451	75141451	harbor1	chr8	75011737	75012083	LINE/L2	426	-	173	75011910	70459
chr8	74941451	75141451	harbor1	chr8	75023989	75024329	LINE/L2	2472	-	170	75024159	82708
chr8	74941451	75141451	harbor1	chr8	75024624	75025172	LINE/L2	2472	-	274	75024898	83447
chr8	9154827	9354827	harbor1	chr8	9245001	9245301	LINE/L2	503	-	150	9245151	90324
chr8	22160717	22360717	harbor1	chr8	22190349	22190706	LINE/L2	709	-	178	22190527	29810
chr8	22160717	22360717	harbor1	chr8	22236976	22237310	LINE/L2	1407	-	167	22237143	76426
chr8	22160717	22360717	harbor1	chr8	22237338	22237806	LINE/L2	1897	-	234	22237572	76855
chr8	22160717	22360717	harbor1	chr8	22238114	22238223	LINE/L2	1897	-	54	22238168	77451
chr8	22160717	22360717	harbor1	chr8	22238523	22238731	LINE/L2	1897	-	104	22238627	77910
chr8	22160717	22360717	harbor1	chr8	22239030	22239097	LINE/L2	1897	-	34	22239064	78347
chr8	22160717	22360717	harbor1	chr8	22256606	22256742	LINE/L2	484	-	68	22256674	95957
chr8	90525	290525	harbor1	chr8	115198	115399	LINE/L2	514	-	100	115298	24773
chr8	90525	290525	harbor1	chr8	136684	137033	LINE/L2	561	-	174	136858	46333
chr8	90525	290525	harbor1	chr8	177399	178092	LINE/L2	495	-	346	177745	87220
chr8	116564836	116764836	harbor1	chr8	116649658	116650233	LINE/L2	469	-	288	116649946	85110
chr8	116564836	116764836	harbor1	chr8	116651176	116651418	LINE/L2	438	-	121	116651297	86461
chr8	81184443	81384443	harbor1	chr8	81237664	81238106	LINE/L2	421	-	221	81237885	53442
chr8	81184443	81384443	harbor1	chr8	81257666	81258779	LINE/L2	2164	-	556	81258222	73779
chr8	81184443	81384443	harbor1	chr8	81259546	81260200	LINE/L2	458	-	327	81259873	75430
chr8	2061796	2261796	harbor1	chr8	2062142	2062524	LINE/L2	571	-	191	2062333	537
chr8	55984809	56184809	harbor1	chr8	56052067	56052270	LINE/L2	461	-	102	56052169	67360
chr8	55984809	56184809	harbor1	chr8	56083627	56083903	LINE/L2	442	-	138	56083765	98956
chr8	96218124	96418124	harbor1	chr8	96243314	96243436	LINE/L2	556	-	61	96243375	25251
chr8	96218124	96418124	harbor1	chr8	96249674	96249996	LINE/L2	433	-	161	96249835	31711
chr8	140009245	140209245	harbor1	chr8	140036152	140036675	LINE/L2	503	-	262	140036414	27169
chr8	140009245	140209245	harbor1	chr8	140061349	140061666	LINE/L2	463	-	158	140061507	52262
chr8	140009245	140209245	harbor1	chr8	140096164	140096921	LINE/L2	1632	-	378	140096542	87297
chr8	121835500	122035500	harbor1	chr8	121848401	121848645	LINE/L2	486	-	122	121848523	13023
chr8	121835500	122035500	harbor1	chr8	121906304	121906496	LINE/L2	430	-	96	121906400	70900
chr8	61926399	62126399	harbor1	chr8	62021691	62021979	LINE/L2	448	-	144	62021835	95436
chr8	111717210	111917210	harbor1	chr8	111724614	111724752	LINE/L2	518	-	69	111724683	7473
chr8	111717210	111917210	harbor1	chr8	111789634	111790524	LINE/L2	1898	-	445	111790079	72869
chr8	111717210	111917210	harbor1	chr8	111791068	111792382	LINE/L2	2010	-	657	111791725	74515
chr8	63898571	64098571	harbor1	chr8	63994348	63995164	LINE/L2	954	-	408	63994756	96185
chr8	121238121	121438121	harbor1	chr8	121325498	121326019	LINE/L2	768	-	260	121325758	87637
chr8	23334792	23534792	harbor1	chr8	23424260	23424494	LINE/L2	735	-	117	23424377	89585
chr8	23334792	23534792	harbor1	chr8	23424499	23424724	LINE/L2	462	-	112	23424611	89819
chr8	16306633	16506633	harbor1	chr8	16353155	16354149	LINE/L2	1977	-	497	16353652	47019
chr8	16306633	16506633	harbor1	chr8	16388250	16389048	LINE/L2	500	-	399	16388649	82016
chr8	93712207	93912207	harbor1	chr8	93772893	93773708	LINE/L2	1201	-	408	93773301	61094
chr8	93712207	93912207	harbor1	chr8	93784480	93784831	LINE/L2	608	-	176	93784656	72449
chr8	68350672	68550672	harbor1	chr8	68393652	68394059	LINE/L2	768	-	204	68393856	43184
chr8	91785182	91985182	harbor1	chr8	91807711	91808032	LINE/L2	599	-	160	91807871	22689
chr8	91785182	91985182	harbor1	chr8	91811029	91811652	LINE/L2	414	-	312	91811341	26159
chr8	91785182	91985182	harbor1	chr8	91828803	91829262	LINE/L2	918	-	230	91829033	43851
chr8	91785182	91985182	harbor1	chr8	91832855	91833279	LINE/L2	917	-	212	91833067	47885
chr8	91785182	91985182	harbor1	chr8	91863312	91863581	LINE/L2	401	-	134	91863446	78264
chr8	91785182	91985182	harbor1	chr8	91881227	91881596	LINE/L2	502	-	184	91881411	96229
chr8	88358154	88558154	harbor1	chr8	88376370	88376741	LINE/L2	436	-	186	88376556	18402
chr8	88358154	88558154	harbor1	chr8	88376937	88377286	LINE/L2	504	-	174	88377111	18957
chr8	88358154	88558154	harbor1	chr8	88414463	88415042	LINE/L2	460	-	290	88414753	56599
chr8	88358154	88558154	harbor1	chr8	88415504	88415850	LINE/L2	418	-	173	88415677	57523
chr8	88358154	88558154	harbor1	chr8	88440574	88440691	LINE/L2	425	-	58	88440632	82478
chr8	88358154	88558154	harbor1	chr8	88374957	88376050	LINE/L2	436	-	546	88375503	17349
chr8	78558162	78758162	harbor1	chr8	78563572	78564337	LINE/L2	504	-	382	78563954	5792
chr8	78952035	79152035	harbor1	chr8	78968288	78969270	LINE/L2	926	-	491	78968779	16744
chr8	78952035	79152035	harbor1	chr8	78973919	78974299	LINE/L2	956	-	190	78974109	22074
chr8	78952035	79152035	harbor1	chr8	79040585	79040968	LINE/L2	476	-	192	79040777	88742
chr8	77387935	77587935	harbor1	chr8	77409570	77409736	LINE/L2	562	-	83	77409653	21718
chr8	77387935	77587935	harbor1	chr8	77421992	77422421	LINE/L2	437	-	214	77422206	34271
chr8	77387935	77587935	harbor1	chr8	77456536	77457406	LINE/L2	478	-	435	77456971	69036
chr8	77387935	77587935	harbor1	chr8	77470526	77471453	LINE/L2	1629	-	464	77470990	83055
chr8	55109428	55309428	harbor1	chr8	55130161	55130554	LINE/L2	657	-	196	55130357	20929
chr8	55109428	55309428	harbor1	chr8	55159254	55159485	LINE/L2	642	-	116	55159370	49942
chr8	55109428	55309428	harbor1	chr8	55159781	55160551	LINE/L2	1104	-	385	55160166	50738
chr8	55109428	55309428	harbor1	chr8	55166403	55167285	LINE/L2	1413	-	441	55166844	57416
chr8	55109428	55309428	harbor1	chr8	55167684	55167997	LINE/L2	1061	-	156	55167840	58412
chr8	127732869	127932869	harbor1	chr8	127800263	127800370	LINE/L2	532	-	54	127800317	67448
chr8	127732869	127932869	harbor1	chr8	127800688	127801231	LINE/L2	720	-	272	127800960	68091
chr8	127732869	127932869	harbor1	chr8	127801540	127801640	LINE/L2	680	-	50	127801590	68721
chr8	127732869	127932869	harbor1	chr8	127805612	127805816	LINE/L2	465	-	102	127805714	72845
chr8	127732869	127932869	harbor1	chr8	127830397	127830594	LINE/L2	502	-	98	127830495	97626
chr8	127732869	127932869	harbor1	chr8	127831308	127831849	LINE/L2	947	-	270	127831578	98709
chr8	62486179	62686179	harbor1	chr8	62491780	62492180	LINE/L2	426	-	200	62491980	5801
chr8	62486179	62686179	harbor1	chr8	62513318	62513586	LINE/L2	568	-	134	62513452	27273
chr8	62486179	62686179	harbor1	chr8	62513886	62513991	LINE/L2	568	-	52	62513938	27759
chr8	62486179	62686179	harbor1	chr8	62532955	62533234	LINE/L2	580	-	140	62533095	46916
chr8	62486179	62686179	harbor1	chr8	62582230	62582393	LINE/L2	408	-	82	62582312	96133
chr8	128341596	128541596	harbor1	chr8	128359515	128360045	LINE/L2	911	-	265	128359780	18184
chr8	128341596	128541596	harbor1	chr8	128360351	128360839	LINE/L2	911	-	244	128360595	18999
chr8	128341596	128541596	harbor1	chr8	128372726	128373036	LINE/L2	515	-	155	128372881	31285
chr8	128341596	128541596	harbor1	chr8	128392348	128393006	LINE/L2	610	-	329	128392677	51081
chr8	128341596	128541596	harbor1	chr8	128397859	128398031	LINE/L2	415	-	86	128397945	56349
chr8	128341596	128541596	harbor1	chr8	128405713	128406122	LINE/L2	510	-	204	128405917	64321
chr8	3736271	3936271	harbor1	chr8	3803530	3803817	LINE/L2	508	-	144	3803674	67403
chr8	93294409	93494409	harbor1	chr8	93299228	93299900	LINE/L2	1450	-	336	93299564	5155
chr8	93294409	93494409	harbor1	chr8	93300074	93300357	LINE/L2	1450	-	142	93300216	5807
chr8	93294409	93494409	harbor1	chr8	93327817	93328362	LINE/L2	597	-	272	93328089	33680
chr8	79008310	79208310	harbor1	chr8	79040585	79040968	LINE/L2	476	-	192	79040777	32467
chr8	79008310	79208310	harbor1	chr8	79079975	79080823	LINE/L2	2115	-	424	79080399	72089
chr8	79008310	79208310	harbor1	chr8	79097339	79097363	LINE/L2	630	-	12	79097351	89041
chr8	79008310	79208310	harbor1	chr8	79097444	79098012	LINE/L2	630	-	284	79097728	89418
chr8	79008310	79208310	harbor1	chr8	79099432	79100807	LINE/L2	1645	-	688	79100120	91810
chr8	79008310	79208310	harbor1	chr8	79105615	79106272	LINE/L2	1273	-	328	79105943	97633
chr8	103375333	103575333	harbor1	chr8	103422259	103422524	LINE/L2	436	-	132	103422391	47058
chr8	103375333	103575333	harbor1	chr8	103474931	103475074	LINE/L2	881	-	72	103475003	99670
chr8	57857640	58057640	harbor1	chr8	57904933	57905691	LINE/L2	573	-	379	57905312	47672
chr8	111330827	111530827	harbor1	chr8	111348797	111349028	LINE/L2	422	-	116	111348913	18086
chr8	111330827	111530827	harbor1	chr8	111349234	111349697	LINE/L2	568	-	232	111349466	18639
chr8	19440273	19640273	harbor1	chr8	19527060	19527318	LINE/L2	508	-	129	19527189	86916
chr8	19440273	19640273	harbor1	chr8	19527629	19527757	LINE/L2	508	-	64	19527693	87420
chr8	19440273	19640273	harbor1	chr8	19527771	19528062	LINE/L2	450	-	146	19527917	87644
chr8	19440273	19640273	harbor1	chr8	19529056	19529336	LINE/L2	537	-	140	19529196	88923
chr8	108747314	108947314	harbor1	chr8	108793928	108794484	LINE/L2	560	-	278	108794206	46892
chr8	108747314	108947314	harbor1	chr8	108826565	108827276	LINE/L2	553	-	356	108826921	79607
chr8	135881308	136081308	harbor1	chr8	135922419	135922526	LINE/L2	469	-	54	135922473	41165
chr8	135881308	136081308	harbor1	chr8	135969511	135970105	LINE/L2	1871	-	297	135969808	88500
chr8	73540645	73740645	harbor1	chr8	73608049	73608325	LINE/L2	767	-	138	73608187	67542
chr8	73540645	73740645	harbor1	chr8	73608641	73608710	LINE/L2	767	-	34	73608675	68030
chr8	73540645	73740645	harbor1	chr8	73608994	73609154	LINE/L2	767	-	80	73609074	68429
chr8	73540645	73740645	harbor1	chr8	73618118	73618824	LINE/L2	1264	-	353	73618471	77826
chr8	73540645	73740645	harbor1	chr8	73619163	73619358	LINE/L2	671	-	98	73619261	78616
chr8	73540645	73740645	harbor1	chr8	73626173	73626545	LINE/L2	581	-	186	73626359	85714
chr8	73540645	73740645	harbor1	chr8	73626561	73626758	LINE/L2	551	-	98	73626659	86014
chr8	86664217	86864217	harbor1	chr8	86673060	86673464	LINE/L2	507	-	202	86673262	9045
chr8	86664217	86864217	harbor1	chr8	86707157	86708428	LINE/L2	3187	-	636	86707793	43576
chr8	86664217	86864217	harbor1	chr8	86708464	86708563	LINE/L2	3187	-	50	86708514	44297
chr8	86664217	86864217	harbor1	chr8	86708827	86709322	LINE/L2	3187	-	248	86709075	44858
chr8	86664217	86864217	harbor1	chr8	86724473	86725024	LINE/L2	879	-	276	86724749	60532
chr8	131825492	132025492	harbor1	chr8	131842925	131843371	LINE/L2	408	-	223	131843148	17656
chr8	50273379	50473379	harbor1	chr8	50273357	50273862	LINE/L2	746	-	252	50273609	230
chr8	50273379	50473379	harbor1	chr8	50291086	50291242	LINE/L2	756	-	78	50291164	17785
chr8	50273379	50473379	harbor1	chr8	50291270	50292200	LINE/L2	1261	-	465	50291735	18356
chr8	75385628	75585628	harbor1	chr8	75387966	75388235	LINE/L2	428	-	134	75388100	2472
chr8	75385628	75585628	harbor1	chr8	75428416	75429252	LINE/L2	949	-	418	75428834	43206
chr8	75385628	75585628	harbor1	chr8	75398388	75399237	LINE/L2	654	-	424	75398812	13184
chr8	76303631	76503631	harbor1	chr8	76315089	76315214	LINE/L2	1549	-	62	76315151	11520
chr8	76303631	76503631	harbor1	chr8	76315494	76316243	LINE/L2	1549	-	374	76315868	12237
chr8	76303631	76503631	harbor1	chr8	76384082	76384346	LINE/L2	572	-	132	76384214	80583
chr8	52734076	52934076	harbor1	chr8	52749416	52749778	LINE/L2	565	-	181	52749597	15521
chr8	17454242	17654242	harbor1	chr8	17516819	17516939	LINE/L2	475	-	60	17516879	62637
chr8	29874083	30074083	harbor1	chr8	29956302	29956746	LINE/L2	619	-	222	29956524	82441
chr8	84654187	84854187	harbor1	chr8	84684299	84684747	LINE/L2	462	-	224	84684523	30336
chr8	84654187	84854187	harbor1	chr8	84704487	84704621	LINE/L2	511	-	67	84704554	50367
chr8	84654187	84854187	harbor1	chr8	84710794	84711208	LINE/L2	842	-	207	84711001	56814
chr8	84654187	84854187	harbor1	chr8	84738007	84738305	LINE/L2	430	-	149	84738156	83969
chr8	104035103	104235103	harbor1	chr8	104042375	104043288	LINE/L2	683	-	456	104042831	7728
chr8	104035103	104235103	harbor1	chr8	104050216	104050544	LINE/L2	447	-	164	104050380	15277
chr8	104035103	104235103	harbor1	chr8	104087206	104087378	LINE/L2	409	-	86	104087292	52189
chr8	104035103	104235103	harbor1	chr8	104109907	104110060	LINE/L2	417	-	76	104109983	74880
chr8	104035103	104235103	harbor1	chr8	104122216	104122460	LINE/L2	677	-	122	104122338	87235
chr8	104035103	104235103	harbor1	chr8	104133506	104134053	LINE/L2	1271	-	274	104133780	98677
chr8	104035103	104235103	harbor1	chr8	104087404	104087560	LINE/L2	409	-	78	104087482	52379
chr8	76446295	76646295	harbor1	chr8	76481120	76481492	LINE/L2	430	-	186	76481306	35011
chr8	76446295	76646295	harbor1	chr8	76513434	76513843	LINE/L2	587	-	204	76513638	67343
chr8	76446295	76646295	harbor1	chr8	76516711	76517065	LINE/L2	429	-	177	76516888	70593
chr8	76446295	76646295	harbor1	chr8	76518181	76518576	LINE/L2	804	-	198	76518379	72084
chr8	17133482	17333482	harbor1	chr8	17165639	17166830	LINE/L2	2647	-	596	17166235	32753
chr8	17133482	17333482	harbor1	chr8	17175824	17176180	LINE/L2	411	-	178	17176002	42520
chr8	17133482	17333482	harbor1	chr8	17177147	17177427	LINE/L2	407	-	140	17177287	43805
chr8	135118460	135318460	harbor1	chr8	135170603	135170836	LINE/L2	406	-	116	135170719	52259
chr8	135118460	135318460	harbor1	chr8	135174270	135174965	LINE/L2	1520	-	348	135174618	56158
chr8	135118460	135318460	harbor1	chr8	135176849	135177609	LINE/L2	829	-	380	135177229	58769
chr8	135118460	135318460	harbor1	chr8	135216840	135217183	LINE/L2	464	-	172	135217012	98552
chr8	40533354	40733354	harbor1	chr8	40547752	40548287	LINE/L2	899	-	268	40548020	14666
chr8	40533354	40733354	harbor1	chr8	40557727	40558719	LINE/L2	1065	-	496	40558223	24869
chr8	40533354	40733354	harbor1	chr8	40559679	40559709	LINE/L2	1065	-	15	40559694	26340
chr8	40533354	40733354	harbor1	chr8	40586705	40587105	LINE/L2	545	-	200	40586905	53551
chr8	40533354	40733354	harbor1	chr8	40624789	40625828	LINE/L2	1541	-	520	40625309	91955
chr8	40533354	40733354	harbor1	chr8	40626131	40626346	LINE/L2	1541	-	108	40626239	92885
chr8	62628898	62828898	harbor1	chr8	62629370	62629497	LINE/L2	485	-	64	62629434	536
chr8	62628898	62828898	harbor1	chr8	62639442	62639999	LINE/L2	653	-	278	62639720	10822
chr8	62628898	62828898	harbor1	chr8	62647541	62647719	LINE/L2	466	-	89	62647630	18732
chr8	62628898	62828898	harbor1	chr8	62647882	62648376	LINE/L2	429	-	247	62648129	19231
chr8	62628898	62828898	harbor1	chr8	62655318	62655864	LINE/L2	475	-	273	62655591	26693
chr8	77528539	77728539	harbor1	chr8	77530609	77531325	LINE/L2	714	-	358	77530967	2428
chr8	77528539	77728539	harbor1	chr8	77590655	77591450	LINE/L2	993	-	398	77591053	62514
chr8	77528539	77728539	harbor1	chr8	77591670	77592129	LINE/L2	904	-	230	77591900	63361
chr8	77528539	77728539	harbor1	chr8	77592753	77593256	LINE/L2	782	-	252	77593005	64466
chr8	93957880	94157880	harbor1	chr8	94038961	94039295	LINE/L2	415	-	167	94039128	81248
chr8	93957880	94157880	harbor1	chr8	94039344	94040042	LINE/L2	662	-	349	94039693	81813
chr8	111763340	111963340	harbor1	chr8	111789634	111790524	LINE/L2	1898	-	445	111790079	26739
chr8	111763340	111963340	harbor1	chr8	111791068	111792382	LINE/L2	2010	-	657	111791725	28385
chr8	117678044	117878044	harbor1	chr8	117715324	117715692	LINE/L2	556	-	184	117715508	37464
chr8	117678044	117878044	harbor1	chr8	117725280	117725771	LINE/L2	903	-	246	117725526	47482
chr8	117678044	117878044	harbor1	chr8	117725803	117725967	LINE/L2	903	-	82	117725885	47841
chr8	117678044	117878044	harbor1	chr8	117728426	117728786	LINE/L2	1124	-	180	117728606	50562
chr8	117678044	117878044	harbor1	chr8	117753408	117753656	LINE/L2	523	-	124	117753532	75488
chr8	117678044	117878044	harbor1	chr8	117766950	117767383	LINE/L2	1444	-	216	117767166	89122
chr8	99437467	99637467	harbor1	chr8	99525586	99526009	LINE/L2	832	-	212	99525798	88331
chr8	99437467	99637467	harbor1	chr8	99526327	99526700	LINE/L2	942	-	186	99526513	89046
chr8	110659949	110859949	harbor1	chr8	110710875	110711743	LINE/L2	1271	-	434	110711309	51360
chr8	110659949	110859949	harbor1	chr8	110706682	110707137	LINE/L2	678	-	228	110706910	46961
chr8	110659949	110859949	harbor1	chr8	110755755	110755935	LINE/L2	463	-	90	110755845	95896
chr8	83516724	83716724	harbor1	chr8	83535317	83536137	LINE/L2	934	-	410	83535727	19003
chr8	83516724	83716724	harbor1	chr8	83536179	83536350	LINE/L2	515	-	86	83536265	19541
chr8	83516724	83716724	harbor1	chr8	83593171	83593487	LINE/L2	464	-	158	83593329	76605
chr8	60773684	60973684	harbor1	chr8	60859757	60860073	LINE/L2	407	-	158	60859915	86231
chr8	83559163	83759163	harbor1	chr8	83593171	83593487	LINE/L2	464	-	158	83593329	34166
chr8	32578405	32778405	harbor1	chr8	32618693	32618930	LINE/L2	780	-	118	32618811	40406
chr8	32578405	32778405	harbor1	chr8	32619246	32619689	LINE/L2	1002	-	222	32619468	41063
chr8	32578405	32778405	harbor1	chr8	32640399	32640504	LINE/L2	453	-	52	32640451	62046
chr8	32578405	32778405	harbor1	chr8	32653157	32653272	LINE/L2	483	-	58	32653215	74810
chr8	32578405	32778405	harbor1	chr8	32661744	32661883	LINE/L2	493	-	70	32661814	83409
chr8	32578405	32778405	harbor1	chr8	32662160	32662814	LINE/L2	1194	-	327	32662487	84082
chr8	109624787	109824787	harbor1	chr8	109628061	109628223	LINE/L2	544	-	81	109628142	3355
chr8	109624787	109824787	harbor1	chr8	109628831	109629198	LINE/L2	544	-	184	109629015	4228
chr8	109624787	109824787	harbor1	chr8	109630444	109631274	LINE/L2	809	-	415	109630859	6072
chr8	109624787	109824787	harbor1	chr8	109696481	109696610	LINE/L2	446	-	64	109696545	71758
chr8	109624787	109824787	harbor1	chr8	109701721	109702046	LINE/L2	693	-	162	109701883	77096
chr8	29643995	29843995	harbor1	chr8	29650328	29650531	LINE/L2	481	-	102	29650430	6435
chr8	29643995	29843995	harbor1	chr8	29677753	29678065	LINE/L2	425	-	156	29677909	33914
chr8	29643995	29843995	harbor1	chr8	29684805	29685785	LINE/L2	1037	-	490	29685295	41300
chr8	76928466	77128466	harbor1	chr8	76987085	76987983	LINE/L2	516	-	449	76987534	59068
chr8	55849607	56049607	harbor1	chr8	55921864	55922005	LINE/L2	464	-	70	55921934	72327
chr8	138399787	138599787	harbor1	chr8	138491633	138492177	LINE/L2	618	-	272	138491905	92118
chr8	52026599	52226599	harbor1	chr8	52120489	52121096	LINE/L2	401	-	304	52120793	94194
chr8	92157200	92357200	harbor1	chr8	92250452	92250687	LINE/L2	760	-	118	92250570	93370
chr8	20032794	20232794	harbor1	chr8	20085527	20086208	LINE/L2	764	-	340	20085867	53073
chr8	20032794	20232794	harbor1	chr8	20094206	20094712	LINE/L2	740	-	253	20094459	61665
chr8	101294461	101494461	harbor1	chr8	101323589	101323960	LINE/L2	826	-	186	101323775	29314
chr8	54682124	54882124	harbor1	chr8	54691101	54691658	LINE/L2	678	-	278	54691379	9255
chr8	3478227	3678227	harbor1	chr8	3500314	3500991	LINE/L2	743	-	338	3500652	22425
chr8	3478227	3678227	harbor1	chr8	3542372	3542560	LINE/L2	413	-	94	3542466	64239
chr8	3478227	3678227	harbor1	chr8	3543102	3544069	LINE/L2	1900	-	484	3543586	65359
chr8	3478227	3678227	harbor1	chr8	3544610	3544781	LINE/L2	1900	-	86	3544696	66469
chr8	87305618	87505618	harbor1	chr8	87347344	87347660	LINE/L2	512	-	158	87347502	41884
chr8	87305618	87505618	harbor1	chr8	87384248	87384525	LINE/L2	675	-	138	87384386	78768
chr8	87305618	87505618	harbor1	chr8	87384734	87385133	LINE/L2	648	-	200	87384934	79316
chr8	11429778	11629778	harbor1	chr8	11469971	11470457	LINE/L2	1128	-	243	11470214	40436
chr8	11429778	11629778	harbor1	chr8	11481711	11482021	LINE/L2	599	-	155	11481866	52088
chr8	11429778	11629778	harbor1	chr8	11517002	11517412	LINE/L2	744	-	205	11517207	87429
chr8	140997045	141197045	harbor1	chr8	141031777	141032401	LINE/L2	724	-	312	141032089	35044
chr8	122485414	122685414	harbor1	chr8	122491577	122491780	LINE/L2	904	-	102	122491679	6265
chr8	122485414	122685414	harbor1	chr8	122492146	122492262	LINE/L2	904	-	58	122492204	6790
chr8	122485414	122685414	harbor1	chr8	122492588	122492709	LINE/L2	904	-	60	122492648	7234
chr8	122485414	122685414	harbor1	chr8	122524003	122524113	LINE/L2	488	-	55	122524058	38644
chr8	122485414	122685414	harbor1	chr8	122534706	122535304	LINE/L2	978	-	299	122535005	49591
chr8	122485414	122685414	harbor1	chr8	122548492	122549040	LINE/L2	415	-	274	122548766	63352
chr8	122485414	122685414	harbor1	chr8	122552360	122552669	LINE/L2	447	-	154	122552514	67100
chr8	122485414	122685414	harbor1	chr8	122553270	122553389	LINE/L2	788	-	60	122553330	67916
chr8	122485414	122685414	harbor1	chr8	122553734	122554614	LINE/L2	788	-	440	122554174	68760
chr8	122485414	122685414	harbor1	chr8	122583806	122584075	LINE/L2	550	-	134	122583940	98526
chr8	122485414	122685414	harbor1	chr8	122584383	122584429	LINE/L2	550	-	23	122584406	98992
chr8	138055735	138255735	harbor1	chr8	138101886	138102229	LINE/L2	495	-	172	138102058	46323
chr8	138055735	138255735	harbor1	chr8	138106693	138107166	LINE/L2	682	-	236	138106929	51194
chr8	138055735	138255735	harbor1	chr8	138107456	138107822	LINE/L2	682	-	183	138107639	51904
chr8	138055735	138255735	harbor1	chr8	138114784	138115306	LINE/L2	639	-	261	138115045	59310
chr8	30215439	30415439	harbor1	chr8	30260535	30260981	LINE/L2	1122	-	223	30260758	45319
chr8	48242195	48442195	harbor1	chr8	48261210	48261341	LINE/L2	451	-	66	48261276	19081
chr8	48242195	48442195	harbor1	chr8	48320446	48321025	LINE/L2	548	-	290	48320736	78541
chr8	20069818	20269818	harbor1	chr8	20085527	20086208	LINE/L2	764	-	340	20085867	16049
chr8	20069818	20269818	harbor1	chr8	20094206	20094712	LINE/L2	740	-	253	20094459	24641
chr8	20069818	20269818	harbor1	chr8	20151836	20152264	LINE/L2	662	-	214	20152050	82232
chr8	20069818	20269818	harbor1	chr8	20152773	20153395	LINE/L2	2657	-	311	20153084	83266
chr8	20069818	20269818	harbor1	chr8	20153685	20153865	LINE/L2	2657	-	90	20153775	83957
chr8	20069818	20269818	harbor1	chr8	20154210	20154707	LINE/L2	2657	-	248	20154458	84640
chr8	20069818	20269818	harbor1	chr8	20152283	20152768	LINE/L2	556	-	242	20152525	82707
chr8	131623747	131823747	harbor1	chr8	131697755	131698255	LINE/L2	1043	-	250	131698005	74258
chr8	21177681	21377681	harbor1	chr8	21270776	21271023	LINE/L2	637	-	124	21270900	93219
chr8	42859941	43059941	harbor1	chr8	42859950	42860223	LINE/L2	577	-	136	42860086	145
chr8	42859941	43059941	harbor1	chr8	42910991	42911169	LINE/L2	635	-	89	42911080	51139
chr8	42859941	43059941	harbor1	chr8	42911459	42912138	LINE/L2	635	-	340	42911799	51858
chr8	42859941	43059941	harbor1	chr8	42954642	42954766	LINE/L2	547	-	62	42954704	94763
chr8	121924768	122124768	harbor1	chr8	121958953	121959289	LINE/L2	731	-	168	121959121	34353
chr8	121924768	122124768	harbor1	chr8	121971477	121971886	LINE/L2	483	-	204	121971681	46913
chr8	137611141	137811141	harbor1	chr8	137621829	137622258	LINE/L2	438	-	214	137622043	10902
chr8	137611141	137811141	harbor1	chr8	137622503	137622911	LINE/L2	601	-	204	137622707	11566
chr8	137611141	137811141	harbor1	chr8	137633793	137634362	LINE/L2	403	-	284	137634077	22936
chr8	82878747	83078747	harbor1	chr8	82890628	82891059	LINE/L2	412	-	216	82890844	12097
chr8	122786357	122986357	harbor1	chr8	122804421	122804548	LINE/L2	431	-	64	122804485	18128
chr8	122786357	122986357	harbor1	chr8	122811863	122812315	LINE/L2	919	-	226	122812089	25732
chr8	122786357	122986357	harbor1	chr8	122845808	122846161	LINE/L2	553	-	176	122845984	59627
chr8	122786357	122986357	harbor1	chr8	122851120	122851356	LINE/L2	442	-	118	122851238	64881
chr8	122786357	122986357	harbor1	chr8	122884902	122885148	LINE/L2	684	-	123	122885025	98668
chr8	119194882	119394882	harbor1	chr8	119212427	119212780	LINE/L2	592	-	176	119212603	17721
chr8	119194882	119394882	harbor1	chr8	119259318	119260193	LINE/L2	1422	-	438	119259756	64874
chr8	119194882	119394882	harbor1	chr8	119261129	119261209	LINE/L2	399	-	40	119261169	66287
chr8	119194882	119394882	harbor1	chr8	119261745	119262228	LINE/L2	645	-	242	119261987	67105
chr8	119194882	119394882	harbor1	chr8	119267248	119267916	LINE/L2	546	-	334	119267582	72700
chr8	119194882	119394882	harbor1	chr8	119283350	119284213	LINE/L2	972	-	432	119283782	88900
chr8	35569946	35769946	harbor1	chr8	35579457	35580322	LINE/L2	605	-	432	35579889	9943
chr8	97500299	97700299	harbor1	chr8	97501777	97503069	LINE/L2	2349	-	646	97502423	2124
chr8	97500299	97700299	harbor1	chr8	97504732	97504893	LINE/L2	3598	-	80	97504812	4513
chr8	97500299	97700299	harbor1	chr8	97505204	97506550	LINE/L2	3598	-	673	97505877	5578
chr8	97500299	97700299	harbor1	chr8	97544715	97545239	LINE/L2	548	-	262	97544977	44678
chr8	97500299	97700299	harbor1	chr8	97568827	97569119	LINE/L2	670	-	146	97568973	68674
chr8	97500299	97700299	harbor1	chr8	97576568	97576651	LINE/L2	1736	-	42	97576610	76311
chr8	97500299	97700299	harbor1	chr8	97576801	97577604	LINE/L2	1736	-	402	97577203	76904
chr8	75529986	75729986	harbor1	chr8	75541804	75542018	LINE/L2	630	-	107	75541911	11925
chr8	75529986	75729986	harbor1	chr8	75542311	75542904	LINE/L2	1561	-	296	75542607	12621
chr8	75529986	75729986	harbor1	chr8	75543212	75543728	LINE/L2	1561	-	258	75543470	13484
chr8	75529986	75729986	harbor1	chr8	75548375	75548520	LINE/L2	516	-	72	75548447	18461
chr8	75529986	75729986	harbor1	chr8	75554605	75554976	LINE/L2	404	-	186	75554791	24805
chr8	75529986	75729986	harbor1	chr8	75555136	75555412	LINE/L2	434	-	138	75555274	25288
chr8	99593960	99793960	harbor1	chr8	99630603	99630753	LINE/L2	406	-	75	99630678	36718
chr8	99593960	99793960	harbor1	chr8	99688157	99688638	LINE/L2	469	-	240	99688397	94437
chr8	87611523	87811523	harbor1	chr8	87646292	87646797	LINE/L2	1436	-	252	87646544	35021
chr8	87611523	87811523	harbor1	chr8	87690193	87691301	LINE/L2	1923	-	554	87690747	79224
chr8	87611523	87811523	harbor1	chr8	87654213	87654768	LINE/L2	687	-	278	87654491	42968
chr8	114077220	114277220	harbor1	chr8	114116965	114117365	LINE/L2	890	-	200	114117165	39945
chr8	86417115	86617115	harbor1	chr8	86443528	86444783	LINE/L2	1989	-	628	86444156	27041
chr8	86417115	86617115	harbor1	chr8	86446756	86447268	LINE/L2	1486	-	256	86447012	29897
chr8	86417115	86617115	harbor1	chr8	86447566	86447668	LINE/L2	1486	-	51	86447617	30502
chr8	43125137	43325137	harbor1	chr8	43133279	43133550	LINE/L2	525	-	136	43133415	8278
chr8	132428186	132628186	harbor1	chr8	132452809	132453048	LINE/L2	477	-	120	132452929	24743
chr8	132428186	132628186	harbor1	chr8	132453099	132453437	LINE/L2	424	-	169	132453268	25082
chr8	132428186	132628186	harbor1	chr8	132481814	132482092	LINE/L2	460	-	139	132481953	53767
chr8	132428186	132628186	harbor1	chr8	132493101	132493216	LINE/L2	517	-	58	132493159	64973
chr8	132428186	132628186	harbor1	chr8	132495255	132495694	LINE/L2	917	-	220	132495475	67289
chr8	139275775	139475775	harbor1	chr8	139336529	139336867	LINE/L2	530	-	169	139336698	60923
chr8	97567744	97767744	harbor1	chr8	97568827	97569119	LINE/L2	670	-	146	97568973	1229
chr8	97567744	97767744	harbor1	chr8	97576568	97576651	LINE/L2	1736	-	42	97576610	8866
chr8	97567744	97767744	harbor1	chr8	97576801	97577604	LINE/L2	1736	-	402	97577203	9459
chr8	97567744	97767744	harbor1	chr8	97609225	97609401	LINE/L2	417	-	88	97609313	41569
chr8	97567744	97767744	harbor1	chr8	97612620	97612828	LINE/L2	520	-	104	97612724	44980
chr8	97567744	97767744	harbor1	chr8	97637257	97637578	LINE/L2	465	-	160	97637417	69673
chr8	84326857	84526857	harbor1	chr8	84416158	84416545	LINE/L2	475	-	194	84416352	89495
chr9	3878977	4078977	harbor1	chr9	3899727	3900153	LINE/L2	766	-	213	3899940	20963
chr9	3878977	4078977	harbor1	chr9	3903579	3903974	LINE/L2	884	-	198	3903777	24800
chr9	3878977	4078977	harbor1	chr9	3905927	3906639	LINE/L2	954	-	356	3906283	27306
chr9	133562011	133762011	harbor1	chr9	133616179	133616289	LINE/L2	404	-	55	133616234	54223
chr9	41505391	41705391	harbor1	chr9	41512815	41513405	LINE/L2	552	-	295	41513110	7719
chr9	121277845	121477845	harbor1	chr9	121279160	121279687	LINE/L2	469	-	264	121279424	1579
chr9	121277845	121477845	harbor1	chr9	121280329	121280536	LINE/L2	407	-	104	121280433	2588
chr9	121277845	121477845	harbor1	chr9	121325218	121325579	LINE/L2	393	-	180	121325398	47553
chr9	121277845	121477845	harbor1	chr9	121329797	121329926	LINE/L2	459	-	64	121329861	52016
chr9	121277845	121477845	harbor1	chr9	121356377	121356700	LINE/L2	538	-	162	121356539	78694
chr9	121277845	121477845	harbor1	chr9	121357011	121357061	LINE/L2	439	-	25	121357036	79191
chr9	121277845	121477845	harbor1	chr9	121375447	121375565	LINE/L2	634	-	59	121375506	97661
chr9	4003941	4203941	harbor1	chr9	4014890	4015188	LINE/L2	438	-	149	4015039	11098
chr9	4003941	4203941	harbor1	chr9	4019460	4019720	LINE/L2	957	-	130	4019590	15649
chr9	4003941	4203941	harbor1	chr9	4020051	4020269	LINE/L2	957	-	109	4020160	16219
chr9	4003941	4203941	harbor1	chr9	4047570	4047780	LINE/L2	396	-	105	4047675	43734
chr9	74190838	74390838	harbor1	chr9	74193311	74193870	LINE/L2	1275	-	280	74193591	2753
chr9	74190838	74390838	harbor1	chr9	74240458	74241423	LINE/L2	1925	-	482	74240940	50102
chr9	32537660	32737660	harbor1	chr9	32596827	32597318	LINE/L2	1216	-	246	32597073	59413
chr9	32537660	32737660	harbor1	chr9	32600415	32600621	LINE/L2	409	-	103	32600518	62858
chr9	37311312	37511312	harbor1	chr9	37312287	37312474	LINE/L2	468	-	94	37312381	1069
chr9	37311312	37511312	harbor1	chr9	37341408	37341608	LINE/L2	1642	-	100	37341508	30196
chr9	37311312	37511312	harbor1	chr9	37341634	37342491	LINE/L2	1872	-	428	37342062	30750
chr9	37311312	37511312	harbor1	chr9	37410122	37410841	LINE/L2	975	-	360	37410482	99170
chr9	123320832	123520832	harbor1	chr9	123369366	123369658	LINE/L2	409	-	146	123369512	48680
chr9	75220553	75420553	harbor1	chr9	75231387	75231590	LINE/L2	540	-	102	75231489	10936
chr9	99198133	99398133	harbor1	chr9	99225124	99225527	LINE/L2	767	-	202	99225326	27193
chr9	99198133	99398133	harbor1	chr9	99294770	99294906	LINE/L2	467	-	68	99294838	96705
chr9	8025004	8225004	harbor1	chr9	8038988	8039155	LINE/L2	392	-	84	8039072	14068
chr9	8025004	8225004	harbor1	chr9	8039163	8039764	LINE/L2	761	-	300	8039463	14459
chr9	132659716	132859716	harbor1	chr9	132671727	132671895	LINE/L2	439	-	84	132671811	12095
chr9	132659716	132859716	harbor1	chr9	132748534	132748650	LINE/L2	394	-	58	132748592	88876
chr9	6948458	7148458	harbor1	chr9	6985399	6985642	LINE/L2	492	-	122	6985521	37063
chr9	6948458	7148458	harbor1	chr9	7044430	7045036	LINE/L2	632	-	303	7044733	96275
chr9	76643690	76843690	harbor1	chr9	76651799	76652106	LINE/L2	720	-	154	76651953	8263
chr9	76643690	76843690	harbor1	chr9	76695723	76695944	LINE/L2	515	-	110	76695833	52143
chr9	105625987	105825987	harbor1	chr9	105655102	105655175	LINE/L2	402	-	36	105655138	29151
chr9	105625987	105825987	harbor1	chr9	105655234	105655649	LINE/L2	1237	-	208	105655442	29455
chr9	31297537	31497537	harbor1	chr9	31310286	31310995	LINE/L2	869	-	354	31310640	13103
chr9	31297537	31497537	harbor1	chr9	31369158	31369740	LINE/L2	559	-	291	31369449	71912
chr9	31297537	31497537	harbor1	chr9	31391634	31392108	LINE/L2	515	-	237	31391871	94334
chr9	91185735	91385735	harbor1	chr9	91233023	91233462	LINE/L2	410	-	220	91233243	47508
chr9	91185735	91385735	harbor1	chr9	91234631	91235623	LINE/L2	663	-	496	91235127	49392
chr9	91185735	91385735	harbor1	chr9	91236080	91236319	LINE/L2	436	-	120	91236200	50465
chr9	14383528	14583528	harbor1	chr9	14394065	14394245	LINE/L2	473	-	90	14394155	10627
chr9	14383528	14583528	harbor1	chr9	14444116	14444311	LINE/L2	587	-	98	14444214	60686
chr9	14383528	14583528	harbor1	chr9	14467679	14467781	LINE/L2	423	-	51	14467730	84202
chr9	32971609	33171609	harbor1	chr9	32974722	32975317	LINE/L2	721	-	298	32975020	3411
chr9	32971609	33171609	harbor1	chr9	32980550	32980867	LINE/L2	589	-	158	32980708	9099
chr9	32971609	33171609	harbor1	chr9	32998076	32998314	LINE/L2	406	-	119	32998195	26586
chr9	32971609	33171609	harbor1	chr9	33010346	33010438	LINE/L2	650	-	46	33010392	38783
chr9	32971609	33171609	harbor1	chr9	33010734	33010859	LINE/L2	650	-	62	33010796	39187
chr9	32971609	33171609	harbor1	chr9	33011162	33011247	LINE/L2	650	-	42	33011204	39595
chr9	32971609	33171609	harbor1	chr9	33016921	33017015	LINE/L2	412	-	47	33016968	45359
chr9	102916109	103116109	harbor1	chr9	102940012	102940561	LINE/L2	449	-	274	102940286	24177
chr9	102916109	103116109	harbor1	chr9	102940806	102941298	LINE/L2	1303	-	246	102941052	24943
chr9	62360984	62560984	harbor1	chr9	62423460	62423963	LINE/L2	1001	-	252	62423712	62728
chr9	41349679	41549679	harbor1	chr9	41389486	41390042	LINE/L2	690	-	278	41389764	40085
chr9	41349679	41549679	harbor1	chr9	41440246	41440469	LINE/L2	396	-	112	41440358	90679
chr9	131943014	132143014	harbor1	chr9	131971265	131971738	LINE/L2	667	-	236	131971501	28487
chr9	131943014	132143014	harbor1	chr9	131984423	131984681	LINE/L2	453	-	129	131984552	41538
chr9	131943014	132143014	harbor1	chr9	132007573	132007840	LINE/L2	538	-	134	132007707	64693
chr9	131943014	132143014	harbor1	chr9	132035263	132035589	LINE/L2	734	-	163	132035426	92412
chr9	109934915	110134915	harbor1	chr9	109973903	109974051	LINE/L2	621	-	74	109973977	39062
chr9	122915368	123115368	harbor1	chr9	122953861	122954027	LINE/L2	596	-	83	122953944	38576
chr9	122915368	123115368	harbor1	chr9	122954075	122954320	LINE/L2	505	-	122	122954197	38829
chr9	122915368	123115368	harbor1	chr9	122957769	122957885	LINE/L2	587	-	58	122957827	42459
chr9	122915368	123115368	harbor1	chr9	122959115	122959448	LINE/L2	442	-	166	122959281	43913
chr9	122915368	123115368	harbor1	chr9	122965858	122966242	LINE/L2	1634	-	192	122966050	50682
chr9	122915368	123115368	harbor1	chr9	122966547	122966710	LINE/L2	1634	-	82	122966629	51261
chr9	122915368	123115368	harbor1	chr9	122967071	122967522	LINE/L2	1634	-	226	122967297	51929
chr9	122915368	123115368	harbor1	chr9	122976633	122977423	LINE/L2	462	-	395	122977028	61660
chr9	4066637	4266637	harbor1	chr9	4158690	4159099	LINE/L2	513	-	204	4158894	92257
chr9	2291363	2491363	harbor1	chr9	2338321	2338639	LINE/L2	479	-	159	2338480	47117
chr9	120765303	120965303	harbor1	chr9	120776935	120777125	LINE/L2	414	-	95	120777030	11727
chr9	120765303	120965303	harbor1	chr9	120793760	120793931	LINE/L2	445	-	86	120793846	28543
chr9	120765303	120965303	harbor1	chr9	120798326	120798525	LINE/L2	436	-	100	120798426	33123
chr9	120765303	120965303	harbor1	chr9	120829890	120830627	LINE/L2	1297	-	368	120830258	64955
chr9	120765303	120965303	harbor1	chr9	120833580	120833669	LINE/L2	719	-	44	120833624	68321
chr9	120765303	120965303	harbor1	chr9	120834280	120834609	LINE/L2	719	-	164	120834444	69141
chr9	120765303	120965303	harbor1	chr9	120838833	120839278	LINE/L2	432	-	222	120839055	73752
chr9	26039697	26239697	harbor1	chr9	26080550	26080769	LINE/L2	405	-	110	26080660	40963
chr9	26039697	26239697	harbor1	chr9	26083977	26084309	LINE/L2	499	-	166	26084143	44446
chr9	26039697	26239697	harbor1	chr9	26102316	26102995	LINE/L2	553	-	340	26102656	62959
chr9	26039697	26239697	harbor1	chr9	26120006	26121663	LINE/L2	3022	-	828	26120834	81137
chr9	130699865	130899865	harbor1	chr9	130720079	130720926	LINE/L2	1368	-	424	130720503	20638
chr9	17040571	17240571	harbor1	chr9	17041942	17042365	LINE/L2	420	-	212	17042154	1583
chr9	17040571	17240571	harbor1	chr9	17117218	17117530	LINE/L2	513	-	156	17117374	76803
chr9	97571228	97771228	harbor1	chr9	97614390	97614747	LINE/L2	690	-	178	97614568	43340
chr9	97571228	97771228	harbor1	chr9	97615886	97616613	LINE/L2	796	-	364	97616250	45022
chr9	97571228	97771228	harbor1	chr9	97616956	97617312	LINE/L2	681	-	178	97617134	45906
chr9	97571228	97771228	harbor1	chr9	97627741	97628081	LINE/L2	885	-	170	97627911	56683
chr9	97571228	97771228	harbor1	chr9	97630353	97630482	LINE/L2	448	-	64	97630417	59189
chr9	97571228	97771228	harbor1	chr9	97632719	97632880	LINE/L2	459	-	80	97632799	61571
chr9	97571228	97771228	harbor1	chr9	97636678	97637139	LINE/L2	1394	-	230	97636908	65680
chr9	97571228	97771228	harbor1	chr9	97632141	97632333	LINE/L2	521	-	96	97632237	61009
chr9	86211152	86411152	harbor1	chr9	86241927	86242253	LINE/L2	631	-	163	86242090	30938
chr9	18536499	18736499	harbor1	chr9	18537090	18537534	LINE/L2	657	-	222	18537312	813
chr9	18536499	18736499	harbor1	chr9	18540148	18540278	LINE/L2	401	-	65	18540213	3714
chr9	18536499	18736499	harbor1	chr9	18566315	18566771	LINE/L2	882	-	228	18566543	30044
chr9	18536499	18736499	harbor1	chr9	18566779	18566972	LINE/L2	755	-	96	18566875	30376
chr9	18536499	18736499	harbor1	chr9	18567165	18567182	LINE/L2	755	-	8	18567173	30674
chr9	18536499	18736499	harbor1	chr9	18567475	18567630	LINE/L2	755	-	78	18567553	31054
chr9	18536499	18736499	harbor1	chr9	18613912	18614180	LINE/L2	491	-	134	18614046	77547
chr9	18536499	18736499	harbor1	chr9	18618959	18619133	LINE/L2	525	-	87	18619046	82547
chr9	18536499	18736499	harbor1	chr9	18621672	18621797	LINE/L2	416	-	62	18621734	85235
chr9	18536499	18736499	harbor1	chr9	18626144	18626791	LINE/L2	882	-	324	18626468	89969
chr9	93869689	94069689	harbor1	chr9	93926018	93926315	LINE/L2	516	-	148	93926166	56477
chr9	93869689	94069689	harbor1	chr9	93926613	93926748	LINE/L2	516	-	68	93926681	56992
chr9	93869689	94069689	harbor1	chr9	93927538	93927753	LINE/L2	476	-	108	93927646	57957
chr9	93869689	94069689	harbor1	chr9	93938156	93938633	LINE/L2	861	-	238	93938394	68705
chr9	101133813	101333813	harbor1	chr9	101157192	101157719	LINE/L2	751	-	264	101157456	23643
chr9	101133813	101333813	harbor1	chr9	101158035	101158221	LINE/L2	751	-	93	101158128	24315
chr9	101133813	101333813	harbor1	chr9	101170088	101170233	LINE/L2	528	-	72	101170160	36347
chr9	101133813	101333813	harbor1	chr9	101170565	101170653	LINE/L2	528	-	44	101170609	36796
chr9	101133813	101333813	harbor1	chr9	101170960	101171041	LINE/L2	528	-	40	101171000	37187
chr9	40090947	40290947	harbor1	chr9	40187403	40187632	LINE/L2	476	-	114	40187517	96570
chr9	90550377	90750377	harbor1	chr9	90616246	90616558	LINE/L2	430	-	156	90616402	66025
chr9	90550377	90750377	harbor1	chr9	90631111	90631584	LINE/L2	723	-	236	90631347	80970
chr9	72955879	73155879	harbor1	chr9	73020281	73020632	LINE/L2	570	-	176	73020457	64578
chr9	112545496	112745496	harbor1	chr9	112585916	112586048	LINE/L2	447	-	66	112585982	40486
chr9	112545496	112745496	harbor1	chr9	112597876	112598516	LINE/L2	465	-	320	112598196	52700
chr9	112545496	112745496	harbor1	chr9	112602974	112603191	LINE/L2	572	-	108	112603082	57586
chr9	112083273	112283273	harbor1	chr9	112117799	112118032	LINE/L2	403	-	116	112117915	34642
chr9	112083273	112283273	harbor1	chr9	112127591	112127827	LINE/L2	606	-	118	112127709	44436
chr9	112083273	112283273	harbor1	chr9	112128062	112128082	LINE/L2	606	-	10	112128072	44799
chr9	112083273	112283273	harbor1	chr9	112128641	112129247	LINE/L2	1012	-	303	112128944	45671
chr9	37147817	37347817	harbor1	chr9	37245466	37245965	LINE/L2	463	-	250	37245716	97899
chr9	37147817	37347817	harbor1	chr9	37246142	37246379	LINE/L2	437	-	118	37246260	98443
chr9	18102737	18302737	harbor1	chr9	18149252	18149493	LINE/L2	967	-	120	18149372	46635
chr9	18102737	18302737	harbor1	chr9	18149652	18150960	LINE/L2	967	-	654	18150306	47569
chr9	40624274	40824274	harbor1	chr9	40633756	40634748	LINE/L2	623	-	496	40634252	9978
chr9	5788482	5988482	harbor1	chr9	5809553	5809703	LINE/L2	532	-	75	5809628	21146
chr9	5788482	5988482	harbor1	chr9	5818180	5818360	LINE/L2	565	-	90	5818270	29788
chr9	5788482	5988482	harbor1	chr9	5835230	5835765	LINE/L2	847	-	268	5835498	47016
chr9	190239	390239	harbor1	chr9	210677	210973	LINE/L2	1058	-	148	210825	20586
chr9	190239	390239	harbor1	chr9	225561	226045	LINE/L2	1268	-	242	225803	35564
chr9	190239	390239	harbor1	chr9	226397	226857	LINE/L2	1268	-	230	226627	36388
chr9	190239	390239	harbor1	chr9	227955	228165	LINE/L2	395	-	105	228060	37821
chr9	190239	390239	harbor1	chr9	240674	240840	LINE/L2	555	-	83	240757	50518
chr9	190239	390239	harbor1	chr9	287102	287176	LINE/L2	395	-	37	287139	96900
chr9	190239	390239	harbor1	chr9	278380	279717	LINE/L2	2400	-	668	279048	88809
chr9	70857209	71057209	harbor1	chr9	70932360	70932489	LINE/L2	402	-	64	70932424	75215
chr9	70857209	71057209	harbor1	chr9	70932737	70934008	LINE/L2	1702	-	636	70933373	76164
chr9	70857209	71057209	harbor1	chr9	70940464	70940877	LINE/L2	630	-	206	70940670	83461
chr9	76870660	77070660	harbor1	chr9	76879414	76879787	LINE/L2	861	-	186	76879600	8940
chr9	76870660	77070660	harbor1	chr9	76916949	76917276	LINE/L2	558	-	164	76917113	46453
chr9	76870660	77070660	harbor1	chr9	76954278	76954530	LINE/L2	482	-	126	76954404	83744
chr9	76870660	77070660	harbor1	chr9	76957944	76958587	LINE/L2	499	-	322	76958266	87606
chr9	76870660	77070660	harbor1	chr9	76964439	76964818	LINE/L2	774	-	190	76964629	93969
chr9	86317097	86517097	harbor1	chr9	86413960	86414132	LINE/L2	400	-	86	86414046	96949
chr9	86317097	86517097	harbor1	chr9	86415643	86416087	LINE/L2	857	-	222	86415865	98768
chr9	27651942	27851942	harbor1	chr9	27724854	27724963	LINE/L2	422	-	54	27724908	72966
chr9	27651942	27851942	harbor1	chr9	27745377	27745770	LINE/L2	490	-	196	27745573	93631
chr9	105410405	105610405	harbor1	chr9	105425986	105426119	LINE/L2	447	-	66	105426052	15647
chr9	105410405	105610405	harbor1	chr9	105457173	105457569	LINE/L2	593	-	198	105457371	46966
chr9	79499148	79699148	harbor1	chr9	79523333	79523560	LINE/L2	568	-	114	79523447	24299
chr9	106248553	106448553	harbor1	chr9	106272177	106273182	LINE/L2	1102	-	502	106272679	24126
chr9	78886424	79086424	harbor1	chr9	78902941	78903157	LINE/L2	588	-	108	78903049	16625
chr9	78886424	79086424	harbor1	chr9	78913129	78914035	LINE/L2	1817	-	453	78913582	27158
chr9	78886424	79086424	harbor1	chr9	78933015	78933413	LINE/L2	2327	-	199	78933214	46790
chr9	78886424	79086424	harbor1	chr9	78933788	78934338	LINE/L2	2327	-	275	78934063	47639
chr9	97328355	97528355	harbor1	chr9	97411417	97411726	LINE/L2	711	-	154	97411571	83216
chr9	97328355	97528355	harbor1	chr9	97416808	97417534	LINE/L2	1279	-	363	97417171	88816
chr9	112346402	112546402	harbor1	chr9	112429278	112429392	LINE/L2	444	-	57	112429335	82933
chr9	112346402	112546402	harbor1	chr9	112429529	112429809	LINE/L2	896	-	140	112429669	83267
chr9	112346402	112546402	harbor1	chr9	112430106	112430122	LINE/L2	2683	-	8	112430114	83712
chr9	112346402	112546402	harbor1	chr9	112430160	112430770	LINE/L2	2683	-	305	112430465	84063
chr9	112346402	112546402	harbor1	chr9	112431084	112431490	LINE/L2	2683	-	203	112431287	84885
chr9	112346402	112546402	harbor1	chr9	112432222	112432275	LINE/L2	2683	-	26	112432248	85846
chr9	79185210	79385210	harbor1	chr9	79220227	79220343	LINE/L2	500	-	58	79220285	35075
chr9	79185210	79385210	harbor1	chr9	79267937	79268193	LINE/L2	402	-	128	79268065	82855
chr9	79185210	79385210	harbor1	chr9	79281559	79281999	LINE/L2	537	-	220	79281779	96569
chr9	106031212	106231212	harbor1	chr9	106049721	106049900	LINE/L2	582	-	90	106049811	18599
chr9	106031212	106231212	harbor1	chr9	106069230	106069838	LINE/L2	518	-	304	106069534	38322
chr9	106031212	106231212	harbor1	chr9	106080760	106080955	LINE/L2	397	-	98	106080858	49646
chr9	106031212	106231212	harbor1	chr9	106081144	106081607	LINE/L2	518	-	232	106081376	50164
chr9	105202249	105402249	harbor1	chr9	105276370	105276565	LINE/L2	812	-	98	105276468	74219
chr9	105202249	105402249	harbor1	chr9	105276625	105277248	LINE/L2	1649	-	312	105276937	74688
chr9	89812466	90012466	harbor1	chr9	89843826	89844256	LINE/L2	654	-	215	89844041	31575
chr9	89812466	90012466	harbor1	chr9	89848353	89848619	LINE/L2	443	-	133	89848486	36020
chr9	89812466	90012466	harbor1	chr9	89888636	89888755	LINE/L2	475	-	60	89888696	76230
chr9	89812466	90012466	harbor1	chr9	89900367	89901228	LINE/L2	925	-	430	89900797	88331
chr9	20252645	20452645	harbor1	chr9	20270661	20270774	LINE/L2	578	-	56	20270717	18072
chr9	20252645	20452645	harbor1	chr9	20274050	20274300	LINE/L2	563	-	125	20274175	21530
chr9	20252645	20452645	harbor1	chr9	20274286	20274521	LINE/L2	529	-	118	20274404	21759
chr9	20252645	20452645	harbor1	chr9	20311620	20312720	LINE/L2	1335	-	550	20312170	59525
chr9	20252645	20452645	harbor1	chr9	20339499	20339641	LINE/L2	533	-	71	20339570	86925
chr9	26456896	26656896	harbor1	chr9	26503405	26503652	LINE/L2	689	-	124	26503529	46633
chr9	26456896	26656896	harbor1	chr9	26517977	26518269	LINE/L2	435	-	146	26518123	61227
chr9	26456896	26656896	harbor1	chr9	26535593	26536659	LINE/L2	1679	-	533	26536126	79230
chr9	124240361	124440361	harbor1	chr9	124240509	124240726	LINE/L2	456	-	108	124240617	256
chr9	124240361	124440361	harbor1	chr9	124240849	124241020	LINE/L2	456	-	86	124240935	574
chr9	124240361	124440361	harbor1	chr9	124323040	124323296	LINE/L2	434	-	128	124323168	82807
chr9	124240361	124440361	harbor1	chr9	124326990	124327142	LINE/L2	434	-	76	124327066	86705
chr9	93111564	93311564	harbor1	chr9	93191472	93191748	LINE/L2	557	-	138	93191610	80046
chr9	93111564	93311564	harbor1	chr9	93192340	93192544	LINE/L2	557	-	102	93192442	80878
chr9	26415210	26615210	harbor1	chr9	26432881	26433255	LINE/L2	464	-	187	26433068	17858
chr9	26415210	26615210	harbor1	chr9	26503405	26503652	LINE/L2	689	-	124	26503529	88319
chr9	65698429	65898429	harbor1	chr9	65759615	65759961	LINE/L2	443	-	173	65759788	61359
chr9	73721646	73921646	harbor1	chr9	73731642	73732777	LINE/L2	1412	-	568	73732210	10564
chr9	73721646	73921646	harbor1	chr9	73735417	73735875	LINE/L2	719	-	229	73735646	14000
chr9	73721646	73921646	harbor1	chr9	73736223	73736427	LINE/L2	459	-	102	73736325	14679
chr9	73721646	73921646	harbor1	chr9	73736972	73737848	LINE/L2	460	-	438	73737410	15764
chr9	73721646	73921646	harbor1	chr9	73814448	73814777	LINE/L2	405	-	164	73814612	92966
chr9	27511039	27711039	harbor1	chr9	27540733	27540932	LINE/L2	447	-	100	27540833	29794
chr9	120415038	120615038	harbor1	chr9	120433888	120434637	LINE/L2	838	-	374	120434262	19224
chr9	120415038	120615038	harbor1	chr9	120486653	120486970	LINE/L2	487	-	158	120486811	71773
chr9	30261974	30461974	harbor1	chr9	30267799	30269132	LINE/L2	1605	-	666	30268465	6491
chr9	30261974	30461974	harbor1	chr9	30320478	30321040	LINE/L2	595	-	281	30320759	58785
chr9	30161720	30361720	harbor1	chr9	30215092	30215440	LINE/L2	521	-	174	30215266	53546
chr9	30161720	30361720	harbor1	chr9	30216275	30216526	LINE/L2	641	-	126	30216401	54681
chr9	30161720	30361720	harbor1	chr9	30244498	30244690	LINE/L2	543	-	96	30244594	82874
chr9	106781833	106981833	harbor1	chr9	106794302	106794443	LINE/L2	632	-	70	106794372	12539
chr9	106781833	106981833	harbor1	chr9	106794735	106795226	LINE/L2	632	-	246	106794981	13148
chr9	106781833	106981833	harbor1	chr9	106839221	106840034	LINE/L2	1738	-	406	106839627	57794
chr9	106781833	106981833	harbor1	chr9	106840087	106840516	LINE/L2	1738	-	214	106840301	58468
chr9	108540714	108740714	harbor1	chr9	108598764	108598887	LINE/L2	504	-	62	108598826	58112
chr9	118902974	119102974	harbor1	chr9	118933236	118933664	LINE/L2	397	-	214	118933450	30476
chr9	118902974	119102974	harbor1	chr9	118933900	118934336	LINE/L2	694	-	218	118934118	31144
chr9	118902974	119102974	harbor1	chr9	118955503	118955804	LINE/L2	511	-	150	118955653	52679
chr9	65084391	65284391	harbor1	chr9	65141338	65141630	LINE/L2	404	-	146	65141484	57093
chr9	65084391	65284391	harbor1	chr9	65141674	65142000	LINE/L2	735	-	163	65141837	57446
chr9	65084391	65284391	harbor1	chr9	65142346	65142466	LINE/L2	735	-	60	65142406	58015
chr9	113858073	114058073	harbor1	chr9	113931967	113934356	LINE/L2	1985	-	1194	113933161	75088
chr9	123686554	123886554	harbor1	chr9	123691159	123691417	LINE/L2	435	-	129	123691288	4734
chr9	123686554	123886554	harbor1	chr9	123695571	123695725	LINE/L2	416	-	77	123695648	9094
chr9	123686554	123886554	harbor1	chr9	123706024	123706138	LINE/L2	3063	-	57	123706081	19527
chr9	123686554	123886554	harbor1	chr9	123706411	123706489	LINE/L2	3063	-	39	123706450	19896
chr9	123686554	123886554	harbor1	chr9	123706798	123707112	LINE/L2	3063	-	157	123706955	20401
chr9	123686554	123886554	harbor1	chr9	123707420	123708113	LINE/L2	3063	-	346	123707766	21212
chr9	123686554	123886554	harbor1	chr9	123762561	123764010	LINE/L2	1777	-	724	123763285	76731
chr9	65508840	65708840	harbor1	chr9	65561382	65561614	LINE/L2	609	-	116	65561498	52658
chr9	65508840	65708840	harbor1	chr9	65561947	65562045	LINE/L2	609	-	49	65561996	53156
chr9	65508840	65708840	harbor1	chr9	65568017	65568146	LINE/L2	489	-	64	65568081	59241
chr9	65508840	65708840	harbor1	chr9	65568165	65568374	LINE/L2	565	-	104	65568269	59429
chr9	82397978	82597978	harbor1	chr9	82476758	82476871	LINE/L2	461	-	56	82476814	78836
chr9	119951073	120151073	harbor1	chr9	119967954	119968289	LINE/L2	403	-	168	119968122	17049
chr9	119951073	120151073	harbor1	chr9	119988305	119988721	LINE/L2	484	-	208	119988513	37440
chr9	119951073	120151073	harbor1	chr9	119995759	119995924	LINE/L2	506	-	82	119995841	44768
chr9	119951073	120151073	harbor1	chr9	119996621	119996922	LINE/L2	506	-	150	119996771	45698
chr9	119951073	120151073	harbor1	chr9	120015220	120015566	LINE/L2	452	-	173	120015393	64320
chr9	94045412	94245412	harbor1	chr9	94054009	94054275	LINE/L2	879	-	133	94054142	8730
chr9	94045412	94245412	harbor1	chr9	94054248	94054327	LINE/L2	405	-	40	94054288	8876
chr9	20513613	20713613	harbor1	chr9	20560420	20560734	LINE/L2	471	-	157	20560577	46964
chr9	100146880	100346880	harbor1	chr9	100150982	100151209	LINE/L2	883	-	114	100151096	4216
chr9	100146880	100346880	harbor1	chr9	100151485	100151689	LINE/L2	883	-	102	100151587	4707
chr9	100146880	100346880	harbor1	chr9	100163402	100164088	LINE/L2	1570	-	343	100163745	16865
chr9	100146880	100346880	harbor1	chr9	100170766	100171127	LINE/L2	550	-	180	100170946	24066
chr9	100146880	100346880	harbor1	chr9	100171493	100171580	LINE/L2	550	-	44	100171537	24657
chr9	100146880	100346880	harbor1	chr9	100223461	100223734	LINE/L2	602	-	136	100223597	76717
chr9	72678200	72878200	harbor1	chr9	72763278	72763950	LINE/L2	455	-	336	72763614	85414
chr9	98099239	98299239	harbor1	chr9	98158466	98158778	LINE/L2	650	-	156	98158622	59383
chr9	98099239	98299239	harbor1	chr9	98171395	98171681	LINE/L2	404	-	143	98171538	72299
chr9	35228235	35428235	harbor1	chr9	35232664	35233006	LINE/L2	434	-	171	35232835	4600
chr9	35228235	35428235	harbor1	chr9	35254038	35254215	LINE/L2	492	-	88	35254126	25891
chr9	35228235	35428235	harbor1	chr9	35283534	35283866	LINE/L2	776	-	166	35283700	55465
chr9	35228235	35428235	harbor1	chr9	35287670	35287790	LINE/L2	445	-	60	35287730	59495
chr9	108937191	109137191	harbor1	chr9	108967116	108967327	LINE/L2	475	-	106	108967222	30031
chr9	108937191	109137191	harbor1	chr9	108967415	108967895	LINE/L2	654	-	240	108967655	30464
chr9	108937191	109137191	harbor1	chr9	109000340	109000880	LINE/L2	620	-	270	109000610	63419
chr9	108937191	109137191	harbor1	chr9	109024390	109025074	LINE/L2	495	-	342	109024732	87541
chr9	108937191	109137191	harbor1	chr9	109026125	109026570	LINE/L2	547	-	222	109026347	89156
chr9	108657153	108857153	harbor1	chr9	108752299	108752616	LINE/L2	424	-	158	108752457	95304
chr9	110364429	110564429	harbor1	chr9	110373682	110373885	LINE/L2	479	-	102	110373784	9355
chr9	110364429	110564429	harbor1	chr9	110432832	110432867	LINE/L2	729	-	18	110432850	68421
chr9	110364429	110564429	harbor1	chr9	110433271	110433417	LINE/L2	729	-	73	110433344	68915
chr9	110364429	110564429	harbor1	chr9	110446254	110446409	LINE/L2	486	-	78	110446332	81903
chr9	97940368	98140368	harbor1	chr9	97940960	97941732	LINE/L2	1211	-	386	97941346	978
chr9	97940368	98140368	harbor1	chr9	97951570	97951743	LINE/L2	397	-	86	97951656	11288
chr9	97940368	98140368	harbor1	chr9	97959017	97959488	LINE/L2	442	-	236	97959253	18885
chr9	11326079	11526079	harbor1	chr9	11393840	11394131	LINE/L2	552	-	146	11393986	67907
chr9	11326079	11526079	harbor1	chr9	11396563	11396722	LINE/L2	430	-	80	11396643	70564
chr9	9228833	9428833	harbor1	chr9	9270238	9271067	LINE/L2	1037	-	414	9270652	41819
chr9	9228833	9428833	harbor1	chr9	9304080	9304375	LINE/L2	570	-	148	9304228	75395
chr9	82655761	82855761	harbor1	chr9	82719646	82719678	LINE/L2	587	-	16	82719662	63901
chr9	82655761	82855761	harbor1	chr9	82720035	82720089	LINE/L2	587	-	27	82720062	64301
chr9	82655761	82855761	harbor1	chr9	82720429	82720878	LINE/L2	587	-	224	82720653	64892
chr9	63594163	63794163	harbor1	chr9	63644763	63645673	LINE/L2	1026	-	455	63645218	51055
chr9	128642363	128842363	harbor1	chr9	128642767	128643068	LINE/L2	525	-	150	128642917	554
chr9	128090719	128290719	harbor1	chr9	128162605	128163026	LINE/L2	579	-	210	128162815	72096
chr9	79993953	80193953	harbor1	chr9	80079078	80079138	LINE/L2	455	-	30	80079108	85155
chr9	79993953	80193953	harbor1	chr9	80079753	80079961	LINE/L2	455	-	104	80079857	85904
chr9	124251548	124451548	harbor1	chr9	124323040	124323296	LINE/L2	434	-	128	124323168	71620
chr9	124251548	124451548	harbor1	chr9	124326990	124327142	LINE/L2	434	-	76	124327066	75518
chr9	97934917	98134917	harbor1	chr9	97940960	97941732	LINE/L2	1211	-	386	97941346	6429
chr9	97934917	98134917	harbor1	chr9	97951570	97951743	LINE/L2	397	-	86	97951656	16739
chr9	97934917	98134917	harbor1	chr9	97959017	97959488	LINE/L2	442	-	236	97959253	24336
chr9	14161184	14361184	harbor1	chr9	14237900	14238315	LINE/L2	511	-	208	14238108	76924
chr9	109147291	109347291	harbor1	chr9	109201800	109202231	LINE/L2	393	-	216	109202016	54725
chr9	109147291	109347291	harbor1	chr9	109214512	109215015	LINE/L2	483	-	252	109214764	67473
chr9	109147291	109347291	harbor1	chr9	109238494	109239580	LINE/L2	569	-	543	109239037	91746
chr9	67508600	67708600	harbor1	chr9	67528046	67528460	LINE/L2	684	-	207	67528253	19653
chr9	6658963	6858963	harbor1	chr9	6700015	6700264	LINE/L2	945	-	124	6700139	41176
chr9	6658963	6858963	harbor1	chr9	6700586	6700798	LINE/L2	945	-	106	6700692	41729
chr9	6658963	6858963	harbor1	chr9	6701282	6701775	LINE/L2	2323	-	246	6701528	42565
chr9	6658963	6858963	harbor1	chr9	6702087	6702354	LINE/L2	2323	-	134	6702221	43258
chr9	447793	647793	harbor1	chr9	490720	490958	LINE/L2	1027	-	119	490839	43046
chr9	447793	647793	harbor1	chr9	491257	491270	LINE/L2	1027	-	6	491263	43470
chr9	447793	647793	harbor1	chr9	491567	491704	LINE/L2	1027	-	68	491635	43842
chr9	447793	647793	harbor1	chr9	492074	492166	LINE/L2	1027	-	46	492120	44327
chr9	132916076	133116076	harbor1	chr9	132957458	132957848	LINE/L2	416	-	195	132957653	41577
chr9	132916076	133116076	harbor1	chr9	132974146	132974315	LINE/L2	604	-	84	132974230	58154
chr9	132916076	133116076	harbor1	chr9	132974624	132974856	LINE/L2	604	-	116	132974740	58664
chr9	34493522	34693522	harbor1	chr9	34499421	34499755	LINE/L2	519	-	167	34499588	6066
chr9	34493522	34693522	harbor1	chr9	34515982	34516472	LINE/L2	661	-	245	34516227	22705
chr9	34493522	34693522	harbor1	chr9	34535734	34536064	LINE/L2	440	-	165	34535899	42377
chr9	34493522	34693522	harbor1	chr9	34536375	34536567	LINE/L2	440	-	96	34536471	42949
chr9	31039427	31239427	harbor1	chr9	31041424	31041637	LINE/L2	717	-	106	31041530	2103
chr9	31039427	31239427	harbor1	chr9	31077211	31077988	LINE/L2	729	-	388	31077599	38172
chr9	31039427	31239427	harbor1	chr9	31077989	31078709	LINE/L2	928	-	360	31078349	38922
chr9	31039427	31239427	harbor1	chr9	31078742	31079205	LINE/L2	784	-	232	31078974	39547
chr9	77307523	77507523	harbor1	chr9	77341855	77342132	LINE/L2	520	-	138	77341993	34470
chr9	77307523	77507523	harbor1	chr9	77375780	77376947	LINE/L2	2729	-	584	77376364	68841
chr9	119394101	119594101	harbor1	chr9	119444390	119444594	LINE/L2	438	-	102	119444492	50391
chr9	119394101	119594101	harbor1	chr9	119451888	119452660	LINE/L2	870	-	386	119452274	58173
chr9	119394101	119594101	harbor1	chr9	119452676	119453095	LINE/L2	634	-	210	119452886	58785
chr9	112822031	113022031	harbor1	chr9	112843353	112843626	LINE/L2	1698	-	136	112843489	21458
chr9	112822031	113022031	harbor1	chr9	112843876	112844648	LINE/L2	1698	-	386	112844262	22231
chr9	112822031	113022031	harbor1	chr9	112881645	112882094	LINE/L2	1012	-	224	112881869	59838
chr9	112822031	113022031	harbor1	chr9	112882407	112883243	LINE/L2	1012	-	418	112882825	60794
chr9	24632905	24832905	harbor1	chr9	24727268	24727684	LINE/L2	395	-	208	24727476	94571
chr9	131695081	131895081	harbor1	chr9	131717368	131717493	LINE/L2	454	-	62	131717430	22349
chr9	131695081	131895081	harbor1	chr9	131717781	131717925	LINE/L2	454	-	72	131717853	22772
chr9	131695081	131895081	harbor1	chr9	131718160	131718759	LINE/L2	773	-	300	131718460	23379
chr9	131695081	131895081	harbor1	chr9	131766862	131766997	LINE/L2	427	-	68	131766930	71849
chr9	131695081	131895081	harbor1	chr9	131770888	131771255	LINE/L2	610	-	184	131771072	75991
chr9	31249949	31449949	harbor1	chr9	31310286	31310995	LINE/L2	869	-	354	31310640	60691
chr9	115862386	116062386	harbor1	chr9	115898186	115898437	LINE/L2	523	-	126	115898312	35926
chr9	115862386	116062386	harbor1	chr9	115908231	115908424	LINE/L2	952	-	96	115908327	45941
chr9	115862386	116062386	harbor1	chr9	115908631	115909634	LINE/L2	1379	-	502	115909133	46747
chr9	80880506	81080506	harbor1	chr9	80888136	80888392	LINE/L2	419	-	128	80888264	7758
chr9	80880506	81080506	harbor1	chr9	80921916	80922063	LINE/L2	590	-	74	80921990	41484
chr9	80880506	81080506	harbor1	chr9	80923667	80923830	LINE/L2	396	-	82	80923749	43243
chr9	112575803	112775803	harbor1	chr9	112585916	112586048	LINE/L2	447	-	66	112585982	10179
chr9	112575803	112775803	harbor1	chr9	112597876	112598516	LINE/L2	465	-	320	112598196	22393
chr9	112575803	112775803	harbor1	chr9	112602974	112603191	LINE/L2	572	-	108	112603082	27279
chr9	112575803	112775803	harbor1	chr9	112652968	112653339	LINE/L2	529	-	186	112653154	77351
chr9	83339820	83539820	harbor1	chr9	83340247	83340568	LINE/L2	416	-	160	83340407	587
chr9	83339820	83539820	harbor1	chr9	83353820	83353920	LINE/L2	392	-	50	83353870	14050
chr9	83339820	83539820	harbor1	chr9	83354226	83354239	LINE/L2	392	-	6	83354232	14412
chr9	83339820	83539820	harbor1	chr9	83354669	83354782	LINE/L2	392	-	56	83354725	14905
chr9	83339820	83539820	harbor1	chr9	83417225	83417352	LINE/L2	509	-	64	83417289	77469
chr9	32301727	32501727	harbor1	chr9	32381096	32381201	LINE/L2	406	-	52	32381148	79421
chr9	95355105	95555105	harbor1	chr9	95436850	95437073	LINE/L2	1105	-	112	95436962	81857
chr9	95355105	95555105	harbor1	chr9	95437355	95437553	LINE/L2	1105	-	99	95437454	82349
chr9	474364	674364	harbor1	chr9	490720	490958	LINE/L2	1027	-	119	490839	16475
chr9	474364	674364	harbor1	chr9	491257	491270	LINE/L2	1027	-	6	491263	16899
chr9	474364	674364	harbor1	chr9	491567	491704	LINE/L2	1027	-	68	491635	17271
chr9	474364	674364	harbor1	chr9	492074	492166	LINE/L2	1027	-	46	492120	17756
chr9	474364	674364	harbor1	chr9	551611	551765	LINE/L2	499	-	77	551688	77324
chr9	474364	674364	harbor1	chr9	552069	552252	LINE/L2	499	-	92	552161	77797
chr9	10057263	10257263	harbor1	chr9	10146277	10146452	LINE/L2	472	-	88	10146365	89102
chr9	88019469	88219469	harbor1	chr9	88100350	88100450	LINE/L2	421	-	50	88100400	80931
chr9	75813361	76013361	harbor1	chr9	75827390	75827534	LINE/L2	393	-	72	75827462	14101
chr9	75813361	76013361	harbor1	chr9	75864391	75864534	LINE/L2	419	-	72	75864463	51102
chr9	75813361	76013361	harbor1	chr9	75905978	75906233	LINE/L2	533	-	128	75906106	92745
chr9	75813361	76013361	harbor1	chr9	75906525	75906689	LINE/L2	533	-	82	75906607	93246
chr9	75813361	76013361	harbor1	chr9	75912000	75912430	LINE/L2	660	-	215	75912215	98854
chr9	75813361	76013361	harbor1	chr9	75912594	75912677	LINE/L2	572	-	42	75912636	99275
chr9	76830450	77030450	harbor1	chr9	76839233	76839358	LINE/L2	507	-	62	76839295	8845
chr9	76830450	77030450	harbor1	chr9	76839421	76840251	LINE/L2	1221	-	415	76839836	9386
chr9	76830450	77030450	harbor1	chr9	76858160	76858360	LINE/L2	714	-	100	76858260	27810
chr9	76830450	77030450	harbor1	chr9	76858771	76858901	LINE/L2	714	-	65	76858836	28386
chr9	76830450	77030450	harbor1	chr9	76879414	76879787	LINE/L2	861	-	186	76879600	49150
chr9	76830450	77030450	harbor1	chr9	76916949	76917276	LINE/L2	558	-	164	76917113	86663
chr9	42054965	42254965	harbor1	chr9	42071618	42071992	LINE/L2	539	-	187	42071805	16840
chr9	42054965	42254965	harbor1	chr9	42111263	42111455	LINE/L2	552	-	96	42111359	56394
chr9	115314293	115514293	harbor1	chr9	115322974	115324043	LINE/L2	969	-	534	115323508	9215
chr9	115314293	115514293	harbor1	chr9	115332716	115332895	LINE/L2	422	-	90	115332806	18513
chr9	115314293	115514293	harbor1	chr9	115373804	115374017	LINE/L2	711	-	106	115373910	59617
chr9	115314293	115514293	harbor1	chr9	115374399	115374483	LINE/L2	399	-	42	115374441	60148
chr9	115314293	115514293	harbor1	chr9	115389888	115390510	LINE/L2	769	-	311	115390199	75906
chr9	115314293	115514293	harbor1	chr9	115397505	115398023	LINE/L2	919	-	259	115397764	83471
chr9	115314293	115514293	harbor1	chr9	115409020	115409837	LINE/L2	1539	-	408	115409428	95135
chr9	115314293	115514293	harbor1	chr9	115359383	115359857	LINE/L2	394	-	237	115359620	45327
chr9	26135317	26335317	harbor1	chr9	26192890	26193412	LINE/L2	912	-	261	26193151	57834
chr9	26046237	26246237	harbor1	chr9	26080550	26080769	LINE/L2	405	-	110	26080660	34423
chr9	26046237	26246237	harbor1	chr9	26083977	26084309	LINE/L2	499	-	166	26084143	37906
chr9	26046237	26246237	harbor1	chr9	26102316	26102995	LINE/L2	553	-	340	26102656	56419
chr9	26046237	26246237	harbor1	chr9	26120006	26121663	LINE/L2	3022	-	828	26120834	74597
chr9	130206402	130406402	harbor1	chr9	130300288	130300405	LINE/L2	406	-	58	130300346	93944
chr9	27197333	27397333	harbor1	chr9	27215728	27216360	LINE/L2	546	-	316	27216044	18711
chr9	27197333	27397333	harbor1	chr9	27259958	27261000	LINE/L2	580	-	521	27260479	63146
chr9	131229263	131429263	harbor1	chr9	131283488	131283668	LINE/L2	409	-	90	131283578	54315
chr9	131229263	131429263	harbor1	chr9	131283971	131284028	LINE/L2	409	-	28	131283999	54736
chr9	131229263	131429263	harbor1	chr9	131307588	131307871	LINE/L2	438	-	142	131307730	78467
chr9	72928890	73128890	harbor1	chr9	73020281	73020632	LINE/L2	570	-	176	73020457	91567
chr9	108094146	108294146	harbor1	chr9	108189752	108189879	LINE/L2	1295	-	64	108189816	95670
chr9	108094146	108294146	harbor1	chr9	108190383	108191286	LINE/L2	1295	-	452	108190835	96689
chr9	111742767	111942767	harbor1	chr9	111778297	111778485	LINE/L2	604	-	94	111778391	35624
chr9	111742767	111942767	harbor1	chr9	111778792	111778820	LINE/L2	604	-	14	111778806	36039
chr9	9084854	9284854	harbor1	chr9	9125677	9126283	LINE/L2	716	-	303	9125980	41126
chr9	5824117	6024117	harbor1	chr9	5835230	5835765	LINE/L2	847	-	268	5835498	11381
chr9	432916	632916	harbor1	chr9	490720	490958	LINE/L2	1027	-	119	490839	57923
chr9	432916	632916	harbor1	chr9	491257	491270	LINE/L2	1027	-	6	491263	58347
chr9	432916	632916	harbor1	chr9	491567	491704	LINE/L2	1027	-	68	491635	58719
chr9	432916	632916	harbor1	chr9	492074	492166	LINE/L2	1027	-	46	492120	59204
chr9	12780629	12980629	harbor1	chr9	12817305	12817612	LINE/L2	519	-	154	12817459	36830
chr9	74478044	74678044	harbor1	chr9	74490820	74491080	LINE/L2	543	-	130	74490950	12906
chr9	74478044	74678044	harbor1	chr9	74527296	74527521	LINE/L2	781	-	112	74527408	49364
chr9	74478044	74678044	harbor1	chr9	74539492	74539729	LINE/L2	562	-	118	74539610	61566
chr9	74478044	74678044	harbor1	chr9	74547512	74548205	LINE/L2	1389	-	346	74547858	69814
chr9	74478044	74678044	harbor1	chr9	74552675	74553147	LINE/L2	465	-	236	74552911	74867
chr9	37301107	37501107	harbor1	chr9	37312287	37312474	LINE/L2	468	-	94	37312381	11274
chr9	37301107	37501107	harbor1	chr9	37341408	37341608	LINE/L2	1642	-	100	37341508	40401
chr9	37301107	37501107	harbor1	chr9	37341634	37342491	LINE/L2	1872	-	428	37342062	40955
chr9	115377893	115577893	harbor1	chr9	115389888	115390510	LINE/L2	769	-	311	115390199	12306
chr9	115377893	115577893	harbor1	chr9	115397505	115398023	LINE/L2	919	-	259	115397764	19871
chr9	115377893	115577893	harbor1	chr9	115409020	115409837	LINE/L2	1539	-	408	115409428	31535
chr9	115377893	115577893	harbor1	chr9	115462176	115462555	LINE/L2	829	-	190	115462366	84473
chr9	115377893	115577893	harbor1	chr9	115462938	115463216	LINE/L2	513	-	139	115463077	85184
chr9	115377893	115577893	harbor1	chr9	115463575	115464016	LINE/L2	707	-	220	115463795	85902
chr9	113481905	113681905	harbor1	chr9	113541863	113542530	LINE/L2	768	-	334	113542197	60292
chr9	105298239	105498239	harbor1	chr9	105328104	105328556	LINE/L2	1339	-	226	105328330	30091
chr9	116109417	116309417	harbor1	chr9	116136938	116137051	LINE/L2	411	-	56	116136994	27577
chr9	116109417	116309417	harbor1	chr9	116163048	116163447	LINE/L2	628	-	200	116163248	53831
chr9	116109417	116309417	harbor1	chr9	116169735	116169870	LINE/L2	427	-	68	116169803	60386
chr9	20992485	21192485	harbor1	chr9	21016298	21016726	LINE/L2	444	-	214	21016512	24027
chr9	20992485	21192485	harbor1	chr9	21019135	21019255	LINE/L2	403	-	60	21019195	26710
chr9	20992485	21192485	harbor1	chr9	21055627	21055824	LINE/L2	558	-	98	21055725	63240
chr9	81144151	81344151	harbor1	chr9	81151576	81152599	LINE/L2	846	-	512	81152088	7937
chr9	17836564	18036564	harbor1	chr9	17896893	17897155	LINE/L2	439	-	131	17897024	60460
chr9	17836564	18036564	harbor1	chr9	17902490	17903463	LINE/L2	1110	-	486	17902976	66412
chr9	63056402	63256402	harbor1	chr9	63132846	63132938	LINE/L2	393	-	46	63132892	76490
chr9	63056402	63256402	harbor1	chr9	63134687	63135115	LINE/L2	531	-	214	63134901	78499
chr9	135900303	136100303	harbor1	chr9	135908717	135909121	LINE/L2	533	-	202	135908919	8616
chr9	135900303	136100303	harbor1	chr9	135963044	135963370	LINE/L2	445	-	163	135963207	62904
chr9	103556930	103756930	harbor1	chr9	103618408	103618624	LINE/L2	441	-	108	103618516	61586
chr9	103556930	103756930	harbor1	chr9	103625030	103625530	LINE/L2	918	-	250	103625280	68350
chr9	103556930	103756930	harbor1	chr9	103641756	103641906	LINE/L2	527	-	75	103641831	84901
chr9	103556930	103756930	harbor1	chr9	103646682	103646811	LINE/L2	399	-	64	103646746	89816
chr9	112735163	112935163	harbor1	chr9	112755033	112755595	LINE/L2	716	-	281	112755314	20151
chr9	14323030	14523030	harbor1	chr9	14367099	14367481	LINE/L2	596	-	191	14367290	44260
chr9	14323030	14523030	harbor1	chr9	14394065	14394245	LINE/L2	473	-	90	14394155	71125
chr9	79234517	79434517	harbor1	chr9	79267937	79268193	LINE/L2	402	-	128	79268065	33548
chr9	79234517	79434517	harbor1	chr9	79281559	79281999	LINE/L2	537	-	220	79281779	47262
chr9	79234517	79434517	harbor1	chr9	79297045	79297106	LINE/L2	2192	-	30	79297075	62558
chr9	79234517	79434517	harbor1	chr9	79307411	79307533	LINE/L2	404	-	61	79307472	72955
chr9	79234517	79434517	harbor1	chr9	79329028	79329341	LINE/L2	496	-	156	79329184	94667
chr9	79234517	79434517	harbor1	chr9	79297394	79298594	LINE/L2	2192	-	600	79297994	63477
chr9	3155861	3355861	harbor1	chr9	3196086	3196405	LINE/L2	806	-	160	3196246	40385
chr9	3155861	3355861	harbor1	chr9	3252220	3252739	LINE/L2	931	-	260	3252480	96619
chr9	67856824	68056824	harbor1	chr9	67902528	67902676	LINE/L2	403	-	74	67902602	45778
chr9	83107406	83307406	harbor1	chr9	83195502	83195744	LINE/L2	722	-	121	83195623	88217
chr9	83107406	83307406	harbor1	chr9	83195780	83196206	LINE/L2	549	-	213	83195993	88587
chr9	83107406	83307406	harbor1	chr9	83197379	83197514	LINE/L2	585	-	68	83197447	90041
chr9	83107406	83307406	harbor1	chr9	83203604	83204417	LINE/L2	650	-	406	83204010	96604
chr9	75434788	75634788	harbor1	chr9	75497858	75498113	LINE/L2	617	-	128	75497986	63198
chr9	75434788	75634788	harbor1	chr9	75507906	75508617	LINE/L2	919	-	356	75508262	73474
chr9	75434788	75634788	harbor1	chr9	75480458	75481921	LINE/L2	1355	-	732	75481190	46402
chr9	41463643	41663643	harbor1	chr9	41486985	41487698	LINE/L2	774	-	356	41487341	23698
chr9	41463643	41663643	harbor1	chr9	41488200	41488988	LINE/L2	2328	-	394	41488594	24951
chr9	41463643	41663643	harbor1	chr9	41489219	41489647	LINE/L2	2328	-	214	41489433	25790
chr9	41463643	41663643	harbor1	chr9	41512815	41513405	LINE/L2	552	-	295	41513110	49467
chr9	98084017	98284017	harbor1	chr9	98158466	98158778	LINE/L2	650	-	156	98158622	74605
chr9	98084017	98284017	harbor1	chr9	98171395	98171681	LINE/L2	404	-	143	98171538	87521
chr9	22095800	22295800	harbor1	chr9	22096344	22096446	LINE/L2	400	-	51	22096395	595
chr9	22095800	22295800	harbor1	chr9	22098876	22099460	LINE/L2	719	-	292	22099168	3368
chr9	22095800	22295800	harbor1	chr9	22116300	22116840	LINE/L2	715	-	270	22116570	20770
chr9	22095800	22295800	harbor1	chr9	22137874	22138333	LINE/L2	537	-	230	22138104	42304
chr9	32450299	32650299	harbor1	chr9	32471420	32471644	LINE/L2	447	-	112	32471532	21233
chr9	32450299	32650299	harbor1	chr9	32532395	32532686	LINE/L2	515	-	146	32532541	82242
chr9	32450299	32650299	harbor1	chr9	32532988	32533014	LINE/L2	448	-	13	32533001	82702
chr9	32450299	32650299	harbor1	chr9	32533415	32533842	LINE/L2	536	-	214	32533629	83330
chr9	78184584	78384584	harbor1	chr9	78231685	78232049	LINE/L2	438	-	182	78231867	47283
chr9	78184584	78384584	harbor1	chr9	78233689	78234114	LINE/L2	451	-	212	78233901	49317
chr9	78184584	78384584	harbor1	chr9	78247074	78247978	LINE/L2	1273	-	452	78247526	62942
chr9	78184584	78384584	harbor1	chr9	78267181	78267348	LINE/L2	462	-	84	78267265	82681
chr9	68215703	68415703	harbor1	chr9	68220732	68221045	LINE/L2	567	-	156	68220888	5185
chr9	37236790	37436790	harbor1	chr9	37245466	37245965	LINE/L2	463	-	250	37245716	8926
chr9	37236790	37436790	harbor1	chr9	37246142	37246379	LINE/L2	437	-	118	37246260	9470
chr9	37236790	37436790	harbor1	chr9	37268909	37269380	LINE/L2	568	-	236	37269145	32355
chr9	37236790	37436790	harbor1	chr9	37269647	37269814	LINE/L2	568	-	84	37269731	32941
chr9	37236790	37436790	harbor1	chr9	37312287	37312474	LINE/L2	468	-	94	37312381	75591
chr9	117301944	117501944	harbor1	chr9	117387275	117387676	LINE/L2	573	-	200	117387475	85531
chr9	117301944	117501944	harbor1	chr9	117392031	117392349	LINE/L2	404	-	159	117392190	90246
chr9	117301944	117501944	harbor1	chr9	117401413	117401600	LINE/L2	456	-	94	117401507	99563
chr9	75741255	75941255	harbor1	chr9	75827390	75827534	LINE/L2	393	-	72	75827462	86207
chr9	37541398	37741398	harbor1	chr9	37561652	37561896	LINE/L2	758	-	122	37561774	20376
chr9	105618764	105818764	harbor1	chr9	105655102	105655175	LINE/L2	402	-	36	105655138	36374
chr9	105618764	105818764	harbor1	chr9	105655234	105655649	LINE/L2	1237	-	208	105655442	36678
chr9	109821310	110021310	harbor1	chr9	109862777	109863183	LINE/L2	392	-	203	109862980	41670
chr9	109821310	110021310	harbor1	chr9	109909913	109910478	LINE/L2	438	-	282	109910195	88885
chr9	97217247	97417247	harbor1	chr9	97239534	97239770	LINE/L2	591	-	118	97239652	22405
chr9	97217247	97417247	harbor1	chr9	97243165	97243911	LINE/L2	480	-	373	97243538	26291
chr9	8915027	9115027	harbor1	chr9	8915943	8916421	LINE/L2	786	-	239	8916182	1155
chr9	8915027	9115027	harbor1	chr9	8960913	8961285	LINE/L2	524	-	186	8961099	46072
chr9	69483863	69683863	harbor1	chr9	69521412	69521983	LINE/L2	536	-	286	69521698	37835
chr9	69483863	69683863	harbor1	chr9	69550550	69550836	LINE/L2	558	-	143	69550693	66830
chr9	62370764	62570764	harbor1	chr9	62423460	62423963	LINE/L2	1001	-	252	62423712	52948
chr9	95957197	96157197	harbor1	chr9	95968740	95969567	LINE/L2	1969	-	414	95969154	11957
chr9	95957197	96157197	harbor1	chr9	96004944	96005032	LINE/L2	467	-	44	96004988	47791
chr9	95957197	96157197	harbor1	chr9	96005323	96007867	LINE/L2	1179	-	1272	96006595	49398
chr9	17948640	18148640	harbor1	chr9	18004918	18005262	LINE/L2	405	-	172	18005090	56450
chr9	17948640	18148640	harbor1	chr9	18035863	18036170	LINE/L2	441	-	154	18036017	87377
chr9	28274486	28474486	harbor1	chr9	28364891	28365325	LINE/L2	481	-	217	28365108	90622
chr9	79489472	79689472	harbor1	chr9	79523333	79523560	LINE/L2	568	-	114	79523447	33975
chr9	20309483	20509483	harbor1	chr9	20311620	20312720	LINE/L2	1335	-	550	20312170	2687
chr9	20309483	20509483	harbor1	chr9	20339499	20339641	LINE/L2	533	-	71	20339570	30087
chr9	80077245	80277245	harbor1	chr9	80079078	80079138	LINE/L2	455	-	30	80079108	1863
chr9	80077245	80277245	harbor1	chr9	80079753	80079961	LINE/L2	455	-	104	80079857	2612
chr9	80077245	80277245	harbor1	chr9	80143584	80143694	LINE/L2	481	-	55	80143639	66394
chr9	80077245	80277245	harbor1	chr9	80144011	80144267	LINE/L2	481	-	128	80144139	66894
chr9	80077245	80277245	harbor1	chr9	80155964	80156266	LINE/L2	430	-	151	80156115	78870
chr9	69810002	70010002	harbor1	chr9	69835643	69835793	LINE/L2	432	-	75	69835718	25716
chr9	69810002	70010002	harbor1	chr9	69870768	69870936	LINE/L2	568	-	84	69870852	60850
chr9	75592951	75792951	harbor1	chr9	75653039	75653355	LINE/L2	542	-	158	75653197	60246
chr9	75592951	75792951	harbor1	chr9	75653350	75653645	LINE/L2	655	-	148	75653498	60547
chr9	98110314	98310314	harbor1	chr9	98158466	98158778	LINE/L2	650	-	156	98158622	48308
chr9	98110314	98310314	harbor1	chr9	98171395	98171681	LINE/L2	404	-	143	98171538	61224
chr9	98110314	98310314	harbor1	chr9	98199714	98199976	LINE/L2	453	-	131	98199845	89531
chr9	127682046	127882046	harbor1	chr9	127709106	127709235	LINE/L2	460	-	64	127709170	27124
chr9	126953431	127153431	harbor1	chr9	127007297	127008221	LINE/L2	664	-	462	127007759	54328
chr9	126953431	127153431	harbor1	chr9	127051711	127051896	LINE/L2	461	-	92	127051803	98372
chr9	86651377	86851377	harbor1	chr9	86739687	86739817	LINE/L2	419	-	65	86739752	88375
chr9	63405485	63605485	harbor1	chr9	63432982	63433974	LINE/L2	633	-	496	63433478	27993
chr9	112259390	112459390	harbor1	chr9	112310501	112311194	LINE/L2	1160	-	346	112310847	51457
chr9	112259390	112459390	harbor1	chr9	112327883	112327990	LINE/L2	483	-	54	112327937	68547
chr9	41186114	41386114	harbor1	chr9	41283514	41283768	LINE/L2	675	-	127	41283641	97527
chr9	80110499	80310499	harbor1	chr9	80143584	80143694	LINE/L2	481	-	55	80143639	33140
chr9	80110499	80310499	harbor1	chr9	80144011	80144267	LINE/L2	481	-	128	80144139	33640
chr9	80110499	80310499	harbor1	chr9	80155964	80156266	LINE/L2	430	-	151	80156115	45616
chr9	2332356	2532356	harbor1	chr9	2338321	2338639	LINE/L2	479	-	159	2338480	6124
chr9	2332356	2532356	harbor1	chr9	2428457	2429150	LINE/L2	626	-	346	2428803	96447
chr9	131100110	131300110	harbor1	chr9	131180840	131181314	LINE/L2	1103	-	237	131181077	80967
chr9	103553360	103753360	harbor1	chr9	103618408	103618624	LINE/L2	441	-	108	103618516	65156
chr9	103553360	103753360	harbor1	chr9	103625030	103625530	LINE/L2	918	-	250	103625280	71920
chr9	103553360	103753360	harbor1	chr9	103641756	103641906	LINE/L2	527	-	75	103641831	88471
chr9	103553360	103753360	harbor1	chr9	103646682	103646811	LINE/L2	399	-	64	103646746	93386
chr9	1497790	1697790	harbor1	chr9	1552483	1552898	LINE/L2	432	-	208	1552691	54901
chr9	1497790	1697790	harbor1	chr9	1556484	1557022	LINE/L2	722	-	269	1556753	58963
chr9	1497790	1697790	harbor1	chr9	1557063	1557188	LINE/L2	722	-	62	1557125	59335
chr9	1497790	1697790	harbor1	chr9	1557642	1557675	LINE/L2	722	-	16	1557658	59868
chr9	3683116	3883116	harbor1	chr9	3757026	3757131	LINE/L2	604	-	52	3757078	73962
chr9	3683116	3883116	harbor1	chr9	3757435	3757593	LINE/L2	604	-	79	3757514	74398
chr9	89317707	89517707	harbor1	chr9	89337703	89337838	LINE/L2	432	-	68	89337771	20064
chr9	18116525	18316525	harbor1	chr9	18149252	18149493	LINE/L2	967	-	120	18149372	32847
chr9	18116525	18316525	harbor1	chr9	18149652	18150960	LINE/L2	967	-	654	18150306	33781
chr9	28829925	29029925	harbor1	chr9	28841428	28841732	LINE/L2	890	-	152	28841580	11655
chr9	28829925	29029925	harbor1	chr9	28856270	28857291	LINE/L2	553	-	510	28856780	26855
chr9	28829925	29029925	harbor1	chr9	28895137	28895241	LINE/L2	416	-	52	28895189	65264
chr9	28829925	29029925	harbor1	chr9	28895696	28896191	LINE/L2	416	-	248	28895944	66019
chr9	118526340	118726340	harbor1	chr9	118555939	118556862	LINE/L2	2399	-	462	118556401	30061
chr9	118526340	118726340	harbor1	chr9	118557616	118558105	LINE/L2	2399	-	244	118557860	31520
chr9	118526340	118726340	harbor1	chr9	118579126	118580827	LINE/L2	2427	-	850	118579976	53636
chr9	118526340	118726340	harbor1	chr9	118610505	118610880	LINE/L2	760	-	188	118610693	84353
chr9	123365555	123565555	harbor1	chr9	123369366	123369658	LINE/L2	409	-	146	123369512	3957
chr9	123365555	123565555	harbor1	chr9	123453139	123453537	LINE/L2	544	-	199	123453338	87783
chr9	29831035	30031035	harbor1	chr9	29886255	29887010	LINE/L2	673	-	378	29886633	55598
chr9	14132865	14332865	harbor1	chr9	14144540	14145089	LINE/L2	447	-	274	14144814	11949
chr9	126831670	127031670	harbor1	chr9	126894208	126894618	LINE/L2	779	-	205	126894413	62743
chr9	126831670	127031670	harbor1	chr9	126925738	126925972	LINE/L2	435	-	117	126925855	94185
chr9	126831670	127031670	harbor1	chr9	126926413	126927076	LINE/L2	400	-	332	126926745	95075
chr9	40029931	40229931	harbor1	chr9	40048195	40049105	LINE/L2	1023	-	455	40048650	18719
chr9	13788704	13988704	harbor1	chr9	13803825	13804352	LINE/L2	406	-	264	13804089	15385
chr9	88967479	89167479	harbor1	chr9	88968667	88969045	LINE/L2	401	-	189	88968856	1377
chr9	88967479	89167479	harbor1	chr9	88969127	88969793	LINE/L2	719	-	333	88969460	1981
chr9	88967479	89167479	harbor1	chr9	89033592	89033857	LINE/L2	539	-	132	89033724	66245
chr9	126284153	126484153	harbor1	chr9	126311916	126312417	LINE/L2	577	-	250	126312166	28013
chr9	126284153	126484153	harbor1	chr9	126314789	126315097	LINE/L2	1123	-	154	126314943	30790
chr9	126284153	126484153	harbor1	chr9	126321410	126321915	LINE/L2	450	-	252	126321662	37509
chr9	126284153	126484153	harbor1	chr9	126344141	126344308	LINE/L2	527	-	84	126344225	60072
chr9	10143963	10343963	harbor1	chr9	10146277	10146452	LINE/L2	472	-	88	10146365	2402
chr9	10143963	10343963	harbor1	chr9	10205873	10206319	LINE/L2	552	-	223	10206096	62133
chr9	120136111	120336111	harbor1	chr9	120175479	120175672	LINE/L2	400	-	96	120175575	39464
chr9	120136111	120336111	harbor1	chr9	120191740	120191905	LINE/L2	520	-	82	120191822	55711
chr9	120136111	120336111	harbor1	chr9	120198342	120198519	LINE/L2	555	-	88	120198430	62319
chr9	120136111	120336111	harbor1	chr9	120214926	120215123	LINE/L2	715	-	98	120215024	78913
chr9	120136111	120336111	harbor1	chr9	120215806	120216177	LINE/L2	715	-	186	120215992	79881
chr9	120136111	120336111	harbor1	chr9	120232086	120232832	LINE/L2	460	-	373	120232459	96348
chr9	129328066	129528066	harbor1	chr9	129424025	129424333	LINE/L2	436	-	154	129424179	96113
chr9	80827037	81027037	harbor1	chr9	80859547	80859903	LINE/L2	1091	-	178	80859725	32688
chr9	80827037	81027037	harbor1	chr9	80875514	80876420	LINE/L2	1132	-	453	80875967	48930
chr9	80827037	81027037	harbor1	chr9	80876429	80877014	LINE/L2	1157	-	292	80876721	49684
chr9	80827037	81027037	harbor1	chr9	80877315	80877355	LINE/L2	1157	-	20	80877335	50298
chr9	80827037	81027037	harbor1	chr9	80888136	80888392	LINE/L2	419	-	128	80888264	61227
chr9	80827037	81027037	harbor1	chr9	80921916	80922063	LINE/L2	590	-	74	80921990	94953
chr9	80827037	81027037	harbor1	chr9	80923667	80923830	LINE/L2	396	-	82	80923749	96712
chr9	18426250	18626250	harbor1	chr9	18459451	18459565	LINE/L2	433	-	57	18459508	33258
chr9	18426250	18626250	harbor1	chr9	18462324	18462656	LINE/L2	741	-	166	18462490	36240
chr9	18426250	18626250	harbor1	chr9	18462969	18463040	LINE/L2	741	-	36	18463005	36755
chr9	18426250	18626250	harbor1	chr9	18467594	18467785	LINE/L2	453	-	96	18467690	41440
chr9	9100607	9300607	harbor1	chr9	9125677	9126283	LINE/L2	716	-	303	9125980	25373
chr9	82872493	83072493	harbor1	chr9	82904852	82905175	LINE/L2	406	-	162	82905014	32521
chr9	82872493	83072493	harbor1	chr9	82931799	82931919	LINE/L2	503	-	60	82931859	59366
chr9	71431147	71631147	harbor1	chr9	71481490	71482617	LINE/L2	2079	-	564	71482054	50907
chr9	71431147	71631147	harbor1	chr9	71519500	71519604	LINE/L2	443	-	52	71519552	88405
chr9	134310513	134510513	harbor1	chr9	134374894	134375272	LINE/L2	531	-	189	134375083	64570
chr9	115955565	116155565	harbor1	chr9	115999189	115999437	LINE/L2	448	-	124	115999313	43748
chr9	115955565	116155565	harbor1	chr9	116005973	116006437	LINE/L2	868	-	232	116006205	50640
chr9	115955565	116155565	harbor1	chr9	116011779	116012064	LINE/L2	454	-	142	116011921	56356
chr9	115955565	116155565	harbor1	chr9	116035062	116035573	LINE/L2	461	-	256	116035318	79753
chr9	115955565	116155565	harbor1	chr9	116040128	116040547	LINE/L2	414	-	210	116040338	84773
chr9	115955565	116155565	harbor1	chr9	116040765	116041312	LINE/L2	676	-	274	116041039	85474
chr9	115955565	116155565	harbor1	chr9	115998580	115998884	LINE/L2	667	-	152	115998732	43167
chr9	81299449	81499449	harbor1	chr9	81304891	81305179	LINE/L2	732	-	144	81305035	5586
chr9	81299449	81499449	harbor1	chr9	81335194	81335682	LINE/L2	703	-	244	81335438	35989
chr9	81299449	81499449	harbor1	chr9	81361843	81362016	LINE/L2	451	-	86	81361929	62480
chr10	10162357	10362357	harbor1	chr10	10193889	10194143	LINE/L2	530	-	127	10194016	31659
chr10	46426123	46626123	harbor1	chr10	46438157	46438613	LINE/L2	443	-	228	46438385	12262
chr10	46426123	46626123	harbor1	chr10	46439327	46439775	LINE/L2	442	-	224	46439551	13428
chr10	46426123	46626123	harbor1	chr10	46453870	46454116	LINE/L2	869	-	123	46453993	27870
chr10	46426123	46626123	harbor1	chr10	46454409	46455494	LINE/L2	2414	-	542	46454951	28828
chr10	46426123	46626123	harbor1	chr10	46455871	46455934	LINE/L2	2414	-	32	46455903	29780
chr10	114102790	114302790	harbor1	chr10	114132942	114134494	LINE/L2	1122	-	776	114133718	30928
chr10	114102790	114302790	harbor1	chr10	114140009	114140316	LINE/L2	833	-	154	114140163	37373
chr10	114102790	114302790	harbor1	chr10	114140310	114140550	LINE/L2	790	-	120	114140430	37640
chr10	114102790	114302790	harbor1	chr10	114158855	114159155	LINE/L2	716	-	150	114159005	56215
chr10	91668655	91868655	harbor1	chr10	91713910	91714060	LINE/L2	433	-	75	91713985	45330
chr10	31157405	31357405	harbor1	chr10	31212500	31213008	LINE/L2	819	-	254	31212754	55349
chr10	79031335	79231335	harbor1	chr10	79082981	79083752	LINE/L2	1695	-	386	79083367	52032
chr10	79031335	79231335	harbor1	chr10	79102854	79103220	LINE/L2	491	-	183	79103037	71702
chr10	79031335	79231335	harbor1	chr10	79126423	79126552	LINE/L2	426	-	64	79126487	95152
chr10	100039454	100239454	harbor1	chr10	100128230	100128457	LINE/L2	499	-	114	100128344	88890
chr10	100039454	100239454	harbor1	chr10	100128756	100129099	LINE/L2	499	-	172	100128928	89474
chr10	3224552	3424552	harbor1	chr10	3274486	3274778	LINE/L2	529	-	146	3274632	50080
chr10	113654605	113854605	harbor1	chr10	113714287	113714414	LINE/L2	490	-	64	113714351	59746
chr10	113654605	113854605	harbor1	chr10	113739491	113739881	LINE/L2	881	-	195	113739686	85081
chr10	113654605	113854605	harbor1	chr10	113740497	113740827	LINE/L2	784	-	165	113740662	86057
chr10	113654605	113854605	harbor1	chr10	113740916	113740983	LINE/L2	784	-	34	113740950	86345
chr10	113654605	113854605	harbor1	chr10	113747504	113747899	LINE/L2	550	-	198	113747702	93097
chr10	86265950	86465950	harbor1	chr10	86318792	86319321	LINE/L2	729	-	264	86319056	53106
chr10	86265950	86465950	harbor1	chr10	86339763	86340110	LINE/L2	434	-	174	86339937	73987
chr10	86265950	86465950	harbor1	chr10	86349791	86350451	LINE/L2	831	-	330	86350121	84171
chr10	86265950	86465950	harbor1	chr10	86294267	86295645	LINE/L2	1644	-	689	86294956	29006
chr10	94017149	94217149	harbor1	chr10	94063583	94064044	LINE/L2	432	-	230	94063813	46664
chr10	1929438	2129438	harbor1	chr10	1951809	1952144	LINE/L2	623	-	168	1951977	22539
chr10	88994270	89194270	harbor1	chr10	89031415	89031893	LINE/L2	811	-	239	89031654	37384
chr10	62186273	62386273	harbor1	chr10	62227097	62229427	LINE/L2	4330	-	1165	62228262	41989
chr10	17443424	17643424	harbor1	chr10	17485303	17485499	LINE/L2	527	-	98	17485401	41977
chr10	51994090	52194090	harbor1	chr10	52016657	52017732	LINE/L2	890	-	538	52017195	23105
chr10	51994090	52194090	harbor1	chr10	52049249	52049790	LINE/L2	691	-	270	52049519	55429
chr10	51994090	52194090	harbor1	chr10	52081542	52081865	LINE/L2	820	-	162	52081704	87614
chr10	113443729	113643729	harbor1	chr10	113513481	113513696	LINE/L2	494	-	108	113513589	69860
chr10	113443729	113643729	harbor1	chr10	113513999	113514224	LINE/L2	494	-	112	113514111	70382
chr10	113443729	113643729	harbor1	chr10	113532982	113533561	LINE/L2	583	-	290	113533272	89543
chr10	9597269	9797269	harbor1	chr10	9601822	9602022	LINE/L2	932	-	100	9601922	4653
chr10	9597269	9797269	harbor1	chr10	9602386	9602848	LINE/L2	932	-	231	9602617	5348
chr10	9597269	9797269	harbor1	chr10	9632415	9633046	LINE/L2	456	-	316	9632731	35462
chr10	9597269	9797269	harbor1	chr10	9671895	9673112	LINE/L2	2152	-	608	9672503	75234
chr10	9597269	9797269	harbor1	chr10	9633343	9634739	LINE/L2	971	-	698	9634041	36772
chr10	70151641	70351641	harbor1	chr10	70173984	70174190	LINE/L2	565	-	103	70174087	22446
chr10	70151641	70351641	harbor1	chr10	70177371	70177494	LINE/L2	425	-	62	70177433	25792
chr10	70151641	70351641	harbor1	chr10	70237160	70237602	LINE/L2	678	-	221	70237381	85740
chr10	70151641	70351641	harbor1	chr10	70248301	70248452	LINE/L2	583	-	76	70248377	96736
chr10	117399857	117599857	harbor1	chr10	117423585	117423856	LINE/L2	523	-	136	117423721	23864
chr10	26420839	26620839	harbor1	chr10	26443868	26444644	LINE/L2	1549	-	388	26444256	23417
chr10	26420839	26620839	harbor1	chr10	26477956	26478356	LINE/L2	483	-	200	26478156	57317
chr10	26420839	26620839	harbor1	chr10	26478352	26478403	LINE/L2	483	-	26	26478378	57539
chr10	26420839	26620839	harbor1	chr10	26478635	26478808	LINE/L2	483	-	86	26478721	57882
chr10	26420839	26620839	harbor1	chr10	26480429	26480576	LINE/L2	624	-	74	26480503	59664
chr10	26420839	26620839	harbor1	chr10	26507047	26507210	LINE/L2	426	-	82	26507129	86290
chr10	26420839	26620839	harbor1	chr10	26507510	26507569	LINE/L2	426	-	30	26507540	86701
chr10	88328642	88528642	harbor1	chr10	88343050	88343499	LINE/L2	773	-	224	88343274	14632
chr10	88328642	88528642	harbor1	chr10	88365979	88366216	LINE/L2	687	-	118	88366097	37455
chr10	88328642	88528642	harbor1	chr10	88366233	88366428	LINE/L2	439	-	98	88366331	37689
chr10	88328642	88528642	harbor1	chr10	88342470	88342845	LINE/L2	773	-	188	88342658	14016
chr10	75816889	76016889	harbor1	chr10	75881171	75881345	LINE/L2	484	-	87	75881258	64369
chr10	75816889	76016889	harbor1	chr10	75881917	75882206	LINE/L2	484	-	144	75882061	65172
chr10	75816889	76016889	harbor1	chr10	75891402	75892033	LINE/L2	938	-	316	75891718	74829
chr10	5814276	6014276	harbor1	chr10	5875356	5875580	LINE/L2	760	-	112	5875468	61192
chr10	124650391	124850391	harbor1	chr10	124704268	124704931	LINE/L2	965	-	332	124704600	54209
chr10	117391959	117591959	harbor1	chr10	117423585	117423856	LINE/L2	523	-	136	117423721	31762
chr10	14752039	14952039	harbor1	chr10	14766483	14766639	LINE/L2	445	-	78	14766561	14522
chr10	14752039	14952039	harbor1	chr10	14799774	14800522	LINE/L2	1286	-	374	14800148	48109
chr10	14752039	14952039	harbor1	chr10	14831934	14832839	LINE/L2	1894	-	452	14832386	80347
chr10	14752039	14952039	harbor1	chr10	14833159	14833192	LINE/L2	2090	-	16	14833175	81136
chr10	14752039	14952039	harbor1	chr10	14833603	14833934	LINE/L2	951	-	166	14833769	81730
chr10	77340129	77540129	harbor1	chr10	77381116	77381346	LINE/L2	539	-	115	77381231	41102
chr10	50304683	50504683	harbor1	chr10	50308931	50309214	LINE/L2	746	-	142	50309073	4390
chr10	50304683	50504683	harbor1	chr10	50334695	50334915	LINE/L2	589	-	110	50334805	30122
chr10	106223783	106423783	harbor1	chr10	106225624	106226151	LINE/L2	592	-	264	106225888	2105
chr10	106223783	106423783	harbor1	chr10	106285284	106286242	LINE/L2	1025	-	479	106285763	61980
chr10	106223783	106423783	harbor1	chr10	106286594	106287010	LINE/L2	1025	-	208	106286802	63019
chr10	20632342	20832342	harbor1	chr10	20636431	20637798	LINE/L2	3773	-	684	20637115	4773
chr10	20632342	20832342	harbor1	chr10	20638178	20638279	LINE/L2	3773	-	50	20638228	5886
chr10	20632342	20832342	harbor1	chr10	20638584	20639538	LINE/L2	3773	-	477	20639061	6719
chr10	20632342	20832342	harbor1	chr10	20639539	20639768	LINE/L2	740	-	114	20639653	7311
chr10	20632342	20832342	harbor1	chr10	20639770	20639971	LINE/L2	1037	-	100	20639870	7528
chr10	20632342	20832342	harbor1	chr10	20640642	20641210	LINE/L2	1037	-	284	20640926	8584
chr10	20632342	20832342	harbor1	chr10	20641239	20641549	LINE/L2	1020	-	155	20641394	9052
chr10	20632342	20832342	harbor1	chr10	20668000	20668465	LINE/L2	551	-	232	20668232	35890
chr10	90253430	90453430	harbor1	chr10	90259590	90259689	LINE/L2	458	-	50	90259640	6210
chr10	90253430	90453430	harbor1	chr10	90285068	90285213	LINE/L2	469	-	72	90285140	31710
chr10	90253430	90453430	harbor1	chr10	90286781	90287419	LINE/L2	1049	-	319	90287100	33670
chr10	90253430	90453430	harbor1	chr10	90318468	90319366	LINE/L2	2185	-	449	90318917	65487
chr10	112096015	112296015	harbor1	chr10	112111437	112111755	LINE/L2	433	-	159	112111596	15581
chr10	112096015	112296015	harbor1	chr10	112192200	112192730	LINE/L2	648	-	265	112192465	96450
chr10	111343389	111543389	harbor1	chr10	111373532	111373869	LINE/L2	430	-	168	111373700	30311
chr10	111343389	111543389	harbor1	chr10	111379654	111379764	LINE/L2	460	-	55	111379709	36320
chr10	111343389	111543389	harbor1	chr10	111441974	111442156	LINE/L2	484	-	91	111442065	98676
chr10	95689335	95889335	harbor1	chr10	95737118	95737302	LINE/L2	462	-	92	95737210	47875
chr10	95689335	95889335	harbor1	chr10	95749593	95750138	LINE/L2	1360	-	272	95749865	60530
chr10	95689335	95889335	harbor1	chr10	95751243	95751437	LINE/L2	840	-	97	95751340	62005
chr10	95689335	95889335	harbor1	chr10	95751731	95752271	LINE/L2	840	-	270	95752001	62666
chr10	95689335	95889335	harbor1	chr10	95769375	95770256	LINE/L2	3363	-	440	95769815	80480
chr10	95689335	95889335	harbor1	chr10	95770285	95770432	LINE/L2	3363	-	74	95770359	81024
chr10	91344346	91544346	harbor1	chr10	91358512	91358633	LINE/L2	491	-	60	91358572	14226
chr10	91344346	91544346	harbor1	chr10	91369591	91369811	LINE/L2	582	-	110	91369701	25355
chr10	91344346	91544346	harbor1	chr10	91391527	91391648	LINE/L2	497	-	60	91391587	47241
chr10	102842779	103042779	harbor1	chr10	102855538	102855748	LINE/L2	710	-	105	102855643	12864
chr10	102842779	103042779	harbor1	chr10	102856063	102856122	LINE/L2	710	-	30	102856093	13314
chr10	102842779	103042779	harbor1	chr10	102916125	102916744	LINE/L2	990	-	310	102916435	73656
chr10	27444300	27644300	harbor1	chr10	27472062	27472137	LINE/L2	547	-	38	27472100	27800
chr10	27444300	27644300	harbor1	chr10	27472312	27473059	LINE/L2	1557	-	374	27472686	28386
chr10	27444300	27644300	harbor1	chr10	27503038	27503354	LINE/L2	1089	-	158	27503196	58896
chr10	27444300	27644300	harbor1	chr10	27534947	27535160	LINE/L2	708	-	106	27535053	90753
chr10	27444300	27644300	harbor1	chr10	27535371	27535807	LINE/L2	874	-	218	27535589	91289
chr10	27444300	27644300	harbor1	chr10	27536095	27536300	LINE/L2	874	-	102	27536197	91897
chr10	27444300	27644300	harbor1	chr10	27536568	27537493	LINE/L2	2371	-	462	27537030	92730
chr10	97226320	97426320	harbor1	chr10	97300598	97300710	LINE/L2	481	-	56	97300654	74334
chr10	114712314	114912314	harbor1	chr10	114770218	114770342	LINE/L2	545	-	62	114770280	57966
chr10	114712314	114912314	harbor1	chr10	114782415	114782999	LINE/L2	890	-	292	114782707	70393
chr10	114712314	114912314	harbor1	chr10	114783299	114783561	LINE/L2	890	-	131	114783430	71116
chr10	47330122	47530122	harbor1	chr10	47364271	47364523	LINE/L2	713	-	126	47364397	34275
chr10	47330122	47530122	harbor1	chr10	47365495	47365773	LINE/L2	576	-	139	47365634	35512
chr10	85094795	85294795	harbor1	chr10	85105482	85105862	LINE/L2	843	-	190	85105672	10877
chr10	70157152	70357152	harbor1	chr10	70173984	70174190	LINE/L2	565	-	103	70174087	16935
chr10	70157152	70357152	harbor1	chr10	70177371	70177494	LINE/L2	425	-	62	70177433	20281
chr10	70157152	70357152	harbor1	chr10	70237160	70237602	LINE/L2	678	-	221	70237381	80229
chr10	70157152	70357152	harbor1	chr10	70248301	70248452	LINE/L2	583	-	76	70248377	91225
chr10	62007144	62207144	harbor1	chr10	62097624	62098057	LINE/L2	647	-	216	62097840	90696
chr10	105381625	105581625	harbor1	chr10	105467971	105468388	LINE/L2	467	-	208	105468179	86554
chr10	94046067	94246067	harbor1	chr10	94063583	94064044	LINE/L2	432	-	230	94063813	17746
chr10	94046067	94246067	harbor1	chr10	94125095	94125240	LINE/L2	536	-	72	94125167	79100
chr10	94046067	94246067	harbor1	chr10	94133771	94133865	LINE/L2	445	-	47	94133818	87751
chr10	94046067	94246067	harbor1	chr10	94142895	94143096	LINE/L2	561	-	100	94142995	96928
chr10	43109005	43309005	harbor1	chr10	43163245	43163506	LINE/L2	538	-	130	43163375	54370
chr10	43109005	43309005	harbor1	chr10	43174055	43174186	LINE/L2	665	-	66	43174121	65116
chr10	43997448	44197448	harbor1	chr10	44042618	44042731	LINE/L2	449	-	56	44042674	45226
chr10	43997448	44197448	harbor1	chr10	44080963	44081703	LINE/L2	914	-	370	44081333	83885
chr10	19595073	19795073	harbor1	chr10	19598474	19599129	LINE/L2	600	-	328	19598802	3729
chr10	73353531	73553531	harbor1	chr10	73380866	73380985	LINE/L2	431	-	60	73380926	27395
chr10	73353531	73553531	harbor1	chr10	73386322	73386669	LINE/L2	518	-	174	73386496	32965
chr10	18380276	18580276	harbor1	chr10	18383247	18383470	LINE/L2	455	-	112	18383359	3083
chr10	18380276	18580276	harbor1	chr10	18383511	18383700	LINE/L2	595	-	94	18383605	3329
chr10	18380276	18580276	harbor1	chr10	18391455	18391644	LINE/L2	974	-	94	18391549	11273
chr10	18380276	18580276	harbor1	chr10	18391949	18392227	LINE/L2	974	-	139	18392088	11812
chr10	18380276	18580276	harbor1	chr10	18392209	18392667	LINE/L2	1399	-	229	18392438	12162
chr10	18380276	18580276	harbor1	chr10	18440649	18441093	LINE/L2	574	-	222	18440871	60595
chr10	76755875	76955875	harbor1	chr10	76774781	76774942	LINE/L2	672	-	80	76774861	18986
chr10	76755875	76955875	harbor1	chr10	76775762	76776389	LINE/L2	672	-	314	76776076	20201
chr10	18818088	19018088	harbor1	chr10	18862768	18863284	LINE/L2	805	-	258	18863026	44938
chr10	18818088	19018088	harbor1	chr10	18863549	18863641	LINE/L2	805	-	46	18863595	45507
chr10	18818088	19018088	harbor1	chr10	18863938	18864161	LINE/L2	805	-	112	18864050	45962
chr10	89968694	90168694	harbor1	chr10	90004927	90005511	LINE/L2	1102	-	292	90005219	36525
chr10	33743943	33943943	harbor1	chr10	33769886	33770697	LINE/L2	514	-	406	33770292	26349
chr10	72463387	72663387	harbor1	chr10	72479980	72480607	LINE/L2	520	-	314	72480294	16907
chr10	72463387	72663387	harbor1	chr10	72492142	72492444	LINE/L2	1035	-	151	72492293	28906
chr10	7307930	7507930	harbor1	chr10	7318848	7319073	LINE/L2	590	-	112	7318960	11030
chr10	7307930	7507930	harbor1	chr10	7388088	7388326	LINE/L2	683	-	119	7388207	80277
chr10	7307930	7507930	harbor1	chr10	7388672	7388785	LINE/L2	683	-	56	7388728	80798
chr10	102700332	102900332	harbor1	chr10	102728903	102729219	LINE/L2	510	-	158	102729061	28729
chr10	102700332	102900332	harbor1	chr10	102727661	102728003	LINE/L2	610	-	171	102727832	27500
chr10	50423010	50623010	harbor1	chr10	50505590	50505893	LINE/L2	610	-	152	50505742	82732
chr10	48543230	48743230	harbor1	chr10	48573987	48574123	LINE/L2	598	-	68	48574055	30825
chr10	48543230	48743230	harbor1	chr10	48583533	48583666	LINE/L2	471	-	66	48583599	40369
chr10	48543230	48743230	harbor1	chr10	48602630	48602928	LINE/L2	532	-	149	48602779	59549
chr10	48543230	48743230	harbor1	chr10	48613568	48613775	LINE/L2	513	-	104	48613672	70442
chr10	48543230	48743230	harbor1	chr10	48614148	48614395	LINE/L2	513	-	124	48614272	71042
chr10	120014118	120214118	harbor1	chr10	120024284	120024569	LINE/L2	566	-	142	120024426	10308
chr10	74774083	74974083	harbor1	chr10	74873489	74873708	LINE/L2	441	-	110	74873599	99516
chr10	48615587	48815587	harbor1	chr10	48688626	48689015	LINE/L2	1084	-	194	48688820	73233
chr10	27597691	27797691	harbor1	chr10	27639522	27641030	LINE/L2	3413	-	754	27640276	42585
chr10	114328234	114528234	harbor1	chr10	114399080	114399429	LINE/L2	428	-	174	114399254	71020
chr10	114328234	114528234	harbor1	chr10	114407703	114408041	LINE/L2	442	-	169	114407872	79638
chr10	112334921	112534921	harbor1	chr10	112388558	112388945	LINE/L2	558	-	194	112388752	53831
chr10	62567016	62767016	harbor1	chr10	62611689	62612019	LINE/L2	441	-	165	62611854	44838
chr10	62567016	62767016	harbor1	chr10	62654802	62655294	LINE/L2	1251	-	246	62655048	88032
chr10	62567016	62767016	harbor1	chr10	62660187	62660564	LINE/L2	427	-	188	62660375	93359
chr10	7695061	7895061	harbor1	chr10	7724936	7725456	LINE/L2	753	-	260	7725196	30135
chr10	7695061	7895061	harbor1	chr10	7725441	7726726	LINE/L2	3132	-	642	7726083	31022
chr10	28676298	28876298	harbor1	chr10	28732016	28732767	LINE/L2	1131	-	376	28732392	56094
chr10	28676298	28876298	harbor1	chr10	28733072	28733148	LINE/L2	1131	-	38	28733110	56812
chr10	28676298	28876298	harbor1	chr10	28744266	28744389	LINE/L2	664	-	62	28744328	68030
chr10	28676298	28876298	harbor1	chr10	28744944	28745251	LINE/L2	664	-	154	28745098	68800
chr10	28676298	28876298	harbor1	chr10	28745777	28745852	LINE/L2	664	-	38	28745815	69517
chr10	28676298	28876298	harbor1	chr10	28752983	28753334	LINE/L2	638	-	176	28753159	76861
chr10	125302923	125502923	harbor1	chr10	125322133	125322882	LINE/L2	1666	-	374	125322507	19584
chr10	125302923	125502923	harbor1	chr10	125323896	125324361	LINE/L2	1278	-	232	125324128	21205
chr10	125302923	125502923	harbor1	chr10	125324548	125324664	LINE/L2	632	-	58	125324606	21683
chr10	125302923	125502923	harbor1	chr10	125324973	125325050	LINE/L2	632	-	38	125325011	22088
chr10	125302923	125502923	harbor1	chr10	125334964	125335112	LINE/L2	550	-	74	125335038	32115
chr10	113263436	113463436	harbor1	chr10	113329740	113330038	LINE/L2	614	-	149	113329889	66453
chr10	113263436	113463436	harbor1	chr10	113330449	113330778	LINE/L2	614	-	164	113330613	67177
chr10	92566068	92766068	harbor1	chr10	92576256	92576518	LINE/L2	605	-	131	92576387	10319
chr10	92566068	92766068	harbor1	chr10	92589676	92589911	LINE/L2	627	-	118	92589794	23726
chr10	92566068	92766068	harbor1	chr10	92590215	92590359	LINE/L2	627	-	72	92590287	24219
chr10	127801242	128001242	harbor1	chr10	127819820	127820049	LINE/L2	585	-	114	127819934	18692
chr10	127100103	127300103	harbor1	chr10	127156950	127157382	LINE/L2	444	-	216	127157166	57063
chr10	84880834	85080834	harbor1	chr10	84921755	84922362	LINE/L2	565	-	304	84922059	41225
chr10	84880834	85080834	harbor1	chr10	84922631	84924454	LINE/L2	1309	-	912	84923543	42709
chr10	84880834	85080834	harbor1	chr10	84934476	84934804	LINE/L2	697	-	164	84934640	53806
chr10	63036774	63236774	harbor1	chr10	63091250	63091332	LINE/L2	484	-	41	63091291	54517
chr10	63036774	63236774	harbor1	chr10	63091504	63091526	LINE/L2	484	-	11	63091515	54741
chr10	63036774	63236774	harbor1	chr10	63091822	63091944	LINE/L2	484	-	61	63091883	55109
chr10	63036774	63236774	harbor1	chr10	63094466	63095264	LINE/L2	1022	-	399	63094865	58091
chr10	99362546	99562546	harbor1	chr10	99374728	99375514	LINE/L2	516	-	393	99375121	12575
chr10	99362546	99562546	harbor1	chr10	99379175	99379466	LINE/L2	474	-	146	99379321	16775
chr10	99362546	99562546	harbor1	chr10	99441197	99441320	LINE/L2	481	-	62	99441259	78713
chr10	126713630	126913630	harbor1	chr10	126731257	126731900	LINE/L2	469	-	322	126731579	17949
chr10	91474620	91674620	harbor1	chr10	91474610	91475439	LINE/L2	669	-	414	91475024	404
chr10	91474620	91674620	harbor1	chr10	91475440	91475662	LINE/L2	615	-	111	91475551	931
chr10	91474620	91674620	harbor1	chr10	91476105	91476257	LINE/L2	575	-	76	91476181	1561
chr10	91474620	91674620	harbor1	chr10	91477236	91477536	LINE/L2	815	-	150	91477386	2766
chr10	91474620	91674620	harbor1	chr10	91541990	91542025	LINE/L2	451	-	18	91542008	67388
chr10	91474620	91674620	harbor1	chr10	91542314	91542513	LINE/L2	451	-	100	91542414	67794
chr10	62294258	62494258	harbor1	chr10	62299124	62299686	LINE/L2	801	-	281	62299405	5147
chr10	62294258	62494258	harbor1	chr10	62371716	62372035	LINE/L2	718	-	160	62371876	77618
chr10	124872982	125072982	harbor1	chr10	124928665	124928973	LINE/L2	579	-	154	124928819	55837
chr10	124872982	125072982	harbor1	chr10	124934598	124934983	LINE/L2	1107	-	192	124934790	61808
chr10	25852535	26052535	harbor1	chr10	25947791	25948227	LINE/L2	1295	-	218	25948009	95474
chr10	25852535	26052535	harbor1	chr10	25949951	25950189	LINE/L2	546	-	119	25950070	97535
chr10	25852535	26052535	harbor1	chr10	25950243	25950810	LINE/L2	813	-	284	25950527	97992
chr11	67285670	67485670	harbor1	chr11	67319977	67320185	LINE/L2	422	-	104	67320081	34411
chr11	67285670	67485670	harbor1	chr11	67365789	67366317	LINE/L2	493	-	264	67366053	80383
chr11	75213457	75413457	harbor1	chr11	75249601	75249784	LINE/L2	399	-	92	75249693	36236
chr11	14344595	14544595	harbor1	chr11	14384853	14385071	LINE/L2	629	-	109	14384962	40367
chr11	14344595	14544595	harbor1	chr11	14385499	14385609	LINE/L2	629	-	55	14385554	40959
chr11	14344595	14544595	harbor1	chr11	14387911	14387991	LINE/L2	507	-	40	14387951	43356
chr11	14344595	14544595	harbor1	chr11	14388121	14388290	LINE/L2	507	-	84	14388205	43610
chr11	14344595	14544595	harbor1	chr11	14409435	14409582	LINE/L2	434	-	74	14409509	64914
chr11	14344595	14544595	harbor1	chr11	14416993	14417221	LINE/L2	681	-	114	14417107	72512
chr11	14344595	14544595	harbor1	chr11	14423353	14424515	LINE/L2	719	-	581	14423934	79339
chr11	14344595	14544595	harbor1	chr11	14424822	14424900	LINE/L2	719	-	39	14424861	80266
chr11	125420387	125620387	harbor1	chr11	125423542	125423692	LINE/L2	384	-	75	125423617	3230
chr11	8731299	8931299	harbor1	chr11	8733403	8733557	LINE/L2	740	-	77	8733480	2181
chr11	8731299	8931299	harbor1	chr11	8736377	8737660	LINE/L2	2123	-	642	8737019	5720
chr11	8731299	8931299	harbor1	chr11	8738057	8738196	LINE/L2	449	-	70	8738127	6828
chr11	8731299	8931299	harbor1	chr11	8751960	8752171	LINE/L2	725	-	106	8752066	20767
chr11	8731299	8931299	harbor1	chr11	8752474	8752570	LINE/L2	725	-	48	8752522	21223
chr11	82927284	83127284	harbor1	chr11	83013972	83014202	LINE/L2	434	-	115	83014087	86803
chr11	82927284	83127284	harbor1	chr11	83014863	83015855	LINE/L2	2085	-	496	83015359	88075
chr11	82927284	83127284	harbor1	chr11	83016168	83016376	LINE/L2	2085	-	104	83016272	88988
chr11	31370717	31570717	harbor1	chr11	31375470	31375837	LINE/L2	431	-	184	31375654	4937
chr11	31370717	31570717	harbor1	chr11	31395669	31395787	LINE/L2	384	-	59	31395728	25011
chr11	31370717	31570717	harbor1	chr11	31451147	31451858	LINE/L2	2152	-	356	31451503	80786
chr11	31370717	31570717	harbor1	chr11	31468574	31468845	LINE/L2	764	-	136	31468710	97993
chr11	40312057	40512057	harbor1	chr11	40323688	40324003	LINE/L2	404	-	158	40323846	11789
chr11	40312057	40512057	harbor1	chr11	40325076	40325233	LINE/L2	774	-	78	40325154	13097
chr11	40312057	40512057	harbor1	chr11	40326630	40327061	LINE/L2	774	-	216	40326846	14789
chr11	40312057	40512057	harbor1	chr11	40336093	40336184	LINE/L2	870	-	46	40336139	24082
chr11	40312057	40512057	harbor1	chr11	40336616	40336694	LINE/L2	870	-	39	40336655	24598
chr11	40312057	40512057	harbor1	chr11	40337007	40337459	LINE/L2	870	-	226	40337233	25176
chr11	7599749	7799749	harbor1	chr11	7619070	7619427	LINE/L2	569	-	178	7619248	19499
chr11	7599749	7799749	harbor1	chr11	7619477	7619928	LINE/L2	572	-	226	7619703	19954
chr11	7599749	7799749	harbor1	chr11	7694889	7695006	LINE/L2	498	-	58	7694947	95198
chr11	30093976	30293976	harbor1	chr11	30101333	30101567	LINE/L2	770	-	117	30101450	7474
chr11	30093976	30293976	harbor1	chr11	30101917	30101942	LINE/L2	770	-	12	30101929	7953
chr11	30093976	30293976	harbor1	chr11	30105084	30105958	LINE/L2	2374	-	437	30105521	11545
chr11	30093976	30293976	harbor1	chr11	30153420	30153755	LINE/L2	807	-	168	30153588	59612
chr11	30093976	30293976	harbor1	chr11	30154063	30154219	LINE/L2	807	-	78	30154141	60165
chr11	30093976	30293976	harbor1	chr11	30186435	30186613	LINE/L2	595	-	89	30186524	92548
chr11	30093976	30293976	harbor1	chr11	30187078	30187469	LINE/L2	1006	-	196	30187274	93298
chr11	46536539	46736539	harbor1	chr11	46561939	46562437	LINE/L2	453	-	249	46562188	25649
chr11	46536539	46736539	harbor1	chr11	46562438	46562628	LINE/L2	457	-	95	46562533	25994
chr11	21489651	21689651	harbor1	chr11	21511436	21511837	LINE/L2	588	-	200	21511636	21985
chr11	112863382	113063382	harbor1	chr11	112881880	112881997	LINE/L2	390	-	58	112881938	18556
chr11	112863382	113063382	harbor1	chr11	112949628	112950282	LINE/L2	421	-	327	112949955	86573
chr11	112863382	113063382	harbor1	chr11	112885759	112886026	LINE/L2	600	-	134	112885893	22511
chr11	112863382	113063382	harbor1	chr11	112901333	112902324	LINE/L2	725	-	496	112901829	38447
chr11	93458650	93658650	harbor1	chr11	93482369	93482646	LINE/L2	436	-	138	93482507	23857
chr11	93458650	93658650	harbor1	chr11	93487903	93489124	LINE/L2	920	-	610	93488513	29863
chr11	93458650	93658650	harbor1	chr11	93489371	93489661	LINE/L2	441	-	145	93489516	30866
chr11	93458650	93658650	harbor1	chr11	93492345	93492755	LINE/L2	667	-	205	93492550	33900
chr11	93458650	93658650	harbor1	chr11	93496078	93496509	LINE/L2	560	-	216	93496294	37644
chr11	95474112	95674112	harbor1	chr11	95489208	95489390	LINE/L2	406	-	91	95489299	15187
chr11	95474112	95674112	harbor1	chr11	95503963	95504100	LINE/L2	575	-	68	95504031	29919
chr11	95474112	95674112	harbor1	chr11	95539341	95539631	LINE/L2	462	-	145	95539486	65374
chr11	95474112	95674112	harbor1	chr11	95561906	95562101	LINE/L2	486	-	98	95562004	87892
chr11	95474112	95674112	harbor1	chr11	95562582	95563076	LINE/L2	1351	-	247	95562829	88717
chr11	11241036	11441036	harbor1	chr11	11282736	11283049	LINE/L2	670	-	156	11282892	41856
chr11	11241036	11441036	harbor1	chr11	11283068	11283156	LINE/L2	460	-	44	11283112	42076
chr11	11241036	11441036	harbor1	chr11	11283427	11283551	LINE/L2	460	-	62	11283489	42453
chr11	11241036	11441036	harbor1	chr11	11312804	11313124	LINE/L2	478	-	160	11312964	71928
chr11	11241036	11441036	harbor1	chr11	11338269	11339067	LINE/L2	904	-	399	11338668	97632
chr11	99627574	99827574	harbor1	chr11	99658020	99658250	LINE/L2	386	-	115	99658135	30561
chr11	96663549	96863549	harbor1	chr11	96677273	96677671	LINE/L2	385	-	199	96677472	13923
chr11	122497329	122697329	harbor1	chr11	122498919	122499917	LINE/L2	582	-	499	122499418	2089
chr11	122497329	122697329	harbor1	chr11	122514177	122515264	LINE/L2	395	-	544	122514721	17392
chr11	122497329	122697329	harbor1	chr11	122518895	122519008	LINE/L2	410	-	56	122518951	21622
chr11	122497329	122697329	harbor1	chr11	122520278	122520715	LINE/L2	902	-	218	122520496	23167
chr11	122497329	122697329	harbor1	chr11	122522895	122523155	LINE/L2	460	-	130	122523025	25696
chr11	39682468	39882468	harbor1	chr11	39686532	39686774	LINE/L2	420	-	121	39686653	4185
chr11	39682468	39882468	harbor1	chr11	39772777	39773042	LINE/L2	430	-	132	39772909	90441
chr11	71997262	72197262	harbor1	chr11	72083526	72083931	LINE/L2	592	-	202	72083728	86466
chr11	25792580	25992580	harbor1	chr11	25843063	25843421	LINE/L2	612	-	179	25843242	50662
chr11	25792580	25992580	harbor1	chr11	25847234	25847552	LINE/L2	636	-	159	25847393	54813
chr11	25792580	25992580	harbor1	chr11	25847784	25848302	LINE/L2	1019	-	259	25848043	55463
chr11	47518878	47718878	harbor1	chr11	47581584	47581913	LINE/L2	591	-	164	47581748	62870
chr11	97273141	97473141	harbor1	chr11	97294550	97294653	LINE/L2	400	-	52	97294602	21461
chr11	97273141	97473141	harbor1	chr11	97313132	97313479	LINE/L2	953	-	174	97313306	40165
chr11	97273141	97473141	harbor1	chr11	97313678	97314196	LINE/L2	1178	-	259	97313937	40796
chr11	97273141	97473141	harbor1	chr11	97327998	97329625	LINE/L2	2448	-	814	97328812	55671
chr11	97273141	97473141	harbor1	chr11	97329924	97330134	LINE/L2	2448	-	105	97330029	56888
chr11	81704916	81904916	harbor1	chr11	81759428	81759700	LINE/L2	499	-	136	81759564	54648
chr11	81704916	81904916	harbor1	chr11	81783995	81784527	LINE/L2	774	-	266	81784261	79345
chr11	128557882	128757882	harbor1	chr11	128575475	128575586	LINE/L2	417	-	56	128575531	17649
chr11	128557882	128757882	harbor1	chr11	128615166	128615698	LINE/L2	552	-	266	128615432	57550
chr11	86118253	86318253	harbor1	chr11	86124371	86124572	LINE/L2	550	-	100	86124471	6218
chr11	86118253	86318253	harbor1	chr11	86124569	86125186	LINE/L2	856	-	308	86124877	6624
chr11	86118253	86318253	harbor1	chr11	86125335	86125423	LINE/L2	458	-	44	86125379	7126
chr11	86118253	86318253	harbor1	chr11	86164567	86164873	LINE/L2	550	-	153	86164720	46467
chr11	86118253	86318253	harbor1	chr11	86180750	86181122	LINE/L2	1319	-	186	86180936	62683
chr11	86118253	86318253	harbor1	chr11	86181559	86181676	LINE/L2	1319	-	58	86181617	63364
chr11	104346183	104546183	harbor1	chr11	104349697	104350270	LINE/L2	1077	-	286	104349983	3800
chr11	10368191	10568191	harbor1	chr11	10390667	10391219	LINE/L2	443	-	276	10390943	22752
chr11	10368191	10568191	harbor1	chr11	10395908	10396730	LINE/L2	1187	-	411	10396319	28128
chr11	10368191	10568191	harbor1	chr11	10401143	10401253	LINE/L2	536	-	55	10401198	33007
chr11	10368191	10568191	harbor1	chr11	10449605	10450192	LINE/L2	496	-	294	10449899	81708
chr11	10368191	10568191	harbor1	chr11	10462088	10462219	LINE/L2	561	-	66	10462154	93963
chr11	10368191	10568191	harbor1	chr11	10462683	10463034	LINE/L2	561	-	176	10462859	94668
chr11	58105506	58305506	harbor1	chr11	58159612	58159804	LINE/L2	384	-	96	58159708	54202
chr11	58105506	58305506	harbor1	chr11	58146463	58147046	LINE/L2	448	-	292	58146755	41249
chr11	107394482	107594482	harbor1	chr11	107439350	107439995	LINE/L2	403	-	322	107439672	45190
chr11	30576231	30776231	harbor1	chr11	30591507	30591957	LINE/L2	426	-	225	30591732	15501
chr11	30576231	30776231	harbor1	chr11	30651185	30651526	LINE/L2	554	-	170	30651355	75124
chr11	30576231	30776231	harbor1	chr11	30666755	30667541	LINE/L2	989	-	393	30667148	90917
chr11	77853047	78053047	harbor1	chr11	77871346	77871451	LINE/L2	397	-	52	77871398	18351
chr11	77853047	78053047	harbor1	chr11	77872396	77872529	LINE/L2	386	-	66	77872462	19415
chr11	77853047	78053047	harbor1	chr11	77892139	77892460	LINE/L2	434	-	160	77892299	39252
chr11	77853047	78053047	harbor1	chr11	77942086	77942273	LINE/L2	409	-	94	77942180	89133
chr11	114355628	114555628	harbor1	chr11	114384243	114384550	LINE/L2	1033	-	154	114384397	28769
chr11	114355628	114555628	harbor1	chr11	114385102	114385309	LINE/L2	1033	-	104	114385206	29578
chr11	114355628	114555628	harbor1	chr11	114403980	114404333	LINE/L2	597	-	176	114404156	48528
chr11	30278673	30478673	harbor1	chr11	30280462	30280614	LINE/L2	577	-	76	30280538	1865
chr11	30278673	30478673	harbor1	chr11	30280866	30281320	LINE/L2	1077	-	227	30281093	2420
chr11	30278673	30478673	harbor1	chr11	30286364	30286551	LINE/L2	662	-	94	30286458	7785
chr11	30278673	30478673	harbor1	chr11	30312892	30313052	LINE/L2	396	-	80	30312972	34299
chr11	30278673	30478673	harbor1	chr11	30366041	30366391	LINE/L2	538	-	175	30366216	87543
chr11	26126501	26326501	harbor1	chr11	26157467	26157837	LINE/L2	764	-	185	26157652	31151
chr11	55702672	55902672	harbor1	chr11	55713732	55713890	LINE/L2	403	-	79	55713811	11139
chr11	55702672	55902672	harbor1	chr11	55801211	55801354	LINE/L2	470	-	72	55801283	98611
chr11	55702672	55902672	harbor1	chr11	55801545	55801699	LINE/L2	470	-	77	55801622	98950
chr11	61698125	61898125	harbor1	chr11	61698702	61698982	LINE/L2	550	-	140	61698842	717
chr11	61698125	61898125	harbor1	chr11	61703139	61703546	LINE/L2	634	-	204	61703343	5218
chr11	61698125	61898125	harbor1	chr11	61720938	61721042	LINE/L2	409	-	52	61720990	22865
chr11	61698125	61898125	harbor1	chr11	61733661	61733957	LINE/L2	576	-	148	61733809	35684
chr11	61698125	61898125	harbor1	chr11	61734018	61734793	LINE/L2	733	-	388	61734406	36281
chr11	61698125	61898125	harbor1	chr11	61782489	61782772	LINE/L2	508	-	142	61782631	84506
chr11	61698125	61898125	harbor1	chr11	61750801	61751484	LINE/L2	1044	-	342	61751143	53018
chr11	76821425	77021425	harbor1	chr11	76835833	76836162	LINE/L2	723	-	164	76835997	14572
chr11	76821425	77021425	harbor1	chr11	76885916	76886422	LINE/L2	823	-	253	76886169	64744
chr11	92389281	92589281	harbor1	chr11	92417331	92417705	LINE/L2	390	-	187	92417518	28237
chr11	123084950	123284950	harbor1	chr11	123124618	123124707	LINE/L2	476	-	44	123124662	39712
chr11	123084950	123284950	harbor1	chr11	123170888	123171243	LINE/L2	799	-	178	123171066	86116
chr11	123084950	123284950	harbor1	chr11	123180616	123180917	LINE/L2	600	-	150	123180766	95816
chr11	7398923	7598923	harbor1	chr11	7405926	7406032	LINE/L2	443	-	53	7405979	7056
chr11	7398923	7598923	harbor1	chr11	7453409	7453866	LINE/L2	536	-	228	7453637	54714
chr11	7398923	7598923	harbor1	chr11	7458035	7458198	LINE/L2	639	-	82	7458117	59194
chr11	7398923	7598923	harbor1	chr11	7458489	7459587	LINE/L2	2123	-	549	7459038	60115
chr11	7398923	7598923	harbor1	chr11	7493813	7494275	LINE/L2	436	-	231	7494044	95121
chr11	89310322	89510322	harbor1	chr11	89380042	89380473	LINE/L2	967	-	216	89380258	69936
chr11	89310322	89510322	harbor1	chr11	89391080	89391358	LINE/L2	498	-	139	89391219	80897
chr11	14353441	14553441	harbor1	chr11	14384853	14385071	LINE/L2	629	-	109	14384962	31521
chr11	14353441	14553441	harbor1	chr11	14385499	14385609	LINE/L2	629	-	55	14385554	32113
chr11	14353441	14553441	harbor1	chr11	14387911	14387991	LINE/L2	507	-	40	14387951	34510
chr11	14353441	14553441	harbor1	chr11	14388121	14388290	LINE/L2	507	-	84	14388205	34764
chr11	14353441	14553441	harbor1	chr11	14409435	14409582	LINE/L2	434	-	74	14409509	56068
chr11	14353441	14553441	harbor1	chr11	14416993	14417221	LINE/L2	681	-	114	14417107	63666
chr11	14353441	14553441	harbor1	chr11	14423353	14424515	LINE/L2	719	-	581	14423934	70493
chr11	14353441	14553441	harbor1	chr11	14424822	14424900	LINE/L2	719	-	39	14424861	71420
chr11	107310238	107510238	harbor1	chr11	107324163	107324920	LINE/L2	1749	-	378	107324541	14303
chr11	107310238	107510238	harbor1	chr11	107350205	107350306	LINE/L2	785	-	50	107350255	40017
chr11	107310238	107510238	harbor1	chr11	107350662	107351530	LINE/L2	1579	-	434	107351096	40858
chr11	107310238	107510238	harbor1	chr11	107372096	107372757	LINE/L2	577	-	330	107372426	62188
chr11	86851045	87051045	harbor1	chr11	86869364	86869498	LINE/L2	436	-	67	86869431	18386
chr11	86851045	87051045	harbor1	chr11	86913797	86913922	LINE/L2	453	-	62	86913859	62814
chr11	86851045	87051045	harbor1	chr11	86914255	86914446	LINE/L2	453	-	96	86914351	63306
chr11	86851045	87051045	harbor1	chr11	86930809	86931129	LINE/L2	468	-	160	86930969	79924
chr11	130235908	130435908	harbor1	chr11	130238813	130239377	LINE/L2	1200	-	282	130239095	3187
chr11	108876011	109076011	harbor1	chr11	108923525	108923886	LINE/L2	391	-	180	108923705	47694
chr11	108876011	109076011	harbor1	chr11	108933894	108934137	LINE/L2	463	-	122	108934016	58005
chr11	108876011	109076011	harbor1	chr11	108934200	108934619	LINE/L2	605	-	210	108934410	58399
chr11	66712144	66912144	harbor1	chr11	66733008	66733698	LINE/L2	1510	-	345	66733353	21209
chr11	66712144	66912144	harbor1	chr11	66731786	66732069	LINE/L2	396	-	142	66731928	19784
chr11	118442766	118642766	harbor1	chr11	118458517	118458637	LINE/L2	481	-	60	118458577	15811
chr11	13521424	13721424	harbor1	chr11	13522690	13523028	LINE/L2	448	-	169	13522859	1435
chr11	13521424	13721424	harbor1	chr11	13523066	13523381	LINE/L2	621	-	158	13523224	1800
chr11	13521424	13721424	harbor1	chr11	13593713	13594267	LINE/L2	757	-	277	13593990	72566
chr11	95476904	95676904	harbor1	chr11	95489208	95489390	LINE/L2	406	-	91	95489299	12395
chr11	95476904	95676904	harbor1	chr11	95503963	95504100	LINE/L2	575	-	68	95504031	27127
chr11	95476904	95676904	harbor1	chr11	95539341	95539631	LINE/L2	462	-	145	95539486	62582
chr11	95476904	95676904	harbor1	chr11	95561906	95562101	LINE/L2	486	-	98	95562004	85100
chr11	95476904	95676904	harbor1	chr11	95562582	95563076	LINE/L2	1351	-	247	95562829	85925
chr11	101981020	102181020	harbor1	chr11	102007382	102007811	LINE/L2	463	-	214	102007596	26576
chr11	101981020	102181020	harbor1	chr11	102009970	102010296	LINE/L2	529	-	163	102010133	29113
chr11	101981020	102181020	harbor1	chr11	102022325	102022510	LINE/L2	414	-	92	102022417	41397
chr11	101981020	102181020	harbor1	chr11	102022818	102022859	LINE/L2	414	-	20	102022838	41818
chr11	101981020	102181020	harbor1	chr11	102027802	102028326	LINE/L2	991	-	262	102028064	47044
chr11	101981020	102181020	harbor1	chr11	102029239	102029573	LINE/L2	991	-	167	102029406	48386
chr11	101981020	102181020	harbor1	chr11	102050766	102051306	LINE/L2	488	-	270	102051036	70016
chr11	101981020	102181020	harbor1	chr11	102056032	102056143	LINE/L2	449	-	56	102056088	75068
chr11	111504747	111704747	harbor1	chr11	111517533	111517784	LINE/L2	704	-	126	111517659	12912
chr11	111504747	111704747	harbor1	chr11	111525718	111525813	LINE/L2	823	-	48	111525766	21019
chr11	111504747	111704747	harbor1	chr11	111525890	111526196	LINE/L2	823	-	153	111526043	21296
chr11	111504747	111704747	harbor1	chr11	111526222	111526763	LINE/L2	940	-	270	111526492	21745
chr11	127052771	127252771	harbor1	chr11	127142483	127142673	LINE/L2	495	-	95	127142578	89807
chr11	129394922	129594922	harbor1	chr11	129400153	129400566	LINE/L2	505	-	206	129400359	5437
chr11	129394922	129594922	harbor1	chr11	129400608	129400791	LINE/L2	424	-	92	129400700	5778
chr11	129394922	129594922	harbor1	chr11	129439090	129439278	LINE/L2	386	-	94	129439184	44262
chr11	129394922	129594922	harbor1	chr11	129439488	129439698	LINE/L2	386	-	105	129439593	44671
chr11	129394922	129594922	harbor1	chr11	129487450	129487720	LINE/L2	394	-	135	129487585	92663
chr11	121333431	121533431	harbor1	chr11	121363912	121364064	LINE/L2	423	-	76	121363988	30557
chr11	24282835	24482835	harbor1	chr11	24377058	24377231	LINE/L2	486	-	86	24377144	94309
chr11	24282835	24482835	harbor1	chr11	24377804	24378595	LINE/L2	1652	-	396	24378200	95365
chr11	25136854	25336854	harbor1	chr11	25222718	25222961	LINE/L2	414	-	122	25222840	85986
chr11	120166688	120366688	harbor1	chr11	120189015	120189332	LINE/L2	419	-	158	120189173	22485
chr11	120166688	120366688	harbor1	chr11	120263923	120264089	LINE/L2	844	-	83	120264006	97318
chr11	120166688	120366688	harbor1	chr11	120264382	120264606	LINE/L2	844	-	112	120264494	97806
chr11	134739164	134939164	harbor1	chr11	134818307	134818696	LINE/L2	719	-	194	134818501	79337
chr11	59944807	60144807	harbor1	chr11	59949214	59949456	LINE/L2	588	-	121	59949335	4528
chr11	59944807	60144807	harbor1	chr11	59949520	59949852	LINE/L2	2132	-	166	59949686	4879
chr11	59944807	60144807	harbor1	chr11	59950057	59950850	LINE/L2	2132	-	396	59950453	5646
chr11	26893636	27093636	harbor1	chr11	26908377	26908636	LINE/L2	608	-	130	26908507	14871
chr11	26893636	27093636	harbor1	chr11	26935734	26936007	LINE/L2	517	-	136	26935870	42234
chr11	26893636	27093636	harbor1	chr11	26987661	26987853	LINE/L2	480	-	96	26987757	94121
chr11	90309693	90509693	harbor1	chr11	90317226	90317889	LINE/L2	717	-	332	90317558	7865
chr11	90309693	90509693	harbor1	chr11	90343150	90343364	LINE/L2	391	-	107	90343257	33564
chr11	29062375	29262375	harbor1	chr11	29062655	29062915	LINE/L2	421	-	130	29062785	410
chr11	29062375	29262375	harbor1	chr11	29086077	29086577	LINE/L2	533	-	250	29086327	23952
chr11	29062375	29262375	harbor1	chr11	29112667	29113183	LINE/L2	1050	-	258	29112925	50550
chr11	29062375	29262375	harbor1	chr11	29130401	29131289	LINE/L2	1449	-	444	29130845	68470
chr11	118190620	118390620	harbor1	chr11	118201080	118201922	LINE/L2	396	-	421	118201501	10881
chr11	118190620	118390620	harbor1	chr11	118214932	118215145	LINE/L2	461	-	106	118215038	24418
chr11	118190620	118390620	harbor1	chr11	118234135	118234567	LINE/L2	425	-	216	118234351	43731
chr11	118190620	118390620	harbor1	chr11	118238674	118238823	LINE/L2	503	-	74	118238748	48128
chr11	118190620	118390620	harbor1	chr11	118244190	118244794	LINE/L2	613	-	302	118244492	53872
chr11	118190620	118390620	harbor1	chr11	118245095	118245135	LINE/L2	514	-	20	118245115	54495
chr11	118190620	118390620	harbor1	chr11	118245368	118245629	LINE/L2	525	-	130	118245498	54878
chr11	118190620	118390620	harbor1	chr11	118269532	118269756	LINE/L2	384	-	112	118269644	79024
chr11	118190620	118390620	harbor1	chr11	118269936	118270179	LINE/L2	840	-	122	118270058	79438
chr11	118190620	118390620	harbor1	chr11	118271464	118272051	LINE/L2	668	-	294	118271758	81138
chr11	75283222	75483222	harbor1	chr11	75322610	75322753	LINE/L2	456	-	72	75322682	39460
chr11	75283222	75483222	harbor1	chr11	75356581	75356818	LINE/L2	510	-	118	75356699	73477
chr11	75283222	75483222	harbor1	chr11	75373975	75373994	LINE/L2	477	-	10	75373985	90763
chr11	75283222	75483222	harbor1	chr11	75374306	75374450	LINE/L2	477	-	72	75374378	91156
chr11	75283222	75483222	harbor1	chr11	75374647	75374940	LINE/L2	725	-	146	75374793	91571
chr11	88388387	88588387	harbor1	chr11	88416221	88416302	LINE/L2	432	-	40	88416261	27874
chr11	88388387	88588387	harbor1	chr11	88417498	88417573	LINE/L2	432	-	38	88417536	29149
chr11	88388387	88588387	harbor1	chr11	88442673	88443056	LINE/L2	666	-	192	88442865	54478
chr11	41359916	41559916	harbor1	chr11	41360390	41360832	LINE/L2	401	-	221	41360611	695
chr11	41359916	41559916	harbor1	chr11	41369666	41369944	LINE/L2	505	-	139	41369805	9889
chr11	41359916	41559916	harbor1	chr11	41427281	41427669	LINE/L2	469	-	194	41427475	67559
chr11	41359916	41559916	harbor1	chr11	41428124	41428250	LINE/L2	469	-	63	41428187	68271
chr11	21236685	21436685	harbor1	chr11	21259134	21259533	LINE/L2	443	-	200	21259334	22649
chr11	21236685	21436685	harbor1	chr11	21299942	21300573	LINE/L2	451	-	316	21300258	63573
chr11	42090385	42290385	harbor1	chr11	42099968	42100773	LINE/L2	1479	-	402	42100370	9985
chr11	42090385	42290385	harbor1	chr11	42101589	42103420	LINE/L2	3595	-	916	42102505	12120
chr11	42090385	42290385	harbor1	chr11	42108543	42108974	LINE/L2	929	-	216	42108759	18374
chr11	42090385	42290385	harbor1	chr11	42108992	42109227	LINE/L2	506	-	118	42109110	18725
chr11	42090385	42290385	harbor1	chr11	42110028	42110995	LINE/L2	960	-	484	42110512	20127
chr11	131460042	131660042	harbor1	chr11	131501146	131502115	LINE/L2	1054	-	484	131501630	41588
chr11	131460042	131660042	harbor1	chr11	131502449	131502589	LINE/L2	1054	-	70	131502519	42477
chr11	131460042	131660042	harbor1	chr11	131502852	131503527	LINE/L2	756	-	338	131503190	43148
chr11	131460042	131660042	harbor1	chr11	131503806	131503913	LINE/L2	756	-	54	131503860	43818
chr11	131460042	131660042	harbor1	chr11	131545513	131545852	LINE/L2	485	-	170	131545683	85641
chr11	39686893	39886893	harbor1	chr11	39772777	39773042	LINE/L2	430	-	132	39772909	86016
chr11	121963765	122163765	harbor1	chr11	122046243	122046534	LINE/L2	412	-	146	122046389	82624
chr11	69356778	69556778	harbor1	chr11	69372687	69373362	LINE/L2	529	-	338	69373025	16247
chr11	69356778	69556778	harbor1	chr11	69433460	69433820	LINE/L2	902	-	180	69433640	76862
chr11	66138353	66338353	harbor1	chr11	66195715	66195827	LINE/L2	670	-	56	66195771	57418
chr11	66138353	66338353	harbor1	chr11	66206639	66206854	LINE/L2	606	-	108	66206747	68394
chr11	6780138	6980138	harbor1	chr11	6822720	6822993	LINE/L2	485	-	136	6822856	42718
chr11	6780138	6980138	harbor1	chr11	6879590	6879726	LINE/L2	462	-	68	6879658	99520
chr11	123134655	123334655	harbor1	chr11	123170888	123171243	LINE/L2	799	-	178	123171066	36411
chr11	123134655	123334655	harbor1	chr11	123180616	123180917	LINE/L2	600	-	150	123180766	46111
chr11	123134655	123334655	harbor1	chr11	123191769	123192205	LINE/L2	634	-	218	123191987	57332
chr11	123134655	123334655	harbor1	chr11	123199566	123199829	LINE/L2	490	-	132	123199698	65043
chr11	89538689	89738689	harbor1	chr11	89559091	89559389	LINE/L2	542	-	149	89559240	20551
chr11	89538689	89738689	harbor1	chr11	89561643	89562069	LINE/L2	1133	-	213	89561856	23167
chr11	89538689	89738689	harbor1	chr11	89617998	89620287	LINE/L2	4353	-	1144	89619142	80453
chr11	89538689	89738689	harbor1	chr11	89629766	89630002	LINE/L2	554	-	118	89629884	91195
chr11	131462723	131662723	harbor1	chr11	131501146	131502115	LINE/L2	1054	-	484	131501630	38907
chr11	131462723	131662723	harbor1	chr11	131502449	131502589	LINE/L2	1054	-	70	131502519	39796
chr11	131462723	131662723	harbor1	chr11	131502852	131503527	LINE/L2	756	-	338	131503190	40467
chr11	131462723	131662723	harbor1	chr11	131503806	131503913	LINE/L2	756	-	54	131503860	41137
chr11	131462723	131662723	harbor1	chr11	131545513	131545852	LINE/L2	485	-	170	131545683	82960
chr11	107138502	107338502	harbor1	chr11	107229541	107230070	LINE/L2	628	-	264	107229805	91303
chr11	118357495	118557495	harbor1	chr11	118375790	118376127	LINE/L2	394	-	168	118375958	18463
chr11	118357495	118557495	harbor1	chr11	118421164	118421294	LINE/L2	399	-	65	118421229	63734
chr11	118357495	118557495	harbor1	chr11	118426017	118426420	LINE/L2	1248	-	202	118426219	68724
chr11	15716278	15916278	harbor1	chr11	15747477	15747986	LINE/L2	535	-	254	15747731	31453
chr11	15716278	15916278	harbor1	chr11	15772929	15773582	LINE/L2	486	-	326	15773255	56977
chr11	15716278	15916278	harbor1	chr11	15782032	15782180	LINE/L2	588	-	74	15782106	65828
chr11	15716278	15916278	harbor1	chr11	15798342	15798496	LINE/L2	404	-	77	15798419	82141
chr11	15716278	15916278	harbor1	chr11	15728610	15728906	LINE/L2	406	-	148	15728758	12480
chr11	85608148	85808148	harbor1	chr11	85706322	85706800	LINE/L2	400	-	239	85706561	98413
chr11	87272884	87472884	harbor1	chr11	87299574	87299706	LINE/L2	463	-	66	87299640	26756
chr11	87272884	87472884	harbor1	chr11	87300652	87300910	LINE/L2	568	-	129	87300781	27897
chr11	87272884	87472884	harbor1	chr11	87316268	87316688	LINE/L2	847	-	210	87316478	43594
chr11	96961880	97161880	harbor1	chr11	96961606	96963499	LINE/L2	2870	-	946	96962552	672
chr11	96961880	97161880	harbor1	chr11	96967947	96968321	LINE/L2	1280	-	187	96968134	6254
chr11	96961880	97161880	harbor1	chr11	96968990	96969686	LINE/L2	1280	-	348	96969338	7458
chr11	13740596	13940596	harbor1	chr11	13809803	13810271	LINE/L2	773	-	234	13810037	69441
chr11	13740596	13940596	harbor1	chr11	13814693	13814812	LINE/L2	415	-	60	13814753	74157
chr11	13740596	13940596	harbor1	chr11	13815167	13815272	LINE/L2	480	-	52	13815219	74623
chr11	13740596	13940596	harbor1	chr11	13815559	13816269	LINE/L2	1460	-	355	13815914	75318
chr11	13740596	13940596	harbor1	chr11	13816442	13816860	LINE/L2	1460	-	209	13816651	76055
chr11	13740596	13940596	harbor1	chr11	13817605	13818476	LINE/L2	2437	-	436	13818041	77445
chr11	13740596	13940596	harbor1	chr11	13825644	13826063	LINE/L2	695	-	210	13825854	85258
chr11	13740596	13940596	harbor1	chr11	13826117	13826422	LINE/L2	640	-	152	13826269	85673
chr11	63516977	63716977	harbor1	chr11	63593087	63593569	LINE/L2	1341	-	241	63593328	76351
chr11	63516977	63716977	harbor1	chr11	63593880	63594916	LINE/L2	1341	-	518	63594398	77421
chr11	63516977	63716977	harbor1	chr11	63606467	63607213	LINE/L2	916	-	373	63606840	89863
chr11	102882022	103082022	harbor1	chr11	102961357	102961498	LINE/L2	393	-	70	102961427	79405
chr11	102882022	103082022	harbor1	chr11	102962698	102963049	LINE/L2	1088	-	176	102962874	80852
chr11	102882022	103082022	harbor1	chr11	102963058	102963430	LINE/L2	395	-	186	102963244	81222
chr11	83147528	83347528	harbor1	chr11	83222285	83222756	LINE/L2	1498	-	236	83222521	74993
chr11	83147528	83347528	harbor1	chr11	83222915	83222968	LINE/L2	1516	-	26	83222941	75413
chr11	83147528	83347528	harbor1	chr11	83223265	83223697	LINE/L2	1516	-	216	83223481	75953
chr11	83147528	83347528	harbor1	chr11	83237071	83237570	LINE/L2	413	-	250	83237321	89793
chr11	83147528	83347528	harbor1	chr11	83241268	83241863	LINE/L2	1106	-	298	83241566	94038
chr11	83147528	83347528	harbor1	chr11	83242320	83242564	LINE/L2	1106	-	122	83242442	94914
chr11	12367641	12567641	harbor1	chr11	12384336	12385054	LINE/L2	1502	-	359	12384695	17054
chr11	12367641	12567641	harbor1	chr11	12385350	12385560	LINE/L2	1242	-	105	12385455	17814
chr11	12367641	12567641	harbor1	chr11	12408653	12409159	LINE/L2	402	-	253	12408906	41265
chr11	12367641	12567641	harbor1	chr11	12425996	12426421	LINE/L2	773	-	212	12426208	58567
chr11	43119223	43319223	harbor1	chr11	43131801	43132190	LINE/L2	992	-	194	43131995	12772
chr11	43119223	43319223	harbor1	chr11	43213415	43213657	LINE/L2	416	-	121	43213536	94313
chr11	108574239	108774239	harbor1	chr11	108597894	108598194	LINE/L2	616	-	150	108598044	23805
chr11	108574239	108774239	harbor1	chr11	108598356	108598872	LINE/L2	1048	-	258	108598614	24375
chr11	108574239	108774239	harbor1	chr11	108637182	108637689	LINE/L2	470	-	254	108637436	63197
chr11	108574239	108774239	harbor1	chr11	108639082	108639258	LINE/L2	666	-	88	108639170	64931
chr11	108574239	108774239	harbor1	chr11	108639469	108640331	LINE/L2	2444	-	431	108639900	65661
chr11	108574239	108774239	harbor1	chr11	108641396	108641751	LINE/L2	818	-	178	108641574	67335
chr11	108574239	108774239	harbor1	chr11	108643363	108643488	LINE/L2	385	-	62	108643425	69186
chr11	95438969	95638969	harbor1	chr11	95449344	95449736	LINE/L2	582	-	196	95449540	10571
chr11	95438969	95638969	harbor1	chr11	95489208	95489390	LINE/L2	406	-	91	95489299	50330
chr11	95438969	95638969	harbor1	chr11	95503963	95504100	LINE/L2	575	-	68	95504031	65062
chr11	88374871	88574871	harbor1	chr11	88416221	88416302	LINE/L2	432	-	40	88416261	41390
chr11	88374871	88574871	harbor1	chr11	88417498	88417573	LINE/L2	432	-	38	88417536	42665
chr11	88374871	88574871	harbor1	chr11	88442673	88443056	LINE/L2	666	-	192	88442865	67994
chr11	55450892	55650892	harbor1	chr11	55540066	55540520	LINE/L2	436	-	227	55540293	89401
chr11	6530607	6730607	harbor1	chr11	6537362	6537650	LINE/L2	1228	-	144	6537506	6899
chr11	6530607	6730607	harbor1	chr11	6537944	6538148	LINE/L2	1228	-	102	6538046	7439
chr11	6530607	6730607	harbor1	chr11	6541565	6541886	LINE/L2	619	-	160	6541725	11118
chr11	6530607	6730607	harbor1	chr11	6561705	6562571	LINE/L2	837	-	433	6562138	31531
chr11	6530607	6730607	harbor1	chr11	6568985	6569202	LINE/L2	961	-	108	6569093	38486
chr11	6530607	6730607	harbor1	chr11	6572499	6573356	LINE/L2	1164	-	428	6572927	42320
chr11	6530607	6730607	harbor1	chr11	6596215	6596596	LINE/L2	911	-	190	6596405	65798
chr11	6530607	6730607	harbor1	chr11	6604474	6605505	LINE/L2	1118	-	516	6604990	74383
chr11	6530607	6730607	harbor1	chr11	6612778	6612969	LINE/L2	429	-	96	6612874	82267
chr11	6530607	6730607	harbor1	chr11	6569493	6569987	LINE/L2	961	-	247	6569740	39133
chr11	17145391	17345391	harbor1	chr11	17196260	17196474	LINE/L2	446	-	107	17196367	50976
chr11	17145391	17345391	harbor1	chr11	17211318	17211527	LINE/L2	525	-	104	17211422	66031
chr11	100696789	100896789	harbor1	chr11	100707683	100707783	LINE/L2	397	-	50	100707733	10944
chr11	100696789	100896789	harbor1	chr11	100781519	100781708	LINE/L2	589	-	94	100781613	84824
chr11	108145695	108345695	harbor1	chr11	108168668	108169143	LINE/L2	452	-	238	108168906	23211
chr11	68243792	68443792	harbor1	chr11	68309947	68310282	LINE/L2	862	-	168	68310115	66323
chr11	68243792	68443792	harbor1	chr11	68310778	68311182	LINE/L2	528	-	202	68310980	67188
chr11	49235848	49435848	harbor1	chr11	49259601	49259719	LINE/L2	408	-	59	49259660	23812
chr11	49235848	49435848	harbor1	chr11	49301348	49301510	LINE/L2	424	-	81	49301429	65581
chr11	49235848	49435848	harbor1	chr11	49328134	49328587	LINE/L2	1804	-	226	49328360	92512
chr11	85649151	85849151	harbor1	chr11	85706322	85706800	LINE/L2	400	-	239	85706561	57410
chr11	56611793	56811793	harbor1	chr11	56627502	56628201	LINE/L2	846	-	350	56627852	16059
chr11	56611793	56811793	harbor1	chr11	56638252	56638831	LINE/L2	879	-	290	56638542	26749
chr11	56611793	56811793	harbor1	chr11	56638918	56639201	LINE/L2	879	-	142	56639060	27267
chr11	56611793	56811793	harbor1	chr11	56639212	56639429	LINE/L2	436	-	108	56639320	27527
chr11	56611793	56811793	harbor1	chr11	56684847	56685245	LINE/L2	405	-	199	56685046	73253
chr11	56611793	56811793	harbor1	chr11	56694033	56694283	LINE/L2	726	-	125	56694158	82365
chr11	56611793	56811793	harbor1	chr11	56698342	56699356	LINE/L2	1769	-	507	56698849	87056
chr11	9554511	9754511	harbor1	chr11	9606782	9606996	LINE/L2	465	-	107	9606889	52378
chr11	9554511	9754511	harbor1	chr11	9608792	9608987	LINE/L2	1495	-	98	9608890	54379
chr11	9554511	9754511	harbor1	chr11	9609273	9609606	LINE/L2	1495	-	166	9609439	54928
chr11	9554511	9754511	harbor1	chr11	9610303	9610454	LINE/L2	587	-	76	9610379	55868
chr11	9554511	9754511	harbor1	chr11	9616537	9616618	LINE/L2	622	-	40	9616577	62066
chr11	9554511	9754511	harbor1	chr11	9616929	9617247	LINE/L2	650	-	159	9617088	62577
chr11	9554511	9754511	harbor1	chr11	9617751	9618064	LINE/L2	595	-	156	9617907	63396
chr11	9554511	9754511	harbor1	chr11	9626446	9626796	LINE/L2	600	-	175	9626621	72110
chr11	9554511	9754511	harbor1	chr11	9627271	9627384	LINE/L2	487	-	56	9627327	72816
chr11	21832342	22032342	harbor1	chr11	21836787	21836970	LINE/L2	589	-	92	21836879	4537
chr11	21832342	22032342	harbor1	chr11	21873289	21873954	LINE/L2	966	-	332	21873621	41279
chr11	21832342	22032342	harbor1	chr11	21906656	21907034	LINE/L2	769	-	189	21906845	74503
chr11	21832342	22032342	harbor1	chr11	21912536	21913448	LINE/L2	1829	-	456	21912992	80650
chr11	78137720	78337720	harbor1	chr11	78190551	78190834	LINE/L2	459	-	142	78190693	52973
chr11	78137720	78337720	harbor1	chr11	78194750	78195042	LINE/L2	486	-	146	78194896	57176
chr11	120980118	121180118	harbor1	chr11	121006932	121008179	LINE/L2	1832	-	624	121007556	27438
chr11	120980118	121180118	harbor1	chr11	121029862	121030662	LINE/L2	1196	-	400	121030262	50144
chr11	120980118	121180118	harbor1	chr11	121062960	121063074	LINE/L2	451	-	57	121063017	82899
chr11	62900720	63100720	harbor1	chr11	62991851	62992330	LINE/L2	605	-	240	62992091	91371
chr11	89964595	90164595	harbor1	chr11	90036590	90037039	LINE/L2	583	-	224	90036814	72219
chr11	89964595	90164595	harbor1	chr11	90037115	90037244	LINE/L2	583	-	64	90037179	72584
chr11	133897656	134097656	harbor1	chr11	133909926	133910734	LINE/L2	1091	-	404	133910330	12674
chr11	133897656	134097656	harbor1	chr11	133979931	133979964	LINE/L2	655	-	16	133979947	82291
chr11	133897656	134097656	harbor1	chr11	133980370	133980682	LINE/L2	655	-	156	133980526	82870
chr11	133897656	134097656	harbor1	chr11	133983735	133984110	LINE/L2	410	-	188	133983923	86267
chr11	76053459	76253459	harbor1	chr11	76056865	76057237	LINE/L2	678	-	186	76057051	3592
chr11	76053459	76253459	harbor1	chr11	76071057	76072302	LINE/L2	2289	-	622	76071679	18220
chr11	20341874	20541874	harbor1	chr11	20351656	20351774	LINE/L2	520	-	59	20351715	9841
chr11	106664915	106864915	harbor1	chr11	106728993	106729141	LINE/L2	478	-	74	106729067	64152
chr11	111150438	111350438	harbor1	chr11	111150640	111151069	LINE/L2	654	-	214	111150854	416
chr11	111150438	111350438	harbor1	chr11	111151078	111151423	LINE/L2	605	-	172	111151250	812
chr11	111150438	111350438	harbor1	chr11	111168445	111168581	LINE/L2	458	-	68	111168513	18075
chr11	111150438	111350438	harbor1	chr11	111234158	111234809	LINE/L2	404	-	326	111234484	84046
chr11	105240540	105440540	harbor1	chr11	105241033	105241779	LINE/L2	760	-	373	105241406	866
chr11	105240540	105440540	harbor1	chr11	105255548	105255729	LINE/L2	548	-	90	105255638	15098
chr11	56697911	56897911	harbor1	chr11	56698342	56699356	LINE/L2	1769	-	507	56698849	938
chr11	56697911	56897911	harbor1	chr11	56737566	56737669	LINE/L2	453	-	52	56737618	39707
chr11	80011438	80211438	harbor1	chr11	80025809	80025980	LINE/L2	452	-	86	80025895	14457
chr11	80011438	80211438	harbor1	chr11	80029355	80029506	LINE/L2	440	-	76	80029431	17993
chr11	80011438	80211438	harbor1	chr11	80060955	80061404	LINE/L2	450	-	224	80061179	49741
chr11	80011438	80211438	harbor1	chr11	80070955	80071237	LINE/L2	442	-	141	80071096	59658
chr11	80011438	80211438	harbor1	chr11	80071589	80071836	LINE/L2	442	-	124	80071713	60275
chr11	80011438	80211438	harbor1	chr11	80089629	80090368	LINE/L2	986	-	370	80089999	78561
chr11	80011438	80211438	harbor1	chr11	80106067	80106501	LINE/L2	501	-	217	80106284	94846
chr11	74732599	74932599	harbor1	chr11	74735100	74735216	LINE/L2	393	-	58	74735158	2559
chr11	74732599	74932599	harbor1	chr11	74747761	74748356	LINE/L2	619	-	298	74748059	15460
chr11	74732599	74932599	harbor1	chr11	74755455	74756105	LINE/L2	618	-	325	74755780	23181
chr11	74732599	74932599	harbor1	chr11	74774576	74774672	LINE/L2	735	-	48	74774624	42025
chr11	74732599	74932599	harbor1	chr11	74774988	74775298	LINE/L2	735	-	155	74775143	42544
chr11	74732599	74932599	harbor1	chr11	74794238	74794822	LINE/L2	1063	-	292	74794530	61931
chr11	93730450	93930450	harbor1	chr11	93768407	93768510	LINE/L2	459	-	52	93768459	38009
chr11	93730450	93930450	harbor1	chr11	93769554	93769595	LINE/L2	459	-	20	93769574	39124
chr11	93730450	93930450	harbor1	chr11	93821394	93821497	LINE/L2	389	-	52	93821446	90996
chr11	9234763	9434763	harbor1	chr11	9270130	9270279	LINE/L2	610	-	74	9270204	35441
chr11	124337303	124537303	harbor1	chr11	124436064	124436331	LINE/L2	433	-	134	124436198	98895
chr11	69096292	69296292	harbor1	chr11	69109102	69109487	LINE/L2	469	-	192	69109294	13002
chr11	69096292	69296292	harbor1	chr11	69120029	69120234	LINE/L2	388	-	102	69120131	23839
chr11	69096292	69296292	harbor1	chr11	69162096	69162234	LINE/L2	396	-	69	69162165	65873
chr11	69096292	69296292	harbor1	chr11	69167283	69167497	LINE/L2	386	-	107	69167390	71098
chr11	83020976	83220976	harbor1	chr11	83036520	83037133	LINE/L2	657	-	306	83036826	15850
chr11	83020976	83220976	harbor1	chr11	83103144	83103605	LINE/L2	707	-	230	83103374	82398
chr11	83020976	83220976	harbor1	chr11	83103614	83103904	LINE/L2	1017	-	145	83103759	82783
chr11	83020976	83220976	harbor1	chr11	83103917	83104123	LINE/L2	1162	-	103	83104020	83044
chr11	83020976	83220976	harbor1	chr11	83104426	83104657	LINE/L2	1162	-	116	83104542	83566
chr11	133039330	133239330	harbor1	chr11	133089856	133090013	LINE/L2	428	-	78	133089934	50604
chr11	13485066	13685066	harbor1	chr11	13522690	13523028	LINE/L2	448	-	169	13522859	37793
chr11	13485066	13685066	harbor1	chr11	13523066	13523381	LINE/L2	621	-	158	13523224	38158
chr11	46701651	46901651	harbor1	chr11	46722163	46722309	LINE/L2	463	-	73	46722236	20585
chr11	46701651	46901651	harbor1	chr11	46722609	46722819	LINE/L2	404	-	105	46722714	21063
chr11	46701651	46901651	harbor1	chr11	46729831	46730064	LINE/L2	868	-	116	46729947	28296
chr11	46701651	46901651	harbor1	chr11	46730298	46730660	LINE/L2	868	-	181	46730479	28828
chr11	46701651	46901651	harbor1	chr11	46738742	46738950	LINE/L2	435	-	104	46738846	37195
chr11	46701651	46901651	harbor1	chr11	46747223	46747324	LINE/L2	647	-	50	46747273	45622
chr11	46701651	46901651	harbor1	chr11	46747619	46747777	LINE/L2	2159	-	79	46747698	46047
chr11	46701651	46901651	harbor1	chr11	46748053	46748492	LINE/L2	2159	-	220	46748273	46622
chr11	46701651	46901651	harbor1	chr11	46748791	46748828	LINE/L2	2159	-	18	46748809	47158
chr11	46701651	46901651	harbor1	chr11	46749129	46749172	LINE/L2	2159	-	22	46749151	47500
chr11	46701651	46901651	harbor1	chr11	46749480	46749671	LINE/L2	2159	-	96	46749576	47925
chr11	46701651	46901651	harbor1	chr11	46749945	46750165	LINE/L2	2159	-	110	46750055	48404
chr11	46701651	46901651	harbor1	chr11	46792995	46793156	LINE/L2	385	-	80	46793075	91424
chr11	43029780	43229780	harbor1	chr11	43036286	43036899	LINE/L2	1098	-	306	43036592	6812
chr11	43029780	43229780	harbor1	chr11	43039184	43039426	LINE/L2	443	-	121	43039305	9525
chr11	43029780	43229780	harbor1	chr11	43039425	43039623	LINE/L2	1154	-	99	43039524	9744
chr11	43029780	43229780	harbor1	chr11	43039785	43039977	LINE/L2	1154	-	96	43039881	10101
chr11	43029780	43229780	harbor1	chr11	43117628	43117681	LINE/L2	492	-	26	43117654	87874
chr11	43029780	43229780	harbor1	chr11	43118053	43118685	LINE/L2	502	-	316	43118369	88589
chr11	134412616	134612616	harbor1	chr11	134428783	134428971	LINE/L2	389	-	94	134428877	16261
chr11	134412616	134612616	harbor1	chr11	134432640	134432791	LINE/L2	385	-	76	134432716	20100
chr11	134412616	134612616	harbor1	chr11	134439760	134439983	LINE/L2	526	-	112	134439872	27256
chr11	134412616	134612616	harbor1	chr11	134440716	134440864	LINE/L2	440	-	74	134440790	28174
chr11	134412616	134612616	harbor1	chr11	134505993	134506265	LINE/L2	612	-	136	134506129	93513
chr11	6773256	6973256	harbor1	chr11	6822720	6822993	LINE/L2	485	-	136	6822856	49600
chr11	125974239	126174239	harbor1	chr11	126019106	126019462	LINE/L2	648	-	178	126019284	45045
chr11	125974239	126174239	harbor1	chr11	126024063	126024922	LINE/L2	2194	-	430	126024493	50254
chr11	125974239	126174239	harbor1	chr11	126025238	126025524	LINE/L2	2194	-	143	126025381	51142
chr11	125974239	126174239	harbor1	chr11	126031130	126031314	LINE/L2	473	-	92	126031222	56983
chr11	84683124	84883124	harbor1	chr11	84731276	84731577	LINE/L2	488	-	150	84731426	48302
chr11	84683124	84883124	harbor1	chr11	84746001	84746199	LINE/L2	487	-	99	84746100	62976
chr11	84683124	84883124	harbor1	chr11	84752215	84752469	LINE/L2	631	-	127	84752342	69218
chr11	84683124	84883124	harbor1	chr11	84753251	84754143	LINE/L2	1558	-	446	84753697	70573
chr11	84683124	84883124	harbor1	chr11	84762695	84762943	LINE/L2	405	-	124	84762819	79695
chr11	84683124	84883124	harbor1	chr11	84737554	84738120	LINE/L2	463	-	283	84737837	54713
chr11	113337808	113537808	harbor1	chr11	113337170	113337922	LINE/L2	1271	-	376	113337546	262
chr11	113337808	113537808	harbor1	chr11	113389392	113389829	LINE/L2	757	-	218	113389610	51802
chr11	113337808	113537808	harbor1	chr11	113390267	113390448	LINE/L2	493	-	90	113390357	52549
chr11	113337808	113537808	harbor1	chr11	113391003	113391520	LINE/L2	1150	-	258	113391261	53453
chr11	113337808	113537808	harbor1	chr11	113391725	113392097	LINE/L2	431	-	186	113391911	54103
chr11	113337808	113537808	harbor1	chr11	113425048	113425711	LINE/L2	646	-	332	113425380	87572
chr11	133001290	133201290	harbor1	chr11	133089856	133090013	LINE/L2	428	-	78	133089934	88644
chr11	19918299	20118299	harbor1	chr11	19981992	19982144	LINE/L2	417	-	76	19982068	63769
chr11	19918299	20118299	harbor1	chr11	19993874	19994050	LINE/L2	478	-	88	19993962	75663
chr11	49707120	49907120	harbor1	chr11	49767012	49767210	LINE/L2	487	-	99	49767111	59991
chr11	49707120	49907120	harbor1	chr11	49767518	49767770	LINE/L2	487	-	126	49767644	60524
chr11	49707120	49907120	harbor1	chr11	49790947	49791579	LINE/L2	712	-	316	49791263	84143
chr11	89153096	89353096	harbor1	chr11	89187258	89187571	LINE/L2	519	-	156	89187414	34318
chr11	89153096	89353096	harbor1	chr11	89197036	89197245	LINE/L2	440	-	104	89197140	44044
chr11	89153096	89353096	harbor1	chr11	89248210	89250039	LINE/L2	1228	-	914	89249124	96028
chr11	77855610	78055610	harbor1	chr11	77871346	77871451	LINE/L2	397	-	52	77871398	15788
chr11	77855610	78055610	harbor1	chr11	77872396	77872529	LINE/L2	386	-	66	77872462	16852
chr11	77855610	78055610	harbor1	chr11	77892139	77892460	LINE/L2	434	-	160	77892299	36689
chr11	77855610	78055610	harbor1	chr11	77942086	77942273	LINE/L2	409	-	94	77942180	86570
chr11	95721650	95921650	harbor1	chr11	95736377	95736612	LINE/L2	706	-	118	95736495	14845
chr11	95721650	95921650	harbor1	chr11	95748165	95748372	LINE/L2	434	-	104	95748269	26619
chr11	95721650	95921650	harbor1	chr11	95764610	95764679	LINE/L2	975	-	34	95764644	42994
chr11	95721650	95921650	harbor1	chr11	95765265	95765853	LINE/L2	975	-	294	95765559	43909
chr11	95027815	95227815	harbor1	chr11	95070617	95070992	LINE/L2	680	-	188	95070805	42990
chr11	95027815	95227815	harbor1	chr11	95078033	95078414	LINE/L2	636	-	190	95078223	50408
chr11	95027815	95227815	harbor1	chr11	95096719	95096881	LINE/L2	1429	-	81	95096800	68985
chr11	95027815	95227815	harbor1	chr11	95097169	95097914	LINE/L2	1562	-	372	95097541	69726
chr11	40027430	40227430	harbor1	chr11	40037744	40038506	LINE/L2	1438	-	381	40038125	10695
chr11	40027430	40227430	harbor1	chr11	40051441	40051718	LINE/L2	584	-	138	40051579	24149
chr11	40027430	40227430	harbor1	chr11	40118364	40118746	LINE/L2	483	-	191	40118555	91125
chr11	17240056	17440056	harbor1	chr11	17249317	17249673	LINE/L2	1201	-	178	17249495	9439
chr11	17240056	17440056	harbor1	chr11	17249967	17250026	LINE/L2	1201	-	30	17249997	9941
chr11	17240056	17440056	harbor1	chr11	17262888	17263042	LINE/L2	620	-	77	17262965	22909
chr11	17240056	17440056	harbor1	chr11	17263076	17263421	LINE/L2	739	-	172	17263248	23192
chr11	17240056	17440056	harbor1	chr11	17263728	17264060	LINE/L2	739	-	166	17263894	23838
chr11	17240056	17440056	harbor1	chr11	17265274	17265531	LINE/L2	817	-	128	17265402	25346
chr11	17240056	17440056	harbor1	chr11	17265850	17265873	LINE/L2	817	-	12	17265862	25806
chr11	17240056	17440056	harbor1	chr11	17266167	17266317	LINE/L2	817	-	75	17266242	26186
chr11	118939678	119139678	harbor1	chr11	118973164	118973407	LINE/L2	817	-	122	118973286	33608
chr11	118939678	119139678	harbor1	chr11	118973998	118974158	LINE/L2	817	-	80	118974078	34400
chr11	118939678	119139678	harbor1	chr11	118974462	118974485	LINE/L2	781	-	12	118974474	34796
chr11	118939678	119139678	harbor1	chr11	118974643	118974875	LINE/L2	781	-	116	118974759	35081
chr11	118939678	119139678	harbor1	chr11	118974960	118975415	LINE/L2	1079	-	228	118975188	35510
chr11	118939678	119139678	harbor1	chr11	118975613	118975743	LINE/L2	1079	-	65	118975678	36000
chr11	118939678	119139678	harbor1	chr11	118975997	118976202	LINE/L2	530	-	102	118976099	36421
chr11	118939678	119139678	harbor1	chr11	118976502	118976556	LINE/L2	530	-	27	118976529	36851
chr11	118939678	119139678	harbor1	chr11	118977721	118977804	LINE/L2	589	-	42	118977763	38085
chr11	118939678	119139678	harbor1	chr11	118978371	118978600	LINE/L2	589	-	114	118978485	38807
chr11	118939678	119139678	harbor1	chr11	118986568	118986746	LINE/L2	464	-	89	118986657	46979
chr11	118939678	119139678	harbor1	chr11	118987047	118987199	LINE/L2	464	-	76	118987123	47445
chr11	118939678	119139678	harbor1	chr11	118987501	118987971	LINE/L2	837	-	235	118987736	48058
chr11	118939678	119139678	harbor1	chr11	118988276	118988388	LINE/L2	837	-	56	118988332	48654
chr11	118939678	119139678	harbor1	chr11	118988689	118988699	LINE/L2	837	-	5	118988694	49016
chr11	118939678	119139678	harbor1	chr11	118989297	118989308	LINE/L2	837	-	6	118989303	49625
chr11	118939678	119139678	harbor1	chr11	118989625	118989753	LINE/L2	837	-	64	118989689	50011
chr11	32256513	32456513	harbor1	chr11	32350609	32351044	LINE/L2	598	-	218	32350827	94314
chr11	129836097	130036097	harbor1	chr11	129846523	129847076	LINE/L2	911	-	276	129846799	10702
chr11	74867983	75067983	harbor1	chr11	74922956	74923274	LINE/L2	522	-	159	74923115	55132
chr11	74867983	75067983	harbor1	chr11	74935446	74935789	LINE/L2	533	-	172	74935618	67635
chr11	29143489	29343489	harbor1	chr11	29169121	29169421	LINE/L2	706	-	150	29169271	25782
chr11	29143489	29343489	harbor1	chr11	29211945	29212569	LINE/L2	1030	-	312	29212257	68768
chr11	29143489	29343489	harbor1	chr11	29231098	29231162	LINE/L2	1082	-	32	29231130	87641
chr11	29143489	29343489	harbor1	chr11	29231211	29231616	LINE/L2	1082	-	202	29231413	87924
chr11	12286716	12486716	harbor1	chr11	12328138	12328504	LINE/L2	619	-	183	12328321	41605
chr11	12286716	12486716	harbor1	chr11	12384336	12385054	LINE/L2	1502	-	359	12384695	97979
chr11	12286716	12486716	harbor1	chr11	12385350	12385560	LINE/L2	1242	-	105	12385455	98739
chr11	27679324	27879324	harbor1	chr11	27772476	27772922	LINE/L2	893	-	223	27772699	93375
chr11	27679324	27879324	harbor1	chr11	27772996	27773213	LINE/L2	550	-	108	27773104	93780
chr11	9032564	9232564	harbor1	chr11	9038044	9038357	LINE/L2	693	-	156	9038200	5636
chr11	9032564	9232564	harbor1	chr11	9038643	9038870	LINE/L2	439	-	114	9038757	6193
chr11	9032564	9232564	harbor1	chr11	9039138	9039547	LINE/L2	1168	-	204	9039342	6778
chr11	9032564	9232564	harbor1	chr11	9041308	9042050	LINE/L2	1577	-	371	9041679	9115
chr11	38238782	38438782	harbor1	chr11	38322754	38322942	LINE/L2	423	-	94	38322848	84066
chr11	38238782	38438782	harbor1	chr11	38323057	38323617	LINE/L2	1260	-	280	38323337	84555
chr11	100456914	100656914	harbor1	chr11	100457923	100458170	LINE/L2	761	-	124	100458047	1133
chr11	100456914	100656914	harbor1	chr11	100458527	100458866	LINE/L2	1040	-	170	100458697	1783
chr11	100456914	100656914	harbor1	chr11	100468356	100468501	LINE/L2	411	-	72	100468428	11514
chr11	100456914	100656914	harbor1	chr11	100500272	100500549	LINE/L2	386	-	138	100500410	43496
chr11	100456914	100656914	harbor1	chr11	100543409	100543667	LINE/L2	389	-	129	100543538	86624
chr11	31962740	32162740	harbor1	chr11	31975194	31975531	LINE/L2	426	-	168	31975362	12622
chr11	31962740	32162740	harbor1	chr11	31979571	31980612	LINE/L2	3059	-	520	31980091	17351
chr11	31962740	32162740	harbor1	chr11	32014244	32014612	LINE/L2	414	-	184	32014428	51688
chr11	9018191	9218191	harbor1	chr11	9038044	9038357	LINE/L2	693	-	156	9038200	20009
chr11	9018191	9218191	harbor1	chr11	9038643	9038870	LINE/L2	439	-	114	9038757	20566
chr11	9018191	9218191	harbor1	chr11	9039138	9039547	LINE/L2	1168	-	204	9039342	21151
chr11	9018191	9218191	harbor1	chr11	9041308	9042050	LINE/L2	1577	-	371	9041679	23488
chr11	14582869	14782869	harbor1	chr11	14609316	14610044	LINE/L2	1352	-	364	14609680	26811
chr11	14582869	14782869	harbor1	chr11	14671008	14671683	LINE/L2	1034	-	338	14671346	88477
chr11	2501603	2701603	harbor1	chr11	2547769	2548162	LINE/L2	387	-	196	2547965	46362
chr11	25378601	25578601	harbor1	chr11	25414174	25414403	LINE/L2	542	-	114	25414288	35687
chr11	134412905	134612905	harbor1	chr11	134428783	134428971	LINE/L2	389	-	94	134428877	15972
chr11	134412905	134612905	harbor1	chr11	134432640	134432791	LINE/L2	385	-	76	134432716	19811
chr11	134412905	134612905	harbor1	chr11	134439760	134439983	LINE/L2	526	-	112	134439872	26967
chr11	134412905	134612905	harbor1	chr11	134440716	134440864	LINE/L2	440	-	74	134440790	27885
chr11	134412905	134612905	harbor1	chr11	134505993	134506265	LINE/L2	612	-	136	134506129	93224
chr11	62917026	63117026	harbor1	chr11	62991851	62992330	LINE/L2	605	-	240	62992091	75065
chr11	62917026	63117026	harbor1	chr11	63012629	63012724	LINE/L2	426	-	48	63012677	95651
chr11	47771432	47971432	harbor1	chr11	47800743	47801114	LINE/L2	536	-	186	47800929	29497
chr11	47771432	47971432	harbor1	chr11	47837890	47838425	LINE/L2	1084	-	268	47838158	66726
chr11	47771432	47971432	harbor1	chr11	47839030	47839097	LINE/L2	445	-	34	47839064	67632
chr11	47771432	47971432	harbor1	chr11	47839391	47839515	LINE/L2	445	-	62	47839453	68021
chr11	73337356	73537356	harbor1	chr11	73341039	73341295	LINE/L2	633	-	128	73341167	3811
chr11	73337356	73537356	harbor1	chr11	73341612	73341774	LINE/L2	633	-	81	73341693	4337
chr11	73337356	73537356	harbor1	chr11	73347319	73347524	LINE/L2	466	-	102	73347421	10065
chr11	73337356	73537356	harbor1	chr11	73348837	73349041	LINE/L2	516	-	102	73348939	11583
chr11	73337356	73537356	harbor1	chr11	73434164	73434897	LINE/L2	1654	-	366	73434530	97174
chr11	103797045	103997045	harbor1	chr11	103807294	103807425	LINE/L2	487	-	66	103807360	10315
chr11	109724655	109924655	harbor1	chr11	109736714	109737281	LINE/L2	482	-	284	109736998	12343
chr11	109724655	109924655	harbor1	chr11	109742447	109744022	LINE/L2	2508	-	788	109743235	18580
chr11	109724655	109924655	harbor1	chr11	109755423	109755973	LINE/L2	470	-	275	109755698	31043
chr11	109724655	109924655	harbor1	chr11	109814454	109815084	LINE/L2	1217	-	315	109814769	90114
chr11	96747160	96947160	harbor1	chr11	96822674	96823283	LINE/L2	864	-	304	96822978	75818
chr11	102681897	102881897	harbor1	chr11	102719995	102720416	LINE/L2	404	-	210	102720205	38308
chr11	102681897	102881897	harbor1	chr11	102755228	102755510	LINE/L2	579	-	141	102755369	73472
chr11	9135891	9335891	harbor1	chr11	9200870	9200983	LINE/L2	459	-	56	9200926	65035
chr11	69254265	69454265	harbor1	chr11	69294505	69294733	LINE/L2	385	-	114	69294619	40354
chr11	69254265	69454265	harbor1	chr11	69299285	69299724	LINE/L2	467	-	220	69299505	45240
chr11	69254265	69454265	harbor1	chr11	69304377	69304579	LINE/L2	430	-	101	69304478	50213
chr11	69254265	69454265	harbor1	chr11	69315682	69316450	LINE/L2	905	-	384	69316066	61801
chr11	123475973	123675973	harbor1	chr11	123487238	123487531	LINE/L2	468	-	146	123487384	11411
chr11	123475973	123675973	harbor1	chr11	123490387	123490790	LINE/L2	636	-	202	123490589	14616
chr11	123475973	123675973	harbor1	chr11	123514006	123514298	LINE/L2	516	-	146	123514152	38179
chr11	123475973	123675973	harbor1	chr11	123566808	123567260	LINE/L2	669	-	226	123567034	91061
chr11	34577149	34777149	harbor1	chr11	34580491	34580959	LINE/L2	634	-	234	34580725	3576
chr11	34577149	34777149	harbor1	chr11	34584422	34585103	LINE/L2	1527	-	340	34584762	7613
chr11	34577149	34777149	harbor1	chr11	34663383	34663995	LINE/L2	943	-	306	34663689	86540
chr11	34577149	34777149	harbor1	chr11	34676856	34676976	LINE/L2	424	-	60	34676916	99767
chr11	125208254	125408254	harbor1	chr11	125208836	125209064	LINE/L2	384	-	114	125208950	696
chr11	125208254	125408254	harbor1	chr11	125211336	125211600	LINE/L2	914	-	132	125211468	3214
chr11	125208254	125408254	harbor1	chr11	125252339	125252636	LINE/L2	412	-	148	125252487	44233
chr11	125208254	125408254	harbor1	chr11	125255480	125255662	LINE/L2	387	-	91	125255571	47317
chr11	125208254	125408254	harbor1	chr11	125269909	125269995	LINE/L2	477	-	43	125269952	61698
chr11	125208254	125408254	harbor1	chr11	125274975	125275965	LINE/L2	952	-	495	125275470	67216
chr11	125208254	125408254	harbor1	chr11	125276439	125277515	LINE/L2	2337	-	538	125276977	68723
chr11	125208254	125408254	harbor1	chr11	125277913	125277935	LINE/L2	2089	-	11	125277924	69670
chr11	125208254	125408254	harbor1	chr11	125278238	125278400	LINE/L2	2089	-	81	125278319	70065
chr11	125208254	125408254	harbor1	chr11	125290658	125290987	LINE/L2	729	-	164	125290822	82568
chr11	125208254	125408254	harbor1	chr11	125297300	125297571	LINE/L2	525	-	136	125297436	89182
chr11	125208254	125408254	harbor1	chr11	125304769	125304923	LINE/L2	589	-	77	125304846	96592
chr11	29635974	29835974	harbor1	chr11	29636265	29636818	LINE/L2	517	-	276	29636541	567
chr11	29635974	29835974	harbor1	chr11	29703592	29703724	LINE/L2	436	-	66	29703658	67684
chr11	120018880	120218880	harbor1	chr11	120053457	120053802	LINE/L2	558	-	172	120053629	34749
chr11	120018880	120218880	harbor1	chr11	120072843	120073113	LINE/L2	875	-	135	120072978	54098
chr11	120018880	120218880	harbor1	chr11	120092150	120092681	LINE/L2	1078	-	266	120092416	73536
chr11	120018880	120218880	harbor1	chr11	120092989	120093021	LINE/L2	478	-	16	120093005	74125
chr11	120018880	120218880	harbor1	chr11	120093185	120093336	LINE/L2	478	-	76	120093261	74381
chr11	67336900	67536900	harbor1	chr11	67365789	67366317	LINE/L2	493	-	264	67366053	29153
chr11	67336900	67536900	harbor1	chr11	67388439	67388521	LINE/L2	463	-	41	67388480	51580
chr11	67336900	67536900	harbor1	chr11	67389148	67389838	LINE/L2	750	-	345	67389493	52593
chr11	67336900	67536900	harbor1	chr11	67417009	67417115	LINE/L2	431	-	53	67417062	80162
chr11	113746120	113946120	harbor1	chr11	113746443	113746982	LINE/L2	957	-	270	113746713	593
chr11	113746120	113946120	harbor1	chr11	113831095	113831221	LINE/L2	395	-	63	113831158	85038
chr11	11088926	11288926	harbor1	chr11	11093542	11093838	LINE/L2	402	-	148	11093690	4764
chr11	11088926	11288926	harbor1	chr11	11172115	11172637	LINE/L2	538	-	261	11172376	83450
chr11	128612171	128812171	harbor1	chr11	128615166	128615698	LINE/L2	552	-	266	128615432	3261
chr11	128612171	128812171	harbor1	chr11	128659950	128660154	LINE/L2	399	-	102	128660052	47881
chr11	128612171	128812171	harbor1	chr11	128697753	128698016	LINE/L2	502	-	132	128697885	85714
chr11	106062763	106262763	harbor1	chr11	106073604	106073965	LINE/L2	605	-	180	106073784	11021
chr11	106062763	106262763	harbor1	chr11	106073974	106074099	LINE/L2	425	-	62	106074036	11273
chr11	106062763	106262763	harbor1	chr11	106074688	106074940	LINE/L2	510	-	126	106074814	12051
chr11	106062763	106262763	harbor1	chr11	106126107	106126463	LINE/L2	656	-	178	106126285	63522
chr11	97255179	97455179	harbor1	chr11	97294550	97294653	LINE/L2	400	-	52	97294602	39423
chr11	97255179	97455179	harbor1	chr11	97313132	97313479	LINE/L2	953	-	174	97313306	58127
chr11	97255179	97455179	harbor1	chr11	97313678	97314196	LINE/L2	1178	-	259	97313937	58758
chr11	97255179	97455179	harbor1	chr11	97327998	97329625	LINE/L2	2448	-	814	97328812	73633
chr11	97255179	97455179	harbor1	chr11	97329924	97330134	LINE/L2	2448	-	105	97330029	74850
chr11	6450917	6650917	harbor1	chr11	6451656	6452195	LINE/L2	721	-	270	6451926	1009
chr11	6450917	6650917	harbor1	chr11	6459602	6460321	LINE/L2	735	-	360	6459962	9045
chr11	6450917	6650917	harbor1	chr11	6467022	6467483	LINE/L2	1331	-	230	6467252	16335
chr11	6450917	6650917	harbor1	chr11	6467780	6468001	LINE/L2	1331	-	110	6467890	16973
chr11	6450917	6650917	harbor1	chr11	6468135	6468766	LINE/L2	1331	-	316	6468451	17534
chr11	6450917	6650917	harbor1	chr11	6469961	6470402	LINE/L2	899	-	220	6470181	19264
chr11	6450917	6650917	harbor1	chr11	6470568	6471084	LINE/L2	899	-	258	6470826	19909
chr11	6450917	6650917	harbor1	chr11	6480702	6480806	LINE/L2	471	-	52	6480754	29837
chr11	6450917	6650917	harbor1	chr11	6490489	6490782	LINE/L2	390	-	146	6490635	39718
chr11	6450917	6650917	harbor1	chr11	6491645	6491887	LINE/L2	393	-	121	6491766	40849
chr11	6450917	6650917	harbor1	chr11	6492464	6492652	LINE/L2	393	-	94	6492558	41641
chr11	6450917	6650917	harbor1	chr11	6493256	6493569	LINE/L2	942	-	156	6493412	42495
chr11	6450917	6650917	harbor1	chr11	6495724	6496479	LINE/L2	1961	-	378	6496102	45185
chr11	6450917	6650917	harbor1	chr11	6500731	6500920	LINE/L2	395	-	94	6500825	49908
chr11	6450917	6650917	harbor1	chr11	6527195	6527510	LINE/L2	937	-	158	6527353	76436
chr11	6450917	6650917	harbor1	chr11	6537362	6537650	LINE/L2	1228	-	144	6537506	86589
chr11	6450917	6650917	harbor1	chr11	6537944	6538148	LINE/L2	1228	-	102	6538046	87129
chr11	6450917	6650917	harbor1	chr11	6541565	6541886	LINE/L2	619	-	160	6541725	90808
chr11	6450917	6650917	harbor1	chr11	6471528	6471814	LINE/L2	675	-	143	6471671	20754
chr11	109175385	109375385	harbor1	chr11	109236396	109236782	LINE/L2	557	-	193	109236589	61204
chr11	109175385	109375385	harbor1	chr11	109241975	109242574	LINE/L2	973	-	300	109242275	66890
chr11	10446664	10646664	harbor1	chr11	10449605	10450192	LINE/L2	496	-	294	10449899	3235
chr11	10446664	10646664	harbor1	chr11	10462088	10462219	LINE/L2	561	-	66	10462154	15490
chr11	10446664	10646664	harbor1	chr11	10462683	10463034	LINE/L2	561	-	176	10462859	16195
chr11	10446664	10646664	harbor1	chr11	10484485	10484749	LINE/L2	678	-	132	10484617	37953
chr11	10446664	10646664	harbor1	chr11	10491447	10492098	LINE/L2	1617	-	326	10491773	45109
chr11	10446664	10646664	harbor1	chr11	10492585	10493280	LINE/L2	546	-	348	10492933	46269
chr11	10446664	10646664	harbor1	chr11	10527116	10527991	LINE/L2	1596	-	438	10527554	80890
chr11	10446664	10646664	harbor1	chr11	10528755	10529018	LINE/L2	480	-	132	10528887	82223
chr11	10446664	10646664	harbor1	chr11	10535964	10536363	LINE/L2	524	-	200	10536164	89500
chr11	80368797	80568797	harbor1	chr11	80375193	80375724	LINE/L2	681	-	266	80375459	6662
chr11	80368797	80568797	harbor1	chr11	80416367	80416561	LINE/L2	536	-	97	80416464	47667
chr11	80368797	80568797	harbor1	chr11	80439778	80440243	LINE/L2	548	-	232	80440010	71213
chr11	20604955	20804955	harbor1	chr11	20664929	20665736	LINE/L2	1002	-	404	20665333	60378
chr11	20604955	20804955	harbor1	chr11	20666843	20667070	LINE/L2	745	-	114	20666957	62002
chr11	20604955	20804955	harbor1	chr11	20671629	20671985	LINE/L2	424	-	178	20671807	66852
chr11	30235927	30435927	harbor1	chr11	30280462	30280614	LINE/L2	577	-	76	30280538	44611
chr11	30235927	30435927	harbor1	chr11	30280866	30281320	LINE/L2	1077	-	227	30281093	45166
chr11	30235927	30435927	harbor1	chr11	30286364	30286551	LINE/L2	662	-	94	30286458	50531
chr11	30235927	30435927	harbor1	chr11	30312892	30313052	LINE/L2	396	-	80	30312972	77045
chr11	83901266	84101266	harbor1	chr11	83913404	83913608	LINE/L2	441	-	102	83913506	12240
chr11	83901266	84101266	harbor1	chr11	83914784	83915324	LINE/L2	532	-	270	83915054	13788
chr11	83901266	84101266	harbor1	chr11	83927175	83928022	LINE/L2	1293	-	424	83927599	26333
chr11	83901266	84101266	harbor1	chr11	83952355	83952470	LINE/L2	1371	-	58	83952413	51147
chr11	83901266	84101266	harbor1	chr11	83992161	83992572	LINE/L2	577	-	206	83992367	91101
chr11	83901266	84101266	harbor1	chr11	83951248	83952063	LINE/L2	1371	-	408	83951656	50390
chr11	9375860	9575860	harbor1	chr11	9398199	9398560	LINE/L2	509	-	180	9398379	22519
chr11	9375860	9575860	harbor1	chr11	9470211	9470978	LINE/L2	1365	-	384	9470595	94735
chr11	25241921	25441921	harbor1	chr11	25242333	25242673	LINE/L2	459	-	170	25242503	582
chr11	25241921	25441921	harbor1	chr11	25269654	25269783	LINE/L2	392	-	64	25269718	27797
chr11	132239446	132439446	harbor1	chr11	132291215	132293597	LINE/L2	1631	-	1191	132292406	52960
chr11	5384615	5584615	harbor1	chr11	5388255	5388497	LINE/L2	474	-	121	5388376	3761
chr11	7813040	8013040	harbor1	chr11	7827422	7828344	LINE/L2	2410	-	461	7827883	14843
chr11	7813040	8013040	harbor1	chr11	7833967	7834127	LINE/L2	458	-	80	7834047	21007
chr11	7813040	8013040	harbor1	chr11	7835809	7836013	LINE/L2	730	-	102	7835911	22871
chr11	75168679	75368679	harbor1	chr11	75192257	75192468	LINE/L2	537	-	106	75192363	23684
chr11	75168679	75368679	harbor1	chr11	75208867	75209309	LINE/L2	398	-	221	75209088	40409
chr11	75168679	75368679	harbor1	chr11	75209549	75209766	LINE/L2	475	-	108	75209657	40978
chr11	75168679	75368679	harbor1	chr11	75249601	75249784	LINE/L2	399	-	92	75249693	81014
chr11	127350412	127550412	harbor1	chr11	127390151	127391491	LINE/L2	1560	-	670	127390821	40409
chr11	127350412	127550412	harbor1	chr11	127416907	127417277	LINE/L2	446	-	185	127417092	66680
chr11	127350412	127550412	harbor1	chr11	127424438	127424995	LINE/L2	1485	-	278	127424716	74304
chr11	127350412	127550412	harbor1	chr11	127425010	127425159	LINE/L2	855	-	74	127425084	74672
chr11	127350412	127550412	harbor1	chr11	127425378	127426160	LINE/L2	855	-	391	127425769	75357
chr11	9538801	9738801	harbor1	chr11	9606782	9606996	LINE/L2	465	-	107	9606889	68088
chr11	9538801	9738801	harbor1	chr11	9608792	9608987	LINE/L2	1495	-	98	9608890	70089
chr11	9538801	9738801	harbor1	chr11	9609273	9609606	LINE/L2	1495	-	166	9609439	70638
chr11	9538801	9738801	harbor1	chr11	9610303	9610454	LINE/L2	587	-	76	9610379	71578
chr11	9538801	9738801	harbor1	chr11	9616537	9616618	LINE/L2	622	-	40	9616577	77776
chr11	9538801	9738801	harbor1	chr11	9616929	9617247	LINE/L2	650	-	159	9617088	78287
chr11	9538801	9738801	harbor1	chr11	9617751	9618064	LINE/L2	595	-	156	9617907	79106
chr11	9538801	9738801	harbor1	chr11	9626446	9626796	LINE/L2	600	-	175	9626621	87820
chr11	9538801	9738801	harbor1	chr11	9627271	9627384	LINE/L2	487	-	56	9627327	88526
chr11	15249896	15449896	harbor1	chr11	15282790	15283128	LINE/L2	388	-	169	15282959	33063
chr11	15249896	15449896	harbor1	chr11	15333907	15334071	LINE/L2	480	-	82	15333989	84093
chr11	15249896	15449896	harbor1	chr11	15347968	15348163	LINE/L2	437	-	98	15348066	98170
chr11	26823811	27023811	harbor1	chr11	26908377	26908636	LINE/L2	608	-	130	26908507	84696
chr11	18238699	18438699	harbor1	chr11	18261400	18261817	LINE/L2	1103	-	208	18261608	22909
chr11	18238699	18438699	harbor1	chr11	18282577	18282968	LINE/L2	625	-	196	18282773	44074
chr11	18238699	18438699	harbor1	chr11	18303909	18304108	LINE/L2	510	-	100	18304009	65310
chr11	18238699	18438699	harbor1	chr11	18318829	18318937	LINE/L2	459	-	54	18318883	80184
chr11	18238699	18438699	harbor1	chr11	18321821	18321936	LINE/L2	458	-	58	18321879	83180
chr11	88259323	88459323	harbor1	chr11	88282240	88282609	LINE/L2	388	-	184	88282424	23101
chr11	111999346	112199346	harbor1	chr11	112041353	112041600	LINE/L2	778	-	124	112041477	42131
chr11	111999346	112199346	harbor1	chr11	112041898	112042112	LINE/L2	778	-	107	112042005	42659
chr11	111999346	112199346	harbor1	chr11	112075795	112076440	LINE/L2	876	-	322	112076117	76771
chr11	111999346	112199346	harbor1	chr11	112076800	112077089	LINE/L2	876	-	144	112076944	77598
chr11	18275911	18475911	harbor1	chr11	18282577	18282968	LINE/L2	625	-	196	18282773	6862
chr11	18275911	18475911	harbor1	chr11	18303909	18304108	LINE/L2	510	-	100	18304009	28098
chr11	18275911	18475911	harbor1	chr11	18318829	18318937	LINE/L2	459	-	54	18318883	42972
chr11	18275911	18475911	harbor1	chr11	18321821	18321936	LINE/L2	458	-	58	18321879	45968
chr11	18267351	18467351	harbor1	chr11	18282577	18282968	LINE/L2	625	-	196	18282773	15422
chr11	18267351	18467351	harbor1	chr11	18303909	18304108	LINE/L2	510	-	100	18304009	36658
chr11	18267351	18467351	harbor1	chr11	18318829	18318937	LINE/L2	459	-	54	18318883	51532
chr11	18267351	18467351	harbor1	chr11	18321821	18321936	LINE/L2	458	-	58	18321879	54528
chr11	97255639	97455639	harbor1	chr11	97294550	97294653	LINE/L2	400	-	52	97294602	38963
chr11	97255639	97455639	harbor1	chr11	97313132	97313479	LINE/L2	953	-	174	97313306	57667
chr11	97255639	97455639	harbor1	chr11	97313678	97314196	LINE/L2	1178	-	259	97313937	58298
chr11	97255639	97455639	harbor1	chr11	97327998	97329625	LINE/L2	2448	-	814	97328812	73173
chr11	97255639	97455639	harbor1	chr11	97329924	97330134	LINE/L2	2448	-	105	97330029	74390
chr11	85876108	86076108	harbor1	chr11	85885319	85885429	LINE/L2	448	-	55	85885374	9266
chr11	85876108	86076108	harbor1	chr11	85970050	85970248	LINE/L2	504	-	99	85970149	94041
chr11	65446051	65646051	harbor1	chr11	65528810	65528951	LINE/L2	448	-	70	65528880	82829
chr11	65446051	65646051	harbor1	chr11	65534429	65534703	LINE/L2	834	-	137	65534566	88515
chr11	8162192	8362192	harbor1	chr11	8167150	8167502	LINE/L2	964	-	176	8167326	5134
chr11	8162192	8362192	harbor1	chr11	8171517	8171851	LINE/L2	613	-	167	8171684	9492
chr11	8162192	8362192	harbor1	chr11	8171901	8172082	LINE/L2	971	-	90	8171991	9799
chr11	8162192	8362192	harbor1	chr11	8172394	8172578	LINE/L2	971	-	92	8172486	10294
chr11	8162192	8362192	harbor1	chr11	8172885	8173139	LINE/L2	971	-	127	8173012	10820
chr11	46371371	46571371	harbor1	chr11	46386723	46387105	LINE/L2	486	-	191	46386914	15543
chr11	46371371	46571371	harbor1	chr11	46470819	46471057	LINE/L2	602	-	119	46470938	99567
chr11	46371371	46571371	harbor1	chr11	46432063	46432470	LINE/L2	467	-	204	46432267	60896
chr11	44566246	44766246	harbor1	chr11	44586831	44586967	LINE/L2	437	-	68	44586899	20653
chr11	44566246	44766246	harbor1	chr11	44599489	44599751	LINE/L2	457	-	131	44599620	33374
chr11	44566246	44766246	harbor1	chr11	44604624	44604868	LINE/L2	559	-	122	44604746	38500
chr11	44566246	44766246	harbor1	chr11	44614468	44615101	LINE/L2	1110	-	316	44614784	48538
chr11	44566246	44766246	harbor1	chr11	44623238	44623367	LINE/L2	480	-	64	44623302	57056
chr11	77809083	78009083	harbor1	chr11	77871346	77871451	LINE/L2	397	-	52	77871398	62315
chr11	77809083	78009083	harbor1	chr11	77872396	77872529	LINE/L2	386	-	66	77872462	63379
chr11	77809083	78009083	harbor1	chr11	77892139	77892460	LINE/L2	434	-	160	77892299	83216
chr11	87861723	88061723	harbor1	chr11	87953101	87953242	LINE/L2	508	-	70	87953171	91448
chr11	69936563	70136563	harbor1	chr11	69989377	69989904	LINE/L2	800	-	264	69989641	53078
chr11	69936563	70136563	harbor1	chr11	70011056	70011327	LINE/L2	440	-	136	70011192	74629
chr11	69936563	70136563	harbor1	chr11	70012907	70013395	LINE/L2	888	-	244	70013151	76588
chr11	104703064	104903064	harbor1	chr11	104748696	104748770	LINE/L2	566	-	37	104748733	45669
chr11	104703064	104903064	harbor1	chr11	104749325	104749552	LINE/L2	566	-	114	104749439	46375
chr11	85906126	86106126	harbor1	chr11	85970050	85970248	LINE/L2	504	-	99	85970149	64023
chr11	104394103	104594103	harbor1	chr11	104468611	104469346	LINE/L2	1022	-	368	104468979	74876
chr11	99067646	99267646	harbor1	chr11	99116715	99117157	LINE/L2	548	-	221	99116936	49290
chr11	99067646	99267646	harbor1	chr11	99135104	99135592	LINE/L2	411	-	244	99135348	67702
chr11	84881492	85081492	harbor1	chr11	84885940	84886149	LINE/L2	404	-	104	84886044	4552
chr11	84881492	85081492	harbor1	chr11	84915808	84915923	LINE/L2	389	-	58	84915866	34374
chr11	84881492	85081492	harbor1	chr11	84918887	84919002	LINE/L2	446	-	58	84918945	37453
chr11	61038779	61238779	harbor1	chr11	61105681	61105842	LINE/L2	596	-	80	61105761	66982
chr11	61038779	61238779	harbor1	chr11	61106145	61106407	LINE/L2	596	-	131	61106276	67497
chr11	61038779	61238779	harbor1	chr11	61106891	61107258	LINE/L2	890	-	184	61107075	68296
chr11	35005890	35205890	harbor1	chr11	35052393	35052777	LINE/L2	398	-	192	35052585	46695
chr11	35005890	35205890	harbor1	chr11	35057248	35057527	LINE/L2	744	-	140	35057388	51498
chr11	35005890	35205890	harbor1	chr11	35062251	35062372	LINE/L2	651	-	60	35062311	56421
chr11	35005890	35205890	harbor1	chr11	35062980	35063794	LINE/L2	1841	-	407	35063387	57497
chr11	130590810	130790810	harbor1	chr11	130622699	130623115	LINE/L2	458	-	208	130622907	32097
chr11	130590810	130790810	harbor1	chr11	130626389	130626505	LINE/L2	548	-	58	130626447	35637
chr11	17644643	17844643	harbor1	chr11	17705195	17706209	LINE/L2	1223	-	507	17705702	61059
chr11	17644643	17844643	harbor1	chr11	17716082	17716811	LINE/L2	1006	-	364	17716446	71803
chr11	17644643	17844643	harbor1	chr11	17723447	17724083	LINE/L2	420	-	318	17723765	79122
chr11	125523757	125723757	harbor1	chr11	125587556	125587693	LINE/L2	440	-	68	125587624	63867
chr11	27928269	28128269	harbor1	chr11	27953105	27953465	LINE/L2	1790	-	180	27953285	25016
chr11	27928269	28128269	harbor1	chr11	27953593	27954133	LINE/L2	1790	-	270	27953863	25594
chr11	27928269	28128269	harbor1	chr11	27969802	27970062	LINE/L2	449	-	130	27969932	41663
chr11	121428805	121628805	harbor1	chr11	121448675	121449006	LINE/L2	455	-	166	121448841	20036
chr11	121428805	121628805	harbor1	chr11	121515151	121515639	LINE/L2	963	-	244	121515395	86590
chr11	121428805	121628805	harbor1	chr11	121515943	121516525	LINE/L2	946	-	291	121516234	87429
chr11	26448784	26648784	harbor1	chr11	26458910	26459372	LINE/L2	689	-	231	26459141	10357
chr11	26448784	26648784	harbor1	chr11	26459485	26459572	LINE/L2	404	-	44	26459529	10745
chr11	26448784	26648784	harbor1	chr11	26459756	26459873	LINE/L2	443	-	58	26459814	11030
chr11	26448784	26648784	harbor1	chr11	26476127	26476529	LINE/L2	494	-	201	26476328	27544
chr11	26448784	26648784	harbor1	chr11	26504364	26504613	LINE/L2	525	-	124	26504488	55704
chr11	26448784	26648784	harbor1	chr11	26504611	26504742	LINE/L2	1819	-	66	26504677	55893
chr11	26448784	26648784	harbor1	chr11	26505040	26505690	LINE/L2	1819	-	325	26505365	56581
chr11	26448784	26648784	harbor1	chr11	26506018	26506105	LINE/L2	1819	-	44	26506062	57278
chr11	26448784	26648784	harbor1	chr11	26513108	26513468	LINE/L2	808	-	180	26513288	64504
chr11	26448784	26648784	harbor1	chr11	26531868	26531997	LINE/L2	419	-	64	26531932	83148
chr11	82433722	82633722	harbor1	chr11	82445823	82446112	LINE/L2	660	-	144	82445967	12245
chr11	82433722	82633722	harbor1	chr11	82458449	82458771	LINE/L2	509	-	161	82458610	24888
chr11	82433722	82633722	harbor1	chr11	82463553	82463674	LINE/L2	474	-	60	82463613	29891
chr11	82433722	82633722	harbor1	chr11	82498100	82498606	LINE/L2	596	-	253	82498353	64631
chr11	82433722	82633722	harbor1	chr11	82505474	82505559	LINE/L2	451	-	42	82505516	71794
chr11	82433722	82633722	harbor1	chr11	82506002	82506059	LINE/L2	451	-	28	82506030	72308
chr11	106429639	106629639	harbor1	chr11	106471114	106471359	LINE/L2	452	-	122	106471236	41597
chr11	106429639	106629639	harbor1	chr11	106480341	106481021	LINE/L2	405	-	340	106480681	51042
chr11	106429639	106629639	harbor1	chr11	106515719	106516013	LINE/L2	411	-	147	106515866	86227
chr11	50035481	50235481	harbor1	chr11	50064232	50064713	LINE/L2	719	-	240	50064472	28991
chr11	50035481	50235481	harbor1	chr11	50097073	50097348	LINE/L2	554	-	138	50097211	61730
chr11	50035481	50235481	harbor1	chr11	50120107	50120322	LINE/L2	674	-	108	50120215	84734
chr11	126081749	126281749	harbor1	chr11	126103493	126103623	LINE/L2	404	-	65	126103558	21809
chr11	126081749	126281749	harbor1	chr11	126104103	126104174	LINE/L2	404	-	36	126104139	22390
chr11	126081749	126281749	harbor1	chr11	126120252	126120963	LINE/L2	550	-	356	126120608	38859
chr11	126081749	126281749	harbor1	chr11	126121262	126121846	LINE/L2	550	-	292	126121554	39805
chr11	126081749	126281749	harbor1	chr11	126122158	126122456	LINE/L2	550	-	149	126122307	40558
chr11	126081749	126281749	harbor1	chr11	126168344	126168381	LINE/L2	547	-	18	126168362	86613
chr11	126081749	126281749	harbor1	chr11	126169063	126169247	LINE/L2	547	-	92	126169155	87406
chr11	14518134	14718134	harbor1	chr11	14565602	14566441	LINE/L2	1631	-	420	14566022	47888
chr11	14518134	14718134	harbor1	chr11	14609316	14610044	LINE/L2	1352	-	364	14609680	91546
chr11	74281987	74481987	harbor1	chr11	74298477	74298873	LINE/L2	499	-	198	74298675	16688
chr11	74281987	74481987	harbor1	chr11	74312394	74312766	LINE/L2	393	-	186	74312580	30593
chr11	74281987	74481987	harbor1	chr11	74366483	74367317	LINE/L2	1334	-	417	74366900	84913
chr11	21285364	21485364	harbor1	chr11	21299942	21300573	LINE/L2	451	-	316	21300258	14894
chr11	21285364	21485364	harbor1	chr11	21347076	21347308	LINE/L2	678	-	116	21347192	61828
chr11	66437089	66637089	harbor1	chr11	66447106	66447359	LINE/L2	518	-	126	66447232	10143
chr11	66437089	66637089	harbor1	chr11	66450796	66451275	LINE/L2	937	-	240	66451036	13947
chr11	66437089	66637089	harbor1	chr11	66476700	66477130	LINE/L2	547	-	215	66476915	39826
chr11	66437089	66637089	harbor1	chr11	66523970	66523997	LINE/L2	473	-	14	66523984	86895
chr11	66437089	66637089	harbor1	chr11	66524294	66524675	LINE/L2	473	-	190	66524484	87395
chr11	112077533	112277533	harbor1	chr11	112119564	112119656	LINE/L2	413	-	46	112119610	42077
chr11	112077533	112277533	harbor1	chr11	112119953	112119999	LINE/L2	413	-	23	112119976	42443
chr11	112077533	112277533	harbor1	chr11	112129233	112130224	LINE/L2	1821	-	496	112129729	52196
chr11	112077533	112277533	harbor1	chr11	112159657	112159951	LINE/L2	473	-	147	112159804	82271
chr11	131470084	131670084	harbor1	chr11	131501146	131502115	LINE/L2	1054	-	484	131501630	31546
chr11	131470084	131670084	harbor1	chr11	131502449	131502589	LINE/L2	1054	-	70	131502519	32435
chr11	131470084	131670084	harbor1	chr11	131502852	131503527	LINE/L2	756	-	338	131503190	33106
chr11	131470084	131670084	harbor1	chr11	131503806	131503913	LINE/L2	756	-	54	131503860	33776
chr11	131470084	131670084	harbor1	chr11	131545513	131545852	LINE/L2	485	-	170	131545683	75599
chr11	78065097	78265097	harbor1	chr11	78072485	78072949	LINE/L2	785	-	232	78072717	7620
chr11	37039267	37239267	harbor1	chr11	37062746	37064359	LINE/L2	1907	-	806	37063552	24285
chr11	37039267	37239267	harbor1	chr11	37064799	37065059	LINE/L2	822	-	130	37064929	25662
chr11	37039267	37239267	harbor1	chr11	37081525	37082352	LINE/L2	1231	-	414	37081939	42672
chr11	128025297	128225297	harbor1	chr11	128035940	128036610	LINE/L2	779	-	335	128036275	10978
chr11	128025297	128225297	harbor1	chr11	128036698	128036840	LINE/L2	425	-	71	128036769	11472
chr11	128025297	128225297	harbor1	chr11	128102323	128103900	LINE/L2	2480	-	788	128103111	77814
chr11	93147205	93347205	harbor1	chr11	93192790	93192853	LINE/L2	746	-	32	93192822	45617
chr11	93147205	93347205	harbor1	chr11	93200040	93200359	LINE/L2	506	-	160	93200200	52995
chr11	93147205	93347205	harbor1	chr11	93217971	93218352	LINE/L2	596	-	190	93218161	70956
chr11	93147205	93347205	harbor1	chr11	93191967	93192477	LINE/L2	1234	-	255	93192222	45017
chr11	103166665	103366665	harbor1	chr11	103190277	103190597	LINE/L2	606	-	160	103190437	23772
chr11	103166665	103366665	harbor1	chr11	103195921	103196271	LINE/L2	405	-	175	103196096	29431
chr11	103166665	103366665	harbor1	chr11	103205610	103206923	LINE/L2	7687	-	656	103206266	39601
chr11	103166665	103366665	harbor1	chr11	103207219	103208488	LINE/L2	7687	-	634	103207853	41188
chr11	103166665	103366665	harbor1	chr11	103210691	103211330	LINE/L2	389	-	320	103211011	44346
chr11	100699795	100899795	harbor1	chr11	100707683	100707783	LINE/L2	397	-	50	100707733	7938
chr11	100699795	100899795	harbor1	chr11	100781519	100781708	LINE/L2	589	-	94	100781613	81818
chr11	21664253	21864253	harbor1	chr11	21666926	21667390	LINE/L2	907	-	232	21667158	2905
chr11	21664253	21864253	harbor1	chr11	21751132	21751579	LINE/L2	399	-	224	21751356	87103
chr11	130897120	131097120	harbor1	chr11	130994856	130995158	LINE/L2	409	-	151	130995007	97887
chr11	16089545	16289545	harbor1	chr11	16124357	16124907	LINE/L2	866	-	275	16124632	35087
chr11	16089545	16289545	harbor1	chr11	16166483	16166869	LINE/L2	400	-	193	16166676	77131
chr11	16089545	16289545	harbor1	chr11	16189365	16189405	LINE/L2	396	-	20	16189385	99840
chr11	99426326	99626326	harbor1	chr11	99432334	99432411	LINE/L2	1611	-	38	99432372	6046
chr11	99426326	99626326	harbor1	chr11	99432508	99433324	LINE/L2	1611	-	408	99432916	6590
chr11	99426326	99626326	harbor1	chr11	99495684	99496260	LINE/L2	477	-	288	99495972	69646
chr11	41932777	42132777	harbor1	chr11	41986507	41986679	LINE/L2	499	-	86	41986593	53816
chr11	41932777	42132777	harbor1	chr11	42021275	42021460	LINE/L2	430	-	92	42021367	88590
chr11	7569294	7769294	harbor1	chr11	7595060	7595254	LINE/L2	496	-	97	7595157	25863
chr11	7569294	7769294	harbor1	chr11	7619070	7619427	LINE/L2	569	-	178	7619248	49954
chr11	7569294	7769294	harbor1	chr11	7619477	7619928	LINE/L2	572	-	226	7619703	50409
chr11	73295817	73495817	harbor1	chr11	73297945	73298234	LINE/L2	548	-	144	73298089	2272
chr11	73295817	73495817	harbor1	chr11	73316272	73316954	LINE/L2	1178	-	341	73316613	20796
chr11	73295817	73495817	harbor1	chr11	73341039	73341295	LINE/L2	633	-	128	73341167	45350
chr11	73295817	73495817	harbor1	chr11	73341612	73341774	LINE/L2	633	-	81	73341693	45876
chr11	73295817	73495817	harbor1	chr11	73347319	73347524	LINE/L2	466	-	102	73347421	51604
chr11	73295817	73495817	harbor1	chr11	73348837	73349041	LINE/L2	516	-	102	73348939	53122
chr11	75091837	75291837	harbor1	chr11	75138046	75138489	LINE/L2	594	-	222	75138268	46431
chr11	13371929	13571929	harbor1	chr11	13463810	13464098	LINE/L2	391	-	144	13463954	92025
chr11	13371929	13571929	harbor1	chr11	13434273	13435153	LINE/L2	2083	-	440	13434713	62784
chr11	39370326	39570326	harbor1	chr11	39454898	39455009	LINE/L2	395	-	56	39454954	84628
chr11	2776723	2976723	harbor1	chr11	2798975	2799242	LINE/L2	408	-	134	2799109	22386
chr11	84827260	85027260	harbor1	chr11	84845323	84845463	LINE/L2	573	-	70	84845393	18133
chr11	84827260	85027260	harbor1	chr11	84860944	84861332	LINE/L2	458	-	194	84861138	33878
chr11	84827260	85027260	harbor1	chr11	84872340	84872631	LINE/L2	490	-	146	84872486	45226
chr11	84827260	85027260	harbor1	chr11	84874191	84874738	LINE/L2	946	-	274	84874465	47205
chr11	84827260	85027260	harbor1	chr11	84875045	84875381	LINE/L2	946	-	168	84875213	47953
chr11	84827260	85027260	harbor1	chr11	84885940	84886149	LINE/L2	404	-	104	84886044	58784
chr11	84827260	85027260	harbor1	chr11	84915808	84915923	LINE/L2	389	-	58	84915866	88606
chr11	84827260	85027260	harbor1	chr11	84918887	84919002	LINE/L2	446	-	58	84918945	91685
chr11	95090719	95290719	harbor1	chr11	95096719	95096881	LINE/L2	1429	-	81	95096800	6081
chr11	95090719	95290719	harbor1	chr11	95097169	95097914	LINE/L2	1562	-	372	95097541	6822
chr11	95090719	95290719	harbor1	chr11	95152012	95152299	LINE/L2	486	-	144	95152156	61437
chr11	95090719	95290719	harbor1	chr11	95152772	95153114	LINE/L2	689	-	171	95152943	62224
chr11	95090719	95290719	harbor1	chr11	95175752	95176058	LINE/L2	1017	-	153	95175905	85186
chr11	95090719	95290719	harbor1	chr11	95176446	95176618	LINE/L2	594	-	86	95176532	85813
chr11	36393814	36593814	harbor1	chr11	36435255	36435596	LINE/L2	598	-	170	36435425	41611
chr11	36393814	36593814	harbor1	chr11	36453571	36453996	LINE/L2	446	-	212	36453783	59969
chr11	36393814	36593814	harbor1	chr11	36465886	36466030	LINE/L2	434	-	72	36465958	72144
chr11	111615877	111815877	harbor1	chr11	111620718	111620838	LINE/L2	522	-	60	111620778	4901
chr11	111615877	111815877	harbor1	chr11	111624563	111625854	LINE/L2	1511	-	646	111625209	9332
chr11	111615877	111815877	harbor1	chr11	111636410	111636649	LINE/L2	515	-	120	111636530	20653
chr11	111615877	111815877	harbor1	chr11	111644928	111645124	LINE/L2	431	-	98	111645026	29149
chr11	111615877	111815877	harbor1	chr11	111662261	111662466	LINE/L2	651	-	102	111662363	46486
chr11	111615877	111815877	harbor1	chr11	111663248	111663792	LINE/L2	937	-	272	111663520	47643
chr11	111615877	111815877	harbor1	chr11	111668602	111668950	LINE/L2	1111	-	174	111668776	52899
chr11	111615877	111815877	harbor1	chr11	111688921	111689099	LINE/L2	401	-	89	111689010	73133
chr11	111615877	111815877	harbor1	chr11	111689172	111689483	LINE/L2	407	-	156	111689328	73451
chr11	43874803	44074803	harbor1	chr11	43885672	43886117	LINE/L2	555	-	222	43885894	11091
chr11	43874803	44074803	harbor1	chr11	43907662	43907962	LINE/L2	593	-	150	43907812	33009
chr11	43874803	44074803	harbor1	chr11	43908062	43908432	LINE/L2	854	-	185	43908247	33444
chr11	43874803	44074803	harbor1	chr11	43910923	43911066	LINE/L2	595	-	72	43910995	36192
chr11	43874803	44074803	harbor1	chr11	43911088	43911542	LINE/L2	1020	-	227	43911315	36512
chr11	26384208	26584208	harbor1	chr11	26440388	26440901	LINE/L2	997	-	256	26440644	56436
chr11	26384208	26584208	harbor1	chr11	26458910	26459372	LINE/L2	689	-	231	26459141	74933
chr11	26384208	26584208	harbor1	chr11	26459485	26459572	LINE/L2	404	-	44	26459529	75321
chr11	26384208	26584208	harbor1	chr11	26459756	26459873	LINE/L2	443	-	58	26459814	75606
chr11	26384208	26584208	harbor1	chr11	26476127	26476529	LINE/L2	494	-	201	26476328	92120
chr11	122003914	122203914	harbor1	chr11	122046243	122046534	LINE/L2	412	-	146	122046389	42475
chr11	102896820	103096820	harbor1	chr11	102961357	102961498	LINE/L2	393	-	70	102961427	64607
chr11	102896820	103096820	harbor1	chr11	102962698	102963049	LINE/L2	1088	-	176	102962874	66054
chr11	102896820	103096820	harbor1	chr11	102963058	102963430	LINE/L2	395	-	186	102963244	66424
chr11	102896820	103096820	harbor1	chr11	102992598	102992898	LINE/L2	1098	-	150	102992748	95928
chr11	10748739	10948739	harbor1	chr11	10757651	10758603	LINE/L2	1977	-	476	10758127	9388
chr11	10748739	10948739	harbor1	chr11	10759045	10759128	LINE/L2	1977	-	42	10759087	10348
chr11	10748739	10948739	harbor1	chr11	10786086	10786346	LINE/L2	562	-	130	10786216	37477
chr11	10748739	10948739	harbor1	chr11	10794042	10794329	LINE/L2	555	-	144	10794186	45447
chr11	10748739	10948739	harbor1	chr11	10794638	10795120	LINE/L2	555	-	241	10794879	46140
chr11	10748739	10948739	harbor1	chr11	10814346	10814604	LINE/L2	444	-	129	10814475	65736
chr11	10748739	10948739	harbor1	chr11	10827180	10827378	LINE/L2	526	-	99	10827279	78540
chr11	10748739	10948739	harbor1	chr11	10844267	10844371	LINE/L2	432	-	52	10844319	95580
chr11	43313433	43513433	harbor1	chr11	43352417	43352739	LINE/L2	438	-	161	43352578	39145
chr11	43313433	43513433	harbor1	chr11	43381781	43382054	LINE/L2	865	-	136	43381917	68484
chr11	43313433	43513433	harbor1	chr11	43394177	43394959	LINE/L2	1654	-	391	43394568	81135
chr11	39900897	40100897	harbor1	chr11	39913560	39913744	LINE/L2	682	-	92	39913652	12755
chr11	39900897	40100897	harbor1	chr11	39914048	39914953	LINE/L2	1229	-	452	39914500	13603
chr11	39900897	40100897	harbor1	chr11	39930712	39930898	LINE/L2	752	-	93	39930805	29908
chr11	39900897	40100897	harbor1	chr11	39931259	39931875	LINE/L2	766	-	308	39931567	30670
chr11	127802337	128002337	harbor1	chr11	127810548	127810708	LINE/L2	503	-	80	127810628	8291
chr11	127802337	128002337	harbor1	chr11	127810731	127811269	LINE/L2	837	-	269	127811000	8663
chr11	60363582	60563582	harbor1	chr11	60399014	60399791	LINE/L2	385	-	388	60399402	35820
chr11	60363582	60563582	harbor1	chr11	60461016	60461316	LINE/L2	583	-	150	60461166	97584
chr11	101922535	102122535	harbor1	chr11	101926033	101926680	LINE/L2	415	-	324	101926357	3822
chr11	101922535	102122535	harbor1	chr11	101944974	101945444	LINE/L2	532	-	235	101945209	22674
chr11	101922535	102122535	harbor1	chr11	101947155	101947531	LINE/L2	434	-	188	101947343	24808
chr11	101922535	102122535	harbor1	chr11	101950777	101951048	LINE/L2	462	-	136	101950913	28378
chr11	101922535	102122535	harbor1	chr11	101952075	101952596	LINE/L2	471	-	260	101952335	29800
chr11	101922535	102122535	harbor1	chr11	101952643	101952826	LINE/L2	471	-	92	101952735	30200
chr11	101922535	102122535	harbor1	chr11	101953420	101953656	LINE/L2	471	-	118	101953538	31003
chr11	101922535	102122535	harbor1	chr11	102007382	102007811	LINE/L2	463	-	214	102007596	85061
chr11	101922535	102122535	harbor1	chr11	102009970	102010296	LINE/L2	529	-	163	102010133	87598
chr11	101922535	102122535	harbor1	chr11	102022325	102022510	LINE/L2	414	-	92	102022417	99882
chr11	19057301	19257301	harbor1	chr11	19075959	19076324	LINE/L2	692	-	182	19076141	18840
chr11	19057301	19257301	harbor1	chr11	19076386	19076655	LINE/L2	453	-	134	19076520	19219
chr11	19057301	19257301	harbor1	chr11	19111470	19111744	LINE/L2	417	-	137	19111607	54306
chr11	19057301	19257301	harbor1	chr11	19118919	19119025	LINE/L2	478	-	53	19118972	61671
chr11	3410716	3610716	harbor1	chr11	3423721	3423963	LINE/L2	433	-	121	3423842	13126
chr11	95758688	95958688	harbor1	chr11	95764610	95764679	LINE/L2	975	-	34	95764644	5956
chr11	95758688	95958688	harbor1	chr11	95765265	95765853	LINE/L2	975	-	294	95765559	6871
chr11	95758688	95958688	harbor1	chr11	95846266	95846565	LINE/L2	898	-	150	95846416	87728
chr12	57211103	57411103	harbor1	chr12	57281386	57281489	LINE/L2	440	-	52	57281438	70335
chr12	57211103	57411103	harbor1	chr12	57281786	57281971	LINE/L2	440	-	92	57281878	70775
chr12	104538620	104738620	harbor1	chr12	104559308	104559460	LINE/L2	1145	-	76	104559384	20764
chr12	104538620	104738620	harbor1	chr12	104559779	104559866	LINE/L2	1145	-	44	104559823	21203
chr12	104538620	104738620	harbor1	chr12	104559948	104560170	LINE/L2	1145	-	111	104560059	21439
chr12	104538620	104738620	harbor1	chr12	104590449	104590639	LINE/L2	699	-	95	104590544	51924
chr12	104538620	104738620	harbor1	chr12	104590937	104591577	LINE/L2	1107	-	320	104591257	52637
chr12	19104507	19304507	harbor1	chr12	19139506	19139682	LINE/L2	469	-	88	19139594	35087
chr12	19104507	19304507	harbor1	chr12	19189242	19189732	LINE/L2	571	-	245	19189487	84980
chr12	100983460	101183460	harbor1	chr12	100994713	100994848	LINE/L2	473	-	68	100994781	11321
chr12	100983460	101183460	harbor1	chr12	100995076	100995499	LINE/L2	447	-	212	100995288	11828
chr12	100983460	101183460	harbor1	chr12	101012183	101012937	LINE/L2	848	-	377	101012560	29100
chr12	100983460	101183460	harbor1	chr12	101013120	101013262	LINE/L2	477	-	71	101013191	29731
chr12	100983460	101183460	harbor1	chr12	101020384	101020684	LINE/L2	494	-	150	101020534	37074
chr12	119676439	119876439	harbor1	chr12	119743058	119743435	LINE/L2	595	-	188	119743246	66807
chr12	119676439	119876439	harbor1	chr12	119743916	119744299	LINE/L2	555	-	192	119744108	67669
chr12	68286996	68486996	harbor1	chr12	68343989	68344294	LINE/L2	690	-	152	68344141	57145
chr12	68286996	68486996	harbor1	chr12	68344424	68344969	LINE/L2	1091	-	272	68344696	57700
chr12	68286996	68486996	harbor1	chr12	68370897	68371079	LINE/L2	560	-	91	68370988	83992
chr12	77103330	77303330	harbor1	chr12	77122675	77123466	LINE/L2	681	-	396	77123071	19741
chr12	99489484	99689484	harbor1	chr12	99493452	99494485	LINE/L2	1158	-	516	99493968	4484
chr12	99489484	99689484	harbor1	chr12	99494756	99495089	LINE/L2	1158	-	166	99494922	5438
chr12	99489484	99689484	harbor1	chr12	99505570	99505595	LINE/L2	462	-	12	99505582	16098
chr12	99489484	99689484	harbor1	chr12	99505657	99505737	LINE/L2	462	-	40	99505697	16213
chr12	20794026	20994026	harbor1	chr12	20802954	20803491	LINE/L2	633	-	268	20803222	9196
chr12	20794026	20994026	harbor1	chr12	20803725	20804113	LINE/L2	714	-	194	20803919	9893
chr12	20794026	20994026	harbor1	chr12	20804130	20806392	LINE/L2	3650	-	1131	20805261	11235
chr12	20794026	20994026	harbor1	chr12	20885318	20886717	LINE/L2	1724	-	700	20886018	91992
chr12	20794026	20994026	harbor1	chr12	20892258	20893853	LINE/L2	2176	-	798	20893056	99030
chr12	61608699	61808699	harbor1	chr12	61690691	61691203	LINE/L2	1111	-	256	61690947	82248
chr12	38387296	38587296	harbor1	chr12	38410707	38410904	LINE/L2	444	-	98	38410805	23509
chr12	38387296	38587296	harbor1	chr12	38459570	38460137	LINE/L2	752	-	284	38459854	72558
chr12	38387296	38587296	harbor1	chr12	38480055	38480510	LINE/L2	659	-	228	38480283	92987
chr12	85382035	85582035	harbor1	chr12	85388148	85388453	LINE/L2	455	-	152	85388300	6265
chr12	85382035	85582035	harbor1	chr12	85394790	85395368	LINE/L2	616	-	289	85395079	13044
chr12	85382035	85582035	harbor1	chr12	85443001	85443159	LINE/L2	640	-	79	85443080	61045
chr12	85382035	85582035	harbor1	chr12	85443459	85443710	LINE/L2	640	-	126	85443585	61550
chr12	85382035	85582035	harbor1	chr12	85443855	85444108	LINE/L2	640	-	126	85443981	61946
chr12	85382035	85582035	harbor1	chr12	85447592	85448582	LINE/L2	1244	-	495	85448087	66052
chr12	114972331	115172331	harbor1	chr12	114979824	114980275	LINE/L2	540	-	226	114980050	7719
chr12	65031211	65231211	harbor1	chr12	65090342	65090728	LINE/L2	686	-	193	65090535	59324
chr12	65031211	65231211	harbor1	chr12	65091830	65092038	LINE/L2	698	-	104	65091934	60723
chr12	65031211	65231211	harbor1	chr12	65092538	65092781	LINE/L2	631	-	122	65092660	61449
chr12	65031211	65231211	harbor1	chr12	65110676	65111136	LINE/L2	1295	-	230	65110906	79695
chr12	65031211	65231211	harbor1	chr12	65124573	65125042	LINE/L2	624	-	234	65124807	93596
chr12	110833997	111033997	harbor1	chr12	110889172	110889727	LINE/L2	1074	-	278	110889450	55453
chr12	5329102	5529102	harbor1	chr12	5346484	5346662	LINE/L2	561	-	89	5346573	17471
chr12	32480134	32680134	harbor1	chr12	32493638	32494030	LINE/L2	832	-	196	32493834	13700
chr12	32480134	32680134	harbor1	chr12	32506692	32506928	LINE/L2	492	-	118	32506810	26676
chr12	32480134	32680134	harbor1	chr12	32507349	32507443	LINE/L2	492	-	47	32507396	27262
chr12	32480134	32680134	harbor1	chr12	32571510	32571887	LINE/L2	439	-	188	32571698	91564
chr12	32480134	32680134	harbor1	chr12	32554462	32555551	LINE/L2	1972	-	544	32555006	74872
chr12	11852236	12052236	harbor1	chr12	11932814	11933158	LINE/L2	606	-	172	11932986	80750
chr12	24591619	24791619	harbor1	chr12	24649384	24649598	LINE/L2	440	-	107	24649491	57872
chr12	24591619	24791619	harbor1	chr12	24649644	24649734	LINE/L2	440	-	45	24649689	58070
chr12	24591619	24791619	harbor1	chr12	24666040	24666163	LINE/L2	2082	-	62	24666102	74483
chr12	24591619	24791619	harbor1	chr12	24666470	24667052	LINE/L2	2082	-	291	24666761	75142
chr12	24591619	24791619	harbor1	chr12	24671092	24671523	LINE/L2	1136	-	216	24671308	79689
chr12	31794778	31994778	harbor1	chr12	31797991	31798328	LINE/L2	820	-	168	31798159	3381
chr12	24991760	25191760	harbor1	chr12	25025162	25025503	LINE/L2	1706	-	170	25025332	33572
chr12	24991760	25191760	harbor1	chr12	25025534	25025792	LINE/L2	1706	-	129	25025663	33903
chr12	24991760	25191760	harbor1	chr12	25025810	25025931	LINE/L2	2035	-	60	25025870	34110
chr12	24991760	25191760	harbor1	chr12	25026177	25026681	LINE/L2	2035	-	252	25026429	34669
chr12	24991760	25191760	harbor1	chr12	25040843	25041357	LINE/L2	1069	-	257	25041100	49340
chr12	24991760	25191760	harbor1	chr12	25042062	25042335	LINE/L2	626	-	136	25042198	50438
chr12	24991760	25191760	harbor1	chr12	25086138	25086913	LINE/L2	853	-	388	25086526	94766
chr12	101339660	101539660	harbor1	chr12	101393142	101393252	LINE/L2	482	-	55	101393197	53537
chr12	101339660	101539660	harbor1	chr12	101436162	101436391	LINE/L2	538	-	114	101436276	96616
chr12	102651203	102851203	harbor1	chr12	102650156	102652899	LINE/L2	2513	-	1372	102651528	325
chr12	13136771	13336771	harbor1	chr12	13181864	13182140	LINE/L2	529	-	138	13182002	45231
chr12	13136771	13336771	harbor1	chr12	13187862	13187977	LINE/L2	466	-	58	13187920	51149
chr12	81370162	81570162	harbor1	chr12	81381887	81383208	LINE/L2	2123	-	660	81382547	12385
chr12	81370162	81570162	harbor1	chr12	81391808	81392495	LINE/L2	1197	-	344	81392152	21990
chr12	81370162	81570162	harbor1	chr12	81396182	81396640	LINE/L2	535	-	229	81396411	26249
chr12	81370162	81570162	harbor1	chr12	81396718	81397272	LINE/L2	1810	-	277	81396995	26833
chr12	81370162	81570162	harbor1	chr12	81397337	81397684	LINE/L2	1810	-	174	81397511	27349
chr12	81370162	81570162	harbor1	chr12	81411684	81412005	LINE/L2	520	-	160	81411844	41682
chr12	102425755	102625755	harbor1	chr12	102524442	102525442	LINE/L2	877	-	500	102524942	99187
chr12	102425755	102625755	harbor1	chr12	102514228	102514846	LINE/L2	731	-	309	102514537	88782
chr12	73162888	73362888	harbor1	chr12	73191295	73191917	LINE/L2	454	-	311	73191606	28718
chr12	16175546	16375546	harbor1	chr12	16221163	16221910	LINE/L2	917	-	374	16221537	45991
chr12	16175546	16375546	harbor1	chr12	16247365	16248484	LINE/L2	1008	-	560	16247925	72379
chr12	16175546	16375546	harbor1	chr12	16259434	16259781	LINE/L2	752	-	174	16259608	84062
chr12	16175546	16375546	harbor1	chr12	16262604	16262644	LINE/L2	477	-	20	16262624	87078
chr12	16175546	16375546	harbor1	chr12	16264952	16265308	LINE/L2	477	-	178	16265130	89584
chr12	12657799	12857799	harbor1	chr12	12672847	12673038	LINE/L2	518	-	96	12672943	15144
chr12	12657799	12857799	harbor1	chr12	12674414	12674679	LINE/L2	500	-	132	12674546	16747
chr12	95785092	95985092	harbor1	chr12	95825941	95826200	LINE/L2	507	-	130	95826071	40979
chr12	95785092	95985092	harbor1	chr12	95859415	95859977	LINE/L2	456	-	281	95859696	74604
chr12	95785092	95985092	harbor1	chr12	95863529	95863946	LINE/L2	1107	-	208	95863737	78645
chr12	131958755	132158755	harbor1	chr12	132040540	132040706	LINE/L2	489	-	83	132040623	81868
chr12	77027429	77227429	harbor1	chr12	77122675	77123466	LINE/L2	681	-	396	77123071	95642
chr12	11896231	12096231	harbor1	chr12	11932814	11933158	LINE/L2	606	-	172	11932986	36755
chr12	32290100	32490100	harbor1	chr12	32332475	32332854	LINE/L2	707	-	190	32332665	42565
chr12	51474746	51674746	harbor1	chr12	51484788	51485469	LINE/L2	1589	-	340	51485128	10382
chr12	51474746	51674746	harbor1	chr12	51489963	51490273	LINE/L2	594	-	155	51490118	15372
chr12	51474746	51674746	harbor1	chr12	51490585	51491580	LINE/L2	1527	-	498	51491083	16337
chr12	51474746	51674746	harbor1	chr12	51499465	51499624	LINE/L2	947	-	80	51499545	24799
chr12	51474746	51674746	harbor1	chr12	51499659	51500000	LINE/L2	947	-	170	51499829	25083
chr12	51474746	51674746	harbor1	chr12	51530384	51530641	LINE/L2	624	-	128	51530512	55766
chr12	51474746	51674746	harbor1	chr12	51534574	51534854	LINE/L2	484	-	140	51534714	59968
chr12	51474746	51674746	harbor1	chr12	51572725	51573484	LINE/L2	1461	-	380	51573105	98359
chr12	25393137	25593137	harbor1	chr12	25413592	25414181	LINE/L2	438	-	294	25413886	20749
chr12	25393137	25593137	harbor1	chr12	25415056	25415349	LINE/L2	519	-	146	25415202	22065
chr12	61338506	61538506	harbor1	chr12	61376849	61377085	LINE/L2	469	-	118	61376967	38461
chr12	61338506	61538506	harbor1	chr12	61377106	61377134	LINE/L2	1508	-	14	61377120	38614
chr12	61338506	61538506	harbor1	chr12	61377350	61377977	LINE/L2	1508	-	314	61377664	39158
chr12	61338506	61538506	harbor1	chr12	61393082	61393603	LINE/L2	456	-	260	61393342	54836
chr12	61338506	61538506	harbor1	chr12	61409840	61410174	LINE/L2	536	-	167	61410007	71501
chr12	87889665	88089665	harbor1	chr12	87958871	87959044	LINE/L2	536	-	86	87958957	69292
chr12	108361043	108561043	harbor1	chr12	108372480	108373214	LINE/L2	722	-	367	108372847	11804
chr12	108361043	108561043	harbor1	chr12	108373630	108373829	LINE/L2	705	-	100	108373730	12687
chr12	108361043	108561043	harbor1	chr12	108374409	108374436	LINE/L2	705	-	14	108374423	13380
chr12	108361043	108561043	harbor1	chr12	108382710	108383092	LINE/L2	736	-	191	108382901	21858
chr12	108361043	108561043	harbor1	chr12	108391497	108392059	LINE/L2	627	-	281	108391778	30735
chr12	108361043	108561043	harbor1	chr12	108397266	108397513	LINE/L2	453	-	124	108397390	36347
chr12	108361043	108561043	harbor1	chr12	108398106	108398225	LINE/L2	453	-	60	108398166	37123
chr12	85415745	85615745	harbor1	chr12	85443001	85443159	LINE/L2	640	-	79	85443080	27335
chr12	85415745	85615745	harbor1	chr12	85443459	85443710	LINE/L2	640	-	126	85443585	27840
chr12	85415745	85615745	harbor1	chr12	85443855	85444108	LINE/L2	640	-	126	85443981	28236
chr12	85415745	85615745	harbor1	chr12	85447592	85448582	LINE/L2	1244	-	495	85448087	32342
chr12	85415745	85615745	harbor1	chr12	85508203	85509076	LINE/L2	1857	-	436	85508639	92894
chr12	85415745	85615745	harbor1	chr12	85509594	85509822	LINE/L2	482	-	114	85509708	93963
chr12	85415745	85615745	harbor1	chr12	85510376	85510839	LINE/L2	698	-	232	85510608	94863
chr12	85415745	85615745	harbor1	chr12	85507835	85508164	LINE/L2	920	-	164	85507999	92254
chr12	60419568	60619568	harbor1	chr12	60481867	60482328	LINE/L2	501	-	230	60482097	62529
chr12	60419568	60619568	harbor1	chr12	60519010	60519412	LINE/L2	610	-	201	60519211	99643
chr12	124732339	124932339	harbor1	chr12	124732940	124733330	LINE/L2	528	-	195	124733135	796
chr12	124732339	124932339	harbor1	chr12	124804950	124805572	LINE/L2	594	-	311	124805261	72922
chr12	128407263	128607263	harbor1	chr12	128419776	128419910	LINE/L2	762	-	67	128419843	12580
chr12	128407263	128607263	harbor1	chr12	128420203	128420817	LINE/L2	762	-	307	128420510	13247
chr12	72110170	72310170	harbor1	chr12	72124271	72124543	LINE/L2	461	-	136	72124407	14237
chr12	72110170	72310170	harbor1	chr12	72132673	72133457	LINE/L2	448	-	392	72133065	22895
chr12	72110170	72310170	harbor1	chr12	72150009	72150317	LINE/L2	638	-	154	72150163	39993
chr12	72110170	72310170	harbor1	chr12	72156769	72157093	LINE/L2	487	-	162	72156931	46761
chr12	72110170	72310170	harbor1	chr12	72157230	72158251	LINE/L2	2479	-	510	72157740	47570
chr12	81374628	81574628	harbor1	chr12	81381887	81383208	LINE/L2	2123	-	660	81382547	7919
chr12	81374628	81574628	harbor1	chr12	81391808	81392495	LINE/L2	1197	-	344	81392152	17524
chr12	81374628	81574628	harbor1	chr12	81396182	81396640	LINE/L2	535	-	229	81396411	21783
chr12	81374628	81574628	harbor1	chr12	81396718	81397272	LINE/L2	1810	-	277	81396995	22367
chr12	81374628	81574628	harbor1	chr12	81397337	81397684	LINE/L2	1810	-	174	81397511	22883
chr12	81374628	81574628	harbor1	chr12	81411684	81412005	LINE/L2	520	-	160	81411844	37216
chr12	61965814	62165814	harbor1	chr12	61969557	61970015	LINE/L2	438	-	229	61969786	3972
chr12	61965814	62165814	harbor1	chr12	61997193	61997707	LINE/L2	747	-	257	61997450	31636
chr12	61965814	62165814	harbor1	chr12	62030174	62030974	LINE/L2	1539	-	400	62030574	64760
chr12	61965814	62165814	harbor1	chr12	62035196	62035682	LINE/L2	588	-	243	62035439	69625
chr12	61965814	62165814	harbor1	chr12	62058411	62058578	LINE/L2	552	-	84	62058495	92681
chr12	61965814	62165814	harbor1	chr12	62059342	62059685	LINE/L2	822	-	172	62059514	93700
chr12	61965814	62165814	harbor1	chr12	61996957	61997167	LINE/L2	747	-	105	61997062	31248
chr12	11249007	11449007	harbor1	chr12	11264219	11264884	LINE/L2	832	-	332	11264551	15544
chr12	11249007	11449007	harbor1	chr12	11305377	11305968	LINE/L2	768	-	296	11305673	56666
chr12	128863198	129063198	harbor1	chr12	128895349	128895458	LINE/L2	1470	-	54	128895403	32205
chr12	128863198	129063198	harbor1	chr12	128895759	128896235	LINE/L2	1470	-	238	128895997	32799
chr12	25068913	25268913	harbor1	chr12	25086138	25086913	LINE/L2	853	-	388	25086526	17613
chr12	25068913	25268913	harbor1	chr12	25109025	25109227	LINE/L2	558	-	101	25109126	40213
chr12	25068913	25268913	harbor1	chr12	25131809	25132093	LINE/L2	449	-	142	25131951	63038
chr12	67448011	67648011	harbor1	chr12	67453023	67453508	LINE/L2	1334	-	242	67453265	5254
chr12	67448011	67648011	harbor1	chr12	67539998	67540443	LINE/L2	1058	-	222	67540220	92209
chr12	98035455	98235455	harbor1	chr12	98061336	98061590	LINE/L2	805	-	127	98061463	26008
chr12	43917586	44117586	harbor1	chr12	43935797	43937499	LINE/L2	444	-	851	43936648	19062
chr12	90596177	90796177	harbor1	chr12	90661695	90662178	LINE/L2	902	-	242	90661937	65760
chr12	90596177	90796177	harbor1	chr12	90662716	90662955	LINE/L2	858	-	120	90662836	66659
chr12	90596177	90796177	harbor1	chr12	90683536	90684000	LINE/L2	2182	-	232	90683768	87591
chr12	90596177	90796177	harbor1	chr12	90685242	90686004	LINE/L2	2182	-	381	90685623	89446
chr12	44443450	44643450	harbor1	chr12	44457265	44457777	LINE/L2	561	-	256	44457521	14071
chr12	44443450	44643450	harbor1	chr12	44465045	44465721	LINE/L2	1020	-	338	44465383	21933
chr12	44443450	44643450	harbor1	chr12	44528565	44530457	LINE/L2	3227	-	946	44529511	86061
chr12	44443450	44643450	harbor1	chr12	44530989	44531113	LINE/L2	3227	-	62	44531051	87601
chr12	118230630	118430630	harbor1	chr12	118250584	118250948	LINE/L2	577	-	182	118250766	20136
chr12	118230630	118430630	harbor1	chr12	118254346	118254718	LINE/L2	528	-	186	118254532	23902
chr12	118230630	118430630	harbor1	chr12	118294788	118295056	LINE/L2	715	-	134	118294922	64292
chr12	118230630	118430630	harbor1	chr12	118275647	118276399	LINE/L2	1383	-	376	118276023	45393
chr12	56159933	56359933	harbor1	chr12	56167631	56167748	LINE/L2	542	-	58	56167689	7756
chr12	56159933	56359933	harbor1	chr12	56214152	56214238	LINE/L2	600	-	43	56214195	54262
chr12	56159933	56359933	harbor1	chr12	56214851	56215429	LINE/L2	600	-	289	56215140	55207
chr12	4973955	5173955	harbor1	chr12	4983258	4983641	LINE/L2	466	-	192	4983450	9495
chr12	130694580	130894580	harbor1	chr12	130695599	130696067	LINE/L2	982	-	234	130695833	1253
chr12	130694580	130894580	harbor1	chr12	130729609	130730169	LINE/L2	482	-	280	130729889	35309
chr12	56771697	56971697	harbor1	chr12	56827217	56827753	LINE/L2	1197	-	268	56827485	55788
chr12	56771697	56971697	harbor1	chr12	56827871	56828232	LINE/L2	1197	-	180	56828051	56354
chr13	47380733	47580733	harbor1	chr13	47404818	47405045	LINE/L2	420	-	114	47404932	24199
chr13	47380733	47580733	harbor1	chr13	47409366	47409700	LINE/L2	795	-	167	47409533	28800
chr13	47380733	47580733	harbor1	chr13	47469700	47470392	LINE/L2	444	-	346	47470046	89313
chr13	47380733	47580733	harbor1	chr13	47477310	47477616	LINE/L2	797	-	153	47477463	96730
chr13	81517976	81717976	harbor1	chr13	81617218	81617415	LINE/L2	650	-	98	81617316	99340
chr13	106769575	106969575	harbor1	chr13	106819292	106819725	LINE/L2	1037	-	216	106819508	49933
chr13	42854879	43054879	harbor1	chr13	42882186	42882302	LINE/L2	596	-	58	42882244	27365
chr13	42854879	43054879	harbor1	chr13	42903983	42904157	LINE/L2	509	-	87	42904070	49191
chr13	42854879	43054879	harbor1	chr13	42891733	42893462	LINE/L2	3328	-	864	42892597	37718
chr13	54452533	54652533	harbor1	chr13	54471540	54471780	LINE/L2	505	-	120	54471660	19127
chr13	54452533	54652533	harbor1	chr13	54508254	54508643	LINE/L2	414	-	194	54508448	55915
chr13	54452533	54652533	harbor1	chr13	54508961	54509094	LINE/L2	414	-	66	54509027	56494
chr13	54452533	54652533	harbor1	chr13	54527296	54527706	LINE/L2	478	-	205	54527501	74968
chr13	50456224	50656224	harbor1	chr13	50493382	50494009	LINE/L2	417	-	314	50493696	37472
chr13	50456224	50656224	harbor1	chr13	50494030	50494892	LINE/L2	806	-	431	50494461	38237
chr13	50456224	50656224	harbor1	chr13	50510348	50510907	LINE/L2	1451	-	280	50510628	54404
chr13	50456224	50656224	harbor1	chr13	50511765	50512176	LINE/L2	1173	-	206	50511971	55747
chr13	40336910	40536910	harbor1	chr13	40339992	40340241	LINE/L2	481	-	124	40340116	3206
chr13	50465187	50665187	harbor1	chr13	50493382	50494009	LINE/L2	417	-	314	50493696	28509
chr13	50465187	50665187	harbor1	chr13	50494030	50494892	LINE/L2	806	-	431	50494461	29274
chr13	50465187	50665187	harbor1	chr13	50510348	50510907	LINE/L2	1451	-	280	50510628	45441
chr13	50465187	50665187	harbor1	chr13	50561990	50562421	LINE/L2	478	-	216	50562206	97019
chr13	50465187	50665187	harbor1	chr13	50563158	50563404	LINE/L2	761	-	123	50563281	98094
chr13	50465187	50665187	harbor1	chr13	50511765	50512176	LINE/L2	1173	-	206	50511971	46784
chr13	84171787	84371787	harbor1	chr13	84183385	84183750	LINE/L2	456	-	182	84183567	11780
chr13	84171787	84371787	harbor1	chr13	84188567	84188689	LINE/L2	608	-	61	84188628	16841
chr13	84171787	84371787	harbor1	chr13	84204496	84205250	LINE/L2	693	-	377	84204873	33086
chr13	84171787	84371787	harbor1	chr13	84206391	84207989	LINE/L2	2874	-	799	84207190	35403
chr13	77237996	77437996	harbor1	chr13	77259960	77260091	LINE/L2	448	-	66	77260026	22030
chr13	77237996	77437996	harbor1	chr13	77293138	77293484	LINE/L2	457	-	173	77293311	55315
chr13	60240675	60440675	harbor1	chr13	60265786	60266021	LINE/L2	420	-	118	60265904	25229
chr13	60240675	60440675	harbor1	chr13	60268744	60269753	LINE/L2	850	-	504	60269248	28573
chr13	60240675	60440675	harbor1	chr13	60313081	60313578	LINE/L2	2561	-	248	60313329	72654
chr13	60240675	60440675	harbor1	chr13	60313874	60314969	LINE/L2	2561	-	548	60314422	73747
chr13	60240675	60440675	harbor1	chr13	60315264	60315592	LINE/L2	2561	-	164	60315428	74753
chr13	60240675	60440675	harbor1	chr13	60316770	60316828	LINE/L2	2561	-	29	60316799	76124
chr13	60240675	60440675	harbor1	chr13	60317028	60317110	LINE/L2	837	-	41	60317069	76394
chr13	60240675	60440675	harbor1	chr13	60317242	60317901	LINE/L2	837	-	330	60317572	76897
chr13	60240675	60440675	harbor1	chr13	60321152	60321660	LINE/L2	651	-	254	60321406	80731
chr13	60240675	60440675	harbor1	chr13	60321964	60322170	LINE/L2	651	-	103	60322067	81392
chr13	60240675	60440675	harbor1	chr13	60325712	60325806	LINE/L2	493	-	47	60325759	85084
chr13	60240675	60440675	harbor1	chr13	60326101	60326910	LINE/L2	1144	-	404	60326505	85830
chr13	85776756	85976756	harbor1	chr13	85859490	85860027	LINE/L2	408	-	268	85859758	83002
chr13	27585286	27785286	harbor1	chr13	27591605	27593029	LINE/L2	3156	-	712	27592317	7031
chr13	57670141	57870141	harbor1	chr13	57676318	57676669	LINE/L2	459	-	176	57676494	6353
chr13	57670141	57870141	harbor1	chr13	57677069	57677188	LINE/L2	525	-	60	57677129	6988
chr13	57670141	57870141	harbor1	chr13	57751179	57751993	LINE/L2	629	-	407	57751586	81445
chr13	103299930	103499930	harbor1	chr13	103310234	103310630	LINE/L2	717	-	198	103310432	10502
chr13	103299930	103499930	harbor1	chr13	103371134	103371720	LINE/L2	416	-	293	103371427	71497
chr13	103299930	103499930	harbor1	chr13	103391374	103393450	LINE/L2	638	-	1038	103392412	92482
chr13	31887553	32087553	harbor1	chr13	31913369	31913998	LINE/L2	620	-	314	31913683	26130
chr13	31887553	32087553	harbor1	chr13	31914578	31915091	LINE/L2	538	-	256	31914834	27281
chr13	31887553	32087553	harbor1	chr13	31918223	31918386	LINE/L2	777	-	82	31918305	30752
chr13	19678694	19878694	harbor1	chr13	19691965	19692128	LINE/L2	432	-	82	19692047	13353
chr13	19678694	19878694	harbor1	chr13	19692413	19692525	LINE/L2	432	-	56	19692469	13775
chr13	31069298	31269298	harbor1	chr13	31081040	31081756	LINE/L2	1240	-	358	31081398	12100
chr13	31069298	31269298	harbor1	chr13	31084283	31084568	LINE/L2	635	-	142	31084425	15127
chr13	31069298	31269298	harbor1	chr13	31103075	31103480	LINE/L2	506	-	202	31103277	33979
chr13	57278223	57478223	harbor1	chr13	57333402	57333874	LINE/L2	1151	-	236	57333638	55415
chr13	57278223	57478223	harbor1	chr13	57349535	57349994	LINE/L2	659	-	230	57349765	71542
chr13	88101788	88301788	harbor1	chr13	88127982	88128109	LINE/L2	554	-	64	88128046	26258
chr13	20762374	20962374	harbor1	chr13	20811063	20811281	LINE/L2	611	-	109	20811172	48798
chr13	20762374	20962374	harbor1	chr13	20811588	20812028	LINE/L2	611	-	220	20811808	49434
chr13	20762374	20962374	harbor1	chr13	20824732	20825157	LINE/L2	469	-	212	20824944	62570
chr13	50573939	50773939	harbor1	chr13	50644211	50644420	LINE/L2	509	-	104	50644315	70376
chr13	65060734	65260734	harbor1	chr13	65079297	65079578	LINE/L2	497	-	140	65079437	18703
chr13	65060734	65260734	harbor1	chr13	65091730	65092091	LINE/L2	629	-	180	65091910	31176
chr13	65060734	65260734	harbor1	chr13	65145397	65145888	LINE/L2	428	-	246	65145643	84909
chr14	86839072	87039072	harbor1	chr14	86889715	86890127	LINE/L2	462	-	206	86889921	50849
chr14	86839072	87039072	harbor1	chr14	86890219	86891017	LINE/L2	1728	-	399	86890618	51546
chr14	86839072	87039072	harbor1	chr14	86901790	86902678	LINE/L2	1132	-	444	86902234	63162
chr14	86839072	87039072	harbor1	chr14	86899503	86900878	LINE/L2	475	-	688	86900191	61119
chr14	45694355	45894355	harbor1	chr14	45696470	45696817	LINE/L2	647	-	174	45696644	2289
chr14	42637430	42837430	harbor1	chr14	42651377	42651546	LINE/L2	512	-	84	42651461	14031
chr14	42637430	42837430	harbor1	chr14	42689834	42690397	LINE/L2	716	-	282	42690116	52686
chr14	50497871	50697871	harbor1	chr14	50500099	50500927	LINE/L2	626	-	414	50500513	2642
chr14	50497871	50697871	harbor1	chr14	50514403	50514824	LINE/L2	502	-	210	50514613	16742
chr14	50497871	50697871	harbor1	chr14	50529507	50529912	LINE/L2	590	-	202	50529709	31838
chr14	90701718	90901718	harbor1	chr14	90799347	90799825	LINE/L2	926	-	239	90799586	97868
chr14	90701718	90901718	harbor1	chr14	90800132	90800339	LINE/L2	926	-	104	90800236	98518
chr14	90701718	90901718	harbor1	chr14	90801469	90801642	LINE/L2	926	-	86	90801555	99837
chr14	29655336	29855336	harbor1	chr14	29694483	29694950	LINE/L2	1314	-	234	29694717	39381
chr14	29655336	29855336	harbor1	chr14	29695253	29695763	LINE/L2	1260	-	255	29695508	40172
chr14	29655336	29855336	harbor1	chr14	29707424	29707590	LINE/L2	448	-	83	29707507	52171
chr14	88641441	88841441	harbor1	chr14	88666927	88667207	LINE/L2	876	-	140	88667067	25626
chr14	88641441	88841441	harbor1	chr14	88668261	88668664	LINE/L2	762	-	202	88668463	27022
chr14	88641441	88841441	harbor1	chr14	88689775	88690467	LINE/L2	1243	-	346	88690121	48680
chr14	88641441	88841441	harbor1	chr14	88690480	88690847	LINE/L2	1045	-	184	88690664	49223
chr14	88641441	88841441	harbor1	chr14	88718005	88718817	LINE/L2	1338	-	406	88718411	76970
chr14	88641441	88841441	harbor1	chr14	88725664	88725967	LINE/L2	508	-	152	88725816	84375
chr14	95785244	95985244	harbor1	chr14	95797591	95798080	LINE/L2	825	-	244	95797835	12591
chr14	95785244	95985244	harbor1	chr14	95798519	95798901	LINE/L2	717	-	191	95798710	13466
chr14	95785244	95985244	harbor1	chr14	95799131	95799757	LINE/L2	1169	-	313	95799444	14200
chr14	95785244	95985244	harbor1	chr14	95800137	95800263	LINE/L2	1169	-	63	95800200	14956
chr14	92550386	92750386	harbor1	chr14	92648652	92649061	LINE/L2	824	-	204	92648856	98470
chr14	33335062	33535062	harbor1	chr14	33423939	33425356	LINE/L2	1068	-	708	33424647	89585
chr14	102116315	102316315	harbor1	chr14	102150920	102151037	LINE/L2	530	-	58	102150978	34663
chr14	102116315	102316315	harbor1	chr14	102197429	102197880	LINE/L2	435	-	226	102197655	81340
chr14	102116315	102316315	harbor1	chr14	102198819	102199081	LINE/L2	442	-	131	102198950	82635
chr14	85133911	85333911	harbor1	chr14	85147767	85147964	LINE/L2	663	-	98	85147865	13954
chr14	85133911	85333911	harbor1	chr14	85148465	85148584	LINE/L2	663	-	60	85148525	14614
chr14	85133911	85333911	harbor1	chr14	85147576	85147763	LINE/L2	424	-	94	85147670	13759
chr14	28306415	28506415	harbor1	chr14	28347041	28347595	LINE/L2	733	-	277	28347318	40903
chr14	104232436	104432436	harbor1	chr14	104235578	104236254	LINE/L2	840	-	338	104235916	3480
chr14	72010851	72210851	harbor1	chr14	72020707	72021001	LINE/L2	626	-	147	72020854	10003
chr14	72010851	72210851	harbor1	chr14	72061879	72062821	LINE/L2	2978	-	471	72062350	51499
chr14	72010851	72210851	harbor1	chr14	72063123	72064354	LINE/L2	2978	-	616	72063739	52888
chr14	56687725	56887725	harbor1	chr14	56709547	56710106	LINE/L2	1444	-	280	56709827	22102
chr14	56687725	56887725	harbor1	chr14	56723681	56723919	LINE/L2	479	-	119	56723800	36075
chr14	56687725	56887725	harbor1	chr14	56751526	56751632	LINE/L2	429	-	53	56751579	63854
chr14	56687725	56887725	harbor1	chr14	56761990	56762278	LINE/L2	508	-	144	56762134	74409
chr14	56687725	56887725	harbor1	chr14	56782684	56782951	LINE/L2	495	-	134	56782818	95093
chr14	79568808	79768808	harbor1	chr14	79631085	79631284	LINE/L2	428	-	100	79631185	62377
chr14	79998865	80198865	harbor1	chr14	80002402	80003012	LINE/L2	466	-	305	80002707	3842
chr14	79998865	80198865	harbor1	chr14	80075701	80076093	LINE/L2	701	-	196	80075897	77032
chr14	22417777	22617777	harbor1	chr14	22428544	22428854	LINE/L2	785	-	155	22428699	10922
chr14	22417777	22617777	harbor1	chr14	22453570	22454067	LINE/L2	1147	-	248	22453818	36041
chr14	75086592	75286592	harbor1	chr14	75093876	75093992	LINE/L2	466	-	58	75093934	7342
chr14	75086592	75286592	harbor1	chr14	75097527	75098290	LINE/L2	827	-	382	75097909	11317
chr14	75086592	75286592	harbor1	chr14	75108902	75109207	LINE/L2	449	-	152	75109054	22462
chr14	75086592	75286592	harbor1	chr14	75109458	75109567	LINE/L2	435	-	54	75109512	22920
chr14	39691917	39891917	harbor1	chr14	39713631	39713965	LINE/L2	670	-	167	39713798	21881
chr14	39691917	39891917	harbor1	chr14	39714149	39714561	LINE/L2	648	-	206	39714355	22438
chr14	91191240	91391240	harbor1	chr14	91191690	91191902	LINE/L2	1570	-	106	91191796	556
chr14	91191240	91391240	harbor1	chr14	91192876	91193229	LINE/L2	1570	-	176	91193052	1812
chr14	91191240	91391240	harbor1	chr14	91204978	91205287	LINE/L2	520	-	154	91205132	13892
chr14	91191240	91391240	harbor1	chr14	91218735	91218897	LINE/L2	602	-	81	91218816	27576
chr14	91191240	91391240	harbor1	chr14	91219200	91219425	LINE/L2	602	-	112	91219312	28072
chr14	25037602	25237602	harbor1	chr14	25059318	25059906	LINE/L2	1196	-	294	25059612	22010
chr14	25037602	25237602	harbor1	chr14	25060170	25060817	LINE/L2	1196	-	324	25060494	22892
chr14	25037602	25237602	harbor1	chr14	25083257	25083968	LINE/L2	535	-	356	25083613	46011
chr14	24256088	24456088	harbor1	chr14	24280587	24280782	LINE/L2	427	-	98	24280685	24597
chr14	65752844	65952844	harbor1	chr14	65757137	65757782	LINE/L2	1490	-	322	65757459	4615
chr14	65752844	65952844	harbor1	chr14	65758063	65758212	LINE/L2	545	-	74	65758137	5293
chr14	65752844	65952844	harbor1	chr14	65786308	65786912	LINE/L2	810	-	302	65786610	33766
chr14	65752844	65952844	harbor1	chr14	65791916	65792619	LINE/L2	778	-	352	65792268	39424
chr14	95003267	95203267	harbor1	chr14	95036049	95036279	LINE/L2	494	-	115	95036164	32897
chr14	95003267	95203267	harbor1	chr14	95070913	95071095	LINE/L2	440	-	91	95071004	67737
chr14	95003267	95203267	harbor1	chr14	95082644	95082931	LINE/L2	707	-	144	95082788	79521
chr14	87928004	88128004	harbor1	chr14	87937183	87937437	LINE/L2	474	-	127	87937310	9306
chr14	87928004	88128004	harbor1	chr14	87938105	87938375	LINE/L2	731	-	135	87938240	10236
chr14	87928004	88128004	harbor1	chr14	88026938	88027350	LINE/L2	521	-	206	88027144	99140
chr14	44219092	44419092	harbor1	chr14	44250397	44251610	LINE/L2	2497	-	606	44251003	31911
chr14	44219092	44419092	harbor1	chr14	44256378	44256609	LINE/L2	418	-	116	44256494	37402
chr14	44219092	44419092	harbor1	chr14	44264672	44265875	LINE/L2	2742	-	602	44265274	46182
chr14	44219092	44419092	harbor1	chr14	44273783	44274298	LINE/L2	639	-	258	44274041	54949
chr14	50870008	51070008	harbor1	chr14	50900357	50901100	LINE/L2	810	-	372	50900729	30721
chr14	104052165	104252165	harbor1	chr14	104131780	104132023	LINE/L2	905	-	122	104131902	79737
chr14	104052165	104252165	harbor1	chr14	104132315	104132497	LINE/L2	905	-	91	104132406	80241
chr14	104052165	104252165	harbor1	chr14	104054659	104054907	LINE/L2	525	-	124	104054783	2618
chr14	67764800	67964800	harbor1	chr14	67830700	67830890	LINE/L2	1188	-	95	67830795	65995
chr14	67764800	67964800	harbor1	chr14	67831175	67831472	LINE/L2	1188	-	148	67831323	66523
chr14	67764800	67964800	harbor1	chr14	67829677	67830404	LINE/L2	1188	-	364	67830041	65241
chr14	53528894	53728894	harbor1	chr14	53565307	53565575	LINE/L2	515	-	134	53565441	36547
chr14	53528894	53728894	harbor1	chr14	53609303	53609786	LINE/L2	920	-	242	53609545	80651
chr14	49916153	50116153	harbor1	chr14	49948233	49948452	LINE/L2	432	-	110	49948343	32190
chr14	49916153	50116153	harbor1	chr14	49956154	49956309	LINE/L2	521	-	78	49956232	40079
chr14	70671528	70871528	harbor1	chr14	70708390	70708671	LINE/L2	1399	-	140	70708530	37002
chr14	70671528	70871528	harbor1	chr14	70709318	70709497	LINE/L2	1399	-	90	70709408	37880
chr14	26240929	26440929	harbor1	chr14	26255126	26255601	LINE/L2	663	-	238	26255364	14435
chr14	26240929	26440929	harbor1	chr14	26256849	26257989	LINE/L2	1371	-	570	26257419	16490
chr14	26240929	26440929	harbor1	chr14	26258135	26258376	LINE/L2	464	-	120	26258255	17326
chr14	26240929	26440929	harbor1	chr14	26294379	26294835	LINE/L2	437	-	228	26294607	53678
chr14	88015852	88215852	harbor1	chr14	88026938	88027350	LINE/L2	521	-	206	88027144	11292
chr14	88015852	88215852	harbor1	chr14	88045982	88046384	LINE/L2	714	-	201	88046183	30331
chr14	102697475	102897475	harbor1	chr14	102769161	102769330	LINE/L2	420	-	84	102769245	71770
chr14	101402711	101602711	harbor1	chr14	101483154	101483383	LINE/L2	447	-	114	101483268	80557
chr14	101402711	101602711	harbor1	chr14	101489634	101489869	LINE/L2	500	-	118	101489752	87041
chr14	101402711	101602711	harbor1	chr14	101490287	101490929	LINE/L2	689	-	321	101490608	87897
chr14	55407632	55607632	harbor1	chr14	55407600	55408014	LINE/L2	569	-	207	55407807	175
chr14	55407632	55607632	harbor1	chr14	55408876	55409260	LINE/L2	863	-	192	55409068	1436
chr14	55407632	55607632	harbor1	chr14	55409312	55410395	LINE/L2	1726	-	542	55409854	2222
chr14	101566414	101766414	harbor1	chr14	101573125	101573327	LINE/L2	425	-	101	101573226	6812
chr14	58823702	59023702	harbor1	chr14	58830339	58830757	LINE/L2	863	-	209	58830548	6846
chr14	58823702	59023702	harbor1	chr14	58880745	58881224	LINE/L2	1062	-	240	58880985	57283
chr14	88339182	88539182	harbor1	chr14	88404817	88405867	LINE/L2	2444	-	525	88405342	66160
chr14	88339182	88539182	harbor1	chr14	88421542	88421668	LINE/L2	720	-	63	88421605	82423
chr14	88339182	88539182	harbor1	chr14	88421965	88422317	LINE/L2	720	-	176	88422141	82959
chr14	84253716	84453716	harbor1	chr14	84331397	84331868	LINE/L2	689	-	236	84331633	77917
chr14	84253716	84453716	harbor1	chr14	84332179	84332431	LINE/L2	522	-	126	84332305	78589
chr14	84253716	84453716	harbor1	chr14	84333947	84334350	LINE/L2	1405	-	202	84334149	80433
chr14	84253716	84453716	harbor1	chr14	84334759	84335324	LINE/L2	813	-	282	84335041	81325
chr14	67363483	67563483	harbor1	chr14	67437135	67437404	LINE/L2	581	-	134	67437269	73786
chr14	67363483	67563483	harbor1	chr14	67437408	67437850	LINE/L2	839	-	221	67437629	74146
chr14	67363483	67563483	harbor1	chr14	67454560	67454827	LINE/L2	604	-	134	67454694	91211
chr14	67363483	67563483	harbor1	chr14	67455753	67455891	LINE/L2	454	-	69	67455822	92339
chr14	103412962	103612962	harbor1	chr14	103416215	103416489	LINE/L2	2012	-	137	103416352	3390
chr14	103412962	103612962	harbor1	chr14	103416805	103417471	LINE/L2	2012	-	333	103417138	4176
chr14	103412962	103612962	harbor1	chr14	103505281	103505739	LINE/L2	1210	-	229	103505510	92548
chr14	103412962	103612962	harbor1	chr14	103506033	103506213	LINE/L2	1210	-	90	103506123	93161
chr14	81914270	82114270	harbor1	chr14	81998584	81998650	LINE/L2	622	-	33	81998617	84347
chr14	81914270	82114270	harbor1	chr14	81998960	81999284	LINE/L2	622	-	162	81999122	84852
chr14	103499765	103699765	harbor1	chr14	103505281	103505739	LINE/L2	1210	-	229	103505510	5745
chr14	103499765	103699765	harbor1	chr14	103506033	103506213	LINE/L2	1210	-	90	103506123	6358
chr14	103499765	103699765	harbor1	chr14	103531122	103531497	LINE/L2	472	-	188	103531310	31545
chr14	40223085	40423085	harbor1	chr14	40299278	40299910	LINE/L2	720	-	316	40299594	76509
chr14	40223085	40423085	harbor1	chr14	40310695	40311395	LINE/L2	624	-	350	40311045	87960
chr14	93944237	94144237	harbor1	chr14	93965208	93965324	LINE/L2	572	-	58	93965266	21029
chr14	93944237	94144237	harbor1	chr14	93991524	93991916	LINE/L2	577	-	196	93991720	47483
chr14	93944237	94144237	harbor1	chr14	94020704	94020916	LINE/L2	474	-	106	94020810	76573
chr14	93944237	94144237	harbor1	chr14	94029266	94029279	LINE/L2	480	-	6	94029272	85035
chr14	93944237	94144237	harbor1	chr14	94029713	94030504	LINE/L2	480	-	396	94030109	85872
chr14	93944237	94144237	harbor1	chr14	94040679	94040898	LINE/L2	640	-	110	94040789	96552
chr14	93944237	94144237	harbor1	chr14	94040883	94041427	LINE/L2	804	-	272	94041155	96918
chr14	57559874	57759874	harbor1	chr14	57561751	57562138	LINE/L2	455	-	194	57561945	2071
chr14	57559874	57759874	harbor1	chr14	57562529	57563542	LINE/L2	1696	-	506	57563035	3161
chr14	57559874	57759874	harbor1	chr14	57597417	57597760	LINE/L2	605	-	172	57597589	37715
chr14	57559874	57759874	harbor1	chr14	57607644	57608182	LINE/L2	1105	-	269	57607913	48039
chr14	57559874	57759874	harbor1	chr14	57608656	57608880	LINE/L2	1105	-	112	57608768	48894
chr14	57559874	57759874	harbor1	chr14	57610788	57611258	LINE/L2	694	-	235	57611023	51149
chr14	57559874	57759874	harbor1	chr14	57617515	57617822	LINE/L2	611	-	154	57617669	57795
chr14	57559874	57759874	harbor1	chr14	57634520	57634978	LINE/L2	1140	-	229	57634749	74875
chr14	57559874	57759874	harbor1	chr14	57635263	57635650	LINE/L2	1140	-	194	57635457	75583
chr14	89554168	89754168	harbor1	chr14	89585499	89585659	LINE/L2	648	-	80	89585579	31411
chr14	89554168	89754168	harbor1	chr14	89639869	89640540	LINE/L2	663	-	336	89640205	86037
chr14	56114935	56314935	harbor1	chr14	56181950	56182326	LINE/L2	427	-	188	56182138	67203
chr14	56114935	56314935	harbor1	chr14	56198311	56198813	LINE/L2	758	-	251	56198562	83627
chr14	56114935	56314935	harbor1	chr14	56197043	56197292	LINE/L2	457	-	124	56197167	82232
chr14	78351073	78551073	harbor1	chr14	78365754	78365877	LINE/L2	572	-	62	78365816	14743
chr14	78351073	78551073	harbor1	chr14	78375500	78375849	LINE/L2	821	-	174	78375674	24601
chr14	19244827	19444827	harbor1	chr14	19278562	19278743	LINE/L2	442	-	90	19278652	33825
chr14	54355858	54555858	harbor1	chr14	54356843	54356958	LINE/L2	453	-	58	54356901	1043
chr14	54355858	54555858	harbor1	chr14	54441573	54442066	LINE/L2	740	-	246	54441819	85961
chr14	89628980	89828980	harbor1	chr14	89639869	89640540	LINE/L2	663	-	336	89640205	11225
chr14	98109503	98309503	harbor1	chr14	98141171	98141428	LINE/L2	470	-	128	98141299	31796
chr14	98109503	98309503	harbor1	chr14	98158941	98159073	LINE/L2	486	-	66	98159007	49504
chr14	98109503	98309503	harbor1	chr14	98175870	98176232	LINE/L2	752	-	181	98176051	66548
chr14	43958480	44158480	harbor1	chr14	43996941	43997480	LINE/L2	1234	-	270	43997211	38731
chr14	43958480	44158480	harbor1	chr14	43997498	43998048	LINE/L2	714	-	275	43997773	39293
chr14	43958480	44158480	harbor1	chr14	44033110	44033534	LINE/L2	436	-	212	44033322	74842
chr14	43958480	44158480	harbor1	chr14	44044503	44044830	LINE/L2	826	-	164	44044667	86187
chr14	43958480	44158480	harbor1	chr14	44045288	44045563	LINE/L2	464	-	138	44045426	86946
chr14	43958480	44158480	harbor1	chr14	44054351	44054633	LINE/L2	498	-	141	44054492	96012
chr14	53274795	53474795	harbor1	chr14	53279390	53279667	LINE/L2	472	-	138	53279528	4733
chr14	53274795	53474795	harbor1	chr14	53279692	53279742	LINE/L2	2331	-	25	53279717	4922
chr14	53274795	53474795	harbor1	chr14	53280045	53280461	LINE/L2	2331	-	208	53280253	5458
chr14	53274795	53474795	harbor1	chr14	53280775	53281123	LINE/L2	2331	-	174	53280949	6154
chr14	53274795	53474795	harbor1	chr14	53360128	53360167	LINE/L2	698	-	20	53360148	85353
chr14	53274795	53474795	harbor1	chr14	53360473	53360767	LINE/L2	698	-	147	53360620	85825
chr14	68352781	68552781	harbor1	chr14	68370453	68370762	LINE/L2	701	-	154	68370607	17826
chr14	68352781	68552781	harbor1	chr14	68371067	68371236	LINE/L2	701	-	84	68371151	18370
chr14	68352781	68552781	harbor1	chr14	68371530	68371570	LINE/L2	701	-	20	68371550	18769
chr14	68352781	68552781	harbor1	chr14	68371877	68371955	LINE/L2	701	-	39	68371916	19135
chr14	68352781	68552781	harbor1	chr14	68372005	68372372	LINE/L2	459	-	184	68372189	19408
chr14	49010037	49210037	harbor1	chr14	49014083	49014321	LINE/L2	600	-	119	49014202	4165
chr14	54172065	54372065	harbor1	chr14	54197122	54197523	LINE/L2	572	-	200	54197322	25257
chr14	54172065	54372065	harbor1	chr14	54258654	54258868	LINE/L2	471	-	107	54258761	86696
chr14	99760514	99960514	harbor1	chr14	99802137	99802840	LINE/L2	615	-	352	99802489	41975
chr14	99760514	99960514	harbor1	chr14	99817677	99818753	LINE/L2	1063	-	538	99818215	57701
chr14	36891476	37091476	harbor1	chr14	36932487	36932572	LINE/L2	440	-	42	36932529	41053
chr14	36891476	37091476	harbor1	chr14	36983332	36983448	LINE/L2	503	-	58	36983390	91914
chr14	36709619	36909619	harbor1	chr14	36751963	36752103	LINE/L2	427	-	70	36752033	42414
chr14	58340777	58540777	harbor1	chr14	58375560	58375707	LINE/L2	442	-	74	58375634	34857
chr14	58340777	58540777	harbor1	chr14	58436902	58437437	LINE/L2	644	-	268	58437170	96393
chr14	58340777	58540777	harbor1	chr14	58437730	58438136	LINE/L2	644	-	203	58437933	97156
chr14	75465146	75665146	harbor1	chr14	75468952	75469056	LINE/L2	454	-	52	75469004	3858
chr14	75465146	75665146	harbor1	chr14	75564377	75564532	LINE/L2	826	-	78	75564455	99309
chr14	75465146	75665146	harbor1	chr14	75564830	75565026	LINE/L2	826	-	98	75564928	99782
chr14	43077792	43277792	harbor1	chr14	43139604	43140359	LINE/L2	744	-	378	43139982	62190
chr14	50801765	51001765	harbor1	chr14	50808594	50808709	LINE/L2	514	-	58	50808652	6887
chr14	50801765	51001765	harbor1	chr14	50854029	50854192	LINE/L2	586	-	82	50854111	52346
chr14	50801765	51001765	harbor1	chr14	50900357	50901100	LINE/L2	810	-	372	50900729	98964
chr14	74177464	74377464	harbor1	chr14	74264919	74265020	LINE/L2	434	-	50	74264969	87505
chr14	74177464	74377464	harbor1	chr14	74265296	74265383	LINE/L2	434	-	44	74265340	87876
chr14	47016503	47216503	harbor1	chr14	47091237	47091508	LINE/L2	656	-	136	47091373	74870
chr14	47016503	47216503	harbor1	chr14	47092087	47092248	LINE/L2	432	-	80	47092167	75664
chr14	82254737	82454737	harbor1	chr14	82290338	82291015	LINE/L2	447	-	338	82290676	35939
chr14	85055988	85255988	harbor1	chr14	85147767	85147964	LINE/L2	663	-	98	85147865	91877
chr14	85055988	85255988	harbor1	chr14	85148465	85148584	LINE/L2	663	-	60	85148525	92537
chr14	85055988	85255988	harbor1	chr14	85147576	85147763	LINE/L2	424	-	94	85147670	91682
chr14	78148357	78348357	harbor1	chr14	78148351	78148665	LINE/L2	525	-	157	78148508	151
chr14	78148357	78348357	harbor1	chr14	78181872	78182125	LINE/L2	529	-	126	78181998	33641
chr14	78148357	78348357	harbor1	chr14	78195335	78195647	LINE/L2	723	-	156	78195491	47134
chr14	78148357	78348357	harbor1	chr14	78205513	78205972	LINE/L2	563	-	230	78205743	57386
chr14	78148357	78348357	harbor1	chr14	78230561	78230993	LINE/L2	1286	-	216	78230777	82420
chr14	87110988	87310988	harbor1	chr14	87166722	87167080	LINE/L2	734	-	179	87166901	55913
chr14	87110988	87310988	harbor1	chr14	87170516	87171086	LINE/L2	832	-	285	87170801	59813
chr14	88552685	88752685	harbor1	chr14	88638999	88639410	LINE/L2	464	-	206	88639205	86520
chr14	91172117	91372117	harbor1	chr14	91189917	91189978	LINE/L2	1116	-	30	91189947	17830
chr14	91172117	91372117	harbor1	chr14	91190287	91190946	LINE/L2	1116	-	330	91190617	18500
chr14	91172117	91372117	harbor1	chr14	91191690	91191902	LINE/L2	1570	-	106	91191796	19679
chr14	91172117	91372117	harbor1	chr14	91192876	91193229	LINE/L2	1570	-	176	91193052	20935
chr14	91172117	91372117	harbor1	chr14	91204978	91205287	LINE/L2	520	-	154	91205132	33015
chr14	91172117	91372117	harbor1	chr14	91218735	91218897	LINE/L2	602	-	81	91218816	46699
chr14	91172117	91372117	harbor1	chr14	91219200	91219425	LINE/L2	602	-	112	91219312	47195
chr14	35461700	35661700	harbor1	chr14	35505535	35505654	LINE/L2	442	-	60	35505595	43895
chr14	35461700	35661700	harbor1	chr14	35529760	35530649	LINE/L2	1348	-	444	35530204	68504
chr14	23540240	23740240	harbor1	chr14	23564889	23565067	LINE/L2	454	-	89	23564978	24738
chr14	23540240	23740240	harbor1	chr14	23612271	23612982	LINE/L2	627	-	356	23612627	72387
chr14	94629501	94829501	harbor1	chr14	94629001	94629669	LINE/L2	434	-	334	94629335	166
chr14	94629501	94829501	harbor1	chr14	94639795	94640167	LINE/L2	696	-	186	94639981	10480
chr14	94629501	94829501	harbor1	chr14	94640471	94640626	LINE/L2	696	-	78	94640549	11048
chr14	94629501	94829501	harbor1	chr14	94670798	94671130	LINE/L2	602	-	166	94670964	41463
chr14	24234656	24434656	harbor1	chr14	24280587	24280782	LINE/L2	427	-	98	24280685	46029
chr14	56767225	56967225	harbor1	chr14	56782684	56782951	LINE/L2	495	-	134	56782818	15593
chr14	56767225	56967225	harbor1	chr14	56849768	56850343	LINE/L2	3075	-	288	56850056	82831
chr14	56767225	56967225	harbor1	chr14	56850960	56851545	LINE/L2	3075	-	292	56851252	84027
chr14	56767225	56967225	harbor1	chr14	56851860	56851986	LINE/L2	3075	-	63	56851923	84698
chr14	56767225	56967225	harbor1	chr14	56858395	56858742	LINE/L2	577	-	174	56858569	91344
chr15	39807874	40007874	harbor1	chr15	39845901	39846088	LINE/L2	444	-	94	39845995	38121
chr15	39807874	40007874	harbor1	chr15	39850812	39851159	LINE/L2	597	-	174	39850986	43112
chr15	39807874	40007874	harbor1	chr15	39906841	39907203	LINE/L2	673	-	181	39907022	99148
chr15	101782193	101982193	harbor1	chr15	101792202	101792339	LINE/L2	852	-	68	101792270	10077
chr15	101782193	101982193	harbor1	chr15	101792647	101793274	LINE/L2	852	-	314	101792961	10768
chr15	101782193	101982193	harbor1	chr15	101864618	101864884	LINE/L2	579	-	133	101864751	82558
chr15	67267631	67467631	harbor1	chr15	67281981	67282165	LINE/L2	479	-	92	67282073	14442
chr15	67267631	67467631	harbor1	chr15	67365428	67365631	LINE/L2	785	-	102	67365530	97899
chr15	67267631	67467631	harbor1	chr15	67288862	67289782	LINE/L2	880	-	460	67289322	21691
chr15	61023704	61223704	harbor1	chr15	61028420	61028724	LINE/L2	539	-	152	61028572	4868
chr15	61023704	61223704	harbor1	chr15	61029322	61029925	LINE/L2	553	-	302	61029624	5920
chr15	61023704	61223704	harbor1	chr15	61037620	61037890	LINE/L2	620	-	135	61037755	14051
chr15	61023704	61223704	harbor1	chr15	61117997	61118261	LINE/L2	491	-	132	61118129	94425
chr15	91169839	91369839	harbor1	chr15	91169569	91169842	LINE/L2	502	-	136	91169705	134
chr15	91169839	91369839	harbor1	chr15	91242486	91242645	LINE/L2	436	-	80	91242566	72727
chr15	52886198	53086198	harbor1	chr15	52932300	52932679	LINE/L2	1086	-	190	52932490	46292
chr15	52886198	53086198	harbor1	chr15	52960051	52960175	LINE/L2	599	-	62	52960113	73915
chr15	52886198	53086198	harbor1	chr15	52969154	52969314	LINE/L2	638	-	80	52969234	83036
chr15	52886198	53086198	harbor1	chr15	52969820	52970061	LINE/L2	638	-	120	52969940	83742
chr15	52886198	53086198	harbor1	chr15	52970179	52970291	LINE/L2	430	-	56	52970235	84037
chr15	25837206	26037206	harbor1	chr15	25866032	25866543	LINE/L2	735	-	256	25866288	29082
chr15	32828153	33028153	harbor1	chr15	32837502	32837703	LINE/L2	571	-	100	32837602	9449
chr15	32828153	33028153	harbor1	chr15	32863470	32863590	LINE/L2	456	-	60	32863530	35377
chr15	32828153	33028153	harbor1	chr15	32868780	32869182	LINE/L2	467	-	201	32868981	40828
chr15	32828153	33028153	harbor1	chr15	32869436	32870019	LINE/L2	842	-	292	32869728	41575
chr15	32828153	33028153	harbor1	chr15	32877876	32878614	LINE/L2	646	-	369	32878245	50092
chr15	32828153	33028153	harbor1	chr15	32912385	32912705	LINE/L2	611	-	160	32912545	84392
chr15	32828153	33028153	harbor1	chr15	32920953	32921415	LINE/L2	630	-	231	32921184	93031
chr15	67665317	67865317	harbor1	chr15	67669114	67669723	LINE/L2	724	-	304	67669418	4101
chr15	67665317	67865317	harbor1	chr15	67687776	67688422	LINE/L2	910	-	323	67688099	22782
chr15	67665317	67865317	harbor1	chr15	67691154	67691278	LINE/L2	627	-	62	67691216	25899
chr15	67665317	67865317	harbor1	chr15	67705239	67705452	LINE/L2	686	-	106	67705345	40028
chr15	67665317	67865317	harbor1	chr15	67705756	67706119	LINE/L2	845	-	182	67705938	40621
chr15	67665317	67865317	harbor1	chr15	67714020	67714173	LINE/L2	552	-	76	67714096	48779
chr15	67665317	67865317	harbor1	chr15	67716019	67716145	LINE/L2	615	-	63	67716082	50765
chr15	38841766	39041766	harbor1	chr15	38849155	38849688	LINE/L2	1034	-	266	38849421	7655
chr15	38841766	39041766	harbor1	chr15	38857082	38857389	LINE/L2	597	-	154	38857236	15470
chr15	38841766	39041766	harbor1	chr15	38860875	38861046	LINE/L2	819	-	86	38860961	19195
chr15	38841766	39041766	harbor1	chr15	38861448	38861486	LINE/L2	819	-	19	38861467	19701
chr15	38841766	39041766	harbor1	chr15	38893197	38893436	LINE/L2	473	-	120	38893317	51551
chr15	72036199	72236199	harbor1	chr15	72113124	72113506	LINE/L2	503	-	191	72113315	77116
chr15	72036199	72236199	harbor1	chr15	72127076	72127892	LINE/L2	989	-	408	72127484	91285
chr15	49688648	49888648	harbor1	chr15	49690538	49691061	LINE/L2	1820	-	262	49690800	2152
chr15	49688648	49888648	harbor1	chr15	49691361	49692028	LINE/L2	1820	-	334	49691695	3047
chr15	49688648	49888648	harbor1	chr15	49747171	49748202	LINE/L2	1875	-	516	49747687	59039
chr15	49688648	49888648	harbor1	chr15	49748507	49748780	LINE/L2	706	-	136	49748643	59995
chr15	73871405	74071405	harbor1	chr15	73917883	73918212	LINE/L2	1038	-	164	73918047	46642
chr15	73871405	74071405	harbor1	chr15	73918256	73918446	LINE/L2	659	-	95	73918351	46946
chr15	73871405	74071405	harbor1	chr15	73934619	73935477	LINE/L2	1412	-	429	73935048	63643
chr15	61209020	61409020	harbor1	chr15	61305983	61306675	LINE/L2	502	-	346	61306329	97309
chr15	46632857	46832857	harbor1	chr15	46676907	46677123	LINE/L2	438	-	108	46677015	44158
chr15	58042215	58242215	harbor1	chr15	58108055	58108428	LINE/L2	494	-	186	58108241	66026
chr15	70010239	70210239	harbor1	chr15	70043716	70044000	LINE/L2	429	-	142	70043858	33619
chr15	78488864	78688864	harbor1	chr15	78526184	78526672	LINE/L2	1703	-	244	78526428	37564
chr15	78488864	78688864	harbor1	chr15	78561603	78562073	LINE/L2	1009	-	235	78561838	72974
chr15	78488864	78688864	harbor1	chr15	78562389	78562814	LINE/L2	1009	-	212	78562601	73737
chr15	78488864	78688864	harbor1	chr15	78586867	78586956	LINE/L2	464	-	44	78586911	98047
chr15	78488864	78688864	harbor1	chr15	78587206	78587650	LINE/L2	1261	-	222	78587428	98564
chr15	67627180	67827180	harbor1	chr15	67669114	67669723	LINE/L2	724	-	304	67669418	42238
chr15	67627180	67827180	harbor1	chr15	67687776	67688422	LINE/L2	910	-	323	67688099	60919
chr15	67627180	67827180	harbor1	chr15	67691154	67691278	LINE/L2	627	-	62	67691216	64036
chr15	67627180	67827180	harbor1	chr15	67705239	67705452	LINE/L2	686	-	106	67705345	78165
chr15	67627180	67827180	harbor1	chr15	67705756	67706119	LINE/L2	845	-	182	67705938	78758
chr15	67627180	67827180	harbor1	chr15	67714020	67714173	LINE/L2	552	-	76	67714096	86916
chr15	67627180	67827180	harbor1	chr15	67716019	67716145	LINE/L2	615	-	63	67716082	88902
chr15	45379160	45579160	harbor1	chr15	45413957	45414456	LINE/L2	593	-	250	45414207	35047
chr15	45379160	45579160	harbor1	chr15	45418740	45419165	LINE/L2	628	-	212	45418952	39792
chr15	45379160	45579160	harbor1	chr15	45419478	45419501	LINE/L2	628	-	12	45419490	40330
chr15	32860486	33060486	harbor1	chr15	32863470	32863590	LINE/L2	456	-	60	32863530	3044
chr15	32860486	33060486	harbor1	chr15	32868780	32869182	LINE/L2	467	-	201	32868981	8495
chr15	32860486	33060486	harbor1	chr15	32869436	32870019	LINE/L2	842	-	292	32869728	9242
chr15	32860486	33060486	harbor1	chr15	32877876	32878614	LINE/L2	646	-	369	32878245	17759
chr15	32860486	33060486	harbor1	chr15	32912385	32912705	LINE/L2	611	-	160	32912545	52059
chr15	32860486	33060486	harbor1	chr15	32920953	32921415	LINE/L2	630	-	231	32921184	60698
chr15	40462636	40662636	harbor1	chr15	40533692	40533872	LINE/L2	510	-	90	40533782	71146
chr15	95403544	95603544	harbor1	chr15	95411782	95412090	LINE/L2	489	-	154	95411936	8392
chr15	86265597	86465597	harbor1	chr15	86324530	86325100	LINE/L2	442	-	285	86324815	59218
chr15	86265597	86465597	harbor1	chr15	86337921	86338709	LINE/L2	1179	-	394	86338315	72718
chr15	86265597	86465597	harbor1	chr15	86345366	86345624	LINE/L2	509	-	129	86345495	79898
chr15	47804796	48004796	harbor1	chr15	47850457	47851374	LINE/L2	756	-	458	47850915	46119
chr15	47804796	48004796	harbor1	chr15	47880607	47881398	LINE/L2	458	-	396	47881003	76207
chr15	96595426	96795426	harbor1	chr15	96604812	96605005	LINE/L2	495	-	96	96604908	9482
chr15	96595426	96795426	harbor1	chr15	96605039	96606323	LINE/L2	495	-	642	96605681	10255
chr15	96595426	96795426	harbor1	chr15	96676070	96676750	LINE/L2	1304	-	340	96676410	80984
chr15	86911759	87111759	harbor1	chr15	86989670	86990213	LINE/L2	590	-	272	86989942	78183
chr15	68399907	68599907	harbor1	chr15	68420690	68421009	LINE/L2	807	-	160	68420850	20943
chr15	68399907	68599907	harbor1	chr15	68421187	68421579	LINE/L2	853	-	196	68421383	21476
chr15	68399907	68599907	harbor1	chr15	68423106	68423735	LINE/L2	908	-	314	68423420	23513
chr15	68399907	68599907	harbor1	chr15	68468171	68468281	LINE/L2	439	-	55	68468226	68319
chr15	49141211	49341211	harbor1	chr15	49142809	49143612	LINE/L2	1765	-	402	49143211	2000
chr15	49141211	49341211	harbor1	chr15	49240353	49241740	LINE/L2	1289	-	694	49241047	99836
chr15	93593913	93793913	harbor1	chr15	93689287	93689713	LINE/L2	722	-	213	93689500	95587
chr15	93593913	93793913	harbor1	chr15	93693465	93694070	LINE/L2	1132	-	302	93693767	99854
chr15	79910115	80110115	harbor1	chr15	79952441	79952873	LINE/L2	1418	-	216	79952657	42542
chr15	79910115	80110115	harbor1	chr15	79953163	79953578	LINE/L2	1418	-	208	79953371	43256
chr15	79910115	80110115	harbor1	chr15	79956279	79956604	LINE/L2	488	-	162	79956441	46326
chr15	79910115	80110115	harbor1	chr15	79964541	79965122	LINE/L2	1480	-	290	79964831	54716
chr15	79910115	80110115	harbor1	chr15	79965427	79965654	LINE/L2	1042	-	114	79965541	55426
chr15	79910115	80110115	harbor1	chr15	79953762	79954192	LINE/L2	1080	-	215	79953977	43862
chr15	32325787	32525787	harbor1	chr15	32327333	32327807	LINE/L2	580	-	237	32327570	1783
chr15	32325787	32525787	harbor1	chr15	32374156	32374620	LINE/L2	442	-	232	32374388	48601
chr15	32325787	32525787	harbor1	chr15	32408886	32409081	LINE/L2	492	-	98	32408984	83197
chr15	30790215	30990215	harbor1	chr15	30879541	30880001	LINE/L2	702	-	230	30879771	89556
chr15	30790215	30990215	harbor1	chr15	30887601	30889002	LINE/L2	1907	-	700	30888301	98086
chr15	31697797	31897797	harbor1	chr15	31775305	31775603	LINE/L2	545	-	149	31775454	77657
chr15	31697797	31897797	harbor1	chr15	31782334	31783176	LINE/L2	759	-	421	31782755	84958
chr15	31697797	31897797	harbor1	chr15	31794552	31794693	LINE/L2	501	-	70	31794622	96825
chr15	71034183	71234183	harbor1	chr15	71038853	71039265	LINE/L2	686	-	206	71039059	4876
chr15	71034183	71234183	harbor1	chr15	71053084	71053605	LINE/L2	1436	-	260	71053344	19161
chr15	71034183	71234183	harbor1	chr15	71080319	71080604	LINE/L2	475	-	142	71080461	46278
chr15	71034183	71234183	harbor1	chr15	71082022	71082928	LINE/L2	1642	-	453	71082475	48292
chr15	100135993	100335993	harbor1	chr15	100148752	100149033	LINE/L2	581	-	140	100148892	12899
chr15	100135993	100335993	harbor1	chr15	100164398	100164470	LINE/L2	470	-	36	100164434	28441
chr15	100135993	100335993	harbor1	chr15	100233697	100234206	LINE/L2	573	-	254	100233951	97958
chr15	58597968	58797968	harbor1	chr15	58644741	58644934	LINE/L2	507	-	96	58644837	46869
chr15	66634386	66834386	harbor1	chr15	66670359	66670599	LINE/L2	531	-	120	66670479	36093
chr15	66634386	66834386	harbor1	chr15	66723738	66724145	LINE/L2	638	-	204	66723942	89556
chr15	70377454	70577454	harbor1	chr15	70379547	70379777	LINE/L2	475	-	115	70379662	2208
chr15	50193765	50393765	harbor1	chr15	50193748	50193878	LINE/L2	656	-	65	50193813	48
chr15	50193765	50393765	harbor1	chr15	50194164	50194707	LINE/L2	656	-	272	50194436	671
chr15	23390412	23590412	harbor1	chr15	23417451	23417574	LINE/L2	546	-	62	23417513	27101
chr15	51780928	51980928	harbor1	chr15	51826300	51826810	LINE/L2	724	-	255	51826555	45627
chr15	51780928	51980928	harbor1	chr15	51827111	51827167	LINE/L2	597	-	28	51827139	46211
chr15	51780928	51980928	harbor1	chr15	51849040	51849166	LINE/L2	473	-	63	51849103	68175
chr15	51780928	51980928	harbor1	chr15	51849624	51849658	LINE/L2	2387	-	17	51849641	68713
chr15	51780928	51980928	harbor1	chr15	51849952	51850728	LINE/L2	2387	-	388	51850340	69412
chr15	51780928	51980928	harbor1	chr15	51851026	51851234	LINE/L2	2387	-	104	51851130	70202
chr15	51780928	51980928	harbor1	chr15	51866739	51867138	LINE/L2	643	-	200	51866939	86011
chr15	41628899	41828899	harbor1	chr15	41629130	41629530	LINE/L2	1499	-	200	41629330	431
chr15	41628899	41828899	harbor1	chr15	41648431	41649028	LINE/L2	769	-	298	41648729	19830
chr15	25595729	25795729	harbor1	chr15	25665082	25665197	LINE/L2	427	-	58	25665140	69411
chr15	88382779	88582779	harbor1	chr15	88468515	88468727	LINE/L2	570	-	106	88468621	85842
chr15	88382779	88582779	harbor1	chr15	88469034	88469330	LINE/L2	570	-	148	88469182	86403
chr15	88382779	88582779	harbor1	chr15	88469343	88469523	LINE/L2	618	-	90	88469433	86654
chr15	88382779	88582779	harbor1	chr15	88469529	88470034	LINE/L2	1943	-	252	88469781	87002
chr15	88382779	88582779	harbor1	chr15	88470334	88471267	LINE/L2	1943	-	466	88470800	88021
chr15	79950500	80150500	harbor1	chr15	79952441	79952873	LINE/L2	1418	-	216	79952657	2157
chr15	79950500	80150500	harbor1	chr15	79953163	79953578	LINE/L2	1418	-	208	79953371	2871
chr15	79950500	80150500	harbor1	chr15	79956279	79956604	LINE/L2	488	-	162	79956441	5941
chr15	79950500	80150500	harbor1	chr15	79964541	79965122	LINE/L2	1480	-	290	79964831	14331
chr15	79950500	80150500	harbor1	chr15	79965427	79965654	LINE/L2	1042	-	114	79965541	15041
chr15	79950500	80150500	harbor1	chr15	80031101	80031494	LINE/L2	658	-	196	80031297	80797
chr15	79950500	80150500	harbor1	chr15	79953762	79954192	LINE/L2	1080	-	215	79953977	3477
chr15	71486046	71686046	harbor1	chr15	71503082	71503366	LINE/L2	600	-	142	71503224	17178
chr15	71486046	71686046	harbor1	chr15	71510303	71510610	LINE/L2	687	-	154	71510457	24411
chr15	71486046	71686046	harbor1	chr15	71518815	71519356	LINE/L2	920	-	270	71519085	33039
chr15	71486046	71686046	harbor1	chr15	71519662	71519750	LINE/L2	717	-	44	71519706	33660
chr15	71486046	71686046	harbor1	chr15	71531066	71531511	LINE/L2	425	-	222	71531288	45242
chr15	71486046	71686046	harbor1	chr15	71551272	71551470	LINE/L2	487	-	99	71551371	65325
chr15	71486046	71686046	harbor1	chr15	71552024	71552185	LINE/L2	487	-	80	71552104	66058
chr15	34133561	34333561	harbor1	chr15	34147519	34147827	LINE/L2	718	-	154	34147673	14112
chr15	34133561	34333561	harbor1	chr15	34205742	34205859	LINE/L2	460	-	58	34205800	72239
chr15	59109086	59309086	harbor1	chr15	59113601	59113712	LINE/L2	477	-	56	59113657	4571
chr15	59109086	59309086	harbor1	chr15	59114002	59114270	LINE/L2	542	-	134	59114136	5050
chr15	59109086	59309086	harbor1	chr15	59113374	59113560	LINE/L2	462	-	93	59113467	4381
chr15	98781995	98981995	harbor1	chr15	98798043	98798322	LINE/L2	446	-	140	98798183	16188
chr15	98781995	98981995	harbor1	chr15	98798347	98798622	LINE/L2	631	-	138	98798485	16490
chr15	61231030	61431030	harbor1	chr15	61305983	61306675	LINE/L2	502	-	346	61306329	75299
chr15	53213587	53413587	harbor1	chr15	53218502	53218889	LINE/L2	658	-	194	53218696	5109
chr15	53213587	53413587	harbor1	chr15	53222239	53222543	LINE/L2	1121	-	152	53222391	8804
chr15	53213587	53413587	harbor1	chr15	53238032	53238330	LINE/L2	685	-	149	53238181	24594
chr15	61327399	61527399	harbor1	chr15	61372735	61372978	LINE/L2	421	-	122	61372857	45458
chr15	61327399	61527399	harbor1	chr15	61373023	61373531	LINE/L2	709	-	254	61373277	45878
chr15	61327399	61527399	harbor1	chr15	61402220	61402950	LINE/L2	1070	-	365	61402585	75186
chr15	29156941	29356941	harbor1	chr15	29230510	29231024	LINE/L2	900	-	257	29230767	73826
chr15	53760444	53960444	harbor1	chr15	53828254	53828803	LINE/L2	1076	-	274	53828528	68084
chr15	83247805	83447805	harbor1	chr15	83254696	83255069	LINE/L2	587	-	186	83254882	7077
chr15	83247805	83447805	harbor1	chr15	83275023	83275217	LINE/L2	1059	-	97	83275120	27315
chr15	83247805	83447805	harbor1	chr15	83275521	83275954	LINE/L2	1059	-	216	83275737	27932
chr15	98003761	98203761	harbor1	chr15	98003466	98003888	LINE/L2	584	-	211	98003677	84
chr15	98003761	98203761	harbor1	chr15	98051694	98051846	LINE/L2	499	-	76	98051770	48009
chr15	98003761	98203761	harbor1	chr15	98052475	98052750	LINE/L2	488	-	138	98052613	48852
chr15	98003761	98203761	harbor1	chr15	98053088	98053265	LINE/L2	488	-	88	98053176	49415
chr15	73429778	73629778	harbor1	chr15	73443580	73443737	LINE/L2	514	-	78	73443658	13880
chr15	73429778	73629778	harbor1	chr15	73446659	73447420	LINE/L2	1660	-	380	73447039	17261
chr15	73429778	73629778	harbor1	chr15	73470537	73471639	LINE/L2	1706	-	551	73471088	41310
chr15	73429778	73629778	harbor1	chr15	73474624	73474776	LINE/L2	566	-	76	73474700	44922
chr15	73429778	73629778	harbor1	chr15	73517196	73517905	LINE/L2	625	-	354	73517550	87772
chr15	58747345	58947345	harbor1	chr15	58774158	58774200	LINE/L2	562	-	21	58774179	26834
chr15	58747345	58947345	harbor1	chr15	58774511	58774775	LINE/L2	562	-	132	58774643	27298
chr15	58747345	58947345	harbor1	chr15	58790332	58790897	LINE/L2	2645	-	282	58790614	43269
chr15	58747345	58947345	harbor1	chr15	58791193	58791215	LINE/L2	2645	-	11	58791204	43859
chr15	58747345	58947345	harbor1	chr15	58791257	58791282	LINE/L2	2645	-	12	58791269	43924
chr15	58747345	58947345	harbor1	chr15	58791769	58792134	LINE/L2	2645	-	182	58791951	44606
chr15	58747345	58947345	harbor1	chr15	58793645	58794358	LINE/L2	2580	-	356	58794001	46656
chr15	58747345	58947345	harbor1	chr15	58794397	58794852	LINE/L2	2580	-	228	58794625	47280
chr15	58747345	58947345	harbor1	chr15	58794857	58794905	LINE/L2	505	-	24	58794881	47536
chr15	58747345	58947345	harbor1	chr15	58795202	58795289	LINE/L2	505	-	44	58795246	47901
chr15	58747345	58947345	harbor1	chr15	58795860	58796196	LINE/L2	505	-	168	58796028	48683
chr15	52711320	52911320	harbor1	chr15	52761960	52762050	LINE/L2	425	-	45	52762005	50685
chr15	91220496	91420496	harbor1	chr15	91295775	91295875	LINE/L2	428	-	50	91295825	75329
chr15	91220496	91420496	harbor1	chr15	91242486	91242645	LINE/L2	436	-	80	91242566	22070
chr15	55409019	55609019	harbor1	chr15	55422303	55422714	LINE/L2	847	-	206	55422509	13490
chr15	55409019	55609019	harbor1	chr15	55423026	55423203	LINE/L2	847	-	88	55423114	14095
chr15	20781726	20981726	harbor1	chr15	20841722	20841978	LINE/L2	579	-	128	20841850	60124
chr15	20781726	20981726	harbor1	chr15	20842261	20843015	LINE/L2	2484	-	377	20842638	60912
chr15	20781726	20981726	harbor1	chr15	20843317	20843696	LINE/L2	2484	-	190	20843507	61781
chr16	79247025	79447025	harbor1	chr16	79246919	79247255	LINE/L2	488	-	168	79247087	62
chr16	79247025	79447025	harbor1	chr16	79315105	79315325	LINE/L2	894	-	110	79315215	68190
chr16	79247025	79447025	harbor1	chr16	79319680	79319947	LINE/L2	482	-	134	79319814	72789
chr16	79247025	79447025	harbor1	chr16	79337971	79338094	LINE/L2	430	-	62	79338033	91008
chr16	79247025	79447025	harbor1	chr16	79341637	79341934	LINE/L2	519	-	148	79341785	94760
chr16	49582518	49782518	harbor1	chr16	49662479	49662835	LINE/L2	675	-	178	49662657	80139
chr16	49582518	49782518	harbor1	chr16	49678398	49678569	LINE/L2	497	-	86	49678484	95966
chr16	16207152	16407152	harbor1	chr16	16234672	16234794	LINE/L2	432	-	61	16234733	27581
chr16	16207152	16407152	harbor1	chr16	16252707	16252828	LINE/L2	1613	-	60	16252767	45615
chr16	16207152	16407152	harbor1	chr16	16253133	16253772	LINE/L2	1613	-	320	16253453	46301
chr16	16207152	16407152	harbor1	chr16	16301328	16302479	LINE/L2	1693	-	576	16301904	94752
chr16	67628753	67828753	harbor1	chr16	67709394	67709624	LINE/L2	468	-	115	67709509	80756
chr16	22635333	22835333	harbor1	chr16	22664522	22664943	LINE/L2	604	-	210	22664732	29399
chr16	22635333	22835333	harbor1	chr16	22676048	22676477	LINE/L2	813	-	214	22676262	40929
chr16	22635333	22835333	harbor1	chr16	22676705	22676978	LINE/L2	456	-	136	22676841	41508
chr16	22635333	22835333	harbor1	chr16	22700885	22701258	LINE/L2	670	-	186	22701071	65738
chr16	22635333	22835333	harbor1	chr16	22704256	22704590	LINE/L2	498	-	167	22704423	69090
chr16	22635333	22835333	harbor1	chr16	22728037	22728259	LINE/L2	543	-	111	22728148	92815
chr16	7268393	7468393	harbor1	chr16	7350165	7350621	LINE/L2	509	-	228	7350393	82000
chr16	2684609	2884609	harbor1	chr16	2759706	2759830	LINE/L2	437	-	62	2759768	75159
chr16	53590684	53790684	harbor1	chr16	53640055	53640847	LINE/L2	1867	-	396	53640451	49767
chr16	22426060	22626060	harbor1	chr16	22487098	22487412	LINE/L2	524	-	157	22487255	61195
chr16	60559730	60759730	harbor1	chr16	60653521	60653937	LINE/L2	582	-	208	60653729	93999
chr16	67381482	67581482	harbor1	chr16	67426957	67427415	LINE/L2	460	-	229	67427186	45704
chr16	67381482	67581482	harbor1	chr16	67451231	67451744	LINE/L2	437	-	256	67451487	70005
chr16	5318934	5518934	harbor1	chr16	5341731	5341927	LINE/L2	1742	-	98	5341829	22895
chr16	5318934	5518934	harbor1	chr16	5397915	5398165	LINE/L2	459	-	125	5398040	79106
chr16	5318934	5518934	harbor1	chr16	5407338	5407561	LINE/L2	499	-	112	5407450	88516
chr16	5318934	5518934	harbor1	chr16	5409553	5409724	LINE/L2	638	-	86	5409639	90705
chr16	5318934	5518934	harbor1	chr16	5340718	5341561	LINE/L2	1742	-	422	5341140	22206
chr16	5318934	5518934	harbor1	chr16	5406711	5406969	LINE/L2	499	-	129	5406840	87906
chr16	12963667	13163667	harbor1	chr16	12971933	12972041	LINE/L2	432	-	54	12971987	8320
chr16	12963667	13163667	harbor1	chr16	12972083	12972534	LINE/L2	432	-	226	12972309	8642
chr16	12963667	13163667	harbor1	chr16	12993547	12994314	LINE/L2	696	-	384	12993931	30264
chr16	12963667	13163667	harbor1	chr16	12994760	12995032	LINE/L2	698	-	136	12994896	31229
chr16	12963667	13163667	harbor1	chr16	13002991	13003297	LINE/L2	509	-	153	13003144	39477
chr16	12963667	13163667	harbor1	chr16	13004366	13004643	LINE/L2	803	-	138	13004504	40837
chr16	12963667	13163667	harbor1	chr16	13004965	13005296	LINE/L2	803	-	166	13005131	41464
chr16	12963667	13163667	harbor1	chr16	13012253	13012517	LINE/L2	451	-	132	13012385	48718
chr16	12963667	13163667	harbor1	chr16	13061572	13062026	LINE/L2	631	-	227	13061799	98132
chr16	19695567	19895567	harbor1	chr16	19779155	19779426	LINE/L2	528	-	136	19779291	83724
chr16	19695567	19895567	harbor1	chr16	19784522	19784676	LINE/L2	442	-	77	19784599	89032
chr16	2513853	2713853	harbor1	chr16	2515737	2515843	LINE/L2	479	-	53	2515790	1937
chr16	22238360	22438360	harbor1	chr16	22277502	22277745	LINE/L2	659	-	122	22277624	39264
chr16	22238360	22438360	harbor1	chr16	22278412	22278558	LINE/L2	594	-	73	22278485	40125
chr16	22238360	22438360	harbor1	chr16	22300842	22301299	LINE/L2	949	-	228	22301070	62710
chr16	24691652	24891652	harbor1	chr16	24699157	24699435	LINE/L2	461	-	139	24699296	7644
chr16	24691652	24891652	harbor1	chr16	24699739	24699787	LINE/L2	461	-	24	24699763	8111
chr16	24691652	24891652	harbor1	chr16	24719095	24719239	LINE/L2	512	-	72	24719167	27515
chr16	24691652	24891652	harbor1	chr16	24719858	24720060	LINE/L2	512	-	101	24719959	28307
chr16	24691652	24891652	harbor1	chr16	24726142	24726824	LINE/L2	1169	-	341	24726483	34831
chr16	53346291	53546291	harbor1	chr16	53371670	53372253	LINE/L2	695	-	292	53371962	25671
chr16	53346291	53546291	harbor1	chr16	53393674	53394023	LINE/L2	479	-	174	53393848	47557
chr16	53346291	53546291	harbor1	chr16	53394425	53394954	LINE/L2	881	-	264	53394689	48398
chr16	53346291	53546291	harbor1	chr16	53406450	53407656	LINE/L2	1006	-	603	53407053	60762
chr16	53346291	53546291	harbor1	chr16	53407745	53408146	LINE/L2	1006	-	200	53407945	61654
chr16	47592841	47792841	harbor1	chr16	47634369	47635161	LINE/L2	670	-	396	47634765	41924
chr16	47592841	47792841	harbor1	chr16	47635446	47635621	LINE/L2	451	-	88	47635534	42693
chr16	47592841	47792841	harbor1	chr16	47635970	47636271	LINE/L2	551	-	150	47636120	43279
chr16	76752033	76952033	harbor1	chr16	76828305	76828763	LINE/L2	978	-	229	76828534	76501
chr16	31007012	31207012	harbor1	chr16	31026716	31026873	LINE/L2	599	-	78	31026794	19782
chr16	31007012	31207012	harbor1	chr16	31036494	31036949	LINE/L2	1146	-	228	31036722	29710
chr16	31007012	31207012	harbor1	chr16	31037714	31037782	LINE/L2	512	-	34	31037748	30736
chr16	31007012	31207012	harbor1	chr16	31053817	31053962	LINE/L2	557	-	72	31053889	46877
chr16	46554760	46754760	harbor1	chr16	46612008	46612397	LINE/L2	642	-	194	46612202	57442
chr16	46554760	46754760	harbor1	chr16	46629942	46630240	LINE/L2	445	-	149	46630091	75331
chr16	22356315	22556315	harbor1	chr16	22366260	22366984	LINE/L2	869	-	362	22366622	10307
chr16	22356315	22556315	harbor1	chr16	22408046	22408287	LINE/L2	1723	-	120	22408166	51851
chr16	22356315	22556315	harbor1	chr16	22408594	22408921	LINE/L2	1723	-	164	22408758	52443
chr16	22356315	22556315	harbor1	chr16	22415220	22415433	LINE/L2	449	-	106	22415326	59011
chr16	86325797	86525797	harbor1	chr16	86351665	86352100	LINE/L2	517	-	218	86351883	26086
chr16	86325797	86525797	harbor1	chr16	86355376	86355769	LINE/L2	480	-	196	86355572	29775
chr16	86325797	86525797	harbor1	chr16	86393413	86393765	LINE/L2	657	-	176	86393589	67792
chr16	86325797	86525797	harbor1	chr16	86424854	86424980	LINE/L2	497	-	63	86424917	99120
chr16	69470699	69670699	harbor1	chr16	69484963	69485120	LINE/L2	586	-	78	69485041	14342
chr16	69470699	69670699	harbor1	chr16	69484409	69484659	LINE/L2	586	-	125	69484534	13835
chr16	24378321	24578321	harbor1	chr16	24431859	24432278	LINE/L2	440	-	210	24432069	53748
chr16	49019945	49219945	harbor1	chr16	49077367	49077761	LINE/L2	616	-	197	49077564	57619
chr16	49019945	49219945	harbor1	chr16	49089334	49089728	LINE/L2	518	-	197	49089531	69586
chr16	49019945	49219945	harbor1	chr16	49113347	49113762	LINE/L2	1285	-	208	49113555	93610
chr16	24195584	24395584	harbor1	chr16	24197088	24197724	LINE/L2	1076	-	318	24197406	1822
chr16	24195584	24395584	harbor1	chr16	24226733	24227026	LINE/L2	465	-	146	24226879	31295
chr16	24195584	24395584	harbor1	chr16	24227483	24227593	LINE/L2	465	-	55	24227538	31954
chr16	24195584	24395584	harbor1	chr16	24237921	24238061	LINE/L2	450	-	70	24237991	42407
chr16	24195584	24395584	harbor1	chr16	24238442	24238685	LINE/L2	481	-	122	24238564	42980
chr16	24195584	24395584	harbor1	chr16	24238718	24238879	LINE/L2	481	-	80	24238798	43214
chr16	24195584	24395584	harbor1	chr16	24239262	24239362	LINE/L2	481	-	50	24239312	43728
chr16	24195584	24395584	harbor1	chr16	24242615	24242758	LINE/L2	434	-	72	24242687	47103
chr16	24195584	24395584	harbor1	chr16	24250871	24251206	LINE/L2	842	-	168	24251039	55455
chr16	24195584	24395584	harbor1	chr16	24270761	24271125	LINE/L2	866	-	182	24270943	75359
chr16	24195584	24395584	harbor1	chr16	24271619	24271742	LINE/L2	453	-	62	24271681	76097
chr16	24195584	24395584	harbor1	chr16	24278877	24279292	LINE/L2	800	-	208	24279085	83501
chr16	24195584	24395584	harbor1	chr16	24279601	24279971	LINE/L2	800	-	185	24279786	84202
chr16	23829161	24029161	harbor1	chr16	23847599	23848054	LINE/L2	683	-	228	23847827	18666
chr16	23829161	24029161	harbor1	chr16	23883011	23883398	LINE/L2	641	-	194	23883205	54044
chr16	23829161	24029161	harbor1	chr16	23883424	23883734	LINE/L2	514	-	155	23883579	54418
chr16	23829161	24029161	harbor1	chr16	23896342	23896719	LINE/L2	477	-	188	23896530	67369
chr16	23829161	24029161	harbor1	chr16	23898373	23898720	LINE/L2	667	-	174	23898547	69386
chr16	23829161	24029161	harbor1	chr16	23926936	23928035	LINE/L2	671	-	550	23927486	98325
chr16	84506681	84706681	harbor1	chr16	84546772	84547416	LINE/L2	882	-	322	84547094	40413
chr16	60761616	60961616	harbor1	chr16	60838751	60838974	LINE/L2	844	-	112	60838863	77247
chr16	57534438	57734438	harbor1	chr16	57579175	57579377	LINE/L2	578	-	101	57579276	44838
chr16	54927919	55127919	harbor1	chr16	54941252	54941807	LINE/L2	938	-	278	54941530	13611
chr16	54927919	55127919	harbor1	chr16	54942100	54942450	LINE/L2	616	-	175	54942275	14356
chr16	54927919	55127919	harbor1	chr16	54962461	54962689	LINE/L2	646	-	114	54962575	34656
chr16	54927919	55127919	harbor1	chr16	54965786	54966317	LINE/L2	1081	-	266	54966052	38133
chr16	80174265	80374265	harbor1	chr16	80210167	80210644	LINE/L2	1325	-	238	80210405	36140
chr16	80174265	80374265	harbor1	chr16	80228427	80228861	LINE/L2	452	-	217	80228644	54379
chr16	80174265	80374265	harbor1	chr16	80232198	80232371	LINE/L2	440	-	86	80232284	58019
chr16	19458511	19658511	harbor1	chr16	19525692	19526005	LINE/L2	1041	-	156	19525848	67337
chr16	19964926	20164926	harbor1	chr16	19971642	19971946	LINE/L2	588	-	152	19971794	6868
chr16	19964926	20164926	harbor1	chr16	20036890	20037169	LINE/L2	586	-	140	20037030	72104
chr16	19964926	20164926	harbor1	chr16	20037479	20037595	LINE/L2	586	-	58	20037537	72611
chr16	19964926	20164926	harbor1	chr16	20046247	20046367	LINE/L2	427	-	60	20046307	81381
chr16	31187708	31387708	harbor1	chr16	31211818	31212282	LINE/L2	1111	-	232	31212050	24342
chr16	31187708	31387708	harbor1	chr16	31253065	31253402	LINE/L2	1078	-	168	31253233	65525
chr16	31187708	31387708	harbor1	chr16	31253625	31254108	LINE/L2	1244	-	242	31253867	66159
chr16	62953994	63153994	harbor1	chr16	63008767	63008952	LINE/L2	462	-	92	63008859	54865
chr16	62953994	63153994	harbor1	chr16	63009029	63009194	LINE/L2	462	-	82	63009111	55117
chr16	62953994	63153994	harbor1	chr16	63009344	63009533	LINE/L2	463	-	94	63009438	55444
chr16	62953994	63153994	harbor1	chr16	63009537	63009827	LINE/L2	580	-	145	63009682	55688
chr16	62953994	63153994	harbor1	chr16	63041452	63041713	LINE/L2	685	-	130	63041582	87588
chr16	62953994	63153994	harbor1	chr16	63041874	63041998	LINE/L2	685	-	62	63041936	87942
chr16	62953994	63153994	harbor1	chr16	63048577	63049228	LINE/L2	912	-	326	63048903	94909
chr16	74809651	75009651	harbor1	chr16	74815632	74815788	LINE/L2	629	-	78	74815710	6059
chr16	74809651	75009651	harbor1	chr16	74856778	74856890	LINE/L2	483	-	56	74856834	47183
chr16	52976712	53176712	harbor1	chr16	52978023	52978247	LINE/L2	791	-	112	52978135	1423
chr16	52976712	53176712	harbor1	chr16	52979271	52979496	LINE/L2	766	-	112	52979383	2671
chr16	52976712	53176712	harbor1	chr16	53024044	53024336	LINE/L2	466	-	146	53024190	47478
chr16	51276879	51476879	harbor1	chr16	51290214	51290781	LINE/L2	824	-	284	51290498	13619
chr16	51276879	51476879	harbor1	chr16	51367459	51367873	LINE/L2	640	-	207	51367666	90787
chr16	5395682	5595682	harbor1	chr16	5397915	5398165	LINE/L2	459	-	125	5398040	2358
chr16	5395682	5595682	harbor1	chr16	5407338	5407561	LINE/L2	499	-	112	5407450	11768
chr16	5395682	5595682	harbor1	chr16	5409553	5409724	LINE/L2	638	-	86	5409639	13957
chr16	5395682	5595682	harbor1	chr16	5428480	5428761	LINE/L2	464	-	140	5428620	32938
chr16	5395682	5595682	harbor1	chr16	5430062	5430488	LINE/L2	450	-	213	5430275	34593
chr16	5395682	5595682	harbor1	chr16	5438347	5438426	LINE/L2	597	-	40	5438387	42705
chr16	5395682	5595682	harbor1	chr16	5438880	5439142	LINE/L2	597	-	131	5439011	43329
chr16	5395682	5595682	harbor1	chr16	5441258	5441293	LINE/L2	482	-	18	5441276	45594
chr16	5395682	5595682	harbor1	chr16	5441983	5442268	LINE/L2	482	-	142	5442125	46443
chr16	5395682	5595682	harbor1	chr16	5492305	5492608	LINE/L2	453	-	152	5492457	96775
chr16	5395682	5595682	harbor1	chr16	5406711	5406969	LINE/L2	499	-	129	5406840	11158
chr16	5395682	5595682	harbor1	chr16	5439233	5439655	LINE/L2	774	-	211	5439444	43762
chr16	10945676	11145676	harbor1	chr16	10990967	10991329	LINE/L2	1078	-	181	10991148	45472
chr16	10945676	11145676	harbor1	chr16	10991451	10991627	LINE/L2	429	-	88	10991539	45863
chr16	10945676	11145676	harbor1	chr16	11017235	11017409	LINE/L2	442	-	87	11017322	71646
chr16	10945676	11145676	harbor1	chr16	11018316	11018467	LINE/L2	702	-	76	11018392	72716
chr16	10945676	11145676	harbor1	chr16	11018766	11019017	LINE/L2	702	-	126	11018892	73216
chr16	10945676	11145676	harbor1	chr16	11031586	11031845	LINE/L2	743	-	130	11031716	86040
chr16	10945676	11145676	harbor1	chr16	11032449	11033279	LINE/L2	1029	-	415	11032864	87188
chr16	47954153	48154153	harbor1	chr16	47985048	47985815	LINE/L2	757	-	384	47985432	31279
chr16	52168599	52368599	harbor1	chr16	52202354	52202616	LINE/L2	460	-	131	52202485	33886
chr16	52168599	52368599	harbor1	chr16	52204290	52204785	LINE/L2	621	-	248	52204538	35939
chr16	52168599	52368599	harbor1	chr16	52242000	52242201	LINE/L2	543	-	100	52242100	73501
chr16	80804404	81004404	harbor1	chr16	80809328	80810721	LINE/L2	2069	-	696	80810024	5620
chr16	80804404	81004404	harbor1	chr16	80811011	80811185	LINE/L2	2069	-	87	80811098	6694
chr16	80804404	81004404	harbor1	chr16	80811869	80812312	LINE/L2	958	-	222	80812091	7687
chr16	80804404	81004404	harbor1	chr16	80831417	80831564	LINE/L2	441	-	74	80831491	27087
chr16	80804404	81004404	harbor1	chr16	80831966	80832010	LINE/L2	441	-	22	80831988	27584
chr16	80804404	81004404	harbor1	chr16	80832310	80832500	LINE/L2	441	-	95	80832405	28001
chr16	80804404	81004404	harbor1	chr16	80837948	80838162	LINE/L2	489	-	107	80838055	33651
chr16	80804404	81004404	harbor1	chr16	80883554	80884530	LINE/L2	1066	-	488	80884042	79638
chr16	16432962	16632962	harbor1	chr16	16505492	16505609	LINE/L2	430	-	58	16505550	72588
chr16	16432962	16632962	harbor1	chr16	16507950	16508142	LINE/L2	490	-	96	16508046	75084
chr16	16432962	16632962	harbor1	chr16	16528859	16529240	LINE/L2	775	-	190	16529049	96087
chr16	25660670	25860670	harbor1	chr16	25664317	25664863	LINE/L2	498	-	273	25664590	3920
chr16	25660670	25860670	harbor1	chr16	25697105	25697314	LINE/L2	635	-	104	25697209	36539
chr16	25660670	25860670	harbor1	chr16	25717221	25717510	LINE/L2	465	-	144	25717365	56695
chr16	25660670	25860670	harbor1	chr16	25717555	25718134	LINE/L2	1150	-	290	25717845	57175
chr16	25660670	25860670	harbor1	chr16	25718687	25719079	LINE/L2	696	-	196	25718883	58213
chr16	25660670	25860670	harbor1	chr16	25719990	25720541	LINE/L2	785	-	276	25720266	59596
chr16	25660670	25860670	harbor1	chr16	25720708	25720895	LINE/L2	531	-	94	25720802	60132
chr16	75218417	75418417	harbor1	chr16	75299927	75300291	LINE/L2	838	-	182	75300109	81692
chr16	75218417	75418417	harbor1	chr16	75300587	75300957	LINE/L2	838	-	185	75300772	82355
chr16	5635414	5835414	harbor1	chr16	5641215	5641491	LINE/L2	527	-	138	5641353	5939
chr16	5635414	5835414	harbor1	chr16	5680773	5680893	LINE/L2	436	-	60	5680833	45419
chr16	5635414	5835414	harbor1	chr16	5703016	5703567	LINE/L2	588	-	276	5703292	67878
chr16	59935198	60135198	harbor1	chr16	59943293	59943893	LINE/L2	1113	-	300	59943593	8395
chr16	59935198	60135198	harbor1	chr16	59944205	59944435	LINE/L2	1113	-	115	59944320	9122
chr16	4927022	5127022	harbor1	chr16	4947302	4947457	LINE/L2	497	-	78	4947380	20358
chr16	4927022	5127022	harbor1	chr16	4988777	4989088	LINE/L2	533	-	156	4988933	61911
chr16	10928356	11128356	harbor1	chr16	10990967	10991329	LINE/L2	1078	-	181	10991148	62792
chr16	10928356	11128356	harbor1	chr16	10991451	10991627	LINE/L2	429	-	88	10991539	63183
chr16	10928356	11128356	harbor1	chr16	11017235	11017409	LINE/L2	442	-	87	11017322	88966
chr16	10928356	11128356	harbor1	chr16	11018316	11018467	LINE/L2	702	-	76	11018392	90036
chr16	10928356	11128356	harbor1	chr16	11018766	11019017	LINE/L2	702	-	126	11018892	90536
chr16	68424449	68624449	harbor1	chr16	68452858	68453593	LINE/L2	876	-	368	68453226	28777
chr16	61960995	62160995	harbor1	chr16	62017110	62017396	LINE/L2	684	-	143	62017253	56258
chr16	54947676	55147676	harbor1	chr16	54962461	54962689	LINE/L2	646	-	114	54962575	14899
chr16	54947676	55147676	harbor1	chr16	54965786	54966317	LINE/L2	1081	-	266	54966052	18376
chr16	32683894	32883894	harbor1	chr16	32719033	32719559	LINE/L2	798	-	263	32719296	35402
chr16	32683894	32883894	harbor1	chr16	32719857	32720370	LINE/L2	610	-	256	32720113	36219
chr16	28237824	28437824	harbor1	chr16	28263179	28263842	LINE/L2	1009	-	332	28263511	25687
chr16	28237824	28437824	harbor1	chr16	28264160	28264304	LINE/L2	1009	-	72	28264232	26408
chr16	28237824	28437824	harbor1	chr16	28264588	28264990	LINE/L2	1009	-	201	28264789	26965
chr16	28237824	28437824	harbor1	chr16	28265609	28265680	LINE/L2	1009	-	36	28265645	27821
chr16	28237824	28437824	harbor1	chr16	28302736	28303377	LINE/L2	1082	-	320	28303056	65232
chr16	28237824	28437824	harbor1	chr16	28319274	28319570	LINE/L2	446	-	148	28319422	81598
chr16	28237824	28437824	harbor1	chr16	28324406	28324592	LINE/L2	582	-	93	28324499	86675
chr16	28237824	28437824	harbor1	chr16	28334901	28335051	LINE/L2	453	-	75	28334976	97152
chr16	4799741	4999741	harbor1	chr16	4899606	4899710	LINE/L2	463	-	52	4899658	99917
chr16	17201124	17401124	harbor1	chr16	17215636	17215896	LINE/L2	454	-	130	17215766	14642
chr16	17201124	17401124	harbor1	chr16	17277003	17277162	LINE/L2	533	-	80	17277083	75959
chr16	17201124	17401124	harbor1	chr16	17284288	17284626	LINE/L2	809	-	169	17284457	83333
chr16	17201124	17401124	harbor1	chr16	17294895	17295329	LINE/L2	746	-	217	17295112	93988
chr16	31890645	32090645	harbor1	chr16	31979982	31980998	LINE/L2	1050	-	508	31980490	89845
chr16	31890645	32090645	harbor1	chr16	31989660	31990042	LINE/L2	713	-	191	31989851	99206
chr16	66745289	66945289	harbor1	chr16	66803912	66804191	LINE/L2	910	-	140	66804052	58763
chr16	9665574	9865574	harbor1	chr16	9716106	9716559	LINE/L2	538	-	226	9716332	50758
chr16	9665574	9865574	harbor1	chr16	9735646	9736011	LINE/L2	872	-	182	9735828	70254
chr16	9665574	9865574	harbor1	chr16	9743402	9743989	LINE/L2	449	-	294	9743696	78122
chr16	9665574	9865574	harbor1	chr16	9749621	9749860	LINE/L2	774	-	120	9749741	84167
chr16	9665574	9865574	harbor1	chr16	9750158	9750663	LINE/L2	1197	-	252	9750410	84836
chr16	9665574	9865574	harbor1	chr16	9750991	9751355	LINE/L2	1197	-	182	9751173	85599
chr16	83493587	83693587	harbor1	chr16	83536140	83536488	LINE/L2	443	-	174	83536314	42727
chr16	83493587	83693587	harbor1	chr16	83579665	83580188	LINE/L2	589	-	262	83579927	86340
chr16	30050244	30250244	harbor1	chr16	30051612	30051909	LINE/L2	540	-	148	30051760	1516
chr16	30050244	30250244	harbor1	chr16	30058843	30059017	LINE/L2	475	-	87	30058930	8686
chr16	14227674	14427674	harbor1	chr16	14236363	14236722	LINE/L2	734	-	180	14236543	8869
chr16	14227674	14427674	harbor1	chr16	14238147	14238701	LINE/L2	2459	-	277	14238424	10750
chr16	14227674	14427674	harbor1	chr16	14311420	14311569	LINE/L2	453	-	74	14311494	83820
chr16	14227674	14427674	harbor1	chr16	14236805	14238051	LINE/L2	2459	-	623	14237428	9754
chr16	19692850	19892850	harbor1	chr16	19779155	19779426	LINE/L2	528	-	136	19779291	86441
chr16	19692850	19892850	harbor1	chr16	19784522	19784676	LINE/L2	442	-	77	19784599	91749
chr16	30436882	30636882	harbor1	chr16	30437021	30437104	LINE/L2	540	-	42	30437063	181
chr16	30436882	30636882	harbor1	chr16	30437414	30437750	LINE/L2	540	-	168	30437582	700
chr16	30436882	30636882	harbor1	chr16	30450431	30450524	LINE/L2	506	-	46	30450477	13595
chr16	30436882	30636882	harbor1	chr16	30464968	30465143	LINE/L2	577	-	88	30465056	28174
chr16	30436882	30636882	harbor1	chr16	30465437	30465529	LINE/L2	577	-	46	30465483	28601
chr16	30436882	30636882	harbor1	chr16	30465828	30466042	LINE/L2	499	-	107	30465935	29053
chr16	30436882	30636882	harbor1	chr16	30482308	30482627	LINE/L2	1347	-	160	30482468	45586
chr16	30436882	30636882	harbor1	chr16	30516530	30516822	LINE/L2	482	-	146	30516676	79794
chr16	30436882	30636882	harbor1	chr16	30520542	30520802	LINE/L2	563	-	130	30520672	83790
chr16	72406897	72606897	harbor1	chr16	72462869	72463719	LINE/L2	717	-	425	72463294	56397
chr16	80213897	80413897	harbor1	chr16	80228427	80228861	LINE/L2	452	-	217	80228644	14747
chr16	80213897	80413897	harbor1	chr16	80232198	80232371	LINE/L2	440	-	86	80232284	18387
chr16	15921037	16121037	harbor1	chr16	15960431	15960795	LINE/L2	800	-	182	15960613	39576
chr16	15921037	16121037	harbor1	chr16	16017762	16018060	LINE/L2	524	-	149	16017911	96874
chr16	77628976	77828976	harbor1	chr16	77697602	77698316	LINE/L2	705	-	357	77697959	68983
chr16	77628976	77828976	harbor1	chr16	77698445	77698645	LINE/L2	611	-	100	77698545	69569
chr16	53312008	53512008	harbor1	chr16	53371670	53372253	LINE/L2	695	-	292	53371962	59954
chr16	53312008	53512008	harbor1	chr16	53393674	53394023	LINE/L2	479	-	174	53393848	81840
chr16	53312008	53512008	harbor1	chr16	53394425	53394954	LINE/L2	881	-	264	53394689	82681
chr16	53312008	53512008	harbor1	chr16	53406450	53407656	LINE/L2	1006	-	603	53407053	95045
chr16	53312008	53512008	harbor1	chr16	53407745	53408146	LINE/L2	1006	-	200	53407945	95937
chr16	7270986	7470986	harbor1	chr16	7350165	7350621	LINE/L2	509	-	228	7350393	79407
chr16	61363094	61563094	harbor1	chr16	61427937	61428460	LINE/L2	453	-	262	61428199	65105
chr16	61363094	61563094	harbor1	chr16	61436460	61436898	LINE/L2	445	-	219	61436679	73585
chr16	61363094	61563094	harbor1	chr16	61390618	61390907	LINE/L2	517	-	144	61390762	27668
chr16	66749036	66949036	harbor1	chr16	66803912	66804191	LINE/L2	910	-	140	66804052	55016
chr16	82651258	82851258	harbor1	chr16	82655119	82655633	LINE/L2	560	-	257	82655376	4118
chr16	82651258	82851258	harbor1	chr16	82733850	82734129	LINE/L2	431	-	140	82733990	82732
chr16	82651258	82851258	harbor1	chr16	82734354	82734571	LINE/L2	439	-	108	82734462	83204
chr16	82651258	82851258	harbor1	chr16	82734954	82735086	LINE/L2	439	-	66	82735020	83762
chr16	65842735	66042735	harbor1	chr16	65863131	65863344	LINE/L2	515	-	106	65863237	20502
chr16	65842735	66042735	harbor1	chr16	65887773	65889066	LINE/L2	2902	-	646	65888419	45684
chr16	5660407	5860407	harbor1	chr16	5680773	5680893	LINE/L2	436	-	60	5680833	20426
chr16	5660407	5860407	harbor1	chr16	5703016	5703567	LINE/L2	588	-	276	5703292	42885
chr16	5660407	5860407	harbor1	chr16	5739329	5739501	LINE/L2	449	-	86	5739415	79008
chr16	55791274	55991274	harbor1	chr16	55821692	55822652	LINE/L2	908	-	480	55822172	30898
chr16	55791274	55991274	harbor1	chr16	55823265	55823390	LINE/L2	431	-	62	55823327	32053
chr16	70298477	70498477	harbor1	chr16	70321488	70321608	LINE/L2	613	-	60	70321548	23071
chr16	70298477	70498477	harbor1	chr16	70323845	70324212	LINE/L2	1060	-	184	70324029	25552
chr16	9610192	9810192	harbor1	chr16	9616861	9617311	LINE/L2	604	-	225	9617086	6894
chr16	9610192	9810192	harbor1	chr16	9658250	9658615	LINE/L2	582	-	182	9658432	48240
chr16	56913112	57113112	harbor1	chr16	56941865	56941990	LINE/L2	531	-	62	56941927	28815
chr16	56913112	57113112	harbor1	chr16	56994393	56994730	LINE/L2	503	-	168	56994561	81449
chr16	56913112	57113112	harbor1	chr16	57009804	57010197	LINE/L2	680	-	196	57010000	96888
chr16	82195950	82395950	harbor1	chr16	82197073	82197214	LINE/L2	648	-	70	82197143	1193
chr16	82195950	82395950	harbor1	chr16	82197500	82197514	LINE/L2	648	-	7	82197507	1557
chr16	82195950	82395950	harbor1	chr16	82197572	82197797	LINE/L2	648	-	112	82197684	1734
chr16	82195950	82395950	harbor1	chr16	82202798	82203067	LINE/L2	604	-	134	82202932	6982
chr16	82195950	82395950	harbor1	chr16	82210536	82210864	LINE/L2	688	-	164	82210700	14750
chr16	82195950	82395950	harbor1	chr16	82211758	82211988	LINE/L2	536	-	115	82211873	15923
chr16	82195950	82395950	harbor1	chr16	82227632	82227804	LINE/L2	449	-	86	82227718	31768
chr16	82195950	82395950	harbor1	chr16	82272175	82272531	LINE/L2	466	-	178	82272353	76403
chr16	82195950	82395950	harbor1	chr16	82276800	82277388	LINE/L2	988	-	294	82277094	81144
chr16	64664388	64864388	harbor1	chr16	64674652	64676307	LINE/L2	2368	-	828	64675480	11092
chr16	64664388	64864388	harbor1	chr16	64677772	64677929	LINE/L2	573	-	78	64677850	13462
chr16	64664388	64864388	harbor1	chr16	64678115	64678250	LINE/L2	573	-	68	64678183	13795
chr16	64664388	64864388	harbor1	chr16	64735314	64735997	LINE/L2	727	-	342	64735656	71268
chr16	24722355	24922355	harbor1	chr16	24726142	24726824	LINE/L2	1169	-	341	24726483	4128
chr16	24722355	24922355	harbor1	chr16	24805756	24805881	LINE/L2	483	-	62	24805818	83463
chr16	53073087	53273087	harbor1	chr16	53093468	53093591	LINE/L2	630	-	62	53093530	20443
chr16	53073087	53273087	harbor1	chr16	53107748	53108040	LINE/L2	970	-	146	53107894	34807
chr16	53073087	53273087	harbor1	chr16	53134802	53135655	LINE/L2	1002	-	426	53135228	62141
chr16	53073087	53273087	harbor1	chr16	53146997	53147335	LINE/L2	563	-	169	53147166	74079
chr16	53073087	53273087	harbor1	chr16	53152435	53152666	LINE/L2	654	-	116	53152551	79464
chr16	53073087	53273087	harbor1	chr16	53152702	53153411	LINE/L2	1777	-	354	53153056	79969
chr16	20653	220653	harbor1	chr16	52803	53424	LINE/L2	603	-	310	53113	32460
chr16	20653	220653	harbor1	chr16	65263	65590	LINE/L2	619	-	164	65427	44774
chr16	66527450	66727450	harbor1	chr16	66538510	66538793	LINE/L2	628	-	142	66538652	11202
chr16	66527450	66727450	harbor1	chr16	66554442	66554954	LINE/L2	1370	-	256	66554698	27248
chr16	66527450	66727450	harbor1	chr16	66555252	66555612	LINE/L2	1370	-	180	66555432	27982
chr16	66527450	66727450	harbor1	chr16	66600826	66601034	LINE/L2	501	-	104	66600930	73480
chr16	4298932	4498932	harbor1	chr16	4367379	4367912	LINE/L2	559	-	266	4367645	68713
chr16	17878368	18078368	harbor1	chr16	17894776	17895388	LINE/L2	769	-	306	17895082	16714
chr16	84270862	84470862	harbor1	chr16	84273260	84273778	LINE/L2	761	-	259	84273519	2657
chr16	84270862	84470862	harbor1	chr16	84282809	84282955	LINE/L2	505	-	73	84282882	12020
chr16	84270862	84470862	harbor1	chr16	84283258	84283598	LINE/L2	505	-	170	84283428	12566
chr16	84270862	84470862	harbor1	chr16	84288521	84288854	LINE/L2	576	-	166	84288687	17825
chr16	84270862	84470862	harbor1	chr16	84291653	84292038	LINE/L2	1057	-	192	84291845	20983
chr16	84270862	84470862	harbor1	chr16	84306801	84307205	LINE/L2	461	-	202	84307003	36141
chr16	84270862	84470862	harbor1	chr16	84356958	84357168	LINE/L2	486	-	105	84357063	86201
chr16	14233975	14433975	harbor1	chr16	14236363	14236722	LINE/L2	734	-	180	14236543	2568
chr16	14233975	14433975	harbor1	chr16	14238147	14238701	LINE/L2	2459	-	277	14238424	4449
chr16	14233975	14433975	harbor1	chr16	14311420	14311569	LINE/L2	453	-	74	14311494	77519
chr16	14233975	14433975	harbor1	chr16	14236805	14238051	LINE/L2	2459	-	623	14237428	3453
chr16	19150381	19350381	harbor1	chr16	19155640	19155913	LINE/L2	765	-	136	19155776	5395
chr16	19150381	19350381	harbor1	chr16	19156431	19157127	LINE/L2	1601	-	348	19156779	6398
chr16	19150381	19350381	harbor1	chr16	19227764	19227878	LINE/L2	564	-	57	19227821	77440
chr16	19150381	19350381	harbor1	chr16	19231746	19232093	LINE/L2	587	-	174	19231920	81539
chr16	19150381	19350381	harbor1	chr16	19237867	19238189	LINE/L2	438	-	161	19238028	87647
chr16	19150381	19350381	harbor1	chr16	19242118	19242487	LINE/L2	492	-	184	19242302	91921
chr16	19150381	19350381	harbor1	chr16	19246770	19247169	LINE/L2	1150	-	200	19246970	96589
chr16	64668348	64868348	harbor1	chr16	64674652	64676307	LINE/L2	2368	-	828	64675480	7132
chr16	64668348	64868348	harbor1	chr16	64677772	64677929	LINE/L2	573	-	78	64677850	9502
chr16	64668348	64868348	harbor1	chr16	64678115	64678250	LINE/L2	573	-	68	64678183	9835
chr16	64668348	64868348	harbor1	chr16	64735314	64735997	LINE/L2	727	-	342	64735656	67308
chr16	13545688	13745688	harbor1	chr16	13550041	13550210	LINE/L2	427	-	84	13550125	4437
chr16	13545688	13745688	harbor1	chr16	13570432	13570535	LINE/L2	453	-	52	13570484	24796
chr16	13545688	13745688	harbor1	chr16	13573546	13573663	LINE/L2	439	-	58	13573604	27916
chr16	13545688	13745688	harbor1	chr16	13614055	13614570	LINE/L2	875	-	258	13614313	68625
chr16	13545688	13745688	harbor1	chr16	13614849	13615063	LINE/L2	875	-	107	13614956	69268
chr16	27884862	28084862	harbor1	chr16	27915517	27915661	LINE/L2	484	-	72	27915589	30727
chr16	27884862	28084862	harbor1	chr16	27952192	27952737	LINE/L2	746	-	272	27952464	67602
chr16	27884862	28084862	harbor1	chr16	27975793	27975909	LINE/L2	653	-	58	27975851	90989
chr17	16615146	16815146	harbor1	chr17	16682278	16682846	LINE/L2	903	-	284	16682562	67416
chr17	28325298	28525298	harbor1	chr17	28332270	28332471	LINE/L2	569	-	100	28332370	7072
chr17	28325298	28525298	harbor1	chr17	28381869	28382464	LINE/L2	544	-	298	28382167	56869
chr17	54213243	54413243	harbor1	chr17	54249631	54252698	LINE/L2	5878	-	1534	54251165	37922
chr17	53704825	53904825	harbor1	chr17	53705620	53706575	LINE/L2	1916	-	478	53706098	1273
chr17	53704825	53904825	harbor1	chr17	53707321	53708228	LINE/L2	1916	-	454	53707775	2950
chr17	53704825	53904825	harbor1	chr17	53708493	53708813	LINE/L2	1916	-	160	53708653	3828
chr17	53704825	53904825	harbor1	chr17	53765834	53766302	LINE/L2	1013	-	234	53766068	61243
chr17	28001894	28201894	harbor1	chr17	28002955	28003738	LINE/L2	2033	-	392	28003347	1453
chr17	28001894	28201894	harbor1	chr17	28004039	28004378	LINE/L2	2033	-	170	28004209	2315
chr17	28001894	28201894	harbor1	chr17	28016162	28016510	LINE/L2	874	-	174	28016336	14442
chr17	28001894	28201894	harbor1	chr17	28023382	28023562	LINE/L2	531	-	90	28023472	21578
chr17	28001894	28201894	harbor1	chr17	28065263	28065685	LINE/L2	502	-	211	28065474	63580
chr17	44697409	44897409	harbor1	chr17	44707372	44708155	LINE/L2	1458	-	392	44707764	10355
chr17	62375578	62575578	harbor1	chr17	62387791	62387923	LINE/L2	620	-	66	62387857	12279
chr17	62375578	62575578	harbor1	chr17	62388222	62388496	LINE/L2	620	-	137	62388359	12781
chr17	62375578	62575578	harbor1	chr17	62464401	62465103	LINE/L2	565	-	351	62464752	89174
chr17	62375578	62575578	harbor1	chr17	62390108	62390444	LINE/L2	776	-	168	62390276	14698
chr17	44119398	44319398	harbor1	chr17	44203344	44204076	LINE/L2	848	-	366	44203710	84312
chr17	18529767	18729767	harbor1	chr17	18542735	18543230	LINE/L2	552	-	248	18542983	13216
chr17	18529767	18729767	harbor1	chr17	18587962	18588291	LINE/L2	572	-	164	18588126	58359
chr17	18529767	18729767	harbor1	chr17	18600133	18601269	LINE/L2	2138	-	568	18600701	70934
chr17	18803951	19003951	harbor1	chr17	18866628	18867072	LINE/L2	574	-	222	18866850	62899
chr17	18803951	19003951	harbor1	chr17	18876486	18876923	LINE/L2	868	-	218	18876704	72753
chr17	66329241	66529241	harbor1	chr17	66328816	66329664	LINE/L2	547	-	424	66329240	1
chr17	50923982	51123982	harbor1	chr17	50935895	50936049	LINE/L2	554	-	77	50935972	11990
chr17	50923982	51123982	harbor1	chr17	50936347	50936450	LINE/L2	554	-	52	50936399	12417
chr17	50923982	51123982	harbor1	chr17	50938982	50939580	LINE/L2	1335	-	299	50939281	15299
chr17	46059641	46259641	harbor1	chr17	46128314	46129098	LINE/L2	821	-	392	46128706	69065
chr17	46059641	46259641	harbor1	chr17	46133758	46134115	LINE/L2	515	-	178	46133936	74295
chr17	46059641	46259641	harbor1	chr17	46134425	46134557	LINE/L2	515	-	66	46134491	74850
chr17	46059641	46259641	harbor1	chr17	46134856	46134949	LINE/L2	515	-	46	46134902	75261
chr17	63774640	63974640	harbor1	chr17	63775287	63775838	LINE/L2	945	-	276	63775563	923
chr17	39948885	40148885	harbor1	chr17	39963950	39964266	LINE/L2	542	-	158	39964108	15223
chr17	39948885	40148885	harbor1	chr17	40017964	40018196	LINE/L2	552	-	116	40018080	69195
chr17	71872766	72072766	harbor1	chr17	71883436	71883719	LINE/L2	612	-	142	71883578	10812
chr17	71872766	72072766	harbor1	chr17	71965265	71965650	LINE/L2	799	-	192	71965457	92691
chr17	71872766	72072766	harbor1	chr17	71969409	71971539	LINE/L2	3959	-	1065	71970474	97708
chr17	71872766	72072766	harbor1	chr17	71971917	71971967	LINE/L2	3959	-	25	71971942	99176
chr17	15828419	16028419	harbor1	chr17	15926192	15926726	LINE/L2	948	-	267	15926459	98040
chr17	64339005	64539005	harbor1	chr17	64368157	64368376	LINE/L2	947	-	110	64368267	29262
chr17	62380581	62580581	harbor1	chr17	62387791	62387923	LINE/L2	620	-	66	62387857	7276
chr17	62380581	62580581	harbor1	chr17	62388222	62388496	LINE/L2	620	-	137	62388359	7778
chr17	62380581	62580581	harbor1	chr17	62464401	62465103	LINE/L2	565	-	351	62464752	84171
chr17	62380581	62580581	harbor1	chr17	62390108	62390444	LINE/L2	776	-	168	62390276	9695
chr17	35080978	35280978	harbor1	chr17	35122736	35123085	LINE/L2	617	-	174	35122910	41932
chr17	1424888	1624888	harbor1	chr17	1456981	1457257	LINE/L2	574	-	138	1457119	32231
chr17	1424888	1624888	harbor1	chr17	1457567	1457619	LINE/L2	574	-	26	1457593	32705
chr17	65239108	65439108	harbor1	chr17	65250413	65251747	LINE/L2	3203	-	667	65251080	11972
chr17	18335767	18535767	harbor1	chr17	18379640	18379777	LINE/L2	485	-	68	18379708	43941
chr17	41609907	41809907	harbor1	chr17	41642899	41643317	LINE/L2	849	-	209	41643108	33201
chr17	41609907	41809907	harbor1	chr17	41668934	41669095	LINE/L2	583	-	80	41669014	59107
chr17	41609907	41809907	harbor1	chr17	41669400	41669631	LINE/L2	583	-	116	41669516	59609
chr17	41609907	41809907	harbor1	chr17	41669644	41670030	LINE/L2	546	-	193	41669837	59930
chr17	38362250	38562250	harbor1	chr17	38397641	38398046	LINE/L2	736	-	202	38397843	35593
chr17	38362250	38562250	harbor1	chr17	38442402	38442805	LINE/L2	649	-	202	38442604	80354
chr17	37824940	38024940	harbor1	chr17	37832082	37832320	LINE/L2	686	-	119	37832201	7261
chr17	37824940	38024940	harbor1	chr17	37846034	37846327	LINE/L2	512	-	146	37846180	21240
chr17	37824940	38024940	harbor1	chr17	37846606	37846663	LINE/L2	512	-	28	37846634	21694
chr17	21309297	21509297	harbor1	chr17	21347627	21347956	LINE/L2	618	-	164	21347791	38494
chr17	21309297	21509297	harbor1	chr17	21353586	21353710	LINE/L2	479	-	62	21353648	44351
chr17	21309297	21509297	harbor1	chr17	21358365	21358763	LINE/L2	484	-	199	21358564	49267
chr17	21309297	21509297	harbor1	chr17	21364178	21364508	LINE/L2	662	-	165	21364343	55046
chr17	45160966	45360966	harbor1	chr17	45168708	45168854	LINE/L2	483	-	73	45168781	7815
chr17	45160966	45360966	harbor1	chr17	45235123	45235488	LINE/L2	732	-	182	45235305	74339
chr17	45160966	45360966	harbor1	chr17	45238025	45238428	LINE/L2	1048	-	202	45238227	77261
chr17	27600363	27800363	harbor1	chr17	27680459	27680587	LINE/L2	600	-	64	27680523	80160
chr17	15867466	16067466	harbor1	chr17	15926192	15926726	LINE/L2	948	-	267	15926459	58993
chr17	15867466	16067466	harbor1	chr17	15928569	15929296	LINE/L2	1202	-	364	15928933	61467
chr17	62318828	62518828	harbor1	chr17	62331493	62331970	LINE/L2	2611	-	238	62331731	12903
chr17	62318828	62518828	harbor1	chr17	62332260	62332489	LINE/L2	2611	-	114	62332374	13546
chr17	62318828	62518828	harbor1	chr17	62333063	62333700	LINE/L2	3019	-	318	62333381	14553
chr17	62318828	62518828	harbor1	chr17	62334142	62334452	LINE/L2	3019	-	155	62334297	15469
chr17	62318828	62518828	harbor1	chr17	62334464	62334747	LINE/L2	986	-	142	62334606	15778
chr17	62318828	62518828	harbor1	chr17	62387791	62387923	LINE/L2	620	-	66	62387857	69029
chr17	62318828	62518828	harbor1	chr17	62388222	62388496	LINE/L2	620	-	137	62388359	69531
chr17	62318828	62518828	harbor1	chr17	62390108	62390444	LINE/L2	776	-	168	62390276	71448
chr17	66906529	67106529	harbor1	chr17	66950316	66951156	LINE/L2	570	-	420	66950736	44207
chr17	67652128	67852128	harbor1	chr17	67711930	67712198	LINE/L2	548	-	134	67712064	59936
chr17	51648157	51848157	harbor1	chr17	51709163	51709480	LINE/L2	773	-	158	51709321	61164
chr17	51648157	51848157	harbor1	chr17	51709624	51709774	LINE/L2	773	-	75	51709699	61542
chr17	68287479	68487479	harbor1	chr17	68328938	68329319	LINE/L2	480	-	190	68329128	41649
chr17	68287479	68487479	harbor1	chr17	68330410	68330649	LINE/L2	596	-	120	68330530	43051
chr17	68287479	68487479	harbor1	chr17	68336520	68336570	LINE/L2	532	-	25	68336545	49066
chr17	68287479	68487479	harbor1	chr17	68336902	68337539	LINE/L2	532	-	318	68337220	49741
chr17	36508762	36708762	harbor1	chr17	36557494	36557831	LINE/L2	1109	-	168	36557662	48900
chr17	36508762	36708762	harbor1	chr17	36558439	36558460	LINE/L2	1109	-	10	36558449	49687
chr17	36508762	36708762	harbor1	chr17	36558755	36559017	LINE/L2	1109	-	131	36558886	50124
chr17	36508762	36708762	harbor1	chr17	36559325	36559466	LINE/L2	1109	-	70	36559395	50633
chr17	36508762	36708762	harbor1	chr17	36559494	36559805	LINE/L2	916	-	156	36559650	50888
chr17	36508762	36708762	harbor1	chr17	36565046	36565278	LINE/L2	518	-	116	36565162	56400
chr17	70075526	70275526	harbor1	chr17	70076967	70077195	LINE/L2	819	-	114	70077081	1555
chr17	70075526	70275526	harbor1	chr17	70147332	70147523	LINE/L2	1136	-	96	70147428	71902
chr17	70075526	70275526	harbor1	chr17	70147592	70147759	LINE/L2	1136	-	84	70147676	72150
chr17	70075526	70275526	harbor1	chr17	70148206	70148934	LINE/L2	1136	-	364	70148570	73044
chr17	288031	488031	harbor1	chr17	358302	358571	LINE/L2	628	-	134	358436	70405
chr17	48138606	48338606	harbor1	chr17	48236175	48236368	LINE/L2	621	-	96	48236271	97665
chr17	48138606	48338606	harbor1	chr17	48237489	48237915	LINE/L2	561	-	213	48237702	99096
chr17	50144722	50344722	harbor1	chr17	50205109	50205690	LINE/L2	772	-	290	50205399	60677
chr17	50144722	50344722	harbor1	chr17	50207587	50208356	LINE/L2	488	-	384	50207971	63249
chr17	59324528	59524528	harbor1	chr17	59328008	59328288	LINE/L2	886	-	140	59328148	3620
chr17	59324528	59524528	harbor1	chr17	59328577	59329021	LINE/L2	886	-	222	59328799	4271
chr17	59324528	59524528	harbor1	chr17	59385852	59386040	LINE/L2	642	-	94	59385946	61418
chr17	59324528	59524528	harbor1	chr17	59386355	59386626	LINE/L2	642	-	136	59386491	61963
chr17	59324528	59524528	harbor1	chr17	59396240	59396548	LINE/L2	1102	-	154	59396394	71866
chr17	59324528	59524528	harbor1	chr17	59414444	59414466	LINE/L2	593	-	11	59414455	89927
chr17	59324528	59524528	harbor1	chr17	59414778	59415044	LINE/L2	593	-	133	59414911	90383
chr17	18990903	19190903	harbor1	chr17	19011017	19011426	LINE/L2	684	-	204	19011221	20318
chr17	18990903	19190903	harbor1	chr17	19018939	19019331	LINE/L2	523	-	196	19019135	28232
chr17	18990903	19190903	harbor1	chr17	19044407	19044849	LINE/L2	916	-	221	19044628	53725
chr17	36605441	36805441	harbor1	chr17	36618273	36618628	LINE/L2	645	-	178	36618451	13010
chr17	28390360	28590360	harbor1	chr17	28484300	28484806	LINE/L2	622	-	253	28484553	94193
chr17	40877374	41077374	harbor1	chr17	40903763	40903928	LINE/L2	549	-	82	40903845	26471
chr17	4473631	4673631	harbor1	chr17	4486677	4486891	LINE/L2	1372	-	107	4486784	13153
chr17	4473631	4673631	harbor1	chr17	4487192	4487728	LINE/L2	1420	-	268	4487460	13829
chr17	4473631	4673631	harbor1	chr17	4493106	4493378	LINE/L2	673	-	136	4493242	19611
chr17	4473631	4673631	harbor1	chr17	4556120	4556506	LINE/L2	558	-	193	4556313	82682
chr17	9545139	9745139	harbor1	chr17	9569169	9569353	LINE/L2	630	-	92	9569261	24122
chr17	9545139	9745139	harbor1	chr17	9609148	9609394	LINE/L2	778	-	123	9609271	64132
chr17	9545139	9745139	harbor1	chr17	9631455	9631769	LINE/L2	976	-	157	9631612	86473
chr17	9545139	9745139	harbor1	chr17	9632388	9632734	LINE/L2	976	-	173	9632561	87422
chr17	6028992	6228992	harbor1	chr17	6038099	6038449	LINE/L2	1651	-	175	6038274	9282
chr17	6028992	6228992	harbor1	chr17	6038740	6039096	LINE/L2	1651	-	178	6038918	9926
chr17	6028992	6228992	harbor1	chr17	6052278	6052713	LINE/L2	685	-	218	6052496	23504
chr17	6028992	6228992	harbor1	chr17	6052997	6053113	LINE/L2	685	-	58	6053055	24063
chr17	6028992	6228992	harbor1	chr17	6078604	6078858	LINE/L2	572	-	127	6078731	49739
chr17	6028992	6228992	harbor1	chr17	6106048	6106246	LINE/L2	774	-	99	6106147	77155
chr17	6028992	6228992	harbor1	chr17	6106700	6106950	LINE/L2	827	-	125	6106825	77833
chr17	6028992	6228992	harbor1	chr17	6078178	6078515	LINE/L2	651	-	168	6078346	49354
chr17	31913259	32113259	harbor1	chr17	31976822	31977074	LINE/L2	582	-	126	31976948	63689
chr17	31913259	32113259	harbor1	chr17	31987130	31987420	LINE/L2	509	-	145	31987275	74016
chr17	63994936	64194936	harbor1	chr17	64005782	64006100	LINE/L2	672	-	159	64005941	11005
chr17	33455197	33655197	harbor1	chr17	33461923	33462168	LINE/L2	557	-	122	33462045	6848
chr17	33455197	33655197	harbor1	chr17	33480130	33480559	LINE/L2	572	-	214	33480344	25147
chr17	49314948	49514948	harbor1	chr17	49338612	49338936	LINE/L2	521	-	162	49338774	23826
chr17	56704203	56904203	harbor1	chr17	56718267	56719360	LINE/L2	874	-	546	56718813	14610
chr17	56704203	56904203	harbor1	chr17	56719460	56719857	LINE/L2	874	-	198	56719658	15455
chr17	56704203	56904203	harbor1	chr17	56767400	56767932	LINE/L2	709	-	266	56767666	63463
chr17	13672687	13872687	harbor1	chr17	13725349	13725716	LINE/L2	735	-	184	13725533	52846
chr17	13672687	13872687	harbor1	chr17	13765573	13766176	LINE/L2	748	-	302	13765875	93188
chr17	76257157	76457157	harbor1	chr17	76347522	76347916	LINE/L2	630	-	197	76347719	90562
chr17	1366461	1566461	harbor1	chr17	1414504	1415002	LINE/L2	733	-	249	1414753	48292
chr17	1366461	1566461	harbor1	chr17	1415925	1415993	LINE/L2	733	-	34	1415959	49498
chr17	1366461	1566461	harbor1	chr17	1456981	1457257	LINE/L2	574	-	138	1457119	90658
chr17	1366461	1566461	harbor1	chr17	1457567	1457619	LINE/L2	574	-	26	1457593	91132
chr17	50448896	50648896	harbor1	chr17	50529538	50529739	LINE/L2	522	-	100	50529638	80742
chr17	22067008	22267008	harbor1	chr17	22140818	22141770	LINE/L2	1250	-	476	22141294	74286
chr17	80386460	80586460	harbor1	chr17	80453963	80454450	LINE/L2	971	-	244	80454207	67747
chr17	63920891	64120891	harbor1	chr17	63980122	63980301	LINE/L2	653	-	90	63980212	59321
chr17	63920891	64120891	harbor1	chr17	64005782	64006100	LINE/L2	672	-	159	64005941	85050
chr17	71804052	72004052	harbor1	chr17	71883436	71883719	LINE/L2	612	-	142	71883578	79526
chr17	31519438	31719438	harbor1	chr17	31607160	31607183	LINE/L2	686	-	12	31607172	87734
chr17	31519438	31719438	harbor1	chr17	31607458	31607799	LINE/L2	686	-	170	31607628	88190
chr17	31519438	31719438	harbor1	chr17	31608103	31608116	LINE/L2	686	-	6	31608109	88671
chr17	31519438	31719438	harbor1	chr17	31609102	31609314	LINE/L2	687	-	106	31609208	89770
chr17	66588735	66788735	harbor1	chr17	66623544	66623906	LINE/L2	559	-	181	66623725	34990
chr17	77654730	77854730	harbor1	chr17	77679987	77680258	LINE/L2	489	-	136	77680123	25393
chr17	62239078	62439078	harbor1	chr17	62309202	62309613	LINE/L2	491	-	206	62309408	70330
chr17	62239078	62439078	harbor1	chr17	62315642	62315733	LINE/L2	541	-	46	62315688	76610
chr17	62239078	62439078	harbor1	chr17	62316203	62316329	LINE/L2	541	-	63	62316266	77188
chr17	62239078	62439078	harbor1	chr17	62316656	62317077	LINE/L2	541	-	210	62316866	77788
chr17	62239078	62439078	harbor1	chr17	62331493	62331970	LINE/L2	2611	-	238	62331731	92653
chr17	62239078	62439078	harbor1	chr17	62332260	62332489	LINE/L2	2611	-	114	62332374	93296
chr17	62239078	62439078	harbor1	chr17	62333063	62333700	LINE/L2	3019	-	318	62333381	94303
chr17	62239078	62439078	harbor1	chr17	62334142	62334452	LINE/L2	3019	-	155	62334297	95219
chr17	62239078	62439078	harbor1	chr17	62334464	62334747	LINE/L2	986	-	142	62334606	95528
chr17	51897855	52097855	harbor1	chr17	51936158	51936742	LINE/L2	587	-	292	51936450	38595
chr17	15386660	15586660	harbor1	chr17	15421569	15421662	LINE/L2	723	-	46	15421615	34955
chr17	15386660	15586660	harbor1	chr17	15421962	15422011	LINE/L2	723	-	24	15421986	35326
chr17	15386660	15586660	harbor1	chr17	15422317	15422745	LINE/L2	723	-	214	15422531	35871
chr17	15386660	15586660	harbor1	chr17	15484140	15485038	LINE/L2	1875	-	449	15484589	97929
chr17	5232216	5432216	harbor1	chr17	5286668	5287329	LINE/L2	1489	-	330	5286998	54782
chr17	5232216	5432216	harbor1	chr17	5287624	5287637	LINE/L2	1302	-	6	5287630	55414
chr17	5232216	5432216	harbor1	chr17	5287922	5288134	LINE/L2	1302	-	106	5288028	55812
chr17	14988060	15188060	harbor1	chr17	15005853	15006272	LINE/L2	1090	-	210	15006063	18003
chr17	14988060	15188060	harbor1	chr17	15018877	15019114	LINE/L2	644	-	118	15018995	30935
chr17	14988060	15188060	harbor1	chr17	15078948	15079475	LINE/L2	678	-	264	15079212	91152
chr17	14988060	15188060	harbor1	chr17	15079920	15080608	LINE/L2	678	-	344	15080264	92204
chr17	60064482	60264482	harbor1	chr17	60077024	60077413	LINE/L2	597	-	194	60077218	12736
chr17	60001909	60201909	harbor1	chr17	60077024	60077413	LINE/L2	597	-	194	60077218	75309
chr17	80441794	80641794	harbor1	chr17	80453963	80454450	LINE/L2	971	-	244	80454207	12413
chr17	8260718	8460718	harbor1	chr17	8276198	8276440	LINE/L2	545	-	121	8276319	15601
chr17	8260718	8460718	harbor1	chr17	8276497	8276796	LINE/L2	849	-	150	8276647	15929
chr17	8260718	8460718	harbor1	chr17	8277078	8277357	LINE/L2	849	-	140	8277218	16500
chr17	8260718	8460718	harbor1	chr17	8320087	8320653	LINE/L2	1437	-	283	8320370	59652
chr17	8260718	8460718	harbor1	chr17	8323174	8323343	LINE/L2	623	-	84	8323258	62540
chr17	70012207	70212207	harbor1	chr17	70034604	70035133	LINE/L2	544	-	264	70034868	22661
chr17	70012207	70212207	harbor1	chr17	70076967	70077195	LINE/L2	819	-	114	70077081	64874
chr17	70508440	70708440	harbor1	chr17	70525959	70526283	LINE/L2	503	-	162	70526121	17681
chr17	70508440	70708440	harbor1	chr17	70603786	70604307	LINE/L2	769	-	260	70604046	95606
chr17	31109216	31309216	harbor1	chr17	31145705	31146011	LINE/L2	576	-	153	31145858	36642
chr17	1695377	1895377	harbor1	chr17	1753723	1754009	LINE/L2	556	-	143	1753866	58489
chr17	1695377	1895377	harbor1	chr17	1757232	1757569	LINE/L2	553	-	168	1757400	62023
chr17	4834158	5034158	harbor1	chr17	4929483	4929749	LINE/L2	555	-	133	4929616	95458
chr17	4834158	5034158	harbor1	chr17	4930050	4930204	LINE/L2	555	-	77	4930127	95969
chr17	4834158	5034158	harbor1	chr17	4932057	4932084	LINE/L2	483	-	14	4932071	97913
chr17	4834158	5034158	harbor1	chr17	4931364	4931761	LINE/L2	483	-	198	4931562	97404
chr17	41509090	41709090	harbor1	chr17	41537221	41537947	LINE/L2	726	-	363	41537584	28494
chr17	41509090	41709090	harbor1	chr17	41577327	41577690	LINE/L2	590	-	182	41577509	68419
chr17	74907816	75107816	harbor1	chr17	74998533	74998778	LINE/L2	548	-	122	74998655	90839
chr17	68469331	68669331	harbor1	chr17	68487851	68488323	LINE/L2	721	-	236	68488087	18756
chr17	29223231	29423231	harbor1	chr17	29229850	29230496	LINE/L2	531	-	323	29230173	6942
chr17	56314698	56514698	harbor1	chr17	56323751	56324206	LINE/L2	801	-	228	56323979	9281
chr17	56314698	56514698	harbor1	chr17	56354446	56354659	LINE/L2	726	-	106	56354552	39854
chr17	56314698	56514698	harbor1	chr17	56355258	56355775	LINE/L2	1089	-	258	56355516	40818
chr17	56314698	56514698	harbor1	chr17	56356074	56356107	LINE/L2	1089	-	16	56356090	41392
chr17	56314698	56514698	harbor1	chr17	56391919	56392040	LINE/L2	497	-	60	56391979	77281
chr17	17337177	17537177	harbor1	chr17	17419802	17420500	LINE/L2	1480	-	349	17420151	82974
chr17	66298211	66498211	harbor1	chr17	66298990	66299273	LINE/L2	637	-	142	66299132	921
chr17	66298211	66498211	harbor1	chr17	66328374	66328515	LINE/L2	547	-	70	66328444	30233
chr17	66298211	66498211	harbor1	chr17	66328816	66329664	LINE/L2	547	-	424	66329240	31029
chr17	35492876	35692876	harbor1	chr17	35533320	35533644	LINE/L2	766	-	162	35533482	40606
chr17	35492876	35692876	harbor1	chr17	35533681	35533798	LINE/L2	509	-	58	35533739	40863
chr17	35492876	35692876	harbor1	chr17	35534375	35534597	LINE/L2	509	-	111	35534486	41610
chr17	35492876	35692876	harbor1	chr17	35580915	35581233	LINE/L2	492	-	159	35581074	88198
chr17	67537581	67737581	harbor1	chr17	67586804	67587204	LINE/L2	817	-	200	67587004	49423
chr17	67537581	67737581	harbor1	chr17	67587513	67587555	LINE/L2	817	-	21	67587534	49953
chr17	67537581	67737581	harbor1	chr17	67635107	67635838	LINE/L2	1234	-	366	67635473	97892
chr17	67537581	67737581	harbor1	chr17	67636352	67636376	LINE/L2	1234	-	12	67636364	98783
chr17	44894203	45094203	harbor1	chr17	44974649	44974874	LINE/L2	481	-	112	44974761	80558
chr17	44894203	45094203	harbor1	chr17	44973931	44974337	LINE/L2	481	-	203	44974134	79931
chr17	37827468	38027468	harbor1	chr17	37832082	37832320	LINE/L2	686	-	119	37832201	4733
chr17	37827468	38027468	harbor1	chr17	37846034	37846327	LINE/L2	512	-	146	37846180	18712
chr17	37827468	38027468	harbor1	chr17	37846606	37846663	LINE/L2	512	-	28	37846634	19166
chr17	62665157	62865157	harbor1	chr17	62667709	62668065	LINE/L2	709	-	178	62667887	2730
chr17	62665157	62865157	harbor1	chr17	62694241	62694721	LINE/L2	527	-	240	62694481	29324
chr17	41266533	41466533	harbor1	chr17	41322932	41323155	LINE/L2	517	-	112	41323044	56511
chr17	41266533	41466533	harbor1	chr17	41333216	41333757	LINE/L2	513	-	270	41333486	66953
chr17	55134541	55334541	harbor1	chr17	55141768	55141927	LINE/L2	502	-	80	55141848	7307
chr17	74981108	75181108	harbor1	chr17	74998533	74998778	LINE/L2	548	-	122	74998655	17547
chr17	74981108	75181108	harbor1	chr17	75013418	75014170	LINE/L2	922	-	376	75013794	32686
chr17	74981108	75181108	harbor1	chr17	75014823	75015204	LINE/L2	600	-	190	75015013	33905
chr17	74981108	75181108	harbor1	chr17	75015502	75015738	LINE/L2	600	-	118	75015620	34512
chr17	50978138	51178138	harbor1	chr17	51038178	51038599	LINE/L2	983	-	210	51038388	60250
chr17	50978138	51178138	harbor1	chr17	51040544	51040776	LINE/L2	572	-	116	51040660	62522
chr17	15442413	15642413	harbor1	chr17	15484140	15485038	LINE/L2	1875	-	449	15484589	42176
chr17	75164071	75364071	harbor1	chr17	75219574	75220030	LINE/L2	628	-	228	75219802	55731
chr17	75164071	75364071	harbor1	chr17	75221687	75222035	LINE/L2	973	-	174	75221861	57790
chr17	75164071	75364071	harbor1	chr17	75222345	75222480	LINE/L2	879	-	68	75222413	58342
chr17	53552486	53752486	harbor1	chr17	53555360	53555854	LINE/L2	507	-	247	53555607	3121
chr17	53552486	53752486	harbor1	chr17	53582383	53583099	LINE/L2	1016	-	358	53582741	30255
chr17	70923628	71123628	harbor1	chr17	70959528	70959966	LINE/L2	860	-	219	70959747	36119
chr17	70923628	71123628	harbor1	chr17	70960182	70960549	LINE/L2	745	-	184	70960366	36738
chr17	70923628	71123628	harbor1	chr17	70958709	70959208	LINE/L2	902	-	250	70958959	35331
chr17	68842126	69042126	harbor1	chr17	68856903	68857274	LINE/L2	810	-	186	68857089	14963
chr17	68842126	69042126	harbor1	chr17	68888522	68889020	LINE/L2	605	-	249	68888771	46645
chr17	68842126	69042126	harbor1	chr17	68908362	68908555	LINE/L2	522	-	96	68908458	66332
chr17	19155229	19355229	harbor1	chr17	19217265	19217611	LINE/L2	543	-	173	19217438	62209
chr17	19155229	19355229	harbor1	chr17	19220318	19220642	LINE/L2	610	-	162	19220480	65251
chr17	48588965	48788965	harbor1	chr17	48668115	48668464	LINE/L2	904	-	174	48668289	79324
chr17	40838357	41038357	harbor1	chr17	40851195	40851577	LINE/L2	506	-	191	40851386	13029
chr17	40838357	41038357	harbor1	chr17	40903763	40903928	LINE/L2	549	-	82	40903845	65488
chr17	40838357	41038357	harbor1	chr17	40844293	40845457	LINE/L2	843	-	582	40844875	6518
chr17	41546946	41746946	harbor1	chr17	41577327	41577690	LINE/L2	590	-	182	41577509	30563
chr17	41546946	41746946	harbor1	chr17	41642899	41643317	LINE/L2	849	-	209	41643108	96162
chr17	46051927	46251927	harbor1	chr17	46128314	46129098	LINE/L2	821	-	392	46128706	76779
chr17	46051927	46251927	harbor1	chr17	46133758	46134115	LINE/L2	515	-	178	46133936	82009
chr17	46051927	46251927	harbor1	chr17	46134425	46134557	LINE/L2	515	-	66	46134491	82564
chr17	46051927	46251927	harbor1	chr17	46134856	46134949	LINE/L2	515	-	46	46134902	82975
chr17	69439185	69639185	harbor1	chr17	69526798	69527226	LINE/L2	633	-	214	69527012	87827
chr17	67032577	67232577	harbor1	chr17	67126975	67127098	LINE/L2	503	-	62	67127037	94460
chr17	70747224	70947224	harbor1	chr17	70840429	70840943	LINE/L2	527	-	257	70840686	93462
chr17	76113394	76313394	harbor1	chr17	76211884	76212081	LINE/L2	675	-	98	76211982	98588
chr17	69260842	69460842	harbor1	chr17	69334211	69334524	LINE/L2	515	-	156	69334367	73525
chr17	69260842	69460842	harbor1	chr17	69358478	69358561	LINE/L2	480	-	42	69358520	97678
chr17	69260842	69460842	harbor1	chr17	69358606	69358707	LINE/L2	480	-	50	69358656	97814
chr17	56374425	56574425	harbor1	chr17	56391919	56392040	LINE/L2	497	-	60	56391979	17554
chr17	56374425	56574425	harbor1	chr17	56429036	56429352	LINE/L2	535	-	158	56429194	54769
chr17	56374425	56574425	harbor1	chr17	56429616	56429900	LINE/L2	535	-	142	56429758	55333
chr17	56374425	56574425	harbor1	chr17	56430683	56431167	LINE/L2	660	-	242	56430925	56500
chr17	56374425	56574425	harbor1	chr17	56472547	56472913	LINE/L2	669	-	183	56472730	98305
chr17	32560258	32760258	harbor1	chr17	32564556	32564703	LINE/L2	504	-	74	32564630	4372
chr17	32560258	32760258	harbor1	chr17	32566136	32566608	LINE/L2	531	-	236	32566372	6114
chr17	32560258	32760258	harbor1	chr17	32595665	32595952	LINE/L2	828	-	144	32595809	35551
chr17	32560258	32760258	harbor1	chr17	32622342	32622667	LINE/L2	607	-	162	32622504	62246
chr17	32560258	32760258	harbor1	chr17	32655223	32656023	LINE/L2	1478	-	400	32655623	95365
chr17	57085617	57285617	harbor1	chr17	57142840	57142950	LINE/L2	500	-	55	57142895	57278
chr17	57085617	57285617	harbor1	chr17	57152628	57152754	LINE/L2	617	-	63	57152691	67074
chr17	57085617	57285617	harbor1	chr17	57152899	57153153	LINE/L2	617	-	127	57153026	67409
chr17	57085617	57285617	harbor1	chr17	57164309	57164334	LINE/L2	593	-	12	57164321	78704
chr17	57085617	57285617	harbor1	chr17	57164647	57165048	LINE/L2	593	-	200	57164847	79230
chr17	57085617	57285617	harbor1	chr17	57165351	57165402	LINE/L2	593	-	26	57165377	79760
chr17	56619858	56819858	harbor1	chr17	56718267	56719360	LINE/L2	874	-	546	56718813	98955
chr17	56619858	56819858	harbor1	chr17	56719460	56719857	LINE/L2	874	-	198	56719658	99800
chr17	31089625	31289625	harbor1	chr17	31145705	31146011	LINE/L2	576	-	153	31145858	56233
chr17	48814031	49014031	harbor1	chr17	48879206	48879622	LINE/L2	755	-	208	48879414	65383
chr17	48814031	49014031	harbor1	chr17	48884216	48884488	LINE/L2	717	-	136	48884352	70321
chr17	59677740	59877740	harbor1	chr17	59712657	59713210	LINE/L2	1162	-	276	59712933	35193
chr17	59677740	59877740	harbor1	chr17	59713406	59713547	LINE/L2	1162	-	70	59713476	35736
chr17	29912854	30112854	harbor1	chr17	29921872	29922305	LINE/L2	1129	-	216	29922088	9234
chr17	59347672	59547672	harbor1	chr17	59385852	59386040	LINE/L2	642	-	94	59385946	38274
chr17	59347672	59547672	harbor1	chr17	59386355	59386626	LINE/L2	642	-	136	59386491	38819
chr17	59347672	59547672	harbor1	chr17	59396240	59396548	LINE/L2	1102	-	154	59396394	48722
chr17	59347672	59547672	harbor1	chr17	59414444	59414466	LINE/L2	593	-	11	59414455	66783
chr17	59347672	59547672	harbor1	chr17	59414778	59415044	LINE/L2	593	-	133	59414911	67239
chr17	59347672	59547672	harbor1	chr17	59431639	59432248	LINE/L2	894	-	304	59431943	84271
chr17	59347672	59547672	harbor1	chr17	59432572	59433046	LINE/L2	894	-	237	59432809	85137
chr17	59347672	59547672	harbor1	chr17	59434225	59434627	LINE/L2	497	-	201	59434426	86754
chr17	65644230	65844230	harbor1	chr17	65690022	65690142	LINE/L2	898	-	60	65690082	45852
chr17	65644230	65844230	harbor1	chr17	65690449	65691251	LINE/L2	898	-	401	65690850	46620
chr17	65644230	65844230	harbor1	chr17	65735899	65736673	LINE/L2	821	-	387	65736286	92056
chr17	64615714	64815714	harbor1	chr17	64702760	64702950	LINE/L2	644	-	95	64702855	87141
chr17	64615714	64815714	harbor1	chr17	64703107	64703348	LINE/L2	595	-	120	64703227	87513
chr17	34714794	34914794	harbor1	chr17	34720354	34720870	LINE/L2	500	-	258	34720612	5818
chr17	34714794	34914794	harbor1	chr17	34741616	34741929	LINE/L2	589	-	156	34741772	26978
chr17	34714794	34914794	harbor1	chr17	34755183	34755462	LINE/L2	552	-	140	34755323	40529
chr17	62556837	62756837	harbor1	chr17	62610307	62610841	LINE/L2	721	-	267	62610574	53737
chr17	4311366	4511366	harbor1	chr17	4370721	4370870	LINE/L2	589	-	74	4370795	59429
chr17	4311366	4511366	harbor1	chr17	4371139	4371167	LINE/L2	589	-	14	4371153	59787
chr17	4311366	4511366	harbor1	chr17	4371769	4371984	LINE/L2	589	-	108	4371877	60511
chr17	4311366	4511366	harbor1	chr17	4372237	4372418	LINE/L2	606	-	90	4372327	60961
chr17	4311366	4511366	harbor1	chr17	4372723	4372734	LINE/L2	606	-	6	4372729	61363
chr17	4311366	4511366	harbor1	chr17	4373316	4373363	LINE/L2	606	-	24	4373340	61974
chr17	4311366	4511366	harbor1	chr17	4373500	4373932	LINE/L2	606	-	216	4373716	62350
chr17	4311366	4511366	harbor1	chr17	4374864	4375196	LINE/L2	826	-	166	4375030	63664
chr17	4311366	4511366	harbor1	chr17	4375210	4375894	LINE/L2	1447	-	342	4375552	64186
chr17	7556832	7756832	harbor1	chr17	7567535	7568029	LINE/L2	546	-	247	7567782	10950
chr17	7556832	7756832	harbor1	chr17	7633390	7633605	LINE/L2	478	-	108	7633498	76666
chr17	7556832	7756832	harbor1	chr17	7635699	7635766	LINE/L2	537	-	34	7635733	78901
chr17	7556832	7756832	harbor1	chr17	7636022	7636290	LINE/L2	537	-	134	7636156	79324
chr17	12561571	12761571	harbor1	chr17	12590808	12591080	LINE/L2	539	-	136	12590944	29373
chr17	12561571	12761571	harbor1	chr17	12591189	12591435	LINE/L2	539	-	123	12591312	29741
chr17	12561571	12761571	harbor1	chr17	12650364	12650594	LINE/L2	567	-	115	12650479	88908
chr17	60332500	60532500	harbor1	chr17	60383410	60384203	LINE/L2	637	-	396	60383806	51306
chr17	60332500	60532500	harbor1	chr17	60399141	60399372	LINE/L2	1002	-	116	60399257	66757
chr17	60332500	60532500	harbor1	chr17	60399686	60399972	LINE/L2	1843	-	143	60399829	67329
chr17	60332500	60532500	harbor1	chr17	60400265	60400736	LINE/L2	1843	-	236	60400501	68001
chr17	16410744	16610744	harbor1	chr17	16414388	16414502	LINE/L2	533	-	57	16414445	3701
chr17	16410744	16610744	harbor1	chr17	16414806	16414943	LINE/L2	533	-	68	16414874	4130
chr17	16410744	16610744	harbor1	chr17	16429316	16429782	LINE/L2	1012	-	233	16429549	18805
chr17	16410744	16610744	harbor1	chr17	16446210	16446581	LINE/L2	789	-	186	16446396	35652
chr17	51463380	51663380	harbor1	chr17	51492339	51492737	LINE/L2	916	-	199	51492538	29158
chr17	51463380	51663380	harbor1	chr17	51557186	51557460	LINE/L2	594	-	137	51557323	93943
chr17	47784906	47984906	harbor1	chr17	47839032	47839320	LINE/L2	516	-	144	47839176	54270
chr17	40673173	40873173	harbor1	chr17	40745668	40746188	LINE/L2	1182	-	260	40745928	72755
chr17	2470299	2670299	harbor1	chr17	2475983	2476594	LINE/L2	647	-	306	2476289	5990
chr17	2470299	2670299	harbor1	chr17	2485668	2486176	LINE/L2	517	-	254	2485922	15623
chr17	2470299	2670299	harbor1	chr17	2556494	2556645	LINE/L2	518	-	76	2556570	86271
chr17	2470299	2670299	harbor1	chr17	2558235	2558525	LINE/L2	503	-	145	2558380	88081
chr17	47565416	47765416	harbor1	chr17	47565528	47565545	LINE/L2	484	-	8	47565536	120
chr17	47565416	47765416	harbor1	chr17	47565834	47565952	LINE/L2	484	-	59	47565893	477
chr17	47565416	47765416	harbor1	chr17	47606745	47606913	LINE/L2	1102	-	84	47606829	41413
chr17	47565416	47765416	harbor1	chr17	47607211	47607847	LINE/L2	1325	-	318	47607529	42113
chr17	47565416	47765416	harbor1	chr17	47608141	47608172	LINE/L2	1325	-	16	47608157	42741
chr17	47565416	47765416	harbor1	chr17	47608475	47608494	LINE/L2	1325	-	10	47608485	43069
chr17	47565416	47765416	harbor1	chr17	47608625	47609332	LINE/L2	1325	-	354	47608979	43563
chr17	47565416	47765416	harbor1	chr17	47619907	47619950	LINE/L2	492	-	22	47619929	54513
chr17	47565416	47765416	harbor1	chr17	47620237	47620563	LINE/L2	492	-	163	47620400	54984
chr17	47565416	47765416	harbor1	chr17	47631001	47631322	LINE/L2	675	-	160	47631161	65745
chr17	68677269	68877269	harbor1	chr17	68680165	68680226	LINE/L2	1469	-	30	68680195	2926
chr17	68677269	68877269	harbor1	chr17	68680519	68680818	LINE/L2	1469	-	150	68680669	3400
chr17	68677269	68877269	harbor1	chr17	68681119	68681611	LINE/L2	1469	-	246	68681365	4096
chr17	68677269	68877269	harbor1	chr17	68711271	68711862	LINE/L2	728	-	296	68711567	34298
chr17	68677269	68877269	harbor1	chr17	68748313	68748630	LINE/L2	676	-	158	68748471	71202
chr17	68677269	68877269	harbor1	chr17	68764965	68765313	LINE/L2	1073	-	174	68765139	87870
chr17	68677269	68877269	harbor1	chr17	68765342	68765491	LINE/L2	1145	-	74	68765416	88147
chr17	68677269	68877269	harbor1	chr17	68765796	68766088	LINE/L2	1145	-	146	68765942	88673
chr17	40734398	40934398	harbor1	chr17	40745668	40746188	LINE/L2	1182	-	260	40745928	11530
chr17	40734398	40934398	harbor1	chr17	40804455	40805184	LINE/L2	533	-	364	40804819	70421
chr17	13117122	13317122	harbor1	chr17	13186891	13187503	LINE/L2	663	-	306	13187197	70075
chr17	13117122	13317122	harbor1	chr17	13190019	13191107	LINE/L2	1299	-	544	13190563	73441
chr17	9659677	9859677	harbor1	chr17	9669476	9670039	LINE/L2	699	-	282	9669758	10081
chr17	9659677	9859677	harbor1	chr17	9670339	9670511	LINE/L2	601	-	86	9670425	10748
chr17	9659677	9859677	harbor1	chr17	9707792	9708563	LINE/L2	881	-	386	9708178	48501
chr17	9659677	9859677	harbor1	chr17	9712330	9712785	LINE/L2	1091	-	228	9712558	52881
chr17	9659677	9859677	harbor1	chr17	9712816	9712847	LINE/L2	1091	-	16	9712832	53155
chr17	9659677	9859677	harbor1	chr17	9713490	9713904	LINE/L2	1091	-	207	9713697	54020
chr17	9659677	9859677	harbor1	chr17	9714305	9714399	LINE/L2	891	-	47	9714352	54675
chr17	9659677	9859677	harbor1	chr17	9714702	9715034	LINE/L2	891	-	166	9714868	55191
chr17	65572253	65772253	harbor1	chr17	65611707	65612017	LINE/L2	502	-	155	65611862	39609
chr18	12920129	13120129	harbor1	chr18	12994049	12994361	LINE/L2	563	-	156	12994205	74076
chr18	12920129	13120129	harbor1	chr18	12995517	12997203	LINE/L2	2407	-	843	12996360	76231
chr18	12920129	13120129	harbor1	chr18	13002929	13003170	LINE/L2	581	-	120	13003049	82920
chr18	12920129	13120129	harbor1	chr18	13003476	13003631	LINE/L2	581	-	78	13003554	83425
chr18	12920129	13120129	harbor1	chr18	13003879	13005061	LINE/L2	2596	-	591	13004470	84341
chr18	12920129	13120129	harbor1	chr18	13005074	13005620	LINE/L2	1136	-	273	13005347	85218
chr18	29311900	29511900	harbor1	chr18	29333098	29333534	LINE/L2	789	-	218	29333316	21416
chr18	29311900	29511900	harbor1	chr18	29333504	29335087	LINE/L2	1960	-	792	29334296	22396
chr18	29311900	29511900	harbor1	chr18	29335485	29335678	LINE/L2	441	-	96	29335581	23681
chr18	29311900	29511900	harbor1	chr18	29393273	29393961	LINE/L2	612	-	344	29393617	81717
chr18	38869184	39069184	harbor1	chr18	38912021	38912327	LINE/L2	441	-	153	38912174	42990
chr18	38869184	39069184	harbor1	chr18	38927772	38927917	LINE/L2	428	-	72	38927844	58660
chr18	26390349	26590349	harbor1	chr18	26471796	26472235	LINE/L2	546	-	220	26472016	81667
chr18	66800942	67000942	harbor1	chr18	66866943	66867319	LINE/L2	526	-	188	66867131	66189
chr18	33053002	33253002	harbor1	chr18	33073684	33074165	LINE/L2	444	-	240	33073924	20922
chr18	33053002	33253002	harbor1	chr18	33074496	33075185	LINE/L2	1066	-	344	33074840	21838
chr18	78021010	78221010	harbor1	chr18	78038559	78038989	LINE/L2	592	-	215	78038774	17764
chr18	11266757	11466757	harbor1	chr18	11321589	11321907	LINE/L2	585	-	159	11321748	54991
chr18	74230086	74430086	harbor1	chr18	74279839	74280201	LINE/L2	1098	-	181	74280020	49934
chr18	74230086	74430086	harbor1	chr18	74280905	74281741	LINE/L2	1436	-	418	74281323	51237
chr18	74230086	74430086	harbor1	chr18	74282598	74282919	LINE/L2	578	-	160	74282758	52672
chr18	74101275	74301275	harbor1	chr18	74119358	74119782	LINE/L2	505	-	212	74119570	18295
chr18	65962324	66162324	harbor1	chr18	66023317	66023950	LINE/L2	1324	-	316	66023633	61309
chr18	38819398	39019398	harbor1	chr18	38912021	38912327	LINE/L2	441	-	153	38912174	92776
chr18	32445372	32645372	harbor1	chr18	32526036	32526166	LINE/L2	494	-	65	32526101	80729
chr18	32445372	32645372	harbor1	chr18	32526222	32526433	LINE/L2	494	-	106	32526328	80956
chr18	32445372	32645372	harbor1	chr18	32537124	32537801	LINE/L2	410	-	338	32537462	92090
chr18	27839434	28039434	harbor1	chr18	27877242	27877877	LINE/L2	3189	-	318	27877560	38126
chr18	27839434	28039434	harbor1	chr18	27878349	27879341	LINE/L2	3189	-	496	27878845	39411
chr18	56292364	56492364	harbor1	chr18	56340313	56341481	LINE/L2	1381	-	584	56340897	48533
chr18	67660391	67860391	harbor1	chr18	67705579	67706411	LINE/L2	965	-	416	67705995	45604
chr18	67660391	67860391	harbor1	chr18	67709248	67710078	LINE/L2	1474	-	415	67709663	49272
chr18	67660391	67860391	harbor1	chr18	67710495	67710800	LINE/L2	555	-	152	67710647	50256
chr18	26296030	26496030	harbor1	chr18	26383085	26383639	LINE/L2	459	-	277	26383362	87332
chr18	43264325	43464325	harbor1	chr18	43313920	43314487	LINE/L2	448	-	284	43314204	49879
chr18	75331863	75531863	harbor1	chr18	75404336	75404778	LINE/L2	506	-	221	75404557	72694
chr18	42729127	42929127	harbor1	chr18	42776813	42777501	LINE/L2	1328	-	344	42777157	48030
chr18	42729127	42929127	harbor1	chr18	42793496	42793803	LINE/L2	802	-	154	42793650	64523
chr18	45955407	46155407	harbor1	chr18	45963048	45963386	LINE/L2	500	-	169	45963217	7810
chr18	45955407	46155407	harbor1	chr18	45963664	45964019	LINE/L2	478	-	178	45963842	8435
chr18	45955407	46155407	harbor1	chr18	46014762	46015214	LINE/L2	602	-	226	46014988	59581
chr18	22524482	22724482	harbor1	chr18	22550726	22551214	LINE/L2	1831	-	244	22550970	26488
chr18	22524482	22724482	harbor1	chr18	22551215	22551424	LINE/L2	813	-	104	22551319	26837
chr18	43090120	43290120	harbor1	chr18	43100033	43100849	LINE/L2	1581	-	408	43100441	10321
chr18	62706206	62906206	harbor1	chr18	62797308	62797622	LINE/L2	821	-	157	62797465	91259
chr19	13229049	13429049	harbor1	chr19	13318248	13318873	LINE/L2	1700	-	312	13318560	89511
chr19	28680532	28880532	harbor1	chr19	28711418	28711671	LINE/L2	902	-	126	28711544	31012
chr19	47633082	47833082	harbor1	chr19	47640154	47640249	LINE/L2	729	-	48	47640202	7120
chr19	47633082	47833082	harbor1	chr19	47640551	47640812	LINE/L2	729	-	130	47640681	7599
chr19	47633082	47833082	harbor1	chr19	47673881	47674414	LINE/L2	660	-	266	47674147	41065
chr19	47633082	47833082	harbor1	chr19	47703354	47703505	LINE/L2	1365	-	76	47703430	70348
chr19	47633082	47833082	harbor1	chr19	47704439	47704479	LINE/L2	1365	-	20	47704459	71377
chr19	47633082	47833082	harbor1	chr19	47705586	47705604	LINE/L2	1365	-	9	47705595	72513
chr19	47633082	47833082	harbor1	chr19	47707125	47707590	LINE/L2	1365	-	232	47707357	74275
chr19	47633082	47833082	harbor1	chr19	47711831	47712358	LINE/L2	1019	-	264	47712095	79013
chr19	47633082	47833082	harbor1	chr19	47730839	47731232	LINE/L2	726	-	196	47731035	97953
chr19	36192082	36392082	harbor1	chr19	36206853	36207261	LINE/L2	786	-	204	36207057	14975
chr19	36192082	36392082	harbor1	chr19	36230260	36230739	LINE/L2	1231	-	240	36230500	38418
chr19	4597641	4797641	harbor1	chr19	4633083	4633448	LINE/L2	1070	-	182	4633265	35624
chr19	4597641	4797641	harbor1	chr19	4642528	4642991	LINE/L2	829	-	232	4642760	45119
chr19	37357847	37557847	harbor1	chr19	37373433	37373951	LINE/L2	1170	-	259	37373692	15845
chr19	37357847	37557847	harbor1	chr19	37374515	37375242	LINE/L2	1656	-	364	37374879	17032
chr19	37357847	37557847	harbor1	chr19	37375658	37375774	LINE/L2	1656	-	58	37375716	17869
chr19	37357847	37557847	harbor1	chr19	37393056	37393303	LINE/L2	768	-	124	37393180	35333
chr19	37357847	37557847	harbor1	chr19	37442061	37442689	LINE/L2	691	-	314	37442375	84528
chr19	35716426	35916426	harbor1	chr19	35776648	35777327	LINE/L2	648	-	340	35776988	60562
chr19	35716426	35916426	harbor1	chr19	35781424	35781852	LINE/L2	807	-	214	35781638	65212
chr19	35716426	35916426	harbor1	chr19	35782948	35784081	LINE/L2	1275	-	566	35783514	67088
chr19	48650862	48850862	harbor1	chr19	48657973	48658070	LINE/L2	1178	-	48	48658021	7159
chr19	48650862	48850862	harbor1	chr19	48658367	48658609	LINE/L2	1178	-	121	48658488	7626
chr19	48650862	48850862	harbor1	chr19	48658904	48659193	LINE/L2	1178	-	144	48659048	8186
chr19	33576001	33776001	harbor1	chr19	33644273	33644452	LINE/L2	693	-	90	33644363	68362
chr19	33576001	33776001	harbor1	chr19	33644760	33644927	LINE/L2	693	-	84	33644844	68843
chr19	33576001	33776001	harbor1	chr19	33645137	33645752	LINE/L2	1140	-	308	33645445	69444
chr19	33576001	33776001	harbor1	chr19	33647092	33647563	LINE/L2	1954	-	236	33647328	71327
chr19	33576001	33776001	harbor1	chr19	33647876	33648163	LINE/L2	1954	-	144	33648020	72019
chr19	46550329	46750329	harbor1	chr19	46590408	46590631	LINE/L2	833	-	112	46590520	40191
chr19	42350617	42550617	harbor1	chr19	42374614	42375048	LINE/L2	1263	-	217	42374831	24214
chr19	42350617	42550617	harbor1	chr19	42376930	42377506	LINE/L2	890	-	288	42377218	26601
chr19	42350617	42550617	harbor1	chr19	42377803	42378104	LINE/L2	890	-	150	42377953	27336
chr19	42350617	42550617	harbor1	chr19	42382290	42382489	LINE/L2	1037	-	100	42382390	31773
chr19	42350617	42550617	harbor1	chr19	42382793	42383540	LINE/L2	1655	-	374	42383167	32550
chr19	29637375	29837375	harbor1	chr19	29686264	29686627	LINE/L2	701	-	182	29686446	49071
chr19	29637375	29837375	harbor1	chr19	29687076	29687580	LINE/L2	775	-	252	29687328	49953
chr19	29637375	29837375	harbor1	chr19	29689532	29690008	LINE/L2	868	-	238	29689770	52395
chr19	29637375	29837375	harbor1	chr19	29690613	29690655	LINE/L2	868	-	21	29690634	53259
chr19	45080794	45280794	harbor1	chr19	45087538	45087908	LINE/L2	689	-	185	45087723	6929
chr19	45080794	45280794	harbor1	chr19	45122393	45122732	LINE/L2	814	-	170	45122563	41769
chr19	45080794	45280794	harbor1	chr19	45124003	45124371	LINE/L2	761	-	184	45124187	43393
chr19	45080794	45280794	harbor1	chr19	45142491	45142740	LINE/L2	751	-	124	45142615	61821
chr19	40784472	40984472	harbor1	chr19	40788061	40788214	LINE/L2	1123	-	76	40788137	3665
chr19	40784472	40984472	harbor1	chr19	40788509	40788588	LINE/L2	1123	-	40	40788549	4077
chr19	40784472	40984472	harbor1	chr19	40789799	40790311	LINE/L2	1123	-	256	40790055	5583
chr19	18048813	18248813	harbor1	chr19	18108853	18109256	LINE/L2	656	-	202	18109055	60242
chr19	43346850	43546850	harbor1	chr19	43358776	43359358	LINE/L2	822	-	291	43359067	12217
chr19	4083660	4283660	harbor1	chr19	4139190	4139212	LINE/L2	716	-	11	4139201	55541
chr19	4083660	4283660	harbor1	chr19	4139518	4140150	LINE/L2	1021	-	316	4139834	56174
chr19	9921042	10121042	harbor1	chr19	9931999	9932177	LINE/L2	884	-	89	9932088	11046
chr19	9921042	10121042	harbor1	chr19	9932484	9932663	LINE/L2	884	-	90	9932574	11532
chr19	39734302	39934302	harbor1	chr19	39822284	39823213	LINE/L2	1200	-	464	39822748	88446
chr19	14847645	15047645	harbor1	chr19	14904428	14904869	LINE/L2	801	-	220	14904648	57003
chr19	43816361	44016361	harbor1	chr19	43837482	43837941	LINE/L2	776	-	230	43837712	21351
chr19	46673627	46873627	harbor1	chr19	46750857	46751056	LINE/L2	728	-	100	46750957	77330
chr19	46673627	46873627	harbor1	chr19	46766476	46767066	LINE/L2	948	-	295	46766771	93144
chr19	41185565	41385565	harbor1	chr19	41189553	41189814	LINE/L2	651	-	130	41189683	4118
chr19	41185565	41385565	harbor1	chr19	41228672	41228936	LINE/L2	1011	-	132	41228804	43239
chr19	41185565	41385565	harbor1	chr19	41229565	41229825	LINE/L2	1011	-	130	41229695	44130
chr19	41185565	41385565	harbor1	chr19	41252983	41253504	LINE/L2	838	-	260	41253243	67678
chr19	13329899	13529899	harbor1	chr19	13381761	13382088	LINE/L2	964	-	164	13381925	52026
chr19	39285635	39485635	harbor1	chr19	39348173	39348903	LINE/L2	1072	-	365	39348538	62903
chr19	39285635	39485635	harbor1	chr19	39374875	39375495	LINE/L2	878	-	310	39375185	89550
chr19	45777478	45977478	harbor1	chr19	45862394	45862941	LINE/L2	924	-	274	45862668	85190
chr19	28378961	28578961	harbor1	chr19	28390333	28390856	LINE/L2	1478	-	262	28390595	11634
chr19	10398989	10598989	harbor1	chr19	10415162	10415495	LINE/L2	1044	-	166	10415328	16339
chr19	10398989	10598989	harbor1	chr19	10415798	10416055	LINE/L2	1044	-	128	10415926	16937
chr19	10398989	10598989	harbor1	chr19	10426264	10426322	LINE/L2	889	-	29	10426293	27304
chr19	10398989	10598989	harbor1	chr19	10426521	10426588	LINE/L2	889	-	34	10426555	27566
chr19	10398989	10598989	harbor1	chr19	10426885	10427019	LINE/L2	889	-	67	10426952	27963
chr19	10398989	10598989	harbor1	chr19	10427315	10427490	LINE/L2	889	-	88	10427403	28414
chr19	10398989	10598989	harbor1	chr19	10444524	10444670	LINE/L2	861	-	73	10444597	45608
chr19	10398989	10598989	harbor1	chr19	10444974	10445366	LINE/L2	861	-	196	10445170	46181
chr19	39840966	40040966	harbor1	chr19	39846739	39847458	LINE/L2	1385	-	360	39847099	6133
chr19	39840966	40040966	harbor1	chr19	39919502	39919690	LINE/L2	734	-	94	39919596	78630
chr19	56634216	56834216	harbor1	chr19	56649299	56649927	LINE/L2	1743	-	314	56649613	15397
chr19	56634216	56834216	harbor1	chr19	56654076	56654865	LINE/L2	994	-	394	56654470	20254
chr19	4097554	4297554	harbor1	chr19	4139190	4139212	LINE/L2	716	-	11	4139201	41647
chr19	4097554	4297554	harbor1	chr19	4139518	4140150	LINE/L2	1021	-	316	4139834	42280
chr19	4097554	4297554	harbor1	chr19	4186833	4187130	LINE/L2	950	-	148	4186981	89427
chr19	4097554	4297554	harbor1	chr19	4187436	4187515	LINE/L2	950	-	40	4187476	89922
chr19	45139543	45339543	harbor1	chr19	45142491	45142740	LINE/L2	751	-	124	45142615	3072
chr19	45139543	45339543	harbor1	chr19	45218371	45218780	LINE/L2	715	-	204	45218575	79032
chr19	45139543	45339543	harbor1	chr19	45223266	45223340	LINE/L2	967	-	37	45223303	83760
chr19	45139543	45339543	harbor1	chr19	45223642	45223709	LINE/L2	967	-	34	45223676	84133
chr19	45139543	45339543	harbor1	chr19	45224006	45224320	LINE/L2	967	-	157	45224163	84620
chr19	48460956	48660956	harbor1	chr19	48549529	48549881	LINE/L2	781	-	176	48549705	88749
chr19	44666740	44866740	harbor1	chr19	44684205	44684607	LINE/L2	1426	-	201	44684406	17666
chr19	44666740	44866740	harbor1	chr19	44684908	44685039	LINE/L2	1426	-	66	44684974	18234
chr19	44666740	44866740	harbor1	chr19	44722781	44723070	LINE/L2	731	-	144	44722925	56185
chr19	5550087	5750087	harbor1	chr19	5562444	5562649	LINE/L2	956	-	102	5562546	12459
chr19	5550087	5750087	harbor1	chr19	5562947	5563464	LINE/L2	956	-	258	5563205	13118
chr19	28249187	28449187	harbor1	chr19	28292262	28292532	LINE/L2	665	-	135	28292397	43210
chr19	28249187	28449187	harbor1	chr19	28292690	28292814	LINE/L2	665	-	62	28292752	43565
chr19	3462762	3662762	harbor1	chr19	3470357	3470501	LINE/L2	649	-	72	3470429	7667
chr19	3462762	3662762	harbor1	chr19	3470778	3471147	LINE/L2	796	-	184	3470962	8200
chr19	3462762	3662762	harbor1	chr19	3484045	3484133	LINE/L2	1193	-	44	3484089	21327
chr19	3462762	3662762	harbor1	chr19	3484445	3484529	LINE/L2	1193	-	42	3484487	21725
chr19	3462762	3662762	harbor1	chr19	3484821	3485236	LINE/L2	1193	-	208	3485029	22267
chr19	10967719	11167719	harbor1	chr19	10991529	10991955	LINE/L2	785	-	213	10991742	24023
chr19	29468999	29668999	harbor1	chr19	29523387	29524030	LINE/L2	1164	-	322	29523709	54710
chr19	10813572	11013572	harbor1	chr19	10820313	10820865	LINE/L2	782	-	276	10820589	7017
chr19	10813572	11013572	harbor1	chr19	10852509	10852816	LINE/L2	845	-	154	10852663	39091
chr19	49532281	49732281	harbor1	chr19	49544127	49544507	LINE/L2	766	-	190	49544317	12036
chr19	13266505	13466505	harbor1	chr19	13318248	13318873	LINE/L2	1700	-	312	13318560	52055
chr19	18039067	18239067	harbor1	chr19	18108853	18109256	LINE/L2	656	-	202	18109055	69988
chr19	43705683	43905683	harbor1	chr19	43758320	43758482	LINE/L2	659	-	81	43758401	52718
chr19	43705683	43905683	harbor1	chr19	43759073	43759468	LINE/L2	659	-	198	43759271	53588
chr19	14367157	14567157	harbor1	chr19	14430750	14431084	LINE/L2	819	-	167	14430917	63760
chr19	44798684	44998684	harbor1	chr19	44802680	44802923	LINE/L2	735	-	122	44802802	4118
chr19	44798684	44998684	harbor1	chr19	44807288	44807561	LINE/L2	821	-	136	44807424	8740
chr19	44798684	44998684	harbor1	chr19	44817260	44817540	LINE/L2	801	-	140	44817400	18716
chr19	44798684	44998684	harbor1	chr19	44817844	44817957	LINE/L2	801	-	56	44817900	19216
chr19	44798684	44998684	harbor1	chr19	44866481	44866889	LINE/L2	928	-	204	44866685	68001
chr19	14123185	14323185	harbor1	chr19	14145284	14146259	LINE/L2	1519	-	488	14145772	22587
chr19	14123185	14323185	harbor1	chr19	14153165	14153410	LINE/L2	770	-	122	14153287	30102
chr19	14123185	14323185	harbor1	chr19	14197903	14198345	LINE/L2	716	-	221	14198124	74939
chr19	14123185	14323185	harbor1	chr19	14199331	14199425	LINE/L2	705	-	47	14199378	76193
chr19	14123185	14323185	harbor1	chr19	14200033	14200315	LINE/L2	705	-	141	14200174	76989
chr19	16024750	16224750	harbor1	chr19	16048709	16048960	LINE/L2	826	-	126	16048835	24085
chr19	57077720	57277720	harbor1	chr19	57165822	57166323	LINE/L2	720	-	250	57166072	88352
chr19	57077720	57277720	harbor1	chr19	57166608	57167005	LINE/L2	720	-	198	57166806	89086
chr19	43351328	43551328	harbor1	chr19	43358776	43359358	LINE/L2	822	-	291	43359067	7739
chr19	43351328	43551328	harbor1	chr19	43450870	43451004	LINE/L2	850	-	67	43450937	99609
chr19	46374763	46574763	harbor1	chr19	46376069	46376306	LINE/L2	646	-	118	46376187	1424
chr19	46374763	46574763	harbor1	chr19	46438322	46438497	LINE/L2	813	-	88	46438410	63647
chr19	46374763	46574763	harbor1	chr19	46438801	46439032	LINE/L2	813	-	116	46438917	64154
chr19	46374763	46574763	harbor1	chr19	46445431	46445683	LINE/L2	807	-	126	46445557	70794
chr19	46374763	46574763	harbor1	chr19	46446235	46446388	LINE/L2	807	-	76	46446311	71548
chr19	18041970	18241970	harbor1	chr19	18108853	18109256	LINE/L2	656	-	202	18109055	67085
chr19	38892955	39092955	harbor1	chr19	38953337	38953380	LINE/L2	1231	-	22	38953359	60404
chr19	38892955	39092955	harbor1	chr19	38953690	38954262	LINE/L2	1231	-	286	38953976	61021
chr19	13825237	14025237	harbor1	chr19	13861373	13861480	LINE/L2	965	-	54	13861427	36190
chr19	13825237	14025237	harbor1	chr19	13860713	13861069	LINE/L2	965	-	178	13860891	35654
chr19	37537304	37737304	harbor1	chr19	37601448	37602405	LINE/L2	819	-	478	37601926	64622
chr19	37537304	37737304	harbor1	chr19	37602574	37603004	LINE/L2	819	-	215	37602789	65485
chr19	37537304	37737304	harbor1	chr19	37603299	37603583	LINE/L2	819	-	142	37603441	66137
chr19	5113409	5313409	harbor1	chr19	5170244	5170722	LINE/L2	1040	-	239	5170483	57074
chr19	35559150	35759150	harbor1	chr19	35606859	35607078	LINE/L2	663	-	110	35606969	47819
chr19	35559150	35759150	harbor1	chr19	35645636	35645946	LINE/L2	804	-	155	35645791	86641
chr19	18410111	18610111	harbor1	chr19	18410897	18410992	LINE/L2	730	-	48	18410945	834
chr19	18410111	18610111	harbor1	chr19	18411127	18411210	LINE/L2	730	-	42	18411169	1058
chr19	18410111	18610111	harbor1	chr19	18411509	18411691	LINE/L2	730	-	91	18411600	1489
chr19	5737327	5937327	harbor1	chr19	5793264	5793629	LINE/L2	871	-	182	5793446	56119
chr19	13606051	13806051	harbor1	chr19	13616412	13617045	LINE/L2	1675	-	316	13616728	10677
chr19	37346414	37546414	harbor1	chr19	37373433	37373951	LINE/L2	1170	-	259	37373692	27278
chr19	37346414	37546414	harbor1	chr19	37374515	37375242	LINE/L2	1656	-	364	37374879	28465
chr19	37346414	37546414	harbor1	chr19	37375658	37375774	LINE/L2	1656	-	58	37375716	29302
chr19	37346414	37546414	harbor1	chr19	37393056	37393303	LINE/L2	768	-	124	37393180	46766
chr19	37346414	37546414	harbor1	chr19	37442061	37442689	LINE/L2	691	-	314	37442375	95961
chr19	5660976	5860976	harbor1	chr19	5683455	5683609	LINE/L2	800	-	77	5683532	22556
chr19	5660976	5860976	harbor1	chr19	5683923	5683965	LINE/L2	800	-	21	5683944	22968
chr19	5660976	5860976	harbor1	chr19	5684315	5684729	LINE/L2	800	-	207	5684522	23546
chr19	43368148	43568148	harbor1	chr19	43450870	43451004	LINE/L2	850	-	67	43450937	82789
chr19	43368148	43568148	harbor1	chr19	43452339	43452770	LINE/L2	850	-	216	43452555	84407
chr19	43368148	43568148	harbor1	chr19	43465885	43466487	LINE/L2	646	-	301	43466186	98038
chr19	40887495	41087495	harbor1	chr19	40901210	40901540	LINE/L2	941	-	165	40901375	13880
chr19	40887495	41087495	harbor1	chr19	40901844	40902296	LINE/L2	941	-	226	40902070	14575
chr19	34018656	34218656	harbor1	chr19	34088843	34089432	LINE/L2	3464	-	294	34089137	70481
chr19	34018656	34218656	harbor1	chr19	34089744	34090104	LINE/L2	3464	-	180	34089924	71268
chr19	34018656	34218656	harbor1	chr19	34090397	34090998	LINE/L2	3464	-	300	34090697	72041
chr19	44787958	44987958	harbor1	chr19	44802680	44802923	LINE/L2	735	-	122	44802802	14844
chr19	44787958	44987958	harbor1	chr19	44807288	44807561	LINE/L2	821	-	136	44807424	19466
chr19	44787958	44987958	harbor1	chr19	44817260	44817540	LINE/L2	801	-	140	44817400	29442
chr19	44787958	44987958	harbor1	chr19	44817844	44817957	LINE/L2	801	-	56	44817900	29942
chr19	44787958	44987958	harbor1	chr19	44866481	44866889	LINE/L2	928	-	204	44866685	78727
chr19	5110706	5310706	harbor1	chr19	5170244	5170722	LINE/L2	1040	-	239	5170483	59777
chr19	14378182	14578182	harbor1	chr19	14430750	14431084	LINE/L2	819	-	167	14430917	52735
chr19	43688101	43888101	harbor1	chr19	43701271	43701659	LINE/L2	766	-	194	43701465	13364
chr19	43688101	43888101	harbor1	chr19	43758320	43758482	LINE/L2	659	-	81	43758401	70300
chr19	43688101	43888101	harbor1	chr19	43759073	43759468	LINE/L2	659	-	198	43759271	71170
chr19	38326618	38526618	harbor1	chr19	38340853	38341366	LINE/L2	993	-	256	38341109	14491
chr19	38326618	38526618	harbor1	chr19	38345843	38346410	LINE/L2	1290	-	284	38346127	19509
chr19	38326618	38526618	harbor1	chr19	38360882	38361178	LINE/L2	645	-	148	38361030	34412
chr19	38326618	38526618	harbor1	chr19	38379528	38379824	LINE/L2	684	-	148	38379676	53058
chr19	38326618	38526618	harbor1	chr19	38399707	38399962	LINE/L2	1428	-	128	38399835	73217
chr19	38326618	38526618	harbor1	chr19	38400275	38400839	LINE/L2	1428	-	282	38400557	73939
chr19	38326618	38526618	harbor1	chr19	38409251	38409458	LINE/L2	750	-	104	38409355	82737
chr19	38326618	38526618	harbor1	chr19	38409753	38409768	LINE/L2	750	-	8	38409761	83143
chr19	34969181	35169181	harbor1	chr19	34998637	34999371	LINE/L2	992	-	367	34999004	29823
chr19	34969181	35169181	harbor1	chr19	35019742	35020109	LINE/L2	1405	-	184	35019926	50745
chr19	34969181	35169181	harbor1	chr19	35020679	35021303	LINE/L2	1405	-	312	35020991	51810
chr19	39450055	39650055	harbor1	chr19	39465238	39465505	LINE/L2	1040	-	134	39465372	15317
chr19	39450055	39650055	harbor1	chr19	39465726	39465840	LINE/L2	1040	-	57	39465783	15728
chr19	39450055	39650055	harbor1	chr19	39466057	39466359	LINE/L2	1040	-	151	39466208	16153
chr19	39450055	39650055	harbor1	chr19	39471918	39472244	LINE/L2	809	-	163	39472081	22026
chr19	39450055	39650055	harbor1	chr19	39474778	39475105	LINE/L2	830	-	164	39474942	24887
chr19	39450055	39650055	harbor1	chr19	39475407	39475544	LINE/L2	830	-	68	39475475	25420
chr19	39450055	39650055	harbor1	chr19	39517291	39517692	LINE/L2	1070	-	200	39517491	67436
chr19	39450055	39650055	harbor1	chr19	39518301	39518538	LINE/L2	1070	-	118	39518419	68364
chr19	57637711	57837711	harbor1	chr19	57683085	57683550	LINE/L2	894	-	232	57683317	45606
chr19	35327531	35527531	harbor1	chr19	35401736	35401888	LINE/L2	782	-	76	35401812	74281
chr19	35327531	35527531	harbor1	chr19	35402193	35402428	LINE/L2	782	-	118	35402311	74780
chr19	49704599	49904599	harbor1	chr19	49768871	49768968	LINE/L2	818	-	48	49768919	64320
chr19	49704599	49904599	harbor1	chr19	49769278	49769881	LINE/L2	1108	-	302	49769580	64981
chr19	49704599	49904599	harbor1	chr19	49770169	49770245	LINE/L2	1108	-	38	49770207	65608
chr19	49704599	49904599	harbor1	chr19	49773515	49774097	LINE/L2	831	-	291	49773806	69207
chr19	46266753	46466753	harbor1	chr19	46305398	46305794	LINE/L2	764	-	198	46305596	38843
chr19	46266753	46466753	harbor1	chr19	46306107	46306184	LINE/L2	764	-	38	46306145	39392
chr19	46266753	46466753	harbor1	chr19	46336695	46336706	LINE/L2	710	-	6	46336701	69948
chr19	46266753	46466753	harbor1	chr19	46337015	46337258	LINE/L2	710	-	122	46337137	70384
chr19	46266753	46466753	harbor1	chr19	46347806	46348305	LINE/L2	947	-	250	46348056	81303
chr19	28061962	28261962	harbor1	chr19	28075679	28076354	LINE/L2	933	-	338	28076017	14055
chr19	3139123	3339123	harbor1	chr19	3210414	3210947	LINE/L2	707	-	266	3210680	71557
chr19	3139123	3339123	harbor1	chr19	3212384	3212623	LINE/L2	859	-	120	3212504	73381
chr19	3139123	3339123	harbor1	chr19	3213191	3213405	LINE/L2	859	-	107	3213298	74175
chr19	3139123	3339123	harbor1	chr19	3222710	3223057	LINE/L2	711	-	174	3222884	83761
chr19	3139123	3339123	harbor1	chr19	3233301	3233815	LINE/L2	821	-	257	3233558	94435
chr19	12791455	12991455	harbor1	chr19	12844350	12844855	LINE/L2	767	-	252	12844602	53147
chr19	12791455	12991455	harbor1	chr19	12846372	12846594	LINE/L2	950	-	111	12846483	55028
chr19	12791455	12991455	harbor1	chr19	12846898	12847090	LINE/L2	950	-	96	12846994	55539
chr19	44924567	45124567	harbor1	chr19	44957816	44958369	LINE/L2	1362	-	276	44958092	33525
chr19	57094178	57294178	harbor1	chr19	57165822	57166323	LINE/L2	720	-	250	57166072	71894
chr19	57094178	57294178	harbor1	chr19	57166608	57167005	LINE/L2	720	-	198	57166806	72628
chr19	4638639	4838639	harbor1	chr19	4642528	4642991	LINE/L2	829	-	232	4642760	4121
chr19	48348209	48548209	harbor1	chr19	48401178	48401818	LINE/L2	1808	-	320	48401498	53289
chr19	48348209	48548209	harbor1	chr19	48402124	48402435	LINE/L2	1808	-	156	48402280	54071
chr19	48348209	48548209	harbor1	chr19	48402750	48402765	LINE/L2	1808	-	8	48402758	54549
chr19	48348209	48548209	harbor1	chr19	48402806	48402916	LINE/L2	1808	-	55	48402861	54652
chr19	48348209	48548209	harbor1	chr19	48403224	48403293	LINE/L2	1808	-	34	48403258	55049
chr19	48348209	48548209	harbor1	chr19	48403533	48403709	LINE/L2	1808	-	88	48403621	55412
chr19	48348209	48548209	harbor1	chr19	48407607	48407907	LINE/L2	896	-	150	48407757	59548
chr19	48348209	48548209	harbor1	chr19	48408522	48408536	LINE/L2	896	-	7	48408529	60320
chr19	48348209	48548209	harbor1	chr19	48408850	48408938	LINE/L2	896	-	44	48408894	60685
chr19	48348209	48548209	harbor1	chr19	48409625	48409778	LINE/L2	896	-	76	48409701	61492
chr19	48348209	48548209	harbor1	chr19	48423306	48423814	LINE/L2	863	-	254	48423560	75351
chr19	48348209	48548209	harbor1	chr19	48435748	48436046	LINE/L2	1017	-	149	48435897	87688
chr19	48306766	48506766	harbor1	chr19	48401178	48401818	LINE/L2	1808	-	320	48401498	94732
chr19	48306766	48506766	harbor1	chr19	48402124	48402435	LINE/L2	1808	-	156	48402280	95514
chr19	48306766	48506766	harbor1	chr19	48402750	48402765	LINE/L2	1808	-	8	48402758	95992
chr19	48306766	48506766	harbor1	chr19	48402806	48402916	LINE/L2	1808	-	55	48402861	96095
chr19	48306766	48506766	harbor1	chr19	48403224	48403293	LINE/L2	1808	-	34	48403258	96492
chr19	48306766	48506766	harbor1	chr19	48403533	48403709	LINE/L2	1808	-	88	48403621	96855
chr19	3211739	3411739	harbor1	chr19	3212384	3212623	LINE/L2	859	-	120	3212504	765
chr19	3211739	3411739	harbor1	chr19	3213191	3213405	LINE/L2	859	-	107	3213298	1559
chr19	3211739	3411739	harbor1	chr19	3222710	3223057	LINE/L2	711	-	174	3222884	11145
chr19	3211739	3411739	harbor1	chr19	3233301	3233815	LINE/L2	821	-	257	3233558	21819
chr19	3211739	3411739	harbor1	chr19	3291596	3291868	LINE/L2	742	-	136	3291732	79993
chr19	8218226	8418226	harbor1	chr19	8259153	8259585	LINE/L2	923	-	216	8259369	41143
chr19	34260815	34460815	harbor1	chr19	34273669	34274123	LINE/L2	682	-	227	34273896	13081
chr19	34260815	34460815	harbor1	chr19	34274411	34274663	LINE/L2	682	-	126	34274537	13722
chr19	34260815	34460815	harbor1	chr19	34306899	34307163	LINE/L2	831	-	132	34307031	46216
chr19	34260815	34460815	harbor1	chr19	34312171	34312277	LINE/L2	784	-	53	34312224	51409
chr19	34260815	34460815	harbor1	chr19	34312958	34313368	LINE/L2	784	-	205	34313163	52348
chr19	34260815	34460815	harbor1	chr19	34338549	34339080	LINE/L2	887	-	266	34338815	78000
chr19	51448746	51648746	harbor1	chr19	51479413	51479786	LINE/L2	850	-	186	51479599	30853
chr19	51429608	51629608	harbor1	chr19	51479413	51479786	LINE/L2	850	-	186	51479599	49991
chr19	47378038	47578038	harbor1	chr19	47449025	47449313	LINE/L2	1005	-	144	47449169	71131
chr19	47378038	47578038	harbor1	chr19	47449624	47449943	LINE/L2	1005	-	160	47449784	71746
chr19	40409267	40609267	harbor1	chr19	40415742	40416157	LINE/L2	983	-	208	40415950	6683
chr19	40409267	40609267	harbor1	chr19	40424526	40425238	LINE/L2	728	-	356	40424882	15615
chr19	40409267	40609267	harbor1	chr19	40477342	40477844	LINE/L2	670	-	251	40477593	68326
chr19	40409267	40609267	harbor1	chr19	40492053	40492719	LINE/L2	759	-	333	40492386	83119
chr19	39928904	40128904	harbor1	chr19	40008902	40009257	LINE/L2	688	-	178	40009080	80176
chr19	40471769	40671769	harbor1	chr19	40477342	40477844	LINE/L2	670	-	251	40477593	5824
chr19	40471769	40671769	harbor1	chr19	40492053	40492719	LINE/L2	759	-	333	40492386	20617
chr19	40471769	40671769	harbor1	chr19	40512230	40512509	LINE/L2	725	-	140	40512370	40601
chr19	40471769	40671769	harbor1	chr19	40522656	40522849	LINE/L2	872	-	96	40522752	50983
chr19	40471769	40671769	harbor1	chr19	40523132	40523330	LINE/L2	872	-	99	40523231	51462
chr19	40471769	40671769	harbor1	chr19	40527319	40527776	LINE/L2	1290	-	228	40527547	55778
chr19	33052296	33252296	harbor1	chr19	33081373	33081885	LINE/L2	1000	-	256	33081629	29333
chr19	33052296	33252296	harbor1	chr19	33082008	33082274	LINE/L2	1000	-	133	33082141	29845
chr19	46681120	46881120	harbor1	chr19	46750857	46751056	LINE/L2	728	-	100	46750957	69837
chr19	46681120	46881120	harbor1	chr19	46766476	46767066	LINE/L2	948	-	295	46766771	85651
chr19	58367439	58567439	harbor1	chr19	58441187	58441695	LINE/L2	692	-	254	58441441	74002
chr19	45884770	46084770	harbor1	chr19	45907676	45907772	LINE/L2	1008	-	48	45907724	22954
chr19	45884770	46084770	harbor1	chr19	45908782	45909273	LINE/L2	1318	-	246	45909028	24258
chr19	45884770	46084770	harbor1	chr19	45909883	45910093	LINE/L2	1318	-	105	45909988	25218
chr19	45884770	46084770	harbor1	chr19	45922125	45922690	LINE/L2	828	-	282	45922407	37637
chr19	45884770	46084770	harbor1	chr19	45961765	45962264	LINE/L2	893	-	250	45962015	77245
chr19	45884770	46084770	harbor1	chr19	45979218	45979467	LINE/L2	1783	-	124	45979342	94572
chr19	45884770	46084770	harbor1	chr19	45979790	45980080	LINE/L2	1783	-	145	45979935	95165
chr19	45884770	46084770	harbor1	chr19	45980341	45980464	LINE/L2	800	-	62	45980403	95633
chr19	45884770	46084770	harbor1	chr19	45980944	45981098	LINE/L2	800	-	77	45981021	96251
chr19	14354986	14554986	harbor1	chr19	14355065	14355357	LINE/L2	1521	-	146	14355211	225
chr19	14354986	14554986	harbor1	chr19	14355670	14355925	LINE/L2	1521	-	128	14355798	812
chr19	14354986	14554986	harbor1	chr19	14361879	14362377	LINE/L2	1100	-	249	14362128	7142
chr19	14354986	14554986	harbor1	chr19	14430750	14431084	LINE/L2	819	-	167	14430917	75931
chr19	49506855	49706855	harbor1	chr19	49529501	49529719	LINE/L2	663	-	109	49529610	22755
chr19	49506855	49706855	harbor1	chr19	49530801	49531040	LINE/L2	808	-	120	49530921	24066
chr19	49506855	49706855	harbor1	chr19	49531404	49531658	LINE/L2	808	-	127	49531531	24676
chr19	49506855	49706855	harbor1	chr19	49544127	49544507	LINE/L2	766	-	190	49544317	37462
chr19	49763573	49963573	harbor1	chr19	49768871	49768968	LINE/L2	818	-	48	49768919	5346
chr19	49763573	49963573	harbor1	chr19	49769278	49769881	LINE/L2	1108	-	302	49769580	6007
chr19	49763573	49963573	harbor1	chr19	49770169	49770245	LINE/L2	1108	-	38	49770207	6634
chr19	49763573	49963573	harbor1	chr19	49773515	49774097	LINE/L2	831	-	291	49773806	10233
chr19	57576147	57776147	harbor1	chr19	57585272	57585698	LINE/L2	885	-	213	57585485	9338
chr19	57576147	57776147	harbor1	chr19	57586033	57586178	LINE/L2	885	-	72	57586105	9958
chr19	57576147	57776147	harbor1	chr19	57601116	57601618	LINE/L2	792	-	251	57601367	25220
chr19	57576147	57776147	harbor1	chr19	57617152	57617658	LINE/L2	1208	-	253	57617405	41258
chr19	14235230	14435230	harbor1	chr19	14287083	14287103	LINE/L2	976	-	10	14287093	51863
chr19	14235230	14435230	harbor1	chr19	14287401	14287601	LINE/L2	976	-	100	14287501	52271
chr19	14235230	14435230	harbor1	chr19	14287889	14288110	LINE/L2	976	-	110	14287999	52769
chr19	14235230	14435230	harbor1	chr19	14327697	14327825	LINE/L2	1190	-	64	14327761	92531
chr19	14235230	14435230	harbor1	chr19	14328138	14328224	LINE/L2	1190	-	43	14328181	92951
chr19	14235230	14435230	harbor1	chr19	14328531	14328573	LINE/L2	1190	-	21	14328552	93322
chr19	14235230	14435230	harbor1	chr19	14329743	14330016	LINE/L2	1190	-	136	14329879	94649
chr19	55315201	55515201	harbor1	chr19	55410178	55410942	LINE/L2	769	-	382	55410560	95359
chr19	5528359	5728359	harbor1	chr19	5532241	5532315	LINE/L2	1670	-	37	5532278	3919
chr19	5528359	5728359	harbor1	chr19	5532618	5532793	LINE/L2	1670	-	88	5532706	4347
chr19	5528359	5728359	harbor1	chr19	5533315	5533637	LINE/L2	1670	-	161	5533476	5117
chr19	5528359	5728359	harbor1	chr19	5562444	5562649	LINE/L2	956	-	102	5562546	34187
chr19	5528359	5728359	harbor1	chr19	5562947	5563464	LINE/L2	956	-	258	5563205	34846
chr19	30323778	30523778	harbor1	chr19	30356996	30357485	LINE/L2	757	-	244	30357240	33462
chr19	30323778	30523778	harbor1	chr19	30366682	30367044	LINE/L2	704	-	181	30366863	43085
chr19	44308673	44508673	harbor1	chr19	44336315	44336603	LINE/L2	770	-	144	44336459	27786
chr19	44308673	44508673	harbor1	chr19	44370751	44371005	LINE/L2	668	-	127	44370878	62205
chr19	15151115	15351115	harbor1	chr19	15175063	15175250	LINE/L2	1042	-	94	15175157	24042
chr19	15151115	15351115	harbor1	chr19	15175554	15175590	LINE/L2	1042	-	18	15175572	24457
chr19	15151115	15351115	harbor1	chr19	15175628	15175918	LINE/L2	1042	-	145	15175773	24658
chr19	52711399	52911399	harbor1	chr19	52793923	52794208	LINE/L2	646	-	142	52794065	82666
chr19	3357660	3557660	harbor1	chr19	3400098	3400193	LINE/L2	1581	-	48	3400146	42486
chr19	3357660	3557660	harbor1	chr19	3400490	3400564	LINE/L2	1581	-	37	3400527	42867
chr19	3357660	3557660	harbor1	chr19	3400872	3401416	LINE/L2	1581	-	272	3401144	43484
chr19	3357660	3557660	harbor1	chr19	3402443	3402930	LINE/L2	1364	-	244	3402687	45027
chr19	3357660	3557660	harbor1	chr19	3406828	3407096	LINE/L2	851	-	134	3406962	49302
chr19	3357660	3557660	harbor1	chr19	3410345	3410697	LINE/L2	999	-	176	3410521	52861
chr19	47087876	47287876	harbor1	chr19	47132936	47133218	LINE/L2	804	-	141	47133077	45201
chr19	47087876	47287876	harbor1	chr19	47133526	47133850	LINE/L2	804	-	162	47133688	45812
chr19	47087876	47287876	harbor1	chr19	47134161	47134262	LINE/L2	804	-	50	47134211	46335
chr19	36137360	36337360	harbor1	chr19	36206853	36207261	LINE/L2	786	-	204	36207057	69697
chr19	36137360	36337360	harbor1	chr19	36230260	36230739	LINE/L2	1231	-	240	36230500	93140
chr19	4160444	4360444	harbor1	chr19	4186833	4187130	LINE/L2	950	-	148	4186981	26537
chr19	4160444	4360444	harbor1	chr19	4187436	4187515	LINE/L2	950	-	40	4187476	27032
chr19	16396516	16596516	harbor1	chr19	16463590	16464002	LINE/L2	685	-	206	16463796	67280
chr19	32319604	32519604	harbor1	chr19	32415039	32415668	LINE/L2	886	-	314	32415353	95749
chr19	11228224	11428224	harbor1	chr19	11321520	11321836	LINE/L2	821	-	158	11321678	93454
chr19	17909603	18109603	harbor1	chr19	17957396	17957968	LINE/L2	866	-	286	17957682	48079
chr19	441549	641549	harbor1	chr19	484538	485104	LINE/L2	784	-	283	484821	43272
chr19	47702616	47902616	harbor1	chr19	47703354	47703505	LINE/L2	1365	-	76	47703430	814
chr19	47702616	47902616	harbor1	chr19	47704439	47704479	LINE/L2	1365	-	20	47704459	1843
chr19	47702616	47902616	harbor1	chr19	47705586	47705604	LINE/L2	1365	-	9	47705595	2979
chr19	47702616	47902616	harbor1	chr19	47707125	47707590	LINE/L2	1365	-	232	47707357	4741
chr19	47702616	47902616	harbor1	chr19	47711831	47712358	LINE/L2	1019	-	264	47712095	9479
chr19	47702616	47902616	harbor1	chr19	47730839	47731232	LINE/L2	726	-	196	47731035	28419
chr19	47702616	47902616	harbor1	chr19	47752682	47752980	LINE/L2	836	-	149	47752831	50215
chr19	47702616	47902616	harbor1	chr19	47771236	47771387	LINE/L2	874	-	76	47771312	68696
chr19	47702616	47902616	harbor1	chr19	47771690	47771821	LINE/L2	874	-	66	47771756	69140
chr19	47702616	47902616	harbor1	chr19	47772150	47772267	LINE/L2	874	-	58	47772208	69592
chr19	47702616	47902616	harbor1	chr19	47773205	47773527	LINE/L2	898	-	161	47773366	70750
chr19	41375986	41575986	harbor1	chr19	41436989	41437117	LINE/L2	944	-	64	41437053	61067
chr19	41375986	41575986	harbor1	chr19	41437717	41438155	LINE/L2	944	-	219	41437936	61950
chr19	41375986	41575986	harbor1	chr19	41440741	41441109	LINE/L2	768	-	184	41440925	64939
chr19	16230796	16430796	harbor1	chr19	16265237	16265554	LINE/L2	678	-	158	16265395	34599
chr19	40729410	40929410	harbor1	chr19	40788061	40788214	LINE/L2	1123	-	76	40788137	58727
chr19	40729410	40929410	harbor1	chr19	40788509	40788588	LINE/L2	1123	-	40	40788549	59139
chr19	40729410	40929410	harbor1	chr19	40789799	40790311	LINE/L2	1123	-	256	40790055	60645
chr19	6284748	6484748	harbor1	chr19	6369010	6369140	LINE/L2	737	-	65	6369075	84327
chr19	6284748	6484748	harbor1	chr19	6369443	6369708	LINE/L2	737	-	132	6369575	84827
chr19	6284748	6484748	harbor1	chr19	6370567	6370802	LINE/L2	692	-	118	6370685	85937
chr19	49709102	49909102	harbor1	chr19	49768871	49768968	LINE/L2	818	-	48	49768919	59817
chr19	49709102	49909102	harbor1	chr19	49769278	49769881	LINE/L2	1108	-	302	49769580	60478
chr19	49709102	49909102	harbor1	chr19	49770169	49770245	LINE/L2	1108	-	38	49770207	61105
chr19	49709102	49909102	harbor1	chr19	49773515	49774097	LINE/L2	831	-	291	49773806	64704
chr19	35249149	35449149	harbor1	chr19	35317462	35317929	LINE/L2	794	-	234	35317696	68547
chr19	4215651	4415651	harbor1	chr19	4300655	4300932	LINE/L2	667	-	138	4300793	85142
chr19	14466793	14666793	harbor1	chr19	14487981	14488168	LINE/L2	653	-	94	14488075	21282
chr19	14466793	14666793	harbor1	chr19	14488799	14488916	LINE/L2	653	-	58	14488857	22064
chr19	38155672	38355672	harbor1	chr19	38163044	38163207	LINE/L2	899	-	82	38163126	7454
chr19	38155672	38355672	harbor1	chr19	38163512	38164171	LINE/L2	1144	-	330	38163842	8170
chr19	38155672	38355672	harbor1	chr19	38172337	38172827	LINE/L2	643	-	245	38172582	16910
chr19	38155672	38355672	harbor1	chr19	38173801	38174195	LINE/L2	731	-	197	38173998	18326
chr19	38155672	38355672	harbor1	chr19	38183002	38183838	LINE/L2	1463	-	418	38183420	27748
chr19	38155672	38355672	harbor1	chr19	38230137	38230322	LINE/L2	851	-	92	38230229	74557
chr19	38155672	38355672	harbor1	chr19	38158246	38158991	LINE/L2	891	-	372	38158618	2946
chr19	52984537	53184537	harbor1	chr19	53057140	53057405	LINE/L2	648	-	132	53057272	72735
chr19	47035657	47235657	harbor1	chr19	47037890	47038136	LINE/L2	929	-	123	47038013	2356
chr19	47035657	47235657	harbor1	chr19	47132936	47133218	LINE/L2	804	-	141	47133077	97420
chr19	47035657	47235657	harbor1	chr19	47133526	47133850	LINE/L2	804	-	162	47133688	98031
chr19	47035657	47235657	harbor1	chr19	47134161	47134262	LINE/L2	804	-	50	47134211	98554
chr19	40354755	40554755	harbor1	chr19	40415742	40416157	LINE/L2	983	-	208	40415950	61195
chr19	40354755	40554755	harbor1	chr19	40424526	40425238	LINE/L2	728	-	356	40424882	70127
chr19	10944906	11144906	harbor1	chr19	10991529	10991955	LINE/L2	785	-	213	10991742	46836
chr19	33911245	34111245	harbor1	chr19	33929605	33929667	LINE/L2	782	-	31	33929636	18391
chr19	33911245	34111245	harbor1	chr19	33929968	33930513	LINE/L2	782	-	272	33930240	18995
chr19	33911245	34111245	harbor1	chr19	34002253	34002349	LINE/L2	815	-	48	34002301	91056
chr19	33911245	34111245	harbor1	chr19	34002643	34003098	LINE/L2	815	-	228	34002871	91626
chr19	28255490	28455490	harbor1	chr19	28292262	28292532	LINE/L2	665	-	135	28292397	36907
chr19	28255490	28455490	harbor1	chr19	28292690	28292814	LINE/L2	665	-	62	28292752	37262
chr19	5861347	6061347	harbor1	chr19	5889708	5890271	LINE/L2	668	-	282	5889990	28643
chr19	13853161	14053161	harbor1	chr19	13861373	13861480	LINE/L2	965	-	54	13861427	8266
chr19	13853161	14053161	harbor1	chr19	13860713	13861069	LINE/L2	965	-	178	13860891	7730
chr19	14392892	14592892	harbor1	chr19	14430750	14431084	LINE/L2	819	-	167	14430917	38025
chr19	14392892	14592892	harbor1	chr19	14487981	14488168	LINE/L2	653	-	94	14488075	95183
chr19	14392892	14592892	harbor1	chr19	14488799	14488916	LINE/L2	653	-	58	14488857	95965
chr19	34177687	34377687	harbor1	chr19	34273669	34274123	LINE/L2	682	-	227	34273896	96209
chr19	34177687	34377687	harbor1	chr19	34274411	34274663	LINE/L2	682	-	126	34274537	96850
chr19	42278497	42478497	harbor1	chr19	42374614	42375048	LINE/L2	1263	-	217	42374831	96334
chr19	42278497	42478497	harbor1	chr19	42376930	42377506	LINE/L2	890	-	288	42377218	98721
chr19	42278497	42478497	harbor1	chr19	42377803	42378104	LINE/L2	890	-	150	42377953	99456
chr19	46326583	46526583	harbor1	chr19	46336695	46336706	LINE/L2	710	-	6	46336701	10118
chr19	46326583	46526583	harbor1	chr19	46337015	46337258	LINE/L2	710	-	122	46337137	10554
chr19	46326583	46526583	harbor1	chr19	46347806	46348305	LINE/L2	947	-	250	46348056	21473
chr19	46326583	46526583	harbor1	chr19	46376069	46376306	LINE/L2	646	-	118	46376187	49604
chr19	49979549	50179549	harbor1	chr19	50007922	50008234	LINE/L2	651	-	156	50008078	28529
chr19	49979549	50179549	harbor1	chr19	50013668	50013984	LINE/L2	850	-	158	50013826	34277
chr19	49979549	50179549	harbor1	chr19	50014603	50015199	LINE/L2	1216	-	298	50014901	35352
chr19	49979549	50179549	harbor1	chr19	50015735	50015936	LINE/L2	1216	-	100	50015835	36286
chr19	49979549	50179549	harbor1	chr19	50020765	50021113	LINE/L2	864	-	174	50020939	41390
chr19	49979549	50179549	harbor1	chr19	50032514	50032631	LINE/L2	674	-	58	50032572	53023
chr19	49979549	50179549	harbor1	chr19	50033106	50033520	LINE/L2	743	-	207	50033313	53764
chr19	49979549	50179549	harbor1	chr19	50065376	50065888	LINE/L2	722	-	256	50065632	86083
chr19	17750488	17950488	harbor1	chr19	17764607	17764783	LINE/L2	804	-	88	17764695	14207
chr19	17750488	17950488	harbor1	chr19	17765085	17765379	LINE/L2	804	-	147	17765232	14744
chr19	17750488	17950488	harbor1	chr19	17777125	17777254	LINE/L2	688	-	64	17777189	26701
chr19	17750488	17950488	harbor1	chr19	17777563	17777762	LINE/L2	688	-	100	17777663	27175
chr19	17750488	17950488	harbor1	chr19	17778053	17778097	LINE/L2	688	-	22	17778075	27587
chr19	17750488	17950488	harbor1	chr19	17778935	17779662	LINE/L2	695	-	364	17779299	28811
chr19	3238206	3438206	harbor1	chr19	3291596	3291868	LINE/L2	742	-	136	3291732	53526
chr19	3238206	3438206	harbor1	chr19	3316083	3316830	LINE/L2	1267	-	374	3316457	78251
chr19	40536226	40736226	harbor1	chr19	40587156	40587307	LINE/L2	1165	-	76	40587232	51006
chr19	40536226	40736226	harbor1	chr19	40587924	40588465	LINE/L2	1165	-	270	40588194	51968
chr19	40536226	40736226	harbor1	chr19	40619685	40620165	LINE/L2	1346	-	240	40619925	83699
chr19	46273520	46473520	harbor1	chr19	46305398	46305794	LINE/L2	764	-	198	46305596	32076
chr19	46273520	46473520	harbor1	chr19	46306107	46306184	LINE/L2	764	-	38	46306145	32625
chr19	46273520	46473520	harbor1	chr19	46336695	46336706	LINE/L2	710	-	6	46336701	63181
chr19	46273520	46473520	harbor1	chr19	46337015	46337258	LINE/L2	710	-	122	46337137	63617
chr19	46273520	46473520	harbor1	chr19	46347806	46348305	LINE/L2	947	-	250	46348056	74536
chr19	4398546	4598546	harbor1	chr19	4495410	4495787	LINE/L2	731	-	188	4495598	97052
chr19	44910146	45110146	harbor1	chr19	44957816	44958369	LINE/L2	1362	-	276	44958092	47946
chr19	50130530	50330530	harbor1	chr19	50173444	50173800	LINE/L2	1038	-	178	50173622	43092
chr19	50130530	50330530	harbor1	chr19	50192610	50193379	LINE/L2	1620	-	384	50192994	62464
chr19	50130530	50330530	harbor1	chr19	50197051	50197066	LINE/L2	1166	-	8	50197059	66529
chr19	50130530	50330530	harbor1	chr19	50197215	50197819	LINE/L2	1166	-	302	50197517	66987
chr19	50130530	50330530	harbor1	chr19	50201916	50202506	LINE/L2	1267	-	295	50202211	71681
chr19	44980412	45180412	harbor1	chr19	45033000	45033400	LINE/L2	1084	-	200	45033200	52788
chr19	44980412	45180412	harbor1	chr19	45076820	45077292	LINE/L2	780	-	236	45077056	96644
chr19	44692756	44892756	harbor1	chr19	44722781	44723070	LINE/L2	731	-	144	44722925	30169
chr19	12706380	12906380	harbor1	chr19	12716190	12716342	LINE/L2	773	-	76	12716266	9886
chr19	12706380	12906380	harbor1	chr19	12716651	12716932	LINE/L2	773	-	140	12716791	10411
chr19	12706380	12906380	harbor1	chr19	12738818	12739170	LINE/L2	1255	-	176	12738994	32614
chr19	12706380	12906380	harbor1	chr19	12739458	12739760	LINE/L2	1255	-	151	12739609	33229
chr19	8218496	8418496	harbor1	chr19	8259153	8259585	LINE/L2	923	-	216	8259369	40873
chr19	49678935	49878935	harbor1	chr19	49768871	49768968	LINE/L2	818	-	48	49768919	89984
chr19	49678935	49878935	harbor1	chr19	49769278	49769881	LINE/L2	1108	-	302	49769580	90645
chr19	49678935	49878935	harbor1	chr19	49770169	49770245	LINE/L2	1108	-	38	49770207	91272
chr19	49678935	49878935	harbor1	chr19	49773515	49774097	LINE/L2	831	-	291	49773806	94871
chr19	57883378	58083378	harbor1	chr19	57967107	57967382	LINE/L2	714	-	138	57967245	83867
chr19	29868245	30068245	harbor1	chr19	29946788	29947151	LINE/L2	752	-	182	29946970	78725
chr19	5712177	5912177	harbor1	chr19	5793264	5793629	LINE/L2	871	-	182	5793446	81269
chr19	41967650	42167650	harbor1	chr19	41999647	41999987	LINE/L2	975	-	170	41999817	32167
chr19	41967650	42167650	harbor1	chr19	42000004	42000617	LINE/L2	1692	-	306	42000310	32660
chr19	41967650	42167650	harbor1	chr19	42055448	42055682	LINE/L2	951	-	117	42055565	87915
chr19	41967650	42167650	harbor1	chr19	42056284	42056626	LINE/L2	951	-	171	42056455	88805
chr19	33771594	33971594	harbor1	chr19	33828438	33828984	LINE/L2	1281	-	273	33828711	57117
chr19	33771594	33971594	harbor1	chr19	33829325	33829434	LINE/L2	1281	-	54	33829379	57785
chr19	10619751	10819751	harbor1	chr19	10620577	10620763	LINE/L2	1164	-	93	10620670	919
chr19	10619751	10819751	harbor1	chr19	10621382	10621424	LINE/L2	1164	-	21	10621403	1652
chr19	10619751	10819751	harbor1	chr19	10622062	10622534	LINE/L2	1164	-	236	10622298	2547
chr19	35509506	35709506	harbor1	chr19	35517396	35517718	LINE/L2	700	-	161	35517557	8051
chr19	35509506	35709506	harbor1	chr19	35555927	35556375	LINE/L2	1340	-	224	35556151	46645
chr19	35509506	35709506	harbor1	chr19	35606859	35607078	LINE/L2	663	-	110	35606969	97463
chr19	15745880	15945880	harbor1	chr19	15802044	15802297	LINE/L2	904	-	126	15802170	56290
chr19	15745880	15945880	harbor1	chr19	15802576	15802636	LINE/L2	904	-	30	15802606	56726
chr19	43584962	43784962	harbor1	chr19	43654322	43654476	LINE/L2	710	-	77	43654399	69437
chr19	43584962	43784962	harbor1	chr19	43654732	43654906	LINE/L2	710	-	87	43654819	69857
chr19	43584962	43784962	harbor1	chr19	43672110	43672553	LINE/L2	1015	-	222	43672332	87370
chr19	45142329	45342329	harbor1	chr19	45142491	45142740	LINE/L2	751	-	124	45142615	286
chr19	45142329	45342329	harbor1	chr19	45218371	45218780	LINE/L2	715	-	204	45218575	76246
chr19	45142329	45342329	harbor1	chr19	45223266	45223340	LINE/L2	967	-	37	45223303	80974
chr19	45142329	45342329	harbor1	chr19	45223642	45223709	LINE/L2	967	-	34	45223676	81347
chr19	45142329	45342329	harbor1	chr19	45224006	45224320	LINE/L2	967	-	157	45224163	81834
chr19	56430803	56630803	harbor1	chr19	56462686	56463374	LINE/L2	778	-	344	56463030	32227
chr19	53921967	54121967	harbor1	chr19	53965570	53966080	LINE/L2	1435	-	255	53965825	43858
chr19	53921967	54121967	harbor1	chr19	53966388	53966401	LINE/L2	1435	-	6	53966394	44427
chr19	53921967	54121967	harbor1	chr19	53966694	53966997	LINE/L2	1435	-	152	53966846	44879
chr19	53921967	54121967	harbor1	chr19	53967218	53967385	LINE/L2	1435	-	84	53967302	45335
chr19	53921967	54121967	harbor1	chr19	53967975	53968096	LINE/L2	1435	-	60	53968035	46068
chr19	53921967	54121967	harbor1	chr19	53968404	53968487	LINE/L2	1435	-	42	53968446	46479
chr19	53921967	54121967	harbor1	chr19	53986932	53987058	LINE/L2	1469	-	63	53986995	65028
chr19	53921967	54121967	harbor1	chr19	53987370	53988271	LINE/L2	1469	-	450	53987820	65853
chr19	53921967	54121967	harbor1	chr19	53968792	53968914	LINE/L2	1435	-	61	53968853	46886
chr19	39184071	39384071	harbor1	chr19	39219256	39219354	LINE/L2	974	-	49	39219305	35234
chr19	39184071	39384071	harbor1	chr19	39219671	39220093	LINE/L2	974	-	211	39219882	35811
chr19	39184071	39384071	harbor1	chr19	39221169	39221584	LINE/L2	978	-	208	39221377	37306
chr19	39184071	39384071	harbor1	chr19	39221637	39221776	LINE/L2	978	-	70	39221707	37636
chr19	39184071	39384071	harbor1	chr19	39221902	39221967	LINE/L2	978	-	32	39221934	37863
chr19	39184071	39384071	harbor1	chr19	39222120	39222436	LINE/L2	978	-	158	39222278	38207
chr19	39184071	39384071	harbor1	chr19	39238770	39239100	LINE/L2	800	-	165	39238935	54864
chr19	3132699	3332699	harbor1	chr19	3210414	3210947	LINE/L2	707	-	266	3210680	77981
chr19	3132699	3332699	harbor1	chr19	3212384	3212623	LINE/L2	859	-	120	3212504	79805
chr19	3132699	3332699	harbor1	chr19	3213191	3213405	LINE/L2	859	-	107	3213298	80599
chr19	3132699	3332699	harbor1	chr19	3222710	3223057	LINE/L2	711	-	174	3222884	90185
chr19	707535	907535	harbor1	chr19	737491	738101	LINE/L2	715	-	305	737796	30261
chr19	43776277	43976277	harbor1	chr19	43837482	43837941	LINE/L2	776	-	230	43837712	61435
chr19	42047509	42247509	harbor1	chr19	42055448	42055682	LINE/L2	951	-	117	42055565	8056
chr19	42047509	42247509	harbor1	chr19	42056284	42056626	LINE/L2	951	-	171	42056455	8946
chr19	35446792	35646792	harbor1	chr19	35459904	35460340	LINE/L2	853	-	218	35460122	13330
chr19	35446792	35646792	harbor1	chr19	35517396	35517718	LINE/L2	700	-	161	35517557	70765
chr19	44766134	44966134	harbor1	chr19	44802680	44802923	LINE/L2	735	-	122	44802802	36668
chr19	44766134	44966134	harbor1	chr19	44807288	44807561	LINE/L2	821	-	136	44807424	41290
chr19	44766134	44966134	harbor1	chr19	44817260	44817540	LINE/L2	801	-	140	44817400	51266
chr19	44766134	44966134	harbor1	chr19	44817844	44817957	LINE/L2	801	-	56	44817900	51766
chr19	39512570	39712570	harbor1	chr19	39517291	39517692	LINE/L2	1070	-	200	39517491	4921
chr19	39512570	39712570	harbor1	chr19	39518301	39518538	LINE/L2	1070	-	118	39518419	5849
chr19	11472338	11672338	harbor1	chr19	11543990	11544467	LINE/L2	1291	-	238	11544228	71890
chr19	11472338	11672338	harbor1	chr19	11544801	11544916	LINE/L2	1291	-	58	11544859	72521
chr19	11472338	11672338	harbor1	chr19	11545218	11545672	LINE/L2	1291	-	227	11545445	73107
chr19	11472338	11672338	harbor1	chr19	11545996	11546034	LINE/L2	1291	-	19	11546015	73677
chr19	11472338	11672338	harbor1	chr19	11534206	11534396	LINE/L2	720	-	95	11534301	61963
chr19	55409140	55609140	harbor1	chr19	55477822	55477986	LINE/L2	1054	-	82	55477904	68764
chr19	55409140	55609140	harbor1	chr19	55478225	55479558	LINE/L2	1458	-	666	55478891	69751
chr19	55409140	55609140	harbor1	chr19	55479779	55480100	LINE/L2	1458	-	160	55479939	70799
chr19	55409140	55609140	harbor1	chr19	55410178	55410942	LINE/L2	769	-	382	55410560	1420
chr19	50038465	50238465	harbor1	chr19	50065376	50065888	LINE/L2	722	-	256	50065632	27167
chr19	40038073	40238073	harbor1	chr19	40136493	40136912	LINE/L2	1251	-	210	40136703	98630
chr19	42326591	42526591	harbor1	chr19	42374614	42375048	LINE/L2	1263	-	217	42374831	48240
chr19	42326591	42526591	harbor1	chr19	42376930	42377506	LINE/L2	890	-	288	42377218	50627
chr19	42326591	42526591	harbor1	chr19	42377803	42378104	LINE/L2	890	-	150	42377953	51362
chr19	42326591	42526591	harbor1	chr19	42382290	42382489	LINE/L2	1037	-	100	42382390	55799
chr19	42326591	42526591	harbor1	chr19	42382793	42383540	LINE/L2	1655	-	374	42383167	56576
chr20	17757330	17957330	harbor1	chr20	17758007	17758675	LINE/L2	575	-	334	17758341	1011
chr20	17757330	17957330	harbor1	chr20	17766033	17766224	LINE/L2	421	-	96	17766129	8799
chr20	17757330	17957330	harbor1	chr20	17766871	17767059	LINE/L2	441	-	94	17766965	9635
chr20	17757330	17957330	harbor1	chr20	17772843	17773011	LINE/L2	865	-	84	17772927	15597
chr20	17757330	17957330	harbor1	chr20	17773312	17773517	LINE/L2	865	-	102	17773414	16084
chr20	17757330	17957330	harbor1	chr20	17781616	17782047	LINE/L2	1331	-	216	17781832	24502
chr20	64014144	64214144	harbor1	chr20	64054693	64054833	LINE/L2	585	-	70	64054763	40619
chr20	44779652	44979652	harbor1	chr20	44781153	44781373	LINE/L2	494	-	110	44781263	1611
chr20	44779652	44979652	harbor1	chr20	44786860	44787232	LINE/L2	527	-	186	44787046	7394
chr20	44779652	44979652	harbor1	chr20	44822733	44822836	LINE/L2	1203	-	52	44822785	43133
chr20	44779652	44979652	harbor1	chr20	44822968	44823306	LINE/L2	1203	-	169	44823137	43485
chr20	6845781	7045781	harbor1	chr20	6912500	6912810	LINE/L2	551	-	155	6912655	66874
chr20	20691771	20891771	harbor1	chr20	20725934	20726263	LINE/L2	428	-	164	20726098	34327
chr20	41219839	41419839	harbor1	chr20	41220044	41220391	LINE/L2	575	-	174	41220218	379
chr20	41219839	41419839	harbor1	chr20	41267438	41267889	LINE/L2	1001	-	226	41267664	47825
chr20	41219839	41419839	harbor1	chr20	41281778	41282124	LINE/L2	884	-	173	41281951	62112
chr20	41219839	41419839	harbor1	chr20	41312838	41313431	LINE/L2	704	-	296	41313134	93295
chr20	41219839	41419839	harbor1	chr20	41314852	41315194	LINE/L2	982	-	171	41315023	95184
chr20	41219839	41419839	harbor1	chr20	41315479	41315659	LINE/L2	982	-	90	41315569	95730
chr20	41219839	41419839	harbor1	chr20	41221448	41222342	LINE/L2	1871	-	447	41221895	2056
chr20	18831823	19031823	harbor1	chr20	18909970	18910718	LINE/L2	1274	-	374	18910344	78521
chr20	11155507	11355507	harbor1	chr20	11169818	11170132	LINE/L2	669	-	157	11169975	14468
chr20	11155507	11355507	harbor1	chr20	11190619	11191246	LINE/L2	530	-	314	11190933	35426
chr20	23158929	23358929	harbor1	chr20	23202263	23202287	LINE/L2	438	-	12	23202275	43346
chr20	23158929	23358929	harbor1	chr20	23202733	23202907	LINE/L2	438	-	87	23202820	43891
chr20	13106023	13306023	harbor1	chr20	13184102	13184216	LINE/L2	487	-	57	13184159	78136
chr20	13106023	13306023	harbor1	chr20	13201147	13201425	LINE/L2	502	-	139	13201286	95263
chr20	58260032	58460032	harbor1	chr20	58354780	58355049	LINE/L2	526	-	134	58354914	94882
chr20	24689611	24889611	harbor1	chr20	24776549	24776948	LINE/L2	552	-	200	24776749	87138
chr20	42199979	42399979	harbor1	chr20	42251333	42252349	LINE/L2	613	-	508	42251841	51862
chr20	42199979	42399979	harbor1	chr20	42277935	42278073	LINE/L2	598	-	69	42278004	78025
chr20	42199979	42399979	harbor1	chr20	42278135	42278505	LINE/L2	598	-	185	42278320	78341
chr20	42199979	42399979	harbor1	chr20	42291228	42291412	LINE/L2	568	-	92	42291320	91341
chr20	42199979	42399979	harbor1	chr20	42291630	42292041	LINE/L2	426	-	206	42291836	91857
chr20	59455789	59655789	harbor1	chr20	59462083	59462532	LINE/L2	454	-	224	59462307	6518
chr20	2699012	2899012	harbor1	chr20	2711620	2712649	LINE/L2	1973	-	514	2712134	13122
chr20	2699012	2899012	harbor1	chr20	2713031	2714102	LINE/L2	2894	-	536	2713567	14555
chr20	34758637	34958637	harbor1	chr20	34774853	34775286	LINE/L2	491	-	216	34775069	16432
chr20	55891299	56091299	harbor1	chr20	55909420	55909948	LINE/L2	707	-	264	55909684	18385
chr20	55891299	56091299	harbor1	chr20	55952893	55953045	LINE/L2	699	-	76	55952969	61670
chr20	55891299	56091299	harbor1	chr20	55953286	55953385	LINE/L2	414	-	50	55953336	62037
chr20	55891299	56091299	harbor1	chr20	55953533	55953618	LINE/L2	414	-	42	55953575	62276
chr20	55891299	56091299	harbor1	chr20	55953825	55954137	LINE/L2	489	-	156	55953981	62682
chr20	55891299	56091299	harbor1	chr20	55954534	55954766	LINE/L2	489	-	116	55954650	63351
chr20	55891299	56091299	harbor1	chr20	55959735	55959881	LINE/L2	442	-	73	55959808	68509
chr20	55891299	56091299	harbor1	chr20	55971200	55971506	LINE/L2	443	-	153	55971353	80054
chr20	52563354	52763354	harbor1	chr20	52578303	52578524	LINE/L2	527	-	110	52578413	15059
chr20	52563354	52763354	harbor1	chr20	52600763	52600959	LINE/L2	465	-	98	52600861	37507
chr20	52563354	52763354	harbor1	chr20	52637035	52637374	LINE/L2	503	-	170	52637205	73851
chr20	52563354	52763354	harbor1	chr20	52657383	52657952	LINE/L2	873	-	284	52657667	94313
chr20	52563354	52763354	harbor1	chr20	52660075	52660784	LINE/L2	1025	-	354	52660429	97075
chr20	52563354	52763354	harbor1	chr20	52641309	52641892	LINE/L2	825	-	292	52641601	78247
chr20	35958756	36158756	harbor1	chr20	35979642	35979892	LINE/L2	482	-	125	35979767	21011
chr20	35958756	36158756	harbor1	chr20	36018951	36019243	LINE/L2	913	-	146	36019097	60341
chr20	35958756	36158756	harbor1	chr20	36019552	36019817	LINE/L2	913	-	132	36019684	60928
chr20	35958756	36158756	harbor1	chr20	36041516	36042233	LINE/L2	914	-	358	36041874	83118
chr20	35958756	36158756	harbor1	chr20	36051234	36051650	LINE/L2	996	-	208	36051442	92686
chr20	35958756	36158756	harbor1	chr20	36051671	36051799	LINE/L2	431	-	64	36051735	92979
chr20	35958756	36158756	harbor1	chr20	36051816	36052360	LINE/L2	468	-	272	36052088	93332
chr20	20127999	20327999	harbor1	chr20	20177567	20177899	LINE/L2	685	-	166	20177733	49734
chr20	20127999	20327999	harbor1	chr20	20184296	20184634	LINE/L2	990	-	169	20184465	56466
chr20	20127999	20327999	harbor1	chr20	20185241	20185597	LINE/L2	900	-	178	20185419	57420
chr20	58030911	58230911	harbor1	chr20	58045478	58045700	LINE/L2	499	-	111	58045589	14678
chr20	58030911	58230911	harbor1	chr20	58124770	58125054	LINE/L2	457	-	142	58124912	94001
chr20	51830911	52030911	harbor1	chr20	51843241	51843593	LINE/L2	571	-	176	51843417	12506
chr20	51830911	52030911	harbor1	chr20	51902396	51902474	LINE/L2	450	-	39	51902435	71524
chr20	51830911	52030911	harbor1	chr20	51902776	51902892	LINE/L2	450	-	58	51902834	71923
chr20	51830911	52030911	harbor1	chr20	51904009	51904592	LINE/L2	784	-	292	51904301	73390
chr20	33531992	33731992	harbor1	chr20	33572526	33573047	LINE/L2	818	-	260	33572786	40794
chr20	33531992	33731992	harbor1	chr20	33573081	33573420	LINE/L2	779	-	170	33573251	41259
chr20	33531992	33731992	harbor1	chr20	33593926	33594212	LINE/L2	675	-	143	33594069	62077
chr20	23018105	23218105	harbor1	chr20	23074872	23075120	LINE/L2	619	-	124	23074996	56891
chr20	44269064	44469064	harbor1	chr20	44269911	44270110	LINE/L2	1422	-	100	44270011	947
chr20	44269064	44469064	harbor1	chr20	44271266	44271761	LINE/L2	1422	-	248	44271514	2450
chr20	44269064	44469064	harbor1	chr20	44272318	44272676	LINE/L2	594	-	179	44272497	3433
chr20	44269064	44469064	harbor1	chr20	44276669	44276904	LINE/L2	994	-	118	44276787	7723
chr20	44269064	44469064	harbor1	chr20	44277277	44277871	LINE/L2	2068	-	297	44277574	8510
chr20	44269064	44469064	harbor1	chr20	44278182	44278360	LINE/L2	2068	-	89	44278271	9207
chr20	44269064	44469064	harbor1	chr20	44341340	44341490	LINE/L2	602	-	75	44341415	72351
chr20	44269064	44469064	harbor1	chr20	44361755	44361998	LINE/L2	461	-	122	44361877	92813
chr20	44269064	44469064	harbor1	chr20	44269425	44269649	LINE/L2	1422	-	112	44269537	473
chr20	2881387	3081387	harbor1	chr20	2957705	2958475	LINE/L2	652	-	385	2958090	76703
chr20	41546184	41746184	harbor1	chr20	41620033	41620170	LINE/L2	589	-	68	41620101	73917
chr20	41546184	41746184	harbor1	chr20	41624596	41624903	LINE/L2	508	-	154	41624750	78566
chr20	41546184	41746184	harbor1	chr20	41646010	41646329	LINE/L2	414	-	160	41646170	99986
chr20	9402040	9602040	harbor1	chr20	9402027	9402911	LINE/L2	1081	-	442	9402469	429
chr20	9402040	9602040	harbor1	chr20	9403849	9404337	LINE/L2	991	-	244	9404093	2053
chr20	9402040	9602040	harbor1	chr20	9495853	9496316	LINE/L2	1107	-	232	9496085	94045
chr20	9402040	9602040	harbor1	chr20	9498091	9498149	LINE/L2	557	-	29	9498120	96080
chr20	9402040	9602040	harbor1	chr20	9498467	9498668	LINE/L2	557	-	100	9498567	96527
chr20	9402040	9602040	harbor1	chr20	9499052	9499075	LINE/L2	557	-	12	9499064	97024
chr20	9402040	9602040	harbor1	chr20	9499082	9500000	LINE/L2	1776	-	459	9499541	97501
chr20	9402040	9602040	harbor1	chr20	9501158	9501385	LINE/L2	486	-	114	9501272	99232
chr20	6569772	6769772	harbor1	chr20	6581982	6582501	LINE/L2	1033	-	260	6582242	12470
chr20	6569772	6769772	harbor1	chr20	6644079	6644341	LINE/L2	431	-	131	6644210	74438
chr20	19356745	19556745	harbor1	chr20	19381173	19381545	LINE/L2	899	-	186	19381359	24614
chr20	19356745	19556745	harbor1	chr20	19395662	19395910	LINE/L2	497	-	124	19395786	39041
chr20	19356745	19556745	harbor1	chr20	19403545	19403809	LINE/L2	517	-	132	19403677	46932
chr20	19356745	19556745	harbor1	chr20	19404156	19404280	LINE/L2	471	-	62	19404218	47473
chr20	19356745	19556745	harbor1	chr20	19416796	19417167	LINE/L2	539	-	186	19416982	60237
chr20	31506248	31706248	harbor1	chr20	31535688	31535925	LINE/L2	492	-	118	31535806	29558
chr20	31506248	31706248	harbor1	chr20	31595638	31596028	LINE/L2	675	-	195	31595833	89585
chr20	39446282	39646282	harbor1	chr20	39450608	39450759	LINE/L2	449	-	76	39450684	4402
chr20	39446282	39646282	harbor1	chr20	39457004	39457301	LINE/L2	773	-	148	39457152	10870
chr20	39446282	39646282	harbor1	chr20	39457748	39458770	LINE/L2	550	-	511	39458259	11977
chr20	39446282	39646282	harbor1	chr20	39460606	39460878	LINE/L2	615	-	136	39460742	14460
chr20	39446282	39646282	harbor1	chr20	39463980	39464643	LINE/L2	747	-	332	39464312	18030
chr20	39446282	39646282	harbor1	chr20	39490851	39491004	LINE/L2	440	-	76	39490927	44645
chr20	39446282	39646282	harbor1	chr20	39491289	39491658	LINE/L2	440	-	184	39491473	45191
chr20	39446282	39646282	harbor1	chr20	39529109	39529594	LINE/L2	444	-	242	39529351	83069
chr20	19048291	19248291	harbor1	chr20	19077588	19078338	LINE/L2	901	-	375	19077963	29672
chr20	19048291	19248291	harbor1	chr20	19078381	19078731	LINE/L2	618	-	175	19078556	30265
chr20	19048291	19248291	harbor1	chr20	19079085	19079278	LINE/L2	618	-	96	19079181	30890
chr20	42133499	42333499	harbor1	chr20	42142276	42142546	LINE/L2	773	-	135	42142411	8912
chr20	42133499	42333499	harbor1	chr20	42142914	42143273	LINE/L2	978	-	180	42143094	9595
chr20	42133499	42333499	harbor1	chr20	42143575	42143651	LINE/L2	978	-	38	42143613	10114
chr20	42133499	42333499	harbor1	chr20	42149137	42149422	LINE/L2	529	-	142	42149279	15780
chr20	42133499	42333499	harbor1	chr20	42181682	42182288	LINE/L2	733	-	303	42181985	48486
chr20	42133499	42333499	harbor1	chr20	42186458	42186939	LINE/L2	854	-	240	42186698	53199
chr20	42133499	42333499	harbor1	chr20	42188195	42188370	LINE/L2	484	-	88	42188283	54784
chr20	59417815	59617815	harbor1	chr20	59462083	59462532	LINE/L2	454	-	224	59462307	44492
chr20	14234603	14434603	harbor1	chr20	14259576	14259769	LINE/L2	459	-	96	14259672	25069
chr20	14234603	14434603	harbor1	chr20	14293159	14293703	LINE/L2	1106	-	272	14293431	58828
chr20	14234603	14434603	harbor1	chr20	14315412	14315597	LINE/L2	580	-	92	14315504	80901
chr20	38757782	38957782	harbor1	chr20	38794119	38794143	LINE/L2	459	-	12	38794131	36349
chr20	38757782	38957782	harbor1	chr20	38794761	38794859	LINE/L2	459	-	49	38794810	37028
chr20	38757782	38957782	harbor1	chr20	38795560	38795778	LINE/L2	459	-	109	38795669	37887
chr20	38757782	38957782	harbor1	chr20	38817039	38817215	LINE/L2	443	-	88	38817127	59345
chr20	38757782	38957782	harbor1	chr20	38845613	38846531	LINE/L2	1280	-	459	38846072	88290
chr20	23678846	23878846	harbor1	chr20	23722565	23723204	LINE/L2	475	-	320	23722885	44039
chr20	1999665	2199665	harbor1	chr20	2009334	2010250	LINE/L2	511	-	458	2009792	10127
chr20	47287166	47487166	harbor1	chr20	47331382	47331921	LINE/L2	490	-	270	47331652	44486
chr20	47287166	47487166	harbor1	chr20	47377652	47377704	LINE/L2	658	-	26	47377678	90512
chr20	47287166	47487166	harbor1	chr20	47377975	47378279	LINE/L2	658	-	152	47378127	90961
chr20	47287166	47487166	harbor1	chr20	47378790	47379282	LINE/L2	1608	-	246	47379036	91870
chr20	47287166	47487166	harbor1	chr20	47379577	47379591	LINE/L2	1608	-	7	47379584	92418
chr20	47287166	47487166	harbor1	chr20	47379820	47380172	LINE/L2	1608	-	176	47379996	92830
chr20	47287166	47487166	harbor1	chr20	47384913	47385226	LINE/L2	471	-	156	47385069	97903
chr20	17346552	17546552	harbor1	chr20	17387776	17388395	LINE/L2	513	-	310	17388086	41534
chr21	24631959	24831959	harbor1	chr21	24726296	24726794	LINE/L2	628	-	249	24726545	94586
chr21	34625073	34825073	harbor1	chr21	34653444	34653741	LINE/L2	520	-	148	34653592	28519
chr21	34625073	34825073	harbor1	chr21	34653753	34654069	LINE/L2	647	-	158	34653911	28838
chr21	34625073	34825073	harbor1	chr21	34665017	34665249	LINE/L2	767	-	116	34665133	40060
chr21	34625073	34825073	harbor1	chr21	34665507	34665963	LINE/L2	965	-	228	34665735	40662
chr21	34625073	34825073	harbor1	chr21	34666125	34666221	LINE/L2	965	-	48	34666173	41100
chr21	34625073	34825073	harbor1	chr21	34676323	34676461	LINE/L2	549	-	69	34676392	51319
chr21	34625073	34825073	harbor1	chr21	34684144	34684341	LINE/L2	463	-	98	34684242	59169
chr21	15635602	15835602	harbor1	chr21	15683585	15684067	LINE/L2	670	-	241	15683826	48224
chr21	15635602	15835602	harbor1	chr21	15699420	15699498	LINE/L2	2051	-	39	15699459	63857
chr21	15635602	15835602	harbor1	chr21	15699875	15700767	LINE/L2	2051	-	446	15700321	64719
chr21	30498359	30698359	harbor1	chr21	30571484	30572541	LINE/L2	887	-	528	30572012	73653
chr21	30498359	30698359	harbor1	chr21	30578757	30579644	LINE/L2	449	-	444	30579201	80842
chr21	30498359	30698359	harbor1	chr21	30591826	30592309	LINE/L2	708	-	242	30592068	93709
chr21	14491627	14691627	harbor1	chr21	14514388	14515262	LINE/L2	1329	-	437	14514825	23198
chr21	14491627	14691627	harbor1	chr21	14559940	14560279	LINE/L2	494	-	170	14560110	68483
chr21	14491627	14691627	harbor1	chr21	14586458	14586808	LINE/L2	632	-	175	14586633	95006
chr21	24448367	24648367	harbor1	chr21	24545049	24545558	LINE/L2	764	-	254	24545303	96936
chr21	42450690	42650690	harbor1	chr21	42506513	42506626	LINE/L2	461	-	56	42506569	55879
chr21	16792096	16992096	harbor1	chr21	16832060	16832359	LINE/L2	450	-	150	16832210	40114
chr21	26408972	26608972	harbor1	chr21	26415017	26415739	LINE/L2	571	-	361	26415378	6406
chr21	26408972	26608972	harbor1	chr21	26423889	26424214	LINE/L2	2030	-	162	26424051	15079
chr21	26408972	26608972	harbor1	chr21	26424719	26425369	LINE/L2	2030	-	325	26425044	16072
chr21	26408972	26608972	harbor1	chr21	26428103	26429529	LINE/L2	4123	-	713	26428816	19844
chr21	26408972	26608972	harbor1	chr21	26457531	26457827	LINE/L2	447	-	148	26457679	48707
chr21	26408972	26608972	harbor1	chr21	26458124	26458205	LINE/L2	447	-	40	26458164	49192
chr21	26408972	26608972	harbor1	chr21	26478029	26479247	LINE/L2	2141	-	609	26478638	69666
chr21	26408972	26608972	harbor1	chr21	26426847	26427635	LINE/L2	4123	-	394	26427241	18269
chr21	39743786	39943786	harbor1	chr21	39794161	39794395	LINE/L2	729	-	117	39794278	50492
chr21	15464659	15664659	harbor1	chr21	15501537	15502175	LINE/L2	1004	-	319	15501856	37197
chr21	15464659	15664659	harbor1	chr21	15506921	15507558	LINE/L2	512	-	318	15507239	42580
chr21	33991353	34191353	harbor1	chr21	34087382	34088035	LINE/L2	1009	-	326	34087708	96355
chr21	46399461	46599461	harbor1	chr21	46473952	46474493	LINE/L2	579	-	270	46474222	74761
chr21	44997121	45197121	harbor1	chr21	45078549	45078828	LINE/L2	506	-	140	45078689	81568
chr21	44997121	45197121	harbor1	chr21	45079757	45080388	LINE/L2	978	-	316	45080073	82952
chr21	18121982	18321982	harbor1	chr21	18175946	18176271	LINE/L2	651	-	162	18176108	54126
chr21	13893683	14093683	harbor1	chr21	13910756	13911159	LINE/L2	476	-	202	13910958	17275
chr22	39331954	39531954	harbor1	chr22	39403944	39404266	LINE/L2	1101	-	161	39404105	72151
chr22	39331954	39531954	harbor1	chr22	39403102	39403638	LINE/L2	1101	-	268	39403370	71416
chr22	10485187	10685187	harbor1	chr22	10516636	10517247	LINE/L2	1062	-	306	10516942	31755
chr22	10485187	10685187	harbor1	chr22	10546900	10547243	LINE/L2	470	-	172	10547072	61885
chr22	10485187	10685187	harbor1	chr22	10568791	10569137	LINE/L2	474	-	173	10568964	83777
chr22	45598581	45798581	harbor1	chr22	45668324	45668724	LINE/L2	946	-	200	45668524	69943
chr22	45598581	45798581	harbor1	chr22	45669520	45669808	LINE/L2	722	-	144	45669664	71083
chr22	41920564	42120564	harbor1	chr22	41948598	41948637	LINE/L2	697	-	20	41948618	28054
chr22	41920564	42120564	harbor1	chr22	41949268	41949603	LINE/L2	697	-	168	41949436	28872
chr22	41854598	42054598	harbor1	chr22	41948598	41948637	LINE/L2	697	-	20	41948618	94020
chr22	41854598	42054598	harbor1	chr22	41949268	41949603	LINE/L2	697	-	168	41949436	94838
chr22	38509582	38709582	harbor1	chr22	38559587	38559737	LINE/L2	1549	-	75	38559662	50080
chr22	38509582	38709582	harbor1	chr22	38560048	38560649	LINE/L2	1549	-	300	38560348	50766
chr22	38509582	38709582	harbor1	chr22	38601029	38601928	LINE/L2	910	-	450	38601479	91897
chr22	24766312	24966312	harbor1	chr22	24809643	24810086	LINE/L2	458	-	222	24809865	43553
chr22	24766312	24966312	harbor1	chr22	24812809	24813345	LINE/L2	1138	-	268	24813077	46765
chr22	24766312	24966312	harbor1	chr22	24820728	24821025	LINE/L2	601	-	148	24820876	54564
chr22	24766312	24966312	harbor1	chr22	24821337	24821500	LINE/L2	601	-	82	24821419	55107
chr22	24766312	24966312	harbor1	chr22	24825016	24825245	LINE/L2	466	-	114	24825130	58818
chr22	24766312	24966312	harbor1	chr22	24835331	24835885	LINE/L2	966	-	277	24835608	69296
chr22	24766312	24966312	harbor1	chr22	24841538	24841737	LINE/L2	756	-	100	24841638	75326
chr22	24766312	24966312	harbor1	chr22	24844079	24844253	LINE/L2	905	-	87	24844166	77854
chr22	24766312	24966312	harbor1	chr22	24844540	24844626	LINE/L2	905	-	43	24844583	78271
chr22	24766312	24966312	harbor1	chr22	24849124	24849271	LINE/L2	496	-	74	24849198	82886
chr22	24766312	24966312	harbor1	chr22	24849572	24849921	LINE/L2	496	-	174	24849746	83434
chr22	24766312	24966312	harbor1	chr22	24851731	24851877	LINE/L2	499	-	73	24851804	85492
chr22	24766312	24966312	harbor1	chr22	24862599	24862717	LINE/L2	552	-	59	24862658	96346
chr22	40161042	40361042	harbor1	chr22	40168248	40168472	LINE/L2	488	-	112	40168360	7318
chr22	44176045	44376045	harbor1	chr22	44187572	44187740	LINE/L2	462	-	84	44187656	11611
chr22	24879023	25079023	harbor1	chr22	24936979	24937648	LINE/L2	1070	-	334	24937313	58290
chr22	24879023	25079023	harbor1	chr22	24944110	24944571	LINE/L2	1631	-	230	24944340	65317
chr22	24879023	25079023	harbor1	chr22	24945203	24945550	LINE/L2	1073	-	174	24945377	66354
chr22	24879023	25079023	harbor1	chr22	24949531	24949866	LINE/L2	527	-	168	24949699	70676
chr22	24879023	25079023	harbor1	chr22	24950884	24951020	LINE/L2	569	-	68	24950952	71929
chr22	24879023	25079023	harbor1	chr22	24972700	24973304	LINE/L2	991	-	302	24973002	93979
chr22	39592622	39792622	harbor1	chr22	39605499	39605945	LINE/L2	659	-	223	39605722	13100
chr22	39592622	39792622	harbor1	chr22	39633199	39633341	LINE/L2	491	-	71	39633270	40648
chr22	39592622	39792622	harbor1	chr22	39643833	39644151	LINE/L2	793	-	159	39643992	51370
chr22	27833544	28033544	harbor1	chr22	27839764	27840281	LINE/L2	551	-	258	27840022	6478
chr22	27833544	28033544	harbor1	chr22	27840581	27840785	LINE/L2	551	-	102	27840683	7139
chr22	27833544	28033544	harbor1	chr22	27917657	27918226	LINE/L2	1182	-	284	27917941	84397
chr22	27833544	28033544	harbor1	chr22	27919975	27920411	LINE/L2	532	-	218	27920193	86649
chr22	27833544	28033544	harbor1	chr22	27901939	27902521	LINE/L2	691	-	291	27902230	68686
chr22	36652013	36852013	harbor1	chr22	36658619	36658940	LINE/L2	464	-	160	36658779	6766
chr22	36652013	36852013	harbor1	chr22	36664308	36664426	LINE/L2	528	-	59	36664367	12354
chr22	36652013	36852013	harbor1	chr22	36689227	36689442	LINE/L2	556	-	108	36689335	37322
chr22	36652013	36852013	harbor1	chr22	36692678	36692864	LINE/L2	586	-	93	36692771	40758
chr22	36652013	36852013	harbor1	chr22	36693160	36693238	LINE/L2	586	-	39	36693199	41186
chr22	36652013	36852013	harbor1	chr22	36696525	36696784	LINE/L2	831	-	130	36696655	44642
chr22	36652013	36852013	harbor1	chr22	36707583	36708035	LINE/L2	489	-	226	36707809	55796
chr22	36652013	36852013	harbor1	chr22	36716910	36716999	LINE/L2	466	-	44	36716954	64941
chr22	16487907	16687907	harbor1	chr22	16502354	16502667	LINE/L2	463	-	156	16502510	14603
chr22	33821349	34021349	harbor1	chr22	33834122	33834282	LINE/L2	462	-	80	33834202	12853
chr22	33821349	34021349	harbor1	chr22	33866817	33866922	LINE/L2	502	-	52	33866869	45520
chr22	33821349	34021349	harbor1	chr22	33886768	33887121	LINE/L2	468	-	176	33886944	65595
chr22	29228352	29428352	harbor1	chr22	29245894	29246575	LINE/L2	579	-	340	29246234	17882
chr22	29228352	29428352	harbor1	chr22	29255540	29255874	LINE/L2	476	-	167	29255707	27355
chr22	27397527	27597527	harbor1	chr22	27492095	27492581	LINE/L2	484	-	243	27492338	94811
chr22	42927825	43127825	harbor1	chr22	42937009	42937364	LINE/L2	525	-	178	42937187	9362
chr22	40561426	40761426	harbor1	chr22	40585626	40585831	LINE/L2	480	-	102	40585728	24302
chr22	40561426	40761426	harbor1	chr22	40605399	40605632	LINE/L2	531	-	116	40605515	44089
chr22	40561426	40761426	harbor1	chr22	40616334	40616816	LINE/L2	807	-	241	40616575	55149
chr22	40561426	40761426	harbor1	chr22	40617129	40617445	LINE/L2	807	-	158	40617287	55861
chr22	40561426	40761426	harbor1	chr22	40617757	40617834	LINE/L2	807	-	38	40617795	56369
chr22	40561426	40761426	harbor1	chr22	40617852	40618070	LINE/L2	1467	-	109	40617961	56535
chr22	40561426	40761426	harbor1	chr22	40618390	40618583	LINE/L2	1467	-	96	40618486	57060
chr22	40561426	40761426	harbor1	chr22	40622864	40623052	LINE/L2	733	-	94	40622958	61532
chr22	40561426	40761426	harbor1	chr22	40623530	40623705	LINE/L2	516	-	88	40623618	62192
chr22	33915598	34115598	harbor1	chr22	33933570	33933802	LINE/L2	662	-	116	33933686	18088
chr22	33915598	34115598	harbor1	chr22	33934375	33934438	LINE/L2	662	-	32	33934407	18809
chr22	33915598	34115598	harbor1	chr22	33934739	33934898	LINE/L2	662	-	80	33934819	19221
chr22	33915598	34115598	harbor1	chr22	33987027	33987308	LINE/L2	598	-	140	33987167	71569
chr22	33915598	34115598	harbor1	chr22	34003525	34003774	LINE/L2	519	-	124	34003649	88051
chr22	33915598	34115598	harbor1	chr22	34009643	34009681	LINE/L2	457	-	19	34009662	94064
chr22	33915598	34115598	harbor1	chr22	34010228	34010505	LINE/L2	457	-	138	34010366	94768
chr22	25534051	25734051	harbor1	chr22	25615616	25616188	LINE/L2	760	-	286	25615902	81851
chr22	25534051	25734051	harbor1	chr22	25616595	25616716	LINE/L2	665	-	60	25616655	82604
chr22	34074412	34274412	harbor1	chr22	34100810	34101116	LINE/L2	586	-	153	34100963	26551
chr22	34074412	34274412	harbor1	chr22	34101432	34101551	LINE/L2	586	-	60	34101492	27080
chr22	34074412	34274412	harbor1	chr22	34106752	34107266	LINE/L2	792	-	257	34107009	32597
chr22	34074412	34274412	harbor1	chr22	34107574	34107729	LINE/L2	792	-	78	34107652	33240
chr22	34074412	34274412	harbor1	chr22	34153259	34153716	LINE/L2	1770	-	228	34153487	79075
chr22	34074412	34274412	harbor1	chr22	34154031	34154097	LINE/L2	1770	-	33	34154064	79652
chr22	34074412	34274412	harbor1	chr22	34154404	34154982	LINE/L2	1770	-	289	34154693	80281
chr22	11758260	11958260	harbor1	chr22	11837626	11838122	LINE/L2	1050	-	248	11837874	79614
chrX	48410247	48610247	harbor1	chrX	48479418	48479574	LINE/L2	1112	-	78	48479496	69249
chrX	48410247	48610247	harbor1	chrX	48479851	48479861	LINE/L2	1112	-	5	48479856	69609
chrX	48410247	48610247	harbor1	chrX	48483202	48483499	LINE/L2	786	-	148	48483350	73103
chrX	48410247	48610247	harbor1	chrX	48483786	48483965	LINE/L2	786	-	90	48483876	73629
chrX	48410247	48610247	harbor1	chrX	48489059	48489087	LINE/L2	813	-	14	48489073	78826
chrX	48410247	48610247	harbor1	chrX	48489386	48489628	LINE/L2	813	-	121	48489507	79260
chrX	48410247	48610247	harbor1	chrX	48480155	48480935	LINE/L2	1411	-	390	48480545	70298
chrX	57100477	57300477	harbor1	chrX	57128724	57129165	LINE/L2	783	-	220	57128944	28467
chrX	47619362	47819362	harbor1	chrX	47632628	47632938	LINE/L2	581	-	155	47632783	13421
chrX	47619362	47819362	harbor1	chrX	47647673	47647927	LINE/L2	761	-	127	47647800	28438
chrX	47619362	47819362	harbor1	chrX	47648532	47648726	LINE/L2	663	-	97	47648629	29267
chrX	47619362	47819362	harbor1	chrX	47652287	47652856	LINE/L2	1736	-	284	47652571	33209
chrX	47619362	47819362	harbor1	chrX	47656357	47656795	LINE/L2	1141	-	219	47656576	37214
chrX	47619362	47819362	harbor1	chrX	47678757	47679525	LINE/L2	2051	-	384	47679141	59779
chrX	47619362	47819362	harbor1	chrX	47679808	47680120	LINE/L2	2051	-	156	47679964	60602
chrX	47619362	47819362	harbor1	chrX	47644343	47645216	LINE/L2	1046	-	436	47644779	25417
chrX	69199112	69399112	harbor1	chrX	69206793	69206973	LINE/L2	595	-	90	69206883	7771
chrX	69199112	69399112	harbor1	chrX	69213297	69213811	LINE/L2	1456	-	257	69213554	14442
chrX	122154051	122354051	harbor1	chrX	122211417	122211933	LINE/L2	722	-	258	122211675	57624
chrX	8324370	8524370	harbor1	chrX	8378130	8378463	LINE/L2	700	-	166	8378296	53926
chrX	96100675	96300675	harbor1	chrX	96172040	96172164	LINE/L2	611	-	62	96172102	71427
chrX	12035511	12235511	harbor1	chrX	12068830	12070266	LINE/L2	1286	-	718	12069548	34037
chrX	12035511	12235511	harbor1	chrX	12092698	12093301	LINE/L2	1077	-	302	12093000	57489
chrX	12035511	12235511	harbor1	chrX	12132058	12133187	LINE/L2	1437	-	564	12132622	97111
chrX	38326752	38526752	harbor1	chrX	38360277	38360652	LINE/L2	874	-	188	38360465	33713
chrX	38326752	38526752	harbor1	chrX	38361976	38361986	LINE/L2	874	-	5	38361981	35229
chrX	38326752	38526752	harbor1	chrX	38375042	38375260	LINE/L2	914	-	109	38375151	48399
chrX	38326752	38526752	harbor1	chrX	38375291	38376589	LINE/L2	4088	-	649	38375940	49188
chrX	38326752	38526752	harbor1	chrX	38384901	38384982	LINE/L2	879	-	40	38384941	58189
chrX	38326752	38526752	harbor1	chrX	38385291	38385624	LINE/L2	879	-	166	38385457	58705
chrX	42813765	43013765	harbor1	chrX	42885828	42886798	LINE/L2	1599	-	485	42886313	72548
