H_chr	H_start	H_end	Harbor	TE_chr	TE_start	TE_end	TE	score	TE_strand	TE_half	TE_middle_pos	TE_dis
chr1	234473588	234673588	harbor1	chr1	234543600	234543966	LINE/CR1	759	+	183	234543783	70195
chr1	161699396	161899396	harbor1	chr1	161712540	161712873	LINE/CR1	784	+	166	161712706	13310
chr1	79114311	79314311	harbor1	chr1	79129279	79129527	LINE/CR1	398	+	124	79129403	15092
chr1	182089820	182289820	harbor1	chr1	182092422	182092889	LINE/CR1	747	+	234	182092656	2836
chr1	182089820	182289820	harbor1	chr1	182094748	182095493	LINE/CR1	1048	+	372	182095120	5300
chr1	178962333	179162333	harbor1	chr1	179024018	179024282	LINE/CR1	478	+	132	179024150	61817
chr1	181147469	181347469	harbor1	chr1	181239271	181239648	LINE/CR1	827	+	188	181239459	91990
chr1	181147469	181347469	harbor1	chr1	181239956	181240160	LINE/CR1	827	+	102	181240058	92589
chr1	50085083	50285083	harbor1	chr1	50184257	50184583	LINE/CR1	543	+	163	50184420	99337
chr1	29488753	29688753	harbor1	chr1	29498558	29499048	LINE/CR1	447	+	245	29498803	10050
chr1	219270043	219470043	harbor1	chr1	219350705	219350866	LINE/CR1	419	+	80	219350785	80742
chr1	156453270	156653270	harbor1	chr1	156512002	156512643	LINE/CR1	612	+	320	156512322	59052
chr1	156453270	156653270	harbor1	chr1	156515565	156515847	LINE/CR1	528	+	141	156515706	62436
chr1	198379030	198579030	harbor1	chr1	198414530	198414702	LINE/CR1	515	+	86	198414616	35586
chr1	37092934	37292934	harbor1	chr1	37137718	37137909	LINE/CR1	491	+	96	37137814	44880
chr1	184683952	184883952	harbor1	chr1	184714580	184714947	LINE/CR1	513	+	184	184714764	30812
chr1	184683952	184883952	harbor1	chr1	184715134	184715316	LINE/CR1	397	+	91	184715225	31273
chr1	184683952	184883952	harbor1	chr1	184782179	184782661	LINE/CR1	737	+	241	184782420	98468
chr1	53608248	53808248	harbor1	chr1	53683726	53683909	LINE/CR1	450	+	92	53683818	75570
chr1	50482160	50682160	harbor1	chr1	50553662	50554063	LINE/CR1	565	+	200	50553862	71702
chr1	210507012	210707012	harbor1	chr1	210565537	210565965	LINE/CR1	587	+	214	210565751	58739
chr1	31393087	31593087	harbor1	chr1	31418864	31419002	LINE/CR1	401	+	69	31418933	25846
chr1	202066985	202266985	harbor1	chr1	202113906	202114070	LINE/CR1	430	+	82	202113988	47003
chr1	177703164	177903164	harbor1	chr1	177737830	177738034	LINE/CR1	465	+	102	177737932	34768
chr1	40176712	40376712	harbor1	chr1	40182557	40182736	LINE/CR1	460	+	90	40182647	5935
chr1	40176712	40376712	harbor1	chr1	40182794	40182906	LINE/CR1	460	+	56	40182850	6138
chr1	148079546	148279546	harbor1	chr1	148083991	148084499	LINE/CR1	474	+	254	148084245	4699
chr1	218695033	218895033	harbor1	chr1	218697461	218697839	LINE/CR1	835	+	189	218697650	2617
chr1	218695033	218895033	harbor1	chr1	218698180	218698309	LINE/CR1	415	+	64	218698244	3211
chr1	86107127	86307127	harbor1	chr1	86179034	86179196	LINE/CR1	414	+	81	86179115	71988
chr1	93511514	93711514	harbor1	chr1	93555844	93556129	LINE/CR1	397	+	142	93555986	44472
chr1	150030465	150230465	harbor1	chr1	150043239	150043698	LINE/CR1	1024	+	230	150043469	13004
chr1	165787383	165987383	harbor1	chr1	165809076	165809221	LINE/CR1	433	+	72	165809148	21765
chr1	98296871	98496871	harbor1	chr1	98297008	98297374	LINE/CR1	479	+	183	98297191	320
chr1	221487667	221687667	harbor1	chr1	221560477	221561234	LINE/CR1	960	+	378	221560855	73188
chr1	199229925	199429925	harbor1	chr1	199247622	199248627	LINE/CR1	956	+	502	199248124	18199
chr1	90358234	90558234	harbor1	chr1	90412726	90413141	LINE/CR1	815	+	208	90412934	54700
chr1	115090116	115290116	harbor1	chr1	115140487	115140672	LINE/CR1	396	+	92	115140579	50463
chr1	218310499	218510499	harbor1	chr1	218391716	218392069	LINE/CR1	489	+	176	218391892	81393
chr1	218310499	218510499	harbor1	chr1	218392385	218392597	LINE/CR1	489	+	106	218392491	81992
chr1	209621836	209821836	harbor1	chr1	209679094	209679373	LINE/CR1	722	+	140	209679234	57398
chr1	209621836	209821836	harbor1	chr1	209681740	209681985	LINE/CR1	399	+	122	209681862	60026
chr1	234318168	234518168	harbor1	chr1	234357867	234358160	LINE/CR1	491	+	146	234358013	39845
chr1	176660658	176860658	harbor1	chr1	176671192	176671378	LINE/CR1	425	+	93	176671285	10627
chr1	111709759	111909759	harbor1	chr1	111788953	111789429	LINE/CR1	848	+	238	111789191	79432
chr1	111709759	111909759	harbor1	chr1	111791718	111791984	LINE/CR1	848	+	133	111791851	82092
chr1	198218231	198418231	harbor1	chr1	198248609	198248749	LINE/CR1	409	+	70	198248679	30448
chr1	91655636	91855636	harbor1	chr1	91687644	91687850	LINE/CR1	479	+	103	91687747	32111
chr1	66360768	66560768	harbor1	chr1	66365870	66366238	LINE/CR1	574	+	184	66366054	5286
chr1	181217203	181417203	harbor1	chr1	181239271	181239648	LINE/CR1	827	+	188	181239459	22256
chr1	181217203	181417203	harbor1	chr1	181239956	181240160	LINE/CR1	827	+	102	181240058	22855
chr1	181217203	181417203	harbor1	chr1	181290388	181290948	LINE/CR1	703	+	280	181290668	73465
chr1	175893864	176093864	harbor1	chr1	175973571	175973725	LINE/CR1	394	+	77	175973648	79784
chr1	184758351	184958351	harbor1	chr1	184782179	184782661	LINE/CR1	737	+	241	184782420	24069
chr1	184758351	184958351	harbor1	chr1	184804145	184804637	LINE/CR1	712	+	246	184804391	46040
chr1	184758351	184958351	harbor1	chr1	184840620	184840950	LINE/CR1	904	+	165	184840785	82434
chr1	184758351	184958351	harbor1	chr1	184840985	184841814	LINE/CR1	904	+	414	184841399	83048
chr1	184789190	184989190	harbor1	chr1	184804145	184804637	LINE/CR1	712	+	246	184804391	15201
chr1	184789190	184989190	harbor1	chr1	184840620	184840950	LINE/CR1	904	+	165	184840785	51595
chr1	184789190	184989190	harbor1	chr1	184840985	184841814	LINE/CR1	904	+	414	184841399	52209
chr1	163245512	163445512	harbor1	chr1	163324154	163324513	LINE/CR1	667	+	180	163324334	78822
chr1	63234272	63434272	harbor1	chr1	63253088	63253306	LINE/CR1	593	+	109	63253197	18925
chr1	176884080	177084080	harbor1	chr1	176906105	176906347	LINE/CR1	664	+	121	176906226	22146
chr1	180386978	180586978	harbor1	chr1	180449928	180450257	LINE/CR1	530	+	164	180450092	63114
chr1	180386978	180586978	harbor1	chr1	180450788	180451079	LINE/CR1	420	+	146	180450934	63956
chr1	41310941	41510941	harbor1	chr1	41316316	41316643	LINE/CR1	780	+	164	41316480	5539
chr1	161019032	161219032	harbor1	chr1	161078622	161078729	LINE/CR1	603	+	54	161078676	59644
chr1	161019032	161219032	harbor1	chr1	161079026	161079382	LINE/CR1	603	+	178	161079204	60172
chr1	30310228	30510228	harbor1	chr1	30339472	30339772	LINE/CR1	559	+	150	30339622	29394
chr1	30310228	30510228	harbor1	chr1	30389224	30389376	LINE/CR1	440	+	76	30389300	79072
chr1	177386307	177586307	harbor1	chr1	177395630	177395891	LINE/CR1	631	+	130	177395760	9453
chr1	177386307	177586307	harbor1	chr1	177443589	177444018	LINE/CR1	801	+	214	177443803	57496
chr1	111776442	111976442	harbor1	chr1	111788953	111789429	LINE/CR1	848	+	238	111789191	12749
chr1	111776442	111976442	harbor1	chr1	111791718	111791984	LINE/CR1	848	+	133	111791851	15409
chr1	8176042	8376042	harbor1	chr1	8202685	8202802	LINE/CR1	442	+	58	8202743	26701
chr1	8176042	8376042	harbor1	chr1	8226787	8227428	LINE/CR1	569	+	320	8227107	51065
chr1	211077993	211277993	harbor1	chr1	211128936	211129115	LINE/CR1	460	+	90	211129026	51033
chr1	211077993	211277993	harbor1	chr1	211149669	211150003	LINE/CR1	394	+	167	211149836	71843
chr1	79018502	79218502	harbor1	chr1	79049789	79050103	LINE/CR1	395	+	157	79049946	31444
chr1	37338604	37538604	harbor1	chr1	37338678	37338894	LINE/CR1	462	+	108	37338786	182
chr1	226469013	226669013	harbor1	chr1	226475048	226475206	LINE/CR1	479	+	79	226475127	6114
chr1	226469013	226669013	harbor1	chr1	226512931	226513192	LINE/CR1	460	+	130	226513061	44048
chr1	226469013	226669013	harbor1	chr1	226526522	226526763	LINE/CR1	574	+	120	226526642	57629
chr2	76860619	77060619	harbor1	chr2	76863988	76864375	LINE/CR1	746	+	194	76864182	3563
chr2	76860619	77060619	harbor1	chr2	76864677	76864719	LINE/CR1	746	+	21	76864698	4079
chr2	61372449	61572449	harbor1	chr2	61377045	61377319	LINE/CR1	465	+	137	61377182	4733
chr2	46424731	46624731	harbor1	chr2	46440434	46440891	LINE/CR1	750	+	228	46440662	15931
chr2	42983160	43183160	harbor1	chr2	43072416	43072806	LINE/CR1	690	+	195	43072611	89451
chr2	48504407	48704407	harbor1	chr2	48547665	48547958	LINE/CR1	580	+	146	48547811	43404
chr2	10400980	10600980	harbor1	chr2	10493187	10493355	LINE/CR1	404	+	84	10493271	92291
chr2	22832731	23032731	harbor1	chr2	22849832	22849949	LINE/CR1	506	+	58	22849890	17159
chr2	22832731	23032731	harbor1	chr2	22874873	22875240	LINE/CR1	514	+	184	22875057	42326
chr2	22832731	23032731	harbor1	chr2	22876466	22877389	LINE/CR1	1000	+	462	22876928	44197
chr2	35774564	35974564	harbor1	chr2	35861870	35862103	LINE/CR1	657	+	116	35861986	87422
chr2	180103780	180303780	harbor1	chr2	180167620	180168246	LINE/CR1	706	+	313	180167933	64153
chr2	214653290	214853290	harbor1	chr2	214678672	214678967	LINE/CR1	640	+	148	214678820	25530
chr2	214653290	214853290	harbor1	chr2	214679298	214679550	LINE/CR1	640	+	126	214679424	26134
chr2	171238831	171438831	harbor1	chr2	171240809	171241045	LINE/CR1	617	+	118	171240927	2096
chr2	162356072	162556072	harbor1	chr2	162391680	162391931	LINE/CR1	471	+	126	162391806	35734
chr2	169077780	169277780	harbor1	chr2	169102963	169103794	LINE/CR1	646	+	416	169103379	25599
chr2	199086750	199286750	harbor1	chr2	199136219	199136634	LINE/CR1	462	+	208	199136427	49677
chr2	190575386	190775386	harbor1	chr2	190579280	190579514	LINE/CR1	458	+	117	190579397	4011
chr2	15138323	15338323	harbor1	chr2	15153363	15153536	LINE/CR1	624	+	86	15153449	15126
chr2	54040615	54240615	harbor1	chr2	54121915	54122124	LINE/CR1	505	+	104	54122019	81404
chr2	228586400	228786400	harbor1	chr2	228593393	228593406	LINE/CR1	1139	+	6	228593399	6999
chr2	228586400	228786400	harbor1	chr2	228593928	228594560	LINE/CR1	1139	+	316	228594244	7844
chr2	24166311	24366311	harbor1	chr2	24180552	24181232	LINE/CR1	804	+	340	24180892	14581
chr2	24166311	24366311	harbor1	chr2	24254905	24255169	LINE/CR1	437	+	132	24255037	88726
chr2	54060360	54260360	harbor1	chr2	54121915	54122124	LINE/CR1	505	+	104	54122019	61659
chr2	22174284	22374284	harbor1	chr2	22201270	22201752	LINE/CR1	569	+	241	22201511	27227
chr2	65955052	66155052	harbor1	chr2	65960931	65961492	LINE/CR1	755	+	280	65961211	6159
chr2	113883993	114083993	harbor1	chr2	113932102	113932318	LINE/CR1	421	+	108	113932210	48217
chr2	111331440	111531440	harbor1	chr2	111347677	111348057	LINE/CR1	865	+	190	111347867	16427
chr2	165670113	165870113	harbor1	chr2	165696810	165697098	LINE/CR1	451	+	144	165696954	26841
chr2	127331616	127531616	harbor1	chr2	127333699	127333816	LINE/CR1	738	+	58	127333757	2141
chr2	127331616	127531616	harbor1	chr2	127334122	127334374	LINE/CR1	738	+	126	127334248	2632
chr2	33575951	33775951	harbor1	chr2	33601551	33601747	LINE/CR1	459	+	98	33601649	25698
chr2	33575951	33775951	harbor1	chr2	33650640	33650953	LINE/CR1	851	+	156	33650796	74845
chr3	146069718	146269718	harbor1	chr3	146133801	146134324	LINE/CR1	506	+	262	146134063	64345
chr3	146069718	146269718	harbor1	chr3	146162449	146162618	LINE/CR1	426	+	84	146162533	92815
chr3	154409220	154609220	harbor1	chr3	154449917	154450183	LINE/CR1	496	+	133	154450050	40830
chr3	44953778	45153778	harbor1	chr3	45018912	45019179	LINE/CR1	537	+	134	45019046	65268
chr3	31383156	31583156	harbor1	chr3	31390253	31390422	LINE/CR1	478	+	84	31390337	7181
chr3	120835789	121035789	harbor1	chr3	120884899	120885194	LINE/CR1	485	+	148	120885047	49258
chr3	120835789	121035789	harbor1	chr3	120887519	120887717	LINE/CR1	500	+	99	120887618	51829
chr3	120835789	121035789	harbor1	chr3	120914050	120914232	LINE/CR1	669	+	91	120914141	78352
chr3	81156579	81356579	harbor1	chr3	81207099	81207244	LINE/CR1	638	+	72	81207171	50592
chr3	81156579	81356579	harbor1	chr3	81207548	81207843	LINE/CR1	638	+	148	81207696	51117
chr3	188111066	188311066	harbor1	chr3	188126274	188126428	LINE/CR1	410	+	77	188126351	15285
chr3	16257206	16457206	harbor1	chr3	16350816	16351522	LINE/CR1	854	+	353	16351169	93963
chr3	177531171	177731171	harbor1	chr3	177575977	177576366	LINE/CR1	806	+	194	177576171	45000
chr3	40779167	40979167	harbor1	chr3	40790426	40790545	LINE/CR1	507	+	60	40790486	11319
chr3	40779167	40979167	harbor1	chr3	40790839	40791111	LINE/CR1	507	+	136	40790975	11808
chr3	40779167	40979167	harbor1	chr3	40791115	40791358	LINE/CR1	701	+	122	40791237	12070
chr3	40779167	40979167	harbor1	chr3	40791404	40791784	LINE/CR1	701	+	190	40791594	12427
chr3	40779167	40979167	harbor1	chr3	40792162	40792324	LINE/CR1	416	+	81	40792243	13076
chr3	114431362	114631362	harbor1	chr3	114507370	114507755	LINE/CR1	825	+	192	114507562	76200
chr3	41436348	41636348	harbor1	chr3	41531715	41531837	LINE/CR1	471	+	61	41531776	95428
chr3	137170930	137370930	harbor1	chr3	137257960	137258183	LINE/CR1	612	+	112	137258072	87142
chr3	154526806	154726806	harbor1	chr3	154546208	154546535	LINE/CR1	470	+	164	154546372	19566
chr3	82523275	82723275	harbor1	chr3	82568455	82569019	LINE/CR1	502	+	282	82568737	45462
chr3	41019031	41219031	harbor1	chr3	41057369	41057737	LINE/CR1	428	+	184	41057553	38522
chr3	147601964	147801964	harbor1	chr3	147633133	147633624	LINE/CR1	476	+	246	147633379	31415
chr3	72691028	72891028	harbor1	chr3	72770422	72770733	LINE/CR1	521	+	156	72770578	79550
chr3	72691028	72891028	harbor1	chr3	72770734	72771195	LINE/CR1	589	+	230	72770964	79936
chr3	184835222	185035222	harbor1	chr3	184871758	184873060	LINE/CR1	1200	+	651	184872409	37187
chr3	184835222	185035222	harbor1	chr3	184873312	184873350	LINE/CR1	1200	+	19	184873331	38109
chr3	184835222	185035222	harbor1	chr3	184874146	184874956	LINE/CR1	944	+	405	184874551	39329
chr3	134598251	134798251	harbor1	chr3	134697034	134697286	LINE/CR1	480	+	126	134697160	98909
chr3	117409893	117609893	harbor1	chr3	117429125	117429549	LINE/CR1	441	+	212	117429337	19444
chr3	189250636	189450636	harbor1	chr3	189322805	189323198	LINE/CR1	592	+	196	189323001	72365
chr3	189250636	189450636	harbor1	chr3	189349583	189349810	LINE/CR1	547	+	114	189349697	99061
chr3	23177231	23377231	harbor1	chr3	23193362	23193697	LINE/CR1	561	+	168	23193530	16299
chr3	76601185	76801185	harbor1	chr3	76605128	76606014	LINE/CR1	479	+	443	76605571	4386
chr3	173250937	173450937	harbor1	chr3	173307290	173307640	LINE/CR1	563	+	175	173307465	56528
chr3	29768236	29968236	harbor1	chr3	29863985	29864400	LINE/CR1	489	+	208	29864193	95957
chr3	114431323	114631323	harbor1	chr3	114507370	114507755	LINE/CR1	825	+	192	114507562	76239
chr3	178605179	178805179	harbor1	chr3	178666113	178666623	LINE/CR1	502	+	255	178666368	61189
chr3	28533140	28733140	harbor1	chr3	28599588	28599979	LINE/CR1	441	+	196	28599784	66644
chr4	19250126	19450126	harbor1	chr4	19329815	19329966	LINE/CR1	460	+	76	19329891	79765
chr4	6713772	6913772	harbor1	chr4	6729243	6729484	LINE/CR1	406	+	120	6729363	15591
chr4	108195037	108395037	harbor1	chr4	108291816	108292030	LINE/CR1	433	+	107	108291923	96886
chr4	146126953	146326953	harbor1	chr4	146198239	146198498	LINE/CR1	761	+	130	146198369	71416
chr4	146126953	146326953	harbor1	chr4	146198808	146198996	LINE/CR1	761	+	94	146198902	71949
chr4	146126953	146326953	harbor1	chr4	146200377	146200845	LINE/CR1	708	+	234	146200611	73658
chr4	146126953	146326953	harbor1	chr4	146201082	146201435	LINE/CR1	437	+	176	146201258	74305
chr4	152609837	152809837	harbor1	chr4	152697032	152697258	LINE/CR1	428	+	113	152697145	87308
chr4	173217660	173417660	harbor1	chr4	173237711	173237949	LINE/CR1	391	+	119	173237830	20170
chr4	173217660	173417660	harbor1	chr4	173276256	173276449	LINE/CR1	391	+	96	173276352	58692
chr4	173217660	173417660	harbor1	chr4	173277690	173278870	LINE/CR1	1273	+	590	173278280	60620
chr4	97724477	97924477	harbor1	chr4	97764489	97764656	LINE/CR1	409	+	84	97764573	40096
chr4	97724477	97924477	harbor1	chr4	97765920	97766140	LINE/CR1	408	+	110	97766030	41553
chr5	156808738	157008738	harbor1	chr5	156906307	156906646	LINE/CR1	599	+	170	156906477	97739
chr5	92028988	92228988	harbor1	chr5	92120629	92121134	LINE/CR1	734	+	252	92120881	91893
chr5	35507357	35707357	harbor1	chr5	35526860	35526985	LINE/CR1	590	+	62	35526922	19565
chr5	35507357	35707357	harbor1	chr5	35527168	35527591	LINE/CR1	590	+	212	35527380	20023
chr5	35507357	35707357	harbor1	chr5	35527715	35528085	LINE/CR1	483	+	185	35527900	20543
chr5	38750889	38950889	harbor1	chr5	38794836	38795117	LINE/CR1	523	+	140	38794976	44087
chr5	156356183	156556183	harbor1	chr5	156452631	156453443	LINE/CR1	1067	+	406	156453037	96854
chr5	159682223	159882223	harbor1	chr5	159766128	159766279	LINE/CR1	510	+	76	159766204	83981
chr5	107544129	107744129	harbor1	chr5	107600184	107600466	LINE/CR1	721	+	141	107600325	56196
chr5	177840343	178040343	harbor1	chr5	177888141	177888403	LINE/CR1	555	+	131	177888272	47929
chr5	39576991	39776991	harbor1	chr5	39628471	39628902	LINE/CR1	687	+	216	39628687	51696
chr5	144231643	144431643	harbor1	chr5	144304183	144304757	LINE/CR1	693	+	287	144304470	72827
chr5	130263508	130463508	harbor1	chr5	130340674	130340849	LINE/CR1	480	+	88	130340762	77254
chr5	175260696	175460696	harbor1	chr5	175274258	175274481	LINE/CR1	700	+	112	175274370	13674
chr5	158243711	158443711	harbor1	chr5	158251936	158252672	LINE/CR1	1403	+	368	158252304	8593
chr5	9885825	10085825	harbor1	chr5	9927224	9927428	LINE/CR1	711	+	102	9927326	41501
chr5	149108535	149308535	harbor1	chr5	149204020	149204542	LINE/CR1	978	+	261	149204281	95746
chr5	149108535	149308535	harbor1	chr5	149205093	149205407	LINE/CR1	673	+	157	149205250	96715
chr5	38370025	38570025	harbor1	chr5	38414280	38415059	LINE/CR1	664	+	390	38414670	44645
chr5	175848152	176048152	harbor1	chr5	175859158	175859618	LINE/CR1	906	+	230	175859388	11236
chr5	39583943	39783943	harbor1	chr5	39628471	39628902	LINE/CR1	687	+	216	39628687	44744
chr5	116615102	116815102	harbor1	chr5	116681033	116681516	LINE/CR1	735	+	242	116681275	66173
chr5	149838695	150038695	harbor1	chr5	149862044	149862476	LINE/CR1	593	+	216	149862260	23565
chr6	70708947	70908947	harbor1	chr6	70737982	70738178	LINE/CR1	504	+	98	70738080	29133
chr6	147275233	147475233	harbor1	chr6	147330097	147330262	LINE/CR1	455	+	82	147330179	54946
chr6	147275233	147475233	harbor1	chr6	147330560	147330825	LINE/CR1	699	+	132	147330692	55459
chr6	147275233	147475233	harbor1	chr6	147331036	147331386	LINE/CR1	699	+	175	147331211	55978
chr6	147275233	147475233	harbor1	chr6	147342786	147343073	LINE/CR1	448	+	144	147342930	67697
chr6	86122732	86322732	harbor1	chr6	86196442	86196843	LINE/CR1	711	+	200	86196642	73910
chr6	112084800	112284800	harbor1	chr6	112100000	112100225	LINE/CR1	765	+	112	112100112	15312
chr6	164027340	164227340	harbor1	chr6	164050212	164050561	LINE/CR1	804	+	174	164050386	23046
chr6	164027340	164227340	harbor1	chr6	164103952	164104246	LINE/CR1	665	+	147	164104099	76759
chr6	164027340	164227340	harbor1	chr6	164119524	164120245	LINE/CR1	846	+	360	164119884	92544
chr6	86439643	86639643	harbor1	chr6	86439683	86440244	LINE/CR1	787	+	280	86439963	320
chr6	135031307	135231307	harbor1	chr6	135125888	135126149	LINE/CR1	512	+	130	135126018	94711
chr6	135031307	135231307	harbor1	chr6	135126278	135126468	LINE/CR1	456	+	95	135126373	95066
chr6	83689592	83889592	harbor1	chr6	83727036	83727473	LINE/CR1	597	+	218	83727254	37662
chr6	83689592	83889592	harbor1	chr6	83786275	83786803	LINE/CR1	974	+	264	83786539	96947
chr6	83689592	83889592	harbor1	chr6	83787089	83787206	LINE/CR1	974	+	58	83787147	97555
chr6	12391601	12591601	harbor1	chr6	12444049	12444362	LINE/CR1	431	+	156	12444205	52604
chr6	39730097	39930097	harbor1	chr6	39745908	39746150	LINE/CR1	499	+	121	39746029	15932
chr6	83763171	83963171	harbor1	chr6	83786275	83786803	LINE/CR1	974	+	264	83786539	23368
chr6	83763171	83963171	harbor1	chr6	83787089	83787206	LINE/CR1	974	+	58	83787147	23976
chr6	109763746	109963746	harbor1	chr6	109811085	109811466	LINE/CR1	714	+	190	109811275	47529
chr6	83840575	84040575	harbor1	chr6	83887167	83887336	LINE/CR1	421	+	84	83887251	46676
chr6	45845126	46045126	harbor1	chr6	45853578	45854153	LINE/CR1	969	+	288	45853866	8740
chr6	45845126	46045126	harbor1	chr6	45885650	45885890	LINE/CR1	444	+	120	45885770	40644
chr6	147515035	147715035	harbor1	chr6	147564321	147564606	LINE/CR1	916	+	142	147564463	49428
chr6	6002112	6202112	harbor1	chr6	6036700	6037003	LINE/CR1	481	+	152	6036852	34740
chr6	167796336	167996336	harbor1	chr6	167857259	167857460	LINE/CR1	497	+	100	167857359	61023
chr6	16321069	16521069	harbor1	chr6	16334052	16334457	LINE/CR1	921	+	202	16334254	13185
chr6	16321069	16521069	harbor1	chr6	16334735	16334930	LINE/CR1	921	+	98	16334833	13764
chr6	54744822	54944822	harbor1	chr6	54805397	54805611	LINE/CR1	587	+	107	54805504	60682
chr6	8421512	8621512	harbor1	chr6	8455559	8455845	LINE/CR1	428	+	143	8455702	34190
chr6	125553650	125753650	harbor1	chr6	125572040	125572468	LINE/CR1	453	+	214	125572254	18604
chr6	125553650	125753650	harbor1	chr6	125579780	125580051	LINE/CR1	651	+	136	125579916	26266
chr6	125553650	125753650	harbor1	chr6	125615341	125615580	LINE/CR1	580	+	120	125615461	61811
chr7	133378143	133578143	harbor1	chr7	133417133	133417379	LINE/CR1	553	+	123	133417256	39113
chr7	80070013	80270013	harbor1	chr7	80164924	80165298	LINE/CR1	703	+	187	80165111	95098
chr7	134998339	135198339	harbor1	chr7	135053637	135053736	LINE/CR1	473	+	50	135053687	55348
chr7	134998339	135198339	harbor1	chr7	135053101	135053325	LINE/CR1	473	+	112	135053213	54874
chr7	117914563	118114563	harbor1	chr7	118002332	118002570	LINE/CR1	460	+	119	118002451	87888
chr7	8868392	9068392	harbor1	chr7	8887327	8887652	LINE/CR1	459	+	162	8887489	19097
chr7	132222910	132422910	harbor1	chr7	132302024	132302304	LINE/CR1	788	+	140	132302164	79254
chr7	140789845	140989845	harbor1	chr7	140869851	140870271	LINE/CR1	457	+	210	140870061	80216
chr7	71259016	71459016	harbor1	chr7	71259487	71259631	LINE/CR1	550	+	72	71259559	543
chr7	71259016	71459016	harbor1	chr7	71259941	71260302	LINE/CR1	550	+	180	71260121	1105
chr7	36832814	37032814	harbor1	chr7	36843067	36843352	LINE/CR1	462	+	142	36843209	10395
chr7	10094706	10294706	harbor1	chr7	10135323	10136052	LINE/CR1	648	+	364	10135687	40981
chr7	10094706	10294706	harbor1	chr7	10136418	10136615	LINE/CR1	648	+	98	10136516	41810
chr7	143314552	143514552	harbor1	chr7	143348278	143348618	LINE/CR1	563	+	170	143348448	33896
chr7	143343613	143543613	harbor1	chr7	143348278	143348618	LINE/CR1	563	+	170	143348448	4835
chr7	136613422	136813422	harbor1	chr7	136639755	136640011	LINE/CR1	461	+	128	136639883	26461
chr7	126104294	126304294	harbor1	chr7	126180106	126180440	LINE/CR1	700	+	167	126180273	75979
chr7	3291708	3491708	harbor1	chr7	3327023	3327320	LINE/CR1	755	+	148	3327171	35463
chr7	57225578	57425578	harbor1	chr7	57321406	57321658	LINE/CR1	461	+	126	57321532	95954
chr7	97007562	97207562	harbor1	chr7	97066972	97067272	LINE/CR1	655	+	150	97067122	59560
chr7	96132442	96332442	harbor1	chr7	96197838	96198064	LINE/CR1	532	+	113	96197951	65509
chr7	84683775	84883775	harbor1	chr7	84715382	84715805	LINE/CR1	670	+	212	84715594	31819
chr7	141415075	141615075	harbor1	chr7	141498790	141499356	LINE/CR1	542	+	283	141499073	83998
chr7	141415075	141615075	harbor1	chr7	141499658	141499971	LINE/CR1	542	+	156	141499814	84739
chr7	13933401	14133401	harbor1	chr7	14026834	14026874	LINE/CR1	447	+	20	14026854	93453
chr7	13933401	14133401	harbor1	chr7	14027170	14027350	LINE/CR1	447	+	90	14027260	93859
chr7	121938527	122138527	harbor1	chr7	122007133	122007710	LINE/CR1	560	+	288	122007421	68894
chr7	121938527	122138527	harbor1	chr7	122008699	122009012	LINE/CR1	785	+	156	122008855	70328
chr7	121938527	122138527	harbor1	chr7	122026182	122026328	LINE/CR1	449	+	73	122026255	87728
chr8	85385352	85585352	harbor1	chr8	85410189	85410341	LINE/CR1	405	+	76	85410265	24913
chr8	85385352	85585352	harbor1	chr8	85411295	85411610	LINE/CR1	437	+	158	85411453	26101
chr8	81524994	81724994	harbor1	chr8	81555924	81556373	LINE/CR1	757	+	224	81556148	31154
chr8	98789680	98989680	harbor1	chr8	98859210	98859368	LINE/CR1	439	+	79	98859289	69609
chr8	100269421	100469421	harbor1	chr8	100329366	100329428	LINE/CR1	484	+	31	100329397	59976
chr8	100269421	100469421	harbor1	chr8	100329465	100329772	LINE/CR1	484	+	154	100329619	60198
chr8	73742143	73942143	harbor1	chr8	73780501	73780529	LINE/CR1	407	+	14	73780515	38372
chr8	73742143	73942143	harbor1	chr8	73780824	73780972	LINE/CR1	407	+	74	73780898	38755
chr8	37467762	37667762	harbor1	chr8	37536689	37536882	LINE/CR1	491	+	96	37536785	69023
chr8	10170685	10370685	harbor1	chr8	10227066	10227526	LINE/CR1	647	+	230	10227296	56611
chr8	68603363	68803363	harbor1	chr8	68668287	68668601	LINE/CR1	447	+	157	68668444	65081
chr8	113848735	114048735	harbor1	chr8	113921549	113921954	LINE/CR1	458	+	202	113921751	73016
chr8	104945182	105145182	harbor1	chr8	104953934	104955435	LINE/CR1	2169	+	750	104954684	9502
chr8	104945182	105145182	harbor1	chr8	104976896	104977745	LINE/CR1	912	+	424	104977320	32138
chr8	95963894	96163894	harbor1	chr8	95971950	95972233	LINE/CR1	458	+	142	95972092	8198
chr8	58927460	59127460	harbor1	chr8	58931351	58931727	LINE/CR1	490	+	188	58931539	4079
chr8	58927460	59127460	harbor1	chr8	58938373	58938581	LINE/CR1	544	+	104	58938477	11017
chr8	134597448	134797448	harbor1	chr8	134614654	134614898	LINE/CR1	391	+	122	134614776	17328
chr8	87036681	87236681	harbor1	chr8	87062780	87063248	LINE/CR1	446	+	234	87063014	26333
chr8	37455127	37655127	harbor1	chr8	37536689	37536882	LINE/CR1	491	+	96	37536785	81658
chr8	115522799	115722799	harbor1	chr8	115550564	115550751	LINE/CR1	398	+	94	115550658	27859
chr8	8556075	8756075	harbor1	chr8	8580957	8581163	LINE/CR1	623	+	103	8581060	24985
chr8	8556075	8756075	harbor1	chr8	8581460	8581887	LINE/CR1	623	+	214	8581674	25599
chr8	37247528	37447528	harbor1	chr8	37311073	37311417	LINE/CR1	490	+	172	37311245	63717
chr8	21352920	21552920	harbor1	chr8	21385644	21385872	LINE/CR1	401	+	114	21385758	32838
chr8	21352920	21552920	harbor1	chr8	21389629	21389752	LINE/CR1	637	+	62	21389691	36771
chr8	21352920	21552920	harbor1	chr8	21390078	21390178	LINE/CR1	637	+	50	21390128	37208
chr8	137850784	138050784	harbor1	chr8	137948344	137948632	LINE/CR1	504	+	144	137948488	97704
chr8	37447052	37647052	harbor1	chr8	37536689	37536882	LINE/CR1	491	+	96	37536785	89733
chr8	110217538	110417538	harbor1	chr8	110262860	110263151	LINE/CR1	407	+	146	110263006	45468
chr8	110217538	110417538	harbor1	chr8	110271371	110271768	LINE/CR1	478	+	198	110271569	54031
chr8	67978631	68178631	harbor1	chr8	67981051	67981656	LINE/CR1	435	+	302	67981353	2722
chr8	120368589	120568589	harbor1	chr8	120431242	120431675	LINE/CR1	887	+	216	120431458	62869
chr8	133000555	133200555	harbor1	chr8	133012218	133012675	LINE/CR1	588	+	228	133012446	11891
chr8	37120774	37320774	harbor1	chr8	37190351	37190623	LINE/CR1	788	+	136	37190487	69713
chr8	52855177	53055177	harbor1	chr8	52892207	52892409	LINE/CR1	454	+	101	52892308	37131
chr8	52855177	53055177	harbor1	chr8	52892446	52892640	LINE/CR1	454	+	97	52892543	37366
chr8	17128020	17328020	harbor1	chr8	17183520	17183812	LINE/CR1	399	+	146	17183666	55646
chr8	80657735	80857735	harbor1	chr8	80711934	80711996	LINE/CR1	418	+	31	80711965	54230
chr8	80657735	80857735	harbor1	chr8	80712392	80712622	LINE/CR1	418	+	115	80712507	54772
chr8	93278036	93478036	harbor1	chr8	93370614	93371360	LINE/CR1	772	+	373	93370987	92951
chr8	25356198	25556198	harbor1	chr8	25421144	25421548	LINE/CR1	505	+	202	25421346	65148
chr8	84972957	85172957	harbor1	chr8	85024280	85024746	LINE/CR1	511	+	233	85024513	51556
chr9	35497155	35697155	harbor1	chr9	35552724	35552861	LINE/CR1	416	+	68	35552792	55637
chr9	118082244	118282244	harbor1	chr9	118098359	118098607	LINE/CR1	572	+	124	118098483	16239
chr9	98539418	98739418	harbor1	chr9	98557403	98557643	LINE/CR1	687	+	120	98557523	18105
chr9	15589894	15789894	harbor1	chr9	15668021	15668306	LINE/CR1	561	+	142	15668163	78269
chr9	27086639	27286639	harbor1	chr9	27112712	27113073	LINE/CR1	644	+	180	27112892	26253
chr9	69968562	70168562	harbor1	chr9	69976243	69976466	LINE/CR1	493	+	112	69976355	7793
chr9	69968562	70168562	harbor1	chr9	69977322	69978042	LINE/CR1	627	+	360	69977682	9120
chr9	106506364	106706364	harbor1	chr9	106580570	106580968	LINE/CR1	467	+	199	106580769	74405
chr9	61829865	62029865	harbor1	chr9	61848911	61849374	LINE/CR1	634	+	232	61849143	19278
chr9	108619343	108819343	harbor1	chr9	108669941	108670392	LINE/CR1	836	+	226	108670167	50824
chr9	37467661	37667661	harbor1	chr9	37481353	37481977	LINE/CR1	673	+	312	37481665	14004
chr9	37467661	37667661	harbor1	chr9	37506220	37506496	LINE/CR1	590	+	138	37506358	38697
chr9	123396288	123596288	harbor1	chr9	123489733	123490258	LINE/CR1	606	+	262	123489995	93707
chr9	106805920	107005920	harbor1	chr9	106842310	106842776	LINE/CR1	642	+	233	106842543	36623
chr9	29175045	29375045	harbor1	chr9	29228203	29229198	LINE/CR1	942	+	498	29228701	53656
chr9	22488892	22688892	harbor1	chr9	22524364	22524617	LINE/CR1	478	+	126	22524490	35598
chr9	22488892	22688892	harbor1	chr9	22524944	22525572	LINE/CR1	552	+	314	22525258	36366
chr9	37572989	37772989	harbor1	chr9	37612849	37613080	LINE/CR1	535	+	116	37612965	39976
chr9	84566430	84766430	harbor1	chr9	84656618	84656971	LINE/CR1	579	+	176	84656794	90364
chr9	84566430	84766430	harbor1	chr9	84657260	84657522	LINE/CR1	579	+	131	84657391	90961
chr9	84566430	84766430	harbor1	chr9	84658168	84658392	LINE/CR1	555	+	112	84658280	91850
chr9	84566430	84766430	harbor1	chr9	84658395	84658539	LINE/CR1	413	+	72	84658467	92037
chr9	38182405	38382405	harbor1	chr9	38277580	38277859	LINE/CR1	495	+	140	38277720	95315
chr9	104724134	104924134	harbor1	chr9	104797301	104797627	LINE/CR1	506	+	163	104797464	73330
chr9	113415641	113615641	harbor1	chr9	113477660	113477863	LINE/CR1	513	+	102	113477762	62121
chr9	113415641	113615641	harbor1	chr9	113479222	113479379	LINE/CR1	428	+	78	113479300	63659
chr9	113415641	113615641	harbor1	chr9	113507785	113508009	LINE/CR1	619	+	112	113507897	92256
chr9	22492977	22692977	harbor1	chr9	22524364	22524617	LINE/CR1	478	+	126	22524490	31513
chr9	22492977	22692977	harbor1	chr9	22524944	22525572	LINE/CR1	552	+	314	22525258	32281
chr9	99822946	100022946	harbor1	chr9	99836083	99836212	LINE/CR1	424	+	64	99836147	13201
chr9	99822946	100022946	harbor1	chr9	99836216	99836506	LINE/CR1	531	+	145	99836361	13415
chr9	99822946	100022946	harbor1	chr9	99855953	99856021	LINE/CR1	535	+	34	99855987	33041
chr9	99822946	100022946	harbor1	chr9	99856535	99856671	LINE/CR1	535	+	68	99856603	33657
chr9	99822946	100022946	harbor1	chr9	99885859	99886319	LINE/CR1	807	+	230	99886089	63143
chr9	71815207	72015207	harbor1	chr9	71914624	71914857	LINE/CR1	485	+	116	71914740	99533
chr9	124069006	124269006	harbor1	chr9	124108725	124108977	LINE/CR1	543	+	126	124108851	39845
chr9	100749114	100949114	harbor1	chr9	100808592	100808777	LINE/CR1	497	+	92	100808684	59570
chr9	120819187	121019187	harbor1	chr9	120912293	120912374	LINE/CR1	1027	+	40	120912333	93146
chr9	120819187	121019187	harbor1	chr9	120912685	120913119	LINE/CR1	1027	+	217	120912902	93715
chr9	70478800	70678800	harbor1	chr9	70544099	70544937	LINE/CR1	614	+	419	70544518	65718
chr9	90208311	90408311	harbor1	chr9	90238476	90239387	LINE/CR1	544	+	456	90238932	30621
chr9	90208311	90408311	harbor1	chr9	90239693	90239973	LINE/CR1	544	+	140	90239833	31522
chr9	35464954	35664954	harbor1	chr9	35552724	35552861	LINE/CR1	416	+	68	35552792	87838
chr9	109986587	110186587	harbor1	chr9	109991803	109991987	LINE/CR1	456	+	92	109991895	5308
chr9	84876539	85076539	harbor1	chr9	84972111	84972364	LINE/CR1	427	+	126	84972237	95698
chr9	3979551	4179551	harbor1	chr9	4064757	4065107	LINE/CR1	612	+	175	4064932	85381
chr9	3979551	4179551	harbor1	chr9	4045994	4046929	LINE/CR1	1389	+	468	4046462	66911
chr9	107607690	107807690	harbor1	chr9	107645290	107645475	LINE/CR1	494	+	92	107645382	37692
chr9	107607690	107807690	harbor1	chr9	107656952	107657076	LINE/CR1	447	+	62	107657014	49324
chr9	107607690	107807690	harbor1	chr9	107657081	107657579	LINE/CR1	731	+	249	107657330	49640
chr9	81571714	81771714	harbor1	chr9	81604326	81604718	LINE/CR1	577	+	196	81604522	32808
chr9	81166457	81366457	harbor1	chr9	81192217	81192543	LINE/CR1	903	+	163	81192380	25923
chr9	81166457	81366457	harbor1	chr9	81192911	81193494	LINE/CR1	903	+	292	81193203	26746
chr9	106434740	106634740	harbor1	chr9	106436040	106436348	LINE/CR1	702	+	154	106436194	1454
chr9	106434740	106634740	harbor1	chr9	106439082	106439472	LINE/CR1	844	+	195	106439277	4537
chr9	106434740	106634740	harbor1	chr9	106439785	106440048	LINE/CR1	844	+	132	106439917	5177
chr9	106434740	106634740	harbor1	chr9	106440312	106440461	LINE/CR1	844	+	74	106440386	5646
chr9	73838518	74038518	harbor1	chr9	73850030	73850306	LINE/CR1	449	+	138	73850168	11650
chr9	73838518	74038518	harbor1	chr9	73900522	73901024	LINE/CR1	485	+	251	73900773	62255
chr9	73838518	74038518	harbor1	chr9	73901327	73901750	LINE/CR1	485	+	212	73901539	63021
chr9	73838518	74038518	harbor1	chr9	73902082	73902552	LINE/CR1	641	+	235	73902317	63799
chr10	113852404	114052404	harbor1	chr10	113930948	113931192	LINE/CR1	731	+	122	113931070	78666
chr10	70845790	71045790	harbor1	chr10	70939027	70939688	LINE/CR1	582	+	330	70939357	93567
chr10	33341233	33541233	harbor1	chr10	33403961	33404204	LINE/CR1	499	+	122	33404083	62850
chr10	66347624	66547624	harbor1	chr10	66377564	66377772	LINE/CR1	491	+	104	66377668	30044
chr10	35767212	35967212	harbor1	chr10	35851127	35851482	LINE/CR1	435	+	178	35851305	84093
chr10	2277970	2477970	harbor1	chr10	2278228	2278600	LINE/CR1	726	+	186	2278414	444
chr10	113930500	114130500	harbor1	chr10	113930948	113931192	LINE/CR1	731	+	122	113931070	570
chr10	66550771	66750771	harbor1	chr10	66646305	66647034	LINE/CR1	627	+	364	66646669	95898
chr10	85877975	86077975	harbor1	chr10	85918560	85918817	LINE/CR1	620	+	128	85918688	40713
chr10	85877975	86077975	harbor1	chr10	85950158	85950587	LINE/CR1	411	+	214	85950372	72397
chr10	2206875	2406875	harbor1	chr10	2278228	2278600	LINE/CR1	726	+	186	2278414	71539
chr10	17548283	17748283	harbor1	chr10	17556545	17556895	LINE/CR1	844	+	175	17556720	8437
chr10	109629992	109829992	harbor1	chr10	109694810	109695141	LINE/CR1	790	+	166	109694976	64984
chr10	2232974	2432974	harbor1	chr10	2278228	2278600	LINE/CR1	726	+	186	2278414	45440
chr10	55965608	56165608	harbor1	chr10	56010205	56010967	LINE/CR1	505	+	381	56010586	44978
chr10	62855526	63055526	harbor1	chr10	62883944	62884443	LINE/CR1	681	+	250	62884194	28668
chr10	62855526	63055526	harbor1	chr10	62896463	62896674	LINE/CR1	589	+	106	62896569	41043
chr10	62855526	63055526	harbor1	chr10	62897229	62898002	LINE/CR1	1041	+	386	62897615	42089
chr10	66356921	66556921	harbor1	chr10	66377564	66377772	LINE/CR1	491	+	104	66377668	20747
chr10	96343815	96543815	harbor1	chr10	96387366	96387749	LINE/CR1	504	+	192	96387558	43743
chr10	93046375	93246375	harbor1	chr10	93080757	93081257	LINE/CR1	453	+	250	93081007	34632
chr10	79403822	79603822	harbor1	chr10	79469289	79469647	LINE/CR1	625	+	179	79469468	65646
chr10	63861160	64061160	harbor1	chr10	63943179	63943515	LINE/CR1	637	+	168	63943347	82187
chr10	96344057	96544057	harbor1	chr10	96387366	96387749	LINE/CR1	504	+	192	96387558	43501
chr11	60226180	60426180	harbor1	chr11	60264242	60264494	LINE/CR1	542	+	126	60264368	38188
chr11	26954770	27154770	harbor1	chr11	26961095	26961341	LINE/CR1	449	+	123	26961218	6448
chr11	129127716	129327716	harbor1	chr11	129137743	129138457	LINE/CR1	1097	+	357	129138100	10384
chr11	93898200	94098200	harbor1	chr11	93906423	93906718	LINE/CR1	520	+	148	93906571	8371
chr11	75908492	76108492	harbor1	chr11	75926469	75926855	LINE/CR1	939	+	193	75926662	18170
chr11	75908492	76108492	harbor1	chr11	75944258	75944515	LINE/CR1	528	+	128	75944386	35894
chr11	75908492	76108492	harbor1	chr11	75944651	75945024	LINE/CR1	401	+	186	75944837	36345
chr11	84505330	84705330	harbor1	chr11	84596548	84596760	LINE/CR1	404	+	106	84596654	91324
chr11	124885391	125085391	harbor1	chr11	124929439	124929665	LINE/CR1	420	+	113	124929552	44161
chr11	92716202	92916202	harbor1	chr11	92751386	92751767	LINE/CR1	803	+	190	92751576	35374
chr11	92716202	92916202	harbor1	chr11	92752540	92752984	LINE/CR1	403	+	222	92752762	36560
chr11	85701783	85901783	harbor1	chr11	85719545	85719728	LINE/CR1	586	+	92	85719637	17854
chr11	26323792	26523792	harbor1	chr11	26410515	26410825	LINE/CR1	689	+	155	26410670	86878
chr11	79761023	79961023	harbor1	chr11	79762134	79762527	LINE/CR1	421	+	196	79762330	1307
chr11	7169473	7369473	harbor1	chr11	7244311	7244561	LINE/CR1	543	+	125	7244436	74963
chr11	7169473	7369473	harbor1	chr11	7244584	7244692	LINE/CR1	465	+	54	7244638	75165
chr11	109185014	109385014	harbor1	chr11	109240666	109241340	LINE/CR1	875	+	337	109241003	55989
chr11	106840786	107040786	harbor1	chr11	106871677	106872722	LINE/CR1	897	+	522	106872199	31413
chr11	91833360	92033360	harbor1	chr11	91847453	91847930	LINE/CR1	640	+	238	91847691	14331
chr11	91833360	92033360	harbor1	chr11	91909787	91910144	LINE/CR1	642	+	178	91909965	76605
chr11	132945827	133145827	harbor1	chr11	133009248	133009563	LINE/CR1	381	+	158	133009406	63579
chr11	132945827	133145827	harbor1	chr11	133009895	133010000	LINE/CR1	381	+	52	133009947	64120
chr11	132945827	133145827	harbor1	chr11	133010465	133011492	LINE/CR1	1041	+	514	133010979	65152
chr11	132945827	133145827	harbor1	chr11	133036552	133036807	LINE/CR1	415	+	128	133036680	90853
chr11	132945827	133145827	harbor1	chr11	133037098	133037483	LINE/CR1	601	+	192	133037290	91463
chr11	8091342	8291342	harbor1	chr11	8158334	8158690	LINE/CR1	629	+	178	8158512	67170
chr11	8091342	8291342	harbor1	chr11	8160396	8160894	LINE/CR1	441	+	249	8160645	69303
chr11	78075169	78275169	harbor1	chr11	78172702	78172844	LINE/CR1	572	+	71	78172773	97604
chr11	115982072	116182072	harbor1	chr11	116055585	116055881	LINE/CR1	458	+	148	116055733	73661
chr11	7417055	7617055	harbor1	chr11	7440267	7441413	LINE/CR1	902	+	573	7440840	23785
chr11	102018360	102218360	harbor1	chr11	102019203	102019451	LINE/CR1	622	+	124	102019327	967
chr11	120132849	120332849	harbor1	chr11	120145134	120145328	LINE/CR1	494	+	97	120145231	12382
chr11	5434156	5634156	harbor1	chr11	5436227	5436442	LINE/CR1	422	+	108	5436335	2179
chr11	13951696	14151696	harbor1	chr11	13994542	13994851	LINE/CR1	418	+	154	13994696	43000
chr11	113495299	113695299	harbor1	chr11	113534450	113534857	LINE/CR1	727	+	204	113534654	39355
chr11	113495299	113695299	harbor1	chr11	113536703	113537389	LINE/CR1	689	+	343	113537046	41747
chr11	102325619	102525619	harbor1	chr11	102364576	102364786	LINE/CR1	452	+	105	102364681	39062
chr11	123171173	123371173	harbor1	chr11	123179179	123179377	LINE/CR1	403	+	99	123179278	8105
chr11	123171173	123371173	harbor1	chr11	123252052	123252276	LINE/CR1	432	+	112	123252164	80991
chr11	121832507	122032507	harbor1	chr11	121892311	121892529	LINE/CR1	394	+	109	121892420	59913
chr11	121832507	122032507	harbor1	chr11	121922127	121922356	LINE/CR1	433	+	114	121922241	89734
chr11	19303881	19503881	harbor1	chr11	19344637	19344914	LINE/CR1	541	+	138	19344775	40894
chr11	19303881	19503881	harbor1	chr11	19397086	19397382	LINE/CR1	449	+	148	19397234	93353
chr11	28677570	28877570	harbor1	chr11	28698237	28698460	LINE/CR1	380	+	112	28698349	20779
chr11	16886980	17086980	harbor1	chr11	16969217	16969524	LINE/CR1	485	+	154	16969371	82391
chr11	16886980	17086980	harbor1	chr11	16969918	16970148	LINE/CR1	432	+	115	16970033	83053
chr11	16886980	17086980	harbor1	chr11	16983165	16983360	LINE/CR1	501	+	98	16983263	96283
chr11	16886980	17086980	harbor1	chr11	16891565	16892197	LINE/CR1	979	+	316	16891881	4901
chr11	57079994	57279994	harbor1	chr11	57101999	57102229	LINE/CR1	687	+	115	57102114	22120
chr11	57079994	57279994	harbor1	chr11	57102485	57103153	LINE/CR1	687	+	334	57102819	22825
chr11	125561816	125761816	harbor1	chr11	125629590	125629728	LINE/CR1	378	+	69	125629659	67843
chr11	125561816	125761816	harbor1	chr11	125630024	125630230	LINE/CR1	378	+	103	125630127	68311
chr11	74398236	74598236	harbor1	chr11	74489118	74489269	LINE/CR1	385	+	76	74489194	90958
chr11	119617540	119817540	harbor1	chr11	119654054	119654246	LINE/CR1	472	+	96	119654150	36610
chr11	119617540	119817540	harbor1	chr11	119655617	119655886	LINE/CR1	459	+	134	119655751	38211
chr11	78826365	79026365	harbor1	chr11	78914287	78914522	LINE/CR1	533	+	118	78914405	88040
chr11	110702025	110902025	harbor1	chr11	110757432	110758127	LINE/CR1	1618	+	348	110757780	55755
chr11	101980041	102180041	harbor1	chr11	102019203	102019451	LINE/CR1	622	+	124	102019327	39286
chr11	41881756	42081756	harbor1	chr11	41954235	41954569	LINE/CR1	406	+	167	41954402	72646
chr11	8939133	9139133	harbor1	chr11	9028689	9029002	LINE/CR1	517	+	156	9028845	89712
chr11	105964603	106164603	harbor1	chr11	106048547	106048843	LINE/CR1	455	+	148	106048695	84092
chr11	67212761	67412761	harbor1	chr11	67280271	67280470	LINE/CR1	428	+	100	67280371	67610
chr11	67212761	67412761	harbor1	chr11	67305544	67305672	LINE/CR1	414	+	64	67305608	92847
chr11	124079733	124279733	harbor1	chr11	124143120	124143402	LINE/CR1	1194	+	141	124143261	63528
chr11	124079733	124279733	harbor1	chr11	124143737	124144692	LINE/CR1	1194	+	478	124144215	64482
chr11	27847842	28047842	harbor1	chr11	27885446	27885815	LINE/CR1	626	+	184	27885630	37788
chr11	92699954	92899954	harbor1	chr11	92751386	92751767	LINE/CR1	803	+	190	92751576	51622
chr11	92699954	92899954	harbor1	chr11	92752540	92752984	LINE/CR1	403	+	222	92752762	52808
chr11	40704413	40904413	harbor1	chr11	40780331	40780632	LINE/CR1	516	+	150	40780481	76068
chr11	82739646	82939646	harbor1	chr11	82759542	82759860	LINE/CR1	589	+	159	82759701	20055
chr11	82892704	83092704	harbor1	chr11	82975905	82976146	LINE/CR1	378	+	120	82976025	83321
chr11	74655904	74855904	harbor1	chr11	74699261	74699655	LINE/CR1	382	+	197	74699458	43554
chr11	29016135	29216135	harbor1	chr11	29112283	29112589	LINE/CR1	557	+	153	29112436	96301
chr11	7361377	7561377	harbor1	chr11	7440267	7441413	LINE/CR1	902	+	573	7440840	79463
chr11	122314695	122514695	harbor1	chr11	122399707	122400123	LINE/CR1	601	+	208	122399915	85220
chr11	122922968	123122968	harbor1	chr11	122923102	122923273	LINE/CR1	438	+	86	122923188	220
chr11	26902327	27102327	harbor1	chr11	26915602	26915899	LINE/CR1	479	+	148	26915750	13423
chr11	26902327	27102327	harbor1	chr11	26950849	26951106	LINE/CR1	398	+	128	26950977	48650
chr11	26902327	27102327	harbor1	chr11	26961095	26961341	LINE/CR1	449	+	123	26961218	58891
chr11	131572888	131772888	harbor1	chr11	131577801	131578304	LINE/CR1	450	+	252	131578053	5165
chr11	131572888	131772888	harbor1	chr11	131618782	131619781	LINE/CR1	957	+	500	131619282	46394
chr11	133574343	133774343	harbor1	chr11	133639558	133639832	LINE/CR1	508	+	137	133639695	65352
chr11	104034148	104234148	harbor1	chr11	104051263	104051475	LINE/CR1	406	+	106	104051369	17221
chr11	74666789	74866789	harbor1	chr11	74699261	74699655	LINE/CR1	382	+	197	74699458	32669
chr11	78879808	79079808	harbor1	chr11	78914287	78914522	LINE/CR1	533	+	118	78914405	34597
chr11	118761380	118961380	harbor1	chr11	118851809	118852163	LINE/CR1	770	+	177	118851986	90606
chr12	5048950	5248950	harbor1	chr12	5134606	5135151	LINE/CR1	693	+	272	5134878	85928
chr12	5847612	6047612	harbor1	chr12	5868787	5868998	LINE/CR1	504	+	106	5868893	21281
chr12	59480829	59680829	harbor1	chr12	59557380	59557692	LINE/CR1	654	+	156	59557536	76707
chr12	4705794	4905794	harbor1	chr12	4766509	4766788	LINE/CR1	433	+	140	4766649	60855
chr12	4705794	4905794	harbor1	chr12	4767468	4767700	LINE/CR1	454	+	116	4767584	61790
chr12	12316099	12516099	harbor1	chr12	12391290	12391394	LINE/CR1	442	+	52	12391342	75243
chr12	12316099	12516099	harbor1	chr12	12391687	12391748	LINE/CR1	442	+	30	12391717	75618
chr12	65208481	65408481	harbor1	chr12	65218726	65218783	LINE/CR1	875	+	28	65218754	10273
chr12	65208481	65408481	harbor1	chr12	65219082	65219541	LINE/CR1	875	+	230	65219312	10831
chr12	16131282	16331282	harbor1	chr12	16212787	16213259	LINE/CR1	574	+	236	16213023	81741
chr12	1	136307	harbor1	chr12	20007	20440	LINE/CR1	891	+	216	20223	20222
chr12	1	136307	harbor1	chr12	53593	53867	LINE/CR1	628	+	137	53730	53729
chr13	49047700	49247700	harbor1	chr13	49081869	49082102	LINE/CR1	451	+	116	49081985	34285
chr13	49047700	49247700	harbor1	chr13	49082399	49082459	LINE/CR1	451	+	30	49082429	34729
chr13	49047700	49247700	harbor1	chr13	49085760	49085876	LINE/CR1	432	+	58	49085818	38118
chr13	49047700	49247700	harbor1	chr13	49086182	49086326	LINE/CR1	432	+	72	49086254	38554
chr13	80515001	80715001	harbor1	chr13	80612516	80613066	LINE/CR1	824	+	275	80612791	97790
chr13	35447407	35647407	harbor1	chr13	35494078	35494274	LINE/CR1	475	+	98	35494176	46769
chr13	34855318	35055318	harbor1	chr13	34860450	34860737	LINE/CR1	697	+	144	34860594	5276
chr13	25295822	25495822	harbor1	chr13	25368620	25368909	LINE/CR1	575	+	144	25368764	72942
chr13	72836662	73036662	harbor1	chr13	72859190	72859677	LINE/CR1	771	+	244	72859434	22772
chr13	58719302	58919302	harbor1	chr13	58752589	58752828	LINE/CR1	852	+	120	58752709	33407
chr13	29080377	29280377	harbor1	chr13	29143600	29143843	LINE/CR1	471	+	122	29143722	63345
chr14	99359904	99559904	harbor1	chr14	99440431	99440990	LINE/CR1	479	+	280	99440711	80807
chr14	20830302	21030302	harbor1	chr14	20841293	20841551	LINE/CR1	599	+	129	20841422	11120
chr14	98224347	98424347	harbor1	chr14	98276674	98276834	LINE/CR1	443	+	80	98276754	52407
chr14	98224347	98424347	harbor1	chr14	98278406	98278682	LINE/CR1	463	+	138	98278544	54197
chr14	44071563	44271563	harbor1	chr14	44170990	44171334	LINE/CR1	767	+	172	44171162	99599
chr14	34236100	34436100	harbor1	chr14	34311898	34312557	LINE/CR1	964	+	330	34312228	76128
chr14	34236100	34436100	harbor1	chr14	34313825	34314222	LINE/CR1	539	+	198	34314023	77923
chr14	34236100	34436100	harbor1	chr14	34314519	34314561	LINE/CR1	539	+	21	34314540	78440
chr14	53693796	53893796	harbor1	chr14	53718973	53719629	LINE/CR1	861	+	328	53719301	25505
chr14	39794968	39994968	harbor1	chr14	39863975	39864352	LINE/CR1	579	+	188	39864163	69195
chr14	39794968	39994968	harbor1	chr14	39881454	39881932	LINE/CR1	948	+	239	39881693	86725
chr14	39794968	39994968	harbor1	chr14	39882252	39882284	LINE/CR1	948	+	16	39882268	87300
chr14	39794968	39994968	harbor1	chr14	39882679	39883119	LINE/CR1	647	+	220	39882899	87931
chr14	48626883	48826883	harbor1	chr14	48705049	48705217	LINE/CR1	449	+	84	48705133	78250
chr14	27153934	27353934	harbor1	chr14	27211756	27212407	LINE/CR1	550	+	326	27212082	58148
chr14	27153934	27353934	harbor1	chr14	27222430	27222734	LINE/CR1	427	+	152	27222582	68648
chr14	62591670	62791670	harbor1	chr14	62681426	62681777	LINE/CR1	468	+	176	62681602	89932
chr14	78292435	78492435	harbor1	chr14	78324691	78324980	LINE/CR1	475	+	144	78324835	32400
chr14	40228223	40428223	harbor1	chr14	40237668	40238092	LINE/CR1	683	+	212	40237880	9657
chr14	33283992	33483992	harbor1	chr14	33369030	33369554	LINE/CR1	712	+	262	33369292	85300
chr14	39690311	39890311	harbor1	chr14	39708388	39708536	LINE/CR1	422	+	74	39708462	18151
chr14	81911155	82111155	harbor1	chr14	81927166	81927491	LINE/CR1	448	+	162	81927328	16173
chr14	37832955	38032955	harbor1	chr14	37929467	37929774	LINE/CR1	529	+	154	37929621	96666
chr14	37832955	38032955	harbor1	chr14	37928716	37928991	LINE/CR1	516	+	138	37928854	95899
chr14	44080478	44280478	harbor1	chr14	44170990	44171334	LINE/CR1	767	+	172	44171162	90684
chr14	59281012	59481012	harbor1	chr14	59308323	59308657	LINE/CR1	599	+	167	59308490	27478
chr14	59281012	59481012	harbor1	chr14	59378484	59378954	LINE/CR1	624	+	235	59378719	97707
chr15	76168578	76368578	harbor1	chr15	76253508	76253811	LINE/CR1	637	+	152	76253660	85082
chr15	85580394	85780394	harbor1	chr15	85613209	85613399	LINE/CR1	466	+	95	85613304	32910
chr15	85580394	85780394	harbor1	chr15	85613693	85614104	LINE/CR1	466	+	206	85613899	33505
chr15	84076671	84276671	harbor1	chr15	84119291	84119559	LINE/CR1	451	+	134	84119425	42754
chr15	68051711	68251711	harbor1	chr15	68076957	68077678	LINE/CR1	625	+	360	68077317	25606
chr15	96234397	96434397	harbor1	chr15	96287851	96288251	LINE/CR1	1239	+	200	96288051	53654
chr15	71703398	71903398	harbor1	chr15	71709410	71709744	LINE/CR1	452	+	167	71709577	6179
chr15	71703398	71903398	harbor1	chr15	71709920	71710103	LINE/CR1	452	+	92	71710012	6614
chr15	71703398	71903398	harbor1	chr15	71779395	71779591	LINE/CR1	445	+	98	71779493	76095
chr15	71703398	71903398	harbor1	chr15	71781092	71781809	LINE/CR1	519	+	358	71781450	78052
chr15	44102278	44302278	harbor1	chr15	44135102	44135301	LINE/CR1	488	+	100	44135202	32924
chr15	96474421	96674421	harbor1	chr15	96500747	96501216	LINE/CR1	1371	+	234	96500981	26560
chr15	96474421	96674421	harbor1	chr15	96502772	96503189	LINE/CR1	596	+	208	96502980	28559
chr15	96474421	96674421	harbor1	chr15	96503755	96504062	LINE/CR1	498	+	154	96503909	29488
chr15	70875822	71075822	harbor1	chr15	70974356	70974618	LINE/CR1	538	+	131	70974487	98665
chr15	70875822	71075822	harbor1	chr15	70974839	70975374	LINE/CR1	444	+	268	70975107	99285
chr15	47606592	47806592	harbor1	chr15	47624459	47624721	LINE/CR1	478	+	131	47624590	17998
chr15	82691116	82891116	harbor1	chr15	82784754	82785115	LINE/CR1	568	+	180	82784934	93818
chr15	82905903	83105903	harbor1	chr15	82937554	82937700	LINE/CR1	464	+	73	82937627	31724
chr16	73584247	73784247	harbor1	chr16	73669929	73670088	LINE/CR1	669	+	80	73670009	85762
chr16	7793838	7993838	harbor1	chr16	7853317	7853524	LINE/CR1	566	+	104	7853421	59583
chr16	55614412	55814412	harbor1	chr16	55637411	55637719	LINE/CR1	979	+	154	55637565	23153
chr16	58889190	59089190	harbor1	chr16	58945054	58945277	LINE/CR1	442	+	112	58945166	55976
chr16	28109361	28309361	harbor1	chr16	28130361	28130703	LINE/CR1	450	+	171	28130532	21171
chr16	77738416	77938416	harbor1	chr16	77809901	77810140	LINE/CR1	482	+	120	77810021	71605
chr16	55509407	55709407	harbor1	chr16	55530718	55530993	LINE/CR1	639	+	138	55530856	21449
chr16	55509407	55709407	harbor1	chr16	55560098	55560388	LINE/CR1	978	+	145	55560243	50836
chr16	23715962	23915962	harbor1	chr16	23807029	23807227	LINE/CR1	553	+	99	23807128	91166
chr16	15183001	15383001	harbor1	chr16	15206483	15206842	LINE/CR1	1006	+	180	15206663	23662
chr16	25616178	25816178	harbor1	chr16	25632787	25633087	LINE/CR1	564	+	150	25632937	16759
chr16	71702800	71902800	harbor1	chr16	71704832	71705199	LINE/CR1	611	+	184	71705016	2216
chr16	53736710	53936710	harbor1	chr16	53824637	53825026	LINE/CR1	509	+	194	53824831	88121
chr16	4234615	4434615	harbor1	chr16	4246030	4246266	LINE/CR1	555	+	118	4246148	11533
chr16	55756540	55956540	harbor1	chr16	55763522	55763862	LINE/CR1	510	+	170	55763692	7152
chr16	7783580	7983580	harbor1	chr16	7853317	7853524	LINE/CR1	566	+	104	7853421	69841
chr17	12440074	12640074	harbor1	chr17	12488855	12489271	LINE/CR1	521	+	208	12489063	48989
chr17	31549001	31749001	harbor1	chr17	31628644	31628722	LINE/CR1	678	+	39	31628683	79682
chr17	31549001	31749001	harbor1	chr17	31629038	31629514	LINE/CR1	678	+	238	31629276	80275
chr17	33785461	33985461	harbor1	chr17	33842447	33843035	LINE/CR1	580	+	294	33842741	57280
chr17	6538918	6738918	harbor1	chr17	6559568	6559814	LINE/CR1	575	+	123	6559691	20773
chr17	34477470	34677470	harbor1	chr17	34517390	34517649	LINE/CR1	506	+	130	34517520	40050
chr17	69596742	69796742	harbor1	chr17	69651916	69652347	LINE/CR1	618	+	216	69652132	55390
chr17	42164946	42364946	harbor1	chr17	42203452	42203626	LINE/CR1	636	+	87	42203539	38593
chr17	42164946	42364946	harbor1	chr17	42203927	42204048	LINE/CR1	636	+	60	42203987	39041
chr17	53787733	53987733	harbor1	chr17	53794283	53794527	LINE/CR1	544	+	122	53794405	6672
chr17	15603045	15803045	harbor1	chr17	15624728	15624975	LINE/CR1	703	+	124	15624852	21807
chr17	15603045	15803045	harbor1	chr17	15625214	15625479	LINE/CR1	1192	+	132	15625346	22301
chr17	15603045	15803045	harbor1	chr17	15625768	15625992	LINE/CR1	1192	+	112	15625880	22835
chr17	15603045	15803045	harbor1	chr17	15626285	15626403	LINE/CR1	1192	+	59	15626344	23299
chr17	55405051	55605051	harbor1	chr17	55464935	55465187	LINE/CR1	502	+	126	55465061	60010
chr17	55405051	55605051	harbor1	chr17	55465409	55465773	LINE/CR1	607	+	182	55465591	60540
chr17	56047537	56247537	harbor1	chr17	56135651	56136794	LINE/CR1	1410	+	572	56136223	88686
chr17	56047537	56247537	harbor1	chr17	56137599	56138497	LINE/CR1	1088	+	449	56138048	90511
chr17	56047537	56247537	harbor1	chr17	56138811	56139377	LINE/CR1	1088	+	283	56139094	91557
chr17	11647981	11847981	harbor1	chr17	11715321	11715581	LINE/CR1	539	+	130	11715451	67470
chr17	15502708	15702708	harbor1	chr17	15587871	15588073	LINE/CR1	639	+	101	15587972	85264
chr17	68656542	68856542	harbor1	chr17	68704028	68704536	LINE/CR1	578	+	254	68704282	47740
chr17	13074191	13274191	harbor1	chr17	13127530	13127705	LINE/CR1	539	+	88	13127618	53427
chr17	13074191	13274191	harbor1	chr17	13128006	13128218	LINE/CR1	539	+	106	13128112	53921
chr17	13074191	13274191	harbor1	chr17	13123293	13123993	LINE/CR1	785	+	350	13123643	49452
chr17	9056494	9256494	harbor1	chr17	9082732	9083012	LINE/CR1	713	+	140	9082872	26378
chr17	43941403	44141403	harbor1	chr17	44027753	44027893	LINE/CR1	737	+	70	44027823	86420
chr17	43941403	44141403	harbor1	chr17	44028191	44028362	LINE/CR1	737	+	86	44028277	86874
chr17	14493502	14693502	harbor1	chr17	14560039	14560341	LINE/CR1	832	+	151	14560190	66688
chr17	55457165	55657165	harbor1	chr17	55464935	55465187	LINE/CR1	502	+	126	55465061	7896
chr17	55457165	55657165	harbor1	chr17	55465409	55465773	LINE/CR1	607	+	182	55465591	8426
chr17	55457165	55657165	harbor1	chr17	55539897	55539933	LINE/CR1	688	+	18	55539915	82750
chr17	55457165	55657165	harbor1	chr17	55540220	55540745	LINE/CR1	688	+	262	55540482	83317
chr17	60226045	60426045	harbor1	chr17	60318018	60318275	LINE/CR1	593	+	128	60318146	92101
chr17	64603850	64803850	harbor1	chr17	64694224	64694629	LINE/CR1	602	+	202	64694426	90576
chr17	64603850	64803850	harbor1	chr17	64694928	64695142	LINE/CR1	602	+	107	64695035	91185
chr17	56826075	57026075	harbor1	chr17	56845327	56845559	LINE/CR1	723	+	116	56845443	19368
chr18	35210360	35410360	harbor1	chr18	35258900	35259037	LINE/CR1	509	+	68	35258968	48608
chr18	35210360	35410360	harbor1	chr18	35259718	35259859	LINE/CR1	509	+	70	35259788	49428
chr18	35210360	35410360	harbor1	chr18	35258253	35258589	LINE/CR1	509	+	168	35258421	48061
chr18	13467190	13667190	harbor1	chr18	13496077	13496392	LINE/CR1	506	+	158	13496235	29045
chr18	42234288	42434288	harbor1	chr18	42268722	42269012	LINE/CR1	572	+	145	42268867	34579
chr18	27730688	27930688	harbor1	chr18	27774481	27774897	LINE/CR1	527	+	208	27774689	44001
chr18	27730688	27930688	harbor1	chr18	27775613	27775942	LINE/CR1	568	+	164	27775777	45089
chr18	40089458	40289458	harbor1	chr18	40145179	40145433	LINE/CR1	511	+	127	40145306	55848
chr18	40089458	40289458	harbor1	chr18	40176905	40178479	LINE/CR1	409	+	787	40177692	88234
chr18	714665	914665	harbor1	chr18	800547	800765	LINE/CR1	539	+	109	800656	85991
chr18	714665	914665	harbor1	chr18	801340	801613	LINE/CR1	539	+	136	801476	86811
chr18	52895766	53095766	harbor1	chr18	52940535	52941189	LINE/CR1	1179	+	327	52940862	45096
chr18	54700461	54900461	harbor1	chr18	54724154	54724441	LINE/CR1	700	+	144	54724298	23837
chr18	54700461	54900461	harbor1	chr18	54724720	54725025	LINE/CR1	700	+	152	54724872	24411
chr19	1	185454	harbor1	chr19	61580	62016	LINE/CR1	846	+	218	61798	61797
chr20	37100629	37300629	harbor1	chr20	37115447	37115706	LINE/CR1	527	+	130	37115577	14948
chr20	54499841	54699841	harbor1	chr20	54513563	54513920	LINE/CR1	465	+	178	54513741	13900
chr20	35099396	35299396	harbor1	chr20	35122127	35122287	LINE/CR1	516	+	80	35122207	22811
chr20	35099396	35299396	harbor1	chr20	35190610	35190775	LINE/CR1	484	+	82	35190692	91296
chr20	40726298	40926298	harbor1	chr20	40727881	40728093	LINE/CR1	485	+	106	40727987	1689
chr20	41427017	41627017	harbor1	chr20	41429469	41429802	LINE/CR1	609	+	166	41429635	2618
chr20	41427017	41627017	harbor1	chr20	41474168	41474596	LINE/CR1	739	+	214	41474382	47365
chr20	28492254	28692254	harbor1	chr20	28578685	28578833	LINE/CR1	639	+	74	28578759	86505
chr20	52827509	53027509	harbor1	chr20	52879742	52880000	LINE/CR1	540	+	129	52879871	52362
chr20	53709583	53909583	harbor1	chr20	53774244	53774977	LINE/CR1	947	+	366	53774610	65027
chr20	21489436	21689436	harbor1	chr20	21544758	21544993	LINE/CR1	446	+	118	21544876	55440
chr20	16978792	17178792	harbor1	chr20	17043487	17043777	LINE/CR1	739	+	145	17043632	64840
chr20	45816552	46016552	harbor1	chr20	45830700	45830855	LINE/CR1	673	+	78	45830778	14226
chr20	17792169	17992169	harbor1	chr20	17798917	17799201	LINE/CR1	755	+	142	17799059	6890
chr20	17792169	17992169	harbor1	chr20	17799455	17799540	LINE/CR1	755	+	42	17799497	7328
chr20	17792169	17992169	harbor1	chr20	17799868	17800184	LINE/CR1	755	+	158	17800026	7857
chr21	13179579	13379579	harbor1	chr21	13239550	13240321	LINE/CR1	655	+	386	13239936	60357
chr21	16346567	16546567	harbor1	chr21	16368364	16368447	LINE/CR1	528	+	42	16368406	21839
chr21	16346567	16546567	harbor1	chr21	16368753	16369045	LINE/CR1	528	+	146	16368899	22332
chr22	25608820	25808820	harbor1	chr22	25697228	25697855	LINE/CR1	450	+	314	25697542	88722
chr22	34960747	35160747	harbor1	chr22	34973355	34973613	LINE/CR1	539	+	129	34973484	12737
chr22	34960747	35160747	harbor1	chr22	34992454	34992685	LINE/CR1	492	+	116	34992570	31823
chr22	35207759	35407759	harbor1	chr22	35305686	35305915	LINE/CR1	512	+	114	35305800	98041
chr22	15522096	15722096	harbor1	chr22	15597421	15597553	LINE/CR1	538	+	66	15597487	75391
chr22	33488232	33688232	harbor1	chr22	33505442	33505731	LINE/CR1	786	+	144	33505586	17354
chr22	30404053	30604053	harbor1	chr22	30404520	30404783	LINE/CR1	568	+	132	30404652	599
chr22	31102681	31302681	harbor1	chr22	31160998	31161247	LINE/CR1	578	+	124	31161122	58441
chr22	34654208	34854208	harbor1	chr22	34655220	34655426	LINE/CR1	560	+	103	34655323	1115
chr22	34650226	34850226	harbor1	chr22	34655220	34655426	LINE/CR1	560	+	103	34655323	5097
chrX	104453727	104653727	harbor1	chrX	104487026	104487197	LINE/CR1	536	+	86	104487112	33385
chrX	104453727	104653727	harbor1	chrX	104493655	104493893	LINE/CR1	579	+	119	104493774	40047
chrX	83312689	83512689	harbor1	chrX	83342709	83342964	LINE/CR1	549	+	128	83342837	30148
chrX	83312689	83512689	harbor1	chrX	83343842	83344319	LINE/CR1	685	+	238	83344080	31391
chrX	138945206	139145206	harbor1	chrX	139039373	139039703	LINE/CR1	529	+	165	139039538	94332
chrX	120441822	120641822	harbor1	chrX	120479843	120480115	LINE/CR1	589	+	136	120479979	38157
chrX	70886401	71086401	harbor1	chrX	70950392	70950583	LINE/CR1	502	+	96	70950488	64087
chrX	15810184	16010184	harbor1	chrX	15869520	15869666	LINE/CR1	1864	+	73	15869593	59409
chrX	15810184	16010184	harbor1	chrX	15869978	15870845	LINE/CR1	1864	+	434	15870412	60228
chrX	15810184	16010184	harbor1	chrX	15871129	15871554	LINE/CR1	1864	+	212	15871341	61157
chrX	15810184	16010184	harbor1	chrX	15875515	15875892	LINE/CR1	587	+	188	15875703	65519
chrX	83114404	83314404	harbor1	chrX	83204476	83205126	LINE/CR1	675	+	325	83204801	90397
