H_chr	H_start	H_end	Harbor	TE_chr	TE_start	TE_end	TE	score	TE_strand	TE_half	TE_middle_pos	TE_dis
chr1	205885423	206085423	harbor2	chr1	205911288	205911441	LINE/CR1	411	-	76	205911364	25941
chr1	187609479	187809479	harbor2	chr1	187660158	187660526	LINE/CR1	578	-	184	187660342	50863
chr1	191379444	191579444	harbor2	chr1	191421414	191422146	LINE/CR1	451	-	366	191421780	42336
chr1	48196763	48396763	harbor2	chr1	48254837	48255105	LINE/CR1	430	-	134	48254971	58208
chr1	225041215	225241215	harbor2	chr1	225123047	225123266	LINE/CR1	418	-	110	225123157	81942
chr1	204361166	204561166	harbor2	chr1	204441053	204441364	LINE/CR1	818	-	156	204441209	80043
chr1	237704271	237904271	harbor2	chr1	237737119	237737534	LINE/CR1	547	-	208	237737327	33056
chr1	237704271	237904271	harbor2	chr1	237737912	237738156	LINE/CR1	409	-	122	237738034	33763
chr1	237704271	237904271	harbor2	chr1	237739639	237739953	LINE/CR1	650	-	157	237739796	35525
chr1	245828070	246028070	harbor2	chr1	245843849	245844280	LINE/CR1	686	-	216	245844065	15995
chr1	245828070	246028070	harbor2	chr1	245861982	245863063	LINE/CR1	505	-	540	245862522	34452
chr1	109823463	110023463	harbor2	chr1	109849750	109849946	LINE/CR1	437	-	98	109849848	26385
chr1	109823463	110023463	harbor2	chr1	109850730	109851049	LINE/CR1	729	-	160	109850890	27427
chr1	109823463	110023463	harbor2	chr1	109865348	109865877	LINE/CR1	503	-	264	109865612	42149
chr1	177610094	177810094	harbor2	chr1	177611977	177612395	LINE/CR1	796	-	209	177612186	2092
chr1	177610094	177810094	harbor2	chr1	177616747	177616998	LINE/CR1	525	-	126	177616873	6779
chr1	177610094	177810094	harbor2	chr1	177700735	177700937	LINE/CR1	463	-	101	177700836	90742
chr1	201494641	201694641	harbor2	chr1	201544427	201544845	LINE/CR1	584	-	209	201544636	49995
chr1	208129250	208329250	harbor2	chr1	208205649	208205888	LINE/CR1	1047	-	120	208205769	76519
chr1	208129250	208329250	harbor2	chr1	208206265	208206502	LINE/CR1	421	-	118	208206383	77133
chr1	80833785	81033785	harbor2	chr1	80877969	80878496	LINE/CR1	732	-	264	80878233	44448
chr1	200909148	201109148	harbor2	chr1	200935136	200935314	LINE/CR1	464	-	89	200935225	26077
chr1	200909148	201109148	harbor2	chr1	201008510	201008653	LINE/CR1	492	-	72	201008582	99434
chr1	85453983	85653983	harbor2	chr1	85465554	85466028	LINE/CR1	709	-	237	85465791	11808
chr1	85453983	85653983	harbor2	chr1	85467363	85467614	LINE/CR1	528	-	126	85467489	13506
chr1	233168713	233368713	harbor2	chr1	233202831	233203262	LINE/CR1	723	-	216	233203047	34334
chr1	175313757	175513757	harbor2	chr1	175356642	175357322	LINE/CR1	912	-	340	175356982	43225
chr1	175313757	175513757	harbor2	chr1	175358240	175359078	LINE/CR1	821	-	419	175358659	44902
chr1	200602030	200802030	harbor2	chr1	200695122	200695246	LINE/CR1	427	-	62	200695184	93154
chr1	200602030	200802030	harbor2	chr1	200695475	200695517	LINE/CR1	427	-	21	200695496	93466
chr1	238635275	238835275	harbor2	chr1	238672913	238673385	LINE/CR1	709	-	236	238673149	37874
chr1	96968652	97168652	harbor2	chr1	97049698	97049856	LINE/CR1	760	-	79	97049777	81125
chr1	237411472	237611472	harbor2	chr1	237438984	237439213	LINE/CR1	522	-	114	237439098	27626
chr1	174187051	174387051	harbor2	chr1	174274005	174274215	LINE/CR1	557	-	105	174274110	87059
chr1	239536944	239736944	harbor2	chr1	239579136	239579567	LINE/CR1	538	-	216	239579352	42408
chr1	225098806	225298806	harbor2	chr1	225123047	225123266	LINE/CR1	418	-	110	225123157	24351
chr1	230252696	230452696	harbor2	chr1	230351421	230351722	LINE/CR1	553	-	150	230351571	98875
chr1	204416219	204616219	harbor2	chr1	204441053	204441364	LINE/CR1	818	-	156	204441209	24990
chr1	204416219	204616219	harbor2	chr1	204489554	204489898	LINE/CR1	677	-	172	204489726	73507
chr1	166085398	166285398	harbor2	chr1	166134744	166134946	LINE/CR1	700	-	101	166134845	49447
chr1	206639002	206839002	harbor2	chr1	206709194	206709541	LINE/CR1	482	-	174	206709368	70366
chr1	206639002	206839002	harbor2	chr1	206714123	206714388	LINE/CR1	454	-	132	206714255	75253
chr1	206639002	206839002	harbor2	chr1	206714964	206715615	LINE/CR1	732	-	326	206715290	76288
chr1	206639002	206839002	harbor2	chr1	206715951	206716934	LINE/CR1	732	-	492	206716443	77441
chr1	199463082	199663082	harbor2	chr1	199472511	199472670	LINE/CR1	673	-	80	199472591	9509
chr1	199463082	199663082	harbor2	chr1	199479197	199479513	LINE/CR1	624	-	158	199479355	16273
chr1	58553333	58753333	harbor2	chr1	58584944	58585269	LINE/CR1	493	-	162	58585106	31773
chr1	209241036	209441036	harbor2	chr1	209266762	209267280	LINE/CR1	958	-	259	209267021	25985
chr1	209241036	209441036	harbor2	chr1	209267304	209267583	LINE/CR1	512	-	140	209267444	26408
chr1	44531845	44731845	harbor2	chr1	44537526	44538288	LINE/CR1	1186	-	381	44537907	6062
chr1	44531845	44731845	harbor2	chr1	44557612	44557723	LINE/CR1	418	-	56	44557668	25823
chr1	44531845	44731845	harbor2	chr1	44531691	44532393	LINE/CR1	764	-	351	44532042	197
chr1	164977481	165177481	harbor2	chr1	165033057	165033205	LINE/CR1	423	-	74	165033131	55650
chr1	168053211	168253211	harbor2	chr1	168106102	168106302	LINE/CR1	1064	-	100	168106202	52991
chr1	168053211	168253211	harbor2	chr1	168106591	168106885	LINE/CR1	1064	-	147	168106738	53527
chr1	216117544	216317544	harbor2	chr1	216142894	216143198	LINE/CR1	584	-	152	216143046	25502
chr1	216087751	216287751	harbor2	chr1	216142894	216143198	LINE/CR1	584	-	152	216143046	55295
chr1	241404803	241604803	harbor2	chr1	241503207	241503786	LINE/CR1	1167	-	290	241503497	98694
chr1	238029745	238229745	harbor2	chr1	238055549	238055821	LINE/CR1	536	-	136	238055685	25940
chr1	237409367	237609367	harbor2	chr1	237438984	237439213	LINE/CR1	522	-	114	237439098	29731
chr1	171922557	172122557	harbor2	chr1	171953905	171954420	LINE/CR1	925	-	258	171954163	31606
chr1	182959835	183159835	harbor2	chr1	182987551	182987767	LINE/CR1	433	-	108	182987659	27824
chr1	182959835	183159835	harbor2	chr1	182987872	182988406	LINE/CR1	1026	-	267	182988139	28304
chr1	181478814	181678814	harbor2	chr1	181494326	181494543	LINE/CR1	432	-	108	181494434	15620
chr1	181478814	181678814	harbor2	chr1	181551701	181551826	LINE/CR1	499	-	62	181551763	72949
chr1	225075764	225275764	harbor2	chr1	225123047	225123266	LINE/CR1	418	-	110	225123157	47393
chr1	117649996	117849996	harbor2	chr1	117676254	117676475	LINE/CR1	601	-	110	117676364	26368
chr1	218441910	218641910	harbor2	chr1	218478222	218478577	LINE/CR1	790	-	178	218478400	36490
chr1	218441910	218641910	harbor2	chr1	218530994	218531462	LINE/CR1	999	-	234	218531228	89318
chr1	96990780	97190780	harbor2	chr1	97049698	97049856	LINE/CR1	760	-	79	97049777	58997
chr1	96990780	97190780	harbor2	chr1	97087709	97089659	LINE/CR1	3511	-	975	97088684	97904
chr1	99208777	99408777	harbor2	chr1	99228466	99228742	LINE/CR1	652	-	138	99228604	19827
chr1	47995342	48195342	harbor2	chr1	48008929	48009221	LINE/CR1	647	-	146	48009075	13733
chr1	146814543	147014543	harbor2	chr1	146816844	146817086	LINE/CR1	642	-	121	146816965	2422
chr1	94183132	94383132	harbor2	chr1	94187301	94187699	LINE/CR1	870	-	199	94187500	4368
chr1	176199391	176399391	harbor2	chr1	176298824	176299064	LINE/CR1	419	-	120	176298944	99553
chr1	181855680	182055680	harbor2	chr1	181928235	181928543	LINE/CR1	532	-	154	181928389	72709
chr1	213152903	213352903	harbor2	chr1	213177740	213177887	LINE/CR1	447	-	74	213177814	24911
chr1	201140882	201340882	harbor2	chr1	201150868	201151305	LINE/CR1	601	-	218	201151086	10204
chr1	116163884	116363884	harbor2	chr1	116227269	116227766	LINE/CR1	719	-	248	116227517	63633
chr1	116163884	116363884	harbor2	chr1	116228075	116228258	LINE/CR1	719	-	92	116228167	64283
chr1	215893309	216093309	harbor2	chr1	215906884	215907102	LINE/CR1	612	-	109	215906993	13684
chr1	73702043	73902043	harbor2	chr1	73726623	73726798	LINE/CR1	594	-	88	73726711	24668
chr1	206211439	206411439	harbor2	chr1	206235457	206235623	LINE/CR1	443	-	83	206235540	24101
chr1	187375490	187575490	harbor2	chr1	187404913	187405390	LINE/CR1	610	-	238	187405151	29661
chr1	187375490	187575490	harbor2	chr1	187409334	187409554	LINE/CR1	445	-	110	187409444	33954
chr1	218004616	218204616	harbor2	chr1	218028612	218029004	LINE/CR1	440	-	196	218028808	24192
chr1	210687508	210887508	harbor2	chr1	210772604	210772912	LINE/CR1	565	-	154	210772758	85250
chr1	202534924	202734924	harbor2	chr1	202581885	202582432	LINE/CR1	599	-	274	202582159	47235
chr2	144946065	145146065	harbor2	chr2	145004559	145004832	LINE/CR1	403	-	136	145004695	58630
chr2	228308760	228508760	harbor2	chr2	228330893	228331317	LINE/CR1	526	-	212	228331105	22345
chr2	229281317	229481317	harbor2	chr2	229313287	229314360	LINE/CR1	1843	-	536	229313823	32506
chr2	182581973	182781973	harbor2	chr2	182594229	182594570	LINE/CR1	453	-	170	182594399	12426
chr2	177353826	177553826	harbor2	chr2	177402512	177402767	LINE/CR1	461	-	128	177402640	48814
chr2	72253737	72453737	harbor2	chr2	72261450	72261696	LINE/CR1	593	-	123	72261573	7836
chr2	203777634	203977634	harbor2	chr2	203842198	203842533	LINE/CR1	573	-	168	203842366	64732
chr2	157174367	157374367	harbor2	chr2	157244794	157245154	LINE/CR1	887	-	180	157244974	70607
chr2	223711393	223911393	harbor2	chr2	223794529	223794697	LINE/CR1	463	-	84	223794613	83220
chr2	72744643	72944643	harbor2	chr2	72758648	72759024	LINE/CR1	756	-	188	72758836	14193
chr2	72744643	72944643	harbor2	chr2	72759274	72759550	LINE/CR1	756	-	138	72759412	14769
chr2	190765097	190965097	harbor2	chr2	190813853	190814198	LINE/CR1	612	-	172	190814025	48928
chr2	141673041	141873041	harbor2	chr2	141673145	141673841	LINE/CR1	808	-	348	141673493	452
chr2	141673041	141873041	harbor2	chr2	141673897	141674490	LINE/CR1	808	-	296	141674193	1152
chr2	177490086	177690086	harbor2	chr2	177544226	177545158	LINE/CR1	827	-	466	177544692	54606
chr2	84989646	85189646	harbor2	chr2	85002686	85003191	LINE/CR1	529	-	252	85002938	13292
chr2	84989646	85189646	harbor2	chr2	85003489	85003617	LINE/CR1	529	-	64	85003553	13907
chr2	84989646	85189646	harbor2	chr2	85003737	85003798	LINE/CR1	529	-	30	85003767	14121
chr2	54896789	55096789	harbor2	chr2	54917120	54917346	LINE/CR1	658	-	113	54917233	20444
chr2	54896789	55096789	harbor2	chr2	54917661	54917831	LINE/CR1	658	-	85	54917746	20957
chr2	54896789	55096789	harbor2	chr2	54918060	54918368	LINE/CR1	826	-	154	54918214	21425
chr2	54896789	55096789	harbor2	chr2	54918646	54919094	LINE/CR1	826	-	224	54918870	22081
chr2	54896789	55096789	harbor2	chr2	54919564	54919752	LINE/CR1	590	-	94	54919658	22869
chr2	54896789	55096789	harbor2	chr2	54924863	54924998	LINE/CR1	1513	-	68	54924931	28142
chr2	54896789	55096789	harbor2	chr2	54925384	54926108	LINE/CR1	1513	-	362	54925746	28957
chr2	54896789	55096789	harbor2	chr2	54926402	54927074	LINE/CR1	1513	-	336	54926738	29949
chr2	101324815	101524815	harbor2	chr2	101365985	101366427	LINE/CR1	643	-	221	101366206	41391
chr2	101324815	101524815	harbor2	chr2	101367080	101367146	LINE/CR1	643	-	33	101367113	42298
chr2	219826320	220026320	harbor2	chr2	219864944	219865326	LINE/CR1	476	-	191	219865135	38815
chr2	223706650	223906650	harbor2	chr2	223794529	223794697	LINE/CR1	463	-	84	223794613	87963
chr2	228327938	228527938	harbor2	chr2	228330893	228331317	LINE/CR1	526	-	212	228331105	3167
chr2	217110449	217310449	harbor2	chr2	217178769	217179070	LINE/CR1	1243	-	150	217178919	68470
chr2	217110449	217310449	harbor2	chr2	217179682	217180024	LINE/CR1	1243	-	171	217179853	69404
chr2	173003780	173203780	harbor2	chr2	173070045	173070506	LINE/CR1	1029	-	230	173070275	66495
chr2	173003780	173203780	harbor2	chr2	173101897	173102067	LINE/CR1	455	-	85	173101982	98202
chr2	148151022	148351022	harbor2	chr2	148234679	148234782	LINE/CR1	420	-	52	148234731	83709
chr2	209610584	209810584	harbor2	chr2	209640382	209640533	LINE/CR1	474	-	76	209640458	29874
chr2	205344147	205544147	harbor2	chr2	205346825	205347250	LINE/CR1	503	-	212	205347037	2890
chr2	205344147	205544147	harbor2	chr2	205358000	205359406	LINE/CR1	1838	-	703	205358703	14556
chr2	217835737	218035737	harbor2	chr2	217861088	217861560	LINE/CR1	499	-	236	217861324	25587
chr2	217835737	218035737	harbor2	chr2	217903614	217903790	LINE/CR1	488	-	88	217903702	67965
chr2	73432808	73632808	harbor2	chr2	73456904	73457238	LINE/CR1	697	-	167	73457071	24263
chr2	73432808	73632808	harbor2	chr2	73457523	73457735	LINE/CR1	697	-	106	73457629	24821
chr2	148756488	148956488	harbor2	chr2	148799117	148799255	LINE/CR1	411	-	69	148799186	42698
chr2	235997299	236197299	harbor2	chr2	236032141	236032293	LINE/CR1	473	-	76	236032217	34918
chr3	135737425	135937425	harbor2	chr3	135793179	135793448	LINE/CR1	1008	-	134	135793313	55888
chr3	175369911	175569911	harbor2	chr3	175384962	175385164	LINE/CR1	392	-	101	175385063	15152
chr3	114928816	115128816	harbor2	chr3	114986349	114986523	LINE/CR1	458	-	87	114986436	57620
chr3	158110215	158310215	harbor2	chr3	158140357	158140520	LINE/CR1	512	-	82	158140439	30224
chr3	189944963	190144963	harbor2	chr3	189962923	189963170	LINE/CR1	520	-	124	189963047	18084
chr3	189944963	190144963	harbor2	chr3	190016695	190016959	LINE/CR1	423	-	132	190016827	71864
chr3	129380109	129580109	harbor2	chr3	129425755	129426160	LINE/CR1	739	-	202	129425957	45848
chr3	145842706	146042706	harbor2	chr3	145888259	145888366	LINE/CR1	945	-	54	145888313	45607
chr3	145842706	146042706	harbor2	chr3	145888862	145889124	LINE/CR1	927	-	131	145888993	46287
chr3	137121287	137321287	harbor2	chr3	137164637	137164826	LINE/CR1	441	-	94	137164731	43444
chr3	137121287	137321287	harbor2	chr3	137164984	137165022	LINE/CR1	441	-	19	137165003	43716
chr3	196587820	196787820	harbor2	chr3	196624334	196624878	LINE/CR1	521	-	272	196624606	36786
chr3	197318617	197518617	harbor2	chr3	197373906	197374302	LINE/CR1	673	-	198	197374104	55487
chr3	197318617	197518617	harbor2	chr3	197374593	197374929	LINE/CR1	673	-	168	197374761	56144
chr3	197318617	197518617	harbor2	chr3	197402286	197402379	LINE/CR1	420	-	46	197402332	83715
chr3	197318617	197518617	harbor2	chr3	197402681	197402890	LINE/CR1	420	-	104	197402785	84168
chr3	105864673	106064673	harbor2	chr3	105944907	105945904	LINE/CR1	861	-	498	105945405	80732
chr3	105864673	106064673	harbor2	chr3	105946174	105946833	LINE/CR1	567	-	330	105946504	81831
chr3	85078702	85278702	harbor2	chr3	85173943	85174286	LINE/CR1	831	-	172	85174115	95413
chr3	122843372	123043372	harbor2	chr3	122866413	122866877	LINE/CR1	572	-	232	122866645	23273
chr3	141073010	141273010	harbor2	chr3	141096310	141096654	LINE/CR1	543	-	172	141096482	23472
chr3	184956312	185156312	harbor2	chr3	185040262	185040765	LINE/CR1	434	-	252	185040514	84202
chr3	193279023	193479023	harbor2	chr3	193371228	193371380	LINE/CR1	898	-	76	193371304	92281
chr3	193279023	193479023	harbor2	chr3	193372003	193372021	LINE/CR1	898	-	9	193372012	92989
chr3	193279023	193479023	harbor2	chr3	193372313	193372988	LINE/CR1	898	-	338	193372651	93628
chr3	173224997	173424997	harbor2	chr3	173309726	173310398	LINE/CR1	547	-	336	173310062	85065
chr3	169567198	169767198	harbor2	chr3	169635679	169636405	LINE/CR1	928	-	363	169636042	68844
chr3	197100462	197300462	harbor2	chr3	197187337	197187802	LINE/CR1	463	-	232	197187569	87107
chr3	110538434	110738434	harbor2	chr3	110548824	110549069	LINE/CR1	427	-	122	110548946	10512
chr3	194544952	194744952	harbor2	chr3	194562320	194562459	LINE/CR1	424	-	70	194562390	17438
chr3	194544952	194744952	harbor2	chr3	194562732	194562791	LINE/CR1	424	-	30	194562762	17810
chr3	174156561	174356561	harbor2	chr3	174161957	174162596	LINE/CR1	468	-	320	174162277	5716
chr3	189206628	189406628	harbor2	chr3	189277738	189278075	LINE/CR1	511	-	168	189277906	71278
chr3	150399199	150599199	harbor2	chr3	150443040	150443165	LINE/CR1	541	-	62	150443102	43903
chr3	157929982	158129982	harbor2	chr3	158015535	158015760	LINE/CR1	509	-	112	158015647	85665
chr3	160681626	160881626	harbor2	chr3	160768236	160768443	LINE/CR1	480	-	104	160768340	86714
chr3	194806497	195006497	harbor2	chr3	194875182	194875532	LINE/CR1	423	-	175	194875357	68860
chr3	189896620	190096620	harbor2	chr3	189962923	189963170	LINE/CR1	520	-	124	189963047	66427
chr3	120593500	120793500	harbor2	chr3	120634039	120634288	LINE/CR1	573	-	124	120634163	40663
chr3	189000753	189200753	harbor2	chr3	189003379	189003543	LINE/CR1	443	-	82	189003461	2708
chr3	122674825	122874825	harbor2	chr3	122762148	122762574	LINE/CR1	508	-	213	122762361	87536
chr3	186457632	186657632	harbor2	chr3	186457350	186457635	LINE/CR1	559	-	142	186457492	140
chr3	183074128	183274128	harbor2	chr3	183154855	183154917	LINE/CR1	506	-	31	183154886	80758
chr3	183074128	183274128	harbor2	chr3	183155206	183155333	LINE/CR1	506	-	64	183155270	81142
chr3	144365639	144565639	harbor2	chr3	144407785	144407930	LINE/CR1	393	-	72	144407857	42218
chr3	181055847	181255847	harbor2	chr3	181066696	181066880	LINE/CR1	399	-	92	181066788	10941
chr3	77059245	77259245	harbor2	chr3	77153770	77154079	LINE/CR1	529	-	154	77153924	94679
chr4	177470228	177670228	harbor2	chr4	177539068	177539297	LINE/CR1	449	-	114	177539182	68954
chr4	131545464	131745464	harbor2	chr4	131556767	131556932	LINE/CR1	497	-	82	131556849	11385
chr4	173361095	173561095	harbor2	chr4	173392357	173392555	LINE/CR1	516	-	99	173392456	31361
chr4	182479447	182679447	harbor2	chr4	182564048	182564335	LINE/CR1	560	-	144	182564192	84745
chr4	182479447	182679447	harbor2	chr4	182564452	182564538	LINE/CR1	560	-	43	182564495	85048
chr4	182479447	182679447	harbor2	chr4	182564672	182564914	LINE/CR1	664	-	121	182564793	85346
chr4	176958474	177158474	harbor2	chr4	177029240	177029818	LINE/CR1	583	-	289	177029529	71055
chr4	129543363	129743363	harbor2	chr4	129598965	129599180	LINE/CR1	563	-	108	129599073	55710
chr4	129543363	129743363	harbor2	chr4	129605169	129605330	LINE/CR1	514	-	80	129605249	61886
chr4	73135446	73335446	harbor2	chr4	73167462	73167608	LINE/CR1	423	-	73	73167535	32089
chr4	178777268	178977268	harbor2	chr4	178814373	178814676	LINE/CR1	434	-	152	178814525	37257
chr4	189939715	190139715	harbor2	chr4	189971186	189971330	LINE/CR1	470	-	72	189971258	31543
chr4	179291754	179491754	harbor2	chr4	179305569	179305991	LINE/CR1	447	-	211	179305780	14026
chr4	179291754	179491754	harbor2	chr4	179321412	179321967	LINE/CR1	1315	-	278	179321690	29936
chr4	172198149	172398149	harbor2	chr4	172241841	172242304	LINE/CR1	550	-	232	172242073	43924
chr4	178715824	178915824	harbor2	chr4	178814373	178814676	LINE/CR1	434	-	152	178814525	98701
chr5	165170376	165370376	harbor2	chr5	165202037	165202369	LINE/CR1	562	-	166	165202203	31827
chr5	15948365	16148365	harbor2	chr5	16000559	16000908	LINE/CR1	625	-	174	16000733	52368
chr5	107786803	107986803	harbor2	chr5	107812093	107812319	LINE/CR1	597	-	113	107812206	25403
chr5	168176684	168376684	harbor2	chr5	168238304	168238550	LINE/CR1	521	-	123	168238427	61743
chr5	150016885	150216885	harbor2	chr5	150057678	150057973	LINE/CR1	632	-	148	150057826	40941
chr5	38951439	39151439	harbor2	chr5	39032067	39032299	LINE/CR1	495	-	116	39032183	80744
chr5	149157560	149357560	harbor2	chr5	149184252	149184755	LINE/CR1	535	-	252	149184504	26944
chr5	149157560	149357560	harbor2	chr5	149224278	149224593	LINE/CR1	511	-	158	149224436	66876
chr5	149157560	149357560	harbor2	chr5	149228012	149228336	LINE/CR1	432	-	162	149228174	70614
chr5	150591198	150791198	harbor2	chr5	150592803	150593070	LINE/CR1	496	-	134	150592937	1739
chr5	156505983	156705983	harbor2	chr5	156566963	156567188	LINE/CR1	433	-	112	156567075	61092
chr5	160690315	160890315	harbor2	chr5	160740372	160740616	LINE/CR1	597	-	122	160740494	50179
chr5	168201309	168401309	harbor2	chr5	168238304	168238550	LINE/CR1	521	-	123	168238427	37118
chr5	40398259	40598259	harbor2	chr5	40491625	40492122	LINE/CR1	635	-	248	40491873	93614
chr5	79943567	80143567	harbor2	chr5	79971320	79971530	LINE/CR1	544	-	105	79971425	27858
chr5	144458011	144658011	harbor2	chr5	144474722	144475191	LINE/CR1	569	-	234	144474956	16945
chr5	148285819	148485819	harbor2	chr5	148316285	148316796	LINE/CR1	721	-	256	148316541	30722
chr5	148285819	148485819	harbor2	chr5	148335820	148336092	LINE/CR1	515	-	136	148335956	50137
chr5	148285819	148485819	harbor2	chr5	148358320	148358531	LINE/CR1	412	-	106	148358426	72607
chr5	148285819	148485819	harbor2	chr5	148358925	148359206	LINE/CR1	480	-	140	148359065	73246
chr5	119764175	119964175	harbor2	chr5	119843675	119843901	LINE/CR1	618	-	113	119843788	79613
chr5	139755432	139955432	harbor2	chr5	139776815	139777224	LINE/CR1	672	-	204	139777019	21587
chr5	139755432	139955432	harbor2	chr5	139780188	139780431	LINE/CR1	407	-	122	139780310	24878
chr5	139755432	139955432	harbor2	chr5	139780741	139780793	LINE/CR1	407	-	26	139780767	25335
chr5	175794759	175994759	harbor2	chr5	175810576	175810873	LINE/CR1	655	-	148	175810724	15965
chr5	175733812	175933812	harbor2	chr5	175810576	175810873	LINE/CR1	655	-	148	175810724	76912
chr5	155515478	155715478	harbor2	chr5	155578000	155578163	LINE/CR1	416	-	82	155578082	62604
chr5	92866703	93066703	harbor2	chr5	92925162	92925635	LINE/CR1	874	-	236	92925398	58695
chr5	160725356	160925356	harbor2	chr5	160740372	160740616	LINE/CR1	597	-	122	160740494	15138
chr5	152450127	152650127	harbor2	chr5	152500398	152500678	LINE/CR1	433	-	140	152500538	50411
chr5	167214039	167414039	harbor2	chr5	167214866	167215064	LINE/CR1	559	-	99	167214965	926
chr5	65519450	65719450	harbor2	chr5	65522269	65522425	LINE/CR1	1236	-	78	65522347	2897
chr5	65519450	65719450	harbor2	chr5	65522730	65523461	LINE/CR1	1236	-	366	65523096	3646
chr5	92851329	93051329	harbor2	chr5	92925162	92925635	LINE/CR1	874	-	236	92925398	74069
chr5	118080672	118280672	harbor2	chr5	118160837	118161069	LINE/CR1	575	-	116	118160953	80281
chr5	118080672	118280672	harbor2	chr5	118161443	118161615	LINE/CR1	575	-	86	118161529	80857
chr6	158215953	158415953	harbor2	chr6	158226612	158226905	LINE/CR1	509	-	146	158226758	10805
chr6	160240229	160440229	harbor2	chr6	160262077	160262412	LINE/CR1	426	-	168	160262245	22016
chr6	45836312	46036312	harbor2	chr6	45892841	45892935	LINE/CR1	502	-	47	45892888	56576
chr6	131542373	131742373	harbor2	chr6	131588729	131589089	LINE/CR1	549	-	180	131588909	46536
chr6	36244557	36444557	harbor2	chr6	36290012	36290207	LINE/CR1	535	-	98	36290110	45553
chr6	137384853	137584853	harbor2	chr6	137433612	137434442	LINE/CR1	1116	-	415	137434027	49174
chr6	122138709	122338709	harbor2	chr6	122144865	122145198	LINE/CR1	654	-	166	122145031	6322
chr6	87971843	88171843	harbor2	chr6	87974543	87974803	LINE/CR1	774	-	130	87974673	2830
chr6	87971843	88171843	harbor2	chr6	87976621	87976884	LINE/CR1	634	-	132	87976753	4910
chr6	146843477	147043477	harbor2	chr6	146862848	146863166	LINE/CR1	502	-	159	146863007	19530
chr6	146843477	147043477	harbor2	chr6	146864202	146864560	LINE/CR1	402	-	179	146864381	20904
chr6	146843477	147043477	harbor2	chr6	146932697	146933259	LINE/CR1	1014	-	281	146932978	89501
chr6	146843477	147043477	harbor2	chr6	146933598	146933716	LINE/CR1	419	-	59	146933657	90180
chr6	168571892	168771892	harbor2	chr6	168632552	168632884	LINE/CR1	540	-	166	168632718	60826
chr6	132357172	132557172	harbor2	chr6	132386655	132387446	LINE/CR1	1344	-	396	132387051	29879
chr6	132357172	132557172	harbor2	chr6	132387779	132388147	LINE/CR1	541	-	184	132387963	30791
chr6	156263374	156463374	harbor2	chr6	156284934	156285267	LINE/CR1	743	-	166	156285100	21726
chr6	66837425	67037425	harbor2	chr6	66858204	66858607	LINE/CR1	520	-	202	66858406	20981
chr6	146888609	147088609	harbor2	chr6	146932697	146933259	LINE/CR1	1014	-	281	146932978	44369
chr6	146888609	147088609	harbor2	chr6	146933598	146933716	LINE/CR1	419	-	59	146933657	45048
chr6	140226038	140426038	harbor2	chr6	140227477	140227761	LINE/CR1	523	-	142	140227619	1581
chr6	115317808	115517808	harbor2	chr6	115327064	115327598	LINE/CR1	704	-	267	115327331	9523
chr6	167670830	167870830	harbor2	chr6	167674257	167674528	LINE/CR1	442	-	136	167674393	3563
chr6	127770974	127970974	harbor2	chr6	127809625	127810160	LINE/CR1	699	-	268	127809893	38919
chr6	127770974	127970974	harbor2	chr6	127863302	127863570	LINE/CR1	558	-	134	127863436	92462
chr6	165066872	165266872	harbor2	chr6	165140358	165140574	LINE/CR1	438	-	108	165140466	73594
chr6	117290755	117490755	harbor2	chr6	117363002	117363189	LINE/CR1	437	-	94	117363096	72341
chr6	125468561	125668561	harbor2	chr6	125530863	125531027	LINE/CR1	427	-	82	125530945	62384
chr6	104218893	104418893	harbor2	chr6	104293075	104293415	LINE/CR1	771	-	170	104293245	74352
chr6	156954378	157154378	harbor2	chr6	156954566	156954951	LINE/CR1	732	-	192	156954758	380
chr6	154734902	154934902	harbor2	chr6	154804369	154804971	LINE/CR1	689	-	301	154804670	69768
chr6	145161065	145361065	harbor2	chr6	145213936	145214156	LINE/CR1	459	-	110	145214046	52981
chr6	140145928	140345928	harbor2	chr6	140183581	140183738	LINE/CR1	453	-	78	140183659	37731
chr6	140145928	140345928	harbor2	chr6	140227477	140227761	LINE/CR1	523	-	142	140227619	81691
chr6	112793836	112993836	harbor2	chr6	112821641	112821891	LINE/CR1	452	-	125	112821766	27930
chr6	112793836	112993836	harbor2	chr6	112841778	112842418	LINE/CR1	654	-	320	112842098	48262
chr6	134125113	134325113	harbor2	chr6	134148636	134149426	LINE/CR1	580	-	395	134149031	23918
chr6	131451807	131651807	harbor2	chr6	131452026	131452272	LINE/CR1	552	-	123	131452149	342
chr6	118034344	118234344	harbor2	chr6	118086172	118086882	LINE/CR1	967	-	355	118086527	52183
chr6	118034344	118234344	harbor2	chr6	118116839	118117098	LINE/CR1	415	-	130	118116969	82625
chr6	109474743	109674743	harbor2	chr6	109532178	109532442	LINE/CR1	484	-	132	109532310	57567
chr6	158190498	158390498	harbor2	chr6	158226612	158226905	LINE/CR1	509	-	146	158226758	36260
chr6	140557701	140757701	harbor2	chr6	140592411	140592583	LINE/CR1	426	-	86	140592497	34796
chr6	140557701	140757701	harbor2	chr6	140596878	140597232	LINE/CR1	645	-	177	140597055	39354
chr6	84171601	84371601	harbor2	chr6	84202072	84202478	LINE/CR1	409	-	203	84202275	30674
chr6	140105758	140305758	harbor2	chr6	140183581	140183738	LINE/CR1	453	-	78	140183659	77901
chr7	116098646	116298646	harbor2	chr7	116131201	116131525	LINE/CR1	467	-	162	116131363	32717
chr7	96290428	96490428	harbor2	chr7	96387088	96387328	LINE/CR1	921	-	120	96387208	96780
chr7	96290428	96490428	harbor2	chr7	96387624	96388459	LINE/CR1	921	-	418	96388042	97614
chr7	148288457	148488457	harbor2	chr7	148370812	148371062	LINE/CR1	478	-	125	148370937	82480
chr7	55231173	55431173	harbor2	chr7	55306050	55306459	LINE/CR1	508	-	204	55306254	75081
chr7	147003517	147203517	harbor2	chr7	147021472	147021964	LINE/CR1	481	-	246	147021718	18201
chr7	129161134	129361134	harbor2	chr7	129260371	129260794	LINE/CR1	1612	-	212	129260583	99449
chr7	113636993	113836993	harbor2	chr7	113705782	113706180	LINE/CR1	575	-	199	113705981	68988
chr7	113636993	113836993	harbor2	chr7	113708992	113709210	LINE/CR1	483	-	109	113709101	72108
chr7	151842393	152042393	harbor2	chr7	151925757	151926041	LINE/CR1	748	-	142	151925899	83506
chr7	134700347	134900347	harbor2	chr7	134738676	134738937	LINE/CR1	620	-	130	134738806	38459
chr7	134700347	134900347	harbor2	chr7	134750760	134751015	LINE/CR1	535	-	128	134750888	50541
chr7	39223880	39423880	harbor2	chr7	39301256	39301660	LINE/CR1	493	-	202	39301458	77578
chr7	146762074	146962074	harbor2	chr7	146779684	146779970	LINE/CR1	502	-	143	146779827	17753
chr7	50847315	51047315	harbor2	chr7	50913032	50913345	LINE/CR1	486	-	156	50913188	65873
chr7	153649556	153849556	harbor2	chr7	153653799	153654187	LINE/CR1	578	-	194	153653993	4437
chr7	127853166	128053166	harbor2	chr7	127891632	127891908	LINE/CR1	485	-	138	127891770	38604
chr7	118164179	118364179	harbor2	chr7	118195583	118196356	LINE/CR1	705	-	386	118195969	31790
chr7	151570336	151770336	harbor2	chr7	151586473	151586913	LINE/CR1	583	-	220	151586693	16357
chr7	141882688	142082688	harbor2	chr7	141900510	141900998	LINE/CR1	508	-	244	141900754	18066
chr7	140844786	141044786	harbor2	chr7	140929099	140929432	LINE/CR1	498	-	166	140929265	84479
chr7	30513750	30713750	harbor2	chr7	30608271	30608525	LINE/CR1	519	-	127	30608398	94648
chr7	30513750	30713750	harbor2	chr7	30604235	30605358	LINE/CR1	975	-	562	30604797	91047
chr7	158993817	159193817	harbor2	chr7	159009693	159010026	LINE/CR1	587	-	166	159009859	16042
chr7	132827115	133027115	harbor2	chr7	132857251	132857413	LINE/CR1	448	-	81	132857332	30217
chr7	132827115	133027115	harbor2	chr7	132857708	132857725	LINE/CR1	448	-	8	132857716	30601
chr7	114034524	114234524	harbor2	chr7	114045337	114045685	LINE/CR1	474	-	174	114045511	10987
chr8	132035604	132235604	harbor2	chr8	132078865	132078916	LINE/CR1	387	-	26	132078891	43287
chr8	132035604	132235604	harbor2	chr8	132079064	132079361	LINE/CR1	387	-	148	132079212	43608
chr8	134772848	134972848	harbor2	chr8	134849702	134849861	LINE/CR1	495	-	80	134849782	76934
chr8	131191988	131391988	harbor2	chr8	131242519	131242720	LINE/CR1	467	-	100	131242619	50631
chr8	101744124	101944124	harbor2	chr8	101808126	101808442	LINE/CR1	681	-	158	101808284	64160
chr8	98539176	98739176	harbor2	chr8	98540055	98540650	LINE/CR1	773	-	298	98540353	1177
chr8	129305812	129505812	harbor2	chr8	129335200	129335594	LINE/CR1	631	-	197	129335397	29585
chr8	128547797	128747797	harbor2	chr8	128571963	128572313	LINE/CR1	565	-	175	128572138	24341
chr8	63433934	63633934	harbor2	chr8	63481602	63481906	LINE/CR1	471	-	152	63481754	47820
chr8	63433934	63633934	harbor2	chr8	63493000	63493385	LINE/CR1	478	-	192	63493192	59258
chr8	22782431	22982431	harbor2	chr8	22805912	22806335	LINE/CR1	1894	-	212	22806124	23693
chr8	22782431	22982431	harbor2	chr8	22806645	22807186	LINE/CR1	1894	-	270	22806915	24484
chr8	22782431	22982431	harbor2	chr8	22809891	22810349	LINE/CR1	926	-	229	22810120	27689
chr8	22782431	22982431	harbor2	chr8	22835620	22835892	LINE/CR1	501	-	136	22835756	53325
chr8	57353890	57553890	harbor2	chr8	57393302	57393440	LINE/CR1	402	-	69	57393371	39481
chr8	134843472	135043472	harbor2	chr8	134849702	134849861	LINE/CR1	495	-	80	134849782	6310
chr8	129924847	130124847	harbor2	chr8	129941772	129941984	LINE/CR1	489	-	106	129941878	17031
chr8	124549068	124749068	harbor2	chr8	124610547	124610690	LINE/CR1	455	-	72	124610619	61551
chr8	119578592	119778592	harbor2	chr8	119667210	119667542	LINE/CR1	591	-	166	119667376	88784
chr8	119578592	119778592	harbor2	chr8	119669097	119669307	LINE/CR1	400	-	105	119669202	90610
chr8	121559789	121759789	harbor2	chr8	121574470	121574731	LINE/CR1	770	-	130	121574600	14811
chr8	104515804	104715804	harbor2	chr8	104520510	104520715	LINE/CR1	476	-	102	104520612	4808
chr8	131178775	131378775	harbor2	chr8	131242519	131242720	LINE/CR1	467	-	100	131242619	63844
chr8	69915173	70115173	harbor2	chr8	69950801	69951257	LINE/CR1	815	-	228	69951029	35856
chr8	141905435	142105435	harbor2	chr8	141978535	141978878	LINE/CR1	467	-	172	141978707	73272
chr8	141905435	142105435	harbor2	chr8	141982156	141982361	LINE/CR1	380	-	102	141982258	76823
chr8	135753873	135953873	harbor2	chr8	135819849	135820183	LINE/CR1	558	-	167	135820016	66143
chr8	67991814	68191814	harbor2	chr8	68020818	68021017	LINE/CR1	472	-	100	68020918	29104
chr8	67991814	68191814	harbor2	chr8	68021182	68021494	LINE/CR1	374	-	156	68021338	29524
chr8	128930423	129130423	harbor2	chr8	128933918	128934095	LINE/CR1	634	-	88	128934006	3583
chr8	59999989	60199989	harbor2	chr8	60041031	60041307	LINE/CR1	567	-	138	60041169	41180
chr8	130834258	131034258	harbor2	chr8	130873652	130873851	LINE/CR1	369	-	100	130873752	39494
chr8	80707940	80907940	harbor2	chr8	80713274	80713514	LINE/CR1	436	-	120	80713394	5454
chr8	84834921	85034921	harbor2	chr8	84877628	84877897	LINE/CR1	538	-	134	84877762	42841
chr8	134103965	134303965	harbor2	chr8	134186939	134187310	LINE/CR1	373	-	186	134187125	83160
chr8	131736662	131936662	harbor2	chr8	131737317	131737532	LINE/CR1	494	-	108	131737425	763
chr8	62207449	62407449	harbor2	chr8	62272586	62272932	LINE/CR1	801	-	173	62272759	65310
chr8	62207449	62407449	harbor2	chr8	62273151	62273706	LINE/CR1	801	-	278	62273429	65980
chr8	106794709	106994709	harbor2	chr8	106812328	106812391	LINE/CR1	384	-	32	106812360	17651
chr8	106794709	106994709	harbor2	chr8	106812681	106812897	LINE/CR1	384	-	108	106812789	18080
chr8	118682130	118882130	harbor2	chr8	118696975	118697271	LINE/CR1	417	-	148	118697123	14993
chr8	103272372	103472372	harbor2	chr8	103354377	103354713	LINE/CR1	436	-	168	103354545	82173
chr8	103825947	104025947	harbor2	chr8	103903663	103903824	LINE/CR1	470	-	80	103903743	77796
chr8	115668369	115868369	harbor2	chr8	115691092	115691707	LINE/CR1	882	-	308	115691400	23031
chr8	115668369	115868369	harbor2	chr8	115692105	115692297	LINE/CR1	735	-	96	115692201	23832
chr9	98108223	98308223	harbor2	chr9	98145137	98145458	LINE/CR1	549	-	160	98145297	37074
chr9	126613935	126813935	harbor2	chr9	126697547	126697837	LINE/CR1	562	-	145	126697692	83757
chr9	126613935	126813935	harbor2	chr9	126698175	126698835	LINE/CR1	562	-	330	126698505	84570
chr9	100258438	100458438	harbor2	chr9	100320788	100321366	LINE/CR1	673	-	289	100321077	62639
chr9	78920351	79120351	harbor2	chr9	78961883	78962179	LINE/CR1	411	-	148	78962031	41680
chr9	132592966	132792966	harbor2	chr9	132648766	132649045	LINE/CR1	461	-	140	132648906	55940
chr9	132592966	132792966	harbor2	chr9	132664000	132664383	LINE/CR1	567	-	192	132664192	71226
chr9	132592966	132792966	harbor2	chr9	132675829	132675895	LINE/CR1	765	-	33	132675862	82896
chr9	132592966	132792966	harbor2	chr9	132676199	132676322	LINE/CR1	765	-	62	132676261	83295
chr9	132592966	132792966	harbor2	chr9	132676621	132677113	LINE/CR1	765	-	246	132676867	83901
chr9	121406825	121606825	harbor2	chr9	121466369	121466622	LINE/CR1	619	-	126	121466495	59670
chr9	126613982	126813982	harbor2	chr9	126697547	126697837	LINE/CR1	562	-	145	126697692	83710
chr9	126613982	126813982	harbor2	chr9	126698175	126698835	LINE/CR1	562	-	330	126698505	84523
chr9	105459241	105659241	harbor2	chr9	105501359	105501428	LINE/CR1	514	-	34	105501393	42152
chr9	105459241	105659241	harbor2	chr9	105501734	105501971	LINE/CR1	514	-	118	105501852	42611
chr9	105459241	105659241	harbor2	chr9	105536065	105536617	LINE/CR1	532	-	276	105536341	77100
chr9	105459241	105659241	harbor2	chr9	105536937	105537218	LINE/CR1	532	-	140	105537077	77836
chr9	76666041	76866041	harbor2	chr9	76752020	76752085	LINE/CR1	531	-	32	76752052	86011
chr9	76666041	76866041	harbor2	chr9	76752396	76752566	LINE/CR1	531	-	85	76752481	86440
chr9	99729583	99929583	harbor2	chr9	99730663	99730797	LINE/CR1	432	-	67	99730730	1147
chr9	99729583	99929583	harbor2	chr9	99736851	99737093	LINE/CR1	562	-	121	99736972	7389
chr9	109602614	109802614	harbor2	chr9	109691375	109691715	LINE/CR1	402	-	170	109691545	88931
chr9	117071547	117271547	harbor2	chr9	117108734	117109002	LINE/CR1	434	-	134	117108868	37321
chr9	117071547	117271547	harbor2	chr9	117109288	117109335	LINE/CR1	434	-	24	117109312	37765
chr9	117071547	117271547	harbor2	chr9	117109373	117109906	LINE/CR1	434	-	266	117109639	38092
chr9	117071547	117271547	harbor2	chr9	117114294	117114498	LINE/CR1	480	-	102	117114396	42849
chr9	134790587	134990587	harbor2	chr9	134837963	134838122	LINE/CR1	431	-	80	134838043	47456
chr9	134794885	134994885	harbor2	chr9	134837963	134838122	LINE/CR1	431	-	80	134838043	43158
chr9	97532727	97732727	harbor2	chr9	97569134	97569541	LINE/CR1	564	-	204	97569338	36611
chr9	97532727	97732727	harbor2	chr9	97577180	97577342	LINE/CR1	422	-	81	97577261	44534
chr9	130280801	130480801	harbor2	chr9	130305076	130305269	LINE/CR1	405	-	96	130305172	24371
chr9	97740641	97940641	harbor2	chr9	97769522	97769724	LINE/CR1	672	-	101	97769623	28982
chr9	107905849	108105849	harbor2	chr9	107906184	107906545	LINE/CR1	496	-	180	107906364	515
chr9	107905849	108105849	harbor2	chr9	107919776	107919984	LINE/CR1	439	-	104	107919880	14031
chr9	79373918	79573918	harbor2	chr9	79427867	79428046	LINE/CR1	622	-	90	79427957	54039
chr9	79373918	79573918	harbor2	chr9	79429376	79429584	LINE/CR1	456	-	104	79429480	55562
chr9	104122283	104322283	harbor2	chr9	104172535	104172771	LINE/CR1	460	-	118	104172653	50370
chr9	112704170	112904170	harbor2	chr9	112794554	112794775	LINE/CR1	415	-	110	112794664	90494
chr9	134770949	134970949	harbor2	chr9	134837963	134838122	LINE/CR1	431	-	80	134838043	67094
chr9	99329565	99529565	harbor2	chr9	99347439	99347654	LINE/CR1	449	-	108	99347547	17982
chr9	99329565	99529565	harbor2	chr9	99362390	99362676	LINE/CR1	497	-	143	99362533	32968
chr9	109704297	109904297	harbor2	chr9	109712694	109712964	LINE/CR1	492	-	135	109712829	8532
chr9	108580134	108780134	harbor2	chr9	108650733	108650950	LINE/CR1	475	-	108	108650841	70707
chr9	104951871	105151871	harbor2	chr9	104977591	104977914	LINE/CR1	834	-	162	104977753	25882
chr9	104951871	105151871	harbor2	chr9	105047238	105047681	LINE/CR1	629	-	222	105047460	95589
chr9	117958419	118158419	harbor2	chr9	118046694	118047025	LINE/CR1	531	-	166	118046860	88441
chr9	128211085	128411085	harbor2	chr9	128241931	128242061	LINE/CR1	398	-	65	128241996	30911
chr9	126094804	126294804	harbor2	chr9	126154433	126154580	LINE/CR1	575	-	74	126154507	59703
chr9	118405048	118605048	harbor2	chr9	118420137	118420867	LINE/CR1	771	-	365	118420502	15454
chr9	97844110	98044110	harbor2	chr9	97845321	97845464	LINE/CR1	412	-	72	97845393	1283
chr9	97844110	98044110	harbor2	chr9	97845695	97845724	LINE/CR1	412	-	14	97845709	1599
chr9	126344181	126544181	harbor2	chr9	126425458	126425891	LINE/CR1	504	-	216	126425674	81493
chr9	126344181	126544181	harbor2	chr9	126426218	126426606	LINE/CR1	504	-	194	126426412	82231
chr9	35779188	35979188	harbor2	chr9	35842994	35843146	LINE/CR1	501	-	76	35843070	63882
chr9	95314538	95514538	harbor2	chr9	95361093	95361434	LINE/CR1	1040	-	170	95361263	46725
chr9	95314538	95514538	harbor2	chr9	95361559	95361811	LINE/CR1	1040	-	126	95361685	47147
chr9	95314538	95514538	harbor2	chr9	95409670	95409991	LINE/CR1	486	-	160	95409830	95292
chr9	117999149	118199149	harbor2	chr9	118046694	118047025	LINE/CR1	531	-	166	118046860	47711
chr9	105036724	105236724	harbor2	chr9	105047238	105047681	LINE/CR1	629	-	222	105047460	10736
chr9	107405664	107605664	harbor2	chr9	107407569	107407792	LINE/CR1	527	-	112	107407681	2017
chr9	112736080	112936080	harbor2	chr9	112794554	112794775	LINE/CR1	415	-	110	112794664	58584
chr9	117903973	118103973	harbor2	chr9	117952141	117952695	LINE/CR1	470	-	277	117952418	48445
chr9	132839864	133039864	harbor2	chr9	132893034	132893453	LINE/CR1	491	-	210	132893244	53380
chr9	79641870	79841870	harbor2	chr9	79741046	79741342	LINE/CR1	1103	-	148	79741194	99324
chr9	121854484	122054484	harbor2	chr9	121949663	121949965	LINE/CR1	570	-	151	121949814	95330
chr9	71124876	71324876	harbor2	chr9	71126741	71126927	LINE/CR1	541	-	93	71126834	1958
chr9	117466202	117666202	harbor2	chr9	117549762	117550246	LINE/CR1	546	-	242	117550004	83802
chr9	109663871	109863871	harbor2	chr9	109691375	109691715	LINE/CR1	402	-	170	109691545	27674
chr9	109663871	109863871	harbor2	chr9	109712694	109712964	LINE/CR1	492	-	135	109712829	48958
chr10	117552498	117752498	harbor2	chr10	117559634	117559847	LINE/CR1	425	-	106	117559740	7242
chr10	72833819	73033819	harbor2	chr10	72897635	72898001	LINE/CR1	642	-	183	72897818	63999
chr10	72833819	73033819	harbor2	chr10	72898292	72898410	LINE/CR1	642	-	59	72898351	64532
chr10	97943130	98143130	harbor2	chr10	97960541	97960966	LINE/CR1	571	-	212	97960753	17623
chr10	73356590	73556590	harbor2	chr10	73391658	73391912	LINE/CR1	462	-	127	73391785	35195
chr10	94359759	94559759	harbor2	chr10	94416299	94416517	LINE/CR1	405	-	109	94416408	56649
chr10	71399093	71599093	harbor2	chr10	71449332	71449509	LINE/CR1	546	-	88	71449420	50327
chr10	71399093	71599093	harbor2	chr10	71449835	71450036	LINE/CR1	504	-	100	71449935	50842
chr10	101368209	101568209	harbor2	chr10	101441398	101441597	LINE/CR1	559	-	100	101441498	73289
chr10	101368209	101568209	harbor2	chr10	101441901	101441917	LINE/CR1	559	-	8	101441909	73700
chr10	109564190	109764190	harbor2	chr10	109645414	109645908	LINE/CR1	794	-	247	109645661	81471
chr10	94144607	94344607	harbor2	chr10	94186279	94186816	LINE/CR1	904	-	268	94186547	41940
chr11	121372315	121572315	harbor2	chr11	121415127	121415417	LINE/CR1	401	-	145	121415272	42957
chr11	104611140	104811140	harbor2	chr11	104655339	104655529	LINE/CR1	450	-	95	104655434	44294
chr11	104611140	104811140	harbor2	chr11	104670402	104670911	LINE/CR1	492	-	254	104670656	59516
chr11	109933823	110133823	harbor2	chr11	109934541	109934714	LINE/CR1	489	-	86	109934627	804
chr11	109933823	110133823	harbor2	chr11	109937176	109937504	LINE/CR1	504	-	164	109937340	3517
chr11	109933823	110133823	harbor2	chr11	109941925	109942024	LINE/CR1	382	-	50	109941975	8152
chr11	109933823	110133823	harbor2	chr11	109975343	109976015	LINE/CR1	942	-	336	109975679	41856
chr11	109933823	110133823	harbor2	chr11	110029663	110029855	LINE/CR1	425	-	96	110029759	95936
chr11	126051486	126251486	harbor2	chr11	126056055	126056268	LINE/CR1	491	-	106	126056161	4675
chr11	134413318	134613318	harbor2	chr11	134421609	134421878	LINE/CR1	655	-	134	134421743	8425
chr11	134413318	134613318	harbor2	chr11	134422041	134422118	LINE/CR1	655	-	38	134422079	8761
chr11	134413318	134613318	harbor2	chr11	134509980	134510229	LINE/CR1	527	-	124	134510104	96786
chr11	131381073	131581073	harbor2	chr11	131382683	131383190	LINE/CR1	367	-	254	131382937	1864
chr11	126031673	126231673	harbor2	chr11	126056055	126056268	LINE/CR1	491	-	106	126056161	24488
chr11	133218066	133418066	harbor2	chr11	133234589	133234764	LINE/CR1	467	-	88	133234677	16611
chr11	92604486	92804486	harbor2	chr11	92634379	92634560	LINE/CR1	384	-	90	92634469	29983
chr11	82529450	82729450	harbor2	chr11	82556139	82556366	LINE/CR1	422	-	114	82556253	26803
chr11	47531890	47731890	harbor2	chr11	47605607	47606921	LINE/CR1	1351	-	657	47606264	74374
chr11	103565830	103765830	harbor2	chr11	103587610	103587818	LINE/CR1	494	-	104	103587714	21884
chr11	99147087	99347087	harbor2	chr11	99223555	99223776	LINE/CR1	368	-	110	99223665	76578
chr11	121465489	121665489	harbor2	chr11	121537594	121537857	LINE/CR1	393	-	132	121537726	72237
chr11	121465489	121665489	harbor2	chr11	121537971	121538185	LINE/CR1	399	-	107	121538078	72589
chr11	121465489	121665489	harbor2	chr11	121538575	121538681	LINE/CR1	617	-	53	121538628	73139
chr11	121465489	121665489	harbor2	chr11	121538977	121539625	LINE/CR1	617	-	324	121539301	73812
chr11	59194541	59394541	harbor2	chr11	59219734	59219921	LINE/CR1	479	-	94	59219828	25287
chr11	126495669	126695669	harbor2	chr11	126577868	126578217	LINE/CR1	760	-	174	126578042	82373
chr11	115988127	116188127	harbor2	chr11	115997321	115997677	LINE/CR1	544	-	178	115997499	9372
chr11	96303532	96503532	harbor2	chr11	96314387	96314620	LINE/CR1	621	-	116	96314503	10971
chr11	134125356	134325356	harbor2	chr11	134182200	134182770	LINE/CR1	957	-	285	134182485	57129
chr11	125207210	125407210	harbor2	chr11	125231991	125232190	LINE/CR1	626	-	100	125232091	24881
chr11	116746118	116946118	harbor2	chr11	116765927	116766199	LINE/CR1	543	-	136	116766063	19945
chr11	116746118	116946118	harbor2	chr11	116768616	116768721	LINE/CR1	381	-	52	116768668	22550
chr11	116746118	116946118	harbor2	chr11	116769037	116769205	LINE/CR1	381	-	84	116769121	23003
chr11	116746118	116946118	harbor2	chr11	116783880	116784238	LINE/CR1	765	-	179	116784059	37941
chr11	131765004	131965004	harbor2	chr11	131864633	131864890	LINE/CR1	484	-	128	131864761	99757
chr11	131041936	131241936	harbor2	chr11	131077824	131077956	LINE/CR1	385	-	66	131077890	35954
chr11	134755098	134955098	harbor2	chr11	134763659	134763860	LINE/CR1	378	-	100	134763759	8661
chr11	72616375	72816375	harbor2	chr11	72698556	72698742	LINE/CR1	404	-	93	72698649	82274
chr11	121443829	121643829	harbor2	chr11	121537594	121537857	LINE/CR1	393	-	132	121537726	93897
chr11	121443829	121643829	harbor2	chr11	121537971	121538185	LINE/CR1	399	-	107	121538078	94249
chr11	121443829	121643829	harbor2	chr11	121538575	121538681	LINE/CR1	617	-	53	121538628	94799
chr11	121443829	121643829	harbor2	chr11	121538977	121539625	LINE/CR1	617	-	324	121539301	95472
chr11	126050602	126250602	harbor2	chr11	126056055	126056268	LINE/CR1	491	-	106	126056161	5559
chr11	117474637	117674637	harbor2	chr11	117534328	117534602	LINE/CR1	659	-	137	117534465	59828
chr11	117474637	117674637	harbor2	chr11	117534891	117535353	LINE/CR1	659	-	231	117535122	60485
chr11	88796575	88996575	harbor2	chr11	88879586	88879833	LINE/CR1	437	-	124	88879710	83135
chr11	129936304	130136304	harbor2	chr11	129948795	129949109	LINE/CR1	726	-	157	129948952	12648
chr11	128309831	128509831	harbor2	chr11	128401529	128401713	LINE/CR1	396	-	92	128401621	91790
chr11	128309831	128509831	harbor2	chr11	128401849	128402288	LINE/CR1	529	-	220	128402069	92238
chr11	46572022	46772022	harbor2	chr11	46576464	46576711	LINE/CR1	453	-	124	46576588	4566
chr11	111892459	112092459	harbor2	chr11	111916044	111916230	LINE/CR1	708	-	93	111916137	23678
chr11	111892459	112092459	harbor2	chr11	111916523	111916823	LINE/CR1	708	-	150	111916673	24214
chr11	111892459	112092459	harbor2	chr11	111975534	111975938	LINE/CR1	407	-	202	111975736	83277
chr11	116089504	116289504	harbor2	chr11	116172719	116172791	LINE/CR1	645	-	36	116172755	83251
chr11	116089504	116289504	harbor2	chr11	116173270	116173459	LINE/CR1	645	-	94	116173364	83860
chr11	116089504	116289504	harbor2	chr11	116182191	116182402	LINE/CR1	522	-	106	116182297	92793
chr11	125890316	126090316	harbor2	chr11	125971645	125971864	LINE/CR1	457	-	110	125971755	81439
chr11	112904796	113104796	harbor2	chr11	112941801	112942091	LINE/CR1	421	-	145	112941946	37150
chr11	105468020	105668020	harbor2	chr11	105531460	105531679	LINE/CR1	458	-	110	105531570	63550
chr11	134703317	134903317	harbor2	chr11	134763659	134763860	LINE/CR1	378	-	100	134763759	60442
chr11	131163137	131363137	harbor2	chr11	131244163	131244613	LINE/CR1	424	-	225	131244388	81251
chr11	121321596	121521596	harbor2	chr11	121415127	121415417	LINE/CR1	401	-	145	121415272	93676
chr11	106892552	107092552	harbor2	chr11	106929637	106929898	LINE/CR1	639	-	130	106929767	37215
chr11	106892552	107092552	harbor2	chr11	106958276	106958544	LINE/CR1	427	-	134	106958410	65858
chr11	113179290	113379290	harbor2	chr11	113266882	113267227	LINE/CR1	784	-	172	113267054	87764
chr11	125988263	126188263	harbor2	chr11	126056055	126056268	LINE/CR1	491	-	106	126056161	67898
chr11	125988263	126188263	harbor2	chr11	125992880	125993185	LINE/CR1	616	-	152	125993032	4769
chr11	78980672	79180672	harbor2	chr11	78989369	78989670	LINE/CR1	558	-	150	78989519	8847
chr11	78980672	79180672	harbor2	chr11	79079867	79080174	LINE/CR1	398	-	154	79080021	99349
chr11	125947387	126147387	harbor2	chr11	125971645	125971864	LINE/CR1	457	-	110	125971755	24368
chr11	125947387	126147387	harbor2	chr11	125992880	125993185	LINE/CR1	616	-	152	125993032	45645
chr11	130856728	131056728	harbor2	chr11	130887378	130887797	LINE/CR1	572	-	210	130887588	30860
chr11	130856728	131056728	harbor2	chr11	130888180	130889323	LINE/CR1	1255	-	572	130888752	32024
chr11	130856728	131056728	harbor2	chr11	130889591	130890148	LINE/CR1	965	-	278	130889869	33141
chr11	120611621	120811621	harbor2	chr11	120673899	120674238	LINE/CR1	599	-	170	120674069	62448
chr11	119529564	119729564	harbor2	chr11	119611899	119612077	LINE/CR1	437	-	89	119611988	82424
chr11	119529564	119729564	harbor2	chr11	119620081	119620202	LINE/CR1	429	-	60	119620141	90577
chr11	119529564	119729564	harbor2	chr11	119620915	119621142	LINE/CR1	516	-	114	119621029	91465
chr11	119529564	119729564	harbor2	chr11	119621457	119621717	LINE/CR1	516	-	130	119621587	92023
chr11	119995821	120195821	harbor2	chr11	120014781	120015056	LINE/CR1	533	-	138	120014919	19098
chr11	119995821	120195821	harbor2	chr11	120021806	120021910	LINE/CR1	379	-	52	120021858	26037
chr11	121865952	122065952	harbor2	chr11	121881633	121882372	LINE/CR1	895	-	370	121882003	16051
chr11	30448581	30648581	harbor2	chr11	30540730	30540919	LINE/CR1	500	-	94	30540824	92243
chr11	82866824	83066824	harbor2	chr11	82871674	82871884	LINE/CR1	374	-	105	82871779	4955
chr11	134178511	134378511	harbor2	chr11	134182200	134182770	LINE/CR1	957	-	285	134182485	3974
chr11	127804035	128004035	harbor2	chr11	127837114	127837373	LINE/CR1	575	-	130	127837244	33209
chr11	103934155	104134155	harbor2	chr11	104027702	104027908	LINE/CR1	366	-	103	104027805	93650
chr11	103934155	104134155	harbor2	chr11	104028211	104028235	LINE/CR1	366	-	12	104028223	94068
chr11	124311035	124511035	harbor2	chr11	124317912	124318124	LINE/CR1	375	-	106	124318018	6983
chr11	124311035	124511035	harbor2	chr11	124318477	124318884	LINE/CR1	416	-	204	124318681	7646
chr11	94657573	94857573	harbor2	chr11	94755407	94755590	LINE/CR1	400	-	92	94755499	97926
chr11	94657573	94857573	harbor2	chr11	94756634	94756901	LINE/CR1	399	-	134	94756768	99195
chr11	115709221	115909221	harbor2	chr11	115749156	115749648	LINE/CR1	825	-	246	115749402	40181
chr11	123325886	123525886	harbor2	chr11	123348620	123348777	LINE/CR1	391	-	78	123348698	22812
chr11	123325886	123525886	harbor2	chr11	123392844	123393033	LINE/CR1	439	-	94	123392938	67052
chr11	123646098	123846098	harbor2	chr11	123655671	123655763	LINE/CR1	1186	-	46	123655717	9619
chr11	123646098	123846098	harbor2	chr11	123656088	123656867	LINE/CR1	1186	-	390	123656478	10380
chr11	123646098	123846098	harbor2	chr11	123657526	123658002	LINE/CR1	437	-	238	123657764	11666
chr11	101437089	101637089	harbor2	chr11	101469402	101469528	LINE/CR1	470	-	63	101469465	32376
chr11	101437089	101637089	harbor2	chr11	101470039	101470482	LINE/CR1	838	-	222	101470261	33172
chr11	101437089	101637089	harbor2	chr11	101515110	101515480	LINE/CR1	561	-	185	101515295	78206
chr11	134735334	134935334	harbor2	chr11	134763659	134763860	LINE/CR1	378	-	100	134763759	28425
chr11	68472860	68672860	harbor2	chr11	68524069	68524798	LINE/CR1	537	-	364	68524433	51573
chr11	134702523	134902523	harbor2	chr11	134763659	134763860	LINE/CR1	378	-	100	134763759	61236
chr11	106488846	106688846	harbor2	chr11	106511623	106511954	LINE/CR1	458	-	166	106511789	22943
chr11	106488846	106688846	harbor2	chr11	106520130	106520449	LINE/CR1	384	-	160	106520290	31444
chr11	76071393	76271393	harbor2	chr11	76125379	76125594	LINE/CR1	426	-	108	76125487	54094
chr11	76071393	76271393	harbor2	chr11	76140344	76140625	LINE/CR1	471	-	140	76140484	69091
chr11	77900685	78100685	harbor2	chr11	77959920	77960224	LINE/CR1	405	-	152	77960072	59387
chr11	72304702	72504702	harbor2	chr11	72327126	72327492	LINE/CR1	411	-	183	72327309	22607
chr11	72304702	72504702	harbor2	chr11	72393724	72394260	LINE/CR1	792	-	268	72393992	89290
chr11	81056099	81256099	harbor2	chr11	81087787	81088139	LINE/CR1	414	-	176	81087963	31864
chr11	81056099	81256099	harbor2	chr11	81088437	81088470	LINE/CR1	414	-	16	81088453	32354
chr11	81056099	81256099	harbor2	chr11	81137431	81137650	LINE/CR1	466	-	110	81137541	81442
chr11	128205223	128405223	harbor2	chr11	128213189	128213510	LINE/CR1	481	-	160	128213349	8126
chr11	93509214	93709214	harbor2	chr11	93574543	93574698	LINE/CR1	467	-	78	93574621	65407
chr11	76838906	77038906	harbor2	chr11	76922168	76922517	LINE/CR1	506	-	174	76922342	83436
chr11	114688660	114888660	harbor2	chr11	114734488	114734826	LINE/CR1	482	-	169	114734657	45997
chr11	114688660	114888660	harbor2	chr11	114735113	114735415	LINE/CR1	482	-	151	114735264	46604
chr11	114688660	114888660	harbor2	chr11	114755234	114755605	LINE/CR1	627	-	186	114755420	66760
chr11	114688660	114888660	harbor2	chr11	114755829	114756219	LINE/CR1	485	-	195	114756024	67364
chr11	73380972	73580972	harbor2	chr11	73418653	73418804	LINE/CR1	415	-	76	73418729	37757
chr11	73380972	73580972	harbor2	chr11	73419109	73419159	LINE/CR1	415	-	25	73419134	38162
chr11	73380972	73580972	harbor2	chr11	73436984	73437101	LINE/CR1	387	-	58	73437042	56070
chr11	73380972	73580972	harbor2	chr11	73437769	73437907	LINE/CR1	410	-	69	73437838	56866
chr11	132588900	132788900	harbor2	chr11	132674749	132674971	LINE/CR1	421	-	111	132674860	85960
chr11	104593410	104793410	harbor2	chr11	104655339	104655529	LINE/CR1	450	-	95	104655434	62024
chr11	104593410	104793410	harbor2	chr11	104670402	104670911	LINE/CR1	492	-	254	104670656	77246
chr11	91509517	91709517	harbor2	chr11	91549826	91549943	LINE/CR1	435	-	58	91549884	40367
chr11	121472785	121672785	harbor2	chr11	121537594	121537857	LINE/CR1	393	-	132	121537726	64941
chr11	121472785	121672785	harbor2	chr11	121537971	121538185	LINE/CR1	399	-	107	121538078	65293
chr11	121472785	121672785	harbor2	chr11	121538575	121538681	LINE/CR1	617	-	53	121538628	65843
chr11	121472785	121672785	harbor2	chr11	121538977	121539625	LINE/CR1	617	-	324	121539301	66516
chr11	130816546	131016546	harbor2	chr11	130887378	130887797	LINE/CR1	572	-	210	130887588	71042
chr11	130816546	131016546	harbor2	chr11	130888180	130889323	LINE/CR1	1255	-	572	130888752	72206
chr11	130816546	131016546	harbor2	chr11	130889591	130890148	LINE/CR1	965	-	278	130889869	73323
chr11	121650782	121850782	harbor2	chr11	121680381	121680611	LINE/CR1	509	-	115	121680496	29714
chr12	99676176	99876176	harbor2	chr12	99694752	99694993	LINE/CR1	556	-	120	99694872	18696
chr12	99676176	99876176	harbor2	chr12	99765355	99765732	LINE/CR1	917	-	188	99765543	89367
chr12	133089252	133289252	harbor2	chr12	133138485	133138726	LINE/CR1	531	-	120	133138605	49353
chr12	110540774	110740774	harbor2	chr12	110632729	110632906	LINE/CR1	661	-	88	110632817	92043
chr12	133073239	133273239	harbor2	chr12	133138485	133138726	LINE/CR1	531	-	120	133138605	65366
chr12	51521873	51721873	harbor2	chr12	51540987	51541391	LINE/CR1	643	-	202	51541189	19316
chr12	51521873	51721873	harbor2	chr12	51578048	51578236	LINE/CR1	503	-	94	51578142	56269
chr12	44787354	44987354	harbor2	chr12	44855394	44855592	LINE/CR1	748	-	99	44855493	68139
chr12	129249274	129449274	harbor2	chr12	129280955	129281365	LINE/CR1	846	-	205	129281160	31886
chr12	66689491	66889491	harbor2	chr12	66784703	66785011	LINE/CR1	433	-	154	66784857	95366
chr13	78151813	78351813	harbor2	chr13	78220449	78220705	LINE/CR1	480	-	128	78220577	68764
chr13	114250005	114450005	harbor2	chr13	114252468	114252781	LINE/CR1	441	-	156	114252624	2619
chr13	33252164	33452164	harbor2	chr13	33291175	33291539	LINE/CR1	668	-	182	33291357	39193
chr13	33252164	33452164	harbor2	chr13	33294151	33294678	LINE/CR1	846	-	264	33294415	42251
chr13	107834376	108034376	harbor2	chr13	107856757	107857165	LINE/CR1	547	-	204	107856961	22585
chr13	69794535	69994535	harbor2	chr13	69890358	69890566	LINE/CR1	411	-	104	69890462	95927
chr13	106353966	106553966	harbor2	chr13	106412527	106413000	LINE/CR1	535	-	236	106412763	58797
chr13	98855832	99055832	harbor2	chr13	98889659	98890656	LINE/CR1	1198	-	498	98890157	34325
chr13	30310256	30510256	harbor2	chr13	30359668	30360028	LINE/CR1	425	-	180	30359848	49592
chr13	31315096	31515096	harbor2	chr13	31351150	31351463	LINE/CR1	404	-	156	31351306	36210
chr13	109053850	109253850	harbor2	chr13	109124007	109124246	LINE/CR1	426	-	120	109124127	70277
chr13	43527131	43727131	harbor2	chr13	43587235	43587517	LINE/CR1	484	-	141	43587376	60245
chr14	78299095	78499095	harbor2	chr14	78375144	78375485	LINE/CR1	480	-	170	78375314	76219
chr14	59581272	59781272	harbor2	chr14	59598599	59600064	LINE/CR1	2544	-	732	59599331	18059
chr14	66927967	67127967	harbor2	chr14	66948422	66948796	LINE/CR1	689	-	187	66948609	20642
chr14	100007732	100207732	harbor2	chr14	100095119	100095475	LINE/CR1	642	-	178	100095297	87565
chr14	65467609	65667609	harbor2	chr14	65500508	65500787	LINE/CR1	641	-	140	65500648	33039
chr14	90929987	91129987	harbor2	chr14	90980837	90980890	LINE/CR1	411	-	26	90980863	50876
chr14	90929987	91129987	harbor2	chr14	90981180	90981375	LINE/CR1	411	-	98	90981278	51291
chr14	81695896	81895896	harbor2	chr14	81792268	81792619	LINE/CR1	569	-	176	81792444	96548
chr14	76856363	77056363	harbor2	chr14	76929378	76929475	LINE/CR1	410	-	48	76929426	73063
chr14	76856363	77056363	harbor2	chr14	76929803	76930357	LINE/CR1	466	-	277	76930080	73717
chr14	71188843	71388843	harbor2	chr14	71262500	71262746	LINE/CR1	691	-	123	71262623	73780
chr14	101732328	101932328	harbor2	chr14	101817893	101818131	LINE/CR1	432	-	119	101818012	85684
chr14	74156785	74356785	harbor2	chr14	74160677	74161006	LINE/CR1	452	-	164	74160841	4056
chr14	96935129	97135129	harbor2	chr14	96966576	96966795	LINE/CR1	487	-	110	96966686	31557
chr14	96935129	97135129	harbor2	chr14	96985400	96985773	LINE/CR1	817	-	186	96985586	50457
chr14	76525809	76725809	harbor2	chr14	76531947	76532232	LINE/CR1	478	-	142	76532089	6280
chr14	76525809	76725809	harbor2	chr14	76532321	76532715	LINE/CR1	577	-	197	76532518	6709
chr14	54251616	54451616	harbor2	chr14	54259905	54260015	LINE/CR1	459	-	55	54259960	8344
chr14	89174047	89374047	harbor2	chr14	89208035	89208189	LINE/CR1	460	-	77	89208112	34065
chr14	74720793	74920793	harbor2	chr14	74784628	74785025	LINE/CR1	650	-	198	74784826	64033
chr14	74720793	74920793	harbor2	chr14	74785187	74785339	LINE/CR1	409	-	76	74785263	64470
chr14	96717236	96917236	harbor2	chr14	96807157	96807832	LINE/CR1	1209	-	338	96807495	90259
chr14	96717236	96917236	harbor2	chr14	96812612	96812849	LINE/CR1	446	-	118	96812730	95494
chr14	95531670	95731670	harbor2	chr14	95592272	95592519	LINE/CR1	464	-	124	95592396	60726
chr14	87842599	88042599	harbor2	chr14	87848782	87849367	LINE/CR1	935	-	292	87849074	6475
chr14	91800823	92000823	harbor2	chr14	91883124	91883337	LINE/CR1	655	-	106	91883230	82407
chr14	79464095	79664095	harbor2	chr14	79479017	79479203	LINE/CR1	559	-	93	79479110	15015
chr14	66173583	66373583	harbor2	chr14	66264289	66264555	LINE/CR1	476	-	133	66264422	90839
chr14	50931066	51131066	harbor2	chr14	50988902	50989208	LINE/CR1	637	-	153	50989055	57989
chr15	93009396	93209396	harbor2	chr15	93078467	93079494	LINE/CR1	1816	-	514	93078981	69585
chr15	100107270	100307270	harbor2	chr15	100185441	100185964	LINE/CR1	565	-	262	100185703	78433
chr15	100107270	100307270	harbor2	chr15	100186489	100187120	LINE/CR1	902	-	316	100186805	79535
chr15	80240601	80440601	harbor2	chr15	80311549	80311948	LINE/CR1	433	-	200	80311749	71148
chr15	88189601	88389601	harbor2	chr15	88261201	88261523	LINE/CR1	452	-	161	88261362	71761
chr15	88189601	88389601	harbor2	chr15	88273212	88273545	LINE/CR1	428	-	166	88273378	83777
chr15	92004002	92204002	harbor2	chr15	92052439	92052681	LINE/CR1	660	-	121	92052560	48558
chr15	92004002	92204002	harbor2	chr15	92052990	92053083	LINE/CR1	660	-	46	92053036	49034
chr15	92004002	92204002	harbor2	chr15	92055743	92056409	LINE/CR1	785	-	333	92056076	52074
chr15	92004002	92204002	harbor2	chr15	92074983	92076101	LINE/CR1	730	-	559	92075542	71540
chr15	83887786	84087786	harbor2	chr15	83900649	83901010	LINE/CR1	691	-	180	83900829	13043
chr15	34356676	34556676	harbor2	chr15	34399798	34400157	LINE/CR1	752	-	180	34399978	43302
chr15	91885842	92085842	harbor2	chr15	91920632	91920852	LINE/CR1	416	-	110	91920742	34900
chr15	53092892	53292892	harbor2	chr15	53100912	53101559	LINE/CR1	681	-	324	53101236	8344
chr15	53092892	53292892	harbor2	chr15	53124655	53124940	LINE/CR1	720	-	142	53124797	31905
chr15	76171495	76371495	harbor2	chr15	76193546	76194255	LINE/CR1	604	-	354	76193900	22405
chr15	97501674	97701674	harbor2	chr15	97588634	97588742	LINE/CR1	416	-	54	97588688	87014
chr15	53122743	53322743	harbor2	chr15	53124655	53124940	LINE/CR1	720	-	142	53124797	2054
chr15	57528740	57728740	harbor2	chr15	57585268	57585901	LINE/CR1	1067	-	316	57585584	56844
chr15	59830782	60030782	harbor2	chr15	59915029	59915483	LINE/CR1	652	-	227	59915256	84474
chr15	79460615	79660615	harbor2	chr15	79549123	79549286	LINE/CR1	438	-	82	79549205	88590
chr15	89117489	89317489	harbor2	chr15	89181512	89181762	LINE/CR1	537	-	125	89181637	64148
chr15	89117489	89317489	harbor2	chr15	89182131	89182503	LINE/CR1	430	-	186	89182317	64828
chr15	89117489	89317489	harbor2	chr15	89182816	89182897	LINE/CR1	430	-	40	89182856	65367
chr15	89117489	89317489	harbor2	chr15	89191289	89191619	LINE/CR1	1139	-	165	89191454	73965
chr15	89117489	89317489	harbor2	chr15	89191926	89192320	LINE/CR1	1139	-	197	89192123	74634
chr15	97716318	97916318	harbor2	chr15	97755411	97755622	LINE/CR1	807	-	106	97755517	39199
chr15	97716318	97916318	harbor2	chr15	97755707	97756163	LINE/CR1	807	-	228	97755935	39617
chr15	89265017	89465017	harbor2	chr15	89310400	89310842	LINE/CR1	682	-	221	89310621	45604
chr15	89265017	89465017	harbor2	chr15	89311426	89312080	LINE/CR1	682	-	327	89311753	46736
chr15	89265017	89465017	harbor2	chr15	89308989	89309343	LINE/CR1	821	-	177	89309166	44149
chr15	56251227	56451227	harbor2	chr15	56326140	56326331	LINE/CR1	428	-	96	56326236	75009
chr15	100007382	100207382	harbor2	chr15	100028091	100028515	LINE/CR1	445	-	212	100028303	20921
chr15	87679535	87879535	harbor2	chr15	87756993	87757187	LINE/CR1	636	-	97	87757090	77555
chr15	62345191	62545191	harbor2	chr15	62359421	62359692	LINE/CR1	454	-	136	62359557	14366
chr15	38657418	38857418	harbor2	chr15	38674560	38674913	LINE/CR1	760	-	176	38674736	17318
chr15	79853386	80053386	harbor2	chr15	79884793	79885152	LINE/CR1	470	-	180	79884973	31587
chr16	65634977	65834977	harbor2	chr16	65669900	65670024	LINE/CR1	433	-	62	65669962	34985
chr16	65634977	65834977	harbor2	chr16	65670463	65670627	LINE/CR1	433	-	82	65670545	35568
chr16	80957734	81157734	harbor2	chr16	80976538	80977192	LINE/CR1	475	-	327	80976865	19131
chr16	79780805	79980805	harbor2	chr16	79807160	79807422	LINE/CR1	534	-	131	79807291	26486
chr16	79780805	79980805	harbor2	chr16	79809126	79809554	LINE/CR1	544	-	214	79809340	28535
chr16	26625893	26825893	harbor2	chr16	26660766	26661067	LINE/CR1	616	-	150	26660916	35023
chr16	82121723	82321723	harbor2	chr16	82190878	82191564	LINE/CR1	661	-	343	82191221	69498
chr16	82121723	82321723	harbor2	chr16	82192883	82193450	LINE/CR1	1675	-	284	82193167	71444
chr16	88792349	88992349	harbor2	chr16	88798736	88799012	LINE/CR1	441	-	138	88798874	6525
chr16	82162045	82362045	harbor2	chr16	82190878	82191564	LINE/CR1	661	-	343	82191221	29176
chr16	82162045	82362045	harbor2	chr16	82192883	82193450	LINE/CR1	1675	-	284	82193167	31122
chr16	69563004	69763004	harbor2	chr16	69620768	69621125	LINE/CR1	441	-	178	69620946	57942
chr16	51333094	51533094	harbor2	chr16	51426710	51426923	LINE/CR1	434	-	106	51426816	93722
chr16	72170467	72370467	harbor2	chr16	72193966	72194275	LINE/CR1	561	-	154	72194120	23653
chr16	77385178	77585178	harbor2	chr16	77459993	77460239	LINE/CR1	461	-	123	77460116	74938
chr16	79525040	79725040	harbor2	chr16	79607283	79608064	LINE/CR1	667	-	390	79607673	82633
chr16	64686632	64886632	harbor2	chr16	64698106	64698407	LINE/CR1	425	-	150	64698256	11624
chr16	53287027	53487027	harbor2	chr16	53309187	53309496	LINE/CR1	687	-	154	53309341	22314
chr16	68412446	68612446	harbor2	chr16	68457715	68457904	LINE/CR1	438	-	94	68457809	45363
chr16	68412446	68612446	harbor2	chr16	68458214	68458302	LINE/CR1	438	-	44	68458258	45812
chr16	68412446	68612446	harbor2	chr16	68458303	68458526	LINE/CR1	493	-	112	68458415	45969
chr16	68412446	68612446	harbor2	chr16	68458556	68458619	LINE/CR1	493	-	32	68458588	46142
chr17	77593117	77793117	harbor2	chr17	77618642	77619451	LINE/CR1	736	-	404	77619046	25929
chr17	77593117	77793117	harbor2	chr17	77619839	77620312	LINE/CR1	538	-	236	77620075	26958
chr17	45570687	45770687	harbor2	chr17	45629832	45630451	LINE/CR1	1015	-	310	45630142	59455
chr17	45570687	45770687	harbor2	chr17	45630763	45630830	LINE/CR1	1015	-	34	45630797	60110
chr17	45570687	45770687	harbor2	chr17	45642136	45642388	LINE/CR1	641	-	126	45642262	71575
chr17	45570687	45770687	harbor2	chr17	45642748	45642904	LINE/CR1	641	-	78	45642826	72139
chr17	45570687	45770687	harbor2	chr17	45644507	45644853	LINE/CR1	1110	-	173	45644680	73993
chr17	45570687	45770687	harbor2	chr17	45646690	45646877	LINE/CR1	614	-	94	45646784	76097
chr17	45570687	45770687	harbor2	chr17	45645444	45646112	LINE/CR1	856	-	334	45645778	75091
chr17	65419756	65619756	harbor2	chr17	65426210	65426431	LINE/CR1	609	-	110	65426320	6564
chr17	79174182	79374182	harbor2	chr17	79224135	79225089	LINE/CR1	833	-	477	79224612	50430
chr17	45308827	45508827	harbor2	chr17	45397306	45397691	LINE/CR1	678	-	192	45397498	88671
chr17	51922007	52122007	harbor2	chr17	51922324	51922951	LINE/CR1	758	-	314	51922638	631
chr17	72760985	72960985	harbor2	chr17	72817614	72817786	LINE/CR1	662	-	86	72817700	56715
chr17	72760985	72960985	harbor2	chr17	72818165	72818761	LINE/CR1	662	-	298	72818463	57478
chr17	48024005	48224005	harbor2	chr17	48105030	48105231	LINE/CR1	564	-	100	48105130	81125
chr17	79212468	79412468	harbor2	chr17	79224135	79225089	LINE/CR1	833	-	477	79224612	12144
chr17	72791413	72991413	harbor2	chr17	72817614	72817786	LINE/CR1	662	-	86	72817700	26287
chr17	72791413	72991413	harbor2	chr17	72818165	72818761	LINE/CR1	662	-	298	72818463	27050
chr17	57862295	58062295	harbor2	chr17	57948588	57948885	LINE/CR1	600	-	148	57948736	86441
chr17	57862295	58062295	harbor2	chr17	57956796	57957032	LINE/CR1	913	-	118	57956914	94619
chr17	63915538	64115538	harbor2	chr17	63980563	63980824	LINE/CR1	510	-	130	63980693	65155
chr18	44214395	44414395	harbor2	chr18	44285967	44286795	LINE/CR1	902	-	414	44286381	71986
chr18	44214395	44414395	harbor2	chr18	44287161	44288299	LINE/CR1	1619	-	569	44287730	73335
chr18	62838927	63038927	harbor2	chr18	62847823	62848183	LINE/CR1	472	-	180	62848003	9076
chr18	35912189	36112189	harbor2	chr18	36002967	36003436	LINE/CR1	736	-	234	36003201	91012
chr20	29008928	29208928	harbor2	chr20	29104635	29104782	LINE/CR1	592	-	74	29104709	95781
chr20	17242425	17442425	harbor2	chr20	17272236	17272694	LINE/CR1	680	-	229	17272465	30040
chr20	40863435	41063435	harbor2	chr20	40879932	40880303	LINE/CR1	568	-	186	40880118	16683
chr20	49628353	49828353	harbor2	chr20	49660538	49660700	LINE/CR1	386	-	81	49660619	32266
chr20	39073199	39273199	harbor2	chr20	39148265	39148577	LINE/CR1	477	-	156	39148421	75222
chr20	39073199	39273199	harbor2	chr20	39158080	39158326	LINE/CR1	406	-	123	39158203	85004
chr20	59042868	59242868	harbor2	chr20	59088578	59088642	LINE/CR1	392	-	32	59088610	45742
chr20	59042868	59242868	harbor2	chr20	59088953	59089174	LINE/CR1	392	-	110	59089063	46195
chr21	25455653	25655653	harbor2	chr21	25491634	25491898	LINE/CR1	497	-	132	25491766	36113
chr21	27894491	28094491	harbor2	chr21	27952396	27952640	LINE/CR1	521	-	122	27952518	58027
chr21	25818192	26018192	harbor2	chr21	25898606	25898821	LINE/CR1	500	-	108	25898714	80522
chr21	25818192	26018192	harbor2	chr21	25898864	25899281	LINE/CR1	676	-	208	25899072	80880
chr21	30123654	30323654	harbor2	chr21	30148898	30149285	LINE/CR1	631	-	194	30149092	25438
chr21	28196245	28396245	harbor2	chr21	28231056	28231313	LINE/CR1	589	-	128	28231184	34939
chr22	39591802	39791802	harbor2	chr22	39605230	39605467	LINE/CR1	468	-	118	39605348	13546
chr22	39591802	39791802	harbor2	chr22	39606428	39606527	LINE/CR1	484	-	50	39606478	14676
chr22	39591802	39791802	harbor2	chr22	39606832	39606979	LINE/CR1	484	-	74	39606906	15104
chr22	41672984	41872984	harbor2	chr22	41741499	41741694	LINE/CR1	425	-	98	41741597	68613
chr22	41672984	41872984	harbor2	chr22	41742260	41742377	LINE/CR1	425	-	58	41742318	69334
chr22	30286519	30486519	harbor2	chr22	30307366	30307528	LINE/CR1	416	-	81	30307447	20928
chr22	36396017	36596017	harbor2	chr22	36494475	36494642	LINE/CR1	473	-	84	36494559	98542
chr22	36396017	36596017	harbor2	chr22	36495259	36495388	LINE/CR1	473	-	64	36495323	99306
chr22	30235408	30435408	harbor2	chr22	30307366	30307528	LINE/CR1	416	-	81	30307447	72039
chr22	32112552	32312552	harbor2	chr22	32179927	32180655	LINE/CR1	955	-	364	32180291	67739
chr22	36706475	36906475	harbor2	chr22	36791102	36791375	LINE/CR1	591	-	136	36791238	84763
chr22	21519592	21719592	harbor2	chr22	21588015	21588415	LINE/CR1	419	-	200	21588215	68623
chr22	21519592	21719592	harbor2	chr22	21589739	21590187	LINE/CR1	653	-	224	21589963	70371
chr22	21519592	21719592	harbor2	chr22	21590498	21590863	LINE/CR1	653	-	182	21590680	71088
chrX	149138994	149338994	harbor2	chrX	149141387	149141552	LINE/CR1	489	-	82	149141469	2475
chrX	138746055	138946055	harbor2	chrX	138818192	138818427	LINE/CR1	528	-	118	138818310	72255
chrX	152507675	152707675	harbor2	chrX	152508294	152508410	LINE/CR1	510	-	58	152508352	677
chrX	147541478	147741478	harbor2	chrX	147581073	147581510	LINE/CR1	615	-	218	147581291	39813
chrX	155834425	156034425	harbor2	chrX	155886771	155886928	LINE/CR1	445	-	78	155886849	52424
chrX	132672815	132872815	harbor2	chrX	132701282	132701449	LINE/CR1	455	-	84	132701366	28551
