H_chr	H_start	H_end	Harbor	TE_chr	TE_start	TE_end	TE	score	TE_strand	TE_half	TE_middle_pos	TE_dis
chr1	103708441	103908441	harbor1	chr1	103737422	103738771	LINE/L2	1991	-	674	103738096	29655
chr1	103708441	103908441	harbor1	chr1	103793859	103794212	LINE/L2	694	-	176	103794035	85594
chr1	217328960	217528960	harbor1	chr1	217377356	217377694	LINE/L2	682	-	169	217377525	48565
chr1	161699396	161899396	harbor1	chr1	161718723	161719323	LINE/L2	1269	-	300	161719023	19627
chr1	161699396	161899396	harbor1	chr1	161724816	161725098	LINE/L2	454	-	141	161724957	25561
chr1	161699396	161899396	harbor1	chr1	161774251	161774406	LINE/L2	513	-	78	161774329	74933
chr1	36619682	36819682	harbor1	chr1	36637339	36637464	LINE/L2	553	-	62	36637401	17719
chr1	36619682	36819682	harbor1	chr1	36644379	36644709	LINE/L2	762	-	165	36644544	24862
chr1	36619682	36819682	harbor1	chr1	36653365	36653971	LINE/L2	902	-	303	36653668	33986
chr1	36619682	36819682	harbor1	chr1	36660695	36661096	LINE/L2	757	-	200	36660895	41213
chr1	36619682	36819682	harbor1	chr1	36692448	36692678	LINE/L2	610	-	115	36692563	72881
chr1	28686527	28886527	harbor1	chr1	28686765	28687058	LINE/L2	428	-	146	28686911	384
chr1	28686527	28886527	harbor1	chr1	28687395	28688002	LINE/L2	428	-	304	28687699	1172
chr1	28686527	28886527	harbor1	chr1	28707318	28707856	LINE/L2	1804	-	269	28707587	21060
chr1	28686527	28886527	harbor1	chr1	28718177	28718315	LINE/L2	436	-	69	28718246	31719
chr1	28686527	28886527	harbor1	chr1	28729831	28730051	LINE/L2	396	-	110	28729941	43414
chr1	28686527	28886527	harbor1	chr1	28688294	28688415	LINE/L2	419	-	60	28688354	1827
chr1	232034265	232234265	harbor1	chr1	232108464	232109192	LINE/L2	980	-	364	232108828	74563
chr1	187934296	188134296	harbor1	chr1	187949809	187950315	LINE/L2	450	-	253	187950062	15766
chr1	187934296	188134296	harbor1	chr1	187950697	187951052	LINE/L2	417	-	178	187950875	16579
chr1	79114311	79314311	harbor1	chr1	79113966	79114314	LINE/L2	796	-	174	79114140	171
chr1	79114311	79314311	harbor1	chr1	79116424	79117054	LINE/L2	1407	-	315	79116739	2428
chr1	79114311	79314311	harbor1	chr1	79122797	79122978	LINE/L2	459	-	90	79122887	8576
chr1	79114311	79314311	harbor1	chr1	79124514	79124648	LINE/L2	454	-	67	79124581	10270
chr1	79114311	79314311	harbor1	chr1	79126100	79126211	LINE/L2	554	-	56	79126156	11845
chr1	79114311	79314311	harbor1	chr1	79131693	79132356	LINE/L2	1347	-	332	79132025	17714
chr1	79114311	79314311	harbor1	chr1	79132557	79132715	LINE/L2	419	-	79	79132636	18325
chr1	79114311	79314311	harbor1	chr1	79161903	79162244	LINE/L2	452	-	170	79162073	47762
chr1	79114311	79314311	harbor1	chr1	79206972	79207220	LINE/L2	510	-	124	79207096	92785
chr1	232202979	232402979	harbor1	chr1	232258120	232258432	LINE/L2	786	-	156	232258276	55297
chr1	232202979	232402979	harbor1	chr1	232258453	232259023	LINE/L2	929	-	285	232258738	55759
chr1	244268148	244468148	harbor1	chr1	244288375	244288480	LINE/L2	406	-	52	244288427	20279
chr1	244268148	244468148	harbor1	chr1	244356796	244356912	LINE/L2	783	-	58	244356854	88706
chr1	244268148	244468148	harbor1	chr1	244357218	244357385	LINE/L2	783	-	84	244357302	89154
chr1	182089820	182289820	harbor1	chr1	182093323	182094384	LINE/L2	2384	-	530	182093853	4033
chr1	182089820	182289820	harbor1	chr1	182094683	182094753	LINE/L2	2384	-	35	182094718	4898
chr1	182089820	182289820	harbor1	chr1	182162553	182162641	LINE/L2	451	-	44	182162597	72777
chr1	182089820	182289820	harbor1	chr1	182163016	182163414	LINE/L2	451	-	199	182163215	73395
chr1	178962333	179162333	harbor1	chr1	178962722	178962839	LINE/L2	986	-	58	178962780	447
chr1	178962333	179162333	harbor1	chr1	178963161	178963534	LINE/L2	986	-	186	178963347	1014
chr1	178962333	179162333	harbor1	chr1	179008265	179008393	LINE/L2	727	-	64	179008329	45996
chr1	222698793	222898793	harbor1	chr1	222708929	222709151	LINE/L2	905	-	111	222709040	10247
chr1	222698793	222898793	harbor1	chr1	222709461	222709735	LINE/L2	905	-	137	222709598	10805
chr1	222698793	222898793	harbor1	chr1	222737158	222738331	LINE/L2	2543	-	586	222737744	38951
chr1	222698793	222898793	harbor1	chr1	222747759	222747988	LINE/L2	533	-	114	222747873	49080
chr1	222698793	222898793	harbor1	chr1	222762079	222762252	LINE/L2	536	-	86	222762165	63372
chr1	222698793	222898793	harbor1	chr1	222793217	222793330	LINE/L2	521	-	56	222793273	94480
chr1	150352413	150552413	harbor1	chr1	150372239	150372335	LINE/L2	484	-	48	150372287	19874
chr1	150352413	150552413	harbor1	chr1	150372527	150373011	LINE/L2	1608	-	242	150372769	20356
chr1	150352413	150552413	harbor1	chr1	150373313	150373676	LINE/L2	1608	-	182	150373495	21082
chr1	150352413	150552413	harbor1	chr1	150409412	150409644	LINE/L2	1538	-	116	150409528	57115
chr1	150352413	150552413	harbor1	chr1	150409945	150410487	LINE/L2	1603	-	271	150410216	57803
chr1	94585470	94785470	harbor1	chr1	94603495	94604173	LINE/L2	910	-	339	94603834	18364
chr1	94585470	94785470	harbor1	chr1	94606465	94606808	LINE/L2	466	-	172	94606637	21167
chr1	181147469	181347469	harbor1	chr1	181148874	181149141	LINE/L2	600	-	134	181149008	1539
chr1	181147469	181347469	harbor1	chr1	181175711	181176230	LINE/L2	760	-	260	181175971	28502
chr1	181147469	181347469	harbor1	chr1	181178212	181178525	LINE/L2	414	-	156	181178368	30899
chr1	181147469	181347469	harbor1	chr1	181185262	181185601	LINE/L2	418	-	170	181185432	37963
chr1	181147469	181347469	harbor1	chr1	181204305	181204864	LINE/L2	1419	-	280	181204585	57116
chr1	181147469	181347469	harbor1	chr1	181213499	181213638	LINE/L2	424	-	70	181213569	66100
chr1	203560383	203760383	harbor1	chr1	203578230	203578900	LINE/L2	693	-	335	203578565	18182
chr1	203560383	203760383	harbor1	chr1	203584235	203584341	LINE/L2	565	-	53	203584288	23905
chr1	50085083	50285083	harbor1	chr1	50092063	50092412	LINE/L2	495	-	174	50092237	7154
chr1	50085083	50285083	harbor1	chr1	50096126	50096428	LINE/L2	457	-	151	50096277	11194
chr1	50085083	50285083	harbor1	chr1	50124950	50125096	LINE/L2	592	-	73	50125023	39940
chr1	50085083	50285083	harbor1	chr1	50164867	50165014	LINE/L2	459	-	74	50164941	79858
chr1	8241903	8441903	harbor1	chr1	8257163	8257379	LINE/L2	549	-	108	8257271	15368
chr1	8241903	8441903	harbor1	chr1	8257411	8257979	LINE/L2	610	-	284	8257695	15792
chr1	29488753	29688753	harbor1	chr1	29562623	29562873	LINE/L2	611	-	125	29562748	73995
chr1	59479253	59679253	harbor1	chr1	59478623	59479865	LINE/L2	558	-	621	59479244	9
chr1	59479253	59679253	harbor1	chr1	59494251	59494608	LINE/L2	518	-	178	59494429	15176
chr1	59479253	59679253	harbor1	chr1	59526365	59526662	LINE/L2	420	-	148	59526513	47260
chr1	59479253	59679253	harbor1	chr1	59560653	59560866	LINE/L2	396	-	106	59560759	81506
chr1	154896235	155096235	harbor1	chr1	154926702	154926864	LINE/L2	648	-	81	154926783	30548
chr1	154896235	155096235	harbor1	chr1	154928108	154928489	LINE/L2	1201	-	190	154928298	32063
chr1	154896235	155096235	harbor1	chr1	154928821	154928966	LINE/L2	1201	-	72	154928893	32658
chr1	154896235	155096235	harbor1	chr1	154987377	154987648	LINE/L2	396	-	136	154987513	91278
chr1	154896235	155096235	harbor1	chr1	154995931	154996118	LINE/L2	558	-	94	154996025	99790
chr1	29719198	29919198	harbor1	chr1	29749736	29749969	LINE/L2	417	-	116	29749852	30654
chr1	29719198	29919198	harbor1	chr1	29753816	29754218	LINE/L2	513	-	201	29754017	34819
chr1	29719198	29919198	harbor1	chr1	29761006	29761280	LINE/L2	463	-	137	29761143	41945
chr1	105798872	105998872	harbor1	chr1	105799259	105799713	LINE/L2	433	-	227	105799486	614
chr1	105798872	105998872	harbor1	chr1	105799768	105799935	LINE/L2	484	-	84	105799852	980
chr1	105798872	105998872	harbor1	chr1	105852768	105852992	LINE/L2	706	-	112	105852880	54008
chr1	105798872	105998872	harbor1	chr1	105876442	105876755	LINE/L2	611	-	156	105876598	77726
chr1	109248550	109448550	harbor1	chr1	109294419	109294608	LINE/L2	607	-	94	109294513	45963
chr1	109248550	109448550	harbor1	chr1	109321163	109321481	LINE/L2	424	-	159	109321322	72772
chr1	109248550	109448550	harbor1	chr1	109337592	109337637	LINE/L2	944	-	22	109337614	89064
chr1	109248550	109448550	harbor1	chr1	109337924	109338400	LINE/L2	944	-	238	109338162	89612
chr1	215718321	215918321	harbor1	chr1	215775439	215775653	LINE/L2	421	-	107	215775546	57225
chr1	215718321	215918321	harbor1	chr1	215778974	215779249	LINE/L2	630	-	138	215779112	60791
chr1	111130357	111330357	harbor1	chr1	111162011	111162485	LINE/L2	571	-	237	111162248	31891
chr1	219270043	219470043	harbor1	chr1	219303209	219303440	LINE/L2	495	-	116	219303325	33282
chr1	237802493	238002493	harbor1	chr1	237817541	237817802	LINE/L2	795	-	130	237817671	15178
chr1	237802493	238002493	harbor1	chr1	237828581	237828922	LINE/L2	449	-	170	237828751	26258
chr1	237802493	238002493	harbor1	chr1	237829096	237829580	LINE/L2	471	-	242	237829338	26845
chr1	25981437	26181437	harbor1	chr1	25985967	25986427	LINE/L2	561	-	230	25986197	4760
chr1	25981437	26181437	harbor1	chr1	25986859	25986923	LINE/L2	425	-	32	25986891	5454
chr1	25981437	26181437	harbor1	chr1	25998673	25998955	LINE/L2	434	-	141	25998814	17377
chr1	25981437	26181437	harbor1	chr1	26002768	26002795	LINE/L2	785	-	14	26002782	21345
chr1	25981437	26181437	harbor1	chr1	26003094	26003229	LINE/L2	785	-	68	26003162	21725
chr1	25981437	26181437	harbor1	chr1	26003532	26003685	LINE/L2	785	-	76	26003608	22171
chr1	25981437	26181437	harbor1	chr1	26009187	26009477	LINE/L2	445	-	145	26009332	27895
chr1	25981437	26181437	harbor1	chr1	26011197	26011395	LINE/L2	418	-	99	26011296	29859
chr1	116082008	116282008	harbor1	chr1	116102312	116102843	LINE/L2	674	-	266	116102578	20570
chr1	116082008	116282008	harbor1	chr1	116103801	116104081	LINE/L2	498	-	140	116103941	21933
chr1	116082008	116282008	harbor1	chr1	116108132	116108532	LINE/L2	683	-	200	116108332	26324
chr1	116082008	116282008	harbor1	chr1	116131034	116131192	LINE/L2	399	-	79	116131113	49105
chr1	116082008	116282008	harbor1	chr1	116131794	116132668	LINE/L2	1093	-	437	116132231	50223
chr1	116082008	116282008	harbor1	chr1	116155029	116155183	LINE/L2	497	-	77	116155106	73098
chr1	116082008	116282008	harbor1	chr1	116162881	116163190	LINE/L2	500	-	154	116163035	81027
chr1	116082008	116282008	harbor1	chr1	116175050	116176558	LINE/L2	3619	-	754	116175804	93796
chr1	116082008	116282008	harbor1	chr1	116176853	116177065	LINE/L2	3619	-	106	116176959	94951
chr1	116082008	116282008	harbor1	chr1	116177259	116177352	LINE/L2	3619	-	46	116177305	95297
chr1	13675368	13875368	harbor1	chr1	13718934	13719366	LINE/L2	673	-	216	13719150	43782
chr1	13675368	13875368	harbor1	chr1	13745052	13745425	LINE/L2	782	-	186	13745238	69870
chr1	13675368	13875368	harbor1	chr1	13745723	13745944	LINE/L2	782	-	110	13745833	70465
chr1	13675368	13875368	harbor1	chr1	13751984	13752099	LINE/L2	414	-	58	13752042	76674
chr1	13675368	13875368	harbor1	chr1	13753856	13754099	LINE/L2	501	-	122	13753978	78610
chr1	176134461	176334461	harbor1	chr1	176186589	176186918	LINE/L2	1037	-	164	176186753	52292
chr1	156453270	156653270	harbor1	chr1	156453103	156453300	LINE/L2	517	-	98	156453201	69
chr1	156453270	156653270	harbor1	chr1	156464972	156465052	LINE/L2	414	-	40	156465012	11742
chr1	156453270	156653270	harbor1	chr1	156541719	156541902	LINE/L2	398	-	92	156541811	88541
chr1	230352990	230552990	harbor1	chr1	230416595	230417008	LINE/L2	483	-	206	230416801	63811
chr1	230352990	230552990	harbor1	chr1	230429221	230429409	LINE/L2	403	-	94	230429315	76325
chr1	230352990	230552990	harbor1	chr1	230430285	230431337	LINE/L2	2739	-	526	230430811	77821
chr1	230352990	230552990	harbor1	chr1	230431642	230432356	LINE/L2	2739	-	357	230431999	79009
chr1	230352990	230552990	harbor1	chr1	230432847	230433185	LINE/L2	549	-	169	230433016	80026
chr1	230352990	230552990	harbor1	chr1	230433503	230433519	LINE/L2	549	-	8	230433511	80521
chr1	168750546	168950546	harbor1	chr1	168782480	168782588	LINE/L2	455	-	54	168782534	31988
chr1	168750546	168950546	harbor1	chr1	168793185	168793358	LINE/L2	395	-	86	168793271	42725
chr1	168750546	168950546	harbor1	chr1	168800196	168800779	LINE/L2	426	-	292	168800488	49942
chr1	168750546	168950546	harbor1	chr1	168830828	168831204	LINE/L2	757	-	188	168831016	80470
chr1	171264660	171464660	harbor1	chr1	171321713	171321994	LINE/L2	496	-	140	171321853	57193
chr1	171264660	171464660	harbor1	chr1	171346676	171347046	LINE/L2	730	-	185	171346861	82201
chr1	154914524	155114524	harbor1	chr1	154926702	154926864	LINE/L2	648	-	81	154926783	12259
chr1	154914524	155114524	harbor1	chr1	154928108	154928489	LINE/L2	1201	-	190	154928298	13774
chr1	154914524	155114524	harbor1	chr1	154928821	154928966	LINE/L2	1201	-	72	154928893	14369
chr1	154914524	155114524	harbor1	chr1	154987377	154987648	LINE/L2	396	-	136	154987513	72989
chr1	154914524	155114524	harbor1	chr1	154995931	154996118	LINE/L2	558	-	94	154996025	81501
chr1	154914524	155114524	harbor1	chr1	154996112	154996409	LINE/L2	855	-	148	154996260	81736
chr1	195409037	195609037	harbor1	chr1	195414277	195415152	LINE/L2	1790	-	438	195414715	5678
chr1	195409037	195609037	harbor1	chr1	195415251	195415912	LINE/L2	1321	-	330	195415581	6544
chr1	198379030	198579030	harbor1	chr1	198379495	198379719	LINE/L2	455	-	112	198379607	577
chr1	198379030	198579030	harbor1	chr1	198383229	198383675	LINE/L2	551	-	223	198383452	4422
chr1	198379030	198579030	harbor1	chr1	198397556	198397773	LINE/L2	517	-	108	198397664	18634
chr1	198379030	198579030	harbor1	chr1	198398384	198398547	LINE/L2	640	-	82	198398466	19436
chr1	198379030	198579030	harbor1	chr1	198448420	198449079	LINE/L2	763	-	330	198448750	69720
chr1	80621502	80821502	harbor1	chr1	80696897	80697438	LINE/L2	652	-	270	80697167	75665
chr1	208001267	208201267	harbor1	chr1	208046618	208046797	LINE/L2	430	-	90	208046708	45441
chr1	208001267	208201267	harbor1	chr1	208046844	208046875	LINE/L2	430	-	16	208046860	45593
chr1	197582611	197782611	harbor1	chr1	197620704	197621216	LINE/L2	1208	-	256	197620960	38349
chr1	197582611	197782611	harbor1	chr1	197630800	197630898	LINE/L2	490	-	49	197630849	48238
chr1	197582611	197782611	harbor1	chr1	197668250	197668380	LINE/L2	628	-	65	197668315	85704
chr1	239265468	239465468	harbor1	chr1	239325950	239326891	LINE/L2	682	-	470	239326420	60952
chr1	239265468	239465468	harbor1	chr1	239362993	239363415	LINE/L2	597	-	211	239363204	97736
chr1	239265468	239465468	harbor1	chr1	239364070	239364713	LINE/L2	1166	-	322	239364392	98924
chr1	114302945	114502945	harbor1	chr1	114329190	114329511	LINE/L2	587	-	160	114329350	26405
chr1	114302945	114502945	harbor1	chr1	114335589	114335745	LINE/L2	433	-	78	114335667	32722
chr1	114302945	114502945	harbor1	chr1	114336042	114336142	LINE/L2	433	-	50	114336092	33147
chr1	114302945	114502945	harbor1	chr1	114402178	114402357	LINE/L2	570	-	90	114402268	99323
chr1	79262110	79462110	harbor1	chr1	79297769	79298280	LINE/L2	791	-	256	79298025	35915
chr1	79262110	79462110	harbor1	chr1	79333974	79334446	LINE/L2	531	-	236	79334210	72100
chr1	87353233	87553233	harbor1	chr1	87360504	87360907	LINE/L2	458	-	202	87360706	7473
chr1	87353233	87553233	harbor1	chr1	87383546	87383812	LINE/L2	424	-	133	87383679	30446
chr1	87353233	87553233	harbor1	chr1	87359421	87359973	LINE/L2	953	-	276	87359697	6464
chr1	57087097	57287097	harbor1	chr1	57120285	57120441	LINE/L2	497	-	78	57120363	33266
chr1	57087097	57287097	harbor1	chr1	57120883	57121174	LINE/L2	497	-	146	57121029	33932
chr1	57087097	57287097	harbor1	chr1	57151278	57151403	LINE/L2	511	-	62	57151340	64243
chr1	57087097	57287097	harbor1	chr1	57182521	57182829	LINE/L2	545	-	154	57182675	95578
chr1	57087097	57287097	harbor1	chr1	57163044	57163838	LINE/L2	812	-	397	57163441	76344
chr1	43567312	43767312	harbor1	chr1	43594496	43594862	LINE/L2	472	-	183	43594679	27367
chr1	43567312	43767312	harbor1	chr1	43594872	43595190	LINE/L2	679	-	159	43595031	27719
chr1	43567312	43767312	harbor1	chr1	43595520	43596386	LINE/L2	679	-	433	43595953	28641
chr1	43567312	43767312	harbor1	chr1	43611359	43611768	LINE/L2	447	-	204	43611563	44251
chr1	43567312	43767312	harbor1	chr1	43616343	43616997	LINE/L2	569	-	327	43616670	49358
chr1	43567312	43767312	harbor1	chr1	43626435	43626622	LINE/L2	1105	-	94	43626529	59217
chr1	43567312	43767312	harbor1	chr1	43626885	43627155	LINE/L2	1105	-	135	43627020	59708
chr1	43567312	43767312	harbor1	chr1	43627183	43627358	LINE/L2	799	-	88	43627271	59959
chr1	43567312	43767312	harbor1	chr1	43636433	43636512	LINE/L2	416	-	40	43636473	69161
chr1	43567312	43767312	harbor1	chr1	43636809	43637257	LINE/L2	416	-	224	43637033	69721
chr1	43567312	43767312	harbor1	chr1	43637485	43637807	LINE/L2	860	-	161	43637646	70334
chr1	43567312	43767312	harbor1	chr1	43638104	43638162	LINE/L2	860	-	29	43638133	70821
chr1	43567312	43767312	harbor1	chr1	43640767	43641033	LINE/L2	701	-	133	43640900	73588
chr1	43567312	43767312	harbor1	chr1	43641539	43641631	LINE/L2	395	-	46	43641585	74273
chr1	43567312	43767312	harbor1	chr1	43642490	43642663	LINE/L2	653	-	86	43642576	75264
chr1	43567312	43767312	harbor1	chr1	43645359	43645579	LINE/L2	466	-	110	43645469	78157
chr1	32165623	32365623	harbor1	chr1	32186156	32186796	LINE/L2	653	-	320	32186476	20853
chr1	32165623	32365623	harbor1	chr1	32187369	32187640	LINE/L2	533	-	136	32187505	21882
chr1	190839266	191039266	harbor1	chr1	190908122	190908673	LINE/L2	840	-	276	190908398	69132
chr1	17977487	18177487	harbor1	chr1	18000761	18001140	LINE/L2	398	-	190	18000951	23464
chr1	17977487	18177487	harbor1	chr1	18034233	18034367	LINE/L2	745	-	67	18034300	56813
chr1	17977487	18177487	harbor1	chr1	18034510	18034633	LINE/L2	745	-	62	18034572	57085
chr1	17977487	18177487	harbor1	chr1	18035778	18036183	LINE/L2	739	-	202	18035980	58493
chr1	17977487	18177487	harbor1	chr1	18063899	18064012	LINE/L2	516	-	56	18063955	86468
chr1	38246	238246	harbor1	chr1	59056	59208	LINE/L2	441	-	76	59132	20886
chr1	37092934	37292934	harbor1	chr1	37103447	37103586	LINE/L2	405	-	70	37103517	10583
chr1	37092934	37292934	harbor1	chr1	37104947	37105710	LINE/L2	1713	-	382	37105329	12395
chr1	37092934	37292934	harbor1	chr1	37121943	37122564	LINE/L2	662	-	310	37122253	29319
chr1	37092934	37292934	harbor1	chr1	37129282	37129934	LINE/L2	970	-	326	37129608	36674
chr1	37092934	37292934	harbor1	chr1	37130609	37130724	LINE/L2	419	-	58	37130667	37733
chr1	37092934	37292934	harbor1	chr1	37138961	37139066	LINE/L2	439	-	52	37139013	46079
chr1	37092934	37292934	harbor1	chr1	37141617	37141831	LINE/L2	501	-	107	37141724	48790
chr1	37092934	37292934	harbor1	chr1	37142130	37142412	LINE/L2	480	-	141	37142271	49337
chr1	37092934	37292934	harbor1	chr1	37155847	37156456	LINE/L2	841	-	304	37156151	63217
chr1	37092934	37292934	harbor1	chr1	37176032	37176361	LINE/L2	550	-	164	37176196	83262
chr1	243422589	243622589	harbor1	chr1	243430135	243430432	LINE/L2	659	-	148	243430283	7694
chr1	243422589	243622589	harbor1	chr1	243430737	243430916	LINE/L2	659	-	90	243430827	8238
chr1	243422589	243622589	harbor1	chr1	243431219	243431554	LINE/L2	659	-	168	243431387	8798
chr1	243422589	243622589	harbor1	chr1	243463098	243463309	LINE/L2	396	-	106	243463204	40615
chr1	243422589	243622589	harbor1	chr1	243510263	243510827	LINE/L2	740	-	282	243510545	87956
chr1	51095933	51295933	harbor1	chr1	51113857	51114310	LINE/L2	490	-	226	51114083	18150
chr1	51095933	51295933	harbor1	chr1	51115690	51115947	LINE/L2	703	-	128	51115818	19885
chr1	51095933	51295933	harbor1	chr1	51119485	51119509	LINE/L2	453	-	12	51119497	23564
chr1	51095933	51295933	harbor1	chr1	51119807	51120194	LINE/L2	453	-	194	51120001	24068
chr1	51095933	51295933	harbor1	chr1	51120797	51120955	LINE/L2	520	-	79	51120876	24943
chr1	51095933	51295933	harbor1	chr1	51141197	51141207	LINE/L2	447	-	5	51141202	45269
chr1	51095933	51295933	harbor1	chr1	51141509	51141652	LINE/L2	447	-	72	51141581	45648
chr1	184683952	184883952	harbor1	chr1	184717066	184717132	LINE/L2	417	-	33	184717099	33147
chr1	184683952	184883952	harbor1	chr1	184768076	184768319	LINE/L2	593	-	122	184768198	84246
chr1	53608248	53808248	harbor1	chr1	53614071	53614653	LINE/L2	775	-	291	53614362	6114
chr1	53608248	53808248	harbor1	chr1	53631477	53631955	LINE/L2	1613	-	239	53631716	23468
chr1	53608248	53808248	harbor1	chr1	53635085	53635202	LINE/L2	475	-	58	53635143	26895
chr1	53608248	53808248	harbor1	chr1	53644369	53644909	LINE/L2	594	-	270	53644639	36391
chr1	53608248	53808248	harbor1	chr1	53654174	53654257	LINE/L2	428	-	42	53654216	45968
chr1	53608248	53808248	harbor1	chr1	53654357	53655062	LINE/L2	1043	-	352	53654709	46461
chr1	53608248	53808248	harbor1	chr1	53664536	53665499	LINE/L2	1526	-	482	53665018	56770
chr1	53608248	53808248	harbor1	chr1	53665704	53665967	LINE/L2	889	-	132	53665836	57588
chr1	53608248	53808248	harbor1	chr1	53686499	53686886	LINE/L2	394	-	194	53686693	78445
chr1	53608248	53808248	harbor1	chr1	53693940	53694270	LINE/L2	434	-	165	53694105	85857
chr1	168490883	168690883	harbor1	chr1	168492716	168492984	LINE/L2	516	-	134	168492850	1967
chr1	168490883	168690883	harbor1	chr1	168533811	168534005	LINE/L2	507	-	97	168533908	43025
chr1	168490883	168690883	harbor1	chr1	168565887	168566149	LINE/L2	565	-	131	168566018	75135
chr1	168490883	168690883	harbor1	chr1	168571987	168572782	LINE/L2	1384	-	398	168572385	81502
chr1	168490883	168690883	harbor1	chr1	168582946	168583054	LINE/L2	476	-	54	168583000	92117
chr1	168490883	168690883	harbor1	chr1	168583085	168583582	LINE/L2	672	-	248	168583333	92450
chr1	90117123	90317123	harbor1	chr1	90117104	90117278	LINE/L2	621	-	87	90117191	68
chr1	90117123	90317123	harbor1	chr1	90131741	90132052	LINE/L2	431	-	156	90131897	14774
chr1	103162050	103362050	harbor1	chr1	103167467	103167896	LINE/L2	727	-	214	103167681	5631
chr1	103162050	103362050	harbor1	chr1	103259629	103260558	LINE/L2	747	-	464	103260093	98043
chr1	186598105	186798105	harbor1	chr1	186614470	186614579	LINE/L2	536	-	54	186614524	16419
chr1	186598105	186798105	harbor1	chr1	186614889	186615265	LINE/L2	536	-	188	186615077	16972
chr1	186598105	186798105	harbor1	chr1	186622372	186622631	LINE/L2	460	-	130	186622502	24397
chr1	186598105	186798105	harbor1	chr1	186622920	186623045	LINE/L2	460	-	62	186622982	24877
chr1	186598105	186798105	harbor1	chr1	186643553	186643791	LINE/L2	449	-	119	186643672	45567
chr1	186598105	186798105	harbor1	chr1	186653447	186654013	LINE/L2	775	-	283	186653730	55625
chr1	186598105	186798105	harbor1	chr1	186654136	186654405	LINE/L2	775	-	134	186654270	56165
chr1	186598105	186798105	harbor1	chr1	186658412	186658753	LINE/L2	790	-	170	186658582	60477
chr1	186598105	186798105	harbor1	chr1	186667562	186668108	LINE/L2	674	-	273	186667835	69730
chr1	186598105	186798105	harbor1	chr1	186670962	186671400	LINE/L2	537	-	219	186671181	73076
chr1	160259693	160459693	harbor1	chr1	160264231	160265616	LINE/L2	1899	-	692	160264923	5230
chr1	18254878	18454878	harbor1	chr1	18297370	18297574	LINE/L2	701	-	102	18297472	42594
chr1	18254878	18454878	harbor1	chr1	18297896	18298160	LINE/L2	701	-	132	18298028	43150
chr1	18254878	18454878	harbor1	chr1	18304007	18304397	LINE/L2	486	-	195	18304202	49324
chr1	18254878	18454878	harbor1	chr1	18340130	18340362	LINE/L2	423	-	116	18340246	85368
chr1	18254878	18454878	harbor1	chr1	18353391	18353860	LINE/L2	550	-	234	18353625	98747
chr1	18254878	18454878	harbor1	chr1	18353940	18354385	LINE/L2	528	-	222	18354162	99284
chr1	65858547	66058547	harbor1	chr1	65940007	65940836	LINE/L2	1023	-	414	65940421	81874
chr1	50482160	50682160	harbor1	chr1	50483513	50484137	LINE/L2	1954	-	312	50483825	1665
chr1	50482160	50682160	harbor1	chr1	50544723	50544965	LINE/L2	745	-	121	50544844	62684
chr1	50482160	50682160	harbor1	chr1	50552715	50553359	LINE/L2	721	-	322	50553037	70877
chr1	50482160	50682160	harbor1	chr1	50581481	50581900	LINE/L2	490	-	210	50581691	99531
chr1	70933892	71133892	harbor1	chr1	70951688	70952219	LINE/L2	569	-	266	70951954	18062
chr1	70933892	71133892	harbor1	chr1	70994930	70995181	LINE/L2	427	-	126	70995056	61164
chr1	248431237	248631237	harbor1	chr1	248504797	248505142	LINE/L2	536	-	172	248504969	73732
chr1	248431237	248631237	harbor1	chr1	248510430	248510759	LINE/L2	449	-	164	248510594	79357
chr1	210507012	210707012	harbor1	chr1	210564670	210565307	LINE/L2	542	-	318	210564988	57976
chr1	202402460	202602460	harbor1	chr1	202454416	202454651	LINE/L2	574	-	118	202454534	52074
chr1	202402460	202602460	harbor1	chr1	202454935	202455214	LINE/L2	574	-	140	202455075	52615
chr1	202402460	202602460	harbor1	chr1	202455761	202455977	LINE/L2	481	-	108	202455869	53409
chr1	202402460	202602460	harbor1	chr1	202457185	202457267	LINE/L2	628	-	41	202457226	54766
chr1	202402460	202602460	harbor1	chr1	202457581	202457881	LINE/L2	628	-	150	202457731	55271
chr1	172112720	172312720	harbor1	chr1	172113963	172114367	LINE/L2	441	-	202	172114165	1445
chr1	172112720	172312720	harbor1	chr1	172133591	172134184	LINE/L2	690	-	296	172133887	21167
chr1	172112720	172312720	harbor1	chr1	172134557	172135184	LINE/L2	491	-	314	172134871	22151
chr1	172112720	172312720	harbor1	chr1	172157911	172158283	LINE/L2	834	-	186	172158097	45377
chr1	172112720	172312720	harbor1	chr1	172173010	172173489	LINE/L2	725	-	240	172173250	60530
chr1	17904948	18104948	harbor1	chr1	17923153	17923279	LINE/L2	416	-	63	17923216	18268
chr1	17904948	18104948	harbor1	chr1	17924403	17924729	LINE/L2	451	-	163	17924566	19618
chr1	17904948	18104948	harbor1	chr1	17946291	17946794	LINE/L2	1059	-	252	17946543	41595
chr1	17904948	18104948	harbor1	chr1	17947349	17947686	LINE/L2	1258	-	168	17947517	42569
chr1	17904948	18104948	harbor1	chr1	17952414	17952867	LINE/L2	463	-	226	17952640	47692
chr1	17904948	18104948	harbor1	chr1	18000761	18001140	LINE/L2	398	-	190	18000951	96003
chr1	31393087	31593087	harbor1	chr1	31397045	31397316	LINE/L2	479	-	136	31397181	4094
chr1	31393087	31593087	harbor1	chr1	31423042	31423170	LINE/L2	402	-	64	31423106	30019
chr1	215658779	215858779	harbor1	chr1	215658974	215659526	LINE/L2	800	-	276	215659250	471
chr1	215658779	215858779	harbor1	chr1	215687819	215688486	LINE/L2	1483	-	334	215688153	29374
chr1	215658779	215858779	harbor1	chr1	215688872	215689266	LINE/L2	1483	-	197	215689069	30290
chr1	215658779	215858779	harbor1	chr1	215691811	215692441	LINE/L2	1156	-	315	215692126	33347
chr1	215658779	215858779	harbor1	chr1	215714244	215714427	LINE/L2	546	-	92	215714336	55557
chr1	88548172	88748172	harbor1	chr1	88580702	88581254	LINE/L2	528	-	276	88580978	32806
chr1	88548172	88748172	harbor1	chr1	88630400	88630570	LINE/L2	545	-	85	88630485	82313
chr1	88548172	88748172	harbor1	chr1	88630873	88631072	LINE/L2	545	-	100	88630973	82801
chr1	88548172	88748172	harbor1	chr1	88631252	88631987	LINE/L2	834	-	368	88631620	83448
chr1	166995668	167195668	harbor1	chr1	167012453	167012901	LINE/L2	845	-	224	167012677	17009
chr1	166995668	167195668	harbor1	chr1	167024149	167024286	LINE/L2	446	-	68	167024217	28549
chr1	166995668	167195668	harbor1	chr1	167025998	167026234	LINE/L2	802	-	118	167026116	30448
chr1	166995668	167195668	harbor1	chr1	167027577	167027987	LINE/L2	2291	-	205	167027782	32114
chr1	166995668	167195668	harbor1	chr1	167028299	167028570	LINE/L2	2291	-	136	167028435	32767
chr1	166995668	167195668	harbor1	chr1	167042699	167042779	LINE/L2	430	-	40	167042739	47071
chr1	166995668	167195668	harbor1	chr1	167065076	167065438	LINE/L2	554	-	181	167065257	69589
chr1	166995668	167195668	harbor1	chr1	167074622	167074906	LINE/L2	3268	-	142	167074764	79096
chr1	166995668	167195668	harbor1	chr1	167075201	167076408	LINE/L2	3268	-	604	167075805	80137
chr1	166995668	167195668	harbor1	chr1	167083451	167083823	LINE/L2	630	-	186	167083637	87969
chr1	166995668	167195668	harbor1	chr1	167084086	167084413	LINE/L2	657	-	164	167084250	88582
chr1	166995668	167195668	harbor1	chr1	167084895	167085374	LINE/L2	1005	-	240	167085135	89467
chr1	21172560	21372560	harbor1	chr1	21216150	21216270	LINE/L2	425	-	60	21216210	43650
chr1	164953409	165153409	harbor1	chr1	164958376	164958598	LINE/L2	666	-	111	164958487	5078
chr1	164953409	165153409	harbor1	chr1	164958904	164959006	LINE/L2	666	-	51	164958955	5546
chr1	164953409	165153409	harbor1	chr1	164975393	164975491	LINE/L2	415	-	49	164975442	22033
chr1	164953409	165153409	harbor1	chr1	165001109	165001585	LINE/L2	412	-	238	165001347	47938
chr1	164953409	165153409	harbor1	chr1	165008595	165008821	LINE/L2	690	-	113	165008708	55299
chr1	202066985	202266985	harbor1	chr1	202073254	202073410	LINE/L2	636	-	78	202073332	6347
chr1	202066985	202266985	harbor1	chr1	202076594	202076991	LINE/L2	688	-	198	202076792	9807
chr1	202066985	202266985	harbor1	chr1	202079870	202079950	LINE/L2	410	-	40	202079910	12925
chr1	202066985	202266985	harbor1	chr1	202104029	202104316	LINE/L2	458	-	144	202104173	37188
chr1	147613982	147813982	harbor1	chr1	147642662	147642851	LINE/L2	484	-	94	147642756	28774
chr1	147613982	147813982	harbor1	chr1	147643458	147643596	LINE/L2	439	-	69	147643527	29545
chr1	147613982	147813982	harbor1	chr1	147644387	147644972	LINE/L2	1889	-	292	147644679	30697
chr1	147613982	147813982	harbor1	chr1	147645747	147646152	LINE/L2	765	-	202	147645949	31967
chr1	147613982	147813982	harbor1	chr1	147646171	147646457	LINE/L2	413	-	143	147646314	32332
chr1	147613982	147813982	harbor1	chr1	147674187	147674563	LINE/L2	612	-	188	147674375	60393
chr1	195780808	195980808	harbor1	chr1	195794112	195794987	LINE/L2	778	-	438	195794550	13742
chr1	195780808	195980808	harbor1	chr1	195795724	195796561	LINE/L2	1556	-	418	195796142	15334
chr1	195780808	195980808	harbor1	chr1	195849675	195850113	LINE/L2	574	-	219	195849894	69086
chr1	195119095	195319095	harbor1	chr1	195167575	195168252	LINE/L2	455	-	338	195167913	48818
chr1	195119095	195319095	harbor1	chr1	195176029	195176791	LINE/L2	718	-	381	195176410	57315
chr1	195119095	195319095	harbor1	chr1	195189881	195190180	LINE/L2	525	-	150	195190031	70936
chr1	195119095	195319095	harbor1	chr1	195204988	195205315	LINE/L2	406	-	164	195205152	86057
chr1	177703164	177903164	harbor1	chr1	177703405	177703819	LINE/L2	610	-	207	177703612	448
chr1	177703164	177903164	harbor1	chr1	177738797	177739297	LINE/L2	397	-	250	177739047	35883
chr1	177703164	177903164	harbor1	chr1	177747581	177747825	LINE/L2	872	-	122	177747703	44539
chr1	177703164	177903164	harbor1	chr1	177770878	177771023	LINE/L2	631	-	72	177770950	67786
chr1	177703164	177903164	harbor1	chr1	177785973	177786434	LINE/L2	434	-	230	177786203	83039
chr1	240619405	240819405	harbor1	chr1	240700385	240700527	LINE/L2	503	-	71	240700456	81051
chr1	240619405	240819405	harbor1	chr1	240700795	240700982	LINE/L2	503	-	94	240700889	81484
chr1	240619405	240819405	harbor1	chr1	240701146	240701206	LINE/L2	603	-	30	240701176	81771
chr1	240619405	240819405	harbor1	chr1	240701504	240701975	LINE/L2	603	-	236	240701740	82335
chr1	240619405	240819405	harbor1	chr1	240702184	240702524	LINE/L2	1271	-	170	240702354	82949
chr1	240619405	240819405	harbor1	chr1	240702833	240703149	LINE/L2	1271	-	158	240702991	83586
chr1	40176712	40376712	harbor1	chr1	40184334	40184642	LINE/L2	417	-	154	40184488	7776
chr1	40176712	40376712	harbor1	chr1	40218755	40218871	LINE/L2	547	-	58	40218813	42101
chr1	40176712	40376712	harbor1	chr1	40274528	40275059	LINE/L2	1333	-	266	40274794	98082
chr1	40176712	40376712	harbor1	chr1	40276197	40276324	LINE/L2	534	-	64	40276261	99549
chr1	148079546	148279546	harbor1	chr1	148143664	148143804	LINE/L2	499	-	70	148143734	64188
chr1	148079546	148279546	harbor1	chr1	148144444	148144615	LINE/L2	458	-	86	148144530	64984
chr1	169323770	169523770	harbor1	chr1	169346880	169347064	LINE/L2	583	-	92	169346972	23202
chr1	169323770	169523770	harbor1	chr1	169347206	169347496	LINE/L2	583	-	145	169347351	23581
chr1	169323770	169523770	harbor1	chr1	169365825	169366192	LINE/L2	405	-	184	169366009	42239
chr1	169323770	169523770	harbor1	chr1	169398903	169399363	LINE/L2	1250	-	230	169399133	75363
chr1	196966759	197166759	harbor1	chr1	196974982	196976153	LINE/L2	1706	-	586	196975568	8809
chr1	196966759	197166759	harbor1	chr1	197003554	197003987	LINE/L2	712	-	216	197003770	37011
chr1	196966759	197166759	harbor1	chr1	197053165	197053273	LINE/L2	936	-	54	197053219	86460
chr1	196966759	197166759	harbor1	chr1	197053636	197053982	LINE/L2	936	-	173	197053809	87050
chr1	218695033	218895033	harbor1	chr1	218704034	218704233	LINE/L2	494	-	100	218704134	9101
chr1	88781685	88981685	harbor1	chr1	88789117	88789377	LINE/L2	707	-	130	88789247	7562
chr1	71611143	71811143	harbor1	chr1	71612417	71613364	LINE/L2	1300	-	474	71612891	1748
chr1	71611143	71811143	harbor1	chr1	71613674	71613697	LINE/L2	1300	-	12	71613686	2543
chr1	71611143	71811143	harbor1	chr1	71615274	71615869	LINE/L2	838	-	298	71615572	4429
chr1	71611143	71811143	harbor1	chr1	71635340	71635835	LINE/L2	427	-	248	71635588	24445
chr1	71611143	71811143	harbor1	chr1	71693373	71693503	LINE/L2	414	-	65	71693438	82295
chr1	86107127	86307127	harbor1	chr1	86159821	86159927	LINE/L2	436	-	53	86159874	52747
chr1	195929356	196129356	harbor1	chr1	195946197	195946750	LINE/L2	582	-	276	195946473	17117
chr1	50312631	50512631	harbor1	chr1	50316530	50316749	LINE/L2	413	-	110	50316640	4009
chr1	50312631	50512631	harbor1	chr1	50334419	50334605	LINE/L2	435	-	93	50334512	21881
chr1	50312631	50512631	harbor1	chr1	50347152	50347226	LINE/L2	428	-	37	50347189	34558
chr1	50312631	50512631	harbor1	chr1	50373648	50373876	LINE/L2	478	-	114	50373762	61131
chr1	93511514	93711514	harbor1	chr1	93545599	93546299	LINE/L2	518	-	350	93545949	34435
chr1	93511514	93711514	harbor1	chr1	93589583	93589931	LINE/L2	725	-	174	93589757	78243
chr1	93511514	93711514	harbor1	chr1	93606381	93607020	LINE/L2	430	-	320	93606701	95187
chr1	48208172	48408172	harbor1	chr1	48237990	48238282	LINE/L2	490	-	146	48238136	29964
chr1	118485714	118685714	harbor1	chr1	118526970	118527539	LINE/L2	1067	-	284	118527254	41540
chr1	118485714	118685714	harbor1	chr1	118527638	118527737	LINE/L2	450	-	50	118527688	41974
chr1	118485714	118685714	harbor1	chr1	118563059	118563846	LINE/L2	690	-	394	118563453	77739
chr1	150030465	150230465	harbor1	chr1	150040307	150040426	LINE/L2	436	-	60	150040367	9902
chr1	150030465	150230465	harbor1	chr1	150095038	150095331	LINE/L2	962	-	146	150095184	64719
chr1	150030465	150230465	harbor1	chr1	150095627	150096107	LINE/L2	1008	-	240	150095867	65402
chr1	150030465	150230465	harbor1	chr1	150096234	150096782	LINE/L2	827	-	274	150096508	66043
chr1	150030465	150230465	harbor1	chr1	150108485	150108703	LINE/L2	788	-	109	150108594	78129
chr1	150030465	150230465	harbor1	chr1	150121776	150122038	LINE/L2	738	-	131	150121907	91442
chr1	150030465	150230465	harbor1	chr1	150122306	150122581	LINE/L2	738	-	138	150122444	91979
chr1	150030465	150230465	harbor1	chr1	150123351	150123405	LINE/L2	462	-	27	150123378	92913
chr1	57674615	57874615	harbor1	chr1	57713945	57714139	LINE/L2	503	-	97	57714042	39427
chr1	57674615	57874615	harbor1	chr1	57756142	57756746	LINE/L2	422	-	302	57756444	81829
chr1	57674615	57874615	harbor1	chr1	57759556	57759812	LINE/L2	592	-	128	57759684	85069
chr1	88994811	89194811	harbor1	chr1	88998665	88998867	LINE/L2	578	-	101	88998766	3955
chr1	88994811	89194811	harbor1	chr1	89045855	89046504	LINE/L2	1188	-	324	89046179	51368
chr1	88994811	89194811	harbor1	chr1	89046534	89047002	LINE/L2	729	-	234	89046768	51957
chr1	88994811	89194811	harbor1	chr1	89084460	89084966	LINE/L2	642	-	253	89084713	89902
chr1	154830364	155030364	harbor1	chr1	154888429	154889132	LINE/L2	762	-	352	154888781	58417
chr1	154830364	155030364	harbor1	chr1	154926702	154926864	LINE/L2	648	-	81	154926783	96419
chr1	154830364	155030364	harbor1	chr1	154928108	154928489	LINE/L2	1201	-	190	154928298	97934
chr1	154830364	155030364	harbor1	chr1	154928821	154928966	LINE/L2	1201	-	72	154928893	98529
chr1	234926773	235126773	harbor1	chr1	234945058	234945601	LINE/L2	403	-	272	234945330	18557
chr1	234926773	235126773	harbor1	chr1	235007126	235007263	LINE/L2	453	-	68	235007194	80421
chr1	234926773	235126773	harbor1	chr1	235014688	235014993	LINE/L2	542	-	152	235014840	88067
chr1	234926773	235126773	harbor1	chr1	235015058	235015276	LINE/L2	678	-	109	235015167	88394
chr1	234926773	235126773	harbor1	chr1	235017397	235017699	LINE/L2	728	-	151	235017548	90775
chr1	165787383	165987383	harbor1	chr1	165841584	165841699	LINE/L2	409	-	58	165841642	54259
chr1	98296871	98496871	harbor1	chr1	98323125	98323904	LINE/L2	777	-	390	98323515	26644
chr1	98296871	98496871	harbor1	chr1	98386854	98387311	LINE/L2	678	-	228	98387082	90211
chr1	16387386	16587386	harbor1	chr1	16418905	16419309	LINE/L2	836	-	202	16419107	31721
chr1	16387386	16587386	harbor1	chr1	16419355	16419657	LINE/L2	993	-	151	16419506	32120
chr1	16387386	16587386	harbor1	chr1	16419952	16420374	LINE/L2	993	-	211	16420163	32777
chr1	16387386	16587386	harbor1	chr1	16449287	16449610	LINE/L2	578	-	162	16449449	62063
chr1	110937911	111137911	harbor1	chr1	110942466	110942793	LINE/L2	1096	-	164	110942630	4719
chr1	110937911	111137911	harbor1	chr1	110943972	110944673	LINE/L2	2348	-	350	110944322	6411
chr1	110937911	111137911	harbor1	chr1	110945780	110945924	LINE/L2	542	-	72	110945852	7941
chr1	110937911	111137911	harbor1	chr1	110955488	110956820	LINE/L2	1435	-	666	110956154	18243
chr1	146999194	147199194	harbor1	chr1	147071422	147071561	LINE/L2	417	-	70	147071492	72298
chr1	221487667	221687667	harbor1	chr1	221515851	221516137	LINE/L2	812	-	143	221515994	28327
chr1	221487667	221687667	harbor1	chr1	221516463	221516514	LINE/L2	812	-	26	221516489	28822
chr1	199229925	199429925	harbor1	chr1	199234605	199235524	LINE/L2	702	-	460	199235065	5140
chr1	199229925	199429925	harbor1	chr1	199263895	199264324	LINE/L2	784	-	214	199264109	34184
chr1	199229925	199429925	harbor1	chr1	199303694	199304436	LINE/L2	970	-	371	199304065	74140
chr1	199229925	199429925	harbor1	chr1	199317906	199318032	LINE/L2	531	-	63	199317969	88044
chr1	14714041	14914041	harbor1	chr1	14719268	14719557	LINE/L2	1150	-	144	14719412	5371
chr1	14714041	14914041	harbor1	chr1	14719860	14720020	LINE/L2	1150	-	80	14719940	5899
chr1	14714041	14914041	harbor1	chr1	14723819	14723921	LINE/L2	492	-	51	14723870	9829
chr1	14714041	14914041	harbor1	chr1	14736854	14737296	LINE/L2	1000	-	221	14737075	23034
chr1	14714041	14914041	harbor1	chr1	14769735	14770517	LINE/L2	847	-	391	14770126	56085
chr1	14714041	14914041	harbor1	chr1	14792159	14792263	LINE/L2	424	-	52	14792211	78170
chr1	90358234	90558234	harbor1	chr1	90402931	90403117	LINE/L2	483	-	93	90403024	44790
chr1	90358234	90558234	harbor1	chr1	90390410	90390539	LINE/L2	528	-	64	90390474	32240
chr1	98857149	99057149	harbor1	chr1	98892803	98892934	LINE/L2	608	-	66	98892869	35720
chr1	98857149	99057149	harbor1	chr1	98918859	98919166	LINE/L2	604	-	154	98919013	61864
chr1	98857149	99057149	harbor1	chr1	98940511	98941336	LINE/L2	560	-	412	98940923	83774
chr1	86533816	86733816	harbor1	chr1	86549019	86549901	LINE/L2	600	-	441	86549460	15644
chr1	86533816	86733816	harbor1	chr1	86569068	86569605	LINE/L2	401	-	268	86569336	35520
chr1	86533816	86733816	harbor1	chr1	86615314	86615538	LINE/L2	615	-	112	86615426	81610
chr1	199266646	199466646	harbor1	chr1	199303694	199304436	LINE/L2	970	-	371	199304065	37419
chr1	199266646	199466646	harbor1	chr1	199317906	199318032	LINE/L2	531	-	63	199317969	51323
chr1	199266646	199466646	harbor1	chr1	199331960	199332304	LINE/L2	1126	-	172	199332132	65486
chr1	51722227	51922227	harbor1	chr1	51727936	51728652	LINE/L2	654	-	358	51728294	6067
chr1	51722227	51922227	harbor1	chr1	51781465	51782135	LINE/L2	902	-	335	51781800	59573
chr1	51722227	51922227	harbor1	chr1	51782297	51782477	LINE/L2	403	-	90	51782387	60160
chr1	86387472	86587472	harbor1	chr1	86437229	86437680	LINE/L2	509	-	226	86437455	49983
chr1	86387472	86587472	harbor1	chr1	86444430	86444826	LINE/L2	427	-	198	86444628	57156
chr1	86387472	86587472	harbor1	chr1	86475395	86475847	LINE/L2	673	-	226	86475621	88149
chr1	115090116	115290116	harbor1	chr1	115095549	115095934	LINE/L2	464	-	192	115095741	5625
chr1	115090116	115290116	harbor1	chr1	115117999	115118297	LINE/L2	676	-	149	115118148	28032
chr1	115090116	115290116	harbor1	chr1	115127180	115127556	LINE/L2	546	-	188	115127368	37252
chr1	115090116	115290116	harbor1	chr1	115127750	115127940	LINE/L2	427	-	95	115127845	37729
chr1	218310499	218510499	harbor1	chr1	218368447	218368787	LINE/L2	660	-	170	218368617	58118
chr1	218310499	218510499	harbor1	chr1	218368829	218368974	LINE/L2	435	-	72	218368901	58402
chr1	218310499	218510499	harbor1	chr1	218369285	218369340	LINE/L2	435	-	28	218369313	58814
chr1	218310499	218510499	harbor1	chr1	218386896	218387304	LINE/L2	402	-	204	218387100	76601
chr1	61929150	62129150	harbor1	chr1	61931175	61931358	LINE/L2	455	-	92	61931267	2117
chr1	61929150	62129150	harbor1	chr1	61994164	61994291	LINE/L2	408	-	64	61994228	65078
chr1	61929150	62129150	harbor1	chr1	62023404	62023654	LINE/L2	463	-	125	62023529	94379
chr1	209621836	209821836	harbor1	chr1	209621804	209622378	LINE/L2	530	-	287	209622091	255
chr1	209621836	209821836	harbor1	chr1	209639228	209639347	LINE/L2	548	-	60	209639288	17452
chr1	209621836	209821836	harbor1	chr1	209665282	209665569	LINE/L2	503	-	144	209665426	43590
chr1	209621836	209821836	harbor1	chr1	209666485	209666821	LINE/L2	836	-	168	209666653	44817
chr1	209621836	209821836	harbor1	chr1	209667028	209667071	LINE/L2	766	-	22	209667050	45214
chr1	209621836	209821836	harbor1	chr1	209668278	209668515	LINE/L2	941	-	118	209668396	46560
chr1	209621836	209821836	harbor1	chr1	209668807	209669295	LINE/L2	941	-	244	209669051	47215
chr1	209621836	209821836	harbor1	chr1	209671761	209672098	LINE/L2	563	-	168	209671929	50093
chr1	209621836	209821836	harbor1	chr1	209694248	209694639	LINE/L2	479	-	196	209694444	72608
chr1	209621836	209821836	harbor1	chr1	209696387	209696733	LINE/L2	468	-	173	209696560	74724
chr1	49901335	50101335	harbor1	chr1	49909325	49910197	LINE/L2	1698	-	436	49909761	8426
chr1	49901335	50101335	harbor1	chr1	49910216	49910455	LINE/L2	449	-	120	49910336	9001
chr1	49901335	50101335	harbor1	chr1	49910547	49910694	LINE/L2	933	-	74	49910621	9286
chr1	49901335	50101335	harbor1	chr1	49910995	49911393	LINE/L2	933	-	199	49911194	9859
chr1	234318168	234518168	harbor1	chr1	234378255	234378591	LINE/L2	944	-	168	234378423	60255
chr1	234318168	234518168	harbor1	chr1	234378908	234379006	LINE/L2	944	-	49	234378957	60789
chr1	234318168	234518168	harbor1	chr1	234379238	234379579	LINE/L2	1008	-	170	234379408	61240
chr1	234318168	234518168	harbor1	chr1	234379959	234380017	LINE/L2	1008	-	29	234379988	61820
chr1	234318168	234518168	harbor1	chr1	234413520	234414081	LINE/L2	600	-	280	234413800	95632
chr1	234318168	234518168	harbor1	chr1	234414284	234414702	LINE/L2	600	-	209	234414493	96325
chr1	234318168	234518168	harbor1	chr1	234414991	234415453	LINE/L2	600	-	231	234415222	97054
chr1	14180074	14380074	harbor1	chr1	14195745	14197283	LINE/L2	2596	-	769	14196514	16440
chr1	14180074	14380074	harbor1	chr1	14208424	14208570	LINE/L2	419	-	73	14208497	28423
chr1	14180074	14380074	harbor1	chr1	14213381	14214211	LINE/L2	2083	-	415	14213796	33722
chr1	14180074	14380074	harbor1	chr1	14244431	14244942	LINE/L2	794	-	256	14244687	64613
chr1	14180074	14380074	harbor1	chr1	14260131	14260521	LINE/L2	943	-	195	14260326	80252
chr1	53570730	53770730	harbor1	chr1	53581444	53581834	LINE/L2	708	-	195	53581639	10909
chr1	53570730	53770730	harbor1	chr1	53614071	53614653	LINE/L2	775	-	291	53614362	43632
chr1	53570730	53770730	harbor1	chr1	53631477	53631955	LINE/L2	1613	-	239	53631716	60986
chr1	53570730	53770730	harbor1	chr1	53635085	53635202	LINE/L2	475	-	58	53635143	64413
chr1	53570730	53770730	harbor1	chr1	53644369	53644909	LINE/L2	594	-	270	53644639	73909
chr1	53570730	53770730	harbor1	chr1	53654174	53654257	LINE/L2	428	-	42	53654216	83486
chr1	53570730	53770730	harbor1	chr1	53654357	53655062	LINE/L2	1043	-	352	53654709	83979
chr1	53570730	53770730	harbor1	chr1	53664536	53665499	LINE/L2	1526	-	482	53665018	94288
chr1	53570730	53770730	harbor1	chr1	53665704	53665967	LINE/L2	889	-	132	53665836	95106
chr1	95611964	95811964	harbor1	chr1	95627268	95628140	LINE/L2	2148	-	436	95627704	15740
chr1	95611964	95811964	harbor1	chr1	95628497	95628772	LINE/L2	2148	-	138	95628635	16671
chr1	95611964	95811964	harbor1	chr1	95690428	95690538	LINE/L2	430	-	55	95690483	78519
chr1	95611964	95811964	harbor1	chr1	95708710	95709908	LINE/L2	2768	-	599	95709309	97345
chr1	95611964	95811964	harbor1	chr1	95710586	95711553	LINE/L2	2440	-	484	95711070	99106
chr1	179729439	179929439	harbor1	chr1	179750192	179751623	LINE/L2	1616	-	716	179750908	21469
chr1	179729439	179929439	harbor1	chr1	179792759	179792987	LINE/L2	400	-	114	179792873	63434
chr1	105195212	105395212	harbor1	chr1	105241776	105242265	LINE/L2	474	-	244	105242020	46808
chr1	105195212	105395212	harbor1	chr1	105280066	105280537	LINE/L2	654	-	236	105280302	85090
chr1	207459715	207659715	harbor1	chr1	207482511	207482923	LINE/L2	537	-	206	207482717	23002
chr1	207459715	207659715	harbor1	chr1	207485774	207485948	LINE/L2	747	-	87	207485861	26146
chr1	207459715	207659715	harbor1	chr1	207487441	207488084	LINE/L2	3449	-	322	207487763	28048
chr1	207459715	207659715	harbor1	chr1	207492925	207493336	LINE/L2	1002	-	206	207493131	33416
chr1	207459715	207659715	harbor1	chr1	207493331	207494455	LINE/L2	3300	-	562	207493893	34178
chr1	207459715	207659715	harbor1	chr1	207529273	207529420	LINE/L2	480	-	74	207529347	69632
chr1	207459715	207659715	harbor1	chr1	207547828	207547975	LINE/L2	480	-	74	207547902	88187
chr1	207459715	207659715	harbor1	chr1	207486257	207487284	LINE/L2	3449	-	514	207486771	27056
chr1	176660658	176860658	harbor1	chr1	176665877	176666489	LINE/L2	829	-	306	176666183	5525
chr1	176660658	176860658	harbor1	chr1	176677810	176678131	LINE/L2	515	-	160	176677970	17312
chr1	176660658	176860658	harbor1	chr1	176694763	176695173	LINE/L2	405	-	205	176694968	34310
chr1	244459010	244659010	harbor1	chr1	244489913	244490214	LINE/L2	477	-	150	244490063	31053
chr1	244459010	244659010	harbor1	chr1	244515370	244515782	LINE/L2	636	-	206	244515576	56566
chr1	244459010	244659010	harbor1	chr1	244519123	244519395	LINE/L2	471	-	136	244519259	60249
chr1	150471267	150671267	harbor1	chr1	150532641	150533176	LINE/L2	714	-	268	150532909	61642
chr1	40192911	40392911	harbor1	chr1	40218755	40218871	LINE/L2	547	-	58	40218813	25902
chr1	40192911	40392911	harbor1	chr1	40274528	40275059	LINE/L2	1333	-	266	40274794	81883
chr1	40192911	40392911	harbor1	chr1	40276197	40276324	LINE/L2	534	-	64	40276261	83350
chr1	85706262	85906262	harbor1	chr1	85746415	85746797	LINE/L2	584	-	191	85746606	40344
chr1	85706262	85906262	harbor1	chr1	85767859	85768505	LINE/L2	859	-	323	85768182	61920
chr1	85706262	85906262	harbor1	chr1	85769158	85769436	LINE/L2	591	-	139	85769297	63035
chr1	55316616	55516616	harbor1	chr1	55385744	55386185	LINE/L2	1162	-	220	55385964	69348
chr1	55316616	55516616	harbor1	chr1	55397909	55398513	LINE/L2	1184	-	302	55398211	81595
chr1	55316616	55516616	harbor1	chr1	55401200	55401566	LINE/L2	567	-	183	55401383	84767
chr1	18576910	18776910	harbor1	chr1	18577983	18578513	LINE/L2	1155	-	265	18578248	1338
chr1	18576910	18776910	harbor1	chr1	18579095	18579266	LINE/L2	646	-	86	18579181	2271
chr1	18576910	18776910	harbor1	chr1	18579640	18579674	LINE/L2	646	-	17	18579657	2747
chr1	18576910	18776910	harbor1	chr1	18582365	18582691	LINE/L2	631	-	163	18582528	5618
chr1	18576910	18776910	harbor1	chr1	18597101	18597238	LINE/L2	554	-	68	18597169	20259
chr1	18576910	18776910	harbor1	chr1	18652291	18652594	LINE/L2	511	-	152	18652443	75533
chr1	18576910	18776910	harbor1	chr1	18674122	18674232	LINE/L2	539	-	55	18674177	97267
chr1	18576910	18776910	harbor1	chr1	18644889	18645014	LINE/L2	457	-	62	18644951	68041
chr1	246881890	247081890	harbor1	chr1	246917011	246917411	LINE/L2	404	-	200	246917211	35321
chr1	246881890	247081890	harbor1	chr1	246965988	246966206	LINE/L2	1500	-	109	246966097	84207
chr1	246881890	247081890	harbor1	chr1	246966495	246966507	LINE/L2	1500	-	6	246966501	84611
chr1	246881890	247081890	harbor1	chr1	246966798	246966932	LINE/L2	1500	-	67	246966865	84975
chr1	246881890	247081890	harbor1	chr1	246967238	246967612	LINE/L2	1500	-	187	246967425	85535
chr1	246881890	247081890	harbor1	chr1	246970004	246970028	LINE/L2	1500	-	12	246970016	88126
chr1	103976521	104176521	harbor1	chr1	103978586	103978977	LINE/L2	402	-	196	103978782	2261
chr1	108162342	108362342	harbor1	chr1	108213286	108213432	LINE/L2	551	-	73	108213359	51017
chr1	110012496	110212496	harbor1	chr1	110075660	110076119	LINE/L2	474	-	230	110075890	63394
chr1	202516063	202716063	harbor1	chr1	202523119	202523704	LINE/L2	4641	-	292	202523411	7348
chr1	202516063	202716063	harbor1	chr1	202524013	202524368	LINE/L2	4641	-	178	202524191	8128
chr1	202516063	202716063	harbor1	chr1	202525179	202525701	LINE/L2	4641	-	261	202525440	9377
chr1	202516063	202716063	harbor1	chr1	202525991	202526778	LINE/L2	4641	-	394	202526385	10322
chr1	202516063	202716063	harbor1	chr1	202545788	202546325	LINE/L2	611	-	268	202546056	29993
chr1	202516063	202716063	harbor1	chr1	202546620	202546854	LINE/L2	611	-	117	202546737	30674
chr1	202516063	202716063	harbor1	chr1	202559151	202559354	LINE/L2	466	-	102	202559253	43190
chr1	202516063	202716063	harbor1	chr1	202597166	202597898	LINE/L2	627	-	366	202597532	81469
chr1	202516063	202716063	harbor1	chr1	202614511	202615054	LINE/L2	571	-	272	202614783	98720
chr1	111709759	111909759	harbor1	chr1	111716821	111717862	LINE/L2	1289	-	520	111717341	7582
chr1	111709759	111909759	harbor1	chr1	111754741	111755081	LINE/L2	632	-	170	111754911	45152
chr1	111709759	111909759	harbor1	chr1	111787197	111787732	LINE/L2	937	-	268	111787465	77706
chr1	111709759	111909759	harbor1	chr1	111797440	111798031	LINE/L2	633	-	296	111797736	87977
chr1	198218231	198418231	harbor1	chr1	198222676	198223379	LINE/L2	816	-	352	198223028	4797
chr1	198218231	198418231	harbor1	chr1	198225965	198226086	LINE/L2	453	-	60	198226025	7794
chr1	198218231	198418231	harbor1	chr1	198257857	198258158	LINE/L2	454	-	150	198258007	39776
chr1	198218231	198418231	harbor1	chr1	198282780	198283168	LINE/L2	610	-	194	198282974	64743
chr1	31466198	31666198	harbor1	chr1	31546578	31547082	LINE/L2	744	-	252	31546830	80632
chr1	31466198	31666198	harbor1	chr1	31547100	31547928	LINE/L2	1824	-	414	31547514	81316
chr1	31466198	31666198	harbor1	chr1	31548232	31548661	LINE/L2	1824	-	214	31548446	82248
chr1	31466198	31666198	harbor1	chr1	31549245	31549608	LINE/L2	496	-	182	31549427	83229
chr1	8856868	9056868	harbor1	chr1	8892030	8892216	LINE/L2	565	-	93	8892123	35255
chr1	8856868	9056868	harbor1	chr1	8910285	8910646	LINE/L2	628	-	180	8910465	53597
chr1	193475728	193675728	harbor1	chr1	193500847	193501147	LINE/L2	443	-	150	193500997	25269
chr1	193475728	193675728	harbor1	chr1	193521043	193521379	LINE/L2	571	-	168	193521211	45483
chr1	193475728	193675728	harbor1	chr1	193530196	193530400	LINE/L2	712	-	102	193530298	54570
chr1	193475728	193675728	harbor1	chr1	193530668	193531806	LINE/L2	2095	-	569	193531237	55509
chr1	91655636	91855636	harbor1	chr1	91661401	91661813	LINE/L2	926	-	206	91661607	5971
chr1	91655636	91855636	harbor1	chr1	91672257	91672530	LINE/L2	608	-	136	91672393	16757
chr1	91655636	91855636	harbor1	chr1	91679585	91680031	LINE/L2	585	-	223	91679808	24172
chr1	66360768	66560768	harbor1	chr1	66380467	66381792	LINE/L2	1512	-	662	66381129	20361
chr1	181217203	181417203	harbor1	chr1	181255244	181255419	LINE/L2	507	-	88	181255332	38129
chr1	181217203	181417203	harbor1	chr1	181256629	181257529	LINE/L2	1746	-	450	181257079	39876
chr1	181217203	181417203	harbor1	chr1	181260300	181260747	LINE/L2	425	-	224	181260524	43321
chr1	181217203	181417203	harbor1	chr1	181314173	181314485	LINE/L2	613	-	156	181314329	97126
chr1	49172083	49372083	harbor1	chr1	49173487	49174448	LINE/L2	1223	-	480	49173967	1884
chr1	49172083	49372083	harbor1	chr1	49174882	49175367	LINE/L2	1056	-	242	49175124	3041
chr1	49172083	49372083	harbor1	chr1	49179110	49179380	LINE/L2	577	-	135	49179245	7162
chr1	49172083	49372083	harbor1	chr1	49209614	49209902	LINE/L2	407	-	144	49209758	37675
chr1	49172083	49372083	harbor1	chr1	49228192	49228809	LINE/L2	1697	-	308	49228500	56417
chr1	49172083	49372083	harbor1	chr1	49239699	49239951	LINE/L2	788	-	126	49239825	67742
chr1	163412508	163612508	harbor1	chr1	163455046	163455233	LINE/L2	482	-	94	163455140	42632
chr1	163412508	163612508	harbor1	chr1	163482206	163482832	LINE/L2	524	-	313	163482519	70011
chr1	175893864	176093864	harbor1	chr1	175899489	175899874	LINE/L2	1051	-	192	175899681	5817
chr1	102971453	103171453	harbor1	chr1	103044720	103045441	LINE/L2	809	-	360	103045080	73627
chr1	117850570	118050570	harbor1	chr1	117851193	117851293	LINE/L2	447	-	50	117851243	673
chr1	117850570	118050570	harbor1	chr1	117852544	117852670	LINE/L2	510	-	63	117852607	2037
chr1	117850570	118050570	harbor1	chr1	117879065	117879466	LINE/L2	1007	-	200	117879265	28695
chr1	117850570	118050570	harbor1	chr1	117879762	117879896	LINE/L2	1007	-	67	117879829	29259
chr1	117850570	118050570	harbor1	chr1	117880191	117880539	LINE/L2	1007	-	174	117880365	29795
chr1	117850570	118050570	harbor1	chr1	117881289	117881611	LINE/L2	500	-	161	117881450	30880
chr1	117850570	118050570	harbor1	chr1	117888153	117888270	LINE/L2	423	-	58	117888211	37641
chr1	117850570	118050570	harbor1	chr1	117916052	117916751	LINE/L2	537	-	350	117916402	65832
chr1	117850570	118050570	harbor1	chr1	117917064	117917102	LINE/L2	537	-	19	117917083	66513
chr1	117850570	118050570	harbor1	chr1	117921251	117922458	LINE/L2	2381	-	604	117921855	71285
chr1	59514821	59714821	harbor1	chr1	59526365	59526662	LINE/L2	420	-	148	59526513	11692
chr1	59514821	59714821	harbor1	chr1	59560653	59560866	LINE/L2	396	-	106	59560759	45938
chr1	26059916	26259916	harbor1	chr1	26087398	26087580	LINE/L2	625	-	91	26087489	27573
chr1	26059916	26259916	harbor1	chr1	26096516	26096615	LINE/L2	432	-	50	26096566	36650
chr1	26059916	26259916	harbor1	chr1	26147734	26148099	LINE/L2	1493	-	182	26147916	88000
chr1	26059916	26259916	harbor1	chr1	26148401	26148705	LINE/L2	1493	-	152	26148553	88637
chr1	227402611	227602611	harbor1	chr1	227454367	227454984	LINE/L2	615	-	308	227454675	52064
chr1	227402611	227602611	harbor1	chr1	227459277	227459303	LINE/L2	497	-	13	227459290	56679
chr1	227402611	227602611	harbor1	chr1	227459614	227459828	LINE/L2	497	-	107	227459721	57110
chr1	227402611	227602611	harbor1	chr1	227460123	227460443	LINE/L2	1228	-	160	227460283	57672
chr1	227402611	227602611	harbor1	chr1	227460744	227460765	LINE/L2	1228	-	10	227460754	58143
chr1	227402611	227602611	harbor1	chr1	227461053	227461521	LINE/L2	1228	-	234	227461287	58676
chr1	227402611	227602611	harbor1	chr1	227472960	227473580	LINE/L2	629	-	310	227473270	70659
chr1	103298242	103498242	harbor1	chr1	103346508	103347005	LINE/L2	444	-	248	103346756	48514
chr1	103298242	103498242	harbor1	chr1	103348297	103348900	LINE/L2	692	-	302	103348599	50357
chr1	103298242	103498242	harbor1	chr1	103386255	103386905	LINE/L2	1033	-	325	103386580	88338
chr1	60147330	60347330	harbor1	chr1	60165972	60166121	LINE/L2	440	-	74	60166046	18716
chr1	60147330	60347330	harbor1	chr1	60245848	60246220	LINE/L2	965	-	186	60246034	98704
chr1	60147330	60347330	harbor1	chr1	60246283	60246510	LINE/L2	965	-	114	60246397	99067
chr1	60147330	60347330	harbor1	chr1	60194712	60195108	LINE/L2	487	-	198	60194910	47580
chr1	107817780	108017780	harbor1	chr1	107822799	107823042	LINE/L2	464	-	122	107822921	5141
chr1	107817780	108017780	harbor1	chr1	107823125	107823629	LINE/L2	736	-	252	107823377	5597
chr1	107817780	108017780	harbor1	chr1	107824032	107824443	LINE/L2	670	-	206	107824238	6458
chr1	107817780	108017780	harbor1	chr1	107841159	107841504	LINE/L2	747	-	172	107841331	23551
chr1	107817780	108017780	harbor1	chr1	107875186	107876642	LINE/L2	1776	-	728	107875914	58134
chr1	107817780	108017780	harbor1	chr1	107899330	107899577	LINE/L2	432	-	124	107899454	81674
chr1	107817780	108017780	harbor1	chr1	107904650	107905083	LINE/L2	959	-	216	107904866	87086
chr1	29020983	29220983	harbor1	chr1	29038549	29038711	LINE/L2	430	-	81	29038630	17647
chr1	29020983	29220983	harbor1	chr1	29043020	29043401	LINE/L2	1204	-	190	29043210	22227
chr1	29020983	29220983	harbor1	chr1	29043583	29044059	LINE/L2	1204	-	238	29043821	22838
chr1	29020983	29220983	harbor1	chr1	29089368	29089769	LINE/L2	570	-	200	29089568	68585
chr1	29020983	29220983	harbor1	chr1	29099754	29100075	LINE/L2	920	-	160	29099914	78931
chr1	92885729	93085729	harbor1	chr1	92907990	92908900	LINE/L2	1497	-	455	92908445	22716
chr1	92885729	93085729	harbor1	chr1	92920008	92920160	LINE/L2	421	-	76	92920084	34355
chr1	92885729	93085729	harbor1	chr1	92920517	92920654	LINE/L2	421	-	68	92920585	34856
chr1	92885729	93085729	harbor1	chr1	92963181	92963833	LINE/L2	3504	-	326	92963507	77778
chr1	92885729	93085729	harbor1	chr1	92963943	92964696	LINE/L2	3504	-	376	92964319	78590
chr1	92885729	93085729	harbor1	chr1	92965444	92966116	LINE/L2	1467	-	336	92965780	80051
chr1	52385685	52585685	harbor1	chr1	52425565	52426080	LINE/L2	532	-	258	52425823	40138
chr1	52385685	52585685	harbor1	chr1	52431753	52431945	LINE/L2	824	-	96	52431849	46164
chr1	52385685	52585685	harbor1	chr1	52432172	52432641	LINE/L2	824	-	234	52432406	46721
chr1	52385685	52585685	harbor1	chr1	52445461	52445671	LINE/L2	569	-	105	52445566	59881
chr1	52385685	52585685	harbor1	chr1	52478809	52479116	LINE/L2	861	-	154	52478963	93278
chr1	52385685	52585685	harbor1	chr1	52479225	52479712	LINE/L2	4015	-	244	52479469	93784
chr1	52385685	52585685	harbor1	chr1	52480020	52480794	LINE/L2	4015	-	387	52480407	94722
chr1	184758351	184958351	harbor1	chr1	184768076	184768319	LINE/L2	593	-	122	184768198	9847
chr1	205904320	206104320	harbor1	chr1	205946421	205946643	LINE/L2	442	-	111	205946532	42212
chr1	205904320	206104320	harbor1	chr1	205972301	205972518	LINE/L2	409	-	108	205972409	68089
chr1	50806559	51006559	harbor1	chr1	50875979	50876300	LINE/L2	440	-	160	50876139	69580
chr1	51097160	51297160	harbor1	chr1	51113857	51114310	LINE/L2	490	-	226	51114083	16923
chr1	51097160	51297160	harbor1	chr1	51115690	51115947	LINE/L2	703	-	128	51115818	18658
chr1	51097160	51297160	harbor1	chr1	51119485	51119509	LINE/L2	453	-	12	51119497	22337
chr1	51097160	51297160	harbor1	chr1	51119807	51120194	LINE/L2	453	-	194	51120001	22841
chr1	51097160	51297160	harbor1	chr1	51120797	51120955	LINE/L2	520	-	79	51120876	23716
chr1	51097160	51297160	harbor1	chr1	51141197	51141207	LINE/L2	447	-	5	51141202	44042
chr1	51097160	51297160	harbor1	chr1	51141509	51141652	LINE/L2	447	-	72	51141581	44421
chr1	187132721	187332721	harbor1	chr1	187212405	187212723	LINE/L2	407	-	159	187212564	79843
chr1	5448447	5648447	harbor1	chr1	5484294	5484579	LINE/L2	401	-	142	5484436	35989
chr1	5448447	5648447	harbor1	chr1	5499906	5499993	LINE/L2	409	-	44	5499950	51503
chr1	5448447	5648447	harbor1	chr1	5528281	5528777	LINE/L2	647	-	248	5528529	80082
chr1	5448447	5648447	harbor1	chr1	5531436	5532788	LINE/L2	2955	-	676	5532112	83665
chr1	5448447	5648447	harbor1	chr1	5534978	5535693	LINE/L2	1498	-	358	5535336	86889
chr1	236545939	236745939	harbor1	chr1	236581642	236581798	LINE/L2	482	-	78	236581720	35781
chr1	146538911	146738911	harbor1	chr1	146541671	146541766	LINE/L2	663	-	48	146541719	2808
chr1	146538911	146738911	harbor1	chr1	146542071	146542248	LINE/L2	663	-	88	146542159	3248
chr1	146538911	146738911	harbor1	chr1	146544461	146545226	LINE/L2	801	-	382	146544843	5932
chr1	144643139	144843139	harbor1	chr1	144658910	144659676	LINE/L2	867	-	383	144659293	16154
chr1	144643139	144843139	harbor1	chr1	144680593	144680784	LINE/L2	730	-	96	144680689	37550
chr1	144643139	144843139	harbor1	chr1	144681092	144681573	LINE/L2	730	-	240	144681332	38193
chr1	144643139	144843139	harbor1	chr1	144693773	144694207	LINE/L2	602	-	217	144693990	50851
chr1	144643139	144843139	harbor1	chr1	144733373	144733780	LINE/L2	536	-	204	144733577	90438
chr1	144643139	144843139	harbor1	chr1	144741954	144742660	LINE/L2	488	-	353	144742307	99168
chr1	234880125	235080125	harbor1	chr1	234883800	234884542	LINE/L2	502	-	371	234884171	4046
chr1	234880125	235080125	harbor1	chr1	234914639	234914893	LINE/L2	467	-	127	234914766	34641
chr1	234880125	235080125	harbor1	chr1	234945058	234945601	LINE/L2	403	-	272	234945330	65205
chr1	246725797	246925797	harbor1	chr1	246727403	246727999	LINE/L2	1088	-	298	246727701	1904
chr1	57953272	58153272	harbor1	chr1	57957074	57957730	LINE/L2	1932	-	328	57957402	4130
chr1	57953272	58153272	harbor1	chr1	57963090	57963372	LINE/L2	403	-	141	57963231	9959
chr1	57953272	58153272	harbor1	chr1	57974886	57974989	LINE/L2	457	-	52	57974938	21666
chr1	57953272	58153272	harbor1	chr1	57975323	57975601	LINE/L2	457	-	139	57975462	22190
chr1	57953272	58153272	harbor1	chr1	58038068	58038361	LINE/L2	515	-	146	58038214	84942
chr1	57953272	58153272	harbor1	chr1	58049766	58050505	LINE/L2	428	-	370	58050136	96864
chr1	63234272	63434272	harbor1	chr1	63299813	63299933	LINE/L2	596	-	60	63299873	65601
chr1	63234272	63434272	harbor1	chr1	63314831	63314959	LINE/L2	427	-	64	63314895	80623
chr1	20233635	20433635	harbor1	chr1	20238408	20238423	LINE/L2	426	-	8	20238416	4781
chr1	20233635	20433635	harbor1	chr1	20238729	20238939	LINE/L2	426	-	105	20238834	5199
chr1	20233635	20433635	harbor1	chr1	20240439	20240904	LINE/L2	649	-	232	20240671	7036
chr1	20233635	20433635	harbor1	chr1	20244826	20245289	LINE/L2	695	-	232	20245058	11423
chr1	20233635	20433635	harbor1	chr1	20246212	20246453	LINE/L2	587	-	120	20246332	12697
chr1	20233635	20433635	harbor1	chr1	20279436	20279939	LINE/L2	397	-	252	20279688	46053
chr1	20233635	20433635	harbor1	chr1	20296990	20297116	LINE/L2	513	-	63	20297053	63418
chr1	20233635	20433635	harbor1	chr1	20304960	20305222	LINE/L2	1040	-	131	20305091	71456
chr1	20233635	20433635	harbor1	chr1	20305947	20306259	LINE/L2	839	-	156	20306103	72468
chr1	20233635	20433635	harbor1	chr1	20309386	20309907	LINE/L2	566	-	260	20309646	76011
chr1	20233635	20433635	harbor1	chr1	20309957	20310048	LINE/L2	566	-	46	20310003	76368
chr1	20233635	20433635	harbor1	chr1	20314866	20315239	LINE/L2	463	-	186	20315052	81417
chr1	20233635	20433635	harbor1	chr1	20315502	20315803	LINE/L2	510	-	150	20315652	82017
chr1	20233635	20433635	harbor1	chr1	20321609	20322262	LINE/L2	897	-	326	20321935	88300
chr1	20233635	20433635	harbor1	chr1	20283129	20283793	LINE/L2	650	-	332	20283461	49826
chr1	243362060	243562060	harbor1	chr1	243381654	243382326	LINE/L2	474	-	336	243381990	19930
chr1	243362060	243562060	harbor1	chr1	243408198	243408317	LINE/L2	470	-	60	243408258	46198
chr1	243362060	243562060	harbor1	chr1	243430135	243430432	LINE/L2	659	-	148	243430283	68223
chr1	243362060	243562060	harbor1	chr1	243430737	243430916	LINE/L2	659	-	90	243430827	68767
chr1	243362060	243562060	harbor1	chr1	243431219	243431554	LINE/L2	659	-	168	243431387	69327
chr1	180386978	180586978	harbor1	chr1	180437694	180437946	LINE/L2	670	-	126	180437820	50842
chr1	180386978	180586978	harbor1	chr1	180480018	180480612	LINE/L2	634	-	297	180480315	93337
chr1	86515139	86715139	harbor1	chr1	86522368	86522702	LINE/L2	493	-	167	86522535	7396
chr1	86515139	86715139	harbor1	chr1	86549019	86549901	LINE/L2	600	-	441	86549460	34321
chr1	86515139	86715139	harbor1	chr1	86569068	86569605	LINE/L2	401	-	268	86569336	54197
chr1	12327930	12527930	harbor1	chr1	12383700	12383879	LINE/L2	565	-	90	12383790	55860
chr1	12327930	12527930	harbor1	chr1	12383925	12384535	LINE/L2	1025	-	305	12384230	56300
chr1	12327930	12527930	harbor1	chr1	12397531	12398157	LINE/L2	638	-	313	12397844	69914
chr1	29824900	30024900	harbor1	chr1	29881858	29882313	LINE/L2	827	-	228	29882086	57186
chr1	29824900	30024900	harbor1	chr1	29918593	29918922	LINE/L2	699	-	164	29918757	93857
chr1	29824900	30024900	harbor1	chr1	29924708	29924896	LINE/L2	401	-	94	29924802	99902
chr1	198909367	199109367	harbor1	chr1	198970206	198970702	LINE/L2	588	-	248	198970454	61087
chr1	198909367	199109367	harbor1	chr1	198986738	198987281	LINE/L2	864	-	272	198987010	77643
chr1	91339465	91539465	harbor1	chr1	91345199	91345519	LINE/L2	743	-	160	91345359	5894
chr1	91339465	91539465	harbor1	chr1	91373869	91375086	LINE/L2	1661	-	608	91374477	35012
chr1	91339465	91539465	harbor1	chr1	91431354	91431553	LINE/L2	529	-	100	91431454	91989
chr1	41310941	41510941	harbor1	chr1	41324997	41325291	LINE/L2	424	-	147	41325144	14203
chr1	41310941	41510941	harbor1	chr1	41325514	41325665	LINE/L2	412	-	76	41325590	14649
chr1	41310941	41510941	harbor1	chr1	41326495	41326738	LINE/L2	910	-	122	41326617	15676
chr1	41310941	41510941	harbor1	chr1	41327092	41327284	LINE/L2	910	-	96	41327188	16247
chr1	41310941	41510941	harbor1	chr1	41357109	41357233	LINE/L2	425	-	62	41357171	46230
chr1	41310941	41510941	harbor1	chr1	41376732	41377035	LINE/L2	786	-	152	41376884	65943
chr1	41310941	41510941	harbor1	chr1	41377060	41377274	LINE/L2	450	-	107	41377167	66226
chr1	41310941	41510941	harbor1	chr1	41384213	41384642	LINE/L2	567	-	214	41384427	73486
chr1	41310941	41510941	harbor1	chr1	41410484	41410956	LINE/L2	494	-	236	41410720	99779
chr1	19214228	19414228	harbor1	chr1	19253140	19253658	LINE/L2	710	-	259	19253399	39171
chr1	161019032	161219032	harbor1	chr1	161025071	161025258	LINE/L2	613	-	94	161025165	6133
chr1	161019032	161219032	harbor1	chr1	161025548	161025796	LINE/L2	613	-	124	161025672	6640
chr1	161019032	161219032	harbor1	chr1	161092375	161092502	LINE/L2	461	-	64	161092439	73407
chr1	81043063	81243063	harbor1	chr1	81095036	81095928	LINE/L2	1291	-	446	81095482	52419
chr1	81043063	81243063	harbor1	chr1	81112618	81113244	LINE/L2	584	-	313	81112931	69868
chr1	167197897	167397897	harbor1	chr1	167213723	167214158	LINE/L2	449	-	218	167213941	16044
chr1	167197897	167397897	harbor1	chr1	167231560	167231915	LINE/L2	578	-	178	167231738	33841
chr1	167197897	167397897	harbor1	chr1	167264252	167264597	LINE/L2	689	-	172	167264424	66527
chr1	64621335	64821335	harbor1	chr1	64621458	64621953	LINE/L2	402	-	248	64621706	371
chr1	64621335	64821335	harbor1	chr1	64712769	64713770	LINE/L2	1707	-	500	64713269	91934
chr1	21729520	21929520	harbor1	chr1	21811591	21811978	LINE/L2	678	-	194	21811785	82265
chr1	20683133	20883133	harbor1	chr1	20698840	20698945	LINE/L2	522	-	52	20698892	15759
chr1	20683133	20883133	harbor1	chr1	20699249	20699274	LINE/L2	522	-	12	20699261	16128
chr1	20683133	20883133	harbor1	chr1	20699583	20700061	LINE/L2	1184	-	239	20699822	16689
chr1	20683133	20883133	harbor1	chr1	20700371	20700589	LINE/L2	1184	-	109	20700480	17347
chr1	20683133	20883133	harbor1	chr1	20701462	20701959	LINE/L2	698	-	248	20701710	18577
chr1	20683133	20883133	harbor1	chr1	20728153	20728454	LINE/L2	451	-	150	20728303	45170
chr1	20683133	20883133	harbor1	chr1	20759673	20759880	LINE/L2	1823	-	104	20759777	76644
chr1	20683133	20883133	harbor1	chr1	20760187	20760258	LINE/L2	1823	-	36	20760223	77090
chr1	20683133	20883133	harbor1	chr1	20760855	20761040	LINE/L2	1823	-	92	20760947	77814
chr1	20683133	20883133	harbor1	chr1	20761341	20761802	LINE/L2	1823	-	230	20761571	78438
chr1	20683133	20883133	harbor1	chr1	20761924	20762062	LINE/L2	445	-	69	20761993	78860
chr1	210239567	210439567	harbor1	chr1	210267498	210267661	LINE/L2	1209	-	82	210267580	28013
chr1	210239567	210439567	harbor1	chr1	210267970	210268296	LINE/L2	1209	-	163	210268133	28566
chr1	210239567	210439567	harbor1	chr1	210287948	210288214	LINE/L2	715	-	133	210288081	48514
chr1	210239567	210439567	harbor1	chr1	210288235	210288630	LINE/L2	826	-	198	210288433	48866
chr1	208585659	208785659	harbor1	chr1	208602616	208602773	LINE/L2	417	-	78	208602694	17035
chr1	208585659	208785659	harbor1	chr1	208608229	208608599	LINE/L2	820	-	185	208608414	22755
chr1	208585659	208785659	harbor1	chr1	208608997	208609091	LINE/L2	820	-	47	208609044	23385
chr1	208585659	208785659	harbor1	chr1	208654618	208654734	LINE/L2	404	-	58	208654676	69017
chr1	208585659	208785659	harbor1	chr1	208670057	208670692	LINE/L2	874	-	318	208670375	84716
chr1	30310228	30510228	harbor1	chr1	30323160	30323424	LINE/L2	526	-	132	30323292	13064
chr1	30310228	30510228	harbor1	chr1	30338171	30338537	LINE/L2	965	-	183	30338354	28126
chr1	30310228	30510228	harbor1	chr1	30339161	30339508	LINE/L2	667	-	174	30339335	29107
chr1	30310228	30510228	harbor1	chr1	30354856	30355283	LINE/L2	1316	-	214	30355070	44842
chr1	30310228	30510228	harbor1	chr1	30355327	30355690	LINE/L2	1445	-	182	30355509	45281
chr1	30310228	30510228	harbor1	chr1	30355994	30356111	LINE/L2	1445	-	58	30356052	45824
chr1	100433486	100633486	harbor1	chr1	100434357	100434928	LINE/L2	904	-	286	100434643	1157
chr1	100433486	100633486	harbor1	chr1	100435116	100435321	LINE/L2	904	-	102	100435218	1732
chr1	100433486	100633486	harbor1	chr1	100496953	100497402	LINE/L2	582	-	224	100497177	63691
chr1	114064873	114264873	harbor1	chr1	114064509	114064946	LINE/L2	676	-	218	114064727	146
chr1	114064873	114264873	harbor1	chr1	114077033	114077418	LINE/L2	563	-	192	114077225	12352
chr1	114064873	114264873	harbor1	chr1	114104690	114104831	LINE/L2	685	-	70	114104760	39887
chr1	114064873	114264873	harbor1	chr1	114105039	114105238	LINE/L2	685	-	100	114105139	40266
chr1	75520638	75720638	harbor1	chr1	75549510	75550074	LINE/L2	774	-	282	75549792	29154
chr1	75520638	75720638	harbor1	chr1	75599507	75600265	LINE/L2	461	-	379	75599886	79248
chr1	101073825	101273825	harbor1	chr1	101084882	101085358	LINE/L2	623	-	238	101085120	11295
chr1	101073825	101273825	harbor1	chr1	101155757	101155890	LINE/L2	397	-	66	101155823	81998
chr1	101073825	101273825	harbor1	chr1	101156966	101157137	LINE/L2	428	-	86	101157052	83227
chr1	186798454	186998454	harbor1	chr1	186836997	186837447	LINE/L2	909	-	225	186837222	38768
chr1	186798454	186998454	harbor1	chr1	186837767	186838284	LINE/L2	909	-	258	186838025	39571
chr1	186798454	186998454	harbor1	chr1	186849190	186849488	LINE/L2	454	-	149	186849339	50885
chr1	186798454	186998454	harbor1	chr1	186852090	186852354	LINE/L2	643	-	132	186852222	53768
chr1	186798454	186998454	harbor1	chr1	186856765	186856955	LINE/L2	413	-	95	186856860	58406
chr1	85034057	85234057	harbor1	chr1	85055622	85056232	LINE/L2	1378	-	305	85055927	21870
chr1	85034057	85234057	harbor1	chr1	85056235	85056374	LINE/L2	473	-	70	85056305	22248
chr1	85034057	85234057	harbor1	chr1	85059435	85059766	LINE/L2	519	-	166	85059601	25544
chr1	85034057	85234057	harbor1	chr1	85073636	85073920	LINE/L2	909	-	142	85073778	39721
chr1	85034057	85234057	harbor1	chr1	85120066	85120455	LINE/L2	558	-	194	85120260	86203
chr1	84880410	85080410	harbor1	chr1	84954736	84954941	LINE/L2	785	-	102	84954838	74428
chr1	84880410	85080410	harbor1	chr1	84955313	84955746	LINE/L2	785	-	216	84955529	75119
chr1	143779381	143979381	harbor1	chr1	143839039	143839195	LINE/L2	452	-	78	143839117	59736
chr1	183261703	183461703	harbor1	chr1	183308936	183309024	LINE/L2	454	-	44	183308980	47277
chr1	183261703	183461703	harbor1	chr1	183309300	183309425	LINE/L2	454	-	62	183309362	47659
chr1	183261703	183461703	harbor1	chr1	183325847	183326093	LINE/L2	454	-	123	183325970	64267
chr1	183261703	183461703	harbor1	chr1	183326402	183326614	LINE/L2	454	-	106	183326508	64805
chr1	57200868	57400868	harbor1	chr1	57201603	57201684	LINE/L2	433	-	40	57201643	775
chr1	57200868	57400868	harbor1	chr1	57227273	57227478	LINE/L2	561	-	102	57227375	26507
chr1	57200868	57400868	harbor1	chr1	57232404	57232522	LINE/L2	398	-	59	57232463	31595
chr1	57200868	57400868	harbor1	chr1	57259237	57259616	LINE/L2	406	-	190	57259427	58559
chr1	57200868	57400868	harbor1	chr1	57264206	57264434	LINE/L2	421	-	114	57264320	63452
chr1	57200868	57400868	harbor1	chr1	57270632	57270742	LINE/L2	461	-	55	57270687	69819
chr1	57200868	57400868	harbor1	chr1	57271480	57271759	LINE/L2	417	-	140	57271620	70752
chr1	57200868	57400868	harbor1	chr1	57281086	57281866	LINE/L2	609	-	390	57281476	80608
chr1	213370308	213570308	harbor1	chr1	213399123	213399394	LINE/L2	492	-	136	213399259	28951
chr1	213370308	213570308	harbor1	chr1	213453201	213453646	LINE/L2	670	-	222	213453423	83115
chr1	213370308	213570308	harbor1	chr1	213455232	213455749	LINE/L2	528	-	258	213455490	85182
chr1	151380398	151580398	harbor1	chr1	151460943	151460971	LINE/L2	513	-	14	151460957	80559
chr1	151380398	151580398	harbor1	chr1	151461543	151461672	LINE/L2	513	-	64	151461607	81209
chr1	151380398	151580398	harbor1	chr1	151462166	151462340	LINE/L2	461	-	87	151462253	81855
chr1	151380398	151580398	harbor1	chr1	151462346	151462584	LINE/L2	934	-	119	151462465	82067
chr1	177386307	177586307	harbor1	chr1	177394402	177394763	LINE/L2	537	-	180	177394582	8275
chr1	177386307	177586307	harbor1	chr1	177394905	177395312	LINE/L2	562	-	204	177395109	8802
chr1	177386307	177586307	harbor1	chr1	177395875	177397117	LINE/L2	1525	-	621	177396496	10189
chr1	177386307	177586307	harbor1	chr1	177410555	177411238	LINE/L2	2043	-	342	177410897	24590
chr1	177386307	177586307	harbor1	chr1	177441734	177441945	LINE/L2	488	-	106	177441840	55533
chr1	177386307	177586307	harbor1	chr1	177482526	177482746	LINE/L2	426	-	110	177482636	96329
chr1	169640374	169840374	harbor1	chr1	169641754	169642055	LINE/L2	480	-	150	169641904	1530
chr1	169640374	169840374	harbor1	chr1	169721825	169722059	LINE/L2	668	-	117	169721942	81568
chr1	74821167	75021167	harbor1	chr1	74843778	74844629	LINE/L2	1781	-	426	74844204	23037
chr1	74821167	75021167	harbor1	chr1	74859388	74859707	LINE/L2	449	-	160	74859548	38381
chr1	74821167	75021167	harbor1	chr1	74860684	74861143	LINE/L2	1587	-	230	74860914	39747
chr1	74821167	75021167	harbor1	chr1	74861385	74861565	LINE/L2	526	-	90	74861475	40308
chr1	74821167	75021167	harbor1	chr1	74894685	74894876	LINE/L2	481	-	96	74894781	73614
chr1	111776442	111976442	harbor1	chr1	111787197	111787732	LINE/L2	937	-	268	111787465	11023
chr1	111776442	111976442	harbor1	chr1	111797440	111798031	LINE/L2	633	-	296	111797736	21294
chr1	111776442	111976442	harbor1	chr1	111863426	111864115	LINE/L2	726	-	344	111863770	87328
chr1	111776442	111976442	harbor1	chr1	111871037	111872071	LINE/L2	587	-	517	111871554	95112
chr1	182483020	182683020	harbor1	chr1	182521394	182521628	LINE/L2	587	-	117	182521511	38491
chr1	182483020	182683020	harbor1	chr1	182538826	182538999	LINE/L2	435	-	86	182538912	55892
chr1	215877363	216077363	harbor1	chr1	215902395	215902941	LINE/L2	1159	-	273	215902668	25305
chr1	215877363	216077363	harbor1	chr1	215903308	215903888	LINE/L2	827	-	290	215903598	26235
chr1	215877363	216077363	harbor1	chr1	215931683	215931979	LINE/L2	603	-	148	215931831	54468
chr1	200599653	200799653	harbor1	chr1	200659164	200659539	LINE/L2	537	-	188	200659352	59699
chr1	200599653	200799653	harbor1	chr1	200674974	200675322	LINE/L2	707	-	174	200675148	75495
chr1	200599653	200799653	harbor1	chr1	200681394	200682132	LINE/L2	3057	-	369	200681763	82110
chr1	200599653	200799653	harbor1	chr1	200682430	200683183	LINE/L2	3057	-	376	200682806	83153
chr1	62586261	62786261	harbor1	chr1	62589932	62590438	LINE/L2	442	-	253	62590185	3924
chr1	62586261	62786261	harbor1	chr1	62617282	62617471	LINE/L2	528	-	94	62617376	31115
chr1	62586261	62786261	harbor1	chr1	62617810	62618087	LINE/L2	618	-	138	62617948	31687
chr1	62586261	62786261	harbor1	chr1	62661662	62661955	LINE/L2	1042	-	146	62661808	75547
chr1	18277025	18477025	harbor1	chr1	18297370	18297574	LINE/L2	701	-	102	18297472	20447
chr1	18277025	18477025	harbor1	chr1	18297896	18298160	LINE/L2	701	-	132	18298028	21003
chr1	18277025	18477025	harbor1	chr1	18304007	18304397	LINE/L2	486	-	195	18304202	27177
chr1	18277025	18477025	harbor1	chr1	18340130	18340362	LINE/L2	423	-	116	18340246	63221
chr1	18277025	18477025	harbor1	chr1	18353391	18353860	LINE/L2	550	-	234	18353625	76600
chr1	18277025	18477025	harbor1	chr1	18353940	18354385	LINE/L2	528	-	222	18354162	77137
chr1	73772867	73972867	harbor1	chr1	73825183	73825522	LINE/L2	401	-	170	73825353	52486
chr1	56106842	56306842	harbor1	chr1	56117517	56118484	LINE/L2	892	-	484	56118001	11159
chr1	56106842	56306842	harbor1	chr1	56132817	56133093	LINE/L2	648	-	138	56132955	26113
chr1	56106842	56306842	harbor1	chr1	56158753	56159459	LINE/L2	411	-	353	56159106	52264
chr1	56106842	56306842	harbor1	chr1	56167270	56167739	LINE/L2	414	-	234	56167504	60662
chr1	56106842	56306842	harbor1	chr1	56181070	56181527	LINE/L2	1254	-	228	56181298	74456
chr1	56106842	56306842	harbor1	chr1	56181528	56182294	LINE/L2	1711	-	383	56181911	75069
chr1	8176042	8376042	harbor1	chr1	8228088	8228541	LINE/L2	460	-	226	8228314	52272
chr1	8176042	8376042	harbor1	chr1	8235189	8235388	LINE/L2	484	-	100	8235289	59247
chr1	8176042	8376042	harbor1	chr1	8257163	8257379	LINE/L2	549	-	108	8257271	81229
chr1	8176042	8376042	harbor1	chr1	8257411	8257979	LINE/L2	610	-	284	8257695	81653
chr1	89545136	89745136	harbor1	chr1	89549022	89549214	LINE/L2	480	-	96	89549118	3982
chr1	89545136	89745136	harbor1	chr1	89629657	89629867	LINE/L2	395	-	105	89629762	84626
chr1	238425333	238625333	harbor1	chr1	238523234	238523591	LINE/L2	1119	-	178	238523412	98079
chr1	238425333	238625333	harbor1	chr1	238523984	238524366	LINE/L2	1119	-	191	238524175	98842
chr1	35528163	35728163	harbor1	chr1	35545578	35545632	LINE/L2	730	-	27	35545605	17442
chr1	35528163	35728163	harbor1	chr1	35545910	35546527	LINE/L2	730	-	308	35546218	18055
chr1	35528163	35728163	harbor1	chr1	35568048	35568260	LINE/L2	702	-	106	35568154	39991
chr1	35528163	35728163	harbor1	chr1	35568391	35568901	LINE/L2	702	-	255	35568646	40483
chr1	35528163	35728163	harbor1	chr1	35603397	35603508	LINE/L2	513	-	56	35603453	75290
chr1	201697635	201897635	harbor1	chr1	201733532	201734098	LINE/L2	1179	-	283	201733815	36180
chr1	201697635	201897635	harbor1	chr1	201744350	201744565	LINE/L2	443	-	108	201744458	46823
chr1	211077993	211277993	harbor1	chr1	211084831	211085322	LINE/L2	978	-	246	211085077	7084
chr1	211077993	211277993	harbor1	chr1	211103756	211104312	LINE/L2	545	-	278	211104034	26041
chr1	211077993	211277993	harbor1	chr1	211138917	211139077	LINE/L2	470	-	80	211138997	61004
chr1	211077993	211277993	harbor1	chr1	211176390	211176648	LINE/L2	510	-	129	211176519	98526
chr1	79018502	79218502	harbor1	chr1	79062568	79062717	LINE/L2	517	-	74	79062642	44140
chr1	79018502	79218502	harbor1	chr1	79113966	79114314	LINE/L2	796	-	174	79114140	95638
chr1	79018502	79218502	harbor1	chr1	79116424	79117054	LINE/L2	1407	-	315	79116739	98237
chr1	113898330	114098330	harbor1	chr1	113939401	113939612	LINE/L2	420	-	106	113939507	41177
chr1	37338604	37538604	harbor1	chr1	37416412	37416709	LINE/L2	704	-	148	37416560	77956
chr1	1820966	2020966	harbor1	chr1	1867348	1867460	LINE/L2	604	-	56	1867404	46438
chr1	180571269	180771269	harbor1	chr1	180615853	180616162	LINE/L2	472	-	154	180616007	44738
chr1	180571269	180771269	harbor1	chr1	180616756	180617112	LINE/L2	428	-	178	180616934	45665
chr1	226469013	226669013	harbor1	chr1	226556270	226556486	LINE/L2	469	-	108	226556378	87365
chr1	85292850	85492850	harbor1	chr1	85296916	85297245	LINE/L2	497	-	164	85297080	4230
chr1	85292850	85492850	harbor1	chr1	85369605	85370021	LINE/L2	1399	-	208	85369813	76963
chr1	85292850	85492850	harbor1	chr1	85370375	85370934	LINE/L2	1399	-	280	85370655	77805
chr1	243644433	243844433	harbor1	chr1	243668197	243668900	LINE/L2	1876	-	352	243668549	24116
chr1	243644433	243844433	harbor1	chr1	243675938	243676386	LINE/L2	940	-	224	243676162	31729
chr1	243644433	243844433	harbor1	chr1	243690931	243692102	LINE/L2	678	-	586	243691517	47084
chr1	243644433	243844433	harbor1	chr1	243728888	243729405	LINE/L2	467	-	258	243729146	84713
chr2	76860619	77060619	harbor1	chr2	76899194	76899311	LINE/L2	1058	-	58	76899252	38633
chr2	76860619	77060619	harbor1	chr2	76899354	76899657	LINE/L2	1058	-	152	76899506	38887
chr2	227169988	227369988	harbor1	chr2	227188758	227189492	LINE/L2	634	-	367	227189125	19137
chr2	227169988	227369988	harbor1	chr2	227222495	227222789	LINE/L2	450	-	147	227222642	52654
chr2	227169988	227369988	harbor1	chr2	227249937	227250031	LINE/L2	1005	-	47	227249984	79996
chr2	227169988	227369988	harbor1	chr2	227250387	227250403	LINE/L2	1005	-	8	227250395	80407
chr2	227169988	227369988	harbor1	chr2	227250522	227250830	LINE/L2	1005	-	154	227250676	80688
chr2	6170728	6370728	harbor1	chr2	6179644	6180070	LINE/L2	605	-	213	6179857	9129
chr2	6170728	6370728	harbor1	chr2	6188508	6188963	LINE/L2	420	-	228	6188736	18008
chr2	6170728	6370728	harbor1	chr2	6189191	6190312	LINE/L2	894	-	560	6189751	19023
chr2	6170728	6370728	harbor1	chr2	6262416	6262976	LINE/L2	451	-	280	6262696	91968
chr2	6170728	6370728	harbor1	chr2	6263318	6264921	LINE/L2	1115	-	802	6264120	93392
chr2	167134294	167334294	harbor1	chr2	167141288	167141601	LINE/L2	805	-	156	167141444	7150
chr2	167134294	167334294	harbor1	chr2	167143123	167143433	LINE/L2	480	-	155	167143278	8984
chr2	167134294	167334294	harbor1	chr2	167232891	167233501	LINE/L2	400	-	305	167233196	98902
chr2	46774189	46974189	harbor1	chr2	46830907	46831053	LINE/L2	443	-	73	46830980	56791
chr2	46774189	46974189	harbor1	chr2	46839623	46839934	LINE/L2	416	-	156	46839779	65590
chr2	46774189	46974189	harbor1	chr2	46868241	46868517	LINE/L2	451	-	138	46868379	94190
chr2	21985456	22185456	harbor1	chr2	21997051	21997690	LINE/L2	430	-	320	21997371	11915
chr2	51912419	52112419	harbor1	chr2	51930244	51930334	LINE/L2	420	-	45	51930289	17870
chr2	51912419	52112419	harbor1	chr2	51930415	51930877	LINE/L2	1086	-	231	51930646	18227
chr2	51912419	52112419	harbor1	chr2	51956489	51956960	LINE/L2	485	-	236	51956725	44306
chr2	51912419	52112419	harbor1	chr2	51966544	51967090	LINE/L2	981	-	273	51966817	54398
chr2	51912419	52112419	harbor1	chr2	51967390	51967489	LINE/L2	518	-	50	51967440	55021
chr2	12008144	12208144	harbor1	chr2	12059970	12060362	LINE/L2	595	-	196	12060166	52022
chr2	12008144	12208144	harbor1	chr2	12089209	12089929	LINE/L2	907	-	360	12089569	81425
chr2	228757478	228957478	harbor1	chr2	228773333	228773726	LINE/L2	901	-	196	228773529	16051
chr2	228757478	228957478	harbor1	chr2	228774880	228775258	LINE/L2	982	-	189	228775069	17591
chr2	228757478	228957478	harbor1	chr2	228787223	228787669	LINE/L2	478	-	223	228787446	29968
chr2	228757478	228957478	harbor1	chr2	228799581	228800213	LINE/L2	749	-	316	228799897	42419
chr2	196739891	196939891	harbor1	chr2	196804235	196804388	LINE/L2	550	-	76	196804311	64420
chr2	196739891	196939891	harbor1	chr2	196810768	196811943	LINE/L2	1143	-	588	196811356	71465
chr2	42983160	43183160	harbor1	chr2	43001646	43001916	LINE/L2	498	-	135	43001781	18621
chr2	42983160	43183160	harbor1	chr2	43015358	43015629	LINE/L2	578	-	136	43015494	32334
chr2	42983160	43183160	harbor1	chr2	43017812	43018510	LINE/L2	434	-	349	43018161	35001
chr2	151693818	151893818	harbor1	chr2	151764340	151764765	LINE/L2	705	-	212	151764552	70734
chr2	210988091	211188091	harbor1	chr2	211071670	211071936	LINE/L2	442	-	133	211071803	83712
chr2	210988091	211188091	harbor1	chr2	211009191	211009630	LINE/L2	669	-	220	211009411	21320
chr2	177966827	178166827	harbor1	chr2	178016516	178016960	LINE/L2	594	-	222	178016738	49911
chr2	177966827	178166827	harbor1	chr2	178019607	178019857	LINE/L2	431	-	125	178019732	52905
chr2	177966827	178166827	harbor1	chr2	178021648	178022452	LINE/L2	734	-	402	178022050	55223
chr2	177966827	178166827	harbor1	chr2	178048077	178048300	LINE/L2	684	-	112	178048189	81362
chr2	177966827	178166827	harbor1	chr2	178049208	178049359	LINE/L2	433	-	76	178049284	82457
chr2	177966827	178166827	harbor1	chr2	178058636	178058851	LINE/L2	457	-	108	178058744	91917
chr2	48504407	48704407	harbor1	chr2	48517331	48517442	LINE/L2	430	-	56	48517387	12980
chr2	48504407	48704407	harbor1	chr2	48594453	48594721	LINE/L2	664	-	134	48594587	90180
chr2	48504407	48704407	harbor1	chr2	48601253	48601898	LINE/L2	2589	-	322	48601575	97168
chr2	48504407	48704407	harbor1	chr2	48602259	48602965	LINE/L2	2589	-	353	48602612	98205
chr2	219367382	219567382	harbor1	chr2	219397510	219397714	LINE/L2	646	-	102	219397612	30230
chr2	123804371	124004371	harbor1	chr2	123874949	123875156	LINE/L2	867	-	104	123875053	70682
chr2	123804371	124004371	harbor1	chr2	123875518	123875913	LINE/L2	867	-	198	123875716	71345
chr2	123804371	124004371	harbor1	chr2	123876090	123876351	LINE/L2	475	-	130	123876220	71849
chr2	182098878	182298878	harbor1	chr2	182104969	182105570	LINE/L2	924	-	300	182105269	6391
chr2	182098878	182298878	harbor1	chr2	182128078	182128285	LINE/L2	408	-	104	182128182	29304
chr2	104968275	105168275	harbor1	chr2	104989581	104989874	LINE/L2	719	-	146	104989727	21452
chr2	104968275	105168275	harbor1	chr2	104990188	104991081	LINE/L2	1951	-	446	104990634	22359
chr2	104968275	105168275	harbor1	chr2	105022219	105022319	LINE/L2	416	-	50	105022269	53994
chr2	104968275	105168275	harbor1	chr2	105038783	105039207	LINE/L2	630	-	212	105038995	70720
chr2	131662940	131862940	harbor1	chr2	131734260	131734836	LINE/L2	1044	-	288	131734548	71608
chr2	131662940	131862940	harbor1	chr2	131742491	131743652	LINE/L2	1957	-	580	131743071	80131
chr2	120304716	120504716	harbor1	chr2	120364106	120364243	LINE/L2	411	-	68	120364174	59458
chr2	120304716	120504716	harbor1	chr2	120365747	120366334	LINE/L2	701	-	294	120366041	61325
chr2	120304716	120504716	harbor1	chr2	120387185	120387392	LINE/L2	744	-	104	120387289	82573
chr2	183461566	183661566	harbor1	chr2	183559169	183559297	LINE/L2	539	-	64	183559233	97667
chr2	183461566	183661566	harbor1	chr2	183559448	183560157	LINE/L2	1872	-	354	183559802	98236
chr2	206499367	206699367	harbor1	chr2	206544389	206544609	LINE/L2	661	-	110	206544499	45132
chr2	206499367	206699367	harbor1	chr2	206544856	206545099	LINE/L2	572	-	122	206544978	45611
chr2	206499367	206699367	harbor1	chr2	206574892	206575148	LINE/L2	466	-	128	206575020	75653
chr2	206499367	206699367	harbor1	chr2	206585656	206586558	LINE/L2	1269	-	451	206586107	86740
chr2	10400980	10600980	harbor1	chr2	10407456	10407797	LINE/L2	672	-	170	10407626	6646
chr2	16903119	17103119	harbor1	chr2	16967333	16967763	LINE/L2	440	-	215	16967548	64429
chr2	16903119	17103119	harbor1	chr2	16971697	16973108	LINE/L2	1272	-	706	16972403	69284
chr2	129595732	129795732	harbor1	chr2	129611972	129612087	LINE/L2	514	-	58	129612030	16298
chr2	129595732	129795732	harbor1	chr2	129625517	129625940	LINE/L2	441	-	212	129625729	29997
chr2	129595732	129795732	harbor1	chr2	129626195	129626729	LINE/L2	860	-	267	129626462	30730
chr2	129595732	129795732	harbor1	chr2	129627136	129627609	LINE/L2	580	-	236	129627372	31640
chr2	189955639	190155639	harbor1	chr2	189977546	189977761	LINE/L2	688	-	108	189977654	22015
chr2	189955639	190155639	harbor1	chr2	190008641	190008730	LINE/L2	767	-	44	190008685	53046
chr2	189955639	190155639	harbor1	chr2	190008772	190010493	LINE/L2	3131	-	860	190009632	53993
chr2	189955639	190155639	harbor1	chr2	190030803	190031020	LINE/L2	442	-	108	190030911	75272
chr2	22832731	23032731	harbor1	chr2	22866206	22866714	LINE/L2	2507	-	254	22866460	33729
chr2	22832731	23032731	harbor1	chr2	22866813	22867303	LINE/L2	2507	-	245	22867058	34327
chr2	22832731	23032731	harbor1	chr2	22877474	22877632	LINE/L2	443	-	79	22877553	44822
chr2	22832731	23032731	harbor1	chr2	22887535	22887795	LINE/L2	456	-	130	22887665	54934
chr2	144650612	144850612	harbor1	chr2	144698434	144698701	LINE/L2	609	-	134	144698568	47956
chr2	144650612	144850612	harbor1	chr2	144698781	144699080	LINE/L2	424	-	150	144698931	48319
chr2	144650612	144850612	harbor1	chr2	144699711	144700657	LINE/L2	1741	-	473	144700184	49572
chr2	144650612	144850612	harbor1	chr2	144734456	144734946	LINE/L2	1237	-	245	144734701	84089
chr2	144650612	144850612	harbor1	chr2	144734981	144735724	LINE/L2	1237	-	372	144735353	84741
chr2	35774564	35974564	harbor1	chr2	35830510	35831389	LINE/L2	4749	-	440	35830950	56386
chr2	35774564	35974564	harbor1	chr2	35831888	35833296	LINE/L2	4749	-	704	35832592	58028
chr2	35774564	35974564	harbor1	chr2	35833597	35834293	LINE/L2	3850	-	348	35833945	59381
chr2	228468482	228668482	harbor1	chr2	228500338	228500455	LINE/L2	436	-	58	228500396	31914
chr2	228468482	228668482	harbor1	chr2	228504447	228505473	LINE/L2	1002	-	513	228504960	36478
chr2	228468482	228668482	harbor1	chr2	228505805	228506267	LINE/L2	1002	-	231	228506036	37554
chr2	228468482	228668482	harbor1	chr2	228540498	228541387	LINE/L2	490	-	444	228540942	72460
chr2	228468482	228668482	harbor1	chr2	228542551	228542760	LINE/L2	445	-	104	228542655	74173
chr2	228468482	228668482	harbor1	chr2	228543253	228543777	LINE/L2	1015	-	262	228543515	75033
chr2	31347144	31547144	harbor1	chr2	31399069	31399536	LINE/L2	671	-	234	31399303	52159
chr2	31347144	31547144	harbor1	chr2	31402455	31402605	LINE/L2	521	-	75	31402530	55386
chr2	31347144	31547144	harbor1	chr2	31433433	31434592	LINE/L2	748	-	580	31434013	86869
chr2	31347144	31547144	harbor1	chr2	31434843	31435617	LINE/L2	488	-	387	31435230	88086
chr2	18775325	18975325	harbor1	chr2	18802408	18802984	LINE/L2	630	-	288	18802696	27371
chr2	18775325	18975325	harbor1	chr2	18841119	18841406	LINE/L2	432	-	144	18841263	65938
chr2	62567769	62767769	harbor1	chr2	62602320	62602400	LINE/L2	412	-	40	62602360	34591
chr2	11573956	11773956	harbor1	chr2	11589134	11590169	LINE/L2	494	-	518	11589652	15696
chr2	11573956	11773956	harbor1	chr2	11590857	11591148	LINE/L2	419	-	146	11591003	17047
chr2	94770133	94970133	harbor1	chr2	94791349	94791846	LINE/L2	437	-	248	94791597	21464
chr2	222226995	222426995	harbor1	chr2	222307646	222308000	LINE/L2	440	-	177	222307823	80828
chr2	169953247	170153247	harbor1	chr2	170003466	170003641	LINE/L2	459	-	88	170003554	50307
chr2	169953247	170153247	harbor1	chr2	170025140	170025552	LINE/L2	464	-	206	170025346	72099
chr2	169953247	170153247	harbor1	chr2	170038885	170039163	LINE/L2	423	-	139	170039024	85777
chr2	169953247	170153247	harbor1	chr2	170053008	170053076	LINE/L2	432	-	34	170053042	99795
chr2	169953247	170153247	harbor1	chr2	170000295	170000935	LINE/L2	490	-	320	170000615	47368
chr2	180103780	180303780	harbor1	chr2	180105323	180105944	LINE/L2	666	-	310	180105633	1853
chr2	180103780	180303780	harbor1	chr2	180132563	180132780	LINE/L2	717	-	108	180132671	28891
chr2	77170951	77370951	harbor1	chr2	77205169	77205714	LINE/L2	441	-	272	77205441	34490
chr2	34598659	34798659	harbor1	chr2	34601551	34602011	LINE/L2	401	-	230	34601781	3122
chr2	34598659	34798659	harbor1	chr2	34612130	34612734	LINE/L2	844	-	302	34612432	13773
chr2	45392992	45592992	harbor1	chr2	45403955	45404396	LINE/L2	633	-	220	45404175	11183
chr2	45392992	45592992	harbor1	chr2	45442978	45443628	LINE/L2	825	-	325	45443303	50311
chr2	217859532	218059532	harbor1	chr2	217917290	217917547	LINE/L2	1114	-	128	217917418	57886
chr2	217859532	218059532	harbor1	chr2	217917851	217918187	LINE/L2	1114	-	168	217918019	58487
chr2	217859532	218059532	harbor1	chr2	217931028	217931203	LINE/L2	476	-	88	217931116	71584
chr2	30065287	30265287	harbor1	chr2	30069443	30069787	LINE/L2	666	-	172	30069615	4328
chr2	30065287	30265287	harbor1	chr2	30083860	30084666	LINE/L2	1411	-	403	30084263	18976
chr2	143626257	143826257	harbor1	chr2	143711963	143712673	LINE/L2	771	-	355	143712318	86061
chr2	143626257	143826257	harbor1	chr2	143723623	143723730	LINE/L2	439	-	54	143723677	97420
chr2	143626257	143826257	harbor1	chr2	143703966	143704609	LINE/L2	943	-	322	143704288	78031
chr2	197297994	197497994	harbor1	chr2	197301715	197302399	LINE/L2	1399	-	342	197302057	4063
chr2	197297994	197497994	harbor1	chr2	197311651	197312004	LINE/L2	484	-	176	197311827	13833
chr2	197297994	197497994	harbor1	chr2	197367740	197367955	LINE/L2	842	-	108	197367848	69854
chr2	197297994	197497994	harbor1	chr2	197368250	197368728	LINE/L2	842	-	239	197368489	70495
chr2	214653290	214853290	harbor1	chr2	214748860	214749316	LINE/L2	1047	-	228	214749088	95798
chr2	233118757	233318757	harbor1	chr2	233132717	233132885	LINE/L2	484	-	84	233132801	14044
chr2	233118757	233318757	harbor1	chr2	233133230	233133484	LINE/L2	484	-	127	233133357	14600
chr2	233118757	233318757	harbor1	chr2	233133968	233134444	LINE/L2	421	-	238	233134206	15449
chr2	233118757	233318757	harbor1	chr2	233136612	233136725	LINE/L2	431	-	56	233136668	17911
chr2	233118757	233318757	harbor1	chr2	233145331	233145586	LINE/L2	519	-	128	233145459	26702
chr2	233118757	233318757	harbor1	chr2	233148132	233148581	LINE/L2	528	-	224	233148356	29599
chr2	233118757	233318757	harbor1	chr2	233152386	233153097	LINE/L2	640	-	356	233152742	33985
chr2	233118757	233318757	harbor1	chr2	233179458	233179851	LINE/L2	982	-	196	233179654	60897
chr2	214443970	214643970	harbor1	chr2	214487336	214487775	LINE/L2	434	-	220	214487556	43586
chr2	214443970	214643970	harbor1	chr2	214489286	214489658	LINE/L2	406	-	186	214489472	45502
chr2	214443970	214643970	harbor1	chr2	214524559	214524676	LINE/L2	416	-	58	214524617	80647
chr2	171238831	171438831	harbor1	chr2	171293418	171293728	LINE/L2	478	-	155	171293573	54742
chr2	22667688	22867688	harbor1	chr2	22693771	22693980	LINE/L2	400	-	104	22693875	26187
chr2	22667688	22867688	harbor1	chr2	22718631	22719079	LINE/L2	863	-	224	22718855	51167
chr2	22667688	22867688	harbor1	chr2	22763943	22764123	LINE/L2	567	-	90	22764033	96345
chr2	22667688	22867688	harbor1	chr2	22765155	22766372	LINE/L2	1877	-	608	22765763	98075
chr2	229108911	229308911	harbor1	chr2	229121725	229122053	LINE/L2	884	-	164	229121889	12978
chr2	3731648	3931648	harbor1	chr2	3747708	3748051	LINE/L2	422	-	172	3747880	16232
chr2	3731648	3931648	harbor1	chr2	3748113	3748732	LINE/L2	423	-	310	3748423	16775
chr2	3731648	3931648	harbor1	chr2	3765632	3765886	LINE/L2	605	-	127	3765759	34111
chr2	110650625	110850625	harbor1	chr2	110721182	110721350	LINE/L2	429	-	84	110721266	70641
chr2	162356072	162556072	harbor1	chr2	162392836	162393680	LINE/L2	1198	-	422	162393258	37186
chr2	34046236	34246236	harbor1	chr2	34098098	34099221	LINE/L2	1214	-	562	34098660	52424
chr2	189501373	189701373	harbor1	chr2	189505210	189505605	LINE/L2	516	-	198	189505408	4035
chr2	189501373	189701373	harbor1	chr2	189517248	189517492	LINE/L2	419	-	122	189517370	15997
chr2	189501373	189701373	harbor1	chr2	189529324	189529409	LINE/L2	459	-	42	189529366	27993
chr2	189501373	189701373	harbor1	chr2	189529804	189529931	LINE/L2	459	-	64	189529868	28495
chr2	189501373	189701373	harbor1	chr2	189530297	189531165	LINE/L2	1026	-	434	189530731	29358
chr2	189501373	189701373	harbor1	chr2	189531321	189531779	LINE/L2	516	-	229	189531550	30177
chr2	189501373	189701373	harbor1	chr2	189535533	189535675	LINE/L2	663	-	71	189535604	34231
chr2	189501373	189701373	harbor1	chr2	189565866	189566024	LINE/L2	577	-	79	189565945	64572
chr2	189501373	189701373	harbor1	chr2	189566058	189566205	LINE/L2	577	-	74	189566132	64759
chr2	189501373	189701373	harbor1	chr2	189566420	189567345	LINE/L2	2467	-	462	189566882	65509
chr2	37675894	37875894	harbor1	chr2	37700139	37700376	LINE/L2	504	-	118	37700257	24363
chr2	37675894	37875894	harbor1	chr2	37708665	37708778	LINE/L2	408	-	56	37708721	32827
chr2	37675894	37875894	harbor1	chr2	37708816	37709081	LINE/L2	408	-	132	37708948	33054
chr2	37675894	37875894	harbor1	chr2	37721893	37722026	LINE/L2	407	-	66	37721959	46065
chr2	37675894	37875894	harbor1	chr2	37760196	37760596	LINE/L2	719	-	200	37760396	84502
chr2	37675894	37875894	harbor1	chr2	37761643	37761810	LINE/L2	479	-	84	37761727	85833
chr2	37675894	37875894	harbor1	chr2	37699370	37700122	LINE/L2	407	-	376	37699746	23852
chr2	188891338	189091338	harbor1	chr2	188959232	188959615	LINE/L2	959	-	192	188959424	68086
chr2	179578651	179778651	harbor1	chr2	179583956	179584101	LINE/L2	492	-	72	179584028	5377
chr2	179578651	179778651	harbor1	chr2	179674147	179674310	LINE/L2	438	-	82	179674229	95578
chr2	179578651	179778651	harbor1	chr2	179676528	179676712	LINE/L2	518	-	92	179676620	97969
chr2	169077780	169277780	harbor1	chr2	169147245	169147353	LINE/L2	506	-	54	169147299	69519
chr2	169077780	169277780	harbor1	chr2	169153851	169154167	LINE/L2	429	-	158	169154009	76229
chr2	199086750	199286750	harbor1	chr2	199120312	199120400	LINE/L2	400	-	44	199120356	33606
chr2	199086750	199286750	harbor1	chr2	199143651	199143886	LINE/L2	884	-	118	199143769	57019
chr2	190575386	190775386	harbor1	chr2	190645585	190645694	LINE/L2	505	-	54	190645639	70253
chr2	190597983	190797983	harbor1	chr2	190645585	190645694	LINE/L2	505	-	54	190645639	47656
chr2	190597983	190797983	harbor1	chr2	190686182	190686365	LINE/L2	547	-	92	190686274	88291
chr2	45233566	45433566	harbor1	chr2	45260823	45260915	LINE/L2	441	-	46	45260869	27303
chr2	45233566	45433566	harbor1	chr2	45261077	45261345	LINE/L2	441	-	134	45261211	27645
chr2	45233566	45433566	harbor1	chr2	45313382	45313960	LINE/L2	1250	-	289	45313671	80105
chr2	45233566	45433566	harbor1	chr2	45314150	45314494	LINE/L2	403	-	172	45314322	80756
chr2	45233566	45433566	harbor1	chr2	45314618	45315369	LINE/L2	2473	-	376	45314994	81428
chr2	170846863	171046863	harbor1	chr2	170850208	170850615	LINE/L2	812	-	204	170850412	3549
chr2	54040615	54240615	harbor1	chr2	54040020	54041113	LINE/L2	3293	-	546	54040566	49
chr2	54040615	54240615	harbor1	chr2	54041247	54041742	LINE/L2	3293	-	248	54041495	880
chr2	54040615	54240615	harbor1	chr2	54062979	54063140	LINE/L2	466	-	80	54063059	22444
chr2	54040615	54240615	harbor1	chr2	54129997	54130623	LINE/L2	920	-	313	54130310	89695
chr2	191969839	192169839	harbor1	chr2	191980036	191980344	LINE/L2	572	-	154	191980190	10351
chr2	191969839	192169839	harbor1	chr2	192066999	192067491	LINE/L2	731	-	246	192067245	97406
chr2	18220720	18420720	harbor1	chr2	18239672	18239821	LINE/L2	562	-	74	18239746	19026
chr2	18220720	18420720	harbor1	chr2	18241733	18241973	LINE/L2	474	-	120	18241853	21133
chr2	18220720	18420720	harbor1	chr2	18266461	18266586	LINE/L2	496	-	62	18266523	45803
chr2	18220720	18420720	harbor1	chr2	18305581	18305947	LINE/L2	480	-	183	18305764	85044
chr2	18220720	18420720	harbor1	chr2	18313654	18313923	LINE/L2	447	-	134	18313788	93068
chr2	102050179	102250179	harbor1	chr2	102073183	102073338	LINE/L2	476	-	78	102073261	23082
chr2	102050179	102250179	harbor1	chr2	102127417	102127613	LINE/L2	736	-	98	102127515	77336
chr2	102050179	102250179	harbor1	chr2	102144543	102144655	LINE/L2	463	-	56	102144599	94420
chr2	2388272	2588272	harbor1	chr2	2403564	2403986	LINE/L2	917	-	211	2403775	15503
chr2	2388272	2588272	harbor1	chr2	2424017	2424802	LINE/L2	1092	-	392	2424409	36137
chr2	186354208	186554208	harbor1	chr2	186409265	186409391	LINE/L2	459	-	63	186409328	55120
chr2	223999586	224199586	harbor1	chr2	224002821	224003382	LINE/L2	650	-	280	224003101	3515
chr2	223999586	224199586	harbor1	chr2	224068010	224068228	LINE/L2	863	-	109	224068119	68533
chr2	223999586	224199586	harbor1	chr2	224096112	224096347	LINE/L2	494	-	118	224096230	96644
chr2	223999586	224199586	harbor1	chr2	224096612	224097002	LINE/L2	544	-	195	224096807	97221
chr2	223999586	224199586	harbor1	chr2	224067496	224067836	LINE/L2	863	-	170	224067666	68080
chr2	166610858	166810858	harbor1	chr2	166660453	166660675	LINE/L2	599	-	111	166660564	49706
chr2	166610858	166810858	harbor1	chr2	166671879	166672528	LINE/L2	796	-	324	166672203	61345
chr2	166610858	166810858	harbor1	chr2	166657874	166658292	LINE/L2	901	-	209	166658083	47225
chr2	228586400	228786400	harbor1	chr2	228616768	228617138	LINE/L2	622	-	185	228616953	30553
chr2	24166311	24366311	harbor1	chr2	24166519	24167370	LINE/L2	846	-	426	24166945	634
chr2	24166311	24366311	harbor1	chr2	24168100	24168997	LINE/L2	2166	-	448	24168548	2237
chr2	54060360	54260360	harbor1	chr2	54062979	54063140	LINE/L2	466	-	80	54063059	2699
chr2	54060360	54260360	harbor1	chr2	54129997	54130623	LINE/L2	920	-	313	54130310	69950
chr2	54060360	54260360	harbor1	chr2	54148545	54148680	LINE/L2	445	-	68	54148613	88253
chr2	54060360	54260360	harbor1	chr2	54157547	54157893	LINE/L2	836	-	173	54157720	97360
chr2	200956	400956	harbor1	chr2	217785	218051	LINE/L2	525	-	133	217918	16962
chr2	200956	400956	harbor1	chr2	267238	267619	LINE/L2	994	-	190	267428	66472
chr2	200956	400956	harbor1	chr2	268066	268208	LINE/L2	432	-	71	268137	67181
chr2	6687245	6887245	harbor1	chr2	6693507	6693616	LINE/L2	421	-	54	6693561	6316
chr2	180469937	180669937	harbor1	chr2	180525289	180525433	LINE/L2	464	-	72	180525361	55424
chr2	180469937	180669937	harbor1	chr2	180526004	180526467	LINE/L2	600	-	232	180526236	56299
chr2	180469937	180669937	harbor1	chr2	180566692	180566981	LINE/L2	545	-	144	180566836	96899
chr2	97693356	97893356	harbor1	chr2	97716331	97716830	LINE/L2	1077	-	250	97716581	23225
chr2	97693356	97893356	harbor1	chr2	97725550	97726026	LINE/L2	1314	-	238	97725788	32432
chr2	97693356	97893356	harbor1	chr2	97736417	97737106	LINE/L2	590	-	344	97736761	43405
chr2	95595556	95795556	harbor1	chr2	95674073	95674412	LINE/L2	461	-	170	95674243	78687
chr2	95595556	95795556	harbor1	chr2	95691621	95691708	LINE/L2	452	-	44	95691665	96109
chr2	60543293	60743293	harbor1	chr2	60612538	60612826	LINE/L2	444	-	144	60612682	69389
chr2	60543293	60743293	harbor1	chr2	60624156	60624259	LINE/L2	459	-	52	60624208	80915
chr2	168090572	168290572	harbor1	chr2	168153213	168153389	LINE/L2	879	-	88	168153301	62729
chr2	168090572	168290572	harbor1	chr2	168153574	168154271	LINE/L2	1554	-	348	168153922	63350
chr2	45738140	45938140	harbor1	chr2	45800777	45801168	LINE/L2	413	-	196	45800973	62833
chr2	164279231	164479231	harbor1	chr2	164335861	164336641	LINE/L2	661	-	390	164336251	57020
chr2	234043830	234243830	harbor1	chr2	234046995	234047435	LINE/L2	682	-	220	234047215	3385
chr2	234043830	234243830	harbor1	chr2	234110371	234110481	LINE/L2	406	-	55	234110426	66596
chr2	234043830	234243830	harbor1	chr2	234129249	234129555	LINE/L2	615	-	153	234129402	85572
chr2	234043830	234243830	harbor1	chr2	234131141	234131479	LINE/L2	637	-	169	234131310	87480
chr2	29534903	29734903	harbor1	chr2	29573749	29574041	LINE/L2	438	-	146	29573895	38992
chr2	141435450	141635450	harbor1	chr2	141460319	141461449	LINE/L2	2707	-	565	141460884	25434
chr2	141435450	141635450	harbor1	chr2	141530466	141531053	LINE/L2	593	-	294	141530760	95310
chr2	133740922	133940922	harbor1	chr2	133759463	133759678	LINE/L2	511	-	108	133759571	18649
chr2	133740922	133940922	harbor1	chr2	133772223	133772559	LINE/L2	670	-	168	133772391	31469
chr2	133740922	133940922	harbor1	chr2	133782561	133782694	LINE/L2	410	-	66	133782627	41705
chr2	133740922	133940922	harbor1	chr2	133783150	133783377	LINE/L2	410	-	114	133783264	42342
chr2	65955052	66155052	harbor1	chr2	65962420	65962756	LINE/L2	761	-	168	65962588	7536
chr2	65955052	66155052	harbor1	chr2	65993659	65993803	LINE/L2	432	-	72	65993731	38679
chr2	65955052	66155052	harbor1	chr2	66018331	66018778	LINE/L2	783	-	224	66018555	63503
chr2	113883993	114083993	harbor1	chr2	113917690	113918126	LINE/L2	656	-	218	113917908	33915
chr2	210783285	210983285	harbor1	chr2	210805266	210805772	LINE/L2	895	-	253	210805519	22234
chr2	210783285	210983285	harbor1	chr2	210843433	210843750	LINE/L2	644	-	158	210843591	60306
chr2	24610513	24810513	harbor1	chr2	24628527	24628874	LINE/L2	461	-	174	24628701	18188
chr2	24610513	24810513	harbor1	chr2	24655536	24655806	LINE/L2	591	-	135	24655671	45158
chr2	24610513	24810513	harbor1	chr2	24656116	24656169	LINE/L2	591	-	26	24656142	45629
chr2	24610513	24810513	harbor1	chr2	24698029	24698290	LINE/L2	404	-	130	24698159	87646
chr2	124622456	124822456	harbor1	chr2	124653774	124654284	LINE/L2	453	-	255	124654029	31573
chr2	124622456	124822456	harbor1	chr2	124689140	124689463	LINE/L2	422	-	162	124689302	66846
chr2	191323087	191523087	harbor1	chr2	191364385	191364569	LINE/L2	481	-	92	191364477	41390
chr2	191323087	191523087	harbor1	chr2	191364591	191364961	LINE/L2	1456	-	185	191364776	41689
chr2	191323087	191523087	harbor1	chr2	191394494	191394738	LINE/L2	417	-	122	191394616	71529
chr2	191323087	191523087	harbor1	chr2	191416312	191416532	LINE/L2	431	-	110	191416422	93335
chr2	201166303	201366303	harbor1	chr2	201193570	201193700	LINE/L2	554	-	65	201193635	27332
chr2	201166303	201366303	harbor1	chr2	201209706	201209716	LINE/L2	520	-	5	201209711	43408
chr2	201166303	201366303	harbor1	chr2	201209806	201210112	LINE/L2	520	-	153	201209959	43656
chr2	36764907	36964907	harbor1	chr2	36816891	36817470	LINE/L2	690	-	290	36817181	52274
chr2	138166622	138366622	harbor1	chr2	138216472	138217404	LINE/L2	439	-	466	138216938	50316
chr2	138166622	138366622	harbor1	chr2	138232069	138232390	LINE/L2	748	-	160	138232229	65607
chr2	149035773	149235773	harbor1	chr2	149042580	149042646	LINE/L2	455	-	33	149042613	6840
chr2	149035773	149235773	harbor1	chr2	149072376	149072482	LINE/L2	1134	-	53	149072429	36656
chr2	149035773	149235773	harbor1	chr2	149072837	149073069	LINE/L2	1134	-	116	149072953	37180
chr2	149035773	149235773	harbor1	chr2	149133828	149134188	LINE/L2	438	-	180	149134008	98235
chr2	149035773	149235773	harbor1	chr2	149110696	149112104	LINE/L2	1478	-	704	149111400	75627
chr2	44192465	44392465	harbor1	chr2	44215812	44216241	LINE/L2	547	-	214	44216026	23561
chr2	44192465	44392465	harbor1	chr2	44287047	44287445	LINE/L2	1289	-	199	44287246	94781
chr2	44192465	44392465	harbor1	chr2	44287603	44287651	LINE/L2	1289	-	24	44287627	95162
chr2	66207082	66407082	harbor1	chr2	66217165	66217729	LINE/L2	703	-	282	66217447	10365
chr2	66207082	66407082	harbor1	chr2	66302782	66303110	LINE/L2	824	-	164	66302946	95864
chr2	91802178	92002178	harbor1	chr2	91806239	91806585	LINE/L2	463	-	173	91806412	4234
chr2	194419706	194619706	harbor1	chr2	194419508	194420162	LINE/L2	1471	-	327	194419835	129
chr2	194419706	194619706	harbor1	chr2	194489623	194490064	LINE/L2	437	-	220	194489843	70137
chr2	194419706	194619706	harbor1	chr2	194508023	194508571	LINE/L2	950	-	274	194508297	88591
chr2	39252493	39452493	harbor1	chr2	39334723	39335400	LINE/L2	892	-	338	39335061	82568
chr2	55831726	56031726	harbor1	chr2	55841590	55841699	LINE/L2	669	-	54	55841644	9918
chr2	55831726	56031726	harbor1	chr2	55842133	55842613	LINE/L2	669	-	240	55842373	10647
chr2	55831726	56031726	harbor1	chr2	55868246	55868465	LINE/L2	532	-	110	55868356	36630
chr2	55831726	56031726	harbor1	chr2	55918821	55919242	LINE/L2	476	-	210	55919031	87305
chr2	211076998	211276998	harbor1	chr2	211102896	211103200	LINE/L2	798	-	152	211103048	26050
chr2	211076998	211276998	harbor1	chr2	211120067	211121449	LINE/L2	1202	-	691	211120758	43760
chr2	211076998	211276998	harbor1	chr2	211164644	211165020	LINE/L2	561	-	188	211164832	87834
chr2	211076998	211276998	harbor1	chr2	211174516	211174833	LINE/L2	416	-	158	211174674	97676
chr2	211076998	211276998	harbor1	chr2	211175063	211175841	LINE/L2	673	-	389	211175452	98454
chr2	54761079	54961079	harbor1	chr2	54770939	54771122	LINE/L2	421	-	92	54771031	9952
chr2	54761079	54961079	harbor1	chr2	54802047	54802168	LINE/L2	470	-	60	54802107	41028
chr2	54761079	54961079	harbor1	chr2	54840692	54840850	LINE/L2	642	-	79	54840771	79692
chr2	54761079	54961079	harbor1	chr2	54856629	54857343	LINE/L2	1060	-	357	54856986	95907
chr2	54761079	54961079	harbor1	chr2	54857425	54857889	LINE/L2	1445	-	232	54857657	96578
chr2	57573476	57773476	harbor1	chr2	57583181	57583594	LINE/L2	507	-	206	57583387	9911
chr2	57573476	57773476	harbor1	chr2	57639024	57639968	LINE/L2	1119	-	472	57639496	66020
chr2	197312438	197512438	harbor1	chr2	197367740	197367955	LINE/L2	842	-	108	197367848	55410
chr2	197312438	197512438	harbor1	chr2	197368250	197368728	LINE/L2	842	-	239	197368489	56051
chr2	165670113	165870113	harbor1	chr2	165741616	165742084	LINE/L2	464	-	234	165741850	71737
chr2	165670113	165870113	harbor1	chr2	165743717	165744704	LINE/L2	971	-	494	165744211	74098
chr2	28248505	28448505	harbor1	chr2	28299566	28299700	LINE/L2	438	-	67	28299633	51128
chr2	28248505	28448505	harbor1	chr2	28347562	28347819	LINE/L2	631	-	128	28347690	99185
chr2	28248505	28448505	harbor1	chr2	28262206	28262716	LINE/L2	420	-	255	28262461	13956
chr2	62279677	62479677	harbor1	chr2	62342587	62342712	LINE/L2	664	-	62	62342649	62972
chr2	62279677	62479677	harbor1	chr2	62343006	62343169	LINE/L2	664	-	82	62343088	63411
chr2	62279677	62479677	harbor1	chr2	62343728	62343778	LINE/L2	664	-	25	62343753	64076
chr2	140778440	140978440	harbor1	chr2	140781480	140781673	LINE/L2	443	-	96	140781576	3136
chr2	140778440	140978440	harbor1	chr2	140824896	140825316	LINE/L2	541	-	210	140825106	46666
chr2	140778440	140978440	harbor1	chr2	140868306	140868838	LINE/L2	838	-	266	140868572	90132
chr2	140778440	140978440	harbor1	chr2	140869506	140869833	LINE/L2	701	-	164	140869670	91230
chr2	127331616	127531616	harbor1	chr2	127389680	127389918	LINE/L2	462	-	119	127389799	58183
chr2	87028414	87228414	harbor1	chr2	87028410	87028456	LINE/L2	516	-	23	87028433	19
chr2	87028414	87228414	harbor1	chr2	87028623	87028938	LINE/L2	794	-	158	87028781	367
chr2	87028414	87228414	harbor1	chr2	87029153	87029521	LINE/L2	794	-	184	87029337	923
chr2	87028414	87228414	harbor1	chr2	87043513	87043678	LINE/L2	430	-	82	87043595	15181
chr2	87028414	87228414	harbor1	chr2	87057591	87058173	LINE/L2	2073	-	291	87057882	29468
chr2	87028414	87228414	harbor1	chr2	87058466	87058685	LINE/L2	2073	-	110	87058576	30162
chr2	87028414	87228414	harbor1	chr2	87058930	87059134	LINE/L2	2073	-	102	87059032	30618
chr2	87028414	87228414	harbor1	chr2	87059160	87059527	LINE/L2	2073	-	184	87059344	30930
chr2	122163960	122363960	harbor1	chr2	122163386	122165277	LINE/L2	2327	-	946	122164332	372
chr2	122163960	122363960	harbor1	chr2	122187578	122187770	LINE/L2	416	-	96	122187674	23714
chr2	122163960	122363960	harbor1	chr2	122232693	122233059	LINE/L2	1054	-	183	122232876	68916
chr2	122163960	122363960	harbor1	chr2	122233469	122233849	LINE/L2	1054	-	190	122233659	69699
chr2	116212458	116412458	harbor1	chr2	116244042	116244418	LINE/L2	860	-	188	116244230	31772
chr2	116212458	116412458	harbor1	chr2	116273740	116274088	LINE/L2	494	-	174	116273914	61456
chr2	197954001	198154001	harbor1	chr2	197973544	197974324	LINE/L2	1695	-	390	197973934	19933
chr2	169674112	169874112	harbor1	chr2	169724930	169725113	LINE/L2	566	-	92	169725022	50910
chr2	169674112	169874112	harbor1	chr2	169747716	169747852	LINE/L2	523	-	68	169747784	73672
chr2	169674112	169874112	harbor1	chr2	169748145	169748342	LINE/L2	523	-	98	169748243	74131
chr2	222830801	223030801	harbor1	chr2	222845567	222845681	LINE/L2	459	-	57	222845624	14823
chr2	222830801	223030801	harbor1	chr2	222864071	222864662	LINE/L2	586	-	296	222864367	33566
chr2	222830801	223030801	harbor1	chr2	222865425	222865770	LINE/L2	411	-	172	222865597	34796
chr2	222830801	223030801	harbor1	chr2	222876697	222876915	LINE/L2	464	-	109	222876806	46005
chr2	16651278	16851278	harbor1	chr2	16710401	16711351	LINE/L2	1349	-	475	16710876	59598
chr2	16651278	16851278	harbor1	chr2	16737171	16737595	LINE/L2	736	-	212	16737383	86105
chr2	33575951	33775951	harbor1	chr2	33620425	33620510	LINE/L2	419	-	42	33620467	44516
chr2	33575951	33775951	harbor1	chr2	33619921	33620132	LINE/L2	419	-	106	33620027	44076
chr2	53326180	53526180	harbor1	chr2	53374936	53375103	LINE/L2	427	-	84	53375020	48840
chr2	53326180	53526180	harbor1	chr2	53401799	53402825	LINE/L2	1860	-	513	53402312	76132
chr2	19174725	19374725	harbor1	chr2	19176357	19176648	LINE/L2	484	-	146	19176503	1778
chr2	18584961	18784961	harbor1	chr2	18611821	18612134	LINE/L2	417	-	156	18611977	27016
chr2	18584961	18784961	harbor1	chr2	18631327	18631764	LINE/L2	657	-	218	18631545	46584
chr2	18584961	18784961	harbor1	chr2	18681233	18682755	LINE/L2	1393	-	761	18681994	97033
chr2	86859648	87059648	harbor1	chr2	86928000	86928670	LINE/L2	559	-	335	86928335	68687
chr2	86859648	87059648	harbor1	chr2	86957149	86957467	LINE/L2	412	-	159	86957308	97660
chr2	167160013	167360013	harbor1	chr2	167232891	167233501	LINE/L2	400	-	305	167233196	73183
chr3	121881931	122081931	harbor1	chr3	121914613	121914745	LINE/L2	406	-	66	121914679	32748
chr3	121881931	122081931	harbor1	chr3	121917141	121917406	LINE/L2	479	-	132	121917273	35342
chr3	121881931	122081931	harbor1	chr3	121917728	121918112	LINE/L2	479	-	192	121917920	35989
chr3	121881931	122081931	harbor1	chr3	121918233	121918857	LINE/L2	1040	-	312	121918545	36614
chr3	121881931	122081931	harbor1	chr3	121944204	121944519	LINE/L2	1688	-	158	121944362	62431
chr3	121881931	122081931	harbor1	chr3	121944814	121944840	LINE/L2	1688	-	13	121944827	62896
chr3	121881931	122081931	harbor1	chr3	121944891	121945307	LINE/L2	1688	-	208	121945099	63168
chr3	121881931	122081931	harbor1	chr3	121945460	121945483	LINE/L2	1688	-	12	121945472	63541
chr3	121430729	121630729	harbor1	chr3	121490441	121490744	LINE/L2	706	-	152	121490593	59864
chr3	146069718	146269718	harbor1	chr3	146138214	146138777	LINE/L2	671	-	282	146138496	68778
chr3	146069718	146269718	harbor1	chr3	146138994	146139281	LINE/L2	572	-	144	146139138	69420
chr3	146069718	146269718	harbor1	chr3	146164693	146165548	LINE/L2	1098	-	428	146165121	95403
chr3	147666706	147866706	harbor1	chr3	147696142	147696965	LINE/L2	1619	-	412	147696554	29848
chr3	147666706	147866706	harbor1	chr3	147697424	147697653	LINE/L2	562	-	114	147697538	30832
chr3	147666706	147866706	harbor1	chr3	147744729	147745414	LINE/L2	1340	-	342	147745071	78365
chr3	64425570	64625570	harbor1	chr3	64425159	64425581	LINE/L2	462	-	211	64425370	200
chr3	64425570	64625570	harbor1	chr3	64502226	64502365	LINE/L2	529	-	70	64502296	76726
chr3	41084512	41284512	harbor1	chr3	41134507	41134940	LINE/L2	799	-	216	41134723	50211
chr3	41084512	41284512	harbor1	chr3	41149264	41149754	LINE/L2	433	-	245	41149509	64997
chr3	41084512	41284512	harbor1	chr3	41163907	41164314	LINE/L2	665	-	204	41164111	79599
chr3	72242407	72442407	harbor1	chr3	72305386	72305728	LINE/L2	581	-	171	72305557	63150
chr3	72242407	72442407	harbor1	chr3	72324427	72325336	LINE/L2	1657	-	454	72324881	82474
chr3	72242407	72442407	harbor1	chr3	72328173	72328427	LINE/L2	578	-	127	72328300	85893
chr3	154409220	154609220	harbor1	chr3	154475915	154476346	LINE/L2	1352	-	216	154476131	66911
chr3	154409220	154609220	harbor1	chr3	154476645	154476888	LINE/L2	1352	-	122	154476767	67547
chr3	148727451	148927451	harbor1	chr3	148765715	148765892	LINE/L2	445	-	88	148765803	38352
chr3	148727451	148927451	harbor1	chr3	148766607	148766841	LINE/L2	651	-	117	148766724	39273
chr3	188616616	188816616	harbor1	chr3	188666665	188666785	LINE/L2	420	-	60	188666725	50109
chr3	188616616	188816616	harbor1	chr3	188688701	188688813	LINE/L2	433	-	56	188688757	72141
chr3	136705744	136905744	harbor1	chr3	136778556	136778705	LINE/L2	424	-	74	136778630	72886
chr3	136705744	136905744	harbor1	chr3	136799632	136799948	LINE/L2	680	-	158	136799790	94046
chr3	136705744	136905744	harbor1	chr3	136800355	136800713	LINE/L2	680	-	179	136800534	94790
chr3	113017192	113217192	harbor1	chr3	113093630	113094066	LINE/L2	673	-	218	113093848	76656
chr3	113017192	113217192	harbor1	chr3	113108523	113108620	LINE/L2	419	-	48	113108571	91379
chr3	130389895	130589895	harbor1	chr3	130406822	130407542	LINE/L2	781	-	360	130407182	17287
chr3	184080515	184280515	harbor1	chr3	184131871	184131984	LINE/L2	587	-	56	184131927	51412
chr3	184080515	184280515	harbor1	chr3	184165515	184165734	LINE/L2	540	-	110	184165625	85110
chr3	98266368	98466368	harbor1	chr3	98332457	98332619	LINE/L2	454	-	81	98332538	66170
chr3	134198894	134398894	harbor1	chr3	134204781	134205288	LINE/L2	923	-	254	134205035	6141
chr3	134198894	134398894	harbor1	chr3	134293163	134293677	LINE/L2	1118	-	257	134293420	94526
chr3	134198894	134398894	harbor1	chr3	134293979	134294018	LINE/L2	1118	-	20	134293999	95105
chr3	134198894	134398894	harbor1	chr3	134294205	134294348	LINE/L2	1118	-	72	134294277	95383
chr3	19736976	19936976	harbor1	chr3	19746861	19747523	LINE/L2	883	-	331	19747192	10216
chr3	19736976	19936976	harbor1	chr3	19756035	19756377	LINE/L2	456	-	171	19756206	19230
chr3	19736976	19936976	harbor1	chr3	19765112	19765312	LINE/L2	640	-	100	19765212	28236
chr3	142775137	142975137	harbor1	chr3	142787637	142788703	LINE/L2	1266	-	533	142788170	13033
chr3	142775137	142975137	harbor1	chr3	142789815	142790375	LINE/L2	1250	-	280	142790095	14958
chr3	142775137	142975137	harbor1	chr3	142790486	142790622	LINE/L2	633	-	68	142790554	15417
chr3	142775137	142975137	harbor1	chr3	142798337	142798688	LINE/L2	533	-	176	142798513	23376
chr3	142775137	142975137	harbor1	chr3	142802991	142803628	LINE/L2	1517	-	318	142803309	28172
chr3	142775137	142975137	harbor1	chr3	142803632	142803770	LINE/L2	439	-	69	142803701	28564
chr3	142775137	142975137	harbor1	chr3	142850350	142851813	LINE/L2	3554	-	732	142851082	75945
chr3	142775137	142975137	harbor1	chr3	142874747	142874923	LINE/L2	450	-	88	142874835	99698
chr3	128494353	128694353	harbor1	chr3	128533928	128534638	LINE/L2	630	-	355	128534283	39930
chr3	128494353	128694353	harbor1	chr3	128540090	128540263	LINE/L2	428	-	86	128540176	45823
chr3	128494353	128694353	harbor1	chr3	128563211	128563475	LINE/L2	825	-	132	128563343	68990
chr3	31383156	31583156	harbor1	chr3	31403540	31403989	LINE/L2	948	-	224	31403764	20608
chr3	31383156	31583156	harbor1	chr3	31470247	31470487	LINE/L2	901	-	120	31470367	87211
chr3	31383156	31583156	harbor1	chr3	31470879	31470911	LINE/L2	559	-	16	31470895	87739
chr3	31383156	31583156	harbor1	chr3	31471486	31471707	LINE/L2	559	-	110	31471596	88440
chr3	4541244	4741244	harbor1	chr3	4562722	4563150	LINE/L2	750	-	214	4562936	21692
chr3	106078245	106278245	harbor1	chr3	106155307	106155485	LINE/L2	1175	-	89	106155396	77151
chr3	106078245	106278245	harbor1	chr3	106155518	106156247	LINE/L2	1234	-	364	106155882	77637
chr3	160200097	160400097	harbor1	chr3	160261299	160261557	LINE/L2	584	-	129	160261428	61331
chr3	160200097	160400097	harbor1	chr3	160261819	160261921	LINE/L2	584	-	51	160261870	61773
chr3	160200097	160400097	harbor1	chr3	160273316	160273775	LINE/L2	463	-	230	160273546	73449
chr3	26266349	26466349	harbor1	chr3	26273447	26273638	LINE/L2	643	-	96	26273543	7194
chr3	26266349	26466349	harbor1	chr3	26281239	26281630	LINE/L2	483	-	196	26281435	15086
chr3	26266349	26466349	harbor1	chr3	26282261	26282443	LINE/L2	450	-	91	26282352	16003
chr3	26266349	26466349	harbor1	chr3	26285609	26285649	LINE/L2	423	-	20	26285629	19280
chr3	26266349	26466349	harbor1	chr3	26286266	26286352	LINE/L2	423	-	43	26286309	19960
chr3	26266349	26466349	harbor1	chr3	26287247	26287383	LINE/L2	443	-	68	26287315	20966
chr3	26266349	26466349	harbor1	chr3	26287384	26287485	LINE/L2	1331	-	50	26287434	21085
chr3	26266349	26466349	harbor1	chr3	26288394	26288507	LINE/L2	1331	-	56	26288450	22101
chr3	26266349	26466349	harbor1	chr3	26289056	26289430	LINE/L2	1331	-	187	26289243	22894
chr3	26266349	26466349	harbor1	chr3	26299554	26299670	LINE/L2	454	-	58	26299612	33263
chr3	26266349	26466349	harbor1	chr3	26365993	26366576	LINE/L2	717	-	292	26366285	99936
chr3	96849942	97049942	harbor1	chr3	96902841	96903313	LINE/L2	995	-	236	96903077	53135
chr3	120835789	121035789	harbor1	chr3	120878123	120878651	LINE/L2	656	-	264	120878387	42598
chr3	120835789	121035789	harbor1	chr3	120890520	120891650	LINE/L2	1845	-	565	120891085	55296
chr3	100142998	100342998	harbor1	chr3	100167867	100168242	LINE/L2	1320	-	188	100168055	25057
chr3	100142998	100342998	harbor1	chr3	100168231	100168344	LINE/L2	437	-	56	100168287	25289
chr3	67926982	68126982	harbor1	chr3	67977928	67978176	LINE/L2	566	-	124	67978052	51070
chr3	67926982	68126982	harbor1	chr3	67996888	67997091	LINE/L2	414	-	102	67996990	70008
chr3	67926982	68126982	harbor1	chr3	68000175	68000939	LINE/L2	805	-	382	68000557	73575
chr3	110938623	111138623	harbor1	chr3	110963145	110963318	LINE/L2	521	-	86	110963231	24608
chr3	110938623	111138623	harbor1	chr3	110976245	110976596	LINE/L2	426	-	176	110976421	37798
chr3	110938623	111138623	harbor1	chr3	110983408	110983552	LINE/L2	485	-	72	110983480	44857
chr3	110938623	111138623	harbor1	chr3	110990931	110991270	LINE/L2	851	-	170	110991101	52478
chr3	110938623	111138623	harbor1	chr3	111008931	111009171	LINE/L2	743	-	120	111009051	70428
chr3	110938623	111138623	harbor1	chr3	111009505	111009601	LINE/L2	743	-	48	111009553	70930
chr3	110938623	111138623	harbor1	chr3	111009771	111010212	LINE/L2	1075	-	220	111009991	71368
chr3	81156579	81356579	harbor1	chr3	81165662	81166093	LINE/L2	1026	-	216	81165878	9299
chr3	81156579	81356579	harbor1	chr3	81193725	81193838	LINE/L2	482	-	56	81193781	37202
chr3	174414129	174614129	harbor1	chr3	174442605	174444334	LINE/L2	3599	-	864	174443469	29340
chr3	174414129	174614129	harbor1	chr3	174493752	174494134	LINE/L2	514	-	191	174493943	79814
chr3	174414129	174614129	harbor1	chr3	174494240	174494382	LINE/L2	481	-	71	174494311	80182
chr3	174414129	174614129	harbor1	chr3	174494634	174494939	LINE/L2	481	-	152	174494786	80657
chr3	33052218	33252218	harbor1	chr3	33143478	33144307	LINE/L2	1428	-	414	33143892	91674
chr3	33052218	33252218	harbor1	chr3	33144674	33144879	LINE/L2	551	-	102	33144776	92558
chr3	61396810	61596810	harbor1	chr3	61463681	61463797	LINE/L2	420	-	58	61463739	66929
chr3	107906777	108106777	harbor1	chr3	107931154	107931828	LINE/L2	1120	-	337	107931491	24714
chr3	107906777	108106777	harbor1	chr3	107932129	107932173	LINE/L2	634	-	22	107932151	25374
chr3	107906777	108106777	harbor1	chr3	107980851	107980927	LINE/L2	421	-	38	107980889	74112
chr3	127647504	127847504	harbor1	chr3	127688288	127688616	LINE/L2	644	-	164	127688452	40948
chr3	55748133	55948133	harbor1	chr3	55767004	55767140	LINE/L2	529	-	68	55767072	18939
chr3	55748133	55948133	harbor1	chr3	55768349	55768955	LINE/L2	732	-	303	55768652	20519
chr3	55748133	55948133	harbor1	chr3	55795850	55796324	LINE/L2	568	-	237	55796087	47954
chr3	53951915	54151915	harbor1	chr3	54004969	54005113	LINE/L2	421	-	72	54005041	53126
chr3	143391911	143591911	harbor1	chr3	143418486	143418856	LINE/L2	751	-	185	143418671	26760
chr3	143391911	143591911	harbor1	chr3	143445751	143446513	LINE/L2	2056	-	381	143446132	54221
chr3	143391911	143591911	harbor1	chr3	143481076	143481515	LINE/L2	469	-	220	143481296	89385
chr3	143391911	143591911	harbor1	chr3	143473949	143474730	LINE/L2	1205	-	390	143474339	82428
chr3	10927688	11127688	harbor1	chr3	10932279	10932707	LINE/L2	420	-	214	10932493	4805
chr3	10927688	11127688	harbor1	chr3	10947610	10948284	LINE/L2	1154	-	337	10947947	20259
chr3	10927688	11127688	harbor1	chr3	10967492	10967828	LINE/L2	870	-	168	10967660	39972
chr3	10927688	11127688	harbor1	chr3	10968113	10968329	LINE/L2	870	-	108	10968221	40533
chr3	10927688	11127688	harbor1	chr3	10969700	10970105	LINE/L2	710	-	202	10969902	42214
chr3	10927688	11127688	harbor1	chr3	10987355	10987560	LINE/L2	463	-	102	10987457	59769
chr3	10927688	11127688	harbor1	chr3	11021901	11022119	LINE/L2	417	-	109	11022010	94322
chr3	188111066	188311066	harbor1	chr3	188174278	188174417	LINE/L2	565	-	70	188174348	63282
chr3	188111066	188311066	harbor1	chr3	188190498	188190703	LINE/L2	515	-	102	188190600	79534
chr3	10387589	10587589	harbor1	chr3	10434347	10434483	LINE/L2	442	-	68	10434415	46826
chr3	10387589	10587589	harbor1	chr3	10473716	10474148	LINE/L2	677	-	216	10473932	86343
chr3	130454684	130654684	harbor1	chr3	130501604	130501962	LINE/L2	424	-	179	130501783	47099
chr3	130454684	130654684	harbor1	chr3	130525974	130526714	LINE/L2	1154	-	370	130526344	71660
chr3	130454684	130654684	harbor1	chr3	130536322	130537089	LINE/L2	991	-	384	130536706	82022
chr3	3401031	3601031	harbor1	chr3	3437164	3437428	LINE/L2	581	-	132	3437296	36265
chr3	3401031	3601031	harbor1	chr3	3458954	3459141	LINE/L2	504	-	94	3459048	58017
chr3	3401031	3601031	harbor1	chr3	3459334	3459572	LINE/L2	526	-	119	3459453	58422
chr3	101301235	101501235	harbor1	chr3	101303213	101303496	LINE/L2	429	-	142	101303355	2120
chr3	101301235	101501235	harbor1	chr3	101322928	101323199	LINE/L2	433	-	136	101323064	21829
chr3	101301235	101501235	harbor1	chr3	101334956	101335094	LINE/L2	412	-	69	101335025	33790
chr3	16257206	16457206	harbor1	chr3	16279537	16279945	LINE/L2	1072	-	204	16279741	22535
chr3	16257206	16457206	harbor1	chr3	16307365	16307712	LINE/L2	1015	-	174	16307539	50333
chr3	52227454	52427454	harbor1	chr3	52305778	52306732	LINE/L2	1232	-	477	52306255	78801
chr3	177531171	177731171	harbor1	chr3	177570248	177571066	LINE/L2	566	-	409	177570657	39486
chr3	44866996	45066996	harbor1	chr3	44946404	44947327	LINE/L2	433	-	462	44946866	79870
chr3	40779167	40979167	harbor1	chr3	40837133	40837331	LINE/L2	646	-	99	40837232	58065
chr3	40779167	40979167	harbor1	chr3	40840312	40840778	LINE/L2	942	-	233	40840545	61378
chr3	67883853	68083853	harbor1	chr3	67977928	67978176	LINE/L2	566	-	124	67978052	94199
chr3	33072738	33272738	harbor1	chr3	33143478	33144307	LINE/L2	1428	-	414	33143892	71154
chr3	33072738	33272738	harbor1	chr3	33144674	33144879	LINE/L2	551	-	102	33144776	72038
chr3	89849106	90049106	harbor1	chr3	89904533	89904737	LINE/L2	444	-	102	89904635	55529
chr3	89849106	90049106	harbor1	chr3	89904743	89905838	LINE/L2	2354	-	548	89905291	56185
chr3	184050779	184250779	harbor1	chr3	184131871	184131984	LINE/L2	587	-	56	184131927	81148
chr3	114431362	114631362	harbor1	chr3	114517178	114517344	LINE/L2	543	-	83	114517261	85899
chr3	114431362	114631362	harbor1	chr3	114521939	114524545	LINE/L2	7256	-	1303	114523242	91880
chr3	96786345	96986345	harbor1	chr3	96819874	96820501	LINE/L2	778	-	314	96820188	33843
chr3	96786345	96986345	harbor1	chr3	96835156	96835488	LINE/L2	500	-	166	96835322	48977
chr3	56997560	57197560	harbor1	chr3	57043515	57043728	LINE/L2	412	-	106	57043621	46061
chr3	56997560	57197560	harbor1	chr3	57062850	57063503	LINE/L2	1208	-	326	57063176	65616
chr3	56997560	57197560	harbor1	chr3	57063639	57063854	LINE/L2	1155	-	108	57063747	66187
chr3	56997560	57197560	harbor1	chr3	57064954	57065138	LINE/L2	1155	-	92	57065046	67486
chr3	56997560	57197560	harbor1	chr3	57076766	57077110	LINE/L2	688	-	172	57076938	79378
chr3	56997560	57197560	harbor1	chr3	57080902	57081035	LINE/L2	524	-	66	57080968	83408
chr3	106660709	106860709	harbor1	chr3	106679875	106680046	LINE/L2	513	-	86	106679961	19252
chr3	106660709	106860709	harbor1	chr3	106680341	106681515	LINE/L2	2778	-	587	106680928	20219
chr3	106660709	106860709	harbor1	chr3	106681816	106681892	LINE/L2	2778	-	38	106681854	21145
chr3	75159465	75359465	harbor1	chr3	75160582	75160824	LINE/L2	460	-	121	75160703	1238
chr3	75159465	75359465	harbor1	chr3	75165357	75165780	LINE/L2	505	-	212	75165569	6104
chr3	75159465	75359465	harbor1	chr3	75165885	75166298	LINE/L2	753	-	206	75166091	6626
chr3	75159465	75359465	harbor1	chr3	75232629	75233201	LINE/L2	763	-	286	75232915	73450
chr3	75159465	75359465	harbor1	chr3	75245313	75245648	LINE/L2	491	-	168	75245481	86016
chr3	122878729	123078729	harbor1	chr3	122955869	122956094	LINE/L2	512	-	112	122955981	77252
chr3	41436348	41636348	harbor1	chr3	41448076	41448385	LINE/L2	581	-	154	41448230	11882
chr3	41436348	41636348	harbor1	chr3	41448511	41448877	LINE/L2	406	-	183	41448694	12346
chr3	41436348	41636348	harbor1	chr3	41457878	41458234	LINE/L2	798	-	178	41458056	21708
chr3	82953271	83153271	harbor1	chr3	82980455	82980874	LINE/L2	1130	-	210	82980665	27394
chr3	82953271	83153271	harbor1	chr3	82981458	82981553	LINE/L2	1130	-	48	82981506	28235
chr3	82953271	83153271	harbor1	chr3	83049294	83049638	LINE/L2	585	-	172	83049466	96195
chr3	137170930	137370930	harbor1	chr3	137183046	137183142	LINE/L2	416	-	48	137183094	12164
chr3	137170930	137370930	harbor1	chr3	137192511	137192891	LINE/L2	433	-	190	137192701	21771
chr3	2717033	2917033	harbor1	chr3	2764090	2764540	LINE/L2	506	-	225	2764315	47282
chr3	2717033	2917033	harbor1	chr3	2771714	2772562	LINE/L2	439	-	424	2772138	55105
chr3	2717033	2917033	harbor1	chr3	2772702	2773297	LINE/L2	427	-	298	2773000	55967
chr3	2717033	2917033	harbor1	chr3	2808989	2809536	LINE/L2	762	-	274	2809263	92230
chr3	27665091	27865091	harbor1	chr3	27743540	27744102	LINE/L2	689	-	281	27743821	78730
chr3	67547228	67747228	harbor1	chr3	67620089	67620301	LINE/L2	531	-	106	67620195	72967
chr3	67547228	67747228	harbor1	chr3	67620615	67620987	LINE/L2	531	-	186	67620801	73573
chr3	124035877	124235877	harbor1	chr3	124104221	124104405	LINE/L2	433	-	92	124104313	68436
chr3	124035877	124235877	harbor1	chr3	124105922	124106155	LINE/L2	504	-	116	124106038	70161
chr3	124035877	124235877	harbor1	chr3	124042362	124043533	LINE/L2	732	-	586	124042948	7071
chr3	41917133	42117133	harbor1	chr3	42000400	42000640	LINE/L2	1128	-	120	42000520	83387
chr3	41917133	42117133	harbor1	chr3	42000929	42001160	LINE/L2	1128	-	116	42001045	83912
chr3	41917133	42117133	harbor1	chr3	42001319	42002243	LINE/L2	3365	-	462	42001781	84648
chr3	41917133	42117133	harbor1	chr3	42002540	42002639	LINE/L2	3365	-	50	42002590	85457
chr3	41917133	42117133	harbor1	chr3	42003423	42003584	LINE/L2	1369	-	80	42003503	86370
chr3	41917133	42117133	harbor1	chr3	42003890	42004092	LINE/L2	1369	-	101	42003991	86858
chr3	157550891	157750891	harbor1	chr3	157650212	157650491	LINE/L2	600	-	140	157650352	99461
chr3	157550891	157750891	harbor1	chr3	157646800	157646988	LINE/L2	443	-	94	157646894	96003
chr3	154526806	154726806	harbor1	chr3	154559853	154559997	LINE/L2	406	-	72	154559925	33119
chr3	154526806	154726806	harbor1	chr3	154564031	154564662	LINE/L2	534	-	316	154564347	37541
chr3	154526806	154726806	harbor1	chr3	154566002	154566230	LINE/L2	451	-	114	154566116	39310
chr3	154526806	154726806	harbor1	chr3	154612179	154612775	LINE/L2	1292	-	298	154612477	85671
chr3	60961928	61161928	harbor1	chr3	60966581	60966812	LINE/L2	427	-	116	60966697	4769
chr3	60961928	61161928	harbor1	chr3	60988328	60988623	LINE/L2	443	-	148	60988476	26548
chr3	60961928	61161928	harbor1	chr3	60990903	60991475	LINE/L2	781	-	286	60991189	29261
chr3	60961928	61161928	harbor1	chr3	61030558	61031100	LINE/L2	654	-	271	61030829	68901
chr3	60961928	61161928	harbor1	chr3	61056350	61056658	LINE/L2	617	-	154	61056504	94576
chr3	142680248	142880248	harbor1	chr3	142683703	142683853	LINE/L2	429	-	75	142683778	3530
chr3	142680248	142880248	harbor1	chr3	142713903	142714335	LINE/L2	538	-	216	142714119	33871
chr3	142680248	142880248	harbor1	chr3	142731212	142731374	LINE/L2	483	-	81	142731293	51045
chr3	142680248	142880248	harbor1	chr3	142731683	142731753	LINE/L2	483	-	35	142731718	51470
chr3	185750754	185950754	harbor1	chr3	185830178	185830524	LINE/L2	599	-	173	185830351	79597
chr3	60952855	61152855	harbor1	chr3	60966581	60966812	LINE/L2	427	-	116	60966697	13842
chr3	60952855	61152855	harbor1	chr3	60988328	60988623	LINE/L2	443	-	148	60988476	35621
chr3	60952855	61152855	harbor1	chr3	60990903	60991475	LINE/L2	781	-	286	60991189	38334
chr3	60952855	61152855	harbor1	chr3	61030558	61031100	LINE/L2	654	-	271	61030829	77974
chr3	47840406	48040406	harbor1	chr3	47915028	47915114	LINE/L2	1240	-	43	47915071	74665
chr3	47840406	48040406	harbor1	chr3	47915416	47915860	LINE/L2	1240	-	222	47915638	75232
chr3	82523275	82723275	harbor1	chr3	82540988	82541651	LINE/L2	699	-	332	82541320	18045
chr3	82523275	82723275	harbor1	chr3	82541771	82542165	LINE/L2	1002	-	197	82541968	18693
chr3	82523275	82723275	harbor1	chr3	82542260	82542477	LINE/L2	1002	-	108	82542368	19093
chr3	82523275	82723275	harbor1	chr3	82542827	82543565	LINE/L2	1911	-	369	82543196	19921
chr3	82523275	82723275	harbor1	chr3	82547839	82548194	LINE/L2	473	-	178	82548017	24742
chr3	82523275	82723275	harbor1	chr3	82602095	82602378	LINE/L2	663	-	142	82602237	78962
chr3	82523275	82723275	harbor1	chr3	82602411	82602733	LINE/L2	464	-	161	82602572	79297
chr3	82523275	82723275	harbor1	chr3	82602754	82603096	LINE/L2	488	-	171	82602925	79650
chr3	145027111	145227111	harbor1	chr3	145062980	145063242	LINE/L2	576	-	131	145063111	36000
chr3	145027111	145227111	harbor1	chr3	145063739	145064283	LINE/L2	855	-	272	145064011	36900
chr3	41019031	41219031	harbor1	chr3	41027256	41027529	LINE/L2	720	-	136	41027392	8361
chr3	147601964	147801964	harbor1	chr3	147696142	147696965	LINE/L2	1619	-	412	147696554	94590
chr3	147601964	147801964	harbor1	chr3	147697424	147697653	LINE/L2	562	-	114	147697538	95574
chr3	169466004	169666004	harbor1	chr3	169469031	169469300	LINE/L2	432	-	134	169469165	3161
chr3	169466004	169666004	harbor1	chr3	169478968	169479564	LINE/L2	520	-	298	169479266	13262
chr3	169466004	169666004	harbor1	chr3	169553168	169553382	LINE/L2	410	-	107	169553275	87271
chr3	43064910	43264910	harbor1	chr3	43127574	43127923	LINE/L2	703	-	174	43127748	62838
chr3	43064910	43264910	harbor1	chr3	43142250	43142842	LINE/L2	1320	-	296	43142546	77636
chr3	153192567	153392567	harbor1	chr3	153195863	153196954	LINE/L2	1371	-	546	153196409	3842
chr3	153192567	153392567	harbor1	chr3	153279955	153280114	LINE/L2	435	-	80	153280035	87468
chr3	72691028	72891028	harbor1	chr3	72719453	72719701	LINE/L2	623	-	124	72719577	28549
chr3	72691028	72891028	harbor1	chr3	72720007	72720076	LINE/L2	623	-	34	72720041	29013
chr3	72691028	72891028	harbor1	chr3	72765889	72766122	LINE/L2	559	-	116	72766005	74977
chr3	21898228	22098228	harbor1	chr3	21940501	21940766	LINE/L2	429	-	132	21940633	42405
chr3	21898228	22098228	harbor1	chr3	21961815	21962521	LINE/L2	663	-	353	21962168	63940
chr3	196814748	197014748	harbor1	chr3	196822173	196822407	LINE/L2	888	-	117	196822290	7542
chr3	196814748	197014748	harbor1	chr3	196822722	196823263	LINE/L2	1473	-	270	196822992	8244
chr3	196814748	197014748	harbor1	chr3	196906318	196907066	LINE/L2	499	-	374	196906692	91944
chr3	73898699	74098699	harbor1	chr3	73980660	73980870	LINE/L2	425	-	105	73980765	82066
chr3	35531077	35731077	harbor1	chr3	35548345	35548900	LINE/L2	536	-	278	35548623	17546
chr3	193841912	194041912	harbor1	chr3	193879618	193879873	LINE/L2	479	-	128	193879746	37834
chr3	193841912	194041912	harbor1	chr3	193919453	193919552	LINE/L2	441	-	50	193919503	77591
chr3	193841912	194041912	harbor1	chr3	193928793	193928966	LINE/L2	552	-	86	193928879	86967
chr3	101479486	101679486	harbor1	chr3	101518087	101518533	LINE/L2	985	-	223	101518310	38824
chr3	101479486	101679486	harbor1	chr3	101518578	101518728	LINE/L2	468	-	75	101518653	39167
chr3	101479486	101679486	harbor1	chr3	101523912	101524071	LINE/L2	424	-	80	101523992	44506
chr3	101479486	101679486	harbor1	chr3	101524382	101524549	LINE/L2	424	-	84	101524466	44980
chr3	101479486	101679486	harbor1	chr3	101567522	101567757	LINE/L2	505	-	118	101567640	88154
chr3	101479486	101679486	harbor1	chr3	101568041	101568763	LINE/L2	2624	-	361	101568402	88916
chr3	101479486	101679486	harbor1	chr3	101569072	101569097	LINE/L2	2624	-	12	101569084	89598
chr3	101479486	101679486	harbor1	chr3	101569640	101570070	LINE/L2	2624	-	215	101569855	90369
chr3	19215286	19415286	harbor1	chr3	19268069	19268628	LINE/L2	717	-	280	19268349	53063
chr3	19215286	19415286	harbor1	chr3	19286914	19287408	LINE/L2	455	-	247	19287161	71875
chr3	150873907	151073907	harbor1	chr3	150933153	150933514	LINE/L2	934	-	180	150933333	59426
chr3	150873907	151073907	harbor1	chr3	150942536	150942684	LINE/L2	592	-	74	150942610	68703
chr3	150873907	151073907	harbor1	chr3	150944014	150944555	LINE/L2	533	-	270	150944284	70377
chr3	150873907	151073907	harbor1	chr3	150944771	150944997	LINE/L2	1167	-	113	150944884	70977
chr3	150873907	151073907	harbor1	chr3	150945161	150945403	LINE/L2	1167	-	121	150945282	71375
chr3	161953290	162153290	harbor1	chr3	162010856	162011150	LINE/L2	572	-	147	162011003	57713
chr3	161953290	162153290	harbor1	chr3	162027605	162028493	LINE/L2	1538	-	444	162028049	74759
chr3	184835222	185035222	harbor1	chr3	184853140	184853817	LINE/L2	969	-	338	184853478	18256
chr3	184835222	185035222	harbor1	chr3	184896645	184896989	LINE/L2	419	-	172	184896817	61595
chr3	184835222	185035222	harbor1	chr3	184897060	184897657	LINE/L2	1131	-	298	184897358	62136
chr3	184835222	185035222	harbor1	chr3	184916916	184917392	LINE/L2	816	-	238	184917154	81932
chr3	184835222	185035222	harbor1	chr3	184918020	184918137	LINE/L2	421	-	58	184918078	82856
chr3	184835222	185035222	harbor1	chr3	184929722	184930160	LINE/L2	602	-	219	184929941	94719
chr3	94170260	94370260	harbor1	chr3	94175253	94175479	LINE/L2	638	-	113	94175366	5106
chr3	94170260	94370260	harbor1	chr3	94176100	94176297	LINE/L2	602	-	98	94176198	5938
chr3	94170260	94370260	harbor1	chr3	94232225	94232451	LINE/L2	466	-	113	94232338	62078
chr3	159359790	159559790	harbor1	chr3	159360999	159362281	LINE/L2	2577	-	641	159361640	1850
chr3	159359790	159559790	harbor1	chr3	159374740	159374818	LINE/L2	412	-	39	159374779	14989
chr3	159359790	159559790	harbor1	chr3	159375146	159375455	LINE/L2	511	-	154	159375300	15510
chr3	159359790	159559790	harbor1	chr3	159398400	159398914	LINE/L2	743	-	257	159398657	38867
chr3	159359790	159559790	harbor1	chr3	159413480	159413578	LINE/L2	434	-	49	159413529	53739
chr3	132896540	133096540	harbor1	chr3	132904976	132905277	LINE/L2	461	-	150	132905126	8586
chr3	132896540	133096540	harbor1	chr3	132942977	132943269	LINE/L2	497	-	146	132943123	46583
chr3	132896540	133096540	harbor1	chr3	132990065	132990301	LINE/L2	408	-	118	132990183	93643
chr3	132896540	133096540	harbor1	chr3	132955898	132956401	LINE/L2	1504	-	252	132956150	59610
chr3	110166084	110366084	harbor1	chr3	110173416	110173786	LINE/L2	695	-	185	110173601	7517
chr3	110166084	110366084	harbor1	chr3	110233510	110233809	LINE/L2	422	-	150	110233660	67576
chr3	141038788	141238788	harbor1	chr3	141084829	141085241	LINE/L2	489	-	206	141085035	46247
chr3	141038788	141238788	harbor1	chr3	141090204	141090967	LINE/L2	1521	-	382	141090586	51798
chr3	141038788	141238788	harbor1	chr3	141102231	141102678	LINE/L2	548	-	224	141102455	63667
chr3	141038788	141238788	harbor1	chr3	141108556	141108978	LINE/L2	438	-	211	141108767	69979
chr3	14418608	14618608	harbor1	chr3	14440357	14440744	LINE/L2	438	-	194	14440551	21943
chr3	14418608	14618608	harbor1	chr3	14441866	14442030	LINE/L2	411	-	82	14441948	23340
chr3	14418608	14618608	harbor1	chr3	14453544	14453981	LINE/L2	949	-	218	14453762	35154
chr3	14418608	14618608	harbor1	chr3	14456404	14456500	LINE/L2	462	-	48	14456452	37844
chr3	14418608	14618608	harbor1	chr3	14460141	14460603	LINE/L2	1307	-	231	14460372	41764
chr3	14418608	14618608	harbor1	chr3	14479314	14479493	LINE/L2	409	-	90	14479404	60796
chr3	14418608	14618608	harbor1	chr3	14497540	14497828	LINE/L2	573	-	144	14497684	79076
chr3	14418608	14618608	harbor1	chr3	14504837	14505178	LINE/L2	444	-	170	14505007	86399
chr3	14418608	14618608	harbor1	chr3	14511867	14512329	LINE/L2	633	-	231	14512098	93490
chr3	14418608	14618608	harbor1	chr3	14512380	14512476	LINE/L2	405	-	48	14512428	93820
chr3	95874243	96074243	harbor1	chr3	95937170	95937974	LINE/L2	868	-	402	95937572	63329
chr3	151518943	151718943	harbor1	chr3	151588649	151588866	LINE/L2	541	-	108	151588757	69814
chr3	151518943	151718943	harbor1	chr3	151609076	151609417	LINE/L2	580	-	170	151609246	90303
chr3	151518943	151718943	harbor1	chr3	151610012	151610218	LINE/L2	532	-	103	151610115	91172
chr3	118264899	118464899	harbor1	chr3	118264553	118265097	LINE/L2	679	-	272	118264825	74
chr3	117409893	117609893	harbor1	chr3	117475744	117476213	LINE/L2	1513	-	234	117475978	66085
chr3	65007705	65207705	harbor1	chr3	65025916	65026292	LINE/L2	607	-	188	65026104	18399
chr3	65007705	65207705	harbor1	chr3	65029894	65030325	LINE/L2	1541	-	216	65030110	22405
chr3	65007705	65207705	harbor1	chr3	65030513	65031391	LINE/L2	1541	-	439	65030952	23247
chr3	143604669	143804669	harbor1	chr3	143629255	143629430	LINE/L2	489	-	88	143629343	24674
chr3	143604669	143804669	harbor1	chr3	143629805	143629959	LINE/L2	501	-	77	143629882	25213
chr3	143604669	143804669	harbor1	chr3	143686206	143686551	LINE/L2	504	-	172	143686378	81709
chr3	143604669	143804669	harbor1	chr3	143696334	143696474	LINE/L2	446	-	70	143696404	91735
chr3	13169611	13369611	harbor1	chr3	13178180	13178396	LINE/L2	466	-	108	13178288	8677
chr3	13169611	13369611	harbor1	chr3	13226376	13226476	LINE/L2	465	-	50	13226426	56815
chr3	13169611	13369611	harbor1	chr3	13227424	13227624	LINE/L2	434	-	100	13227524	57913
chr3	77208102	77408102	harbor1	chr3	77208762	77208987	LINE/L2	472	-	112	77208874	772
chr3	77208102	77408102	harbor1	chr3	77232077	77232343	LINE/L2	462	-	133	77232210	24108
chr3	57200723	57400723	harbor1	chr3	57202640	57203205	LINE/L2	501	-	282	57202922	2199
chr3	57200723	57400723	harbor1	chr3	57204376	57204533	LINE/L2	406	-	78	57204454	3731
chr3	57200723	57400723	harbor1	chr3	57240665	57241149	LINE/L2	458	-	242	57240907	40184
chr3	189250636	189450636	harbor1	chr3	189347901	189348876	LINE/L2	1916	-	488	189348389	97753
chr3	23177231	23377231	harbor1	chr3	23201157	23201840	LINE/L2	1127	-	342	23201499	24268
chr3	23177231	23377231	harbor1	chr3	23235004	23235521	LINE/L2	512	-	258	23235262	58031
chr3	23177231	23377231	harbor1	chr3	23275031	23275593	LINE/L2	443	-	281	23275312	98081
chr3	53164761	53364761	harbor1	chr3	53178779	53178997	LINE/L2	570	-	109	53178888	14127
chr3	16004685	16204685	harbor1	chr3	16053557	16054017	LINE/L2	1107	-	230	16053787	49102
chr3	16004685	16204685	harbor1	chr3	16087887	16089184	LINE/L2	1561	-	648	16088535	83850
chr3	60987691	61187691	harbor1	chr3	60988328	60988623	LINE/L2	443	-	148	60988476	785
chr3	60987691	61187691	harbor1	chr3	60990903	60991475	LINE/L2	781	-	286	60991189	3498
chr3	60987691	61187691	harbor1	chr3	61030558	61031100	LINE/L2	654	-	271	61030829	43138
chr3	60987691	61187691	harbor1	chr3	61056350	61056658	LINE/L2	617	-	154	61056504	68813
chr3	74771499	74971499	harbor1	chr3	74844352	74844845	LINE/L2	1140	-	246	74844598	73099
chr3	74771499	74971499	harbor1	chr3	74847594	74848241	LINE/L2	981	-	324	74847918	76419
chr3	49156862	49356862	harbor1	chr3	49203170	49203590	LINE/L2	1375	-	210	49203380	46518
chr3	49156862	49356862	harbor1	chr3	49203729	49203957	LINE/L2	1375	-	114	49203843	46981
chr3	76601185	76801185	harbor1	chr3	76625370	76626568	LINE/L2	1683	-	599	76625969	24784
chr3	76601185	76801185	harbor1	chr3	76681521	76681751	LINE/L2	473	-	115	76681636	80451
chr3	76601185	76801185	harbor1	chr3	76681837	76682209	LINE/L2	473	-	186	76682023	80838
chr3	76601185	76801185	harbor1	chr3	76682746	76683070	LINE/L2	594	-	162	76682908	81723
chr3	4142876	4342876	harbor1	chr3	4190716	4191111	LINE/L2	588	-	198	4190914	48038
chr3	4142876	4342876	harbor1	chr3	4191389	4191849	LINE/L2	772	-	230	4191619	48743
chr3	4142876	4342876	harbor1	chr3	4221614	4221794	LINE/L2	441	-	90	4221704	78828
chr3	4142876	4342876	harbor1	chr3	4227232	4227412	LINE/L2	456	-	90	4227322	84446
chr3	4142876	4342876	harbor1	chr3	4227928	4228137	LINE/L2	460	-	104	4228032	85156
chr3	4142876	4342876	harbor1	chr3	4234968	4235490	LINE/L2	886	-	261	4235229	92353
chr3	173250937	173450937	harbor1	chr3	173334423	173334540	LINE/L2	465	-	58	173334481	83544
chr3	173250937	173450937	harbor1	chr3	173335193	173335525	LINE/L2	568	-	166	173335359	84422
chr3	187294463	187494463	harbor1	chr3	187305328	187305518	LINE/L2	445	-	95	187305423	10960
chr3	187294463	187494463	harbor1	chr3	187322778	187322808	LINE/L2	476	-	15	187322793	28330
chr3	187294463	187494463	harbor1	chr3	187323525	187324106	LINE/L2	1159	-	290	187323815	29352
chr3	187294463	187494463	harbor1	chr3	187324427	187324564	LINE/L2	1159	-	68	187324495	30032
chr3	187294463	187494463	harbor1	chr3	187325089	187325495	LINE/L2	1202	-	203	187325292	30829
chr3	187294463	187494463	harbor1	chr3	187325956	187326483	LINE/L2	1335	-	264	187326220	31757
chr3	187294463	187494463	harbor1	chr3	187354105	187354422	LINE/L2	421	-	158	187354263	59800
chr3	69596038	69796038	harbor1	chr3	69690841	69691127	LINE/L2	689	-	143	69690984	94946
chr3	73821318	74021318	harbor1	chr3	73856382	73856612	LINE/L2	509	-	115	73856497	35179
chr3	73821318	74021318	harbor1	chr3	73881956	73882141	LINE/L2	584	-	92	73882048	60730
chr3	73821318	74021318	harbor1	chr3	73882913	73883104	LINE/L2	489	-	96	73883009	61691
chr3	181756359	181956359	harbor1	chr3	181762718	181762838	LINE/L2	597	-	60	181762778	6419
chr3	181756359	181956359	harbor1	chr3	181762976	181763058	LINE/L2	597	-	41	181763017	6658
chr3	181756359	181956359	harbor1	chr3	181763219	181763252	LINE/L2	597	-	16	181763235	6876
chr3	181756359	181956359	harbor1	chr3	181763573	181763832	LINE/L2	597	-	130	181763703	7344
chr3	181756359	181956359	harbor1	chr3	181821544	181821898	LINE/L2	454	-	177	181821721	65362
chr3	181756359	181956359	harbor1	chr3	181853395	181853523	LINE/L2	438	-	64	181853459	97100
chr3	11750120	11950120	harbor1	chr3	11757798	11758234	LINE/L2	548	-	218	11758016	7896
chr3	11750120	11950120	harbor1	chr3	11768741	11769066	LINE/L2	462	-	162	11768903	18783
chr3	11750120	11950120	harbor1	chr3	11824683	11824943	LINE/L2	469	-	130	11824813	74693
chr3	171925249	172125249	harbor1	chr3	171974438	171976139	LINE/L2	1374	-	850	171975288	50039
chr3	171925249	172125249	harbor1	chr3	171984648	171984894	LINE/L2	560	-	123	171984771	59522
chr3	171925249	172125249	harbor1	chr3	171985659	171986085	LINE/L2	1132	-	213	171985872	60623
chr3	68757710	68957710	harbor1	chr3	68761513	68762157	LINE/L2	1445	-	322	68761835	4125
chr3	68757710	68957710	harbor1	chr3	68762181	68762518	LINE/L2	430	-	168	68762349	4639
chr3	68757710	68957710	harbor1	chr3	68836570	68836690	LINE/L2	501	-	60	68836630	78920
chr3	68757710	68957710	harbor1	chr3	68838493	68838551	LINE/L2	839	-	29	68838522	80812
chr3	68757710	68957710	harbor1	chr3	68838763	68838815	LINE/L2	839	-	26	68838789	81079
chr3	68757710	68957710	harbor1	chr3	68839122	68839319	LINE/L2	839	-	98	68839220	81510
chr3	68757710	68957710	harbor1	chr3	68850263	68850421	LINE/L2	486	-	79	68850342	92632
chr3	68757710	68957710	harbor1	chr3	68853919	68854431	LINE/L2	571	-	256	68854175	96465
chr3	107525183	107725183	harbor1	chr3	107549184	107549411	LINE/L2	736	-	114	107549298	24115
chr3	107525183	107725183	harbor1	chr3	107614828	107615315	LINE/L2	795	-	244	107615072	89889
chr3	107525183	107725183	harbor1	chr3	107615653	107615901	LINE/L2	795	-	124	107615777	90594
chr3	1112153	1312153	harbor1	chr3	1175371	1176152	LINE/L2	499	-	390	1175761	63608
chr3	71531421	71731421	harbor1	chr3	71594668	71594794	LINE/L2	505	-	63	71594731	63310
chr3	29768236	29968236	harbor1	chr3	29811430	29811545	LINE/L2	480	-	58	29811488	43252
chr3	29768236	29968236	harbor1	chr3	29845594	29846501	LINE/L2	776	-	454	29846048	77812
chr3	23268000	23468000	harbor1	chr3	23275031	23275593	LINE/L2	443	-	281	23275312	7312
chr3	23268000	23468000	harbor1	chr3	23331261	23331879	LINE/L2	1116	-	309	23331570	63570
chr3	23268000	23468000	harbor1	chr3	23337331	23338013	LINE/L2	617	-	341	23337672	69672
chr3	23268000	23468000	harbor1	chr3	23360340	23360545	LINE/L2	472	-	102	23360442	92442
chr3	114431323	114631323	harbor1	chr3	114517178	114517344	LINE/L2	543	-	83	114517261	85938
chr3	114431323	114631323	harbor1	chr3	114521939	114524545	LINE/L2	7256	-	1303	114523242	91919
chr3	711551	911551	harbor1	chr3	741287	741499	LINE/L2	504	-	106	741393	29842
chr3	711551	911551	harbor1	chr3	741520	742534	LINE/L2	2015	-	507	742027	30476
chr3	711551	911551	harbor1	chr3	736551	737746	LINE/L2	2032	-	598	737149	25598
chr3	26310250	26510250	harbor1	chr3	26365993	26366576	LINE/L2	717	-	292	26366285	56035
chr3	887525	1087525	harbor1	chr3	916959	917104	LINE/L2	483	-	72	917031	29506
chr3	887525	1087525	harbor1	chr3	934442	934966	LINE/L2	1072	-	262	934704	47179
chr3	887525	1087525	harbor1	chr3	935150	935817	LINE/L2	1343	-	334	935484	47959
chr3	887525	1087525	harbor1	chr3	968950	969230	LINE/L2	728	-	140	969090	81565
chr3	178605179	178805179	harbor1	chr3	178619065	178619190	LINE/L2	420	-	62	178619127	13948
chr3	98264038	98464038	harbor1	chr3	98332457	98332619	LINE/L2	454	-	81	98332538	68500
chr3	28533140	28733140	harbor1	chr3	28534044	28534402	LINE/L2	592	-	179	28534223	1083
chr3	11132145	11332145	harbor1	chr3	11132652	11133623	LINE/L2	3995	-	486	11133138	993
chr3	11132145	11332145	harbor1	chr3	11133906	11134383	LINE/L2	3995	-	238	11134144	1999
chr3	11132145	11332145	harbor1	chr3	11134544	11135290	LINE/L2	3995	-	373	11134917	2772
chr3	11132145	11332145	harbor1	chr3	11142365	11142633	LINE/L2	962	-	134	11142499	10354
chr3	11132145	11332145	harbor1	chr3	11142928	11143311	LINE/L2	962	-	192	11143120	10975
chr3	11132145	11332145	harbor1	chr3	11166378	11166495	LINE/L2	459	-	58	11166436	34291
chr3	11132145	11332145	harbor1	chr3	11167866	11168519	LINE/L2	653	-	326	11168192	36047
chr3	11132145	11332145	harbor1	chr3	11204164	11204613	LINE/L2	922	-	224	11204388	72243
chr3	11132145	11332145	harbor1	chr3	11210943	11211308	LINE/L2	642	-	182	11211125	78980
chr3	11132145	11332145	harbor1	chr3	11226991	11227132	LINE/L2	447	-	70	11227061	94916
chr3	11132145	11332145	harbor1	chr3	11228534	11228634	LINE/L2	468	-	50	11228584	96439
chr3	11132145	11332145	harbor1	chr3	11228932	11229076	LINE/L2	468	-	72	11229004	96859
chr3	39123872	39323872	harbor1	chr3	39126010	39126170	LINE/L2	528	-	80	39126090	2218
chr3	39123872	39323872	harbor1	chr3	39180055	39180693	LINE/L2	1136	-	319	39180374	56502
chr3	39123872	39323872	harbor1	chr3	39205564	39205708	LINE/L2	422	-	72	39205636	81764
chr3	39123872	39323872	harbor1	chr3	39207134	39207536	LINE/L2	431	-	201	39207335	83463
chr3	39123872	39323872	harbor1	chr3	39213356	39213473	LINE/L2	469	-	58	39213414	89542
chr3	20205653	20405653	harbor1	chr3	20217140	20217645	LINE/L2	801	-	252	20217392	11739
chr3	20205653	20405653	harbor1	chr3	20217816	20218055	LINE/L2	484	-	120	20217936	12283
chr3	180719030	180919030	harbor1	chr3	180747576	180747680	LINE/L2	607	-	52	180747628	28598
chr3	180719030	180919030	harbor1	chr3	180806865	180807117	LINE/L2	500	-	126	180806991	87961
chr3	180719030	180919030	harbor1	chr3	180817024	180817250	LINE/L2	470	-	113	180817137	98107
chr4	105310844	105510844	harbor1	chr4	105345009	105345522	LINE/L2	384	-	256	105345265	34421
chr4	105310844	105510844	harbor1	chr4	105392719	105393145	LINE/L2	759	-	213	105392932	82088
chr4	105310844	105510844	harbor1	chr4	105399363	105399567	LINE/L2	403	-	102	105399465	88621
chr4	105310844	105510844	harbor1	chr4	105402369	105402903	LINE/L2	1055	-	267	105402636	91792
chr4	19250126	19450126	harbor1	chr4	19268700	19268897	LINE/L2	388	-	98	19268798	18672
chr4	19250126	19450126	harbor1	chr4	19326802	19327334	LINE/L2	531	-	266	19327068	76942
chr4	6713772	6913772	harbor1	chr4	6771495	6771906	LINE/L2	403	-	206	6771701	57929
chr4	6713772	6913772	harbor1	chr4	6776924	6777125	LINE/L2	576	-	100	6777024	63252
chr4	6713772	6913772	harbor1	chr4	6780267	6780620	LINE/L2	529	-	176	6780443	66671
chr4	6713772	6913772	harbor1	chr4	6794702	6795034	LINE/L2	509	-	166	6794868	81096
chr4	6713772	6913772	harbor1	chr4	6795945	6796073	LINE/L2	509	-	64	6796009	82237
chr4	6713772	6913772	harbor1	chr4	6733681	6734160	LINE/L2	850	-	240	6733921	20149
chr4	177096803	177296803	harbor1	chr4	177131478	177131904	LINE/L2	401	-	213	177131691	34888
chr4	177096803	177296803	harbor1	chr4	177179779	177179900	LINE/L2	439	-	60	177179839	83036
chr4	125200706	125400706	harbor1	chr4	125214747	125214908	LINE/L2	395	-	80	125214827	14121
chr4	125200706	125400706	harbor1	chr4	125226738	125227774	LINE/L2	845	-	518	125227256	26550
chr4	125200706	125400706	harbor1	chr4	125249909	125250074	LINE/L2	399	-	82	125249991	49285
chr4	125200706	125400706	harbor1	chr4	125250199	125250263	LINE/L2	399	-	32	125250231	49525
chr4	125200706	125400706	harbor1	chr4	125261874	125262509	LINE/L2	1290	-	318	125262192	61486
chr4	125200706	125400706	harbor1	chr4	125287553	125287919	LINE/L2	619	-	183	125287736	87030
chr4	160586564	160786564	harbor1	chr4	160593065	160593485	LINE/L2	688	-	210	160593275	6711
chr4	160586564	160786564	harbor1	chr4	160593507	160594110	LINE/L2	686	-	302	160593809	7245
chr4	160586564	160786564	harbor1	chr4	160612996	160613368	LINE/L2	811	-	186	160613182	26618
chr4	160586564	160786564	harbor1	chr4	160641446	160642002	LINE/L2	535	-	278	160641724	55160
chr4	126541171	126741171	harbor1	chr4	126542253	126543148	LINE/L2	599	-	448	126542701	1530
chr4	126541171	126741171	harbor1	chr4	126580780	126581322	LINE/L2	642	-	271	126581051	39880
chr4	126541171	126741171	harbor1	chr4	126581581	126582146	LINE/L2	919	-	282	126581863	40692
chr4	20868970	21068970	harbor1	chr4	20871118	20871428	LINE/L2	516	-	155	20871273	2303
chr4	20868970	21068970	harbor1	chr4	20890114	20890448	LINE/L2	613	-	167	20890281	21311
chr4	20868970	21068970	harbor1	chr4	20894561	20894678	LINE/L2	432	-	58	20894619	25649
chr4	20868970	21068970	harbor1	chr4	20934597	20934774	LINE/L2	654	-	88	20934685	65715
chr4	20868970	21068970	harbor1	chr4	20941936	20942105	LINE/L2	431	-	84	20942020	73050
chr4	20868970	21068970	harbor1	chr4	20946020	20946529	LINE/L2	516	-	254	20946274	77304
chr4	41954857	42154857	harbor1	chr4	41984269	41984433	LINE/L2	390	-	82	41984351	29494
chr4	41954857	42154857	harbor1	chr4	41989644	41989892	LINE/L2	536	-	124	41989768	34911
chr4	41954857	42154857	harbor1	chr4	42005815	42005926	LINE/L2	400	-	56	42005871	51014
chr4	41954857	42154857	harbor1	chr4	42006268	42006401	LINE/L2	400	-	66	42006334	51477
chr4	41954857	42154857	harbor1	chr4	42040373	42040558	LINE/L2	614	-	92	42040465	85608
chr4	41954857	42154857	harbor1	chr4	42040823	42040892	LINE/L2	614	-	34	42040857	86000
chr4	41954857	42154857	harbor1	chr4	42041257	42041284	LINE/L2	614	-	14	42041271	86414
chr4	66835405	67035405	harbor1	chr4	66843894	66844286	LINE/L2	409	-	196	66844090	8685
chr4	66835405	67035405	harbor1	chr4	66876544	66876918	LINE/L2	415	-	187	66876731	41326
chr4	66835405	67035405	harbor1	chr4	66910804	66911851	LINE/L2	1445	-	524	66911328	75923
chr4	172711870	172911870	harbor1	chr4	172711529	172712058	LINE/L2	1094	-	264	172711793	77
chr4	172711870	172911870	harbor1	chr4	172725761	172725872	LINE/L2	401	-	56	172725817	13947
chr4	172711870	172911870	harbor1	chr4	172726701	172726786	LINE/L2	391	-	42	172726743	14873
chr4	172711870	172911870	harbor1	chr4	172795002	172795424	LINE/L2	1115	-	211	172795213	83343
chr4	172711870	172911870	harbor1	chr4	172785488	172785701	LINE/L2	778	-	106	172785594	73724
chr4	84394301	84594301	harbor1	chr4	84446989	84447775	LINE/L2	1181	-	393	84447382	53081
chr4	156022177	156222177	harbor1	chr4	156091622	156092044	LINE/L2	956	-	211	156091833	69656
chr4	156022177	156222177	harbor1	chr4	156092409	156092539	LINE/L2	956	-	65	156092474	70297
chr4	178428790	178628790	harbor1	chr4	178503788	178504340	LINE/L2	773	-	276	178504064	75274
chr4	178428790	178628790	harbor1	chr4	178504853	178505023	LINE/L2	523	-	85	178504938	76148
chr4	122335521	122535521	harbor1	chr4	122342042	122342331	LINE/L2	954	-	144	122342186	6665
chr4	122335521	122535521	harbor1	chr4	122342654	122342852	LINE/L2	954	-	99	122342753	7232
chr4	122335521	122535521	harbor1	chr4	122346863	122346990	LINE/L2	429	-	64	122346927	11406
chr4	122335521	122535521	harbor1	chr4	122350434	122351209	LINE/L2	1285	-	388	122350822	15301
chr4	122335521	122535521	harbor1	chr4	122371414	122371614	LINE/L2	757	-	100	122371514	35993
chr4	81440715	81640715	harbor1	chr4	81508066	81508429	LINE/L2	711	-	182	81508248	67533
chr4	81440715	81640715	harbor1	chr4	81525626	81526015	LINE/L2	576	-	194	81525820	85105
chr4	81440715	81640715	harbor1	chr4	81526231	81526555	LINE/L2	529	-	162	81526393	85678
chr4	108195037	108395037	harbor1	chr4	108204210	108204506	LINE/L2	1037	-	148	108204358	9321
chr4	108195037	108395037	harbor1	chr4	108263382	108263827	LINE/L2	757	-	222	108263604	68567
chr4	108195037	108395037	harbor1	chr4	108264981	108265148	LINE/L2	405	-	84	108265065	70028
chr4	108195037	108395037	harbor1	chr4	108265169	108265342	LINE/L2	410	-	86	108265255	70218
chr4	41379139	41579139	harbor1	chr4	41392134	41392514	LINE/L2	1241	-	190	41392324	13185
chr4	41379139	41579139	harbor1	chr4	41395724	41396185	LINE/L2	1319	-	230	41395954	16815
chr4	41379139	41579139	harbor1	chr4	41419861	41420126	LINE/L2	630	-	132	41419993	40854
chr4	19930301	20130301	harbor1	chr4	20000579	20000911	LINE/L2	1012	-	166	20000745	70444
chr4	147382739	147582739	harbor1	chr4	147387848	147388396	LINE/L2	749	-	274	147388122	5383
chr4	147382739	147582739	harbor1	chr4	147388754	147388969	LINE/L2	700	-	108	147388862	6123
chr4	147382739	147582739	harbor1	chr4	147446798	147446931	LINE/L2	510	-	66	147446864	64125
chr4	37400090	37600090	harbor1	chr4	37403137	37403282	LINE/L2	535	-	72	37403209	3119
chr4	37400090	37600090	harbor1	chr4	37434323	37434960	LINE/L2	614	-	318	37434641	34551
chr4	37400090	37600090	harbor1	chr4	37450477	37450770	LINE/L2	416	-	146	37450623	50533
chr4	37400090	37600090	harbor1	chr4	37466453	37466730	LINE/L2	449	-	138	37466591	66501
chr4	88098907	88298907	harbor1	chr4	88150387	88150561	LINE/L2	498	-	87	88150474	51567
chr4	88098907	88298907	harbor1	chr4	88150764	88150839	LINE/L2	498	-	38	88150802	51895
chr4	88098907	88298907	harbor1	chr4	88194711	88194996	LINE/L2	835	-	142	88194853	95946
chr4	58520849	58720849	harbor1	chr4	58524163	58524369	LINE/L2	441	-	103	58524266	3417
chr4	58520849	58720849	harbor1	chr4	58591510	58591696	LINE/L2	854	-	93	58591603	70754
chr4	58520849	58720849	harbor1	chr4	58592080	58592541	LINE/L2	854	-	230	58592310	71461
chr4	58520849	58720849	harbor1	chr4	58592906	58592961	LINE/L2	854	-	28	58592934	72085
chr4	58520849	58720849	harbor1	chr4	58599906	58600510	LINE/L2	996	-	302	58600208	79359
chr4	58520849	58720849	harbor1	chr4	58601240	58601604	LINE/L2	778	-	182	58601422	80573
chr4	177635805	177835805	harbor1	chr4	177637966	177638064	LINE/L2	766	-	49	177638015	2210
chr4	177635805	177835805	harbor1	chr4	177638603	177638908	LINE/L2	766	-	152	177638755	2950
chr4	177635805	177835805	harbor1	chr4	177661785	177661829	LINE/L2	422	-	22	177661807	26002
chr4	177635805	177835805	harbor1	chr4	177662198	177662366	LINE/L2	422	-	84	177662282	26477
chr4	177635805	177835805	harbor1	chr4	177662433	177662591	LINE/L2	422	-	79	177662512	26707
chr4	177635805	177835805	harbor1	chr4	177663073	177663253	LINE/L2	422	-	90	177663163	27358
chr4	177635805	177835805	harbor1	chr4	177673620	177674419	LINE/L2	1115	-	400	177674020	38215
chr4	177635805	177835805	harbor1	chr4	177678702	177679569	LINE/L2	1861	-	434	177679136	43331
chr4	35208740	35408740	harbor1	chr4	35229145	35229467	LINE/L2	658	-	161	35229306	20566
chr4	35208740	35408740	harbor1	chr4	35229756	35229921	LINE/L2	801	-	82	35229838	21098
chr4	35208740	35408740	harbor1	chr4	35230074	35230216	LINE/L2	801	-	71	35230145	21405
chr4	35208740	35408740	harbor1	chr4	35230239	35230814	LINE/L2	1268	-	288	35230527	21787
chr4	35208740	35408740	harbor1	chr4	35248423	35249288	LINE/L2	1063	-	432	35248855	40115
chr4	35208740	35408740	harbor1	chr4	35271012	35271091	LINE/L2	492	-	40	35271052	62312
chr4	35208740	35408740	harbor1	chr4	35271407	35271626	LINE/L2	492	-	110	35271517	62777
chr4	35208740	35408740	harbor1	chr4	35225519	35227183	LINE/L2	1522	-	832	35226351	17611
chr4	46122644	46322644	harbor1	chr4	46171869	46171992	LINE/L2	387	-	62	46171931	49287
chr4	46122644	46322644	harbor1	chr4	46208045	46208410	LINE/L2	389	-	182	46208227	85583
chr4	11304743	11504743	harbor1	chr4	11340873	11341533	LINE/L2	403	-	330	11341203	36460
chr4	180394441	180594441	harbor1	chr4	180485250	180485552	LINE/L2	660	-	151	180485401	90960
chr4	175698119	175898119	harbor1	chr4	175708029	175708357	LINE/L2	717	-	164	175708193	10074
chr4	107802869	108002869	harbor1	chr4	107804378	107805040	LINE/L2	1062	-	331	107804709	1840
chr4	107802869	108002869	harbor1	chr4	107837095	107838334	LINE/L2	1045	-	620	107837715	34846
chr4	107802869	108002869	harbor1	chr4	107859586	107859690	LINE/L2	505	-	52	107859638	56769
chr4	107802869	108002869	harbor1	chr4	107899976	107900347	LINE/L2	550	-	186	107900162	97293
chr4	107802869	108002869	harbor1	chr4	107900393	107900568	LINE/L2	555	-	88	107900481	97612
chr4	13891379	14091379	harbor1	chr4	13899904	13900039	LINE/L2	464	-	68	13899972	8593
chr4	13891379	14091379	harbor1	chr4	13900422	13900562	LINE/L2	464	-	70	13900492	9113
chr4	13891379	14091379	harbor1	chr4	13928532	13928930	LINE/L2	551	-	199	13928731	37352
chr4	13891379	14091379	harbor1	chr4	13939373	13939953	LINE/L2	1202	-	290	13939663	48284
chr4	93608156	93808156	harbor1	chr4	93646015	93647032	LINE/L2	1098	-	508	93646523	38367
chr4	93608156	93808156	harbor1	chr4	93652819	93653172	LINE/L2	446	-	176	93652995	44839
chr4	93608156	93808156	harbor1	chr4	93663959	93664696	LINE/L2	1645	-	368	93664327	56171
chr4	93608156	93808156	harbor1	chr4	93667010	93667307	LINE/L2	401	-	148	93667158	59002
chr4	93608156	93808156	harbor1	chr4	93686414	93688162	LINE/L2	3271	-	874	93687288	79132
chr4	93608156	93808156	harbor1	chr4	93691962	93692373	LINE/L2	1299	-	206	93692168	84012
chr4	93608156	93808156	harbor1	chr4	93702719	93703034	LINE/L2	1111	-	158	93702877	94721
chr4	173217660	173417660	harbor1	chr4	173239354	173239494	LINE/L2	489	-	70	173239424	21764
chr4	173217660	173417660	harbor1	chr4	173243936	173244058	LINE/L2	420	-	61	173243997	26337
chr4	173217660	173417660	harbor1	chr4	173244685	173245197	LINE/L2	770	-	256	173244941	27281
chr4	173217660	173417660	harbor1	chr4	173300374	173300677	LINE/L2	469	-	152	173300526	82866
chr4	173217660	173417660	harbor1	chr4	173300697	173300851	LINE/L2	389	-	77	173300774	83114
chr4	173217660	173417660	harbor1	chr4	173314884	173315150	LINE/L2	502	-	133	173315017	97357
chr4	173217660	173417660	harbor1	chr4	173315221	173315616	LINE/L2	724	-	198	173315419	97759
chr4	168722666	168922666	harbor1	chr4	168754789	168754950	LINE/L2	915	-	80	168754869	32203
chr4	168722666	168922666	harbor1	chr4	168755252	168755797	LINE/L2	915	-	272	168755524	32858
chr4	168722666	168922666	harbor1	chr4	168756521	168757227	LINE/L2	1450	-	353	168756874	34208
chr4	82126099	82326099	harbor1	chr4	82172611	82173116	LINE/L2	485	-	252	82172863	46764
chr4	4658971	4858971	harbor1	chr4	4679511	4679676	LINE/L2	459	-	82	4679593	20622
chr4	4658971	4858971	harbor1	chr4	4684211	4684276	LINE/L2	442	-	32	4684243	25272
chr4	4658971	4858971	harbor1	chr4	4699771	4700266	LINE/L2	720	-	248	4700019	41048
chr4	4658971	4858971	harbor1	chr4	4742675	4742957	LINE/L2	803	-	141	4742816	83845
chr4	187661498	187861498	harbor1	chr4	187706506	187707042	LINE/L2	1315	-	268	187706774	45276
chr4	187661498	187861498	harbor1	chr4	187711197	187711841	LINE/L2	735	-	322	187711519	50021
chr4	187661498	187861498	harbor1	chr4	187727687	187727923	LINE/L2	406	-	118	187727805	66307
chr4	18905232	19105232	harbor1	chr4	18919232	18920997	LINE/L2	3069	-	882	18920114	14882
chr4	18905232	19105232	harbor1	chr4	18922484	18923051	LINE/L2	453	-	284	18922768	17536
chr4	62886403	63086403	harbor1	chr4	62932494	62932932	LINE/L2	432	-	219	62932713	46310
chr4	62886403	63086403	harbor1	chr4	62957643	62958212	LINE/L2	911	-	284	62957927	71524
chr4	62886403	63086403	harbor1	chr4	62958973	62959789	LINE/L2	1311	-	408	62959381	72978
chr4	162016648	162216648	harbor1	chr4	162035163	162035933	LINE/L2	981	-	385	162035548	18900
chr4	97724477	97924477	harbor1	chr4	97769782	97769930	LINE/L2	917	-	74	97769856	45379
chr4	97724477	97924477	harbor1	chr4	97770232	97771022	LINE/L2	1113	-	395	97770627	46150
chr4	28878407	29078407	harbor1	chr4	28887769	28888005	LINE/L2	614	-	118	28887887	9480
chr4	28878407	29078407	harbor1	chr4	28902687	28903043	LINE/L2	407	-	178	28902865	24458
chr4	28878407	29078407	harbor1	chr4	28910437	28911296	LINE/L2	1281	-	430	28910867	32460
chr4	28878407	29078407	harbor1	chr4	28911661	28911910	LINE/L2	1281	-	124	28911785	33378
chr4	22139271	22339271	harbor1	chr4	22168366	22168664	LINE/L2	546	-	149	22168515	29244
chr4	22139271	22339271	harbor1	chr4	22215560	22215963	LINE/L2	502	-	202	22215762	76491
chr4	26779759	26979759	harbor1	chr4	26791378	26792131	LINE/L2	2163	-	376	26791754	11995
chr4	26779759	26979759	harbor1	chr4	26792266	26792568	LINE/L2	620	-	151	26792417	12658
chr4	26779759	26979759	harbor1	chr4	26847125	26848061	LINE/L2	1600	-	468	26847593	67834
chr4	26779759	26979759	harbor1	chr4	26872653	26873068	LINE/L2	695	-	208	26872861	93102
chr5	143035685	143235685	harbor1	chr5	143040471	143041041	LINE/L2	999	-	285	143040756	5071
chr5	143035685	143235685	harbor1	chr5	143080138	143081332	LINE/L2	1210	-	597	143080735	45050
chr5	102401648	102601648	harbor1	chr5	102401964	102402476	LINE/L2	1246	-	256	102402220	572
chr5	176001735	176201735	harbor1	chr5	176014890	176014994	LINE/L2	441	-	52	176014942	13207
chr5	87020004	87220004	harbor1	chr5	87105052	87105264	LINE/L2	427	-	106	87105158	85154
chr5	156808738	157008738	harbor1	chr5	156819619	156819815	LINE/L2	444	-	98	156819717	10979
chr5	156808738	157008738	harbor1	chr5	156839484	156840150	LINE/L2	936	-	333	156839817	31079
chr5	156808738	157008738	harbor1	chr5	156840374	156840614	LINE/L2	418	-	120	156840494	31756
chr5	156808738	157008738	harbor1	chr5	156842973	156843274	LINE/L2	773	-	150	156843123	34385
chr5	156808738	157008738	harbor1	chr5	156844660	156844851	LINE/L2	2952	-	96	156844756	36018
chr5	156808738	157008738	harbor1	chr5	156864413	156864559	LINE/L2	498	-	73	156864486	55748
chr5	156808738	157008738	harbor1	chr5	156881635	156882269	LINE/L2	626	-	317	156881952	73214
chr5	156808738	157008738	harbor1	chr5	156843408	156844292	LINE/L2	2952	-	442	156843850	35112
chr5	131191986	131391986	harbor1	chr5	131193235	131193475	LINE/L2	452	-	120	131193355	1369
chr5	131191986	131391986	harbor1	chr5	131206461	131206810	LINE/L2	1628	-	174	131206635	14649
chr5	131191986	131391986	harbor1	chr5	131207004	131207168	LINE/L2	1628	-	82	131207086	15100
chr5	131191986	131391986	harbor1	chr5	131263156	131263291	LINE/L2	561	-	68	131263224	71238
chr5	178697554	178897554	harbor1	chr5	178716468	178716580	LINE/L2	425	-	56	178716524	18970
chr5	178697554	178897554	harbor1	chr5	178717108	178718054	LINE/L2	884	-	473	178717581	20027
chr5	178697554	178897554	harbor1	chr5	178722648	178723115	LINE/L2	683	-	234	178722882	25328
chr5	178697554	178897554	harbor1	chr5	178716642	178716796	LINE/L2	884	-	77	178716719	19165
chr5	99461037	99661037	harbor1	chr5	99541709	99544183	LINE/L2	2095	-	1237	99542946	81909
chr5	8036024	8236024	harbor1	chr5	8066384	8067124	LINE/L2	4819	-	370	8066754	30730
chr5	8036024	8236024	harbor1	chr5	8067156	8068997	LINE/L2	4819	-	920	8068076	32052
chr5	84051850	84251850	harbor1	chr5	84111492	84111775	LINE/L2	609	-	142	84111634	59784
chr5	112317505	112517505	harbor1	chr5	112372447	112372935	LINE/L2	732	-	244	112372691	55186
chr5	112317505	112517505	harbor1	chr5	112407831	112407944	LINE/L2	436	-	56	112407887	90382
chr5	6345858	6545858	harbor1	chr5	6353931	6354229	LINE/L2	631	-	149	6354080	8222
chr5	130434211	130634211	harbor1	chr5	130485983	130486297	LINE/L2	832	-	157	130486140	51929
chr5	130434211	130634211	harbor1	chr5	130521286	130522042	LINE/L2	1072	-	378	130521664	87453
chr5	139530349	139730349	harbor1	chr5	139551600	139551835	LINE/L2	523	-	118	139551718	21369
chr5	154863813	155063813	harbor1	chr5	154944512	154945284	LINE/L2	1473	-	386	154944898	81085
chr5	154863813	155063813	harbor1	chr5	154945461	154945799	LINE/L2	1167	-	169	154945630	81817
chr5	102004588	102204588	harbor1	chr5	102007827	102007989	LINE/L2	596	-	81	102007908	3320
chr5	102004588	102204588	harbor1	chr5	102007998	102008646	LINE/L2	1895	-	324	102008322	3734
chr5	127346196	127546196	harbor1	chr5	127414715	127415207	LINE/L2	722	-	246	127414961	68765
chr5	127346196	127546196	harbor1	chr5	127415335	127415621	LINE/L2	633	-	143	127415478	69282
chr5	127346196	127546196	harbor1	chr5	127415921	127416010	LINE/L2	633	-	44	127415965	69769
chr5	127346196	127546196	harbor1	chr5	127416328	127416365	LINE/L2	633	-	18	127416346	70150
chr5	172476219	172676219	harbor1	chr5	172491905	172492068	LINE/L2	415	-	82	172491987	15768
chr5	172476219	172676219	harbor1	chr5	172492240	172492524	LINE/L2	808	-	142	172492382	16163
chr5	172476219	172676219	harbor1	chr5	172545999	172546567	LINE/L2	1640	-	284	172546283	70064
chr5	172476219	172676219	harbor1	chr5	172547000	172547425	LINE/L2	1640	-	212	172547212	70993
chr5	172476219	172676219	harbor1	chr5	172556722	172557003	LINE/L2	537	-	140	172556862	80643
chr5	172476219	172676219	harbor1	chr5	172562652	172563141	LINE/L2	889	-	244	172562896	86677
chr5	172476219	172676219	harbor1	chr5	172567748	172568147	LINE/L2	903	-	200	172567948	91729
chr5	131106664	131306664	harbor1	chr5	131193235	131193475	LINE/L2	452	-	120	131193355	86691
chr5	131106664	131306664	harbor1	chr5	131206461	131206810	LINE/L2	1628	-	174	131206635	99971
chr5	32090403	32290403	harbor1	chr5	32178774	32179264	LINE/L2	460	-	245	32179019	88616
chr5	32090403	32290403	harbor1	chr5	32177977	32178483	LINE/L2	460	-	253	32178230	87827
chr5	179517171	179717171	harbor1	chr5	179561248	179561551	LINE/L2	536	-	152	179561400	44229
chr5	140016915	140216915	harbor1	chr5	140045691	140046024	LINE/L2	528	-	166	140045857	28942
chr5	140016915	140216915	harbor1	chr5	140052335	140052569	LINE/L2	590	-	117	140052452	35537
chr5	140016915	140216915	harbor1	chr5	140052867	140053776	LINE/L2	1664	-	454	140053321	36406
chr5	140016915	140216915	harbor1	chr5	140054072	140054461	LINE/L2	416	-	194	140054266	37351
chr5	140016915	140216915	harbor1	chr5	140056721	140056899	LINE/L2	587	-	89	140056810	39895
chr5	140016915	140216915	harbor1	chr5	140071507	140071711	LINE/L2	516	-	102	140071609	54694
chr5	140016915	140216915	harbor1	chr5	140090454	140091218	LINE/L2	1845	-	382	140090836	73921
chr5	140016915	140216915	harbor1	chr5	140016640	140017960	LINE/L2	696	-	660	140017300	385
chr5	148271112	148471112	harbor1	chr5	148302617	148302824	LINE/L2	473	-	104	148302721	31609
chr5	148271112	148471112	harbor1	chr5	148341015	148341297	LINE/L2	466	-	141	148341156	70044
chr5	98051787	98251787	harbor1	chr5	98144665	98145026	LINE/L2	522	-	180	98144845	93058
chr5	106164471	106364471	harbor1	chr5	106247748	106248419	LINE/L2	612	-	336	106248084	83613
chr5	38750889	38950889	harbor1	chr5	38755612	38756063	LINE/L2	825	-	226	38755838	4949
chr5	38750889	38950889	harbor1	chr5	38766505	38766918	LINE/L2	453	-	206	38766711	15822
chr5	38750889	38950889	harbor1	chr5	38773749	38773936	LINE/L2	591	-	94	38773843	22954
chr5	38750889	38950889	harbor1	chr5	38774241	38774574	LINE/L2	591	-	166	38774407	23518
chr5	38750889	38950889	harbor1	chr5	38781402	38781731	LINE/L2	669	-	164	38781566	30677
chr5	38750889	38950889	harbor1	chr5	38795366	38795497	LINE/L2	431	-	66	38795432	44543
chr5	66954490	67154490	harbor1	chr5	66954439	66954620	LINE/L2	776	-	90	66954529	39
chr5	66954490	67154490	harbor1	chr5	66955233	66955451	LINE/L2	776	-	109	66955342	852
chr5	66954490	67154490	harbor1	chr5	66956750	66956976	LINE/L2	536	-	113	66956863	2373
chr5	66954490	67154490	harbor1	chr5	66983980	66984455	LINE/L2	924	-	238	66984218	29728
chr5	66954490	67154490	harbor1	chr5	66984527	66985235	LINE/L2	924	-	354	66984881	30391
chr5	66954490	67154490	harbor1	chr5	66993327	66993786	LINE/L2	622	-	230	66993557	39067
chr5	51331814	51531814	harbor1	chr5	51405042	51405343	LINE/L2	663	-	150	51405192	73378
chr5	81728658	81928658	harbor1	chr5	81763141	81763820	LINE/L2	555	-	340	81763481	34823
chr5	81728658	81928658	harbor1	chr5	81799207	81799530	LINE/L2	570	-	162	81799369	70711
chr5	81728658	81928658	harbor1	chr5	81818656	81818899	LINE/L2	1243	-	122	81818778	90120
chr5	81728658	81928658	harbor1	chr5	81819192	81819401	LINE/L2	1243	-	104	81819296	90638
chr5	15825385	16025385	harbor1	chr5	15836194	15836707	LINE/L2	1242	-	256	15836450	11065
chr5	15825385	16025385	harbor1	chr5	15891437	15891709	LINE/L2	752	-	136	15891573	66188
chr5	15825385	16025385	harbor1	chr5	15915699	15916142	LINE/L2	535	-	222	15915921	90536
chr5	15825385	16025385	harbor1	chr5	15916316	15916633	LINE/L2	535	-	158	15916474	91089
chr5	15825385	16025385	harbor1	chr5	15892161	15892547	LINE/L2	513	-	193	15892354	66969
chr5	177041941	177241941	harbor1	chr5	177059744	177059997	LINE/L2	461	-	126	177059870	17929
chr5	177041941	177241941	harbor1	chr5	177109809	177110039	LINE/L2	667	-	115	177109924	67983
chr5	177041941	177241941	harbor1	chr5	177110068	177110275	LINE/L2	667	-	104	177110172	68231
chr5	63320095	63520095	harbor1	chr5	63352227	63352814	LINE/L2	491	-	294	63352521	32426
chr5	63320095	63520095	harbor1	chr5	63393418	63393743	LINE/L2	477	-	162	63393580	73485
chr5	126257657	126457657	harbor1	chr5	126355180	126355971	LINE/L2	970	-	396	126355576	97919
chr5	126257657	126457657	harbor1	chr5	126356326	126356543	LINE/L2	970	-	108	126356434	98777
chr5	134885083	135085083	harbor1	chr5	134913120	134914059	LINE/L2	1491	-	470	134913590	28507
chr5	134885083	135085083	harbor1	chr5	134914226	134914661	LINE/L2	915	-	218	134914444	29361
chr5	134885083	135085083	harbor1	chr5	134922478	134922662	LINE/L2	501	-	92	134922570	37487
chr5	134885083	135085083	harbor1	chr5	134928813	134929204	LINE/L2	528	-	196	134929009	43926
chr5	134885083	135085083	harbor1	chr5	134929382	134929556	LINE/L2	468	-	87	134929469	44386
chr5	156356183	156556183	harbor1	chr5	156358508	156358738	LINE/L2	450	-	115	156358623	2440
chr5	156356183	156556183	harbor1	chr5	156379059	156379855	LINE/L2	1096	-	398	156379457	23274
chr5	156356183	156556183	harbor1	chr5	156412689	156412784	LINE/L2	418	-	48	156412737	56554
chr5	156356183	156556183	harbor1	chr5	156413097	156413341	LINE/L2	418	-	122	156413219	57036
chr5	156356183	156556183	harbor1	chr5	156401611	156401738	LINE/L2	415	-	64	156401675	45492
chr5	51003529	51203529	harbor1	chr5	51033728	51033899	LINE/L2	673	-	86	51033814	30285
chr5	51003529	51203529	harbor1	chr5	51055643	51055947	LINE/L2	632	-	152	51055795	52266
chr5	51003529	51203529	harbor1	chr5	51093731	51094290	LINE/L2	559	-	280	51094011	90482
chr5	27969438	28169438	harbor1	chr5	28020454	28020857	LINE/L2	539	-	202	28020656	51218
chr5	27969438	28169438	harbor1	chr5	28024483	28024788	LINE/L2	933	-	152	28024635	55197
chr5	27969438	28169438	harbor1	chr5	28025084	28025588	LINE/L2	933	-	252	28025336	55898
chr5	27969438	28169438	harbor1	chr5	28037953	28038815	LINE/L2	513	-	431	28038384	68946
chr5	159682223	159882223	harbor1	chr5	159712440	159712691	LINE/L2	416	-	126	159712566	30343
chr5	159682223	159882223	harbor1	chr5	159754254	159754767	LINE/L2	649	-	256	159754510	72287
chr5	159682223	159882223	harbor1	chr5	159763270	159763727	LINE/L2	1163	-	228	159763498	81275
chr5	159682223	159882223	harbor1	chr5	159774213	159774632	LINE/L2	730	-	210	159774423	92200
chr5	76060976	76260976	harbor1	chr5	76077938	76078558	LINE/L2	2127	-	310	76078248	17272
chr5	76060976	76260976	harbor1	chr5	76101447	76101656	LINE/L2	434	-	104	76101551	40575
chr5	76060976	76260976	harbor1	chr5	76112049	76112705	LINE/L2	910	-	328	76112377	51401
chr5	177840343	178040343	harbor1	chr5	177850232	177850755	LINE/L2	1112	-	262	177850494	10151
chr5	177840343	178040343	harbor1	chr5	177850793	177850898	LINE/L2	1112	-	52	177850845	10502
chr5	177840343	178040343	harbor1	chr5	177928762	177929133	LINE/L2	526	-	186	177928948	88605
chr5	177840343	178040343	harbor1	chr5	177929825	177930470	LINE/L2	597	-	322	177930147	89804
chr5	87788169	87988169	harbor1	chr5	87832907	87833074	LINE/L2	427	-	84	87832991	44822
chr5	134072270	134272270	harbor1	chr5	134134895	134134960	LINE/L2	2828	-	32	134134927	62657
chr5	134072270	134272270	harbor1	chr5	134140161	134140558	LINE/L2	649	-	198	134140359	68089
chr5	134072270	134272270	harbor1	chr5	134168582	134169244	LINE/L2	1383	-	331	134168913	96643
chr5	134072270	134272270	harbor1	chr5	134135261	134136222	LINE/L2	2828	-	480	134135741	63471
chr5	90365978	90565978	harbor1	chr5	90368767	90369563	LINE/L2	2693	-	398	90369165	3187
chr5	90365978	90565978	harbor1	chr5	90421463	90421739	LINE/L2	446	-	138	90421601	55623
chr5	90365978	90565978	harbor1	chr5	90431215	90431568	LINE/L2	963	-	176	90431391	65413
chr5	90365978	90565978	harbor1	chr5	90431888	90432029	LINE/L2	963	-	70	90431958	65980
chr5	93230318	93430318	harbor1	chr5	93318634	93319546	LINE/L2	657	-	456	93319090	88772
chr5	106464090	106664090	harbor1	chr5	106514365	106515080	LINE/L2	553	-	358	106514723	50633
chr5	34345128	34545128	harbor1	chr5	34345446	34345802	LINE/L2	647	-	178	34345624	496
chr5	34345128	34545128	harbor1	chr5	34345806	34346480	LINE/L2	1009	-	337	34346143	1015
chr5	39975426	40175426	harbor1	chr5	39991428	39992385	LINE/L2	425	-	478	39991906	16480
chr5	39975426	40175426	harbor1	chr5	40031966	40032419	LINE/L2	517	-	226	40032192	56766
chr5	26961213	27161213	harbor1	chr5	27004598	27004923	LINE/L2	417	-	162	27004760	43547
chr5	173974889	174174889	harbor1	chr5	173997459	173997709	LINE/L2	416	-	125	173997584	22695
chr5	173974889	174174889	harbor1	chr5	174020685	174021082	LINE/L2	502	-	198	174020883	45994
chr5	173974889	174174889	harbor1	chr5	174021194	174021388	LINE/L2	467	-	97	174021291	46402
chr5	173974889	174174889	harbor1	chr5	174022786	174023000	LINE/L2	799	-	107	174022893	48004
chr5	173974889	174174889	harbor1	chr5	174023327	174023546	LINE/L2	799	-	110	174023437	48548
chr5	173974889	174174889	harbor1	chr5	174051507	174051522	LINE/L2	627	-	8	174051515	76626
chr5	173974889	174174889	harbor1	chr5	174051598	174051873	LINE/L2	627	-	138	174051736	76847
chr5	173974889	174174889	harbor1	chr5	174065035	174065046	LINE/L2	438	-	6	174065041	90152
chr5	173974889	174174889	harbor1	chr5	174065345	174065713	LINE/L2	438	-	184	174065529	90640
chr5	39576991	39776991	harbor1	chr5	39646864	39647132	LINE/L2	469	-	134	39646998	70007
chr5	39576991	39776991	harbor1	chr5	39656709	39656996	LINE/L2	520	-	144	39656853	79862
chr5	161166282	161366282	harbor1	chr5	161212793	161212913	LINE/L2	419	-	60	161212853	46571
chr5	161166282	161366282	harbor1	chr5	161218310	161218669	LINE/L2	928	-	180	161218490	52208
chr5	38461505	38661505	harbor1	chr5	38550638	38550759	LINE/L2	481	-	60	38550698	89193
chr5	144231643	144431643	harbor1	chr5	144236055	144236401	LINE/L2	644	-	173	144236228	4585
chr5	144231643	144431643	harbor1	chr5	144238811	144239011	LINE/L2	583	-	100	144238911	7268
chr5	144231643	144431643	harbor1	chr5	144245095	144245556	LINE/L2	648	-	230	144245325	13682
chr5	144231643	144431643	harbor1	chr5	144247989	144248867	LINE/L2	1436	-	439	144248428	16785
chr5	144231643	144431643	harbor1	chr5	144261953	144262462	LINE/L2	479	-	254	144262207	30564
chr5	99064949	99264949	harbor1	chr5	99152744	99153026	LINE/L2	515	-	141	99152885	87936
chr5	173828355	174028355	harbor1	chr5	173839807	173840096	LINE/L2	433	-	144	173839951	11596
chr5	173828355	174028355	harbor1	chr5	173848105	173848514	LINE/L2	572	-	204	173848309	19954
chr5	173828355	174028355	harbor1	chr5	173859654	173860237	LINE/L2	541	-	292	173859946	31591
chr5	173828355	174028355	harbor1	chr5	173886302	173886418	LINE/L2	416	-	58	173886360	58005
chr5	173828355	174028355	harbor1	chr5	173922827	173922943	LINE/L2	423	-	58	173922885	94530
chr5	89232097	89432097	harbor1	chr5	89241929	89243206	LINE/L2	1292	-	638	89242567	10470
chr5	89232097	89432097	harbor1	chr5	89243664	89244139	LINE/L2	1087	-	238	89243902	11805
chr5	89232097	89432097	harbor1	chr5	89300014	89300177	LINE/L2	494	-	82	89300096	67999
chr5	90266077	90466077	harbor1	chr5	90285016	90285090	LINE/L2	546	-	37	90285053	18976
chr5	90266077	90466077	harbor1	chr5	90285393	90285793	LINE/L2	546	-	200	90285593	19516
chr5	90266077	90466077	harbor1	chr5	90333983	90334241	LINE/L2	681	-	129	90334112	68035
chr5	90266077	90466077	harbor1	chr5	90334331	90334519	LINE/L2	681	-	94	90334425	68348
chr5	98366037	98566037	harbor1	chr5	98431957	98432234	LINE/L2	462	-	138	98432095	66058
chr5	98366037	98566037	harbor1	chr5	98463237	98463504	LINE/L2	479	-	134	98463371	97334
chr5	98366037	98566037	harbor1	chr5	98463861	98463935	LINE/L2	479	-	37	98463898	97861
chr5	112697116	112897116	harbor1	chr5	112706066	112706453	LINE/L2	465	-	194	112706260	9144
chr5	112697116	112897116	harbor1	chr5	112720531	112721131	LINE/L2	1097	-	300	112720831	23715
chr5	112697116	112897116	harbor1	chr5	112721441	112721766	LINE/L2	1097	-	162	112721603	24487
chr5	112697116	112897116	harbor1	chr5	112722006	112722169	LINE/L2	479	-	82	112722088	24972
chr5	112697116	112897116	harbor1	chr5	112724411	112724862	LINE/L2	416	-	226	112724637	27521
chr5	112697116	112897116	harbor1	chr5	112729175	112729646	LINE/L2	480	-	236	112729411	32295
chr5	54259303	54459303	harbor1	chr5	54270536	54270666	LINE/L2	555	-	65	54270601	11298
chr5	54259303	54459303	harbor1	chr5	54287201	54287514	LINE/L2	425	-	156	54287357	28054
chr5	54259303	54459303	harbor1	chr5	54289184	54289399	LINE/L2	566	-	108	54289292	29989
chr5	53011930	53211930	harbor1	chr5	53024459	53024903	LINE/L2	642	-	222	53024681	12751
chr5	53011930	53211930	harbor1	chr5	53065224	53065534	LINE/L2	653	-	155	53065379	53449
chr5	179569916	179769916	harbor1	chr5	179647266	179647810	LINE/L2	820	-	272	179647538	77622
chr5	160590546	160790546	harbor1	chr5	160613009	160613647	LINE/L2	450	-	319	160613328	22782
chr5	160590546	160790546	harbor1	chr5	160634970	160635557	LINE/L2	720	-	294	160635264	44718
chr5	130263508	130463508	harbor1	chr5	130298619	130299349	LINE/L2	693	-	365	130298984	35476
chr5	130263508	130463508	harbor1	chr5	130342239	130342860	LINE/L2	927	-	310	130342549	79041
chr5	130263508	130463508	harbor1	chr5	130342866	130343773	LINE/L2	992	-	454	130343320	79812
chr5	175260696	175460696	harbor1	chr5	175301652	175301911	LINE/L2	418	-	130	175301782	41086
chr5	175260696	175460696	harbor1	chr5	175303043	175303313	LINE/L2	731	-	135	175303178	42482
chr5	175260696	175460696	harbor1	chr5	175303601	175303771	LINE/L2	731	-	85	175303686	42990
chr5	175260696	175460696	harbor1	chr5	175322518	175323292	LINE/L2	1008	-	387	175322905	62209
chr5	136868045	137068045	harbor1	chr5	136890655	136891161	LINE/L2	474	-	253	136890908	22863
chr5	136868045	137068045	harbor1	chr5	136909687	136910079	LINE/L2	422	-	196	136909883	41838
chr5	136868045	137068045	harbor1	chr5	136925496	136925753	LINE/L2	466	-	128	136925624	57579
chr5	89797764	89997764	harbor1	chr5	89820815	89821136	LINE/L2	556	-	160	89820975	23211
chr5	89797764	89997764	harbor1	chr5	89887621	89888071	LINE/L2	829	-	225	89887846	90082
chr5	89797764	89997764	harbor1	chr5	89888776	89889063	LINE/L2	649	-	144	89888920	91156
chr5	89797764	89997764	harbor1	chr5	89889093	89890751	LINE/L2	1879	-	829	89889922	92158
chr5	7298465	7498465	harbor1	chr5	7315532	7316081	LINE/L2	479	-	274	7315806	17341
chr5	7298465	7498465	harbor1	chr5	7390382	7390534	LINE/L2	422	-	76	7390458	91993
chr5	158243711	158443711	harbor1	chr5	158257025	158257129	LINE/L2	466	-	52	158257077	13366
chr5	158243711	158443711	harbor1	chr5	158319334	158319535	LINE/L2	475	-	100	158319434	75723
chr5	158243711	158443711	harbor1	chr5	158323023	158323656	LINE/L2	725	-	316	158323339	79628
chr5	158243711	158443711	harbor1	chr5	158269280	158269446	LINE/L2	592	-	83	158269363	25652
chr5	172149908	172349908	harbor1	chr5	172174479	172174826	LINE/L2	449	-	174	172174653	24745
chr5	40175910	40375910	harbor1	chr5	40200255	40200422	LINE/L2	426	-	84	40200339	24429
chr5	40175910	40375910	harbor1	chr5	40221574	40221860	LINE/L2	546	-	143	40221717	45807
chr5	40175910	40375910	harbor1	chr5	40261216	40261668	LINE/L2	865	-	226	40261442	85532
chr5	40175910	40375910	harbor1	chr5	40261968	40262452	LINE/L2	865	-	242	40262210	86300
chr5	57285825	57485825	harbor1	chr5	57333483	57334000	LINE/L2	462	-	258	57333741	47916
chr5	57285825	57485825	harbor1	chr5	57346197	57346320	LINE/L2	527	-	62	57346259	60434
chr5	57285825	57485825	harbor1	chr5	57346296	57346586	LINE/L2	876	-	145	57346441	60616
chr5	57285825	57485825	harbor1	chr5	57358716	57358970	LINE/L2	656	-	127	57358843	73018
chr5	57285825	57485825	harbor1	chr5	57359809	57360410	LINE/L2	1707	-	300	57360109	74284
chr5	17419368	17619368	harbor1	chr5	17423372	17424100	LINE/L2	804	-	364	17423736	4368
chr5	17419368	17619368	harbor1	chr5	17435325	17435464	LINE/L2	724	-	70	17435395	16027
chr5	17419368	17619368	harbor1	chr5	17435766	17436241	LINE/L2	724	-	238	17436004	16636
chr5	17419368	17619368	harbor1	chr5	17446700	17447331	LINE/L2	558	-	316	17447016	27648
chr5	9885825	10085825	harbor1	chr5	9939419	9940734	LINE/L2	1159	-	658	9940077	54252
chr5	9885825	10085825	harbor1	chr5	9953659	9954375	LINE/L2	507	-	358	9954017	68192
chr5	151998542	152198542	harbor1	chr5	152045285	152045815	LINE/L2	520	-	265	152045550	47008
chr5	151998542	152198542	harbor1	chr5	152046886	152047085	LINE/L2	421	-	100	152046986	48444
chr5	151998542	152198542	harbor1	chr5	152053259	152053613	LINE/L2	639	-	177	152053436	54894
chr5	151998542	152198542	harbor1	chr5	152063047	152063761	LINE/L2	805	-	357	152063404	64862
chr5	151998542	152198542	harbor1	chr5	152069658	152069935	LINE/L2	530	-	138	152069796	71254
chr5	149108535	149308535	harbor1	chr5	149124816	149125006	LINE/L2	434	-	95	149124911	16376
chr5	149108535	149308535	harbor1	chr5	149125789	149126394	LINE/L2	1354	-	302	149126091	17556
chr5	149108535	149308535	harbor1	chr5	149133890	149134358	LINE/L2	925	-	234	149134124	25589
chr5	149108535	149308535	harbor1	chr5	149140885	149141104	LINE/L2	463	-	110	149140995	32460
chr5	159930021	160130021	harbor1	chr5	159944804	159945097	LINE/L2	863	-	146	159944950	14929
chr5	159930021	160130021	harbor1	chr5	159945383	159945736	LINE/L2	972	-	176	159945559	15538
chr5	159930021	160130021	harbor1	chr5	159946047	159946168	LINE/L2	972	-	60	159946107	16086
chr5	159930021	160130021	harbor1	chr5	160002369	160002696	LINE/L2	614	-	164	160002533	72512
chr5	159930021	160130021	harbor1	chr5	160002997	160003168	LINE/L2	614	-	86	160003083	73062
chr5	159930021	160130021	harbor1	chr5	160003466	160003536	LINE/L2	518	-	35	160003501	73480
chr5	159930021	160130021	harbor1	chr5	160017841	160017994	LINE/L2	529	-	76	160017917	87896
chr5	159930021	160130021	harbor1	chr5	160018342	160019021	LINE/L2	819	-	340	160018682	88661
chr5	71117468	71317468	harbor1	chr5	71190047	71190755	LINE/L2	896	-	354	71190401	72933
chr5	120292448	120492448	harbor1	chr5	120363135	120363378	LINE/L2	488	-	122	120363257	70809
chr5	38370025	38570025	harbor1	chr5	38383540	38384143	LINE/L2	737	-	302	38383842	13817
chr5	38370025	38570025	harbor1	chr5	38398274	38398754	LINE/L2	482	-	240	38398514	28489
chr5	38370025	38570025	harbor1	chr5	38421506	38421866	LINE/L2	415	-	180	38421686	51661
chr5	60923588	61123588	harbor1	chr5	60963584	60963954	LINE/L2	1077	-	185	60963769	40181
chr5	60923588	61123588	harbor1	chr5	60963962	60964125	LINE/L2	647	-	82	60964044	40456
chr5	60923588	61123588	harbor1	chr5	60975291	60975937	LINE/L2	1894	-	323	60975614	52026
chr5	35245409	35445409	harbor1	chr5	35281995	35282502	LINE/L2	712	-	254	35282249	36840
chr5	26799773	26999773	harbor1	chr5	26876787	26878068	LINE/L2	1559	-	640	26877427	77654
chr5	129142095	129342095	harbor1	chr5	129170334	129170664	LINE/L2	429	-	165	129170499	28404
chr5	175848152	176048152	harbor1	chr5	175848298	175848554	LINE/L2	531	-	128	175848426	274
chr5	175848152	176048152	harbor1	chr5	175848546	175849108	LINE/L2	779	-	281	175848827	675
chr5	175848152	176048152	harbor1	chr5	175854847	175855181	LINE/L2	441	-	167	175855014	6862
chr5	175848152	176048152	harbor1	chr5	175862235	175862669	LINE/L2	474	-	217	175862452	14300
chr5	175848152	176048152	harbor1	chr5	175886921	175887041	LINE/L2	426	-	60	175886981	38829
chr5	175848152	176048152	harbor1	chr5	175891259	175891438	LINE/L2	618	-	90	175891349	43197
chr5	175848152	176048152	harbor1	chr5	175912934	175913274	LINE/L2	1123	-	170	175913104	64952
chr5	175848152	176048152	harbor1	chr5	175913622	175913773	LINE/L2	1123	-	76	175913698	65546
chr5	161747911	161947911	harbor1	chr5	161790713	161790918	LINE/L2	473	-	102	161790815	42904
chr5	161747911	161947911	harbor1	chr5	161820768	161821116	LINE/L2	649	-	174	161820942	73031
chr5	169152805	169352805	harbor1	chr5	169179871	169180600	LINE/L2	943	-	364	169180235	27430
chr5	169152805	169352805	harbor1	chr5	169198150	169198405	LINE/L2	575	-	128	169198278	45473
chr5	169152805	169352805	harbor1	chr5	169203668	169205197	LINE/L2	3048	-	764	169204432	51627
chr5	166911735	167111735	harbor1	chr5	166911999	166912155	LINE/L2	432	-	78	166912077	342
chr5	166911735	167111735	harbor1	chr5	166912468	166912556	LINE/L2	432	-	44	166912512	777
chr5	166911735	167111735	harbor1	chr5	166912854	166913218	LINE/L2	432	-	182	166913036	1301
chr5	166911735	167111735	harbor1	chr5	166917816	166918233	LINE/L2	741	-	208	166918024	6289
chr5	166911735	167111735	harbor1	chr5	166918553	166918618	LINE/L2	741	-	32	166918585	6850
chr5	166911735	167111735	harbor1	chr5	166948863	166949216	LINE/L2	899	-	176	166949039	37304
chr5	166911735	167111735	harbor1	chr5	166998048	166998415	LINE/L2	597	-	184	166998232	86497
chr5	166911735	167111735	harbor1	chr5	166999081	166999366	LINE/L2	514	-	142	166999223	87488
chr5	39583943	39783943	harbor1	chr5	39646864	39647132	LINE/L2	469	-	134	39646998	63055
chr5	39583943	39783943	harbor1	chr5	39656709	39656996	LINE/L2	520	-	144	39656853	72910
chr5	116615102	116815102	harbor1	chr5	116640177	116640304	LINE/L2	438	-	64	116640241	25139
chr5	116615102	116815102	harbor1	chr5	116640380	116642279	LINE/L2	3225	-	950	116641330	26228
chr5	116615102	116815102	harbor1	chr5	116697593	116697880	LINE/L2	2185	-	144	116697737	82635
chr5	116615102	116815102	harbor1	chr5	116698184	116698340	LINE/L2	2185	-	78	116698262	83160
chr5	116615102	116815102	harbor1	chr5	116698636	116699021	LINE/L2	2185	-	192	116698828	83726
chr5	149838695	150038695	harbor1	chr5	149840974	149841306	LINE/L2	415	-	166	149841140	2445
chr5	149838695	150038695	harbor1	chr5	149871273	149871972	LINE/L2	739	-	350	149871623	32928
chr5	149838695	150038695	harbor1	chr5	149936862	149937372	LINE/L2	699	-	255	149937117	98422
chr5	62575511	62775511	harbor1	chr5	62581721	62582538	LINE/L2	792	-	408	62582129	6618
chr5	62575511	62775511	harbor1	chr5	62585487	62585979	LINE/L2	676	-	246	62585733	10222
chr5	62575511	62775511	harbor1	chr5	62639033	62639390	LINE/L2	419	-	178	62639211	63700
chr5	171929045	172129045	harbor1	chr5	171944942	171945241	LINE/L2	820	-	150	171945092	16047
chr5	171929045	172129045	harbor1	chr5	172007359	172007509	LINE/L2	627	-	75	172007434	78389
chr5	24186286	24386286	harbor1	chr5	24207864	24208351	LINE/L2	866	-	244	24208108	21822
chr5	24186286	24386286	harbor1	chr5	24245044	24245270	LINE/L2	504	-	113	24245157	58871
chr5	114009195	114209195	harbor1	chr5	114033629	114033821	LINE/L2	471	-	96	114033725	24530
chr5	114009195	114209195	harbor1	chr5	114044914	114045040	LINE/L2	470	-	63	114044977	35782
chr5	114009195	114209195	harbor1	chr5	114050583	114050752	LINE/L2	471	-	84	114050667	41472
chr5	114009195	114209195	harbor1	chr5	114057516	114057759	LINE/L2	540	-	122	114057638	48443
chr5	114009195	114209195	harbor1	chr5	114059071	114059439	LINE/L2	737	-	184	114059255	50060
chr5	114009195	114209195	harbor1	chr5	114061091	114061249	LINE/L2	630	-	79	114061170	51975
chr5	114009195	114209195	harbor1	chr5	114032539	114032850	LINE/L2	781	-	156	114032695	23500
chr6	7574554	7774554	harbor1	chr6	7591965	7592464	LINE/L2	460	-	250	7592215	17661
chr6	7574554	7774554	harbor1	chr6	7592732	7593580	LINE/L2	599	-	424	7593156	18602
chr6	7574554	7774554	harbor1	chr6	7673825	7674099	LINE/L2	796	-	137	7673962	99408
chr6	164486733	164686733	harbor1	chr6	164497374	164497498	LINE/L2	531	-	62	164497436	10703
chr6	164486733	164686733	harbor1	chr6	164528627	164530334	LINE/L2	2491	-	854	164529481	42748
chr6	164486733	164686733	harbor1	chr6	164533859	164534139	LINE/L2	428	-	140	164533999	47266
chr6	164486733	164686733	harbor1	chr6	164584808	164585977	LINE/L2	1794	-	584	164585392	98659
chr6	164486733	164686733	harbor1	chr6	164527899	164528142	LINE/L2	976	-	122	164528021	41288
chr6	20161315	20361315	harbor1	chr6	20218518	20219283	LINE/L2	1285	-	382	20218900	57585
chr6	128283216	128483216	harbor1	chr6	128337794	128338477	LINE/L2	529	-	342	128338136	54920
chr6	125801913	126001913	harbor1	chr6	125827885	125828197	LINE/L2	699	-	156	125828041	26128
chr6	126482795	126682795	harbor1	chr6	126541363	126542079	LINE/L2	894	-	358	126541721	58926
chr6	126482795	126682795	harbor1	chr6	126542189	126542396	LINE/L2	467	-	104	126542293	59498
chr6	126482795	126682795	harbor1	chr6	126579209	126579407	LINE/L2	450	-	99	126579308	96513
chr6	109606384	109806384	harbor1	chr6	109632475	109632774	LINE/L2	1032	-	150	109632625	26241
chr6	109606384	109806384	harbor1	chr6	109642616	109643249	LINE/L2	1493	-	316	109642932	36548
chr6	109606384	109806384	harbor1	chr6	109657208	109657549	LINE/L2	1282	-	170	109657378	50994
chr6	109606384	109806384	harbor1	chr6	109657797	109657874	LINE/L2	1282	-	38	109657835	51451
chr6	109606384	109806384	harbor1	chr6	109658295	109658473	LINE/L2	447	-	89	109658384	52000
chr6	147275233	147475233	harbor1	chr6	147284376	147285059	LINE/L2	621	-	342	147284718	9485
chr6	147275233	147475233	harbor1	chr6	147289843	147289918	LINE/L2	476	-	38	147289881	14648
chr6	147275233	147475233	harbor1	chr6	147290226	147290373	LINE/L2	476	-	74	147290300	15067
chr6	147275233	147475233	harbor1	chr6	147332190	147332751	LINE/L2	790	-	280	147332470	57237
chr6	147275233	147475233	harbor1	chr6	147356984	147357434	LINE/L2	440	-	225	147357209	81976
chr6	147275233	147475233	harbor1	chr6	147308455	147308667	LINE/L2	787	-	106	147308561	33328
chr6	125665651	125865651	harbor1	chr6	125699637	125699860	LINE/L2	633	-	112	125699749	34098
chr6	43090959	43290959	harbor1	chr6	43135294	43135758	LINE/L2	1662	-	232	43135526	44567
chr6	43090959	43290959	harbor1	chr6	43137122	43137682	LINE/L2	1662	-	280	43137402	46443
chr6	92262488	92462488	harbor1	chr6	92262519	92263269	LINE/L2	1236	-	375	92262894	406
chr6	92262488	92462488	harbor1	chr6	92285543	92286199	LINE/L2	681	-	328	92285871	23383
chr6	92262488	92462488	harbor1	chr6	92317749	92318696	LINE/L2	1283	-	474	92318223	55735
chr6	159931637	160131637	harbor1	chr6	160003636	160003989	LINE/L2	798	-	176	160003812	72175
chr6	159931637	160131637	harbor1	chr6	160022590	160022981	LINE/L2	758	-	196	160022786	91149
chr6	159931637	160131637	harbor1	chr6	160022998	160023468	LINE/L2	1044	-	235	160023233	91596
chr6	159931637	160131637	harbor1	chr6	160023720	160024389	LINE/L2	1253	-	334	160024054	92417
chr6	150161979	150361979	harbor1	chr6	150201381	150201892	LINE/L2	783	-	256	150201637	39658
chr6	4441046	4641046	harbor1	chr6	4441464	4442256	LINE/L2	2626	-	396	4441860	814
chr6	67977629	68177629	harbor1	chr6	68006637	68007225	LINE/L2	515	-	294	68006931	29302
chr6	67977629	68177629	harbor1	chr6	68012140	68012684	LINE/L2	487	-	272	68012412	34783
chr6	25776004	25976004	harbor1	chr6	25778530	25778988	LINE/L2	827	-	229	25778759	2755
chr6	25776004	25976004	harbor1	chr6	25814211	25814352	LINE/L2	713	-	70	25814281	38277
chr6	25776004	25976004	harbor1	chr6	25863880	25864826	LINE/L2	1940	-	473	25864353	88349
chr6	26316125	26516125	harbor1	chr6	26361133	26361332	LINE/L2	686	-	100	26361233	45108
chr6	26316125	26516125	harbor1	chr6	26388711	26388839	LINE/L2	929	-	64	26388775	72650
chr6	26316125	26516125	harbor1	chr6	26389135	26389735	LINE/L2	967	-	300	26389435	73310
chr6	26316125	26516125	harbor1	chr6	26395482	26396477	LINE/L2	2104	-	498	26395980	79855
chr6	26316125	26516125	harbor1	chr6	26361600	26362356	LINE/L2	1848	-	378	26361978	45853
chr6	120948150	121148150	harbor1	chr6	121005480	121005996	LINE/L2	1138	-	258	121005738	57588
chr6	120948150	121148150	harbor1	chr6	121006360	121006392	LINE/L2	511	-	16	121006376	58226
chr6	120948150	121148150	harbor1	chr6	121006954	121007869	LINE/L2	2351	-	458	121007412	59262
chr6	120948150	121148150	harbor1	chr6	121008180	121008711	LINE/L2	1599	-	266	121008446	60296
chr6	116620103	116820103	harbor1	chr6	116646400	116646589	LINE/L2	762	-	94	116646494	26391
chr6	116620103	116820103	harbor1	chr6	116646876	116647019	LINE/L2	762	-	72	116646948	26845
chr6	116620103	116820103	harbor1	chr6	116669895	116670077	LINE/L2	579	-	91	116669986	49883
chr6	116620103	116820103	harbor1	chr6	116675532	116676121	LINE/L2	854	-	294	116675826	55723
chr6	116620103	116820103	harbor1	chr6	116670401	116670665	LINE/L2	579	-	132	116670533	50430
chr6	112084800	112284800	harbor1	chr6	112127111	112127798	LINE/L2	1168	-	344	112127455	42655
chr6	112084800	112284800	harbor1	chr6	112161508	112162188	LINE/L2	1463	-	340	112161848	77048
chr6	112084800	112284800	harbor1	chr6	112162503	112162965	LINE/L2	1463	-	231	112162734	77934
chr6	112084800	112284800	harbor1	chr6	112163417	112164619	LINE/L2	1463	-	601	112164018	79218
chr6	112084800	112284800	harbor1	chr6	112170625	112171056	LINE/L2	674	-	216	112170841	86041
chr6	118740268	118940268	harbor1	chr6	118750532	118750751	LINE/L2	984	-	110	118750642	10374
chr6	118740268	118940268	harbor1	chr6	118751257	118751588	LINE/L2	2144	-	166	118751423	11155
chr6	118740268	118940268	harbor1	chr6	118751898	118752445	LINE/L2	2144	-	274	118752172	11904
chr6	118740268	118940268	harbor1	chr6	118752446	118752977	LINE/L2	462	-	266	118752712	12444
chr6	118740268	118940268	harbor1	chr6	118804243	118804349	LINE/L2	475	-	53	118804296	64028
chr6	118740268	118940268	harbor1	chr6	118805981	118806101	LINE/L2	451	-	60	118806041	65773
chr6	118740268	118940268	harbor1	chr6	118806384	118807741	LINE/L2	2856	-	678	118807062	66794
chr6	164027340	164227340	harbor1	chr6	164061957	164062221	LINE/L2	453	-	132	164062089	34749
chr6	164027340	164227340	harbor1	chr6	164095386	164096115	LINE/L2	484	-	364	164095750	68410
chr6	164027340	164227340	harbor1	chr6	164114608	164114927	LINE/L2	483	-	160	164114768	87428
chr6	63082852	63282852	harbor1	chr6	63089349	63089637	LINE/L2	682	-	144	63089493	6641
chr6	86439643	86639643	harbor1	chr6	86456216	86456431	LINE/L2	746	-	108	86456324	16681
chr6	86439643	86639643	harbor1	chr6	86467416	86467596	LINE/L2	634	-	90	86467506	27863
chr6	86439643	86639643	harbor1	chr6	86468133	86468213	LINE/L2	634	-	40	86468173	28530
chr6	86439643	86639643	harbor1	chr6	86538026	86538217	LINE/L2	523	-	96	86538122	98479
chr6	86439643	86639643	harbor1	chr6	86539113	86539701	LINE/L2	1752	-	294	86539407	99764
chr6	135031307	135231307	harbor1	chr6	135105197	135105778	LINE/L2	1184	-	290	135105487	74180
chr6	18038607	18238607	harbor1	chr6	18040095	18040412	LINE/L2	520	-	158	18040253	1646
chr6	18038607	18238607	harbor1	chr6	18078685	18079265	LINE/L2	1344	-	290	18078975	40368
chr6	18038607	18238607	harbor1	chr6	18079489	18079608	LINE/L2	429	-	60	18079549	40942
chr6	18038607	18238607	harbor1	chr6	18079909	18080090	LINE/L2	429	-	90	18079999	41392
chr6	18038607	18238607	harbor1	chr6	18115733	18115868	LINE/L2	502	-	68	18115801	77194
chr6	70313575	70513575	harbor1	chr6	70374490	70375064	LINE/L2	1204	-	287	70374777	61202
chr6	70313575	70513575	harbor1	chr6	70386584	70386958	LINE/L2	859	-	187	70386771	73196
chr6	70313575	70513575	harbor1	chr6	70385565	70386274	LINE/L2	859	-	354	70385919	72344
chr6	7526584	7726584	harbor1	chr6	7591965	7592464	LINE/L2	460	-	250	7592215	65631
chr6	7526584	7726584	harbor1	chr6	7592732	7593580	LINE/L2	599	-	424	7593156	66572
chr6	83689592	83889592	harbor1	chr6	83722722	83722988	LINE/L2	457	-	133	83722855	33263
chr6	12391601	12591601	harbor1	chr6	12450854	12451296	LINE/L2	947	-	221	12451075	59474
chr6	12391601	12591601	harbor1	chr6	12452948	12453148	LINE/L2	487	-	100	12453048	61447
chr6	12391601	12591601	harbor1	chr6	12453196	12453524	LINE/L2	453	-	164	12453360	61759
chr6	12391601	12591601	harbor1	chr6	12451620	12452106	LINE/L2	947	-	243	12451863	60262
chr6	107500963	107700963	harbor1	chr6	107541975	107542527	LINE/L2	828	-	276	107542251	41288
chr6	107500963	107700963	harbor1	chr6	107550430	107550652	LINE/L2	437	-	111	107550541	49578
chr6	107500963	107700963	harbor1	chr6	107581013	107581366	LINE/L2	494	-	176	107581189	80226
chr6	107500963	107700963	harbor1	chr6	107583190	107583425	LINE/L2	567	-	118	107583308	82345
chr6	107500963	107700963	harbor1	chr6	107590883	107591021	LINE/L2	443	-	69	107590952	89989
chr6	107500963	107700963	harbor1	chr6	107544329	107544661	LINE/L2	568	-	166	107544495	43532
chr6	83763171	83963171	harbor1	chr6	83855335	83855924	LINE/L2	703	-	294	83855629	92458
chr6	34495959	34695959	harbor1	chr6	34543251	34543760	LINE/L2	909	-	254	34543505	47546
chr6	34495959	34695959	harbor1	chr6	34562236	34562558	LINE/L2	489	-	161	34562397	66438
chr6	34495959	34695959	harbor1	chr6	34563627	34563884	LINE/L2	685	-	128	34563755	67796
chr6	34495959	34695959	harbor1	chr6	34564203	34564239	LINE/L2	685	-	18	34564221	68262
chr6	34495959	34695959	harbor1	chr6	34521026	34521255	LINE/L2	571	-	114	34521140	25181
chr6	86563747	86763747	harbor1	chr6	86588338	86588608	LINE/L2	471	-	135	86588473	24726
chr6	86563747	86763747	harbor1	chr6	86588788	86589340	LINE/L2	640	-	276	86589064	25317
chr6	86563747	86763747	harbor1	chr6	86593207	86593449	LINE/L2	607	-	121	86593328	29581
chr6	34127346	34327346	harbor1	chr6	34127216	34127813	LINE/L2	955	-	298	34127514	168
chr6	34127346	34327346	harbor1	chr6	34139870	34140432	LINE/L2	1363	-	281	34140151	12805
chr6	34127346	34327346	harbor1	chr6	34200362	34200564	LINE/L2	602	-	101	34200463	73117
chr6	34127346	34327346	harbor1	chr6	34201465	34201594	LINE/L2	580	-	64	34201529	74183
chr6	34127346	34327346	harbor1	chr6	34201904	34202020	LINE/L2	580	-	58	34201962	74616
chr6	34127346	34327346	harbor1	chr6	34203293	34203502	LINE/L2	580	-	104	34203397	76051
chr6	109763746	109963746	harbor1	chr6	109798154	109798737	LINE/L2	474	-	292	109798446	34700
chr6	109763746	109963746	harbor1	chr6	109811523	109811935	LINE/L2	1037	-	206	109811729	47983
chr6	109763746	109963746	harbor1	chr6	109812292	109812510	LINE/L2	1037	-	109	109812401	48655
chr6	109763746	109963746	harbor1	chr6	109812511	109812937	LINE/L2	1002	-	213	109812724	48978
chr6	154505258	154705258	harbor1	chr6	154575476	154575924	LINE/L2	564	-	224	154575700	70442
chr6	94080583	94280583	harbor1	chr6	94162204	94162647	LINE/L2	778	-	222	94162426	81843
chr6	51569033	51769033	harbor1	chr6	51627852	51628052	LINE/L2	517	-	100	51627952	58919
chr6	51569033	51769033	harbor1	chr6	51635437	51635814	LINE/L2	806	-	188	51635625	66592
chr6	149647378	149847378	harbor1	chr6	149677549	149677708	LINE/L2	442	-	80	149677629	30251
chr6	149647378	149847378	harbor1	chr6	149688608	149688885	LINE/L2	460	-	138	149688746	41368
chr6	149647378	149847378	harbor1	chr6	149689180	149689308	LINE/L2	460	-	64	149689244	41866
chr6	71201362	71401362	harbor1	chr6	71209350	71209573	LINE/L2	578	-	112	71209462	8100
chr6	71201362	71401362	harbor1	chr6	71290786	71291650	LINE/L2	1837	-	432	71291218	89856
chr6	152402005	152602005	harbor1	chr6	152477156	152477520	LINE/L2	759	-	182	152477338	75333
chr6	152402005	152602005	harbor1	chr6	152477762	152477816	LINE/L2	3965	-	27	152477789	75784
chr6	152402005	152602005	harbor1	chr6	152478062	152479377	LINE/L2	3965	-	658	152478720	76715
chr6	62572607	62772607	harbor1	chr6	62599666	62600294	LINE/L2	741	-	314	62599980	27373
chr6	17125487	17325487	harbor1	chr6	17160699	17161097	LINE/L2	590	-	199	17160898	35411
chr6	17125487	17325487	harbor1	chr6	17188185	17188491	LINE/L2	450	-	153	17188338	62851
chr6	17125487	17325487	harbor1	chr6	17188789	17189508	LINE/L2	2909	-	360	17189149	63662
chr6	17125487	17325487	harbor1	chr6	17189816	17190359	LINE/L2	2909	-	272	17190088	64601
chr6	17125487	17325487	harbor1	chr6	17190654	17190822	LINE/L2	2909	-	84	17190738	65251
chr6	46871561	47071561	harbor1	chr6	46892888	46893058	LINE/L2	469	-	85	46892973	21412
chr6	46871561	47071561	harbor1	chr6	46893085	46893255	LINE/L2	469	-	85	46893170	21609
chr6	46871561	47071561	harbor1	chr6	46911739	46911940	LINE/L2	421	-	100	46911839	40278
chr6	46871561	47071561	harbor1	chr6	46912234	46912522	LINE/L2	566	-	144	46912378	40817
chr6	46871561	47071561	harbor1	chr6	46912553	46912677	LINE/L2	518	-	62	46912615	41054
chr6	46871561	47071561	harbor1	chr6	46913128	46913215	LINE/L2	518	-	44	46913172	41611
chr6	46871561	47071561	harbor1	chr6	46913524	46913745	LINE/L2	518	-	110	46913634	42073
chr6	83840575	84040575	harbor1	chr6	83855335	83855924	LINE/L2	703	-	294	83855629	15054
chr6	150473108	150673108	harbor1	chr6	150514876	150515082	LINE/L2	450	-	103	150514979	41871
chr6	77437407	77637407	harbor1	chr6	77465643	77465906	LINE/L2	464	-	132	77465775	28368
chr6	152414955	152614955	harbor1	chr6	152477156	152477520	LINE/L2	759	-	182	152477338	62383
chr6	152414955	152614955	harbor1	chr6	152477762	152477816	LINE/L2	3965	-	27	152477789	62834
chr6	152414955	152614955	harbor1	chr6	152478062	152479377	LINE/L2	3965	-	658	152478720	63765
chr6	50090444	50290444	harbor1	chr6	50120217	50121132	LINE/L2	2591	-	458	50120675	30231
chr6	50090444	50290444	harbor1	chr6	50189423	50190155	LINE/L2	658	-	366	50189789	99345
chr6	45845126	46045126	harbor1	chr6	45883551	45883995	LINE/L2	501	-	222	45883773	38647
chr6	153304996	153504996	harbor1	chr6	153330796	153330933	LINE/L2	465	-	68	153330864	25868
chr6	153304996	153504996	harbor1	chr6	153331241	153331312	LINE/L2	465	-	36	153331277	26281
chr6	153304996	153504996	harbor1	chr6	153339842	153340040	LINE/L2	432	-	99	153339941	34945
chr6	49492327	49692327	harbor1	chr6	49511511	49511672	LINE/L2	434	-	80	49511591	19264
chr6	49492327	49692327	harbor1	chr6	49529541	49529941	LINE/L2	1025	-	200	49529741	37414
chr6	49492327	49692327	harbor1	chr6	49530013	49530264	LINE/L2	1025	-	126	49530139	37812
chr6	17858844	18058844	harbor1	chr6	17925183	17925441	LINE/L2	943	-	129	17925312	66468
chr6	105342515	105542515	harbor1	chr6	105354881	105355092	LINE/L2	487	-	106	105354987	12472
chr6	105342515	105542515	harbor1	chr6	105355354	105355416	LINE/L2	487	-	31	105355385	12870
chr6	105342515	105542515	harbor1	chr6	105380132	105380552	LINE/L2	506	-	210	105380342	37827
chr6	105342515	105542515	harbor1	chr6	105426832	105427196	LINE/L2	483	-	182	105427014	84499
chr6	105342515	105542515	harbor1	chr6	105427573	105427640	LINE/L2	483	-	34	105427607	85092
chr6	62118920	62318920	harbor1	chr6	62154940	62155516	LINE/L2	750	-	288	62155228	36308
chr6	62118920	62318920	harbor1	chr6	62160014	62160427	LINE/L2	535	-	206	62160220	41300
chr6	62118920	62318920	harbor1	chr6	62160479	62160763	LINE/L2	530	-	142	62160621	41701
chr6	62118920	62318920	harbor1	chr6	62162750	62163236	LINE/L2	866	-	243	62162993	44073
chr6	62118920	62318920	harbor1	chr6	62187344	62187502	LINE/L2	481	-	79	62187423	68503
chr6	62118920	62318920	harbor1	chr6	62188468	62188726	LINE/L2	451	-	129	62188597	69677
chr6	62118920	62318920	harbor1	chr6	62189592	62190356	LINE/L2	1565	-	382	62189974	71054
chr6	51541284	51741284	harbor1	chr6	51627852	51628052	LINE/L2	517	-	100	51627952	86668
chr6	51541284	51741284	harbor1	chr6	51635437	51635814	LINE/L2	806	-	188	51635625	94341
chr6	56356147	56556147	harbor1	chr6	56376083	56376542	LINE/L2	604	-	230	56376313	20166
chr6	56356147	56556147	harbor1	chr6	56419825	56419942	LINE/L2	518	-	58	56419883	63736
chr6	37781668	37981668	harbor1	chr6	37831402	37832013	LINE/L2	762	-	306	37831708	50040
chr6	37781668	37981668	harbor1	chr6	37877420	37877624	LINE/L2	583	-	102	37877522	95854
chr6	37781668	37981668	harbor1	chr6	37877784	37878070	LINE/L2	652	-	143	37877927	96259
chr6	153802596	154002596	harbor1	chr6	153871346	153871513	LINE/L2	596	-	84	153871430	68834
chr6	153802596	154002596	harbor1	chr6	153878660	153878794	LINE/L2	428	-	67	153878727	76131
chr6	22547808	22747808	harbor1	chr6	22578062	22578310	LINE/L2	718	-	124	22578186	30378
chr6	89472274	89672274	harbor1	chr6	89503567	89504261	LINE/L2	1183	-	347	89503914	31640
chr6	89472274	89672274	harbor1	chr6	89518418	89518793	LINE/L2	797	-	188	89518606	46332
chr6	89472274	89672274	harbor1	chr6	89519186	89519692	LINE/L2	797	-	253	89519439	47165
chr6	89472274	89672274	harbor1	chr6	89556615	89556742	LINE/L2	455	-	64	89556679	84405
chr6	89472274	89672274	harbor1	chr6	89556967	89557557	LINE/L2	455	-	295	89557262	84988
chr6	80811391	81011391	harbor1	chr6	80833735	80834078	LINE/L2	518	-	172	80833907	22516
chr6	80811391	81011391	harbor1	chr6	80897070	80898966	LINE/L2	4510	-	948	80898018	86627
chr6	147515035	147715035	harbor1	chr6	147581142	147582019	LINE/L2	609	-	438	147581580	66545
chr6	6002112	6202112	harbor1	chr6	6046901	6047412	LINE/L2	611	-	256	6047157	45045
chr6	115463784	115663784	harbor1	chr6	115525001	115525218	LINE/L2	466	-	108	115525109	61325
chr6	80560341	80760341	harbor1	chr6	80583760	80584031	LINE/L2	710	-	136	80583896	23555
chr6	80560341	80760341	harbor1	chr6	80620070	80620679	LINE/L2	898	-	304	80620374	60033
chr6	31058960	31258960	harbor1	chr6	31109790	31109993	LINE/L2	491	-	102	31109892	50932
chr6	76715932	76915932	harbor1	chr6	76721444	76722013	LINE/L2	766	-	284	76721728	5796
chr6	76715932	76915932	harbor1	chr6	76722138	76722715	LINE/L2	1049	-	288	76722426	6494
chr6	123106710	123306710	harbor1	chr6	123135557	123136326	LINE/L2	1177	-	384	123135941	29231
chr6	54638971	54838971	harbor1	chr6	54730090	54730513	LINE/L2	563	-	212	54730302	91331
chr6	67837123	68037123	harbor1	chr6	67897976	67898406	LINE/L2	420	-	215	67898191	61068
chr6	52398660	52598660	harbor1	chr6	52410505	52410849	LINE/L2	631	-	172	52410677	12017
chr6	52398660	52598660	harbor1	chr6	52439534	52439808	LINE/L2	760	-	137	52439671	41011
chr6	52398660	52598660	harbor1	chr6	52475723	52476085	LINE/L2	852	-	181	52475904	77244
chr6	52398660	52598660	harbor1	chr6	52479968	52479986	LINE/L2	1354	-	9	52479977	81317
chr6	52398660	52598660	harbor1	chr6	52480401	52481504	LINE/L2	3093	-	552	52480953	82293
chr6	52398660	52598660	harbor1	chr6	52481811	52481963	LINE/L2	3093	-	76	52481887	83227
chr6	52398660	52598660	harbor1	chr6	52483798	52484219	LINE/L2	1638	-	210	52484008	85348
chr6	52398660	52598660	harbor1	chr6	52484720	52484883	LINE/L2	1638	-	82	52484802	86142
chr6	52398660	52598660	harbor1	chr6	52485109	52485210	LINE/L2	513	-	50	52485159	86499
chr6	133795859	133995859	harbor1	chr6	133804714	133805575	LINE/L2	2681	-	430	133805144	9285
chr6	133795859	133995859	harbor1	chr6	133805882	133806719	LINE/L2	2681	-	418	133806300	10441
chr6	133795859	133995859	harbor1	chr6	133834608	133835243	LINE/L2	879	-	318	133834926	39067
chr6	133795859	133995859	harbor1	chr6	133869053	133869071	LINE/L2	686	-	9	133869062	73203
chr6	133795859	133995859	harbor1	chr6	133869414	133869786	LINE/L2	686	-	186	133869600	73741
chr6	133795859	133995859	harbor1	chr6	133882443	133882641	LINE/L2	446	-	99	133882542	86683
chr6	133795859	133995859	harbor1	chr6	133883469	133883919	LINE/L2	529	-	225	133883694	87835
chr6	108815922	109015922	harbor1	chr6	108870787	108871239	LINE/L2	675	-	226	108871013	55091
chr6	136687181	136887181	harbor1	chr6	136752123	136752408	LINE/L2	519	-	142	136752265	65084
chr6	136687181	136887181	harbor1	chr6	136752712	136752880	LINE/L2	519	-	84	136752796	65615
chr6	30139090	30339090	harbor1	chr6	30140732	30141002	LINE/L2	544	-	135	30140867	1777
chr6	30139090	30339090	harbor1	chr6	30141347	30141605	LINE/L2	544	-	129	30141476	2386
chr6	30139090	30339090	harbor1	chr6	30184455	30184756	LINE/L2	445	-	150	30184605	45515
chr6	30139090	30339090	harbor1	chr6	30190963	30191152	LINE/L2	467	-	94	30191057	51967
chr6	30139090	30339090	harbor1	chr6	30191332	30191618	LINE/L2	658	-	143	30191475	52385
chr6	30139090	30339090	harbor1	chr6	30224771	30224921	LINE/L2	1873	-	75	30224846	85756
chr6	30139090	30339090	harbor1	chr6	30225215	30226049	LINE/L2	1873	-	417	30225632	86542
chr6	30139090	30339090	harbor1	chr6	30228990	30229091	LINE/L2	434	-	50	30229040	89950
chr6	60574882	60774882	harbor1	chr6	60598418	60599513	LINE/L2	2342	-	548	60598966	24084
chr6	60574882	60774882	harbor1	chr6	60599518	60599853	LINE/L2	426	-	168	60599686	24804
chr6	60574882	60774882	harbor1	chr6	60626020	60627146	LINE/L2	1651	-	563	60626583	51701
chr6	125713762	125913762	harbor1	chr6	125784216	125784372	LINE/L2	494	-	78	125784294	70532
chr6	40584416	40784416	harbor1	chr6	40595346	40595697	LINE/L2	618	-	176	40595522	11106
chr6	40584416	40784416	harbor1	chr6	40659539	40659719	LINE/L2	795	-	90	40659629	75213
chr6	80717104	80917104	harbor1	chr6	80726997	80727101	LINE/L2	445	-	52	80727049	9945
chr6	80717104	80917104	harbor1	chr6	80731977	80732697	LINE/L2	759	-	360	80732337	15233
chr6	80717104	80917104	harbor1	chr6	80768961	80769141	LINE/L2	522	-	90	80769051	51947
chr6	64382615	64582615	harbor1	chr6	64404556	64404952	LINE/L2	434	-	198	64404754	22139
chr6	64382615	64582615	harbor1	chr6	64424684	64425373	LINE/L2	662	-	344	64425028	42413
chr6	64382615	64582615	harbor1	chr6	64425680	64426043	LINE/L2	662	-	182	64425862	43247
chr6	82061012	82261012	harbor1	chr6	82069104	82069366	LINE/L2	649	-	131	82069235	8223
chr6	82061012	82261012	harbor1	chr6	82069787	82070034	LINE/L2	491	-	124	82069911	8899
chr6	82061012	82261012	harbor1	chr6	82070237	82071588	LINE/L2	3724	-	676	82070913	9901
chr6	49235875	49435875	harbor1	chr6	49235794	49235971	LINE/L2	465	-	88	49235882	7
chr6	49235875	49435875	harbor1	chr6	49238735	49240357	LINE/L2	3551	-	811	49239546	3671
chr6	94591099	94791099	harbor1	chr6	94681519	94682879	LINE/L2	1589	-	680	94682199	91100
chr6	10559409	10759409	harbor1	chr6	10564784	10565239	LINE/L2	642	-	228	10565012	5603
chr6	129617422	129817422	harbor1	chr6	129660055	129660572	LINE/L2	421	-	258	129660313	42891
chr6	129617422	129817422	harbor1	chr6	129660733	129660871	LINE/L2	421	-	69	129660802	43380
chr6	129617422	129817422	harbor1	chr6	129664665	129664994	LINE/L2	912	-	164	129664829	47407
chr6	118119946	118319946	harbor1	chr6	118129400	118129708	LINE/L2	589	-	154	118129554	9608
chr6	118119946	118319946	harbor1	chr6	118202601	118202951	LINE/L2	731	-	175	118202776	82830
chr6	118119946	118319946	harbor1	chr6	118203831	118204460	LINE/L2	827	-	314	118204145	84199
chr6	124262984	124462984	harbor1	chr6	124303217	124303234	LINE/L2	534	-	8	124303225	40241
chr6	124262984	124462984	harbor1	chr6	124303689	124304183	LINE/L2	534	-	247	124303936	40952
chr6	170682777	170882777	harbor1	chr6	170699924	170700078	LINE/L2	614	-	77	170700001	17224
chr6	77132138	77332138	harbor1	chr6	77141226	77141843	LINE/L2	994	-	308	77141534	9396
chr6	77132138	77332138	harbor1	chr6	77175500	77175697	LINE/L2	759	-	98	77175598	43460
chr6	77132138	77332138	harbor1	chr6	77175993	77176244	LINE/L2	759	-	126	77176119	43981
chr6	77132138	77332138	harbor1	chr6	77192066	77192099	LINE/L2	729	-	16	77192082	59944
chr6	77132138	77332138	harbor1	chr6	77192405	77192871	LINE/L2	729	-	233	77192638	60500
chr6	77132138	77332138	harbor1	chr6	77217076	77217609	LINE/L2	956	-	266	77217342	85204
chr6	77132138	77332138	harbor1	chr6	77230995	77231124	LINE/L2	508	-	64	77231059	98921
chr6	77132138	77332138	harbor1	chr6	77231482	77231781	LINE/L2	508	-	150	77231632	99494
chr6	120486239	120686239	harbor1	chr6	120555181	120555464	LINE/L2	500	-	142	120555323	69084
chr6	120486239	120686239	harbor1	chr6	120576930	120579566	LINE/L2	4693	-	1318	120578248	92009
chr6	111841449	112041449	harbor1	chr6	111885468	111886189	LINE/L2	835	-	360	111885828	44379
chr6	111841449	112041449	harbor1	chr6	111887348	111888008	LINE/L2	935	-	330	111887678	46229
chr6	43641333	43841333	harbor1	chr6	43647758	43647987	LINE/L2	1412	-	114	43647872	6539
chr6	43641333	43841333	harbor1	chr6	43648287	43648905	LINE/L2	1412	-	309	43648596	7263
chr6	43641333	43841333	harbor1	chr6	43710980	43711963	LINE/L2	1820	-	492	43711472	70139
chr6	43641333	43841333	harbor1	chr6	43719939	43720051	LINE/L2	434	-	56	43719995	78662
chr6	43641333	43841333	harbor1	chr6	43720615	43720772	LINE/L2	470	-	78	43720693	79360
chr6	43641333	43841333	harbor1	chr6	43721073	43721225	LINE/L2	470	-	76	43721149	79816
chr6	43641333	43841333	harbor1	chr6	43721750	43722090	LINE/L2	471	-	170	43721920	80587
chr6	54744822	54944822	harbor1	chr6	54826198	54828025	LINE/L2	4258	-	914	54827112	82290
chr6	98437313	98637313	harbor1	chr6	98479477	98480055	LINE/L2	1491	-	289	98479766	42453
chr6	98437313	98637313	harbor1	chr6	98480118	98480718	LINE/L2	551	-	300	98480418	43105
chr6	98437313	98637313	harbor1	chr6	98489880	98490200	LINE/L2	543	-	160	98490040	52727
chr6	98437313	98637313	harbor1	chr6	98511874	98512052	LINE/L2	586	-	89	98511963	74650
chr6	61765722	61965722	harbor1	chr6	61820233	61820520	LINE/L2	452	-	144	61820377	54655
chr6	121930625	122130625	harbor1	chr6	122025203	122025512	LINE/L2	599	-	154	122025357	94732
chr6	15922776	16122776	harbor1	chr6	15926297	15926914	LINE/L2	1733	-	308	15926605	3829
chr6	15922776	16122776	harbor1	chr6	15927046	15927608	LINE/L2	1733	-	281	15927327	4551
chr6	15922776	16122776	harbor1	chr6	15940084	15940255	LINE/L2	777	-	86	15940170	17394
chr6	15922776	16122776	harbor1	chr6	15940555	15940651	LINE/L2	777	-	48	15940603	17827
chr6	15922776	16122776	harbor1	chr6	15941129	15941366	LINE/L2	429	-	118	15941247	18471
chr6	15922776	16122776	harbor1	chr6	15944805	15944952	LINE/L2	459	-	74	15944879	22103
chr6	15922776	16122776	harbor1	chr6	15998454	15998656	LINE/L2	574	-	101	15998555	75779
chr6	115482519	115682519	harbor1	chr6	115525001	115525218	LINE/L2	466	-	108	115525109	42590
chr6	152447208	152647208	harbor1	chr6	152477156	152477520	LINE/L2	759	-	182	152477338	30130
chr6	152447208	152647208	harbor1	chr6	152477762	152477816	LINE/L2	3965	-	27	152477789	30581
chr6	152447208	152647208	harbor1	chr6	152478062	152479377	LINE/L2	3965	-	658	152478720	31512
chr6	81009011	81209011	harbor1	chr6	81084687	81084701	LINE/L2	428	-	7	81084694	75683
chr6	81009011	81209011	harbor1	chr6	81084727	81084971	LINE/L2	428	-	122	81084849	75838
chr6	87397046	87597046	harbor1	chr6	87397004	87397373	LINE/L2	545	-	184	87397188	142
chr6	87397046	87597046	harbor1	chr6	87486431	87486895	LINE/L2	420	-	232	87486663	89617
chr6	87397046	87597046	harbor1	chr6	87487963	87488282	LINE/L2	672	-	160	87488123	91077
chr6	110621265	110821265	harbor1	chr6	110642375	110642589	LINE/L2	778	-	107	110642482	21217
chr6	110621265	110821265	harbor1	chr6	110664602	110665506	LINE/L2	466	-	452	110665054	43789
chr6	88396770	88596770	harbor1	chr6	88450502	88450868	LINE/L2	538	-	183	88450685	53915
chr6	88396770	88596770	harbor1	chr6	88494316	88494877	LINE/L2	1310	-	280	88494596	97826
chr6	33066561	33266561	harbor1	chr6	33141519	33142411	LINE/L2	614	-	446	33141965	75404
chr6	100328098	100528098	harbor1	chr6	100421489	100421667	LINE/L2	519	-	89	100421578	93480
chr6	102495215	102695215	harbor1	chr6	102554959	102555190	LINE/L2	906	-	116	102555075	59860
chr6	102495215	102695215	harbor1	chr6	102555237	102555438	LINE/L2	906	-	100	102555337	60122
chr6	22345476	22545476	harbor1	chr6	22345919	22346170	LINE/L2	431	-	126	22346045	569
chr6	22345476	22545476	harbor1	chr6	22359301	22359656	LINE/L2	516	-	178	22359479	14003
chr6	69606676	69806676	harbor1	chr6	69639630	69640087	LINE/L2	1229	-	228	69639858	33182
chr6	132544741	132744741	harbor1	chr6	132633433	132633798	LINE/L2	511	-	182	132633615	88874
chr6	157784610	157984610	harbor1	chr6	157848641	157848935	LINE/L2	473	-	147	157848788	64178
chr6	157784610	157984610	harbor1	chr6	157849411	157850464	LINE/L2	995	-	526	157849937	65327
chr6	8421512	8621512	harbor1	chr6	8439793	8439928	LINE/L2	508	-	68	8439861	18349
chr6	8421512	8621512	harbor1	chr6	8440415	8440609	LINE/L2	552	-	97	8440512	19000
chr6	8421512	8621512	harbor1	chr6	8465242	8465358	LINE/L2	457	-	58	8465300	43788
chr6	8421512	8621512	harbor1	chr6	8467455	8467727	LINE/L2	441	-	136	8467591	46079
chr6	125553650	125753650	harbor1	chr6	125555907	125556049	LINE/L2	500	-	71	125555978	2328
chr6	125553650	125753650	harbor1	chr6	125556261	125556923	LINE/L2	1889	-	331	125556592	2942
chr6	125553650	125753650	harbor1	chr6	125575238	125575495	LINE/L2	462	-	128	125575366	21716
chr6	125553650	125753650	harbor1	chr6	125576985	125577535	LINE/L2	1643	-	275	125577260	23610
chr6	125553650	125753650	harbor1	chr6	125623369	125623813	LINE/L2	981	-	222	125623591	69941
chr6	40313388	40513388	harbor1	chr6	40359615	40360412	LINE/L2	1068	-	398	40360013	46625
chr6	40313388	40513388	harbor1	chr6	40412661	40412962	LINE/L2	902	-	150	40412811	99423
chr6	40313388	40513388	harbor1	chr6	40402886	40403064	LINE/L2	531	-	89	40402975	89587
chr7	86714089	86914089	harbor1	chr7	86719340	86719639	LINE/L2	502	-	150	86719490	5401
chr7	86714089	86914089	harbor1	chr7	86720793	86721000	LINE/L2	500	-	104	86720897	6808
chr7	86714089	86914089	harbor1	chr7	86808639	86808982	LINE/L2	662	-	172	86808811	94722
chr7	133378143	133578143	harbor1	chr7	133444373	133444902	LINE/L2	489	-	264	133444637	66494
chr7	122423496	122623496	harbor1	chr7	122431221	122431463	LINE/L2	703	-	121	122431342	7846
chr7	122423496	122623496	harbor1	chr7	122506935	122507276	LINE/L2	625	-	170	122507105	83609
chr7	122423496	122623496	harbor1	chr7	122507529	122507925	LINE/L2	794	-	198	122507727	84231
chr7	54222229	54422229	harbor1	chr7	54242654	54243091	LINE/L2	453	-	218	54242872	20643
chr7	43428129	43628129	harbor1	chr7	43452546	43453574	LINE/L2	2215	-	514	43453060	24931
chr7	43428129	43628129	harbor1	chr7	43497556	43498000	LINE/L2	647	-	222	43497778	69649
chr7	55859347	56059347	harbor1	chr7	55904143	55904184	LINE/L2	446	-	20	55904163	44816
chr7	55859347	56059347	harbor1	chr7	55904489	55904713	LINE/L2	446	-	112	55904601	45254
chr7	55859347	56059347	harbor1	chr7	55915405	55915984	LINE/L2	573	-	290	55915695	56348
chr7	105424269	105624269	harbor1	chr7	105519590	105519931	LINE/L2	510	-	170	105519760	95491
chr7	14407201	14607201	harbor1	chr7	14413260	14413938	LINE/L2	505	-	339	14413599	6398
chr7	82707805	82907805	harbor1	chr7	82708291	82708493	LINE/L2	462	-	101	82708392	587
chr7	82707805	82907805	harbor1	chr7	82726208	82726639	LINE/L2	820	-	216	82726424	18619
chr7	72785443	72985443	harbor1	chr7	72805694	72806027	LINE/L2	527	-	166	72805860	20417
chr7	72785443	72985443	harbor1	chr7	72819168	72819385	LINE/L2	609	-	108	72819276	33833
chr7	72785443	72985443	harbor1	chr7	72820852	72820875	LINE/L2	765	-	12	72820864	35421
chr7	72785443	72985443	harbor1	chr7	72821620	72821806	LINE/L2	765	-	93	72821713	36270
chr7	139560079	139760079	harbor1	chr7	139639398	139639660	LINE/L2	469	-	131	139639529	79450
chr7	54261434	54461434	harbor1	chr7	54324962	54325421	LINE/L2	826	-	230	54325192	63758
chr7	82399330	82599330	harbor1	chr7	82401773	82401979	LINE/L2	498	-	103	82401876	2546
chr7	82399330	82599330	harbor1	chr7	82473567	82473916	LINE/L2	1735	-	174	82473741	74411
chr7	82399330	82599330	harbor1	chr7	82474070	82474858	LINE/L2	1735	-	394	82474464	75134
chr7	82399330	82599330	harbor1	chr7	82483387	82483686	LINE/L2	448	-	150	82483537	84207
chr7	80070013	80270013	harbor1	chr7	80129719	80130500	LINE/L2	1176	-	390	80130109	60096
chr7	80070013	80270013	harbor1	chr7	80130503	80130818	LINE/L2	843	-	158	80130661	60648
chr7	27595592	27795592	harbor1	chr7	27671615	27672245	LINE/L2	790	-	315	27671930	76338
chr7	134998339	135198339	harbor1	chr7	135058536	135058659	LINE/L2	490	-	62	135058598	60259
chr7	134998339	135198339	harbor1	chr7	135059539	135059854	LINE/L2	882	-	158	135059697	61358
chr7	134998339	135198339	harbor1	chr7	135064188	135064717	LINE/L2	1799	-	264	135064452	66113
chr7	29054835	29254835	harbor1	chr7	29066234	29066649	LINE/L2	1064	-	208	29066442	11607
chr7	29054835	29254835	harbor1	chr7	29066794	29067663	LINE/L2	2294	-	434	29067228	12393
chr7	29054835	29254835	harbor1	chr7	29128882	29129365	LINE/L2	1086	-	242	29129124	74289
chr7	29054835	29254835	harbor1	chr7	29131978	29132314	LINE/L2	561	-	168	29132146	77311
chr7	129748223	129948223	harbor1	chr7	129749190	129749402	LINE/L2	550	-	106	129749296	1073
chr7	86558972	86758972	harbor1	chr7	86625454	86625594	LINE/L2	671	-	70	86625524	66552
chr7	86558972	86758972	harbor1	chr7	86626376	86626794	LINE/L2	671	-	209	86626585	67613
chr7	105787914	105987914	harbor1	chr7	105789252	105789820	LINE/L2	501	-	284	105789536	1622
chr7	105787914	105987914	harbor1	chr7	105805473	105805895	LINE/L2	568	-	211	105805684	17770
chr7	105787914	105987914	harbor1	chr7	105810315	105811045	LINE/L2	812	-	365	105810680	22766
chr7	105787914	105987914	harbor1	chr7	105811494	105811815	LINE/L2	1053	-	160	105811654	23740
chr7	105787914	105987914	harbor1	chr7	105839748	105840026	LINE/L2	493	-	139	105839887	51973
chr7	35659459	35859459	harbor1	chr7	35677448	35677861	LINE/L2	1073	-	206	35677654	18195
chr7	35659459	35859459	harbor1	chr7	35731516	35732107	LINE/L2	1163	-	296	35731812	72353
chr7	35659459	35859459	harbor1	chr7	35746104	35746426	LINE/L2	969	-	161	35746265	86806
chr7	35659459	35859459	harbor1	chr7	35733439	35733684	LINE/L2	473	-	122	35733561	74102
chr7	117914563	118114563	harbor1	chr7	117984099	117984266	LINE/L2	488	-	84	117984183	69620
chr7	8868392	9068392	harbor1	chr7	8934726	8935188	LINE/L2	554	-	231	8934957	66565
chr7	8868392	9068392	harbor1	chr7	8935413	8936609	LINE/L2	2254	-	598	8936011	67619
chr7	132222910	132422910	harbor1	chr7	132292681	132293147	LINE/L2	576	-	233	132292914	70004
chr7	132222910	132422910	harbor1	chr7	132293928	132294670	LINE/L2	1040	-	371	132294299	71389
chr7	32922647	33122647	harbor1	chr7	32962695	32962930	LINE/L2	678	-	118	32962813	40166
chr7	140789845	140989845	harbor1	chr7	140867414	140867793	LINE/L2	901	-	190	140867604	77759
chr7	140789845	140989845	harbor1	chr7	140868757	140869234	LINE/L2	1171	-	238	140868995	79150
chr7	16966674	17166674	harbor1	chr7	17056928	17057471	LINE/L2	1407	-	272	17057200	90526
chr7	16966674	17166674	harbor1	chr7	17063070	17063374	LINE/L2	865	-	152	17063222	96548
chr7	135577470	135777470	harbor1	chr7	135625866	135626036	LINE/L2	559	-	85	135625951	48481
chr7	135577470	135777470	harbor1	chr7	135657929	135658159	LINE/L2	519	-	115	135658044	80574
chr7	135577470	135777470	harbor1	chr7	135658460	135658625	LINE/L2	519	-	82	135658542	81072
chr7	43593935	43793935	harbor1	chr7	43617006	43618101	LINE/L2	1245	-	548	43617554	23619
chr7	43593935	43793935	harbor1	chr7	43658807	43659205	LINE/L2	773	-	199	43659006	65071
chr7	109403398	109603398	harbor1	chr7	109441395	109442026	LINE/L2	1100	-	316	109441711	38313
chr7	131671793	131871793	harbor1	chr7	131697158	131697636	LINE/L2	973	-	239	131697397	25604
chr7	131671793	131871793	harbor1	chr7	131697942	131698048	LINE/L2	460	-	53	131697995	26202
chr7	131671793	131871793	harbor1	chr7	131721085	131721220	LINE/L2	467	-	68	131721153	49360
chr7	131671793	131871793	harbor1	chr7	131721351	131721568	LINE/L2	787	-	108	131721459	49666
chr7	131671793	131871793	harbor1	chr7	131721833	131721998	LINE/L2	447	-	82	131721915	50122
chr7	131671793	131871793	harbor1	chr7	131728485	131728800	LINE/L2	615	-	158	131728643	56850
chr7	131671793	131871793	harbor1	chr7	131729157	131729269	LINE/L2	615	-	56	131729213	57420
chr7	131671793	131871793	harbor1	chr7	131744947	131745338	LINE/L2	1337	-	196	131745143	73350
chr7	131671793	131871793	harbor1	chr7	131761489	131761775	LINE/L2	1266	-	143	131761632	89839
chr7	131671793	131871793	harbor1	chr7	131762069	131762356	LINE/L2	1266	-	144	131762213	90420
chr7	71259016	71459016	harbor1	chr7	71352417	71353121	LINE/L2	1226	-	352	71352769	93753
chr7	115010832	115210832	harbor1	chr7	115042550	115042989	LINE/L2	892	-	220	115042770	31938
chr7	143314552	143514552	harbor1	chr7	143327404	143327654	LINE/L2	521	-	125	143327529	12977
chr7	143314552	143514552	harbor1	chr7	143327945	143328405	LINE/L2	521	-	230	143328175	13623
chr7	143314552	143514552	harbor1	chr7	143371090	143371329	LINE/L2	1025	-	120	143371210	56658
chr7	143314552	143514552	harbor1	chr7	143371642	143371919	LINE/L2	1025	-	138	143371780	57228
chr7	143314552	143514552	harbor1	chr7	143371906	143372504	LINE/L2	1258	-	299	143372205	57653
chr7	143314552	143514552	harbor1	chr7	143373375	143373939	LINE/L2	852	-	282	143373657	59105
chr7	96347015	96547015	harbor1	chr7	96423104	96423431	LINE/L2	875	-	164	96423268	76253
chr7	96347015	96547015	harbor1	chr7	96439610	96440005	LINE/L2	444	-	198	96439808	92793
chr7	96347015	96547015	harbor1	chr7	96441239	96442121	LINE/L2	1191	-	441	96441680	94665
chr7	17015978	17215978	harbor1	chr7	17056928	17057471	LINE/L2	1407	-	272	17057200	41222
chr7	17015978	17215978	harbor1	chr7	17063070	17063374	LINE/L2	865	-	152	17063222	47244
chr7	109973179	110173179	harbor1	chr7	110014586	110015044	LINE/L2	503	-	229	110014815	41636
chr7	109973179	110173179	harbor1	chr7	110026211	110026451	LINE/L2	559	-	120	110026331	53152
chr7	128556838	128756838	harbor1	chr7	128633943	128634559	LINE/L2	1392	-	308	128634251	77413
chr7	128556838	128756838	harbor1	chr7	128645976	128646613	LINE/L2	1321	-	318	128646294	89456
chr7	143343613	143543613	harbor1	chr7	143371090	143371329	LINE/L2	1025	-	120	143371210	27597
chr7	143343613	143543613	harbor1	chr7	143371642	143371919	LINE/L2	1025	-	138	143371780	28167
chr7	143343613	143543613	harbor1	chr7	143371906	143372504	LINE/L2	1258	-	299	143372205	28592
chr7	143343613	143543613	harbor1	chr7	143373375	143373939	LINE/L2	852	-	282	143373657	30044
chr7	143343613	143543613	harbor1	chr7	143418100	143418800	LINE/L2	1127	-	350	143418450	74837
chr7	28020837	28220837	harbor1	chr7	28028727	28028883	LINE/L2	504	-	78	28028805	7968
chr7	28020837	28220837	harbor1	chr7	28114640	28115002	LINE/L2	529	-	181	28114821	93984
chr7	143421541	143621541	harbor1	chr7	143508606	143508961	LINE/L2	667	-	178	143508784	87243
chr7	143421541	143621541	harbor1	chr7	143520257	143521362	LINE/L2	2314	-	552	143520809	99268
chr7	136613422	136813422	harbor1	chr7	136710229	136710494	LINE/L2	452	-	132	136710361	96939
chr7	91075634	91275634	harbor1	chr7	91142868	91143265	LINE/L2	644	-	198	91143066	67432
chr7	55897764	56097764	harbor1	chr7	55904143	55904184	LINE/L2	446	-	20	55904163	6399
chr7	55897764	56097764	harbor1	chr7	55904489	55904713	LINE/L2	446	-	112	55904601	6837
chr7	55897764	56097764	harbor1	chr7	55915405	55915984	LINE/L2	573	-	290	55915695	17931
chr7	55897764	56097764	harbor1	chr7	55966091	55966251	LINE/L2	454	-	80	55966171	68407
chr7	78748616	78948616	harbor1	chr7	78749298	78749544	LINE/L2	645	-	123	78749421	805
chr7	78748616	78948616	harbor1	chr7	78773462	78773802	LINE/L2	447	-	170	78773632	25016
chr7	78748616	78948616	harbor1	chr7	78821230	78821454	LINE/L2	621	-	112	78821342	72726
chr7	71873048	72073048	harbor1	chr7	71954667	71954868	LINE/L2	557	-	100	71954767	81719
chr7	12935701	13135701	harbor1	chr7	12964518	12965041	LINE/L2	549	-	262	12964780	29079
chr7	12935701	13135701	harbor1	chr7	12995327	12995685	LINE/L2	444	-	179	12995506	59805
chr7	12935701	13135701	harbor1	chr7	13019956	13020355	LINE/L2	949	-	200	13020156	84455
chr7	12935701	13135701	harbor1	chr7	13021237	13021461	LINE/L2	649	-	112	13021349	85648
chr7	2720338	2920338	harbor1	chr7	2774317	2774596	LINE/L2	767	-	140	2774457	54119
chr7	131762901	131962901	harbor1	chr7	131846601	131847159	LINE/L2	798	-	279	131846880	83979
chr7	131762901	131962901	harbor1	chr7	131856893	131857483	LINE/L2	571	-	295	131857188	94287
chr7	125559893	125759893	harbor1	chr7	125619478	125619950	LINE/L2	717	-	236	125619714	59821
chr7	125559893	125759893	harbor1	chr7	125620878	125622754	LINE/L2	1058	-	938	125621816	61923
chr7	146302425	146502425	harbor1	chr7	146330482	146330781	LINE/L2	677	-	150	146330632	28207
chr7	146302425	146502425	harbor1	chr7	146362192	146362728	LINE/L2	505	-	268	146362460	60035
chr7	43240795	43440795	harbor1	chr7	43260447	43260860	LINE/L2	609	-	206	43260653	19858
chr7	43240795	43440795	harbor1	chr7	43287046	43287466	LINE/L2	515	-	210	43287256	46461
chr7	43240795	43440795	harbor1	chr7	43287654	43288022	LINE/L2	660	-	184	43287838	47043
chr7	117642717	117842717	harbor1	chr7	117649650	117650425	LINE/L2	612	-	388	117650038	7321
chr7	117642717	117842717	harbor1	chr7	117678295	117679254	LINE/L2	2635	-	480	117678775	36058
chr7	117642717	117842717	harbor1	chr7	117679381	117679778	LINE/L2	2635	-	198	117679579	36862
chr7	117642717	117842717	harbor1	chr7	117680046	117680128	LINE/L2	2635	-	41	117680087	37370
chr7	117642717	117842717	harbor1	chr7	117680516	117680803	LINE/L2	2635	-	144	117680660	37943
chr7	117642717	117842717	harbor1	chr7	117681006	117682121	LINE/L2	2635	-	558	117681564	38847
chr7	117642717	117842717	harbor1	chr7	117689413	117689960	LINE/L2	700	-	274	117689687	46970
chr7	90649409	90849409	harbor1	chr7	90676033	90676485	LINE/L2	1288	-	226	90676259	26850
chr7	90649409	90849409	harbor1	chr7	90691136	90691999	LINE/L2	1254	-	432	90691568	42159
chr7	90649409	90849409	harbor1	chr7	90695433	90696330	LINE/L2	2967	-	448	90695881	46472
chr7	90649409	90849409	harbor1	chr7	90696571	90697200	LINE/L2	2967	-	314	90696885	47476
chr7	90649409	90849409	harbor1	chr7	90706431	90706782	LINE/L2	539	-	176	90706607	57198
chr7	13570164	13770164	harbor1	chr7	13604518	13604929	LINE/L2	529	-	206	13604724	34560
chr7	3885459	4085459	harbor1	chr7	3937215	3937445	LINE/L2	616	-	115	3937330	51871
chr7	136358903	136558903	harbor1	chr7	136369705	136370309	LINE/L2	791	-	302	136370007	11104
chr7	136358903	136558903	harbor1	chr7	136373686	136374208	LINE/L2	485	-	261	136373947	15044
chr7	3291708	3491708	harbor1	chr7	3310311	3310752	LINE/L2	569	-	220	3310531	18823
chr7	3291708	3491708	harbor1	chr7	3388787	3389157	LINE/L2	445	-	185	3388972	97264
chr7	141375456	141575456	harbor1	chr7	141447037	141447460	LINE/L2	836	-	212	141447249	71793
chr7	141375456	141575456	harbor1	chr7	141463635	141464078	LINE/L2	585	-	222	141463857	88401
chr7	76088133	76288133	harbor1	chr7	76090873	76090964	LINE/L2	444	-	46	76090919	2786
chr7	76088133	76288133	harbor1	chr7	76091269	76091306	LINE/L2	444	-	18	76091287	3154
chr7	76088133	76288133	harbor1	chr7	76092037	76092537	LINE/L2	530	-	250	76092287	4154
chr7	76088133	76288133	harbor1	chr7	76176078	76176209	LINE/L2	478	-	66	76176144	88011
chr7	76088133	76288133	harbor1	chr7	76176644	76176805	LINE/L2	646	-	80	76176724	88591
chr7	24460441	24660441	harbor1	chr7	24466555	24466705	LINE/L2	478	-	75	24466630	6189
chr7	24460441	24660441	harbor1	chr7	24467544	24467828	LINE/L2	498	-	142	24467686	7245
chr7	24460441	24660441	harbor1	chr7	24473372	24473802	LINE/L2	973	-	215	24473587	13146
chr7	24460441	24660441	harbor1	chr7	24514797	24515199	LINE/L2	668	-	201	24514998	54557
chr7	24460441	24660441	harbor1	chr7	24516718	24517093	LINE/L2	1272	-	188	24516906	56465
chr7	24460441	24660441	harbor1	chr7	24517811	24518356	LINE/L2	467	-	272	24518083	57642
chr7	24460441	24660441	harbor1	chr7	24530936	24531259	LINE/L2	626	-	162	24531098	70657
chr7	24460441	24660441	harbor1	chr7	24544313	24544399	LINE/L2	451	-	43	24544356	83915
chr7	141073819	141273819	harbor1	chr7	141092553	141094142	LINE/L2	3115	-	794	141093347	19528
chr7	141073819	141273819	harbor1	chr7	141106813	141107616	LINE/L2	1603	-	402	141107215	33396
chr7	141073819	141273819	harbor1	chr7	141108085	141108818	LINE/L2	2655	-	366	141108451	34632
chr7	141073819	141273819	harbor1	chr7	141109183	141109459	LINE/L2	2655	-	138	141109321	35502
chr7	141073819	141273819	harbor1	chr7	141147315	141147941	LINE/L2	593	-	313	141147628	73809
chr7	141073819	141273819	harbor1	chr7	141148385	141148614	LINE/L2	593	-	114	141148499	74680
chr7	141073819	141273819	harbor1	chr7	141148631	141149183	LINE/L2	614	-	276	141148907	75088
chr7	141073819	141273819	harbor1	chr7	141149933	141150230	LINE/L2	525	-	148	141150081	76262
chr7	57225578	57425578	harbor1	chr7	57248370	57248817	LINE/L2	841	-	224	57248594	23016
chr7	57225578	57425578	harbor1	chr7	57302969	57303194	LINE/L2	710	-	112	57303081	77503
chr7	57225578	57425578	harbor1	chr7	57315176	57315651	LINE/L2	729	-	238	57315414	89836
chr7	131386550	131586550	harbor1	chr7	131419738	131420075	LINE/L2	598	-	168	131419906	33356
chr7	131386550	131586550	harbor1	chr7	131420348	131420479	LINE/L2	563	-	66	131420414	33864
chr7	131386550	131586550	harbor1	chr7	131448904	131449419	LINE/L2	465	-	258	131449162	62612
chr7	131386550	131586550	harbor1	chr7	131462606	131462810	LINE/L2	482	-	102	131462708	76158
chr7	131386550	131586550	harbor1	chr7	131467273	131467788	LINE/L2	742	-	258	131467531	80981
chr7	131386550	131586550	harbor1	chr7	131468121	131468215	LINE/L2	506	-	47	131468168	81618
chr7	131386550	131586550	harbor1	chr7	131473689	131473865	LINE/L2	536	-	88	131473777	87227
chr7	131386550	131586550	harbor1	chr7	131474143	131474477	LINE/L2	1209	-	167	131474310	87760
chr7	137108135	137308135	harbor1	chr7	137153798	137154221	LINE/L2	620	-	212	137154010	45875
chr7	29128320	29328320	harbor1	chr7	29128882	29129365	LINE/L2	1086	-	242	29129124	804
chr7	29128320	29328320	harbor1	chr7	29131978	29132314	LINE/L2	561	-	168	29132146	3826
chr7	29128320	29328320	harbor1	chr7	29197663	29197998	LINE/L2	486	-	168	29197831	69511
chr7	29128320	29328320	harbor1	chr7	29210470	29211059	LINE/L2	1344	-	294	29210764	82444
chr7	29128320	29328320	harbor1	chr7	29211378	29211431	LINE/L2	993	-	26	29211404	83084
chr7	107869765	108069765	harbor1	chr7	107878509	107878849	LINE/L2	1057	-	170	107878679	8914
chr7	107869765	108069765	harbor1	chr7	107893443	107893931	LINE/L2	700	-	244	107893687	23922
chr7	107869765	108069765	harbor1	chr7	107895533	107895675	LINE/L2	536	-	71	107895604	25839
chr7	131725459	131925459	harbor1	chr7	131728485	131728800	LINE/L2	615	-	158	131728643	3184
chr7	131725459	131925459	harbor1	chr7	131729157	131729269	LINE/L2	615	-	56	131729213	3754
chr7	131725459	131925459	harbor1	chr7	131744947	131745338	LINE/L2	1337	-	196	131745143	19684
chr7	131725459	131925459	harbor1	chr7	131761489	131761775	LINE/L2	1266	-	143	131761632	36173
chr7	131725459	131925459	harbor1	chr7	131762069	131762356	LINE/L2	1266	-	144	131762213	36754
chr7	77443171	77643171	harbor1	chr7	77445070	77445434	LINE/L2	575	-	182	77445252	2081
chr7	77443171	77643171	harbor1	chr7	77445741	77445963	LINE/L2	575	-	111	77445852	2681
chr7	77443171	77643171	harbor1	chr7	77457883	77458455	LINE/L2	1446	-	286	77458169	14998
chr7	77443171	77643171	harbor1	chr7	77464167	77464435	LINE/L2	701	-	134	77464301	21130
chr7	77443171	77643171	harbor1	chr7	77495318	77495553	LINE/L2	679	-	118	77495436	52265
chr7	77443171	77643171	harbor1	chr7	77519593	77519975	LINE/L2	865	-	191	77519784	76613
chr7	77443171	77643171	harbor1	chr7	77521300	77521501	LINE/L2	702	-	100	77521400	78229
chr7	77443171	77643171	harbor1	chr7	77542743	77543255	LINE/L2	484	-	256	77542999	99828
chr7	77443171	77643171	harbor1	chr7	77463453	77463881	LINE/L2	479	-	214	77463667	20496
chr7	110741582	110941582	harbor1	chr7	110755967	110756580	LINE/L2	650	-	306	110756273	14691
chr7	110741582	110941582	harbor1	chr7	110756968	110757213	LINE/L2	781	-	122	110757090	15508
chr7	110741582	110941582	harbor1	chr7	110757388	110757422	LINE/L2	781	-	17	110757405	15823
chr7	110741582	110941582	harbor1	chr7	110758033	110758563	LINE/L2	1597	-	265	110758298	16716
chr7	110741582	110941582	harbor1	chr7	110767922	110768479	LINE/L2	517	-	278	110768200	26618
chr7	110741582	110941582	harbor1	chr7	110787692	110787931	LINE/L2	493	-	120	110787812	46230
chr7	110741582	110941582	harbor1	chr7	110790160	110790652	LINE/L2	1258	-	246	110790406	48824
chr7	110741582	110941582	harbor1	chr7	110802908	110803315	LINE/L2	562	-	204	110803112	61530
chr7	110741582	110941582	harbor1	chr7	110827431	110827722	LINE/L2	474	-	146	110827577	85995
chr7	119204774	119404774	harbor1	chr7	119236846	119237323	LINE/L2	649	-	238	119237084	32310
chr7	77949647	78149647	harbor1	chr7	77996595	77996818	LINE/L2	459	-	112	77996707	47060
chr7	77949647	78149647	harbor1	chr7	77998193	77998956	LINE/L2	1964	-	382	77998575	48928
chr7	77949647	78149647	harbor1	chr7	78032515	78033257	LINE/L2	1127	-	371	78032886	83239
chr7	100463473	100663473	harbor1	chr7	100542834	100543027	LINE/L2	545	-	96	100542930	79457
chr7	24450005	24650005	harbor1	chr7	24466555	24466705	LINE/L2	478	-	75	24466630	16625
chr7	24450005	24650005	harbor1	chr7	24467544	24467828	LINE/L2	498	-	142	24467686	17681
chr7	24450005	24650005	harbor1	chr7	24473372	24473802	LINE/L2	973	-	215	24473587	23582
chr7	24450005	24650005	harbor1	chr7	24514797	24515199	LINE/L2	668	-	201	24514998	64993
chr7	24450005	24650005	harbor1	chr7	24516718	24517093	LINE/L2	1272	-	188	24516906	66901
chr7	24450005	24650005	harbor1	chr7	24517811	24518356	LINE/L2	467	-	272	24518083	68078
chr7	24450005	24650005	harbor1	chr7	24530936	24531259	LINE/L2	626	-	162	24531098	81093
chr7	24450005	24650005	harbor1	chr7	24544313	24544399	LINE/L2	451	-	43	24544356	94351
chr7	48058805	48258805	harbor1	chr7	48156329	48156730	LINE/L2	850	-	200	48156529	97724
chr7	48058805	48258805	harbor1	chr7	48156779	48157112	LINE/L2	850	-	166	48156945	98140
chr7	96132442	96332442	harbor1	chr7	96165038	96165298	LINE/L2	559	-	130	96165168	32726
chr7	84683775	84883775	harbor1	chr7	84685380	84685981	LINE/L2	512	-	300	84685680	1905
chr7	131533257	131733257	harbor1	chr7	131548946	131549271	LINE/L2	1241	-	162	131549108	15851
chr7	131533257	131733257	harbor1	chr7	131562188	131562610	LINE/L2	481	-	211	131562399	29142
chr7	131533257	131733257	harbor1	chr7	131626886	131627130	LINE/L2	689	-	122	131627008	93751
chr7	131533257	131733257	harbor1	chr7	131627423	131627629	LINE/L2	689	-	103	131627526	94269
chr7	113236368	113436368	harbor1	chr7	113298637	113299024	LINE/L2	919	-	194	113298831	62463
chr7	113236368	113436368	harbor1	chr7	113299231	113299621	LINE/L2	956	-	195	113299426	63058
chr7	122566879	122766879	harbor1	chr7	122578623	122579184	LINE/L2	770	-	280	122578903	12024
chr7	122566879	122766879	harbor1	chr7	122579371	122579385	LINE/L2	770	-	7	122579378	12499
chr7	122566879	122766879	harbor1	chr7	122618272	122618542	LINE/L2	696	-	135	122618407	51528
chr7	122566879	122766879	harbor1	chr7	122624766	122625039	LINE/L2	475	-	136	122624902	58023
chr7	122566879	122766879	harbor1	chr7	122625952	122626495	LINE/L2	1128	-	272	122626224	59345
chr7	138885883	139085883	harbor1	chr7	138932432	138932684	LINE/L2	514	-	126	138932558	46675
chr7	138885883	139085883	harbor1	chr7	138956856	138957224	LINE/L2	486	-	184	138957040	71157
chr7	138885883	139085883	harbor1	chr7	138965088	138965260	LINE/L2	531	-	86	138965174	79291
chr7	138885883	139085883	harbor1	chr7	138967169	138967460	LINE/L2	793	-	146	138967315	81432
chr7	138885883	139085883	harbor1	chr7	138985014	138985336	LINE/L2	947	-	161	138985175	99292
chr7	130527703	130727703	harbor1	chr7	130552787	130553235	LINE/L2	717	-	224	130553011	25308
chr7	130527703	130727703	harbor1	chr7	130620199	130620324	LINE/L2	447	-	62	130620261	92558
chr7	114981682	115181682	harbor1	chr7	114989126	114989532	LINE/L2	446	-	203	114989329	7647
chr7	114981682	115181682	harbor1	chr7	114996038	114996726	LINE/L2	2164	-	344	114996382	14700
chr7	114981682	115181682	harbor1	chr7	114996824	114997368	LINE/L2	2164	-	272	114997096	15414
chr7	114981682	115181682	harbor1	chr7	115042550	115042989	LINE/L2	892	-	220	115042770	61088
chr7	141415075	141615075	harbor1	chr7	141447037	141447460	LINE/L2	836	-	212	141447249	32174
chr7	141415075	141615075	harbor1	chr7	141463635	141464078	LINE/L2	585	-	222	141463857	48782
chr7	11177442	11377442	harbor1	chr7	11244993	11246037	LINE/L2	2638	-	522	11245515	68073
chr7	121938527	122138527	harbor1	chr7	121964666	121965089	LINE/L2	1146	-	212	121964878	26351
chr7	121938527	122138527	harbor1	chr7	121965759	121965839	LINE/L2	1146	-	40	121965799	27272
chr7	121938527	122138527	harbor1	chr7	121965985	121966229	LINE/L2	1146	-	122	121966107	27580
chr7	121938527	122138527	harbor1	chr7	122008232	122008727	LINE/L2	556	-	248	122008480	69953
chr7	121938527	122138527	harbor1	chr7	122026874	122027436	LINE/L2	627	-	281	122027155	88628
chr8	83500485	83700485	harbor1	chr8	83535317	83536137	LINE/L2	934	-	410	83535727	35242
chr8	83500485	83700485	harbor1	chr8	83536179	83536350	LINE/L2	515	-	86	83536265	35780
chr8	83500485	83700485	harbor1	chr8	83593171	83593487	LINE/L2	464	-	158	83593329	92844
chr8	137967819	138167819	harbor1	chr8	137982013	137982461	LINE/L2	894	-	224	137982237	14418
chr8	16027209	16227209	harbor1	chr8	16036164	16036369	LINE/L2	523	-	102	16036266	9057
chr8	16027209	16227209	harbor1	chr8	16036672	16036834	LINE/L2	523	-	81	16036753	9544
chr8	16027209	16227209	harbor1	chr8	16066581	16066731	LINE/L2	421	-	75	16066656	39447
chr8	85385352	85585352	harbor1	chr8	85399650	85399845	LINE/L2	438	-	98	85399748	14396
chr8	85385352	85585352	harbor1	chr8	85476170	85476288	LINE/L2	419	-	59	85476229	90877
chr8	23198604	23398604	harbor1	chr8	23257470	23257571	LINE/L2	421	-	50	23257520	58916
chr8	61597659	61797659	harbor1	chr8	61620599	61620720	LINE/L2	515	-	60	61620659	23000
chr8	61597659	61797659	harbor1	chr8	61636108	61636421	LINE/L2	455	-	156	61636264	38605
chr8	61597659	61797659	harbor1	chr8	61648916	61649603	LINE/L2	1034	-	344	61649260	51601
chr8	61597659	61797659	harbor1	chr8	61656950	61657267	LINE/L2	534	-	158	61657108	59449
chr8	61597659	61797659	harbor1	chr8	61657620	61657693	LINE/L2	534	-	36	61657656	59997
chr8	81524994	81724994	harbor1	chr8	81551902	81552643	LINE/L2	694	-	370	81552272	27278
chr8	81524994	81724994	harbor1	chr8	81591245	81591361	LINE/L2	495	-	58	81591303	66309
chr8	81524994	81724994	harbor1	chr8	81598577	81598877	LINE/L2	521	-	150	81598727	73733
chr8	21177035	21377035	harbor1	chr8	21270776	21271023	LINE/L2	637	-	124	21270900	93865
chr8	128040241	128240241	harbor1	chr8	128115728	128115860	LINE/L2	428	-	66	128115794	75553
chr8	58390169	58590169	harbor1	chr8	58402792	58403738	LINE/L2	664	-	473	58403265	13096
chr8	58390169	58590169	harbor1	chr8	58404376	58404610	LINE/L2	664	-	117	58404493	14324
chr8	114341972	114541972	harbor1	chr8	114384654	114385596	LINE/L2	734	-	471	114385125	43153
chr8	54940266	55140266	harbor1	chr8	55009111	55010132	LINE/L2	787	-	510	55009621	69355
chr8	142056466	142256466	harbor1	chr8	142095033	142095586	LINE/L2	525	-	276	142095309	38843
chr8	81327795	81527795	harbor1	chr8	81331997	81332082	LINE/L2	480	-	42	81332039	4244
chr8	81327795	81527795	harbor1	chr8	81374481	81374951	LINE/L2	1117	-	235	81374716	46921
chr8	81327795	81527795	harbor1	chr8	81404059	81404229	LINE/L2	466	-	85	81404144	76349
chr8	98789680	98989680	harbor1	chr8	98829709	98829944	LINE/L2	1062	-	118	98829827	40147
chr8	98789680	98989680	harbor1	chr8	98830256	98830439	LINE/L2	1062	-	92	98830348	40668
chr8	98789680	98989680	harbor1	chr8	98846421	98846528	LINE/L2	624	-	54	98846475	56795
chr8	98789680	98989680	harbor1	chr8	98850342	98850860	LINE/L2	786	-	259	98850601	60921
chr8	98789680	98989680	harbor1	chr8	98860073	98860518	LINE/L2	988	-	222	98860295	70615
chr8	103204177	103404177	harbor1	chr8	103217816	103218008	LINE/L2	424	-	96	103217912	13735
chr8	103204177	103404177	harbor1	chr8	103232185	103233450	LINE/L2	2054	-	632	103232817	28640
chr8	103204177	103404177	harbor1	chr8	103240465	103240655	LINE/L2	753	-	95	103240560	36383
chr8	103204177	103404177	harbor1	chr8	103240944	103241125	LINE/L2	753	-	90	103241034	36857
chr8	100269421	100469421	harbor1	chr8	100294970	100295083	LINE/L2	518	-	56	100295026	25605
chr8	100269421	100469421	harbor1	chr8	100301788	100302732	LINE/L2	2141	-	472	100302260	32839
chr8	100269421	100469421	harbor1	chr8	100313123	100313809	LINE/L2	887	-	343	100313466	44045
chr8	100269421	100469421	harbor1	chr8	100326415	100326545	LINE/L2	428	-	65	100326480	57059
chr8	100269421	100469421	harbor1	chr8	100342770	100342988	LINE/L2	578	-	109	100342879	73458
chr8	100269421	100469421	harbor1	chr8	100352756	100352912	LINE/L2	488	-	78	100352834	83413
chr8	62940653	63140653	harbor1	chr8	62945017	62945240	LINE/L2	624	-	112	62945129	4476
chr8	62940653	63140653	harbor1	chr8	62990900	62991277	LINE/L2	642	-	188	62991088	50435
chr8	62940653	63140653	harbor1	chr8	63001137	63001882	LINE/L2	1848	-	372	63001509	60856
chr8	62940653	63140653	harbor1	chr8	63036342	63036851	LINE/L2	1150	-	254	63036596	95943
chr8	50117492	50317492	harbor1	chr8	50129106	50129206	LINE/L2	427	-	50	50129156	11664
chr8	50117492	50317492	harbor1	chr8	50137402	50137732	LINE/L2	628	-	165	50137567	20075
chr8	50117492	50317492	harbor1	chr8	50190064	50190182	LINE/L2	397	-	59	50190123	72631
chr8	73742143	73942143	harbor1	chr8	73751315	73751460	LINE/L2	419	-	72	73751387	9244
chr8	37467762	37667762	harbor1	chr8	37537215	37537846	LINE/L2	461	-	316	37537531	69769
chr8	11579269	11779269	harbor1	chr8	11583929	11584361	LINE/L2	568	-	216	11584145	4876
chr8	11579269	11779269	harbor1	chr8	11604491	11604694	LINE/L2	654	-	102	11604593	25324
chr8	11579269	11779269	harbor1	chr8	11614661	11614861	LINE/L2	439	-	100	11614761	35492
chr8	11579269	11779269	harbor1	chr8	11649623	11650017	LINE/L2	477	-	197	11649820	70551
chr8	87337302	87537302	harbor1	chr8	87347344	87347660	LINE/L2	512	-	158	87347502	10200
chr8	87337302	87537302	harbor1	chr8	87384248	87384525	LINE/L2	675	-	138	87384386	47084
chr8	87337302	87537302	harbor1	chr8	87384734	87385133	LINE/L2	648	-	200	87384934	47632
chr8	141309044	141509044	harbor1	chr8	141316013	141316258	LINE/L2	408	-	122	141316135	7091
chr8	141309044	141509044	harbor1	chr8	141316926	141317182	LINE/L2	390	-	128	141317054	8010
chr8	141309044	141509044	harbor1	chr8	141319812	141320122	LINE/L2	398	-	155	141319967	10923
chr8	141309044	141509044	harbor1	chr8	141405790	141406132	LINE/L2	747	-	171	141405961	96917
chr8	10170685	10370685	harbor1	chr8	10181019	10181397	LINE/L2	511	-	189	10181208	10523
chr8	10170685	10370685	harbor1	chr8	10181442	10181783	LINE/L2	511	-	170	10181612	10927
chr8	10170685	10370685	harbor1	chr8	10221613	10222176	LINE/L2	955	-	282	10221895	51210
chr8	106900940	107100940	harbor1	chr8	106931658	106931783	LINE/L2	795	-	62	106931720	30780
chr8	106900940	107100940	harbor1	chr8	106932149	106932529	LINE/L2	795	-	190	106932339	31399
chr8	106900940	107100940	harbor1	chr8	106932725	106932839	LINE/L2	731	-	57	106932782	31842
chr8	106900940	107100940	harbor1	chr8	106973695	106973916	LINE/L2	427	-	110	106973805	72865
chr8	106900940	107100940	harbor1	chr8	106989243	106990483	LINE/L2	2376	-	620	106989863	88923
chr8	106900940	107100940	harbor1	chr8	106990863	106991153	LINE/L2	648	-	145	106991008	90068
chr8	35542346	35742346	harbor1	chr8	35579457	35580322	LINE/L2	605	-	432	35579889	37543
chr8	55565230	55765230	harbor1	chr8	55610485	55610576	LINE/L2	527	-	46	55610531	45301
chr8	55565230	55765230	harbor1	chr8	55610880	55611189	LINE/L2	527	-	154	55611034	45804
chr8	11392644	11592644	harbor1	chr8	11469971	11470457	LINE/L2	1128	-	243	11470214	77570
chr8	11392644	11592644	harbor1	chr8	11481711	11482021	LINE/L2	599	-	155	11481866	89222
chr8	68603363	68803363	harbor1	chr8	68624977	68625267	LINE/L2	613	-	145	68625122	21759
chr8	123967728	124167728	harbor1	chr8	124019636	124019972	LINE/L2	761	-	168	124019804	52076
chr8	123967728	124167728	harbor1	chr8	124020335	124020495	LINE/L2	761	-	80	124020415	52687
chr8	123967728	124167728	harbor1	chr8	124033163	124033282	LINE/L2	441	-	60	124033223	65495
chr8	123967728	124167728	harbor1	chr8	124054655	124055089	LINE/L2	842	-	217	124054872	87144
chr8	104945182	105145182	harbor1	chr8	104948168	104948289	LINE/L2	405	-	60	104948228	3046
chr8	104945182	105145182	harbor1	chr8	104967499	104967624	LINE/L2	418	-	62	104967561	22379
chr8	104945182	105145182	harbor1	chr8	104975239	104975371	LINE/L2	447	-	66	104975305	30123
chr8	104945182	105145182	harbor1	chr8	104979443	104979769	LINE/L2	454	-	163	104979606	34424
chr8	104945182	105145182	harbor1	chr8	105012585	105012898	LINE/L2	446	-	156	105012741	67559
chr8	134315803	134515803	harbor1	chr8	134318611	134319060	LINE/L2	585	-	224	134318835	3032
chr8	134315803	134515803	harbor1	chr8	134344026	134344264	LINE/L2	702	-	119	134344145	28342
chr8	134315803	134515803	harbor1	chr8	134344609	134345125	LINE/L2	1193	-	258	134344867	29064
chr8	134315803	134515803	harbor1	chr8	134357294	134357433	LINE/L2	532	-	70	134357364	41561
chr8	95963894	96163894	harbor1	chr8	95987032	95987709	LINE/L2	473	-	338	95987370	23476
chr8	95963894	96163894	harbor1	chr8	96031884	96032374	LINE/L2	889	-	245	96032129	68235
chr8	95963894	96163894	harbor1	chr8	96047629	96048397	LINE/L2	1403	-	384	96048013	84119
chr8	11806412	12006412	harbor1	chr8	11887247	11887401	LINE/L2	423	-	77	11887324	80912
chr8	11806412	12006412	harbor1	chr8	11888024	11888404	LINE/L2	717	-	190	11888214	81802
chr8	11806412	12006412	harbor1	chr8	11904713	11904918	LINE/L2	979	-	102	11904815	98403
chr8	11806412	12006412	harbor1	chr8	11905639	11905838	LINE/L2	405	-	100	11905739	99327
chr8	70895821	71095821	harbor1	chr8	70911535	70911829	LINE/L2	544	-	147	70911682	15861
chr8	70895821	71095821	harbor1	chr8	70911839	70912766	LINE/L2	639	-	464	70912303	16482
chr8	70895821	71095821	harbor1	chr8	70950106	70950554	LINE/L2	813	-	224	70950330	54509
chr8	3765528	3965528	harbor1	chr8	3803530	3803817	LINE/L2	508	-	144	3803674	38146
chr8	3765528	3965528	harbor1	chr8	3851726	3852579	LINE/L2	772	-	426	3852152	86624
chr8	117704130	117904130	harbor1	chr8	117715324	117715692	LINE/L2	556	-	184	117715508	11378
chr8	117704130	117904130	harbor1	chr8	117725280	117725771	LINE/L2	903	-	246	117725526	21396
chr8	117704130	117904130	harbor1	chr8	117725803	117725967	LINE/L2	903	-	82	117725885	21755
chr8	117704130	117904130	harbor1	chr8	117728426	117728786	LINE/L2	1124	-	180	117728606	24476
chr8	117704130	117904130	harbor1	chr8	117753408	117753656	LINE/L2	523	-	124	117753532	49402
chr8	117704130	117904130	harbor1	chr8	117766950	117767383	LINE/L2	1444	-	216	117767166	63036
chr8	117704130	117904130	harbor1	chr8	117781768	117782384	LINE/L2	778	-	308	117782076	77946
chr8	3381091	3581091	harbor1	chr8	3410254	3410360	LINE/L2	395	-	53	3410307	29216
chr8	3381091	3581091	harbor1	chr8	3410710	3410733	LINE/L2	395	-	12	3410722	29631
chr8	90770215	90970215	harbor1	chr8	90785155	90785561	LINE/L2	498	-	203	90785358	15143
chr8	90770215	90970215	harbor1	chr8	90785900	90786632	LINE/L2	463	-	366	90786266	16051
chr8	90770215	90970215	harbor1	chr8	90825914	90826355	LINE/L2	491	-	220	90826134	55919
chr8	90770215	90970215	harbor1	chr8	90839404	90839966	LINE/L2	487	-	281	90839685	69470
chr8	58521591	58721591	harbor1	chr8	58620170	58620389	LINE/L2	476	-	110	58620280	98689
chr8	51485876	51685876	harbor1	chr8	51530048	51530283	LINE/L2	549	-	118	51530166	44290
chr8	90115395	90315395	harbor1	chr8	90176534	90176721	LINE/L2	432	-	94	90176628	61233
chr8	48267773	48467773	harbor1	chr8	48320446	48321025	LINE/L2	548	-	290	48320736	52963
chr8	134597448	134797448	harbor1	chr8	134605789	134606212	LINE/L2	399	-	212	134606001	8553
chr8	134597448	134797448	harbor1	chr8	134618818	134618986	LINE/L2	584	-	84	134618902	21454
chr8	131114305	131314305	harbor1	chr8	131119315	131119923	LINE/L2	567	-	304	131119619	5314
chr8	131114305	131314305	harbor1	chr8	131127157	131127380	LINE/L2	616	-	112	131127269	12964
chr8	131114305	131314305	harbor1	chr8	131127816	131128119	LINE/L2	616	-	152	131127968	13663
chr8	131114305	131314305	harbor1	chr8	131149562	131149921	LINE/L2	566	-	180	131149742	35437
chr8	131114305	131314305	harbor1	chr8	131169732	131169996	LINE/L2	846	-	132	131169864	55559
chr8	131114305	131314305	harbor1	chr8	131198335	131198897	LINE/L2	1280	-	281	131198616	84311
chr8	87036681	87236681	harbor1	chr8	87041107	87041532	LINE/L2	1071	-	212	87041319	4638
chr8	87036681	87236681	harbor1	chr8	87041815	87042367	LINE/L2	1071	-	276	87042091	5410
chr8	87036681	87236681	harbor1	chr8	87099217	87100220	LINE/L2	2268	-	502	87099719	63038
chr8	87036681	87236681	harbor1	chr8	87117853	87118033	LINE/L2	816	-	90	87117943	81262
chr8	87036681	87236681	harbor1	chr8	87118339	87118628	LINE/L2	816	-	144	87118483	81802
chr8	12301956	12501956	harbor1	chr8	12399031	12399268	LINE/L2	602	-	118	12399149	97193
chr8	131790789	131990789	harbor1	chr8	131807070	131807379	LINE/L2	500	-	154	131807224	16435
chr8	131790789	131990789	harbor1	chr8	131842925	131843371	LINE/L2	408	-	223	131843148	52359
chr8	107858652	108058652	harbor1	chr8	107875613	107875922	LINE/L2	485	-	154	107875767	17115
chr8	37455127	37655127	harbor1	chr8	37466691	37467334	LINE/L2	874	-	322	37467013	11886
chr8	37455127	37655127	harbor1	chr8	37467499	37467725	LINE/L2	874	-	113	37467612	12485
chr8	37455127	37655127	harbor1	chr8	37537215	37537846	LINE/L2	461	-	316	37537531	82404
chr8	115522799	115722799	harbor1	chr8	115611392	115611718	LINE/L2	518	-	163	115611555	88756
chr8	26423286	26623286	harbor1	chr8	26447808	26447960	LINE/L2	567	-	76	26447884	24598
chr8	74216027	74416027	harbor1	chr8	74227581	74227816	LINE/L2	405	-	118	74227699	11672
chr8	50519265	50719265	harbor1	chr8	50582261	50582445	LINE/L2	659	-	92	50582353	63088
chr8	8556075	8756075	harbor1	chr8	8592434	8592834	LINE/L2	421	-	200	8592634	36559
chr8	8556075	8756075	harbor1	chr8	8610477	8610606	LINE/L2	392	-	64	8610541	54466
chr8	69917784	70117784	harbor1	chr8	69955088	69955439	LINE/L2	572	-	176	69955264	37480
chr8	69917784	70117784	harbor1	chr8	69991603	69991738	LINE/L2	487	-	68	69991671	73887
chr8	117779678	117979678	harbor1	chr8	117781768	117782384	LINE/L2	778	-	308	117782076	2398
chr8	117779678	117979678	harbor1	chr8	117813123	117813465	LINE/L2	614	-	171	117813294	33616
chr8	117779678	117979678	harbor1	chr8	117843215	117843570	LINE/L2	530	-	178	117843393	63715
chr8	111980213	112180213	harbor1	chr8	112049317	112049711	LINE/L2	731	-	197	112049514	69301
chr8	111980213	112180213	harbor1	chr8	112049715	112050033	LINE/L2	457	-	159	112049874	69661
chr8	111980213	112180213	harbor1	chr8	112051063	112051378	LINE/L2	696	-	158	112051221	71008
chr8	111980213	112180213	harbor1	chr8	112051680	112052281	LINE/L2	449	-	300	112051980	71767
chr8	90269173	90469173	harbor1	chr8	90354421	90355197	LINE/L2	420	-	388	90354809	85636
chr8	62928292	63128292	harbor1	chr8	62945017	62945240	LINE/L2	624	-	112	62945129	16837
chr8	62928292	63128292	harbor1	chr8	62990900	62991277	LINE/L2	642	-	188	62991088	62796
chr8	62928292	63128292	harbor1	chr8	63001137	63001882	LINE/L2	1848	-	372	63001509	73217
chr8	83533030	83733030	harbor1	chr8	83535317	83536137	LINE/L2	934	-	410	83535727	2697
chr8	83533030	83733030	harbor1	chr8	83536179	83536350	LINE/L2	515	-	86	83536265	3235
chr8	83533030	83733030	harbor1	chr8	83593171	83593487	LINE/L2	464	-	158	83593329	60299
chr8	21352920	21552920	harbor1	chr8	21386505	21387265	LINE/L2	1344	-	380	21386885	33965
chr8	21352920	21552920	harbor1	chr8	21416595	21416782	LINE/L2	493	-	94	21416689	63769
chr8	88910051	89110051	harbor1	chr8	88910464	88910673	LINE/L2	545	-	104	88910568	517
chr8	88910051	89110051	harbor1	chr8	88927628	88928042	LINE/L2	458	-	207	88927835	17784
chr8	88910051	89110051	harbor1	chr8	88982925	88983153	LINE/L2	750	-	114	88983039	72988
chr8	88910051	89110051	harbor1	chr8	88990841	88991335	LINE/L2	483	-	247	88991088	81037
chr8	88910051	89110051	harbor1	chr8	88994278	88994796	LINE/L2	1295	-	259	88994537	84486
chr8	88910051	89110051	harbor1	chr8	88994988	88995315	LINE/L2	617	-	164	88995152	85101
chr8	104722753	104922753	harbor1	chr8	104749428	104750898	LINE/L2	458	-	735	104750163	27410
chr8	104722753	104922753	harbor1	chr8	104800777	104801210	LINE/L2	699	-	216	104800993	78240
chr8	104722753	104922753	harbor1	chr8	104821957	104822139	LINE/L2	471	-	91	104822048	99295
chr8	16111660	16311660	harbor1	chr8	16160401	16160697	LINE/L2	569	-	148	16160549	48889
chr8	16111660	16311660	harbor1	chr8	16160829	16161425	LINE/L2	525	-	298	16161127	49467
chr8	82150746	82350746	harbor1	chr8	82210023	82210135	LINE/L2	407	-	56	82210079	59333
chr8	82150746	82350746	harbor1	chr8	82215754	82216507	LINE/L2	474	-	376	82216130	65384
chr8	82150746	82350746	harbor1	chr8	82225498	82225701	LINE/L2	425	-	102	82225600	74854
chr8	82150746	82350746	harbor1	chr8	82249065	82249950	LINE/L2	1718	-	442	82249507	98761
chr8	123962967	124162967	harbor1	chr8	124019636	124019972	LINE/L2	761	-	168	124019804	56837
chr8	123962967	124162967	harbor1	chr8	124020335	124020495	LINE/L2	761	-	80	124020415	57448
chr8	123962967	124162967	harbor1	chr8	124033163	124033282	LINE/L2	441	-	60	124033223	70256
chr8	123962967	124162967	harbor1	chr8	124054655	124055089	LINE/L2	842	-	217	124054872	91905
chr8	31111004	31311004	harbor1	chr8	31184477	31184564	LINE/L2	513	-	44	31184521	73517
chr8	104614186	104814186	harbor1	chr8	104618422	104619341	LINE/L2	921	-	460	104618882	4696
chr8	104614186	104814186	harbor1	chr8	104620196	104621385	LINE/L2	1867	-	594	104620790	6604
chr8	104614186	104814186	harbor1	chr8	104635804	104636073	LINE/L2	594	-	134	104635938	21752
chr8	104614186	104814186	harbor1	chr8	104651477	104651760	LINE/L2	694	-	142	104651619	37433
chr8	104614186	104814186	harbor1	chr8	104694731	104695104	LINE/L2	404	-	186	104694917	80731
chr8	39205955	39405955	harbor1	chr8	39256524	39256639	LINE/L2	416	-	58	39256582	50627
chr8	37447052	37647052	harbor1	chr8	37466691	37467334	LINE/L2	874	-	322	37467013	19961
chr8	37447052	37647052	harbor1	chr8	37467499	37467725	LINE/L2	874	-	113	37467612	20560
chr8	37447052	37647052	harbor1	chr8	37537215	37537846	LINE/L2	461	-	316	37537531	90479
chr8	110217538	110417538	harbor1	chr8	110220826	110220968	LINE/L2	456	-	71	110220897	3359
chr8	110217538	110417538	harbor1	chr8	110238486	110238874	LINE/L2	520	-	194	110238680	21142
chr8	19249016	19449016	harbor1	chr8	19333596	19333861	LINE/L2	396	-	132	19333728	84712
chr8	19249016	19449016	harbor1	chr8	19339858	19340382	LINE/L2	432	-	262	19340120	91104
chr8	67978631	68178631	harbor1	chr8	67979816	67980248	LINE/L2	623	-	216	67980032	1401
chr8	67978631	68178631	harbor1	chr8	68013091	68013222	LINE/L2	614	-	66	68013157	34526
chr8	33265657	33465657	harbor1	chr8	33312996	33313241	LINE/L2	536	-	122	33313118	47461
chr8	33265657	33465657	harbor1	chr8	33348620	33348870	LINE/L2	507	-	125	33348745	83088
chr8	120368589	120568589	harbor1	chr8	120373982	120374347	LINE/L2	449	-	182	120374164	5575
chr8	120368589	120568589	harbor1	chr8	120375247	120375645	LINE/L2	435	-	199	120375446	6857
chr8	120368589	120568589	harbor1	chr8	120381330	120381554	LINE/L2	984	-	112	120381442	12853
chr8	120368589	120568589	harbor1	chr8	120381867	120382065	LINE/L2	984	-	99	120381966	13377
chr8	120368589	120568589	harbor1	chr8	120439972	120440329	LINE/L2	1033	-	178	120440150	71561
chr8	120368589	120568589	harbor1	chr8	120440623	120440782	LINE/L2	1033	-	80	120440703	72114
chr8	120368589	120568589	harbor1	chr8	120440810	120441535	LINE/L2	1077	-	362	120441172	72583
chr8	120368589	120568589	harbor1	chr8	120448895	120450348	LINE/L2	544	-	726	120449621	81032
chr8	120368589	120568589	harbor1	chr8	120464818	120465001	LINE/L2	414	-	92	120464910	96321
chr8	19354063	19554063	harbor1	chr8	19358218	19358631	LINE/L2	1193	-	206	19358424	4361
chr8	122470423	122670423	harbor1	chr8	122491577	122491780	LINE/L2	904	-	102	122491679	21256
chr8	122470423	122670423	harbor1	chr8	122492146	122492262	LINE/L2	904	-	58	122492204	21781
chr8	122470423	122670423	harbor1	chr8	122492588	122492709	LINE/L2	904	-	60	122492648	22225
chr8	122470423	122670423	harbor1	chr8	122524003	122524113	LINE/L2	488	-	55	122524058	53635
chr8	122470423	122670423	harbor1	chr8	122534706	122535304	LINE/L2	978	-	299	122535005	64582
chr8	122470423	122670423	harbor1	chr8	122548492	122549040	LINE/L2	415	-	274	122548766	78343
chr8	122470423	122670423	harbor1	chr8	122552360	122552669	LINE/L2	447	-	154	122552514	82091
chr8	122470423	122670423	harbor1	chr8	122553270	122553389	LINE/L2	788	-	60	122553330	82907
chr8	122470423	122670423	harbor1	chr8	122553734	122554614	LINE/L2	788	-	440	122554174	83751
chr8	141326002	141526002	harbor1	chr8	141405790	141406132	LINE/L2	747	-	171	141405961	79959
chr8	108522727	108722727	harbor1	chr8	108542304	108543199	LINE/L2	960	-	448	108542752	20025
chr8	108522727	108722727	harbor1	chr8	108576102	108576261	LINE/L2	493	-	80	108576182	53455
chr8	108522727	108722727	harbor1	chr8	108583018	108583229	LINE/L2	402	-	106	108583124	60397
chr8	108522727	108722727	harbor1	chr8	108610349	108610848	LINE/L2	677	-	250	108610599	87872
chr8	85534795	85734795	harbor1	chr8	85549408	85549769	LINE/L2	395	-	180	85549588	14793
chr8	85534795	85734795	harbor1	chr8	85575234	85575722	LINE/L2	1072	-	244	85575478	40683
chr8	26909540	27109540	harbor1	chr8	26912790	26913522	LINE/L2	778	-	366	26913156	3616
chr8	26909540	27109540	harbor1	chr8	26968794	26969433	LINE/L2	516	-	320	26969114	59574
chr8	49483682	49683682	harbor1	chr8	49496035	49496552	LINE/L2	634	-	258	49496293	12611
chr8	90898230	91098230	harbor1	chr8	90932303	90932633	LINE/L2	712	-	165	90932468	34238
chr8	90898230	91098230	harbor1	chr8	90972975	90973371	LINE/L2	728	-	198	90973173	74943
chr8	120225162	120425162	harbor1	chr8	120270559	120270682	LINE/L2	486	-	62	120270621	45459
chr8	120225162	120425162	harbor1	chr8	120271394	120272062	LINE/L2	994	-	334	120271728	46566
chr8	120225162	120425162	harbor1	chr8	120284038	120284372	LINE/L2	650	-	167	120284205	59043
chr8	120225162	120425162	harbor1	chr8	120316545	120316859	LINE/L2	862	-	157	120316702	91540
chr8	85439998	85639998	harbor1	chr8	85476170	85476288	LINE/L2	419	-	59	85476229	36231
chr8	85439998	85639998	harbor1	chr8	85515262	85515627	LINE/L2	426	-	182	85515444	75446
chr8	37120774	37320774	harbor1	chr8	37141347	37141456	LINE/L2	419	-	54	37141401	20627
chr8	37120774	37320774	harbor1	chr8	37159640	37159926	LINE/L2	445	-	143	37159783	39009
chr8	68169996	68369996	harbor1	chr8	68169860	68170306	LINE/L2	509	-	223	68170083	87
chr8	68169996	68369996	harbor1	chr8	68181785	68182071	LINE/L2	579	-	143	68181928	11932
chr8	68169996	68369996	harbor1	chr8	68188890	68189018	LINE/L2	480	-	64	68188954	18958
chr8	68169996	68369996	harbor1	chr8	68194167	68194505	LINE/L2	984	-	169	68194336	24340
chr8	68169996	68369996	harbor1	chr8	68194815	68194942	LINE/L2	984	-	64	68194879	24883
chr8	68169996	68369996	harbor1	chr8	68242650	68243133	LINE/L2	409	-	242	68242892	72896
chr8	68169996	68369996	harbor1	chr8	68254615	68254861	LINE/L2	441	-	123	68254738	84742
chr8	136668758	136868758	harbor1	chr8	136677459	136677792	LINE/L2	426	-	166	136677625	8867
chr8	16034162	16234162	harbor1	chr8	16036164	16036369	LINE/L2	523	-	102	16036266	2104
chr8	16034162	16234162	harbor1	chr8	16036672	16036834	LINE/L2	523	-	81	16036753	2591
chr8	16034162	16234162	harbor1	chr8	16066581	16066731	LINE/L2	421	-	75	16066656	32494
chr8	52855177	53055177	harbor1	chr8	52918427	52918971	LINE/L2	704	-	272	52918699	63522
chr8	92634224	92834224	harbor1	chr8	92698614	92699584	LINE/L2	1049	-	485	92699099	64875
chr8	92634224	92834224	harbor1	chr8	92731035	92731276	LINE/L2	470	-	120	92731155	96931
chr8	60843045	61043045	harbor1	chr8	60859757	60860073	LINE/L2	407	-	158	60859915	16870
chr8	60843045	61043045	harbor1	chr8	60891997	60892411	LINE/L2	421	-	207	60892204	49159
chr8	60843045	61043045	harbor1	chr8	60916294	60916779	LINE/L2	682	-	242	60916536	73491
chr8	60843045	61043045	harbor1	chr8	60916829	60917171	LINE/L2	565	-	171	60917000	73955
chr8	60843045	61043045	harbor1	chr8	60925561	60925813	LINE/L2	671	-	126	60925687	82642
chr8	60843045	61043045	harbor1	chr8	60926125	60926203	LINE/L2	671	-	39	60926164	83119
chr8	17128020	17328020	harbor1	chr8	17165639	17166830	LINE/L2	2647	-	596	17166235	38215
chr8	17128020	17328020	harbor1	chr8	17175824	17176180	LINE/L2	411	-	178	17176002	47982
chr8	17128020	17328020	harbor1	chr8	17177147	17177427	LINE/L2	407	-	140	17177287	49267
chr8	80657735	80857735	harbor1	chr8	80665300	80665436	LINE/L2	415	-	68	80665368	7633
chr8	80657735	80857735	harbor1	chr8	80666999	80667471	LINE/L2	582	-	236	80667235	9500
chr8	80657735	80857735	harbor1	chr8	80675148	80676668	LINE/L2	1745	-	760	80675908	18173
chr8	80657735	80857735	harbor1	chr8	80676989	80677014	LINE/L2	1745	-	12	80677001	19266
chr8	80657735	80857735	harbor1	chr8	80693330	80694135	LINE/L2	637	-	402	80693732	35997
chr8	60909043	61109043	harbor1	chr8	60916294	60916779	LINE/L2	682	-	242	60916536	7493
chr8	60909043	61109043	harbor1	chr8	60916829	60917171	LINE/L2	565	-	171	60917000	7957
chr8	60909043	61109043	harbor1	chr8	60925561	60925813	LINE/L2	671	-	126	60925687	16644
chr8	60909043	61109043	harbor1	chr8	60926125	60926203	LINE/L2	671	-	39	60926164	17121
chr8	60909043	61109043	harbor1	chr8	60986990	60987356	LINE/L2	456	-	183	60987173	78130
chr8	60909043	61109043	harbor1	chr8	61003753	61004023	LINE/L2	517	-	135	61003888	94845
chr8	40558086	40758086	harbor1	chr8	40557727	40558719	LINE/L2	1065	-	496	40558223	137
chr8	40558086	40758086	harbor1	chr8	40559679	40559709	LINE/L2	1065	-	15	40559694	1608
chr8	40558086	40758086	harbor1	chr8	40586705	40587105	LINE/L2	545	-	200	40586905	28819
chr8	40558086	40758086	harbor1	chr8	40624789	40625828	LINE/L2	1541	-	520	40625309	67223
chr8	40558086	40758086	harbor1	chr8	40626131	40626346	LINE/L2	1541	-	108	40626239	68153
chr8	40558086	40758086	harbor1	chr8	40643467	40644100	LINE/L2	492	-	316	40643783	85697
chr8	130309875	130509875	harbor1	chr8	130322646	130322905	LINE/L2	410	-	130	130322776	12901
chr8	130309875	130509875	harbor1	chr8	130387821	130388383	LINE/L2	625	-	281	130388102	78227
chr8	130309875	130509875	harbor1	chr8	130388385	130388733	LINE/L2	729	-	174	130388559	78684
chr8	74213481	74413481	harbor1	chr8	74227581	74227816	LINE/L2	405	-	118	74227699	14218
chr8	123733076	123933076	harbor1	chr8	123747364	123748292	LINE/L2	732	-	464	123747828	14752
chr8	123733076	123933076	harbor1	chr8	123764415	123764695	LINE/L2	915	-	140	123764555	31479
chr8	123733076	123933076	harbor1	chr8	123769039	123769466	LINE/L2	390	-	214	123769253	36177
chr8	123733076	123933076	harbor1	chr8	123769589	123769774	LINE/L2	684	-	92	123769681	36605
chr8	123733076	123933076	harbor1	chr8	123786707	123787056	LINE/L2	550	-	174	123786881	53805
chr8	123733076	123933076	harbor1	chr8	123801928	123802424	LINE/L2	454	-	248	123802176	69100
chr8	123733076	123933076	harbor1	chr8	123810860	123811812	LINE/L2	621	-	476	123811336	78260
chr8	123733076	123933076	harbor1	chr8	123748333	123748533	LINE/L2	390	-	100	123748433	15357
chr8	123733076	123933076	harbor1	chr8	123764718	123765144	LINE/L2	530	-	213	123764931	31855
chr8	13563494	13763494	harbor1	chr8	13568109	13568988	LINE/L2	576	-	440	13568549	5055
chr8	13563494	13763494	harbor1	chr8	13590992	13591233	LINE/L2	922	-	120	13591112	27618
chr8	13563494	13763494	harbor1	chr8	13591612	13592161	LINE/L2	922	-	274	13591886	28392
chr8	13563494	13763494	harbor1	chr8	13653600	13653924	LINE/L2	390	-	162	13653762	90268
chr8	16588671	16788671	harbor1	chr8	16664104	16664406	LINE/L2	1123	-	151	16664255	75584
chr8	16588671	16788671	harbor1	chr8	16665318	16665454	LINE/L2	1123	-	68	16665386	76715
chr8	93278036	93478036	harbor1	chr8	93299228	93299900	LINE/L2	1450	-	336	93299564	21528
chr8	93278036	93478036	harbor1	chr8	93300074	93300357	LINE/L2	1450	-	142	93300216	22180
chr8	93278036	93478036	harbor1	chr8	93327817	93328362	LINE/L2	597	-	272	93328089	50053
chr8	108006118	108206118	harbor1	chr8	108055178	108055532	LINE/L2	553	-	177	108055355	49237
chr8	108006118	108206118	harbor1	chr8	108094624	108094777	LINE/L2	541	-	76	108094700	88582
chr8	132716350	132916350	harbor1	chr8	132720861	132721281	LINE/L2	887	-	210	132721071	4721
chr8	132716350	132916350	harbor1	chr8	132732030	132732627	LINE/L2	453	-	298	132732328	15978
chr8	140371756	140571756	harbor1	chr8	140373075	140373200	LINE/L2	477	-	62	140373137	1381
chr8	110552374	110752374	harbor1	chr8	110580809	110580950	LINE/L2	535	-	70	110580879	28505
chr8	48290992	48490992	harbor1	chr8	48320446	48321025	LINE/L2	548	-	290	48320736	29744
chr8	90717347	90917347	harbor1	chr8	90785155	90785561	LINE/L2	498	-	203	90785358	68011
chr8	90717347	90917347	harbor1	chr8	90785900	90786632	LINE/L2	463	-	366	90786266	68919
chr8	70478501	70678501	harbor1	chr8	70523426	70524198	LINE/L2	757	-	386	70523812	45311
chr8	94686213	94886213	harbor1	chr8	94771358	94771780	LINE/L2	871	-	211	94771569	85356
chr8	58649064	58849064	harbor1	chr8	58666771	58667355	LINE/L2	827	-	292	58667063	17999
chr8	58649064	58849064	harbor1	chr8	58678584	58678601	LINE/L2	664	-	8	58678592	29528
chr8	58649064	58849064	harbor1	chr8	58678970	58679294	LINE/L2	664	-	162	58679132	30068
chr8	58649064	58849064	harbor1	chr8	58688404	58688798	LINE/L2	421	-	197	58688601	39537
chr8	58649064	58849064	harbor1	chr8	58732229	58732482	LINE/L2	392	-	126	58732355	83291
chr8	109104133	109304133	harbor1	chr8	109105418	109105695	LINE/L2	645	-	138	109105556	1423
chr8	109104133	109304133	harbor1	chr8	109149623	109149909	LINE/L2	420	-	143	109149766	45633
chr8	109104133	109304133	harbor1	chr8	109150743	109150929	LINE/L2	683	-	93	109150836	46703
chr8	109104133	109304133	harbor1	chr8	109151241	109151394	LINE/L2	683	-	76	109151317	47184
chr8	109104133	109304133	harbor1	chr8	109190240	109190729	LINE/L2	470	-	244	109190484	86351
chr8	109104133	109304133	harbor1	chr8	109198949	109199087	LINE/L2	402	-	69	109199018	94885
chr8	109104133	109304133	harbor1	chr8	109150001	109150379	LINE/L2	492	-	189	109150190	46057
chr8	109104133	109304133	harbor1	chr8	109199073	109199726	LINE/L2	712	-	326	109199399	95266
chr8	69324859	69524859	harbor1	chr8	69345218	69345830	LINE/L2	503	-	306	69345524	20665
chr8	48294780	48494780	harbor1	chr8	48320446	48321025	LINE/L2	548	-	290	48320736	25956
chr8	86499090	86699090	harbor1	chr8	86561712	86562214	LINE/L2	524	-	251	86561963	62873
chr8	86499090	86699090	harbor1	chr8	86596559	86596648	LINE/L2	392	-	44	86596603	97513
chr8	86499090	86699090	harbor1	chr8	86597388	86597698	LINE/L2	741	-	155	86597543	98453
chr8	86499090	86699090	harbor1	chr8	86598030	86598425	LINE/L2	741	-	198	86598228	99138
chr8	100735781	100935781	harbor1	chr8	100749055	100749833	LINE/L2	1110	-	389	100749444	13663
chr8	100735781	100935781	harbor1	chr8	100756531	100756748	LINE/L2	422	-	108	100756639	20858
chr8	100735781	100935781	harbor1	chr8	100760291	100760423	LINE/L2	412	-	66	100760357	24576
chr8	100735781	100935781	harbor1	chr8	100760736	100760823	LINE/L2	412	-	44	100760780	24999
chr8	100735781	100935781	harbor1	chr8	100761173	100761525	LINE/L2	412	-	176	100761349	25568
chr8	100735781	100935781	harbor1	chr8	100788926	100789379	LINE/L2	451	-	226	100789152	53371
chr8	93578948	93778948	harbor1	chr8	93587459	93587648	LINE/L2	532	-	94	93587553	8605
chr8	93578948	93778948	harbor1	chr8	93596216	93596513	LINE/L2	443	-	148	93596364	17416
chr8	93578948	93778948	harbor1	chr8	93605761	93606523	LINE/L2	856	-	381	93606142	27194
chr8	93578948	93778948	harbor1	chr8	93612277	93612439	LINE/L2	397	-	81	93612358	33410
chr8	93578948	93778948	harbor1	chr8	93630614	93631327	LINE/L2	927	-	356	93630970	52022
chr8	93578948	93778948	harbor1	chr8	93639815	93640066	LINE/L2	1066	-	126	93639941	60993
chr8	93578948	93778948	harbor1	chr8	93640370	93640522	LINE/L2	1066	-	76	93640446	61498
chr8	93578948	93778948	harbor1	chr8	93649623	93650172	LINE/L2	468	-	274	93649897	70949
chr8	25356198	25556198	harbor1	chr8	25383400	25383537	LINE/L2	403	-	68	25383468	27270
chr8	25356198	25556198	harbor1	chr8	25385572	25386000	LINE/L2	718	-	214	25385786	29588
chr8	30072251	30272251	harbor1	chr8	30083795	30084110	LINE/L2	412	-	158	30083953	11702
chr8	30072251	30272251	harbor1	chr8	30084868	30085007	LINE/L2	590	-	70	30084938	12687
chr8	30072251	30272251	harbor1	chr8	30085368	30085649	LINE/L2	590	-	140	30085508	13257
chr8	30072251	30272251	harbor1	chr8	30123740	30124035	LINE/L2	454	-	148	30123888	51637
chr8	30072251	30272251	harbor1	chr8	30146730	30146853	LINE/L2	421	-	62	30146792	74541
chr8	30072251	30272251	harbor1	chr8	30164402	30164514	LINE/L2	445	-	56	30164458	92207
chr8	84972957	85172957	harbor1	chr8	85039663	85040242	LINE/L2	829	-	290	85039953	66996
chr8	84972957	85172957	harbor1	chr8	85061037	85061130	LINE/L2	951	-	46	85061083	88126
chr8	84972957	85172957	harbor1	chr8	85061431	85062294	LINE/L2	1581	-	432	85061863	88906
chr8	84972957	85172957	harbor1	chr8	85069172	85069426	LINE/L2	540	-	127	85069299	96342
chr8	84972957	85172957	harbor1	chr8	85071205	85071227	LINE/L2	540	-	11	85071216	98259
chr8	95747443	95947443	harbor1	chr8	95760970	95761088	LINE/L2	477	-	59	95761029	13586
chr8	95747443	95947443	harbor1	chr8	95774119	95774314	LINE/L2	503	-	98	95774217	26774
chr8	95747443	95947443	harbor1	chr8	95774891	95775041	LINE/L2	595	-	75	95774966	27523
chr8	95747443	95947443	harbor1	chr8	95805095	95805309	LINE/L2	551	-	107	95805202	57759
chr8	95747443	95947443	harbor1	chr8	95809678	95809709	LINE/L2	844	-	16	95809694	62251
chr8	95747443	95947443	harbor1	chr8	95810176	95810596	LINE/L2	844	-	210	95810386	62943
chr8	95747443	95947443	harbor1	chr8	95829329	95829874	LINE/L2	825	-	272	95829601	82158
chr9	35497155	35697155	harbor1	chr9	35553330	35553730	LINE/L2	830	-	200	35553530	56375
chr9	35497155	35697155	harbor1	chr9	35595718	35596031	LINE/L2	1922	-	156	35595874	98719
chr9	35497155	35697155	harbor1	chr9	35596343	35596420	LINE/L2	1922	-	38	35596381	99226
chr9	35497155	35697155	harbor1	chr9	35596721	35596779	LINE/L2	1922	-	29	35596750	99595
chr9	35497155	35697155	harbor1	chr9	35597094	35597195	LINE/L2	1922	-	50	35597144	99989
chr9	118082244	118282244	harbor1	chr9	118083975	118084272	LINE/L2	568	-	148	118084123	1879
chr9	118082244	118282244	harbor1	chr9	118120737	118121146	LINE/L2	503	-	204	118120941	38697
chr9	77843322	78043322	harbor1	chr9	77899799	77899921	LINE/L2	442	-	61	77899860	56538
chr9	77843322	78043322	harbor1	chr9	77932277	77932854	LINE/L2	424	-	288	77932565	89243
chr9	27520084	27720084	harbor1	chr9	27540733	27540932	LINE/L2	447	-	100	27540833	20749
chr9	27520084	27720084	harbor1	chr9	27617210	27617395	LINE/L2	432	-	92	27617302	97218
chr9	30111802	30311802	harbor1	chr9	30118635	30119395	LINE/L2	1088	-	380	30119015	7213
chr9	30111802	30311802	harbor1	chr9	30126329	30126715	LINE/L2	426	-	193	30126522	14720
chr9	30111802	30311802	harbor1	chr9	30128635	30129354	LINE/L2	1606	-	360	30128995	17193
chr9	125661246	125861246	harbor1	chr9	125685074	125685603	LINE/L2	972	-	264	125685338	24092
chr9	125661246	125861246	harbor1	chr9	125722916	125723208	LINE/L2	857	-	146	125723062	61816
chr9	26899847	27099847	harbor1	chr9	26954149	26954189	LINE/L2	427	-	20	26954169	54322
chr9	26899847	27099847	harbor1	chr9	26954533	26954755	LINE/L2	427	-	111	26954644	54797
chr9	26899847	27099847	harbor1	chr9	26960673	26961083	LINE/L2	558	-	205	26960878	61031
chr9	26899847	27099847	harbor1	chr9	26961390	26961700	LINE/L2	558	-	155	26961545	61698
chr9	85829151	86029151	harbor1	chr9	85905405	85905703	LINE/L2	575	-	149	85905554	76403
chr9	9456564	9656564	harbor1	chr9	9538909	9539402	LINE/L2	718	-	246	9539155	82591
chr9	98539418	98739418	harbor1	chr9	98590919	98591359	LINE/L2	533	-	220	98591139	51721
chr9	98539418	98739418	harbor1	chr9	98631401	98631590	LINE/L2	548	-	94	98631495	92077
chr9	83145654	83345654	harbor1	chr9	83195502	83195744	LINE/L2	722	-	121	83195623	49969
chr9	83145654	83345654	harbor1	chr9	83195780	83196206	LINE/L2	549	-	213	83195993	50339
chr9	83145654	83345654	harbor1	chr9	83197379	83197514	LINE/L2	585	-	68	83197447	51793
chr9	83145654	83345654	harbor1	chr9	83203604	83204417	LINE/L2	650	-	406	83204010	58356
chr9	34210263	34410263	harbor1	chr9	34233519	34234003	LINE/L2	1035	-	242	34233761	23498
chr9	113974093	114174093	harbor1	chr9	113973977	113974501	LINE/L2	1377	-	262	113974239	146
chr9	113974093	114174093	harbor1	chr9	113979854	113980460	LINE/L2	954	-	303	113980157	6064
chr9	113974093	114174093	harbor1	chr9	113980573	113980930	LINE/L2	954	-	178	113980751	6658
chr9	113974093	114174093	harbor1	chr9	114025865	114026312	LINE/L2	445	-	224	114026089	51996
chr9	96822423	97022423	harbor1	chr9	96879070	96879177	LINE/L2	409	-	54	96879124	56701
chr9	27086639	27286639	harbor1	chr9	27095332	27095484	LINE/L2	421	-	76	27095408	8769
chr9	27086639	27286639	harbor1	chr9	27156340	27156605	LINE/L2	620	-	132	27156472	69833
chr9	69968562	70168562	harbor1	chr9	69969060	69969120	LINE/L2	1005	-	30	69969090	528
chr9	69968562	70168562	harbor1	chr9	69969433	69969795	LINE/L2	1005	-	181	69969614	1052
chr9	69968562	70168562	harbor1	chr9	69998998	69999319	LINE/L2	498	-	160	69999158	30596
chr9	69968562	70168562	harbor1	chr9	70041701	70041896	LINE/L2	2104	-	98	70041799	73237
chr9	69968562	70168562	harbor1	chr9	70042198	70042982	LINE/L2	2104	-	392	70042590	74028
chr9	69968562	70168562	harbor1	chr9	70053776	70054443	LINE/L2	598	-	334	70054110	85548
chr9	69968562	70168562	harbor1	chr9	70062862	70062997	LINE/L2	420	-	68	70062930	94368
chr9	69968562	70168562	harbor1	chr9	70063270	70063427	LINE/L2	420	-	78	70063348	94786
chr9	69968562	70168562	harbor1	chr9	70065927	70066582	LINE/L2	1097	-	328	70066255	97693
chr9	78024731	78224731	harbor1	chr9	78027342	78027447	LINE/L2	450	-	52	78027394	2663
chr9	78024731	78224731	harbor1	chr9	78034289	78034522	LINE/L2	430	-	116	78034405	9674
chr9	38729526	38929526	harbor1	chr9	38767241	38767487	LINE/L2	636	-	123	38767364	37838
chr9	83176166	83376166	harbor1	chr9	83195502	83195744	LINE/L2	722	-	121	83195623	19457
chr9	83176166	83376166	harbor1	chr9	83195780	83196206	LINE/L2	549	-	213	83195993	19827
chr9	83176166	83376166	harbor1	chr9	83197379	83197514	LINE/L2	585	-	68	83197447	21281
chr9	83176166	83376166	harbor1	chr9	83203604	83204417	LINE/L2	650	-	406	83204010	27844
chr9	106506364	106706364	harbor1	chr9	106595537	106597465	LINE/L2	3662	-	964	106596501	90137
chr9	19269648	19469648	harbor1	chr9	19293916	19294383	LINE/L2	704	-	234	19294150	24502
chr9	19269648	19469648	harbor1	chr9	19321015	19321478	LINE/L2	443	-	232	19321247	51599
chr9	19269648	19469648	harbor1	chr9	19321503	19321562	LINE/L2	687	-	30	19321533	51885
chr9	19269648	19469648	harbor1	chr9	19321857	19322479	LINE/L2	687	-	311	19322168	52520
chr9	19269648	19469648	harbor1	chr9	19322752	19323022	LINE/L2	687	-	135	19322887	53239
chr9	19269648	19469648	harbor1	chr9	19323446	19323816	LINE/L2	687	-	185	19323631	53983
chr9	125219548	125419548	harbor1	chr9	125288685	125289079	LINE/L2	852	-	197	125288882	69334
chr9	125219548	125419548	harbor1	chr9	125289243	125290726	LINE/L2	5097	-	742	125289985	70437
chr9	125219548	125419548	harbor1	chr9	125291013	125291031	LINE/L2	5097	-	9	125291022	71474
chr9	125219548	125419548	harbor1	chr9	125291302	125291960	LINE/L2	5097	-	329	125291631	72083
chr9	125219548	125419548	harbor1	chr9	125292250	125292400	LINE/L2	5097	-	75	125292325	72777
chr9	125219548	125419548	harbor1	chr9	125292689	125292873	LINE/L2	5097	-	92	125292781	73233
chr9	125219548	125419548	harbor1	chr9	125297179	125297742	LINE/L2	1146	-	282	125297461	77913
chr9	125219548	125419548	harbor1	chr9	125298045	125298280	LINE/L2	1146	-	118	125298163	78615
chr9	62624773	62824773	harbor1	chr9	62676570	62676991	LINE/L2	917	-	210	62676780	52007
chr9	61829865	62029865	harbor1	chr9	61879182	61879724	LINE/L2	1391	-	271	61879453	49588
chr9	61829865	62029865	harbor1	chr9	61880017	61880193	LINE/L2	1391	-	88	61880105	50240
chr9	61829865	62029865	harbor1	chr9	61896873	61897074	LINE/L2	576	-	100	61896973	67108
chr9	35823927	36023927	harbor1	chr9	35862096	35862209	LINE/L2	693	-	56	35862152	38225
chr9	62331003	62531003	harbor1	chr9	62423460	62423963	LINE/L2	1001	-	252	62423712	92709
chr9	124701289	124901289	harbor1	chr9	124783701	124784151	LINE/L2	815	-	225	124783926	82637
chr9	40553523	40753523	harbor1	chr9	40633756	40634748	LINE/L2	623	-	496	40634252	80729
chr9	9337465	9537465	harbor1	chr9	9354531	9355095	LINE/L2	1086	-	282	9354813	17348
chr9	9337465	9537465	harbor1	chr9	9355274	9356365	LINE/L2	3244	-	546	9355820	18355
chr9	9337465	9537465	harbor1	chr9	9364270	9365100	LINE/L2	1117	-	415	9364685	27220
chr9	9337465	9537465	harbor1	chr9	9389779	9390324	LINE/L2	596	-	272	9390051	52586
chr9	9337465	9537465	harbor1	chr9	9403707	9404841	LINE/L2	1515	-	567	9404274	66809
chr9	108619343	108819343	harbor1	chr9	108653753	108653955	LINE/L2	533	-	101	108653854	34511
chr9	111194252	111394252	harbor1	chr9	111257625	111258329	LINE/L2	586	-	352	111257977	63725
chr9	122630502	122830502	harbor1	chr9	122729222	122729451	LINE/L2	485	-	114	122729336	98834
chr9	79808333	80008333	harbor1	chr9	79823033	79823129	LINE/L2	3763	-	48	79823081	14748
chr9	79808333	80008333	harbor1	chr9	79823629	79824933	LINE/L2	3763	-	652	79824281	15948
chr9	79808333	80008333	harbor1	chr9	79827306	79827673	LINE/L2	623	-	184	79827490	19157
chr9	79808333	80008333	harbor1	chr9	79856922	79857626	LINE/L2	862	-	352	79857274	48941
chr9	79808333	80008333	harbor1	chr9	79869161	79869646	LINE/L2	901	-	242	79869403	61070
chr9	79808333	80008333	harbor1	chr9	79889075	79889304	LINE/L2	471	-	114	79889189	80856
chr9	79808333	80008333	harbor1	chr9	79822459	79823002	LINE/L2	3763	-	272	79822731	14398
chr9	100628232	100828232	harbor1	chr9	100642326	100643156	LINE/L2	1302	-	415	100642741	14509
chr9	100628232	100828232	harbor1	chr9	100643190	100643292	LINE/L2	1302	-	51	100643241	15009
chr9	100628232	100828232	harbor1	chr9	100643547	100643698	LINE/L2	1032	-	76	100643623	15391
chr9	100628232	100828232	harbor1	chr9	100644009	100644020	LINE/L2	1032	-	6	100644015	15783
chr9	100628232	100828232	harbor1	chr9	100644489	100644871	LINE/L2	1032	-	191	100644680	16448
chr9	100628232	100828232	harbor1	chr9	100644993	100645199	LINE/L2	577	-	103	100645096	16864
chr9	97380466	97580466	harbor1	chr9	97411417	97411726	LINE/L2	711	-	154	97411571	31105
chr9	97380466	97580466	harbor1	chr9	97416808	97417534	LINE/L2	1279	-	363	97417171	36705
chr9	97380466	97580466	harbor1	chr9	97445300	97445732	LINE/L2	1028	-	216	97445516	65050
chr9	97380466	97580466	harbor1	chr9	97467702	97468405	LINE/L2	1620	-	352	97468054	87588
chr9	137812511	138012511	harbor1	chr9	137911812	137912645	LINE/L2	859	-	416	137912228	99717
chr9	128404376	128604376	harbor1	chr9	128439356	128439669	LINE/L2	691	-	156	128439512	35136
chr9	128404376	128604376	harbor1	chr9	128440281	128440671	LINE/L2	691	-	195	128440476	36100
chr9	128404376	128604376	harbor1	chr9	128441133	128441228	LINE/L2	436	-	48	128441181	36805
chr9	128404376	128604376	harbor1	chr9	128486031	128486208	LINE/L2	438	-	88	128486119	81743
chr9	73017556	73217556	harbor1	chr9	73020281	73020632	LINE/L2	570	-	176	73020457	2901
chr9	73017556	73217556	harbor1	chr9	73077171	73077591	LINE/L2	1074	-	210	73077381	59825
chr9	73017556	73217556	harbor1	chr9	73077787	73077837	LINE/L2	440	-	25	73077812	60256
chr9	73017556	73217556	harbor1	chr9	73077889	73078125	LINE/L2	440	-	118	73078007	60451
chr9	73017556	73217556	harbor1	chr9	73101968	73102787	LINE/L2	624	-	410	73102378	84822
chr9	39958162	40158162	harbor1	chr9	40048195	40049105	LINE/L2	1023	-	455	40048650	90488
chr9	6052672	6252672	harbor1	chr9	6052966	6053247	LINE/L2	434	-	140	6053106	434
chr9	92274638	92474638	harbor1	chr9	92345950	92346162	LINE/L2	423	-	106	92346056	71418
chr9	92274638	92474638	harbor1	chr9	92346337	92347249	LINE/L2	842	-	456	92346793	72155
chr9	92274638	92474638	harbor1	chr9	92365010	92365313	LINE/L2	862	-	152	92365162	90524
chr9	128936395	129136395	harbor1	chr9	128996907	128997411	LINE/L2	740	-	252	128997159	60764
chr9	14444199	14644199	harbor1	chr9	14444116	14444311	LINE/L2	587	-	98	14444214	15
chr9	14444199	14644199	harbor1	chr9	14467679	14467781	LINE/L2	423	-	51	14467730	23531
chr9	14444199	14644199	harbor1	chr9	14485502	14485594	LINE/L2	413	-	46	14485548	41349
chr9	14444199	14644199	harbor1	chr9	14485902	14486125	LINE/L2	413	-	112	14486014	41815
chr9	14444199	14644199	harbor1	chr9	14509082	14509245	LINE/L2	468	-	82	14509164	64965
chr9	25682491	25882491	harbor1	chr9	25700262	25700367	LINE/L2	450	-	52	25700314	17823
chr9	25682491	25882491	harbor1	chr9	25717396	25717543	LINE/L2	1041	-	74	25717470	34979
chr9	25682491	25882491	harbor1	chr9	25717846	25718212	LINE/L2	1041	-	183	25718029	35538
chr9	25682491	25882491	harbor1	chr9	25773417	25773536	LINE/L2	548	-	60	25773477	90986
chr9	25682491	25882491	harbor1	chr9	25774095	25774489	LINE/L2	551	-	197	25774292	91801
chr9	39190497	39390497	harbor1	chr9	39233716	39234091	LINE/L2	520	-	188	39233904	43407
chr9	39190497	39390497	harbor1	chr9	39270316	39270501	LINE/L2	563	-	92	39270408	79911
chr9	65612787	65812787	harbor1	chr9	65654810	65655123	LINE/L2	572	-	156	65654966	42179
chr9	138167107	138367107	harbor1	chr9	138266167	138266770	LINE/L2	1402	-	302	138266469	99362
chr9	88014892	88214892	harbor1	chr9	88100350	88100450	LINE/L2	421	-	50	88100400	85508
chr9	37467661	37667661	harbor1	chr9	37489882	37490044	LINE/L2	424	-	81	37489963	22302
chr9	37467661	37667661	harbor1	chr9	37516114	37516369	LINE/L2	452	-	128	37516242	48581
chr9	37467661	37667661	harbor1	chr9	37524473	37524815	LINE/L2	624	-	171	37524644	56983
chr9	37467661	37667661	harbor1	chr9	37561652	37561896	LINE/L2	758	-	122	37561774	94113
chr9	71663645	71863645	harbor1	chr9	71719246	71719644	LINE/L2	661	-	199	71719445	55800
chr9	71663645	71863645	harbor1	chr9	71722715	71723232	LINE/L2	460	-	258	71722973	59328
chr9	71663645	71863645	harbor1	chr9	71723309	71723749	LINE/L2	450	-	220	71723529	59884
chr9	123396288	123596288	harbor1	chr9	123453139	123453537	LINE/L2	544	-	199	123453338	57050
chr9	103581082	103781082	harbor1	chr9	103618408	103618624	LINE/L2	441	-	108	103618516	37434
chr9	103581082	103781082	harbor1	chr9	103625030	103625530	LINE/L2	918	-	250	103625280	44198
chr9	103581082	103781082	harbor1	chr9	103641756	103641906	LINE/L2	527	-	75	103641831	60749
chr9	103581082	103781082	harbor1	chr9	103666803	103667273	LINE/L2	1110	-	235	103667038	85956
chr9	123097805	123297805	harbor1	chr9	123149842	123150232	LINE/L2	697	-	195	123150037	52232
chr9	123097805	123297805	harbor1	chr9	123153052	123153191	LINE/L2	2169	-	70	123153122	55317
chr9	123097805	123297805	harbor1	chr9	123153489	123154009	LINE/L2	2169	-	260	123153749	55944
chr9	123097805	123297805	harbor1	chr9	123154639	123155919	LINE/L2	2688	-	640	123155279	57474
chr9	123097805	123297805	harbor1	chr9	123191785	123192429	LINE/L2	1679	-	322	123192107	94302
chr9	123097805	123297805	harbor1	chr9	123190940	123191462	LINE/L2	1679	-	261	123191201	93396
chr9	76775172	76975172	harbor1	chr9	76777537	76778044	LINE/L2	1793	-	254	76777791	2619
chr9	76775172	76975172	harbor1	chr9	76778211	76778230	LINE/L2	630	-	10	76778221	3049
chr9	76775172	76975172	harbor1	chr9	76827935	76828575	LINE/L2	764	-	320	76828255	53083
chr9	76775172	76975172	harbor1	chr9	76839233	76839358	LINE/L2	507	-	62	76839295	64123
chr9	76775172	76975172	harbor1	chr9	76839421	76840251	LINE/L2	1221	-	415	76839836	64664
chr9	76775172	76975172	harbor1	chr9	76858160	76858360	LINE/L2	714	-	100	76858260	83088
chr9	76775172	76975172	harbor1	chr9	76858771	76858901	LINE/L2	714	-	65	76858836	83664
chr9	117261750	117461750	harbor1	chr9	117300957	117301119	LINE/L2	569	-	81	117301038	39288
chr9	106805920	107005920	harbor1	chr9	106839221	106840034	LINE/L2	1738	-	406	106839627	33707
chr9	106805920	107005920	harbor1	chr9	106840087	106840516	LINE/L2	1738	-	214	106840301	34381
chr9	106805920	107005920	harbor1	chr9	106889643	106889757	LINE/L2	418	-	57	106889700	83780
chr9	106805920	107005920	harbor1	chr9	106898187	106898377	LINE/L2	454	-	95	106898282	92362
chr9	106805920	107005920	harbor1	chr9	106898625	106898702	LINE/L2	454	-	38	106898663	92743
chr9	73012635	73212635	harbor1	chr9	73020281	73020632	LINE/L2	570	-	176	73020457	7822
chr9	73012635	73212635	harbor1	chr9	73077171	73077591	LINE/L2	1074	-	210	73077381	64746
chr9	73012635	73212635	harbor1	chr9	73077787	73077837	LINE/L2	440	-	25	73077812	65177
chr9	73012635	73212635	harbor1	chr9	73077889	73078125	LINE/L2	440	-	118	73078007	65372
chr9	73012635	73212635	harbor1	chr9	73101968	73102787	LINE/L2	624	-	410	73102378	89743
chr9	86770401	86970401	harbor1	chr9	86857025	86857185	LINE/L2	497	-	80	86857105	86704
chr9	86770401	86970401	harbor1	chr9	86860504	86860929	LINE/L2	427	-	212	86860716	90315
chr9	71449025	71649025	harbor1	chr9	71481490	71482617	LINE/L2	2079	-	564	71482054	33029
chr9	71449025	71649025	harbor1	chr9	71519500	71519604	LINE/L2	443	-	52	71519552	70527
chr9	136977174	137177174	harbor1	chr9	136990384	136990533	LINE/L2	553	-	74	136990458	13284
chr9	136977174	137177174	harbor1	chr9	136990908	136991174	LINE/L2	410	-	133	136991041	13867
chr9	9337706	9537706	harbor1	chr9	9354531	9355095	LINE/L2	1086	-	282	9354813	17107
chr9	9337706	9537706	harbor1	chr9	9355274	9356365	LINE/L2	3244	-	546	9355820	18114
chr9	9337706	9537706	harbor1	chr9	9364270	9365100	LINE/L2	1117	-	415	9364685	26979
chr9	9337706	9537706	harbor1	chr9	9389779	9390324	LINE/L2	596	-	272	9390051	52345
chr9	9337706	9537706	harbor1	chr9	9403707	9404841	LINE/L2	1515	-	567	9404274	66568
chr9	14428652	14628652	harbor1	chr9	14444116	14444311	LINE/L2	587	-	98	14444214	15562
chr9	14428652	14628652	harbor1	chr9	14467679	14467781	LINE/L2	423	-	51	14467730	39078
chr9	14428652	14628652	harbor1	chr9	14485502	14485594	LINE/L2	413	-	46	14485548	56896
chr9	14428652	14628652	harbor1	chr9	14485902	14486125	LINE/L2	413	-	112	14486014	57362
chr9	14428652	14628652	harbor1	chr9	14509082	14509245	LINE/L2	468	-	82	14509164	80512
chr9	88022901	88222901	harbor1	chr9	88100350	88100450	LINE/L2	421	-	50	88100400	77499
chr9	21391629	21591629	harbor1	chr9	21421507	21422052	LINE/L2	457	-	272	21421779	30150
chr9	22488892	22688892	harbor1	chr9	22541084	22541444	LINE/L2	503	-	180	22541264	52372
chr9	22488892	22688892	harbor1	chr9	22541447	22542569	LINE/L2	2360	-	561	22542008	53116
chr9	42553068	42753068	harbor1	chr9	42615987	42616490	LINE/L2	1002	-	252	42616239	63171
chr9	134347360	134547360	harbor1	chr9	134374894	134375272	LINE/L2	531	-	189	134375083	27723
chr9	63121576	63321576	harbor1	chr9	63134687	63135115	LINE/L2	531	-	214	63134901	13325
chr9	63121576	63321576	harbor1	chr9	63172231	63172571	LINE/L2	542	-	170	63172401	50825
chr9	130786765	130986765	harbor1	chr9	130862191	130862550	LINE/L2	658	-	180	130862371	75606
chr9	37572989	37772989	harbor1	chr9	37648315	37648904	LINE/L2	509	-	294	37648609	75620
chr9	37572989	37772989	harbor1	chr9	37654047	37654370	LINE/L2	693	-	162	37654209	81220
chr9	84566430	84766430	harbor1	chr9	84575091	84575430	LINE/L2	568	-	170	84575261	8831
chr9	84566430	84766430	harbor1	chr9	84577703	84578071	LINE/L2	680	-	184	84577887	11457
chr9	84566430	84766430	harbor1	chr9	84594418	84594673	LINE/L2	548	-	128	84594546	28116
chr9	38182405	38382405	harbor1	chr9	38213660	38213814	LINE/L2	470	-	77	38213737	31332
chr9	70026245	70226245	harbor1	chr9	70041701	70041896	LINE/L2	2104	-	98	70041799	15554
chr9	70026245	70226245	harbor1	chr9	70042198	70042982	LINE/L2	2104	-	392	70042590	16345
chr9	70026245	70226245	harbor1	chr9	70053776	70054443	LINE/L2	598	-	334	70054110	27865
chr9	70026245	70226245	harbor1	chr9	70062862	70062997	LINE/L2	420	-	68	70062930	36685
chr9	70026245	70226245	harbor1	chr9	70063270	70063427	LINE/L2	420	-	78	70063348	37103
chr9	70026245	70226245	harbor1	chr9	70065927	70066582	LINE/L2	1097	-	328	70066255	40010
chr9	70026245	70226245	harbor1	chr9	70094999	70095732	LINE/L2	847	-	366	70095365	69120
chr9	30978261	31178261	harbor1	chr9	31019188	31019700	LINE/L2	742	-	256	31019444	41183
chr9	30978261	31178261	harbor1	chr9	31019977	31020584	LINE/L2	742	-	304	31020281	42020
chr9	30978261	31178261	harbor1	chr9	31041424	31041637	LINE/L2	717	-	106	31041530	63269
chr9	30978261	31178261	harbor1	chr9	31077211	31077988	LINE/L2	729	-	388	31077599	99338
chr9	104724134	104924134	harbor1	chr9	104795350	104796003	LINE/L2	451	-	326	104795676	71542
chr9	104724134	104924134	harbor1	chr9	104806717	104807235	LINE/L2	423	-	259	104806976	82842
chr9	37780766	37980766	harbor1	chr9	37782739	37783129	LINE/L2	438	-	195	37782934	2168
chr9	35780975	35980975	harbor1	chr9	35795878	35796095	LINE/L2	553	-	108	35795986	15011
chr9	35780975	35980975	harbor1	chr9	35862096	35862209	LINE/L2	693	-	56	35862152	81177
chr9	86403068	86603068	harbor1	chr9	86415643	86416087	LINE/L2	857	-	222	86415865	12797
chr9	126255986	126455986	harbor1	chr9	126276889	126277239	LINE/L2	595	-	175	126277064	21078
chr9	126255986	126455986	harbor1	chr9	126280390	126280855	LINE/L2	529	-	232	126280622	24636
chr9	126255986	126455986	harbor1	chr9	126311916	126312417	LINE/L2	577	-	250	126312166	56180
chr9	126255986	126455986	harbor1	chr9	126314789	126315097	LINE/L2	1123	-	154	126314943	58957
chr9	126255986	126455986	harbor1	chr9	126321410	126321915	LINE/L2	450	-	252	126321662	65676
chr9	126255986	126455986	harbor1	chr9	126344141	126344308	LINE/L2	527	-	84	126344225	88239
chr9	71363821	71563821	harbor1	chr9	71365772	71366049	LINE/L2	555	-	138	71365910	2089
chr9	120298963	120498963	harbor1	chr9	120308884	120309141	LINE/L2	452	-	128	120309012	10049
chr9	120298963	120498963	harbor1	chr9	120350389	120350682	LINE/L2	650	-	146	120350535	51572
chr9	120298963	120498963	harbor1	chr9	120376761	120377164	LINE/L2	669	-	202	120376963	78000
chr9	120298963	120498963	harbor1	chr9	120384831	120385522	LINE/L2	479	-	346	120385177	86214
chr9	34052079	34252079	harbor1	chr9	34144111	34144338	LINE/L2	528	-	114	34144225	92146
chr9	76422465	76622465	harbor1	chr9	76444000	76444695	LINE/L2	1586	-	348	76444348	21883
chr9	76422465	76622465	harbor1	chr9	76445046	76445292	LINE/L2	574	-	123	76445169	22704
chr9	76422465	76622465	harbor1	chr9	76463639	76463912	LINE/L2	438	-	136	76463775	41310
chr9	76422465	76622465	harbor1	chr9	76465653	76466248	LINE/L2	477	-	298	76465951	43486
chr9	74105381	74305381	harbor1	chr9	74193311	74193870	LINE/L2	1275	-	280	74193591	88210
chr9	77275183	77475183	harbor1	chr9	77287548	77287803	LINE/L2	509	-	128	77287676	12493
chr9	77275183	77475183	harbor1	chr9	77297846	77298469	LINE/L2	415	-	312	77298158	22975
chr9	77275183	77475183	harbor1	chr9	77304483	77304621	LINE/L2	505	-	69	77304552	29369
chr9	77275183	77475183	harbor1	chr9	77341855	77342132	LINE/L2	520	-	138	77341993	66810
chr9	101557101	101757101	harbor1	chr9	101600317	101600777	LINE/L2	699	-	230	101600547	43446
chr9	101557101	101757101	harbor1	chr9	101611609	101612574	LINE/L2	1656	-	482	101612091	54990
chr9	98081996	98281996	harbor1	chr9	98083600	98083781	LINE/L2	512	-	90	98083690	1694
chr9	98081996	98281996	harbor1	chr9	98158466	98158778	LINE/L2	650	-	156	98158622	76626
chr9	134048819	134248819	harbor1	chr9	134073635	134073786	LINE/L2	504	-	76	134073711	24892
chr9	80517341	80717341	harbor1	chr9	80547494	80547871	LINE/L2	913	-	188	80547682	30341
chr9	80517341	80717341	harbor1	chr9	80548206	80548419	LINE/L2	443	-	106	80548312	30971
chr9	87337117	87537117	harbor1	chr9	87425497	87425567	LINE/L2	957	-	35	87425532	88415
chr9	87337117	87537117	harbor1	chr9	87425855	87426443	LINE/L2	957	-	294	87426149	89032
chr9	65784459	65984459	harbor1	chr9	65826181	65827164	LINE/L2	743	-	492	65826673	42214
chr9	71005723	71205723	harbor1	chr9	71038619	71038919	LINE/L2	607	-	150	71038769	33046
chr9	9268559	9468559	harbor1	chr9	9270238	9271067	LINE/L2	1037	-	414	9270652	2093
chr9	9268559	9468559	harbor1	chr9	9304080	9304375	LINE/L2	570	-	148	9304228	35669
chr9	9268559	9468559	harbor1	chr9	9354531	9355095	LINE/L2	1086	-	282	9354813	86254
chr9	9268559	9468559	harbor1	chr9	9355274	9356365	LINE/L2	3244	-	546	9355820	87261
chr9	9268559	9468559	harbor1	chr9	9364270	9365100	LINE/L2	1117	-	415	9364685	96126
chr9	113415641	113615641	harbor1	chr9	113417402	113417909	LINE/L2	812	-	254	113417656	2015
chr9	113415641	113615641	harbor1	chr9	113426860	113427111	LINE/L2	431	-	126	113426986	11345
chr9	113415641	113615641	harbor1	chr9	113480485	113480784	LINE/L2	415	-	150	113480635	64994
chr9	19514673	19714673	harbor1	chr9	19610858	19611320	LINE/L2	577	-	231	19611089	96416
chr9	22492977	22692977	harbor1	chr9	22541084	22541444	LINE/L2	503	-	180	22541264	48287
chr9	22492977	22692977	harbor1	chr9	22541447	22542569	LINE/L2	2360	-	561	22542008	49031
chr9	95712097	95912097	harbor1	chr9	95722327	95722569	LINE/L2	481	-	121	95722448	10351
chr9	103338140	103538140	harbor1	chr9	103338782	103339670	LINE/L2	553	-	444	103339226	1086
chr9	103338140	103538140	harbor1	chr9	103414494	103414835	LINE/L2	631	-	170	103414664	76524
chr9	103338140	103538140	harbor1	chr9	103415138	103415446	LINE/L2	887	-	154	103415292	77152
chr9	103338140	103538140	harbor1	chr9	103418313	103418580	LINE/L2	423	-	134	103418447	80307
chr9	103338140	103538140	harbor1	chr9	103418759	103419148	LINE/L2	806	-	194	103418953	80813
chr9	66297178	66497178	harbor1	chr9	66300646	66301202	LINE/L2	662	-	278	66300924	3746
chr9	65148555	65348555	harbor1	chr9	65242460	65243452	LINE/L2	619	-	496	65242956	94401
chr9	99822946	100022946	harbor1	chr9	99838965	99839109	LINE/L2	496	-	72	99839037	16091
chr9	99822946	100022946	harbor1	chr9	99857989	99858281	LINE/L2	657	-	146	99858135	35189
chr9	99822946	100022946	harbor1	chr9	99879494	99879776	LINE/L2	545	-	141	99879635	56689
chr9	99822946	100022946	harbor1	chr9	99880085	99880123	LINE/L2	545	-	19	99880104	57158
chr9	99822946	100022946	harbor1	chr9	99890429	99890813	LINE/L2	656	-	192	99890621	67675
chr9	93887463	94087463	harbor1	chr9	93926018	93926315	LINE/L2	516	-	148	93926166	38703
chr9	93887463	94087463	harbor1	chr9	93926613	93926748	LINE/L2	516	-	68	93926681	39218
chr9	93887463	94087463	harbor1	chr9	93927538	93927753	LINE/L2	476	-	108	93927646	40183
chr9	93887463	94087463	harbor1	chr9	93938156	93938633	LINE/L2	861	-	238	93938394	50931
chr9	21362181	21562181	harbor1	chr9	21421507	21422052	LINE/L2	457	-	272	21421779	59598
chr9	61017106	61217106	harbor1	chr9	61068024	61068269	LINE/L2	708	-	122	61068146	51040
chr9	71815207	72015207	harbor1	chr9	71816534	71816653	LINE/L2	467	-	60	71816594	1387
chr9	124069006	124269006	harbor1	chr9	124078134	124078538	LINE/L2	545	-	202	124078336	9330
chr9	26128453	26328453	harbor1	chr9	26192890	26193412	LINE/L2	912	-	261	26193151	64698
chr9	67564572	67764572	harbor1	chr9	67619852	67620055	LINE/L2	459	-	102	67619954	55382
chr9	67564572	67764572	harbor1	chr9	67620730	67621087	LINE/L2	565	-	178	67620908	56336
chr9	30571757	30771757	harbor1	chr9	30657412	30657599	LINE/L2	436	-	94	30657506	85749
chr9	30571757	30771757	harbor1	chr9	30669135	30670030	LINE/L2	1313	-	448	30669583	97826
chr9	120819187	121019187	harbor1	chr9	120829890	120830627	LINE/L2	1297	-	368	120830258	11071
chr9	120819187	121019187	harbor1	chr9	120833580	120833669	LINE/L2	719	-	44	120833624	14437
chr9	120819187	121019187	harbor1	chr9	120834280	120834609	LINE/L2	719	-	164	120834444	15257
chr9	120819187	121019187	harbor1	chr9	120838833	120839278	LINE/L2	432	-	222	120839055	19868
chr9	92345684	92545684	harbor1	chr9	92345950	92346162	LINE/L2	423	-	106	92346056	372
chr9	92345684	92545684	harbor1	chr9	92346337	92347249	LINE/L2	842	-	456	92346793	1109
chr9	92345684	92545684	harbor1	chr9	92365010	92365313	LINE/L2	862	-	152	92365162	19478
chr9	92345684	92545684	harbor1	chr9	92405844	92406467	LINE/L2	481	-	312	92406156	60472
chr9	92345684	92545684	harbor1	chr9	92426404	92426597	LINE/L2	411	-	96	92426500	80816
chr9	130370027	130570027	harbor1	chr9	130370155	130370461	LINE/L2	487	-	153	130370308	281
chr9	130370027	130570027	harbor1	chr9	130393532	130393695	LINE/L2	632	-	82	130393614	23587
chr9	6225801	6425801	harbor1	chr9	6229705	6230111	LINE/L2	484	-	203	6229908	4107
chr9	6225801	6425801	harbor1	chr9	6245423	6245781	LINE/L2	675	-	179	6245602	19801
chr9	6225801	6425801	harbor1	chr9	6246093	6246204	LINE/L2	675	-	56	6246149	20348
chr9	6225801	6425801	harbor1	chr9	6246920	6247369	LINE/L2	675	-	224	6247144	21343
chr9	70478800	70678800	harbor1	chr9	70565957	70566441	LINE/L2	851	-	242	70566199	87399
chr9	36869117	37069117	harbor1	chr9	36904836	36905131	LINE/L2	409	-	148	36904984	35867
chr9	26585234	26785234	harbor1	chr9	26667724	26668085	LINE/L2	610	-	180	26667904	82670
chr9	99559588	99759588	harbor1	chr9	99566355	99566910	LINE/L2	1356	-	278	99566633	7045
chr9	99559588	99759588	harbor1	chr9	99567334	99567846	LINE/L2	1356	-	256	99567590	8002
chr9	99559588	99759588	harbor1	chr9	99568138	99568231	LINE/L2	1356	-	46	99568184	8596
chr9	99559588	99759588	harbor1	chr9	99579479	99579998	LINE/L2	996	-	260	99579739	20151
chr9	99559588	99759588	harbor1	chr9	99588000	99588139	LINE/L2	452	-	70	99588070	28482
chr9	99559588	99759588	harbor1	chr9	99608048	99608565	LINE/L2	523	-	258	99608306	48718
chr9	115316730	115516730	harbor1	chr9	115322974	115324043	LINE/L2	969	-	534	115323508	6778
chr9	115316730	115516730	harbor1	chr9	115332716	115332895	LINE/L2	422	-	90	115332806	16076
chr9	115316730	115516730	harbor1	chr9	115373804	115374017	LINE/L2	711	-	106	115373910	57180
chr9	115316730	115516730	harbor1	chr9	115389888	115390510	LINE/L2	769	-	311	115390199	73469
chr9	115316730	115516730	harbor1	chr9	115397505	115398023	LINE/L2	919	-	259	115397764	81034
chr9	115316730	115516730	harbor1	chr9	115409020	115409837	LINE/L2	1539	-	408	115409428	92698
chr9	118473862	118673862	harbor1	chr9	118555939	118556862	LINE/L2	2399	-	462	118556401	82539
chr9	118473862	118673862	harbor1	chr9	118557616	118558105	LINE/L2	2399	-	244	118557860	83998
chr9	128502440	128702440	harbor1	chr9	128517343	128517576	LINE/L2	545	-	116	128517459	15019
chr9	90208311	90408311	harbor1	chr9	90249211	90250042	LINE/L2	1527	-	416	90249627	41316
chr9	90208311	90408311	harbor1	chr9	90250043	90250607	LINE/L2	522	-	282	90250325	42014
chr9	90208311	90408311	harbor1	chr9	90258168	90258398	LINE/L2	512	-	115	90258283	49972
chr9	90208311	90408311	harbor1	chr9	90272106	90272319	LINE/L2	485	-	106	90272212	63901
chr9	41240632	41440632	harbor1	chr9	41283514	41283768	LINE/L2	675	-	127	41283641	43009
chr9	41240632	41440632	harbor1	chr9	41292690	41292923	LINE/L2	702	-	116	41292806	52174
chr9	41240632	41440632	harbor1	chr9	41299169	41299466	LINE/L2	862	-	148	41299317	58685
chr9	41240632	41440632	harbor1	chr9	41301180	41301363	LINE/L2	431	-	92	41301272	60640
chr9	41240632	41440632	harbor1	chr9	41308560	41309289	LINE/L2	603	-	364	41308924	68292
chr9	41240632	41440632	harbor1	chr9	41335517	41336096	LINE/L2	642	-	290	41335807	95175
chr9	111316148	111516148	harbor1	chr9	111324074	111324254	LINE/L2	414	-	90	111324164	8016
chr9	111316148	111516148	harbor1	chr9	111388484	111389156	LINE/L2	1044	-	336	111388820	72672
chr9	36546922	36746922	harbor1	chr9	36582280	36582508	LINE/L2	595	-	114	36582394	35472
chr9	36546922	36746922	harbor1	chr9	36582710	36582923	LINE/L2	723	-	106	36582816	35894
chr9	36546922	36746922	harbor1	chr9	36613351	36614098	LINE/L2	1138	-	374	36613725	66803
chr9	133282205	133482205	harbor1	chr9	133339706	133339984	LINE/L2	570	-	139	133339845	57640
chr9	133162608	133362608	harbor1	chr9	133217994	133218513	LINE/L2	668	-	260	133218254	55646
chr9	17834613	18034613	harbor1	chr9	17896893	17897155	LINE/L2	439	-	131	17897024	62411
chr9	17834613	18034613	harbor1	chr9	17902490	17903463	LINE/L2	1110	-	486	17902976	68363
chr9	35464954	35664954	harbor1	chr9	35553330	35553730	LINE/L2	830	-	200	35553530	88576
chr9	122046153	122246153	harbor1	chr9	122046890	122047137	LINE/L2	487	-	124	122047014	861
chr9	122046153	122246153	harbor1	chr9	122047264	122047488	LINE/L2	487	-	112	122047376	1223
chr9	122046153	122246153	harbor1	chr9	122072993	122073127	LINE/L2	498	-	67	122073060	26907
chr9	122046153	122246153	harbor1	chr9	122073436	122073629	LINE/L2	498	-	96	122073532	27379
chr9	122046153	122246153	harbor1	chr9	122090642	122090936	LINE/L2	860	-	147	122090789	44636
chr9	122046153	122246153	harbor1	chr9	122131017	122131240	LINE/L2	744	-	112	122131129	84976
chr9	122046153	122246153	harbor1	chr9	122141208	122141598	LINE/L2	660	-	195	122141403	95250
chr9	122046153	122246153	harbor1	chr9	122144526	122144938	LINE/L2	610	-	206	122144732	98579
chr9	65716215	65916215	harbor1	chr9	65759615	65759961	LINE/L2	443	-	173	65759788	43573
chr9	91234380	91434380	harbor1	chr9	91234631	91235623	LINE/L2	663	-	496	91235127	747
chr9	91234380	91434380	harbor1	chr9	91236080	91236319	LINE/L2	436	-	120	91236200	1820
chr9	119495040	119695040	harbor1	chr9	119496491	119496731	LINE/L2	545	-	120	119496611	1571
chr9	119495040	119695040	harbor1	chr9	119534762	119536298	LINE/L2	418	-	768	119535530	40490
chr9	119495040	119695040	harbor1	chr9	119536545	119536917	LINE/L2	418	-	186	119536731	41691
chr9	119495040	119695040	harbor1	chr9	119571405	119572097	LINE/L2	472	-	346	119571751	76711
chr9	119495040	119695040	harbor1	chr9	119592429	119592891	LINE/L2	559	-	231	119592660	97620
chr9	119495040	119695040	harbor1	chr9	119592903	119593107	LINE/L2	430	-	102	119593005	97965
chr9	119495040	119695040	harbor1	chr9	119593539	119593567	LINE/L2	430	-	14	119593553	98513
chr9	42035476	42235476	harbor1	chr9	42071618	42071992	LINE/L2	539	-	187	42071805	36329
chr9	42035476	42235476	harbor1	chr9	42111263	42111455	LINE/L2	552	-	96	42111359	75883
chr9	109986587	110186587	harbor1	chr9	110037510	110037684	LINE/L2	602	-	87	110037597	51010
chr9	109986587	110186587	harbor1	chr9	110037721	110038054	LINE/L2	1179	-	166	110037887	51300
chr9	109986587	110186587	harbor1	chr9	110038368	110038622	LINE/L2	1179	-	127	110038495	51908
chr9	69343718	69543718	harbor1	chr9	69378786	69379037	LINE/L2	505	-	126	69378912	35194
chr9	69343718	69543718	harbor1	chr9	69402937	69403676	LINE/L2	1342	-	370	69403307	59589
chr9	13629385	13829385	harbor1	chr9	13638717	13639370	LINE/L2	617	-	326	13639043	9658
chr9	13629385	13829385	harbor1	chr9	13673294	13673576	LINE/L2	484	-	141	13673435	44050
chr9	76511411	76711411	harbor1	chr9	76567554	76568092	LINE/L2	1169	-	269	76567823	56412
chr9	76511411	76711411	harbor1	chr9	76568974	76569111	LINE/L2	500	-	68	76569042	57631
chr9	76511411	76711411	harbor1	chr9	76569406	76569601	LINE/L2	500	-	98	76569504	58093
chr9	3979551	4179551	harbor1	chr9	3979762	3980065	LINE/L2	475	-	152	3979914	363
chr9	3979551	4179551	harbor1	chr9	4014890	4015188	LINE/L2	438	-	149	4015039	35488
chr9	3979551	4179551	harbor1	chr9	4019460	4019720	LINE/L2	957	-	130	4019590	40039
chr9	3979551	4179551	harbor1	chr9	4020051	4020269	LINE/L2	957	-	109	4020160	40609
chr9	24480570	24680570	harbor1	chr9	24560120	24560751	LINE/L2	994	-	316	24560436	79866
chr9	24480570	24680570	harbor1	chr9	24565655	24565838	LINE/L2	465	-	92	24565747	85177
chr9	24480570	24680570	harbor1	chr9	24558950	24559628	LINE/L2	459	-	339	24559289	78719
chr9	107607690	107807690	harbor1	chr9	107608180	107608349	LINE/L2	646	-	84	107608264	574
chr9	107607690	107807690	harbor1	chr9	107608666	107608904	LINE/L2	646	-	119	107608785	1095
chr9	107607690	107807690	harbor1	chr9	107635770	107636015	LINE/L2	429	-	122	107635892	28202
chr9	126244659	126444659	harbor1	chr9	126276889	126277239	LINE/L2	595	-	175	126277064	32405
chr9	126244659	126444659	harbor1	chr9	126280390	126280855	LINE/L2	529	-	232	126280622	35963
chr9	126244659	126444659	harbor1	chr9	126311916	126312417	LINE/L2	577	-	250	126312166	67507
chr9	126244659	126444659	harbor1	chr9	126314789	126315097	LINE/L2	1123	-	154	126314943	70284
chr9	126244659	126444659	harbor1	chr9	126321410	126321915	LINE/L2	450	-	252	126321662	77003
chr9	126244659	126444659	harbor1	chr9	126344141	126344308	LINE/L2	527	-	84	126344225	99566
chr9	133275748	133475748	harbor1	chr9	133339706	133339984	LINE/L2	570	-	139	133339845	64097
chr9	42814263	43014263	harbor1	chr9	42816711	42816940	LINE/L2	481	-	114	42816825	2562
chr9	42814263	43014263	harbor1	chr9	42848172	42848691	LINE/L2	996	-	260	42848432	34169
chr9	106434740	106634740	harbor1	chr9	106459021	106459622	LINE/L2	836	-	300	106459321	24581
chr9	71323909	71523909	harbor1	chr9	71365772	71366049	LINE/L2	555	-	138	71365910	42001
chr9	37212323	37412323	harbor1	chr9	37245466	37245965	LINE/L2	463	-	250	37245716	33393
chr9	37212323	37412323	harbor1	chr9	37246142	37246379	LINE/L2	437	-	118	37246260	33937
chr9	37212323	37412323	harbor1	chr9	37268909	37269380	LINE/L2	568	-	236	37269145	56822
chr9	37212323	37412323	harbor1	chr9	37269647	37269814	LINE/L2	568	-	84	37269731	57408
chr9	81054815	81254815	harbor1	chr9	81089327	81089439	LINE/L2	491	-	56	81089383	34568
chr9	81054815	81254815	harbor1	chr9	81151576	81152599	LINE/L2	846	-	512	81152088	97273
chr9	89878800	90078800	harbor1	chr9	89888636	89888755	LINE/L2	475	-	60	89888696	9896
chr9	89878800	90078800	harbor1	chr9	89900367	89901228	LINE/L2	925	-	430	89900797	21997
chr9	114236316	114436316	harbor1	chr9	114258850	114259127	LINE/L2	493	-	138	114258988	22672
chr9	114236316	114436316	harbor1	chr9	114303862	114303962	LINE/L2	440	-	50	114303912	67596
chr9	114236316	114436316	harbor1	chr9	114304167	114304467	LINE/L2	440	-	150	114304317	68001
chr9	105025159	105225159	harbor1	chr9	105109456	105109630	LINE/L2	830	-	87	105109543	84384
chr9	105025159	105225159	harbor1	chr9	105109936	105110434	LINE/L2	1041	-	249	105110185	85026
chr9	105025159	105225159	harbor1	chr9	105110732	105110858	LINE/L2	1041	-	63	105110795	85636
chr9	73838518	74038518	harbor1	chr9	73909154	73910269	LINE/L2	2638	-	558	73909712	71194
chr9	73838518	74038518	harbor1	chr9	73907769	73908695	LINE/L2	1286	-	463	73908232	69714
chr9	111042351	111242351	harbor1	chr9	111063139	111063896	LINE/L2	1339	-	378	111063517	21166
chr9	105415116	105615116	harbor1	chr9	105425986	105426119	LINE/L2	447	-	66	105426052	10936
chr9	105415116	105615116	harbor1	chr9	105457173	105457569	LINE/L2	593	-	198	105457371	42255
chr9	70000999	70200999	harbor1	chr9	70041701	70041896	LINE/L2	2104	-	98	70041799	40800
chr9	70000999	70200999	harbor1	chr9	70042198	70042982	LINE/L2	2104	-	392	70042590	41591
chr9	70000999	70200999	harbor1	chr9	70053776	70054443	LINE/L2	598	-	334	70054110	53111
chr9	70000999	70200999	harbor1	chr9	70062862	70062997	LINE/L2	420	-	68	70062930	61931
chr9	70000999	70200999	harbor1	chr9	70063270	70063427	LINE/L2	420	-	78	70063348	62349
chr9	70000999	70200999	harbor1	chr9	70065927	70066582	LINE/L2	1097	-	328	70066255	65256
chr9	70000999	70200999	harbor1	chr9	70094999	70095732	LINE/L2	847	-	366	70095365	94366
chr9	9937719	10137719	harbor1	chr9	9943422	9943758	LINE/L2	680	-	168	9943590	5871
chr9	9937719	10137719	harbor1	chr9	9944340	9945702	LINE/L2	1796	-	681	9945021	7302
chr9	12860986	13060986	harbor1	chr9	12921528	12921882	LINE/L2	470	-	177	12921705	60719
chr9	122016555	122216555	harbor1	chr9	122046890	122047137	LINE/L2	487	-	124	122047014	30459
chr9	122016555	122216555	harbor1	chr9	122047264	122047488	LINE/L2	487	-	112	122047376	30821
chr9	122016555	122216555	harbor1	chr9	122072993	122073127	LINE/L2	498	-	67	122073060	56505
chr9	122016555	122216555	harbor1	chr9	122073436	122073629	LINE/L2	498	-	96	122073532	56977
chr9	122016555	122216555	harbor1	chr9	122090642	122090936	LINE/L2	860	-	147	122090789	74234
chr9	118232156	118432156	harbor1	chr9	118266696	118266877	LINE/L2	463	-	90	118266786	34630
chr9	118232156	118432156	harbor1	chr9	118267506	118267695	LINE/L2	543	-	94	118267600	35444
chr9	118232156	118432156	harbor1	chr9	118311950	118312418	LINE/L2	1216	-	234	118312184	80028
chr9	70300878	70500878	harbor1	chr9	70345292	70346213	LINE/L2	1445	-	460	70345752	44874
chr9	85697984	85897984	harbor1	chr9	85703307	85704069	LINE/L2	1240	-	381	85703688	5704
chr9	85697984	85897984	harbor1	chr9	85709496	85709830	LINE/L2	479	-	167	85709663	11679
chr9	85697984	85897984	harbor1	chr9	85715773	85715907	LINE/L2	476	-	67	85715840	17856
chr9	85697984	85897984	harbor1	chr9	85795501	85795691	LINE/L2	432	-	95	85795596	97612
chr9	85697984	85897984	harbor1	chr9	85795892	85796146	LINE/L2	664	-	127	85796019	98035
chr9	70021680	70221680	harbor1	chr9	70041701	70041896	LINE/L2	2104	-	98	70041799	20119
chr9	70021680	70221680	harbor1	chr9	70042198	70042982	LINE/L2	2104	-	392	70042590	20910
chr9	70021680	70221680	harbor1	chr9	70053776	70054443	LINE/L2	598	-	334	70054110	32430
chr9	70021680	70221680	harbor1	chr9	70062862	70062997	LINE/L2	420	-	68	70062930	41250
chr9	70021680	70221680	harbor1	chr9	70063270	70063427	LINE/L2	420	-	78	70063348	41668
chr9	70021680	70221680	harbor1	chr9	70065927	70066582	LINE/L2	1097	-	328	70066255	44575
chr9	70021680	70221680	harbor1	chr9	70094999	70095732	LINE/L2	847	-	366	70095365	73685
chr9	16021054	16221054	harbor1	chr9	16054965	16055385	LINE/L2	497	-	210	16055175	34121
chr9	16021054	16221054	harbor1	chr9	16074473	16074950	LINE/L2	412	-	238	16074711	53657
chr9	16021054	16221054	harbor1	chr9	16104745	16104891	LINE/L2	456	-	73	16104818	83764
chr9	10781845	10981845	harbor1	chr9	10856919	10857425	LINE/L2	656	-	253	10857172	75327
chr9	10781845	10981845	harbor1	chr9	10857821	10857856	LINE/L2	656	-	18	10857839	75994
chr9	75138945	75338945	harbor1	chr9	75170569	75170809	LINE/L2	437	-	120	75170689	31744
chr9	75138945	75338945	harbor1	chr9	75171845	75172032	LINE/L2	437	-	94	75171939	32994
chr9	75138945	75338945	harbor1	chr9	75172708	75173430	LINE/L2	1017	-	361	75173069	34124
chr9	75138945	75338945	harbor1	chr9	75173740	75173840	LINE/L2	1017	-	50	75173790	34845
chr9	75138945	75338945	harbor1	chr9	75231387	75231590	LINE/L2	540	-	102	75231489	92544
chr9	36860327	37060327	harbor1	chr9	36861287	36861932	LINE/L2	1652	-	322	36861609	1282
chr9	36860327	37060327	harbor1	chr9	36904836	36905131	LINE/L2	409	-	148	36904984	44657
chr9	131191662	131391662	harbor1	chr9	131283488	131283668	LINE/L2	409	-	90	131283578	91916
chr9	131191662	131391662	harbor1	chr9	131283971	131284028	LINE/L2	409	-	28	131283999	92337
chr9	37615157	37815157	harbor1	chr9	37648315	37648904	LINE/L2	509	-	294	37648609	33452
chr9	37615157	37815157	harbor1	chr9	37654047	37654370	LINE/L2	693	-	162	37654209	39052
chr9	37615157	37815157	harbor1	chr9	37701543	37702012	LINE/L2	448	-	234	37701777	86620
chr9	105729439	105929439	harbor1	chr9	105776656	105776966	LINE/L2	898	-	155	105776811	47372
chr9	87928835	88128835	harbor1	chr9	87934262	87934753	LINE/L2	415	-	246	87934508	5673
chr9	87928835	88128835	harbor1	chr9	87941171	87941696	LINE/L2	434	-	262	87941433	12598
chr9	87928835	88128835	harbor1	chr9	87967769	87968065	LINE/L2	786	-	148	87967917	39082
chr9	76215837	76415837	harbor1	chr9	76254761	76254868	LINE/L2	420	-	54	76254815	38978
chr9	76215837	76415837	harbor1	chr9	76255360	76255435	LINE/L2	420	-	38	76255398	39561
chr9	76215837	76415837	harbor1	chr9	76276769	76276884	LINE/L2	461	-	58	76276827	60990
chr10	3508070	3708070	harbor1	chr10	3522717	3523220	LINE/L2	621	-	252	3522969	14899
chr10	57229440	57429440	harbor1	chr10	57263778	57263977	LINE/L2	459	-	100	57263878	34438
chr10	57229440	57429440	harbor1	chr10	57264880	57265338	LINE/L2	617	-	229	57265109	35669
chr10	109893345	110093345	harbor1	chr10	109915908	109916463	LINE/L2	1121	-	278	109916186	22841
chr10	109893345	110093345	harbor1	chr10	109937998	109938290	LINE/L2	764	-	146	109938144	44799
chr10	99327912	99527912	harbor1	chr10	99340913	99341248	LINE/L2	629	-	168	99341081	13169
chr10	99327912	99527912	harbor1	chr10	99374728	99375514	LINE/L2	516	-	393	99375121	47209
chr10	99327912	99527912	harbor1	chr10	99379175	99379466	LINE/L2	474	-	146	99379321	51409
chr10	92851216	93051216	harbor1	chr10	92890402	92891374	LINE/L2	1858	-	486	92890888	39672
chr10	92851216	93051216	harbor1	chr10	92927671	92927946	LINE/L2	567	-	138	92927809	76593
chr10	92851216	93051216	harbor1	chr10	92928508	92928700	LINE/L2	682	-	96	92928604	77388
chr10	92851216	93051216	harbor1	chr10	92950619	92951559	LINE/L2	1723	-	470	92951089	99873
chr10	113852404	114052404	harbor1	chr10	113893970	113894192	LINE/L2	971	-	111	113894081	41677
chr10	113852404	114052404	harbor1	chr10	113895254	113895565	LINE/L2	829	-	156	113895410	43006
chr10	113852404	114052404	harbor1	chr10	113899931	113900317	LINE/L2	493	-	193	113900124	47720
chr10	113852404	114052404	harbor1	chr10	113868594	113869391	LINE/L2	422	-	398	113868992	16588
chr10	34202435	34402435	harbor1	chr10	34217733	34218007	LINE/L2	474	-	137	34217870	15435
chr10	34202435	34402435	harbor1	chr10	34240930	34241436	LINE/L2	434	-	253	34241183	38748
chr10	34202435	34402435	harbor1	chr10	34251883	34252147	LINE/L2	498	-	132	34252015	49580
chr10	34202435	34402435	harbor1	chr10	34286220	34287052	LINE/L2	1181	-	416	34286636	84201
chr10	127799946	127999946	harbor1	chr10	127819820	127820049	LINE/L2	585	-	114	127819934	19988
chr10	38102355	38302355	harbor1	chr10	38201416	38202064	LINE/L2	729	-	324	38201740	99385
chr10	26640835	26840835	harbor1	chr10	26723131	26723382	LINE/L2	432	-	126	26723257	82422
chr10	128835066	129035066	harbor1	chr10	128868255	128868761	LINE/L2	507	-	253	128868508	33442
chr10	70845790	71045790	harbor1	chr10	70852759	70852963	LINE/L2	696	-	102	70852861	7071
chr10	80950148	81150148	harbor1	chr10	80958559	80958896	LINE/L2	481	-	168	80958727	8579
chr10	55481441	55681441	harbor1	chr10	55572467	55572941	LINE/L2	962	-	237	55572704	91263
chr10	33341233	33541233	harbor1	chr10	33368416	33369065	LINE/L2	1156	-	324	33368740	27507
chr10	127248557	127448557	harbor1	chr10	127318686	127318989	LINE/L2	421	-	152	127318838	70281
chr10	77504150	77704150	harbor1	chr10	77517735	77518003	LINE/L2	560	-	134	77517869	13719
chr10	77504150	77704150	harbor1	chr10	77548802	77549010	LINE/L2	573	-	104	77548906	44756
chr10	77504150	77704150	harbor1	chr10	77588828	77588929	LINE/L2	408	-	50	77588878	84728
chr10	77504150	77704150	harbor1	chr10	77589141	77589284	LINE/L2	408	-	72	77589213	85063
chr10	77504150	77704150	harbor1	chr10	77592002	77592159	LINE/L2	410	-	78	77592080	87930
chr10	37068050	37268050	harbor1	chr10	37079681	37080456	LINE/L2	655	-	388	37080069	12019
chr10	37068050	37268050	harbor1	chr10	37097706	37097997	LINE/L2	632	-	146	37097852	29802
chr10	37068050	37268050	harbor1	chr10	37100767	37102097	LINE/L2	2209	-	665	37101432	33382
chr10	37068050	37268050	harbor1	chr10	37102112	37103064	LINE/L2	457	-	476	37102588	34538
chr10	37068050	37268050	harbor1	chr10	37110580	37111093	LINE/L2	726	-	256	37110836	42786
chr10	47002079	47202079	harbor1	chr10	47031317	47031861	LINE/L2	631	-	272	47031589	29510
chr10	47002079	47202079	harbor1	chr10	47058164	47059159	LINE/L2	582	-	498	47058662	56583
chr10	43147088	43347088	harbor1	chr10	43163245	43163506	LINE/L2	538	-	130	43163375	16287
chr10	43147088	43347088	harbor1	chr10	43174055	43174186	LINE/L2	665	-	66	43174121	27033
chr10	43147088	43347088	harbor1	chr10	43226892	43227106	LINE/L2	408	-	107	43226999	79911
chr10	66347624	66547624	harbor1	chr10	66374115	66374455	LINE/L2	435	-	170	66374285	26661
chr10	66347624	66547624	harbor1	chr10	66412053	66412380	LINE/L2	472	-	164	66412217	64593
chr10	75381197	75581197	harbor1	chr10	75421132	75421158	LINE/L2	706	-	13	75421145	39948
chr10	75381197	75581197	harbor1	chr10	75421475	75421745	LINE/L2	706	-	135	75421610	40413
chr10	75381197	75581197	harbor1	chr10	75480577	75481485	LINE/L2	840	-	454	75481031	99834
chr10	80892211	81092211	harbor1	chr10	80958559	80958896	LINE/L2	481	-	168	80958727	66516
chr10	58955136	59155136	harbor1	chr10	58962219	58962349	LINE/L2	502	-	65	58962284	7148
chr10	58955136	59155136	harbor1	chr10	58977500	58977575	LINE/L2	777	-	38	58977538	22402
chr10	58955136	59155136	harbor1	chr10	58977875	58978175	LINE/L2	777	-	150	58978025	22889
chr10	90578406	90778406	harbor1	chr10	90591661	90592423	LINE/L2	554	-	381	90592042	13636
chr10	35767212	35967212	harbor1	chr10	35789223	35789348	LINE/L2	555	-	62	35789285	22073
chr10	35767212	35967212	harbor1	chr10	35836811	35836944	LINE/L2	469	-	66	35836877	69665
chr10	35767212	35967212	harbor1	chr10	35837252	35837488	LINE/L2	469	-	118	35837370	70158
chr10	35767212	35967212	harbor1	chr10	35856223	35856556	LINE/L2	433	-	166	35856389	89177
chr10	2277970	2477970	harbor1	chr10	2283522	2283724	LINE/L2	407	-	101	2283623	5653
chr10	2277970	2477970	harbor1	chr10	2328988	2329174	LINE/L2	410	-	93	2329081	51111
chr10	2277970	2477970	harbor1	chr10	2329383	2330172	LINE/L2	961	-	394	2329777	51807
chr10	119739373	119939373	harbor1	chr10	119788068	119788496	LINE/L2	584	-	214	119788282	48909
chr10	119739373	119939373	harbor1	chr10	119789614	119790233	LINE/L2	988	-	310	119789924	50551
chr10	115914653	116114653	harbor1	chr10	115966087	115966315	LINE/L2	820	-	114	115966201	51548
chr10	115914653	116114653	harbor1	chr10	115966669	115966957	LINE/L2	820	-	144	115966813	52160
chr10	12859258	13059258	harbor1	chr10	12883956	12884246	LINE/L2	455	-	145	12884101	24843
chr10	12859258	13059258	harbor1	chr10	12884327	12884719	LINE/L2	984	-	196	12884523	25265
chr10	12859258	13059258	harbor1	chr10	12892181	12892393	LINE/L2	413	-	106	12892287	33029
chr10	70607001	70807001	harbor1	chr10	70666935	70667314	LINE/L2	493	-	190	70667125	60124
chr10	70607001	70807001	harbor1	chr10	70681003	70681340	LINE/L2	475	-	168	70681171	74170
chr10	70607001	70807001	harbor1	chr10	70695609	70695859	LINE/L2	699	-	125	70695734	88733
chr10	70607001	70807001	harbor1	chr10	70695897	70696794	LINE/L2	649	-	448	70696345	89344
chr10	113930500	114130500	harbor1	chr10	113996945	113997181	LINE/L2	659	-	118	113997063	66563
chr10	113930500	114130500	harbor1	chr10	114029083	114029282	LINE/L2	449	-	100	114029183	98683
chr10	103595902	103795902	harbor1	chr10	103609562	103609682	LINE/L2	476	-	60	103609622	13720
chr10	103595902	103795902	harbor1	chr10	103688368	103688862	LINE/L2	936	-	247	103688615	92713
chr10	103595902	103795902	harbor1	chr10	103689173	103689383	LINE/L2	936	-	105	103689278	93376
chr10	103595902	103795902	harbor1	chr10	103689685	103689783	LINE/L2	936	-	49	103689734	93832
chr10	65830703	66030703	harbor1	chr10	65848241	65848462	LINE/L2	416	-	110	65848351	17648
chr10	70463496	70663496	harbor1	chr10	70463526	70463959	LINE/L2	930	-	216	70463742	246
chr10	70463496	70663496	harbor1	chr10	70558423	70558566	LINE/L2	460	-	72	70558495	94999
chr10	70463496	70663496	harbor1	chr10	70559176	70559937	LINE/L2	1114	-	380	70559556	96060
chr10	27997530	28197530	harbor1	chr10	28003362	28003630	LINE/L2	425	-	134	28003496	5966
chr10	66550771	66750771	harbor1	chr10	66614341	66614439	LINE/L2	444	-	49	66614390	63619
chr10	66550771	66750771	harbor1	chr10	66617008	66617296	LINE/L2	429	-	144	66617152	66381
chr10	66550771	66750771	harbor1	chr10	66628778	66629247	LINE/L2	507	-	234	66629012	78241
chr10	66550771	66750771	harbor1	chr10	66648662	66649221	LINE/L2	703	-	280	66648942	98171
chr10	85877975	86077975	harbor1	chr10	85935935	85936208	LINE/L2	548	-	136	85936071	58096
chr10	85877975	86077975	harbor1	chr10	85962824	85963076	LINE/L2	431	-	126	85962950	84975
chr10	21128533	21328533	harbor1	chr10	21178258	21178496	LINE/L2	432	-	119	21178377	49844
chr10	66892439	67092439	harbor1	chr10	66976051	66976388	LINE/L2	472	-	168	66976219	83780
chr10	66892439	67092439	harbor1	chr10	66986821	66986945	LINE/L2	528	-	62	66986883	94444
chr10	66892439	67092439	harbor1	chr10	66986959	66987478	LINE/L2	521	-	260	66987219	94780
chr10	113169263	113369263	harbor1	chr10	113239948	113240071	LINE/L2	447	-	62	113240010	70747
chr10	113169263	113369263	harbor1	chr10	113248922	113249329	LINE/L2	664	-	204	113249126	79863
chr10	72079204	72279204	harbor1	chr10	72133244	72133706	LINE/L2	414	-	231	72133475	54271
chr10	72079204	72279204	harbor1	chr10	72135195	72135793	LINE/L2	894	-	299	72135494	56290
chr10	2206875	2406875	harbor1	chr10	2283522	2283724	LINE/L2	407	-	101	2283623	76748
chr10	61833023	62033023	harbor1	chr10	61846562	61846680	LINE/L2	407	-	59	61846621	13598
chr10	61833023	62033023	harbor1	chr10	61857321	61857664	LINE/L2	716	-	172	61857493	24470
chr10	61833023	62033023	harbor1	chr10	61909031	61909143	LINE/L2	654	-	56	61909087	76064
chr10	2700043	2900043	harbor1	chr10	2730675	2731078	LINE/L2	481	-	202	2730877	30834
chr10	2700043	2900043	harbor1	chr10	2759774	2760287	LINE/L2	1205	-	256	2760030	59987
chr10	2700043	2900043	harbor1	chr10	2760324	2760694	LINE/L2	670	-	185	2760509	60466
chr10	2700043	2900043	harbor1	chr10	2761270	2761573	LINE/L2	670	-	152	2761422	61379
chr10	2700043	2900043	harbor1	chr10	2761888	2761940	LINE/L2	670	-	26	2761914	61871
chr10	2700043	2900043	harbor1	chr10	2762513	2763152	LINE/L2	935	-	320	2762833	62790
chr10	2700043	2900043	harbor1	chr10	2763153	2763568	LINE/L2	430	-	208	2763361	63318
chr10	117882078	118082078	harbor1	chr10	117902207	117902336	LINE/L2	443	-	64	117902271	20193
chr10	71616597	71816597	harbor1	chr10	71622999	71623624	LINE/L2	627	-	312	71623311	6714
chr10	71616597	71816597	harbor1	chr10	71629110	71629439	LINE/L2	759	-	164	71629274	12677
chr10	71616597	71816597	harbor1	chr10	71630422	71630698	LINE/L2	824	-	138	71630560	13963
chr10	71616597	71816597	harbor1	chr10	71650946	71651247	LINE/L2	652	-	150	71651096	34499
chr10	71616597	71816597	harbor1	chr10	71651568	71651631	LINE/L2	652	-	32	71651600	35003
chr10	71616597	71816597	harbor1	chr10	71656451	71656833	LINE/L2	425	-	191	71656642	40045
chr10	71616597	71816597	harbor1	chr10	71665041	71665184	LINE/L2	568	-	72	71665113	48516
chr10	71616597	71816597	harbor1	chr10	71671947	71672241	LINE/L2	459	-	147	71672094	55497
chr10	71616597	71816597	harbor1	chr10	71678806	71679072	LINE/L2	569	-	133	71678939	62342
chr10	17548283	17748283	harbor1	chr10	17567537	17567555	LINE/L2	792	-	9	17567546	19263
chr10	17548283	17748283	harbor1	chr10	17567824	17568354	LINE/L2	792	-	265	17568089	19806
chr10	17548283	17748283	harbor1	chr10	17568525	17568683	LINE/L2	525	-	79	17568604	20321
chr10	17548283	17748283	harbor1	chr10	17568980	17569142	LINE/L2	525	-	81	17569061	20778
chr10	17548283	17748283	harbor1	chr10	17612432	17612637	LINE/L2	622	-	102	17612534	64251
chr10	109629992	109829992	harbor1	chr10	109669120	109669467	LINE/L2	753	-	174	109669294	39302
chr10	100734685	100934685	harbor1	chr10	100795243	100795494	LINE/L2	445	-	126	100795369	60684
chr10	123840460	124040460	harbor1	chr10	123917837	123918042	LINE/L2	468	-	102	123917939	77479
chr10	22146803	22346803	harbor1	chr10	22168610	22168976	LINE/L2	833	-	183	22168793	21990
chr10	76533646	76733646	harbor1	chr10	76621592	76621829	LINE/L2	532	-	118	76621710	88064
chr10	76533646	76733646	harbor1	chr10	76622036	76622156	LINE/L2	532	-	60	76622096	88450
chr10	88362743	88562743	harbor1	chr10	88365979	88366216	LINE/L2	687	-	118	88366097	3354
chr10	88362743	88562743	harbor1	chr10	88366233	88366428	LINE/L2	439	-	98	88366331	3588
chr10	88362743	88562743	harbor1	chr10	88453947	88454333	LINE/L2	522	-	193	88454140	91397
chr10	10727550	10927550	harbor1	chr10	10748412	10748466	LINE/L2	497	-	27	10748439	20889
chr10	10727550	10927550	harbor1	chr10	10748777	10749166	LINE/L2	497	-	194	10748971	21421
chr10	10727550	10927550	harbor1	chr10	10760517	10761417	LINE/L2	753	-	450	10760967	33417
chr10	10727550	10927550	harbor1	chr10	10762034	10762478	LINE/L2	600	-	222	10762256	34706
chr10	10727550	10927550	harbor1	chr10	10769796	10770249	LINE/L2	429	-	226	10770022	42472
chr10	10727550	10927550	harbor1	chr10	10774148	10774343	LINE/L2	465	-	98	10774246	46696
chr10	10727550	10927550	harbor1	chr10	10774756	10774869	LINE/L2	465	-	56	10774812	47262
chr10	10727550	10927550	harbor1	chr10	10775176	10775348	LINE/L2	465	-	86	10775262	47712
chr10	10727550	10927550	harbor1	chr10	10775627	10775816	LINE/L2	465	-	94	10775721	48171
chr10	10727550	10927550	harbor1	chr10	10820450	10820776	LINE/L2	454	-	163	10820613	93063
chr10	10727550	10927550	harbor1	chr10	10820773	10821279	LINE/L2	532	-	253	10821026	93476
chr10	2232974	2432974	harbor1	chr10	2283522	2283724	LINE/L2	407	-	101	2283623	50649
chr10	2232974	2432974	harbor1	chr10	2328988	2329174	LINE/L2	410	-	93	2329081	96107
chr10	2232974	2432974	harbor1	chr10	2329383	2330172	LINE/L2	961	-	394	2329777	96803
chr10	61514543	61714543	harbor1	chr10	61540081	61540308	LINE/L2	449	-	114	61540195	25652
chr10	61514543	61714543	harbor1	chr10	61558338	61558691	LINE/L2	503	-	176	61558514	43971
chr10	16675252	16875252	harbor1	chr10	16741670	16741849	LINE/L2	514	-	90	16741760	66508
chr10	62855526	63055526	harbor1	chr10	62906280	62906673	LINE/L2	641	-	196	62906476	50950
chr10	86140806	86340806	harbor1	chr10	86164432	86164783	LINE/L2	545	-	176	86164608	23802
chr10	86140806	86340806	harbor1	chr10	86196957	86197388	LINE/L2	943	-	216	86197173	56367
chr10	66356921	66556921	harbor1	chr10	66374115	66374455	LINE/L2	435	-	170	66374285	17364
chr10	66356921	66556921	harbor1	chr10	66412053	66412380	LINE/L2	472	-	164	66412217	55296
chr10	70602202	70802202	harbor1	chr10	70666935	70667314	LINE/L2	493	-	190	70667125	64923
chr10	70602202	70802202	harbor1	chr10	70681003	70681340	LINE/L2	475	-	168	70681171	78969
chr10	70602202	70802202	harbor1	chr10	70695609	70695859	LINE/L2	699	-	125	70695734	93532
chr10	70602202	70802202	harbor1	chr10	70695897	70696794	LINE/L2	649	-	448	70696345	94143
chr10	7027630	7227630	harbor1	chr10	7069451	7070323	LINE/L2	1284	-	436	7069887	42257
chr10	96343815	96543815	harbor1	chr10	96359773	96360819	LINE/L2	1245	-	523	96360296	16481
chr10	96343815	96543815	harbor1	chr10	96418536	96418703	LINE/L2	493	-	84	96418620	74805
chr10	96343815	96543815	harbor1	chr10	96431589	96432047	LINE/L2	437	-	229	96431818	88003
chr10	66114582	66314582	harbor1	chr10	66156469	66156681	LINE/L2	523	-	106	66156575	41993
chr10	66114582	66314582	harbor1	chr10	66156687	66156964	LINE/L2	549	-	138	66156825	42243
chr10	66114582	66314582	harbor1	chr10	66209192	66209630	LINE/L2	1118	-	219	66209411	94829
chr10	74614244	74814244	harbor1	chr10	74636190	74636529	LINE/L2	521	-	170	74636360	22116
chr10	74614244	74814244	harbor1	chr10	74636542	74636966	LINE/L2	415	-	212	74636754	22510
chr10	74614244	74814244	harbor1	chr10	74657677	74657958	LINE/L2	411	-	140	74657817	43573
chr10	93046375	93246375	harbor1	chr10	93071064	93071429	LINE/L2	515	-	182	93071246	24871
chr10	79403822	79603822	harbor1	chr10	79462912	79463297	LINE/L2	565	-	192	79463104	59282
chr10	79403822	79603822	harbor1	chr10	79495197	79495498	LINE/L2	652	-	150	79495347	91525
chr10	79403822	79603822	harbor1	chr10	79461946	79462908	LINE/L2	3175	-	481	79462427	58605
chr10	42857502	43057502	harbor1	chr10	42908920	42909411	LINE/L2	786	-	246	42909166	51664
chr10	42857502	43057502	harbor1	chr10	42909755	42910072	LINE/L2	786	-	158	42909913	52411
chr10	42857502	43057502	harbor1	chr10	42950905	42951287	LINE/L2	494	-	191	42951096	93594
chr10	125761307	125961307	harbor1	chr10	125778701	125778775	LINE/L2	654	-	37	125778738	17431
chr10	125761307	125961307	harbor1	chr10	125779195	125779713	LINE/L2	654	-	259	125779454	18147
chr10	125761307	125961307	harbor1	chr10	125828033	125828630	LINE/L2	703	-	298	125828331	67024
chr10	63861160	64061160	harbor1	chr10	63888228	63889034	LINE/L2	1881	-	403	63888631	27471
chr10	63861160	64061160	harbor1	chr10	63913494	63913619	LINE/L2	485	-	62	63913556	52396
chr10	5145841	5345841	harbor1	chr10	5188140	5189101	LINE/L2	1250	-	480	5188620	42779
chr10	12734315	12934315	harbor1	chr10	12751423	12751765	LINE/L2	495	-	171	12751594	17279
chr10	12734315	12934315	harbor1	chr10	12770485	12770886	LINE/L2	702	-	200	12770685	36370
chr10	12734315	12934315	harbor1	chr10	12774008	12774612	LINE/L2	1011	-	302	12774310	39995
chr10	12734315	12934315	harbor1	chr10	12776056	12776429	LINE/L2	1320	-	186	12776242	41927
chr10	12734315	12934315	harbor1	chr10	12777069	12777354	LINE/L2	1320	-	142	12777211	42896
chr10	12734315	12934315	harbor1	chr10	12798287	12798605	LINE/L2	630	-	159	12798446	64131
chr10	118448649	118648649	harbor1	chr10	118515513	118516135	LINE/L2	956	-	311	118515824	67175
chr10	84041375	84241375	harbor1	chr10	84049569	84049868	LINE/L2	640	-	150	84049719	8344
chr10	84041375	84241375	harbor1	chr10	84058641	84058808	LINE/L2	523	-	84	84058725	17350
chr10	105455062	105655062	harbor1	chr10	105467971	105468388	LINE/L2	467	-	208	105468179	13117
chr10	105455062	105655062	harbor1	chr10	105481741	105482043	LINE/L2	750	-	151	105481892	26830
chr10	105455062	105655062	harbor1	chr10	105504519	105504874	LINE/L2	599	-	178	105504697	49635
chr10	105455062	105655062	harbor1	chr10	105517060	105517840	LINE/L2	905	-	390	105517450	62388
chr10	105455062	105655062	harbor1	chr10	105522737	105523218	LINE/L2	750	-	240	105522977	67915
chr10	96344057	96544057	harbor1	chr10	96359773	96360819	LINE/L2	1245	-	523	96360296	16239
chr10	96344057	96544057	harbor1	chr10	96418536	96418703	LINE/L2	493	-	84	96418620	74563
chr10	96344057	96544057	harbor1	chr10	96431589	96432047	LINE/L2	437	-	229	96431818	87761
chr10	62152369	62352369	harbor1	chr10	62180619	62180761	LINE/L2	480	-	71	62180690	28321
chr10	62152369	62352369	harbor1	chr10	62181240	62181399	LINE/L2	975	-	80	62181320	28951
chr10	62152369	62352369	harbor1	chr10	62181708	62182408	LINE/L2	2519	-	350	62182058	29689
chr10	62152369	62352369	harbor1	chr10	62227097	62229427	LINE/L2	4330	-	1165	62228262	75893
chr11	60226180	60426180	harbor1	chr11	60267244	60267587	LINE/L2	778	-	172	60267416	41236
chr11	60226180	60426180	harbor1	chr11	60316394	60316500	LINE/L2	518	-	53	60316447	90267
chr11	102694834	102894834	harbor1	chr11	102719995	102720416	LINE/L2	404	-	210	102720205	25371
chr11	102694834	102894834	harbor1	chr11	102755228	102755510	LINE/L2	579	-	141	102755369	60535
chr11	60863688	61063688	harbor1	chr11	60903250	60903366	LINE/L2	464	-	58	60903308	39620
chr11	60863688	61063688	harbor1	chr11	60908315	60908627	LINE/L2	868	-	156	60908471	44783
chr11	60863688	61063688	harbor1	chr11	60959246	60959438	LINE/L2	534	-	96	60959342	95654
chr11	26954770	27154770	harbor1	chr11	26987661	26987853	LINE/L2	480	-	96	26987757	32987
chr11	26954770	27154770	harbor1	chr11	26987987	26988284	LINE/L2	374	-	148	26988135	33365
chr11	26954770	27154770	harbor1	chr11	27001688	27002213	LINE/L2	727	-	262	27001950	47180
chr11	28126859	28326859	harbor1	chr11	28126660	28127114	LINE/L2	599	-	227	28126887	28
chr11	28126859	28326859	harbor1	chr11	28142093	28142106	LINE/L2	589	-	6	28142099	15240
chr11	28126859	28326859	harbor1	chr11	28142615	28143059	LINE/L2	589	-	222	28142837	15978
chr11	28126859	28326859	harbor1	chr11	28185745	28185914	LINE/L2	412	-	84	28185829	58970
chr11	28126859	28326859	harbor1	chr11	28186120	28186330	LINE/L2	402	-	105	28186225	59366
chr11	83377643	83577643	harbor1	chr11	83400300	83400370	LINE/L2	429	-	35	83400335	22692
chr11	83377643	83577643	harbor1	chr11	83400671	83400927	LINE/L2	429	-	128	83400799	23156
chr11	83377643	83577643	harbor1	chr11	83428818	83429938	LINE/L2	1221	-	560	83429378	51735
chr11	74239532	74439532	harbor1	chr11	74277968	74278274	LINE/L2	423	-	153	74278121	38589
chr11	74239532	74439532	harbor1	chr11	74298477	74298873	LINE/L2	499	-	198	74298675	59143
chr11	74239532	74439532	harbor1	chr11	74312394	74312766	LINE/L2	393	-	186	74312580	73048
chr11	8047767	8247767	harbor1	chr11	8067564	8067686	LINE/L2	613	-	61	8067625	19858
chr11	8047767	8247767	harbor1	chr11	8092960	8093347	LINE/L2	773	-	194	8093154	45387
chr11	8047767	8247767	harbor1	chr11	8099530	8100405	LINE/L2	1141	-	438	8099968	52201
chr11	8047767	8247767	harbor1	chr11	8130768	8131015	LINE/L2	544	-	124	8130892	83125
chr11	8047767	8247767	harbor1	chr11	8131146	8131452	LINE/L2	383	-	153	8131299	83532
chr11	89813429	90013429	harbor1	chr11	89846179	89846636	LINE/L2	668	-	228	89846407	32978
chr11	89813429	90013429	harbor1	chr11	89846673	89846791	LINE/L2	668	-	59	89846732	33303
chr11	89813429	90013429	harbor1	chr11	89856363	89856675	LINE/L2	488	-	156	89856519	43090
chr11	124429546	124629546	harbor1	chr11	124436064	124436331	LINE/L2	433	-	134	124436198	6652
chr11	124429546	124629546	harbor1	chr11	124484219	124484496	LINE/L2	662	-	138	124484357	54811
chr11	120558096	120758096	harbor1	chr11	120562326	120562670	LINE/L2	410	-	172	120562498	4402
chr11	120558096	120758096	harbor1	chr11	120579086	120579702	LINE/L2	432	-	308	120579394	21298
chr11	120558096	120758096	harbor1	chr11	120585795	120586089	LINE/L2	629	-	147	120585942	27846
chr11	120558096	120758096	harbor1	chr11	120607471	120608077	LINE/L2	551	-	303	120607774	49678
chr11	120558096	120758096	harbor1	chr11	120643027	120643431	LINE/L2	917	-	202	120643229	85133
chr11	120558096	120758096	harbor1	chr11	120653103	120653233	LINE/L2	376	-	65	120653168	95072
chr11	120558096	120758096	harbor1	chr11	120653671	120653799	LINE/L2	454	-	64	120653735	95639
chr11	120558096	120758096	harbor1	chr11	120655393	120655994	LINE/L2	707	-	300	120655693	97597
chr11	120558096	120758096	harbor1	chr11	120657133	120657307	LINE/L2	539	-	87	120657220	99124
chr11	120558096	120758096	harbor1	chr11	120657481	120657712	LINE/L2	399	-	116	120657597	99501
chr11	120558096	120758096	harbor1	chr11	120586176	120586421	LINE/L2	381	-	122	120586298	28202
chr11	59982016	60182016	harbor1	chr11	60072024	60072449	LINE/L2	485	-	212	60072236	90220
chr11	93898200	94098200	harbor1	chr11	93902704	93903312	LINE/L2	704	-	304	93903008	4808
chr11	93898200	94098200	harbor1	chr11	93935829	93936277	LINE/L2	421	-	224	93936053	37853
chr11	93898200	94098200	harbor1	chr11	93950820	93951334	LINE/L2	695	-	257	93951077	52877
chr11	93898200	94098200	harbor1	chr11	93958679	93958935	LINE/L2	434	-	128	93958807	60607
chr11	93898200	94098200	harbor1	chr11	93981806	93981901	LINE/L2	377	-	48	93981854	83654
chr11	42015526	42215526	harbor1	chr11	42021275	42021460	LINE/L2	430	-	92	42021367	5841
chr11	42015526	42215526	harbor1	chr11	42032759	42033233	LINE/L2	1207	-	237	42032996	17470
chr11	42015526	42215526	harbor1	chr11	42035069	42035690	LINE/L2	790	-	310	42035379	19853
chr11	42015526	42215526	harbor1	chr11	42099968	42100773	LINE/L2	1479	-	402	42100370	84844
chr11	42015526	42215526	harbor1	chr11	42101589	42103420	LINE/L2	3595	-	916	42102505	86979
chr11	42015526	42215526	harbor1	chr11	42108543	42108974	LINE/L2	929	-	216	42108759	93233
chr11	42015526	42215526	harbor1	chr11	42108992	42109227	LINE/L2	506	-	118	42109110	93584
chr11	42015526	42215526	harbor1	chr11	42110028	42110995	LINE/L2	960	-	484	42110512	94986
chr11	108888658	109088658	harbor1	chr11	108923525	108923886	LINE/L2	391	-	180	108923705	35047
chr11	108888658	109088658	harbor1	chr11	108933894	108934137	LINE/L2	463	-	122	108934016	45358
chr11	108888658	109088658	harbor1	chr11	108934200	108934619	LINE/L2	605	-	210	108934410	45752
chr11	113402843	113602843	harbor1	chr11	113420221	113420330	LINE/L2	374	-	54	113420275	17432
chr11	113402843	113602843	harbor1	chr11	113425048	113425711	LINE/L2	646	-	332	113425380	22537
chr11	113402843	113602843	harbor1	chr11	113444676	113444801	LINE/L2	424	-	62	113444738	41895
chr11	113402843	113602843	harbor1	chr11	113463696	113463979	LINE/L2	660	-	142	113463838	60995
chr11	131294832	131494832	harbor1	chr11	131323078	131323411	LINE/L2	476	-	166	131323244	28412
chr11	131294832	131494832	harbor1	chr11	131343887	131344520	LINE/L2	415	-	316	131344203	49371
chr11	131294832	131494832	harbor1	chr11	131347398	131347661	LINE/L2	395	-	132	131347530	52698
chr11	75908492	76108492	harbor1	chr11	75927440	75927955	LINE/L2	1007	-	258	75927698	19206
chr11	75908492	76108492	harbor1	chr11	75928120	75928144	LINE/L2	532	-	12	75928132	19640
chr11	75908492	76108492	harbor1	chr11	75928335	75928481	LINE/L2	646	-	73	75928408	19916
chr11	75908492	76108492	harbor1	chr11	75928612	75928657	LINE/L2	646	-	22	75928634	20142
chr11	75908492	76108492	harbor1	chr11	75928968	75929035	LINE/L2	646	-	34	75929002	20510
chr11	75908492	76108492	harbor1	chr11	75931212	75931455	LINE/L2	451	-	122	75931334	22842
chr11	75908492	76108492	harbor1	chr11	75954649	75955126	LINE/L2	630	-	238	75954887	46395
chr11	84505330	84705330	harbor1	chr11	84507144	84507409	LINE/L2	525	-	132	84507276	1946
chr11	84505330	84705330	harbor1	chr11	84550746	84550869	LINE/L2	408	-	62	84550808	45478
chr11	84505330	84705330	harbor1	chr11	84554749	84555181	LINE/L2	602	-	216	84554965	49635
chr11	84505330	84705330	harbor1	chr11	84555829	84555951	LINE/L2	602	-	61	84555890	50560
chr11	84505330	84705330	harbor1	chr11	84560898	84561152	LINE/L2	414	-	127	84561025	55695
chr11	84505330	84705330	harbor1	chr11	84579724	84580132	LINE/L2	418	-	204	84579928	74598
chr11	84505330	84705330	harbor1	chr11	84588158	84588231	LINE/L2	379	-	36	84588194	82864
chr11	84505330	84705330	harbor1	chr11	84603749	84603917	LINE/L2	578	-	84	84603833	98503
chr11	124885391	125085391	harbor1	chr11	124925370	124925483	LINE/L2	543	-	56	124925426	40035
chr11	124885391	125085391	harbor1	chr11	124975505	124975708	LINE/L2	636	-	102	124975607	90216
chr11	34784774	34984774	harbor1	chr11	34800006	34800334	LINE/L2	572	-	164	34800170	15396
chr11	34784774	34984774	harbor1	chr11	34800441	34800560	LINE/L2	572	-	60	34800501	15727
chr11	34784774	34984774	harbor1	chr11	34809235	34809329	LINE/L2	561	-	47	34809282	24508
chr11	34784774	34984774	harbor1	chr11	34809906	34810277	LINE/L2	561	-	186	34810092	25318
chr11	34784774	34984774	harbor1	chr11	34810280	34810680	LINE/L2	550	-	200	34810480	25706
chr11	34784774	34984774	harbor1	chr11	34821996	34822732	LINE/L2	591	-	368	34822364	37590
chr11	34784774	34984774	harbor1	chr11	34841357	34841698	LINE/L2	726	-	170	34841527	56753
chr11	85135178	85335178	harbor1	chr11	85220023	85220498	LINE/L2	1268	-	238	85220261	85083
chr11	85135178	85335178	harbor1	chr11	85233999	85234224	LINE/L2	667	-	112	85234111	98933
chr11	71340670	71540670	harbor1	chr11	71346761	71347827	LINE/L2	1193	-	533	71347294	6624
chr11	71340670	71540670	harbor1	chr11	71429277	71429781	LINE/L2	858	-	252	71429529	88859
chr11	90873344	91073344	harbor1	chr11	90896398	90898019	LINE/L2	2879	-	810	90897208	23864
chr11	90873344	91073344	harbor1	chr11	90942192	90942531	LINE/L2	440	-	170	90942362	69018
chr11	83651331	83851331	harbor1	chr11	83688928	83689339	LINE/L2	413	-	206	83689134	37803
chr11	83651331	83851331	harbor1	chr11	83696026	83696226	LINE/L2	615	-	100	83696126	44795
chr11	21218414	21418414	harbor1	chr11	21259134	21259533	LINE/L2	443	-	200	21259334	40920
chr11	21218414	21418414	harbor1	chr11	21299942	21300573	LINE/L2	451	-	316	21300258	81844
chr11	74014923	74214923	harbor1	chr11	74020824	74021122	LINE/L2	986	-	149	74020973	6050
chr11	74014923	74214923	harbor1	chr11	74021501	74021758	LINE/L2	723	-	128	74021629	6706
chr11	74014923	74214923	harbor1	chr11	74021763	74021843	LINE/L2	716	-	40	74021803	6880
chr11	74014923	74214923	harbor1	chr11	74022142	74022589	LINE/L2	716	-	224	74022366	7443
chr11	74014923	74214923	harbor1	chr11	74072819	74073041	LINE/L2	418	-	111	74072930	58007
chr11	74014923	74214923	harbor1	chr11	74089663	74090238	LINE/L2	900	-	288	74089951	75028
chr11	74014923	74214923	harbor1	chr11	74090438	74090621	LINE/L2	505	-	92	74090530	75607
chr11	74014923	74214923	harbor1	chr11	74101590	74102540	LINE/L2	603	-	475	74102065	87142
chr11	43290743	43490743	harbor1	chr11	43344586	43344669	LINE/L2	376	-	42	43344628	53885
chr11	43290743	43490743	harbor1	chr11	43352417	43352739	LINE/L2	438	-	161	43352578	61835
chr11	43290743	43490743	harbor1	chr11	43381781	43382054	LINE/L2	865	-	136	43381917	91174
chr11	113761117	113961117	harbor1	chr11	113831095	113831221	LINE/L2	395	-	63	113831158	70041
chr11	45126574	45326574	harbor1	chr11	45151510	45151914	LINE/L2	565	-	202	45151712	25138
chr11	45126574	45326574	harbor1	chr11	45156736	45157160	LINE/L2	497	-	212	45156948	30374
chr11	45126574	45326574	harbor1	chr11	45169871	45170060	LINE/L2	1131	-	94	45169965	43391
chr11	45126574	45326574	harbor1	chr11	45183510	45183796	LINE/L2	403	-	143	45183653	57079
chr11	45126574	45326574	harbor1	chr11	45183812	45185165	LINE/L2	1406	-	676	45184488	57914
chr11	45126574	45326574	harbor1	chr11	45170361	45170862	LINE/L2	1131	-	250	45170611	44037
chr11	65756855	65956855	harbor1	chr11	65783867	65784338	LINE/L2	490	-	236	65784103	27248
chr11	65756855	65956855	harbor1	chr11	65785390	65785475	LINE/L2	476	-	42	65785432	28577
chr11	65756855	65956855	harbor1	chr11	65827844	65828044	LINE/L2	483	-	100	65827944	71089
chr11	92716202	92916202	harbor1	chr11	92755933	92756130	LINE/L2	791	-	98	92756031	39829
chr11	92716202	92916202	harbor1	chr11	92756436	92756506	LINE/L2	791	-	35	92756471	40269
chr11	92716202	92916202	harbor1	chr11	92757721	92757845	LINE/L2	438	-	62	92757783	41581
chr11	92716202	92916202	harbor1	chr11	92758166	92759223	LINE/L2	756	-	528	92758694	42492
chr11	92716202	92916202	harbor1	chr11	92759249	92759629	LINE/L2	521	-	190	92759439	43237
chr11	92716202	92916202	harbor1	chr11	92791203	92791311	LINE/L2	440	-	54	92791257	75055
chr11	85701783	85901783	harbor1	chr11	85706322	85706800	LINE/L2	400	-	239	85706561	4778
chr11	85701783	85901783	harbor1	chr11	85761029	85761546	LINE/L2	1244	-	258	85761287	59504
chr11	115650011	115850011	harbor1	chr11	115651971	115652425	LINE/L2	541	-	227	115652198	2187
chr11	115650011	115850011	harbor1	chr11	115654971	115655395	LINE/L2	1390	-	212	115655183	5172
chr11	115650011	115850011	harbor1	chr11	115681086	115681406	LINE/L2	515	-	160	115681246	31235
chr11	115650011	115850011	harbor1	chr11	115683288	115683611	LINE/L2	505	-	162	115683450	33439
chr11	115650011	115850011	harbor1	chr11	115684000	115684753	LINE/L2	1318	-	376	115684376	34365
chr11	119410322	119610322	harbor1	chr11	119427081	119427355	LINE/L2	510	-	137	119427218	16896
chr11	122520816	122720816	harbor1	chr11	122522895	122523155	LINE/L2	460	-	130	122523025	2209
chr11	37570529	37770529	harbor1	chr11	37621811	37622190	LINE/L2	598	-	190	37622001	51472
chr11	37570529	37770529	harbor1	chr11	37625048	37625393	LINE/L2	873	-	172	37625220	54691
chr11	37570529	37770529	harbor1	chr11	37667069	37667433	LINE/L2	758	-	182	37667251	96722
chr11	55209673	55409673	harbor1	chr11	55266448	55266936	LINE/L2	526	-	244	55266692	57019
chr11	87531156	87731156	harbor1	chr11	87566603	87566831	LINE/L2	736	-	114	87566717	35561
chr11	105371050	105571050	harbor1	chr11	105383431	105383632	LINE/L2	431	-	100	105383531	12481
chr11	105371050	105571050	harbor1	chr11	105406112	105406716	LINE/L2	891	-	302	105406414	35364
chr11	105371050	105571050	harbor1	chr11	105406952	105407125	LINE/L2	435	-	86	105407038	35988
chr11	105371050	105571050	harbor1	chr11	105407581	105408009	LINE/L2	1128	-	214	105407795	36745
chr11	47508586	47708586	harbor1	chr11	47581584	47581913	LINE/L2	591	-	164	47581748	73162
chr11	64984594	65184594	harbor1	chr11	64995389	64995536	LINE/L2	522	-	74	64995463	10869
chr11	64984594	65184594	harbor1	chr11	65005077	65005371	LINE/L2	758	-	147	65005224	20630
chr11	64984594	65184594	harbor1	chr11	65005500	65005650	LINE/L2	496	-	75	65005575	20981
chr11	64984594	65184594	harbor1	chr11	65006225	65006241	LINE/L2	496	-	8	65006233	21639
chr11	64984594	65184594	harbor1	chr11	65006537	65006625	LINE/L2	496	-	44	65006581	21987
chr11	64984594	65184594	harbor1	chr11	65015455	65015638	LINE/L2	451	-	92	65015547	30953
chr11	64984594	65184594	harbor1	chr11	65015757	65015923	LINE/L2	451	-	83	65015840	31246
chr11	64984594	65184594	harbor1	chr11	65016220	65016460	LINE/L2	451	-	120	65016340	31746
chr11	64984594	65184594	harbor1	chr11	65016854	65017186	LINE/L2	891	-	166	65017020	32426
chr11	64984594	65184594	harbor1	chr11	65017496	65017581	LINE/L2	891	-	42	65017538	32944
chr11	64984594	65184594	harbor1	chr11	65080725	65081141	LINE/L2	974	-	208	65080933	96339
chr11	125658338	125858338	harbor1	chr11	125749907	125750079	LINE/L2	434	-	86	125749993	91655
chr11	19836162	20036162	harbor1	chr11	19840828	19840946	LINE/L2	524	-	59	19840887	4725
chr11	19836162	20036162	harbor1	chr11	19845859	19846169	LINE/L2	380	-	155	19846014	9852
chr11	19836162	20036162	harbor1	chr11	19863488	19863601	LINE/L2	429	-	56	19863544	27382
chr11	19836162	20036162	harbor1	chr11	19873148	19873436	LINE/L2	386	-	144	19873292	37130
chr11	19836162	20036162	harbor1	chr11	19882043	19882434	LINE/L2	688	-	196	19882239	46077
chr11	19836162	20036162	harbor1	chr11	19904248	19904427	LINE/L2	418	-	90	19904338	68176
chr11	86048710	86248710	harbor1	chr11	86078523	86078818	LINE/L2	684	-	148	86078671	29961
chr11	86048710	86248710	harbor1	chr11	86102165	86102306	LINE/L2	410	-	70	86102235	53525
chr11	86048710	86248710	harbor1	chr11	86124371	86124572	LINE/L2	550	-	100	86124471	75761
chr11	86048710	86248710	harbor1	chr11	86124569	86125186	LINE/L2	856	-	308	86124877	76167
chr11	86048710	86248710	harbor1	chr11	86125335	86125423	LINE/L2	458	-	44	86125379	76669
chr11	103799422	103999422	harbor1	chr11	103807294	103807425	LINE/L2	487	-	66	103807360	7938
chr11	15504865	15704865	harbor1	chr11	15506394	15506590	LINE/L2	603	-	98	15506492	1627
chr11	15504865	15704865	harbor1	chr11	15518386	15518594	LINE/L2	427	-	104	15518490	13625
chr11	15504865	15704865	harbor1	chr11	15519352	15519566	LINE/L2	468	-	107	15519459	14594
chr11	15504865	15704865	harbor1	chr11	15583056	15583264	LINE/L2	614	-	104	15583160	78295
chr11	15504865	15704865	harbor1	chr11	15596383	15596584	LINE/L2	428	-	100	15596483	91618
chr11	64519292	64719292	harbor1	chr11	64576443	64576592	LINE/L2	467	-	74	64576517	57225
chr11	64519292	64719292	harbor1	chr11	64587811	64588691	LINE/L2	1813	-	440	64588251	68959
chr11	64519292	64719292	harbor1	chr11	64596934	64597037	LINE/L2	446	-	52	64596986	77694
chr11	95346553	95546553	harbor1	chr11	95363168	95363544	LINE/L2	410	-	188	95363356	16803
chr11	95346553	95546553	harbor1	chr11	95364499	95364682	LINE/L2	426	-	92	95364591	18038
chr11	95346553	95546553	harbor1	chr11	95373111	95373584	LINE/L2	528	-	236	95373347	26794
chr11	95346553	95546553	harbor1	chr11	95374587	95374927	LINE/L2	441	-	170	95374757	28204
chr11	95346553	95546553	harbor1	chr11	95380614	95381051	LINE/L2	673	-	218	95380832	34279
chr11	95346553	95546553	harbor1	chr11	95381263	95381288	LINE/L2	673	-	12	95381275	34722
chr11	95346553	95546553	harbor1	chr11	95381363	95381610	LINE/L2	687	-	124	95381487	34934
chr11	95346553	95546553	harbor1	chr11	95381792	95382114	LINE/L2	542	-	161	95381953	35400
chr11	95346553	95546553	harbor1	chr11	95420564	95420675	LINE/L2	1140	-	56	95420620	74067
chr11	95346553	95546553	harbor1	chr11	95421181	95421544	LINE/L2	1140	-	182	95421363	74810
chr11	95346553	95546553	harbor1	chr11	95429381	95430364	LINE/L2	1571	-	492	95429873	83320
chr11	95346553	95546553	harbor1	chr11	95430827	95432346	LINE/L2	1860	-	760	95431587	85034
chr11	26323792	26523792	harbor1	chr11	26372592	26372845	LINE/L2	451	-	126	26372718	48926
chr11	26323792	26523792	harbor1	chr11	26379216	26379499	LINE/L2	750	-	142	26379358	55566
chr11	26323792	26523792	harbor1	chr11	26379801	26379950	LINE/L2	750	-	74	26379875	56083
chr11	6062012	6262012	harbor1	chr11	6149955	6150103	LINE/L2	549	-	74	6150029	88017
chr11	89419473	89619473	harbor1	chr11	89436086	89436304	LINE/L2	508	-	109	89436195	16722
chr11	89419473	89619473	harbor1	chr11	89466566	89467023	LINE/L2	390	-	228	89466794	47321
chr11	89419473	89619473	harbor1	chr11	89503818	89504623	LINE/L2	619	-	402	89504220	84747
chr11	119918545	120118545	harbor1	chr11	119946481	119946803	LINE/L2	436	-	161	119946642	28097
chr11	119918545	120118545	harbor1	chr11	119947308	119947516	LINE/L2	375	-	104	119947412	28867
chr11	119918545	120118545	harbor1	chr11	119967371	119967567	LINE/L2	1315	-	98	119967469	48924
chr11	119918545	120118545	harbor1	chr11	119967953	119968942	LINE/L2	1315	-	494	119968447	49902
chr11	119918545	120118545	harbor1	chr11	119976962	119977581	LINE/L2	386	-	310	119977272	58727
chr11	119918545	120118545	harbor1	chr11	119979169	119979289	LINE/L2	382	-	60	119979229	60684
chr11	119918545	120118545	harbor1	chr11	120002930	120003169	LINE/L2	412	-	120	120003050	84505
chr11	119918545	120118545	harbor1	chr11	120003474	120003819	LINE/L2	434	-	172	120003646	85101
chr11	4361447	4561447	harbor1	chr11	4437339	4437515	LINE/L2	380	-	88	4437427	75980
chr11	4361447	4561447	harbor1	chr11	4438613	4439411	LINE/L2	1154	-	399	4439012	77565
chr11	4361447	4561447	harbor1	chr11	4441469	4441742	LINE/L2	394	-	136	4441605	80158
chr11	4361447	4561447	harbor1	chr11	4446939	4447539	LINE/L2	882	-	300	4447239	85792
chr11	79761023	79961023	harbor1	chr11	79827616	79827829	LINE/L2	499	-	106	79827722	66699
chr11	79761023	79961023	harbor1	chr11	79838437	79838576	LINE/L2	400	-	70	79838507	77484
chr11	79761023	79961023	harbor1	chr11	79845828	79846243	LINE/L2	1183	-	208	79846036	85013
chr11	79761023	79961023	harbor1	chr11	79858735	79859187	LINE/L2	781	-	226	79858961	97938
chr11	133712620	133912620	harbor1	chr11	133799668	133800426	LINE/L2	995	-	379	133800047	87427
chr11	116771077	116971077	harbor1	chr11	116794496	116794779	LINE/L2	486	-	142	116794638	23561
chr11	116771077	116971077	harbor1	chr11	116795091	116795264	LINE/L2	491	-	86	116795177	24100
chr11	116771077	116971077	harbor1	chr11	116812544	116812644	LINE/L2	400	-	50	116812594	41517
chr11	116771077	116971077	harbor1	chr11	116870615	116870894	LINE/L2	567	-	140	116870755	99678
chr11	9362549	9562549	harbor1	chr11	9398199	9398560	LINE/L2	509	-	180	9398379	35830
chr11	110918049	111118049	harbor1	chr11	110929378	110929639	LINE/L2	453	-	130	110929508	11459
chr11	110918049	111118049	harbor1	chr11	110950483	110950709	LINE/L2	380	-	113	110950596	32547
chr11	1771470	1971470	harbor1	chr11	1796965	1797157	LINE/L2	745	-	96	1797061	25591
chr11	1771470	1971470	harbor1	chr11	1797469	1797666	LINE/L2	745	-	98	1797567	26097
chr11	98690736	98890736	harbor1	chr11	98742216	98742335	LINE/L2	555	-	60	98742276	51540
chr11	98690736	98890736	harbor1	chr11	98742812	98742992	LINE/L2	555	-	90	98742902	52166
chr11	98690736	98890736	harbor1	chr11	98743276	98743522	LINE/L2	555	-	123	98743399	52663
chr11	7169473	7369473	harbor1	chr11	7211955	7213585	LINE/L2	3827	-	815	7212770	43297
chr11	7169473	7369473	harbor1	chr11	7213791	7213903	LINE/L2	3827	-	56	7213847	44374
chr11	7169473	7369473	harbor1	chr11	7219450	7220010	LINE/L2	698	-	280	7219730	50257
chr11	7169473	7369473	harbor1	chr11	7237170	7237935	LINE/L2	624	-	382	7237552	68079
chr11	7169473	7369473	harbor1	chr11	7239646	7240166	LINE/L2	1036	-	260	7239906	70433
chr11	7169473	7369473	harbor1	chr11	7255199	7255824	LINE/L2	1852	-	312	7255511	86038
chr11	7169473	7369473	harbor1	chr11	7261378	7263042	LINE/L2	4373	-	832	7262210	92737
chr11	7169473	7369473	harbor1	chr11	7263488	7264991	LINE/L2	4279	-	752	7264240	94767
chr11	7169473	7369473	harbor1	chr11	7265105	7265326	LINE/L2	381	-	110	7265215	95742
chr11	103732200	103932200	harbor1	chr11	103755097	103756076	LINE/L2	1268	-	490	103755587	23387
chr11	103732200	103932200	harbor1	chr11	103771057	103771711	LINE/L2	1304	-	327	103771384	39184
chr11	103732200	103932200	harbor1	chr11	103807294	103807425	LINE/L2	487	-	66	103807360	75160
chr11	79049072	79249072	harbor1	chr11	79114920	79115194	LINE/L2	583	-	137	79115057	65985
chr11	50114551	50314551	harbor1	chr11	50120107	50120322	LINE/L2	674	-	108	50120215	5664
chr11	50114551	50314551	harbor1	chr11	50159579	50159806	LINE/L2	599	-	114	50159693	45142
chr11	50114551	50314551	harbor1	chr11	50160009	50160570	LINE/L2	1024	-	280	50160289	45738
chr11	50114551	50314551	harbor1	chr11	50178650	50179022	LINE/L2	437	-	186	50178836	64285
chr11	5614605	5814605	harbor1	chr11	5631797	5632095	LINE/L2	485	-	149	5631946	17341
chr11	5614605	5814605	harbor1	chr11	5695015	5695358	LINE/L2	556	-	172	5695187	80582
chr11	125205258	125405258	harbor1	chr11	125206074	125206490	LINE/L2	454	-	208	125206282	1024
chr11	125205258	125405258	harbor1	chr11	125208836	125209064	LINE/L2	384	-	114	125208950	3692
chr11	125205258	125405258	harbor1	chr11	125211336	125211600	LINE/L2	914	-	132	125211468	6210
chr11	125205258	125405258	harbor1	chr11	125233479	125233599	LINE/L2	382	-	60	125233539	28281
chr11	125205258	125405258	harbor1	chr11	125252339	125252636	LINE/L2	412	-	148	125252487	47229
chr11	125205258	125405258	harbor1	chr11	125255480	125255662	LINE/L2	387	-	91	125255571	50313
chr11	125205258	125405258	harbor1	chr11	125269909	125269995	LINE/L2	477	-	43	125269952	64694
chr11	125205258	125405258	harbor1	chr11	125274975	125275965	LINE/L2	952	-	495	125275470	70212
chr11	125205258	125405258	harbor1	chr11	125276439	125277515	LINE/L2	2337	-	538	125276977	71719
chr11	125205258	125405258	harbor1	chr11	125277913	125277935	LINE/L2	2089	-	11	125277924	72666
chr11	125205258	125405258	harbor1	chr11	125278238	125278400	LINE/L2	2089	-	81	125278319	73061
chr11	125205258	125405258	harbor1	chr11	125290658	125290987	LINE/L2	729	-	164	125290822	85564
chr11	125205258	125405258	harbor1	chr11	125297300	125297571	LINE/L2	525	-	136	125297436	92178
chr11	125205258	125405258	harbor1	chr11	125304769	125304923	LINE/L2	589	-	77	125304846	99588
chr11	109185014	109385014	harbor1	chr11	109236396	109236782	LINE/L2	557	-	193	109236589	51575
chr11	109185014	109385014	harbor1	chr11	109241975	109242574	LINE/L2	973	-	300	109242275	57261
chr11	60942901	61142901	harbor1	chr11	60959246	60959438	LINE/L2	534	-	96	60959342	16441
chr11	60942901	61142901	harbor1	chr11	60984512	60984924	LINE/L2	687	-	206	60984718	41817
chr11	60942901	61142901	harbor1	chr11	61022992	61023177	LINE/L2	377	-	92	61023084	80183
chr11	933167	1133167	harbor1	chr11	942762	943120	LINE/L2	417	-	179	942941	9774
chr11	933167	1133167	harbor1	chr11	943580	943726	LINE/L2	417	-	73	943653	10486
chr11	933167	1133167	harbor1	chr11	944338	944524	LINE/L2	551	-	93	944431	11264
chr11	933167	1133167	harbor1	chr11	944525	944954	LINE/L2	785	-	214	944739	11572
chr11	106840786	107040786	harbor1	chr11	106916939	106917395	LINE/L2	809	-	228	106917167	76381
chr11	106840786	107040786	harbor1	chr11	106919541	106919825	LINE/L2	432	-	142	106919683	78897
chr11	106840786	107040786	harbor1	chr11	106922320	106922455	LINE/L2	413	-	68	106922388	81602
chr11	35290323	35490323	harbor1	chr11	35320750	35320928	LINE/L2	503	-	89	35320839	30516
chr11	35290323	35490323	harbor1	chr11	35321306	35321421	LINE/L2	503	-	58	35321364	31041
chr11	35290323	35490323	harbor1	chr11	35344110	35344445	LINE/L2	782	-	168	35344278	53955
chr11	39722455	39922455	harbor1	chr11	39772777	39773042	LINE/L2	430	-	132	39772909	50454
chr11	69507716	69707716	harbor1	chr11	69531103	69531387	LINE/L2	573	-	142	69531245	23529
chr11	91833360	92033360	harbor1	chr11	91843765	91843939	LINE/L2	524	-	87	91843852	10492
chr11	91833360	92033360	harbor1	chr11	91870268	91871051	LINE/L2	933	-	392	91870660	37300
chr11	91833360	92033360	harbor1	chr11	91930976	91931410	LINE/L2	725	-	217	91931193	97833
chr11	91833360	92033360	harbor1	chr11	91930400	91930826	LINE/L2	408	-	213	91930613	97253
chr11	132945827	133145827	harbor1	chr11	132954579	132955039	LINE/L2	393	-	230	132954809	8982
chr11	132945827	133145827	harbor1	chr11	132975058	132975423	LINE/L2	622	-	182	132975240	29413
chr11	132945827	133145827	harbor1	chr11	132992465	132992707	LINE/L2	477	-	121	132992586	46759
chr11	109697390	109897390	harbor1	chr11	109736714	109737281	LINE/L2	482	-	284	109736998	39608
chr11	109697390	109897390	harbor1	chr11	109742447	109744022	LINE/L2	2508	-	788	109743235	45845
chr11	109697390	109897390	harbor1	chr11	109755423	109755973	LINE/L2	470	-	275	109755698	58308
chr11	21942774	22142774	harbor1	chr11	22005255	22005545	LINE/L2	693	-	145	22005400	62626
chr11	97133818	97333818	harbor1	chr11	97165373	97166292	LINE/L2	1458	-	460	97165833	32015
chr11	10390098	10590098	harbor1	chr11	10390667	10391219	LINE/L2	443	-	276	10390943	845
chr11	10390098	10590098	harbor1	chr11	10395908	10396730	LINE/L2	1187	-	411	10396319	6221
chr11	10390098	10590098	harbor1	chr11	10401143	10401253	LINE/L2	536	-	55	10401198	11100
chr11	10390098	10590098	harbor1	chr11	10449605	10450192	LINE/L2	496	-	294	10449899	59801
chr11	10390098	10590098	harbor1	chr11	10453352	10453463	LINE/L2	376	-	56	10453408	63310
chr11	10390098	10590098	harbor1	chr11	10462088	10462219	LINE/L2	561	-	66	10462154	72056
chr11	10390098	10590098	harbor1	chr11	10462683	10463034	LINE/L2	561	-	176	10462859	72761
chr11	10390098	10590098	harbor1	chr11	10484485	10484749	LINE/L2	678	-	132	10484617	94519
chr11	15394965	15594965	harbor1	chr11	15422715	15423169	LINE/L2	608	-	227	15422942	27977
chr11	11274763	11474763	harbor1	chr11	11282736	11283049	LINE/L2	670	-	156	11282892	8129
chr11	11274763	11474763	harbor1	chr11	11283068	11283156	LINE/L2	460	-	44	11283112	8349
chr11	11274763	11474763	harbor1	chr11	11283427	11283551	LINE/L2	460	-	62	11283489	8726
chr11	11274763	11474763	harbor1	chr11	11312804	11313124	LINE/L2	478	-	160	11312964	38201
chr11	11274763	11474763	harbor1	chr11	11338269	11339067	LINE/L2	904	-	399	11338668	63905
chr11	11274763	11474763	harbor1	chr11	11355171	11355290	LINE/L2	440	-	60	11355231	80468
chr11	11274763	11474763	harbor1	chr11	11373046	11373622	LINE/L2	798	-	288	11373334	98571
chr11	8091342	8291342	harbor1	chr11	8092960	8093347	LINE/L2	773	-	194	8093154	1812
chr11	8091342	8291342	harbor1	chr11	8099530	8100405	LINE/L2	1141	-	438	8099968	8626
chr11	8091342	8291342	harbor1	chr11	8130768	8131015	LINE/L2	544	-	124	8130892	39550
chr11	8091342	8291342	harbor1	chr11	8131146	8131452	LINE/L2	383	-	153	8131299	39957
chr11	8091342	8291342	harbor1	chr11	8167150	8167502	LINE/L2	964	-	176	8167326	75984
chr11	8091342	8291342	harbor1	chr11	8171517	8171851	LINE/L2	613	-	167	8171684	80342
chr11	8091342	8291342	harbor1	chr11	8171901	8172082	LINE/L2	971	-	90	8171991	80649
chr11	8091342	8291342	harbor1	chr11	8172394	8172578	LINE/L2	971	-	92	8172486	81144
chr11	8091342	8291342	harbor1	chr11	8172885	8173139	LINE/L2	971	-	127	8173012	81670
chr11	8091342	8291342	harbor1	chr11	8159046	8159550	LINE/L2	1136	-	252	8159298	67956
chr11	115982072	116182072	harbor1	chr11	115997999	115998369	LINE/L2	459	-	185	115998184	16112
chr11	115982072	116182072	harbor1	chr11	116031814	116032123	LINE/L2	429	-	154	116031968	49896
chr11	115982072	116182072	harbor1	chr11	116034489	116034918	LINE/L2	626	-	214	116034703	52631
chr11	115982072	116182072	harbor1	chr11	116059769	116060269	LINE/L2	659	-	250	116060019	77947
chr11	115982072	116182072	harbor1	chr11	116070374	116070933	LINE/L2	538	-	280	116070654	88582
chr11	115982072	116182072	harbor1	chr11	116076852	116077189	LINE/L2	539	-	168	116077020	94948
chr11	134397082	134597082	harbor1	chr11	134428783	134428971	LINE/L2	389	-	94	134428877	31795
chr11	134397082	134597082	harbor1	chr11	134432640	134432791	LINE/L2	385	-	76	134432716	35634
chr11	134397082	134597082	harbor1	chr11	134439760	134439983	LINE/L2	526	-	112	134439872	42790
chr11	134397082	134597082	harbor1	chr11	134440716	134440864	LINE/L2	440	-	74	134440790	43708
chr11	31598711	31798711	harbor1	chr11	31611671	31612171	LINE/L2	677	-	250	31611921	13210
chr11	31598711	31798711	harbor1	chr11	31618910	31619332	LINE/L2	1091	-	211	31619121	20410
chr11	31598711	31798711	harbor1	chr11	31619962	31620678	LINE/L2	1722	-	358	31620320	21609
chr11	31598711	31798711	harbor1	chr11	31682621	31682846	LINE/L2	504	-	112	31682733	84022
chr11	31598711	31798711	harbor1	chr11	31686478	31686598	LINE/L2	697	-	60	31686538	87827
chr11	31598711	31798711	harbor1	chr11	31686882	31687354	LINE/L2	697	-	236	31687118	88407
chr11	122976989	123176989	harbor1	chr11	123014793	123014924	LINE/L2	441	-	66	123014859	37870
chr11	122976989	123176989	harbor1	chr11	123076306	123076983	LINE/L2	897	-	338	123076644	99655
chr11	6930849	7130849	harbor1	chr11	6942353	6942639	LINE/L2	437	-	143	6942496	11647
chr11	84149456	84349456	harbor1	chr11	84155732	84156010	LINE/L2	424	-	139	84155871	6415
chr11	84149456	84349456	harbor1	chr11	84159228	84161490	LINE/L2	3586	-	1131	84160359	10903
chr11	84149456	84349456	harbor1	chr11	84170317	84170599	LINE/L2	402	-	141	84170458	21002
chr11	84149456	84349456	harbor1	chr11	84174586	84174692	LINE/L2	386	-	53	84174639	25183
chr11	127926238	128126238	harbor1	chr11	128017292	128017562	LINE/L2	631	-	135	128017427	91189
chr11	127926238	128126238	harbor1	chr11	128017935	128018139	LINE/L2	573	-	102	128018037	91799
chr11	7417055	7617055	harbor1	chr11	7453409	7453866	LINE/L2	536	-	228	7453637	36582
chr11	7417055	7617055	harbor1	chr11	7458035	7458198	LINE/L2	639	-	82	7458117	41062
chr11	7417055	7617055	harbor1	chr11	7458489	7459587	LINE/L2	2123	-	549	7459038	41983
chr11	7417055	7617055	harbor1	chr11	7493813	7494275	LINE/L2	436	-	231	7494044	76989
chr11	7417055	7617055	harbor1	chr11	7501837	7502595	LINE/L2	2424	-	379	7502216	85161
chr11	7417055	7617055	harbor1	chr11	7502906	7503799	LINE/L2	2424	-	446	7503352	86297
chr11	7417055	7617055	harbor1	chr11	7505925	7506989	LINE/L2	655	-	532	7506457	89402
chr11	7417055	7617055	harbor1	chr11	7503870	7504588	LINE/L2	1448	-	359	7504229	87174
chr11	102136086	102336086	harbor1	chr11	102172633	102172984	LINE/L2	637	-	176	102172809	36723
chr11	102136086	102336086	harbor1	chr11	102182976	102183272	LINE/L2	479	-	148	102183124	47038
chr11	849791	1049791	harbor1	chr11	942762	943120	LINE/L2	417	-	179	942941	93150
chr11	849791	1049791	harbor1	chr11	943580	943726	LINE/L2	417	-	73	943653	93862
chr11	849791	1049791	harbor1	chr11	944338	944524	LINE/L2	551	-	93	944431	94640
chr11	849791	1049791	harbor1	chr11	944525	944954	LINE/L2	785	-	214	944739	94948
chr11	102018360	102218360	harbor1	chr11	102022325	102022510	LINE/L2	414	-	92	102022417	4057
chr11	102018360	102218360	harbor1	chr11	102022818	102022859	LINE/L2	414	-	20	102022838	4478
chr11	102018360	102218360	harbor1	chr11	102027802	102028326	LINE/L2	991	-	262	102028064	9704
chr11	102018360	102218360	harbor1	chr11	102029239	102029573	LINE/L2	991	-	167	102029406	11046
chr11	102018360	102218360	harbor1	chr11	102050766	102051306	LINE/L2	488	-	270	102051036	32676
chr11	102018360	102218360	harbor1	chr11	102056032	102056143	LINE/L2	449	-	56	102056088	37728
chr11	102018360	102218360	harbor1	chr11	102095840	102096205	LINE/L2	612	-	182	102096022	77662
chr11	102018360	102218360	harbor1	chr11	102103333	102103846	LINE/L2	545	-	256	102103589	85229
chr11	4432239	4632239	harbor1	chr11	4437339	4437515	LINE/L2	380	-	88	4437427	5188
chr11	4432239	4632239	harbor1	chr11	4438613	4439411	LINE/L2	1154	-	399	4439012	6773
chr11	4432239	4632239	harbor1	chr11	4441469	4441742	LINE/L2	394	-	136	4441605	9366
chr11	4432239	4632239	harbor1	chr11	4446939	4447539	LINE/L2	882	-	300	4447239	15000
chr11	4432239	4632239	harbor1	chr11	4484222	4484632	LINE/L2	474	-	205	4484427	52188
chr11	120132849	120332849	harbor1	chr11	120140993	120141204	LINE/L2	402	-	106	120141099	8250
chr11	120132849	120332849	harbor1	chr11	120189015	120189332	LINE/L2	419	-	158	120189173	56324
chr11	120132849	120332849	harbor1	chr11	120227128	120227428	LINE/L2	374	-	150	120227278	94429
chr11	5434156	5634156	harbor1	chr11	5510284	5511429	LINE/L2	2122	-	572	5510856	76700
chr11	5434156	5634156	harbor1	chr11	5511872	5511895	LINE/L2	2122	-	12	5511884	77728
chr11	5434156	5634156	harbor1	chr11	5512081	5512242	LINE/L2	2122	-	80	5512161	78005
chr11	5434156	5634156	harbor1	chr11	5512287	5512848	LINE/L2	716	-	280	5512567	78411
chr11	6379093	6579093	harbor1	chr11	6417564	6418432	LINE/L2	1583	-	434	6417998	38905
chr11	6379093	6579093	harbor1	chr11	6420848	6421191	LINE/L2	774	-	172	6421020	41927
chr11	6379093	6579093	harbor1	chr11	6423693	6424140	LINE/L2	659	-	224	6423917	44824
chr11	6379093	6579093	harbor1	chr11	6451656	6452195	LINE/L2	721	-	270	6451926	72833
chr11	6379093	6579093	harbor1	chr11	6459602	6460321	LINE/L2	735	-	360	6459962	80869
chr11	6379093	6579093	harbor1	chr11	6467022	6467483	LINE/L2	1331	-	230	6467252	88159
chr11	6379093	6579093	harbor1	chr11	6467780	6468001	LINE/L2	1331	-	110	6467890	88797
chr11	6379093	6579093	harbor1	chr11	6468135	6468766	LINE/L2	1331	-	316	6468451	89358
chr11	6379093	6579093	harbor1	chr11	6469961	6470402	LINE/L2	899	-	220	6470181	91088
chr11	6379093	6579093	harbor1	chr11	6470568	6471084	LINE/L2	899	-	258	6470826	91733
chr11	6379093	6579093	harbor1	chr11	6438860	6439306	LINE/L2	756	-	223	6439083	59990
chr11	6379093	6579093	harbor1	chr11	6471528	6471814	LINE/L2	675	-	143	6471671	92578
chr11	6379093	6579093	harbor1	chr11	6422239	6422670	LINE/L2	774	-	216	6422455	43362
chr11	105646709	105846709	harbor1	chr11	105663348	105663695	LINE/L2	723	-	174	105663522	16813
chr11	105646709	105846709	harbor1	chr11	105704096	105704439	LINE/L2	399	-	172	105704268	57559
chr11	105646709	105846709	harbor1	chr11	105740446	105741197	LINE/L2	639	-	376	105740822	94113
chr11	128114008	128314008	harbor1	chr11	128167917	128168367	LINE/L2	507	-	225	128168142	54134
chr11	128114008	128314008	harbor1	chr11	128168566	128169175	LINE/L2	986	-	304	128168870	54862
chr11	128114008	128314008	harbor1	chr11	128169898	128170445	LINE/L2	377	-	274	128170172	56164
chr11	13951696	14151696	harbor1	chr11	13952799	13953000	LINE/L2	599	-	100	13952899	1203
chr11	13951696	14151696	harbor1	chr11	13953133	13953410	LINE/L2	387	-	138	13953271	1575
chr11	13951696	14151696	harbor1	chr11	13959329	13959479	LINE/L2	384	-	75	13959404	7708
chr11	13951696	14151696	harbor1	chr11	13959790	13960229	LINE/L2	418	-	220	13960010	8314
chr11	13951696	14151696	harbor1	chr11	13975397	13975544	LINE/L2	482	-	74	13975471	23775
chr11	13951696	14151696	harbor1	chr11	13986043	13986149	LINE/L2	377	-	53	13986096	34400
chr11	13951696	14151696	harbor1	chr11	14023024	14023336	LINE/L2	808	-	156	14023180	71484
chr11	13951696	14151696	harbor1	chr11	14025096	14025212	LINE/L2	466	-	58	14025154	73458
chr11	13951696	14151696	harbor1	chr11	14025334	14025439	LINE/L2	432	-	52	14025386	73690
chr11	13951696	14151696	harbor1	chr11	14036050	14037113	LINE/L2	1016	-	532	14036582	84886
chr11	13951696	14151696	harbor1	chr11	14037221	14037344	LINE/L2	1016	-	62	14037283	85587
chr11	84048144	84248144	harbor1	chr11	84072368	84072612	LINE/L2	575	-	122	84072490	24346
chr11	84048144	84248144	harbor1	chr11	84108434	84109067	LINE/L2	810	-	316	84108750	60606
chr11	84048144	84248144	harbor1	chr11	84132570	84132837	LINE/L2	439	-	134	84132704	84560
chr11	84048144	84248144	harbor1	chr11	84135510	84136040	LINE/L2	442	-	265	84135775	87631
chr11	84048144	84248144	harbor1	chr11	84143113	84143343	LINE/L2	379	-	115	84143228	95084
chr11	113495299	113695299	harbor1	chr11	113521458	113521788	LINE/L2	569	-	165	113521623	26324
chr11	113495299	113695299	harbor1	chr11	113540592	113541000	LINE/L2	440	-	204	113540796	45497
chr11	101296630	101496630	harbor1	chr11	101352443	101352579	LINE/L2	390	-	68	101352511	55881
chr11	101296630	101496630	harbor1	chr11	101379786	101380111	LINE/L2	720	-	162	101379948	83318
chr11	97457021	97657021	harbor1	chr11	97531544	97531673	LINE/L2	379	-	64	97531608	74587
chr11	94548482	94748482	harbor1	chr11	94558169	94558333	LINE/L2	431	-	82	94558251	9769
chr11	94548482	94748482	harbor1	chr11	94647447	94648137	LINE/L2	640	-	345	94647792	99310
chr11	56981616	57181616	harbor1	chr11	57077259	57077878	LINE/L2	1358	-	310	57077569	95953
chr11	131816292	132016292	harbor1	chr11	131834969	131835093	LINE/L2	384	-	62	131835031	18739
chr11	131816292	132016292	harbor1	chr11	131838794	131838962	LINE/L2	1120	-	84	131838878	22586
chr11	131816292	132016292	harbor1	chr11	131839262	131841037	LINE/L2	2297	-	888	131840150	23858
chr11	131816292	132016292	harbor1	chr11	131841345	131841451	LINE/L2	588	-	53	131841398	25106
chr11	131816292	132016292	harbor1	chr11	131841600	131841932	LINE/L2	588	-	166	131841766	25474
chr11	131816292	132016292	harbor1	chr11	131854431	131854748	LINE/L2	398	-	158	131854589	38297
chr11	131816292	132016292	harbor1	chr11	131825516	131826290	LINE/L2	884	-	387	131825903	9611
chr11	17578760	17778760	harbor1	chr11	17601150	17601507	LINE/L2	410	-	178	17601328	22568
chr11	17578760	17778760	harbor1	chr11	17628536	17628782	LINE/L2	404	-	123	17628659	49899
chr11	102325619	102525619	harbor1	chr11	102326079	102326326	LINE/L2	492	-	124	102326203	584
chr11	102325619	102525619	harbor1	chr11	102329958	102330292	LINE/L2	615	-	167	102330125	4506
chr11	102325619	102525619	harbor1	chr11	102330389	102330606	LINE/L2	580	-	108	102330497	4878
chr11	123171173	123371173	harbor1	chr11	123170888	123171243	LINE/L2	799	-	178	123171066	107
chr11	123171173	123371173	harbor1	chr11	123180616	123180917	LINE/L2	600	-	150	123180766	9593
chr11	123171173	123371173	harbor1	chr11	123191769	123192205	LINE/L2	634	-	218	123191987	20814
chr11	123171173	123371173	harbor1	chr11	123199566	123199829	LINE/L2	490	-	132	123199698	28525
chr11	64261501	64461501	harbor1	chr11	64312577	64312867	LINE/L2	507	-	145	64312722	51221
chr11	64261501	64461501	harbor1	chr11	64312885	64313723	LINE/L2	1478	-	419	64313304	51803
chr11	64261501	64461501	harbor1	chr11	64356690	64356893	LINE/L2	385	-	102	64356792	95291
chr11	13766004	13966004	harbor1	chr11	13809803	13810271	LINE/L2	773	-	234	13810037	44033
chr11	13766004	13966004	harbor1	chr11	13811823	13811876	LINE/L2	378	-	26	13811849	45845
chr11	13766004	13966004	harbor1	chr11	13814146	13814219	LINE/L2	378	-	36	13814182	48178
chr11	13766004	13966004	harbor1	chr11	13814693	13814812	LINE/L2	415	-	60	13814753	48749
chr11	13766004	13966004	harbor1	chr11	13815167	13815272	LINE/L2	480	-	52	13815219	49215
chr11	13766004	13966004	harbor1	chr11	13815559	13816269	LINE/L2	1460	-	355	13815914	49910
chr11	13766004	13966004	harbor1	chr11	13816442	13816860	LINE/L2	1460	-	209	13816651	50647
chr11	13766004	13966004	harbor1	chr11	13817605	13818476	LINE/L2	2437	-	436	13818041	52037
chr11	13766004	13966004	harbor1	chr11	13825644	13826063	LINE/L2	695	-	210	13825854	59850
chr11	13766004	13966004	harbor1	chr11	13826117	13826422	LINE/L2	640	-	152	13826269	60265
chr11	121832507	122032507	harbor1	chr11	121845240	121845577	LINE/L2	379	-	168	121845408	12901
chr11	121832507	122032507	harbor1	chr11	121861543	121862078	LINE/L2	1158	-	268	121861811	29304
chr11	121832507	122032507	harbor1	chr11	121871162	121871233	LINE/L2	577	-	36	121871198	38691
chr11	121832507	122032507	harbor1	chr11	121871545	121871880	LINE/L2	577	-	168	121871713	39206
chr11	121832507	122032507	harbor1	chr11	121932147	121932304	LINE/L2	402	-	78	121932225	99718
chr11	41175039	41375039	harbor1	chr11	41176466	41176716	LINE/L2	1104	-	125	41176591	1552
chr11	41175039	41375039	harbor1	chr11	41177027	41177240	LINE/L2	1104	-	106	41177133	2094
chr11	41175039	41375039	harbor1	chr11	41179805	41180252	LINE/L2	426	-	224	41180029	4990
chr11	41175039	41375039	harbor1	chr11	41204729	41205447	LINE/L2	749	-	359	41205088	30049
chr11	41175039	41375039	harbor1	chr11	41273925	41274480	LINE/L2	909	-	278	41274203	99164
chr11	41175039	41375039	harbor1	chr11	41189074	41189693	LINE/L2	526	-	310	41189384	14345
chr11	114599772	114799772	harbor1	chr11	114683787	114684145	LINE/L2	587	-	179	114683966	84194
chr11	114599772	114799772	harbor1	chr11	114684450	114684567	LINE/L2	587	-	58	114684508	84736
chr11	19303881	19503881	harbor1	chr11	19323680	19324078	LINE/L2	454	-	199	19323879	19998
chr11	19303881	19503881	harbor1	chr11	19329727	19329967	LINE/L2	682	-	120	19329847	25966
chr11	19303881	19503881	harbor1	chr11	19403192	19403545	LINE/L2	424	-	176	19403368	99487
chr11	19303881	19503881	harbor1	chr11	19403594	19404082	LINE/L2	831	-	244	19403838	99957
chr11	87812296	88012296	harbor1	chr11	87832113	87832250	LINE/L2	417	-	68	87832181	19885
chr11	28677570	28877570	harbor1	chr11	28696434	28696854	LINE/L2	451	-	210	28696644	19074
chr11	28677570	28877570	harbor1	chr11	28709996	28710153	LINE/L2	650	-	78	28710074	32504
chr11	28677570	28877570	harbor1	chr11	28710521	28711226	LINE/L2	1303	-	352	28710873	33303
chr11	28677570	28877570	harbor1	chr11	28704187	28705436	LINE/L2	2545	-	624	28704811	27241
chr11	84432990	84632990	harbor1	chr11	84451602	84451946	LINE/L2	866	-	172	84451774	18784
chr11	84432990	84632990	harbor1	chr11	84452225	84452776	LINE/L2	1517	-	276	84452501	19511
chr11	84432990	84632990	harbor1	chr11	84453094	84453287	LINE/L2	520	-	96	84453190	20200
chr11	84432990	84632990	harbor1	chr11	84453350	84453529	LINE/L2	542	-	90	84453440	20450
chr11	84432990	84632990	harbor1	chr11	84507144	84507409	LINE/L2	525	-	132	84507276	74286
chr11	95769645	95969645	harbor1	chr11	95863935	95864355	LINE/L2	739	-	210	95864145	94500
chr11	95769645	95969645	harbor1	chr11	95846266	95846565	LINE/L2	898	-	150	95846416	76771
chr11	78537505	78737505	harbor1	chr11	78538347	78538713	LINE/L2	1449	-	183	78538530	1025
chr11	78537505	78737505	harbor1	chr11	78539025	78539690	LINE/L2	1449	-	332	78539357	1852
chr11	78537505	78737505	harbor1	chr11	78570725	78571172	LINE/L2	511	-	224	78570949	33444
chr11	78537505	78737505	harbor1	chr11	78587159	78587959	LINE/L2	3589	-	400	78587559	50054
chr11	78537505	78737505	harbor1	chr11	78588247	78588845	LINE/L2	3589	-	299	78588546	51041
chr11	78537505	78737505	harbor1	chr11	78592150	78592306	LINE/L2	539	-	78	78592228	54723
chr11	78537505	78737505	harbor1	chr11	78595295	78595453	LINE/L2	526	-	79	78595374	57869
chr11	78537505	78737505	harbor1	chr11	78596298	78596678	LINE/L2	567	-	190	78596488	58983
chr11	78537505	78737505	harbor1	chr11	78593809	78594304	LINE/L2	1112	-	248	78594057	56552
chr11	16886980	17086980	harbor1	chr11	16926422	16926684	LINE/L2	406	-	131	16926553	39573
chr11	16886980	17086980	harbor1	chr11	16932669	16933101	LINE/L2	489	-	216	16932885	45905
chr11	16886980	17086980	harbor1	chr11	16933336	16933628	LINE/L2	634	-	146	16933482	46502
chr11	35168072	35368072	harbor1	chr11	35174797	35175334	LINE/L2	780	-	268	35175065	6993
chr11	35168072	35368072	harbor1	chr11	35180532	35180616	LINE/L2	534	-	42	35180574	12502
chr11	35168072	35368072	harbor1	chr11	35180847	35180964	LINE/L2	534	-	58	35180905	12833
chr11	35168072	35368072	harbor1	chr11	35198549	35198656	LINE/L2	383	-	54	35198603	30531
chr11	35168072	35368072	harbor1	chr11	35263002	35263116	LINE/L2	429	-	57	35263059	94987
chr11	57079994	57279994	harbor1	chr11	57083833	57083935	LINE/L2	383	-	51	57083884	3890
chr11	57079994	57279994	harbor1	chr11	57085604	57085864	LINE/L2	464	-	130	57085734	5740
chr11	57079994	57279994	harbor1	chr11	57089237	57090408	LINE/L2	884	-	586	57089823	9829
chr11	57079994	57279994	harbor1	chr11	57090447	57090570	LINE/L2	884	-	62	57090509	10515
chr11	57079994	57279994	harbor1	chr11	57105664	57105782	LINE/L2	1020	-	59	57105723	25729
chr11	57079994	57279994	harbor1	chr11	57106143	57106632	LINE/L2	2106	-	244	57106387	26393
chr11	57079994	57279994	harbor1	chr11	57106929	57107216	LINE/L2	2106	-	144	57107073	27079
chr11	57079994	57279994	harbor1	chr11	57140990	57141794	LINE/L2	1063	-	402	57141392	61398
chr11	57079994	57279994	harbor1	chr11	57142315	57142873	LINE/L2	387	-	279	57142594	62600
chr11	57079994	57279994	harbor1	chr11	57172228	57172373	LINE/L2	500	-	72	57172300	92306
chr11	72763215	72963215	harbor1	chr11	72766255	72766563	LINE/L2	403	-	154	72766409	3194
chr11	72763215	72963215	harbor1	chr11	72811267	72811301	LINE/L2	657	-	17	72811284	48069
chr11	72763215	72963215	harbor1	chr11	72839150	72840003	LINE/L2	871	-	426	72839576	76361
chr11	72763215	72963215	harbor1	chr11	72847383	72847526	LINE/L2	448	-	72	72847455	84240
chr11	72763215	72963215	harbor1	chr11	72849226	72849604	LINE/L2	720	-	189	72849415	86200
chr11	72763215	72963215	harbor1	chr11	72810419	72810969	LINE/L2	657	-	275	72810694	47479
chr11	68873156	69073156	harbor1	chr11	68905546	68905960	LINE/L2	426	-	207	68905753	32597
chr11	68873156	69073156	harbor1	chr11	68958524	68958693	LINE/L2	696	-	84	68958608	85452
chr11	68873156	69073156	harbor1	chr11	68959016	68959103	LINE/L2	696	-	44	68959060	85904
chr11	68873156	69073156	harbor1	chr11	68959401	68959565	LINE/L2	696	-	82	68959483	86327
chr11	106662535	106862535	harbor1	chr11	106728993	106729141	LINE/L2	478	-	74	106729067	66532
chr11	126366724	126566724	harbor1	chr11	126373985	126374087	LINE/L2	396	-	51	126374036	7312
chr11	126366724	126566724	harbor1	chr11	126395203	126395305	LINE/L2	409	-	51	126395254	28530
chr11	126366724	126566724	harbor1	chr11	126401006	126401294	LINE/L2	750	-	144	126401150	34426
chr11	126366724	126566724	harbor1	chr11	126401586	126402136	LINE/L2	750	-	275	126401861	35137
chr11	126366724	126566724	harbor1	chr11	126404357	126404588	LINE/L2	477	-	116	126404473	37749
chr11	126366724	126566724	harbor1	chr11	126427258	126427974	LINE/L2	530	-	358	126427616	60892
chr11	48211786	48411786	harbor1	chr11	48308268	48308397	LINE/L2	514	-	64	48308332	96546
chr11	18246976	18446976	harbor1	chr11	18261400	18261817	LINE/L2	1103	-	208	18261608	14632
chr11	18246976	18446976	harbor1	chr11	18282577	18282968	LINE/L2	625	-	196	18282773	35797
chr11	18246976	18446976	harbor1	chr11	18303909	18304108	LINE/L2	510	-	100	18304009	57033
chr11	18246976	18446976	harbor1	chr11	18318829	18318937	LINE/L2	459	-	54	18318883	71907
chr11	18246976	18446976	harbor1	chr11	18321821	18321936	LINE/L2	458	-	58	18321879	74903
chr11	40033670	40233670	harbor1	chr11	40037744	40038506	LINE/L2	1438	-	381	40038125	4455
chr11	40033670	40233670	harbor1	chr11	40051441	40051718	LINE/L2	584	-	138	40051579	17909
chr11	40033670	40233670	harbor1	chr11	40118364	40118746	LINE/L2	483	-	191	40118555	84885
chr11	128488820	128688820	harbor1	chr11	128575475	128575586	LINE/L2	417	-	56	128575531	86711
chr11	109271394	109471394	harbor1	chr11	109309716	109309918	LINE/L2	379	-	101	109309817	38423
chr11	34135549	34335549	harbor1	chr11	34137276	34138403	LINE/L2	1265	-	564	34137840	2291
chr11	34135549	34335549	harbor1	chr11	34202009	34202558	LINE/L2	1147	-	274	34202283	66734
chr11	34135549	34335549	harbor1	chr11	34202863	34202981	LINE/L2	528	-	59	34202922	67373
chr11	34135549	34335549	harbor1	chr11	34216005	34216291	LINE/L2	535	-	143	34216148	80599
chr11	125561816	125761816	harbor1	chr11	125587556	125587693	LINE/L2	440	-	68	125587624	25808
chr11	125561816	125761816	harbor1	chr11	125637626	125637940	LINE/L2	483	-	157	125637783	75967
chr11	125561816	125761816	harbor1	chr11	125638041	125638441	LINE/L2	457	-	200	125638241	76425
chr11	125561816	125761816	harbor1	chr11	125642530	125642994	LINE/L2	479	-	232	125642762	80946
chr11	114646701	114846701	harbor1	chr11	114683787	114684145	LINE/L2	587	-	179	114683966	37265
chr11	114646701	114846701	harbor1	chr11	114684450	114684567	LINE/L2	587	-	58	114684508	37807
chr11	114646701	114846701	harbor1	chr11	114700327	114700563	LINE/L2	459	-	118	114700445	53744
chr11	74398236	74598236	harbor1	chr11	74408950	74409193	LINE/L2	477	-	122	74409072	10836
chr11	74398236	74598236	harbor1	chr11	74442725	74442960	LINE/L2	444	-	118	74442843	44607
chr11	74398236	74598236	harbor1	chr11	74460575	74460976	LINE/L2	467	-	200	74460775	62539
chr11	74398236	74598236	harbor1	chr11	74476608	74476796	LINE/L2	382	-	94	74476702	78466
chr11	74398236	74598236	harbor1	chr11	74493875	74494088	LINE/L2	545	-	106	74493981	95745
chr11	119617540	119817540	harbor1	chr11	119705251	119705781	LINE/L2	731	-	265	119705516	87976
chr11	119617540	119817540	harbor1	chr11	119710359	119710776	LINE/L2	581	-	208	119710567	93027
chr11	90314172	90514172	harbor1	chr11	90317226	90317889	LINE/L2	717	-	332	90317558	3386
chr11	90314172	90514172	harbor1	chr11	90343150	90343364	LINE/L2	391	-	107	90343257	29085
chr11	88698243	88898243	harbor1	chr11	88787364	88787944	LINE/L2	707	-	290	88787654	89411
chr11	114266400	114466400	harbor1	chr11	114281288	114281599	LINE/L2	404	-	156	114281444	15044
chr11	114266400	114466400	harbor1	chr11	114353433	114353548	LINE/L2	423	-	58	114353491	87091
chr11	18988272	19188272	harbor1	chr11	19026912	19027399	LINE/L2	907	-	244	19027156	38884
chr11	18988272	19188272	harbor1	chr11	19075959	19076324	LINE/L2	692	-	182	19076141	87869
chr11	18988272	19188272	harbor1	chr11	19076386	19076655	LINE/L2	453	-	134	19076520	88248
chr11	80386549	80586549	harbor1	chr11	80387643	80387812	LINE/L2	374	-	84	80387727	1178
chr11	80386549	80586549	harbor1	chr11	80416367	80416561	LINE/L2	536	-	97	80416464	29915
chr11	80386549	80586549	harbor1	chr11	80439778	80440243	LINE/L2	548	-	232	80440010	53461
chr11	33538382	33738382	harbor1	chr11	33576578	33577656	LINE/L2	725	-	539	33577117	38735
chr11	33538382	33738382	harbor1	chr11	33580660	33581115	LINE/L2	1282	-	228	33580888	42506
chr11	33538382	33738382	harbor1	chr11	33592548	33593148	LINE/L2	2263	-	300	33592848	54466
chr11	33538382	33738382	harbor1	chr11	33593448	33594121	LINE/L2	2263	-	336	33593784	55402
chr11	33538382	33738382	harbor1	chr11	33603162	33603524	LINE/L2	742	-	181	33603343	64961
chr11	33538382	33738382	harbor1	chr11	33603831	33604089	LINE/L2	742	-	129	33603960	65578
chr11	33538382	33738382	harbor1	chr11	33635783	33635880	LINE/L2	689	-	48	33635831	97449
chr11	33538382	33738382	harbor1	chr11	33636856	33637137	LINE/L2	689	-	140	33636996	98614
chr11	63605429	63805429	harbor1	chr11	63606467	63607213	LINE/L2	916	-	373	63606840	1411
chr11	78826365	79026365	harbor1	chr11	78878223	78878549	LINE/L2	405	-	163	78878386	52021
chr11	78826365	79026365	harbor1	chr11	78903665	78903796	LINE/L2	529	-	66	78903731	77366
chr11	78826365	79026365	harbor1	chr11	78907369	78907456	LINE/L2	413	-	44	78907413	81048
chr11	36630898	36830898	harbor1	chr11	36685925	36686567	LINE/L2	882	-	321	36686246	55348
chr11	36630898	36830898	harbor1	chr11	36707784	36708230	LINE/L2	537	-	223	36708007	77109
chr11	124945047	125145047	harbor1	chr11	124975505	124975708	LINE/L2	636	-	102	124975607	30560
chr11	124945047	125145047	harbor1	chr11	125012352	125012729	LINE/L2	435	-	188	125012540	67493
chr11	124945047	125145047	harbor1	chr11	125013365	125013806	LINE/L2	429	-	220	125013585	68538
chr11	124945047	125145047	harbor1	chr11	125017198	125017348	LINE/L2	545	-	75	125017273	72226
chr11	124945047	125145047	harbor1	chr11	125018473	125018512	LINE/L2	545	-	20	125018493	73446
chr11	124945047	125145047	harbor1	chr11	125018745	125019066	LINE/L2	545	-	160	125018905	73858
chr11	124945047	125145047	harbor1	chr11	125020936	125021337	LINE/L2	943	-	200	125021136	76089
chr11	124945047	125145047	harbor1	chr11	125021539	125021721	LINE/L2	943	-	91	125021630	76583
chr11	110643052	110843052	harbor1	chr11	110647202	110647535	LINE/L2	500	-	166	110647368	4316
chr11	110643052	110843052	harbor1	chr11	110709317	110710139	LINE/L2	920	-	411	110709728	66676
chr11	110643052	110843052	harbor1	chr11	110716964	110717462	LINE/L2	477	-	249	110717213	74161
chr11	62873055	63073055	harbor1	chr11	62877409	62877836	LINE/L2	438	-	214	62877623	4568
chr11	62873055	63073055	harbor1	chr11	62887065	62887396	LINE/L2	661	-	166	62887231	14176
chr11	62873055	63073055	harbor1	chr11	62889212	62889536	LINE/L2	625	-	162	62889374	16319
chr11	62873055	63073055	harbor1	chr11	62897267	62897730	LINE/L2	1402	-	232	62897499	24444
chr11	62873055	63073055	harbor1	chr11	62898025	62898058	LINE/L2	1402	-	16	62898041	24986
chr11	110702025	110902025	harbor1	chr11	110709317	110710139	LINE/L2	920	-	411	110709728	7703
chr11	110702025	110902025	harbor1	chr11	110716964	110717462	LINE/L2	477	-	249	110717213	15188
chr11	110702025	110902025	harbor1	chr11	110778484	110778911	LINE/L2	781	-	214	110778698	76673
chr11	110702025	110902025	harbor1	chr11	110800759	110801047	LINE/L2	526	-	144	110800903	98878
chr11	101980041	102180041	harbor1	chr11	102007382	102007811	LINE/L2	463	-	214	102007596	27555
chr11	101980041	102180041	harbor1	chr11	102009970	102010296	LINE/L2	529	-	163	102010133	30092
chr11	101980041	102180041	harbor1	chr11	102022325	102022510	LINE/L2	414	-	92	102022417	42376
chr11	101980041	102180041	harbor1	chr11	102022818	102022859	LINE/L2	414	-	20	102022838	42797
chr11	101980041	102180041	harbor1	chr11	102027802	102028326	LINE/L2	991	-	262	102028064	48023
chr11	101980041	102180041	harbor1	chr11	102029239	102029573	LINE/L2	991	-	167	102029406	49365
chr11	101980041	102180041	harbor1	chr11	102050766	102051306	LINE/L2	488	-	270	102051036	70995
chr11	101980041	102180041	harbor1	chr11	102056032	102056143	LINE/L2	449	-	56	102056088	76047
chr11	49909564	50109564	harbor1	chr11	49921412	49921752	LINE/L2	428	-	170	49921582	12018
chr11	49909564	50109564	harbor1	chr11	49939231	49939656	LINE/L2	657	-	212	49939443	29879
chr11	49909564	50109564	harbor1	chr11	49977010	49977292	LINE/L2	377	-	141	49977151	67587
chr11	41881756	42081756	harbor1	chr11	41926772	41927454	LINE/L2	568	-	341	41927113	45357
chr11	94540157	94740157	harbor1	chr11	94558169	94558333	LINE/L2	431	-	82	94558251	18094
chr11	110177659	110377659	harbor1	chr11	110218880	110219989	LINE/L2	1870	-	554	110219434	41775
chr11	125327504	125527504	harbor1	chr11	125361135	125361364	LINE/L2	391	-	114	125361249	33745
chr11	125327504	125527504	harbor1	chr11	125366420	125366684	LINE/L2	634	-	132	125366552	39048
chr11	125327504	125527504	harbor1	chr11	125423542	125423692	LINE/L2	384	-	75	125423617	96113
chr11	6090059	6290059	harbor1	chr11	6149955	6150103	LINE/L2	549	-	74	6150029	59970
chr11	95754271	95954271	harbor1	chr11	95764610	95764679	LINE/L2	975	-	34	95764644	10373
chr11	95754271	95954271	harbor1	chr11	95765265	95765853	LINE/L2	975	-	294	95765559	11288
chr11	95754271	95954271	harbor1	chr11	95846266	95846565	LINE/L2	898	-	150	95846416	92145
chr11	95640727	95840727	harbor1	chr11	95653455	95653831	LINE/L2	594	-	188	95653643	12916
chr11	95640727	95840727	harbor1	chr11	95689290	95690196	LINE/L2	968	-	453	95689743	49016
chr11	95640727	95840727	harbor1	chr11	95697448	95697742	LINE/L2	398	-	147	95697595	56868
chr11	95640727	95840727	harbor1	chr11	95698002	95698465	LINE/L2	677	-	232	95698234	57507
chr11	95640727	95840727	harbor1	chr11	95736377	95736612	LINE/L2	706	-	118	95736495	95768
chr11	68560914	68760914	harbor1	chr11	68579524	68579674	LINE/L2	658	-	75	68579599	18685
chr11	68560914	68760914	harbor1	chr11	68579984	68580686	LINE/L2	938	-	351	68580335	19421
chr11	61272269	61472269	harbor1	chr11	61338625	61338944	LINE/L2	897	-	160	61338785	66516
chr11	61272269	61472269	harbor1	chr11	61344824	61345052	LINE/L2	715	-	114	61344938	72669
chr11	8939133	9139133	harbor1	chr11	8962997	8963153	LINE/L2	398	-	78	8963075	23942
chr11	8939133	9139133	harbor1	chr11	8971227	8971346	LINE/L2	412	-	60	8971287	32154
chr11	8939133	9139133	harbor1	chr11	8971381	8971535	LINE/L2	394	-	77	8971458	32325
chr11	8939133	9139133	harbor1	chr11	8971816	8972658	LINE/L2	2203	-	421	8972237	33104
chr11	8939133	9139133	harbor1	chr11	9038044	9038357	LINE/L2	693	-	156	9038200	99067
chr11	8939133	9139133	harbor1	chr11	9038643	9038870	LINE/L2	439	-	114	9038757	99624
chr11	79845632	80045632	harbor1	chr11	79845828	79846243	LINE/L2	1183	-	208	79846036	404
chr11	79845632	80045632	harbor1	chr11	79858735	79859187	LINE/L2	781	-	226	79858961	13329
chr11	79845632	80045632	harbor1	chr11	79879110	79879358	LINE/L2	429	-	124	79879234	33602
chr11	79845632	80045632	harbor1	chr11	79926915	79927205	LINE/L2	392	-	145	79927060	81428
chr11	17129953	17329953	harbor1	chr11	17140841	17141200	LINE/L2	464	-	180	17141021	11068
chr11	17129953	17329953	harbor1	chr11	17141735	17141984	LINE/L2	1767	-	124	17141859	11906
chr11	17129953	17329953	harbor1	chr11	17142099	17142501	LINE/L2	1767	-	201	17142300	12347
chr11	17129953	17329953	harbor1	chr11	17142749	17142982	LINE/L2	795	-	116	17142865	12912
chr11	17129953	17329953	harbor1	chr11	17196260	17196474	LINE/L2	446	-	107	17196367	66414
chr11	17129953	17329953	harbor1	chr11	17211318	17211527	LINE/L2	525	-	104	17211422	81469
chr11	194336	394336	harbor1	chr11	267122	267228	LINE/L2	402	-	53	267175	72839
chr11	194336	394336	harbor1	chr11	287049	287379	LINE/L2	586	-	165	287214	92878
chr11	63679721	63879721	harbor1	chr11	63745377	63745544	LINE/L2	512	-	84	63745461	65740
chr11	82001205	82201205	harbor1	chr11	82084118	82084517	LINE/L2	442	-	200	82084318	83113
chr11	126443381	126643381	harbor1	chr11	126481020	126481206	LINE/L2	656	-	93	126481113	37732
chr11	126443381	126643381	harbor1	chr11	126514990	126515139	LINE/L2	629	-	74	126515064	71683
chr11	126443381	126643381	harbor1	chr11	126515460	126515639	LINE/L2	629	-	90	126515550	72169
chr11	105964603	106164603	harbor1	chr11	105997560	105998134	LINE/L2	1560	-	287	105997847	33244
chr11	105964603	106164603	harbor1	chr11	105998168	105998295	LINE/L2	515	-	64	105998232	33629
chr11	41351237	41551237	harbor1	chr11	41360390	41360832	LINE/L2	401	-	221	41360611	9374
chr11	41351237	41551237	harbor1	chr11	41369666	41369944	LINE/L2	505	-	139	41369805	18568
chr11	41351237	41551237	harbor1	chr11	41427281	41427669	LINE/L2	469	-	194	41427475	76238
chr11	41351237	41551237	harbor1	chr11	41428124	41428250	LINE/L2	469	-	63	41428187	76950
chr11	31811977	32011977	harbor1	chr11	31832522	31834561	LINE/L2	4282	-	1020	31833542	21565
chr11	67212761	67412761	harbor1	chr11	67246278	67246367	LINE/L2	433	-	44	67246322	33561
chr11	67212761	67412761	harbor1	chr11	67262772	67263512	LINE/L2	796	-	370	67263142	50381
chr11	28504909	28704909	harbor1	chr11	28516543	28516979	LINE/L2	586	-	218	28516761	11852
chr11	28504909	28704909	harbor1	chr11	28555345	28555614	LINE/L2	568	-	134	28555479	50570
chr11	28504909	28704909	harbor1	chr11	28578585	28578884	LINE/L2	418	-	150	28578735	73826
chr11	28504909	28704909	harbor1	chr11	28600143	28600914	LINE/L2	892	-	386	28600529	95620
chr11	14357795	14557795	harbor1	chr11	14384853	14385071	LINE/L2	629	-	109	14384962	27167
chr11	14357795	14557795	harbor1	chr11	14385499	14385609	LINE/L2	629	-	55	14385554	27759
chr11	14357795	14557795	harbor1	chr11	14387911	14387991	LINE/L2	507	-	40	14387951	30156
chr11	14357795	14557795	harbor1	chr11	14388121	14388290	LINE/L2	507	-	84	14388205	30410
chr11	14357795	14557795	harbor1	chr11	14409435	14409582	LINE/L2	434	-	74	14409509	51714
chr11	14357795	14557795	harbor1	chr11	14416993	14417221	LINE/L2	681	-	114	14417107	59312
chr11	14357795	14557795	harbor1	chr11	14423353	14424515	LINE/L2	719	-	581	14423934	66139
chr11	14357795	14557795	harbor1	chr11	14424822	14424900	LINE/L2	719	-	39	14424861	67066
chr11	14357795	14557795	harbor1	chr11	14450415	14450707	LINE/L2	378	-	146	14450561	92766
chr11	41158449	41358449	harbor1	chr11	41160625	41160819	LINE/L2	403	-	97	41160722	2273
chr11	41158449	41358449	harbor1	chr11	41176466	41176716	LINE/L2	1104	-	125	41176591	18142
chr11	41158449	41358449	harbor1	chr11	41177027	41177240	LINE/L2	1104	-	106	41177133	18684
chr11	41158449	41358449	harbor1	chr11	41179805	41180252	LINE/L2	426	-	224	41180029	21580
chr11	41158449	41358449	harbor1	chr11	41204729	41205447	LINE/L2	749	-	359	41205088	46639
chr11	41158449	41358449	harbor1	chr11	41189074	41189693	LINE/L2	526	-	310	41189384	30935
chr11	81399451	81599451	harbor1	chr11	81452656	81453034	LINE/L2	490	-	189	81452845	53394
chr11	81399451	81599451	harbor1	chr11	81453684	81454214	LINE/L2	923	-	265	81453949	54498
chr11	81399451	81599451	harbor1	chr11	81454517	81454811	LINE/L2	923	-	147	81454664	55213
chr11	81399451	81599451	harbor1	chr11	81480903	81481802	LINE/L2	512	-	450	81481353	81902
chr11	92876848	93076848	harbor1	chr11	92934263	92934582	LINE/L2	416	-	160	92934423	57575
chr11	92876848	93076848	harbor1	chr11	92936910	92937307	LINE/L2	386	-	198	92937108	60260
chr11	92876848	93076848	harbor1	chr11	92957637	92957810	LINE/L2	460	-	86	92957723	80875
chr11	92876848	93076848	harbor1	chr11	92958104	92958180	LINE/L2	460	-	38	92958142	81294
chr11	133798185	133998185	harbor1	chr11	133799668	133800426	LINE/L2	995	-	379	133800047	1862
chr11	133798185	133998185	harbor1	chr11	133820210	133820510	LINE/L2	613	-	150	133820360	22175
chr11	109044882	109244882	harbor1	chr11	109065485	109065591	LINE/L2	378	-	53	109065538	20656
chr11	109044882	109244882	harbor1	chr11	109073349	109073625	LINE/L2	824	-	138	109073487	28605
chr11	109044882	109244882	harbor1	chr11	109113487	109113805	LINE/L2	500	-	159	109113646	68764
chr11	124079733	124279733	harbor1	chr11	124103036	124103155	LINE/L2	405	-	60	124103096	23363
chr11	37017026	37217026	harbor1	chr11	37062746	37064359	LINE/L2	1907	-	806	37063552	46526
chr11	37017026	37217026	harbor1	chr11	37064799	37065059	LINE/L2	822	-	130	37064929	47903
chr11	37017026	37217026	harbor1	chr11	37081525	37082352	LINE/L2	1231	-	414	37081939	64913
chr11	88961781	89161781	harbor1	chr11	89003687	89004101	LINE/L2	1045	-	207	89003894	42113
chr11	88961781	89161781	harbor1	chr11	89021828	89022026	LINE/L2	440	-	99	89021927	60146
chr11	88961781	89161781	harbor1	chr11	89051335	89051427	LINE/L2	1330	-	46	89051381	89600
chr11	88961781	89161781	harbor1	chr11	89051717	89052440	LINE/L2	1330	-	362	89052079	90298
chr11	88961781	89161781	harbor1	chr11	89053507	89054680	LINE/L2	1779	-	586	89054093	92312
chr11	31384769	31584769	harbor1	chr11	31395669	31395787	LINE/L2	384	-	59	31395728	10959
chr11	31384769	31584769	harbor1	chr11	31451147	31451858	LINE/L2	2152	-	356	31451503	66734
chr11	31384769	31584769	harbor1	chr11	31468574	31468845	LINE/L2	764	-	136	31468710	83941
chr11	27847842	28047842	harbor1	chr11	27901148	27901411	LINE/L2	463	-	132	27901280	53438
chr11	27847842	28047842	harbor1	chr11	27901512	27901780	LINE/L2	469	-	134	27901646	53804
chr11	27847842	28047842	harbor1	chr11	27914324	27914609	LINE/L2	595	-	142	27914466	66624
chr11	27847842	28047842	harbor1	chr11	27914849	27915033	LINE/L2	595	-	92	27914941	67099
chr11	92699954	92899954	harbor1	chr11	92700221	92700550	LINE/L2	416	-	164	92700385	431
chr11	92699954	92899954	harbor1	chr11	92755933	92756130	LINE/L2	791	-	98	92756031	56077
chr11	92699954	92899954	harbor1	chr11	92756436	92756506	LINE/L2	791	-	35	92756471	56517
chr11	92699954	92899954	harbor1	chr11	92757721	92757845	LINE/L2	438	-	62	92757783	57829
chr11	92699954	92899954	harbor1	chr11	92758166	92759223	LINE/L2	756	-	528	92758694	58740
chr11	92699954	92899954	harbor1	chr11	92759249	92759629	LINE/L2	521	-	190	92759439	59485
chr11	92699954	92899954	harbor1	chr11	92791203	92791311	LINE/L2	440	-	54	92791257	91303
chr11	40704413	40904413	harbor1	chr11	40744076	40744447	LINE/L2	849	-	186	40744262	39849
chr11	40704413	40904413	harbor1	chr11	40778530	40779326	LINE/L2	682	-	398	40778928	74515
chr11	126890418	127090418	harbor1	chr11	126894287	126894427	LINE/L2	401	-	70	126894357	3939
chr11	126890418	127090418	harbor1	chr11	126894753	126894983	LINE/L2	401	-	115	126894868	4450
chr11	82739646	82939646	harbor1	chr11	82781239	82781727	LINE/L2	975	-	244	82781483	41837
chr11	82739646	82939646	harbor1	chr11	82789637	82789753	LINE/L2	388	-	58	82789695	50049
chr11	82739646	82939646	harbor1	chr11	82831338	82831422	LINE/L2	399	-	42	82831380	91734
chr11	82739646	82939646	harbor1	chr11	82833089	82833394	LINE/L2	536	-	152	82833241	93595
chr11	82892704	83092704	harbor1	chr11	82907842	82908402	LINE/L2	1247	-	280	82908122	15418
chr11	82892704	83092704	harbor1	chr11	82902939	82903435	LINE/L2	712	-	248	82903187	10483
chr11	91655753	91855753	harbor1	chr11	91687156	91687338	LINE/L2	399	-	91	91687247	31494
chr11	91655753	91855753	harbor1	chr11	91694852	91695188	LINE/L2	494	-	168	91695020	39267
chr11	91655753	91855753	harbor1	chr11	91695485	91695964	LINE/L2	486	-	240	91695725	39972
chr11	68926071	69126071	harbor1	chr11	68958524	68958693	LINE/L2	696	-	84	68958608	32537
chr11	68926071	69126071	harbor1	chr11	68959016	68959103	LINE/L2	696	-	44	68959060	32989
chr11	68926071	69126071	harbor1	chr11	68959401	68959565	LINE/L2	696	-	82	68959483	33412
chr11	68926071	69126071	harbor1	chr11	68984240	68984465	LINE/L2	521	-	112	68984352	58281
chr11	68926071	69126071	harbor1	chr11	69015716	69015854	LINE/L2	396	-	69	69015785	89714
chr11	74655904	74855904	harbor1	chr11	74672013	74672118	LINE/L2	424	-	52	74672065	16161
chr11	74655904	74855904	harbor1	chr11	74690466	74690774	LINE/L2	405	-	154	74690620	34716
chr11	74655904	74855904	harbor1	chr11	74711320	74711430	LINE/L2	580	-	55	74711375	55471
chr11	74655904	74855904	harbor1	chr11	74715175	74715327	LINE/L2	654	-	76	74715251	59347
chr11	74655904	74855904	harbor1	chr11	74715633	74715696	LINE/L2	654	-	32	74715665	59761
chr11	74655904	74855904	harbor1	chr11	74716011	74716254	LINE/L2	654	-	122	74716133	60229
chr11	74655904	74855904	harbor1	chr11	74716748	74716814	LINE/L2	718	-	33	74716781	60877
chr11	74655904	74855904	harbor1	chr11	74717122	74717391	LINE/L2	718	-	134	74717256	61352
chr11	74655904	74855904	harbor1	chr11	74722944	74723265	LINE/L2	628	-	160	74723104	67200
chr11	74655904	74855904	harbor1	chr11	74735100	74735216	LINE/L2	393	-	58	74735158	79254
chr11	74655904	74855904	harbor1	chr11	74747761	74748356	LINE/L2	619	-	298	74748059	92155
chr11	74655904	74855904	harbor1	chr11	74755455	74756105	LINE/L2	618	-	325	74755780	99876
chr11	56543486	56743486	harbor1	chr11	56627502	56628201	LINE/L2	846	-	350	56627852	84366
chr11	56543486	56743486	harbor1	chr11	56638252	56638831	LINE/L2	879	-	290	56638542	95056
chr11	56543486	56743486	harbor1	chr11	56638918	56639201	LINE/L2	879	-	142	56639060	95574
chr11	56543486	56743486	harbor1	chr11	56639212	56639429	LINE/L2	436	-	108	56639320	95834
chr11	12455680	12655680	harbor1	chr11	12470688	12471316	LINE/L2	904	-	314	12471002	15322
chr11	12455680	12655680	harbor1	chr11	12524792	12525225	LINE/L2	487	-	216	12525008	69328
chr11	12455680	12655680	harbor1	chr11	12537759	12537878	LINE/L2	429	-	60	12537819	82139
chr11	12455680	12655680	harbor1	chr11	12549832	12549943	LINE/L2	422	-	56	12549888	94208
chr11	91650522	91850522	harbor1	chr11	91687156	91687338	LINE/L2	399	-	91	91687247	36725
chr11	91650522	91850522	harbor1	chr11	91694852	91695188	LINE/L2	494	-	168	91695020	44498
chr11	91650522	91850522	harbor1	chr11	91695485	91695964	LINE/L2	486	-	240	91695725	45203
chr11	29016135	29216135	harbor1	chr11	29020765	29020994	LINE/L2	460	-	114	29020879	4744
chr11	29016135	29216135	harbor1	chr11	29059343	29059516	LINE/L2	638	-	86	29059429	43294
chr11	29016135	29216135	harbor1	chr11	29059809	29060899	LINE/L2	747	-	545	29060354	44219
chr11	29016135	29216135	harbor1	chr11	29062655	29062915	LINE/L2	421	-	130	29062785	46650
chr11	29016135	29216135	harbor1	chr11	29086077	29086577	LINE/L2	533	-	250	29086327	70192
chr11	29016135	29216135	harbor1	chr11	29112667	29113183	LINE/L2	1050	-	258	29112925	96790
chr11	101124449	101324449	harbor1	chr11	101177629	101177901	LINE/L2	634	-	136	101177765	53316
chr11	101124449	101324449	harbor1	chr11	101184855	101185511	LINE/L2	556	-	328	101185183	60734
chr11	101124449	101324449	harbor1	chr11	101191358	101191471	LINE/L2	406	-	56	101191414	66965
chr11	42031622	42231622	harbor1	chr11	42032759	42033233	LINE/L2	1207	-	237	42032996	1374
chr11	42031622	42231622	harbor1	chr11	42035069	42035690	LINE/L2	790	-	310	42035379	3757
chr11	42031622	42231622	harbor1	chr11	42099968	42100773	LINE/L2	1479	-	402	42100370	68748
chr11	42031622	42231622	harbor1	chr11	42101589	42103420	LINE/L2	3595	-	916	42102505	70883
chr11	42031622	42231622	harbor1	chr11	42108543	42108974	LINE/L2	929	-	216	42108759	77137
chr11	42031622	42231622	harbor1	chr11	42108992	42109227	LINE/L2	506	-	118	42109110	77488
chr11	42031622	42231622	harbor1	chr11	42110028	42110995	LINE/L2	960	-	484	42110512	78890
chr11	113974068	114174068	harbor1	chr11	113980275	113980816	LINE/L2	501	-	270	113980545	6477
chr11	113974068	114174068	harbor1	chr11	114012205	114012394	LINE/L2	427	-	94	114012299	38231
chr11	113974068	114174068	harbor1	chr11	114027183	114027284	LINE/L2	399	-	50	114027233	53165
chr11	113974068	114174068	harbor1	chr11	114044067	114044486	LINE/L2	562	-	210	114044277	70209
chr11	7361377	7561377	harbor1	chr11	7363330	7364366	LINE/L2	921	-	518	7363848	2471
chr11	7361377	7561377	harbor1	chr11	7382232	7382656	LINE/L2	687	-	212	7382444	21067
chr11	7361377	7561377	harbor1	chr11	7405926	7406032	LINE/L2	443	-	53	7405979	44602
chr11	7361377	7561377	harbor1	chr11	7453409	7453866	LINE/L2	536	-	228	7453637	92260
chr11	7361377	7561377	harbor1	chr11	7458035	7458198	LINE/L2	639	-	82	7458117	96740
chr11	7361377	7561377	harbor1	chr11	7458489	7459587	LINE/L2	2123	-	549	7459038	97661
chr11	54662421	54862421	harbor1	chr11	54665498	54665745	LINE/L2	466	-	124	54665622	3201
chr11	81910066	82110066	harbor1	chr11	81933349	81933852	LINE/L2	429	-	252	81933601	23535
chr11	87721797	87921797	harbor1	chr11	87788128	87788831	LINE/L2	482	-	352	87788480	66683
chr11	37292385	37492385	harbor1	chr11	37320031	37320427	LINE/L2	679	-	198	37320229	27844
chr11	37292385	37492385	harbor1	chr11	37391289	37391972	LINE/L2	907	-	342	37391631	99246
chr11	37189641	37389641	harbor1	chr11	37263906	37264066	LINE/L2	382	-	80	37263986	74345
chr11	37189641	37389641	harbor1	chr11	37264072	37264299	LINE/L2	701	-	114	37264186	74545
chr11	37189641	37389641	harbor1	chr11	37282794	37283373	LINE/L2	591	-	290	37283084	93443
chr11	37189641	37389641	harbor1	chr11	37283380	37283702	LINE/L2	444	-	161	37283541	93900
chr11	28106160	28306160	harbor1	chr11	28126660	28127114	LINE/L2	599	-	227	28126887	20727
chr11	28106160	28306160	harbor1	chr11	28142093	28142106	LINE/L2	589	-	6	28142099	35939
chr11	28106160	28306160	harbor1	chr11	28142615	28143059	LINE/L2	589	-	222	28142837	36677
chr11	28106160	28306160	harbor1	chr11	28185745	28185914	LINE/L2	412	-	84	28185829	79669
chr11	28106160	28306160	harbor1	chr11	28186120	28186330	LINE/L2	402	-	105	28186225	80065
chr11	88572653	88772653	harbor1	chr11	88579262	88580406	LINE/L2	2263	-	572	88579834	7181
chr11	88572653	88772653	harbor1	chr11	88587044	88587464	LINE/L2	780	-	210	88587254	14601
chr11	88572653	88772653	harbor1	chr11	88616238	88616389	LINE/L2	514	-	76	88616314	43661
chr11	88572653	88772653	harbor1	chr11	88616415	88616707	LINE/L2	514	-	146	88616561	43908
chr11	88572653	88772653	harbor1	chr11	88618508	88618606	LINE/L2	396	-	49	88618557	45904
chr11	122314695	122514695	harbor1	chr11	122317735	122317813	LINE/L2	417	-	39	122317774	3079
chr11	122314695	122514695	harbor1	chr11	122318126	122318315	LINE/L2	417	-	94	122318220	3525
chr11	122314695	122514695	harbor1	chr11	122387237	122388528	LINE/L2	897	-	646	122387883	73188
chr11	109497366	109697366	harbor1	chr11	109503183	109503376	LINE/L2	399	-	96	109503279	5913
chr11	109497366	109697366	harbor1	chr11	109510245	109510443	LINE/L2	474	-	99	109510344	12978
chr11	109497366	109697366	harbor1	chr11	109510716	109510988	LINE/L2	535	-	136	109510852	13486
chr11	109497366	109697366	harbor1	chr11	109513011	109513338	LINE/L2	1121	-	164	109513175	15809
chr11	109497366	109697366	harbor1	chr11	109513609	109513884	LINE/L2	1121	-	138	109513747	16381
chr11	109497366	109697366	harbor1	chr11	109552033	109553055	LINE/L2	2334	-	511	109552544	55178
chr11	109497366	109697366	harbor1	chr11	109553270	109553597	LINE/L2	2334	-	164	109553434	56068
chr11	109497366	109697366	harbor1	chr11	109553951	109554088	LINE/L2	2334	-	68	109554019	56653
chr11	122922968	123122968	harbor1	chr11	122948621	122948803	LINE/L2	417	-	91	122948712	25744
chr11	122922968	123122968	harbor1	chr11	122949098	122949392	LINE/L2	417	-	147	122949245	26277
chr11	122922968	123122968	harbor1	chr11	123014793	123014924	LINE/L2	441	-	66	123014859	91891
chr11	72629478	72829478	harbor1	chr11	72658716	72658843	LINE/L2	381	-	64	72658780	29302
chr11	72629478	72829478	harbor1	chr11	72700539	72700722	LINE/L2	1165	-	92	72700631	71153
chr11	72629478	72829478	harbor1	chr11	72701003	72701317	LINE/L2	1165	-	157	72701160	71682
chr11	72629478	72829478	harbor1	chr11	72707499	72707801	LINE/L2	473	-	151	72707650	78172
chr11	72629478	72829478	harbor1	chr11	72723739	72723868	LINE/L2	480	-	64	72723803	94325
chr11	13101526	13301526	harbor1	chr11	13106035	13106251	LINE/L2	411	-	108	13106143	4617
chr11	69904622	70104622	harbor1	chr11	69906781	69906934	LINE/L2	684	-	76	69906857	2235
chr11	69904622	70104622	harbor1	chr11	69906984	69907405	LINE/L2	684	-	210	69907194	2572
chr11	69904622	70104622	harbor1	chr11	69989377	69989904	LINE/L2	800	-	264	69989641	85019
chr11	26902327	27102327	harbor1	chr11	26908377	26908636	LINE/L2	608	-	130	26908507	6180
chr11	26902327	27102327	harbor1	chr11	26935734	26936007	LINE/L2	517	-	136	26935870	33543
chr11	26902327	27102327	harbor1	chr11	26987661	26987853	LINE/L2	480	-	96	26987757	85430
chr11	26902327	27102327	harbor1	chr11	26987987	26988284	LINE/L2	374	-	148	26988135	85808
chr11	26902327	27102327	harbor1	chr11	27001688	27002213	LINE/L2	727	-	262	27001950	99623
chr11	131572888	131772888	harbor1	chr11	131599571	131599834	LINE/L2	393	-	132	131599703	26815
chr11	66456185	66656185	harbor1	chr11	66476700	66477130	LINE/L2	547	-	215	66476915	20730
chr11	66456185	66656185	harbor1	chr11	66522656	66522950	LINE/L2	383	-	147	66522803	66618
chr11	66456185	66656185	harbor1	chr11	66523970	66523997	LINE/L2	473	-	14	66523984	67799
chr11	66456185	66656185	harbor1	chr11	66524294	66524675	LINE/L2	473	-	190	66524484	68299
chr11	133574343	133774343	harbor1	chr11	133582521	133582672	LINE/L2	390	-	76	133582597	8254
chr11	133574343	133774343	harbor1	chr11	133620311	133620628	LINE/L2	489	-	158	133620469	46126
chr11	44804875	45004875	harbor1	chr11	44831634	44832048	LINE/L2	785	-	207	44831841	26966
chr11	44804875	45004875	harbor1	chr11	44841089	44841234	LINE/L2	525	-	72	44841161	36286
chr11	44804875	45004875	harbor1	chr11	44841530	44841938	LINE/L2	525	-	204	44841734	36859
chr11	44804875	45004875	harbor1	chr11	44845426	44845690	LINE/L2	493	-	132	44845558	40683
chr11	44804875	45004875	harbor1	chr11	44862530	44862635	LINE/L2	462	-	52	44862582	57707
chr11	44804875	45004875	harbor1	chr11	44876458	44876627	LINE/L2	451	-	84	44876542	71667
chr11	44804875	45004875	harbor1	chr11	44879279	44879723	LINE/L2	808	-	222	44879501	74626
chr11	44804875	45004875	harbor1	chr11	44898036	44898205	LINE/L2	616	-	84	44898120	93245
chr11	44804875	45004875	harbor1	chr11	44903203	44903337	LINE/L2	472	-	67	44903270	98395
chr11	3465407	3665407	harbor1	chr11	3499460	3499676	LINE/L2	378	-	108	3499568	34161
chr11	132180226	132380226	harbor1	chr11	132190073	132190455	LINE/L2	460	-	191	132190264	10038
chr11	132180226	132380226	harbor1	chr11	132190755	132191034	LINE/L2	460	-	140	132190895	10669
chr11	132180226	132380226	harbor1	chr11	132212829	132213091	LINE/L2	467	-	131	132212960	32734
chr11	132180226	132380226	harbor1	chr11	132223132	132223532	LINE/L2	679	-	200	132223332	43106
chr11	132180226	132380226	harbor1	chr11	132225130	132225690	LINE/L2	409	-	280	132225410	45184
chr11	132180226	132380226	harbor1	chr11	132226612	132227506	LINE/L2	695	-	447	132227059	46833
chr11	104034148	104234148	harbor1	chr11	104049117	104049536	LINE/L2	476	-	210	104049327	15179
chr11	104034148	104234148	harbor1	chr11	104049920	104050449	LINE/L2	604	-	264	104050184	16036
chr11	104034148	104234148	harbor1	chr11	104084081	104084504	LINE/L2	584	-	212	104084293	50145
chr11	104034148	104234148	harbor1	chr11	104085967	104086291	LINE/L2	505	-	162	104086129	51981
chr11	74666789	74866789	harbor1	chr11	74672013	74672118	LINE/L2	424	-	52	74672065	5276
chr11	74666789	74866789	harbor1	chr11	74690466	74690774	LINE/L2	405	-	154	74690620	23831
chr11	74666789	74866789	harbor1	chr11	74711320	74711430	LINE/L2	580	-	55	74711375	44586
chr11	74666789	74866789	harbor1	chr11	74715175	74715327	LINE/L2	654	-	76	74715251	48462
chr11	74666789	74866789	harbor1	chr11	74715633	74715696	LINE/L2	654	-	32	74715665	48876
chr11	74666789	74866789	harbor1	chr11	74716011	74716254	LINE/L2	654	-	122	74716133	49344
chr11	74666789	74866789	harbor1	chr11	74716748	74716814	LINE/L2	718	-	33	74716781	49992
chr11	74666789	74866789	harbor1	chr11	74717122	74717391	LINE/L2	718	-	134	74717256	50467
chr11	74666789	74866789	harbor1	chr11	74722944	74723265	LINE/L2	628	-	160	74723104	56315
chr11	74666789	74866789	harbor1	chr11	74735100	74735216	LINE/L2	393	-	58	74735158	68369
chr11	74666789	74866789	harbor1	chr11	74747761	74748356	LINE/L2	619	-	298	74748059	81270
chr11	74666789	74866789	harbor1	chr11	74755455	74756105	LINE/L2	618	-	325	74755780	88991
chr11	80660109	80860109	harbor1	chr11	80738567	80738644	LINE/L2	400	-	38	80738605	78496
chr11	80660109	80860109	harbor1	chr11	80745422	80745827	LINE/L2	508	-	202	80745624	85515
chr11	93561657	93761657	harbor1	chr11	93564733	93565178	LINE/L2	573	-	222	93564955	3298
chr11	93561657	93761657	harbor1	chr11	93565349	93565568	LINE/L2	564	-	110	93565459	3802
chr11	93561657	93761657	harbor1	chr11	93571856	93572132	LINE/L2	451	-	138	93571994	10337
chr11	93561657	93761657	harbor1	chr11	93573120	93573557	LINE/L2	590	-	218	93573338	11681
chr11	93561657	93761657	harbor1	chr11	93580734	93580854	LINE/L2	414	-	60	93580794	19137
chr11	93561657	93761657	harbor1	chr11	93584005	93584242	LINE/L2	566	-	118	93584123	22466
chr11	93561657	93761657	harbor1	chr11	93649396	93650422	LINE/L2	1746	-	513	93649909	88252
chr11	49013705	49213705	harbor1	chr11	49033120	49033395	LINE/L2	447	-	138	49033258	19553
chr11	61819749	62019749	harbor1	chr11	61833896	61834160	LINE/L2	482	-	132	61834028	14279
chr11	78879808	79079808	harbor1	chr11	78903665	78903796	LINE/L2	529	-	66	78903731	23923
chr11	78879808	79079808	harbor1	chr11	78907369	78907456	LINE/L2	413	-	44	78907413	27605
chr11	78879808	79079808	harbor1	chr11	78973565	78973724	LINE/L2	1216	-	80	78973645	93837
chr11	78879808	79079808	harbor1	chr11	78973805	78974085	LINE/L2	1216	-	140	78973945	94137
chr11	118761380	118961380	harbor1	chr11	118805289	118805751	LINE/L2	418	-	231	118805520	44140
chr11	118761380	118961380	harbor1	chr11	118838982	118839245	LINE/L2	520	-	132	118839114	77734
chr11	118761380	118961380	harbor1	chr11	118856264	118856522	LINE/L2	461	-	129	118856393	95013
chr11	31782150	31982150	harbor1	chr11	31832522	31834561	LINE/L2	4282	-	1020	31833542	51392
chr12	21974672	22174672	harbor1	chr12	22016274	22016469	LINE/L2	861	-	98	22016372	41700
chr12	21974672	22174672	harbor1	chr12	22016771	22017895	LINE/L2	3063	-	562	22017333	42661
chr12	21974672	22174672	harbor1	chr12	22018198	22018297	LINE/L2	3063	-	50	22018248	43576
chr12	21974672	22174672	harbor1	chr12	22041322	22041549	LINE/L2	441	-	114	22041436	66764
chr12	21974672	22174672	harbor1	chr12	22048088	22048297	LINE/L2	609	-	104	22048192	73520
chr12	94480564	94680564	harbor1	chr12	94559047	94559653	LINE/L2	605	-	303	94559350	78786
chr12	96973387	97173387	harbor1	chr12	97028406	97029094	LINE/L2	1032	-	344	97028750	55363
chr12	17899436	18099436	harbor1	chr12	17985327	17985599	LINE/L2	424	-	136	17985463	86027
chr12	124815566	125015566	harbor1	chr12	124822061	124822214	LINE/L2	436	-	76	124822137	6571
chr12	124815566	125015566	harbor1	chr12	124852627	124852759	LINE/L2	491	-	66	124852693	37127
chr12	124815566	125015566	harbor1	chr12	124853012	124853279	LINE/L2	491	-	134	124853146	37580
chr12	124815566	125015566	harbor1	chr12	124853936	124855113	LINE/L2	1520	-	588	124854524	38958
chr12	124815566	125015566	harbor1	chr12	124871316	124871574	LINE/L2	810	-	129	124871445	55879
chr12	124815566	125015566	harbor1	chr12	124872478	124872594	LINE/L2	420	-	58	124872536	56970
chr12	124815566	125015566	harbor1	chr12	124873185	124873453	LINE/L2	420	-	134	124873319	57753
chr12	124815566	125015566	harbor1	chr12	124878646	124878998	LINE/L2	508	-	176	124878822	63256
chr12	124815566	125015566	harbor1	chr12	124895181	124895492	LINE/L2	684	-	156	124895337	79771
chr12	16244172	16444172	harbor1	chr12	16247365	16248484	LINE/L2	1008	-	560	16247925	3753
chr12	16244172	16444172	harbor1	chr12	16259434	16259781	LINE/L2	752	-	174	16259608	15436
chr12	16244172	16444172	harbor1	chr12	16262604	16262644	LINE/L2	477	-	20	16262624	18452
chr12	16244172	16444172	harbor1	chr12	16264952	16265308	LINE/L2	477	-	178	16265130	20958
chr12	16244172	16444172	harbor1	chr12	16288161	16288659	LINE/L2	420	-	249	16288410	44238
chr12	16244172	16444172	harbor1	chr12	16291991	16293204	LINE/L2	693	-	606	16292597	48425
chr12	16244172	16444172	harbor1	chr12	16304839	16304950	LINE/L2	456	-	56	16304895	60723
chr12	32739466	32939466	harbor1	chr12	32776574	32776976	LINE/L2	497	-	201	32776775	37309
chr12	3323047	3523047	harbor1	chr12	3343744	3344153	LINE/L2	515	-	204	3343948	20901
chr12	3323047	3523047	harbor1	chr12	3363600	3363867	LINE/L2	477	-	134	3363734	40687
chr12	3323047	3523047	harbor1	chr12	3391126	3391663	LINE/L2	789	-	268	3391394	68347
chr12	74971811	75171811	harbor1	chr12	74991951	74992575	LINE/L2	593	-	312	74992263	20452
chr12	95402324	95602324	harbor1	chr12	95431313	95431693	LINE/L2	474	-	190	95431503	29179
chr12	95402324	95602324	harbor1	chr12	95435644	95435894	LINE/L2	778	-	125	95435769	33445
chr12	95402324	95602324	harbor1	chr12	95436190	95436349	LINE/L2	778	-	80	95436270	33946
chr12	96932037	97132037	harbor1	chr12	97028406	97029094	LINE/L2	1032	-	344	97028750	96713
chr12	60476615	60676615	harbor1	chr12	60481867	60482328	LINE/L2	501	-	230	60482097	5482
chr12	60476615	60676615	harbor1	chr12	60519010	60519412	LINE/L2	610	-	201	60519211	42596
chr12	5847612	6047612	harbor1	chr12	5879470	5880656	LINE/L2	803	-	593	5880063	32451
chr12	5847612	6047612	harbor1	chr12	5897178	5897484	LINE/L2	579	-	153	5897331	49719
chr12	5847612	6047612	harbor1	chr12	5918960	5919420	LINE/L2	1061	-	230	5919190	71578
chr12	43246758	43446758	harbor1	chr12	43292512	43292871	LINE/L2	462	-	180	43292692	45934
chr12	41060567	41260567	harbor1	chr12	41141156	41142281	LINE/L2	3829	-	562	41141718	81151
chr12	41060567	41260567	harbor1	chr12	41142703	41143476	LINE/L2	3829	-	386	41143089	82522
chr12	41060567	41260567	harbor1	chr12	41143778	41143905	LINE/L2	3829	-	64	41143842	83275
chr12	41060567	41260567	harbor1	chr12	41139993	41140845	LINE/L2	3829	-	426	41140419	79852
chr12	68968222	69168222	harbor1	chr12	68977960	68978110	LINE/L2	457	-	75	68978035	9813
chr12	68968222	69168222	harbor1	chr12	69041839	69041897	LINE/L2	983	-	29	69041868	73646
chr12	68968222	69168222	harbor1	chr12	69042202	69042414	LINE/L2	983	-	106	69042308	74086
chr12	81240188	81440188	harbor1	chr12	81304327	81305049	LINE/L2	770	-	361	81304688	64500
chr12	128985440	129185440	harbor1	chr12	129002807	129002992	LINE/L2	459	-	92	129002899	17459
chr12	128985440	129185440	harbor1	chr12	129003295	129003321	LINE/L2	459	-	13	129003308	17868
chr12	128985440	129185440	harbor1	chr12	129003622	129004020	LINE/L2	459	-	199	129003821	18381
chr12	128985440	129185440	harbor1	chr12	129066079	129066457	LINE/L2	867	-	189	129066268	80828
chr12	128985440	129185440	harbor1	chr12	129066770	129067006	LINE/L2	867	-	118	129066888	81448
chr12	38249101	38449101	harbor1	chr12	38249155	38249354	LINE/L2	499	-	100	38249255	154
chr12	38249101	38449101	harbor1	chr12	38293522	38293613	LINE/L2	452	-	46	38293568	44467
chr12	38249101	38449101	harbor1	chr12	38342815	38342923	LINE/L2	527	-	54	38342869	93768
chr12	38249101	38449101	harbor1	chr12	38343259	38343393	LINE/L2	527	-	67	38343326	94225
chr12	6746426	6946426	harbor1	chr12	6757813	6758064	LINE/L2	469	-	126	6757939	11513
chr12	6746426	6946426	harbor1	chr12	6758516	6758967	LINE/L2	1291	-	226	6758742	12316
chr12	6746426	6946426	harbor1	chr12	6788612	6789024	LINE/L2	716	-	206	6788818	42392
chr12	6746426	6946426	harbor1	chr12	6834479	6834653	LINE/L2	493	-	87	6834566	88140
chr12	6746426	6946426	harbor1	chr12	6834956	6835090	LINE/L2	493	-	67	6835023	88597
chr12	59480829	59680829	harbor1	chr12	59491863	59492012	LINE/L2	542	-	74	59491937	11108
chr12	59480829	59680829	harbor1	chr12	59577821	59578746	LINE/L2	1228	-	462	59578283	97454
chr12	49279687	49479687	harbor1	chr12	49301789	49302188	LINE/L2	855	-	200	49301989	22302
chr12	49279687	49479687	harbor1	chr12	49302792	49303118	LINE/L2	522	-	163	49302955	23268
chr12	49279687	49479687	harbor1	chr12	49303249	49303386	LINE/L2	522	-	68	49303317	23630
chr12	49279687	49479687	harbor1	chr12	49327611	49328214	LINE/L2	1393	-	302	49327913	48226
chr12	49279687	49479687	harbor1	chr12	49328522	49328583	LINE/L2	957	-	30	49328552	48865
chr12	117274781	117474781	harbor1	chr12	117292057	117292414	LINE/L2	560	-	178	117292235	17454
chr12	117274781	117474781	harbor1	chr12	117342243	117343060	LINE/L2	978	-	408	117342651	67870
chr12	117274781	117474781	harbor1	chr12	117373802	117374074	LINE/L2	589	-	136	117373938	99157
chr12	117274781	117474781	harbor1	chr12	117292742	117293083	LINE/L2	616	-	170	117292912	18131
chr12	79388972	79588972	harbor1	chr12	79397528	79397632	LINE/L2	566	-	52	79397580	8608
chr12	79388972	79588972	harbor1	chr12	79427415	79427850	LINE/L2	446	-	218	79427633	38661
chr12	79388972	79588972	harbor1	chr12	79396731	79397229	LINE/L2	698	-	249	79396980	8008
chr12	47719336	47919336	harbor1	chr12	47745915	47746304	LINE/L2	468	-	194	47746109	26773
chr12	47719336	47919336	harbor1	chr12	47767576	47767962	LINE/L2	869	-	193	47767769	48433
chr12	47719336	47919336	harbor1	chr12	47768277	47768548	LINE/L2	869	-	136	47768413	49077
chr12	47719336	47919336	harbor1	chr12	47771295	47771412	LINE/L2	430	-	58	47771353	52017
chr12	4705794	4905794	harbor1	chr12	4785608	4785933	LINE/L2	468	-	162	4785770	79976
chr12	4705794	4905794	harbor1	chr12	4790377	4790528	LINE/L2	529	-	76	4790453	84659
chr12	4705794	4905794	harbor1	chr12	4792110	4792609	LINE/L2	924	-	250	4792360	86566
chr12	4705794	4905794	harbor1	chr12	4792809	4792889	LINE/L2	441	-	40	4792849	87055
chr12	71993183	72193183	harbor1	chr12	72035374	72035993	LINE/L2	648	-	310	72035684	42501
chr12	71993183	72193183	harbor1	chr12	72074729	72075312	LINE/L2	713	-	292	72075021	81838
chr12	71993183	72193183	harbor1	chr12	72080938	72081349	LINE/L2	494	-	206	72081144	87961
chr12	71993183	72193183	harbor1	chr12	72087341	72087990	LINE/L2	584	-	324	72087665	94482
chr12	12316099	12516099	harbor1	chr12	12323611	12323988	LINE/L2	543	-	188	12323799	7700
chr12	12316099	12516099	harbor1	chr12	12373659	12373965	LINE/L2	457	-	153	12373812	57713
chr12	12316099	12516099	harbor1	chr12	12390164	12390275	LINE/L2	463	-	56	12390220	74121
chr12	2044271	2244271	harbor1	chr12	2050902	2051965	LINE/L2	2176	-	532	2051434	7163
chr12	2044271	2244271	harbor1	chr12	2109237	2109789	LINE/L2	670	-	276	2109513	65242
chr12	2044271	2244271	harbor1	chr12	2140707	2141198	LINE/L2	432	-	246	2140953	96682
chr12	94056979	94256979	harbor1	chr12	94070447	94070828	LINE/L2	1056	-	190	94070637	13658
chr12	94056979	94256979	harbor1	chr12	94071133	94071456	LINE/L2	1056	-	162	94071295	14316
chr12	94056979	94256979	harbor1	chr12	94077964	94078341	LINE/L2	497	-	188	94078152	21173
chr12	94056979	94256979	harbor1	chr12	94078425	94079014	LINE/L2	814	-	294	94078719	21740
chr12	94056979	94256979	harbor1	chr12	94124521	94124853	LINE/L2	518	-	166	94124687	67708
chr12	94056979	94256979	harbor1	chr12	94135749	94135904	LINE/L2	435	-	78	94135827	78848
chr12	65208481	65408481	harbor1	chr12	65265057	65265335	LINE/L2	617	-	139	65265196	56715
chr12	65208481	65408481	harbor1	chr12	65291690	65292063	LINE/L2	1001	-	186	65291876	83395
chr12	32406090	32606090	harbor1	chr12	32493638	32494030	LINE/L2	832	-	196	32493834	87744
chr12	95882915	96082915	harbor1	chr12	95899761	95900048	LINE/L2	898	-	144	95899905	16990
chr12	95882915	96082915	harbor1	chr12	95900125	95900235	LINE/L2	898	-	55	95900180	17265
chr12	95882915	96082915	harbor1	chr12	95900917	95901516	LINE/L2	1529	-	300	95901217	18302
chr12	95882915	96082915	harbor1	chr12	95931582	95932339	LINE/L2	1231	-	378	95931960	49045
chr12	95882915	96082915	harbor1	chr12	95937774	95937909	LINE/L2	560	-	68	95937842	54927
chr12	95882915	96082915	harbor1	chr12	95939182	95939725	LINE/L2	1463	-	272	95939454	56539
chr12	95882915	96082915	harbor1	chr12	95946380	95946532	LINE/L2	477	-	76	95946456	63541
chr12	91960114	92160114	harbor1	chr12	91967792	91968223	LINE/L2	644	-	216	91968008	7894
chr12	91960114	92160114	harbor1	chr12	91989829	91990051	LINE/L2	844	-	111	91989940	29826
chr12	91960114	92160114	harbor1	chr12	91990252	91990514	LINE/L2	672	-	131	91990383	30269
chr12	91960114	92160114	harbor1	chr12	92040312	92040580	LINE/L2	535	-	134	92040446	80332
chr12	91960114	92160114	harbor1	chr12	92048473	92048776	LINE/L2	589	-	152	92048625	88511
chr12	109735929	109935929	harbor1	chr12	109740702	109741087	LINE/L2	551	-	192	109740894	4965
chr12	109735929	109935929	harbor1	chr12	109820053	109820272	LINE/L2	634	-	110	109820163	84234
chr12	124871176	125071176	harbor1	chr12	124871316	124871574	LINE/L2	810	-	129	124871445	269
chr12	124871176	125071176	harbor1	chr12	124872478	124872594	LINE/L2	420	-	58	124872536	1360
chr12	124871176	125071176	harbor1	chr12	124873185	124873453	LINE/L2	420	-	134	124873319	2143
chr12	124871176	125071176	harbor1	chr12	124928935	124929559	LINE/L2	801	-	312	124929247	58071
chr12	124871176	125071176	harbor1	chr12	124878646	124878998	LINE/L2	508	-	176	124878822	7646
chr12	124871176	125071176	harbor1	chr12	124895181	124895492	LINE/L2	684	-	156	124895337	24161
chr12	109820035	110020035	harbor1	chr12	109820053	109820272	LINE/L2	634	-	110	109820163	128
chr12	109820035	110020035	harbor1	chr12	109878725	109878876	LINE/L2	497	-	76	109878801	58766
chr12	109820035	110020035	harbor1	chr12	109881919	109882220	LINE/L2	632	-	150	109882069	62034
chr12	109820035	110020035	harbor1	chr12	109892258	109892419	LINE/L2	457	-	80	109892338	72303
chr12	16131282	16331282	harbor1	chr12	16143568	16144068	LINE/L2	780	-	250	16143818	12536
chr12	16131282	16331282	harbor1	chr12	16144359	16144456	LINE/L2	503	-	48	16144407	13125
chr12	16131282	16331282	harbor1	chr12	16147941	16149311	LINE/L2	3878	-	685	16148626	17344
chr12	16131282	16331282	harbor1	chr12	16221163	16221910	LINE/L2	917	-	374	16221537	90255
chr12	116802124	117002124	harbor1	chr12	116810057	116810389	LINE/L2	500	-	166	116810223	8099
chr12	116802124	117002124	harbor1	chr12	116814200	116814605	LINE/L2	1038	-	202	116814402	12278
chr12	116802124	117002124	harbor1	chr12	116826795	116826940	LINE/L2	607	-	72	116826867	24743
chr12	116802124	117002124	harbor1	chr12	116827250	116827458	LINE/L2	607	-	104	116827354	25230
chr12	116802124	117002124	harbor1	chr12	116900777	116901147	LINE/L2	486	-	185	116900962	98838
chr12	110452826	110652826	harbor1	chr12	110471571	110471759	LINE/L2	469	-	94	110471665	18839
chr12	110452826	110652826	harbor1	chr12	110495216	110495404	LINE/L2	529	-	94	110495310	42484
chr12	6654406	6854406	harbor1	chr12	6735259	6735469	LINE/L2	459	-	105	6735364	80958
chr12	109413647	109613647	harbor1	chr12	109421195	109421624	LINE/L2	669	-	214	109421409	7762
chr12	109413647	109613647	harbor1	chr12	109425414	109425664	LINE/L2	572	-	125	109425539	11892
chr12	109413647	109613647	harbor1	chr12	109428897	109428926	LINE/L2	610	-	14	109428911	15264
chr12	109413647	109613647	harbor1	chr12	109429221	109429349	LINE/L2	610	-	64	109429285	15638
chr12	109413647	109613647	harbor1	chr12	109429673	109429801	LINE/L2	610	-	64	109429737	16090
chr12	109413647	109613647	harbor1	chr12	109430140	109430252	LINE/L2	610	-	56	109430196	16549
chr12	109413647	109613647	harbor1	chr12	109503924	109504105	LINE/L2	532	-	90	109504014	90367
chr12	14085140	14285140	harbor1	chr12	14109773	14110055	LINE/L2	445	-	141	14109914	24774
chr12	14085140	14285140	harbor1	chr12	14112628	14112832	LINE/L2	461	-	102	14112730	27590
chr12	1	136307	harbor1	chr12	80583	81041	LINE/L2	1034	-	229	80812	80811
chr12	1	136307	harbor1	chr12	82359	82511	LINE/L2	509	-	76	82435	82434
chr12	1	136307	harbor1	chr12	83236	83642	LINE/L2	776	-	203	83439	83438
chr12	1	136307	harbor1	chr12	87336	87763	LINE/L2	490	-	214	87550	87549
chr12	1	136307	harbor1	chr12	81258	82041	LINE/L2	1772	-	392	81650	81649
chr12	75023940	75223940	harbor1	chr12	75104924	75106045	LINE/L2	1489	-	560	75105484	81544
chr12	75023940	75223940	harbor1	chr12	75106301	75106672	LINE/L2	628	-	186	75106487	82547
chr13	49047700	49247700	harbor1	chr13	49079237	49079619	LINE/L2	559	-	191	49079428	31728
chr13	49047700	49247700	harbor1	chr13	49096708	49097153	LINE/L2	485	-	222	49096930	49230
chr13	49047700	49247700	harbor1	chr13	49103412	49104121	LINE/L2	637	-	354	49103766	56066
chr13	49047700	49247700	harbor1	chr13	49116360	49116513	LINE/L2	979	-	76	49116436	68736
chr13	49047700	49247700	harbor1	chr13	49116801	49117070	LINE/L2	979	-	134	49116935	69235
chr13	49047700	49247700	harbor1	chr13	49140650	49141092	LINE/L2	431	-	221	49140871	93171
chr13	102769710	102969710	harbor1	chr13	102867182	102867594	LINE/L2	639	-	206	102867388	97678
chr13	102769710	102969710	harbor1	chr13	102867633	102867934	LINE/L2	894	-	150	102867783	98073
chr13	80515001	80715001	harbor1	chr13	80587168	80587604	LINE/L2	724	-	218	80587386	72385
chr13	80515001	80715001	harbor1	chr13	80587816	80588040	LINE/L2	496	-	112	80587928	72927
chr13	113208809	113408809	harbor1	chr13	113258557	113258833	LINE/L2	431	-	138	113258695	49886
chr13	69735301	69935301	harbor1	chr13	69743154	69743502	LINE/L2	750	-	174	69743328	8027
chr13	69735301	69935301	harbor1	chr13	69743820	69744305	LINE/L2	750	-	242	69744062	8761
chr13	69735301	69935301	harbor1	chr13	69751451	69751904	LINE/L2	535	-	226	69751677	16376
chr13	35447407	35647407	harbor1	chr13	35465258	35465471	LINE/L2	440	-	106	35465364	17957
chr13	35447407	35647407	harbor1	chr13	35508274	35508872	LINE/L2	523	-	299	35508573	61166
chr13	35447407	35647407	harbor1	chr13	35523380	35523578	LINE/L2	489	-	99	35523479	76072
chr13	35447407	35647407	harbor1	chr13	35537382	35537817	LINE/L2	605	-	218	35537600	90193
chr13	35447407	35647407	harbor1	chr13	35546043	35546191	LINE/L2	451	-	74	35546117	98710
chr13	51279069	51479069	harbor1	chr13	51329063	51329172	LINE/L2	421	-	54	51329117	50048
chr13	108040563	108240563	harbor1	chr13	108053333	108053547	LINE/L2	452	-	107	108053440	12877
chr13	108040563	108240563	harbor1	chr13	108054106	108054745	LINE/L2	1088	-	320	108054426	13863
chr13	108040563	108240563	harbor1	chr13	108052358	108053318	LINE/L2	1972	-	480	108052838	12275
chr13	92008256	92208256	harbor1	chr13	92037834	92038348	LINE/L2	1186	-	257	92038091	29835
chr13	92008256	92208256	harbor1	chr13	92038723	92039359	LINE/L2	1366	-	318	92039041	30785
chr13	92008256	92208256	harbor1	chr13	92043250	92043875	LINE/L2	1247	-	312	92043562	35306
chr13	26637409	26837409	harbor1	chr13	26658891	26660076	LINE/L2	2201	-	592	26659483	22074
chr13	58607680	58807680	harbor1	chr13	58609227	58610607	LINE/L2	2407	-	690	58609917	2237
chr13	58607680	58807680	harbor1	chr13	58611799	58613133	LINE/L2	1717	-	667	58612466	4786
chr13	25574448	25774448	harbor1	chr13	25602556	25602784	LINE/L2	526	-	114	25602670	28222
chr13	25574448	25774448	harbor1	chr13	25603490	25604444	LINE/L2	2177	-	477	25603967	29519
chr13	76633960	76833960	harbor1	chr13	76651266	76651668	LINE/L2	712	-	201	76651467	17507
chr13	76633960	76833960	harbor1	chr13	76655392	76655587	LINE/L2	555	-	98	76655490	21530
chr13	76633960	76833960	harbor1	chr13	76677769	76678147	LINE/L2	577	-	189	76677958	43998
chr13	34855318	35055318	harbor1	chr13	34870608	34871209	LINE/L2	575	-	300	34870908	15590
chr13	34855318	35055318	harbor1	chr13	34871990	34872379	LINE/L2	625	-	194	34872184	16866
chr13	102768648	102968648	harbor1	chr13	102867182	102867594	LINE/L2	639	-	206	102867388	98740
chr13	102768648	102968648	harbor1	chr13	102867633	102867934	LINE/L2	894	-	150	102867783	99135
chr13	25295822	25495822	harbor1	chr13	25351691	25351788	LINE/L2	1038	-	48	25351739	55917
chr13	25295822	25495822	harbor1	chr13	25352097	25352594	LINE/L2	1038	-	248	25352345	56523
chr13	25295822	25495822	harbor1	chr13	25352663	25352730	LINE/L2	1282	-	34	25352697	56875
chr13	25295822	25495822	harbor1	chr13	25353601	25354075	LINE/L2	1282	-	237	25353838	58016
chr13	25295822	25495822	harbor1	chr13	25357544	25357809	LINE/L2	786	-	132	25357676	61854
chr13	25295822	25495822	harbor1	chr13	25358115	25358467	LINE/L2	786	-	176	25358291	62469
chr13	25295822	25495822	harbor1	chr13	25373422	25373864	LINE/L2	892	-	221	25373643	77821
chr13	25295822	25495822	harbor1	chr13	25374060	25374494	LINE/L2	1138	-	217	25374277	78455
chr13	24208292	24408292	harbor1	chr13	24219565	24219784	LINE/L2	420	-	110	24219675	11383
chr13	24208292	24408292	harbor1	chr13	24261438	24261796	LINE/L2	426	-	179	24261617	53325
chr13	24208292	24408292	harbor1	chr13	24279013	24279650	LINE/L2	494	-	318	24279331	71039
chr13	46299481	46499481	harbor1	chr13	46335418	46335543	LINE/L2	1039	-	62	46335480	35999
chr13	46299481	46499481	harbor1	chr13	46335625	46335837	LINE/L2	1039	-	106	46335731	36250
chr13	46299481	46499481	harbor1	chr13	46355699	46356225	LINE/L2	889	-	263	46355962	56481
chr13	77680175	77880175	harbor1	chr13	77723974	77724064	LINE/L2	446	-	45	77724019	43844
chr13	77680175	77880175	harbor1	chr13	77769064	77769670	LINE/L2	1338	-	303	77769367	89192
chr13	77680175	77880175	harbor1	chr13	77773187	77773633	LINE/L2	451	-	223	77773410	93235
chr13	77680175	77880175	harbor1	chr13	77773811	77773921	LINE/L2	451	-	55	77773866	93691
chr13	62205568	62405568	harbor1	chr13	62235824	62236306	LINE/L2	858	-	241	62236065	30497
chr13	62205568	62405568	harbor1	chr13	62236307	62236493	LINE/L2	437	-	93	62236400	30832
chr13	59984783	60184783	harbor1	chr13	59995510	59995604	LINE/L2	440	-	47	59995557	10774
chr13	59984783	60184783	harbor1	chr13	59995606	59996176	LINE/L2	1443	-	285	59995891	11108
chr13	59984783	60184783	harbor1	chr13	60043657	60044048	LINE/L2	859	-	196	60043853	59070
chr13	59984783	60184783	harbor1	chr13	60050671	60051039	LINE/L2	853	-	184	60050855	66072
chr13	59984783	60184783	harbor1	chr13	60051050	60051338	LINE/L2	1839	-	144	60051194	66411
chr13	59984783	60184783	harbor1	chr13	60051640	60052531	LINE/L2	1839	-	446	60052086	67303
chr13	41378341	41578341	harbor1	chr13	41378875	41379060	LINE/L2	485	-	92	41378967	626
chr13	41378341	41578341	harbor1	chr13	41380577	41380733	LINE/L2	480	-	78	41380655	2314
chr13	87894965	88094965	harbor1	chr13	87967050	87967565	LINE/L2	857	-	258	87967308	72343
chr13	87894965	88094965	harbor1	chr13	87967877	87968162	LINE/L2	857	-	142	87968019	73054
chr13	87894965	88094965	harbor1	chr13	87968442	87969369	LINE/L2	1552	-	464	87968906	73941
chr13	72836662	73036662	harbor1	chr13	72838141	72838404	LINE/L2	586	-	132	72838273	1611
chr13	72836662	73036662	harbor1	chr13	72838824	72839532	LINE/L2	724	-	354	72839178	2516
chr13	97794457	97994457	harbor1	chr13	97806248	97806639	LINE/L2	612	-	196	97806444	11987
chr13	97794457	97994457	harbor1	chr13	97889779	97890211	LINE/L2	790	-	216	97889995	95538
chr13	61189938	61389938	harbor1	chr13	61192605	61193247	LINE/L2	862	-	321	61192926	2988
chr13	61189938	61389938	harbor1	chr13	61253599	61254047	LINE/L2	663	-	224	61253823	63885
chr13	48058307	48258307	harbor1	chr13	48091627	48092100	LINE/L2	917	-	236	48091863	33556
chr13	48058307	48258307	harbor1	chr13	48092412	48092695	LINE/L2	917	-	142	48092554	34247
chr13	48058307	48258307	harbor1	chr13	48112288	48112553	LINE/L2	589	-	132	48112420	54113
chr13	48058307	48258307	harbor1	chr13	48112857	48112976	LINE/L2	589	-	60	48112917	54610
chr13	48058307	48258307	harbor1	chr13	48141351	48141691	LINE/L2	772	-	170	48141521	83214
chr13	48058307	48258307	harbor1	chr13	48141984	48142162	LINE/L2	772	-	89	48142073	83766
chr13	29080377	29280377	harbor1	chr13	29141145	29141527	LINE/L2	419	-	191	29141336	60959
chr13	29080377	29280377	harbor1	chr13	29177100	29177338	LINE/L2	803	-	119	29177219	96842
chr13	97265963	97465963	harbor1	chr13	97362415	97363011	LINE/L2	901	-	298	97362713	96750
chr13	97265963	97465963	harbor1	chr13	97363102	97363418	LINE/L2	901	-	158	97363260	97297
chr13	97265963	97465963	harbor1	chr13	97363465	97363761	LINE/L2	901	-	148	97363613	97650
chr14	73038878	73238878	harbor1	chr14	73057473	73057709	LINE/L2	728	-	118	73057591	18713
chr14	64159541	64359541	harbor1	chr14	64171282	64171854	LINE/L2	851	-	286	64171568	12027
chr14	23247661	23447661	harbor1	chr14	23314510	23314793	LINE/L2	776	-	142	23314652	66991
chr14	23247661	23447661	harbor1	chr14	23322795	23322962	LINE/L2	540	-	84	23322879	75218
chr14	69846416	70046416	harbor1	chr14	69900354	69900464	LINE/L2	430	-	55	69900409	53993
chr14	69846416	70046416	harbor1	chr14	69905098	69905924	LINE/L2	816	-	413	69905511	59095
chr14	69846416	70046416	harbor1	chr14	69920552	69920894	LINE/L2	739	-	171	69920723	74307
chr14	69846416	70046416	harbor1	chr14	69944050	69944388	LINE/L2	505	-	169	69944219	97803
chr14	88440908	88640908	harbor1	chr14	88493899	88494389	LINE/L2	638	-	245	88494144	53236
chr14	88440908	88640908	harbor1	chr14	88494675	88494731	LINE/L2	484	-	28	88494703	53795
chr14	88440908	88640908	harbor1	chr14	88495043	88495225	LINE/L2	484	-	91	88495134	54226
chr14	88440908	88640908	harbor1	chr14	88495657	88495999	LINE/L2	577	-	171	88495828	54920
chr14	88440908	88640908	harbor1	chr14	88537459	88537644	LINE/L2	858	-	92	88537551	96643
chr14	38718769	38918769	harbor1	chr14	38739656	38739979	LINE/L2	443	-	162	38739818	21049
chr14	38718769	38918769	harbor1	chr14	38758643	38759199	LINE/L2	1108	-	278	38758921	40152
chr14	38718769	38918769	harbor1	chr14	38793180	38793668	LINE/L2	887	-	244	38793424	74655
chr14	38718769	38918769	harbor1	chr14	38794299	38794434	LINE/L2	516	-	68	38794367	75598
chr14	80997544	81197544	harbor1	chr14	81063641	81063921	LINE/L2	486	-	140	81063781	66237
chr14	80997544	81197544	harbor1	chr14	81064481	81064956	LINE/L2	1077	-	238	81064719	67175
chr14	80997544	81197544	harbor1	chr14	81091224	81091603	LINE/L2	1124	-	190	81091414	93870
chr14	20830302	21030302	harbor1	chr14	20841581	20841754	LINE/L2	413	-	86	20841667	11365
chr14	20830302	21030302	harbor1	chr14	20842062	20842287	LINE/L2	413	-	112	20842174	11872
chr14	20830302	21030302	harbor1	chr14	20853357	20853602	LINE/L2	511	-	122	20853479	23177
chr14	20830302	21030302	harbor1	chr14	20881357	20882124	LINE/L2	1830	-	384	20881741	51439
chr14	98224347	98424347	harbor1	chr14	98251186	98251784	LINE/L2	842	-	299	98251485	27138
chr14	98224347	98424347	harbor1	chr14	98252012	98252428	LINE/L2	680	-	208	98252220	27873
chr14	98224347	98424347	harbor1	chr14	98252587	98252751	LINE/L2	680	-	82	98252669	28322
chr14	98224347	98424347	harbor1	chr14	98323860	98324093	LINE/L2	413	-	116	98323976	99629
chr14	55828373	56028373	harbor1	chr14	55849440	55849614	LINE/L2	499	-	87	55849527	21154
chr14	55828373	56028373	harbor1	chr14	55920329	55920637	LINE/L2	431	-	154	55920483	92110
chr14	80691491	80891491	harbor1	chr14	80696278	80696762	LINE/L2	575	-	242	80696520	5029
chr14	80691491	80891491	harbor1	chr14	80719840	80720258	LINE/L2	432	-	209	80720049	28558
chr14	80691491	80891491	harbor1	chr14	80740177	80740318	LINE/L2	457	-	70	80740247	48756
chr14	80691491	80891491	harbor1	chr14	80768243	80768399	LINE/L2	426	-	78	80768321	76830
chr14	80691491	80891491	harbor1	chr14	80784104	80784313	LINE/L2	606	-	104	80784208	92717
chr14	97698129	97898129	harbor1	chr14	97721685	97722202	LINE/L2	411	-	258	97721943	23814
chr14	97698129	97898129	harbor1	chr14	97772844	97773073	LINE/L2	475	-	114	97772958	74829
chr14	69017177	69217177	harbor1	chr14	69036800	69037108	LINE/L2	900	-	154	69036954	19777
chr14	69017177	69217177	harbor1	chr14	69079649	69080068	LINE/L2	1235	-	210	69079859	62682
chr14	76600498	76800498	harbor1	chr14	76612157	76612581	LINE/L2	911	-	212	76612369	11871
chr14	76600498	76800498	harbor1	chr14	76661479	76661637	LINE/L2	504	-	79	76661558	61060
chr14	76600498	76800498	harbor1	chr14	76700117	76700498	LINE/L2	551	-	190	76700307	99809
chr14	19605217	19805217	harbor1	chr14	19662307	19662648	LINE/L2	723	-	170	19662477	57260
chr14	19605217	19805217	harbor1	chr14	19681243	19681626	LINE/L2	488	-	192	19681435	76218
chr14	63970607	64170607	harbor1	chr14	64004915	64006171	LINE/L2	2725	-	628	64005543	34936
chr14	63970607	64170607	harbor1	chr14	64036841	64037133	LINE/L2	441	-	146	64036987	66380
chr14	63970607	64170607	harbor1	chr14	64038889	64039092	LINE/L2	441	-	102	64038991	68384
chr14	87095251	87295251	harbor1	chr14	87166722	87167080	LINE/L2	734	-	179	87166901	71650
chr14	87095251	87295251	harbor1	chr14	87170516	87171086	LINE/L2	832	-	285	87170801	75550
chr14	47510042	47710042	harbor1	chr14	47583054	47583345	LINE/L2	487	-	146	47583200	73158
chr14	47510042	47710042	harbor1	chr14	47608454	47609047	LINE/L2	1649	-	296	47608750	98708
chr14	34236100	34436100	harbor1	chr14	34298777	34299177	LINE/L2	756	-	200	34298977	62877
chr14	34236100	34436100	harbor1	chr14	34299480	34299654	LINE/L2	756	-	87	34299567	63467
chr14	51943763	52143763	harbor1	chr14	51961404	51962011	LINE/L2	470	-	304	51961708	17945
chr14	46248771	46448771	harbor1	chr14	46273772	46273916	LINE/L2	911	-	72	46273844	25073
chr14	46248771	46448771	harbor1	chr14	46273957	46274560	LINE/L2	1025	-	302	46274259	25488
chr14	46248771	46448771	harbor1	chr14	46321642	46321972	LINE/L2	603	-	165	46321807	73036
chr14	46248771	46448771	harbor1	chr14	46331466	46332388	LINE/L2	2187	-	461	46331927	83156
chr14	78806683	79006683	harbor1	chr14	78828746	78829129	LINE/L2	588	-	192	78828938	22255
chr14	78806683	79006683	harbor1	chr14	78861947	78862245	LINE/L2	506	-	149	78862096	55413
chr14	78806683	79006683	harbor1	chr14	78862286	78862332	LINE/L2	506	-	23	78862309	55626
chr14	101489120	101689120	harbor1	chr14	101489634	101489869	LINE/L2	500	-	118	101489752	632
chr14	101489120	101689120	harbor1	chr14	101490287	101490929	LINE/L2	689	-	321	101490608	1488
chr14	101489120	101689120	harbor1	chr14	101503936	101504637	LINE/L2	631	-	350	101504286	15166
chr14	101489120	101689120	harbor1	chr14	101573125	101573327	LINE/L2	425	-	101	101573226	84106
chr14	66796386	66996386	harbor1	chr14	66840946	66840970	LINE/L2	1217	-	12	66840958	44572
chr14	66796386	66996386	harbor1	chr14	66841052	66841347	LINE/L2	1217	-	148	66841200	44814
chr14	66796386	66996386	harbor1	chr14	66841421	66841758	LINE/L2	1347	-	168	66841589	45203
chr14	66796386	66996386	harbor1	chr14	66842053	66842212	LINE/L2	1347	-	80	66842133	45747
chr14	66796386	66996386	harbor1	chr14	66851612	66851965	LINE/L2	489	-	176	66851788	55402
chr14	86528620	86728620	harbor1	chr14	86573378	86574240	LINE/L2	1078	-	431	86573809	45189
chr14	93709546	93909546	harbor1	chr14	93746295	93747521	LINE/L2	1478	-	613	93746908	37362
chr14	39794968	39994968	harbor1	chr14	39807038	39807150	LINE/L2	527	-	56	39807094	12126
chr14	39794968	39994968	harbor1	chr14	39839558	39839806	LINE/L2	561	-	124	39839682	44714
chr14	39794968	39994968	harbor1	chr14	39840344	39840589	LINE/L2	561	-	122	39840466	45498
chr14	39794968	39994968	harbor1	chr14	39875430	39876410	LINE/L2	550	-	490	39875920	80952
chr14	65202260	65402260	harbor1	chr14	65242818	65243843	LINE/L2	712	-	512	65243330	41070
chr14	65202260	65402260	harbor1	chr14	65243958	65244602	LINE/L2	712	-	322	65244280	42020
chr14	65202260	65402260	harbor1	chr14	65275104	65275224	LINE/L2	546	-	60	65275164	72904
chr14	32591478	32791478	harbor1	chr14	32592166	32592546	LINE/L2	584	-	190	32592356	878
chr14	32591478	32791478	harbor1	chr14	32670927	32671218	LINE/L2	832	-	146	32671073	79595
chr14	32591478	32791478	harbor1	chr14	32671315	32671751	LINE/L2	1070	-	218	32671533	80055
chr14	32591478	32791478	harbor1	chr14	32673774	32674856	LINE/L2	993	-	541	32674315	82837
chr14	32591478	32791478	harbor1	chr14	32684821	32684973	LINE/L2	557	-	76	32684897	93419
chr14	32591478	32791478	harbor1	chr14	32685274	32685436	LINE/L2	557	-	81	32685355	93877
chr14	61209798	61409798	harbor1	chr14	61212661	61212864	LINE/L2	531	-	102	61212763	2965
chr14	61209798	61409798	harbor1	chr14	61213836	61214167	LINE/L2	486	-	166	61214002	4204
chr14	101471142	101671142	harbor1	chr14	101483154	101483383	LINE/L2	447	-	114	101483268	12126
chr14	101471142	101671142	harbor1	chr14	101489634	101489869	LINE/L2	500	-	118	101489752	18610
chr14	101471142	101671142	harbor1	chr14	101490287	101490929	LINE/L2	689	-	321	101490608	19466
chr14	101471142	101671142	harbor1	chr14	101503936	101504637	LINE/L2	631	-	350	101504286	33144
chr14	58767942	58967942	harbor1	chr14	58774351	58774468	LINE/L2	497	-	58	58774409	6467
chr14	58767942	58967942	harbor1	chr14	58782558	58782890	LINE/L2	862	-	166	58782724	14782
chr14	58767942	58967942	harbor1	chr14	58782870	58782959	LINE/L2	2215	-	44	58782914	14972
chr14	58767942	58967942	harbor1	chr14	58783246	58783804	LINE/L2	2215	-	279	58783525	15583
chr14	58767942	58967942	harbor1	chr14	58784216	58784706	LINE/L2	1396	-	245	58784461	16519
chr14	58767942	58967942	harbor1	chr14	58830339	58830757	LINE/L2	863	-	209	58830548	62606
chr14	23829601	24029601	harbor1	chr14	23830156	23830424	LINE/L2	529	-	134	23830290	689
chr14	28274284	28474284	harbor1	chr14	28286997	28287417	LINE/L2	614	-	210	28287207	12923
chr14	28274284	28474284	harbor1	chr14	28347041	28347595	LINE/L2	733	-	277	28347318	73034
chr14	33843256	34043256	harbor1	chr14	33856240	33856579	LINE/L2	542	-	170	33856410	13154
chr14	33843256	34043256	harbor1	chr14	33915669	33915843	LINE/L2	430	-	87	33915756	72500
chr14	33843256	34043256	harbor1	chr14	33924241	33924453	LINE/L2	783	-	106	33924347	81091
chr14	78292435	78492435	harbor1	chr14	78327612	78327800	LINE/L2	673	-	94	78327706	35271
chr14	78292435	78492435	harbor1	chr14	78333330	78333693	LINE/L2	800	-	182	78333512	41077
chr14	78292435	78492435	harbor1	chr14	78333702	78334312	LINE/L2	1863	-	305	78334007	41572
chr14	78292435	78492435	harbor1	chr14	78365754	78365877	LINE/L2	572	-	62	78365816	73381
chr14	78292435	78492435	harbor1	chr14	78375500	78375849	LINE/L2	821	-	174	78375674	83239
chr14	85195821	85395821	harbor1	chr14	85259336	85259485	LINE/L2	439	-	74	85259410	63589
chr14	85195821	85395821	harbor1	chr14	85260210	85260479	LINE/L2	439	-	134	85260344	64523
chr14	85195821	85395821	harbor1	chr14	85260502	85260745	LINE/L2	562	-	122	85260624	64803
chr14	85195821	85395821	harbor1	chr14	85280531	85280652	LINE/L2	446	-	60	85280591	84770
chr14	103994577	104194577	harbor1	chr14	103996261	103996576	LINE/L2	667	-	158	103996419	1842
chr14	103994577	104194577	harbor1	chr14	103996681	103998031	LINE/L2	1055	-	675	103997356	2779
chr14	103994577	104194577	harbor1	chr14	104039414	104039652	LINE/L2	482	-	119	104039533	44956
chr14	103994577	104194577	harbor1	chr14	104054659	104054907	LINE/L2	525	-	124	104054783	60206
chr14	94024715	94224715	harbor1	chr14	94029266	94029279	LINE/L2	480	-	6	94029272	4557
chr14	94024715	94224715	harbor1	chr14	94029713	94030504	LINE/L2	480	-	396	94030109	5394
chr14	94024715	94224715	harbor1	chr14	94040679	94040898	LINE/L2	640	-	110	94040789	16074
chr14	94024715	94224715	harbor1	chr14	94040883	94041427	LINE/L2	804	-	272	94041155	16440
chr14	94024715	94224715	harbor1	chr14	94097550	94098124	LINE/L2	981	-	287	94097837	73122
chr14	94024715	94224715	harbor1	chr14	94098996	94099472	LINE/L2	548	-	238	94099234	74519
chr14	94024715	94224715	harbor1	chr14	94100044	94100249	LINE/L2	464	-	102	94100146	75431
chr14	20373544	20573544	harbor1	chr14	20443820	20444400	LINE/L2	1702	-	290	20444110	70566
chr14	20373544	20573544	harbor1	chr14	20444614	20444824	LINE/L2	2427	-	105	20444719	71175
chr14	20373544	20573544	harbor1	chr14	20445101	20445146	LINE/L2	2427	-	22	20445123	71579
chr14	20373544	20573544	harbor1	chr14	20445191	20446310	LINE/L2	2427	-	560	20445751	72207
chr14	90075941	90275941	harbor1	chr14	90139244	90139679	LINE/L2	524	-	218	90139462	63521
chr14	90075941	90275941	harbor1	chr14	90139981	90140091	LINE/L2	524	-	55	90140036	64095
chr14	90075941	90275941	harbor1	chr14	90149864	90150258	LINE/L2	461	-	197	90150061	74120
chr14	90075941	90275941	harbor1	chr14	90154923	90155921	LINE/L2	2461	-	499	90155422	79481
chr14	90075941	90275941	harbor1	chr14	90156218	90156457	LINE/L2	2461	-	120	90156338	80397
chr14	90075941	90275941	harbor1	chr14	90156469	90156621	LINE/L2	465	-	76	90156545	80604
chr14	40228223	40428223	harbor1	chr14	40299278	40299910	LINE/L2	720	-	316	40299594	71371
chr14	40228223	40428223	harbor1	chr14	40310695	40311395	LINE/L2	624	-	350	40311045	82822
chr14	91881643	92081643	harbor1	chr14	91921649	91921872	LINE/L2	457	-	112	91921761	40118
chr14	75726123	75926123	harbor1	chr14	75728412	75728927	LINE/L2	728	-	258	75728670	2547
chr14	75726123	75926123	harbor1	chr14	75767210	75768289	LINE/L2	686	-	540	75767750	41627
chr14	89825489	90025489	harbor1	chr14	89825928	89826066	LINE/L2	477	-	69	89825997	508
chr14	89825489	90025489	harbor1	chr14	89830977	89831362	LINE/L2	1057	-	192	89831169	5680
chr14	89825489	90025489	harbor1	chr14	89835060	89835251	LINE/L2	587	-	96	89835156	9667
chr14	89825489	90025489	harbor1	chr14	89835928	89836178	LINE/L2	587	-	125	89836053	10564
chr14	76281875	76481875	harbor1	chr14	76288963	76289431	LINE/L2	3488	-	234	76289197	7322
chr14	76281875	76481875	harbor1	chr14	76289756	76290770	LINE/L2	3488	-	507	76290263	8388
chr14	76281875	76481875	harbor1	chr14	76291063	76291073	LINE/L2	3488	-	5	76291068	9193
chr14	76281875	76481875	harbor1	chr14	76291368	76291612	LINE/L2	3488	-	122	76291490	9615
chr14	76281875	76481875	harbor1	chr14	76298763	76299129	LINE/L2	629	-	183	76298946	17071
chr14	76281875	76481875	harbor1	chr14	76335457	76335588	LINE/L2	540	-	66	76335523	53648
chr14	76281875	76481875	harbor1	chr14	76336748	76337160	LINE/L2	773	-	206	76336954	55079
chr14	76281875	76481875	harbor1	chr14	76342785	76343351	LINE/L2	690	-	283	76343068	61193
chr14	76281875	76481875	harbor1	chr14	76374138	76374266	LINE/L2	552	-	64	76374202	92327
chr14	83489044	83689044	harbor1	chr14	83504110	83504432	LINE/L2	471	-	161	83504271	15227
chr14	92702515	92902515	harbor1	chr14	92739473	92739691	LINE/L2	571	-	109	92739582	37067
chr14	92702515	92902515	harbor1	chr14	92780769	92780900	LINE/L2	561	-	66	92780835	78320
chr14	92702515	92902515	harbor1	chr14	92800171	92800514	LINE/L2	586	-	172	92800343	97828
chr14	55779991	55979991	harbor1	chr14	55849440	55849614	LINE/L2	499	-	87	55849527	69536
chr14	64981559	65181559	harbor1	chr14	64981590	64981914	LINE/L2	3278	-	162	64981752	193
chr14	64981559	65181559	harbor1	chr14	64982254	64983137	LINE/L2	3278	-	442	64982696	1137
chr14	64981559	65181559	harbor1	chr14	64983450	64983712	LINE/L2	3278	-	131	64983581	2022
chr14	64981559	65181559	harbor1	chr14	64989694	64990219	LINE/L2	1026	-	262	64989956	8397
chr14	64981559	65181559	harbor1	chr14	64990688	64990905	LINE/L2	1028	-	108	64990796	9237
chr14	64981559	65181559	harbor1	chr14	65008383	65008771	LINE/L2	692	-	194	65008577	27018
chr14	39690311	39890311	harbor1	chr14	39713631	39713965	LINE/L2	670	-	167	39713798	23487
chr14	39690311	39890311	harbor1	chr14	39714149	39714561	LINE/L2	648	-	206	39714355	24044
chr14	55055243	55255243	harbor1	chr14	55079041	55079327	LINE/L2	442	-	143	55079184	23941
chr14	61983282	62183282	harbor1	chr14	61986911	61987626	LINE/L2	478	-	358	61987269	3987
chr14	61983282	62183282	harbor1	chr14	61993864	61993984	LINE/L2	488	-	60	61993924	10642
chr14	61983282	62183282	harbor1	chr14	62010247	62010518	LINE/L2	819	-	136	62010383	27101
chr14	61983282	62183282	harbor1	chr14	62035919	62036377	LINE/L2	430	-	229	62036148	52866
chr14	61983282	62183282	harbor1	chr14	62066733	62067093	LINE/L2	547	-	180	62066913	83631
chr14	61983282	62183282	harbor1	chr14	62067133	62067171	LINE/L2	547	-	19	62067152	83870
chr14	61983282	62183282	harbor1	chr14	62067179	62067544	LINE/L2	489	-	182	62067361	84079
chr14	81911155	82111155	harbor1	chr14	81998584	81998650	LINE/L2	622	-	33	81998617	87462
chr14	81911155	82111155	harbor1	chr14	81998960	81999284	LINE/L2	622	-	162	81999122	87967
chr14	79910170	80110170	harbor1	chr14	79976764	79977022	LINE/L2	920	-	129	79976893	66723
chr14	79910170	80110170	harbor1	chr14	80002402	80003012	LINE/L2	466	-	305	80002707	92537
chr14	79910170	80110170	harbor1	chr14	79921069	79921413	LINE/L2	901	-	172	79921241	11071
chr14	72720854	72920854	harbor1	chr14	72725105	72725609	LINE/L2	640	-	252	72725357	4503
chr14	72720854	72920854	harbor1	chr14	72728665	72728965	LINE/L2	1014	-	150	72728815	7961
chr14	72720854	72920854	harbor1	chr14	72729261	72729556	LINE/L2	1014	-	148	72729409	8555
chr14	72720854	72920854	harbor1	chr14	72730084	72730312	LINE/L2	812	-	114	72730198	9344
chr14	72720854	72920854	harbor1	chr14	72734044	72734335	LINE/L2	603	-	146	72734190	13336
chr14	72720854	72920854	harbor1	chr14	72739774	72740388	LINE/L2	1022	-	307	72740081	19227
chr14	72720854	72920854	harbor1	chr14	72741663	72741814	LINE/L2	412	-	76	72741739	20885
chr14	22896526	23096526	harbor1	chr14	22921905	22922031	LINE/L2	540	-	63	22921968	25442
chr14	22896526	23096526	harbor1	chr14	22921122	22921602	LINE/L2	540	-	240	22921362	24836
chr14	20292363	20492363	harbor1	chr14	20292563	20292872	LINE/L2	520	-	154	20292717	354
chr14	20292363	20492363	harbor1	chr14	20293309	20294045	LINE/L2	467	-	368	20293677	1314
chr14	20292363	20492363	harbor1	chr14	20338840	20339372	LINE/L2	1216	-	266	20339106	46743
chr14	79697647	79897647	harbor1	chr14	79715545	79715928	LINE/L2	462	-	192	79715737	18090
chr14	79697647	79897647	harbor1	chr14	79717889	79718606	LINE/L2	1092	-	358	79718247	20600
chr14	37832955	38032955	harbor1	chr14	37835341	37835804	LINE/L2	590	-	232	37835573	2618
chr14	37832955	38032955	harbor1	chr14	37871288	37871432	LINE/L2	543	-	72	37871360	38405
chr14	37832955	38032955	harbor1	chr14	37875854	37876222	LINE/L2	451	-	184	37876038	43083
chr14	37832955	38032955	harbor1	chr14	37893514	37893755	LINE/L2	686	-	120	37893634	60679
chr14	44080478	44280478	harbor1	chr14	44179419	44179746	LINE/L2	617	-	164	44179583	99105
chr14	44080478	44280478	harbor1	chr14	44179800	44180734	LINE/L2	1895	-	467	44180267	99789
chr14	101701807	101901807	harbor1	chr14	101773374	101773701	LINE/L2	472	-	164	101773538	71731
chr14	101701807	101901807	harbor1	chr14	101773993	101774130	LINE/L2	419	-	68	101774061	72254
chr14	46754588	46954588	harbor1	chr14	46827725	46828174	LINE/L2	715	-	224	46827949	73361
chr14	59281012	59481012	harbor1	chr14	59370310	59370441	LINE/L2	565	-	66	59370376	89364
chr15	86726217	86926217	harbor1	chr15	86765263	86765683	LINE/L2	508	-	210	86765473	39256
chr15	86726217	86926217	harbor1	chr15	86770181	86770289	LINE/L2	502	-	54	86770235	44018
chr15	86726217	86926217	harbor1	chr15	86770518	86770693	LINE/L2	502	-	88	86770606	44389
chr15	86726217	86926217	harbor1	chr15	86772357	86772954	LINE/L2	1251	-	298	86772655	46438
chr15	76168578	76368578	harbor1	chr15	76190062	76190851	LINE/L2	572	-	394	76190456	21878
chr15	58634147	58834147	harbor1	chr15	58644741	58644934	LINE/L2	507	-	96	58644837	10690
chr15	44177255	44377255	harbor1	chr15	44200289	44200924	LINE/L2	445	-	318	44200607	23352
chr15	62775878	62975878	harbor1	chr15	62799548	62799938	LINE/L2	554	-	195	62799743	23865
chr15	63247604	63447604	harbor1	chr15	63279524	63279721	LINE/L2	717	-	98	63279622	32018
chr15	63247604	63447604	harbor1	chr15	63310377	63310927	LINE/L2	493	-	275	63310652	63048
chr15	72619893	72819893	harbor1	chr15	72718852	72719019	LINE/L2	556	-	84	72718936	99043
chr15	86967639	87167639	harbor1	chr15	86989670	86990213	LINE/L2	590	-	272	86989942	22303
chr15	85580394	85780394	harbor1	chr15	85657265	85657375	LINE/L2	560	-	55	85657320	76926
chr15	27528623	27728623	harbor1	chr15	27587464	27587959	LINE/L2	723	-	248	27587712	59089
chr15	84076671	84276671	harbor1	chr15	84103350	84103767	LINE/L2	540	-	208	84103558	26887
chr15	30893670	31093670	harbor1	chr15	30916688	30917036	LINE/L2	466	-	174	30916862	23192
chr15	30893670	31093670	harbor1	chr15	30956443	30956675	LINE/L2	582	-	116	30956559	62889
chr15	30893670	31093670	harbor1	chr15	30957163	30957441	LINE/L2	535	-	139	30957302	63632
chr15	30893670	31093670	harbor1	chr15	30957719	30957874	LINE/L2	535	-	78	30957797	64127
chr15	30893670	31093670	harbor1	chr15	30970163	30970462	LINE/L2	953	-	150	30970313	76643
chr15	79143436	79343436	harbor1	chr15	79167604	79167847	LINE/L2	855	-	122	79167726	24290
chr15	79143436	79343436	harbor1	chr15	79168245	79168360	LINE/L2	855	-	58	79168303	24867
chr15	79143436	79343436	harbor1	chr15	79204032	79204176	LINE/L2	592	-	72	79204104	60668
chr15	40765275	40965275	harbor1	chr15	40798543	40798810	LINE/L2	766	-	134	40798677	33402
chr15	40765275	40965275	harbor1	chr15	40801122	40801448	LINE/L2	683	-	163	40801285	36010
chr15	40765275	40965275	harbor1	chr15	40824750	40825001	LINE/L2	583	-	126	40824876	59601
chr15	40765275	40965275	harbor1	chr15	40831772	40832467	LINE/L2	769	-	348	40832120	66845
chr15	40765275	40965275	harbor1	chr15	40796156	40796534	LINE/L2	1121	-	189	40796345	31070
chr15	65234502	65434502	harbor1	chr15	65236190	65236690	LINE/L2	544	-	250	65236440	1938
chr15	68051711	68251711	harbor1	chr15	68052514	68053400	LINE/L2	1743	-	443	68052957	1246
chr15	68051711	68251711	harbor1	chr15	68073750	68074232	LINE/L2	500	-	241	68073991	22280
chr15	68051711	68251711	harbor1	chr15	68147962	68148424	LINE/L2	769	-	231	68148193	96482
chr15	68051711	68251711	harbor1	chr15	68148726	68149074	LINE/L2	769	-	174	68148900	97189
chr15	68051711	68251711	harbor1	chr15	68149107	68149297	LINE/L2	769	-	95	68149202	97491
chr15	61813587	62013587	harbor1	chr15	61815042	61815380	LINE/L2	824	-	169	61815211	1624
chr15	90922971	91122971	harbor1	chr15	91008054	91008237	LINE/L2	493	-	92	91008146	85175
chr15	90922971	91122971	harbor1	chr15	91008570	91008991	LINE/L2	639	-	210	91008780	85809
chr15	90922971	91122971	harbor1	chr15	91021115	91021306	LINE/L2	468	-	96	91021211	98240
chr15	97143696	97343696	harbor1	chr15	97155722	97157207	LINE/L2	680	-	742	97156464	12768
chr15	55360600	55560600	harbor1	chr15	55396685	55396923	LINE/L2	1299	-	119	55396804	36204
chr15	55360600	55560600	harbor1	chr15	55397239	55397694	LINE/L2	1299	-	228	55397467	36867
chr15	55360600	55560600	harbor1	chr15	55398005	55398115	LINE/L2	1299	-	55	55398060	37460
chr15	55360600	55560600	harbor1	chr15	55398968	55399219	LINE/L2	533	-	126	55399094	38494
chr15	55360600	55560600	harbor1	chr15	55422303	55422714	LINE/L2	847	-	206	55422509	61909
chr15	55360600	55560600	harbor1	chr15	55423026	55423203	LINE/L2	847	-	88	55423114	62514
chr15	91811351	92011351	harbor1	chr15	91819627	91820174	LINE/L2	442	-	274	91819901	8550
chr15	91811351	92011351	harbor1	chr15	91885796	91886057	LINE/L2	740	-	130	91885926	74575
chr15	91811351	92011351	harbor1	chr15	91893782	91894537	LINE/L2	697	-	378	91894160	82809
chr15	28071869	28271869	harbor1	chr15	28146960	28147260	LINE/L2	601	-	150	28147110	75241
chr15	96234397	96434397	harbor1	chr15	96251154	96251867	LINE/L2	498	-	356	96251510	17113
chr15	38985749	39185749	harbor1	chr15	38989810	38990103	LINE/L2	448	-	146	38989956	4207
chr15	38985749	39185749	harbor1	chr15	38996742	38997173	LINE/L2	734	-	216	38996958	11209
chr15	65374381	65574381	harbor1	chr15	65453163	65453280	LINE/L2	562	-	58	65453221	78840
chr15	47728354	47928354	harbor1	chr15	47741829	47742114	LINE/L2	445	-	142	47741971	13617
chr15	47728354	47928354	harbor1	chr15	47752229	47752726	LINE/L2	491	-	248	47752477	24123
chr15	47728354	47928354	harbor1	chr15	47753019	47753615	LINE/L2	491	-	298	47753317	24963
chr15	47728354	47928354	harbor1	chr15	47800658	47801514	LINE/L2	528	-	428	47801086	72732
chr15	34596325	34796325	harbor1	chr15	34657192	34657497	LINE/L2	550	-	152	34657344	61019
chr15	34596325	34796325	harbor1	chr15	34657493	34658143	LINE/L2	989	-	325	34657818	61493
chr15	34596325	34796325	harbor1	chr15	34676729	34677229	LINE/L2	732	-	250	34676979	80654
chr15	34596325	34796325	harbor1	chr15	34677325	34677869	LINE/L2	838	-	272	34677597	81272
chr15	34596325	34796325	harbor1	chr15	34678174	34678392	LINE/L2	508	-	109	34678283	81958
chr15	39785612	39985612	harbor1	chr15	39845901	39846088	LINE/L2	444	-	94	39845995	60383
chr15	39785612	39985612	harbor1	chr15	39850812	39851159	LINE/L2	597	-	174	39850986	65374
chr15	80771436	80971436	harbor1	chr15	80790790	80791265	LINE/L2	579	-	238	80791028	19592
chr15	80771436	80971436	harbor1	chr15	80794997	80795539	LINE/L2	590	-	271	80795268	23832
chr15	80771436	80971436	harbor1	chr15	80857725	80858228	LINE/L2	651	-	252	80857977	86541
chr15	71703398	71903398	harbor1	chr15	71724108	71724287	LINE/L2	488	-	90	71724198	20800
chr15	71703398	71903398	harbor1	chr15	71724585	71724925	LINE/L2	488	-	170	71724755	21357
chr15	71703398	71903398	harbor1	chr15	71725149	71725808	LINE/L2	1221	-	330	71725479	22081
chr15	71703398	71903398	harbor1	chr15	71744302	71744464	LINE/L2	451	-	81	71744383	40985
chr15	71703398	71903398	harbor1	chr15	71791534	71791720	LINE/L2	717	-	93	71791627	88229
chr15	71703398	71903398	harbor1	chr15	71792025	71792238	LINE/L2	717	-	106	71792131	88733
chr15	92875520	93075520	harbor1	chr15	92944625	92945377	LINE/L2	2100	-	376	92945001	69481
chr15	44102278	44302278	harbor1	chr15	44119860	44120533	LINE/L2	990	-	336	44120196	17918
chr15	44102278	44302278	harbor1	chr15	44120828	44121389	LINE/L2	990	-	280	44121108	18830
chr15	44102278	44302278	harbor1	chr15	44134414	44134448	LINE/L2	742	-	17	44134431	32153
chr15	44102278	44302278	harbor1	chr15	44134750	44134979	LINE/L2	742	-	114	44134864	32586
chr15	44102278	44302278	harbor1	chr15	44158816	44159115	LINE/L2	615	-	150	44158966	56688
chr15	44102278	44302278	harbor1	chr15	44200289	44200924	LINE/L2	445	-	318	44200607	98329
chr15	76073857	76273857	harbor1	chr15	76074547	76075457	LINE/L2	2741	-	455	76075002	1145
chr15	76073857	76273857	harbor1	chr15	76102184	76102556	LINE/L2	1180	-	186	76102370	28513
chr15	76073857	76273857	harbor1	chr15	76102861	76103222	LINE/L2	1180	-	180	76103041	29184
chr15	76073857	76273857	harbor1	chr15	76103463	76103629	LINE/L2	1087	-	83	76103546	29689
chr15	76073857	76273857	harbor1	chr15	76104219	76104247	LINE/L2	1087	-	14	76104233	30376
chr15	76073857	76273857	harbor1	chr15	76104469	76104513	LINE/L2	1087	-	22	76104491	30634
chr15	76073857	76273857	harbor1	chr15	76104622	76104862	LINE/L2	634	-	120	76104742	30885
chr15	20770586	20970586	harbor1	chr15	20841722	20841978	LINE/L2	579	-	128	20841850	71264
chr15	20770586	20970586	harbor1	chr15	20842261	20843015	LINE/L2	2484	-	377	20842638	72052
chr15	20770586	20970586	harbor1	chr15	20843317	20843696	LINE/L2	2484	-	190	20843507	72921
chr15	72836684	73036684	harbor1	chr15	72900826	72901263	LINE/L2	699	-	218	72901044	64360
chr15	93792469	93992469	harbor1	chr15	93849174	93849662	LINE/L2	454	-	244	93849418	56949
chr15	93792469	93992469	harbor1	chr15	93849763	93850405	LINE/L2	777	-	321	93850084	57615
chr15	66396819	66596819	harbor1	chr15	66401475	66401958	LINE/L2	442	-	242	66401717	4898
chr15	66396819	66596819	harbor1	chr15	66460341	66460821	LINE/L2	514	-	240	66460581	63762
chr15	66856183	67056183	harbor1	chr15	66918861	66919067	LINE/L2	465	-	103	66918964	62781
chr15	66856183	67056183	harbor1	chr15	66919229	66919558	LINE/L2	465	-	164	66919393	63210
chr15	95865605	96065605	harbor1	chr15	95939036	95939488	LINE/L2	450	-	226	95939262	73657
chr15	80728786	80928786	harbor1	chr15	80767848	80767989	LINE/L2	546	-	70	80767918	39132
chr15	80728786	80928786	harbor1	chr15	80790790	80791265	LINE/L2	579	-	238	80791028	62242
chr15	80728786	80928786	harbor1	chr15	80794997	80795539	LINE/L2	590	-	271	80795268	66482
chr15	34880896	35080896	harbor1	chr15	34902799	34903584	LINE/L2	1217	-	392	34903191	22295
chr15	30823857	31023857	harbor1	chr15	30879541	30880001	LINE/L2	702	-	230	30879771	55914
chr15	30823857	31023857	harbor1	chr15	30887601	30889002	LINE/L2	1907	-	700	30888301	64444
chr15	30823857	31023857	harbor1	chr15	30916688	30917036	LINE/L2	466	-	174	30916862	93005
chr15	96474421	96674421	harbor1	chr15	96496880	96497543	LINE/L2	527	-	332	96497212	22791
chr15	32530656	32730656	harbor1	chr15	32622837	32623263	LINE/L2	882	-	213	32623050	92394
chr15	52608918	52808918	harbor1	chr15	52622442	52622841	LINE/L2	810	-	200	52622642	13724
chr15	52608918	52808918	harbor1	chr15	52623169	52623459	LINE/L2	810	-	145	52623314	14396
chr15	52608918	52808918	harbor1	chr15	52666674	52667107	LINE/L2	726	-	216	52666890	57972
chr15	52608918	52808918	harbor1	chr15	52671433	52671898	LINE/L2	633	-	232	52671665	62747
chr15	52608918	52808918	harbor1	chr15	52695509	52696203	LINE/L2	986	-	347	52695856	86938
chr15	70875822	71075822	harbor1	chr15	70890431	70890991	LINE/L2	501	-	280	70890711	14889
chr15	70875822	71075822	harbor1	chr15	70910735	70911253	LINE/L2	1187	-	259	70910994	35172
chr15	70875822	71075822	harbor1	chr15	70914387	70914689	LINE/L2	505	-	151	70914538	38716
chr15	47606592	47806592	harbor1	chr15	47613331	47613534	LINE/L2	451	-	102	47613433	6841
chr15	47606592	47806592	harbor1	chr15	47687192	47688139	LINE/L2	655	-	474	47687666	81074
chr15	47606592	47806592	harbor1	chr15	47691742	47692124	LINE/L2	544	-	191	47691933	85341
chr15	61927989	62127989	harbor1	chr15	61971080	61971249	LINE/L2	1042	-	84	61971164	43175
chr15	61927989	62127989	harbor1	chr15	61971561	61971796	LINE/L2	1042	-	118	61971679	43690
chr15	82691116	82891116	harbor1	chr15	82767057	82767488	LINE/L2	541	-	216	82767273	76157
chr15	59594460	59794460	harbor1	chr15	59624509	59624744	LINE/L2	590	-	118	59624627	30167
chr15	59594460	59794460	harbor1	chr15	59624974	59625030	LINE/L2	575	-	28	59625002	30542
chr15	59594460	59794460	harbor1	chr15	59625328	59625788	LINE/L2	4147	-	230	59625558	31098
chr15	59594460	59794460	harbor1	chr15	59626049	59627083	LINE/L2	4147	-	517	59626566	32106
chr15	59594460	59794460	harbor1	chr15	59644466	59644738	LINE/L2	441	-	136	59644602	50142
chr15	82905903	83105903	harbor1	chr15	82947787	82947991	LINE/L2	668	-	102	82947889	41986
chr15	82905903	83105903	harbor1	chr15	82948582	82948778	LINE/L2	668	-	98	82948680	42777
chr15	82905903	83105903	harbor1	chr15	82948820	82949693	LINE/L2	1143	-	436	82949256	43353
chr15	82905903	83105903	harbor1	chr15	82955727	82955957	LINE/L2	645	-	115	82955842	49939
chr15	82905903	83105903	harbor1	chr15	82956261	82956713	LINE/L2	755	-	226	82956487	50584
chr15	82905903	83105903	harbor1	chr15	82958244	82958651	LINE/L2	527	-	204	82958448	52545
chr15	82905903	83105903	harbor1	chr15	82978191	82978576	LINE/L2	478	-	192	82978383	72480
chr15	82905903	83105903	harbor1	chr15	82979251	82979370	LINE/L2	478	-	60	82979311	73408
chr15	82905903	83105903	harbor1	chr15	82979458	82980078	LINE/L2	1060	-	310	82979768	73865
chr16	56881910	57081910	harbor1	chr16	56891545	56891971	LINE/L2	457	-	213	56891758	9848
chr16	56881910	57081910	harbor1	chr16	56912595	56913060	LINE/L2	693	-	232	56912827	30917
chr16	56881910	57081910	harbor1	chr16	56941865	56941990	LINE/L2	531	-	62	56941927	60017
chr16	58140733	58340733	harbor1	chr16	58210684	58211149	LINE/L2	611	-	232	58210916	70183
chr16	58140733	58340733	harbor1	chr16	58236907	58237352	LINE/L2	1181	-	222	58237129	96396
chr16	58140733	58340733	harbor1	chr16	58237415	58237477	LINE/L2	1181	-	31	58237446	96713
chr16	58140733	58340733	harbor1	chr16	58237791	58238209	LINE/L2	1181	-	209	58238000	97267
chr16	13887673	14087673	harbor1	chr16	13890218	13890712	LINE/L2	1132	-	247	13890465	2792
chr16	13887673	14087673	harbor1	chr16	13939243	13939855	LINE/L2	523	-	306	13939549	51876
chr16	49445737	49645737	harbor1	chr16	49525867	49526324	LINE/L2	446	-	228	49526095	80358
chr16	30331108	30531108	harbor1	chr16	30367398	30367757	LINE/L2	489	-	180	30367578	36470
chr16	30331108	30531108	harbor1	chr16	30410431	30410684	LINE/L2	512	-	126	30410557	79449
chr16	80712211	80912211	harbor1	chr16	80784674	80785134	LINE/L2	451	-	230	80784904	72693
chr16	80712211	80912211	harbor1	chr16	80793554	80793673	LINE/L2	438	-	60	80793614	81403
chr16	80712211	80912211	harbor1	chr16	80809328	80810721	LINE/L2	2069	-	696	80810024	97813
chr16	80712211	80912211	harbor1	chr16	80811011	80811185	LINE/L2	2069	-	87	80811098	98887
chr16	80712211	80912211	harbor1	chr16	80811869	80812312	LINE/L2	958	-	222	80812091	99880
chr16	47307011	47507011	harbor1	chr16	47358773	47359142	LINE/L2	920	-	184	47358957	51946
chr16	47307011	47507011	harbor1	chr16	47391898	47392131	LINE/L2	650	-	116	47392014	85003
chr16	47307011	47507011	harbor1	chr16	47392258	47392530	LINE/L2	650	-	136	47392394	85383
chr16	47307011	47507011	harbor1	chr16	47396561	47397357	LINE/L2	628	-	398	47396959	89948
chr16	47307011	47507011	harbor1	chr16	47400491	47401523	LINE/L2	647	-	516	47401007	93996
chr16	47307011	47507011	harbor1	chr16	47406554	47407356	LINE/L2	1900	-	401	47406955	99944
chr16	77929189	78129189	harbor1	chr16	77933392	77934273	LINE/L2	1020	-	440	77933832	4643
chr16	77929189	78129189	harbor1	chr16	78018537	78018834	LINE/L2	465	-	148	78018685	89496
chr16	51923230	52123230	harbor1	chr16	51932473	51933041	LINE/L2	682	-	284	51932757	9527
chr16	51923230	52123230	harbor1	chr16	51933996	51934187	LINE/L2	502	-	96	51934092	10862
chr16	51923230	52123230	harbor1	chr16	51992220	51992392	LINE/L2	582	-	86	51992306	69076
chr16	51923230	52123230	harbor1	chr16	51992476	51993172	LINE/L2	1366	-	348	51992824	69594
chr16	67362829	67562829	harbor1	chr16	67368111	67369564	LINE/L2	4888	-	726	67368837	6008
chr16	67362829	67562829	harbor1	chr16	67369926	67370360	LINE/L2	4888	-	217	67370143	7314
chr16	67362829	67562829	harbor1	chr16	67370653	67370914	LINE/L2	4888	-	130	67370783	7954
chr16	67362829	67562829	harbor1	chr16	67426957	67427415	LINE/L2	460	-	229	67427186	64357
chr16	67362829	67562829	harbor1	chr16	67451231	67451744	LINE/L2	437	-	256	67451487	88658
chr16	49432289	49632289	harbor1	chr16	49433408	49433933	LINE/L2	998	-	262	49433670	1381
chr16	49432289	49632289	harbor1	chr16	49525867	49526324	LINE/L2	446	-	228	49526095	93806
chr16	73584247	73784247	harbor1	chr16	73664992	73665187	LINE/L2	504	-	98	73665090	80843
chr16	64645887	64845887	harbor1	chr16	64674652	64676307	LINE/L2	2368	-	828	64675480	29593
chr16	64645887	64845887	harbor1	chr16	64677772	64677929	LINE/L2	573	-	78	64677850	31963
chr16	64645887	64845887	harbor1	chr16	64678115	64678250	LINE/L2	573	-	68	64678183	32296
chr16	64645887	64845887	harbor1	chr16	64735314	64735997	LINE/L2	727	-	342	64735656	89769
chr16	34664025	34864025	harbor1	chr16	34677220	34677563	LINE/L2	435	-	172	34677392	13367
chr16	19370081	19570081	harbor1	chr16	19379997	19380265	LINE/L2	626	-	134	19380131	10050
chr16	19370081	19570081	harbor1	chr16	19392726	19392911	LINE/L2	681	-	92	19392818	22737
chr16	71824490	72024490	harbor1	chr16	71826605	71827060	LINE/L2	1133	-	228	71826833	2343
chr16	71824490	72024490	harbor1	chr16	71827643	71827969	LINE/L2	720	-	163	71827806	3316
chr16	61723498	61923498	harbor1	chr16	61751959	61752304	LINE/L2	515	-	172	61752131	28633
chr16	24359459	24559459	harbor1	chr16	24431859	24432278	LINE/L2	440	-	210	24432069	72610
chr16	24049670	24249670	harbor1	chr16	24053171	24053292	LINE/L2	1426	-	60	24053231	3561
chr16	24049670	24249670	harbor1	chr16	24053500	24053937	LINE/L2	1426	-	218	24053718	4048
chr16	24049670	24249670	harbor1	chr16	24090402	24090866	LINE/L2	726	-	232	24090634	40964
chr16	24049670	24249670	harbor1	chr16	24104352	24104907	LINE/L2	1434	-	278	24104630	54960
chr16	24049670	24249670	harbor1	chr16	24121902	24122404	LINE/L2	1281	-	251	24122153	72483
chr16	24049670	24249670	harbor1	chr16	24124035	24124530	LINE/L2	640	-	248	24124283	74613
chr16	24049670	24249670	harbor1	chr16	24132390	24132551	LINE/L2	598	-	80	24132470	82800
chr16	24049670	24249670	harbor1	chr16	24144823	24145296	LINE/L2	820	-	236	24145059	95389
chr16	7793838	7993838	harbor1	chr16	7872397	7873028	LINE/L2	1481	-	316	7872713	78875
chr16	7793838	7993838	harbor1	chr16	7888742	7889156	LINE/L2	491	-	207	7888949	95111
chr16	8221279	8421279	harbor1	chr16	8290900	8291026	LINE/L2	443	-	63	8290963	69684
chr16	55614412	55814412	harbor1	chr16	55650870	55651477	LINE/L2	1517	-	304	55651174	36762
chr16	55614412	55814412	harbor1	chr16	55654432	55654784	LINE/L2	447	-	176	55654608	40196
chr16	7293371	7493371	harbor1	chr16	7350165	7350621	LINE/L2	509	-	228	7350393	57022
chr16	7293371	7493371	harbor1	chr16	7377667	7378126	LINE/L2	556	-	230	7377897	84526
chr16	7293371	7493371	harbor1	chr16	7384740	7385366	LINE/L2	464	-	313	7385053	91682
chr16	58889190	59089190	harbor1	chr16	58899996	58900366	LINE/L2	810	-	185	58900181	10991
chr16	58889190	59089190	harbor1	chr16	58906313	58906654	LINE/L2	589	-	170	58906483	17293
chr16	58889190	59089190	harbor1	chr16	58966776	58967271	LINE/L2	776	-	248	58967024	77834
chr16	66592226	66792226	harbor1	chr16	66600826	66601034	LINE/L2	501	-	104	66600930	8704
chr16	75951932	76151932	harbor1	chr16	75998870	75999133	LINE/L2	553	-	132	75999002	47070
chr16	75951932	76151932	harbor1	chr16	76000042	76000474	LINE/L2	807	-	216	76000258	48326
chr16	24815739	25015739	harbor1	chr16	24847823	24848326	LINE/L2	684	-	252	24848075	32336
chr16	24815739	25015739	harbor1	chr16	24891709	24891968	LINE/L2	973	-	130	24891839	76100
chr16	24815739	25015739	harbor1	chr16	24892239	24892384	LINE/L2	973	-	72	24892311	76572
chr16	24815739	25015739	harbor1	chr16	24901644	24901802	LINE/L2	662	-	79	24901723	85984
chr16	24815739	25015739	harbor1	chr16	24902127	24902294	LINE/L2	662	-	84	24902211	86472
chr16	62074492	62274492	harbor1	chr16	62098467	62098651	LINE/L2	454	-	92	62098559	24067
chr16	84903021	85103021	harbor1	chr16	84932362	84932780	LINE/L2	630	-	209	84932571	29550
chr16	84903021	85103021	harbor1	chr16	84952158	84952362	LINE/L2	444	-	102	84952260	49239
chr16	51684505	51884505	harbor1	chr16	51713057	51713142	LINE/L2	469	-	42	51713099	28594
chr16	51684505	51884505	harbor1	chr16	51713532	51713684	LINE/L2	469	-	76	51713608	29103
chr16	51684505	51884505	harbor1	chr16	51713720	51713785	LINE/L2	469	-	32	51713752	29247
chr16	58305647	58505647	harbor1	chr16	58379960	58380298	LINE/L2	443	-	169	58380129	74482
chr16	58305647	58505647	harbor1	chr16	58388118	58388239	LINE/L2	980	-	60	58388178	82531
chr16	58305647	58505647	harbor1	chr16	58388551	58388602	LINE/L2	1098	-	26	58388577	82930
chr16	58305647	58505647	harbor1	chr16	58388980	58389431	LINE/L2	1098	-	226	58389206	83559
chr16	74245451	74445451	harbor1	chr16	74257420	74257644	LINE/L2	490	-	112	74257532	12081
chr16	74245451	74445451	harbor1	chr16	74294620	74294702	LINE/L2	562	-	41	74294661	49210
chr16	74245451	74445451	harbor1	chr16	74295009	74295208	LINE/L2	562	-	100	74295109	49658
chr16	75969728	76169728	harbor1	chr16	75998870	75999133	LINE/L2	553	-	132	75999002	29274
chr16	75969728	76169728	harbor1	chr16	76000042	76000474	LINE/L2	807	-	216	76000258	30530
chr16	85019393	85219393	harbor1	chr16	85020299	85020795	LINE/L2	444	-	248	85020547	1154
chr16	59927608	60127608	harbor1	chr16	59943293	59943893	LINE/L2	1113	-	300	59943593	15985
chr16	59927608	60127608	harbor1	chr16	59944205	59944435	LINE/L2	1113	-	115	59944320	16712
chr16	81488942	81688942	harbor1	chr16	81561271	81561727	LINE/L2	687	-	228	81561499	72557
chr16	81488942	81688942	harbor1	chr16	81561916	81562156	LINE/L2	511	-	120	81562036	73094
chr16	86896888	87096888	harbor1	chr16	86897177	86897372	LINE/L2	500	-	98	86897275	387
chr16	86896888	87096888	harbor1	chr16	86962311	86962498	LINE/L2	462	-	94	86962405	65517
chr16	86896888	87096888	harbor1	chr16	86972106	86972421	LINE/L2	511	-	158	86972264	75376
chr16	53147795	53347795	harbor1	chr16	53152435	53152666	LINE/L2	654	-	116	53152551	4756
chr16	53147795	53347795	harbor1	chr16	53152702	53153411	LINE/L2	1777	-	354	53153056	5261
chr16	86942864	87142864	harbor1	chr16	86962311	86962498	LINE/L2	462	-	94	86962405	19541
chr16	86942864	87142864	harbor1	chr16	86972106	86972421	LINE/L2	511	-	158	86972264	29400
chr16	86942864	87142864	harbor1	chr16	87003512	87003764	LINE/L2	618	-	126	87003638	60774
chr16	9452859	9652859	harbor1	chr16	9481209	9481254	LINE/L2	745	-	22	9481231	28372
chr16	9452859	9652859	harbor1	chr16	9481549	9482152	LINE/L2	745	-	302	9481851	28992
chr16	9452859	9652859	harbor1	chr16	9483368	9483810	LINE/L2	643	-	221	9483589	30730
chr16	9452859	9652859	harbor1	chr16	9536057	9536773	LINE/L2	463	-	358	9536415	83556
chr16	9452859	9652859	harbor1	chr16	9546209	9547029	LINE/L2	986	-	410	9546619	93760
chr16	29589503	29789503	harbor1	chr16	29655243	29655473	LINE/L2	739	-	115	29655358	65855
chr16	29589503	29789503	harbor1	chr16	29655758	29655789	LINE/L2	739	-	16	29655774	66271
chr16	29589503	29789503	harbor1	chr16	29656710	29657203	LINE/L2	739	-	246	29656956	67453
chr16	19224920	19424920	harbor1	chr16	19227764	19227878	LINE/L2	564	-	57	19227821	2901
chr16	19224920	19424920	harbor1	chr16	19231746	19232093	LINE/L2	587	-	174	19231920	7000
chr16	19224920	19424920	harbor1	chr16	19237867	19238189	LINE/L2	438	-	161	19238028	13108
chr16	19224920	19424920	harbor1	chr16	19242118	19242487	LINE/L2	492	-	184	19242302	17382
chr16	19224920	19424920	harbor1	chr16	19246770	19247169	LINE/L2	1150	-	200	19246970	22050
chr16	19224920	19424920	harbor1	chr16	19305219	19305435	LINE/L2	445	-	108	19305327	80407
chr16	82759528	82959528	harbor1	chr16	82812249	82812775	LINE/L2	487	-	263	82812512	52984
chr16	82759528	82959528	harbor1	chr16	82816279	82816758	LINE/L2	944	-	240	82816519	56991
chr16	82759528	82959528	harbor1	chr16	82819722	82819936	LINE/L2	583	-	107	82819829	60301
chr16	9322201	9522201	harbor1	chr16	9366100	9366606	LINE/L2	732	-	253	9366353	44152
chr16	9322201	9522201	harbor1	chr16	9368989	9369120	LINE/L2	549	-	66	9369055	46854
chr16	9322201	9522201	harbor1	chr16	9374329	9374532	LINE/L2	494	-	102	9374431	52230
chr16	9322201	9522201	harbor1	chr16	9388984	9389415	LINE/L2	490	-	216	9389200	66999
chr16	30057177	30257177	harbor1	chr16	30058843	30059017	LINE/L2	475	-	87	30058930	1753
chr16	28109361	28309361	harbor1	chr16	28204121	28204551	LINE/L2	1039	-	215	28204336	94975
chr16	28109361	28309361	harbor1	chr16	28204693	28204915	LINE/L2	961	-	111	28204804	95443
chr16	28109361	28309361	harbor1	chr16	28205067	28205221	LINE/L2	961	-	77	28205144	95783
chr16	67032093	67232093	harbor1	chr16	67040584	67041120	LINE/L2	1717	-	268	67040852	8759
chr16	67032093	67232093	harbor1	chr16	67041237	67041494	LINE/L2	1717	-	128	67041365	9272
chr16	56986575	57186575	harbor1	chr16	56994393	56994730	LINE/L2	503	-	168	56994561	7986
chr16	56986575	57186575	harbor1	chr16	57009804	57010197	LINE/L2	680	-	196	57010000	23425
chr16	56986575	57186575	harbor1	chr16	57052985	57053525	LINE/L2	714	-	270	57053255	66680
chr16	56986575	57186575	harbor1	chr16	57053826	57054070	LINE/L2	573	-	122	57053948	67373
chr16	15917384	16117384	harbor1	chr16	15960431	15960795	LINE/L2	800	-	182	15960613	43229
chr16	59720409	59920409	harbor1	chr16	59801807	59802507	LINE/L2	497	-	350	59802157	81748
chr16	16986656	17186656	harbor1	chr16	16988805	16989226	LINE/L2	620	-	210	16989015	2359
chr16	16986656	17186656	harbor1	chr16	16996491	16996787	LINE/L2	738	-	148	16996639	9983
chr16	16986656	17186656	harbor1	chr16	17011960	17012356	LINE/L2	826	-	198	17012158	25502
chr16	16986656	17186656	harbor1	chr16	17035502	17035794	LINE/L2	517	-	146	17035648	48992
chr16	16986656	17186656	harbor1	chr16	17036556	17036804	LINE/L2	691	-	124	17036680	50024
chr16	16986656	17186656	harbor1	chr16	17037025	17037813	LINE/L2	1509	-	394	17037419	50763
chr16	24345382	24545382	harbor1	chr16	24358531	24358665	LINE/L2	560	-	67	24358598	13216
chr16	24345382	24545382	harbor1	chr16	24431859	24432278	LINE/L2	440	-	210	24432069	86687
chr16	25959518	26159518	harbor1	chr16	25982920	25983152	LINE/L2	794	-	116	25983036	23518
chr16	25959518	26159518	harbor1	chr16	25992095	25992445	LINE/L2	518	-	175	25992270	32752
chr16	81663464	81863464	harbor1	chr16	81672877	81673076	LINE/L2	527	-	100	81672977	9513
chr16	81663464	81863464	harbor1	chr16	81733682	81733851	LINE/L2	1363	-	84	81733766	70302
chr16	81663464	81863464	harbor1	chr16	81734151	81734447	LINE/L2	1363	-	148	81734299	70835
chr16	14579114	14779114	harbor1	chr16	14611134	14611526	LINE/L2	468	-	196	14611330	32216
chr16	14579114	14779114	harbor1	chr16	14612047	14612156	LINE/L2	476	-	54	14612101	32987
chr16	14579114	14779114	harbor1	chr16	14612464	14612591	LINE/L2	476	-	64	14612528	33414
chr16	14579114	14779114	harbor1	chr16	14612893	14613027	LINE/L2	476	-	67	14612960	33846
chr16	48686600	48886600	harbor1	chr16	48696829	48697213	LINE/L2	526	-	192	48697021	10421
chr16	48686600	48886600	harbor1	chr16	48698270	48698708	LINE/L2	654	-	219	48698489	11889
chr16	48686600	48886600	harbor1	chr16	48715396	48715596	LINE/L2	462	-	100	48715496	28896
chr16	48686600	48886600	harbor1	chr16	48715811	48716201	LINE/L2	632	-	195	48716006	29406
chr16	48686600	48886600	harbor1	chr16	48716341	48716564	LINE/L2	475	-	112	48716453	29853
chr16	77738416	77938416	harbor1	chr16	77787051	77787369	LINE/L2	456	-	159	77787210	48794
chr16	62422319	62622319	harbor1	chr16	62465150	62465499	LINE/L2	467	-	174	62465324	43005
chr16	62422319	62622319	harbor1	chr16	62495172	62495661	LINE/L2	737	-	244	62495416	73097
chr16	60363063	60563063	harbor1	chr16	60416479	60416876	LINE/L2	459	-	198	60416677	53614
chr16	60363063	60563063	harbor1	chr16	60441052	60441346	LINE/L2	458	-	147	60441199	78136
chr16	5333005	5533005	harbor1	chr16	5341731	5341927	LINE/L2	1742	-	98	5341829	8824
chr16	5333005	5533005	harbor1	chr16	5397915	5398165	LINE/L2	459	-	125	5398040	65035
chr16	5333005	5533005	harbor1	chr16	5407338	5407561	LINE/L2	499	-	112	5407450	74445
chr16	5333005	5533005	harbor1	chr16	5409553	5409724	LINE/L2	638	-	86	5409639	76634
chr16	5333005	5533005	harbor1	chr16	5428480	5428761	LINE/L2	464	-	140	5428620	95615
chr16	5333005	5533005	harbor1	chr16	5430062	5430488	LINE/L2	450	-	213	5430275	97270
chr16	5333005	5533005	harbor1	chr16	5340718	5341561	LINE/L2	1742	-	422	5341140	8135
chr16	5333005	5533005	harbor1	chr16	5406711	5406969	LINE/L2	499	-	129	5406840	73835
chr16	61956355	62156355	harbor1	chr16	62017110	62017396	LINE/L2	684	-	143	62017253	60898
chr16	46942874	47142874	harbor1	chr16	46979316	46979815	LINE/L2	1005	-	250	46979566	36692
chr16	46942874	47142874	harbor1	chr16	46980128	46980353	LINE/L2	757	-	112	46980240	37366
chr16	46942874	47142874	harbor1	chr16	46984722	46984948	LINE/L2	781	-	113	46984835	41961
chr16	46942874	47142874	harbor1	chr16	46985242	46985411	LINE/L2	781	-	84	46985326	42452
chr16	46942874	47142874	harbor1	chr16	46988851	46988868	LINE/L2	778	-	8	46988859	45985
chr16	46942874	47142874	harbor1	chr16	46989900	46990223	LINE/L2	1003	-	162	46990062	47188
chr16	46942874	47142874	harbor1	chr16	46989171	46989605	LINE/L2	1003	-	217	46989388	46514
chr16	85258191	85458191	harbor1	chr16	85262862	85263026	LINE/L2	647	-	82	85262944	4753
chr16	54977151	55177151	harbor1	chr16	55059125	55059366	LINE/L2	547	-	120	55059245	82094
chr16	56009382	56209382	harbor1	chr16	56087439	56087901	LINE/L2	614	-	231	56087670	78288
chr16	56009382	56209382	harbor1	chr16	56105550	56105873	LINE/L2	483	-	162	56105712	96330
chr16	4856635	5056635	harbor1	chr16	4899606	4899710	LINE/L2	463	-	52	4899658	43023
chr16	4856635	5056635	harbor1	chr16	4904279	4904710	LINE/L2	471	-	216	4904495	47860
chr16	4856635	5056635	harbor1	chr16	4913845	4914098	LINE/L2	450	-	126	4913971	57336
chr16	4856635	5056635	harbor1	chr16	4947302	4947457	LINE/L2	497	-	78	4947380	90745
chr16	51637790	51837790	harbor1	chr16	51713057	51713142	LINE/L2	469	-	42	51713099	75309
chr16	51637790	51837790	harbor1	chr16	51713532	51713684	LINE/L2	469	-	76	51713608	75818
chr16	51637790	51837790	harbor1	chr16	51713720	51713785	LINE/L2	469	-	32	51713752	75962
chr16	62985236	63185236	harbor1	chr16	63008767	63008952	LINE/L2	462	-	92	63008859	23623
chr16	62985236	63185236	harbor1	chr16	63009029	63009194	LINE/L2	462	-	82	63009111	23875
chr16	62985236	63185236	harbor1	chr16	63009344	63009533	LINE/L2	463	-	94	63009438	24202
chr16	62985236	63185236	harbor1	chr16	63009537	63009827	LINE/L2	580	-	145	63009682	24446
chr16	62985236	63185236	harbor1	chr16	63041452	63041713	LINE/L2	685	-	130	63041582	56346
chr16	62985236	63185236	harbor1	chr16	63041874	63041998	LINE/L2	685	-	62	63041936	56700
chr16	62985236	63185236	harbor1	chr16	63048577	63049228	LINE/L2	912	-	326	63048903	63667
chr16	61054666	61254666	harbor1	chr16	61059451	61060378	LINE/L2	904	-	464	61059915	5249
chr16	61054666	61254666	harbor1	chr16	61075593	61075732	LINE/L2	498	-	70	61075663	20997
chr16	61054666	61254666	harbor1	chr16	61113237	61113620	LINE/L2	517	-	192	61113429	58763
chr16	66775587	66975587	harbor1	chr16	66803912	66804191	LINE/L2	910	-	140	66804052	28465
chr16	12630057	12830057	harbor1	chr16	12659494	12659745	LINE/L2	544	-	126	12659620	29563
chr16	5519386	5719386	harbor1	chr16	5534943	5535078	LINE/L2	475	-	68	5535011	15625
chr16	5519386	5719386	harbor1	chr16	5572273	5572398	LINE/L2	735	-	62	5572335	52949
chr16	5519386	5719386	harbor1	chr16	5572610	5573274	LINE/L2	735	-	332	5572942	53556
chr16	5519386	5719386	harbor1	chr16	5612344	5612776	LINE/L2	549	-	216	5612560	93174
chr16	29310903	29510903	harbor1	chr16	29373712	29373862	LINE/L2	486	-	75	29373787	62884
chr16	57775662	57975662	harbor1	chr16	57841069	57841322	LINE/L2	467	-	126	57841195	65533
chr16	15183001	15383001	harbor1	chr16	15196922	15197268	LINE/L2	576	-	173	15197095	14094
chr16	15183001	15383001	harbor1	chr16	15255235	15255476	LINE/L2	544	-	120	15255355	72354
chr16	15183001	15383001	harbor1	chr16	15255776	15255890	LINE/L2	544	-	57	15255833	72832
chr16	10693662	10893662	harbor1	chr16	10746267	10746303	LINE/L2	475	-	18	10746285	52623
chr16	10693662	10893662	harbor1	chr16	10746823	10746941	LINE/L2	475	-	59	10746882	53220
chr16	25616178	25816178	harbor1	chr16	25618589	25618885	LINE/L2	609	-	148	25618737	2559
chr16	25616178	25816178	harbor1	chr16	25619186	25619325	LINE/L2	609	-	70	25619256	3078
chr16	25616178	25816178	harbor1	chr16	25664317	25664863	LINE/L2	498	-	273	25664590	48412
chr16	25616178	25816178	harbor1	chr16	25697105	25697314	LINE/L2	635	-	104	25697209	81031
chr16	23000252	23200252	harbor1	chr16	23005686	23006411	LINE/L2	979	-	362	23006048	5796
chr16	23000252	23200252	harbor1	chr16	23006791	23006818	LINE/L2	979	-	14	23006805	6553
chr16	23000252	23200252	harbor1	chr16	23006928	23007339	LINE/L2	536	-	206	23007134	6882
chr16	23000252	23200252	harbor1	chr16	23007971	23008280	LINE/L2	472	-	154	23008125	7873
chr16	23000252	23200252	harbor1	chr16	23032477	23032617	LINE/L2	547	-	70	23032547	32295
chr16	23000252	23200252	harbor1	chr16	23054928	23055213	LINE/L2	472	-	142	23055070	54818
chr16	23000252	23200252	harbor1	chr16	23058939	23059255	LINE/L2	818	-	158	23059097	58845
chr16	80386796	80586796	harbor1	chr16	80406880	80407230	LINE/L2	750	-	175	80407055	20259
chr16	62149162	62349162	harbor1	chr16	62189841	62190149	LINE/L2	568	-	154	62189995	40833
chr16	81726050	81926050	harbor1	chr16	81733682	81733851	LINE/L2	1363	-	84	81733766	7716
chr16	81726050	81926050	harbor1	chr16	81734151	81734447	LINE/L2	1363	-	148	81734299	8249
chr16	81726050	81926050	harbor1	chr16	81784932	81785137	LINE/L2	530	-	102	81785034	58984
chr16	81726050	81926050	harbor1	chr16	81795053	81795415	LINE/L2	796	-	181	81795234	69184
chr16	18584927	18784927	harbor1	chr16	18629018	18629350	LINE/L2	487	-	166	18629184	44257
chr16	18584927	18784927	harbor1	chr16	18629910	18630020	LINE/L2	487	-	55	18629965	45038
chr16	6442710	6642710	harbor1	chr16	6456467	6457270	LINE/L2	1023	-	402	6456869	14159
chr16	6442710	6642710	harbor1	chr16	6541322	6541475	LINE/L2	469	-	76	6541398	98688
chr16	6442710	6642710	harbor1	chr16	6541553	6541867	LINE/L2	455	-	157	6541710	99000
chr16	22094488	22294488	harbor1	chr16	22095052	22095526	LINE/L2	436	-	237	22095289	801
chr16	22094488	22294488	harbor1	chr16	22105875	22106102	LINE/L2	1046	-	114	22105989	11501
chr16	22094488	22294488	harbor1	chr16	22106410	22107180	LINE/L2	1570	-	385	22106795	12307
chr16	22094488	22294488	harbor1	chr16	22107844	22108639	LINE/L2	1393	-	398	22108242	13754
chr16	22094488	22294488	harbor1	chr16	22127681	22128398	LINE/L2	578	-	358	22128039	33551
chr16	22094488	22294488	harbor1	chr16	22129096	22129107	LINE/L2	578	-	6	22129102	34614
chr16	22094488	22294488	harbor1	chr16	22129428	22129855	LINE/L2	578	-	214	22129642	35154
chr16	22094488	22294488	harbor1	chr16	22178580	22178922	LINE/L2	460	-	171	22178751	84263
chr16	22094488	22294488	harbor1	chr16	22179365	22179529	LINE/L2	1284	-	82	22179447	84959
chr16	22094488	22294488	harbor1	chr16	22179836	22180253	LINE/L2	1798	-	208	22180044	85556
chr16	22094488	22294488	harbor1	chr16	22180703	22180724	LINE/L2	1798	-	10	22180713	86225
chr16	22094488	22294488	harbor1	chr16	22181021	22181476	LINE/L2	1798	-	228	22181249	86761
chr16	22094488	22294488	harbor1	chr16	22188822	22189058	LINE/L2	466	-	118	22188940	94452
chr16	50726345	50926345	harbor1	chr16	50734772	50734935	LINE/L2	1067	-	82	50734854	8509
chr16	50726345	50926345	harbor1	chr16	50735408	50736099	LINE/L2	1067	-	346	50735754	9409
chr16	50726345	50926345	harbor1	chr16	50757946	50758860	LINE/L2	1795	-	457	50758403	32058
chr16	17359444	17559444	harbor1	chr16	17415255	17415407	LINE/L2	484	-	76	17415331	55887
chr16	17359444	17559444	harbor1	chr16	17415710	17416046	LINE/L2	484	-	168	17415878	56434
chr16	17359444	17559444	harbor1	chr16	17426073	17426277	LINE/L2	991	-	102	17426175	66731
chr16	17359444	17559444	harbor1	chr16	17426576	17426590	LINE/L2	991	-	7	17426583	67139
chr16	17359444	17559444	harbor1	chr16	17426809	17427172	LINE/L2	991	-	182	17426991	67547
chr16	69948732	70148732	harbor1	chr16	70012257	70012789	LINE/L2	476	-	266	70012523	63791
chr16	69948732	70148732	harbor1	chr16	70013604	70013756	LINE/L2	476	-	76	70013680	64948
chr16	66707306	66907306	harbor1	chr16	66803912	66804191	LINE/L2	910	-	140	66804052	96746
chr16	32068129	32268129	harbor1	chr16	32112821	32113167	LINE/L2	511	-	173	32112994	44865
chr16	32068129	32268129	harbor1	chr16	32136856	32137175	LINE/L2	495	-	160	32137016	68887
chr16	54735970	54935970	harbor1	chr16	54800672	54801174	LINE/L2	464	-	251	54800923	64953
chr16	26860412	27060412	harbor1	chr16	26901596	26901932	LINE/L2	515	-	168	26901764	41352
chr16	26860412	27060412	harbor1	chr16	26935534	26936084	LINE/L2	492	-	275	26935809	75397
chr16	16507035	16707035	harbor1	chr16	16507950	16508142	LINE/L2	490	-	96	16508046	1011
chr16	16507035	16707035	harbor1	chr16	16528859	16529240	LINE/L2	775	-	190	16529049	22014
chr16	16507035	16707035	harbor1	chr16	16548300	16548475	LINE/L2	591	-	88	16548388	41353
chr16	16507035	16707035	harbor1	chr16	16569700	16569984	LINE/L2	666	-	142	16569842	62807
chr16	16507035	16707035	harbor1	chr16	16596349	16596474	LINE/L2	1153	-	62	16596411	89376
chr16	16507035	16707035	harbor1	chr16	16598465	16598919	LINE/L2	976	-	227	16598692	91657
chr16	16507035	16707035	harbor1	chr16	16596771	16597228	LINE/L2	1153	-	228	16596999	89964
chr16	84053191	84253191	harbor1	chr16	84069215	84069663	LINE/L2	497	-	224	84069439	16248
chr16	84053191	84253191	harbor1	chr16	84105806	84106013	LINE/L2	1093	-	104	84105910	52719
chr16	84053191	84253191	harbor1	chr16	84106326	84107047	LINE/L2	1271	-	360	84106686	53495
chr16	61075152	61275152	harbor1	chr16	61075593	61075732	LINE/L2	498	-	70	61075663	511
chr16	61075152	61275152	harbor1	chr16	61113237	61113620	LINE/L2	517	-	192	61113429	38277
chr16	18237448	18437448	harbor1	chr16	18237574	18237674	LINE/L2	443	-	50	18237624	176
chr16	18237448	18437448	harbor1	chr16	18237979	18238189	LINE/L2	443	-	105	18238084	636
chr16	18237448	18437448	harbor1	chr16	18275750	18275863	LINE/L2	442	-	56	18275806	38358
chr16	18237448	18437448	harbor1	chr16	18277945	18278456	LINE/L2	804	-	256	18278201	40753
chr16	18237448	18437448	harbor1	chr16	18288544	18288736	LINE/L2	516	-	96	18288640	51192
chr16	18237448	18437448	harbor1	chr16	18289441	18289695	LINE/L2	516	-	127	18289568	52120
chr16	53736710	53936710	harbor1	chr16	53765130	53765274	LINE/L2	482	-	72	53765202	28492
chr16	53736710	53936710	harbor1	chr16	53765577	53766217	LINE/L2	1310	-	320	53765897	29187
chr16	53736710	53936710	harbor1	chr16	53766522	53766748	LINE/L2	1310	-	113	53766635	29925
chr16	53736710	53936710	harbor1	chr16	53785518	53785630	LINE/L2	503	-	56	53785574	48864
chr16	53736710	53936710	harbor1	chr16	53785935	53786143	LINE/L2	503	-	104	53786039	49329
chr16	53736710	53936710	harbor1	chr16	53831515	53831997	LINE/L2	741	-	241	53831756	95046
chr16	68018215	68218215	harbor1	chr16	68025885	68025978	LINE/L2	434	-	46	68025931	7716
chr16	68018215	68218215	harbor1	chr16	68027561	68028224	LINE/L2	564	-	332	68027893	9678
chr16	68018215	68218215	harbor1	chr16	68032280	68032687	LINE/L2	882	-	204	68032484	14269
chr16	68018215	68218215	harbor1	chr16	68032929	68033391	LINE/L2	882	-	231	68033160	14945
chr16	68018215	68218215	harbor1	chr16	68097370	68097703	LINE/L2	526	-	166	68097536	79321
chr16	4944311	5144311	harbor1	chr16	4947302	4947457	LINE/L2	497	-	78	4947380	3069
chr16	4944311	5144311	harbor1	chr16	4988777	4989088	LINE/L2	533	-	156	4988933	44622
chr16	19828706	20028706	harbor1	chr16	19902200	19902366	LINE/L2	954	-	83	19902283	73577
chr16	19828706	20028706	harbor1	chr16	19902672	19902967	LINE/L2	954	-	148	19902820	74114
chr16	19828706	20028706	harbor1	chr16	19903293	19903458	LINE/L2	829	-	82	19903375	74669
chr16	6513760	6713760	harbor1	chr16	6541322	6541475	LINE/L2	469	-	76	6541398	27638
chr16	6513760	6713760	harbor1	chr16	6541553	6541867	LINE/L2	455	-	157	6541710	27950
chr16	6513760	6713760	harbor1	chr16	6560179	6560718	LINE/L2	602	-	270	6560449	46689
chr16	68058243	68258243	harbor1	chr16	68097370	68097703	LINE/L2	526	-	166	68097536	39293
chr16	68058243	68258243	harbor1	chr16	68138984	68139171	LINE/L2	481	-	94	68139078	80835
chr16	68058243	68258243	harbor1	chr16	68154597	68155020	LINE/L2	868	-	212	68154809	96566
chr16	64015828	64215828	harbor1	chr16	64040952	64041221	LINE/L2	460	-	134	64041086	25258
chr16	64015828	64215828	harbor1	chr16	64048093	64048312	LINE/L2	450	-	110	64048203	32375
chr16	64015828	64215828	harbor1	chr16	64071187	64071328	LINE/L2	464	-	70	64071257	55429
chr16	17060009	17260009	harbor1	chr16	17088643	17088798	LINE/L2	533	-	78	17088721	28712
chr16	17060009	17260009	harbor1	chr16	17126822	17127122	LINE/L2	441	-	150	17126972	66963
chr16	23054934	23254934	harbor1	chr16	23054928	23055213	LINE/L2	472	-	142	23055070	136
chr16	23054934	23254934	harbor1	chr16	23058939	23059255	LINE/L2	818	-	158	23059097	4163
chr16	23054934	23254934	harbor1	chr16	23111178	23111888	LINE/L2	474	-	355	23111533	56599
chr16	20627857	20827857	harbor1	chr16	20700213	20700742	LINE/L2	606	-	264	20700477	72620
chr16	20627857	20827857	harbor1	chr16	20700833	20701090	LINE/L2	805	-	128	20700961	73104
chr16	20627857	20827857	harbor1	chr16	20714154	20714850	LINE/L2	657	-	348	20714502	86645
chr16	11368435	11568435	harbor1	chr16	11416534	11416957	LINE/L2	796	-	212	11416746	48311
chr16	55756540	55956540	harbor1	chr16	55765069	55765291	LINE/L2	677	-	111	55765180	8640
chr16	55756540	55956540	harbor1	chr16	55780325	55781114	LINE/L2	1379	-	394	55780719	24179
chr16	55756540	55956540	harbor1	chr16	55821692	55822652	LINE/L2	908	-	480	55822172	65632
chr16	22393635	22593635	harbor1	chr16	22408046	22408287	LINE/L2	1723	-	120	22408166	14531
chr16	22393635	22593635	harbor1	chr16	22408594	22408921	LINE/L2	1723	-	164	22408758	15123
chr16	22393635	22593635	harbor1	chr16	22415220	22415433	LINE/L2	449	-	106	22415326	21691
chr16	22393635	22593635	harbor1	chr16	22487098	22487412	LINE/L2	524	-	157	22487255	93620
chr16	5125381	5325381	harbor1	chr16	5215535	5215806	LINE/L2	592	-	136	5215671	90290
chr16	7783580	7983580	harbor1	chr16	7872397	7873028	LINE/L2	1481	-	316	7872713	89133
chr16	75453914	75653914	harbor1	chr16	75503797	75504193	LINE/L2	594	-	198	75503995	50081
chr16	75453914	75653914	harbor1	chr16	75507598	75508037	LINE/L2	762	-	220	75507818	53904
chr16	75453914	75653914	harbor1	chr16	75544112	75544544	LINE/L2	681	-	216	75544328	90414
chr16	61490246	61690246	harbor1	chr16	61529417	61530109	LINE/L2	466	-	346	61529763	39517
chr16	18477944	18677944	harbor1	chr16	18521335	18521950	LINE/L2	959	-	308	18521643	43699
chr16	18477944	18677944	harbor1	chr16	18525265	18525594	LINE/L2	540	-	164	18525429	47485
chr16	18477944	18677944	harbor1	chr16	18527799	18528265	LINE/L2	941	-	233	18528032	50088
chr16	18477944	18677944	harbor1	chr16	18540322	18540433	LINE/L2	437	-	56	18540378	62434
chr16	13138332	13338332	harbor1	chr16	13145756	13145881	LINE/L2	543	-	62	13145818	7486
chr16	13138332	13338332	harbor1	chr16	13159877	13160278	LINE/L2	535	-	200	13160077	21745
chr16	13138332	13338332	harbor1	chr16	13173431	13173531	LINE/L2	434	-	50	13173481	35149
chr16	13138332	13338332	harbor1	chr16	13173742	13173951	LINE/L2	434	-	104	13173846	35514
chr16	13138332	13338332	harbor1	chr16	13224527	13224923	LINE/L2	775	-	198	13224725	86393
chr16	31259753	31459753	harbor1	chr16	31327041	31327196	LINE/L2	553	-	78	31327119	67366
chr16	29345942	29545942	harbor1	chr16	29373712	29373862	LINE/L2	486	-	75	29373787	27845
chr16	29345942	29545942	harbor1	chr16	29421511	29421631	LINE/L2	683	-	60	29421571	75629
chr16	29345942	29545942	harbor1	chr16	29421918	29422134	LINE/L2	683	-	108	29422026	76084
chr16	29345942	29545942	harbor1	chr16	29422440	29422671	LINE/L2	683	-	116	29422556	76614
chr16	80762550	80962550	harbor1	chr16	80784674	80785134	LINE/L2	451	-	230	80784904	22354
chr16	80762550	80962550	harbor1	chr16	80793554	80793673	LINE/L2	438	-	60	80793614	31064
chr16	80762550	80962550	harbor1	chr16	80809328	80810721	LINE/L2	2069	-	696	80810024	47474
chr16	80762550	80962550	harbor1	chr16	80811011	80811185	LINE/L2	2069	-	87	80811098	48548
chr16	80762550	80962550	harbor1	chr16	80811869	80812312	LINE/L2	958	-	222	80812091	49541
chr16	80762550	80962550	harbor1	chr16	80831417	80831564	LINE/L2	441	-	74	80831491	68941
chr16	80762550	80962550	harbor1	chr16	80831966	80832010	LINE/L2	441	-	22	80831988	69438
chr16	80762550	80962550	harbor1	chr16	80832310	80832500	LINE/L2	441	-	95	80832405	69855
chr16	80762550	80962550	harbor1	chr16	80837948	80838162	LINE/L2	489	-	107	80838055	75505
chr16	14543174	14743174	harbor1	chr16	14611134	14611526	LINE/L2	468	-	196	14611330	68156
chr16	14543174	14743174	harbor1	chr16	14612047	14612156	LINE/L2	476	-	54	14612101	68927
chr16	14543174	14743174	harbor1	chr16	14612464	14612591	LINE/L2	476	-	64	14612528	69354
chr16	14543174	14743174	harbor1	chr16	14612893	14613027	LINE/L2	476	-	67	14612960	69786
chr16	5272409	5472409	harbor1	chr16	5341731	5341927	LINE/L2	1742	-	98	5341829	69420
chr16	5272409	5472409	harbor1	chr16	5340718	5341561	LINE/L2	1742	-	422	5341140	68731
chr17	53469706	53669706	harbor1	chr17	53498507	53498773	LINE/L2	858	-	133	53498640	28934
chr17	53469706	53669706	harbor1	chr17	53499054	53499144	LINE/L2	858	-	45	53499099	29393
chr17	53469706	53669706	harbor1	chr17	53555360	53555854	LINE/L2	507	-	247	53555607	85901
chr17	49618180	49818180	harbor1	chr17	49621757	49621905	LINE/L2	656	-	74	49621831	3651
chr17	50352094	50552094	harbor1	chr17	50351647	50352117	LINE/L2	2235	-	235	50351882	212
chr17	50352094	50552094	harbor1	chr17	50387265	50387918	LINE/L2	1045	-	326	50387591	35497
chr17	71898852	72098852	harbor1	chr17	71965265	71965650	LINE/L2	799	-	192	71965457	66605
chr17	71898852	72098852	harbor1	chr17	71969409	71971539	LINE/L2	3959	-	1065	71970474	71622
chr17	71898852	72098852	harbor1	chr17	71971917	71971967	LINE/L2	3959	-	25	71971942	73090
chr17	37527918	37727918	harbor1	chr17	37537194	37537346	LINE/L2	1072	-	76	37537270	9352
chr17	37527918	37727918	harbor1	chr17	37537654	37537827	LINE/L2	1072	-	86	37537740	9822
chr17	37527918	37727918	harbor1	chr17	37598043	37598389	LINE/L2	1273	-	173	37598216	70298
chr17	29062749	29262749	harbor1	chr17	29103942	29104898	LINE/L2	1076	-	478	29104420	41671
chr17	29062749	29262749	harbor1	chr17	29105202	29106248	LINE/L2	1076	-	523	29105725	42976
chr17	27986699	28186699	harbor1	chr17	27998585	27999216	LINE/L2	1726	-	316	27998901	12202
chr17	27986699	28186699	harbor1	chr17	28002955	28003738	LINE/L2	2033	-	392	28003347	16648
chr17	27986699	28186699	harbor1	chr17	28004039	28004378	LINE/L2	2033	-	170	28004209	17510
chr17	27986699	28186699	harbor1	chr17	28016162	28016510	LINE/L2	874	-	174	28016336	29637
chr17	27986699	28186699	harbor1	chr17	28023382	28023562	LINE/L2	531	-	90	28023472	36773
chr17	27986699	28186699	harbor1	chr17	28065263	28065685	LINE/L2	502	-	211	28065474	78775
chr17	12440074	12640074	harbor1	chr17	12483044	12483204	LINE/L2	622	-	80	12483124	43050
chr17	12440074	12640074	harbor1	chr17	12510913	12511431	LINE/L2	619	-	259	12511172	71098
chr17	12440074	12640074	harbor1	chr17	12537711	12539393	LINE/L2	3763	-	841	12538552	98478
chr17	72962286	73162286	harbor1	chr17	72978263	72978695	LINE/L2	570	-	216	72978479	16193
chr17	72962286	73162286	harbor1	chr17	73049648	73049842	LINE/L2	653	-	97	73049745	87459
chr17	72962286	73162286	harbor1	chr17	73050145	73050402	LINE/L2	653	-	128	73050273	87987
chr17	62281739	62481739	harbor1	chr17	62309202	62309613	LINE/L2	491	-	206	62309408	27669
chr17	62281739	62481739	harbor1	chr17	62315642	62315733	LINE/L2	541	-	46	62315688	33949
chr17	62281739	62481739	harbor1	chr17	62316203	62316329	LINE/L2	541	-	63	62316266	34527
chr17	62281739	62481739	harbor1	chr17	62316656	62317077	LINE/L2	541	-	210	62316866	35127
chr17	62281739	62481739	harbor1	chr17	62331493	62331970	LINE/L2	2611	-	238	62331731	49992
chr17	62281739	62481739	harbor1	chr17	62332260	62332489	LINE/L2	2611	-	114	62332374	50635
chr17	62281739	62481739	harbor1	chr17	62333063	62333700	LINE/L2	3019	-	318	62333381	51642
chr17	62281739	62481739	harbor1	chr17	62334142	62334452	LINE/L2	3019	-	155	62334297	52558
chr17	62281739	62481739	harbor1	chr17	62334464	62334747	LINE/L2	986	-	142	62334606	52867
chr17	31549001	31749001	harbor1	chr17	31607160	31607183	LINE/L2	686	-	12	31607172	58171
chr17	31549001	31749001	harbor1	chr17	31607458	31607799	LINE/L2	686	-	170	31607628	58627
chr17	31549001	31749001	harbor1	chr17	31608103	31608116	LINE/L2	686	-	6	31608109	59108
chr17	31549001	31749001	harbor1	chr17	31609102	31609314	LINE/L2	687	-	106	31609208	60207
chr17	49793583	49993583	harbor1	chr17	49794087	49794288	LINE/L2	503	-	100	49794187	604
chr17	49793583	49993583	harbor1	chr17	49794585	49794679	LINE/L2	503	-	47	49794632	1049
chr17	49793583	49993583	harbor1	chr17	49800622	49801095	LINE/L2	840	-	236	49800858	7275
chr17	49793583	49993583	harbor1	chr17	49835584	49836095	LINE/L2	640	-	256	49835840	42257
chr17	49793583	49993583	harbor1	chr17	49892155	49892243	LINE/L2	968	-	44	49892199	98616
chr17	49793583	49993583	harbor1	chr17	49892276	49892662	LINE/L2	968	-	193	49892469	98886
chr17	49793583	49993583	harbor1	chr17	49807073	49808008	LINE/L2	891	-	468	49807541	13958
chr17	75396099	75596099	harbor1	chr17	75406183	75406593	LINE/L2	682	-	205	75406388	10289
chr17	75396099	75596099	harbor1	chr17	75418559	75418819	LINE/L2	771	-	130	75418689	22590
chr17	75396099	75596099	harbor1	chr17	75419123	75419383	LINE/L2	771	-	130	75419253	23154
chr17	75396099	75596099	harbor1	chr17	75419681	75419725	LINE/L2	771	-	22	75419703	23604
chr17	75396099	75596099	harbor1	chr17	75420652	75420825	LINE/L2	507	-	86	75420738	24639
chr17	75396099	75596099	harbor1	chr17	75422707	75422804	LINE/L2	498	-	48	75422755	26656
chr17	75396099	75596099	harbor1	chr17	75423106	75423188	LINE/L2	498	-	41	75423147	27048
chr17	75396099	75596099	harbor1	chr17	75440928	75441354	LINE/L2	979	-	213	75441141	45042
chr17	75396099	75596099	harbor1	chr17	75442888	75443052	LINE/L2	919	-	82	75442970	46871
chr17	75396099	75596099	harbor1	chr17	75443957	75444184	LINE/L2	897	-	114	75444071	47972
chr17	7697627	7897627	harbor1	chr17	7712976	7713181	LINE/L2	711	-	102	7713078	15451
chr17	7697627	7897627	harbor1	chr17	7713505	7713688	LINE/L2	711	-	92	7713597	15970
chr17	7697627	7897627	harbor1	chr17	7753141	7753666	LINE/L2	581	-	262	7753403	55776
chr17	7697627	7897627	harbor1	chr17	7753969	7754312	LINE/L2	581	-	172	7754141	56514
chr17	7697627	7897627	harbor1	chr17	7754991	7755760	LINE/L2	501	-	384	7755375	57748
chr17	8396369	8596369	harbor1	chr17	8429271	8429718	LINE/L2	575	-	224	8429495	33126
chr17	8396369	8596369	harbor1	chr17	8453183	8453346	LINE/L2	519	-	82	8453265	56896
chr17	6538918	6738918	harbor1	chr17	6623794	6624011	LINE/L2	518	-	108	6623902	84984
chr17	34477470	34677470	harbor1	chr17	34506785	34507264	LINE/L2	1406	-	240	34507025	29555
chr17	34477470	34677470	harbor1	chr17	34511668	34511946	LINE/L2	535	-	139	34511807	34337
chr17	34477470	34677470	harbor1	chr17	34511948	34512281	LINE/L2	529	-	166	34512114	34644
chr17	34477470	34677470	harbor1	chr17	34522626	34523245	LINE/L2	848	-	310	34522936	45466
chr17	34477470	34677470	harbor1	chr17	34549736	34550388	LINE/L2	697	-	326	34550062	72592
chr17	34477470	34677470	harbor1	chr17	34563694	34564120	LINE/L2	524	-	213	34563907	86437
chr17	34477470	34677470	harbor1	chr17	34574142	34574664	LINE/L2	1075	-	261	34574403	96933
chr17	69596742	69796742	harbor1	chr17	69603153	69603269	LINE/L2	488	-	58	69603211	6469
chr17	69596742	69796742	harbor1	chr17	69603308	69603459	LINE/L2	488	-	76	69603384	6642
chr17	69596742	69796742	harbor1	chr17	69635539	69636296	LINE/L2	870	-	378	69635917	39175
chr17	6359288	6559288	harbor1	chr17	6399622	6400026	LINE/L2	1267	-	202	6399824	40536
chr17	6359288	6559288	harbor1	chr17	6400041	6400452	LINE/L2	1358	-	206	6400247	40959
chr17	6359288	6559288	harbor1	chr17	6401035	6401159	LINE/L2	1358	-	62	6401097	41809
chr17	57428377	57628377	harbor1	chr17	57434871	57435530	LINE/L2	604	-	330	57435201	6824
chr17	57428377	57628377	harbor1	chr17	57445913	57446368	LINE/L2	594	-	228	57446141	17764
chr17	57428377	57628377	harbor1	chr17	57494778	57495168	LINE/L2	678	-	195	57494973	66596
chr17	71732756	71932756	harbor1	chr17	71789410	71789810	LINE/L2	962	-	200	71789610	56854
chr17	69894440	70094440	harbor1	chr17	69895241	69895880	LINE/L2	1225	-	320	69895561	1121
chr17	69894440	70094440	harbor1	chr17	69982709	69983148	LINE/L2	621	-	220	69982929	88489
chr17	61497291	61697291	harbor1	chr17	61589318	61590415	LINE/L2	980	-	548	61589866	92575
chr17	61497291	61697291	harbor1	chr17	61592130	61592745	LINE/L2	577	-	308	61592438	95147
chr17	33538029	33738029	harbor1	chr17	33557352	33557551	LINE/L2	510	-	100	33557452	19423
chr17	33538029	33738029	harbor1	chr17	33567110	33567781	LINE/L2	590	-	336	33567446	29417
chr17	46417069	46617069	harbor1	chr17	46421309	46421471	LINE/L2	569	-	81	46421390	4321
chr17	46417069	46617069	harbor1	chr17	46478737	46479142	LINE/L2	513	-	202	46478939	61870
chr17	8708227	8908227	harbor1	chr17	8714143	8714257	LINE/L2	1082	-	57	8714200	5973
chr17	8708227	8908227	harbor1	chr17	8714586	8715001	LINE/L2	1082	-	208	8714794	6567
chr17	54145149	54345149	harbor1	chr17	54156749	54157141	LINE/L2	586	-	196	54156945	11796
chr17	54145149	54345149	harbor1	chr17	54157162	54158005	LINE/L2	960	-	422	54157584	12435
chr17	54145149	54345149	harbor1	chr17	54175246	54175604	LINE/L2	494	-	179	54175425	30276
chr17	75572234	75772234	harbor1	chr17	75622443	75623049	LINE/L2	640	-	303	75622746	50512
chr17	75572234	75772234	harbor1	chr17	75623614	75623676	LINE/L2	640	-	31	75623645	51411
chr17	53787733	53987733	harbor1	chr17	53876652	53876949	LINE/L2	512	-	148	53876800	89067
chr17	53984220	54184220	harbor1	chr17	54016702	54017239	LINE/L2	850	-	268	54016970	32750
chr17	53984220	54184220	harbor1	chr17	54017812	54018023	LINE/L2	850	-	106	54017918	33698
chr17	392407	592407	harbor1	chr17	393725	394038	LINE/L2	583	-	156	393881	1474
chr17	70902390	71102390	harbor1	chr17	70959528	70959966	LINE/L2	860	-	219	70959747	57357
chr17	70902390	71102390	harbor1	chr17	70960182	70960549	LINE/L2	745	-	184	70960366	57976
chr17	70902390	71102390	harbor1	chr17	70958709	70959208	LINE/L2	902	-	250	70958959	56569
chr17	63352799	63552799	harbor1	chr17	63352792	63353072	LINE/L2	784	-	140	63352932	133
chr17	63352799	63552799	harbor1	chr17	63353055	63353785	LINE/L2	1084	-	365	63353420	621
chr17	63352799	63552799	harbor1	chr17	63374494	63374686	LINE/L2	502	-	96	63374590	21791
chr17	12267707	12467707	harbor1	chr17	12265759	12268512	LINE/L2	5016	-	1376	12267135	572
chr17	12267707	12467707	harbor1	chr17	12276871	12277274	LINE/L2	607	-	202	12277073	9366
chr17	5177369	5377369	harbor1	chr17	5207184	5207496	LINE/L2	620	-	156	5207340	29971
chr17	5177369	5377369	harbor1	chr17	5207806	5208414	LINE/L2	620	-	304	5208110	30741
chr17	5177369	5377369	harbor1	chr17	5212762	5213103	LINE/L2	694	-	170	5212932	35563
chr17	15603045	15803045	harbor1	chr17	15698710	15699052	LINE/L2	519	-	171	15698881	95836
chr17	66116854	66316854	harbor1	chr17	66210524	66211258	LINE/L2	2288	-	367	66210891	94037
chr17	2033096	2233096	harbor1	chr17	2111098	2111375	LINE/L2	732	-	138	2111236	78140
chr17	54331164	54531164	harbor1	chr17	54410501	54410848	LINE/L2	1119	-	174	54410675	79511
chr17	50966884	51166884	harbor1	chr17	51038178	51038599	LINE/L2	983	-	210	51038388	71504
chr17	50966884	51166884	harbor1	chr17	51040544	51040776	LINE/L2	572	-	116	51040660	73776
chr17	56047537	56247537	harbor1	chr17	56118743	56119573	LINE/L2	563	-	415	56119158	71621
chr17	12639588	12839588	harbor1	chr17	12650364	12650594	LINE/L2	567	-	115	12650479	10891
chr17	42082318	42282318	harbor1	chr17	42109489	42109613	LINE/L2	531	-	62	42109551	27233
chr17	42082318	42282318	harbor1	chr17	42110217	42110595	LINE/L2	560	-	189	42110406	28088
chr17	42082318	42282318	harbor1	chr17	42148482	42148811	LINE/L2	505	-	164	42148646	66328
chr17	27311050	27511050	harbor1	chr17	27362580	27362683	LINE/L2	499	-	52	27362632	51582
chr17	27311050	27511050	harbor1	chr17	27391602	27392011	LINE/L2	956	-	204	27391806	80756
chr17	27311050	27511050	harbor1	chr17	27407593	27408094	LINE/L2	722	-	250	27407843	96793
chr17	27311050	27511050	harbor1	chr17	27409394	27409767	LINE/L2	721	-	186	27409580	98530
chr17	72984408	73184408	harbor1	chr17	73049648	73049842	LINE/L2	653	-	97	73049745	65337
chr17	72984408	73184408	harbor1	chr17	73050145	73050402	LINE/L2	653	-	128	73050273	65865
chr17	71541085	71741085	harbor1	chr17	71557340	71557815	LINE/L2	699	-	238	71557578	16493
chr17	15502708	15702708	harbor1	chr17	15559484	15559846	LINE/L2	952	-	181	15559665	56957
chr17	15502708	15702708	harbor1	chr17	15560929	15561316	LINE/L2	1070	-	194	15561123	58415
chr17	62933694	63133694	harbor1	chr17	63008453	63008738	LINE/L2	609	-	142	63008595	74901
chr17	68656542	68856542	harbor1	chr17	68680165	68680226	LINE/L2	1469	-	30	68680195	23653
chr17	68656542	68856542	harbor1	chr17	68680519	68680818	LINE/L2	1469	-	150	68680669	24127
chr17	68656542	68856542	harbor1	chr17	68681119	68681611	LINE/L2	1469	-	246	68681365	24823
chr17	68656542	68856542	harbor1	chr17	68711271	68711862	LINE/L2	728	-	296	68711567	55025
chr17	68656542	68856542	harbor1	chr17	68748313	68748630	LINE/L2	676	-	158	68748471	91929
chr17	31677766	31877766	harbor1	chr17	31738172	31738361	LINE/L2	675	-	94	31738266	60500
chr17	49787107	49987107	harbor1	chr17	49794087	49794288	LINE/L2	503	-	100	49794187	7080
chr17	49787107	49987107	harbor1	chr17	49794585	49794679	LINE/L2	503	-	47	49794632	7525
chr17	49787107	49987107	harbor1	chr17	49800622	49801095	LINE/L2	840	-	236	49800858	13751
chr17	49787107	49987107	harbor1	chr17	49835584	49836095	LINE/L2	640	-	256	49835840	48733
chr17	49787107	49987107	harbor1	chr17	49807073	49808008	LINE/L2	891	-	468	49807541	20434
chr17	70890380	71090380	harbor1	chr17	70959528	70959966	LINE/L2	860	-	219	70959747	69367
chr17	70890380	71090380	harbor1	chr17	70960182	70960549	LINE/L2	745	-	184	70960366	69986
chr17	70890380	71090380	harbor1	chr17	70958709	70959208	LINE/L2	902	-	250	70958959	68579
chr17	20244798	20444798	harbor1	chr17	20266600	20266828	LINE/L2	676	-	114	20266714	21916
chr17	20244798	20444798	harbor1	chr17	20300098	20300275	LINE/L2	511	-	88	20300186	55388
chr17	20244798	20444798	harbor1	chr17	20299762	20299914	LINE/L2	511	-	76	20299838	55040
chr17	37748822	37948822	harbor1	chr17	37757862	37758110	LINE/L2	527	-	124	37757986	9164
chr17	37748822	37948822	harbor1	chr17	37786743	37786962	LINE/L2	639	-	110	37786853	38031
chr17	37748822	37948822	harbor1	chr17	37792164	37792424	LINE/L2	551	-	130	37792294	43472
chr17	37748822	37948822	harbor1	chr17	37832082	37832320	LINE/L2	686	-	119	37832201	83379
chr17	37748822	37948822	harbor1	chr17	37846034	37846327	LINE/L2	512	-	146	37846180	97358
chr17	37748822	37948822	harbor1	chr17	37846606	37846663	LINE/L2	512	-	28	37846634	97812
chr17	58148256	58348256	harbor1	chr17	58181326	58181764	LINE/L2	1112	-	219	58181545	33289
chr17	58148256	58348256	harbor1	chr17	58209286	58210597	LINE/L2	2098	-	656	58209942	61686
chr17	58148256	58348256	harbor1	chr17	58226644	58226763	LINE/L2	500	-	60	58226704	78448
chr17	58148256	58348256	harbor1	chr17	58227442	58227600	LINE/L2	599	-	79	58227521	79265
chr17	58148256	58348256	harbor1	chr17	58239934	58240283	LINE/L2	626	-	174	58240108	91852
chr17	51078474	51278474	harbor1	chr17	51160107	51160606	LINE/L2	554	-	250	51160357	81883
chr17	51078474	51278474	harbor1	chr17	51160910	51160994	LINE/L2	554	-	42	51160952	82478
chr17	46705895	46905895	harbor1	chr17	46711397	46712229	LINE/L2	575	-	416	46711813	5918
chr17	46705895	46905895	harbor1	chr17	46712385	46713378	LINE/L2	1709	-	496	46712881	6986
chr17	46705895	46905895	harbor1	chr17	46742379	46742711	LINE/L2	618	-	166	46742545	36650
chr17	45716242	45916242	harbor1	chr17	45745224	45745470	LINE/L2	544	-	123	45745347	29105
chr17	45716242	45916242	harbor1	chr17	45757690	45758057	LINE/L2	501	-	184	45757874	41632
chr17	19770894	19970894	harbor1	chr17	19778158	19778483	LINE/L2	486	-	162	19778320	7426
chr17	11782943	11982943	harbor1	chr17	11849914	11850300	LINE/L2	609	-	193	11850107	67164
chr17	11782943	11982943	harbor1	chr17	11882527	11882935	LINE/L2	898	-	204	11882731	99788
chr17	46789698	46989698	harbor1	chr17	46880397	46880543	LINE/L2	539	-	73	46880470	90772
chr17	68393500	68593500	harbor1	chr17	68463407	68463817	LINE/L2	916	-	205	68463612	70112
chr17	68393500	68593500	harbor1	chr17	68487851	68488323	LINE/L2	721	-	236	68488087	94587
chr17	39577874	39777874	harbor1	chr17	39584030	39584242	LINE/L2	1092	-	106	39584136	6262
chr17	39577874	39777874	harbor1	chr17	39584568	39584905	LINE/L2	1092	-	168	39584736	6862
chr17	39577874	39777874	harbor1	chr17	39586988	39587190	LINE/L2	559	-	101	39587089	9215
chr17	39577874	39777874	harbor1	chr17	39589222	39589282	LINE/L2	612	-	30	39589252	11378
chr17	39577874	39777874	harbor1	chr17	39589593	39589907	LINE/L2	612	-	157	39589750	11876
chr17	39577874	39777874	harbor1	chr17	39642531	39643234	LINE/L2	1437	-	352	39642883	65009
chr17	39577874	39777874	harbor1	chr17	39652280	39652929	LINE/L2	764	-	324	39652604	74730
chr17	67333299	67533299	harbor1	chr17	67371684	67371887	LINE/L2	799	-	102	67371786	38487
chr17	67333299	67533299	harbor1	chr17	67432834	67433139	LINE/L2	697	-	152	67432986	99687
chr17	4530503	4730503	harbor1	chr17	4556120	4556506	LINE/L2	558	-	193	4556313	25810
chr17	52205190	52405190	harbor1	chr17	52219322	52219796	LINE/L2	560	-	237	52219559	14369
chr17	52205190	52405190	harbor1	chr17	52239871	52240330	LINE/L2	903	-	230	52240101	34911
chr17	52205190	52405190	harbor1	chr17	52296078	52296559	LINE/L2	516	-	240	52296318	91128
chr17	22106778	22306778	harbor1	chr17	22140818	22141770	LINE/L2	1250	-	476	22141294	34516
chr17	32501399	32701399	harbor1	chr17	32564556	32564703	LINE/L2	504	-	74	32564630	63231
chr17	32501399	32701399	harbor1	chr17	32566136	32566608	LINE/L2	531	-	236	32566372	64973
chr17	32501399	32701399	harbor1	chr17	32595665	32595952	LINE/L2	828	-	144	32595809	94410
chr17	33996929	34196929	harbor1	chr17	34005956	34006497	LINE/L2	498	-	270	34006226	9297
chr17	33996929	34196929	harbor1	chr17	34055917	34056150	LINE/L2	497	-	116	34056033	59104
chr17	9965586	10165586	harbor1	chr17	9989560	9989757	LINE/L2	995	-	98	9989658	24072
chr17	9965586	10165586	harbor1	chr17	9990566	9990754	LINE/L2	995	-	94	9990660	25074
chr17	13074191	13274191	harbor1	chr17	13093189	13093778	LINE/L2	717	-	294	13093483	19292
chr17	7486706	7686706	harbor1	chr17	7491695	7491942	LINE/L2	597	-	124	7491819	5113
chr17	7486706	7686706	harbor1	chr17	7493180	7493599	LINE/L2	689	-	210	7493390	6684
chr17	7486706	7686706	harbor1	chr17	7542888	7543061	LINE/L2	501	-	86	7542974	56268
chr17	7486706	7686706	harbor1	chr17	7551644	7551792	LINE/L2	535	-	74	7551718	65012
chr17	7486706	7686706	harbor1	chr17	7552086	7552327	LINE/L2	535	-	120	7552206	65500
chr17	7486706	7686706	harbor1	chr17	7552629	7552669	LINE/L2	535	-	20	7552649	65943
chr17	7486706	7686706	harbor1	chr17	7567535	7568029	LINE/L2	546	-	247	7567782	81076
chr17	69182244	69382244	harbor1	chr17	69220361	69220729	LINE/L2	499	-	184	69220545	38301
chr17	69182244	69382244	harbor1	chr17	69254901	69255164	LINE/L2	655	-	132	69255033	72789
chr17	7498373	7698373	harbor1	chr17	7542888	7543061	LINE/L2	501	-	86	7542974	44601
chr17	7498373	7698373	harbor1	chr17	7551644	7551792	LINE/L2	535	-	74	7551718	53345
chr17	7498373	7698373	harbor1	chr17	7552086	7552327	LINE/L2	535	-	120	7552206	53833
chr17	7498373	7698373	harbor1	chr17	7552629	7552669	LINE/L2	535	-	20	7552649	54276
chr17	7498373	7698373	harbor1	chr17	7567535	7568029	LINE/L2	546	-	247	7567782	69409
chr17	43166741	43366741	harbor1	chr17	43206205	43206379	LINE/L2	518	-	87	43206292	39551
chr17	43166741	43366741	harbor1	chr17	43206673	43206780	LINE/L2	518	-	54	43206727	39986
chr17	43166741	43366741	harbor1	chr17	43207064	43207223	LINE/L2	518	-	80	43207144	40403
chr17	43166741	43366741	harbor1	chr17	43207853	43208161	LINE/L2	518	-	154	43208007	41266
chr17	9056494	9256494	harbor1	chr17	9085756	9085888	LINE/L2	561	-	66	9085822	29328
chr17	9056494	9256494	harbor1	chr17	9086374	9086617	LINE/L2	493	-	122	9086496	30002
chr17	9056494	9256494	harbor1	chr17	9127002	9127421	LINE/L2	514	-	210	9127212	70718
chr17	9056494	9256494	harbor1	chr17	9140855	9141779	LINE/L2	864	-	462	9141317	84823
chr17	9056494	9256494	harbor1	chr17	9142644	9142813	LINE/L2	493	-	84	9142728	86234
chr17	16729059	16929059	harbor1	chr17	16816427	16816817	LINE/L2	610	-	195	16816622	87563
chr17	40003806	40203806	harbor1	chr17	40017964	40018196	LINE/L2	552	-	116	40018080	14274
chr17	56651249	56851249	harbor1	chr17	56718267	56719360	LINE/L2	874	-	546	56718813	67564
chr17	56651249	56851249	harbor1	chr17	56719460	56719857	LINE/L2	874	-	198	56719658	68409
chr17	7384956	7584956	harbor1	chr17	7396026	7396274	LINE/L2	515	-	124	7396150	11194
chr17	7384956	7584956	harbor1	chr17	7451972	7452043	LINE/L2	674	-	36	7452008	67052
chr17	7384956	7584956	harbor1	chr17	7452357	7452496	LINE/L2	674	-	70	7452427	67471
chr17	7384956	7584956	harbor1	chr17	7453043	7453106	LINE/L2	725	-	32	7453075	68119
chr17	7384956	7584956	harbor1	chr17	7453418	7453578	LINE/L2	725	-	80	7453498	68542
chr17	27380691	27580691	harbor1	chr17	27391602	27392011	LINE/L2	956	-	204	27391806	11115
chr17	27380691	27580691	harbor1	chr17	27407593	27408094	LINE/L2	722	-	250	27407843	27152
chr17	27380691	27580691	harbor1	chr17	27409394	27409767	LINE/L2	721	-	186	27409580	28889
chr17	27380691	27580691	harbor1	chr17	27442465	27442869	LINE/L2	771	-	202	27442667	61976
chr17	27380691	27580691	harbor1	chr17	27448374	27448422	LINE/L2	1213	-	24	27448398	67707
chr17	27380691	27580691	harbor1	chr17	27448724	27449116	LINE/L2	1213	-	196	27448920	68229
chr17	27380691	27580691	harbor1	chr17	27449428	27449742	LINE/L2	1213	-	157	27449585	68894
chr17	27380691	27580691	harbor1	chr17	27471178	27471612	LINE/L2	830	-	217	27471395	90704
chr17	27380691	27580691	harbor1	chr17	27474655	27474812	LINE/L2	492	-	78	27474733	94042
chr17	66139623	66339623	harbor1	chr17	66210524	66211258	LINE/L2	2288	-	367	66210891	71268
chr17	70909182	71109182	harbor1	chr17	70959528	70959966	LINE/L2	860	-	219	70959747	50565
chr17	70909182	71109182	harbor1	chr17	70960182	70960549	LINE/L2	745	-	184	70960366	51184
chr17	70909182	71109182	harbor1	chr17	70958709	70959208	LINE/L2	902	-	250	70958959	49777
chr17	43941403	44141403	harbor1	chr17	43957229	43957375	LINE/L2	847	-	73	43957302	15899
chr17	43941403	44141403	harbor1	chr17	43957691	43957727	LINE/L2	847	-	18	43957709	16306
chr17	43941403	44141403	harbor1	chr17	43997363	43997926	LINE/L2	916	-	282	43997645	56242
chr17	43941403	44141403	harbor1	chr17	43998740	43999461	LINE/L2	1861	-	360	43999100	57697
chr17	43941403	44141403	harbor1	chr17	43999791	43999992	LINE/L2	1861	-	100	43999891	58488
chr17	43941403	44141403	harbor1	chr17	44000184	44000332	LINE/L2	522	-	74	44000258	58855
chr17	9897832	10097832	harbor1	chr17	9989560	9989757	LINE/L2	995	-	98	9989658	91826
chr17	9897832	10097832	harbor1	chr17	9990566	9990754	LINE/L2	995	-	94	9990660	92828
chr17	14493502	14693502	harbor1	chr17	14504091	14504712	LINE/L2	1113	-	310	14504401	10899
chr17	14493502	14693502	harbor1	chr17	14585660	14586174	LINE/L2	722	-	257	14585917	92415
chr17	3650975	3850975	harbor1	chr17	3722526	3723277	LINE/L2	1063	-	376	3722902	71927
chr17	3650975	3850975	harbor1	chr17	3748122	3748304	LINE/L2	804	-	91	3748213	97238
chr17	3650975	3850975	harbor1	chr17	3748604	3749252	LINE/L2	1079	-	324	3748928	97953
chr17	3650975	3850975	harbor1	chr17	3749551	3749709	LINE/L2	1079	-	79	3749630	98655
chr17	76309489	76509489	harbor1	chr17	76347522	76347916	LINE/L2	630	-	197	76347719	38230
chr17	69142312	69342312	harbor1	chr17	69220361	69220729	LINE/L2	499	-	184	69220545	78233
chr17	45583272	45783272	harbor1	chr17	45633612	45633725	LINE/L2	685	-	56	45633668	50396
chr17	45583272	45783272	harbor1	chr17	45634000	45634223	LINE/L2	685	-	112	45634112	50840
chr17	45583272	45783272	harbor1	chr17	45635576	45636226	LINE/L2	1517	-	325	45635901	52629
chr17	40904185	41104185	harbor1	chr17	40996438	40996589	LINE/L2	598	-	76	40996514	92329
chr17	54447618	54647618	harbor1	chr17	54458691	54459325	LINE/L2	1213	-	317	54459008	11390
chr17	27594861	27794861	harbor1	chr17	27680459	27680587	LINE/L2	600	-	64	27680523	85662
chr17	37541710	37741710	harbor1	chr17	37598043	37598389	LINE/L2	1273	-	173	37598216	56506
chr17	5886404	6086404	harbor1	chr17	5897905	5898196	LINE/L2	737	-	146	5898051	11647
chr17	5886404	6086404	harbor1	chr17	5898479	5898905	LINE/L2	1366	-	213	5898692	12288
chr17	5886404	6086404	harbor1	chr17	5899216	5899545	LINE/L2	1366	-	164	5899380	12976
chr17	36968946	37168946	harbor1	chr17	36999288	36999350	LINE/L2	1124	-	31	36999319	30373
chr17	36968946	37168946	harbor1	chr17	36999556	37000000	LINE/L2	1124	-	222	36999778	30832
chr17	36968946	37168946	harbor1	chr17	37000008	37000853	LINE/L2	2369	-	422	37000430	31484
chr17	36968946	37168946	harbor1	chr17	37003385	37003471	LINE/L2	1706	-	43	37003428	34482
chr17	36968946	37168946	harbor1	chr17	37003767	37003820	LINE/L2	1706	-	26	37003793	34847
chr17	36968946	37168946	harbor1	chr17	37004336	37004931	LINE/L2	1706	-	298	37004634	35688
chr17	36968946	37168946	harbor1	chr17	37005251	37005480	LINE/L2	675	-	114	37005365	36419
chr17	7204969	7404969	harbor1	chr17	7271487	7271813	LINE/L2	1010	-	163	7271650	66681
chr17	7204969	7404969	harbor1	chr17	7272416	7272688	LINE/L2	1010	-	136	7272552	67583
chr17	29631516	29831516	harbor1	chr17	29717561	29717749	LINE/L2	549	-	94	29717655	86139
chr17	29631516	29831516	harbor1	chr17	29724970	29725065	LINE/L2	497	-	48	29725018	93502
chr17	29631516	29831516	harbor1	chr17	29725925	29726098	LINE/L2	497	-	86	29726011	94495
chr17	73000928	73200928	harbor1	chr17	73049648	73049842	LINE/L2	653	-	97	73049745	48817
chr17	73000928	73200928	harbor1	chr17	73050145	73050402	LINE/L2	653	-	128	73050273	49345
chr17	76921341	77121341	harbor1	chr17	76945764	76946085	LINE/L2	557	-	160	76945924	24583
chr17	76921341	77121341	harbor1	chr17	76962741	76963119	LINE/L2	863	-	189	76962930	41589
chr17	76921341	77121341	harbor1	chr17	77002442	77002606	LINE/L2	574	-	82	77002524	81183
chr17	55457165	55657165	harbor1	chr17	55511898	55512542	LINE/L2	823	-	322	55512220	55055
chr17	55457165	55657165	harbor1	chr17	55517636	55518038	LINE/L2	2057	-	201	55517837	60672
chr17	55457165	55657165	harbor1	chr17	55518426	55519899	LINE/L2	2057	-	736	55519162	61997
chr17	55457165	55657165	harbor1	chr17	55547698	55548682	LINE/L2	1381	-	492	55548190	91025
chr17	55457165	55657165	harbor1	chr17	55549382	55549895	LINE/L2	1134	-	256	55549638	92473
chr17	76177263	76377263	harbor1	chr17	76211884	76212081	LINE/L2	675	-	98	76211982	34719
chr17	73480771	73680771	harbor1	chr17	73549424	73549879	LINE/L2	508	-	228	73549652	68881
chr17	47383409	47583409	harbor1	chr17	47402547	47403037	LINE/L2	493	-	245	47402792	19383
chr17	18096488	18296488	harbor1	chr17	18127688	18127834	LINE/L2	706	-	73	18127761	31273
chr17	18096488	18296488	harbor1	chr17	18127862	18128325	LINE/L2	706	-	232	18128094	31606
chr17	18096488	18296488	harbor1	chr17	18130194	18130578	LINE/L2	542	-	192	18130386	33898
chr17	22527676	22727676	harbor1	chr17	22600684	22601023	LINE/L2	867	-	170	22600854	73178
chr17	22527676	22727676	harbor1	chr17	22601097	22601437	LINE/L2	867	-	170	22601267	73591
chr17	22527676	22727676	harbor1	chr17	22601541	22601934	LINE/L2	867	-	196	22601737	74061
chr17	9532773	9732773	harbor1	chr17	9569169	9569353	LINE/L2	630	-	92	9569261	36488
chr17	9532773	9732773	harbor1	chr17	9609148	9609394	LINE/L2	778	-	123	9609271	76498
chr17	9532773	9732773	harbor1	chr17	9631455	9631769	LINE/L2	976	-	157	9631612	98839
chr17	9532773	9732773	harbor1	chr17	9632388	9632734	LINE/L2	976	-	173	9632561	99788
chr17	57103266	57303266	harbor1	chr17	57142840	57142950	LINE/L2	500	-	55	57142895	39629
chr17	57103266	57303266	harbor1	chr17	57152628	57152754	LINE/L2	617	-	63	57152691	49425
chr17	57103266	57303266	harbor1	chr17	57152899	57153153	LINE/L2	617	-	127	57153026	49760
chr17	57103266	57303266	harbor1	chr17	57164309	57164334	LINE/L2	593	-	12	57164321	61055
chr17	57103266	57303266	harbor1	chr17	57164647	57165048	LINE/L2	593	-	200	57164847	61581
chr17	57103266	57303266	harbor1	chr17	57165351	57165402	LINE/L2	593	-	26	57165377	62111
chr17	12513426	12713426	harbor1	chr17	12537711	12539393	LINE/L2	3763	-	841	12538552	25126
chr17	12513426	12713426	harbor1	chr17	12590808	12591080	LINE/L2	539	-	136	12590944	77518
chr17	12513426	12713426	harbor1	chr17	12591189	12591435	LINE/L2	539	-	123	12591312	77886
chr17	64603850	64803850	harbor1	chr17	64702760	64702950	LINE/L2	644	-	95	64702855	99005
chr17	64603850	64803850	harbor1	chr17	64703107	64703348	LINE/L2	595	-	120	64703227	99377
chr17	56826075	57026075	harbor1	chr17	56860175	56860257	LINE/L2	590	-	41	56860216	34141
chr17	56826075	57026075	harbor1	chr17	56860546	56861280	LINE/L2	590	-	367	56860913	34838
chr17	56826075	57026075	harbor1	chr17	56880152	56880281	LINE/L2	513	-	64	56880216	54141
chr17	56826075	57026075	harbor1	chr17	56892729	56893175	LINE/L2	558	-	223	56892952	66877
chr17	56826075	57026075	harbor1	chr17	56899729	56899797	LINE/L2	630	-	34	56899763	73688
chr17	56826075	57026075	harbor1	chr17	56900383	56901077	LINE/L2	630	-	347	56900730	74655
chr17	46653259	46853259	harbor1	chr17	46696439	46696844	LINE/L2	498	-	202	46696641	43382
chr17	46653259	46853259	harbor1	chr17	46711397	46712229	LINE/L2	575	-	416	46711813	58554
chr17	46653259	46853259	harbor1	chr17	46712385	46713378	LINE/L2	1709	-	496	46712881	59622
chr17	46653259	46853259	harbor1	chr17	46742379	46742711	LINE/L2	618	-	166	46742545	89286
chr17	37244261	37444261	harbor1	chr17	37308997	37309011	LINE/L2	557	-	7	37309004	64743
chr17	37244261	37444261	harbor1	chr17	37309325	37309716	LINE/L2	557	-	196	37309521	65260
chr17	37244261	37444261	harbor1	chr17	37310075	37310511	LINE/L2	1585	-	218	37310293	66032
chr17	37244261	37444261	harbor1	chr17	37310824	37311305	LINE/L2	1585	-	240	37311064	66803
chr17	40271155	40471155	harbor1	chr17	40272736	40272984	LINE/L2	493	-	124	40272860	1705
chr18	42738455	42938455	harbor1	chr18	42776813	42777501	LINE/L2	1328	-	344	42777157	38702
chr18	42738455	42938455	harbor1	chr18	42793496	42793803	LINE/L2	802	-	154	42793650	55195
chr18	35210360	35410360	harbor1	chr18	35243558	35245115	LINE/L2	790	-	778	35244336	33976
chr18	35210360	35410360	harbor1	chr18	35293146	35293327	LINE/L2	656	-	90	35293236	82876
chr18	35210360	35410360	harbor1	chr18	35296213	35296507	LINE/L2	576	-	147	35296360	86000
chr18	35210360	35410360	harbor1	chr18	35296534	35296676	LINE/L2	494	-	71	35296605	86245
chr18	56818500	57018500	harbor1	chr18	56821045	56821273	LINE/L2	720	-	114	56821159	2659
chr18	56818500	57018500	harbor1	chr18	56858773	56859025	LINE/L2	481	-	126	56858899	40399
chr18	50337984	50537984	harbor1	chr18	50423346	50423576	LINE/L2	427	-	115	50423461	85477
chr18	50337984	50537984	harbor1	chr18	50423981	50424073	LINE/L2	427	-	46	50424027	86043
chr18	50337984	50537984	harbor1	chr18	50430390	50430991	LINE/L2	522	-	300	50430690	92706
chr18	42234288	42434288	harbor1	chr18	42286160	42286512	LINE/L2	441	-	176	42286336	52048
chr18	37157020	37357020	harbor1	chr18	37208254	37208985	LINE/L2	703	-	366	37208620	51600
chr18	37157020	37357020	harbor1	chr18	37209330	37209690	LINE/L2	833	-	180	37209510	52490
chr18	37157020	37357020	harbor1	chr18	37209681	37210008	LINE/L2	955	-	164	37209845	52825
chr18	27078795	27278795	harbor1	chr18	27126520	27128074	LINE/L2	443	-	777	27127297	48502
chr18	27078795	27278795	harbor1	chr18	27132503	27132588	LINE/L2	412	-	42	27132545	53750
chr18	27078795	27278795	harbor1	chr18	27133559	27133842	LINE/L2	442	-	142	27133701	54906
chr18	27078795	27278795	harbor1	chr18	27167553	27168077	LINE/L2	628	-	262	27167815	89020
chr18	27078795	27278795	harbor1	chr18	27168374	27168548	LINE/L2	628	-	87	27168461	89666
chr18	27078795	27278795	harbor1	chr18	27168575	27168686	LINE/L2	485	-	56	27168631	89836
chr18	27078795	27278795	harbor1	chr18	27169264	27169292	LINE/L2	485	-	14	27169278	90483
chr18	21516089	21716089	harbor1	chr18	21607630	21607776	LINE/L2	438	-	73	21607703	91614
chr18	27730688	27930688	harbor1	chr18	27767443	27767609	LINE/L2	523	-	83	27767526	36838
chr18	27730688	27930688	harbor1	chr18	27793149	27793453	LINE/L2	445	-	152	27793301	62613
chr18	53109811	53309811	harbor1	chr18	53165923	53166454	LINE/L2	1060	-	266	53166189	56378
chr18	63463590	63663590	harbor1	chr18	63473500	63473673	LINE/L2	467	-	86	63473586	9996
chr18	35931463	36131463	harbor1	chr18	35966555	35967093	LINE/L2	445	-	269	35966824	35361
chr18	35931463	36131463	harbor1	chr18	35967394	35967441	LINE/L2	445	-	24	35967418	35955
chr18	35931463	36131463	harbor1	chr18	35968438	35968616	LINE/L2	445	-	89	35968527	37064
chr18	35931463	36131463	harbor1	chr18	36018594	36019102	LINE/L2	416	-	254	36018848	87385
chr18	714665	914665	harbor1	chr18	730811	731481	LINE/L2	2069	-	335	731146	16481
chr18	714665	914665	harbor1	chr18	750265	750381	LINE/L2	924	-	58	750323	35658
chr18	714665	914665	harbor1	chr18	750591	750955	LINE/L2	924	-	182	750773	36108
chr18	37467285	37667285	harbor1	chr18	37514407	37514559	LINE/L2	405	-	76	37514483	47198
chr18	52895766	53095766	harbor1	chr18	52957713	52958048	LINE/L2	500	-	168	52957881	62115
chr18	2500231	2700231	harbor1	chr18	2504629	2504884	LINE/L2	576	-	128	2504757	4526
chr18	2500231	2700231	harbor1	chr18	2515340	2515788	LINE/L2	712	-	224	2515564	15333
chr18	2500231	2700231	harbor1	chr18	2588817	2589166	LINE/L2	1206	-	174	2588991	88760
chr18	2500231	2700231	harbor1	chr18	2598288	2598536	LINE/L2	628	-	124	2598412	98181
chr18	54816422	55016422	harbor1	chr18	54830946	54831474	LINE/L2	865	-	264	54831210	14788
chr18	54816422	55016422	harbor1	chr18	54831499	54831770	LINE/L2	502	-	136	54831635	15213
chr18	54816422	55016422	harbor1	chr18	54832079	54832860	LINE/L2	1501	-	390	54832469	16047
chr18	54816422	55016422	harbor1	chr18	54837005	54837204	LINE/L2	439	-	100	54837105	20683
chr18	54816422	55016422	harbor1	chr18	54855956	54856562	LINE/L2	918	-	303	54856259	39837
chr18	54816422	55016422	harbor1	chr18	54872834	54872952	LINE/L2	551	-	59	54872893	56471
chr18	54816422	55016422	harbor1	chr18	54882318	54883426	LINE/L2	675	-	554	54882872	66450
chr18	60020517	60220517	harbor1	chr18	60024978	60025195	LINE/L2	483	-	108	60025086	4569
chr18	60020517	60220517	harbor1	chr18	60057131	60057364	LINE/L2	669	-	116	60057247	36730
chr18	7142668	7342668	harbor1	chr18	7242046	7242205	LINE/L2	754	-	80	7242126	99458
chr18	7142668	7342668	harbor1	chr18	7242505	7242776	LINE/L2	754	-	136	7242641	99973
chr18	54700461	54900461	harbor1	chr18	54743292	54743972	LINE/L2	798	-	340	54743632	43171
chr18	54700461	54900461	harbor1	chr18	54760372	54760614	LINE/L2	522	-	121	54760493	60032
chr18	46854643	47054643	harbor1	chr18	46899158	46899474	LINE/L2	649	-	158	46899316	44673
chr18	49904717	50104717	harbor1	chr18	49906796	49907301	LINE/L2	725	-	252	49907048	2331
chr18	49904717	50104717	harbor1	chr18	49909586	49909846	LINE/L2	409	-	130	49909716	4999
chr18	78027796	78227796	harbor1	chr18	78038559	78038989	LINE/L2	592	-	215	78038774	10978
chr19	40775839	40975839	harbor1	chr19	40788061	40788214	LINE/L2	1123	-	76	40788137	12298
chr19	40775839	40975839	harbor1	chr19	40788509	40788588	LINE/L2	1123	-	40	40788549	12710
chr19	40775839	40975839	harbor1	chr19	40789799	40790311	LINE/L2	1123	-	256	40790055	14216
chr19	41216457	41416457	harbor1	chr19	41228672	41228936	LINE/L2	1011	-	132	41228804	12347
chr19	41216457	41416457	harbor1	chr19	41229565	41229825	LINE/L2	1011	-	130	41229695	13238
chr19	41216457	41416457	harbor1	chr19	41252983	41253504	LINE/L2	838	-	260	41253243	36786
chr19	37863097	38063097	harbor1	chr19	37875997	37876464	LINE/L2	1118	-	234	37876231	13134
chr19	37863097	38063097	harbor1	chr19	37876822	37877094	LINE/L2	1088	-	136	37876958	13861
chr19	37863097	38063097	harbor1	chr19	37877391	37877424	LINE/L2	1088	-	16	37877407	14310
chr19	37863097	38063097	harbor1	chr19	37913250	37913414	LINE/L2	965	-	82	37913332	50235
chr19	37863097	38063097	harbor1	chr19	37913696	37913734	LINE/L2	965	-	19	37913715	50618
chr19	37863097	38063097	harbor1	chr19	37914047	37914341	LINE/L2	965	-	147	37914194	51097
chr19	37863097	38063097	harbor1	chr19	37922729	37922846	LINE/L2	629	-	58	37922787	59690
chr19	37863097	38063097	harbor1	chr19	37923154	37923226	LINE/L2	629	-	36	37923190	60093
chr19	37863097	38063097	harbor1	chr19	37942112	37942555	LINE/L2	695	-	222	37942334	79237
chr19	37863097	38063097	harbor1	chr19	37948613	37949020	LINE/L2	699	-	204	37948817	85720
chr19	656527	856527	harbor1	chr19	737491	738101	LINE/L2	715	-	305	737796	81269
chr19	49773314	49973314	harbor1	chr19	49773515	49774097	LINE/L2	831	-	291	49773806	492
chr19	6655068	6855068	harbor1	chr19	6716614	6717255	LINE/L2	1048	-	320	6716934	61866
chr19	14273712	14473712	harbor1	chr19	14287083	14287103	LINE/L2	976	-	10	14287093	13381
chr19	14273712	14473712	harbor1	chr19	14287401	14287601	LINE/L2	976	-	100	14287501	13789
chr19	14273712	14473712	harbor1	chr19	14287889	14288110	LINE/L2	976	-	110	14287999	14287
chr19	14273712	14473712	harbor1	chr19	14327697	14327825	LINE/L2	1190	-	64	14327761	54049
chr19	14273712	14473712	harbor1	chr19	14328138	14328224	LINE/L2	1190	-	43	14328181	54469
chr19	14273712	14473712	harbor1	chr19	14328531	14328573	LINE/L2	1190	-	21	14328552	54840
chr19	14273712	14473712	harbor1	chr19	14329743	14330016	LINE/L2	1190	-	136	14329879	56167
chr19	14273712	14473712	harbor1	chr19	14354730	14354744	LINE/L2	1521	-	7	14354737	81025
chr19	14273712	14473712	harbor1	chr19	14355065	14355357	LINE/L2	1521	-	146	14355211	81499
chr19	14273712	14473712	harbor1	chr19	14355670	14355925	LINE/L2	1521	-	128	14355798	82086
chr19	14273712	14473712	harbor1	chr19	14361879	14362377	LINE/L2	1100	-	249	14362128	88416
chr19	37808839	38008839	harbor1	chr19	37875997	37876464	LINE/L2	1118	-	234	37876231	67392
chr19	37808839	38008839	harbor1	chr19	37876822	37877094	LINE/L2	1088	-	136	37876958	68119
chr19	37808839	38008839	harbor1	chr19	37877391	37877424	LINE/L2	1088	-	16	37877407	68568
chr19	438737	638737	harbor1	chr19	484538	485104	LINE/L2	784	-	283	484821	46084
chr19	56325301	56525301	harbor1	chr19	56421693	56422232	LINE/L2	890	-	270	56421963	96662
chr19	52143326	52343326	harbor1	chr19	52191889	52192162	LINE/L2	766	-	136	52192025	48699
chr19	52143326	52343326	harbor1	chr19	52193359	52193580	LINE/L2	1196	-	110	52193469	50143
chr19	52143326	52343326	harbor1	chr19	52194116	52194608	LINE/L2	1196	-	246	52194362	51036
chr19	53925332	54125332	harbor1	chr19	53965570	53966080	LINE/L2	1435	-	255	53965825	40493
chr19	53925332	54125332	harbor1	chr19	53966388	53966401	LINE/L2	1435	-	6	53966394	41062
chr19	53925332	54125332	harbor1	chr19	53966694	53966997	LINE/L2	1435	-	152	53966846	41514
chr19	53925332	54125332	harbor1	chr19	53967218	53967385	LINE/L2	1435	-	84	53967302	41970
chr19	53925332	54125332	harbor1	chr19	53967975	53968096	LINE/L2	1435	-	60	53968035	42703
chr19	53925332	54125332	harbor1	chr19	53968404	53968487	LINE/L2	1435	-	42	53968446	43114
chr19	53925332	54125332	harbor1	chr19	53986932	53987058	LINE/L2	1469	-	63	53986995	61663
chr19	53925332	54125332	harbor1	chr19	53987370	53988271	LINE/L2	1469	-	450	53987820	62488
chr19	53925332	54125332	harbor1	chr19	53968792	53968914	LINE/L2	1435	-	61	53968853	43521
chr19	38936056	39136056	harbor1	chr19	38953337	38953380	LINE/L2	1231	-	22	38953359	17303
chr19	38936056	39136056	harbor1	chr19	38953690	38954262	LINE/L2	1231	-	286	38953976	17920
chr19	10702406	10902406	harbor1	chr19	10747924	10748387	LINE/L2	822	-	232	10748156	45750
chr19	10702406	10902406	harbor1	chr19	10788255	10788586	LINE/L2	706	-	166	10788421	86015
chr19	33921327	34121327	harbor1	chr19	33929605	33929667	LINE/L2	782	-	31	33929636	8309
chr19	33921327	34121327	harbor1	chr19	33929968	33930513	LINE/L2	782	-	272	33930240	8913
chr19	33921327	34121327	harbor1	chr19	34002253	34002349	LINE/L2	815	-	48	34002301	80974
chr19	33921327	34121327	harbor1	chr19	34002643	34003098	LINE/L2	815	-	228	34002871	81544
chr19	28035407	28235407	harbor1	chr19	28075679	28076354	LINE/L2	933	-	338	28076017	40610
chr19	55466121	55666121	harbor1	chr19	55477822	55477986	LINE/L2	1054	-	82	55477904	11783
chr19	55466121	55666121	harbor1	chr19	55478225	55479558	LINE/L2	1458	-	666	55478891	12770
chr19	55466121	55666121	harbor1	chr19	55479779	55480100	LINE/L2	1458	-	160	55479939	13818
chr19	5910858	6110858	harbor1	chr19	5975513	5975964	LINE/L2	1321	-	226	5975739	64881
chr19	5910858	6110858	harbor1	chr19	5976025	5976348	LINE/L2	854	-	162	5976187	65329
chr19	14406728	14606728	harbor1	chr19	14430750	14431084	LINE/L2	819	-	167	14430917	24189
chr19	14406728	14606728	harbor1	chr19	14487981	14488168	LINE/L2	653	-	94	14488075	81347
chr19	14406728	14606728	harbor1	chr19	14488799	14488916	LINE/L2	653	-	58	14488857	82129
chr19	34889044	35089044	harbor1	chr19	34912120	34912716	LINE/L2	708	-	298	34912418	23374
chr19	34889044	35089044	harbor1	chr19	34936168	34936614	LINE/L2	1153	-	223	34936391	47347
chr19	34889044	35089044	harbor1	chr19	34936912	34937003	LINE/L2	1153	-	46	34936958	47914
chr19	34889044	35089044	harbor1	chr19	34937313	34937448	LINE/L2	1153	-	68	34937381	48337
chr19	34889044	35089044	harbor1	chr19	34937749	34937809	LINE/L2	1153	-	30	34937779	48735
chr19	34889044	35089044	harbor1	chr19	34938096	34938244	LINE/L2	1153	-	74	34938170	49126
chr19	50968686	51168686	harbor1	chr19	50986148	50986707	LINE/L2	1155	-	280	50986428	17742
chr19	50968686	51168686	harbor1	chr19	50988550	50988968	LINE/L2	786	-	209	50988759	20073
chr19	46808015	47008015	harbor1	chr19	46820072	46820333	LINE/L2	821	-	130	46820202	12187
chr19	46808015	47008015	harbor1	chr19	46820656	46820760	LINE/L2	821	-	52	46820708	12693
chr19	46808015	47008015	harbor1	chr19	46839651	46839951	LINE/L2	713	-	150	46839801	31786
chr19	46808015	47008015	harbor1	chr19	46856758	46857043	LINE/L2	713	-	142	46856900	48885
chr19	39817801	40017801	harbor1	chr19	39822284	39823213	LINE/L2	1200	-	464	39822748	4947
chr19	39817801	40017801	harbor1	chr19	39839432	39839808	LINE/L2	697	-	188	39839620	21819
chr19	39817801	40017801	harbor1	chr19	39846739	39847458	LINE/L2	1385	-	360	39847099	29298
chr19	45163908	45363908	harbor1	chr19	45218371	45218780	LINE/L2	715	-	204	45218575	54667
chr19	45163908	45363908	harbor1	chr19	45223266	45223340	LINE/L2	967	-	37	45223303	59395
chr19	45163908	45363908	harbor1	chr19	45223642	45223709	LINE/L2	967	-	34	45223676	59768
chr19	45163908	45363908	harbor1	chr19	45224006	45224320	LINE/L2	967	-	157	45224163	60255
chr19	33867792	34067792	harbor1	chr19	33929605	33929667	LINE/L2	782	-	31	33929636	61844
chr19	33867792	34067792	harbor1	chr19	33929968	33930513	LINE/L2	782	-	272	33930240	62448
chr19	33134650	33334650	harbor1	chr19	33172519	33172808	LINE/L2	936	-	144	33172663	38013
chr19	33134650	33334650	harbor1	chr19	33173122	33173217	LINE/L2	936	-	48	33173170	38520
chr19	38125761	38325761	harbor1	chr19	38131098	38131588	LINE/L2	736	-	245	38131343	5582
chr19	38125761	38325761	harbor1	chr19	38163044	38163207	LINE/L2	899	-	82	38163126	37365
chr19	38125761	38325761	harbor1	chr19	38163512	38164171	LINE/L2	1144	-	330	38163842	38081
chr19	38125761	38325761	harbor1	chr19	38172337	38172827	LINE/L2	643	-	245	38172582	46821
chr19	38125761	38325761	harbor1	chr19	38173801	38174195	LINE/L2	731	-	197	38173998	48237
chr19	38125761	38325761	harbor1	chr19	38183002	38183838	LINE/L2	1463	-	418	38183420	57659
chr19	38125761	38325761	harbor1	chr19	38158246	38158991	LINE/L2	891	-	372	38158618	32857
chr19	5837695	6037695	harbor1	chr19	5889708	5890271	LINE/L2	668	-	282	5889990	52295
chr19	8304944	8504944	harbor1	chr19	8396325	8397353	LINE/L2	1310	-	514	8396839	91895
chr19	56196735	56396735	harbor1	chr19	56296513	56296751	LINE/L2	897	-	119	56296632	99897
chr19	17675571	17875571	harbor1	chr19	17764607	17764783	LINE/L2	804	-	88	17764695	89124
chr19	17675571	17875571	harbor1	chr19	17765085	17765379	LINE/L2	804	-	147	17765232	89661
chr19	56394621	56594621	harbor1	chr19	56421693	56422232	LINE/L2	890	-	270	56421963	27342
chr19	56394621	56594621	harbor1	chr19	56462686	56463374	LINE/L2	778	-	344	56463030	68409
chr19	13614302	13814302	harbor1	chr19	13616412	13617045	LINE/L2	1675	-	316	13616728	2426
chr19	34931680	35131680	harbor1	chr19	34936168	34936614	LINE/L2	1153	-	223	34936391	4711
chr19	34931680	35131680	harbor1	chr19	34936912	34937003	LINE/L2	1153	-	46	34936958	5278
chr19	34931680	35131680	harbor1	chr19	34937313	34937448	LINE/L2	1153	-	68	34937381	5701
chr19	34931680	35131680	harbor1	chr19	34937749	34937809	LINE/L2	1153	-	30	34937779	6099
chr19	34931680	35131680	harbor1	chr19	34938096	34938244	LINE/L2	1153	-	74	34938170	6490
chr19	34931680	35131680	harbor1	chr19	34998637	34999371	LINE/L2	992	-	367	34999004	67324
chr19	34931680	35131680	harbor1	chr19	35019742	35020109	LINE/L2	1405	-	184	35019926	88246
chr19	34931680	35131680	harbor1	chr19	35020679	35021303	LINE/L2	1405	-	312	35020991	89311
chr19	6679456	6879456	harbor1	chr19	6716614	6717255	LINE/L2	1048	-	320	6716934	37478
chr19	6679456	6879456	harbor1	chr19	6771847	6772454	LINE/L2	981	-	304	6772151	92695
chr19	6679456	6879456	harbor1	chr19	6777263	6777678	LINE/L2	1014	-	208	6777471	98015
chr19	6679456	6879456	harbor1	chr19	6766591	6767160	LINE/L2	649	-	284	6766875	87419
chr19	43581101	43781101	harbor1	chr19	43654322	43654476	LINE/L2	710	-	77	43654399	73298
chr19	43581101	43781101	harbor1	chr19	43654732	43654906	LINE/L2	710	-	87	43654819	73718
chr19	43581101	43781101	harbor1	chr19	43672110	43672553	LINE/L2	1015	-	222	43672332	91231
chr19	33752191	33952191	harbor1	chr19	33828438	33828984	LINE/L2	1281	-	273	33828711	76520
chr19	33752191	33952191	harbor1	chr19	33829325	33829434	LINE/L2	1281	-	54	33829379	77188
chr19	42345833	42545833	harbor1	chr19	42374614	42375048	LINE/L2	1263	-	217	42374831	28998
chr19	42345833	42545833	harbor1	chr19	42376930	42377506	LINE/L2	890	-	288	42377218	31385
chr19	42345833	42545833	harbor1	chr19	42377803	42378104	LINE/L2	890	-	150	42377953	32120
chr19	42345833	42545833	harbor1	chr19	42382290	42382489	LINE/L2	1037	-	100	42382390	36557
chr19	42345833	42545833	harbor1	chr19	42382793	42383540	LINE/L2	1655	-	374	42383167	37334
chr19	50589266	50789266	harbor1	chr19	50643660	50644079	LINE/L2	768	-	210	50643870	54604
chr19	50589266	50789266	harbor1	chr19	50676319	50676557	LINE/L2	1161	-	119	50676438	87172
chr19	50589266	50789266	harbor1	chr19	50675513	50675720	LINE/L2	1161	-	104	50675617	86351
chr19	30168394	30368394	harbor1	chr19	30240926	30241035	LINE/L2	1279	-	54	30240980	72586
chr19	30168394	30368394	harbor1	chr19	30241337	30241628	LINE/L2	1279	-	146	30241483	73089
chr19	49521314	49721314	harbor1	chr19	49529501	49529719	LINE/L2	663	-	109	49529610	8296
chr19	49521314	49721314	harbor1	chr19	49530801	49531040	LINE/L2	808	-	120	49530921	9607
chr19	49521314	49721314	harbor1	chr19	49531404	49531658	LINE/L2	808	-	127	49531531	10217
chr19	49521314	49721314	harbor1	chr19	49544127	49544507	LINE/L2	766	-	190	49544317	23003
chr19	6810243	7010243	harbor1	chr19	6854249	6854431	LINE/L2	719	-	91	6854340	44097
chr19	6810243	7010243	harbor1	chr19	6854734	6854970	LINE/L2	719	-	118	6854852	44609
chr19	6810243	7010243	harbor1	chr19	6855910	6856012	LINE/L2	1379	-	51	6855961	45718
chr19	6810243	7010243	harbor1	chr19	6856311	6856441	LINE/L2	1379	-	65	6856376	46133
chr19	6810243	7010243	harbor1	chr19	6856752	6857011	LINE/L2	1379	-	130	6856882	46639
chr19	44988977	45188977	harbor1	chr19	45006528	45006678	LINE/L2	627	-	75	45006603	17626
chr19	44988977	45188977	harbor1	chr19	45006986	45007178	LINE/L2	627	-	96	45007082	18105
chr19	44988977	45188977	harbor1	chr19	45033000	45033400	LINE/L2	1084	-	200	45033200	44223
chr19	44988977	45188977	harbor1	chr19	45076820	45077292	LINE/L2	780	-	236	45077056	88079
chr19	44988977	45188977	harbor1	chr19	45087538	45087908	LINE/L2	689	-	185	45087723	98746
chr19	29137626	29337626	harbor1	chr19	29148791	29150132	LINE/L2	2498	-	670	29149461	11835
chr19	42209100	42409100	harbor1	chr19	42275826	42276360	LINE/L2	860	-	267	42276093	66993
chr19	8618587	8818587	harbor1	chr19	8629203	8629524	LINE/L2	657	-	160	8629363	10776
chr19	8618587	8818587	harbor1	chr19	8638498	8638832	LINE/L2	914	-	167	8638665	20078
chr19	8618587	8818587	harbor1	chr19	8639144	8639244	LINE/L2	914	-	50	8639194	20607
chr19	8618587	8818587	harbor1	chr19	8657971	8658186	LINE/L2	655	-	108	8658079	39492
chr19	8618587	8818587	harbor1	chr19	8662267	8662556	LINE/L2	784	-	144	8662411	43824
chr19	8618587	8818587	harbor1	chr19	8680542	8681048	LINE/L2	1369	-	253	8680795	62208
chr19	5880368	6080368	harbor1	chr19	5889708	5890271	LINE/L2	668	-	282	5889990	9622
chr19	5880368	6080368	harbor1	chr19	5975513	5975964	LINE/L2	1321	-	226	5975739	95371
chr19	5880368	6080368	harbor1	chr19	5976025	5976348	LINE/L2	854	-	162	5976187	95819
chr19	40713154	40913154	harbor1	chr19	40721080	40721348	LINE/L2	797	-	134	40721214	8060
chr19	40713154	40913154	harbor1	chr19	40788061	40788214	LINE/L2	1123	-	76	40788137	74983
chr19	40713154	40913154	harbor1	chr19	40788509	40788588	LINE/L2	1123	-	40	40788549	75395
chr19	40713154	40913154	harbor1	chr19	40789799	40790311	LINE/L2	1123	-	256	40790055	76901
chr19	35066767	35266767	harbor1	chr19	35084456	35084796	LINE/L2	683	-	170	35084626	17859
chr19	35066767	35266767	harbor1	chr19	35095483	35095541	LINE/L2	1205	-	29	35095512	28745
chr19	35066767	35266767	harbor1	chr19	35095897	35096593	LINE/L2	1604	-	348	35096245	29478
chr19	35066767	35266767	harbor1	chr19	35108431	35109179	LINE/L2	1085	-	374	35108805	42038
chr19	35066767	35266767	harbor1	chr19	35149606	35149812	LINE/L2	1239	-	103	35149709	82942
chr19	35066767	35266767	harbor1	chr19	35150417	35151086	LINE/L2	1239	-	334	35150751	83984
chr19	35066767	35266767	harbor1	chr19	35156326	35156953	LINE/L2	1058	-	314	35156640	89873
chr19	35066767	35266767	harbor1	chr19	35164721	35164939	LINE/L2	700	-	109	35164830	98063
chr19	35066767	35266767	harbor1	chr19	35165817	35166045	LINE/L2	897	-	114	35165931	99164
chr19	35066767	35266767	harbor1	chr19	35094512	35094915	LINE/L2	1205	-	202	35094714	27947
chr19	43394710	43594710	harbor1	chr19	43450870	43451004	LINE/L2	850	-	67	43450937	56227
chr19	43394710	43594710	harbor1	chr19	43452339	43452770	LINE/L2	850	-	216	43452555	57845
chr19	43394710	43594710	harbor1	chr19	43465885	43466487	LINE/L2	646	-	301	43466186	71476
chr19	43394710	43594710	harbor1	chr19	43474389	43474637	LINE/L2	678	-	124	43474513	79803
chr19	43394710	43594710	harbor1	chr19	43474766	43474891	LINE/L2	678	-	62	43474828	80118
chr19	43259801	43459801	harbor1	chr19	43358776	43359358	LINE/L2	822	-	291	43359067	99266
chr19	4482298	4682298	harbor1	chr19	4495410	4495787	LINE/L2	731	-	188	4495598	13300
chr19	4482298	4682298	harbor1	chr19	4570619	4570991	LINE/L2	640	-	186	4570805	88507
chr19	41158657	41358657	harbor1	chr19	41189553	41189814	LINE/L2	651	-	130	41189683	31026
chr19	41158657	41358657	harbor1	chr19	41228672	41228936	LINE/L2	1011	-	132	41228804	70147
chr19	41158657	41358657	harbor1	chr19	41229565	41229825	LINE/L2	1011	-	130	41229695	71038
chr19	41158657	41358657	harbor1	chr19	41252983	41253504	LINE/L2	838	-	260	41253243	94586
chr19	56362587	56562587	harbor1	chr19	56421693	56422232	LINE/L2	890	-	270	56421963	59376
chr19	57180036	57380036	harbor1	chr19	57185051	57185107	LINE/L2	641	-	28	57185079	5043
chr19	57180036	57380036	harbor1	chr19	57185423	57185726	LINE/L2	641	-	152	57185575	5539
chr19	38564796	38764796	harbor1	chr19	38587869	38588320	LINE/L2	684	-	226	38588095	23299
chr19	38564796	38764796	harbor1	chr19	38629692	38629945	LINE/L2	675	-	126	38629818	65022
chr19	38564796	38764796	harbor1	chr19	38644914	38645348	LINE/L2	1151	-	217	38645131	80335
chr19	11291347	11491347	harbor1	chr19	11321520	11321836	LINE/L2	821	-	158	11321678	30331
chr19	11291347	11491347	harbor1	chr19	11368939	11369032	LINE/L2	788	-	46	11368985	77638
chr19	11291347	11491347	harbor1	chr19	11369336	11369667	LINE/L2	788	-	166	11369502	78155
chr19	40544923	40744923	harbor1	chr19	40587156	40587307	LINE/L2	1165	-	76	40587232	42309
chr19	40544923	40744923	harbor1	chr19	40587924	40588465	LINE/L2	1165	-	270	40588194	43271
chr19	40544923	40744923	harbor1	chr19	40619685	40620165	LINE/L2	1346	-	240	40619925	75002
chr19	51641907	51841907	harbor1	chr19	51649687	51649700	LINE/L2	720	-	6	51649693	7786
chr19	51641907	51841907	harbor1	chr19	51650209	51650726	LINE/L2	720	-	258	51650467	8560
chr19	51641907	51841907	harbor1	chr19	51696267	51696450	LINE/L2	978	-	92	51696359	54452
chr19	51641907	51841907	harbor1	chr19	51696748	51696981	LINE/L2	978	-	116	51696864	54957
chr19	51641907	51841907	harbor1	chr19	51710419	51710728	LINE/L2	1076	-	154	51710573	68666
chr19	51641907	51841907	harbor1	chr19	51712358	51712814	LINE/L2	1519	-	228	51712586	70679
chr19	49352417	49552417	harbor1	chr19	49381324	49381886	LINE/L2	720	-	281	49381605	29188
chr19	46561691	46761691	harbor1	chr19	46590408	46590631	LINE/L2	833	-	112	46590520	28829
chr19	6756897	6956897	harbor1	chr19	6771847	6772454	LINE/L2	981	-	304	6772151	15254
chr19	6756897	6956897	harbor1	chr19	6777263	6777678	LINE/L2	1014	-	208	6777471	20574
chr19	6756897	6956897	harbor1	chr19	6854249	6854431	LINE/L2	719	-	91	6854340	97443
chr19	6756897	6956897	harbor1	chr19	6854734	6854970	LINE/L2	719	-	118	6854852	97955
chr19	6756897	6956897	harbor1	chr19	6855910	6856012	LINE/L2	1379	-	51	6855961	99064
chr19	6756897	6956897	harbor1	chr19	6856311	6856441	LINE/L2	1379	-	65	6856376	99479
chr19	6756897	6956897	harbor1	chr19	6856752	6857011	LINE/L2	1379	-	130	6856882	99985
chr19	6756897	6956897	harbor1	chr19	6766591	6767160	LINE/L2	649	-	284	6766875	9978
chr19	41982887	42182887	harbor1	chr19	41999647	41999987	LINE/L2	975	-	170	41999817	16930
chr19	41982887	42182887	harbor1	chr19	42000004	42000617	LINE/L2	1692	-	306	42000310	17423
chr19	41982887	42182887	harbor1	chr19	42055448	42055682	LINE/L2	951	-	117	42055565	72678
chr19	41982887	42182887	harbor1	chr19	42056284	42056626	LINE/L2	951	-	171	42056455	73568
chr19	16630285	16830285	harbor1	chr19	16720171	16720480	LINE/L2	647	-	154	16720325	90040
chr19	39765492	39965492	harbor1	chr19	39822284	39823213	LINE/L2	1200	-	464	39822748	57256
chr19	39765492	39965492	harbor1	chr19	39839432	39839808	LINE/L2	697	-	188	39839620	74128
chr19	39765492	39965492	harbor1	chr19	39846739	39847458	LINE/L2	1385	-	360	39847099	81607
chr19	10662765	10862765	harbor1	chr19	10747924	10748387	LINE/L2	822	-	232	10748156	85391
chr19	3556167	3756167	harbor1	chr19	3624205	3624660	LINE/L2	968	-	228	3624433	68266
chr19	56915880	57115880	harbor1	chr19	56916097	56916601	LINE/L2	628	-	252	56916349	469
chr19	33784851	33984851	harbor1	chr19	33828438	33828984	LINE/L2	1281	-	273	33828711	43860
chr19	33784851	33984851	harbor1	chr19	33829325	33829434	LINE/L2	1281	-	54	33829379	44528
chr19	56119293	56319293	harbor1	chr19	56137778	56137848	LINE/L2	961	-	35	56137813	18520
chr19	56119293	56319293	harbor1	chr19	56139188	56139405	LINE/L2	961	-	108	56139296	20003
chr19	56119293	56319293	harbor1	chr19	56139714	56140033	LINE/L2	961	-	160	56139874	20581
chr19	38926373	39126373	harbor1	chr19	38953337	38953380	LINE/L2	1231	-	22	38953359	26986
chr19	38926373	39126373	harbor1	chr19	38953690	38954262	LINE/L2	1231	-	286	38953976	27603
chr19	13975376	14175376	harbor1	chr19	14050151	14050219	LINE/L2	899	-	34	14050185	74809
chr19	13975376	14175376	harbor1	chr19	14050536	14050718	LINE/L2	899	-	91	14050627	75251
chr19	13975376	14175376	harbor1	chr19	14065102	14065238	LINE/L2	646	-	68	14065170	89794
chr19	13975376	14175376	harbor1	chr19	14066163	14066534	LINE/L2	646	-	186	14066349	90973
chr19	13975376	14175376	harbor1	chr19	14066705	14067036	LINE/L2	856	-	166	14066871	91495
chr19	6080964	6280964	harbor1	chr19	6104767	6104851	LINE/L2	1100	-	42	6104809	23845
chr19	6080964	6280964	harbor1	chr19	6105138	6105983	LINE/L2	1187	-	422	6105560	24596
chr19	6080964	6280964	harbor1	chr19	6137356	6137587	LINE/L2	733	-	116	6137472	56508
chr19	6080964	6280964	harbor1	chr19	6175278	6175675	LINE/L2	895	-	198	6175476	94512
chr19	40147367	40347367	harbor1	chr19	40194726	40195275	LINE/L2	822	-	274	40195000	47633
chr19	33998189	34198189	harbor1	chr19	34002253	34002349	LINE/L2	815	-	48	34002301	4112
chr19	33998189	34198189	harbor1	chr19	34002643	34003098	LINE/L2	815	-	228	34002871	4682
chr19	33998189	34198189	harbor1	chr19	34088843	34089432	LINE/L2	3464	-	294	34089137	90948
chr19	33998189	34198189	harbor1	chr19	34089744	34090104	LINE/L2	3464	-	180	34089924	91735
chr19	33998189	34198189	harbor1	chr19	34090397	34090998	LINE/L2	3464	-	300	34090697	92508
chr19	45740949	45940949	harbor1	chr19	45828178	45828637	LINE/L2	629	-	230	45828408	87459
chr19	4281271	4481271	harbor1	chr19	4300655	4300932	LINE/L2	667	-	138	4300793	19522
chr19	4281271	4481271	harbor1	chr19	4350073	4351097	LINE/L2	1684	-	512	4350585	69314
chr19	15971985	16171985	harbor1	chr19	16048709	16048960	LINE/L2	826	-	126	16048835	76850
chr19	35045426	35245426	harbor1	chr19	35084456	35084796	LINE/L2	683	-	170	35084626	39200
chr19	35045426	35245426	harbor1	chr19	35095483	35095541	LINE/L2	1205	-	29	35095512	50086
chr19	35045426	35245426	harbor1	chr19	35095897	35096593	LINE/L2	1604	-	348	35096245	50819
chr19	35045426	35245426	harbor1	chr19	35108431	35109179	LINE/L2	1085	-	374	35108805	63379
chr19	35045426	35245426	harbor1	chr19	35094512	35094915	LINE/L2	1205	-	202	35094714	49288
chr19	15514843	15714843	harbor1	chr19	15553905	15554033	LINE/L2	914	-	64	15553969	39126
chr19	15514843	15714843	harbor1	chr19	15554334	15554786	LINE/L2	914	-	226	15554560	39717
chr19	2977483	3177483	harbor1	chr19	2983201	2983942	LINE/L2	842	-	370	2983571	6088
chr19	32960105	33160105	harbor1	chr19	32997791	32998075	LINE/L2	755	-	142	32997933	37828
chr19	32960105	33160105	harbor1	chr19	32997250	32997489	LINE/L2	755	-	120	32997370	37265
chr19	4567421	4767421	harbor1	chr19	4570619	4570991	LINE/L2	640	-	186	4570805	3384
chr19	4567421	4767421	harbor1	chr19	4589880	4590012	LINE/L2	856	-	66	4589946	22525
chr19	4567421	4767421	harbor1	chr19	4590178	4590276	LINE/L2	905	-	49	4590227	22806
chr19	4567421	4767421	harbor1	chr19	4590576	4590741	LINE/L2	905	-	82	4590658	23237
chr19	4567421	4767421	harbor1	chr19	4633083	4633448	LINE/L2	1070	-	182	4633265	65844
chr19	4567421	4767421	harbor1	chr19	4642528	4642991	LINE/L2	829	-	232	4642760	75339
chr19	43442362	43642362	harbor1	chr19	43450870	43451004	LINE/L2	850	-	67	43450937	8575
chr19	43442362	43642362	harbor1	chr19	43452339	43452770	LINE/L2	850	-	216	43452555	10193
chr19	43442362	43642362	harbor1	chr19	43465885	43466487	LINE/L2	646	-	301	43466186	23824
chr19	43442362	43642362	harbor1	chr19	43474389	43474637	LINE/L2	678	-	124	43474513	32151
chr19	43442362	43642362	harbor1	chr19	43474766	43474891	LINE/L2	678	-	62	43474828	32466
chr19	8639289	8839289	harbor1	chr19	8657971	8658186	LINE/L2	655	-	108	8658079	18790
chr19	8639289	8839289	harbor1	chr19	8662267	8662556	LINE/L2	784	-	144	8662411	23122
chr19	8639289	8839289	harbor1	chr19	8680542	8681048	LINE/L2	1369	-	253	8680795	41506
chr19	14416662	14616662	harbor1	chr19	14430750	14431084	LINE/L2	819	-	167	14430917	14255
chr19	14416662	14616662	harbor1	chr19	14487981	14488168	LINE/L2	653	-	94	14488075	71413
chr19	14416662	14616662	harbor1	chr19	14488799	14488916	LINE/L2	653	-	58	14488857	72195
chr19	5150412	5350412	harbor1	chr19	5170244	5170722	LINE/L2	1040	-	239	5170483	20071
chr19	39420354	39620354	harbor1	chr19	39446252	39446619	LINE/L2	920	-	184	39446436	26082
chr19	39420354	39620354	harbor1	chr19	39465238	39465505	LINE/L2	1040	-	134	39465372	45018
chr19	39420354	39620354	harbor1	chr19	39465726	39465840	LINE/L2	1040	-	57	39465783	45429
chr19	39420354	39620354	harbor1	chr19	39466057	39466359	LINE/L2	1040	-	151	39466208	45854
chr19	39420354	39620354	harbor1	chr19	39471918	39472244	LINE/L2	809	-	163	39472081	51727
chr19	39420354	39620354	harbor1	chr19	39474778	39475105	LINE/L2	830	-	164	39474942	54588
chr19	39420354	39620354	harbor1	chr19	39475407	39475544	LINE/L2	830	-	68	39475475	55121
chr19	39420354	39620354	harbor1	chr19	39517291	39517692	LINE/L2	1070	-	200	39517491	97137
chr19	39420354	39620354	harbor1	chr19	39518301	39518538	LINE/L2	1070	-	118	39518419	98065
chr19	38911780	39111780	harbor1	chr19	38953337	38953380	LINE/L2	1231	-	22	38953359	41579
chr19	38911780	39111780	harbor1	chr19	38953690	38954262	LINE/L2	1231	-	286	38953976	42196
chr19	10815719	11015719	harbor1	chr19	10820313	10820865	LINE/L2	782	-	276	10820589	4870
chr19	10815719	11015719	harbor1	chr19	10852509	10852816	LINE/L2	845	-	154	10852663	36944
chr19	46916338	47116338	harbor1	chr19	46953065	46953453	LINE/L2	1276	-	194	46953259	36921
chr19	10462055	10662055	harbor1	chr19	10500453	10500672	LINE/L2	754	-	110	10500563	38508
chr19	10462055	10662055	harbor1	chr19	10500980	10501190	LINE/L2	754	-	105	10501085	39030
chr19	2951870	3151870	harbor1	chr19	2983201	2983942	LINE/L2	842	-	370	2983571	31701
chr19	44773951	44973951	harbor1	chr19	44802680	44802923	LINE/L2	735	-	122	44802802	28851
chr19	44773951	44973951	harbor1	chr19	44807288	44807561	LINE/L2	821	-	136	44807424	33473
chr19	44773951	44973951	harbor1	chr19	44817260	44817540	LINE/L2	801	-	140	44817400	43449
chr19	44773951	44973951	harbor1	chr19	44817844	44817957	LINE/L2	801	-	56	44817900	43949
chr19	44773951	44973951	harbor1	chr19	44866481	44866889	LINE/L2	928	-	204	44866685	92734
chr19	29938395	30138395	harbor1	chr19	29939594	29940039	LINE/L2	627	-	222	29939816	1421
chr19	29938395	30138395	harbor1	chr19	29946788	29947151	LINE/L2	752	-	182	29946970	8575
chr19	12648347	12848347	harbor1	chr19	12716190	12716342	LINE/L2	773	-	76	12716266	67919
chr19	12648347	12848347	harbor1	chr19	12716651	12716932	LINE/L2	773	-	140	12716791	68444
chr19	12648347	12848347	harbor1	chr19	12738818	12739170	LINE/L2	1255	-	176	12738994	90647
chr19	12648347	12848347	harbor1	chr19	12739458	12739760	LINE/L2	1255	-	151	12739609	91262
chr19	49692461	49892461	harbor1	chr19	49768871	49768968	LINE/L2	818	-	48	49768919	76458
chr19	49692461	49892461	harbor1	chr19	49769278	49769881	LINE/L2	1108	-	302	49769580	77119
chr19	49692461	49892461	harbor1	chr19	49770169	49770245	LINE/L2	1108	-	38	49770207	77746
chr19	49692461	49892461	harbor1	chr19	49773515	49774097	LINE/L2	831	-	291	49773806	81345
chr19	18070546	18270546	harbor1	chr19	18108853	18109256	LINE/L2	656	-	202	18109055	38509
chr19	6023673	6223673	harbor1	chr19	6068278	6069986	LINE/L2	1505	-	854	6069132	45459
chr19	6023673	6223673	harbor1	chr19	6070266	6070345	LINE/L2	1505	-	40	6070306	46633
chr19	6023673	6223673	harbor1	chr19	6075244	6075993	LINE/L2	1342	-	374	6075618	51945
chr19	6023673	6223673	harbor1	chr19	6104767	6104851	LINE/L2	1100	-	42	6104809	81136
chr19	6023673	6223673	harbor1	chr19	6105138	6105983	LINE/L2	1187	-	422	6105560	81887
chr19	35022231	35222231	harbor1	chr19	35084456	35084796	LINE/L2	683	-	170	35084626	62395
chr19	35022231	35222231	harbor1	chr19	35095483	35095541	LINE/L2	1205	-	29	35095512	73281
chr19	35022231	35222231	harbor1	chr19	35095897	35096593	LINE/L2	1604	-	348	35096245	74014
chr19	35022231	35222231	harbor1	chr19	35108431	35109179	LINE/L2	1085	-	374	35108805	86574
chr19	35022231	35222231	harbor1	chr19	35094512	35094915	LINE/L2	1205	-	202	35094714	72483
chr19	58345244	58545244	harbor1	chr19	58441187	58441695	LINE/L2	692	-	254	58441441	96197
chr19	42004847	42204847	harbor1	chr19	42055448	42055682	LINE/L2	951	-	117	42055565	50718
chr19	42004847	42204847	harbor1	chr19	42056284	42056626	LINE/L2	951	-	171	42056455	51608
chr19	56370133	56570133	harbor1	chr19	56421693	56422232	LINE/L2	890	-	270	56421963	51830
chr19	56370133	56570133	harbor1	chr19	56462686	56463374	LINE/L2	778	-	344	56463030	92897
chr19	28651332	28851332	harbor1	chr19	28711418	28711671	LINE/L2	902	-	126	28711544	60212
chr19	37397279	37597279	harbor1	chr19	37442061	37442689	LINE/L2	691	-	314	37442375	45096
chr19	37397279	37597279	harbor1	chr19	37472385	37472461	LINE/L2	4170	-	38	37472423	75144
chr19	37397279	37597279	harbor1	chr19	37472773	37474110	LINE/L2	4170	-	668	37473441	76162
chr19	37397279	37597279	harbor1	chr19	37475517	37475738	LINE/L2	656	-	110	37475627	78348
chr19	5675194	5875194	harbor1	chr19	5683455	5683609	LINE/L2	800	-	77	5683532	8338
chr19	5675194	5875194	harbor1	chr19	5683923	5683965	LINE/L2	800	-	21	5683944	8750
chr19	5675194	5875194	harbor1	chr19	5684315	5684729	LINE/L2	800	-	207	5684522	9328
chr19	38677511	38877511	harbor1	chr19	38710507	38711017	LINE/L2	684	-	255	38710762	33251
chr19	52122439	52322439	harbor1	chr19	52132209	52132414	LINE/L2	707	-	102	52132311	9872
chr19	52122439	52322439	harbor1	chr19	52132832	52133184	LINE/L2	707	-	176	52133008	10569
chr19	52122439	52322439	harbor1	chr19	52191889	52192162	LINE/L2	766	-	136	52192025	69586
chr19	52122439	52322439	harbor1	chr19	52193359	52193580	LINE/L2	1196	-	110	52193469	71030
chr19	52122439	52322439	harbor1	chr19	52194116	52194608	LINE/L2	1196	-	246	52194362	71923
chr19	28012743	28212743	harbor1	chr19	28075679	28076354	LINE/L2	933	-	338	28076017	63274
chr19	39120163	39320163	harbor1	chr19	39124287	39124711	LINE/L2	1120	-	212	39124499	4336
chr19	39120163	39320163	harbor1	chr19	39160288	39160720	LINE/L2	825	-	216	39160504	40341
chr19	39120163	39320163	harbor1	chr19	39163881	39163994	LINE/L2	641	-	56	39163937	43774
chr19	39120163	39320163	harbor1	chr19	39164302	39164641	LINE/L2	641	-	170	39164472	44309
chr19	39120163	39320163	harbor1	chr19	39171854	39172309	LINE/L2	849	-	228	39172082	51919
chr19	39120163	39320163	harbor1	chr19	39219256	39219354	LINE/L2	974	-	49	39219305	99142
chr19	39120163	39320163	harbor1	chr19	39219671	39220093	LINE/L2	974	-	211	39219882	99719
chr19	49526081	49726081	harbor1	chr19	49529501	49529719	LINE/L2	663	-	109	49529610	3529
chr19	49526081	49726081	harbor1	chr19	49530801	49531040	LINE/L2	808	-	120	49530921	4840
chr19	49526081	49726081	harbor1	chr19	49531404	49531658	LINE/L2	808	-	127	49531531	5450
chr19	49526081	49726081	harbor1	chr19	49544127	49544507	LINE/L2	766	-	190	49544317	18236
chr19	5543445	5743445	harbor1	chr19	5562444	5562649	LINE/L2	956	-	102	5562546	19101
chr19	5543445	5743445	harbor1	chr19	5562947	5563464	LINE/L2	956	-	258	5563205	19760
chr19	13485073	13685073	harbor1	chr19	13524311	13524580	LINE/L2	635	-	134	13524445	39372
chr19	13485073	13685073	harbor1	chr19	13537211	13537389	LINE/L2	806	-	89	13537300	52227
chr19	13485073	13685073	harbor1	chr19	13538015	13538607	LINE/L2	806	-	296	13538311	53238
chr19	14353176	14553176	harbor1	chr19	14354730	14354744	LINE/L2	1521	-	7	14354737	1561
chr19	14353176	14553176	harbor1	chr19	14355065	14355357	LINE/L2	1521	-	146	14355211	2035
chr19	14353176	14553176	harbor1	chr19	14355670	14355925	LINE/L2	1521	-	128	14355798	2622
chr19	14353176	14553176	harbor1	chr19	14361879	14362377	LINE/L2	1100	-	249	14362128	8952
chr19	14353176	14553176	harbor1	chr19	14430750	14431084	LINE/L2	819	-	167	14430917	77741
chr19	45739566	45939566	harbor1	chr19	45828178	45828637	LINE/L2	629	-	230	45828408	88842
chr19	57906972	58106972	harbor1	chr19	57967107	57967382	LINE/L2	714	-	138	57967245	60273
chr19	54467829	54667829	harbor1	chr19	54484280	54484854	LINE/L2	733	-	287	54484567	16738
chr19	54467829	54667829	harbor1	chr19	54485165	54485324	LINE/L2	636	-	80	54485245	17416
chr19	54467829	54667829	harbor1	chr19	54489183	54489771	LINE/L2	1255	-	294	54489477	21648
chr19	29633896	29833896	harbor1	chr19	29672510	29672940	LINE/L2	634	-	215	29672725	38829
chr19	29633896	29833896	harbor1	chr19	29686264	29686627	LINE/L2	701	-	182	29686446	52550
chr19	29633896	29833896	harbor1	chr19	29687076	29687580	LINE/L2	775	-	252	29687328	53432
chr19	29633896	29833896	harbor1	chr19	29689532	29690008	LINE/L2	868	-	238	29689770	55874
chr19	29633896	29833896	harbor1	chr19	29690613	29690655	LINE/L2	868	-	21	29690634	56738
chr19	52111875	52311875	harbor1	chr19	52132209	52132414	LINE/L2	707	-	102	52132311	20436
chr19	52111875	52311875	harbor1	chr19	52132832	52133184	LINE/L2	707	-	176	52133008	21133
chr19	52111875	52311875	harbor1	chr19	52191889	52192162	LINE/L2	766	-	136	52192025	80150
chr19	52111875	52311875	harbor1	chr19	52193359	52193580	LINE/L2	1196	-	110	52193469	81594
chr19	52111875	52311875	harbor1	chr19	52194116	52194608	LINE/L2	1196	-	246	52194362	82487
chr19	35290969	35490969	harbor1	chr19	35317462	35317929	LINE/L2	794	-	234	35317696	26727
chr19	14114448	14314448	harbor1	chr19	14145284	14146259	LINE/L2	1519	-	488	14145772	31324
chr19	14114448	14314448	harbor1	chr19	14153165	14153410	LINE/L2	770	-	122	14153287	38839
chr19	14114448	14314448	harbor1	chr19	14197903	14198345	LINE/L2	716	-	221	14198124	83676
chr19	14114448	14314448	harbor1	chr19	14199331	14199425	LINE/L2	705	-	47	14199378	84930
chr19	14114448	14314448	harbor1	chr19	14200033	14200315	LINE/L2	705	-	141	14200174	85726
chr20	32550541	32750541	harbor1	chr20	32558690	32558859	LINE/L2	423	-	84	32558774	8233
chr20	32550541	32750541	harbor1	chr20	32569004	32569516	LINE/L2	587	-	256	32569260	18719
chr20	32550541	32750541	harbor1	chr20	32575630	32576465	LINE/L2	1556	-	418	32576048	25507
chr20	32550541	32750541	harbor1	chr20	32608884	32609127	LINE/L2	478	-	122	32609006	58465
chr20	32550541	32750541	harbor1	chr20	32619103	32619126	LINE/L2	997	-	12	32619115	68574
chr20	32550541	32750541	harbor1	chr20	32619426	32619958	LINE/L2	997	-	266	32619692	69151
chr20	32550541	32750541	harbor1	chr20	32621582	32621855	LINE/L2	831	-	136	32621718	71177
chr20	32550541	32750541	harbor1	chr20	32622128	32622270	LINE/L2	831	-	71	32622199	71658
chr20	32550541	32750541	harbor1	chr20	32587633	32588139	LINE/L2	816	-	253	32587886	37345
chr20	37100629	37300629	harbor1	chr20	37151993	37152510	LINE/L2	936	-	258	37152251	51622
chr20	37100629	37300629	harbor1	chr20	37152506	37152607	LINE/L2	622	-	50	37152556	51927
chr20	37100629	37300629	harbor1	chr20	37152905	37153296	LINE/L2	622	-	196	37153101	52472
chr20	37100629	37300629	harbor1	chr20	37182948	37183081	LINE/L2	505	-	66	37183014	82385
chr20	14587768	14787768	harbor1	chr20	14608554	14609434	LINE/L2	651	-	440	14608994	21226
chr20	14587768	14787768	harbor1	chr20	14628224	14628776	LINE/L2	421	-	276	14628500	40732
chr20	9510451	9710451	harbor1	chr20	9569330	9569641	LINE/L2	856	-	156	9569486	59035
chr20	9510451	9710451	harbor1	chr20	9567613	9568474	LINE/L2	1220	-	430	9568043	57592
chr20	745667	945667	harbor1	chr20	772648	773215	LINE/L2	447	-	284	772932	27265
chr20	745667	945667	harbor1	chr20	814990	815222	LINE/L2	658	-	116	815106	69439
chr20	745667	945667	harbor1	chr20	822460	822913	LINE/L2	573	-	226	822686	77019
chr20	745667	945667	harbor1	chr20	825742	826121	LINE/L2	641	-	190	825932	80265
chr20	745667	945667	harbor1	chr20	838465	838816	LINE/L2	512	-	176	838641	92974
chr20	61037334	61237334	harbor1	chr20	61121693	61121904	LINE/L2	406	-	106	61121799	84465
chr20	12831940	13031940	harbor1	chr20	12878664	12879327	LINE/L2	859	-	332	12878996	47056
chr20	12831940	13031940	harbor1	chr20	12892609	12892781	LINE/L2	435	-	86	12892695	60755
chr20	59911549	60111549	harbor1	chr20	59982718	59982848	LINE/L2	469	-	65	59982783	71234
chr20	47896679	48096679	harbor1	chr20	47903986	47904277	LINE/L2	420	-	146	47904132	7453
chr20	47896679	48096679	harbor1	chr20	47911015	47911205	LINE/L2	666	-	95	47911110	14431
chr20	47896679	48096679	harbor1	chr20	47912207	47912690	LINE/L2	1142	-	242	47912449	15770
chr20	47896679	48096679	harbor1	chr20	47913309	47913770	LINE/L2	836	-	230	47913539	16860
chr20	47896679	48096679	harbor1	chr20	47931240	47931529	LINE/L2	735	-	144	47931384	34705
chr20	47896679	48096679	harbor1	chr20	47945748	47946232	LINE/L2	934	-	242	47945990	49311
chr20	47896679	48096679	harbor1	chr20	47946863	47947011	LINE/L2	483	-	74	47946937	50258
chr20	47896679	48096679	harbor1	chr20	47982744	47983148	LINE/L2	582	-	202	47982946	86267
chr20	47896679	48096679	harbor1	chr20	47939492	47939929	LINE/L2	480	-	218	47939710	43031
chr20	295379	495379	harbor1	chr20	303196	303754	LINE/L2	947	-	279	303475	8096
chr20	295379	495379	harbor1	chr20	317308	317475	LINE/L2	421	-	84	317392	22013
chr20	295379	495379	harbor1	chr20	333778	334003	LINE/L2	429	-	112	333890	38511
chr20	295379	495379	harbor1	chr20	337046	337226	LINE/L2	729	-	90	337136	41757
chr20	295379	495379	harbor1	chr20	352596	352919	LINE/L2	597	-	162	352758	57379
chr20	295379	495379	harbor1	chr20	364346	364478	LINE/L2	1023	-	66	364412	69033
chr20	295379	495379	harbor1	chr20	364783	365072	LINE/L2	1023	-	144	364927	69548
chr20	295379	495379	harbor1	chr20	370701	370903	LINE/L2	630	-	101	370802	75423
chr20	295379	495379	harbor1	chr20	389896	390034	LINE/L2	433	-	69	389965	94586
chr20	54499841	54699841	harbor1	chr20	54505480	54506353	LINE/L2	1086	-	436	54505916	6075
chr20	54499841	54699841	harbor1	chr20	54507089	54507280	LINE/L2	405	-	96	54507185	7344
chr20	54499841	54699841	harbor1	chr20	54507613	54508022	LINE/L2	405	-	204	54507817	7976
chr20	54499841	54699841	harbor1	chr20	54531989	54532148	LINE/L2	414	-	80	54532069	32228
chr20	54499841	54699841	harbor1	chr20	54572929	54573350	LINE/L2	981	-	210	54573139	73298
chr20	54499841	54699841	harbor1	chr20	54586459	54587120	LINE/L2	670	-	330	54586789	86948
chr20	35099396	35299396	harbor1	chr20	35102457	35102597	LINE/L2	567	-	70	35102527	3131
chr20	35099396	35299396	harbor1	chr20	35130834	35131132	LINE/L2	439	-	149	35130983	31587
chr20	35099396	35299396	harbor1	chr20	35191337	35192013	LINE/L2	744	-	338	35191675	92279
chr20	35099396	35299396	harbor1	chr20	35193604	35193982	LINE/L2	1348	-	189	35193793	94397
chr20	35099396	35299396	harbor1	chr20	35194206	35194553	LINE/L2	718	-	174	35194380	94984
chr20	35796677	35996677	harbor1	chr20	35820292	35820445	LINE/L2	1067	-	76	35820368	23691
chr20	35796677	35996677	harbor1	chr20	35820749	35821158	LINE/L2	1067	-	204	35820953	24276
chr20	35796677	35996677	harbor1	chr20	35821671	35822119	LINE/L2	1487	-	224	35821895	25218
chr20	35796677	35996677	harbor1	chr20	35826344	35826687	LINE/L2	551	-	172	35826516	29839
chr20	40892260	41092260	harbor1	chr20	40898779	40899035	LINE/L2	635	-	128	40898907	6647
chr20	40892260	41092260	harbor1	chr20	40899325	40899413	LINE/L2	635	-	44	40899369	7109
chr20	40892260	41092260	harbor1	chr20	40902412	40902602	LINE/L2	465	-	95	40902507	10247
chr20	40892260	41092260	harbor1	chr20	40902874	40903106	LINE/L2	1161	-	116	40902990	10730
chr20	40892260	41092260	harbor1	chr20	40903412	40903726	LINE/L2	1161	-	157	40903569	11309
chr20	40892260	41092260	harbor1	chr20	40904208	40904469	LINE/L2	1109	-	130	40904338	12078
chr20	40892260	41092260	harbor1	chr20	40933982	40934488	LINE/L2	632	-	253	40934235	41975
chr20	40892260	41092260	harbor1	chr20	40934622	40934672	LINE/L2	632	-	25	40934647	42387
chr20	40892260	41092260	harbor1	chr20	40952610	40952800	LINE/L2	699	-	95	40952705	60445
chr20	40892260	41092260	harbor1	chr20	40953454	40953709	LINE/L2	414	-	128	40953582	61322
chr20	40892260	41092260	harbor1	chr20	40963617	40963885	LINE/L2	491	-	134	40963751	71491
chr20	11128006	11328006	harbor1	chr20	11142098	11143200	LINE/L2	553	-	551	11142649	14643
chr20	11128006	11328006	harbor1	chr20	11169818	11170132	LINE/L2	669	-	157	11169975	41969
chr20	11128006	11328006	harbor1	chr20	11190619	11191246	LINE/L2	530	-	314	11190933	62927
chr20	16775678	16975678	harbor1	chr20	16779024	16779205	LINE/L2	461	-	90	16779114	3436
chr20	16775678	16975678	harbor1	chr20	16818441	16818587	LINE/L2	463	-	73	16818514	42836
chr20	8219152	8419152	harbor1	chr20	8250790	8250943	LINE/L2	483	-	76	8250866	31714
chr20	8219152	8419152	harbor1	chr20	8251312	8251604	LINE/L2	483	-	146	8251458	32306
chr20	40726298	40926298	harbor1	chr20	40733720	40734170	LINE/L2	1258	-	225	40733945	7647
chr20	40726298	40926298	harbor1	chr20	40734334	40734525	LINE/L2	743	-	96	40734430	8132
chr20	40726298	40926298	harbor1	chr20	40752370	40752626	LINE/L2	519	-	128	40752498	26200
chr20	40726298	40926298	harbor1	chr20	40753419	40753674	LINE/L2	642	-	128	40753547	27249
chr20	40726298	40926298	harbor1	chr20	40780525	40781275	LINE/L2	1619	-	375	40780900	54602
chr20	40726298	40926298	harbor1	chr20	40789100	40789596	LINE/L2	570	-	248	40789348	63050
chr20	52274212	52474212	harbor1	chr20	52317847	52318353	LINE/L2	1412	-	253	52318100	43888
chr20	52274212	52474212	harbor1	chr20	52318572	52318654	LINE/L2	647	-	41	52318613	44401
chr20	52274212	52474212	harbor1	chr20	52343607	52343755	LINE/L2	402	-	74	52343681	69469
chr20	52274212	52474212	harbor1	chr20	52344307	52344930	LINE/L2	809	-	312	52344619	70407
chr20	52008519	52208519	harbor1	chr20	52012899	52013376	LINE/L2	735	-	238	52013137	4618
chr20	55794425	55994425	harbor1	chr20	55812430	55813160	LINE/L2	1844	-	365	55812795	18370
chr20	55794425	55994425	harbor1	chr20	55822026	55822344	LINE/L2	555	-	159	55822185	27760
chr20	55794425	55994425	harbor1	chr20	55872031	55872471	LINE/L2	1114	-	220	55872251	77826
chr20	55794425	55994425	harbor1	chr20	55889137	55889202	LINE/L2	432	-	32	55889169	94744
chr20	55794425	55994425	harbor1	chr20	55889503	55889626	LINE/L2	432	-	62	55889565	95140
chr20	33291219	33491219	harbor1	chr20	33307241	33307591	LINE/L2	1149	-	175	33307416	16197
chr20	33291219	33491219	harbor1	chr20	33308316	33308381	LINE/L2	1149	-	32	33308348	17129
chr20	33291219	33491219	harbor1	chr20	33335928	33336129	LINE/L2	706	-	100	33336028	44809
chr20	33291219	33491219	harbor1	chr20	33336423	33336782	LINE/L2	706	-	180	33336603	45384
chr20	45243742	45443742	harbor1	chr20	45299325	45299440	LINE/L2	404	-	58	45299383	55641
chr20	45243742	45443742	harbor1	chr20	45300173	45300369	LINE/L2	404	-	98	45300271	56529
chr20	45243742	45443742	harbor1	chr20	45309938	45310324	LINE/L2	1028	-	193	45310131	66389
chr20	45243742	45443742	harbor1	chr20	45310630	45310840	LINE/L2	1028	-	105	45310735	66993
chr20	45243742	45443742	harbor1	chr20	45311147	45311426	LINE/L2	548	-	140	45311287	67545
chr20	3988836	4188836	harbor1	chr20	4009048	4009210	LINE/L2	462	-	81	4009129	20293
chr20	3988836	4188836	harbor1	chr20	4009205	4009757	LINE/L2	669	-	276	4009481	20645
chr20	41427017	41627017	harbor1	chr20	41512273	41512771	LINE/L2	521	-	249	41512522	85505
chr20	46232914	46432914	harbor1	chr20	46250208	46250718	LINE/L2	598	-	255	46250463	17549
chr20	46232914	46432914	harbor1	chr20	46254182	46254272	LINE/L2	954	-	45	46254227	21313
chr20	46232914	46432914	harbor1	chr20	46254577	46254877	LINE/L2	954	-	150	46254727	21813
chr20	46232914	46432914	harbor1	chr20	46256128	46256718	LINE/L2	2165	-	295	46256423	23509
chr20	46232914	46432914	harbor1	chr20	46257317	46258234	LINE/L2	2165	-	458	46257775	24861
chr20	46232914	46432914	harbor1	chr20	46263302	46263406	LINE/L2	470	-	52	46263354	30440
chr20	46232914	46432914	harbor1	chr20	46263453	46264095	LINE/L2	634	-	321	46263774	30860
chr20	46232914	46432914	harbor1	chr20	46269986	46270161	LINE/L2	529	-	88	46270074	37160
chr20	46232914	46432914	harbor1	chr20	46272195	46272646	LINE/L2	432	-	226	46272421	39507
chr20	46232914	46432914	harbor1	chr20	46275672	46276123	LINE/L2	557	-	226	46275898	42984
chr20	46232914	46432914	harbor1	chr20	46276215	46276465	LINE/L2	431	-	125	46276340	43426
chr20	46232914	46432914	harbor1	chr20	46287347	46288091	LINE/L2	719	-	372	46287719	54805
chr20	46232914	46432914	harbor1	chr20	46303692	46304016	LINE/L2	412	-	162	46303854	70940
chr20	46232914	46432914	harbor1	chr20	46316258	46316550	LINE/L2	638	-	146	46316404	83490
chr20	46232914	46432914	harbor1	chr20	46316837	46316928	LINE/L2	638	-	46	46316883	83969
chr20	6221885	6421885	harbor1	chr20	6310195	6311053	LINE/L2	1886	-	429	6310624	88739
chr20	53958343	54158343	harbor1	chr20	54024306	54024915	LINE/L2	972	-	304	54024610	66267
chr20	55856912	56056912	harbor1	chr20	55872031	55872471	LINE/L2	1114	-	220	55872251	15339
chr20	55856912	56056912	harbor1	chr20	55889137	55889202	LINE/L2	432	-	32	55889169	32257
chr20	55856912	56056912	harbor1	chr20	55889503	55889626	LINE/L2	432	-	62	55889565	32653
chr20	55856912	56056912	harbor1	chr20	55909420	55909948	LINE/L2	707	-	264	55909684	52772
chr20	55856912	56056912	harbor1	chr20	55913068	55913219	LINE/L2	405	-	76	55913144	56232
chr20	55856912	56056912	harbor1	chr20	55952893	55953045	LINE/L2	699	-	76	55952969	96057
chr20	55856912	56056912	harbor1	chr20	55953286	55953385	LINE/L2	414	-	50	55953336	96424
chr20	55856912	56056912	harbor1	chr20	55953533	55953618	LINE/L2	414	-	42	55953575	96663
chr20	55856912	56056912	harbor1	chr20	55953825	55954137	LINE/L2	489	-	156	55953981	97069
chr20	55856912	56056912	harbor1	chr20	55954534	55954766	LINE/L2	489	-	116	55954650	97738
chr20	30631167	30831167	harbor1	chr20	30656284	30656780	LINE/L2	504	-	248	30656532	25365
chr20	38160723	38360723	harbor1	chr20	38191391	38191908	LINE/L2	1651	-	258	38191649	30926
chr20	38160723	38360723	harbor1	chr20	38194637	38195039	LINE/L2	549	-	201	38194838	34115
chr20	38160723	38360723	harbor1	chr20	38196132	38196400	LINE/L2	519	-	134	38196266	35543
chr20	38160723	38360723	harbor1	chr20	38197020	38197517	LINE/L2	1502	-	248	38197268	36545
chr20	38160723	38360723	harbor1	chr20	38203855	38204128	LINE/L2	472	-	136	38203991	43268
chr20	38160723	38360723	harbor1	chr20	38208424	38208908	LINE/L2	439	-	242	38208666	47943
chr20	38160723	38360723	harbor1	chr20	38215370	38215777	LINE/L2	517	-	204	38215574	54851
chr20	38160723	38360723	harbor1	chr20	38235993	38237708	LINE/L2	4160	-	858	38236851	76128
chr20	38160723	38360723	harbor1	chr20	38258569	38258774	LINE/L2	584	-	102	38258671	97948
chr20	48401914	48601914	harbor1	chr20	48405575	48405962	LINE/L2	429	-	194	48405769	3855
chr20	48401914	48601914	harbor1	chr20	48460617	48460944	LINE/L2	646	-	164	48460781	58867
chr20	48401914	48601914	harbor1	chr20	48467308	48467442	LINE/L2	406	-	67	48467375	65461
chr20	52379422	52579422	harbor1	chr20	52421765	52422214	LINE/L2	930	-	224	52421989	42567
chr20	52379422	52579422	harbor1	chr20	52445232	52445644	LINE/L2	500	-	206	52445438	66016
chr20	52379422	52579422	harbor1	chr20	52445855	52446745	LINE/L2	1527	-	445	52446300	66878
chr20	52379422	52579422	harbor1	chr20	52466880	52467008	LINE/L2	506	-	64	52466944	87522
chr20	52379422	52579422	harbor1	chr20	52473817	52474008	LINE/L2	455	-	96	52473913	94491
chr20	52379422	52579422	harbor1	chr20	52474187	52474284	LINE/L2	455	-	48	52474235	94813
chr20	52379422	52579422	harbor1	chr20	52474582	52474844	LINE/L2	455	-	131	52474713	95291
chr20	50997772	51197772	harbor1	chr20	50998352	50998474	LINE/L2	1101	-	61	50998413	641
chr20	50997772	51197772	harbor1	chr20	50998760	50998832	LINE/L2	1101	-	36	50998796	1024
chr20	50997772	51197772	harbor1	chr20	50999379	50999939	LINE/L2	1101	-	280	50999659	1887
chr20	50997772	51197772	harbor1	chr20	51002398	51002758	LINE/L2	415	-	180	51002578	4806
chr20	50997772	51197772	harbor1	chr20	51014563	51015008	LINE/L2	547	-	222	51014785	17013
chr20	50997772	51197772	harbor1	chr20	51072480	51072718	LINE/L2	624	-	119	51072599	74827
chr20	50997772	51197772	harbor1	chr20	51073524	51073696	LINE/L2	554	-	86	51073610	75838
chr20	50997772	51197772	harbor1	chr20	51075828	51076338	LINE/L2	420	-	255	51076083	78311
chr20	50997772	51197772	harbor1	chr20	51083330	51083985	LINE/L2	1381	-	328	51083658	85886
chr20	50997772	51197772	harbor1	chr20	51035974	51036207	LINE/L2	445	-	116	51036090	38318
chr20	59001141	59201141	harbor1	chr20	59003807	59004294	LINE/L2	592	-	244	59004051	2910
chr20	59001141	59201141	harbor1	chr20	59012688	59013036	LINE/L2	452	-	174	59012862	11721
chr20	36003339	36203339	harbor1	chr20	36018951	36019243	LINE/L2	913	-	146	36019097	15758
chr20	36003339	36203339	harbor1	chr20	36019552	36019817	LINE/L2	913	-	132	36019684	16345
chr20	36003339	36203339	harbor1	chr20	36041516	36042233	LINE/L2	914	-	358	36041874	38535
chr20	36003339	36203339	harbor1	chr20	36051234	36051650	LINE/L2	996	-	208	36051442	48103
chr20	36003339	36203339	harbor1	chr20	36051671	36051799	LINE/L2	431	-	64	36051735	48396
chr20	36003339	36203339	harbor1	chr20	36051816	36052360	LINE/L2	468	-	272	36052088	48749
chr20	22038090	22238090	harbor1	chr20	22124114	22124670	LINE/L2	766	-	278	22124392	86302
chr20	54215015	54415015	harbor1	chr20	54217002	54217339	LINE/L2	432	-	168	54217170	2155
chr20	54215015	54415015	harbor1	chr20	54264212	54264779	LINE/L2	842	-	284	54264496	49481
chr20	54215015	54415015	harbor1	chr20	54265261	54265437	LINE/L2	453	-	88	54265349	50334
chr20	54215015	54415015	harbor1	chr20	54279405	54279477	LINE/L2	514	-	36	54279441	64426
chr20	54215015	54415015	harbor1	chr20	54279853	54279962	LINE/L2	514	-	54	54279907	64892
chr20	54215015	54415015	harbor1	chr20	54280249	54280747	LINE/L2	514	-	249	54280498	65483
chr20	54215015	54415015	harbor1	chr20	54287241	54287323	LINE/L2	486	-	41	54287282	72267
chr20	54215015	54415015	harbor1	chr20	54299983	54300644	LINE/L2	717	-	330	54300313	85298
chr20	54215015	54415015	harbor1	chr20	54314616	54315066	LINE/L2	978	-	225	54314841	99826
chr20	52827509	53027509	harbor1	chr20	52829995	52830237	LINE/L2	408	-	121	52830116	2607
chr20	52827509	53027509	harbor1	chr20	52839002	52839472	LINE/L2	1153	-	235	52839237	11728
chr20	52827509	53027509	harbor1	chr20	52854298	52854521	LINE/L2	637	-	112	52854410	26901
chr20	52827509	53027509	harbor1	chr20	52888566	52889017	LINE/L2	1366	-	226	52888792	61283
chr20	52827509	53027509	harbor1	chr20	52889325	52889842	LINE/L2	1366	-	258	52889583	62074
chr20	13475083	13675083	harbor1	chr20	13521818	13522771	LINE/L2	2124	-	476	13522294	47211
chr20	13475083	13675083	harbor1	chr20	13523010	13523200	LINE/L2	445	-	95	13523105	48022
chr20	44313649	44513649	harbor1	chr20	44341340	44341490	LINE/L2	602	-	75	44341415	27766
chr20	44313649	44513649	harbor1	chr20	44361755	44361998	LINE/L2	461	-	122	44361877	48228
chr20	44313649	44513649	harbor1	chr20	44387317	44387634	LINE/L2	426	-	158	44387475	73826
chr20	44313649	44513649	harbor1	chr20	44412106	44412727	LINE/L2	755	-	310	44412416	98767
chr20	889859	1089859	harbor1	chr20	896175	896537	LINE/L2	780	-	181	896356	6497
chr20	889859	1089859	harbor1	chr20	914098	914429	LINE/L2	678	-	166	914264	24405
chr20	889859	1089859	harbor1	chr20	940816	941272	LINE/L2	996	-	228	941044	51185
chr20	889859	1089859	harbor1	chr20	949411	949827	LINE/L2	718	-	208	949619	59760
chr20	889859	1089859	harbor1	chr20	962038	962391	LINE/L2	622	-	176	962214	72355
chr20	889859	1089859	harbor1	chr20	987840	988469	LINE/L2	621	-	314	988154	98295
chr20	16978792	17178792	harbor1	chr20	17075754	17076575	LINE/L2	662	-	410	17076164	97372
chr20	4199183	4399183	harbor1	chr20	4229300	4229700	LINE/L2	1224	-	200	4229500	30317
chr20	4199183	4399183	harbor1	chr20	4234728	4234956	LINE/L2	905	-	114	4234842	35659
chr20	4199183	4399183	harbor1	chr20	4246167	4246578	LINE/L2	513	-	206	4246373	47190
chr20	4199183	4399183	harbor1	chr20	4254424	4254517	LINE/L2	402	-	46	4254470	55287
chr20	4199183	4399183	harbor1	chr20	4254829	4254887	LINE/L2	402	-	29	4254858	55675
chr20	4199183	4399183	harbor1	chr20	4263801	4264133	LINE/L2	520	-	166	4263967	64784
chr20	4199183	4399183	harbor1	chr20	4265204	4265307	LINE/L2	520	-	52	4265256	66073
chr20	4199183	4399183	harbor1	chr20	4266069	4266347	LINE/L2	408	-	139	4266208	67025
chr20	4199183	4399183	harbor1	chr20	4266478	4266774	LINE/L2	1163	-	148	4266626	67443
chr20	4199183	4399183	harbor1	chr20	4267084	4267491	LINE/L2	1163	-	204	4267288	68105
chr20	52133261	52333261	harbor1	chr20	52170734	52171034	LINE/L2	1067	-	150	52170884	37623
chr20	45816552	46016552	harbor1	chr20	45872416	45872722	LINE/L2	415	-	153	45872569	56017
chr20	45816552	46016552	harbor1	chr20	45899194	45899336	LINE/L2	464	-	71	45899265	82713
chr20	38458967	38658967	harbor1	chr20	38486875	38487289	LINE/L2	494	-	207	38487082	28115
chr20	32123577	32323577	harbor1	chr20	32131851	32132125	LINE/L2	1085	-	137	32131988	8411
chr20	32123577	32323577	harbor1	chr20	32132409	32132575	LINE/L2	1085	-	83	32132492	8915
chr20	32123577	32323577	harbor1	chr20	32135320	32135721	LINE/L2	667	-	200	32135520	11943
chr20	32123577	32323577	harbor1	chr20	32145663	32145861	LINE/L2	709	-	99	32145762	22185
chr20	32123577	32323577	harbor1	chr20	32154754	32155018	LINE/L2	480	-	132	32154886	31309
chr20	32123577	32323577	harbor1	chr20	32182790	32182872	LINE/L2	877	-	41	32182831	59254
chr20	32123577	32323577	harbor1	chr20	32183168	32183453	LINE/L2	877	-	142	32183310	59733
chr20	32123577	32323577	harbor1	chr20	32183748	32183946	LINE/L2	877	-	99	32183847	60270
chr20	32123577	32323577	harbor1	chr20	32185347	32185457	LINE/L2	608	-	55	32185402	61825
chr20	32123577	32323577	harbor1	chr20	32185758	32186113	LINE/L2	608	-	178	32185936	62359
chr20	32123577	32323577	harbor1	chr20	32186418	32186485	LINE/L2	562	-	34	32186452	62875
chr20	32123577	32323577	harbor1	chr20	32208387	32208534	LINE/L2	787	-	74	32208461	84884
chr20	32123577	32323577	harbor1	chr20	32208856	32208939	LINE/L2	787	-	42	32208898	85321
chr20	32123577	32323577	harbor1	chr20	32219034	32219447	LINE/L2	477	-	206	32219240	95663
chr20	48877355	49077355	harbor1	chr20	48915911	48916044	LINE/L2	508	-	66	48915977	38622
chr20	48877355	49077355	harbor1	chr20	48918775	48918961	LINE/L2	459	-	93	48918868	41513
chr20	48877355	49077355	harbor1	chr20	48922789	48923273	LINE/L2	639	-	242	48923031	45676
chr20	48877355	49077355	harbor1	chr20	48926940	48927185	LINE/L2	469	-	122	48927062	49707
chr20	48877355	49077355	harbor1	chr20	48929410	48930056	LINE/L2	2170	-	323	48929733	52378
chr20	48877355	49077355	harbor1	chr20	48930375	48931324	LINE/L2	2170	-	474	48930849	53494
chr20	48877355	49077355	harbor1	chr20	48931331	48932158	LINE/L2	1406	-	414	48931745	54390
chr20	48877355	49077355	harbor1	chr20	48973319	48973593	LINE/L2	689	-	137	48973456	96101
chr20	10985608	11185608	harbor1	chr20	11040002	11040517	LINE/L2	1167	-	258	11040260	54652
chr20	10985608	11185608	harbor1	chr20	11040550	11040782	LINE/L2	506	-	116	11040666	55058
chr20	54634082	54834082	harbor1	chr20	54648199	54648823	LINE/L2	644	-	312	54648511	14429
chr20	54634082	54834082	harbor1	chr20	54676976	54677602	LINE/L2	681	-	313	54677289	43207
chr20	54634082	54834082	harbor1	chr20	54683469	54684003	LINE/L2	727	-	267	54683736	49654
chr20	54634082	54834082	harbor1	chr20	54731162	54731273	LINE/L2	454	-	56	54731218	97136
chr20	34388387	34588387	harbor1	chr20	34393407	34393691	LINE/L2	920	-	142	34393549	5162
chr20	17792169	17992169	harbor1	chr20	17877914	17878381	LINE/L2	760	-	234	17878148	85979
chr20	24247870	24447870	harbor1	chr20	24276705	24276930	LINE/L2	732	-	112	24276817	28947
chr20	38117564	38317564	harbor1	chr20	38127957	38128337	LINE/L2	616	-	190	38128147	10583
chr20	38117564	38317564	harbor1	chr20	38151673	38151913	LINE/L2	401	-	120	38151793	34229
chr20	38117564	38317564	harbor1	chr20	38191391	38191908	LINE/L2	1651	-	258	38191649	74085
chr20	38117564	38317564	harbor1	chr20	38194637	38195039	LINE/L2	549	-	201	38194838	77274
chr20	38117564	38317564	harbor1	chr20	38196132	38196400	LINE/L2	519	-	134	38196266	78702
chr20	38117564	38317564	harbor1	chr20	38197020	38197517	LINE/L2	1502	-	248	38197268	79704
chr20	38117564	38317564	harbor1	chr20	38203855	38204128	LINE/L2	472	-	136	38203991	86427
chr20	38117564	38317564	harbor1	chr20	38208424	38208908	LINE/L2	439	-	242	38208666	91102
chr20	38117564	38317564	harbor1	chr20	38215370	38215777	LINE/L2	517	-	204	38215574	98010
chr20	38278937	38478937	harbor1	chr20	38279649	38279998	LINE/L2	935	-	174	38279823	886
chr20	38278937	38478937	harbor1	chr20	38298048	38298227	LINE/L2	434	-	90	38298138	19201
chr20	38278937	38478937	harbor1	chr20	38306013	38306032	LINE/L2	491	-	10	38306023	27086
chr20	38278937	38478937	harbor1	chr20	38306335	38306731	LINE/L2	491	-	198	38306533	27596
chr20	38278937	38478937	harbor1	chr20	38311267	38311672	LINE/L2	590	-	202	38311469	32532
chr20	38278937	38478937	harbor1	chr20	38312554	38312743	LINE/L2	589	-	94	38312648	33711
chr20	38278937	38478937	harbor1	chr20	38325058	38325284	LINE/L2	749	-	113	38325171	46234
chr20	38278937	38478937	harbor1	chr20	38325904	38326229	LINE/L2	749	-	162	38326066	47129
chr20	38278937	38478937	harbor1	chr20	38331434	38331561	LINE/L2	828	-	64	38331498	52561
chr20	38278937	38478937	harbor1	chr20	38331870	38332448	LINE/L2	828	-	289	38332159	53222
chr20	38278937	38478937	harbor1	chr20	38339301	38339517	LINE/L2	474	-	108	38339409	60472
chr20	4764491	4964491	harbor1	chr20	4771585	4771887	LINE/L2	486	-	151	4771736	7245
chr20	8532838	8732838	harbor1	chr20	8544931	8545727	LINE/L2	604	-	398	8545329	12491
chr20	8532838	8732838	harbor1	chr20	8570619	8571193	LINE/L2	1722	-	287	8570906	38068
chr20	8532838	8732838	harbor1	chr20	8571509	8571847	LINE/L2	1722	-	169	8571678	38840
chr20	8532838	8732838	harbor1	chr20	8572841	8573421	LINE/L2	1722	-	290	8573131	40293
chr20	8532838	8732838	harbor1	chr20	8580623	8581149	LINE/L2	464	-	263	8580886	48048
chr20	8532838	8732838	harbor1	chr20	8632354	8633101	LINE/L2	1897	-	374	8632728	99890
chr20	53491436	53691436	harbor1	chr20	53517056	53517218	LINE/L2	558	-	81	53517137	25701
chr20	53491436	53691436	harbor1	chr20	53526104	53526254	LINE/L2	416	-	75	53526179	34743
chr20	53598138	53798138	harbor1	chr20	53598291	53598560	LINE/L2	523	-	134	53598425	287
chr20	53598138	53798138	harbor1	chr20	53604795	53605307	LINE/L2	1180	-	256	53605051	6913
chr20	53598138	53798138	harbor1	chr20	53637971	53638212	LINE/L2	1483	-	120	53638091	39953
chr20	53598138	53798138	harbor1	chr20	53638545	53638624	LINE/L2	1483	-	40	53638585	40447
chr20	53598138	53798138	harbor1	chr20	53638916	53639408	LINE/L2	1483	-	246	53639162	41024
chr20	52368674	52568674	harbor1	chr20	52421765	52422214	LINE/L2	930	-	224	52421989	53315
chr20	52368674	52568674	harbor1	chr20	52445232	52445644	LINE/L2	500	-	206	52445438	76764
chr20	52368674	52568674	harbor1	chr20	52445855	52446745	LINE/L2	1527	-	445	52446300	77626
chr20	52368674	52568674	harbor1	chr20	52466880	52467008	LINE/L2	506	-	64	52466944	98270
chr20	3749752	3949752	harbor1	chr20	3787749	3787852	LINE/L2	593	-	52	3787801	38049
chr20	3749752	3949752	harbor1	chr20	3788165	3788254	LINE/L2	593	-	44	3788209	38457
chr21	14701832	14901832	harbor1	chr21	14766721	14767198	LINE/L2	547	-	238	14766959	65127
chr21	45696881	45896881	harbor1	chr21	45703531	45704063	LINE/L2	666	-	266	45703797	6916
chr21	45696881	45896881	harbor1	chr21	45789464	45789857	LINE/L2	690	-	196	45789660	92779
chr21	45696881	45896881	harbor1	chr21	45790158	45790996	LINE/L2	690	-	419	45790577	93696
chr21	15699057	15899057	harbor1	chr21	15699420	15699498	LINE/L2	2051	-	39	15699459	402
chr21	15699057	15899057	harbor1	chr21	15699875	15700767	LINE/L2	2051	-	446	15700321	1264
chr21	8927204	9127204	harbor1	chr21	9021275	9021839	LINE/L2	873	-	282	9021557	94353
chr21	22522653	22722653	harbor1	chr21	22604678	22604938	LINE/L2	581	-	130	22604808	82155
chr21	22522653	22722653	harbor1	chr21	22619668	22620286	LINE/L2	1005	-	309	22619977	97324
chr21	36005838	36205838	harbor1	chr21	36045041	36045196	LINE/L2	569	-	78	36045119	39281
chr21	42083860	42283860	harbor1	chr21	42143936	42144119	LINE/L2	591	-	92	42144028	60168
chr21	31951876	32151876	harbor1	chr21	31960157	31960374	LINE/L2	576	-	108	31960265	8389
chr21	34627057	34827057	harbor1	chr21	34653444	34653741	LINE/L2	520	-	148	34653592	26535
chr21	34627057	34827057	harbor1	chr21	34653753	34654069	LINE/L2	647	-	158	34653911	26854
chr21	34627057	34827057	harbor1	chr21	34665017	34665249	LINE/L2	767	-	116	34665133	38076
chr21	34627057	34827057	harbor1	chr21	34665507	34665963	LINE/L2	965	-	228	34665735	38678
chr21	34627057	34827057	harbor1	chr21	34666125	34666221	LINE/L2	965	-	48	34666173	39116
chr21	34627057	34827057	harbor1	chr21	34676323	34676461	LINE/L2	549	-	69	34676392	49335
chr21	26046952	26246952	harbor1	chr21	26060441	26061164	LINE/L2	1126	-	362	26060803	13851
chr21	26046952	26246952	harbor1	chr21	26091111	26091982	LINE/L2	1933	-	436	26091547	44595
chr21	13179579	13379579	harbor1	chr21	13190821	13191140	LINE/L2	829	-	160	13190981	11402
chr21	16346567	16546567	harbor1	chr21	16352894	16353118	LINE/L2	1303	-	112	16353006	6439
chr21	16346567	16546567	harbor1	chr21	16353434	16353716	LINE/L2	1303	-	141	16353575	7008
chr21	16346567	16546567	harbor1	chr21	16354067	16354270	LINE/L2	1303	-	102	16354169	7602
chr21	16346567	16546567	harbor1	chr21	16383710	16383907	LINE/L2	731	-	98	16383808	37241
chr21	30089444	30289444	harbor1	chr21	30096593	30096890	LINE/L2	547	-	148	30096741	7297
chr21	30089444	30289444	harbor1	chr21	30139234	30140897	LINE/L2	3295	-	832	30140066	50622
chr21	30089444	30289444	harbor1	chr21	30141471	30142798	LINE/L2	484	-	664	30142135	52691
chr21	30089444	30289444	harbor1	chr21	30151794	30152244	LINE/L2	545	-	225	30152019	62575
chr21	30089444	30289444	harbor1	chr21	30171105	30171621	LINE/L2	603	-	258	30171363	81919
chr21	30089444	30289444	harbor1	chr21	30171924	30172380	LINE/L2	603	-	228	30172152	82708
chr21	24459332	24659332	harbor1	chr21	24545049	24545558	LINE/L2	764	-	254	24545303	85971
chr21	24717275	24917275	harbor1	chr21	24726296	24726794	LINE/L2	628	-	249	24726545	9270
chr21	24717275	24917275	harbor1	chr21	24773031	24774060	LINE/L2	1666	-	514	24773545	56270
chr21	24717275	24917275	harbor1	chr21	24803272	24803573	LINE/L2	499	-	150	24803422	86147
chr21	24717275	24917275	harbor1	chr21	24803870	24803922	LINE/L2	499	-	26	24803896	86621
chr21	39047235	39247235	harbor1	chr21	39099658	39099801	LINE/L2	574	-	72	39099730	52495
chr21	39047235	39247235	harbor1	chr21	39103505	39103658	LINE/L2	613	-	76	39103581	56346
chr21	26791196	26991196	harbor1	chr21	26792976	26794127	LINE/L2	1941	-	576	26793552	2356
chr21	26791196	26991196	harbor1	chr21	26887557	26887951	LINE/L2	515	-	197	26887754	96558
chr21	39405883	39605883	harbor1	chr21	39441904	39443576	LINE/L2	613	-	836	39442740	36857
chr21	39405883	39605883	harbor1	chr21	39444580	39445075	LINE/L2	1435	-	248	39444828	38945
chr21	26760630	26960630	harbor1	chr21	26770923	26771167	LINE/L2	685	-	122	26771045	10415
chr21	26760630	26960630	harbor1	chr21	26771512	26772240	LINE/L2	1738	-	364	26771876	11246
chr21	26760630	26960630	harbor1	chr21	26792976	26794127	LINE/L2	1941	-	576	26793552	32922
chr21	29058413	29258413	harbor1	chr21	29096235	29096651	LINE/L2	676	-	208	29096443	38030
chr22	38474943	38674943	harbor1	chr22	38559587	38559737	LINE/L2	1549	-	75	38559662	84719
chr22	38474943	38674943	harbor1	chr22	38560048	38560649	LINE/L2	1549	-	300	38560348	85405
chr22	24972654	25172654	harbor1	chr22	24972700	24973304	LINE/L2	991	-	302	24973002	348
chr22	24972654	25172654	harbor1	chr22	25020472	25021065	LINE/L2	508	-	296	25020768	48114
chr22	24972654	25172654	harbor1	chr22	25048003	25048487	LINE/L2	660	-	242	25048245	75591
chr22	25608820	25808820	harbor1	chr22	25615616	25616188	LINE/L2	760	-	286	25615902	7082
chr22	25608820	25808820	harbor1	chr22	25616595	25616716	LINE/L2	665	-	60	25616655	7835
chr22	25608820	25808820	harbor1	chr22	25622595	25622838	LINE/L2	438	-	122	25622717	13897
chr22	25608820	25808820	harbor1	chr22	25641404	25641924	LINE/L2	452	-	260	25641664	32844
chr22	25608820	25808820	harbor1	chr22	25656631	25657118	LINE/L2	610	-	244	25656875	48055
chr22	25608820	25808820	harbor1	chr22	25658704	25659373	LINE/L2	1605	-	334	25659038	50218
chr22	25798460	25998460	harbor1	chr22	25824021	25824464	LINE/L2	538	-	222	25824243	25783
chr22	25798460	25998460	harbor1	chr22	25825917	25826207	LINE/L2	693	-	145	25826062	27602
chr22	25798460	25998460	harbor1	chr22	25880595	25880938	LINE/L2	472	-	172	25880767	82307
chr22	25798460	25998460	harbor1	chr22	25837222	25837569	LINE/L2	1112	-	174	25837396	38936
chr22	34960747	35160747	harbor1	chr22	34960989	34961395	LINE/L2	1055	-	203	34961192	445
chr22	34960747	35160747	harbor1	chr22	35022070	35022526	LINE/L2	1250	-	228	35022298	61551
chr22	34960747	35160747	harbor1	chr22	35034522	35034994	LINE/L2	1003	-	236	35034758	74011
chr22	34960747	35160747	harbor1	chr22	35042097	35042312	LINE/L2	1012	-	108	35042205	81458
chr22	34960747	35160747	harbor1	chr22	35042623	35043165	LINE/L2	1012	-	271	35042894	82147
chr22	48834009	49034009	harbor1	chr22	48886415	48886763	LINE/L2	465	-	174	48886589	52580
chr22	31630915	31830915	harbor1	chr22	31678138	31678240	LINE/L2	438	-	51	31678189	47274
chr22	27398645	27598645	harbor1	chr22	27492095	27492581	LINE/L2	484	-	243	27492338	93693
chr22	23536621	23736621	harbor1	chr22	23555188	23555501	LINE/L2	459	-	156	23555344	18723
chr22	23536621	23736621	harbor1	chr22	23567206	23567393	LINE/L2	511	-	94	23567300	30679
chr22	29186412	29386412	harbor1	chr22	29245894	29246575	LINE/L2	579	-	340	29246234	59822
chr22	29186412	29386412	harbor1	chr22	29255540	29255874	LINE/L2	476	-	167	29255707	69295
chr22	50670269	50870269	harbor1	chr22	50702282	50702409	LINE/L2	433	-	64	50702346	32077
chr22	25044341	25244341	harbor1	chr22	25048003	25048487	LINE/L2	660	-	242	25048245	3904
chr22	25044341	25244341	harbor1	chr22	25079384	25080200	LINE/L2	1492	-	408	25079792	35451
chr22	25044341	25244341	harbor1	chr22	25092005	25092815	LINE/L2	794	-	405	25092410	48069
chr22	25044341	25244341	harbor1	chr22	25101754	25102212	LINE/L2	519	-	229	25101983	57642
chr22	25044341	25244341	harbor1	chr22	25119438	25119987	LINE/L2	1214	-	274	25119712	75371
chr22	25044341	25244341	harbor1	chr22	25139532	25139960	LINE/L2	813	-	214	25139746	95405
chr22	15522096	15722096	harbor1	chr22	15539519	15540528	LINE/L2	1830	-	504	15540023	17927
chr22	24074093	24274093	harbor1	chr22	24126155	24126502	LINE/L2	463	-	174	24126329	52236
chr22	45007269	45207269	harbor1	chr22	45098828	45099028	LINE/L2	518	-	100	45098928	91659
chr22	45007269	45207269	harbor1	chr22	45099902	45100495	LINE/L2	1225	-	296	45100198	92929
chr22	25299456	25499456	harbor1	chr22	25311986	25312578	LINE/L2	863	-	296	25312282	12826
chr22	25299456	25499456	harbor1	chr22	25312960	25313094	LINE/L2	725	-	67	25313027	13571
chr22	10820773	11020773	harbor1	chr22	10838929	10840097	LINE/L2	1702	-	584	10839513	18740
chr22	30277412	30477412	harbor1	chr22	30312815	30313211	LINE/L2	967	-	198	30313013	35601
chr22	30277412	30477412	harbor1	chr22	30364969	30365585	LINE/L2	486	-	308	30365277	87865
chr22	11831464	12031464	harbor1	chr22	11837626	11838122	LINE/L2	1050	-	248	11837874	6410
chr22	33488232	33688232	harbor1	chr22	33489041	33489242	LINE/L2	696	-	100	33489141	909
chr22	33488232	33688232	harbor1	chr22	33489333	33489407	LINE/L2	488	-	37	33489370	1138
chr22	33488232	33688232	harbor1	chr22	33489769	33489843	LINE/L2	488	-	37	33489806	1574
chr22	33488232	33688232	harbor1	chr22	33516047	33516328	LINE/L2	473	-	140	33516187	27955
chr22	33488232	33688232	harbor1	chr22	33554855	33554970	LINE/L2	603	-	58	33554913	66681
chr22	33488232	33688232	harbor1	chr22	33555364	33555639	LINE/L2	622	-	138	33555502	67270
chr22	41912210	42112210	harbor1	chr22	41948598	41948637	LINE/L2	697	-	20	41948618	36408
chr22	41912210	42112210	harbor1	chr22	41949268	41949603	LINE/L2	697	-	168	41949436	37226
chr22	30590009	30790009	harbor1	chr22	30666311	30666338	LINE/L2	476	-	14	30666325	76316
chr22	30590009	30790009	harbor1	chr22	30666647	30666769	LINE/L2	476	-	61	30666708	76699
chr22	30590009	30790009	harbor1	chr22	30681869	30682021	LINE/L2	464	-	76	30681945	91936
chr22	25698935	25898935	harbor1	chr22	25773827	25773948	LINE/L2	469	-	60	25773887	74952
chr22	30404053	30604053	harbor1	chr22	30411390	30411463	LINE/L2	462	-	36	30411426	7373
chr22	30404053	30604053	harbor1	chr22	30411762	30412096	LINE/L2	462	-	167	30411929	7876
chr22	30404053	30604053	harbor1	chr22	30467424	30467812	LINE/L2	525	-	194	30467618	63565
chr22	22628590	22828590	harbor1	chr22	22727453	22727763	LINE/L2	835	-	155	22727608	99018
chr22	22628590	22828590	harbor1	chr22	22728060	22728351	LINE/L2	835	-	146	22728206	99616
chr22	41343391	41543391	harbor1	chr22	41349997	41350834	LINE/L2	1745	-	418	41350415	7024
chr22	41343391	41543391	harbor1	chr22	41362627	41362864	LINE/L2	464	-	118	41362745	19354
chr22	41343391	41543391	harbor1	chr22	41372642	41373042	LINE/L2	480	-	200	41372842	29451
chr22	21647382	21847382	harbor1	chr22	21677895	21678170	LINE/L2	442	-	138	21678033	30651
chr22	34654208	34854208	harbor1	chr22	34687877	34688320	LINE/L2	572	-	222	34688099	33891
chr22	34654208	34854208	harbor1	chr22	34692442	34692799	LINE/L2	519	-	178	34692620	38412
chr22	34654208	34854208	harbor1	chr22	34750539	34751079	LINE/L2	915	-	270	34750809	96601
chr22	28916431	29116431	harbor1	chr22	28969448	28970061	LINE/L2	1597	-	306	28969754	53323
chr22	28916431	29116431	harbor1	chr22	29014629	29014778	LINE/L2	489	-	74	29014703	98272
chr22	38178953	38378953	harbor1	chr22	38178896	38179276	LINE/L2	1118	-	190	38179086	133
chr22	38178953	38378953	harbor1	chr22	38179314	38179501	LINE/L2	782	-	94	38179408	455
chr22	38178953	38378953	harbor1	chr22	38179799	38179957	LINE/L2	782	-	79	38179878	925
chr22	38178953	38378953	harbor1	chr22	38185532	38185702	LINE/L2	587	-	85	38185617	6664
chr22	38178953	38378953	harbor1	chr22	38186494	38187022	LINE/L2	1112	-	264	38186758	7805
chr22	38178953	38378953	harbor1	chr22	38187342	38187361	LINE/L2	1112	-	10	38187352	8399
chr22	38178953	38378953	harbor1	chr22	38191852	38192921	LINE/L2	762	-	534	38192386	13433
chr22	38178953	38378953	harbor1	chr22	38200211	38200302	LINE/L2	1096	-	46	38200257	21304
chr22	38178953	38378953	harbor1	chr22	38200543	38200674	LINE/L2	1096	-	66	38200609	21656
chr22	38178953	38378953	harbor1	chr22	38200999	38201741	LINE/L2	1096	-	371	38201370	22417
chr22	38178953	38378953	harbor1	chr22	38204138	38204400	LINE/L2	503	-	131	38204269	25316
chr22	38178953	38378953	harbor1	chr22	38208719	38209054	LINE/L2	477	-	168	38208887	29934
chr22	38178953	38378953	harbor1	chr22	38210411	38210623	LINE/L2	1012	-	106	38210517	31564
chr22	38178953	38378953	harbor1	chr22	38210672	38210777	LINE/L2	1012	-	52	38210724	31771
chr22	38178953	38378953	harbor1	chr22	38211085	38211226	LINE/L2	1012	-	70	38211155	32202
chr22	38178953	38378953	harbor1	chr22	38211525	38211631	LINE/L2	631	-	53	38211578	32625
chr22	38178953	38378953	harbor1	chr22	38213293	38213784	LINE/L2	629	-	246	38213539	34586
chr22	41929738	42129738	harbor1	chr22	41948598	41948637	LINE/L2	697	-	20	41948618	18880
chr22	41929738	42129738	harbor1	chr22	41949268	41949603	LINE/L2	697	-	168	41949436	19698
chr22	16657817	16857817	harbor1	chr22	16692278	16693316	LINE/L2	1582	-	519	16692797	34980
chr22	16657817	16857817	harbor1	chr22	16693653	16693794	LINE/L2	456	-	70	16693723	35906
chr22	25881652	26081652	harbor1	chr22	25905329	25905667	LINE/L2	550	-	169	25905498	23846
chr22	25881652	26081652	harbor1	chr22	25924612	25924906	LINE/L2	464	-	147	25924759	43107
chr22	25881652	26081652	harbor1	chr22	25948615	25949152	LINE/L2	895	-	268	25948883	67231
chr22	25881652	26081652	harbor1	chr22	25952833	25953117	LINE/L2	500	-	142	25952975	71323
chr22	25881652	26081652	harbor1	chr22	25978065	25978653	LINE/L2	534	-	294	25978359	96707
chr22	34650226	34850226	harbor1	chr22	34687877	34688320	LINE/L2	572	-	222	34688099	37873
chr22	34650226	34850226	harbor1	chr22	34692442	34692799	LINE/L2	519	-	178	34692620	42394
chr22	44513119	44713119	harbor1	chr22	44528337	44528593	LINE/L2	458	-	128	44528465	15346
chr22	44513119	44713119	harbor1	chr22	44535246	44535761	LINE/L2	444	-	258	44535504	22385
chr22	44513119	44713119	harbor1	chr22	44576202	44576518	LINE/L2	589	-	158	44576360	63241
chr22	44513119	44713119	harbor1	chr22	44594526	44595246	LINE/L2	998	-	360	44594886	81767
chr22	46860591	47060591	harbor1	chr22	46884080	46884348	LINE/L2	505	-	134	46884214	23623
chr22	46860591	47060591	harbor1	chr22	46949976	46950393	LINE/L2	716	-	208	46950184	89593
chr22	50585978	50785978	harbor1	chr22	50602356	50602721	LINE/L2	492	-	182	50602538	16560
chr22	16649737	16849737	harbor1	chr22	16692278	16693316	LINE/L2	1582	-	519	16692797	43060
chr22	16649737	16849737	harbor1	chr22	16693653	16693794	LINE/L2	456	-	70	16693723	43986
chr22	29629137	29829137	harbor1	chr22	29712284	29712513	LINE/L2	493	-	114	29712398	83261
chr22	29629137	29829137	harbor1	chr22	29725439	29725856	LINE/L2	684	-	208	29725647	96510
chrX	104453727	104653727	harbor1	chrX	104468557	104469505	LINE/L2	1361	-	474	104469031	15304
chrX	104453727	104653727	harbor1	chrX	104471859	104472264	LINE/L2	622	-	202	104472061	18334
chrX	104453727	104653727	harbor1	chrX	104523121	104523545	LINE/L2	622	-	212	104523333	69606
chrX	104453727	104653727	harbor1	chrX	104523867	104524084	LINE/L2	622	-	108	104523975	70248
chrX	83312689	83512689	harbor1	chrX	83324109	83324301	LINE/L2	670	-	96	83324205	11516
chrX	83312689	83512689	harbor1	chrX	83325320	83325633	LINE/L2	1071	-	156	83325476	12787
chrX	96090398	96290398	harbor1	chrX	96172040	96172164	LINE/L2	611	-	62	96172102	81704
chrX	114785578	114985578	harbor1	chrX	114793759	114793984	LINE/L2	672	-	112	114793871	8293
chrX	138945206	139145206	harbor1	chrX	138980906	138981318	LINE/L2	530	-	206	138981112	35906
chrX	138945206	139145206	harbor1	chrX	139034117	139034531	LINE/L2	514	-	207	139034324	89118
chrX	70886401	71086401	harbor1	chrX	70980928	70981094	LINE/L2	558	-	83	70981011	94610
chrX	15810184	16010184	harbor1	chrX	15864512	15865016	LINE/L2	578	-	252	15864764	54580
chrX	15810184	16010184	harbor1	chrX	15865605	15865909	LINE/L2	578	-	152	15865757	55573
chrX	15810184	16010184	harbor1	chrX	15866196	15866651	LINE/L2	578	-	228	15866424	56240
chrX	15810184	16010184	harbor1	chrX	15866927	15867619	LINE/L2	578	-	346	15867273	57089
chrX	15810184	16010184	harbor1	chrX	15874938	15875266	LINE/L2	923	-	164	15875102	64918
chrX	12236283	12436283	harbor1	chrX	12263120	12263195	LINE/L2	1553	-	38	12263158	26875
chrX	12236283	12436283	harbor1	chrX	12263312	12263735	LINE/L2	1553	-	212	12263524	27241
chrX	12236283	12436283	harbor1	chrX	12264081	12264173	LINE/L2	1553	-	46	12264127	27844
chrX	154546018	154746018	harbor1	chrX	154548182	154548493	LINE/L2	1069	-	156	154548338	2320
chrX	154546018	154746018	harbor1	chrX	154550192	154550234	LINE/L2	1110	-	21	154550213	4195
chrX	154546018	154746018	harbor1	chrX	154550279	154550679	LINE/L2	1110	-	200	154550479	4461
chrX	154546018	154746018	harbor1	chrX	154603450	154603683	LINE/L2	882	-	116	154603566	57548
chrX	153929940	154129940	harbor1	chrX	154007720	154008197	LINE/L2	559	-	238	154007958	78018
chrX	153929940	154129940	harbor1	chrX	154008504	154008564	LINE/L2	559	-	30	154008534	78594
chrX	93138540	93338540	harbor1	chrX	93230842	93231100	LINE/L2	954	-	129	93230971	92431
chrX	93138540	93338540	harbor1	chrX	93231403	93232385	LINE/L2	2198	-	491	93231894	93354
