H_chr	H_start	H_end	Harbor	TE_chr	TE_start	TE_end	TE	score	TE_strand	TE_half	TE_middle_pos	TE_dis
chr1	239725062	239925062	harbor2	chr1	239798401	239798525	LINE/L2	478	+	62	239798463	73401
chr1	205885423	206085423	harbor2	chr1	205916469	205916587	LINE/L2	462	+	59	205916528	31105
chr1	205885423	206085423	harbor2	chr1	205959518	205959610	LINE/L2	437	+	46	205959564	74141
chr1	205885423	206085423	harbor2	chr1	205967268	205967764	LINE/L2	416	+	248	205967516	82093
chr1	205885423	206085423	harbor2	chr1	205968353	205968525	LINE/L2	558	+	86	205968439	83016
chr1	205885423	206085423	harbor2	chr1	205977678	205978078	LINE/L2	973	+	200	205977878	92455
chr1	205885423	206085423	harbor2	chr1	205930310	205931066	LINE/L2	679	+	378	205930688	45265
chr1	173169202	173369202	harbor2	chr1	173199119	173199264	LINE/L2	414	+	72	173199191	29989
chr1	193404752	193604752	harbor2	chr1	193474596	193474797	LINE/L2	552	+	100	193474696	69944
chr1	204668520	204868520	harbor2	chr1	204678454	204679007	LINE/L2	903	+	276	204678730	10210
chr1	204668520	204868520	harbor2	chr1	204681583	204681693	LINE/L2	484	+	55	204681638	13118
chr1	204668520	204868520	harbor2	chr1	204699574	204699824	LINE/L2	642	+	125	204699699	31179
chr1	204668520	204868520	harbor2	chr1	204765809	204766038	LINE/L2	426	+	114	204765923	97403
chr1	242463745	242663745	harbor2	chr1	242462633	242464464	LINE/L2	3855	+	916	242463549	196
chr1	242463745	242663745	harbor2	chr1	242465172	242465646	LINE/L2	1446	+	237	242465409	1664
chr1	242463745	242663745	harbor2	chr1	242465930	242466319	LINE/L2	1059	+	194	242466124	2379
chr1	242463745	242663745	harbor2	chr1	242474232	242474644	LINE/L2	557	+	206	242474438	10693
chr1	242463745	242663745	harbor2	chr1	242502030	242502351	LINE/L2	611	+	160	242502190	38445
chr1	231377078	231577078	harbor2	chr1	231395900	231396246	LINE/L2	454	+	173	231396073	18995
chr1	231377078	231577078	harbor2	chr1	231396552	231397130	LINE/L2	454	+	289	231396841	19763
chr1	231377078	231577078	harbor2	chr1	231412862	231412982	LINE/L2	632	+	60	231412922	35844
chr1	231377078	231577078	harbor2	chr1	231412988	231413075	LINE/L2	987	+	44	231413032	35954
chr1	231377078	231577078	harbor2	chr1	231413345	231413750	LINE/L2	987	+	202	231413547	36469
chr1	180421925	180621925	harbor2	chr1	180483034	180483572	LINE/L2	1295	+	269	180483303	61378
chr1	180421925	180621925	harbor2	chr1	180511585	180511959	LINE/L2	929	+	187	180511772	89847
chr1	238928802	239128802	harbor2	chr1	238964710	238965381	LINE/L2	726	+	336	238965046	36244
chr1	238928802	239128802	harbor2	chr1	239028276	239028836	LINE/L2	460	+	280	239028556	99754
chr1	245997606	246197606	harbor2	chr1	246064266	246064721	LINE/L2	422	+	228	246064494	66888
chr1	245997606	246197606	harbor2	chr1	246080744	246080884	LINE/L2	580	+	70	246080814	83208
chr1	244363444	244563444	harbor2	chr1	244426680	244427027	LINE/L2	864	+	174	244426854	63410
chr1	207031304	207231304	harbor2	chr1	207036395	207036865	LINE/L2	504	+	235	207036630	5326
chr1	207031304	207231304	harbor2	chr1	207037352	207037685	LINE/L2	424	+	166	207037518	6214
chr1	182771213	182971213	harbor2	chr1	182848010	182848235	LINE/L2	705	+	112	182848122	76909
chr1	182771213	182971213	harbor2	chr1	182848441	182848595	LINE/L2	705	+	77	182848518	77305
chr1	240849580	241049580	harbor2	chr1	240878168	240878426	LINE/L2	478	+	129	240878297	28717
chr1	240849580	241049580	harbor2	chr1	240911373	240911597	LINE/L2	419	+	112	240911485	61905
chr1	240849580	241049580	harbor2	chr1	240947296	240948251	LINE/L2	1660	+	478	240947774	98194
chr1	219423544	219623544	harbor2	chr1	219515595	219516151	LINE/L2	1054	+	278	219515873	92329
chr1	219423544	219623544	harbor2	chr1	219516662	219516696	LINE/L2	1054	+	17	219516679	93135
chr1	219423544	219623544	harbor2	chr1	219516937	219517391	LINE/L2	897	+	227	219517164	93620
chr1	231931002	232131002	harbor2	chr1	231955199	231955486	LINE/L2	1334	+	144	231955343	24341
chr1	231931002	232131002	harbor2	chr1	231955790	231955915	LINE/L2	1334	+	62	231955852	24850
chr1	231931002	232131002	harbor2	chr1	231956435	231956603	LINE/L2	558	+	84	231956519	25517
chr1	231931002	232131002	harbor2	chr1	231957125	231957546	LINE/L2	630	+	210	231957335	26333
chr1	237772572	237972572	harbor2	chr1	237790079	237790563	LINE/L2	910	+	242	237790321	17749
chr1	237772572	237972572	harbor2	chr1	237790825	237791355	LINE/L2	1054	+	265	237791090	18518
chr1	16590078	16790078	harbor2	chr1	16614267	16614887	LINE/L2	886	+	310	16614577	24499
chr1	119497315	119697315	harbor2	chr1	119518390	119519021	LINE/L2	524	+	316	119518706	21391
chr1	119497315	119697315	harbor2	chr1	119555496	119555895	LINE/L2	543	+	200	119555696	58381
chr1	119497315	119697315	harbor2	chr1	119588578	119589228	LINE/L2	601	+	325	119588903	91588
chr1	119497315	119697315	harbor2	chr1	119594998	119595476	LINE/L2	620	+	239	119595237	97922
chr1	87815295	88015295	harbor2	chr1	87815405	87815930	LINE/L2	543	+	262	87815667	372
chr1	87815295	88015295	harbor2	chr1	87863490	87863802	LINE/L2	435	+	156	87863646	48351
chr1	87815295	88015295	harbor2	chr1	87869312	87870174	LINE/L2	734	+	431	87869743	54448
chr1	178829159	179029159	harbor2	chr1	178852033	178852408	LINE/L2	982	+	188	178852221	23062
chr1	178829159	179029159	harbor2	chr1	178882256	178882407	LINE/L2	494	+	76	178882332	53173
chr1	149124647	149324647	harbor2	chr1	149181113	149181470	LINE/L2	433	+	178	149181291	56644
chr1	149124647	149324647	harbor2	chr1	149196869	149197153	LINE/L2	530	+	142	149197011	72364
chr1	149124647	149324647	harbor2	chr1	149197559	149197766	LINE/L2	530	+	104	149197663	73016
chr1	149124647	149324647	harbor2	chr1	149215156	149215649	LINE/L2	4631	+	246	149215402	90755
chr1	149124647	149324647	harbor2	chr1	149215940	149217021	LINE/L2	4631	+	540	149216480	91833
chr1	187609479	187809479	harbor2	chr1	187675197	187675407	LINE/L2	471	+	105	187675302	65823
chr1	240690402	240890402	harbor2	chr1	240694254	240694453	LINE/L2	454	+	100	240694354	3952
chr1	240690402	240890402	harbor2	chr1	240706537	240706839	LINE/L2	547	+	151	240706688	16286
chr1	224191991	224391991	harbor2	chr1	224205688	224205891	LINE/L2	424	+	102	224205790	13799
chr1	224191991	224391991	harbor2	chr1	224210479	224210598	LINE/L2	572	+	60	224210539	18548
chr1	224191991	224391991	harbor2	chr1	224210903	224211184	LINE/L2	572	+	140	224211043	19052
chr1	224191991	224391991	harbor2	chr1	224256748	224257009	LINE/L2	692	+	130	224256878	64887
chr1	224191991	224391991	harbor2	chr1	224277673	224278212	LINE/L2	537	+	270	224277943	85952
chr1	230709504	230909504	harbor2	chr1	230731299	230731583	LINE/L2	424	+	142	230731441	21937
chr1	230709504	230909504	harbor2	chr1	230777424	230778775	LINE/L2	2990	+	676	230778100	68596
chr1	243259341	243459341	harbor2	chr1	243290566	243291015	LINE/L2	769	+	224	243290790	31449
chr1	243259341	243459341	harbor2	chr1	243295877	243295984	LINE/L2	698	+	54	243295931	36590
chr1	243259341	243459341	harbor2	chr1	243296296	243296535	LINE/L2	698	+	120	243296416	37075
chr1	243259341	243459341	harbor2	chr1	243296833	243296954	LINE/L2	698	+	60	243296893	37552
chr1	243259341	243459341	harbor2	chr1	243332947	243333334	LINE/L2	443	+	194	243333141	73800
chr1	243259341	243459341	harbor2	chr1	243333495	243333715	LINE/L2	443	+	110	243333605	74264
chr1	243259341	243459341	harbor2	chr1	243333991	243334584	LINE/L2	545	+	296	243334287	74946
chr1	241178131	241378131	harbor2	chr1	241205947	241206230	LINE/L2	901	+	142	241206089	27958
chr1	241178131	241378131	harbor2	chr1	241206487	241206892	LINE/L2	901	+	202	241206689	28558
chr1	236818810	237018810	harbor2	chr1	236825636	236826062	LINE/L2	1353	+	213	236825849	7039
chr1	236818810	237018810	harbor2	chr1	236837316	236837600	LINE/L2	442	+	142	236837458	18648
chr1	236818810	237018810	harbor2	chr1	236870263	236870431	LINE/L2	1787	+	84	236870347	51537
chr1	236818810	237018810	harbor2	chr1	236870590	236871148	LINE/L2	1787	+	279	236870869	52059
chr1	173238349	173438349	harbor2	chr1	173279182	173279798	LINE/L2	553	+	308	173279490	41141
chr1	191379444	191579444	harbor2	chr1	191405125	191405379	LINE/L2	578	+	127	191405252	25808
chr1	191379444	191579444	harbor2	chr1	191405567	191405874	LINE/L2	578	+	154	191405721	26277
chr1	48196763	48396763	harbor2	chr1	48240707	48241278	LINE/L2	529	+	286	48240993	44230
chr1	48196763	48396763	harbor2	chr1	48252820	48253161	LINE/L2	535	+	170	48252990	56227
chr1	215226560	215426560	harbor2	chr1	215239816	215240230	LINE/L2	510	+	207	215240023	13463
chr1	164790245	164990245	harbor2	chr1	164885680	164886048	LINE/L2	1226	+	184	164885864	95619
chr1	235718422	235918422	harbor2	chr1	235750846	235751045	LINE/L2	430	+	100	235750946	32524
chr1	235718422	235918422	harbor2	chr1	235763757	235764350	LINE/L2	519	+	296	235764053	45631
chr1	235718422	235918422	harbor2	chr1	235785103	235785478	LINE/L2	569	+	188	235785291	66869
chr1	225041215	225241215	harbor2	chr1	225051979	225052187	LINE/L2	525	+	104	225052083	10868
chr1	225041215	225241215	harbor2	chr1	225083441	225083707	LINE/L2	860	+	133	225083574	42359
chr1	246720650	246920650	harbor2	chr1	246722739	246722867	LINE/L2	418	+	64	246722803	2153
chr1	246720650	246920650	harbor2	chr1	246728315	246728870	LINE/L2	1453	+	278	246728593	7943
chr1	246720650	246920650	harbor2	chr1	246729944	246730443	LINE/L2	1453	+	250	246730194	9544
chr1	178352446	178552446	harbor2	chr1	178367129	178367603	LINE/L2	1231	+	237	178367366	14920
chr1	178352446	178552446	harbor2	chr1	178385690	178386008	LINE/L2	519	+	159	178385849	33403
chr1	178352446	178552446	harbor2	chr1	178432553	178433541	LINE/L2	454	+	494	178433047	80601
chr1	204361166	204561166	harbor2	chr1	204375899	204376182	LINE/L2	464	+	142	204376041	14875
chr1	204361166	204561166	harbor2	chr1	204379232	204379513	LINE/L2	881	+	140	204379372	18206
chr1	204361166	204561166	harbor2	chr1	204379820	204379846	LINE/L2	881	+	13	204379833	18667
chr1	204361166	204561166	harbor2	chr1	204385498	204386738	LINE/L2	475	+	620	204386118	24952
chr1	204361166	204561166	harbor2	chr1	204386927	204387552	LINE/L2	1949	+	312	204387239	26073
chr1	204361166	204561166	harbor2	chr1	204387663	204388412	LINE/L2	1949	+	374	204388037	26871
chr1	204361166	204561166	harbor2	chr1	204414283	204414630	LINE/L2	452	+	174	204414457	53291
chr1	204361166	204561166	harbor2	chr1	204417461	204418214	LINE/L2	1828	+	376	204417837	56671
chr1	204361166	204561166	harbor2	chr1	204418524	204418725	LINE/L2	1828	+	100	204418624	57458
chr1	204361166	204561166	harbor2	chr1	204419179	204419732	LINE/L2	1828	+	276	204419455	58289
chr1	204361166	204561166	harbor2	chr1	204426165	204426743	LINE/L2	1294	+	289	204426454	65288
chr1	204361166	204561166	harbor2	chr1	204373994	204375831	LINE/L2	773	+	918	204374912	13746
chr1	183072411	183272411	harbor2	chr1	183092875	183092997	LINE/L2	3484	+	61	183092936	20525
chr1	183072411	183272411	harbor2	chr1	183093165	183094575	LINE/L2	3484	+	705	183093870	21459
chr1	183072411	183272411	harbor2	chr1	183098884	183099084	LINE/L2	758	+	100	183098984	26573
chr1	183072411	183272411	harbor2	chr1	183099390	183100824	LINE/L2	758	+	717	183100107	27696
chr1	183072411	183272411	harbor2	chr1	183123042	183123487	LINE/L2	1120	+	222	183123264	50853
chr1	183072411	183272411	harbor2	chr1	183123522	183123862	LINE/L2	857	+	170	183123692	51281
chr1	198689580	198889580	harbor2	chr1	198691764	198692017	LINE/L2	499	+	126	198691890	2310
chr1	198689580	198889580	harbor2	chr1	198727271	198727471	LINE/L2	456	+	100	198727371	37791
chr1	198689580	198889580	harbor2	chr1	198730301	198730503	LINE/L2	592	+	101	198730402	40822
chr1	237704271	237904271	harbor2	chr1	237790079	237790563	LINE/L2	910	+	242	237790321	86050
chr1	237704271	237904271	harbor2	chr1	237790825	237791355	LINE/L2	1054	+	265	237791090	86819
chr1	245828070	246028070	harbor2	chr1	245916383	245916872	LINE/L2	1675	+	244	245916627	88557
chr1	245828070	246028070	harbor2	chr1	245917436	245917757	LINE/L2	1675	+	160	245917596	89526
chr1	245828070	246028070	harbor2	chr1	245923539	245923862	LINE/L2	432	+	162	245923701	95631
chr1	241981769	242181769	harbor2	chr1	241991585	241991979	LINE/L2	528	+	197	241991782	10013
chr1	220935696	221135696	harbor2	chr1	220979037	220979937	LINE/L2	583	+	450	220979487	43791
chr1	220935696	221135696	harbor2	chr1	221023231	221024982	LINE/L2	3487	+	876	221024107	88411
chr1	109823463	110023463	harbor2	chr1	109877951	109878271	LINE/L2	457	+	160	109878111	54648
chr1	109823463	110023463	harbor2	chr1	109894812	109895442	LINE/L2	436	+	315	109895127	71664
chr1	109823463	110023463	harbor2	chr1	109897364	109897726	LINE/L2	1066	+	181	109897545	74082
chr1	109823463	110023463	harbor2	chr1	109921077	109921674	LINE/L2	621	+	298	109921375	97912
chr1	196228220	196428220	harbor2	chr1	196289106	196289490	LINE/L2	457	+	192	196289298	61078
chr1	203480744	203680744	harbor2	chr1	203524902	203525242	LINE/L2	500	+	170	203525072	44328
chr1	177610094	177810094	harbor2	chr1	177678781	177679034	LINE/L2	490	+	126	177678907	68813
chr1	74936217	75136217	harbor2	chr1	74943191	74943421	LINE/L2	711	+	115	74943306	7089
chr1	74936217	75136217	harbor2	chr1	74943767	74944081	LINE/L2	608	+	157	74943924	7707
chr1	74936217	75136217	harbor2	chr1	74944362	74944442	LINE/L2	608	+	40	74944402	8185
chr1	74936217	75136217	harbor2	chr1	74944731	74944804	LINE/L2	608	+	36	74944767	8550
chr1	74936217	75136217	harbor2	chr1	74996916	74997321	LINE/L2	529	+	202	74997118	60901
chr1	74936217	75136217	harbor2	chr1	75005195	75005560	LINE/L2	1070	+	182	75005377	69160
chr1	74936217	75136217	harbor2	chr1	75007043	75007568	LINE/L2	889	+	262	75007305	71088
chr1	57157366	57357366	harbor2	chr1	57159470	57159596	LINE/L2	417	+	63	57159533	2167
chr1	57157366	57357366	harbor2	chr1	57225923	57226653	LINE/L2	1919	+	365	57226288	68922
chr1	57157366	57357366	harbor2	chr1	57239005	57239471	LINE/L2	685	+	233	57239238	81872
chr1	57157366	57357366	harbor2	chr1	57254986	57255094	LINE/L2	439	+	54	57255040	97674
chr1	100205855	100405855	harbor2	chr1	100239071	100239172	LINE/L2	458	+	50	100239121	33266
chr1	100205855	100405855	harbor2	chr1	100248752	100249057	LINE/L2	633	+	152	100248904	43049
chr1	100205855	100405855	harbor2	chr1	100285471	100285651	LINE/L2	1302	+	90	100285561	79706
chr1	100205855	100405855	harbor2	chr1	100285935	100286170	LINE/L2	1302	+	118	100286053	80198
chr1	215166803	215366803	harbor2	chr1	215210846	215211679	LINE/L2	1367	+	416	215211262	44459
chr1	215166803	215366803	harbor2	chr1	215239816	215240230	LINE/L2	510	+	207	215240023	73220
chr1	243072680	243272680	harbor2	chr1	243073914	243074521	LINE/L2	1459	+	304	243074218	1538
chr1	243072680	243272680	harbor2	chr1	243133091	243133312	LINE/L2	418	+	110	243133201	60521
chr1	208851983	209051983	harbor2	chr1	208855849	208856053	LINE/L2	501	+	102	208855951	3968
chr1	208851983	209051983	harbor2	chr1	208856301	208856494	LINE/L2	517	+	96	208856397	4414
chr1	208851983	209051983	harbor2	chr1	208941681	208942090	LINE/L2	1166	+	204	208941885	89902
chr1	169227112	169427112	harbor2	chr1	169288971	169289332	LINE/L2	1203	+	180	169289151	62039
chr1	169227112	169427112	harbor2	chr1	169296546	169296973	LINE/L2	1948	+	214	169296760	69648
chr1	169227112	169427112	harbor2	chr1	169297274	169297524	LINE/L2	1948	+	125	169297399	70287
chr1	169227112	169427112	harbor2	chr1	169295550	169296149	LINE/L2	1480	+	300	169295850	68738
chr1	231713143	231913143	harbor2	chr1	231741827	231742238	LINE/L2	1122	+	206	231742033	28890
chr1	231713143	231913143	harbor2	chr1	231754894	231755212	LINE/L2	730	+	159	231755053	41910
chr1	231713143	231913143	harbor2	chr1	231755341	231756053	LINE/L2	730	+	356	231755697	42554
chr1	208129250	208329250	harbor2	chr1	208152365	208152545	LINE/L2	433	+	90	208152455	23205
chr1	208129250	208329250	harbor2	chr1	208168367	208168478	LINE/L2	502	+	56	208168423	39173
chr1	208129250	208329250	harbor2	chr1	208201831	208201973	LINE/L2	529	+	71	208201902	72652
chr1	208129250	208329250	harbor2	chr1	208202280	208202374	LINE/L2	529	+	47	208202327	73077
chr1	208129250	208329250	harbor2	chr1	208216042	208216533	LINE/L2	1288	+	246	208216288	87038
chr1	157348253	157548253	harbor2	chr1	157421480	157421799	LINE/L2	771	+	160	157421640	73387
chr1	157348253	157548253	harbor2	chr1	157422372	157423203	LINE/L2	1246	+	416	157422788	74535
chr1	80833785	81033785	harbor2	chr1	80852858	80853605	LINE/L2	585	+	374	80853232	19447
chr1	80833785	81033785	harbor2	chr1	80870451	80870699	LINE/L2	554	+	124	80870575	36790
chr1	80833785	81033785	harbor2	chr1	80922605	80922842	LINE/L2	527	+	118	80922723	88938
chr1	80833785	81033785	harbor2	chr1	80923627	80924257	LINE/L2	574	+	315	80923942	90157
chr1	80833785	81033785	harbor2	chr1	80926591	80927109	LINE/L2	512	+	259	80926850	93065
chr1	248460708	248660708	harbor2	chr1	248482273	248482773	LINE/L2	714	+	250	248482523	21815
chr1	248460708	248660708	harbor2	chr1	248537303	248537632	LINE/L2	449	+	164	248537467	76759
chr1	248460708	248660708	harbor2	chr1	248542919	248543264	LINE/L2	524	+	172	248543091	82383
chr1	214163154	214363154	harbor2	chr1	214184545	214184931	LINE/L2	708	+	193	214184738	21584
chr1	214163154	214363154	harbor2	chr1	214204155	214204271	LINE/L2	658	+	58	214204213	41059
chr1	214163154	214363154	harbor2	chr1	214215322	214215964	LINE/L2	585	+	321	214215643	52489
chr1	214163154	214363154	harbor2	chr1	214231248	214231699	LINE/L2	590	+	226	214231474	68320
chr1	214163154	214363154	harbor2	chr1	214259463	214260211	LINE/L2	1654	+	374	214259837	96683
chr1	207298643	207498643	harbor2	chr1	207361959	207362215	LINE/L2	453	+	128	207362087	63444
chr1	207298643	207498643	harbor2	chr1	207364026	207364266	LINE/L2	492	+	120	207364146	65503
chr1	207298643	207498643	harbor2	chr1	207383097	207383431	LINE/L2	683	+	167	207383264	84621
chr1	207298643	207498643	harbor2	chr1	207384342	207384570	LINE/L2	492	+	114	207384456	85813
chr1	200909148	201109148	harbor2	chr1	200918183	200919179	LINE/L2	2262	+	498	200918681	9533
chr1	200909148	201109148	harbor2	chr1	200930967	200931490	LINE/L2	858	+	262	200931229	22081
chr1	200909148	201109148	harbor2	chr1	200996817	200997462	LINE/L2	1215	+	322	200997139	87991
chr1	200909148	201109148	harbor2	chr1	200997772	200997988	LINE/L2	1140	+	108	200997880	88732
chr1	85453983	85653983	harbor2	chr1	85457253	85457548	LINE/L2	476	+	148	85457401	3418
chr1	85453983	85653983	harbor2	chr1	85473681	85474596	LINE/L2	764	+	458	85474139	20156
chr1	85453983	85653983	harbor2	chr1	85521596	85521965	LINE/L2	441	+	184	85521780	67797
chr1	156452400	156652400	harbor2	chr1	156459997	156460704	LINE/L2	590	+	354	156460351	7951
chr1	156452400	156652400	harbor2	chr1	156518144	156518317	LINE/L2	990	+	86	156518230	65830
chr1	156452400	156652400	harbor2	chr1	156518612	156518780	LINE/L2	990	+	84	156518696	66296
chr1	234757802	234957802	harbor2	chr1	234765553	234766030	LINE/L2	1264	+	238	234765791	7989
chr1	234757802	234957802	harbor2	chr1	234766755	234767161	LINE/L2	1264	+	203	234766958	9156
chr1	234757802	234957802	harbor2	chr1	234803252	234803657	LINE/L2	1646	+	202	234803454	45652
chr1	234757802	234957802	harbor2	chr1	234804084	234804888	LINE/L2	1646	+	402	234804486	46684
chr1	156785551	156985551	harbor2	chr1	156811620	156812625	LINE/L2	1706	+	502	156812122	26571
chr1	156785551	156985551	harbor2	chr1	156812749	156812943	LINE/L2	465	+	97	156812846	27295
chr1	156785551	156985551	harbor2	chr1	156854509	156855176	LINE/L2	1336	+	334	156854843	69292
chr1	156785551	156985551	harbor2	chr1	156855505	156855540	LINE/L2	580	+	18	156855523	69972
chr1	156785551	156985551	harbor2	chr1	156855852	156855954	LINE/L2	580	+	51	156855903	70352
chr1	156785551	156985551	harbor2	chr1	156856108	156856308	LINE/L2	580	+	100	156856208	70657
chr1	156785551	156985551	harbor2	chr1	156811058	156811507	LINE/L2	415	+	224	156811282	25731
chr1	186035148	186235148	harbor2	chr1	186066695	186067346	LINE/L2	486	+	326	186067021	31873
chr1	146253709	146453709	harbor2	chr1	146323167	146323289	LINE/L2	573	+	61	146323228	69519
chr1	230652266	230852266	harbor2	chr1	230663564	230663681	LINE/L2	455	+	58	230663622	11356
chr1	230652266	230852266	harbor2	chr1	230731299	230731583	LINE/L2	424	+	142	230731441	79175
chr1	233168713	233368713	harbor2	chr1	233223848	233224151	LINE/L2	664	+	152	233224000	55287
chr1	233168713	233368713	harbor2	chr1	233233777	233234201	LINE/L2	727	+	212	233233989	65276
chr1	231406183	231606183	harbor2	chr1	231412862	231412982	LINE/L2	632	+	60	231412922	6739
chr1	231406183	231606183	harbor2	chr1	231412988	231413075	LINE/L2	987	+	44	231413032	6849
chr1	231406183	231606183	harbor2	chr1	231413345	231413750	LINE/L2	987	+	202	231413547	7364
chr1	231406183	231606183	harbor2	chr1	231479721	231480022	LINE/L2	935	+	150	231479871	73688
chr1	220177444	220377444	harbor2	chr1	220197811	220198310	LINE/L2	1035	+	250	220198061	20617
chr1	220177444	220377444	harbor2	chr1	220199535	220200491	LINE/L2	1371	+	478	220200013	22569
chr1	220177444	220377444	harbor2	chr1	220206605	220207117	LINE/L2	596	+	256	220206861	29417
chr1	220177444	220377444	harbor2	chr1	220230832	220231479	LINE/L2	1150	+	324	220231156	53712
chr1	220177444	220377444	harbor2	chr1	220269903	220271077	LINE/L2	803	+	587	220270490	93046
chr1	154016147	154216147	harbor2	chr1	154016440	154016663	LINE/L2	1903	+	112	154016552	405
chr1	154016147	154216147	harbor2	chr1	154016983	154016997	LINE/L2	1903	+	7	154016990	843
chr1	154016147	154216147	harbor2	chr1	154017298	154017507	LINE/L2	1903	+	104	154017402	1255
chr1	154016147	154216147	harbor2	chr1	154017816	154017962	LINE/L2	1903	+	73	154017889	1742
chr1	154016147	154216147	harbor2	chr1	154018272	154018773	LINE/L2	1903	+	250	154018522	2375
chr1	154016147	154216147	harbor2	chr1	154064471	154064743	LINE/L2	479	+	136	154064607	48460
chr1	195498014	195698014	harbor2	chr1	195546360	195546746	LINE/L2	422	+	193	195546553	48539
chr1	233098992	233298992	harbor2	chr1	233126790	233127580	LINE/L2	555	+	395	233127185	28193
chr1	233098992	233298992	harbor2	chr1	233142544	233143193	LINE/L2	450	+	324	233142868	43876
chr1	233098992	233298992	harbor2	chr1	233143784	233143975	LINE/L2	419	+	96	233143880	44888
chr1	248412265	248612265	harbor2	chr1	248482273	248482773	LINE/L2	714	+	250	248482523	70258
chr1	248412265	248612265	harbor2	chr1	248429599	248430769	LINE/L2	1033	+	585	248430184	17919
chr1	59486895	59686895	harbor2	chr1	59505239	59505359	LINE/L2	416	+	60	59505299	18404
chr1	59486895	59686895	harbor2	chr1	59513407	59513755	LINE/L2	630	+	174	59513581	26686
chr1	59486895	59686895	harbor2	chr1	59517534	59517807	LINE/L2	448	+	136	59517670	30775
chr1	59486895	59686895	harbor2	chr1	59544987	59545249	LINE/L2	426	+	131	59545118	58223
chr1	59486895	59686895	harbor2	chr1	59578805	59580317	LINE/L2	2404	+	756	59579561	92666
chr1	59486895	59686895	harbor2	chr1	59582428	59582840	LINE/L2	505	+	206	59582634	95739
chr1	175313757	175513757	harbor2	chr1	175343023	175343718	LINE/L2	830	+	348	175343371	29614
chr1	175313757	175513757	harbor2	chr1	175381737	175382274	LINE/L2	962	+	268	175382005	68248
chr1	186314093	186514093	harbor2	chr1	186315419	186315964	LINE/L2	1300	+	272	186315691	1598
chr1	200602030	200802030	harbor2	chr1	200613188	200613570	LINE/L2	722	+	191	200613379	11349
chr1	200602030	200802030	harbor2	chr1	200652983	200654036	LINE/L2	1348	+	526	200653509	51479
chr1	200602030	200802030	harbor2	chr1	200680770	200681184	LINE/L2	591	+	207	200680977	78947
chr1	233993750	234193750	harbor2	chr1	234066254	234066441	LINE/L2	435	+	94	234066348	72598
chr1	233993750	234193750	harbor2	chr1	234087596	234088163	LINE/L2	568	+	284	234087880	94130
chr1	233993750	234193750	harbor2	chr1	234077848	234078703	LINE/L2	595	+	428	234078276	84526
chr1	238635275	238835275	harbor2	chr1	238700243	238700625	LINE/L2	413	+	191	238700434	65159
chr1	243559652	243759652	harbor2	chr1	243562984	243563201	LINE/L2	628	+	108	243563092	3440
chr1	243559652	243759652	harbor2	chr1	243575068	243575283	LINE/L2	518	+	108	243575176	15524
chr1	243559652	243759652	harbor2	chr1	243621305	243622594	LINE/L2	2584	+	644	243621949	62297
chr1	219505965	219705965	harbor2	chr1	219515595	219516151	LINE/L2	1054	+	278	219515873	9908
chr1	219505965	219705965	harbor2	chr1	219516662	219516696	LINE/L2	1054	+	17	219516679	10714
chr1	219505965	219705965	harbor2	chr1	219516937	219517391	LINE/L2	897	+	227	219517164	11199
chr1	246218848	246418848	harbor2	chr1	246293804	246294195	LINE/L2	619	+	196	246294000	75152
chr1	204973204	205173204	harbor2	chr1	205036795	205037480	LINE/L2	714	+	342	205037137	63933
chr1	231067764	231267764	harbor2	chr1	231078175	231078535	LINE/L2	663	+	180	231078355	10591
chr1	231067764	231267764	harbor2	chr1	231078845	231079495	LINE/L2	663	+	325	231079170	11406
chr1	217022700	217222700	harbor2	chr1	217047237	217047551	LINE/L2	857	+	157	217047394	24694
chr1	217022700	217222700	harbor2	chr1	217098851	217099196	LINE/L2	1025	+	172	217099023	76323
chr1	217022700	217222700	harbor2	chr1	217115426	217115954	LINE/L2	1229	+	264	217115690	92990
chr1	217022700	217222700	harbor2	chr1	217120212	217121028	LINE/L2	549	+	408	217120620	97920
chr1	96968652	97168652	harbor2	chr1	97048525	97048981	LINE/L2	448	+	228	97048753	80101
chr1	96968652	97168652	harbor2	chr1	97054190	97054461	LINE/L2	490	+	136	97054326	85674
chr1	223951694	224151694	harbor2	chr1	223956846	223957482	LINE/L2	1091	+	318	223957164	5470
chr1	223951694	224151694	harbor2	chr1	223968921	223969528	LINE/L2	1269	+	304	223969225	17531
chr1	237411472	237611472	harbor2	chr1	237463208	237463337	LINE/L2	411	+	64	237463272	51800
chr1	167887707	168087707	harbor2	chr1	167931258	167931358	LINE/L2	469	+	50	167931308	43601
chr1	167887707	168087707	harbor2	chr1	167950991	167951221	LINE/L2	497	+	115	167951106	63399
chr1	167887707	168087707	harbor2	chr1	167952071	167952188	LINE/L2	800	+	58	167952129	64422
chr1	167887707	168087707	harbor2	chr1	167952516	167952853	LINE/L2	800	+	168	167952684	64977
chr1	167887707	168087707	harbor2	chr1	167953197	167953459	LINE/L2	469	+	131	167953328	65621
chr1	174187051	174387051	harbor2	chr1	174239322	174239762	LINE/L2	549	+	220	174239542	52491
chr1	174187051	174387051	harbor2	chr1	174264386	174264738	LINE/L2	738	+	176	174264562	77511
chr1	78244959	78444959	harbor2	chr1	78270533	78271175	LINE/L2	1816	+	321	78270854	25895
chr1	78244959	78444959	harbor2	chr1	78274055	78274500	LINE/L2	843	+	222	78274277	29318
chr1	78244959	78444959	harbor2	chr1	78287895	78288461	LINE/L2	783	+	283	78288178	43219
chr1	78244959	78444959	harbor2	chr1	78340512	78340601	LINE/L2	450	+	44	78340556	95597
chr1	245986290	246186290	harbor2	chr1	246064266	246064721	LINE/L2	422	+	228	246064494	78204
chr1	245986290	246186290	harbor2	chr1	246080744	246080884	LINE/L2	580	+	70	246080814	94524
chr1	174041563	174241563	harbor2	chr1	174072288	174072652	LINE/L2	618	+	182	174072470	30907
chr1	174041563	174241563	harbor2	chr1	174093037	174093335	LINE/L2	460	+	149	174093186	51623
chr1	174041563	174241563	harbor2	chr1	174104851	174104960	LINE/L2	527	+	54	174104905	63342
chr1	174041563	174241563	harbor2	chr1	174105904	174105989	LINE/L2	2235	+	42	174105946	64383
chr1	174041563	174241563	harbor2	chr1	174106291	174106617	LINE/L2	2235	+	163	174106454	64891
chr1	174041563	174241563	harbor2	chr1	174106901	174107552	LINE/L2	2235	+	326	174107227	65664
chr1	174041563	174241563	harbor2	chr1	174135243	174135744	LINE/L2	1638	+	250	174135493	93930
chr1	174041563	174241563	harbor2	chr1	174139257	174140339	LINE/L2	3383	+	541	174139798	98235
chr1	239536944	239736944	harbor2	chr1	239574143	239574737	LINE/L2	708	+	297	239574440	37496
chr1	239536944	239736944	harbor2	chr1	239582677	239583027	LINE/L2	637	+	175	239582852	45908
chr1	239536944	239736944	harbor2	chr1	239599014	239599581	LINE/L2	566	+	284	239599298	62354
chr1	239536944	239736944	harbor2	chr1	239599942	239600227	LINE/L2	566	+	142	239600084	63140
chr1	239536944	239736944	harbor2	chr1	239635069	239635419	LINE/L2	434	+	175	239635244	98300
chr1	239536944	239736944	harbor2	chr1	239635699	239635855	LINE/L2	519	+	78	239635777	98833
chr1	242464051	242664051	harbor2	chr1	242462633	242464464	LINE/L2	3855	+	916	242463549	502
chr1	242464051	242664051	harbor2	chr1	242465172	242465646	LINE/L2	1446	+	237	242465409	1358
chr1	242464051	242664051	harbor2	chr1	242465930	242466319	LINE/L2	1059	+	194	242466124	2073
chr1	242464051	242664051	harbor2	chr1	242474232	242474644	LINE/L2	557	+	206	242474438	10387
chr1	242464051	242664051	harbor2	chr1	242502030	242502351	LINE/L2	611	+	160	242502190	38139
chr1	46346229	46546229	harbor2	chr1	46416034	46416203	LINE/L2	580	+	84	46416118	69889
chr1	102037395	102237395	harbor2	chr1	102075868	102076330	LINE/L2	690	+	231	102076099	38704
chr1	246075828	246275828	harbor2	chr1	246080744	246080884	LINE/L2	580	+	70	246080814	4986
chr1	246075828	246275828	harbor2	chr1	246108803	246109178	LINE/L2	563	+	188	246108991	33163
chr1	246075828	246275828	harbor2	chr1	246128137	246128443	LINE/L2	712	+	153	246128290	52462
chr1	246075828	246275828	harbor2	chr1	246161355	246161610	LINE/L2	493	+	128	246161483	85655
chr1	171376014	171576014	harbor2	chr1	171388791	171389368	LINE/L2	809	+	288	171389079	13065
chr1	171376014	171576014	harbor2	chr1	171389750	171389933	LINE/L2	1009	+	92	171389842	13828
chr1	171376014	171576014	harbor2	chr1	171390235	171390479	LINE/L2	1009	+	122	171390357	14343
chr1	171376014	171576014	harbor2	chr1	171391115	171391740	LINE/L2	1009	+	312	171391427	15413
chr1	171376014	171576014	harbor2	chr1	171447102	171447396	LINE/L2	1273	+	147	171447249	71235
chr1	171376014	171576014	harbor2	chr1	171447703	171448094	LINE/L2	1273	+	196	171447899	71885
chr1	220257701	220457701	harbor2	chr1	220269903	220271077	LINE/L2	803	+	587	220270490	12789
chr1	220257701	220457701	harbor2	chr1	220295718	220296011	LINE/L2	506	+	146	220295864	38163
chr1	220257701	220457701	harbor2	chr1	220322550	220322967	LINE/L2	417	+	208	220322758	65057
chr1	192298548	192498548	harbor2	chr1	192359918	192360737	LINE/L2	625	+	410	192360328	61780
chr1	231307694	231507694	harbor2	chr1	231395900	231396246	LINE/L2	454	+	173	231396073	88379
chr1	231307694	231507694	harbor2	chr1	231396552	231397130	LINE/L2	454	+	289	231396841	89147
chr1	65904856	66104856	harbor2	chr1	65999310	65999805	LINE/L2	762	+	248	65999558	94702
chr1	238453855	238653855	harbor2	chr1	238464261	238465052	LINE/L2	916	+	396	238464657	10802
chr1	231714762	231914762	harbor2	chr1	231741827	231742238	LINE/L2	1122	+	206	231742033	27271
chr1	231714762	231914762	harbor2	chr1	231754894	231755212	LINE/L2	730	+	159	231755053	40291
chr1	231714762	231914762	harbor2	chr1	231755341	231756053	LINE/L2	730	+	356	231755697	40935
chr1	204416219	204616219	harbor2	chr1	204417461	204418214	LINE/L2	1828	+	376	204417837	1618
chr1	204416219	204616219	harbor2	chr1	204418524	204418725	LINE/L2	1828	+	100	204418624	2405
chr1	204416219	204616219	harbor2	chr1	204419179	204419732	LINE/L2	1828	+	276	204419455	3236
chr1	204416219	204616219	harbor2	chr1	204426165	204426743	LINE/L2	1294	+	289	204426454	10235
chr1	204416219	204616219	harbor2	chr1	204473669	204473989	LINE/L2	1427	+	160	204473829	57610
chr1	204416219	204616219	harbor2	chr1	204474290	204475212	LINE/L2	1427	+	461	204474751	58532
chr1	156051595	156251595	harbor2	chr1	156092795	156092877	LINE/L2	635	+	41	156092836	41241
chr1	156051595	156251595	harbor2	chr1	156093190	156093299	LINE/L2	635	+	54	156093244	41649
chr1	156051595	156251595	harbor2	chr1	156093602	156093803	LINE/L2	635	+	100	156093702	42107
chr1	156051595	156251595	harbor2	chr1	156110151	156110359	LINE/L2	1031	+	104	156110255	58660
chr1	156051595	156251595	harbor2	chr1	156143926	156144359	LINE/L2	2627	+	216	156144142	92547
chr1	156051595	156251595	harbor2	chr1	156144667	156145153	LINE/L2	2627	+	243	156144910	93315
chr1	156051595	156251595	harbor2	chr1	156145637	156145894	LINE/L2	559	+	128	156145765	94170
chr1	246665785	246865785	harbor2	chr1	246722739	246722867	LINE/L2	418	+	64	246722803	57018
chr1	246665785	246865785	harbor2	chr1	246728315	246728870	LINE/L2	1453	+	278	246728593	62808
chr1	246665785	246865785	harbor2	chr1	246729944	246730443	LINE/L2	1453	+	250	246730194	64409
chr1	225820739	226020739	harbor2	chr1	225903607	225904196	LINE/L2	1090	+	294	225903901	83162
chr1	225820739	226020739	harbor2	chr1	225820588	225820964	LINE/L2	468	+	188	225820776	37
chr1	166085398	166285398	harbor2	chr1	166088825	166089294	LINE/L2	463	+	234	166089059	3661
chr1	166085398	166285398	harbor2	chr1	166138733	166138882	LINE/L2	674	+	74	166138807	53409
chr1	166085398	166285398	harbor2	chr1	166174924	166175124	LINE/L2	541	+	100	166175024	89626
chr1	166085398	166285398	harbor2	chr1	166176243	166176895	LINE/L2	667	+	326	166176569	91171
chr1	166085398	166285398	harbor2	chr1	166177194	166177342	LINE/L2	667	+	74	166177268	91870
chr1	166085398	166285398	harbor2	chr1	166182922	166183372	LINE/L2	627	+	225	166183147	97749
chr1	244929432	245129432	harbor2	chr1	245015305	245015429	LINE/L2	1436	+	62	245015367	85935
chr1	244929432	245129432	harbor2	chr1	245015737	245015965	LINE/L2	1436	+	114	245015851	86419
chr1	244929432	245129432	harbor2	chr1	245016281	245016659	LINE/L2	1436	+	189	245016470	87038
chr1	199463082	199663082	harbor2	chr1	199476455	199477065	LINE/L2	1312	+	305	199476760	13678
chr1	199463082	199663082	harbor2	chr1	199520081	199521708	LINE/L2	2890	+	814	199520895	57813
chr1	199463082	199663082	harbor2	chr1	199548366	199548741	LINE/L2	443	+	188	199548554	85472
chr1	199463082	199663082	harbor2	chr1	199552691	199552931	LINE/L2	501	+	120	199552811	89729
chr1	114303921	114503921	harbor2	chr1	114324079	114324760	LINE/L2	1040	+	340	114324419	20498
chr1	114303921	114503921	harbor2	chr1	114330035	114330366	LINE/L2	679	+	166	114330201	26280
chr1	114303921	114503921	harbor2	chr1	114332334	114332644	LINE/L2	496	+	155	114332489	28568
chr1	174021300	174221300	harbor2	chr1	174072288	174072652	LINE/L2	618	+	182	174072470	51170
chr1	174021300	174221300	harbor2	chr1	174093037	174093335	LINE/L2	460	+	149	174093186	71886
chr1	174021300	174221300	harbor2	chr1	174104851	174104960	LINE/L2	527	+	54	174104905	83605
chr1	174021300	174221300	harbor2	chr1	174105904	174105989	LINE/L2	2235	+	42	174105946	84646
chr1	174021300	174221300	harbor2	chr1	174106291	174106617	LINE/L2	2235	+	163	174106454	85154
chr1	174021300	174221300	harbor2	chr1	174106901	174107552	LINE/L2	2235	+	326	174107227	85927
chr1	235471663	235671663	harbor2	chr1	235472370	235472673	LINE/L2	479	+	152	235472522	859
chr1	235471663	235671663	harbor2	chr1	235489764	235490234	LINE/L2	538	+	235	235489999	18336
chr1	235471663	235671663	harbor2	chr1	235490529	235490609	LINE/L2	538	+	40	235490569	18906
chr1	235471663	235671663	harbor2	chr1	235491500	235491660	LINE/L2	538	+	80	235491580	19917
chr1	235471663	235671663	harbor2	chr1	235501359	235501644	LINE/L2	837	+	142	235501501	29838
chr1	235471663	235671663	harbor2	chr1	235512148	235512640	LINE/L2	1343	+	246	235512394	40731
chr1	235471663	235671663	harbor2	chr1	235512941	235513134	LINE/L2	1343	+	96	235513037	41374
chr1	58553333	58753333	harbor2	chr1	58569160	58569655	LINE/L2	932	+	248	58569408	16075
chr1	58553333	58753333	harbor2	chr1	58569951	58570111	LINE/L2	932	+	80	58570031	16698
chr1	58553333	58753333	harbor2	chr1	58570321	58570608	LINE/L2	410	+	144	58570465	17132
chr1	58553333	58753333	harbor2	chr1	58614771	58614954	LINE/L2	438	+	92	58614863	61530
chr1	58553333	58753333	harbor2	chr1	58615288	58615301	LINE/L2	438	+	6	58615294	61961
chr1	58553333	58753333	harbor2	chr1	58615618	58616006	LINE/L2	831	+	194	58615812	62479
chr1	58553333	58753333	harbor2	chr1	58616124	58616411	LINE/L2	666	+	144	58616268	62935
chr1	58553333	58753333	harbor2	chr1	58617974	58618327	LINE/L2	877	+	176	58618150	64817
chr1	58553333	58753333	harbor2	chr1	58625242	58625793	LINE/L2	889	+	276	58625518	72185
chr1	58553333	58753333	harbor2	chr1	58625819	58626288	LINE/L2	1011	+	234	58626053	72720
chr1	58553333	58753333	harbor2	chr1	58640043	58640246	LINE/L2	661	+	102	58640145	86812
chr1	182513510	182713510	harbor2	chr1	182535386	182535775	LINE/L2	826	+	194	182535580	22070
chr1	182513510	182713510	harbor2	chr1	182569710	182570734	LINE/L2	1834	+	512	182570222	56712
chr1	182513510	182713510	harbor2	chr1	182600698	182601435	LINE/L2	765	+	368	182601066	87556
chr1	209241036	209441036	harbor2	chr1	209294398	209294562	LINE/L2	464	+	82	209294480	53444
chr1	209241036	209441036	harbor2	chr1	209299513	209299923	LINE/L2	896	+	205	209299718	58682
chr1	227212491	227412491	harbor2	chr1	227217115	227217176	LINE/L2	1119	+	30	227217145	4654
chr1	227212491	227412491	harbor2	chr1	227217478	227218085	LINE/L2	1119	+	304	227217782	5291
chr1	227212491	227412491	harbor2	chr1	227289053	227289696	LINE/L2	1403	+	322	227289375	76884
chr1	211170860	211370860	harbor2	chr1	211208176	211208274	LINE/L2	487	+	49	211208225	37365
chr1	211170860	211370860	harbor2	chr1	211219663	211219949	LINE/L2	913	+	143	211219806	48946
chr1	211170860	211370860	harbor2	chr1	211220391	211220626	LINE/L2	1326	+	118	211220509	49649
chr1	211170860	211370860	harbor2	chr1	211220923	211221084	LINE/L2	1326	+	80	211221003	50143
chr1	211170860	211370860	harbor2	chr1	211229553	211230059	LINE/L2	903	+	253	211229806	58946
chr1	44531845	44731845	harbor2	chr1	44547207	44547886	LINE/L2	748	+	340	44547547	15702
chr1	44531845	44731845	harbor2	chr1	44552869	44553367	LINE/L2	873	+	249	44553118	21273
chr1	44531845	44731845	harbor2	chr1	44554827	44555080	LINE/L2	412	+	126	44554953	23108
chr1	44531845	44731845	harbor2	chr1	44555367	44555486	LINE/L2	832	+	60	44555427	23582
chr1	44531845	44731845	harbor2	chr1	44555775	44556033	LINE/L2	832	+	129	44555904	24059
chr1	44531845	44731845	harbor2	chr1	44556332	44556439	LINE/L2	832	+	54	44556386	24541
chr1	44531845	44731845	harbor2	chr1	44558851	44559106	LINE/L2	515	+	128	44558979	27134
chr1	44531845	44731845	harbor2	chr1	44568128	44568332	LINE/L2	587	+	102	44568230	36385
chr1	44531845	44731845	harbor2	chr1	44570562	44570791	LINE/L2	748	+	114	44570676	38831
chr1	44531845	44731845	harbor2	chr1	44571095	44571591	LINE/L2	955	+	248	44571343	39498
chr1	44531845	44731845	harbor2	chr1	44571591	44572085	LINE/L2	875	+	247	44571838	39993
chr1	44531845	44731845	harbor2	chr1	44600878	44601167	LINE/L2	417	+	144	44601022	69177
chr1	44531845	44731845	harbor2	chr1	44606501	44607482	LINE/L2	1459	+	490	44606991	75146
chr1	44531845	44731845	harbor2	chr1	44607789	44607925	LINE/L2	1459	+	68	44607857	76012
chr1	44531845	44731845	harbor2	chr1	44608224	44608391	LINE/L2	502	+	84	44608308	76463
chr1	44531845	44731845	harbor2	chr1	44628613	44628848	LINE/L2	428	+	118	44628731	96886
chr1	227070105	227270105	harbor2	chr1	227096970	227097441	LINE/L2	738	+	236	227097206	27101
chr1	227070105	227270105	harbor2	chr1	227099527	227100025	LINE/L2	705	+	249	227099776	29671
chr1	227070105	227270105	harbor2	chr1	227100067	227100587	LINE/L2	474	+	260	227100327	30222
chr1	227070105	227270105	harbor2	chr1	227127977	227128586	LINE/L2	1455	+	304	227128281	58176
chr1	227070105	227270105	harbor2	chr1	227128686	227129055	LINE/L2	453	+	184	227128870	58765
chr1	227070105	227270105	harbor2	chr1	227130901	227131180	LINE/L2	464	+	140	227131041	60936
chr1	227070105	227270105	harbor2	chr1	227134011	227134536	LINE/L2	1223	+	262	227134273	64168
chr1	227070105	227270105	harbor2	chr1	227098146	227098881	LINE/L2	1930	+	368	227098514	28409
chr1	203511550	203711550	harbor2	chr1	203524902	203525242	LINE/L2	500	+	170	203525072	13522
chr1	164977481	165177481	harbor2	chr1	164987751	164987865	LINE/L2	555	+	57	164987808	10327
chr1	164977481	165177481	harbor2	chr1	164988321	164989135	LINE/L2	1131	+	407	164988728	11247
chr1	164977481	165177481	harbor2	chr1	164995895	164996005	LINE/L2	2408	+	55	164995950	18469
chr1	164977481	165177481	harbor2	chr1	164996497	164997327	LINE/L2	2408	+	415	164996912	19431
chr1	164977481	165177481	harbor2	chr1	165001609	165001772	LINE/L2	458	+	82	165001691	24210
chr1	164977481	165177481	harbor2	chr1	165008820	165009328	LINE/L2	736	+	254	165009074	31593
chr1	164977481	165177481	harbor2	chr1	165058378	165058707	LINE/L2	527	+	164	165058542	81061
chr1	246205223	246405223	harbor2	chr1	246293804	246294195	LINE/L2	619	+	196	246294000	88777
chr1	115293225	115493225	harbor2	chr1	115320998	115321317	LINE/L2	482	+	160	115321158	27933
chr1	115293225	115493225	harbor2	chr1	115351404	115351726	LINE/L2	1213	+	161	115351565	58340
chr1	115293225	115493225	harbor2	chr1	115352111	115352593	LINE/L2	1213	+	241	115352352	59127
chr1	115293225	115493225	harbor2	chr1	115373604	115374222	LINE/L2	883	+	309	115373913	80688
chr1	115293225	115493225	harbor2	chr1	115374523	115374828	LINE/L2	772	+	152	115374675	81450
chr1	77829601	78029601	harbor2	chr1	77884082	77884560	LINE/L2	1617	+	239	77884321	54720
chr1	77829601	78029601	harbor2	chr1	77885134	77885608	LINE/L2	1617	+	237	77885371	55770
chr1	77829601	78029601	harbor2	chr1	77899702	77899811	LINE/L2	456	+	54	77899756	70155
chr1	77829601	78029601	harbor2	chr1	77900114	77900495	LINE/L2	469	+	190	77900304	70703
chr1	77829601	78029601	harbor2	chr1	77904876	77904980	LINE/L2	412	+	52	77904928	75327
chr1	169740664	169940664	harbor2	chr1	169776805	169777353	LINE/L2	1766	+	274	169777079	36415
chr1	169740664	169940664	harbor2	chr1	169778191	169778450	LINE/L2	614	+	130	169778321	37657
chr1	169740664	169940664	harbor2	chr1	169779069	169779259	LINE/L2	614	+	95	169779164	38500
chr1	169740664	169940664	harbor2	chr1	169796388	169796644	LINE/L2	506	+	128	169796516	55852
chr1	169740664	169940664	harbor2	chr1	169796816	169797156	LINE/L2	609	+	170	169796986	56322
chr1	169740664	169940664	harbor2	chr1	169806982	169807587	LINE/L2	540	+	302	169807284	66620
chr1	169740664	169940664	harbor2	chr1	169824002	169824366	LINE/L2	1069	+	182	169824184	83520
chr1	169740664	169940664	harbor2	chr1	169824908	169825292	LINE/L2	678	+	192	169825100	84436
chr1	169740664	169940664	harbor2	chr1	169825262	169825531	LINE/L2	737	+	134	169825396	84732
chr1	231702696	231902696	harbor2	chr1	231741827	231742238	LINE/L2	1122	+	206	231742033	39337
chr1	231702696	231902696	harbor2	chr1	231754894	231755212	LINE/L2	730	+	159	231755053	52357
chr1	231702696	231902696	harbor2	chr1	231755341	231756053	LINE/L2	730	+	356	231755697	53001
chr1	245298974	245498974	harbor2	chr1	245345217	245345533	LINE/L2	2540	+	158	245345375	46401
chr1	245298974	245498974	harbor2	chr1	245346285	245347301	LINE/L2	2540	+	508	245346793	47819
chr1	245298974	245498974	harbor2	chr1	245347614	245348357	LINE/L2	2540	+	372	245347986	49012
chr1	245298974	245498974	harbor2	chr1	245348722	245349164	LINE/L2	1056	+	221	245348943	49969
chr1	168053211	168253211	harbor2	chr1	168071696	168072021	LINE/L2	525	+	162	168071858	18647
chr1	168053211	168253211	harbor2	chr1	168072326	168072641	LINE/L2	470	+	158	168072484	19273
chr1	168053211	168253211	harbor2	chr1	168122038	168122991	LINE/L2	1897	+	476	168122514	69303
chr1	175564103	175764103	harbor2	chr1	175638921	175639194	LINE/L2	841	+	136	175639057	74954
chr1	175564103	175764103	harbor2	chr1	175639597	175640076	LINE/L2	642	+	240	175639837	75734
chr1	228963634	229163634	harbor2	chr1	228997481	228998085	LINE/L2	896	+	302	228997783	34149
chr1	245328212	245528212	harbor2	chr1	245345217	245345533	LINE/L2	2540	+	158	245345375	17163
chr1	245328212	245528212	harbor2	chr1	245346285	245347301	LINE/L2	2540	+	508	245346793	18581
chr1	245328212	245528212	harbor2	chr1	245347614	245348357	LINE/L2	2540	+	372	245347986	19774
chr1	245328212	245528212	harbor2	chr1	245348722	245349164	LINE/L2	1056	+	221	245348943	20731
chr1	94636503	94836503	harbor2	chr1	94642384	94643249	LINE/L2	646	+	432	94642816	6313
chr1	94636503	94836503	harbor2	chr1	94643404	94644246	LINE/L2	1406	+	421	94643825	7322
chr1	94636503	94836503	harbor2	chr1	94704670	94704798	LINE/L2	449	+	64	94704734	68231
chr1	94636503	94836503	harbor2	chr1	94709241	94709718	LINE/L2	1032	+	238	94709479	72976
chr1	94636503	94836503	harbor2	chr1	94729653	94729798	LINE/L2	453	+	72	94729725	93222
chr1	169465864	169665864	harbor2	chr1	169492739	169493457	LINE/L2	1369	+	359	169493098	27234
chr1	169465864	169665864	harbor2	chr1	169499474	169500000	LINE/L2	1097	+	263	169499737	33873
chr1	169465864	169665864	harbor2	chr1	169500013	169500249	LINE/L2	721	+	118	169500131	34267
chr1	169465864	169665864	harbor2	chr1	169536974	169537189	LINE/L2	455	+	108	169537082	71218
chr1	169465864	169665864	harbor2	chr1	169564933	169565464	LINE/L2	568	+	266	169565199	99335
chr1	158933546	159133546	harbor2	chr1	159002435	159002778	LINE/L2	493	+	172	159002607	69061
chr1	68304497	68504497	harbor2	chr1	68348891	68349322	LINE/L2	488	+	216	68349107	44610
chr1	68304497	68504497	harbor2	chr1	68356028	68356387	LINE/L2	1008	+	180	68356208	51711
chr1	68304497	68504497	harbor2	chr1	68356681	68357147	LINE/L2	1008	+	233	68356914	52417
chr1	68304497	68504497	harbor2	chr1	68374871	68374972	LINE/L2	452	+	50	68374921	70424
chr1	68304497	68504497	harbor2	chr1	68393843	68394436	LINE/L2	677	+	296	68394139	89642
chr1	68304497	68504497	harbor2	chr1	68304737	68305507	LINE/L2	1067	+	385	68305122	625
chr1	216087751	216287751	harbor2	chr1	216087695	216088480	LINE/L2	1477	+	392	216088087	336
chr1	198256296	198456296	harbor2	chr1	198267821	198268552	LINE/L2	609	+	366	198268187	11891
chr1	198256296	198456296	harbor2	chr1	198268862	198269216	LINE/L2	555	+	177	198269039	12743
chr1	198256296	198456296	harbor2	chr1	198285007	198285297	LINE/L2	851	+	145	198285152	28856
chr1	198256296	198456296	harbor2	chr1	198330240	198330678	LINE/L2	459	+	219	198330459	74163
chr1	241404803	241604803	harbor2	chr1	241417537	241417844	LINE/L2	721	+	154	241417691	12888
chr1	241404803	241604803	harbor2	chr1	241468237	241468529	LINE/L2	769	+	146	241468383	63580
chr1	241404803	241604803	harbor2	chr1	241476121	241476333	LINE/L2	499	+	106	241476227	71424
chr1	241404803	241604803	harbor2	chr1	241476698	241477070	LINE/L2	499	+	186	241476884	72081
chr1	241404803	241604803	harbor2	chr1	241501507	241501629	LINE/L2	465	+	61	241501568	96765
chr1	212211688	212411688	harbor2	chr1	212218184	212218580	LINE/L2	819	+	198	212218382	6694
chr1	212211688	212411688	harbor2	chr1	212271223	212271804	LINE/L2	503	+	290	212271513	59825
chr1	212211688	212411688	harbor2	chr1	212273720	212274231	LINE/L2	534	+	256	212273976	62288
chr1	150000998	150200998	harbor2	chr1	150003277	150003682	LINE/L2	662	+	202	150003479	2481
chr1	150000998	150200998	harbor2	chr1	150030140	150030764	LINE/L2	519	+	312	150030452	29454
chr1	150000998	150200998	harbor2	chr1	150046222	150046444	LINE/L2	718	+	111	150046333	45335
chr1	150000998	150200998	harbor2	chr1	150046749	150046792	LINE/L2	718	+	22	150046771	45773
chr1	150000998	150200998	harbor2	chr1	150047085	150047572	LINE/L2	1254	+	244	150047329	46331
chr1	150000998	150200998	harbor2	chr1	150069821	150070331	LINE/L2	500	+	255	150070076	69078
chr1	106642132	106842132	harbor2	chr1	106702000	106703583	LINE/L2	2864	+	792	106702792	60660
chr1	106642132	106842132	harbor2	chr1	106705219	106705423	LINE/L2	484	+	102	106705321	63189
chr1	238096011	238296011	harbor2	chr1	238192466	238192711	LINE/L2	409	+	122	238192588	96577
chr1	237409367	237609367	harbor2	chr1	237463208	237463337	LINE/L2	411	+	64	237463272	53905
chr1	248149923	248349923	harbor2	chr1	248178584	248178828	LINE/L2	431	+	122	248178706	28783
chr1	171922557	172122557	harbor2	chr1	171977619	171978035	LINE/L2	667	+	208	171977827	55270
chr1	171922557	172122557	harbor2	chr1	171982859	171983172	LINE/L2	1289	+	156	171983015	60458
chr1	171922557	172122557	harbor2	chr1	171983399	171983711	LINE/L2	1289	+	156	171983555	60998
chr1	171922557	172122557	harbor2	chr1	171983863	171984810	LINE/L2	1289	+	474	171984337	61780
chr1	112868264	113068264	harbor2	chr1	112886891	112887413	LINE/L2	428	+	261	112887152	18888
chr1	112868264	113068264	harbor2	chr1	112906949	112907121	LINE/L2	545	+	86	112907035	38771
chr1	159811494	160011494	harbor2	chr1	159824507	159824796	LINE/L2	691	+	144	159824651	13157
chr1	159811494	160011494	harbor2	chr1	159828902	159829734	LINE/L2	825	+	416	159829318	17824
chr1	182959835	183159835	harbor2	chr1	182968983	182969418	LINE/L2	424	+	218	182969201	9366
chr1	182959835	183159835	harbor2	chr1	183007043	183007228	LINE/L2	493	+	92	183007135	47300
chr1	182959835	183159835	harbor2	chr1	183029267	183029559	LINE/L2	488	+	146	183029413	69578
chr1	226731169	226931169	harbor2	chr1	226800923	226801225	LINE/L2	449	+	151	226801074	69905
chr1	226731169	226931169	harbor2	chr1	226801582	226801711	LINE/L2	434	+	64	226801646	70477
chr1	226731169	226931169	harbor2	chr1	226812372	226812571	LINE/L2	571	+	100	226812472	81303
chr1	226731169	226931169	harbor2	chr1	226823546	226823872	LINE/L2	835	+	163	226823709	92540
chr1	226731169	226931169	harbor2	chr1	226824342	226824726	LINE/L2	456	+	192	226824534	93365
chr1	243495700	243695700	harbor2	chr1	243514389	243514612	LINE/L2	461	+	112	243514501	18801
chr1	243495700	243695700	harbor2	chr1	243548972	243549447	LINE/L2	487	+	238	243549210	53510
chr1	243495700	243695700	harbor2	chr1	243549725	243549986	LINE/L2	487	+	130	243549855	54155
chr1	243495700	243695700	harbor2	chr1	243562984	243563201	LINE/L2	628	+	108	243563092	67392
chr1	243495700	243695700	harbor2	chr1	243575068	243575283	LINE/L2	518	+	108	243575176	79476
chr1	223003259	223203259	harbor2	chr1	223053764	223055247	LINE/L2	3754	+	742	223054506	51247
chr1	223003259	223203259	harbor2	chr1	223063346	223063732	LINE/L2	1101	+	193	223063539	60280
chr1	225075764	225275764	harbor2	chr1	225083441	225083707	LINE/L2	860	+	133	225083574	7810
chr1	117649996	117849996	harbor2	chr1	117702733	117703092	LINE/L2	704	+	180	117702913	52917
chr1	117649996	117849996	harbor2	chr1	117706609	117706928	LINE/L2	591	+	160	117706769	56773
chr1	117649996	117849996	harbor2	chr1	117707440	117707634	LINE/L2	498	+	97	117707537	57541
chr1	117649996	117849996	harbor2	chr1	117749216	117750189	LINE/L2	1833	+	486	117749702	99706
chr1	218441910	218641910	harbor2	chr1	218489855	218490305	LINE/L2	651	+	225	218490080	48170
chr1	218441910	218641910	harbor2	chr1	218490381	218490655	LINE/L2	771	+	137	218490518	48608
chr1	218441910	218641910	harbor2	chr1	218492689	218493068	LINE/L2	484	+	190	218492879	50969
chr1	240918967	241118967	harbor2	chr1	240947296	240948251	LINE/L2	1660	+	478	240947774	28807
chr1	240918967	241118967	harbor2	chr1	241002532	241002724	LINE/L2	434	+	96	241002628	83661
chr1	191159213	191359213	harbor2	chr1	191173750	191174029	LINE/L2	481	+	140	191173890	14677
chr1	114571013	114771013	harbor2	chr1	114592853	114592996	LINE/L2	893	+	72	114592925	21912
chr1	114571013	114771013	harbor2	chr1	114593133	114593502	LINE/L2	893	+	184	114593317	22304
chr1	114571013	114771013	harbor2	chr1	114644164	114644430	LINE/L2	651	+	133	114644297	73284
chr1	114571013	114771013	harbor2	chr1	114665822	114666426	LINE/L2	771	+	302	114666124	95111
chr1	177842334	178042334	harbor2	chr1	177846859	177847187	LINE/L2	463	+	164	177847023	4689
chr1	177842334	178042334	harbor2	chr1	177847206	177847617	LINE/L2	520	+	206	177847412	5078
chr1	177842334	178042334	harbor2	chr1	177861580	177862695	LINE/L2	2185	+	558	177862138	19804
chr1	177842334	178042334	harbor2	chr1	177864092	177864235	LINE/L2	437	+	72	177864164	21830
chr1	177842334	178042334	harbor2	chr1	177877159	177877490	LINE/L2	416	+	166	177877325	34991
chr1	177842334	178042334	harbor2	chr1	177901175	177901597	LINE/L2	651	+	211	177901386	59052
chr1	177842334	178042334	harbor2	chr1	177914925	177915263	LINE/L2	2053	+	169	177915094	72760
chr1	177842334	178042334	harbor2	chr1	177915572	177916228	LINE/L2	2053	+	328	177915900	73566
chr1	177842334	178042334	harbor2	chr1	177934903	177935341	LINE/L2	606	+	219	177935122	92788
chr1	96990780	97190780	harbor2	chr1	97048525	97048981	LINE/L2	448	+	228	97048753	57973
chr1	96990780	97190780	harbor2	chr1	97054190	97054461	LINE/L2	490	+	136	97054326	63546
chr1	96990780	97190780	harbor2	chr1	97074476	97074856	LINE/L2	428	+	190	97074666	83886
chr1	96990780	97190780	harbor2	chr1	97090518	97090805	LINE/L2	470	+	144	97090662	99882
chr1	220478557	220678557	harbor2	chr1	220488573	220489024	LINE/L2	877	+	226	220488799	10242
chr1	220478557	220678557	harbor2	chr1	220497407	220497832	LINE/L2	472	+	212	220497619	19062
chr1	220478557	220678557	harbor2	chr1	220522226	220522346	LINE/L2	439	+	60	220522286	43729
chr1	99208777	99408777	harbor2	chr1	99242571	99242686	LINE/L2	541	+	58	99242629	33852
chr1	99208777	99408777	harbor2	chr1	99282020	99282387	LINE/L2	490	+	184	99282204	73427
chr1	99208777	99408777	harbor2	chr1	99282394	99282512	LINE/L2	569	+	59	99282453	73676
chr1	99208777	99408777	harbor2	chr1	99282517	99283154	LINE/L2	592	+	318	99282835	74058
chr1	100043221	100243221	harbor2	chr1	100072892	100073380	LINE/L2	765	+	244	100073136	29915
chr1	100043221	100243221	harbor2	chr1	100100324	100100473	LINE/L2	528	+	74	100100398	57177
chr1	100043221	100243221	harbor2	chr1	100073424	100073762	LINE/L2	457	+	169	100073593	30372
chr1	238231855	238431855	harbor2	chr1	238299293	238299393	LINE/L2	448	+	50	238299343	67488
chr1	238231855	238431855	harbor2	chr1	238317414	238317667	LINE/L2	456	+	126	238317540	85685
chr1	47995342	48195342	harbor2	chr1	48029021	48029063	LINE/L2	787	+	21	48029042	33700
chr1	47995342	48195342	harbor2	chr1	48029348	48029545	LINE/L2	787	+	98	48029446	34104
chr1	47995342	48195342	harbor2	chr1	48029739	48030166	LINE/L2	658	+	214	48029953	34611
chr1	47995342	48195342	harbor2	chr1	48078615	48078762	LINE/L2	465	+	74	48078689	83347
chr1	47995342	48195342	harbor2	chr1	48089895	48090202	LINE/L2	583	+	154	48090049	94707
chr1	89919810	90119810	harbor2	chr1	89925987	89926251	LINE/L2	508	+	132	89926119	6309
chr1	89919810	90119810	harbor2	chr1	89926320	89926431	LINE/L2	508	+	56	89926376	6566
chr1	89919810	90119810	harbor2	chr1	89949812	89949927	LINE/L2	421	+	58	89949870	30060
chr1	218998799	219198799	harbor2	chr1	219048411	219048754	LINE/L2	570	+	172	219048583	49784
chr1	218998799	219198799	harbor2	chr1	219073865	219074034	LINE/L2	428	+	84	219073949	75150
chr1	218998799	219198799	harbor2	chr1	219084229	219084820	LINE/L2	832	+	296	219084525	85726
chr1	187686169	187886169	harbor2	chr1	187731228	187731588	LINE/L2	915	+	180	187731408	45239
chr1	187686169	187886169	harbor2	chr1	187779771	187780235	LINE/L2	422	+	232	187780003	93834
chr1	187686169	187886169	harbor2	chr1	187784573	187784926	LINE/L2	529	+	176	187784749	98580
chr1	187686169	187886169	harbor2	chr1	187785171	187785391	LINE/L2	453	+	110	187785281	99112
chr1	215256336	215456336	harbor2	chr1	215337245	215337365	LINE/L2	643	+	60	215337305	80969
chr1	215256336	215456336	harbor2	chr1	215339823	215340685	LINE/L2	1639	+	431	215340254	83918
chr1	176849541	177049541	harbor2	chr1	176872582	176873062	LINE/L2	566	+	240	176872822	23281
chr1	176849541	177049541	harbor2	chr1	176924293	176924652	LINE/L2	707	+	180	176924473	74932
chr1	232015105	232215105	harbor2	chr1	232033033	232033517	LINE/L2	1379	+	242	232033275	18170
chr1	232015105	232215105	harbor2	chr1	232087538	232087790	LINE/L2	417	+	126	232087664	72559
chr1	232015105	232215105	harbor2	chr1	232112767	232113095	LINE/L2	440	+	164	232112931	97826
chr1	219599758	219799758	harbor2	chr1	219649244	219649378	LINE/L2	496	+	67	219649311	49553
chr1	219599758	219799758	harbor2	chr1	219674600	219674964	LINE/L2	561	+	182	219674782	75024
chr1	219599758	219799758	harbor2	chr1	219675278	219675488	LINE/L2	652	+	105	219675383	75625
chr1	219599758	219799758	harbor2	chr1	219679970	219680232	LINE/L2	438	+	131	219680101	80343
chr1	146814543	147014543	harbor2	chr1	146814880	146815060	LINE/L2	531	+	90	146814970	427
chr1	146814543	147014543	harbor2	chr1	146815344	146815759	LINE/L2	531	+	208	146815552	1009
chr1	146814543	147014543	harbor2	chr1	146882676	146882860	LINE/L2	481	+	92	146882768	68225
chr1	146814543	147014543	harbor2	chr1	146883776	146883927	LINE/L2	2196	+	76	146883852	69309
chr1	146814543	147014543	harbor2	chr1	146884239	146884367	LINE/L2	2196	+	64	146884303	69760
chr1	146814543	147014543	harbor2	chr1	146884497	146885511	LINE/L2	2196	+	507	146885004	70461
chr1	94183132	94383132	harbor2	chr1	94204720	94204900	LINE/L2	409	+	90	94204810	21678
chr1	94183132	94383132	harbor2	chr1	94233309	94233699	LINE/L2	602	+	195	94233504	50372
chr1	94183132	94383132	harbor2	chr1	94251579	94252010	LINE/L2	1006	+	216	94251795	68663
chr1	94183132	94383132	harbor2	chr1	94268224	94268638	LINE/L2	479	+	207	94268431	85299
chr1	94183132	94383132	harbor2	chr1	94279295	94279638	LINE/L2	513	+	172	94279467	96335
chr1	226058123	226258123	harbor2	chr1	226060609	226060722	LINE/L2	492	+	56	226060665	2542
chr1	226058123	226258123	harbor2	chr1	226074225	226074335	LINE/L2	421	+	55	226074280	16157
chr1	226058123	226258123	harbor2	chr1	226074646	226074973	LINE/L2	421	+	164	226074810	16687
chr1	226058123	226258123	harbor2	chr1	226094939	226095058	LINE/L2	409	+	60	226094999	36876
chr1	226058123	226258123	harbor2	chr1	226095230	226095436	LINE/L2	409	+	103	226095333	37210
chr1	226058123	226258123	harbor2	chr1	226104599	226105289	LINE/L2	1651	+	345	226104944	46821
chr1	226058123	226258123	harbor2	chr1	226107501	226108147	LINE/L2	1694	+	323	226107824	49701
chr1	226058123	226258123	harbor2	chr1	226109093	226109510	LINE/L2	1124	+	208	226109301	51178
chr1	226058123	226258123	harbor2	chr1	226134517	226135223	LINE/L2	830	+	353	226134870	76747
chr1	205142037	205342037	harbor2	chr1	205170240	205170542	LINE/L2	455	+	151	205170391	28354
chr1	205142037	205342037	harbor2	chr1	205215220	205215322	LINE/L2	500	+	51	205215271	73234
chr1	193560790	193760790	harbor2	chr1	193578050	193578445	LINE/L2	486	+	198	193578248	17458
chr1	190556118	190756118	harbor2	chr1	190561676	190562046	LINE/L2	486	+	185	190561861	5743
chr1	190556118	190756118	harbor2	chr1	190575117	190575533	LINE/L2	823	+	208	190575325	19207
chr1	104648807	104848807	harbor2	chr1	104711437	104711713	LINE/L2	493	+	138	104711575	62768
chr1	104648807	104848807	harbor2	chr1	104711967	104712092	LINE/L2	493	+	62	104712029	63222
chr1	225698716	225898716	harbor2	chr1	225709732	225709842	LINE/L2	468	+	55	225709787	11071
chr1	225698716	225898716	harbor2	chr1	225731398	225731819	LINE/L2	644	+	210	225731608	32892
chr1	225698716	225898716	harbor2	chr1	225775552	225775697	LINE/L2	445	+	72	225775624	76908
chr1	181855680	182055680	harbor2	chr1	181895749	181896649	LINE/L2	1137	+	450	181896199	40519
chr1	181855680	182055680	harbor2	chr1	181898404	181898810	LINE/L2	414	+	203	181898607	42927
chr1	181855680	182055680	harbor2	chr1	181913846	181914407	LINE/L2	1011	+	280	181914126	58446
chr1	181855680	182055680	harbor2	chr1	181917438	181917647	LINE/L2	463	+	104	181917542	61862
chr1	181855680	182055680	harbor2	chr1	181925084	181925119	LINE/L2	568	+	18	181925102	69422
chr1	181855680	182055680	harbor2	chr1	181925419	181926026	LINE/L2	568	+	304	181925723	70043
chr1	181855680	182055680	harbor2	chr1	181926131	181926362	LINE/L2	639	+	116	181926247	70567
chr1	181855680	182055680	harbor2	chr1	181895089	181895492	LINE/L2	1137	+	202	181895291	39611
chr1	213152903	213352903	harbor2	chr1	213179775	213179894	LINE/L2	626	+	60	213179835	26932
chr1	213152903	213352903	harbor2	chr1	213204003	213204235	LINE/L2	453	+	116	213204119	51216
chr1	15893017	16093017	harbor2	chr1	15973532	15973903	LINE/L2	625	+	186	15973718	80701
chr1	15893017	16093017	harbor2	chr1	15976615	15976926	LINE/L2	445	+	156	15976771	83754
chr1	201140882	201340882	harbor2	chr1	201147101	201147865	LINE/L2	559	+	382	201147483	6601
chr1	201140882	201340882	harbor2	chr1	201174858	201175238	LINE/L2	564	+	190	201175048	34166
chr1	201140882	201340882	harbor2	chr1	201179775	201180155	LINE/L2	1320	+	190	201179965	39083
chr1	201140882	201340882	harbor2	chr1	201189578	201189768	LINE/L2	486	+	95	201189673	48791
chr1	201140882	201340882	harbor2	chr1	201197061	201197168	LINE/L2	414	+	54	201197115	56233
chr1	116163884	116363884	harbor2	chr1	116260316	116260517	LINE/L2	547	+	100	116260416	96532
chr1	154343451	154543451	harbor2	chr1	154353219	154354243	LINE/L2	589	+	512	154353731	10280
chr1	202052412	202252412	harbor2	chr1	202062977	202063214	LINE/L2	450	+	118	202063095	10683
chr1	202052412	202252412	harbor2	chr1	202063317	202063492	LINE/L2	456	+	88	202063405	10993
chr1	202052412	202252412	harbor2	chr1	202091193	202091469	LINE/L2	443	+	138	202091331	38919
chr1	202052412	202252412	harbor2	chr1	202093651	202094284	LINE/L2	608	+	316	202093967	41555
chr1	202052412	202252412	harbor2	chr1	202101138	202101501	LINE/L2	478	+	182	202101320	48908
chr1	202052412	202252412	harbor2	chr1	202116395	202116510	LINE/L2	544	+	58	202116453	64041
chr1	202052412	202252412	harbor2	chr1	202121426	202122052	LINE/L2	560	+	313	202121739	69327
chr1	202052412	202252412	harbor2	chr1	202151165	202151525	LINE/L2	539	+	180	202151345	98933
chr1	202052412	202252412	harbor2	chr1	202151817	202151924	LINE/L2	539	+	54	202151871	99459
chr1	202052412	202252412	harbor2	chr1	202152211	202152251	LINE/L2	539	+	20	202152231	99819
chr1	216853558	217053558	harbor2	chr1	216905164	216905699	LINE/L2	793	+	268	216905432	51874
chr1	216853558	217053558	harbor2	chr1	216921369	216921871	LINE/L2	945	+	251	216921620	68062
chr1	215893309	216093309	harbor2	chr1	215954784	215955201	LINE/L2	573	+	208	215954992	61683
chr1	73702043	73902043	harbor2	chr1	73712094	73712395	LINE/L2	469	+	150	73712244	10201
chr1	73702043	73902043	harbor2	chr1	73716205	73717043	LINE/L2	1163	+	419	73716624	14581
chr1	73702043	73902043	harbor2	chr1	73749850	73750168	LINE/L2	885	+	159	73750009	47966
chr1	73702043	73902043	harbor2	chr1	73781623	73782099	LINE/L2	671	+	238	73781861	79818
chr1	192878717	193078717	harbor2	chr1	192880091	192880260	LINE/L2	619	+	84	192880175	1458
chr1	192878717	193078717	harbor2	chr1	192902575	192902901	LINE/L2	439	+	163	192902738	24021
chr1	192878717	193078717	harbor2	chr1	192941462	192942007	LINE/L2	624	+	272	192941734	63017
chr1	192878717	193078717	harbor2	chr1	192945593	192946381	LINE/L2	487	+	394	192945987	67270
chr1	206211439	206411439	harbor2	chr1	206215604	206215974	LINE/L2	517	+	185	206215789	4350
chr1	206211439	206411439	harbor2	chr1	206248744	206249248	LINE/L2	1188	+	252	206248996	37557
chr1	206211439	206411439	harbor2	chr1	206249752	206249961	LINE/L2	1055	+	104	206249856	38417
chr1	206211439	206411439	harbor2	chr1	206282948	206283300	LINE/L2	505	+	176	206283124	71685
chr1	84421661	84621661	harbor2	chr1	84423379	84423848	LINE/L2	871	+	234	84423613	1952
chr1	84421661	84621661	harbor2	chr1	84439852	84440455	LINE/L2	1253	+	302	84440154	18493
chr1	84421661	84621661	harbor2	chr1	84458116	84458484	LINE/L2	428	+	184	84458300	36639
chr1	84421661	84621661	harbor2	chr1	84462136	84462394	LINE/L2	1203	+	129	84462265	40604
chr1	84421661	84621661	harbor2	chr1	84462728	84463281	LINE/L2	1203	+	276	84463004	41343
chr1	84421661	84621661	harbor2	chr1	84464478	84465028	LINE/L2	520	+	275	84464753	43092
chr1	84421661	84621661	harbor2	chr1	84477412	84478013	LINE/L2	2097	+	300	84477712	56051
chr1	84421661	84621661	harbor2	chr1	84478321	84478429	LINE/L2	2097	+	54	84478375	56714
chr1	84421661	84621661	harbor2	chr1	84478555	84478660	LINE/L2	595	+	52	84478607	56946
chr1	84421661	84621661	harbor2	chr1	84478882	84479033	LINE/L2	595	+	76	84478958	57297
chr1	84421661	84621661	harbor2	chr1	84516502	84516949	LINE/L2	1520	+	224	84516726	95065
chr1	84421661	84621661	harbor2	chr1	84516950	84517890	LINE/L2	2515	+	470	84517420	95759
chr1	84421661	84621661	harbor2	chr1	84518521	84518951	LINE/L2	666	+	215	84518736	97075
chr1	84421661	84621661	harbor2	chr1	84521352	84521843	LINE/L2	1520	+	246	84521598	99937
chr1	208454815	208654815	harbor2	chr1	208541915	208542515	LINE/L2	1524	+	300	208542215	87400
chr1	246157927	246357927	harbor2	chr1	246161355	246161610	LINE/L2	493	+	128	246161483	3556
chr1	238340873	238540873	harbor2	chr1	238404347	238405072	LINE/L2	2878	+	362	238404709	63836
chr1	238340873	238540873	harbor2	chr1	238420217	238420326	LINE/L2	409	+	54	238420271	79398
chr1	238340873	238540873	harbor2	chr1	238402998	238404065	LINE/L2	2878	+	534	238403532	62659
chr1	218004616	218204616	harbor2	chr1	218005751	218006249	LINE/L2	769	+	249	218006000	1384
chr1	218004616	218204616	harbor2	chr1	218048448	218048572	LINE/L2	565	+	62	218048510	43894
chr1	234711861	234911861	harbor2	chr1	234765553	234766030	LINE/L2	1264	+	238	234765791	53930
chr1	234711861	234911861	harbor2	chr1	234766755	234767161	LINE/L2	1264	+	203	234766958	55097
chr1	234711861	234911861	harbor2	chr1	234803252	234803657	LINE/L2	1646	+	202	234803454	91593
chr1	234711861	234911861	harbor2	chr1	234804084	234804888	LINE/L2	1646	+	402	234804486	92625
chr1	224298679	224498679	harbor2	chr1	224353655	224354247	LINE/L2	635	+	296	224353951	55272
chr1	248343681	248543681	harbor2	chr1	248429599	248430769	LINE/L2	1033	+	585	248430184	86503
chr1	177464328	177664328	harbor2	chr1	177513239	177513407	LINE/L2	448	+	84	177513323	48995
chr1	177464328	177664328	harbor2	chr1	177514951	177515773	LINE/L2	974	+	411	177515362	51034
chr1	177464328	177664328	harbor2	chr1	177516117	177516305	LINE/L2	455	+	94	177516211	51883
chr1	177464328	177664328	harbor2	chr1	177520932	177521374	LINE/L2	998	+	221	177521153	56825
chr1	177464328	177664328	harbor2	chr1	177526820	177527220	LINE/L2	1005	+	200	177527020	62692
chr1	177464328	177664328	harbor2	chr1	177562084	177562421	LINE/L2	752	+	168	177562252	97924
chr1	210687508	210887508	harbor2	chr1	210711457	210711844	LINE/L2	572	+	194	210711651	24143
chr1	210687508	210887508	harbor2	chr1	210737460	210738390	LINE/L2	1783	+	465	210737925	50417
chr1	210687508	210887508	harbor2	chr1	210773576	210773902	LINE/L2	417	+	163	210773739	86231
chr1	210687508	210887508	harbor2	chr1	210786439	210787509	LINE/L2	754	+	535	210786974	99466
chr1	202534924	202734924	harbor2	chr1	202615341	202615820	LINE/L2	525	+	240	202615581	80657
chr1	245323050	245523050	harbor2	chr1	245345217	245345533	LINE/L2	2540	+	158	245345375	22325
chr1	245323050	245523050	harbor2	chr1	245346285	245347301	LINE/L2	2540	+	508	245346793	23743
chr1	245323050	245523050	harbor2	chr1	245347614	245348357	LINE/L2	2540	+	372	245347986	24936
chr1	245323050	245523050	harbor2	chr1	245348722	245349164	LINE/L2	1056	+	221	245348943	25893
chr2	224224135	224424135	harbor2	chr2	224246003	224247171	LINE/L2	677	+	584	224246587	22452
chr2	224224135	224424135	harbor2	chr2	224280118	224280363	LINE/L2	508	+	122	224280240	56105
chr2	224224135	224424135	harbor2	chr2	224280648	224281022	LINE/L2	508	+	187	224280835	56700
chr2	188091667	188291667	harbor2	chr2	188143232	188143546	LINE/L2	516	+	157	188143389	51722
chr2	97739523	97939523	harbor2	chr2	97794776	97794903	LINE/L2	449	+	64	97794840	55317
chr2	97739523	97939523	harbor2	chr2	97831096	97831319	LINE/L2	700	+	112	97831208	91685
chr2	97739523	97939523	harbor2	chr2	97831316	97831440	LINE/L2	476	+	62	97831378	91855
chr2	218996117	219196117	harbor2	chr2	219011804	219011851	LINE/L2	496	+	24	219011828	15711
chr2	218996117	219196117	harbor2	chr2	219012230	219012384	LINE/L2	496	+	77	219012307	16190
chr2	218996117	219196117	harbor2	chr2	219090815	219091027	LINE/L2	458	+	106	219090921	94804
chr2	201502385	201702385	harbor2	chr2	201570674	201571157	LINE/L2	584	+	242	201570916	68531
chr2	148649890	148849890	harbor2	chr2	148650021	148650211	LINE/L2	569	+	95	148650116	226
chr2	148649890	148849890	harbor2	chr2	148692206	148692457	LINE/L2	541	+	126	148692332	42442
chr2	144946065	145146065	harbor2	chr2	144989022	144989569	LINE/L2	923	+	274	144989296	43231
chr2	144946065	145146065	harbor2	chr2	145038920	145039067	LINE/L2	537	+	74	145038994	92929
chr2	191063338	191263338	harbor2	chr2	191105130	191105362	LINE/L2	734	+	116	191105246	41908
chr2	191063338	191263338	harbor2	chr2	191129615	191129826	LINE/L2	585	+	106	191129721	66383
chr2	173845788	174045788	harbor2	chr2	173940629	173941326	LINE/L2	1256	+	348	173940977	95189
chr2	173845788	174045788	harbor2	chr2	173941616	173941781	LINE/L2	1256	+	82	173941698	95910
chr2	173845788	174045788	harbor2	chr2	173942585	173942765	LINE/L2	425	+	90	173942675	96887
chr2	173845788	174045788	harbor2	chr2	173943140	173943493	LINE/L2	821	+	176	173943316	97528
chr2	173845788	174045788	harbor2	chr2	173943630	173943776	LINE/L2	821	+	73	173943703	97915
chr2	173845788	174045788	harbor2	chr2	173944109	173944139	LINE/L2	766	+	15	173944124	98336
chr2	96700455	96900455	harbor2	chr2	96760117	96760270	LINE/L2	609	+	76	96760193	59738
chr2	96700455	96900455	harbor2	chr2	96766375	96766790	LINE/L2	1315	+	208	96766583	66128
chr2	179329043	179529043	harbor2	chr2	179340318	179340699	LINE/L2	657	+	190	179340508	11465
chr2	179329043	179529043	harbor2	chr2	179376148	179376418	LINE/L2	524	+	135	179376283	47240
chr2	179329043	179529043	harbor2	chr2	179378614	179379572	LINE/L2	980	+	479	179379093	50050
chr2	218432470	218632470	harbor2	chr2	218470177	218470738	LINE/L2	682	+	280	218470457	37987
chr2	218432470	218632470	harbor2	chr2	218471426	218471713	LINE/L2	589	+	144	218471570	39100
chr2	218432470	218632470	harbor2	chr2	218473028	218473206	LINE/L2	448	+	89	218473117	40647
chr2	154137434	154337434	harbor2	chr2	154157930	154158468	LINE/L2	802	+	269	154158199	20765
chr2	154137434	154337434	harbor2	chr2	154178953	154179335	LINE/L2	420	+	191	154179144	41710
chr2	154137434	154337434	harbor2	chr2	154203583	154204416	LINE/L2	576	+	416	154203999	66565
chr2	154137434	154337434	harbor2	chr2	154156956	154157385	LINE/L2	1066	+	214	154157170	19736
chr2	240485428	240685428	harbor2	chr2	240508463	240508752	LINE/L2	850	+	144	240508607	23179
chr2	228308760	228508760	harbor2	chr2	228312539	228314128	LINE/L2	3433	+	794	228313333	4573
chr2	228308760	228508760	harbor2	chr2	228316490	228316710	LINE/L2	403	+	110	228316600	7840
chr2	228308760	228508760	harbor2	chr2	228341504	228342313	LINE/L2	843	+	404	228341908	33148
chr2	189967004	190167004	harbor2	chr2	190003929	190004130	LINE/L2	703	+	100	190004029	37025
chr2	189967004	190167004	harbor2	chr2	190004287	190004492	LINE/L2	703	+	102	190004389	37385
chr2	171353917	171553917	harbor2	chr2	171427135	171427906	LINE/L2	1119	+	386	171427521	73604
chr2	201676087	201876087	harbor2	chr2	201678193	201678520	LINE/L2	3617	+	164	201678357	2270
chr2	201676087	201876087	harbor2	chr2	201678691	201679834	LINE/L2	3617	+	572	201679263	3176
chr2	201676087	201876087	harbor2	chr2	201679988	201680151	LINE/L2	531	+	82	201680070	3983
chr2	201676087	201876087	harbor2	chr2	201709139	201709478	LINE/L2	1194	+	170	201709309	33222
chr2	229281317	229481317	harbor2	chr2	229320883	229321305	LINE/L2	438	+	211	229321094	39777
chr2	229281317	229481317	harbor2	chr2	229321609	229321968	LINE/L2	438	+	180	229321789	40472
chr2	168617520	168817520	harbor2	chr2	168665534	168665763	LINE/L2	493	+	114	168665648	48128
chr2	168617520	168817520	harbor2	chr2	168670653	168670966	LINE/L2	887	+	156	168670809	53289
chr2	168617520	168817520	harbor2	chr2	168680443	168680574	LINE/L2	464	+	66	168680509	62989
chr2	168617520	168817520	harbor2	chr2	168680899	168681073	LINE/L2	464	+	87	168680986	63466
chr2	168617520	168817520	harbor2	chr2	168712683	168713172	LINE/L2	1119	+	244	168712927	95407
chr2	235579117	235779117	harbor2	chr2	235602418	235602701	LINE/L2	642	+	142	235602560	23443
chr2	235579117	235779117	harbor2	chr2	235603002	235603020	LINE/L2	642	+	9	235603011	23894
chr2	235579117	235779117	harbor2	chr2	235603381	235603519	LINE/L2	642	+	69	235603450	24333
chr2	235579117	235779117	harbor2	chr2	235620176	235620785	LINE/L2	462	+	304	235620480	41363
chr2	235579117	235779117	harbor2	chr2	235601872	235602072	LINE/L2	440	+	100	235601972	22855
chr2	234736652	234936652	harbor2	chr2	234737899	234738341	LINE/L2	527	+	221	234738120	1468
chr2	234736652	234936652	harbor2	chr2	234758093	234758578	LINE/L2	947	+	242	234758335	21683
chr2	234736652	234936652	harbor2	chr2	234800873	234801019	LINE/L2	592	+	73	234800946	64294
chr2	234736652	234936652	harbor2	chr2	234809669	234810312	LINE/L2	673	+	322	234809991	73339
chr2	234736652	234936652	harbor2	chr2	234821535	234821926	LINE/L2	509	+	196	234821731	85079
chr2	214641648	214841648	harbor2	chr2	214713703	214713831	LINE/L2	407	+	64	214713767	72119
chr2	234396660	234596660	harbor2	chr2	234436906	234437099	LINE/L2	470	+	96	234437002	40342
chr2	232266425	232466425	harbor2	chr2	232294918	232296264	LINE/L2	761	+	673	232295591	29166
chr2	232266425	232466425	harbor2	chr2	232298963	232299834	LINE/L2	718	+	436	232299399	32974
chr2	232266425	232466425	harbor2	chr2	232306917	232307264	LINE/L2	459	+	174	232307091	40666
chr2	213880953	214080953	harbor2	chr2	213941022	213941295	LINE/L2	555	+	136	213941158	60205
chr2	213880953	214080953	harbor2	chr2	213941632	213942489	LINE/L2	1434	+	428	213942060	61107
chr2	134937452	135137452	harbor2	chr2	134998546	134998699	LINE/L2	647	+	76	134998622	61170
chr2	199006957	199206957	harbor2	chr2	199038790	199038899	LINE/L2	785	+	54	199038844	31887
chr2	199006957	199206957	harbor2	chr2	199039281	199039504	LINE/L2	785	+	112	199039393	32436
chr2	199006957	199206957	harbor2	chr2	199042418	199043360	LINE/L2	576	+	471	199042889	35932
chr2	177353826	177553826	harbor2	chr2	177448356	177448642	LINE/L2	683	+	143	177448499	94673
chr2	197029951	197229951	harbor2	chr2	197096036	197096313	LINE/L2	422	+	138	197096174	66223
chr2	197029951	197229951	harbor2	chr2	197119953	197120299	LINE/L2	453	+	173	197120126	90175
chr2	132934362	133134362	harbor2	chr2	132956477	132957381	LINE/L2	1707	+	452	132956929	22567
chr2	132934362	133134362	harbor2	chr2	132958323	132958940	LINE/L2	602	+	308	132958631	24269
chr2	57469719	57669719	harbor2	chr2	57515500	57515644	LINE/L2	450	+	72	57515572	45853
chr2	220743709	220943709	harbor2	chr2	220810395	220810628	LINE/L2	440	+	116	220810511	66802
chr2	220743709	220943709	harbor2	chr2	220811124	220811272	LINE/L2	440	+	74	220811198	67489
chr2	220743709	220943709	harbor2	chr2	220842511	220842775	LINE/L2	468	+	132	220842643	98934
chr2	13955983	14155983	harbor2	chr2	14041158	14041775	LINE/L2	413	+	308	14041466	85483
chr2	203777634	203977634	harbor2	chr2	203809440	203809675	LINE/L2	777	+	118	203809558	31924
chr2	203777634	203977634	harbor2	chr2	203835100	203835627	LINE/L2	1004	+	264	203835364	57730
chr2	157174367	157374367	harbor2	chr2	157185957	157186268	LINE/L2	725	+	156	157186113	11746
chr2	157174367	157374367	harbor2	chr2	157238796	157239097	LINE/L2	462	+	150	157238946	64579
chr2	225205974	225405974	harbor2	chr2	225237574	225237937	LINE/L2	626	+	182	225237756	31782
chr2	225205974	225405974	harbor2	chr2	225238609	225239206	LINE/L2	446	+	298	225238907	32933
chr2	180190418	180390418	harbor2	chr2	180194991	180195385	LINE/L2	487	+	197	180195188	4770
chr2	180190418	180390418	harbor2	chr2	180264179	180264659	LINE/L2	708	+	240	180264419	74001
chr2	180190418	180390418	harbor2	chr2	180266283	180266409	LINE/L2	444	+	63	180266346	75928
chr2	180190418	180390418	harbor2	chr2	180266790	180267258	LINE/L2	937	+	234	180267024	76606
chr2	180190418	180390418	harbor2	chr2	180267258	180267469	LINE/L2	456	+	106	180267364	76946
chr2	210938248	211138248	harbor2	chr2	210969146	210969388	LINE/L2	624	+	121	210969267	31019
chr2	214228839	214428839	harbor2	chr2	214270504	214271027	LINE/L2	468	+	262	214270766	41927
chr2	235445541	235645541	harbor2	chr2	235489077	235489194	LINE/L2	442	+	58	235489135	43594
chr2	124433387	124633387	harbor2	chr2	124475331	124475485	LINE/L2	426	+	77	124475408	42021
chr2	226416283	226616283	harbor2	chr2	226465348	226465613	LINE/L2	755	+	132	226465480	49197
chr2	226416283	226616283	harbor2	chr2	226466173	226467862	LINE/L2	3610	+	844	226467017	50734
chr2	226416283	226616283	harbor2	chr2	226474175	226474841	LINE/L2	614	+	333	226474508	58225
chr2	223711393	223911393	harbor2	chr2	223809065	223809362	LINE/L2	443	+	148	223809213	97820
chr2	223711393	223911393	harbor2	chr2	223809666	223809724	LINE/L2	442	+	29	223809695	98302
chr2	72744643	72944643	harbor2	chr2	72747708	72748020	LINE/L2	555	+	156	72747864	3221
chr2	72744643	72944643	harbor2	chr2	72752525	72752537	LINE/L2	542	+	6	72752531	7888
chr2	72744643	72944643	harbor2	chr2	72752572	72753123	LINE/L2	542	+	276	72752848	8205
chr2	72744643	72944643	harbor2	chr2	72753263	72753523	LINE/L2	542	+	130	72753393	8750
chr2	72744643	72944643	harbor2	chr2	72796496	72796617	LINE/L2	428	+	60	72796556	51913
chr2	72744643	72944643	harbor2	chr2	72817665	72817984	LINE/L2	963	+	160	72817825	73182
chr2	72744643	72944643	harbor2	chr2	72818595	72819129	LINE/L2	963	+	267	72818862	74219
chr2	72744643	72944643	harbor2	chr2	72842886	72843088	LINE/L2	621	+	101	72842987	98344
chr2	229317158	229517158	harbor2	chr2	229320883	229321305	LINE/L2	438	+	211	229321094	3936
chr2	229317158	229517158	harbor2	chr2	229321609	229321968	LINE/L2	438	+	180	229321789	4631
chr2	241108461	241308461	harbor2	chr2	241133119	241133346	LINE/L2	451	+	114	241133233	24772
chr2	228801323	229001323	harbor2	chr2	228834806	228835124	LINE/L2	674	+	159	228834965	33642
chr2	228801323	229001323	harbor2	chr2	228877866	228878021	LINE/L2	470	+	78	228877944	76621
chr2	228801323	229001323	harbor2	chr2	228878054	228878702	LINE/L2	1149	+	324	228878378	77055
chr2	238482499	238682499	harbor2	chr2	238576061	238576769	LINE/L2	1556	+	354	238576415	93916
chr2	222917583	223117583	harbor2	chr2	222959003	222959251	LINE/L2	865	+	124	222959127	41544
chr2	222917583	223117583	harbor2	chr2	222959750	222960556	LINE/L2	865	+	403	222960153	42570
chr2	222917583	223117583	harbor2	chr2	222961429	222961463	LINE/L2	865	+	17	222961446	43863
chr2	222917583	223117583	harbor2	chr2	222920549	222921146	LINE/L2	1145	+	298	222920847	3264
chr2	190765097	190965097	harbor2	chr2	190809726	190810028	LINE/L2	719	+	151	190809877	44780
chr2	190765097	190965097	harbor2	chr2	190835719	190836025	LINE/L2	725	+	153	190835872	70775
chr2	141673041	141873041	harbor2	chr2	141691781	141692576	LINE/L2	462	+	398	141692179	19138
chr2	177490086	177690086	harbor2	chr2	177524587	177524837	LINE/L2	653	+	125	177524712	34626
chr2	177490086	177690086	harbor2	chr2	177528023	177528175	LINE/L2	503	+	76	177528099	38013
chr2	177490086	177690086	harbor2	chr2	177528188	177528610	LINE/L2	582	+	211	177528399	38313
chr2	49297297	49497297	harbor2	chr2	49354179	49354624	LINE/L2	817	+	222	49354401	57104
chr2	49297297	49497297	harbor2	chr2	49385312	49385543	LINE/L2	604	+	116	49385428	88131
chr2	209531007	209731007	harbor2	chr2	209597376	209597702	LINE/L2	413	+	163	209597539	66532
chr2	209531007	209731007	harbor2	chr2	209628465	209628766	LINE/L2	548	+	150	209628615	97608
chr2	175515290	175715290	harbor2	chr2	175534502	175534722	LINE/L2	438	+	110	175534612	19322
chr2	175515290	175715290	harbor2	chr2	175584061	175584321	LINE/L2	454	+	130	175584191	68901
chr2	84989646	85189646	harbor2	chr2	85021049	85021164	LINE/L2	477	+	58	85021107	31461
chr2	84989646	85189646	harbor2	chr2	85063062	85063643	LINE/L2	888	+	290	85063352	73706
chr2	84989646	85189646	harbor2	chr2	85063873	85063935	LINE/L2	557	+	31	85063904	74258
chr2	84989646	85189646	harbor2	chr2	85063978	85064089	LINE/L2	557	+	56	85064034	74388
chr2	149596618	149796618	harbor2	chr2	149605607	149605893	LINE/L2	727	+	143	149605750	9132
chr2	215840333	216040333	harbor2	chr2	215889889	215890251	LINE/L2	620	+	181	215890070	49737
chr2	215840333	216040333	harbor2	chr2	215890556	215890841	LINE/L2	620	+	142	215890698	50365
chr2	215840333	216040333	harbor2	chr2	215898576	215898903	LINE/L2	656	+	164	215898740	58407
chr2	215840333	216040333	harbor2	chr2	215929599	215930346	LINE/L2	508	+	374	215929973	89640
chr2	215840333	216040333	harbor2	chr2	215842494	215843477	LINE/L2	2247	+	492	215842986	2653
chr2	233170747	233370747	harbor2	chr2	233197467	233197943	LINE/L2	558	+	238	233197705	26958
chr2	233170747	233370747	harbor2	chr2	233232548	233232647	LINE/L2	684	+	50	233232598	61851
chr2	233170747	233370747	harbor2	chr2	233232950	233233110	LINE/L2	684	+	80	233233030	62283
chr2	233170747	233370747	harbor2	chr2	233262185	233262821	LINE/L2	877	+	318	233262503	91756
chr2	197048463	197248463	harbor2	chr2	197096036	197096313	LINE/L2	422	+	138	197096174	47711
chr2	197048463	197248463	harbor2	chr2	197119953	197120299	LINE/L2	453	+	173	197120126	71663
chr2	127462755	127662755	harbor2	chr2	127522129	127522576	LINE/L2	881	+	224	127522353	59598
chr2	127462755	127662755	harbor2	chr2	127524089	127524269	LINE/L2	468	+	90	127524179	61424
chr2	195318620	195518620	harbor2	chr2	195343712	195343859	LINE/L2	411	+	74	195343786	25166
chr2	195318620	195518620	harbor2	chr2	195406118	195406323	LINE/L2	674	+	102	195406220	87600
chr2	192071854	192271854	harbor2	chr2	192163951	192164447	LINE/L2	797	+	248	192164199	92345
chr2	192071854	192271854	harbor2	chr2	192164744	192164878	LINE/L2	520	+	67	192164811	92957
chr2	192071854	192271854	harbor2	chr2	192171354	192171916	LINE/L2	834	+	281	192171635	99781
chr2	192071854	192271854	harbor2	chr2	192102307	192102617	LINE/L2	436	+	155	192102462	30608
chr2	223624939	223824939	harbor2	chr2	223637289	223637506	LINE/L2	816	+	108	223637397	12458
chr2	223624939	223824939	harbor2	chr2	223654943	223655504	LINE/L2	537	+	280	223655223	30284
chr2	223624939	223824939	harbor2	chr2	223656607	223656974	LINE/L2	450	+	184	223656791	31852
chr2	223624939	223824939	harbor2	chr2	223670092	223670539	LINE/L2	604	+	224	223670316	45377
chr2	223624939	223824939	harbor2	chr2	223670706	223670910	LINE/L2	604	+	102	223670808	45869
chr2	230038502	230238502	harbor2	chr2	230125873	230125997	LINE/L2	422	+	62	230125935	87433
chr2	207938153	208138153	harbor2	chr2	207944655	207944891	LINE/L2	440	+	118	207944773	6620
chr2	207938153	208138153	harbor2	chr2	207944899	207945260	LINE/L2	428	+	180	207945079	6926
chr2	207938153	208138153	harbor2	chr2	207978651	207979052	LINE/L2	434	+	200	207978851	40698
chr2	207938153	208138153	harbor2	chr2	207988773	207989092	LINE/L2	652	+	160	207988933	50780
chr2	207938153	208138153	harbor2	chr2	208004591	208004788	LINE/L2	431	+	98	208004689	66536
chr2	207938153	208138153	harbor2	chr2	208005647	208005845	LINE/L2	628	+	99	208005746	67593
chr2	207938153	208138153	harbor2	chr2	208017562	208018092	LINE/L2	451	+	265	208017827	79674
chr2	207938153	208138153	harbor2	chr2	208018402	208018888	LINE/L2	451	+	243	208018645	80492
chr2	207938153	208138153	harbor2	chr2	208019757	208019900	LINE/L2	624	+	72	208019829	81676
chr2	214947276	215147276	harbor2	chr2	214979208	214979767	LINE/L2	668	+	280	214979488	32212
chr2	169728161	169928161	harbor2	chr2	169771758	169771853	LINE/L2	422	+	48	169771806	43645
chr2	169728161	169928161	harbor2	chr2	169779609	169779800	LINE/L2	502	+	96	169779705	51544
chr2	169728161	169928161	harbor2	chr2	169794474	169794877	LINE/L2	845	+	202	169794676	66515
chr2	220648732	220848732	harbor2	chr2	220666323	220666493	LINE/L2	702	+	85	220666408	17676
chr2	220648732	220848732	harbor2	chr2	220666787	220666981	LINE/L2	702	+	97	220666884	18152
chr2	220648732	220848732	harbor2	chr2	220668595	220669423	LINE/L2	454	+	414	220669009	20277
chr2	220648732	220848732	harbor2	chr2	220689763	220689877	LINE/L2	490	+	57	220689820	41088
chr2	220648732	220848732	harbor2	chr2	220690216	220690452	LINE/L2	490	+	118	220690334	41602
chr2	187646878	187846878	harbor2	chr2	187689805	187690603	LINE/L2	1945	+	399	187690204	43326
chr2	187646878	187846878	harbor2	chr2	187690909	187691374	LINE/L2	1945	+	232	187691141	44263
chr2	187646878	187846878	harbor2	chr2	187691387	187691711	LINE/L2	770	+	162	187691549	44671
chr2	209097031	209297031	harbor2	chr2	209161556	209161843	LINE/L2	407	+	144	209161700	64669
chr2	209097031	209297031	harbor2	chr2	209190360	209190644	LINE/L2	422	+	142	209190502	93471
chr2	209097031	209297031	harbor2	chr2	209193569	209193877	LINE/L2	505	+	154	209193723	96692
chr2	231737676	231937676	harbor2	chr2	231789932	231790080	LINE/L2	419	+	74	231790006	52330
chr2	101324815	101524815	harbor2	chr2	101391574	101391655	LINE/L2	568	+	40	101391614	66799
chr2	101324815	101524815	harbor2	chr2	101391949	101392088	LINE/L2	568	+	70	101392019	67204
chr2	199135002	199335002	harbor2	chr2	199164243	199164486	LINE/L2	599	+	122	199164365	29363
chr2	199135002	199335002	harbor2	chr2	199208389	199208653	LINE/L2	458	+	132	199208521	73519
chr2	199135002	199335002	harbor2	chr2	199221298	199221439	LINE/L2	434	+	70	199221368	86366
chr2	199135002	199335002	harbor2	chr2	199163163	199164066	LINE/L2	599	+	452	199163615	28613
chr2	25668844	25868844	harbor2	chr2	25716642	25716953	LINE/L2	416	+	156	25716798	47954
chr2	170347697	170547697	harbor2	chr2	170349311	170349456	LINE/L2	514	+	72	170349383	1686
chr2	170347697	170547697	harbor2	chr2	170389715	170389964	LINE/L2	614	+	124	170389839	42142
chr2	170347697	170547697	harbor2	chr2	170415228	170415594	LINE/L2	1258	+	183	170415411	67714
chr2	170347697	170547697	harbor2	chr2	170416156	170416240	LINE/L2	465	+	42	170416198	68501
chr2	170347697	170547697	harbor2	chr2	170416544	170416818	LINE/L2	664	+	137	170416681	68984
chr2	170347697	170547697	harbor2	chr2	170417104	170417419	LINE/L2	664	+	158	170417262	69565
chr2	73635078	73835078	harbor2	chr2	73708953	73709224	LINE/L2	612	+	136	73709089	74011
chr2	220072649	220272649	harbor2	chr2	220084710	220085445	LINE/L2	678	+	368	220085078	12429
chr2	220072649	220272649	harbor2	chr2	220118005	220118482	LINE/L2	1139	+	238	220118243	45594
chr2	220072649	220272649	harbor2	chr2	220138962	220139327	LINE/L2	1255	+	182	220139144	66495
chr2	220072649	220272649	harbor2	chr2	220143179	220143330	LINE/L2	463	+	76	220143255	70606
chr2	195630835	195830835	harbor2	chr2	195729387	195729810	LINE/L2	1665	+	212	195729599	98764
chr2	195630835	195830835	harbor2	chr2	195730105	195730325	LINE/L2	1665	+	110	195730215	99380
chr2	211421627	211621627	harbor2	chr2	211450656	211450988	LINE/L2	902	+	166	211450822	29195
chr2	211421627	211621627	harbor2	chr2	211463772	211464309	LINE/L2	1415	+	268	211464040	42413
chr2	211421627	211621627	harbor2	chr2	211488338	211488486	LINE/L2	416	+	74	211488412	66785
chr2	211421627	211621627	harbor2	chr2	211496160	211496717	LINE/L2	1103	+	278	211496438	74811
chr2	211421627	211621627	harbor2	chr2	211496733	211497096	LINE/L2	604	+	182	211496915	75288
chr2	199218118	199418118	harbor2	chr2	199221298	199221439	LINE/L2	434	+	70	199221368	3250
chr2	140898307	141098307	harbor2	chr2	140986588	140986818	LINE/L2	406	+	115	140986703	88396
chr2	178124015	178324015	harbor2	chr2	178188464	178189264	LINE/L2	1352	+	400	178188864	64849
chr2	178124015	178324015	harbor2	chr2	178213117	178214169	LINE/L2	596	+	526	178213643	89628
chr2	123570999	123770999	harbor2	chr2	123654104	123654872	LINE/L2	438	+	384	123654488	83489
chr2	219826320	220026320	harbor2	chr2	219865690	219866184	LINE/L2	583	+	247	219865937	39617
chr2	219826320	220026320	harbor2	chr2	219866311	219866559	LINE/L2	406	+	124	219866435	40115
chr2	174899698	175099698	harbor2	chr2	174969171	174969281	LINE/L2	536	+	55	174969226	69528
chr2	174899698	175099698	harbor2	chr2	174969447	174969850	LINE/L2	998	+	202	174969649	69951
chr2	174899698	175099698	harbor2	chr2	174996654	174997146	LINE/L2	717	+	246	174996900	97202
chr2	141327226	141527226	harbor2	chr2	141331939	141332155	LINE/L2	483	+	108	141332047	4821
chr2	141327226	141527226	harbor2	chr2	141344220	141344772	LINE/L2	1153	+	276	141344496	17270
chr2	115472111	115672111	harbor2	chr2	115549372	115549842	LINE/L2	473	+	235	115549607	77496
chr2	115472111	115672111	harbor2	chr2	115561842	115562670	LINE/L2	1084	+	414	115562256	90145
chr2	228327938	228527938	harbor2	chr2	228341504	228342313	LINE/L2	843	+	404	228341908	13970
chr2	228327938	228527938	harbor2	chr2	228411288	228411623	LINE/L2	793	+	168	228411456	83518
chr2	133457274	133657274	harbor2	chr2	133493486	133493578	LINE/L2	404	+	46	133493532	36258
chr2	142280076	142480076	harbor2	chr2	142298498	142298774	LINE/L2	524	+	138	142298636	18560
chr2	217110449	217310449	harbor2	chr2	217154128	217154732	LINE/L2	454	+	302	217154430	43981
chr2	217110449	217310449	harbor2	chr2	217179959	217180395	LINE/L2	427	+	218	217180177	69728
chr2	217110449	217310449	harbor2	chr2	217191005	217191811	LINE/L2	580	+	403	217191408	80959
chr2	208269806	208469806	harbor2	chr2	208283247	208283403	LINE/L2	431	+	78	208283325	13519
chr2	208269806	208469806	harbor2	chr2	208286120	208286231	LINE/L2	467	+	56	208286176	16370
chr2	208269806	208469806	harbor2	chr2	208334120	208334819	LINE/L2	1579	+	350	208334470	64664
chr2	200856643	201056643	harbor2	chr2	200888139	200888442	LINE/L2	544	+	152	200888291	31648
chr2	200856643	201056643	harbor2	chr2	200911764	200912420	LINE/L2	1044	+	328	200912092	55449
chr2	200856643	201056643	harbor2	chr2	200912720	200913010	LINE/L2	1044	+	145	200912865	56222
chr2	178161413	178361413	harbor2	chr2	178188464	178189264	LINE/L2	1352	+	400	178188864	27451
chr2	178161413	178361413	harbor2	chr2	178213117	178214169	LINE/L2	596	+	526	178213643	52230
chr2	178161413	178361413	harbor2	chr2	178243342	178243647	LINE/L2	585	+	152	178243494	82081
chr2	178161413	178361413	harbor2	chr2	178243951	178244526	LINE/L2	691	+	288	178244239	82826
chr2	178161413	178361413	harbor2	chr2	178250164	178250953	LINE/L2	493	+	394	178250558	89145
chr2	230188101	230388101	harbor2	chr2	230207486	230207991	LINE/L2	773	+	252	230207738	19637
chr2	230188101	230388101	harbor2	chr2	230242557	230243091	LINE/L2	466	+	267	230242824	54723
chr2	230188101	230388101	harbor2	chr2	230247112	230247640	LINE/L2	575	+	264	230247376	59275
chr2	231803450	232003450	harbor2	chr2	231882474	231882722	LINE/L2	474	+	124	231882598	79148
chr2	145008898	145208898	harbor2	chr2	145038920	145039067	LINE/L2	537	+	74	145038994	30096
chr2	145008898	145208898	harbor2	chr2	145077345	145077789	LINE/L2	1207	+	222	145077567	68669
chr2	145008898	145208898	harbor2	chr2	145078080	145078917	LINE/L2	1207	+	418	145078498	69600
chr2	230141723	230341723	harbor2	chr2	230186343	230186458	LINE/L2	434	+	58	230186401	44678
chr2	230141723	230341723	harbor2	chr2	230207486	230207991	LINE/L2	773	+	252	230207738	66015
chr2	95570265	95770265	harbor2	chr2	95646064	95646370	LINE/L2	1102	+	153	95646217	75952
chr2	149577102	149777102	harbor2	chr2	149605607	149605893	LINE/L2	727	+	143	149605750	28648
chr2	150982019	151182019	harbor2	chr2	151047650	151047787	LINE/L2	430	+	68	151047718	65699
chr2	150982019	151182019	harbor2	chr2	151064481	151065084	LINE/L2	1056	+	302	151064783	82764
chr2	150982019	151182019	harbor2	chr2	151072211	151072491	LINE/L2	664	+	140	151072351	90332
chr2	173003780	173203780	harbor2	chr2	173019705	173020083	LINE/L2	758	+	189	173019894	16114
chr2	173003780	173203780	harbor2	chr2	173041694	173042180	LINE/L2	407	+	243	173041937	38157
chr2	173003780	173203780	harbor2	chr2	173072308	173072657	LINE/L2	740	+	174	173072482	68702
chr2	228104609	228304609	harbor2	chr2	228143808	228144440	LINE/L2	1365	+	316	228144124	39515
chr2	148151022	148351022	harbor2	chr2	148156278	148156632	LINE/L2	616	+	177	148156455	5433
chr2	148151022	148351022	harbor2	chr2	148200083	148200285	LINE/L2	542	+	101	148200184	49162
chr2	141207846	141407846	harbor2	chr2	141230271	141230944	LINE/L2	1350	+	336	141230607	22761
chr2	141207846	141407846	harbor2	chr2	141255569	141255895	LINE/L2	778	+	163	141255732	47886
chr2	217681055	217881055	harbor2	chr2	217690218	217690743	LINE/L2	729	+	262	217690480	9425
chr2	217681055	217881055	harbor2	chr2	217735308	217735961	LINE/L2	1140	+	326	217735634	54579
chr2	217681055	217881055	harbor2	chr2	217746265	217746908	LINE/L2	470	+	322	217746587	65532
chr2	174735903	174935903	harbor2	chr2	174771191	174771393	LINE/L2	510	+	101	174771292	35389
chr2	239223067	239423067	harbor2	chr2	239223960	239224428	LINE/L2	693	+	234	239224194	1127
chr2	239223067	239423067	harbor2	chr2	239224465	239224771	LINE/L2	437	+	153	239224618	1551
chr2	131964762	132164762	harbor2	chr2	131971719	131972038	LINE/L2	881	+	160	131971879	7117
chr2	131964762	132164762	harbor2	chr2	132018285	132018628	LINE/L2	453	+	172	132018457	53695
chr2	131964762	132164762	harbor2	chr2	132041220	132041566	LINE/L2	516	+	173	132041393	76631
chr2	225089496	225289496	harbor2	chr2	225089541	225089661	LINE/L2	496	+	60	225089601	105
chr2	225089496	225289496	harbor2	chr2	225147540	225148300	LINE/L2	2143	+	380	225147920	58424
chr2	225089496	225289496	harbor2	chr2	225183945	225184089	LINE/L2	407	+	72	225184017	94521
chr2	225089496	225289496	harbor2	chr2	225184402	225184526	LINE/L2	407	+	62	225184464	94968
chr2	225089496	225289496	harbor2	chr2	225148781	225149367	LINE/L2	1234	+	293	225149074	59578
chr2	142599861	142799861	harbor2	chr2	142687319	142687513	LINE/L2	563	+	97	142687416	87555
chr2	151993138	152193138	harbor2	chr2	152026117	152026276	LINE/L2	453	+	80	152026197	33059
chr2	151993138	152193138	harbor2	chr2	152041873	152041999	LINE/L2	426	+	63	152041936	48798
chr2	43066399	43266399	harbor2	chr2	43066789	43066870	LINE/L2	459	+	40	43066829	430
chr2	43066399	43266399	harbor2	chr2	43067176	43067373	LINE/L2	459	+	98	43067274	875
chr2	43066399	43266399	harbor2	chr2	43104260	43104391	LINE/L2	472	+	66	43104326	37927
chr2	43066399	43266399	harbor2	chr2	43114632	43115513	LINE/L2	875	+	440	43115072	48673
chr2	43066399	43266399	harbor2	chr2	43137290	43137984	LINE/L2	1226	+	347	43137637	71238
chr2	43066399	43266399	harbor2	chr2	43153351	43153480	LINE/L2	463	+	64	43153415	87016
chr2	209610584	209810584	harbor2	chr2	209628465	209628766	LINE/L2	548	+	150	209628615	18031
chr2	191225204	191425204	harbor2	chr2	191308516	191309984	LINE/L2	1913	+	734	191309250	84046
chr2	189716195	189916195	harbor2	chr2	189724454	189724604	LINE/L2	426	+	75	189724529	8334
chr2	138403142	138603142	harbor2	chr2	138439333	138439418	LINE/L2	411	+	42	138439375	36233
chr2	138403142	138603142	harbor2	chr2	138440538	138441381	LINE/L2	1761	+	422	138440960	37818
chr2	138403142	138603142	harbor2	chr2	138468049	138469041	LINE/L2	2834	+	496	138468545	65403
chr2	138403142	138603142	harbor2	chr2	138486914	138487286	LINE/L2	1298	+	186	138487100	83958
chr2	138403142	138603142	harbor2	chr2	138487284	138487534	LINE/L2	713	+	125	138487409	84267
chr2	138403142	138603142	harbor2	chr2	138487541	138488335	LINE/L2	2220	+	397	138487938	84796
chr2	162607381	162807381	harbor2	chr2	162650494	162650850	LINE/L2	521	+	178	162650672	43291
chr2	162607381	162807381	harbor2	chr2	162666197	162667007	LINE/L2	610	+	405	162666602	59221
chr2	162607381	162807381	harbor2	chr2	162667319	162667334	LINE/L2	610	+	8	162667327	59946
chr2	162607381	162807381	harbor2	chr2	162667320	162667952	LINE/L2	696	+	316	162667636	60255
chr2	205344147	205544147	harbor2	chr2	205394422	205394531	LINE/L2	649	+	54	205394476	50329
chr2	205344147	205544147	harbor2	chr2	205395026	205395560	LINE/L2	649	+	267	205395293	51146
chr2	205344147	205544147	harbor2	chr2	205395966	205396421	LINE/L2	473	+	228	205396194	52047
chr2	205344147	205544147	harbor2	chr2	205432162	205432639	LINE/L2	1115	+	238	205432400	88253
chr2	217835737	218035737	harbor2	chr2	217842023	217842237	LINE/L2	456	+	107	217842130	6393
chr2	217835737	218035737	harbor2	chr2	217842555	217842847	LINE/L2	783	+	146	217842701	6964
chr2	217835737	218035737	harbor2	chr2	217843106	217844464	LINE/L2	935	+	679	217843785	8048
chr2	217835737	218035737	harbor2	chr2	217847116	217847314	LINE/L2	457	+	99	217847215	11478
chr2	217835737	218035737	harbor2	chr2	217867619	217868121	LINE/L2	1501	+	251	217867870	32133
chr2	217835737	218035737	harbor2	chr2	217884533	217884716	LINE/L2	415	+	92	217884625	48888
chr2	217835737	218035737	harbor2	chr2	217889467	217889798	LINE/L2	511	+	166	217889633	53896
chr2	217835737	218035737	harbor2	chr2	217890157	217890446	LINE/L2	623	+	144	217890301	54564
chr2	217835737	218035737	harbor2	chr2	217891597	217892097	LINE/L2	556	+	250	217891847	56110
chr2	217835737	218035737	harbor2	chr2	217892402	217892423	LINE/L2	556	+	10	217892412	56675
chr2	217835737	218035737	harbor2	chr2	217924035	217924550	LINE/L2	802	+	258	217924293	88556
chr2	217835737	218035737	harbor2	chr2	217929665	217930122	LINE/L2	462	+	228	217929893	94156
chr2	224856958	225056958	harbor2	chr2	224870465	224870815	LINE/L2	915	+	175	224870640	13682
chr2	224856958	225056958	harbor2	chr2	224871127	224872045	LINE/L2	915	+	459	224871586	14628
chr2	224856958	225056958	harbor2	chr2	224876504	224876985	LINE/L2	702	+	240	224876744	19786
chr2	224856958	225056958	harbor2	chr2	224884924	224884989	LINE/L2	498	+	32	224884956	27998
chr2	224856958	225056958	harbor2	chr2	224885300	224885618	LINE/L2	498	+	159	224885459	28501
chr2	224856958	225056958	harbor2	chr2	224894793	224895204	LINE/L2	486	+	206	224894999	38041
chr2	224856958	225056958	harbor2	chr2	224928972	224929371	LINE/L2	624	+	200	224929172	72214
chr2	224856958	225056958	harbor2	chr2	224947614	224947919	LINE/L2	553	+	152	224947766	90808
chr2	80661486	80861486	harbor2	chr2	80743012	80743464	LINE/L2	484	+	226	80743238	81752
chr2	80661486	80861486	harbor2	chr2	80743541	80743609	LINE/L2	484	+	34	80743575	82089
chr2	73432808	73632808	harbor2	chr2	73442736	73443715	LINE/L2	717	+	490	73443226	10418
chr2	73432808	73632808	harbor2	chr2	73446963	73447129	LINE/L2	627	+	83	73447046	14238
chr2	148756488	148956488	harbor2	chr2	148795649	148796660	LINE/L2	1139	+	506	148796155	39667
chr2	148756488	148956488	harbor2	chr2	148798409	148798925	LINE/L2	664	+	258	148798667	42179
chr2	148756488	148956488	harbor2	chr2	148835708	148836272	LINE/L2	489	+	282	148835990	79502
chr2	148756488	148956488	harbor2	chr2	148854303	148854434	LINE/L2	595	+	66	148854369	97881
chr2	76765084	76965084	harbor2	chr2	76809346	76810186	LINE/L2	932	+	420	76809766	44682
chr2	152751904	152951904	harbor2	chr2	152822786	152823134	LINE/L2	446	+	174	152822960	71056
chr2	155578211	155778211	harbor2	chr2	155625915	155626283	LINE/L2	568	+	184	155626099	47888
chr2	181856323	182056323	harbor2	chr2	181878613	181879449	LINE/L2	2343	+	418	181879031	22708
chr2	178194991	178394991	harbor2	chr2	178213117	178214169	LINE/L2	596	+	526	178213643	18652
chr2	178194991	178394991	harbor2	chr2	178243342	178243647	LINE/L2	585	+	152	178243494	48503
chr2	178194991	178394991	harbor2	chr2	178243951	178244526	LINE/L2	691	+	288	178244239	49248
chr2	178194991	178394991	harbor2	chr2	178250164	178250953	LINE/L2	493	+	394	178250558	55567
chr3	135737425	135937425	harbor2	chr3	135754438	135754621	LINE/L2	505	+	92	135754530	17105
chr3	157350228	157550228	harbor2	chr3	157353693	157353916	LINE/L2	818	+	112	157353805	3577
chr3	157350228	157550228	harbor2	chr3	157354382	157354815	LINE/L2	685	+	216	157354598	4370
chr3	157350228	157550228	harbor2	chr3	157354964	157355340	LINE/L2	409	+	188	157355152	4924
chr3	157350228	157550228	harbor2	chr3	157405502	157405895	LINE/L2	568	+	196	157405698	55470
chr3	157350228	157550228	harbor2	chr3	157415663	157416148	LINE/L2	499	+	242	157415905	65677
chr3	159804571	160004571	harbor2	chr3	159816718	159817147	LINE/L2	735	+	214	159816932	12361
chr3	159804571	160004571	harbor2	chr3	159842397	159842707	LINE/L2	675	+	155	159842552	37981
chr3	159804571	160004571	harbor2	chr3	159842875	159842993	LINE/L2	626	+	59	159842934	38363
chr3	159804571	160004571	harbor2	chr3	159843299	159843476	LINE/L2	626	+	88	159843387	38816
chr3	159804571	160004571	harbor2	chr3	159845122	159845376	LINE/L2	475	+	127	159845249	40678
chr3	159804571	160004571	harbor2	chr3	159845682	159845781	LINE/L2	475	+	50	159845732	41161
chr3	159804571	160004571	harbor2	chr3	159871249	159871546	LINE/L2	686	+	148	159871397	66826
chr3	159804571	160004571	harbor2	chr3	159894491	159894710	LINE/L2	467	+	110	159894601	90030
chr3	55922194	56122194	harbor2	chr3	55932455	55932609	LINE/L2	562	+	77	55932532	10338
chr3	55922194	56122194	harbor2	chr3	55960053	55960239	LINE/L2	579	+	93	55960146	37952
chr3	55922194	56122194	harbor2	chr3	56017409	56017879	LINE/L2	904	+	235	56017644	95450
chr3	167855307	168055307	harbor2	chr3	167872791	167872958	LINE/L2	429	+	84	167872875	17568
chr3	167855307	168055307	harbor2	chr3	167882831	167882964	LINE/L2	462	+	66	167882897	27590
chr3	167855307	168055307	harbor2	chr3	167884473	167885185	LINE/L2	612	+	356	167884829	29522
chr3	167855307	168055307	harbor2	chr3	167885346	167885755	LINE/L2	566	+	204	167885550	30243
chr3	114928816	115128816	harbor2	chr3	114969064	114969233	LINE/L2	447	+	84	114969148	40332
chr3	114928816	115128816	harbor2	chr3	114975793	114975963	LINE/L2	608	+	85	114975878	47062
chr3	114928816	115128816	harbor2	chr3	114984870	114985261	LINE/L2	589	+	196	114985066	56250
chr3	114928816	115128816	harbor2	chr3	115007492	115008346	LINE/L2	707	+	427	115007919	79103
chr3	114928816	115128816	harbor2	chr3	114933628	114933935	LINE/L2	409	+	154	114933782	4966
chr3	198026190	198226190	harbor2	chr3	198057168	198057341	LINE/L2	434	+	86	198057254	31064
chr3	198026190	198226190	harbor2	chr3	198073074	198073201	LINE/L2	399	+	64	198073138	46948
chr3	196283785	196483785	harbor2	chr3	196293164	196293318	LINE/L2	529	+	77	196293241	9456
chr3	151071040	151271040	harbor2	chr3	151105327	151106208	LINE/L2	809	+	440	151105767	34727
chr3	151071040	151271040	harbor2	chr3	151128139	151128923	LINE/L2	930	+	392	151128531	57491
chr3	151071040	151271040	harbor2	chr3	151130088	151130595	LINE/L2	958	+	254	151130342	59302
chr3	151071040	151271040	harbor2	chr3	151130628	151131001	LINE/L2	707	+	186	151130814	59774
chr3	194279864	194479864	harbor2	chr3	194311892	194312047	LINE/L2	481	+	78	194311970	32106
chr3	194279864	194479864	harbor2	chr3	194312355	194312448	LINE/L2	481	+	46	194312401	32537
chr3	77365189	77565189	harbor2	chr3	77433463	77433486	LINE/L2	580	+	12	77433475	68286
chr3	77365189	77565189	harbor2	chr3	77433520	77434177	LINE/L2	580	+	328	77433848	68659
chr3	187273367	187473367	harbor2	chr3	187275956	187276431	LINE/L2	1232	+	238	187276194	2827
chr3	187273367	187473367	harbor2	chr3	187304601	187304979	LINE/L2	937	+	189	187304790	31423
chr3	187273367	187473367	harbor2	chr3	187321826	187322142	LINE/L2	870	+	158	187321984	48617
chr3	189944963	190144963	harbor2	chr3	189959983	189960462	LINE/L2	934	+	240	189960223	15260
chr3	189944963	190144963	harbor2	chr3	190012306	190012510	LINE/L2	500	+	102	190012408	67445
chr3	150526410	150726410	harbor2	chr3	150548105	150548517	LINE/L2	575	+	206	150548311	21901
chr3	150526410	150726410	harbor2	chr3	150550982	150551390	LINE/L2	395	+	204	150551186	24776
chr3	150526410	150726410	harbor2	chr3	150625101	150625556	LINE/L2	492	+	228	150625329	98919
chr3	193056224	193256224	harbor2	chr3	193130963	193131504	LINE/L2	536	+	270	193131233	75009
chr3	89942464	90142464	harbor2	chr3	89965737	89966011	LINE/L2	1484	+	137	89965874	23410
chr3	89942464	90142464	harbor2	chr3	90025322	90025962	LINE/L2	664	+	320	90025642	83178
chr3	89942464	90142464	harbor2	chr3	89964310	89965053	LINE/L2	1484	+	372	89964682	22218
chr3	168263475	168463475	harbor2	chr3	168276313	168277079	LINE/L2	1302	+	383	168276696	13221
chr3	168263475	168463475	harbor2	chr3	168339341	168339630	LINE/L2	809	+	144	168339485	76010
chr3	168263475	168463475	harbor2	chr3	168345922	168346847	LINE/L2	1779	+	462	168346384	82909
chr3	169137252	169337252	harbor2	chr3	169154288	169154423	LINE/L2	418	+	68	169154356	17104
chr3	169137252	169337252	harbor2	chr3	169211485	169212384	LINE/L2	1290	+	450	169211935	74683
chr3	169137252	169337252	harbor2	chr3	169212722	169213259	LINE/L2	492	+	268	169212990	75738
chr3	169137252	169337252	harbor2	chr3	169220348	169220469	LINE/L2	923	+	60	169220408	83156
chr3	169137252	169337252	harbor2	chr3	169220772	169220944	LINE/L2	923	+	86	169220858	83606
chr3	129380109	129580109	harbor2	chr3	129410619	129410782	LINE/L2	512	+	82	129410701	30592
chr3	129380109	129580109	harbor2	chr3	129412509	129412809	LINE/L2	559	+	150	129412659	32550
chr3	129380109	129580109	harbor2	chr3	129412812	129412928	LINE/L2	400	+	58	129412870	32761
chr3	129380109	129580109	harbor2	chr3	129422893	129423036	LINE/L2	500	+	72	129422965	42856
chr3	129380109	129580109	harbor2	chr3	129423769	129424204	LINE/L2	594	+	218	129423987	43878
chr3	129380109	129580109	harbor2	chr3	129425172	129425629	LINE/L2	460	+	228	129425400	45291
chr3	129380109	129580109	harbor2	chr3	129426056	129426349	LINE/L2	486	+	146	129426202	46093
chr3	129380109	129580109	harbor2	chr3	129427289	129427453	LINE/L2	486	+	82	129427371	47262
chr3	129380109	129580109	harbor2	chr3	129448001	129448154	LINE/L2	403	+	76	129448077	67968
chr3	129380109	129580109	harbor2	chr3	129449157	129449220	LINE/L2	403	+	32	129449189	69080
chr3	129380109	129580109	harbor2	chr3	129449396	129449528	LINE/L2	403	+	66	129449462	69353
chr3	129380109	129580109	harbor2	chr3	129457237	129457612	LINE/L2	688	+	188	129457425	77316
chr3	129380109	129580109	harbor2	chr3	129458190	129458412	LINE/L2	688	+	111	129458301	78192
chr3	129380109	129580109	harbor2	chr3	129459061	129459283	LINE/L2	450	+	111	129459172	79063
chr3	129380109	129580109	harbor2	chr3	129459522	129459587	LINE/L2	450	+	32	129459554	79445
chr3	26115753	26315753	harbor2	chr3	26190740	26190991	LINE/L2	468	+	126	26190866	75113
chr3	26115753	26315753	harbor2	chr3	26191248	26192061	LINE/L2	1295	+	406	26191654	75901
chr3	145842706	146042706	harbor2	chr3	145902348	145902668	LINE/L2	523	+	160	145902508	59802
chr3	165833534	166033534	harbor2	chr3	165884388	165884685	LINE/L2	691	+	148	165884536	51002
chr3	165833534	166033534	harbor2	chr3	165894222	165894619	LINE/L2	420	+	198	165894420	60886
chr3	137121287	137321287	harbor2	chr3	137122698	137122759	LINE/L2	391	+	30	137122728	1441
chr3	137121287	137321287	harbor2	chr3	137123149	137123255	LINE/L2	391	+	53	137123202	1915
chr3	137121287	137321287	harbor2	chr3	137149090	137149648	LINE/L2	1031	+	279	137149369	28082
chr3	137121287	137321287	harbor2	chr3	137149959	137150177	LINE/L2	1031	+	109	137150068	28781
chr3	137121287	137321287	harbor2	chr3	137202956	137203639	LINE/L2	798	+	342	137203298	82011
chr3	186785198	186985198	harbor2	chr3	186805806	186805890	LINE/L2	449	+	42	186805848	20650
chr3	197809322	198009322	harbor2	chr3	197848588	197848754	LINE/L2	592	+	83	197848671	39349
chr3	197809322	198009322	harbor2	chr3	197855925	197856241	LINE/L2	406	+	158	197856083	46761
chr3	197809322	198009322	harbor2	chr3	197856686	197856844	LINE/L2	417	+	79	197856765	47443
chr3	115871018	116071018	harbor2	chr3	115901332	115901689	LINE/L2	405	+	178	115901510	30492
chr3	115871018	116071018	harbor2	chr3	115926728	115927040	LINE/L2	533	+	156	115926884	55866
chr3	115871018	116071018	harbor2	chr3	115927571	115928124	LINE/L2	1216	+	276	115927847	56829
chr3	115871018	116071018	harbor2	chr3	115953722	115954109	LINE/L2	447	+	194	115953916	82898
chr3	57459528	57659528	harbor2	chr3	57516433	57517405	LINE/L2	1163	+	486	57516919	57391
chr3	57459528	57659528	harbor2	chr3	57525225	57525337	LINE/L2	395	+	56	57525281	65753
chr3	57459528	57659528	harbor2	chr3	57538586	57539601	LINE/L2	1474	+	508	57539094	79566
chr3	57459528	57659528	harbor2	chr3	57539916	57540049	LINE/L2	634	+	66	57539982	80454
chr3	57459528	57659528	harbor2	chr3	57540342	57540416	LINE/L2	634	+	37	57540379	80851
chr3	57459528	57659528	harbor2	chr3	57524176	57524395	LINE/L2	474	+	110	57524286	64758
chr3	141405871	141605871	harbor2	chr3	141503559	141503816	LINE/L2	444	+	128	141503687	97816
chr3	141405871	141605871	harbor2	chr3	141504152	141505326	LINE/L2	1762	+	587	141504739	98868
chr3	138510963	138710963	harbor2	chr3	138515842	138516095	LINE/L2	631	+	126	138515968	5005
chr3	138510963	138710963	harbor2	chr3	138516145	138516252	LINE/L2	428	+	54	138516199	5236
chr3	138510963	138710963	harbor2	chr3	138598910	138599060	LINE/L2	395	+	75	138598985	88022
chr3	119051027	119251027	harbor2	chr3	119100953	119101176	LINE/L2	406	+	112	119101065	50038
chr3	119051027	119251027	harbor2	chr3	119104752	119104990	LINE/L2	529	+	119	119104871	53844
chr3	83733080	83933080	harbor2	chr3	83787674	83788214	LINE/L2	1112	+	270	83787944	54864
chr3	176116167	176316167	harbor2	chr3	176206896	176207183	LINE/L2	733	+	144	176207040	90873
chr3	188647536	188847536	harbor2	chr3	188681831	188682015	LINE/L2	484	+	92	188681923	34387
chr3	188647536	188847536	harbor2	chr3	188692487	188692738	LINE/L2	422	+	126	188692613	45077
chr3	188647536	188847536	harbor2	chr3	188718567	188718720	LINE/L2	436	+	76	188718643	71107
chr3	197318617	197518617	harbor2	chr3	197402952	197403067	LINE/L2	451	+	58	197403010	84393
chr3	197318617	197518617	harbor2	chr3	197403305	197403447	LINE/L2	462	+	71	197403376	84759
chr3	105864673	106064673	harbor2	chr3	105883245	105884005	LINE/L2	1283	+	380	105883625	18952
chr3	105864673	106064673	harbor2	chr3	105932868	105933439	LINE/L2	677	+	286	105933154	68481
chr3	105864673	106064673	harbor2	chr3	105957337	105957409	LINE/L2	970	+	36	105957373	92700
chr3	105864673	106064673	harbor2	chr3	105957742	105958029	LINE/L2	970	+	144	105957886	93213
chr3	146521192	146721192	harbor2	chr3	146572801	146573249	LINE/L2	406	+	224	146573025	51833
chr3	146521192	146721192	harbor2	chr3	146580321	146580454	LINE/L2	486	+	66	146580387	59195
chr3	146521192	146721192	harbor2	chr3	146580763	146580852	LINE/L2	486	+	44	146580807	59615
chr3	146521192	146721192	harbor2	chr3	146581358	146581496	LINE/L2	408	+	69	146581427	60235
chr3	146521192	146721192	harbor2	chr3	146616742	146617642	LINE/L2	3882	+	450	146617192	96000
chr3	146521192	146721192	harbor2	chr3	146617911	146618844	LINE/L2	3882	+	466	146618377	97185
chr3	156431661	156631661	harbor2	chr3	156446604	156447461	LINE/L2	1365	+	428	156447032	15371
chr3	156431661	156631661	harbor2	chr3	156471996	156472502	LINE/L2	644	+	253	156472249	40588
chr3	156431661	156631661	harbor2	chr3	156510413	156511095	LINE/L2	1359	+	341	156510754	79093
chr3	156431661	156631661	harbor2	chr3	156511403	156512289	LINE/L2	1359	+	443	156511846	80185
chr3	156431661	156631661	harbor2	chr3	156518781	156519283	LINE/L2	688	+	251	156519032	87371
chr3	171116709	171316709	harbor2	chr3	171153432	171153896	LINE/L2	541	+	232	171153664	36955
chr3	171116709	171316709	harbor2	chr3	171180189	171180577	LINE/L2	749	+	194	171180383	63674
chr3	171116709	171316709	harbor2	chr3	171205601	171205820	LINE/L2	830	+	110	171205711	89002
chr3	171116709	171316709	harbor2	chr3	171206024	171206214	LINE/L2	531	+	95	171206119	89410
chr3	142314744	142514744	harbor2	chr3	142337113	142337489	LINE/L2	1140	+	188	142337301	22557
chr3	142314744	142514744	harbor2	chr3	142359214	142359472	LINE/L2	469	+	129	142359343	44599
chr3	142314744	142514744	harbor2	chr3	142359448	142359755	LINE/L2	659	+	154	142359602	44858
chr3	142314744	142514744	harbor2	chr3	142393647	142393833	LINE/L2	886	+	93	142393740	78996
chr3	142314744	142514744	harbor2	chr3	142394127	142394691	LINE/L2	886	+	282	142394409	79665
chr3	85078702	85278702	harbor2	chr3	85143718	85144238	LINE/L2	969	+	260	85143978	65276
chr3	85078702	85278702	harbor2	chr3	85144272	85144329	LINE/L2	504	+	28	85144300	65598
chr3	85078702	85278702	harbor2	chr3	85144647	85144691	LINE/L2	504	+	22	85144669	65967
chr3	125027321	125227321	harbor2	chr3	125093371	125093775	LINE/L2	526	+	202	125093573	66252
chr3	125027321	125227321	harbor2	chr3	125093829	125094308	LINE/L2	825	+	240	125094069	66748
chr3	125027321	125227321	harbor2	chr3	125094409	125095490	LINE/L2	3362	+	540	125094949	67628
chr3	125027321	125227321	harbor2	chr3	125095917	125096514	LINE/L2	1334	+	298	125096215	68894
chr3	125027321	125227321	harbor2	chr3	125108993	125109422	LINE/L2	1460	+	214	125109207	81886
chr3	187042236	187242236	harbor2	chr3	187048257	187048747	LINE/L2	524	+	245	187048502	6266
chr3	187042236	187242236	harbor2	chr3	187119833	187119975	LINE/L2	407	+	71	187119904	77668
chr3	187042236	187242236	harbor2	chr3	187120267	187120919	LINE/L2	549	+	326	187120593	78357
chr3	122843372	123043372	harbor2	chr3	122924366	122925021	LINE/L2	585	+	328	122924694	81322
chr3	67611370	67811370	harbor2	chr3	67651254	67651485	LINE/L2	501	+	116	67651370	40000
chr3	67611370	67811370	harbor2	chr3	67651796	67652068	LINE/L2	402	+	136	67651932	40562
chr3	67611370	67811370	harbor2	chr3	67662533	67662822	LINE/L2	521	+	144	67662677	51307
chr3	67611370	67811370	harbor2	chr3	67665593	67665697	LINE/L2	609	+	52	67665645	54275
chr3	67611370	67811370	harbor2	chr3	67693008	67693072	LINE/L2	452	+	32	67693040	81670
chr3	67611370	67811370	harbor2	chr3	67693381	67693482	LINE/L2	452	+	50	67693431	82061
chr3	67611370	67811370	harbor2	chr3	67701140	67701386	LINE/L2	511	+	123	67701263	89893
chr3	67611370	67811370	harbor2	chr3	67704464	67704925	LINE/L2	746	+	230	67704694	93324
chr3	159535986	159735986	harbor2	chr3	159584838	159585306	LINE/L2	1337	+	234	159585072	49086
chr3	159535986	159735986	harbor2	chr3	159592451	159592746	LINE/L2	398	+	148	159592599	56613
chr3	184956312	185156312	harbor2	chr3	184990276	184990463	LINE/L2	485	+	94	184990370	34058
chr3	113641073	113841073	harbor2	chr3	113690643	113690905	LINE/L2	467	+	131	113690774	49701
chr3	113641073	113841073	harbor2	chr3	113691207	113691445	LINE/L2	467	+	119	113691326	50253
chr3	113641073	113841073	harbor2	chr3	113728663	113728906	LINE/L2	614	+	122	113728785	87712
chr3	113641073	113841073	harbor2	chr3	113688550	113688672	LINE/L2	537	+	61	113688611	47538
chr3	134613723	134813723	harbor2	chr3	134640681	134641223	LINE/L2	1002	+	271	134640952	27229
chr3	134613723	134813723	harbor2	chr3	134641707	134641881	LINE/L2	1002	+	87	134641794	28071
chr3	134613723	134813723	harbor2	chr3	134646445	134646565	LINE/L2	428	+	60	134646505	32782
chr3	134613723	134813723	harbor2	chr3	134700117	134700361	LINE/L2	495	+	122	134700239	86516
chr3	134613723	134813723	harbor2	chr3	134704008	134704400	LINE/L2	389	+	196	134704204	90481
chr3	115309506	115509506	harbor2	chr3	115341605	115341919	LINE/L2	671	+	157	115341762	32256
chr3	115309506	115509506	harbor2	chr3	115380860	115381132	LINE/L2	730	+	136	115380996	71490
chr3	193279023	193479023	harbor2	chr3	193317052	193317494	LINE/L2	794	+	221	193317273	38250
chr3	193279023	193479023	harbor2	chr3	193322034	193322338	LINE/L2	419	+	152	193322186	43163
chr3	193279023	193479023	harbor2	chr3	193340765	193340951	LINE/L2	606	+	93	193340858	61835
chr3	193279023	193479023	harbor2	chr3	193355984	193356395	LINE/L2	493	+	206	193356190	77167
chr3	175748277	175948277	harbor2	chr3	175812078	175812293	LINE/L2	448	+	108	175812186	63909
chr3	36333782	36533782	harbor2	chr3	36378730	36378968	LINE/L2	401	+	119	36378849	45067
chr3	36333782	36533782	harbor2	chr3	36391900	36392337	LINE/L2	2127	+	218	36392118	58336
chr3	36333782	36533782	harbor2	chr3	36392667	36393379	LINE/L2	2127	+	356	36393023	59241
chr3	36333782	36533782	harbor2	chr3	36410937	36411489	LINE/L2	1030	+	276	36411213	77431
chr3	111715251	111915251	harbor2	chr3	111782488	111782827	LINE/L2	447	+	170	111782658	67407
chr3	111715251	111915251	harbor2	chr3	111796326	111796526	LINE/L2	426	+	100	111796426	81175
chr3	111715251	111915251	harbor2	chr3	111796813	111796858	LINE/L2	426	+	22	111796835	81584
chr3	50719379	50919379	harbor2	chr3	50739470	50739648	LINE/L2	493	+	89	50739559	20180
chr3	110162472	110362472	harbor2	chr3	110255065	110255377	LINE/L2	400	+	156	110255221	92749
chr3	133058622	133258622	harbor2	chr3	133151008	133151344	LINE/L2	508	+	168	133151176	92554
chr3	173224997	173424997	harbor2	chr3	173257889	173258490	LINE/L2	593	+	300	173258189	33192
chr3	169648746	169848746	harbor2	chr3	169688075	169689048	LINE/L2	1038	+	486	169688561	39815
chr3	169648746	169848746	harbor2	chr3	169689068	169689792	LINE/L2	876	+	362	169689430	40684
chr3	178590644	178790644	harbor2	chr3	178672747	178675002	LINE/L2	5652	+	1128	178673875	83231
chr3	172831577	173031577	harbor2	chr3	172874744	172875073	LINE/L2	445	+	164	172874908	43331
chr3	172831577	173031577	harbor2	chr3	172891776	172892012	LINE/L2	456	+	118	172891894	60317
chr3	172831577	173031577	harbor2	chr3	172907307	172907573	LINE/L2	593	+	133	172907440	75863
chr3	172831577	173031577	harbor2	chr3	172907878	172908166	LINE/L2	593	+	144	172908022	76445
chr3	172831577	173031577	harbor2	chr3	172911631	172911975	LINE/L2	488	+	172	172911803	80226
chr3	172831577	173031577	harbor2	chr3	172929590	172930210	LINE/L2	478	+	310	172929900	98323
chr3	149199458	149399458	harbor2	chr3	149242887	149243262	LINE/L2	411	+	188	149243075	43617
chr3	149199458	149399458	harbor2	chr3	149287001	149287372	LINE/L2	1199	+	186	149287187	87729
chr3	149199458	149399458	harbor2	chr3	149295649	149296228	LINE/L2	1484	+	290	149295939	96481
chr3	173403692	173603692	harbor2	chr3	173445747	173446036	LINE/L2	453	+	144	173445891	42199
chr3	47851809	48051809	harbor2	chr3	47924286	47924603	LINE/L2	518	+	158	47924444	72635
chr3	169567198	169767198	harbor2	chr3	169585705	169585808	LINE/L2	522	+	52	169585757	18559
chr3	169567198	169767198	harbor2	chr3	169610785	169610900	LINE/L2	591	+	58	169610843	43645
chr3	186072416	186272416	harbor2	chr3	186171141	186171292	LINE/L2	431	+	76	186171217	98801
chr3	42417874	42617874	harbor2	chr3	42509950	42510276	LINE/L2	392	+	163	42510113	92239
chr3	149640932	149840932	harbor2	chr3	149711567	149712071	LINE/L2	500	+	252	149711819	70887
chr3	197100462	197300462	harbor2	chr3	197172405	197172558	LINE/L2	503	+	76	197172481	72019
chr3	159740595	159940595	harbor2	chr3	159753052	159753651	LINE/L2	1083	+	300	159753352	12757
chr3	159740595	159940595	harbor2	chr3	159767631	159767988	LINE/L2	639	+	178	159767809	27214
chr3	159740595	159940595	harbor2	chr3	159816718	159817147	LINE/L2	735	+	214	159816932	76337
chr3	198057526	198257526	harbor2	chr3	198073074	198073201	LINE/L2	399	+	64	198073138	15612
chr3	110538434	110738434	harbor2	chr3	110553102	110553910	LINE/L2	2495	+	404	110553506	15072
chr3	110538434	110738434	harbor2	chr3	110611890	110612239	LINE/L2	714	+	174	110612064	73630
chr3	110538434	110738434	harbor2	chr3	110620742	110621448	LINE/L2	1086	+	353	110621095	82661
chr3	194544952	194744952	harbor2	chr3	194551609	194551818	LINE/L2	1263	+	104	194551713	6761
chr3	194544952	194744952	harbor2	chr3	194552116	194552409	LINE/L2	1263	+	146	194552262	7310
chr3	194544952	194744952	harbor2	chr3	194552466	194552896	LINE/L2	1113	+	215	194552681	7729
chr3	194544952	194744952	harbor2	chr3	194558386	194558515	LINE/L2	389	+	64	194558450	13498
chr3	194544952	194744952	harbor2	chr3	194639167	194639425	LINE/L2	597	+	129	194639296	94344
chr3	194544952	194744952	harbor2	chr3	194639393	194639624	LINE/L2	431	+	116	194639509	94557
chr3	156753933	156953933	harbor2	chr3	156771313	156772356	LINE/L2	793	+	522	156771835	17902
chr3	156753933	156953933	harbor2	chr3	156777853	156778056	LINE/L2	1217	+	102	156777955	24022
chr3	156753933	156953933	harbor2	chr3	156778101	156778195	LINE/L2	1217	+	47	156778148	24215
chr3	156753933	156953933	harbor2	chr3	156778294	156778489	LINE/L2	1217	+	98	156778392	24459
chr3	156753933	156953933	harbor2	chr3	156778790	156779408	LINE/L2	1217	+	309	156779099	25166
chr3	102504874	102704874	harbor2	chr3	102565737	102566007	LINE/L2	501	+	135	102565872	60998
chr3	174156561	174356561	harbor2	chr3	174187875	174187983	LINE/L2	403	+	54	174187929	31368
chr3	174156561	174356561	harbor2	chr3	174209937	174210420	LINE/L2	741	+	242	174210179	53618
chr3	174156561	174356561	harbor2	chr3	174235875	174236086	LINE/L2	661	+	106	174235981	79420
chr3	109314596	109514596	harbor2	chr3	109356836	109357161	LINE/L2	514	+	162	109356998	42402
chr3	165847588	166047588	harbor2	chr3	165884388	165884685	LINE/L2	691	+	148	165884536	36948
chr3	165847588	166047588	harbor2	chr3	165894222	165894619	LINE/L2	420	+	198	165894420	46832
chr3	167548222	167748222	harbor2	chr3	167641242	167641678	LINE/L2	593	+	218	167641460	93238
chr3	189206628	189406628	harbor2	chr3	189230455	189230647	LINE/L2	443	+	96	189230551	23923
chr3	189206628	189406628	harbor2	chr3	189230646	189230782	LINE/L2	433	+	68	189230714	24086
chr3	189206628	189406628	harbor2	chr3	189286012	189286475	LINE/L2	1264	+	232	189286244	79616
chr3	150399199	150599199	harbor2	chr3	150402192	150402367	LINE/L2	476	+	88	150402280	3081
chr3	150399199	150599199	harbor2	chr3	150402425	150402689	LINE/L2	475	+	132	150402557	3358
chr3	150399199	150599199	harbor2	chr3	150402969	150402998	LINE/L2	475	+	14	150402983	3784
chr3	150399199	150599199	harbor2	chr3	150492879	150493070	LINE/L2	519	+	96	150492975	93776
chr3	179731060	179931060	harbor2	chr3	179794537	179794927	LINE/L2	449	+	195	179794732	63672
chr3	197645112	197845112	harbor2	chr3	197647952	197647984	LINE/L2	608	+	16	197647968	2856
chr3	197645112	197845112	harbor2	chr3	197648300	197648507	LINE/L2	608	+	104	197648404	3292
chr3	171183654	171383654	harbor2	chr3	171205601	171205820	LINE/L2	830	+	110	171205711	22057
chr3	171183654	171383654	harbor2	chr3	171206024	171206214	LINE/L2	531	+	95	171206119	22465
chr3	171183654	171383654	harbor2	chr3	171221365	171221676	LINE/L2	460	+	156	171221521	37867
chr3	171183654	171383654	harbor2	chr3	171223025	171223463	LINE/L2	406	+	219	171223244	39590
chr3	171183654	171383654	harbor2	chr3	171240525	171240976	LINE/L2	737	+	226	171240751	57097
chr3	171183654	171383654	harbor2	chr3	171271433	171271726	LINE/L2	438	+	146	171271579	87925
chr3	181791604	181991604	harbor2	chr3	181793168	181793532	LINE/L2	437	+	182	181793350	1746
chr3	181791604	181991604	harbor2	chr3	181805569	181805710	LINE/L2	413	+	70	181805639	14035
chr3	181791604	181991604	harbor2	chr3	181807875	181808067	LINE/L2	441	+	96	181807971	16367
chr3	181791604	181991604	harbor2	chr3	181808263	181808491	LINE/L2	884	+	114	181808377	16773
chr3	181791604	181991604	harbor2	chr3	181808763	181809123	LINE/L2	884	+	180	181808943	17339
chr3	181791604	181991604	harbor2	chr3	181809425	181809738	LINE/L2	884	+	156	181809581	17977
chr3	181791604	181991604	harbor2	chr3	181820548	181821283	LINE/L2	769	+	368	181820916	29312
chr3	181791604	181991604	harbor2	chr3	181862407	181862930	LINE/L2	500	+	262	181862669	71065
chr3	181791604	181991604	harbor2	chr3	181868518	181868779	LINE/L2	521	+	130	181868648	77044
chr3	181791604	181991604	harbor2	chr3	181868811	181869022	LINE/L2	521	+	106	181868917	77313
chr3	115948689	116148689	harbor2	chr3	115953722	115954109	LINE/L2	447	+	194	115953916	5227
chr3	115948689	116148689	harbor2	chr3	116022381	116023044	LINE/L2	626	+	332	116022713	74024
chr3	95925212	96125212	harbor2	chr3	95992396	95992836	LINE/L2	1209	+	220	95992616	67404
chr3	95925212	96125212	harbor2	chr3	96023177	96023793	LINE/L2	677	+	308	96023485	98273
chr3	182004530	182204530	harbor2	chr3	182033138	182034231	LINE/L2	2168	+	546	182033684	29154
chr3	182004530	182204530	harbor2	chr3	182091155	182091481	LINE/L2	1052	+	163	182091318	86788
chr3	182004530	182204530	harbor2	chr3	182094373	182094918	LINE/L2	1912	+	272	182094645	90115
chr3	182004530	182204530	harbor2	chr3	182096292	182096436	LINE/L2	519	+	72	182096364	91834
chr3	182004530	182204530	harbor2	chr3	182096730	182097184	LINE/L2	1211	+	227	182096957	92427
chr3	168725440	168925440	harbor2	chr3	168795211	168795904	LINE/L2	845	+	346	168795557	70117
chr3	168725440	168925440	harbor2	chr3	168821951	168822284	LINE/L2	461	+	166	168822117	96677
chr3	169246100	169446100	harbor2	chr3	169293185	169293813	LINE/L2	993	+	314	169293499	47399
chr3	169246100	169446100	harbor2	chr3	169306703	169307291	LINE/L2	1011	+	294	169306997	60897
chr3	169246100	169446100	harbor2	chr3	169338093	169338462	LINE/L2	725	+	184	169338277	92177
chr3	160681626	160881626	harbor2	chr3	160682878	160683398	LINE/L2	580	+	260	160683138	1512
chr3	160681626	160881626	harbor2	chr3	160683707	160683851	LINE/L2	580	+	72	160683779	2153
chr3	160681626	160881626	harbor2	chr3	160696193	160696862	LINE/L2	487	+	334	160696527	14901
chr3	160681626	160881626	harbor2	chr3	160726062	160726413	LINE/L2	1774	+	176	160726238	44612
chr3	160681626	160881626	harbor2	chr3	160726744	160727001	LINE/L2	1774	+	128	160726872	45246
chr3	158289550	158489550	harbor2	chr3	158313239	158313342	LINE/L2	406	+	52	158313291	23741
chr3	158289550	158489550	harbor2	chr3	158378941	158379192	LINE/L2	849	+	126	158379067	89517
chr3	158289550	158489550	harbor2	chr3	158379500	158380038	LINE/L2	940	+	269	158379769	90219
chr3	124459021	124659021	harbor2	chr3	124529129	124529212	LINE/L2	464	+	42	124529171	70150
chr3	124459021	124659021	harbor2	chr3	124544669	124544817	LINE/L2	583	+	74	124544743	85722
chr3	81566951	81766951	harbor2	chr3	81566499	81568076	LINE/L2	1961	+	788	81567287	336
chr3	81566951	81766951	harbor2	chr3	81587580	81587749	LINE/L2	431	+	84	81587664	20713
chr3	81566951	81766951	harbor2	chr3	81606478	81607024	LINE/L2	462	+	273	81606751	39800
chr3	81566951	81766951	harbor2	chr3	81621739	81623622	LINE/L2	2205	+	942	81622681	55730
chr3	81566951	81766951	harbor2	chr3	81643781	81644023	LINE/L2	390	+	121	81643902	76951
chr3	179747648	179947648	harbor2	chr3	179794537	179794927	LINE/L2	449	+	195	179794732	47084
chr3	179747648	179947648	harbor2	chr3	179841196	179841636	LINE/L2	480	+	220	179841416	93768
chr3	14648385	14848385	harbor2	chr3	14658092	14658284	LINE/L2	588	+	96	14658188	9803
chr3	194806497	195006497	harbor2	chr3	194822729	194823151	LINE/L2	517	+	211	194822940	16443
chr3	194806497	195006497	harbor2	chr3	194823339	194824046	LINE/L2	517	+	354	194823693	17196
chr3	194806497	195006497	harbor2	chr3	194851394	194851494	LINE/L2	395	+	50	194851444	44947
chr3	154694415	154894415	harbor2	chr3	154779077	154779428	LINE/L2	621	+	176	154779253	84838
chr3	189896620	190096620	harbor2	chr3	189914379	189914529	LINE/L2	390	+	75	189914454	17834
chr3	189896620	190096620	harbor2	chr3	189959983	189960462	LINE/L2	934	+	240	189960223	63603
chr3	149677721	149877721	harbor2	chr3	149711567	149712071	LINE/L2	500	+	252	149711819	34098
chr3	149677721	149877721	harbor2	chr3	149771772	149772024	LINE/L2	395	+	126	149771898	94177
chr3	149677721	149877721	harbor2	chr3	149772320	149772500	LINE/L2	395	+	90	149772410	94689
chr3	149677721	149877721	harbor2	chr3	149772492	149772779	LINE/L2	559	+	144	149772636	94915
chr3	150858506	151058506	harbor2	chr3	150866840	150867984	LINE/L2	828	+	572	150867412	8906
chr3	150858506	151058506	harbor2	chr3	150868296	150868311	LINE/L2	389	+	8	150868304	9798
chr3	150858506	151058506	harbor2	chr3	150936220	150937080	LINE/L2	716	+	430	150936650	78144
chr3	150858506	151058506	harbor2	chr3	150937167	150937371	LINE/L2	466	+	102	150937269	78763
chr3	150858506	151058506	harbor2	chr3	150956939	150957238	LINE/L2	744	+	150	150957089	98583
chr3	150858506	151058506	harbor2	chr3	150957273	150957676	LINE/L2	744	+	202	150957475	98969
chr3	150858506	151058506	harbor2	chr3	150957961	150958249	LINE/L2	744	+	144	150958105	99599
chr3	78439352	78639352	harbor2	chr3	78479197	78479490	LINE/L2	760	+	146	78479343	39991
chr3	130950921	131150921	harbor2	chr3	130951979	130952337	LINE/L2	494	+	179	130952158	1237
chr3	130950921	131150921	harbor2	chr3	130965203	130965747	LINE/L2	823	+	272	130965475	14554
chr3	130950921	131150921	harbor2	chr3	131015335	131015601	LINE/L2	674	+	133	131015468	64547
chr3	184163860	184363860	harbor2	chr3	184245929	184246398	LINE/L2	786	+	234	184246163	82303
chr3	184163860	184363860	harbor2	chr3	184246542	184246675	LINE/L2	399	+	66	184246608	82748
chr3	184163860	184363860	harbor2	chr3	184247598	184247844	LINE/L2	399	+	123	184247721	83861
chr3	184163860	184363860	harbor2	chr3	184248153	184248247	LINE/L2	399	+	47	184248200	84340
chr3	184163860	184363860	harbor2	chr3	184255755	184255987	LINE/L2	593	+	116	184255871	92011
chr3	52564304	52764304	harbor2	chr3	52576344	52576509	LINE/L2	420	+	82	52576426	12122
chr3	52564304	52764304	harbor2	chr3	52577576	52578400	LINE/L2	1474	+	412	52577988	13684
chr3	52564304	52764304	harbor2	chr3	52607660	52607771	LINE/L2	403	+	56	52607716	43412
chr3	127167106	127367106	harbor2	chr3	127216699	127217328	LINE/L2	1063	+	314	127217013	49907
chr3	127167106	127367106	harbor2	chr3	127217732	127218508	LINE/L2	1464	+	388	127218120	51014
chr3	127167106	127367106	harbor2	chr3	127218539	127218882	LINE/L2	508	+	172	127218711	51605
chr3	127167106	127367106	harbor2	chr3	127172282	127172699	LINE/L2	442	+	208	127172490	5384
chr3	13842048	14042048	harbor2	chr3	13871677	13872086	LINE/L2	774	+	204	13871881	29833
chr3	13842048	14042048	harbor2	chr3	13887371	13887720	LINE/L2	464	+	174	13887545	45497
chr3	181335743	181535743	harbor2	chr3	181345106	181345300	LINE/L2	585	+	97	181345203	9460
chr3	181335743	181535743	harbor2	chr3	181347103	181347219	LINE/L2	628	+	58	181347161	11418
chr3	181335743	181535743	harbor2	chr3	181347507	181348482	LINE/L2	628	+	488	181347995	12252
chr3	191945779	192145779	harbor2	chr3	191984510	191984957	LINE/L2	1396	+	224	191984734	38955
chr3	191945779	192145779	harbor2	chr3	191985796	191986240	LINE/L2	805	+	222	191986018	40239
chr3	137762873	137962873	harbor2	chr3	137808548	137809181	LINE/L2	1070	+	316	137808864	45991
chr3	137762873	137962873	harbor2	chr3	137847896	137848401	LINE/L2	424	+	252	137848148	85275
chr3	172192277	172392277	harbor2	chr3	172234253	172234403	LINE/L2	482	+	75	172234328	42051
chr3	172192277	172392277	harbor2	chr3	172285056	172285450	LINE/L2	564	+	197	172285253	92976
chr3	122674825	122874825	harbor2	chr3	122679731	122680082	LINE/L2	608	+	176	122679907	5082
chr3	122674825	122874825	harbor2	chr3	122694262	122694538	LINE/L2	432	+	138	122694400	19575
chr3	122674825	122874825	harbor2	chr3	122757274	122757691	LINE/L2	391	+	208	122757482	82657
chr3	182921064	183121064	harbor2	chr3	182925211	182925372	LINE/L2	1355	+	80	182925291	4227
chr3	182921064	183121064	harbor2	chr3	182925940	182926565	LINE/L2	1470	+	312	182926252	5188
chr3	182921064	183121064	harbor2	chr3	182976274	182976444	LINE/L2	511	+	85	182976359	55295
chr3	182921064	183121064	harbor2	chr3	182976489	182976838	LINE/L2	511	+	174	182976663	55599
chr3	195390492	195590492	harbor2	chr3	195417233	195417666	LINE/L2	662	+	216	195417449	26957
chr3	195390492	195590492	harbor2	chr3	195417954	195418408	LINE/L2	662	+	227	195418181	27689
chr3	195390492	195590492	harbor2	chr3	195425615	195426313	LINE/L2	1205	+	349	195425964	35472
chr3	193190665	193390665	harbor2	chr3	193196776	193196917	LINE/L2	462	+	70	193196846	6181
chr3	193190665	193390665	harbor2	chr3	193278105	193278237	LINE/L2	436	+	66	193278171	87506
chr3	138919317	139119317	harbor2	chr3	138960020	138960187	LINE/L2	482	+	84	138960104	40787
chr3	138919317	139119317	harbor2	chr3	138971030	138971570	LINE/L2	627	+	270	138971300	51983
chr3	138919317	139119317	harbor2	chr3	138980379	138980990	LINE/L2	592	+	306	138980685	61368
chr3	2267694	2467694	harbor2	chr3	2297467	2297704	LINE/L2	508	+	118	2297585	29891
chr3	2267694	2467694	harbor2	chr3	2298032	2298116	LINE/L2	508	+	42	2298074	30380
chr3	172834891	173034891	harbor2	chr3	172874744	172875073	LINE/L2	445	+	164	172874908	40017
chr3	172834891	173034891	harbor2	chr3	172891776	172892012	LINE/L2	456	+	118	172891894	57003
chr3	172834891	173034891	harbor2	chr3	172907307	172907573	LINE/L2	593	+	133	172907440	72549
chr3	172834891	173034891	harbor2	chr3	172907878	172908166	LINE/L2	593	+	144	172908022	73131
chr3	172834891	173034891	harbor2	chr3	172911631	172911975	LINE/L2	488	+	172	172911803	76912
chr3	172834891	173034891	harbor2	chr3	172929590	172930210	LINE/L2	478	+	310	172929900	95009
chr3	183074128	183274128	harbor2	chr3	183085219	183085382	LINE/L2	417	+	82	183085301	11173
chr3	183074128	183274128	harbor2	chr3	183085658	183085718	LINE/L2	417	+	30	183085688	11560
chr3	183074128	183274128	harbor2	chr3	183138650	183139107	LINE/L2	1008	+	228	183138878	64750
chr3	183074128	183274128	harbor2	chr3	183139409	183139430	LINE/L2	1008	+	10	183139419	65291
chr3	183074128	183274128	harbor2	chr3	183139756	183139911	LINE/L2	1008	+	78	183139834	65706
chr3	169372861	169572861	harbor2	chr3	169395820	169395954	LINE/L2	494	+	67	169395887	23026
chr3	169372861	169572861	harbor2	chr3	169468203	169468559	LINE/L2	498	+	178	169468381	95520
chr3	164735911	164935911	harbor2	chr3	164753913	164754330	LINE/L2	493	+	208	164754121	18210
chr3	164735911	164935911	harbor2	chr3	164798116	164798722	LINE/L2	972	+	303	164798419	62508
chr3	164735911	164935911	harbor2	chr3	164799304	164799472	LINE/L2	516	+	84	164799388	63477
chr3	140575673	140775673	harbor2	chr3	140593201	140593559	LINE/L2	403	+	179	140593380	17707
chr3	140575673	140775673	harbor2	chr3	140632629	140632726	LINE/L2	405	+	48	140632677	57004
chr3	140575673	140775673	harbor2	chr3	140632728	140633169	LINE/L2	907	+	220	140632948	57275
chr3	144365639	144565639	harbor2	chr3	144431677	144432252	LINE/L2	1394	+	288	144431965	66326
chr3	144365639	144565639	harbor2	chr3	144451561	144451826	LINE/L2	603	+	132	144451693	86054
chr3	86763365	86963365	harbor2	chr3	86786528	86786692	LINE/L2	1072	+	82	86786610	23245
chr3	86763365	86963365	harbor2	chr3	86787006	86788463	LINE/L2	1072	+	728	86787734	24369
chr3	86763365	86963365	harbor2	chr3	86798862	86799363	LINE/L2	723	+	250	86799112	35747
chr3	86763365	86963365	harbor2	chr3	86829258	86829578	LINE/L2	435	+	160	86829418	66053
chr3	181055847	181255847	harbor2	chr3	181108980	181109188	LINE/L2	518	+	104	181109084	53237
chr3	181055847	181255847	harbor2	chr3	181110724	181111573	LINE/L2	1123	+	424	181111148	55301
chr3	181055847	181255847	harbor2	chr3	181153305	181153475	LINE/L2	481	+	85	181153390	97543
chr3	146525067	146725067	harbor2	chr3	146572801	146573249	LINE/L2	406	+	224	146573025	47958
chr3	146525067	146725067	harbor2	chr3	146580321	146580454	LINE/L2	486	+	66	146580387	55320
chr3	146525067	146725067	harbor2	chr3	146580763	146580852	LINE/L2	486	+	44	146580807	55740
chr3	146525067	146725067	harbor2	chr3	146581358	146581496	LINE/L2	408	+	69	146581427	56360
chr3	146525067	146725067	harbor2	chr3	146616742	146617642	LINE/L2	3882	+	450	146617192	92125
chr3	146525067	146725067	harbor2	chr3	146617911	146618844	LINE/L2	3882	+	466	146618377	93310
chr3	167464650	167664650	harbor2	chr3	167488708	167489256	LINE/L2	860	+	274	167488982	24332
chr3	167464650	167664650	harbor2	chr3	167496227	167496709	LINE/L2	530	+	241	167496468	31818
chr3	167464650	167664650	harbor2	chr3	167539688	167539957	LINE/L2	822	+	134	167539822	75172
chr3	77059245	77259245	harbor2	chr3	77155711	77156154	LINE/L2	498	+	222	77155933	96688
chr3	176320770	176520770	harbor2	chr3	176390480	176390918	LINE/L2	938	+	219	176390699	69929
chr3	176320770	176520770	harbor2	chr3	176391220	176391368	LINE/L2	938	+	74	176391294	70524
chr3	173608339	173808339	harbor2	chr3	173616680	173617392	LINE/L2	857	+	356	173617036	8697
chr3	48459347	48659347	harbor2	chr3	48511061	48511747	LINE/L2	991	+	343	48511404	52057
chr3	64021949	64221949	harbor2	chr3	64072020	64072648	LINE/L2	412	+	314	64072334	50385
chr3	64021949	64221949	harbor2	chr3	64092391	64092508	LINE/L2	529	+	58	64092449	70500
chr3	192373076	192573076	harbor2	chr3	192372610	192373281	LINE/L2	820	+	336	192372946	130
chr3	192373076	192573076	harbor2	chr3	192401543	192401976	LINE/L2	482	+	216	192401759	28683
chr3	192373076	192573076	harbor2	chr3	192415309	192415433	LINE/L2	463	+	62	192415371	42295
chr3	192373076	192573076	harbor2	chr3	192470778	192471171	LINE/L2	536	+	196	192470974	97898
chr4	124208264	124408264	harbor2	chr4	124280296	124280852	LINE/L2	886	+	278	124280574	72310
chr4	111493042	111693042	harbor2	chr4	111504146	111504267	LINE/L2	524	+	60	111504206	11164
chr4	111493042	111693042	harbor2	chr4	111537258	111537604	LINE/L2	458	+	173	111537431	44389
chr4	111493042	111693042	harbor2	chr4	111563775	111564074	LINE/L2	427	+	150	111563925	70883
chr4	183412328	183612328	harbor2	chr4	183413851	183414279	LINE/L2	806	+	214	183414065	1737
chr4	183412328	183612328	harbor2	chr4	183414981	183415832	LINE/L2	1090	+	426	183415407	3079
chr4	183412328	183612328	harbor2	chr4	183425135	183425259	LINE/L2	531	+	62	183425197	12869
chr4	183412328	183612328	harbor2	chr4	183440786	183441240	LINE/L2	717	+	227	183441013	28685
chr4	177551851	177751851	harbor2	chr4	177576344	177576545	LINE/L2	579	+	100	177576444	24593
chr4	177551851	177751851	harbor2	chr4	177597683	177597801	LINE/L2	568	+	59	177597742	45891
chr4	177551851	177751851	harbor2	chr4	177598117	177598394	LINE/L2	568	+	138	177598255	46404
chr4	177551851	177751851	harbor2	chr4	177635771	177636214	LINE/L2	673	+	222	177635993	84142
chr4	177551851	177751851	harbor2	chr4	177637406	177637632	LINE/L2	630	+	113	177637519	85668
chr4	177551851	177751851	harbor2	chr4	177637636	177637960	LINE/L2	478	+	162	177637798	85947
chr4	182403966	182603966	harbor2	chr4	182461707	182461818	LINE/L2	471	+	56	182461763	57797
chr4	62114084	62314084	harbor2	chr4	62172594	62173828	LINE/L2	2191	+	617	62173211	59127
chr4	62114084	62314084	harbor2	chr4	62173961	62174520	LINE/L2	681	+	280	62174241	60157
chr4	62114084	62314084	harbor2	chr4	62174893	62175383	LINE/L2	758	+	245	62175138	61054
chr4	144269383	144469383	harbor2	chr4	144279919	144280542	LINE/L2	582	+	312	144280231	10848
chr4	144269383	144469383	harbor2	chr4	144339371	144339475	LINE/L2	742	+	52	144339423	70040
chr4	144269383	144469383	harbor2	chr4	144340106	144340179	LINE/L2	742	+	36	144340142	70759
chr4	144269383	144469383	harbor2	chr4	144340652	144340813	LINE/L2	742	+	80	144340732	71349
chr4	144269383	144469383	harbor2	chr4	144341019	144341594	LINE/L2	1162	+	288	144341307	71924
chr4	144269383	144469383	harbor2	chr4	144362732	144362942	LINE/L2	647	+	105	144362837	93454
chr4	44473915	44673915	harbor2	chr4	44530093	44530259	LINE/L2	544	+	83	44530176	56261
chr4	73676317	73876317	harbor2	chr4	73731107	73731933	LINE/L2	1302	+	413	73731520	55203
chr4	76774114	76974114	harbor2	chr4	76822060	76822394	LINE/L2	458	+	167	76822227	48113
chr4	76774114	76974114	harbor2	chr4	76833172	76833489	LINE/L2	477	+	158	76833330	59216
chr4	76774114	76974114	harbor2	chr4	76852033	76852229	LINE/L2	575	+	98	76852131	78017
chr4	76774114	76974114	harbor2	chr4	76863176	76863433	LINE/L2	739	+	128	76863304	89190
chr4	173361095	173561095	harbor2	chr4	173395011	173395317	LINE/L2	449	+	153	173395164	34069
chr4	173361095	173561095	harbor2	chr4	173411054	173411227	LINE/L2	446	+	86	173411140	50045
chr4	173361095	173561095	harbor2	chr4	173420209	173420440	LINE/L2	537	+	116	173420325	59230
chr4	170858821	171058821	harbor2	chr4	170869430	170870169	LINE/L2	763	+	370	170869800	10979
chr4	170858821	171058821	harbor2	chr4	170870591	170870959	LINE/L2	792	+	184	170870775	11954
chr4	170858821	171058821	harbor2	chr4	170944633	170945790	LINE/L2	2350	+	578	170945211	86390
chr4	170858821	171058821	harbor2	chr4	170946356	170946997	LINE/L2	1015	+	320	170946676	87855
chr4	170858821	171058821	harbor2	chr4	170868551	170869050	LINE/L2	632	+	250	170868801	9980
chr4	182865896	183065896	harbor2	chr4	182933482	182934314	LINE/L2	799	+	416	182933898	68002
chr4	182865896	183065896	harbor2	chr4	182943029	182943402	LINE/L2	434	+	186	182943215	77319
chr4	182865896	183065896	harbor2	chr4	182944994	182945395	LINE/L2	623	+	200	182945194	79298
chr4	182865896	183065896	harbor2	chr4	182956095	182956192	LINE/L2	489	+	48	182956143	90247
chr4	182865896	183065896	harbor2	chr4	182956908	182957108	LINE/L2	489	+	100	182957008	91112
chr4	161972351	162172351	harbor2	chr4	162004422	162004870	LINE/L2	509	+	224	162004646	32295
chr4	161972351	162172351	harbor2	chr4	162035947	162036380	LINE/L2	1006	+	216	162036163	63812
chr4	182479447	182679447	harbor2	chr4	182503823	182504156	LINE/L2	1053	+	166	182503989	24542
chr4	182479447	182679447	harbor2	chr4	182545311	182545830	LINE/L2	482	+	260	182545571	66124
chr4	182479447	182679447	harbor2	chr4	182546271	182546406	LINE/L2	482	+	68	182546339	66892
chr4	182479447	182679447	harbor2	chr4	182567204	182567961	LINE/L2	1045	+	378	182567582	88135
chr4	182479447	182679447	harbor2	chr4	182577922	182577981	LINE/L2	553	+	30	182577952	98505
chr4	182479447	182679447	harbor2	chr4	182578274	182578525	LINE/L2	553	+	126	182578400	98953
chr4	176958474	177158474	harbor2	chr4	177000524	177001163	LINE/L2	471	+	320	177000844	42370
chr4	148612420	148812420	harbor2	chr4	148644990	148645020	LINE/L2	480	+	15	148645005	32585
chr4	148612420	148812420	harbor2	chr4	148645317	148645417	LINE/L2	480	+	50	148645367	32947
chr4	148612420	148812420	harbor2	chr4	148688254	148688668	LINE/L2	552	+	207	148688461	76041
chr4	148612420	148812420	harbor2	chr4	148691201	148691472	LINE/L2	754	+	136	148691337	78917
chr4	129543363	129743363	harbor2	chr4	129599807	129600209	LINE/L2	479	+	201	129600008	56645
chr4	129543363	129743363	harbor2	chr4	129600581	129600621	LINE/L2	479	+	20	129600601	57238
chr4	73135446	73335446	harbor2	chr4	73157632	73157807	LINE/L2	566	+	88	73157720	22274
chr4	73135446	73335446	harbor2	chr4	73158203	73158582	LINE/L2	1181	+	190	73158393	22947
chr4	73135446	73335446	harbor2	chr4	73159005	73159160	LINE/L2	1181	+	78	73159083	23637
chr4	73135446	73335446	harbor2	chr4	73192084	73192290	LINE/L2	481	+	103	73192187	56741
chr4	73135446	73335446	harbor2	chr4	73199493	73199850	LINE/L2	780	+	178	73199671	64225
chr4	178777268	178977268	harbor2	chr4	178816255	178817044	LINE/L2	749	+	394	178816649	39381
chr4	60348704	60548704	harbor2	chr4	60400323	60400511	LINE/L2	723	+	94	60400417	51713
chr4	60348704	60548704	harbor2	chr4	60408287	60408786	LINE/L2	790	+	250	60408537	59833
chr4	60348704	60548704	harbor2	chr4	60430203	60431914	LINE/L2	2068	+	856	60431059	82355
chr4	60348704	60548704	harbor2	chr4	60444849	60445078	LINE/L2	610	+	114	60444963	96259
chr4	156008608	156208608	harbor2	chr4	156053932	156054278	LINE/L2	885	+	173	156054105	45497
chr4	156008608	156208608	harbor2	chr4	156088011	156088452	LINE/L2	477	+	220	156088231	79623
chr4	146499401	146699401	harbor2	chr4	146500120	146501344	LINE/L2	3901	+	612	146500732	1331
chr4	146499401	146699401	harbor2	chr4	146501749	146501927	LINE/L2	748	+	89	146501838	2437
chr4	146499401	146699401	harbor2	chr4	146508474	146509061	LINE/L2	1052	+	294	146508768	9367
chr4	146499401	146699401	harbor2	chr4	146568905	146569026	LINE/L2	474	+	60	146568965	69564
chr4	146499401	146699401	harbor2	chr4	146586654	146587596	LINE/L2	2178	+	471	146587125	87724
chr4	146499401	146699401	harbor2	chr4	146589133	146589349	LINE/L2	461	+	108	146589241	89840
chr4	154351076	154551076	harbor2	chr4	154360922	154361038	LINE/L2	608	+	58	154360980	9904
chr4	154351076	154551076	harbor2	chr4	154384183	154384469	LINE/L2	664	+	143	154384326	33250
chr4	154351076	154551076	harbor2	chr4	154391240	154391408	LINE/L2	536	+	84	154391324	40248
chr4	154351076	154551076	harbor2	chr4	154421319	154421373	LINE/L2	1724	+	27	154421346	70270
chr4	154351076	154551076	harbor2	chr4	154421691	154422946	LINE/L2	1724	+	628	154422319	71243
chr4	154351076	154551076	harbor2	chr4	154442233	154443808	LINE/L2	2453	+	788	154443021	91945
chr4	154351076	154551076	harbor2	chr4	154444048	154445282	LINE/L2	1907	+	617	154444665	93589
chr4	154351076	154551076	harbor2	chr4	154386094	154386731	LINE/L2	1077	+	318	154386412	35336
chr4	179291754	179491754	harbor2	chr4	179379486	179379496	LINE/L2	874	+	5	179379491	87737
chr4	179291754	179491754	harbor2	chr4	179379623	179380507	LINE/L2	874	+	442	179380065	88311
chr4	179291754	179491754	harbor2	chr4	179388980	179389876	LINE/L2	998	+	448	179389428	97674
chr4	65515072	65715072	harbor2	chr4	65514705	65515159	LINE/L2	811	+	227	65514932	140
chr4	172198149	172398149	harbor2	chr4	172220147	172220302	LINE/L2	508	+	78	172220225	22076
chr4	172198149	172398149	harbor2	chr4	172242838	172243407	LINE/L2	940	+	284	172243122	44973
chr4	172198149	172398149	harbor2	chr4	172256121	172256893	LINE/L2	563	+	386	172256507	58358
chr4	96488286	96688286	harbor2	chr4	96572294	96572470	LINE/L2	418	+	88	96572382	84096
chr4	140941023	141141023	harbor2	chr4	140959875	140960214	LINE/L2	750	+	170	140960045	19022
chr4	140941023	141141023	harbor2	chr4	140975959	140977067	LINE/L2	1038	+	554	140976513	35490
chr4	180487785	180687785	harbor2	chr4	180498846	180499863	LINE/L2	883	+	508	180499354	11569
chr4	180487785	180687785	harbor2	chr4	180531669	180531961	LINE/L2	692	+	146	180531815	44030
chr4	180487785	180687785	harbor2	chr4	180532185	180532595	LINE/L2	692	+	205	180532390	44605
chr4	187685066	187885066	harbor2	chr4	187759149	187759582	LINE/L2	649	+	216	187759365	74299
chr4	187685066	187885066	harbor2	chr4	187783387	187783720	LINE/L2	493	+	166	187783553	98487
chr4	111182672	111382672	harbor2	chr4	111201792	111202145	LINE/L2	556	+	176	111201968	19296
chr4	111182672	111382672	harbor2	chr4	111212530	111212927	LINE/L2	685	+	198	111212728	30056
chr4	111182672	111382672	harbor2	chr4	111281059	111281379	LINE/L2	493	+	160	111281219	98547
chr4	111182672	111382672	harbor2	chr4	111280116	111280649	LINE/L2	563	+	266	111280382	97710
chr4	86720220	86920220	harbor2	chr4	86804548	86804833	LINE/L2	547	+	142	86804690	84470
chr4	155739217	155939217	harbor2	chr4	155770749	155771079	LINE/L2	716	+	165	155770914	31697
chr4	155739217	155939217	harbor2	chr4	155773509	155773774	LINE/L2	1838	+	132	155773641	34424
chr4	155739217	155939217	harbor2	chr4	155773987	155774652	LINE/L2	1838	+	332	155774319	35102
chr4	155739217	155939217	harbor2	chr4	155832565	155832901	LINE/L2	710	+	168	155832733	93516
chr4	130164162	130364162	harbor2	chr4	130167112	130167791	LINE/L2	722	+	340	130167452	3290
chr4	130164162	130364162	harbor2	chr4	130234670	130236194	LINE/L2	2058	+	762	130235432	71270
chr4	130164162	130364162	harbor2	chr4	130236195	130236571	LINE/L2	595	+	188	130236383	72221
chr4	173641364	173841364	harbor2	chr4	173688007	173688359	LINE/L2	1052	+	176	173688183	46819
chr4	173641364	173841364	harbor2	chr4	173732352	173733359	LINE/L2	814	+	504	173732856	91492
chr4	135085562	135285562	harbor2	chr4	135150473	135150583	LINE/L2	1320	+	55	135150528	64966
chr4	135085562	135285562	harbor2	chr4	135164013	135164738	LINE/L2	1150	+	362	135164375	78813
chr4	135085562	135285562	harbor2	chr4	135150890	135151901	LINE/L2	1320	+	506	135151396	65834
chr4	83076091	83276091	harbor2	chr4	83118746	83119346	LINE/L2	729	+	300	83119046	42955
chr4	83076091	83276091	harbor2	chr4	83150976	83151196	LINE/L2	503	+	110	83151086	74995
chr4	101491315	101691315	harbor2	chr4	101512126	101512954	LINE/L2	1283	+	414	101512540	21225
chr4	101491315	101691315	harbor2	chr4	101563861	101564605	LINE/L2	1395	+	372	101564233	72918
chr4	78043274	78243274	harbor2	chr4	78091167	78091491	LINE/L2	490	+	162	78091329	48055
chr4	156528381	156728381	harbor2	chr4	156547105	156547933	LINE/L2	585	+	414	156547519	19138
chr4	178715824	178915824	harbor2	chr4	178750324	178750693	LINE/L2	453	+	184	178750508	34684
chr4	47831467	48031467	harbor2	chr4	47843661	47844243	LINE/L2	508	+	291	47843952	12485
chr4	133836634	134036634	harbor2	chr4	133879048	133879403	LINE/L2	1188	+	178	133879226	42592
chr4	133836634	134036634	harbor2	chr4	133879909	133880246	LINE/L2	1188	+	168	133880077	43443
chr4	147060843	147260843	harbor2	chr4	147073340	147073692	LINE/L2	671	+	176	147073516	12673
chr4	147060843	147260843	harbor2	chr4	147074005	147074160	LINE/L2	671	+	78	147074083	13240
chr4	147060843	147260843	harbor2	chr4	147124051	147125068	LINE/L2	1780	+	508	147124559	63716
chr4	147060843	147260843	harbor2	chr4	147137077	147137310	LINE/L2	579	+	116	147137193	76350
chr4	147060843	147260843	harbor2	chr4	147137406	147137789	LINE/L2	478	+	192	147137598	76755
chr5	124439845	124639845	harbor2	chr5	124450421	124450669	LINE/L2	609	+	124	124450545	10700
chr5	124439845	124639845	harbor2	chr5	124476340	124476842	LINE/L2	785	+	251	124476591	36746
chr5	177328908	177528908	harbor2	chr5	177354321	177354438	LINE/L2	523	+	58	177354379	25471
chr5	177328908	177528908	harbor2	chr5	177425080	177425454	LINE/L2	657	+	187	177425267	96359
chr5	165170376	165370376	harbor2	chr5	165238862	165239212	LINE/L2	496	+	175	165239037	68661
chr5	165170376	165370376	harbor2	chr5	165245951	165246248	LINE/L2	407	+	148	165246099	75723
chr5	168449915	168649915	harbor2	chr5	168485905	168486154	LINE/L2	465	+	124	168486029	36114
chr5	168449915	168649915	harbor2	chr5	168538510	168538701	LINE/L2	594	+	96	168538606	88691
chr5	148136332	148336332	harbor2	chr5	148187397	148187566	LINE/L2	476	+	84	148187481	51149
chr5	181364939	181564939	harbor2	chr5	181395556	181395905	LINE/L2	440	+	174	181395730	30791
chr5	181364939	181564939	harbor2	chr5	181417231	181417432	LINE/L2	456	+	100	181417331	52392
chr5	147475542	147675542	harbor2	chr5	147538547	147538723	LINE/L2	721	+	88	147538635	63093
chr5	147475542	147675542	harbor2	chr5	147539873	147539997	LINE/L2	446	+	62	147539935	64393
chr5	45600664	45800664	harbor2	chr5	45647413	45647946	LINE/L2	776	+	266	45647679	47015
chr5	45600664	45800664	harbor2	chr5	45677063	45677347	LINE/L2	444	+	142	45677205	76541
chr5	15948365	16148365	harbor2	chr5	16019678	16019957	LINE/L2	394	+	140	16019818	71453
chr5	163108959	163308959	harbor2	chr5	163192501	163193377	LINE/L2	2681	+	438	163192939	83980
chr5	163108959	163308959	harbor2	chr5	163194072	163194210	LINE/L2	880	+	69	163194141	85182
chr5	163108959	163308959	harbor2	chr5	163194653	163195135	LINE/L2	923	+	241	163194894	85935
chr5	163108959	163308959	harbor2	chr5	163195433	163195541	LINE/L2	923	+	54	163195487	86528
chr5	163108959	163308959	harbor2	chr5	163197789	163198155	LINE/L2	480	+	183	163197972	89013
chr5	112464181	112664181	harbor2	chr5	112550327	112550456	LINE/L2	401	+	64	112550391	86210
chr5	113429064	113629064	harbor2	chr5	113440100	113440378	LINE/L2	475	+	139	113440239	11175
chr5	113429064	113629064	harbor2	chr5	113464238	113464744	LINE/L2	1243	+	253	113464491	35427
chr5	113429064	113629064	harbor2	chr5	113513394	113513522	LINE/L2	387	+	64	113513458	84394
chr5	128746720	128946720	harbor2	chr5	128767667	128768540	LINE/L2	715	+	436	128768103	21383
chr5	159305169	159505169	harbor2	chr5	159307574	159307920	LINE/L2	619	+	173	159307747	2578
chr5	159305169	159505169	harbor2	chr5	159356209	159356771	LINE/L2	1665	+	281	159356490	51321
chr5	168340798	168540798	harbor2	chr5	168372732	168372918	LINE/L2	400	+	93	168372825	32027
chr5	168340798	168540798	harbor2	chr5	168385870	168386331	LINE/L2	575	+	230	168386100	45302
chr5	168340798	168540798	harbor2	chr5	168421330	168421615	LINE/L2	550	+	142	168421472	80674
chr5	168340798	168540798	harbor2	chr5	168434862	168435420	LINE/L2	1331	+	279	168435141	94343
chr5	168340798	168540798	harbor2	chr5	168435712	168435840	LINE/L2	1331	+	64	168435776	94978
chr5	168340798	168540798	harbor2	chr5	168436143	168436208	LINE/L2	1331	+	32	168436175	95377
chr5	168340798	168540798	harbor2	chr5	168436485	168437310	LINE/L2	1754	+	412	168436897	96099
chr5	168340798	168540798	harbor2	chr5	168437485	168437650	LINE/L2	1290	+	82	168437567	96769
chr5	175697009	175897009	harbor2	chr5	175710018	175710286	LINE/L2	515	+	134	175710152	13143
chr5	175697009	175897009	harbor2	chr5	175754074	175754698	LINE/L2	513	+	312	175754386	57377
chr5	175697009	175897009	harbor2	chr5	175786807	175787300	LINE/L2	925	+	246	175787053	90044
chr5	106859988	107059988	harbor2	chr5	106880798	106881091	LINE/L2	764	+	146	106880944	20956
chr5	106859988	107059988	harbor2	chr5	106881388	106881651	LINE/L2	764	+	132	106881520	21532
chr5	106859988	107059988	harbor2	chr5	106907058	106907184	LINE/L2	594	+	63	106907121	47133
chr5	106859988	107059988	harbor2	chr5	106927789	106928264	LINE/L2	650	+	238	106928027	68039
chr5	106859988	107059988	harbor2	chr5	106940823	106941522	LINE/L2	424	+	350	106941173	81185
chr5	133577924	133777924	harbor2	chr5	133637210	133637375	LINE/L2	590	+	82	133637292	59368
chr5	133577924	133777924	harbor2	chr5	133637506	133637881	LINE/L2	2345	+	188	133637694	59770
chr5	133577924	133777924	harbor2	chr5	133637980	133638785	LINE/L2	2345	+	402	133638382	60458
chr5	133577924	133777924	harbor2	chr5	133666917	133667928	LINE/L2	2642	+	506	133667423	89499
chr5	107786803	107986803	harbor2	chr5	107844259	107844538	LINE/L2	737	+	140	107844399	57596
chr5	107786803	107986803	harbor2	chr5	107858054	107858390	LINE/L2	402	+	168	107858222	71419
chr5	107786803	107986803	harbor2	chr5	107873263	107873417	LINE/L2	505	+	77	107873340	86537
chr5	113847054	114047054	harbor2	chr5	113893363	113893818	LINE/L2	1342	+	228	113893591	46537
chr5	113847054	114047054	harbor2	chr5	113899543	113899729	LINE/L2	523	+	93	113899636	52582
chr5	113847054	114047054	harbor2	chr5	113939170	113939663	LINE/L2	427	+	246	113939416	92362
chr5	174832574	175032574	harbor2	chr5	174870482	174871137	LINE/L2	1366	+	328	174870810	38236
chr5	174832574	175032574	harbor2	chr5	174871345	174871377	LINE/L2	695	+	16	174871361	38787
chr5	174832574	175032574	harbor2	chr5	174871436	174871861	LINE/L2	695	+	212	174871648	39074
chr5	168176684	168376684	harbor2	chr5	168176157	168176714	LINE/L2	1098	+	278	168176435	249
chr5	168176684	168376684	harbor2	chr5	168222696	168222942	LINE/L2	700	+	123	168222819	46135
chr5	168176684	168376684	harbor2	chr5	168236422	168236788	LINE/L2	603	+	183	168236605	59921
chr5	145814051	146014051	harbor2	chr5	145824553	145824675	LINE/L2	519	+	61	145824614	10563
chr5	145814051	146014051	harbor2	chr5	145836199	145836413	LINE/L2	691	+	107	145836306	22255
chr5	145814051	146014051	harbor2	chr5	145836712	145836952	LINE/L2	691	+	120	145836832	22781
chr5	145814051	146014051	harbor2	chr5	145837648	145837897	LINE/L2	582	+	124	145837772	23721
chr5	145814051	146014051	harbor2	chr5	145855948	145856158	LINE/L2	892	+	105	145856053	42002
chr5	145814051	146014051	harbor2	chr5	145856611	145856893	LINE/L2	589	+	141	145856752	42701
chr5	145814051	146014051	harbor2	chr5	145857746	145858000	LINE/L2	407	+	127	145857873	43822
chr5	145814051	146014051	harbor2	chr5	145874772	145875189	LINE/L2	434	+	208	145874980	60929
chr5	145814051	146014051	harbor2	chr5	145909382	145909701	LINE/L2	474	+	160	145909542	95491
chr5	150016885	150216885	harbor2	chr5	150075363	150075770	LINE/L2	971	+	204	150075567	58682
chr5	150016885	150216885	harbor2	chr5	150076638	150076941	LINE/L2	393	+	152	150076790	59905
chr5	150016885	150216885	harbor2	chr5	150078441	150079053	LINE/L2	546	+	306	150078747	61862
chr5	172848887	173048887	harbor2	chr5	172861025	172861539	LINE/L2	687	+	257	172861282	12395
chr5	172848887	173048887	harbor2	chr5	172871257	172871650	LINE/L2	1114	+	196	172871453	22566
chr5	172848887	173048887	harbor2	chr5	172882230	172882343	LINE/L2	421	+	56	172882286	33399
chr5	172848887	173048887	harbor2	chr5	172886270	172886600	LINE/L2	421	+	165	172886435	37548
chr5	172848887	173048887	harbor2	chr5	172934563	172934845	LINE/L2	437	+	141	172934704	85817
chr5	152353164	152553164	harbor2	chr5	152372071	152372120	LINE/L2	2549	+	24	152372095	18931
chr5	152353164	152553164	harbor2	chr5	152372352	152373962	LINE/L2	2549	+	805	152373157	19993
chr5	152353164	152553164	harbor2	chr5	152375087	152375492	LINE/L2	608	+	202	152375289	22125
chr5	152353164	152553164	harbor2	chr5	152426625	152427134	LINE/L2	677	+	254	152426879	73715
chr5	176964090	177164090	harbor2	chr5	176971073	176971192	LINE/L2	490	+	60	176971133	7043
chr5	176964090	177164090	harbor2	chr5	176997103	176997403	LINE/L2	390	+	150	176997253	33163
chr5	176964090	177164090	harbor2	chr5	176997706	176997725	LINE/L2	390	+	10	176997716	33626
chr5	176964090	177164090	harbor2	chr5	177020128	177020435	LINE/L2	1225	+	154	177020282	56192
chr5	176964090	177164090	harbor2	chr5	177020730	177020874	LINE/L2	1225	+	72	177020802	56712
chr5	176964090	177164090	harbor2	chr5	177037211	177038074	LINE/L2	1964	+	432	177037643	73553
chr5	155158380	155358380	harbor2	chr5	155175787	155175938	LINE/L2	450	+	76	155175863	17483
chr5	155158380	155358380	harbor2	chr5	155220895	155221076	LINE/L2	506	+	90	155220985	62605
chr5	155158380	155358380	harbor2	chr5	155233225	155233432	LINE/L2	552	+	104	155233329	74949
chr5	120300361	120500361	harbor2	chr5	120339642	120340465	LINE/L2	675	+	412	120340054	39693
chr5	120300361	120500361	harbor2	chr5	120390779	120391237	LINE/L2	414	+	229	120391008	90647
chr5	120300361	120500361	harbor2	chr5	120398032	120398276	LINE/L2	453	+	122	120398154	97793
chr5	150591198	150791198	harbor2	chr5	150611129	150611339	LINE/L2	757	+	105	150611234	20036
chr5	150591198	150791198	harbor2	chr5	150635807	150636181	LINE/L2	1141	+	187	150635994	44796
chr5	150591198	150791198	harbor2	chr5	150660535	150660770	LINE/L2	465	+	118	150660653	69455
chr5	150591198	150791198	harbor2	chr5	150668203	150668566	LINE/L2	388	+	182	150668385	77187
chr5	150591198	150791198	harbor2	chr5	150669969	150670193	LINE/L2	812	+	112	150670081	78883
chr5	150591198	150791198	harbor2	chr5	150667176	150667751	LINE/L2	1477	+	288	150667464	76266
chr5	173411990	173611990	harbor2	chr5	173453131	173453316	LINE/L2	494	+	92	173453223	41233
chr5	173411990	173611990	harbor2	chr5	173473128	173473516	LINE/L2	577	+	194	173473322	61332
chr5	89493842	89693842	harbor2	chr5	89579198	89579905	LINE/L2	826	+	354	89579552	85710
chr5	89493842	89693842	harbor2	chr5	89580066	89580184	LINE/L2	826	+	59	89580125	86283
chr5	108949068	109149068	harbor2	chr5	108962320	108962641	LINE/L2	743	+	160	108962480	13412
chr5	108949068	109149068	harbor2	chr5	109023462	109023806	LINE/L2	423	+	172	109023634	74566
chr5	18617846	18817846	harbor2	chr5	18628376	18628908	LINE/L2	488	+	266	18628642	10796
chr5	178863597	179063597	harbor2	chr5	178871028	178871651	LINE/L2	859	+	312	178871340	7743
chr5	178863597	179063597	harbor2	chr5	178917868	178918242	LINE/L2	1069	+	187	178918055	54458
chr5	178863597	179063597	harbor2	chr5	178939406	178939965	LINE/L2	484	+	280	178939686	76089
chr5	168886675	169086675	harbor2	chr5	168962760	168963079	LINE/L2	601	+	160	168962920	76245
chr5	168886675	169086675	harbor2	chr5	168963608	168963719	LINE/L2	601	+	56	168963664	76989
chr5	167496504	167696504	harbor2	chr5	167527440	167527790	LINE/L2	483	+	175	167527615	31111
chr5	167496504	167696504	harbor2	chr5	167583752	167584024	LINE/L2	390	+	136	167583888	87384
chr5	98852768	99052768	harbor2	chr5	98940472	98941026	LINE/L2	629	+	277	98940749	87981
chr5	174393716	174593716	harbor2	chr5	174404779	174405807	LINE/L2	1236	+	514	174405293	11577
chr5	174393716	174593716	harbor2	chr5	174457382	174457676	LINE/L2	510	+	147	174457529	63813
chr5	174393716	174593716	harbor2	chr5	174463654	174463831	LINE/L2	449	+	88	174463742	70026
chr5	174393716	174593716	harbor2	chr5	174493007	174493273	LINE/L2	456	+	133	174493140	99424
chr5	179990546	180190546	harbor2	chr5	180046630	180046886	LINE/L2	458	+	128	180046758	56212
chr5	179990546	180190546	harbor2	chr5	180059080	180059514	LINE/L2	455	+	217	180059297	68751
chr5	179473522	179673522	harbor2	chr5	179488429	179488546	LINE/L2	422	+	58	179488487	14965
chr5	72268943	72468943	harbor2	chr5	72293611	72293692	LINE/L2	416	+	40	72293651	24708
chr5	72268943	72468943	harbor2	chr5	72299751	72300833	LINE/L2	1925	+	541	72300292	31349
chr5	72268943	72468943	harbor2	chr5	72353010	72353371	LINE/L2	860	+	180	72353190	84247
chr5	72268943	72468943	harbor2	chr5	72357035	72357626	LINE/L2	986	+	296	72357331	88388
chr5	72268943	72468943	harbor2	chr5	72361659	72362030	LINE/L2	392	+	186	72361845	92902
chr5	148949930	149149930	harbor2	chr5	148958960	148959347	LINE/L2	527	+	194	148959154	9224
chr5	148949930	149149930	harbor2	chr5	148973907	148974385	LINE/L2	471	+	239	148974146	24216
chr5	148949930	149149930	harbor2	chr5	148976527	148976712	LINE/L2	508	+	92	148976619	26689
chr5	148949930	149149930	harbor2	chr5	148978350	148978875	LINE/L2	821	+	262	148978612	28682
chr5	156505983	156705983	harbor2	chr5	156511267	156511560	LINE/L2	518	+	146	156511413	5430
chr5	156505983	156705983	harbor2	chr5	156527892	156528100	LINE/L2	421	+	104	156527996	22013
chr5	156505983	156705983	harbor2	chr5	156551038	156551359	LINE/L2	408	+	160	156551198	45215
chr5	156505983	156705983	harbor2	chr5	156583214	156583657	LINE/L2	588	+	222	156583436	77453
chr5	20846176	21046176	harbor2	chr5	20859195	20859870	LINE/L2	1043	+	338	20859533	13357
chr5	20846176	21046176	harbor2	chr5	20859874	20860230	LINE/L2	633	+	178	20860052	13876
chr5	20846176	21046176	harbor2	chr5	20943321	20943687	LINE/L2	440	+	183	20943504	97328
chr5	160690315	160890315	harbor2	chr5	160698048	160698369	LINE/L2	394	+	160	160698208	7893
chr5	160690315	160890315	harbor2	chr5	160700781	160701335	LINE/L2	743	+	277	160701058	10743
chr5	160690315	160890315	harbor2	chr5	160724587	160725075	LINE/L2	1495	+	244	160724831	34516
chr5	160690315	160890315	harbor2	chr5	160750368	160751187	LINE/L2	470	+	410	160750778	60463
chr5	158192152	158392152	harbor2	chr5	158215307	158215478	LINE/L2	435	+	86	158215393	23241
chr5	158192152	158392152	harbor2	chr5	158218042	158218426	LINE/L2	832	+	192	158218234	26082
chr5	158192152	158392152	harbor2	chr5	158228440	158228604	LINE/L2	394	+	82	158228522	36370
chr5	158192152	158392152	harbor2	chr5	158229057	158229217	LINE/L2	418	+	80	158229137	36985
chr5	158192152	158392152	harbor2	chr5	158268967	158269095	LINE/L2	451	+	64	158269031	76879
chr5	158192152	158392152	harbor2	chr5	158271614	158271780	LINE/L2	903	+	83	158271697	79545
chr5	158192152	158392152	harbor2	chr5	158271997	158272312	LINE/L2	903	+	158	158272155	80003
chr5	158192152	158392152	harbor2	chr5	158275942	158276611	LINE/L2	763	+	334	158276276	84124
chr5	158192152	158392152	harbor2	chr5	158284259	158284772	LINE/L2	573	+	256	158284515	92363
chr5	158192152	158392152	harbor2	chr5	158289408	158289639	LINE/L2	448	+	116	158289524	97372
chr5	157990183	158190183	harbor2	chr5	158009296	158010466	LINE/L2	2595	+	585	158009881	19698
chr5	157990183	158190183	harbor2	chr5	158057136	158057289	LINE/L2	450	+	76	158057212	67029
chr5	157990183	158190183	harbor2	chr5	158057516	158057707	LINE/L2	450	+	96	158057612	67429
chr5	179708163	179908163	harbor2	chr5	179740865	179741178	LINE/L2	399	+	156	179741021	32858
chr5	179708163	179908163	harbor2	chr5	179750310	179750463	LINE/L2	388	+	76	179750386	42223
chr5	51430356	51630356	harbor2	chr5	51433444	51434085	LINE/L2	420	+	320	51433764	3408
chr5	51430356	51630356	harbor2	chr5	51434090	51434980	LINE/L2	939	+	445	51434535	4179
chr5	51430356	51630356	harbor2	chr5	51446652	51447882	LINE/L2	1387	+	615	51447267	16911
chr5	51430356	51630356	harbor2	chr5	51458179	51458379	LINE/L2	387	+	100	51458279	27923
chr5	51430356	51630356	harbor2	chr5	51494018	51494290	LINE/L2	390	+	136	51494154	63798
chr5	117953165	118153165	harbor2	chr5	118002548	118003723	LINE/L2	1470	+	588	118003136	49971
chr5	158283094	158483094	harbor2	chr5	158284259	158284772	LINE/L2	573	+	256	158284515	1421
chr5	158283094	158483094	harbor2	chr5	158289408	158289639	LINE/L2	448	+	116	158289524	6430
chr5	158283094	158483094	harbor2	chr5	158315166	158315409	LINE/L2	596	+	122	158315288	32194
chr5	158283094	158483094	harbor2	chr5	158324913	158325407	LINE/L2	537	+	247	158325160	42066
chr5	158283094	158483094	harbor2	chr5	158380965	158381297	LINE/L2	460	+	166	158381131	98037
chr5	168201309	168401309	harbor2	chr5	168222696	168222942	LINE/L2	700	+	123	168222819	21510
chr5	168201309	168401309	harbor2	chr5	168236422	168236788	LINE/L2	603	+	183	168236605	35296
chr5	168201309	168401309	harbor2	chr5	168285603	168285958	LINE/L2	559	+	178	168285781	84472
chr5	154900897	155100897	harbor2	chr5	154933815	154934023	LINE/L2	529	+	104	154933919	33022
chr5	154900897	155100897	harbor2	chr5	154934612	154935321	LINE/L2	529	+	354	154934966	34069
chr5	154900897	155100897	harbor2	chr5	154964173	154964294	LINE/L2	440	+	60	154964233	63336
chr5	154900897	155100897	harbor2	chr5	154966017	154966547	LINE/L2	1243	+	265	154966282	65385
chr5	161153651	161353651	harbor2	chr5	161190656	161191321	LINE/L2	908	+	332	161190988	37337
chr5	161153651	161353651	harbor2	chr5	161196069	161196418	LINE/L2	609	+	174	161196243	42592
chr5	161153651	161353651	harbor2	chr5	161196715	161197145	LINE/L2	609	+	215	161196930	43279
chr5	161153651	161353651	harbor2	chr5	161199826	161200104	LINE/L2	492	+	139	161199965	46314
chr5	84681162	84881162	harbor2	chr5	84692529	84692788	LINE/L2	460	+	130	84692659	11497
chr5	169590646	169790646	harbor2	chr5	169592876	169593113	LINE/L2	553	+	118	169592994	2348
chr5	169590646	169790646	harbor2	chr5	169627187	169627395	LINE/L2	393	+	104	169627291	36645
chr5	169590646	169790646	harbor2	chr5	169689061	169689206	LINE/L2	483	+	72	169689133	98487
chr5	40398259	40598259	harbor2	chr5	40481426	40481791	LINE/L2	473	+	182	40481608	83349
chr5	175828877	176028877	harbor2	chr5	175845203	175845747	LINE/L2	648	+	272	175845475	16598
chr5	175828877	176028877	harbor2	chr5	175857048	175857394	LINE/L2	496	+	173	175857221	28344
chr5	175828877	176028877	harbor2	chr5	175857755	175857891	LINE/L2	496	+	68	175857823	28946
chr5	175828877	176028877	harbor2	chr5	175874326	175874515	LINE/L2	407	+	94	175874420	45543
chr5	175828877	176028877	harbor2	chr5	175876168	175876286	LINE/L2	590	+	59	175876227	47350
chr5	175828877	176028877	harbor2	chr5	175908748	175909398	LINE/L2	522	+	325	175909073	80196
chr5	175828877	176028877	harbor2	chr5	175910089	175910460	LINE/L2	543	+	186	175910275	81398
chr5	175828877	176028877	harbor2	chr5	175919959	175920070	LINE/L2	690	+	56	175920015	91138
chr5	175828877	176028877	harbor2	chr5	175920383	175920489	LINE/L2	690	+	53	175920436	91559
chr5	79943567	80143567	harbor2	chr5	79944458	79944563	LINE/L2	388	+	52	79944510	943
chr5	79943567	80143567	harbor2	chr5	79964609	79964924	LINE/L2	659	+	158	79964767	21200
chr5	79943567	80143567	harbor2	chr5	79965638	79965970	LINE/L2	469	+	166	79965804	22237
chr5	79943567	80143567	harbor2	chr5	79969423	79970144	LINE/L2	1331	+	360	79969783	26216
chr5	79943567	80143567	harbor2	chr5	79988809	79988894	LINE/L2	535	+	42	79988851	45284
chr5	175656669	175856669	harbor2	chr5	175689297	175689491	LINE/L2	549	+	97	175689394	32725
chr5	175656669	175856669	harbor2	chr5	175710018	175710286	LINE/L2	515	+	134	175710152	53483
chr5	175656669	175856669	harbor2	chr5	175754074	175754698	LINE/L2	513	+	312	175754386	97717
chr5	157072669	157272669	harbor2	chr5	157081417	157081527	LINE/L2	497	+	55	157081472	8803
chr5	157072669	157272669	harbor2	chr5	157082155	157082250	LINE/L2	392	+	48	157082203	9534
chr5	157072669	157272669	harbor2	chr5	157144038	157144357	LINE/L2	494	+	160	157144198	71529
chr5	157072669	157272669	harbor2	chr5	157144363	157144446	LINE/L2	643	+	42	157144405	71736
chr5	157072669	157272669	harbor2	chr5	157144760	157145093	LINE/L2	643	+	166	157144926	72257
chr5	157072669	157272669	harbor2	chr5	157159087	157159267	LINE/L2	509	+	90	157159177	86508
chr5	144458011	144658011	harbor2	chr5	144459218	144459353	LINE/L2	879	+	68	144459286	1275
chr5	144458011	144658011	harbor2	chr5	144459650	144459824	LINE/L2	879	+	87	144459737	1726
chr5	144458011	144658011	harbor2	chr5	144460132	144460442	LINE/L2	879	+	155	144460287	2276
chr5	144458011	144658011	harbor2	chr5	144519216	144519688	LINE/L2	390	+	236	144519452	61441
chr5	109234010	109434010	harbor2	chr5	109301728	109301903	LINE/L2	448	+	88	109301816	67806
chr5	174693798	174893798	harbor2	chr5	174697011	174697317	LINE/L2	1041	+	153	174697164	3366
chr5	174693798	174893798	harbor2	chr5	174699941	174700333	LINE/L2	1091	+	196	174700137	6339
chr5	174693798	174893798	harbor2	chr5	174705809	174706028	LINE/L2	511	+	110	174705919	12121
chr5	174693798	174893798	harbor2	chr5	174706346	174706956	LINE/L2	511	+	305	174706651	12853
chr5	174693798	174893798	harbor2	chr5	174740051	174740167	LINE/L2	394	+	58	174740109	46311
chr5	148285819	148485819	harbor2	chr5	148303186	148303533	LINE/L2	621	+	174	148303360	17541
chr5	148285819	148485819	harbor2	chr5	148366660	148367095	LINE/L2	745	+	218	148366878	81059
chr5	88247775	88447775	harbor2	chr5	88263181	88263427	LINE/L2	476	+	123	88263304	15529
chr5	88247775	88447775	harbor2	chr5	88301925	88302124	LINE/L2	503	+	100	88302025	54250
chr5	88247775	88447775	harbor2	chr5	88302406	88302949	LINE/L2	558	+	272	88302678	54903
chr5	88247775	88447775	harbor2	chr5	88314954	88315491	LINE/L2	1687	+	268	88315222	67447
chr5	119764175	119964175	harbor2	chr5	119817226	119818054	LINE/L2	664	+	414	119817640	53465
chr5	119764175	119964175	harbor2	chr5	119844583	119844875	LINE/L2	585	+	146	119844729	80554
chr5	119764175	119964175	harbor2	chr5	119845570	119846137	LINE/L2	1904	+	284	119845854	81679
chr5	119764175	119964175	harbor2	chr5	119846706	119847060	LINE/L2	1904	+	177	119846883	82708
chr5	119764175	119964175	harbor2	chr5	119816182	119816360	LINE/L2	438	+	89	119816271	52096
chr5	133011623	133211623	harbor2	chr5	133025582	133025997	LINE/L2	754	+	208	133025790	14167
chr5	139755432	139955432	harbor2	chr5	139772486	139772931	LINE/L2	803	+	222	139772708	17276
chr5	139755432	139955432	harbor2	chr5	139783654	139783941	LINE/L2	672	+	144	139783798	28366
chr5	139755432	139955432	harbor2	chr5	139784234	139784332	LINE/L2	672	+	49	139784283	28851
chr5	139755432	139955432	harbor2	chr5	139784368	139784763	LINE/L2	1180	+	198	139784566	29134
chr5	139755432	139955432	harbor2	chr5	139785059	139785226	LINE/L2	879	+	84	139785143	29711
chr5	139755432	139955432	harbor2	chr5	139785524	139785750	LINE/L2	879	+	113	139785637	30205
chr5	139755432	139955432	harbor2	chr5	139800151	139800429	LINE/L2	881	+	139	139800290	44858
chr5	139755432	139955432	harbor2	chr5	139800577	139800922	LINE/L2	1185	+	172	139800749	45317
chr5	139755432	139955432	harbor2	chr5	139801222	139801373	LINE/L2	1185	+	76	139801298	45866
chr5	139755432	139955432	harbor2	chr5	139801543	139801910	LINE/L2	905	+	184	139801727	46295
chr5	139755432	139955432	harbor2	chr5	139854124	139854374	LINE/L2	497	+	125	139854249	98817
chr5	55479545	55679545	harbor2	chr5	55508370	55508514	LINE/L2	443	+	72	55508442	28897
chr5	55479545	55679545	harbor2	chr5	55515460	55516359	LINE/L2	1485	+	450	55515910	36365
chr5	55479545	55679545	harbor2	chr5	55528331	55528537	LINE/L2	583	+	103	55528434	48889
chr5	179391211	179591211	harbor2	chr5	179448036	179448265	LINE/L2	418	+	114	179448150	56939
chr5	179391211	179591211	harbor2	chr5	179448295	179448412	LINE/L2	418	+	58	179448353	57142
chr5	179391211	179591211	harbor2	chr5	179488429	179488546	LINE/L2	422	+	58	179488487	97276
chr5	179391211	179591211	harbor2	chr5	179453417	179455013	LINE/L2	1207	+	798	179454215	63004
chr5	175794759	175994759	harbor2	chr5	175815658	175815931	LINE/L2	557	+	136	175815794	21035
chr5	175794759	175994759	harbor2	chr5	175823018	175823267	LINE/L2	558	+	124	175823142	28383
chr5	175794759	175994759	harbor2	chr5	175845203	175845747	LINE/L2	648	+	272	175845475	50716
chr5	175794759	175994759	harbor2	chr5	175857048	175857394	LINE/L2	496	+	173	175857221	62462
chr5	175794759	175994759	harbor2	chr5	175857755	175857891	LINE/L2	496	+	68	175857823	63064
chr5	175794759	175994759	harbor2	chr5	175874326	175874515	LINE/L2	407	+	94	175874420	79661
chr5	175794759	175994759	harbor2	chr5	175876168	175876286	LINE/L2	590	+	59	175876227	81468
chr5	168068816	168268816	harbor2	chr5	168076569	168076699	LINE/L2	603	+	65	168076634	7818
chr5	168068816	168268816	harbor2	chr5	168095265	168095724	LINE/L2	558	+	230	168095495	26679
chr5	168068816	168268816	harbor2	chr5	168149576	168150252	LINE/L2	1544	+	338	168149914	81098
chr5	175733812	175933812	harbor2	chr5	175754074	175754698	LINE/L2	513	+	312	175754386	20574
chr5	175733812	175933812	harbor2	chr5	175786807	175787300	LINE/L2	925	+	246	175787053	53241
chr5	175733812	175933812	harbor2	chr5	175815658	175815931	LINE/L2	557	+	136	175815794	81982
chr5	175733812	175933812	harbor2	chr5	175823018	175823267	LINE/L2	558	+	124	175823142	89330
chr5	155515478	155715478	harbor2	chr5	155592754	155593321	LINE/L2	818	+	284	155593038	77560
chr5	155515478	155715478	harbor2	chr5	155600971	155601274	LINE/L2	716	+	152	155601123	85645
chr5	155515478	155715478	harbor2	chr5	155582396	155582657	LINE/L2	517	+	130	155582526	67048
chr5	170419457	170619457	harbor2	chr5	170424620	170425289	LINE/L2	1106	+	334	170424954	5497
chr5	170419457	170619457	harbor2	chr5	170447861	170448196	LINE/L2	663	+	168	170448029	28572
chr5	170419457	170619457	harbor2	chr5	170493699	170493997	LINE/L2	399	+	149	170493848	74391
chr5	170419457	170619457	harbor2	chr5	170498566	170498704	LINE/L2	497	+	69	170498635	79178
chr5	170419457	170619457	harbor2	chr5	170510071	170510310	LINE/L2	394	+	120	170510191	90734
chr5	63074122	63274122	harbor2	chr5	63115633	63115991	LINE/L2	452	+	179	63115812	41690
chr5	63074122	63274122	harbor2	chr5	63165442	63165911	LINE/L2	645	+	234	63165676	91554
chr5	92866703	93066703	harbor2	chr5	92958813	92959298	LINE/L2	395	+	242	92959055	92352
chr5	175170609	175370609	harbor2	chr5	175239185	175239597	LINE/L2	528	+	206	175239391	68782
chr5	175170609	175370609	harbor2	chr5	175239659	175239991	LINE/L2	393	+	166	175239825	69216
chr5	171730868	171930868	harbor2	chr5	171757556	171757737	LINE/L2	514	+	90	171757646	26778
chr5	171730868	171930868	harbor2	chr5	171810697	171811000	LINE/L2	482	+	152	171810849	79981
chr5	171730868	171930868	harbor2	chr5	171825706	171825824	LINE/L2	491	+	59	171825765	94897
chr5	171730868	171930868	harbor2	chr5	171786154	171786284	LINE/L2	420	+	65	171786219	55351
chr5	158093956	158293956	harbor2	chr5	158094007	158094747	LINE/L2	1730	+	370	158094377	421
chr5	158093956	158293956	harbor2	chr5	158138664	158139116	LINE/L2	841	+	226	158138890	44934
chr5	158093956	158293956	harbor2	chr5	158147995	158148604	LINE/L2	1711	+	304	158148299	54343
chr5	158093956	158293956	harbor2	chr5	158149310	158149408	LINE/L2	387	+	49	158149359	55403
chr5	158093956	158293956	harbor2	chr5	158149430	158149820	LINE/L2	660	+	195	158149625	55669
chr5	133771609	133971609	harbor2	chr5	133779164	133779304	LINE/L2	706	+	70	133779234	7625
chr5	133771609	133971609	harbor2	chr5	133779614	133779828	LINE/L2	706	+	107	133779721	8112
chr5	133771609	133971609	harbor2	chr5	133790474	133791278	LINE/L2	1864	+	402	133790876	19267
chr5	133771609	133971609	harbor2	chr5	133791307	133791537	LINE/L2	1628	+	115	133791422	19813
chr5	133771609	133971609	harbor2	chr5	133801089	133801580	LINE/L2	590	+	246	133801335	29726
chr5	133771609	133971609	harbor2	chr5	133811667	133812869	LINE/L2	2127	+	601	133812268	40659
chr5	42726834	42926834	harbor2	chr5	42741283	42741664	LINE/L2	387	+	190	42741473	14639
chr5	42726834	42926834	harbor2	chr5	42752866	42753141	LINE/L2	411	+	138	42753004	26170
chr5	42726834	42926834	harbor2	chr5	42778557	42779373	LINE/L2	555	+	408	42778965	52131
chr5	37026248	37226248	harbor2	chr5	37109436	37109662	LINE/L2	877	+	113	37109549	83301
chr5	37026248	37226248	harbor2	chr5	37109957	37110330	LINE/L2	877	+	186	37110143	83895
chr5	163798978	163998978	harbor2	chr5	163824675	163825335	LINE/L2	876	+	330	163825005	26027
chr5	163798978	163998978	harbor2	chr5	163875515	163875702	LINE/L2	631	+	94	163875609	76631
chr5	163798978	163998978	harbor2	chr5	163877148	163877317	LINE/L2	412	+	84	163877232	78254
chr5	163798978	163998978	harbor2	chr5	163877593	163877807	LINE/L2	481	+	107	163877700	78722
chr5	160088972	160288972	harbor2	chr5	160181625	160181729	LINE/L2	417	+	52	160181677	92705
chr5	160725356	160925356	harbor2	chr5	160750368	160751187	LINE/L2	470	+	410	160750778	25422
chr5	160725356	160925356	harbor2	chr5	160801418	160801618	LINE/L2	422	+	100	160801518	76162
chr5	160725356	160925356	harbor2	chr5	160825021	160825231	LINE/L2	479	+	105	160825126	99770
chr5	149861530	150061530	harbor2	chr5	149863924	149864222	LINE/L2	720	+	149	149864073	2543
chr5	152450127	152650127	harbor2	chr5	152507893	152508096	LINE/L2	1067	+	102	152507995	57868
chr5	152450127	152650127	harbor2	chr5	152508132	152508537	LINE/L2	1067	+	202	152508334	58207
chr5	152450127	152650127	harbor2	chr5	152522455	152522685	LINE/L2	522	+	115	152522570	72443
chr5	152450127	152650127	harbor2	chr5	152549766	152550404	LINE/L2	1023	+	319	152550085	99958
chr5	179967824	180167824	harbor2	chr5	180046630	180046886	LINE/L2	458	+	128	180046758	78934
chr5	179967824	180167824	harbor2	chr5	180059080	180059514	LINE/L2	455	+	217	180059297	91473
chr5	150465723	150665723	harbor2	chr5	150525837	150526424	LINE/L2	751	+	294	150526131	60408
chr5	82419363	82619363	harbor2	chr5	82490831	82491175	LINE/L2	401	+	172	82491003	71640
chr5	123519188	123719188	harbor2	chr5	123529482	123529586	LINE/L2	402	+	52	123529534	10346
chr5	123519188	123719188	harbor2	chr5	123562120	123562460	LINE/L2	415	+	170	123562290	43102
chr5	123519188	123719188	harbor2	chr5	123602343	123602446	LINE/L2	415	+	52	123602395	83207
chr5	146395613	146595613	harbor2	chr5	146397505	146397684	LINE/L2	473	+	90	146397595	1982
chr5	146395613	146595613	harbor2	chr5	146399712	146400164	LINE/L2	594	+	226	146399938	4325
chr5	146395613	146595613	harbor2	chr5	146409844	146410103	LINE/L2	644	+	130	146409974	14361
chr5	146395613	146595613	harbor2	chr5	146434251	146434577	LINE/L2	669	+	163	146434414	38801
chr5	146395613	146595613	harbor2	chr5	146484687	146485444	LINE/L2	1030	+	378	146485065	89452
chr5	179391642	179591642	harbor2	chr5	179448036	179448265	LINE/L2	418	+	114	179448150	56508
chr5	179391642	179591642	harbor2	chr5	179448295	179448412	LINE/L2	418	+	58	179448353	56711
chr5	179391642	179591642	harbor2	chr5	179488429	179488546	LINE/L2	422	+	58	179488487	96845
chr5	179391642	179591642	harbor2	chr5	179453417	179455013	LINE/L2	1207	+	798	179454215	62573
chr5	168397784	168597784	harbor2	chr5	168421330	168421615	LINE/L2	550	+	142	168421472	23688
chr5	168397784	168597784	harbor2	chr5	168434862	168435420	LINE/L2	1331	+	279	168435141	37357
chr5	168397784	168597784	harbor2	chr5	168435712	168435840	LINE/L2	1331	+	64	168435776	37992
chr5	168397784	168597784	harbor2	chr5	168436143	168436208	LINE/L2	1331	+	32	168436175	38391
chr5	168397784	168597784	harbor2	chr5	168436485	168437310	LINE/L2	1754	+	412	168436897	39113
chr5	168397784	168597784	harbor2	chr5	168437485	168437650	LINE/L2	1290	+	82	168437567	39783
chr5	168397784	168597784	harbor2	chr5	168485905	168486154	LINE/L2	465	+	124	168486029	88245
chr5	180071636	180271636	harbor2	chr5	180095172	180095480	LINE/L2	703	+	154	180095326	23690
chr5	171084776	171284776	harbor2	chr5	171111801	171111956	LINE/L2	443	+	78	171111879	27103
chr5	171084776	171284776	harbor2	chr5	171139491	171140348	LINE/L2	870	+	428	171139919	55143
chr5	65519450	65719450	harbor2	chr5	65553535	65554142	LINE/L2	486	+	304	65553839	34389
chr5	65519450	65719450	harbor2	chr5	65554438	65554652	LINE/L2	466	+	107	65554545	35095
chr5	65519450	65719450	harbor2	chr5	65572663	65573339	LINE/L2	733	+	338	65573001	53551
chr5	65519450	65719450	harbor2	chr5	65580328	65580524	LINE/L2	415	+	98	65580426	60976
chr5	65519450	65719450	harbor2	chr5	65580814	65581007	LINE/L2	415	+	96	65580910	61460
chr5	65519450	65719450	harbor2	chr5	65605791	65606171	LINE/L2	1409	+	190	65605981	86531
chr5	65519450	65719450	harbor2	chr5	65606444	65607022	LINE/L2	1409	+	289	65606733	87283
chr5	65519450	65719450	harbor2	chr5	65609729	65610732	LINE/L2	809	+	502	65610231	90781
chr5	165437225	165637225	harbor2	chr5	165441053	165441132	LINE/L2	1416	+	40	165441093	3868
chr5	165437225	165637225	harbor2	chr5	165444049	165444749	LINE/L2	1557	+	350	165444399	7174
chr5	165437225	165637225	harbor2	chr5	165444766	165444936	LINE/L2	675	+	85	165444851	7626
chr5	165437225	165637225	harbor2	chr5	165445241	165445522	LINE/L2	675	+	140	165445381	8156
chr5	149384362	149584362	harbor2	chr5	149393198	149393516	LINE/L2	435	+	159	149393357	8995
chr5	149384362	149584362	harbor2	chr5	149449652	149449927	LINE/L2	416	+	138	149449790	65428
chr5	160248716	160448716	harbor2	chr5	160261827	160261945	LINE/L2	611	+	59	160261886	13170
chr5	160248716	160448716	harbor2	chr5	160290218	160290254	LINE/L2	456	+	18	160290236	41520
chr5	160248716	160448716	harbor2	chr5	160290568	160290745	LINE/L2	456	+	88	160290656	41940
chr5	160248716	160448716	harbor2	chr5	160330381	160330660	LINE/L2	1817	+	140	160330521	81805
chr5	160248716	160448716	harbor2	chr5	160330953	160331211	LINE/L2	1817	+	129	160331082	82366
chr5	160248716	160448716	harbor2	chr5	160331524	160331844	LINE/L2	1817	+	160	160331684	82968
chr5	160248716	160448716	harbor2	chr5	160332013	160332287	LINE/L2	745	+	137	160332150	83434
chr5	160248716	160448716	harbor2	chr5	160332292	160332967	LINE/L2	1152	+	338	160332630	83914
chr5	160248716	160448716	harbor2	chr5	160335427	160335570	LINE/L2	1409	+	72	160335499	86783
chr5	160248716	160448716	harbor2	chr5	160335882	160336196	LINE/L2	1409	+	157	160336039	87323
chr5	160248716	160448716	harbor2	chr5	160336634	160336993	LINE/L2	1562	+	180	160336814	88098
chr5	160248716	160448716	harbor2	chr5	160337319	160337587	LINE/L2	1562	+	134	160337453	88737
chr5	160248716	160448716	harbor2	chr5	160341101	160341525	LINE/L2	1271	+	212	160341313	92597
chr5	160248716	160448716	harbor2	chr5	160343665	160344019	LINE/L2	399	+	177	160343842	95126
chr5	160248716	160448716	harbor2	chr5	160333633	160334433	LINE/L2	2091	+	400	160334033	85317
chr5	173689405	173889405	harbor2	chr5	173709303	173709515	LINE/L2	533	+	106	173709409	20004
chr5	173689405	173889405	harbor2	chr5	173709536	173709659	LINE/L2	516	+	62	173709598	20193
chr5	173689405	173889405	harbor2	chr5	173714670	173715152	LINE/L2	626	+	241	173714911	25506
chr5	173689405	173889405	harbor2	chr5	173716475	173716866	LINE/L2	438	+	196	173716671	27266
chr5	173689405	173889405	harbor2	chr5	173736353	173736594	LINE/L2	493	+	120	173736473	47068
chr5	173689405	173889405	harbor2	chr5	173737384	173737803	LINE/L2	407	+	210	173737594	48189
chr5	173689405	173889405	harbor2	chr5	173740711	173741059	LINE/L2	810	+	174	173740885	51480
chr5	173689405	173889405	harbor2	chr5	173770927	173771089	LINE/L2	560	+	81	173771008	81603
chr5	173689405	173889405	harbor2	chr5	173783330	173783456	LINE/L2	415	+	63	173783393	93988
chr5	173689405	173889405	harbor2	chr5	173785680	173785911	LINE/L2	662	+	116	173785796	96391
chr5	173689405	173889405	harbor2	chr5	173786266	173786521	LINE/L2	414	+	128	173786394	96989
chr5	58108157	58308157	harbor2	chr5	58123123	58123268	LINE/L2	506	+	72	58123195	15038
chr5	58108157	58308157	harbor2	chr5	58173351	58173811	LINE/L2	560	+	230	58173581	65424
chr5	58108157	58308157	harbor2	chr5	58173852	58174217	LINE/L2	408	+	182	58174034	65877
chr5	58108157	58308157	harbor2	chr5	58174402	58174718	LINE/L2	523	+	158	58174560	66403
chr5	58108157	58308157	harbor2	chr5	58175031	58175123	LINE/L2	523	+	46	58175077	66920
chr5	58108157	58308157	harbor2	chr5	58175121	58175433	LINE/L2	509	+	156	58175277	67120
chr5	118080672	118280672	harbor2	chr5	118088412	118089091	LINE/L2	696	+	340	118088752	8080
chr5	118080672	118280672	harbor2	chr5	118103525	118103652	LINE/L2	401	+	64	118103589	22917
chr5	118080672	118280672	harbor2	chr5	118143701	118143949	LINE/L2	645	+	124	118143825	63153
chr6	29668969	29868969	harbor2	chr6	29730612	29731181	LINE/L2	483	+	284	29730896	61927
chr6	29668969	29868969	harbor2	chr6	29765607	29766203	LINE/L2	1543	+	298	29765905	96936
chr6	29668969	29868969	harbor2	chr6	29766783	29766971	LINE/L2	442	+	94	29766877	97908
chr6	29668969	29868969	harbor2	chr6	29767081	29767821	LINE/L2	1871	+	370	29767451	98482
chr6	143029044	143229044	harbor2	chr6	143111142	143112251	LINE/L2	863	+	554	143111696	82652
chr6	143029044	143229044	harbor2	chr6	143097286	143098749	LINE/L2	3014	+	732	143098018	68974
chr6	153903016	154103016	harbor2	chr6	153990279	153991262	LINE/L2	2381	+	492	153990771	87755
chr6	153903016	154103016	harbor2	chr6	153991535	153991793	LINE/L2	2381	+	129	153991664	88648
chr6	153903016	154103016	harbor2	chr6	153992311	153992480	LINE/L2	570	+	84	153992395	89379
chr6	158215953	158415953	harbor2	chr6	158273233	158273642	LINE/L2	639	+	204	158273437	57484
chr6	158215953	158415953	harbor2	chr6	158274327	158274494	LINE/L2	428	+	84	158274411	58458
chr6	158215953	158415953	harbor2	chr6	158274802	158274865	LINE/L2	428	+	32	158274834	58881
chr6	153957261	154157261	harbor2	chr6	153990279	153991262	LINE/L2	2381	+	492	153990771	33510
chr6	153957261	154157261	harbor2	chr6	153991535	153991793	LINE/L2	2381	+	129	153991664	34403
chr6	153957261	154157261	harbor2	chr6	153992311	153992480	LINE/L2	570	+	84	153992395	35134
chr6	138057692	138257692	harbor2	chr6	138114695	138115856	LINE/L2	684	+	580	138115275	57583
chr6	90906655	91106655	harbor2	chr6	90974482	90974606	LINE/L2	459	+	62	90974544	67889
chr6	160240229	160440229	harbor2	chr6	160278553	160279329	LINE/L2	542	+	388	160278941	38712
chr6	160240229	160440229	harbor2	chr6	160324995	160325300	LINE/L2	466	+	152	160325147	84918
chr6	131542373	131742373	harbor2	chr6	131603927	131604124	LINE/L2	632	+	98	131604025	61652
chr6	131542373	131742373	harbor2	chr6	131618980	131619187	LINE/L2	437	+	104	131619084	76711
chr6	36244557	36444557	harbor2	chr6	36246917	36247404	LINE/L2	623	+	244	36247161	2604
chr6	36244557	36444557	harbor2	chr6	36247401	36247571	LINE/L2	449	+	85	36247486	2929
chr6	36244557	36444557	harbor2	chr6	36314701	36314812	LINE/L2	427	+	56	36314757	70200
chr6	36244557	36444557	harbor2	chr6	36331826	36332545	LINE/L2	825	+	360	36332186	87629
chr6	36244557	36444557	harbor2	chr6	36343105	36343346	LINE/L2	556	+	120	36343225	98668
chr6	137384853	137584853	harbor2	chr6	137397963	137398425	LINE/L2	750	+	231	137398194	13341
chr6	115031139	115231139	harbor2	chr6	115090483	115090772	LINE/L2	995	+	144	115090627	59488
chr6	115031139	115231139	harbor2	chr6	115091285	115092093	LINE/L2	1515	+	404	115091689	60550
chr6	165505728	165705728	harbor2	chr6	165516114	165516378	LINE/L2	682	+	132	165516246	10518
chr6	165505728	165705728	harbor2	chr6	165579447	165580192	LINE/L2	1118	+	372	165579819	74091
chr6	165505728	165705728	harbor2	chr6	165596134	165596448	LINE/L2	1214	+	157	165596291	90563
chr6	165505728	165705728	harbor2	chr6	165596745	165597257	LINE/L2	1214	+	256	165597001	91273
chr6	96630774	96830774	harbor2	chr6	96652821	96653123	LINE/L2	490	+	151	96652972	22198
chr6	122138709	122338709	harbor2	chr6	122185096	122185238	LINE/L2	445	+	71	122185167	46458
chr6	122138709	122338709	harbor2	chr6	122185357	122185526	LINE/L2	491	+	84	122185441	46732
chr6	122138709	122338709	harbor2	chr6	122203389	122204540	LINE/L2	3511	+	576	122203965	65256
chr6	122138709	122338709	harbor2	chr6	122204849	122205428	LINE/L2	3511	+	290	122205139	66430
chr6	122138709	122338709	harbor2	chr6	122222421	122223127	LINE/L2	682	+	353	122222774	84065
chr6	62201863	62401863	harbor2	chr6	62202934	62203079	LINE/L2	420	+	72	62203006	1143
chr6	62201863	62401863	harbor2	chr6	62232220	62232336	LINE/L2	470	+	58	62232278	30415
chr6	62201863	62401863	harbor2	chr6	62273249	62273935	LINE/L2	742	+	343	62273592	71729
chr6	62201863	62401863	harbor2	chr6	62274194	62274771	LINE/L2	742	+	288	62274482	72619
chr6	87971843	88171843	harbor2	chr6	88001322	88001522	LINE/L2	569	+	100	88001422	29579
chr6	97655208	97855208	harbor2	chr6	97660864	97661431	LINE/L2	1057	+	284	97661148	5940
chr6	97655208	97855208	harbor2	chr6	97661508	97661816	LINE/L2	1057	+	154	97661662	6454
chr6	97655208	97855208	harbor2	chr6	97661819	97662335	LINE/L2	414	+	258	97662077	6869
chr6	97655208	97855208	harbor2	chr6	97681849	97682289	LINE/L2	589	+	220	97682069	26861
chr6	72668379	72868379	harbor2	chr6	72712024	72712148	LINE/L2	496	+	62	72712086	43707
chr6	72668379	72868379	harbor2	chr6	72712869	72713058	LINE/L2	421	+	94	72712963	44584
chr6	121539229	121739229	harbor2	chr6	121611761	121612014	LINE/L2	463	+	126	121611887	72658
chr6	139566587	139766587	harbor2	chr6	139641412	139641754	LINE/L2	729	+	171	139641583	74996
chr6	139566587	139766587	harbor2	chr6	139650200	139650752	LINE/L2	679	+	276	139650476	83889
chr6	146843477	147043477	harbor2	chr6	146901229	146901614	LINE/L2	1051	+	192	146901421	57944
chr6	146843477	147043477	harbor2	chr6	146901686	146901705	LINE/L2	1051	+	10	146901696	58219
chr6	133228895	133428895	harbor2	chr6	133249541	133250014	LINE/L2	496	+	236	133249777	20882
chr6	133228895	133428895	harbor2	chr6	133253672	133253902	LINE/L2	700	+	115	133253787	24892
chr6	133228895	133428895	harbor2	chr6	133278147	133278515	LINE/L2	490	+	184	133278331	49436
chr6	29991401	30191401	harbor2	chr6	29995962	29996329	LINE/L2	2744	+	184	29996146	4745
chr6	29991401	30191401	harbor2	chr6	29996913	29997950	LINE/L2	2744	+	518	29997431	6030
chr6	29991401	30191401	harbor2	chr6	30078182	30078619	LINE/L2	906	+	218	30078400	86999
chr6	120243317	120443317	harbor2	chr6	120246109	120247212	LINE/L2	2002	+	552	120246661	3344
chr6	132357172	132557172	harbor2	chr6	132390387	132390626	LINE/L2	461	+	120	132390507	33335
chr6	132357172	132557172	harbor2	chr6	132428145	132428454	LINE/L2	824	+	154	132428299	71127
chr6	23124269	23324269	harbor2	chr6	23209362	23210509	LINE/L2	1240	+	574	23209936	85667
chr6	23124269	23324269	harbor2	chr6	23211093	23211531	LINE/L2	1240	+	219	23211312	87043
chr6	130097882	130297882	harbor2	chr6	130102011	130103046	LINE/L2	777	+	518	130102529	4647
chr6	130097882	130297882	harbor2	chr6	130135988	130136625	LINE/L2	1501	+	318	130136306	38424
chr6	130097882	130297882	harbor2	chr6	130136918	130137128	LINE/L2	864	+	105	130137023	39141
chr6	130097882	130297882	harbor2	chr6	130188584	130189093	LINE/L2	441	+	254	130188838	90956
chr6	170364714	170564714	harbor2	chr6	170407870	170408921	LINE/L2	1125	+	526	170408396	43682
chr6	74997706	75197706	harbor2	chr6	75078506	75078825	LINE/L2	742	+	160	75078666	80960
chr6	74997706	75197706	harbor2	chr6	75092582	75093304	LINE/L2	1258	+	361	75092943	95237
chr6	80852540	81052540	harbor2	chr6	80926762	80927269	LINE/L2	870	+	254	80927016	74476
chr6	80852540	81052540	harbor2	chr6	80927571	80928074	LINE/L2	870	+	252	80927823	75283
chr6	143585689	143785689	harbor2	chr6	143665417	143665868	LINE/L2	1717	+	226	143665643	79954
chr6	143585689	143785689	harbor2	chr6	143684144	143684496	LINE/L2	796	+	176	143684320	98631
chr6	143585689	143785689	harbor2	chr6	143671231	143671720	LINE/L2	1246	+	244	143671475	85786
chr6	161305652	161505652	harbor2	chr6	161379894	161380409	LINE/L2	496	+	258	161380152	74500
chr6	161305652	161505652	harbor2	chr6	161384134	161384262	LINE/L2	468	+	64	161384198	78546
chr6	158730669	158930669	harbor2	chr6	158734426	158734812	LINE/L2	414	+	193	158734619	3950
chr6	158730669	158930669	harbor2	chr6	158808008	158808081	LINE/L2	406	+	36	158808044	77375
chr6	158730669	158930669	harbor2	chr6	158810365	158810539	LINE/L2	413	+	87	158810452	79783
chr6	158730669	158930669	harbor2	chr6	158812695	158813426	LINE/L2	737	+	366	158813061	82392
chr6	158730669	158930669	harbor2	chr6	158826107	158826449	LINE/L2	504	+	171	158826278	95609
chr6	158730669	158930669	harbor2	chr6	158827012	158827124	LINE/L2	504	+	56	158827068	96399
chr6	156328844	156528844	harbor2	chr6	156371475	156371898	LINE/L2	883	+	212	156371687	42843
chr6	156328844	156528844	harbor2	chr6	156424180	156425160	LINE/L2	1642	+	490	156424670	95826
chr6	166679815	166879815	harbor2	chr6	166705068	166705381	LINE/L2	412	+	156	166705224	25409
chr6	155518162	155718162	harbor2	chr6	155547722	155548173	LINE/L2	470	+	226	155547948	29786
chr6	155518162	155718162	harbor2	chr6	155574964	155575786	LINE/L2	1960	+	411	155575375	57213
chr6	161856379	162056379	harbor2	chr6	161888643	161889043	LINE/L2	836	+	200	161888843	32464
chr6	156263374	156463374	harbor2	chr6	156269667	156270511	LINE/L2	546	+	422	156270089	6715
chr6	156263374	156463374	harbor2	chr6	156309867	156310219	LINE/L2	672	+	176	156310043	46669
chr6	161720605	161920605	harbor2	chr6	161802142	161802387	LINE/L2	439	+	122	161802264	81659
chr6	129780150	129980150	harbor2	chr6	129794851	129794968	LINE/L2	470	+	58	129794909	14759
chr6	129780150	129980150	harbor2	chr6	129870561	129870804	LINE/L2	502	+	122	129870683	90533
chr6	146888609	147088609	harbor2	chr6	146901229	146901614	LINE/L2	1051	+	192	146901421	12812
chr6	146888609	147088609	harbor2	chr6	146901686	146901705	LINE/L2	1051	+	10	146901696	13087
chr6	146888609	147088609	harbor2	chr6	146947444	146947898	LINE/L2	645	+	227	146947671	59062
chr6	146888609	147088609	harbor2	chr6	146967057	146967671	LINE/L2	1801	+	307	146967364	78755
chr6	90147112	90347112	harbor2	chr6	90155625	90155901	LINE/L2	897	+	138	90155763	8651
chr6	90147112	90347112	harbor2	chr6	90170292	90170502	LINE/L2	787	+	105	90170397	23285
chr6	90147112	90347112	harbor2	chr6	90182266	90182637	LINE/L2	463	+	186	90182452	35340
chr6	90147112	90347112	harbor2	chr6	90205351	90205410	LINE/L2	632	+	30	90205381	58269
chr6	90147112	90347112	harbor2	chr6	90205603	90205818	LINE/L2	632	+	108	90205711	58599
chr6	159849420	160049420	harbor2	chr6	159902735	159903724	LINE/L2	1986	+	494	159903229	53809
chr6	159849420	160049420	harbor2	chr6	159904259	159905219	LINE/L2	956	+	480	159904739	55319
chr6	159849420	160049420	harbor2	chr6	159910392	159910598	LINE/L2	441	+	103	159910495	61075
chr6	159849420	160049420	harbor2	chr6	159911669	159911995	LINE/L2	607	+	163	159911832	62412
chr6	158008970	158208970	harbor2	chr6	158008722	158009253	LINE/L2	664	+	266	158008988	18
chr6	115317808	115517808	harbor2	chr6	115329230	115329586	LINE/L2	596	+	178	115329408	11600
chr6	115317808	115517808	harbor2	chr6	115329889	115330168	LINE/L2	596	+	140	115330029	12221
chr6	115317808	115517808	harbor2	chr6	115354791	115355109	LINE/L2	496	+	159	115354950	37142
chr6	167670830	167870830	harbor2	chr6	167742162	167742281	LINE/L2	443	+	60	167742222	71392
chr6	127770974	127970974	harbor2	chr6	127794128	127794497	LINE/L2	1028	+	184	127794312	23338
chr6	127770974	127970974	harbor2	chr6	127794579	127794992	LINE/L2	572	+	206	127794785	23811
chr6	127770974	127970974	harbor2	chr6	127816037	127816381	LINE/L2	801	+	172	127816209	45235
chr6	127770974	127970974	harbor2	chr6	127816488	127817252	LINE/L2	879	+	382	127816870	45896
chr6	72276611	72476611	harbor2	chr6	72281671	72282045	LINE/L2	1098	+	187	72281858	5247
chr6	153121046	153321046	harbor2	chr6	153133119	153133440	LINE/L2	869	+	160	153133279	12233
chr6	153121046	153321046	harbor2	chr6	153134821	153134854	LINE/L2	869	+	16	153134837	13791
chr6	153121046	153321046	harbor2	chr6	153135163	153135721	LINE/L2	869	+	279	153135442	14396
chr6	153121046	153321046	harbor2	chr6	153207028	153207350	LINE/L2	534	+	161	153207189	86143
chr6	70577198	70777198	harbor2	chr6	70581911	70582087	LINE/L2	611	+	88	70581999	4801
chr6	70577198	70777198	harbor2	chr6	70582364	70582851	LINE/L2	611	+	244	70582608	5410
chr6	70577198	70777198	harbor2	chr6	70642553	70642890	LINE/L2	3147	+	168	70642721	65523
chr6	70577198	70777198	harbor2	chr6	70643205	70644318	LINE/L2	3147	+	556	70643761	66563
chr6	70577198	70777198	harbor2	chr6	70653970	70654039	LINE/L2	1202	+	34	70654004	76806
chr6	70577198	70777198	harbor2	chr6	70654345	70654585	LINE/L2	1202	+	120	70654465	77267
chr6	70577198	70777198	harbor2	chr6	70654891	70655138	LINE/L2	1202	+	124	70655015	77817
chr6	70577198	70777198	harbor2	chr6	70655609	70655719	LINE/L2	1202	+	55	70655664	78466
chr6	70577198	70777198	harbor2	chr6	70662376	70662708	LINE/L2	449	+	166	70662542	85344
chr6	70577198	70777198	harbor2	chr6	70672234	70672684	LINE/L2	714	+	225	70672459	95261
chr6	117290755	117490755	harbor2	chr6	117292380	117292743	LINE/L2	424	+	182	117292562	1807
chr6	117290755	117490755	harbor2	chr6	117345117	117345566	LINE/L2	472	+	224	117345341	54586
chr6	117290755	117490755	harbor2	chr6	117358169	117358468	LINE/L2	515	+	150	117358319	67564
chr6	117290755	117490755	harbor2	chr6	117358759	117359284	LINE/L2	515	+	262	117359021	68266
chr6	116916365	117116365	harbor2	chr6	116961951	116962192	LINE/L2	1523	+	120	116962071	45706
chr6	116916365	117116365	harbor2	chr6	116962616	116963606	LINE/L2	1523	+	495	116963111	46746
chr6	145015612	145215612	harbor2	chr6	145089941	145090246	LINE/L2	429	+	152	145090093	74481
chr6	145015612	145215612	harbor2	chr6	145090999	145091107	LINE/L2	429	+	54	145091053	75441
chr6	145015612	145215612	harbor2	chr6	145111998	145112801	LINE/L2	1182	+	402	145112400	96788
chr6	125468561	125668561	harbor2	chr6	125527164	125527497	LINE/L2	637	+	166	125527330	58769
chr6	150209643	150409643	harbor2	chr6	150244207	150244412	LINE/L2	436	+	102	150244309	34666
chr6	150209643	150409643	harbor2	chr6	150245020	150245450	LINE/L2	609	+	215	150245235	35592
chr6	150209643	150409643	harbor2	chr6	150280208	150280502	LINE/L2	543	+	147	150280355	70712
chr6	72593689	72793689	harbor2	chr6	72614999	72615612	LINE/L2	669	+	306	72615305	21616
chr6	72593689	72793689	harbor2	chr6	72627721	72628154	LINE/L2	417	+	216	72627937	34248
chr6	72593689	72793689	harbor2	chr6	72628972	72629100	LINE/L2	423	+	64	72629036	35347
chr6	72593689	72793689	harbor2	chr6	72659170	72659411	LINE/L2	541	+	120	72659290	65601
chr6	72593689	72793689	harbor2	chr6	72659815	72660087	LINE/L2	541	+	136	72659951	66262
chr6	82153051	82353051	harbor2	chr6	82199645	82200026	LINE/L2	579	+	190	82199835	46784
chr6	82153051	82353051	harbor2	chr6	82236183	82236331	LINE/L2	619	+	74	82236257	83206
chr6	161954446	162154446	harbor2	chr6	162006442	162006933	LINE/L2	431	+	246	162006688	52242
chr6	104218893	104418893	harbor2	chr6	104236870	104237766	LINE/L2	2475	+	448	104237318	18425
chr6	104218893	104418893	harbor2	chr6	104265933	104266551	LINE/L2	963	+	309	104266242	47349
chr6	104218893	104418893	harbor2	chr6	104279758	104280316	LINE/L2	1172	+	279	104280037	61144
chr6	143423242	143623242	harbor2	chr6	143477299	143477406	LINE/L2	592	+	54	143477353	54111
chr6	143423242	143623242	harbor2	chr6	143522611	143522733	LINE/L2	441	+	61	143522672	99430
chr6	155757033	155957033	harbor2	chr6	155820225	155820349	LINE/L2	705	+	62	155820287	63254
chr6	113526634	113726634	harbor2	chr6	113601011	113601463	LINE/L2	821	+	226	113601237	74603
chr6	113526634	113726634	harbor2	chr6	113601880	113601937	LINE/L2	821	+	28	113601908	75274
chr6	113526634	113726634	harbor2	chr6	113618207	113618456	LINE/L2	410	+	124	113618331	91697
chr6	113526634	113726634	harbor2	chr6	113622017	113623090	LINE/L2	701	+	536	113622553	95919
chr6	101029160	101229160	harbor2	chr6	101102357	101103066	LINE/L2	1004	+	354	101102711	73551
chr6	165795412	165995412	harbor2	chr6	165887201	165887560	LINE/L2	986	+	180	165887381	91969
chr6	165795412	165995412	harbor2	chr6	165888584	165888717	LINE/L2	1032	+	66	165888650	93238
chr6	165795412	165995412	harbor2	chr6	165887597	165888281	LINE/L2	1146	+	342	165887939	92527
chr6	75403514	75603514	harbor2	chr6	75465792	75466411	LINE/L2	1795	+	310	75466102	62588
chr6	75403514	75603514	harbor2	chr6	75464658	75465108	LINE/L2	1571	+	225	75464883	61369
chr6	156818824	157018824	harbor2	chr6	156826248	156826519	LINE/L2	414	+	136	156826384	7560
chr6	156818824	157018824	harbor2	chr6	156912274	156912902	LINE/L2	668	+	314	156912588	93764
chr6	156818824	157018824	harbor2	chr6	156914290	156914881	LINE/L2	972	+	296	156914586	95762
chr6	156583979	156783979	harbor2	chr6	156653687	156653895	LINE/L2	559	+	104	156653791	69812
chr6	156583979	156783979	harbor2	chr6	156653940	156654001	LINE/L2	559	+	30	156653970	69991
chr6	156583979	156783979	harbor2	chr6	156682514	156682797	LINE/L2	465	+	142	156682656	98677
chr6	109930813	110130813	harbor2	chr6	109942980	109944041	LINE/L2	1437	+	530	109943510	12697
chr6	109930813	110130813	harbor2	chr6	109957169	109957514	LINE/L2	1094	+	172	109957341	26528
chr6	109930813	110130813	harbor2	chr6	109958390	109958587	LINE/L2	520	+	98	109958488	27675
chr6	109930813	110130813	harbor2	chr6	109970989	109971713	LINE/L2	672	+	362	109971351	40538
chr6	109930813	110130813	harbor2	chr6	110012048	110012475	LINE/L2	467	+	214	110012262	81449
chr6	109930813	110130813	harbor2	chr6	109985540	109985916	LINE/L2	1184	+	188	109985728	54915
chr6	136041197	136241197	harbor2	chr6	136064728	136064955	LINE/L2	414	+	114	136064842	23645
chr6	136041197	136241197	harbor2	chr6	136094317	136094826	LINE/L2	1674	+	254	136094571	53374
chr6	136041197	136241197	harbor2	chr6	136096913	136097890	LINE/L2	1190	+	488	136097401	56204
chr6	136041197	136241197	harbor2	chr6	136124633	136124752	LINE/L2	493	+	60	136124693	83496
chr6	133055704	133255704	harbor2	chr6	133096997	133097562	LINE/L2	580	+	282	133097279	41575
chr6	133055704	133255704	harbor2	chr6	133107090	133107415	LINE/L2	432	+	162	133107252	51548
chr6	133055704	133255704	harbor2	chr6	133129421	133129727	LINE/L2	612	+	153	133129574	73870
chr6	154734902	154934902	harbor2	chr6	154798386	154798796	LINE/L2	1543	+	205	154798591	63689
chr6	154734902	154934902	harbor2	chr6	154799558	154799775	LINE/L2	930	+	108	154799666	64764
chr6	154734902	154934902	harbor2	chr6	154800086	154800338	LINE/L2	930	+	126	154800212	65310
chr6	145161065	145361065	harbor2	chr6	145202330	145202450	LINE/L2	449	+	60	145202390	41325
chr6	145161065	145361065	harbor2	chr6	145251768	145252193	LINE/L2	411	+	212	145251980	90915
chr6	167949845	168149845	harbor2	chr6	167956387	167956931	LINE/L2	604	+	272	167956659	6814
chr6	138097019	138297019	harbor2	chr6	138114695	138115856	LINE/L2	684	+	580	138115275	18256
chr6	138097019	138297019	harbor2	chr6	138166909	138167939	LINE/L2	1039	+	515	138167424	70405
chr6	138097019	138297019	harbor2	chr6	138191431	138191782	LINE/L2	446	+	176	138191607	94588
chr6	138097019	138297019	harbor2	chr6	138192940	138193550	LINE/L2	607	+	305	138193245	96226
chr6	163531058	163731058	harbor2	chr6	163539405	163539551	LINE/L2	533	+	73	163539478	8420
chr6	163531058	163731058	harbor2	chr6	163554535	163554955	LINE/L2	624	+	210	163554745	23687
chr6	168074650	168274650	harbor2	chr6	168089964	168090755	LINE/L2	553	+	396	168090360	15710
chr6	168074650	168274650	harbor2	chr6	168102465	168102695	LINE/L2	424	+	115	168102580	27930
chr6	112532305	112732305	harbor2	chr6	112559204	112559701	LINE/L2	822	+	248	112559452	27147
chr6	112532305	112732305	harbor2	chr6	112596267	112596549	LINE/L2	591	+	141	112596408	64103
chr6	112532305	112732305	harbor2	chr6	112618110	112618517	LINE/L2	747	+	204	112618314	86009
chr6	83276125	83476125	harbor2	chr6	83353869	83354137	LINE/L2	1135	+	134	83354003	77878
chr6	83276125	83476125	harbor2	chr6	83354432	83354536	LINE/L2	1135	+	52	83354484	78359
chr6	83276125	83476125	harbor2	chr6	83366230	83366464	LINE/L2	418	+	117	83366347	90222
chr6	83276125	83476125	harbor2	chr6	83371888	83372123	LINE/L2	429	+	118	83372006	95881
chr6	158066418	158266418	harbor2	chr6	158157471	158157585	LINE/L2	498	+	57	158157528	91110
chr6	158066418	158266418	harbor2	chr6	158165462	158165889	LINE/L2	792	+	214	158165676	99258
chr6	144120730	144320730	harbor2	chr6	144146969	144147707	LINE/L2	1389	+	369	144147338	26608
chr6	144120730	144320730	harbor2	chr6	144148024	144148370	LINE/L2	711	+	173	144148197	27467
chr6	164416284	164616284	harbor2	chr6	164420212	164421040	LINE/L2	793	+	414	164420626	4342
chr6	164416284	164616284	harbor2	chr6	164438062	164438670	LINE/L2	742	+	304	164438366	22082
chr6	164416284	164616284	harbor2	chr6	164438698	164439078	LINE/L2	742	+	190	164438888	22604
chr6	108950817	109150817	harbor2	chr6	108995862	108996188	LINE/L2	466	+	163	108996025	45208
chr6	108950817	109150817	harbor2	chr6	109014912	109015049	LINE/L2	471	+	68	109014980	64163
chr6	108950817	109150817	harbor2	chr6	109044612	109044742	LINE/L2	568	+	65	109044677	93860
chr6	108950817	109150817	harbor2	chr6	109045036	109045893	LINE/L2	600	+	428	109045464	94647
chr6	65755597	65955597	harbor2	chr6	65778784	65778945	LINE/L2	517	+	80	65778864	23267
chr6	65755597	65955597	harbor2	chr6	65779113	65779294	LINE/L2	637	+	90	65779203	23606
chr6	65755597	65955597	harbor2	chr6	65808238	65808856	LINE/L2	873	+	309	65808547	52950
chr6	96301735	96501735	harbor2	chr6	96309881	96310233	LINE/L2	584	+	176	96310057	8322
chr6	96301735	96501735	harbor2	chr6	96354580	96355701	LINE/L2	1925	+	560	96355140	53405
chr6	96301735	96501735	harbor2	chr6	96356938	96357060	LINE/L2	432	+	61	96356999	55264
chr6	96301735	96501735	harbor2	chr6	96359625	96359957	LINE/L2	598	+	166	96359791	58056
chr6	96301735	96501735	harbor2	chr6	96360326	96360624	LINE/L2	1225	+	149	96360475	58740
chr6	96301735	96501735	harbor2	chr6	96360752	96360977	LINE/L2	1225	+	112	96360864	59129
chr6	96301735	96501735	harbor2	chr6	96361089	96361270	LINE/L2	1225	+	90	96361179	59444
chr6	112793836	112993836	harbor2	chr6	112800055	112800733	LINE/L2	839	+	339	112800394	6558
chr6	112793836	112993836	harbor2	chr6	112834576	112834837	LINE/L2	764	+	130	112834706	40870
chr6	112793836	112993836	harbor2	chr6	112863719	112864331	LINE/L2	453	+	306	112864025	70189
chr6	112793836	112993836	harbor2	chr6	112888790	112889854	LINE/L2	1340	+	532	112889322	95486
chr6	134125113	134325113	harbor2	chr6	134183997	134184216	LINE/L2	558	+	110	134184107	58994
chr6	134125113	134325113	harbor2	chr6	134184530	134184690	LINE/L2	558	+	80	134184610	59497
chr6	134125113	134325113	harbor2	chr6	134184985	134185065	LINE/L2	558	+	40	134185025	59912
chr6	134125113	134325113	harbor2	chr6	134221394	134221608	LINE/L2	491	+	107	134221501	96388
chr6	157528997	157728997	harbor2	chr6	157572692	157572786	LINE/L2	410	+	47	157572739	43742
chr6	157528997	157728997	harbor2	chr6	157574611	157574913	LINE/L2	662	+	151	157574762	45765
chr6	157528997	157728997	harbor2	chr6	157575379	157575859	LINE/L2	662	+	240	157575619	46622
chr6	157528997	157728997	harbor2	chr6	157611918	157612348	LINE/L2	578	+	215	157612133	83136
chr6	158436311	158636311	harbor2	chr6	158530235	158530384	LINE/L2	419	+	74	158530309	93998
chr6	127992873	128192873	harbor2	chr6	127999610	127999850	LINE/L2	563	+	120	127999730	6857
chr6	127992873	128192873	harbor2	chr6	128012951	128013979	LINE/L2	1159	+	514	128013465	20592
chr6	127992873	128192873	harbor2	chr6	128044190	128044989	LINE/L2	683	+	400	128044590	51717
chr6	127992873	128192873	harbor2	chr6	128048383	128048634	LINE/L2	661	+	126	128048509	55636
chr6	127992873	128192873	harbor2	chr6	128048859	128049000	LINE/L2	574	+	70	128048929	56056
chr6	106442911	106642911	harbor2	chr6	106468846	106469491	LINE/L2	842	+	322	106469168	26257
chr6	154697768	154897768	harbor2	chr6	154703204	154703613	LINE/L2	825	+	204	154703408	5640
chr6	118034344	118234344	harbor2	chr6	118104914	118105763	LINE/L2	627	+	424	118105338	70994
chr6	118034344	118234344	harbor2	chr6	118106329	118107185	LINE/L2	878	+	428	118106757	72413
chr6	170617719	170817719	harbor2	chr6	170628537	170629230	LINE/L2	492	+	346	170628883	11164
chr6	170617719	170817719	harbor2	chr6	170671085	170671434	LINE/L2	572	+	174	170671259	53540
chr6	170617719	170817719	harbor2	chr6	170692783	170692984	LINE/L2	510	+	100	170692883	75164
chr6	152479011	152679011	harbor2	chr6	152533465	152533696	LINE/L2	1047	+	116	152533581	54570
chr6	152479011	152679011	harbor2	chr6	152533696	152533856	LINE/L2	512	+	80	152533776	54765
chr6	149360081	149560081	harbor2	chr6	149363706	149364373	LINE/L2	1112	+	334	149364040	3959
chr6	149360081	149560081	harbor2	chr6	149381876	149382223	LINE/L2	847	+	174	149382050	21969
chr6	125081735	125281735	harbor2	chr6	125149301	125149597	LINE/L2	419	+	148	125149449	67714
chr6	125081735	125281735	harbor2	chr6	125169063	125170060	LINE/L2	2646	+	498	125169561	87826
chr6	125081735	125281735	harbor2	chr6	125172626	125172822	LINE/L2	558	+	98	125172724	90989
chr6	125081735	125281735	harbor2	chr6	125175035	125175254	LINE/L2	655	+	110	125175145	93410
chr6	161292729	161492729	harbor2	chr6	161379894	161380409	LINE/L2	496	+	258	161380152	87423
chr6	161292729	161492729	harbor2	chr6	161384134	161384262	LINE/L2	468	+	64	161384198	91469
chr6	128827983	129027983	harbor2	chr6	128868212	128868402	LINE/L2	686	+	95	128868307	40324
chr6	128827983	129027983	harbor2	chr6	128869637	128869917	LINE/L2	709	+	140	128869777	41794
chr6	128827983	129027983	harbor2	chr6	128870902	128871373	LINE/L2	513	+	236	128871138	43155
chr6	128827983	129027983	harbor2	chr6	128898274	128899136	LINE/L2	960	+	431	128898705	70722
chr6	128827983	129027983	harbor2	chr6	128919567	128919805	LINE/L2	557	+	119	128919686	91703
chr6	128827983	129027983	harbor2	chr6	128919935	128920152	LINE/L2	557	+	108	128920043	92060
chr6	150573167	150773167	harbor2	chr6	150612740	150613472	LINE/L2	1081	+	366	150613106	39939
chr6	156566783	156766783	harbor2	chr6	156568220	156568590	LINE/L2	487	+	185	156568405	1622
chr6	156566783	156766783	harbor2	chr6	156653687	156653895	LINE/L2	559	+	104	156653791	87008
chr6	156566783	156766783	harbor2	chr6	156653940	156654001	LINE/L2	559	+	30	156653970	87187
chr6	119577673	119777673	harbor2	chr6	119644494	119644881	LINE/L2	509	+	194	119644688	67015
chr6	156584004	156784004	harbor2	chr6	156653687	156653895	LINE/L2	559	+	104	156653791	69787
chr6	156584004	156784004	harbor2	chr6	156653940	156654001	LINE/L2	559	+	30	156653970	69966
chr6	156584004	156784004	harbor2	chr6	156682514	156682797	LINE/L2	465	+	142	156682656	98652
chr6	118508870	118708870	harbor2	chr6	118593843	118594208	LINE/L2	582	+	182	118594025	85155
chr6	158190498	158390498	harbor2	chr6	158190198	158190580	LINE/L2	1149	+	191	158190389	109
chr6	158190498	158390498	harbor2	chr6	158273233	158273642	LINE/L2	639	+	204	158273437	82939
chr6	158190498	158390498	harbor2	chr6	158274327	158274494	LINE/L2	428	+	84	158274411	83913
chr6	158190498	158390498	harbor2	chr6	158274802	158274865	LINE/L2	428	+	32	158274834	84336
chr6	121774161	121974161	harbor2	chr6	121784569	121784777	LINE/L2	494	+	104	121784673	10512
chr6	121774161	121974161	harbor2	chr6	121785040	121785291	LINE/L2	494	+	126	121785166	11005
chr6	121774161	121974161	harbor2	chr6	121785278	121785675	LINE/L2	611	+	198	121785476	11315
chr6	121774161	121974161	harbor2	chr6	121855807	121856001	LINE/L2	539	+	97	121855904	81743
chr6	65337740	65537740	harbor2	chr6	65388826	65389484	LINE/L2	1108	+	329	65389155	51415
chr6	65337740	65537740	harbor2	chr6	65396127	65396941	LINE/L2	899	+	407	65396534	58794
chr6	65337740	65537740	harbor2	chr6	65398656	65399177	LINE/L2	970	+	260	65398916	61176
chr6	65337740	65537740	harbor2	chr6	65413881	65414103	LINE/L2	445	+	111	65413992	76252
chr6	136359282	136559282	harbor2	chr6	136416096	136416199	LINE/L2	409	+	52	136416148	56866
chr6	160638041	160838041	harbor2	chr6	160694569	160694937	LINE/L2	624	+	184	160694753	56712
chr6	160638041	160838041	harbor2	chr6	160695151	160695448	LINE/L2	624	+	148	160695299	57258
chr6	160638041	160838041	harbor2	chr6	160695633	160695679	LINE/L2	418	+	23	160695656	57615
chr6	160638041	160838041	harbor2	chr6	160696126	160696417	LINE/L2	418	+	146	160696272	58231
chr6	166509450	166709450	harbor2	chr6	166543413	166543778	LINE/L2	715	+	182	166543595	34145
chr6	154042696	154242696	harbor2	chr6	154077762	154078360	LINE/L2	686	+	299	154078061	35365
chr6	83769979	83969979	harbor2	chr6	83845065	83845370	LINE/L2	735	+	152	83845217	75238
chr6	83769979	83969979	harbor2	chr6	83847804	83847925	LINE/L2	458	+	60	83847864	77885
chr6	83769979	83969979	harbor2	chr6	83850550	83851019	LINE/L2	438	+	234	83850784	80805
chr6	116240826	116440826	harbor2	chr6	116303041	116303540	LINE/L2	437	+	250	116303291	62465
chr6	116240826	116440826	harbor2	chr6	116310203	116311388	LINE/L2	1391	+	592	116310795	69969
chr6	116240826	116440826	harbor2	chr6	116311679	116311950	LINE/L2	548	+	136	116311815	70989
chr6	116240826	116440826	harbor2	chr6	116315276	116315509	LINE/L2	543	+	116	116315392	74566
chr6	84171601	84371601	harbor2	chr6	84183253	84184348	LINE/L2	2354	+	548	84183801	12200
chr6	84171601	84371601	harbor2	chr6	84184749	84185091	LINE/L2	1133	+	171	84184920	13319
chr6	84171601	84371601	harbor2	chr6	84229401	84229820	LINE/L2	765	+	210	84229611	58010
chr6	84171601	84371601	harbor2	chr6	84265892	84266219	LINE/L2	533	+	164	84266056	94455
chr6	140105758	140305758	harbor2	chr6	140134354	140134599	LINE/L2	551	+	122	140134476	28718
chr7	102823324	103023324	harbor2	chr7	102862682	102863063	LINE/L2	710	+	190	102862872	39548
chr7	102823324	103023324	harbor2	chr7	102863736	102864299	LINE/L2	554	+	282	102864018	40694
chr7	102823324	103023324	harbor2	chr7	102873163	102873860	LINE/L2	805	+	348	102873511	50187
chr7	148508704	148708704	harbor2	chr7	148547627	148547745	LINE/L2	2309	+	59	148547686	38982
chr7	148508704	148708704	harbor2	chr7	148548044	148548849	LINE/L2	2309	+	402	148548446	39742
chr7	129794382	129994382	harbor2	chr7	129807669	129808101	LINE/L2	614	+	216	129807885	13503
chr7	129794382	129994382	harbor2	chr7	129808445	129808471	LINE/L2	614	+	13	129808458	14076
chr7	129794382	129994382	harbor2	chr7	129868816	129868935	LINE/L2	504	+	60	129868876	74494
chr7	129794382	129994382	harbor2	chr7	129869237	129869607	LINE/L2	504	+	185	129869422	75040
chr7	129794382	129994382	harbor2	chr7	129870622	129871233	LINE/L2	507	+	306	129870928	76546
chr7	152391724	152591724	harbor2	chr7	152394029	152394816	LINE/L2	1312	+	394	152394423	2699
chr7	135320164	135520164	harbor2	chr7	135417615	135417787	LINE/L2	463	+	86	135417701	97537
chr7	96290428	96490428	harbor2	chr7	96336273	96337115	LINE/L2	595	+	421	96336694	46266
chr7	96290428	96490428	harbor2	chr7	96339355	96339438	LINE/L2	621	+	42	96339397	48969
chr7	96290428	96490428	harbor2	chr7	96339787	96340278	LINE/L2	621	+	246	96340033	49605
chr7	96290428	96490428	harbor2	chr7	96353673	96354107	LINE/L2	1342	+	217	96353890	63462
chr7	96290428	96490428	harbor2	chr7	96355823	96356273	LINE/L2	1592	+	225	96356048	65620
chr7	152673224	152873224	harbor2	chr7	152757210	152757578	LINE/L2	722	+	184	152757394	84170
chr7	156141128	156341128	harbor2	chr7	156184634	156185055	LINE/L2	910	+	210	156184844	43716
chr7	71902313	72102313	harbor2	chr7	71950423	71951144	LINE/L2	631	+	360	71950783	48470
chr7	112010964	112210964	harbor2	chr7	112024237	112024757	LINE/L2	1434	+	260	112024497	13533
chr7	112010964	112210964	harbor2	chr7	112044498	112045537	LINE/L2	1166	+	520	112045018	34054
chr7	106812202	107012202	harbor2	chr7	106844060	106844127	LINE/L2	581	+	34	106844094	31892
chr7	106812202	107012202	harbor2	chr7	106844880	106845099	LINE/L2	581	+	110	106844990	32788
chr7	148288457	148488457	harbor2	chr7	148324808	148324897	LINE/L2	701	+	44	148324852	36395
chr7	148288457	148488457	harbor2	chr7	148324315	148324515	LINE/L2	701	+	100	148324415	35958
chr7	55231173	55431173	harbor2	chr7	55274085	55274575	LINE/L2	527	+	245	55274330	43157
chr7	55231173	55431173	harbor2	chr7	55274643	55274997	LINE/L2	669	+	177	55274820	43647
chr7	135866803	136066803	harbor2	chr7	135889212	135889547	LINE/L2	1153	+	168	135889380	22577
chr7	135866803	136066803	harbor2	chr7	135889836	135890623	LINE/L2	1153	+	394	135890230	23427
chr7	135866803	136066803	harbor2	chr7	135935579	135936198	LINE/L2	475	+	310	135935889	69086
chr7	135866803	136066803	harbor2	chr7	135956421	135957020	LINE/L2	604	+	300	135956721	89918
chr7	130801709	131001709	harbor2	chr7	130834806	130835268	LINE/L2	879	+	231	130835037	33328
chr7	130801709	131001709	harbor2	chr7	130835588	130836387	LINE/L2	879	+	400	130835988	34279
chr7	130801709	131001709	harbor2	chr7	130900554	130900882	LINE/L2	443	+	164	130900718	99009
chr7	129161134	129361134	harbor2	chr7	129232978	129233182	LINE/L2	522	+	102	129233080	71946
chr7	129161134	129361134	harbor2	chr7	129233477	129233487	LINE/L2	522	+	5	129233482	72348
chr7	129161134	129361134	harbor2	chr7	129233784	129234037	LINE/L2	522	+	126	129233910	72776
chr7	129161134	129361134	harbor2	chr7	129234659	129234671	LINE/L2	522	+	6	129234665	73531
chr7	129161134	129361134	harbor2	chr7	129234796	129235030	LINE/L2	522	+	117	129234913	73779
chr7	114574153	114774153	harbor2	chr7	114615752	114616140	LINE/L2	466	+	194	114615946	41793
chr7	117603072	117803072	harbor2	chr7	117617394	117618244	LINE/L2	547	+	425	117617819	14747
chr7	117603072	117803072	harbor2	chr7	117618518	117618614	LINE/L2	547	+	48	117618566	15494
chr7	117603072	117803072	harbor2	chr7	117658436	117659451	LINE/L2	926	+	508	117658944	55872
chr7	143673511	143873511	harbor2	chr7	143702501	143702881	LINE/L2	587	+	190	143702691	29180
chr7	143673511	143873511	harbor2	chr7	143732779	143732997	LINE/L2	494	+	109	143732888	59377
chr7	143673511	143873511	harbor2	chr7	143771619	143772391	LINE/L2	1334	+	386	143772005	98494
chr7	113636993	113836993	harbor2	chr7	113706180	113706687	LINE/L2	1187	+	254	113706434	69441
chr7	108197237	108397237	harbor2	chr7	108226949	108227212	LINE/L2	478	+	132	108227081	29844
chr7	108197237	108397237	harbor2	chr7	108229106	108229275	LINE/L2	755	+	84	108229190	31953
chr7	108197237	108397237	harbor2	chr7	108229425	108229748	LINE/L2	755	+	162	108229587	32350
chr7	108197237	108397237	harbor2	chr7	108230151	108230718	LINE/L2	1134	+	284	108230435	33198
chr7	108197237	108397237	harbor2	chr7	108241515	108241675	LINE/L2	588	+	80	108241595	44358
chr7	68941540	69141540	harbor2	chr7	69009881	69009997	LINE/L2	779	+	58	69009939	68399
chr7	68941540	69141540	harbor2	chr7	69008956	69009593	LINE/L2	779	+	318	69009274	67734
chr7	130790798	130990798	harbor2	chr7	130834806	130835268	LINE/L2	879	+	231	130835037	44239
chr7	130790798	130990798	harbor2	chr7	130835588	130836387	LINE/L2	879	+	400	130835988	45190
chr7	150455077	150655077	harbor2	chr7	150467532	150468274	LINE/L2	643	+	371	150467903	12826
chr7	143403404	143603404	harbor2	chr7	143454159	143454854	LINE/L2	1443	+	348	143454507	51103
chr7	143403404	143603404	harbor2	chr7	143467756	143468391	LINE/L2	1845	+	318	143468074	64670
chr7	143403404	143603404	harbor2	chr7	143468686	143468748	LINE/L2	1845	+	31	143468717	65313
chr7	143403404	143603404	harbor2	chr7	143469071	143469123	LINE/L2	1845	+	26	143469097	65693
chr7	143403404	143603404	harbor2	chr7	143470638	143470909	LINE/L2	549	+	136	143470774	67370
chr7	123349681	123549681	harbor2	chr7	123409456	123410001	LINE/L2	674	+	272	123409728	60047
chr7	8695916	8895916	harbor2	chr7	8786680	8787687	LINE/L2	784	+	504	8787184	91268
chr7	119979467	120179467	harbor2	chr7	120019683	120019915	LINE/L2	495	+	116	120019799	40332
chr7	134044141	134244141	harbor2	chr7	134049360	134049818	LINE/L2	453	+	229	134049589	5448
chr7	134044141	134244141	harbor2	chr7	134080968	134081060	LINE/L2	1362	+	46	134081014	36873
chr7	134044141	134244141	harbor2	chr7	134081378	134081617	LINE/L2	1362	+	120	134081498	37357
chr7	134044141	134244141	harbor2	chr7	134133162	134133625	LINE/L2	531	+	232	134133394	89253
chr7	40787092	40987092	harbor2	chr7	40804294	40804440	LINE/L2	516	+	73	40804367	17275
chr7	40787092	40987092	harbor2	chr7	40829667	40830651	LINE/L2	618	+	492	40830159	43067
chr7	40787092	40987092	harbor2	chr7	40851993	40852916	LINE/L2	860	+	462	40852455	65363
chr7	151842393	152042393	harbor2	chr7	151844695	151844838	LINE/L2	616	+	72	151844767	2374
chr7	151842393	152042393	harbor2	chr7	151898673	151898852	LINE/L2	1979	+	90	151898763	56370
chr7	151842393	152042393	harbor2	chr7	151899162	151900267	LINE/L2	1979	+	552	151899714	57321
chr7	151842393	152042393	harbor2	chr7	151900364	151900612	LINE/L2	1979	+	124	151900488	58095
chr7	153100017	153300017	harbor2	chr7	153188766	153189170	LINE/L2	652	+	202	153188968	88951
chr7	156838302	157038302	harbor2	chr7	156897778	156898385	LINE/L2	624	+	304	156898082	59780
chr7	156838302	157038302	harbor2	chr7	156929996	156930249	LINE/L2	615	+	126	156930122	91820
chr7	57446033	57646033	harbor2	chr7	57533344	57533831	LINE/L2	619	+	244	57533588	87555
chr7	134700347	134900347	harbor2	chr7	134771115	134772079	LINE/L2	841	+	482	134771597	71250
chr7	130868684	131068684	harbor2	chr7	130900554	130900882	LINE/L2	443	+	164	130900718	32034
chr7	78324598	78524598	harbor2	chr7	78338276	78338632	LINE/L2	517	+	178	78338454	13856
chr7	78324598	78524598	harbor2	chr7	78396249	78396712	LINE/L2	659	+	232	78396481	71883
chr7	139222123	139422123	harbor2	chr7	139223342	139223412	LINE/L2	460	+	35	139223377	1254
chr7	139222123	139422123	harbor2	chr7	139223719	139223907	LINE/L2	460	+	94	139223813	1690
chr7	120282487	120482487	harbor2	chr7	120363311	120363999	LINE/L2	1345	+	344	120363655	81168
chr7	120282487	120482487	harbor2	chr7	120364024	120364115	LINE/L2	598	+	46	120364070	81583
chr7	120282487	120482487	harbor2	chr7	120377727	120378030	LINE/L2	529	+	152	120377879	95392
chr7	143590674	143790674	harbor2	chr7	143623364	143623662	LINE/L2	545	+	149	143623513	32839
chr7	147541126	147741126	harbor2	chr7	147595850	147596660	LINE/L2	640	+	405	147596255	55129
chr7	147541126	147741126	harbor2	chr7	147597259	147597295	LINE/L2	640	+	18	147597277	56151
chr7	147541126	147741126	harbor2	chr7	147615590	147615984	LINE/L2	631	+	197	147615787	74661
chr7	147541126	147741126	harbor2	chr7	147615972	147616886	LINE/L2	875	+	457	147616429	75303
chr7	147541126	147741126	harbor2	chr7	147634753	147635283	LINE/L2	692	+	265	147635018	93892
chr7	128242757	128442757	harbor2	chr7	128251013	128251355	LINE/L2	617	+	171	128251184	8427
chr7	128242757	128442757	harbor2	chr7	128262000	128262091	LINE/L2	495	+	46	128262046	19289
chr7	128242757	128442757	harbor2	chr7	128262379	128262490	LINE/L2	495	+	56	128262435	19678
chr7	128242757	128442757	harbor2	chr7	128342284	128342447	LINE/L2	1167	+	82	128342366	99609
chr7	140143500	140343500	harbor2	chr7	140235654	140235782	LINE/L2	533	+	64	140235718	92218
chr7	140143500	140343500	harbor2	chr7	140236044	140236095	LINE/L2	533	+	26	140236070	92570
chr7	39223880	39423880	harbor2	chr7	39252683	39253073	LINE/L2	999	+	195	39252878	28998
chr7	39223880	39423880	harbor2	chr7	39311345	39311584	LINE/L2	823	+	120	39311465	87585
chr7	39223880	39423880	harbor2	chr7	39313077	39313578	LINE/L2	928	+	250	39313327	89447
chr7	149045194	149245194	harbor2	chr7	149116065	149116912	LINE/L2	1116	+	424	149116489	71295
chr7	107140879	107340879	harbor2	chr7	107151365	107151519	LINE/L2	1247	+	77	107151442	10563
chr7	107140879	107340879	harbor2	chr7	107151908	107152133	LINE/L2	1247	+	112	107152020	11141
chr7	142867782	143067782	harbor2	chr7	142911430	142911762	LINE/L2	528	+	166	142911596	43814
chr7	142867782	143067782	harbor2	chr7	142919013	142919327	LINE/L2	457	+	157	142919170	51388
chr7	142867782	143067782	harbor2	chr7	142921200	142921277	LINE/L2	808	+	38	142921238	53456
chr7	142867782	143067782	harbor2	chr7	142921580	142922269	LINE/L2	808	+	344	142921924	54142
chr7	142867782	143067782	harbor2	chr7	142949395	142949663	LINE/L2	704	+	134	142949529	81747
chr7	142867782	143067782	harbor2	chr7	142950176	142950375	LINE/L2	496	+	100	142950276	82494
chr7	146762074	146962074	harbor2	chr7	146763116	146763468	LINE/L2	625	+	176	146763292	1218
chr7	146762074	146962074	harbor2	chr7	146770986	146771301	LINE/L2	578	+	158	146771144	9070
chr7	146762074	146962074	harbor2	chr7	146819385	146819832	LINE/L2	798	+	224	146819609	57535
chr7	139719990	139919990	harbor2	chr7	139719404	139720171	LINE/L2	581	+	384	139719788	202
chr7	139719990	139919990	harbor2	chr7	139787678	139787765	LINE/L2	747	+	44	139787722	67732
chr7	139719990	139919990	harbor2	chr7	139799918	139800659	LINE/L2	747	+	370	139800288	80298
chr7	139719990	139919990	harbor2	chr7	139808699	139808871	LINE/L2	533	+	86	139808785	88795
chr7	139719990	139919990	harbor2	chr7	139788281	139788500	LINE/L2	747	+	110	139788391	68401
chr7	156865305	157065305	harbor2	chr7	156897778	156898385	LINE/L2	624	+	304	156898082	32777
chr7	156865305	157065305	harbor2	chr7	156929996	156930249	LINE/L2	615	+	126	156930122	64817
chr7	156401956	156601956	harbor2	chr7	156413350	156413699	LINE/L2	483	+	174	156413524	11568
chr7	156401956	156601956	harbor2	chr7	156464129	156464463	LINE/L2	458	+	167	156464296	62340
chr7	156401956	156601956	harbor2	chr7	156465447	156465659	LINE/L2	570	+	106	156465553	63597
chr7	156401956	156601956	harbor2	chr7	156493722	156494109	LINE/L2	974	+	194	156493916	91960
chr7	92243039	92443039	harbor2	chr7	92259592	92260398	LINE/L2	2373	+	403	92259995	16956
chr7	92243039	92443039	harbor2	chr7	92260698	92260888	LINE/L2	956	+	95	92260793	17754
chr7	92243039	92443039	harbor2	chr7	92286878	92287045	LINE/L2	682	+	84	92286962	43923
chr7	92243039	92443039	harbor2	chr7	92302826	92302948	LINE/L2	461	+	61	92302887	59848
chr7	92243039	92443039	harbor2	chr7	92320506	92321125	LINE/L2	1076	+	310	92320816	77777
chr7	92243039	92443039	harbor2	chr7	92332678	92333742	LINE/L2	943	+	532	92333210	90171
chr7	143362473	143562473	harbor2	chr7	143373994	143375125	LINE/L2	627	+	566	143374560	12087
chr7	143362473	143562473	harbor2	chr7	143454159	143454854	LINE/L2	1443	+	348	143454507	92034
chr7	156887188	157087188	harbor2	chr7	156897778	156898385	LINE/L2	624	+	304	156898082	10894
chr7	156887188	157087188	harbor2	chr7	156929996	156930249	LINE/L2	615	+	126	156930122	42934
chr7	123912276	124112276	harbor2	chr7	123979885	123980168	LINE/L2	1049	+	142	123980027	67751
chr7	86154760	86354760	harbor2	chr7	86185046	86185416	LINE/L2	661	+	185	86185231	30471
chr7	137464289	137664289	harbor2	chr7	137482173	137482629	LINE/L2	955	+	228	137482401	18112
chr7	137464289	137664289	harbor2	chr7	137513047	137513528	LINE/L2	1181	+	240	137513287	48998
chr7	137464289	137664289	harbor2	chr7	137514625	137515433	LINE/L2	986	+	404	137515029	50740
chr7	50847315	51047315	harbor2	chr7	50849421	50850018	LINE/L2	584	+	298	50849719	2404
chr7	50847315	51047315	harbor2	chr7	50937083	50937477	LINE/L2	479	+	197	50937280	89965
chr7	86428718	86628718	harbor2	chr7	86476352	86476777	LINE/L2	934	+	212	86476564	47846
chr7	86428718	86628718	harbor2	chr7	86476792	86477379	LINE/L2	956	+	294	86477086	48368
chr7	86428718	86628718	harbor2	chr7	86489053	86489545	LINE/L2	463	+	246	86489299	60581
chr7	86428718	86628718	harbor2	chr7	86492223	86492697	LINE/L2	1054	+	237	86492460	63742
chr7	46416262	46616262	harbor2	chr7	46445785	46446008	LINE/L2	451	+	112	46445897	29635
chr7	46416262	46616262	harbor2	chr7	46448834	46449334	LINE/L2	1480	+	250	46449084	32822
chr7	46416262	46616262	harbor2	chr7	46449629	46449839	LINE/L2	1480	+	105	46449734	33472
chr7	153649556	153849556	harbor2	chr7	153718490	153718948	LINE/L2	1039	+	229	153718719	69163
chr7	153649556	153849556	harbor2	chr7	153719260	153719466	LINE/L2	1039	+	103	153719363	69807
chr7	68025632	68225632	harbor2	chr7	68099061	68099276	LINE/L2	676	+	108	68099169	73537
chr7	71830047	72030047	harbor2	chr7	71832931	71833368	LINE/L2	492	+	218	71833149	3102
chr7	71830047	72030047	harbor2	chr7	71880540	71880692	LINE/L2	542	+	76	71880616	50569
chr7	155265144	155465144	harbor2	chr7	155289268	155289534	LINE/L2	544	+	133	155289401	24257
chr7	139741525	139941525	harbor2	chr7	139787678	139787765	LINE/L2	747	+	44	139787722	46197
chr7	139741525	139941525	harbor2	chr7	139799918	139800659	LINE/L2	747	+	370	139800288	58763
chr7	139741525	139941525	harbor2	chr7	139808699	139808871	LINE/L2	533	+	86	139808785	67260
chr7	139741525	139941525	harbor2	chr7	139788281	139788500	LINE/L2	747	+	110	139788391	46866
chr7	87269057	87469057	harbor2	chr7	87365940	87366542	LINE/L2	1265	+	301	87366241	97184
chr7	87269057	87469057	harbor2	chr7	87367592	87367830	LINE/L2	562	+	119	87367711	98654
chr7	87269057	87469057	harbor2	chr7	87367826	87368240	LINE/L2	716	+	207	87368033	98976
chr7	127853166	128053166	harbor2	chr7	127867189	127867438	LINE/L2	458	+	124	127867313	14147
chr7	118164179	118364179	harbor2	chr7	118227952	118228332	LINE/L2	816	+	190	118228142	63963
chr7	118164179	118364179	harbor2	chr7	118228557	118229500	LINE/L2	1970	+	472	118229029	64850
chr7	102115261	102315261	harbor2	chr7	102177568	102177883	LINE/L2	659	+	158	102177726	62465
chr7	102115261	102315261	harbor2	chr7	102178202	102178276	LINE/L2	659	+	37	102178239	62978
chr7	115377747	115577747	harbor2	chr7	115462572	115462770	LINE/L2	817	+	99	115462671	84924
chr7	151570336	151770336	harbor2	chr7	151662221	151662627	LINE/L2	518	+	203	151662424	92088
chr7	127044070	127244070	harbor2	chr7	127111607	127111744	LINE/L2	465	+	68	127111675	67605
chr7	127044070	127244070	harbor2	chr7	127112044	127112502	LINE/L2	443	+	229	127112273	68203
chr7	127044070	127244070	harbor2	chr7	127123790	127124727	LINE/L2	983	+	468	127124258	80188
chr7	80873878	81073878	harbor2	chr7	80879971	80880454	LINE/L2	1369	+	242	80880213	6335
chr7	140788529	140988529	harbor2	chr7	140790703	140790824	LINE/L2	796	+	60	140790763	2234
chr7	140788529	140988529	harbor2	chr7	140791128	140791854	LINE/L2	796	+	363	140791491	2962
chr7	140788529	140988529	harbor2	chr7	140792098	140792816	LINE/L2	796	+	359	140792457	3928
chr7	140788529	140988529	harbor2	chr7	140805893	140806443	LINE/L2	469	+	275	140806168	17639
chr7	140788529	140988529	harbor2	chr7	140852613	140853126	LINE/L2	1961	+	256	140852869	64340
chr7	140788529	140988529	harbor2	chr7	140853381	140853979	LINE/L2	1961	+	299	140853680	65151
chr7	140788529	140988529	harbor2	chr7	140886188	140886829	LINE/L2	560	+	320	140886508	97979
chr7	92539694	92739694	harbor2	chr7	92563396	92564295	LINE/L2	835	+	450	92563846	24152
chr7	92539694	92739694	harbor2	chr7	92596457	92596795	LINE/L2	3379	+	169	92596626	56932
chr7	92539694	92739694	harbor2	chr7	92597103	92597420	LINE/L2	3379	+	158	92597261	57567
chr7	92539694	92739694	harbor2	chr7	92597718	92598504	LINE/L2	3379	+	393	92598111	58417
chr7	92539694	92739694	harbor2	chr7	92598824	92599250	LINE/L2	486	+	213	92599037	59343
chr7	107160237	107360237	harbor2	chr7	107253705	107254105	LINE/L2	989	+	200	107253905	93668
chr7	124184453	124384453	harbor2	chr7	124282404	124282830	LINE/L2	869	+	213	124282617	98164
chr7	81854431	82054431	harbor2	chr7	81875808	81876250	LINE/L2	580	+	221	81876029	21598
chr7	81854431	82054431	harbor2	chr7	81942193	81942860	LINE/L2	457	+	334	81942527	88096
chr7	81854431	82054431	harbor2	chr7	81953100	81953502	LINE/L2	744	+	201	81953301	98870
chr7	81854431	82054431	harbor2	chr7	81952502	81952905	LINE/L2	756	+	202	81952704	98273
chr7	140844786	141044786	harbor2	chr7	140852613	140853126	LINE/L2	1961	+	256	140852869	8083
chr7	140844786	141044786	harbor2	chr7	140853381	140853979	LINE/L2	1961	+	299	140853680	8894
chr7	140844786	141044786	harbor2	chr7	140886188	140886829	LINE/L2	560	+	320	140886508	41722
chr7	140844786	141044786	harbor2	chr7	140912170	140912710	LINE/L2	1441	+	270	140912440	67654
chr7	140844786	141044786	harbor2	chr7	140912931	140913387	LINE/L2	1064	+	228	140913159	68373
chr7	30513750	30713750	harbor2	chr7	30556594	30557006	LINE/L2	483	+	206	30556800	43050
chr7	30513750	30713750	harbor2	chr7	30558331	30559078	LINE/L2	2424	+	374	30558705	44955
chr7	30513750	30713750	harbor2	chr7	30559368	30559971	LINE/L2	2424	+	302	30559670	45920
chr7	30513750	30713750	harbor2	chr7	30560557	30560702	LINE/L2	978	+	72	30560629	46879
chr7	148172927	148372927	harbor2	chr7	148206766	148207149	LINE/L2	442	+	192	148206958	34031
chr7	148172927	148372927	harbor2	chr7	148208764	148209131	LINE/L2	894	+	184	148208948	36021
chr7	148172927	148372927	harbor2	chr7	148213995	148214290	LINE/L2	458	+	148	148214143	41216
chr7	148172927	148372927	harbor2	chr7	148247345	148247602	LINE/L2	605	+	128	148247473	74546
chr7	148172927	148372927	harbor2	chr7	148249159	148250491	LINE/L2	1561	+	666	148249825	76898
chr7	148172927	148372927	harbor2	chr7	148209433	148210009	LINE/L2	894	+	288	148209721	36794
chr7	152683854	152883854	harbor2	chr7	152757210	152757578	LINE/L2	722	+	184	152757394	73540
chr7	132827115	133027115	harbor2	chr7	132859768	132859985	LINE/L2	641	+	108	132859876	32761
chr7	132827115	133027115	harbor2	chr7	132866895	132867237	LINE/L2	770	+	171	132867066	39951
chr7	132827115	133027115	harbor2	chr7	132883793	132884144	LINE/L2	816	+	176	132883969	56854
chr7	114034524	114234524	harbor2	chr7	114092923	114093117	LINE/L2	595	+	97	114093020	58496
chr7	114034524	114234524	harbor2	chr7	114093134	114093555	LINE/L2	968	+	210	114093344	58820
chr7	114034524	114234524	harbor2	chr7	114115305	114115898	LINE/L2	558	+	296	114115601	81077
chr7	82324291	82524291	harbor2	chr7	82342190	82342375	LINE/L2	539	+	92	82342282	17991
chr7	151465348	151665348	harbor2	chr7	151468186	151468817	LINE/L2	859	+	316	151468502	3154
chr7	151465348	151665348	harbor2	chr7	151472543	151472763	LINE/L2	486	+	110	151472653	7305
chr8	32835494	33035494	harbor2	chr8	32840125	32840280	LINE/L2	401	+	78	32840203	4709
chr8	32835494	33035494	harbor2	chr8	32876707	32876779	LINE/L2	760	+	36	32876743	41249
chr8	32835494	33035494	harbor2	chr8	32877830	32877948	LINE/L2	760	+	59	32877889	42395
chr8	32835494	33035494	harbor2	chr8	32928837	32929973	LINE/L2	4313	+	568	32929405	93911
chr8	32835494	33035494	harbor2	chr8	32930048	32930791	LINE/L2	4313	+	372	32930420	94926
chr8	122600489	122800489	harbor2	chr8	122611987	122612216	LINE/L2	375	+	114	122612101	11612
chr8	122600489	122800489	harbor2	chr8	122612345	122612535	LINE/L2	386	+	95	122612440	11951
chr8	122600489	122800489	harbor2	chr8	122614439	122614972	LINE/L2	563	+	266	122614705	14216
chr8	122600489	122800489	harbor2	chr8	122661697	122661979	LINE/L2	1052	+	141	122661838	61349
chr8	122600489	122800489	harbor2	chr8	122662405	122662734	LINE/L2	1052	+	164	122662569	62080
chr8	122600489	122800489	harbor2	chr8	122665599	122666249	LINE/L2	1226	+	325	122665924	65435
chr8	122600489	122800489	harbor2	chr8	122666544	122666591	LINE/L2	1226	+	24	122666568	66079
chr8	122600489	122800489	harbor2	chr8	122688019	122688200	LINE/L2	687	+	90	122688109	87620
chr8	122600489	122800489	harbor2	chr8	122699352	122699465	LINE/L2	452	+	56	122699408	98919
chr8	122600489	122800489	harbor2	chr8	122666915	122667592	LINE/L2	1233	+	338	122667253	66764
chr8	132829375	133029375	harbor2	chr8	132830830	132831346	LINE/L2	606	+	258	132831088	1713
chr8	132829375	133029375	harbor2	chr8	132840802	132840946	LINE/L2	369	+	72	132840874	11499
chr8	132829375	133029375	harbor2	chr8	132869088	132869325	LINE/L2	390	+	118	132869206	39831
chr8	132829375	133029375	harbor2	chr8	132919105	132919271	LINE/L2	416	+	83	132919188	89813
chr8	132035604	132235604	harbor2	chr8	132039157	132040089	LINE/L2	1149	+	466	132039623	4019
chr8	132035604	132235604	harbor2	chr8	132052936	132053316	LINE/L2	600	+	190	132053126	17522
chr8	132035604	132235604	harbor2	chr8	132094247	132094877	LINE/L2	549	+	315	132094562	58958
chr8	132035604	132235604	harbor2	chr8	132097944	132098146	LINE/L2	543	+	101	132098045	62441
chr8	132035604	132235604	harbor2	chr8	132112278	132112542	LINE/L2	386	+	132	132112410	76806
chr8	132035604	132235604	harbor2	chr8	132112542	132113068	LINE/L2	2759	+	263	132112805	77201
chr8	132035604	132235604	harbor2	chr8	132114579	132115242	LINE/L2	2759	+	332	132114911	79307
chr8	66731921	66931921	harbor2	chr8	66777242	66777396	LINE/L2	543	+	77	66777319	45398
chr8	66731921	66931921	harbor2	chr8	66786801	66786925	LINE/L2	386	+	62	66786863	54942
chr8	66731921	66931921	harbor2	chr8	66787242	66787308	LINE/L2	386	+	33	66787275	55354
chr8	66731921	66931921	harbor2	chr8	66795730	66795993	LINE/L2	603	+	132	66795862	63941
chr8	113615636	113815636	harbor2	chr8	113642578	113642851	LINE/L2	407	+	136	113642714	27078
chr8	113615636	113815636	harbor2	chr8	113709377	113709781	LINE/L2	654	+	202	113709579	93943
chr8	141386963	141586963	harbor2	chr8	141476404	141476967	LINE/L2	542	+	282	141476686	89723
chr8	143901876	144101876	harbor2	chr8	143987417	143987610	LINE/L2	497	+	96	143987513	85637
chr8	143901876	144101876	harbor2	chr8	143987906	143988123	LINE/L2	497	+	108	143988014	86138
chr8	134772848	134972848	harbor2	chr8	134815501	134816070	LINE/L2	998	+	284	134815785	42937
chr8	134772848	134972848	harbor2	chr8	134853029	134853503	LINE/L2	668	+	237	134853266	80418
chr8	92041702	92241702	harbor2	chr8	92047079	92047641	LINE/L2	1084	+	281	92047360	5658
chr8	92041702	92241702	harbor2	chr8	92050746	92051269	LINE/L2	726	+	262	92051008	9306
chr8	92041702	92241702	harbor2	chr8	92079721	92080179	LINE/L2	407	+	229	92079950	38248
chr8	92041702	92241702	harbor2	chr8	92140479	92140539	LINE/L2	1431	+	30	92140509	98807
chr8	92041702	92241702	harbor2	chr8	92140839	92140997	LINE/L2	1431	+	79	92140918	99216
chr8	92041702	92241702	harbor2	chr8	92141307	92141593	LINE/L2	1431	+	143	92141450	99748
chr8	137348870	137548870	harbor2	chr8	137372579	137373790	LINE/L2	565	+	606	137373185	24315
chr8	137348870	137548870	harbor2	chr8	137388782	137389230	LINE/L2	506	+	224	137389006	40136
chr8	119550816	119750816	harbor2	chr8	119565354	119566182	LINE/L2	972	+	414	119565768	14952
chr8	119550816	119750816	harbor2	chr8	119574959	119575086	LINE/L2	364	+	64	119575023	24207
chr8	119550816	119750816	harbor2	chr8	119646767	119646931	LINE/L2	400	+	82	119646849	96033
chr8	133345337	133545337	harbor2	chr8	133377801	133378065	LINE/L2	750	+	132	133377933	32596
chr8	133345337	133545337	harbor2	chr8	133384668	133384800	LINE/L2	559	+	66	133384734	39397
chr8	133345337	133545337	harbor2	chr8	133419496	133419833	LINE/L2	474	+	168	133419664	74327
chr8	133345337	133545337	harbor2	chr8	133420672	133420890	LINE/L2	366	+	109	133420781	75444
chr8	133345337	133545337	harbor2	chr8	133430705	133430936	LINE/L2	701	+	116	133430821	85484
chr8	133345337	133545337	harbor2	chr8	133431869	133432036	LINE/L2	392	+	84	133431953	86616
chr8	133345337	133545337	harbor2	chr8	133444651	133444767	LINE/L2	501	+	58	133444709	99372
chr8	133345337	133545337	harbor2	chr8	133431266	133431481	LINE/L2	701	+	108	133431374	86037
chr8	86233310	86433310	harbor2	chr8	86290091	86290252	LINE/L2	369	+	80	86290171	56861
chr8	86233310	86433310	harbor2	chr8	86325210	86325306	LINE/L2	526	+	48	86325258	91948
chr8	86233310	86433310	harbor2	chr8	86325638	86325896	LINE/L2	526	+	129	86325767	92457
chr8	131191988	131391988	harbor2	chr8	131199584	131199754	LINE/L2	366	+	85	131199669	7681
chr8	131191988	131391988	harbor2	chr8	131208149	131208256	LINE/L2	427	+	54	131208203	16215
chr8	131191988	131391988	harbor2	chr8	131208730	131209015	LINE/L2	427	+	142	131208872	16884
chr8	131191988	131391988	harbor2	chr8	131209403	131209559	LINE/L2	427	+	78	131209481	17493
chr8	131191988	131391988	harbor2	chr8	131245243	131245943	LINE/L2	1296	+	350	131245593	53605
chr8	140979826	141179826	harbor2	chr8	141002655	141002991	LINE/L2	656	+	168	141002823	22997
chr8	140979826	141179826	harbor2	chr8	141017214	141017633	LINE/L2	404	+	210	141017424	37598
chr8	140979826	141179826	harbor2	chr8	141057453	141057858	LINE/L2	585	+	202	141057655	77829
chr8	101744124	101944124	harbor2	chr8	101786116	101786232	LINE/L2	384	+	58	101786174	42050
chr8	101744124	101944124	harbor2	chr8	101820266	101820359	LINE/L2	423	+	46	101820312	76188
chr8	101744124	101944124	harbor2	chr8	101828068	101828608	LINE/L2	1007	+	270	101828338	84214
chr8	101744124	101944124	harbor2	chr8	101828765	101828923	LINE/L2	1007	+	79	101828844	84720
chr8	111561014	111761014	harbor2	chr8	111604866	111605759	LINE/L2	1330	+	446	111605312	44298
chr8	111561014	111761014	harbor2	chr8	111627309	111627860	LINE/L2	431	+	276	111627585	66571
chr8	98539176	98739176	harbor2	chr8	98552177	98552834	LINE/L2	1217	+	328	98552505	13329
chr8	98539176	98739176	harbor2	chr8	98553226	98553449	LINE/L2	591	+	112	98553338	14162
chr8	98539176	98739176	harbor2	chr8	98630972	98631654	LINE/L2	1676	+	341	98631313	92137
chr8	98539176	98739176	harbor2	chr8	98631964	98632100	LINE/L2	1424	+	68	98632032	92856
chr8	17678203	17878203	harbor2	chr8	17693485	17693904	LINE/L2	429	+	210	17693695	15492
chr8	17678203	17878203	harbor2	chr8	17732346	17733014	LINE/L2	1782	+	334	17732680	54477
chr8	17678203	17878203	harbor2	chr8	17736314	17736573	LINE/L2	862	+	130	17736444	58241
chr8	17678203	17878203	harbor2	chr8	17736884	17737031	LINE/L2	862	+	74	17736958	58755
chr8	17678203	17878203	harbor2	chr8	17745567	17745817	LINE/L2	385	+	125	17745692	67489
chr8	17678203	17878203	harbor2	chr8	17746150	17746334	LINE/L2	385	+	92	17746242	68039
chr8	129305812	129505812	harbor2	chr8	129354703	129354847	LINE/L2	395	+	72	129354775	48963
chr8	129305812	129505812	harbor2	chr8	129373297	129374195	LINE/L2	2887	+	449	129373746	67934
chr8	129305812	129505812	harbor2	chr8	129374306	129375725	LINE/L2	2887	+	710	129375016	69204
chr8	129305812	129505812	harbor2	chr8	129375753	129376123	LINE/L2	2887	+	185	129375938	70126
chr8	125735247	125935247	harbor2	chr8	125765338	125765615	LINE/L2	377	+	138	125765476	30229
chr8	125735247	125935247	harbor2	chr8	125766004	125766137	LINE/L2	377	+	66	125766070	30823
chr8	125735247	125935247	harbor2	chr8	125798494	125799507	LINE/L2	812	+	506	125799000	63753
chr8	125735247	125935247	harbor2	chr8	125822232	125822538	LINE/L2	472	+	153	125822385	87138
chr8	125735247	125935247	harbor2	chr8	125828859	125829466	LINE/L2	885	+	304	125829163	93916
chr8	73964926	74164926	harbor2	chr8	73968751	73969865	LINE/L2	758	+	557	73969308	4382
chr8	73964926	74164926	harbor2	chr8	73997157	73997575	LINE/L2	840	+	209	73997366	32440
chr8	73964926	74164926	harbor2	chr8	74049089	74049245	LINE/L2	534	+	78	74049167	84241
chr8	122989981	123189981	harbor2	chr8	122995687	122996083	LINE/L2	435	+	198	122995885	5904
chr8	122989981	123189981	harbor2	chr8	123038847	123039675	LINE/L2	549	+	414	123039261	49280
chr8	122989981	123189981	harbor2	chr8	123047888	123048011	LINE/L2	680	+	62	123047950	57969
chr8	122989981	123189981	harbor2	chr8	123048253	123048367	LINE/L2	833	+	57	123048310	58329
chr8	122989981	123189981	harbor2	chr8	123048669	123048998	LINE/L2	833	+	164	123048833	58852
chr8	122989981	123189981	harbor2	chr8	123052299	123052568	LINE/L2	752	+	134	123052433	62452
chr8	122989981	123189981	harbor2	chr8	123082346	123082575	LINE/L2	412	+	114	123082460	92479
chr8	122989981	123189981	harbor2	chr8	123083556	123083878	LINE/L2	403	+	161	123083717	93736
chr8	108376556	108576556	harbor2	chr8	108394557	108394855	LINE/L2	515	+	149	108394706	18150
chr8	108376556	108576556	harbor2	chr8	108397630	108397758	LINE/L2	435	+	64	108397694	21138
chr8	108376556	108576556	harbor2	chr8	108403311	108403517	LINE/L2	444	+	103	108403414	26858
chr8	108376556	108576556	harbor2	chr8	108405402	108405724	LINE/L2	410	+	161	108405563	29007
chr8	108376556	108576556	harbor2	chr8	108445933	108446216	LINE/L2	600	+	142	108446075	69519
chr8	134671447	134871447	harbor2	chr8	134707129	134707385	LINE/L2	498	+	128	134707257	35810
chr8	134671447	134871447	harbor2	chr8	134721552	134721861	LINE/L2	441	+	154	134721706	50259
chr8	134671447	134871447	harbor2	chr8	134762531	134763085	LINE/L2	825	+	277	134762808	91361
chr8	134671447	134871447	harbor2	chr8	134763173	134763720	LINE/L2	886	+	274	134763447	92000
chr8	134671447	134871447	harbor2	chr8	134741361	134742117	LINE/L2	392	+	378	134741739	70292
chr8	140406158	140606158	harbor2	chr8	140444924	140445158	LINE/L2	569	+	117	140445041	38883
chr8	140406158	140606158	harbor2	chr8	140500543	140500831	LINE/L2	471	+	144	140500687	94529
chr8	128547797	128747797	harbor2	chr8	128555337	128555723	LINE/L2	569	+	193	128555530	7733
chr8	128547797	128747797	harbor2	chr8	128560297	128560656	LINE/L2	364	+	180	128560477	12680
chr8	128547797	128747797	harbor2	chr8	128606301	128606574	LINE/L2	432	+	136	128606437	58640
chr8	128547797	128747797	harbor2	chr8	128634139	128634435	LINE/L2	412	+	148	128634287	86490
chr8	82662078	82862078	harbor2	chr8	82716370	82716682	LINE/L2	521	+	156	82716526	54448
chr8	113764596	113964596	harbor2	chr8	113854444	113854834	LINE/L2	447	+	195	113854639	90043
chr8	113764596	113964596	harbor2	chr8	113855018	113855865	LINE/L2	462	+	424	113855442	90846
chr8	63433934	63633934	harbor2	chr8	63474510	63474897	LINE/L2	368	+	194	63474704	40770
chr8	22782431	22982431	harbor2	chr8	22803269	22803385	LINE/L2	668	+	58	22803327	20896
chr8	22782431	22982431	harbor2	chr8	22803693	22804044	LINE/L2	668	+	176	22803869	21438
chr8	22782431	22982431	harbor2	chr8	22828325	22830113	LINE/L2	2263	+	894	22829219	46788
chr8	22782431	22982431	harbor2	chr8	22830448	22831452	LINE/L2	2263	+	502	22830950	48519
chr8	22782431	22982431	harbor2	chr8	22868528	22869463	LINE/L2	1923	+	468	22868996	86565
chr8	22782431	22982431	harbor2	chr8	22879233	22879405	LINE/L2	396	+	86	22879319	96888
chr8	22782431	22982431	harbor2	chr8	22881417	22881580	LINE/L2	421	+	82	22881499	99068
chr8	118248287	118448287	harbor2	chr8	118296365	118296631	LINE/L2	609	+	133	118296498	48211
chr8	118248287	118448287	harbor2	chr8	118339942	118340074	LINE/L2	422	+	66	118340008	91721
chr8	91674303	91874303	harbor2	chr8	91750163	91750262	LINE/L2	369	+	50	91750213	75910
chr8	91674303	91874303	harbor2	chr8	91751212	91751451	LINE/L2	557	+	120	91751332	77029
chr8	91674303	91874303	harbor2	chr8	91759890	91760019	LINE/L2	503	+	64	91759954	85651
chr8	127507490	127707490	harbor2	chr8	127531116	127531401	LINE/L2	555	+	142	127531258	23768
chr8	127507490	127707490	harbor2	chr8	127551252	127551330	LINE/L2	370	+	39	127551291	43801
chr8	127507490	127707490	harbor2	chr8	127551337	127552041	LINE/L2	1354	+	352	127551689	44199
chr8	127507490	127707490	harbor2	chr8	127585079	127585355	LINE/L2	502	+	138	127585217	77727
chr8	127507490	127707490	harbor2	chr8	127585398	127585537	LINE/L2	502	+	70	127585468	77978
chr8	127507490	127707490	harbor2	chr8	127585846	127585939	LINE/L2	502	+	46	127585892	78402
chr8	143913192	144113192	harbor2	chr8	143987417	143987610	LINE/L2	497	+	96	143987513	74321
chr8	143913192	144113192	harbor2	chr8	143987906	143988123	LINE/L2	497	+	108	143988014	74822
chr8	143913192	144113192	harbor2	chr8	144005497	144005958	LINE/L2	537	+	230	144005727	92535
chr8	143913192	144113192	harbor2	chr8	144009113	144009990	LINE/L2	1053	+	438	144009551	96359
chr8	91969950	92169950	harbor2	chr8	92025333	92025722	LINE/L2	416	+	194	92025527	55577
chr8	91969950	92169950	harbor2	chr8	92027874	92028039	LINE/L2	433	+	82	92027956	58006
chr8	91969950	92169950	harbor2	chr8	92047079	92047641	LINE/L2	1084	+	281	92047360	77410
chr8	91969950	92169950	harbor2	chr8	92050746	92051269	LINE/L2	726	+	262	92051008	81058
chr8	126079079	126279079	harbor2	chr8	126089360	126089839	LINE/L2	648	+	240	126089600	10521
chr8	126079079	126279079	harbor2	chr8	126103789	126103957	LINE/L2	474	+	84	126103873	24794
chr8	126079079	126279079	harbor2	chr8	126133085	126133338	LINE/L2	386	+	126	126133211	54132
chr8	115240895	115440895	harbor2	chr8	115269716	115270128	LINE/L2	429	+	206	115269922	29027
chr8	115240895	115440895	harbor2	chr8	115270202	115272903	LINE/L2	3490	+	1350	115271552	30657
chr8	115240895	115440895	harbor2	chr8	115315523	115315929	LINE/L2	548	+	203	115315726	74831
chr8	115240895	115440895	harbor2	chr8	115317440	115317779	LINE/L2	1056	+	170	115317610	76715
chr8	115240895	115440895	harbor2	chr8	115318378	115318670	LINE/L2	1056	+	146	115318524	77629
chr8	115240895	115440895	harbor2	chr8	115320974	115321323	LINE/L2	762	+	174	115321148	80253
chr8	120809838	121009838	harbor2	chr8	120833657	120833862	LINE/L2	519	+	102	120833759	23921
chr8	120809838	121009838	harbor2	chr8	120849752	120850054	LINE/L2	529	+	151	120849903	40065
chr8	120809838	121009838	harbor2	chr8	120866041	120866204	LINE/L2	368	+	82	120866123	56285
chr8	120809838	121009838	harbor2	chr8	120878379	120878656	LINE/L2	601	+	138	120878517	68679
chr8	105772674	105972674	harbor2	chr8	105864212	105864580	LINE/L2	556	+	184	105864396	91722
chr8	136521926	136721926	harbor2	chr8	136532861	136533539	LINE/L2	1137	+	339	136533200	11274
chr8	136521926	136721926	harbor2	chr8	136535222	136535485	LINE/L2	505	+	132	136535354	13428
chr8	136521926	136721926	harbor2	chr8	136568917	136569120	LINE/L2	427	+	102	136569019	47093
chr8	136521926	136721926	harbor2	chr8	136580357	136580637	LINE/L2	515	+	140	136580497	58571
chr8	58008491	58208491	harbor2	chr8	58074355	58074675	LINE/L2	555	+	160	58074515	66024
chr8	136964841	137164841	harbor2	chr8	136969310	136969682	LINE/L2	434	+	186	136969496	4655
chr8	136964841	137164841	harbor2	chr8	136979065	136979189	LINE/L2	407	+	62	136979127	14286
chr8	136964841	137164841	harbor2	chr8	137043617	137044082	LINE/L2	453	+	232	137043849	79008
chr8	139539541	139739541	harbor2	chr8	139559144	139559571	LINE/L2	385	+	214	139559358	19817
chr8	139539541	139739541	harbor2	chr8	139598200	139598569	LINE/L2	571	+	184	139598384	58843
chr8	141052174	141252174	harbor2	chr8	141057453	141057858	LINE/L2	585	+	202	141057655	5481
chr8	141052174	141252174	harbor2	chr8	141088549	141088726	LINE/L2	410	+	88	141088637	36463
chr8	141052174	141252174	harbor2	chr8	141147395	141147813	LINE/L2	373	+	209	141147604	95430
chr8	87725827	87925827	harbor2	chr8	87732074	87732277	LINE/L2	367	+	102	87732176	6349
chr8	87725827	87925827	harbor2	chr8	87757752	87757942	LINE/L2	376	+	95	87757847	32020
chr8	115380708	115580708	harbor2	chr8	115387881	115388837	LINE/L2	1738	+	478	115388359	7651
chr8	115380708	115580708	harbor2	chr8	115394959	115395262	LINE/L2	390	+	152	115395111	14403
chr8	115380708	115580708	harbor2	chr8	115395560	115395681	LINE/L2	390	+	60	115395620	14912
chr8	115380708	115580708	harbor2	chr8	115395862	115395966	LINE/L2	427	+	52	115395914	15206
chr8	115380708	115580708	harbor2	chr8	115403415	115403967	LINE/L2	2147	+	276	115403691	22983
chr8	115380708	115580708	harbor2	chr8	115404108	115404169	LINE/L2	2147	+	30	115404138	23430
chr8	115380708	115580708	harbor2	chr8	115404604	115405786	LINE/L2	2147	+	591	115405195	24487
chr8	115380708	115580708	harbor2	chr8	115461428	115461588	LINE/L2	453	+	80	115461508	80800
chr8	134843472	135043472	harbor2	chr8	134853029	134853503	LINE/L2	668	+	237	134853266	9794
chr8	134843472	135043472	harbor2	chr8	134895899	134896307	LINE/L2	421	+	204	134896103	52631
chr8	134843472	135043472	harbor2	chr8	134940894	134941040	LINE/L2	415	+	73	134940967	97495
chr8	129924847	130124847	harbor2	chr8	129951759	129951968	LINE/L2	758	+	104	129951863	27016
chr8	129924847	130124847	harbor2	chr8	129953466	129953666	LINE/L2	421	+	100	129953566	28719
chr8	129924847	130124847	harbor2	chr8	129991175	129991288	LINE/L2	447	+	56	129991231	66384
chr8	129924847	130124847	harbor2	chr8	129993879	129994006	LINE/L2	401	+	64	129993943	69096
chr8	129924847	130124847	harbor2	chr8	129994437	129994492	LINE/L2	401	+	28	129994465	69618
chr8	124549068	124749068	harbor2	chr8	124553842	124553936	LINE/L2	367	+	47	124553889	4821
chr8	124549068	124749068	harbor2	chr8	124573214	124573587	LINE/L2	396	+	186	124573400	24332
chr8	119578592	119778592	harbor2	chr8	119646767	119646931	LINE/L2	400	+	82	119646849	68257
chr8	119578592	119778592	harbor2	chr8	119667610	119668273	LINE/L2	553	+	332	119667942	89350
chr8	127241927	127441927	harbor2	chr8	127267955	127268094	LINE/L2	388	+	70	127268025	26098
chr8	127241927	127441927	harbor2	chr8	127288741	127289113	LINE/L2	509	+	186	127288927	47000
chr8	127241927	127441927	harbor2	chr8	127308912	127309352	LINE/L2	1488	+	220	127309132	67205
chr8	127241927	127441927	harbor2	chr8	127337538	127337875	LINE/L2	594	+	168	127337706	95779
chr8	127241927	127441927	harbor2	chr8	127341504	127341985	LINE/L2	624	+	240	127341744	99817
chr8	142415878	142615878	harbor2	chr8	142468621	142468995	LINE/L2	955	+	187	142468808	52930
chr8	88377779	88577779	harbor2	chr8	88384223	88385750	LINE/L2	1843	+	764	88384987	7208
chr8	88377779	88577779	harbor2	chr8	88427432	88427700	LINE/L2	369	+	134	88427566	49787
chr8	126466380	126666380	harbor2	chr8	126535293	126535752	LINE/L2	435	+	230	126535523	69143
chr8	126466380	126666380	harbor2	chr8	126537011	126537384	LINE/L2	406	+	186	126537197	70817
chr8	126466380	126666380	harbor2	chr8	126565312	126565623	LINE/L2	768	+	156	126565468	99088
chr8	126466380	126666380	harbor2	chr8	126565920	126566234	LINE/L2	768	+	157	126566077	99697
chr8	84922072	85122072	harbor2	chr8	84932318	84932846	LINE/L2	457	+	264	84932582	10510
chr8	123845879	124045879	harbor2	chr8	123873022	123874914	LINE/L2	5650	+	946	123873968	28089
chr8	123845879	124045879	harbor2	chr8	123875214	123876325	LINE/L2	5650	+	556	123875770	29891
chr8	123845879	124045879	harbor2	chr8	123876625	123876863	LINE/L2	1026	+	119	123876744	30865
chr8	123845879	124045879	harbor2	chr8	123876891	123877133	LINE/L2	369	+	121	123877012	31133
chr8	123845879	124045879	harbor2	chr8	123885853	123886195	LINE/L2	442	+	171	123886024	40145
chr8	123845879	124045879	harbor2	chr8	123896769	123897313	LINE/L2	1146	+	272	123897041	51162
chr8	68854144	69054144	harbor2	chr8	68908146	68908336	LINE/L2	520	+	95	68908241	54097
chr8	68854144	69054144	harbor2	chr8	68942283	68942487	LINE/L2	376	+	102	68942385	88241
chr8	121559789	121759789	harbor2	chr8	121590070	121590214	LINE/L2	1435	+	72	121590142	30353
chr8	121559789	121759789	harbor2	chr8	121590420	121590572	LINE/L2	1435	+	76	121590496	30707
chr8	121559789	121759789	harbor2	chr8	121590880	121591110	LINE/L2	1435	+	115	121590995	31206
chr8	113201809	113401809	harbor2	chr8	113221597	113222003	LINE/L2	858	+	203	113221800	19991
chr8	130478667	130678667	harbor2	chr8	130490606	130490722	LINE/L2	366	+	58	130490664	11997
chr8	130478667	130678667	harbor2	chr8	130507691	130507995	LINE/L2	982	+	152	130507843	29176
chr8	130478667	130678667	harbor2	chr8	130513570	130513728	LINE/L2	441	+	79	130513649	34982
chr8	130478667	130678667	harbor2	chr8	130530596	130530992	LINE/L2	815	+	198	130530794	52127
chr8	130478667	130678667	harbor2	chr8	130556685	130557984	LINE/L2	886	+	650	130557335	78668
chr8	104515804	104715804	harbor2	chr8	104550439	104550628	LINE/L2	442	+	94	104550533	34729
chr8	104515804	104715804	harbor2	chr8	104583038	104583659	LINE/L2	786	+	310	104583348	67544
chr8	104515804	104715804	harbor2	chr8	104596132	104596236	LINE/L2	441	+	52	104596184	80380
chr8	104515804	104715804	harbor2	chr8	104603101	104603297	LINE/L2	460	+	98	104603199	87395
chr8	100361852	100561852	harbor2	chr8	100400313	100400439	LINE/L2	381	+	63	100400376	38524
chr8	100361852	100561852	harbor2	chr8	100418672	100418816	LINE/L2	408	+	72	100418744	56892
chr8	109060874	109260874	harbor2	chr8	109073984	109074325	LINE/L2	373	+	170	109074154	13280
chr8	109060874	109260874	harbor2	chr8	109157794	109157925	LINE/L2	414	+	66	109157860	96986
chr8	33191056	33391056	harbor2	chr8	33201440	33201670	LINE/L2	601	+	115	33201555	10499
chr8	33191056	33391056	harbor2	chr8	33219619	33219943	LINE/L2	577	+	162	33219781	28725
chr8	33191056	33391056	harbor2	chr8	33220241	33220367	LINE/L2	577	+	63	33220304	29248
chr8	33191056	33391056	harbor2	chr8	33280501	33281042	LINE/L2	4881	+	270	33280771	89715
chr8	33191056	33391056	harbor2	chr8	33281598	33282460	LINE/L2	4881	+	431	33282029	90973
chr8	33191056	33391056	harbor2	chr8	33282891	33283507	LINE/L2	4881	+	308	33283199	92143
chr8	33191056	33391056	harbor2	chr8	33286154	33286684	LINE/L2	555	+	265	33286419	95363
chr8	105483030	105683030	harbor2	chr8	105568835	105569290	LINE/L2	645	+	228	105569063	86033
chr8	131178775	131378775	harbor2	chr8	131179039	131179185	LINE/L2	405	+	73	131179112	337
chr8	131178775	131378775	harbor2	chr8	131199584	131199754	LINE/L2	366	+	85	131199669	20894
chr8	131178775	131378775	harbor2	chr8	131208149	131208256	LINE/L2	427	+	54	131208203	29428
chr8	131178775	131378775	harbor2	chr8	131208730	131209015	LINE/L2	427	+	142	131208872	30097
chr8	131178775	131378775	harbor2	chr8	131209403	131209559	LINE/L2	427	+	78	131209481	30706
chr8	131178775	131378775	harbor2	chr8	131245243	131245943	LINE/L2	1296	+	350	131245593	66818
chr8	69915173	70115173	harbor2	chr8	69921771	69922116	LINE/L2	904	+	172	69921943	6770
chr8	69915173	70115173	harbor2	chr8	69922436	69922714	LINE/L2	904	+	139	69922575	7402
chr8	69915173	70115173	harbor2	chr8	69923044	69923242	LINE/L2	481	+	99	69923143	7970
chr8	141905435	142105435	harbor2	chr8	141969418	141970267	LINE/L2	838	+	424	141969842	64407
chr8	141905435	142105435	harbor2	chr8	141970337	141970502	LINE/L2	370	+	82	141970419	64984
chr8	86159278	86359278	harbor2	chr8	86164386	86164850	LINE/L2	562	+	232	86164618	5340
chr8	86159278	86359278	harbor2	chr8	86165297	86165501	LINE/L2	422	+	102	86165399	6121
chr8	86159278	86359278	harbor2	chr8	86181494	86182310	LINE/L2	1297	+	408	86181902	22624
chr8	86159278	86359278	harbor2	chr8	86182627	86182759	LINE/L2	425	+	66	86182693	23415
chr8	134488229	134688229	harbor2	chr8	134489333	134490115	LINE/L2	1491	+	391	134489724	1495
chr8	134488229	134688229	harbor2	chr8	134505068	134505304	LINE/L2	496	+	118	134505186	16957
chr8	134488229	134688229	harbor2	chr8	134508508	134508803	LINE/L2	677	+	148	134508656	20427
chr8	134488229	134688229	harbor2	chr8	134567059	134567436	LINE/L2	423	+	188	134567247	79018
chr8	134488229	134688229	harbor2	chr8	134569950	134570356	LINE/L2	489	+	203	134570153	81924
chr8	52009409	52209409	harbor2	chr8	52022401	52022772	LINE/L2	540	+	186	52022587	13178
chr8	135753873	135953873	harbor2	chr8	135824800	135825089	LINE/L2	442	+	144	135824944	71071
chr8	135753873	135953873	harbor2	chr8	135825512	135825669	LINE/L2	442	+	78	135825590	71717
chr8	67991814	68191814	harbor2	chr8	68005108	68005902	LINE/L2	740	+	397	68005505	13691
chr8	67991814	68191814	harbor2	chr8	68013226	68013555	LINE/L2	566	+	164	68013390	21576
chr8	67991814	68191814	harbor2	chr8	68038353	68039068	LINE/L2	1093	+	358	68038711	46897
chr8	67991814	68191814	harbor2	chr8	68039125	68040016	LINE/L2	1451	+	446	68039571	47757
chr8	67991814	68191814	harbor2	chr8	68040326	68040848	LINE/L2	1451	+	261	68040587	48773
chr8	67991814	68191814	harbor2	chr8	68062107	68062973	LINE/L2	518	+	433	68062540	70726
chr8	67991814	68191814	harbor2	chr8	68075427	68075733	LINE/L2	451	+	153	68075580	83766
chr8	143773224	143973224	harbor2	chr8	143842976	143843454	LINE/L2	682	+	239	143843215	69991
chr8	74785289	74985289	harbor2	chr8	74806761	74807341	LINE/L2	400	+	290	74807051	21762
chr8	74785289	74985289	harbor2	chr8	74834976	74835130	LINE/L2	490	+	77	74835053	49764
chr8	74785289	74985289	harbor2	chr8	74859747	74860284	LINE/L2	576	+	268	74860015	74726
chr8	74785289	74985289	harbor2	chr8	74882946	74883145	LINE/L2	431	+	100	74883046	97757
chr8	139754752	139954752	harbor2	chr8	139777007	139777309	LINE/L2	421	+	151	139777158	22406
chr8	139754752	139954752	harbor2	chr8	139838169	139838390	LINE/L2	491	+	110	139838279	83527
chr8	86118807	86318807	harbor2	chr8	86138154	86138498	LINE/L2	505	+	172	86138326	19519
chr8	86118807	86318807	harbor2	chr8	86164386	86164850	LINE/L2	562	+	232	86164618	45811
chr8	86118807	86318807	harbor2	chr8	86165297	86165501	LINE/L2	422	+	102	86165399	46592
chr8	86118807	86318807	harbor2	chr8	86181494	86182310	LINE/L2	1297	+	408	86181902	63095
chr8	86118807	86318807	harbor2	chr8	86182627	86182759	LINE/L2	425	+	66	86182693	63886
chr8	128930423	129130423	harbor2	chr8	128963777	128964105	LINE/L2	403	+	164	128963941	33518
chr8	128930423	129130423	harbor2	chr8	128970508	128971196	LINE/L2	811	+	344	128970852	40429
chr8	128930423	129130423	harbor2	chr8	129012452	129012840	LINE/L2	458	+	194	129012646	82223
chr8	52154516	52354516	harbor2	chr8	52240866	52241086	LINE/L2	421	+	110	52240976	86460
chr8	69327043	69527043	harbor2	chr8	69390509	69390797	LINE/L2	392	+	144	69390653	63610
chr8	69327043	69527043	harbor2	chr8	69391173	69391803	LINE/L2	2129	+	315	69391488	64445
chr8	138691793	138891793	harbor2	chr8	138738959	138739685	LINE/L2	1033	+	363	138739322	47529
chr8	138691793	138891793	harbor2	chr8	138747391	138747794	LINE/L2	436	+	202	138747593	55800
chr8	138691793	138891793	harbor2	chr8	138776707	138776831	LINE/L2	557	+	62	138776769	84976
chr8	126552234	126752234	harbor2	chr8	126565312	126565623	LINE/L2	768	+	156	126565468	13234
chr8	126552234	126752234	harbor2	chr8	126565920	126566234	LINE/L2	768	+	157	126566077	13843
chr8	82520946	82720946	harbor2	chr8	82554125	82554711	LINE/L2	859	+	293	82554418	33472
chr8	82520946	82720946	harbor2	chr8	82619351	82619867	LINE/L2	536	+	258	82619609	98663
chr8	134294299	134494299	harbor2	chr8	134330216	134330354	LINE/L2	444	+	69	134330285	35986
chr8	134294299	134494299	harbor2	chr8	134341338	134341681	LINE/L2	467	+	172	134341510	47211
chr8	134294299	134494299	harbor2	chr8	134372746	134373313	LINE/L2	1088	+	284	134373030	78731
chr8	144726723	144926723	harbor2	chr8	144758217	144758249	LINE/L2	520	+	16	144758233	31510
chr8	144726723	144926723	harbor2	chr8	144758550	144758892	LINE/L2	520	+	171	144758721	31998
chr8	144726723	144926723	harbor2	chr8	144817173	144817545	LINE/L2	582	+	186	144817359	90636
chr8	144726723	144926723	harbor2	chr8	144817841	144818064	LINE/L2	582	+	112	144817953	91230
chr8	115704589	115904589	harbor2	chr8	115708399	115708768	LINE/L2	520	+	184	115708583	3994
chr8	115704589	115904589	harbor2	chr8	115713831	115715105	LINE/L2	1152	+	637	115714468	9879
chr8	115704589	115904589	harbor2	chr8	115735536	115735650	LINE/L2	474	+	57	115735593	31004
chr8	115704589	115904589	harbor2	chr8	115738516	115738967	LINE/L2	714	+	226	115738742	34153
chr8	115704589	115904589	harbor2	chr8	115787727	115788133	LINE/L2	653	+	203	115787930	83341
chr8	115704589	115904589	harbor2	chr8	115797792	115797985	LINE/L2	368	+	96	115797888	93299
chr8	115704589	115904589	harbor2	chr8	115803720	115804122	LINE/L2	536	+	201	115803921	99332
chr8	59999989	60199989	harbor2	chr8	60011807	60011909	LINE/L2	412	+	51	60011858	11869
chr8	59999989	60199989	harbor2	chr8	60025738	60026232	LINE/L2	796	+	247	60025985	25996
chr8	59999989	60199989	harbor2	chr8	60034610	60035084	LINE/L2	367	+	237	60034847	34858
chr8	59999989	60199989	harbor2	chr8	60035251	60035733	LINE/L2	906	+	241	60035492	35503
chr8	59999989	60199989	harbor2	chr8	60075276	60075781	LINE/L2	1106	+	252	60075528	75539
chr8	59999989	60199989	harbor2	chr8	60086078	60086195	LINE/L2	429	+	58	60086136	86147
chr8	130834258	131034258	harbor2	chr8	130837369	130837537	LINE/L2	403	+	84	130837453	3195
chr8	130834258	131034258	harbor2	chr8	130855653	130855978	LINE/L2	399	+	162	130855815	21557
chr8	130834258	131034258	harbor2	chr8	130889872	130890105	LINE/L2	495	+	116	130889988	55730
chr8	130834258	131034258	harbor2	chr8	130898842	130899323	LINE/L2	737	+	240	130899082	64824
chr8	130834258	131034258	harbor2	chr8	130899634	130899693	LINE/L2	532	+	30	130899664	65406
chr8	130834258	131034258	harbor2	chr8	130900455	130901067	LINE/L2	881	+	306	130900761	66503
chr8	130834258	131034258	harbor2	chr8	130911921	130912349	LINE/L2	458	+	214	130912135	77877
chr8	130834258	131034258	harbor2	chr8	130934024	130934104	LINE/L2	373	+	40	130934064	99806
chr8	80707940	80907940	harbor2	chr8	80724616	80725037	LINE/L2	515	+	210	80724826	16886
chr8	84834921	85034921	harbor2	chr8	84837009	84837320	LINE/L2	396	+	156	84837165	2244
chr8	84834921	85034921	harbor2	chr8	84851638	84852014	LINE/L2	366	+	188	84851826	16905
chr8	84834921	85034921	harbor2	chr8	84889256	84889447	LINE/L2	493	+	96	84889352	54431
chr8	84834921	85034921	harbor2	chr8	84889898	84890115	LINE/L2	604	+	108	84890006	55085
chr8	84834921	85034921	harbor2	chr8	84896391	84896690	LINE/L2	804	+	150	84896541	61620
chr8	84834921	85034921	harbor2	chr8	84899072	84899432	LINE/L2	368	+	180	84899252	64331
chr8	84834921	85034921	harbor2	chr8	84932318	84932846	LINE/L2	457	+	264	84932582	97661
chr8	120940536	121140536	harbor2	chr8	120949775	120950114	LINE/L2	631	+	170	120949945	9409
chr8	138577387	138777387	harbor2	chr8	138596284	138596568	LINE/L2	449	+	142	138596426	19039
chr8	138577387	138777387	harbor2	chr8	138631622	138631988	LINE/L2	596	+	183	138631805	54418
chr8	134103965	134303965	harbor2	chr8	134137372	134137493	LINE/L2	396	+	60	134137432	33467
chr8	134103965	134303965	harbor2	chr8	134138166	134138386	LINE/L2	458	+	110	134138276	34311
chr8	134103965	134303965	harbor2	chr8	134139789	134140675	LINE/L2	1733	+	443	134140232	36267
chr8	134103965	134303965	harbor2	chr8	134140905	134141020	LINE/L2	460	+	58	134140963	36998
chr8	134103965	134303965	harbor2	chr8	134180422	134180606	LINE/L2	371	+	92	134180514	76549
chr8	103975478	104175478	harbor2	chr8	104001830	104002398	LINE/L2	679	+	284	104002114	26636
chr8	103975478	104175478	harbor2	chr8	104016151	104016228	LINE/L2	455	+	38	104016189	40711
chr8	103975478	104175478	harbor2	chr8	104030506	104031018	LINE/L2	1640	+	256	104030762	55284
chr8	141411682	141611682	harbor2	chr8	141476404	141476967	LINE/L2	542	+	282	141476686	65004
chr8	141411682	141611682	harbor2	chr8	141505046	141505489	LINE/L2	1132	+	222	141505268	93586
chr8	96819223	97019223	harbor2	chr8	96822585	96822899	LINE/L2	428	+	157	96822742	3519
chr8	96819223	97019223	harbor2	chr8	96837233	96837806	LINE/L2	709	+	286	96837519	18296
chr8	96819223	97019223	harbor2	chr8	96838609	96838746	LINE/L2	397	+	68	96838677	19454
chr8	96819223	97019223	harbor2	chr8	96845005	96845409	LINE/L2	896	+	202	96845207	25984
chr8	96819223	97019223	harbor2	chr8	96856425	96856622	LINE/L2	418	+	98	96856523	37300
chr8	133622265	133822265	harbor2	chr8	133623348	133623491	LINE/L2	530	+	72	133623420	1155
chr8	133622265	133822265	harbor2	chr8	133623786	133624123	LINE/L2	530	+	168	133623954	1689
chr8	133622265	133822265	harbor2	chr8	133678787	133679112	LINE/L2	373	+	162	133678949	56684
chr8	133622265	133822265	harbor2	chr8	133697218	133697643	LINE/L2	689	+	212	133697430	75165
chr8	104735627	104935627	harbor2	chr8	104793055	104793199	LINE/L2	488	+	72	104793127	57500
chr8	104735627	104935627	harbor2	chr8	104827895	104828279	LINE/L2	1038	+	192	104828087	92460
chr8	104735627	104935627	harbor2	chr8	104828793	104829151	LINE/L2	949	+	179	104828972	93345
chr8	129037790	129237790	harbor2	chr8	129052286	129052503	LINE/L2	473	+	108	129052394	14604
chr8	129037790	129237790	harbor2	chr8	129052828	129052991	LINE/L2	473	+	82	129052910	15120
chr8	129037790	129237790	harbor2	chr8	129072855	129073039	LINE/L2	533	+	92	129072947	35157
chr8	129037790	129237790	harbor2	chr8	129107478	129107535	LINE/L2	394	+	28	129107506	69716
chr8	129037790	129237790	harbor2	chr8	129107688	129107827	LINE/L2	394	+	70	129107758	69968
chr8	115304157	115504157	harbor2	chr8	115315523	115315929	LINE/L2	548	+	203	115315726	11569
chr8	115304157	115504157	harbor2	chr8	115317440	115317779	LINE/L2	1056	+	170	115317610	13453
chr8	115304157	115504157	harbor2	chr8	115318378	115318670	LINE/L2	1056	+	146	115318524	14367
chr8	115304157	115504157	harbor2	chr8	115320974	115321323	LINE/L2	762	+	174	115321148	16991
chr8	115304157	115504157	harbor2	chr8	115349931	115350170	LINE/L2	383	+	120	115350051	45894
chr8	115304157	115504157	harbor2	chr8	115387881	115388837	LINE/L2	1738	+	478	115388359	84202
chr8	115304157	115504157	harbor2	chr8	115394959	115395262	LINE/L2	390	+	152	115395111	90954
chr8	115304157	115504157	harbor2	chr8	115395560	115395681	LINE/L2	390	+	60	115395620	91463
chr8	115304157	115504157	harbor2	chr8	115395862	115395966	LINE/L2	427	+	52	115395914	91757
chr8	115304157	115504157	harbor2	chr8	115403415	115403967	LINE/L2	2147	+	276	115403691	99534
chr8	115304157	115504157	harbor2	chr8	115404108	115404169	LINE/L2	2147	+	30	115404138	99981
chr8	118467950	118667950	harbor2	chr8	118479028	118479281	LINE/L2	880	+	126	118479154	11204
chr8	118467950	118667950	harbor2	chr8	118479630	118479878	LINE/L2	784	+	124	118479754	11804
chr8	118467950	118667950	harbor2	chr8	118491008	118491470	LINE/L2	404	+	231	118491239	23289
chr8	118467950	118667950	harbor2	chr8	118494581	118494875	LINE/L2	408	+	147	118494728	26778
chr8	118467950	118667950	harbor2	chr8	118523511	118525547	LINE/L2	3728	+	1018	118524529	56579
chr8	118467950	118667950	harbor2	chr8	118527047	118527325	LINE/L2	495	+	139	118527186	59236
chr8	118467950	118667950	harbor2	chr8	118565577	118566178	LINE/L2	1148	+	300	118565877	97927
chr8	137729452	137929452	harbor2	chr8	137762488	137763226	LINE/L2	930	+	369	137762857	33405
chr8	81466757	81666757	harbor2	chr8	81516169	81516732	LINE/L2	1593	+	282	81516451	49694
chr8	81466757	81666757	harbor2	chr8	81552660	81552783	LINE/L2	367	+	62	81552722	85965
chr8	112310389	112510389	harbor2	chr8	112325461	112325613	LINE/L2	629	+	76	112325537	15148
chr8	112310389	112510389	harbor2	chr8	112344186	112344445	LINE/L2	374	+	130	112344316	33927
chr8	112310389	112510389	harbor2	chr8	112370394	112370920	LINE/L2	924	+	263	112370657	60268
chr8	112310389	112510389	harbor2	chr8	112375894	112376334	LINE/L2	599	+	220	112376114	65725
chr8	112310389	112510389	harbor2	chr8	112393637	112394922	LINE/L2	1582	+	642	112394279	83890
chr8	67620856	67820856	harbor2	chr8	67657784	67657896	LINE/L2	406	+	56	67657840	36984
chr8	67620856	67820856	harbor2	chr8	67657966	67658409	LINE/L2	406	+	222	67658188	37332
chr8	67620856	67820856	harbor2	chr8	67658435	67659193	LINE/L2	1021	+	379	67658814	37958
chr8	67620856	67820856	harbor2	chr8	67685809	67686020	LINE/L2	556	+	106	67685915	65059
chr8	137471062	137671062	harbor2	chr8	137474085	137474208	LINE/L2	368	+	62	137474147	3085
chr8	137471062	137671062	harbor2	chr8	137478712	137479079	LINE/L2	530	+	184	137478896	7834
chr8	117277292	117477292	harbor2	chr8	117287736	117288251	LINE/L2	536	+	258	117287994	10702
chr8	117277292	117477292	harbor2	chr8	117301611	117301749	LINE/L2	393	+	69	117301680	24388
chr8	117277292	117477292	harbor2	chr8	117303063	117303455	LINE/L2	411	+	196	117303259	25967
chr8	117277292	117477292	harbor2	chr8	117357347	117357465	LINE/L2	415	+	59	117357406	80114
chr8	134352370	134552370	harbor2	chr8	134372746	134373313	LINE/L2	1088	+	284	134373030	20660
chr8	134352370	134552370	harbor2	chr8	134402505	134403004	LINE/L2	1335	+	250	134402755	50385
chr8	134352370	134552370	harbor2	chr8	134403405	134403940	LINE/L2	641	+	268	134403673	51303
chr8	134352370	134552370	harbor2	chr8	134411238	134411873	LINE/L2	726	+	318	134411556	59186
chr8	134352370	134552370	harbor2	chr8	134450848	134451152	LINE/L2	443	+	152	134451000	98630
chr8	54811819	55011819	harbor2	chr8	54816571	54816779	LINE/L2	502	+	104	54816675	4856
chr8	54811819	55011819	harbor2	chr8	54816794	54817262	LINE/L2	678	+	234	54817028	5209
chr8	54811819	55011819	harbor2	chr8	54842629	54842924	LINE/L2	691	+	148	54842777	30958
chr8	54811819	55011819	harbor2	chr8	54874013	54874206	LINE/L2	367	+	96	54874109	62290
chr8	54811819	55011819	harbor2	chr8	54890670	54891032	LINE/L2	433	+	181	54890851	79032
chr8	39106270	39306270	harbor2	chr8	39147524	39147810	LINE/L2	945	+	143	39147667	41397
chr8	39106270	39306270	harbor2	chr8	39148079	39148686	LINE/L2	1455	+	304	39148383	42113
chr8	123005513	123205513	harbor2	chr8	123038847	123039675	LINE/L2	549	+	414	123039261	33748
chr8	123005513	123205513	harbor2	chr8	123047888	123048011	LINE/L2	680	+	62	123047950	42437
chr8	123005513	123205513	harbor2	chr8	123048253	123048367	LINE/L2	833	+	57	123048310	42797
chr8	123005513	123205513	harbor2	chr8	123048669	123048998	LINE/L2	833	+	164	123048833	43320
chr8	123005513	123205513	harbor2	chr8	123052299	123052568	LINE/L2	752	+	134	123052433	46920
chr8	123005513	123205513	harbor2	chr8	123082346	123082575	LINE/L2	412	+	114	123082460	76947
chr8	123005513	123205513	harbor2	chr8	123083556	123083878	LINE/L2	403	+	161	123083717	78204
chr8	123005513	123205513	harbor2	chr8	123095906	123096300	LINE/L2	790	+	197	123096103	90590
chr8	123005513	123205513	harbor2	chr8	123096446	123096699	LINE/L2	415	+	126	123096572	91059
chr8	127934366	128134366	harbor2	chr8	128030624	128030735	LINE/L2	377	+	56	128030680	96314
chr8	144847302	145047302	harbor2	chr8	144924088	144924651	LINE/L2	804	+	282	144924370	77068
chr8	144847302	145047302	harbor2	chr8	144925351	144925660	LINE/L2	549	+	154	144925505	78203
chr8	144847302	145047302	harbor2	chr8	144932793	144933003	LINE/L2	409	+	105	144932898	85596
chr8	131736662	131936662	harbor2	chr8	131747880	131748332	LINE/L2	582	+	226	131748106	11444
chr8	131736662	131936662	harbor2	chr8	131791125	131791428	LINE/L2	670	+	152	131791277	54615
chr8	131736662	131936662	harbor2	chr8	131803318	131803533	LINE/L2	595	+	108	131803426	66764
chr8	131736662	131936662	harbor2	chr8	131818170	131818461	LINE/L2	376	+	146	131818316	81654
chr8	131736662	131936662	harbor2	chr8	131828456	131828775	LINE/L2	421	+	160	131828616	91954
chr8	62207449	62407449	harbor2	chr8	62250739	62251070	LINE/L2	506	+	166	62250905	43456
chr8	107178472	107378472	harbor2	chr8	107225734	107226303	LINE/L2	448	+	284	107226018	47546
chr8	107178472	107378472	harbor2	chr8	107267539	107268193	LINE/L2	500	+	327	107267866	89394
chr8	106794709	106994709	harbor2	chr8	106811479	106811913	LINE/L2	581	+	217	106811696	16987
chr8	106794709	106994709	harbor2	chr8	106836384	106836485	LINE/L2	469	+	50	106836434	41725
chr8	106794709	106994709	harbor2	chr8	106871272	106871573	LINE/L2	403	+	150	106871422	76713
chr8	118682130	118882130	harbor2	chr8	118730424	118730708	LINE/L2	1104	+	142	118730566	48436
chr8	118682130	118882130	harbor2	chr8	118731141	118731355	LINE/L2	1104	+	107	118731248	49118
chr8	118682130	118882130	harbor2	chr8	118765862	118765964	LINE/L2	376	+	51	118765913	83783
chr8	118682130	118882130	harbor2	chr8	118766991	118767138	LINE/L2	392	+	74	118767065	84935
chr8	118682130	118882130	harbor2	chr8	118767655	118768745	LINE/L2	981	+	545	118768200	86070
chr8	81257934	81457934	harbor2	chr8	81286292	81287207	LINE/L2	1395	+	458	81286750	28816
chr8	143928143	144128143	harbor2	chr8	143987417	143987610	LINE/L2	497	+	96	143987513	59370
chr8	143928143	144128143	harbor2	chr8	143987906	143988123	LINE/L2	497	+	108	143988014	59871
chr8	143928143	144128143	harbor2	chr8	144005497	144005958	LINE/L2	537	+	230	144005727	77584
chr8	143928143	144128143	harbor2	chr8	144009113	144009990	LINE/L2	1053	+	438	144009551	81408
chr8	82452601	82652601	harbor2	chr8	82506754	82506815	LINE/L2	612	+	30	82506784	54183
chr8	82452601	82652601	harbor2	chr8	82507108	82507360	LINE/L2	612	+	126	82507234	54633
chr8	136316121	136516121	harbor2	chr8	136325948	136326206	LINE/L2	395	+	129	136326077	9956
chr8	136316121	136516121	harbor2	chr8	136346150	136346426	LINE/L2	590	+	138	136346288	30167
chr8	136316121	136516121	harbor2	chr8	136380902	136381225	LINE/L2	426	+	162	136381064	64943
chr8	100473971	100673971	harbor2	chr8	100499679	100499992	LINE/L2	572	+	156	100499835	25864
chr8	100473971	100673971	harbor2	chr8	100503905	100503980	LINE/L2	380	+	38	100503943	29972
chr8	100473971	100673971	harbor2	chr8	100505804	100506194	LINE/L2	1250	+	195	100505999	32028
chr8	100473971	100673971	harbor2	chr8	100506182	100506780	LINE/L2	1302	+	299	100506481	32510
chr8	100473971	100673971	harbor2	chr8	100557130	100558099	LINE/L2	1837	+	484	100557614	83643
chr8	100473971	100673971	harbor2	chr8	100548057	100548652	LINE/L2	620	+	298	100548355	74384
chr8	103272372	103472372	harbor2	chr8	103303028	103303583	LINE/L2	552	+	278	103303306	30934
chr8	103272372	103472372	harbor2	chr8	103330551	103330773	LINE/L2	425	+	111	103330662	58290
chr8	103272372	103472372	harbor2	chr8	103353084	103353776	LINE/L2	515	+	346	103353430	81058
chr8	103272372	103472372	harbor2	chr8	103362940	103363353	LINE/L2	1160	+	206	103363146	90774
chr8	103825947	104025947	harbor2	chr8	103907046	103907086	LINE/L2	486	+	20	103907066	81119
chr8	103825947	104025947	harbor2	chr8	103908341	103908422	LINE/L2	486	+	40	103908381	82434
chr8	103825947	104025947	harbor2	chr8	103908507	103909008	LINE/L2	486	+	250	103908757	82810
chr8	103825947	104025947	harbor2	chr8	103907267	103907735	LINE/L2	486	+	234	103907501	81554
chr8	128790441	128990441	harbor2	chr8	128883114	128883510	LINE/L2	480	+	198	128883312	92871
chr8	100408674	100608674	harbor2	chr8	100418672	100418816	LINE/L2	408	+	72	100418744	10070
chr8	100408674	100608674	harbor2	chr8	100468360	100468473	LINE/L2	410	+	56	100468416	59742
chr8	100408674	100608674	harbor2	chr8	100499679	100499992	LINE/L2	572	+	156	100499835	91161
chr8	100408674	100608674	harbor2	chr8	100503905	100503980	LINE/L2	380	+	38	100503943	95269
chr8	100408674	100608674	harbor2	chr8	100505804	100506194	LINE/L2	1250	+	195	100505999	97325
chr8	100408674	100608674	harbor2	chr8	100506182	100506780	LINE/L2	1302	+	299	100506481	97807
chr8	115668369	115868369	harbor2	chr8	115681248	115681840	LINE/L2	1405	+	296	115681544	13175
chr8	115668369	115868369	harbor2	chr8	115708399	115708768	LINE/L2	520	+	184	115708583	40214
chr8	115668369	115868369	harbor2	chr8	115713831	115715105	LINE/L2	1152	+	637	115714468	46099
chr8	115668369	115868369	harbor2	chr8	115735536	115735650	LINE/L2	474	+	57	115735593	67224
chr8	115668369	115868369	harbor2	chr8	115738516	115738967	LINE/L2	714	+	226	115738742	70373
chr8	137894807	138094807	harbor2	chr8	137895196	137896372	LINE/L2	2312	+	588	137895784	977
chr8	137894807	138094807	harbor2	chr8	137932818	137933053	LINE/L2	663	+	118	137932936	38129
chr8	137894807	138094807	harbor2	chr8	137933086	137933320	LINE/L2	582	+	117	137933203	38396
chr8	137894807	138094807	harbor2	chr8	137966508	137966868	LINE/L2	386	+	180	137966688	71881
chr8	137894807	138094807	harbor2	chr8	137972450	137973032	LINE/L2	716	+	291	137972741	77934
chr8	137894807	138094807	harbor2	chr8	137974065	137974487	LINE/L2	417	+	211	137974276	79469
chr9	107556332	107756332	harbor2	chr9	107596598	107596721	LINE/L2	418	+	62	107596660	40328
chr9	107556332	107756332	harbor2	chr9	107628542	107629278	LINE/L2	845	+	368	107628910	72578
chr9	107556332	107756332	harbor2	chr9	107640539	107640954	LINE/L2	614	+	208	107640747	84415
chr9	98108223	98308223	harbor2	chr9	98150245	98150618	LINE/L2	398	+	186	98150431	42208
chr9	98108223	98308223	harbor2	chr9	98188026	98188482	LINE/L2	1216	+	228	98188254	80031
chr9	98108223	98308223	harbor2	chr9	98188833	98188876	LINE/L2	1216	+	22	98188855	80632
chr9	126613935	126813935	harbor2	chr9	126654188	126654417	LINE/L2	483	+	114	126654302	40367
chr9	126613935	126813935	harbor2	chr9	126655520	126655646	LINE/L2	516	+	63	126655583	41648
chr9	126613935	126813935	harbor2	chr9	126681224	126681621	LINE/L2	633	+	198	126681422	67487
chr9	126613935	126813935	harbor2	chr9	126681931	126682083	LINE/L2	633	+	76	126682007	68072
chr9	126613935	126813935	harbor2	chr9	126682228	126682612	LINE/L2	633	+	192	126682420	68485
chr9	100258438	100458438	harbor2	chr9	100278285	100278610	LINE/L2	475	+	162	100278447	20009
chr9	100258438	100458438	harbor2	chr9	100296460	100296706	LINE/L2	410	+	123	100296583	38145
chr9	100258438	100458438	harbor2	chr9	100341370	100342421	LINE/L2	1080	+	526	100341896	83458
chr9	100258438	100458438	harbor2	chr9	100353928	100354466	LINE/L2	2281	+	269	100354197	95759
chr9	100258438	100458438	harbor2	chr9	100354885	100355210	LINE/L2	2281	+	162	100355047	96609
chr9	100258438	100458438	harbor2	chr9	100355399	100355595	LINE/L2	1560	+	98	100355497	97059
chr9	78920351	79120351	harbor2	chr9	79003906	79004291	LINE/L2	434	+	192	79004098	83747
chr9	132592966	132792966	harbor2	chr9	132616951	132617074	LINE/L2	457	+	62	132617013	24047
chr9	132592966	132792966	harbor2	chr9	132617142	132617513	LINE/L2	769	+	186	132617328	24362
chr9	132592966	132792966	harbor2	chr9	132664767	132665220	LINE/L2	614	+	226	132664993	72027
chr9	132592966	132792966	harbor2	chr9	132683996	132684330	LINE/L2	818	+	167	132684163	91197
chr9	132592966	132792966	harbor2	chr9	132684332	132685006	LINE/L2	1016	+	337	132684669	91703
chr9	123165155	123365155	harbor2	chr9	123193482	123193974	LINE/L2	807	+	246	123193728	28573
chr9	123165155	123365155	harbor2	chr9	123194085	123194499	LINE/L2	807	+	207	123194292	29137
chr9	123165155	123365155	harbor2	chr9	123194513	123194977	LINE/L2	420	+	232	123194745	29590
chr9	123165155	123365155	harbor2	chr9	123194986	123195334	LINE/L2	1062	+	174	123195160	30005
chr9	123165155	123365155	harbor2	chr9	123202889	123203073	LINE/L2	1117	+	92	123202981	37826
chr9	123165155	123365155	harbor2	chr9	123203369	123203689	LINE/L2	1117	+	160	123203529	38374
chr9	123165155	123365155	harbor2	chr9	123204000	123204076	LINE/L2	706	+	38	123204038	38883
chr9	123165155	123365155	harbor2	chr9	123240637	123240897	LINE/L2	1535	+	130	123240767	75612
chr9	123165155	123365155	harbor2	chr9	123241200	123241221	LINE/L2	1535	+	10	123241210	76055
chr9	123165155	123365155	harbor2	chr9	123241531	123242356	LINE/L2	1535	+	412	123241943	76788
chr9	108440982	108640982	harbor2	chr9	108488245	108488354	LINE/L2	861	+	54	108488299	47317
chr9	108440982	108640982	harbor2	chr9	108488789	108489659	LINE/L2	861	+	435	108489224	48242
chr9	108440982	108640982	harbor2	chr9	108526743	108527074	LINE/L2	675	+	166	108526909	85927
chr9	108440982	108640982	harbor2	chr9	108537381	108537498	LINE/L2	450	+	58	108537439	96457
chr9	107459913	107659913	harbor2	chr9	107494365	107494499	LINE/L2	426	+	67	107494432	34519
chr9	107459913	107659913	harbor2	chr9	107521817	107522091	LINE/L2	611	+	137	107521954	62041
chr9	107459913	107659913	harbor2	chr9	107522864	107523050	LINE/L2	644	+	93	107522957	63044
chr9	121406825	121606825	harbor2	chr9	121471181	121471430	LINE/L2	479	+	124	121471305	64480
chr9	121406825	121606825	harbor2	chr9	121491435	121491598	LINE/L2	602	+	82	121491517	84692
chr9	121406825	121606825	harbor2	chr9	121491907	121492037	LINE/L2	602	+	65	121491972	85147
chr9	126613982	126813982	harbor2	chr9	126654188	126654417	LINE/L2	483	+	114	126654302	40320
chr9	126613982	126813982	harbor2	chr9	126655520	126655646	LINE/L2	516	+	63	126655583	41601
chr9	126613982	126813982	harbor2	chr9	126681224	126681621	LINE/L2	633	+	198	126681422	67440
chr9	126613982	126813982	harbor2	chr9	126681931	126682083	LINE/L2	633	+	76	126682007	68025
chr9	126613982	126813982	harbor2	chr9	126682228	126682612	LINE/L2	633	+	192	126682420	68438
chr9	133682269	133882269	harbor2	chr9	133686311	133686608	LINE/L2	404	+	148	133686459	4190
chr9	133682269	133882269	harbor2	chr9	133688611	133688813	LINE/L2	421	+	101	133688712	6443
chr9	133682269	133882269	harbor2	chr9	133693060	133693271	LINE/L2	598	+	106	133693166	10897
chr9	133682269	133882269	harbor2	chr9	133717741	133718061	LINE/L2	673	+	160	133717901	35632
chr9	133682269	133882269	harbor2	chr9	133718372	133718519	LINE/L2	673	+	74	133718446	36177
chr9	131452157	131652157	harbor2	chr9	131488567	131489181	LINE/L2	791	+	307	131488874	36717
chr9	131452157	131652157	harbor2	chr9	131489820	131490363	LINE/L2	638	+	272	131490092	37935
chr9	110043025	110243025	harbor2	chr9	110093653	110093924	LINE/L2	418	+	136	110093789	50764
chr9	110043025	110243025	harbor2	chr9	110094129	110094235	LINE/L2	418	+	53	110094182	51157
chr9	110043025	110243025	harbor2	chr9	110102978	110103327	LINE/L2	665	+	174	110103152	60127
chr9	76666041	76866041	harbor2	chr9	76718348	76719214	LINE/L2	1167	+	433	76718781	52740
chr9	99729583	99929583	harbor2	chr9	99730016	99730599	LINE/L2	1090	+	292	99730308	725
chr9	99729583	99929583	harbor2	chr9	99737214	99738150	LINE/L2	1922	+	468	99737682	8099
chr9	99729583	99929583	harbor2	chr9	99746994	99747117	LINE/L2	516	+	62	99747056	17473
chr9	99729583	99929583	harbor2	chr9	99798175	99798596	LINE/L2	731	+	210	99798385	68802
chr9	99729583	99929583	harbor2	chr9	99729246	99729609	LINE/L2	1595	+	182	99729428	155
chr9	107527226	107727226	harbor2	chr9	107596598	107596721	LINE/L2	418	+	62	107596660	69434
chr9	95467272	95667272	harbor2	chr9	95555353	95555746	LINE/L2	638	+	196	95555549	88277
chr9	114087302	114287302	harbor2	chr9	114088161	114088352	LINE/L2	485	+	96	114088257	955
chr9	114087302	114287302	harbor2	chr9	114116641	114116884	LINE/L2	629	+	122	114116763	29461
chr9	114087302	114287302	harbor2	chr9	114117208	114117341	LINE/L2	629	+	66	114117274	29972
chr9	89317874	89517874	harbor2	chr9	89407546	89407828	LINE/L2	401	+	141	89407687	89813
chr9	80899446	81099446	harbor2	chr9	80935026	80936175	LINE/L2	1148	+	574	80935600	36154
chr9	117071547	117271547	harbor2	chr9	117118237	117119119	LINE/L2	888	+	441	117118678	47131
chr9	117071547	117271547	harbor2	chr9	117163765	117163995	LINE/L2	396	+	115	117163880	92333
chr9	129272052	129472052	harbor2	chr9	129272532	129272878	LINE/L2	420	+	173	129272705	653
chr9	129272052	129472052	harbor2	chr9	129275615	129276209	LINE/L2	1086	+	297	129275912	3860
chr9	129272052	129472052	harbor2	chr9	129276501	129277406	LINE/L2	1086	+	452	129276953	4901
chr9	129272052	129472052	harbor2	chr9	129278275	129278409	LINE/L2	413	+	67	129278342	6290
chr9	129272052	129472052	harbor2	chr9	129291049	129291177	LINE/L2	443	+	64	129291113	19061
chr9	129272052	129472052	harbor2	chr9	129309950	129310357	LINE/L2	551	+	204	129310154	38102
chr9	129272052	129472052	harbor2	chr9	129310653	129310758	LINE/L2	551	+	52	129310705	38653
chr9	129272052	129472052	harbor2	chr9	129358895	129359223	LINE/L2	425	+	164	129359059	87007
chr9	134790587	134990587	harbor2	chr9	134862324	134862485	LINE/L2	510	+	80	134862404	71817
chr9	67347834	67547834	harbor2	chr9	67409678	67410074	LINE/L2	654	+	198	67409876	62042
chr9	68782491	68982491	harbor2	chr9	68783607	68784056	LINE/L2	688	+	224	68783831	1340
chr9	68782491	68982491	harbor2	chr9	68791843	68792291	LINE/L2	451	+	224	68792067	9576
chr9	68782491	68982491	harbor2	chr9	68855160	68855760	LINE/L2	1069	+	300	68855460	72969
chr9	68782491	68982491	harbor2	chr9	68856423	68856737	LINE/L2	516	+	157	68856580	74089
chr9	134794885	134994885	harbor2	chr9	134862324	134862485	LINE/L2	510	+	80	134862404	67519
chr9	120169894	120369894	harbor2	chr9	120188459	120188882	LINE/L2	474	+	212	120188671	18777
chr9	120169894	120369894	harbor2	chr9	120199199	120199394	LINE/L2	407	+	98	120199297	29403
chr9	120169894	120369894	harbor2	chr9	120201362	120201484	LINE/L2	459	+	61	120201423	31529
chr9	120169894	120369894	harbor2	chr9	120216912	120217551	LINE/L2	554	+	320	120217232	47338
chr9	120169894	120369894	harbor2	chr9	120234886	120235849	LINE/L2	1898	+	482	120235368	65474
chr9	120169894	120369894	harbor2	chr9	120236882	120237681	LINE/L2	3023	+	400	120237282	67388
chr9	120169894	120369894	harbor2	chr9	120238132	120238706	LINE/L2	3023	+	287	120238419	68525
chr9	120169894	120369894	harbor2	chr9	120238923	120239534	LINE/L2	522	+	306	120239229	69335
chr9	120169894	120369894	harbor2	chr9	120225710	120226133	LINE/L2	727	+	212	120225922	56028
chr9	130586813	130786813	harbor2	chr9	130592852	130593403	LINE/L2	591	+	276	130593128	6315
chr9	130586813	130786813	harbor2	chr9	130605234	130605368	LINE/L2	414	+	67	130605301	18488
chr9	130586813	130786813	harbor2	chr9	130658543	130658647	LINE/L2	492	+	52	130658595	71782
chr9	134067326	134267326	harbor2	chr9	134070781	134070968	LINE/L2	402	+	94	134070875	3549
chr9	123506479	123706479	harbor2	chr9	123526570	123527706	LINE/L2	683	+	568	123527138	20659
chr9	123506479	123706479	harbor2	chr9	123534993	123535299	LINE/L2	1061	+	153	123535146	28667
chr9	123506479	123706479	harbor2	chr9	123535452	123535879	LINE/L2	1061	+	214	123535666	29187
chr9	123506479	123706479	harbor2	chr9	123540973	123541192	LINE/L2	551	+	110	123541083	34604
chr9	123506479	123706479	harbor2	chr9	123518676	123519094	LINE/L2	420	+	209	123518885	12406
chr9	126834794	127034794	harbor2	chr9	126853293	126853429	LINE/L2	427	+	68	126853361	18567
chr9	126834794	127034794	harbor2	chr9	126853743	126853831	LINE/L2	427	+	44	126853787	18993
chr9	126834794	127034794	harbor2	chr9	126912257	126912472	LINE/L2	859	+	108	126912365	77571
chr9	126834794	127034794	harbor2	chr9	126922936	126923092	LINE/L2	510	+	78	126923014	88220
chr9	124772609	124972609	harbor2	chr9	124865416	124865507	LINE/L2	664	+	46	124865462	92853
chr9	124772609	124972609	harbor2	chr9	124866737	124867141	LINE/L2	664	+	202	124866939	94330
chr9	122911468	123111468	harbor2	chr9	122916301	122916424	LINE/L2	521	+	62	122916363	4895
chr9	122911468	123111468	harbor2	chr9	122929760	122930317	LINE/L2	515	+	278	122930038	18570
chr9	122911468	123111468	harbor2	chr9	122950534	122950709	LINE/L2	514	+	88	122950622	39154
chr9	122911468	123111468	harbor2	chr9	123000561	123000675	LINE/L2	482	+	57	123000618	89150
chr9	122911468	123111468	harbor2	chr9	123000815	123000964	LINE/L2	482	+	74	123000889	89421
chr9	114816475	115016475	harbor2	chr9	114820244	114820954	LINE/L2	560	+	355	114820599	4124
chr9	114816475	115016475	harbor2	chr9	114822167	114822313	LINE/L2	560	+	73	114822240	5765
chr9	97532727	97732727	harbor2	chr9	97547630	97547939	LINE/L2	535	+	154	97547784	15057
chr9	97532727	97732727	harbor2	chr9	97547958	97548101	LINE/L2	465	+	72	97548030	15303
chr9	97532727	97732727	harbor2	chr9	97552269	97552569	LINE/L2	808	+	150	97552419	19692
chr9	97532727	97732727	harbor2	chr9	97561085	97561303	LINE/L2	540	+	109	97561194	28467
chr9	97532727	97732727	harbor2	chr9	97561803	97562121	LINE/L2	519	+	159	97561962	29235
chr9	97532727	97732727	harbor2	chr9	97613301	97613418	LINE/L2	564	+	58	97613359	80632
chr9	97532727	97732727	harbor2	chr9	97630536	97630658	LINE/L2	397	+	61	97630597	97870
chr9	97532727	97732727	harbor2	chr9	97630841	97631128	LINE/L2	1129	+	144	97630985	98258
chr9	97532727	97732727	harbor2	chr9	97631421	97631585	LINE/L2	1129	+	82	97631503	98776
chr9	97532727	97732727	harbor2	chr9	97631856	97631961	LINE/L2	1129	+	52	97631908	99181
chr9	97532727	97732727	harbor2	chr9	97632001	97632129	LINE/L2	442	+	64	97632065	99338
chr9	137843348	138043348	harbor2	chr9	137873870	137874394	LINE/L2	698	+	262	137874132	30784
chr9	130280801	130480801	harbor2	chr9	130326112	130326507	LINE/L2	639	+	198	130326310	45509
chr9	130280801	130480801	harbor2	chr9	130356469	130356891	LINE/L2	546	+	211	130356680	75879
chr9	130280801	130480801	harbor2	chr9	130366227	130366455	LINE/L2	528	+	114	130366341	85540
chr9	110852309	111052309	harbor2	chr9	110856562	110858072	LINE/L2	1264	+	755	110857317	5008
chr9	110852309	111052309	harbor2	chr9	110881663	110882347	LINE/L2	719	+	342	110882005	29696
chr9	110852309	111052309	harbor2	chr9	110884109	110884539	LINE/L2	448	+	215	110884324	32015
chr9	87077403	87277403	harbor2	chr9	87078341	87078461	LINE/L2	476	+	60	87078401	998
chr9	87077403	87277403	harbor2	chr9	87092723	87093001	LINE/L2	563	+	139	87092862	15459
chr9	87077403	87277403	harbor2	chr9	87095023	87095460	LINE/L2	598	+	218	87095241	17838
chr9	87077403	87277403	harbor2	chr9	87124834	87125371	LINE/L2	1722	+	268	87125102	47699
chr9	87077403	87277403	harbor2	chr9	87125674	87125819	LINE/L2	1722	+	72	87125746	48343
chr9	87077403	87277403	harbor2	chr9	87125812	87125987	LINE/L2	506	+	88	87125900	48497
chr9	87077403	87277403	harbor2	chr9	87126488	87127027	LINE/L2	1831	+	270	87126758	49355
chr9	87077403	87277403	harbor2	chr9	87127053	87127377	LINE/L2	1831	+	162	87127215	49812
chr9	87077403	87277403	harbor2	chr9	87127523	87127790	LINE/L2	615	+	134	87127657	50254
chr9	87077403	87277403	harbor2	chr9	87128770	87129112	LINE/L2	461	+	171	87128941	51538
chr9	97740641	97940641	harbor2	chr9	97748181	97748513	LINE/L2	482	+	166	97748347	7706
chr9	113213443	113413443	harbor2	chr9	113281566	113281979	LINE/L2	651	+	206	113281772	68329
chr9	75984471	76184471	harbor2	chr9	75993482	75993583	LINE/L2	866	+	50	75993532	9061
chr9	75984471	76184471	harbor2	chr9	75994125	75994375	LINE/L2	866	+	125	75994250	9779
chr9	75984471	76184471	harbor2	chr9	75994722	75995369	LINE/L2	866	+	324	75995046	10575
chr9	75984471	76184471	harbor2	chr9	76077147	76077394	LINE/L2	603	+	124	76077271	92800
chr9	75984471	76184471	harbor2	chr9	76080057	76080288	LINE/L2	501	+	116	76080173	95702
chr9	120189137	120389137	harbor2	chr9	120199199	120199394	LINE/L2	407	+	98	120199297	10160
chr9	120189137	120389137	harbor2	chr9	120201362	120201484	LINE/L2	459	+	61	120201423	12286
chr9	120189137	120389137	harbor2	chr9	120216912	120217551	LINE/L2	554	+	320	120217232	28095
chr9	120189137	120389137	harbor2	chr9	120234886	120235849	LINE/L2	1898	+	482	120235368	46231
chr9	120189137	120389137	harbor2	chr9	120236882	120237681	LINE/L2	3023	+	400	120237282	48145
chr9	120189137	120389137	harbor2	chr9	120238132	120238706	LINE/L2	3023	+	287	120238419	49282
chr9	120189137	120389137	harbor2	chr9	120238923	120239534	LINE/L2	522	+	306	120239229	50092
chr9	120189137	120389137	harbor2	chr9	120286772	120286872	LINE/L2	432	+	50	120286822	97685
chr9	120189137	120389137	harbor2	chr9	120225710	120226133	LINE/L2	727	+	212	120225922	36785
chr9	37822987	38022987	harbor2	chr9	37915148	37915361	LINE/L2	411	+	106	37915254	92267
chr9	90393530	90593530	harbor2	chr9	90423360	90423506	LINE/L2	620	+	73	90423433	29903
chr9	90393530	90593530	harbor2	chr9	90424034	90424585	LINE/L2	1101	+	276	90424310	30780
chr9	90393530	90593530	harbor2	chr9	90487283	90487564	LINE/L2	601	+	140	90487423	93893
chr9	90393530	90593530	harbor2	chr9	90489438	90489607	LINE/L2	418	+	84	90489522	95992
chr9	95979886	96179886	harbor2	chr9	96010558	96010909	LINE/L2	417	+	176	96010734	30848
chr9	95979886	96179886	harbor2	chr9	96069897	96070238	LINE/L2	618	+	170	96070067	90181
chr9	95979886	96179886	harbor2	chr9	96071865	96072236	LINE/L2	489	+	186	96072051	92165
chr9	129743476	129943476	harbor2	chr9	129757659	129757738	LINE/L2	626	+	40	129757699	14223
chr9	129743476	129943476	harbor2	chr9	129758065	129758440	LINE/L2	788	+	188	129758253	14777
chr9	129743476	129943476	harbor2	chr9	129759227	129759355	LINE/L2	788	+	64	129759291	15815
chr9	129743476	129943476	harbor2	chr9	129801184	129801487	LINE/L2	470	+	152	129801336	57860
chr9	129743476	129943476	harbor2	chr9	129815734	129816620	LINE/L2	645	+	443	129816177	72701
chr9	23350550	23550550	harbor2	chr9	23413729	23413999	LINE/L2	435	+	135	23413864	63314
chr9	23350550	23550550	harbor2	chr9	23424823	23425388	LINE/L2	886	+	282	23425105	74555
chr9	23350550	23550550	harbor2	chr9	23425712	23426350	LINE/L2	886	+	319	23426031	75481
chr9	23350550	23550550	harbor2	chr9	23443964	23444684	LINE/L2	883	+	360	23444324	93774
chr9	23350550	23550550	harbor2	chr9	23449849	23450305	LINE/L2	826	+	228	23450077	99527
chr9	79065580	79265580	harbor2	chr9	79073407	79073811	LINE/L2	575	+	202	79073609	8029
chr9	79065580	79265580	harbor2	chr9	79077415	79077761	LINE/L2	467	+	173	79077588	12008
chr9	79065580	79265580	harbor2	chr9	79144365	79144472	LINE/L2	533	+	54	79144419	78839
chr9	79065580	79265580	harbor2	chr9	79144770	79144872	LINE/L2	533	+	51	79144821	79241
chr9	79065580	79265580	harbor2	chr9	79147462	79148295	LINE/L2	582	+	416	79147878	82298
chr9	79065580	79265580	harbor2	chr9	79153052	79153481	LINE/L2	483	+	214	79153266	87686
chr9	79065580	79265580	harbor2	chr9	79163406	79163983	LINE/L2	656	+	288	79163694	98114
chr9	107905849	108105849	harbor2	chr9	107974242	107975591	LINE/L2	1420	+	674	107974916	69067
chr9	66978643	67178643	harbor2	chr9	67075977	67076169	LINE/L2	557	+	96	67076073	97430
chr9	104122283	104322283	harbor2	chr9	104195928	104197259	LINE/L2	1187	+	666	104196594	74311
chr9	104122283	104322283	harbor2	chr9	104203921	104204419	LINE/L2	839	+	249	104204170	81887
chr9	138220474	138420474	harbor2	chr9	138308546	138309239	LINE/L2	500	+	346	138308892	88418
chr9	105077485	105277485	harbor2	chr9	105128252	105128433	LINE/L2	472	+	90	105128342	50857
chr9	105077485	105277485	harbor2	chr9	105128718	105128844	LINE/L2	472	+	63	105128781	51296
chr9	127479016	127679016	harbor2	chr9	127522530	127523072	LINE/L2	508	+	271	127522801	43785
chr9	112704170	112904170	harbor2	chr9	112758981	112759032	LINE/L2	409	+	26	112759007	54837
chr9	112704170	112904170	harbor2	chr9	112759166	112759425	LINE/L2	409	+	130	112759296	55126
chr9	112704170	112904170	harbor2	chr9	112769548	112770184	LINE/L2	1471	+	318	112769866	65696
chr9	112704170	112904170	harbor2	chr9	112770471	112770637	LINE/L2	1471	+	83	112770554	66384
chr9	112704170	112904170	harbor2	chr9	112770659	112770715	LINE/L2	401	+	28	112770687	66517
chr9	112704170	112904170	harbor2	chr9	112771032	112771256	LINE/L2	401	+	112	112771144	66974
chr9	130643387	130843387	harbor2	chr9	130658543	130658647	LINE/L2	492	+	52	130658595	15208
chr9	130643387	130843387	harbor2	chr9	130709425	130709568	LINE/L2	413	+	72	130709497	66110
chr9	99400652	99600652	harbor2	chr9	99444376	99445003	LINE/L2	695	+	314	99444690	44038
chr9	99400652	99600652	harbor2	chr9	99445178	99445196	LINE/L2	627	+	9	99445187	44535
chr9	99400652	99600652	harbor2	chr9	99454789	99454881	LINE/L2	539	+	46	99454835	54183
chr9	99400652	99600652	harbor2	chr9	99476570	99476989	LINE/L2	539	+	210	99476780	76128
chr9	99400652	99600652	harbor2	chr9	99480812	99481634	LINE/L2	937	+	411	99481223	80571
chr9	99400652	99600652	harbor2	chr9	99482037	99482285	LINE/L2	520	+	124	99482161	81509
chr9	99400652	99600652	harbor2	chr9	99450828	99450895	LINE/L2	398	+	34	99450862	50210
chr9	137638837	137838837	harbor2	chr9	137646897	137647236	LINE/L2	743	+	170	137647067	8230
chr9	137638837	137838837	harbor2	chr9	137648712	137649009	LINE/L2	409	+	148	137648860	10023
chr9	114251538	114451538	harbor2	chr9	114251621	114252013	LINE/L2	498	+	196	114251817	279
chr9	114251538	114451538	harbor2	chr9	114275995	114276235	LINE/L2	569	+	120	114276115	24577
chr9	114251538	114451538	harbor2	chr9	114349291	114350136	LINE/L2	724	+	422	114349713	98175
chr9	63322269	63522269	harbor2	chr9	63325358	63326104	LINE/L2	478	+	373	63325731	3462
chr9	63322269	63522269	harbor2	chr9	63327508	63327605	LINE/L2	425	+	48	63327556	5287
chr9	63322269	63522269	harbor2	chr9	63377337	63378320	LINE/L2	540	+	492	63377829	55560
chr9	132353085	132553085	harbor2	chr9	132352691	132353090	LINE/L2	512	+	200	132352891	194
chr9	132353085	132553085	harbor2	chr9	132385892	132385974	LINE/L2	409	+	41	132385933	32848
chr9	132353085	132553085	harbor2	chr9	132404346	132404854	LINE/L2	637	+	254	132404600	51515
chr9	132353085	132553085	harbor2	chr9	132434177	132434438	LINE/L2	588	+	130	132434307	81222
chr9	134770949	134970949	harbor2	chr9	134862324	134862485	LINE/L2	510	+	80	134862404	91455
chr9	99329565	99529565	harbor2	chr9	99345654	99345980	LINE/L2	582	+	163	99345817	16252
chr9	99329565	99529565	harbor2	chr9	99361166	99361579	LINE/L2	541	+	206	99361372	31807
chr9	109704297	109904297	harbor2	chr9	109754531	109754547	LINE/L2	1344	+	8	109754539	50242
chr9	109704297	109904297	harbor2	chr9	109754898	109755524	LINE/L2	1344	+	313	109755211	50914
chr9	109704297	109904297	harbor2	chr9	109764068	109764512	LINE/L2	427	+	222	109764290	59993
chr9	111560543	111760543	harbor2	chr9	111580057	111580473	LINE/L2	407	+	208	111580265	19722
chr9	111560543	111760543	harbor2	chr9	111580772	111580940	LINE/L2	407	+	84	111580856	20313
chr9	111560543	111760543	harbor2	chr9	111610868	111611248	LINE/L2	640	+	190	111611058	50515
chr9	111560543	111760543	harbor2	chr9	111612891	111613201	LINE/L2	637	+	155	111613046	52503
chr9	111560543	111760543	harbor2	chr9	111630306	111630459	LINE/L2	632	+	76	111630382	69839
chr9	33841818	34041818	harbor2	chr9	33910526	33910659	LINE/L2	459	+	66	33910592	68774
chr9	138089323	138289323	harbor2	chr9	138107459	138107691	LINE/L2	486	+	116	138107575	18252
chr9	90576741	90776741	harbor2	chr9	90631617	90632727	LINE/L2	1501	+	555	90632172	55431
chr9	36479068	36679068	harbor2	chr9	36514618	36514871	LINE/L2	429	+	126	36514744	35676
chr9	62277627	62477627	harbor2	chr9	62370795	62371236	LINE/L2	689	+	220	62371015	93388
chr9	88732292	88932292	harbor2	chr9	88787417	88788801	LINE/L2	2147	+	692	88788109	55817
chr9	135195852	135395852	harbor2	chr9	135275991	135276562	LINE/L2	581	+	286	135276277	80425
chr9	133603394	133803394	harbor2	chr9	133615871	133616055	LINE/L2	406	+	92	133615963	12569
chr9	133603394	133803394	harbor2	chr9	133686311	133686608	LINE/L2	404	+	148	133686459	83065
chr9	133603394	133803394	harbor2	chr9	133688611	133688813	LINE/L2	421	+	101	133688712	85318
chr9	133603394	133803394	harbor2	chr9	133693060	133693271	LINE/L2	598	+	106	133693166	89772
chr9	132293018	132493018	harbor2	chr9	132295530	132295744	LINE/L2	431	+	107	132295637	2619
chr9	132293018	132493018	harbor2	chr9	132319065	132319644	LINE/L2	769	+	290	132319355	26337
chr9	132293018	132493018	harbor2	chr9	132324455	132324765	LINE/L2	474	+	155	132324610	31592
chr9	132293018	132493018	harbor2	chr9	132352691	132353090	LINE/L2	512	+	200	132352891	59873
chr9	132293018	132493018	harbor2	chr9	132385892	132385974	LINE/L2	409	+	41	132385933	92915
chr9	131432557	131632557	harbor2	chr9	131488567	131489181	LINE/L2	791	+	307	131488874	56317
chr9	131432557	131632557	harbor2	chr9	131489820	131490363	LINE/L2	638	+	272	131490092	57535
chr9	84229887	84429887	harbor2	chr9	84253190	84253663	LINE/L2	499	+	236	84253426	23539
chr9	108580134	108780134	harbor2	chr9	108589041	108589419	LINE/L2	802	+	189	108589230	9096
chr9	108580134	108780134	harbor2	chr9	108616877	108617335	LINE/L2	474	+	229	108617106	36972
chr9	108580134	108780134	harbor2	chr9	108617750	108618077	LINE/L2	474	+	164	108617914	37780
chr9	108580134	108780134	harbor2	chr9	108641064	108641392	LINE/L2	629	+	164	108641228	61094
chr9	106149327	106349327	harbor2	chr9	106150057	106150247	LINE/L2	408	+	95	106150152	825
chr9	106149327	106349327	harbor2	chr9	106156907	106157474	LINE/L2	475	+	284	106157191	7864
chr9	106149327	106349327	harbor2	chr9	106174512	106174648	LINE/L2	407	+	68	106174580	25253
chr9	106149327	106349327	harbor2	chr9	106177253	106177598	LINE/L2	521	+	172	106177425	28098
chr9	106149327	106349327	harbor2	chr9	106244557	106245075	LINE/L2	830	+	259	106244816	95489
chr9	104951871	105151871	harbor2	chr9	104972835	104973159	LINE/L2	431	+	162	104972997	21126
chr9	104951871	105151871	harbor2	chr9	105026987	105027687	LINE/L2	669	+	350	105027337	75466
chr9	104951871	105151871	harbor2	chr9	105050763	105051506	LINE/L2	465	+	372	105051135	99264
chr9	130479733	130679733	harbor2	chr9	130512286	130512539	LINE/L2	608	+	126	130512412	32679
chr9	87457687	87657687	harbor2	chr9	87528523	87528665	LINE/L2	417	+	71	87528594	70907
chr9	115261594	115461594	harbor2	chr9	115351494	115351985	LINE/L2	590	+	246	115351740	90146
chr9	107698657	107898657	harbor2	chr9	107757680	107758194	LINE/L2	431	+	257	107757937	59280
chr9	107698657	107898657	harbor2	chr9	107758220	107758370	LINE/L2	431	+	75	107758295	59638
chr9	117958419	118158419	harbor2	chr9	117969742	117970233	LINE/L2	454	+	246	117969988	11569
chr9	117958419	118158419	harbor2	chr9	118005972	118006152	LINE/L2	500	+	90	118006062	47643
chr9	117958419	118158419	harbor2	chr9	118053732	118054061	LINE/L2	446	+	164	118053896	95477
chr9	75534965	75734965	harbor2	chr9	75580240	75580766	LINE/L2	939	+	263	75580503	45538
chr9	75534965	75734965	harbor2	chr9	75606950	75607131	LINE/L2	507	+	90	75607040	72075
chr9	75534965	75734965	harbor2	chr9	75607436	75608176	LINE/L2	507	+	370	75607806	72841
chr9	75534965	75734965	harbor2	chr9	75610545	75611682	LINE/L2	455	+	568	75611113	76148
chr9	75534965	75734965	harbor2	chr9	75628219	75628348	LINE/L2	429	+	64	75628283	93318
chr9	95889036	96089036	harbor2	chr9	95911265	95911420	LINE/L2	435	+	78	95911343	22307
chr9	129541432	129741432	harbor2	chr9	129567090	129567497	LINE/L2	611	+	204	129567294	25862
chr9	80730528	80930528	harbor2	chr9	80764671	80765399	LINE/L2	791	+	364	80765035	34507
chr9	80730528	80930528	harbor2	chr9	80795202	80795387	LINE/L2	501	+	92	80795294	64766
chr9	128211085	128411085	harbor2	chr9	128216012	128216230	LINE/L2	541	+	109	128216121	5036
chr9	128211085	128411085	harbor2	chr9	128240399	128240694	LINE/L2	448	+	148	128240547	29462
chr9	126094804	126294804	harbor2	chr9	126116244	126116352	LINE/L2	471	+	54	126116298	21494
chr9	126094804	126294804	harbor2	chr9	126150061	126150477	LINE/L2	449	+	208	126150269	55465
chr9	126094804	126294804	harbor2	chr9	126184220	126184507	LINE/L2	398	+	144	126184364	89560
chr9	94340555	94540555	harbor2	chr9	94434619	94434773	LINE/L2	457	+	77	94434696	94141
chr9	94340555	94540555	harbor2	chr9	94434942	94435207	LINE/L2	682	+	132	94435074	94519
chr9	94340555	94540555	harbor2	chr9	94435212	94435564	LINE/L2	1085	+	176	94435388	94833
chr9	123046876	123246876	harbor2	chr9	123067603	123067747	LINE/L2	393	+	72	123067675	20799
chr9	123046876	123246876	harbor2	chr9	123078665	123078896	LINE/L2	500	+	116	123078781	31905
chr9	123046876	123246876	harbor2	chr9	123130765	123130967	LINE/L2	527	+	101	123130866	83990
chr9	123046876	123246876	harbor2	chr9	123131164	123131756	LINE/L2	766	+	296	123131460	84584
chr9	123046876	123246876	harbor2	chr9	123145890	123146043	LINE/L2	512	+	76	123145966	99090
chr9	116973115	117173115	harbor2	chr9	116992893	116993062	LINE/L2	436	+	84	116992977	19862
chr9	116973115	117173115	harbor2	chr9	116993134	116993551	LINE/L2	507	+	208	116993342	20227
chr9	116973115	117173115	harbor2	chr9	117004981	117005071	LINE/L2	1871	+	45	117005026	31911
chr9	116973115	117173115	harbor2	chr9	117006237	117006834	LINE/L2	1871	+	298	117006535	33420
chr9	116973115	117173115	harbor2	chr9	117007085	117007329	LINE/L2	1127	+	122	117007207	34092
chr9	116973115	117173115	harbor2	chr9	117007534	117007664	LINE/L2	1127	+	65	117007599	34484
chr9	116973115	117173115	harbor2	chr9	117023262	117023700	LINE/L2	692	+	219	117023481	50366
chr9	116973115	117173115	harbor2	chr9	117046760	117046842	LINE/L2	397	+	41	117046801	73686
chr9	112543059	112743059	harbor2	chr9	112544351	112544517	LINE/L2	469	+	83	112544434	1375
chr9	112543059	112743059	harbor2	chr9	112605624	112606089	LINE/L2	774	+	232	112605856	62797
chr9	118405048	118605048	harbor2	chr9	118418783	118419161	LINE/L2	539	+	189	118418972	13924
chr9	118405048	118605048	harbor2	chr9	118421564	118421678	LINE/L2	431	+	57	118421621	16573
chr9	118405048	118605048	harbor2	chr9	118442246	118443359	LINE/L2	2246	+	556	118442802	37754
chr9	118405048	118605048	harbor2	chr9	118447932	118448565	LINE/L2	613	+	316	118448248	43200
chr9	97844110	98044110	harbor2	chr9	97907677	97907997	LINE/L2	1132	+	160	97907837	63727
chr9	97844110	98044110	harbor2	chr9	97908604	97908870	LINE/L2	1132	+	133	97908737	64627
chr9	97844110	98044110	harbor2	chr9	97917382	97917504	LINE/L2	468	+	61	97917443	73333
chr9	24234184	24434184	harbor2	chr9	24241740	24242283	LINE/L2	541	+	272	24242012	7828
chr9	24234184	24434184	harbor2	chr9	24264066	24264283	LINE/L2	440	+	108	24264174	29990
chr9	24234184	24434184	harbor2	chr9	24330075	24330436	LINE/L2	407	+	180	24330255	96071
chr9	122171411	122371411	harbor2	chr9	122172261	122172765	LINE/L2	503	+	252	122172513	1102
chr9	122171411	122371411	harbor2	chr9	122180741	122180948	LINE/L2	496	+	104	122180845	9434
chr9	122171411	122371411	harbor2	chr9	122210407	122210570	LINE/L2	749	+	82	122210489	39078
chr9	122171411	122371411	harbor2	chr9	122210863	122211043	LINE/L2	749	+	90	122210953	39542
chr9	122171411	122371411	harbor2	chr9	122218320	122218876	LINE/L2	708	+	278	122218598	47187
chr9	130027485	130227485	harbor2	chr9	130028835	130029144	LINE/L2	485	+	154	130028989	1504
chr9	130027485	130227485	harbor2	chr9	130088097	130088536	LINE/L2	830	+	220	130088317	60832
chr9	133386044	133586044	harbor2	chr9	133421351	133421645	LINE/L2	847	+	147	133421498	35454
chr9	101831259	102031259	harbor2	chr9	101853956	101855015	LINE/L2	1326	+	530	101854486	23227
chr9	101831259	102031259	harbor2	chr9	101892973	101893465	LINE/L2	481	+	246	101893219	61960
chr9	128312963	128512963	harbor2	chr9	128323458	128323578	LINE/L2	483	+	60	128323518	10555
chr9	128312963	128512963	harbor2	chr9	128349832	128350146	LINE/L2	573	+	157	128349989	37026
chr9	128312963	128512963	harbor2	chr9	128365797	128366008	LINE/L2	497	+	106	128365903	52940
chr9	128312963	128512963	harbor2	chr9	128366657	128366749	LINE/L2	497	+	46	128366703	53740
chr9	128312963	128512963	harbor2	chr9	128369595	128369622	LINE/L2	457	+	14	128369609	56646
chr9	128312963	128512963	harbor2	chr9	128369913	128369938	LINE/L2	457	+	12	128369925	56962
chr9	128312963	128512963	harbor2	chr9	128370234	128370589	LINE/L2	457	+	178	128370412	57449
chr9	128312963	128512963	harbor2	chr9	128370643	128370866	LINE/L2	454	+	112	128370755	57792
chr9	35779188	35979188	harbor2	chr9	35795034	35795286	LINE/L2	395	+	126	35795160	15972
chr9	35779188	35979188	harbor2	chr9	35817618	35818285	LINE/L2	573	+	334	35817952	38764
chr9	35779188	35979188	harbor2	chr9	35821006	35821277	LINE/L2	477	+	136	35821142	41954
chr9	35779188	35979188	harbor2	chr9	35822067	35822400	LINE/L2	664	+	166	35822233	43045
chr9	35779188	35979188	harbor2	chr9	35822707	35823034	LINE/L2	664	+	164	35822871	43683
chr9	35779188	35979188	harbor2	chr9	35823068	35823414	LINE/L2	578	+	173	35823241	44053
chr9	35779188	35979188	harbor2	chr9	35826669	35826800	LINE/L2	428	+	66	35826735	47547
chr9	35779188	35979188	harbor2	chr9	35838316	35839014	LINE/L2	1224	+	349	35838665	59477
chr9	63044033	63244033	harbor2	chr9	63127695	63127816	LINE/L2	558	+	60	63127755	83722
chr9	63044033	63244033	harbor2	chr9	63128173	63128499	LINE/L2	558	+	163	63128336	84303
chr9	103847919	104047919	harbor2	chr9	103880080	103880226	LINE/L2	394	+	73	103880153	32234
chr9	103847919	104047919	harbor2	chr9	103899902	103900300	LINE/L2	508	+	199	103900101	52182
chr9	126572782	126772782	harbor2	chr9	126654188	126654417	LINE/L2	483	+	114	126654302	81520
chr9	126572782	126772782	harbor2	chr9	126655520	126655646	LINE/L2	516	+	63	126655583	82801
chr9	95314538	95514538	harbor2	chr9	95354591	95354807	LINE/L2	733	+	108	95354699	40161
chr9	135185950	135385950	harbor2	chr9	135193078	135193613	LINE/L2	502	+	268	135193346	7396
chr9	135185950	135385950	harbor2	chr9	135275991	135276562	LINE/L2	581	+	286	135276277	90327
chr9	135477654	135677654	harbor2	chr9	135539698	135540217	LINE/L2	781	+	260	135539958	62304
chr9	96569508	96769508	harbor2	chr9	96649761	96650275	LINE/L2	517	+	257	96650018	80510
chr9	68654845	68854845	harbor2	chr9	68711893	68712000	LINE/L2	459	+	54	68711947	57102
chr9	68654845	68854845	harbor2	chr9	68712416	68712580	LINE/L2	459	+	82	68712498	57653
chr9	68654845	68854845	harbor2	chr9	68719966	68720132	LINE/L2	507	+	83	68720049	65204
chr9	68654845	68854845	harbor2	chr9	68714105	68714541	LINE/L2	931	+	218	68714323	59478
chr9	127783022	127983022	harbor2	chr9	127861476	127861627	LINE/L2	1136	+	76	127861552	78530
chr9	127783022	127983022	harbor2	chr9	127860370	127861171	LINE/L2	1211	+	400	127860770	77748
chr9	111379637	111579637	harbor2	chr9	111386752	111386932	LINE/L2	479	+	90	111386842	7205
chr9	111379637	111579637	harbor2	chr9	111394881	111395108	LINE/L2	721	+	114	111394995	15358
chr9	134440292	134640292	harbor2	chr9	134515072	134515661	LINE/L2	426	+	294	134515366	75074
chr9	63210422	63410422	harbor2	chr9	63287932	63288272	LINE/L2	443	+	170	63288102	77680
chr9	115540471	115740471	harbor2	chr9	115604149	115604904	LINE/L2	533	+	378	115604527	64056
chr9	117999149	118199149	harbor2	chr9	118005972	118006152	LINE/L2	500	+	90	118006062	6913
chr9	117999149	118199149	harbor2	chr9	118053732	118054061	LINE/L2	446	+	164	118053896	54747
chr9	117999149	118199149	harbor2	chr9	118089519	118089736	LINE/L2	397	+	108	118089627	90478
chr9	117999149	118199149	harbor2	chr9	118089743	118090002	LINE/L2	940	+	130	118089873	90724
chr9	117999149	118199149	harbor2	chr9	118090223	118090621	LINE/L2	940	+	199	118090422	91273
chr9	105036724	105236724	harbor2	chr9	105050763	105051506	LINE/L2	465	+	372	105051135	14411
chr9	105036724	105236724	harbor2	chr9	105069242	105069431	LINE/L2	443	+	94	105069336	32612
chr9	105036724	105236724	harbor2	chr9	105128252	105128433	LINE/L2	472	+	90	105128342	91618
chr9	105036724	105236724	harbor2	chr9	105128718	105128844	LINE/L2	472	+	63	105128781	92057
chr9	27892714	28092714	harbor2	chr9	27930964	27931418	LINE/L2	831	+	227	27931191	38477
chr9	27892714	28092714	harbor2	chr9	27931793	27931949	LINE/L2	622	+	78	27931871	39157
chr9	27892714	28092714	harbor2	chr9	27988738	27989069	LINE/L2	809	+	166	27988904	96190
chr9	99796057	99996057	harbor2	chr9	99798175	99798596	LINE/L2	731	+	210	99798385	2328
chr9	99796057	99996057	harbor2	chr9	99845984	99846107	LINE/L2	404	+	62	99846046	49989
chr9	99796057	99996057	harbor2	chr9	99875365	99875615	LINE/L2	585	+	125	99875490	79433
chr9	111592584	111792584	harbor2	chr9	111610868	111611248	LINE/L2	640	+	190	111611058	18474
chr9	111592584	111792584	harbor2	chr9	111612891	111613201	LINE/L2	637	+	155	111613046	20462
chr9	111592584	111792584	harbor2	chr9	111630306	111630459	LINE/L2	632	+	76	111630382	37798
chr9	111592584	111792584	harbor2	chr9	111682811	111682909	LINE/L2	768	+	49	111682860	90276
chr9	111592584	111792584	harbor2	chr9	111683207	111683480	LINE/L2	768	+	136	111683343	90759
chr9	111592584	111792584	harbor2	chr9	111683737	111683914	LINE/L2	659	+	88	111683825	91241
chr9	123209294	123409294	harbor2	chr9	123240637	123240897	LINE/L2	1535	+	130	123240767	31473
chr9	123209294	123409294	harbor2	chr9	123241200	123241221	LINE/L2	1535	+	10	123241210	31916
chr9	123209294	123409294	harbor2	chr9	123241531	123242356	LINE/L2	1535	+	412	123241943	32649
chr9	123209294	123409294	harbor2	chr9	123282481	123282834	LINE/L2	795	+	176	123282657	73363
chr9	123209294	123409294	harbor2	chr9	123282930	123283822	LINE/L2	1979	+	446	123283376	74082
chr9	123209294	123409294	harbor2	chr9	123296258	123296858	LINE/L2	589	+	300	123296558	87264
chr9	107405664	107605664	harbor2	chr9	107494365	107494499	LINE/L2	426	+	67	107494432	88768
chr9	120238344	120438344	harbor2	chr9	120238132	120238706	LINE/L2	3023	+	287	120238419	75
chr9	120238344	120438344	harbor2	chr9	120238923	120239534	LINE/L2	522	+	306	120239229	885
chr9	120238344	120438344	harbor2	chr9	120286772	120286872	LINE/L2	432	+	50	120286822	48478
chr9	120238344	120438344	harbor2	chr9	120326359	120326688	LINE/L2	702	+	164	120326523	88179
chr9	120238344	120438344	harbor2	chr9	120326724	120326819	LINE/L2	702	+	48	120326772	88428
chr9	73473298	73673298	harbor2	chr9	73558944	73559261	LINE/L2	702	+	158	73559102	85804
chr9	73473298	73673298	harbor2	chr9	73559912	73560513	LINE/L2	702	+	300	73560212	86914
chr9	114369103	114569103	harbor2	chr9	114377667	114378029	LINE/L2	512	+	181	114377848	8745
chr9	114369103	114569103	harbor2	chr9	114378106	114378541	LINE/L2	546	+	218	114378324	9221
chr9	114369103	114569103	harbor2	chr9	114390315	114391040	LINE/L2	433	+	362	114390677	21574
chr9	114369103	114569103	harbor2	chr9	114409605	114409872	LINE/L2	453	+	134	114409739	40636
chr9	114369103	114569103	harbor2	chr9	114409996	114410380	LINE/L2	752	+	192	114410188	41085
chr9	114369103	114569103	harbor2	chr9	114418485	114419013	LINE/L2	1115	+	264	114418749	49646
chr9	114369103	114569103	harbor2	chr9	114424657	114424849	LINE/L2	415	+	96	114424753	55650
chr9	114369103	114569103	harbor2	chr9	114434576	114435109	LINE/L2	446	+	266	114434842	65739
chr9	114369103	114569103	harbor2	chr9	114461561	114461926	LINE/L2	700	+	182	114461743	92640
chr9	112736080	112936080	harbor2	chr9	112758981	112759032	LINE/L2	409	+	26	112759007	22927
chr9	112736080	112936080	harbor2	chr9	112759166	112759425	LINE/L2	409	+	130	112759296	23216
chr9	112736080	112936080	harbor2	chr9	112769548	112770184	LINE/L2	1471	+	318	112769866	33786
chr9	112736080	112936080	harbor2	chr9	112770471	112770637	LINE/L2	1471	+	83	112770554	34474
chr9	112736080	112936080	harbor2	chr9	112770659	112770715	LINE/L2	401	+	28	112770687	34607
chr9	112736080	112936080	harbor2	chr9	112826983	112827189	LINE/L2	475	+	103	112827086	91006
chr9	112736080	112936080	harbor2	chr9	112771032	112771256	LINE/L2	401	+	112	112771144	35064
chr9	73622977	73822977	harbor2	chr9	73707684	73708297	LINE/L2	1680	+	306	73707990	85013
chr9	73622977	73822977	harbor2	chr9	73708792	73709385	LINE/L2	1680	+	296	73709088	86111
chr9	85766630	85966630	harbor2	chr9	85801971	85802616	LINE/L2	1955	+	322	85802293	35663
chr9	85766630	85966630	harbor2	chr9	85803033	85803137	LINE/L2	1955	+	52	85803085	36455
chr9	85766630	85966630	harbor2	chr9	85822204	85822537	LINE/L2	1018	+	166	85822370	55740
chr9	95783267	95983267	harbor2	chr9	95828446	95828807	LINE/L2	637	+	180	95828626	45359
chr9	95783267	95983267	harbor2	chr9	95837918	95838417	LINE/L2	926	+	250	95838168	54901
chr9	95783267	95983267	harbor2	chr9	95864954	95865083	LINE/L2	421	+	64	95865018	81751
chr9	124163345	124363345	harbor2	chr9	124186559	124186771	LINE/L2	574	+	106	124186665	23320
chr9	124163345	124363345	harbor2	chr9	124187086	124187706	LINE/L2	534	+	310	124187396	24051
chr9	124163345	124363345	harbor2	chr9	124188010	124188187	LINE/L2	534	+	88	124188098	24753
chr9	124163345	124363345	harbor2	chr9	124208652	124209078	LINE/L2	667	+	213	124208865	45520
chr9	124163345	124363345	harbor2	chr9	124215061	124215438	LINE/L2	401	+	188	124215249	51904
chr9	124163345	124363345	harbor2	chr9	124255656	124255777	LINE/L2	533	+	60	124255716	92371
chr9	124163345	124363345	harbor2	chr9	124256079	124256251	LINE/L2	533	+	86	124256165	92820
chr9	114675553	114875553	harbor2	chr9	114676590	114676620	LINE/L2	396	+	15	114676605	1052
chr9	114675553	114875553	harbor2	chr9	114676916	114676994	LINE/L2	396	+	39	114676955	1402
chr9	114675553	114875553	harbor2	chr9	114710176	114710240	LINE/L2	1031	+	32	114710208	34655
chr9	114675553	114875553	harbor2	chr9	114710538	114711217	LINE/L2	1031	+	340	114710878	35325
chr9	114675553	114875553	harbor2	chr9	114759860	114760880	LINE/L2	1576	+	510	114760370	84817
chr9	114675553	114875553	harbor2	chr9	114761398	114761523	LINE/L2	418	+	62	114761460	85907
chr9	114675553	114875553	harbor2	chr9	114765761	114766255	LINE/L2	1101	+	247	114766008	90455
chr9	114675553	114875553	harbor2	chr9	114768787	114768902	LINE/L2	443	+	58	114768845	93292
chr9	132748336	132948336	harbor2	chr9	132752621	132753047	LINE/L2	452	+	213	132752834	4498
chr9	132748336	132948336	harbor2	chr9	132772229	132772277	LINE/L2	1747	+	24	132772253	23917
chr9	132748336	132948336	harbor2	chr9	132772636	132773608	LINE/L2	1747	+	486	132773122	24786
chr9	132748336	132948336	harbor2	chr9	132794365	132794691	LINE/L2	435	+	163	132794528	46192
chr9	124274319	124474319	harbor2	chr9	124279772	124279969	LINE/L2	400	+	98	124279870	5551
chr9	117903973	118103973	harbor2	chr9	117903744	117904488	LINE/L2	2155	+	372	117904116	143
chr9	117903973	118103973	harbor2	chr9	117904790	117905543	LINE/L2	2155	+	376	117905166	1193
chr9	117903973	118103973	harbor2	chr9	117933381	117933523	LINE/L2	591	+	71	117933452	29479
chr9	117903973	118103973	harbor2	chr9	117938495	117938921	LINE/L2	703	+	213	117938708	34735
chr9	117903973	118103973	harbor2	chr9	117954254	117954465	LINE/L2	630	+	106	117954360	50387
chr9	117903973	118103973	harbor2	chr9	117969742	117970233	LINE/L2	454	+	246	117969988	66015
chr9	138282578	138482578	harbor2	chr9	138308546	138309239	LINE/L2	500	+	346	138308892	26314
chr9	67109652	67309652	harbor2	chr9	67115485	67115859	LINE/L2	536	+	187	67115672	6020
chr9	67109652	67309652	harbor2	chr9	67176896	67177701	LINE/L2	648	+	402	67177298	67646
chr9	119665161	119865161	harbor2	chr9	119686929	119687155	LINE/L2	489	+	113	119687042	21881
chr9	119665161	119865161	harbor2	chr9	119687624	119688249	LINE/L2	973	+	312	119687936	22775
chr9	119665161	119865161	harbor2	chr9	119700122	119700647	LINE/L2	590	+	262	119700384	35223
chr9	119665161	119865161	harbor2	chr9	119738256	119738667	LINE/L2	668	+	206	119738462	73301
chr9	93492769	93692769	harbor2	chr9	93500090	93500259	LINE/L2	535	+	84	93500174	7405
chr9	93492769	93692769	harbor2	chr9	93573455	93573661	LINE/L2	465	+	103	93573558	80789
chr9	79001458	79201458	harbor2	chr9	79003906	79004291	LINE/L2	434	+	192	79004098	2640
chr9	79001458	79201458	harbor2	chr9	79039057	79039260	LINE/L2	652	+	102	79039159	37701
chr9	79001458	79201458	harbor2	chr9	79073407	79073811	LINE/L2	575	+	202	79073609	72151
chr9	79001458	79201458	harbor2	chr9	79077415	79077761	LINE/L2	467	+	173	79077588	76130
chr9	127452094	127652094	harbor2	chr9	127474162	127474265	LINE/L2	602	+	52	127474214	22120
chr9	127452094	127652094	harbor2	chr9	127474432	127474665	LINE/L2	602	+	116	127474548	22454
chr9	127452094	127652094	harbor2	chr9	127522530	127523072	LINE/L2	508	+	271	127522801	70707
chr9	110380798	110580798	harbor2	chr9	110433772	110434002	LINE/L2	633	+	115	110433887	53089
chr9	110380798	110580798	harbor2	chr9	110477696	110478426	LINE/L2	1294	+	365	110478061	97263
chr9	110380798	110580798	harbor2	chr9	110476361	110477695	LINE/L2	2879	+	667	110477028	96230
chr9	135155490	135355490	harbor2	chr9	135193078	135193613	LINE/L2	502	+	268	135193346	37856
chr9	127901835	128101835	harbor2	chr9	127918968	127919389	LINE/L2	636	+	210	127919178	17343
chr9	127901835	128101835	harbor2	chr9	127920777	127920914	LINE/L2	433	+	68	127920845	19010
chr9	127901835	128101835	harbor2	chr9	127931274	127931738	LINE/L2	422	+	232	127931506	29671
chr9	127901835	128101835	harbor2	chr9	127947638	127947924	LINE/L2	443	+	143	127947781	45946
chr9	130773987	130973987	harbor2	chr9	130815355	130815739	LINE/L2	1207	+	192	130815547	41560
chr9	130773987	130973987	harbor2	chr9	130816043	130816328	LINE/L2	1207	+	142	130816185	42198
chr9	135154561	135354561	harbor2	chr9	135193078	135193613	LINE/L2	502	+	268	135193346	38785
chr9	124166574	124366574	harbor2	chr9	124186559	124186771	LINE/L2	574	+	106	124186665	20091
chr9	124166574	124366574	harbor2	chr9	124187086	124187706	LINE/L2	534	+	310	124187396	20822
chr9	124166574	124366574	harbor2	chr9	124188010	124188187	LINE/L2	534	+	88	124188098	21524
chr9	124166574	124366574	harbor2	chr9	124208652	124209078	LINE/L2	667	+	213	124208865	42291
chr9	124166574	124366574	harbor2	chr9	124215061	124215438	LINE/L2	401	+	188	124215249	48675
chr9	124166574	124366574	harbor2	chr9	124255656	124255777	LINE/L2	533	+	60	124255716	89142
chr9	124166574	124366574	harbor2	chr9	124256079	124256251	LINE/L2	533	+	86	124256165	89591
chr9	113241042	113441042	harbor2	chr9	113281566	113281979	LINE/L2	651	+	206	113281772	40730
chr9	132839864	133039864	harbor2	chr9	132855138	132855417	LINE/L2	403	+	140	132855278	15414
chr9	132839864	133039864	harbor2	chr9	132932233	132932855	LINE/L2	546	+	311	132932544	92680
chr9	79641870	79841870	harbor2	chr9	79710607	79710937	LINE/L2	393	+	165	79710772	68902
chr9	79641870	79841870	harbor2	chr9	79715369	79715921	LINE/L2	396	+	276	79715645	73775
chr9	79641870	79841870	harbor2	chr9	79715926	79716609	LINE/L2	765	+	342	79716268	74398
chr9	79641870	79841870	harbor2	chr9	79691498	79692029	LINE/L2	527	+	266	79691764	49894
chr9	121854484	122054484	harbor2	chr9	121890446	121890782	LINE/L2	810	+	168	121890614	36130
chr9	121854484	122054484	harbor2	chr9	121899079	121899365	LINE/L2	848	+	143	121899222	44738
chr9	121854484	122054484	harbor2	chr9	121899404	121899417	LINE/L2	848	+	6	121899410	44926
chr9	121854484	122054484	harbor2	chr9	121899704	121899886	LINE/L2	848	+	91	121899795	45311
chr9	121854484	122054484	harbor2	chr9	121925428	121925799	LINE/L2	477	+	186	121925614	71130
chr9	121854484	122054484	harbor2	chr9	121942131	121942576	LINE/L2	764	+	222	121942353	87869
chr9	121854484	122054484	harbor2	chr9	121880562	121880757	LINE/L2	466	+	98	121880660	26176
chr9	86412780	86612780	harbor2	chr9	86432988	86433075	LINE/L2	404	+	44	86433032	20252
chr9	86412780	86612780	harbor2	chr9	86440950	86441060	LINE/L2	424	+	55	86441005	28225
chr9	109742329	109942329	harbor2	chr9	109754531	109754547	LINE/L2	1344	+	8	109754539	12210
chr9	109742329	109942329	harbor2	chr9	109754898	109755524	LINE/L2	1344	+	313	109755211	12882
chr9	109742329	109942329	harbor2	chr9	109764068	109764512	LINE/L2	427	+	222	109764290	21961
chr9	101131497	101331497	harbor2	chr9	101146045	101146269	LINE/L2	465	+	112	101146157	14660
chr9	115084853	115284853	harbor2	chr9	115108450	115108649	LINE/L2	592	+	100	115108550	23697
chr9	115084853	115284853	harbor2	chr9	115108964	115109039	LINE/L2	592	+	38	115109002	24149
chr9	126275475	126475475	harbor2	chr9	126292061	126292521	LINE/L2	812	+	230	126292291	16816
chr9	126275475	126475475	harbor2	chr9	126298649	126299090	LINE/L2	675	+	220	126298869	23394
chr9	79981518	80181518	harbor2	chr9	79993625	79993929	LINE/L2	1850	+	152	79993777	12259
chr9	79981518	80181518	harbor2	chr9	79993965	79994823	LINE/L2	1850	+	429	79994394	12876
chr9	79981518	80181518	harbor2	chr9	80004790	80005133	LINE/L2	1084	+	172	80004962	23444
chr9	120489848	120689848	harbor2	chr9	120501092	120501525	LINE/L2	1083	+	216	120501308	11460
chr9	120489848	120689848	harbor2	chr9	120508574	120508946	LINE/L2	657	+	186	120508760	18912
chr9	120489848	120689848	harbor2	chr9	120525990	120526641	LINE/L2	450	+	326	120526316	36468
chr9	120489848	120689848	harbor2	chr9	120543134	120543401	LINE/L2	572	+	134	120543268	53420
chr9	120489848	120689848	harbor2	chr9	120558466	120559003	LINE/L2	562	+	268	120558734	68886
chr9	120489848	120689848	harbor2	chr9	120565334	120565982	LINE/L2	633	+	324	120565658	75810
chr9	120489848	120689848	harbor2	chr9	120581515	120581785	LINE/L2	516	+	135	120581650	91802
chr9	71124876	71324876	harbor2	chr9	71131004	71131540	LINE/L2	513	+	268	71131272	6396
chr9	71124876	71324876	harbor2	chr9	71160018	71160403	LINE/L2	672	+	192	71160210	35334
chr9	77807952	78007952	harbor2	chr9	77881022	77881363	LINE/L2	437	+	170	77881192	73240
chr9	84999112	85199112	harbor2	chr9	85005642	85006072	LINE/L2	1001	+	215	85005857	6745
chr9	127315677	127515677	harbor2	chr9	127325581	127326381	LINE/L2	1363	+	400	127325981	10304
chr9	127315677	127515677	harbor2	chr9	127343392	127343647	LINE/L2	545	+	128	127343520	27843
chr9	127315677	127515677	harbor2	chr9	127370639	127371136	LINE/L2	526	+	248	127370887	55210
chr9	123174661	123374661	harbor2	chr9	123193482	123193974	LINE/L2	807	+	246	123193728	19067
chr9	123174661	123374661	harbor2	chr9	123194085	123194499	LINE/L2	807	+	207	123194292	19631
chr9	123174661	123374661	harbor2	chr9	123194513	123194977	LINE/L2	420	+	232	123194745	20084
chr9	123174661	123374661	harbor2	chr9	123194986	123195334	LINE/L2	1062	+	174	123195160	20499
chr9	123174661	123374661	harbor2	chr9	123202889	123203073	LINE/L2	1117	+	92	123202981	28320
chr9	123174661	123374661	harbor2	chr9	123203369	123203689	LINE/L2	1117	+	160	123203529	28868
chr9	123174661	123374661	harbor2	chr9	123204000	123204076	LINE/L2	706	+	38	123204038	29377
chr9	123174661	123374661	harbor2	chr9	123240637	123240897	LINE/L2	1535	+	130	123240767	66106
chr9	123174661	123374661	harbor2	chr9	123241200	123241221	LINE/L2	1535	+	10	123241210	66549
chr9	123174661	123374661	harbor2	chr9	123241531	123242356	LINE/L2	1535	+	412	123241943	67282
chr9	70361464	70561464	harbor2	chr9	70382438	70383855	LINE/L2	1652	+	708	70383146	21682
chr9	70361464	70561464	harbor2	chr9	70421948	70423141	LINE/L2	4227	+	596	70422544	61080
chr9	70361464	70561464	harbor2	chr9	70423454	70423731	LINE/L2	4227	+	138	70423592	62128
chr9	70361464	70561464	harbor2	chr9	70424040	70424163	LINE/L2	4227	+	62	70424102	62638
chr9	70361464	70561464	harbor2	chr9	70424284	70424349	LINE/L2	4227	+	32	70424316	62852
chr9	70361464	70561464	harbor2	chr9	70424698	70425486	LINE/L2	4227	+	394	70425092	63628
chr9	106990723	107190723	harbor2	chr9	107022125	107022356	LINE/L2	516	+	116	107022241	31518
chr9	106990723	107190723	harbor2	chr9	107025760	107026237	LINE/L2	1034	+	238	107025998	35275
chr9	106990723	107190723	harbor2	chr9	107039961	107040407	LINE/L2	637	+	223	107040184	49461
chr9	106990723	107190723	harbor2	chr9	107043089	107043410	LINE/L2	775	+	160	107043249	52526
chr9	106990723	107190723	harbor2	chr9	107047505	107048765	LINE/L2	464	+	630	107048135	57412
chr9	106990723	107190723	harbor2	chr9	107050178	107050634	LINE/L2	605	+	228	107050406	59683
chr9	106990723	107190723	harbor2	chr9	107077376	107077630	LINE/L2	510	+	127	107077503	86780
chr9	106990723	107190723	harbor2	chr9	107079023	107079531	LINE/L2	806	+	254	107079277	88554
chr9	117466202	117666202	harbor2	chr9	117536510	117536619	LINE/L2	507	+	54	117536564	70362
chr9	117466202	117666202	harbor2	chr9	117542204	117542314	LINE/L2	460	+	55	117542259	76057
chr9	120524058	120724058	harbor2	chr9	120525990	120526641	LINE/L2	450	+	326	120526316	2258
chr9	120524058	120724058	harbor2	chr9	120543134	120543401	LINE/L2	572	+	134	120543268	19210
chr9	120524058	120724058	harbor2	chr9	120558466	120559003	LINE/L2	562	+	268	120558734	34676
chr9	120524058	120724058	harbor2	chr9	120565334	120565982	LINE/L2	633	+	324	120565658	41600
chr9	120524058	120724058	harbor2	chr9	120581515	120581785	LINE/L2	516	+	135	120581650	57592
chr9	120524058	120724058	harbor2	chr9	120608467	120609579	LINE/L2	872	+	556	120609023	84965
chr9	138260083	138460083	harbor2	chr9	138308546	138309239	LINE/L2	500	+	346	138308892	48809
chr9	76395034	76595034	harbor2	chr9	76419211	76419366	LINE/L2	422	+	78	76419289	24255
chr9	138223654	138423654	harbor2	chr9	138308546	138309239	LINE/L2	500	+	346	138308892	85238
chr9	128762246	128962246	harbor2	chr9	128770042	128770123	LINE/L2	777	+	40	128770082	7836
chr9	128762246	128962246	harbor2	chr9	128770417	128770664	LINE/L2	777	+	124	128770541	8295
chr9	109663871	109863871	harbor2	chr9	109754531	109754547	LINE/L2	1344	+	8	109754539	90668
chr9	109663871	109863871	harbor2	chr9	109754898	109755524	LINE/L2	1344	+	313	109755211	91340
chr9	116776244	116976244	harbor2	chr9	116785171	116785415	LINE/L2	636	+	122	116785293	9049
chr9	116776244	116976244	harbor2	chr9	116785541	116786467	LINE/L2	1153	+	463	116786004	9760
chr10	120263406	120463406	harbor2	chr10	120315253	120316003	LINE/L2	595	+	375	120315628	52222
chr10	120263406	120463406	harbor2	chr10	120333939	120334099	LINE/L2	519	+	80	120334019	70613
chr10	123683661	123883661	harbor2	chr10	123717013	123717172	LINE/L2	424	+	80	123717093	33432
chr10	123683661	123883661	harbor2	chr10	123727530	123727653	LINE/L2	430	+	62	123727592	43931
chr10	123683661	123883661	harbor2	chr10	123750265	123750720	LINE/L2	491	+	228	123750493	66832
chr10	107628214	107828214	harbor2	chr10	107634914	107635373	LINE/L2	591	+	230	107635144	6930
chr10	107628214	107828214	harbor2	chr10	107670193	107670321	LINE/L2	483	+	64	107670257	42043
chr10	107628214	107828214	harbor2	chr10	107670742	107670771	LINE/L2	406	+	14	107670756	42542
chr10	117552498	117752498	harbor2	chr10	117586993	117587276	LINE/L2	422	+	142	117587135	34637
chr10	117552498	117752498	harbor2	chr10	117597177	117597493	LINE/L2	404	+	158	117597335	44837
chr10	117552498	117752498	harbor2	chr10	117587587	117588092	LINE/L2	592	+	252	117587839	35341
chr10	131212061	131412061	harbor2	chr10	131236908	131237493	LINE/L2	435	+	292	131237200	25139
chr10	128805473	129005473	harbor2	chr10	128880242	128880395	LINE/L2	469	+	76	128880318	74845
chr10	123323055	123523055	harbor2	chr10	123362250	123362496	LINE/L2	577	+	123	123362373	39318
chr10	123323055	123523055	harbor2	chr10	123400323	123400789	LINE/L2	886	+	233	123400556	77501
chr10	123323055	123523055	harbor2	chr10	123401159	123401629	LINE/L2	443	+	235	123401394	78339
chr10	80510470	80710470	harbor2	chr10	80564305	80564831	LINE/L2	1417	+	263	80564568	54098
chr10	80510470	80710470	harbor2	chr10	80610028	80610375	LINE/L2	430	+	174	80610202	99732
chr10	72833819	73033819	harbor2	chr10	72890984	72891245	LINE/L2	404	+	130	72891114	57295
chr10	72833819	73033819	harbor2	chr10	72927671	72927920	LINE/L2	518	+	124	72927795	93976
chr10	73977799	74177799	harbor2	chr10	74012698	74013139	LINE/L2	518	+	220	74012918	35119
chr10	73977799	74177799	harbor2	chr10	74039801	74040294	LINE/L2	775	+	246	74040047	62248
chr10	73977799	74177799	harbor2	chr10	74039244	74039500	LINE/L2	697	+	128	74039372	61573
chr10	103635085	103835085	harbor2	chr10	103687521	103687984	LINE/L2	896	+	232	103687753	52668
chr10	103635085	103835085	harbor2	chr10	103726463	103726588	LINE/L2	511	+	62	103726525	91440
chr10	102366329	102566329	harbor2	chr10	102388901	102389192	LINE/L2	620	+	146	102389047	22718
chr10	102366329	102566329	harbor2	chr10	102389894	102390234	LINE/L2	815	+	170	102390064	23735
chr10	102366329	102566329	harbor2	chr10	102425830	102426226	LINE/L2	884	+	198	102426028	59699
chr10	102366329	102566329	harbor2	chr10	102427127	102427929	LINE/L2	1230	+	401	102427528	61199
chr10	102366329	102566329	harbor2	chr10	102446028	102446214	LINE/L2	563	+	93	102446121	79792
chr10	102366329	102566329	harbor2	chr10	102446223	102446346	LINE/L2	399	+	62	102446285	79956
chr10	97943130	98143130	harbor2	chr10	97969796	97970526	LINE/L2	2354	+	365	97970161	27031
chr10	97943130	98143130	harbor2	chr10	97970541	97970859	LINE/L2	697	+	159	97970700	27570
chr10	97943130	98143130	harbor2	chr10	97987666	97987799	LINE/L2	505	+	66	97987732	44602
chr10	97943130	98143130	harbor2	chr10	98011497	98011783	LINE/L2	684	+	143	98011640	68510
chr10	97943130	98143130	harbor2	chr10	98042293	98042769	LINE/L2	589	+	238	98042531	99401
chr10	51876603	52076603	harbor2	chr10	51897640	51898506	LINE/L2	1391	+	433	51898073	21470
chr10	127336351	127536351	harbor2	chr10	127350359	127350528	LINE/L2	398	+	84	127350443	14092
chr10	127336351	127536351	harbor2	chr10	127387497	127387750	LINE/L2	433	+	126	127387623	51272
chr10	127336351	127536351	harbor2	chr10	127396294	127396568	LINE/L2	705	+	137	127396431	60080
chr10	131961234	132161234	harbor2	chr10	131994769	131994906	LINE/L2	528	+	68	131994837	33603
chr10	116926452	117126452	harbor2	chr10	116942767	116942869	LINE/L2	409	+	51	116942818	16366
chr10	116926452	117126452	harbor2	chr10	116984811	116985152	LINE/L2	501	+	170	116984981	58529
chr10	116926452	117126452	harbor2	chr10	117002228	117002394	LINE/L2	398	+	83	117002311	75859
chr10	48972285	49172285	harbor2	chr10	49031653	49032159	LINE/L2	616	+	253	49031906	59621
chr10	54670085	54870085	harbor2	chr10	54765452	54765575	LINE/L2	463	+	62	54765514	95429
chr10	73356590	73556590	harbor2	chr10	73416808	73416978	LINE/L2	754	+	85	73416893	60303
chr10	73356590	73556590	harbor2	chr10	73417279	73417433	LINE/L2	754	+	77	73417356	60766
chr10	73356590	73556590	harbor2	chr10	73417734	73417849	LINE/L2	531	+	58	73417792	61202
chr10	73356590	73556590	harbor2	chr10	73418162	73418289	LINE/L2	531	+	64	73418226	61636
chr10	73356590	73556590	harbor2	chr10	73455870	73456027	LINE/L2	566	+	78	73455948	99358
chr10	114340499	114540499	harbor2	chr10	114388225	114388681	LINE/L2	722	+	228	114388453	47954
chr10	95842479	96042479	harbor2	chr10	95889541	95889576	LINE/L2	410	+	18	95889559	47080
chr10	95842479	96042479	harbor2	chr10	95890157	95890243	LINE/L2	410	+	43	95890200	47721
chr10	95842479	96042479	harbor2	chr10	95935200	95935964	LINE/L2	1369	+	382	95935582	93103
chr10	94359759	94559759	harbor2	chr10	94365765	94366276	LINE/L2	420	+	256	94366021	6262
chr10	93703293	93903293	harbor2	chr10	93705724	93706099	LINE/L2	709	+	188	93705912	2619
chr10	93703293	93903293	harbor2	chr10	93714080	93714284	LINE/L2	568	+	102	93714182	10889
chr10	46675917	46875917	harbor2	chr10	46686388	46686461	LINE/L2	476	+	36	46686424	10507
chr10	46675917	46875917	harbor2	chr10	46686763	46687066	LINE/L2	476	+	152	46686915	10998
chr10	46675917	46875917	harbor2	chr10	46687371	46687468	LINE/L2	476	+	48	46687419	11502
chr10	46675917	46875917	harbor2	chr10	46730684	46731169	LINE/L2	606	+	242	46730926	55009
chr10	46675917	46875917	harbor2	chr10	46737163	46737373	LINE/L2	507	+	105	46737268	61351
chr10	110135988	110335988	harbor2	chr10	110179086	110179184	LINE/L2	415	+	49	110179135	43147
chr10	110135988	110335988	harbor2	chr10	110201557	110201668	LINE/L2	444	+	56	110201613	65625
chr10	110135988	110335988	harbor2	chr10	110219607	110219839	LINE/L2	572	+	116	110219723	83735
chr10	110135988	110335988	harbor2	chr10	110232281	110232668	LINE/L2	419	+	194	110232475	96487
chr10	74338582	74538582	harbor2	chr10	74379361	74379763	LINE/L2	521	+	201	74379562	40980
chr10	74338582	74538582	harbor2	chr10	74437275	74438232	LINE/L2	915	+	478	74437753	99171
chr10	117107575	117307575	harbor2	chr10	117187125	117187377	LINE/L2	468	+	126	117187251	79676
chr10	36389931	36589931	harbor2	chr10	36484317	36484954	LINE/L2	840	+	318	36484635	94704
chr10	36389931	36589931	harbor2	chr10	36485258	36485397	LINE/L2	462	+	70	36485328	95397
chr10	36389931	36589931	harbor2	chr10	36485516	36485686	LINE/L2	462	+	85	36485601	95670
chr10	93744844	93944844	harbor2	chr10	93817348	93817683	LINE/L2	687	+	168	93817516	72672
chr10	93744844	93944844	harbor2	chr10	93818101	93818216	LINE/L2	406	+	58	93818159	73315
chr10	93744844	93944844	harbor2	chr10	93830552	93830885	LINE/L2	792	+	166	93830718	85874
chr10	93744844	93944844	harbor2	chr10	93837286	93837815	LINE/L2	1215	+	264	93837550	92706
chr10	112408909	112608909	harbor2	chr10	112499190	112499892	LINE/L2	561	+	351	112499541	90632
chr10	107029040	107229040	harbor2	chr10	107048357	107048569	LINE/L2	526	+	106	107048463	19423
chr10	107029040	107229040	harbor2	chr10	107093204	107093392	LINE/L2	784	+	94	107093298	64258
chr10	107029040	107229040	harbor2	chr10	107093694	107094248	LINE/L2	940	+	277	107093971	64931
chr10	90550312	90750312	harbor2	chr10	90588012	90588746	LINE/L2	1222	+	367	90588379	38067
chr10	85316891	85516891	harbor2	chr10	85376491	85376644	LINE/L2	445	+	76	85376567	59676
chr10	85316891	85516891	harbor2	chr10	85405455	85406302	LINE/L2	1182	+	424	85405879	88988
chr10	113747177	113947177	harbor2	chr10	113817517	113817747	LINE/L2	404	+	115	113817632	70455
chr10	113747177	113947177	harbor2	chr10	113818059	113818268	LINE/L2	404	+	104	113818163	70986
chr10	92875019	93075019	harbor2	chr10	92933927	92934067	LINE/L2	578	+	70	92933997	58978
chr10	92875019	93075019	harbor2	chr10	92946432	92947079	LINE/L2	417	+	324	92946756	71737
chr10	113662521	113862521	harbor2	chr10	113664688	113665001	LINE/L2	651	+	156	113664844	2323
chr10	113662521	113862521	harbor2	chr10	113744332	113744590	LINE/L2	428	+	129	113744461	81940
chr10	113662521	113862521	harbor2	chr10	113745996	113746514	LINE/L2	601	+	259	113746255	83734
chr10	88792895	88992895	harbor2	chr10	88809796	88810203	LINE/L2	1170	+	204	88810000	17105
chr10	88792895	88992895	harbor2	chr10	88826416	88826965	LINE/L2	860	+	274	88826690	33795
chr10	88792895	88992895	harbor2	chr10	88836201	88836364	LINE/L2	477	+	82	88836283	43388
chr10	88792895	88992895	harbor2	chr10	88845324	88845933	LINE/L2	1148	+	304	88845628	52733
chr10	71399093	71599093	harbor2	chr10	71478040	71478567	LINE/L2	529	+	264	71478304	79211
chr10	71399093	71599093	harbor2	chr10	71450586	71451806	LINE/L2	2041	+	610	71451196	52103
chr10	71399093	71599093	harbor2	chr10	71433476	71434410	LINE/L2	1524	+	467	71433943	34850
chr10	62683146	62883146	harbor2	chr10	62718231	62719477	LINE/L2	3679	+	623	62718854	35708
chr10	62683146	62883146	harbor2	chr10	62719777	62719822	LINE/L2	1867	+	22	62719799	36653
chr10	62683146	62883146	harbor2	chr10	62720127	62720746	LINE/L2	1867	+	310	62720437	37291
chr10	62683146	62883146	harbor2	chr10	62720984	62721264	LINE/L2	717	+	140	62721124	37978
chr10	62683146	62883146	harbor2	chr10	62721387	62721532	LINE/L2	492	+	72	62721459	38313
chr10	62683146	62883146	harbor2	chr10	62729887	62730190	LINE/L2	433	+	152	62730039	46893
chr10	62683146	62883146	harbor2	chr10	62781155	62781520	LINE/L2	562	+	182	62781337	98191
chr10	101368209	101568209	harbor2	chr10	101388896	101389119	LINE/L2	1092	+	112	101389008	20799
chr10	101368209	101568209	harbor2	chr10	101389149	101389610	LINE/L2	1092	+	230	101389379	21170
chr10	101368209	101568209	harbor2	chr10	101389913	101389967	LINE/L2	1092	+	27	101389940	21731
chr10	61703519	61903519	harbor2	chr10	61777086	61777233	LINE/L2	481	+	74	61777160	73641
chr10	61703519	61903519	harbor2	chr10	61782825	61782929	LINE/L2	511	+	52	61782877	79358
chr10	61703519	61903519	harbor2	chr10	61796534	61796919	LINE/L2	680	+	192	61796726	93207
chr10	116487021	116687021	harbor2	chr10	116533124	116533590	LINE/L2	1256	+	233	116533357	46336
chr10	116487021	116687021	harbor2	chr10	116573418	116573942	LINE/L2	1649	+	262	116573680	86659
chr10	111929341	112129341	harbor2	chr10	111962712	111963243	LINE/L2	764	+	266	111962978	33637
chr10	111929341	112129341	harbor2	chr10	111974458	111974870	LINE/L2	587	+	206	111974664	45323
chr10	111929341	112129341	harbor2	chr10	111992177	111992505	LINE/L2	414	+	164	111992341	63000
chr10	129782685	129982685	harbor2	chr10	129820573	129820689	LINE/L2	541	+	58	129820631	37946
chr10	129782685	129982685	harbor2	chr10	129839144	129839234	LINE/L2	515	+	45	129839189	56504
chr10	51274934	51474934	harbor2	chr10	51311107	51311376	LINE/L2	457	+	134	51311241	36307
chr10	51274934	51474934	harbor2	chr10	51317935	51318209	LINE/L2	462	+	137	51318072	43138
chr10	124058875	124258875	harbor2	chr10	124080286	124080600	LINE/L2	490	+	157	124080443	21568
chr10	124058875	124258875	harbor2	chr10	124135138	124135399	LINE/L2	759	+	130	124135268	76393
chr10	93294618	93494618	harbor2	chr10	93334273	93334621	LINE/L2	638	+	174	93334447	39829
chr10	102901169	103101169	harbor2	chr10	102941482	102941915	LINE/L2	959	+	216	102941698	40529
chr10	102901169	103101169	harbor2	chr10	102978228	102978634	LINE/L2	1000	+	203	102978431	77262
chr10	102901169	103101169	harbor2	chr10	102979224	102979697	LINE/L2	572	+	236	102979460	78291
chr10	106143184	106343184	harbor2	chr10	106156733	106156856	LINE/L2	424	+	62	106156795	13611
chr10	88881543	89081543	harbor2	chr10	88957503	88957773	LINE/L2	475	+	135	88957638	76095
chr10	88881543	89081543	harbor2	chr10	88958050	88958262	LINE/L2	475	+	106	88958156	76613
chr10	88881543	89081543	harbor2	chr10	88975612	88975739	LINE/L2	497	+	64	88975676	94133
chr10	88881543	89081543	harbor2	chr10	88980493	88980640	LINE/L2	423	+	74	88980567	99024
chr10	121155520	121355520	harbor2	chr10	121160446	121160827	LINE/L2	1160	+	190	121160636	5116
chr10	121155520	121355520	harbor2	chr10	121161247	121161954	LINE/L2	1180	+	354	121161601	6081
chr10	121155520	121355520	harbor2	chr10	121201574	121201907	LINE/L2	398	+	166	121201740	46220
chr10	121155520	121355520	harbor2	chr10	121232258	121232427	LINE/L2	516	+	84	121232342	76822
chr10	121155520	121355520	harbor2	chr10	121232919	121232980	LINE/L2	516	+	30	121232949	77429
chr10	87278880	87478880	harbor2	chr10	87306011	87306516	LINE/L2	1203	+	252	87306263	27383
chr10	87278880	87478880	harbor2	chr10	87314965	87315420	LINE/L2	1194	+	228	87315193	36313
chr10	73935508	74135508	harbor2	chr10	74012698	74013139	LINE/L2	518	+	220	74012918	77410
chr10	105268978	105468978	harbor2	chr10	105304075	105304725	LINE/L2	653	+	325	105304400	35422
chr10	105268978	105468978	harbor2	chr10	105304735	105305475	LINE/L2	1012	+	370	105305105	36127
chr10	105268978	105468978	harbor2	chr10	105305766	105306406	LINE/L2	474	+	320	105306086	37108
chr10	105268978	105468978	harbor2	chr10	105306724	105306845	LINE/L2	432	+	60	105306784	37806
chr10	105268978	105468978	harbor2	chr10	105347166	105347849	LINE/L2	812	+	342	105347508	78530
chr10	105268978	105468978	harbor2	chr10	105351961	105352158	LINE/L2	634	+	98	105352059	83081
chr10	105268978	105468978	harbor2	chr10	105352680	105353570	LINE/L2	1739	+	445	105353125	84147
chr10	105268978	105468978	harbor2	chr10	105355347	105355625	LINE/L2	444	+	139	105355486	86508
chr10	116809507	117009507	harbor2	chr10	116820490	116821685	LINE/L2	1507	+	598	116821088	11581
chr10	116809507	117009507	harbor2	chr10	116826071	116826405	LINE/L2	445	+	167	116826238	16731
chr10	116809507	117009507	harbor2	chr10	116846020	116846135	LINE/L2	500	+	58	116846078	36571
chr10	97498082	97698082	harbor2	chr10	97503823	97504435	LINE/L2	1723	+	306	97504129	6047
chr10	97498082	97698082	harbor2	chr10	97529809	97530198	LINE/L2	424	+	194	97530003	31921
chr10	131914451	132114451	harbor2	chr10	131994769	131994906	LINE/L2	528	+	68	131994837	80386
chr10	105917178	106117178	harbor2	chr10	105921233	105921542	LINE/L2	439	+	154	105921387	4209
chr10	105917178	106117178	harbor2	chr10	105948478	105948640	LINE/L2	623	+	81	105948559	31381
chr10	127281110	127481110	harbor2	chr10	127350359	127350528	LINE/L2	398	+	84	127350443	69333
chr10	65015027	65215027	harbor2	chr10	65075542	65075635	LINE/L2	409	+	46	65075588	60561
chr10	78359505	78559505	harbor2	chr10	78378149	78378579	LINE/L2	404	+	215	78378364	18859
chr10	121493930	121693930	harbor2	chr10	121493488	121494065	LINE/L2	480	+	288	121493776	154
chr10	122882476	123082476	harbor2	chr10	122885775	122886292	LINE/L2	580	+	258	122886033	3557
chr10	122882476	123082476	harbor2	chr10	122916162	122916765	LINE/L2	749	+	302	122916464	33988
chr10	122882476	123082476	harbor2	chr10	122950563	122950801	LINE/L2	680	+	119	122950682	68206
chr10	108273291	108473291	harbor2	chr10	108341714	108342216	LINE/L2	591	+	251	108341965	68674
chr10	122727500	122927500	harbor2	chr10	122738043	122738754	LINE/L2	865	+	356	122738399	10899
chr10	122727500	122927500	harbor2	chr10	122739059	122739231	LINE/L2	791	+	86	122739145	11645
chr10	122727500	122927500	harbor2	chr10	122745733	122745844	LINE/L2	479	+	56	122745789	18289
chr10	94144607	94344607	harbor2	chr10	94183407	94183610	LINE/L2	836	+	102	94183509	38902
chr10	94144607	94344607	harbor2	chr10	94184023	94184325	LINE/L2	836	+	151	94184174	39567
chr10	94144607	94344607	harbor2	chr10	94184630	94184828	LINE/L2	836	+	99	94184729	40122
chr10	75978938	76178938	harbor2	chr10	76036870	76036999	LINE/L2	492	+	64	76036934	57996
chr10	75978938	76178938	harbor2	chr10	76057175	76057379	LINE/L2	494	+	102	76057277	78339
chr10	75978938	76178938	harbor2	chr10	76063921	76064031	LINE/L2	414	+	55	76063976	85038
chr11	115587420	115787420	harbor2	chr11	115590799	115590916	LINE/L2	537	+	58	115590857	3437
chr11	115587420	115787420	harbor2	chr11	115612629	115612892	LINE/L2	1425	+	132	115612761	25341
chr11	115587420	115787420	harbor2	chr11	115613154	115613766	LINE/L2	1998	+	306	115613460	26040
chr11	115587420	115787420	harbor2	chr11	115664131	115664562	LINE/L2	510	+	216	115664347	76927
chr11	105728734	105928734	harbor2	chr11	105734102	105734671	LINE/L2	861	+	284	105734386	5652
chr11	105728734	105928734	harbor2	chr11	105743574	105744052	LINE/L2	377	+	239	105743813	15079
chr11	105728734	105928734	harbor2	chr11	105759471	105759990	LINE/L2	520	+	260	105759731	30997
chr11	105728734	105928734	harbor2	chr11	105766693	105767127	LINE/L2	795	+	217	105766910	38176
chr11	121372315	121572315	harbor2	chr11	121398770	121399025	LINE/L2	489	+	128	121398898	26583
chr11	121372315	121572315	harbor2	chr11	121399520	121399603	LINE/L2	489	+	42	121399562	27247
chr11	121372315	121572315	harbor2	chr11	121423668	121424121	LINE/L2	880	+	226	121423894	51579
chr11	121372315	121572315	harbor2	chr11	121456076	121456398	LINE/L2	378	+	161	121456237	83922
chr11	121372315	121572315	harbor2	chr11	121462247	121462576	LINE/L2	520	+	164	121462411	90096
chr11	121372315	121572315	harbor2	chr11	121462872	121462943	LINE/L2	520	+	36	121462908	90593
chr11	59814001	60014001	harbor2	chr11	59846340	59846874	LINE/L2	1439	+	267	59846607	32606
chr11	59814001	60014001	harbor2	chr11	59871680	59872006	LINE/L2	759	+	163	59871843	57842
chr11	59814001	60014001	harbor2	chr11	59874686	59875117	LINE/L2	525	+	216	59874902	60901
chr11	59814001	60014001	harbor2	chr11	59875933	59876071	LINE/L2	381	+	69	59876002	62001
chr11	131569515	131769515	harbor2	chr11	131602575	131603292	LINE/L2	1220	+	358	131602933	33418
chr11	131569515	131769515	harbor2	chr11	131620264	131620943	LINE/L2	1311	+	340	131620604	51089
chr11	106399700	106599700	harbor2	chr11	106408801	106408984	LINE/L2	407	+	92	106408893	9193
chr11	106399700	106599700	harbor2	chr11	106464322	106464494	LINE/L2	407	+	86	106464408	64708
chr11	95035374	95235374	harbor2	chr11	95093194	95093662	LINE/L2	664	+	234	95093428	58054
chr11	100668883	100868883	harbor2	chr11	100731772	100731944	LINE/L2	827	+	86	100731858	62975
chr11	100668883	100868883	harbor2	chr11	100732257	100732372	LINE/L2	827	+	58	100732315	63432
chr11	109933823	110133823	harbor2	chr11	109934324	109934527	LINE/L2	460	+	102	109934426	603
chr11	109933823	110133823	harbor2	chr11	109936713	109937111	LINE/L2	635	+	199	109936912	3089
chr11	109933823	110133823	harbor2	chr11	109937898	109938227	LINE/L2	561	+	164	109938062	4239
chr11	109933823	110133823	harbor2	chr11	109945171	109945677	LINE/L2	499	+	253	109945424	11601
chr11	109933823	110133823	harbor2	chr11	109974787	109975305	LINE/L2	437	+	259	109975046	41223
chr11	109933823	110133823	harbor2	chr11	109992943	109993139	LINE/L2	517	+	98	109993041	59218
chr11	109933823	110133823	harbor2	chr11	109993361	109993684	LINE/L2	907	+	162	109993523	59700
chr11	109933823	110133823	harbor2	chr11	109994379	109994523	LINE/L2	485	+	72	109994451	60628
chr11	109933823	110133823	harbor2	chr11	109994525	109994896	LINE/L2	951	+	186	109994711	60888
chr11	109933823	110133823	harbor2	chr11	110033365	110033636	LINE/L2	1997	+	136	110033501	99678
chr11	56496321	56696321	harbor2	chr11	56538902	56539244	LINE/L2	468	+	171	56539073	42752
chr11	131088421	131288421	harbor2	chr11	131131252	131131489	LINE/L2	1387	+	118	131131370	42949
chr11	131088421	131288421	harbor2	chr11	131131892	131132610	LINE/L2	1387	+	359	131132251	43830
chr11	131088421	131288421	harbor2	chr11	131132967	131133487	LINE/L2	1387	+	260	131133227	44806
chr11	131088421	131288421	harbor2	chr11	131148697	131148971	LINE/L2	403	+	137	131148834	60413
chr11	131088421	131288421	harbor2	chr11	131161998	131162434	LINE/L2	369	+	218	131162216	73795
chr11	131088421	131288421	harbor2	chr11	131172092	131172503	LINE/L2	485	+	206	131172298	83877
chr11	121971062	122171062	harbor2	chr11	122008904	122009089	LINE/L2	421	+	92	122008996	37934
chr11	133618884	133818884	harbor2	chr11	133622373	133623077	LINE/L2	418	+	352	133622725	3841
chr11	133618884	133818884	harbor2	chr11	133657272	133657440	LINE/L2	501	+	84	133657356	38472
chr11	133618884	133818884	harbor2	chr11	133674755	133675217	LINE/L2	905	+	231	133674986	56102
chr11	133618884	133818884	harbor2	chr11	133699140	133699576	LINE/L2	721	+	218	133699358	80474
chr11	133618884	133818884	harbor2	chr11	133708495	133711394	LINE/L2	4231	+	1450	133709945	91061
chr11	134413318	134613318	harbor2	chr11	134422632	134422829	LINE/L2	464	+	98	134422730	9412
chr11	134413318	134613318	harbor2	chr11	134454751	134455414	LINE/L2	453	+	332	134455083	41765
chr11	134413318	134613318	harbor2	chr11	134456037	134456080	LINE/L2	453	+	22	134456059	42741
chr11	134413318	134613318	harbor2	chr11	134488357	134488780	LINE/L2	568	+	212	134488569	75251
chr11	132542821	132742821	harbor2	chr11	132603155	132603776	LINE/L2	806	+	310	132603465	60644
chr11	132542821	132742821	harbor2	chr11	132608906	132609178	LINE/L2	451	+	136	132609042	66221
chr11	132542821	132742821	harbor2	chr11	132609422	132609907	LINE/L2	429	+	242	132609664	66843
chr11	132542821	132742821	harbor2	chr11	132611292	132611634	LINE/L2	424	+	171	132611463	68642
chr11	132542821	132742821	harbor2	chr11	132619001	132619455	LINE/L2	401	+	227	132619228	76407
chr11	131381073	131581073	harbor2	chr11	131403304	131404178	LINE/L2	1091	+	437	131403741	22668
chr11	131381073	131581073	harbor2	chr11	131405194	131406199	LINE/L2	728	+	502	131405696	24623
chr11	131381073	131581073	harbor2	chr11	131427804	131428274	LINE/L2	470	+	235	131428039	46966
chr11	131381073	131581073	harbor2	chr11	131473811	131474874	LINE/L2	632	+	532	131474343	93270
chr11	107535726	107735726	harbor2	chr11	107564680	107564903	LINE/L2	527	+	112	107564792	29066
chr11	107535726	107735726	harbor2	chr11	107584136	107584333	LINE/L2	425	+	98	107584234	48508
chr11	107535726	107735726	harbor2	chr11	107589125	107589266	LINE/L2	522	+	70	107589195	53469
chr11	107535726	107735726	harbor2	chr11	107613830	107614341	LINE/L2	929	+	256	107614086	78360
chr11	107535726	107735726	harbor2	chr11	107614637	107614950	LINE/L2	929	+	156	107614793	79067
chr11	102565532	102765532	harbor2	chr11	102571607	102572585	LINE/L2	1654	+	489	102572096	6564
chr11	102565532	102765532	harbor2	chr11	102582921	102583162	LINE/L2	463	+	120	102583041	17509
chr11	102565532	102765532	harbor2	chr11	102588926	102589480	LINE/L2	505	+	277	102589203	23671
chr11	102565532	102765532	harbor2	chr11	102613331	102613448	LINE/L2	396	+	58	102613389	47857
chr11	102565532	102765532	harbor2	chr11	102622439	102622812	LINE/L2	486	+	186	102622625	57093
chr11	102565532	102765532	harbor2	chr11	102627920	102628071	LINE/L2	583	+	76	102627996	62464
chr11	102565532	102765532	harbor2	chr11	102637575	102638041	LINE/L2	386	+	233	102637808	72276
chr11	129616325	129816325	harbor2	chr11	129618537	129618658	LINE/L2	413	+	60	129618597	2272
chr11	129616325	129816325	harbor2	chr11	129637693	129637961	LINE/L2	557	+	134	129637827	21502
chr11	129616325	129816325	harbor2	chr11	129638043	129638369	LINE/L2	578	+	163	129638206	21881
chr11	129616325	129816325	harbor2	chr11	129669672	129669940	LINE/L2	367	+	134	129669806	53481
chr11	129616325	129816325	harbor2	chr11	129691935	129692473	LINE/L2	389	+	269	129692204	75879
chr11	77042675	77242675	harbor2	chr11	77141549	77142018	LINE/L2	612	+	234	77141783	99108
chr11	91654982	91854982	harbor2	chr11	91689264	91690059	LINE/L2	921	+	398	91689662	34680
chr11	91654982	91854982	harbor2	chr11	91754221	91754737	LINE/L2	458	+	258	91754479	99497
chr11	106123776	106323776	harbor2	chr11	106141428	106141738	LINE/L2	684	+	155	106141583	17807
chr11	106123776	106323776	harbor2	chr11	106146984	106147108	LINE/L2	412	+	62	106147046	23270
chr11	106123776	106323776	harbor2	chr11	106168827	106169153	LINE/L2	505	+	163	106168990	45214
chr11	106123776	106323776	harbor2	chr11	106169467	106169624	LINE/L2	505	+	78	106169545	45769
chr11	106123776	106323776	harbor2	chr11	106221630	106221852	LINE/L2	440	+	111	106221741	97965
chr11	126031673	126231673	harbor2	chr11	126040279	126040401	LINE/L2	410	+	61	126040340	8667
chr11	110321497	110521497	harbor2	chr11	110360270	110360400	LINE/L2	387	+	65	110360335	38838
chr11	110321497	110521497	harbor2	chr11	110375239	110375450	LINE/L2	697	+	106	110375345	53848
chr11	110321497	110521497	harbor2	chr11	110375798	110375890	LINE/L2	697	+	46	110375844	54347
chr11	21886649	22086649	harbor2	chr11	21903893	21903975	LINE/L2	408	+	41	21903934	17285
chr11	21886649	22086649	harbor2	chr11	21904332	21904602	LINE/L2	408	+	135	21904467	17818
chr11	21886649	22086649	harbor2	chr11	21934432	21934622	LINE/L2	424	+	95	21934527	47878
chr11	21886649	22086649	harbor2	chr11	21934987	21935238	LINE/L2	404	+	126	21935113	48464
chr11	133218066	133418066	harbor2	chr11	133313068	133313259	LINE/L2	503	+	96	133313164	95098
chr11	79313885	79513885	harbor2	chr11	79338054	79338183	LINE/L2	417	+	64	79338118	24233
chr11	79313885	79513885	harbor2	chr11	79344100	79344172	LINE/L2	396	+	36	79344136	30251
chr11	79313885	79513885	harbor2	chr11	79350343	79350428	LINE/L2	920	+	42	79350385	36500
chr11	79313885	79513885	harbor2	chr11	79350740	79351423	LINE/L2	949	+	342	79351082	37197
chr11	118530420	118730420	harbor2	chr11	118563654	118563919	LINE/L2	591	+	132	118563786	33366
chr11	118530420	118730420	harbor2	chr11	118564216	118564428	LINE/L2	591	+	106	118564322	33902
chr11	118530420	118730420	harbor2	chr11	118564564	118564583	LINE/L2	591	+	10	118564574	34154
chr11	74498650	74698650	harbor2	chr11	74562168	74562360	LINE/L2	537	+	96	74562264	63614
chr11	66306005	66506005	harbor2	chr11	66307468	66307662	LINE/L2	379	+	97	66307565	1560
chr11	66306005	66506005	harbor2	chr11	66318767	66319408	LINE/L2	1531	+	320	66319087	13082
chr11	66306005	66506005	harbor2	chr11	66321546	66321592	LINE/L2	370	+	23	66321569	15564
chr11	66306005	66506005	harbor2	chr11	66321806	66321925	LINE/L2	370	+	60	66321866	15861
chr11	66306005	66506005	harbor2	chr11	66342919	66343332	LINE/L2	544	+	206	66343125	37120
chr11	66306005	66506005	harbor2	chr11	66361634	66361905	LINE/L2	404	+	136	66361770	55765
chr11	102830611	103030611	harbor2	chr11	102834474	102834913	LINE/L2	575	+	220	102834694	4083
chr11	102830611	103030611	harbor2	chr11	102845651	102845828	LINE/L2	392	+	88	102845739	15128
chr11	102830611	103030611	harbor2	chr11	102859862	102860166	LINE/L2	411	+	152	102860014	29403
chr11	102830611	103030611	harbor2	chr11	102889449	102889572	LINE/L2	378	+	62	102889511	58900
chr11	92604486	92804486	harbor2	chr11	92610577	92610851	LINE/L2	501	+	137	92610714	6228
chr11	92604486	92804486	harbor2	chr11	92630028	92630715	LINE/L2	681	+	344	92630372	25886
chr11	92604486	92804486	harbor2	chr11	92654294	92655207	LINE/L2	694	+	456	92654750	50264
chr11	92604486	92804486	harbor2	chr11	92655237	92655376	LINE/L2	643	+	70	92655307	50821
chr11	92604486	92804486	harbor2	chr11	92663461	92664425	LINE/L2	426	+	482	92663943	59457
chr11	92604486	92804486	harbor2	chr11	92671456	92671813	LINE/L2	518	+	178	92671634	67148
chr11	130634854	130834854	harbor2	chr11	130636764	130636915	LINE/L2	426	+	76	130636840	1986
chr11	130634854	130834854	harbor2	chr11	130645365	130645849	LINE/L2	525	+	242	130645607	10753
chr11	130634854	130834854	harbor2	chr11	130668421	130668964	LINE/L2	609	+	272	130668693	33839
chr11	130634854	130834854	harbor2	chr11	130692933	130693184	LINE/L2	395	+	126	130693059	58205
chr11	130634854	130834854	harbor2	chr11	130698039	130698218	LINE/L2	394	+	90	130698129	63275
chr11	130634854	130834854	harbor2	chr11	130703406	130703545	LINE/L2	451	+	70	130703476	68622
chr11	130634854	130834854	harbor2	chr11	130713374	130713681	LINE/L2	731	+	154	130713528	78674
chr11	124337190	124537190	harbor2	chr11	124414268	124414458	LINE/L2	381	+	95	124414363	77173
chr11	123121075	123321075	harbor2	chr11	123147193	123147450	LINE/L2	466	+	128	123147321	26246
chr11	123121075	123321075	harbor2	chr11	123147577	123147772	LINE/L2	466	+	98	123147675	26600
chr11	114899611	115099611	harbor2	chr11	114973277	114973826	LINE/L2	883	+	274	114973551	73940
chr11	114899611	115099611	harbor2	chr11	114973857	114974261	LINE/L2	509	+	202	114974059	74448
chr11	114899611	115099611	harbor2	chr11	114978790	114979163	LINE/L2	378	+	186	114978976	79365
chr11	114899611	115099611	harbor2	chr11	114993322	114994143	LINE/L2	1114	+	410	114993732	94121
chr11	114899611	115099611	harbor2	chr11	114994930	114995379	LINE/L2	937	+	224	114995154	95543
chr11	114899611	115099611	harbor2	chr11	114995584	114996607	LINE/L2	1250	+	512	114996096	96485
chr11	114899611	115099611	harbor2	chr11	114996965	114997094	LINE/L2	1250	+	64	114997029	97418
chr11	96041429	96241429	harbor2	chr11	96103834	96104245	LINE/L2	445	+	206	96104040	62611
chr11	96041429	96241429	harbor2	chr11	96119740	96119936	LINE/L2	424	+	98	96119838	78409
chr11	82529450	82729450	harbor2	chr11	82550074	82550514	LINE/L2	391	+	220	82550294	20844
chr11	82529450	82729450	harbor2	chr11	82561231	82561863	LINE/L2	617	+	316	82561547	32097
chr11	82529450	82729450	harbor2	chr11	82564460	82564911	LINE/L2	555	+	226	82564686	35236
chr11	82529450	82729450	harbor2	chr11	82565157	82565510	LINE/L2	400	+	176	82565333	35883
chr11	82529450	82729450	harbor2	chr11	82582479	82582760	LINE/L2	400	+	140	82582619	53169
chr11	82529450	82729450	harbor2	chr11	82601821	82602186	LINE/L2	416	+	182	82602003	72553
chr11	82529450	82729450	harbor2	chr11	82617131	82617583	LINE/L2	382	+	226	82617357	87907
chr11	130353639	130553639	harbor2	chr11	130368703	130369002	LINE/L2	372	+	150	130368853	15214
chr11	130353639	130553639	harbor2	chr11	130411734	130411883	LINE/L2	445	+	74	130411808	58169
chr11	112454368	112654368	harbor2	chr11	112468739	112469215	LINE/L2	539	+	238	112468977	14609
chr11	112454368	112654368	harbor2	chr11	112547901	112548823	LINE/L2	1202	+	461	112548362	93994
chr11	112454368	112654368	harbor2	chr11	112548992	112549306	LINE/L2	406	+	157	112549149	94781
chr11	112454368	112654368	harbor2	chr11	112549307	112549851	LINE/L2	1225	+	272	112549579	95211
chr11	60266667	60466667	harbor2	chr11	60268539	60268899	LINE/L2	899	+	180	60268719	2052
chr11	60266667	60466667	harbor2	chr11	60278692	60279256	LINE/L2	368	+	282	60278974	12307
chr11	60266667	60466667	harbor2	chr11	60310984	60311093	LINE/L2	394	+	54	60311038	44371
chr11	89942535	90142535	harbor2	chr11	89987760	89988072	LINE/L2	486	+	156	89987916	45381
chr11	89942535	90142535	harbor2	chr11	89997643	89997838	LINE/L2	658	+	98	89997741	55206
chr11	89942535	90142535	harbor2	chr11	89997869	89998249	LINE/L2	658	+	190	89998059	55524
chr11	85109281	85309281	harbor2	chr11	85127222	85127629	LINE/L2	399	+	204	85127426	18145
chr11	85109281	85309281	harbor2	chr11	85138520	85138542	LINE/L2	909	+	11	85138531	29250
chr11	85109281	85309281	harbor2	chr11	85138894	85139309	LINE/L2	909	+	208	85139102	29821
chr11	85109281	85309281	harbor2	chr11	85207829	85208031	LINE/L2	403	+	101	85207930	98649
chr11	128510189	128710189	harbor2	chr11	128576688	128577145	LINE/L2	642	+	228	128576916	66727
chr11	128510189	128710189	harbor2	chr11	128600221	128600617	LINE/L2	1178	+	198	128600419	90230
chr11	100170805	100370805	harbor2	chr11	100177226	100177490	LINE/L2	484	+	132	100177358	6553
chr11	100170805	100370805	harbor2	chr11	100242034	100242443	LINE/L2	419	+	204	100242238	71433
chr11	130516266	130716266	harbor2	chr11	130560823	130561010	LINE/L2	533	+	94	130560917	44651
chr11	130516266	130716266	harbor2	chr11	130563542	130563728	LINE/L2	375	+	93	130563635	47369
chr11	47531890	47731890	harbor2	chr11	47554477	47554663	LINE/L2	953	+	93	47554570	22680
chr11	47531890	47731890	harbor2	chr11	47554964	47555146	LINE/L2	953	+	91	47555055	23165
chr11	117881882	118081882	harbor2	chr11	117888598	117888927	LINE/L2	472	+	164	117888762	6880
chr11	117881882	118081882	harbor2	chr11	117912622	117912880	LINE/L2	480	+	129	117912751	30869
chr11	117881882	118081882	harbor2	chr11	117971021	117971375	LINE/L2	475	+	177	117971198	89316
chr11	117881882	118081882	harbor2	chr11	117972223	117972422	LINE/L2	920	+	100	117972323	90441
chr11	117881882	118081882	harbor2	chr11	117972559	117972833	LINE/L2	920	+	137	117972696	90814
chr11	107800525	108000525	harbor2	chr11	107869867	107870139	LINE/L2	821	+	136	107870003	69478
chr11	107800525	108000525	harbor2	chr11	107870262	107870345	LINE/L2	821	+	42	107870304	69779
chr11	107800525	108000525	harbor2	chr11	107870655	107870925	LINE/L2	821	+	135	107870790	70265
chr11	34617075	34817075	harbor2	chr11	34632796	34632897	LINE/L2	391	+	50	34632846	15771
chr11	34617075	34817075	harbor2	chr11	34641286	34641367	LINE/L2	391	+	40	34641326	24251
chr11	34617075	34817075	harbor2	chr11	34656422	34656843	LINE/L2	514	+	210	34656632	39557
chr11	34617075	34817075	harbor2	chr11	34662080	34662189	LINE/L2	420	+	54	34662134	45059
chr11	73234538	73434538	harbor2	chr11	73244091	73244192	LINE/L2	421	+	50	73244141	9603
chr11	73234538	73434538	harbor2	chr11	73263193	73263556	LINE/L2	623	+	182	73263375	28837
chr11	73234538	73434538	harbor2	chr11	73270904	73271108	LINE/L2	429	+	102	73271006	36468
chr11	103565830	103765830	harbor2	chr11	103566557	103566746	LINE/L2	404	+	94	103566651	821
chr11	103565830	103765830	harbor2	chr11	103580093	103580293	LINE/L2	1616	+	100	103580193	14363
chr11	103565830	103765830	harbor2	chr11	103580280	103580425	LINE/L2	876	+	72	103580352	14522
chr11	103565830	103765830	harbor2	chr11	103580725	103580942	LINE/L2	876	+	108	103580833	15003
chr11	103565830	103765830	harbor2	chr11	103579349	103579729	LINE/L2	1616	+	190	103579539	13709
chr11	120334298	120534298	harbor2	chr11	120373449	120373542	LINE/L2	577	+	46	120373495	39197
chr11	120334298	120534298	harbor2	chr11	120391996	120392503	LINE/L2	736	+	254	120392250	57952
chr11	120334298	120534298	harbor2	chr11	120428520	120428637	LINE/L2	479	+	58	120428578	94280
chr11	99147087	99347087	harbor2	chr11	99176052	99177399	LINE/L2	2174	+	674	99176726	29639
chr11	99147087	99347087	harbor2	chr11	99183377	99184156	LINE/L2	658	+	390	99183767	36680
chr11	99147087	99347087	harbor2	chr11	99184226	99184567	LINE/L2	366	+	170	99184396	37309
chr11	99147087	99347087	harbor2	chr11	99217610	99218473	LINE/L2	1531	+	432	99218042	70955
chr11	121465489	121665489	harbor2	chr11	121491458	121491901	LINE/L2	1120	+	222	121491680	26191
chr11	121465489	121665489	harbor2	chr11	121491888	121492078	LINE/L2	941	+	95	121491983	26494
chr11	121465489	121665489	harbor2	chr11	121492385	121492608	LINE/L2	941	+	112	121492497	27008
chr11	121465489	121665489	harbor2	chr11	121523218	121523332	LINE/L2	391	+	57	121523275	57786
chr11	133830240	134030240	harbor2	chr11	133891813	133891919	LINE/L2	367	+	53	133891866	61626
chr11	133830240	134030240	harbor2	chr11	133891948	133892952	LINE/L2	1269	+	502	133892450	62210
chr11	133830240	134030240	harbor2	chr11	133895972	133896288	LINE/L2	636	+	158	133896130	65890
chr11	116593308	116793308	harbor2	chr11	116631198	116631673	LINE/L2	1207	+	238	116631436	38128
chr11	116593308	116793308	harbor2	chr11	116638119	116638460	LINE/L2	550	+	170	116638289	44981
chr11	116593308	116793308	harbor2	chr11	116642499	116642667	LINE/L2	553	+	84	116642583	49275
chr11	116593308	116793308	harbor2	chr11	116654484	116654684	LINE/L2	442	+	100	116654584	61276
chr11	116593308	116793308	harbor2	chr11	116655242	116655517	LINE/L2	497	+	138	116655380	62072
chr11	116593308	116793308	harbor2	chr11	116661220	116661393	LINE/L2	504	+	86	116661306	67998
chr11	116593308	116793308	harbor2	chr11	116662796	116663084	LINE/L2	984	+	144	116662940	69632
chr11	116593308	116793308	harbor2	chr11	116685608	116685940	LINE/L2	680	+	166	116685774	92466
chr11	102035105	102235105	harbor2	chr11	102052711	102052943	LINE/L2	409	+	116	102052827	17722
chr11	126495669	126695669	harbor2	chr11	126495826	126496014	LINE/L2	537	+	94	126495920	251
chr11	126495669	126695669	harbor2	chr11	126504149	126504399	LINE/L2	664	+	125	126504274	8605
chr11	126495669	126695669	harbor2	chr11	126507390	126507669	LINE/L2	686	+	140	126507530	11861
chr11	126495669	126695669	harbor2	chr11	126516358	126516617	LINE/L2	742	+	130	126516488	20819
chr11	126495669	126695669	harbor2	chr11	126588583	126588825	LINE/L2	704	+	121	126588704	93035
chr11	126495669	126695669	harbor2	chr11	126549973	126550189	LINE/L2	535	+	108	126550081	54412
chr11	115988127	116188127	harbor2	chr11	116033328	116033518	LINE/L2	442	+	95	116033423	45296
chr11	115988127	116188127	harbor2	chr11	116071495	116071885	LINE/L2	485	+	195	116071690	83563
chr11	115988127	116188127	harbor2	chr11	116073422	116073698	LINE/L2	579	+	138	116073560	85433
chr11	115988127	116188127	harbor2	chr11	116074348	116074605	LINE/L2	598	+	128	116074476	86349
chr11	115988127	116188127	harbor2	chr11	116079449	116079687	LINE/L2	871	+	119	116079568	91441
chr11	115988127	116188127	harbor2	chr11	116080128	116080647	LINE/L2	871	+	260	116080388	92261
chr11	81291438	81491438	harbor2	chr11	81318904	81319731	LINE/L2	1124	+	414	81319318	27880
chr11	81291438	81491438	harbor2	chr11	81363295	81363523	LINE/L2	371	+	114	81363409	71971
chr11	81291438	81491438	harbor2	chr11	81382372	81382796	LINE/L2	371	+	212	81382584	91146
chr11	81291438	81491438	harbor2	chr11	81387169	81387460	LINE/L2	385	+	146	81387315	95877
chr11	96303532	96503532	harbor2	chr11	96372005	96372521	LINE/L2	1367	+	258	96372263	68731
chr11	15935050	16135050	harbor2	chr11	15937103	15937333	LINE/L2	634	+	115	15937218	2168
chr11	15935050	16135050	harbor2	chr11	15952912	15953028	LINE/L2	385	+	58	15952970	17920
chr11	15935050	16135050	harbor2	chr11	15953112	15953229	LINE/L2	449	+	58	15953170	18120
chr11	15935050	16135050	harbor2	chr11	15955521	15956120	LINE/L2	900	+	300	15955821	20771
chr11	15935050	16135050	harbor2	chr11	15976760	15980042	LINE/L2	6946	+	1641	15978401	43351
chr11	15935050	16135050	harbor2	chr11	15990441	15990573	LINE/L2	380	+	66	15990507	55457
chr11	15935050	16135050	harbor2	chr11	16011918	16012099	LINE/L2	444	+	90	16012008	76958
chr11	127026399	127226399	harbor2	chr11	127051385	127051539	LINE/L2	525	+	77	127051462	25063
chr11	127026399	127226399	harbor2	chr11	127051831	127052055	LINE/L2	525	+	112	127051943	25544
chr11	127026399	127226399	harbor2	chr11	127058619	127059048	LINE/L2	888	+	214	127058833	32434
chr11	107303657	107503657	harbor2	chr11	107324942	107325136	LINE/L2	377	+	97	107325039	21382
chr11	107303657	107503657	harbor2	chr11	107334084	107334202	LINE/L2	507	+	59	107334143	30486
chr11	107303657	107503657	harbor2	chr11	107352182	107352456	LINE/L2	506	+	137	107352319	48662
chr11	107303657	107503657	harbor2	chr11	107383838	107384119	LINE/L2	399	+	140	107383978	80321
chr11	107303657	107503657	harbor2	chr11	107386422	107386773	LINE/L2	1267	+	176	107386598	82941
chr11	107303657	107503657	harbor2	chr11	107387066	107387442	LINE/L2	1267	+	188	107387254	83597
chr11	107303657	107503657	harbor2	chr11	107387472	107387548	LINE/L2	1267	+	38	107387510	83853
chr11	107303657	107503657	harbor2	chr11	107387901	107388369	LINE/L2	1267	+	234	107388135	84478
chr11	125207210	125407210	harbor2	chr11	125225258	125225378	LINE/L2	406	+	60	125225318	18108
chr11	125207210	125407210	harbor2	chr11	125295945	125296627	LINE/L2	1368	+	341	125296286	89076
chr11	125207210	125407210	harbor2	chr11	125296933	125297070	LINE/L2	1044	+	68	125297001	89791
chr11	44457288	44657288	harbor2	chr11	44460096	44460319	LINE/L2	525	+	112	44460208	2920
chr11	44457288	44657288	harbor2	chr11	44488921	44489245	LINE/L2	712	+	162	44489083	31795
chr11	44457288	44657288	harbor2	chr11	44500547	44500802	LINE/L2	485	+	128	44500675	43387
chr11	44457288	44657288	harbor2	chr11	44508011	44508523	LINE/L2	638	+	256	44508267	50979
chr11	44457288	44657288	harbor2	chr11	44508834	44509187	LINE/L2	638	+	176	44509010	51722
chr11	44457288	44657288	harbor2	chr11	44522678	44522971	LINE/L2	610	+	146	44522824	65536
chr11	132267467	132467467	harbor2	chr11	132358566	132358930	LINE/L2	496	+	182	132358748	91281
chr11	132267467	132467467	harbor2	chr11	132367346	132367577	LINE/L2	458	+	116	132367462	99995
chr11	50130739	50330739	harbor2	chr11	50185673	50186055	LINE/L2	780	+	191	50185864	55125
chr11	50130739	50330739	harbor2	chr11	50186787	50186895	LINE/L2	780	+	54	50186841	56102
chr11	131109189	131309189	harbor2	chr11	131131252	131131489	LINE/L2	1387	+	118	131131370	22181
chr11	131109189	131309189	harbor2	chr11	131131892	131132610	LINE/L2	1387	+	359	131132251	23062
chr11	131109189	131309189	harbor2	chr11	131132967	131133487	LINE/L2	1387	+	260	131133227	24038
chr11	131109189	131309189	harbor2	chr11	131148697	131148971	LINE/L2	403	+	137	131148834	39645
chr11	131109189	131309189	harbor2	chr11	131161998	131162434	LINE/L2	369	+	218	131162216	53027
chr11	131109189	131309189	harbor2	chr11	131172092	131172503	LINE/L2	485	+	206	131172298	63109
chr11	131109189	131309189	harbor2	chr11	131206908	131207329	LINE/L2	509	+	210	131207118	97929
chr11	97400297	97600297	harbor2	chr11	97431512	97431834	LINE/L2	538	+	161	97431673	31376
chr11	97400297	97600297	harbor2	chr11	97445908	97446765	LINE/L2	956	+	428	97446336	46039
chr11	97400297	97600297	harbor2	chr11	97490531	97490952	LINE/L2	458	+	210	97490741	90444
chr11	105300891	105500891	harbor2	chr11	105303087	105303333	LINE/L2	428	+	123	105303210	2319
chr11	105300891	105500891	harbor2	chr11	105305127	105305554	LINE/L2	389	+	214	105305341	4450
chr11	105300891	105500891	harbor2	chr11	105309540	105309856	LINE/L2	434	+	158	105309698	8807
chr11	105300891	105500891	harbor2	chr11	105361503	105361898	LINE/L2	541	+	198	105361701	60810
chr11	134840767	135040767	harbor2	chr11	134852436	134852957	LINE/L2	470	+	260	134852696	11929
chr11	134840767	135040767	harbor2	chr11	134909605	134910275	LINE/L2	763	+	335	134909940	69173
chr11	116746118	116946118	harbor2	chr11	116750321	116750543	LINE/L2	367	+	111	116750432	4314
chr11	116746118	116946118	harbor2	chr11	116750596	116751288	LINE/L2	584	+	346	116750942	4824
chr11	116746118	116946118	harbor2	chr11	116770294	116770491	LINE/L2	485	+	98	116770392	24274
chr11	116746118	116946118	harbor2	chr11	116771067	116771412	LINE/L2	485	+	172	116771239	25121
chr11	116746118	116946118	harbor2	chr11	116777969	116778324	LINE/L2	1020	+	178	116778147	32029
chr11	119072439	119272439	harbor2	chr11	119152727	119153078	LINE/L2	562	+	176	119152903	80464
chr11	119072439	119272439	harbor2	chr11	119155044	119155323	LINE/L2	488	+	140	119155184	82745
chr11	119072439	119272439	harbor2	chr11	119155620	119156148	LINE/L2	617	+	264	119155884	83445
chr11	134811151	135011151	harbor2	chr11	134852436	134852957	LINE/L2	470	+	260	134852696	41545
chr11	134811151	135011151	harbor2	chr11	134909605	134910275	LINE/L2	763	+	335	134909940	98789
chr11	89793894	89993894	harbor2	chr11	89802360	89802566	LINE/L2	596	+	103	89802463	8569
chr11	89793894	89993894	harbor2	chr11	89802642	89803014	LINE/L2	596	+	186	89802828	8934
chr11	84027708	84227708	harbor2	chr11	84028659	84029002	LINE/L2	382	+	172	84028831	1123
chr11	84027708	84227708	harbor2	chr11	84055292	84055523	LINE/L2	463	+	116	84055408	27700
chr11	84027708	84227708	harbor2	chr11	84055597	84055920	LINE/L2	540	+	162	84055759	28051
chr11	84027708	84227708	harbor2	chr11	84060741	84061007	LINE/L2	492	+	133	84060874	33166
chr11	84027708	84227708	harbor2	chr11	84074323	84074529	LINE/L2	891	+	103	84074426	46718
chr11	84027708	84227708	harbor2	chr11	84074828	84075443	LINE/L2	977	+	308	84075136	47428
chr11	84027708	84227708	harbor2	chr11	84076615	84077511	LINE/L2	880	+	448	84077063	49355
chr11	84027708	84227708	harbor2	chr11	84078704	84079274	LINE/L2	603	+	285	84078989	51281
chr11	84027708	84227708	harbor2	chr11	84079583	84080196	LINE/L2	603	+	306	84079889	52181
chr11	84027708	84227708	harbor2	chr11	84101905	84102361	LINE/L2	624	+	228	84102133	74425
chr11	84027708	84227708	harbor2	chr11	84115513	84115977	LINE/L2	842	+	232	84115745	88037
chr11	96982112	97182112	harbor2	chr11	97012522	97012662	LINE/L2	399	+	70	97012592	30480
chr11	96982112	97182112	harbor2	chr11	97031062	97031416	LINE/L2	680	+	177	97031239	49127
chr11	131765004	131965004	harbor2	chr11	131765146	131765768	LINE/L2	376	+	311	131765457	453
chr11	101791681	101991681	harbor2	chr11	101795347	101795446	LINE/L2	413	+	50	101795397	3716
chr11	101791681	101991681	harbor2	chr11	101795481	101795771	LINE/L2	413	+	145	101795626	3945
chr11	131041936	131241936	harbor2	chr11	131059137	131059512	LINE/L2	398	+	188	131059325	17389
chr11	131041936	131241936	harbor2	chr11	131065256	131065435	LINE/L2	481	+	90	131065346	23410
chr11	131041936	131241936	harbor2	chr11	131131252	131131489	LINE/L2	1387	+	118	131131370	89434
chr11	131041936	131241936	harbor2	chr11	131131892	131132610	LINE/L2	1387	+	359	131132251	90315
chr11	131041936	131241936	harbor2	chr11	131132967	131133487	LINE/L2	1387	+	260	131133227	91291
chr11	134755098	134955098	harbor2	chr11	134852436	134852957	LINE/L2	470	+	260	134852696	97598
chr11	130506283	130706283	harbor2	chr11	130560823	130561010	LINE/L2	533	+	94	130560917	54634
chr11	130506283	130706283	harbor2	chr11	130563542	130563728	LINE/L2	375	+	93	130563635	57352
chr11	120339062	120539062	harbor2	chr11	120373449	120373542	LINE/L2	577	+	46	120373495	34433
chr11	120339062	120539062	harbor2	chr11	120391996	120392503	LINE/L2	736	+	254	120392250	53188
chr11	120339062	120539062	harbor2	chr11	120428520	120428637	LINE/L2	479	+	58	120428578	89516
chr11	101353004	101553004	harbor2	chr11	101412016	101412033	LINE/L2	438	+	8	101412024	59020
chr11	101353004	101553004	harbor2	chr11	101412828	101413595	LINE/L2	438	+	384	101413212	60208
chr11	101353004	101553004	harbor2	chr11	101440387	101440864	LINE/L2	561	+	238	101440625	87621
chr11	132897692	133097692	harbor2	chr11	132925886	132926309	LINE/L2	842	+	212	132926098	28406
chr11	132897692	133097692	harbor2	chr11	132955931	132956008	LINE/L2	366	+	38	132955969	58277
chr11	132897692	133097692	harbor2	chr11	132973289	132973828	LINE/L2	547	+	270	132973559	75867
chr11	132897692	133097692	harbor2	chr11	132978657	132979639	LINE/L2	1274	+	491	132979148	81456
chr11	130335148	130535148	harbor2	chr11	130341067	130341388	LINE/L2	970	+	160	130341227	6079
chr11	130335148	130535148	harbor2	chr11	130341701	130341904	LINE/L2	970	+	102	130341803	6655
chr11	130335148	130535148	harbor2	chr11	130350714	130351053	LINE/L2	399	+	170	130350884	15736
chr11	130335148	130535148	harbor2	chr11	130368703	130369002	LINE/L2	372	+	150	130368853	33705
chr11	130335148	130535148	harbor2	chr11	130411734	130411883	LINE/L2	445	+	74	130411808	76660
chr11	24674604	24874604	harbor2	chr11	24694097	24694405	LINE/L2	569	+	154	24694251	19647
chr11	24674604	24874604	harbor2	chr11	24699964	24700056	LINE/L2	607	+	46	24700010	25406
chr11	24674604	24874604	harbor2	chr11	24700363	24700623	LINE/L2	607	+	130	24700493	25889
chr11	24674604	24874604	harbor2	chr11	24728401	24728628	LINE/L2	390	+	114	24728515	53911
chr11	110193500	110393500	harbor2	chr11	110216115	110216291	LINE/L2	427	+	88	110216203	22703
chr11	110193500	110393500	harbor2	chr11	110218669	110218895	LINE/L2	433	+	113	110218782	25282
chr11	110193500	110393500	harbor2	chr11	110245607	110245825	LINE/L2	503	+	109	110245716	52216
chr11	110193500	110393500	harbor2	chr11	110260643	110260654	LINE/L2	775	+	6	110260649	67149
chr11	110193500	110393500	harbor2	chr11	110261004	110261310	LINE/L2	775	+	153	110261157	67657
chr11	110193500	110393500	harbor2	chr11	110265627	110266003	LINE/L2	393	+	188	110265815	72315
chr11	25785849	25985849	harbor2	chr11	25866613	25867092	LINE/L2	479	+	240	25866853	81004
chr11	122753206	122953206	harbor2	chr11	122771114	122771232	LINE/L2	514	+	59	122771173	17967
chr11	122753206	122953206	harbor2	chr11	122771541	122771586	LINE/L2	514	+	22	122771563	18357
chr11	122753206	122953206	harbor2	chr11	122772182	122772361	LINE/L2	514	+	90	122772272	19066
chr11	122753206	122953206	harbor2	chr11	122774891	122775180	LINE/L2	652	+	144	122775035	21829
chr11	36334086	36534086	harbor2	chr11	36370092	36370546	LINE/L2	527	+	227	36370319	36233
chr11	39441878	39641878	harbor2	chr11	39524576	39524986	LINE/L2	585	+	205	39524781	82903
chr11	129314371	129514371	harbor2	chr11	129360462	129360848	LINE/L2	889	+	193	129360655	46284
chr11	129314371	129514371	harbor2	chr11	129362395	129363014	LINE/L2	835	+	310	129362705	48334
chr11	128841021	129041021	harbor2	chr11	128856655	128857485	LINE/L2	628	+	415	128857070	16049
chr11	128841021	129041021	harbor2	chr11	128907807	128907929	LINE/L2	395	+	61	128907868	66847
chr11	128841021	129041021	harbor2	chr11	128915626	128915760	LINE/L2	466	+	67	128915693	74672
chr11	72616375	72816375	harbor2	chr11	72623041	72623927	LINE/L2	1164	+	443	72623484	7109
chr11	72616375	72816375	harbor2	chr11	72671040	72671326	LINE/L2	576	+	143	72671183	54808
chr11	72616375	72816375	harbor2	chr11	72686611	72687300	LINE/L2	429	+	344	72686955	70580
chr11	72616375	72816375	harbor2	chr11	72706065	72706261	LINE/L2	442	+	98	72706163	89788
chr11	96809802	97009802	harbor2	chr11	96845021	96845201	LINE/L2	421	+	90	96845111	35309
chr11	122206826	122406826	harbor2	chr11	122214229	122214558	LINE/L2	579	+	164	122214393	7567
chr11	122206826	122406826	harbor2	chr11	122221182	122221516	LINE/L2	796	+	167	122221349	14523
chr11	122206826	122406826	harbor2	chr11	122221821	122221920	LINE/L2	796	+	50	122221871	15045
chr11	122206826	122406826	harbor2	chr11	122231052	122231386	LINE/L2	3526	+	167	122231219	24393
chr11	122206826	122406826	harbor2	chr11	122231679	122232770	LINE/L2	3526	+	546	122232225	25399
chr11	122206826	122406826	harbor2	chr11	122273260	122273556	LINE/L2	623	+	148	122273408	66582
chr11	122206826	122406826	harbor2	chr11	122299916	122300212	LINE/L2	405	+	148	122300064	93238
chr11	122206826	122406826	harbor2	chr11	122300453	122300691	LINE/L2	410	+	119	122300572	93746
chr11	133566798	133766798	harbor2	chr11	133622373	133623077	LINE/L2	418	+	352	133622725	55927
chr11	133566798	133766798	harbor2	chr11	133657272	133657440	LINE/L2	501	+	84	133657356	90558
chr11	121443829	121643829	harbor2	chr11	121456076	121456398	LINE/L2	378	+	161	121456237	12408
chr11	121443829	121643829	harbor2	chr11	121462247	121462576	LINE/L2	520	+	164	121462411	18582
chr11	121443829	121643829	harbor2	chr11	121462872	121462943	LINE/L2	520	+	36	121462908	19079
chr11	121443829	121643829	harbor2	chr11	121491458	121491901	LINE/L2	1120	+	222	121491680	47851
chr11	121443829	121643829	harbor2	chr11	121491888	121492078	LINE/L2	941	+	95	121491983	48154
chr11	121443829	121643829	harbor2	chr11	121492385	121492608	LINE/L2	941	+	112	121492497	48668
chr11	121443829	121643829	harbor2	chr11	121523218	121523332	LINE/L2	391	+	57	121523275	79446
chr11	119124851	119324851	harbor2	chr11	119152727	119153078	LINE/L2	562	+	176	119152903	28052
chr11	119124851	119324851	harbor2	chr11	119155044	119155323	LINE/L2	488	+	140	119155184	30333
chr11	119124851	119324851	harbor2	chr11	119155620	119156148	LINE/L2	617	+	264	119155884	31033
chr11	134227707	134427707	harbor2	chr11	134228979	134229013	LINE/L2	486	+	17	134228996	1289
chr11	134227707	134427707	harbor2	chr11	134229317	134230303	LINE/L2	665	+	493	134229810	2103
chr11	134227707	134427707	harbor2	chr11	134326360	134326603	LINE/L2	1309	+	122	134326482	98775
chr11	134227707	134427707	harbor2	chr11	134326911	134328014	LINE/L2	1309	+	552	134327463	99756
chr11	72482129	72682129	harbor2	chr11	72552706	72553157	LINE/L2	388	+	226	72552932	70803
chr11	72482129	72682129	harbor2	chr11	72574353	72574661	LINE/L2	385	+	154	72574507	92378
chr11	126645293	126845293	harbor2	chr11	126647574	126647942	LINE/L2	1695	+	184	126647758	2465
chr11	126645293	126845293	harbor2	chr11	126669647	126670223	LINE/L2	1769	+	288	126669935	24642
chr11	126645293	126845293	harbor2	chr11	126718872	126720285	LINE/L2	2100	+	706	126719578	74285
chr11	126645293	126845293	harbor2	chr11	126722133	126722460	LINE/L2	492	+	164	126722297	77004
chr11	126645293	126845293	harbor2	chr11	126722698	126722842	LINE/L2	503	+	72	126722770	77477
chr11	126645293	126845293	harbor2	chr11	126731039	126731442	LINE/L2	384	+	202	126731241	85948
chr11	126645293	126845293	harbor2	chr11	126744717	126744883	LINE/L2	398	+	83	126744800	99507
chr11	126645293	126845293	harbor2	chr11	126648307	126648709	LINE/L2	1695	+	201	126648508	3215
chr11	106969454	107169454	harbor2	chr11	107047200	107047520	LINE/L2	515	+	160	107047360	77906
chr11	106969454	107169454	harbor2	chr11	107047919	107048019	LINE/L2	431	+	50	107047969	78515
chr11	106969454	107169454	harbor2	chr11	107048330	107048851	LINE/L2	561	+	260	107048590	79136
chr11	106969454	107169454	harbor2	chr11	107062853	107063343	LINE/L2	873	+	245	107063098	93644
chr11	106969454	107169454	harbor2	chr11	107064422	107064960	LINE/L2	591	+	269	107064691	95237
chr11	121931138	122131138	harbor2	chr11	121937839	121938182	LINE/L2	632	+	172	121938011	6873
chr11	121931138	122131138	harbor2	chr11	122008904	122009089	LINE/L2	421	+	92	122008996	77858
chr11	15211424	15411424	harbor2	chr11	15225066	15225440	LINE/L2	779	+	187	15225253	13829
chr11	15211424	15411424	harbor2	chr11	15272457	15272605	LINE/L2	476	+	74	15272531	61107
chr11	15211424	15411424	harbor2	chr11	15299592	15299906	LINE/L2	389	+	157	15299749	88325
chr11	133036367	133236367	harbor2	chr11	133114233	133114606	LINE/L2	752	+	186	133114419	78052
chr11	133036367	133236367	harbor2	chr11	133053350	133054506	LINE/L2	976	+	578	133053928	17561
chr11	57225564	57425564	harbor2	chr11	57274091	57274609	LINE/L2	1004	+	259	57274350	48786
chr11	57225564	57425564	harbor2	chr11	57314758	57315771	LINE/L2	2089	+	506	57315264	89700
chr11	57225564	57425564	harbor2	chr11	57315772	57316208	LINE/L2	380	+	218	57315990	90426
chr11	57225564	57425564	harbor2	chr11	57316284	57317121	LINE/L2	1872	+	418	57316702	91138
chr11	117474637	117674637	harbor2	chr11	117474199	117474745	LINE/L2	708	+	273	117474472	165
chr11	117474637	117674637	harbor2	chr11	117475055	117475471	LINE/L2	708	+	208	117475263	626
chr11	117474637	117674637	harbor2	chr11	117500006	117500418	LINE/L2	485	+	206	117500212	25575
chr11	117474637	117674637	harbor2	chr11	117500667	117500686	LINE/L2	485	+	10	117500677	26040
chr11	117474637	117674637	harbor2	chr11	117510494	117510764	LINE/L2	677	+	135	117510629	35992
chr11	117474637	117674637	harbor2	chr11	117522167	117522372	LINE/L2	403	+	102	117522269	47632
chr11	117474637	117674637	harbor2	chr11	117538912	117539067	LINE/L2	543	+	78	117538990	64353
chr11	117474637	117674637	harbor2	chr11	117541116	117541436	LINE/L2	470	+	160	117541276	66639
chr11	117474637	117674637	harbor2	chr11	117561495	117561948	LINE/L2	416	+	226	117561721	87084
chr11	117474637	117674637	harbor2	chr11	117564478	117564718	LINE/L2	393	+	120	117564598	89961
chr11	117474637	117674637	harbor2	chr11	117564729	117564757	LINE/L2	429	+	14	117564743	90106
chr11	117474637	117674637	harbor2	chr11	117565067	117565186	LINE/L2	429	+	60	117565127	90490
chr11	117474637	117674637	harbor2	chr11	117565450	117565633	LINE/L2	429	+	92	117565542	90905
chr11	117474637	117674637	harbor2	chr11	117570377	117570595	LINE/L2	611	+	109	117570486	95849
chr11	88796575	88996575	harbor2	chr11	88806945	88807204	LINE/L2	395	+	130	88807075	10500
chr11	88796575	88996575	harbor2	chr11	88839648	88839685	LINE/L2	773	+	18	88839666	43091
chr11	88796575	88996575	harbor2	chr11	88842354	88842990	LINE/L2	773	+	318	88842672	46097
chr11	88796575	88996575	harbor2	chr11	88861226	88861475	LINE/L2	508	+	124	88861350	64775
chr11	88796575	88996575	harbor2	chr11	88861783	88861981	LINE/L2	508	+	99	88861882	65307
chr11	101172513	101372513	harbor2	chr11	101260205	101260363	LINE/L2	532	+	79	101260284	87771
chr11	129936304	130136304	harbor2	chr11	129938060	129938634	LINE/L2	936	+	287	129938347	2043
chr11	129936304	130136304	harbor2	chr11	129938737	129938958	LINE/L2	936	+	110	129938847	2543
chr11	98256539	98456539	harbor2	chr11	98312966	98313115	LINE/L2	373	+	74	98313040	56501
chr11	92909724	93109724	harbor2	chr11	92912230	92912471	LINE/L2	743	+	120	92912350	2626
chr11	92909724	93109724	harbor2	chr11	92934875	92935173	LINE/L2	451	+	149	92935024	25300
chr11	92909724	93109724	harbor2	chr11	92935192	92935312	LINE/L2	419	+	60	92935252	25528
chr11	92909724	93109724	harbor2	chr11	92967156	92967914	LINE/L2	734	+	379	92967535	57811
chr11	108706522	108906522	harbor2	chr11	108739397	108739586	LINE/L2	375	+	94	108739491	32969
chr11	126641768	126841768	harbor2	chr11	126647574	126647942	LINE/L2	1695	+	184	126647758	5990
chr11	126641768	126841768	harbor2	chr11	126669647	126670223	LINE/L2	1769	+	288	126669935	28167
chr11	126641768	126841768	harbor2	chr11	126718872	126720285	LINE/L2	2100	+	706	126719578	77810
chr11	126641768	126841768	harbor2	chr11	126722133	126722460	LINE/L2	492	+	164	126722297	80529
chr11	126641768	126841768	harbor2	chr11	126722698	126722842	LINE/L2	503	+	72	126722770	81002
chr11	126641768	126841768	harbor2	chr11	126731039	126731442	LINE/L2	384	+	202	126731241	89473
chr11	126641768	126841768	harbor2	chr11	126648307	126648709	LINE/L2	1695	+	201	126648508	6740
chr11	131091737	131291737	harbor2	chr11	131131252	131131489	LINE/L2	1387	+	118	131131370	39633
chr11	131091737	131291737	harbor2	chr11	131131892	131132610	LINE/L2	1387	+	359	131132251	40514
chr11	131091737	131291737	harbor2	chr11	131132967	131133487	LINE/L2	1387	+	260	131133227	41490
chr11	131091737	131291737	harbor2	chr11	131148697	131148971	LINE/L2	403	+	137	131148834	57097
chr11	131091737	131291737	harbor2	chr11	131161998	131162434	LINE/L2	369	+	218	131162216	70479
chr11	131091737	131291737	harbor2	chr11	131172092	131172503	LINE/L2	485	+	206	131172298	80561
chr11	124452527	124652527	harbor2	chr11	124524053	124524463	LINE/L2	508	+	205	124524258	71731
chr11	128309831	128509831	harbor2	chr11	128312701	128312988	LINE/L2	719	+	144	128312845	3014
chr11	128309831	128509831	harbor2	chr11	128395374	128395770	LINE/L2	558	+	198	128395572	85741
chr11	127243005	127443005	harbor2	chr11	127258470	127258805	LINE/L2	557	+	168	127258638	15633
chr11	127243005	127443005	harbor2	chr11	127285310	127285707	LINE/L2	2110	+	198	127285508	42503
chr11	127243005	127443005	harbor2	chr11	127285983	127286621	LINE/L2	2110	+	319	127286302	43297
chr11	127243005	127443005	harbor2	chr11	127305292	127305396	LINE/L2	374	+	52	127305344	62339
chr11	63924099	64124099	harbor2	chr11	63935297	63935690	LINE/L2	1317	+	196	63935493	11394
chr11	63924099	64124099	harbor2	chr11	63936002	63936066	LINE/L2	1317	+	32	63936034	11935
chr11	63924099	64124099	harbor2	chr11	63936074	63936192	LINE/L2	860	+	59	63936133	12034
chr11	63924099	64124099	harbor2	chr11	63937143	63937209	LINE/L2	860	+	33	63937176	13077
chr11	63924099	64124099	harbor2	chr11	63937502	63937669	LINE/L2	860	+	84	63937586	13487
chr11	63924099	64124099	harbor2	chr11	63971834	63972029	LINE/L2	410	+	98	63971932	47833
chr11	63924099	64124099	harbor2	chr11	64013702	64014138	LINE/L2	750	+	218	64013920	89821
chr11	46572022	46772022	harbor2	chr11	46580614	46580804	LINE/L2	557	+	95	46580709	8687
chr11	46572022	46772022	harbor2	chr11	46581094	46581190	LINE/L2	557	+	48	46581142	9120
chr11	46572022	46772022	harbor2	chr11	46581822	46581833	LINE/L2	557	+	6	46581828	9806
chr11	46572022	46772022	harbor2	chr11	46582131	46582505	LINE/L2	557	+	187	46582318	10296
chr11	129162465	129362465	harbor2	chr11	129163381	129164144	LINE/L2	1188	+	382	129163763	1298
chr11	111892459	112092459	harbor2	chr11	111967155	111967583	LINE/L2	709	+	214	111967369	74910
chr11	111892459	112092459	harbor2	chr11	111972383	111972696	LINE/L2	655	+	156	111972539	80080
chr11	111892459	112092459	harbor2	chr11	111973604	111973934	LINE/L2	655	+	165	111973769	81310
chr11	111892459	112092459	harbor2	chr11	111985750	111986331	LINE/L2	414	+	290	111986040	93581
chr11	111892459	112092459	harbor2	chr11	111986731	111986816	LINE/L2	394	+	42	111986773	94314
chr11	111892459	112092459	harbor2	chr11	111901950	111902857	LINE/L2	524	+	454	111902404	9945
chr11	111892459	112092459	harbor2	chr11	111967738	111968283	LINE/L2	649	+	272	111968010	75551
chr11	116089504	116289504	harbor2	chr11	116160627	116161067	LINE/L2	816	+	220	116160847	71343
chr11	116089504	116289504	harbor2	chr11	116165696	116165761	LINE/L2	366	+	32	116165728	76224
chr11	116089504	116289504	harbor2	chr11	116168439	116168942	LINE/L2	534	+	252	116168691	79187
chr11	131592850	131792850	harbor2	chr11	131602575	131603292	LINE/L2	1220	+	358	131602933	10083
chr11	131592850	131792850	harbor2	chr11	131620264	131620943	LINE/L2	1311	+	340	131620604	27754
chr11	131592850	131792850	harbor2	chr11	131685436	131685879	LINE/L2	943	+	222	131685658	92808
chr11	123004849	123204849	harbor2	chr11	123046614	123046930	LINE/L2	752	+	158	123046772	41923
chr11	123004849	123204849	harbor2	chr11	123094951	123095078	LINE/L2	383	+	64	123095015	90166
chr11	123004849	123204849	harbor2	chr11	123102888	123103007	LINE/L2	402	+	60	123102948	98099
chr11	132883750	133083750	harbor2	chr11	132891586	132891708	LINE/L2	520	+	61	132891647	7897
chr11	132883750	133083750	harbor2	chr11	132925886	132926309	LINE/L2	842	+	212	132926098	42348
chr11	132883750	133083750	harbor2	chr11	132955931	132956008	LINE/L2	366	+	38	132955969	72219
chr11	132883750	133083750	harbor2	chr11	132973289	132973828	LINE/L2	547	+	270	132973559	89809
chr11	132883750	133083750	harbor2	chr11	132978657	132979639	LINE/L2	1274	+	491	132979148	95398
chr11	72714012	72914012	harbor2	chr11	72742804	72743262	LINE/L2	610	+	229	72743033	29021
chr11	72714012	72914012	harbor2	chr11	72773734	72773959	LINE/L2	423	+	112	72773846	59834
chr11	72714012	72914012	harbor2	chr11	72775397	72775803	LINE/L2	565	+	203	72775600	61588
chr11	125890316	126090316	harbor2	chr11	125892486	125892803	LINE/L2	376	+	158	125892644	2328
chr11	125890316	126090316	harbor2	chr11	125973100	125973251	LINE/L2	382	+	76	125973176	82860
chr11	125890316	126090316	harbor2	chr11	125973555	125973897	LINE/L2	382	+	171	125973726	83410
chr11	125890316	126090316	harbor2	chr11	125982448	125982662	LINE/L2	383	+	107	125982555	92239
chr11	112904796	113104796	harbor2	chr11	112930126	112930307	LINE/L2	453	+	90	112930216	25420
chr11	112904796	113104796	harbor2	chr11	112930609	112930705	LINE/L2	453	+	48	112930657	25861
chr11	112904796	113104796	harbor2	chr11	112931519	112931677	LINE/L2	475	+	79	112931598	26802
chr11	112904796	113104796	harbor2	chr11	112951575	112952326	LINE/L2	1496	+	376	112951951	47155
chr11	112904796	113104796	harbor2	chr11	112952735	112953246	LINE/L2	515	+	256	112952991	48195
chr11	112904796	113104796	harbor2	chr11	112958131	112958371	LINE/L2	945	+	120	112958251	53455
chr11	105468020	105668020	harbor2	chr11	105482043	105482607	LINE/L2	1274	+	282	105482325	14305
chr11	105468020	105668020	harbor2	chr11	105501942	105502536	LINE/L2	994	+	297	105502239	34219
chr11	105468020	105668020	harbor2	chr11	105502575	105502971	LINE/L2	592	+	198	105502773	34753
chr11	105468020	105668020	harbor2	chr11	105536607	105537102	LINE/L2	991	+	248	105536855	68835
chr11	105468020	105668020	harbor2	chr11	105539280	105539683	LINE/L2	369	+	202	105539482	71462
chr11	105468020	105668020	harbor2	chr11	105541519	105541930	LINE/L2	426	+	206	105541725	73705
chr11	105326011	105526011	harbor2	chr11	105361503	105361898	LINE/L2	541	+	198	105361701	35690
chr11	105326011	105526011	harbor2	chr11	105420294	105420772	LINE/L2	519	+	239	105420533	94522
chr11	85378501	85578501	harbor2	chr11	85450655	85451452	LINE/L2	1066	+	398	85451053	72552
chr11	85378501	85578501	harbor2	chr11	85469044	85469291	LINE/L2	786	+	124	85469168	90667
chr11	85378501	85578501	harbor2	chr11	85469855	85470130	LINE/L2	878	+	138	85469993	91492
chr11	133102959	133302959	harbor2	chr11	133114233	133114606	LINE/L2	752	+	186	133114419	11460
chr11	133102959	133302959	harbor2	chr11	133155220	133155950	LINE/L2	384	+	365	133155585	52626
chr11	133102959	133302959	harbor2	chr11	133195696	133195860	LINE/L2	401	+	82	133195778	92819
chr11	79608636	79808636	harbor2	chr11	79608227	79608844	LINE/L2	428	+	308	79608535	101
chr11	79608636	79808636	harbor2	chr11	79612666	79613408	LINE/L2	1689	+	371	79613037	4401
chr11	79608636	79808636	harbor2	chr11	79613865	79614195	LINE/L2	860	+	165	79614030	5394
chr11	79608636	79808636	harbor2	chr11	79658364	79658522	LINE/L2	676	+	79	79658443	49807
chr11	79608636	79808636	harbor2	chr11	79671042	79671252	LINE/L2	443	+	105	79671147	62511
chr11	79608636	79808636	harbor2	chr11	79677878	79678052	LINE/L2	401	+	87	79677965	69329
chr11	79608636	79808636	harbor2	chr11	79658900	79659028	LINE/L2	676	+	64	79658964	50328
chr11	112816776	113016776	harbor2	chr11	112828502	112829196	LINE/L2	438	+	347	112828849	12073
chr11	112816776	113016776	harbor2	chr11	112872675	112873136	LINE/L2	479	+	230	112872905	56129
chr11	112816776	113016776	harbor2	chr11	112892858	112893069	LINE/L2	736	+	106	112892964	76188
chr11	112816776	113016776	harbor2	chr11	112893367	112893933	LINE/L2	736	+	283	112893650	76874
chr11	38637912	38837912	harbor2	chr11	38717091	38717255	LINE/L2	444	+	82	38717173	79261
chr11	66826160	67026160	harbor2	chr11	66855178	66855326	LINE/L2	452	+	74	66855252	29092
chr11	122047721	122247721	harbor2	chr11	122078165	122078370	LINE/L2	516	+	102	122078267	30546
chr11	122047721	122247721	harbor2	chr11	122087284	122087388	LINE/L2	385	+	52	122087336	39615
chr11	122047721	122247721	harbor2	chr11	122132331	122132982	LINE/L2	730	+	326	122132657	84936
chr11	105338520	105538520	harbor2	chr11	105361503	105361898	LINE/L2	541	+	198	105361701	23181
chr11	105338520	105538520	harbor2	chr11	105420294	105420772	LINE/L2	519	+	239	105420533	82013
chr11	131163137	131363137	harbor2	chr11	131172092	131172503	LINE/L2	485	+	206	131172298	9161
chr11	131163137	131363137	harbor2	chr11	131206908	131207329	LINE/L2	509	+	210	131207118	43981
chr11	131163137	131363137	harbor2	chr11	131215265	131215611	LINE/L2	596	+	173	131215438	52301
chr11	133854988	134054988	harbor2	chr11	133891813	133891919	LINE/L2	367	+	53	133891866	36878
chr11	133854988	134054988	harbor2	chr11	133891948	133892952	LINE/L2	1269	+	502	133892450	37462
chr11	133854988	134054988	harbor2	chr11	133895972	133896288	LINE/L2	636	+	158	133896130	41142
chr11	133854988	134054988	harbor2	chr11	133939059	133939527	LINE/L2	977	+	234	133939293	84305
chr11	106528181	106728181	harbor2	chr11	106539658	106540029	LINE/L2	419	+	186	106539844	11663
chr11	106528181	106728181	harbor2	chr11	106540269	106540587	LINE/L2	391	+	159	106540428	12247
chr11	106528181	106728181	harbor2	chr11	106542752	106543341	LINE/L2	487	+	294	106543046	14865
chr11	106528181	106728181	harbor2	chr11	106557697	106558451	LINE/L2	1061	+	377	106558074	29893
chr11	106528181	106728181	harbor2	chr11	106562544	106563010	LINE/L2	949	+	233	106562777	34596
chr11	106528181	106728181	harbor2	chr11	106567767	106568428	LINE/L2	1035	+	330	106568097	39916
chr11	106528181	106728181	harbor2	chr11	106592318	106592566	LINE/L2	523	+	124	106592442	64261
chr11	106528181	106728181	harbor2	chr11	106622606	106622998	LINE/L2	541	+	196	106622802	94621
chr11	121321596	121521596	harbor2	chr11	121329002	121329238	LINE/L2	664	+	118	121329120	7524
chr11	121321596	121521596	harbor2	chr11	121329292	121330426	LINE/L2	664	+	567	121329859	8263
chr11	121321596	121521596	harbor2	chr11	121331250	121331431	LINE/L2	412	+	90	121331340	9744
chr11	121321596	121521596	harbor2	chr11	121354754	121355156	LINE/L2	372	+	201	121354955	33359
chr11	121321596	121521596	harbor2	chr11	121398770	121399025	LINE/L2	489	+	128	121398898	77302
chr11	121321596	121521596	harbor2	chr11	121399520	121399603	LINE/L2	489	+	42	121399562	77966
chr11	84611613	84811613	harbor2	chr11	84633151	84633729	LINE/L2	491	+	289	84633440	21827
chr11	84611613	84811613	harbor2	chr11	84650147	84650325	LINE/L2	375	+	89	84650236	38623
chr11	84611613	84811613	harbor2	chr11	84665476	84665833	LINE/L2	489	+	178	84665654	54041
chr11	84611613	84811613	harbor2	chr11	84702612	84702919	LINE/L2	578	+	154	84702766	91153
chr11	26950706	27150706	harbor2	chr11	26992694	26992758	LINE/L2	558	+	32	26992726	42020
chr11	26950706	27150706	harbor2	chr11	26993066	26993219	LINE/L2	558	+	76	26993142	42436
chr11	26950706	27150706	harbor2	chr11	27010472	27010690	LINE/L2	514	+	109	27010581	59875
chr11	113179290	113379290	harbor2	chr11	113208042	113208872	LINE/L2	1044	+	415	113208457	29167
chr11	125988263	126188263	harbor2	chr11	126002730	126003263	LINE/L2	999	+	266	126002996	14733
chr11	125988263	126188263	harbor2	chr11	126040279	126040401	LINE/L2	410	+	61	126040340	52077
chr11	78980672	79180672	harbor2	chr11	79013788	79014136	LINE/L2	415	+	174	79013962	33290
chr11	78980672	79180672	harbor2	chr11	79057068	79057745	LINE/L2	1644	+	338	79057406	76734
chr11	78980672	79180672	harbor2	chr11	79065105	79065489	LINE/L2	597	+	192	79065297	84625
chr11	78980672	79180672	harbor2	chr11	79070539	79070711	LINE/L2	681	+	86	79070625	89953
chr11	99089171	99289171	harbor2	chr11	99176052	99177399	LINE/L2	2174	+	674	99176726	87555
chr11	99089171	99289171	harbor2	chr11	99183377	99184156	LINE/L2	658	+	390	99183767	94596
chr11	99089171	99289171	harbor2	chr11	99184226	99184567	LINE/L2	366	+	170	99184396	95225
chr11	89208181	89408181	harbor2	chr11	89277454	89278374	LINE/L2	439	+	460	89277914	69733
chr11	89208181	89408181	harbor2	chr11	89301666	89302015	LINE/L2	376	+	174	89301840	93659
chr11	89208181	89408181	harbor2	chr11	89303462	89303628	LINE/L2	822	+	83	89303545	95364
chr11	89208181	89408181	harbor2	chr11	89303950	89304415	LINE/L2	822	+	232	89304182	96001
chr11	134192454	134392454	harbor2	chr11	134228979	134229013	LINE/L2	486	+	17	134228996	36542
chr11	134192454	134392454	harbor2	chr11	134229317	134230303	LINE/L2	665	+	493	134229810	37356
chr11	122739781	122939781	harbor2	chr11	122771114	122771232	LINE/L2	514	+	59	122771173	31392
chr11	122739781	122939781	harbor2	chr11	122771541	122771586	LINE/L2	514	+	22	122771563	31782
chr11	122739781	122939781	harbor2	chr11	122772182	122772361	LINE/L2	514	+	90	122772272	32491
chr11	122739781	122939781	harbor2	chr11	122774891	122775180	LINE/L2	652	+	144	122775035	35254
chr11	125947387	126147387	harbor2	chr11	125973100	125973251	LINE/L2	382	+	76	125973176	25789
chr11	125947387	126147387	harbor2	chr11	125973555	125973897	LINE/L2	382	+	171	125973726	26339
chr11	125947387	126147387	harbor2	chr11	125982448	125982662	LINE/L2	383	+	107	125982555	35168
chr11	125947387	126147387	harbor2	chr11	126002730	126003263	LINE/L2	999	+	266	126002996	55609
chr11	125947387	126147387	harbor2	chr11	126040279	126040401	LINE/L2	410	+	61	126040340	92953
chr11	36643658	36843658	harbor2	chr11	36655135	36655555	LINE/L2	640	+	210	36655345	11687
chr11	36643658	36843658	harbor2	chr11	36664380	36664847	LINE/L2	786	+	234	36664614	20956
chr11	36643658	36843658	harbor2	chr11	36682603	36682893	LINE/L2	415	+	145	36682748	39090
chr11	36643658	36843658	harbor2	chr11	36721433	36721883	LINE/L2	1323	+	225	36721658	78000
chr11	36643658	36843658	harbor2	chr11	36721938	36722362	LINE/L2	424	+	212	36722150	78492
chr11	36643658	36843658	harbor2	chr11	36735801	36736007	LINE/L2	502	+	103	36735904	92246
chr11	130856728	131056728	harbor2	chr11	130945087	130945293	LINE/L2	410	+	103	130945190	88462
chr11	120611621	120811621	harbor2	chr11	120617197	120617306	LINE/L2	368	+	54	120617251	5630
chr11	120611621	120811621	harbor2	chr11	120639513	120639905	LINE/L2	636	+	196	120639709	28088
chr11	120611621	120811621	harbor2	chr11	120665462	120665581	LINE/L2	428	+	60	120665522	53901
chr11	120611621	120811621	harbor2	chr11	120669373	120670699	LINE/L2	4098	+	663	120670036	58415
chr11	120611621	120811621	harbor2	chr11	120673078	120673286	LINE/L2	738	+	104	120673182	61561
chr11	120611621	120811621	harbor2	chr11	120679924	120680084	LINE/L2	414	+	80	120680004	68383
chr11	120611621	120811621	harbor2	chr11	120680383	120680596	LINE/L2	414	+	106	120680489	68868
chr11	120611621	120811621	harbor2	chr11	120689221	120689947	LINE/L2	463	+	363	120689584	77963
chr11	120611621	120811621	harbor2	chr11	120704576	120704687	LINE/L2	383	+	56	120704632	93011
chr11	90422519	90622519	harbor2	chr11	90473280	90474351	LINE/L2	2664	+	536	90473816	51297
chr11	90422519	90622519	harbor2	chr11	90501620	90501984	LINE/L2	461	+	182	90501802	79283
chr11	90422519	90622519	harbor2	chr11	90502015	90502365	LINE/L2	553	+	175	90502190	79671
chr11	90422519	90622519	harbor2	chr11	90472340	90472891	LINE/L2	2664	+	276	90472616	50097
chr11	71998292	72198292	harbor2	chr11	72066336	72066877	LINE/L2	500	+	270	72066606	68314
chr11	71998292	72198292	harbor2	chr11	72082327	72082864	LINE/L2	555	+	268	72082595	84303
chr11	71998292	72198292	harbor2	chr11	72083165	72083531	LINE/L2	555	+	183	72083348	85056
chr11	71998292	72198292	harbor2	chr11	72092060	72093069	LINE/L2	430	+	504	72092564	94272
chr11	119529564	119729564	harbor2	chr11	119591413	119591523	LINE/L2	393	+	55	119591468	61904
chr11	119995821	120195821	harbor2	chr11	120021928	120022151	LINE/L2	526	+	112	120022040	26219
chr11	119995821	120195821	harbor2	chr11	120034593	120034764	LINE/L2	383	+	86	120034679	38858
chr11	119995821	120195821	harbor2	chr11	120080325	120080910	LINE/L2	1076	+	292	120080617	84796
chr11	119995821	120195821	harbor2	chr11	120090164	120090321	LINE/L2	526	+	78	120090242	94421
chr11	121865952	122065952	harbor2	chr11	121923429	121923647	LINE/L2	418	+	109	121923538	57586
chr11	121865952	122065952	harbor2	chr11	121937839	121938182	LINE/L2	632	+	172	121938011	72059
chr11	57741315	57941315	harbor2	chr11	57746823	57747031	LINE/L2	372	+	104	57746927	5612
chr11	57741315	57941315	harbor2	chr11	57747182	57747489	LINE/L2	386	+	154	57747336	6021
chr11	30448581	30648581	harbor2	chr11	30448954	30449195	LINE/L2	588	+	120	30449074	493
chr11	82866824	83066824	harbor2	chr11	82869565	82869689	LINE/L2	482	+	62	82869627	2803
chr11	82866824	83066824	harbor2	chr11	82886994	82887409	LINE/L2	660	+	208	82887202	20378
chr11	82866824	83066824	harbor2	chr11	82889997	82891728	LINE/L2	4822	+	866	82890863	24039
chr11	82866824	83066824	harbor2	chr11	82905559	82905809	LINE/L2	433	+	125	82905684	38860
chr11	82866824	83066824	harbor2	chr11	82915618	82915741	LINE/L2	378	+	62	82915680	48856
chr11	131701632	131901632	harbor2	chr11	131765146	131765768	LINE/L2	376	+	311	131765457	63825
chr11	97003824	97203824	harbor2	chr11	97012522	97012662	LINE/L2	399	+	70	97012592	8768
chr11	97003824	97203824	harbor2	chr11	97031062	97031416	LINE/L2	680	+	177	97031239	27415
chr11	134178511	134378511	harbor2	chr11	134228979	134229013	LINE/L2	486	+	17	134228996	50485
chr11	134178511	134378511	harbor2	chr11	134229317	134230303	LINE/L2	665	+	493	134229810	51299
chr11	127804035	128004035	harbor2	chr11	127878922	127879583	LINE/L2	690	+	330	127879252	75217
chr11	127804035	128004035	harbor2	chr11	127881761	127882863	LINE/L2	1177	+	551	127882312	78277
chr11	103934155	104134155	harbor2	chr11	103951322	103951978	LINE/L2	872	+	328	103951650	17495
chr11	103934155	104134155	harbor2	chr11	103961040	103961204	LINE/L2	405	+	82	103961122	26967
chr11	103934155	104134155	harbor2	chr11	103967807	103969126	LINE/L2	676	+	660	103968467	34312
chr11	103934155	104134155	harbor2	chr11	103990261	103990623	LINE/L2	520	+	181	103990442	56287
chr11	103934155	104134155	harbor2	chr11	104018903	104019286	LINE/L2	654	+	192	104019095	84940
chr11	117252503	117452503	harbor2	chr11	117254357	117254620	LINE/L2	428	+	132	117254489	1986
chr11	117252503	117452503	harbor2	chr11	117254926	117255036	LINE/L2	428	+	55	117254981	2478
chr11	117252503	117452503	harbor2	chr11	117300823	117301308	LINE/L2	712	+	242	117301065	48562
chr11	117252503	117452503	harbor2	chr11	117301621	117302010	LINE/L2	712	+	194	117301815	49312
chr11	117252503	117452503	harbor2	chr11	117309569	117309813	LINE/L2	404	+	122	117309691	57188
chr11	117252503	117452503	harbor2	chr11	117330037	117330374	LINE/L2	624	+	168	117330205	77702
chr11	117252503	117452503	harbor2	chr11	117333871	117334241	LINE/L2	490	+	185	117334056	81553
chr11	117252503	117452503	harbor2	chr11	117341404	117341432	LINE/L2	432	+	14	117341418	88915
chr11	117252503	117452503	harbor2	chr11	117341745	117341920	LINE/L2	432	+	88	117341833	89330
chr11	117252503	117452503	harbor2	chr11	117341989	117342239	LINE/L2	558	+	125	117342114	89611
chr11	117252503	117452503	harbor2	chr11	117309366	117309470	LINE/L2	404	+	52	117309418	56915
chr11	131522932	131722932	harbor2	chr11	131602575	131603292	LINE/L2	1220	+	358	131602933	80001
chr11	131522932	131722932	harbor2	chr11	131620264	131620943	LINE/L2	1311	+	340	131620604	97672
chr11	124311035	124511035	harbor2	chr11	124318231	124318447	LINE/L2	524	+	108	124318339	7304
chr11	94657573	94857573	harbor2	chr11	94661054	94661822	LINE/L2	2152	+	384	94661438	3865
chr11	94657573	94857573	harbor2	chr11	94680962	94681431	LINE/L2	647	+	234	94681196	23623
chr11	94657573	94857573	harbor2	chr11	94693263	94693679	LINE/L2	580	+	208	94693471	35898
chr11	94657573	94857573	harbor2	chr11	94707613	94707996	LINE/L2	471	+	192	94707805	50232
chr11	94657573	94857573	harbor2	chr11	94708006	94708192	LINE/L2	384	+	93	94708099	50526
chr11	94657573	94857573	harbor2	chr11	94730197	94730612	LINE/L2	519	+	208	94730405	72832
chr11	94657573	94857573	harbor2	chr11	94666738	94666949	LINE/L2	503	+	106	94666844	9271
chr11	42131070	42331070	harbor2	chr11	42172430	42172703	LINE/L2	602	+	136	42172566	41496
chr11	42131070	42331070	harbor2	chr11	42175244	42175386	LINE/L2	379	+	71	42175315	44245
chr11	42131070	42331070	harbor2	chr11	42176282	42176878	LINE/L2	517	+	298	42176580	45510
chr11	42131070	42331070	harbor2	chr11	42186986	42187387	LINE/L2	594	+	200	42187186	56116
chr11	42131070	42331070	harbor2	chr11	42187564	42187710	LINE/L2	402	+	73	42187637	56567
chr11	115709221	115909221	harbor2	chr11	115750439	115750662	LINE/L2	377	+	112	115750551	41330
chr11	115709221	115909221	harbor2	chr11	115764958	115766103	LINE/L2	1308	+	572	115765530	56309
chr11	115709221	115909221	harbor2	chr11	115767760	115768179	LINE/L2	475	+	210	115767970	58749
chr11	123325886	123525886	harbor2	chr11	123325772	123326247	LINE/L2	385	+	238	123326010	124
chr11	123325886	123525886	harbor2	chr11	123347435	123347947	LINE/L2	406	+	256	123347691	21805
chr11	123325886	123525886	harbor2	chr11	123348351	123348395	LINE/L2	406	+	22	123348373	22487
chr11	123646098	123846098	harbor2	chr11	123658030	123658663	LINE/L2	622	+	316	123658346	12248
chr11	123646098	123846098	harbor2	chr11	123675862	123676307	LINE/L2	510	+	222	123676084	29986
chr11	123646098	123846098	harbor2	chr11	123713714	123714651	LINE/L2	1377	+	468	123714182	68084
chr11	123646098	123846098	harbor2	chr11	123734275	123734751	LINE/L2	531	+	238	123734513	88415
chr11	101437089	101637089	harbor2	chr11	101440387	101440864	LINE/L2	561	+	238	101440625	3536
chr11	101437089	101637089	harbor2	chr11	101519534	101519762	LINE/L2	565	+	114	101519648	82559
chr11	101437089	101637089	harbor2	chr11	101519876	101520063	LINE/L2	1277	+	94	101519970	82881
chr11	101437089	101637089	harbor2	chr11	101522513	101522778	LINE/L2	1277	+	132	101522645	85556
chr11	121975182	122175182	harbor2	chr11	122008904	122009089	LINE/L2	421	+	92	122008996	33814
chr11	126764677	126964677	harbor2	chr11	126789245	126790127	LINE/L2	1031	+	441	126789686	25009
chr11	85083028	85283028	harbor2	chr11	85127222	85127629	LINE/L2	399	+	204	85127426	44398
chr11	85083028	85283028	harbor2	chr11	85138520	85138542	LINE/L2	909	+	11	85138531	55503
chr11	85083028	85283028	harbor2	chr11	85138894	85139309	LINE/L2	909	+	208	85139102	56074
chr11	130927594	131127594	harbor2	chr11	130945087	130945293	LINE/L2	410	+	103	130945190	17596
chr11	130927594	131127594	harbor2	chr11	130978428	130978781	LINE/L2	629	+	176	130978604	51010
chr11	130927594	131127594	harbor2	chr11	131007001	131007634	LINE/L2	1261	+	316	131007317	79723
chr11	130927594	131127594	harbor2	chr11	131007928	131008488	LINE/L2	1261	+	280	131008208	80614
chr11	130927594	131127594	harbor2	chr11	131024314	131024497	LINE/L2	375	+	92	131024406	96812
chr11	69870248	70070248	harbor2	chr11	69923627	69924000	LINE/L2	502	+	186	69923813	53565
chr11	69870248	70070248	harbor2	chr11	69959720	69960019	LINE/L2	390	+	150	69959870	89622
chr11	97897428	98097428	harbor2	chr11	97954964	97955620	LINE/L2	746	+	328	97955292	57864
chr11	97897428	98097428	harbor2	chr11	97962379	97962801	LINE/L2	404	+	211	97962590	65162
chr11	57033219	57233219	harbor2	chr11	57091313	57091933	LINE/L2	1733	+	310	57091623	58404
chr11	57033219	57233219	harbor2	chr11	57092365	57092731	LINE/L2	2686	+	183	57092548	59329
chr11	57033219	57233219	harbor2	chr11	57093029	57093875	LINE/L2	2686	+	423	57093452	60233
chr11	57033219	57233219	harbor2	chr11	57109704	57110099	LINE/L2	391	+	198	57109902	76683
chr11	57033219	57233219	harbor2	chr11	57113595	57113885	LINE/L2	450	+	145	57113740	80521
chr11	108537014	108737014	harbor2	chr11	108553588	108553722	LINE/L2	384	+	67	108553655	16641
chr11	108537014	108737014	harbor2	chr11	108555502	108555566	LINE/L2	1042	+	32	108555534	18520
chr11	108537014	108737014	harbor2	chr11	108555945	108556016	LINE/L2	1042	+	36	108555981	18967
chr11	108537014	108737014	harbor2	chr11	108556794	108557198	LINE/L2	1042	+	202	108556996	19982
chr11	108537014	108737014	harbor2	chr11	108569018	108569328	LINE/L2	402	+	155	108569173	32159
chr11	108537014	108737014	harbor2	chr11	108569639	108569758	LINE/L2	402	+	60	108569699	32685
chr11	108537014	108737014	harbor2	chr11	108633183	108633496	LINE/L2	468	+	156	108633339	96325
chr11	106488846	106688846	harbor2	chr11	106508887	106509432	LINE/L2	480	+	272	106509159	20313
chr11	106488846	106688846	harbor2	chr11	106539658	106540029	LINE/L2	419	+	186	106539844	50998
chr11	106488846	106688846	harbor2	chr11	106540269	106540587	LINE/L2	391	+	159	106540428	51582
chr11	106488846	106688846	harbor2	chr11	106542752	106543341	LINE/L2	487	+	294	106543046	54200
chr11	106488846	106688846	harbor2	chr11	106557697	106558451	LINE/L2	1061	+	377	106558074	69228
chr11	106488846	106688846	harbor2	chr11	106562544	106563010	LINE/L2	949	+	233	106562777	73931
chr11	106488846	106688846	harbor2	chr11	106567767	106568428	LINE/L2	1035	+	330	106568097	79251
chr11	96699014	96899014	harbor2	chr11	96758921	96760341	LINE/L2	693	+	710	96759631	60617
chr11	96699014	96899014	harbor2	chr11	96764192	96764969	LINE/L2	1703	+	388	96764580	65566
chr11	96699014	96899014	harbor2	chr11	96765411	96765805	LINE/L2	1013	+	197	96765608	66594
chr11	96699014	96899014	harbor2	chr11	96770321	96770860	LINE/L2	787	+	270	96770591	71577
chr11	96699014	96899014	harbor2	chr11	96794930	96795631	LINE/L2	411	+	350	96795280	96266
chr11	105217804	105417804	harbor2	chr11	105248641	105248746	LINE/L2	438	+	52	105248693	30889
chr11	105217804	105417804	harbor2	chr11	105248903	105249342	LINE/L2	702	+	220	105249123	31319
chr11	105217804	105417804	harbor2	chr11	105303087	105303333	LINE/L2	428	+	123	105303210	85406
chr11	105217804	105417804	harbor2	chr11	105305127	105305554	LINE/L2	389	+	214	105305341	87537
chr11	105217804	105417804	harbor2	chr11	105309540	105309856	LINE/L2	434	+	158	105309698	91894
chr11	76071393	76271393	harbor2	chr11	76088552	76089012	LINE/L2	600	+	230	76088782	17389
chr11	76071393	76271393	harbor2	chr11	76119054	76120058	LINE/L2	1459	+	502	76119556	48163
chr11	76071393	76271393	harbor2	chr11	76126944	76127192	LINE/L2	499	+	124	76127068	55675
chr11	76071393	76271393	harbor2	chr11	76129333	76129454	LINE/L2	391	+	60	76129393	58000
chr11	76071393	76271393	harbor2	chr11	76129641	76129923	LINE/L2	413	+	141	76129782	58389
chr11	76071393	76271393	harbor2	chr11	76129966	76130431	LINE/L2	496	+	232	76130198	58805
chr11	76071393	76271393	harbor2	chr11	76151775	76152111	LINE/L2	436	+	168	76151943	80550
chr11	77900685	78100685	harbor2	chr11	77916710	77916971	LINE/L2	376	+	130	77916840	16155
chr11	77900685	78100685	harbor2	chr11	77925604	77926137	LINE/L2	980	+	266	77925870	25185
chr11	77900685	78100685	harbor2	chr11	77944257	77944511	LINE/L2	396	+	127	77944384	43699
chr11	77900685	78100685	harbor2	chr11	77985116	77985732	LINE/L2	366	+	308	77985424	84739
chr11	77900685	78100685	harbor2	chr11	77990819	77991020	LINE/L2	489	+	100	77990919	90234
chr11	67792776	67992776	harbor2	chr11	67803556	67804038	LINE/L2	843	+	241	67803797	11021
chr11	67792776	67992776	harbor2	chr11	67891540	67891745	LINE/L2	805	+	102	67891642	98866
chr11	67792776	67992776	harbor2	chr11	67892070	67892747	LINE/L2	805	+	338	67892408	99632
chr11	119118132	119318132	harbor2	chr11	119152727	119153078	LINE/L2	562	+	176	119152903	34771
chr11	119118132	119318132	harbor2	chr11	119155044	119155323	LINE/L2	488	+	140	119155184	37052
chr11	119118132	119318132	harbor2	chr11	119155620	119156148	LINE/L2	617	+	264	119155884	37752
chr11	92856785	93056785	harbor2	chr11	92912230	92912471	LINE/L2	743	+	120	92912350	55565
chr11	92856785	93056785	harbor2	chr11	92934875	92935173	LINE/L2	451	+	149	92935024	78239
chr11	92856785	93056785	harbor2	chr11	92935192	92935312	LINE/L2	419	+	60	92935252	78467
chr11	50059486	50259486	harbor2	chr11	50083186	50083825	LINE/L2	1302	+	320	50083506	24020
chr11	50059486	50259486	harbor2	chr11	50095189	50095785	LINE/L2	1489	+	298	50095487	36001
chr11	50059486	50259486	harbor2	chr11	50108064	50108438	LINE/L2	480	+	187	50108251	48765
chr11	50059486	50259486	harbor2	chr11	50109173	50109708	LINE/L2	721	+	268	50109441	49955
chr11	74106055	74306055	harbor2	chr11	74105721	74106316	LINE/L2	884	+	298	74106019	36
chr11	74106055	74306055	harbor2	chr11	74113980	74114274	LINE/L2	415	+	147	74114127	8072
chr11	74106055	74306055	harbor2	chr11	74137131	74137401	LINE/L2	612	+	135	74137266	31211
chr11	74106055	74306055	harbor2	chr11	74139292	74139491	LINE/L2	378	+	100	74139392	33337
chr11	107198782	107398782	harbor2	chr11	107214957	107215124	LINE/L2	409	+	84	107215041	16259
chr11	107198782	107398782	harbor2	chr11	107238236	107238420	LINE/L2	416	+	92	107238328	39546
chr11	107198782	107398782	harbor2	chr11	107238784	107239465	LINE/L2	416	+	340	107239124	40342
chr11	117821010	118021010	harbor2	chr11	117830210	117830637	LINE/L2	725	+	214	117830424	9414
chr11	117821010	118021010	harbor2	chr11	117888598	117888927	LINE/L2	472	+	164	117888762	67752
chr11	117821010	118021010	harbor2	chr11	117912622	117912880	LINE/L2	480	+	129	117912751	91741
chr11	119385523	119585523	harbor2	chr11	119386937	119387189	LINE/L2	581	+	126	119387063	1540
chr11	119385523	119585523	harbor2	chr11	119390247	119390569	LINE/L2	598	+	161	119390408	4885
chr11	119385523	119585523	harbor2	chr11	119409056	119409272	LINE/L2	529	+	108	119409164	23641
chr11	119385523	119585523	harbor2	chr11	119409404	119409704	LINE/L2	529	+	150	119409554	24031
chr11	119385523	119585523	harbor2	chr11	119410249	119410797	LINE/L2	1053	+	274	119410523	25000
chr11	119385523	119585523	harbor2	chr11	119412315	119412761	LINE/L2	583	+	223	119412538	27015
chr11	119385523	119585523	harbor2	chr11	119412893	119413109	LINE/L2	583	+	108	119413001	27478
chr11	119385523	119585523	harbor2	chr11	119433504	119433741	LINE/L2	465	+	118	119433622	48099
chr11	119385523	119585523	harbor2	chr11	119478928	119479173	LINE/L2	688	+	122	119479050	93527
chr11	119385523	119585523	harbor2	chr11	119479939	119481468	LINE/L2	2683	+	764	119480703	95180
chr11	70428808	70628808	harbor2	chr11	70480512	70480683	LINE/L2	427	+	86	70480598	51790
chr11	72304702	72504702	harbor2	chr11	72319199	72319380	LINE/L2	394	+	90	72319289	14587
chr11	72304702	72504702	harbor2	chr11	72335504	72335799	LINE/L2	482	+	148	72335652	30950
chr11	72304702	72504702	harbor2	chr11	72352385	72352825	LINE/L2	614	+	220	72352605	47903
chr11	72304702	72504702	harbor2	chr11	72362088	72362447	LINE/L2	637	+	180	72362268	57566
chr11	72304702	72504702	harbor2	chr11	72375220	72375821	LINE/L2	519	+	300	72375520	70818
chr11	72304702	72504702	harbor2	chr11	72391245	72391535	LINE/L2	501	+	145	72391390	86688
chr11	72304702	72504702	harbor2	chr11	72399930	72400253	LINE/L2	533	+	162	72400092	95390
chr11	81056099	81256099	harbor2	chr11	81056277	81056617	LINE/L2	440	+	170	81056447	348
chr11	81056099	81256099	harbor2	chr11	81059147	81059874	LINE/L2	818	+	364	81059511	3412
chr11	81056099	81256099	harbor2	chr11	81112444	81113855	LINE/L2	2846	+	706	81113150	57051
chr11	81056099	81256099	harbor2	chr11	81114122	81114879	LINE/L2	1187	+	378	81114500	58401
chr11	81056099	81256099	harbor2	chr11	81120521	81121032	LINE/L2	590	+	256	81120777	64678
chr11	128205223	128405223	harbor2	chr11	128286564	128286690	LINE/L2	397	+	63	128286627	81404
chr11	100744923	100944923	harbor2	chr11	100841563	100841984	LINE/L2	431	+	210	100841773	96850
chr11	93509214	93709214	harbor2	chr11	93532884	93532977	LINE/L2	382	+	46	93532930	23716
chr11	93509214	93709214	harbor2	chr11	93547405	93547670	LINE/L2	479	+	132	93547537	38323
chr11	49734957	49934957	harbor2	chr11	49769691	49770249	LINE/L2	431	+	279	49769970	35013
chr11	122022191	122222191	harbor2	chr11	122078165	122078370	LINE/L2	516	+	102	122078267	56076
chr11	122022191	122222191	harbor2	chr11	122087284	122087388	LINE/L2	385	+	52	122087336	65145
chr11	76838906	77038906	harbor2	chr11	76890114	76890231	LINE/L2	534	+	58	76890172	51266
chr11	76838906	77038906	harbor2	chr11	76890259	76890407	LINE/L2	483	+	74	76890333	51427
chr11	88138487	88338487	harbor2	chr11	88147093	88147306	LINE/L2	433	+	106	88147199	8712
chr11	88138487	88338487	harbor2	chr11	88181825	88182135	LINE/L2	679	+	155	88181980	43493
chr11	88138487	88338487	harbor2	chr11	88206939	88207285	LINE/L2	771	+	173	88207112	68625
chr11	130639853	130839853	harbor2	chr11	130645365	130645849	LINE/L2	525	+	242	130645607	5754
chr11	130639853	130839853	harbor2	chr11	130668421	130668964	LINE/L2	609	+	272	130668693	28840
chr11	130639853	130839853	harbor2	chr11	130692933	130693184	LINE/L2	395	+	126	130693059	53206
chr11	130639853	130839853	harbor2	chr11	130698039	130698218	LINE/L2	394	+	90	130698129	58276
chr11	130639853	130839853	harbor2	chr11	130703406	130703545	LINE/L2	451	+	70	130703476	63623
chr11	130639853	130839853	harbor2	chr11	130713374	130713681	LINE/L2	731	+	154	130713528	73675
chr11	123675965	123875965	harbor2	chr11	123675862	123676307	LINE/L2	510	+	222	123676084	119
chr11	123675965	123875965	harbor2	chr11	123713714	123714651	LINE/L2	1377	+	468	123714182	38217
chr11	123675965	123875965	harbor2	chr11	123734275	123734751	LINE/L2	531	+	238	123734513	58548
chr11	123675965	123875965	harbor2	chr11	123757140	123757532	LINE/L2	836	+	196	123757336	81371
chr11	123675965	123875965	harbor2	chr11	123757728	123758104	LINE/L2	836	+	188	123757916	81951
chr11	114688660	114888660	harbor2	chr11	114699162	114699764	LINE/L2	508	+	301	114699463	10803
chr11	73380972	73580972	harbor2	chr11	73388166	73388348	LINE/L2	370	+	91	73388257	7285
chr11	73380972	73580972	harbor2	chr11	73407717	73407873	LINE/L2	393	+	78	73407795	26823
chr11	73380972	73580972	harbor2	chr11	73408171	73408347	LINE/L2	393	+	88	73408259	27287
chr11	73380972	73580972	harbor2	chr11	73423213	73423866	LINE/L2	606	+	326	73423539	42567
chr11	73380972	73580972	harbor2	chr11	73428231	73428547	LINE/L2	455	+	158	73428389	47417
chr11	73380972	73580972	harbor2	chr11	73429508	73429881	LINE/L2	371	+	186	73429694	48722
chr11	73380972	73580972	harbor2	chr11	73473502	73473810	LINE/L2	1089	+	154	73473656	92684
chr11	73380972	73580972	harbor2	chr11	73474109	73474119	LINE/L2	1089	+	5	73474114	93142
chr11	73380972	73580972	harbor2	chr11	73474636	73474791	LINE/L2	502	+	78	73474714	93742
chr11	127044278	127244278	harbor2	chr11	127051385	127051539	LINE/L2	525	+	77	127051462	7184
chr11	127044278	127244278	harbor2	chr11	127051831	127052055	LINE/L2	525	+	112	127051943	7665
chr11	127044278	127244278	harbor2	chr11	127058619	127059048	LINE/L2	888	+	214	127058833	14555
chr11	129598243	129798243	harbor2	chr11	129608087	129608181	LINE/L2	371	+	47	129608134	9891
chr11	129598243	129798243	harbor2	chr11	129608300	129608399	LINE/L2	441	+	50	129608350	10107
chr11	129598243	129798243	harbor2	chr11	129618537	129618658	LINE/L2	413	+	60	129618597	20354
chr11	129598243	129798243	harbor2	chr11	129637693	129637961	LINE/L2	557	+	134	129637827	39584
chr11	129598243	129798243	harbor2	chr11	129638043	129638369	LINE/L2	578	+	163	129638206	39963
chr11	129598243	129798243	harbor2	chr11	129669672	129669940	LINE/L2	367	+	134	129669806	71563
chr11	129598243	129798243	harbor2	chr11	129691935	129692473	LINE/L2	389	+	269	129692204	93961
chr11	134858538	135058538	harbor2	chr11	134909605	134910275	LINE/L2	763	+	335	134909940	51402
chr11	134858538	135058538	harbor2	chr11	134953762	134954242	LINE/L2	481	+	240	134954002	95464
chr11	104548764	104748764	harbor2	chr11	104566736	104566959	LINE/L2	553	+	112	104566848	18084
chr11	73929600	74129600	harbor2	chr11	73997404	73997798	LINE/L2	756	+	197	73997601	68001
chr11	73929600	74129600	harbor2	chr11	74002109	74002357	LINE/L2	409	+	124	74002233	72633
chr11	73929600	74129600	harbor2	chr11	74023438	74023876	LINE/L2	898	+	219	74023657	94057
chr11	73929600	74129600	harbor2	chr11	74027557	74027730	LINE/L2	454	+	86	74027643	98043
chr11	73929600	74129600	harbor2	chr11	74029308	74029445	LINE/L2	527	+	68	74029376	99776
chr11	132588900	132788900	harbor2	chr11	132603155	132603776	LINE/L2	806	+	310	132603465	14565
chr11	132588900	132788900	harbor2	chr11	132608906	132609178	LINE/L2	451	+	136	132609042	20142
chr11	132588900	132788900	harbor2	chr11	132609422	132609907	LINE/L2	429	+	242	132609664	20764
chr11	132588900	132788900	harbor2	chr11	132611292	132611634	LINE/L2	424	+	171	132611463	22563
chr11	132588900	132788900	harbor2	chr11	132619001	132619455	LINE/L2	401	+	227	132619228	30328
chr11	133255352	133455352	harbor2	chr11	133313068	133313259	LINE/L2	503	+	96	133313164	57812
chr11	133255352	133455352	harbor2	chr11	133340846	133341192	LINE/L2	492	+	173	133341019	85667
chr11	133255352	133455352	harbor2	chr11	133351232	133352385	LINE/L2	1149	+	576	133351808	96456
chr11	123949492	124149492	harbor2	chr11	123997307	123997654	LINE/L2	370	+	174	123997481	47989
chr11	133996879	134196879	harbor2	chr11	133997046	133997283	LINE/L2	724	+	118	133997164	285
chr11	133996879	134196879	harbor2	chr11	133997321	133997485	LINE/L2	724	+	82	133997403	524
chr11	130492466	130692466	harbor2	chr11	130560823	130561010	LINE/L2	533	+	94	130560917	68451
chr11	130492466	130692466	harbor2	chr11	130563542	130563728	LINE/L2	375	+	93	130563635	71169
chr11	57904710	58104710	harbor2	chr11	57955289	57955911	LINE/L2	1023	+	311	57955600	50890
chr11	57904710	58104710	harbor2	chr11	57956224	57956403	LINE/L2	1023	+	90	57956314	51604
chr11	57904710	58104710	harbor2	chr11	57970149	57970259	LINE/L2	784	+	55	57970204	65494
chr11	57904710	58104710	harbor2	chr11	57970955	57971126	LINE/L2	784	+	86	57971041	66331
chr11	57904710	58104710	harbor2	chr11	57983592	57984184	LINE/L2	1956	+	296	57983888	79178
chr11	91509517	91709517	harbor2	chr11	91518601	91518781	LINE/L2	375	+	90	91518691	9174
chr11	91509517	91709517	harbor2	chr11	91559407	91559664	LINE/L2	580	+	128	91559535	50018
chr11	132793627	132993627	harbor2	chr11	132801881	132802445	LINE/L2	482	+	282	132802163	8536
chr11	132793627	132993627	harbor2	chr11	132823114	132823588	LINE/L2	1398	+	237	132823351	29724
chr11	132793627	132993627	harbor2	chr11	132823616	132824476	LINE/L2	1398	+	430	132824046	30419
chr11	132793627	132993627	harbor2	chr11	132824481	132824658	LINE/L2	544	+	88	132824569	30942
chr11	132793627	132993627	harbor2	chr11	132891586	132891708	LINE/L2	520	+	61	132891647	98020
chr11	132793627	132993627	harbor2	chr11	132824806	132825249	LINE/L2	453	+	222	132825028	31401
chr11	133820416	134020416	harbor2	chr11	133827013	133827414	LINE/L2	866	+	200	133827213	6797
chr11	133820416	134020416	harbor2	chr11	133891813	133891919	LINE/L2	367	+	53	133891866	71450
chr11	133820416	134020416	harbor2	chr11	133891948	133892952	LINE/L2	1269	+	502	133892450	72034
chr11	133820416	134020416	harbor2	chr11	133895972	133896288	LINE/L2	636	+	158	133896130	75714
chr11	102144386	102344386	harbor2	chr11	102151318	102151695	LINE/L2	517	+	188	102151506	7120
chr11	112134148	112334148	harbor2	chr11	112151538	112152480	LINE/L2	1447	+	471	112152009	17861
chr11	112134148	112334148	harbor2	chr11	112160033	112160631	LINE/L2	405	+	299	112160332	26184
chr11	112134148	112334148	harbor2	chr11	112179794	112180007	LINE/L2	783	+	106	112179900	45752
chr11	112134148	112334148	harbor2	chr11	112180336	112180545	LINE/L2	783	+	104	112180440	46292
chr11	112134148	112334148	harbor2	chr11	112187996	112188396	LINE/L2	419	+	200	112188196	54048
chr11	112134148	112334148	harbor2	chr11	112196657	112196817	LINE/L2	473	+	80	112196737	62589
chr11	112134148	112334148	harbor2	chr11	112197152	112197266	LINE/L2	1274	+	57	112197209	63061
chr11	112134148	112334148	harbor2	chr11	112198342	112198483	LINE/L2	1471	+	70	112198412	64264
chr11	112134148	112334148	harbor2	chr11	112213447	112213604	LINE/L2	611	+	78	112213525	79377
chr11	112134148	112334148	harbor2	chr11	112221309	112221689	LINE/L2	481	+	190	112221499	87351
chr11	112134148	112334148	harbor2	chr11	112197566	112198177	LINE/L2	1471	+	306	112197872	63724
chr11	121472785	121672785	harbor2	chr11	121491458	121491901	LINE/L2	1120	+	222	121491680	18895
chr11	121472785	121672785	harbor2	chr11	121491888	121492078	LINE/L2	941	+	95	121491983	19198
chr11	121472785	121672785	harbor2	chr11	121492385	121492608	LINE/L2	941	+	112	121492497	19712
chr11	121472785	121672785	harbor2	chr11	121523218	121523332	LINE/L2	391	+	57	121523275	50490
chr11	56520612	56720612	harbor2	chr11	56538902	56539244	LINE/L2	468	+	171	56539073	18461
chr11	112183940	112383940	harbor2	chr11	112187996	112188396	LINE/L2	419	+	200	112188196	4256
chr11	112183940	112383940	harbor2	chr11	112196657	112196817	LINE/L2	473	+	80	112196737	12797
chr11	112183940	112383940	harbor2	chr11	112197152	112197266	LINE/L2	1274	+	57	112197209	13269
chr11	112183940	112383940	harbor2	chr11	112198342	112198483	LINE/L2	1471	+	70	112198412	14472
chr11	112183940	112383940	harbor2	chr11	112213447	112213604	LINE/L2	611	+	78	112213525	29585
chr11	112183940	112383940	harbor2	chr11	112221309	112221689	LINE/L2	481	+	190	112221499	37559
chr11	112183940	112383940	harbor2	chr11	112239443	112239559	LINE/L2	993	+	58	112239501	55561
chr11	112183940	112383940	harbor2	chr11	112239854	112239988	LINE/L2	993	+	67	112239921	55981
chr11	112183940	112383940	harbor2	chr11	112240303	112241019	LINE/L2	993	+	358	112240661	56721
chr11	112183940	112383940	harbor2	chr11	112197566	112198177	LINE/L2	1471	+	306	112197872	13932
chr11	86803997	87003997	harbor2	chr11	86815191	86815430	LINE/L2	704	+	120	86815311	11314
chr11	86803997	87003997	harbor2	chr11	86901084	86901358	LINE/L2	413	+	137	86901221	97224
chr11	86803997	87003997	harbor2	chr11	86900422	86900781	LINE/L2	576	+	180	86900602	96605
chr11	130816546	131016546	harbor2	chr11	130833306	130833597	LINE/L2	408	+	146	130833452	16906
chr11	128074175	128274175	harbor2	chr11	128130372	128130508	LINE/L2	407	+	68	128130440	56265
chr11	121650782	121850782	harbor2	chr11	121661500	121661714	LINE/L2	478	+	107	121661607	10825
chr11	121650782	121850782	harbor2	chr11	121674105	121674667	LINE/L2	603	+	281	121674386	23604
chr11	121650782	121850782	harbor2	chr11	121674787	121675172	LINE/L2	618	+	192	121674979	24197
chr11	121650782	121850782	harbor2	chr11	121692551	121692783	LINE/L2	447	+	116	121692667	41885
chr11	121650782	121850782	harbor2	chr11	121693089	121693196	LINE/L2	447	+	54	121693143	42361
chr11	121650782	121850782	harbor2	chr11	121719714	121720980	LINE/L2	1619	+	633	121720347	69565
chr12	119639906	119839906	harbor2	chr12	119647878	119648410	LINE/L2	1276	+	266	119648144	8238
chr12	119639906	119839906	harbor2	chr12	119648407	119648755	LINE/L2	526	+	174	119648581	8675
chr12	119639906	119839906	harbor2	chr12	119660239	119660530	LINE/L2	535	+	146	119660385	20479
chr12	108289208	108489208	harbor2	chr12	108339642	108339928	LINE/L2	493	+	143	108339785	50577
chr12	114870048	115070048	harbor2	chr12	114878905	114879384	LINE/L2	836	+	240	114879145	9097
chr12	114870048	115070048	harbor2	chr12	114893704	114893729	LINE/L2	469	+	12	114893716	23668
chr12	114870048	115070048	harbor2	chr12	114894074	114894198	LINE/L2	469	+	62	114894136	24088
chr12	114870048	115070048	harbor2	chr12	114902652	114902898	LINE/L2	560	+	123	114902775	32727
chr12	99676176	99876176	harbor2	chr12	99739682	99740001	LINE/L2	751	+	160	99739842	63666
chr12	32726335	32926335	harbor2	chr12	32813995	32814641	LINE/L2	471	+	323	32814318	87983
chr12	32726335	32926335	harbor2	chr12	32814938	32815135	LINE/L2	471	+	98	32815036	88701
chr12	130343067	130543067	harbor2	chr12	130374545	130375163	LINE/L2	755	+	309	130374854	31787
chr12	130343067	130543067	harbor2	chr12	130375195	130376175	LINE/L2	1137	+	490	130375685	32618
chr12	130343067	130543067	harbor2	chr12	130376916	130377260	LINE/L2	442	+	172	130377088	34021
chr12	129287037	129487037	harbor2	chr12	129327607	129328241	LINE/L2	657	+	317	129327924	40887
chr12	69880314	70080314	harbor2	chr12	69893286	69893453	LINE/L2	598	+	84	69893370	13056
chr12	69880314	70080314	harbor2	chr12	69918913	69919134	LINE/L2	488	+	110	69919023	38709
chr12	76855038	77055038	harbor2	chr12	76932864	76933001	LINE/L2	490	+	68	76932932	77894
chr12	76855038	77055038	harbor2	chr12	76951728	76952382	LINE/L2	955	+	327	76952055	97017
chr12	114199544	114399544	harbor2	chr12	114203237	114203690	LINE/L2	457	+	226	114203463	3919
chr12	114199544	114399544	harbor2	chr12	114215732	114215859	LINE/L2	461	+	64	114215796	16252
chr12	114199544	114399544	harbor2	chr12	114235062	114235699	LINE/L2	482	+	318	114235380	35836
chr12	133089252	133289252	harbor2	chr12	133116693	133117206	LINE/L2	622	+	256	133116949	27697
chr12	133089252	133289252	harbor2	chr12	133137375	133137778	LINE/L2	506	+	202	133137577	48325
chr12	116672089	116872089	harbor2	chr12	116728168	116728413	LINE/L2	594	+	122	116728290	56201
chr12	60797283	60997283	harbor2	chr12	60813310	60814022	LINE/L2	589	+	356	60813666	16383
chr12	60797283	60997283	harbor2	chr12	60829054	60829779	LINE/L2	1095	+	362	60829416	32133
chr12	60797283	60997283	harbor2	chr12	60831965	60833383	LINE/L2	2560	+	709	60832674	35391
chr12	119928213	120128213	harbor2	chr12	119997311	119997488	LINE/L2	526	+	88	119997399	69186
chr12	105847551	106047551	harbor2	chr12	105848857	105849329	LINE/L2	463	+	236	105849093	1542
chr12	105847551	106047551	harbor2	chr12	105880029	105880309	LINE/L2	666	+	140	105880169	32618
chr12	105847551	106047551	harbor2	chr12	105893607	105893903	LINE/L2	443	+	148	105893755	46204
chr12	105847551	106047551	harbor2	chr12	105905509	105906124	LINE/L2	1758	+	308	105905817	58266
chr12	103345079	103545079	harbor2	chr12	103358516	103359157	LINE/L2	697	+	320	103358836	13757
chr12	103345079	103545079	harbor2	chr12	103359686	103359880	LINE/L2	436	+	97	103359783	14704
chr12	103345079	103545079	harbor2	chr12	103387148	103387495	LINE/L2	670	+	174	103387322	42243
chr12	103345079	103545079	harbor2	chr12	103387675	103387806	LINE/L2	464	+	66	103387741	42662
chr12	103345079	103545079	harbor2	chr12	103393577	103393753	LINE/L2	585	+	88	103393665	48586
chr12	110540774	110740774	harbor2	chr12	110589415	110589508	LINE/L2	502	+	46	110589461	48687
chr12	110540774	110740774	harbor2	chr12	110589817	110589871	LINE/L2	502	+	27	110589844	49070
chr12	110540774	110740774	harbor2	chr12	110632312	110632428	LINE/L2	464	+	58	110632370	91596
chr12	129723543	129923543	harbor2	chr12	129746774	129747367	LINE/L2	478	+	296	129747070	23527
chr12	129723543	129923543	harbor2	chr12	129757407	129757607	LINE/L2	594	+	100	129757507	33964
chr12	129723543	129923543	harbor2	chr12	129812437	129813405	LINE/L2	1159	+	484	129812921	89378
chr12	123602139	123802139	harbor2	chr12	123656450	123656804	LINE/L2	709	+	177	123656627	54488
chr12	123602139	123802139	harbor2	chr12	123657091	123657141	LINE/L2	709	+	25	123657116	54977
chr12	123602139	123802139	harbor2	chr12	123657223	123657756	LINE/L2	974	+	266	123657489	55350
chr12	80500266	80700266	harbor2	chr12	80557130	80557483	LINE/L2	489	+	176	80557306	57040
chr12	80500266	80700266	harbor2	chr12	80585043	80585538	LINE/L2	1716	+	248	80585291	85025
chr12	80500266	80700266	harbor2	chr12	80587043	80587185	LINE/L2	514	+	71	80587114	86848
chr12	80500266	80700266	harbor2	chr12	80589716	80590385	LINE/L2	811	+	334	80590050	89784
chr12	80500266	80700266	harbor2	chr12	80590692	80591120	LINE/L2	811	+	214	80590906	90640
chr12	80500266	80700266	harbor2	chr12	80594481	80595014	LINE/L2	620	+	266	80594747	94481
chr12	133073239	133273239	harbor2	chr12	133116693	133117206	LINE/L2	622	+	256	133116949	43710
chr12	133073239	133273239	harbor2	chr12	133137375	133137778	LINE/L2	506	+	202	133137577	64338
chr12	76017268	76217268	harbor2	chr12	76034379	76034650	LINE/L2	938	+	136	76034515	17247
chr12	76017268	76217268	harbor2	chr12	76035666	76035878	LINE/L2	677	+	106	76035772	18504
chr12	76017268	76217268	harbor2	chr12	76035878	76036137	LINE/L2	584	+	130	76036008	18740
chr12	120113600	120313600	harbor2	chr12	120129627	120129891	LINE/L2	522	+	132	120129759	16159
chr12	120113600	120313600	harbor2	chr12	120141547	120142044	LINE/L2	617	+	248	120141795	28195
chr12	120113600	120313600	harbor2	chr12	120177893	120178389	LINE/L2	547	+	248	120178141	64541
chr12	120113600	120313600	harbor2	chr12	120201828	120201848	LINE/L2	565	+	10	120201838	88238
chr12	120113600	120313600	harbor2	chr12	120202158	120202435	LINE/L2	565	+	138	120202296	88696
chr12	118125568	118325568	harbor2	chr12	118157054	118157504	LINE/L2	711	+	225	118157279	31711
chr12	118125568	118325568	harbor2	chr12	118157539	118157800	LINE/L2	532	+	130	118157669	32101
chr12	118125568	118325568	harbor2	chr12	118157817	118159111	LINE/L2	565	+	647	118158464	32896
chr12	118125568	118325568	harbor2	chr12	118193781	118193989	LINE/L2	471	+	104	118193885	68317
chr12	118125568	118325568	harbor2	chr12	118198098	118198355	LINE/L2	500	+	128	118198226	72658
chr12	118125568	118325568	harbor2	chr12	118210574	118210728	LINE/L2	863	+	77	118210651	85083
chr12	118125568	118325568	harbor2	chr12	118211037	118211174	LINE/L2	863	+	68	118211105	85537
chr12	118125568	118325568	harbor2	chr12	118220208	118220351	LINE/L2	486	+	72	118220280	94712
chr12	88392528	88592528	harbor2	chr12	88418976	88419670	LINE/L2	785	+	347	88419323	26795
chr12	112384419	112584419	harbor2	chr12	112392323	112392567	LINE/L2	559	+	122	112392445	8026
chr12	110756045	110956045	harbor2	chr12	110755962	110756072	LINE/L2	686	+	55	110756017	28
chr12	110756045	110956045	harbor2	chr12	110756371	110756578	LINE/L2	686	+	104	110756475	430
chr12	110756045	110956045	harbor2	chr12	110756708	110756982	LINE/L2	982	+	137	110756845	800
chr12	110756045	110956045	harbor2	chr12	110757577	110757757	LINE/L2	982	+	90	110757667	1622
chr12	31162790	31362790	harbor2	chr12	31210511	31211926	LINE/L2	3045	+	708	31211219	48429
chr12	131071658	131271658	harbor2	chr12	131157769	131157994	LINE/L2	522	+	112	131157881	86223
chr12	131071658	131271658	harbor2	chr12	131165369	131165800	LINE/L2	523	+	216	131165585	93927
chr12	108046019	108246019	harbor2	chr12	108051486	108052022	LINE/L2	534	+	268	108051754	5735
chr12	108046019	108246019	harbor2	chr12	108086885	108087163	LINE/L2	523	+	139	108087024	41005
chr12	108046019	108246019	harbor2	chr12	108087311	108087468	LINE/L2	439	+	78	108087389	41370
chr12	108046019	108246019	harbor2	chr12	108103993	108104169	LINE/L2	434	+	88	108104081	58062
chr12	108046019	108246019	harbor2	chr12	108145127	108145472	LINE/L2	576	+	172	108145299	99280
chr12	103013653	103213653	harbor2	chr12	103026974	103027635	LINE/L2	1338	+	330	103027304	13651
chr12	103013653	103213653	harbor2	chr12	103048645	103048922	LINE/L2	697	+	138	103048783	35130
chr12	103013653	103213653	harbor2	chr12	103049006	103049134	LINE/L2	486	+	64	103049070	35417
chr12	103013653	103213653	harbor2	chr12	103049322	103050137	LINE/L2	1753	+	408	103049730	36077
chr12	103013653	103213653	harbor2	chr12	103094998	103095785	LINE/L2	1381	+	394	103095392	81739
chr12	103013653	103213653	harbor2	chr12	103038938	103039902	LINE/L2	2317	+	482	103039420	25767
chr12	116709784	116909784	harbor2	chr12	116728168	116728413	LINE/L2	594	+	122	116728290	18506
chr12	116709784	116909784	harbor2	chr12	116788379	116788713	LINE/L2	662	+	167	116788546	78762
chr12	116709784	116909784	harbor2	chr12	116793527	116793926	LINE/L2	1080	+	200	116793727	83943
chr12	120988560	121188560	harbor2	chr12	121040232	121040370	LINE/L2	823	+	69	121040301	51741
chr12	120988560	121188560	harbor2	chr12	121040670	121040747	LINE/L2	823	+	38	121040708	52148
chr12	129249274	129449274	harbor2	chr12	129265587	129266031	LINE/L2	747	+	222	129265809	16535
chr12	129249274	129449274	harbor2	chr12	129266034	129266364	LINE/L2	521	+	165	129266199	16925
chr12	129249274	129449274	harbor2	chr12	129266746	129267174	LINE/L2	570	+	214	129266960	17686
chr12	129249274	129449274	harbor2	chr12	129327607	129328241	LINE/L2	657	+	317	129327924	78650
chr12	119213184	119413184	harbor2	chr12	119227250	119227712	LINE/L2	834	+	231	119227481	14297
chr12	119213184	119413184	harbor2	chr12	119252843	119253373	LINE/L2	1185	+	265	119253108	39924
chr12	119213184	119413184	harbor2	chr12	119253500	119253792	LINE/L2	1185	+	146	119253646	40462
chr12	122814334	123014334	harbor2	chr12	122887199	122887803	LINE/L2	514	+	302	122887501	73167
chr12	117294111	117494111	harbor2	chr12	117304285	117304582	LINE/L2	492	+	148	117304433	10322
chr12	117294111	117494111	harbor2	chr12	117320685	117321011	LINE/L2	991	+	163	117320848	26737
chr12	117294111	117494111	harbor2	chr12	117321310	117321433	LINE/L2	991	+	62	117321372	27261
chr12	117294111	117494111	harbor2	chr12	117328039	117328184	LINE/L2	542	+	72	117328111	34000
chr12	117294111	117494111	harbor2	chr12	117328468	117328554	LINE/L2	542	+	43	117328511	34400
chr12	117294111	117494111	harbor2	chr12	117328733	117328777	LINE/L2	808	+	22	117328755	34644
chr12	117294111	117494111	harbor2	chr12	117329130	117329299	LINE/L2	808	+	84	117329214	35103
chr12	117294111	117494111	harbor2	chr12	117381764	117382361	LINE/L2	814	+	298	117382062	87951
chr12	117294111	117494111	harbor2	chr12	117392879	117393030	LINE/L2	543	+	76	117392955	98844
chr12	75156606	75356606	harbor2	chr12	75176352	75176663	LINE/L2	942	+	156	75176508	19902
chr12	117169644	117369644	harbor2	chr12	117193561	117194031	LINE/L2	481	+	235	117193796	24152
chr12	117169644	117369644	harbor2	chr12	117234826	117234906	LINE/L2	659	+	40	117234866	65222
chr12	117169644	117369644	harbor2	chr12	117235218	117235380	LINE/L2	659	+	81	117235299	65655
chr12	117169644	117369644	harbor2	chr12	117262895	117263171	LINE/L2	574	+	138	117263033	93389
chr12	117169644	117369644	harbor2	chr12	117177995	117178998	LINE/L2	1505	+	502	117178497	8853
chr12	132951108	133151108	harbor2	chr12	133002135	133002496	LINE/L2	497	+	180	133002315	51207
chr12	66689491	66889491	harbor2	chr12	66777098	66777681	LINE/L2	1467	+	292	66777390	87899
chr12	103720962	103920962	harbor2	chr12	103744849	103745045	LINE/L2	444	+	98	103744947	23985
chr12	103720962	103920962	harbor2	chr12	103756381	103756503	LINE/L2	503	+	61	103756442	35480
chr12	93581067	93781067	harbor2	chr12	93617799	93617915	LINE/L2	548	+	58	93617857	36790
chr12	93581067	93781067	harbor2	chr12	93618327	93618866	LINE/L2	661	+	270	93618597	37530
chr12	93581067	93781067	harbor2	chr12	93626320	93626523	LINE/L2	445	+	102	93626422	45355
chr13	103122893	103322893	harbor2	chr13	103131856	103132153	LINE/L2	880	+	148	103132004	9111
chr13	103122893	103322893	harbor2	chr13	103149925	103150351	LINE/L2	680	+	213	103150138	27245
chr13	44084326	44284326	harbor2	chr13	44087976	44088459	LINE/L2	1335	+	242	44088218	3892
chr13	44084326	44284326	harbor2	chr13	44099063	44099325	LINE/L2	790	+	131	44099194	14868
chr13	44084326	44284326	harbor2	chr13	44099731	44100303	LINE/L2	790	+	286	44100017	15691
chr13	44084326	44284326	harbor2	chr13	44103074	44103252	LINE/L2	404	+	89	44103163	18837
chr13	44084326	44284326	harbor2	chr13	44147986	44148176	LINE/L2	485	+	95	44148081	63755
chr13	103581973	103781973	harbor2	chr13	103621973	103622293	LINE/L2	593	+	160	103622133	40160
chr13	103581973	103781973	harbor2	chr13	103631343	103631593	LINE/L2	601	+	125	103631468	49495
chr13	103581973	103781973	harbor2	chr13	103631862	103631897	LINE/L2	601	+	18	103631880	49907
chr13	103581973	103781973	harbor2	chr13	103631985	103632122	LINE/L2	418	+	68	103632053	50080
chr13	103581973	103781973	harbor2	chr13	103667998	103668120	LINE/L2	719	+	61	103668059	86086
chr13	103581973	103781973	harbor2	chr13	103668625	103669071	LINE/L2	719	+	223	103668848	86875
chr13	103581973	103781973	harbor2	chr13	103669496	103669739	LINE/L2	447	+	122	103669618	87645
chr13	103581973	103781973	harbor2	chr13	103671335	103671371	LINE/L2	1180	+	18	103671353	89380
chr13	103581973	103781973	harbor2	chr13	103671681	103672044	LINE/L2	1180	+	182	103671863	89890
chr13	103581973	103781973	harbor2	chr13	103672169	103673089	LINE/L2	1180	+	460	103672629	90656
chr13	92661821	92861821	harbor2	chr13	92702078	92703052	LINE/L2	1894	+	487	92702565	40744
chr13	92661821	92861821	harbor2	chr13	92703090	92703250	LINE/L2	498	+	80	92703170	41349
chr13	92661821	92861821	harbor2	chr13	92739460	92739720	LINE/L2	516	+	130	92739590	77769
chr13	92661821	92861821	harbor2	chr13	92740017	92740517	LINE/L2	1001	+	250	92740267	78446
chr13	91519719	91719719	harbor2	chr13	91595584	91595893	LINE/L2	592	+	154	91595738	76019
chr13	78151813	78351813	harbor2	chr13	78205396	78205511	LINE/L2	461	+	58	78205454	53641
chr13	78151813	78351813	harbor2	chr13	78209315	78210126	LINE/L2	1493	+	406	78209721	57908
chr13	69420893	69620893	harbor2	chr13	69436978	69437469	LINE/L2	538	+	246	69437224	16331
chr13	69420893	69620893	harbor2	chr13	69463906	69464711	LINE/L2	632	+	402	69464308	43415
chr13	75583739	75783739	harbor2	chr13	75640370	75640703	LINE/L2	426	+	166	75640536	56797
chr13	75583739	75783739	harbor2	chr13	75645705	75646575	LINE/L2	1699	+	435	75646140	62401
chr13	75583739	75783739	harbor2	chr13	75646885	75647212	LINE/L2	1699	+	164	75647049	63310
chr13	52806569	53006569	harbor2	chr13	52867064	52867353	LINE/L2	702	+	144	52867208	60639
chr13	52806569	53006569	harbor2	chr13	52872036	52872444	LINE/L2	411	+	204	52872240	65671
chr13	52806569	53006569	harbor2	chr13	52895578	52896175	LINE/L2	610	+	298	52895876	89307
chr13	67964874	68164874	harbor2	chr13	68012993	68013219	LINE/L2	669	+	113	68013106	48232
chr13	67964874	68164874	harbor2	chr13	68017228	68017355	LINE/L2	483	+	64	68017292	52418
chr13	64001967	64201967	harbor2	chr13	64011580	64011763	LINE/L2	409	+	92	64011672	9705
chr13	64001967	64201967	harbor2	chr13	64017924	64018169	LINE/L2	760	+	122	64018046	16079
chr13	64001967	64201967	harbor2	chr13	64018581	64018901	LINE/L2	840	+	160	64018741	16774
chr13	33252164	33452164	harbor2	chr13	33258969	33259220	LINE/L2	401	+	126	33259095	6931
chr13	33252164	33452164	harbor2	chr13	33292808	33293343	LINE/L2	415	+	268	33293076	40912
chr13	33252164	33452164	harbor2	chr13	33300813	33301218	LINE/L2	504	+	202	33301015	48851
chr13	33252164	33452164	harbor2	chr13	33317145	33317849	LINE/L2	701	+	352	33317497	65333
chr13	33252164	33452164	harbor2	chr13	33323160	33323579	LINE/L2	615	+	210	33323370	71206
chr13	33252164	33452164	harbor2	chr13	33332117	33332318	LINE/L2	851	+	100	33332217	80053
chr13	33252164	33452164	harbor2	chr13	33332682	33332922	LINE/L2	851	+	120	33332802	80638
chr13	33252164	33452164	harbor2	chr13	33342912	33343232	LINE/L2	570	+	160	33343072	90908
chr13	80288286	80488286	harbor2	chr13	80303236	80303772	LINE/L2	1210	+	268	80303504	15218
chr13	80288286	80488286	harbor2	chr13	80349024	80349296	LINE/L2	596	+	136	80349160	60874
chr13	69794535	69994535	harbor2	chr13	69821695	69821917	LINE/L2	469	+	111	69821806	27271
chr13	69794535	69994535	harbor2	chr13	69822220	69822255	LINE/L2	469	+	18	69822238	27703
chr13	69794535	69994535	harbor2	chr13	69874280	69874448	LINE/L2	480	+	84	69874364	79829
chr13	106993100	107193100	harbor2	chr13	106999778	106999994	LINE/L2	713	+	108	106999886	6786
chr13	106993100	107193100	harbor2	chr13	107000001	107000644	LINE/L2	786	+	322	107000323	7223
chr13	106993100	107193100	harbor2	chr13	107031311	107031430	LINE/L2	459	+	60	107031371	38271
chr13	106993100	107193100	harbor2	chr13	107080658	107081142	LINE/L2	795	+	242	107080900	87800
chr13	106353966	106553966	harbor2	chr13	106414575	106414728	LINE/L2	624	+	76	106414651	60685
chr13	106353966	106553966	harbor2	chr13	106413470	106414264	LINE/L2	1410	+	397	106413867	59901
chr13	98953146	99153146	harbor2	chr13	98964237	98964358	LINE/L2	429	+	60	98964297	11151
chr13	98953146	99153146	harbor2	chr13	98985290	98985514	LINE/L2	610	+	112	98985402	32256
chr13	31225586	31425586	harbor2	chr13	31242246	31242449	LINE/L2	574	+	102	31242348	16762
chr13	31225586	31425586	harbor2	chr13	31258160	31258520	LINE/L2	816	+	180	31258340	32754
chr13	31225586	31425586	harbor2	chr13	31319274	31320202	LINE/L2	950	+	464	31319738	94152
chr13	31225586	31425586	harbor2	chr13	31320688	31321144	LINE/L2	475	+	228	31320916	95330
chr13	75275868	75475868	harbor2	chr13	75348299	75348504	LINE/L2	466	+	102	75348401	72533
chr13	90120971	90320971	harbor2	chr13	90136010	90136389	LINE/L2	667	+	190	90136200	15229
chr13	100673014	100873014	harbor2	chr13	100675717	100676412	LINE/L2	547	+	348	100676065	3051
chr13	100673014	100873014	harbor2	chr13	100679264	100679534	LINE/L2	525	+	135	100679399	6385
chr13	100673014	100873014	harbor2	chr13	100769730	100770083	LINE/L2	521	+	176	100769906	96892
chr13	81118593	81318593	harbor2	chr13	81120407	81120670	LINE/L2	495	+	132	81120539	1946
chr13	81118593	81318593	harbor2	chr13	81188350	81188943	LINE/L2	803	+	296	81188646	70053
chr13	104452152	104652152	harbor2	chr13	104459464	104459646	LINE/L2	486	+	91	104459555	7403
chr13	104452152	104652152	harbor2	chr13	104460101	104460250	LINE/L2	462	+	74	104460175	8023
chr13	98855832	99055832	harbor2	chr13	98866032	98866343	LINE/L2	439	+	156	98866188	10356
chr13	98855832	99055832	harbor2	chr13	98877554	98877842	LINE/L2	572	+	144	98877698	21866
chr13	98855832	99055832	harbor2	chr13	98915647	98915887	LINE/L2	449	+	120	98915767	59935
chr13	107385145	107585145	harbor2	chr13	107389697	107389821	LINE/L2	449	+	62	107389759	4614
chr13	30310256	30510256	harbor2	chr13	30315282	30315667	LINE/L2	674	+	192	30315474	5218
chr13	30310256	30510256	harbor2	chr13	30322836	30323180	LINE/L2	534	+	172	30323008	12752
chr13	30310256	30510256	harbor2	chr13	30399340	30399470	LINE/L2	410	+	65	30399405	89149
chr13	77838969	78038969	harbor2	chr13	77888304	77888688	LINE/L2	469	+	192	77888496	49527
chr13	77838969	78038969	harbor2	chr13	77904129	77904493	LINE/L2	907	+	182	77904311	65342
chr13	79508942	79708942	harbor2	chr13	79534031	79534221	LINE/L2	414	+	95	79534126	25184
chr13	79508942	79708942	harbor2	chr13	79598359	79598921	LINE/L2	437	+	281	79598640	89698
chr13	31315096	31515096	harbor2	chr13	31319274	31320202	LINE/L2	950	+	464	31319738	4642
chr13	31315096	31515096	harbor2	chr13	31320688	31321144	LINE/L2	475	+	228	31320916	5820
chr13	109053850	109253850	harbor2	chr13	109093574	109094219	LINE/L2	808	+	322	109093896	40046
chr13	109053850	109253850	harbor2	chr13	109104807	109105085	LINE/L2	423	+	139	109104946	51096
chr13	83442445	83642445	harbor2	chr13	83469483	83470545	LINE/L2	1793	+	531	83470014	27569
chr13	83442445	83642445	harbor2	chr13	83541441	83541623	LINE/L2	429	+	91	83541532	99087
chr13	43527131	43727131	harbor2	chr13	43598262	43598389	LINE/L2	473	+	64	43598326	71195
chr13	43527131	43727131	harbor2	chr13	43597417	43598082	LINE/L2	1592	+	332	43597749	70618
chr13	72300107	72500107	harbor2	chr13	72344023	72344407	LINE/L2	437	+	192	72344215	44108
chr13	72300107	72500107	harbor2	chr13	72392412	72393548	LINE/L2	1617	+	568	72392980	92873
chr14	92055393	92255393	harbor2	chr14	92071760	92072057	LINE/L2	472	+	148	92071908	16515
chr14	92055393	92255393	harbor2	chr14	92143845	92144983	LINE/L2	1469	+	569	92144414	89021
chr14	92055393	92255393	harbor2	chr14	92146677	92147208	LINE/L2	789	+	266	92146943	91550
chr14	73511653	73711653	harbor2	chr14	73521384	73521567	LINE/L2	408	+	92	73521476	9823
chr14	59581272	59781272	harbor2	chr14	59600860	59601534	LINE/L2	598	+	337	59601197	19925
chr14	27330265	27530265	harbor2	chr14	27412741	27413686	LINE/L2	494	+	472	27413213	82948
chr14	66927967	67127967	harbor2	chr14	66946868	66947545	LINE/L2	726	+	338	66947206	19239
chr14	66927967	67127967	harbor2	chr14	67012752	67013097	LINE/L2	918	+	172	67012924	84957
chr14	84404078	84604078	harbor2	chr14	84491488	84492086	LINE/L2	653	+	299	84491787	87709
chr14	84404078	84604078	harbor2	chr14	84497021	84497181	LINE/L2	751	+	80	84497101	93023
chr14	84404078	84604078	harbor2	chr14	84497491	84497711	LINE/L2	751	+	110	84497601	93523
chr14	100007732	100207732	harbor2	chr14	100024712	100025645	LINE/L2	1511	+	466	100025178	17446
chr14	100007732	100207732	harbor2	chr14	100025960	100025972	LINE/L2	1136	+	6	100025966	18234
chr14	100007732	100207732	harbor2	chr14	100026254	100026323	LINE/L2	1136	+	34	100026288	18556
chr14	100007732	100207732	harbor2	chr14	100068953	100069138	LINE/L2	721	+	92	100069045	61313
chr14	95304695	95504695	harbor2	chr14	95324222	95324385	LINE/L2	467	+	82	95324304	19609
chr14	95304695	95504695	harbor2	chr14	95337825	95338364	LINE/L2	1342	+	270	95338095	33400
chr14	49780471	49980471	harbor2	chr14	49805705	49805992	LINE/L2	466	+	144	49805849	25378
chr14	89258789	89458789	harbor2	chr14	89303087	89303507	LINE/L2	440	+	210	89303297	44508
chr14	88164775	88364775	harbor2	chr14	88252297	88252398	LINE/L2	412	+	50	88252347	87572
chr14	65467609	65667609	harbor2	chr14	65552283	65552417	LINE/L2	408	+	67	65552350	84741
chr14	95011729	95211729	harbor2	chr14	95014329	95014481	LINE/L2	427	+	76	95014405	2676
chr14	95011729	95211729	harbor2	chr14	95028186	95028504	LINE/L2	572	+	159	95028345	16616
chr14	95011729	95211729	harbor2	chr14	95041896	95042566	LINE/L2	471	+	335	95042231	30502
chr14	95011729	95211729	harbor2	chr14	95048285	95048692	LINE/L2	714	+	204	95048489	36760
chr14	95011729	95211729	harbor2	chr14	95049008	95049552	LINE/L2	829	+	272	95049280	37551
chr14	90929987	91129987	harbor2	chr14	90932014	90932097	LINE/L2	1193	+	42	90932056	2069
chr14	90929987	91129987	harbor2	chr14	90932427	90933028	LINE/L2	1193	+	300	90932727	2740
chr14	90929987	91129987	harbor2	chr14	90933211	90934246	LINE/L2	2036	+	518	90933729	3742
chr14	103321875	103521875	harbor2	chr14	103382749	103383038	LINE/L2	442	+	144	103382893	61018
chr14	102041982	102241982	harbor2	chr14	102089772	102090294	LINE/L2	411	+	261	102090033	48051
chr14	102041982	102241982	harbor2	chr14	102131281	102131492	LINE/L2	675	+	106	102131387	89405
chr14	102041982	102241982	harbor2	chr14	102131507	102131945	LINE/L2	1329	+	219	102131726	89744
chr14	98000416	98200416	harbor2	chr14	98052423	98052651	LINE/L2	410	+	114	98052537	52121
chr14	98000416	98200416	harbor2	chr14	98052946	98053171	LINE/L2	409	+	112	98053058	52642
chr14	98000416	98200416	harbor2	chr14	98054000	98054726	LINE/L2	958	+	363	98054363	53947
chr14	81695896	81895896	harbor2	chr14	81704016	81704461	LINE/L2	926	+	222	81704238	8342
chr14	81695896	81895896	harbor2	chr14	81731868	81732293	LINE/L2	440	+	212	81732080	36184
chr14	81695896	81895896	harbor2	chr14	81778793	81779086	LINE/L2	558	+	146	81778939	83043
chr14	81695896	81895896	harbor2	chr14	81779300	81779589	LINE/L2	558	+	144	81779444	83548
chr14	56510063	56710063	harbor2	chr14	56566159	56566524	LINE/L2	450	+	182	56566341	56278
chr14	96521686	96721686	harbor2	chr14	96546135	96546526	LINE/L2	990	+	196	96546331	24645
chr14	96521686	96721686	harbor2	chr14	96546836	96547219	LINE/L2	805	+	192	96547028	25342
chr14	96521686	96721686	harbor2	chr14	96579063	96579387	LINE/L2	449	+	162	96579225	57539
chr14	95466410	95666410	harbor2	chr14	95526159	95526454	LINE/L2	459	+	148	95526307	59897
chr14	77119391	77319391	harbor2	chr14	77128336	77128701	LINE/L2	654	+	182	77128518	9127
chr14	77119391	77319391	harbor2	chr14	77145625	77145848	LINE/L2	967	+	112	77145737	26346
chr14	77119391	77319391	harbor2	chr14	77213967	77214139	LINE/L2	533	+	86	77214053	94662
chr14	77119391	77319391	harbor2	chr14	77214443	77215318	LINE/L2	2850	+	438	77214881	95490
chr14	77119391	77319391	harbor2	chr14	77215629	77216903	LINE/L2	2850	+	637	77216266	96875
chr14	77119391	77319391	harbor2	chr14	77217159	77217196	LINE/L2	2850	+	18	77217177	97786
chr14	77119391	77319391	harbor2	chr14	77217183	77217530	LINE/L2	477	+	174	77217357	97966
chr14	95753418	95953418	harbor2	chr14	95773733	95774118	LINE/L2	473	+	192	95773925	20507
chr14	74207141	74407141	harbor2	chr14	74233924	74234122	LINE/L2	648	+	99	74234023	26882
chr14	76856363	77056363	harbor2	chr14	76856080	76856517	LINE/L2	468	+	218	76856298	65
chr14	76856363	77056363	harbor2	chr14	76942861	76943613	LINE/L2	865	+	376	76943237	86874
chr14	76856363	77056363	harbor2	chr14	76952033	76952247	LINE/L2	931	+	107	76952140	95777
chr14	76856363	77056363	harbor2	chr14	76952548	76952621	LINE/L2	931	+	36	76952584	96221
chr14	71188843	71388843	harbor2	chr14	71208947	71209096	LINE/L2	425	+	74	71209021	20178
chr14	71188843	71388843	harbor2	chr14	71276855	71277156	LINE/L2	656	+	150	71277005	88162
chr14	71188843	71388843	harbor2	chr14	71277431	71277726	LINE/L2	656	+	148	71277579	88736
chr14	89468810	89668810	harbor2	chr14	89509036	89509322	LINE/L2	689	+	143	89509179	40369
chr14	89468810	89668810	harbor2	chr14	89509634	89509755	LINE/L2	689	+	60	89509694	40884
chr14	44968582	45168582	harbor2	chr14	44976278	44976590	LINE/L2	438	+	156	44976434	7852
chr14	44968582	45168582	harbor2	chr14	45013019	45013291	LINE/L2	417	+	136	45013155	44573
chr14	44968582	45168582	harbor2	chr14	45033595	45033780	LINE/L2	609	+	92	45033687	65105
chr14	44968582	45168582	harbor2	chr14	45041643	45041757	LINE/L2	644	+	57	45041700	73118
chr14	44968582	45168582	harbor2	chr14	45042055	45042332	LINE/L2	644	+	138	45042193	73611
chr14	95706846	95906846	harbor2	chr14	95773733	95774118	LINE/L2	473	+	192	95773925	67079
chr14	99291582	99491582	harbor2	chr14	99290726	99291989	LINE/L2	2522	+	632	99291358	224
chr14	99291582	99491582	harbor2	chr14	99296283	99296411	LINE/L2	510	+	64	99296347	4765
chr14	99291582	99491582	harbor2	chr14	99362400	99362506	LINE/L2	518	+	53	99362453	70871
chr14	101732328	101932328	harbor2	chr14	101759293	101759567	LINE/L2	413	+	137	101759430	27102
chr14	75873247	76073247	harbor2	chr14	75969672	75970079	LINE/L2	702	+	204	75969876	96629
chr14	75873247	76073247	harbor2	chr14	75970619	75970922	LINE/L2	498	+	152	75970771	97524
chr14	90154189	90354189	harbor2	chr14	90195235	90195361	LINE/L2	424	+	63	90195298	41109
chr14	90154189	90354189	harbor2	chr14	90195985	90196006	LINE/L2	424	+	10	90195995	41806
chr14	90154189	90354189	harbor2	chr14	90227444	90227578	LINE/L2	523	+	67	90227511	73322
chr14	94883246	95083246	harbor2	chr14	94931202	94931485	LINE/L2	439	+	142	94931344	48098
chr14	94883246	95083246	harbor2	chr14	94942507	94942813	LINE/L2	604	+	153	94942660	59414
chr14	94883246	95083246	harbor2	chr14	94965982	94966115	LINE/L2	551	+	66	94966048	82802
chr14	94883246	95083246	harbor2	chr14	94980326	94980633	LINE/L2	694	+	154	94980480	97234
chr14	33576013	33776013	harbor2	chr14	33623365	33623788	LINE/L2	963	+	212	33623577	47564
chr14	33576013	33776013	harbor2	chr14	33623931	33624291	LINE/L2	1141	+	180	33624111	48098
chr14	89793742	89993742	harbor2	chr14	89810073	89810212	LINE/L2	428	+	70	89810143	16401
chr14	89793742	89993742	harbor2	chr14	89841236	89842306	LINE/L2	816	+	535	89841771	48029
chr14	89793742	89993742	harbor2	chr14	89842647	89843119	LINE/L2	816	+	236	89842883	49141
chr14	89793742	89993742	harbor2	chr14	89847033	89847271	LINE/L2	459	+	119	89847152	53410
chr14	74156785	74356785	harbor2	chr14	74233924	74234122	LINE/L2	648	+	99	74234023	77238
chr14	48553100	48753100	harbor2	chr14	48632391	48632691	LINE/L2	494	+	150	48632541	79441
chr14	96935129	97135129	harbor2	chr14	96936082	96936356	LINE/L2	480	+	137	96936219	1090
chr14	96935129	97135129	harbor2	chr14	96937502	96937857	LINE/L2	415	+	178	96937680	2551
chr14	96935129	97135129	harbor2	chr14	96997453	96997851	LINE/L2	1151	+	199	96997652	62523
chr14	76525809	76725809	harbor2	chr14	76550352	76550511	LINE/L2	574	+	80	76550432	24623
chr14	76525809	76725809	harbor2	chr14	76551216	76551460	LINE/L2	474	+	122	76551338	25529
chr14	85272534	85472534	harbor2	chr14	85351324	85351655	LINE/L2	481	+	166	85351490	78956
chr14	54251616	54451616	harbor2	chr14	54265637	54266185	LINE/L2	816	+	274	54265911	14295
chr14	54251616	54451616	harbor2	chr14	54295808	54296269	LINE/L2	881	+	230	54296038	44422
chr14	54251616	54451616	harbor2	chr14	54326929	54327106	LINE/L2	544	+	88	54327017	75401
chr14	54251616	54451616	harbor2	chr14	54344420	54345253	LINE/L2	1309	+	416	54344836	93220
chr14	88834696	89034696	harbor2	chr14	88869382	88869982	LINE/L2	1259	+	300	88869682	34986
chr14	88834696	89034696	harbor2	chr14	88872638	88873595	LINE/L2	1077	+	478	88873116	38420
chr14	89174047	89374047	harbor2	chr14	89247585	89248297	LINE/L2	762	+	356	89247941	73894
chr14	94009966	94209966	harbor2	chr14	94020212	94020718	LINE/L2	619	+	253	94020465	10499
chr14	94009966	94209966	harbor2	chr14	94058160	94058627	LINE/L2	1074	+	234	94058394	48428
chr14	61078531	61278531	harbor2	chr14	61129758	61130089	LINE/L2	418	+	166	61129924	51393
chr14	39852683	40052683	harbor2	chr14	39877250	39877566	LINE/L2	434	+	158	39877408	24725
chr14	79056172	79256172	harbor2	chr14	79110436	79110571	LINE/L2	548	+	68	79110504	54332
chr14	79056172	79256172	harbor2	chr14	79125122	79125444	LINE/L2	479	+	161	79125283	69111
chr14	87964188	88164188	harbor2	chr14	87989964	87990254	LINE/L2	454	+	145	87990109	25921
chr14	87964188	88164188	harbor2	chr14	88039903	88040693	LINE/L2	3401	+	395	88040298	76110
chr14	87964188	88164188	harbor2	chr14	88040831	88041535	LINE/L2	3401	+	352	88041183	76995
chr14	94390701	94590701	harbor2	chr14	94412017	94412363	LINE/L2	1102	+	173	94412190	21489
chr14	94390701	94590701	harbor2	chr14	94412457	94412888	LINE/L2	756	+	216	94412673	21972
chr14	94390701	94590701	harbor2	chr14	94441004	94441184	LINE/L2	539	+	90	94441094	50393
chr14	94390701	94590701	harbor2	chr14	94447394	94448057	LINE/L2	427	+	332	94447726	57025
chr14	94390701	94590701	harbor2	chr14	94476342	94476877	LINE/L2	850	+	268	94476610	85909
chr14	65811169	66011169	harbor2	chr14	65815988	65816213	LINE/L2	502	+	112	65816100	4931
chr14	65811169	66011169	harbor2	chr14	65822071	65823206	LINE/L2	2027	+	568	65822639	11470
chr14	100905820	101105820	harbor2	chr14	100909830	100910091	LINE/L2	615	+	130	100909960	4140
chr14	74720793	74920793	harbor2	chr14	74819592	74819929	LINE/L2	655	+	168	74819760	98967
chr14	83457160	83657160	harbor2	chr14	83506156	83506478	LINE/L2	417	+	161	83506317	49157
chr14	83457160	83657160	harbor2	chr14	83549866	83550110	LINE/L2	536	+	122	83549988	92828
chr14	80222000	80422000	harbor2	chr14	80310002	80310666	LINE/L2	969	+	332	80310334	88334
chr14	55825765	56025765	harbor2	chr14	55832392	55832758	LINE/L2	868	+	183	55832575	6810
chr14	55825765	56025765	harbor2	chr14	55852360	55852814	LINE/L2	1919	+	227	55852587	26822
chr14	55825765	56025765	harbor2	chr14	55853208	55853755	LINE/L2	1919	+	274	55853482	27717
chr14	55825765	56025765	harbor2	chr14	55854036	55854605	LINE/L2	1919	+	284	55854320	28555
chr14	55825765	56025765	harbor2	chr14	55878495	55878928	LINE/L2	749	+	216	55878711	52946
chr14	55825765	56025765	harbor2	chr14	55916047	55916275	LINE/L2	438	+	114	55916161	90396
chr14	55825765	56025765	harbor2	chr14	55923705	55924007	LINE/L2	426	+	151	55923856	98091
chr14	83269944	83469944	harbor2	chr14	83287874	83288700	LINE/L2	858	+	413	83288287	18343
chr14	83269944	83469944	harbor2	chr14	83293692	83293983	LINE/L2	437	+	146	83293838	23894
chr14	96717236	96917236	harbor2	chr14	96760111	96760579	LINE/L2	440	+	234	96760345	43109
chr14	96717236	96917236	harbor2	chr14	96786931	96787087	LINE/L2	435	+	78	96787009	69773
chr14	93112809	93312809	harbor2	chr14	93121293	93121685	LINE/L2	491	+	196	93121489	8680
chr14	93112809	93312809	harbor2	chr14	93192751	93192774	LINE/L2	819	+	12	93192763	79954
chr14	93112809	93312809	harbor2	chr14	93193082	93193221	LINE/L2	819	+	70	93193152	80343
chr14	93112809	93312809	harbor2	chr14	93193521	93193696	LINE/L2	819	+	88	93193609	80800
chr14	93112809	93312809	harbor2	chr14	93193703	93193864	LINE/L2	653	+	80	93193783	80974
chr14	93112809	93312809	harbor2	chr14	93194175	93194534	LINE/L2	875	+	180	93194355	81546
chr14	101705393	101905393	harbor2	chr14	101726962	101727471	LINE/L2	659	+	254	101727216	21823
chr14	101705393	101905393	harbor2	chr14	101727672	101727889	LINE/L2	582	+	108	101727780	22387
chr14	101705393	101905393	harbor2	chr14	101759293	101759567	LINE/L2	413	+	137	101759430	54037
chr14	103901865	104101865	harbor2	chr14	103936579	103936752	LINE/L2	480	+	86	103936665	34800
chr14	103901865	104101865	harbor2	chr14	103954289	103954508	LINE/L2	527	+	110	103954399	52534
chr14	102226082	102426082	harbor2	chr14	102257549	102257604	LINE/L2	517	+	28	102257577	31495
chr14	102226082	102426082	harbor2	chr14	102258155	102258588	LINE/L2	517	+	216	102258371	32289
chr14	95531670	95731670	harbor2	chr14	95593571	95594764	LINE/L2	1569	+	596	95594167	62497
chr14	95531670	95731670	harbor2	chr14	95595124	95595605	LINE/L2	1569	+	240	95595364	63694
chr14	95531670	95731670	harbor2	chr14	95612355	95612676	LINE/L2	882	+	160	95612515	80845
chr14	101711565	101911565	harbor2	chr14	101726962	101727471	LINE/L2	659	+	254	101727216	15651
chr14	101711565	101911565	harbor2	chr14	101727672	101727889	LINE/L2	582	+	108	101727780	16215
chr14	101711565	101911565	harbor2	chr14	101759293	101759567	LINE/L2	413	+	137	101759430	47865
chr14	33572273	33772273	harbor2	chr14	33623365	33623788	LINE/L2	963	+	212	33623577	51304
chr14	33572273	33772273	harbor2	chr14	33623931	33624291	LINE/L2	1141	+	180	33624111	51838
chr14	102095574	102295574	harbor2	chr14	102131281	102131492	LINE/L2	675	+	106	102131387	35813
chr14	102095574	102295574	harbor2	chr14	102131507	102131945	LINE/L2	1329	+	219	102131726	36152
chr14	102095574	102295574	harbor2	chr14	102153706	102153905	LINE/L2	776	+	100	102153806	58232
chr14	102095574	102295574	harbor2	chr14	102154177	102154202	LINE/L2	776	+	12	102154189	58615
chr14	102095574	102295574	harbor2	chr14	102154556	102154738	LINE/L2	776	+	91	102154647	59073
chr14	102095574	102295574	harbor2	chr14	102158119	102158303	LINE/L2	1228	+	92	102158211	62637
chr14	102095574	102295574	harbor2	chr14	102158596	102158854	LINE/L2	1228	+	129	102158725	63151
chr14	102095574	102295574	harbor2	chr14	102164181	102164463	LINE/L2	465	+	141	102164322	68748
chr14	102095574	102295574	harbor2	chr14	102166783	102167203	LINE/L2	756	+	210	102166993	71419
chr14	102095574	102295574	harbor2	chr14	102167520	102167902	LINE/L2	756	+	191	102167711	72137
chr14	102095574	102295574	harbor2	chr14	102168686	102169518	LINE/L2	1267	+	416	102169102	73528
chr14	80432504	80632504	harbor2	chr14	80498005	80498866	LINE/L2	462	+	430	80498435	65931
chr14	80432504	80632504	harbor2	chr14	80523603	80523728	LINE/L2	543	+	62	80523665	91161
chr14	87842599	88042599	harbor2	chr14	87901638	87901858	LINE/L2	473	+	110	87901748	59149
chr14	87842599	88042599	harbor2	chr14	87902074	87902330	LINE/L2	727	+	128	87902202	59603
chr14	87842599	88042599	harbor2	chr14	87936055	87936330	LINE/L2	793	+	138	87936193	93594
chr14	87842599	88042599	harbor2	chr14	87936566	87936691	LINE/L2	793	+	62	87936628	94029
chr14	70560515	70760515	harbor2	chr14	70599394	70599678	LINE/L2	1174	+	142	70599536	39021
chr14	70560515	70760515	harbor2	chr14	70606187	70606617	LINE/L2	526	+	215	70606402	45887
chr14	40995967	41195967	harbor2	chr14	41065730	41066309	LINE/L2	649	+	290	41066020	70053
chr14	91800823	92000823	harbor2	chr14	91834577	91835063	LINE/L2	464	+	243	91834820	33997
chr14	91800823	92000823	harbor2	chr14	91870436	91870865	LINE/L2	821	+	214	91870650	69827
chr14	62055953	62255953	harbor2	chr14	62082283	62082651	LINE/L2	1073	+	184	62082467	26514
chr14	79464095	79664095	harbor2	chr14	79497290	79497738	LINE/L2	895	+	224	79497514	33419
chr14	79464095	79664095	harbor2	chr14	79498339	79498783	LINE/L2	946	+	222	79498561	34466
chr14	79464095	79664095	harbor2	chr14	79499017	79499662	LINE/L2	685	+	322	79499339	35244
chr14	79464095	79664095	harbor2	chr14	79503372	79503764	LINE/L2	485	+	196	79503568	39473
chr14	103342273	103542273	harbor2	chr14	103382749	103383038	LINE/L2	442	+	144	103382893	40620
chr14	61704763	61904763	harbor2	chr14	61728378	61728883	LINE/L2	415	+	252	61728630	23867
chr14	21814439	22014439	harbor2	chr14	21824552	21824863	LINE/L2	599	+	156	21824708	10269
chr14	21814439	22014439	harbor2	chr14	21831868	21832481	LINE/L2	491	+	306	21832174	17735
chr14	21814439	22014439	harbor2	chr14	21880778	21881409	LINE/L2	730	+	316	21881094	66655
chr14	66173583	66373583	harbor2	chr14	66179199	66179468	LINE/L2	456	+	134	66179333	5750
chr14	66173583	66373583	harbor2	chr14	66179595	66180648	LINE/L2	1759	+	526	66180121	6538
chr14	66173583	66373583	harbor2	chr14	66226176	66226275	LINE/L2	444	+	50	66226226	52643
chr14	66173583	66373583	harbor2	chr14	66251258	66252034	LINE/L2	559	+	388	66251646	78063
chr14	50931066	51131066	harbor2	chr14	50965977	50966124	LINE/L2	417	+	74	50966051	34985
chr14	50931066	51131066	harbor2	chr14	50976330	50976565	LINE/L2	416	+	118	50976448	45382
chr14	50931066	51131066	harbor2	chr14	50978346	50978855	LINE/L2	958	+	254	50978600	47534
chr14	50931066	51131066	harbor2	chr14	51022009	51022124	LINE/L2	717	+	58	51022067	91001
chr14	50931066	51131066	harbor2	chr14	51022517	51022657	LINE/L2	717	+	70	51022587	91521
chr15	93009396	93209396	harbor2	chr15	93039224	93039400	LINE/L2	496	+	88	93039312	29916
chr15	93009396	93209396	harbor2	chr15	93039799	93039929	LINE/L2	496	+	65	93039864	30468
chr15	93009396	93209396	harbor2	chr15	93040228	93040796	LINE/L2	496	+	284	93040512	31116
chr15	93009396	93209396	harbor2	chr15	93104234	93104672	LINE/L2	755	+	219	93104453	95057
chr15	101253459	101453459	harbor2	chr15	101337649	101337813	LINE/L2	509	+	82	101337731	84272
chr15	91613666	91813666	harbor2	chr15	91679844	91680128	LINE/L2	910	+	142	91679986	66320
chr15	91613666	91813666	harbor2	chr15	91696661	91697245	LINE/L2	438	+	292	91696953	83287
chr15	64470778	64670778	harbor2	chr15	64531856	64532465	LINE/L2	787	+	304	64532160	61382
chr15	64470778	64670778	harbor2	chr15	64568925	64569405	LINE/L2	808	+	240	64569165	98387
chr15	84950446	85150446	harbor2	chr15	84963750	84964196	LINE/L2	708	+	223	84963973	13527
chr15	84950446	85150446	harbor2	chr15	84973005	84973275	LINE/L2	633	+	135	84973140	22694
chr15	84950446	85150446	harbor2	chr15	84973569	84973814	LINE/L2	429	+	122	84973691	23245
chr15	84950446	85150446	harbor2	chr15	85024037	85024327	LINE/L2	664	+	145	85024182	73736
chr15	84950446	85150446	harbor2	chr15	85030577	85031053	LINE/L2	653	+	238	85030815	80369
chr15	84950446	85150446	harbor2	chr15	85044621	85045315	LINE/L2	1103	+	347	85044968	94522
chr15	48254419	48454419	harbor2	chr15	48313084	48314042	LINE/L2	1493	+	479	48313563	59144
chr15	84604362	84804362	harbor2	chr15	84651603	84651876	LINE/L2	446	+	136	84651739	47377
chr15	84604362	84804362	harbor2	chr15	84652166	84652485	LINE/L2	446	+	160	84652326	47964
chr15	84604362	84804362	harbor2	chr15	84665560	84665646	LINE/L2	432	+	43	84665603	61241
chr15	84604362	84804362	harbor2	chr15	84671643	84671786	LINE/L2	442	+	72	84671715	67353
chr15	80240601	80440601	harbor2	chr15	80259626	80260171	LINE/L2	443	+	272	80259898	19297
chr15	80240601	80440601	harbor2	chr15	80271151	80272003	LINE/L2	802	+	426	80271577	30976
chr15	80240601	80440601	harbor2	chr15	80273118	80273611	LINE/L2	459	+	246	80273364	32763
chr15	88189601	88389601	harbor2	chr15	88192447	88193068	LINE/L2	748	+	310	88192757	3156
chr15	88189601	88389601	harbor2	chr15	88193705	88194988	LINE/L2	2026	+	642	88194347	4746
chr15	88189601	88389601	harbor2	chr15	88195244	88195428	LINE/L2	440	+	92	88195336	5735
chr15	88189601	88389601	harbor2	chr15	88234721	88235280	LINE/L2	443	+	280	88235001	45400
chr15	37765971	37965971	harbor2	chr15	37863945	37864072	LINE/L2	414	+	64	37864009	98038
chr15	37765971	37965971	harbor2	chr15	37864921	37865233	LINE/L2	414	+	156	37865077	99106
chr15	86268953	86468953	harbor2	chr15	86304204	86304598	LINE/L2	409	+	197	86304401	35448
chr15	86268953	86468953	harbor2	chr15	86363444	86364056	LINE/L2	400	+	306	86363750	94797
chr15	100653583	100853583	harbor2	chr15	100703639	100703980	LINE/L2	612	+	170	100703809	50226
chr15	92004002	92204002	harbor2	chr15	92010836	92011276	LINE/L2	665	+	220	92011056	7054
chr15	92004002	92204002	harbor2	chr15	92093637	92093755	LINE/L2	479	+	59	92093696	89694
chr15	47435603	47635603	harbor2	chr15	47438016	47438923	LINE/L2	1790	+	454	47438470	2867
chr15	47435603	47635603	harbor2	chr15	47460939	47461472	LINE/L2	612	+	266	47461205	25602
chr15	47435603	47635603	harbor2	chr15	47480842	47481123	LINE/L2	471	+	140	47480982	45379
chr15	47435603	47635603	harbor2	chr15	47490104	47490258	LINE/L2	406	+	77	47490181	54578
chr15	47435603	47635603	harbor2	chr15	47514254	47515503	LINE/L2	1427	+	624	47514878	79275
chr15	94708455	94908455	harbor2	chr15	94787032	94787428	LINE/L2	435	+	198	94787230	78775
chr15	28086898	28286898	harbor2	chr15	28123828	28123936	LINE/L2	474	+	54	28123882	36984
chr15	95644507	95844507	harbor2	chr15	95658046	95658369	LINE/L2	547	+	162	95658208	13701
chr15	95644507	95844507	harbor2	chr15	95688381	95688563	LINE/L2	458	+	91	95688472	43965
chr15	83887786	84087786	harbor2	chr15	83901989	83902272	LINE/L2	424	+	142	83902131	14345
chr15	83887786	84087786	harbor2	chr15	83902570	83902812	LINE/L2	424	+	121	83902691	14905
chr15	93240863	93440863	harbor2	chr15	93284703	93285045	LINE/L2	445	+	171	93284874	44011
chr15	41264784	41464784	harbor2	chr15	41336403	41336641	LINE/L2	657	+	119	41336522	71738
chr15	41264784	41464784	harbor2	chr15	41337304	41337909	LINE/L2	1624	+	302	41337606	72822
chr15	41264784	41464784	harbor2	chr15	41338235	41338674	LINE/L2	1624	+	220	41338455	73671
chr15	41264784	41464784	harbor2	chr15	41338981	41339052	LINE/L2	1624	+	36	41339017	74233
chr15	41264784	41464784	harbor2	chr15	41340072	41340531	LINE/L2	627	+	230	41340302	75518
chr15	41264784	41464784	harbor2	chr15	41341739	41342306	LINE/L2	413	+	284	41342023	77239
chr15	41264784	41464784	harbor2	chr15	41336819	41336980	LINE/L2	1624	+	80	41336899	72115
chr15	88998982	89198982	harbor2	chr15	89039808	89039957	LINE/L2	486	+	74	89039882	40900
chr15	88998982	89198982	harbor2	chr15	89078067	89078312	LINE/L2	448	+	122	89078189	79207
chr15	76475964	76675964	harbor2	chr15	76511526	76511801	LINE/L2	422	+	138	76511664	35700
chr15	76475964	76675964	harbor2	chr15	76527922	76528032	LINE/L2	591	+	55	76527977	52013
chr15	76475964	76675964	harbor2	chr15	76528225	76529007	LINE/L2	591	+	391	76528616	52652
chr15	76475964	76675964	harbor2	chr15	76574879	76575533	LINE/L2	516	+	327	76575206	99242
chr15	96108433	96308433	harbor2	chr15	96202182	96202460	LINE/L2	774	+	139	96202321	93888
chr15	76040712	76240712	harbor2	chr15	76063396	76063723	LINE/L2	634	+	164	76063560	22848
chr15	76040712	76240712	harbor2	chr15	76121812	76122005	LINE/L2	407	+	96	76121908	81196
chr15	95759439	95959439	harbor2	chr15	95802204	95802669	LINE/L2	492	+	232	95802436	42997
chr15	99805976	100005976	harbor2	chr15	99820836	99821909	LINE/L2	1163	+	536	99821372	15396
chr15	99805976	100005976	harbor2	chr15	99891170	99892395	LINE/L2	894	+	612	99891782	85806
chr15	81593607	81793607	harbor2	chr15	81611469	81611859	LINE/L2	772	+	195	81611664	18057
chr15	92406950	92606950	harbor2	chr15	92468302	92468720	LINE/L2	911	+	209	92468511	61561
chr15	92406950	92606950	harbor2	chr15	92470761	92471025	LINE/L2	422	+	132	92470893	63943
chr15	92406950	92606950	harbor2	chr15	92472026	92472157	LINE/L2	443	+	66	92472092	65142
chr15	34356676	34556676	harbor2	chr15	34443987	34444389	LINE/L2	668	+	201	34444188	87512
chr15	100205344	100405344	harbor2	chr15	100227960	100228470	LINE/L2	566	+	255	100228215	22871
chr15	100205344	100405344	harbor2	chr15	100238194	100238482	LINE/L2	737	+	144	100238338	32994
chr15	91885842	92085842	harbor2	chr15	91906345	91906482	LINE/L2	405	+	68	91906413	20571
chr15	91885842	92085842	harbor2	chr15	91956719	91956779	LINE/L2	742	+	30	91956749	70907
chr15	91885842	92085842	harbor2	chr15	91957272	91957945	LINE/L2	1558	+	336	91957608	71766
chr15	91885842	92085842	harbor2	chr15	91961619	91961909	LINE/L2	666	+	145	91961764	75922
chr15	91885842	92085842	harbor2	chr15	91968818	91969193	LINE/L2	442	+	188	91969006	83164
chr15	53092892	53292892	harbor2	chr15	53164464	53164618	LINE/L2	422	+	77	53164541	71649
chr15	97501674	97701674	harbor2	chr15	97504411	97504801	LINE/L2	402	+	195	97504606	2932
chr15	97501674	97701674	harbor2	chr15	97504802	97505190	LINE/L2	1060	+	194	97504996	3322
chr15	97501674	97701674	harbor2	chr15	97505350	97505736	LINE/L2	1060	+	193	97505543	3869
chr15	97501674	97701674	harbor2	chr15	97508467	97510172	LINE/L2	1550	+	852	97509319	7645
chr15	97501674	97701674	harbor2	chr15	97562804	97562927	LINE/L2	712	+	62	97562866	61192
chr15	97501674	97701674	harbor2	chr15	97562975	97563233	LINE/L2	712	+	129	97563104	61430
chr15	97501674	97701674	harbor2	chr15	97574868	97575112	LINE/L2	538	+	122	97574990	73316
chr15	97501674	97701674	harbor2	chr15	97575468	97575884	LINE/L2	663	+	208	97575676	74002
chr15	93550710	93750710	harbor2	chr15	93553809	93554110	LINE/L2	476	+	150	93553959	3249
chr15	93550710	93750710	harbor2	chr15	93632901	93633355	LINE/L2	422	+	227	93633128	82418
chr15	93550710	93750710	harbor2	chr15	93649937	93650371	LINE/L2	584	+	217	93650154	99444
chr15	53122743	53322743	harbor2	chr15	53164464	53164618	LINE/L2	422	+	77	53164541	41798
chr15	57528740	57728740	harbor2	chr15	57588330	57588471	LINE/L2	440	+	70	57588400	59660
chr15	59830782	60030782	harbor2	chr15	59853539	59853896	LINE/L2	653	+	178	59853717	22935
chr15	59830782	60030782	harbor2	chr15	59908886	59909315	LINE/L2	398	+	214	59909100	78318
chr15	59830782	60030782	harbor2	chr15	59919711	59919857	LINE/L2	454	+	73	59919784	89002
chr15	79460615	79660615	harbor2	chr15	79510105	79510517	LINE/L2	565	+	206	79510311	49696
chr15	99109236	99309236	harbor2	chr15	99197943	99198591	LINE/L2	1140	+	324	99198267	89031
chr15	90980623	91180623	harbor2	chr15	90991632	90992398	LINE/L2	1525	+	383	90992015	11392
chr15	90980623	91180623	harbor2	chr15	91063934	91064223	LINE/L2	847	+	144	91064078	83455
chr15	90980623	91180623	harbor2	chr15	91064652	91064945	LINE/L2	425	+	146	91064798	84175
chr15	78484889	78684889	harbor2	chr15	78550996	78551729	LINE/L2	1192	+	366	78551362	66473
chr15	78484889	78684889	harbor2	chr15	78579637	78579855	LINE/L2	465	+	109	78579746	94857
chr15	62942301	63142301	harbor2	chr15	62943431	62944044	LINE/L2	1475	+	306	62943737	1436
chr15	62942301	63142301	harbor2	chr15	62947747	62948153	LINE/L2	505	+	203	62947950	5649
chr15	62942301	63142301	harbor2	chr15	62948972	62949205	LINE/L2	485	+	116	62949088	6787
chr15	62942301	63142301	harbor2	chr15	62980658	62981588	LINE/L2	1326	+	465	62981123	38822
chr15	89117489	89317489	harbor2	chr15	89153053	89153198	LINE/L2	488	+	72	89153125	35636
chr15	89117489	89317489	harbor2	chr15	89162575	89162938	LINE/L2	515	+	182	89162757	45268
chr15	89117489	89317489	harbor2	chr15	89215814	89216213	LINE/L2	1158	+	200	89216014	98525
chr15	94766390	94966390	harbor2	chr15	94787032	94787428	LINE/L2	435	+	198	94787230	20840
chr15	94766390	94966390	harbor2	chr15	94826998	94827308	LINE/L2	601	+	155	94827153	60763
chr15	68789987	68989987	harbor2	chr15	68805743	68805987	LINE/L2	523	+	122	68805865	15878
chr15	72642655	72842655	harbor2	chr15	72705039	72705298	LINE/L2	910	+	130	72705169	62514
chr15	81398944	81598944	harbor2	chr15	81411385	81411692	LINE/L2	526	+	154	81411539	12595
chr15	81398944	81598944	harbor2	chr15	81424593	81425132	LINE/L2	625	+	270	81424863	25919
chr15	81398944	81598944	harbor2	chr15	81473851	81474096	LINE/L2	447	+	122	81473973	75029
chr15	81398944	81598944	harbor2	chr15	81478137	81478393	LINE/L2	470	+	128	81478265	79321
chr15	81398944	81598944	harbor2	chr15	81485031	81485246	LINE/L2	570	+	108	81485139	86195
chr15	81398944	81598944	harbor2	chr15	81487058	81487288	LINE/L2	448	+	115	81487173	88229
chr15	81398944	81598944	harbor2	chr15	81498376	81498754	LINE/L2	811	+	189	81498565	99621
chr15	89265017	89465017	harbor2	chr15	89342062	89342250	LINE/L2	513	+	94	89342156	77139
chr15	45170595	45370595	harbor2	chr15	45180540	45180825	LINE/L2	421	+	142	45180682	10087
chr15	56251227	56451227	harbor2	chr15	56349900	56350205	LINE/L2	515	+	152	56350052	98825
chr15	85335452	85535452	harbor2	chr15	85349061	85349173	LINE/L2	619	+	56	85349117	13665
chr15	85335452	85535452	harbor2	chr15	85349520	85349631	LINE/L2	619	+	56	85349576	14124
chr15	85335452	85535452	harbor2	chr15	85349969	85350036	LINE/L2	619	+	34	85350003	14551
chr15	85335452	85535452	harbor2	chr15	85395866	85396003	LINE/L2	497	+	68	85395934	60482
chr15	78022918	78222918	harbor2	chr15	78070146	78070540	LINE/L2	611	+	197	78070343	47425
chr15	78022918	78222918	harbor2	chr15	78080380	78080546	LINE/L2	421	+	83	78080463	57545
chr15	78022918	78222918	harbor2	chr15	78091730	78092132	LINE/L2	742	+	201	78091931	69013
chr15	78022918	78222918	harbor2	chr15	78099660	78100247	LINE/L2	863	+	294	78099954	77036
chr15	81361556	81561556	harbor2	chr15	81386143	81386797	LINE/L2	886	+	327	81386470	24914
chr15	81361556	81561556	harbor2	chr15	81411385	81411692	LINE/L2	526	+	154	81411539	49983
chr15	81361556	81561556	harbor2	chr15	81424593	81425132	LINE/L2	625	+	270	81424863	63307
chr15	71965054	72165054	harbor2	chr15	71966492	71967026	LINE/L2	703	+	267	71966759	1705
chr15	71965054	72165054	harbor2	chr15	71996420	71996807	LINE/L2	523	+	194	71996614	31560
chr15	54718140	54918140	harbor2	chr15	54803143	54803513	LINE/L2	469	+	185	54803328	85188
chr15	101768345	101968345	harbor2	chr15	101847182	101847910	LINE/L2	1597	+	364	101847546	79201
chr15	101768345	101968345	harbor2	chr15	101865006	101865592	LINE/L2	492	+	293	101865299	96954
chr15	59705231	59905231	harbor2	chr15	59714003	59714118	LINE/L2	572	+	58	59714061	8830
chr15	59705231	59905231	harbor2	chr15	59739542	59739788	LINE/L2	641	+	123	59739665	34434
chr15	59705231	59905231	harbor2	chr15	59752739	59753461	LINE/L2	870	+	361	59753100	47869
chr15	87002504	87202504	harbor2	chr15	87033781	87034416	LINE/L2	814	+	318	87034099	31595
chr15	87002504	87202504	harbor2	chr15	87050790	87050983	LINE/L2	575	+	96	87050886	48382
chr15	87679535	87879535	harbor2	chr15	87693652	87693875	LINE/L2	944	+	112	87693764	14229
chr15	87679535	87879535	harbor2	chr15	87694183	87694391	LINE/L2	944	+	104	87694287	14752
chr15	87679535	87879535	harbor2	chr15	87729222	87729793	LINE/L2	401	+	286	87729508	49973
chr15	87679535	87879535	harbor2	chr15	87744901	87745268	LINE/L2	692	+	184	87745085	65550
chr15	100662622	100862622	harbor2	chr15	100703639	100703980	LINE/L2	612	+	170	100703809	41187
chr15	97826731	98026731	harbor2	chr15	97835631	97835649	LINE/L2	459	+	9	97835640	8909
chr15	97826731	98026731	harbor2	chr15	97835698	97836105	LINE/L2	459	+	204	97835902	9171
chr15	97826731	98026731	harbor2	chr15	97869983	97870512	LINE/L2	462	+	264	97870247	43516
chr15	29537359	29737359	harbor2	chr15	29537521	29538168	LINE/L2	1179	+	324	29537845	486
chr15	43272832	43472832	harbor2	chr15	43308510	43308834	LINE/L2	512	+	162	43308672	35840
chr15	43272832	43472832	harbor2	chr15	43320332	43320717	LINE/L2	1363	+	192	43320524	47692
chr15	43272832	43472832	harbor2	chr15	43321481	43321940	LINE/L2	762	+	230	43321711	48879
chr15	43272832	43472832	harbor2	chr15	43343311	43343797	LINE/L2	732	+	243	43343554	70722
chr15	62345191	62545191	harbor2	chr15	62368560	62368730	LINE/L2	442	+	85	62368645	23454
chr15	62345191	62545191	harbor2	chr15	62401649	62401860	LINE/L2	813	+	106	62401755	56564
chr15	62345191	62545191	harbor2	chr15	62402282	62402959	LINE/L2	1377	+	338	62402620	57429
chr15	62345191	62545191	harbor2	chr15	62403247	62403404	LINE/L2	1377	+	78	62403325	58134
chr15	62345191	62545191	harbor2	chr15	62403765	62404031	LINE/L2	490	+	133	62403898	58707
chr15	97589673	97789673	harbor2	chr15	97688558	97688823	LINE/L2	1063	+	132	97688690	99017
chr15	97589673	97789673	harbor2	chr15	97689223	97689732	LINE/L2	1063	+	254	97689477	99804
chr15	71726991	71926991	harbor2	chr15	71820582	71820725	LINE/L2	454	+	72	71820654	93663
chr15	38657418	38857418	harbor2	chr15	38720333	38720478	LINE/L2	429	+	72	38720405	62987
chr15	38657418	38857418	harbor2	chr15	38729095	38729349	LINE/L2	487	+	127	38729222	71804
chr15	71814769	72014769	harbor2	chr15	71820582	71820725	LINE/L2	454	+	72	71820654	5885
chr15	42912197	43112197	harbor2	chr15	42964520	42965017	LINE/L2	750	+	248	42964768	52571
chr15	42912197	43112197	harbor2	chr15	42998501	42998844	LINE/L2	1131	+	172	42998673	86476
chr15	42912197	43112197	harbor2	chr15	42998860	42998937	LINE/L2	841	+	38	42998898	86701
chr15	42912197	43112197	harbor2	chr15	42999239	42999517	LINE/L2	841	+	139	42999378	87181
chr15	79853386	80053386	harbor2	chr15	79928586	79928709	LINE/L2	1468	+	62	79928648	75262
chr15	79853386	80053386	harbor2	chr15	79929003	79929601	LINE/L2	1468	+	299	79929302	75916
chr15	79853386	80053386	harbor2	chr15	79929698	79929826	LINE/L2	947	+	64	79929762	76376
chr15	95663697	95863697	harbor2	chr15	95688381	95688563	LINE/L2	458	+	91	95688472	24775
chr15	77709090	77909090	harbor2	chr15	77712175	77713001	LINE/L2	857	+	413	77712588	3498
chr15	77709090	77909090	harbor2	chr15	77713783	77714545	LINE/L2	848	+	381	77714164	5074
chr15	77709090	77909090	harbor2	chr15	77721209	77721637	LINE/L2	586	+	214	77721423	12333
chr15	77709090	77909090	harbor2	chr15	77737811	77738747	LINE/L2	585	+	468	77738279	29189
chr15	77709090	77909090	harbor2	chr15	77762659	77762999	LINE/L2	484	+	170	77762829	53739
chr15	77709090	77909090	harbor2	chr15	77778431	77779273	LINE/L2	1796	+	421	77778852	69762
chr15	77709090	77909090	harbor2	chr15	77779782	77779864	LINE/L2	784	+	41	77779823	70733
chr15	77709090	77909090	harbor2	chr15	77791970	77792403	LINE/L2	410	+	216	77792186	83096
chr15	77709090	77909090	harbor2	chr15	77792474	77792852	LINE/L2	710	+	189	77792663	83573
chr15	77709090	77909090	harbor2	chr15	77802737	77803301	LINE/L2	423	+	282	77803019	93929
chr15	77709090	77909090	harbor2	chr15	77807026	77807347	LINE/L2	528	+	160	77807186	98096
chr16	59423603	59623603	harbor2	chr16	59468974	59469215	LINE/L2	414	+	120	59469094	45491
chr16	69635357	69835357	harbor2	chr16	69708689	69708921	LINE/L2	736	+	116	69708805	73448
chr16	65634977	65834977	harbor2	chr16	65646117	65646642	LINE/L2	1300	+	262	65646379	11402
chr16	80957734	81157734	harbor2	chr16	80973513	80973741	LINE/L2	562	+	114	80973627	15893
chr16	80957734	81157734	harbor2	chr16	81010604	81011511	LINE/L2	1220	+	454	81011058	53324
chr16	72018677	72218677	harbor2	chr16	72094431	72094550	LINE/L2	517	+	60	72094491	75814
chr16	71456392	71656392	harbor2	chr16	71463375	71463683	LINE/L2	441	+	154	71463529	7137
chr16	71456392	71656392	harbor2	chr16	71521463	71522623	LINE/L2	2054	+	580	71522043	65651
chr16	71456392	71656392	harbor2	chr16	71546400	71547459	LINE/L2	1042	+	530	71546930	90538
chr16	71456392	71656392	harbor2	chr16	71547562	71547991	LINE/L2	500	+	214	71547776	91384
chr16	71456392	71656392	harbor2	chr16	71549162	71549354	LINE/L2	640	+	96	71549258	92866
chr16	81440204	81640204	harbor2	chr16	81532909	81533317	LINE/L2	1141	+	204	81533113	92909
chr16	67517891	67717891	harbor2	chr16	67522707	67523166	LINE/L2	991	+	230	67522937	5046
chr16	67517891	67717891	harbor2	chr16	67524482	67525010	LINE/L2	786	+	264	67524746	6855
chr16	67517891	67717891	harbor2	chr16	67549923	67550403	LINE/L2	583	+	240	67550163	32272
chr16	67517891	67717891	harbor2	chr16	67560188	67560347	LINE/L2	482	+	80	67560268	42377
chr16	67517891	67717891	harbor2	chr16	67560352	67560563	LINE/L2	641	+	106	67560458	42567
chr16	67517891	67717891	harbor2	chr16	67560872	67561294	LINE/L2	641	+	211	67561083	43192
chr16	59318626	59518626	harbor2	chr16	59398393	59398944	LINE/L2	417	+	276	59398669	80043
chr16	77979567	78179567	harbor2	chr16	78004362	78004480	LINE/L2	470	+	59	78004421	24854
chr16	77979567	78179567	harbor2	chr16	78074895	78075186	LINE/L2	832	+	146	78075041	95474
chr16	85121858	85321858	harbor2	chr16	85126532	85126633	LINE/L2	436	+	50	85126582	4724
chr16	85121858	85321858	harbor2	chr16	85134287	85134610	LINE/L2	614	+	162	85134449	12591
chr16	78408728	78608728	harbor2	chr16	78490971	78491400	LINE/L2	426	+	214	78491185	82457
chr16	71065314	71265314	harbor2	chr16	71164877	71165644	LINE/L2	792	+	384	71165261	99947
chr16	64408304	64608304	harbor2	chr16	64450016	64450398	LINE/L2	430	+	191	64450207	41903
chr16	64408304	64608304	harbor2	chr16	64461248	64461929	LINE/L2	491	+	340	64461588	53284
chr16	65998073	66198073	harbor2	chr16	66059085	66059656	LINE/L2	522	+	286	66059371	61298
chr16	65998073	66198073	harbor2	chr16	66094261	66094569	LINE/L2	699	+	154	66094415	96342
chr16	78803735	79003735	harbor2	chr16	78863594	78863707	LINE/L2	426	+	56	78863650	59915
chr16	78803735	79003735	harbor2	chr16	78877206	78877784	LINE/L2	1005	+	289	78877495	73760
chr16	28032397	28232397	harbor2	chr16	28039887	28040591	LINE/L2	709	+	352	28040239	7842
chr16	28032397	28232397	harbor2	chr16	28046670	28046906	LINE/L2	413	+	118	28046788	14391
chr16	28032397	28232397	harbor2	chr16	28049751	28050087	LINE/L2	707	+	168	28049919	17522
chr16	28032397	28232397	harbor2	chr16	28050970	28051104	LINE/L2	525	+	67	28051037	18640
chr16	28032397	28232397	harbor2	chr16	28032486	28033266	LINE/L2	1425	+	390	28032876	479
chr16	84115383	84315383	harbor2	chr16	84121889	84122081	LINE/L2	435	+	96	84121985	6602
chr16	84115383	84315383	harbor2	chr16	84161745	84162010	LINE/L2	587	+	132	84161877	46494
chr16	84115383	84315383	harbor2	chr16	84206217	84206590	LINE/L2	609	+	186	84206403	91020
chr16	79780805	79980805	harbor2	chr16	79795683	79795941	LINE/L2	497	+	129	79795812	15007
chr16	79780805	79980805	harbor2	chr16	79830834	79831012	LINE/L2	585	+	89	79830923	50118
chr16	26625893	26825893	harbor2	chr16	26641488	26641748	LINE/L2	746	+	130	26641618	15725
chr16	26625893	26825893	harbor2	chr16	26691786	26692010	LINE/L2	532	+	112	26691898	66005
chr16	26625893	26825893	harbor2	chr16	26692214	26692355	LINE/L2	532	+	70	26692284	66391
chr16	58556423	58756423	harbor2	chr16	58589828	58590025	LINE/L2	497	+	98	58589926	33503
chr16	58556423	58756423	harbor2	chr16	58602774	58603216	LINE/L2	974	+	221	58602995	46572
chr16	58556423	58756423	harbor2	chr16	58603463	58604013	LINE/L2	813	+	275	58603738	47315
chr16	83337720	83537720	harbor2	chr16	83411075	83411518	LINE/L2	647	+	222	83411297	73577
chr16	83337720	83537720	harbor2	chr16	83435356	83435929	LINE/L2	528	+	286	83435642	97922
chr16	89926180	90126180	harbor2	chr16	89944816	89945268	LINE/L2	495	+	226	89945042	18862
chr16	31190682	31390682	harbor2	chr16	31248804	31248925	LINE/L2	439	+	60	31248864	58182
chr16	31190682	31390682	harbor2	chr16	31275988	31276077	LINE/L2	488	+	44	31276032	85350
chr16	84042513	84242513	harbor2	chr16	84121889	84122081	LINE/L2	435	+	96	84121985	79472
chr16	54737480	54937480	harbor2	chr16	54752961	54753099	LINE/L2	463	+	69	54753030	15550
chr16	54737480	54937480	harbor2	chr16	54753626	54753835	LINE/L2	900	+	104	54753730	16250
chr16	54737480	54937480	harbor2	chr16	54754227	54754433	LINE/L2	900	+	103	54754330	16850
chr16	54737480	54937480	harbor2	chr16	54756344	54757021	LINE/L2	821	+	338	54756682	19202
chr16	54737480	54937480	harbor2	chr16	54771736	54772165	LINE/L2	546	+	214	54771950	34470
chr16	35383973	35583973	harbor2	chr16	35397817	35398385	LINE/L2	585	+	284	35398101	14128
chr16	81099703	81299703	harbor2	chr16	81164948	81165071	LINE/L2	564	+	62	81165010	65307
chr16	81099703	81299703	harbor2	chr16	81168845	81169008	LINE/L2	436	+	82	81168927	69224
chr16	81099703	81299703	harbor2	chr16	81189356	81189728	LINE/L2	528	+	186	81189542	89839
chr16	81099703	81299703	harbor2	chr16	81190018	81190154	LINE/L2	528	+	68	81190086	90383
chr16	32790008	32990008	harbor2	chr16	32790312	32790631	LINE/L2	495	+	160	32790472	464
chr16	32790008	32990008	harbor2	chr16	32814683	32815030	LINE/L2	529	+	174	32814857	24849
chr16	32790008	32990008	harbor2	chr16	32876786	32877148	LINE/L2	824	+	181	32876967	86959
chr16	71824172	72024172	harbor2	chr16	71915292	71915517	LINE/L2	667	+	112	71915404	91232
chr16	71824172	72024172	harbor2	chr16	71918960	71919393	LINE/L2	725	+	216	71919176	95004
chr16	71824172	72024172	harbor2	chr16	71919692	71919762	LINE/L2	469	+	35	71919727	95555
chr16	77233015	77433015	harbor2	chr16	77248259	77248589	LINE/L2	523	+	165	77248424	15409
chr16	77233015	77433015	harbor2	chr16	77285740	77286481	LINE/L2	806	+	370	77286110	53095
chr16	77233015	77433015	harbor2	chr16	77303307	77303607	LINE/L2	561	+	150	77303457	70442
chr16	77233015	77433015	harbor2	chr16	77323795	77323927	LINE/L2	437	+	66	77323861	90846
chr16	77233015	77433015	harbor2	chr16	77315815	77316258	LINE/L2	673	+	222	77316037	83022
chr16	61985022	62185022	harbor2	chr16	62019896	62020009	LINE/L2	414	+	56	62019952	34930
chr16	88792349	88992349	harbor2	chr16	88891157	88891352	LINE/L2	487	+	98	88891255	98906
chr16	73596734	73796734	harbor2	chr16	73638644	73638805	LINE/L2	417	+	80	73638724	41990
chr16	85395447	85595447	harbor2	chr16	85429496	85429997	LINE/L2	793	+	250	85429746	34299
chr16	85395447	85595447	harbor2	chr16	85441762	85442430	LINE/L2	977	+	334	85442096	46649
chr16	85395447	85595447	harbor2	chr16	85465554	85465860	LINE/L2	482	+	153	85465707	70260
chr16	87844570	88044570	harbor2	chr16	87885636	87886020	LINE/L2	507	+	192	87885828	41258
chr16	46913511	47113511	harbor2	chr16	46983897	46984350	LINE/L2	1287	+	226	46984123	70612
chr16	87821284	88021284	harbor2	chr16	87885636	87886020	LINE/L2	507	+	192	87885828	64544
chr16	46591299	46791299	harbor2	chr16	46613379	46613853	LINE/L2	419	+	237	46613616	22317
chr16	46591299	46791299	harbor2	chr16	46636746	46637206	LINE/L2	790	+	230	46636976	45677
chr16	46591299	46791299	harbor2	chr16	46637948	46638239	LINE/L2	748	+	146	46638094	46795
chr16	47571920	47771920	harbor2	chr16	47592141	47592794	LINE/L2	587	+	326	47592467	20547
chr16	47571920	47771920	harbor2	chr16	47624965	47625765	LINE/L2	697	+	400	47625365	53445
chr16	47571920	47771920	harbor2	chr16	47657797	47658452	LINE/L2	1465	+	328	47658125	86205
chr16	47571920	47771920	harbor2	chr16	47658855	47658993	LINE/L2	474	+	69	47658924	87004
chr16	81721098	81921098	harbor2	chr16	81766398	81766465	LINE/L2	488	+	34	81766432	45334
chr16	81721098	81921098	harbor2	chr16	81766515	81766777	LINE/L2	488	+	131	81766646	45548
chr16	65171752	65371752	harbor2	chr16	65196112	65196236	LINE/L2	467	+	62	65196174	24422
chr16	65171752	65371752	harbor2	chr16	65202708	65203182	LINE/L2	538	+	237	65202945	31193
chr16	65171752	65371752	harbor2	chr16	65215248	65215463	LINE/L2	757	+	108	65215356	43604
chr16	83339658	83539658	harbor2	chr16	83411075	83411518	LINE/L2	647	+	222	83411297	71639
chr16	83339658	83539658	harbor2	chr16	83435356	83435929	LINE/L2	528	+	286	83435642	95984
chr16	75913124	76113124	harbor2	chr16	75959949	75960802	LINE/L2	602	+	426	75960375	47251
chr16	75913124	76113124	harbor2	chr16	75961154	75961797	LINE/L2	602	+	322	75961476	48352
chr16	75913124	76113124	harbor2	chr16	76007044	76007355	LINE/L2	704	+	156	76007200	94076
chr16	75913124	76113124	harbor2	chr16	76007700	76008281	LINE/L2	704	+	290	76007990	94866
chr16	66191418	66391418	harbor2	chr16	66233699	66234133	LINE/L2	488	+	217	66233916	42498
chr16	66191418	66391418	harbor2	chr16	66257037	66257321	LINE/L2	587	+	142	66257179	65761
chr16	86330724	86530724	harbor2	chr16	86335249	86335618	LINE/L2	447	+	184	86335433	4709
chr16	86330724	86530724	harbor2	chr16	86345433	86345869	LINE/L2	511	+	218	86345651	14927
chr16	68523578	68723578	harbor2	chr16	68536851	68537131	LINE/L2	464	+	140	68536991	13413
chr16	68523578	68723578	harbor2	chr16	68569065	68569136	LINE/L2	630	+	36	68569101	45523
chr16	68523578	68723578	harbor2	chr16	68569434	68569619	LINE/L2	630	+	92	68569526	45948
chr16	68523578	68723578	harbor2	chr16	68569824	68570274	LINE/L2	884	+	225	68570049	46471
chr16	68523578	68723578	harbor2	chr16	68592034	68592219	LINE/L2	1043	+	92	68592126	68548
chr16	68523578	68723578	harbor2	chr16	68592580	68592733	LINE/L2	1043	+	76	68592656	69078
chr16	68523578	68723578	harbor2	chr16	68593085	68593183	LINE/L2	467	+	49	68593134	69556
chr16	68523578	68723578	harbor2	chr16	68617188	68618001	LINE/L2	2090	+	406	68617594	94016
chr16	68523578	68723578	harbor2	chr16	68619993	68620283	LINE/L2	938	+	145	68620138	96560
chr16	68523578	68723578	harbor2	chr16	68620594	68620749	LINE/L2	673	+	78	68620672	97094
chr16	82390386	82590386	harbor2	chr16	82395817	82396053	LINE/L2	439	+	118	82395935	5549
chr16	82390386	82590386	harbor2	chr16	82448795	82448927	LINE/L2	781	+	66	82448861	58475
chr16	82390386	82590386	harbor2	chr16	82449244	82449533	LINE/L2	781	+	144	82449388	59002
chr16	82390386	82590386	harbor2	chr16	82455267	82455413	LINE/L2	434	+	73	82455340	64954
chr16	82390386	82590386	harbor2	chr16	82456149	82456480	LINE/L2	466	+	166	82456315	65929
chr16	82390386	82590386	harbor2	chr16	82460175	82460615	LINE/L2	812	+	220	82460395	70009
chr16	69514404	69714404	harbor2	chr16	69514290	69514642	LINE/L2	992	+	176	69514466	62
chr16	69514404	69714404	harbor2	chr16	69518883	69519290	LINE/L2	1206	+	204	69519087	4683
chr16	69514404	69714404	harbor2	chr16	69519608	69519634	LINE/L2	1206	+	13	69519621	5217
chr16	69514404	69714404	harbor2	chr16	69519907	69520052	LINE/L2	1206	+	72	69519979	5575
chr16	69514404	69714404	harbor2	chr16	69611866	69611976	LINE/L2	467	+	55	69611921	97517
chr16	69514404	69714404	harbor2	chr16	69612977	69613503	LINE/L2	730	+	263	69613240	98836
chr16	29424793	29624793	harbor2	chr16	29430257	29430513	LINE/L2	480	+	128	29430385	5592
chr16	86568627	86768627	harbor2	chr16	86593160	86593319	LINE/L2	426	+	80	86593240	24613
chr16	86568627	86768627	harbor2	chr16	86646741	86647173	LINE/L2	576	+	216	86646957	78330
chr16	75954982	76154982	harbor2	chr16	75959949	75960802	LINE/L2	602	+	426	75960375	5393
chr16	75954982	76154982	harbor2	chr16	75961154	75961797	LINE/L2	602	+	322	75961476	6494
chr16	75954982	76154982	harbor2	chr16	76007044	76007355	LINE/L2	704	+	156	76007200	52218
chr16	75954982	76154982	harbor2	chr16	76007700	76008281	LINE/L2	704	+	290	76007990	53008
chr16	70756256	70956256	harbor2	chr16	70770008	70770413	LINE/L2	465	+	202	70770210	13954
chr16	70756256	70956256	harbor2	chr16	70826919	70827118	LINE/L2	607	+	100	70827019	70763
chr16	80277714	80477714	harbor2	chr16	80309245	80310139	LINE/L2	494	+	447	80309692	31978
chr16	80277714	80477714	harbor2	chr16	80360705	80360859	LINE/L2	422	+	77	80360782	83068
chr16	80277714	80477714	harbor2	chr16	80371421	80371845	LINE/L2	579	+	212	80371633	93919
chr16	86563655	86763655	harbor2	chr16	86593160	86593319	LINE/L2	426	+	80	86593240	29585
chr16	86563655	86763655	harbor2	chr16	86646741	86647173	LINE/L2	576	+	216	86646957	83302
chr16	69563004	69763004	harbor2	chr16	69611866	69611976	LINE/L2	467	+	55	69611921	48917
chr16	69563004	69763004	harbor2	chr16	69612977	69613503	LINE/L2	730	+	263	69613240	50236
chr16	6116683	6316683	harbor2	chr16	6133461	6133897	LINE/L2	482	+	218	6133679	16996
chr16	6116683	6316683	harbor2	chr16	6147669	6148022	LINE/L2	549	+	176	6147845	31162
chr16	6116683	6316683	harbor2	chr16	6185146	6185374	LINE/L2	531	+	114	6185260	68577
chr16	6116683	6316683	harbor2	chr16	6206163	6206589	LINE/L2	558	+	213	6206376	89693
chr16	84868900	85068900	harbor2	chr16	84888605	84889040	LINE/L2	880	+	218	84888823	19923
chr16	84868900	85068900	harbor2	chr16	84898254	84898777	LINE/L2	424	+	262	84898516	29616
chr16	75930159	76130159	harbor2	chr16	75959949	75960802	LINE/L2	602	+	426	75960375	30216
chr16	75930159	76130159	harbor2	chr16	75961154	75961797	LINE/L2	602	+	322	75961476	31317
chr16	75930159	76130159	harbor2	chr16	76007044	76007355	LINE/L2	704	+	156	76007200	77041
chr16	75930159	76130159	harbor2	chr16	76007700	76008281	LINE/L2	704	+	290	76007990	77831
chr16	79288218	79488218	harbor2	chr16	79331739	79332116	LINE/L2	678	+	188	79331927	43709
chr16	79288218	79488218	harbor2	chr16	79368575	79369100	LINE/L2	1030	+	262	79368837	80619
chr16	79288218	79488218	harbor2	chr16	79371450	79371709	LINE/L2	468	+	130	79371580	83362
chr16	65738546	65938546	harbor2	chr16	65751819	65752198	LINE/L2	493	+	190	65752009	13463
chr16	51333094	51533094	harbor2	chr16	51403609	51403954	LINE/L2	432	+	172	51403781	70687
chr16	77095281	77295281	harbor2	chr16	77151235	77151661	LINE/L2	457	+	213	77151448	56167
chr16	64027681	64227681	harbor2	chr16	64119639	64119823	LINE/L2	612	+	92	64119731	92050
chr16	69755848	69955848	harbor2	chr16	69765963	69766745	LINE/L2	2221	+	391	69766354	10506
chr16	69755848	69955848	harbor2	chr16	69774161	69774264	LINE/L2	476	+	52	69774213	18365
chr16	69755848	69955848	harbor2	chr16	69774557	69774677	LINE/L2	476	+	60	69774617	18769
chr16	69755848	69955848	harbor2	chr16	69776379	69776480	LINE/L2	447	+	50	69776429	20581
chr16	69755848	69955848	harbor2	chr16	69787649	69788080	LINE/L2	1175	+	216	69787865	32017
chr16	69755848	69955848	harbor2	chr16	69788335	69788863	LINE/L2	1175	+	264	69788599	32751
chr16	69755848	69955848	harbor2	chr16	69818527	69819505	LINE/L2	1475	+	489	69819016	63168
chr16	69755848	69955848	harbor2	chr16	69820626	69820809	LINE/L2	453	+	92	69820718	64870
chr16	69755848	69955848	harbor2	chr16	69833974	69834520	LINE/L2	1022	+	273	69834247	78399
chr16	69755848	69955848	harbor2	chr16	69834828	69834985	LINE/L2	1009	+	78	69834906	79058
chr16	72170467	72370467	harbor2	chr16	72183751	72184422	LINE/L2	439	+	336	72184087	13620
chr16	72170467	72370467	harbor2	chr16	72185324	72185775	LINE/L2	549	+	226	72185550	15083
chr16	72170467	72370467	harbor2	chr16	72228307	72228658	LINE/L2	514	+	176	72228483	58016
chr16	72170467	72370467	harbor2	chr16	72230396	72230865	LINE/L2	999	+	234	72230630	60163
chr16	71109605	71309605	harbor2	chr16	71164877	71165644	LINE/L2	792	+	384	71165261	55656
chr16	71109605	71309605	harbor2	chr16	71167858	71168035	LINE/L2	660	+	88	71167946	58341
chr16	71109605	71309605	harbor2	chr16	71168340	71168435	LINE/L2	660	+	48	71168388	58783
chr16	71109605	71309605	harbor2	chr16	71171011	71171520	LINE/L2	883	+	254	71171265	61660
chr16	71109605	71309605	harbor2	chr16	71192204	71192429	LINE/L2	458	+	112	71192316	82711
chr16	71109605	71309605	harbor2	chr16	71192562	71192861	LINE/L2	711	+	150	71192712	83107
chr16	71109605	71309605	harbor2	chr16	71192889	71193214	LINE/L2	470	+	162	71193051	83446
chr16	71109605	71309605	harbor2	chr16	71200978	71201307	LINE/L2	625	+	164	71201142	91537
chr16	74100956	74300956	harbor2	chr16	74152346	74152716	LINE/L2	441	+	185	74152531	51575
chr16	74100956	74300956	harbor2	chr16	74155728	74156089	LINE/L2	548	+	180	74155908	54952
chr16	74100956	74300956	harbor2	chr16	74182844	74183094	LINE/L2	534	+	125	74182969	82013
chr16	82692956	82892956	harbor2	chr16	82700981	82701325	LINE/L2	416	+	172	82701153	8197
chr16	82692956	82892956	harbor2	chr16	82741269	82741629	LINE/L2	614	+	180	82741449	48493
chr16	82692956	82892956	harbor2	chr16	82763079	82763486	LINE/L2	949	+	204	82763283	70327
chr16	50372999	50572999	harbor2	chr16	50380214	50380582	LINE/L2	586	+	184	50380398	7399
chr16	50372999	50572999	harbor2	chr16	50380869	50381067	LINE/L2	586	+	99	50380968	7969
chr16	25527793	25727793	harbor2	chr16	25615280	25615439	LINE/L2	454	+	80	25615360	87567
chr16	25527793	25727793	harbor2	chr16	25621574	25621622	LINE/L2	630	+	24	25621598	93805
chr16	25527793	25727793	harbor2	chr16	25621928	25622323	LINE/L2	630	+	198	25622126	94333
chr16	66843872	67043872	harbor2	chr16	66919186	66919487	LINE/L2	579	+	150	66919336	75464
chr16	23718324	23918324	harbor2	chr16	23746133	23746364	LINE/L2	718	+	116	23746249	27925
chr16	23718324	23918324	harbor2	chr16	23746934	23747342	LINE/L2	1188	+	204	23747138	28814
chr16	82708028	82908028	harbor2	chr16	82741269	82741629	LINE/L2	614	+	180	82741449	33421
chr16	82708028	82908028	harbor2	chr16	82763079	82763486	LINE/L2	949	+	204	82763283	55255
chr16	46560948	46760948	harbor2	chr16	46613379	46613853	LINE/L2	419	+	237	46613616	52668
chr16	46560948	46760948	harbor2	chr16	46636746	46637206	LINE/L2	790	+	230	46636976	76028
chr16	46560948	46760948	harbor2	chr16	46637948	46638239	LINE/L2	748	+	146	46638094	77146
chr16	79818624	80018624	harbor2	chr16	79830834	79831012	LINE/L2	585	+	89	79830923	12299
chr16	85229595	85429595	harbor2	chr16	85287381	85287930	LINE/L2	1296	+	274	85287655	58060
chr16	85229595	85429595	harbor2	chr16	85320758	85321221	LINE/L2	719	+	232	85320990	91395
chr16	52888577	53088577	harbor2	chr16	52930568	52930697	LINE/L2	428	+	64	52930632	42055
chr16	85121673	85321673	harbor2	chr16	85126532	85126633	LINE/L2	436	+	50	85126582	4909
chr16	85121673	85321673	harbor2	chr16	85134287	85134610	LINE/L2	614	+	162	85134449	12776
chr16	6696030	6896030	harbor2	chr16	6711055	6711395	LINE/L2	581	+	170	6711225	15195
chr16	6696030	6896030	harbor2	chr16	6711735	6712140	LINE/L2	581	+	202	6711937	15907
chr16	71122421	71322421	harbor2	chr16	71164877	71165644	LINE/L2	792	+	384	71165261	42840
chr16	71122421	71322421	harbor2	chr16	71167858	71168035	LINE/L2	660	+	88	71167946	45525
chr16	71122421	71322421	harbor2	chr16	71168340	71168435	LINE/L2	660	+	48	71168388	45967
chr16	71122421	71322421	harbor2	chr16	71171011	71171520	LINE/L2	883	+	254	71171265	48844
chr16	71122421	71322421	harbor2	chr16	71192204	71192429	LINE/L2	458	+	112	71192316	69895
chr16	71122421	71322421	harbor2	chr16	71192562	71192861	LINE/L2	711	+	150	71192712	70291
chr16	71122421	71322421	harbor2	chr16	71192889	71193214	LINE/L2	470	+	162	71193051	70630
chr16	71122421	71322421	harbor2	chr16	71200978	71201307	LINE/L2	625	+	164	71201142	78721
chr16	71866736	72066736	harbor2	chr16	71915292	71915517	LINE/L2	667	+	112	71915404	48668
chr16	71866736	72066736	harbor2	chr16	71918960	71919393	LINE/L2	725	+	216	71919176	52440
chr16	71866736	72066736	harbor2	chr16	71919692	71919762	LINE/L2	469	+	35	71919727	52991
chr16	77385178	77585178	harbor2	chr16	77392165	77392729	LINE/L2	943	+	282	77392447	7269
chr16	77385178	77585178	harbor2	chr16	77441539	77441912	LINE/L2	543	+	186	77441725	56547
chr16	77385178	77585178	harbor2	chr16	77478218	77478558	LINE/L2	539	+	170	77478388	93210
chr16	86341082	86541082	harbor2	chr16	86345433	86345869	LINE/L2	511	+	218	86345651	4569
chr16	79041513	79241513	harbor2	chr16	79096168	79096805	LINE/L2	498	+	318	79096486	54973
chr16	89875520	90075520	harbor2	chr16	89944816	89945268	LINE/L2	495	+	226	89945042	69522
chr16	61391965	61591965	harbor2	chr16	61404813	61405367	LINE/L2	698	+	277	61405090	13125
chr16	61391965	61591965	harbor2	chr16	61432204	61432461	LINE/L2	424	+	128	61432332	40367
chr16	85065400	85265400	harbor2	chr16	85126532	85126633	LINE/L2	436	+	50	85126582	61182
chr16	85065400	85265400	harbor2	chr16	85134287	85134610	LINE/L2	614	+	162	85134449	69049
chr16	75865568	76065568	harbor2	chr16	75959949	75960802	LINE/L2	602	+	426	75960375	94807
chr16	75865568	76065568	harbor2	chr16	75961154	75961797	LINE/L2	602	+	322	75961476	95908
chr16	46406922	46606922	harbor2	chr16	46458102	46458445	LINE/L2	430	+	172	46458274	51352
chr16	46406922	46606922	harbor2	chr16	46498645	46498791	LINE/L2	430	+	73	46498718	91796
chr16	66890862	67090862	harbor2	chr16	66919186	66919487	LINE/L2	579	+	150	66919336	28474
chr16	8437037	8637037	harbor2	chr16	8464678	8464943	LINE/L2	414	+	132	8464810	27773
chr16	8437037	8637037	harbor2	chr16	8478171	8478430	LINE/L2	797	+	130	8478301	41264
chr16	8437037	8637037	harbor2	chr16	8491667	8491859	LINE/L2	558	+	96	8491763	54726
chr16	48371303	48571303	harbor2	chr16	48372916	48374301	LINE/L2	1746	+	692	48373608	2305
chr16	48371303	48571303	harbor2	chr16	48434441	48434828	LINE/L2	426	+	194	48434635	63332
chr16	53519992	53719992	harbor2	chr16	53523009	53524117	LINE/L2	963	+	554	53523563	3571
chr16	75088438	75288438	harbor2	chr16	75140435	75140654	LINE/L2	583	+	110	75140545	52107
chr16	52878735	53078735	harbor2	chr16	52881499	52881850	LINE/L2	943	+	176	52881675	2940
chr16	52878735	53078735	harbor2	chr16	52882028	52882105	LINE/L2	943	+	38	52882066	3331
chr16	52878735	53078735	harbor2	chr16	52930568	52930697	LINE/L2	428	+	64	52930632	51897
chr16	27297383	27497383	harbor2	chr16	27304092	27304173	LINE/L2	431	+	40	27304132	6749
chr16	27297383	27497383	harbor2	chr16	27325854	27326246	LINE/L2	872	+	196	27326050	28667
chr16	27297383	27497383	harbor2	chr16	27357826	27357883	LINE/L2	523	+	28	27357854	60471
chr16	27297383	27497383	harbor2	chr16	27358194	27358355	LINE/L2	523	+	80	27358274	60891
chr16	27297383	27497383	harbor2	chr16	27373664	27373839	LINE/L2	580	+	88	27373752	76369
chr16	27297383	27497383	harbor2	chr16	27379944	27380081	LINE/L2	465	+	68	27380012	82629
chr16	27297383	27497383	harbor2	chr16	27311933	27312207	LINE/L2	466	+	137	27312070	14687
chr16	21024074	21224074	harbor2	chr16	21117484	21117847	LINE/L2	506	+	182	21117666	93592
chr16	79162423	79362423	harbor2	chr16	79213911	79214344	LINE/L2	819	+	216	79214127	51704
chr16	53287027	53487027	harbor2	chr16	53340042	53340365	LINE/L2	788	+	162	53340204	53177
chr16	81738226	81938226	harbor2	chr16	81766398	81766465	LINE/L2	488	+	34	81766432	28206
chr16	81738226	81938226	harbor2	chr16	81766515	81766777	LINE/L2	488	+	131	81766646	28420
chr16	81738226	81938226	harbor2	chr16	81826022	81826228	LINE/L2	460	+	103	81826125	87899
chr16	81738226	81938226	harbor2	chr16	81830968	81831346	LINE/L2	899	+	189	81831157	92931
chr16	78412161	78612161	harbor2	chr16	78490971	78491400	LINE/L2	426	+	214	78491185	79024
chr16	81402142	81602142	harbor2	chr16	81404540	81404812	LINE/L2	571	+	136	81404676	2534
chr16	81402142	81602142	harbor2	chr16	81409804	81409983	LINE/L2	429	+	90	81409894	7752
chr16	87087078	87287078	harbor2	chr16	87139078	87139534	LINE/L2	604	+	228	87139306	52228
chr16	87087078	87287078	harbor2	chr16	87170384	87170952	LINE/L2	1122	+	284	87170668	83590
chr16	73948379	74148379	harbor2	chr16	73994350	73995170	LINE/L2	481	+	410	73994760	46381
chr16	68412446	68612446	harbor2	chr16	68455701	68456259	LINE/L2	889	+	279	68455980	43534
chr16	68412446	68612446	harbor2	chr16	68461106	68461240	LINE/L2	666	+	67	68461173	48727
chr16	68412446	68612446	harbor2	chr16	68467047	68467497	LINE/L2	481	+	225	68467272	54826
chr16	73688791	73888791	harbor2	chr16	73774881	73775106	LINE/L2	415	+	112	73774993	86202
chr16	62980467	63180467	harbor2	chr16	63034041	63034490	LINE/L2	531	+	224	63034265	53798
chr16	76655957	76855957	harbor2	chr16	76725656	76726490	LINE/L2	1120	+	417	76726073	70116
chr16	83180032	83380032	harbor2	chr16	83274900	83275160	LINE/L2	464	+	130	83275030	94998
chr16	23273193	23473193	harbor2	chr16	23291992	23292181	LINE/L2	807	+	94	23292086	18893
chr16	23273193	23473193	harbor2	chr16	23292804	23292836	LINE/L2	807	+	16	23292820	19627
chr16	23273193	23473193	harbor2	chr16	23293143	23293167	LINE/L2	807	+	12	23293155	19962
chr16	23273193	23473193	harbor2	chr16	23293996	23294077	LINE/L2	807	+	40	23294036	20843
chr16	23273193	23473193	harbor2	chr16	23294411	23294711	LINE/L2	1450	+	150	23294561	21368
chr16	23273193	23473193	harbor2	chr16	23295015	23295190	LINE/L2	1450	+	88	23295103	21910
chr16	23273193	23473193	harbor2	chr16	23334975	23335158	LINE/L2	452	+	92	23335067	61874
chr16	23273193	23473193	harbor2	chr16	23352113	23352243	LINE/L2	614	+	65	23352178	78985
chr16	23273193	23473193	harbor2	chr16	23362922	23363205	LINE/L2	462	+	142	23363064	89871
chr16	71515898	71715898	harbor2	chr16	71521463	71522623	LINE/L2	2054	+	580	71522043	6145
chr16	71515898	71715898	harbor2	chr16	71546400	71547459	LINE/L2	1042	+	530	71546930	31032
chr16	71515898	71715898	harbor2	chr16	71547562	71547991	LINE/L2	500	+	214	71547776	31878
chr16	71515898	71715898	harbor2	chr16	71549162	71549354	LINE/L2	640	+	96	71549258	33360
chr17	64733458	64933458	harbor2	chr17	64791461	64791749	LINE/L2	516	+	144	64791605	58147
chr17	64733458	64933458	harbor2	chr17	64801090	64801494	LINE/L2	2443	+	202	64801292	67834
chr17	64733458	64933458	harbor2	chr17	64801793	64803029	LINE/L2	2443	+	618	64802411	68953
chr17	75354192	75554192	harbor2	chr17	75355128	75355418	LINE/L2	784	+	145	75355273	1081
chr17	62727831	62927831	harbor2	chr17	62799153	62799465	LINE/L2	955	+	156	62799309	71478
chr17	62727831	62927831	harbor2	chr17	62799771	62800193	LINE/L2	955	+	211	62799982	72151
chr17	37304798	37504798	harbor2	chr17	37385010	37385183	LINE/L2	541	+	86	37385096	80298
chr17	75135961	75335961	harbor2	chr17	75183966	75184792	LINE/L2	896	+	413	75184379	48418
chr17	77620535	77820535	harbor2	chr17	77701094	77701361	LINE/L2	795	+	134	77701228	80693
chr17	51588346	51788346	harbor2	chr17	51587849	51588393	LINE/L2	810	+	272	51588121	225
chr17	51588346	51788346	harbor2	chr17	51644434	51644800	LINE/L2	1495	+	183	51644617	56271
chr17	51588346	51788346	harbor2	chr17	51645096	51645314	LINE/L2	1495	+	109	51645205	56859
chr17	51588346	51788346	harbor2	chr17	51686672	51687170	LINE/L2	605	+	249	51686921	98575
chr17	51588346	51788346	harbor2	chr17	51687349	51687488	LINE/L2	613	+	70	51687419	99073
chr17	51588346	51788346	harbor2	chr17	51687514	51687525	LINE/L2	613	+	6	51687520	99174
chr17	39469413	39669413	harbor2	chr17	39567268	39567541	LINE/L2	513	+	136	39567404	97991
chr17	32320889	32520889	harbor2	chr17	32340132	32340313	LINE/L2	682	+	90	32340222	19333
chr17	77103472	77303472	harbor2	chr17	77192210	77192456	LINE/L2	851	+	123	77192333	88861
chr17	80866588	81066588	harbor2	chr17	80895235	80895569	LINE/L2	519	+	167	80895402	28814
chr17	80750530	80950530	harbor2	chr17	80845194	80846343	LINE/L2	554	+	574	80845768	95238
chr17	73638169	73838169	harbor2	chr17	73651073	73651272	LINE/L2	509	+	100	73651173	13004
chr17	73638169	73838169	harbor2	chr17	73656282	73656576	LINE/L2	538	+	147	73656429	18260
chr17	73638169	73838169	harbor2	chr17	73656873	73656930	LINE/L2	538	+	28	73656901	18732
chr17	73638169	73838169	harbor2	chr17	73679156	73679495	LINE/L2	638	+	170	73679326	41157
chr17	69570299	69770299	harbor2	chr17	69653134	69653812	LINE/L2	879	+	339	69653473	83174
chr17	74733557	74933557	harbor2	chr17	74781836	74782107	LINE/L2	566	+	136	74781972	48415
chr17	74733557	74933557	harbor2	chr17	74782368	74782517	LINE/L2	566	+	74	74782442	48885
chr17	43326201	43526201	harbor2	chr17	43417072	43417452	LINE/L2	919	+	190	43417262	91061
chr17	79630539	79830539	harbor2	chr17	79644940	79645566	LINE/L2	931	+	313	79645253	14714
chr17	80793881	80993881	harbor2	chr17	80845194	80846343	LINE/L2	554	+	574	80845768	51887
chr17	79333994	79533994	harbor2	chr17	79423047	79423511	LINE/L2	696	+	232	79423279	89285
chr17	59228891	59428891	harbor2	chr17	59299398	59299652	LINE/L2	936	+	127	59299525	70634
chr17	79351217	79551217	harbor2	chr17	79423047	79423511	LINE/L2	696	+	232	79423279	72062
chr17	66938402	67138402	harbor2	chr17	67034219	67034821	LINE/L2	653	+	301	67034520	96118
chr17	66938402	67138402	harbor2	chr17	67035306	67035367	LINE/L2	653	+	30	67035336	96934
chr17	66938402	67138402	harbor2	chr17	67035729	67036075	LINE/L2	653	+	173	67035902	97500
chr17	66938402	67138402	harbor2	chr17	67036380	67036862	LINE/L2	653	+	241	67036621	98219
chr17	73828804	74028804	harbor2	chr17	73829614	73829940	LINE/L2	638	+	163	73829777	973
chr17	73828804	74028804	harbor2	chr17	73899784	73900381	LINE/L2	634	+	298	73900082	71278
chr17	70979984	71179984	harbor2	chr17	71019914	71020878	LINE/L2	2696	+	482	71020396	40412
chr17	70979984	71179984	harbor2	chr17	71021337	71022417	LINE/L2	2696	+	540	71021877	41893
chr17	70979984	71179984	harbor2	chr17	71022728	71023240	LINE/L2	2696	+	256	71022984	43000
chr17	71356408	71556408	harbor2	chr17	71360399	71361083	LINE/L2	979	+	342	71360741	4333
chr17	44309104	44509104	harbor2	chr17	44317695	44317852	LINE/L2	679	+	78	44317773	8669
chr17	44309104	44509104	harbor2	chr17	44368456	44368639	LINE/L2	1200	+	92	44368548	59444
chr17	44309104	44509104	harbor2	chr17	44370210	44370224	LINE/L2	1200	+	7	44370217	61113
chr17	44309104	44509104	harbor2	chr17	44370873	44370889	LINE/L2	1200	+	8	44370881	61777
chr17	44309104	44509104	harbor2	chr17	44382677	44383420	LINE/L2	706	+	372	44383049	73945
chr17	44309104	44509104	harbor2	chr17	44367778	44368090	LINE/L2	1200	+	156	44367934	58830
chr17	74137052	74337052	harbor2	chr17	74148717	74149058	LINE/L2	955	+	170	74148887	11835
chr17	74137052	74337052	harbor2	chr17	74159598	74159865	LINE/L2	558	+	134	74159732	22680
chr17	74137052	74337052	harbor2	chr17	74163648	74164884	LINE/L2	1600	+	618	74164266	27214
chr17	53511252	53711252	harbor2	chr17	53511494	53511646	LINE/L2	542	+	76	53511570	318
chr17	53511252	53711252	harbor2	chr17	53513069	53513351	LINE/L2	634	+	141	53513210	1958
chr17	45855500	46055500	harbor2	chr17	45928207	45928547	LINE/L2	543	+	170	45928377	72877
chr17	45570687	45770687	harbor2	chr17	45613580	45614019	LINE/L2	799	+	220	45613800	43113
chr17	45570687	45770687	harbor2	chr17	45651085	45651465	LINE/L2	511	+	190	45651275	80588
chr17	63685707	63885707	harbor2	chr17	63718574	63719051	LINE/L2	502	+	238	63718812	33105
chr17	52958646	53158646	harbor2	chr17	53035271	53035766	LINE/L2	772	+	248	53035519	76873
chr17	73944461	74144461	harbor2	chr17	73949344	73949588	LINE/L2	674	+	122	73949466	5005
chr17	35723883	35923883	harbor2	chr17	35806483	35806890	LINE/L2	573	+	204	35806687	82804
chr17	35723883	35923883	harbor2	chr17	35807962	35808453	LINE/L2	677	+	246	35808208	84325
chr17	56826994	57026994	harbor2	chr17	56880354	56880713	LINE/L2	863	+	180	56880534	53540
chr17	45308827	45508827	harbor2	chr17	45334052	45334216	LINE/L2	499	+	82	45334134	25307
chr17	45308827	45508827	harbor2	chr17	45375513	45375671	LINE/L2	757	+	79	45375592	66765
chr17	45308827	45508827	harbor2	chr17	45377574	45378152	LINE/L2	639	+	289	45377863	69036
chr17	74216489	74416489	harbor2	chr17	74251462	74251923	LINE/L2	539	+	230	74251692	35203
chr17	73842588	74042588	harbor2	chr17	73899784	73900381	LINE/L2	634	+	298	73900082	57494
chr17	79347960	79547960	harbor2	chr17	79423047	79423511	LINE/L2	696	+	232	79423279	75319
chr17	78462222	78662222	harbor2	chr17	78558837	78560236	LINE/L2	1903	+	700	78559537	97315
chr17	73735688	73935688	harbor2	chr17	73829614	73829940	LINE/L2	638	+	163	73829777	94089
chr17	73735688	73935688	harbor2	chr17	73777125	73777694	LINE/L2	841	+	284	73777409	41721
chr17	64581505	64781505	harbor2	chr17	64610764	64611169	LINE/L2	552	+	202	64610966	29461
chr17	64581505	64781505	harbor2	chr17	64611234	64612291	LINE/L2	552	+	528	64611762	30257
chr17	70347428	70547428	harbor2	chr17	70351427	70351766	LINE/L2	615	+	170	70351597	4169
chr17	70347428	70547428	harbor2	chr17	70352562	70352612	LINE/L2	615	+	25	70352587	5159
chr17	70347428	70547428	harbor2	chr17	70365182	70365951	LINE/L2	1019	+	384	70365566	18138
chr17	38973015	39173015	harbor2	chr17	39001813	39002365	LINE/L2	804	+	276	39002089	29074
chr17	38973015	39173015	harbor2	chr17	39002984	39003755	LINE/L2	564	+	386	39003370	30355
chr17	38973015	39173015	harbor2	chr17	39004067	39004229	LINE/L2	564	+	81	39004148	31133
chr17	51922007	52122007	harbor2	chr17	51950064	51950284	LINE/L2	778	+	110	51950174	28167
chr17	51922007	52122007	harbor2	chr17	51950782	51950938	LINE/L2	778	+	78	51950860	28853
chr17	70362518	70562518	harbor2	chr17	70365182	70365951	LINE/L2	1019	+	384	70365566	3048
chr17	51248948	51448948	harbor2	chr17	51273805	51274301	LINE/L2	722	+	248	51274053	25105
chr17	81123912	81323912	harbor2	chr17	81184267	81184615	LINE/L2	626	+	174	81184441	60529
chr17	49439195	49639195	harbor2	chr17	49471387	49472138	LINE/L2	1194	+	376	49471763	32568
chr17	59512034	59712034	harbor2	chr17	59511943	59512121	LINE/L2	582	+	89	59512032	2
chr17	59512034	59712034	harbor2	chr17	59538021	59538311	LINE/L2	538	+	145	59538166	26132
chr17	59512034	59712034	harbor2	chr17	59542145	59542357	LINE/L2	695	+	106	59542251	30217
chr17	59512034	59712034	harbor2	chr17	59608132	59608319	LINE/L2	564	+	94	59608226	96192
chr17	67681893	67881893	harbor2	chr17	67712195	67712704	LINE/L2	826	+	254	67712449	30556
chr17	69627362	69827362	harbor2	chr17	69653134	69653812	LINE/L2	879	+	339	69653473	26111
chr17	73773488	73973488	harbor2	chr17	73829614	73829940	LINE/L2	638	+	163	73829777	56289
chr17	73773488	73973488	harbor2	chr17	73777125	73777694	LINE/L2	841	+	284	73777409	3921
chr17	72760985	72960985	harbor2	chr17	72844317	72844386	LINE/L2	2473	+	34	72844351	83366
chr17	72760985	72960985	harbor2	chr17	72844695	72845724	LINE/L2	2473	+	514	72845209	84224
chr17	40643156	40843156	harbor2	chr17	40650000	40650166	LINE/L2	567	+	83	40650083	6927
chr17	40643156	40843156	harbor2	chr17	40650474	40650562	LINE/L2	567	+	44	40650518	7362
chr17	40643156	40843156	harbor2	chr17	40722994	40723346	LINE/L2	1168	+	176	40723170	80014
chr17	40643156	40843156	harbor2	chr17	40723647	40724295	LINE/L2	1264	+	324	40723971	80815
chr17	37316079	37516079	harbor2	chr17	37385010	37385183	LINE/L2	541	+	86	37385096	69017
chr17	37316079	37516079	harbor2	chr17	37404878	37405423	LINE/L2	999	+	272	37405150	89071
chr17	16095547	16295547	harbor2	chr17	16103085	16103733	LINE/L2	591	+	324	16103409	7862
chr17	16095547	16295547	harbor2	chr17	16133622	16134142	LINE/L2	1640	+	260	16133882	38335
chr17	75589279	75789279	harbor2	chr17	75648049	75648345	LINE/L2	528	+	148	75648197	58918
chr17	53405240	53605240	harbor2	chr17	53479278	53480335	LINE/L2	1073	+	528	53479806	74566
chr17	53405240	53605240	harbor2	chr17	53501203	53501690	LINE/L2	686	+	244	53501447	96207
chr17	69162284	69362284	harbor2	chr17	69186666	69186969	LINE/L2	666	+	152	69186818	24534
chr17	69162284	69362284	harbor2	chr17	69197471	69198113	LINE/L2	763	+	321	69197792	35508
chr17	69162284	69362284	harbor2	chr17	69241016	69241888	LINE/L2	1316	+	436	69241452	79168
chr17	50103877	50303877	harbor2	chr17	50114558	50114766	LINE/L2	693	+	104	50114662	10785
chr17	50103877	50303877	harbor2	chr17	50119779	50120020	LINE/L2	807	+	120	50119899	16022
chr17	50103877	50303877	harbor2	chr17	50120412	50121089	LINE/L2	1571	+	338	50120750	16873
chr17	50103877	50303877	harbor2	chr17	50122425	50122677	LINE/L2	745	+	126	50122551	18674
chr17	50103877	50303877	harbor2	chr17	50136987	50137262	LINE/L2	507	+	138	50137125	33248
chr17	48024005	48224005	harbor2	chr17	48112304	48112423	LINE/L2	672	+	60	48112364	88359
chr17	70069375	70269375	harbor2	chr17	70102649	70102923	LINE/L2	645	+	137	70102786	33411
chr17	70069375	70269375	harbor2	chr17	70103468	70103884	LINE/L2	1076	+	208	70103676	34301
chr17	68893890	69093890	harbor2	chr17	68993760	68993882	LINE/L2	1904	+	61	68993821	99931
chr17	42457674	42657674	harbor2	chr17	42550670	42551173	LINE/L2	1102	+	252	42550922	93248
chr17	42457674	42657674	harbor2	chr17	42556914	42557404	LINE/L2	1078	+	245	42557159	99485
chr17	29255173	29455173	harbor2	chr17	29309249	29309545	LINE/L2	499	+	148	29309397	54224
chr17	29255173	29455173	harbor2	chr17	29310101	29310302	LINE/L2	733	+	100	29310201	55028
chr17	29255173	29455173	harbor2	chr17	29310614	29310903	LINE/L2	733	+	144	29310758	55585
chr17	40950820	41150820	harbor2	chr17	40965444	40965567	LINE/L2	549	+	62	40965506	14686
chr17	40950820	41150820	harbor2	chr17	41003045	41003412	LINE/L2	528	+	184	41003229	52409
chr17	71892499	72092499	harbor2	chr17	71909782	71910188	LINE/L2	608	+	203	71909985	17486
chr17	71680333	71880333	harbor2	chr17	71683438	71684497	LINE/L2	1454	+	530	71683968	3635
chr17	71680333	71880333	harbor2	chr17	71685746	71686073	LINE/L2	716	+	164	71685910	5577
chr17	71680333	71880333	harbor2	chr17	71732379	71732628	LINE/L2	858	+	124	71732503	52170
chr17	59131980	59331980	harbor2	chr17	59145393	59145605	LINE/L2	511	+	106	59145499	13519
chr17	27938244	28138244	harbor2	chr17	27969826	27970478	LINE/L2	1043	+	326	27970152	31908
chr17	27938244	28138244	harbor2	chr17	28016595	28016743	LINE/L2	504	+	74	28016669	78425
chr17	52647184	52847184	harbor2	chr17	52696554	52696935	LINE/L2	595	+	190	52696744	49560
chr17	72791413	72991413	harbor2	chr17	72844317	72844386	LINE/L2	2473	+	34	72844351	52938
chr17	72791413	72991413	harbor2	chr17	72844695	72845724	LINE/L2	2473	+	514	72845209	53796
chr17	72791413	72991413	harbor2	chr17	72878404	72878654	LINE/L2	668	+	125	72878529	87116
chr17	72791413	72991413	harbor2	chr17	72879480	72879588	LINE/L2	668	+	54	72879534	88121
chr17	72791413	72991413	harbor2	chr17	72885875	72886728	LINE/L2	1497	+	426	72886301	94888
chr17	72791413	72991413	harbor2	chr17	72886753	72887215	LINE/L2	623	+	231	72886984	95571
chr17	41608638	41808638	harbor2	chr17	41696758	41696978	LINE/L2	820	+	110	41696868	88230
chr17	50633840	50833840	harbor2	chr17	50665978	50666189	LINE/L2	833	+	106	50666084	32244
chr17	50633840	50833840	harbor2	chr17	50666482	50666774	LINE/L2	833	+	146	50666628	32788
chr17	50633840	50833840	harbor2	chr17	50680412	50680792	LINE/L2	991	+	190	50680602	46762
chr17	50633840	50833840	harbor2	chr17	50681088	50681818	LINE/L2	991	+	365	50681453	47613
chr17	50633840	50833840	harbor2	chr17	50682301	50682858	LINE/L2	950	+	278	50682579	48739
chr17	66967525	67167525	harbor2	chr17	67034219	67034821	LINE/L2	653	+	301	67034520	66995
chr17	66967525	67167525	harbor2	chr17	67035306	67035367	LINE/L2	653	+	30	67035336	67811
chr17	66967525	67167525	harbor2	chr17	67035729	67036075	LINE/L2	653	+	173	67035902	68377
chr17	66967525	67167525	harbor2	chr17	67036380	67036862	LINE/L2	653	+	241	67036621	69096
chr17	57862295	58062295	harbor2	chr17	57891012	57892037	LINE/L2	1323	+	512	57891524	29229
chr17	73364717	73564717	harbor2	chr17	73374195	73374471	LINE/L2	1044	+	138	73374333	9616
chr17	73364717	73564717	harbor2	chr17	73374768	73375230	LINE/L2	1044	+	231	73374999	10282
chr17	73364717	73564717	harbor2	chr17	73436626	73436718	LINE/L2	545	+	46	73436672	71955
chr17	73364717	73564717	harbor2	chr17	73436896	73437058	LINE/L2	545	+	81	73436977	72260
chr17	64363021	64563021	harbor2	chr17	64393658	64393978	LINE/L2	626	+	160	64393818	30797
chr17	64363021	64563021	harbor2	chr17	64394576	64394659	LINE/L2	626	+	42	64394618	31597
chr17	57321430	57521430	harbor2	chr17	57384697	57385345	LINE/L2	556	+	324	57385021	63591
chr17	65643697	65843697	harbor2	chr17	65707292	65707625	LINE/L2	721	+	166	65707458	63761
chr17	50302361	50502361	harbor2	chr17	50371852	50372222	LINE/L2	667	+	185	50372037	69676
chr17	75344412	75544412	harbor2	chr17	75355128	75355418	LINE/L2	784	+	145	75355273	10861
chr17	79421133	79621133	harbor2	chr17	79423047	79423511	LINE/L2	696	+	232	79423279	2146
chr17	79421133	79621133	harbor2	chr17	79462072	79462239	LINE/L2	538	+	84	79462156	41023
chr17	79421133	79621133	harbor2	chr17	79480310	79480984	LINE/L2	792	+	337	79480647	59514
chr17	79421133	79621133	harbor2	chr17	79483283	79483782	LINE/L2	719	+	250	79483533	62400
chr17	58492305	58692305	harbor2	chr17	58509890	58510478	LINE/L2	1847	+	294	58510184	17879
chr17	58492305	58692305	harbor2	chr17	58510890	58511121	LINE/L2	806	+	116	58511006	18701
chr17	58492305	58692305	harbor2	chr17	58550818	58551348	LINE/L2	609	+	265	58551083	58778
chr17	46143862	46343862	harbor2	chr17	46151210	46151690	LINE/L2	1101	+	240	46151450	7588
chr17	46143862	46343862	harbor2	chr17	46162488	46163270	LINE/L2	639	+	391	46162879	19017
chr17	51959180	52159180	harbor2	chr17	52049586	52049784	LINE/L2	1052	+	99	52049685	90505
chr17	51959180	52159180	harbor2	chr17	52050137	52050945	LINE/L2	1052	+	404	52050541	91361
chr17	61808713	62008713	harbor2	chr17	61871450	61871651	LINE/L2	543	+	100	61871550	62837
chr17	44686384	44886384	harbor2	chr17	44686659	44686863	LINE/L2	648	+	102	44686761	377
chr17	72820192	73020192	harbor2	chr17	72844317	72844386	LINE/L2	2473	+	34	72844351	24159
chr17	72820192	73020192	harbor2	chr17	72844695	72845724	LINE/L2	2473	+	514	72845209	25017
chr17	72820192	73020192	harbor2	chr17	72878404	72878654	LINE/L2	668	+	125	72878529	58337
chr17	72820192	73020192	harbor2	chr17	72879480	72879588	LINE/L2	668	+	54	72879534	59342
chr17	72820192	73020192	harbor2	chr17	72885875	72886728	LINE/L2	1497	+	426	72886301	66109
chr17	72820192	73020192	harbor2	chr17	72886753	72887215	LINE/L2	623	+	231	72886984	66792
chr17	49459931	49659931	harbor2	chr17	49471387	49472138	LINE/L2	1194	+	376	49471763	11832
chr17	79060569	79260569	harbor2	chr17	79120785	79122303	LINE/L2	2764	+	759	79121544	60975
chr17	79060569	79260569	harbor2	chr17	79153976	79154466	LINE/L2	552	+	245	79154221	93652
chr17	27603443	27803443	harbor2	chr17	27652513	27652872	LINE/L2	856	+	180	27652693	49250
chr17	60697132	60897132	harbor2	chr17	60777147	60777342	LINE/L2	805	+	98	60777245	80113
chr17	60697132	60897132	harbor2	chr17	60777650	60777869	LINE/L2	805	+	110	60777760	80628
chr17	63915538	64115538	harbor2	chr17	63975885	63976716	LINE/L2	938	+	416	63976301	60763
chr17	63915538	64115538	harbor2	chr17	63977024	63977198	LINE/L2	698	+	87	63977111	61573
chr17	63915538	64115538	harbor2	chr17	63977512	63977995	LINE/L2	698	+	242	63977754	62216
chr17	63915538	64115538	harbor2	chr17	63978305	63978823	LINE/L2	721	+	259	63978564	63026
chr17	28620592	28820592	harbor2	chr17	28663985	28664225	LINE/L2	2008	+	120	28664105	43513
chr17	28620592	28820592	harbor2	chr17	28664509	28665122	LINE/L2	2008	+	306	28664815	44223
chr18	66966485	67166485	harbor2	chr18	67032706	67033335	LINE/L2	808	+	314	67033020	66535
chr18	62249951	62449951	harbor2	chr18	62297630	62298149	LINE/L2	1196	+	260	62297890	47939
chr18	62249951	62449951	harbor2	chr18	62300269	62300408	LINE/L2	562	+	70	62300339	50388
chr18	62249951	62449951	harbor2	chr18	62337468	62337883	LINE/L2	547	+	208	62337676	87725
chr18	63193890	63393890	harbor2	chr18	63205259	63205413	LINE/L2	459	+	77	63205336	11446
chr18	63193890	63393890	harbor2	chr18	63228345	63228665	LINE/L2	969	+	160	63228505	34615
chr18	63193890	63393890	harbor2	chr18	63277151	63277346	LINE/L2	551	+	98	63277249	83359
chr18	63193890	63393890	harbor2	chr18	63288879	63288995	LINE/L2	440	+	58	63288937	95047
chr18	76133957	76333957	harbor2	chr18	76155334	76156514	LINE/L2	1639	+	590	76155924	21967
chr18	38721815	38921815	harbor2	chr18	38757097	38757475	LINE/L2	588	+	189	38757286	35471
chr18	61209030	61409030	harbor2	chr18	61232507	61232770	LINE/L2	422	+	132	61232639	23609
chr18	78738687	78938687	harbor2	chr18	78812496	78812628	LINE/L2	421	+	66	78812562	73875
chr18	62838927	63038927	harbor2	chr18	62856232	62856442	LINE/L2	839	+	105	62856337	17410
chr18	62838927	63038927	harbor2	chr18	62856733	62857106	LINE/L2	839	+	186	62856919	17992
chr18	62838927	63038927	harbor2	chr18	62857638	62857900	LINE/L2	551	+	131	62857769	18842
chr18	62838927	63038927	harbor2	chr18	62921413	62921655	LINE/L2	578	+	121	62921534	82607
chr18	61459745	61659745	harbor2	chr18	61491661	61492919	LINE/L2	933	+	629	61492290	32545
chr18	35912189	36112189	harbor2	chr18	35973081	35973595	LINE/L2	429	+	257	35973338	61149
chr18	35912189	36112189	harbor2	chr18	35973603	35973639	LINE/L2	479	+	18	35973621	61432
chr18	35912189	36112189	harbor2	chr18	35973893	35973954	LINE/L2	479	+	30	35973923	61734
chr18	35912189	36112189	harbor2	chr18	35973956	35974395	LINE/L2	629	+	220	35974176	61987
chr18	72462255	72662255	harbor2	chr18	72469015	72469273	LINE/L2	608	+	129	72469144	6889
chr18	72462255	72662255	harbor2	chr18	72473895	72474441	LINE/L2	617	+	273	72474168	11913
chr18	68176797	68376797	harbor2	chr18	68244912	68245029	LINE/L2	449	+	58	68244970	68173
chr18	68176797	68376797	harbor2	chr18	68263480	68263870	LINE/L2	1019	+	195	68263675	86878
chr18	68176797	68376797	harbor2	chr18	68264166	68264618	LINE/L2	662	+	226	68264392	87595
chr18	58692434	58892434	harbor2	chr18	58764916	58765330	LINE/L2	423	+	207	58765123	72689
chr18	63952609	64152609	harbor2	chr18	64018980	64019537	LINE/L2	516	+	278	64019258	66649
chr18	63952609	64152609	harbor2	chr18	64022369	64022741	LINE/L2	495	+	186	64022555	69946
chr18	70671600	70871600	harbor2	chr18	70702189	70702612	LINE/L2	465	+	212	70702401	30801
chr18	70671600	70871600	harbor2	chr18	70723983	70724265	LINE/L2	529	+	141	70724124	52524
chr18	77221540	77421540	harbor2	chr18	77246487	77247300	LINE/L2	832	+	406	77246893	25353
chr18	77221540	77421540	harbor2	chr18	77247703	77247851	LINE/L2	621	+	74	77247777	26237
chr18	43872668	44072668	harbor2	chr18	43881333	43881557	LINE/L2	445	+	112	43881445	8777
chr18	43872668	44072668	harbor2	chr18	43886950	43887374	LINE/L2	459	+	212	43887162	14494
chr18	43872668	44072668	harbor2	chr18	43911771	43912574	LINE/L2	724	+	402	43912173	39505
chr18	43872668	44072668	harbor2	chr18	43954453	43954977	LINE/L2	700	+	262	43954715	82047
chr18	71190502	71390502	harbor2	chr18	71222447	71222542	LINE/L2	1144	+	48	71222495	31993
chr18	71190502	71390502	harbor2	chr18	71222899	71223374	LINE/L2	1144	+	238	71223137	32635
chr18	48857021	49057021	harbor2	chr18	48882598	48882803	LINE/L2	415	+	102	48882700	25679
chr18	69492678	69692678	harbor2	chr18	69499624	69499965	LINE/L2	710	+	170	69499794	7116
chr18	69492678	69692678	harbor2	chr18	69500034	69500622	LINE/L2	525	+	294	69500328	7650
chr18	69492678	69692678	harbor2	chr18	69552593	69552834	LINE/L2	571	+	120	69552713	60035
chr18	69492678	69692678	harbor2	chr18	69556108	69556416	LINE/L2	469	+	154	69556262	63584
chr18	58317494	58517494	harbor2	chr18	58362595	58362752	LINE/L2	426	+	78	58362673	45179
chr19	34503634	34703634	harbor2	chr19	34591034	34592008	LINE/L2	900	+	487	34591521	87887
chr19	46561870	46761870	harbor2	chr19	46572106	46572275	LINE/L2	634	+	84	46572190	10320
chr19	46561870	46761870	harbor2	chr19	46606311	46606645	LINE/L2	688	+	167	46606478	44608
chr19	46561870	46761870	harbor2	chr19	46633195	46633499	LINE/L2	1033	+	152	46633347	71477
chr19	46561870	46761870	harbor2	chr19	46640740	46640989	LINE/L2	850	+	124	46640864	78994
chr19	46561870	46761870	harbor2	chr19	46642625	46642906	LINE/L2	973	+	140	46642765	80895
chr19	46561870	46761870	harbor2	chr19	46643191	46643244	LINE/L2	973	+	26	46643217	81347
chr19	46561870	46761870	harbor2	chr19	46643538	46643638	LINE/L2	973	+	50	46643588	81718
chr19	46561870	46761870	harbor2	chr19	46649998	46650127	LINE/L2	1242	+	64	46650062	88192
chr19	46561870	46761870	harbor2	chr19	46650712	46651032	LINE/L2	1242	+	160	46650872	89002
chr19	46561870	46761870	harbor2	chr19	46651381	46651542	LINE/L2	1242	+	80	46651461	89591
chr19	46561870	46761870	harbor2	chr19	46655093	46655329	LINE/L2	839	+	118	46655211	93341
chr19	46561870	46761870	harbor2	chr19	46655636	46655788	LINE/L2	839	+	76	46655712	93842
chr19	56771555	56971555	harbor2	chr19	56777317	56777547	LINE/L2	950	+	115	56777432	5877
chr19	56771555	56971555	harbor2	chr19	56777752	56778282	LINE/L2	1101	+	265	56778017	6462
chr19	48736803	48936803	harbor2	chr19	48816587	48816668	LINE/L2	695	+	40	48816627	79824
chr19	48736803	48936803	harbor2	chr19	48817479	48817740	LINE/L2	695	+	130	48817609	80806
chr19	31523344	31723344	harbor2	chr19	31559735	31560259	LINE/L2	696	+	262	31559997	36653
chr19	31523344	31723344	harbor2	chr19	31587571	31587864	LINE/L2	706	+	146	31587717	64373
chr19	50741324	50941324	harbor2	chr19	50755447	50755499	LINE/L2	1934	+	26	50755473	14149
chr19	50741324	50941324	harbor2	chr19	50755800	50756568	LINE/L2	1934	+	384	50756184	14860
chr19	50741324	50941324	harbor2	chr19	50756869	50756976	LINE/L2	944	+	54	50756923	15599
chr19	50741324	50941324	harbor2	chr19	50766375	50766440	LINE/L2	2097	+	32	50766407	25083
chr19	50741324	50941324	harbor2	chr19	50766554	50766612	LINE/L2	2097	+	29	50766583	25259
chr19	50741324	50941324	harbor2	chr19	50766904	50767649	LINE/L2	2097	+	372	50767276	25952
chr19	50741324	50941324	harbor2	chr19	50767943	50768050	LINE/L2	883	+	54	50767997	26673
chr19	50741324	50941324	harbor2	chr19	50768359	50768380	LINE/L2	883	+	10	50768369	27045
chr19	50741324	50941324	harbor2	chr19	50806085	50806467	LINE/L2	890	+	191	50806276	64952
chr19	50741324	50941324	harbor2	chr19	50806768	50806877	LINE/L2	890	+	54	50806822	65498
chr19	36843405	37043405	harbor2	chr19	36846114	36846276	LINE/L2	693	+	81	36846195	2790
chr19	36843405	37043405	harbor2	chr19	36846575	36846601	LINE/L2	693	+	13	36846588	3183
chr19	39881352	40081352	harbor2	chr19	39916263	39916601	LINE/L2	817	+	169	39916432	35080
chr19	39881352	40081352	harbor2	chr19	39918962	39918986	LINE/L2	723	+	12	39918974	37622
chr19	39881352	40081352	harbor2	chr19	39919264	39919484	LINE/L2	723	+	110	39919374	38022
chr19	46287890	46487890	harbor2	chr19	46290869	46291508	LINE/L2	1984	+	320	46291189	3299
chr19	46287890	46487890	harbor2	chr19	46307005	46307318	LINE/L2	661	+	156	46307161	19271
chr19	46287890	46487890	harbor2	chr19	46337682	46338011	LINE/L2	707	+	164	46337846	49956
chr19	47578098	47778098	harbor2	chr19	47650967	47651444	LINE/L2	669	+	238	47651205	73107
chr19	13175300	13375300	harbor2	chr19	13212833	13213638	LINE/L2	1480	+	402	13213235	37935
chr19	13175300	13375300	harbor2	chr19	13233092	13233341	LINE/L2	623	+	124	13233216	57916
chr19	13175300	13375300	harbor2	chr19	13233474	13233493	LINE/L2	623	+	10	13233484	58184
chr19	13175300	13375300	harbor2	chr19	13233791	13233968	LINE/L2	623	+	88	13233879	58579
chr19	49891845	50091845	harbor2	chr19	49985490	49985786	LINE/L2	665	+	148	49985638	93793
chr19	44267578	44467578	harbor2	chr19	44267681	44267812	LINE/L2	1128	+	66	44267747	169
chr19	58310378	58510378	harbor2	chr19	58324316	58324386	LINE/L2	782	+	35	58324351	13973
chr19	58310378	58510378	harbor2	chr19	58324599	58324874	LINE/L2	782	+	138	58324737	14359
chr19	58310378	58510378	harbor2	chr19	58325007	58325373	LINE/L2	782	+	183	58325190	14812
chr19	11219245	11419245	harbor2	chr19	11226895	11227211	LINE/L2	664	+	158	11227053	7808
chr19	11219245	11419245	harbor2	chr19	11264700	11264900	LINE/L2	743	+	100	11264800	45555
chr19	11219245	11419245	harbor2	chr19	11265200	11265392	LINE/L2	743	+	96	11265296	46051
chr19	11219245	11419245	harbor2	chr19	11266842	11266914	LINE/L2	708	+	36	11266878	47633
chr19	11219245	11419245	harbor2	chr19	11267209	11267429	LINE/L2	708	+	110	11267319	48074
chr19	11219245	11419245	harbor2	chr19	11267814	11267906	LINE/L2	708	+	46	11267860	48615
chr19	11219245	11419245	harbor2	chr19	11309335	11309804	LINE/L2	1246	+	234	11309569	90324
chr19	56725937	56925937	harbor2	chr19	56777317	56777547	LINE/L2	950	+	115	56777432	51495
chr19	56725937	56925937	harbor2	chr19	56777752	56778282	LINE/L2	1101	+	265	56778017	52080
chr19	55214824	55414824	harbor2	chr19	55277138	55277361	LINE/L2	837	+	112	55277250	62426
chr19	55214824	55414824	harbor2	chr19	55282446	55282695	LINE/L2	699	+	124	55282570	67746
chr19	52409424	52609424	harbor2	chr19	52455085	52455193	LINE/L2	674	+	54	52455139	45715
chr19	52409424	52609424	harbor2	chr19	52455495	52455745	LINE/L2	674	+	125	52455620	46196
chr19	55398315	55598315	harbor2	chr19	55441051	55441652	LINE/L2	873	+	300	55441351	43036
chr19	55398315	55598315	harbor2	chr19	55462351	55462659	LINE/L2	722	+	154	55462505	64190
chr19	55398315	55598315	harbor2	chr19	55462933	55463173	LINE/L2	722	+	120	55463053	64738
chr19	52344950	52544950	harbor2	chr19	52400825	52401296	LINE/L2	733	+	236	52401061	56111
chr19	56918896	57118896	harbor2	chr19	57009903	57010358	LINE/L2	805	+	228	57010131	91235
chr19	56918896	57118896	harbor2	chr19	57015168	57015604	LINE/L2	706	+	218	57015386	96490
chr19	48534724	48734724	harbor2	chr19	48541891	48542099	LINE/L2	653	+	104	48541995	7271
chr19	44797164	44997164	harbor2	chr19	44881311	44881419	LINE/L2	698	+	54	44881365	84201
chr19	44797164	44997164	harbor2	chr19	44881693	44882088	LINE/L2	698	+	198	44881891	84727
chr19	46685707	46885707	harbor2	chr19	46692405	46693016	LINE/L2	856	+	306	46692711	7004
chr19	46685707	46885707	harbor2	chr19	46693026	46693336	LINE/L2	899	+	155	46693181	7474
chr19	46685707	46885707	harbor2	chr19	46699054	46699458	LINE/L2	1055	+	202	46699256	13549
chr19	46685707	46885707	harbor2	chr19	46731644	46732623	LINE/L2	1069	+	490	46732134	46427
chr19	42033357	42233357	harbor2	chr19	42033700	42033717	LINE/L2	662	+	8	42033708	351
chr19	42033357	42233357	harbor2	chr19	42034014	42034079	LINE/L2	662	+	32	42034046	689
chr19	42033357	42233357	harbor2	chr19	42034403	42034503	LINE/L2	662	+	50	42034453	1096
chr19	42033357	42233357	harbor2	chr19	42041619	42042083	LINE/L2	763	+	232	42041851	8494
chr19	42033357	42233357	harbor2	chr19	42059699	42060162	LINE/L2	971	+	232	42059931	26574
chr19	42033357	42233357	harbor2	chr19	42060605	42061036	LINE/L2	1045	+	216	42060821	27464
chr19	42033357	42233357	harbor2	chr19	42102878	42103407	LINE/L2	1016	+	264	42103142	69785
chr19	42033357	42233357	harbor2	chr19	42107764	42108289	LINE/L2	664	+	262	42108026	74669
chr19	42033357	42233357	harbor2	chr19	42111414	42111821	LINE/L2	746	+	204	42111618	78261
chr19	46322935	46522935	harbor2	chr19	46337682	46338011	LINE/L2	707	+	164	46337846	14911
chr19	43375396	43575396	harbor2	chr19	43375422	43376004	LINE/L2	822	+	291	43375713	317
chr19	43375396	43575396	harbor2	chr19	43429214	43429504	LINE/L2	1199	+	145	43429359	53963
chr19	43375396	43575396	harbor2	chr19	43429671	43429752	LINE/L2	1199	+	40	43429711	54315
chr19	56170944	56370944	harbor2	chr19	56266904	56267333	LINE/L2	944	+	214	56267118	96174
chr19	18177536	18377536	harbor2	chr19	18230547	18230925	LINE/L2	770	+	189	18230736	53200
chr19	18177536	18377536	harbor2	chr19	18235475	18235940	LINE/L2	804	+	232	18235707	58171
chr19	18177536	18377536	harbor2	chr19	18236515	18236779	LINE/L2	804	+	132	18236647	59111
chr19	46508923	46708923	harbor2	chr19	46525932	46526172	LINE/L2	766	+	120	46526052	17129
chr19	46508923	46708923	harbor2	chr19	46572106	46572275	LINE/L2	634	+	84	46572190	63267
chr19	46508923	46708923	harbor2	chr19	46606311	46606645	LINE/L2	688	+	167	46606478	97555
chr19	56699623	56899623	harbor2	chr19	56777317	56777547	LINE/L2	950	+	115	56777432	77809
chr19	56699623	56899623	harbor2	chr19	56777752	56778282	LINE/L2	1101	+	265	56778017	78394
chr19	56690921	56890921	harbor2	chr19	56777317	56777547	LINE/L2	950	+	115	56777432	86511
chr19	56690921	56890921	harbor2	chr19	56777752	56778282	LINE/L2	1101	+	265	56778017	87096
chr19	43675817	43875817	harbor2	chr19	43713281	43713605	LINE/L2	1023	+	162	43713443	37626
chr19	43675817	43875817	harbor2	chr19	43742476	43742687	LINE/L2	645	+	106	43742582	66765
chr19	43675817	43875817	harbor2	chr19	43750078	43750567	LINE/L2	1171	+	244	43750322	74505
chr19	33187056	33387056	harbor2	chr19	33220347	33221414	LINE/L2	1825	+	534	33220881	33825
chr19	38394651	38594651	harbor2	chr19	38438030	38438387	LINE/L2	880	+	178	38438208	43557
chr19	38394651	38594651	harbor2	chr19	38439012	38439119	LINE/L2	880	+	54	38439066	44415
chr19	48724323	48924323	harbor2	chr19	48816587	48816668	LINE/L2	695	+	40	48816627	92304
chr19	48724323	48924323	harbor2	chr19	48817479	48817740	LINE/L2	695	+	130	48817609	93286
chr19	57001592	57201592	harbor2	chr19	57009903	57010358	LINE/L2	805	+	228	57010131	8539
chr19	57001592	57201592	harbor2	chr19	57015168	57015604	LINE/L2	706	+	218	57015386	13794
chr19	57001592	57201592	harbor2	chr19	57047780	57048282	LINE/L2	765	+	251	57048031	46439
chr19	56682102	56882102	harbor2	chr19	56777317	56777547	LINE/L2	950	+	115	56777432	95330
chr19	56682102	56882102	harbor2	chr19	56777752	56778282	LINE/L2	1101	+	265	56778017	95915
chr19	9747502	9947502	harbor2	chr19	9798977	9799467	LINE/L2	878	+	245	9799222	51720
chr19	9747502	9947502	harbor2	chr19	9809541	9809798	LINE/L2	680	+	128	9809669	62167
chr19	9747502	9947502	harbor2	chr19	9810091	9810258	LINE/L2	680	+	84	9810175	62673
chr19	53773422	53973422	harbor2	chr19	53847603	53847954	LINE/L2	704	+	176	53847779	74357
chr19	53773422	53973422	harbor2	chr19	53848577	53848667	LINE/L2	704	+	45	53848622	75200
chr19	38856184	39056184	harbor2	chr19	38952357	38953017	LINE/L2	1659	+	330	38952687	96503
chr19	50727908	50927908	harbor2	chr19	50755447	50755499	LINE/L2	1934	+	26	50755473	27565
chr19	50727908	50927908	harbor2	chr19	50755800	50756568	LINE/L2	1934	+	384	50756184	28276
chr19	50727908	50927908	harbor2	chr19	50756869	50756976	LINE/L2	944	+	54	50756923	29015
chr19	50727908	50927908	harbor2	chr19	50766375	50766440	LINE/L2	2097	+	32	50766407	38499
chr19	50727908	50927908	harbor2	chr19	50766554	50766612	LINE/L2	2097	+	29	50766583	38675
chr19	50727908	50927908	harbor2	chr19	50766904	50767649	LINE/L2	2097	+	372	50767276	39368
chr19	50727908	50927908	harbor2	chr19	50767943	50768050	LINE/L2	883	+	54	50767997	40089
chr19	50727908	50927908	harbor2	chr19	50768359	50768380	LINE/L2	883	+	10	50768369	40461
chr19	50727908	50927908	harbor2	chr19	50806085	50806467	LINE/L2	890	+	191	50806276	78368
chr19	50727908	50927908	harbor2	chr19	50806768	50806877	LINE/L2	890	+	54	50806822	78914
chr19	57619136	57819136	harbor2	chr19	57707184	57707634	LINE/L2	673	+	225	57707409	88273
chr19	40973208	41173208	harbor2	chr19	41047968	41048406	LINE/L2	945	+	219	41048187	74979
chr19	40973208	41173208	harbor2	chr19	41048734	41048764	LINE/L2	743	+	15	41048749	75541
chr19	40973208	41173208	harbor2	chr19	41049065	41049403	LINE/L2	743	+	169	41049234	76026
chr19	48339065	48539065	harbor2	chr19	48351326	48351849	LINE/L2	785	+	262	48351588	12523
chr19	48339065	48539065	harbor2	chr19	48358425	48358886	LINE/L2	1878	+	230	48358655	19590
chr19	48339065	48539065	harbor2	chr19	48359201	48359503	LINE/L2	1878	+	151	48359352	20287
chr19	48339065	48539065	harbor2	chr19	48359807	48360029	LINE/L2	1457	+	111	48359918	20853
chr19	37318424	37518424	harbor2	chr19	37369420	37369778	LINE/L2	766	+	179	37369599	51175
chr19	37287172	37487172	harbor2	chr19	37369420	37369778	LINE/L2	766	+	179	37369599	82427
chr19	35550217	35750217	harbor2	chr19	35565359	35565751	LINE/L2	654	+	196	35565555	15338
chr19	56323840	56523840	harbor2	chr19	56403620	56403825	LINE/L2	633	+	102	56403722	79882
chr19	56323840	56523840	harbor2	chr19	56408754	56409282	LINE/L2	920	+	264	56409018	85178
chr19	55531049	55731049	harbor2	chr19	55568503	55569034	LINE/L2	1133	+	266	55568769	37720
chr19	55531049	55731049	harbor2	chr19	55586020	55586459	LINE/L2	765	+	220	55586240	55191
chr19	55531049	55731049	harbor2	chr19	55586775	55586970	LINE/L2	765	+	98	55586873	55824
chr19	49035800	49235800	harbor2	chr19	49084376	49084582	LINE/L2	913	+	103	49084479	48679
chr19	49035800	49235800	harbor2	chr19	49084893	49085054	LINE/L2	913	+	80	49084973	49173
chr19	47100237	47300237	harbor2	chr19	47142558	47143028	LINE/L2	1155	+	235	47142793	42556
chr19	46765405	46965405	harbor2	chr19	46842221	46842485	LINE/L2	660	+	132	46842353	76948
chr19	46765405	46965405	harbor2	chr19	46842816	46843378	LINE/L2	707	+	281	46843097	77692
chr19	46765405	46965405	harbor2	chr19	46844212	46844511	LINE/L2	664	+	150	46844362	78957
chr19	48067153	48267153	harbor2	chr19	48093222	48093716	LINE/L2	1212	+	247	48093469	26316
chr19	48067153	48267153	harbor2	chr19	48094088	48094447	LINE/L2	1212	+	180	48094268	27115
chr19	51596495	51796495	harbor2	chr19	51662592	51662986	LINE/L2	1238	+	197	51662789	66294
chr19	32459460	32659460	harbor2	chr19	32518600	32519099	LINE/L2	803	+	250	32518850	59390
chr19	42040507	42240507	harbor2	chr19	42041619	42042083	LINE/L2	763	+	232	42041851	1344
chr19	42040507	42240507	harbor2	chr19	42059699	42060162	LINE/L2	971	+	232	42059931	19424
chr19	42040507	42240507	harbor2	chr19	42060605	42061036	LINE/L2	1045	+	216	42060821	20314
chr19	42040507	42240507	harbor2	chr19	42102878	42103407	LINE/L2	1016	+	264	42103142	62635
chr19	42040507	42240507	harbor2	chr19	42107764	42108289	LINE/L2	664	+	262	42108026	67519
chr19	42040507	42240507	harbor2	chr19	42111414	42111821	LINE/L2	746	+	204	42111618	71111
chr19	46450622	46650622	harbor2	chr19	46525932	46526172	LINE/L2	766	+	120	46526052	75430
chr19	55358494	55558494	harbor2	chr19	55441051	55441652	LINE/L2	873	+	300	55441351	82857
chr19	43895827	44095827	harbor2	chr19	43991987	43992334	LINE/L2	712	+	174	43992161	96334
chr19	41349234	41549234	harbor2	chr19	41356959	41357393	LINE/L2	818	+	217	41357176	7942
chr19	41349234	41549234	harbor2	chr19	41359857	41360193	LINE/L2	894	+	168	41360025	10791
chr19	41349234	41549234	harbor2	chr19	41360473	41360492	LINE/L2	894	+	10	41360483	11249
chr19	41349234	41549234	harbor2	chr19	41360809	41360945	LINE/L2	894	+	68	41360877	11643
chr19	41349234	41549234	harbor2	chr19	41366271	41366607	LINE/L2	868	+	168	41366439	17205
chr19	41349234	41549234	harbor2	chr19	41395402	41396096	LINE/L2	1166	+	347	41395749	46515
chr19	56512581	56712581	harbor2	chr19	56540839	56541722	LINE/L2	1765	+	442	56541281	28700
chr19	42019338	42219338	harbor2	chr19	42032624	42032989	LINE/L2	662	+	182	42032806	13468
chr19	42019338	42219338	harbor2	chr19	42033700	42033717	LINE/L2	662	+	8	42033708	14370
chr19	42019338	42219338	harbor2	chr19	42034014	42034079	LINE/L2	662	+	32	42034046	14708
chr19	42019338	42219338	harbor2	chr19	42034403	42034503	LINE/L2	662	+	50	42034453	15115
chr19	42019338	42219338	harbor2	chr19	42041619	42042083	LINE/L2	763	+	232	42041851	22513
chr19	42019338	42219338	harbor2	chr19	42059699	42060162	LINE/L2	971	+	232	42059931	40593
chr19	42019338	42219338	harbor2	chr19	42060605	42061036	LINE/L2	1045	+	216	42060821	41483
chr19	42019338	42219338	harbor2	chr19	42102878	42103407	LINE/L2	1016	+	264	42103142	83804
chr19	42019338	42219338	harbor2	chr19	42107764	42108289	LINE/L2	664	+	262	42108026	88688
chr19	42019338	42219338	harbor2	chr19	42111414	42111821	LINE/L2	746	+	204	42111618	92280
chr19	43317526	43517526	harbor2	chr19	43375422	43376004	LINE/L2	822	+	291	43375713	58187
chr19	45191375	45391375	harbor2	chr19	45241579	45241979	LINE/L2	889	+	200	45241779	50404
chr19	34168847	34368847	harbor2	chr19	34180541	34182105	LINE/L2	3723	+	782	34181323	12476
chr19	47391365	47591365	harbor2	chr19	47404563	47404965	LINE/L2	786	+	201	47404764	13399
chr19	47391365	47591365	harbor2	chr19	47435925	47436444	LINE/L2	942	+	260	47436185	44820
chr19	47391365	47591365	harbor2	chr19	47442202	47442670	LINE/L2	1133	+	234	47442436	51071
chr19	47391365	47591365	harbor2	chr19	47442983	47443165	LINE/L2	1058	+	91	47443074	51709
chr19	47391365	47591365	harbor2	chr19	47467693	47467711	LINE/L2	682	+	9	47467702	76337
chr19	47391365	47591365	harbor2	chr19	47468032	47468294	LINE/L2	682	+	131	47468163	76798
chr19	47391365	47591365	harbor2	chr19	47468588	47468714	LINE/L2	682	+	63	47468651	77286
chr19	38347327	38547327	harbor2	chr19	38392665	38393339	LINE/L2	1442	+	337	38393002	45675
chr19	38347327	38547327	harbor2	chr19	38393618	38393785	LINE/L2	1442	+	84	38393702	46375
chr19	38347327	38547327	harbor2	chr19	38438030	38438387	LINE/L2	880	+	178	38438208	90881
chr19	38347327	38547327	harbor2	chr19	38439012	38439119	LINE/L2	880	+	54	38439066	91739
chr19	52430626	52630626	harbor2	chr19	52455085	52455193	LINE/L2	674	+	54	52455139	24513
chr19	52430626	52630626	harbor2	chr19	52455495	52455745	LINE/L2	674	+	125	52455620	24994
chr19	50056601	50256601	harbor2	chr19	50155520	50156173	LINE/L2	739	+	326	50155846	99245
chr19	50056601	50256601	harbor2	chr19	50156389	50156503	LINE/L2	675	+	57	50156446	99845
chr19	56753361	56953361	harbor2	chr19	56777317	56777547	LINE/L2	950	+	115	56777432	24071
chr19	56753361	56953361	harbor2	chr19	56777752	56778282	LINE/L2	1101	+	265	56778017	24656
chr19	50752524	50952524	harbor2	chr19	50755447	50755499	LINE/L2	1934	+	26	50755473	2949
chr19	50752524	50952524	harbor2	chr19	50755800	50756568	LINE/L2	1934	+	384	50756184	3660
chr19	50752524	50952524	harbor2	chr19	50756869	50756976	LINE/L2	944	+	54	50756923	4399
chr19	50752524	50952524	harbor2	chr19	50766375	50766440	LINE/L2	2097	+	32	50766407	13883
chr19	50752524	50952524	harbor2	chr19	50766554	50766612	LINE/L2	2097	+	29	50766583	14059
chr19	50752524	50952524	harbor2	chr19	50766904	50767649	LINE/L2	2097	+	372	50767276	14752
chr19	50752524	50952524	harbor2	chr19	50767943	50768050	LINE/L2	883	+	54	50767997	15473
chr19	50752524	50952524	harbor2	chr19	50768359	50768380	LINE/L2	883	+	10	50768369	15845
chr19	50752524	50952524	harbor2	chr19	50806085	50806467	LINE/L2	890	+	191	50806276	53752
chr19	50752524	50952524	harbor2	chr19	50806768	50806877	LINE/L2	890	+	54	50806822	54298
chr19	57875476	58075476	harbor2	chr19	57946247	57946722	LINE/L2	725	+	238	57946485	71009
chr19	45434881	45634881	harbor2	chr19	45452276	45452495	LINE/L2	622	+	110	45452386	17505
chr19	45434881	45634881	harbor2	chr19	45479576	45479948	LINE/L2	950	+	186	45479762	44881
chr19	45434881	45634881	harbor2	chr19	45480574	45480814	LINE/L2	950	+	120	45480694	45813
chr19	45434881	45634881	harbor2	chr19	45516053	45516298	LINE/L2	689	+	122	45516175	81294
chr19	44347879	44547879	harbor2	chr19	44444844	44445811	LINE/L2	1144	+	484	44445328	97449
chr19	28563907	28763907	harbor2	chr19	28590899	28590940	LINE/L2	822	+	20	28590919	27012
chr19	28563907	28763907	harbor2	chr19	28591720	28592607	LINE/L2	822	+	444	28592164	28257
chr19	28563907	28763907	harbor2	chr19	28594731	28595219	LINE/L2	917	+	244	28594975	31068
chr19	44029636	44229636	harbor2	chr19	44060891	44061249	LINE/L2	627	+	179	44061070	31434
chr19	44029636	44229636	harbor2	chr19	44061759	44062103	LINE/L2	627	+	172	44061931	32295
chr19	44029636	44229636	harbor2	chr19	44101274	44101621	LINE/L2	665	+	174	44101448	71812
chr19	44029636	44229636	harbor2	chr19	44118625	44118817	LINE/L2	697	+	96	44118721	89085
chr19	44029636	44229636	harbor2	chr19	44119115	44119287	LINE/L2	697	+	86	44119201	89565
chr19	34080621	34280621	harbor2	chr19	34094674	34094924	LINE/L2	665	+	125	34094799	14178
chr19	50776081	50976081	harbor2	chr19	50806085	50806467	LINE/L2	890	+	191	50806276	30195
chr19	50776081	50976081	harbor2	chr19	50806768	50806877	LINE/L2	890	+	54	50806822	30741
chr19	52322596	52522596	harbor2	chr19	52342406	52342520	LINE/L2	678	+	57	52342463	19867
chr19	52322596	52522596	harbor2	chr19	52342825	52343172	LINE/L2	678	+	174	52342999	20403
chr19	52322596	52522596	harbor2	chr19	52400825	52401296	LINE/L2	733	+	236	52401061	78465
chr19	35705377	35905377	harbor2	chr19	35735335	35735897	LINE/L2	926	+	281	35735616	30239
chr19	35705377	35905377	harbor2	chr19	35768898	35769303	LINE/L2	1460	+	202	35769100	63723
chr19	35705377	35905377	harbor2	chr19	35769606	35769727	LINE/L2	1460	+	60	35769666	64289
chr19	35705377	35905377	harbor2	chr19	35770338	35770435	LINE/L2	1460	+	48	35770386	65009
chr19	54369734	54569734	harbor2	chr19	54379004	54379408	LINE/L2	967	+	202	54379206	9472
chr19	54369734	54569734	harbor2	chr19	54380916	54381484	LINE/L2	1703	+	284	54381200	11466
chr19	54369734	54569734	harbor2	chr19	54385041	54385801	LINE/L2	839	+	380	54385421	15687
chr19	54369734	54569734	harbor2	chr19	54434064	54434457	LINE/L2	694	+	196	54434260	64526
chr19	56752259	56952259	harbor2	chr19	56777317	56777547	LINE/L2	950	+	115	56777432	25173
chr19	56752259	56952259	harbor2	chr19	56777752	56778282	LINE/L2	1101	+	265	56778017	25758
chr19	45571822	45771822	harbor2	chr19	45578853	45579232	LINE/L2	935	+	190	45579043	7221
chr19	45571822	45771822	harbor2	chr19	45579521	45579664	LINE/L2	935	+	72	45579593	7771
chr19	45571822	45771822	harbor2	chr19	45581339	45581658	LINE/L2	910	+	160	45581499	9677
chr19	45571822	45771822	harbor2	chr19	45588213	45588242	LINE/L2	1066	+	14	45588227	16405
chr19	45571822	45771822	harbor2	chr19	45588555	45588688	LINE/L2	1066	+	66	45588621	16799
chr19	45571822	45771822	harbor2	chr19	45588985	45589246	LINE/L2	1066	+	130	45589115	17293
chr19	45571822	45771822	harbor2	chr19	45589544	45589909	LINE/L2	1066	+	182	45589726	17904
chr19	45571822	45771822	harbor2	chr19	45613796	45614362	LINE/L2	1191	+	283	45614079	42257
chr19	33310342	33510342	harbor2	chr19	33328740	33328829	LINE/L2	804	+	44	33328784	18442
chr19	33310342	33510342	harbor2	chr19	33329141	33329979	LINE/L2	804	+	419	33329560	19218
chr19	33310342	33510342	harbor2	chr19	33345271	33345407	LINE/L2	627	+	68	33345339	34997
chr19	33310342	33510342	harbor2	chr19	33346478	33346644	LINE/L2	627	+	83	33346561	36219
chr19	57896331	58096331	harbor2	chr19	57946247	57946722	LINE/L2	725	+	238	57946485	50154
chr19	49066805	49266805	harbor2	chr19	49084376	49084582	LINE/L2	913	+	103	49084479	17674
chr19	49066805	49266805	harbor2	chr19	49084893	49085054	LINE/L2	913	+	80	49084973	18168
chr19	48311499	48511499	harbor2	chr19	48323523	48323894	LINE/L2	721	+	186	48323709	12210
chr19	48311499	48511499	harbor2	chr19	48324206	48324390	LINE/L2	721	+	92	48324298	12799
chr19	48311499	48511499	harbor2	chr19	48351326	48351849	LINE/L2	785	+	262	48351588	40089
chr19	48311499	48511499	harbor2	chr19	48358425	48358886	LINE/L2	1878	+	230	48358655	47156
chr19	48311499	48511499	harbor2	chr19	48359201	48359503	LINE/L2	1878	+	151	48359352	47853
chr19	48311499	48511499	harbor2	chr19	48359807	48360029	LINE/L2	1457	+	111	48359918	48419
chr19	41953954	42153954	harbor2	chr19	41955615	41955918	LINE/L2	769	+	152	41955767	1813
chr19	41953954	42153954	harbor2	chr19	41956507	41956694	LINE/L2	769	+	94	41956601	2647
chr19	41953954	42153954	harbor2	chr19	42032624	42032989	LINE/L2	662	+	182	42032806	78852
chr19	41953954	42153954	harbor2	chr19	42033700	42033717	LINE/L2	662	+	8	42033708	79754
chr19	41953954	42153954	harbor2	chr19	42034014	42034079	LINE/L2	662	+	32	42034046	80092
chr19	41953954	42153954	harbor2	chr19	42034403	42034503	LINE/L2	662	+	50	42034453	80499
chr19	41953954	42153954	harbor2	chr19	42041619	42042083	LINE/L2	763	+	232	42041851	87897
chr19	54372168	54572168	harbor2	chr19	54379004	54379408	LINE/L2	967	+	202	54379206	7038
chr19	54372168	54572168	harbor2	chr19	54380916	54381484	LINE/L2	1703	+	284	54381200	9032
chr19	54372168	54572168	harbor2	chr19	54385041	54385801	LINE/L2	839	+	380	54385421	13253
chr19	54372168	54572168	harbor2	chr19	54434064	54434457	LINE/L2	694	+	196	54434260	62092
chr19	41189303	41389303	harbor2	chr19	41214138	41214484	LINE/L2	883	+	173	41214311	25008
chr19	41189303	41389303	harbor2	chr19	41215134	41215261	LINE/L2	883	+	64	41215198	25895
chr19	5280731	5480731	harbor2	chr19	5289249	5289693	LINE/L2	1098	+	222	5289471	8740
chr19	5280731	5480731	harbor2	chr19	5298817	5299557	LINE/L2	1599	+	370	5299187	18456
chr19	5280731	5480731	harbor2	chr19	5309611	5310306	LINE/L2	1671	+	348	5309959	29228
chr19	5280731	5480731	harbor2	chr19	5310618	5310688	LINE/L2	1363	+	35	5310653	29922
chr19	5280731	5480731	harbor2	chr19	5311309	5311449	LINE/L2	1363	+	70	5311379	30648
chr19	5280731	5480731	harbor2	chr19	5319463	5320040	LINE/L2	1213	+	288	5319751	39020
chr19	5280731	5480731	harbor2	chr19	5344407	5344789	LINE/L2	722	+	191	5344598	63867
chr19	5280731	5480731	harbor2	chr19	5369771	5370520	LINE/L2	1434	+	374	5370145	89414
chr19	5280731	5480731	harbor2	chr19	5371117	5371257	LINE/L2	726	+	70	5371187	90456
chr19	5280731	5480731	harbor2	chr19	5374111	5374435	LINE/L2	969	+	162	5374273	93542
chr19	56750148	56950148	harbor2	chr19	56777317	56777547	LINE/L2	950	+	115	56777432	27284
chr19	56750148	56950148	harbor2	chr19	56777752	56778282	LINE/L2	1101	+	265	56778017	27869
chr19	45300476	45500476	harbor2	chr19	45373632	45373916	LINE/L2	978	+	142	45373774	73298
chr19	45300476	45500476	harbor2	chr19	45374211	45374419	LINE/L2	978	+	104	45374315	73839
chr19	58232447	58432447	harbor2	chr19	58324316	58324386	LINE/L2	782	+	35	58324351	91904
chr19	58232447	58432447	harbor2	chr19	58324599	58324874	LINE/L2	782	+	138	58324737	92290
chr19	58232447	58432447	harbor2	chr19	58325007	58325373	LINE/L2	782	+	183	58325190	92743
chr19	48263877	48463877	harbor2	chr19	48323523	48323894	LINE/L2	721	+	186	48323709	59832
chr19	48263877	48463877	harbor2	chr19	48324206	48324390	LINE/L2	721	+	92	48324298	60421
chr19	48263877	48463877	harbor2	chr19	48351326	48351849	LINE/L2	785	+	262	48351588	87711
chr19	48263877	48463877	harbor2	chr19	48358425	48358886	LINE/L2	1878	+	230	48358655	94778
chr19	48263877	48463877	harbor2	chr19	48359201	48359503	LINE/L2	1878	+	151	48359352	95475
chr19	48263877	48463877	harbor2	chr19	48359807	48360029	LINE/L2	1457	+	111	48359918	96041
chr19	56463868	56663868	harbor2	chr19	56483326	56484483	LINE/L2	640	+	578	56483904	20036
chr19	56463868	56663868	harbor2	chr19	56484498	56484888	LINE/L2	780	+	195	56484693	20825
chr19	56463868	56663868	harbor2	chr19	56540839	56541722	LINE/L2	1765	+	442	56541281	77413
chr19	34019104	34219104	harbor2	chr19	34065998	34066378	LINE/L2	1656	+	190	34066188	47084
chr19	34019104	34219104	harbor2	chr19	34066817	34067129	LINE/L2	1656	+	156	34066973	47869
chr19	34019104	34219104	harbor2	chr19	34067459	34067540	LINE/L2	1656	+	40	34067499	48395
chr19	34019104	34219104	harbor2	chr19	34094674	34094924	LINE/L2	665	+	125	34094799	75695
chr19	39770825	39970825	harbor2	chr19	39819081	39820032	LINE/L2	1256	+	476	39819557	48732
chr19	39770825	39970825	harbor2	chr19	39842863	39843254	LINE/L2	914	+	196	39843059	72234
chr19	39770825	39970825	harbor2	chr19	39844484	39844869	LINE/L2	1018	+	192	39844676	73851
chr19	39770825	39970825	harbor2	chr19	39848738	39849713	LINE/L2	2192	+	488	39849226	78401
chr19	32291118	32491118	harbor2	chr19	32307169	32307343	LINE/L2	617	+	87	32307256	16138
chr19	37962723	38162723	harbor2	chr19	37969583	37970076	LINE/L2	705	+	246	37969829	7106
chr19	37962723	38162723	harbor2	chr19	38007784	38008055	LINE/L2	831	+	136	38007920	45197
chr19	44367548	44567548	harbor2	chr19	44444844	44445811	LINE/L2	1144	+	484	44445328	77780
chr19	37913892	38113892	harbor2	chr19	37933150	37933572	LINE/L2	1093	+	211	37933361	19469
chr19	37913892	38113892	harbor2	chr19	37969583	37970076	LINE/L2	705	+	246	37969829	55937
chr19	37913892	38113892	harbor2	chr19	38007784	38008055	LINE/L2	831	+	136	38007920	94028
chr19	50487141	50687141	harbor2	chr19	50553061	50553806	LINE/L2	1123	+	372	50553433	66292
chr19	50487141	50687141	harbor2	chr19	50577720	50578300	LINE/L2	1891	+	290	50578010	90869
chr19	50487141	50687141	harbor2	chr19	50578613	50579018	LINE/L2	1891	+	202	50578815	91674
chr19	50487141	50687141	harbor2	chr19	50579332	50579416	LINE/L2	1891	+	42	50579374	92233
chr19	50487141	50687141	harbor2	chr19	50580042	50580480	LINE/L2	1891	+	219	50580261	93120
chr19	47423968	47623968	harbor2	chr19	47435925	47436444	LINE/L2	942	+	260	47436185	12217
chr19	47423968	47623968	harbor2	chr19	47442202	47442670	LINE/L2	1133	+	234	47442436	18468
chr19	47423968	47623968	harbor2	chr19	47442983	47443165	LINE/L2	1058	+	91	47443074	19106
chr19	47423968	47623968	harbor2	chr19	47467693	47467711	LINE/L2	682	+	9	47467702	43734
chr19	47423968	47623968	harbor2	chr19	47468032	47468294	LINE/L2	682	+	131	47468163	44195
chr19	47423968	47623968	harbor2	chr19	47468588	47468714	LINE/L2	682	+	63	47468651	44683
chr19	57640488	57840488	harbor2	chr19	57707184	57707634	LINE/L2	673	+	225	57707409	66921
chr19	44396233	44596233	harbor2	chr19	44444844	44445811	LINE/L2	1144	+	484	44445328	49095
chr19	46532058	46732058	harbor2	chr19	46572106	46572275	LINE/L2	634	+	84	46572190	40132
chr19	46532058	46732058	harbor2	chr19	46606311	46606645	LINE/L2	688	+	167	46606478	74420
chr19	38716684	38916684	harbor2	chr19	38809972	38810161	LINE/L2	1248	+	94	38810066	93382
chr19	38716684	38916684	harbor2	chr19	38810777	38810899	LINE/L2	1248	+	61	38810838	94154
chr19	38716684	38916684	harbor2	chr19	38811201	38811335	LINE/L2	1248	+	67	38811268	94584
chr19	49001963	49201963	harbor2	chr19	49084376	49084582	LINE/L2	913	+	103	49084479	82516
chr19	49001963	49201963	harbor2	chr19	49084893	49085054	LINE/L2	913	+	80	49084973	83010
chr19	47282246	47482246	harbor2	chr19	47339179	47339304	LINE/L2	862	+	62	47339241	56995
chr19	47282246	47482246	harbor2	chr19	47339617	47339950	LINE/L2	1055	+	166	47339783	57537
chr19	47282246	47482246	harbor2	chr19	47347756	47347931	LINE/L2	661	+	88	47347844	65598
chr19	46758662	46958662	harbor2	chr19	46842221	46842485	LINE/L2	660	+	132	46842353	83691
chr19	46758662	46958662	harbor2	chr19	46842816	46843378	LINE/L2	707	+	281	46843097	84435
chr19	46758662	46958662	harbor2	chr19	46844212	46844511	LINE/L2	664	+	150	46844362	85700
chr19	35909791	36109791	harbor2	chr19	35960588	35960922	LINE/L2	728	+	167	35960755	50964
chr19	35909791	36109791	harbor2	chr19	35961225	35961355	LINE/L2	728	+	65	35961290	51499
chr19	35909791	36109791	harbor2	chr19	36001163	36001365	LINE/L2	671	+	101	36001264	91473
chr19	56390023	56590023	harbor2	chr19	56403620	56403825	LINE/L2	633	+	102	56403722	13699
chr19	56390023	56590023	harbor2	chr19	56408754	56409282	LINE/L2	920	+	264	56409018	18995
chr19	56390023	56590023	harbor2	chr19	56424285	56424703	LINE/L2	881	+	209	56424494	34471
chr19	56390023	56590023	harbor2	chr19	56483326	56484483	LINE/L2	640	+	578	56483904	93881
chr19	56390023	56590023	harbor2	chr19	56484498	56484888	LINE/L2	780	+	195	56484693	94670
chr19	4129264	4329264	harbor2	chr19	4151550	4151932	LINE/L2	796	+	191	4151741	22477
chr19	4129264	4329264	harbor2	chr19	4181041	4181494	LINE/L2	751	+	226	4181267	52003
chr19	8553202	8753202	harbor2	chr19	8614733	8614837	LINE/L2	988	+	52	8614785	61583
chr19	8553202	8753202	harbor2	chr19	8615157	8615447	LINE/L2	988	+	145	8615302	62100
chr19	55204935	55404935	harbor2	chr19	55277138	55277361	LINE/L2	837	+	112	55277250	72315
chr19	55204935	55404935	harbor2	chr19	55282446	55282695	LINE/L2	699	+	124	55282570	77635
chr19	33667896	33867896	harbor2	chr19	33671319	33671901	LINE/L2	663	+	291	33671610	3714
chr19	50913534	51113534	harbor2	chr19	50963637	50964429	LINE/L2	1987	+	396	50964033	50499
chr19	50913534	51113534	harbor2	chr19	50964614	50964711	LINE/L2	1364	+	48	50964662	51128
chr19	50913534	51113534	harbor2	chr19	50966214	50966526	LINE/L2	673	+	156	50966370	52836
chr19	50913534	51113534	harbor2	chr19	50966829	50966916	LINE/L2	673	+	44	50966873	53339
chr19	50913534	51113534	harbor2	chr19	50998259	50998537	LINE/L2	927	+	139	50998398	84864
chr19	38766878	38966878	harbor2	chr19	38809972	38810161	LINE/L2	1248	+	94	38810066	43188
chr19	38766878	38966878	harbor2	chr19	38810777	38810899	LINE/L2	1248	+	61	38810838	43960
chr19	38766878	38966878	harbor2	chr19	38811201	38811335	LINE/L2	1248	+	67	38811268	44390
chr19	38766878	38966878	harbor2	chr19	38819292	38819595	LINE/L2	740	+	152	38819444	52566
chr19	51060666	51260666	harbor2	chr19	51061339	51061925	LINE/L2	1069	+	293	51061632	966
chr19	51060666	51260666	harbor2	chr19	51062251	51062569	LINE/L2	696	+	159	51062410	1744
chr19	51060666	51260666	harbor2	chr19	51069691	51070254	LINE/L2	1340	+	282	51069973	9307
chr19	51060666	51260666	harbor2	chr19	51070844	51071083	LINE/L2	804	+	120	51070964	10298
chr19	51060666	51260666	harbor2	chr19	51091945	51092875	LINE/L2	919	+	465	51092410	31744
chr19	51060666	51260666	harbor2	chr19	51093917	51094293	LINE/L2	760	+	188	51094105	33439
chr19	51060666	51260666	harbor2	chr19	51096659	51097271	LINE/L2	1193	+	306	51096965	36299
chr19	51060666	51260666	harbor2	chr19	51105661	51106281	LINE/L2	696	+	310	51105971	45305
chr19	51060666	51260666	harbor2	chr19	51068821	51069173	LINE/L2	922	+	176	51068997	8331
chr19	11155444	11355444	harbor2	chr19	11167832	11168002	LINE/L2	663	+	85	11167917	12473
chr19	11155444	11355444	harbor2	chr19	11168577	11168720	LINE/L2	663	+	72	11168649	13205
chr19	11155444	11355444	harbor2	chr19	11226895	11227211	LINE/L2	664	+	158	11227053	71609
chr19	36312737	36512737	harbor2	chr19	36353237	36353418	LINE/L2	696	+	90	36353327	40590
chr19	36312737	36512737	harbor2	chr19	36353716	36353792	LINE/L2	696	+	38	36353754	41017
chr19	36312737	36512737	harbor2	chr19	36354388	36354708	LINE/L2	784	+	160	36354548	41811
chr19	36312737	36512737	harbor2	chr19	36354972	36355167	LINE/L2	784	+	98	36355070	42333
chr19	36312737	36512737	harbor2	chr19	36400527	36401654	LINE/L2	1211	+	564	36401091	88354
chr19	47243493	47443493	harbor2	chr19	47339179	47339304	LINE/L2	862	+	62	47339241	95748
chr19	47243493	47443493	harbor2	chr19	47339617	47339950	LINE/L2	1055	+	166	47339783	96290
chr19	56759212	56959212	harbor2	chr19	56777317	56777547	LINE/L2	950	+	115	56777432	18220
chr19	56759212	56959212	harbor2	chr19	56777752	56778282	LINE/L2	1101	+	265	56778017	18805
chr19	56215990	56415990	harbor2	chr19	56266904	56267333	LINE/L2	944	+	214	56267118	51128
chr19	45987649	46187649	harbor2	chr19	45987365	45987675	LINE/L2	1597	+	155	45987520	129
chr19	45987649	46187649	harbor2	chr19	45988000	45988243	LINE/L2	1597	+	122	45988122	473
chr19	45987649	46187649	harbor2	chr19	45988717	45988786	LINE/L2	1597	+	34	45988751	1102
chr19	45987649	46187649	harbor2	chr19	45989099	45989215	LINE/L2	1597	+	58	45989157	1508
chr19	45987649	46187649	harbor2	chr19	45990202	45990353	LINE/L2	1597	+	76	45990278	2629
chr19	45987649	46187649	harbor2	chr19	45991377	45991429	LINE/L2	892	+	26	45991403	3754
chr19	45987649	46187649	harbor2	chr19	45991731	45992002	LINE/L2	892	+	136	45991867	4218
chr19	45987649	46187649	harbor2	chr19	45992316	45992333	LINE/L2	889	+	8	45992324	4675
chr19	45987649	46187649	harbor2	chr19	45992639	45992783	LINE/L2	889	+	72	45992711	5062
chr19	45987649	46187649	harbor2	chr19	45993096	45993242	LINE/L2	889	+	73	45993169	5520
chr19	45987649	46187649	harbor2	chr19	45996097	45996427	LINE/L2	1565	+	165	45996262	8613
chr19	45987649	46187649	harbor2	chr19	45996699	45997389	LINE/L2	1565	+	345	45997044	9395
chr19	45987649	46187649	harbor2	chr19	45997987	45998068	LINE/L2	686	+	40	45998027	10378
chr19	45987649	46187649	harbor2	chr19	46026023	46026974	LINE/L2	1048	+	476	46026499	38850
chr19	45987649	46187649	harbor2	chr19	45989430	45989946	LINE/L2	1597	+	258	45989688	2039
chr19	47402730	47602730	harbor2	chr19	47404563	47404965	LINE/L2	786	+	201	47404764	2034
chr19	47402730	47602730	harbor2	chr19	47435925	47436444	LINE/L2	942	+	260	47436185	33455
chr19	47402730	47602730	harbor2	chr19	47442202	47442670	LINE/L2	1133	+	234	47442436	39706
chr19	47402730	47602730	harbor2	chr19	47442983	47443165	LINE/L2	1058	+	91	47443074	40344
chr19	47402730	47602730	harbor2	chr19	47467693	47467711	LINE/L2	682	+	9	47467702	64972
chr19	47402730	47602730	harbor2	chr19	47468032	47468294	LINE/L2	682	+	131	47468163	65433
chr19	47402730	47602730	harbor2	chr19	47468588	47468714	LINE/L2	682	+	63	47468651	65921
chr19	40193138	40393138	harbor2	chr19	40263770	40264167	LINE/L2	778	+	198	40263968	70830
chr19	40193138	40393138	harbor2	chr19	40264390	40264918	LINE/L2	707	+	264	40264654	71516
chr19	40193138	40393138	harbor2	chr19	40269868	40270394	LINE/L2	816	+	263	40270131	76993
chr19	53982372	54182372	harbor2	chr19	54003661	54003848	LINE/L2	971	+	94	54003755	21383
chr19	53982372	54182372	harbor2	chr19	54004518	54004868	LINE/L2	971	+	175	54004693	22321
chr19	50725881	50925881	harbor2	chr19	50755447	50755499	LINE/L2	1934	+	26	50755473	29592
chr19	50725881	50925881	harbor2	chr19	50755800	50756568	LINE/L2	1934	+	384	50756184	30303
chr19	50725881	50925881	harbor2	chr19	50756869	50756976	LINE/L2	944	+	54	50756923	31042
chr19	50725881	50925881	harbor2	chr19	50766375	50766440	LINE/L2	2097	+	32	50766407	40526
chr19	50725881	50925881	harbor2	chr19	50766554	50766612	LINE/L2	2097	+	29	50766583	40702
chr19	50725881	50925881	harbor2	chr19	50766904	50767649	LINE/L2	2097	+	372	50767276	41395
chr19	50725881	50925881	harbor2	chr19	50767943	50768050	LINE/L2	883	+	54	50767997	42116
chr19	50725881	50925881	harbor2	chr19	50768359	50768380	LINE/L2	883	+	10	50768369	42488
chr19	50725881	50925881	harbor2	chr19	50806085	50806467	LINE/L2	890	+	191	50806276	80395
chr19	50725881	50925881	harbor2	chr19	50806768	50806877	LINE/L2	890	+	54	50806822	80941
chr19	52322232	52522232	harbor2	chr19	52342406	52342520	LINE/L2	678	+	57	52342463	20231
chr19	52322232	52522232	harbor2	chr19	52342825	52343172	LINE/L2	678	+	174	52342999	20767
chr19	52322232	52522232	harbor2	chr19	52400825	52401296	LINE/L2	733	+	236	52401061	78829
chr19	28370618	28570618	harbor2	chr19	28403510	28404111	LINE/L2	1162	+	300	28403810	33192
chr19	51476617	51676617	harbor2	chr19	51484675	51484907	LINE/L2	630	+	116	51484791	8174
chr19	51476617	51676617	harbor2	chr19	51492982	51494103	LINE/L2	1939	+	560	51493542	16925
chr19	51476617	51676617	harbor2	chr19	51541179	51542172	LINE/L2	809	+	496	51541675	65058
chr19	54421382	54621382	harbor2	chr19	54434064	54434457	LINE/L2	694	+	196	54434260	12878
chr19	41118521	41318521	harbor2	chr19	41214138	41214484	LINE/L2	883	+	173	41214311	95790
chr19	41118521	41318521	harbor2	chr19	41215134	41215261	LINE/L2	883	+	64	41215198	96677
chr19	53751230	53951230	harbor2	chr19	53847603	53847954	LINE/L2	704	+	176	53847779	96549
chr19	53751230	53951230	harbor2	chr19	53848577	53848667	LINE/L2	704	+	45	53848622	97392
chr19	40584384	40784384	harbor2	chr19	40639216	40639425	LINE/L2	913	+	104	40639320	54936
chr19	40584384	40784384	harbor2	chr19	40639695	40639924	LINE/L2	913	+	114	40639809	55425
chr19	56170235	56370235	harbor2	chr19	56266904	56267333	LINE/L2	944	+	214	56267118	96883
chr19	55321292	55521292	harbor2	chr19	55357220	55357589	LINE/L2	696	+	184	55357404	36112
chr19	39241078	39441078	harbor2	chr19	39337479	39337608	LINE/L2	969	+	64	39337543	96465
chr19	39241078	39441078	harbor2	chr19	39338309	39338552	LINE/L2	969	+	122	39338431	97353
chr19	39241078	39441078	harbor2	chr19	39339786	39340027	LINE/L2	812	+	120	39339906	98828
chr19	39241078	39441078	harbor2	chr19	39340340	39340424	LINE/L2	812	+	42	39340382	99304
chr19	39241078	39441078	harbor2	chr19	39340713	39340793	LINE/L2	812	+	40	39340753	99675
chr19	39241078	39441078	harbor2	chr19	39337924	39338011	LINE/L2	969	+	44	39337968	96890
chr19	54144576	54344576	harbor2	chr19	54195748	54195956	LINE/L2	835	+	104	54195852	51276
chr19	54144576	54344576	harbor2	chr19	54196270	54196391	LINE/L2	835	+	60	54196330	51754
chr19	54144576	54344576	harbor2	chr19	54217613	54218056	LINE/L2	675	+	222	54217835	73259
chr19	36448508	36648508	harbor2	chr19	36470024	36470628	LINE/L2	1144	+	302	36470326	21818
chr19	36448508	36648508	harbor2	chr19	36471233	36471743	LINE/L2	1144	+	255	36471488	22980
chr19	36448508	36648508	harbor2	chr19	36472040	36472135	LINE/L2	733	+	48	36472088	23580
chr19	36448508	36648508	harbor2	chr19	36522937	36523412	LINE/L2	1062	+	238	36523175	74667
chr19	41326236	41526236	harbor2	chr19	41332935	41333192	LINE/L2	644	+	128	41333063	6827
chr19	41326236	41526236	harbor2	chr19	41343924	41343978	LINE/L2	1131	+	27	41343951	17715
chr19	41326236	41526236	harbor2	chr19	41344285	41344581	LINE/L2	1131	+	148	41344433	18197
chr19	41326236	41526236	harbor2	chr19	41356959	41357393	LINE/L2	818	+	217	41357176	30940
chr19	41326236	41526236	harbor2	chr19	41359857	41360193	LINE/L2	894	+	168	41360025	33789
chr19	41326236	41526236	harbor2	chr19	41360473	41360492	LINE/L2	894	+	10	41360483	34247
chr19	41326236	41526236	harbor2	chr19	41360809	41360945	LINE/L2	894	+	68	41360877	34641
chr19	41326236	41526236	harbor2	chr19	41366271	41366607	LINE/L2	868	+	168	41366439	40203
chr19	41326236	41526236	harbor2	chr19	41395402	41396096	LINE/L2	1166	+	347	41395749	69513
chr19	53940816	54140816	harbor2	chr19	54003661	54003848	LINE/L2	971	+	94	54003755	62939
chr19	53940816	54140816	harbor2	chr19	54004518	54004868	LINE/L2	971	+	175	54004693	63877
chr19	33122410	33322410	harbor2	chr19	33220347	33221414	LINE/L2	1825	+	534	33220881	98471
chr19	43935900	44135900	harbor2	chr19	43991987	43992334	LINE/L2	712	+	174	43992161	56261
chr19	43935900	44135900	harbor2	chr19	44009226	44009585	LINE/L2	728	+	180	44009406	73506
chr19	43935900	44135900	harbor2	chr19	44027524	44027891	LINE/L2	864	+	184	44027708	91808
chr19	56652163	56852163	harbor2	chr19	56659165	56659514	LINE/L2	780	+	174	56659339	7176
chr19	47867055	48067055	harbor2	chr19	47871723	47871912	LINE/L2	1094	+	94	47871817	4762
chr19	47867055	48067055	harbor2	chr19	47872218	47872724	LINE/L2	1094	+	253	47872471	5416
chr19	44777051	44977051	harbor2	chr19	44794405	44794457	LINE/L2	679	+	26	44794431	17380
chr19	44777051	44977051	harbor2	chr19	44794763	44794924	LINE/L2	679	+	80	44794843	17792
chr19	44777051	44977051	harbor2	chr19	44795651	44795879	LINE/L2	679	+	114	44795765	18714
chr19	50674173	50874173	harbor2	chr19	50706502	50706760	LINE/L2	937	+	129	50706631	32458
chr19	50674173	50874173	harbor2	chr19	50707078	50707107	LINE/L2	937	+	14	50707092	32919
chr19	50674173	50874173	harbor2	chr19	50755447	50755499	LINE/L2	1934	+	26	50755473	81300
chr19	50674173	50874173	harbor2	chr19	50755800	50756568	LINE/L2	1934	+	384	50756184	82011
chr19	50674173	50874173	harbor2	chr19	50756869	50756976	LINE/L2	944	+	54	50756923	82750
chr19	50674173	50874173	harbor2	chr19	50766375	50766440	LINE/L2	2097	+	32	50766407	92234
chr19	50674173	50874173	harbor2	chr19	50766554	50766612	LINE/L2	2097	+	29	50766583	92410
chr19	50674173	50874173	harbor2	chr19	50766904	50767649	LINE/L2	2097	+	372	50767276	93103
chr19	50674173	50874173	harbor2	chr19	50767943	50768050	LINE/L2	883	+	54	50767997	93824
chr19	50674173	50874173	harbor2	chr19	50768359	50768380	LINE/L2	883	+	10	50768369	94196
chr19	54165401	54365401	harbor2	chr19	54195748	54195956	LINE/L2	835	+	104	54195852	30451
chr19	54165401	54365401	harbor2	chr19	54196270	54196391	LINE/L2	835	+	60	54196330	30929
chr19	54165401	54365401	harbor2	chr19	54217613	54218056	LINE/L2	675	+	222	54217835	52434
chr19	38161530	38361530	harbor2	chr19	38197397	38198336	LINE/L2	1025	+	470	38197867	36337
chr19	38161530	38361530	harbor2	chr19	38231337	38231601	LINE/L2	931	+	132	38231469	69939
chr19	38161530	38361530	harbor2	chr19	38231883	38232229	LINE/L2	931	+	173	38232056	70526
chr19	38161530	38361530	harbor2	chr19	38259399	38259636	LINE/L2	663	+	118	38259517	97987
chr19	58278737	58478737	harbor2	chr19	58324316	58324386	LINE/L2	782	+	35	58324351	45614
chr19	58278737	58478737	harbor2	chr19	58324599	58324874	LINE/L2	782	+	138	58324737	46000
chr19	58278737	58478737	harbor2	chr19	58325007	58325373	LINE/L2	782	+	183	58325190	46453
chr19	41394003	41594003	harbor2	chr19	41395402	41396096	LINE/L2	1166	+	347	41395749	1746
chr19	54179156	54379156	harbor2	chr19	54195748	54195956	LINE/L2	835	+	104	54195852	16696
chr19	54179156	54379156	harbor2	chr19	54196270	54196391	LINE/L2	835	+	60	54196330	17174
chr19	54179156	54379156	harbor2	chr19	54217613	54218056	LINE/L2	675	+	222	54217835	38679
chr19	22554563	22754563	harbor2	chr19	22556941	22557397	LINE/L2	1062	+	228	22557169	2606
chr19	55055862	55255862	harbor2	chr19	55069537	55070155	LINE/L2	694	+	309	55069846	13984
chr19	55055862	55255862	harbor2	chr19	55089366	55089994	LINE/L2	688	+	314	55089680	33818
chr19	51544154	51744154	harbor2	chr19	51595032	51595932	LINE/L2	1008	+	450	51595482	51328
chr20	52642017	52842017	harbor2	chr20	52693789	52693928	LINE/L2	480	+	70	52693859	51842
chr20	52642017	52842017	harbor2	chr20	52695516	52695636	LINE/L2	564	+	60	52695576	53559
chr20	52642017	52842017	harbor2	chr20	52713693	52713972	LINE/L2	442	+	140	52713833	71816
chr20	52642017	52842017	harbor2	chr20	52720473	52720652	LINE/L2	399	+	90	52720563	78546
chr20	41845147	42045147	harbor2	chr20	41855437	41855572	LINE/L2	390	+	68	41855505	10358
chr20	41845147	42045147	harbor2	chr20	41883259	41884722	LINE/L2	3991	+	732	41883991	38844
chr20	41845147	42045147	harbor2	chr20	41927836	41928302	LINE/L2	987	+	233	41928069	82922
chr20	21252737	21452737	harbor2	chr20	21284487	21284593	LINE/L2	430	+	53	21284540	31803
chr20	21252737	21452737	harbor2	chr20	21285401	21285891	LINE/L2	1482	+	245	21285646	32909
chr20	21252737	21452737	harbor2	chr20	21288799	21289036	LINE/L2	445	+	118	21288917	36180
chr20	55854961	56054961	harbor2	chr20	55933044	55933502	LINE/L2	892	+	229	55933273	78312
chr20	55854961	56054961	harbor2	chr20	55946470	55946674	LINE/L2	386	+	102	55946572	91611
chr20	55854961	56054961	harbor2	chr20	55946808	55946938	LINE/L2	422	+	65	55946873	91912
chr20	55854961	56054961	harbor2	chr20	55949368	55949747	LINE/L2	500	+	190	55949558	94597
chr20	9231254	9431254	harbor2	chr20	9309045	9309568	LINE/L2	483	+	262	9309307	78053
chr20	9231254	9431254	harbor2	chr20	9322990	9323445	LINE/L2	740	+	228	9323218	91964
chr20	54025090	54225090	harbor2	chr20	54038121	54038451	LINE/L2	410	+	165	54038286	13196
chr20	57281273	57481273	harbor2	chr20	57302960	57303306	LINE/L2	632	+	173	57303133	21860
chr20	57281273	57481273	harbor2	chr20	57303996	57304102	LINE/L2	632	+	53	57304049	22776
chr20	57281273	57481273	harbor2	chr20	57317891	57318011	LINE/L2	864	+	60	57317951	36678
chr20	57281273	57481273	harbor2	chr20	57318595	57318957	LINE/L2	864	+	181	57318776	37503
chr20	57281273	57481273	harbor2	chr20	57370755	57370873	LINE/L2	456	+	59	57370814	89541
chr20	40031136	40231136	harbor2	chr20	40038321	40038612	LINE/L2	726	+	146	40038467	7331
chr20	40031136	40231136	harbor2	chr20	40122758	40123194	LINE/L2	819	+	218	40122976	91840
chr20	40031136	40231136	harbor2	chr20	40123646	40123948	LINE/L2	452	+	151	40123797	92661
chr20	56514760	56714760	harbor2	chr20	56574877	56576127	LINE/L2	954	+	625	56575502	60742
chr20	50298758	50498758	harbor2	chr20	50312091	50312450	LINE/L2	978	+	180	50312271	13513
chr20	50298758	50498758	harbor2	chr20	50316307	50316546	LINE/L2	629	+	120	50316427	17669
chr20	50298758	50498758	harbor2	chr20	50316869	50317094	LINE/L2	629	+	112	50316981	18223
chr20	50298758	50498758	harbor2	chr20	50320634	50321121	LINE/L2	940	+	244	50320878	22120
chr20	50298758	50498758	harbor2	chr20	50329630	50330025	LINE/L2	619	+	198	50329828	31070
chr20	50298758	50498758	harbor2	chr20	50332712	50332802	LINE/L2	385	+	45	50332757	33999
chr20	50298758	50498758	harbor2	chr20	50339775	50339916	LINE/L2	911	+	70	50339845	41087
chr20	50298758	50498758	harbor2	chr20	50340226	50340661	LINE/L2	911	+	218	50340444	41686
chr20	50298758	50498758	harbor2	chr20	50345003	50345186	LINE/L2	480	+	92	50345095	46337
chr20	50298758	50498758	harbor2	chr20	50358810	50359169	LINE/L2	404	+	180	50358990	60232
chr20	50298758	50498758	harbor2	chr20	50363178	50363322	LINE/L2	487	+	72	50363250	64492
chr20	50298758	50498758	harbor2	chr20	50368222	50368523	LINE/L2	459	+	150	50368372	69614
chr20	50298758	50498758	harbor2	chr20	50384865	50385275	LINE/L2	404	+	205	50385070	86312
chr20	50298758	50498758	harbor2	chr20	50387303	50387593	LINE/L2	394	+	145	50387448	88690
chr20	50298758	50498758	harbor2	chr20	50397082	50397497	LINE/L2	665	+	208	50397290	98532
chr20	58185158	58385158	harbor2	chr20	58185847	58186067	LINE/L2	390	+	110	58185957	799
chr20	58185158	58385158	harbor2	chr20	58195912	58196226	LINE/L2	416	+	157	58196069	10911
chr20	55079476	55279476	harbor2	chr20	55142652	55143058	LINE/L2	444	+	203	55142855	63379
chr20	55079476	55279476	harbor2	chr20	55160532	55161770	LINE/L2	459	+	619	55161151	81675
chr20	56259557	56459557	harbor2	chr20	56296008	56296185	LINE/L2	448	+	88	56296096	36539
chr20	56259557	56459557	harbor2	chr20	56322123	56322247	LINE/L2	585	+	62	56322185	62628
chr20	56259557	56459557	harbor2	chr20	56345958	56346341	LINE/L2	417	+	192	56346150	86593
chr20	56259557	56459557	harbor2	chr20	56347816	56347950	LINE/L2	463	+	67	56347883	88326
chr20	56259557	56459557	harbor2	chr20	56348638	56348756	LINE/L2	463	+	59	56348697	89140
chr20	17242425	17442425	harbor2	chr20	17324899	17325285	LINE/L2	388	+	193	17325092	82667
chr20	61706775	61906775	harbor2	chr20	61732427	61732597	LINE/L2	396	+	85	61732512	25737
chr20	61706775	61906775	harbor2	chr20	61736197	61736525	LINE/L2	406	+	164	61736361	29586
chr20	61706775	61906775	harbor2	chr20	61777062	61777256	LINE/L2	398	+	97	61777159	70384
chr20	58103543	58303543	harbor2	chr20	58148883	58149227	LINE/L2	387	+	172	58149055	45512
chr20	58103543	58303543	harbor2	chr20	58171780	58171877	LINE/L2	436	+	48	58171828	68285
chr20	58103543	58303543	harbor2	chr20	58185847	58186067	LINE/L2	390	+	110	58185957	82414
chr20	58103543	58303543	harbor2	chr20	58195912	58196226	LINE/L2	416	+	157	58196069	92526
chr20	40863435	41063435	harbor2	chr20	40863323	40863475	LINE/L2	623	+	76	40863399	36
chr20	40863435	41063435	harbor2	chr20	40863920	40864157	LINE/L2	623	+	118	40864038	603
chr20	40863435	41063435	harbor2	chr20	40865552	40865824	LINE/L2	1138	+	136	40865688	2253
chr20	40863435	41063435	harbor2	chr20	40865851	40866161	LINE/L2	1138	+	155	40866006	2571
chr20	40863435	41063435	harbor2	chr20	40871690	40871948	LINE/L2	419	+	129	40871819	8384
chr20	40863435	41063435	harbor2	chr20	40906237	40906396	LINE/L2	430	+	80	40906317	42882
chr20	40863435	41063435	harbor2	chr20	40907652	40907771	LINE/L2	430	+	60	40907712	44277
chr20	40863435	41063435	harbor2	chr20	40927660	40927859	LINE/L2	457	+	100	40927760	64325
chr20	40863435	41063435	harbor2	chr20	40928157	40928283	LINE/L2	457	+	63	40928220	64785
chr20	31619816	31819816	harbor2	chr20	31642884	31643318	LINE/L2	445	+	217	31643101	23285
chr20	31619816	31819816	harbor2	chr20	31664198	31664298	LINE/L2	433	+	50	31664248	44432
chr20	31619816	31819816	harbor2	chr20	31667938	31668308	LINE/L2	692	+	185	31668123	48307
chr20	31619816	31819816	harbor2	chr20	31682857	31683486	LINE/L2	1363	+	314	31683171	63355
chr20	31619816	31819816	harbor2	chr20	31683800	31683901	LINE/L2	699	+	50	31683850	64034
chr20	31619816	31819816	harbor2	chr20	31695001	31695450	LINE/L2	1370	+	224	31695225	75409
chr20	31619816	31819816	harbor2	chr20	31695746	31695949	LINE/L2	1370	+	102	31695848	76032
chr20	31619816	31819816	harbor2	chr20	31696080	31696232	LINE/L2	1370	+	76	31696156	76340
chr20	31619816	31819816	harbor2	chr20	31700029	31700243	LINE/L2	583	+	107	31700136	80320
chr20	31619816	31819816	harbor2	chr20	31714880	31714992	LINE/L2	422	+	56	31714936	95120
chr20	31619816	31819816	harbor2	chr20	31715288	31715572	LINE/L2	489	+	142	31715430	95614
chr20	31619816	31819816	harbor2	chr20	31716267	31716527	LINE/L2	910	+	130	31716397	96581
chr20	52093618	52293618	harbor2	chr20	52104523	52104739	LINE/L2	530	+	108	52104631	11013
chr20	52093618	52293618	harbor2	chr20	52129986	52130211	LINE/L2	768	+	112	52130098	36480
chr20	52093618	52293618	harbor2	chr20	52130510	52130658	LINE/L2	768	+	74	52130584	36966
chr20	30106296	30306296	harbor2	chr20	30197371	30197927	LINE/L2	1022	+	278	30197649	91353
chr20	46146723	46346723	harbor2	chr20	46154929	46155349	LINE/L2	627	+	210	46155139	8416
chr20	46146723	46346723	harbor2	chr20	46155508	46155845	LINE/L2	406	+	168	46155676	8953
chr20	46146723	46346723	harbor2	chr20	46172437	46172849	LINE/L2	417	+	206	46172643	25920
chr20	46146723	46346723	harbor2	chr20	46176017	46176447	LINE/L2	1285	+	215	46176232	29509
chr20	46146723	46346723	harbor2	chr20	46183840	46184091	LINE/L2	529	+	126	46183966	37243
chr20	46146723	46346723	harbor2	chr20	46184398	46184447	LINE/L2	529	+	24	46184422	37699
chr20	46146723	46346723	harbor2	chr20	46184509	46184690	LINE/L2	388	+	90	46184599	37876
chr20	46146723	46346723	harbor2	chr20	46191846	46192252	LINE/L2	789	+	203	46192049	45326
chr20	46146723	46346723	harbor2	chr20	46198334	46199116	LINE/L2	1133	+	391	46198725	52002
chr20	46146723	46346723	harbor2	chr20	46206518	46206853	LINE/L2	962	+	168	46206686	59963
chr20	46146723	46346723	harbor2	chr20	46214391	46214944	LINE/L2	726	+	276	46214667	67944
chr20	46146723	46346723	harbor2	chr20	46222326	46222474	LINE/L2	429	+	74	46222400	75677
chr20	46146723	46346723	harbor2	chr20	46224152	46224377	LINE/L2	643	+	112	46224264	77541
chr20	46146723	46346723	harbor2	chr20	46235837	46236129	LINE/L2	997	+	146	46235983	89260
chr20	46146723	46346723	harbor2	chr20	46236309	46236488	LINE/L2	963	+	90	46236399	89676
chr20	46146723	46346723	harbor2	chr20	46238403	46239252	LINE/L2	1620	+	424	46238827	92104
chr20	49628353	49828353	harbor2	chr20	49662324	49662491	LINE/L2	543	+	84	49662408	34055
chr20	49628353	49828353	harbor2	chr20	49681392	49681712	LINE/L2	1108	+	160	49681552	53199
chr20	49628353	49828353	harbor2	chr20	49681713	49681813	LINE/L2	690	+	50	49681763	53410
chr20	49628353	49828353	harbor2	chr20	49682119	49682184	LINE/L2	690	+	32	49682151	53798
chr20	49628353	49828353	harbor2	chr20	49682381	49682757	LINE/L2	690	+	188	49682569	54216
chr20	49628353	49828353	harbor2	chr20	49717529	49717829	LINE/L2	921	+	150	49717679	89326
chr20	54928924	55128924	harbor2	chr20	54966042	54966778	LINE/L2	1506	+	368	54966410	37486
chr20	54928924	55128924	harbor2	chr20	54967835	54968212	LINE/L2	727	+	188	54968023	39099
chr20	54928924	55128924	harbor2	chr20	54984251	54984544	LINE/L2	508	+	146	54984397	55473
chr20	54928924	55128924	harbor2	chr20	54991194	54992269	LINE/L2	886	+	538	54991732	62808
chr20	47275016	47475016	harbor2	chr20	47283775	47283928	LINE/L2	602	+	76	47283851	8835
chr20	47275016	47475016	harbor2	chr20	47297910	47298273	LINE/L2	763	+	182	47298092	23076
chr20	47275016	47475016	harbor2	chr20	47361671	47361802	LINE/L2	613	+	66	47361737	86721
chr20	47275016	47475016	harbor2	chr20	47362448	47362715	LINE/L2	613	+	134	47362582	87566
chr20	47275016	47475016	harbor2	chr20	47284223	47284303	LINE/L2	602	+	40	47284263	9247
chr20	55416796	55616796	harbor2	chr20	55420557	55420924	LINE/L2	663	+	184	55420741	3945
chr20	55416796	55616796	harbor2	chr20	55430863	55431125	LINE/L2	574	+	131	55430994	14198
chr20	55416796	55616796	harbor2	chr20	55434737	55434890	LINE/L2	404	+	76	55434813	18017
chr20	52428002	52628002	harbor2	chr20	52457337	52457459	LINE/L2	458	+	61	52457398	29396
chr20	52428002	52628002	harbor2	chr20	52479372	52479819	LINE/L2	770	+	224	52479596	51594
chr20	59725068	59925068	harbor2	chr20	59737685	59737827	LINE/L2	401	+	71	59737756	12688
chr20	59725068	59925068	harbor2	chr20	59746144	59746455	LINE/L2	434	+	156	59746300	21232
chr20	19608705	19808705	harbor2	chr20	19612642	19613355	LINE/L2	722	+	356	19612998	4293
chr20	19608705	19808705	harbor2	chr20	19689474	19689604	LINE/L2	445	+	65	19689539	80834
chr20	56242069	56442069	harbor2	chr20	56247646	56248016	LINE/L2	558	+	185	56247831	5762
chr20	56242069	56442069	harbor2	chr20	56252949	56253451	LINE/L2	632	+	251	56253200	11131
chr20	56242069	56442069	harbor2	chr20	56296008	56296185	LINE/L2	448	+	88	56296096	54027
chr20	56242069	56442069	harbor2	chr20	56322123	56322247	LINE/L2	585	+	62	56322185	80116
chr20	60436802	60636802	harbor2	chr20	60458064	60458208	LINE/L2	405	+	72	60458136	21334
chr20	60436802	60636802	harbor2	chr20	60485390	60485806	LINE/L2	463	+	208	60485598	48796
chr20	60436802	60636802	harbor2	chr20	60519575	60519891	LINE/L2	642	+	158	60519733	82931
chr20	60436802	60636802	harbor2	chr20	60523636	60524380	LINE/L2	604	+	372	60524008	87206
chr20	60147519	60347519	harbor2	chr20	60239437	60239523	LINE/L2	401	+	43	60239480	91961
chr20	57440146	57640146	harbor2	chr20	57440099	57440303	LINE/L2	533	+	102	57440201	55
chr20	57440146	57640146	harbor2	chr20	57455364	57455836	LINE/L2	474	+	236	57455600	15454
chr20	57440146	57640146	harbor2	chr20	57456264	57456536	LINE/L2	625	+	136	57456400	16254
chr20	57440146	57640146	harbor2	chr20	57456671	57456714	LINE/L2	625	+	22	57456693	16547
chr20	57440146	57640146	harbor2	chr20	57533385	57533903	LINE/L2	1225	+	259	57533644	93498
chr20	57440146	57640146	harbor2	chr20	57534006	57534246	LINE/L2	647	+	120	57534126	93980
chr20	63005041	63205041	harbor2	chr20	63014429	63014743	LINE/L2	443	+	157	63014586	9545
chr20	35534598	35734598	harbor2	chr20	35568643	35568957	LINE/L2	618	+	157	35568800	34202
chr20	35534598	35734598	harbor2	chr20	35569118	35569133	LINE/L2	716	+	8	35569126	34528
chr20	35534598	35734598	harbor2	chr20	35569234	35569362	LINE/L2	716	+	64	35569298	34700
chr20	35534598	35734598	harbor2	chr20	35569673	35569831	LINE/L2	716	+	79	35569752	35154
chr20	35534598	35734598	harbor2	chr20	35570130	35570152	LINE/L2	716	+	11	35570141	35543
chr20	35534598	35734598	harbor2	chr20	35586465	35586534	LINE/L2	402	+	34	35586499	51901
chr20	35534598	35734598	harbor2	chr20	35586811	35587186	LINE/L2	402	+	188	35586999	52401
chr20	35534598	35734598	harbor2	chr20	35596279	35596376	LINE/L2	427	+	48	35596327	61729
chr20	35534598	35734598	harbor2	chr20	35596547	35596957	LINE/L2	1491	+	205	35596752	62154
chr20	35534598	35734598	harbor2	chr20	35597182	35597839	LINE/L2	1491	+	328	35597510	62912
chr20	35534598	35734598	harbor2	chr20	35597996	35598097	LINE/L2	598	+	50	35598046	63448
chr20	35534598	35734598	harbor2	chr20	35605068	35605498	LINE/L2	521	+	215	35605283	70685
chr20	35534598	35734598	harbor2	chr20	35633485	35633670	LINE/L2	953	+	92	35633577	98979
chr20	35534598	35734598	harbor2	chr20	35634279	35634365	LINE/L2	953	+	43	35634322	99724
chr20	58505673	58705673	harbor2	chr20	58509829	58510309	LINE/L2	428	+	240	58510069	4396
chr20	58505673	58705673	harbor2	chr20	58536431	58536571	LINE/L2	424	+	70	58536501	30828
chr20	34271011	34471011	harbor2	chr20	34295869	34296063	LINE/L2	388	+	97	34295966	24955
chr20	34271011	34471011	harbor2	chr20	34299256	34299901	LINE/L2	1437	+	322	34299578	28567
chr20	34271011	34471011	harbor2	chr20	34300207	34300554	LINE/L2	1437	+	174	34300381	29370
chr20	7139137	7339137	harbor2	chr20	7143536	7144376	LINE/L2	788	+	420	7143956	4819
chr20	7139137	7339137	harbor2	chr20	7215350	7215836	LINE/L2	655	+	243	7215593	76456
chr20	41411494	41611494	harbor2	chr20	41467919	41468105	LINE/L2	478	+	93	41468012	56518
chr20	41411494	41611494	harbor2	chr20	41468410	41468611	LINE/L2	478	+	100	41468510	57016
chr20	41411494	41611494	harbor2	chr20	41505665	41506662	LINE/L2	2281	+	498	41506163	94669
chr20	41411494	41611494	harbor2	chr20	41506771	41506888	LINE/L2	523	+	58	41506829	95335
chr20	21690466	21890466	harbor2	chr20	21771185	21771807	LINE/L2	791	+	311	21771496	81030
chr20	62852545	63052545	harbor2	chr20	62939237	62939728	LINE/L2	409	+	246	62939483	86938
chr20	56682454	56882454	harbor2	chr20	56699360	56699682	LINE/L2	588	+	161	56699521	17067
chr20	56682454	56882454	harbor2	chr20	56699969	56699996	LINE/L2	588	+	14	56699983	17529
chr20	56682454	56882454	harbor2	chr20	56715459	56715799	LINE/L2	789	+	170	56715629	33175
chr20	56682454	56882454	harbor2	chr20	56753374	56753476	LINE/L2	386	+	51	56753425	70971
chr20	45302503	45502503	harbor2	chr20	45354792	45355023	LINE/L2	607	+	116	45354908	52405
chr20	45302503	45502503	harbor2	chr20	45380750	45380871	LINE/L2	545	+	60	45380810	78307
chr20	46294024	46494024	harbor2	chr20	46315628	46315964	LINE/L2	717	+	168	46315796	21772
chr20	46294024	46494024	harbor2	chr20	46358915	46359404	LINE/L2	440	+	244	46359159	65135
chr20	46294024	46494024	harbor2	chr20	46360988	46361517	LINE/L2	1203	+	264	46361252	67228
chr20	46294024	46494024	harbor2	chr20	46362622	46362770	LINE/L2	1343	+	74	46362696	68672
chr20	46294024	46494024	harbor2	chr20	46363066	46363778	LINE/L2	1343	+	356	46363422	69398
chr20	46294024	46494024	harbor2	chr20	46392274	46392863	LINE/L2	625	+	294	46392568	98544
chr20	52165656	52365656	harbor2	chr20	52195301	52195428	LINE/L2	507	+	64	52195365	29709
chr20	52165656	52365656	harbor2	chr20	52253964	52254751	LINE/L2	1385	+	394	52254358	88702
chr20	57764562	57964562	harbor2	chr20	57804976	57805647	LINE/L2	1174	+	336	57805312	40750
chr20	57764562	57964562	harbor2	chr20	57809460	57809541	LINE/L2	391	+	40	57809500	44938
chr20	57764562	57964562	harbor2	chr20	57821412	57821766	LINE/L2	825	+	177	57821589	57027
chr20	49819952	50019952	harbor2	chr20	49862040	49862258	LINE/L2	591	+	109	49862149	42197
chr20	49819952	50019952	harbor2	chr20	49862560	49862813	LINE/L2	591	+	126	49862686	42734
chr20	41551960	41751960	harbor2	chr20	41558761	41558929	LINE/L2	438	+	84	41558845	6885
chr20	13172221	13372221	harbor2	chr20	13205071	13205383	LINE/L2	392	+	156	13205227	33006
chr20	13172221	13372221	harbor2	chr20	13269476	13269900	LINE/L2	727	+	212	13269688	97467
chr20	42562055	42762055	harbor2	chr20	42569294	42569425	LINE/L2	444	+	66	42569360	7305
chr20	42562055	42762055	harbor2	chr20	42575754	42576037	LINE/L2	593	+	142	42575896	13841
chr20	42562055	42762055	harbor2	chr20	42578462	42578876	LINE/L2	1299	+	207	42578669	16614
chr20	42562055	42762055	harbor2	chr20	42580996	42581501	LINE/L2	1162	+	252	42581248	19193
chr20	42562055	42762055	harbor2	chr20	42584247	42584820	LINE/L2	1136	+	286	42584533	22478
chr20	42562055	42762055	harbor2	chr20	42621187	42621845	LINE/L2	508	+	329	42621516	59461
chr20	42562055	42762055	harbor2	chr20	42637264	42637788	LINE/L2	1229	+	262	42637526	75471
chr20	39073199	39273199	harbor2	chr20	39077960	39078157	LINE/L2	637	+	98	39078058	4859
chr20	39073199	39273199	harbor2	chr20	39078466	39078683	LINE/L2	637	+	108	39078574	5375
chr20	39073199	39273199	harbor2	chr20	39079060	39079106	LINE/L2	637	+	23	39079083	5884
chr20	39073199	39273199	harbor2	chr20	39079413	39079558	LINE/L2	637	+	72	39079485	6286
chr20	39073199	39273199	harbor2	chr20	39084312	39084577	LINE/L2	926	+	132	39084444	11245
chr20	39073199	39273199	harbor2	chr20	39084868	39085202	LINE/L2	926	+	167	39085035	11836
chr20	39073199	39273199	harbor2	chr20	39131567	39132069	LINE/L2	565	+	251	39131818	58619
chr20	39073199	39273199	harbor2	chr20	39147185	39147424	LINE/L2	463	+	120	39147305	74106
chr20	39073199	39273199	harbor2	chr20	39158927	39159283	LINE/L2	1012	+	178	39159105	85906
chr20	53451293	53651293	harbor2	chr20	53454609	53454703	LINE/L2	497	+	47	53454656	3363
chr20	53451293	53651293	harbor2	chr20	53455196	53455409	LINE/L2	497	+	106	53455302	4009
chr20	57905744	58105744	harbor2	chr20	57974367	57974842	LINE/L2	534	+	238	57974605	68861
chr20	39498304	39698304	harbor2	chr20	39517461	39517520	LINE/L2	650	+	30	39517491	19187
chr20	39498304	39698304	harbor2	chr20	39543495	39543875	LINE/L2	752	+	190	39543685	45381
chr20	39498304	39698304	harbor2	chr20	39586196	39586602	LINE/L2	390	+	203	39586399	88095
chr20	39498304	39698304	harbor2	chr20	39592708	39592822	LINE/L2	493	+	57	39592765	94461
chr20	39498304	39698304	harbor2	chr20	39597661	39598882	LINE/L2	1230	+	610	39598271	99967
chr20	39498304	39698304	harbor2	chr20	39517811	39518301	LINE/L2	650	+	245	39518056	19752
chr20	46969313	47169313	harbor2	chr20	46993256	46993515	LINE/L2	444	+	130	46993386	24073
chr20	46969313	47169313	harbor2	chr20	47011361	47011820	LINE/L2	902	+	230	47011591	42278
chr20	46969313	47169313	harbor2	chr20	47051560	47051823	LINE/L2	519	+	132	47051692	82379
chr20	46969313	47169313	harbor2	chr20	47055432	47055783	LINE/L2	431	+	176	47055608	86295
chr20	16082262	16282262	harbor2	chr20	16130956	16131089	LINE/L2	431	+	66	16131022	48760
chr20	39920556	40120556	harbor2	chr20	39938986	39939192	LINE/L2	539	+	103	39939089	18533
chr20	39920556	40120556	harbor2	chr20	39939267	39939981	LINE/L2	490	+	357	39939624	19068
chr20	39920556	40120556	harbor2	chr20	40013861	40014050	LINE/L2	438	+	94	40013955	93399
chr20	33998335	34198335	harbor2	chr20	34030751	34031010	LINE/L2	665	+	130	34030881	32546
chr20	33998335	34198335	harbor2	chr20	34056106	34056582	LINE/L2	388	+	238	34056344	58009
chr20	33998335	34198335	harbor2	chr20	34085705	34085977	LINE/L2	416	+	136	34085841	87506
chr20	62854414	63054414	harbor2	chr20	62939237	62939728	LINE/L2	409	+	246	62939483	85069
chr20	59560138	59760138	harbor2	chr20	59599714	59600441	LINE/L2	597	+	364	59600078	39940
chr20	59042868	59242868	harbor2	chr20	59043500	59043750	LINE/L2	394	+	125	59043625	757
chr20	59042868	59242868	harbor2	chr20	59126493	59127777	LINE/L2	1060	+	642	59127135	84267
chr20	19458647	19658647	harbor2	chr20	19515845	19516096	LINE/L2	601	+	126	19515971	57324
chr20	19458647	19658647	harbor2	chr20	19527105	19527380	LINE/L2	404	+	138	19527243	68596
chr21	25455653	25655653	harbor2	chr21	25465049	25465561	LINE/L2	1502	+	256	25465305	9652
chr21	25455653	25655653	harbor2	chr21	25526845	25526925	LINE/L2	521	+	40	25526885	71232
chr21	25455653	25655653	harbor2	chr21	25527208	25528282	LINE/L2	521	+	537	25527745	72092
chr21	25455653	25655653	harbor2	chr21	25529144	25529171	LINE/L2	882	+	14	25529158	73505
chr21	25455653	25655653	harbor2	chr21	25529620	25529917	LINE/L2	882	+	148	25529768	74115
chr21	25455653	25655653	harbor2	chr21	25540747	25540866	LINE/L2	545	+	60	25540807	85154
chr21	23714425	23914425	harbor2	chr21	23726103	23726488	LINE/L2	759	+	192	23726295	11870
chr21	23714425	23914425	harbor2	chr21	23774224	23774925	LINE/L2	489	+	350	23774574	60149
chr21	34833681	35033681	harbor2	chr21	34841615	34842019	LINE/L2	1057	+	202	34841817	8136
chr21	34833681	35033681	harbor2	chr21	34868449	34868864	LINE/L2	498	+	208	34868657	34976
chr21	14196599	14396599	harbor2	chr21	14246069	14246976	LINE/L2	2585	+	454	14246523	49924
chr21	14196599	14396599	harbor2	chr21	14264468	14264748	LINE/L2	658	+	140	14264608	68009
chr21	38042328	38242328	harbor2	chr21	38069119	38069318	LINE/L2	554	+	100	38069219	26891
chr21	39994405	40194405	harbor2	chr21	40058193	40058556	LINE/L2	692	+	182	40058375	63970
chr21	25818192	26018192	harbor2	chr21	25831257	25831391	LINE/L2	695	+	67	25831324	13132
chr21	25818192	26018192	harbor2	chr21	25832027	25832280	LINE/L2	695	+	126	25832153	13961
chr21	25818192	26018192	harbor2	chr21	25832988	25833114	LINE/L2	695	+	63	25833051	14859
chr21	25818192	26018192	harbor2	chr21	25913828	25914317	LINE/L2	616	+	244	25914072	95880
chr21	25818192	26018192	harbor2	chr21	25914956	25914969	LINE/L2	616	+	6	25914962	96770
chr21	30123654	30323654	harbor2	chr21	30152922	30153044	LINE/L2	548	+	61	30152983	29329
chr21	30123654	30323654	harbor2	chr21	30179778	30180003	LINE/L2	535	+	112	30179890	56236
chr21	30123654	30323654	harbor2	chr21	30190770	30191327	LINE/L2	959	+	278	30191048	67394
chr21	30123654	30323654	harbor2	chr21	30192328	30193653	LINE/L2	2241	+	662	30192990	69336
chr21	30123654	30323654	harbor2	chr21	30194243	30194294	LINE/L2	498	+	26	30194269	70615
chr21	31895891	32095891	harbor2	chr21	31986087	31987076	LINE/L2	621	+	494	31986581	90690
chr21	40003845	40203845	harbor2	chr21	40058193	40058556	LINE/L2	692	+	182	40058375	54530
chr21	27489168	27689168	harbor2	chr21	27528914	27529369	LINE/L2	932	+	228	27529142	39974
chr21	27489168	27689168	harbor2	chr21	27529428	27529515	LINE/L2	679	+	44	27529472	40304
chr21	27489168	27689168	harbor2	chr21	27529800	27530059	LINE/L2	679	+	130	27529930	40762
chr21	34437425	34637425	harbor2	chr21	34458268	34458464	LINE/L2	556	+	98	34458366	20941
chr21	33373883	33573883	harbor2	chr21	33375284	33375498	LINE/L2	619	+	107	33375391	1508
chr21	45621915	45821915	harbor2	chr21	45714133	45714428	LINE/L2	788	+	148	45714281	92366
chr21	42070245	42270245	harbor2	chr21	42083184	42083469	LINE/L2	495	+	142	42083326	13081
chr21	30033587	30233587	harbor2	chr21	30118016	30118761	LINE/L2	681	+	372	30118388	84801
chr21	30033587	30233587	harbor2	chr21	30119269	30119698	LINE/L2	527	+	214	30119483	85896
chr21	24427357	24627357	harbor2	chr21	24477816	24478540	LINE/L2	625	+	362	24478178	50821
chr21	35936216	36136216	harbor2	chr21	35954921	35955276	LINE/L2	829	+	178	35955099	18883
chr21	35936216	36136216	harbor2	chr21	35959300	35959590	LINE/L2	675	+	145	35959445	23229
chr21	35936216	36136216	harbor2	chr21	35959863	35960244	LINE/L2	675	+	190	35960053	23837
chr21	19688838	19888838	harbor2	chr21	19709963	19710716	LINE/L2	635	+	376	19710339	21501
chr21	19688838	19888838	harbor2	chr21	19711089	19711938	LINE/L2	798	+	424	19711513	22675
chr22	43569028	43769028	harbor2	chr22	43624422	43624829	LINE/L2	755	+	204	43624626	55598
chr22	43569028	43769028	harbor2	chr22	43628034	43628839	LINE/L2	1021	+	402	43628436	59408
chr22	43569028	43769028	harbor2	chr22	43631353	43631773	LINE/L2	473	+	210	43631563	62535
chr22	45858944	46058944	harbor2	chr22	45868136	45868748	LINE/L2	557	+	306	45868442	9498
chr22	45858944	46058944	harbor2	chr22	45868786	45869181	LINE/L2	413	+	198	45868984	10040
chr22	45858944	46058944	harbor2	chr22	45913698	45914010	LINE/L2	485	+	156	45913854	54910
chr22	30051312	30251312	harbor2	chr22	30076085	30076317	LINE/L2	419	+	116	30076201	24889
chr22	30051312	30251312	harbor2	chr22	30095587	30095692	LINE/L2	466	+	52	30095639	44327
chr22	30051312	30251312	harbor2	chr22	30108174	30108767	LINE/L2	594	+	296	30108470	57158
chr22	30051312	30251312	harbor2	chr22	30118004	30118669	LINE/L2	1255	+	332	30118336	67024
chr22	39591802	39791802	harbor2	chr22	39629180	39629518	LINE/L2	458	+	169	39629349	37547
chr22	39591802	39791802	harbor2	chr22	39629845	39630482	LINE/L2	976	+	318	39630163	38361
chr22	29764322	29964322	harbor2	chr22	29764935	29765137	LINE/L2	788	+	101	29765036	714
chr22	29764322	29964322	harbor2	chr22	29765445	29765587	LINE/L2	788	+	71	29765516	1194
chr22	29764322	29964322	harbor2	chr22	29765878	29766045	LINE/L2	788	+	84	29765962	1640
chr22	29764322	29964322	harbor2	chr22	29766165	29766544	LINE/L2	788	+	190	29766355	2033
chr22	29764322	29964322	harbor2	chr22	29800109	29800501	LINE/L2	577	+	196	29800305	35983
chr22	29764322	29964322	harbor2	chr22	29813248	29813368	LINE/L2	483	+	60	29813308	48986
chr22	29764322	29964322	harbor2	chr22	29814202	29814352	LINE/L2	449	+	75	29814277	49955
chr22	29764322	29964322	harbor2	chr22	29837679	29837911	LINE/L2	802	+	116	29837795	73473
chr22	29764322	29964322	harbor2	chr22	29849735	29850122	LINE/L2	512	+	194	29849929	85607
chr22	29764322	29964322	harbor2	chr22	29856457	29856890	LINE/L2	758	+	216	29856673	92351
chr22	41222840	41422840	harbor2	chr22	41308561	41309008	LINE/L2	690	+	224	41308785	85945
chr22	41222840	41422840	harbor2	chr22	41309615	41309840	LINE/L2	573	+	112	41309727	86887
chr22	41222840	41422840	harbor2	chr22	41318039	41318163	LINE/L2	557	+	62	41318101	95261
chr22	41222840	41422840	harbor2	chr22	41318747	41318987	LINE/L2	806	+	120	41318867	96027
chr22	41222840	41422840	harbor2	chr22	41319590	41319734	LINE/L2	806	+	72	41319662	96822
chr22	43484664	43684664	harbor2	chr22	43538075	43538377	LINE/L2	883	+	151	43538226	53562
chr22	43484664	43684664	harbor2	chr22	43538686	43538799	LINE/L2	883	+	56	43538742	54078
chr22	33344060	33544060	harbor2	chr22	33419429	33419565	LINE/L2	542	+	68	33419497	75437
chr22	41672984	41872984	harbor2	chr22	41677604	41677976	LINE/L2	704	+	186	41677790	4806
chr22	41672984	41872984	harbor2	chr22	41678275	41678424	LINE/L2	704	+	74	41678349	5365
chr22	41672984	41872984	harbor2	chr22	41690986	41691236	LINE/L2	890	+	125	41691111	18127
chr22	41672984	41872984	harbor2	chr22	41693025	41693402	LINE/L2	805	+	188	41693213	20229
chr22	41672984	41872984	harbor2	chr22	41722522	41722848	LINE/L2	437	+	163	41722685	49701
chr22	30286519	30486519	harbor2	chr22	30319022	30319438	LINE/L2	437	+	208	30319230	32711
chr22	30286519	30486519	harbor2	chr22	30343235	30343472	LINE/L2	541	+	118	30343353	56834
chr22	37535053	37735053	harbor2	chr22	37585534	37585903	LINE/L2	599	+	184	37585718	50665
chr22	24011935	24211935	harbor2	chr22	24058661	24059019	LINE/L2	494	+	179	24058840	46905
chr22	24011935	24211935	harbor2	chr22	24077124	24077385	LINE/L2	757	+	130	24077254	65319
chr22	50702698	50902698	harbor2	chr22	50702427	50702839	LINE/L2	838	+	206	50702633	65
chr22	50702698	50902698	harbor2	chr22	50778664	50778812	LINE/L2	463	+	74	50778738	76040
chr22	39612263	39812263	harbor2	chr22	39629180	39629518	LINE/L2	458	+	169	39629349	17086
chr22	39612263	39812263	harbor2	chr22	39629845	39630482	LINE/L2	976	+	318	39630163	17900
chr22	26689098	26889098	harbor2	chr22	26698278	26698737	LINE/L2	751	+	230	26698508	9410
chr22	26689098	26889098	harbor2	chr22	26709268	26709423	LINE/L2	505	+	78	26709346	20248
chr22	26689098	26889098	harbor2	chr22	26734949	26735087	LINE/L2	491	+	69	26735018	45920
chr22	26689098	26889098	harbor2	chr22	26753382	26753905	LINE/L2	751	+	262	26753644	64546
chr22	36925262	37125262	harbor2	chr22	36924129	36925945	LINE/L2	1236	+	908	36925037	225
chr22	36925262	37125262	harbor2	chr22	36988083	36988481	LINE/L2	588	+	199	36988282	63020
chr22	36925262	37125262	harbor2	chr22	36997313	36997823	LINE/L2	958	+	255	36997568	72306
chr22	36925262	37125262	harbor2	chr22	37009453	37009988	LINE/L2	1008	+	268	37009721	84459
chr22	43018281	43218281	harbor2	chr22	43043295	43044153	LINE/L2	660	+	429	43043724	25443
chr22	43018281	43218281	harbor2	chr22	43044160	43044330	LINE/L2	411	+	85	43044245	25964
chr22	43018281	43218281	harbor2	chr22	43061662	43062128	LINE/L2	509	+	233	43061895	43614
chr22	43018281	43218281	harbor2	chr22	43077185	43077563	LINE/L2	465	+	189	43077374	59093
chr22	43018281	43218281	harbor2	chr22	43086685	43087192	LINE/L2	511	+	254	43086939	68658
chr22	28112470	28312470	harbor2	chr22	28141158	28141442	LINE/L2	688	+	142	28141300	28830
chr22	40053222	40253222	harbor2	chr22	40054314	40054708	LINE/L2	401	+	197	40054511	1289
chr22	26898866	27098866	harbor2	chr22	26941503	26941774	LINE/L2	480	+	136	26941639	42773
chr22	26898866	27098866	harbor2	chr22	26959678	26959840	LINE/L2	425	+	81	26959759	60893
chr22	26898866	27098866	harbor2	chr22	26966923	26967077	LINE/L2	582	+	77	26967000	68134
chr22	26898866	27098866	harbor2	chr22	26968498	26968913	LINE/L2	470	+	208	26968706	69840
chr22	26898866	27098866	harbor2	chr22	26976840	26977262	LINE/L2	749	+	211	26977051	78185
chr22	26898866	27098866	harbor2	chr22	26986972	26987424	LINE/L2	766	+	226	26987198	88332
chr22	26898866	27098866	harbor2	chr22	26996935	26997109	LINE/L2	425	+	87	26997022	98156
chr22	36396017	36596017	harbor2	chr22	36408157	36408344	LINE/L2	691	+	94	36408251	12234
chr22	36396017	36596017	harbor2	chr22	36408655	36408842	LINE/L2	691	+	94	36408749	12732
chr22	36396017	36596017	harbor2	chr22	36460725	36460849	LINE/L2	476	+	62	36460787	64770
chr22	36396017	36596017	harbor2	chr22	36461150	36461401	LINE/L2	476	+	126	36461276	65259
chr22	36396017	36596017	harbor2	chr22	36474915	36475096	LINE/L2	876	+	90	36475005	78988
chr22	36396017	36596017	harbor2	chr22	36475392	36475463	LINE/L2	876	+	36	36475428	79411
chr22	36396017	36596017	harbor2	chr22	36475680	36475805	LINE/L2	876	+	62	36475742	79725
chr22	45160513	45360513	harbor2	chr22	45221025	45221250	LINE/L2	675	+	112	45221137	60624
chr22	46294727	46494727	harbor2	chr22	46298671	46299782	LINE/L2	916	+	556	46299227	4500
chr22	46294727	46494727	harbor2	chr22	46300396	46300546	LINE/L2	916	+	75	46300471	5744
chr22	47353666	47553666	harbor2	chr22	47420484	47421060	LINE/L2	1183	+	288	47420772	67106
chr22	47353666	47553666	harbor2	chr22	47430148	47430321	LINE/L2	529	+	86	47430234	76568
chr22	36831013	37031013	harbor2	chr22	36839655	36839963	LINE/L2	547	+	154	36839809	8796
chr22	36831013	37031013	harbor2	chr22	36855820	36855962	LINE/L2	423	+	71	36855891	24878
chr22	36831013	37031013	harbor2	chr22	36861574	36861862	LINE/L2	485	+	144	36861718	30705
chr22	36831013	37031013	harbor2	chr22	36874868	36875016	LINE/L2	474	+	74	36874942	43929
chr22	36831013	37031013	harbor2	chr22	36875330	36875408	LINE/L2	474	+	39	36875369	44356
chr22	36831013	37031013	harbor2	chr22	36903472	36903764	LINE/L2	452	+	146	36903618	72605
chr22	36831013	37031013	harbor2	chr22	36924129	36925945	LINE/L2	1236	+	908	36925037	94024
chr22	30235408	30435408	harbor2	chr22	30274436	30274966	LINE/L2	480	+	265	30274701	39293
chr22	30235408	30435408	harbor2	chr22	30319022	30319438	LINE/L2	437	+	208	30319230	83822
chr22	32112552	32312552	harbor2	chr22	32157206	32157420	LINE/L2	420	+	107	32157313	44761
chr22	32112552	32312552	harbor2	chr22	32181267	32181791	LINE/L2	523	+	262	32181529	68977
chr22	45293483	45493483	harbor2	chr22	45326151	45326395	LINE/L2	459	+	122	45326273	32790
chr22	45293483	45493483	harbor2	chr22	45349910	45350261	LINE/L2	1449	+	176	45350086	56603
chr22	45293483	45493483	harbor2	chr22	45362316	45362802	LINE/L2	513	+	243	45362559	69076
chr22	45293483	45493483	harbor2	chr22	45364697	45364824	LINE/L2	1007	+	64	45364761	71278
chr22	45293483	45493483	harbor2	chr22	45365137	45365330	LINE/L2	1007	+	96	45365233	71750
chr22	45293483	45493483	harbor2	chr22	45350576	45351349	LINE/L2	1449	+	386	45350962	57479
chr22	33839738	34039738	harbor2	chr22	33864504	33864657	LINE/L2	410	+	76	33864580	24842
chr22	33839738	34039738	harbor2	chr22	33883379	33884080	LINE/L2	1148	+	350	33883729	43991
chr22	45680331	45880331	harbor2	chr22	45680492	45680536	LINE/L2	3750	+	22	45680514	183
chr22	45680331	45880331	harbor2	chr22	45680762	45682316	LINE/L2	3750	+	777	45681539	1208
chr22	45680331	45880331	harbor2	chr22	45682609	45683036	LINE/L2	3750	+	214	45682823	2492
chr22	45680331	45880331	harbor2	chr22	45683341	45683598	LINE/L2	3750	+	128	45683469	3138
chr22	45680331	45880331	harbor2	chr22	45696501	45696714	LINE/L2	511	+	106	45696607	16276
chr22	45680331	45880331	harbor2	chr22	45709532	45710612	LINE/L2	1279	+	540	45710072	29741
chr22	40785163	40985163	harbor2	chr22	40816536	40816599	LINE/L2	508	+	32	40816568	31405
chr22	40785163	40985163	harbor2	chr22	40816911	40817040	LINE/L2	508	+	64	40816975	31812
chr22	40785163	40985163	harbor2	chr22	40817068	40817919	LINE/L2	1399	+	426	40817494	32331
chr22	40785163	40985163	harbor2	chr22	40865063	40865325	LINE/L2	555	+	131	40865194	80031
chr22	40785163	40985163	harbor2	chr22	40865627	40865686	LINE/L2	555	+	30	40865657	80494
chr22	40785163	40985163	harbor2	chr22	40865920	40866228	LINE/L2	516	+	154	40866074	80911
chr22	36706475	36906475	harbor2	chr22	36709468	36709713	LINE/L2	484	+	122	36709590	3115
chr22	36706475	36906475	harbor2	chr22	36731500	36732522	LINE/L2	1682	+	511	36732011	25536
chr22	36706475	36906475	harbor2	chr22	36736136	36736218	LINE/L2	629	+	41	36736177	29702
chr22	36706475	36906475	harbor2	chr22	36736521	36736896	LINE/L2	629	+	188	36736709	30234
chr22	36706475	36906475	harbor2	chr22	36754604	36754872	LINE/L2	656	+	134	36754738	48263
chr22	36706475	36906475	harbor2	chr22	36780010	36780247	LINE/L2	979	+	118	36780128	73653
chr22	36706475	36906475	harbor2	chr22	36780548	36780705	LINE/L2	979	+	78	36780626	74151
chr22	36706475	36906475	harbor2	chr22	36803245	36803509	LINE/L2	625	+	132	36803377	96902
chr22	37866634	38066634	harbor2	chr22	37951566	37951781	LINE/L2	460	+	108	37951674	85040
chr22	37866634	38066634	harbor2	chr22	37952105	37952189	LINE/L2	460	+	42	37952147	85513
chr22	33859825	34059825	harbor2	chr22	33864504	33864657	LINE/L2	410	+	76	33864580	4755
chr22	33859825	34059825	harbor2	chr22	33883379	33884080	LINE/L2	1148	+	350	33883729	23904
chr22	33859825	34059825	harbor2	chr22	33957075	33957445	LINE/L2	592	+	185	33957260	97435
chr22	33859825	34059825	harbor2	chr22	33957911	33959080	LINE/L2	2658	+	584	33958495	98670
chr22	33859825	34059825	harbor2	chr22	33959363	33959894	LINE/L2	2658	+	266	33959629	99804
chr22	26773233	26973233	harbor2	chr22	26790122	26790453	LINE/L2	481	+	166	26790288	17055
chr22	26773233	26973233	harbor2	chr22	26791498	26791706	LINE/L2	404	+	104	26791602	18369
chr22	41512666	41712666	harbor2	chr22	41551931	41552512	LINE/L2	1656	+	290	41552221	39555
chr22	41512666	41712666	harbor2	chr22	41553109	41553713	LINE/L2	1656	+	302	41553411	40745
chr22	41512666	41712666	harbor2	chr22	41585843	41585954	LINE/L2	402	+	56	41585899	73233
chr22	42455184	42655184	harbor2	chr22	42475225	42475483	LINE/L2	607	+	129	42475354	20170
chr22	42455184	42655184	harbor2	chr22	42495902	42496021	LINE/L2	470	+	60	42495962	40778
chr22	42455184	42655184	harbor2	chr22	42537538	42537657	LINE/L2	465	+	60	42537598	82414
chr22	42455184	42655184	harbor2	chr22	42539547	42539666	LINE/L2	465	+	60	42539607	84423
chr22	44563860	44763860	harbor2	chr22	44584135	44584523	LINE/L2	574	+	194	44584329	20469
chr22	44563860	44763860	harbor2	chr22	44585569	44586340	LINE/L2	1097	+	386	44585955	22095
chr22	38405633	38605633	harbor2	chr22	38443895	38444102	LINE/L2	465	+	104	38443999	38366
chr22	44279473	44479473	harbor2	chr22	44288688	44288973	LINE/L2	503	+	142	44288830	9357
chr22	44279473	44479473	harbor2	chr22	44343941	44344519	LINE/L2	477	+	289	44344230	64757
chr22	44279473	44479473	harbor2	chr22	44355373	44355676	LINE/L2	471	+	152	44355525	76052
chr22	44279473	44479473	harbor2	chr22	44369423	44369779	LINE/L2	423	+	178	44369601	90128
chr22	38826857	39026857	harbor2	chr22	38879748	38879944	LINE/L2	565	+	98	38879846	52989
chr22	38826857	39026857	harbor2	chr22	38880071	38880267	LINE/L2	469	+	98	38880169	53312
chr22	19399630	19599630	harbor2	chr22	19400592	19401041	LINE/L2	890	+	224	19400816	1186
chr22	19399630	19599630	harbor2	chr22	19401097	19401292	LINE/L2	414	+	98	19401195	1565
chr22	19399630	19599630	harbor2	chr22	19401490	19402249	LINE/L2	774	+	380	19401870	2240
chr22	19399630	19599630	harbor2	chr22	19419272	19419722	LINE/L2	876	+	225	19419497	19867
chr22	19399630	19599630	harbor2	chr22	19422301	19422710	LINE/L2	888	+	204	19422505	22875
chr22	19399630	19599630	harbor2	chr22	19440410	19440595	LINE/L2	481	+	92	19440502	40872
chr22	43217791	43417791	harbor2	chr22	43218830	43219076	LINE/L2	482	+	123	43218953	1162
chr22	43217791	43417791	harbor2	chr22	43300769	43301818	LINE/L2	831	+	524	43301293	83502
chr22	43217791	43417791	harbor2	chr22	43309543	43310236	LINE/L2	808	+	346	43309889	92098
chr22	43217791	43417791	harbor2	chr22	43311127	43311376	LINE/L2	461	+	124	43311251	93460
chr22	30812209	31012209	harbor2	chr22	30909223	30909410	LINE/L2	456	+	94	30909317	97108
chr22	26873842	27073842	harbor2	chr22	26941503	26941774	LINE/L2	480	+	136	26941639	67797
chr22	26873842	27073842	harbor2	chr22	26959678	26959840	LINE/L2	425	+	81	26959759	85917
chr22	26873842	27073842	harbor2	chr22	26966923	26967077	LINE/L2	582	+	77	26967000	93158
chr22	26873842	27073842	harbor2	chr22	26968498	26968913	LINE/L2	470	+	208	26968706	94864
chr22	37103572	37303572	harbor2	chr22	37114169	37114327	LINE/L2	410	+	79	37114248	10676
chr22	37103572	37303572	harbor2	chr22	37133635	37134062	LINE/L2	677	+	214	37133849	30277
chr22	37103572	37303572	harbor2	chr22	37134725	37134919	LINE/L2	677	+	97	37134822	31250
chr22	37103572	37303572	harbor2	chr22	37136766	37137193	LINE/L2	442	+	214	37136980	33408
chr22	37103572	37303572	harbor2	chr22	37137760	37138139	LINE/L2	908	+	190	37137950	34378
chr22	37103572	37303572	harbor2	chr22	37144310	37144463	LINE/L2	793	+	76	37144386	40814
chr22	37103572	37303572	harbor2	chr22	37144763	37144995	LINE/L2	793	+	116	37144879	41307
chr22	37103572	37303572	harbor2	chr22	37155199	37155561	LINE/L2	508	+	181	37155380	51808
chr22	37103572	37303572	harbor2	chr22	37173066	37173435	LINE/L2	612	+	184	37173250	69678
chr22	37103572	37303572	harbor2	chr22	37184511	37184760	LINE/L2	410	+	124	37184635	81063
chr22	37103572	37303572	harbor2	chr22	37184777	37185107	LINE/L2	564	+	165	37184942	81370
chr22	29070614	29270614	harbor2	chr22	29088979	29090147	LINE/L2	1988	+	584	29089563	18949
chr22	50602852	50802852	harbor2	chr22	50702427	50702839	LINE/L2	838	+	206	50702633	99781
chr22	50688850	50888850	harbor2	chr22	50702427	50702839	LINE/L2	838	+	206	50702633	13783
chr22	50688850	50888850	harbor2	chr22	50778664	50778812	LINE/L2	463	+	74	50778738	89888
chr22	32072245	32272245	harbor2	chr22	32088652	32088863	LINE/L2	463	+	106	32088758	16513
chr22	32072245	32272245	harbor2	chr22	32157206	32157420	LINE/L2	420	+	107	32157313	85068
chr22	40849498	41049498	harbor2	chr22	40865063	40865325	LINE/L2	555	+	131	40865194	15696
chr22	40849498	41049498	harbor2	chr22	40865627	40865686	LINE/L2	555	+	30	40865657	16159
chr22	40849498	41049498	harbor2	chr22	40865920	40866228	LINE/L2	516	+	154	40866074	16576
chrX	149138994	149338994	harbor2	chrX	149205959	149206467	LINE/L2	675	+	254	149206213	67219
chrX	149138994	149338994	harbor2	chrX	149230670	149231511	LINE/L2	1458	+	420	149231090	92096
chrX	133993859	134193859	harbor2	chrX	134010125	134010398	LINE/L2	616	+	136	134010261	16402
chrX	133993859	134193859	harbor2	chrX	134014096	134014225	LINE/L2	477	+	64	134014160	20301
chrX	133993859	134193859	harbor2	chrX	134020766	134020957	LINE/L2	454	+	96	134020862	27003
chrX	133993859	134193859	harbor2	chrX	134021764	134021895	LINE/L2	1584	+	66	134021830	27971
chrX	133993859	134193859	harbor2	chrX	134022193	134022966	LINE/L2	1584	+	386	134022579	28720
chrX	133993859	134193859	harbor2	chrX	134033430	134033544	LINE/L2	539	+	57	134033487	39628
chrX	133993859	134193859	harbor2	chrX	134034871	134035349	LINE/L2	1259	+	239	134035110	41251
chrX	74552882	74752882	harbor2	chrX	74577247	74577427	LINE/L2	485	+	90	74577337	24455
chrX	74552882	74752882	harbor2	chrX	74577751	74577839	LINE/L2	485	+	44	74577795	24913
chrX	74552882	74752882	harbor2	chrX	74577967	74577986	LINE/L2	485	+	10	74577977	25095
chrX	138746055	138946055	harbor2	chrX	138765708	138766302	LINE/L2	574	+	297	138766005	19950
chrX	138746055	138946055	harbor2	chrX	138770310	138770755	LINE/L2	535	+	222	138770532	24477
chrX	138746055	138946055	harbor2	chrX	138784377	138784554	LINE/L2	512	+	88	138784465	38410
chrX	138746055	138946055	harbor2	chrX	138784580	138786249	LINE/L2	2938	+	834	138785414	39359
chrX	138746055	138946055	harbor2	chrX	138811707	138811942	LINE/L2	542	+	118	138811825	65770
chrX	152507675	152707675	harbor2	chrX	152526175	152526443	LINE/L2	679	+	134	152526309	18634
chrX	152507675	152707675	harbor2	chrX	152526475	152526872	LINE/L2	530	+	198	152526673	18998
chrX	152507675	152707675	harbor2	chrX	152538774	152539207	LINE/L2	816	+	216	152538990	31315
chrX	152507675	152707675	harbor2	chrX	152594862	152595826	LINE/L2	625	+	482	152595344	87669
chrX	147541478	147741478	harbor2	chrX	147552592	147552894	LINE/L2	611	+	151	147552743	11265
chrX	147541478	147741478	harbor2	chrX	147553046	147553643	LINE/L2	1512	+	298	147553344	11866
chrX	147541478	147741478	harbor2	chrX	147558425	147558546	LINE/L2	545	+	60	147558485	17007
chrX	147541478	147741478	harbor2	chrX	147603258	147603454	LINE/L2	711	+	98	147603356	61878
chrX	147541478	147741478	harbor2	chrX	147626988	147627289	LINE/L2	593	+	150	147627138	85660
chrX	152799737	152999737	harbor2	chrX	152805888	152805900	LINE/L2	464	+	6	152805894	6157
chrX	152799737	152999737	harbor2	chrX	152805936	152806053	LINE/L2	464	+	58	152805994	6257
chrX	152799737	152999737	harbor2	chrX	152813984	152814395	LINE/L2	529	+	206	152814190	14453
chrX	152799737	152999737	harbor2	chrX	152818204	152818544	LINE/L2	567	+	170	152818374	18637
chrX	152799737	152999737	harbor2	chrX	152831993	152832436	LINE/L2	732	+	222	152832215	32478
chrX	152799737	152999737	harbor2	chrX	152851536	152852162	LINE/L2	1349	+	313	152851849	52112
chrX	152799737	152999737	harbor2	chrX	152852809	152853128	LINE/L2	2077	+	160	152852969	53232
chrX	152799737	152999737	harbor2	chrX	152853169	152853925	LINE/L2	2077	+	378	152853547	53810
chrX	154663780	154863780	harbor2	chrX	154726527	154727551	LINE/L2	2009	+	512	154727039	63259
chrX	154663780	154863780	harbor2	chrX	154735478	154735945	LINE/L2	1257	+	234	154735712	71932
chrX	18908355	19108355	harbor2	chrX	18973685	18974507	LINE/L2	2319	+	411	18974096	65741
chrX	18908355	19108355	harbor2	chrX	18974854	18975142	LINE/L2	2319	+	144	18974998	66643
chrX	18908355	19108355	harbor2	chrX	18975516	18975967	LINE/L2	2319	+	226	18975742	67387
chrX	155834425	156034425	harbor2	chrX	155841191	155841367	LINE/L2	461	+	88	155841279	6854
chrX	155834425	156034425	harbor2	chrX	155869363	155869917	LINE/L2	1251	+	277	155869640	35215
chrX	155834425	156034425	harbor2	chrX	155870494	155870893	LINE/L2	1251	+	200	155870694	36269
chrX	155834425	156034425	harbor2	chrX	155892377	155892741	LINE/L2	538	+	182	155892559	58134
chrX	155834425	156034425	harbor2	chrX	155893053	155893155	LINE/L2	538	+	51	155893104	58679
chrX	155834425	156034425	harbor2	chrX	155894058	155894609	LINE/L2	580	+	276	155894334	59909
chrX	155834425	156034425	harbor2	chrX	155894920	155895186	LINE/L2	580	+	133	155895053	60628
chrX	85399918	85599918	harbor2	chrX	85433163	85433604	LINE/L2	1182	+	220	85433383	33465
chrX	85399918	85599918	harbor2	chrX	85441608	85442194	LINE/L2	874	+	293	85441901	41983
chrX	85399918	85599918	harbor2	chrX	85444462	85444678	LINE/L2	694	+	108	85444570	44652
chrX	85399918	85599918	harbor2	chrX	85476825	85477559	LINE/L2	835	+	367	85477192	77274
chrX	85399918	85599918	harbor2	chrX	85479633	85480389	LINE/L2	1337	+	378	85480011	80093
chrX	85399918	85599918	harbor2	chrX	85481529	85481778	LINE/L2	704	+	124	85481653	81735
chrX	85399918	85599918	harbor2	chrX	85498327	85498820	LINE/L2	997	+	246	85498573	98655
chrX	154874720	155074720	harbor2	chrX	154880969	154881363	LINE/L2	447	+	197	154881166	6446
chrX	154874720	155074720	harbor2	chrX	154896642	154896912	LINE/L2	536	+	135	154896777	22057
chrX	154874720	155074720	harbor2	chrX	154906714	154906844	LINE/L2	728	+	65	154906779	32059
chrX	154874720	155074720	harbor2	chrX	154922074	154922268	LINE/L2	555	+	97	154922171	47451
chrX	154874720	155074720	harbor2	chrX	154927735	154928131	LINE/L2	750	+	198	154927933	53213
chrX	154874720	155074720	harbor2	chrX	154969708	154970137	LINE/L2	530	+	214	154969922	95202
chrX	154874720	155074720	harbor2	chrX	154970310	154970703	LINE/L2	530	+	196	154970506	95786
chrX	155059601	155259601	harbor2	chrX	155123885	155123985	LINE/L2	675	+	50	155123935	64334
chrX	155059601	155259601	harbor2	chrX	155124262	155124429	LINE/L2	675	+	84	155124346	64745
chrX	155059601	155259601	harbor2	chrX	155141624	155141906	LINE/L2	779	+	141	155141765	82164
chrX	155059601	155259601	harbor2	chrX	155148955	155149746	LINE/L2	485	+	396	155149351	89750
chrX	151019982	151219982	harbor2	chrX	151034455	151035191	LINE/L2	1202	+	368	151034823	14841
chrX	151019982	151219982	harbor2	chrX	151050222	151050598	LINE/L2	1378	+	188	151050410	30428
chrX	151019982	151219982	harbor2	chrX	151074988	151075064	LINE/L2	925	+	38	151075026	55044
chrX	151019982	151219982	harbor2	chrX	151075423	151075637	LINE/L2	925	+	107	151075530	55548
chrX	151019982	151219982	harbor2	chrX	151075699	151075861	LINE/L2	727	+	81	151075780	55798
chrX	151019982	151219982	harbor2	chrX	151086311	151086489	LINE/L2	709	+	89	151086400	66418
chrX	151019982	151219982	harbor2	chrX	151087066	151088166	LINE/L2	1920	+	550	151087616	67634
chrX	151019982	151219982	harbor2	chrX	151088410	151089585	LINE/L2	1806	+	588	151088998	69016
chrX	151019982	151219982	harbor2	chrX	151089881	151090100	LINE/L2	577	+	110	151089991	70009
chrX	151019982	151219982	harbor2	chrX	151090399	151090503	LINE/L2	577	+	52	151090451	70469
chrX	151019982	151219982	harbor2	chrX	151103284	151103543	LINE/L2	768	+	130	151103414	83432
chrX	151019982	151219982	harbor2	chrX	151104037	151104609	LINE/L2	1592	+	286	151104323	84341
chrX	151019982	151219982	harbor2	chrX	151105312	151105661	LINE/L2	1169	+	174	151105486	85504
chrX	151019982	151219982	harbor2	chrX	151114644	151114940	LINE/L2	954	+	148	151114792	94810
chrX	132672815	132872815	harbor2	chrX	132698738	132698955	LINE/L2	543	+	108	132698846	26031
chrX	132672815	132872815	harbor2	chrX	132702649	132702928	LINE/L2	601	+	140	132702789	29974
