H_chr	H_start	H_end	Harbor	TE_chr	TE_start	TE_end	TE	score	TE_strand	TE_half	TE_middle_pos	TE_dis
chr1	103708441	103908441	harbor1	chr1	103707339	103708688	LINE/L2	1991	+	674	103708013	428
chr1	103708441	103908441	harbor1	chr1	103789772	103789972	LINE/L2	421	+	100	103789872	81431
chr1	234473588	234673588	harbor1	chr1	234482078	234482783	LINE/L2	594	+	352	234482430	8842
chr1	234473588	234673588	harbor1	chr1	234483019	234483467	LINE/L2	406	+	224	234483243	9655
chr1	234473588	234673588	harbor1	chr1	234518584	234518720	LINE/L2	449	+	68	234518652	45064
chr1	217328960	217528960	harbor1	chr1	217352987	217353841	LINE/L2	1328	+	427	217353414	24454
chr1	161699396	161899396	harbor1	chr1	161707539	161708505	LINE/L2	1170	+	483	161708022	8626
chr1	161699396	161899396	harbor1	chr1	161708546	161708931	LINE/L2	518	+	192	161708738	9342
chr1	161699396	161899396	harbor1	chr1	161745437	161745742	LINE/L2	672	+	152	161745589	46193
chr1	161699396	161899396	harbor1	chr1	161771324	161771604	LINE/L2	619	+	140	161771464	72068
chr1	161699396	161899396	harbor1	chr1	161771797	161772963	LINE/L2	2585	+	583	161772380	72984
chr1	161699396	161899396	harbor1	chr1	161773566	161773652	LINE/L2	2585	+	43	161773609	74213
chr1	161699396	161899396	harbor1	chr1	161784724	161785091	LINE/L2	529	+	184	161784908	85512
chr1	36619682	36819682	harbor1	chr1	36628006	36628238	LINE/L2	400	+	116	36628122	8440
chr1	36619682	36819682	harbor1	chr1	36639454	36639663	LINE/L2	597	+	104	36639558	19876
chr1	36619682	36819682	harbor1	chr1	36671733	36672896	LINE/L2	482	+	582	36672315	52633
chr1	36619682	36819682	harbor1	chr1	36672887	36673154	LINE/L2	478	+	134	36673021	53339
chr1	36619682	36819682	harbor1	chr1	36699674	36700004	LINE/L2	610	+	165	36699839	80157
chr1	36619682	36819682	harbor1	chr1	36701461	36702088	LINE/L2	1292	+	314	36701775	82093
chr1	28686527	28886527	harbor1	chr1	28724352	28724388	LINE/L2	506	+	18	28724370	37843
chr1	28686527	28886527	harbor1	chr1	28724980	28725205	LINE/L2	506	+	112	28725092	38565
chr1	28686527	28886527	harbor1	chr1	28731247	28731389	LINE/L2	539	+	71	28731318	44791
chr1	28686527	28886527	harbor1	chr1	28731721	28731746	LINE/L2	539	+	12	28731733	45206
chr1	28686527	28886527	harbor1	chr1	28732048	28732297	LINE/L2	539	+	124	28732172	45645
chr1	28686527	28886527	harbor1	chr1	28732738	28732932	LINE/L2	539	+	97	28732835	46308
chr1	28686527	28886527	harbor1	chr1	28733433	28733551	LINE/L2	456	+	59	28733492	46965
chr1	28686527	28886527	harbor1	chr1	28733866	28734148	LINE/L2	456	+	141	28734007	47480
chr1	28686527	28886527	harbor1	chr1	28778433	28778733	LINE/L2	1105	+	150	28778583	92056
chr1	28686527	28886527	harbor1	chr1	28779027	28779208	LINE/L2	1105	+	90	28779117	92590
chr1	28686527	28886527	harbor1	chr1	28779364	28779447	LINE/L2	658	+	42	28779406	92879
chr1	28686527	28886527	harbor1	chr1	28779746	28779875	LINE/L2	658	+	64	28779810	93283
chr1	28686527	28886527	harbor1	chr1	28780186	28780281	LINE/L2	658	+	48	28780234	93707
chr1	28686527	28886527	harbor1	chr1	28780578	28780737	LINE/L2	1479	+	80	28780658	94131
chr1	28686527	28886527	harbor1	chr1	28781033	28781206	LINE/L2	1479	+	86	28781119	94592
chr1	28686527	28886527	harbor1	chr1	28781686	28782188	LINE/L2	1479	+	251	28781937	95410
chr1	28686527	28886527	harbor1	chr1	28783634	28783819	LINE/L2	439	+	92	28783726	97199
chr1	232034265	232234265	harbor1	chr1	232087538	232087790	LINE/L2	417	+	126	232087664	53399
chr1	232034265	232234265	harbor1	chr1	232112767	232113095	LINE/L2	440	+	164	232112931	78666
chr1	187934296	188134296	harbor1	chr1	187938774	187939044	LINE/L2	613	+	135	187938909	4613
chr1	187934296	188134296	harbor1	chr1	187942661	187943391	LINE/L2	452	+	365	187943026	8730
chr1	187934296	188134296	harbor1	chr1	187943760	187943945	LINE/L2	441	+	92	187943852	9556
chr1	187934296	188134296	harbor1	chr1	187980424	187980805	LINE/L2	581	+	190	187980614	46318
chr1	187934296	188134296	harbor1	chr1	188023260	188023614	LINE/L2	533	+	177	188023437	89141
chr1	187934296	188134296	harbor1	chr1	188023826	188023926	LINE/L2	533	+	50	188023876	89580
chr1	187934296	188134296	harbor1	chr1	188026513	188026713	LINE/L2	1022	+	100	188026613	92317
chr1	187934296	188134296	harbor1	chr1	188027017	188027462	LINE/L2	1022	+	222	188027239	92943
chr1	187934296	188134296	harbor1	chr1	188027722	188027878	LINE/L2	511	+	78	188027800	93504
chr1	79114311	79314311	harbor1	chr1	79175073	79175216	LINE/L2	467	+	72	79175145	60834
chr1	232202979	232402979	harbor1	chr1	232217142	232217641	LINE/L2	565	+	250	232217392	14413
chr1	232202979	232402979	harbor1	chr1	232224834	232225033	LINE/L2	633	+	100	232224934	21955
chr1	232202979	232402979	harbor1	chr1	232289848	232290323	LINE/L2	904	+	238	232290086	87107
chr1	232202979	232402979	harbor1	chr1	232290939	232291110	LINE/L2	904	+	86	232291025	88046
chr1	182089820	182289820	harbor1	chr1	182107178	182107840	LINE/L2	441	+	331	182107509	17689
chr1	182089820	182289820	harbor1	chr1	182122094	182122542	LINE/L2	437	+	224	182122318	32498
chr1	178962333	179162333	harbor1	chr1	179005401	179005609	LINE/L2	438	+	104	179005505	43172
chr1	222698793	222898793	harbor1	chr1	222786647	222787055	LINE/L2	465	+	204	222786851	88058
chr1	104841676	105041676	harbor1	chr1	104854303	104854612	LINE/L2	466	+	154	104854457	12781
chr1	150352413	150552413	harbor1	chr1	150380952	150381144	LINE/L2	457	+	96	150381048	28635
chr1	150352413	150552413	harbor1	chr1	150381433	150381449	LINE/L2	457	+	8	150381441	29028
chr1	150352413	150552413	harbor1	chr1	150444727	150444847	LINE/L2	530	+	60	150444787	92374
chr1	94585470	94785470	harbor1	chr1	94607823	94607992	LINE/L2	398	+	84	94607907	22437
chr1	94585470	94785470	harbor1	chr1	94642384	94643249	LINE/L2	646	+	432	94642816	57346
chr1	94585470	94785470	harbor1	chr1	94643404	94644246	LINE/L2	1406	+	421	94643825	58355
chr1	181147469	181347469	harbor1	chr1	181164752	181164840	LINE/L2	576	+	44	181164796	17327
chr1	181147469	181347469	harbor1	chr1	181165211	181165300	LINE/L2	576	+	44	181165255	17786
chr1	181147469	181347469	harbor1	chr1	181179765	181179908	LINE/L2	458	+	72	181179837	32368
chr1	181147469	181347469	harbor1	chr1	181191516	181191679	LINE/L2	643	+	82	181191598	44129
chr1	181147469	181347469	harbor1	chr1	181211216	181211464	LINE/L2	570	+	124	181211340	63871
chr1	181147469	181347469	harbor1	chr1	181214625	181215012	LINE/L2	731	+	194	181214819	67350
chr1	181147469	181347469	harbor1	chr1	181215322	181215390	LINE/L2	731	+	34	181215356	67887
chr1	181147469	181347469	harbor1	chr1	181219995	181220603	LINE/L2	711	+	304	181220299	72830
chr1	203560383	203760383	harbor1	chr1	203641810	203641936	LINE/L2	551	+	63	203641873	81490
chr1	89226195	89426195	harbor1	chr1	89280822	89281542	LINE/L2	753	+	360	89281182	54987
chr1	89226195	89426195	harbor1	chr1	89287401	89287986	LINE/L2	497	+	292	89287693	61498
chr1	50085083	50285083	harbor1	chr1	50092963	50093082	LINE/L2	582	+	60	50093023	7940
chr1	50085083	50285083	harbor1	chr1	50165202	50165384	LINE/L2	561	+	91	50165293	80210
chr1	50085083	50285083	harbor1	chr1	50169408	50169662	LINE/L2	689	+	127	50169535	84452
chr1	8241903	8441903	harbor1	chr1	8316838	8316991	LINE/L2	488	+	76	8316914	75011
chr1	8241903	8441903	harbor1	chr1	8317284	8317471	LINE/L2	488	+	94	8317378	75475
chr1	29488753	29688753	harbor1	chr1	29549532	29549920	LINE/L2	550	+	194	29549726	60973
chr1	29488753	29688753	harbor1	chr1	29582586	29582809	LINE/L2	535	+	112	29582698	93945
chr1	59479253	59679253	harbor1	chr1	59479925	59480302	LINE/L2	581	+	188	59480113	860
chr1	59479253	59679253	harbor1	chr1	59505239	59505359	LINE/L2	416	+	60	59505299	26046
chr1	59479253	59679253	harbor1	chr1	59513407	59513755	LINE/L2	630	+	174	59513581	34328
chr1	59479253	59679253	harbor1	chr1	59517534	59517807	LINE/L2	448	+	136	59517670	38417
chr1	59479253	59679253	harbor1	chr1	59544987	59545249	LINE/L2	426	+	131	59545118	65865
chr1	154896235	155096235	harbor1	chr1	154899258	154899575	LINE/L2	792	+	158	154899416	3181
chr1	154896235	155096235	harbor1	chr1	154899889	154900416	LINE/L2	849	+	264	154900153	3918
chr1	154896235	155096235	harbor1	chr1	154927477	154928096	LINE/L2	1311	+	310	154927787	31552
chr1	154896235	155096235	harbor1	chr1	154938654	154938883	LINE/L2	498	+	114	154938768	42533
chr1	154896235	155096235	harbor1	chr1	154939021	154939278	LINE/L2	498	+	128	154939149	42914
chr1	154896235	155096235	harbor1	chr1	154926877	154927168	LINE/L2	1311	+	146	154927023	30788
chr1	29719198	29919198	harbor1	chr1	29748068	29748172	LINE/L2	446	+	52	29748120	28922
chr1	29719198	29919198	harbor1	chr1	29801284	29801463	LINE/L2	495	+	90	29801374	82176
chr1	105798872	105998872	harbor1	chr1	105846563	105848101	LINE/L2	1226	+	769	105847332	48460
chr1	109248550	109448550	harbor1	chr1	109302512	109302779	LINE/L2	668	+	134	109302646	54096
chr1	109248550	109448550	harbor1	chr1	109303175	109303665	LINE/L2	1665	+	245	109303420	54870
chr1	109248550	109448550	harbor1	chr1	109303676	109304291	LINE/L2	1861	+	308	109303984	55434
chr1	109248550	109448550	harbor1	chr1	109343214	109343647	LINE/L2	1847	+	216	109343430	94880
chr1	109248550	109448550	harbor1	chr1	109343950	109344704	LINE/L2	1847	+	377	109344327	95777
chr1	109248550	109448550	harbor1	chr1	109344997	109345134	LINE/L2	856	+	68	109345065	96515
chr1	215718321	215918321	harbor1	chr1	215744884	215745155	LINE/L2	552	+	136	215745020	26699
chr1	215718321	215918321	harbor1	chr1	215760412	215761584	LINE/L2	1073	+	586	215760998	42677
chr1	111130357	111330357	harbor1	chr1	111194924	111195342	LINE/L2	396	+	209	111195133	64776
chr1	111130357	111330357	harbor1	chr1	111208464	111208835	LINE/L2	514	+	186	111208650	78293
chr1	111130357	111330357	harbor1	chr1	111217840	111218179	LINE/L2	1201	+	170	111218010	87653
chr1	219270043	219470043	harbor1	chr1	219363226	219363269	LINE/L2	543	+	22	219363248	93205
chr1	219270043	219470043	harbor1	chr1	219363540	219363739	LINE/L2	543	+	100	219363640	93597
chr1	25981437	26181437	harbor1	chr1	26007039	26007312	LINE/L2	446	+	136	26007175	25738
chr1	25981437	26181437	harbor1	chr1	26018541	26018871	LINE/L2	856	+	165	26018706	37269
chr1	25981437	26181437	harbor1	chr1	26018872	26019000	LINE/L2	782	+	64	26018936	37499
chr1	25981437	26181437	harbor1	chr1	26019312	26019323	LINE/L2	782	+	6	26019318	37881
chr1	25981437	26181437	harbor1	chr1	26019582	26019814	LINE/L2	782	+	116	26019698	38261
chr1	25981437	26181437	harbor1	chr1	26019929	26020122	LINE/L2	467	+	96	26020025	38588
chr1	25981437	26181437	harbor1	chr1	26039993	26040249	LINE/L2	656	+	128	26040121	58684
chr1	25981437	26181437	harbor1	chr1	26061820	26061979	LINE/L2	422	+	80	26061900	80463
chr1	25981437	26181437	harbor1	chr1	26070939	26071391	LINE/L2	591	+	226	26071165	89728
chr1	116082008	116282008	harbor1	chr1	116148812	116149312	LINE/L2	535	+	250	116149062	67054
chr1	116082008	116282008	harbor1	chr1	116150037	116150853	LINE/L2	614	+	408	116150445	68437
chr1	13675368	13875368	harbor1	chr1	13712897	13713313	LINE/L2	512	+	208	13713105	37737
chr1	156453270	156653270	harbor1	chr1	156459997	156460704	LINE/L2	590	+	354	156460351	7081
chr1	156453270	156653270	harbor1	chr1	156518144	156518317	LINE/L2	990	+	86	156518230	64960
chr1	156453270	156653270	harbor1	chr1	156518612	156518780	LINE/L2	990	+	84	156518696	65426
chr1	156453270	156653270	harbor1	chr1	156552165	156552792	LINE/L2	2029	+	314	156552479	99209
chr1	230352990	230552990	harbor1	chr1	230399823	230400549	LINE/L2	996	+	363	230400186	47196
chr1	230352990	230552990	harbor1	chr1	230413709	230413924	LINE/L2	414	+	108	230413817	60827
chr1	230352990	230552990	harbor1	chr1	230417563	230417838	LINE/L2	468	+	138	230417701	64711
chr1	168750546	168950546	harbor1	chr1	168764044	168764788	LINE/L2	681	+	372	168764416	13870
chr1	168750546	168950546	harbor1	chr1	168781356	168782020	LINE/L2	409	+	332	168781688	31142
chr1	168750546	168950546	harbor1	chr1	168784643	168784978	LINE/L2	417	+	168	168784811	34265
chr1	168750546	168950546	harbor1	chr1	168790956	168791515	LINE/L2	530	+	280	168791236	40690
chr1	168750546	168950546	harbor1	chr1	168792238	168792421	LINE/L2	484	+	92	168792330	41784
chr1	168750546	168950546	harbor1	chr1	168806260	168807247	LINE/L2	1998	+	494	168806754	56208
chr1	168750546	168950546	harbor1	chr1	168817423	168817667	LINE/L2	455	+	122	168817545	66999
chr1	171264660	171464660	harbor1	chr1	171266960	171267351	LINE/L2	441	+	196	171267156	2496
chr1	171264660	171464660	harbor1	chr1	171337669	171338946	LINE/L2	2639	+	638	171338307	73647
chr1	171264660	171464660	harbor1	chr1	171343885	171344213	LINE/L2	453	+	164	171344049	79389
chr1	154914524	155114524	harbor1	chr1	154927477	154928096	LINE/L2	1311	+	310	154927787	13263
chr1	154914524	155114524	harbor1	chr1	154938654	154938883	LINE/L2	498	+	114	154938768	24244
chr1	154914524	155114524	harbor1	chr1	154939021	154939278	LINE/L2	498	+	128	154939149	24625
chr1	154914524	155114524	harbor1	chr1	154926877	154927168	LINE/L2	1311	+	146	154927023	12499
chr1	198379030	198579030	harbor1	chr1	198389393	198389510	LINE/L2	425	+	58	198389451	10421
chr1	198379030	198579030	harbor1	chr1	198416632	198417749	LINE/L2	2174	+	558	198417190	38160
chr1	198379030	198579030	harbor1	chr1	198417790	198417905	LINE/L2	755	+	58	198417848	38818
chr1	198379030	198579030	harbor1	chr1	198429414	198429974	LINE/L2	724	+	280	198429694	50664
chr1	198379030	198579030	harbor1	chr1	198457916	198458237	LINE/L2	488	+	160	198458076	79046
chr1	119147098	119347098	harbor1	chr1	119149900	119150311	LINE/L2	829	+	206	119150106	3008
chr1	80621502	80821502	harbor1	chr1	80677973	80679105	LINE/L2	1261	+	566	80678539	57037
chr1	208001267	208201267	harbor1	chr1	208008208	208009184	LINE/L2	824	+	488	208008696	7429
chr1	208001267	208201267	harbor1	chr1	208063846	208064448	LINE/L2	584	+	301	208064147	62880
chr1	208001267	208201267	harbor1	chr1	208067883	208068202	LINE/L2	473	+	160	208068043	66776
chr1	197582611	197782611	harbor1	chr1	197601141	197601253	LINE/L2	496	+	56	197601197	18586
chr1	239265468	239465468	harbor1	chr1	239287303	239287757	LINE/L2	517	+	227	239287530	22062
chr1	239265468	239465468	harbor1	chr1	239293780	239294852	LINE/L2	1695	+	536	239294316	28848
chr1	239265468	239465468	harbor1	chr1	239295076	239295421	LINE/L2	1377	+	172	239295248	29780
chr1	239265468	239465468	harbor1	chr1	239319008	239319580	LINE/L2	1176	+	286	239319294	53826
chr1	114302945	114502945	harbor1	chr1	114324079	114324760	LINE/L2	1040	+	340	114324419	21474
chr1	114302945	114502945	harbor1	chr1	114330035	114330366	LINE/L2	679	+	166	114330201	27256
chr1	114302945	114502945	harbor1	chr1	114332334	114332644	LINE/L2	496	+	155	114332489	29544
chr1	79262110	79462110	harbor1	chr1	79302826	79303482	LINE/L2	1074	+	328	79303154	41044
chr1	87353233	87553233	harbor1	chr1	87408968	87409243	LINE/L2	521	+	138	87409106	55873
chr1	57087097	57287097	harbor1	chr1	57111438	57111851	LINE/L2	679	+	206	57111644	24547
chr1	57087097	57287097	harbor1	chr1	57122179	57122317	LINE/L2	450	+	69	57122248	35151
chr1	57087097	57287097	harbor1	chr1	57127455	57127669	LINE/L2	695	+	107	57127562	40465
chr1	57087097	57287097	harbor1	chr1	57138725	57138971	LINE/L2	524	+	123	57138848	51751
chr1	57087097	57287097	harbor1	chr1	57159470	57159596	LINE/L2	417	+	63	57159533	72436
chr1	43567312	43767312	harbor1	chr1	43589883	43590440	LINE/L2	479	+	278	43590161	22849
chr1	43567312	43767312	harbor1	chr1	43634707	43634847	LINE/L2	475	+	70	43634777	67465
chr1	190839266	191039266	harbor1	chr1	190880075	190880571	LINE/L2	1132	+	248	190880323	41057
chr1	190839266	191039266	harbor1	chr1	190934811	190935092	LINE/L2	453	+	140	190934951	95685
chr1	17977487	18177487	harbor1	chr1	17984217	17984574	LINE/L2	667	+	178	17984395	6908
chr1	17977487	18177487	harbor1	chr1	17986215	17986327	LINE/L2	493	+	56	17986271	8784
chr1	17977487	18177487	harbor1	chr1	18017225	18017482	LINE/L2	503	+	128	18017353	39866
chr1	17977487	18177487	harbor1	chr1	18051635	18051958	LINE/L2	631	+	162	18051797	74310
chr1	17977487	18177487	harbor1	chr1	18054290	18054949	LINE/L2	445	+	330	18054620	77133
chr1	17977487	18177487	harbor1	chr1	18071982	18072107	LINE/L2	546	+	62	18072044	94557
chr1	17977487	18177487	harbor1	chr1	18071362	18071675	LINE/L2	546	+	156	18071518	94031
chr1	38246	238246	harbor1	chr1	40308	40626	LINE/L2	747	+	159	40467	2221
chr1	38246	238246	harbor1	chr1	54465	54703	LINE/L2	529	+	119	54584	16338
chr1	38246	238246	harbor1	chr1	88144	88823	LINE/L2	811	+	340	88484	50238
chr1	38246	238246	harbor1	chr1	88925	89135	LINE/L2	422	+	105	89030	50784
chr1	38246	238246	harbor1	chr1	94078	94355	LINE/L2	469	+	138	94216	55970
chr1	38246	238246	harbor1	chr1	116373	117031	LINE/L2	1190	+	329	116702	78456
chr1	38246	238246	harbor1	chr1	123709	123821	LINE/L2	546	+	56	123765	85519
chr1	37092934	37292934	harbor1	chr1	37125560	37125835	LINE/L2	409	+	138	37125698	32764
chr1	37092934	37292934	harbor1	chr1	37152132	37152598	LINE/L2	790	+	233	37152365	59431
chr1	37092934	37292934	harbor1	chr1	37153768	37154326	LINE/L2	878	+	279	37154047	61113
chr1	37092934	37292934	harbor1	chr1	37179519	37180063	LINE/L2	937	+	272	37179791	86857
chr1	37092934	37292934	harbor1	chr1	37180077	37180499	LINE/L2	937	+	211	37180288	87354
chr1	243422589	243622589	harbor1	chr1	243448558	243448845	LINE/L2	418	+	144	243448702	26113
chr1	243422589	243622589	harbor1	chr1	243452933	243453063	LINE/L2	536	+	65	243452998	30409
chr1	243422589	243622589	harbor1	chr1	243514389	243514612	LINE/L2	461	+	112	243514501	91912
chr1	51095933	51295933	harbor1	chr1	51116614	51117203	LINE/L2	522	+	294	51116908	20975
chr1	51095933	51295933	harbor1	chr1	51176127	51176362	LINE/L2	743	+	118	51176245	80312
chr1	51095933	51295933	harbor1	chr1	51176652	51176782	LINE/L2	743	+	65	51176717	80784
chr1	51095933	51295933	harbor1	chr1	51177090	51177266	LINE/L2	743	+	88	51177178	81245
chr1	51095933	51295933	harbor1	chr1	51190404	51190514	LINE/L2	406	+	55	51190459	94526
chr1	51095933	51295933	harbor1	chr1	51191351	51192231	LINE/L2	2203	+	440	51191791	95858
chr1	51095933	51295933	harbor1	chr1	51192760	51192910	LINE/L2	1588	+	75	51192835	96902
chr1	51095933	51295933	harbor1	chr1	51193341	51193800	LINE/L2	1588	+	230	51193571	97638
chr1	184683952	184883952	harbor1	chr1	184689339	184689579	LINE/L2	406	+	120	184689459	5507
chr1	184683952	184883952	harbor1	chr1	184707364	184707492	LINE/L2	458	+	64	184707428	23476
chr1	184683952	184883952	harbor1	chr1	184715334	184715540	LINE/L2	431	+	103	184715437	31485
chr1	184683952	184883952	harbor1	chr1	184773912	184774131	LINE/L2	567	+	110	184774022	90070
chr1	53608248	53808248	harbor1	chr1	53642659	53642942	LINE/L2	506	+	142	53642801	34553
chr1	53608248	53808248	harbor1	chr1	53644908	53645063	LINE/L2	457	+	78	53644986	36738
chr1	53608248	53808248	harbor1	chr1	53645070	53645505	LINE/L2	1183	+	218	53645288	37040
chr1	53608248	53808248	harbor1	chr1	53658023	53658411	LINE/L2	428	+	194	53658217	49969
chr1	53608248	53808248	harbor1	chr1	53672386	53672566	LINE/L2	411	+	90	53672476	64228
chr1	168490883	168690883	harbor1	chr1	168491002	168491467	LINE/L2	1026	+	232	168491234	351
chr1	168490883	168690883	harbor1	chr1	168497135	168497442	LINE/L2	673	+	154	168497289	6406
chr1	168490883	168690883	harbor1	chr1	168514266	168514691	LINE/L2	1056	+	212	168514478	23595
chr1	168490883	168690883	harbor1	chr1	168514921	168515695	LINE/L2	1133	+	387	168515308	24425
chr1	168490883	168690883	harbor1	chr1	168536399	168537047	LINE/L2	1493	+	324	168536723	45840
chr1	168490883	168690883	harbor1	chr1	168545619	168546240	LINE/L2	405	+	310	168545929	55046
chr1	168490883	168690883	harbor1	chr1	168550700	168551622	LINE/L2	1540	+	461	168551161	60278
chr1	90117123	90317123	harbor1	chr1	90160539	90160901	LINE/L2	477	+	181	90160720	43597
chr1	90117123	90317123	harbor1	chr1	90165543	90166084	LINE/L2	994	+	270	90165813	48690
chr1	90117123	90317123	harbor1	chr1	90144476	90145308	LINE/L2	1132	+	416	90144892	27769
chr1	103162050	103362050	harbor1	chr1	103204690	103205292	LINE/L2	1082	+	301	103204991	42941
chr1	103162050	103362050	harbor1	chr1	103239340	103239438	LINE/L2	579	+	49	103239389	77339
chr1	103162050	103362050	harbor1	chr1	103239751	103240202	LINE/L2	767	+	226	103239977	77927
chr1	186598105	186798105	harbor1	chr1	186659836	186660108	LINE/L2	847	+	136	186659972	61867
chr1	186598105	186798105	harbor1	chr1	186660531	186660638	LINE/L2	736	+	54	186660585	62480
chr1	186598105	186798105	harbor1	chr1	186660919	186660945	LINE/L2	736	+	13	186660932	62827
chr1	186598105	186798105	harbor1	chr1	186692188	186692373	LINE/L2	772	+	92	186692280	94175
chr1	186598105	186798105	harbor1	chr1	186696169	186696351	LINE/L2	415	+	91	186696260	98155
chr1	186598105	186798105	harbor1	chr1	186696382	186696720	LINE/L2	415	+	169	186696551	98446
chr1	160259693	160459693	harbor1	chr1	160263176	160263341	LINE/L2	578	+	82	160263258	3565
chr1	160259693	160459693	harbor1	chr1	160263647	160264208	LINE/L2	615	+	280	160263927	4234
chr1	160259693	160459693	harbor1	chr1	160285910	160286080	LINE/L2	498	+	85	160285995	26302
chr1	160259693	160459693	harbor1	chr1	160296762	160296917	LINE/L2	587	+	78	160296840	37147
chr1	160259693	160459693	harbor1	chr1	160312244	160312436	LINE/L2	470	+	96	160312340	52647
chr1	160259693	160459693	harbor1	chr1	160312514	160312812	LINE/L2	762	+	149	160312663	52970
chr1	160259693	160459693	harbor1	chr1	160314643	160314897	LINE/L2	542	+	127	160314770	55077
chr1	160259693	160459693	harbor1	chr1	160336858	160336966	LINE/L2	398	+	54	160336912	77219
chr1	160259693	160459693	harbor1	chr1	160339571	160339777	LINE/L2	535	+	103	160339674	79981
chr1	18254878	18454878	harbor1	chr1	18255653	18256379	LINE/L2	621	+	363	18256016	1138
chr1	18254878	18454878	harbor1	chr1	18267992	18268115	LINE/L2	610	+	62	18268054	13176
chr1	18254878	18454878	harbor1	chr1	18279139	18279405	LINE/L2	409	+	133	18279272	24394
chr1	18254878	18454878	harbor1	chr1	18291349	18291793	LINE/L2	515	+	222	18291571	36693
chr1	18254878	18454878	harbor1	chr1	18293148	18293262	LINE/L2	430	+	57	18293205	38327
chr1	18254878	18454878	harbor1	chr1	18296936	18297253	LINE/L2	551	+	158	18297094	42216
chr1	18254878	18454878	harbor1	chr1	18306017	18306599	LINE/L2	664	+	291	18306308	51430
chr1	18254878	18454878	harbor1	chr1	18311564	18311583	LINE/L2	610	+	10	18311574	56696
chr1	18254878	18454878	harbor1	chr1	18311946	18312238	LINE/L2	610	+	146	18312092	57214
chr1	18254878	18454878	harbor1	chr1	18319718	18320036	LINE/L2	1055	+	159	18319877	64999
chr1	65858547	66058547	harbor1	chr1	65902426	65902742	LINE/L2	476	+	158	65902584	44037
chr1	50482160	50682160	harbor1	chr1	50493527	50493726	LINE/L2	412	+	100	50493627	11467
chr1	50482160	50682160	harbor1	chr1	50506285	50506703	LINE/L2	530	+	209	50506494	24334
chr1	50482160	50682160	harbor1	chr1	50529695	50529878	LINE/L2	449	+	92	50529787	47627
chr1	50482160	50682160	harbor1	chr1	50569132	50569358	LINE/L2	416	+	113	50569245	87085
chr1	70933892	71133892	harbor1	chr1	70941497	70941976	LINE/L2	558	+	240	70941737	7845
chr1	70933892	71133892	harbor1	chr1	70942399	70942618	LINE/L2	452	+	110	70942509	8617
chr1	70933892	71133892	harbor1	chr1	70943016	70943246	LINE/L2	452	+	115	70943131	9239
chr1	70933892	71133892	harbor1	chr1	70974702	70975228	LINE/L2	664	+	263	70974965	41073
chr1	70933892	71133892	harbor1	chr1	70983365	70983486	LINE/L2	404	+	60	70983425	49533
chr1	70933892	71133892	harbor1	chr1	71013073	71013234	LINE/L2	406	+	80	71013153	79261
chr1	70933892	71133892	harbor1	chr1	71022786	71024540	LINE/L2	1161	+	877	71023663	89771
chr1	70933892	71133892	harbor1	chr1	71033300	71033422	LINE/L2	425	+	61	71033361	99469
chr1	70933892	71133892	harbor1	chr1	71033439	71033636	LINE/L2	650	+	98	71033537	99645
chr1	248431237	248631237	harbor1	chr1	248482273	248482773	LINE/L2	714	+	250	248482523	51286
chr1	210507012	210707012	harbor1	chr1	210544767	210545423	LINE/L2	476	+	328	210545095	38083
chr1	210507012	210707012	harbor1	chr1	210545737	210545988	LINE/L2	443	+	126	210545863	38851
chr1	210507012	210707012	harbor1	chr1	210559223	210559383	LINE/L2	472	+	80	210559303	52291
chr1	210507012	210707012	harbor1	chr1	210599370	210600262	LINE/L2	852	+	446	210599816	92804
chr1	202402460	202602460	harbor1	chr1	202403903	202404241	LINE/L2	433	+	169	202404072	1612
chr1	202402460	202602460	harbor1	chr1	202416693	202416770	LINE/L2	437	+	38	202416731	14271
chr1	202402460	202602460	harbor1	chr1	202431091	202431209	LINE/L2	481	+	59	202431150	28690
chr1	202402460	202602460	harbor1	chr1	202466067	202466610	LINE/L2	466	+	272	202466339	63879
chr1	172112720	172312720	harbor1	chr1	172115236	172115951	LINE/L2	1143	+	358	172115594	2874
chr1	172112720	172312720	harbor1	chr1	172119408	172120087	LINE/L2	1050	+	340	172119748	7028
chr1	172112720	172312720	harbor1	chr1	172120449	172120945	LINE/L2	1050	+	248	172120697	7977
chr1	172112720	172312720	harbor1	chr1	172165977	172166225	LINE/L2	532	+	124	172166101	53381
chr1	17904948	18104948	harbor1	chr1	17922162	17922566	LINE/L2	1147	+	202	17922364	17416
chr1	17904948	18104948	harbor1	chr1	17922863	17922973	LINE/L2	1147	+	55	17922918	17970
chr1	17904948	18104948	harbor1	chr1	17931033	17931216	LINE/L2	585	+	92	17931125	26177
chr1	17904948	18104948	harbor1	chr1	17963084	17963208	LINE/L2	415	+	62	17963146	58198
chr1	17904948	18104948	harbor1	chr1	17966361	17966577	LINE/L2	398	+	108	17966469	61521
chr1	17904948	18104948	harbor1	chr1	17976013	17976259	LINE/L2	782	+	123	17976136	71188
chr1	17904948	18104948	harbor1	chr1	17984217	17984574	LINE/L2	667	+	178	17984395	79447
chr1	17904948	18104948	harbor1	chr1	17986215	17986327	LINE/L2	493	+	56	17986271	81323
chr1	119129690	119329690	harbor1	chr1	119149900	119150311	LINE/L2	829	+	206	119150106	20416
chr1	31393087	31593087	harbor1	chr1	31401463	31401605	LINE/L2	621	+	71	31401534	8447
chr1	215658779	215858779	harbor1	chr1	215676791	215678682	LINE/L2	2756	+	946	215677737	18958
chr1	215658779	215858779	harbor1	chr1	215689260	215689374	LINE/L2	429	+	57	215689317	30538
chr1	215658779	215858779	harbor1	chr1	215690639	215690891	LINE/L2	1600	+	126	215690765	31986
chr1	215658779	215858779	harbor1	chr1	215691182	215691803	LINE/L2	1600	+	310	215691492	32713
chr1	215658779	215858779	harbor1	chr1	215704601	215705007	LINE/L2	551	+	203	215704804	46025
chr1	215658779	215858779	harbor1	chr1	215708177	215708371	LINE/L2	641	+	97	215708274	49495
chr1	215658779	215858779	harbor1	chr1	215744884	215745155	LINE/L2	552	+	136	215745020	86241
chr1	88548172	88748172	harbor1	chr1	88557820	88558142	LINE/L2	861	+	161	88557981	9809
chr1	88548172	88748172	harbor1	chr1	88558174	88559284	LINE/L2	861	+	555	88558729	10557
chr1	88548172	88748172	harbor1	chr1	88571100	88571406	LINE/L2	631	+	153	88571253	23081
chr1	88548172	88748172	harbor1	chr1	88609592	88609745	LINE/L2	470	+	76	88609668	61496
chr1	88548172	88748172	harbor1	chr1	88571505	88572250	LINE/L2	455	+	372	88571877	23705
chr1	166995668	167195668	harbor1	chr1	167015643	167015957	LINE/L2	681	+	157	167015800	20132
chr1	166995668	167195668	harbor1	chr1	167019015	167019086	LINE/L2	3770	+	36	167019051	23383
chr1	166995668	167195668	harbor1	chr1	167019298	167020950	LINE/L2	3770	+	826	167020124	24456
chr1	166995668	167195668	harbor1	chr1	167034949	167035925	LINE/L2	2443	+	488	167035437	39769
chr1	166995668	167195668	harbor1	chr1	167036579	167037050	LINE/L2	1257	+	236	167036815	41147
chr1	166995668	167195668	harbor1	chr1	167051669	167051948	LINE/L2	569	+	140	167051809	56141
chr1	21172560	21372560	harbor1	chr1	21181082	21181354	LINE/L2	417	+	136	21181218	8658
chr1	21172560	21372560	harbor1	chr1	21189678	21189816	LINE/L2	404	+	69	21189747	17187
chr1	21172560	21372560	harbor1	chr1	21196494	21196882	LINE/L2	625	+	194	21196688	24128
chr1	21172560	21372560	harbor1	chr1	21197814	21197903	LINE/L2	545	+	44	21197858	25298
chr1	21172560	21372560	harbor1	chr1	21198030	21198141	LINE/L2	545	+	56	21198086	25526
chr1	21172560	21372560	harbor1	chr1	21221993	21222440	LINE/L2	792	+	224	21222217	49657
chr1	21172560	21372560	harbor1	chr1	21223897	21224395	LINE/L2	792	+	249	21224146	51586
chr1	21172560	21372560	harbor1	chr1	21264858	21265193	LINE/L2	685	+	168	21265026	92466
chr1	164953409	165153409	harbor1	chr1	164987751	164987865	LINE/L2	555	+	57	164987808	34399
chr1	164953409	165153409	harbor1	chr1	164988321	164989135	LINE/L2	1131	+	407	164988728	35319
chr1	164953409	165153409	harbor1	chr1	164995895	164996005	LINE/L2	2408	+	55	164995950	42541
chr1	164953409	165153409	harbor1	chr1	164996497	164997327	LINE/L2	2408	+	415	164996912	43503
chr1	164953409	165153409	harbor1	chr1	164997843	164997978	LINE/L2	400	+	68	164997911	44502
chr1	164953409	165153409	harbor1	chr1	165001609	165001772	LINE/L2	458	+	82	165001691	48282
chr1	164953409	165153409	harbor1	chr1	165008820	165009328	LINE/L2	736	+	254	165009074	55665
chr1	202066985	202266985	harbor1	chr1	202091193	202091469	LINE/L2	443	+	138	202091331	24346
chr1	202066985	202266985	harbor1	chr1	202093651	202094284	LINE/L2	608	+	316	202093967	26982
chr1	202066985	202266985	harbor1	chr1	202101138	202101501	LINE/L2	478	+	182	202101320	34335
chr1	202066985	202266985	harbor1	chr1	202116395	202116510	LINE/L2	544	+	58	202116453	49468
chr1	202066985	202266985	harbor1	chr1	202121426	202122052	LINE/L2	560	+	313	202121739	54754
chr1	202066985	202266985	harbor1	chr1	202151165	202151525	LINE/L2	539	+	180	202151345	84360
chr1	202066985	202266985	harbor1	chr1	202151817	202151924	LINE/L2	539	+	54	202151871	84886
chr1	202066985	202266985	harbor1	chr1	202152211	202152251	LINE/L2	539	+	20	202152231	85246
chr1	147613982	147813982	harbor1	chr1	147631167	147631533	LINE/L2	724	+	183	147631350	17368
chr1	147613982	147813982	harbor1	chr1	147631842	147632194	LINE/L2	724	+	176	147632018	18036
chr1	147613982	147813982	harbor1	chr1	147632225	147632395	LINE/L2	566	+	85	147632310	18328
chr1	76801715	77001715	harbor1	chr1	76805069	76805146	LINE/L2	404	+	38	76805107	3392
chr1	76801715	77001715	harbor1	chr1	76815953	76816168	LINE/L2	635	+	108	76816061	14346
chr1	76801715	77001715	harbor1	chr1	76842183	76842564	LINE/L2	515	+	190	76842373	40658
chr1	76801715	77001715	harbor1	chr1	76862568	76863448	LINE/L2	1178	+	440	76863008	61293
chr1	76801715	77001715	harbor1	chr1	76863745	76863885	LINE/L2	1164	+	70	76863815	62100
chr1	76801715	77001715	harbor1	chr1	76873080	76873510	LINE/L2	1188	+	215	76873295	71580
chr1	76801715	77001715	harbor1	chr1	76881377	76881658	LINE/L2	526	+	140	76881517	79802
chr1	195780808	195980808	harbor1	chr1	195807655	195807934	LINE/L2	574	+	140	195807795	26987
chr1	195780808	195980808	harbor1	chr1	195872305	195872741	LINE/L2	998	+	218	195872523	91715
chr1	195780808	195980808	harbor1	chr1	195875531	195876219	LINE/L2	1185	+	344	195875875	95067
chr1	177703164	177903164	harbor1	chr1	177743950	177744191	LINE/L2	654	+	120	177744070	40906
chr1	177703164	177903164	harbor1	chr1	177744684	177745823	LINE/L2	2650	+	570	177745254	42090
chr1	177703164	177903164	harbor1	chr1	177750574	177750707	LINE/L2	409	+	66	177750640	47476
chr1	177703164	177903164	harbor1	chr1	177769149	177769546	LINE/L2	595	+	198	177769347	66183
chr1	240619405	240819405	harbor1	chr1	240632466	240632966	LINE/L2	403	+	250	240632716	13311
chr1	240619405	240819405	harbor1	chr1	240694254	240694453	LINE/L2	454	+	100	240694354	74949
chr1	240619405	240819405	harbor1	chr1	240706537	240706839	LINE/L2	547	+	151	240706688	87283
chr1	40176712	40376712	harbor1	chr1	40203829	40204034	LINE/L2	1509	+	102	40203931	27219
chr1	40176712	40376712	harbor1	chr1	40204315	40204449	LINE/L2	1509	+	67	40204382	27670
chr1	40176712	40376712	harbor1	chr1	40204726	40205158	LINE/L2	1509	+	216	40204942	28230
chr1	40176712	40376712	harbor1	chr1	40220311	40220681	LINE/L2	444	+	185	40220496	43784
chr1	40176712	40376712	harbor1	chr1	40205867	40207222	LINE/L2	1035	+	678	40206545	29833
chr1	40176712	40376712	harbor1	chr1	40255159	40255794	LINE/L2	1344	+	318	40255477	78765
chr1	148079546	148279546	harbor1	chr1	148152697	148153274	LINE/L2	892	+	288	148152985	73439
chr1	148079546	148279546	harbor1	chr1	148163817	148164137	LINE/L2	632	+	160	148163977	84431
chr1	148079546	148279546	harbor1	chr1	148170050	148171960	LINE/L2	4430	+	955	148171005	91459
chr1	169323770	169523770	harbor1	chr1	169345608	169346804	LINE/L2	2520	+	598	169346206	22436
chr1	169323770	169523770	harbor1	chr1	169355468	169355936	LINE/L2	1326	+	234	169355702	31932
chr1	169323770	169523770	harbor1	chr1	169360470	169360868	LINE/L2	661	+	199	169360669	36899
chr1	169323770	169523770	harbor1	chr1	169360901	169361151	LINE/L2	407	+	125	169361026	37256
chr1	169323770	169523770	harbor1	chr1	169369885	169369911	LINE/L2	619	+	13	169369898	46128
chr1	169323770	169523770	harbor1	chr1	169370363	169370510	LINE/L2	619	+	74	169370437	46667
chr1	169323770	169523770	harbor1	chr1	169370679	169370929	LINE/L2	619	+	125	169370804	47034
chr1	196966759	197166759	harbor1	chr1	197020957	197021102	LINE/L2	870	+	72	197021029	54270
chr1	196966759	197166759	harbor1	chr1	197021387	197021743	LINE/L2	870	+	178	197021565	54806
chr1	196966759	197166759	harbor1	chr1	197024101	197024733	LINE/L2	870	+	316	197024417	57658
chr1	196966759	197166759	harbor1	chr1	197036316	197037213	LINE/L2	557	+	448	197036764	70005
chr1	218695033	218895033	harbor1	chr1	218711804	218711948	LINE/L2	417	+	72	218711876	16843
chr1	88781685	88981685	harbor1	chr1	88811589	88811752	LINE/L2	414	+	82	88811671	29986
chr1	88781685	88981685	harbor1	chr1	88814455	88814790	LINE/L2	647	+	168	88814623	32938
chr1	88781685	88981685	harbor1	chr1	88815316	88815612	LINE/L2	470	+	148	88815464	33779
chr1	88781685	88981685	harbor1	chr1	88825313	88826259	LINE/L2	704	+	473	88825786	44101
chr1	71611143	71811143	harbor1	chr1	71624216	71625007	LINE/L2	1479	+	396	71624612	13469
chr1	71611143	71811143	harbor1	chr1	71644190	71644610	LINE/L2	778	+	210	71644400	33257
chr1	71611143	71811143	harbor1	chr1	71672396	71672531	LINE/L2	408	+	68	71672464	61321
chr1	71611143	71811143	harbor1	chr1	71674730	71674996	LINE/L2	524	+	133	71674863	63720
chr1	86107127	86307127	harbor1	chr1	86122067	86122775	LINE/L2	412	+	354	86122421	15294
chr1	86107127	86307127	harbor1	chr1	86137871	86138128	LINE/L2	607	+	128	86137999	30872
chr1	86107127	86307127	harbor1	chr1	86152961	86153415	LINE/L2	480	+	227	86153188	46061
chr1	86107127	86307127	harbor1	chr1	86203739	86204469	LINE/L2	1070	+	365	86204104	96977
chr1	195929356	196129356	harbor1	chr1	196023041	196023925	LINE/L2	754	+	442	196023483	94127
chr1	50312631	50512631	harbor1	chr1	50336761	50337086	LINE/L2	593	+	162	50336923	24292
chr1	50312631	50512631	harbor1	chr1	50371174	50371529	LINE/L2	464	+	178	50371352	58721
chr1	48208172	48408172	harbor1	chr1	48240707	48241278	LINE/L2	529	+	286	48240993	32821
chr1	48208172	48408172	harbor1	chr1	48252820	48253161	LINE/L2	535	+	170	48252990	44818
chr1	190792747	190992747	harbor1	chr1	190880075	190880571	LINE/L2	1132	+	248	190880323	87576
chr1	118485714	118685714	harbor1	chr1	118491816	118492040	LINE/L2	1458	+	112	118491928	6214
chr1	118485714	118685714	harbor1	chr1	118492345	118492992	LINE/L2	1458	+	324	118492669	6955
chr1	118485714	118685714	harbor1	chr1	118502811	118503069	LINE/L2	773	+	129	118502940	17226
chr1	118485714	118685714	harbor1	chr1	118530381	118530966	LINE/L2	1014	+	292	118530673	44959
chr1	150030465	150230465	harbor1	chr1	150030140	150030764	LINE/L2	519	+	312	150030452	13
chr1	150030465	150230465	harbor1	chr1	150046222	150046444	LINE/L2	718	+	111	150046333	15868
chr1	150030465	150230465	harbor1	chr1	150046749	150046792	LINE/L2	718	+	22	150046771	16306
chr1	150030465	150230465	harbor1	chr1	150047085	150047572	LINE/L2	1254	+	244	150047329	16864
chr1	150030465	150230465	harbor1	chr1	150069821	150070331	LINE/L2	500	+	255	150070076	39611
chr1	150030465	150230465	harbor1	chr1	150106780	150107606	LINE/L2	658	+	413	150107193	76728
chr1	57674615	57874615	harbor1	chr1	57733145	57733462	LINE/L2	984	+	158	57733303	58688
chr1	57674615	57874615	harbor1	chr1	57765549	57765797	LINE/L2	1008	+	124	57765673	91058
chr1	57674615	57874615	harbor1	chr1	57765935	57766117	LINE/L2	839	+	91	57766026	91411
chr1	57674615	57874615	harbor1	chr1	57766123	57766584	LINE/L2	636	+	230	57766353	91738
chr1	57674615	57874615	harbor1	chr1	57767416	57767685	LINE/L2	600	+	134	57767550	92935
chr1	88994811	89194811	harbor1	chr1	89035394	89035805	LINE/L2	1069	+	206	89035600	40789
chr1	154830364	155030364	harbor1	chr1	154838348	154838887	LINE/L2	515	+	270	154838618	8254
chr1	154830364	155030364	harbor1	chr1	154851437	154852028	LINE/L2	1649	+	296	154851733	21369
chr1	154830364	155030364	harbor1	chr1	154852846	154852982	LINE/L2	472	+	68	154852914	22550
chr1	154830364	155030364	harbor1	chr1	154874275	154874708	LINE/L2	653	+	216	154874491	44127
chr1	154830364	155030364	harbor1	chr1	154877986	154878109	LINE/L2	521	+	62	154878048	47684
chr1	154830364	155030364	harbor1	chr1	154887466	154887558	LINE/L2	563	+	46	154887512	57148
chr1	154830364	155030364	harbor1	chr1	154887861	154888313	LINE/L2	563	+	226	154888087	57723
chr1	154830364	155030364	harbor1	chr1	154899258	154899575	LINE/L2	792	+	158	154899416	69052
chr1	154830364	155030364	harbor1	chr1	154899889	154900416	LINE/L2	849	+	264	154900153	69789
chr1	154830364	155030364	harbor1	chr1	154927477	154928096	LINE/L2	1311	+	310	154927787	97423
chr1	154830364	155030364	harbor1	chr1	154926877	154927168	LINE/L2	1311	+	146	154927023	96659
chr1	234926773	235126773	harbor1	chr1	234940143	234941091	LINE/L2	1892	+	474	234940617	13844
chr1	234926773	235126773	harbor1	chr1	234941529	234942034	LINE/L2	785	+	252	234941781	15008
chr1	234926773	235126773	harbor1	chr1	234990789	234991619	LINE/L2	917	+	415	234991204	64431
chr1	234926773	235126773	harbor1	chr1	235014439	235014662	LINE/L2	445	+	112	235014551	87778
chr1	234926773	235126773	harbor1	chr1	235017708	235018085	LINE/L2	800	+	188	235017896	91123
chr1	165787383	165987383	harbor1	chr1	165838072	165838341	LINE/L2	908	+	134	165838206	50823
chr1	165787383	165987383	harbor1	chr1	165873518	165874139	LINE/L2	848	+	310	165873828	86445
chr1	98296871	98496871	harbor1	chr1	98347891	98348089	LINE/L2	2209	+	99	98347990	51119
chr1	98296871	98496871	harbor1	chr1	98348393	98349366	LINE/L2	2209	+	486	98348879	52008
chr1	98296871	98496871	harbor1	chr1	98354793	98355317	LINE/L2	443	+	262	98355055	58184
chr1	16387386	16587386	harbor1	chr1	16411074	16411189	LINE/L2	911	+	58	16411132	23746
chr1	16387386	16587386	harbor1	chr1	16411474	16411508	LINE/L2	911	+	17	16411491	24105
chr1	16387386	16587386	harbor1	chr1	16411819	16412420	LINE/L2	911	+	300	16412119	24733
chr1	16387386	16587386	harbor1	chr1	16437497	16437747	LINE/L2	568	+	125	16437622	50236
chr1	216654338	216854338	harbor1	chr1	216741515	216741706	LINE/L2	428	+	96	216741611	87273
chr1	110937911	111137911	harbor1	chr1	110943694	110943847	LINE/L2	400	+	76	110943770	5859
chr1	110937911	111137911	harbor1	chr1	110954830	110955486	LINE/L2	830	+	328	110955158	17247
chr1	110937911	111137911	harbor1	chr1	110965138	110965555	LINE/L2	537	+	208	110965346	27435
chr1	110937911	111137911	harbor1	chr1	110965844	110965981	LINE/L2	537	+	68	110965912	28001
chr1	146999194	147199194	harbor1	chr1	147045786	147046234	LINE/L2	919	+	224	147046010	46816
chr1	221487667	221687667	harbor1	chr1	221530032	221530328	LINE/L2	715	+	148	221530180	42513
chr1	221487667	221687667	harbor1	chr1	221530663	221530965	LINE/L2	715	+	151	221530814	43147
chr1	221487667	221687667	harbor1	chr1	221511623	221512183	LINE/L2	526	+	280	221511903	24236
chr1	199229925	199429925	harbor1	chr1	199258577	199258857	LINE/L2	448	+	140	199258717	28792
chr1	199229925	199429925	harbor1	chr1	199297612	199298222	LINE/L2	735	+	305	199297917	67992
chr1	199229925	199429925	harbor1	chr1	199298259	199298349	LINE/L2	735	+	45	199298304	68379
chr1	199229925	199429925	harbor1	chr1	199318629	199318919	LINE/L2	413	+	145	199318774	88849
chr1	14714041	14914041	harbor1	chr1	14742154	14742272	LINE/L2	614	+	59	14742213	28172
chr1	14714041	14914041	harbor1	chr1	14760525	14760671	LINE/L2	534	+	73	14760598	46557
chr1	14714041	14914041	harbor1	chr1	14760804	14760822	LINE/L2	534	+	9	14760813	46772
chr1	14714041	14914041	harbor1	chr1	14761046	14761526	LINE/L2	587	+	240	14761286	47245
chr1	14714041	14914041	harbor1	chr1	14764209	14764635	LINE/L2	775	+	213	14764422	50381
chr1	14714041	14914041	harbor1	chr1	14795654	14796014	LINE/L2	558	+	180	14795834	81793
chr1	14714041	14914041	harbor1	chr1	14810234	14810493	LINE/L2	517	+	130	14810364	96323
chr1	90358234	90558234	harbor1	chr1	90361910	90362190	LINE/L2	875	+	140	90362050	3816
chr1	90358234	90558234	harbor1	chr1	90391849	90392468	LINE/L2	613	+	310	90392159	33925
chr1	90358234	90558234	harbor1	chr1	90407003	90407365	LINE/L2	940	+	181	90407184	48950
chr1	98857149	99057149	harbor1	chr1	98856788	98857157	LINE/L2	3629	+	184	98856972	177
chr1	86533816	86733816	harbor1	chr1	86566219	86566475	LINE/L2	453	+	128	86566347	32531
chr1	86533816	86733816	harbor1	chr1	86587781	86588250	LINE/L2	588	+	234	86588015	54199
chr1	86533816	86733816	harbor1	chr1	86588686	86589120	LINE/L2	531	+	217	86588903	55087
chr1	86533816	86733816	harbor1	chr1	86619572	86619860	LINE/L2	476	+	144	86619716	85900
chr1	86533816	86733816	harbor1	chr1	86619883	86620585	LINE/L2	1356	+	351	86620234	86418
chr1	199266646	199466646	harbor1	chr1	199297612	199298222	LINE/L2	735	+	305	199297917	31271
chr1	199266646	199466646	harbor1	chr1	199298259	199298349	LINE/L2	735	+	45	199298304	31658
chr1	199266646	199466646	harbor1	chr1	199318629	199318919	LINE/L2	413	+	145	199318774	52128
chr1	199266646	199466646	harbor1	chr1	199354999	199355596	LINE/L2	1057	+	298	199355297	88651
chr1	199266646	199466646	harbor1	chr1	199359385	199360459	LINE/L2	2227	+	537	199359922	93276
chr1	199266646	199466646	harbor1	chr1	199361047	199361341	LINE/L2	581	+	147	199361194	94548
chr1	51722227	51922227	harbor1	chr1	51732848	51733307	LINE/L2	616	+	230	51733078	10851
chr1	51722227	51922227	harbor1	chr1	51752052	51752540	LINE/L2	884	+	244	51752296	30069
chr1	51722227	51922227	harbor1	chr1	51752948	51753019	LINE/L2	884	+	36	51752984	30757
chr1	86387472	86587472	harbor1	chr1	86417689	86418354	LINE/L2	617	+	332	86418021	30549
chr1	86387472	86587472	harbor1	chr1	86451456	86451702	LINE/L2	408	+	123	86451579	64107
chr1	86387472	86587472	harbor1	chr1	86451933	86452892	LINE/L2	866	+	480	86452413	64941
chr1	86387472	86587472	harbor1	chr1	86471911	86472512	LINE/L2	1168	+	300	86472211	84739
chr1	115090116	115290116	harbor1	chr1	115141988	115142273	LINE/L2	449	+	142	115142130	52014
chr1	115090116	115290116	harbor1	chr1	115187359	115187622	LINE/L2	536	+	132	115187491	97375
chr1	115090116	115290116	harbor1	chr1	115187641	115187989	LINE/L2	437	+	174	115187815	97699
chr1	218310499	218510499	harbor1	chr1	218330076	218330185	LINE/L2	440	+	54	218330130	19631
chr1	218310499	218510499	harbor1	chr1	218353424	218353615	LINE/L2	679	+	96	218353520	43021
chr1	218310499	218510499	harbor1	chr1	218353914	218354191	LINE/L2	679	+	138	218354052	43553
chr1	209621836	209821836	harbor1	chr1	209636682	209637017	LINE/L2	417	+	168	209636850	15014
chr1	209621836	209821836	harbor1	chr1	209640591	209640799	LINE/L2	831	+	104	209640695	18859
chr1	209621836	209821836	harbor1	chr1	209641115	209641173	LINE/L2	831	+	29	209641144	19308
chr1	209621836	209821836	harbor1	chr1	209654677	209655445	LINE/L2	1051	+	384	209655061	33225
chr1	209621836	209821836	harbor1	chr1	209688120	209688555	LINE/L2	609	+	218	209688338	66502
chr1	234318168	234518168	harbor1	chr1	234349161	234349559	LINE/L2	968	+	199	234349360	31192
chr1	234318168	234518168	harbor1	chr1	234364509	234364869	LINE/L2	560	+	180	234364689	46521
chr1	234318168	234518168	harbor1	chr1	234367206	234367372	LINE/L2	617	+	83	234367289	49121
chr1	234318168	234518168	harbor1	chr1	234367409	234367442	LINE/L2	617	+	16	234367425	49257
chr1	234318168	234518168	harbor1	chr1	234396185	234396634	LINE/L2	405	+	224	234396409	78241
chr1	14180074	14380074	harbor1	chr1	14214221	14214432	LINE/L2	420	+	106	14214327	34253
chr1	14180074	14380074	harbor1	chr1	14220195	14220411	LINE/L2	443	+	108	14220303	40229
chr1	14180074	14380074	harbor1	chr1	14244147	14244324	LINE/L2	401	+	88	14244235	64161
chr1	14180074	14380074	harbor1	chr1	14252431	14252596	LINE/L2	495	+	82	14252513	72439
chr1	53570730	53770730	harbor1	chr1	53587723	53587839	LINE/L2	434	+	58	53587781	17051
chr1	53570730	53770730	harbor1	chr1	53598856	53599007	LINE/L2	447	+	76	53598932	28202
chr1	53570730	53770730	harbor1	chr1	53642659	53642942	LINE/L2	506	+	142	53642801	72071
chr1	53570730	53770730	harbor1	chr1	53644908	53645063	LINE/L2	457	+	78	53644986	74256
chr1	53570730	53770730	harbor1	chr1	53645070	53645505	LINE/L2	1183	+	218	53645288	74558
chr1	53570730	53770730	harbor1	chr1	53658023	53658411	LINE/L2	428	+	194	53658217	87487
chr1	95611964	95811964	harbor1	chr1	95617394	95617484	LINE/L2	421	+	45	95617439	5475
chr1	179729439	179929439	harbor1	chr1	179770209	179770825	LINE/L2	763	+	308	179770517	41078
chr1	105195212	105395212	harbor1	chr1	105290042	105290601	LINE/L2	683	+	280	105290322	95110
chr1	105195212	105395212	harbor1	chr1	105292422	105292848	LINE/L2	764	+	213	105292635	97423
chr1	207459715	207659715	harbor1	chr1	207495527	207495788	LINE/L2	426	+	130	207495657	35942
chr1	49680967	49880967	harbor1	chr1	49686571	49686727	LINE/L2	496	+	78	49686649	5682
chr1	49680967	49880967	harbor1	chr1	49717383	49717800	LINE/L2	894	+	208	49717591	36624
chr1	49680967	49880967	harbor1	chr1	49776231	49776939	LINE/L2	606	+	354	49776585	95618
chr1	176660658	176860658	harbor1	chr1	176661918	176662098	LINE/L2	470	+	90	176662008	1350
chr1	176660658	176860658	harbor1	chr1	176697623	176697922	LINE/L2	550	+	150	176697773	37115
chr1	244459010	244659010	harbor1	chr1	244515039	244515284	LINE/L2	538	+	122	244515161	56151
chr1	40192911	40392911	harbor1	chr1	40203829	40204034	LINE/L2	1509	+	102	40203931	11020
chr1	40192911	40392911	harbor1	chr1	40204315	40204449	LINE/L2	1509	+	67	40204382	11471
chr1	40192911	40392911	harbor1	chr1	40204726	40205158	LINE/L2	1509	+	216	40204942	12031
chr1	40192911	40392911	harbor1	chr1	40220311	40220681	LINE/L2	444	+	185	40220496	27585
chr1	40192911	40392911	harbor1	chr1	40205867	40207222	LINE/L2	1035	+	678	40206545	13634
chr1	40192911	40392911	harbor1	chr1	40255159	40255794	LINE/L2	1344	+	318	40255477	62566
chr1	85706262	85906262	harbor1	chr1	85739426	85740482	LINE/L2	3895	+	528	85739954	33692
chr1	85706262	85906262	harbor1	chr1	85740772	85740827	LINE/L2	3895	+	28	85740800	34538
chr1	85706262	85906262	harbor1	chr1	85741148	85741213	LINE/L2	3895	+	32	85741180	34918
chr1	85706262	85906262	harbor1	chr1	85741479	85742126	LINE/L2	3895	+	324	85741803	35541
chr1	85706262	85906262	harbor1	chr1	85742432	85742793	LINE/L2	3895	+	180	85742612	36350
chr1	85706262	85906262	harbor1	chr1	85742921	85743524	LINE/L2	3895	+	302	85743223	36961
chr1	85706262	85906262	harbor1	chr1	85801044	85801230	LINE/L2	1579	+	93	85801137	94875
chr1	85706262	85906262	harbor1	chr1	85801722	85802470	LINE/L2	1579	+	374	85802096	95834
chr1	55316616	55516616	harbor1	chr1	55353904	55354024	LINE/L2	398	+	60	55353964	37348
chr1	55316616	55516616	harbor1	chr1	55379262	55379530	LINE/L2	568	+	134	55379396	62780
chr1	55316616	55516616	harbor1	chr1	55397319	55397895	LINE/L2	440	+	288	55397607	80991
chr1	18576910	18776910	harbor1	chr1	18602137	18602270	LINE/L2	396	+	66	18602203	25293
chr1	103976521	104176521	harbor1	chr1	103978256	103978587	LINE/L2	717	+	166	103978422	1901
chr1	103976521	104176521	harbor1	chr1	103990914	103991034	LINE/L2	443	+	60	103990974	14453
chr1	103976521	104176521	harbor1	chr1	104074198	104075100	LINE/L2	943	+	451	104074649	98128
chr1	110012496	110212496	harbor1	chr1	110032513	110033236	LINE/L2	1073	+	362	110032875	20379
chr1	110012496	110212496	harbor1	chr1	110089254	110089363	LINE/L2	478	+	54	110089308	76812
chr1	110012496	110212496	harbor1	chr1	110092071	110092765	LINE/L2	1694	+	347	110092418	79922
chr1	202516063	202716063	harbor1	chr1	202615341	202615820	LINE/L2	525	+	240	202615581	99518
chr1	111709759	111909759	harbor1	chr1	111734412	111734887	LINE/L2	404	+	238	111734650	24891
chr1	111709759	111909759	harbor1	chr1	111758443	111758928	LINE/L2	1130	+	242	111758685	48926
chr1	111709759	111909759	harbor1	chr1	111781265	111781455	LINE/L2	404	+	95	111781360	71601
chr1	111709759	111909759	harbor1	chr1	111798145	111798580	LINE/L2	595	+	218	111798363	88604
chr1	198218231	198418231	harbor1	chr1	198233827	198234162	LINE/L2	414	+	168	198233995	15764
chr1	198218231	198418231	harbor1	chr1	198236416	198237784	LINE/L2	3445	+	684	198237100	18869
chr1	198218231	198418231	harbor1	chr1	198237774	198238011	LINE/L2	455	+	118	198237892	19661
chr1	198218231	198418231	harbor1	chr1	198238160	198238490	LINE/L2	573	+	165	198238325	20094
chr1	198218231	198418231	harbor1	chr1	198238991	198239349	LINE/L2	414	+	179	198239170	20939
chr1	198218231	198418231	harbor1	chr1	198241988	198242323	LINE/L2	598	+	168	198242156	23925
chr1	198218231	198418231	harbor1	chr1	198242979	198243324	LINE/L2	668	+	172	198243151	24920
chr1	198218231	198418231	harbor1	chr1	198252761	198252929	LINE/L2	619	+	84	198252845	34614
chr1	198218231	198418231	harbor1	chr1	198267821	198268552	LINE/L2	609	+	366	198268187	49956
chr1	198218231	198418231	harbor1	chr1	198268862	198269216	LINE/L2	555	+	177	198269039	50808
chr1	198218231	198418231	harbor1	chr1	198285007	198285297	LINE/L2	851	+	145	198285152	66921
chr1	31466198	31666198	harbor1	chr1	31502560	31502712	LINE/L2	562	+	76	31502636	36438
chr1	31466198	31666198	harbor1	chr1	31541650	31541907	LINE/L2	518	+	128	31541778	75580
chr1	193475728	193675728	harbor1	chr1	193552201	193552357	LINE/L2	396	+	78	193552279	76551
chr1	193475728	193675728	harbor1	chr1	193552569	193552627	LINE/L2	396	+	29	193552598	76870
chr1	91655636	91855636	harbor1	chr1	91657775	91658293	LINE/L2	1368	+	259	91658034	2398
chr1	91655636	91855636	harbor1	chr1	91658693	91659271	LINE/L2	622	+	289	91658982	3346
chr1	91655636	91855636	harbor1	chr1	91743412	91743703	LINE/L2	510	+	146	91743558	87922
chr1	66360768	66560768	harbor1	chr1	66415563	66416191	LINE/L2	1321	+	314	66415877	55109
chr1	181217203	181417203	harbor1	chr1	181219995	181220603	LINE/L2	711	+	304	181220299	3096
chr1	49172083	49372083	harbor1	chr1	49187581	49187824	LINE/L2	422	+	122	49187703	15620
chr1	49172083	49372083	harbor1	chr1	49228949	49229221	LINE/L2	501	+	136	49229085	57002
chr1	49172083	49372083	harbor1	chr1	49240280	49241426	LINE/L2	1471	+	573	49240853	68770
chr1	49172083	49372083	harbor1	chr1	49217245	49217706	LINE/L2	420	+	230	49217475	45392
chr1	53768516	53968516	harbor1	chr1	53794519	53794587	LINE/L2	3490	+	34	53794553	26037
chr1	53768516	53968516	harbor1	chr1	53794884	53796188	LINE/L2	3490	+	652	53795536	27020
chr1	53768516	53968516	harbor1	chr1	53796356	53796490	LINE/L2	419	+	67	53796423	27907
chr1	53768516	53968516	harbor1	chr1	53829346	53829674	LINE/L2	536	+	164	53829510	60994
chr1	53768516	53968516	harbor1	chr1	53850395	53850521	LINE/L2	546	+	63	53850458	81942
chr1	163412508	163612508	harbor1	chr1	163415022	163416668	LINE/L2	2976	+	823	163415845	3337
chr1	163412508	163612508	harbor1	chr1	163502068	163502807	LINE/L2	782	+	370	163502438	89930
chr1	102971453	103171453	harbor1	chr1	103043430	103043547	LINE/L2	401	+	58	103043488	72035
chr1	117850570	118050570	harbor1	chr1	117892899	117893128	LINE/L2	421	+	114	117893013	42443
chr1	117850570	118050570	harbor1	chr1	117904793	117905686	LINE/L2	885	+	446	117905239	54669
chr1	117850570	118050570	harbor1	chr1	117906672	117906934	LINE/L2	474	+	131	117906803	56233
chr1	117850570	118050570	harbor1	chr1	117907226	117908197	LINE/L2	410	+	486	117907712	57142
chr1	117850570	118050570	harbor1	chr1	117932515	117932625	LINE/L2	409	+	55	117932570	82000
chr1	117850570	118050570	harbor1	chr1	117943823	117944016	LINE/L2	581	+	96	117943919	93349
chr1	117850570	118050570	harbor1	chr1	117944107	117944693	LINE/L2	2571	+	293	117944400	93830
chr1	117850570	118050570	harbor1	chr1	117944993	117945691	LINE/L2	2571	+	349	117945342	94772
chr1	59514821	59714821	harbor1	chr1	59517534	59517807	LINE/L2	448	+	136	59517670	2849
chr1	59514821	59714821	harbor1	chr1	59544987	59545249	LINE/L2	426	+	131	59545118	30297
chr1	59514821	59714821	harbor1	chr1	59578805	59580317	LINE/L2	2404	+	756	59579561	64740
chr1	59514821	59714821	harbor1	chr1	59582428	59582840	LINE/L2	505	+	206	59582634	67813
chr1	59514821	59714821	harbor1	chr1	59605385	59605501	LINE/L2	520	+	58	59605443	90622
chr1	59514821	59714821	harbor1	chr1	59606801	59607023	LINE/L2	431	+	111	59606912	92091
chr1	59514821	59714821	harbor1	chr1	59604991	59605272	LINE/L2	520	+	140	59605131	90310
chr1	26059916	26259916	harbor1	chr1	26061820	26061979	LINE/L2	422	+	80	26061900	1984
chr1	26059916	26259916	harbor1	chr1	26070939	26071391	LINE/L2	591	+	226	26071165	11249
chr1	26059916	26259916	harbor1	chr1	26085040	26085390	LINE/L2	733	+	175	26085215	25299
chr1	26059916	26259916	harbor1	chr1	26102131	26102405	LINE/L2	595	+	137	26102268	42352
chr1	103298242	103498242	harbor1	chr1	103301891	103302782	LINE/L2	1195	+	446	103302337	4095
chr1	60147330	60347330	harbor1	chr1	60166978	60167454	LINE/L2	450	+	238	60167216	19886
chr1	60147330	60347330	harbor1	chr1	60224678	60225296	LINE/L2	626	+	309	60224987	77657
chr1	60147330	60347330	harbor1	chr1	60244578	60244730	LINE/L2	433	+	76	60244654	97324
chr1	92885729	93085729	harbor1	chr1	92919314	92919670	LINE/L2	449	+	178	92919492	33763
chr1	92885729	93085729	harbor1	chr1	92930664	92931076	LINE/L2	466	+	206	92930870	45141
chr1	92885729	93085729	harbor1	chr1	92975742	92976172	LINE/L2	539	+	215	92975957	90228
chr1	52385685	52585685	harbor1	chr1	52467298	52468123	LINE/L2	1183	+	412	52467710	82025
chr1	52385685	52585685	harbor1	chr1	52484776	52485133	LINE/L2	760	+	178	52484954	99269
chr1	184758351	184958351	harbor1	chr1	184773912	184774131	LINE/L2	567	+	110	184774022	15671
chr1	184758351	184958351	harbor1	chr1	184829986	184830100	LINE/L2	495	+	57	184830043	71692
chr1	184758351	184958351	harbor1	chr1	184855585	184855839	LINE/L2	886	+	127	184855712	97361
chr1	205904320	206104320	harbor1	chr1	205916469	205916587	LINE/L2	462	+	59	205916528	12208
chr1	205904320	206104320	harbor1	chr1	205944844	205945106	LINE/L2	394	+	131	205944975	40655
chr1	205904320	206104320	harbor1	chr1	205959518	205959610	LINE/L2	437	+	46	205959564	55244
chr1	205904320	206104320	harbor1	chr1	205967268	205967764	LINE/L2	416	+	248	205967516	63196
chr1	205904320	206104320	harbor1	chr1	205968353	205968525	LINE/L2	558	+	86	205968439	64119
chr1	205904320	206104320	harbor1	chr1	205977678	205978078	LINE/L2	973	+	200	205977878	73558
chr1	205904320	206104320	harbor1	chr1	205992174	205992466	LINE/L2	674	+	146	205992320	88000
chr1	205904320	206104320	harbor1	chr1	205930310	205931066	LINE/L2	679	+	378	205930688	26368
chr1	50806559	51006559	harbor1	chr1	50842511	50843006	LINE/L2	901	+	248	50842759	36200
chr1	51097160	51297160	harbor1	chr1	51116614	51117203	LINE/L2	522	+	294	51116908	19748
chr1	51097160	51297160	harbor1	chr1	51176127	51176362	LINE/L2	743	+	118	51176245	79085
chr1	51097160	51297160	harbor1	chr1	51176652	51176782	LINE/L2	743	+	65	51176717	79557
chr1	51097160	51297160	harbor1	chr1	51177090	51177266	LINE/L2	743	+	88	51177178	80018
chr1	51097160	51297160	harbor1	chr1	51190404	51190514	LINE/L2	406	+	55	51190459	93299
chr1	51097160	51297160	harbor1	chr1	51191351	51192231	LINE/L2	2203	+	440	51191791	94631
chr1	51097160	51297160	harbor1	chr1	51192760	51192910	LINE/L2	1588	+	75	51192835	95675
chr1	51097160	51297160	harbor1	chr1	51193341	51193800	LINE/L2	1588	+	230	51193571	96411
chr1	5448447	5648447	harbor1	chr1	5487852	5487991	LINE/L2	461	+	70	5487922	39475
chr1	236545939	236745939	harbor1	chr1	236627229	236627637	LINE/L2	1053	+	204	236627433	81494
chr1	236545939	236745939	harbor1	chr1	236633800	236634228	LINE/L2	484	+	214	236634014	88075
chr1	146538911	146738911	harbor1	chr1	146543563	146543784	LINE/L2	454	+	110	146543673	4762
chr1	146538911	146738911	harbor1	chr1	146543975	146544441	LINE/L2	488	+	233	146544208	5297
chr1	146538911	146738911	harbor1	chr1	146545514	146545710	LINE/L2	420	+	98	146545612	6701
chr1	144643139	144843139	harbor1	chr1	144646065	144646411	LINE/L2	545	+	173	144646238	3099
chr1	91130897	91330897	harbor1	chr1	91191239	91191617	LINE/L2	602	+	189	91191428	60531
chr1	91130897	91330897	harbor1	chr1	91191702	91192636	LINE/L2	1576	+	467	91192169	61272
chr1	184789190	184989190	harbor1	chr1	184829986	184830100	LINE/L2	495	+	57	184830043	40853
chr1	184789190	184989190	harbor1	chr1	184855585	184855839	LINE/L2	886	+	127	184855712	66522
chr1	184789190	184989190	harbor1	chr1	184861296	184861489	LINE/L2	396	+	96	184861392	72202
chr1	184789190	184989190	harbor1	chr1	184880241	184880612	LINE/L2	566	+	186	184880427	91237
chr1	234880125	235080125	harbor1	chr1	234882425	234882718	LINE/L2	470	+	146	234882571	2446
chr1	234880125	235080125	harbor1	chr1	234892265	234892395	LINE/L2	425	+	65	234892330	12205
chr1	234880125	235080125	harbor1	chr1	234923993	234924168	LINE/L2	405	+	88	234924081	43956
chr1	234880125	235080125	harbor1	chr1	234940143	234941091	LINE/L2	1892	+	474	234940617	60492
chr1	234880125	235080125	harbor1	chr1	234941529	234942034	LINE/L2	785	+	252	234941781	61656
chr1	246725797	246925797	harbor1	chr1	246728315	246728870	LINE/L2	1453	+	278	246728593	2796
chr1	246725797	246925797	harbor1	chr1	246729944	246730443	LINE/L2	1453	+	250	246730194	4397
chr1	163245512	163445512	harbor1	chr1	163251443	163251647	LINE/L2	735	+	102	163251545	6033
chr1	163245512	163445512	harbor1	chr1	163260694	163260917	LINE/L2	601	+	112	163260806	15294
chr1	163245512	163445512	harbor1	chr1	163264500	163266440	LINE/L2	640	+	970	163265470	19958
chr1	163245512	163445512	harbor1	chr1	163317049	163317255	LINE/L2	499	+	103	163317152	71640
chr1	163245512	163445512	harbor1	chr1	163317367	163317720	LINE/L2	457	+	176	163317543	72031
chr1	163245512	163445512	harbor1	chr1	163317848	163318001	LINE/L2	411	+	76	163317924	72412
chr1	57953272	58153272	harbor1	chr1	57973608	57974463	LINE/L2	1126	+	428	57974036	20764
chr1	57953272	58153272	harbor1	chr1	58016430	58016687	LINE/L2	501	+	128	58016558	63286
chr1	57953272	58153272	harbor1	chr1	58040936	58041403	LINE/L2	570	+	234	58041170	87898
chr1	63234272	63434272	harbor1	chr1	63260108	63260429	LINE/L2	464	+	160	63260268	25996
chr1	63234272	63434272	harbor1	chr1	63293264	63293331	LINE/L2	736	+	34	63293298	59026
chr1	63234272	63434272	harbor1	chr1	63293634	63293849	LINE/L2	736	+	108	63293742	59470
chr1	20233635	20433635	harbor1	chr1	20249072	20249363	LINE/L2	436	+	146	20249218	15583
chr1	20233635	20433635	harbor1	chr1	20264478	20264788	LINE/L2	425	+	155	20264633	30998
chr1	20233635	20433635	harbor1	chr1	20270443	20270696	LINE/L2	662	+	126	20270569	36934
chr1	20233635	20433635	harbor1	chr1	20271625	20271756	LINE/L2	431	+	66	20271691	38056
chr1	20233635	20433635	harbor1	chr1	20275898	20276450	LINE/L2	780	+	276	20276174	42539
chr1	20233635	20433635	harbor1	chr1	20281227	20282068	LINE/L2	544	+	420	20281647	48012
chr1	176884080	177084080	harbor1	chr1	176900196	176900558	LINE/L2	400	+	181	176900377	16297
chr1	176884080	177084080	harbor1	chr1	176924293	176924652	LINE/L2	707	+	180	176924473	40393
chr1	176884080	177084080	harbor1	chr1	176960763	176961129	LINE/L2	420	+	183	176960946	76866
chr1	176884080	177084080	harbor1	chr1	176972907	176973825	LINE/L2	2468	+	459	176973366	89286
chr1	176884080	177084080	harbor1	chr1	176979327	176979689	LINE/L2	409	+	181	176979508	95428
chr1	243362060	243562060	harbor1	chr1	243406486	243407180	LINE/L2	581	+	347	243406833	44773
chr1	243362060	243562060	harbor1	chr1	243448558	243448845	LINE/L2	418	+	144	243448702	86642
chr1	243362060	243562060	harbor1	chr1	243452933	243453063	LINE/L2	536	+	65	243452998	90938
chr1	180386978	180586978	harbor1	chr1	180483034	180483572	LINE/L2	1295	+	269	180483303	96325
chr1	86515139	86715139	harbor1	chr1	86566219	86566475	LINE/L2	453	+	128	86566347	51208
chr1	86515139	86715139	harbor1	chr1	86587781	86588250	LINE/L2	588	+	234	86588015	72876
chr1	86515139	86715139	harbor1	chr1	86588686	86589120	LINE/L2	531	+	217	86588903	73764
chr1	29824900	30024900	harbor1	chr1	29836580	29837279	LINE/L2	436	+	350	29836930	12030
chr1	29824900	30024900	harbor1	chr1	29844139	29844301	LINE/L2	455	+	81	29844220	19320
chr1	29824900	30024900	harbor1	chr1	29865877	29867566	LINE/L2	3948	+	844	29866721	41821
chr1	29824900	30024900	harbor1	chr1	29891587	29891838	LINE/L2	549	+	126	29891713	66813
chr1	29824900	30024900	harbor1	chr1	29906940	29907772	LINE/L2	954	+	416	29907356	82456
chr1	29824900	30024900	harbor1	chr1	29915896	29916078	LINE/L2	451	+	91	29915987	91087
chr1	29824900	30024900	harbor1	chr1	29919730	29920046	LINE/L2	524	+	158	29919888	94988
chr1	29824900	30024900	harbor1	chr1	29922794	29922875	LINE/L2	586	+	40	29922834	97934
chr1	29824900	30024900	harbor1	chr1	29923290	29923667	LINE/L2	586	+	188	29923478	98578
chr1	198909367	199109367	harbor1	chr1	198911177	198911746	LINE/L2	1259	+	284	198911461	2094
chr1	198909367	199109367	harbor1	chr1	198912106	198912271	LINE/L2	875	+	82	198912188	2821
chr1	198909367	199109367	harbor1	chr1	198940012	198940255	LINE/L2	1077	+	122	198940134	30767
chr1	198909367	199109367	harbor1	chr1	198940568	198940851	LINE/L2	1077	+	142	198940710	31343
chr1	198909367	199109367	harbor1	chr1	198941160	198941880	LINE/L2	1077	+	360	198941520	32153
chr1	198909367	199109367	harbor1	chr1	198942255	198942987	LINE/L2	1077	+	366	198942621	33254
chr1	198909367	199109367	harbor1	chr1	198943498	198944381	LINE/L2	1059	+	442	198943940	34573
chr1	198909367	199109367	harbor1	chr1	198982870	198982994	LINE/L2	468	+	62	198982932	73565
chr1	91339465	91539465	harbor1	chr1	91381882	91382491	LINE/L2	1084	+	304	91382186	42721
chr1	91339465	91539465	harbor1	chr1	91393160	91393776	LINE/L2	688	+	308	91393468	54003
chr1	91339465	91539465	harbor1	chr1	91403062	91403277	LINE/L2	520	+	108	91403170	63705
chr1	91339465	91539465	harbor1	chr1	91421086	91421419	LINE/L2	459	+	166	91421252	81787
chr1	41310941	41510941	harbor1	chr1	41318558	41319089	LINE/L2	1436	+	266	41318824	7883
chr1	41310941	41510941	harbor1	chr1	41333101	41333309	LINE/L2	428	+	104	41333205	22264
chr1	41310941	41510941	harbor1	chr1	41345925	41346416	LINE/L2	450	+	246	41346171	35230
chr1	41310941	41510941	harbor1	chr1	41396099	41396371	LINE/L2	397	+	136	41396235	85294
chr1	41310941	41510941	harbor1	chr1	41403211	41403923	LINE/L2	538	+	356	41403567	92626
chr1	41310941	41510941	harbor1	chr1	41409233	41409339	LINE/L2	507	+	53	41409286	98345
chr1	19214228	19414228	harbor1	chr1	19220255	19220670	LINE/L2	1214	+	208	19220463	6235
chr1	19214228	19414228	harbor1	chr1	19223931	19225232	LINE/L2	2577	+	650	19224581	10353
chr1	19214228	19414228	harbor1	chr1	19230592	19230704	LINE/L2	438	+	56	19230648	16420
chr1	161019032	161219032	harbor1	chr1	161081647	161081896	LINE/L2	523	+	124	161081771	62739
chr1	161019032	161219032	harbor1	chr1	161113953	161114373	LINE/L2	457	+	210	161114163	95131
chr1	93356745	93556745	harbor1	chr1	93370349	93370641	LINE/L2	576	+	146	93370495	13750
chr1	93356745	93556745	harbor1	chr1	93381864	93382511	LINE/L2	596	+	324	93382188	25443
chr1	81043063	81243063	harbor1	chr1	81057323	81058205	LINE/L2	447	+	441	81057764	14701
chr1	81043063	81243063	harbor1	chr1	81058428	81058989	LINE/L2	447	+	280	81058708	15645
chr1	81043063	81243063	harbor1	chr1	81079691	81080333	LINE/L2	884	+	321	81080012	36949
chr1	81043063	81243063	harbor1	chr1	81130979	81131360	LINE/L2	1181	+	190	81131169	88106
chr1	81043063	81243063	harbor1	chr1	81132374	81132759	LINE/L2	634	+	192	81132566	89503
chr1	167197897	167397897	harbor1	chr1	167264601	167265180	LINE/L2	616	+	290	167264891	66994
chr1	167197897	167397897	harbor1	chr1	167278311	167278452	LINE/L2	434	+	70	167278381	80484
chr1	64621335	64821335	harbor1	chr1	64689659	64690067	LINE/L2	427	+	204	64689863	68528
chr1	64621335	64821335	harbor1	chr1	64713771	64714085	LINE/L2	878	+	157	64713928	92593
chr1	21729520	21929520	harbor1	chr1	21749219	21749595	LINE/L2	1486	+	188	21749407	19887
chr1	21729520	21929520	harbor1	chr1	21749902	21750590	LINE/L2	1486	+	344	21750246	20726
chr1	21729520	21929520	harbor1	chr1	21786721	21787212	LINE/L2	504	+	246	21786967	57447
chr1	21729520	21929520	harbor1	chr1	21788694	21788810	LINE/L2	504	+	58	21788752	59232
chr1	21729520	21929520	harbor1	chr1	21788811	21789029	LINE/L2	401	+	109	21788920	59400
chr1	21729520	21929520	harbor1	chr1	21794769	21794988	LINE/L2	547	+	110	21794879	65359
chr1	21729520	21929520	harbor1	chr1	21796005	21796087	LINE/L2	547	+	41	21796046	66526
chr1	21729520	21929520	harbor1	chr1	21803810	21804188	LINE/L2	947	+	189	21803999	74479
chr1	21729520	21929520	harbor1	chr1	21805505	21805744	LINE/L2	400	+	120	21805625	76105
chr1	21729520	21929520	harbor1	chr1	21816759	21817277	LINE/L2	960	+	259	21817018	87498
chr1	21729520	21929520	harbor1	chr1	21820564	21820772	LINE/L2	546	+	104	21820668	91148
chr1	20683133	20883133	harbor1	chr1	20695715	20695877	LINE/L2	510	+	81	20695796	12663
chr1	20683133	20883133	harbor1	chr1	20702562	20702999	LINE/L2	398	+	218	20702780	19647
chr1	210239567	210439567	harbor1	chr1	210287198	210287300	LINE/L2	467	+	51	210287249	47682
chr1	210239567	210439567	harbor1	chr1	210288640	210289006	LINE/L2	645	+	183	210288823	49256
chr1	208585659	208785659	harbor1	chr1	208588484	208588905	LINE/L2	701	+	210	208588694	3035
chr1	208585659	208785659	harbor1	chr1	208639516	208640178	LINE/L2	471	+	331	208639847	54188
chr1	30310228	30510228	harbor1	chr1	30356510	30356719	LINE/L2	397	+	104	30356614	46386
chr1	100433486	100633486	harbor1	chr1	100503920	100504144	LINE/L2	439	+	112	100504032	70546
chr1	114064873	114264873	harbor1	chr1	114109165	114109385	LINE/L2	483	+	110	114109275	44402
chr1	114064873	114264873	harbor1	chr1	114113240	114114156	LINE/L2	1281	+	458	114113698	48825
chr1	114064873	114264873	harbor1	chr1	114129103	114129511	LINE/L2	1202	+	204	114129307	64434
chr1	114064873	114264873	harbor1	chr1	114129985	114130387	LINE/L2	1202	+	201	114130186	65313
chr1	75520638	75720638	harbor1	chr1	75532459	75532756	LINE/L2	1102	+	148	75532607	11969
chr1	75520638	75720638	harbor1	chr1	75561343	75561534	LINE/L2	524	+	96	75561439	40801
chr1	75520638	75720638	harbor1	chr1	75577030	75577772	LINE/L2	1290	+	371	75577401	56763
chr1	75520638	75720638	harbor1	chr1	75606479	75607412	LINE/L2	3154	+	466	75606945	86307
chr1	75520638	75720638	harbor1	chr1	75608408	75609089	LINE/L2	1190	+	340	75608748	88110
chr1	75520638	75720638	harbor1	chr1	75612504	75612738	LINE/L2	433	+	117	75612621	91983
chr1	101073825	101273825	harbor1	chr1	101090271	101090421	LINE/L2	412	+	75	101090346	16521
chr1	101073825	101273825	harbor1	chr1	101110104	101110455	LINE/L2	560	+	176	101110280	36455
chr1	101073825	101273825	harbor1	chr1	101123040	101123519	LINE/L2	434	+	240	101123280	49455
chr1	101073825	101273825	harbor1	chr1	101124831	101125357	LINE/L2	649	+	263	101125094	51269
chr1	101073825	101273825	harbor1	chr1	101130775	101131200	LINE/L2	556	+	212	101130987	57162
chr1	101073825	101273825	harbor1	chr1	101134338	101135160	LINE/L2	769	+	411	101134749	60924
chr1	101073825	101273825	harbor1	chr1	101166173	101166446	LINE/L2	1073	+	136	101166309	92484
chr1	101073825	101273825	harbor1	chr1	101167258	101168036	LINE/L2	1665	+	389	101167647	93822
chr1	85034057	85234057	harbor1	chr1	85035050	85035829	LINE/L2	1617	+	390	85035440	1383
chr1	85034057	85234057	harbor1	chr1	85035867	85036188	LINE/L2	714	+	160	85036027	1970
chr1	85034057	85234057	harbor1	chr1	85036489	85036509	LINE/L2	714	+	10	85036499	2442
chr1	85034057	85234057	harbor1	chr1	85036549	85037017	LINE/L2	729	+	234	85036783	2726
chr1	85034057	85234057	harbor1	chr1	85068219	85068682	LINE/L2	1534	+	232	85068451	34394
chr1	85034057	85234057	harbor1	chr1	85069109	85069526	LINE/L2	1190	+	208	85069317	35260
chr1	85034057	85234057	harbor1	chr1	85074036	85074633	LINE/L2	597	+	298	85074334	40277
chr1	85034057	85234057	harbor1	chr1	85086494	85087155	LINE/L2	1172	+	330	85086824	52767
chr1	85034057	85234057	harbor1	chr1	85087464	85087667	LINE/L2	864	+	102	85087566	53509
chr1	85034057	85234057	harbor1	chr1	85122986	85123858	LINE/L2	648	+	436	85123422	89365
chr1	84880410	85080410	harbor1	chr1	84957750	84957912	LINE/L2	597	+	81	84957831	77421
chr1	183261703	183461703	harbor1	chr1	183264816	183265238	LINE/L2	1827	+	211	183265027	3324
chr1	183261703	183461703	harbor1	chr1	183265564	183265746	LINE/L2	1827	+	91	183265655	3952
chr1	183261703	183461703	harbor1	chr1	183266224	183266358	LINE/L2	1827	+	67	183266291	4588
chr1	183261703	183461703	harbor1	chr1	183314229	183314549	LINE/L2	396	+	160	183314389	52686
chr1	183261703	183461703	harbor1	chr1	183322778	183322939	LINE/L2	916	+	80	183322858	61155
chr1	183261703	183461703	harbor1	chr1	183323232	183323463	LINE/L2	916	+	116	183323348	61645
chr1	183261703	183461703	harbor1	chr1	183324444	183324941	LINE/L2	648	+	248	183324692	62989
chr1	183261703	183461703	harbor1	chr1	183344387	183344595	LINE/L2	445	+	104	183344491	82788
chr1	183261703	183461703	harbor1	chr1	183354715	183355048	LINE/L2	560	+	166	183354881	93178
chr1	57200868	57400868	harbor1	chr1	57225923	57226653	LINE/L2	1919	+	365	57226288	25420
chr1	57200868	57400868	harbor1	chr1	57239005	57239471	LINE/L2	685	+	233	57239238	38370
chr1	57200868	57400868	harbor1	chr1	57254986	57255094	LINE/L2	439	+	54	57255040	54172
chr1	57200868	57400868	harbor1	chr1	57266287	57266724	LINE/L2	434	+	218	57266505	65637
chr1	15800460	16000460	harbor1	chr1	15829943	15830115	LINE/L2	870	+	86	15830029	29569
chr1	15800460	16000460	harbor1	chr1	15830276	15830548	LINE/L2	870	+	136	15830412	29952
chr1	15800460	16000460	harbor1	chr1	15826936	15827469	LINE/L2	1346	+	266	15827202	26742
chr1	213370308	213570308	harbor1	chr1	213407865	213407986	LINE/L2	584	+	60	213407925	37617
chr1	213370308	213570308	harbor1	chr1	213442213	213442376	LINE/L2	461	+	82	213442295	71987
chr1	213370308	213570308	harbor1	chr1	213468780	213469193	LINE/L2	616	+	206	213468986	98678
chr1	151380398	151580398	harbor1	chr1	151410212	151411211	LINE/L2	801	+	500	151410712	30314
chr1	151380398	151580398	harbor1	chr1	151476941	151477116	LINE/L2	509	+	88	151477029	96631
chr1	177386307	177586307	harbor1	chr1	177406954	177408103	LINE/L2	1695	+	574	177407528	21221
chr1	177386307	177586307	harbor1	chr1	177408295	177408643	LINE/L2	636	+	174	177408469	22162
chr1	177386307	177586307	harbor1	chr1	177419430	177419698	LINE/L2	623	+	134	177419564	33257
chr1	177386307	177586307	harbor1	chr1	177427658	177427906	LINE/L2	448	+	124	177427782	41475
chr1	177386307	177586307	harbor1	chr1	177448787	177449455	LINE/L2	873	+	334	177449121	62814
chr1	5715142	5915142	harbor1	chr1	5785315	5785664	LINE/L2	486	+	174	5785489	70347
chr1	169640374	169840374	harbor1	chr1	169694652	169695694	LINE/L2	646	+	521	169695173	54799
chr1	169640374	169840374	harbor1	chr1	169709695	169709808	LINE/L2	485	+	56	169709751	69377
chr1	169640374	169840374	harbor1	chr1	169716118	169716720	LINE/L2	1668	+	301	169716419	76045
chr1	169640374	169840374	harbor1	chr1	169718485	169719230	LINE/L2	704	+	372	169718857	78483
chr1	74821167	75021167	harbor1	chr1	74868041	74868309	LINE/L2	813	+	134	74868175	47008
chr1	74821167	75021167	harbor1	chr1	74888978	74889480	LINE/L2	483	+	251	74889229	68062
chr1	111776442	111976442	harbor1	chr1	111781265	111781455	LINE/L2	404	+	95	111781360	4918
chr1	111776442	111976442	harbor1	chr1	111798145	111798580	LINE/L2	595	+	218	111798363	21921
chr1	111776442	111976442	harbor1	chr1	111819883	111820306	LINE/L2	404	+	212	111820095	43653
chr1	111776442	111976442	harbor1	chr1	111830066	111830220	LINE/L2	421	+	77	111830143	53701
chr1	111776442	111976442	harbor1	chr1	111844575	111845616	LINE/L2	1024	+	520	111845095	68653
chr1	111776442	111976442	harbor1	chr1	111851039	111851353	LINE/L2	506	+	157	111851196	74754
chr1	111776442	111976442	harbor1	chr1	111851468	111851777	LINE/L2	460	+	154	111851622	75180
chr1	111776442	111976442	harbor1	chr1	111858762	111859191	LINE/L2	700	+	214	111858976	82534
chr1	111776442	111976442	harbor1	chr1	111853471	111853796	LINE/L2	1212	+	162	111853633	77191
chr1	182483020	182683020	harbor1	chr1	182487357	182487780	LINE/L2	580	+	212	182487569	4549
chr1	182483020	182683020	harbor1	chr1	182535386	182535775	LINE/L2	826	+	194	182535580	52560
chr1	182483020	182683020	harbor1	chr1	182569710	182570734	LINE/L2	1834	+	512	182570222	87202
chr1	215877363	216077363	harbor1	chr1	215954784	215955201	LINE/L2	573	+	208	215954992	77629
chr1	200599653	200799653	harbor1	chr1	200599653	200599799	LINE/L2	479	+	73	200599726	73
chr1	200599653	200799653	harbor1	chr1	200613188	200613570	LINE/L2	722	+	191	200613379	13726
chr1	200599653	200799653	harbor1	chr1	200652983	200654036	LINE/L2	1348	+	526	200653509	53856
chr1	200599653	200799653	harbor1	chr1	200680770	200681184	LINE/L2	591	+	207	200680977	81324
chr1	62586261	62786261	harbor1	chr1	62599098	62599691	LINE/L2	1098	+	296	62599394	13133
chr1	62586261	62786261	harbor1	chr1	62649724	62649967	LINE/L2	1336	+	122	62649846	63585
chr1	62586261	62786261	harbor1	chr1	62650074	62650365	LINE/L2	1336	+	146	62650220	63959
chr1	62586261	62786261	harbor1	chr1	62685468	62685851	LINE/L2	559	+	192	62685660	99399
chr1	18277025	18477025	harbor1	chr1	18279139	18279405	LINE/L2	409	+	133	18279272	2247
chr1	18277025	18477025	harbor1	chr1	18291349	18291793	LINE/L2	515	+	222	18291571	14546
chr1	18277025	18477025	harbor1	chr1	18293148	18293262	LINE/L2	430	+	57	18293205	16180
chr1	18277025	18477025	harbor1	chr1	18296936	18297253	LINE/L2	551	+	158	18297094	20069
chr1	18277025	18477025	harbor1	chr1	18306017	18306599	LINE/L2	664	+	291	18306308	29283
chr1	18277025	18477025	harbor1	chr1	18311564	18311583	LINE/L2	610	+	10	18311574	34549
chr1	18277025	18477025	harbor1	chr1	18311946	18312238	LINE/L2	610	+	146	18312092	35067
chr1	18277025	18477025	harbor1	chr1	18319718	18320036	LINE/L2	1055	+	159	18319877	42852
chr1	18277025	18477025	harbor1	chr1	18369921	18370250	LINE/L2	946	+	164	18370085	93060
chr1	18277025	18477025	harbor1	chr1	18374978	18375326	LINE/L2	508	+	174	18375152	98127
chr1	18277025	18477025	harbor1	chr1	18375902	18376153	LINE/L2	421	+	126	18376028	99003
chr1	73772867	73972867	harbor1	chr1	73781623	73782099	LINE/L2	671	+	238	73781861	8994
chr1	73772867	73972867	harbor1	chr1	73802024	73802369	LINE/L2	491	+	172	73802196	29329
chr1	73772867	73972867	harbor1	chr1	73802832	73803098	LINE/L2	554	+	133	73802965	30098
chr1	105994443	106194443	harbor1	chr1	105995375	105995545	LINE/L2	470	+	85	105995460	1017
chr1	105994443	106194443	harbor1	chr1	105996084	105996251	LINE/L2	470	+	84	105996168	1725
chr1	56106842	56306842	harbor1	chr1	56195620	56195843	LINE/L2	590	+	112	56195732	88890
chr1	56106842	56306842	harbor1	chr1	56199427	56199713	LINE/L2	525	+	143	56199570	92728
chr1	89545136	89745136	harbor1	chr1	89604969	89605226	LINE/L2	534	+	128	89605097	59961
chr1	89545136	89745136	harbor1	chr1	89614217	89615104	LINE/L2	1496	+	444	89614661	69525
chr1	238425333	238625333	harbor1	chr1	238464261	238465052	LINE/L2	916	+	396	238464657	39324
chr1	35528163	35728163	harbor1	chr1	35535690	35535920	LINE/L2	395	+	115	35535805	7642
chr1	35528163	35728163	harbor1	chr1	35595991	35597081	LINE/L2	1257	+	545	35596536	68373
chr1	211077993	211277993	harbor1	chr1	211100954	211101300	LINE/L2	449	+	173	211101127	23134
chr1	211077993	211277993	harbor1	chr1	211146472	211146737	LINE/L2	700	+	132	211146604	68611
chr1	79018502	79218502	harbor1	chr1	79026373	79026485	LINE/L2	1307	+	56	79026429	7927
chr1	79018502	79218502	harbor1	chr1	79026785	79027443	LINE/L2	1307	+	329	79027114	8612
chr1	79018502	79218502	harbor1	chr1	79027613	79027767	LINE/L2	439	+	77	79027690	9188
chr1	113898330	114098330	harbor1	chr1	113909030	113909203	LINE/L2	536	+	86	113909116	10786
chr1	113898330	114098330	harbor1	chr1	113918085	113918608	LINE/L2	740	+	262	113918347	20017
chr1	113898330	114098330	harbor1	chr1	113990572	113990676	LINE/L2	402	+	52	113990624	92294
chr1	37338604	37538604	harbor1	chr1	37361046	37361337	LINE/L2	394	+	146	37361192	22588
chr1	37338604	37538604	harbor1	chr1	37383013	37383153	LINE/L2	475	+	70	37383083	44479
chr1	37338604	37538604	harbor1	chr1	37383581	37383992	LINE/L2	824	+	206	37383787	45183
chr1	37338604	37538604	harbor1	chr1	37408177	37408360	LINE/L2	405	+	92	37408269	69665
chr1	1820966	2020966	harbor1	chr1	1871717	1871996	LINE/L2	409	+	140	1871857	50891
chr1	1820966	2020966	harbor1	chr1	1872278	1872367	LINE/L2	409	+	44	1872322	51356
chr1	240566678	240766678	harbor1	chr1	240597563	240597694	LINE/L2	591	+	66	240597629	30951
chr1	240566678	240766678	harbor1	chr1	240632466	240632966	LINE/L2	403	+	250	240632716	66038
chr1	180571269	180771269	harbor1	chr1	180572876	180573314	LINE/L2	626	+	219	180573095	1826
chr1	180571269	180771269	harbor1	chr1	180625035	180625250	LINE/L2	500	+	108	180625143	53874
chr1	180571269	180771269	harbor1	chr1	180625405	180625877	LINE/L2	1806	+	236	180625641	54372
chr1	180571269	180771269	harbor1	chr1	180626369	180626414	LINE/L2	1806	+	22	180626391	55122
chr1	180571269	180771269	harbor1	chr1	180627009	180627560	LINE/L2	614	+	276	180627285	56016
chr1	226469013	226669013	harbor1	chr1	226554706	226555132	LINE/L2	419	+	213	226554919	85906
chr1	226469013	226669013	harbor1	chr1	226555133	226555823	LINE/L2	2711	+	345	226555478	86465
chr1	226469013	226669013	harbor1	chr1	226560971	226561290	LINE/L2	531	+	160	226561131	92118
chr1	85292850	85492850	harbor1	chr1	85379702	85380025	LINE/L2	449	+	162	85379864	87014
chr1	243644433	243844433	harbor1	chr1	243667319	243668201	LINE/L2	1389	+	441	243667760	23327
chr2	76860619	77060619	harbor1	chr2	76874112	76874446	LINE/L2	562	+	167	76874279	13660
chr2	76860619	77060619	harbor1	chr2	76943627	76944034	LINE/L2	435	+	204	76943831	83212
chr2	76860619	77060619	harbor1	chr2	76944095	76944530	LINE/L2	469	+	218	76944313	83694
chr2	61372449	61572449	harbor1	chr2	61381702	61382422	LINE/L2	591	+	360	61382062	9613
chr2	61372449	61572449	harbor1	chr2	61382760	61383010	LINE/L2	567	+	125	61382885	10436
chr2	77655199	77855199	harbor1	chr2	77655836	77656095	LINE/L2	404	+	130	77655966	767
chr2	77655199	77855199	harbor1	chr2	77709438	77711980	LINE/L2	4729	+	1271	77710709	55510
chr2	77655199	77855199	harbor1	chr2	77712329	77712481	LINE/L2	519	+	76	77712405	57206
chr2	77655199	77855199	harbor1	chr2	77712748	77712811	LINE/L2	519	+	32	77712780	57581
chr2	77655199	77855199	harbor1	chr2	77736892	77737532	LINE/L2	649	+	320	77737212	82013
chr2	77655199	77855199	harbor1	chr2	77737980	77738281	LINE/L2	649	+	150	77738130	82931
chr2	227169988	227369988	harbor1	chr2	227221165	227221530	LINE/L2	560	+	182	227221347	51359
chr2	227169988	227369988	harbor1	chr2	227221545	227221827	LINE/L2	718	+	141	227221686	51698
chr2	227169988	227369988	harbor1	chr2	227240455	227241078	LINE/L2	463	+	312	227240767	70779
chr2	46424731	46624731	harbor1	chr2	46453439	46454497	LINE/L2	411	+	529	46453968	29237
chr2	46424731	46624731	harbor1	chr2	46454803	46454984	LINE/L2	411	+	90	46454893	30162
chr2	46424731	46624731	harbor1	chr2	46455164	46455961	LINE/L2	1209	+	398	46455562	30831
chr2	46424731	46624731	harbor1	chr2	46456168	46456749	LINE/L2	450	+	290	46456458	31727
chr2	46424731	46624731	harbor1	chr2	46504530	46504660	LINE/L2	472	+	65	46504595	79864
chr2	46774189	46974189	harbor1	chr2	46824837	46825175	LINE/L2	565	+	169	46825006	50817
chr2	46774189	46974189	harbor1	chr2	46840025	46840423	LINE/L2	676	+	199	46840224	66035
chr2	21985456	22185456	harbor1	chr2	21990614	21991293	LINE/L2	852	+	340	21990954	5498
chr2	21985456	22185456	harbor1	chr2	21993595	21993957	LINE/L2	852	+	181	21993776	8320
chr2	21985456	22185456	harbor1	chr2	21999671	21999949	LINE/L2	476	+	139	21999810	14354
chr2	21985456	22185456	harbor1	chr2	22051495	22052036	LINE/L2	494	+	270	22051765	66309
chr2	51912419	52112419	harbor1	chr2	51932233	51932652	LINE/L2	414	+	210	51932443	20024
chr2	51912419	52112419	harbor1	chr2	51984073	51985490	LINE/L2	1179	+	708	51984781	72362
chr2	51912419	52112419	harbor1	chr2	52000617	52001436	LINE/L2	754	+	410	52001027	88608
chr2	12008144	12208144	harbor1	chr2	12078863	12079895	LINE/L2	771	+	516	12079379	71235
chr2	12008144	12208144	harbor1	chr2	12080288	12080305	LINE/L2	645	+	8	12080296	72152
chr2	8525035	8725035	harbor1	chr2	8580233	8580349	LINE/L2	421	+	58	8580291	55256
chr2	228757478	228957478	harbor1	chr2	228834806	228835124	LINE/L2	674	+	159	228834965	77487
chr2	196739891	196939891	harbor1	chr2	196779575	196779754	LINE/L2	893	+	90	196779665	39774
chr2	196739891	196939891	harbor1	chr2	196779981	196780191	LINE/L2	893	+	105	196780086	40195
chr2	196739891	196939891	harbor1	chr2	196785775	196786175	LINE/L2	2511	+	200	196785975	46084
chr2	196739891	196939891	harbor1	chr2	196786320	196787867	LINE/L2	2511	+	774	196787094	47203
chr2	42983160	43183160	harbor1	chr2	43030026	43030487	LINE/L2	455	+	230	43030256	47096
chr2	42983160	43183160	harbor1	chr2	43066789	43066870	LINE/L2	459	+	40	43066829	83669
chr2	42983160	43183160	harbor1	chr2	43067176	43067373	LINE/L2	459	+	98	43067274	84114
chr2	151693818	151893818	harbor1	chr2	151707944	151708995	LINE/L2	2746	+	526	151708470	14652
chr2	151693818	151893818	harbor1	chr2	151718819	151719256	LINE/L2	486	+	218	151719037	25219
chr2	210988091	211188091	harbor1	chr2	211052601	211053721	LINE/L2	1537	+	560	211053161	65070
chr2	111387730	111587730	harbor1	chr2	111394112	111394493	LINE/L2	477	+	190	111394302	6572
chr2	177966827	178166827	harbor1	chr2	178005497	178005697	LINE/L2	583	+	100	178005597	38770
chr2	48504407	48704407	harbor1	chr2	48517095	48517332	LINE/L2	775	+	118	48517213	12806
chr2	219367382	219567382	harbor1	chr2	219392812	219393056	LINE/L2	1777	+	122	219392934	25552
chr2	219367382	219567382	harbor1	chr2	219393579	219394007	LINE/L2	1777	+	214	219393793	26411
chr2	219367382	219567382	harbor1	chr2	219394576	219394870	LINE/L2	1431	+	147	219394723	27341
chr2	219367382	219567382	harbor1	chr2	219395603	219395711	LINE/L2	1431	+	54	219395657	28275
chr2	219367382	219567382	harbor1	chr2	219400203	219400438	LINE/L2	574	+	118	219400321	32939
chr2	219367382	219567382	harbor1	chr2	219430367	219430494	LINE/L2	483	+	64	219430431	63049
chr2	219367382	219567382	harbor1	chr2	219431153	219431548	LINE/L2	994	+	198	219431351	63969
chr2	219367382	219567382	harbor1	chr2	219431919	219432065	LINE/L2	994	+	73	219431992	64610
chr2	123804371	124004371	harbor1	chr2	123849550	123849813	LINE/L2	547	+	132	123849682	45311
chr2	123804371	124004371	harbor1	chr2	123873520	123873777	LINE/L2	465	+	128	123873648	69277
chr2	182098878	182298878	harbor1	chr2	182107555	182108098	LINE/L2	2177	+	272	182107827	8949
chr2	182098878	182298878	harbor1	chr2	182108223	182108785	LINE/L2	2177	+	281	182108504	9626
chr2	182098878	182298878	harbor1	chr2	182182232	182182897	LINE/L2	669	+	332	182182564	83686
chr2	104968275	105168275	harbor1	chr2	104972334	104972665	LINE/L2	507	+	166	104972500	4225
chr2	104968275	105168275	harbor1	chr2	104979149	104979490	LINE/L2	590	+	170	104979319	11044
chr2	104968275	105168275	harbor1	chr2	104980445	104980724	LINE/L2	525	+	140	104980585	12310
chr2	104968275	105168275	harbor1	chr2	104971700	104972305	LINE/L2	551	+	302	104972002	3727
chr2	131662940	131862940	harbor1	chr2	131714658	131714839	LINE/L2	454	+	90	131714748	51808
chr2	120304716	120504716	harbor1	chr2	120332861	120333756	LINE/L2	1422	+	448	120333309	28593
chr2	120304716	120504716	harbor1	chr2	120334453	120334718	LINE/L2	564	+	132	120334585	29869
chr2	120304716	120504716	harbor1	chr2	120335012	120335183	LINE/L2	564	+	86	120335098	30382
chr2	120304716	120504716	harbor1	chr2	120359318	120359424	LINE/L2	434	+	53	120359371	54655
chr2	228621887	228821887	harbor1	chr2	228666285	228666805	LINE/L2	823	+	260	228666545	44658
chr2	228621887	228821887	harbor1	chr2	228667105	228667253	LINE/L2	637	+	74	228667179	45292
chr2	228621887	228821887	harbor1	chr2	228687967	228688068	LINE/L2	400	+	50	228688017	66130
chr2	108179000	108379000	harbor1	chr2	108217014	108217943	LINE/L2	1684	+	464	108217478	38478
chr2	108179000	108379000	harbor1	chr2	108183500	108183795	LINE/L2	416	+	148	108183648	4648
chr2	183461566	183661566	harbor1	chr2	183517989	183519325	LINE/L2	2956	+	668	183518657	57091
chr2	206499367	206699367	harbor1	chr2	206554824	206555570	LINE/L2	1550	+	373	206555197	55830
chr2	16903119	17103119	harbor1	chr2	16943903	16944277	LINE/L2	1105	+	187	16944090	40971
chr2	16903119	17103119	harbor1	chr2	16953334	16953445	LINE/L2	473	+	56	16953390	50271
chr2	189955639	190155639	harbor1	chr2	190003929	190004130	LINE/L2	703	+	100	190004029	48390
chr2	189955639	190155639	harbor1	chr2	190004287	190004492	LINE/L2	703	+	102	190004389	48750
chr2	52725972	52925972	harbor1	chr2	52752574	52753178	LINE/L2	650	+	302	52752876	26904
chr2	22832731	23032731	harbor1	chr2	22834434	22835106	LINE/L2	883	+	336	22834770	2039
chr2	22832731	23032731	harbor1	chr2	22847449	22848478	LINE/L2	692	+	514	22847963	15232
chr2	22832731	23032731	harbor1	chr2	22858923	22859513	LINE/L2	712	+	295	22859218	26487
chr2	22832731	23032731	harbor1	chr2	22874235	22874796	LINE/L2	611	+	280	22874515	41784
chr2	144650612	144850612	harbor1	chr2	144690521	144690672	LINE/L2	454	+	76	144690597	39985
chr2	144650612	144850612	harbor1	chr2	144715543	144715771	LINE/L2	615	+	114	144715657	65045
chr2	144650612	144850612	harbor1	chr2	144715782	144716338	LINE/L2	604	+	278	144716060	65448
chr2	35774564	35974564	harbor1	chr2	35793690	35794276	LINE/L2	1110	+	293	35793983	19419
chr2	35774564	35974564	harbor1	chr2	35851083	35851270	LINE/L2	497	+	94	35851177	76613
chr2	228468482	228668482	harbor1	chr2	228470370	228471260	LINE/L2	977	+	445	228470815	2333
chr2	228468482	228668482	harbor1	chr2	228542823	228543173	LINE/L2	665	+	175	228542998	74516
chr2	18775325	18975325	harbor1	chr2	18787575	18787783	LINE/L2	565	+	104	18787679	12354
chr2	18775325	18975325	harbor1	chr2	18803038	18803380	LINE/L2	508	+	171	18803209	27884
chr2	18775325	18975325	harbor1	chr2	18809205	18809761	LINE/L2	664	+	278	18809483	34158
chr2	18775325	18975325	harbor1	chr2	18825609	18826057	LINE/L2	490	+	224	18825833	50508
chr2	18775325	18975325	harbor1	chr2	18827548	18827903	LINE/L2	498	+	178	18827726	52401
chr2	18775325	18975325	harbor1	chr2	18855792	18856086	LINE/L2	627	+	147	18855939	80614
chr2	62567769	62767769	harbor1	chr2	62595860	62596013	LINE/L2	660	+	76	62595936	28167
chr2	11573956	11773956	harbor1	chr2	11590408	11590767	LINE/L2	515	+	180	11590588	16632
chr2	94770133	94970133	harbor1	chr2	94813822	94813970	LINE/L2	417	+	74	94813896	43763
chr2	222226995	222426995	harbor1	chr2	222264842	222265206	LINE/L2	738	+	182	222265024	38029
chr2	180103780	180303780	harbor1	chr2	180194991	180195385	LINE/L2	487	+	197	180195188	91408
chr2	77170951	77370951	harbor1	chr2	77204528	77204829	LINE/L2	519	+	150	77204678	33727
chr2	77170951	77370951	harbor1	chr2	77229000	77229733	LINE/L2	1038	+	366	77229366	58415
chr2	77170951	77370951	harbor1	chr2	77229725	77230100	LINE/L2	572	+	188	77229913	58962
chr2	77170951	77370951	harbor1	chr2	77267950	77268636	LINE/L2	623	+	343	77268293	97342
chr2	142863623	143063623	harbor1	chr2	142881659	142881754	LINE/L2	713	+	48	142881707	18084
chr2	142863623	143063623	harbor1	chr2	142882052	142882330	LINE/L2	713	+	139	142882191	18568
chr2	142863623	143063623	harbor1	chr2	142883051	142883186	LINE/L2	713	+	68	142883119	19496
chr2	142863623	143063623	harbor1	chr2	142883498	142883932	LINE/L2	713	+	217	142883715	20092
chr2	45392992	45592992	harbor1	chr2	45404410	45405254	LINE/L2	1417	+	422	45404832	11840
chr2	45392992	45592992	harbor1	chr2	45417821	45418220	LINE/L2	800	+	200	45418021	25029
chr2	45392992	45592992	harbor1	chr2	45475255	45475482	LINE/L2	651	+	114	45475369	82377
chr2	225119816	225319816	harbor1	chr2	225147540	225148300	LINE/L2	2143	+	380	225147920	28104
chr2	225119816	225319816	harbor1	chr2	225183945	225184089	LINE/L2	407	+	72	225184017	64201
chr2	225119816	225319816	harbor1	chr2	225184402	225184526	LINE/L2	407	+	62	225184464	64648
chr2	225119816	225319816	harbor1	chr2	225148781	225149367	LINE/L2	1234	+	293	225149074	29258
chr2	217859532	218059532	harbor1	chr2	217867619	217868121	LINE/L2	1501	+	251	217867870	8338
chr2	217859532	218059532	harbor1	chr2	217884533	217884716	LINE/L2	415	+	92	217884625	25093
chr2	217859532	218059532	harbor1	chr2	217889467	217889798	LINE/L2	511	+	166	217889633	30101
chr2	217859532	218059532	harbor1	chr2	217890157	217890446	LINE/L2	623	+	144	217890301	30769
chr2	217859532	218059532	harbor1	chr2	217891597	217892097	LINE/L2	556	+	250	217891847	32315
chr2	217859532	218059532	harbor1	chr2	217892402	217892423	LINE/L2	556	+	10	217892412	32880
chr2	217859532	218059532	harbor1	chr2	217924035	217924550	LINE/L2	802	+	258	217924293	64761
chr2	217859532	218059532	harbor1	chr2	217929665	217930122	LINE/L2	462	+	228	217929893	70361
chr2	30065287	30265287	harbor1	chr2	30131438	30132323	LINE/L2	556	+	442	30131880	66593
chr2	143626257	143826257	harbor1	chr2	143634035	143634243	LINE/L2	545	+	104	143634139	7882
chr2	197297994	197497994	harbor1	chr2	197323645	197324017	LINE/L2	647	+	186	197323831	25837
chr2	214653290	214853290	harbor1	chr2	214713703	214713831	LINE/L2	407	+	64	214713767	60477
chr2	214653290	214853290	harbor1	chr2	214751631	214751850	LINE/L2	451	+	110	214751741	98451
chr2	177463313	177663313	harbor1	chr2	177524587	177524837	LINE/L2	653	+	125	177524712	61399
chr2	177463313	177663313	harbor1	chr2	177528023	177528175	LINE/L2	503	+	76	177528099	64786
chr2	177463313	177663313	harbor1	chr2	177528188	177528610	LINE/L2	582	+	211	177528399	65086
chr2	233118757	233318757	harbor1	chr2	233151666	233151804	LINE/L2	465	+	69	233151735	32978
chr2	233118757	233318757	harbor1	chr2	233197467	233197943	LINE/L2	558	+	238	233197705	78948
chr2	214443970	214643970	harbor1	chr2	214447840	214448036	LINE/L2	723	+	98	214447938	3968
chr2	214443970	214643970	harbor1	chr2	214448083	214448278	LINE/L2	489	+	98	214448181	4211
chr2	214443970	214643970	harbor1	chr2	214517044	214517254	LINE/L2	695	+	105	214517149	73179
chr2	214443970	214643970	harbor1	chr2	214527422	214527727	LINE/L2	415	+	152	214527574	83604
chr2	171238831	171438831	harbor1	chr2	171266298	171266858	LINE/L2	1005	+	280	171266578	27747
chr2	171238831	171438831	harbor1	chr2	171270276	171270882	LINE/L2	564	+	303	171270579	31748
chr2	22667688	22867688	harbor1	chr2	22737695	22738426	LINE/L2	835	+	366	22738061	70373
chr2	22667688	22867688	harbor1	chr2	22741011	22741339	LINE/L2	425	+	164	22741175	73487
chr2	229108911	229308911	harbor1	chr2	229116794	229118123	LINE/L2	655	+	664	229117458	8547
chr2	229108911	229308911	harbor1	chr2	229156502	229157029	LINE/L2	1068	+	264	229156766	47855
chr2	229108911	229308911	harbor1	chr2	229158346	229158571	LINE/L2	602	+	112	229158458	49547
chr2	229108911	229308911	harbor1	chr2	229182489	229182973	LINE/L2	942	+	242	229182731	73820
chr2	229108911	229308911	harbor1	chr2	229185216	229185421	LINE/L2	1098	+	102	229185318	76407
chr2	229108911	229308911	harbor1	chr2	229187660	229187938	LINE/L2	1098	+	139	229187799	78888
chr2	229108911	229308911	harbor1	chr2	229198378	229199508	LINE/L2	1568	+	565	229198943	90032
chr2	3731648	3931648	harbor1	chr2	3756445	3756677	LINE/L2	459	+	116	3756561	24913
chr2	3731648	3931648	harbor1	chr2	3769628	3769808	LINE/L2	421	+	90	3769718	38070
chr2	3731648	3931648	harbor1	chr2	3776027	3777485	LINE/L2	619	+	729	3776756	45108
chr2	61144459	61344459	harbor1	chr2	61207566	61207672	LINE/L2	433	+	53	61207619	63160
chr2	110650625	110850625	harbor1	chr2	110659083	110659384	LINE/L2	554	+	150	110659233	8608
chr2	162356072	162556072	harbor1	chr2	162443293	162444334	LINE/L2	600	+	520	162443813	87741
chr2	19182034	19382034	harbor1	chr2	19187103	19187412	LINE/L2	527	+	154	19187257	5223
chr2	34046236	34246236	harbor1	chr2	34092330	34093000	LINE/L2	834	+	335	34092665	46429
chr2	189501373	189701373	harbor1	chr2	189535848	189536210	LINE/L2	1187	+	181	189536029	34656
chr2	189501373	189701373	harbor1	chr2	189536260	189536344	LINE/L2	1187	+	42	189536302	34929
chr2	189501373	189701373	harbor1	chr2	189536328	189536588	LINE/L2	630	+	130	189536458	35085
chr2	189501373	189701373	harbor1	chr2	189537666	189537788	LINE/L2	500	+	61	189537727	36354
chr2	37675894	37875894	harbor1	chr2	37676491	37676854	LINE/L2	1167	+	182	37676673	779
chr2	37675894	37875894	harbor1	chr2	37750198	37750591	LINE/L2	503	+	196	37750394	74500
chr2	37675894	37875894	harbor1	chr2	37751581	37751632	LINE/L2	503	+	26	37751607	75713
chr2	188891338	189091338	harbor1	chr2	188900681	188901002	LINE/L2	554	+	160	188900841	9503
chr2	188891338	189091338	harbor1	chr2	188918697	188918969	LINE/L2	671	+	136	188918833	27495
chr2	188891338	189091338	harbor1	chr2	188919345	188920362	LINE/L2	671	+	508	188919853	28515
chr2	169077780	169277780	harbor1	chr2	169141201	169141502	LINE/L2	997	+	150	169141351	63571
chr2	199086750	199286750	harbor1	chr2	199112153	199112577	LINE/L2	462	+	212	199112365	25615
chr2	199086750	199286750	harbor1	chr2	199164243	199164486	LINE/L2	599	+	122	199164365	77615
chr2	199086750	199286750	harbor1	chr2	199163163	199164066	LINE/L2	599	+	452	199163615	76865
chr2	102970028	103170028	harbor1	chr2	102980708	102981528	LINE/L2	718	+	410	102981118	11090
chr2	102970028	103170028	harbor1	chr2	103023404	103024731	LINE/L2	1427	+	664	103024068	54040
chr2	190575386	190775386	harbor1	chr2	190593865	190594569	LINE/L2	577	+	352	190594217	18831
chr2	190575386	190775386	harbor1	chr2	190605252	190605359	LINE/L2	472	+	54	190605306	29920
chr2	190575386	190775386	harbor1	chr2	190605676	190606028	LINE/L2	472	+	176	190605852	30466
chr2	190575386	190775386	harbor1	chr2	190660626	190660907	LINE/L2	453	+	140	190660766	85380
chr2	190575386	190775386	harbor1	chr2	190674097	190674648	LINE/L2	845	+	276	190674373	98987
chr2	190597983	190797983	harbor1	chr2	190605252	190605359	LINE/L2	472	+	54	190605306	7323
chr2	190597983	190797983	harbor1	chr2	190605676	190606028	LINE/L2	472	+	176	190605852	7869
chr2	190597983	190797983	harbor1	chr2	190660626	190660907	LINE/L2	453	+	140	190660766	62783
chr2	190597983	190797983	harbor1	chr2	190674097	190674648	LINE/L2	845	+	276	190674373	76390
chr2	190597983	190797983	harbor1	chr2	190680096	190680630	LINE/L2	543	+	267	190680363	82380
chr2	15138323	15338323	harbor1	chr2	15169644	15169784	LINE/L2	540	+	70	15169714	31391
chr2	15138323	15338323	harbor1	chr2	15191846	15192330	LINE/L2	1144	+	242	15192088	53765
chr2	45233566	45433566	harbor1	chr2	45248972	45249266	LINE/L2	443	+	147	45249119	15553
chr2	45233566	45433566	harbor1	chr2	45255662	45256202	LINE/L2	1558	+	270	45255932	22366
chr2	45233566	45433566	harbor1	chr2	45319767	45320174	LINE/L2	595	+	204	45319971	86405
chr2	170846863	171046863	harbor1	chr2	170847262	170847507	LINE/L2	1007	+	122	170847384	521
chr2	54040615	54240615	harbor1	chr2	54097107	54097414	LINE/L2	989	+	154	54097261	56646
chr2	54040615	54240615	harbor1	chr2	54130755	54131150	LINE/L2	673	+	198	54130953	90338
chr2	191969839	192169839	harbor1	chr2	191989772	191990084	LINE/L2	480	+	156	191989928	20089
chr2	191969839	192169839	harbor1	chr2	192013005	192013455	LINE/L2	1039	+	225	192013230	43391
chr2	191969839	192169839	harbor1	chr2	192013751	192013908	LINE/L2	1039	+	78	192013829	43990
chr2	191969839	192169839	harbor1	chr2	192017489	192017976	LINE/L2	815	+	244	192017733	47894
chr2	191969839	192169839	harbor1	chr2	192031016	192031400	LINE/L2	888	+	192	192031208	61369
chr2	191969839	192169839	harbor1	chr2	192036569	192037107	LINE/L2	904	+	269	192036838	66999
chr2	18220720	18420720	harbor1	chr2	18222966	18223292	LINE/L2	574	+	163	18223129	2409
chr2	2388272	2588272	harbor1	chr2	2390836	2391158	LINE/L2	864	+	161	2390997	2725
chr2	2388272	2588272	harbor1	chr2	2447767	2447987	LINE/L2	579	+	110	2447877	59605
chr2	186354208	186554208	harbor1	chr2	186364350	186364589	LINE/L2	485	+	120	186364470	10262
chr2	186354208	186554208	harbor1	chr2	186404991	186407401	LINE/L2	4808	+	1205	186406196	51988
chr2	186354208	186554208	harbor1	chr2	186444965	186445449	LINE/L2	501	+	242	186445207	90999
chr2	223999586	224199586	harbor1	chr2	224040483	224040848	LINE/L2	469	+	182	224040665	41079
chr2	223999586	224199586	harbor1	chr2	224080238	224080575	LINE/L2	428	+	168	224080406	80820
chr2	166610858	166810858	harbor1	chr2	166640161	166640657	LINE/L2	423	+	248	166640409	29551
chr2	166610858	166810858	harbor1	chr2	166665468	166665801	LINE/L2	529	+	166	166665634	54776
chr2	228586400	228786400	harbor1	chr2	228666285	228666805	LINE/L2	823	+	260	228666545	80145
chr2	228586400	228786400	harbor1	chr2	228667105	228667253	LINE/L2	637	+	74	228667179	80779
chr2	228586400	228786400	harbor1	chr2	228589210	228590581	LINE/L2	670	+	686	228589896	3496
chr2	24166311	24366311	harbor1	chr2	24189094	24189307	LINE/L2	409	+	106	24189200	22889
chr2	24166311	24366311	harbor1	chr2	24189496	24189620	LINE/L2	506	+	62	24189558	23247
chr2	24166311	24366311	harbor1	chr2	24229757	24230485	LINE/L2	2575	+	364	24230121	63810
chr2	24166311	24366311	harbor1	chr2	24230793	24231348	LINE/L2	2575	+	278	24231071	64760
chr2	24166311	24366311	harbor1	chr2	24237916	24238350	LINE/L2	408	+	217	24238133	71822
chr2	24166311	24366311	harbor1	chr2	24258840	24259506	LINE/L2	951	+	333	24259173	92862
chr2	24166311	24366311	harbor1	chr2	24262525	24262932	LINE/L2	407	+	204	24262729	96418
chr2	54060360	54260360	harbor1	chr2	54097107	54097414	LINE/L2	989	+	154	54097261	36901
chr2	54060360	54260360	harbor1	chr2	54130755	54131150	LINE/L2	673	+	198	54130953	70593
chr2	200956	400956	harbor1	chr2	209741	209990	LINE/L2	483	+	124	209865	8909
chr2	130227564	130427564	harbor1	chr2	130227977	130228088	LINE/L2	831	+	56	130228033	469
chr2	130227564	130427564	harbor1	chr2	130232103	130232369	LINE/L2	504	+	133	130232236	4672
chr2	130227564	130427564	harbor1	chr2	130232581	130233413	LINE/L2	2004	+	416	130232997	5433
chr2	6687245	6887245	harbor1	chr2	6693925	6694225	LINE/L2	910	+	150	6694075	6830
chr2	180469937	180669937	harbor1	chr2	180473499	180474426	LINE/L2	632	+	464	180473963	4026
chr2	180469937	180669937	harbor1	chr2	180524552	180525169	LINE/L2	908	+	308	180524860	54923
chr2	180469937	180669937	harbor1	chr2	180534211	180534527	LINE/L2	1036	+	158	180534369	64432
chr2	99244365	99444365	harbor1	chr2	99249789	99250245	LINE/L2	1142	+	228	99250017	5652
chr2	99244365	99444365	harbor1	chr2	99252438	99252578	LINE/L2	584	+	70	99252508	8143
chr2	99244365	99444365	harbor1	chr2	99302283	99302413	LINE/L2	401	+	65	99302348	57983
chr2	97693356	97893356	harbor1	chr2	97709112	97709225	LINE/L2	1046	+	56	97709168	15812
chr2	97693356	97893356	harbor1	chr2	97709532	97709823	LINE/L2	1046	+	146	97709678	16322
chr2	97693356	97893356	harbor1	chr2	97737277	97737372	LINE/L2	478	+	48	97737325	43969
chr2	95595556	95795556	harbor1	chr2	95646064	95646370	LINE/L2	1102	+	153	95646217	50661
chr2	60543293	60743293	harbor1	chr2	60589977	60590242	LINE/L2	793	+	132	60590109	46816
chr2	60543293	60743293	harbor1	chr2	60590501	60591019	LINE/L2	793	+	259	60590760	47467
chr2	60543293	60743293	harbor1	chr2	60588021	60588380	LINE/L2	857	+	180	60588201	44908
chr2	129152349	129352349	harbor1	chr2	129197593	129197936	LINE/L2	615	+	172	129197765	45416
chr2	48912957	49112957	harbor1	chr2	48941737	48941993	LINE/L2	545	+	128	48941865	28908
chr2	48912957	49112957	harbor1	chr2	48944056	48944397	LINE/L2	413	+	170	48944226	31269
chr2	48912957	49112957	harbor1	chr2	48953700	48953962	LINE/L2	686	+	131	48953831	40874
chr2	48912957	49112957	harbor1	chr2	48957370	48957825	LINE/L2	1486	+	228	48957598	44641
chr2	48912957	49112957	harbor1	chr2	48970364	48971122	LINE/L2	1054	+	379	48970743	57786
chr2	48912957	49112957	harbor1	chr2	48971838	48972314	LINE/L2	1340	+	238	48972076	59119
chr2	48912957	49112957	harbor1	chr2	48992758	48994111	LINE/L2	968	+	676	48993434	80477
chr2	45738140	45938140	harbor1	chr2	45746190	45746378	LINE/L2	660	+	94	45746284	8144
chr2	45738140	45938140	harbor1	chr2	45758460	45758812	LINE/L2	1008	+	176	45758636	20496
chr2	45738140	45938140	harbor1	chr2	45775587	45776144	LINE/L2	914	+	278	45775865	37725
chr2	45738140	45938140	harbor1	chr2	45826550	45827220	LINE/L2	1932	+	335	45826885	88745
chr2	69268821	69468821	harbor1	chr2	69273763	69274353	LINE/L2	517	+	295	69274058	5237
chr2	69268821	69468821	harbor1	chr2	69275406	69275737	LINE/L2	402	+	166	69275572	6751
chr2	69268821	69468821	harbor1	chr2	69343891	69344066	LINE/L2	426	+	88	69343979	75158
chr2	69268821	69468821	harbor1	chr2	69348588	69349292	LINE/L2	433	+	352	69348940	80119
chr2	76916723	77116723	harbor1	chr2	76943627	76944034	LINE/L2	435	+	204	76943831	27108
chr2	76916723	77116723	harbor1	chr2	76944095	76944530	LINE/L2	469	+	218	76944313	27590
chr2	234043830	234243830	harbor1	chr2	234071660	234072104	LINE/L2	431	+	222	234071882	28052
chr2	29534903	29734903	harbor1	chr2	29608040	29608398	LINE/L2	1068	+	179	29608219	73316
chr2	29534903	29734903	harbor1	chr2	29622649	29623038	LINE/L2	631	+	194	29622843	87940
chr2	33406391	33606391	harbor1	chr2	33490152	33490829	LINE/L2	1237	+	338	33490490	84099
chr2	65955052	66155052	harbor1	chr2	65992620	65992731	LINE/L2	537	+	56	65992676	37624
chr2	65955052	66155052	harbor1	chr2	65995504	65995968	LINE/L2	779	+	232	65995736	40684
chr2	65955052	66155052	harbor1	chr2	66042009	66042130	LINE/L2	427	+	60	66042069	87017
chr2	65955052	66155052	harbor1	chr2	66053880	66054754	LINE/L2	1631	+	437	66054317	99265
chr2	65955052	66155052	harbor1	chr2	65994295	65995393	LINE/L2	545	+	549	65994844	39792
chr2	113883993	114083993	harbor1	chr2	113888268	113888732	LINE/L2	528	+	232	113888500	4507
chr2	210783285	210983285	harbor1	chr2	210872507	210873519	LINE/L2	2754	+	506	210873013	89728
chr2	24610513	24810513	harbor1	chr2	24617348	24617726	LINE/L2	412	+	189	24617537	7024
chr2	24610513	24810513	harbor1	chr2	24654594	24655171	LINE/L2	1260	+	288	24654882	44369
chr2	24610513	24810513	harbor1	chr2	24658815	24659273	LINE/L2	747	+	229	24659044	48531
chr2	24610513	24810513	harbor1	chr2	24667707	24668105	LINE/L2	1271	+	199	24667906	57393
chr2	124622456	124822456	harbor1	chr2	124657302	124658101	LINE/L2	400	+	400	124657702	35246
chr2	124622456	124822456	harbor1	chr2	124669262	124669919	LINE/L2	1361	+	328	124669590	47134
chr2	124622456	124822456	harbor1	chr2	124670684	124671036	LINE/L2	752	+	176	124670860	48404
chr2	124622456	124822456	harbor1	chr2	124705169	124705245	LINE/L2	418	+	38	124705207	82751
chr2	124622456	124822456	harbor1	chr2	124705556	124705620	LINE/L2	418	+	32	124705588	83132
chr2	191323087	191523087	harbor1	chr2	191333139	191333660	LINE/L2	792	+	260	191333399	10312
chr2	191323087	191523087	harbor1	chr2	191353857	191353975	LINE/L2	517	+	59	191353916	30829
chr2	191323087	191523087	harbor1	chr2	191354299	191354335	LINE/L2	517	+	18	191354317	31230
chr2	201166303	201366303	harbor1	chr2	201224963	201225502	LINE/L2	931	+	270	201225233	58930
chr2	36764907	36964907	harbor1	chr2	36839220	36839385	LINE/L2	400	+	82	36839302	74395
chr2	138166622	138366622	harbor1	chr2	138228202	138228671	LINE/L2	496	+	234	138228436	61814
chr2	195349835	195549835	harbor1	chr2	195406118	195406323	LINE/L2	674	+	102	195406220	56385
chr2	132720014	132920014	harbor1	chr2	132722399	132722782	LINE/L2	568	+	192	132722591	2577
chr2	132720014	132920014	harbor1	chr2	132723756	132724408	LINE/L2	809	+	326	132724082	4068
chr2	132720014	132920014	harbor1	chr2	132763703	132763947	LINE/L2	493	+	122	132763825	43811
chr2	149035773	149235773	harbor1	chr2	149070099	149070581	LINE/L2	1011	+	241	149070340	34567
chr2	149035773	149235773	harbor1	chr2	149116778	149117030	LINE/L2	843	+	126	149116904	81131
chr2	66207082	66407082	harbor1	chr2	66214620	66215352	LINE/L2	735	+	366	66214986	7904
chr2	66207082	66407082	harbor1	chr2	66274544	66274871	LINE/L2	466	+	164	66274708	67626
chr2	66207082	66407082	harbor1	chr2	66280404	66282257	LINE/L2	1127	+	926	66281330	74248
chr2	111331440	111531440	harbor1	chr2	111394112	111394493	LINE/L2	477	+	190	111394302	62862
chr2	91802178	92002178	harbor1	chr2	91825355	91826383	LINE/L2	581	+	514	91825869	23691
chr2	194419706	194619706	harbor1	chr2	194466966	194467258	LINE/L2	604	+	146	194467112	47406
chr2	194419706	194619706	harbor1	chr2	194467633	194467848	LINE/L2	430	+	108	194467741	48035
chr2	194419706	194619706	harbor1	chr2	194467861	194468216	LINE/L2	778	+	178	194468039	48333
chr2	39252493	39452493	harbor1	chr2	39338083	39338171	LINE/L2	479	+	44	39338127	85634
chr2	55831726	56031726	harbor1	chr2	55840628	55841432	LINE/L2	1234	+	402	55841030	9304
chr2	55831726	56031726	harbor1	chr2	55855837	55856162	LINE/L2	589	+	162	55855999	24273
chr2	55831726	56031726	harbor1	chr2	55857522	55857655	LINE/L2	516	+	66	55857588	25862
chr2	55831726	56031726	harbor1	chr2	55878960	55879282	LINE/L2	739	+	161	55879121	47395
chr2	55831726	56031726	harbor1	chr2	55879319	55879505	LINE/L2	453	+	93	55879412	47686
chr2	55831726	56031726	harbor1	chr2	55884822	55884939	LINE/L2	406	+	58	55884880	53154
chr2	55831726	56031726	harbor1	chr2	55926830	55927251	LINE/L2	1806	+	210	55927040	95314
chr2	54761079	54961079	harbor1	chr2	54770562	54770891	LINE/L2	605	+	164	54770726	9647
chr2	54761079	54961079	harbor1	chr2	54775063	54775743	LINE/L2	1416	+	340	54775403	14324
chr2	54761079	54961079	harbor1	chr2	54834776	54835373	LINE/L2	542	+	298	54835074	73995
chr2	57573476	57773476	harbor1	chr2	57573321	57573732	LINE/L2	2495	+	206	57573527	51
chr2	197312438	197512438	harbor1	chr2	197323645	197324017	LINE/L2	647	+	186	197323831	11393
chr2	165670113	165870113	harbor1	chr2	165706559	165706752	LINE/L2	404	+	96	165706655	36542
chr2	165670113	165870113	harbor1	chr2	165751966	165752512	LINE/L2	664	+	273	165752239	82126
chr2	62279677	62479677	harbor1	chr2	62336092	62336357	LINE/L2	756	+	132	62336224	56547
chr2	62279677	62479677	harbor1	chr2	62336516	62336970	LINE/L2	679	+	227	62336743	57066
chr2	2267415	2467415	harbor1	chr2	2272615	2272987	LINE/L2	517	+	186	2272801	5386
chr2	5948330	6148330	harbor1	chr2	5952272	5952693	LINE/L2	1246	+	210	5952482	4152
chr2	5948330	6148330	harbor1	chr2	6000443	6000834	LINE/L2	592	+	196	6000639	52309
chr2	5948330	6148330	harbor1	chr2	6017735	6018093	LINE/L2	507	+	179	6017914	69584
chr2	5948330	6148330	harbor1	chr2	6018830	6019052	LINE/L2	504	+	111	6018941	70611
chr2	140778440	140978440	harbor1	chr2	140789282	140789618	LINE/L2	458	+	168	140789450	11010
chr2	140778440	140978440	harbor1	chr2	140789930	140790196	LINE/L2	458	+	133	140790063	11623
chr2	140778440	140978440	harbor1	chr2	140797863	140798254	LINE/L2	1124	+	196	140798059	19619
chr2	140778440	140978440	harbor1	chr2	140808443	140808717	LINE/L2	552	+	137	140808580	30140
chr2	140778440	140978440	harbor1	chr2	140846957	140847460	LINE/L2	467	+	252	140847209	68769
chr2	127331616	127531616	harbor1	chr2	127351462	127351865	LINE/L2	975	+	202	127351664	20048
chr2	122163960	122363960	harbor1	chr2	122166326	122166541	LINE/L2	520	+	108	122166434	2474
chr2	122163960	122363960	harbor1	chr2	122178629	122179046	LINE/L2	584	+	208	122178837	14877
chr2	122163960	122363960	harbor1	chr2	122196667	122196949	LINE/L2	414	+	141	122196808	32848
chr2	169674112	169874112	harbor1	chr2	169771758	169771853	LINE/L2	422	+	48	169771806	97694
chr2	222830801	223030801	harbor1	chr2	222837495	222838244	LINE/L2	409	+	374	222837869	7068
chr2	222830801	223030801	harbor1	chr2	222895125	222895338	LINE/L2	546	+	106	222895231	64430
chr2	222830801	223030801	harbor1	chr2	222907797	222908147	LINE/L2	893	+	175	222907972	77171
chr2	222830801	223030801	harbor1	chr2	222920549	222921146	LINE/L2	1145	+	298	222920847	90046
chr2	16651278	16851278	harbor1	chr2	16653214	16653708	LINE/L2	1542	+	247	16653461	2183
chr2	16651278	16851278	harbor1	chr2	16669714	16670012	LINE/L2	509	+	149	16669863	18585
chr2	16651278	16851278	harbor1	chr2	16670950	16671093	LINE/L2	509	+	72	16671022	19744
chr2	16651278	16851278	harbor1	chr2	16673257	16673651	LINE/L2	416	+	197	16673454	22176
chr2	53326180	53526180	harbor1	chr2	53334148	53334309	LINE/L2	421	+	80	53334228	8048
chr2	53326180	53526180	harbor1	chr2	53334331	53335101	LINE/L2	1183	+	385	53334716	8536
chr2	53326180	53526180	harbor1	chr2	53407783	53407912	LINE/L2	478	+	64	53407847	81667
chr2	19174725	19374725	harbor1	chr2	19187103	19187412	LINE/L2	527	+	154	19187257	12532
chr2	222343506	222543506	harbor1	chr2	222365121	222365237	LINE/L2	429	+	58	222365179	21673
chr2	18584961	18784961	harbor1	chr2	18591476	18591858	LINE/L2	781	+	191	18591667	6706
chr2	18584961	18784961	harbor1	chr2	18599705	18599881	LINE/L2	480	+	88	18599793	14832
chr2	18584961	18784961	harbor1	chr2	18606513	18607408	LINE/L2	1605	+	448	18606961	22000
chr2	18584961	18784961	harbor1	chr2	18630605	18631036	LINE/L2	882	+	216	18630821	45860
chr2	86859648	87059648	harbor1	chr2	86909636	86910255	LINE/L2	1092	+	310	86909946	50298
chr2	86859648	87059648	harbor1	chr2	86919328	86919947	LINE/L2	1087	+	310	86919638	59990
chr2	167160013	167360013	harbor1	chr2	167254923	167255543	LINE/L2	999	+	310	167255233	95220
chr3	121881931	122081931	harbor1	chr3	121884909	121885902	LINE/L2	2044	+	496	121885405	3474
chr3	146069718	146269718	harbor1	chr3	146129829	146130563	LINE/L2	515	+	367	146130196	60478
chr3	146069718	146269718	harbor1	chr3	146143389	146143619	LINE/L2	588	+	115	146143504	73786
chr3	146069718	146269718	harbor1	chr3	146143789	146144234	LINE/L2	503	+	222	146144011	74293
chr3	147666706	147866706	harbor1	chr3	147700825	147701008	LINE/L2	467	+	92	147700917	34211
chr3	64425570	64625570	harbor1	chr3	64441757	64441831	LINE/L2	416	+	37	64441794	16224
chr3	64425570	64625570	harbor1	chr3	64484960	64485151	LINE/L2	512	+	96	64485056	59486
chr3	64425570	64625570	harbor1	chr3	64485945	64486360	LINE/L2	467	+	208	64486153	60583
chr3	64425570	64625570	harbor1	chr3	64497486	64497825	LINE/L2	522	+	170	64497656	72086
chr3	64425570	64625570	harbor1	chr3	64498106	64498471	LINE/L2	522	+	182	64498288	72718
chr3	64425570	64625570	harbor1	chr3	64498763	64498950	LINE/L2	522	+	94	64498857	73287
chr3	64425570	64625570	harbor1	chr3	64500839	64500979	LINE/L2	437	+	70	64500909	75339
chr3	64425570	64625570	harbor1	chr3	64524796	64525205	LINE/L2	547	+	204	64525000	99430
chr3	41084512	41284512	harbor1	chr3	41097448	41098060	LINE/L2	1399	+	306	41097754	13242
chr3	41084512	41284512	harbor1	chr3	41098239	41098460	LINE/L2	816	+	110	41098349	13837
chr3	41084512	41284512	harbor1	chr3	41172158	41172431	LINE/L2	427	+	136	41172294	87782
chr3	51350053	51550053	harbor1	chr3	51415042	51415211	LINE/L2	713	+	84	51415126	65073
chr3	51350053	51550053	harbor1	chr3	51415516	51415583	LINE/L2	713	+	34	51415550	65497
chr3	51350053	51550053	harbor1	chr3	51415884	51415959	LINE/L2	713	+	38	51415922	65869
chr3	51350053	51550053	harbor1	chr3	51415978	51416527	LINE/L2	669	+	274	51416252	66199
chr3	72242407	72442407	harbor1	chr3	72300566	72301232	LINE/L2	690	+	333	72300899	58492
chr3	72242407	72442407	harbor1	chr3	72301636	72301774	LINE/L2	430	+	69	72301705	59298
chr3	36826635	37026635	harbor1	chr3	36836691	36837043	LINE/L2	828	+	176	36836867	10232
chr3	36826635	37026635	harbor1	chr3	36839472	36839673	LINE/L2	431	+	100	36839572	12937
chr3	154409220	154609220	harbor1	chr3	154460874	154461201	LINE/L2	420	+	164	154461038	51818
chr3	154409220	154609220	harbor1	chr3	154467831	154468141	LINE/L2	617	+	155	154467986	58766
chr3	154409220	154609220	harbor1	chr3	154468656	154469105	LINE/L2	950	+	224	154468880	59660
chr3	154409220	154609220	harbor1	chr3	154485426	154486212	LINE/L2	586	+	393	154485819	76599
chr3	188616616	188816616	harbor1	chr3	188681831	188682015	LINE/L2	484	+	92	188681923	65307
chr3	188616616	188816616	harbor1	chr3	188692487	188692738	LINE/L2	422	+	126	188692613	75997
chr3	136705744	136905744	harbor1	chr3	136725858	136726127	LINE/L2	580	+	134	136725992	20248
chr3	136705744	136905744	harbor1	chr3	136726419	136726434	LINE/L2	580	+	8	136726427	20683
chr3	136705744	136905744	harbor1	chr3	136726724	136727157	LINE/L2	580	+	216	136726940	21196
chr3	113017192	113217192	harbor1	chr3	113043502	113043957	LINE/L2	506	+	228	113043730	26538
chr3	113017192	113217192	harbor1	chr3	113059674	113059802	LINE/L2	500	+	64	113059738	42546
chr3	130389895	130589895	harbor1	chr3	130421709	130421867	LINE/L2	418	+	79	130421788	31893
chr3	130389895	130589895	harbor1	chr3	130436314	130437993	LINE/L2	2646	+	840	130437154	47259
chr3	130389895	130589895	harbor1	chr3	130438295	130438385	LINE/L2	1104	+	45	130438340	48445
chr3	130389895	130589895	harbor1	chr3	130487656	130488019	LINE/L2	422	+	182	130487838	97943
chr3	130389895	130589895	harbor1	chr3	130400092	130400450	LINE/L2	554	+	179	130400271	10376
chr3	44953778	45153778	harbor1	chr3	44956663	44957380	LINE/L2	1026	+	358	44957021	3243
chr3	44953778	45153778	harbor1	chr3	45001935	45002040	LINE/L2	465	+	52	45001987	48209
chr3	44953778	45153778	harbor1	chr3	45032223	45032663	LINE/L2	427	+	220	45032443	78665
chr3	44953778	45153778	harbor1	chr3	45039755	45040136	LINE/L2	547	+	190	45039945	86167
chr3	184080515	184280515	harbor1	chr3	184105077	184105194	LINE/L2	405	+	58	184105135	24620
chr3	184080515	184280515	harbor1	chr3	184153671	184153932	LINE/L2	662	+	130	184153801	73286
chr3	184080515	184280515	harbor1	chr3	184154243	184154441	LINE/L2	662	+	99	184154342	73827
chr3	98266368	98466368	harbor1	chr3	98349867	98350241	LINE/L2	511	+	187	98350054	83686
chr3	98266368	98466368	harbor1	chr3	98356888	98357394	LINE/L2	862	+	253	98357141	90773
chr3	138974591	139174591	harbor1	chr3	138980379	138980990	LINE/L2	592	+	306	138980685	6094
chr3	138974591	139174591	harbor1	chr3	139024189	139026607	LINE/L2	4994	+	1209	139025398	50807
chr3	134198894	134398894	harbor1	chr3	134205653	134205938	LINE/L2	471	+	142	134205795	6901
chr3	134198894	134398894	harbor1	chr3	134253378	134253805	LINE/L2	1000	+	214	134253592	54698
chr3	134198894	134398894	harbor1	chr3	134287175	134287309	LINE/L2	1112	+	67	134287242	88348
chr3	134198894	134398894	harbor1	chr3	134287690	134288277	LINE/L2	1112	+	294	134287984	89090
chr3	19736976	19936976	harbor1	chr3	19737461	19737492	LINE/L2	435	+	16	19737477	501
chr3	19736976	19936976	harbor1	chr3	19737783	19737977	LINE/L2	435	+	97	19737880	904
chr3	142775137	142975137	harbor1	chr3	142825901	142826005	LINE/L2	545	+	52	142825953	50816
chr3	142775137	142975137	harbor1	chr3	142826307	142827052	LINE/L2	545	+	372	142826679	51542
chr3	142775137	142975137	harbor1	chr3	142827729	142828211	LINE/L2	435	+	241	142827970	52833
chr3	142775137	142975137	harbor1	chr3	142853215	142853538	LINE/L2	539	+	162	142853377	78240
chr3	142775137	142975137	harbor1	chr3	142854942	142855321	LINE/L2	578	+	190	142855132	79995
chr3	142775137	142975137	harbor1	chr3	142870989	142871412	LINE/L2	1579	+	212	142871201	96064
chr3	128494353	128694353	harbor1	chr3	128498084	128498199	LINE/L2	421	+	58	128498142	3789
chr3	128494353	128694353	harbor1	chr3	128503435	128503589	LINE/L2	545	+	77	128503512	9159
chr3	128494353	128694353	harbor1	chr3	128503888	128504114	LINE/L2	545	+	113	128504001	9648
chr3	31383156	31583156	harbor1	chr3	31391779	31393038	LINE/L2	790	+	630	31392409	9253
chr3	31383156	31583156	harbor1	chr3	31471837	31472835	LINE/L2	2397	+	499	31472336	89180
chr3	31383156	31583156	harbor1	chr3	31473198	31473332	LINE/L2	2030	+	67	31473265	90109
chr3	31383156	31583156	harbor1	chr3	31480607	31481082	LINE/L2	417	+	238	31480845	97689
chr3	4541244	4741244	harbor1	chr3	4572055	4572378	LINE/L2	1034	+	162	4572217	30973
chr3	4541244	4741244	harbor1	chr3	4573242	4573988	LINE/L2	1286	+	373	4573615	32371
chr3	4541244	4741244	harbor1	chr3	4588426	4588976	LINE/L2	962	+	275	4588701	47457
chr3	4541244	4741244	harbor1	chr3	4589923	4590388	LINE/L2	932	+	232	4590155	48911
chr3	4541244	4741244	harbor1	chr3	4621555	4622109	LINE/L2	431	+	277	4621832	80588
chr3	4541244	4741244	harbor1	chr3	4629228	4629618	LINE/L2	635	+	195	4629423	88179
chr3	106078245	106278245	harbor1	chr3	106127885	106128848	LINE/L2	967	+	482	106128367	50122
chr3	160200097	160400097	harbor1	chr3	160249908	160250146	LINE/L2	541	+	119	160250027	49930
chr3	160200097	160400097	harbor1	chr3	160264848	160265225	LINE/L2	532	+	188	160265036	64939
chr3	160200097	160400097	harbor1	chr3	160276692	160277132	LINE/L2	613	+	220	160276912	76815
chr3	160200097	160400097	harbor1	chr3	160296430	160297084	LINE/L2	671	+	327	160296757	96660
chr3	160200097	160400097	harbor1	chr3	160299512	160300307	LINE/L2	942	+	398	160299910	99813
chr3	26266349	26466349	harbor1	chr3	26364157	26364915	LINE/L2	1551	+	379	26364536	98187
chr3	26266349	26466349	harbor1	chr3	26365228	26365554	LINE/L2	1014	+	163	26365391	99042
chr3	96849942	97049942	harbor1	chr3	96910224	96910617	LINE/L2	532	+	196	96910420	60478
chr3	96849942	97049942	harbor1	chr3	96944968	96945286	LINE/L2	758	+	159	96945127	95185
chr3	96849942	97049942	harbor1	chr3	96943979	96944575	LINE/L2	762	+	298	96944277	94335
chr3	120835789	121035789	harbor1	chr3	120852548	120852870	LINE/L2	538	+	161	120852709	16920
chr3	120835789	121035789	harbor1	chr3	120858380	120858681	LINE/L2	676	+	150	120858530	22741
chr3	120835789	121035789	harbor1	chr3	120885180	120886297	LINE/L2	4358	+	558	120885738	49949
chr3	120835789	121035789	harbor1	chr3	120886338	120886772	LINE/L2	4358	+	217	120886555	50766
chr3	120835789	121035789	harbor1	chr3	120886800	120887048	LINE/L2	4358	+	124	120886924	51135
chr3	120835789	121035789	harbor1	chr3	120887271	120887344	LINE/L2	4358	+	36	120887307	51518
chr3	67926982	68126982	harbor1	chr3	67974102	67974324	LINE/L2	561	+	111	67974213	47231
chr3	67926982	68126982	harbor1	chr3	67983639	67983817	LINE/L2	570	+	89	67983728	56746
chr3	67926982	68126982	harbor1	chr3	67984012	67984154	LINE/L2	570	+	71	67984083	57101
chr3	67926982	68126982	harbor1	chr3	67984414	67984475	LINE/L2	994	+	30	67984444	57462
chr3	67926982	68126982	harbor1	chr3	67984923	67985191	LINE/L2	994	+	134	67985057	58075
chr3	67926982	68126982	harbor1	chr3	68025068	68026038	LINE/L2	1371	+	485	68025553	98571
chr3	110938623	111138623	harbor1	chr3	110970324	110970525	LINE/L2	624	+	100	110970424	31801
chr3	110938623	111138623	harbor1	chr3	111012107	111012224	LINE/L2	424	+	58	111012165	73542
chr3	81156579	81356579	harbor1	chr3	81167003	81167522	LINE/L2	566	+	260	81167263	10684
chr3	81156579	81356579	harbor1	chr3	81167868	81168361	LINE/L2	566	+	246	81168114	11535
chr3	81156579	81356579	harbor1	chr3	81174037	81174466	LINE/L2	406	+	214	81174251	17672
chr3	81156579	81356579	harbor1	chr3	81174643	81176061	LINE/L2	1643	+	709	81175352	18773
chr3	81156579	81356579	harbor1	chr3	81177473	81178210	LINE/L2	426	+	368	81177841	21262
chr3	81156579	81356579	harbor1	chr3	81166262	81166729	LINE/L2	587	+	234	81166496	9917
chr3	174414129	174614129	harbor1	chr3	174497588	174497749	LINE/L2	473	+	80	174497668	83539
chr3	61396810	61596810	harbor1	chr3	61408286	61408469	LINE/L2	761	+	92	61408378	11568
chr3	61396810	61596810	harbor1	chr3	61408770	61409552	LINE/L2	761	+	391	61409161	12351
chr3	61396810	61596810	harbor1	chr3	61416305	61416614	LINE/L2	524	+	154	61416459	19649
chr3	61396810	61596810	harbor1	chr3	61419737	61420012	LINE/L2	972	+	138	61419875	23065
chr3	61396810	61596810	harbor1	chr3	61452735	61453248	LINE/L2	792	+	256	61452991	56181
chr3	107906777	108106777	harbor1	chr3	107925623	107926401	LINE/L2	667	+	389	107926012	19235
chr3	107906777	108106777	harbor1	chr3	107928959	107929739	LINE/L2	834	+	390	107929349	22572
chr3	107906777	108106777	harbor1	chr3	107987973	107988121	LINE/L2	536	+	74	107988047	81270
chr3	107906777	108106777	harbor1	chr3	107993890	107994421	LINE/L2	1548	+	266	107994156	87379
chr3	127647504	127847504	harbor1	chr3	127674717	127675257	LINE/L2	726	+	270	127674987	27483
chr3	127647504	127847504	harbor1	chr3	127675577	127675727	LINE/L2	726	+	75	127675652	28148
chr3	127647504	127847504	harbor1	chr3	127692536	127693437	LINE/L2	891	+	450	127692986	45482
chr3	55748133	55948133	harbor1	chr3	55772767	55773473	LINE/L2	1551	+	353	55773120	24987
chr3	55748133	55948133	harbor1	chr3	55789965	55790349	LINE/L2	407	+	192	55790157	42024
chr3	55748133	55948133	harbor1	chr3	55805216	55805397	LINE/L2	548	+	90	55805306	57173
chr3	55748133	55948133	harbor1	chr3	55811579	55811841	LINE/L2	521	+	131	55811710	63577
chr3	55748133	55948133	harbor1	chr3	55812151	55812294	LINE/L2	521	+	72	55812223	64090
chr3	53951915	54151915	harbor1	chr3	53972477	53972909	LINE/L2	537	+	216	53972693	20778
chr3	53951915	54151915	harbor1	chr3	53973173	53973370	LINE/L2	537	+	98	53973271	21356
chr3	53951915	54151915	harbor1	chr3	54001977	54002081	LINE/L2	423	+	52	54002029	50114
chr3	53951915	54151915	harbor1	chr3	54030683	54031264	LINE/L2	728	+	290	54030973	79058
chr3	143391911	143591911	harbor1	chr3	143431330	143431485	LINE/L2	1126	+	78	143431408	39497
chr3	143391911	143591911	harbor1	chr3	143431724	143432213	LINE/L2	1126	+	244	143431968	40057
chr3	179313521	179513521	harbor1	chr3	179319133	179319348	LINE/L2	442	+	108	179319241	5720
chr3	10927688	11127688	harbor1	chr3	10950510	10951121	LINE/L2	542	+	306	10950816	23128
chr3	10927688	11127688	harbor1	chr3	10991090	10991402	LINE/L2	848	+	156	10991246	63558
chr3	10927688	11127688	harbor1	chr3	11011104	11011597	LINE/L2	1025	+	246	11011350	83662
chr3	10927688	11127688	harbor1	chr3	11012057	11012393	LINE/L2	583	+	168	11012225	84537
chr3	188111066	188311066	harbor1	chr3	188118784	188119143	LINE/L2	517	+	180	188118964	7898
chr3	188111066	188311066	harbor1	chr3	188140464	188140956	LINE/L2	419	+	246	188140710	29644
chr3	188111066	188311066	harbor1	chr3	188159468	188159615	LINE/L2	522	+	74	188159542	48476
chr3	10387589	10587589	harbor1	chr3	10399320	10399652	LINE/L2	582	+	166	10399486	11897
chr3	10387589	10587589	harbor1	chr3	10399674	10400070	LINE/L2	547	+	198	10399872	12283
chr3	10387589	10587589	harbor1	chr3	10425710	10426321	LINE/L2	998	+	306	10426016	38427
chr3	10387589	10587589	harbor1	chr3	10431622	10431745	LINE/L2	599	+	62	10431684	44095
chr3	10387589	10587589	harbor1	chr3	10433781	10434032	LINE/L2	466	+	126	10433907	46318
chr3	10387589	10587589	harbor1	chr3	10454760	10455085	LINE/L2	428	+	162	10454922	67333
chr3	10387589	10587589	harbor1	chr3	10479325	10479748	LINE/L2	456	+	212	10479537	91948
chr3	10387589	10587589	harbor1	chr3	10480714	10480983	LINE/L2	646	+	134	10480848	93259
chr3	10387589	10587589	harbor1	chr3	10481294	10481541	LINE/L2	1104	+	124	10481418	93829
chr3	10387589	10587589	harbor1	chr3	10481850	10481961	LINE/L2	1104	+	56	10481906	94317
chr3	10387589	10587589	harbor1	chr3	10482076	10482161	LINE/L2	1104	+	42	10482118	94529
chr3	10387589	10587589	harbor1	chr3	10486388	10486739	LINE/L2	575	+	176	10486564	98975
chr3	10387589	10587589	harbor1	chr3	10487028	10487155	LINE/L2	428	+	64	10487092	99503
chr3	130454684	130654684	harbor1	chr3	130487656	130488019	LINE/L2	422	+	182	130487838	33154
chr3	130454684	130654684	harbor1	chr3	130511529	130512048	LINE/L2	765	+	260	130511789	57105
chr3	130454684	130654684	harbor1	chr3	130512063	130512371	LINE/L2	566	+	154	130512217	57533
chr3	130454684	130654684	harbor1	chr3	130512376	130512743	LINE/L2	492	+	184	130512560	57876
chr3	130454684	130654684	harbor1	chr3	130516186	130516532	LINE/L2	619	+	173	130516359	61675
chr3	130454684	130654684	harbor1	chr3	130522490	130523331	LINE/L2	639	+	420	130522910	68226
chr3	130454684	130654684	harbor1	chr3	130525599	130525937	LINE/L2	528	+	169	130525768	71084
chr3	130454684	130654684	harbor1	chr3	130529534	130529894	LINE/L2	490	+	180	130529714	75030
chr3	3401031	3601031	harbor1	chr3	3430264	3430807	LINE/L2	438	+	272	3430536	29505
chr3	3401031	3601031	harbor1	chr3	3469460	3471241	LINE/L2	2820	+	890	3470350	69319
chr3	101301235	101501235	harbor1	chr3	101360311	101360526	LINE/L2	522	+	108	101360419	59184
chr3	16257206	16457206	harbor1	chr3	16261307	16261521	LINE/L2	633	+	107	16261414	4208
chr3	16257206	16457206	harbor1	chr3	16261714	16261919	LINE/L2	513	+	102	16261816	4610
chr3	16257206	16457206	harbor1	chr3	16261927	16262097	LINE/L2	479	+	85	16262012	4806
chr3	16257206	16457206	harbor1	chr3	16262125	16263436	LINE/L2	3090	+	656	16262781	5575
chr3	16257206	16457206	harbor1	chr3	16267101	16267866	LINE/L2	869	+	382	16267483	10277
chr3	16257206	16457206	harbor1	chr3	16269540	16269715	LINE/L2	510	+	88	16269628	12422
chr3	179336704	179536704	harbor1	chr3	179426553	179427322	LINE/L2	1173	+	384	179426937	90233
chr3	179336704	179536704	harbor1	chr3	179427628	179427696	LINE/L2	958	+	34	179427662	90958
chr3	179336704	179536704	harbor1	chr3	179429550	179430048	LINE/L2	691	+	249	179429799	93095
chr3	44866996	45066996	harbor1	chr3	44951664	44952521	LINE/L2	487	+	428	44952092	85096
chr3	44866996	45066996	harbor1	chr3	44956663	44957380	LINE/L2	1026	+	358	44957021	90025
chr3	40779167	40979167	harbor1	chr3	40859064	40859428	LINE/L2	1135	+	182	40859246	80079
chr3	67883853	68083853	harbor1	chr3	67892901	67893019	LINE/L2	514	+	59	67892960	9107
chr3	67883853	68083853	harbor1	chr3	67894127	67894398	LINE/L2	405	+	136	67894263	10410
chr3	67883853	68083853	harbor1	chr3	67974102	67974324	LINE/L2	561	+	111	67974213	90360
chr3	67883853	68083853	harbor1	chr3	67983639	67983817	LINE/L2	570	+	89	67983728	99875
chr3	106016667	106216667	harbor1	chr3	106032108	106032701	LINE/L2	952	+	296	106032404	15737
chr3	184050779	184250779	harbor1	chr3	184105077	184105194	LINE/L2	405	+	58	184105135	54356
chr3	114431362	114631362	harbor1	chr3	114493405	114493925	LINE/L2	654	+	260	114493665	62303
chr3	114431362	114631362	harbor1	chr3	114497208	114497812	LINE/L2	631	+	302	114497510	66148
chr3	114431362	114631362	harbor1	chr3	114515409	114515710	LINE/L2	413	+	150	114515559	84197
chr3	114431362	114631362	harbor1	chr3	114520684	114520952	LINE/L2	539	+	134	114520818	89456
chr3	114431362	114631362	harbor1	chr3	114530807	114531322	LINE/L2	553	+	258	114531065	99703
chr3	114431362	114631362	harbor1	chr3	114474520	114475497	LINE/L2	885	+	488	114475008	43646
chr3	114431362	114631362	harbor1	chr3	114491198	114492661	LINE/L2	2195	+	732	114491930	60568
chr3	56997560	57197560	harbor1	chr3	57022840	57023249	LINE/L2	1013	+	204	57023044	25484
chr3	56997560	57197560	harbor1	chr3	57075071	57075422	LINE/L2	898	+	176	57075247	77687
chr3	163025215	163225215	harbor1	chr3	163037669	163038730	LINE/L2	638	+	530	163038199	12984
chr3	106660709	106860709	harbor1	chr3	106660938	106661422	LINE/L2	577	+	242	106661180	471
chr3	106660709	106860709	harbor1	chr3	106673374	106673786	LINE/L2	558	+	206	106673580	12871
chr3	106660709	106860709	harbor1	chr3	106673787	106674413	LINE/L2	728	+	313	106674100	13391
chr3	75159465	75359465	harbor1	chr3	75177401	75177821	LINE/L2	892	+	210	75177611	18146
chr3	75159465	75359465	harbor1	chr3	75184739	75184868	LINE/L2	442	+	64	75184803	25338
chr3	75159465	75359465	harbor1	chr3	75216826	75217330	LINE/L2	754	+	252	75217078	57613
chr3	122878729	123078729	harbor1	chr3	122924366	122925021	LINE/L2	585	+	328	122924694	45965
chr3	122878729	123078729	harbor1	chr3	122943721	122944144	LINE/L2	708	+	212	122943933	65204
chr3	122878729	123078729	harbor1	chr3	122971227	122971325	LINE/L2	426	+	49	122971276	92547
chr3	41436348	41636348	harbor1	chr3	41504108	41504407	LINE/L2	596	+	150	41504258	67910
chr3	41436348	41636348	harbor1	chr3	41532148	41532592	LINE/L2	1089	+	222	41532370	96022
chr3	41436348	41636348	harbor1	chr3	41535829	41536356	LINE/L2	1096	+	264	41536093	99745
chr3	82953271	83153271	harbor1	chr3	82960862	82961012	LINE/L2	407	+	75	82960937	7666
chr3	82953271	83153271	harbor1	chr3	83037483	83037805	LINE/L2	673	+	161	83037644	84373
chr3	82953271	83153271	harbor1	chr3	83039421	83039626	LINE/L2	464	+	102	83039523	86252
chr3	96290901	96490901	harbor1	chr3	96307117	96307386	LINE/L2	561	+	134	96307251	16350
chr3	137170930	137370930	harbor1	chr3	137202956	137203639	LINE/L2	798	+	342	137203298	32368
chr3	137170930	137370930	harbor1	chr3	137262868	137263348	LINE/L2	533	+	240	137263108	92178
chr3	2717033	2917033	harbor1	chr3	2721627	2721789	LINE/L2	1034	+	81	2721708	4675
chr3	2717033	2917033	harbor1	chr3	2722136	2722363	LINE/L2	1040	+	114	2722250	5217
chr3	2717033	2917033	harbor1	chr3	2775771	2775948	LINE/L2	544	+	88	2775859	58826
chr3	2717033	2917033	harbor1	chr3	2776614	2776721	LINE/L2	405	+	54	2776668	59635
chr3	2717033	2917033	harbor1	chr3	2800619	2801215	LINE/L2	1153	+	298	2800917	83884
chr3	2717033	2917033	harbor1	chr3	2806927	2807152	LINE/L2	516	+	112	2807039	90006
chr3	27665091	27865091	harbor1	chr3	27758124	27758344	LINE/L2	444	+	110	27758234	93143
chr3	67547228	67747228	harbor1	chr3	67588914	67589417	LINE/L2	449	+	252	67589166	41938
chr3	67547228	67747228	harbor1	chr3	67594240	67594553	LINE/L2	527	+	156	67594396	47168
chr3	47691513	47891513	harbor1	chr3	47714858	47715948	LINE/L2	1704	+	545	47715403	23890
chr3	418916	618916	harbor1	chr3	423390	423776	LINE/L2	566	+	193	423583	4667
chr3	418916	618916	harbor1	chr3	486754	487342	LINE/L2	1139	+	294	487048	68132
chr3	418916	618916	harbor1	chr3	487928	488122	LINE/L2	904	+	97	488025	69109
chr3	96030611	96230611	harbor1	chr3	96031896	96032358	LINE/L2	1141	+	231	96032127	1516
chr3	41917133	42117133	harbor1	chr3	41943433	41943911	LINE/L2	1049	+	239	41943672	26539
chr3	41917133	42117133	harbor1	chr3	41944491	41944614	LINE/L2	560	+	62	41944553	27420
chr3	41917133	42117133	harbor1	chr3	41944742	41944931	LINE/L2	560	+	94	41944836	27703
chr3	41917133	42117133	harbor1	chr3	41987536	41988078	LINE/L2	673	+	271	41987807	70674
chr3	41917133	42117133	harbor1	chr3	42007890	42008130	LINE/L2	489	+	120	42008010	90877
chr3	41917133	42117133	harbor1	chr3	42008436	42008516	LINE/L2	489	+	40	42008476	91343
chr3	157550891	157750891	harbor1	chr3	157635494	157635649	LINE/L2	415	+	78	157635572	84681
chr3	154526806	154726806	harbor1	chr3	154563263	154563510	LINE/L2	437	+	124	154563387	36581
chr3	154526806	154726806	harbor1	chr3	154568618	154568824	LINE/L2	649	+	103	154568721	41915
chr3	154526806	154726806	harbor1	chr3	154593093	154593605	LINE/L2	794	+	256	154593349	66543
chr3	154526806	154726806	harbor1	chr3	154599948	154600258	LINE/L2	981	+	155	154600103	73297
chr3	154526806	154726806	harbor1	chr3	154602732	154603149	LINE/L2	981	+	208	154602940	76134
chr3	60961928	61161928	harbor1	chr3	60981273	60981295	LINE/L2	968	+	11	60981284	19356
chr3	60961928	61161928	harbor1	chr3	60981896	60982233	LINE/L2	968	+	168	60982064	20136
chr3	185750754	185950754	harbor1	chr3	185772087	185772259	LINE/L2	590	+	86	185772173	21419
chr3	185750754	185950754	harbor1	chr3	185831966	185832164	LINE/L2	552	+	99	185832065	81311
chr3	60952855	61152855	harbor1	chr3	60981273	60981295	LINE/L2	968	+	11	60981284	28429
chr3	60952855	61152855	harbor1	chr3	60981896	60982233	LINE/L2	968	+	168	60982064	29209
chr3	74724536	74924536	harbor1	chr3	74754586	74754972	LINE/L2	597	+	193	74754779	30243
chr3	74724536	74924536	harbor1	chr3	74772454	74772894	LINE/L2	414	+	220	74772674	48138
chr3	74724536	74924536	harbor1	chr3	74812389	74812694	LINE/L2	498	+	152	74812541	88005
chr3	74724536	74924536	harbor1	chr3	74814561	74815329	LINE/L2	500	+	384	74814945	90409
chr3	47840406	48040406	harbor1	chr3	47924286	47924603	LINE/L2	518	+	158	47924444	84038
chr3	82523275	82723275	harbor1	chr3	82545692	82546150	LINE/L2	560	+	229	82545921	22646
chr3	82523275	82723275	harbor1	chr3	82550037	82550339	LINE/L2	473	+	151	82550188	26913
chr3	41019031	41219031	harbor1	chr3	41097448	41098060	LINE/L2	1399	+	306	41097754	78723
chr3	41019031	41219031	harbor1	chr3	41098239	41098460	LINE/L2	816	+	110	41098349	79318
chr3	147601964	147801964	harbor1	chr3	147700825	147701008	LINE/L2	467	+	92	147700917	98953
chr3	169466004	169666004	harbor1	chr3	169468203	169468559	LINE/L2	498	+	178	169468381	2377
chr3	169466004	169666004	harbor1	chr3	169535536	169535804	LINE/L2	819	+	134	169535670	69666
chr3	169466004	169666004	harbor1	chr3	169539541	169539848	LINE/L2	547	+	154	169539695	73691
chr3	153192567	153392567	harbor1	chr3	153291685	153292223	LINE/L2	1109	+	269	153291954	99387
chr3	72691028	72891028	harbor1	chr3	72725297	72725733	LINE/L2	575	+	218	72725515	34487
chr3	72691028	72891028	harbor1	chr3	72779046	72779646	LINE/L2	754	+	300	72779346	88318
chr3	72691028	72891028	harbor1	chr3	72785827	72786811	LINE/L2	545	+	492	72786319	95291
chr3	196814748	197014748	harbor1	chr3	196874365	196874615	LINE/L2	592	+	125	196874490	59742
chr3	196814748	197014748	harbor1	chr3	196874883	196875113	LINE/L2	592	+	115	196874998	60250
chr3	73898699	74098699	harbor1	chr3	73934041	73934157	LINE/L2	448	+	58	73934099	35400
chr3	73898699	74098699	harbor1	chr3	73971121	73971282	LINE/L2	420	+	80	73971201	72502
chr3	193841912	194041912	harbor1	chr3	193844638	193844757	LINE/L2	698	+	60	193844698	2786
chr3	193841912	194041912	harbor1	chr3	193849501	193849841	LINE/L2	438	+	170	193849671	7759
chr3	193841912	194041912	harbor1	chr3	193862286	193862718	LINE/L2	443	+	216	193862502	20590
chr3	193841912	194041912	harbor1	chr3	193901685	193902075	LINE/L2	772	+	195	193901880	59968
chr3	193841912	194041912	harbor1	chr3	193933386	193933743	LINE/L2	799	+	178	193933564	91652
chr3	101479486	101679486	harbor1	chr3	101557873	101558984	LINE/L2	961	+	556	101558429	78943
chr3	19215286	19415286	harbor1	chr3	19218502	19218617	LINE/L2	1063	+	58	19218560	3274
chr3	19215286	19415286	harbor1	chr3	19219047	19219498	LINE/L2	1063	+	226	19219273	3987
chr3	19215286	19415286	harbor1	chr3	19240115	19240330	LINE/L2	1193	+	108	19240223	24937
chr3	19215286	19415286	harbor1	chr3	19240637	19241023	LINE/L2	1193	+	193	19240830	25544
chr3	19215286	19415286	harbor1	chr3	19272736	19273013	LINE/L2	732	+	138	19272874	57588
chr3	19215286	19415286	harbor1	chr3	19293591	19293862	LINE/L2	595	+	136	19293727	78441
chr3	150873907	151073907	harbor1	chr3	150936220	150937080	LINE/L2	716	+	430	150936650	62743
chr3	150873907	151073907	harbor1	chr3	150937167	150937371	LINE/L2	466	+	102	150937269	63362
chr3	150873907	151073907	harbor1	chr3	150956939	150957238	LINE/L2	744	+	150	150957089	83182
chr3	150873907	151073907	harbor1	chr3	150957273	150957676	LINE/L2	744	+	202	150957475	83568
chr3	150873907	151073907	harbor1	chr3	150957961	150958249	LINE/L2	744	+	144	150958105	84198
chr3	52200100	52400100	harbor1	chr3	52216871	52217002	LINE/L2	452	+	66	52216937	16837
chr3	52200100	52400100	harbor1	chr3	52226362	52227094	LINE/L2	1008	+	366	52226728	26628
chr3	184835222	185035222	harbor1	chr3	184856495	184856732	LINE/L2	582	+	118	184856613	21391
chr3	184835222	185035222	harbor1	chr3	184857041	184857178	LINE/L2	439	+	68	184857109	21887
chr3	184835222	185035222	harbor1	chr3	184883000	184883776	LINE/L2	647	+	388	184883388	48166
chr3	184835222	185035222	harbor1	chr3	184897860	184898285	LINE/L2	430	+	212	184898072	62850
chr3	184835222	185035222	harbor1	chr3	184922000	184922491	LINE/L2	496	+	246	184922246	87024
chr3	184835222	185035222	harbor1	chr3	184876767	184877200	LINE/L2	562	+	216	184876983	41761
chr3	94170260	94370260	harbor1	chr3	94170281	94171086	LINE/L2	630	+	402	94170683	423
chr3	94170260	94370260	harbor1	chr3	94204769	94206903	LINE/L2	1469	+	1067	94205836	35576
chr3	159359790	159559790	harbor1	chr3	159365405	159365575	LINE/L2	409	+	85	159365490	5700
chr3	159359790	159559790	harbor1	chr3	159370092	159370474	LINE/L2	1250	+	191	159370283	10493
chr3	159359790	159559790	harbor1	chr3	159371032	159371193	LINE/L2	1250	+	80	159371112	11322
chr3	159359790	159559790	harbor1	chr3	159381421	159381596	LINE/L2	751	+	88	159381509	21719
chr3	159359790	159559790	harbor1	chr3	159381898	159381952	LINE/L2	751	+	27	159381925	22135
chr3	159359790	159559790	harbor1	chr3	159398993	159399495	LINE/L2	1556	+	251	159399244	39454
chr3	159359790	159559790	harbor1	chr3	159421009	159421327	LINE/L2	598	+	159	159421168	61378
chr3	159359790	159559790	harbor1	chr3	159433933	159434124	LINE/L2	437	+	96	159434029	74239
chr3	159359790	159559790	harbor1	chr3	159416045	159416516	LINE/L2	870	+	236	159416281	56491
chr3	132896540	133096540	harbor1	chr3	132933290	132933842	LINE/L2	467	+	276	132933566	37026
chr3	132896540	133096540	harbor1	chr3	132985349	132986144	LINE/L2	1844	+	398	132985747	89207
chr3	14418608	14618608	harbor1	chr3	14450885	14451130	LINE/L2	531	+	122	14451007	32399
chr3	14418608	14618608	harbor1	chr3	14490618	14491077	LINE/L2	781	+	230	14490848	72240
chr3	144681807	144881807	harbor1	chr3	144754457	144754737	LINE/L2	519	+	140	144754597	72790
chr3	178121989	178321989	harbor1	chr3	178146688	178146869	LINE/L2	483	+	90	178146778	24789
chr3	178121989	178321989	harbor1	chr3	178150286	178150774	LINE/L2	667	+	244	178150530	28541
chr3	151518943	151718943	harbor1	chr3	151603920	151604048	LINE/L2	485	+	64	151603984	85041
chr3	130864516	131064516	harbor1	chr3	130951979	130952337	LINE/L2	494	+	179	130952158	87642
chr3	134598251	134798251	harbor1	chr3	134640681	134641223	LINE/L2	1002	+	271	134640952	42701
chr3	134598251	134798251	harbor1	chr3	134641707	134641881	LINE/L2	1002	+	87	134641794	43543
chr3	134598251	134798251	harbor1	chr3	134646445	134646565	LINE/L2	428	+	60	134646505	48254
chr3	118264899	118464899	harbor1	chr3	118284134	118284502	LINE/L2	606	+	184	118284318	19419
chr3	117409893	117609893	harbor1	chr3	117477896	117478595	LINE/L2	565	+	350	117478246	68353
chr3	117409893	117609893	harbor1	chr3	117478737	117479132	LINE/L2	639	+	198	117478935	69042
chr3	117409893	117609893	harbor1	chr3	117505780	117506587	LINE/L2	421	+	404	117506184	96291
chr3	65007705	65207705	harbor1	chr3	65011008	65011135	LINE/L2	541	+	64	65011072	3367
chr3	65007705	65207705	harbor1	chr3	65049540	65049750	LINE/L2	559	+	105	65049645	41940
chr3	65007705	65207705	harbor1	chr3	65088959	65089167	LINE/L2	687	+	104	65089063	81358
chr3	65007705	65207705	harbor1	chr3	65098420	65098753	LINE/L2	747	+	166	65098586	90881
chr3	65007705	65207705	harbor1	chr3	65100693	65100942	LINE/L2	425	+	124	65100817	93112
chr3	13169611	13369611	harbor1	chr3	13174341	13175049	LINE/L2	609	+	354	13174695	5084
chr3	13169611	13369611	harbor1	chr3	13181857	13182021	LINE/L2	595	+	82	13181939	12328
chr3	13169611	13369611	harbor1	chr3	13187483	13187657	LINE/L2	652	+	87	13187570	17959
chr3	13169611	13369611	harbor1	chr3	13228623	13229051	LINE/L2	636	+	214	13228837	59226
chr3	13169611	13369611	harbor1	chr3	13238306	13238629	LINE/L2	411	+	162	13238468	68857
chr3	13169611	13369611	harbor1	chr3	13250768	13251464	LINE/L2	1180	+	348	13251116	81505
chr3	57200723	57400723	harbor1	chr3	57204988	57205126	LINE/L2	1167	+	69	57205057	4334
chr3	57200723	57400723	harbor1	chr3	57205415	57205908	LINE/L2	1167	+	246	57205661	4938
chr3	57200723	57400723	harbor1	chr3	57220826	57221156	LINE/L2	708	+	165	57220991	20268
chr3	57200723	57400723	harbor1	chr3	57221457	57221502	LINE/L2	708	+	22	57221479	20756
chr3	189250636	189450636	harbor1	chr3	189286012	189286475	LINE/L2	1264	+	232	189286244	35608
chr3	189250636	189450636	harbor1	chr3	189319267	189320226	LINE/L2	1203	+	480	189319747	69111
chr3	23177231	23377231	harbor1	chr3	23240980	23241807	LINE/L2	1994	+	414	23241394	64163
chr3	53164761	53364761	harbor1	chr3	53179009	53179324	LINE/L2	486	+	158	53179167	14406
chr3	53164761	53364761	harbor1	chr3	53247713	53248026	LINE/L2	552	+	156	53247869	83108
chr3	16004685	16204685	harbor1	chr3	16027246	16027317	LINE/L2	1167	+	36	16027282	22597
chr3	16004685	16204685	harbor1	chr3	16027623	16028269	LINE/L2	1563	+	323	16027946	23261
chr3	16004685	16204685	harbor1	chr3	16048395	16048804	LINE/L2	550	+	204	16048599	43914
chr3	16004685	16204685	harbor1	chr3	16102568	16103063	LINE/L2	1099	+	248	16102816	98131
chr3	16004685	16204685	harbor1	chr3	16056102	16056704	LINE/L2	858	+	301	16056403	51718
chr3	60987691	61187691	harbor1	chr3	61086800	61087174	LINE/L2	560	+	187	61086987	99296
chr3	74771499	74971499	harbor1	chr3	74772454	74772894	LINE/L2	414	+	220	74772674	1175
chr3	74771499	74971499	harbor1	chr3	74812389	74812694	LINE/L2	498	+	152	74812541	41042
chr3	74771499	74971499	harbor1	chr3	74814561	74815329	LINE/L2	500	+	384	74814945	43446
chr3	74771499	74971499	harbor1	chr3	74862282	74863318	LINE/L2	843	+	518	74862800	91301
chr3	49156862	49356862	harbor1	chr3	49178849	49179853	LINE/L2	1985	+	502	49179351	22489
chr3	49156862	49356862	harbor1	chr3	49198210	49198520	LINE/L2	761	+	155	49198365	41503
chr3	49156862	49356862	harbor1	chr3	49253575	49253822	LINE/L2	410	+	124	49253699	96837
chr3	49156862	49356862	harbor1	chr3	49254133	49254213	LINE/L2	410	+	40	49254173	97311
chr3	111100414	111300414	harbor1	chr3	111102277	111102554	LINE/L2	606	+	138	111102415	2001
chr3	111100414	111300414	harbor1	chr3	111105914	111106297	LINE/L2	416	+	192	111106106	5692
chr3	111100414	111300414	harbor1	chr3	111128395	111129502	LINE/L2	2216	+	554	111128949	28535
chr3	111100414	111300414	harbor1	chr3	111168410	111168624	LINE/L2	413	+	107	111168517	68103
chr3	4142876	4342876	harbor1	chr3	4187430	4187559	LINE/L2	429	+	64	4187494	44618
chr3	173250937	173450937	harbor1	chr3	173257889	173258490	LINE/L2	593	+	300	173258189	7252
chr3	173250937	173450937	harbor1	chr3	173333582	173334097	LINE/L2	858	+	258	173333840	82903
chr3	187294463	187494463	harbor1	chr3	187304601	187304979	LINE/L2	937	+	189	187304790	10327
chr3	187294463	187494463	harbor1	chr3	187321826	187322142	LINE/L2	870	+	158	187321984	27521
chr3	69596038	69796038	harbor1	chr3	69669650	69669952	LINE/L2	847	+	151	69669801	73763
chr3	69596038	69796038	harbor1	chr3	69670209	69670479	LINE/L2	847	+	135	69670344	74306
chr3	69596038	69796038	harbor1	chr3	69648144	69648719	LINE/L2	708	+	288	69648432	52394
chr3	73821318	74021318	harbor1	chr3	73863684	73864004	LINE/L2	765	+	160	73863844	42526
chr3	181756359	181956359	harbor1	chr3	181778167	181778467	LINE/L2	458	+	150	181778317	21958
chr3	181756359	181956359	harbor1	chr3	181793168	181793532	LINE/L2	437	+	182	181793350	36991
chr3	181756359	181956359	harbor1	chr3	181805569	181805710	LINE/L2	413	+	70	181805639	49280
chr3	181756359	181956359	harbor1	chr3	181807875	181808067	LINE/L2	441	+	96	181807971	51612
chr3	181756359	181956359	harbor1	chr3	181808263	181808491	LINE/L2	884	+	114	181808377	52018
chr3	181756359	181956359	harbor1	chr3	181808763	181809123	LINE/L2	884	+	180	181808943	52584
chr3	181756359	181956359	harbor1	chr3	181809425	181809738	LINE/L2	884	+	156	181809581	53222
chr3	181756359	181956359	harbor1	chr3	181820548	181821283	LINE/L2	769	+	368	181820916	64557
chr3	11750120	11950120	harbor1	chr3	11791162	11791274	LINE/L2	434	+	56	11791218	41098
chr3	11750120	11950120	harbor1	chr3	11779555	11780430	LINE/L2	698	+	438	11779993	29873
chr3	171925249	172125249	harbor1	chr3	171934750	171934943	LINE/L2	490	+	96	171934846	9597
chr3	171925249	172125249	harbor1	chr3	172009136	172009297	LINE/L2	557	+	80	172009216	83967
chr3	171925249	172125249	harbor1	chr3	172009497	172010367	LINE/L2	1449	+	435	172009932	84683
chr3	171925249	172125249	harbor1	chr3	172010432	172010514	LINE/L2	430	+	41	172010473	85224
chr3	171925249	172125249	harbor1	chr3	172012877	172012998	LINE/L2	538	+	60	172012937	87688
chr3	68757710	68957710	harbor1	chr3	68788212	68788440	LINE/L2	770	+	114	68788326	30616
chr3	68757710	68957710	harbor1	chr3	68789589	68789785	LINE/L2	521	+	98	68789687	31977
chr3	68757710	68957710	harbor1	chr3	68834517	68835434	LINE/L2	1383	+	458	68834975	77265
chr3	107525183	107725183	harbor1	chr3	107563700	107563856	LINE/L2	433	+	78	107563778	38595
chr3	1112153	1312153	harbor1	chr3	1154793	1155331	LINE/L2	855	+	269	1155062	42909
chr3	1112153	1312153	harbor1	chr3	1206157	1207797	LINE/L2	2330	+	820	1206977	94824
chr3	110642818	110842818	harbor1	chr3	110740785	110741248	LINE/L2	869	+	232	110741017	98199
chr3	29768236	29968236	harbor1	chr3	29795443	29795610	LINE/L2	449	+	84	29795527	27291
chr3	29768236	29968236	harbor1	chr3	29850880	29851292	LINE/L2	552	+	206	29851086	82850
chr3	114431323	114631323	harbor1	chr3	114493405	114493925	LINE/L2	654	+	260	114493665	62342
chr3	114431323	114631323	harbor1	chr3	114497208	114497812	LINE/L2	631	+	302	114497510	66187
chr3	114431323	114631323	harbor1	chr3	114515409	114515710	LINE/L2	413	+	150	114515559	84236
chr3	114431323	114631323	harbor1	chr3	114520684	114520952	LINE/L2	539	+	134	114520818	89495
chr3	114431323	114631323	harbor1	chr3	114530807	114531322	LINE/L2	553	+	258	114531065	99742
chr3	114431323	114631323	harbor1	chr3	114474520	114475497	LINE/L2	885	+	488	114475008	43685
chr3	114431323	114631323	harbor1	chr3	114491198	114492661	LINE/L2	2195	+	732	114491930	60607
chr3	26310250	26510250	harbor1	chr3	26364157	26364915	LINE/L2	1551	+	379	26364536	54286
chr3	26310250	26510250	harbor1	chr3	26365228	26365554	LINE/L2	1014	+	163	26365391	55141
chr3	67392911	67592911	harbor1	chr3	67483401	67483690	LINE/L2	441	+	144	67483545	90634
chr3	887525	1087525	harbor1	chr3	918142	918687	LINE/L2	420	+	272	918414	30889
chr3	887525	1087525	harbor1	chr3	921122	921848	LINE/L2	1822	+	363	921485	33960
chr3	887525	1087525	harbor1	chr3	922045	922952	LINE/L2	1822	+	454	922499	34974
chr3	178605179	178805179	harbor1	chr3	178672747	178675002	LINE/L2	5652	+	1128	178673875	68696
chr3	98264038	98464038	harbor1	chr3	98349867	98350241	LINE/L2	511	+	187	98350054	86016
chr3	98264038	98464038	harbor1	chr3	98356888	98357394	LINE/L2	862	+	253	98357141	93103
chr3	38198972	38398972	harbor1	chr3	38231449	38231705	LINE/L2	563	+	128	38231577	32605
chr3	28533140	28733140	harbor1	chr3	28587516	28587654	LINE/L2	489	+	69	28587585	54445
chr3	11132145	11332145	harbor1	chr3	11163800	11164057	LINE/L2	444	+	128	11163928	31783
chr3	11132145	11332145	harbor1	chr3	11174022	11174269	LINE/L2	405	+	124	11174146	42001
chr3	11132145	11332145	harbor1	chr3	11177409	11177748	LINE/L2	655	+	170	11177579	45434
chr3	11132145	11332145	harbor1	chr3	11185306	11185539	LINE/L2	572	+	116	11185422	53277
chr3	11132145	11332145	harbor1	chr3	11199367	11199714	LINE/L2	633	+	174	11199541	67396
chr3	11132145	11332145	harbor1	chr3	11212766	11213294	LINE/L2	1378	+	264	11213030	80885
chr3	39123872	39323872	harbor1	chr3	39174855	39175136	LINE/L2	653	+	140	39174995	51123
chr3	39123872	39323872	harbor1	chr3	39176077	39176877	LINE/L2	1450	+	400	39176477	52605
chr3	39123872	39323872	harbor1	chr3	39181187	39181516	LINE/L2	484	+	164	39181351	57479
chr3	39123872	39323872	harbor1	chr3	39182308	39182686	LINE/L2	624	+	189	39182497	58625
chr3	39123872	39323872	harbor1	chr3	39211239	39211407	LINE/L2	633	+	84	39211323	87451
chr3	39123872	39323872	harbor1	chr3	39216327	39216863	LINE/L2	1688	+	268	39216595	92723
chr3	39123872	39323872	harbor1	chr3	39217523	39217898	LINE/L2	1564	+	188	39217711	93839
chr3	39123872	39323872	harbor1	chr3	39218010	39218192	LINE/L2	1564	+	91	39218101	94229
chr3	20205653	20405653	harbor1	chr3	20218552	20218861	LINE/L2	443	+	154	20218706	13053
chr3	20205653	20405653	harbor1	chr3	20221039	20221539	LINE/L2	824	+	250	20221289	15636
chr3	20205653	20405653	harbor1	chr3	20245721	20246049	LINE/L2	855	+	164	20245885	40232
chr3	20205653	20405653	harbor1	chr3	20246081	20246387	LINE/L2	739	+	153	20246234	40581
chr4	71267573	71467573	harbor1	chr4	71343429	71343769	LINE/L2	1063	+	170	71343599	76026
chr4	71267573	71467573	harbor1	chr4	71343775	71344235	LINE/L2	1302	+	230	71344005	76432
chr4	105310844	105510844	harbor1	chr4	105318459	105318921	LINE/L2	441	+	231	105318690	7846
chr4	105310844	105510844	harbor1	chr4	105362050	105362687	LINE/L2	1265	+	318	105362368	51524
chr4	105310844	105510844	harbor1	chr4	105384702	105385366	LINE/L2	971	+	332	105385034	74190
chr4	19250126	19450126	harbor1	chr4	19265318	19265892	LINE/L2	697	+	287	19265605	15479
chr4	19250126	19450126	harbor1	chr4	19295678	19295868	LINE/L2	402	+	95	19295773	45647
chr4	19250126	19450126	harbor1	chr4	19324623	19325892	LINE/L2	1146	+	634	19325257	75131
chr4	6713772	6913772	harbor1	chr4	6719010	6719246	LINE/L2	598	+	118	6719128	5356
chr4	6713772	6913772	harbor1	chr4	6727864	6728104	LINE/L2	397	+	120	6727984	14212
chr4	177096803	177296803	harbor1	chr4	177124856	177125377	LINE/L2	800	+	260	177125116	28313
chr4	177096803	177296803	harbor1	chr4	177178544	177179747	LINE/L2	1476	+	602	177179146	82343
chr4	125200706	125400706	harbor1	chr4	125234193	125234331	LINE/L2	433	+	69	125234262	33556
chr4	125200706	125400706	harbor1	chr4	125259616	125260472	LINE/L2	3382	+	428	125260044	59338
chr4	125200706	125400706	harbor1	chr4	125260512	125261886	LINE/L2	3382	+	687	125261199	60493
chr4	125200706	125400706	harbor1	chr4	125271870	125272181	LINE/L2	801	+	156	125272026	71320
chr4	126541171	126741171	harbor1	chr4	126541195	126541519	LINE/L2	415	+	162	126541357	186
chr4	126541171	126741171	harbor1	chr4	126541559	126541653	LINE/L2	415	+	47	126541606	435
chr4	20868970	21068970	harbor1	chr4	20878339	20878673	LINE/L2	461	+	167	20878506	9536
chr4	20868970	21068970	harbor1	chr4	20885806	20886088	LINE/L2	404	+	141	20885947	16977
chr4	20868970	21068970	harbor1	chr4	20897290	20897455	LINE/L2	430	+	82	20897372	28402
chr4	20868970	21068970	harbor1	chr4	20898520	20898686	LINE/L2	627	+	83	20898603	29633
chr4	20868970	21068970	harbor1	chr4	20906955	20907060	LINE/L2	415	+	52	20907007	38037
chr4	20868970	21068970	harbor1	chr4	20940095	20940426	LINE/L2	513	+	166	20940261	71291
chr4	41954857	42154857	harbor1	chr4	41974909	41974969	LINE/L2	1009	+	30	41974939	20082
chr4	41954857	42154857	harbor1	chr4	42007772	42008431	LINE/L2	873	+	330	42008102	53245
chr4	41954857	42154857	harbor1	chr4	42035913	42036354	LINE/L2	898	+	220	42036133	81276
chr4	41954857	42154857	harbor1	chr4	41975123	41975847	LINE/L2	1337	+	362	41975485	20628
chr4	66835405	67035405	harbor1	chr4	66836641	66836731	LINE/L2	391	+	45	66836686	1281
chr4	66835405	67035405	harbor1	chr4	66889940	66890272	LINE/L2	522	+	166	66890106	54701
chr4	66835405	67035405	harbor1	chr4	66922934	66924063	LINE/L2	786	+	564	66923498	88093
chr4	151923984	152123984	harbor1	chr4	151925581	151925886	LINE/L2	714	+	152	151925733	1749
chr4	151923984	152123984	harbor1	chr4	151926382	151926973	LINE/L2	726	+	296	151926678	2694
chr4	151923984	152123984	harbor1	chr4	151959806	151960049	LINE/L2	603	+	122	151959928	35944
chr4	170178744	170378744	harbor1	chr4	170240620	170241086	LINE/L2	1597	+	233	170240853	62109
chr4	170178744	170378744	harbor1	chr4	170277861	170277994	LINE/L2	1374	+	66	170277927	99183
chr4	170178744	170378744	harbor1	chr4	170278308	170279028	LINE/L2	1374	+	360	170278668	99924
chr4	172711870	172911870	harbor1	chr4	172739982	172740170	LINE/L2	391	+	94	172740076	28206
chr4	172711870	172911870	harbor1	chr4	172779037	172779176	LINE/L2	620	+	70	172779107	67237
chr4	172711870	172911870	harbor1	chr4	172811718	172811982	LINE/L2	749	+	132	172811850	99980
chr4	84394301	84594301	harbor1	chr4	84467075	84467164	LINE/L2	387	+	44	84467119	72818
chr4	131743652	131943652	harbor1	chr4	131824423	131824541	LINE/L2	736	+	59	131824482	80830
chr4	131743652	131943652	harbor1	chr4	131824583	131825015	LINE/L2	736	+	216	131824799	81147
chr4	156022177	156222177	harbor1	chr4	156053932	156054278	LINE/L2	885	+	173	156054105	31928
chr4	156022177	156222177	harbor1	chr4	156083591	156083716	LINE/L2	389	+	62	156083653	61476
chr4	156022177	156222177	harbor1	chr4	156088011	156088452	LINE/L2	477	+	220	156088231	66054
chr4	122335521	122535521	harbor1	chr4	122405268	122405558	LINE/L2	415	+	145	122405413	69892
chr4	81440715	81640715	harbor1	chr4	81480571	81480864	LINE/L2	1135	+	146	81480717	40002
chr4	81440715	81640715	harbor1	chr4	81502781	81502904	LINE/L2	453	+	62	81502843	62128
chr4	81440715	81640715	harbor1	chr4	81521664	81521838	LINE/L2	392	+	87	81521751	81036
chr4	108195037	108395037	harbor1	chr4	108253346	108253904	LINE/L2	398	+	279	108253625	58588
chr4	41379139	41579139	harbor1	chr4	41470163	41470814	LINE/L2	962	+	326	41470489	91350
chr4	146126953	146326953	harbor1	chr4	146131136	146131882	LINE/L2	565	+	373	146131509	4556
chr4	146126953	146326953	harbor1	chr4	146138993	146139161	LINE/L2	430	+	84	146139077	12124
chr4	146126953	146326953	harbor1	chr4	146180078	146180368	LINE/L2	384	+	145	146180223	53270
chr4	146126953	146326953	harbor1	chr4	146209312	146209543	LINE/L2	446	+	116	146209428	82475
chr4	146126953	146326953	harbor1	chr4	146219350	146219501	LINE/L2	396	+	76	146219426	92473
chr4	19930301	20130301	harbor1	chr4	19947181	19947354	LINE/L2	464	+	86	19947267	16966
chr4	19930301	20130301	harbor1	chr4	19972319	19972773	LINE/L2	513	+	227	19972546	42245
chr4	19930301	20130301	harbor1	chr4	19990713	19991715	LINE/L2	2067	+	501	19991214	60913
chr4	19930301	20130301	harbor1	chr4	19998466	19998628	LINE/L2	392	+	81	19998547	68246
chr4	19930301	20130301	harbor1	chr4	20015013	20015535	LINE/L2	1065	+	261	20015274	84973
chr4	152609837	152809837	harbor1	chr4	152644907	152645271	LINE/L2	532	+	182	152645089	35252
chr4	147382739	147582739	harbor1	chr4	147414411	147415008	LINE/L2	1503	+	298	147414709	31970
chr4	147382739	147582739	harbor1	chr4	147455377	147455786	LINE/L2	2418	+	204	147455581	72842
chr4	147382739	147582739	harbor1	chr4	147457390	147457840	LINE/L2	740	+	225	147457615	74876
chr4	147382739	147582739	harbor1	chr4	147455819	147456784	LINE/L2	2418	+	482	147456301	73562
chr4	88098907	88298907	harbor1	chr4	88112436	88112660	LINE/L2	459	+	112	88112548	13641
chr4	58520849	58720849	harbor1	chr4	58524878	58525093	LINE/L2	408	+	108	58524986	4137
chr4	177635805	177835805	harbor1	chr4	177635771	177636214	LINE/L2	673	+	222	177635993	188
chr4	177635805	177835805	harbor1	chr4	177637406	177637632	LINE/L2	630	+	113	177637519	1714
chr4	177635805	177835805	harbor1	chr4	177637636	177637960	LINE/L2	478	+	162	177637798	1993
chr4	177635805	177835805	harbor1	chr4	177639779	177639905	LINE/L2	389	+	63	177639842	4037
chr4	177635805	177835805	harbor1	chr4	177726161	177726415	LINE/L2	513	+	127	177726288	90483
chr4	35208740	35408740	harbor1	chr4	35220701	35220855	LINE/L2	498	+	77	35220778	12038
chr4	35208740	35408740	harbor1	chr4	35237878	35239059	LINE/L2	681	+	590	35238468	29728
chr4	35208740	35408740	harbor1	chr4	35239243	35239674	LINE/L2	530	+	216	35239459	30719
chr4	35208740	35408740	harbor1	chr4	35251280	35251952	LINE/L2	837	+	336	35251616	42876
chr4	35208740	35408740	harbor1	chr4	35294518	35294724	LINE/L2	547	+	103	35294621	85881
chr4	46122644	46322644	harbor1	chr4	46128126	46128267	LINE/L2	472	+	70	46128196	5552
chr4	46122644	46322644	harbor1	chr4	46128883	46129353	LINE/L2	412	+	235	46129118	6474
chr4	46122644	46322644	harbor1	chr4	46129745	46130206	LINE/L2	426	+	230	46129975	7331
chr4	46122644	46322644	harbor1	chr4	46201060	46201801	LINE/L2	1349	+	370	46201430	78786
chr4	31585939	31785939	harbor1	chr4	31597416	31597967	LINE/L2	1130	+	276	31597692	11753
chr4	111550960	111750960	harbor1	chr4	111563775	111564074	LINE/L2	427	+	150	111563925	12965
chr4	111550960	111750960	harbor1	chr4	111619652	111619942	LINE/L2	698	+	145	111619797	68837
chr4	11304743	11504743	harbor1	chr4	11315460	11315694	LINE/L2	771	+	117	11315577	10834
chr4	11304743	11504743	harbor1	chr4	11316007	11316316	LINE/L2	771	+	154	11316161	11418
chr4	180394441	180594441	harbor1	chr4	180401599	180402105	LINE/L2	1979	+	253	180401852	7411
chr4	180394441	180594441	harbor1	chr4	180402405	180403045	LINE/L2	1979	+	320	180402725	8284
chr4	180394441	180594441	harbor1	chr4	180403181	180403705	LINE/L2	965	+	262	180403443	9002
chr4	180394441	180594441	harbor1	chr4	180433929	180434289	LINE/L2	628	+	180	180434109	39668
chr4	180394441	180594441	harbor1	chr4	180478364	180478618	LINE/L2	515	+	127	180478491	84050
chr4	175698119	175898119	harbor1	chr4	175715658	175715786	LINE/L2	788	+	64	175715722	17603
chr4	175698119	175898119	harbor1	chr4	175716078	175716166	LINE/L2	788	+	44	175716122	18003
chr4	175698119	175898119	harbor1	chr4	175724754	175725046	LINE/L2	594	+	146	175724900	26781
chr4	175698119	175898119	harbor1	chr4	175731650	175731966	LINE/L2	837	+	158	175731808	33689
chr4	175698119	175898119	harbor1	chr4	175732265	175732399	LINE/L2	548	+	67	175732332	34213
chr4	175698119	175898119	harbor1	chr4	175764680	175764846	LINE/L2	703	+	83	175764763	66644
chr4	175698119	175898119	harbor1	chr4	175765174	175765387	LINE/L2	703	+	106	175765280	67161
chr4	175698119	175898119	harbor1	chr4	175765656	175765823	LINE/L2	703	+	84	175765740	67621
chr4	107802869	108002869	harbor1	chr4	107803957	107804378	LINE/L2	1033	+	210	107804167	1298
chr4	107802869	108002869	harbor1	chr4	107805025	107805384	LINE/L2	836	+	180	107805205	2336
chr4	107802869	108002869	harbor1	chr4	107820084	107820740	LINE/L2	1191	+	328	107820412	17543
chr4	107802869	108002869	harbor1	chr4	107872322	107872515	LINE/L2	454	+	96	107872418	69549
chr4	13891379	14091379	harbor1	chr4	13954422	13954559	LINE/L2	456	+	68	13954490	63111
chr4	93608156	93808156	harbor1	chr4	93644951	93645072	LINE/L2	486	+	60	93645011	36855
chr4	93608156	93808156	harbor1	chr4	93661788	93662443	LINE/L2	1247	+	328	93662116	53960
chr4	173217660	173417660	harbor1	chr4	173233630	173234617	LINE/L2	1505	+	494	173234124	16464
chr4	173217660	173417660	harbor1	chr4	173235063	173235543	LINE/L2	1505	+	240	173235303	17643
chr4	173217660	173417660	harbor1	chr4	173235854	173236048	LINE/L2	787	+	97	173235951	18291
chr4	173217660	173417660	harbor1	chr4	173250404	173251177	LINE/L2	803	+	386	173250790	33130
chr4	173217660	173417660	harbor1	chr4	173310122	173310582	LINE/L2	462	+	230	173310352	92692
chr4	173217660	173417660	harbor1	chr4	173315735	173316650	LINE/L2	1418	+	458	173316193	98533
chr4	168722666	168922666	harbor1	chr4	168772690	168772786	LINE/L2	416	+	48	168772738	50072
chr4	168722666	168922666	harbor1	chr4	168805545	168805907	LINE/L2	476	+	181	168805726	83060
chr4	189712793	189912793	harbor1	chr4	189731990	189732576	LINE/L2	900	+	293	189732283	19490
chr4	189712793	189912793	harbor1	chr4	189732854	189733171	LINE/L2	900	+	158	189733012	20219
chr4	189712793	189912793	harbor1	chr4	189733711	189735150	LINE/L2	909	+	720	189734431	21638
chr4	189712793	189912793	harbor1	chr4	189738629	189739496	LINE/L2	1100	+	434	189739063	26270
chr4	65681722	65881722	harbor1	chr4	65694170	65694634	LINE/L2	685	+	232	65694402	12680
chr4	65681722	65881722	harbor1	chr4	65695931	65696182	LINE/L2	486	+	126	65696057	14335
chr4	65681722	65881722	harbor1	chr4	65753168	65753394	LINE/L2	391	+	113	65753281	71559
chr4	65681722	65881722	harbor1	chr4	65776245	65776458	LINE/L2	411	+	106	65776351	94629
chr4	82126099	82326099	harbor1	chr4	82147173	82147786	LINE/L2	637	+	306	82147479	21380
chr4	4658971	4858971	harbor1	chr4	4672634	4672779	LINE/L2	645	+	72	4672706	13735
chr4	4658971	4858971	harbor1	chr4	4687218	4687512	LINE/L2	437	+	147	4687365	28394
chr4	4658971	4858971	harbor1	chr4	4733249	4733577	LINE/L2	467	+	164	4733413	74442
chr4	4658971	4858971	harbor1	chr4	4669419	4669764	LINE/L2	812	+	172	4669591	10620
chr4	187661498	187861498	harbor1	chr4	187663030	187663238	LINE/L2	384	+	104	187663134	1636
chr4	187661498	187861498	harbor1	chr4	187759149	187759582	LINE/L2	649	+	216	187759365	97867
chr4	18905232	19105232	harbor1	chr4	18937336	18937607	LINE/L2	449	+	136	18937472	32240
chr4	18905232	19105232	harbor1	chr4	18943730	18943874	LINE/L2	478	+	72	18943802	38570
chr4	18905232	19105232	harbor1	chr4	18948562	18949054	LINE/L2	657	+	246	18948808	43576
chr4	62886403	63086403	harbor1	chr4	62888832	62889184	LINE/L2	424	+	176	62889008	2605
chr4	62886403	63086403	harbor1	chr4	62901559	62902181	LINE/L2	746	+	311	62901870	15467
chr4	62886403	63086403	harbor1	chr4	62911163	62911530	LINE/L2	731	+	184	62911347	24944
chr4	62886403	63086403	harbor1	chr4	62911669	62911937	LINE/L2	502	+	134	62911803	25400
chr4	62886403	63086403	harbor1	chr4	62958280	62958423	LINE/L2	385	+	72	62958352	71949
chr4	62886403	63086403	harbor1	chr4	62914410	62914978	LINE/L2	768	+	284	62914694	28291
chr4	162016648	162216648	harbor1	chr4	162035947	162036380	LINE/L2	1006	+	216	162036163	19515
chr4	162016648	162216648	harbor1	chr4	162112626	162112775	LINE/L2	420	+	74	162112700	96052
chr4	162016648	162216648	harbor1	chr4	162112817	162114020	LINE/L2	420	+	602	162113419	96771
chr4	129823031	130023031	harbor1	chr4	129834219	129834535	LINE/L2	659	+	158	129834377	11346
chr4	129823031	130023031	harbor1	chr4	129834891	129835616	LINE/L2	659	+	362	129835253	12222
chr4	129823031	130023031	harbor1	chr4	129844483	129844677	LINE/L2	471	+	97	129844580	21549
chr4	129823031	130023031	harbor1	chr4	129889330	129889594	LINE/L2	424	+	132	129889462	66431
chr4	129823031	130023031	harbor1	chr4	129910295	129910584	LINE/L2	513	+	144	129910439	87408
chr4	132808712	133008712	harbor1	chr4	132828860	132829903	LINE/L2	1810	+	522	132829382	20670
chr4	132808712	133008712	harbor1	chr4	132901077	132901726	LINE/L2	421	+	324	132901401	92689
chr4	97724477	97924477	harbor1	chr4	97754608	97754811	LINE/L2	624	+	102	97754710	30233
chr4	97724477	97924477	harbor1	chr4	97759859	97760030	LINE/L2	385	+	86	97759945	35468
chr4	97724477	97924477	harbor1	chr4	97792225	97792869	LINE/L2	1384	+	322	97792547	68070
chr4	97724477	97924477	harbor1	chr4	97793153	97793350	LINE/L2	627	+	98	97793251	68774
chr4	97724477	97924477	harbor1	chr4	97812629	97813167	LINE/L2	1154	+	269	97812898	88421
chr4	28878407	29078407	harbor1	chr4	28932282	28932549	LINE/L2	447	+	134	28932416	54009
chr4	22139271	22339271	harbor1	chr4	22163243	22164109	LINE/L2	1113	+	433	22163676	24405
chr4	22139271	22339271	harbor1	chr4	22188620	22188740	LINE/L2	409	+	60	22188680	49409
chr4	22139271	22339271	harbor1	chr4	22210874	22211401	LINE/L2	1141	+	264	22211138	71867
chr4	22139271	22339271	harbor1	chr4	22219171	22219485	LINE/L2	397	+	157	22219328	80057
chr4	22139271	22339271	harbor1	chr4	22223209	22223803	LINE/L2	1052	+	297	22223506	84235
chr4	22139271	22339271	harbor1	chr4	22231086	22231891	LINE/L2	1105	+	402	22231488	92217
chr4	22139271	22339271	harbor1	chr4	22236262	22236531	LINE/L2	505	+	134	22236396	97125
chr4	22139271	22339271	harbor1	chr4	22236648	22236834	LINE/L2	505	+	93	22236741	97470
chr4	26779759	26979759	harbor1	chr4	26794827	26795551	LINE/L2	1068	+	362	26795189	15430
chr4	26779759	26979759	harbor1	chr4	26819460	26820014	LINE/L2	1166	+	277	26819737	39978
chr4	26779759	26979759	harbor1	chr4	26820847	26820977	LINE/L2	458	+	65	26820912	41153
chr4	26779759	26979759	harbor1	chr4	26834666	26834991	LINE/L2	959	+	162	26834828	55069
chr4	26779759	26979759	harbor1	chr4	26835472	26835974	LINE/L2	959	+	251	26835723	55964
chr4	26779759	26979759	harbor1	chr4	26836007	26836356	LINE/L2	959	+	174	26836181	56422
chr4	26779759	26979759	harbor1	chr4	26839560	26839799	LINE/L2	548	+	120	26839680	59921
chr4	26779759	26979759	harbor1	chr4	26849370	26849682	LINE/L2	502	+	156	26849526	69767
chr4	26779759	26979759	harbor1	chr4	26851950	26852271	LINE/L2	2044	+	160	26852110	72351
chr4	26779759	26979759	harbor1	chr4	26852572	26852626	LINE/L2	2044	+	27	26852599	72840
chr4	26779759	26979759	harbor1	chr4	26852919	26853472	LINE/L2	2044	+	276	26853195	73436
chr5	143035685	143235685	harbor1	chr5	143068265	143069371	LINE/L2	2107	+	553	143068818	33133
chr5	143035685	143235685	harbor1	chr5	143106917	143107166	LINE/L2	418	+	124	143107041	71356
chr5	143035685	143235685	harbor1	chr5	143109837	143110365	LINE/L2	979	+	264	143110101	74416
chr5	143035685	143235685	harbor1	chr5	143121969	143122496	LINE/L2	896	+	264	143122233	86548
chr5	143035685	143235685	harbor1	chr5	143122925	143123043	LINE/L2	784	+	59	143122984	87299
chr5	102401648	102601648	harbor1	chr5	102478948	102479046	LINE/L2	1389	+	49	102478997	77349
chr5	102401648	102601648	harbor1	chr5	102479423	102479870	LINE/L2	1389	+	224	102479647	77999
chr5	87020004	87220004	harbor1	chr5	87097595	87097721	LINE/L2	505	+	63	87097658	77654
chr5	156808738	157008738	harbor1	chr5	156818623	156819056	LINE/L2	695	+	216	156818839	10101
chr5	156808738	157008738	harbor1	chr5	156835278	156836070	LINE/L2	1222	+	396	156835674	26936
chr5	131191986	131391986	harbor1	chr5	131223515	131223717	LINE/L2	561	+	101	131223616	31630
chr5	131191986	131391986	harbor1	chr5	131224179	131224746	LINE/L2	2136	+	284	131224463	32477
chr5	131191986	131391986	harbor1	chr5	131241746	131242023	LINE/L2	431	+	138	131241884	49898
chr5	131191986	131391986	harbor1	chr5	131271251	131271321	LINE/L2	3312	+	35	131271286	79300
chr5	131191986	131391986	harbor1	chr5	131271630	131271995	LINE/L2	3312	+	182	131271812	79826
chr5	131191986	131391986	harbor1	chr5	131272321	131273147	LINE/L2	3312	+	413	131272734	80748
chr5	131191986	131391986	harbor1	chr5	131273456	131273488	LINE/L2	3312	+	16	131273472	81486
chr5	131191986	131391986	harbor1	chr5	131274070	131274806	LINE/L2	3312	+	368	131274438	82452
chr5	131191986	131391986	harbor1	chr5	131277484	131277950	LINE/L2	687	+	233	131277717	85731
chr5	178697554	178897554	harbor1	chr5	178722049	178722649	LINE/L2	698	+	300	178722349	24795
chr5	178697554	178897554	harbor1	chr5	178738092	178738925	LINE/L2	1439	+	416	178738508	40954
chr5	99461037	99661037	harbor1	chr5	99509648	99509838	LINE/L2	473	+	95	99509743	48706
chr5	8036024	8236024	harbor1	chr5	8075816	8075944	LINE/L2	423	+	64	8075880	39856
chr5	8036024	8236024	harbor1	chr5	8116662	8116781	LINE/L2	426	+	60	8116722	80698
chr5	112317505	112517505	harbor1	chr5	112335594	112335947	LINE/L2	534	+	176	112335770	18265
chr5	112317505	112517505	harbor1	chr5	112338352	112338718	LINE/L2	442	+	183	112338535	21030
chr5	112317505	112517505	harbor1	chr5	112338907	112339022	LINE/L2	442	+	58	112338965	21460
chr5	112317505	112517505	harbor1	chr5	112340899	112341252	LINE/L2	875	+	176	112341075	23570
chr5	112317505	112517505	harbor1	chr5	112365022	112365121	LINE/L2	415	+	50	112365072	47567
chr5	112317505	112517505	harbor1	chr5	112399143	112399519	LINE/L2	488	+	188	112399331	81826
chr5	100339448	100539448	harbor1	chr5	100433421	100433864	LINE/L2	438	+	222	100433643	94195
chr5	6345858	6545858	harbor1	chr5	6376970	6377082	LINE/L2	426	+	56	6377026	31168
chr5	154863813	155063813	harbor1	chr5	154933815	154934023	LINE/L2	529	+	104	154933919	70106
chr5	154863813	155063813	harbor1	chr5	154934612	154935321	LINE/L2	529	+	354	154934966	71153
chr5	102004588	102204588	harbor1	chr5	102085353	102085551	LINE/L2	447	+	99	102085452	80864
chr5	127346196	127546196	harbor1	chr5	127379069	127379591	LINE/L2	910	+	261	127379330	33134
chr5	127346196	127546196	harbor1	chr5	127379903	127380225	LINE/L2	685	+	161	127380064	33868
chr5	127346196	127546196	harbor1	chr5	127392387	127392662	LINE/L2	452	+	138	127392525	46329
chr5	127346196	127546196	harbor1	chr5	127437888	127438177	LINE/L2	688	+	144	127438032	91836
chr5	172476219	172676219	harbor1	chr5	172482793	172483044	LINE/L2	425	+	126	172482919	6700
chr5	131106664	131306664	harbor1	chr5	131152403	131152564	LINE/L2	557	+	80	131152483	45819
chr5	131106664	131306664	harbor1	chr5	131166969	131167582	LINE/L2	1248	+	306	131167275	60611
chr5	131106664	131306664	harbor1	chr5	131184847	131185422	LINE/L2	1554	+	288	131185135	78471
chr5	140016915	140216915	harbor1	chr5	140044354	140044723	LINE/L2	528	+	184	140044538	27623
chr5	140016915	140216915	harbor1	chr5	140059257	140060065	LINE/L2	3071	+	404	140059661	42746
chr5	140016915	140216915	harbor1	chr5	140060365	140061332	LINE/L2	3071	+	484	140060849	43934
chr5	140016915	140216915	harbor1	chr5	140102398	140102734	LINE/L2	731	+	168	140102566	85651
chr5	35507357	35707357	harbor1	chr5	35564788	35565092	LINE/L2	630	+	152	35564940	57583
chr5	35507357	35707357	harbor1	chr5	35565476	35565625	LINE/L2	630	+	74	35565550	58193
chr5	75214570	75414570	harbor1	chr5	75309725	75309903	LINE/L2	527	+	89	75309814	95244
chr5	148271112	148471112	harbor1	chr5	148303186	148303533	LINE/L2	621	+	174	148303360	32248
chr5	148271112	148471112	harbor1	chr5	148366660	148367095	LINE/L2	745	+	218	148366878	95766
chr5	98051787	98251787	harbor1	chr5	98102747	98102990	LINE/L2	444	+	122	98102869	51082
chr5	98051787	98251787	harbor1	chr5	98135042	98135474	LINE/L2	1184	+	216	98135258	83471
chr5	98051787	98251787	harbor1	chr5	98141041	98141744	LINE/L2	1746	+	352	98141393	89606
chr5	98051787	98251787	harbor1	chr5	98141775	98143151	LINE/L2	1767	+	688	98142463	90676
chr5	106164471	106364471	harbor1	chr5	106218532	106218681	LINE/L2	627	+	74	106218606	54135
chr5	106164471	106364471	harbor1	chr5	106217301	106217949	LINE/L2	780	+	324	106217625	53154
chr5	38750889	38950889	harbor1	chr5	38754584	38754940	LINE/L2	786	+	178	38754762	3873
chr5	38750889	38950889	harbor1	chr5	38790048	38790184	LINE/L2	488	+	68	38790116	39227
chr5	38750889	38950889	harbor1	chr5	38793567	38794053	LINE/L2	606	+	243	38793810	42921
chr5	66954490	67154490	harbor1	chr5	66972562	66972942	LINE/L2	528	+	190	66972752	18262
chr5	66954490	67154490	harbor1	chr5	66974043	66974342	LINE/L2	623	+	150	66974193	19703
chr5	66954490	67154490	harbor1	chr5	67047168	67047720	LINE/L2	988	+	276	67047444	92954
chr5	81728658	81928658	harbor1	chr5	81739285	81739662	LINE/L2	423	+	188	81739473	10815
chr5	81728658	81928658	harbor1	chr5	81760724	81761109	LINE/L2	737	+	192	81760916	32258
chr5	81728658	81928658	harbor1	chr5	81793683	81794270	LINE/L2	666	+	294	81793977	65319
chr5	57939556	58139556	harbor1	chr5	58014549	58015219	LINE/L2	783	+	335	58014884	75328
chr5	15825385	16025385	harbor1	chr5	15868655	15868886	LINE/L2	512	+	116	15868771	43386
chr5	177041941	177241941	harbor1	chr5	177072995	177073233	LINE/L2	490	+	119	177073114	31173
chr5	167767179	167967179	harbor1	chr5	167828203	167828570	LINE/L2	461	+	184	167828387	61208
chr5	167767179	167967179	harbor1	chr5	167854771	167855378	LINE/L2	1080	+	304	167855075	87896
chr5	63320095	63520095	harbor1	chr5	63365991	63366450	LINE/L2	570	+	230	63366221	46126
chr5	63320095	63520095	harbor1	chr5	63396341	63396698	LINE/L2	600	+	178	63396519	76424
chr5	63320095	63520095	harbor1	chr5	63401816	63402288	LINE/L2	570	+	236	63402052	81957
chr5	63320095	63520095	harbor1	chr5	63402419	63402807	LINE/L2	555	+	194	63402613	82518
chr5	80966518	81166518	harbor1	chr5	81058983	81059101	LINE/L2	572	+	59	81059042	92524
chr5	80966518	81166518	harbor1	chr5	81059402	81059524	LINE/L2	1187	+	61	81059463	92945
chr5	80966518	81166518	harbor1	chr5	81060249	81060673	LINE/L2	1187	+	212	81060461	93943
chr5	156356183	156556183	harbor1	chr5	156384163	156384570	LINE/L2	448	+	204	156384367	28184
chr5	156356183	156556183	harbor1	chr5	156435866	156436103	LINE/L2	477	+	118	156435984	79801
chr5	27969438	28169438	harbor1	chr5	28017834	28018104	LINE/L2	415	+	135	28017969	48531
chr5	159682223	159882223	harbor1	chr5	159769205	159769451	LINE/L2	486	+	123	159769328	87105
chr5	76060976	76260976	harbor1	chr5	76101975	76102134	LINE/L2	420	+	80	76102055	41079
chr5	76060976	76260976	harbor1	chr5	76105734	76106976	LINE/L2	2866	+	621	76106355	45379
chr5	76060976	76260976	harbor1	chr5	76116211	76116413	LINE/L2	617	+	101	76116312	55336
chr5	76060976	76260976	harbor1	chr5	76138641	76138758	LINE/L2	629	+	58	76138699	77723
chr5	177840343	178040343	harbor1	chr5	177879416	177879713	LINE/L2	606	+	148	177879564	39221
chr5	177840343	178040343	harbor1	chr5	177925453	177925604	LINE/L2	1162	+	76	177925529	85186
chr5	177840343	178040343	harbor1	chr5	177925952	177926292	LINE/L2	1162	+	170	177926122	85779
chr5	87788169	87988169	harbor1	chr5	87875919	87876101	LINE/L2	458	+	91	87876010	87841
chr5	134072270	134272270	harbor1	chr5	134126422	134126528	LINE/L2	495	+	53	134126475	54205
chr5	134072270	134272270	harbor1	chr5	134163822	134164038	LINE/L2	677	+	108	134163930	91660
chr5	134072270	134272270	harbor1	chr5	134164350	134164601	LINE/L2	677	+	126	134164476	92206
chr5	99020985	99220985	harbor1	chr5	99033031	99033477	LINE/L2	503	+	223	99033254	12269
chr5	118198519	118398519	harbor1	chr5	118214664	118214812	LINE/L2	439	+	74	118214738	16219
chr5	118198519	118398519	harbor1	chr5	118229902	118230572	LINE/L2	1190	+	335	118230237	31718
chr5	118198519	118398519	harbor1	chr5	118230974	118231417	LINE/L2	706	+	222	118231196	32677
chr5	118198519	118398519	harbor1	chr5	118231733	118231940	LINE/L2	634	+	104	118231837	33318
chr5	118198519	118398519	harbor1	chr5	118268444	118268916	LINE/L2	561	+	236	118268680	70161
chr5	106464090	106664090	harbor1	chr5	106513147	106513761	LINE/L2	1184	+	307	106513454	49364
chr5	106464090	106664090	harbor1	chr5	106513787	106514286	LINE/L2	1184	+	250	106514037	49947
chr5	34345128	34545128	harbor1	chr5	34347065	34347405	LINE/L2	435	+	170	34347235	2107
chr5	19260739	19460739	harbor1	chr5	19280132	19280440	LINE/L2	501	+	154	19280286	19547
chr5	19260739	19460739	harbor1	chr5	19311184	19311937	LINE/L2	883	+	376	19311560	50821
chr5	19260739	19460739	harbor1	chr5	19318717	19318929	LINE/L2	436	+	106	19318823	58084
chr5	19260739	19460739	harbor1	chr5	19319122	19320114	LINE/L2	436	+	496	19319618	58879
chr5	39975426	40175426	harbor1	chr5	40069520	40070049	LINE/L2	556	+	264	40069784	94358
chr5	26961213	27161213	harbor1	chr5	27041417	27042119	LINE/L2	596	+	351	27041768	80555
chr5	161166282	161366282	harbor1	chr5	161190656	161191321	LINE/L2	908	+	332	161190988	24706
chr5	161166282	161366282	harbor1	chr5	161196069	161196418	LINE/L2	609	+	174	161196243	29961
chr5	161166282	161366282	harbor1	chr5	161196715	161197145	LINE/L2	609	+	215	161196930	30648
chr5	161166282	161366282	harbor1	chr5	161199826	161200104	LINE/L2	492	+	139	161199965	33683
chr5	62346101	62546101	harbor1	chr5	62422771	62422963	LINE/L2	473	+	96	62422867	76766
chr5	62346101	62546101	harbor1	chr5	62434063	62434285	LINE/L2	429	+	111	62434174	88073
chr5	38461505	38661505	harbor1	chr5	38500005	38500310	LINE/L2	547	+	152	38500157	38652
chr5	38461505	38661505	harbor1	chr5	38500640	38500673	LINE/L2	547	+	16	38500656	39151
chr5	38461505	38661505	harbor1	chr5	38543729	38544736	LINE/L2	926	+	504	38544233	82728
chr5	38461505	38661505	harbor1	chr5	38553068	38553519	LINE/L2	858	+	226	38553294	91789
chr5	144231643	144431643	harbor1	chr5	144248995	144249529	LINE/L2	529	+	267	144249262	17619
chr5	99064949	99264949	harbor1	chr5	99129422	99129738	LINE/L2	573	+	158	99129580	64631
chr5	99064949	99264949	harbor1	chr5	99130308	99131256	LINE/L2	4695	+	474	99130782	65833
chr5	99064949	99264949	harbor1	chr5	99131661	99132959	LINE/L2	4695	+	649	99132310	67361
chr5	99064949	99264949	harbor1	chr5	99132997	99133317	LINE/L2	922	+	160	99133157	68208
chr5	173828355	174028355	harbor1	chr5	173855844	173856173	LINE/L2	489	+	164	173856008	27653
chr5	89232097	89432097	harbor1	chr5	89243413	89243625	LINE/L2	508	+	106	89243519	11422
chr5	89232097	89432097	harbor1	chr5	89244937	89245065	LINE/L2	480	+	64	89245001	12904
chr5	89232097	89432097	harbor1	chr5	89246518	89247259	LINE/L2	423	+	370	89246888	14791
chr5	89232097	89432097	harbor1	chr5	89284844	89285363	LINE/L2	425	+	260	89285104	53007
chr5	90266077	90466077	harbor1	chr5	90282216	90282424	LINE/L2	437	+	104	90282320	16243
chr5	90266077	90466077	harbor1	chr5	90282580	90283188	LINE/L2	704	+	304	90282884	16807
chr5	90266077	90466077	harbor1	chr5	90338957	90339307	LINE/L2	776	+	175	90339132	73055
chr5	98366037	98566037	harbor1	chr5	98412087	98412781	LINE/L2	645	+	347	98412434	46397
chr5	112697116	112897116	harbor1	chr5	112706500	112706983	LINE/L2	755	+	242	112706742	9626
chr5	54259303	54459303	harbor1	chr5	54264133	54265049	LINE/L2	1808	+	458	54264591	5288
chr5	54259303	54459303	harbor1	chr5	54298540	54298880	LINE/L2	463	+	170	54298710	39407
chr5	54259303	54459303	harbor1	chr5	54300600	54300837	LINE/L2	450	+	118	54300718	41415
chr5	54259303	54459303	harbor1	chr5	54300877	54301247	LINE/L2	542	+	185	54301062	41759
chr5	53011930	53211930	harbor1	chr5	53028576	53028989	LINE/L2	817	+	206	53028782	16852
chr5	53011930	53211930	harbor1	chr5	53029289	53029806	LINE/L2	982	+	258	53029547	17617
chr5	53011930	53211930	harbor1	chr5	53035871	53036044	LINE/L2	1361	+	86	53035957	24027
chr5	53011930	53211930	harbor1	chr5	53036080	53036820	LINE/L2	1479	+	370	53036450	24520
chr5	53011930	53211930	harbor1	chr5	53072190	53072305	LINE/L2	603	+	58	53072248	60318
chr5	160590546	160790546	harbor1	chr5	160626974	160627439	LINE/L2	441	+	232	160627206	36660
chr5	175260696	175460696	harbor1	chr5	175271571	175272428	LINE/L2	1108	+	428	175271999	11303
chr5	175260696	175460696	harbor1	chr5	175338726	175338929	LINE/L2	675	+	102	175338828	78132
chr5	175260696	175460696	harbor1	chr5	175358247	175358733	LINE/L2	797	+	243	175358490	97794
chr5	130639908	130839908	harbor1	chr5	130655110	130655224	LINE/L2	470	+	57	130655167	15259
chr5	136868045	137068045	harbor1	chr5	136918008	136918146	LINE/L2	553	+	69	136918077	50032
chr5	136868045	137068045	harbor1	chr5	136923321	136923804	LINE/L2	685	+	242	136923563	55518
chr5	136868045	137068045	harbor1	chr5	136936644	136936876	LINE/L2	804	+	116	136936760	68715
chr5	89797764	89997764	harbor1	chr5	89846333	89846884	LINE/L2	979	+	276	89846609	48845
chr5	20894218	21094218	harbor1	chr5	20943321	20943687	LINE/L2	440	+	183	20943504	49286
chr5	158243711	158443711	harbor1	chr5	158268967	158269095	LINE/L2	451	+	64	158269031	25320
chr5	158243711	158443711	harbor1	chr5	158271614	158271780	LINE/L2	903	+	83	158271697	27986
chr5	158243711	158443711	harbor1	chr5	158271997	158272312	LINE/L2	903	+	158	158272155	28444
chr5	158243711	158443711	harbor1	chr5	158275942	158276611	LINE/L2	763	+	334	158276276	32565
chr5	158243711	158443711	harbor1	chr5	158284259	158284772	LINE/L2	573	+	256	158284515	40804
chr5	158243711	158443711	harbor1	chr5	158289408	158289639	LINE/L2	448	+	116	158289524	45813
chr5	158243711	158443711	harbor1	chr5	158315166	158315409	LINE/L2	596	+	122	158315288	71577
chr5	158243711	158443711	harbor1	chr5	158324913	158325407	LINE/L2	537	+	247	158325160	81449
chr5	172149908	172349908	harbor1	chr5	172151662	172151824	LINE/L2	456	+	81	172151743	1835
chr5	172149908	172349908	harbor1	chr5	172151858	172152225	LINE/L2	634	+	184	172152042	2134
chr5	40175910	40375910	harbor1	chr5	40253966	40254393	LINE/L2	419	+	214	40254180	78270
chr5	102528933	102728933	harbor1	chr5	102548811	102549148	LINE/L2	561	+	168	102548979	20046
chr5	57285825	57485825	harbor1	chr5	57344022	57344315	LINE/L2	452	+	146	57344168	58343
chr5	57285825	57485825	harbor1	chr5	57344520	57344696	LINE/L2	481	+	88	57344608	58783
chr5	9885825	10085825	harbor1	chr5	9923609	9923795	LINE/L2	441	+	93	9923702	37877
chr5	9885825	10085825	harbor1	chr5	9978431	9979238	LINE/L2	732	+	404	9978835	93010
chr5	151998542	152198542	harbor1	chr5	152043629	152043741	LINE/L2	422	+	56	152043685	45143
chr5	151998542	152198542	harbor1	chr5	152045836	152046885	LINE/L2	2297	+	524	152046360	47818
chr5	151998542	152198542	harbor1	chr5	152067594	152068599	LINE/L2	973	+	502	152068096	69554
chr5	151998542	152198542	harbor1	chr5	152094452	152094593	LINE/L2	462	+	70	152094522	95980
chr5	159930021	160130021	harbor1	chr5	159977764	159978265	LINE/L2	1600	+	250	159978014	47993
chr5	159930021	160130021	harbor1	chr5	159983797	159984615	LINE/L2	2193	+	409	159984206	54185
chr5	159930021	160130021	harbor1	chr5	159984929	159985458	LINE/L2	2193	+	264	159985193	55172
chr5	71117468	71317468	harbor1	chr5	71169845	71170057	LINE/L2	420	+	106	71169951	52483
chr5	120292448	120492448	harbor1	chr5	120339642	120340465	LINE/L2	675	+	412	120340054	47606
chr5	38370025	38570025	harbor1	chr5	38376524	38376698	LINE/L2	520	+	87	38376611	6586
chr5	38370025	38570025	harbor1	chr5	38376970	38377122	LINE/L2	520	+	76	38377046	7021
chr5	38370025	38570025	harbor1	chr5	38377444	38377512	LINE/L2	520	+	34	38377478	7453
chr5	60923588	61123588	harbor1	chr5	61009897	61010631	LINE/L2	530	+	367	61010264	86676
chr5	60923588	61123588	harbor1	chr5	61011917	61012386	LINE/L2	472	+	234	61012151	88563
chr5	72258098	72458098	harbor1	chr5	72293611	72293692	LINE/L2	416	+	40	72293651	35553
chr5	72258098	72458098	harbor1	chr5	72299751	72300833	LINE/L2	1925	+	541	72300292	42194
chr5	72258098	72458098	harbor1	chr5	72353010	72353371	LINE/L2	860	+	180	72353190	95092
chr5	72258098	72458098	harbor1	chr5	72357035	72357626	LINE/L2	986	+	296	72357331	99233
chr5	119672351	119872351	harbor1	chr5	119749172	119750307	LINE/L2	1543	+	568	119749740	77389
chr5	35245409	35445409	harbor1	chr5	35335198	35335587	LINE/L2	835	+	194	35335392	89983
chr5	26799773	26999773	harbor1	chr5	26826317	26826442	LINE/L2	456	+	62	26826379	26606
chr5	26799773	26999773	harbor1	chr5	26852163	26852465	LINE/L2	588	+	151	26852314	52541
chr5	26799773	26999773	harbor1	chr5	26853437	26853751	LINE/L2	485	+	157	26853594	53821
chr5	26799773	26999773	harbor1	chr5	26853753	26854071	LINE/L2	607	+	159	26853912	54139
chr5	26799773	26999773	harbor1	chr5	26854101	26854147	LINE/L2	607	+	23	26854124	54351
chr5	129142095	129342095	harbor1	chr5	129193289	129193575	LINE/L2	460	+	143	129193432	51337
chr5	175848152	176048152	harbor1	chr5	175857048	175857394	LINE/L2	496	+	173	175857221	9069
chr5	175848152	176048152	harbor1	chr5	175857755	175857891	LINE/L2	496	+	68	175857823	9671
chr5	175848152	176048152	harbor1	chr5	175876168	175876286	LINE/L2	590	+	59	175876227	28075
chr5	175848152	176048152	harbor1	chr5	175908748	175909398	LINE/L2	522	+	325	175909073	60921
chr5	175848152	176048152	harbor1	chr5	175910089	175910460	LINE/L2	543	+	186	175910275	62123
chr5	175848152	176048152	harbor1	chr5	175919959	175920070	LINE/L2	690	+	56	175920015	71863
chr5	175848152	176048152	harbor1	chr5	175920383	175920489	LINE/L2	690	+	53	175920436	72284
chr5	161747911	161947911	harbor1	chr5	161782103	161782516	LINE/L2	468	+	206	161782309	34398
chr5	161747911	161947911	harbor1	chr5	161796963	161797097	LINE/L2	471	+	67	161797030	49119
chr5	161747911	161947911	harbor1	chr5	161802255	161802424	LINE/L2	423	+	84	161802339	54428
chr5	161747911	161947911	harbor1	chr5	161804778	161805142	LINE/L2	463	+	182	161804960	57049
chr5	161747911	161947911	harbor1	chr5	161806427	161806577	LINE/L2	473	+	75	161806502	58591
chr5	161747911	161947911	harbor1	chr5	161813130	161813180	LINE/L2	981	+	25	161813155	65244
chr5	161747911	161947911	harbor1	chr5	161813481	161813805	LINE/L2	981	+	162	161813643	65732
chr5	93904180	94104180	harbor1	chr5	93960297	93960584	LINE/L2	949	+	144	93960441	56261
chr5	93904180	94104180	harbor1	chr5	93987820	93988556	LINE/L2	756	+	368	93988188	84008
chr5	169152805	169352805	harbor1	chr5	169165593	169165975	LINE/L2	1022	+	191	169165784	12979
chr5	169152805	169352805	harbor1	chr5	169211282	169211616	LINE/L2	1088	+	167	169211449	58644
chr5	169152805	169352805	harbor1	chr5	169213532	169213834	LINE/L2	1003	+	151	169213683	60878
chr5	169152805	169352805	harbor1	chr5	169214884	169215418	LINE/L2	450	+	267	169215151	62346
chr5	166911735	167111735	harbor1	chr5	166916478	166916683	LINE/L2	598	+	102	166916580	4845
chr5	166911735	167111735	harbor1	chr5	166916993	166917172	LINE/L2	598	+	90	166917083	5348
chr5	166911735	167111735	harbor1	chr5	166920729	166921021	LINE/L2	1100	+	146	166920875	9140
chr5	166911735	167111735	harbor1	chr5	166921320	166921372	LINE/L2	1100	+	26	166921346	9611
chr5	166911735	167111735	harbor1	chr5	166921717	166921908	LINE/L2	1100	+	96	166921813	10078
chr5	116615102	116815102	harbor1	chr5	116677252	116677544	LINE/L2	576	+	146	116677398	62296
chr5	149838695	150038695	harbor1	chr5	149863924	149864222	LINE/L2	720	+	149	149864073	25378
chr5	171929045	172129045	harbor1	chr5	171946312	171946805	LINE/L2	1436	+	246	171946558	17513
chr5	171929045	172129045	harbor1	chr5	171947114	171947254	LINE/L2	1436	+	70	171947184	18139
chr5	40293280	40493280	harbor1	chr5	40316003	40316584	LINE/L2	1237	+	290	40316293	23013
chr5	40293280	40493280	harbor1	chr5	40389903	40390316	LINE/L2	1053	+	206	40390109	96829
chr5	40293280	40493280	harbor1	chr5	40304445	40305144	LINE/L2	753	+	350	40304795	11515
chr5	24186286	24386286	harbor1	chr5	24241200	24241281	LINE/L2	825	+	40	24241240	54954
chr5	24186286	24386286	harbor1	chr5	24241574	24241983	LINE/L2	825	+	204	24241778	55492
chr5	24186286	24386286	harbor1	chr5	24242857	24243006	LINE/L2	562	+	74	24242931	56645
chr5	24186286	24386286	harbor1	chr5	24243386	24243696	LINE/L2	562	+	155	24243541	57255
chr5	24186286	24386286	harbor1	chr5	24277115	24277501	LINE/L2	527	+	193	24277308	91022
chr6	7574554	7774554	harbor1	chr6	7607386	7607781	LINE/L2	450	+	198	7607584	33030
chr6	7574554	7774554	harbor1	chr6	7615745	7616365	LINE/L2	2017	+	310	7616055	41501
chr6	7574554	7774554	harbor1	chr6	7616662	7617595	LINE/L2	2017	+	466	7617128	42574
chr6	20161315	20361315	harbor1	chr6	20169895	20170657	LINE/L2	528	+	381	20170276	8961
chr6	20161315	20361315	harbor1	chr6	20170640	20170889	LINE/L2	462	+	124	20170764	9449
chr6	128283216	128483216	harbor1	chr6	128296010	128296325	LINE/L2	446	+	158	128296168	12952
chr6	128283216	128483216	harbor1	chr6	128300919	128301143	LINE/L2	464	+	112	128301031	17815
chr6	128283216	128483216	harbor1	chr6	128330343	128330844	LINE/L2	547	+	250	128330593	47377
chr6	128283216	128483216	harbor1	chr6	128352466	128352727	LINE/L2	558	+	130	128352596	69380
chr6	128283216	128483216	harbor1	chr6	128374168	128375028	LINE/L2	2261	+	430	128374598	91382
chr6	128283216	128483216	harbor1	chr6	128375109	128375207	LINE/L2	503	+	49	128375158	91942
chr6	128283216	128483216	harbor1	chr6	128377524	128377555	LINE/L2	503	+	16	128377540	94324
chr6	126482795	126682795	harbor1	chr6	126542828	126542915	LINE/L2	441	+	44	126542872	60077
chr6	126482795	126682795	harbor1	chr6	126582384	126583132	LINE/L2	1676	+	374	126582758	99963
chr6	70708947	70908947	harbor1	chr6	70723415	70723762	LINE/L2	1001	+	174	70723589	14642
chr6	105233832	105433832	harbor1	chr6	105255009	105255263	LINE/L2	1802	+	127	105255136	21304
chr6	105233832	105433832	harbor1	chr6	105255574	105256274	LINE/L2	1802	+	350	105255924	22092
chr6	105233832	105433832	harbor1	chr6	105310373	105311751	LINE/L2	1840	+	689	105311062	77230
chr6	105233832	105433832	harbor1	chr6	105333789	105333873	LINE/L2	456	+	42	105333831	99999
chr6	109606384	109806384	harbor1	chr6	109609261	109609520	LINE/L2	435	+	130	109609391	3007
chr6	109606384	109806384	harbor1	chr6	109615091	109615407	LINE/L2	757	+	158	109615249	8865
chr6	109606384	109806384	harbor1	chr6	109643461	109644014	LINE/L2	624	+	276	109643737	37353
chr6	109606384	109806384	harbor1	chr6	109703680	109704243	LINE/L2	649	+	282	109703962	97578
chr6	63488918	63688918	harbor1	chr6	63541610	63541922	LINE/L2	427	+	156	63541766	52848
chr6	63488918	63688918	harbor1	chr6	63563032	63563704	LINE/L2	447	+	336	63563368	74450
chr6	125665651	125865651	harbor1	chr6	125682867	125683552	LINE/L2	1081	+	342	125683209	17558
chr6	43090959	43290959	harbor1	chr6	43107542	43107697	LINE/L2	432	+	78	43107620	16661
chr6	150161979	150361979	harbor1	chr6	150190080	150190434	LINE/L2	1904	+	177	150190257	28278
chr6	150161979	150361979	harbor1	chr6	150190724	150191421	LINE/L2	1904	+	348	150191072	29093
chr6	150161979	150361979	harbor1	chr6	150205844	150206127	LINE/L2	448	+	142	150205986	44007
chr6	150161979	150361979	harbor1	chr6	150206152	150206420	LINE/L2	980	+	134	150206286	44307
chr6	150161979	150361979	harbor1	chr6	150244207	150244412	LINE/L2	436	+	102	150244309	82330
chr6	150161979	150361979	harbor1	chr6	150245020	150245450	LINE/L2	609	+	215	150245235	83256
chr6	4441046	4641046	harbor1	chr6	4509018	4509205	LINE/L2	521	+	94	4509112	68066
chr6	4441046	4641046	harbor1	chr6	4509572	4509598	LINE/L2	521	+	13	4509585	68539
chr6	4441046	4641046	harbor1	chr6	4513096	4513361	LINE/L2	549	+	132	4513228	72182
chr6	121853841	122053841	harbor1	chr6	121855807	121856001	LINE/L2	539	+	97	121855904	2063
chr6	67977629	68177629	harbor1	chr6	68008618	68008971	LINE/L2	518	+	176	68008794	31165
chr6	67977629	68177629	harbor1	chr6	68027509	68028215	LINE/L2	1020	+	353	68027862	50233
chr6	36532897	36732897	harbor1	chr6	36560446	36560756	LINE/L2	560	+	155	36560601	27704
chr6	25776004	25976004	harbor1	chr6	25792655	25793236	LINE/L2	879	+	290	25792945	16941
chr6	25776004	25976004	harbor1	chr6	25796907	25797268	LINE/L2	482	+	180	25797087	21083
chr6	25776004	25976004	harbor1	chr6	25858216	25858676	LINE/L2	860	+	230	25858446	82442
chr6	25776004	25976004	harbor1	chr6	25866996	25867427	LINE/L2	865	+	216	25867212	91208
chr6	86122732	86322732	harbor1	chr6	86125187	86125484	LINE/L2	663	+	148	86125335	2603
chr6	86122732	86322732	harbor1	chr6	86125564	86125800	LINE/L2	545	+	118	86125682	2950
chr6	86122732	86322732	harbor1	chr6	86126890	86127091	LINE/L2	512	+	100	86126990	4258
chr6	86122732	86322732	harbor1	chr6	86157028	86157167	LINE/L2	464	+	70	86157098	34366
chr6	86122732	86322732	harbor1	chr6	86173272	86173797	LINE/L2	1335	+	262	86173534	50802
chr6	120948150	121148150	harbor1	chr6	120948289	120949499	LINE/L2	2312	+	605	120948894	744
chr6	120948150	121148150	harbor1	chr6	120973901	120974126	LINE/L2	602	+	112	120974013	25863
chr6	120948150	121148150	harbor1	chr6	120974625	120975755	LINE/L2	713	+	565	120975190	27040
chr6	120948150	121148150	harbor1	chr6	121012651	121012733	LINE/L2	439	+	41	121012692	64542
chr6	116620103	116820103	harbor1	chr6	116662544	116663406	LINE/L2	1125	+	431	116662975	42872
chr6	112084800	112284800	harbor1	chr6	112159034	112159465	LINE/L2	500	+	216	112159250	74450
chr6	112084800	112284800	harbor1	chr6	112160952	112161362	LINE/L2	597	+	205	112161157	76357
chr6	112084800	112284800	harbor1	chr6	112181190	112181816	LINE/L2	586	+	313	112181503	96703
chr6	164027340	164227340	harbor1	chr6	164123679	164123920	LINE/L2	431	+	120	164123799	96459
chr6	164027340	164227340	harbor1	chr6	164124238	164124409	LINE/L2	431	+	86	164124324	96984
chr6	22726312	22926312	harbor1	chr6	22742235	22742950	LINE/L2	552	+	358	22742593	16281
chr6	22726312	22926312	harbor1	chr6	22757573	22757918	LINE/L2	483	+	172	22757745	31433
chr6	63082852	63282852	harbor1	chr6	63175307	63175717	LINE/L2	434	+	205	63175512	92660
chr6	86439643	86639643	harbor1	chr6	86533780	86533889	LINE/L2	455	+	54	86533834	94191
chr6	126195301	126395301	harbor1	chr6	126209873	126209981	LINE/L2	483	+	54	126209927	14626
chr6	126195301	126395301	harbor1	chr6	126210595	126210862	LINE/L2	483	+	134	126210729	15428
chr6	126195301	126395301	harbor1	chr6	126248513	126248775	LINE/L2	453	+	131	126248644	53343
chr6	126195301	126395301	harbor1	chr6	126286732	126286942	LINE/L2	658	+	105	126286837	91536
chr6	126195301	126395301	harbor1	chr6	126286970	126287633	LINE/L2	658	+	332	126287302	92001
chr6	126195301	126395301	harbor1	chr6	126288779	126289256	LINE/L2	782	+	238	126289017	93716
chr6	135031307	135231307	harbor1	chr6	135060816	135061312	LINE/L2	503	+	248	135061064	29757
chr6	135031307	135231307	harbor1	chr6	135076923	135077312	LINE/L2	433	+	194	135077117	45810
chr6	135031307	135231307	harbor1	chr6	135088322	135088585	LINE/L2	432	+	132	135088454	57147
chr6	64986850	65186850	harbor1	chr6	65062099	65063050	LINE/L2	526	+	476	65062575	75725
chr6	64986850	65186850	harbor1	chr6	65068880	65070404	LINE/L2	792	+	762	65069642	82792
chr6	18038607	18238607	harbor1	chr6	18055996	18056431	LINE/L2	1093	+	218	18056214	17607
chr6	18038607	18238607	harbor1	chr6	18056750	18056829	LINE/L2	1093	+	40	18056790	18183
chr6	70313575	70513575	harbor1	chr6	70411136	70411353	LINE/L2	457	+	108	70411244	97669
chr6	7526584	7726584	harbor1	chr6	7607386	7607781	LINE/L2	450	+	198	7607584	81000
chr6	7526584	7726584	harbor1	chr6	7615745	7616365	LINE/L2	2017	+	310	7616055	89471
chr6	7526584	7726584	harbor1	chr6	7616662	7617595	LINE/L2	2017	+	466	7617128	90544
chr6	57063399	57263399	harbor1	chr6	57129948	57130158	LINE/L2	477	+	105	57130053	66654
chr6	57063399	57263399	harbor1	chr6	57163238	57163435	LINE/L2	451	+	98	57163336	99937
chr6	83689592	83889592	harbor1	chr6	83696613	83696919	LINE/L2	423	+	153	83696766	7174
chr6	83689592	83889592	harbor1	chr6	83724094	83724273	LINE/L2	422	+	90	83724184	34592
chr6	83689592	83889592	harbor1	chr6	83768415	83768921	LINE/L2	424	+	253	83768668	79076
chr6	12391601	12591601	harbor1	chr6	12429709	12430106	LINE/L2	1051	+	198	12429907	38306
chr6	12391601	12591601	harbor1	chr6	12446693	12447192	LINE/L2	521	+	250	12446943	55342
chr6	12391601	12591601	harbor1	chr6	12464920	12465885	LINE/L2	1711	+	482	12465402	73801
chr6	12391601	12591601	harbor1	chr6	12471116	12471575	LINE/L2	1021	+	230	12471346	79745
chr6	107500963	107700963	harbor1	chr6	107558816	107559091	LINE/L2	559	+	138	107558954	57991
chr6	39730097	39930097	harbor1	chr6	39732416	39733246	LINE/L2	790	+	415	39732831	2734
chr6	39730097	39930097	harbor1	chr6	39754659	39755007	LINE/L2	650	+	174	39754833	24736
chr6	39730097	39930097	harbor1	chr6	39778027	39778273	LINE/L2	590	+	123	39778150	48053
chr6	39730097	39930097	harbor1	chr6	39797755	39797872	LINE/L2	452	+	58	39797813	67716
chr6	83763171	83963171	harbor1	chr6	83768415	83768921	LINE/L2	424	+	253	83768668	5497
chr6	83763171	83963171	harbor1	chr6	83845065	83845370	LINE/L2	735	+	152	83845217	82046
chr6	83763171	83963171	harbor1	chr6	83847804	83847925	LINE/L2	458	+	60	83847864	84693
chr6	83763171	83963171	harbor1	chr6	83850550	83851019	LINE/L2	438	+	234	83850784	87613
chr6	34495959	34695959	harbor1	chr6	34510191	34510713	LINE/L2	839	+	261	34510452	14493
chr6	34495959	34695959	harbor1	chr6	34511007	34511184	LINE/L2	820	+	88	34511095	15136
chr6	34495959	34695959	harbor1	chr6	34513030	34513150	LINE/L2	514	+	60	34513090	17131
chr6	34495959	34695959	harbor1	chr6	34517016	34517897	LINE/L2	1692	+	440	34517456	21497
chr6	34495959	34695959	harbor1	chr6	34578902	34579047	LINE/L2	788	+	72	34578974	83015
chr6	34495959	34695959	harbor1	chr6	34579476	34579723	LINE/L2	788	+	124	34579600	83641
chr6	34495959	34695959	harbor1	chr6	34584519	34585250	LINE/L2	1044	+	366	34584885	88926
chr6	109763746	109963746	harbor1	chr6	109771177	109771461	LINE/L2	788	+	142	109771319	7573
chr6	109763746	109963746	harbor1	chr6	109771723	109772452	LINE/L2	1385	+	364	109772087	8341
chr6	109763746	109963746	harbor1	chr6	109773373	109773670	LINE/L2	1385	+	148	109773521	9775
chr6	51569033	51769033	harbor1	chr6	51646597	51647112	LINE/L2	821	+	258	51646855	77822
chr6	149647378	149847378	harbor1	chr6	149691455	149692189	LINE/L2	465	+	367	149691822	44444
chr6	149647378	149847378	harbor1	chr6	149728652	149728969	LINE/L2	557	+	158	149728810	81432
chr6	71201362	71401362	harbor1	chr6	71201518	71201657	LINE/L2	496	+	70	71201588	226
chr6	71201362	71401362	harbor1	chr6	71227187	71227418	LINE/L2	423	+	116	71227303	25941
chr6	71201362	71401362	harbor1	chr6	71227423	71228118	LINE/L2	1058	+	348	71227771	26409
chr6	71201362	71401362	harbor1	chr6	71245088	71245339	LINE/L2	566	+	126	71245214	43852
chr6	152402005	152602005	harbor1	chr6	152405926	152406117	LINE/L2	465	+	96	152406022	4017
chr6	152402005	152602005	harbor1	chr6	152415277	152415655	LINE/L2	598	+	189	152415466	13461
chr6	152402005	152602005	harbor1	chr6	152423468	152424173	LINE/L2	792	+	352	152423820	21815
chr6	152402005	152602005	harbor1	chr6	152475914	152476550	LINE/L2	1811	+	318	152476232	74227
chr6	152402005	152602005	harbor1	chr6	152477520	152477769	LINE/L2	783	+	124	152477644	75639
chr6	62572607	62772607	harbor1	chr6	62616651	62617018	LINE/L2	1319	+	184	62616835	44228
chr6	62572607	62772607	harbor1	chr6	62617904	62618645	LINE/L2	1319	+	370	62618274	45667
chr6	62572607	62772607	harbor1	chr6	62639493	62640048	LINE/L2	904	+	278	62639771	67164
chr6	62572607	62772607	harbor1	chr6	62602912	62603289	LINE/L2	486	+	188	62603100	30493
chr6	17125487	17325487	harbor1	chr6	17156425	17156571	LINE/L2	688	+	73	17156498	31011
chr6	17125487	17325487	harbor1	chr6	17156702	17157456	LINE/L2	3311	+	377	17157079	31592
chr6	17125487	17325487	harbor1	chr6	17157839	17158516	LINE/L2	3311	+	338	17158177	32690
chr6	17125487	17325487	harbor1	chr6	17159115	17159361	LINE/L2	1060	+	123	17159238	33751
chr6	46871561	47071561	harbor1	chr6	46924442	46925472	LINE/L2	2468	+	515	46924957	53396
chr6	46871561	47071561	harbor1	chr6	46930662	46930770	LINE/L2	506	+	54	46930716	59155
chr6	46871561	47071561	harbor1	chr6	46931069	46931697	LINE/L2	506	+	314	46931383	59822
chr6	83840575	84040575	harbor1	chr6	83845065	83845370	LINE/L2	735	+	152	83845217	4642
chr6	83840575	84040575	harbor1	chr6	83847804	83847925	LINE/L2	458	+	60	83847864	7289
chr6	83840575	84040575	harbor1	chr6	83850550	83851019	LINE/L2	438	+	234	83850784	10209
chr6	83840575	84040575	harbor1	chr6	83921857	83921998	LINE/L2	527	+	70	83921927	81352
chr6	154414077	154614077	harbor1	chr6	154439070	154439340	LINE/L2	483	+	135	154439205	25128
chr6	154414077	154614077	harbor1	chr6	154491981	154492488	LINE/L2	1722	+	254	154492235	78158
chr6	154414077	154614077	harbor1	chr6	154492776	154493140	LINE/L2	1722	+	182	154492958	78881
chr6	154414077	154614077	harbor1	chr6	154493156	154493484	LINE/L2	568	+	164	154493320	79243
chr6	154414077	154614077	harbor1	chr6	154501222	154501718	LINE/L2	591	+	248	154501470	87393
chr6	150473108	150673108	harbor1	chr6	150543199	150543769	LINE/L2	1007	+	285	150543484	70376
chr6	150473108	150673108	harbor1	chr6	150571485	150571916	LINE/L2	797	+	216	150571701	98593
chr6	150473108	150673108	harbor1	chr6	150572229	150572393	LINE/L2	797	+	82	150572311	99203
chr6	77437407	77637407	harbor1	chr6	77514115	77514494	LINE/L2	2566	+	190	77514305	76898
chr6	77437407	77637407	harbor1	chr6	77515199	77515640	LINE/L2	2566	+	220	77515419	78012
chr6	77437407	77637407	harbor1	chr6	77515926	77516022	LINE/L2	2566	+	48	77515974	78567
chr6	77437407	77637407	harbor1	chr6	77516432	77517135	LINE/L2	1107	+	352	77516784	79377
chr6	152414955	152614955	harbor1	chr6	152415277	152415655	LINE/L2	598	+	189	152415466	511
chr6	152414955	152614955	harbor1	chr6	152423468	152424173	LINE/L2	792	+	352	152423820	8865
chr6	152414955	152614955	harbor1	chr6	152475914	152476550	LINE/L2	1811	+	318	152476232	61277
chr6	152414955	152614955	harbor1	chr6	152477520	152477769	LINE/L2	783	+	124	152477644	62689
chr6	153304996	153504996	harbor1	chr6	153310903	153312403	LINE/L2	3222	+	750	153311653	6657
chr6	158258918	158458918	harbor1	chr6	158273233	158273642	LINE/L2	639	+	204	158273437	14519
chr6	158258918	158458918	harbor1	chr6	158274327	158274494	LINE/L2	428	+	84	158274411	15493
chr6	158258918	158458918	harbor1	chr6	158274802	158274865	LINE/L2	428	+	32	158274834	15916
chr6	158258918	158458918	harbor1	chr6	158321070	158321729	LINE/L2	476	+	330	158321400	62482
chr6	146198027	146398027	harbor1	chr6	146239373	146239549	LINE/L2	430	+	88	146239461	41434
chr6	146198027	146398027	harbor1	chr6	146251692	146252220	LINE/L2	1037	+	264	146251956	53929
chr6	146198027	146398027	harbor1	chr6	146282108	146282487	LINE/L2	728	+	190	146282298	84271
chr6	146198027	146398027	harbor1	chr6	146285186	146285597	LINE/L2	450	+	206	146285392	87365
chr6	17858844	18058844	harbor1	chr6	17918665	17919047	LINE/L2	591	+	191	17918856	60012
chr6	62118920	62318920	harbor1	chr6	62202934	62203079	LINE/L2	420	+	72	62203006	84086
chr6	51541284	51741284	harbor1	chr6	51544925	51545505	LINE/L2	1400	+	290	51545215	3931
chr6	56356147	56556147	harbor1	chr6	56410233	56411321	LINE/L2	2579	+	544	56410777	54630
chr6	56356147	56556147	harbor1	chr6	56411625	56411807	LINE/L2	2579	+	91	56411716	55569
chr6	56356147	56556147	harbor1	chr6	56412102	56412551	LINE/L2	2579	+	224	56412326	56179
chr6	153802596	154002596	harbor1	chr6	153828408	153828786	LINE/L2	445	+	189	153828597	26001
chr6	153802596	154002596	harbor1	chr6	153848986	153849213	LINE/L2	458	+	114	153849100	46504
chr6	22547808	22747808	harbor1	chr6	22552359	22552938	LINE/L2	1011	+	290	22552649	4841
chr6	22547808	22747808	harbor1	chr6	22594709	22595579	LINE/L2	741	+	435	22595144	47336
chr6	22547808	22747808	harbor1	chr6	22596322	22596459	LINE/L2	487	+	68	22596390	48582
chr6	22547808	22747808	harbor1	chr6	22602016	22602533	LINE/L2	603	+	258	22602274	54466
chr6	131062950	131262950	harbor1	chr6	131097917	131098454	LINE/L2	1378	+	268	131098185	35235
chr6	131062950	131262950	harbor1	chr6	131098767	131098951	LINE/L2	890	+	92	131098859	35909
chr6	80811391	81011391	harbor1	chr6	80826354	80827271	LINE/L2	1905	+	458	80826812	15421
chr6	6002112	6202112	harbor1	chr6	6092856	6093460	LINE/L2	1197	+	302	6093158	91046
chr6	158827230	159027230	harbor1	chr6	158842813	158843158	LINE/L2	761	+	172	158842985	15755
chr6	80560341	80760341	harbor1	chr6	80596139	80596435	LINE/L2	519	+	148	80596287	35946
chr6	68244425	68444425	harbor1	chr6	68340330	68340840	LINE/L2	1134	+	255	68340585	96160
chr6	107052290	107252290	harbor1	chr6	107121992	107122112	LINE/L2	567	+	60	107122052	69762
chr6	107052290	107252290	harbor1	chr6	107123129	107123293	LINE/L2	567	+	82	107123211	70921
chr6	76715932	76915932	harbor1	chr6	76716232	76717748	LINE/L2	2471	+	758	76716990	1058
chr6	76715932	76915932	harbor1	chr6	76784559	76785272	LINE/L2	1152	+	356	76784915	68983
chr6	123106710	123306710	harbor1	chr6	123131002	123131119	LINE/L2	434	+	58	123131060	24350
chr6	54638971	54838971	harbor1	chr6	54654507	54654741	LINE/L2	780	+	117	54654624	15653
chr6	54638971	54838971	harbor1	chr6	54654771	54654987	LINE/L2	780	+	108	54654879	15908
chr6	54638971	54838971	harbor1	chr6	54655050	54655728	LINE/L2	780	+	339	54655389	16418
chr6	67837123	68037123	harbor1	chr6	67936087	67936600	LINE/L2	572	+	256	67936343	99220
chr6	52398660	52598660	harbor1	chr6	52400551	52400911	LINE/L2	606	+	180	52400731	2071
chr6	52398660	52598660	harbor1	chr6	52427025	52427716	LINE/L2	532	+	346	52427371	28711
chr6	52398660	52598660	harbor1	chr6	52435038	52435397	LINE/L2	912	+	180	52435218	36558
chr6	52398660	52598660	harbor1	chr6	52464288	52464516	LINE/L2	473	+	114	52464402	65742
chr6	52398660	52598660	harbor1	chr6	52466254	52466663	LINE/L2	603	+	204	52466458	67798
chr6	104129804	104329804	harbor1	chr6	104155439	104155916	LINE/L2	828	+	238	104155677	25873
chr6	104129804	104329804	harbor1	chr6	104160174	104160285	LINE/L2	453	+	56	104160230	30426
chr6	104129804	104329804	harbor1	chr6	104178941	104179338	LINE/L2	857	+	198	104179139	49335
chr6	104129804	104329804	harbor1	chr6	104179662	104179879	LINE/L2	587	+	108	104179770	49966
chr6	157157173	157357173	harbor1	chr6	157160281	157160682	LINE/L2	535	+	200	157160481	3308
chr6	133795859	133995859	harbor1	chr6	133815234	133815813	LINE/L2	438	+	290	133815524	19665
chr6	133795859	133995859	harbor1	chr6	133822644	133823394	LINE/L2	1826	+	375	133823019	27160
chr6	133795859	133995859	harbor1	chr6	133824154	133824442	LINE/L2	1745	+	144	133824298	28439
chr6	133795859	133995859	harbor1	chr6	133824820	133825089	LINE/L2	1745	+	134	133824954	29095
chr6	133795859	133995859	harbor1	chr6	133825708	133826324	LINE/L2	1745	+	308	133826016	30157
chr6	108815922	109015922	harbor1	chr6	108875343	108875793	LINE/L2	571	+	225	108875568	59646
chr6	167796336	167996336	harbor1	chr6	167847082	167848079	LINE/L2	1555	+	498	167847580	51244
chr6	167796336	167996336	harbor1	chr6	167878636	167879137	LINE/L2	514	+	250	167878886	82550
chr6	98615847	98815847	harbor1	chr6	98655360	98655895	LINE/L2	1460	+	268	98655628	39781
chr6	98615847	98815847	harbor1	chr6	98656178	98656672	LINE/L2	1184	+	247	98656425	40578
chr6	98615847	98815847	harbor1	chr6	98693299	98693333	LINE/L2	460	+	17	98693316	77469
chr6	98615847	98815847	harbor1	chr6	98693784	98693907	LINE/L2	460	+	62	98693846	77999
chr6	98615847	98815847	harbor1	chr6	98709811	98710525	LINE/L2	673	+	357	98710168	94321
chr6	136687181	136887181	harbor1	chr6	136699110	136699612	LINE/L2	678	+	251	136699361	12180
chr6	30139090	30339090	harbor1	chr6	30166842	30167132	LINE/L2	508	+	145	30166987	27897
chr6	30139090	30339090	harbor1	chr6	30207673	30208110	LINE/L2	648	+	218	30207891	68801
chr6	30139090	30339090	harbor1	chr6	30210974	30211102	LINE/L2	506	+	64	30211038	71948
chr6	30139090	30339090	harbor1	chr6	30219662	30219837	LINE/L2	492	+	88	30219750	80660
chr6	30139090	30339090	harbor1	chr6	30220160	30220282	LINE/L2	492	+	61	30220221	81131
chr6	60574882	60774882	harbor1	chr6	60595708	60596150	LINE/L2	1128	+	221	60595929	21047
chr6	60574882	60774882	harbor1	chr6	60596494	60596784	LINE/L2	1128	+	145	60596639	21757
chr6	60574882	60774882	harbor1	chr6	60664106	60664276	LINE/L2	491	+	85	60664191	89309
chr6	125713762	125913762	harbor1	chr6	125769187	125769738	LINE/L2	571	+	276	125769463	55701
chr6	40584416	40784416	harbor1	chr6	40676613	40676816	LINE/L2	492	+	102	40676715	92299
chr6	80717104	80917104	harbor1	chr6	80750759	80751280	LINE/L2	608	+	260	80751019	33915
chr6	80717104	80917104	harbor1	chr6	80751790	80752822	LINE/L2	775	+	516	80752306	35202
chr6	82061012	82261012	harbor1	chr6	82119086	82119657	LINE/L2	557	+	286	82119372	58360
chr6	82061012	82261012	harbor1	chr6	82134193	82134948	LINE/L2	1251	+	378	82134571	73559
chr6	82061012	82261012	harbor1	chr6	82135906	82135944	LINE/L2	1264	+	19	82135925	74913
chr6	82061012	82261012	harbor1	chr6	82136282	82136847	LINE/L2	1264	+	282	82136564	75552
chr6	82061012	82261012	harbor1	chr6	82138016	82138960	LINE/L2	434	+	472	82138488	77476
chr6	49235875	49435875	harbor1	chr6	49270941	49271295	LINE/L2	504	+	177	49271118	35243
chr6	49235875	49435875	harbor1	chr6	49297424	49297454	LINE/L2	660	+	15	49297439	61564
chr6	49235875	49435875	harbor1	chr6	49298214	49298651	LINE/L2	660	+	218	49298432	62557
chr6	129617422	129817422	harbor1	chr6	129704504	129705029	LINE/L2	625	+	262	129704766	87344
chr6	118119946	118319946	harbor1	chr6	118150958	118151463	LINE/L2	488	+	252	118151210	31264
chr6	124262984	124462984	harbor1	chr6	124320540	124320676	LINE/L2	420	+	68	124320608	57624
chr6	170682777	170882777	harbor1	chr6	170692783	170692984	LINE/L2	510	+	100	170692883	10106
chr6	77132138	77332138	harbor1	chr6	77204237	77204782	LINE/L2	553	+	272	77204509	72371
chr6	111841449	112041449	harbor1	chr6	111891293	111891499	LINE/L2	507	+	103	111891396	49947
chr6	111841449	112041449	harbor1	chr6	111902251	111902593	LINE/L2	689	+	171	111902422	60973
chr6	43641333	43841333	harbor1	chr6	43688227	43688607	LINE/L2	633	+	190	43688417	47084
chr6	54744822	54944822	harbor1	chr6	54766332	54766752	LINE/L2	623	+	210	54766542	21720
chr6	54744822	54944822	harbor1	chr6	54767056	54767151	LINE/L2	623	+	48	54767104	22282
chr6	54744822	54944822	harbor1	chr6	54817639	54818072	LINE/L2	1451	+	216	54817855	73033
chr6	98437313	98637313	harbor1	chr6	98443217	98443545	LINE/L2	774	+	164	98443381	6068
chr6	98437313	98637313	harbor1	chr6	98444167	98444420	LINE/L2	2989	+	126	98444293	6980
chr6	98437313	98637313	harbor1	chr6	98444758	98445508	LINE/L2	2989	+	375	98445133	7820
chr6	98437313	98637313	harbor1	chr6	98446888	98447815	LINE/L2	1338	+	464	98447352	10039
chr6	98437313	98637313	harbor1	chr6	98501190	98501386	LINE/L2	723	+	98	98501288	63975
chr6	14268936	14468936	harbor1	chr6	14277421	14278108	LINE/L2	990	+	344	14277765	8829
chr6	61765722	61965722	harbor1	chr6	61822022	61822541	LINE/L2	619	+	260	61822282	56560
chr6	61765722	61965722	harbor1	chr6	61838669	61839108	LINE/L2	483	+	220	61838889	73167
chr6	121930625	122130625	harbor1	chr6	122001715	122001910	LINE/L2	644	+	98	122001813	71188
chr6	121930625	122130625	harbor1	chr6	122002538	122003162	LINE/L2	987	+	312	122002850	72225
chr6	49667690	49867690	harbor1	chr6	49669547	49670443	LINE/L2	1513	+	448	49669995	2305
chr6	49667690	49867690	harbor1	chr6	49725912	49726252	LINE/L2	425	+	170	49726082	58392
chr6	49667690	49867690	harbor1	chr6	49726374	49726665	LINE/L2	561	+	146	49726520	58830
chr6	152447208	152647208	harbor1	chr6	152475914	152476550	LINE/L2	1811	+	318	152476232	29024
chr6	152447208	152647208	harbor1	chr6	152477520	152477769	LINE/L2	783	+	124	152477644	30436
chr6	152447208	152647208	harbor1	chr6	152533465	152533696	LINE/L2	1047	+	116	152533581	86373
chr6	152447208	152647208	harbor1	chr6	152533696	152533856	LINE/L2	512	+	80	152533776	86568
chr6	81009011	81209011	harbor1	chr6	81035907	81036200	LINE/L2	1207	+	146	81036053	27042
chr6	81009011	81209011	harbor1	chr6	81035184	81035607	LINE/L2	1207	+	212	81035396	26385
chr6	87397046	87597046	harbor1	chr6	87403564	87403829	LINE/L2	496	+	132	87403696	6650
chr6	87397046	87597046	harbor1	chr6	87432989	87433374	LINE/L2	658	+	192	87433181	36135
chr6	67687777	67887777	harbor1	chr6	67775162	67775440	LINE/L2	498	+	139	67775301	87524
chr6	110621265	110821265	harbor1	chr6	110678216	110678643	LINE/L2	767	+	214	110678430	57165
chr6	110621265	110821265	harbor1	chr6	110679809	110679955	LINE/L2	665	+	73	110679882	58617
chr6	110621265	110821265	harbor1	chr6	110685260	110685594	LINE/L2	491	+	167	110685427	64162
chr6	102495215	102695215	harbor1	chr6	102529372	102529977	LINE/L2	630	+	302	102529674	34459
chr6	102495215	102695215	harbor1	chr6	102557863	102558865	LINE/L2	1972	+	501	102558364	63149
chr6	102495215	102695215	harbor1	chr6	102559251	102560350	LINE/L2	1972	+	550	102559801	64586
chr6	158218147	158418147	harbor1	chr6	158273233	158273642	LINE/L2	639	+	204	158273437	55290
chr6	158218147	158418147	harbor1	chr6	158274327	158274494	LINE/L2	428	+	84	158274411	56264
chr6	158218147	158418147	harbor1	chr6	158274802	158274865	LINE/L2	428	+	32	158274834	56687
chr6	113826200	114026200	harbor1	chr6	113851310	113851763	LINE/L2	536	+	226	113851536	25336
chr6	113826200	114026200	harbor1	chr6	113853252	113853585	LINE/L2	843	+	166	113853418	27218
chr6	113826200	114026200	harbor1	chr6	113886096	113886340	LINE/L2	566	+	122	113886218	60018
chr6	113826200	114026200	harbor1	chr6	113852336	113853078	LINE/L2	1015	+	371	113852707	26507
chr6	166497020	166697020	harbor1	chr6	166543413	166543778	LINE/L2	715	+	182	166543595	46575
chr6	22345476	22545476	harbor1	chr6	22369564	22369744	LINE/L2	512	+	90	22369654	24178
chr6	22345476	22545476	harbor1	chr6	22370038	22370197	LINE/L2	512	+	80	22370118	24642
chr6	69606676	69806676	harbor1	chr6	69628035	69628276	LINE/L2	527	+	120	69628155	21479
chr6	69606676	69806676	harbor1	chr6	69648503	69648813	LINE/L2	1223	+	155	69648658	41982
chr6	69606676	69806676	harbor1	chr6	69649114	69649590	LINE/L2	1223	+	238	69649352	42676
chr6	69606676	69806676	harbor1	chr6	69686586	69686793	LINE/L2	1102	+	104	69686690	80014
chr6	69606676	69806676	harbor1	chr6	69687003	69687503	LINE/L2	1197	+	250	69687253	80577
chr6	69606676	69806676	harbor1	chr6	69690182	69690378	LINE/L2	555	+	98	69690280	83604
chr6	132544741	132744741	harbor1	chr6	132549537	132549899	LINE/L2	506	+	181	132549718	4977
chr6	132544741	132744741	harbor1	chr6	132593183	132593425	LINE/L2	537	+	121	132593304	48563
chr6	8421512	8621512	harbor1	chr6	8432845	8433188	LINE/L2	648	+	172	8433017	11505
chr6	8421512	8621512	harbor1	chr6	8436875	8437282	LINE/L2	579	+	204	8437079	15567
chr6	40313388	40513388	harbor1	chr6	40335475	40335679	LINE/L2	549	+	102	40335577	22189
chr6	40313388	40513388	harbor1	chr6	40403714	40404401	LINE/L2	1268	+	344	40404058	90670
chr6	40313388	40513388	harbor1	chr6	40411497	40411955	LINE/L2	990	+	229	40411726	98338
chr6	166289202	166489202	harbor1	chr6	166289633	166289959	LINE/L2	670	+	163	166289796	594
chr6	166289202	166489202	harbor1	chr6	166339363	166340854	LINE/L2	2178	+	746	166340109	50907
chr7	80221462	80421462	harbor1	chr7	80261736	80262346	LINE/L2	684	+	305	80262041	40579
chr7	86714089	86914089	harbor1	chr7	86789969	86790267	LINE/L2	441	+	149	86790118	76029
chr7	86714089	86914089	harbor1	chr7	86790284	86791101	LINE/L2	1271	+	408	86790692	76603
chr7	56277253	56477253	harbor1	chr7	56296139	56296241	LINE/L2	2933	+	51	56296190	18937
chr7	56277253	56477253	harbor1	chr7	56296530	56296756	LINE/L2	2933	+	113	56296643	19390
chr7	56277253	56477253	harbor1	chr7	56297078	56297932	LINE/L2	2933	+	427	56297505	20252
chr7	56277253	56477253	harbor1	chr7	56298429	56299076	LINE/L2	2933	+	324	56298753	21500
chr7	56277253	56477253	harbor1	chr7	56299357	56299520	LINE/L2	2933	+	82	56299439	22186
chr7	56277253	56477253	harbor1	chr7	56305890	56306154	LINE/L2	728	+	132	56306022	28769
chr7	56277253	56477253	harbor1	chr7	56306456	56306512	LINE/L2	728	+	28	56306484	29231
chr7	51161352	51361352	harbor1	chr7	51260918	51261465	LINE/L2	606	+	274	51261192	99840
chr7	122423496	122623496	harbor1	chr7	122454805	122455585	LINE/L2	835	+	390	122455195	31699
chr7	54222229	54422229	harbor1	chr7	54244825	54245760	LINE/L2	1106	+	468	54245293	23064
chr7	54222229	54422229	harbor1	chr7	54245987	54246372	LINE/L2	585	+	192	54246179	23950
chr7	43428129	43628129	harbor1	chr7	43504034	43504844	LINE/L2	736	+	405	43504439	76310
chr7	72417129	72617129	harbor1	chr7	72441719	72442389	LINE/L2	1908	+	335	72442054	24925
chr7	72417129	72617129	harbor1	chr7	72443097	72443341	LINE/L2	558	+	122	72443219	26090
chr7	72417129	72617129	harbor1	chr7	72457285	72457623	LINE/L2	475	+	169	72457454	40325
chr7	55859347	56059347	harbor1	chr7	55916129	55916638	LINE/L2	846	+	254	55916383	57036
chr7	105424269	105624269	harbor1	chr7	105436291	105436431	LINE/L2	567	+	70	105436361	12092
chr7	14407201	14607201	harbor1	chr7	14423806	14424470	LINE/L2	800	+	332	14424138	16937
chr7	82707805	82907805	harbor1	chr7	82783977	82784442	LINE/L2	871	+	232	82784209	76404
chr7	139560079	139760079	harbor1	chr7	139623768	139624027	LINE/L2	447	+	130	139623898	63819
chr7	139560079	139760079	harbor1	chr7	139635894	139636360	LINE/L2	1583	+	233	139636127	76048
chr7	139560079	139760079	harbor1	chr7	139636779	139637721	LINE/L2	1583	+	471	139637250	77171
chr7	139560079	139760079	harbor1	chr7	139624323	139625176	LINE/L2	447	+	426	139624749	64670
chr7	80070013	80270013	harbor1	chr7	80091399	80092086	LINE/L2	1315	+	344	80091743	21730
chr7	80070013	80270013	harbor1	chr7	80119278	80119976	LINE/L2	915	+	349	80119627	49614
chr7	80070013	80270013	harbor1	chr7	80120026	80120757	LINE/L2	915	+	366	80120392	50379
chr7	27595592	27795592	harbor1	chr7	27611804	27612117	LINE/L2	466	+	156	27611960	16368
chr7	134998339	135198339	harbor1	chr7	135082871	135083355	LINE/L2	469	+	242	135083113	84774
chr7	29054835	29254835	harbor1	chr7	29073096	29073869	LINE/L2	1002	+	386	29073482	18647
chr7	29054835	29254835	harbor1	chr7	29084152	29084612	LINE/L2	685	+	230	29084382	29547
chr7	29054835	29254835	harbor1	chr7	29118813	29119114	LINE/L2	528	+	150	29118963	64128
chr7	129748223	129948223	harbor1	chr7	129807669	129808101	LINE/L2	614	+	216	129807885	59662
chr7	129748223	129948223	harbor1	chr7	129808445	129808471	LINE/L2	614	+	13	129808458	60235
chr7	86558972	86758972	harbor1	chr7	86623534	86623871	LINE/L2	552	+	168	86623702	64730
chr7	113615979	113815979	harbor1	chr7	113706180	113706687	LINE/L2	1187	+	254	113706434	90455
chr7	105787914	105987914	harbor1	chr7	105832606	105833441	LINE/L2	1194	+	418	105833024	45110
chr7	105787914	105987914	harbor1	chr7	105868002	105868387	LINE/L2	495	+	192	105868194	80280
chr7	35659459	35859459	harbor1	chr7	35679683	35680125	LINE/L2	1182	+	221	35679904	20445
chr7	35659459	35859459	harbor1	chr7	35680442	35680943	LINE/L2	1182	+	250	35680692	21233
chr7	149281048	149481048	harbor1	chr7	149302441	149302692	LINE/L2	1001	+	126	149302567	21519
chr7	149281048	149481048	harbor1	chr7	149302987	149303110	LINE/L2	1001	+	62	149303049	22001
chr7	149281048	149481048	harbor1	chr7	149328921	149329446	LINE/L2	1020	+	262	149329183	48135
chr7	102140751	102340751	harbor1	chr7	102177568	102177883	LINE/L2	659	+	158	102177726	36975
chr7	102140751	102340751	harbor1	chr7	102178202	102178276	LINE/L2	659	+	37	102178239	37488
chr7	8868392	9068392	harbor1	chr7	8938590	8938764	LINE/L2	473	+	87	8938677	70285
chr7	8868392	9068392	harbor1	chr7	8939546	8940268	LINE/L2	866	+	361	8939907	71515
chr7	8868392	9068392	harbor1	chr7	8947245	8947928	LINE/L2	895	+	342	8947587	79195
chr7	132222910	132422910	harbor1	chr7	132228842	132229144	LINE/L2	525	+	151	132228993	6083
chr7	132222910	132422910	harbor1	chr7	132272422	132273080	LINE/L2	683	+	329	132272751	49841
chr7	132222910	132422910	harbor1	chr7	132275818	132276205	LINE/L2	556	+	194	132276012	53102
chr7	132222910	132422910	harbor1	chr7	132291068	132291554	LINE/L2	1036	+	243	132291311	68401
chr7	132222910	132422910	harbor1	chr7	132307251	132307482	LINE/L2	676	+	116	132307367	84457
chr7	32922647	33122647	harbor1	chr7	33003309	33004830	LINE/L2	1941	+	760	33004069	81422
chr7	32922647	33122647	harbor1	chr7	33009878	33010676	LINE/L2	1031	+	399	33010277	87630
chr7	32922647	33122647	harbor1	chr7	33010980	33011091	LINE/L2	514	+	56	33011036	88389
chr7	140789845	140989845	harbor1	chr7	140790703	140790824	LINE/L2	796	+	60	140790763	918
chr7	140789845	140989845	harbor1	chr7	140791128	140791854	LINE/L2	796	+	363	140791491	1646
chr7	140789845	140989845	harbor1	chr7	140792098	140792816	LINE/L2	796	+	359	140792457	2612
chr7	140789845	140989845	harbor1	chr7	140805893	140806443	LINE/L2	469	+	275	140806168	16323
chr7	140789845	140989845	harbor1	chr7	140852613	140853126	LINE/L2	1961	+	256	140852869	63024
chr7	140789845	140989845	harbor1	chr7	140853381	140853979	LINE/L2	1961	+	299	140853680	63835
chr7	140789845	140989845	harbor1	chr7	140886188	140886829	LINE/L2	560	+	320	140886508	96663
chr7	6133836	6333836	harbor1	chr7	6213016	6213194	LINE/L2	576	+	89	6213105	79269
chr7	34633287	34833287	harbor1	chr7	34709464	34709773	LINE/L2	718	+	154	34709618	76331
chr7	34633287	34833287	harbor1	chr7	34730689	34730919	LINE/L2	565	+	115	34730804	97517
chr7	52809442	53009442	harbor1	chr7	52835168	52835288	LINE/L2	485	+	60	52835228	25786
chr7	17440744	17640744	harbor1	chr7	17468174	17468536	LINE/L2	536	+	181	17468355	27611
chr7	43593935	43793935	harbor1	chr7	43615641	43616126	LINE/L2	675	+	242	43615883	21948
chr7	131671793	131871793	harbor1	chr7	131731510	131731646	LINE/L2	459	+	68	131731578	59785
chr7	131671793	131871793	harbor1	chr7	131731866	131732654	LINE/L2	2406	+	394	131732260	60467
chr7	131671793	131871793	harbor1	chr7	131757548	131757679	LINE/L2	512	+	66	131757614	85821
chr7	71259016	71459016	harbor1	chr7	71275960	71276197	LINE/L2	596	+	118	71276078	17062
chr7	71259016	71459016	harbor1	chr7	71319183	71319801	LINE/L2	640	+	309	71319492	60476
chr7	115010832	115210832	harbor1	chr7	115069177	115070287	LINE/L2	1213	+	555	115069732	58900
chr7	115010832	115210832	harbor1	chr7	115072720	115073838	LINE/L2	1755	+	559	115073279	62447
chr7	36832814	37032814	harbor1	chr7	36865488	36865877	LINE/L2	554	+	194	36865682	32868
chr7	36832814	37032814	harbor1	chr7	36890402	36891314	LINE/L2	1446	+	456	36890858	58044
chr7	143314552	143514552	harbor1	chr7	143322365	143322521	LINE/L2	470	+	78	143322443	7891
chr7	143314552	143514552	harbor1	chr7	143322821	143323224	LINE/L2	470	+	202	143323023	8471
chr7	143314552	143514552	harbor1	chr7	143373994	143375125	LINE/L2	627	+	566	143374560	60008
chr7	96347015	96547015	harbor1	chr7	96353673	96354107	LINE/L2	1342	+	217	96353890	6875
chr7	96347015	96547015	harbor1	chr7	96355823	96356273	LINE/L2	1592	+	225	96356048	9033
chr7	128556838	128756838	harbor1	chr7	128581933	128582269	LINE/L2	970	+	168	128582101	25263
chr7	128556838	128756838	harbor1	chr7	128582321	128583061	LINE/L2	1108	+	370	128582691	25853
chr7	128556838	128756838	harbor1	chr7	128595033	128595154	LINE/L2	1793	+	60	128595093	38255
chr7	128556838	128756838	harbor1	chr7	128595456	128595683	LINE/L2	1793	+	114	128595570	38732
chr7	128556838	128756838	harbor1	chr7	128595726	128595756	LINE/L2	1793	+	15	128595741	38903
chr7	128556838	128756838	harbor1	chr7	128595892	128596054	LINE/L2	1793	+	81	128595973	39135
chr7	128556838	128756838	harbor1	chr7	128596361	128597047	LINE/L2	1793	+	343	128596704	39866
chr7	143343613	143543613	harbor1	chr7	143373994	143375125	LINE/L2	627	+	566	143374560	30947
chr7	14511279	14711279	harbor1	chr7	14566688	14566993	LINE/L2	443	+	152	14566840	55561
chr7	14511279	14711279	harbor1	chr7	14580075	14580288	LINE/L2	561	+	106	14580181	68902
chr7	14511279	14711279	harbor1	chr7	14599334	14599778	LINE/L2	753	+	222	14599556	88277
chr7	28020837	28220837	harbor1	chr7	28055590	28055753	LINE/L2	462	+	82	28055672	34835
chr7	28020837	28220837	harbor1	chr7	28070854	28070977	LINE/L2	503	+	62	28070916	50079
chr7	28020837	28220837	harbor1	chr7	28103046	28103293	LINE/L2	455	+	124	28103170	82333
chr7	28020837	28220837	harbor1	chr7	28103468	28104450	LINE/L2	2052	+	491	28103959	83122
chr7	10029424	10229424	harbor1	chr7	10059823	10059845	LINE/L2	606	+	11	10059834	30410
chr7	10029424	10229424	harbor1	chr7	10060156	10060634	LINE/L2	606	+	239	10060395	30971
chr7	10029424	10229424	harbor1	chr7	10076439	10076810	LINE/L2	578	+	186	10076625	47201
chr7	10029424	10229424	harbor1	chr7	10090624	10091888	LINE/L2	738	+	632	10091256	61832
chr7	143421541	143621541	harbor1	chr7	143454159	143454854	LINE/L2	1443	+	348	143454507	32966
chr7	143421541	143621541	harbor1	chr7	143467756	143468391	LINE/L2	1845	+	318	143468074	46533
chr7	143421541	143621541	harbor1	chr7	143468686	143468748	LINE/L2	1845	+	31	143468717	47176
chr7	143421541	143621541	harbor1	chr7	143469071	143469123	LINE/L2	1845	+	26	143469097	47556
chr7	143421541	143621541	harbor1	chr7	143470638	143470909	LINE/L2	549	+	136	143470774	49233
chr7	69823521	70023521	harbor1	chr7	69913624	69914230	LINE/L2	480	+	303	69913927	90406
chr7	55139865	55339865	harbor1	chr7	55224340	55224666	LINE/L2	631	+	163	55224503	84638
chr7	136613422	136813422	harbor1	chr7	136647263	136647465	LINE/L2	526	+	101	136647364	33942
chr7	136613422	136813422	harbor1	chr7	136649053	136649459	LINE/L2	442	+	203	136649256	35834
chr7	91075634	91275634	harbor1	chr7	91095191	91095302	LINE/L2	468	+	56	91095247	19613
chr7	91075634	91275634	harbor1	chr7	91116615	91117763	LINE/L2	2132	+	574	91117189	41555
chr7	55897764	56097764	harbor1	chr7	55916129	55916638	LINE/L2	846	+	254	55916383	18619
chr7	55897764	56097764	harbor1	chr7	55970690	55971039	LINE/L2	444	+	174	55970864	73100
chr7	78748616	78948616	harbor1	chr7	78758015	78758355	LINE/L2	537	+	170	78758185	9569
chr7	78748616	78948616	harbor1	chr7	78786070	78786941	LINE/L2	1354	+	436	78786506	37890
chr7	78748616	78948616	harbor1	chr7	78847687	78847950	LINE/L2	843	+	132	78847819	99203
chr7	78748616	78948616	harbor1	chr7	78848025	78849000	LINE/L2	969	+	488	78848513	99897
chr7	78748616	78948616	harbor1	chr7	78756683	78758035	LINE/L2	2477	+	676	78757359	8743
chr7	16437792	16637792	harbor1	chr7	16481091	16481458	LINE/L2	736	+	184	16481275	43483
chr7	16437792	16637792	harbor1	chr7	16481767	16482071	LINE/L2	736	+	152	16481919	44127
chr7	71873048	72073048	harbor1	chr7	71880540	71880692	LINE/L2	542	+	76	71880616	7568
chr7	71873048	72073048	harbor1	chr7	71950423	71951144	LINE/L2	631	+	360	71950783	77735
chr7	12935701	13135701	harbor1	chr7	12963545	12964047	LINE/L2	932	+	251	12963796	28095
chr7	12935701	13135701	harbor1	chr7	12980383	12980710	LINE/L2	888	+	164	12980547	44846
chr7	12935701	13135701	harbor1	chr7	12982589	12983242	LINE/L2	983	+	326	12982915	47214
chr7	2720338	2920338	harbor1	chr7	2792122	2792246	LINE/L2	441	+	62	2792184	71846
chr7	2720338	2920338	harbor1	chr7	2808607	2808899	LINE/L2	942	+	146	2808753	88415
chr7	2720338	2920338	harbor1	chr7	2808887	2809269	LINE/L2	497	+	191	2809078	88740
chr7	2720338	2920338	harbor1	chr7	2816882	2817100	LINE/L2	455	+	109	2816991	96653
chr7	2720338	2920338	harbor1	chr7	2817413	2817700	LINE/L2	455	+	144	2817557	97219
chr7	131762901	131962901	harbor1	chr7	131777025	131777389	LINE/L2	777	+	182	131777207	14306
chr7	131762901	131962901	harbor1	chr7	131845326	131845407	LINE/L2	464	+	40	131845366	82465
chr7	126104294	126304294	harbor1	chr7	126198319	126198697	LINE/L2	803	+	189	126198508	94214
chr7	99127024	99327024	harbor1	chr7	99167030	99167283	LINE/L2	585	+	126	99167156	40132
chr7	99127024	99327024	harbor1	chr7	99168062	99168208	LINE/L2	585	+	73	99168135	41111
chr7	99127024	99327024	harbor1	chr7	99209256	99209456	LINE/L2	579	+	100	99209356	82332
chr7	99127024	99327024	harbor1	chr7	99209711	99209726	LINE/L2	579	+	8	99209719	82695
chr7	99127024	99327024	harbor1	chr7	99210035	99210321	LINE/L2	579	+	143	99210178	83154
chr7	125559893	125759893	harbor1	chr7	125628606	125628905	LINE/L2	543	+	150	125628756	68863
chr7	146302425	146502425	harbor1	chr7	146353333	146353600	LINE/L2	545	+	134	146353467	51042
chr7	146302425	146502425	harbor1	chr7	146377155	146377711	LINE/L2	642	+	278	146377433	75008
chr7	43240795	43440795	harbor1	chr7	43277539	43279031	LINE/L2	1784	+	746	43278285	37490
chr7	117642717	117842717	harbor1	chr7	117658436	117659451	LINE/L2	926	+	508	117658944	16227
chr7	90649409	90849409	harbor1	chr7	90707087	90707644	LINE/L2	516	+	278	90707365	57956
chr7	13570164	13770164	harbor1	chr7	13649073	13649462	LINE/L2	776	+	194	13649267	79103
chr7	136358903	136558903	harbor1	chr7	136372423	136373065	LINE/L2	1383	+	321	136372744	13841
chr7	3291708	3491708	harbor1	chr7	3334684	3335361	LINE/L2	1212	+	338	3335022	43314
chr7	3291708	3491708	harbor1	chr7	3374495	3375030	LINE/L2	503	+	268	3374763	83055
chr7	141375456	141575456	harbor1	chr7	141419936	141420347	LINE/L2	953	+	206	141420142	44686
chr7	141375456	141575456	harbor1	chr7	141442256	141442731	LINE/L2	611	+	238	141442494	67038
chr7	76088133	76288133	harbor1	chr7	76107560	76107738	LINE/L2	667	+	89	76107649	19516
chr7	24460441	24660441	harbor1	chr7	24471697	24472949	LINE/L2	3430	+	626	24472323	11882
chr7	24460441	24660441	harbor1	chr7	24481129	24481493	LINE/L2	674	+	182	24481311	20870
chr7	141073819	141273819	harbor1	chr7	141159199	141159369	LINE/L2	458	+	85	141159284	85465
chr7	141073819	141273819	harbor1	chr7	141173262	141173380	LINE/L2	487	+	59	141173321	99502
chr7	6042369	6242369	harbor1	chr7	6049042	6049266	LINE/L2	569	+	112	6049154	6785
chr7	6042369	6242369	harbor1	chr7	6049572	6049622	LINE/L2	569	+	25	6049597	7228
chr7	57225578	57425578	harbor1	chr7	57236589	57237407	LINE/L2	1010	+	409	57236998	11420
chr7	57225578	57425578	harbor1	chr7	57283036	57283489	LINE/L2	1116	+	226	57283262	57684
chr7	131386550	131586550	harbor1	chr7	131431781	131432130	LINE/L2	472	+	174	131431955	45405
chr7	157002323	157202323	harbor1	chr7	157036342	157036698	LINE/L2	1036	+	178	157036520	34197
chr7	29128320	29328320	harbor1	chr7	29159585	29159914	LINE/L2	874	+	164	29159749	31429
chr7	29128320	29328320	harbor1	chr7	29177820	29178729	LINE/L2	1466	+	454	29178274	49954
chr7	29128320	29328320	harbor1	chr7	29206080	29206164	LINE/L2	442	+	42	29206122	77802
chr7	107869765	108069765	harbor1	chr7	107906913	107908114	LINE/L2	1006	+	600	107907513	37748
chr7	107869765	108069765	harbor1	chr7	107914965	107915328	LINE/L2	1263	+	182	107915147	45382
chr7	107869765	108069765	harbor1	chr7	107918226	107918622	LINE/L2	670	+	198	107918424	48659
chr7	131725459	131925459	harbor1	chr7	131731510	131731646	LINE/L2	459	+	68	131731578	6119
chr7	131725459	131925459	harbor1	chr7	131731866	131732654	LINE/L2	2406	+	394	131732260	6801
chr7	131725459	131925459	harbor1	chr7	131757548	131757679	LINE/L2	512	+	66	131757614	32155
chr7	131725459	131925459	harbor1	chr7	131777025	131777389	LINE/L2	777	+	182	131777207	51748
chr7	77443171	77643171	harbor1	chr7	77469158	77469475	LINE/L2	875	+	158	77469316	26145
chr7	77443171	77643171	harbor1	chr7	77469812	77470098	LINE/L2	875	+	143	77469955	26784
chr7	77443171	77643171	harbor1	chr7	77471608	77472086	LINE/L2	495	+	239	77471847	28676
chr7	97007562	97207562	harbor1	chr7	97078424	97078536	LINE/L2	452	+	56	97078480	70918
chr7	110741582	110941582	harbor1	chr7	110759140	110759394	LINE/L2	639	+	127	110759267	17685
chr7	110741582	110941582	harbor1	chr7	110768496	110768910	LINE/L2	538	+	207	110768703	27121
chr7	110741582	110941582	harbor1	chr7	110789345	110790139	LINE/L2	1771	+	397	110789742	48160
chr7	110741582	110941582	harbor1	chr7	110822826	110822984	LINE/L2	482	+	79	110822905	81323
chr7	110741582	110941582	harbor1	chr7	110787978	110788739	LINE/L2	1870	+	380	110788358	46776
chr7	119204774	119404774	harbor1	chr7	119297764	119298310	LINE/L2	917	+	273	119298037	93263
chr7	119204774	119404774	harbor1	chr7	119298350	119298588	LINE/L2	917	+	119	119298469	93695
chr7	77949647	78149647	harbor1	chr7	78023640	78023767	LINE/L2	1126	+	64	78023704	74057
chr7	77949647	78149647	harbor1	chr7	78024086	78024636	LINE/L2	1126	+	275	78024361	74714
chr7	77949647	78149647	harbor1	chr7	78024860	78025537	LINE/L2	709	+	338	78025198	75551
chr7	77949647	78149647	harbor1	chr7	78038073	78038251	LINE/L2	561	+	89	78038162	88515
chr7	100463473	100663473	harbor1	chr7	100534982	100535231	LINE/L2	692	+	124	100535106	71633
chr7	100463473	100663473	harbor1	chr7	100536054	100536082	LINE/L2	692	+	14	100536068	72595
chr7	100463473	100663473	harbor1	chr7	100538279	100538465	LINE/L2	632	+	93	100538372	74899
chr7	96292171	96492171	harbor1	chr7	96336273	96337115	LINE/L2	595	+	421	96336694	44523
chr7	96292171	96492171	harbor1	chr7	96339355	96339438	LINE/L2	621	+	42	96339397	47226
chr7	96292171	96492171	harbor1	chr7	96339787	96340278	LINE/L2	621	+	246	96340033	47862
chr7	96292171	96492171	harbor1	chr7	96353673	96354107	LINE/L2	1342	+	217	96353890	61719
chr7	96292171	96492171	harbor1	chr7	96355823	96356273	LINE/L2	1592	+	225	96356048	63877
chr7	24450005	24650005	harbor1	chr7	24471697	24472949	LINE/L2	3430	+	626	24472323	22318
chr7	24450005	24650005	harbor1	chr7	24481129	24481493	LINE/L2	674	+	182	24481311	31306
chr7	53309170	53509170	harbor1	chr7	53343788	53344172	LINE/L2	513	+	192	53343980	34810
chr7	53309170	53509170	harbor1	chr7	53344188	53344469	LINE/L2	495	+	140	53344328	35158
chr7	113236368	113436368	harbor1	chr7	113283099	113283528	LINE/L2	461	+	214	113283313	46945
chr7	113236368	113436368	harbor1	chr7	113283670	113284174	LINE/L2	814	+	252	113283922	47554
chr7	113236368	113436368	harbor1	chr7	113328887	113329221	LINE/L2	493	+	167	113329054	92686
chr7	122566879	122766879	harbor1	chr7	122626495	122626779	LINE/L2	640	+	142	122626637	59758
chr7	122566879	122766879	harbor1	chr7	122639796	122640179	LINE/L2	823	+	192	122639988	73109
chr7	138885883	139085883	harbor1	chr7	138965865	138966095	LINE/L2	485	+	115	138965980	80097
chr7	561737	761737	harbor1	chr7	659142	659368	LINE/L2	565	+	113	659255	97518
chr7	561737	761737	harbor1	chr7	654994	655738	LINE/L2	1385	+	372	655366	93629
chr7	50832760	51032760	harbor1	chr7	50836889	50837511	LINE/L2	574	+	311	50837200	4440
chr7	50832760	51032760	harbor1	chr7	50849421	50850018	LINE/L2	584	+	298	50849719	16959
chr7	114981682	115181682	harbor1	chr7	115069177	115070287	LINE/L2	1213	+	555	115069732	88050
chr7	114981682	115181682	harbor1	chr7	115072720	115073838	LINE/L2	1755	+	559	115073279	91597
chr7	141415075	141615075	harbor1	chr7	141419936	141420347	LINE/L2	953	+	206	141420142	5067
chr7	141415075	141615075	harbor1	chr7	141442256	141442731	LINE/L2	611	+	238	141442494	27419
chr7	141415075	141615075	harbor1	chr7	141514182	141514602	LINE/L2	1051	+	210	141514392	99317
chr7	141415075	141615075	harbor1	chr7	141491865	141492540	LINE/L2	550	+	338	141492203	77128
chr7	11177442	11377442	harbor1	chr7	11214530	11214965	LINE/L2	716	+	218	11214748	37306
chr7	11177442	11377442	harbor1	chr7	11238055	11238342	LINE/L2	785	+	144	11238199	60757
chr7	11257789	11457789	harbor1	chr7	11286638	11287693	LINE/L2	1012	+	528	11287166	29377
chr7	11257789	11457789	harbor1	chr7	11299336	11299666	LINE/L2	447	+	165	11299501	41712
chr7	31049012	31249012	harbor1	chr7	31071555	31071956	LINE/L2	449	+	200	31071755	22743
chr7	31049012	31249012	harbor1	chr7	31072002	31072098	LINE/L2	449	+	48	31072050	23038
chr7	110399715	110599715	harbor1	chr7	110416252	110416678	LINE/L2	791	+	213	110416465	16750
chr7	110399715	110599715	harbor1	chr7	110424371	110424654	LINE/L2	447	+	142	110424513	24798
chr7	110399715	110599715	harbor1	chr7	110478852	110479344	LINE/L2	1257	+	246	110479098	79383
chr7	45157333	45357333	harbor1	chr7	45222030	45222283	LINE/L2	549	+	126	45222156	64823
chr7	45157333	45357333	harbor1	chr7	45222294	45222487	LINE/L2	1018	+	96	45222390	65057
chr7	45157333	45357333	harbor1	chr7	45222933	45223251	LINE/L2	1018	+	159	45223092	65759
chr7	13933401	14133401	harbor1	chr7	13966834	13966953	LINE/L2	583	+	60	13966894	33493
chr7	13933401	14133401	harbor1	chr7	14019524	14020629	LINE/L2	3299	+	552	14020076	86675
chr7	13933401	14133401	harbor1	chr7	14021161	14021293	LINE/L2	3299	+	66	14021227	87826
chr7	79022695	79222695	harbor1	chr7	79080730	79081042	LINE/L2	475	+	156	79080886	58191
chr7	121938527	122138527	harbor1	chr7	121953926	121954758	LINE/L2	642	+	416	121954342	15815
chr8	83500485	83700485	harbor1	chr8	83569905	83570967	LINE/L2	1227	+	531	83570436	69951
chr8	137967819	138167819	harbor1	chr8	137972450	137973032	LINE/L2	716	+	291	137972741	4922
chr8	137967819	138167819	harbor1	chr8	137974065	137974487	LINE/L2	417	+	211	137974276	6457
chr8	137967819	138167819	harbor1	chr8	138012358	138012712	LINE/L2	410	+	177	138012535	44716
chr8	137967819	138167819	harbor1	chr8	138013253	138013386	LINE/L2	410	+	66	138013319	45500
chr8	137967819	138167819	harbor1	chr8	138055529	138055793	LINE/L2	480	+	132	138055661	87842
chr8	137967819	138167819	harbor1	chr8	138056304	138057339	LINE/L2	823	+	518	138056822	89003
chr8	137967819	138167819	harbor1	chr8	138065414	138066089	LINE/L2	1049	+	338	138065752	97933
chr8	16027209	16227209	harbor1	chr8	16035344	16035737	LINE/L2	1368	+	196	16035540	8331
chr8	16027209	16227209	harbor1	chr8	16040550	16040810	LINE/L2	414	+	130	16040680	13471
chr8	16027209	16227209	harbor1	chr8	16039528	16040321	LINE/L2	1166	+	396	16039924	12715
chr8	85385352	85585352	harbor1	chr8	85404885	85405182	LINE/L2	646	+	148	85405033	19681
chr8	85385352	85585352	harbor1	chr8	85426905	85427503	LINE/L2	669	+	299	85427204	41852
chr8	85385352	85585352	harbor1	chr8	85453721	85453834	LINE/L2	411	+	56	85453777	68425
chr8	85385352	85585352	harbor1	chr8	85459300	85459840	LINE/L2	933	+	270	85459570	74218
chr8	118770668	118970668	harbor1	chr8	118858551	118858763	LINE/L2	602	+	106	118858657	87989
chr8	118770668	118970668	harbor1	chr8	118870118	118870707	LINE/L2	535	+	294	118870412	99744
chr8	61597659	61797659	harbor1	chr8	61614807	61615583	LINE/L2	1290	+	388	61615195	17536
chr8	61597659	61797659	harbor1	chr8	61635014	61635562	LINE/L2	1106	+	274	61635288	37629
chr8	61597659	61797659	harbor1	chr8	61635616	61636029	LINE/L2	1106	+	206	61635822	38163
chr8	61597659	61797659	harbor1	chr8	61639175	61640043	LINE/L2	631	+	434	61639609	41950
chr8	61597659	61797659	harbor1	chr8	61646952	61647212	LINE/L2	483	+	130	61647082	49423
chr8	61597659	61797659	harbor1	chr8	61694288	61694958	LINE/L2	856	+	335	61694623	96964
chr8	21177035	21377035	harbor1	chr8	21205093	21205323	LINE/L2	433	+	115	21205208	28173
chr8	21177035	21377035	harbor1	chr8	21218091	21218449	LINE/L2	436	+	179	21218270	41235
chr8	128040241	128240241	harbor1	chr8	128044154	128044427	LINE/L2	685	+	136	128044290	4049
chr8	128040241	128240241	harbor1	chr8	128083946	128084644	LINE/L2	906	+	349	128084295	44054
chr8	128040241	128240241	harbor1	chr8	128101535	128102268	LINE/L2	1198	+	366	128101901	61660
chr8	58390169	58590169	harbor1	chr8	58406753	58407380	LINE/L2	649	+	314	58407067	16898
chr8	81327795	81527795	harbor1	chr8	81370678	81370832	LINE/L2	425	+	77	81370755	42960
chr8	98789680	98989680	harbor1	chr8	98817623	98818367	LINE/L2	1036	+	372	98817995	28315
chr8	98789680	98989680	harbor1	chr8	98884690	98884888	LINE/L2	607	+	99	98884789	95109
chr8	103204177	103404177	harbor1	chr8	103257155	103257306	LINE/L2	427	+	76	103257231	53054
chr8	103204177	103404177	harbor1	chr8	103303028	103303583	LINE/L2	552	+	278	103303306	99129
chr8	100269421	100469421	harbor1	chr8	100345562	100345948	LINE/L2	447	+	193	100345755	76334
chr8	50117492	50317492	harbor1	chr8	50183080	50184158	LINE/L2	1763	+	539	50183619	66127
chr8	50117492	50317492	harbor1	chr8	50184464	50184667	LINE/L2	1763	+	102	50184566	67074
chr8	73742143	73942143	harbor1	chr8	73751189	73751308	LINE/L2	397	+	60	73751249	9106
chr8	73742143	73942143	harbor1	chr8	73818173	73818591	LINE/L2	1582	+	209	73818382	76239
chr8	73742143	73942143	harbor1	chr8	73818992	73819407	LINE/L2	1582	+	208	73819200	77057
chr8	11579269	11779269	harbor1	chr8	11634936	11635326	LINE/L2	518	+	195	11635131	55862
chr8	48423010	48623010	harbor1	chr8	48432236	48432756	LINE/L2	601	+	260	48432496	9486
chr8	141309044	141509044	harbor1	chr8	141344275	141344619	LINE/L2	531	+	172	141344447	35403
chr8	141309044	141509044	harbor1	chr8	141381406	141381550	LINE/L2	404	+	72	141381478	72434
chr8	10170685	10370685	harbor1	chr8	10237655	10238538	LINE/L2	1868	+	442	10238097	67412
chr8	106900940	107100940	harbor1	chr8	106951033	106951382	LINE/L2	704	+	174	106951207	50267
chr8	106900940	107100940	harbor1	chr8	106966257	106966377	LINE/L2	412	+	60	106966317	65377
chr8	35542346	35742346	harbor1	chr8	35581134	35581463	LINE/L2	791	+	164	35581298	38952
chr8	35542346	35742346	harbor1	chr8	35581760	35582310	LINE/L2	791	+	275	35582035	39689
chr8	35542346	35742346	harbor1	chr8	35597822	35598359	LINE/L2	874	+	268	35598090	55744
chr8	55565230	55765230	harbor1	chr8	55607404	55607505	LINE/L2	672	+	50	55607454	42224
chr8	55565230	55765230	harbor1	chr8	55608237	55608541	LINE/L2	672	+	152	55608389	43159
chr8	11392644	11592644	harbor1	chr8	11417062	11417597	LINE/L2	606	+	268	11417330	24686
chr8	11392644	11592644	harbor1	chr8	11418220	11418784	LINE/L2	606	+	282	11418502	25858
chr8	11392644	11592644	harbor1	chr8	11419319	11419394	LINE/L2	434	+	38	11419357	26713
chr8	11392644	11592644	harbor1	chr8	11419706	11420382	LINE/L2	434	+	338	11420044	27400
chr8	11392644	11592644	harbor1	chr8	11457393	11457654	LINE/L2	403	+	130	11457523	64879
chr8	68603363	68803363	harbor1	chr8	68665540	68665950	LINE/L2	758	+	205	68665745	62382
chr8	68603363	68803363	harbor1	chr8	68701391	68702216	LINE/L2	750	+	412	68701803	98440
chr8	113848735	114048735	harbor1	chr8	113854444	113854834	LINE/L2	447	+	195	113854639	5904
chr8	113848735	114048735	harbor1	chr8	113855018	113855865	LINE/L2	462	+	424	113855442	6707
chr8	113848735	114048735	harbor1	chr8	113892497	113893009	LINE/L2	800	+	256	113892753	44018
chr8	104945182	105145182	harbor1	chr8	104944875	104945227	LINE/L2	479	+	176	104945051	131
chr8	134315803	134515803	harbor1	chr8	134330216	134330354	LINE/L2	444	+	69	134330285	14482
chr8	134315803	134515803	harbor1	chr8	134341338	134341681	LINE/L2	467	+	172	134341510	25707
chr8	134315803	134515803	harbor1	chr8	134372746	134373313	LINE/L2	1088	+	284	134373030	57227
chr8	134315803	134515803	harbor1	chr8	134402505	134403004	LINE/L2	1335	+	250	134402755	86952
chr8	134315803	134515803	harbor1	chr8	134403405	134403940	LINE/L2	641	+	268	134403673	87870
chr8	134315803	134515803	harbor1	chr8	134411238	134411873	LINE/L2	726	+	318	134411556	95753
chr8	95963894	96163894	harbor1	chr8	95974501	95974811	LINE/L2	470	+	155	95974656	10762
chr8	95963894	96163894	harbor1	chr8	95975308	95975425	LINE/L2	470	+	58	95975366	11472
chr8	95963894	96163894	harbor1	chr8	95978133	95979182	LINE/L2	617	+	524	95978657	14763
chr8	95963894	96163894	harbor1	chr8	96030363	96031597	LINE/L2	2875	+	617	96030980	67086
chr8	95963894	96163894	harbor1	chr8	96061235	96061740	LINE/L2	1321	+	252	96061487	97593
chr8	95963894	96163894	harbor1	chr8	96063506	96063967	LINE/L2	698	+	230	96063736	99842
chr8	58927460	59127460	harbor1	chr8	58970505	58970771	LINE/L2	397	+	133	58970638	43178
chr8	48025655	48225655	harbor1	chr8	48052467	48052744	LINE/L2	404	+	138	48052605	26950
chr8	11806412	12006412	harbor1	chr8	11870776	11870931	LINE/L2	408	+	78	11870854	64442
chr8	11806412	12006412	harbor1	chr8	11887734	11887892	LINE/L2	393	+	79	11887813	81401
chr8	15069056	15269056	harbor1	chr8	15160664	15160810	LINE/L2	562	+	73	15160737	91681
chr8	15069056	15269056	harbor1	chr8	15160993	15161574	LINE/L2	1041	+	290	15161283	92227
chr8	70895821	71095821	harbor1	chr8	70917050	70917435	LINE/L2	505	+	192	70917242	21421
chr8	3765528	3965528	harbor1	chr8	3775849	3776605	LINE/L2	857	+	378	3776227	10699
chr8	3765528	3965528	harbor1	chr8	3852774	3853232	LINE/L2	559	+	229	3853003	87475
chr8	117704130	117904130	harbor1	chr8	117711896	117712240	LINE/L2	445	+	172	117712068	7938
chr8	117704130	117904130	harbor1	chr8	117730202	117730553	LINE/L2	537	+	176	117730378	26248
chr8	117704130	117904130	harbor1	chr8	117744494	117744854	LINE/L2	457	+	180	117744674	40544
chr8	90770215	90970215	harbor1	chr8	90809187	90809435	LINE/L2	587	+	124	90809311	39096
chr8	90770215	90970215	harbor1	chr8	90821491	90821859	LINE/L2	509	+	184	90821675	51460
chr8	32405275	32605275	harbor1	chr8	32458886	32459489	LINE/L2	1429	+	302	32459188	53913
chr8	32405275	32605275	harbor1	chr8	32459618	32460188	LINE/L2	1429	+	285	32459903	54628
chr8	58521591	58721591	harbor1	chr8	58525800	58525897	LINE/L2	476	+	48	58525848	4257
chr8	58521591	58721591	harbor1	chr8	58548644	58549029	LINE/L2	466	+	192	58548836	27245
chr8	51485876	51685876	harbor1	chr8	51503756	51504771	LINE/L2	671	+	508	51504264	18388
chr8	51485876	51685876	harbor1	chr8	51508392	51509105	LINE/L2	1507	+	356	51508748	22872
chr8	51485876	51685876	harbor1	chr8	51509269	51509713	LINE/L2	1507	+	222	51509491	23615
chr8	51485876	51685876	harbor1	chr8	51529235	51529847	LINE/L2	970	+	306	51529541	43665
chr8	51485876	51685876	harbor1	chr8	51530396	51530983	LINE/L2	574	+	294	51530690	44814
chr8	90115395	90315395	harbor1	chr8	90132818	90133204	LINE/L2	554	+	193	90133011	17616
chr8	90115395	90315395	harbor1	chr8	90172277	90172900	LINE/L2	1191	+	312	90172589	57194
chr8	90115395	90315395	harbor1	chr8	90173148	90173595	LINE/L2	440	+	224	90173372	57977
chr8	90115395	90315395	harbor1	chr8	90180093	90180263	LINE/L2	3748	+	85	90180178	64783
chr8	90115395	90315395	harbor1	chr8	90180786	90182264	LINE/L2	3748	+	739	90181525	66130
chr8	90115395	90315395	harbor1	chr8	90182243	90182596	LINE/L2	850	+	176	90182419	67024
chr8	48267773	48467773	harbor1	chr8	48315272	48315539	LINE/L2	498	+	134	48315406	47633
chr8	48267773	48467773	harbor1	chr8	48315841	48315977	LINE/L2	498	+	68	48315909	48136
chr8	134597448	134797448	harbor1	chr8	134659610	134659753	LINE/L2	454	+	72	134659682	62234
chr8	131114305	131314305	harbor1	chr8	131147661	131147904	LINE/L2	394	+	122	131147783	33478
chr8	131114305	131314305	harbor1	chr8	131161640	131162024	LINE/L2	1144	+	192	131161832	47527
chr8	131114305	131314305	harbor1	chr8	131179039	131179185	LINE/L2	405	+	73	131179112	64807
chr8	131114305	131314305	harbor1	chr8	131208149	131208256	LINE/L2	427	+	54	131208203	93898
chr8	131114305	131314305	harbor1	chr8	131208730	131209015	LINE/L2	427	+	142	131208872	94567
chr8	131114305	131314305	harbor1	chr8	131209403	131209559	LINE/L2	427	+	78	131209481	95176
chr8	67057064	67257064	harbor1	chr8	67079107	67079667	LINE/L2	544	+	280	67079387	22323
chr8	67057064	67257064	harbor1	chr8	67089343	67089486	LINE/L2	462	+	72	67089415	32351
chr8	67057064	67257064	harbor1	chr8	67089532	67089732	LINE/L2	552	+	100	67089632	32568
chr8	67057064	67257064	harbor1	chr8	67076004	67076297	LINE/L2	747	+	146	67076150	19086
chr8	136524334	136724334	harbor1	chr8	136532861	136533539	LINE/L2	1137	+	339	136533200	8866
chr8	136524334	136724334	harbor1	chr8	136535222	136535485	LINE/L2	505	+	132	136535354	11020
chr8	136524334	136724334	harbor1	chr8	136568917	136569120	LINE/L2	427	+	102	136569019	44685
chr8	136524334	136724334	harbor1	chr8	136580357	136580637	LINE/L2	515	+	140	136580497	56163
chr8	136524334	136724334	harbor1	chr8	136623302	136623855	LINE/L2	827	+	276	136623578	99244
chr8	87036681	87236681	harbor1	chr8	87092598	87093022	LINE/L2	481	+	212	87092810	56129
chr8	131790789	131990789	harbor1	chr8	131791125	131791428	LINE/L2	670	+	152	131791277	488
chr8	131790789	131990789	harbor1	chr8	131803318	131803533	LINE/L2	595	+	108	131803426	12637
chr8	131790789	131990789	harbor1	chr8	131828456	131828775	LINE/L2	421	+	160	131828616	37827
chr8	131790789	131990789	harbor1	chr8	131850968	131852179	LINE/L2	5231	+	606	131851574	60785
chr8	131790789	131990789	harbor1	chr8	131852485	131852905	LINE/L2	5231	+	210	131852695	61906
chr8	131790789	131990789	harbor1	chr8	131853505	131853758	LINE/L2	5231	+	126	131853631	62842
chr8	131790789	131990789	harbor1	chr8	131854370	131854784	LINE/L2	934	+	207	131854577	63788
chr8	131790789	131990789	harbor1	chr8	131855456	131855534	LINE/L2	883	+	39	131855495	64706
chr8	131790789	131990789	harbor1	chr8	131855831	131856086	LINE/L2	883	+	128	131855959	65170
chr8	131790789	131990789	harbor1	chr8	131858674	131858914	LINE/L2	520	+	120	131858794	68005
chr8	131790789	131990789	harbor1	chr8	131862061	131862467	LINE/L2	758	+	203	131862264	71475
chr8	131790789	131990789	harbor1	chr8	131862459	131862628	LINE/L2	1084	+	84	131862543	71754
chr8	131790789	131990789	harbor1	chr8	131862919	131863026	LINE/L2	1084	+	54	131862973	72184
chr8	131790789	131990789	harbor1	chr8	131863307	131863644	LINE/L2	890	+	168	131863475	72686
chr8	131790789	131990789	harbor1	chr8	131868111	131868701	LINE/L2	1408	+	295	131868406	77617
chr8	131790789	131990789	harbor1	chr8	131869910	131870075	LINE/L2	472	+	82	131869992	79203
chr8	131790789	131990789	harbor1	chr8	131887876	131888151	LINE/L2	480	+	138	131888014	97225
chr8	107858652	108058652	harbor1	chr8	107887246	107888163	LINE/L2	1832	+	458	107887704	29052
chr8	107858652	108058652	harbor1	chr8	107953828	107954095	LINE/L2	518	+	134	107953962	95310
chr8	115522799	115722799	harbor1	chr8	115602856	115603126	LINE/L2	533	+	135	115602991	80192
chr8	26423286	26623286	harbor1	chr8	26480928	26481351	LINE/L2	420	+	212	26481140	57854
chr8	26423286	26623286	harbor1	chr8	26481443	26481869	LINE/L2	630	+	213	26481656	58370
chr8	74216027	74416027	harbor1	chr8	74226863	74227204	LINE/L2	453	+	170	74227033	11006
chr8	74216027	74416027	harbor1	chr8	74238329	74238610	LINE/L2	415	+	140	74238469	22442
chr8	74216027	74416027	harbor1	chr8	74263488	74263735	LINE/L2	731	+	124	74263612	47585
chr8	74216027	74416027	harbor1	chr8	74303289	74303587	LINE/L2	546	+	149	74303438	87411
chr8	74216027	74416027	harbor1	chr8	74303748	74304220	LINE/L2	546	+	236	74303984	87957
chr8	50519265	50719265	harbor1	chr8	50616813	50617318	LINE/L2	782	+	252	50617065	97800
chr8	8556075	8756075	harbor1	chr8	8585947	8586548	LINE/L2	1030	+	300	8586247	30172
chr8	8556075	8756075	harbor1	chr8	8586842	8587067	LINE/L2	612	+	112	8586954	30879
chr8	69917784	70117784	harbor1	chr8	69921771	69922116	LINE/L2	904	+	172	69921943	4159
chr8	69917784	70117784	harbor1	chr8	69922436	69922714	LINE/L2	904	+	139	69922575	4791
chr8	69917784	70117784	harbor1	chr8	69923044	69923242	LINE/L2	481	+	99	69923143	5359
chr8	37247528	37447528	harbor1	chr8	37257067	37257936	LINE/L2	1284	+	434	37257501	9973
chr8	117779678	117979678	harbor1	chr8	117805800	117806358	LINE/L2	1369	+	279	117806079	26401
chr8	117779678	117979678	harbor1	chr8	117806419	117806902	LINE/L2	827	+	242	117806661	26983
chr8	117779678	117979678	harbor1	chr8	117848824	117849417	LINE/L2	757	+	296	117849120	69442
chr8	111980213	112180213	harbor1	chr8	111996717	111997192	LINE/L2	2343	+	238	111996955	16742
chr8	111980213	112180213	harbor1	chr8	111997491	111998191	LINE/L2	2343	+	350	111997841	17628
chr8	111980213	112180213	harbor1	chr8	111998182	111998315	LINE/L2	554	+	66	111998248	18035
chr8	90269173	90469173	harbor1	chr8	90291185	90291391	LINE/L2	699	+	103	90291288	22115
chr8	90269173	90469173	harbor1	chr8	90293332	90293606	LINE/L2	531	+	137	90293469	24296
chr8	90269173	90469173	harbor1	chr8	90297585	90298414	LINE/L2	886	+	414	90297999	28826
chr8	90269173	90469173	harbor1	chr8	90308746	90308916	LINE/L2	409	+	85	90308831	39658
chr8	90269173	90469173	harbor1	chr8	90322649	90323023	LINE/L2	541	+	187	90322836	53663
chr8	90269173	90469173	harbor1	chr8	90361153	90361417	LINE/L2	479	+	132	90361285	92112
chr8	90269173	90469173	harbor1	chr8	90291392	90293318	LINE/L2	4392	+	963	90292355	23182
chr8	83533030	83733030	harbor1	chr8	83569905	83570967	LINE/L2	1227	+	531	83570436	37406
chr8	21352920	21552920	harbor1	chr8	21403643	21404027	LINE/L2	1720	+	192	21403835	50915
chr8	21352920	21552920	harbor1	chr8	21404308	21404462	LINE/L2	1720	+	77	21404385	51465
chr8	21352920	21552920	harbor1	chr8	21404682	21404917	LINE/L2	748	+	118	21404800	51880
chr8	104722753	104922753	harbor1	chr8	104793055	104793199	LINE/L2	488	+	72	104793127	70374
chr8	16111660	16311660	harbor1	chr8	16186227	16186633	LINE/L2	1107	+	203	16186430	74770
chr8	16111660	16311660	harbor1	chr8	16186915	16187066	LINE/L2	1107	+	76	16186991	75331
chr8	137850784	138050784	harbor1	chr8	137851301	137852104	LINE/L2	483	+	402	137851703	919
chr8	137850784	138050784	harbor1	chr8	137895196	137896372	LINE/L2	2312	+	588	137895784	45000
chr8	137850784	138050784	harbor1	chr8	137932818	137933053	LINE/L2	663	+	118	137932936	82152
chr8	137850784	138050784	harbor1	chr8	137933086	137933320	LINE/L2	582	+	117	137933203	82419
chr8	82150746	82350746	harbor1	chr8	82165504	82165944	LINE/L2	480	+	220	82165724	14978
chr8	31111004	31311004	harbor1	chr8	31183318	31183836	LINE/L2	783	+	259	31183577	72573
chr8	53614207	53814207	harbor1	chr8	53635030	53635268	LINE/L2	400	+	119	53635149	20942
chr8	53614207	53814207	harbor1	chr8	53688650	53688928	LINE/L2	500	+	139	53688789	74582
chr8	104614186	104814186	harbor1	chr8	104622780	104622937	LINE/L2	447	+	78	104622858	8672
chr8	104614186	104814186	harbor1	chr8	104628545	104628936	LINE/L2	442	+	196	104628741	14555
chr8	104614186	104814186	harbor1	chr8	104646501	104646685	LINE/L2	539	+	92	104646593	32407
chr8	104614186	104814186	harbor1	chr8	104647233	104647430	LINE/L2	542	+	98	104647331	33145
chr8	104614186	104814186	harbor1	chr8	104649459	104649871	LINE/L2	535	+	206	104649665	35479
chr8	104614186	104814186	harbor1	chr8	104705164	104705628	LINE/L2	594	+	232	104705396	91210
chr8	104614186	104814186	harbor1	chr8	104705942	104706443	LINE/L2	834	+	250	104706192	92006
chr8	104614186	104814186	harbor1	chr8	104643952	104645346	LINE/L2	2982	+	697	104644649	30463
chr8	39205955	39405955	harbor1	chr8	39276842	39276978	LINE/L2	396	+	68	39276910	70955
chr8	39205955	39405955	harbor1	chr8	39292016	39292284	LINE/L2	440	+	134	39292150	86195
chr8	110217538	110417538	harbor1	chr8	110270771	110271139	LINE/L2	607	+	184	110270955	53417
chr8	19249016	19449016	harbor1	chr8	19253137	19253649	LINE/L2	419	+	256	19253393	4377
chr8	19249016	19449016	harbor1	chr8	19261961	19262311	LINE/L2	1064	+	175	19262136	13120
chr8	19249016	19449016	harbor1	chr8	19262604	19262686	LINE/L2	1064	+	41	19262645	13629
chr8	19249016	19449016	harbor1	chr8	19262691	19262970	LINE/L2	551	+	140	19262831	13815
chr8	19249016	19449016	harbor1	chr8	19277543	19277999	LINE/L2	1259	+	228	19277771	28755
chr8	19249016	19449016	harbor1	chr8	19278283	19278374	LINE/L2	1115	+	46	19278329	29313
chr8	19249016	19449016	harbor1	chr8	19288238	19288348	LINE/L2	408	+	55	19288293	39277
chr8	67978631	68178631	harbor1	chr8	67984017	67984370	LINE/L2	434	+	176	67984193	5562
chr8	67978631	68178631	harbor1	chr8	68005108	68005902	LINE/L2	740	+	397	68005505	26874
chr8	67978631	68178631	harbor1	chr8	68013226	68013555	LINE/L2	566	+	164	68013390	34759
chr8	67978631	68178631	harbor1	chr8	68038353	68039068	LINE/L2	1093	+	358	68038711	60080
chr8	67978631	68178631	harbor1	chr8	68039125	68040016	LINE/L2	1451	+	446	68039571	60940
chr8	67978631	68178631	harbor1	chr8	68040326	68040848	LINE/L2	1451	+	261	68040587	61956
chr8	67978631	68178631	harbor1	chr8	68062107	68062973	LINE/L2	518	+	433	68062540	83909
chr8	67978631	68178631	harbor1	chr8	68075427	68075733	LINE/L2	451	+	153	68075580	96949
chr8	33265657	33465657	harbor1	chr8	33280501	33281042	LINE/L2	4881	+	270	33280771	15114
chr8	33265657	33465657	harbor1	chr8	33281598	33282460	LINE/L2	4881	+	431	33282029	16372
chr8	33265657	33465657	harbor1	chr8	33282891	33283507	LINE/L2	4881	+	308	33283199	17542
chr8	33265657	33465657	harbor1	chr8	33286154	33286684	LINE/L2	555	+	265	33286419	20762
chr8	33265657	33465657	harbor1	chr8	33291325	33291740	LINE/L2	2150	+	208	33291533	25876
chr8	33265657	33465657	harbor1	chr8	33321782	33322053	LINE/L2	482	+	136	33321918	56261
chr8	33265657	33465657	harbor1	chr8	33361598	33361713	LINE/L2	478	+	58	33361656	95999
chr8	33265657	33465657	harbor1	chr8	33292073	33292893	LINE/L2	2150	+	410	33292483	26826
chr8	1043628	1243628	harbor1	chr8	1044620	1044963	LINE/L2	677	+	172	1044792	1164
chr8	120368589	120568589	harbor1	chr8	120395099	120395282	LINE/L2	394	+	92	120395191	26602
chr8	120368589	120568589	harbor1	chr8	120444309	120444840	LINE/L2	1534	+	266	120444575	75986
chr8	19354063	19554063	harbor1	chr8	19375890	19376064	LINE/L2	399	+	87	19375977	21914
chr8	19354063	19554063	harbor1	chr8	19411082	19411455	LINE/L2	504	+	186	19411268	57205
chr8	141326002	141526002	harbor1	chr8	141344275	141344619	LINE/L2	531	+	172	141344447	18445
chr8	141326002	141526002	harbor1	chr8	141381406	141381550	LINE/L2	404	+	72	141381478	55476
chr8	133000555	133200555	harbor1	chr8	133035836	133036400	LINE/L2	557	+	282	133036118	35563
chr8	133000555	133200555	harbor1	chr8	133099491	133100496	LINE/L2	1996	+	502	133099993	99438
chr8	108522727	108722727	harbor1	chr8	108569614	108569981	LINE/L2	989	+	184	108569798	47071
chr8	108522727	108722727	harbor1	chr8	108604595	108605029	LINE/L2	1291	+	217	108604812	82085
chr8	108522727	108722727	harbor1	chr8	108605308	108605360	LINE/L2	1291	+	26	108605334	82607
chr8	85534795	85734795	harbor1	chr8	85559162	85560144	LINE/L2	835	+	491	85559653	24858
chr8	90898230	91098230	harbor1	chr8	90980907	90981230	LINE/L2	404	+	162	90981069	82839
chr8	120225162	120425162	harbor1	chr8	120227533	120227656	LINE/L2	411	+	62	120227595	2433
chr8	120225162	120425162	harbor1	chr8	120244729	120245396	LINE/L2	670	+	334	120245063	19901
chr8	120225162	120425162	harbor1	chr8	120282451	120282546	LINE/L2	415	+	48	120282499	57337
chr8	85439998	85639998	harbor1	chr8	85453721	85453834	LINE/L2	411	+	56	85453777	13779
chr8	85439998	85639998	harbor1	chr8	85459300	85459840	LINE/L2	933	+	270	85459570	19572
chr8	85439998	85639998	harbor1	chr8	85502845	85504194	LINE/L2	1687	+	674	85503519	63521
chr8	85439998	85639998	harbor1	chr8	85511733	85512077	LINE/L2	424	+	172	85511905	71907
chr8	85439998	85639998	harbor1	chr8	85522083	85522642	LINE/L2	555	+	280	85522363	82365
chr8	68169996	68369996	harbor1	chr8	68224918	68225210	LINE/L2	514	+	146	68225064	55068
chr8	68169996	68369996	harbor1	chr8	68249962	68250357	LINE/L2	611	+	198	68250160	80164
chr8	136668758	136868758	harbor1	chr8	136721060	136721573	LINE/L2	579	+	256	136721316	52558
chr8	16034162	16234162	harbor1	chr8	16035344	16035737	LINE/L2	1368	+	196	16035540	1378
chr8	16034162	16234162	harbor1	chr8	16040550	16040810	LINE/L2	414	+	130	16040680	6518
chr8	16034162	16234162	harbor1	chr8	16039528	16040321	LINE/L2	1166	+	396	16039924	5762
chr8	83257043	83457043	harbor1	chr8	83304314	83305538	LINE/L2	1741	+	612	83304926	47883
chr8	52855177	53055177	harbor1	chr8	52903417	52903803	LINE/L2	1018	+	193	52903610	48433
chr8	89002426	89202426	harbor1	chr8	89083523	89083802	LINE/L2	443	+	140	89083663	81237
chr8	92634224	92834224	harbor1	chr8	92671115	92671563	LINE/L2	598	+	224	92671339	37115
chr8	92634224	92834224	harbor1	chr8	92650589	92651530	LINE/L2	1047	+	470	92651059	16835
chr8	60843045	61043045	harbor1	chr8	60942046	60942310	LINE/L2	458	+	132	60942178	99133
chr8	17128020	17328020	harbor1	chr8	17187729	17187966	LINE/L2	427	+	118	17187847	59827
chr8	17128020	17328020	harbor1	chr8	17188458	17189223	LINE/L2	1768	+	382	17188840	60820
chr8	17128020	17328020	harbor1	chr8	17189209	17189525	LINE/L2	981	+	158	17189367	61347
chr8	17128020	17328020	harbor1	chr8	17212233	17212787	LINE/L2	1425	+	277	17212510	84490
chr8	17128020	17328020	harbor1	chr8	17212989	17213246	LINE/L2	568	+	128	17213117	85097
chr8	17128020	17328020	harbor1	chr8	17213553	17213676	LINE/L2	568	+	62	17213615	85595
chr8	80657735	80857735	harbor1	chr8	80665126	80665272	LINE/L2	450	+	73	80665199	7464
chr8	80657735	80857735	harbor1	chr8	80691359	80692014	LINE/L2	555	+	328	80691687	33952
chr8	80657735	80857735	harbor1	chr8	80724616	80725037	LINE/L2	515	+	210	80724826	67091
chr8	60909043	61109043	harbor1	chr8	60942046	60942310	LINE/L2	458	+	132	60942178	33135
chr8	40558086	40758086	harbor1	chr8	40562734	40563446	LINE/L2	393	+	356	40563090	5004
chr8	40558086	40758086	harbor1	chr8	40597415	40597763	LINE/L2	741	+	174	40597589	39503
chr8	130309875	130509875	harbor1	chr8	130381632	130382004	LINE/L2	443	+	186	130381818	71943
chr8	130309875	130509875	harbor1	chr8	130382314	130382446	LINE/L2	419	+	66	130382380	72505
chr8	130309875	130509875	harbor1	chr8	130390507	130390650	LINE/L2	400	+	72	130390579	80704
chr8	130309875	130509875	harbor1	chr8	130402627	130402914	LINE/L2	705	+	144	130402771	92896
chr8	130309875	130509875	harbor1	chr8	130403362	130403543	LINE/L2	544	+	90	130403452	93577
chr8	130309875	130509875	harbor1	chr8	130403854	130404214	LINE/L2	544	+	180	130404034	94159
chr8	74213481	74413481	harbor1	chr8	74226863	74227204	LINE/L2	453	+	170	74227033	13552
chr8	74213481	74413481	harbor1	chr8	74238329	74238610	LINE/L2	415	+	140	74238469	24988
chr8	74213481	74413481	harbor1	chr8	74263488	74263735	LINE/L2	731	+	124	74263612	50131
chr8	74213481	74413481	harbor1	chr8	74303289	74303587	LINE/L2	546	+	149	74303438	89957
chr8	74213481	74413481	harbor1	chr8	74303748	74304220	LINE/L2	546	+	236	74303984	90503
chr8	123733076	123933076	harbor1	chr8	123829868	123830234	LINE/L2	475	+	183	123830051	96975
chr8	13563494	13763494	harbor1	chr8	13581314	13581838	LINE/L2	935	+	262	13581576	18082
chr8	13563494	13763494	harbor1	chr8	13605282	13606041	LINE/L2	794	+	380	13605662	42168
chr8	16588671	16788671	harbor1	chr8	16632386	16632693	LINE/L2	676	+	154	16632540	43869
chr8	132716350	132916350	harbor1	chr8	132739799	132740579	LINE/L2	1228	+	390	132740189	23839
chr8	132716350	132916350	harbor1	chr8	132743216	132744221	LINE/L2	805	+	502	132743718	27368
chr8	132716350	132916350	harbor1	chr8	132762978	132763394	LINE/L2	732	+	208	132763186	46836
chr8	132716350	132916350	harbor1	chr8	132802287	132802640	LINE/L2	411	+	176	132802463	86113
chr8	140371756	140571756	harbor1	chr8	140444924	140445158	LINE/L2	569	+	117	140445041	73285
chr8	110552374	110752374	harbor1	chr8	110573206	110573896	LINE/L2	418	+	345	110573551	21177
chr8	48290992	48490992	harbor1	chr8	48315272	48315539	LINE/L2	498	+	134	48315406	24414
chr8	48290992	48490992	harbor1	chr8	48315841	48315977	LINE/L2	498	+	68	48315909	24917
chr8	90717347	90917347	harbor1	chr8	90809187	90809435	LINE/L2	587	+	124	90809311	91964
chr8	94226773	94426773	harbor1	chr8	94254075	94254337	LINE/L2	610	+	131	94254206	27433
chr8	26314272	26514272	harbor1	chr8	26322876	26323215	LINE/L2	773	+	170	26323046	8774
chr8	26314272	26514272	harbor1	chr8	26324037	26324425	LINE/L2	850	+	194	26324231	9959
chr8	70478501	70678501	harbor1	chr8	70534966	70535285	LINE/L2	921	+	160	70535126	56625
chr8	58649064	58849064	harbor1	chr8	58664142	58664503	LINE/L2	919	+	180	58664322	15258
chr8	58649064	58849064	harbor1	chr8	58664812	58664852	LINE/L2	919	+	20	58664832	15768
chr8	58649064	58849064	harbor1	chr8	58665160	58665431	LINE/L2	919	+	136	58665296	16232
chr8	58649064	58849064	harbor1	chr8	58666100	58666232	LINE/L2	420	+	66	58666166	17102
chr8	109104133	109304133	harbor1	chr8	109157794	109157925	LINE/L2	414	+	66	109157860	53727
chr8	109104133	109304133	harbor1	chr8	109165640	109165984	LINE/L2	556	+	172	109165812	61679
chr8	109104133	109304133	harbor1	chr8	109166645	109166793	LINE/L2	441	+	74	109166719	62586
chr8	109104133	109304133	harbor1	chr8	109180366	109180562	LINE/L2	402	+	98	109180464	76331
chr8	109104133	109304133	harbor1	chr8	109182006	109182403	LINE/L2	503	+	198	109182204	78071
chr8	109104133	109304133	harbor1	chr8	109196780	109197071	LINE/L2	1412	+	146	109196926	92793
chr8	109104133	109304133	harbor1	chr8	109197504	109197956	LINE/L2	1412	+	226	109197730	93597
chr8	69324859	69524859	harbor1	chr8	69390509	69390797	LINE/L2	392	+	144	69390653	65794
chr8	69324859	69524859	harbor1	chr8	69391173	69391803	LINE/L2	2129	+	315	69391488	66629
chr8	48294780	48494780	harbor1	chr8	48315272	48315539	LINE/L2	498	+	134	48315406	20626
chr8	48294780	48494780	harbor1	chr8	48315841	48315977	LINE/L2	498	+	68	48315909	21129
chr8	86499090	86699090	harbor1	chr8	86512366	86512749	LINE/L2	432	+	192	86512558	13468
chr8	86499090	86699090	harbor1	chr8	86517628	86517874	LINE/L2	891	+	123	86517751	18661
chr8	86499090	86699090	harbor1	chr8	86563110	86563729	LINE/L2	1483	+	310	86563420	64330
chr8	86499090	86699090	harbor1	chr8	86563730	86563903	LINE/L2	491	+	86	86563816	64726
chr8	86499090	86699090	harbor1	chr8	86563905	86564217	LINE/L2	1029	+	156	86564061	64971
chr8	86499090	86699090	harbor1	chr8	86564833	86564980	LINE/L2	576	+	74	86564907	65817
chr8	100735781	100935781	harbor1	chr8	100735592	100735863	LINE/L2	731	+	136	100735728	53
chr8	100735781	100935781	harbor1	chr8	100736457	100736696	LINE/L2	731	+	120	100736577	796
chr8	100735781	100935781	harbor1	chr8	100762815	100763185	LINE/L2	684	+	185	100763000	27219
chr8	100735781	100935781	harbor1	chr8	100766346	100766462	LINE/L2	487	+	58	100766404	30623
chr8	93578948	93778948	harbor1	chr8	93595096	93595218	LINE/L2	444	+	61	93595157	16209
chr8	93578948	93778948	harbor1	chr8	93613039	93613375	LINE/L2	782	+	168	93613207	34259
chr8	93578948	93778948	harbor1	chr8	93613682	93613739	LINE/L2	782	+	28	93613710	34762
chr8	93578948	93778948	harbor1	chr8	93614239	93614346	LINE/L2	469	+	54	93614293	35345
chr8	93578948	93778948	harbor1	chr8	93626566	93626817	LINE/L2	474	+	126	93626692	47744
chr8	93578948	93778948	harbor1	chr8	93626945	93626956	LINE/L2	474	+	6	93626951	48003
chr8	93578948	93778948	harbor1	chr8	93627243	93627527	LINE/L2	474	+	142	93627385	48437
chr8	93578948	93778948	harbor1	chr8	93673839	93674037	LINE/L2	486	+	99	93673938	94990
chr8	25356198	25556198	harbor1	chr8	25375011	25375395	LINE/L2	483	+	192	25375203	19005
chr8	25356198	25556198	harbor1	chr8	25393511	25393907	LINE/L2	551	+	198	25393709	37511
chr8	30072251	30272251	harbor1	chr8	30079925	30080371	LINE/L2	1003	+	223	30080148	7897
chr8	30072251	30272251	harbor1	chr8	30080363	30080670	LINE/L2	686	+	154	30080517	8266
chr8	30072251	30272251	harbor1	chr8	30098945	30099256	LINE/L2	793	+	156	30099101	26850
chr8	30072251	30272251	harbor1	chr8	30145363	30145562	LINE/L2	398	+	100	30145463	73212
chr8	84972957	85172957	harbor1	chr8	85051460	85051849	LINE/L2	503	+	194	85051654	78697
chr8	95747443	95947443	harbor1	chr8	95753709	95753869	LINE/L2	577	+	80	95753789	6346
chr9	97128163	97328163	harbor1	chr9	97128422	97128701	LINE/L2	565	+	140	97128562	399
chr9	97128163	97328163	harbor1	chr9	97178693	97178839	LINE/L2	408	+	73	97178766	50603
chr9	33990465	34190465	harbor1	chr9	34064768	34064842	LINE/L2	411	+	37	34064805	74340
chr9	33990465	34190465	harbor1	chr9	34064973	34065046	LINE/L2	411	+	36	34065009	74544
chr9	118082244	118282244	harbor1	chr9	118089743	118090002	LINE/L2	940	+	130	118089873	7629
chr9	118082244	118282244	harbor1	chr9	118090223	118090621	LINE/L2	940	+	199	118090422	8178
chr9	118082244	118282244	harbor1	chr9	118133305	118133727	LINE/L2	557	+	211	118133516	51272
chr9	118082244	118282244	harbor1	chr9	118145680	118145803	LINE/L2	465	+	62	118145742	63498
chr9	118082244	118282244	harbor1	chr9	118160272	118160570	LINE/L2	2076	+	149	118160421	78177
chr9	118082244	118282244	harbor1	chr9	118180394	118181897	LINE/L2	2478	+	752	118181146	98902
chr9	118082244	118282244	harbor1	chr9	118160664	118161499	LINE/L2	2076	+	418	118161082	78838
chr9	77843322	78043322	harbor1	chr9	77881022	77881363	LINE/L2	437	+	170	77881192	37870
chr9	30111802	30311802	harbor1	chr9	30119702	30119882	LINE/L2	501	+	90	30119792	7990
chr9	125661246	125861246	harbor1	chr9	125663102	125663646	LINE/L2	1527	+	272	125663374	2128
chr9	125661246	125861246	harbor1	chr9	125731456	125731786	LINE/L2	577	+	165	125731621	70375
chr9	125661246	125861246	harbor1	chr9	125732090	125732394	LINE/L2	577	+	152	125732242	70996
chr9	26899847	27099847	harbor1	chr9	26920659	26921267	LINE/L2	981	+	304	26920963	21116
chr9	26899847	27099847	harbor1	chr9	26945514	26945689	LINE/L2	438	+	88	26945602	45755
chr9	26899847	27099847	harbor1	chr9	26960051	26960337	LINE/L2	451	+	143	26960194	60347
chr9	98539418	98739418	harbor1	chr9	98576204	98576464	LINE/L2	574	+	130	98576334	36916
chr9	98539418	98739418	harbor1	chr9	98576720	98576904	LINE/L2	472	+	92	98576812	37394
chr9	98539418	98739418	harbor1	chr9	98580078	98580504	LINE/L2	842	+	213	98580291	40873
chr9	98539418	98739418	harbor1	chr9	98622603	98622742	LINE/L2	498	+	70	98622673	83255
chr9	83145654	83345654	harbor1	chr9	83156405	83156646	LINE/L2	855	+	120	83156525	10871
chr9	83145654	83345654	harbor1	chr9	83178412	83178985	LINE/L2	442	+	286	83178698	33044
chr9	83145654	83345654	harbor1	chr9	83200432	83200772	LINE/L2	761	+	170	83200602	54948
chr9	83145654	83345654	harbor1	chr9	83233394	83233597	LINE/L2	458	+	102	83233496	87842
chr9	113974093	114174093	harbor1	chr9	113989736	113990368	LINE/L2	490	+	316	113990052	15959
chr9	113974093	114174093	harbor1	chr9	114014346	114014573	LINE/L2	408	+	114	114014460	40367
chr9	113974093	114174093	harbor1	chr9	114061915	114062264	LINE/L2	421	+	174	114062089	87996
chr9	27086639	27286639	harbor1	chr9	27120164	27120424	LINE/L2	611	+	130	27120294	33655
chr9	27086639	27286639	harbor1	chr9	27120869	27121022	LINE/L2	611	+	76	27120945	34306
chr9	27086639	27286639	harbor1	chr9	27172220	27172577	LINE/L2	650	+	178	27172398	85759
chr9	69968562	70168562	harbor1	chr9	69993779	69994273	LINE/L2	672	+	247	69994026	25464
chr9	78024731	78224731	harbor1	chr9	78036074	78036189	LINE/L2	603	+	58	78036132	11401
chr9	78024731	78224731	harbor1	chr9	78122341	78123548	LINE/L2	2534	+	604	78122945	98214
chr9	83176166	83376166	harbor1	chr9	83178412	83178985	LINE/L2	442	+	286	83178698	2532
chr9	83176166	83376166	harbor1	chr9	83200432	83200772	LINE/L2	761	+	170	83200602	24436
chr9	83176166	83376166	harbor1	chr9	83233394	83233597	LINE/L2	458	+	102	83233496	57330
chr9	83176166	83376166	harbor1	chr9	83262196	83262817	LINE/L2	423	+	310	83262506	86340
chr9	41529270	41729270	harbor1	chr9	41586112	41586553	LINE/L2	685	+	220	41586332	57062
chr9	111126466	111326466	harbor1	chr9	111159314	111159459	LINE/L2	1879	+	72	111159386	32920
chr9	111126466	111326466	harbor1	chr9	111159767	111160289	LINE/L2	1879	+	261	111160028	33562
chr9	111126466	111326466	harbor1	chr9	111193977	111194216	LINE/L2	601	+	120	111194097	67631
chr9	111126466	111326466	harbor1	chr9	111195039	111195289	LINE/L2	601	+	125	111195164	68698
chr9	111126466	111326466	harbor1	chr9	111221900	111222424	LINE/L2	883	+	262	111222162	95696
chr9	19269648	19469648	harbor1	chr9	19301311	19301452	LINE/L2	491	+	70	19301381	31733
chr9	19269648	19469648	harbor1	chr9	19302647	19303038	LINE/L2	817	+	196	19302843	33195
chr9	19269648	19469648	harbor1	chr9	19303273	19303327	LINE/L2	817	+	27	19303300	33652
chr9	4843494	5043494	harbor1	chr9	4859388	4859540	LINE/L2	466	+	76	4859464	15970
chr9	4843494	5043494	harbor1	chr9	4882910	4883269	LINE/L2	451	+	180	4883090	39596
chr9	4843494	5043494	harbor1	chr9	4893575	4894236	LINE/L2	792	+	330	4893905	50411
chr9	62624773	62824773	harbor1	chr9	62700194	62700387	LINE/L2	594	+	96	62700290	75517
chr9	62624773	62824773	harbor1	chr9	62703490	62704285	LINE/L2	962	+	398	62703888	79115
chr9	61829865	62029865	harbor1	chr9	61889210	61889412	LINE/L2	592	+	101	61889311	59446
chr9	61829865	62029865	harbor1	chr9	61889430	61889559	LINE/L2	484	+	64	61889494	59629
chr9	61829865	62029865	harbor1	chr9	61895553	61895651	LINE/L2	638	+	49	61895602	65737
chr9	61829865	62029865	harbor1	chr9	61895994	61896226	LINE/L2	638	+	116	61896110	66245
chr9	35823927	36023927	harbor1	chr9	35826669	35826800	LINE/L2	428	+	66	35826735	2808
chr9	35823927	36023927	harbor1	chr9	35838316	35839014	LINE/L2	1224	+	349	35838665	14738
chr9	62331003	62531003	harbor1	chr9	62370795	62371236	LINE/L2	689	+	220	62371015	40012
chr9	40553523	40753523	harbor1	chr9	40576398	40577381	LINE/L2	769	+	492	40576890	23367
chr9	108619343	108819343	harbor1	chr9	108641064	108641392	LINE/L2	629	+	164	108641228	21885
chr9	131594814	131794814	harbor1	chr9	131636021	131636300	LINE/L2	503	+	140	131636161	41347
chr9	131594814	131794814	harbor1	chr9	131662129	131662371	LINE/L2	569	+	121	131662250	67436
chr9	131594814	131794814	harbor1	chr9	131665182	131665606	LINE/L2	1356	+	212	131665394	70580
chr9	131594814	131794814	harbor1	chr9	131694537	131694797	LINE/L2	719	+	130	131694667	99853
chr9	111194252	111394252	harbor1	chr9	111195039	111195289	LINE/L2	601	+	125	111195164	912
chr9	111194252	111394252	harbor1	chr9	111221900	111222424	LINE/L2	883	+	262	111222162	27910
chr9	100628232	100828232	harbor1	chr9	100716278	100716571	LINE/L2	462	+	146	100716424	88192
chr9	137812511	138012511	harbor1	chr9	137873870	137874394	LINE/L2	698	+	262	137874132	61621
chr9	128404376	128604376	harbor1	chr9	128413902	128414165	LINE/L2	923	+	132	128414034	9658
chr9	128404376	128604376	harbor1	chr9	128414477	128414698	LINE/L2	923	+	110	128414587	10211
chr9	73017556	73217556	harbor1	chr9	73023944	73024195	LINE/L2	710	+	126	73024070	6514
chr9	73017556	73217556	harbor1	chr9	73053622	73053762	LINE/L2	522	+	70	73053692	36136
chr9	73017556	73217556	harbor1	chr9	73107143	73107272	LINE/L2	416	+	64	73107207	89651
chr9	82084965	82284965	harbor1	chr9	82160720	82161131	LINE/L2	982	+	206	82160926	75961
chr9	82084965	82284965	harbor1	chr9	82161403	82161733	LINE/L2	982	+	165	82161568	76603
chr9	62690974	62890974	harbor1	chr9	62700194	62700387	LINE/L2	594	+	96	62700290	9316
chr9	62690974	62890974	harbor1	chr9	62703490	62704285	LINE/L2	962	+	398	62703888	12914
chr9	62690974	62890974	harbor1	chr9	62747126	62747579	LINE/L2	521	+	226	62747352	56378
chr9	39958162	40158162	harbor1	chr9	39973875	39974303	LINE/L2	2217	+	214	39974089	15927
chr9	39958162	40158162	harbor1	chr9	39974534	39975047	LINE/L2	2217	+	256	39974790	16628
chr9	39958162	40158162	harbor1	chr9	39975087	39975326	LINE/L2	2217	+	120	39975207	17045
chr9	39958162	40158162	harbor1	chr9	39975828	39976541	LINE/L2	784	+	356	39976184	18022
chr9	6052672	6252672	harbor1	chr9	6089623	6090025	LINE/L2	679	+	201	6089824	37152
chr9	14444199	14644199	harbor1	chr9	14460697	14461274	LINE/L2	550	+	288	14460985	16786
chr9	103036626	103236626	harbor1	chr9	103081427	103081801	LINE/L2	526	+	187	103081614	44988
chr9	25682491	25882491	harbor1	chr9	25690271	25691416	LINE/L2	779	+	572	25690843	8352
chr9	25682491	25882491	harbor1	chr9	25699670	25700037	LINE/L2	480	+	184	25699854	17363
chr9	25682491	25882491	harbor1	chr9	25726438	25727630	LINE/L2	472	+	596	25727034	44543
chr9	11654478	11854478	harbor1	chr9	11724412	11725659	LINE/L2	1704	+	624	11725036	70558
chr9	88014892	88214892	harbor1	chr9	88105315	88105871	LINE/L2	995	+	278	88105593	90701
chr9	37467661	37667661	harbor1	chr9	37524045	37524460	LINE/L2	416	+	208	37524253	56592
chr9	37467661	37667661	harbor1	chr9	37527437	37527784	LINE/L2	446	+	174	37527611	59950
chr9	37467661	37667661	harbor1	chr9	37545504	37545716	LINE/L2	524	+	106	37545610	77949
chr9	37467661	37667661	harbor1	chr9	37562521	37562656	LINE/L2	539	+	68	37562589	94928
chr9	71663645	71863645	harbor1	chr9	71699622	71700021	LINE/L2	431	+	200	71699822	36177
chr9	71663645	71863645	harbor1	chr9	71743454	71743753	LINE/L2	414	+	150	71743604	79959
chr9	123396288	123596288	harbor1	chr9	123454076	123454217	LINE/L2	419	+	70	123454146	57858
chr9	123396288	123596288	harbor1	chr9	123480456	123480817	LINE/L2	769	+	180	123480636	84348
chr9	123396288	123596288	harbor1	chr9	123494651	123494788	LINE/L2	479	+	68	123494719	98431
chr9	123396288	123596288	harbor1	chr9	123495092	123495135	LINE/L2	479	+	22	123495114	98826
chr9	123396288	123596288	harbor1	chr9	123495171	123495298	LINE/L2	479	+	64	123495235	98947
chr9	103581082	103781082	harbor1	chr9	103643314	103643463	LINE/L2	441	+	74	103643388	62306
chr9	123097805	123297805	harbor1	chr9	123130765	123130967	LINE/L2	527	+	101	123130866	33061
chr9	123097805	123297805	harbor1	chr9	123131164	123131756	LINE/L2	766	+	296	123131460	33655
chr9	123097805	123297805	harbor1	chr9	123145890	123146043	LINE/L2	512	+	76	123145966	48161
chr9	123097805	123297805	harbor1	chr9	123193482	123193974	LINE/L2	807	+	246	123193728	95923
chr9	123097805	123297805	harbor1	chr9	123194085	123194499	LINE/L2	807	+	207	123194292	96487
chr9	123097805	123297805	harbor1	chr9	123194513	123194977	LINE/L2	420	+	232	123194745	96940
chr9	123097805	123297805	harbor1	chr9	123194986	123195334	LINE/L2	1062	+	174	123195160	97355
chr9	76775172	76975172	harbor1	chr9	76780897	76781764	LINE/L2	781	+	434	76781331	6159
chr9	76775172	76975172	harbor1	chr9	76852024	76852155	LINE/L2	528	+	66	76852090	76918
chr9	117261750	117461750	harbor1	chr9	117293116	117293430	LINE/L2	791	+	157	117293273	31523
chr9	117261750	117461750	harbor1	chr9	117294735	117295039	LINE/L2	528	+	152	117294887	33137
chr9	117261750	117461750	harbor1	chr9	117295352	117295526	LINE/L2	528	+	87	117295439	33689
chr9	117261750	117461750	harbor1	chr9	117311718	117311838	LINE/L2	484	+	60	117311778	50028
chr9	117261750	117461750	harbor1	chr9	117334538	117334771	LINE/L2	590	+	116	117334654	72904
chr9	117261750	117461750	harbor1	chr9	117335082	117335299	LINE/L2	590	+	108	117335190	73440
chr9	73012635	73212635	harbor1	chr9	73023944	73024195	LINE/L2	710	+	126	73024070	11435
chr9	73012635	73212635	harbor1	chr9	73053622	73053762	LINE/L2	522	+	70	73053692	41057
chr9	73012635	73212635	harbor1	chr9	73107143	73107272	LINE/L2	416	+	64	73107207	94572
chr9	86770401	86970401	harbor1	chr9	86804044	86804349	LINE/L2	576	+	152	86804196	33795
chr9	71449025	71649025	harbor1	chr9	71480589	71481152	LINE/L2	662	+	282	71480871	31846
chr9	71449025	71649025	harbor1	chr9	71514999	71515154	LINE/L2	500	+	78	71515077	66052
chr9	89403176	89603176	harbor1	chr9	89491942	89492774	LINE/L2	955	+	416	89492358	89182
chr9	14428652	14628652	harbor1	chr9	14460697	14461274	LINE/L2	550	+	288	14460985	32333
chr9	88022901	88222901	harbor1	chr9	88105315	88105871	LINE/L2	995	+	278	88105593	82692
chr9	88022901	88222901	harbor1	chr9	88118205	88118696	LINE/L2	436	+	246	88118451	95550
chr9	22488892	22688892	harbor1	chr9	22559397	22559615	LINE/L2	566	+	109	22559506	70614
chr9	22488892	22688892	harbor1	chr9	22560036	22560110	LINE/L2	566	+	37	22560073	71181
chr9	22488892	22688892	harbor1	chr9	22564021	22564473	LINE/L2	547	+	226	22564247	75355
chr9	63121576	63321576	harbor1	chr9	63127695	63127816	LINE/L2	558	+	60	63127755	6179
chr9	63121576	63321576	harbor1	chr9	63128173	63128499	LINE/L2	558	+	163	63128336	6760
chr9	130786765	130986765	harbor1	chr9	130815355	130815739	LINE/L2	1207	+	192	130815547	28782
chr9	130786765	130986765	harbor1	chr9	130816043	130816328	LINE/L2	1207	+	142	130816185	29420
chr9	37572989	37772989	harbor1	chr9	37599970	37600046	LINE/L2	832	+	38	37600008	27019
chr9	37572989	37772989	harbor1	chr9	37600380	37600889	LINE/L2	832	+	254	37600634	27645
chr9	37572989	37772989	harbor1	chr9	37609517	37610177	LINE/L2	1051	+	330	37609847	36858
chr9	37572989	37772989	harbor1	chr9	37610291	37610389	LINE/L2	1020	+	49	37610340	37351
chr9	37572989	37772989	harbor1	chr9	37613695	37613978	LINE/L2	666	+	142	37613837	40848
chr9	37572989	37772989	harbor1	chr9	37649863	37650183	LINE/L2	520	+	160	37650023	77034
chr9	37572989	37772989	harbor1	chr9	37601235	37601463	LINE/L2	832	+	114	37601349	28360
chr9	90063687	90263687	harbor1	chr9	90110116	90110434	LINE/L2	424	+	159	90110275	46588
chr9	90063687	90263687	harbor1	chr9	90116053	90117056	LINE/L2	1897	+	502	90116555	52868
chr9	90063687	90263687	harbor1	chr9	90117600	90117947	LINE/L2	854	+	174	90117774	54087
chr9	90063687	90263687	harbor1	chr9	90118283	90118757	LINE/L2	992	+	237	90118520	54833
chr9	90063687	90263687	harbor1	chr9	90119933	90120454	LINE/L2	1003	+	260	90120193	56506
chr9	90063687	90263687	harbor1	chr9	90131596	90133056	LINE/L2	624	+	730	90132326	68639
chr9	84566430	84766430	harbor1	chr9	84595925	84596948	LINE/L2	2389	+	512	84596437	30007
chr9	84566430	84766430	harbor1	chr9	84597223	84598329	LINE/L2	2389	+	553	84597776	31346
chr9	38182405	38382405	harbor1	chr9	38209053	38209273	LINE/L2	421	+	110	38209163	26758
chr9	38182405	38382405	harbor1	chr9	38215297	38215406	LINE/L2	439	+	54	38215351	32946
chr9	80956482	81156482	harbor1	chr9	81019501	81019810	LINE/L2	544	+	154	81019655	63173
chr9	80956482	81156482	harbor1	chr9	81038769	81039031	LINE/L2	648	+	131	81038900	82418
chr9	80956482	81156482	harbor1	chr9	81039481	81039934	LINE/L2	1000	+	226	81039707	83225
chr9	80956482	81156482	harbor1	chr9	81039947	81040411	LINE/L2	1027	+	232	81040179	83697
chr9	80956482	81156482	harbor1	chr9	81052387	81053329	LINE/L2	502	+	471	81052858	96376
chr9	70026245	70226245	harbor1	chr9	70084359	70084445	LINE/L2	487	+	43	70084402	58157
chr9	104724134	104924134	harbor1	chr9	104731174	104731472	LINE/L2	759	+	149	104731323	7189
chr9	104724134	104924134	harbor1	chr9	104746326	104746557	LINE/L2	624	+	116	104746442	22308
chr9	104724134	104924134	harbor1	chr9	104776679	104776868	LINE/L2	1070	+	94	104776773	52639
chr9	104724134	104924134	harbor1	chr9	104777762	104778238	LINE/L2	1342	+	238	104778000	53866
chr9	104724134	104924134	harbor1	chr9	104778527	104779393	LINE/L2	1342	+	433	104778960	54826
chr9	104724134	104924134	harbor1	chr9	104774841	104776373	LINE/L2	3158	+	766	104775607	51473
chr9	35780975	35980975	harbor1	chr9	35817618	35818285	LINE/L2	573	+	334	35817952	36977
chr9	35780975	35980975	harbor1	chr9	35821006	35821277	LINE/L2	477	+	136	35821142	40167
chr9	35780975	35980975	harbor1	chr9	35822067	35822400	LINE/L2	664	+	166	35822233	41258
chr9	35780975	35980975	harbor1	chr9	35822707	35823034	LINE/L2	664	+	164	35822871	41896
chr9	35780975	35980975	harbor1	chr9	35823068	35823414	LINE/L2	578	+	173	35823241	42266
chr9	35780975	35980975	harbor1	chr9	35826669	35826800	LINE/L2	428	+	66	35826735	45760
chr9	35780975	35980975	harbor1	chr9	35838316	35839014	LINE/L2	1224	+	349	35838665	57690
chr9	86403068	86603068	harbor1	chr9	86440950	86441060	LINE/L2	424	+	55	86441005	37937
chr9	126255986	126455986	harbor1	chr9	126292061	126292521	LINE/L2	812	+	230	126292291	36305
chr9	126255986	126455986	harbor1	chr9	126298649	126299090	LINE/L2	675	+	220	126298869	42883
chr9	40994530	41194530	harbor1	chr9	41055941	41056536	LINE/L2	1124	+	298	41056239	61709
chr9	40994530	41194530	harbor1	chr9	41057232	41057373	LINE/L2	414	+	70	41057302	62772
chr9	71363821	71563821	harbor1	chr9	71363655	71363926	LINE/L2	561	+	136	71363791	30
chr9	71363821	71563821	harbor1	chr9	71424565	71426205	LINE/L2	2395	+	820	71425385	61564
chr9	71363821	71563821	harbor1	chr9	71429796	71430173	LINE/L2	1093	+	188	71429984	66163
chr9	120298963	120498963	harbor1	chr9	120326359	120326688	LINE/L2	702	+	164	120326523	27560
chr9	120298963	120498963	harbor1	chr9	120326724	120326819	LINE/L2	702	+	48	120326772	27809
chr9	34052079	34252079	harbor1	chr9	34064768	34064842	LINE/L2	411	+	37	34064805	12726
chr9	34052079	34252079	harbor1	chr9	34064973	34065046	LINE/L2	411	+	36	34065009	12930
chr9	34052079	34252079	harbor1	chr9	34106755	34107115	LINE/L2	1170	+	180	34106935	54856
chr9	34052079	34252079	harbor1	chr9	34110938	34110975	LINE/L2	439	+	18	34110956	58877
chr9	34052079	34252079	harbor1	chr9	34111284	34111551	LINE/L2	439	+	134	34111418	59339
chr9	131544738	131744738	harbor1	chr9	131636021	131636300	LINE/L2	503	+	140	131636161	91423
chr9	104665042	104865042	harbor1	chr9	104669883	104670148	LINE/L2	466	+	132	104670015	4973
chr9	104665042	104865042	harbor1	chr9	104673775	104674178	LINE/L2	1364	+	202	104673977	8935
chr9	104665042	104865042	harbor1	chr9	104674495	104674920	LINE/L2	1364	+	212	104674707	9665
chr9	104665042	104865042	harbor1	chr9	104697302	104697763	LINE/L2	445	+	230	104697532	32490
chr9	104665042	104865042	harbor1	chr9	104731174	104731472	LINE/L2	759	+	149	104731323	66281
chr9	104665042	104865042	harbor1	chr9	104746326	104746557	LINE/L2	624	+	116	104746442	81400
chr9	40638818	40838818	harbor1	chr9	40654194	40654540	LINE/L2	443	+	173	40654367	15549
chr9	77275183	77475183	harbor1	chr9	77354671	77356565	LINE/L2	3546	+	947	77355618	80435
chr9	101557101	101757101	harbor1	chr9	101561305	101561458	LINE/L2	528	+	76	101561381	4280
chr9	101557101	101757101	harbor1	chr9	101584954	101586373	LINE/L2	2837	+	710	101585664	28563
chr9	101557101	101757101	harbor1	chr9	101595301	101595451	LINE/L2	439	+	75	101595376	38275
chr9	101557101	101757101	harbor1	chr9	101631901	101632493	LINE/L2	452	+	296	101632197	75096
chr9	98081996	98281996	harbor1	chr9	98092998	98093319	LINE/L2	478	+	160	98093158	11162
chr9	98081996	98281996	harbor1	chr9	98093628	98093733	LINE/L2	560	+	52	98093680	11684
chr9	98081996	98281996	harbor1	chr9	98094044	98094210	LINE/L2	560	+	83	98094127	12131
chr9	98081996	98281996	harbor1	chr9	98096590	98096916	LINE/L2	581	+	163	98096753	14757
chr9	98081996	98281996	harbor1	chr9	98097211	98097420	LINE/L2	581	+	104	98097315	15319
chr9	134048819	134248819	harbor1	chr9	134055136	134055405	LINE/L2	485	+	134	134055270	6451
chr9	80517341	80717341	harbor1	chr9	80598003	80598413	LINE/L2	838	+	205	80598208	80867
chr9	65784459	65984459	harbor1	chr9	65879102	65879220	LINE/L2	589	+	59	65879161	94702
chr9	65784459	65984459	harbor1	chr9	65879567	65879893	LINE/L2	589	+	163	65879730	95271
chr9	71005723	71205723	harbor1	chr9	71102406	71102913	LINE/L2	540	+	254	71102660	96937
chr9	9268559	9468559	harbor1	chr9	9300083	9300474	LINE/L2	466	+	196	9300279	31720
chr9	9268559	9468559	harbor1	chr9	9307618	9308003	LINE/L2	425	+	192	9307810	39251
chr9	113415641	113615641	harbor1	chr9	113416488	113416673	LINE/L2	467	+	92	113416580	939
chr9	113415641	113615641	harbor1	chr9	113416904	113417218	LINE/L2	668	+	157	113417061	1420
chr9	113415641	113615641	harbor1	chr9	113448158	113448747	LINE/L2	656	+	294	113448452	32811
chr9	113415641	113615641	harbor1	chr9	113455992	113456799	LINE/L2	1143	+	404	113456396	40755
chr9	113415641	113615641	harbor1	chr9	113457096	113457529	LINE/L2	1143	+	216	113457312	41671
chr9	19514673	19714673	harbor1	chr9	19569502	19570158	LINE/L2	492	+	328	19569830	55157
chr9	19514673	19714673	harbor1	chr9	19582780	19583529	LINE/L2	1159	+	374	19583154	68481
chr9	19514673	19714673	harbor1	chr9	19590231	19590947	LINE/L2	725	+	358	19590589	75916
chr9	19514673	19714673	harbor1	chr9	19590948	19591334	LINE/L2	1153	+	193	19591141	76468
chr9	22492977	22692977	harbor1	chr9	22559397	22559615	LINE/L2	566	+	109	22559506	66529
chr9	22492977	22692977	harbor1	chr9	22560036	22560110	LINE/L2	566	+	37	22560073	67096
chr9	22492977	22692977	harbor1	chr9	22564021	22564473	LINE/L2	547	+	226	22564247	71270
chr9	95712097	95912097	harbor1	chr9	95735614	95735975	LINE/L2	414	+	180	95735794	23697
chr9	95712097	95912097	harbor1	chr9	95746531	95746727	LINE/L2	481	+	98	95746629	34532
chr9	95712097	95912097	harbor1	chr9	95747617	95747749	LINE/L2	575	+	66	95747683	35586
chr9	95712097	95912097	harbor1	chr9	95748521	95748729	LINE/L2	438	+	104	95748625	36528
chr9	95712097	95912097	harbor1	chr9	95767701	95767937	LINE/L2	615	+	118	95767819	55722
chr9	33552175	33752175	harbor1	chr9	33571610	33572108	LINE/L2	464	+	249	33571859	19684
chr9	33552175	33752175	harbor1	chr9	33604567	33604944	LINE/L2	454	+	188	33604755	52580
chr9	33552175	33752175	harbor1	chr9	33607608	33608663	LINE/L2	1353	+	528	33608136	55961
chr9	66297178	66497178	harbor1	chr9	66327622	66328532	LINE/L2	1040	+	455	66328077	30899
chr9	65148555	65348555	harbor1	chr9	65194528	65195511	LINE/L2	759	+	492	65195020	46465
chr9	99822946	100022946	harbor1	chr9	99875365	99875615	LINE/L2	585	+	125	99875490	52544
chr9	71815207	72015207	harbor1	chr9	71864540	71864893	LINE/L2	451	+	176	71864716	49509
chr9	71815207	72015207	harbor1	chr9	71904046	71904330	LINE/L2	441	+	142	71904188	88981
chr9	124069006	124269006	harbor1	chr9	124071893	124072048	LINE/L2	446	+	78	124071971	2965
chr9	124069006	124269006	harbor1	chr9	124104677	124104870	LINE/L2	735	+	96	124104773	35767
chr9	124069006	124269006	harbor1	chr9	124105187	124105289	LINE/L2	735	+	51	124105238	36232
chr9	124069006	124269006	harbor1	chr9	124105707	124105937	LINE/L2	784	+	115	124105822	36816
chr9	124069006	124269006	harbor1	chr9	124113134	124113377	LINE/L2	417	+	122	124113256	44250
chr9	124069006	124269006	harbor1	chr9	124126692	124126815	LINE/L2	425	+	62	124126754	57748
chr9	26128453	26328453	harbor1	chr9	26222617	26223024	LINE/L2	482	+	204	26222821	94368
chr9	67564572	67764572	harbor1	chr9	67633464	67633817	LINE/L2	576	+	176	67633640	69068
chr9	67564572	67764572	harbor1	chr9	67655198	67655347	LINE/L2	569	+	74	67655272	90700
chr9	100749114	100949114	harbor1	chr9	100816247	100816773	LINE/L2	493	+	263	100816510	67396
chr9	100749114	100949114	harbor1	chr9	100821389	100821817	LINE/L2	412	+	214	100821603	72489
chr9	100749114	100949114	harbor1	chr9	100822288	100822980	LINE/L2	1223	+	346	100822634	73520
chr9	100749114	100949114	harbor1	chr9	100847908	100848528	LINE/L2	520	+	310	100848218	99104
chr9	120819187	121019187	harbor1	chr9	120820608	120820789	LINE/L2	430	+	90	120820698	1511
chr9	92345684	92545684	harbor1	chr9	92401290	92401460	LINE/L2	425	+	85	92401375	55691
chr9	92345684	92545684	harbor1	chr9	92420047	92420674	LINE/L2	1622	+	314	92420361	74677
chr9	130370027	130570027	harbor1	chr9	130390106	130390442	LINE/L2	436	+	168	130390274	20247
chr9	130370027	130570027	harbor1	chr9	130399857	130400201	LINE/L2	491	+	172	130400029	30002
chr9	6225801	6425801	harbor1	chr9	6231046	6231696	LINE/L2	750	+	325	6231371	5570
chr9	6225801	6425801	harbor1	chr9	6234650	6234935	LINE/L2	411	+	142	6234792	8991
chr9	70478800	70678800	harbor1	chr9	70559114	70559227	LINE/L2	490	+	56	70559170	80370
chr9	70478800	70678800	harbor1	chr9	70574140	70574728	LINE/L2	708	+	294	70574434	95634
chr9	70478800	70678800	harbor1	chr9	70576813	70577204	LINE/L2	525	+	196	70577009	98209
chr9	11499007	11699007	harbor1	chr9	11530031	11530531	LINE/L2	583	+	250	11530281	31274
chr9	11499007	11699007	harbor1	chr9	11561189	11561542	LINE/L2	755	+	176	11561365	62358
chr9	36869117	37069117	harbor1	chr9	36872904	36873368	LINE/L2	635	+	232	36873136	4019
chr9	36869117	37069117	harbor1	chr9	36901242	36901446	LINE/L2	504	+	102	36901344	32227
chr9	36869117	37069117	harbor1	chr9	36934664	36934910	LINE/L2	445	+	123	36934787	65670
chr9	36869117	37069117	harbor1	chr9	36940755	36940872	LINE/L2	511	+	58	36940813	71696
chr9	36869117	37069117	harbor1	chr9	36964877	36965371	LINE/L2	696	+	247	36965124	96007
chr9	26585234	26785234	harbor1	chr9	26651440	26651511	LINE/L2	1029	+	36	26651476	66242
chr9	26585234	26785234	harbor1	chr9	26651864	26652176	LINE/L2	1029	+	156	26652020	66786
chr9	26585234	26785234	harbor1	chr9	26652535	26652645	LINE/L2	1029	+	55	26652590	67356
chr9	26585234	26785234	harbor1	chr9	26660230	26660814	LINE/L2	731	+	292	26660522	75288
chr9	26585234	26785234	harbor1	chr9	26665293	26665586	LINE/L2	520	+	146	26665439	80205
chr9	99559588	99759588	harbor1	chr9	99562908	99563392	LINE/L2	1272	+	242	99563150	3562
chr9	99559588	99759588	harbor1	chr9	99563593	99563870	LINE/L2	542	+	138	99563731	4143
chr9	99559588	99759588	harbor1	chr9	99580042	99580361	LINE/L2	639	+	160	99580202	20614
chr9	99559588	99759588	harbor1	chr9	99586082	99586401	LINE/L2	413	+	160	99586242	26654
chr9	99559588	99759588	harbor1	chr9	99658897	99659411	LINE/L2	435	+	257	99659154	99566
chr9	115316730	115516730	harbor1	chr9	115351494	115351985	LINE/L2	590	+	246	115351740	35010
chr9	28636786	28836786	harbor1	chr9	28677931	28678393	LINE/L2	580	+	231	28678162	41376
chr9	118473862	118673862	harbor1	chr9	118523086	118523366	LINE/L2	508	+	140	118523226	49364
chr9	118473862	118673862	harbor1	chr9	118568172	118568377	LINE/L2	1107	+	102	118568274	94412
chr9	118473862	118673862	harbor1	chr9	118568690	118569262	LINE/L2	1107	+	286	118568976	95114
chr9	128502440	128702440	harbor1	chr9	128529588	128529687	LINE/L2	869	+	50	128529638	27198
chr9	128502440	128702440	harbor1	chr9	128529723	128529786	LINE/L2	869	+	32	128529755	27315
chr9	128502440	128702440	harbor1	chr9	128530095	128530437	LINE/L2	869	+	171	128530266	27826
chr9	90208311	90408311	harbor1	chr9	90245690	90245910	LINE/L2	409	+	110	90245800	37489
chr9	90208311	90408311	harbor1	chr9	90262784	90264505	LINE/L2	1799	+	860	90263644	55333
chr9	90208311	90408311	harbor1	chr9	90264807	90265357	LINE/L2	1799	+	275	90265082	56771
chr9	111316148	111516148	harbor1	chr9	111320918	111321630	LINE/L2	1369	+	356	111321274	5126
chr9	111316148	111516148	harbor1	chr9	111386752	111386932	LINE/L2	479	+	90	111386842	70694
chr9	111316148	111516148	harbor1	chr9	111394881	111395108	LINE/L2	721	+	114	111394995	78847
chr9	36546922	36746922	harbor1	chr9	36579485	36579632	LINE/L2	508	+	74	36579559	32637
chr9	36546922	36746922	harbor1	chr9	36612932	36613275	LINE/L2	575	+	172	36613104	66182
chr9	8477014	8677014	harbor1	chr9	8492294	8492620	LINE/L2	641	+	163	8492457	15443
chr9	8477014	8677014	harbor1	chr9	8567286	8567615	LINE/L2	408	+	164	8567450	90436
chr9	133282205	133482205	harbor1	chr9	133337879	133338138	LINE/L2	630	+	130	133338009	55804
chr9	17834613	18034613	harbor1	chr9	17846139	17846341	LINE/L2	1092	+	101	17846240	11627
chr9	17834613	18034613	harbor1	chr9	17846615	17846791	LINE/L2	1092	+	88	17846703	12090
chr9	17834613	18034613	harbor1	chr9	17888494	17888959	LINE/L2	1689	+	232	17888726	54113
chr9	17834613	18034613	harbor1	chr9	17889350	17889389	LINE/L2	1689	+	20	17889370	54757
chr9	17834613	18034613	harbor1	chr9	17889833	17890323	LINE/L2	1689	+	245	17890078	55465
chr9	17834613	18034613	harbor1	chr9	17929175	17929250	LINE/L2	420	+	38	17929213	94600
chr9	17834613	18034613	harbor1	chr9	17929438	17929960	LINE/L2	420	+	261	17929699	95086
chr9	122046153	122246153	harbor1	chr9	122072269	122072362	LINE/L2	446	+	46	122072315	26162
chr9	122046153	122246153	harbor1	chr9	122072656	122072988	LINE/L2	446	+	166	122072822	26669
chr9	122046153	122246153	harbor1	chr9	122076131	122076276	LINE/L2	428	+	72	122076203	30050
chr9	122046153	122246153	harbor1	chr9	122110675	122110923	LINE/L2	444	+	124	122110799	64646
chr9	122046153	122246153	harbor1	chr9	122139135	122139554	LINE/L2	758	+	210	122139345	93192
chr9	65716215	65916215	harbor1	chr9	65778512	65779504	LINE/L2	608	+	496	65779008	62793
chr9	91234380	91434380	harbor1	chr9	91272593	91272796	LINE/L2	567	+	102	91272695	38315
chr9	91234380	91434380	harbor1	chr9	91281467	91282493	LINE/L2	1951	+	513	91281980	47600
chr9	91234380	91434380	harbor1	chr9	91309842	91310116	LINE/L2	597	+	137	91309979	75599
chr9	91234380	91434380	harbor1	chr9	91326957	91327208	LINE/L2	651	+	126	91327083	92703
chr9	91234380	91434380	harbor1	chr9	91328128	91328297	LINE/L2	478	+	84	91328212	93832
chr9	100686419	100886419	harbor1	chr9	100716278	100716571	LINE/L2	462	+	146	100716424	30005
chr9	119495040	119695040	harbor1	chr9	119500597	119501213	LINE/L2	482	+	308	119500905	5865
chr9	119495040	119695040	harbor1	chr9	119541276	119541770	LINE/L2	715	+	247	119541523	46483
chr9	119495040	119695040	harbor1	chr9	119558187	119558341	LINE/L2	566	+	77	119558264	63224
chr9	119495040	119695040	harbor1	chr9	119558658	119559227	LINE/L2	556	+	284	119558942	63902
chr9	109986587	110186587	harbor1	chr9	110036427	110037043	LINE/L2	873	+	308	110036735	50148
chr9	69343718	69543718	harbor1	chr9	69411172	69411779	LINE/L2	797	+	304	69411476	67758
chr9	69343718	69543718	harbor1	chr9	69422555	69422771	LINE/L2	421	+	108	69422663	78945
chr9	93540116	93740116	harbor1	chr9	93573455	93573661	LINE/L2	465	+	103	93573558	33442
chr9	84448714	84648714	harbor1	chr9	84464132	84464596	LINE/L2	754	+	232	84464364	15650
chr9	13629385	13829385	harbor1	chr9	13683118	13683525	LINE/L2	635	+	204	13683322	53937
chr9	13629385	13829385	harbor1	chr9	13683906	13683961	LINE/L2	635	+	28	13683934	54549
chr9	76511411	76711411	harbor1	chr9	76558235	76558707	LINE/L2	818	+	236	76558471	47060
chr9	76511411	76711411	harbor1	chr9	76559097	76559411	LINE/L2	818	+	157	76559254	47843
chr9	84876539	85076539	harbor1	chr9	84896280	84896376	LINE/L2	453	+	48	84896328	19789
chr9	3979551	4179551	harbor1	chr9	3979569	3979716	LINE/L2	434	+	74	3979643	92
chr9	3979551	4179551	harbor1	chr9	4053431	4053594	LINE/L2	434	+	82	4053513	73962
chr9	24480570	24680570	harbor1	chr9	24491777	24492197	LINE/L2	585	+	210	24491987	11417
chr9	24480570	24680570	harbor1	chr9	24494651	24495138	LINE/L2	944	+	244	24494895	14325
chr9	24480570	24680570	harbor1	chr9	24516507	24516873	LINE/L2	576	+	183	24516690	36120
chr9	107607690	107807690	harbor1	chr9	107628542	107629278	LINE/L2	845	+	368	107628910	21220
chr9	107607690	107807690	harbor1	chr9	107640539	107640954	LINE/L2	614	+	208	107640747	33057
chr9	107607690	107807690	harbor1	chr9	107683606	107683995	LINE/L2	420	+	194	107683800	76110
chr9	81166457	81366457	harbor1	chr9	81258858	81259123	LINE/L2	418	+	132	81258990	92533
chr9	126244659	126444659	harbor1	chr9	126292061	126292521	LINE/L2	812	+	230	126292291	47632
chr9	126244659	126444659	harbor1	chr9	126298649	126299090	LINE/L2	675	+	220	126298869	54210
chr9	133275748	133475748	harbor1	chr9	133337879	133338138	LINE/L2	630	+	130	133338009	62261
chr9	42814263	43014263	harbor1	chr9	42822428	42822560	LINE/L2	423	+	66	42822494	8231
chr9	106434740	106634740	harbor1	chr9	106461789	106462513	LINE/L2	1121	+	362	106462151	27411
chr9	106434740	106634740	harbor1	chr9	106468552	106468684	LINE/L2	433	+	66	106468618	33878
chr9	106434740	106634740	harbor1	chr9	106483760	106484234	LINE/L2	537	+	237	106483997	49257
chr9	106434740	106634740	harbor1	chr9	106503075	106503293	LINE/L2	413	+	109	106503184	68444
chr9	71323909	71523909	harbor1	chr9	71353079	71353388	LINE/L2	437	+	154	71353233	29324
chr9	71323909	71523909	harbor1	chr9	71363655	71363926	LINE/L2	561	+	136	71363791	39882
chr9	37212323	37412323	harbor1	chr9	37288508	37289138	LINE/L2	3033	+	315	37288823	76500
chr9	37212323	37412323	harbor1	chr9	37309336	37309601	LINE/L2	411	+	132	37309468	97145
chr9	37212323	37412323	harbor1	chr9	37289449	37290242	LINE/L2	3033	+	396	37289845	77522
chr9	89878800	90078800	harbor1	chr9	89885384	89885752	LINE/L2	649	+	184	89885568	6768
chr9	114236316	114436316	harbor1	chr9	114251621	114252013	LINE/L2	498	+	196	114251817	15501
chr9	114236316	114436316	harbor1	chr9	114275995	114276235	LINE/L2	569	+	120	114276115	39799
chr9	105025159	105225159	harbor1	chr9	105026987	105027687	LINE/L2	669	+	350	105027337	2178
chr9	105025159	105225159	harbor1	chr9	105050763	105051506	LINE/L2	465	+	372	105051135	25976
chr9	105025159	105225159	harbor1	chr9	105069242	105069431	LINE/L2	443	+	94	105069336	44177
chr9	73838518	74038518	harbor1	chr9	73880575	73881019	LINE/L2	687	+	222	73880797	42279
chr9	105415116	105615116	harbor1	chr9	105446173	105446388	LINE/L2	629	+	108	105446281	31165
chr9	105415116	105615116	harbor1	chr9	105446670	105446834	LINE/L2	629	+	82	105446752	31636
chr9	70000999	70200999	harbor1	chr9	70084359	70084445	LINE/L2	487	+	43	70084402	83403
chr9	9937719	10137719	harbor1	chr9	9981785	9981976	LINE/L2	423	+	96	9981881	44162
chr9	41131706	41331706	harbor1	chr9	41210259	41210572	LINE/L2	573	+	156	41210415	78709
chr9	12860986	13060986	harbor1	chr9	12887148	12887646	LINE/L2	867	+	249	12887397	26411
chr9	12860986	13060986	harbor1	chr9	12896389	12896627	LINE/L2	617	+	119	12896508	35522
chr9	12860986	13060986	harbor1	chr9	12902416	12903021	LINE/L2	484	+	302	12902718	41732
chr9	12860986	13060986	harbor1	chr9	12915191	12915934	LINE/L2	628	+	372	12915563	54577
chr9	12860986	13060986	harbor1	chr9	12917344	12917539	LINE/L2	530	+	98	12917442	56456
chr9	12860986	13060986	harbor1	chr9	12946523	12946791	LINE/L2	549	+	134	12946657	85671
chr9	12860986	13060986	harbor1	chr9	12947017	12947371	LINE/L2	459	+	177	12947194	86208
chr9	122016555	122216555	harbor1	chr9	122072269	122072362	LINE/L2	446	+	46	122072315	55760
chr9	122016555	122216555	harbor1	chr9	122072656	122072988	LINE/L2	446	+	166	122072822	56267
chr9	122016555	122216555	harbor1	chr9	122076131	122076276	LINE/L2	428	+	72	122076203	59648
chr9	122016555	122216555	harbor1	chr9	122110675	122110923	LINE/L2	444	+	124	122110799	94244
chr9	118232156	118432156	harbor1	chr9	118232009	118233294	LINE/L2	1299	+	642	118232651	495
chr9	118232156	118432156	harbor1	chr9	118269633	118270084	LINE/L2	793	+	226	118269859	37703
chr9	118232156	118432156	harbor1	chr9	118270102	118270386	LINE/L2	521	+	142	118270244	38088
chr9	118232156	118432156	harbor1	chr9	118280587	118280709	LINE/L2	439	+	61	118280648	48492
chr9	118232156	118432156	harbor1	chr9	118291677	118291766	LINE/L2	421	+	44	118291721	59565
chr9	118232156	118432156	harbor1	chr9	118294027	118294165	LINE/L2	434	+	69	118294096	61940
chr9	118232156	118432156	harbor1	chr9	118294201	118294560	LINE/L2	557	+	180	118294381	62225
chr9	118232156	118432156	harbor1	chr9	118317968	118318714	LINE/L2	1001	+	373	118318341	86185
chr9	70300878	70500878	harbor1	chr9	70358218	70358349	LINE/L2	436	+	66	70358284	57406
chr9	70300878	70500878	harbor1	chr9	70382438	70383855	LINE/L2	1652	+	708	70383146	82268
chr9	85697984	85897984	harbor1	chr9	85716401	85717193	LINE/L2	1590	+	396	85716797	18813
chr9	85697984	85897984	harbor1	chr9	85724685	85724867	LINE/L2	569	+	91	85724776	26792
chr9	85697984	85897984	harbor1	chr9	85747995	85748765	LINE/L2	847	+	385	85748380	50396
chr9	70021680	70221680	harbor1	chr9	70084359	70084445	LINE/L2	487	+	43	70084402	62722
chr9	16021054	16221054	harbor1	chr9	16046469	16046522	LINE/L2	576	+	26	16046495	25441
chr9	16021054	16221054	harbor1	chr9	16046886	16047515	LINE/L2	576	+	314	16047200	26146
chr9	10781845	10981845	harbor1	chr9	10876437	10876535	LINE/L2	429	+	49	10876486	94641
chr9	75138945	75338945	harbor1	chr9	75177901	75178144	LINE/L2	588	+	122	75178023	39078
chr9	75138945	75338945	harbor1	chr9	75178654	75179184	LINE/L2	588	+	265	75178919	39974
chr9	75138945	75338945	harbor1	chr9	75195504	75196129	LINE/L2	860	+	312	75195816	56871
chr9	75138945	75338945	harbor1	chr9	75196531	75196885	LINE/L2	546	+	177	75196708	57763
chr9	75138945	75338945	harbor1	chr9	75197328	75197351	LINE/L2	546	+	12	75197340	58395
chr9	75138945	75338945	harbor1	chr9	75202284	75202400	LINE/L2	502	+	58	75202342	63397
chr9	36860327	37060327	harbor1	chr9	36872904	36873368	LINE/L2	635	+	232	36873136	12809
chr9	36860327	37060327	harbor1	chr9	36901242	36901446	LINE/L2	504	+	102	36901344	41017
chr9	36860327	37060327	harbor1	chr9	36934664	36934910	LINE/L2	445	+	123	36934787	74460
chr9	36860327	37060327	harbor1	chr9	36940755	36940872	LINE/L2	511	+	58	36940813	80486
chr9	37615157	37815157	harbor1	chr9	37649863	37650183	LINE/L2	520	+	160	37650023	34866
chr9	37615157	37815157	harbor1	chr9	37678560	37678750	LINE/L2	612	+	95	37678655	63498
chr9	37615157	37815157	harbor1	chr9	37695820	37696477	LINE/L2	438	+	328	37696148	80991
chr9	76215837	76415837	harbor1	chr9	76234885	76235170	LINE/L2	428	+	142	76235027	19190
chr9	76215837	76415837	harbor1	chr9	76259190	76259451	LINE/L2	876	+	130	76259320	43483
chr9	76215837	76415837	harbor1	chr9	76259489	76259684	LINE/L2	876	+	98	76259587	43750
chr9	76215837	76415837	harbor1	chr9	76276335	76276777	LINE/L2	663	+	221	76276556	60719
chr10	57229440	57429440	harbor1	chr10	57319207	57319566	LINE/L2	489	+	180	57319387	89947
chr10	94793244	94993244	harbor1	chr10	94855412	94855554	LINE/L2	432	+	71	94855483	62239
chr10	109893345	110093345	harbor1	chr10	109895756	109896267	LINE/L2	682	+	256	109896012	2667
chr10	109893345	110093345	harbor1	chr10	109896569	109896681	LINE/L2	465	+	56	109896625	3280
chr10	109893345	110093345	harbor1	chr10	109923977	109924896	LINE/L2	1030	+	460	109924437	31092
chr10	121733822	121933822	harbor1	chr10	121746052	121746358	LINE/L2	614	+	153	121746205	12383
chr10	121733822	121933822	harbor1	chr10	121761811	121762371	LINE/L2	565	+	280	121762091	28269
chr10	121733822	121933822	harbor1	chr10	121778941	121780991	LINE/L2	808	+	1025	121779966	46144
chr10	121733822	121933822	harbor1	chr10	121797623	121798002	LINE/L2	463	+	190	121797813	63991
chr10	99327912	99527912	harbor1	chr10	99337178	99337801	LINE/L2	569	+	312	99337490	9578
chr10	99327912	99527912	harbor1	chr10	99346475	99346703	LINE/L2	600	+	114	99346589	18677
chr10	99327912	99527912	harbor1	chr10	99347203	99347239	LINE/L2	662	+	18	99347221	19309
chr10	99327912	99527912	harbor1	chr10	99347548	99348050	LINE/L2	966	+	251	99347799	19887
chr10	99327912	99527912	harbor1	chr10	99348346	99348521	LINE/L2	966	+	88	99348434	20522
chr10	99327912	99527912	harbor1	chr10	99404451	99405191	LINE/L2	412	+	370	99404821	76909
chr10	99327912	99527912	harbor1	chr10	99411494	99411800	LINE/L2	627	+	153	99411647	83735
chr10	92851216	93051216	harbor1	chr10	92933927	92934067	LINE/L2	578	+	70	92933997	82781
chr10	92851216	93051216	harbor1	chr10	92946432	92947079	LINE/L2	417	+	324	92946756	95540
chr10	127440355	127640355	harbor1	chr10	127479171	127479481	LINE/L2	442	+	155	127479326	38971
chr10	113852404	114052404	harbor1	chr10	113880669	113880785	LINE/L2	499	+	58	113880727	28323
chr10	113852404	114052404	harbor1	chr10	113946614	113946882	LINE/L2	835	+	134	113946748	94344
chr10	108410709	108610709	harbor1	chr10	108503587	108504160	LINE/L2	463	+	286	108503873	93164
chr10	34202435	34402435	harbor1	chr10	34233176	34233840	LINE/L2	1103	+	332	34233508	31073
chr10	34202435	34402435	harbor1	chr10	34234285	34234806	LINE/L2	429	+	260	34234545	32110
chr10	34202435	34402435	harbor1	chr10	34301310	34302020	LINE/L2	438	+	355	34301665	99230
chr10	127799946	127999946	harbor1	chr10	127805442	127805861	LINE/L2	721	+	210	127805652	5706
chr10	38102355	38302355	harbor1	chr10	38149367	38149571	LINE/L2	620	+	102	38149469	47114
chr10	38102355	38302355	harbor1	chr10	38149877	38150000	LINE/L2	620	+	62	38149939	47584
chr10	26640835	26840835	harbor1	chr10	26676854	26677061	LINE/L2	531	+	104	26676958	36123
chr10	128835066	129035066	harbor1	chr10	128880242	128880395	LINE/L2	469	+	76	128880318	45252
chr10	70845790	71045790	harbor1	chr10	70933423	70933734	LINE/L2	513	+	156	70933579	87789
chr10	33341233	33541233	harbor1	chr10	33350904	33351167	LINE/L2	444	+	132	33351036	9803
chr10	33341233	33541233	harbor1	chr10	33353260	33354031	LINE/L2	1894	+	386	33353646	12413
chr10	33341233	33541233	harbor1	chr10	33354325	33355452	LINE/L2	1894	+	564	33354889	13656
chr10	33341233	33541233	harbor1	chr10	33435103	33435955	LINE/L2	1420	+	426	33435529	94296
chr10	77504150	77704150	harbor1	chr10	77512866	77513506	LINE/L2	590	+	320	77513186	9036
chr10	77504150	77704150	harbor1	chr10	77516187	77516567	LINE/L2	536	+	190	77516377	12227
chr10	77504150	77704150	harbor1	chr10	77518001	77518378	LINE/L2	753	+	188	77518189	14039
chr10	77504150	77704150	harbor1	chr10	77578654	77578933	LINE/L2	433	+	140	77578794	74644
chr10	77504150	77704150	harbor1	chr10	77597593	77597959	LINE/L2	1116	+	183	77597776	93626
chr10	77504150	77704150	harbor1	chr10	77598271	77598403	LINE/L2	1116	+	66	77598337	94187
chr10	105601717	105801717	harbor1	chr10	105617685	105618036	LINE/L2	411	+	176	105617861	16144
chr10	105601717	105801717	harbor1	chr10	105618249	105618576	LINE/L2	481	+	164	105618413	16696
chr10	105601717	105801717	harbor1	chr10	105629936	105630068	LINE/L2	587	+	66	105630002	28285
chr10	37068050	37268050	harbor1	chr10	37105522	37106130	LINE/L2	794	+	304	37105826	37776
chr10	47002079	47202079	harbor1	chr10	47089302	47089458	LINE/L2	443	+	78	47089380	87301
chr10	47002079	47202079	harbor1	chr10	47089943	47090155	LINE/L2	711	+	106	47090049	87970
chr10	43147088	43347088	harbor1	chr10	43157439	43157669	LINE/L2	519	+	115	43157554	10466
chr10	43147088	43347088	harbor1	chr10	43182136	43182534	LINE/L2	826	+	199	43182335	35247
chr10	75381197	75581197	harbor1	chr10	75386641	75387060	LINE/L2	457	+	210	75386851	5654
chr10	75381197	75581197	harbor1	chr10	75410518	75410995	LINE/L2	562	+	238	75410756	29559
chr10	75381197	75581197	harbor1	chr10	75418993	75419103	LINE/L2	523	+	55	75419048	37851
chr10	75381197	75581197	harbor1	chr10	75420269	75420577	LINE/L2	794	+	154	75420423	39226
chr10	75381197	75581197	harbor1	chr10	75420726	75420761	LINE/L2	794	+	18	75420744	39547
chr10	75381197	75581197	harbor1	chr10	75421065	75421125	LINE/L2	794	+	30	75421095	39898
chr10	75381197	75581197	harbor1	chr10	75421747	75421975	LINE/L2	1037	+	114	75421861	40664
chr10	75381197	75581197	harbor1	chr10	75422597	75422672	LINE/L2	1037	+	38	75422635	41438
chr10	75381197	75581197	harbor1	chr10	75422971	75423337	LINE/L2	1113	+	183	75423154	41957
chr10	75381197	75581197	harbor1	chr10	75423631	75423778	LINE/L2	1113	+	74	75423705	42508
chr10	75381197	75581197	harbor1	chr10	75424926	75425166	LINE/L2	560	+	120	75425046	43849
chr10	44826456	45026456	harbor1	chr10	44869592	44870216	LINE/L2	1371	+	312	44869904	43448
chr10	103253782	103453782	harbor1	chr10	103272141	103272355	LINE/L2	437	+	107	103272248	18466
chr10	90578406	90778406	harbor1	chr10	90588012	90588746	LINE/L2	1222	+	367	90588379	9973
chr10	90578406	90778406	harbor1	chr10	90652862	90653347	LINE/L2	1147	+	242	90653104	74698
chr10	90578406	90778406	harbor1	chr10	90653388	90653899	LINE/L2	1147	+	256	90653644	75238
chr10	35767212	35967212	harbor1	chr10	35785383	35785867	LINE/L2	472	+	242	35785625	18413
chr10	35767212	35967212	harbor1	chr10	35785869	35786157	LINE/L2	418	+	144	35786013	18801
chr10	35767212	35967212	harbor1	chr10	35802408	35802520	LINE/L2	448	+	56	35802464	35252
chr10	35767212	35967212	harbor1	chr10	35809049	35809516	LINE/L2	420	+	234	35809283	42071
chr10	84430319	84630319	harbor1	chr10	84510182	84510528	LINE/L2	439	+	173	84510355	80036
chr10	4535391	4735391	harbor1	chr10	4562074	4562834	LINE/L2	410	+	380	4562454	27063
chr10	4535391	4735391	harbor1	chr10	4597213	4597581	LINE/L2	655	+	184	4597397	62006
chr10	115914653	116114653	harbor1	chr10	115936325	115936454	LINE/L2	629	+	64	115936389	21736
chr10	12859258	13059258	harbor1	chr10	12885963	12886258	LINE/L2	411	+	148	12886111	26853
chr10	12859258	13059258	harbor1	chr10	12952194	12952305	LINE/L2	427	+	56	12952250	92992
chr10	54972701	55172701	harbor1	chr10	55012536	55013831	LINE/L2	737	+	648	55013184	40483
chr10	54972701	55172701	harbor1	chr10	55024510	55025060	LINE/L2	644	+	275	55024785	52084
chr10	54972701	55172701	harbor1	chr10	55065101	55065683	LINE/L2	420	+	291	55065392	92691
chr10	70607001	70807001	harbor1	chr10	70661665	70661969	LINE/L2	449	+	152	70661817	54816
chr10	70607001	70807001	harbor1	chr10	70689757	70690115	LINE/L2	628	+	179	70689936	82935
chr10	113930500	114130500	harbor1	chr10	113946614	113946882	LINE/L2	835	+	134	113946748	16248
chr10	113930500	114130500	harbor1	chr10	113995799	113995972	LINE/L2	524	+	86	113995885	65385
chr10	113930500	114130500	harbor1	chr10	113995973	113996457	LINE/L2	579	+	242	113996215	65715
chr10	113930500	114130500	harbor1	chr10	113996477	113996855	LINE/L2	727	+	189	113996666	66166
chr10	113930500	114130500	harbor1	chr10	114004600	114005615	LINE/L2	1246	+	508	114005108	74608
chr10	103595902	103795902	harbor1	chr10	103687521	103687984	LINE/L2	896	+	232	103687753	91851
chr10	65830703	66030703	harbor1	chr10	65897103	65898104	LINE/L2	1881	+	500	65897603	66900
chr10	65830703	66030703	harbor1	chr10	65907305	65907749	LINE/L2	426	+	222	65907527	76824
chr10	65830703	66030703	harbor1	chr10	65915046	65915153	LINE/L2	479	+	54	65915100	84397
chr10	70463496	70663496	harbor1	chr10	70473189	70473385	LINE/L2	499	+	98	70473287	9791
chr10	70463496	70663496	harbor1	chr10	70473503	70473641	LINE/L2	551	+	69	70473572	10076
chr10	70463496	70663496	harbor1	chr10	70493598	70494396	LINE/L2	1117	+	399	70493997	30501
chr10	27997530	28197530	harbor1	chr10	28036196	28036381	LINE/L2	747	+	92	28036288	38758
chr10	27997530	28197530	harbor1	chr10	28036406	28037357	LINE/L2	806	+	476	28036882	39352
chr10	27997530	28197530	harbor1	chr10	28039280	28040000	LINE/L2	833	+	360	28039640	42110
chr10	27997530	28197530	harbor1	chr10	28072563	28072908	LINE/L2	423	+	172	28072735	75205
chr10	27997530	28197530	harbor1	chr10	28073782	28074145	LINE/L2	551	+	182	28073964	76434
chr10	27997530	28197530	harbor1	chr10	28075521	28075946	LINE/L2	670	+	212	28075733	78203
chr10	27997530	28197530	harbor1	chr10	28080381	28080662	LINE/L2	455	+	140	28080521	82991
chr10	66550771	66750771	harbor1	chr10	66593684	66594676	LINE/L2	1090	+	496	66594180	43409
chr10	66550771	66750771	harbor1	chr10	66611602	66612374	LINE/L2	500	+	386	66611988	61217
chr10	94360469	94560469	harbor1	chr10	94365765	94366276	LINE/L2	420	+	256	94366021	5552
chr10	85877975	86077975	harbor1	chr10	85895162	85895434	LINE/L2	621	+	136	85895298	17323
chr10	85877975	86077975	harbor1	chr10	85902823	85903959	LINE/L2	2554	+	568	85903391	25416
chr10	21128533	21328533	harbor1	chr10	21151487	21152056	LINE/L2	765	+	284	21151771	23238
chr10	66892439	67092439	harbor1	chr10	66917002	66917203	LINE/L2	516	+	100	66917102	24663
chr10	66892439	67092439	harbor1	chr10	66920694	66920988	LINE/L2	799	+	147	66920841	28402
chr10	66892439	67092439	harbor1	chr10	66921371	66921933	LINE/L2	1336	+	281	66921652	29213
chr10	66892439	67092439	harbor1	chr10	66961422	66962290	LINE/L2	1836	+	434	66961856	69417
chr10	66892439	67092439	harbor1	chr10	66962306	66962399	LINE/L2	965	+	46	66962352	69913
chr10	66892439	67092439	harbor1	chr10	66962711	66962985	LINE/L2	965	+	137	66962848	70409
chr10	113169263	113369263	harbor1	chr10	113188638	113188855	LINE/L2	1337	+	108	113188746	19483
chr10	113169263	113369263	harbor1	chr10	113189218	113190023	LINE/L2	1337	+	402	113189620	20357
chr10	113169263	113369263	harbor1	chr10	113190341	113190618	LINE/L2	615	+	138	113190479	21216
chr10	113169263	113369263	harbor1	chr10	113194261	113194369	LINE/L2	451	+	54	113194315	25052
chr10	72079204	72279204	harbor1	chr10	72125787	72125951	LINE/L2	418	+	82	72125869	46665
chr10	72079204	72279204	harbor1	chr10	72145684	72145878	LINE/L2	537	+	97	72145781	66577
chr10	61833023	62033023	harbor1	chr10	61860012	61860743	LINE/L2	512	+	366	61860378	27355
chr10	61833023	62033023	harbor1	chr10	61878810	61878945	LINE/L2	471	+	68	61878878	45855
chr10	61833023	62033023	harbor1	chr10	61923188	61923535	LINE/L2	410	+	174	61923362	90339
chr10	2700043	2900043	harbor1	chr10	2717940	2718005	LINE/L2	427	+	32	2717972	17929
chr10	117882078	118082078	harbor1	chr10	117920020	117920819	LINE/L2	1314	+	400	117920420	38342
chr10	117882078	118082078	harbor1	chr10	117921461	117921961	LINE/L2	781	+	250	117921711	39633
chr10	71616597	71816597	harbor1	chr10	71680071	71680354	LINE/L2	410	+	142	71680213	63616
chr10	71616597	71816597	harbor1	chr10	71697716	71697825	LINE/L2	416	+	54	71697770	81173
chr10	17548283	17748283	harbor1	chr10	17599793	17600283	LINE/L2	422	+	245	17600038	51755
chr10	17548283	17748283	harbor1	chr10	17647064	17647188	LINE/L2	574	+	62	17647126	98843
chr10	17548283	17748283	harbor1	chr10	17647265	17647499	LINE/L2	532	+	117	17647382	99099
chr10	17548283	17748283	harbor1	chr10	17647788	17648154	LINE/L2	1545	+	183	17647971	99688
chr10	100734685	100934685	harbor1	chr10	100832643	100833073	LINE/L2	1206	+	215	100832858	98173
chr10	87637865	87837865	harbor1	chr10	87706189	87706315	LINE/L2	418	+	63	87706252	68387
chr10	123840460	124040460	harbor1	chr10	123851155	123851373	LINE/L2	467	+	109	123851264	10804
chr10	123840460	124040460	harbor1	chr10	123852291	123852957	LINE/L2	1031	+	333	123852624	12164
chr10	123840460	124040460	harbor1	chr10	123853350	123853485	LINE/L2	717	+	68	123853418	12958
chr10	123840460	124040460	harbor1	chr10	123914157	123915275	LINE/L2	790	+	559	123914716	74256
chr10	22146803	22346803	harbor1	chr10	22182363	22182914	LINE/L2	546	+	276	22182639	35836
chr10	22146803	22346803	harbor1	chr10	22183302	22183798	LINE/L2	577	+	248	22183550	36747
chr10	76533646	76733646	harbor1	chr10	76564041	76564754	LINE/L2	864	+	356	76564397	30751
chr10	76533646	76733646	harbor1	chr10	76622610	76622818	LINE/L2	465	+	104	76622714	89068
chr10	76533646	76733646	harbor1	chr10	76627802	76628207	LINE/L2	502	+	202	76628004	94358
chr10	88362743	88562743	harbor1	chr10	88388016	88388895	LINE/L2	594	+	440	88388456	25713
chr10	88362743	88562743	harbor1	chr10	88423942	88424251	LINE/L2	444	+	154	88424096	61353
chr10	88362743	88562743	harbor1	chr10	88439827	88440128	LINE/L2	470	+	150	88439977	77234
chr10	88362743	88562743	harbor1	chr10	88449237	88449632	LINE/L2	441	+	198	88449435	86692
chr10	88362743	88562743	harbor1	chr10	88460345	88460684	LINE/L2	524	+	170	88460515	97772
chr10	10727550	10927550	harbor1	chr10	10776956	10777996	LINE/L2	460	+	520	10777476	49926
chr10	10727550	10927550	harbor1	chr10	10802852	10803568	LINE/L2	809	+	358	10803210	75660
chr10	10727550	10927550	harbor1	chr10	10819426	10819692	LINE/L2	419	+	133	10819559	92009
chr10	61514543	61714543	harbor1	chr10	61540568	61540678	LINE/L2	518	+	55	61540623	26080
chr10	61514543	61714543	harbor1	chr10	61538159	61538510	LINE/L2	495	+	176	61538335	23792
chr10	16675252	16875252	harbor1	chr10	16747204	16747762	LINE/L2	1500	+	279	16747483	72231
chr10	16675252	16875252	harbor1	chr10	16748045	16748092	LINE/L2	1500	+	24	16748069	72817
chr10	16675252	16875252	harbor1	chr10	16748565	16749028	LINE/L2	704	+	232	16748797	73545
chr10	62855526	63055526	harbor1	chr10	62861987	62862470	LINE/L2	1648	+	242	62862229	6703
chr10	62855526	63055526	harbor1	chr10	62896736	62897200	LINE/L2	599	+	232	62896968	41442
chr10	86140806	86340806	harbor1	chr10	86181804	86181962	LINE/L2	433	+	79	86181883	41077
chr10	86140806	86340806	harbor1	chr10	86213701	86214219	LINE/L2	510	+	259	86213960	73154
chr10	86140806	86340806	harbor1	chr10	86230575	86230817	LINE/L2	452	+	121	86230696	89890
chr10	70602202	70802202	harbor1	chr10	70661665	70661969	LINE/L2	449	+	152	70661817	59615
chr10	70602202	70802202	harbor1	chr10	70689757	70690115	LINE/L2	628	+	179	70689936	87734
chr10	66114582	66314582	harbor1	chr10	66168377	66168845	LINE/L2	674	+	234	66168611	54029
chr10	74614244	74814244	harbor1	chr10	74662580	74662946	LINE/L2	1009	+	183	74662763	48519
chr10	74614244	74814244	harbor1	chr10	74663247	74663436	LINE/L2	1009	+	94	74663341	49097
chr10	74614244	74814244	harbor1	chr10	74687687	74688449	LINE/L2	951	+	381	74688068	73824
chr10	93046375	93246375	harbor1	chr10	93054173	93054311	LINE/L2	520	+	69	93054242	7867
chr10	93046375	93246375	harbor1	chr10	93121530	93122270	LINE/L2	423	+	370	93121900	75525
chr10	93046375	93246375	harbor1	chr10	93093866	93094086	LINE/L2	716	+	110	93093976	47601
chr10	79403822	79603822	harbor1	chr10	79409988	79410393	LINE/L2	798	+	202	79410190	6368
chr10	79403822	79603822	harbor1	chr10	79424147	79424342	LINE/L2	457	+	98	79424245	20423
chr10	79403822	79603822	harbor1	chr10	79455803	79456160	LINE/L2	683	+	178	79455981	52159
chr10	42857502	43057502	harbor1	chr10	42908806	42908935	LINE/L2	481	+	64	42908870	51368
chr10	125761307	125961307	harbor1	chr10	125824391	125824862	LINE/L2	1105	+	236	125824627	63320
chr10	125761307	125961307	harbor1	chr10	125825888	125826261	LINE/L2	557	+	186	125826074	64767
chr10	68013577	68213577	harbor1	chr10	68034499	68034935	LINE/L2	629	+	218	68034717	21140
chr10	68013577	68213577	harbor1	chr10	68078941	68079105	LINE/L2	475	+	82	68079023	65446
chr10	68013577	68213577	harbor1	chr10	68108380	68108484	LINE/L2	427	+	52	68108432	94855
chr10	5145841	5345841	harbor1	chr10	5159401	5159818	LINE/L2	566	+	208	5159609	13768
chr10	5145841	5345841	harbor1	chr10	5220157	5220452	LINE/L2	662	+	148	5220305	74464
chr10	12734315	12934315	harbor1	chr10	12808117	12808410	LINE/L2	414	+	146	12808263	73948
chr10	118448649	118648649	harbor1	chr10	118449623	118449922	LINE/L2	460	+	150	118449773	1124
chr10	118448649	118648649	harbor1	chr10	118449912	118450174	LINE/L2	570	+	131	118450043	1394
chr10	118448649	118648649	harbor1	chr10	118503208	118503517	LINE/L2	545	+	154	118503362	54713
chr10	118448649	118648649	harbor1	chr10	118534194	118534450	LINE/L2	416	+	128	118534322	85673
chr10	58614528	58814528	harbor1	chr10	58671645	58672066	LINE/L2	566	+	210	58671855	57327
chr10	58614528	58814528	harbor1	chr10	58698311	58698680	LINE/L2	641	+	184	58698495	83967
chr10	84041375	84241375	harbor1	chr10	84129262	84129658	LINE/L2	707	+	198	84129460	88085
chr10	105455062	105655062	harbor1	chr10	105537960	105538074	LINE/L2	469	+	57	105538017	82955
chr10	105455062	105655062	harbor1	chr10	105544294	105545608	LINE/L2	1733	+	657	105544951	89889
chr10	101477321	101677321	harbor1	chr10	101510858	101511441	LINE/L2	739	+	292	101511150	33829
chr10	101477321	101677321	harbor1	chr10	101511951	101512154	LINE/L2	720	+	102	101512053	34732
chr10	101477321	101677321	harbor1	chr10	101517707	101517909	LINE/L2	731	+	101	101517808	40487
chr10	101477321	101677321	harbor1	chr10	101518212	101518318	LINE/L2	731	+	53	101518265	40944
chr10	101477321	101677321	harbor1	chr10	101518625	101518859	LINE/L2	672	+	117	101518742	41421
chr10	101477321	101677321	harbor1	chr10	101520052	101520133	LINE/L2	672	+	40	101520092	42771
chr10	101477321	101677321	harbor1	chr10	101520356	101520500	LINE/L2	496	+	72	101520428	43107
chr11	60226180	60426180	harbor1	chr11	60268539	60268899	LINE/L2	899	+	180	60268719	42539
chr11	60226180	60426180	harbor1	chr11	60310984	60311093	LINE/L2	394	+	54	60311038	84858
chr11	102694834	102894834	harbor1	chr11	102698528	102699025	LINE/L2	428	+	248	102698776	3942
chr11	102694834	102894834	harbor1	chr11	102762966	102763290	LINE/L2	478	+	162	102763128	68294
chr11	102694834	102894834	harbor1	chr11	102768499	102768891	LINE/L2	765	+	196	102768695	73861
chr11	102694834	102894834	harbor1	chr11	102769194	102769902	LINE/L2	765	+	354	102769548	74714
chr11	60863688	61063688	harbor1	chr11	60889837	60890023	LINE/L2	376	+	93	60889930	26242
chr11	60863688	61063688	harbor1	chr11	60910389	60910807	LINE/L2	467	+	209	60910598	46910
chr11	60863688	61063688	harbor1	chr11	60952830	60953281	LINE/L2	993	+	226	60953056	89368
chr11	60863688	61063688	harbor1	chr11	60957258	60957472	LINE/L2	522	+	107	60957365	93677
chr11	60863688	61063688	harbor1	chr11	60958223	60958373	LINE/L2	522	+	75	60958298	94610
chr11	26954770	27154770	harbor1	chr11	26992694	26992758	LINE/L2	558	+	32	26992726	37956
chr11	26954770	27154770	harbor1	chr11	26993066	26993219	LINE/L2	558	+	76	26993142	38372
chr11	26954770	27154770	harbor1	chr11	27010472	27010690	LINE/L2	514	+	109	27010581	55811
chr11	129127716	129327716	harbor1	chr11	129163381	129164144	LINE/L2	1188	+	382	129163763	36047
chr11	74239532	74439532	harbor1	chr11	74248248	74248427	LINE/L2	397	+	90	74248338	8806
chr11	74239532	74439532	harbor1	chr11	74255009	74255417	LINE/L2	422	+	204	74255213	15681
chr11	74239532	74439532	harbor1	chr11	74279762	74279876	LINE/L2	386	+	57	74279819	40287
chr11	74239532	74439532	harbor1	chr11	74280518	74280680	LINE/L2	376	+	81	74280599	41067
chr11	74239532	74439532	harbor1	chr11	74310592	74310699	LINE/L2	444	+	54	74310646	71114
chr11	8047767	8247767	harbor1	chr11	8047941	8048098	LINE/L2	443	+	78	8048019	252
chr11	124429546	124629546	harbor1	chr11	124524053	124524463	LINE/L2	508	+	205	124524258	94712
chr11	40561735	40761735	harbor1	chr11	40598957	40599166	LINE/L2	585	+	104	40599061	37326
chr11	40561735	40761735	harbor1	chr11	40625772	40626525	LINE/L2	1056	+	376	40626148	64413
chr11	40561735	40761735	harbor1	chr11	40637499	40637849	LINE/L2	1079	+	175	40637674	75939
chr11	40561735	40761735	harbor1	chr11	40637846	40638346	LINE/L2	1280	+	250	40638096	76361
chr11	40561735	40761735	harbor1	chr11	40599453	40599733	LINE/L2	585	+	140	40599593	37858
chr11	120558096	120758096	harbor1	chr11	120574479	120574722	LINE/L2	479	+	122	120574601	16505
chr11	120558096	120758096	harbor1	chr11	120592552	120592900	LINE/L2	1813	+	174	120592726	34630
chr11	120558096	120758096	harbor1	chr11	120593200	120594196	LINE/L2	1813	+	498	120593698	35602
chr11	120558096	120758096	harbor1	chr11	120594506	120594604	LINE/L2	1813	+	49	120594555	36459
chr11	120558096	120758096	harbor1	chr11	120595124	120595517	LINE/L2	390	+	196	120595320	37224
chr11	120558096	120758096	harbor1	chr11	120639513	120639905	LINE/L2	636	+	196	120639709	81613
chr11	59982016	60182016	harbor1	chr11	60036079	60036352	LINE/L2	643	+	136	60036215	54199
chr11	59982016	60182016	harbor1	chr11	60064705	60065062	LINE/L2	3400	+	178	60064883	82867
chr11	59982016	60182016	harbor1	chr11	60065348	60065392	LINE/L2	3400	+	22	60065370	83354
chr11	59982016	60182016	harbor1	chr11	60065420	60066888	LINE/L2	3400	+	734	60066154	84138
chr11	93898200	94098200	harbor1	chr11	93909949	93910065	LINE/L2	460	+	58	93910007	11807
chr11	93898200	94098200	harbor1	chr11	93933476	93933503	LINE/L2	1778	+	14	93933490	35290
chr11	93898200	94098200	harbor1	chr11	93933863	93934425	LINE/L2	1778	+	281	93934144	35944
chr11	93898200	94098200	harbor1	chr11	93935065	93935312	LINE/L2	482	+	124	93935189	36989
chr11	93898200	94098200	harbor1	chr11	93937767	93938063	LINE/L2	874	+	148	93937915	39715
chr11	93898200	94098200	harbor1	chr11	93978749	93978894	LINE/L2	433	+	72	93978821	80621
chr11	42015526	42215526	harbor1	chr11	42098248	42098496	LINE/L2	460	+	124	42098372	82846
chr11	108888658	109088658	harbor1	chr11	108911150	108911249	LINE/L2	442	+	50	108911200	22542
chr11	108888658	109088658	harbor1	chr11	108945727	108946025	LINE/L2	827	+	149	108945876	57218
chr11	108888658	109088658	harbor1	chr11	108947489	108947848	LINE/L2	1389	+	180	108947669	59011
chr11	108888658	109088658	harbor1	chr11	108948564	108948675	LINE/L2	1389	+	56	108948620	59962
chr11	113402843	113602843	harbor1	chr11	113464415	113464872	LINE/L2	520	+	228	113464643	61800
chr11	113402843	113602843	harbor1	chr11	113464883	113465111	LINE/L2	578	+	114	113464997	62154
chr11	113402843	113602843	harbor1	chr11	113465395	113465411	LINE/L2	578	+	8	113465403	62560
chr11	113402843	113602843	harbor1	chr11	113465446	113465641	LINE/L2	578	+	98	113465544	62701
chr11	113402843	113602843	harbor1	chr11	113481749	113481967	LINE/L2	398	+	109	113481858	79015
chr11	113402843	113602843	harbor1	chr11	113494730	113495186	LINE/L2	625	+	228	113494958	92115
chr11	131294832	131494832	harbor1	chr11	131323875	131324655	LINE/L2	599	+	390	131324265	29433
chr11	131294832	131494832	harbor1	chr11	131327535	131327901	LINE/L2	896	+	183	131327718	32886
chr11	131294832	131494832	harbor1	chr11	131336508	131336756	LINE/L2	718	+	124	131336632	41800
chr11	131294832	131494832	harbor1	chr11	131337130	131337489	LINE/L2	736	+	180	131337310	42478
chr11	131294832	131494832	harbor1	chr11	131344807	131345114	LINE/L2	753	+	154	131344961	50129
chr11	75908492	76108492	harbor1	chr11	75945613	75946139	LINE/L2	824	+	263	75945876	37384
chr11	75908492	76108492	harbor1	chr11	75949185	75949663	LINE/L2	890	+	239	75949424	40932
chr11	75908492	76108492	harbor1	chr11	75963055	75963306	LINE/L2	818	+	126	75963181	54689
chr11	75908492	76108492	harbor1	chr11	75990650	75990919	LINE/L2	511	+	134	75990784	82292
chr11	84505330	84705330	harbor1	chr11	84508010	84508400	LINE/L2	859	+	195	84508205	2875
chr11	84505330	84705330	harbor1	chr11	84508700	84508905	LINE/L2	859	+	102	84508802	3472
chr11	84505330	84705330	harbor1	chr11	84552463	84552740	LINE/L2	409	+	138	84552601	47271
chr11	84505330	84705330	harbor1	chr11	84561340	84561654	LINE/L2	423	+	157	84561497	56167
chr11	84505330	84705330	harbor1	chr11	84570206	84570534	LINE/L2	588	+	164	84570370	65040
chr11	84505330	84705330	harbor1	chr11	84575969	84576288	LINE/L2	485	+	160	84576129	70799
chr11	84505330	84705330	harbor1	chr11	84589646	84589804	LINE/L2	375	+	79	84589725	84395
chr11	84505330	84705330	harbor1	chr11	84541305	84541710	LINE/L2	487	+	202	84541507	36177
chr11	124885391	125085391	harbor1	chr11	124918380	124918724	LINE/L2	381	+	172	124918552	33161
chr11	124885391	125085391	harbor1	chr11	124918743	124919080	LINE/L2	640	+	168	124918911	33520
chr11	124885391	125085391	harbor1	chr11	124933608	124934140	LINE/L2	600	+	266	124933874	48483
chr11	124885391	125085391	harbor1	chr11	124938472	124938623	LINE/L2	421	+	76	124938548	53157
chr11	124885391	125085391	harbor1	chr11	124950724	124951271	LINE/L2	1705	+	274	124950998	65607
chr11	124885391	125085391	harbor1	chr11	124951774	124951945	LINE/L2	4333	+	86	124951860	66469
chr11	124885391	125085391	harbor1	chr11	124952024	124953627	LINE/L2	4333	+	802	124952826	67435
chr11	34784774	34984774	harbor1	chr11	34811387	34811850	LINE/L2	1201	+	232	34811619	26845
chr11	34784774	34984774	harbor1	chr11	34816514	34816721	LINE/L2	655	+	104	34816618	31844
chr11	34784774	34984774	harbor1	chr11	34817142	34817642	LINE/L2	653	+	250	34817392	32618
chr11	34784774	34984774	harbor1	chr11	34853632	34853939	LINE/L2	885	+	154	34853786	69012
chr11	34784774	34984774	harbor1	chr11	34864684	34864826	LINE/L2	464	+	71	34864755	79981
chr11	85135178	85335178	harbor1	chr11	85138520	85138542	LINE/L2	909	+	11	85138531	3353
chr11	85135178	85335178	harbor1	chr11	85138894	85139309	LINE/L2	909	+	208	85139102	3924
chr11	85135178	85335178	harbor1	chr11	85207829	85208031	LINE/L2	403	+	101	85207930	72752
chr11	85135178	85335178	harbor1	chr11	85209758	85210267	LINE/L2	1346	+	254	85210012	74834
chr11	85135178	85335178	harbor1	chr11	85210272	85210559	LINE/L2	890	+	144	85210416	75238
chr11	85135178	85335178	harbor1	chr11	85211025	85211148	LINE/L2	890	+	62	85211087	75909
chr11	85135178	85335178	harbor1	chr11	85217675	85217789	LINE/L2	393	+	57	85217732	82554
chr11	85135178	85335178	harbor1	chr11	85227621	85228225	LINE/L2	801	+	302	85227923	92745
chr11	71340670	71540670	harbor1	chr11	71340722	71340971	LINE/L2	836	+	124	71340846	176
chr11	71340670	71540670	harbor1	chr11	71341279	71341596	LINE/L2	836	+	158	71341437	767
chr11	71340670	71540670	harbor1	chr11	71388680	71389293	LINE/L2	684	+	306	71388986	48316
chr11	83651331	83851331	harbor1	chr11	83685288	83686585	LINE/L2	2726	+	648	83685936	34605
chr11	83651331	83851331	harbor1	chr11	83715530	83716121	LINE/L2	602	+	296	83715826	64495
chr11	21218414	21418414	harbor1	chr11	21229898	21230330	LINE/L2	488	+	216	21230114	11700
chr11	21218414	21418414	harbor1	chr11	21237671	21238330	LINE/L2	1337	+	330	21238001	19587
chr11	21218414	21418414	harbor1	chr11	21287296	21287550	LINE/L2	415	+	127	21287423	69009
chr11	74014923	74214923	harbor1	chr11	74023438	74023876	LINE/L2	898	+	219	74023657	8734
chr11	74014923	74214923	harbor1	chr11	74027557	74027730	LINE/L2	454	+	86	74027643	12720
chr11	74014923	74214923	harbor1	chr11	74029308	74029445	LINE/L2	527	+	68	74029376	14453
chr11	74014923	74214923	harbor1	chr11	74031327	74031691	LINE/L2	542	+	182	74031509	16586
chr11	74014923	74214923	harbor1	chr11	74035295	74035578	LINE/L2	376	+	142	74035437	20514
chr11	74014923	74214923	harbor1	chr11	74042327	74042469	LINE/L2	401	+	71	74042398	27475
chr11	74014923	74214923	harbor1	chr11	74056708	74056901	LINE/L2	544	+	96	74056804	41881
chr11	74014923	74214923	harbor1	chr11	74057063	74057192	LINE/L2	544	+	64	74057127	42204
chr11	74014923	74214923	harbor1	chr11	74070757	74071175	LINE/L2	593	+	209	74070966	56043
chr11	74014923	74214923	harbor1	chr11	74072673	74072802	LINE/L2	483	+	64	74072737	57814
chr11	74014923	74214923	harbor1	chr11	74076614	74077039	LINE/L2	907	+	212	74076826	61903
chr11	74014923	74214923	harbor1	chr11	74105721	74106316	LINE/L2	884	+	298	74106019	91096
chr11	74014923	74214923	harbor1	chr11	74113980	74114274	LINE/L2	415	+	147	74114127	99204
chr11	43290743	43490743	harbor1	chr11	43303709	43303845	LINE/L2	397	+	68	43303777	13034
chr11	43290743	43490743	harbor1	chr11	43345691	43345988	LINE/L2	480	+	148	43345839	55096
chr11	43290743	43490743	harbor1	chr11	43366744	43367088	LINE/L2	376	+	172	43366916	76173
chr11	43290743	43490743	harbor1	chr11	43368064	43369035	LINE/L2	2064	+	486	43368550	77807
chr11	113761117	113961117	harbor1	chr11	113761747	113761951	LINE/L2	401	+	102	113761849	732
chr11	113761117	113961117	harbor1	chr11	113767277	113767986	LINE/L2	498	+	354	113767631	6514
chr11	113761117	113961117	harbor1	chr11	113836582	113837330	LINE/L2	739	+	374	113836956	75839
chr11	113761117	113961117	harbor1	chr11	113838290	113838855	LINE/L2	691	+	282	113838572	77455
chr11	113761117	113961117	harbor1	chr11	113839016	113839153	LINE/L2	395	+	68	113839084	77967
chr11	113761117	113961117	harbor1	chr11	113850979	113851514	LINE/L2	1114	+	268	113851247	90130
chr11	113761117	113961117	harbor1	chr11	113851802	113852012	LINE/L2	444	+	105	113851907	90790
chr11	45126574	45326574	harbor1	chr11	45133031	45133462	LINE/L2	699	+	216	45133247	6673
chr11	45126574	45326574	harbor1	chr11	45142111	45142532	LINE/L2	531	+	210	45142321	15747
chr11	45126574	45326574	harbor1	chr11	45148843	45149393	LINE/L2	905	+	275	45149118	22544
chr11	45126574	45326574	harbor1	chr11	45151950	45152066	LINE/L2	1019	+	58	45152008	25434
chr11	45126574	45326574	harbor1	chr11	45152367	45152618	LINE/L2	1019	+	126	45152493	25919
chr11	65756855	65956855	harbor1	chr11	65784344	65784535	LINE/L2	390	+	96	65784440	27585
chr11	65756855	65956855	harbor1	chr11	65818765	65818953	LINE/L2	531	+	94	65818859	62004
chr11	65756855	65956855	harbor1	chr11	65820542	65820918	LINE/L2	1030	+	188	65820730	63875
chr11	92716202	92916202	harbor1	chr11	92792003	92792344	LINE/L2	544	+	170	92792173	75971
chr11	92716202	92916202	harbor1	chr11	92804087	92804264	LINE/L2	553	+	88	92804175	87973
chr11	85701783	85901783	harbor1	chr11	85750351	85750685	LINE/L2	682	+	167	85750518	48735
chr11	85701783	85901783	harbor1	chr11	85762389	85762941	LINE/L2	671	+	276	85762665	60882
chr11	85701783	85901783	harbor1	chr11	85773278	85773644	LINE/L2	572	+	183	85773461	71678
chr11	115650011	115850011	harbor1	chr11	115664131	115664562	LINE/L2	510	+	216	115664347	14336
chr11	119410322	119610322	harbor1	chr11	119410249	119410797	LINE/L2	1053	+	274	119410523	201
chr11	119410322	119610322	harbor1	chr11	119412315	119412761	LINE/L2	583	+	223	119412538	2216
chr11	119410322	119610322	harbor1	chr11	119412893	119413109	LINE/L2	583	+	108	119413001	2679
chr11	119410322	119610322	harbor1	chr11	119433504	119433741	LINE/L2	465	+	118	119433622	23300
chr11	119410322	119610322	harbor1	chr11	119478928	119479173	LINE/L2	688	+	122	119479050	68728
chr11	119410322	119610322	harbor1	chr11	119479939	119481468	LINE/L2	2683	+	764	119480703	70381
chr11	119410322	119610322	harbor1	chr11	119485494	119485765	LINE/L2	526	+	136	119485630	75308
chr11	37570529	37770529	harbor1	chr11	37624488	37624872	LINE/L2	402	+	192	37624680	54151
chr11	63142196	63342196	harbor1	chr11	63147801	63148254	LINE/L2	661	+	226	63148027	5831
chr11	63142196	63342196	harbor1	chr11	63148677	63148721	LINE/L2	661	+	22	63148699	6503
chr11	63142196	63342196	harbor1	chr11	63148735	63149428	LINE/L2	670	+	346	63149081	6885
chr11	55209673	55409673	harbor1	chr11	55296483	55296782	LINE/L2	492	+	150	55296633	86960
chr11	87531156	87731156	harbor1	chr11	87556354	87556732	LINE/L2	404	+	189	87556543	25387
chr11	87531156	87731156	harbor1	chr11	87613865	87614099	LINE/L2	459	+	117	87613982	82826
chr11	105371050	105571050	harbor1	chr11	105420294	105420772	LINE/L2	519	+	239	105420533	49483
chr11	105371050	105571050	harbor1	chr11	105449814	105449952	LINE/L2	408	+	69	105449883	78833
chr11	47508586	47708586	harbor1	chr11	47554477	47554663	LINE/L2	953	+	93	47554570	45984
chr11	47508586	47708586	harbor1	chr11	47554964	47555146	LINE/L2	953	+	91	47555055	46469
chr11	64984594	65184594	harbor1	chr11	64991612	64991843	LINE/L2	761	+	116	64991728	7134
chr11	64984594	65184594	harbor1	chr11	65017878	65018169	LINE/L2	551	+	146	65018024	33430
chr11	64984594	65184594	harbor1	chr11	65034463	65034656	LINE/L2	382	+	96	65034559	49965
chr11	64984594	65184594	harbor1	chr11	65062220	65062649	LINE/L2	1350	+	214	65062434	77840
chr11	64984594	65184594	harbor1	chr11	65062783	65063008	LINE/L2	1350	+	112	65062895	78301
chr11	125658338	125858338	harbor1	chr11	125686012	125686071	LINE/L2	571	+	30	125686042	27704
chr11	125658338	125858338	harbor1	chr11	125686498	125686687	LINE/L2	571	+	94	125686592	28254
chr11	19836162	20036162	harbor1	chr11	19863727	19863910	LINE/L2	489	+	92	19863819	27657
chr11	19836162	20036162	harbor1	chr11	19915433	19915866	LINE/L2	491	+	216	19915649	79487
chr11	19836162	20036162	harbor1	chr11	19930514	19930687	LINE/L2	619	+	86	19930600	94438
chr11	86048710	86248710	harbor1	chr11	86071192	86071680	LINE/L2	538	+	244	86071436	22726
chr11	86048710	86248710	harbor1	chr11	86135585	86135664	LINE/L2	385	+	40	86135625	86915
chr11	86048710	86248710	harbor1	chr11	86113720	86114463	LINE/L2	1285	+	372	86114092	65382
chr11	103799422	103999422	harbor1	chr11	103804845	103804990	LINE/L2	524	+	72	103804917	5495
chr11	103799422	103999422	harbor1	chr11	103810250	103811262	LINE/L2	1500	+	506	103810756	11334
chr11	103799422	103999422	harbor1	chr11	103847710	103848076	LINE/L2	741	+	183	103847893	48471
chr11	103799422	103999422	harbor1	chr11	103894617	103895245	LINE/L2	2048	+	314	103894931	95509
chr11	103799422	103999422	harbor1	chr11	103896086	103896573	LINE/L2	1010	+	244	103896330	96908
chr11	103799422	103999422	harbor1	chr11	103898024	103898696	LINE/L2	1101	+	336	103898360	98938
chr11	103799422	103999422	harbor1	chr11	103899228	103899442	LINE/L2	430	+	107	103899335	99913
chr11	15504865	15704865	harbor1	chr11	15518612	15519294	LINE/L2	1508	+	341	15518953	14088
chr11	15504865	15704865	harbor1	chr11	15522653	15523177	LINE/L2	768	+	262	15522915	18050
chr11	15504865	15704865	harbor1	chr11	15542957	15543524	LINE/L2	922	+	284	15543241	38376
chr11	15504865	15704865	harbor1	chr11	15590687	15590996	LINE/L2	798	+	154	15590841	85976
chr11	15504865	15704865	harbor1	chr11	15599606	15599964	LINE/L2	549	+	179	15599785	94920
chr11	64519292	64719292	harbor1	chr11	64585332	64585566	LINE/L2	1745	+	117	64585449	66157
chr11	64519292	64719292	harbor1	chr11	64585871	64587018	LINE/L2	1745	+	574	64586445	67153
chr11	95346553	95546553	harbor1	chr11	95361413	95361563	LINE/L2	404	+	75	95361488	14935
chr11	95346553	95546553	harbor1	chr11	95426970	95427366	LINE/L2	499	+	198	95427168	80615
chr11	26323792	26523792	harbor1	chr11	26384535	26384796	LINE/L2	452	+	130	26384665	60873
chr11	26323792	26523792	harbor1	chr11	26403432	26404217	LINE/L2	1178	+	392	26403824	80032
chr11	26323792	26523792	harbor1	chr11	26407478	26407848	LINE/L2	631	+	185	26407663	83871
chr11	89419473	89619473	harbor1	chr11	89497635	89497809	LINE/L2	462	+	87	89497722	78249
chr11	89419473	89619473	harbor1	chr11	89517756	89517901	LINE/L2	381	+	72	89517828	98355
chr11	119918545	120118545	harbor1	chr11	119921797	119923502	LINE/L2	4301	+	852	119922649	4104
chr11	119918545	120118545	harbor1	chr11	119934198	119934808	LINE/L2	553	+	305	119934503	15958
chr11	119918545	120118545	harbor1	chr11	119990374	119990489	LINE/L2	443	+	58	119990432	71887
chr11	4361447	4561447	harbor1	chr11	4419681	4419803	LINE/L2	526	+	61	4419742	58295
chr11	4361447	4561447	harbor1	chr11	4422991	4423136	LINE/L2	557	+	72	4423063	61616
chr11	4361447	4561447	harbor1	chr11	4423508	4423646	LINE/L2	557	+	69	4423577	62130
chr11	79761023	79961023	harbor1	chr11	79800745	79801568	LINE/L2	676	+	412	79801157	40134
chr11	79761023	79961023	harbor1	chr11	79826947	79827063	LINE/L2	392	+	58	79827005	65982
chr11	79761023	79961023	harbor1	chr11	79833134	79833527	LINE/L2	502	+	196	79833330	72307
chr11	79761023	79961023	harbor1	chr11	79833571	79833905	LINE/L2	474	+	167	79833738	72715
chr11	133712620	133912620	harbor1	chr11	133730443	133730792	LINE/L2	671	+	174	133730617	17997
chr11	116771077	116971077	harbor1	chr11	116771067	116771412	LINE/L2	485	+	172	116771239	162
chr11	116771077	116971077	harbor1	chr11	116777969	116778324	LINE/L2	1020	+	178	116778147	7070
chr11	116771077	116971077	harbor1	chr11	116849686	116850221	LINE/L2	630	+	268	116849954	78877
chr11	9362549	9562549	harbor1	chr11	9387333	9387531	LINE/L2	462	+	99	9387432	24883
chr11	110918049	111118049	harbor1	chr11	110944783	110945205	LINE/L2	760	+	211	110944994	26945
chr11	110918049	111118049	harbor1	chr11	110948464	110948655	LINE/L2	376	+	96	110948560	30511
chr11	110918049	111118049	harbor1	chr11	110963719	110964108	LINE/L2	430	+	194	110963913	45864
chr11	110918049	111118049	harbor1	chr11	110970879	110971004	LINE/L2	435	+	62	110970941	52892
chr11	110918049	111118049	harbor1	chr11	110975114	110975225	LINE/L2	386	+	56	110975170	57121
chr11	110918049	111118049	harbor1	chr11	110986861	110987690	LINE/L2	777	+	414	110987275	69226
chr11	110918049	111118049	harbor1	chr11	111005957	111006915	LINE/L2	2440	+	479	111006436	88387
chr11	1771470	1971470	harbor1	chr11	1846518	1846926	LINE/L2	508	+	204	1846722	75252
chr11	1771470	1971470	harbor1	chr11	1861214	1861441	LINE/L2	429	+	114	1861328	89858
chr11	98690736	98890736	harbor1	chr11	98768056	98768326	LINE/L2	374	+	135	98768191	77455
chr11	7169473	7369473	harbor1	chr11	7214454	7215119	LINE/L2	398	+	332	7214786	45313
chr11	103732200	103932200	harbor1	chr11	103749035	103749265	LINE/L2	561	+	115	103749150	16950
chr11	103732200	103932200	harbor1	chr11	103754742	103754907	LINE/L2	429	+	82	103754824	22624
chr11	103732200	103932200	harbor1	chr11	103804845	103804990	LINE/L2	524	+	72	103804917	72717
chr11	103732200	103932200	harbor1	chr11	103810250	103811262	LINE/L2	1500	+	506	103810756	78556
chr11	79049072	79249072	harbor1	chr11	79057068	79057745	LINE/L2	1644	+	338	79057406	8334
chr11	79049072	79249072	harbor1	chr11	79065105	79065489	LINE/L2	597	+	192	79065297	16225
chr11	79049072	79249072	harbor1	chr11	79070539	79070711	LINE/L2	681	+	86	79070625	21553
chr11	79049072	79249072	harbor1	chr11	79100544	79100659	LINE/L2	452	+	58	79100602	51530
chr11	79049072	79249072	harbor1	chr11	79103974	79104265	LINE/L2	483	+	146	79104120	55048
chr11	37779393	37979393	harbor1	chr11	37813765	37814017	LINE/L2	402	+	126	37813891	34498
chr11	37779393	37979393	harbor1	chr11	37848887	37849027	LINE/L2	410	+	70	37848957	69564
chr11	37779393	37979393	harbor1	chr11	37868107	37868209	LINE/L2	436	+	51	37868158	88765
chr11	50114551	50314551	harbor1	chr11	50185673	50186055	LINE/L2	780	+	191	50185864	71313
chr11	50114551	50314551	harbor1	chr11	50186787	50186895	LINE/L2	780	+	54	50186841	72290
chr11	125205258	125405258	harbor1	chr11	125225258	125225378	LINE/L2	406	+	60	125225318	20060
chr11	125205258	125405258	harbor1	chr11	125295945	125296627	LINE/L2	1368	+	341	125296286	91028
chr11	125205258	125405258	harbor1	chr11	125296933	125297070	LINE/L2	1044	+	68	125297001	91743
chr11	109185014	109385014	harbor1	chr11	109199908	109200181	LINE/L2	626	+	136	109200044	15030
chr11	109185014	109385014	harbor1	chr11	109200514	109200742	LINE/L2	626	+	114	109200628	15614
chr11	109185014	109385014	harbor1	chr11	109222244	109222493	LINE/L2	602	+	124	109222368	37354
chr11	109185014	109385014	harbor1	chr11	109222531	109222664	LINE/L2	453	+	66	109222597	37583
chr11	109185014	109385014	harbor1	chr11	109240137	109240284	LINE/L2	426	+	74	109240211	55197
chr11	109185014	109385014	harbor1	chr11	109198834	109199613	LINE/L2	626	+	390	109199224	14210
chr11	60942901	61142901	harbor1	chr11	60952830	60953281	LINE/L2	993	+	226	60953056	10155
chr11	60942901	61142901	harbor1	chr11	60957258	60957472	LINE/L2	522	+	107	60957365	14464
chr11	60942901	61142901	harbor1	chr11	60958223	60958373	LINE/L2	522	+	75	60958298	15397
chr11	60942901	61142901	harbor1	chr11	60966322	60966539	LINE/L2	558	+	108	60966430	23529
chr11	60942901	61142901	harbor1	chr11	61033645	61033760	LINE/L2	491	+	58	61033703	90802
chr11	933167	1133167	harbor1	chr11	957740	957975	LINE/L2	421	+	118	957858	24691
chr11	35290323	35490323	harbor1	chr11	35296516	35297036	LINE/L2	399	+	260	35296776	6453
chr11	35290323	35490323	harbor1	chr11	35325196	35325507	LINE/L2	457	+	156	35325352	35029
chr11	39722455	39922455	harbor1	chr11	39732020	39732311	LINE/L2	523	+	146	39732166	9711
chr11	39722455	39922455	harbor1	chr11	39777525	39777902	LINE/L2	490	+	188	39777713	55258
chr11	39722455	39922455	harbor1	chr11	39792838	39793379	LINE/L2	749	+	270	39793108	70653
chr11	91833360	92033360	harbor1	chr11	91863323	91863762	LINE/L2	544	+	220	91863543	30183
chr11	91833360	92033360	harbor1	chr11	91869492	91869602	LINE/L2	382	+	55	91869547	36187
chr11	91833360	92033360	harbor1	chr11	91882932	91883370	LINE/L2	1205	+	219	91883151	49791
chr11	91833360	92033360	harbor1	chr11	91906151	91906623	LINE/L2	663	+	236	91906387	73027
chr11	132945827	133145827	harbor1	chr11	132973289	132973828	LINE/L2	547	+	270	132973559	27732
chr11	132945827	133145827	harbor1	chr11	132978657	132979639	LINE/L2	1274	+	491	132979148	33321
chr11	109697390	109897390	harbor1	chr11	109764780	109764888	LINE/L2	389	+	54	109764834	67444
chr11	109697390	109897390	harbor1	chr11	109765794	109766093	LINE/L2	675	+	150	109765944	68554
chr11	21942774	22142774	harbor1	chr11	22004119	22004808	LINE/L2	1138	+	344	22004463	61689
chr11	97133818	97333818	harbor1	chr11	97190680	97191625	LINE/L2	1575	+	472	97191152	57334
chr11	10390098	10590098	harbor1	chr11	10394205	10394742	LINE/L2	1154	+	268	10394473	4375
chr11	10390098	10590098	harbor1	chr11	10412371	10412740	LINE/L2	792	+	184	10412555	22457
chr11	10390098	10590098	harbor1	chr11	10412999	10413251	LINE/L2	792	+	126	10413125	23027
chr11	10390098	10590098	harbor1	chr11	10413612	10413835	LINE/L2	647	+	112	10413724	23626
chr11	10390098	10590098	harbor1	chr11	10473998	10474249	LINE/L2	384	+	126	10474124	84026
chr11	15394965	15594965	harbor1	chr11	15453471	15453914	LINE/L2	591	+	222	15453693	58728
chr11	15394965	15594965	harbor1	chr11	15481905	15482117	LINE/L2	395	+	106	15482011	87046
chr11	15394965	15594965	harbor1	chr11	15483628	15483750	LINE/L2	443	+	61	15483689	88724
chr11	11274763	11474763	harbor1	chr11	11343927	11344116	LINE/L2	403	+	94	11344021	69258
chr11	11274763	11474763	harbor1	chr11	11345970	11346325	LINE/L2	636	+	178	11346148	71385
chr11	11274763	11474763	harbor1	chr11	11354723	11355174	LINE/L2	1049	+	226	11354949	80186
chr11	11274763	11474763	harbor1	chr11	11357776	11357895	LINE/L2	485	+	60	11357836	83073
chr11	8091342	8291342	harbor1	chr11	8162360	8162600	LINE/L2	396	+	120	8162480	71138
chr11	8091342	8291342	harbor1	chr11	8169152	8169668	LINE/L2	380	+	258	8169410	78068
chr11	8091342	8291342	harbor1	chr11	8180869	8181327	LINE/L2	1633	+	229	8181098	89756
chr11	78075169	78275169	harbor1	chr11	78095858	78095986	LINE/L2	390	+	64	78095922	20753
chr11	78075169	78275169	harbor1	chr11	78110535	78110650	LINE/L2	397	+	58	78110593	35424
chr11	78075169	78275169	harbor1	chr11	78132284	78132833	LINE/L2	498	+	274	78132558	57389
chr11	78075169	78275169	harbor1	chr11	78133135	78133325	LINE/L2	498	+	95	78133230	58061
chr11	78075169	78275169	harbor1	chr11	78138793	78139208	LINE/L2	438	+	208	78139001	63832
chr11	78075169	78275169	harbor1	chr11	78143941	78144337	LINE/L2	632	+	198	78144139	68970
chr11	115982072	116182072	harbor1	chr11	116033328	116033518	LINE/L2	442	+	95	116033423	51351
chr11	115982072	116182072	harbor1	chr11	116071495	116071885	LINE/L2	485	+	195	116071690	89618
chr11	115982072	116182072	harbor1	chr11	116073422	116073698	LINE/L2	579	+	138	116073560	91488
chr11	115982072	116182072	harbor1	chr11	116074348	116074605	LINE/L2	598	+	128	116074476	92404
chr11	115982072	116182072	harbor1	chr11	116079449	116079687	LINE/L2	871	+	119	116079568	97496
chr11	115982072	116182072	harbor1	chr11	116080128	116080647	LINE/L2	871	+	260	116080388	98316
chr11	134397082	134597082	harbor1	chr11	134422632	134422829	LINE/L2	464	+	98	134422730	25648
chr11	134397082	134597082	harbor1	chr11	134454751	134455414	LINE/L2	453	+	332	134455083	58001
chr11	134397082	134597082	harbor1	chr11	134456037	134456080	LINE/L2	453	+	22	134456059	58977
chr11	134397082	134597082	harbor1	chr11	134488357	134488780	LINE/L2	568	+	212	134488569	91487
chr11	31598711	31798711	harbor1	chr11	31598878	31599164	LINE/L2	613	+	143	31599021	310
chr11	31598711	31798711	harbor1	chr11	31610819	31611166	LINE/L2	833	+	174	31610993	12282
chr11	31598711	31798711	harbor1	chr11	31611368	31611501	LINE/L2	833	+	66	31611434	12723
chr11	31598711	31798711	harbor1	chr11	31657171	31657533	LINE/L2	458	+	181	31657352	58641
chr11	31598711	31798711	harbor1	chr11	31668960	31669087	LINE/L2	643	+	64	31669024	70313
chr11	31598711	31798711	harbor1	chr11	31669381	31669721	LINE/L2	643	+	170	31669551	70840
chr11	31598711	31798711	harbor1	chr11	31675803	31676536	LINE/L2	1572	+	366	31676169	77458
chr11	31598711	31798711	harbor1	chr11	31692696	31693082	LINE/L2	478	+	193	31692889	94178
chr11	92236430	92436430	harbor1	chr11	92270030	92270396	LINE/L2	2071	+	183	92270213	33783
chr11	92236430	92436430	harbor1	chr11	92270709	92271663	LINE/L2	2071	+	477	92271186	34756
chr11	92236430	92436430	harbor1	chr11	92282864	92283110	LINE/L2	527	+	123	92282987	46557
chr11	92236430	92436430	harbor1	chr11	92289279	92289500	LINE/L2	1289	+	110	92289389	52959
chr11	92236430	92436430	harbor1	chr11	92289538	92290402	LINE/L2	1425	+	432	92289970	53540
chr11	92236430	92436430	harbor1	chr11	92300468	92300818	LINE/L2	665	+	175	92300643	64213
chr11	122976989	123176989	harbor1	chr11	123003844	123003962	LINE/L2	531	+	59	123003903	26914
chr11	122976989	123176989	harbor1	chr11	123046614	123046930	LINE/L2	752	+	158	123046772	69783
chr11	6930849	7130849	harbor1	chr11	6945706	6946412	LINE/L2	379	+	353	6946059	15210
chr11	6930849	7130849	harbor1	chr11	6995547	6995964	LINE/L2	1070	+	208	6995755	64906
chr11	6930849	7130849	harbor1	chr11	7026976	7027239	LINE/L2	3450	+	132	7027108	96259
chr11	6930849	7130849	harbor1	chr11	7030343	7030730	LINE/L2	1053	+	194	7030537	99688
chr11	6930849	7130849	harbor1	chr11	7027589	7028752	LINE/L2	3450	+	582	7028171	97322
chr11	6930849	7130849	harbor1	chr11	6946516	6946846	LINE/L2	519	+	165	6946681	15832
chr11	84149456	84349456	harbor1	chr11	84195704	84195987	LINE/L2	431	+	142	84195846	46390
chr11	84149456	84349456	harbor1	chr11	84213131	84213402	LINE/L2	452	+	136	84213267	63811
chr11	84149456	84349456	harbor1	chr11	84224848	84225217	LINE/L2	413	+	184	84225032	75576
chr11	7417055	7617055	harbor1	chr11	7456957	7457507	LINE/L2	490	+	275	7457232	40177
chr11	7417055	7617055	harbor1	chr11	7466034	7466440	LINE/L2	386	+	203	7466237	49182
chr11	7417055	7617055	harbor1	chr11	7481304	7481575	LINE/L2	623	+	136	7481440	64385
chr11	7417055	7617055	harbor1	chr11	7481870	7481960	LINE/L2	623	+	45	7481915	64860
chr11	102136086	102336086	harbor1	chr11	102151318	102151695	LINE/L2	517	+	188	102151506	15420
chr11	102018360	102218360	harbor1	chr11	102052711	102052943	LINE/L2	409	+	116	102052827	34467
chr11	4432239	4632239	harbor1	chr11	4470294	4471538	LINE/L2	1215	+	622	4470916	38677
chr11	4432239	4632239	harbor1	chr11	4480168	4480466	LINE/L2	563	+	149	4480317	48078
chr11	4432239	4632239	harbor1	chr11	4484735	4484825	LINE/L2	1738	+	45	4484780	52541
chr11	4432239	4632239	harbor1	chr11	4484871	4486005	LINE/L2	1738	+	567	4485438	53199
chr11	120132849	120332849	harbor1	chr11	120205046	120205820	LINE/L2	410	+	387	120205433	72584
chr11	5434156	5634156	harbor1	chr11	5435383	5435593	LINE/L2	387	+	105	5435488	1332
chr11	5434156	5634156	harbor1	chr11	5470495	5471014	LINE/L2	561	+	260	5470755	36599
chr11	5434156	5634156	harbor1	chr11	5475248	5475782	LINE/L2	563	+	267	5475515	41359
chr11	5434156	5634156	harbor1	chr11	5485515	5485799	LINE/L2	1363	+	142	5485657	51501
chr11	5434156	5634156	harbor1	chr11	5486199	5486433	LINE/L2	1363	+	117	5486316	52160
chr11	5434156	5634156	harbor1	chr11	5499346	5499855	LINE/L2	571	+	254	5499600	65444
chr11	5434156	5634156	harbor1	chr11	5502005	5502530	LINE/L2	513	+	262	5502267	68111
chr11	5434156	5634156	harbor1	chr11	5506414	5506765	LINE/L2	377	+	176	5506590	72434
chr11	5434156	5634156	harbor1	chr11	5512841	5513491	LINE/L2	950	+	325	5513166	79010
chr11	6379093	6579093	harbor1	chr11	6398167	6398418	LINE/L2	780	+	126	6398293	19200
chr11	6379093	6579093	harbor1	chr11	6398944	6399786	LINE/L2	1309	+	421	6399365	20272
chr11	6379093	6579093	harbor1	chr11	6399823	6400204	LINE/L2	382	+	190	6400013	20920
chr11	6379093	6579093	harbor1	chr11	6406348	6406682	LINE/L2	417	+	167	6406515	27422
chr11	6379093	6579093	harbor1	chr11	6412455	6412754	LINE/L2	918	+	150	6412605	33512
chr11	6379093	6579093	harbor1	chr11	6415749	6416717	LINE/L2	1195	+	484	6416233	37140
chr11	6379093	6579093	harbor1	chr11	6417047	6417551	LINE/L2	667	+	252	6417299	38206
chr11	6379093	6579093	harbor1	chr11	6428220	6428962	LINE/L2	644	+	371	6428591	49498
chr11	6379093	6579093	harbor1	chr11	6432464	6433185	LINE/L2	2448	+	360	6432824	53731
chr11	6379093	6579093	harbor1	chr11	6433477	6434195	LINE/L2	2448	+	359	6433836	54743
chr11	6379093	6579093	harbor1	chr11	6441819	6442060	LINE/L2	424	+	120	6441939	62846
chr11	6379093	6579093	harbor1	chr11	6446036	6446562	LINE/L2	798	+	263	6446299	67206
chr11	6379093	6579093	harbor1	chr11	6449545	6450451	LINE/L2	630	+	453	6449998	70905
chr11	6379093	6579093	harbor1	chr11	6452818	6453182	LINE/L2	460	+	182	6453000	73907
chr11	6379093	6579093	harbor1	chr11	6461230	6461684	LINE/L2	516	+	227	6461457	82364
chr11	6379093	6579093	harbor1	chr11	6461745	6462296	LINE/L2	897	+	276	6462021	82928
chr11	6379093	6579093	harbor1	chr11	6464126	6464590	LINE/L2	850	+	232	6464358	85265
chr11	6379093	6579093	harbor1	chr11	6464696	6464710	LINE/L2	850	+	7	6464703	85610
chr11	6379093	6579093	harbor1	chr11	6465012	6465119	LINE/L2	850	+	54	6465066	85973
chr11	6379093	6579093	harbor1	chr11	6466291	6467010	LINE/L2	818	+	360	6466651	87558
chr11	6379093	6579093	harbor1	chr11	6475526	6475679	LINE/L2	999	+	76	6475602	96509
chr11	6379093	6579093	harbor1	chr11	6475989	6476249	LINE/L2	999	+	130	6476119	97026
chr11	105646709	105846709	harbor1	chr11	105677913	105678072	LINE/L2	426	+	80	105677993	31284
chr11	105646709	105846709	harbor1	chr11	105699664	105700042	LINE/L2	1248	+	189	105699853	53144
chr11	105646709	105846709	harbor1	chr11	105700599	105700875	LINE/L2	591	+	138	105700737	54028
chr11	105646709	105846709	harbor1	chr11	105734102	105734671	LINE/L2	861	+	284	105734386	87677
chr11	105646709	105846709	harbor1	chr11	105743574	105744052	LINE/L2	377	+	239	105743813	97104
chr11	128114008	128314008	harbor1	chr11	128130372	128130508	LINE/L2	407	+	68	128130440	16432
chr11	128114008	128314008	harbor1	chr11	128184974	128185070	LINE/L2	452	+	48	128185022	71014
chr11	128114008	128314008	harbor1	chr11	128185436	128185751	LINE/L2	452	+	158	128185594	71586
chr11	128114008	128314008	harbor1	chr11	128192716	128193235	LINE/L2	984	+	260	128192976	78968
chr11	13951696	14151696	harbor1	chr11	13970582	13970998	LINE/L2	721	+	208	13970790	19094
chr11	13951696	14151696	harbor1	chr11	13974957	13975280	LINE/L2	589	+	162	13975119	23423
chr11	13951696	14151696	harbor1	chr11	13993466	13993806	LINE/L2	648	+	170	13993636	41940
chr11	13951696	14151696	harbor1	chr11	14000195	14000535	LINE/L2	858	+	170	14000365	48669
chr11	13951696	14151696	harbor1	chr11	14009080	14009195	LINE/L2	425	+	58	14009138	57442
chr11	13951696	14151696	harbor1	chr11	14009230	14009616	LINE/L2	410	+	193	14009423	57727
chr11	13951696	14151696	harbor1	chr11	14009978	14010085	LINE/L2	410	+	54	14010032	58336
chr11	13951696	14151696	harbor1	chr11	14012605	14012880	LINE/L2	396	+	138	14012743	61047
chr11	84048144	84248144	harbor1	chr11	84055292	84055523	LINE/L2	463	+	116	84055408	7264
chr11	84048144	84248144	harbor1	chr11	84055597	84055920	LINE/L2	540	+	162	84055759	7615
chr11	84048144	84248144	harbor1	chr11	84060741	84061007	LINE/L2	492	+	133	84060874	12730
chr11	84048144	84248144	harbor1	chr11	84074323	84074529	LINE/L2	891	+	103	84074426	26282
chr11	84048144	84248144	harbor1	chr11	84074828	84075443	LINE/L2	977	+	308	84075136	26992
chr11	84048144	84248144	harbor1	chr11	84076615	84077511	LINE/L2	880	+	448	84077063	28919
chr11	84048144	84248144	harbor1	chr11	84078704	84079274	LINE/L2	603	+	285	84078989	30845
chr11	84048144	84248144	harbor1	chr11	84079583	84080196	LINE/L2	603	+	306	84079889	31745
chr11	84048144	84248144	harbor1	chr11	84101905	84102361	LINE/L2	624	+	228	84102133	53989
chr11	84048144	84248144	harbor1	chr11	84115513	84115977	LINE/L2	842	+	232	84115745	67601
chr11	84048144	84248144	harbor1	chr11	84127963	84128145	LINE/L2	471	+	91	84128054	79910
chr11	84048144	84248144	harbor1	chr11	84135010	84135200	LINE/L2	532	+	95	84135105	86961
chr11	84048144	84248144	harbor1	chr11	84139140	84139267	LINE/L2	381	+	64	84139204	91060
chr11	113495299	113695299	harbor1	chr11	113529176	113529536	LINE/L2	468	+	180	113529356	34057
chr11	113495299	113695299	harbor1	chr11	113542436	113542915	LINE/L2	1045	+	240	113542676	47377
chr11	113495299	113695299	harbor1	chr11	113550686	113550721	LINE/L2	503	+	18	113550704	55405
chr11	113495299	113695299	harbor1	chr11	113551039	113551602	LINE/L2	1001	+	282	113551321	56022
chr11	113495299	113695299	harbor1	chr11	113566129	113566288	LINE/L2	470	+	80	113566209	70910
chr11	101296630	101496630	harbor1	chr11	101350761	101351139	LINE/L2	935	+	189	101350950	54320
chr11	97457021	97657021	harbor1	chr11	97490531	97490952	LINE/L2	458	+	210	97490741	33720
chr11	94548482	94748482	harbor1	chr11	94621601	94622288	LINE/L2	2426	+	344	94621945	73463
chr11	17578760	17778760	harbor1	chr11	17588576	17589620	LINE/L2	3182	+	522	17589098	10338
chr11	17578760	17778760	harbor1	chr11	17589651	17590464	LINE/L2	374	+	406	17590057	11297
chr11	17578760	17778760	harbor1	chr11	17590465	17591156	LINE/L2	973	+	346	17590811	12051
chr11	17578760	17778760	harbor1	chr11	17604620	17604767	LINE/L2	638	+	74	17604694	25934
chr11	17578760	17778760	harbor1	chr11	17605453	17605565	LINE/L2	396	+	56	17605509	26749
chr11	17578760	17778760	harbor1	chr11	17672862	17673871	LINE/L2	828	+	504	17673366	94606
chr11	17578760	17778760	harbor1	chr11	17673969	17674236	LINE/L2	701	+	134	17674103	95343
chr11	102325619	102525619	harbor1	chr11	102340486	102340926	LINE/L2	679	+	220	102340706	15087
chr11	102325619	102525619	harbor1	chr11	102364840	102365578	LINE/L2	2773	+	369	102365209	39590
chr11	102325619	102525619	harbor1	chr11	102365893	102366372	LINE/L2	2773	+	240	102366133	40514
chr11	102325619	102525619	harbor1	chr11	102366669	102367046	LINE/L2	2773	+	188	102366857	41238
chr11	64261501	64461501	harbor1	chr11	64279092	64279444	LINE/L2	405	+	176	64279268	17767
chr11	64261501	64461501	harbor1	chr11	64281280	64281434	LINE/L2	628	+	77	64281357	19856
chr11	64261501	64461501	harbor1	chr11	64281439	64281730	LINE/L2	560	+	146	64281585	20084
chr11	64261501	64461501	harbor1	chr11	64282019	64282228	LINE/L2	560	+	104	64282123	20622
chr11	64261501	64461501	harbor1	chr11	64339505	64339669	LINE/L2	386	+	82	64339587	78086
chr11	96721950	96921950	harbor1	chr11	96758921	96760341	LINE/L2	693	+	710	96759631	37681
chr11	96721950	96921950	harbor1	chr11	96764192	96764969	LINE/L2	1703	+	388	96764580	42630
chr11	96721950	96921950	harbor1	chr11	96765411	96765805	LINE/L2	1013	+	197	96765608	43658
chr11	96721950	96921950	harbor1	chr11	96770321	96770860	LINE/L2	787	+	270	96770591	48641
chr11	96721950	96921950	harbor1	chr11	96794930	96795631	LINE/L2	411	+	350	96795280	73330
chr11	13766004	13966004	harbor1	chr11	13782969	13783393	LINE/L2	532	+	212	13783181	17177
chr11	121832507	122032507	harbor1	chr11	121923429	121923647	LINE/L2	418	+	109	121923538	91031
chr11	41175039	41375039	harbor1	chr11	41174668	41175140	LINE/L2	378	+	236	41174904	135
chr11	41175039	41375039	harbor1	chr11	41192011	41192313	LINE/L2	450	+	151	41192162	17123
chr11	41175039	41375039	harbor1	chr11	41226423	41226741	LINE/L2	395	+	159	41226582	51543
chr11	41175039	41375039	harbor1	chr11	41226778	41226882	LINE/L2	395	+	52	41226830	51791
chr11	41175039	41375039	harbor1	chr11	41239350	41239846	LINE/L2	801	+	248	41239598	64559
chr11	41175039	41375039	harbor1	chr11	41248159	41249036	LINE/L2	2371	+	438	41248597	73558
chr11	41175039	41375039	harbor1	chr11	41249334	41249935	LINE/L2	2371	+	300	41249634	74595
chr11	41175039	41375039	harbor1	chr11	41271489	41271810	LINE/L2	631	+	160	41271649	96610
chr11	114599772	114799772	harbor1	chr11	114683308	114683425	LINE/L2	562	+	58	114683366	83594
chr11	114599772	114799772	harbor1	chr11	114683681	114683774	LINE/L2	562	+	46	114683727	83955
chr11	114599772	114799772	harbor1	chr11	114699162	114699764	LINE/L2	508	+	301	114699463	99691
chr11	19303881	19503881	harbor1	chr11	19312998	19313152	LINE/L2	428	+	77	19313075	9194
chr11	19303881	19503881	harbor1	chr11	19335572	19335688	LINE/L2	404	+	58	19335630	31749
chr11	19303881	19503881	harbor1	chr11	19337718	19338349	LINE/L2	671	+	316	19338034	34153
chr11	19303881	19503881	harbor1	chr11	19340677	19341447	LINE/L2	972	+	385	19341062	37181
chr11	19303881	19503881	harbor1	chr11	19367152	19367509	LINE/L2	499	+	178	19367330	63449
chr11	19303881	19503881	harbor1	chr11	19373091	19373320	LINE/L2	415	+	114	19373205	69324
chr11	19303881	19503881	harbor1	chr11	19373353	19373836	LINE/L2	819	+	242	19373595	69714
chr11	19303881	19503881	harbor1	chr11	19380937	19381353	LINE/L2	597	+	208	19381145	77264
chr11	87812296	88012296	harbor1	chr11	87836297	87836879	LINE/L2	416	+	291	87836588	24292
chr11	87812296	88012296	harbor1	chr11	87892235	87892631	LINE/L2	466	+	198	87892433	80137
chr11	87812296	88012296	harbor1	chr11	87898479	87898609	LINE/L2	538	+	65	87898544	86248
chr11	28677570	28877570	harbor1	chr11	28722106	28722282	LINE/L2	565	+	88	28722194	44624
chr11	28677570	28877570	harbor1	chr11	28732883	28733187	LINE/L2	421	+	152	28733035	55465
chr11	28677570	28877570	harbor1	chr11	28733223	28733290	LINE/L2	421	+	34	28733257	55687
chr11	28677570	28877570	harbor1	chr11	28735916	28736250	LINE/L2	456	+	167	28736083	58513
chr11	28677570	28877570	harbor1	chr11	28744100	28744358	LINE/L2	488	+	129	28744229	66659
chr11	28677570	28877570	harbor1	chr11	28747503	28748098	LINE/L2	1672	+	298	28747801	70231
chr11	28677570	28877570	harbor1	chr11	28748269	28748468	LINE/L2	651	+	100	28748369	70799
chr11	84432990	84632990	harbor1	chr11	84456488	84456871	LINE/L2	607	+	192	84456680	23690
chr11	84432990	84632990	harbor1	chr11	84495056	84495587	LINE/L2	509	+	266	84495322	62332
chr11	84432990	84632990	harbor1	chr11	84508010	84508400	LINE/L2	859	+	195	84508205	75215
chr11	84432990	84632990	harbor1	chr11	84508700	84508905	LINE/L2	859	+	102	84508802	75812
chr11	95769645	95969645	harbor1	chr11	95853205	95853562	LINE/L2	556	+	178	95853383	83738
chr11	78537505	78737505	harbor1	chr11	78544054	78544293	LINE/L2	700	+	120	78544174	6669
chr11	78537505	78737505	harbor1	chr11	78545304	78545517	LINE/L2	838	+	106	78545410	7905
chr11	78537505	78737505	harbor1	chr11	78545838	78545958	LINE/L2	838	+	60	78545898	8393
chr11	16886980	17086980	harbor1	chr11	16896087	16896283	LINE/L2	438	+	98	16896185	9205
chr11	16886980	17086980	harbor1	chr11	16916818	16916936	LINE/L2	429	+	59	16916877	29897
chr11	16886980	17086980	harbor1	chr11	16917240	16917331	LINE/L2	429	+	46	16917286	30306
chr11	16886980	17086980	harbor1	chr11	16917790	16917837	LINE/L2	429	+	24	16917814	30834
chr11	16886980	17086980	harbor1	chr11	16940103	16940222	LINE/L2	476	+	60	16940163	53183
chr11	16886980	17086980	harbor1	chr11	16955234	16955550	LINE/L2	580	+	158	16955392	68412
chr11	16886980	17086980	harbor1	chr11	16984334	16984841	LINE/L2	1258	+	254	16984588	97608
chr11	57079994	57279994	harbor1	chr11	57091313	57091933	LINE/L2	1733	+	310	57091623	11629
chr11	57079994	57279994	harbor1	chr11	57092365	57092731	LINE/L2	2686	+	183	57092548	12554
chr11	57079994	57279994	harbor1	chr11	57093029	57093875	LINE/L2	2686	+	423	57093452	13458
chr11	57079994	57279994	harbor1	chr11	57109704	57110099	LINE/L2	391	+	198	57109902	29908
chr11	57079994	57279994	harbor1	chr11	57113595	57113885	LINE/L2	450	+	145	57113740	33746
chr11	57079994	57279994	harbor1	chr11	57143507	57143839	LINE/L2	391	+	166	57143673	63679
chr11	57079994	57279994	harbor1	chr11	57144121	57144141	LINE/L2	391	+	10	57144131	64137
chr11	57079994	57279994	harbor1	chr11	57161304	57161576	LINE/L2	580	+	136	57161440	81446
chr11	57079994	57279994	harbor1	chr11	57162006	57162262	LINE/L2	809	+	128	57162134	82140
chr11	57079994	57279994	harbor1	chr11	57171128	57171326	LINE/L2	403	+	99	57171227	91233
chr11	57079994	57279994	harbor1	chr11	57171499	57171640	LINE/L2	457	+	70	57171569	91575
chr11	72763215	72963215	harbor1	chr11	72773734	72773959	LINE/L2	423	+	112	72773846	10631
chr11	72763215	72963215	harbor1	chr11	72775397	72775803	LINE/L2	565	+	203	72775600	12385
chr11	72763215	72963215	harbor1	chr11	72840012	72840246	LINE/L2	420	+	117	72840129	76914
chr11	72763215	72963215	harbor1	chr11	72845861	72846000	LINE/L2	643	+	70	72845931	82716
chr11	72763215	72963215	harbor1	chr11	72848184	72848645	LINE/L2	458	+	230	72848414	85199
chr11	68873156	69073156	harbor1	chr11	68901567	68901981	LINE/L2	1057	+	207	68901774	28618
chr11	106662535	106862535	harbor1	chr11	106727717	106728197	LINE/L2	380	+	240	106727957	65422
chr11	48211786	48411786	harbor1	chr11	48219148	48219466	LINE/L2	591	+	159	48219307	7521
chr11	48211786	48411786	harbor1	chr11	48222729	48223440	LINE/L2	2360	+	356	48223085	11299
chr11	48211786	48411786	harbor1	chr11	48223439	48223711	LINE/L2	759	+	136	48223575	11789
chr11	48211786	48411786	harbor1	chr11	48265690	48265986	LINE/L2	399	+	148	48265838	54052
chr11	18246976	18446976	harbor1	chr11	18264042	18264406	LINE/L2	1033	+	182	18264224	17248
chr11	18246976	18446976	harbor1	chr11	18343658	18343835	LINE/L2	658	+	88	18343746	96770
chr11	18246976	18446976	harbor1	chr11	18344125	18344337	LINE/L2	658	+	106	18344231	97255
chr11	18246976	18446976	harbor1	chr11	18344637	18344922	LINE/L2	658	+	142	18344779	97803
chr11	40033670	40233670	harbor1	chr11	40073586	40073951	LINE/L2	785	+	182	40073768	40098
chr11	40033670	40233670	harbor1	chr11	40119368	40119600	LINE/L2	409	+	116	40119484	85814
chr11	40033670	40233670	harbor1	chr11	40128275	40129106	LINE/L2	736	+	416	40128691	95021
chr11	128488820	128688820	harbor1	chr11	128576688	128577145	LINE/L2	642	+	228	128576916	88096
chr11	109271394	109471394	harbor1	chr11	109310494	109310862	LINE/L2	603	+	184	109310678	39284
chr11	109271394	109471394	harbor1	chr11	109311072	109311150	LINE/L2	603	+	39	109311111	39717
chr11	109271394	109471394	harbor1	chr11	109353023	109353502	LINE/L2	839	+	240	109353263	81869
chr11	109271394	109471394	harbor1	chr11	109362861	109363162	LINE/L2	470	+	150	109363011	91617
chr11	34135549	34335549	harbor1	chr11	34170388	34170575	LINE/L2	383	+	94	34170482	34933
chr11	34135549	34335549	harbor1	chr11	34208658	34208946	LINE/L2	421	+	144	34208802	73253
chr11	125561816	125761816	harbor1	chr11	125637938	125638039	LINE/L2	437	+	50	125637988	76172
chr11	125561816	125761816	harbor1	chr11	125638542	125639375	LINE/L2	3082	+	416	125638958	77142
chr11	125561816	125761816	harbor1	chr11	125639672	125640185	LINE/L2	3082	+	256	125639928	78112
chr11	125561816	125761816	harbor1	chr11	125641176	125642518	LINE/L2	3082	+	671	125641847	80031
chr11	125561816	125761816	harbor1	chr11	125656637	125656781	LINE/L2	419	+	72	125656709	94893
chr11	114646701	114846701	harbor1	chr11	114683308	114683425	LINE/L2	562	+	58	114683366	36665
chr11	114646701	114846701	harbor1	chr11	114683681	114683774	LINE/L2	562	+	46	114683727	37026
chr11	114646701	114846701	harbor1	chr11	114699162	114699764	LINE/L2	508	+	301	114699463	52762
chr11	74398236	74598236	harbor1	chr11	74419893	74420038	LINE/L2	450	+	72	74419965	21729
chr11	74398236	74598236	harbor1	chr11	74453426	74453534	LINE/L2	414	+	54	74453480	55244
chr11	74398236	74598236	harbor1	chr11	74458072	74458214	LINE/L2	385	+	71	74458143	59907
chr11	74398236	74598236	harbor1	chr11	74464783	74465102	LINE/L2	683	+	160	74464943	66707
chr11	74398236	74598236	harbor1	chr11	74465154	74465255	LINE/L2	683	+	50	74465204	66968
chr11	74398236	74598236	harbor1	chr11	74470996	74471153	LINE/L2	482	+	78	74471074	72838
chr11	74398236	74598236	harbor1	chr11	74471444	74471634	LINE/L2	403	+	95	74471539	73303
chr11	74398236	74598236	harbor1	chr11	74473922	74474149	LINE/L2	407	+	114	74474036	75800
chr11	74398236	74598236	harbor1	chr11	74476246	74476434	LINE/L2	387	+	94	74476340	78104
chr11	74398236	74598236	harbor1	chr11	74487485	74487663	LINE/L2	521	+	89	74487574	89338
chr11	37450447	37650447	harbor1	chr11	37457944	37458238	LINE/L2	679	+	147	37458091	7644
chr11	119617540	119817540	harbor1	chr11	119641480	119641711	LINE/L2	542	+	116	119641596	24056
chr11	119617540	119817540	harbor1	chr11	119642028	119642137	LINE/L2	542	+	54	119642082	24542
chr11	119617540	119817540	harbor1	chr11	119669427	119669962	LINE/L2	907	+	268	119669695	52155
chr11	119617540	119817540	harbor1	chr11	119670260	119670428	LINE/L2	907	+	84	119670344	52804
chr11	119617540	119817540	harbor1	chr11	119679777	119680072	LINE/L2	675	+	148	119679925	62385
chr11	119617540	119817540	harbor1	chr11	119702813	119703135	LINE/L2	460	+	161	119702974	85434
chr11	90314172	90514172	harbor1	chr11	90320529	90320674	LINE/L2	593	+	72	90320601	6429
chr11	90314172	90514172	harbor1	chr11	90321396	90321621	LINE/L2	593	+	112	90321508	7336
chr11	90314172	90514172	harbor1	chr11	90329562	90329782	LINE/L2	377	+	110	90329672	15500
chr11	90314172	90514172	harbor1	chr11	90362442	90362799	LINE/L2	626	+	178	90362620	48448
chr11	90314172	90514172	harbor1	chr11	90394191	90394499	LINE/L2	411	+	154	90394345	80173
chr11	88698243	88898243	harbor1	chr11	88697859	88698465	LINE/L2	1135	+	303	88698162	81
chr11	88698243	88898243	harbor1	chr11	88718943	88719065	LINE/L2	411	+	61	88719004	20761
chr11	88698243	88898243	harbor1	chr11	88731192	88731499	LINE/L2	383	+	154	88731346	33103
chr11	88698243	88898243	harbor1	chr11	88786433	88786923	LINE/L2	1148	+	245	88786678	88435
chr11	88698243	88898243	harbor1	chr11	88794143	88794416	LINE/L2	452	+	136	88794279	96036
chr11	98385961	98585961	harbor1	chr11	98410846	98411287	LINE/L2	941	+	220	98411066	25105
chr11	98385961	98585961	harbor1	chr11	98445125	98445588	LINE/L2	609	+	232	98445357	59396
chr11	98385961	98585961	harbor1	chr11	98446110	98446258	LINE/L2	609	+	74	98446184	60223
chr11	114266400	114466400	harbor1	chr11	114266385	114266638	LINE/L2	581	+	126	114266511	111
chr11	114266400	114466400	harbor1	chr11	114266957	114266983	LINE/L2	581	+	13	114266970	570
chr11	114266400	114466400	harbor1	chr11	114267294	114267456	LINE/L2	581	+	81	114267375	975
chr11	114266400	114466400	harbor1	chr11	114307193	114308126	LINE/L2	801	+	466	114307659	41259
chr11	80386549	80586549	harbor1	chr11	80402130	80402433	LINE/L2	629	+	152	80402282	15733
chr11	80386549	80586549	harbor1	chr11	80417343	80417710	LINE/L2	451	+	184	80417527	30978
chr11	80386549	80586549	harbor1	chr11	80430797	80431368	LINE/L2	1095	+	286	80431083	44534
chr11	80386549	80586549	harbor1	chr11	80431834	80432633	LINE/L2	2711	+	400	80432234	45685
chr11	80386549	80586549	harbor1	chr11	80432947	80433734	LINE/L2	2711	+	394	80433341	46792
chr11	80386549	80586549	harbor1	chr11	80434396	80434929	LINE/L2	2711	+	266	80434662	48113
chr11	80386549	80586549	harbor1	chr11	80434981	80435075	LINE/L2	947	+	47	80435028	48479
chr11	80386549	80586549	harbor1	chr11	80438339	80438609	LINE/L2	577	+	135	80438474	51925
chr11	33538382	33738382	harbor1	chr11	33617456	33617775	LINE/L2	802	+	160	33617616	79234
chr11	33538382	33738382	harbor1	chr11	33631286	33631420	LINE/L2	606	+	67	33631353	92971
chr11	33538382	33738382	harbor1	chr11	33631635	33631912	LINE/L2	606	+	138	33631773	93391
chr11	33538382	33738382	harbor1	chr11	33637142	33637527	LINE/L2	489	+	192	33637334	98952
chr11	33538382	33738382	harbor1	chr11	33637930	33638068	LINE/L2	489	+	69	33637999	99617
chr11	63605429	63805429	harbor1	chr11	63646690	63647203	LINE/L2	1156	+	256	63646946	41517
chr11	63605429	63805429	harbor1	chr11	63647493	63647662	LINE/L2	1156	+	84	63647577	42148
chr11	63605429	63805429	harbor1	chr11	63651421	63651771	LINE/L2	625	+	175	63651596	46167
chr11	63605429	63805429	harbor1	chr11	63672427	63672486	LINE/L2	702	+	30	63672457	67028
chr11	63605429	63805429	harbor1	chr11	63672768	63672942	LINE/L2	702	+	87	63672855	67426
chr11	63605429	63805429	harbor1	chr11	63691559	63692048	LINE/L2	1768	+	244	63691803	86374
chr11	63605429	63805429	harbor1	chr11	63692321	63692403	LINE/L2	1768	+	41	63692362	86933
chr11	78826365	79026365	harbor1	chr11	78835543	78835966	LINE/L2	408	+	212	78835755	9390
chr11	78826365	79026365	harbor1	chr11	78887249	78887547	LINE/L2	533	+	149	78887398	61033
chr11	78826365	79026365	harbor1	chr11	78893403	78893768	LINE/L2	665	+	182	78893585	67220
chr11	78826365	79026365	harbor1	chr11	78893896	78894057	LINE/L2	546	+	80	78893976	67611
chr11	78826365	79026365	harbor1	chr11	78915146	78915384	LINE/L2	600	+	119	78915265	88900
chr11	36630898	36830898	harbor1	chr11	36655135	36655555	LINE/L2	640	+	210	36655345	24447
chr11	36630898	36830898	harbor1	chr11	36664380	36664847	LINE/L2	786	+	234	36664614	33716
chr11	36630898	36830898	harbor1	chr11	36682603	36682893	LINE/L2	415	+	145	36682748	51850
chr11	36630898	36830898	harbor1	chr11	36721433	36721883	LINE/L2	1323	+	225	36721658	90760
chr11	36630898	36830898	harbor1	chr11	36721938	36722362	LINE/L2	424	+	212	36722150	91252
chr11	124945047	125145047	harbor1	chr11	124950724	124951271	LINE/L2	1705	+	274	124950998	5951
chr11	124945047	125145047	harbor1	chr11	124951774	124951945	LINE/L2	4333	+	86	124951860	6813
chr11	124945047	125145047	harbor1	chr11	124952024	124953627	LINE/L2	4333	+	802	124952826	7779
chr11	124945047	125145047	harbor1	chr11	124995078	124995513	LINE/L2	803	+	218	124995296	50249
chr11	98620187	98820187	harbor1	chr11	98644719	98645287	LINE/L2	383	+	284	98645003	24816
chr11	110643052	110843052	harbor1	chr11	110655464	110655569	LINE/L2	448	+	52	110655516	12464
chr11	110643052	110843052	harbor1	chr11	110675760	110675948	LINE/L2	488	+	94	110675854	32802
chr11	110643052	110843052	harbor1	chr11	110714004	110714245	LINE/L2	538	+	120	110714124	71072
chr11	84178595	84378595	harbor1	chr11	84195704	84195987	LINE/L2	431	+	142	84195846	17251
chr11	84178595	84378595	harbor1	chr11	84213131	84213402	LINE/L2	452	+	136	84213267	34672
chr11	84178595	84378595	harbor1	chr11	84224848	84225217	LINE/L2	413	+	184	84225032	46437
chr11	84178595	84378595	harbor1	chr11	84269180	84269327	LINE/L2	434	+	74	84269254	90659
chr11	62873055	63073055	harbor1	chr11	62931345	62932151	LINE/L2	1275	+	403	62931748	58693
chr11	62873055	63073055	harbor1	chr11	62937412	62937524	LINE/L2	625	+	56	62937468	64413
chr11	62873055	63073055	harbor1	chr11	62937894	62938125	LINE/L2	625	+	116	62938010	64955
chr11	62873055	63073055	harbor1	chr11	62938728	62938808	LINE/L2	625	+	40	62938768	65713
chr11	62873055	63073055	harbor1	chr11	62930894	62931050	LINE/L2	1275	+	78	62930972	57917
chr11	13709405	13909405	harbor1	chr11	13741981	13742226	LINE/L2	396	+	122	13742103	32698
chr11	13709405	13909405	harbor1	chr11	13747426	13748749	LINE/L2	646	+	662	13748088	38683
chr11	13709405	13909405	harbor1	chr11	13764769	13765059	LINE/L2	557	+	145	13764914	55509
chr11	13709405	13909405	harbor1	chr11	13765669	13765796	LINE/L2	374	+	64	13765733	56328
chr11	13709405	13909405	harbor1	chr11	13782969	13783393	LINE/L2	532	+	212	13783181	73776
chr11	110702025	110902025	harbor1	chr11	110714004	110714245	LINE/L2	538	+	120	110714124	12099
chr11	110702025	110902025	harbor1	chr11	110756562	110756653	LINE/L2	382	+	46	110756608	54583
chr11	110702025	110902025	harbor1	chr11	110782902	110783011	LINE/L2	379	+	54	110782956	80931
chr11	110702025	110902025	harbor1	chr11	110772219	110773398	LINE/L2	2230	+	590	110772809	70784
chr11	101980041	102180041	harbor1	chr11	102052711	102052943	LINE/L2	409	+	116	102052827	72786
chr11	49909564	50109564	harbor1	chr11	49925318	49926005	LINE/L2	514	+	344	49925662	16098
chr11	49909564	50109564	harbor1	chr11	49921930	49922339	LINE/L2	579	+	204	49922134	12570
chr11	41881756	42081756	harbor1	chr11	41892291	41893249	LINE/L2	1813	+	479	41892770	11014
chr11	63034940	63234940	harbor1	chr11	63034819	63035049	LINE/L2	615	+	115	63034934	6
chr11	63034940	63234940	harbor1	chr11	63103305	63103541	LINE/L2	496	+	118	63103423	68483
chr11	63034940	63234940	harbor1	chr11	63123363	63123901	LINE/L2	1088	+	269	63123632	88692
chr11	94540157	94740157	harbor1	chr11	94621601	94622288	LINE/L2	2426	+	344	94621945	81788
chr11	110177659	110377659	harbor1	chr11	110216115	110216291	LINE/L2	427	+	88	110216203	38544
chr11	110177659	110377659	harbor1	chr11	110218669	110218895	LINE/L2	433	+	113	110218782	41123
chr11	110177659	110377659	harbor1	chr11	110245607	110245825	LINE/L2	503	+	109	110245716	68057
chr11	110177659	110377659	harbor1	chr11	110260643	110260654	LINE/L2	775	+	6	110260649	82990
chr11	110177659	110377659	harbor1	chr11	110261004	110261310	LINE/L2	775	+	153	110261157	83498
chr11	110177659	110377659	harbor1	chr11	110265627	110266003	LINE/L2	393	+	188	110265815	88156
chr11	125327504	125527504	harbor1	chr11	125381691	125381930	LINE/L2	634	+	120	125381811	54307
chr11	95754271	95954271	harbor1	chr11	95853205	95853562	LINE/L2	556	+	178	95853383	99112
chr11	95640727	95840727	harbor1	chr11	95656361	95656541	LINE/L2	548	+	90	95656451	15724
chr11	95640727	95840727	harbor1	chr11	95666998	95667268	LINE/L2	441	+	135	95667133	26406
chr11	95640727	95840727	harbor1	chr11	95674014	95674133	LINE/L2	389	+	60	95674074	33347
chr11	95640727	95840727	harbor1	chr11	95691766	95692675	LINE/L2	1224	+	454	95692220	51493
chr11	95640727	95840727	harbor1	chr11	95732625	95732991	LINE/L2	975	+	183	95732808	92081
chr11	95640727	95840727	harbor1	chr11	95731450	95732072	LINE/L2	1252	+	311	95731761	91034
chr11	50307943	50507943	harbor1	chr11	50322186	50322358	LINE/L2	602	+	86	50322272	14329
chr11	50307943	50507943	harbor1	chr11	50322536	50323044	LINE/L2	974	+	254	50322790	14847
chr11	50307943	50507943	harbor1	chr11	50358272	50358487	LINE/L2	678	+	108	50358380	50437
chr11	61272269	61472269	harbor1	chr11	61283062	61283400	LINE/L2	384	+	169	61283231	10962
chr11	61272269	61472269	harbor1	chr11	61283699	61283867	LINE/L2	384	+	84	61283783	11514
chr11	61272269	61472269	harbor1	chr11	61291889	61291939	LINE/L2	763	+	25	61291914	19645
chr11	61272269	61472269	harbor1	chr11	61292251	61292517	LINE/L2	763	+	133	61292384	20115
chr11	61272269	61472269	harbor1	chr11	61306110	61308198	LINE/L2	2790	+	1044	61307154	34885
chr11	61272269	61472269	harbor1	chr11	61339506	61339974	LINE/L2	577	+	234	61339740	67471
chr11	61272269	61472269	harbor1	chr11	61340654	61341067	LINE/L2	601	+	206	61340860	68591
chr11	8939133	9139133	harbor1	chr11	8995516	8996229	LINE/L2	1005	+	356	8995872	56739
chr11	8939133	9139133	harbor1	chr11	8998713	8998784	LINE/L2	1662	+	36	8998749	59616
chr11	8939133	9139133	harbor1	chr11	8999103	8999999	LINE/L2	1662	+	448	8999551	60418
chr11	8939133	9139133	harbor1	chr11	9000001	9000112	LINE/L2	394	+	56	9000057	60924
chr11	8939133	9139133	harbor1	chr11	9005229	9005787	LINE/L2	481	+	279	9005508	66375
chr11	8939133	9139133	harbor1	chr11	9015994	9016222	LINE/L2	814	+	114	9016108	76975
chr11	8939133	9139133	harbor1	chr11	9017485	9017709	LINE/L2	540	+	112	9017597	78464
chr11	8939133	9139133	harbor1	chr11	9018218	9019057	LINE/L2	1397	+	420	9018638	79505
chr11	8939133	9139133	harbor1	chr11	9022079	9022312	LINE/L2	781	+	116	9022195	83062
chr11	8939133	9139133	harbor1	chr11	9022318	9022835	LINE/L2	599	+	258	9022576	83443
chr11	8939133	9139133	harbor1	chr11	8994745	8995061	LINE/L2	585	+	158	8994903	55770
chr11	79845632	80045632	harbor1	chr11	79934904	79935479	LINE/L2	776	+	288	79935192	89560
chr11	79845632	80045632	harbor1	chr11	79936281	79936797	LINE/L2	643	+	258	79936539	90907
chr11	17129953	17329953	harbor1	chr11	17133345	17133463	LINE/L2	419	+	59	17133404	3451
chr11	17129953	17329953	harbor1	chr11	17142987	17143163	LINE/L2	531	+	88	17143075	13122
chr11	17129953	17329953	harbor1	chr11	17144216	17144488	LINE/L2	658	+	136	17144352	14399
chr11	17129953	17329953	harbor1	chr11	17185714	17186477	LINE/L2	1254	+	382	17186096	56143
chr11	17129953	17329953	harbor1	chr11	17215601	17215994	LINE/L2	1593	+	196	17215797	85844
chr11	17129953	17329953	harbor1	chr11	17216292	17216789	LINE/L2	1593	+	248	17216540	86587
chr11	17129953	17329953	harbor1	chr11	17217418	17217975	LINE/L2	1052	+	278	17217696	87743
chr11	107483785	107683785	harbor1	chr11	107489140	107489336	LINE/L2	578	+	98	107489238	5453
chr11	107483785	107683785	harbor1	chr11	107494485	107495333	LINE/L2	1315	+	424	107494909	11124
chr11	107483785	107683785	harbor1	chr11	107503915	107504110	LINE/L2	831	+	98	107504013	20228
chr11	107483785	107683785	harbor1	chr11	107564680	107564903	LINE/L2	527	+	112	107564792	81007
chr11	194336	394336	harbor1	chr11	222248	222659	LINE/L2	441	+	206	222454	28118
chr11	194336	394336	harbor1	chr11	234755	234865	LINE/L2	380	+	55	234810	40474
chr11	194336	394336	harbor1	chr11	255749	255896	LINE/L2	433	+	74	255823	61487
chr11	63679721	63879721	harbor1	chr11	63691559	63692048	LINE/L2	1768	+	244	63691803	12082
chr11	63679721	63879721	harbor1	chr11	63692321	63692403	LINE/L2	1768	+	41	63692362	12641
chr11	63679721	63879721	harbor1	chr11	63715082	63715287	LINE/L2	733	+	102	63715184	35463
chr11	82001205	82201205	harbor1	chr11	82036242	82036474	LINE/L2	419	+	116	82036358	35153
chr11	82001205	82201205	harbor1	chr11	82094131	82094539	LINE/L2	397	+	204	82094335	93130
chr11	82001205	82201205	harbor1	chr11	82094706	82094786	LINE/L2	397	+	40	82094746	93541
chr11	126443381	126643381	harbor1	chr11	126479777	126480064	LINE/L2	452	+	144	126479921	36540
chr11	126443381	126643381	harbor1	chr11	126483858	126484132	LINE/L2	475	+	137	126483995	40614
chr11	126443381	126643381	harbor1	chr11	126495826	126496014	LINE/L2	537	+	94	126495920	52539
chr11	126443381	126643381	harbor1	chr11	126504149	126504399	LINE/L2	664	+	125	126504274	60893
chr11	126443381	126643381	harbor1	chr11	126507390	126507669	LINE/L2	686	+	140	126507530	64149
chr11	126443381	126643381	harbor1	chr11	126516358	126516617	LINE/L2	742	+	130	126516488	73107
chr11	105964603	106164603	harbor1	chr11	105981639	105981978	LINE/L2	442	+	170	105981809	17206
chr11	105964603	106164603	harbor1	chr11	105984741	105985389	LINE/L2	545	+	324	105985065	20462
chr11	105964603	106164603	harbor1	chr11	106011297	106011758	LINE/L2	641	+	230	106011527	46924
chr11	41351237	41551237	harbor1	chr11	41390390	41390924	LINE/L2	594	+	267	41390657	39420
chr11	31811977	32011977	harbor1	chr11	31842768	31843260	LINE/L2	514	+	246	31843014	31037
chr11	31811977	32011977	harbor1	chr11	31898611	31898987	LINE/L2	1486	+	188	31898799	86822
chr11	31811977	32011977	harbor1	chr11	31899906	31900197	LINE/L2	1112	+	146	31900052	88075
chr11	31811977	32011977	harbor1	chr11	31899453	31899771	LINE/L2	1486	+	159	31899612	87635
chr11	28504909	28704909	harbor1	chr11	28507504	28508145	LINE/L2	831	+	320	28507824	2915
chr11	28504909	28704909	harbor1	chr11	28541984	28542197	LINE/L2	639	+	106	28542090	37181
chr11	28504909	28704909	harbor1	chr11	28557907	28558073	LINE/L2	435	+	83	28557990	53081
chr11	28504909	28704909	harbor1	chr11	28559036	28559768	LINE/L2	476	+	366	28559402	54493
chr11	28504909	28704909	harbor1	chr11	28560308	28560463	LINE/L2	476	+	78	28560386	55477
chr11	28504909	28704909	harbor1	chr11	28576902	28577136	LINE/L2	507	+	117	28577019	72110
chr11	28504909	28704909	harbor1	chr11	28577186	28577345	LINE/L2	385	+	80	28577266	72357
chr11	28504909	28704909	harbor1	chr11	28584794	28585078	LINE/L2	423	+	142	28584936	80027
chr11	28504909	28704909	harbor1	chr11	28556939	28557831	LINE/L2	2321	+	446	28557385	52476
chr11	14357795	14557795	harbor1	chr11	14413055	14413190	LINE/L2	375	+	68	14413123	55328
chr11	14357795	14557795	harbor1	chr11	14413746	14414015	LINE/L2	557	+	134	14413880	56085
chr11	14357795	14557795	harbor1	chr11	14418709	14418977	LINE/L2	480	+	134	14418843	61048
chr11	14357795	14557795	harbor1	chr11	14439503	14439738	LINE/L2	576	+	118	14439621	81826
chr11	14357795	14557795	harbor1	chr11	14440504	14440656	LINE/L2	576	+	76	14440580	82785
chr11	41158449	41358449	harbor1	chr11	41174668	41175140	LINE/L2	378	+	236	41174904	16455
chr11	41158449	41358449	harbor1	chr11	41192011	41192313	LINE/L2	450	+	151	41192162	33713
chr11	41158449	41358449	harbor1	chr11	41226423	41226741	LINE/L2	395	+	159	41226582	68133
chr11	41158449	41358449	harbor1	chr11	41226778	41226882	LINE/L2	395	+	52	41226830	68381
chr11	41158449	41358449	harbor1	chr11	41239350	41239846	LINE/L2	801	+	248	41239598	81149
chr11	41158449	41358449	harbor1	chr11	41248159	41249036	LINE/L2	2371	+	438	41248597	90148
chr11	41158449	41358449	harbor1	chr11	41249334	41249935	LINE/L2	2371	+	300	41249634	91185
chr11	81399451	81599451	harbor1	chr11	81400677	81401423	LINE/L2	395	+	373	81401050	1599
chr11	81399451	81599451	harbor1	chr11	81457849	81458361	LINE/L2	1032	+	256	81458105	58654
chr11	81399451	81599451	harbor1	chr11	81459051	81459110	LINE/L2	1032	+	30	81459081	59630
chr11	81399451	81599451	harbor1	chr11	81463887	81464256	LINE/L2	570	+	184	81464071	64620
chr11	92876848	93076848	harbor1	chr11	92912230	92912471	LINE/L2	743	+	120	92912350	35502
chr11	92876848	93076848	harbor1	chr11	92934875	92935173	LINE/L2	451	+	149	92935024	58176
chr11	92876848	93076848	harbor1	chr11	92935192	92935312	LINE/L2	419	+	60	92935252	58404
chr11	92876848	93076848	harbor1	chr11	92967156	92967914	LINE/L2	734	+	379	92967535	90687
chr11	133798185	133998185	harbor1	chr11	133827013	133827414	LINE/L2	866	+	200	133827213	29028
chr11	133798185	133998185	harbor1	chr11	133891948	133892952	LINE/L2	1269	+	502	133892450	94265
chr11	133798185	133998185	harbor1	chr11	133895972	133896288	LINE/L2	636	+	158	133896130	97945
chr11	109044882	109244882	harbor1	chr11	109061434	109061804	LINE/L2	539	+	185	109061619	16737
chr11	109044882	109244882	harbor1	chr11	109130237	109130430	LINE/L2	452	+	96	109130333	85451
chr11	37017026	37217026	harbor1	chr11	37029495	37029747	LINE/L2	416	+	126	37029621	12595
chr11	37017026	37217026	harbor1	chr11	37042269	37042478	LINE/L2	409	+	104	37042373	25347
chr11	37017026	37217026	harbor1	chr11	37103832	37104455	LINE/L2	1234	+	312	37104144	87118
chr11	88961781	89161781	harbor1	chr11	89002790	89002914	LINE/L2	430	+	62	89002852	41071
chr11	88961781	89161781	harbor1	chr11	89006385	89006742	LINE/L2	448	+	178	89006563	44782
chr11	31384769	31584769	harbor1	chr11	31396625	31397227	LINE/L2	647	+	301	31396926	12157
chr11	31384769	31584769	harbor1	chr11	31460982	31461105	LINE/L2	408	+	62	31461044	76275
chr11	67631216	67831216	harbor1	chr11	67631916	67632160	LINE/L2	412	+	122	67632038	822
chr11	67631216	67831216	harbor1	chr11	67633314	67633935	LINE/L2	398	+	310	67633624	2408
chr11	67631216	67831216	harbor1	chr11	67635290	67635488	LINE/L2	402	+	99	67635389	4173
chr11	67631216	67831216	harbor1	chr11	67646096	67646502	LINE/L2	618	+	203	67646299	15083
chr11	27847842	28047842	harbor1	chr11	27852356	27852551	LINE/L2	439	+	98	27852454	4612
chr11	27847842	28047842	harbor1	chr11	27859401	27859732	LINE/L2	441	+	166	27859567	11725
chr11	27847842	28047842	harbor1	chr11	27876124	27876261	LINE/L2	375	+	68	27876192	28350
chr11	27847842	28047842	harbor1	chr11	27905264	27905505	LINE/L2	409	+	120	27905384	57542
chr11	27847842	28047842	harbor1	chr11	27852719	27853044	LINE/L2	804	+	162	27852881	5039
chr11	92699954	92899954	harbor1	chr11	92792003	92792344	LINE/L2	544	+	170	92792173	92219
chr11	40704413	40904413	harbor1	chr11	40801278	40801594	LINE/L2	376	+	158	40801436	97023
chr11	126890418	127090418	harbor1	chr11	126907752	126908234	LINE/L2	1546	+	241	126907993	17575
chr11	126890418	127090418	harbor1	chr11	126920552	126920902	LINE/L2	449	+	175	126920727	30309
chr11	126890418	127090418	harbor1	chr11	126922219	126922714	LINE/L2	449	+	248	126922467	32049
chr11	126890418	127090418	harbor1	chr11	126922746	126923081	LINE/L2	449	+	168	126922914	32496
chr11	126890418	127090418	harbor1	chr11	126923794	126924040	LINE/L2	407	+	123	126923917	33499
chr11	82739646	82939646	harbor1	chr11	82794982	82796456	LINE/L2	3742	+	737	82795719	56073
chr11	82739646	82939646	harbor1	chr11	82812129	82812408	LINE/L2	709	+	140	82812269	72623
chr11	82739646	82939646	harbor1	chr11	82815456	82815778	LINE/L2	383	+	161	82815617	75971
chr11	82739646	82939646	harbor1	chr11	82820536	82821020	LINE/L2	496	+	242	82820778	81132
chr11	82739646	82939646	harbor1	chr11	82828683	82829772	LINE/L2	2581	+	544	82829227	89581
chr11	98760137	98960137	harbor1	chr11	98768056	98768326	LINE/L2	374	+	135	98768191	8054
chr11	98760137	98960137	harbor1	chr11	98834309	98834446	LINE/L2	476	+	68	98834377	74240
chr11	82892704	83092704	harbor1	chr11	82905559	82905809	LINE/L2	433	+	125	82905684	12980
chr11	82892704	83092704	harbor1	chr11	82915618	82915741	LINE/L2	378	+	62	82915680	22976
chr11	82892704	83092704	harbor1	chr11	82969295	82969475	LINE/L2	1239	+	90	82969385	76681
chr11	82892704	83092704	harbor1	chr11	82988844	82989095	LINE/L2	427	+	126	82988970	96266
chr11	82892704	83092704	harbor1	chr11	82968457	82969027	LINE/L2	1378	+	285	82968742	76038
chr11	91655753	91855753	harbor1	chr11	91689264	91690059	LINE/L2	921	+	398	91689662	33909
chr11	91655753	91855753	harbor1	chr11	91754221	91754737	LINE/L2	458	+	258	91754479	98726
chr11	91655753	91855753	harbor1	chr11	91755104	91755569	LINE/L2	571	+	232	91755336	99583
chr11	74655904	74855904	harbor1	chr11	74673399	74673887	LINE/L2	659	+	244	74673643	17739
chr11	74655904	74855904	harbor1	chr11	74687721	74687962	LINE/L2	661	+	120	74687841	31937
chr11	74655904	74855904	harbor1	chr11	74697995	74698058	LINE/L2	423	+	32	74698027	42123
chr11	74655904	74855904	harbor1	chr11	74698372	74698628	LINE/L2	423	+	128	74698500	42596
chr11	74655904	74855904	harbor1	chr11	74724471	74724864	LINE/L2	448	+	196	74724667	68763
chr11	74655904	74855904	harbor1	chr11	74733764	74734120	LINE/L2	446	+	178	74733942	78038
chr11	74655904	74855904	harbor1	chr11	74737048	74737081	LINE/L2	661	+	16	74737064	81160
chr11	74655904	74855904	harbor1	chr11	74737394	74737466	LINE/L2	661	+	36	74737430	81526
chr11	74655904	74855904	harbor1	chr11	74737768	74738202	LINE/L2	743	+	217	74737985	82081
chr11	74655904	74855904	harbor1	chr11	74738340	74738405	LINE/L2	743	+	32	74738372	82468
chr11	56543486	56743486	harbor1	chr11	56634559	56635453	LINE/L2	1993	+	447	56635006	91520
chr11	91650522	91850522	harbor1	chr11	91689264	91690059	LINE/L2	921	+	398	91689662	39140
chr11	29016135	29216135	harbor1	chr11	29021407	29021587	LINE/L2	391	+	90	29021497	5362
chr11	29016135	29216135	harbor1	chr11	29039488	29039943	LINE/L2	686	+	228	29039716	23581
chr11	29016135	29216135	harbor1	chr11	29094250	29094484	LINE/L2	385	+	117	29094367	78232
chr11	29016135	29216135	harbor1	chr11	29103872	29104506	LINE/L2	1302	+	317	29104189	88054
chr11	29016135	29216135	harbor1	chr11	29104506	29104691	LINE/L2	387	+	92	29104598	88463
chr11	42031622	42231622	harbor1	chr11	42098248	42098496	LINE/L2	460	+	124	42098372	66750
chr11	42031622	42231622	harbor1	chr11	42125740	42125967	LINE/L2	489	+	114	42125854	94232
chr11	42031622	42231622	harbor1	chr11	42126513	42126955	LINE/L2	528	+	221	42126734	95112
chr11	113974068	114174068	harbor1	chr11	113983696	113983921	LINE/L2	472	+	112	113983808	9740
chr11	113974068	114174068	harbor1	chr11	113984124	113984333	LINE/L2	415	+	104	113984228	10160
chr11	113974068	114174068	harbor1	chr11	113984465	113984569	LINE/L2	415	+	52	113984517	10449
chr11	113974068	114174068	harbor1	chr11	113999622	113999736	LINE/L2	376	+	57	113999679	25611
chr11	113974068	114174068	harbor1	chr11	114002675	114002880	LINE/L2	440	+	102	114002777	28709
chr11	113974068	114174068	harbor1	chr11	114004447	114004804	LINE/L2	652	+	178	114004625	30557
chr11	113974068	114174068	harbor1	chr11	114005116	114005233	LINE/L2	652	+	58	114005174	31106
chr11	113974068	114174068	harbor1	chr11	114008210	114008771	LINE/L2	1036	+	280	114008490	34422
chr11	113974068	114174068	harbor1	chr11	114010938	114011591	LINE/L2	942	+	326	114011264	37196
chr11	113974068	114174068	harbor1	chr11	114017324	114017431	LINE/L2	470	+	54	114017378	43310
chr11	113974068	114174068	harbor1	chr11	114017737	114017978	LINE/L2	470	+	120	114017857	43789
chr11	7361377	7561377	harbor1	chr11	7375832	7376224	LINE/L2	1029	+	196	7376028	14651
chr11	7361377	7561377	harbor1	chr11	7384251	7385308	LINE/L2	2035	+	528	7384779	23402
chr11	7361377	7561377	harbor1	chr11	7456957	7457507	LINE/L2	490	+	275	7457232	95855
chr11	81910066	82110066	harbor1	chr11	81921623	81921731	LINE/L2	437	+	54	81921677	11611
chr11	87721797	87921797	harbor1	chr11	87768630	87768831	LINE/L2	589	+	100	87768730	46933
chr11	37292385	37492385	harbor1	chr11	37324507	37326070	LINE/L2	3498	+	782	37325289	32904
chr11	37292385	37492385	harbor1	chr11	37326317	37326963	LINE/L2	1371	+	323	37326640	34255
chr11	37189641	37389641	harbor1	chr11	37286656	37287978	LINE/L2	1753	+	661	37287317	97676
chr11	76156563	76356563	harbor1	chr11	76173051	76173445	LINE/L2	542	+	197	76173248	16685
chr11	76156563	76356563	harbor1	chr11	76227298	76227410	LINE/L2	467	+	56	76227354	70791
chr11	76156563	76356563	harbor1	chr11	76227630	76227855	LINE/L2	741	+	112	76227742	71179
chr11	76156563	76356563	harbor1	chr11	76185416	76185924	LINE/L2	1212	+	254	76185670	29107
chr11	28106160	28306160	harbor1	chr11	28119032	28119349	LINE/L2	477	+	158	28119190	13030
chr11	28106160	28306160	harbor1	chr11	28126123	28126496	LINE/L2	794	+	186	28126309	20149
chr11	88572653	88772653	harbor1	chr11	88576155	88576484	LINE/L2	498	+	164	88576319	3666
chr11	88572653	88772653	harbor1	chr11	88584805	88584894	LINE/L2	477	+	44	88584849	12196
chr11	88572653	88772653	harbor1	chr11	88585372	88585416	LINE/L2	477	+	22	88585394	12741
chr11	88572653	88772653	harbor1	chr11	88607208	88607817	LINE/L2	1715	+	304	88607512	34859
chr11	88572653	88772653	harbor1	chr11	88608268	88608514	LINE/L2	1519	+	123	88608391	35738
chr11	88572653	88772653	harbor1	chr11	88608821	88608910	LINE/L2	1519	+	44	88608865	36212
chr11	88572653	88772653	harbor1	chr11	88629784	88630385	LINE/L2	1340	+	300	88630084	57431
chr11	88572653	88772653	harbor1	chr11	88652466	88652637	LINE/L2	384	+	86	88652552	79899
chr11	122314695	122514695	harbor1	chr11	122340431	122340802	LINE/L2	455	+	186	122340617	25922
chr11	122314695	122514695	harbor1	chr11	122371169	122371290	LINE/L2	444	+	60	122371229	56534
chr11	122314695	122514695	harbor1	chr11	122372433	122373130	LINE/L2	2125	+	348	122372781	58086
chr11	122314695	122514695	harbor1	chr11	122373918	122374174	LINE/L2	1702	+	128	122374046	59351
chr11	122314695	122514695	harbor1	chr11	122374208	122374527	LINE/L2	1702	+	160	122374368	59673
chr11	122314695	122514695	harbor1	chr11	122384871	122385146	LINE/L2	1587	+	138	122385009	70314
chr11	122314695	122514695	harbor1	chr11	122385458	122386050	LINE/L2	1587	+	296	122385754	71059
chr11	122314695	122514695	harbor1	chr11	122322143	122322989	LINE/L2	510	+	423	122322566	7871
chr11	109497366	109697366	harbor1	chr11	109513891	109515183	LINE/L2	2050	+	646	109514537	17171
chr11	109497366	109697366	harbor1	chr11	109516564	109516835	LINE/L2	1015	+	136	109516700	19334
chr11	109497366	109697366	harbor1	chr11	109527093	109527419	LINE/L2	440	+	163	109527256	29890
chr11	109497366	109697366	harbor1	chr11	109533802	109534531	LINE/L2	804	+	364	109534166	36800
chr11	122922968	123122968	harbor1	chr11	123003844	123003962	LINE/L2	531	+	59	123003903	80935
chr11	72629478	72829478	harbor1	chr11	72671040	72671326	LINE/L2	576	+	143	72671183	41705
chr11	72629478	72829478	harbor1	chr11	72686611	72687300	LINE/L2	429	+	344	72686955	57477
chr11	72629478	72829478	harbor1	chr11	72706065	72706261	LINE/L2	442	+	98	72706163	76685
chr11	13101526	13301526	harbor1	chr11	13107283	13108372	LINE/L2	986	+	544	13107827	6301
chr11	13101526	13301526	harbor1	chr11	13116214	13116900	LINE/L2	488	+	343	13116557	15031
chr11	13101526	13301526	harbor1	chr11	13134334	13134650	LINE/L2	992	+	158	13134492	32966
chr11	13101526	13301526	harbor1	chr11	13136164	13136820	LINE/L2	376	+	328	13136492	34966
chr11	13101526	13301526	harbor1	chr11	13140012	13140265	LINE/L2	583	+	126	13140138	38612
chr11	13101526	13301526	harbor1	chr11	13190372	13190570	LINE/L2	729	+	99	13190471	88945
chr11	69904622	70104622	harbor1	chr11	69923627	69924000	LINE/L2	502	+	186	69923813	19191
chr11	69904622	70104622	harbor1	chr11	69959720	69960019	LINE/L2	390	+	150	69959870	55248
chr11	69904622	70104622	harbor1	chr11	69972764	69972894	LINE/L2	568	+	65	69972829	68207
chr11	69904622	70104622	harbor1	chr11	69973208	69973417	LINE/L2	568	+	104	69973312	68690
chr11	69904622	70104622	harbor1	chr11	69999596	69999739	LINE/L2	422	+	72	69999668	95046
chr11	26902327	27102327	harbor1	chr11	26935445	26935562	LINE/L2	585	+	58	26935503	33176
chr11	26902327	27102327	harbor1	chr11	26992694	26992758	LINE/L2	558	+	32	26992726	90399
chr11	26902327	27102327	harbor1	chr11	26993066	26993219	LINE/L2	558	+	76	26993142	90815
chr11	131572888	131772888	harbor1	chr11	131602575	131603292	LINE/L2	1220	+	358	131602933	30045
chr11	131572888	131772888	harbor1	chr11	131620264	131620943	LINE/L2	1311	+	340	131620604	47716
chr11	66456185	66656185	harbor1	chr11	66506619	66507040	LINE/L2	485	+	210	66506829	50644
chr11	66456185	66656185	harbor1	chr11	66544227	66544694	LINE/L2	1085	+	234	66544461	88276
chr11	66456185	66656185	harbor1	chr11	66545369	66545562	LINE/L2	395	+	96	66545465	89280
chr11	133574343	133774343	harbor1	chr11	133622373	133623077	LINE/L2	418	+	352	133622725	48382
chr11	133574343	133774343	harbor1	chr11	133657272	133657440	LINE/L2	501	+	84	133657356	83013
chr11	44804875	45004875	harbor1	chr11	44828573	44829017	LINE/L2	719	+	222	44828795	23920
chr11	44804875	45004875	harbor1	chr11	44829895	44830464	LINE/L2	719	+	284	44830179	25304
chr11	38037663	38237663	harbor1	chr11	38064466	38065303	LINE/L2	964	+	418	38064884	27221
chr11	38037663	38237663	harbor1	chr11	38080599	38081202	LINE/L2	831	+	302	38080901	43238
chr11	38037663	38237663	harbor1	chr11	38082140	38083144	LINE/L2	404	+	502	38082642	44979
chr11	3465407	3665407	harbor1	chr11	3518249	3518479	LINE/L2	622	+	115	3518364	52957
chr11	3465407	3665407	harbor1	chr11	3518796	3519425	LINE/L2	622	+	314	3519110	53703
chr11	3465407	3665407	harbor1	chr11	3520574	3520723	LINE/L2	446	+	74	3520648	55241
chr11	3465407	3665407	harbor1	chr11	3528945	3529222	LINE/L2	404	+	138	3529083	63676
chr11	3465407	3665407	harbor1	chr11	3529716	3529814	LINE/L2	405	+	49	3529765	64358
chr11	3465407	3665407	harbor1	chr11	3530108	3530251	LINE/L2	405	+	72	3530180	64773
chr11	132180226	132380226	harbor1	chr11	132207715	132208059	LINE/L2	541	+	172	132207887	27661
chr11	104034148	104234148	harbor1	chr11	104093570	104095334	LINE/L2	1283	+	882	104094452	60304
chr11	104034148	104234148	harbor1	chr11	104130594	104130861	LINE/L2	453	+	134	104130728	96580
chr11	74666789	74866789	harbor1	chr11	74673399	74673887	LINE/L2	659	+	244	74673643	6854
chr11	74666789	74866789	harbor1	chr11	74687721	74687962	LINE/L2	661	+	120	74687841	21052
chr11	74666789	74866789	harbor1	chr11	74697995	74698058	LINE/L2	423	+	32	74698027	31238
chr11	74666789	74866789	harbor1	chr11	74698372	74698628	LINE/L2	423	+	128	74698500	31711
chr11	74666789	74866789	harbor1	chr11	74724471	74724864	LINE/L2	448	+	196	74724667	57878
chr11	74666789	74866789	harbor1	chr11	74733764	74734120	LINE/L2	446	+	178	74733942	67153
chr11	74666789	74866789	harbor1	chr11	74737048	74737081	LINE/L2	661	+	16	74737064	70275
chr11	74666789	74866789	harbor1	chr11	74737394	74737466	LINE/L2	661	+	36	74737430	70641
chr11	74666789	74866789	harbor1	chr11	74737768	74738202	LINE/L2	743	+	217	74737985	71196
chr11	74666789	74866789	harbor1	chr11	74738340	74738405	LINE/L2	743	+	32	74738372	71583
chr11	80660109	80860109	harbor1	chr11	80680096	80680494	LINE/L2	498	+	199	80680295	20186
chr11	80660109	80860109	harbor1	chr11	80684902	80685010	LINE/L2	469	+	54	80684956	24847
chr11	93561657	93761657	harbor1	chr11	93624372	93624406	LINE/L2	432	+	17	93624389	62732
chr11	93561657	93761657	harbor1	chr11	93624877	93625137	LINE/L2	432	+	130	93625007	63350
chr11	93561657	93761657	harbor1	chr11	93659919	93660328	LINE/L2	433	+	204	93660123	98466
chr11	61819749	62019749	harbor1	chr11	61874677	61874954	LINE/L2	483	+	138	61874815	55066
chr11	61819749	62019749	harbor1	chr11	61887360	61887682	LINE/L2	546	+	161	61887521	67772
chr11	61819749	62019749	harbor1	chr11	61903889	61904100	LINE/L2	410	+	106	61903995	84246
chr11	78879808	79079808	harbor1	chr11	78887249	78887547	LINE/L2	533	+	149	78887398	7590
chr11	78879808	79079808	harbor1	chr11	78893403	78893768	LINE/L2	665	+	182	78893585	13777
chr11	78879808	79079808	harbor1	chr11	78893896	78894057	LINE/L2	546	+	80	78893976	14168
chr11	78879808	79079808	harbor1	chr11	78915146	78915384	LINE/L2	600	+	119	78915265	35457
chr11	78879808	79079808	harbor1	chr11	78939433	78939649	LINE/L2	503	+	108	78939541	59733
chr11	78879808	79079808	harbor1	chr11	78960565	78960775	LINE/L2	393	+	105	78960670	80862
chr11	118761380	118961380	harbor1	chr11	118803820	118803916	LINE/L2	391	+	48	118803868	42488
chr11	118761380	118961380	harbor1	chr11	118804321	118804807	LINE/L2	932	+	243	118804564	43184
chr11	31782150	31982150	harbor1	chr11	31842768	31843260	LINE/L2	514	+	246	31843014	60864
chr12	21974672	22174672	harbor1	chr12	22040846	22041252	LINE/L2	1223	+	203	22041049	66377
chr12	21974672	22174672	harbor1	chr12	22042330	22042963	LINE/L2	1659	+	316	22042646	67974
chr12	94480564	94680564	harbor1	chr12	94489134	94489696	LINE/L2	1581	+	281	94489415	8851
chr12	94480564	94680564	harbor1	chr12	94490061	94490479	LINE/L2	1581	+	209	94490270	9706
chr12	94480564	94680564	harbor1	chr12	94516184	94517035	LINE/L2	2036	+	426	94516610	36046
chr12	94480564	94680564	harbor1	chr12	94518300	94518886	LINE/L2	1121	+	293	94518593	38029
chr12	94480564	94680564	harbor1	chr12	94536274	94536674	LINE/L2	508	+	200	94536474	55910
chr12	96973387	97173387	harbor1	chr12	97005725	97006083	LINE/L2	626	+	179	97005904	32517
chr12	96973387	97173387	harbor1	chr12	97036488	97036595	LINE/L2	439	+	54	97036542	63155
chr12	5048950	5248950	harbor1	chr12	5058686	5058956	LINE/L2	559	+	135	5058821	9871
chr12	17899436	18099436	harbor1	chr12	17935584	17935864	LINE/L2	692	+	140	17935724	36288
chr12	17899436	18099436	harbor1	chr12	17936311	17936507	LINE/L2	692	+	98	17936409	36973
chr12	17899436	18099436	harbor1	chr12	17937609	17938059	LINE/L2	1158	+	225	17937834	38398
chr12	124815566	125015566	harbor1	chr12	124816338	124816464	LINE/L2	461	+	63	124816401	835
chr12	124815566	125015566	harbor1	chr12	124827023	124827103	LINE/L2	772	+	40	124827063	11497
chr12	124815566	125015566	harbor1	chr12	124827608	124828020	LINE/L2	772	+	206	124827814	12248
chr12	124815566	125015566	harbor1	chr12	124840583	124840886	LINE/L2	773	+	152	124840735	25169
chr12	124815566	125015566	harbor1	chr12	124841500	124842007	LINE/L2	773	+	254	124841754	26188
chr12	124815566	125015566	harbor1	chr12	124866287	124866709	LINE/L2	695	+	211	124866498	50932
chr12	124815566	125015566	harbor1	chr12	124868574	124869153	LINE/L2	1094	+	290	124868864	53298
chr12	124815566	125015566	harbor1	chr12	124829147	124829734	LINE/L2	1526	+	294	124829441	13875
chr12	16244172	16444172	harbor1	chr12	16275877	16276147	LINE/L2	660	+	135	16276012	31840
chr12	16244172	16444172	harbor1	chr12	16287506	16287865	LINE/L2	573	+	180	16287686	43514
chr12	16244172	16444172	harbor1	chr12	16295702	16295885	LINE/L2	546	+	92	16295794	51622
chr12	16244172	16444172	harbor1	chr12	16322159	16322354	LINE/L2	497	+	98	16322257	78085
chr12	32739466	32939466	harbor1	chr12	32813995	32814641	LINE/L2	471	+	323	32814318	74852
chr12	32739466	32939466	harbor1	chr12	32814938	32815135	LINE/L2	471	+	98	32815036	75570
chr12	114095397	114295397	harbor1	chr12	114185442	114185584	LINE/L2	523	+	71	114185513	90116
chr12	114095397	114295397	harbor1	chr12	114190270	114190869	LINE/L2	619	+	300	114190570	95173
chr12	3323047	3523047	harbor1	chr12	3334746	3335213	LINE/L2	606	+	234	3334980	11933
chr12	3323047	3523047	harbor1	chr12	3377695	3377941	LINE/L2	467	+	123	3377818	54771
chr12	3323047	3523047	harbor1	chr12	3378635	3379314	LINE/L2	833	+	340	3378975	55928
chr12	74971811	75171811	harbor1	chr12	75011678	75012034	LINE/L2	501	+	178	75011856	40045
chr12	74971811	75171811	harbor1	chr12	75023270	75023656	LINE/L2	689	+	193	75023463	51652
chr12	95402324	95602324	harbor1	chr12	95402969	95403352	LINE/L2	1073	+	192	95403161	837
chr12	95402324	95602324	harbor1	chr12	95426047	95426369	LINE/L2	1912	+	161	95426208	23884
chr12	95402324	95602324	harbor1	chr12	95426671	95427198	LINE/L2	1912	+	264	95426935	24611
chr12	95402324	95602324	harbor1	chr12	95427491	95427890	LINE/L2	1912	+	200	95427691	25367
chr12	95402324	95602324	harbor1	chr12	95462870	95463391	LINE/L2	425	+	260	95463130	60806
chr12	95402324	95602324	harbor1	chr12	95470312	95470857	LINE/L2	995	+	272	95470584	68260
chr12	96932037	97132037	harbor1	chr12	97005725	97006083	LINE/L2	626	+	179	97005904	73867
chr12	131564005	131764005	harbor1	chr12	131662317	131662429	LINE/L2	517	+	56	131662373	98368
chr12	7460836	7660836	harbor1	chr12	7560092	7560655	LINE/L2	1518	+	282	7560374	99538
chr12	5847612	6047612	harbor1	chr12	5860055	5860475	LINE/L2	635	+	210	5860265	12653
chr12	5847612	6047612	harbor1	chr12	5911065	5911276	LINE/L2	418	+	106	5911171	63559
chr12	5847612	6047612	harbor1	chr12	5925829	5926583	LINE/L2	835	+	377	5926206	78594
chr12	5847612	6047612	harbor1	chr12	5942576	5942790	LINE/L2	478	+	107	5942683	95071
chr12	43246758	43446758	harbor1	chr12	43304138	43304725	LINE/L2	862	+	294	43304432	57674
chr12	41060567	41260567	harbor1	chr12	41106188	41106879	LINE/L2	1343	+	346	41106534	45967
chr12	41060567	41260567	harbor1	chr12	41107617	41107881	LINE/L2	1095	+	132	41107749	47182
chr12	41060567	41260567	harbor1	chr12	41113583	41113980	LINE/L2	635	+	198	41113781	53214
chr12	41060567	41260567	harbor1	chr12	41124355	41124659	LINE/L2	575	+	152	41124507	63940
chr12	68968222	69168222	harbor1	chr12	68970430	68970671	LINE/L2	615	+	120	68970550	2328
chr12	68968222	69168222	harbor1	chr12	69040654	69040787	LINE/L2	822	+	66	69040720	72498
chr12	68968222	69168222	harbor1	chr12	69041108	69041180	LINE/L2	822	+	36	69041144	72922
chr12	68968222	69168222	harbor1	chr12	69055909	69056064	LINE/L2	461	+	78	69055987	87765
chr12	81240188	81440188	harbor1	chr12	81251987	81252429	LINE/L2	423	+	221	81252208	12020
chr12	81240188	81440188	harbor1	chr12	81301529	81302078	LINE/L2	1017	+	274	81301803	61615
chr12	128985440	129185440	harbor1	chr12	129022525	129024622	LINE/L2	2345	+	1048	129023573	38133
chr12	74192503	74392503	harbor1	chr12	74197777	74198248	LINE/L2	957	+	236	74198013	5510
chr12	74192503	74392503	harbor1	chr12	74246272	74246707	LINE/L2	442	+	218	74246490	53987
chr12	74192503	74392503	harbor1	chr12	74283434	74283974	LINE/L2	931	+	270	74283704	91201
chr12	38249101	38449101	harbor1	chr12	38280573	38281423	LINE/L2	690	+	425	38280998	31897
chr12	38249101	38449101	harbor1	chr12	38290674	38291113	LINE/L2	488	+	220	38290894	41793
chr12	59480829	59680829	harbor1	chr12	59486927	59487116	LINE/L2	417	+	94	59487021	6192
chr12	59480829	59680829	harbor1	chr12	59494688	59495187	LINE/L2	940	+	250	59494938	14109
chr12	59480829	59680829	harbor1	chr12	59500120	59500894	LINE/L2	761	+	387	59500507	19678
chr12	49279687	49479687	harbor1	chr12	49286881	49286909	LINE/L2	540	+	14	49286895	7208
chr12	49279687	49479687	harbor1	chr12	49287217	49287436	LINE/L2	540	+	110	49287327	7640
chr12	117274781	117474781	harbor1	chr12	117304285	117304582	LINE/L2	492	+	148	117304433	29652
chr12	117274781	117474781	harbor1	chr12	117320685	117321011	LINE/L2	991	+	163	117320848	46067
chr12	117274781	117474781	harbor1	chr12	117321310	117321433	LINE/L2	991	+	62	117321372	46591
chr12	117274781	117474781	harbor1	chr12	117328039	117328184	LINE/L2	542	+	72	117328111	53330
chr12	117274781	117474781	harbor1	chr12	117328468	117328554	LINE/L2	542	+	43	117328511	53730
chr12	117274781	117474781	harbor1	chr12	117328733	117328777	LINE/L2	808	+	22	117328755	53974
chr12	117274781	117474781	harbor1	chr12	117329130	117329299	LINE/L2	808	+	84	117329214	54433
chr12	117274781	117474781	harbor1	chr12	117371116	117371309	LINE/L2	416	+	96	117371212	96431
chr12	79388972	79588972	harbor1	chr12	79441690	79441956	LINE/L2	631	+	133	79441823	52851
chr12	79388972	79588972	harbor1	chr12	79443207	79443594	LINE/L2	572	+	194	79443401	54429
chr12	79388972	79588972	harbor1	chr12	79485779	79485858	LINE/L2	2403	+	40	79485819	96847
chr12	79388972	79588972	harbor1	chr12	79486181	79486998	LINE/L2	2403	+	408	79486589	97617
chr12	79388972	79588972	harbor1	chr12	79487267	79487440	LINE/L2	753	+	86	79487353	98381
chr12	47719336	47919336	harbor1	chr12	47800905	47801341	LINE/L2	429	+	218	47801123	81787
chr12	47719336	47919336	harbor1	chr12	47814818	47815114	LINE/L2	648	+	148	47814966	95630
chr12	4705794	4905794	harbor1	chr12	4733764	4733983	LINE/L2	461	+	110	4733874	28080
chr12	4705794	4905794	harbor1	chr12	4766986	4767401	LINE/L2	663	+	208	4767194	61400
chr12	4705794	4905794	harbor1	chr12	4795645	4795796	LINE/L2	460	+	76	4795721	89927
chr12	4705794	4905794	harbor1	chr12	4804739	4805654	LINE/L2	1436	+	458	4805197	99403
chr12	71993183	72193183	harbor1	chr12	72019175	72019811	LINE/L2	911	+	318	72019493	26310
chr12	71993183	72193183	harbor1	chr12	72058003	72059020	LINE/L2	2306	+	508	72058511	65328
chr12	71993183	72193183	harbor1	chr12	72059347	72059688	LINE/L2	1295	+	170	72059517	66334
chr12	71993183	72193183	harbor1	chr12	72060182	72061075	LINE/L2	1652	+	446	72060628	67445
chr12	71993183	72193183	harbor1	chr12	72089088	72089921	LINE/L2	1079	+	416	72089504	96321
chr12	12316099	12516099	harbor1	chr12	12335041	12335339	LINE/L2	558	+	149	12335190	19091
chr12	12316099	12516099	harbor1	chr12	12335864	12335900	LINE/L2	558	+	18	12335882	19783
chr12	12316099	12516099	harbor1	chr12	12336156	12336318	LINE/L2	558	+	81	12336237	20138
chr12	12316099	12516099	harbor1	chr12	12336415	12336525	LINE/L2	468	+	55	12336470	20371
chr12	12316099	12516099	harbor1	chr12	12336814	12336921	LINE/L2	468	+	54	12336868	20769
chr12	12316099	12516099	harbor1	chr12	12361409	12361702	LINE/L2	848	+	146	12361555	45456
chr12	2044271	2244271	harbor1	chr12	2085255	2086250	LINE/L2	740	+	498	2085753	41482
chr12	94056979	94256979	harbor1	chr12	94106067	94106563	LINE/L2	598	+	248	94106315	49336
chr12	94056979	94256979	harbor1	chr12	94106579	94106839	LINE/L2	586	+	130	94106709	49730
chr12	65208481	65408481	harbor1	chr12	65242128	65243324	LINE/L2	1105	+	598	65242726	34245
chr12	65208481	65408481	harbor1	chr12	65252700	65253095	LINE/L2	711	+	198	65252898	44417
chr12	65208481	65408481	harbor1	chr12	65272978	65273635	LINE/L2	1032	+	328	65273306	64825
chr12	65208481	65408481	harbor1	chr12	65292086	65292246	LINE/L2	463	+	80	65292166	83685
chr12	65208481	65408481	harbor1	chr12	65292464	65292703	LINE/L2	448	+	120	65292584	84103
chr12	65208481	65408481	harbor1	chr12	65293209	65293783	LINE/L2	576	+	287	65293496	85015
chr12	95882915	96082915	harbor1	chr12	95882664	95883320	LINE/L2	1159	+	328	95882992	77
chr12	95882915	96082915	harbor1	chr12	95883462	95883790	LINE/L2	484	+	164	95883626	711
chr12	91960114	92160114	harbor1	chr12	91964720	91964854	LINE/L2	506	+	67	91964787	4673
chr12	91960114	92160114	harbor1	chr12	92008617	92008828	LINE/L2	746	+	106	92008723	48609
chr12	91960114	92160114	harbor1	chr12	92011046	92011451	LINE/L2	646	+	202	92011248	51134
chr12	91960114	92160114	harbor1	chr12	92051759	92052561	LINE/L2	980	+	401	92052160	92046
chr12	109735929	109935929	harbor1	chr12	109804898	109805257	LINE/L2	708	+	180	109805078	69149
chr12	109735929	109935929	harbor1	chr12	109811007	109811375	LINE/L2	569	+	184	109811191	75262
chr12	109735929	109935929	harbor1	chr12	109811682	109811698	LINE/L2	569	+	8	109811690	75761
chr12	109735929	109935929	harbor1	chr12	109821329	109821538	LINE/L2	655	+	104	109821433	85504
chr12	109735929	109935929	harbor1	chr12	109821832	109821968	LINE/L2	655	+	68	109821900	85971
chr12	124871176	125071176	harbor1	chr12	124925501	124925670	LINE/L2	1153	+	84	124925585	54409
chr12	124871176	125071176	harbor1	chr12	124925979	124926277	LINE/L2	1153	+	149	124926128	54952
chr12	124871176	125071176	harbor1	chr12	124928036	124928262	LINE/L2	568	+	113	124928149	56973
chr12	124871176	125071176	harbor1	chr12	124970432	124970765	LINE/L2	435	+	166	124970598	99422
chr12	109820035	110020035	harbor1	chr12	109821329	109821538	LINE/L2	655	+	104	109821433	1398
chr12	109820035	110020035	harbor1	chr12	109821832	109821968	LINE/L2	655	+	68	109821900	1865
chr12	16131282	16331282	harbor1	chr12	16190501	16190605	LINE/L2	434	+	52	16190553	59271
chr12	16131282	16331282	harbor1	chr12	16207527	16207642	LINE/L2	421	+	58	16207585	76303
chr12	16131282	16331282	harbor1	chr12	16207953	16208380	LINE/L2	421	+	214	16208167	76885
chr12	16131282	16331282	harbor1	chr12	16209311	16210223	LINE/L2	859	+	456	16209767	78485
chr12	16131282	16331282	harbor1	chr12	16228475	16228546	LINE/L2	935	+	36	16228511	97229
chr12	16131282	16331282	harbor1	chr12	16228981	16229424	LINE/L2	935	+	222	16229203	97921
chr12	16131282	16331282	harbor1	chr12	16220153	16220505	LINE/L2	989	+	176	16220329	89047
chr12	116802124	117002124	harbor1	chr12	116813274	116813723	LINE/L2	711	+	224	116813498	11374
chr12	116802124	117002124	harbor1	chr12	116839034	116839310	LINE/L2	458	+	138	116839172	37048
chr12	116802124	117002124	harbor1	chr12	116845781	116846081	LINE/L2	506	+	150	116845931	43807
chr12	116802124	117002124	harbor1	chr12	116848353	116848807	LINE/L2	1057	+	227	116848580	46456
chr12	116802124	117002124	harbor1	chr12	116849119	116849279	LINE/L2	768	+	80	116849199	47075
chr12	116802124	117002124	harbor1	chr12	116875354	116875490	LINE/L2	577	+	68	116875422	73298
chr12	110452826	110652826	harbor1	chr12	110538813	110539074	LINE/L2	746	+	130	110538943	86117
chr12	110452826	110652826	harbor1	chr12	110510009	110510150	LINE/L2	741	+	70	110510079	57253
chr12	6654406	6854406	harbor1	chr12	6662005	6662479	LINE/L2	794	+	237	6662242	7836
chr12	6654406	6854406	harbor1	chr12	6701439	6701795	LINE/L2	443	+	178	6701617	47211
chr12	6654406	6854406	harbor1	chr12	6702148	6702499	LINE/L2	934	+	176	6702324	47918
chr12	6654406	6854406	harbor1	chr12	6704831	6705072	LINE/L2	767	+	120	6704951	50545
chr12	6654406	6854406	harbor1	chr12	6705369	6705573	LINE/L2	767	+	102	6705471	51065
chr12	6654406	6854406	harbor1	chr12	6719417	6719505	LINE/L2	1297	+	44	6719461	65055
chr12	6654406	6854406	harbor1	chr12	6719800	6720411	LINE/L2	1297	+	306	6720106	65700
chr12	14085140	14285140	harbor1	chr12	14131080	14131417	LINE/L2	531	+	168	14131248	46108
chr12	1	136307	harbor1	chr12	40109	40241	LINE/L2	545	+	66	40175	40174
chr12	1	136307	harbor1	chr12	44482	44793	LINE/L2	666	+	156	44638	44637
chr12	1	136307	harbor1	chr12	45060	45076	LINE/L2	666	+	8	45068	45067
chr12	1	136307	harbor1	chr12	49179	49555	LINE/L2	616	+	188	49367	49366
chr12	1	136307	harbor1	chr12	49876	50385	LINE/L2	696	+	254	50130	50129
chr12	75023940	75223940	harbor1	chr12	75095445	75095719	LINE/L2	591	+	137	75095582	71642
chr13	49047700	49247700	harbor1	chr13	49062424	49062905	LINE/L2	773	+	240	49062664	14964
chr13	49047700	49247700	harbor1	chr13	49065452	49065591	LINE/L2	418	+	70	49065522	17822
chr13	49047700	49247700	harbor1	chr13	49088492	49088726	LINE/L2	558	+	117	49088609	40909
chr13	49047700	49247700	harbor1	chr13	49105438	49105671	LINE/L2	957	+	116	49105554	57854
chr13	49047700	49247700	harbor1	chr13	49105878	49106313	LINE/L2	1223	+	218	49106096	58396
chr13	49047700	49247700	harbor1	chr13	49106611	49106770	LINE/L2	1223	+	80	49106691	58991
chr13	49047700	49247700	harbor1	chr13	49126970	49127368	LINE/L2	884	+	199	49127169	79469
chr13	49047700	49247700	harbor1	chr13	49127644	49127882	LINE/L2	1376	+	119	49127763	80063
chr13	49047700	49247700	harbor1	chr13	49128179	49128369	LINE/L2	1376	+	95	49128274	80574
chr13	49047700	49247700	harbor1	chr13	49128578	49129078	LINE/L2	802	+	250	49128828	81128
chr13	49047700	49247700	harbor1	chr13	49131874	49132383	LINE/L2	969	+	254	49132128	84428
chr13	49047700	49247700	harbor1	chr13	49132629	49133023	LINE/L2	969	+	197	49132826	85126
chr13	102769710	102969710	harbor1	chr13	102857693	102858080	LINE/L2	605	+	194	102857887	88177
chr13	35662478	35862478	harbor1	chr13	35736863	35737254	LINE/L2	943	+	196	35737059	74581
chr13	35662478	35862478	harbor1	chr13	35754961	35755313	LINE/L2	418	+	176	35755137	92659
chr13	35662478	35862478	harbor1	chr13	35755918	35756011	LINE/L2	418	+	46	35755964	93486
chr13	35662478	35862478	harbor1	chr13	35756662	35757079	LINE/L2	583	+	208	35756870	94392
chr13	80515001	80715001	harbor1	chr13	80524045	80524945	LINE/L2	967	+	450	80524495	9494
chr13	69735301	69935301	harbor1	chr13	69821695	69821917	LINE/L2	469	+	111	69821806	86505
chr13	69735301	69935301	harbor1	chr13	69822220	69822255	LINE/L2	469	+	18	69822238	86937
chr13	35447407	35647407	harbor1	chr13	35491310	35491654	LINE/L2	1005	+	172	35491482	44075
chr13	35447407	35647407	harbor1	chr13	35506998	35507740	LINE/L2	2232	+	371	35507369	59962
chr13	35447407	35647407	harbor1	chr13	35517590	35517892	LINE/L2	445	+	151	35517741	70334
chr13	73014938	73214938	harbor1	chr13	73020578	73021006	LINE/L2	648	+	214	73020792	5854
chr13	51279069	51479069	harbor1	chr13	51293225	51293613	LINE/L2	558	+	194	51293419	14350
chr13	51279069	51479069	harbor1	chr13	51294212	51294434	LINE/L2	501	+	111	51294323	15254
chr13	51279069	51479069	harbor1	chr13	51324284	51324490	LINE/L2	447	+	103	51324387	45318
chr13	51279069	51479069	harbor1	chr13	51372362	51372649	LINE/L2	452	+	144	51372506	93437
chr13	92008256	92208256	harbor1	chr13	92010060	92010401	LINE/L2	869	+	170	92010230	1974
chr13	92008256	92208256	harbor1	chr13	92036654	92037680	LINE/L2	1075	+	513	92037167	28911
chr13	92008256	92208256	harbor1	chr13	92079846	92080466	LINE/L2	644	+	310	92080156	71900
chr13	26637409	26837409	harbor1	chr13	26652899	26654114	LINE/L2	1992	+	608	26653507	16098
chr13	26637409	26837409	harbor1	chr13	26654175	26654598	LINE/L2	1026	+	212	26654387	16978
chr13	58607680	58807680	harbor1	chr13	58692907	58693667	LINE/L2	1095	+	380	58693287	85607
chr13	25574448	25774448	harbor1	chr13	25590825	25591133	LINE/L2	443	+	154	25590979	16531
chr13	34855318	35055318	harbor1	chr13	34907063	34908087	LINE/L2	540	+	512	34907575	52257
chr13	34855318	35055318	harbor1	chr13	34908811	34909241	LINE/L2	682	+	215	34909026	53708
chr13	34855318	35055318	harbor1	chr13	34917098	34917466	LINE/L2	463	+	184	34917282	61964
chr13	34855318	35055318	harbor1	chr13	34929572	34929753	LINE/L2	506	+	90	34929662	74344
chr13	102768648	102968648	harbor1	chr13	102857693	102858080	LINE/L2	605	+	194	102857887	89239
chr13	46299481	46499481	harbor1	chr13	46299594	46299642	LINE/L2	422	+	24	46299618	137
chr13	46299481	46499481	harbor1	chr13	46304672	46304867	LINE/L2	429	+	98	46304770	5289
chr13	46299481	46499481	harbor1	chr13	46305128	46305188	LINE/L2	429	+	30	46305158	5677
chr13	46299481	46499481	harbor1	chr13	46305969	46306214	LINE/L2	429	+	122	46306091	6610
chr13	46299481	46499481	harbor1	chr13	46373754	46374113	LINE/L2	783	+	180	46373934	74453
chr13	46299481	46499481	harbor1	chr13	46374377	46374404	LINE/L2	783	+	14	46374391	74910
chr13	46299481	46499481	harbor1	chr13	46374591	46375203	LINE/L2	783	+	306	46374897	75416
chr13	46299481	46499481	harbor1	chr13	46378907	46379081	LINE/L2	511	+	87	46378994	79513
chr13	46299481	46499481	harbor1	chr13	46379376	46379462	LINE/L2	511	+	43	46379419	79938
chr13	20319218	20519218	harbor1	chr13	20352390	20352774	LINE/L2	540	+	192	20352582	33364
chr13	20319218	20519218	harbor1	chr13	20354001	20354415	LINE/L2	813	+	207	20354208	34990
chr13	20319218	20519218	harbor1	chr13	20354643	20355012	LINE/L2	613	+	184	20354827	35609
chr13	20319218	20519218	harbor1	chr13	20399257	20399557	LINE/L2	441	+	150	20399407	80189
chr13	20319218	20519218	harbor1	chr13	20399791	20400680	LINE/L2	1216	+	444	20400235	81017
chr13	77680175	77880175	harbor1	chr13	77754563	77754897	LINE/L2	417	+	167	77754730	74555
chr13	62205568	62405568	harbor1	chr13	62242969	62243597	LINE/L2	564	+	314	62243283	37715
chr13	62205568	62405568	harbor1	chr13	62304690	62304852	LINE/L2	736	+	81	62304771	99203
chr13	62205568	62405568	harbor1	chr13	62305281	62305832	LINE/L2	736	+	276	62305557	99989
chr13	59984783	60184783	harbor1	chr13	60028163	60028778	LINE/L2	1557	+	308	60028471	43688
chr13	59984783	60184783	harbor1	chr13	60029068	60029393	LINE/L2	1557	+	162	60029230	44447
chr13	59984783	60184783	harbor1	chr13	60029776	60029997	LINE/L2	1557	+	110	60029886	45103
chr13	59984783	60184783	harbor1	chr13	60065408	60065547	LINE/L2	442	+	70	60065478	80695
chr13	85492790	85692790	harbor1	chr13	85576662	85576831	LINE/L2	428	+	84	85576746	83956
chr13	85492790	85692790	harbor1	chr13	85577081	85577238	LINE/L2	428	+	78	85577159	84369
chr13	87894965	88094965	harbor1	chr13	87973226	87973476	LINE/L2	548	+	125	87973351	78386
chr13	87894965	88094965	harbor1	chr13	87973505	87974315	LINE/L2	992	+	405	87973910	78945
chr13	81302912	81502912	harbor1	chr13	81315572	81316239	LINE/L2	912	+	334	81315906	12994
chr13	72836662	73036662	harbor1	chr13	72845829	72846706	LINE/L2	1516	+	438	72846267	9605
chr13	72836662	73036662	harbor1	chr13	72846769	72846934	LINE/L2	561	+	82	72846851	10189
chr13	72836662	73036662	harbor1	chr13	72892769	72892785	LINE/L2	438	+	8	72892777	56115
chr13	72836662	73036662	harbor1	chr13	72892826	72893038	LINE/L2	438	+	106	72892932	56270
chr13	97794457	97994457	harbor1	chr13	97797145	97797303	LINE/L2	499	+	79	97797224	2767
chr13	97794457	97994457	harbor1	chr13	97805631	97805759	LINE/L2	509	+	64	97805695	11238
chr13	97794457	97994457	harbor1	chr13	97824150	97824849	LINE/L2	1263	+	350	97824500	30043
chr13	97794457	97994457	harbor1	chr13	97844230	97844596	LINE/L2	661	+	183	97844413	49956
chr13	48058307	48258307	harbor1	chr13	48062297	48062486	LINE/L2	508	+	94	48062391	4084
chr13	48058307	48258307	harbor1	chr13	48101145	48101514	LINE/L2	1147	+	184	48101329	43022
chr13	29080377	29280377	harbor1	chr13	29130197	29130614	LINE/L2	577	+	208	29130405	50028
chr13	29080377	29280377	harbor1	chr13	29130924	29131075	LINE/L2	577	+	76	29131000	50623
chr13	29080377	29280377	harbor1	chr13	29161593	29162064	LINE/L2	548	+	236	29161829	81452
chr13	97265963	97465963	harbor1	chr13	97280522	97281143	LINE/L2	1559	+	310	97280832	14869
chr13	97265963	97465963	harbor1	chr13	97285780	97286826	LINE/L2	1957	+	523	97286303	20340
chr13	97265963	97465963	harbor1	chr13	97298332	97298468	LINE/L2	504	+	68	97298400	32437
chr13	97265963	97465963	harbor1	chr13	97306214	97306416	LINE/L2	475	+	101	97306315	40352
chr13	97265963	97465963	harbor1	chr13	97314016	97314575	LINE/L2	1510	+	280	97314296	48333
chr13	97265963	97465963	harbor1	chr13	97316001	97316981	LINE/L2	1865	+	490	97316491	50528
chr13	97265963	97465963	harbor1	chr13	97329867	97330169	LINE/L2	811	+	151	97330018	64055
chr13	97265963	97465963	harbor1	chr13	97337412	97338182	LINE/L2	713	+	385	97337797	71834
chr14	73038878	73238878	harbor1	chr14	73063553	73064217	LINE/L2	1134	+	332	73063885	25007
chr14	21947518	22147518	harbor1	chr14	21986047	21987061	LINE/L2	2546	+	507	21986554	39036
chr14	21947518	22147518	harbor1	chr14	22020092	22020330	LINE/L2	417	+	119	22020211	72693
chr14	23247661	23447661	harbor1	chr14	23328720	23328990	LINE/L2	412	+	135	23328855	81194
chr14	23247661	23447661	harbor1	chr14	23329311	23329398	LINE/L2	412	+	44	23329355	81694
chr14	69846416	70046416	harbor1	chr14	69854540	69854896	LINE/L2	1455	+	178	69854718	8302
chr14	69846416	70046416	harbor1	chr14	69872250	69872366	LINE/L2	504	+	58	69872308	25892
chr14	69846416	70046416	harbor1	chr14	69872667	69872954	LINE/L2	504	+	144	69872811	26395
chr14	69846416	70046416	harbor1	chr14	69914725	69914865	LINE/L2	4208	+	70	69914795	68379
chr14	69846416	70046416	harbor1	chr14	69915168	69916970	LINE/L2	4208	+	901	69916069	69653
chr14	69846416	70046416	harbor1	chr14	69923469	69923716	LINE/L2	506	+	124	69923593	77177
chr14	69846416	70046416	harbor1	chr14	69924059	69924272	LINE/L2	618	+	106	69924165	77749
chr14	69846416	70046416	harbor1	chr14	69925420	69925695	LINE/L2	660	+	138	69925558	79142
chr14	99359904	99559904	harbor1	chr14	99362400	99362506	LINE/L2	518	+	53	99362453	2549
chr14	88440908	88640908	harbor1	chr14	88502164	88502592	LINE/L2	563	+	214	88502378	61470
chr14	38718769	38918769	harbor1	chr14	38718697	38718900	LINE/L2	472	+	102	38718799	30
chr14	38718769	38918769	harbor1	chr14	38719443	38719546	LINE/L2	556	+	52	38719495	726
chr14	38718769	38918769	harbor1	chr14	38719850	38719949	LINE/L2	556	+	50	38719900	1131
chr14	38718769	38918769	harbor1	chr14	38724627	38724775	LINE/L2	427	+	74	38724701	5932
chr14	38718769	38918769	harbor1	chr14	38724854	38725050	LINE/L2	427	+	98	38724952	6183
chr14	58959527	59159527	harbor1	chr14	58971449	58972103	LINE/L2	1865	+	327	58971776	12249
chr14	58959527	59159527	harbor1	chr14	58972734	58973219	LINE/L2	1865	+	242	58972976	13449
chr14	58959527	59159527	harbor1	chr14	58995951	58996528	LINE/L2	547	+	288	58996239	36712
chr14	58959527	59159527	harbor1	chr14	58996870	58996890	LINE/L2	547	+	10	58996880	37353
chr14	58959527	59159527	harbor1	chr14	59034580	59035065	LINE/L2	1297	+	242	59034822	75295
chr14	58959527	59159527	harbor1	chr14	59054490	59054663	LINE/L2	439	+	86	59054576	95049
chr14	58959527	59159527	harbor1	chr14	59054666	59055056	LINE/L2	1112	+	195	59054861	95334
chr14	80092088	80292088	harbor1	chr14	80112248	80112750	LINE/L2	1045	+	251	80112499	20411
chr14	80092088	80292088	harbor1	chr14	80118475	80118925	LINE/L2	460	+	225	80118700	26612
chr14	80092088	80292088	harbor1	chr14	80140812	80141510	LINE/L2	807	+	349	80141161	49073
chr14	80092088	80292088	harbor1	chr14	80142455	80142903	LINE/L2	466	+	224	80142679	50591
chr14	80092088	80292088	harbor1	chr14	80157612	80157829	LINE/L2	413	+	108	80157720	65632
chr14	80092088	80292088	harbor1	chr14	80168872	80169144	LINE/L2	601	+	136	80169008	76920
chr14	80997544	81197544	harbor1	chr14	81026175	81026296	LINE/L2	580	+	60	81026235	28691
chr14	80997544	81197544	harbor1	chr14	81065528	81065775	LINE/L2	444	+	124	81065652	68108
chr14	80997544	81197544	harbor1	chr14	81076157	81077089	LINE/L2	1178	+	466	81076623	79079
chr14	98224347	98424347	harbor1	chr14	98257949	98258154	LINE/L2	414	+	102	98258051	33704
chr14	98224347	98424347	harbor1	chr14	98258550	98258988	LINE/L2	667	+	219	98258769	34422
chr14	98224347	98424347	harbor1	chr14	98301874	98302128	LINE/L2	434	+	127	98302001	77654
chr14	66936800	67136800	harbor1	chr14	66946868	66947545	LINE/L2	726	+	338	66947206	10406
chr14	66936800	67136800	harbor1	chr14	67012752	67013097	LINE/L2	918	+	172	67012924	76124
chr14	55828373	56028373	harbor1	chr14	55832392	55832758	LINE/L2	868	+	183	55832575	4202
chr14	55828373	56028373	harbor1	chr14	55852360	55852814	LINE/L2	1919	+	227	55852587	24214
chr14	55828373	56028373	harbor1	chr14	55853208	55853755	LINE/L2	1919	+	274	55853482	25109
chr14	55828373	56028373	harbor1	chr14	55854036	55854605	LINE/L2	1919	+	284	55854320	25947
chr14	55828373	56028373	harbor1	chr14	55878495	55878928	LINE/L2	749	+	216	55878711	50338
chr14	55828373	56028373	harbor1	chr14	55916047	55916275	LINE/L2	438	+	114	55916161	87788
chr14	55828373	56028373	harbor1	chr14	55923705	55924007	LINE/L2	426	+	151	55923856	95483
chr14	80691491	80891491	harbor1	chr14	80701761	80702277	LINE/L2	1495	+	258	80702019	10528
chr14	80691491	80891491	harbor1	chr14	80742552	80742763	LINE/L2	571	+	106	80742658	51167
chr14	97698129	97898129	harbor1	chr14	97726779	97727066	LINE/L2	526	+	144	97726923	28794
chr14	97698129	97898129	harbor1	chr14	97772243	97772414	LINE/L2	440	+	86	97772329	74200
chr14	69017177	69217177	harbor1	chr14	69024974	69025442	LINE/L2	1210	+	234	69025208	8031
chr14	69017177	69217177	harbor1	chr14	69026181	69026391	LINE/L2	846	+	105	69026286	9109
chr14	69017177	69217177	harbor1	chr14	69066993	69067216	LINE/L2	800	+	112	69067105	49928
chr14	69017177	69217177	harbor1	chr14	69097894	69098558	LINE/L2	1399	+	332	69098226	81049
chr14	76600498	76800498	harbor1	chr14	76642803	76643485	LINE/L2	466	+	341	76643144	42646
chr14	76600498	76800498	harbor1	chr14	76655720	76656111	LINE/L2	776	+	196	76655916	55418
chr14	76600498	76800498	harbor1	chr14	76660491	76660672	LINE/L2	777	+	90	76660581	60083
chr14	19605217	19805217	harbor1	chr14	19701558	19702567	LINE/L2	1818	+	504	19702062	96845
chr14	63970607	64170607	harbor1	chr14	63995902	63996164	LINE/L2	433	+	131	63996033	25426
chr14	44071563	44271563	harbor1	chr14	44143290	44143645	LINE/L2	573	+	178	44143468	71905
chr14	87095251	87295251	harbor1	chr14	87134491	87135005	LINE/L2	931	+	257	87134748	39497
chr14	87095251	87295251	harbor1	chr14	87160943	87161226	LINE/L2	448	+	142	87161085	65834
chr14	87095251	87295251	harbor1	chr14	87179415	87179747	LINE/L2	712	+	166	87179581	84330
chr14	47510042	47710042	harbor1	chr14	47510677	47511203	LINE/L2	463	+	263	47510940	898
chr14	47510042	47710042	harbor1	chr14	47539786	47540011	LINE/L2	712	+	112	47539898	29856
chr14	47510042	47710042	harbor1	chr14	47540313	47540487	LINE/L2	712	+	87	47540400	30358
chr14	47510042	47710042	harbor1	chr14	47552058	47553028	LINE/L2	1968	+	485	47552543	42501
chr14	47510042	47710042	harbor1	chr14	47553107	47553321	LINE/L2	643	+	107	47553214	43172
chr14	34236100	34436100	harbor1	chr14	34241236	34242033	LINE/L2	527	+	398	34241634	5534
chr14	34236100	34436100	harbor1	chr14	34246297	34246689	LINE/L2	492	+	196	34246493	10393
chr14	53693796	53893796	harbor1	chr14	53699835	53700207	LINE/L2	552	+	186	53700021	6225
chr14	53693796	53893796	harbor1	chr14	53712281	53712407	LINE/L2	503	+	63	53712344	18548
chr14	85865398	86065398	harbor1	chr14	85959099	85959322	LINE/L2	561	+	112	85959211	93813
chr14	51943763	52143763	harbor1	chr14	51957114	51957434	LINE/L2	939	+	160	51957274	13511
chr14	51943763	52143763	harbor1	chr14	51958863	51959679	LINE/L2	2485	+	408	51959271	15508
chr14	51943763	52143763	harbor1	chr14	51983016	51983607	LINE/L2	468	+	296	51983312	39549
chr14	51943763	52143763	harbor1	chr14	52016322	52016796	LINE/L2	1207	+	237	52016559	72796
chr14	51943763	52143763	harbor1	chr14	51986328	51986688	LINE/L2	1095	+	180	51986508	42745
chr14	101489120	101689120	harbor1	chr14	101536843	101536932	LINE/L2	442	+	44	101536887	47767
chr14	66796386	66996386	harbor1	chr14	66882101	66882280	LINE/L2	470	+	90	66882191	85805
chr14	93709546	93909546	harbor1	chr14	93760764	93761063	LINE/L2	901	+	150	93760914	51368
chr14	93709546	93909546	harbor1	chr14	93761369	93761646	LINE/L2	901	+	138	93761507	51961
chr14	93709546	93909546	harbor1	chr14	93762539	93763211	LINE/L2	719	+	336	93762875	53329
chr14	93709546	93909546	harbor1	chr14	93769993	93770864	LINE/L2	780	+	436	93770429	60883
chr14	93709546	93909546	harbor1	chr14	93784468	93784936	LINE/L2	542	+	234	93784702	75156
chr14	93709546	93909546	harbor1	chr14	93798842	93799254	LINE/L2	1329	+	206	93799048	89502
chr14	93709546	93909546	harbor1	chr14	93800494	93800749	LINE/L2	451	+	128	93800622	91076
chr14	93709546	93909546	harbor1	chr14	93805763	93806089	LINE/L2	503	+	163	93805926	96380
chr14	39794968	39994968	harbor1	chr14	39877250	39877566	LINE/L2	434	+	158	39877408	82440
chr14	65202260	65402260	harbor1	chr14	65220815	65221098	LINE/L2	736	+	142	65220957	18697
chr14	65202260	65402260	harbor1	chr14	65221404	65221542	LINE/L2	736	+	69	65221473	19213
chr14	65202260	65402260	harbor1	chr14	65221546	65221757	LINE/L2	732	+	106	65221652	19392
chr14	65202260	65402260	harbor1	chr14	65221767	65221923	LINE/L2	600	+	78	65221845	19585
chr14	65202260	65402260	harbor1	chr14	65241408	65241745	LINE/L2	1234	+	168	65241576	39316
chr14	65202260	65402260	harbor1	chr14	65242049	65242152	LINE/L2	1234	+	52	65242101	39841
chr14	65202260	65402260	harbor1	chr14	65243844	65243957	LINE/L2	421	+	56	65243900	41640
chr14	65202260	65402260	harbor1	chr14	65290762	65290782	LINE/L2	544	+	10	65290772	88512
chr14	65202260	65402260	harbor1	chr14	65290835	65290974	LINE/L2	544	+	70	65290905	88645
chr14	32591478	32791478	harbor1	chr14	32626518	32626934	LINE/L2	466	+	208	32626726	35248
chr14	101471142	101671142	harbor1	chr14	101536843	101536932	LINE/L2	442	+	44	101536887	65745
chr14	43152444	43352444	harbor1	chr14	43178319	43178754	LINE/L2	538	+	218	43178537	26093
chr14	48626883	48826883	harbor1	chr14	48632391	48632691	LINE/L2	494	+	150	48632541	5658
chr14	58767942	58967942	harbor1	chr14	58787288	58787596	LINE/L2	455	+	154	58787442	19500
chr14	58767942	58967942	harbor1	chr14	58812060	58812489	LINE/L2	537	+	214	58812274	44332
chr14	49047477	49247477	harbor1	chr14	49083227	49084903	LINE/L2	3033	+	838	49084065	36588
chr14	49047477	49247477	harbor1	chr14	49112840	49113115	LINE/L2	776	+	138	49112978	65501
chr14	27153934	27353934	harbor1	chr14	27251539	27251841	LINE/L2	502	+	151	27251690	97756
chr14	23829601	24029601	harbor1	chr14	23867101	23867286	LINE/L2	688	+	92	23867193	37592
chr14	23829601	24029601	harbor1	chr14	23867983	23868238	LINE/L2	688	+	128	23868111	38510
chr14	23829601	24029601	harbor1	chr14	23906053	23906353	LINE/L2	651	+	150	23906203	76602
chr14	23829601	24029601	harbor1	chr14	23906410	23906683	LINE/L2	490	+	136	23906546	76945
chr14	23829601	24029601	harbor1	chr14	23906716	23906915	LINE/L2	624	+	100	23906816	77215
chr14	33843256	34043256	harbor1	chr14	33857854	33858331	LINE/L2	757	+	238	33858092	14836
chr14	33843256	34043256	harbor1	chr14	33932162	33932271	LINE/L2	480	+	54	33932216	88960
chr14	62591670	62791670	harbor1	chr14	62618307	62618733	LINE/L2	466	+	213	62618520	26850
chr14	62591670	62791670	harbor1	chr14	62618915	62619234	LINE/L2	466	+	160	62619075	27405
chr14	62591670	62791670	harbor1	chr14	62631999	62632946	LINE/L2	1540	+	474	62632473	40803
chr14	62591670	62791670	harbor1	chr14	62633326	62633352	LINE/L2	1540	+	13	62633339	41669
chr14	85195821	85395821	harbor1	chr14	85233877	85234715	LINE/L2	591	+	419	85234296	38475
chr14	94024715	94224715	harbor1	chr14	94058160	94058627	LINE/L2	1074	+	234	94058394	33679
chr14	94024715	94224715	harbor1	chr14	94110191	94110363	LINE/L2	425	+	86	94110277	85562
chr14	90600642	90800642	harbor1	chr14	90622965	90623120	LINE/L2	516	+	78	90623043	22401
chr14	90600642	90800642	harbor1	chr14	90699858	90699995	LINE/L2	471	+	68	90699926	99284
chr14	20373544	20573544	harbor1	chr14	20409013	20409595	LINE/L2	1018	+	291	20409304	35760
chr14	20373544	20573544	harbor1	chr14	20411204	20411614	LINE/L2	456	+	205	20411409	37865
chr14	20373544	20573544	harbor1	chr14	20448378	20448597	LINE/L2	572	+	110	20448488	74944
chr14	40228223	40428223	harbor1	chr14	40228054	40228454	LINE/L2	521	+	200	40228254	31
chr14	40228223	40428223	harbor1	chr14	40228750	40228874	LINE/L2	521	+	62	40228812	589
chr14	40228223	40428223	harbor1	chr14	40324014	40324339	LINE/L2	498	+	162	40324176	95953
chr14	91881643	92081643	harbor1	chr14	91908152	91908440	LINE/L2	789	+	144	91908296	26653
chr14	91881643	92081643	harbor1	chr14	91964525	91965145	LINE/L2	423	+	310	91964835	83192
chr14	91881643	92081643	harbor1	chr14	91974116	91974286	LINE/L2	519	+	85	91974201	92558
chr14	33283992	33483992	harbor1	chr14	33355600	33356050	LINE/L2	546	+	225	33355825	71833
chr14	89825489	90025489	harbor1	chr14	89841236	89842306	LINE/L2	816	+	535	89841771	16282
chr14	89825489	90025489	harbor1	chr14	89842647	89843119	LINE/L2	816	+	236	89842883	17394
chr14	89825489	90025489	harbor1	chr14	89847033	89847271	LINE/L2	459	+	119	89847152	21663
chr14	89825489	90025489	harbor1	chr14	89902055	89902502	LINE/L2	933	+	224	89902279	76790
chr14	76281875	76481875	harbor1	chr14	76293527	76293866	LINE/L2	503	+	170	76293697	11822
chr14	76281875	76481875	harbor1	chr14	76295634	76295964	LINE/L2	465	+	165	76295799	13924
chr14	76281875	76481875	harbor1	chr14	76349677	76349812	LINE/L2	612	+	68	76349745	67870
chr14	83489044	83689044	harbor1	chr14	83506156	83506478	LINE/L2	417	+	161	83506317	17273
chr14	83489044	83689044	harbor1	chr14	83549866	83550110	LINE/L2	536	+	122	83549988	60944
chr14	21555755	21755755	harbor1	chr14	21640324	21640602	LINE/L2	637	+	139	21640463	84708
chr14	70986147	71186147	harbor1	chr14	71059366	71059387	LINE/L2	504	+	10	71059376	73229
chr14	70986147	71186147	harbor1	chr14	71059693	71060042	LINE/L2	504	+	174	71059867	73720
chr14	92702515	92902515	harbor1	chr14	92755047	92755449	LINE/L2	537	+	201	92755248	52733
chr14	92702515	92902515	harbor1	chr14	92793663	92793894	LINE/L2	460	+	116	92793779	91264
chr14	55779991	55979991	harbor1	chr14	55832392	55832758	LINE/L2	868	+	183	55832575	52584
chr14	55779991	55979991	harbor1	chr14	55852360	55852814	LINE/L2	1919	+	227	55852587	72596
chr14	55779991	55979991	harbor1	chr14	55853208	55853755	LINE/L2	1919	+	274	55853482	73491
chr14	55779991	55979991	harbor1	chr14	55854036	55854605	LINE/L2	1919	+	284	55854320	74329
chr14	55779991	55979991	harbor1	chr14	55878495	55878928	LINE/L2	749	+	216	55878711	98720
chr14	64981559	65181559	harbor1	chr14	64984293	64984615	LINE/L2	480	+	161	64984454	2895
chr14	64981559	65181559	harbor1	chr14	64985969	64986319	LINE/L2	753	+	175	64986144	4585
chr14	39690311	39890311	harbor1	chr14	39694464	39695234	LINE/L2	687	+	385	39694849	4538
chr14	39690311	39890311	harbor1	chr14	39706485	39707192	LINE/L2	1010	+	354	39706839	16528
chr14	39690311	39890311	harbor1	chr14	39707527	39708144	LINE/L2	537	+	308	39707835	17524
chr14	61983282	62183282	harbor1	chr14	62017227	62017723	LINE/L2	2087	+	248	62017475	34193
chr14	61983282	62183282	harbor1	chr14	62018012	62018277	LINE/L2	2087	+	132	62018144	34862
chr14	61983282	62183282	harbor1	chr14	62018607	62018976	LINE/L2	2087	+	184	62018791	35509
chr14	61983282	62183282	harbor1	chr14	62082283	62082651	LINE/L2	1073	+	184	62082467	99185
chr14	79910170	80110170	harbor1	chr14	79923122	79923852	LINE/L2	1020	+	365	79923487	13317
chr14	79910170	80110170	harbor1	chr14	79925055	79925617	LINE/L2	1388	+	281	79925336	15166
chr14	79910170	80110170	harbor1	chr14	79926158	79926250	LINE/L2	1989	+	46	79926204	16034
chr14	79910170	80110170	harbor1	chr14	79926604	79927166	LINE/L2	1989	+	281	79926885	16715
chr14	79910170	80110170	harbor1	chr14	79931852	79932619	LINE/L2	761	+	384	79932236	22066
chr14	72720854	72920854	harbor1	chr14	72726875	72727295	LINE/L2	607	+	210	72727085	6231
chr14	72720854	72920854	harbor1	chr14	72727592	72727823	LINE/L2	491	+	116	72727708	6854
chr14	72720854	72920854	harbor1	chr14	72782194	72782227	LINE/L2	746	+	16	72782210	61356
chr14	72720854	72920854	harbor1	chr14	72782525	72782552	LINE/L2	746	+	14	72782539	61685
chr14	72720854	72920854	harbor1	chr14	72782848	72783382	LINE/L2	746	+	267	72783115	62261
chr14	72720854	72920854	harbor1	chr14	72789829	72789968	LINE/L2	592	+	70	72789899	69045
chr14	72720854	72920854	harbor1	chr14	72790249	72790411	LINE/L2	592	+	81	72790330	69476
chr14	22896526	23096526	harbor1	chr14	22985219	22985680	LINE/L2	861	+	230	22985449	88923
chr14	22896526	23096526	harbor1	chr14	22986008	22986436	LINE/L2	626	+	214	22986222	89696
chr14	20292363	20492363	harbor1	chr14	20303504	20304226	LINE/L2	947	+	361	20303865	11502
chr14	79697647	79897647	harbor1	chr14	79705613	79705975	LINE/L2	950	+	181	79705794	8147
chr14	37832955	38032955	harbor1	chr14	37845950	37846118	LINE/L2	526	+	84	37846034	13079
chr14	37832955	38032955	harbor1	chr14	37848415	37848700	LINE/L2	439	+	142	37848557	15602
chr14	44080478	44280478	harbor1	chr14	44143290	44143645	LINE/L2	573	+	178	44143468	62990
chr14	101701807	101901807	harbor1	chr14	101726962	101727471	LINE/L2	659	+	254	101727216	25409
chr14	101701807	101901807	harbor1	chr14	101727672	101727889	LINE/L2	582	+	108	101727780	25973
chr14	101701807	101901807	harbor1	chr14	101759293	101759567	LINE/L2	413	+	137	101759430	57623
chr14	46754588	46954588	harbor1	chr14	46778316	46778638	LINE/L2	665	+	161	46778477	23889
chr14	46754588	46954588	harbor1	chr14	46812546	46813004	LINE/L2	1080	+	229	46812775	58187
chr14	46754588	46954588	harbor1	chr14	46815628	46816154	LINE/L2	1153	+	263	46815891	61303
chr14	46754588	46954588	harbor1	chr14	46822646	46822875	LINE/L2	484	+	114	46822760	68172
chr14	59281012	59481012	harbor1	chr14	59324954	59325286	LINE/L2	468	+	166	59325120	44108
chr14	59281012	59481012	harbor1	chr14	59350498	59351570	LINE/L2	614	+	536	59351034	70022
chr14	104285791	104485791	harbor1	chr14	104344726	104345020	LINE/L2	624	+	147	104344873	59082
chr15	86726217	86926217	harbor1	chr15	86746300	86746662	LINE/L2	801	+	181	86746481	20264
chr15	86726217	86926217	harbor1	chr15	86758083	86758594	LINE/L2	698	+	256	86758339	32122
chr15	86726217	86926217	harbor1	chr15	86768383	86768896	LINE/L2	868	+	256	86768639	42422
chr15	58634147	58834147	harbor1	chr15	58665739	58665873	LINE/L2	1507	+	67	58665806	31659
chr15	58634147	58834147	harbor1	chr15	58665912	58666486	LINE/L2	1507	+	287	58666199	32052
chr15	40983413	41183413	harbor1	chr15	40993870	40994365	LINE/L2	1511	+	248	40994118	10705
chr15	40983413	41183413	harbor1	chr15	40994665	40994849	LINE/L2	1511	+	92	40994757	11344
chr15	92553602	92753602	harbor1	chr15	92602428	92602554	LINE/L2	545	+	63	92602491	48889
chr15	92553602	92753602	harbor1	chr15	92604916	92605033	LINE/L2	491	+	58	92604974	51372
chr15	63247604	63447604	harbor1	chr15	63254021	63254511	LINE/L2	551	+	245	63254266	6662
chr15	63247604	63447604	harbor1	chr15	63270337	63271050	LINE/L2	525	+	356	63270693	23089
chr15	63247604	63447604	harbor1	chr15	63271349	63271576	LINE/L2	525	+	114	63271463	23859
chr15	63247604	63447604	harbor1	chr15	63274649	63274868	LINE/L2	731	+	110	63274759	27155
chr15	63247604	63447604	harbor1	chr15	63275173	63275518	LINE/L2	731	+	172	63275345	27741
chr15	63247604	63447604	harbor1	chr15	63275826	63276088	LINE/L2	731	+	131	63275957	28353
chr15	28494160	28694160	harbor1	chr15	28546706	28547307	LINE/L2	705	+	300	28547006	52846
chr15	72619893	72819893	harbor1	chr15	72705039	72705298	LINE/L2	910	+	130	72705169	85276
chr15	86967639	87167639	harbor1	chr15	86975558	86975934	LINE/L2	527	+	188	86975746	8107
chr15	86967639	87167639	harbor1	chr15	87033781	87034416	LINE/L2	814	+	318	87034099	66460
chr15	86967639	87167639	harbor1	chr15	87050790	87050983	LINE/L2	575	+	96	87050886	83247
chr15	85580394	85780394	harbor1	chr15	85611188	85611711	LINE/L2	719	+	262	85611450	31056
chr15	36549110	36749110	harbor1	chr15	36570692	36570808	LINE/L2	454	+	58	36570750	21640
chr15	84076671	84276671	harbor1	chr15	84114746	84114857	LINE/L2	463	+	56	84114802	38131
chr15	84076671	84276671	harbor1	chr15	84115152	84115299	LINE/L2	463	+	74	84115226	38555
chr15	26562414	26762414	harbor1	chr15	26581472	26581978	LINE/L2	588	+	253	26581725	19311
chr15	26562414	26762414	harbor1	chr15	26636391	26637549	LINE/L2	1388	+	579	26636970	74556
chr15	30893670	31093670	harbor1	chr15	30902290	30902701	LINE/L2	643	+	206	30902496	8826
chr15	30893670	31093670	harbor1	chr15	30978228	30978396	LINE/L2	455	+	84	30978312	84642
chr15	65234502	65434502	harbor1	chr15	65237835	65238003	LINE/L2	971	+	84	65237919	3417
chr15	65234502	65434502	harbor1	chr15	65238300	65238722	LINE/L2	971	+	211	65238511	4009
chr15	65234502	65434502	harbor1	chr15	65243953	65244287	LINE/L2	831	+	167	65244120	9618
chr15	65234502	65434502	harbor1	chr15	65244649	65244764	LINE/L2	831	+	58	65244707	10205
chr15	65234502	65434502	harbor1	chr15	65255987	65256193	LINE/L2	499	+	103	65256090	21588
chr15	68051711	68251711	harbor1	chr15	68108461	68109491	LINE/L2	2175	+	515	68108976	57265
chr15	68051711	68251711	harbor1	chr15	68111876	68112295	LINE/L2	1256	+	210	68112086	60375
chr15	68051711	68251711	harbor1	chr15	68108168	68108430	LINE/L2	457	+	131	68108299	56588
chr15	90922971	91122971	harbor1	chr15	90991632	90992398	LINE/L2	1525	+	383	90992015	69044
chr15	62403359	62603359	harbor1	chr15	62403247	62403404	LINE/L2	1377	+	78	62403325	34
chr15	62403359	62603359	harbor1	chr15	62403765	62404031	LINE/L2	490	+	133	62403898	539
chr15	26632141	26832141	harbor1	chr15	26636391	26637549	LINE/L2	1388	+	579	26636970	4829
chr15	26632141	26832141	harbor1	chr15	26729729	26730003	LINE/L2	538	+	137	26729866	97725
chr15	55071191	55271191	harbor1	chr15	55101651	55102130	LINE/L2	714	+	240	55101891	30700
chr15	55071191	55271191	harbor1	chr15	55121145	55121616	LINE/L2	485	+	236	55121381	50190
chr15	97143696	97343696	harbor1	chr15	97157768	97158040	LINE/L2	527	+	136	97157904	14208
chr15	97143696	97343696	harbor1	chr15	97161813	97162250	LINE/L2	1084	+	218	97162031	18335
chr15	97143696	97343696	harbor1	chr15	97165644	97166132	LINE/L2	982	+	244	97165888	22192
chr15	97143696	97343696	harbor1	chr15	97166153	97166585	LINE/L2	520	+	216	97166369	22673
chr15	55360600	55560600	harbor1	chr15	55416524	55416676	LINE/L2	786	+	76	55416600	56000
chr15	55360600	55560600	harbor1	chr15	55416990	55417291	LINE/L2	786	+	150	55417140	56540
chr15	28071869	28271869	harbor1	chr15	28123828	28123936	LINE/L2	474	+	54	28123882	52013
chr15	84631386	84831386	harbor1	chr15	84651603	84651876	LINE/L2	446	+	136	84651739	20353
chr15	84631386	84831386	harbor1	chr15	84652166	84652485	LINE/L2	446	+	160	84652326	20940
chr15	84631386	84831386	harbor1	chr15	84671643	84671786	LINE/L2	442	+	72	84671715	40329
chr15	84631386	84831386	harbor1	chr15	84718783	84718892	LINE/L2	475	+	54	84718837	87451
chr15	61832560	62032560	harbor1	chr15	61924167	61924526	LINE/L2	449	+	180	61924347	91787
chr15	65374381	65574381	harbor1	chr15	65420256	65420474	LINE/L2	495	+	109	65420365	45984
chr15	65374381	65574381	harbor1	chr15	65420608	65421022	LINE/L2	545	+	207	65420815	46434
chr15	65374381	65574381	harbor1	chr15	65424156	65424410	LINE/L2	1839	+	127	65424283	49902
chr15	65374381	65574381	harbor1	chr15	65424541	65425100	LINE/L2	1839	+	280	65424821	50440
chr15	65374381	65574381	harbor1	chr15	65425387	65425398	LINE/L2	605	+	6	65425393	51012
chr15	65374381	65574381	harbor1	chr15	65425709	65425872	LINE/L2	605	+	82	65425791	51410
chr15	65374381	65574381	harbor1	chr15	65456800	65457051	LINE/L2	441	+	126	65456926	82545
chr15	65374381	65574381	harbor1	chr15	65457568	65457713	LINE/L2	465	+	72	65457640	83259
chr15	34596325	34796325	harbor1	chr15	34686313	34686809	LINE/L2	576	+	248	34686561	90236
chr15	39785612	39985612	harbor1	chr15	39807936	39808237	LINE/L2	443	+	150	39808086	22474
chr15	39785612	39985612	harbor1	chr15	39808261	39808739	LINE/L2	980	+	239	39808500	22888
chr15	39785612	39985612	harbor1	chr15	39823035	39823728	LINE/L2	1185	+	346	39823381	37769
chr15	39785612	39985612	harbor1	chr15	39824367	39824680	LINE/L2	465	+	156	39824523	38911
chr15	39785612	39985612	harbor1	chr15	39880142	39881343	LINE/L2	598	+	600	39880742	95130
chr15	71703398	71903398	harbor1	chr15	71714275	71714369	LINE/L2	529	+	47	71714322	10924
chr15	92875520	93075520	harbor1	chr15	92878257	92878387	LINE/L2	547	+	65	92878322	2802
chr15	92875520	93075520	harbor1	chr15	92957123	92957637	LINE/L2	608	+	257	92957380	81860
chr15	44102278	44302278	harbor1	chr15	44119798	44119920	LINE/L2	595	+	61	44119859	17581
chr15	76073857	76273857	harbor1	chr15	76143218	76143516	LINE/L2	763	+	149	76143367	69510
chr15	76073857	76273857	harbor1	chr15	76143656	76143958	LINE/L2	763	+	151	76143807	69950
chr15	76073857	76273857	harbor1	chr15	76152649	76152907	LINE/L2	542	+	129	76152778	78921
chr15	72836684	73036684	harbor1	chr15	72838770	72839053	LINE/L2	875	+	142	72838912	2228
chr15	72836684	73036684	harbor1	chr15	72853400	72853968	LINE/L2	902	+	284	72853684	17000
chr15	72836684	73036684	harbor1	chr15	72865108	72865483	LINE/L2	592	+	188	72865296	28612
chr15	72836684	73036684	harbor1	chr15	72870890	72871103	LINE/L2	645	+	106	72870996	34312
chr15	93792469	93992469	harbor1	chr15	93853919	93854684	LINE/L2	1318	+	382	93854301	61832
chr15	93792469	93992469	harbor1	chr15	93871783	93872223	LINE/L2	556	+	220	93872003	79534
chr15	93792469	93992469	harbor1	chr15	93872520	93872888	LINE/L2	480	+	184	93872704	80235
chr15	66856183	67056183	harbor1	chr15	66899207	66899322	LINE/L2	964	+	58	66899265	43082
chr15	66856183	67056183	harbor1	chr15	66899633	66899840	LINE/L2	964	+	104	66899737	43554
chr15	95865605	96065605	harbor1	chr15	95904816	95905223	LINE/L2	449	+	204	95905020	39415
chr15	34880896	35080896	harbor1	chr15	34958845	34958974	LINE/L2	530	+	64	34958909	78013
chr15	34880896	35080896	harbor1	chr15	34959028	34959154	LINE/L2	530	+	63	34959091	78195
chr15	34880896	35080896	harbor1	chr15	34959468	34959858	LINE/L2	527	+	195	34959663	78767
chr15	34880896	35080896	harbor1	chr15	34967210	34967448	LINE/L2	473	+	119	34967329	86433
chr15	30823857	31023857	harbor1	chr15	30831843	30832155	LINE/L2	510	+	156	30831999	8142
chr15	30823857	31023857	harbor1	chr15	30902290	30902701	LINE/L2	643	+	206	30902496	78639
chr15	59365067	59565067	harbor1	chr15	59400117	59400657	LINE/L2	469	+	270	59400387	35320
chr15	59365067	59565067	harbor1	chr15	59404759	59405253	LINE/L2	760	+	247	59405006	39939
chr15	59365067	59565067	harbor1	chr15	59424425	59425025	LINE/L2	1169	+	300	59424725	59658
chr15	61156147	61356147	harbor1	chr15	61180502	61180793	LINE/L2	498	+	146	61180648	24501
chr15	61156147	61356147	harbor1	chr15	61204236	61204355	LINE/L2	473	+	60	61204296	48149
chr15	61156147	61356147	harbor1	chr15	61217604	61217720	LINE/L2	448	+	58	61217662	61515
chr15	61156147	61356147	harbor1	chr15	61235082	61235196	LINE/L2	493	+	57	61235139	78992
chr15	96474421	96674421	harbor1	chr15	96560386	96560900	LINE/L2	643	+	257	96560643	86222
chr15	70875822	71075822	harbor1	chr15	70879944	70880457	LINE/L2	1182	+	256	70880200	4378
chr15	70875822	71075822	harbor1	chr15	70901304	70901837	LINE/L2	1702	+	266	70901570	25748
chr15	47606592	47806592	harbor1	chr15	47684513	47684635	LINE/L2	512	+	61	47684574	77982
chr15	79028865	79228865	harbor1	chr15	79044219	79044373	LINE/L2	530	+	77	79044296	15431
chr15	79028865	79228865	harbor1	chr15	79120116	79120472	LINE/L2	538	+	178	79120294	91429
chr15	90266358	90466358	harbor1	chr15	90269422	90270062	LINE/L2	677	+	320	90269742	3384
chr15	90266358	90466358	harbor1	chr15	90270187	90270297	LINE/L2	677	+	55	90270242	3884
chr15	90266358	90466358	harbor1	chr15	90364449	90365240	LINE/L2	1007	+	396	90364845	98487
chr15	95457477	95657477	harbor1	chr15	95548071	95548512	LINE/L2	815	+	220	95548291	90814
chr15	21277014	21477014	harbor1	chr15	21286686	21287017	LINE/L2	613	+	166	21286852	9838
chr15	21277014	21477014	harbor1	chr15	21326210	21326376	LINE/L2	488	+	83	21326293	49279
chr15	28470624	28670624	harbor1	chr15	28490848	28491080	LINE/L2	642	+	116	28490964	20340
chr15	28470624	28670624	harbor1	chr15	28491874	28492175	LINE/L2	784	+	150	28492024	21400
chr15	28470624	28670624	harbor1	chr15	28546706	28547307	LINE/L2	705	+	300	28547006	76382
chr15	61927989	62127989	harbor1	chr15	61974756	61974946	LINE/L2	529	+	95	61974851	46862
chr15	61927989	62127989	harbor1	chr15	61994981	61995190	LINE/L2	491	+	104	61995085	67096
chr15	61927989	62127989	harbor1	chr15	61997103	61998412	LINE/L2	3149	+	654	61997757	69768
chr15	82691116	82891116	harbor1	chr15	82701882	82702376	LINE/L2	667	+	247	82702129	11013
chr15	82691116	82891116	harbor1	chr15	82708407	82708684	LINE/L2	465	+	138	82708545	17429
chr15	59594460	59794460	harbor1	chr15	59654722	59654792	LINE/L2	3503	+	35	59654757	60297
chr15	59594460	59794460	harbor1	chr15	59654991	59656612	LINE/L2	3503	+	810	59655801	61341
chr15	59594460	59794460	harbor1	chr15	59653382	59654655	LINE/L2	2810	+	636	59654018	59558
chr15	82905903	83105903	harbor1	chr15	82925787	82926116	LINE/L2	1111	+	164	82925951	20048
chr15	82905903	83105903	harbor1	chr15	82927162	82927393	LINE/L2	721	+	116	82927278	21375
chr15	82905903	83105903	harbor1	chr15	82942037	82942293	LINE/L2	525	+	128	82942165	36262
chr15	82905903	83105903	harbor1	chr15	82946330	82946696	LINE/L2	1031	+	183	82946513	40610
chr15	82905903	83105903	harbor1	chr15	82934249	82936442	LINE/L2	681	+	1096	82935345	29442
chr15	70642856	70842856	harbor1	chr15	70680886	70681297	LINE/L2	612	+	206	70681092	38236
chr15	70642856	70842856	harbor1	chr15	70696142	70696435	LINE/L2	657	+	146	70696288	53432
chr15	70642856	70842856	harbor1	chr15	70711995	70712547	LINE/L2	793	+	276	70712271	69415
chr15	70642856	70842856	harbor1	chr15	70738230	70738380	LINE/L2	710	+	75	70738305	95449
chr16	56881910	57081910	harbor1	chr16	56900845	56901347	LINE/L2	936	+	251	56901096	19186
chr16	56881910	57081910	harbor1	chr16	56901640	56901663	LINE/L2	936	+	12	56901652	19742
chr16	56881910	57081910	harbor1	chr16	56901686	56902136	LINE/L2	654	+	225	56901911	20001
chr16	58140733	58340733	harbor1	chr16	58142111	58142186	LINE/L2	708	+	38	58142149	1416
chr16	58140733	58340733	harbor1	chr16	58142450	58142687	LINE/L2	708	+	118	58142568	1835
chr16	58140733	58340733	harbor1	chr16	58143704	58144162	LINE/L2	1811	+	229	58143933	3200
chr16	58140733	58340733	harbor1	chr16	58144526	58144636	LINE/L2	1811	+	55	58144581	3848
chr16	58140733	58340733	harbor1	chr16	58144701	58145341	LINE/L2	1811	+	320	58145021	4288
chr16	58140733	58340733	harbor1	chr16	58145820	58146404	LINE/L2	1811	+	292	58146112	5379
chr16	58140733	58340733	harbor1	chr16	58147134	58147238	LINE/L2	1811	+	52	58147186	6453
chr16	58140733	58340733	harbor1	chr16	58148418	58148693	LINE/L2	528	+	138	58148556	7823
chr16	58140733	58340733	harbor1	chr16	58233229	58233616	LINE/L2	457	+	194	58233423	92690
chr16	13887673	14087673	harbor1	chr16	13907662	13908035	LINE/L2	863	+	186	13907848	20175
chr16	13887673	14087673	harbor1	chr16	13908151	13908668	LINE/L2	863	+	258	13908409	20736
chr16	13887673	14087673	harbor1	chr16	13923134	13923357	LINE/L2	566	+	112	13923246	35573
chr16	13887673	14087673	harbor1	chr16	13926160	13926512	LINE/L2	807	+	176	13926336	38663
chr16	49445737	49645737	harbor1	chr16	49451760	49452019	LINE/L2	639	+	130	49451890	6153
chr16	49445737	49645737	harbor1	chr16	49468325	49468449	LINE/L2	498	+	62	49468387	22650
chr16	49445737	49645737	harbor1	chr16	49471304	49471356	LINE/L2	858	+	26	49471330	25593
chr16	49445737	49645737	harbor1	chr16	49471488	49471837	LINE/L2	858	+	174	49471662	25925
chr16	49445737	49645737	harbor1	chr16	49487753	49488106	LINE/L2	476	+	176	49487929	42192
chr16	49445737	49645737	harbor1	chr16	49519737	49520237	LINE/L2	460	+	250	49519987	74250
chr16	49445737	49645737	harbor1	chr16	49530234	49530575	LINE/L2	663	+	170	49530404	84667
chr16	49445737	49645737	harbor1	chr16	49536863	49536975	LINE/L2	449	+	56	49536919	91182
chr16	69313553	69513553	harbor1	chr16	69335841	69336366	LINE/L2	1056	+	262	69336103	22550
chr16	30331108	30531108	harbor1	chr16	30360745	30361004	LINE/L2	3641	+	130	30360875	29767
chr16	30331108	30531108	harbor1	chr16	30361308	30361434	LINE/L2	3641	+	63	30361371	30263
chr16	30331108	30531108	harbor1	chr16	30362285	30362756	LINE/L2	3641	+	236	30362521	31413
chr16	30331108	30531108	harbor1	chr16	30363060	30363415	LINE/L2	3641	+	178	30363238	32130
chr16	30331108	30531108	harbor1	chr16	30363627	30363812	LINE/L2	688	+	92	30363719	32611
chr16	30331108	30531108	harbor1	chr16	30404191	30404397	LINE/L2	434	+	103	30404294	73186
chr16	30331108	30531108	harbor1	chr16	30405252	30405417	LINE/L2	451	+	82	30405334	74226
chr16	30331108	30531108	harbor1	chr16	30416218	30416803	LINE/L2	1649	+	292	30416510	85402
chr16	30331108	30531108	harbor1	chr16	30416936	30417232	LINE/L2	1649	+	148	30417084	85976
chr16	80712211	80912211	harbor1	chr16	80724752	80725167	LINE/L2	679	+	208	80724960	12749
chr16	80712211	80912211	harbor1	chr16	80725221	80725534	LINE/L2	679	+	156	80725377	13166
chr16	80712211	80912211	harbor1	chr16	80733772	80733975	LINE/L2	449	+	102	80733874	21663
chr16	80712211	80912211	harbor1	chr16	80796718	80797394	LINE/L2	444	+	338	80797056	84845
chr16	47307011	47507011	harbor1	chr16	47359264	47359599	LINE/L2	655	+	168	47359432	52421
chr16	47307011	47507011	harbor1	chr16	47359604	47360045	LINE/L2	758	+	220	47359824	52813
chr16	77929189	78129189	harbor1	chr16	77959894	77960288	LINE/L2	586	+	197	77960091	30902
chr16	77929189	78129189	harbor1	chr16	78004362	78004480	LINE/L2	470	+	59	78004421	75232
chr16	79602834	79802834	harbor1	chr16	79663542	79663904	LINE/L2	469	+	181	79663723	60889
chr16	79602834	79802834	harbor1	chr16	79701729	79701903	LINE/L2	480	+	87	79701816	98982
chr16	79602834	79802834	harbor1	chr16	79702554	79702619	LINE/L2	480	+	32	79702586	99752
chr16	49432289	49632289	harbor1	chr16	49437592	49437998	LINE/L2	551	+	203	49437795	5506
chr16	49432289	49632289	harbor1	chr16	49451760	49452019	LINE/L2	639	+	130	49451890	19601
chr16	49432289	49632289	harbor1	chr16	49468325	49468449	LINE/L2	498	+	62	49468387	36098
chr16	49432289	49632289	harbor1	chr16	49471304	49471356	LINE/L2	858	+	26	49471330	39041
chr16	49432289	49632289	harbor1	chr16	49471488	49471837	LINE/L2	858	+	174	49471662	39373
chr16	49432289	49632289	harbor1	chr16	49487753	49488106	LINE/L2	476	+	176	49487929	55640
chr16	49432289	49632289	harbor1	chr16	49519737	49520237	LINE/L2	460	+	250	49519987	87698
chr16	49432289	49632289	harbor1	chr16	49530234	49530575	LINE/L2	663	+	170	49530404	98115
chr16	64645887	64845887	harbor1	chr16	64684559	64685084	LINE/L2	994	+	262	64684821	38934
chr16	64645887	64845887	harbor1	chr16	64683621	64684202	LINE/L2	994	+	290	64683911	38024
chr16	70087682	70287682	harbor1	chr16	70119366	70119895	LINE/L2	503	+	264	70119630	31948
chr16	19370081	19570081	harbor1	chr16	19411692	19411810	LINE/L2	444	+	59	19411751	41670
chr16	71824490	72024490	harbor1	chr16	71915292	71915517	LINE/L2	667	+	112	71915404	90914
chr16	71824490	72024490	harbor1	chr16	71918960	71919393	LINE/L2	725	+	216	71919176	94686
chr16	71824490	72024490	harbor1	chr16	71919692	71919762	LINE/L2	469	+	35	71919727	95237
chr16	24359459	24559459	harbor1	chr16	24369294	24369362	LINE/L2	534	+	34	24369328	9869
chr16	24359459	24559459	harbor1	chr16	24369443	24369783	LINE/L2	534	+	170	24369613	10154
chr16	24359459	24559459	harbor1	chr16	24395547	24395679	LINE/L2	545	+	66	24395613	36154
chr16	24359459	24559459	harbor1	chr16	24407421	24407702	LINE/L2	776	+	140	24407561	48102
chr16	24359459	24559459	harbor1	chr16	24408250	24408282	LINE/L2	776	+	16	24408266	48807
chr16	24359459	24559459	harbor1	chr16	24408988	24409074	LINE/L2	776	+	43	24409031	49572
chr16	24049670	24249670	harbor1	chr16	24125168	24125718	LINE/L2	490	+	275	24125443	75773
chr16	24049670	24249670	harbor1	chr16	24148159	24148482	LINE/L2	444	+	162	24148321	98651
chr16	33878584	34078584	harbor1	chr16	33903314	33903661	LINE/L2	545	+	174	33903488	24904
chr16	33878584	34078584	harbor1	chr16	33920249	33920631	LINE/L2	680	+	191	33920440	41856
chr16	33878584	34078584	harbor1	chr16	33929274	33930290	LINE/L2	1008	+	508	33929782	51198
chr16	7793838	7993838	harbor1	chr16	7834484	7834861	LINE/L2	519	+	188	7834672	40834
chr16	8221279	8421279	harbor1	chr16	8254624	8255021	LINE/L2	535	+	198	8254822	33543
chr16	8221279	8421279	harbor1	chr16	8264322	8264557	LINE/L2	632	+	118	8264440	43161
chr16	8221279	8421279	harbor1	chr16	8290762	8290878	LINE/L2	470	+	58	8290820	69541
chr16	55614412	55814412	harbor1	chr16	55639103	55639720	LINE/L2	482	+	308	55639411	24999
chr16	55614412	55814412	harbor1	chr16	55655080	55655371	LINE/L2	501	+	146	55655226	40814
chr16	55614412	55814412	harbor1	chr16	55701421	55701687	LINE/L2	452	+	133	55701554	87142
chr16	7293371	7493371	harbor1	chr16	7300102	7300338	LINE/L2	445	+	118	7300220	6849
chr16	26607425	26807425	harbor1	chr16	26641488	26641748	LINE/L2	746	+	130	26641618	34193
chr16	26607425	26807425	harbor1	chr16	26691786	26692010	LINE/L2	532	+	112	26691898	84473
chr16	26607425	26807425	harbor1	chr16	26692214	26692355	LINE/L2	532	+	70	26692284	84859
chr16	75951932	76151932	harbor1	chr16	75959949	75960802	LINE/L2	602	+	426	75960375	8443
chr16	75951932	76151932	harbor1	chr16	75961154	75961797	LINE/L2	602	+	322	75961476	9544
chr16	75951932	76151932	harbor1	chr16	76007044	76007355	LINE/L2	704	+	156	76007200	55268
chr16	75951932	76151932	harbor1	chr16	76007700	76008281	LINE/L2	704	+	290	76007990	56058
chr16	34390514	34590514	harbor1	chr16	34475540	34475893	LINE/L2	495	+	176	34475716	85202
chr16	74245451	74445451	harbor1	chr16	74292170	74292332	LINE/L2	487	+	81	74292251	46800
chr16	74245451	74445451	harbor1	chr16	74318902	74319522	LINE/L2	900	+	310	74319212	73761
chr16	3958529	4158529	harbor1	chr16	4053973	4054213	LINE/L2	594	+	120	4054093	95564
chr16	75969728	76169728	harbor1	chr16	76007044	76007355	LINE/L2	704	+	156	76007200	37472
chr16	75969728	76169728	harbor1	chr16	76007700	76008281	LINE/L2	704	+	290	76007990	38262
chr16	85019393	85219393	harbor1	chr16	85037910	85038164	LINE/L2	475	+	127	85038037	18644
chr16	59927608	60127608	harbor1	chr16	59931536	59932037	LINE/L2	747	+	250	59931786	4178
chr16	81488942	81688942	harbor1	chr16	81532909	81533317	LINE/L2	1141	+	204	81533113	44171
chr16	81488942	81688942	harbor1	chr16	81584229	81584370	LINE/L2	442	+	70	81584299	95357
chr16	53147795	53347795	harbor1	chr16	53241222	53242426	LINE/L2	2317	+	602	53241824	94029
chr16	9452859	9652859	harbor1	chr16	9467365	9467709	LINE/L2	466	+	172	9467537	14678
chr16	9452859	9652859	harbor1	chr16	9524655	9525636	LINE/L2	1437	+	490	9525145	72286
chr16	80429872	80629872	harbor1	chr16	80444591	80444634	LINE/L2	541	+	22	80444613	14741
chr16	80429872	80629872	harbor1	chr16	80444970	80445251	LINE/L2	541	+	140	80445110	15238
chr16	80429872	80629872	harbor1	chr16	80452446	80453225	LINE/L2	1015	+	390	80452836	22964
chr16	80429872	80629872	harbor1	chr16	80527814	80528149	LINE/L2	471	+	168	80527982	98110
chr16	29589503	29789503	harbor1	chr16	29644460	29644942	LINE/L2	783	+	241	29644701	55198
chr16	19224920	19424920	harbor1	chr16	19290361	19290624	LINE/L2	491	+	132	19290493	65573
chr16	82759528	82959528	harbor1	chr16	82763079	82763486	LINE/L2	949	+	204	82763283	3755
chr16	66163207	66363207	harbor1	chr16	66233699	66234133	LINE/L2	488	+	217	66233916	70709
chr16	66163207	66363207	harbor1	chr16	66257037	66257321	LINE/L2	587	+	142	66257179	93972
chr16	9322201	9522201	harbor1	chr16	9377271	9377720	LINE/L2	684	+	224	9377495	55294
chr16	9322201	9522201	harbor1	chr16	9378017	9378067	LINE/L2	684	+	25	9378042	55841
chr16	9322201	9522201	harbor1	chr16	9418031	9418561	LINE/L2	1080	+	265	9418296	96095
chr16	30057177	30257177	harbor1	chr16	30087677	30087925	LINE/L2	1117	+	124	30087801	30624
chr16	30057177	30257177	harbor1	chr16	30088238	30088432	LINE/L2	1117	+	97	30088335	31158
chr16	28109361	28309361	harbor1	chr16	28167358	28167743	LINE/L2	455	+	192	28167550	58189
chr16	28109361	28309361	harbor1	chr16	28174152	28174539	LINE/L2	853	+	194	28174346	64985
chr16	67032093	67232093	harbor1	chr16	67059658	67059920	LINE/L2	647	+	131	67059789	27696
chr16	56986575	57186575	harbor1	chr16	57066794	57067031	LINE/L2	681	+	118	57066912	80337
chr16	80420143	80620143	harbor1	chr16	80444591	80444634	LINE/L2	541	+	22	80444613	24470
chr16	80420143	80620143	harbor1	chr16	80444970	80445251	LINE/L2	541	+	140	80445110	24967
chr16	80420143	80620143	harbor1	chr16	80452446	80453225	LINE/L2	1015	+	390	80452836	32693
chr16	15917384	16117384	harbor1	chr16	15926354	15926528	LINE/L2	464	+	87	15926441	9057
chr16	15917384	16117384	harbor1	chr16	15954917	15955075	LINE/L2	798	+	79	15954996	37612
chr16	15917384	16117384	harbor1	chr16	15955370	15955897	LINE/L2	840	+	264	15955634	38250
chr16	15917384	16117384	harbor1	chr16	15987661	15987954	LINE/L2	569	+	146	15987807	70423
chr16	15917384	16117384	harbor1	chr16	15988217	15988416	LINE/L2	569	+	100	15988317	70933
chr16	15917384	16117384	harbor1	chr16	15992712	15993229	LINE/L2	556	+	258	15992970	75586
chr16	59720409	59920409	harbor1	chr16	59746683	59747199	LINE/L2	928	+	258	59746941	26532
chr16	16986656	17186656	harbor1	chr16	17038469	17039025	LINE/L2	1057	+	278	17038747	52091
chr16	16986656	17186656	harbor1	chr16	17039341	17039497	LINE/L2	1057	+	78	17039419	52763
chr16	24345382	24545382	harbor1	chr16	24352371	24352510	LINE/L2	500	+	70	24352441	7059
chr16	24345382	24545382	harbor1	chr16	24369294	24369362	LINE/L2	534	+	34	24369328	23946
chr16	24345382	24545382	harbor1	chr16	24369443	24369783	LINE/L2	534	+	170	24369613	24231
chr16	24345382	24545382	harbor1	chr16	24395547	24395679	LINE/L2	545	+	66	24395613	50231
chr16	24345382	24545382	harbor1	chr16	24407421	24407702	LINE/L2	776	+	140	24407561	62179
chr16	24345382	24545382	harbor1	chr16	24408250	24408282	LINE/L2	776	+	16	24408266	62884
chr16	24345382	24545382	harbor1	chr16	24408988	24409074	LINE/L2	776	+	43	24409031	63649
chr16	25959518	26159518	harbor1	chr16	25975578	25975799	LINE/L2	633	+	110	25975688	16170
chr16	25959518	26159518	harbor1	chr16	25986087	25986300	LINE/L2	546	+	106	25986193	26675
chr16	25959518	26159518	harbor1	chr16	26013649	26013727	LINE/L2	759	+	39	26013688	54170
chr16	25959518	26159518	harbor1	chr16	26014058	26014302	LINE/L2	759	+	122	26014180	54662
chr16	25959518	26159518	harbor1	chr16	26035263	26035744	LINE/L2	446	+	240	26035503	75985
chr16	25959518	26159518	harbor1	chr16	26037886	26038458	LINE/L2	795	+	286	26038172	78654
chr16	66181324	66381324	harbor1	chr16	66233699	66234133	LINE/L2	488	+	217	66233916	52592
chr16	66181324	66381324	harbor1	chr16	66257037	66257321	LINE/L2	587	+	142	66257179	75855
chr16	14579114	14779114	harbor1	chr16	14678255	14678486	LINE/L2	1167	+	116	14678371	99257
chr16	14579114	14779114	harbor1	chr16	14678780	14679123	LINE/L2	1167	+	172	14678952	99838
chr16	48686600	48886600	harbor1	chr16	48691985	48692320	LINE/L2	487	+	168	48692153	5553
chr16	48686600	48886600	harbor1	chr16	48728798	48729403	LINE/L2	1063	+	302	48729100	42500
chr16	60363063	60563063	harbor1	chr16	60428240	60428661	LINE/L2	482	+	210	60428450	65387
chr16	5333005	5533005	harbor1	chr16	5335693	5335825	LINE/L2	461	+	66	5335759	2754
chr16	5333005	5533005	harbor1	chr16	5346962	5347353	LINE/L2	1122	+	196	5347158	14153
chr16	46942874	47142874	harbor1	chr16	46983897	46984350	LINE/L2	1287	+	226	46984123	41249
chr16	55509407	55709407	harbor1	chr16	55525125	55525415	LINE/L2	442	+	145	55525270	15863
chr16	51546322	51746322	harbor1	chr16	51586042	51586581	LINE/L2	1057	+	270	51586312	39990
chr16	85258191	85458191	harbor1	chr16	85287381	85287930	LINE/L2	1296	+	274	85287655	29464
chr16	85258191	85458191	harbor1	chr16	85320758	85321221	LINE/L2	719	+	232	85320990	62799
chr16	85258191	85458191	harbor1	chr16	85339832	85339964	LINE/L2	442	+	66	85339898	81707
chr16	85258191	85458191	harbor1	chr16	85343774	85344059	LINE/L2	556	+	142	85343916	85725
chr16	85258191	85458191	harbor1	chr16	85345443	85345850	LINE/L2	1003	+	204	85345647	87456
chr16	23715962	23915962	harbor1	chr16	23746133	23746364	LINE/L2	718	+	116	23746249	30287
chr16	23715962	23915962	harbor1	chr16	23746934	23747342	LINE/L2	1188	+	204	23747138	31176
chr16	54977151	55177151	harbor1	chr16	54982352	54982628	LINE/L2	708	+	138	54982490	5339
chr16	54977151	55177151	harbor1	chr16	54996471	54996622	LINE/L2	471	+	76	54996547	19396
chr16	54977151	55177151	harbor1	chr16	55001227	55001685	LINE/L2	609	+	229	55001456	24305
chr16	54977151	55177151	harbor1	chr16	55060361	55060936	LINE/L2	1246	+	288	55060649	83498
chr16	56009382	56209382	harbor1	chr16	56087266	56087420	LINE/L2	475	+	77	56087343	77961
chr16	4856635	5056635	harbor1	chr16	4949196	4949756	LINE/L2	466	+	280	4949476	92841
chr16	51637790	51837790	harbor1	chr16	51678050	51678558	LINE/L2	514	+	254	51678304	40514
chr16	62985236	63185236	harbor1	chr16	63034041	63034490	LINE/L2	531	+	224	63034265	49029
chr16	66775587	66975587	harbor1	chr16	66814684	66815203	LINE/L2	813	+	260	66814944	39357
chr16	66775587	66975587	harbor1	chr16	66835972	66836183	LINE/L2	445	+	106	66836078	60491
chr16	5519386	5719386	harbor1	chr16	5609899	5610269	LINE/L2	586	+	185	5610084	90698
chr16	57775662	57975662	harbor1	chr16	57820186	57820268	LINE/L2	540	+	41	57820227	44565
chr16	57775662	57975662	harbor1	chr16	57820579	57820815	LINE/L2	540	+	118	57820697	45035
chr16	57775662	57975662	harbor1	chr16	57845071	57845915	LINE/L2	982	+	422	57845493	69831
chr16	15183001	15383001	harbor1	chr16	15188398	15188788	LINE/L2	613	+	195	15188593	5592
chr16	15183001	15383001	harbor1	chr16	15192582	15193078	LINE/L2	970	+	248	15192830	9829
chr16	15183001	15383001	harbor1	chr16	15208658	15208715	LINE/L2	446	+	28	15208686	25685
chr16	15183001	15383001	harbor1	chr16	15209023	15209321	LINE/L2	446	+	149	15209172	26171
chr16	15183001	15383001	harbor1	chr16	15230920	15231193	LINE/L2	677	+	136	15231056	48055
chr16	15183001	15383001	harbor1	chr16	15248573	15248765	LINE/L2	546	+	96	15248669	65668
chr16	15183001	15383001	harbor1	chr16	15251106	15251223	LINE/L2	474	+	58	15251164	68163
chr16	25616178	25816178	harbor1	chr16	25621574	25621622	LINE/L2	630	+	24	25621598	5420
chr16	25616178	25816178	harbor1	chr16	25621928	25622323	LINE/L2	630	+	198	25622126	5948
chr16	25616178	25816178	harbor1	chr16	25651078	25651474	LINE/L2	780	+	198	25651276	35098
chr16	25616178	25816178	harbor1	chr16	25652736	25652848	LINE/L2	564	+	56	25652792	36614
chr16	25616178	25816178	harbor1	chr16	25653263	25653600	LINE/L2	564	+	168	25653431	37253
chr16	25616178	25816178	harbor1	chr16	25660530	25660956	LINE/L2	727	+	213	25660743	44565
chr16	25616178	25816178	harbor1	chr16	25703700	25704096	LINE/L2	797	+	198	25703898	87720
chr16	25616178	25816178	harbor1	chr16	25707663	25707911	LINE/L2	517	+	124	25707787	91609
chr16	23000252	23200252	harbor1	chr16	23018312	23018611	LINE/L2	812	+	150	23018462	18210
chr16	23000252	23200252	harbor1	chr16	23037093	23037885	LINE/L2	1466	+	396	23037489	37237
chr16	23000252	23200252	harbor1	chr16	23081465	23081892	LINE/L2	471	+	214	23081679	81427
chr16	23000252	23200252	harbor1	chr16	23088518	23088865	LINE/L2	453	+	174	23088692	88440
chr16	23000252	23200252	harbor1	chr16	23089131	23089527	LINE/L2	766	+	198	23089329	89077
chr16	80386796	80586796	harbor1	chr16	80414045	80414575	LINE/L2	833	+	265	80414310	27514
chr16	80386796	80586796	harbor1	chr16	80418967	80419330	LINE/L2	611	+	182	80419149	32353
chr16	80386796	80586796	harbor1	chr16	80444591	80444634	LINE/L2	541	+	22	80444613	57817
chr16	80386796	80586796	harbor1	chr16	80444970	80445251	LINE/L2	541	+	140	80445110	58314
chr16	80386796	80586796	harbor1	chr16	80452446	80453225	LINE/L2	1015	+	390	80452836	66040
chr16	67599532	67799532	harbor1	chr16	67624226	67624584	LINE/L2	514	+	179	67624405	24873
chr16	67599532	67799532	harbor1	chr16	67624894	67624942	LINE/L2	514	+	24	67624918	25386
chr16	67599532	67799532	harbor1	chr16	67625497	67625606	LINE/L2	514	+	54	67625551	26019
chr16	67599532	67799532	harbor1	chr16	67625645	67626152	LINE/L2	514	+	254	67625899	26367
chr16	79103533	79303533	harbor1	chr16	79158563	79158961	LINE/L2	524	+	199	79158762	55229
chr16	18807579	19007579	harbor1	chr16	18862566	18862883	LINE/L2	499	+	158	18862724	55145
chr16	15572848	15772848	harbor1	chr16	15642160	15642393	LINE/L2	458	+	116	15642276	69428
chr16	15572848	15772848	harbor1	chr16	15660537	15661147	LINE/L2	606	+	305	15660842	87994
chr16	15572848	15772848	harbor1	chr16	15661744	15661939	LINE/L2	606	+	98	15661842	88994
chr16	15572848	15772848	harbor1	chr16	15662239	15662270	LINE/L2	606	+	16	15662255	89407
chr16	15572848	15772848	harbor1	chr16	15662879	15663223	LINE/L2	606	+	172	15663051	90203
chr16	81726050	81926050	harbor1	chr16	81766398	81766465	LINE/L2	488	+	34	81766432	40382
chr16	81726050	81926050	harbor1	chr16	81766515	81766777	LINE/L2	488	+	131	81766646	40596
chr16	18584927	18784927	harbor1	chr16	18593121	18593294	LINE/L2	594	+	86	18593207	8280
chr16	18584927	18784927	harbor1	chr16	18652520	18652823	LINE/L2	757	+	152	18652672	67745
chr16	22094488	22294488	harbor1	chr16	22096218	22096304	LINE/L2	468	+	43	22096261	1773
chr16	22094488	22294488	harbor1	chr16	22193128	22193168	LINE/L2	1320	+	20	22193148	98660
chr16	22094488	22294488	harbor1	chr16	22193453	22194337	LINE/L2	1320	+	442	22193895	99407
chr16	50726345	50926345	harbor1	chr16	50736961	50737686	LINE/L2	1153	+	362	50737323	10978
chr16	17359444	17559444	harbor1	chr16	17390371	17390510	LINE/L2	555	+	70	17390441	30997
chr16	17359444	17559444	harbor1	chr16	17391571	17391686	LINE/L2	555	+	58	17391629	32185
chr16	17359444	17559444	harbor1	chr16	17392056	17392565	LINE/L2	555	+	254	17392310	32866
chr16	17359444	17559444	harbor1	chr16	17425686	17425964	LINE/L2	524	+	139	17425825	66381
chr16	17359444	17559444	harbor1	chr16	17443833	17444345	LINE/L2	781	+	256	17444089	84645
chr16	17359444	17559444	harbor1	chr16	17444645	17444720	LINE/L2	781	+	38	17444683	85239
chr16	17359444	17559444	harbor1	chr16	17451435	17451563	LINE/L2	464	+	64	17451499	92055
chr16	17359444	17559444	harbor1	chr16	17383203	17383569	LINE/L2	506	+	183	17383386	23942
chr16	71702800	71902800	harbor1	chr16	71753243	71753783	LINE/L2	1116	+	270	71753513	50713
chr16	66707306	66907306	harbor1	chr16	66756385	66756507	LINE/L2	681	+	61	66756446	49140
chr16	32068129	32268129	harbor1	chr16	32093921	32094274	LINE/L2	498	+	176	32094097	25968
chr16	54735970	54935970	harbor1	chr16	54752961	54753099	LINE/L2	463	+	69	54753030	17060
chr16	54735970	54935970	harbor1	chr16	54753626	54753835	LINE/L2	900	+	104	54753730	17760
chr16	54735970	54935970	harbor1	chr16	54754227	54754433	LINE/L2	900	+	103	54754330	18360
chr16	54735970	54935970	harbor1	chr16	54756344	54757021	LINE/L2	821	+	338	54756682	20712
chr16	54735970	54935970	harbor1	chr16	54771736	54772165	LINE/L2	546	+	214	54771950	35980
chr16	26860412	27060412	harbor1	chr16	26861145	26861605	LINE/L2	602	+	230	26861375	963
chr16	26860412	27060412	harbor1	chr16	26906278	26907202	LINE/L2	1542	+	462	26906740	46328
chr16	26860412	27060412	harbor1	chr16	26908819	26909223	LINE/L2	608	+	202	26909021	48609
chr16	26860412	27060412	harbor1	chr16	26928800	26929191	LINE/L2	508	+	196	26928996	68584
chr16	26860412	27060412	harbor1	chr16	26946442	26946673	LINE/L2	707	+	116	26946558	86146
chr16	26860412	27060412	harbor1	chr16	26948684	26949367	LINE/L2	1731	+	342	26949026	88614
chr16	26860412	27060412	harbor1	chr16	26949647	26949826	LINE/L2	1565	+	90	26949737	89325
chr16	26860412	27060412	harbor1	chr16	26950297	26950499	LINE/L2	548	+	101	26950398	89986
chr16	16507035	16707035	harbor1	chr16	16568759	16569323	LINE/L2	1052	+	282	16569041	62006
chr16	16507035	16707035	harbor1	chr16	16600425	16600715	LINE/L2	644	+	145	16600570	93535
chr16	16507035	16707035	harbor1	chr16	16601014	16601202	LINE/L2	644	+	94	16601108	94073
chr16	84053191	84253191	harbor1	chr16	84121889	84122081	LINE/L2	435	+	96	84121985	68794
chr16	53736710	53936710	harbor1	chr16	53771215	53771563	LINE/L2	1585	+	174	53771389	34679
chr16	53736710	53936710	harbor1	chr16	53779838	53780428	LINE/L2	1018	+	295	53780133	43423
chr16	53736710	53936710	harbor1	chr16	53780966	53781128	LINE/L2	658	+	81	53781047	44337
chr16	53736710	53936710	harbor1	chr16	53816181	53816939	LINE/L2	1535	+	379	53816560	79850
chr16	53736710	53936710	harbor1	chr16	53823328	53823690	LINE/L2	610	+	181	53823509	86799
chr16	53736710	53936710	harbor1	chr16	53823910	53824613	LINE/L2	764	+	352	53824262	87552
chr16	53736710	53936710	harbor1	chr16	53772136	53772598	LINE/L2	1585	+	231	53772367	35657
chr16	4234615	4434615	harbor1	chr16	4283473	4283913	LINE/L2	672	+	220	4283693	49078
chr16	68018215	68218215	harbor1	chr16	68035074	68035357	LINE/L2	872	+	142	68035216	17001
chr16	68018215	68218215	harbor1	chr16	68036745	68037259	LINE/L2	974	+	257	68037002	18787
chr16	4944311	5144311	harbor1	chr16	4949196	4949756	LINE/L2	466	+	280	4949476	5165
chr16	4944311	5144311	harbor1	chr16	4956900	4956938	LINE/L2	730	+	19	4956919	12608
chr16	4944311	5144311	harbor1	chr16	4957557	4957810	LINE/L2	730	+	126	4957683	13372
chr16	4944311	5144311	harbor1	chr16	5032724	5033125	LINE/L2	661	+	200	5032924	88613
chr16	19828706	20028706	harbor1	chr16	19839472	19839638	LINE/L2	831	+	83	19839555	10849
chr16	6513760	6713760	harbor1	chr16	6567398	6567702	LINE/L2	472	+	152	6567550	53790
chr16	68058243	68258243	harbor1	chr16	68118453	68118881	LINE/L2	1145	+	214	68118667	60424
chr16	68058243	68258243	harbor1	chr16	68119167	68119893	LINE/L2	1145	+	363	68119530	61287
chr16	17060009	17260009	harbor1	chr16	17118639	17119220	LINE/L2	604	+	290	17118929	58920
chr16	17060009	17260009	harbor1	chr16	17120348	17120816	LINE/L2	549	+	234	17120582	60573
chr16	17060009	17260009	harbor1	chr16	17125369	17125892	LINE/L2	940	+	262	17125631	65622
chr16	17060009	17260009	harbor1	chr16	17130653	17131165	LINE/L2	466	+	256	17130909	70900
chr16	17060009	17260009	harbor1	chr16	17148262	17148527	LINE/L2	985	+	132	17148394	88385
chr16	17060009	17260009	harbor1	chr16	17159254	17159573	LINE/L2	623	+	160	17159414	99405
chr16	23054934	23254934	harbor1	chr16	23081465	23081892	LINE/L2	471	+	214	23081679	26745
chr16	23054934	23254934	harbor1	chr16	23088518	23088865	LINE/L2	453	+	174	23088692	33758
chr16	23054934	23254934	harbor1	chr16	23089131	23089527	LINE/L2	766	+	198	23089329	34395
chr16	23054934	23254934	harbor1	chr16	23140603	23141239	LINE/L2	604	+	318	23140921	85987
chr16	20627857	20827857	harbor1	chr16	20670198	20670776	LINE/L2	746	+	289	20670487	42630
chr16	20627857	20827857	harbor1	chr16	20711909	20712100	LINE/L2	451	+	96	20712005	84148
chr16	20627857	20827857	harbor1	chr16	20727107	20727224	LINE/L2	439	+	58	20727165	99308
chr16	11368435	11568435	harbor1	chr16	11400128	11400436	LINE/L2	501	+	154	11400282	31847
chr16	11368435	11568435	harbor1	chr16	11400741	11400806	LINE/L2	501	+	32	11400773	32338
chr16	11368435	11568435	harbor1	chr16	11403882	11404360	LINE/L2	587	+	239	11404121	35686
chr16	11368435	11568435	harbor1	chr16	11404647	11404669	LINE/L2	587	+	11	11404658	36223
chr16	11368435	11568435	harbor1	chr16	11405663	11406012	LINE/L2	919	+	174	11405837	37402
chr16	11368435	11568435	harbor1	chr16	11406400	11406425	LINE/L2	919	+	12	11406412	37977
chr16	11368435	11568435	harbor1	chr16	11406732	11407030	LINE/L2	919	+	149	11406881	38446
chr16	11368435	11568435	harbor1	chr16	11449724	11449987	LINE/L2	600	+	132	11449856	81421
chr16	11368435	11568435	harbor1	chr16	11462797	11463010	LINE/L2	456	+	106	11462903	94468
chr16	55756540	55956540	harbor1	chr16	55815556	55816333	LINE/L2	1429	+	388	55815944	59404
chr16	55756540	55956540	harbor1	chr16	55828314	55828612	LINE/L2	736	+	149	55828463	71923
chr16	55756540	55956540	harbor1	chr16	55770882	55772197	LINE/L2	964	+	658	55771540	15000
chr16	22393635	22593635	harbor1	chr16	22400053	22400306	LINE/L2	461	+	126	22400179	6544
chr16	22393635	22593635	harbor1	chr16	22400959	22401368	LINE/L2	498	+	204	22401163	7528
chr16	5125381	5325381	harbor1	chr16	5160078	5160330	LINE/L2	924	+	126	5160204	34823
chr16	5125381	5325381	harbor1	chr16	5162397	5162558	LINE/L2	567	+	80	5162477	37096
chr16	5125381	5325381	harbor1	chr16	5195595	5195752	LINE/L2	591	+	78	5195673	70292
chr16	5125381	5325381	harbor1	chr16	5211105	5211279	LINE/L2	538	+	87	5211192	85811
chr16	5125381	5325381	harbor1	chr16	5211512	5211671	LINE/L2	465	+	80	5211592	86211
chr16	5125381	5325381	harbor1	chr16	5160621	5161321	LINE/L2	924	+	350	5160971	35590
chr16	5125381	5325381	harbor1	chr16	5210095	5210781	LINE/L2	613	+	343	5210438	85057
chr16	7783580	7983580	harbor1	chr16	7834484	7834861	LINE/L2	519	+	188	7834672	51092
chr16	75453914	75653914	harbor1	chr16	75460384	75460811	LINE/L2	790	+	214	75460598	6684
chr16	75453914	75653914	harbor1	chr16	75470112	75470462	LINE/L2	1205	+	175	75470287	16373
chr16	75453914	75653914	harbor1	chr16	75471084	75471197	LINE/L2	1205	+	56	75471140	17226
chr16	75453914	75653914	harbor1	chr16	75521204	75521461	LINE/L2	601	+	128	75521332	67418
chr16	75453914	75653914	harbor1	chr16	75513472	75513954	LINE/L2	918	+	241	75513713	59799
chr16	28590347	28790347	harbor1	chr16	28636708	28636821	LINE/L2	446	+	56	28636764	46417
chr16	78827007	79027007	harbor1	chr16	78877206	78877784	LINE/L2	1005	+	289	78877495	50488
chr16	78827007	79027007	harbor1	chr16	78914103	78914399	LINE/L2	617	+	148	78914251	87244
chr16	18477944	18677944	harbor1	chr16	18492256	18493407	LINE/L2	1523	+	576	18492832	14888
chr16	18477944	18677944	harbor1	chr16	18540921	18541560	LINE/L2	1584	+	320	18541241	63297
chr16	18477944	18677944	harbor1	chr16	18541866	18541987	LINE/L2	1584	+	60	18541926	63982
chr16	13138332	13338332	harbor1	chr16	13166461	13166673	LINE/L2	485	+	106	13166567	28235
chr16	31259753	31459753	harbor1	chr16	31275988	31276077	LINE/L2	488	+	44	31276032	16279
chr16	29345942	29545942	harbor1	chr16	29430257	29430513	LINE/L2	480	+	128	29430385	84443
chr16	80762550	80962550	harbor1	chr16	80796718	80797394	LINE/L2	444	+	338	80797056	34506
chr16	80762550	80962550	harbor1	chr16	80849449	80849596	LINE/L2	472	+	74	80849523	86973
chr16	80762550	80962550	harbor1	chr16	80857408	80858197	LINE/L2	951	+	394	80857802	95252
chr16	80762550	80962550	harbor1	chr16	80858502	80858661	LINE/L2	951	+	80	80858582	96032
chr16	5272409	5472409	harbor1	chr16	5335693	5335825	LINE/L2	461	+	66	5335759	63350
chr16	5272409	5472409	harbor1	chr16	5346962	5347353	LINE/L2	1122	+	196	5347158	74749
chr17	53469706	53669706	harbor1	chr17	53479278	53480335	LINE/L2	1073	+	528	53479806	10100
chr17	53469706	53669706	harbor1	chr17	53501203	53501690	LINE/L2	686	+	244	53501447	31741
chr17	53469706	53669706	harbor1	chr17	53511494	53511646	LINE/L2	542	+	76	53511570	41864
chr17	53469706	53669706	harbor1	chr17	53513069	53513351	LINE/L2	634	+	141	53513210	43504
chr17	49618180	49818180	harbor1	chr17	49631654	49632079	LINE/L2	735	+	212	49631866	13686
chr17	49618180	49818180	harbor1	chr17	49640635	49640980	LINE/L2	1164	+	172	49640807	22627
chr17	49618180	49818180	harbor1	chr17	49641291	49641503	LINE/L2	1164	+	106	49641397	23217
chr17	49618180	49818180	harbor1	chr17	49648016	49648505	LINE/L2	793	+	244	49648260	30080
chr17	49618180	49818180	harbor1	chr17	49660143	49660610	LINE/L2	1549	+	234	49660377	42197
chr17	49618180	49818180	harbor1	chr17	49686706	49687456	LINE/L2	1082	+	375	49687081	68901
chr17	49618180	49818180	harbor1	chr17	49688924	49689510	LINE/L2	1073	+	293	49689217	71037
chr17	49618180	49818180	harbor1	chr17	49690134	49690628	LINE/L2	1073	+	247	49690381	72201
chr17	49618180	49818180	harbor1	chr17	49690939	49691024	LINE/L2	576	+	42	49690981	72801
chr17	49618180	49818180	harbor1	chr17	49659636	49660026	LINE/L2	948	+	195	49659831	41651
chr17	50352094	50552094	harbor1	chr17	50371852	50372222	LINE/L2	667	+	185	50372037	19943
chr17	71898852	72098852	harbor1	chr17	71909782	71910188	LINE/L2	608	+	203	71909985	11133
chr17	37527918	37727918	harbor1	chr17	37587370	37588255	LINE/L2	1221	+	442	37587812	59894
chr17	29062749	29262749	harbor1	chr17	29110942	29111122	LINE/L2	658	+	90	29111032	48283
chr17	29062749	29262749	harbor1	chr17	29162001	29162742	LINE/L2	541	+	370	29162371	99622
chr17	27986699	28186699	harbor1	chr17	28016595	28016743	LINE/L2	504	+	74	28016669	29970
chr17	12440074	12640074	harbor1	chr17	12471546	12471786	LINE/L2	545	+	120	12471666	31592
chr17	62281739	62481739	harbor1	chr17	62365960	62366985	LINE/L2	4263	+	512	62366472	84733
chr17	62281739	62481739	harbor1	chr17	62367287	62368525	LINE/L2	4263	+	619	62367906	86167
chr17	61817030	62017030	harbor1	chr17	61871450	61871651	LINE/L2	543	+	100	61871550	54520
chr17	8396369	8596369	harbor1	chr17	8480582	8480943	LINE/L2	625	+	180	8480762	84393
chr17	81156109	81356109	harbor1	chr17	81184267	81184615	LINE/L2	626	+	174	81184441	28332
chr17	33785461	33985461	harbor1	chr17	33843091	33843284	LINE/L2	558	+	96	33843187	57726
chr17	2007981	2207981	harbor1	chr17	2009915	2010175	LINE/L2	880	+	130	2010045	2064
chr17	2007981	2207981	harbor1	chr17	2010479	2010555	LINE/L2	880	+	38	2010517	2536
chr17	2007981	2207981	harbor1	chr17	2010885	2010968	LINE/L2	880	+	42	2010927	2946
chr17	34477470	34677470	harbor1	chr17	34500015	34500549	LINE/L2	1393	+	267	34500282	22812
chr17	34477470	34677470	harbor1	chr17	34551578	34552075	LINE/L2	1105	+	248	34551826	74356
chr17	34477470	34677470	harbor1	chr17	34572360	34572811	LINE/L2	601	+	226	34572586	95116
chr17	69596742	69796742	harbor1	chr17	69653134	69653812	LINE/L2	879	+	339	69653473	56731
chr17	6359288	6559288	harbor1	chr17	6445479	6445596	LINE/L2	534	+	58	6445537	86249
chr17	29943389	30143389	harbor1	chr17	29980343	29981655	LINE/L2	1923	+	656	29980999	37610
chr17	57428377	57628377	harbor1	chr17	57469971	57470273	LINE/L2	592	+	151	57470122	41745
chr17	71732756	71932756	harbor1	chr17	71796231	71796790	LINE/L2	600	+	280	71796511	63755
chr17	22271651	22471651	harbor1	chr17	22276679	22276929	LINE/L2	592	+	125	22276804	5153
chr17	22271651	22471651	harbor1	chr17	22276930	22277078	LINE/L2	508	+	74	22277004	5353
chr17	22271651	22471651	harbor1	chr17	22344804	22344925	LINE/L2	593	+	60	22344864	73213
chr17	57878223	58078223	harbor1	chr17	57891012	57892037	LINE/L2	1323	+	512	57891524	13301
chr17	57878223	58078223	harbor1	chr17	57949158	57949426	LINE/L2	489	+	134	57949292	71069
chr17	69894440	70094440	harbor1	chr17	69903307	69903472	LINE/L2	607	+	82	69903389	8949
chr17	69894440	70094440	harbor1	chr17	69904009	69904653	LINE/L2	929	+	322	69904331	9891
chr17	33538029	33738029	harbor1	chr17	33548648	33549180	LINE/L2	1320	+	266	33548914	10885
chr17	33538029	33738029	harbor1	chr17	33571277	33571478	LINE/L2	485	+	100	33571377	33348
chr17	33538029	33738029	harbor1	chr17	33586360	33587011	LINE/L2	596	+	326	33586686	48657
chr17	33538029	33738029	harbor1	chr17	33599864	33600164	LINE/L2	642	+	150	33600014	61985
chr17	33538029	33738029	harbor1	chr17	33609092	33609710	LINE/L2	651	+	309	33609401	71372
chr17	33538029	33738029	harbor1	chr17	33620882	33621358	LINE/L2	519	+	238	33621120	83091
chr17	75796497	75996497	harbor1	chr17	75833180	75833712	LINE/L2	1273	+	266	75833446	36949
chr17	46417069	46617069	harbor1	chr17	46434091	46435294	LINE/L2	1382	+	602	46434693	17624
chr17	46417069	46617069	harbor1	chr17	46449906	46450677	LINE/L2	1803	+	386	46450292	33223
chr17	46417069	46617069	harbor1	chr17	46453222	46453681	LINE/L2	525	+	230	46453452	36383
chr17	46417069	46617069	harbor1	chr17	46484014	46484128	LINE/L2	498	+	57	46484071	67002
chr17	42164946	42364946	harbor1	chr17	42205433	42205638	LINE/L2	813	+	102	42205535	40589
chr17	42164946	42364946	harbor1	chr17	42205927	42206062	LINE/L2	813	+	68	42205995	41049
chr17	42164946	42364946	harbor1	chr17	42206390	42206449	LINE/L2	813	+	30	42206420	41474
chr17	42164946	42364946	harbor1	chr17	42235112	42235365	LINE/L2	512	+	126	42235238	70292
chr17	8708227	8908227	harbor1	chr17	8799618	8799903	LINE/L2	657	+	142	8799760	91533
chr17	54145149	54345149	harbor1	chr17	54183518	54183598	LINE/L2	511	+	40	54183558	38409
chr17	54145149	54345149	harbor1	chr17	54183797	54184015	LINE/L2	511	+	109	54183906	38757
chr17	54145149	54345149	harbor1	chr17	54226783	54226866	LINE/L2	1362	+	42	54226825	81676
chr17	54145149	54345149	harbor1	chr17	54229126	54229752	LINE/L2	1362	+	313	54229439	84290
chr17	76511755	76711755	harbor1	chr17	76519378	76519773	LINE/L2	496	+	198	76519576	7821
chr17	75572234	75772234	harbor1	chr17	75648049	75648345	LINE/L2	528	+	148	75648197	75963
chr17	53787733	53987733	harbor1	chr17	53800211	53800666	LINE/L2	592	+	228	53800439	12706
chr17	53984220	54184220	harbor1	chr17	53996978	53997605	LINE/L2	1557	+	314	53997292	13072
chr17	45854010	46054010	harbor1	chr17	45928207	45928547	LINE/L2	543	+	170	45928377	74367
chr17	70902390	71102390	harbor1	chr17	70918536	70919285	LINE/L2	528	+	374	70918910	16520
chr17	63352799	63552799	harbor1	chr17	63365319	63366071	LINE/L2	905	+	376	63365695	12896
chr17	55569191	55769191	harbor1	chr17	55575710	55576777	LINE/L2	1082	+	534	55576244	7053
chr17	55569191	55769191	harbor1	chr17	55588065	55588582	LINE/L2	536	+	258	55588323	19132
chr17	12267707	12467707	harbor1	chr17	12269924	12270106	LINE/L2	2185	+	91	12270015	2308
chr17	12267707	12467707	harbor1	chr17	12270637	12271495	LINE/L2	2185	+	429	12271066	3359
chr17	12267707	12467707	harbor1	chr17	12271804	12271819	LINE/L2	948	+	8	12271812	4105
chr17	5177369	5377369	harbor1	chr17	5228720	5228876	LINE/L2	490	+	78	5228798	51429
chr17	5177369	5377369	harbor1	chr17	5261415	5261806	LINE/L2	1359	+	196	5261611	84242
chr17	5177369	5377369	harbor1	chr17	5262097	5262154	LINE/L2	1359	+	28	5262125	84756
chr17	5177369	5377369	harbor1	chr17	5262434	5262913	LINE/L2	1359	+	240	5262674	85305
chr17	15603045	15803045	harbor1	chr17	15665586	15666236	LINE/L2	1192	+	325	15665911	62866
chr17	15603045	15803045	harbor1	chr17	15675936	15676093	LINE/L2	590	+	78	15676014	72969
chr17	15603045	15803045	harbor1	chr17	15676280	15676424	LINE/L2	590	+	72	15676352	73307
chr17	15603045	15803045	harbor1	chr17	15676735	15676839	LINE/L2	590	+	52	15676787	73742
chr17	15603045	15803045	harbor1	chr17	15629660	15630425	LINE/L2	505	+	382	15630042	26997
chr17	66116854	66316854	harbor1	chr17	66187317	66188270	LINE/L2	1006	+	476	66187793	70939
chr17	66116854	66316854	harbor1	chr17	66188327	66188710	LINE/L2	1006	+	192	66188519	71665
chr17	55405051	55605051	harbor1	chr17	55417398	55417508	LINE/L2	601	+	55	55417453	12402
chr17	55405051	55605051	harbor1	chr17	55417821	55418370	LINE/L2	620	+	274	55418095	13044
chr17	55405051	55605051	harbor1	chr17	55451186	55451680	LINE/L2	490	+	247	55451433	46382
chr17	44381467	44581467	harbor1	chr17	44382677	44383420	LINE/L2	706	+	372	44383049	1582
chr17	39481929	39681929	harbor1	chr17	39567268	39567541	LINE/L2	513	+	136	39567404	85475
chr17	54331164	54531164	harbor1	chr17	54377545	54378236	LINE/L2	918	+	346	54377891	46727
chr17	54331164	54531164	harbor1	chr17	54383765	54383978	LINE/L2	880	+	106	54383871	52707
chr17	54331164	54531164	harbor1	chr17	54384273	54384787	LINE/L2	956	+	257	54384530	53366
chr17	54331164	54531164	harbor1	chr17	54386077	54386191	LINE/L2	956	+	57	54386134	54970
chr17	54331164	54531164	harbor1	chr17	54408640	54408829	LINE/L2	559	+	94	54408734	77570
chr17	47067017	47267017	harbor1	chr17	47140964	47141161	LINE/L2	531	+	98	47141062	74045
chr17	50966884	51166884	harbor1	chr17	51059806	51060091	LINE/L2	564	+	142	51059948	93064
chr17	46278017	46478017	harbor1	chr17	46373934	46374482	LINE/L2	716	+	274	46374208	96191
chr17	56047537	56247537	harbor1	chr17	56097592	56097843	LINE/L2	545	+	126	56097718	50181
chr17	56047537	56247537	harbor1	chr17	56098339	56098401	LINE/L2	795	+	31	56098370	50833
chr17	56047537	56247537	harbor1	chr17	56098440	56098677	LINE/L2	795	+	118	56098558	51021
chr17	12639588	12839588	harbor1	chr17	12683724	12683903	LINE/L2	570	+	90	12683814	44226
chr17	42082318	42282318	harbor1	chr17	42162481	42162590	LINE/L2	533	+	54	42162535	80217
chr17	42082318	42282318	harbor1	chr17	42162892	42163175	LINE/L2	533	+	142	42163034	80716
chr17	27311050	27511050	harbor1	chr17	27345200	27345337	LINE/L2	679	+	68	27345268	34218
chr17	27311050	27511050	harbor1	chr17	27346281	27346310	LINE/L2	679	+	14	27346295	35245
chr17	27311050	27511050	harbor1	chr17	27356377	27356610	LINE/L2	558	+	116	27356493	45443
chr17	27311050	27511050	harbor1	chr17	27367921	27368113	LINE/L2	837	+	96	27368017	56967
chr17	27311050	27511050	harbor1	chr17	27368491	27368713	LINE/L2	837	+	111	27368602	57552
chr17	11647981	11847981	harbor1	chr17	11672159	11673641	LINE/L2	2305	+	741	11672900	24919
chr17	11647981	11847981	harbor1	chr17	11725261	11725503	LINE/L2	576	+	121	11725382	77401
chr17	11647981	11847981	harbor1	chr17	11742999	11743473	LINE/L2	711	+	237	11743236	95255
chr17	62933694	63133694	harbor1	chr17	62945158	62945575	LINE/L2	869	+	208	62945366	11672
chr17	62933694	63133694	harbor1	chr17	62972592	62973030	LINE/L2	742	+	219	62972811	39117
chr17	62933694	63133694	harbor1	chr17	62973332	62973468	LINE/L2	742	+	68	62973400	39706
chr17	62933694	63133694	harbor1	chr17	62980563	62980666	LINE/L2	1462	+	52	62980615	46921
chr17	62933694	63133694	harbor1	chr17	62980729	62981414	LINE/L2	1462	+	342	62981071	47377
chr17	62933694	63133694	harbor1	chr17	62982382	62982694	LINE/L2	1421	+	156	62982538	48844
chr17	62933694	63133694	harbor1	chr17	63026000	63026356	LINE/L2	814	+	178	63026178	92484
chr17	62933694	63133694	harbor1	chr17	62980025	62980346	LINE/L2	1462	+	160	62980185	46491
chr17	68656542	68856542	harbor1	chr17	68662992	68663446	LINE/L2	721	+	227	68663219	6677
chr17	68656542	68856542	harbor1	chr17	68663845	68664086	LINE/L2	615	+	120	68663965	7423
chr17	42975210	43175210	harbor1	chr17	43061170	43061510	LINE/L2	496	+	170	43061340	86130
chr17	31677766	31877766	harbor1	chr17	31755175	31755308	LINE/L2	592	+	66	31755241	77475
chr17	70890380	71090380	harbor1	chr17	70918536	70919285	LINE/L2	528	+	374	70918910	28530
chr17	37748822	37948822	harbor1	chr17	37767221	37768069	LINE/L2	1368	+	424	37767645	18823
chr17	37748822	37948822	harbor1	chr17	37768363	37768392	LINE/L2	1368	+	14	37768377	19555
chr17	37748822	37948822	harbor1	chr17	37836227	37836789	LINE/L2	799	+	281	37836508	87686
chr17	51078474	51278474	harbor1	chr17	51080160	51080600	LINE/L2	2501	+	220	51080380	1906
chr17	51078474	51278474	harbor1	chr17	51080913	51081252	LINE/L2	2501	+	170	51081083	2609
chr17	51078474	51278474	harbor1	chr17	51081770	51082094	LINE/L2	1541	+	162	51081932	3458
chr17	51078474	51278474	harbor1	chr17	51082405	51082635	LINE/L2	1541	+	115	51082520	4046
chr17	46705895	46905895	harbor1	chr17	46723642	46724236	LINE/L2	616	+	297	46723939	18044
chr17	45716242	45916242	harbor1	chr17	45727853	45728307	LINE/L2	710	+	227	45728080	11838
chr17	45716242	45916242	harbor1	chr17	45764654	45764931	LINE/L2	500	+	138	45764792	48550
chr17	45716242	45916242	harbor1	chr17	45779441	45779727	LINE/L2	551	+	143	45779584	63342
chr17	45716242	45916242	harbor1	chr17	45811639	45811978	LINE/L2	886	+	170	45811809	95567
chr17	19770894	19970894	harbor1	chr17	19818483	19818790	LINE/L2	608	+	154	19818637	47743
chr17	19770894	19970894	harbor1	chr17	19819086	19819688	LINE/L2	608	+	301	19819387	48493
chr17	19770894	19970894	harbor1	chr17	19837713	19838379	LINE/L2	1289	+	333	19838046	67152
chr17	22327966	22527966	harbor1	chr17	22344804	22344925	LINE/L2	593	+	60	22344864	16898
chr17	11782943	11982943	harbor1	chr17	11798541	11799355	LINE/L2	807	+	407	11798948	16005
chr17	11782943	11982943	harbor1	chr17	11799479	11799583	LINE/L2	807	+	52	11799531	16588
chr17	11782943	11982943	harbor1	chr17	11799885	11800628	LINE/L2	807	+	372	11800257	17314
chr17	11782943	11982943	harbor1	chr17	11827656	11827684	LINE/L2	938	+	14	11827670	44727
chr17	11782943	11982943	harbor1	chr17	11827931	11828191	LINE/L2	938	+	130	11828061	45118
chr17	11782943	11982943	harbor1	chr17	11837444	11837982	LINE/L2	1468	+	269	11837713	54770
chr17	11782943	11982943	harbor1	chr17	11848828	11848843	LINE/L2	785	+	8	11848836	65893
chr17	11782943	11982943	harbor1	chr17	11849136	11849888	LINE/L2	785	+	376	11849512	66569
chr17	22320892	22520892	harbor1	chr17	22344804	22344925	LINE/L2	593	+	60	22344864	23972
chr17	4530503	4730503	harbor1	chr17	4621725	4622267	LINE/L2	1776	+	271	4621996	91493
chr17	81108867	81308867	harbor1	chr17	81184267	81184615	LINE/L2	626	+	174	81184441	75574
chr17	52205190	52405190	harbor1	chr17	52216566	52216957	LINE/L2	509	+	196	52216762	11572
chr17	52205190	52405190	harbor1	chr17	52243697	52244191	LINE/L2	740	+	247	52243944	38754
chr17	52205190	52405190	harbor1	chr17	52244211	52244795	LINE/L2	1316	+	292	52244503	39313
chr17	52205190	52405190	harbor1	chr17	52267464	52267837	LINE/L2	705	+	186	52267650	62460
chr17	52205190	52405190	harbor1	chr17	52302483	52302874	LINE/L2	490	+	196	52302679	97489
chr17	22106778	22306778	harbor1	chr17	22169652	22170453	LINE/L2	664	+	400	22170052	63274
chr17	32501399	32701399	harbor1	chr17	32525866	32526268	LINE/L2	604	+	201	32526067	24668
chr17	32501399	32701399	harbor1	chr17	32555782	32556152	LINE/L2	695	+	185	32555967	54568
chr17	32501399	32701399	harbor1	chr17	32572291	32573081	LINE/L2	918	+	395	32572686	71287
chr17	33996929	34196929	harbor1	chr17	34028838	34029344	LINE/L2	998	+	253	34029091	32162
chr17	33996929	34196929	harbor1	chr17	34079036	34079672	LINE/L2	611	+	318	34079354	82425
chr17	7486706	7686706	harbor1	chr17	7488900	7489164	LINE/L2	842	+	132	7489032	2326
chr17	7486706	7686706	harbor1	chr17	7487412	7488007	LINE/L2	916	+	298	7487710	1004
chr17	29811746	30011746	harbor1	chr17	29830139	29830677	LINE/L2	615	+	269	29830408	18662
chr17	29811746	30011746	harbor1	chr17	29874893	29874998	LINE/L2	1550	+	52	29874945	63199
chr17	29811746	30011746	harbor1	chr17	29875100	29875880	LINE/L2	1550	+	390	29875490	63744
chr17	29811746	30011746	harbor1	chr17	29892713	29893250	LINE/L2	577	+	268	29892981	81235
chr17	69182244	69382244	harbor1	chr17	69186666	69186969	LINE/L2	666	+	152	69186818	4574
chr17	69182244	69382244	harbor1	chr17	69197471	69198113	LINE/L2	763	+	321	69197792	15548
chr17	69182244	69382244	harbor1	chr17	69241016	69241888	LINE/L2	1316	+	436	69241452	59208
chr17	58301854	58501854	harbor1	chr17	58320844	58321297	LINE/L2	1249	+	226	58321070	19216
chr17	58301854	58501854	harbor1	chr17	58321598	58322257	LINE/L2	1249	+	330	58321928	20074
chr17	58301854	58501854	harbor1	chr17	58361177	58361932	LINE/L2	2357	+	378	58361555	59701
chr17	58301854	58501854	harbor1	chr17	58362130	58362373	LINE/L2	945	+	122	58362252	60398
chr17	58301854	58501854	harbor1	chr17	58374342	58374382	LINE/L2	950	+	20	58374362	72508
chr17	58301854	58501854	harbor1	chr17	58374691	58375425	LINE/L2	950	+	367	58375058	73204
chr17	9056494	9256494	harbor1	chr17	9065334	9065702	LINE/L2	503	+	184	9065518	9024
chr17	9056494	9256494	harbor1	chr17	9130991	9131445	LINE/L2	1191	+	227	9131218	74724
chr17	16729059	16929059	harbor1	chr17	16772464	16772962	LINE/L2	571	+	249	16772713	43654
chr17	31177298	31377298	harbor1	chr17	31233886	31234087	LINE/L2	608	+	100	31233986	56688
chr17	40003806	40203806	harbor1	chr17	40041050	40041861	LINE/L2	1488	+	406	40041456	37650
chr17	40003806	40203806	harbor1	chr17	40049241	40049468	LINE/L2	539	+	114	40049355	45549
chr17	40003806	40203806	harbor1	chr17	40093514	40093863	LINE/L2	751	+	174	40093688	89882
chr17	56651249	56851249	harbor1	chr17	56675454	56675748	LINE/L2	537	+	147	56675601	24352
chr17	56651249	56851249	harbor1	chr17	56709240	56709435	LINE/L2	555	+	98	56709338	58089
chr17	56651249	56851249	harbor1	chr17	56709684	56709887	LINE/L2	606	+	102	56709786	58537
chr17	56651249	56851249	harbor1	chr17	56731930	56732207	LINE/L2	559	+	138	56732068	80819
chr17	56651249	56851249	harbor1	chr17	56733874	56734317	LINE/L2	658	+	222	56734096	82847
chr17	7384956	7584956	harbor1	chr17	7472007	7472189	LINE/L2	572	+	91	7472098	87142
chr17	27380691	27580691	harbor1	chr17	27439341	27439646	LINE/L2	636	+	152	27439493	58802
chr17	27380691	27580691	harbor1	chr17	27439965	27440110	LINE/L2	636	+	72	27440037	59346
chr17	27380691	27580691	harbor1	chr17	27451513	27451777	LINE/L2	700	+	132	27451645	70954
chr17	27380691	27580691	harbor1	chr17	27451938	27452441	LINE/L2	712	+	252	27452190	71499
chr17	27380691	27580691	harbor1	chr17	27452975	27453170	LINE/L2	550	+	98	27453073	72382
chr17	22167281	22367281	harbor1	chr17	22169652	22170453	LINE/L2	664	+	400	22170052	2771
chr17	19786486	19986486	harbor1	chr17	19818483	19818790	LINE/L2	608	+	154	19818637	32151
chr17	19786486	19986486	harbor1	chr17	19819086	19819688	LINE/L2	608	+	301	19819387	32901
chr17	19786486	19986486	harbor1	chr17	19837713	19838379	LINE/L2	1289	+	333	19838046	51560
chr17	19786486	19986486	harbor1	chr17	19878709	19879177	LINE/L2	889	+	234	19878943	92457
chr17	66139623	66339623	harbor1	chr17	66187317	66188270	LINE/L2	1006	+	476	66187793	48170
chr17	66139623	66339623	harbor1	chr17	66188327	66188710	LINE/L2	1006	+	192	66188519	48896
chr17	70909182	71109182	harbor1	chr17	70918536	70919285	LINE/L2	528	+	374	70918910	9728
chr17	43941403	44141403	harbor1	chr17	43966626	43966859	LINE/L2	990	+	116	43966742	25339
chr17	9897832	10097832	harbor1	chr17	9908981	9909242	LINE/L2	829	+	130	9909111	11279
chr17	9897832	10097832	harbor1	chr17	9909529	9909920	LINE/L2	840	+	196	9909725	11893
chr17	9897832	10097832	harbor1	chr17	9964359	9964865	LINE/L2	622	+	253	9964612	66780
chr17	14493502	14693502	harbor1	chr17	14494794	14495028	LINE/L2	493	+	117	14494911	1409
chr17	14493502	14693502	harbor1	chr17	14495321	14495380	LINE/L2	493	+	30	14495351	1849
chr17	14493502	14693502	harbor1	chr17	14566184	14566571	LINE/L2	991	+	194	14566378	72876
chr17	3650975	3850975	harbor1	chr17	3674688	3675024	LINE/L2	685	+	168	3674856	23881
chr17	3650975	3850975	harbor1	chr17	3738892	3739431	LINE/L2	896	+	270	3739162	88187
chr17	44521766	44721766	harbor1	chr17	44551861	44552142	LINE/L2	491	+	140	44552001	30235
chr17	44521766	44721766	harbor1	chr17	44578030	44578469	LINE/L2	602	+	220	44578250	56484
chr17	68119573	68319573	harbor1	chr17	68218656	68218985	LINE/L2	563	+	164	68218820	99247
chr17	69142312	69342312	harbor1	chr17	69181731	69181872	LINE/L2	494	+	70	69181801	39489
chr17	69142312	69342312	harbor1	chr17	69186666	69186969	LINE/L2	666	+	152	69186818	44506
chr17	69142312	69342312	harbor1	chr17	69197471	69198113	LINE/L2	763	+	321	69197792	55480
chr17	69142312	69342312	harbor1	chr17	69241016	69241888	LINE/L2	1316	+	436	69241452	99140
chr17	27130008	27330008	harbor1	chr17	27215361	27215743	LINE/L2	527	+	191	27215552	85544
chr17	29820474	30020474	harbor1	chr17	29830139	29830677	LINE/L2	615	+	269	29830408	9934
chr17	29820474	30020474	harbor1	chr17	29874893	29874998	LINE/L2	1550	+	52	29874945	54471
chr17	29820474	30020474	harbor1	chr17	29875100	29875880	LINE/L2	1550	+	390	29875490	55016
chr17	29820474	30020474	harbor1	chr17	29892713	29893250	LINE/L2	577	+	268	29892981	72507
chr17	45583272	45783272	harbor1	chr17	45599344	45599513	LINE/L2	487	+	84	45599428	16156
chr17	45583272	45783272	harbor1	chr17	45613580	45614019	LINE/L2	799	+	220	45613800	30528
chr17	45583272	45783272	harbor1	chr17	45651085	45651465	LINE/L2	511	+	190	45651275	68003
chr17	40904185	41104185	harbor1	chr17	40926271	40926797	LINE/L2	956	+	263	40926534	22349
chr17	40904185	41104185	harbor1	chr17	40965444	40965567	LINE/L2	549	+	62	40965506	61321
chr17	40904185	41104185	harbor1	chr17	41003045	41003412	LINE/L2	528	+	184	41003229	99044
chr17	40904185	41104185	harbor1	chr17	40926888	40927249	LINE/L2	784	+	180	40927068	22883
chr17	81285574	81485574	harbor1	chr17	81307886	81308229	LINE/L2	702	+	172	81308058	22484
chr17	27594861	27794861	harbor1	chr17	27652513	27652872	LINE/L2	856	+	180	27652693	57832
chr17	37541710	37741710	harbor1	chr17	37587370	37588255	LINE/L2	1221	+	442	37587812	46102
chr17	5886404	6086404	harbor1	chr17	5931457	5931584	LINE/L2	495	+	64	5931521	45117
chr17	7204969	7404969	harbor1	chr17	7266729	7267162	LINE/L2	543	+	216	7266945	61976
chr17	29631516	29831516	harbor1	chr17	29655865	29656119	LINE/L2	622	+	127	29655992	24476
chr17	29631516	29831516	harbor1	chr17	29704943	29705265	LINE/L2	913	+	161	29705104	73588
chr17	29631516	29831516	harbor1	chr17	29705465	29706072	LINE/L2	610	+	304	29705769	74253
chr17	73000928	73200928	harbor1	chr17	73099923	73100100	LINE/L2	638	+	88	73100011	99083
chr17	73000928	73200928	harbor1	chr17	73100407	73100894	LINE/L2	843	+	244	73100651	99723
chr17	71324586	71524586	harbor1	chr17	71360399	71361083	LINE/L2	979	+	342	71360741	36155
chr17	55457165	55657165	harbor1	chr17	55521770	55522350	LINE/L2	1340	+	290	55522060	64895
chr17	55457165	55657165	harbor1	chr17	55522707	55522942	LINE/L2	1340	+	118	55522825	65660
chr17	73480771	73680771	harbor1	chr17	73544213	73544491	LINE/L2	533	+	139	73544352	63581
chr17	73480771	73680771	harbor1	chr17	73573422	73573939	LINE/L2	1058	+	258	73573680	92909
chr17	73480771	73680771	harbor1	chr17	73574111	73574254	LINE/L2	544	+	72	73574183	93412
chr17	18096488	18296488	harbor1	chr17	18110720	18111060	LINE/L2	716	+	170	18110890	14402
chr17	18096488	18296488	harbor1	chr17	18111365	18111521	LINE/L2	716	+	78	18111443	14955
chr17	18096488	18296488	harbor1	chr17	18114561	18115336	LINE/L2	1323	+	388	18114949	18461
chr17	18096488	18296488	harbor1	chr17	18115630	18115809	LINE/L2	1323	+	90	18115720	19232
chr17	18096488	18296488	harbor1	chr17	18115865	18116101	LINE/L2	560	+	118	18115983	19495
chr17	18096488	18296488	harbor1	chr17	18131676	18132102	LINE/L2	1337	+	213	18131889	35401
chr17	18096488	18296488	harbor1	chr17	18135906	18136218	LINE/L2	632	+	156	18136062	39574
chr17	18096488	18296488	harbor1	chr17	18152546	18153119	LINE/L2	581	+	286	18152832	56344
chr17	18096488	18296488	harbor1	chr17	18175840	18176153	LINE/L2	977	+	156	18175996	79508
chr17	18096488	18296488	harbor1	chr17	18176890	18177008	LINE/L2	977	+	59	18176949	80461
chr17	60226045	60426045	harbor1	chr17	60274825	60275166	LINE/L2	1022	+	170	60274995	48950
chr17	60226045	60426045	harbor1	chr17	60291786	60292031	LINE/L2	557	+	122	60291908	65863
chr17	60226045	60426045	harbor1	chr17	60292178	60292658	LINE/L2	1554	+	240	60292418	66373
chr17	60226045	60426045	harbor1	chr17	60292701	60293197	LINE/L2	1554	+	248	60292949	66904
chr17	9532773	9732773	harbor1	chr17	9630015	9630296	LINE/L2	614	+	140	9630155	97382
chr17	9532773	9732773	harbor1	chr17	9631105	9631415	LINE/L2	547	+	155	9631260	98487
chr17	57103266	57303266	harbor1	chr17	57138445	57138711	LINE/L2	1476	+	133	57138578	35312
chr17	57103266	57303266	harbor1	chr17	57138970	57139216	LINE/L2	1476	+	123	57139093	35827
chr17	12513426	12713426	harbor1	chr17	12587694	12587962	LINE/L2	687	+	134	12587828	74402
chr17	64603850	64803850	harbor1	chr17	64610764	64611169	LINE/L2	552	+	202	64610966	7116
chr17	64603850	64803850	harbor1	chr17	64611234	64612291	LINE/L2	552	+	528	64611762	7912
chr17	56826075	57026075	harbor1	chr17	56880354	56880713	LINE/L2	863	+	180	56880534	54459
chr17	27156573	27356573	harbor1	chr17	27215361	27215743	LINE/L2	527	+	191	27215552	58979
chr17	46653259	46853259	harbor1	chr17	46667609	46668380	LINE/L2	1771	+	386	46667995	14736
chr17	46653259	46853259	harbor1	chr17	46670925	46671384	LINE/L2	507	+	230	46671155	17896
chr17	46653259	46853259	harbor1	chr17	46701717	46701831	LINE/L2	500	+	57	46701774	48515
chr17	46653259	46853259	harbor1	chr17	46723642	46724236	LINE/L2	616	+	297	46723939	70680
chr17	37244261	37444261	harbor1	chr17	37245548	37246188	LINE/L2	577	+	320	37245868	1607
chr17	37244261	37444261	harbor1	chr17	37254366	37254696	LINE/L2	710	+	165	37254531	10270
chr17	37244261	37444261	harbor1	chr17	37280923	37281050	LINE/L2	511	+	64	37280987	36726
chr17	37244261	37444261	harbor1	chr17	37281359	37281478	LINE/L2	511	+	60	37281419	37158
chr17	4772023	4972023	harbor1	chr17	4790773	4791054	LINE/L2	880	+	140	4790913	18890
chr17	4772023	4972023	harbor1	chr17	4791367	4791541	LINE/L2	880	+	87	4791454	19431
chr17	4772023	4972023	harbor1	chr17	4800585	4800899	LINE/L2	700	+	157	4800742	28719
chr17	4772023	4972023	harbor1	chr17	4836695	4836895	LINE/L2	605	+	100	4836795	64772
chr17	4772023	4972023	harbor1	chr17	4837202	4837319	LINE/L2	605	+	58	4837260	65237
chr17	40271155	40471155	harbor1	chr17	40340056	40340595	LINE/L2	1003	+	270	40340326	69171
chr17	40271155	40471155	harbor1	chr17	40369178	40369300	LINE/L2	699	+	61	40369239	98084
chr17	40271155	40471155	harbor1	chr17	40369631	40369799	LINE/L2	699	+	84	40369715	98560
chr18	42738455	42938455	harbor1	chr18	42755225	42755720	LINE/L2	694	+	248	42755473	17018
chr18	42738455	42938455	harbor1	chr18	42799431	42800104	LINE/L2	446	+	336	42799767	61312
chr18	35210360	35410360	harbor1	chr18	35252580	35252845	LINE/L2	583	+	132	35252712	42352
chr18	41901500	42101500	harbor1	chr18	41914564	41914824	LINE/L2	466	+	130	41914694	13194
chr18	41901500	42101500	harbor1	chr18	41939440	41939778	LINE/L2	489	+	169	41939609	38109
chr18	56818500	57018500	harbor1	chr18	56823610	56824483	LINE/L2	406	+	436	56824046	5546
chr18	56818500	57018500	harbor1	chr18	56849508	56849750	LINE/L2	489	+	121	56849629	31129
chr18	56818500	57018500	harbor1	chr18	56849873	56850409	LINE/L2	595	+	268	56850141	31641
chr18	56818500	57018500	harbor1	chr18	56850892	56851607	LINE/L2	430	+	358	56851250	32750
chr18	56818500	57018500	harbor1	chr18	56875327	56875693	LINE/L2	454	+	183	56875510	57010
chr18	56818500	57018500	harbor1	chr18	56893911	56894653	LINE/L2	1052	+	371	56894282	75782
chr18	56818500	57018500	harbor1	chr18	56912490	56912881	LINE/L2	1981	+	196	56912686	94186
chr18	56818500	57018500	harbor1	chr18	56913174	56913515	LINE/L2	1981	+	170	56913344	94844
chr18	56818500	57018500	harbor1	chr18	56913814	56914469	LINE/L2	1981	+	328	56914142	95642
chr18	54461882	54661882	harbor1	chr18	54461933	54462487	LINE/L2	885	+	277	54462210	328
chr18	54461882	54661882	harbor1	chr18	54556328	54556441	LINE/L2	422	+	56	54556384	94502
chr18	50337984	50537984	harbor1	chr18	50412093	50412577	LINE/L2	914	+	242	50412335	74351
chr18	50337984	50537984	harbor1	chr18	50413104	50413337	LINE/L2	656	+	116	50413220	75236
chr18	42234288	42434288	harbor1	chr18	42329150	42329571	LINE/L2	1073	+	210	42329360	95072
chr18	75980778	76180778	harbor1	chr18	76033554	76033795	LINE/L2	445	+	120	76033674	52896
chr18	75980778	76180778	harbor1	chr18	76034338	76034856	LINE/L2	844	+	259	76034597	53819
chr18	75980778	76180778	harbor1	chr18	76064894	76065580	LINE/L2	515	+	343	76065237	84459
chr18	37157020	37357020	harbor1	chr18	37164101	37164253	LINE/L2	487	+	76	37164177	7157
chr18	37157020	37357020	harbor1	chr18	37183822	37184084	LINE/L2	664	+	131	37183953	26933
chr18	37157020	37357020	harbor1	chr18	37252220	37252847	LINE/L2	693	+	314	37252534	95514
chr18	21516089	21716089	harbor1	chr18	21527041	21527523	LINE/L2	485	+	241	21527282	11193
chr18	27730688	27930688	harbor1	chr18	27775103	27775550	LINE/L2	582	+	224	27775327	44639
chr18	27730688	27930688	harbor1	chr18	27826710	27827214	LINE/L2	1174	+	252	27826962	96274
chr18	53109811	53309811	harbor1	chr18	53139924	53140039	LINE/L2	424	+	58	53139982	30171
chr18	53109811	53309811	harbor1	chr18	53160181	53161843	LINE/L2	3363	+	831	53161012	51201
chr18	53109811	53309811	harbor1	chr18	53162329	53162966	LINE/L2	935	+	318	53162647	52836
chr18	53109811	53309811	harbor1	chr18	53192863	53193321	LINE/L2	487	+	229	53193092	83281
chr18	40089458	40289458	harbor1	chr18	40171730	40172798	LINE/L2	646	+	534	40172264	82806
chr18	63463590	63663590	harbor1	chr18	63556731	63557342	LINE/L2	1494	+	306	63557037	93447
chr18	35931463	36131463	harbor1	chr18	35973081	35973595	LINE/L2	429	+	257	35973338	41875
chr18	35931463	36131463	harbor1	chr18	35973603	35973639	LINE/L2	479	+	18	35973621	42158
chr18	35931463	36131463	harbor1	chr18	35973893	35973954	LINE/L2	479	+	30	35973923	42460
chr18	35931463	36131463	harbor1	chr18	35973956	35974395	LINE/L2	629	+	220	35974176	42713
chr18	77509509	77709509	harbor1	chr18	77546045	77546269	LINE/L2	417	+	112	77546157	36648
chr18	77509509	77709509	harbor1	chr18	77546577	77546619	LINE/L2	417	+	21	77546598	37089
chr18	714665	914665	harbor1	chr18	753786	754424	LINE/L2	985	+	319	754105	39440
chr18	714665	914665	harbor1	chr18	754731	754946	LINE/L2	436	+	108	754839	40174
chr18	714665	914665	harbor1	chr18	773809	773831	LINE/L2	2516	+	11	773820	59155
chr18	714665	914665	harbor1	chr18	774131	774977	LINE/L2	2516	+	423	774554	59889
chr18	37467285	37667285	harbor1	chr18	37487916	37488423	LINE/L2	816	+	254	37488170	20885
chr18	37467285	37667285	harbor1	chr18	37541108	37542071	LINE/L2	1323	+	482	37541590	74305
chr18	52895766	53095766	harbor1	chr18	52938742	52939505	LINE/L2	708	+	382	52939124	43358
chr18	52895766	53095766	harbor1	chr18	52969027	52969437	LINE/L2	492	+	205	52969232	73466
chr18	2500231	2700231	harbor1	chr18	2522468	2522892	LINE/L2	901	+	212	2522680	22449
chr18	2500231	2700231	harbor1	chr18	2528867	2529240	LINE/L2	928	+	186	2529053	28822
chr18	54816422	55016422	harbor1	chr18	54885277	54885484	LINE/L2	551	+	104	54885381	68959
chr18	54816422	55016422	harbor1	chr18	54886112	54886400	LINE/L2	650	+	144	54886256	69834
chr18	54816422	55016422	harbor1	chr18	54897148	54897416	LINE/L2	544	+	134	54897282	80860
chr18	54816422	55016422	harbor1	chr18	54913927	54914165	LINE/L2	653	+	119	54914046	97624
chr18	60020517	60220517	harbor1	chr18	60086622	60086754	LINE/L2	560	+	66	60086688	66171
chr18	60020517	60220517	harbor1	chr18	60098682	60099134	LINE/L2	791	+	226	60098908	78391
chr18	7142668	7342668	harbor1	chr18	7184196	7185163	LINE/L2	1178	+	484	7184680	42012
chr18	21118813	21318813	harbor1	chr18	21195972	21196153	LINE/L2	413	+	90	21196062	77249
chr18	21118813	21318813	harbor1	chr18	21214447	21214653	LINE/L2	453	+	103	21214550	95737
chr18	21118813	21318813	harbor1	chr18	21214954	21215050	LINE/L2	453	+	48	21215002	96189
chr18	54700461	54900461	harbor1	chr18	54708767	54709104	LINE/L2	692	+	168	54708935	8474
chr18	54700461	54900461	harbor1	chr18	54762480	54762928	LINE/L2	832	+	224	54762704	62243
chr18	54700461	54900461	harbor1	chr18	54774750	54774987	LINE/L2	488	+	118	54774868	74407
chr18	54700461	54900461	harbor1	chr18	54784855	54785105	LINE/L2	1032	+	125	54784980	84519
chr18	54700461	54900461	harbor1	chr18	54785402	54785739	LINE/L2	1032	+	168	54785570	85109
chr18	46854643	47054643	harbor1	chr18	46938539	46938832	LINE/L2	462	+	146	46938685	84042
chr18	46854643	47054643	harbor1	chr18	46949196	46949244	LINE/L2	691	+	24	46949220	94577
chr18	46854643	47054643	harbor1	chr18	46949546	46950087	LINE/L2	691	+	270	46949816	95173
chr18	49904717	50104717	harbor1	chr18	49993678	49994329	LINE/L2	500	+	326	49994004	89287
chr19	47482549	47682549	harbor1	chr19	47538953	47539260	LINE/L2	1163	+	154	47539107	56558
chr19	41216457	41416457	harbor1	chr19	41314566	41314718	LINE/L2	1094	+	76	41314642	98185
chr19	41216457	41416457	harbor1	chr19	41316108	41316321	LINE/L2	1094	+	106	41316214	99757
chr19	37863097	38063097	harbor1	chr19	37933150	37933572	LINE/L2	1093	+	211	37933361	70264
chr19	13154689	13354689	harbor1	chr19	13212833	13213638	LINE/L2	1480	+	402	13213235	58546
chr19	49773314	49973314	harbor1	chr19	49790923	49791170	LINE/L2	706	+	124	49791047	17733
chr19	14273712	14473712	harbor1	chr19	14291420	14291762	LINE/L2	826	+	171	14291591	17879
chr19	37808839	38008839	harbor1	chr19	37856499	37856896	LINE/L2	3490	+	198	37856697	47858
chr19	37808839	38008839	harbor1	chr19	37857195	37857807	LINE/L2	3490	+	306	37857501	48662
chr19	37808839	38008839	harbor1	chr19	37858102	37858832	LINE/L2	3490	+	365	37858467	49628
chr19	438737	638737	harbor1	chr19	499011	499381	LINE/L2	823	+	185	499196	60459
chr19	7606133	7806133	harbor1	chr19	7614648	7615078	LINE/L2	822	+	215	7614863	8730
chr19	7562915	7762915	harbor1	chr19	7614648	7615078	LINE/L2	822	+	215	7614863	51948
chr19	35210497	35410497	harbor1	chr19	35225897	35226181	LINE/L2	804	+	142	35226039	15542
chr19	35210497	35410497	harbor1	chr19	35226492	35226617	LINE/L2	804	+	62	35226554	16057
chr19	38724921	38924921	harbor1	chr19	38809972	38810161	LINE/L2	1248	+	94	38810066	85145
chr19	38724921	38924921	harbor1	chr19	38810777	38810899	LINE/L2	1248	+	61	38810838	85917
chr19	38724921	38924921	harbor1	chr19	38811201	38811335	LINE/L2	1248	+	67	38811268	86347
chr19	38724921	38924921	harbor1	chr19	38819292	38819595	LINE/L2	740	+	152	38819444	94523
chr19	56325301	56525301	harbor1	chr19	56403620	56403825	LINE/L2	633	+	102	56403722	78421
chr19	56325301	56525301	harbor1	chr19	56408754	56409282	LINE/L2	920	+	264	56409018	83717
chr19	56325301	56525301	harbor1	chr19	56424285	56424703	LINE/L2	881	+	209	56424494	99193
chr19	52389046	52589046	harbor1	chr19	52400825	52401296	LINE/L2	733	+	236	52401061	12015
chr19	52389046	52589046	harbor1	chr19	52455085	52455193	LINE/L2	674	+	54	52455139	66093
chr19	52389046	52589046	harbor1	chr19	52455495	52455745	LINE/L2	674	+	125	52455620	66574
chr19	53925332	54125332	harbor1	chr19	54003661	54003848	LINE/L2	971	+	94	54003755	78423
chr19	53925332	54125332	harbor1	chr19	54004518	54004868	LINE/L2	971	+	175	54004693	79361
chr19	13676657	13876657	harbor1	chr19	13775804	13775953	LINE/L2	917	+	74	13775878	99221
chr19	13676657	13876657	harbor1	chr19	13776278	13776884	LINE/L2	917	+	303	13776581	99924
chr19	54201927	54401927	harbor1	chr19	54217613	54218056	LINE/L2	675	+	222	54217835	15908
chr19	46019123	46219123	harbor1	chr19	46026023	46026974	LINE/L2	1048	+	476	46026499	7376
chr19	40965245	41165245	harbor1	chr19	41047968	41048406	LINE/L2	945	+	219	41048187	82942
chr19	40965245	41165245	harbor1	chr19	41048734	41048764	LINE/L2	743	+	15	41048749	83504
chr19	40965245	41165245	harbor1	chr19	41049065	41049403	LINE/L2	743	+	169	41049234	83989
chr19	34554775	34754775	harbor1	chr19	34591034	34592008	LINE/L2	900	+	487	34591521	36746
chr19	38936056	39136056	harbor1	chr19	38952357	38953017	LINE/L2	1659	+	330	38952687	16631
chr19	10702406	10902406	harbor1	chr19	10737215	10737486	LINE/L2	792	+	136	10737351	34945
chr19	10702406	10902406	harbor1	chr19	10737785	10737902	LINE/L2	792	+	58	10737843	35437
chr19	33921327	34121327	harbor1	chr19	33960070	33960316	LINE/L2	1356	+	123	33960193	38866
chr19	33921327	34121327	harbor1	chr19	33960629	33960861	LINE/L2	1356	+	116	33960745	39418
chr19	33921327	34121327	harbor1	chr19	33989616	33989939	LINE/L2	1141	+	162	33989778	68451
chr19	36376642	36576642	harbor1	chr19	36400527	36401654	LINE/L2	1211	+	564	36401091	24449
chr19	36376642	36576642	harbor1	chr19	36470024	36470628	LINE/L2	1144	+	302	36470326	93684
chr19	36376642	36576642	harbor1	chr19	36471233	36471743	LINE/L2	1144	+	255	36471488	94846
chr19	36376642	36576642	harbor1	chr19	36472040	36472135	LINE/L2	733	+	48	36472088	95446
chr19	14406728	14606728	harbor1	chr19	14415681	14415789	LINE/L2	802	+	54	14415735	9007
chr19	14406728	14606728	harbor1	chr19	14416087	14416408	LINE/L2	802	+	160	14416247	9519
chr19	14406728	14606728	harbor1	chr19	14494394	14494668	LINE/L2	765	+	137	14494531	87803
chr19	50805796	51005796	harbor1	chr19	50806085	50806467	LINE/L2	890	+	191	50806276	480
chr19	50805796	51005796	harbor1	chr19	50806768	50806877	LINE/L2	890	+	54	50806822	1026
chr19	34889044	35089044	harbor1	chr19	34962755	34963409	LINE/L2	854	+	327	34963082	74038
chr19	34737978	34937978	harbor1	chr19	34784938	34785479	LINE/L2	1039	+	270	34785208	47230
chr19	34737978	34937978	harbor1	chr19	34804567	34804734	LINE/L2	634	+	84	34804651	66673
chr19	34737978	34937978	harbor1	chr19	34805159	34805197	LINE/L2	634	+	19	34805178	67200
chr19	34737978	34937978	harbor1	chr19	34805495	34805728	LINE/L2	634	+	116	34805611	67633
chr19	34654273	34854273	harbor1	chr19	34679143	34679892	LINE/L2	735	+	374	34679517	25244
chr19	34654273	34854273	harbor1	chr19	34735374	34736139	LINE/L2	758	+	382	34735756	81483
chr19	28530660	28730660	harbor1	chr19	28590899	28590940	LINE/L2	822	+	20	28590919	60259
chr19	28530660	28730660	harbor1	chr19	28591720	28592607	LINE/L2	822	+	444	28592164	61504
chr19	28530660	28730660	harbor1	chr19	28594731	28595219	LINE/L2	917	+	244	28594975	64315
chr19	50968686	51168686	harbor1	chr19	50998259	50998537	LINE/L2	927	+	139	50998398	29712
chr19	50968686	51168686	harbor1	chr19	51054352	51054927	LINE/L2	1395	+	288	51054640	85954
chr19	50968686	51168686	harbor1	chr19	51061339	51061925	LINE/L2	1069	+	293	51061632	92946
chr19	50968686	51168686	harbor1	chr19	51062251	51062569	LINE/L2	696	+	159	51062410	93724
chr19	46808015	47008015	harbor1	chr19	46842221	46842485	LINE/L2	660	+	132	46842353	34338
chr19	46808015	47008015	harbor1	chr19	46842816	46843378	LINE/L2	707	+	281	46843097	35082
chr19	46808015	47008015	harbor1	chr19	46844212	46844511	LINE/L2	664	+	150	46844362	36347
chr19	46808015	47008015	harbor1	chr19	46900778	46901142	LINE/L2	862	+	182	46900960	92945
chr19	39817801	40017801	harbor1	chr19	39819081	39820032	LINE/L2	1256	+	476	39819557	1756
chr19	39817801	40017801	harbor1	chr19	39842863	39843254	LINE/L2	914	+	196	39843059	25258
chr19	39817801	40017801	harbor1	chr19	39844484	39844869	LINE/L2	1018	+	192	39844676	26875
chr19	39817801	40017801	harbor1	chr19	39848738	39849713	LINE/L2	2192	+	488	39849226	31425
chr19	39817801	40017801	harbor1	chr19	39916263	39916601	LINE/L2	817	+	169	39916432	98631
chr19	31369995	31569995	harbor1	chr19	31450021	31450626	LINE/L2	946	+	302	31450323	80328
chr19	45163908	45363908	harbor1	chr19	45241579	45241979	LINE/L2	889	+	200	45241779	77871
chr19	33867792	34067792	harbor1	chr19	33960070	33960316	LINE/L2	1356	+	123	33960193	92401
chr19	33867792	34067792	harbor1	chr19	33960629	33960861	LINE/L2	1356	+	116	33960745	92953
chr19	33134650	33334650	harbor1	chr19	33220347	33221414	LINE/L2	1825	+	534	33220881	86231
chr19	38125761	38325761	harbor1	chr19	38197397	38198336	LINE/L2	1025	+	470	38197867	72106
chr19	8304944	8504944	harbor1	chr19	8308608	8308853	LINE/L2	659	+	122	8308730	3786
chr19	56196735	56396735	harbor1	chr19	56266904	56267333	LINE/L2	944	+	214	56267118	70383
chr19	56394621	56594621	harbor1	chr19	56403620	56403825	LINE/L2	633	+	102	56403722	9101
chr19	56394621	56594621	harbor1	chr19	56408754	56409282	LINE/L2	920	+	264	56409018	14397
chr19	56394621	56594621	harbor1	chr19	56424285	56424703	LINE/L2	881	+	209	56424494	29873
chr19	56394621	56594621	harbor1	chr19	56483326	56484483	LINE/L2	640	+	578	56483904	89283
chr19	56394621	56594621	harbor1	chr19	56484498	56484888	LINE/L2	780	+	195	56484693	90072
chr19	17314753	17514753	harbor1	chr19	17353219	17353911	LINE/L2	1210	+	346	17353565	38812
chr19	33332835	33532835	harbor1	chr19	33345271	33345407	LINE/L2	627	+	68	33345339	12504
chr19	33332835	33532835	harbor1	chr19	33346478	33346644	LINE/L2	627	+	83	33346561	13726
chr19	22500253	22700253	harbor1	chr19	22556941	22557397	LINE/L2	1062	+	228	22557169	56916
chr19	34931680	35131680	harbor1	chr19	34962755	34963409	LINE/L2	854	+	327	34963082	31402
chr19	50999784	51199784	harbor1	chr19	51054352	51054927	LINE/L2	1395	+	288	51054640	54856
chr19	50999784	51199784	harbor1	chr19	51061339	51061925	LINE/L2	1069	+	293	51061632	61848
chr19	50999784	51199784	harbor1	chr19	51062251	51062569	LINE/L2	696	+	159	51062410	62626
chr19	50999784	51199784	harbor1	chr19	51069691	51070254	LINE/L2	1340	+	282	51069973	70189
chr19	50999784	51199784	harbor1	chr19	51070844	51071083	LINE/L2	804	+	120	51070964	71180
chr19	50999784	51199784	harbor1	chr19	51091945	51092875	LINE/L2	919	+	465	51092410	92626
chr19	50999784	51199784	harbor1	chr19	51093917	51094293	LINE/L2	760	+	188	51094105	94321
chr19	50999784	51199784	harbor1	chr19	51096659	51097271	LINE/L2	1193	+	306	51096965	97181
chr19	50999784	51199784	harbor1	chr19	51068821	51069173	LINE/L2	922	+	176	51068997	69213
chr19	29242996	29442996	harbor1	chr19	29296963	29297982	LINE/L2	871	+	510	29297473	54477
chr19	36439830	36639830	harbor1	chr19	36470024	36470628	LINE/L2	1144	+	302	36470326	30496
chr19	36439830	36639830	harbor1	chr19	36471233	36471743	LINE/L2	1144	+	255	36471488	31658
chr19	36439830	36639830	harbor1	chr19	36472040	36472135	LINE/L2	733	+	48	36472088	32258
chr19	36439830	36639830	harbor1	chr19	36522937	36523412	LINE/L2	1062	+	238	36523175	83345
chr19	43581101	43781101	harbor1	chr19	43604533	43604869	LINE/L2	1400	+	168	43604701	23600
chr19	43581101	43781101	harbor1	chr19	43605164	43605328	LINE/L2	1400	+	82	43605246	24145
chr19	43581101	43781101	harbor1	chr19	43605649	43605866	LINE/L2	699	+	108	43605757	24656
chr19	43581101	43781101	harbor1	chr19	43606154	43606194	LINE/L2	699	+	20	43606174	25073
chr19	43581101	43781101	harbor1	chr19	43606449	43606652	LINE/L2	699	+	102	43606551	25450
chr19	43581101	43781101	harbor1	chr19	43610031	43610198	LINE/L2	636	+	84	43610115	29014
chr19	43581101	43781101	harbor1	chr19	43610499	43610665	LINE/L2	636	+	83	43610582	29481
chr19	43581101	43781101	harbor1	chr19	43632065	43632802	LINE/L2	1680	+	368	43632433	51332
chr19	43581101	43781101	harbor1	chr19	43633374	43633598	LINE/L2	914	+	112	43633486	52385
chr19	43581101	43781101	harbor1	chr19	43657242	43657810	LINE/L2	1505	+	284	43657526	76425
chr19	52348960	52548960	harbor1	chr19	52400825	52401296	LINE/L2	733	+	236	52401061	52101
chr19	50589266	50789266	harbor1	chr19	50669943	50670787	LINE/L2	2386	+	422	50670365	81099
chr19	50589266	50789266	harbor1	chr19	50671092	50671168	LINE/L2	1263	+	38	50671130	81864
chr19	50589266	50789266	harbor1	chr19	50671483	50671701	LINE/L2	1263	+	109	50671592	82326
chr19	31358035	31558035	harbor1	chr19	31450021	31450626	LINE/L2	946	+	302	31450323	92288
chr19	40991912	41191912	harbor1	chr19	41047968	41048406	LINE/L2	945	+	219	41048187	56275
chr19	40991912	41191912	harbor1	chr19	41048734	41048764	LINE/L2	743	+	15	41048749	56837
chr19	40991912	41191912	harbor1	chr19	41049065	41049403	LINE/L2	743	+	169	41049234	57322
chr19	30168394	30368394	harbor1	chr19	30245000	30245474	LINE/L2	746	+	237	30245237	76843
chr19	44988977	45188977	harbor1	chr19	44996143	44996392	LINE/L2	708	+	124	44996267	7290
chr19	44988977	45188977	harbor1	chr19	44998120	44998551	LINE/L2	1172	+	216	44998336	9359
chr19	44988977	45188977	harbor1	chr19	45041562	45041987	LINE/L2	755	+	212	45041774	52797
chr19	44988977	45188977	harbor1	chr19	45046429	45046674	LINE/L2	837	+	122	45046551	57574
chr19	44988977	45188977	harbor1	chr19	45081534	45081615	LINE/L2	891	+	40	45081574	92597
chr19	44988977	45188977	harbor1	chr19	45081923	45082589	LINE/L2	891	+	333	45082256	93279
chr19	47474313	47674313	harbor1	chr19	47538953	47539260	LINE/L2	1163	+	154	47539107	64794
chr19	42209100	42409100	harbor1	chr19	42262023	42262188	LINE/L2	1087	+	82	42262105	53005
chr19	42209100	42409100	harbor1	chr19	42262578	42262870	LINE/L2	1087	+	146	42262724	53624
chr19	35066767	35266767	harbor1	chr19	35085449	35085939	LINE/L2	1095	+	245	35085694	18927
chr19	35066767	35266767	harbor1	chr19	35086265	35086379	LINE/L2	1095	+	57	35086322	19555
chr19	35066767	35266767	harbor1	chr19	35102672	35103055	LINE/L2	1141	+	192	35102864	36097
chr19	35066767	35266767	harbor1	chr19	35103353	35103474	LINE/L2	1141	+	60	35103413	36646
chr19	35066767	35266767	harbor1	chr19	35121566	35121833	LINE/L2	635	+	134	35121700	54933
chr19	35066767	35266767	harbor1	chr19	35122065	35122091	LINE/L2	635	+	13	35122078	55311
chr19	35066767	35266767	harbor1	chr19	35122485	35122706	LINE/L2	635	+	110	35122595	55828
chr19	43394710	43594710	harbor1	chr19	43429214	43429504	LINE/L2	1199	+	145	43429359	34649
chr19	43394710	43594710	harbor1	chr19	43429671	43429752	LINE/L2	1199	+	40	43429711	35001
chr19	43394710	43594710	harbor1	chr19	43482900	43483095	LINE/L2	701	+	98	43482998	88288
chr19	34694532	34894532	harbor1	chr19	34735374	34736139	LINE/L2	758	+	382	34735756	41224
chr19	34694532	34894532	harbor1	chr19	34784938	34785479	LINE/L2	1039	+	270	34785208	90676
chr19	52253216	52453216	harbor1	chr19	52272032	52272457	LINE/L2	665	+	212	52272244	19028
chr19	52253216	52453216	harbor1	chr19	52342406	52342520	LINE/L2	678	+	57	52342463	89247
chr19	52253216	52453216	harbor1	chr19	52342825	52343172	LINE/L2	678	+	174	52342999	89783
chr19	4482298	4682298	harbor1	chr19	4505721	4506421	LINE/L2	770	+	350	4506071	23773
chr19	4482298	4682298	harbor1	chr19	4518837	4519021	LINE/L2	641	+	92	4518929	36631
chr19	4482298	4682298	harbor1	chr19	4547576	4547919	LINE/L2	1032	+	172	4547748	65450
chr19	4482298	4682298	harbor1	chr19	4557686	4558016	LINE/L2	817	+	165	4557851	75553
chr19	4482298	4682298	harbor1	chr19	4567487	4568123	LINE/L2	1021	+	318	4567805	85507
chr19	4482298	4682298	harbor1	chr19	4576003	4576774	LINE/L2	1287	+	386	4576389	94091
chr19	41158657	41358657	harbor1	chr19	41214138	41214484	LINE/L2	883	+	173	41214311	55654
chr19	41158657	41358657	harbor1	chr19	41215134	41215261	LINE/L2	883	+	64	41215198	56541
chr19	56362587	56562587	harbor1	chr19	56403620	56403825	LINE/L2	633	+	102	56403722	41135
chr19	56362587	56562587	harbor1	chr19	56408754	56409282	LINE/L2	920	+	264	56409018	46431
chr19	56362587	56562587	harbor1	chr19	56424285	56424703	LINE/L2	881	+	209	56424494	61907
chr19	19305251	19505251	harbor1	chr19	19319296	19319450	LINE/L2	645	+	77	19319373	14122
chr19	19305251	19505251	harbor1	chr19	19319737	19319976	LINE/L2	645	+	120	19319857	14606
chr19	33204124	33404124	harbor1	chr19	33220347	33221414	LINE/L2	1825	+	534	33220881	16757
chr19	33204124	33404124	harbor1	chr19	33287700	33288293	LINE/L2	742	+	296	33287996	83872
chr19	11291347	11491347	harbor1	chr19	11309335	11309804	LINE/L2	1246	+	234	11309569	18222
chr19	11291347	11491347	harbor1	chr19	11370851	11371104	LINE/L2	812	+	126	11370977	79630
chr19	11291347	11491347	harbor1	chr19	11371408	11371597	LINE/L2	812	+	94	11371502	80155
chr19	40544923	40744923	harbor1	chr19	40639216	40639425	LINE/L2	913	+	104	40639320	94397
chr19	40544923	40744923	harbor1	chr19	40639695	40639924	LINE/L2	913	+	114	40639809	94886
chr19	51641907	51841907	harbor1	chr19	51662592	51662986	LINE/L2	1238	+	197	51662789	20882
chr19	51641907	51841907	harbor1	chr19	51705352	51705688	LINE/L2	785	+	168	51705520	63613
chr19	51641907	51841907	harbor1	chr19	51705996	51706315	LINE/L2	785	+	160	51706156	64249
chr19	51641907	51841907	harbor1	chr19	51715124	51715633	LINE/L2	712	+	254	51715378	73471
chr19	6894692	7094692	harbor1	chr19	6953803	6954092	LINE/L2	823	+	144	6953947	59255
chr19	6894692	7094692	harbor1	chr19	6957686	6957821	LINE/L2	681	+	68	6957754	63062
chr19	46561691	46761691	harbor1	chr19	46572106	46572275	LINE/L2	634	+	84	46572190	10499
chr19	46561691	46761691	harbor1	chr19	46606311	46606645	LINE/L2	688	+	167	46606478	44787
chr19	46561691	46761691	harbor1	chr19	46633195	46633499	LINE/L2	1033	+	152	46633347	71656
chr19	46561691	46761691	harbor1	chr19	46640740	46640989	LINE/L2	850	+	124	46640864	79173
chr19	46561691	46761691	harbor1	chr19	46642625	46642906	LINE/L2	973	+	140	46642765	81074
chr19	46561691	46761691	harbor1	chr19	46643191	46643244	LINE/L2	973	+	26	46643217	81526
chr19	46561691	46761691	harbor1	chr19	46643538	46643638	LINE/L2	973	+	50	46643588	81897
chr19	46561691	46761691	harbor1	chr19	46649998	46650127	LINE/L2	1242	+	64	46650062	88371
chr19	46561691	46761691	harbor1	chr19	46650712	46651032	LINE/L2	1242	+	160	46650872	89181
chr19	46561691	46761691	harbor1	chr19	46651381	46651542	LINE/L2	1242	+	80	46651461	89770
chr19	46561691	46761691	harbor1	chr19	46655093	46655329	LINE/L2	839	+	118	46655211	93520
chr19	46561691	46761691	harbor1	chr19	46655636	46655788	LINE/L2	839	+	76	46655712	94021
chr19	6756897	6956897	harbor1	chr19	6784884	6785178	LINE/L2	915	+	147	6785031	28134
chr19	6756897	6956897	harbor1	chr19	6785626	6785649	LINE/L2	915	+	12	6785638	28741
chr19	6756897	6956897	harbor1	chr19	6785960	6786236	LINE/L2	915	+	138	6786098	29201
chr19	6756897	6956897	harbor1	chr19	6796426	6796948	LINE/L2	1476	+	261	6796687	39790
chr19	49037446	49237446	harbor1	chr19	49084376	49084582	LINE/L2	913	+	103	49084479	47033
chr19	49037446	49237446	harbor1	chr19	49084893	49085054	LINE/L2	913	+	80	49084973	47527
chr19	41982887	42182887	harbor1	chr19	42032624	42032989	LINE/L2	662	+	182	42032806	49919
chr19	41982887	42182887	harbor1	chr19	42033700	42033717	LINE/L2	662	+	8	42033708	50821
chr19	41982887	42182887	harbor1	chr19	42034014	42034079	LINE/L2	662	+	32	42034046	51159
chr19	41982887	42182887	harbor1	chr19	42034403	42034503	LINE/L2	662	+	50	42034453	51566
chr19	41982887	42182887	harbor1	chr19	42041619	42042083	LINE/L2	763	+	232	42041851	58964
chr19	41982887	42182887	harbor1	chr19	42059699	42060162	LINE/L2	971	+	232	42059931	77044
chr19	41982887	42182887	harbor1	chr19	42060605	42061036	LINE/L2	1045	+	216	42060821	77934
chr19	29551748	29751748	harbor1	chr19	29612496	29612813	LINE/L2	936	+	158	29612654	60906
chr19	39765492	39965492	harbor1	chr19	39819081	39820032	LINE/L2	1256	+	476	39819557	54065
chr19	39765492	39965492	harbor1	chr19	39842863	39843254	LINE/L2	914	+	196	39843059	77567
chr19	39765492	39965492	harbor1	chr19	39844484	39844869	LINE/L2	1018	+	192	39844676	79184
chr19	39765492	39965492	harbor1	chr19	39848738	39849713	LINE/L2	2192	+	488	39849226	83734
chr19	10662765	10862765	harbor1	chr19	10737215	10737486	LINE/L2	792	+	136	10737351	74586
chr19	10662765	10862765	harbor1	chr19	10737785	10737902	LINE/L2	792	+	58	10737843	75078
chr19	15379445	15579445	harbor1	chr19	15447195	15447582	LINE/L2	1053	+	194	15447389	67944
chr19	15379445	15579445	harbor1	chr19	15463003	15463070	LINE/L2	679	+	34	15463037	83592
chr19	15379445	15579445	harbor1	chr19	15463393	15463559	LINE/L2	679	+	83	15463476	84031
chr19	58241878	58441878	harbor1	chr19	58324316	58324386	LINE/L2	782	+	35	58324351	82473
chr19	58241878	58441878	harbor1	chr19	58324599	58324874	LINE/L2	782	+	138	58324737	82859
chr19	58241878	58441878	harbor1	chr19	58325007	58325373	LINE/L2	782	+	183	58325190	83312
chr19	56915880	57115880	harbor1	chr19	57009903	57010358	LINE/L2	805	+	228	57010131	94251
chr19	56915880	57115880	harbor1	chr19	57015168	57015604	LINE/L2	706	+	218	57015386	99506
chr19	31392161	31592161	harbor1	chr19	31450021	31450626	LINE/L2	946	+	302	31450323	58162
chr19	38926373	39126373	harbor1	chr19	38952357	38953017	LINE/L2	1659	+	330	38952687	26314
chr19	13757844	13957844	harbor1	chr19	13775804	13775953	LINE/L2	917	+	74	13775878	18034
chr19	13757844	13957844	harbor1	chr19	13776278	13776884	LINE/L2	917	+	303	13776581	18737
chr19	29273097	29473097	harbor1	chr19	29296963	29297982	LINE/L2	871	+	510	29297473	24376
chr19	6080964	6280964	harbor1	chr19	6167889	6168583	LINE/L2	1143	+	347	6168236	87272
chr19	13200607	13400607	harbor1	chr19	13212833	13213638	LINE/L2	1480	+	402	13213235	12628
chr19	13200607	13400607	harbor1	chr19	13276161	13276621	LINE/L2	976	+	230	13276391	75784
chr19	13200607	13400607	harbor1	chr19	13278139	13278746	LINE/L2	1216	+	304	13278443	77836
chr19	13200607	13400607	harbor1	chr19	13299441	13299796	LINE/L2	1475	+	178	13299619	99012
chr19	13200607	13400607	harbor1	chr19	13300134	13300409	LINE/L2	1475	+	138	13300272	99665
chr19	33998189	34198189	harbor1	chr19	34065998	34066378	LINE/L2	1656	+	190	34066188	67999
chr19	33998189	34198189	harbor1	chr19	34066817	34067129	LINE/L2	1656	+	156	34066973	68784
chr19	33998189	34198189	harbor1	chr19	34067459	34067540	LINE/L2	1656	+	40	34067499	69310
chr19	33998189	34198189	harbor1	chr19	34094674	34094924	LINE/L2	665	+	125	34094799	96610
chr19	45740949	45940949	harbor1	chr19	45787662	45787785	LINE/L2	860	+	62	45787724	46775
chr19	45740949	45940949	harbor1	chr19	45788099	45788272	LINE/L2	860	+	86	45788185	47236
chr19	45740949	45940949	harbor1	chr19	45788454	45788646	LINE/L2	997	+	96	45788550	47601
chr19	45740949	45940949	harbor1	chr19	45788949	45789269	LINE/L2	997	+	160	45789109	48160
chr19	45740949	45940949	harbor1	chr19	45813117	45813350	LINE/L2	883	+	116	45813233	72284
chr19	45740949	45940949	harbor1	chr19	45813643	45813770	LINE/L2	883	+	64	45813707	72758
chr19	45740949	45940949	harbor1	chr19	45819462	45819725	LINE/L2	663	+	132	45819594	78645
chr19	34733123	34933123	harbor1	chr19	34735374	34736139	LINE/L2	758	+	382	34735756	2633
chr19	34733123	34933123	harbor1	chr19	34784938	34785479	LINE/L2	1039	+	270	34785208	52085
chr19	34733123	34933123	harbor1	chr19	34804567	34804734	LINE/L2	634	+	84	34804651	71528
chr19	34733123	34933123	harbor1	chr19	34805159	34805197	LINE/L2	634	+	19	34805178	72055
chr19	34733123	34933123	harbor1	chr19	34805495	34805728	LINE/L2	634	+	116	34805611	72488
chr19	35045426	35245426	harbor1	chr19	35047191	35047683	LINE/L2	740	+	246	35047437	2011
chr19	35045426	35245426	harbor1	chr19	35055948	35056437	LINE/L2	973	+	244	35056192	10766
chr19	35045426	35245426	harbor1	chr19	35085449	35085939	LINE/L2	1095	+	245	35085694	40268
chr19	35045426	35245426	harbor1	chr19	35086265	35086379	LINE/L2	1095	+	57	35086322	40896
chr19	35045426	35245426	harbor1	chr19	35102672	35103055	LINE/L2	1141	+	192	35102864	57438
chr19	35045426	35245426	harbor1	chr19	35103353	35103474	LINE/L2	1141	+	60	35103413	57987
chr19	35045426	35245426	harbor1	chr19	35121566	35121833	LINE/L2	635	+	134	35121700	76274
chr19	35045426	35245426	harbor1	chr19	35122065	35122091	LINE/L2	635	+	13	35122078	76652
chr19	35045426	35245426	harbor1	chr19	35122485	35122706	LINE/L2	635	+	110	35122595	77169
chr19	18214848	18414848	harbor1	chr19	18230547	18230925	LINE/L2	770	+	189	18230736	15888
chr19	18214848	18414848	harbor1	chr19	18235475	18235940	LINE/L2	804	+	232	18235707	20859
chr19	18214848	18414848	harbor1	chr19	18236515	18236779	LINE/L2	804	+	132	18236647	21799
chr19	2977483	3177483	harbor1	chr19	3031630	3031917	LINE/L2	725	+	144	3031774	54291
chr19	2977483	3177483	harbor1	chr19	3032538	3032678	LINE/L2	725	+	70	3032608	55125
chr19	31521870	31721870	harbor1	chr19	31559735	31560259	LINE/L2	696	+	262	31559997	38127
chr19	31521870	31721870	harbor1	chr19	31587571	31587864	LINE/L2	706	+	146	31587717	65847
chr19	9288968	9488968	harbor1	chr19	9336248	9336309	LINE/L2	688	+	30	9336278	47310
chr19	9288968	9488968	harbor1	chr19	9336615	9336764	LINE/L2	688	+	74	9336689	47721
chr19	4567421	4767421	harbor1	chr19	4567487	4568123	LINE/L2	1021	+	318	4567805	384
chr19	4567421	4767421	harbor1	chr19	4576003	4576774	LINE/L2	1287	+	386	4576389	8968
chr19	4567421	4767421	harbor1	chr19	4615690	4616067	LINE/L2	794	+	188	4615878	48457
chr19	43442362	43642362	harbor1	chr19	43482900	43483095	LINE/L2	701	+	98	43482998	40636
chr19	43442362	43642362	harbor1	chr19	43540527	43540865	LINE/L2	672	+	169	43540696	98334
chr19	14416662	14616662	harbor1	chr19	14494394	14494668	LINE/L2	765	+	137	14494531	77869
chr19	5150412	5350412	harbor1	chr19	5212524	5212561	LINE/L2	910	+	18	5212542	62130
chr19	5150412	5350412	harbor1	chr19	5212854	5213669	LINE/L2	910	+	408	5213262	62850
chr19	38911780	39111780	harbor1	chr19	38952357	38953017	LINE/L2	1659	+	330	38952687	40907
chr19	10462055	10662055	harbor1	chr19	10513022	10513683	LINE/L2	878	+	330	10513352	51297
chr19	10462055	10662055	harbor1	chr19	10550484	10550708	LINE/L2	710	+	112	10550596	88541
chr19	10462055	10662055	harbor1	chr19	10551002	10551033	LINE/L2	710	+	16	10551018	88963
chr19	10462055	10662055	harbor1	chr19	10551093	10551185	LINE/L2	710	+	46	10551139	89084
chr19	10462055	10662055	harbor1	chr19	10551720	10551863	LINE/L2	710	+	72	10551792	89737
chr19	2951870	3151870	harbor1	chr19	3031630	3031917	LINE/L2	725	+	144	3031774	79904
chr19	2951870	3151870	harbor1	chr19	3032538	3032678	LINE/L2	725	+	70	3032608	80738
chr19	44773951	44973951	harbor1	chr19	44794405	44794457	LINE/L2	679	+	26	44794431	20480
chr19	44773951	44973951	harbor1	chr19	44794763	44794924	LINE/L2	679	+	80	44794843	20892
chr19	44773951	44973951	harbor1	chr19	44795651	44795879	LINE/L2	679	+	114	44795765	21814
chr19	1546663	1746663	harbor1	chr19	1618053	1618774	LINE/L2	981	+	360	1618413	71750
chr19	12648347	12848347	harbor1	chr19	12686014	12686524	LINE/L2	873	+	255	12686269	37922
chr19	49692461	49892461	harbor1	chr19	49790923	49791170	LINE/L2	706	+	124	49791047	98586
chr19	31611601	31811601	harbor1	chr19	31684698	31685671	LINE/L2	1509	+	486	31685184	73583
chr19	31611601	31811601	harbor1	chr19	31710639	31710910	LINE/L2	1875	+	136	31710775	99174
chr19	31611601	31811601	harbor1	chr19	31711204	31711687	LINE/L2	1875	+	242	31711446	99845
chr19	13917557	14117557	harbor1	chr19	13921929	13921983	LINE/L2	1368	+	27	13921956	4399
chr19	13917557	14117557	harbor1	chr19	13922302	13922749	LINE/L2	1368	+	224	13922526	4969
chr19	13917557	14117557	harbor1	chr19	13924799	13925298	LINE/L2	691	+	250	13925049	7492
chr19	35022231	35222231	harbor1	chr19	35047191	35047683	LINE/L2	740	+	246	35047437	25206
chr19	35022231	35222231	harbor1	chr19	35055948	35056437	LINE/L2	973	+	244	35056192	33961
chr19	35022231	35222231	harbor1	chr19	35085449	35085939	LINE/L2	1095	+	245	35085694	63463
chr19	35022231	35222231	harbor1	chr19	35086265	35086379	LINE/L2	1095	+	57	35086322	64091
chr19	35022231	35222231	harbor1	chr19	35102672	35103055	LINE/L2	1141	+	192	35102864	80633
chr19	35022231	35222231	harbor1	chr19	35103353	35103474	LINE/L2	1141	+	60	35103413	81182
chr19	35022231	35222231	harbor1	chr19	35121566	35121833	LINE/L2	635	+	134	35121700	99469
chr19	35022231	35222231	harbor1	chr19	35122065	35122091	LINE/L2	635	+	13	35122078	99847
chr19	42004847	42204847	harbor1	chr19	42032624	42032989	LINE/L2	662	+	182	42032806	27959
chr19	42004847	42204847	harbor1	chr19	42033700	42033717	LINE/L2	662	+	8	42033708	28861
chr19	42004847	42204847	harbor1	chr19	42034014	42034079	LINE/L2	662	+	32	42034046	29199
chr19	42004847	42204847	harbor1	chr19	42034403	42034503	LINE/L2	662	+	50	42034453	29606
chr19	42004847	42204847	harbor1	chr19	42041619	42042083	LINE/L2	763	+	232	42041851	37004
chr19	42004847	42204847	harbor1	chr19	42059699	42060162	LINE/L2	971	+	232	42059931	55084
chr19	42004847	42204847	harbor1	chr19	42060605	42061036	LINE/L2	1045	+	216	42060821	55974
chr19	42004847	42204847	harbor1	chr19	42102878	42103407	LINE/L2	1016	+	264	42103142	98295
chr19	52221263	52421263	harbor1	chr19	52272032	52272457	LINE/L2	665	+	212	52272244	50981
chr19	47792511	47992511	harbor1	chr19	47871723	47871912	LINE/L2	1094	+	94	47871817	79306
chr19	47792511	47992511	harbor1	chr19	47872218	47872724	LINE/L2	1094	+	253	47872471	79960
chr19	55305174	55505174	harbor1	chr19	55357220	55357589	LINE/L2	696	+	184	55357404	52230
chr19	46010944	46210944	harbor1	chr19	46026023	46026974	LINE/L2	1048	+	476	46026499	15555
chr19	56370133	56570133	harbor1	chr19	56403620	56403825	LINE/L2	633	+	102	56403722	33589
chr19	56370133	56570133	harbor1	chr19	56408754	56409282	LINE/L2	920	+	264	56409018	38885
chr19	56370133	56570133	harbor1	chr19	56424285	56424703	LINE/L2	881	+	209	56424494	54361
chr19	10512676	10712676	harbor1	chr19	10513022	10513683	LINE/L2	878	+	330	10513352	676
chr19	10512676	10712676	harbor1	chr19	10550484	10550708	LINE/L2	710	+	112	10550596	37920
chr19	10512676	10712676	harbor1	chr19	10551002	10551033	LINE/L2	710	+	16	10551018	38342
chr19	10512676	10712676	harbor1	chr19	10551093	10551185	LINE/L2	710	+	46	10551139	38463
chr19	10512676	10712676	harbor1	chr19	10551720	10551863	LINE/L2	710	+	72	10551792	39116
chr19	28651332	28851332	harbor1	chr19	28746138	28747033	LINE/L2	857	+	448	28746586	95254
chr19	11403276	11603276	harbor1	chr19	11460082	11460819	LINE/L2	1625	+	368	11460450	57174
chr19	11403276	11603276	harbor1	chr19	11490697	11491136	LINE/L2	1032	+	220	11490917	87641
chr19	11403276	11603276	harbor1	chr19	11491506	11491592	LINE/L2	746	+	43	11491549	88273
chr19	11403276	11603276	harbor1	chr19	11491877	11492050	LINE/L2	746	+	86	11491963	88687
chr19	11403276	11603276	harbor1	chr19	11492343	11492356	LINE/L2	746	+	6	11492349	89073
chr19	11403276	11603276	harbor1	chr19	11492644	11492797	LINE/L2	746	+	76	11492720	89444
chr19	11403276	11603276	harbor1	chr19	11496444	11496585	LINE/L2	703	+	70	11496514	93238
chr19	11403276	11603276	harbor1	chr19	11496859	11497347	LINE/L2	1039	+	244	11497103	93827
chr19	7606343	7806343	harbor1	chr19	7614648	7615078	LINE/L2	822	+	215	7614863	8520
chr19	8935483	9135483	harbor1	chr19	9001659	9001789	LINE/L2	661	+	65	9001724	66241
chr19	8935483	9135483	harbor1	chr19	9002043	9002226	LINE/L2	661	+	92	9002135	66652
chr19	36324180	36524180	harbor1	chr19	36353237	36353418	LINE/L2	696	+	90	36353327	29147
chr19	36324180	36524180	harbor1	chr19	36353716	36353792	LINE/L2	696	+	38	36353754	29574
chr19	36324180	36524180	harbor1	chr19	36354388	36354708	LINE/L2	784	+	160	36354548	30368
chr19	36324180	36524180	harbor1	chr19	36354972	36355167	LINE/L2	784	+	98	36355070	30890
chr19	36324180	36524180	harbor1	chr19	36400527	36401654	LINE/L2	1211	+	564	36401091	76911
chr19	37397279	37597279	harbor1	chr19	37461608	37463230	LINE/L2	4693	+	811	37462419	65140
chr19	37397279	37597279	harbor1	chr19	37464766	37465454	LINE/L2	1314	+	344	37465110	67831
chr19	37397279	37597279	harbor1	chr19	37470484	37470692	LINE/L2	673	+	104	37470588	73309
chr19	37397279	37597279	harbor1	chr19	37471313	37471428	LINE/L2	673	+	58	37471371	74092
chr19	37397279	37597279	harbor1	chr19	37471459	37471914	LINE/L2	1354	+	228	37471687	74408
chr19	37397279	37597279	harbor1	chr19	37472204	37472380	LINE/L2	1354	+	88	37472292	75013
chr19	37397279	37597279	harbor1	chr19	37483052	37483548	LINE/L2	1111	+	248	37483300	86021
chr19	31486039	31686039	harbor1	chr19	31559735	31560259	LINE/L2	696	+	262	31559997	73958
chr19	11408349	11608349	harbor1	chr19	11460082	11460819	LINE/L2	1625	+	368	11460450	52101
chr19	11408349	11608349	harbor1	chr19	11490697	11491136	LINE/L2	1032	+	220	11490917	82568
chr19	11408349	11608349	harbor1	chr19	11491506	11491592	LINE/L2	746	+	43	11491549	83200
chr19	11408349	11608349	harbor1	chr19	11491877	11492050	LINE/L2	746	+	86	11491963	83614
chr19	11408349	11608349	harbor1	chr19	11492343	11492356	LINE/L2	746	+	6	11492349	84000
chr19	11408349	11608349	harbor1	chr19	11492644	11492797	LINE/L2	746	+	76	11492720	84371
chr19	11408349	11608349	harbor1	chr19	11496444	11496585	LINE/L2	703	+	70	11496514	88165
chr19	11408349	11608349	harbor1	chr19	11496859	11497347	LINE/L2	1039	+	244	11497103	88754
chr19	11408349	11608349	harbor1	chr19	11503066	11503508	LINE/L2	961	+	221	11503287	94938
chr19	1	185454	harbor1	chr19	81917	82239	LINE/L2	732	+	161	82078	82077
chr19	33238845	33438845	harbor1	chr19	33287700	33288293	LINE/L2	742	+	296	33287996	49151
chr19	33238845	33438845	harbor1	chr19	33328740	33328829	LINE/L2	804	+	44	33328784	89939
chr19	33238845	33438845	harbor1	chr19	33329141	33329979	LINE/L2	804	+	419	33329560	90715
chr19	39120163	39320163	harbor1	chr19	39142967	39143270	LINE/L2	755	+	152	39143119	22956
chr19	39120163	39320163	harbor1	chr19	39161424	39161959	LINE/L2	1160	+	268	39161692	41529
chr19	39120163	39320163	harbor1	chr19	39162568	39162801	LINE/L2	1160	+	116	39162684	42521
chr19	39120163	39320163	harbor1	chr19	39188932	39189400	LINE/L2	1238	+	234	39189166	69003
chr19	32512019	32712019	harbor1	chr19	32518600	32519099	LINE/L2	803	+	250	32518850	6831
chr19	93271	293271	harbor1	chr19	178232	178880	LINE/L2	1190	+	324	178556	85285
chr19	50757605	50957605	harbor1	chr19	50766375	50766440	LINE/L2	2097	+	32	50766407	8802
chr19	50757605	50957605	harbor1	chr19	50766554	50766612	LINE/L2	2097	+	29	50766583	8978
chr19	50757605	50957605	harbor1	chr19	50766904	50767649	LINE/L2	2097	+	372	50767276	9671
chr19	50757605	50957605	harbor1	chr19	50767943	50768050	LINE/L2	883	+	54	50767997	10392
chr19	50757605	50957605	harbor1	chr19	50768359	50768380	LINE/L2	883	+	10	50768369	10764
chr19	50757605	50957605	harbor1	chr19	50806085	50806467	LINE/L2	890	+	191	50806276	48671
chr19	50757605	50957605	harbor1	chr19	50806768	50806877	LINE/L2	890	+	54	50806822	49217
chr19	8977792	9177792	harbor1	chr19	9001659	9001789	LINE/L2	661	+	65	9001724	23932
chr19	8977792	9177792	harbor1	chr19	9002043	9002226	LINE/L2	661	+	92	9002135	24343
chr19	8977792	9177792	harbor1	chr19	9045270	9045392	LINE/L2	664	+	61	9045331	67539
chr19	8977792	9177792	harbor1	chr19	9046004	9046321	LINE/L2	664	+	158	9046162	68370
chr19	11660679	11860679	harbor1	chr19	11707710	11708030	LINE/L2	814	+	160	11707870	47191
chr19	11660679	11860679	harbor1	chr19	11708332	11708655	LINE/L2	814	+	162	11708494	47815
chr19	31578090	31778090	harbor1	chr19	31587571	31587864	LINE/L2	706	+	146	31587717	9627
chr19	5543445	5743445	harbor1	chr19	5564940	5565517	LINE/L2	1081	+	288	5565228	21783
chr19	13485073	13685073	harbor1	chr19	13545321	13545753	LINE/L2	633	+	216	13545537	60464
chr19	13485073	13685073	harbor1	chr19	13570646	13570699	LINE/L2	771	+	26	13570672	85599
chr19	13485073	13685073	harbor1	chr19	13571191	13571609	LINE/L2	771	+	209	13571400	86327
chr19	13485073	13685073	harbor1	chr19	13576091	13576524	LINE/L2	1204	+	216	13576307	91234
chr19	13485073	13685073	harbor1	chr19	13576650	13576697	LINE/L2	1204	+	24	13576674	91601
chr19	14353176	14553176	harbor1	chr19	14415681	14415789	LINE/L2	802	+	54	14415735	62559
chr19	14353176	14553176	harbor1	chr19	14416087	14416408	LINE/L2	802	+	160	14416247	63071
chr19	45739566	45939566	harbor1	chr19	45787662	45787785	LINE/L2	860	+	62	45787724	48158
chr19	45739566	45939566	harbor1	chr19	45788099	45788272	LINE/L2	860	+	86	45788185	48619
chr19	45739566	45939566	harbor1	chr19	45788454	45788646	LINE/L2	997	+	96	45788550	48984
chr19	45739566	45939566	harbor1	chr19	45788949	45789269	LINE/L2	997	+	160	45789109	49543
chr19	45739566	45939566	harbor1	chr19	45813117	45813350	LINE/L2	883	+	116	45813233	73667
chr19	45739566	45939566	harbor1	chr19	45813643	45813770	LINE/L2	883	+	64	45813707	74141
chr19	45739566	45939566	harbor1	chr19	45819462	45819725	LINE/L2	663	+	132	45819594	80028
chr19	30078968	30278968	harbor1	chr19	30135338	30135845	LINE/L2	971	+	254	30135592	56624
chr19	57906972	58106972	harbor1	chr19	57946247	57946722	LINE/L2	725	+	238	57946485	39513
chr19	54122449	54322449	harbor1	chr19	54195748	54195956	LINE/L2	835	+	104	54195852	73403
chr19	54122449	54322449	harbor1	chr19	54196270	54196391	LINE/L2	835	+	60	54196330	73881
chr19	54122449	54322449	harbor1	chr19	54217613	54218056	LINE/L2	675	+	222	54217835	95386
chr19	30095508	30295508	harbor1	chr19	30135338	30135845	LINE/L2	971	+	254	30135592	40084
chr19	6409173	6609173	harbor1	chr19	6498278	6498731	LINE/L2	836	+	226	6498504	89331
chr19	14114448	14314448	harbor1	chr19	14139925	14140329	LINE/L2	1114	+	202	14140127	25679
chr19	14114448	14314448	harbor1	chr19	14140635	14140710	LINE/L2	1114	+	38	14140673	26225
chr19	14114448	14314448	harbor1	chr19	14141029	14141205	LINE/L2	1114	+	88	14141117	26669
chr20	32550541	32750541	harbor1	chr20	32553098	32553298	LINE/L2	541	+	100	32553198	2657
chr20	32550541	32750541	harbor1	chr20	32553300	32553721	LINE/L2	964	+	210	32553510	2969
chr20	32550541	32750541	harbor1	chr20	32555015	32555219	LINE/L2	718	+	102	32555117	4576
chr20	32550541	32750541	harbor1	chr20	32555890	32556131	LINE/L2	718	+	120	32556010	5469
chr20	32550541	32750541	harbor1	chr20	32566547	32566965	LINE/L2	1401	+	209	32566756	16215
chr20	32550541	32750541	harbor1	chr20	32569740	32569908	LINE/L2	401	+	84	32569824	19283
chr20	32550541	32750541	harbor1	chr20	32591205	32591494	LINE/L2	886	+	144	32591349	40808
chr20	32550541	32750541	harbor1	chr20	32595261	32595586	LINE/L2	560	+	162	32595423	44882
chr20	32550541	32750541	harbor1	chr20	32597835	32597976	LINE/L2	785	+	70	32597905	47364
chr20	32550541	32750541	harbor1	chr20	32598269	32598567	LINE/L2	785	+	149	32598418	47877
chr20	32550541	32750541	harbor1	chr20	32600952	32601058	LINE/L2	411	+	53	32601005	50464
chr20	32550541	32750541	harbor1	chr20	32602074	32602862	LINE/L2	1091	+	394	32602468	51927
chr20	32550541	32750541	harbor1	chr20	32605690	32606418	LINE/L2	1091	+	364	32606054	55513
chr20	32550541	32750541	harbor1	chr20	32607223	32607604	LINE/L2	544	+	190	32607413	56872
chr20	32550541	32750541	harbor1	chr20	32608587	32608867	LINE/L2	442	+	140	32608727	58186
chr20	32550541	32750541	harbor1	chr20	32609625	32610073	LINE/L2	882	+	224	32609849	59308
chr20	32550541	32750541	harbor1	chr20	32614526	32615245	LINE/L2	474	+	360	32614886	64345
chr20	32550541	32750541	harbor1	chr20	32616736	32616893	LINE/L2	502	+	78	32616814	66273
chr20	32550541	32750541	harbor1	chr20	32617112	32617279	LINE/L2	477	+	84	32617196	66655
chr20	32550541	32750541	harbor1	chr20	32637473	32637758	LINE/L2	876	+	142	32637615	87074
chr20	37100629	37300629	harbor1	chr20	37158319	37158616	LINE/L2	694	+	148	37158467	57838
chr20	37100629	37300629	harbor1	chr20	37173288	37173656	LINE/L2	433	+	184	37173472	72843
chr20	37100629	37300629	harbor1	chr20	37174799	37175050	LINE/L2	795	+	126	37174925	74296
chr20	37100629	37300629	harbor1	chr20	37180649	37180949	LINE/L2	1040	+	150	37180799	80170
chr20	37100629	37300629	harbor1	chr20	37181244	37181420	LINE/L2	1040	+	88	37181332	80703
chr20	37100629	37300629	harbor1	chr20	37181719	37182049	LINE/L2	1009	+	165	37181884	81255
chr20	37100629	37300629	harbor1	chr20	37193196	37193281	LINE/L2	448	+	42	37193238	92609
chr20	9510451	9710451	harbor1	chr20	9541444	9541699	LINE/L2	613	+	128	9541572	31121
chr20	9510451	9710451	harbor1	chr20	9542068	9542299	LINE/L2	613	+	116	9542184	31733
chr20	9510451	9710451	harbor1	chr20	9554846	9555210	LINE/L2	647	+	182	9555028	44577
chr20	745667	945667	harbor1	chr20	821791	822057	LINE/L2	610	+	133	821924	76257
chr20	61037334	61237334	harbor1	chr20	61089740	61090287	LINE/L2	454	+	274	61090014	52680
chr20	61037334	61237334	harbor1	chr20	61093635	61093856	LINE/L2	630	+	110	61093745	56411
chr20	61037334	61237334	harbor1	chr20	61115447	61115589	LINE/L2	413	+	71	61115518	78184
chr20	61037334	61237334	harbor1	chr20	61132220	61132350	LINE/L2	485	+	65	61132285	94951
chr20	61037334	61237334	harbor1	chr20	61132741	61132830	LINE/L2	485	+	44	61132785	95451
chr20	12831940	13031940	harbor1	chr20	12862272	12863060	LINE/L2	1164	+	394	12862666	30726
chr20	12831940	13031940	harbor1	chr20	12900532	12900653	LINE/L2	414	+	60	12900592	68652
chr20	47896679	48096679	harbor1	chr20	47924009	47924127	LINE/L2	430	+	59	47924068	27389
chr20	47896679	48096679	harbor1	chr20	47924381	47924527	LINE/L2	544	+	73	47924454	27775
chr20	47896679	48096679	harbor1	chr20	47938319	47938491	LINE/L2	584	+	86	47938405	41726
chr20	47896679	48096679	harbor1	chr20	47947778	47947904	LINE/L2	586	+	63	47947841	51162
chr20	47896679	48096679	harbor1	chr20	47948639	47948683	LINE/L2	586	+	22	47948661	51982
chr20	47896679	48096679	harbor1	chr20	47952540	47952961	LINE/L2	605	+	210	47952750	56071
chr20	47896679	48096679	harbor1	chr20	47960667	47961302	LINE/L2	440	+	318	47960985	64306
chr20	47896679	48096679	harbor1	chr20	47970272	47970870	LINE/L2	1459	+	299	47970571	73892
chr20	295379	495379	harbor1	chr20	308154	308510	LINE/L2	482	+	178	308332	12953
chr20	295379	495379	harbor1	chr20	321594	321739	LINE/L2	593	+	72	321666	26287
chr20	295379	495379	harbor1	chr20	322042	322056	LINE/L2	593	+	7	322049	26670
chr20	295379	495379	harbor1	chr20	322322	322511	LINE/L2	593	+	94	322416	27037
chr20	295379	495379	harbor1	chr20	332151	332813	LINE/L2	1519	+	331	332482	37103
chr20	295379	495379	harbor1	chr20	333115	333381	LINE/L2	866	+	133	333248	37869
chr20	295379	495379	harbor1	chr20	345325	345590	LINE/L2	582	+	132	345457	50078
chr20	295379	495379	harbor1	chr20	356641	357429	LINE/L2	1486	+	394	357035	61656
chr20	295379	495379	harbor1	chr20	368742	369236	LINE/L2	2004	+	247	368989	73610
chr20	295379	495379	harbor1	chr20	369681	370095	LINE/L2	2004	+	207	369888	74509
chr20	295379	495379	harbor1	chr20	370397	370524	LINE/L2	973	+	64	370461	75082
chr20	295379	495379	harbor1	chr20	385696	385860	LINE/L2	450	+	82	385778	90399
chr20	295379	495379	harbor1	chr20	386164	386259	LINE/L2	450	+	48	386212	90833
chr20	54499841	54699841	harbor1	chr20	54520128	54520496	LINE/L2	1221	+	184	54520312	20471
chr20	54499841	54699841	harbor1	chr20	54520816	54521178	LINE/L2	1221	+	181	54520997	21156
chr20	54499841	54699841	harbor1	chr20	54540991	54541428	LINE/L2	1088	+	218	54541209	41368
chr20	54499841	54699841	harbor1	chr20	54541737	54542099	LINE/L2	1144	+	181	54541918	42077
chr20	54499841	54699841	harbor1	chr20	54542140	54542286	LINE/L2	1144	+	73	54542213	42372
chr20	54499841	54699841	harbor1	chr20	54556997	54557213	LINE/L2	569	+	108	54557105	57264
chr20	54499841	54699841	harbor1	chr20	54557532	54557943	LINE/L2	811	+	206	54557738	57897
chr20	35099396	35299396	harbor1	chr20	35114180	35114424	LINE/L2	494	+	122	35114302	14906
chr20	35099396	35299396	harbor1	chr20	35114709	35114730	LINE/L2	494	+	10	35114719	15323
chr20	35099396	35299396	harbor1	chr20	35116319	35116665	LINE/L2	624	+	173	35116492	17096
chr20	35099396	35299396	harbor1	chr20	35117798	35117955	LINE/L2	652	+	78	35117876	18480
chr20	35099396	35299396	harbor1	chr20	35118076	35118179	LINE/L2	446	+	52	35118128	18732
chr20	35099396	35299396	harbor1	chr20	35188451	35188576	LINE/L2	418	+	62	35188513	89117
chr20	40892260	41092260	harbor1	chr20	40906237	40906396	LINE/L2	430	+	80	40906317	14057
chr20	40892260	41092260	harbor1	chr20	40907652	40907771	LINE/L2	430	+	60	40907712	15452
chr20	40892260	41092260	harbor1	chr20	40927660	40927859	LINE/L2	457	+	100	40927760	35500
chr20	40892260	41092260	harbor1	chr20	40928157	40928283	LINE/L2	457	+	63	40928220	35960
chr20	40892260	41092260	harbor1	chr20	40967017	40967264	LINE/L2	410	+	124	40967141	74881
chr20	11128006	11328006	harbor1	chr20	11215971	11216319	LINE/L2	564	+	174	11216145	88139
chr20	16775678	16975678	harbor1	chr20	16776482	16777093	LINE/L2	1230	+	306	16776788	1110
chr20	16775678	16975678	harbor1	chr20	16829413	16829728	LINE/L2	486	+	158	16829571	53893
chr20	16775678	16975678	harbor1	chr20	16830040	16830419	LINE/L2	595	+	190	16830230	54552
chr20	16775678	16975678	harbor1	chr20	16832517	16833081	LINE/L2	1669	+	282	16832799	57121
chr20	8219152	8419152	harbor1	chr20	8288797	8289013	LINE/L2	552	+	108	8288905	69753
chr20	8219152	8419152	harbor1	chr20	8299427	8299848	LINE/L2	564	+	210	8299637	80485
chr20	40726298	40926298	harbor1	chr20	40741549	40741813	LINE/L2	446	+	132	40741681	15383
chr20	40726298	40926298	harbor1	chr20	40757990	40758189	LINE/L2	460	+	100	40758090	31792
chr20	40726298	40926298	harbor1	chr20	40758330	40758483	LINE/L2	807	+	76	40758406	32108
chr20	40726298	40926298	harbor1	chr20	40783706	40784205	LINE/L2	848	+	250	40783956	57658
chr20	40726298	40926298	harbor1	chr20	40786618	40786926	LINE/L2	737	+	154	40786772	60474
chr20	40726298	40926298	harbor1	chr20	40788611	40789014	LINE/L2	552	+	202	40788813	62515
chr20	40726298	40926298	harbor1	chr20	40802507	40802737	LINE/L2	411	+	115	40802622	76324
chr20	52274212	52474212	harbor1	chr20	52286265	52286620	LINE/L2	696	+	178	52286443	12231
chr20	52274212	52474212	harbor1	chr20	52286681	52286758	LINE/L2	696	+	38	52286719	12507
chr20	52274212	52474212	harbor1	chr20	52305279	52305506	LINE/L2	450	+	114	52305393	31181
chr20	52274212	52474212	harbor1	chr20	52372599	52373491	LINE/L2	1376	+	446	52373045	98833
chr20	52008519	52208519	harbor1	chr20	52104523	52104739	LINE/L2	530	+	108	52104631	96112
chr20	55794425	55994425	harbor1	chr20	55809904	55810637	LINE/L2	1322	+	366	55810270	15845
chr20	55794425	55994425	harbor1	chr20	55811016	55811163	LINE/L2	1322	+	74	55811090	16665
chr20	55794425	55994425	harbor1	chr20	55811227	55811457	LINE/L2	631	+	115	55811342	16917
chr20	55794425	55994425	harbor1	chr20	55811681	55811942	LINE/L2	631	+	130	55811811	17386
chr20	55794425	55994425	harbor1	chr20	55813213	55813496	LINE/L2	492	+	142	55813355	18930
chr20	55794425	55994425	harbor1	chr20	55836458	55836809	LINE/L2	405	+	176	55836634	42209
chr20	33291219	33491219	harbor1	chr20	33304679	33304793	LINE/L2	437	+	57	33304736	13517
chr20	33291219	33491219	harbor1	chr20	33309013	33309112	LINE/L2	487	+	50	33309063	17844
chr20	33291219	33491219	harbor1	chr20	33317542	33317981	LINE/L2	853	+	220	33317762	26543
chr20	45243742	45443742	harbor1	chr20	45280176	45280343	LINE/L2	631	+	84	45280260	36518
chr20	45243742	45443742	harbor1	chr20	45287513	45287717	LINE/L2	446	+	102	45287615	43873
chr20	16418786	16618786	harbor1	chr20	16430334	16430675	LINE/L2	652	+	170	16430504	11718
chr20	16418786	16618786	harbor1	chr20	16430683	16431506	LINE/L2	1483	+	412	16431095	12309
chr20	16418786	16618786	harbor1	chr20	16439115	16439616	LINE/L2	809	+	250	16439365	20579
chr20	16418786	16618786	harbor1	chr20	16486152	16486283	LINE/L2	524	+	66	16486218	67432
chr20	3988836	4188836	harbor1	chr20	4049725	4049757	LINE/L2	1359	+	16	4049741	60905
chr20	3988836	4188836	harbor1	chr20	4050109	4050908	LINE/L2	1359	+	400	4050509	61673
chr20	3988836	4188836	harbor1	chr20	4074768	4075048	LINE/L2	513	+	140	4074908	86072
chr20	3988836	4188836	harbor1	chr20	4085003	4085122	LINE/L2	534	+	60	4085063	96227
chr20	41427017	41627017	harbor1	chr20	41467919	41468105	LINE/L2	478	+	93	41468012	40995
chr20	41427017	41627017	harbor1	chr20	41468410	41468611	LINE/L2	478	+	100	41468510	41493
chr20	41427017	41627017	harbor1	chr20	41505665	41506662	LINE/L2	2281	+	498	41506163	79146
chr20	41427017	41627017	harbor1	chr20	41506771	41506888	LINE/L2	523	+	58	41506829	79812
chr20	46232914	46432914	harbor1	chr20	46235837	46236129	LINE/L2	997	+	146	46235983	3069
chr20	46232914	46432914	harbor1	chr20	46236309	46236488	LINE/L2	963	+	90	46236399	3485
chr20	46232914	46432914	harbor1	chr20	46238403	46239252	LINE/L2	1620	+	424	46238827	5913
chr20	46232914	46432914	harbor1	chr20	46271348	46272177	LINE/L2	1349	+	414	46271762	38848
chr20	46232914	46432914	harbor1	chr20	46275119	46275662	LINE/L2	1343	+	272	46275391	42477
chr20	46232914	46432914	harbor1	chr20	46288332	46289496	LINE/L2	2653	+	582	46288914	56000
chr20	46232914	46432914	harbor1	chr20	46289510	46289658	LINE/L2	416	+	74	46289584	56670
chr20	46232914	46432914	harbor1	chr20	46292628	46292916	LINE/L2	520	+	144	46292772	59858
chr20	46232914	46432914	harbor1	chr20	46292960	46293088	LINE/L2	520	+	64	46293024	60110
chr20	46232914	46432914	harbor1	chr20	46315628	46315964	LINE/L2	717	+	168	46315796	82882
chr20	53958343	54158343	harbor1	chr20	53996614	53997300	LINE/L2	404	+	343	53996957	38614
chr20	53958343	54158343	harbor1	chr20	53999540	53999732	LINE/L2	410	+	96	53999636	41293
chr20	53958343	54158343	harbor1	chr20	54038121	54038451	LINE/L2	410	+	165	54038286	79943
chr20	55856912	56056912	harbor1	chr20	55933044	55933502	LINE/L2	892	+	229	55933273	76361
chr20	55856912	56056912	harbor1	chr20	55946808	55946938	LINE/L2	422	+	65	55946873	89961
chr20	55856912	56056912	harbor1	chr20	55949368	55949747	LINE/L2	500	+	190	55949558	92646
chr20	30631167	30831167	harbor1	chr20	30680608	30680764	LINE/L2	410	+	78	30680686	49519
chr20	38160723	38360723	harbor1	chr20	38177534	38178229	LINE/L2	1846	+	348	38177882	17159
chr20	38160723	38360723	harbor1	chr20	38222697	38223420	LINE/L2	875	+	362	38223059	62336
chr20	38160723	38360723	harbor1	chr20	38231383	38231553	LINE/L2	435	+	85	38231468	70745
chr20	38160723	38360723	harbor1	chr20	38234219	38234521	LINE/L2	437	+	151	38234370	73647
chr20	38160723	38360723	harbor1	chr20	38238391	38238781	LINE/L2	1005	+	195	38238586	77863
chr20	38160723	38360723	harbor1	chr20	38246183	38246428	LINE/L2	999	+	122	38246305	85582
chr20	38160723	38360723	harbor1	chr20	38247273	38247550	LINE/L2	472	+	138	38247411	86688
chr20	48401914	48601914	harbor1	chr20	48409802	48410554	LINE/L2	1182	+	376	48410178	8264
chr20	48401914	48601914	harbor1	chr20	48415205	48415634	LINE/L2	560	+	214	48415419	13505
chr20	48401914	48601914	harbor1	chr20	48424373	48424863	LINE/L2	717	+	245	48424618	22704
chr20	48401914	48601914	harbor1	chr20	48462718	48463335	LINE/L2	587	+	308	48463026	61112
chr20	48401914	48601914	harbor1	chr20	48484891	48485361	LINE/L2	816	+	235	48485126	83212
chr20	48401914	48601914	harbor1	chr20	48485987	48486457	LINE/L2	1008	+	235	48486222	84308
chr20	48401914	48601914	harbor1	chr20	48487483	48487673	LINE/L2	604	+	95	48487578	85664
chr20	10030518	10230518	harbor1	chr20	10065808	10066400	LINE/L2	434	+	296	10066104	35586
chr20	52379422	52579422	harbor1	chr20	52399476	52399888	LINE/L2	494	+	206	52399682	20260
chr20	52379422	52579422	harbor1	chr20	52400801	52401075	LINE/L2	692	+	137	52400938	21516
chr20	52379422	52579422	harbor1	chr20	52457337	52457459	LINE/L2	458	+	61	52457398	77976
chr20	50997772	51197772	harbor1	chr20	51004940	51005433	LINE/L2	750	+	246	51005186	7414
chr20	50997772	51197772	harbor1	chr20	51012273	51012504	LINE/L2	503	+	116	51012389	14617
chr20	50997772	51197772	harbor1	chr20	51036472	51036757	LINE/L2	748	+	142	51036614	38842
chr20	50997772	51197772	harbor1	chr20	51040817	51042326	LINE/L2	2810	+	754	51041571	43799
chr20	50997772	51197772	harbor1	chr20	51074938	51075879	LINE/L2	574	+	470	51075408	77636
chr20	50997772	51197772	harbor1	chr20	51082909	51083210	LINE/L2	483	+	150	51083059	85287
chr20	58248545	58448545	harbor1	chr20	58294888	58295325	LINE/L2	574	+	218	58295106	46561
chr20	58248545	58448545	harbor1	chr20	58301526	58302076	LINE/L2	578	+	275	58301801	53256
chr20	58248545	58448545	harbor1	chr20	58331047	58331437	LINE/L2	495	+	195	58331242	82697
chr20	58248545	58448545	harbor1	chr20	58346008	58346380	LINE/L2	470	+	186	58346194	97649
chr20	58248545	58448545	harbor1	chr20	58346422	58346801	LINE/L2	459	+	190	58346612	98067
chr20	36003339	36203339	harbor1	chr20	36026359	36026994	LINE/L2	702	+	318	36026677	23338
chr20	36003339	36203339	harbor1	chr20	36054206	36054351	LINE/L2	1397	+	72	36054278	50939
chr20	36003339	36203339	harbor1	chr20	36054703	36054809	LINE/L2	1397	+	53	36054756	51417
chr20	36003339	36203339	harbor1	chr20	36055021	36055298	LINE/L2	1397	+	138	36055159	51820
chr20	36003339	36203339	harbor1	chr20	36055622	36056016	LINE/L2	1397	+	197	36055819	52480
chr20	36003339	36203339	harbor1	chr20	36056315	36056346	LINE/L2	569	+	16	36056331	52992
chr20	36003339	36203339	harbor1	chr20	36056650	36056758	LINE/L2	481	+	54	36056704	53365
chr20	36003339	36203339	harbor1	chr20	36096468	36096846	LINE/L2	748	+	189	36096657	93318
chr20	22038090	22238090	harbor1	chr20	22123333	22124115	LINE/L2	1333	+	391	22123724	85634
chr20	54215015	54415015	harbor1	chr20	54244433	54244660	LINE/L2	548	+	114	54244547	29532
chr20	54215015	54415015	harbor1	chr20	54245182	54245333	LINE/L2	548	+	76	54245258	30243
chr20	54215015	54415015	harbor1	chr20	54247534	54247824	LINE/L2	1049	+	145	54247679	32664
chr20	54215015	54415015	harbor1	chr20	54248042	54248531	LINE/L2	1429	+	244	54248286	33271
chr20	54215015	54415015	harbor1	chr20	54277628	54277852	LINE/L2	454	+	112	54277740	62725
chr20	54215015	54415015	harbor1	chr20	54295999	54296186	LINE/L2	685	+	94	54296093	81078
chr20	54215015	54415015	harbor1	chr20	54296564	54296894	LINE/L2	685	+	165	54296729	81714
chr20	52827509	53027509	harbor1	chr20	52834231	52834545	LINE/L2	570	+	157	52834388	6879
chr20	52827509	53027509	harbor1	chr20	52834697	52834961	LINE/L2	480	+	132	52834829	7320
chr20	52827509	53027509	harbor1	chr20	52840877	52841473	LINE/L2	654	+	298	52841175	13666
chr20	52827509	53027509	harbor1	chr20	52878256	52878482	LINE/L2	639	+	113	52878369	50860
chr20	52827509	53027509	harbor1	chr20	52879524	52879738	LINE/L2	639	+	107	52879631	52122
chr20	52827509	53027509	harbor1	chr20	52909768	52910280	LINE/L2	482	+	256	52910024	82515
chr20	52827509	53027509	harbor1	chr20	52922587	52922965	LINE/L2	645	+	189	52922776	95267
chr20	52827509	53027509	harbor1	chr20	52925196	52925327	LINE/L2	447	+	66	52925262	97753
chr20	52827509	53027509	harbor1	chr20	52925630	52925860	LINE/L2	447	+	115	52925745	98236
chr20	13475083	13675083	harbor1	chr20	13488531	13488995	LINE/L2	1281	+	232	13488763	13680
chr20	13475083	13675083	harbor1	chr20	13541509	13541737	LINE/L2	678	+	114	13541623	66540
chr20	13475083	13675083	harbor1	chr20	13556096	13557033	LINE/L2	848	+	468	13556564	81481
chr20	13475083	13675083	harbor1	chr20	13571453	13572231	LINE/L2	1386	+	389	13571842	96759
chr20	53709583	53909583	harbor1	chr20	53711467	53711618	LINE/L2	488	+	76	53711543	1960
chr20	53709583	53909583	harbor1	chr20	53763348	53763730	LINE/L2	462	+	191	53763539	53956
chr20	53709583	53909583	harbor1	chr20	53807000	53807480	LINE/L2	898	+	240	53807240	97657
chr20	53709583	53909583	harbor1	chr20	53807541	53807603	LINE/L2	898	+	31	53807572	97989
chr20	21489436	21689436	harbor1	chr20	21580661	21581338	LINE/L2	430	+	338	21580999	91563
chr20	21489436	21689436	harbor1	chr20	21581764	21582242	LINE/L2	430	+	239	21582003	92567
chr20	44313649	44513649	harbor1	chr20	44323266	44323396	LINE/L2	492	+	65	44323331	9682
chr20	44313649	44513649	harbor1	chr20	44355004	44355178	LINE/L2	552	+	87	44355091	41442
chr20	44313649	44513649	harbor1	chr20	44358957	44359174	LINE/L2	492	+	108	44359065	45416
chr20	44313649	44513649	harbor1	chr20	44369587	44369654	LINE/L2	563	+	34	44369621	55972
chr20	44313649	44513649	harbor1	chr20	44369913	44370014	LINE/L2	1347	+	50	44369963	56314
chr20	44313649	44513649	harbor1	chr20	44370327	44370727	LINE/L2	1347	+	200	44370527	56878
chr20	889859	1089859	harbor1	chr20	890494	891128	LINE/L2	776	+	317	890811	952
chr20	889859	1089859	harbor1	chr20	903255	903609	LINE/L2	758	+	177	903432	13573
chr20	889859	1089859	harbor1	chr20	905092	905376	LINE/L2	640	+	142	905234	15375
chr20	889859	1089859	harbor1	chr20	908254	908700	LINE/L2	649	+	223	908477	18618
chr20	889859	1089859	harbor1	chr20	914906	915701	LINE/L2	956	+	398	915304	25445
chr20	889859	1089859	harbor1	chr20	935822	936070	LINE/L2	1012	+	124	935946	46087
chr20	889859	1089859	harbor1	chr20	936726	936846	LINE/L2	1012	+	60	936786	46927
chr20	889859	1089859	harbor1	chr20	955307	955600	LINE/L2	443	+	146	955453	65594
chr20	889859	1089859	harbor1	chr20	965727	965930	LINE/L2	650	+	102	965829	75970
chr20	889859	1089859	harbor1	chr20	978955	979352	LINE/L2	616	+	198	979153	89294
chr20	889859	1089859	harbor1	chr20	979805	979982	LINE/L2	616	+	88	979893	90034
chr20	4199183	4399183	harbor1	chr20	4212886	4213259	LINE/L2	902	+	186	4213072	13889
chr20	4199183	4399183	harbor1	chr20	4229034	4229306	LINE/L2	837	+	136	4229170	29987
chr20	4199183	4399183	harbor1	chr20	4229699	4230386	LINE/L2	916	+	344	4230043	30860
chr20	52133261	52333261	harbor1	chr20	52195301	52195428	LINE/L2	507	+	64	52195365	62104
chr20	4288513	4488513	harbor1	chr20	4309520	4309757	LINE/L2	1473	+	118	4309638	21125
chr20	4288513	4488513	harbor1	chr20	4309783	4309935	LINE/L2	952	+	76	4309859	21346
chr20	4288513	4488513	harbor1	chr20	4355102	4355356	LINE/L2	819	+	127	4355229	66716
chr20	4288513	4488513	harbor1	chr20	4355771	4356259	LINE/L2	1351	+	244	4356015	67502
chr20	4288513	4488513	harbor1	chr20	4308803	4309214	LINE/L2	1473	+	206	4309009	20496
chr20	43649659	43849659	harbor1	chr20	43689408	43689825	LINE/L2	502	+	208	43689616	39957
chr20	43649659	43849659	harbor1	chr20	43742033	43742134	LINE/L2	745	+	50	43742083	92424
chr20	43649659	43849659	harbor1	chr20	43742602	43743434	LINE/L2	745	+	416	43743018	93359
chr20	32123577	32323577	harbor1	chr20	32126399	32126726	LINE/L2	487	+	164	32126563	2986
chr20	32123577	32323577	harbor1	chr20	32139208	32140106	LINE/L2	442	+	449	32139657	16080
chr20	32123577	32323577	harbor1	chr20	32200048	32200203	LINE/L2	504	+	78	32200126	76549
chr20	32123577	32323577	harbor1	chr20	32209028	32209516	LINE/L2	951	+	244	32209272	85695
chr20	48877355	49077355	harbor1	chr20	48877706	48877827	LINE/L2	584	+	60	48877766	411
chr20	48877355	49077355	harbor1	chr20	48878122	48878256	LINE/L2	584	+	67	48878189	834
chr20	48877355	49077355	harbor1	chr20	48895561	48895591	LINE/L2	465	+	15	48895576	18221
chr20	48877355	49077355	harbor1	chr20	48895896	48896130	LINE/L2	465	+	117	48896013	18658
chr20	48877355	49077355	harbor1	chr20	48897720	48898227	LINE/L2	2032	+	254	48897974	20619
chr20	48877355	49077355	harbor1	chr20	48898334	48898374	LINE/L2	2032	+	20	48898354	20999
chr20	48877355	49077355	harbor1	chr20	48898967	48899496	LINE/L2	2032	+	264	48899231	21876
chr20	48877355	49077355	harbor1	chr20	48899805	48899977	LINE/L2	1339	+	86	48899891	22536
chr20	48877355	49077355	harbor1	chr20	48901213	48901336	LINE/L2	499	+	62	48901275	23920
chr20	48877355	49077355	harbor1	chr20	48937127	48937340	LINE/L2	618	+	106	48937233	59878
chr20	48877355	49077355	harbor1	chr20	48922578	48922702	LINE/L2	645	+	62	48922640	45285
chr20	10985608	11185608	harbor1	chr20	11055239	11055650	LINE/L2	566	+	206	11055445	69837
chr20	17792169	17992169	harbor1	chr20	17792421	17792624	LINE/L2	410	+	102	17792523	354
chr20	17792169	17992169	harbor1	chr20	17861897	17862207	LINE/L2	847	+	155	17862052	69883
chr20	24247870	24447870	harbor1	chr20	24339274	24339901	LINE/L2	951	+	314	24339588	91718
chr20	38117564	38317564	harbor1	chr20	38147259	38147761	LINE/L2	623	+	251	38147510	29946
chr20	38117564	38317564	harbor1	chr20	38148565	38148900	LINE/L2	410	+	168	38148733	31169
chr20	38117564	38317564	harbor1	chr20	38149027	38149307	LINE/L2	548	+	140	38149167	31603
chr20	38117564	38317564	harbor1	chr20	38177534	38178229	LINE/L2	1846	+	348	38177882	60318
chr20	38278937	38478937	harbor1	chr20	38320363	38320661	LINE/L2	1186	+	149	38320512	41575
chr20	38278937	38478937	harbor1	chr20	38320699	38320836	LINE/L2	1186	+	68	38320767	41830
chr20	38278937	38478937	harbor1	chr20	38321316	38321652	LINE/L2	478	+	168	38321484	42547
chr20	38278937	38478937	harbor1	chr20	38376889	38377010	LINE/L2	448	+	60	38376949	98012
chr20	41770379	41970379	harbor1	chr20	41780622	41780961	LINE/L2	450	+	170	41780792	10413
chr20	8532838	8732838	harbor1	chr20	8547450	8547914	LINE/L2	470	+	232	8547682	14844
chr20	8532838	8732838	harbor1	chr20	8607013	8607604	LINE/L2	830	+	296	8607309	74471
chr20	8532838	8732838	harbor1	chr20	8616230	8616661	LINE/L2	686	+	216	8616446	83608
chr20	15172802	15372802	harbor1	chr20	15250634	15250927	LINE/L2	569	+	146	15250780	77978
chr20	15172802	15372802	harbor1	chr20	15266541	15266874	LINE/L2	590	+	166	15266707	93905
chr20	15172802	15372802	harbor1	chr20	15267175	15267479	LINE/L2	408	+	152	15267327	94525
chr20	53598138	53798138	harbor1	chr20	53599699	53600056	LINE/L2	505	+	178	53599877	1739
chr20	52368674	52568674	harbor1	chr20	52372599	52373491	LINE/L2	1376	+	446	52373045	4371
chr20	52368674	52568674	harbor1	chr20	52399476	52399888	LINE/L2	494	+	206	52399682	31008
chr20	52368674	52568674	harbor1	chr20	52400801	52401075	LINE/L2	692	+	137	52400938	32264
chr20	52368674	52568674	harbor1	chr20	52457337	52457459	LINE/L2	458	+	61	52457398	88724
chr20	3749752	3949752	harbor1	chr20	3764372	3764739	LINE/L2	456	+	184	3764556	14804
chr20	3749752	3949752	harbor1	chr20	3848711	3849207	LINE/L2	1129	+	248	3848959	99207
chr20	3749752	3949752	harbor1	chr20	3849494	3849877	LINE/L2	1129	+	192	3849686	99934
chr21	14701832	14901832	harbor1	chr21	14751128	14751633	LINE/L2	511	+	252	14751380	49548
chr21	45696881	45896881	harbor1	chr21	45714133	45714428	LINE/L2	788	+	148	45714281	17400
chr21	15699057	15899057	harbor1	chr21	15764936	15765176	LINE/L2	653	+	120	15765056	65999
chr21	22522653	22722653	harbor1	chr21	22533740	22534196	LINE/L2	743	+	228	22533968	11315
chr21	42083860	42283860	harbor1	chr21	42171011	42171188	LINE/L2	485	+	88	42171099	87239
chr21	31951876	32151876	harbor1	chr21	31986087	31987076	LINE/L2	621	+	494	31986581	34705
chr21	34627057	34827057	harbor1	chr21	34636908	34637048	LINE/L2	508	+	70	34636978	9921
chr21	34627057	34827057	harbor1	chr21	34637439	34637534	LINE/L2	508	+	48	34637487	10430
chr21	34627057	34827057	harbor1	chr21	34647291	34647728	LINE/L2	549	+	218	34647509	20452
chr21	10112149	10312149	harbor1	chr21	10142075	10142647	LINE/L2	894	+	286	10142361	30212
chr21	16346567	16546567	harbor1	chr21	16372545	16373189	LINE/L2	575	+	322	16372867	26300
chr21	16346567	16546567	harbor1	chr21	16441977	16442372	LINE/L2	498	+	198	16442175	95608
chr21	28917077	29117077	harbor1	chr21	28999040	28999998	LINE/L2	863	+	479	28999519	82442
chr21	30089444	30289444	harbor1	chr21	30118016	30118761	LINE/L2	681	+	372	30118388	28944
chr21	30089444	30289444	harbor1	chr21	30119269	30119698	LINE/L2	527	+	214	30119483	30039
chr21	30089444	30289444	harbor1	chr21	30152922	30153044	LINE/L2	548	+	61	30152983	63539
chr21	30089444	30289444	harbor1	chr21	30179778	30180003	LINE/L2	535	+	112	30179890	90446
chr21	24459332	24659332	harbor1	chr21	24477816	24478540	LINE/L2	625	+	362	24478178	18846
chr21	28827894	29027894	harbor1	chr21	28864487	28864820	LINE/L2	571	+	166	28864653	36759
chr21	28827894	29027894	harbor1	chr21	28864927	28865153	LINE/L2	571	+	113	28865040	37146
chr21	28827894	29027894	harbor1	chr21	28865467	28865851	LINE/L2	571	+	192	28865659	37765
chr21	26791196	26991196	harbor1	chr21	26838698	26838975	LINE/L2	579	+	138	26838836	47640
chr21	39405883	39605883	harbor1	chr21	39407658	39407781	LINE/L2	519	+	62	39407720	1837
chr21	39405883	39605883	harbor1	chr21	39436865	39437096	LINE/L2	546	+	116	39436981	31098
chr21	26760630	26960630	harbor1	chr21	26838698	26838975	LINE/L2	579	+	138	26838836	78206
chr21	29058413	29258413	harbor1	chr21	29071729	29072359	LINE/L2	531	+	315	29072044	13631
chr21	29058413	29258413	harbor1	chr21	29086931	29087470	LINE/L2	987	+	270	29087201	28788
chr21	29058413	29258413	harbor1	chr21	29098263	29098471	LINE/L2	533	+	104	29098367	39954
chr21	13248638	13448638	harbor1	chr21	13293775	13294163	LINE/L2	715	+	194	13293969	45331
chr21	13248638	13448638	harbor1	chr21	13294319	13294780	LINE/L2	1328	+	230	13294549	45911
chr21	13248638	13448638	harbor1	chr21	13315734	13316171	LINE/L2	709	+	218	13315952	67314
chr21	13248638	13448638	harbor1	chr21	13317684	13317806	LINE/L2	523	+	61	13317745	69107
chr22	38474943	38674943	harbor1	chr22	38508217	38508785	LINE/L2	653	+	284	38508501	33558
chr22	24972654	25172654	harbor1	chr22	24973695	24973856	LINE/L2	527	+	80	24973775	1121
chr22	24972654	25172654	harbor1	chr22	24992435	24992528	LINE/L2	440	+	46	24992481	19827
chr22	24972654	25172654	harbor1	chr22	25021370	25021620	LINE/L2	496	+	125	25021495	48841
chr22	25798460	25998460	harbor1	chr22	25805693	25806124	LINE/L2	720	+	216	25805909	7449
chr22	25798460	25998460	harbor1	chr22	25822093	25822575	LINE/L2	775	+	241	25822334	23874
chr22	25798460	25998460	harbor1	chr22	25881932	25882237	LINE/L2	616	+	152	25882084	83624
chr22	25798460	25998460	harbor1	chr22	25896939	25897274	LINE/L2	578	+	168	25897107	98647
chr22	34960747	35160747	harbor1	chr22	34987680	34988041	LINE/L2	728	+	180	34987860	27113
chr22	34960747	35160747	harbor1	chr22	35003850	35004011	LINE/L2	476	+	80	35003930	43183
chr22	34960747	35160747	harbor1	chr22	35018463	35018634	LINE/L2	509	+	86	35018549	57802
chr22	31630915	31830915	harbor1	chr22	31653903	31654155	LINE/L2	639	+	126	31654029	23114
chr22	31630915	31830915	harbor1	chr22	31656719	31656976	LINE/L2	443	+	128	31656847	25932
chr22	31630915	31830915	harbor1	chr22	31657983	31658127	LINE/L2	443	+	72	31658055	27140
chr22	27398645	27598645	harbor1	chr22	27400937	27401286	LINE/L2	807	+	174	27401111	2466
chr22	27398645	27598645	harbor1	chr22	27405091	27405484	LINE/L2	485	+	196	27405287	6642
chr22	27398645	27598645	harbor1	chr22	27428215	27428681	LINE/L2	611	+	233	27428448	29803
chr22	27398645	27598645	harbor1	chr22	27439299	27439597	LINE/L2	553	+	149	27439448	40803
chr22	27398645	27598645	harbor1	chr22	27456770	27457155	LINE/L2	432	+	192	27456962	58317
chr22	27398645	27598645	harbor1	chr22	27469778	27470063	LINE/L2	541	+	142	27469920	71275
chr22	27398645	27598645	harbor1	chr22	27487744	27488029	LINE/L2	647	+	142	27487886	89241
chr22	23536621	23736621	harbor1	chr22	23564477	23564970	LINE/L2	527	+	246	23564723	28102
chr22	23536621	23736621	harbor1	chr22	23609575	23610004	LINE/L2	721	+	214	23609789	73168
chr22	17057474	17257474	harbor1	chr22	17101344	17101584	LINE/L2	725	+	120	17101464	43990
chr22	50670269	50870269	harbor1	chr22	50702427	50702839	LINE/L2	838	+	206	50702633	32364
chr22	25044341	25244341	harbor1	chr22	25090865	25091030	LINE/L2	598	+	82	25090947	46606
chr22	25044341	25244341	harbor1	chr22	25118746	25119157	LINE/L2	448	+	206	25118952	74611
chr22	21702152	21902152	harbor1	chr22	21739534	21739984	LINE/L2	982	+	225	21739759	37607
chr22	21702152	21902152	harbor1	chr22	21740278	21740767	LINE/L2	982	+	244	21740522	38370
chr22	35207759	35407759	harbor1	chr22	35210983	35211280	LINE/L2	561	+	148	35211131	3372
chr22	35207759	35407759	harbor1	chr22	35211296	35211503	LINE/L2	495	+	104	35211400	3641
chr22	35207759	35407759	harbor1	chr22	35219725	35220128	LINE/L2	493	+	202	35219927	12168
chr22	35207759	35407759	harbor1	chr22	35254469	35254761	LINE/L2	544	+	146	35254615	46856
chr22	35207759	35407759	harbor1	chr22	35280488	35281078	LINE/L2	695	+	295	35280783	73024
chr22	15522096	15722096	harbor1	chr22	15560488	15560871	LINE/L2	483	+	192	15560680	38584
chr22	15522096	15722096	harbor1	chr22	15579459	15579800	LINE/L2	735	+	170	15579629	57533
chr22	24074093	24274093	harbor1	chr22	24077124	24077385	LINE/L2	757	+	130	24077254	3161
chr22	23731916	23931916	harbor1	chr22	23735807	23736133	LINE/L2	468	+	163	23735970	4054
chr22	45007269	45207269	harbor1	chr22	45094158	45094538	LINE/L2	487	+	190	45094348	87079
chr22	25299456	25499456	harbor1	chr22	25382718	25383320	LINE/L2	532	+	301	25383019	83563
chr22	10820773	11020773	harbor1	chr22	10869190	10869758	LINE/L2	520	+	284	10869474	48701
chr22	30277412	30477412	harbor1	chr22	30319022	30319438	LINE/L2	437	+	208	30319230	41818
chr22	30277412	30477412	harbor1	chr22	30343235	30343472	LINE/L2	541	+	118	30343353	65941
chr22	11831464	12031464	harbor1	chr22	11909556	11909959	LINE/L2	434	+	202	11909758	78294
chr22	41912210	42112210	harbor1	chr22	41939904	41940386	LINE/L2	663	+	241	41940145	27935
chr22	41912210	42112210	harbor1	chr22	41940678	41940778	LINE/L2	663	+	50	41940728	28518
chr22	41912210	42112210	harbor1	chr22	41982931	41983143	LINE/L2	538	+	106	41983037	70827
chr22	41912210	42112210	harbor1	chr22	41983372	41983963	LINE/L2	810	+	296	41983668	71458
chr22	30590009	30790009	harbor1	chr22	30665245	30665846	LINE/L2	468	+	300	30665545	75536
chr22	25698935	25898935	harbor1	chr22	25763477	25763801	LINE/L2	454	+	162	25763639	64704
chr22	25698935	25898935	harbor1	chr22	25775555	25775794	LINE/L2	512	+	120	25775675	76740
chr22	25698935	25898935	harbor1	chr22	25790474	25790638	LINE/L2	537	+	82	25790556	91621
chr22	20550945	20750945	harbor1	chr22	20647988	20648153	LINE/L2	578	+	82	20648070	97125
chr22	30404053	30604053	harbor1	chr22	30461716	30462019	LINE/L2	503	+	152	30461868	57815
chr22	31102681	31302681	harbor1	chr22	31149355	31149661	LINE/L2	543	+	153	31149508	46827
chr22	31102681	31302681	harbor1	chr22	31150391	31150422	LINE/L2	543	+	16	31150407	47726
chr22	41343391	41543391	harbor1	chr22	41391921	41392092	LINE/L2	558	+	86	41392007	48616
chr22	41343391	41543391	harbor1	chr22	41419548	41419816	LINE/L2	520	+	134	41419682	76291
chr22	21647382	21847382	harbor1	chr22	21667071	21667152	LINE/L2	533	+	40	21667111	19729
chr22	21647382	21847382	harbor1	chr22	21667454	21667640	LINE/L2	533	+	93	21667547	20165
chr22	21647382	21847382	harbor1	chr22	21739534	21739984	LINE/L2	982	+	225	21739759	92377
chr22	21647382	21847382	harbor1	chr22	21740278	21740767	LINE/L2	982	+	244	21740522	93140
chr22	34654208	34854208	harbor1	chr22	34712260	34712698	LINE/L2	741	+	219	34712479	58271
chr22	34654208	34854208	harbor1	chr22	34751627	34751782	LINE/L2	1701	+	78	34751705	97497
chr22	34654208	34854208	harbor1	chr22	34752086	34752811	LINE/L2	1701	+	362	34752448	98240
chr22	38178953	38378953	harbor1	chr22	38204409	38204518	LINE/L2	475	+	54	38204463	25510
chr22	38178953	38378953	harbor1	chr22	38248106	38248759	LINE/L2	1146	+	326	38248432	69479
chr22	38178953	38378953	harbor1	chr22	38273600	38274055	LINE/L2	1716	+	228	38273828	94875
chr22	38178953	38378953	harbor1	chr22	38274374	38274391	LINE/L2	1716	+	8	38274382	95429
chr22	38178953	38378953	harbor1	chr22	38274683	38275089	LINE/L2	1716	+	203	38274886	95933
chr22	38178953	38378953	harbor1	chr22	38275387	38275459	LINE/L2	924	+	36	38275423	96470
chr22	38178953	38378953	harbor1	chr22	38275783	38275811	LINE/L2	924	+	14	38275797	96844
chr22	41929738	42129738	harbor1	chr22	41939904	41940386	LINE/L2	663	+	241	41940145	10407
chr22	41929738	42129738	harbor1	chr22	41940678	41940778	LINE/L2	663	+	50	41940728	10990
chr22	41929738	42129738	harbor1	chr22	41982931	41983143	LINE/L2	538	+	106	41983037	53299
chr22	41929738	42129738	harbor1	chr22	41983372	41983963	LINE/L2	810	+	296	41983668	53930
chr22	16657817	16857817	harbor1	chr22	16726570	16727468	LINE/L2	424	+	449	16727019	69202
chr22	25881652	26081652	harbor1	chr22	25881932	25882237	LINE/L2	616	+	152	25882084	432
chr22	25881652	26081652	harbor1	chr22	25896939	25897274	LINE/L2	578	+	168	25897107	15455
chr22	25881652	26081652	harbor1	chr22	25904025	25904309	LINE/L2	522	+	142	25904167	22515
chr22	25881652	26081652	harbor1	chr22	25943281	25943706	LINE/L2	522	+	212	25943493	61841
chr22	25881652	26081652	harbor1	chr22	25949174	25949295	LINE/L2	456	+	60	25949234	67582
chr22	34650226	34850226	harbor1	chr22	34712260	34712698	LINE/L2	741	+	219	34712479	62253
chr22	44513119	44713119	harbor1	chr22	44584135	44584523	LINE/L2	574	+	194	44584329	71210
chr22	44513119	44713119	harbor1	chr22	44585569	44586340	LINE/L2	1097	+	386	44585955	72836
chr22	16649737	16849737	harbor1	chr22	16726570	16727468	LINE/L2	424	+	449	16727019	77282
chrX	104453727	104653727	harbor1	chrX	104489909	104490395	LINE/L2	568	+	243	104490152	36425
chrX	104453727	104653727	harbor1	chrX	104511038	104511365	LINE/L2	618	+	164	104511202	57475
chrX	104453727	104653727	harbor1	chrX	104544039	104544549	LINE/L2	1448	+	255	104544294	90567
chrX	104453727	104653727	harbor1	chrX	104545869	104546117	LINE/L2	904	+	124	104545993	92266
chrX	138945206	139145206	harbor1	chrX	138965136	138965431	LINE/L2	682	+	148	138965284	20078
chrX	138945206	139145206	harbor1	chrX	138968854	138968986	LINE/L2	503	+	66	138968920	23714
chrX	120441822	120641822	harbor1	chrX	120464569	120464748	LINE/L2	823	+	90	120464659	22837
chrX	120441822	120641822	harbor1	chrX	120465043	120465207	LINE/L2	823	+	82	120465125	23303
chrX	120441822	120641822	harbor1	chrX	120482828	120483292	LINE/L2	1421	+	232	120483060	41238
chrX	120441822	120641822	harbor1	chrX	120499634	120499936	LINE/L2	733	+	151	120499785	57963
chrX	70886401	71086401	harbor1	chrX	70924803	70925026	LINE/L2	684	+	112	70924915	38514
chrX	12236283	12436283	harbor1	chrX	12260021	12261135	LINE/L2	569	+	557	12260578	24295
chrX	12236283	12436283	harbor1	chrX	12291178	12291960	LINE/L2	800	+	391	12291569	55286
chrX	77439260	77639260	harbor1	chrX	77537313	77537503	LINE/L2	542	+	95	77537408	98148
chrX	83114404	83314404	harbor1	chrX	83135610	83136003	LINE/L2	710	+	196	83135806	21402
chrX	93138540	93338540	harbor1	chrX	93227718	93228165	LINE/L2	893	+	224	93227942	89402
