H_chr	H_start	H_end	Harbor	TE_chr	TE_start	TE_end	TE	score	TE_strand	TE_half	TE_middle_pos	TE_dis
chr1	38045254	38245254	harbor1	chr1	38101814	38102303	LINE/CR1	648	+	244	38102058	56804
chr1	38045254	38245254	harbor1	chr1	38112868	38113084	LINE/CR1	417	+	108	38112976	67722
chr1	47107050	47307050	harbor1	chr1	47200539	47200792	LINE/CR1	424	+	126	47200665	93615
chr1	201026708	201226708	harbor1	chr1	201049410	201049778	LINE/CR1	543	+	184	201049594	22886
chr1	4794226	4994226	harbor1	chr1	4804516	4804833	LINE/CR1	615	+	158	4804674	10448
chr1	28884288	29084288	harbor1	chr1	28967346	28967486	LINE/CR1	456	+	70	28967416	83128
chr1	103645883	103845883	harbor1	chr1	103690175	103690594	LINE/CR1	459	+	210	103690385	44502
chr1	25316005	25516005	harbor1	chr1	25328606	25328788	LINE/CR1	553	+	91	25328697	12692
chr1	181849301	182049301	harbor1	chr1	181898900	181899222	LINE/CR1	704	+	161	181899061	49760
chr1	181849301	182049301	harbor1	chr1	181934706	181935301	LINE/CR1	744	+	298	181935004	85703
chr1	177311812	177511812	harbor1	chr1	177395630	177395891	LINE/CR1	631	+	130	177395760	83948
chr1	116667850	116867850	harbor1	chr1	116707788	116708249	LINE/CR1	564	+	230	116708018	40168
chr1	116667850	116867850	harbor1	chr1	116708730	116709111	LINE/CR1	595	+	190	116708920	41070
chr1	116667850	116867850	harbor1	chr1	116709414	116709519	LINE/CR1	417	+	52	116709466	41616
chr1	116667850	116867850	harbor1	chr1	116712108	116712425	LINE/CR1	995	+	158	116712266	44416
chr1	116667850	116867850	harbor1	chr1	116713027	116713119	LINE/CR1	995	+	46	116713073	45223
chr1	116667850	116867850	harbor1	chr1	116727841	116728043	LINE/CR1	580	+	101	116727942	60092
chr1	64770902	64970902	harbor1	chr1	64808940	64809368	LINE/CR1	793	+	214	64809154	38252
chr1	64770902	64970902	harbor1	chr1	64815736	64816016	LINE/CR1	501	+	140	64815876	44974
chr1	64770902	64970902	harbor1	chr1	64859081	64859467	LINE/CR1	680	+	193	64859274	88372
chr1	175248650	175448650	harbor1	chr1	175324952	175325229	LINE/CR1	532	+	138	175325090	76440
chr1	65360987	65560987	harbor1	chr1	65381607	65383201	LINE/CR1	2055	+	797	65382404	21417
chr1	65360987	65560987	harbor1	chr1	65424296	65424520	LINE/CR1	586	+	112	65424408	63421
chr1	201542207	201742207	harbor1	chr1	201625275	201625446	LINE/CR1	432	+	86	201625361	83154
chr1	55874565	56074565	harbor1	chr1	55907811	55908204	LINE/CR1	625	+	196	55908007	33442
chr1	55874565	56074565	harbor1	chr1	55945142	55945531	LINE/CR1	417	+	194	55945336	70771
chr1	61547258	61747258	harbor1	chr1	61581838	61582024	LINE/CR1	741	+	93	61581931	34673
chr1	61547258	61747258	harbor1	chr1	61582341	61583640	LINE/CR1	741	+	650	61582991	35733
chr1	179379132	179579132	harbor1	chr1	179427923	179428313	LINE/CR1	443	+	195	179428118	48986
chr1	118267868	118467868	harbor1	chr1	118271687	118271898	LINE/CR1	646	+	106	118271793	3925
chr1	56036486	56236486	harbor1	chr1	56094701	56095006	LINE/CR1	429	+	152	56094853	58367
chr1	66900725	67100725	harbor1	chr1	66927623	66927885	LINE/CR1	661	+	131	66927754	27029
chr1	48815287	49015287	harbor1	chr1	48824650	48824868	LINE/CR1	444	+	109	48824759	9472
chr1	36885394	37085394	harbor1	chr1	36936110	36936506	LINE/CR1	511	+	198	36936308	50914
chr1	36885394	37085394	harbor1	chr1	36936783	36937421	LINE/CR1	554	+	319	36937102	51708
chr1	80182806	80382806	harbor1	chr1	80269928	80270303	LINE/CR1	455	+	188	80270116	87310
chr1	240463778	240663778	harbor1	chr1	240509916	240510043	LINE/CR1	442	+	64	240509980	46202
chr1	150609374	150809374	harbor1	chr1	150706111	150706225	LINE/CR1	483	+	57	150706168	96794
chr1	40991371	41191371	harbor1	chr1	41040312	41040582	LINE/CR1	593	+	135	41040447	49076
chr1	40991371	41191371	harbor1	chr1	41040895	41041086	LINE/CR1	593	+	96	41040991	49620
chr1	98661384	98861384	harbor1	chr1	98665206	98665485	LINE/CR1	616	+	140	98665346	3962
chr1	98661384	98861384	harbor1	chr1	98668615	98668921	LINE/CR1	512	+	153	98668768	7384
chr1	98661384	98861384	harbor1	chr1	98743909	98744764	LINE/CR1	556	+	428	98744337	82953
chr1	207408421	207608421	harbor1	chr1	207431998	207432665	LINE/CR1	686	+	334	207432332	23911
chr1	148672769	148872769	harbor1	chr1	148674220	148674443	LINE/CR1	609	+	112	148674332	1563
chr1	218376359	218576359	harbor1	chr1	218391716	218392069	LINE/CR1	489	+	176	218391892	15533
chr1	218376359	218576359	harbor1	chr1	218392385	218392597	LINE/CR1	489	+	106	218392491	16132
chr1	218376359	218576359	harbor1	chr1	218424133	218424430	LINE/CR1	615	+	148	218424281	47922
chr1	218376359	218576359	harbor1	chr1	218424701	218425015	LINE/CR1	454	+	157	218424858	48499
chr1	218376359	218576359	harbor1	chr1	218430823	218431027	LINE/CR1	550	+	102	218430925	54566
chr1	232605632	232805632	harbor1	chr1	232625110	232625651	LINE/CR1	559	+	270	232625380	19748
chr1	66266203	66466203	harbor1	chr1	66365870	66366238	LINE/CR1	574	+	184	66366054	99851
chr1	49016890	49216890	harbor1	chr1	49034373	49034524	LINE/CR1	588	+	76	49034449	17559
chr1	49016890	49216890	harbor1	chr1	49034898	49035040	LINE/CR1	588	+	71	49034969	18079
chr1	49016890	49216890	harbor1	chr1	49036250	49036562	LINE/CR1	780	+	156	49036406	19516
chr1	178975873	179175873	harbor1	chr1	179024018	179024282	LINE/CR1	478	+	132	179024150	48277
chr1	71055478	71255478	harbor1	chr1	71065549	71065808	LINE/CR1	487	+	130	71065679	10201
chr1	172311620	172511620	harbor1	chr1	172360821	172361044	LINE/CR1	1105	+	112	172360933	49313
chr1	196591551	196791551	harbor1	chr1	196686904	196687442	LINE/CR1	556	+	269	196687173	95622
chr1	53922804	54122804	harbor1	chr1	53941626	53942004	LINE/CR1	703	+	189	53941815	19011
chr1	53922804	54122804	harbor1	chr1	54010778	54011501	LINE/CR1	551	+	362	54011140	88336
chr1	17385748	17585748	harbor1	chr1	17424521	17424849	LINE/CR1	603	+	164	17424685	38937
chr1	216212967	216412967	harbor1	chr1	216221791	216222147	LINE/CR1	811	+	178	216221969	9002
chr1	221498075	221698075	harbor1	chr1	221560477	221561234	LINE/CR1	960	+	378	221560855	62780
chr1	7379525	7579525	harbor1	chr1	7464324	7464542	LINE/CR1	411	+	109	7464433	84908
chr1	63671700	63871700	harbor1	chr1	63749442	63749616	LINE/CR1	499	+	87	63749529	77829
chr1	116219508	116419508	harbor1	chr1	116221117	116221598	LINE/CR1	782	+	240	116221357	1849
chr1	116219508	116419508	harbor1	chr1	116250489	116250706	LINE/CR1	435	+	108	116250597	31089
chr1	82411925	82611925	harbor1	chr1	82504993	82505594	LINE/CR1	1122	+	300	82505293	93368
chr1	168316166	168516166	harbor1	chr1	168360971	168361326	LINE/CR1	422	+	178	168361149	44983
chr1	118740451	118940451	harbor1	chr1	118825407	118825779	LINE/CR1	646	+	186	118825593	85142
chr1	176908923	177108923	harbor1	chr1	176999437	176999626	LINE/CR1	430	+	94	176999531	90608
chr1	176908923	177108923	harbor1	chr1	177000002	177000594	LINE/CR1	769	+	296	177000298	91375
chr1	176908923	177108923	harbor1	chr1	177000646	177000927	LINE/CR1	769	+	140	177000786	91863
chr1	80893542	81093542	harbor1	chr1	80902126	80902673	LINE/CR1	547	+	274	80902400	8858
chr1	80893542	81093542	harbor1	chr1	80907118	80907816	LINE/CR1	987	+	349	80907467	13925
chr1	25654032	25854032	harbor1	chr1	25681841	25682396	LINE/CR1	718	+	278	25682119	28087
chr1	226483174	226683174	harbor1	chr1	226512931	226513192	LINE/CR1	460	+	130	226513061	29887
chr1	226483174	226683174	harbor1	chr1	226526522	226526763	LINE/CR1	574	+	120	226526642	43468
chr1	216128166	216328166	harbor1	chr1	216188382	216188815	LINE/CR1	649	+	216	216188598	60432
chr1	216128166	216328166	harbor1	chr1	216221791	216222147	LINE/CR1	811	+	178	216221969	93803
chr1	178927347	179127347	harbor1	chr1	179024018	179024282	LINE/CR1	478	+	132	179024150	96803
chr1	6054318	6254318	harbor1	chr1	6075109	6075678	LINE/CR1	761	+	284	6075393	21075
chr1	179014859	179214859	harbor1	chr1	179024018	179024282	LINE/CR1	478	+	132	179024150	9291
chr1	12486851	12686851	harbor1	chr1	12581512	12581662	LINE/CR1	515	+	75	12581587	94736
chr1	6013367	6213367	harbor1	chr1	6019766	6020052	LINE/CR1	417	+	143	6019909	6542
chr1	6013367	6213367	harbor1	chr1	6075109	6075678	LINE/CR1	761	+	284	6075393	62026
chr1	82454501	82654501	harbor1	chr1	82504993	82505594	LINE/CR1	1122	+	300	82505293	50792
chr1	40991263	41191263	harbor1	chr1	41040312	41040582	LINE/CR1	593	+	135	41040447	49184
chr1	40991263	41191263	harbor1	chr1	41040895	41041086	LINE/CR1	593	+	96	41040991	49728
chr1	25890385	26090385	harbor1	chr1	25915578	25915793	LINE/CR1	477	+	108	25915686	25301
chr1	25890385	26090385	harbor1	chr1	25969976	25970184	LINE/CR1	449	+	104	25970080	79695
chr1	25890385	26090385	harbor1	chr1	25970503	25970589	LINE/CR1	449	+	43	25970546	80161
chr1	25890385	26090385	harbor1	chr1	25970890	25971149	LINE/CR1	449	+	130	25971020	80635
chr1	199209208	199409208	harbor1	chr1	199247622	199248627	LINE/CR1	956	+	502	199248124	38916
chr1	165907007	166107007	harbor1	chr1	165994586	165994889	LINE/CR1	556	+	152	165994738	87731
chr1	165907007	166107007	harbor1	chr1	165994960	165995650	LINE/CR1	1550	+	345	165995305	88298
chr1	108874438	109074438	harbor1	chr1	108902685	108902823	LINE/CR1	500	+	69	108902754	28316
chr1	165988721	166188721	harbor1	chr1	165994586	165994889	LINE/CR1	556	+	152	165994738	6017
chr1	165988721	166188721	harbor1	chr1	165994960	165995650	LINE/CR1	1550	+	345	165995305	6584
chr1	7395	207395	harbor1	chr1	19972	20405	LINE/CR1	994	+	216	20188	12793
chr1	30654731	30854731	harbor1	chr1	30696068	30696298	LINE/CR1	456	+	115	30696183	41452
chr1	213119578	213319578	harbor1	chr1	213180120	213180206	LINE/CR1	625	+	43	213180163	60585
chr1	213119578	213319578	harbor1	chr1	213180324	213180592	LINE/CR1	625	+	134	213180458	60880
chr1	89763762	89963762	harbor1	chr1	89825698	89825891	LINE/CR1	434	+	96	89825794	62032
chr1	89763762	89963762	harbor1	chr1	89826690	89827068	LINE/CR1	778	+	189	89826879	63117
chr1	89763762	89963762	harbor1	chr1	89827362	89827395	LINE/CR1	778	+	16	89827378	63616
chr1	108896613	109096613	harbor1	chr1	108902685	108902823	LINE/CR1	500	+	69	108902754	6141
chr1	74488833	74688833	harbor1	chr1	74490531	74491215	LINE/CR1	896	+	342	74490873	2040
chr1	74488833	74688833	harbor1	chr1	74491540	74491608	LINE/CR1	896	+	34	74491574	2741
chr1	44480989	44680989	harbor1	chr1	44511410	44511840	LINE/CR1	497	+	215	44511625	30636
chr1	202931084	203131084	harbor1	chr1	203030084	203030273	LINE/CR1	487	+	94	203030178	99094
chr1	42260145	42460145	harbor1	chr1	42322987	42323136	LINE/CR1	514	+	74	42323061	62916
chr1	65160720	65360720	harbor1	chr1	65244099	65244547	LINE/CR1	584	+	224	65244323	83603
chr1	179358465	179558465	harbor1	chr1	179427923	179428313	LINE/CR1	443	+	195	179428118	69653
chr2	9601477	9801477	harbor1	chr2	9654839	9655041	LINE/CR1	625	+	101	9654940	53463
chr2	9601477	9801477	harbor1	chr2	9655331	9655598	LINE/CR1	625	+	134	9655465	53988
chr2	41892405	42092405	harbor1	chr2	41936611	41936863	LINE/CR1	544	+	126	41936737	44332
chr2	41892405	42092405	harbor1	chr2	41946957	41947065	LINE/CR1	1162	+	54	41947011	54606
chr2	41892405	42092405	harbor1	chr2	41947140	41947605	LINE/CR1	1162	+	232	41947372	54967
chr2	41892405	42092405	harbor1	chr2	41983563	41984092	LINE/CR1	539	+	264	41983827	91422
chr2	41892405	42092405	harbor1	chr2	41984738	41984944	LINE/CR1	437	+	103	41984841	92436
chr2	31894075	32094075	harbor1	chr2	31916781	31917094	LINE/CR1	420	+	156	31916937	22862
chr2	95723477	95923477	harbor1	chr2	95741681	95741868	LINE/CR1	513	+	94	95741775	18298
chr2	29092604	29292604	harbor1	chr2	29175308	29175605	LINE/CR1	813	+	148	29175456	82852
chr2	29092604	29292604	harbor1	chr2	29176132	29176462	LINE/CR1	475	+	165	29176297	83693
chr2	29092604	29292604	harbor1	chr2	29114093	29114603	LINE/CR1	584	+	255	29114348	21744
chr2	103708411	103908411	harbor1	chr2	103787032	103787447	LINE/CR1	508	+	208	103787240	78829
chr2	180612621	180812621	harbor1	chr2	180613747	180614042	LINE/CR1	438	+	148	180613895	1274
chr2	57474039	57674039	harbor1	chr2	57555711	57556194	LINE/CR1	679	+	242	57555953	81914
chr2	51238493	51438493	harbor1	chr2	51259426	51259656	LINE/CR1	467	+	115	51259541	21048
chr2	156906539	157106539	harbor1	chr2	157003839	157004112	LINE/CR1	500	+	136	157003975	97436
chr2	215896575	216096575	harbor1	chr2	215955798	215956205	LINE/CR1	448	+	204	215956002	59427
chr2	221552791	221752791	harbor1	chr2	221588576	221588884	LINE/CR1	1230	+	154	221588730	35939
chr2	221552791	221752791	harbor1	chr2	221589188	221589783	LINE/CR1	1230	+	298	221589486	36695
chr2	221552791	221752791	harbor1	chr2	221589919	221590094	LINE/CR1	472	+	88	221590007	37216
chr2	221552791	221752791	harbor1	chr2	221590211	221590404	LINE/CR1	472	+	96	221590307	37516
chr2	136701314	136901314	harbor1	chr2	136773010	136773201	LINE/CR1	594	+	96	136773106	71792
chr2	100058832	100258832	harbor1	chr2	100068483	100068834	LINE/CR1	545	+	176	100068659	9827
chr2	100058832	100258832	harbor1	chr2	100128662	100128879	LINE/CR1	468	+	108	100128770	69938
chr2	175304281	175504281	harbor1	chr2	175312371	175312707	LINE/CR1	1117	+	168	175312539	8258
chr2	175304281	175504281	harbor1	chr2	175331590	175331604	LINE/CR1	921	+	7	175331597	27316
chr2	175304281	175504281	harbor1	chr2	175331939	175332417	LINE/CR1	921	+	239	175332178	27897
chr2	42985673	43185673	harbor1	chr2	43072416	43072806	LINE/CR1	690	+	195	43072611	86938
chr2	29297023	29497023	harbor1	chr2	29319359	29319736	LINE/CR1	746	+	188	29319547	22524
chr2	29209915	29409915	harbor1	chr2	29210832	29212558	LINE/CR1	1683	+	863	29211695	1780
chr2	29209915	29409915	harbor1	chr2	29225778	29226196	LINE/CR1	560	+	209	29225987	16072
chr2	29209915	29409915	harbor1	chr2	29226503	29226742	LINE/CR1	560	+	120	29226623	16708
chr2	69014801	69214801	harbor1	chr2	69094728	69095148	LINE/CR1	725	+	210	69094938	80137
chr2	69014801	69214801	harbor1	chr2	69095529	69095779	LINE/CR1	546	+	125	69095654	80853
chr2	221920783	222120783	harbor1	chr2	222011231	222011420	LINE/CR1	644	+	94	222011325	90542
chr2	230923629	231123629	harbor1	chr2	230997612	230997759	LINE/CR1	471	+	74	230997686	74057
chr2	96692602	96892602	harbor1	chr2	96737108	96737255	LINE/CR1	478	+	74	96737182	44580
chr2	191746117	191946117	harbor1	chr2	191747173	191747433	LINE/CR1	591	+	130	191747303	1186
chr2	191746117	191946117	harbor1	chr2	191747745	191747905	LINE/CR1	498	+	80	191747825	1708
chr2	191746117	191946117	harbor1	chr2	191786416	191786593	LINE/CR1	448	+	88	191786504	40387
chr3	127734383	127934383	harbor1	chr3	127805058	127805279	LINE/CR1	453	+	110	127805168	70785
chr3	168329466	168529466	harbor1	chr3	168356767	168356903	LINE/CR1	393	+	68	168356835	27369
chr3	188690527	188890527	harbor1	chr3	188716462	188716850	LINE/CR1	457	+	194	188716656	26129
chr3	188690527	188890527	harbor1	chr3	188734612	188734790	LINE/CR1	412	+	89	188734701	44174
chr3	188690527	188890527	harbor1	chr3	188759318	188759656	LINE/CR1	641	+	169	188759487	68960
chr3	76534770	76734770	harbor1	chr3	76605128	76606014	LINE/CR1	479	+	443	76605571	70801
chr3	172006451	172206451	harbor1	chr3	172034262	172034695	LINE/CR1	1228	+	216	172034478	28027
chr3	172006451	172206451	harbor1	chr3	172035092	172035537	LINE/CR1	1228	+	222	172035314	28863
chr3	182615194	182815194	harbor1	chr3	182638330	182638805	LINE/CR1	702	+	238	182638568	23374
chr3	188280595	188480595	harbor1	chr3	188280218	188280776	LINE/CR1	901	+	279	188280497	98
chr3	115434438	115634438	harbor1	chr3	115486899	115487167	LINE/CR1	491	+	134	115487033	52595
chr3	194322481	194522481	harbor1	chr3	194351777	194351929	LINE/CR1	413	+	76	194351853	29372
chr3	194322481	194522481	harbor1	chr3	194363856	194364201	LINE/CR1	687	+	172	194364028	41547
chr3	85683345	85883345	harbor1	chr3	85728439	85729018	LINE/CR1	1028	+	290	85728729	45384
chr3	44992868	45192868	harbor1	chr3	45018912	45019179	LINE/CR1	537	+	134	45019046	26178
chr3	118648676	118848676	harbor1	chr3	118693139	118693430	LINE/CR1	592	+	146	118693285	44609
chr3	124261308	124461308	harbor1	chr3	124355264	124355665	LINE/CR1	404	+	200	124355464	94156
chr3	124261308	124461308	harbor1	chr3	124353598	124355066	LINE/CR1	2852	+	734	124354332	93024
chr3	111229580	111429580	harbor1	chr3	111314892	111315496	LINE/CR1	957	+	302	111315194	85614
chr3	59089818	59289818	harbor1	chr3	59185737	59186342	LINE/CR1	1020	+	302	59186039	96221
chr3	59089818	59289818	harbor1	chr3	59186706	59186765	LINE/CR1	397	+	30	59186736	96918
chr3	116679548	116879548	harbor1	chr3	116712450	116712668	LINE/CR1	430	+	109	116712559	33011
chr3	68289947	68489947	harbor1	chr3	68355677	68355883	LINE/CR1	586	+	103	68355780	65833
chr3	61193592	61393592	harbor1	chr3	61228658	61228849	LINE/CR1	534	+	96	61228754	35162
chr3	61193592	61393592	harbor1	chr3	61266031	61266328	LINE/CR1	531	+	148	61266179	72587
chr3	175930496	176130496	harbor1	chr3	176004508	176005477	LINE/CR1	1708	+	484	176004992	74496
chr3	175930496	176130496	harbor1	chr3	176007372	176008362	LINE/CR1	508	+	495	176007867	77371
chr3	185276513	185476513	harbor1	chr3	185289137	185289333	LINE/CR1	513	+	98	185289235	12722
chr3	185276513	185476513	harbor1	chr3	185324707	185325293	LINE/CR1	1248	+	293	185325000	48487
chr3	185276513	185476513	harbor1	chr3	185326729	185326966	LINE/CR1	442	+	118	185326847	50334
chr3	185276513	185476513	harbor1	chr3	185327439	185327475	LINE/CR1	442	+	18	185327457	50944
chr3	107446626	107646626	harbor1	chr3	107515893	107516174	LINE/CR1	488	+	140	107516033	69407
chr3	107446626	107646626	harbor1	chr3	107516470	107516725	LINE/CR1	521	+	128	107516598	69972
chr3	107446626	107646626	harbor1	chr3	107516870	107517122	LINE/CR1	649	+	126	107516996	70370
chr3	64601660	64801660	harbor1	chr3	64637682	64637861	LINE/CR1	432	+	90	64637772	36112
chr3	115276941	115476941	harbor1	chr3	115289924	115290403	LINE/CR1	797	+	240	115290164	13223
chr3	115276941	115476941	harbor1	chr3	115290589	115290933	LINE/CR1	524	+	172	115290761	13820
chr3	115276941	115476941	harbor1	chr3	115290953	115291447	LINE/CR1	725	+	247	115291200	14259
chr3	86915125	87115125	harbor1	chr3	87002747	87003106	LINE/CR1	455	+	180	87002927	87802
chr3	81830726	82030726	harbor1	chr3	81839351	81839558	LINE/CR1	484	+	104	81839455	8729
chr3	81830726	82030726	harbor1	chr3	81922095	81922595	LINE/CR1	499	+	250	81922345	91619
chr3	2208237	2408237	harbor1	chr3	2286709	2287175	LINE/CR1	457	+	233	2286942	78705
chr3	112534884	112734884	harbor1	chr3	112568718	112569096	LINE/CR1	898	+	189	112568907	34023
chr3	112534884	112734884	harbor1	chr3	112585698	112585989	LINE/CR1	479	+	146	112585844	50960
chr4	167327796	167527796	harbor1	chr4	167378636	167378877	LINE/CR1	534	+	120	167378756	50960
chr4	167327796	167527796	harbor1	chr4	167395701	167396239	LINE/CR1	1016	+	269	167395970	68174
chr4	167327796	167527796	harbor1	chr4	167396296	167396454	LINE/CR1	1016	+	79	167396375	68579
chr4	171701926	171901926	harbor1	chr4	171796798	171797102	LINE/CR1	666	+	152	171796950	95024
chr4	122433307	122633307	harbor1	chr4	122513684	122514048	LINE/CR1	511	+	182	122513866	80559
chr4	74189706	74389706	harbor1	chr4	74225664	74226004	LINE/CR1	520	+	170	74225834	36128
chr4	172651186	172851186	harbor1	chr4	172699680	172700455	LINE/CR1	684	+	388	172700068	48882
chr4	89605590	89805590	harbor1	chr4	89643171	89643524	LINE/CR1	495	+	176	89643347	37757
chr4	174662017	174862017	harbor1	chr4	174706701	174707728	LINE/CR1	685	+	514	174707215	45198
chr4	55042820	55242820	harbor1	chr4	55088098	55088389	LINE/CR1	412	+	146	55088244	45424
chr4	122482770	122682770	harbor1	chr4	122513684	122514048	LINE/CR1	511	+	182	122513866	31096
chr4	111728081	111928081	harbor1	chr4	111729610	111729857	LINE/CR1	789	+	124	111729734	1653
chr4	111728081	111928081	harbor1	chr4	111732662	111732883	LINE/CR1	571	+	110	111732772	4691
chr4	111728081	111928081	harbor1	chr4	111735715	111736069	LINE/CR1	528	+	177	111735892	7811
chr4	111728081	111928081	harbor1	chr4	111801193	111801397	LINE/CR1	432	+	102	111801295	73214
chr4	27699988	27899988	harbor1	chr4	27793957	27794341	LINE/CR1	521	+	192	27794149	94161
chr5	148364371	148564371	harbor1	chr5	148450667	148451007	LINE/CR1	826	+	170	148450837	86466
chr5	65624972	65824972	harbor1	chr5	65700712	65700727	LINE/CR1	449	+	8	65700720	75748
chr5	65624972	65824972	harbor1	chr5	65701039	65701169	LINE/CR1	449	+	65	65701104	76132
chr5	65624972	65824972	harbor1	chr5	65699774	65700387	LINE/CR1	449	+	306	65700080	75108
chr5	180658311	180858311	harbor1	chr5	180741459	180741753	LINE/CR1	430	+	147	180741606	83295
chr5	180658311	180858311	harbor1	chr5	180746644	180747019	LINE/CR1	686	+	188	180746832	88521
chr5	96180165	96380165	harbor1	chr5	96191908	96192573	LINE/CR1	1001	+	332	96192240	12075
chr5	96180165	96380165	harbor1	chr5	96193324	96193913	LINE/CR1	530	+	294	96193618	13453
chr5	96180165	96380165	harbor1	chr5	96194968	96195306	LINE/CR1	638	+	169	96195137	14972
chr5	164730783	164930783	harbor1	chr5	164757500	164757671	LINE/CR1	445	+	86	164757586	26803
chr5	95975372	96175372	harbor1	chr5	96011267	96011544	LINE/CR1	763	+	138	96011405	36033
chr5	99621094	99821094	harbor1	chr5	99637956	99638198	LINE/CR1	448	+	121	99638077	16983
chr5	118312744	118512744	harbor1	chr5	118378799	118379039	LINE/CR1	406	+	120	118378919	66175
chr5	41759133	41959133	harbor1	chr5	41811604	41813195	LINE/CR1	1532	+	796	41812400	53267
chr5	65814010	66014010	harbor1	chr5	65827396	65827734	LINE/CR1	925	+	169	65827565	13555
chr5	65814010	66014010	harbor1	chr5	65828031	65828781	LINE/CR1	925	+	375	65828406	14396
chr5	42277158	42477158	harbor1	chr5	42322798	42323011	LINE/CR1	478	+	106	42322904	45746
chr5	143816291	144016291	harbor1	chr5	143909643	143909954	LINE/CR1	478	+	156	143909799	93508
chr5	167474443	167674443	harbor1	chr5	167492697	167493066	LINE/CR1	450	+	184	167492881	18438
chr5	107909962	108109962	harbor1	chr5	107949028	107949696	LINE/CR1	787	+	334	107949362	39400
chr5	33107989	33307989	harbor1	chr5	33182130	33182417	LINE/CR1	589	+	144	33182274	74285
chr5	107669862	107869862	harbor1	chr5	107759134	107759422	LINE/CR1	485	+	144	107759278	89416
chr5	91003990	91203990	harbor1	chr5	91003409	91004722	LINE/CR1	973	+	656	91004065	75
chr5	163626041	163826041	harbor1	chr5	163656269	163656770	LINE/CR1	783	+	250	163656519	30478
chr6	135973440	136173440	harbor1	chr6	135988010	135988481	LINE/CR1	735	+	236	135988246	14806
chr6	152968030	153168030	harbor1	chr6	153055896	153056484	LINE/CR1	978	+	294	153056190	88160
chr6	9477553	9677553	harbor1	chr6	9544466	9545042	LINE/CR1	812	+	288	9544754	67201
chr6	113165636	113365636	harbor1	chr6	113233505	113233673	LINE/CR1	433	+	84	113233589	67953
chr6	163648038	163848038	harbor1	chr6	163738548	163738672	LINE/CR1	463	+	62	163738610	90572
chr6	108788723	108988723	harbor1	chr6	108888427	108888582	LINE/CR1	413	+	78	108888505	99782
chr6	88558850	88758850	harbor1	chr6	88572076	88572374	LINE/CR1	484	+	149	88572225	13375
chr6	117523503	117723503	harbor1	chr6	117527360	117527847	LINE/CR1	998	+	244	117527604	4101
chr6	117523503	117723503	harbor1	chr6	117568654	117568890	LINE/CR1	531	+	118	117568772	45269
chr6	100740193	100940193	harbor1	chr6	100824565	100825144	LINE/CR1	572	+	290	100824855	84662
chr6	100740193	100940193	harbor1	chr6	100839869	100840162	LINE/CR1	487	+	146	100840015	99822
chr6	161034486	161234486	harbor1	chr6	161050139	161050466	LINE/CR1	539	+	164	161050303	15817
chr6	60875370	61075370	harbor1	chr6	60973459	60973907	LINE/CR1	809	+	224	60973683	98313
chr6	107600402	107800402	harbor1	chr6	107614368	107614718	LINE/CR1	518	+	175	107614543	14141
chr6	107600402	107800402	harbor1	chr6	107622303	107623794	LINE/CR1	580	+	746	107623049	22647
chr6	107600402	107800402	harbor1	chr6	107624341	107624604	LINE/CR1	479	+	132	107624473	24071
chr6	24052026	24252026	harbor1	chr6	24068548	24069174	LINE/CR1	978	+	313	24068861	16835
chr6	22614550	22814550	harbor1	chr6	22702220	22702664	LINE/CR1	940	+	222	22702442	87892
chr6	22614550	22814550	harbor1	chr6	22703088	22703208	LINE/CR1	940	+	60	22703148	88598
chr6	22614550	22814550	harbor1	chr6	22703309	22703849	LINE/CR1	598	+	270	22703579	89029
chr6	135902251	136102251	harbor1	chr6	135988010	135988481	LINE/CR1	735	+	236	135988246	85995
chr6	70568469	70768469	harbor1	chr6	70640116	70640612	LINE/CR1	648	+	248	70640364	71895
chr6	70568469	70768469	harbor1	chr6	70640816	70640887	LINE/CR1	648	+	36	70640852	72383
chr6	72960915	73160915	harbor1	chr6	72994901	72995086	LINE/CR1	799	+	92	72994993	34078
chr6	72960915	73160915	harbor1	chr6	72995395	72995600	LINE/CR1	799	+	102	72995497	34582
chr6	72960915	73160915	harbor1	chr6	72996775	72997201	LINE/CR1	546	+	213	72996988	36073
chr6	124139224	124339224	harbor1	chr6	124163695	124163928	LINE/CR1	443	+	116	124163811	24587
chr6	150923271	151123271	harbor1	chr6	150936090	150936364	LINE/CR1	583	+	137	150936227	12956
chr6	60935073	61135073	harbor1	chr6	60973459	60973907	LINE/CR1	809	+	224	60973683	38610
chr6	38459905	38659905	harbor1	chr6	38460478	38460613	LINE/CR1	448	+	68	38460546	641
chr6	38459905	38659905	harbor1	chr6	38460923	38461027	LINE/CR1	448	+	52	38460975	1070
chr6	73764002	73964002	harbor1	chr6	73813503	73813746	LINE/CR1	646	+	122	73813625	49623
chr6	146806804	147006804	harbor1	chr6	146897988	146898533	LINE/CR1	424	+	272	146898260	91456
chr6	69858095	70058095	harbor1	chr6	69955411	69955522	LINE/CR1	675	+	56	69955467	97372
chr6	69858095	70058095	harbor1	chr6	69955567	69955883	LINE/CR1	675	+	158	69955725	97630
chr6	71821092	72021092	harbor1	chr6	71836250	71836956	LINE/CR1	1174	+	353	71836603	15511
chr6	97763843	97963843	harbor1	chr6	97810814	97811157	LINE/CR1	519	+	172	97810986	47143
chr6	97763843	97963843	harbor1	chr6	97811364	97812479	LINE/CR1	705	+	558	97811922	48079
chr6	62778669	62978669	harbor1	chr6	62831710	62832320	LINE/CR1	547	+	305	62832015	53346
chr6	159247284	159447284	harbor1	chr6	159274341	159274693	LINE/CR1	468	+	176	159274517	27233
chr7	75518611	75718611	harbor1	chr7	75607865	75608025	LINE/CR1	715	+	80	75607945	89334
chr7	75518611	75718611	harbor1	chr7	75608328	75608834	LINE/CR1	715	+	253	75608581	89970
chr7	112003637	112203637	harbor1	chr7	112079164	112079626	LINE/CR1	639	+	231	112079395	75758
chr7	140849259	141049259	harbor1	chr7	140869851	140870271	LINE/CR1	457	+	210	140870061	20802
chr7	131046448	131246448	harbor1	chr7	131124218	131124422	LINE/CR1	495	+	102	131124320	77872
chr7	131046448	131246448	harbor1	chr7	131125113	131125407	LINE/CR1	693	+	147	131125260	78812
chr7	131046448	131246448	harbor1	chr7	131130139	131130333	LINE/CR1	530	+	97	131130236	83788
chr7	7322911	7522911	harbor1	chr7	7376150	7376569	LINE/CR1	488	+	210	7376360	53449
chr7	38457527	38657527	harbor1	chr7	38537453	38538244	LINE/CR1	749	+	396	38537849	80322
chr7	134981139	135181139	harbor1	chr7	135053637	135053736	LINE/CR1	473	+	50	135053687	72548
chr7	134981139	135181139	harbor1	chr7	135053101	135053325	LINE/CR1	473	+	112	135053213	72074
chr7	86998990	87198990	harbor1	chr7	87095241	87095282	LINE/CR1	608	+	20	87095261	96271
chr7	86998990	87198990	harbor1	chr7	87095318	87095510	LINE/CR1	608	+	96	87095414	96424
chr7	114299650	114499650	harbor1	chr7	114362111	114363132	LINE/CR1	924	+	510	114362621	62971
chr7	8579975	8779975	harbor1	chr7	8613366	8613545	LINE/CR1	471	+	90	8613456	33481
chr7	8579975	8779975	harbor1	chr7	8677387	8677610	LINE/CR1	459	+	112	8677499	97524
chr7	90742581	90942581	harbor1	chr7	90776580	90777243	LINE/CR1	638	+	332	90776912	34331
chr7	122023517	122223517	harbor1	chr7	122026182	122026328	LINE/CR1	449	+	73	122026255	2738
chr7	122023517	122223517	harbor1	chr7	122087864	122088131	LINE/CR1	506	+	134	122087998	64481
chr7	45691810	45891810	harbor1	chr7	45699272	45699515	LINE/CR1	454	+	122	45699394	7584
chr8	95873295	96073295	harbor1	chr8	95888530	95888810	LINE/CR1	505	+	140	95888670	15375
chr8	95873295	96073295	harbor1	chr8	95971950	95972233	LINE/CR1	458	+	142	95972092	98797
chr8	68305416	68505416	harbor1	chr8	68384843	68385095	LINE/CR1	519	+	126	68384969	79553
chr8	68305416	68505416	harbor1	chr8	68385371	68385912	LINE/CR1	952	+	270	68385641	80225
chr8	68305416	68505416	harbor1	chr8	68386208	68386327	LINE/CR1	952	+	60	68386268	80852
chr8	68305416	68505416	harbor1	chr8	68386366	68386509	LINE/CR1	418	+	72	68386438	81022
chr8	106608567	106808567	harbor1	chr8	106641614	106641943	LINE/CR1	534	+	164	106641778	33211
chr8	106608567	106808567	harbor1	chr8	106642072	106642289	LINE/CR1	534	+	108	106642180	33613
chr8	31986489	32186489	harbor1	chr8	32047361	32047626	LINE/CR1	440	+	132	32047493	61004
chr8	93366430	93566430	harbor1	chr8	93370614	93371360	LINE/CR1	772	+	373	93370987	4557
chr8	38279257	38479257	harbor1	chr8	38304250	38304526	LINE/CR1	402	+	138	38304388	25131
chr8	107532019	107732019	harbor1	chr8	107621894	107622239	LINE/CR1	611	+	172	107622066	90047
chr8	7808019	8008019	harbor1	chr8	7812665	7812912	LINE/CR1	419	+	124	7812789	4770
chr8	60037889	60237889	harbor1	chr8	60055864	60056197	LINE/CR1	476	+	166	60056030	18141
chr8	22798847	22998847	harbor1	chr8	22841276	22841692	LINE/CR1	646	+	208	22841484	42637
chr8	22798847	22998847	harbor1	chr8	22842145	22842309	LINE/CR1	521	+	82	22842227	43380
chr8	102866764	103066764	harbor1	chr8	102874499	102874753	LINE/CR1	627	+	127	102874626	7862
chr8	116564836	116764836	harbor1	chr8	116639834	116640075	LINE/CR1	529	+	120	116639954	75118
chr8	121835500	122035500	harbor1	chr8	121864346	121864556	LINE/CR1	422	+	105	121864451	28951
chr8	121835500	122035500	harbor1	chr8	121878455	121878610	LINE/CR1	399	+	78	121878533	43033
chr8	121835500	122035500	harbor1	chr8	121879899	121880349	LINE/CR1	618	+	225	121880124	44624
chr8	68350672	68550672	harbor1	chr8	68384843	68385095	LINE/CR1	519	+	126	68384969	34297
chr8	68350672	68550672	harbor1	chr8	68385371	68385912	LINE/CR1	952	+	270	68385641	34969
chr8	68350672	68550672	harbor1	chr8	68386208	68386327	LINE/CR1	952	+	60	68386268	35596
chr8	68350672	68550672	harbor1	chr8	68386366	68386509	LINE/CR1	418	+	72	68386438	35766
chr8	68350672	68550672	harbor1	chr8	68438555	68438745	LINE/CR1	549	+	95	68438650	87978
chr8	91785182	91985182	harbor1	chr8	91831543	91831914	LINE/CR1	445	+	186	91831729	46547
chr8	62486179	62686179	harbor1	chr8	62526025	62526465	LINE/CR1	482	+	220	62526245	40066
chr8	93294409	93494409	harbor1	chr8	93370614	93371360	LINE/CR1	772	+	373	93370987	76578
chr8	103375333	103575333	harbor1	chr8	103422862	103423178	LINE/CR1	641	+	158	103423020	47687
chr8	19440273	19640273	harbor1	chr8	19456811	19457182	LINE/CR1	648	+	186	19456997	16724
chr8	86664217	86864217	harbor1	chr8	86730915	86731265	LINE/CR1	652	+	175	86731090	66873
chr8	1334703	1534703	harbor1	chr8	1413446	1413989	LINE/CR1	635	+	272	1413718	79015
chr8	1334703	1534703	harbor1	chr8	1422223	1422496	LINE/CR1	487	+	136	1422359	87656
chr8	17454242	17654242	harbor1	chr8	17526273	17526938	LINE/CR1	1192	+	332	17526605	72363
chr8	29874083	30074083	harbor1	chr8	29906469	29906724	LINE/CR1	504	+	128	29906597	32514
chr8	29874083	30074083	harbor1	chr8	29959742	29960216	LINE/CR1	921	+	237	29959979	85896
chr8	51302061	51502061	harbor1	chr8	51357864	51358226	LINE/CR1	422	+	181	51358045	55984
chr8	17133482	17333482	harbor1	chr8	17183520	17183812	LINE/CR1	399	+	146	17183666	50184
chr8	93957880	94157880	harbor1	chr8	94023882	94023943	LINE/CR1	631	+	30	94023912	66032
chr8	93957880	94157880	harbor1	chr8	94024268	94024517	LINE/CR1	631	+	124	94024392	66512
chr8	117678044	117878044	harbor1	chr8	117683757	117684078	LINE/CR1	925	+	160	117683917	5873
chr8	117678044	117878044	harbor1	chr8	117684439	117684465	LINE/CR1	925	+	13	117684452	6408
chr8	117678044	117878044	harbor1	chr8	117698090	117698413	LINE/CR1	642	+	162	117698252	20208
chr8	99437467	99637467	harbor1	chr8	99525370	99525574	LINE/CR1	402	+	102	99525472	88005
chr8	110659949	110859949	harbor1	chr8	110705220	110705549	LINE/CR1	523	+	164	110705384	45435
chr8	109624787	109824787	harbor1	chr8	109687088	109687867	LINE/CR1	814	+	390	109687478	62691
chr8	20032794	20232794	harbor1	chr8	20128736	20128957	LINE/CR1	462	+	110	20128846	96052
chr8	48242195	48442195	harbor1	chr8	48255602	48255848	LINE/CR1	434	+	123	48255725	13530
chr8	20069818	20269818	harbor1	chr8	20128736	20128957	LINE/CR1	462	+	110	20128846	59028
chr8	131580240	131780240	harbor1	chr8	131606241	131606442	LINE/CR1	410	+	100	131606341	26101
chr8	122786357	122986357	harbor1	chr8	122863921	122864151	LINE/CR1	440	+	115	122864036	77679
chr8	87611523	87811523	harbor1	chr8	87668245	87668462	LINE/CR1	400	+	108	87668353	56830
chr8	87611523	87811523	harbor1	chr8	87668534	87669594	LINE/CR1	1436	+	530	87669064	57541
chr8	132428186	132628186	harbor1	chr8	132438661	132438919	LINE/CR1	448	+	129	132438790	10604
chr8	84326857	84526857	harbor1	chr8	84360550	84360835	LINE/CR1	443	+	142	84360692	33835
chr8	84326857	84526857	harbor1	chr8	84376010	84376328	LINE/CR1	673	+	159	84376169	49312
chr9	3878977	4078977	harbor1	chr9	3922526	3923149	LINE/CR1	892	+	312	3922838	43861
chr9	3878977	4078977	harbor1	chr9	3931608	3931762	LINE/CR1	444	+	77	3931685	52708
chr9	121277845	121477845	harbor1	chr9	121281206	121281455	LINE/CR1	462	+	124	121281330	3485
chr9	4003941	4203941	harbor1	chr9	4064757	4065107	LINE/CR1	612	+	175	4064932	60991
chr9	4003941	4203941	harbor1	chr9	4077332	4077482	LINE/CR1	401	+	75	4077407	73466
chr9	4003941	4203941	harbor1	chr9	4045994	4046929	LINE/CR1	1389	+	468	4046462	42521
chr9	8361865	8561865	harbor1	chr9	8390704	8391109	LINE/CR1	460	+	202	8390906	29041
chr9	109934915	110134915	harbor1	chr9	109991803	109991987	LINE/CR1	456	+	92	109991895	56980
chr9	4066637	4266637	harbor1	chr9	4077332	4077482	LINE/CR1	401	+	75	4077407	10770
chr9	120765303	120965303	harbor1	chr9	120824735	120825098	LINE/CR1	404	+	182	120824917	59614
chr9	130699865	130899865	harbor1	chr9	130753830	130753924	LINE/CR1	667	+	47	130753877	54012
chr9	130699865	130899865	harbor1	chr9	130754531	130754734	LINE/CR1	667	+	102	130754633	54768
chr9	17040571	17240571	harbor1	chr9	17069230	17069326	LINE/CR1	474	+	48	17069278	28707
chr9	17040571	17240571	harbor1	chr9	17069622	17069754	LINE/CR1	474	+	66	17069688	29117
chr9	37147817	37347817	harbor1	chr9	37201624	37201724	LINE/CR1	512	+	50	37201674	53857
chr9	27651942	27851942	harbor1	chr9	27715055	27715550	LINE/CR1	489	+	248	27715303	63361
chr9	120887399	121087399	harbor1	chr9	120912293	120912374	LINE/CR1	1027	+	40	120912333	24934
chr9	120887399	121087399	harbor1	chr9	120912685	120913119	LINE/CR1	1027	+	217	120912902	25503
chr9	120887399	121087399	harbor1	chr9	120961840	120962134	LINE/CR1	662	+	147	120961987	74588
chr9	106248553	106448553	harbor1	chr9	106269889	106270102	LINE/CR1	454	+	106	106269995	21442
chr9	106248553	106448553	harbor1	chr9	106271536	106271947	LINE/CR1	1041	+	206	106271742	23189
chr9	106248553	106448553	harbor1	chr9	106279608	106279919	LINE/CR1	433	+	156	106279764	31211
chr9	106248553	106448553	harbor1	chr9	106289678	106290126	LINE/CR1	429	+	224	106289902	41349
chr9	106248553	106448553	harbor1	chr9	106312620	106313198	LINE/CR1	484	+	289	106312909	64356
chr9	106248553	106448553	harbor1	chr9	106313203	106313460	LINE/CR1	444	+	128	106313331	64778
chr9	26456896	26656896	harbor1	chr9	26507849	26508197	LINE/CR1	424	+	174	26508023	51127
chr9	26415210	26615210	harbor1	chr9	26507849	26508197	LINE/CR1	424	+	174	26508023	92813
chr9	74556853	74756853	harbor1	chr9	74607287	74607562	LINE/CR1	536	+	138	74607425	50572
chr9	106781833	106981833	harbor1	chr9	106842310	106842776	LINE/CR1	642	+	233	106842543	60710
chr9	106781833	106981833	harbor1	chr9	106843942	106844063	LINE/CR1	393	+	60	106844002	62169
chr9	82397978	82597978	harbor1	chr9	82404679	82405065	LINE/CR1	433	+	193	82404872	6894
chr9	94045412	94245412	harbor1	chr9	94059887	94060295	LINE/CR1	724	+	204	94060091	14679
chr9	94045412	94245412	harbor1	chr9	94081769	94081995	LINE/CR1	587	+	113	94081882	36470
chr9	94045412	94245412	harbor1	chr9	94082132	94082296	LINE/CR1	587	+	82	94082214	36802
chr9	108937191	109137191	harbor1	chr9	108951390	108951995	LINE/CR1	807	+	302	108951692	14501
chr9	108937191	109137191	harbor1	chr9	109012264	109012387	LINE/CR1	409	+	62	109012326	75135
chr9	108657153	108857153	harbor1	chr9	108669941	108670392	LINE/CR1	836	+	226	108670167	13014
chr9	97940368	98140368	harbor1	chr9	97961432	97962024	LINE/CR1	547	+	296	97961728	21360
chr9	97934917	98134917	harbor1	chr9	97961432	97962024	LINE/CR1	547	+	296	97961728	26811
chr9	14161184	14361184	harbor1	chr9	14180324	14180483	LINE/CR1	666	+	80	14180404	19220
chr9	119394101	119594101	harbor1	chr9	119421978	119422234	LINE/CR1	548	+	128	119422106	28005
chr9	112822031	113022031	harbor1	chr9	112902248	112902402	LINE/CR1	395	+	77	112902325	80294
chr9	131695081	131895081	harbor1	chr9	131786135	131786338	LINE/CR1	487	+	102	131786237	91156
chr9	474364	674364	harbor1	chr9	560097	560359	LINE/CR1	512	+	131	560228	85864
chr9	474364	674364	harbor1	chr9	560713	561151	LINE/CR1	562	+	219	560932	86568
chr9	10057263	10257263	harbor1	chr9	10118542	10118867	LINE/CR1	670	+	162	10118704	61441
chr9	10057263	10257263	harbor1	chr9	10118902	10119149	LINE/CR1	670	+	124	10119026	61763
chr9	133507300	133707300	harbor1	chr9	133521488	133521674	LINE/CR1	419	+	93	133521581	14281
chr9	111742767	111942767	harbor1	chr9	111838970	111839239	LINE/CR1	612	+	134	111839104	96337
chr9	111742767	111942767	harbor1	chr9	111839533	111839549	LINE/CR1	612	+	8	111839541	96774
chr9	9084854	9284854	harbor1	chr9	9177852	9178090	LINE/CR1	493	+	119	9177971	93117
chr9	74478044	74678044	harbor1	chr9	74551857	74552294	LINE/CR1	882	+	218	74552075	74031
chr9	115377893	115577893	harbor1	chr9	115455426	115455734	LINE/CR1	440	+	154	115455580	77687
chr9	113481905	113681905	harbor1	chr9	113507785	113508009	LINE/CR1	619	+	112	113507897	25992
chr9	113481905	113681905	harbor1	chr9	113544913	113545077	LINE/CR1	488	+	82	113544995	63090
chr9	105298239	105498239	harbor1	chr9	105370598	105370876	LINE/CR1	468	+	139	105370737	72498
chr9	105298239	105498239	harbor1	chr9	105371040	105371261	LINE/CR1	527	+	110	105371150	72911
chr9	105298239	105498239	harbor1	chr9	105371792	105372041	LINE/CR1	527	+	124	105371916	73677
chr9	81144151	81344151	harbor1	chr9	81192217	81192543	LINE/CR1	903	+	163	81192380	48229
chr9	81144151	81344151	harbor1	chr9	81192911	81193494	LINE/CR1	903	+	292	81193203	49052
chr9	81144151	81344151	harbor1	chr9	81193704	81194031	LINE/CR1	401	+	164	81193868	49717
chr9	81144151	81344151	harbor1	chr9	81194482	81194558	LINE/CR1	401	+	38	81194520	50369
chr9	83107406	83307406	harbor1	chr9	83181125	83181390	LINE/CR1	392	+	132	83181257	73851
chr9	22095800	22295800	harbor1	chr9	22123589	22123941	LINE/CR1	716	+	176	22123765	27965
chr9	22095800	22295800	harbor1	chr9	22157324	22157512	LINE/CR1	536	+	94	22157418	61618
chr9	5555290	5755290	harbor1	chr9	5584666	5584783	LINE/CR1	392	+	58	5584724	29434
chr9	5555290	5755290	harbor1	chr9	5585086	5585212	LINE/CR1	392	+	63	5585149	29859
chr9	5555290	5755290	harbor1	chr9	5585887	5586098	LINE/CR1	458	+	106	5585993	30703
chr9	117301944	117501944	harbor1	chr9	117373663	117373955	LINE/CR1	606	+	146	117373809	71865
chr9	103693031	103893031	harbor1	chr9	103733858	103733897	LINE/CR1	421	+	20	103733878	40847
chr9	103693031	103893031	harbor1	chr9	103734524	103734715	LINE/CR1	421	+	96	103734620	41589
chr9	37541398	37741398	harbor1	chr9	37612849	37613080	LINE/CR1	535	+	116	37612965	71567
chr9	8915027	9115027	harbor1	chr9	8954984	8955230	LINE/CR1	606	+	123	8955107	40080
chr9	69810002	70010002	harbor1	chr9	69897403	69897585	LINE/CR1	488	+	91	69897494	87492
chr9	126953431	127153431	harbor1	chr9	127041556	127041911	LINE/CR1	418	+	178	127041734	88303
chr9	3683116	3883116	harbor1	chr9	3736881	3737278	LINE/CR1	577	+	198	3737079	53963
chr9	28829925	29029925	harbor1	chr9	28917741	28917932	LINE/CR1	433	+	96	28917837	87912
chr9	14132865	14332865	harbor1	chr9	14180324	14180483	LINE/CR1	666	+	80	14180404	47539
chr9	10143963	10343963	harbor1	chr9	10201948	10202438	LINE/CR1	807	+	245	10202193	58230
chr9	120136111	120336111	harbor1	chr9	120142973	120143309	LINE/CR1	510	+	168	120143141	7030
chr9	9100607	9300607	harbor1	chr9	9177852	9178090	LINE/CR1	493	+	119	9177971	77364
chr9	115955565	116155565	harbor1	chr9	116052910	116053357	LINE/CR1	588	+	224	116053134	97569
chr10	79031335	79231335	harbor1	chr10	79059735	79059929	LINE/CR1	473	+	97	79059832	28497
chr10	79031335	79231335	harbor1	chr10	79060159	79060318	LINE/CR1	473	+	80	79060239	28904
chr10	98403249	98603249	harbor1	chr10	98473611	98473919	LINE/CR1	531	+	154	98473765	70516
chr10	94017149	94217149	harbor1	chr10	94092901	94093138	LINE/CR1	934	+	118	94093019	75870
chr10	61325394	61525394	harbor1	chr10	61364846	61365042	LINE/CR1	498	+	98	61364944	39550
chr10	61325394	61525394	harbor1	chr10	61414156	61414735	LINE/CR1	611	+	290	61414446	89052
chr10	61325394	61525394	harbor1	chr10	61414975	61415142	LINE/CR1	461	+	84	61415059	89665
chr10	61325394	61525394	harbor1	chr10	61415714	61416237	LINE/CR1	842	+	262	61415976	90582
chr10	44101592	44301592	harbor1	chr10	44102249	44102577	LINE/CR1	482	+	164	44102413	821
chr10	95689335	95889335	harbor1	chr10	95787329	95787672	LINE/CR1	574	+	172	95787501	98166
chr10	95689335	95889335	harbor1	chr10	95788934	95789228	LINE/CR1	479	+	147	95789081	99746
chr10	94046067	94246067	harbor1	chr10	94092901	94093138	LINE/CR1	934	+	118	94093019	46952
chr10	24735189	24935189	harbor1	chr10	24798548	24798863	LINE/CR1	673	+	158	24798706	63517
chr10	74774083	74974083	harbor1	chr10	74839879	74840713	LINE/CR1	1358	+	417	74840296	66213
chr10	62567016	62767016	harbor1	chr10	62631300	62631575	LINE/CR1	668	+	138	62631438	64422
chr10	62567016	62767016	harbor1	chr10	62639284	62639459	LINE/CR1	585	+	88	62639372	72356
chr10	62567016	62767016	harbor1	chr10	62646379	62646722	LINE/CR1	545	+	172	62646551	79535
chr10	105525507	105725507	harbor1	chr10	105574825	105575510	LINE/CR1	944	+	342	105575167	49660
chr10	105525507	105725507	harbor1	chr10	105576247	105576612	LINE/CR1	944	+	182	105576429	50922
chr10	75996392	76196392	harbor1	chr10	76045592	76045817	LINE/CR1	507	+	112	76045704	49312
chr10	75996392	76196392	harbor1	chr10	76085041	76085428	LINE/CR1	593	+	194	76085235	88843
chr10	58326758	58526758	harbor1	chr10	58384250	58384435	LINE/CR1	451	+	92	58384342	57584
chr11	67285670	67485670	harbor1	chr11	67305544	67305672	LINE/CR1	414	+	64	67305608	19938
chr11	75213457	75413457	harbor1	chr11	75216956	75217177	LINE/CR1	874	+	110	75217066	3609
chr11	75213457	75413457	harbor1	chr11	75217591	75217995	LINE/CR1	874	+	202	75217793	4336
chr11	8731299	8931299	harbor1	chr11	8767141	8767437	LINE/CR1	712	+	148	8767289	35990
chr11	8731299	8931299	harbor1	chr11	8825541	8825923	LINE/CR1	779	+	191	8825732	94433
chr11	40312057	40512057	harbor1	chr11	40329364	40329715	LINE/CR1	654	+	176	40329540	17483
chr11	7599749	7799749	harbor1	chr11	7614717	7615053	LINE/CR1	1341	+	168	7614885	15136
chr11	7599749	7799749	harbor1	chr11	7615357	7616126	LINE/CR1	1341	+	384	7615741	15992
chr11	7599749	7799749	harbor1	chr11	7616262	7616626	LINE/CR1	390	+	182	7616444	16695
chr11	7599749	7799749	harbor1	chr11	7692708	7692834	LINE/CR1	416	+	63	7692771	93022
chr11	21489651	21689651	harbor1	chr11	21559225	21559428	LINE/CR1	409	+	102	21559327	69676
chr11	21489651	21689651	harbor1	chr11	21569514	21569726	LINE/CR1	397	+	106	21569620	79969
chr11	95474112	95674112	harbor1	chr11	95479011	95479280	LINE/CR1	689	+	134	95479145	5033
chr11	95474112	95674112	harbor1	chr11	95570423	95570792	LINE/CR1	1003	+	184	95570607	96495
chr11	102350638	102550638	harbor1	chr11	102364576	102364786	LINE/CR1	452	+	105	102364681	14043
chr11	71997262	72197262	harbor1	chr11	72073360	72073720	LINE/CR1	587	+	180	72073540	76278
chr11	23675695	23875695	harbor1	chr11	23760483	23761167	LINE/CR1	579	+	342	23760825	85130
chr11	128557882	128757882	harbor1	chr11	128598958	128599157	LINE/CR1	399	+	100	128599058	41176
chr11	104346183	104546183	harbor1	chr11	104426470	104426810	LINE/CR1	403	+	170	104426640	80457
chr11	30278673	30478673	harbor1	chr11	30378073	30378309	LINE/CR1	524	+	118	30378191	99518
chr11	76821425	77021425	harbor1	chr11	76862576	76862813	LINE/CR1	415	+	118	76862694	41269
chr11	123084950	123284950	harbor1	chr11	123109530	123110105	LINE/CR1	719	+	288	123109818	24868
chr11	123084950	123284950	harbor1	chr11	123179179	123179377	LINE/CR1	403	+	99	123179278	94328
chr11	7398923	7598923	harbor1	chr11	7440267	7441413	LINE/CR1	902	+	573	7440840	41917
chr11	66712144	66912144	harbor1	chr11	66737467	66737716	LINE/CR1	879	+	124	66737591	25447
chr11	118442766	118642766	harbor1	chr11	118447576	118447863	LINE/CR1	677	+	144	118447720	4954
chr11	95476904	95676904	harbor1	chr11	95479011	95479280	LINE/CR1	689	+	134	95479145	2241
chr11	95476904	95676904	harbor1	chr11	95570423	95570792	LINE/CR1	1003	+	184	95570607	93703
chr11	101981020	102181020	harbor1	chr11	102019203	102019451	LINE/CR1	622	+	124	102019327	38307
chr11	111504747	111704747	harbor1	chr11	111594297	111594654	LINE/CR1	673	+	178	111594475	89728
chr11	111504747	111704747	harbor1	chr11	111594903	111595143	LINE/CR1	500	+	120	111595023	90276
chr11	129394922	129594922	harbor1	chr11	129480852	129481029	LINE/CR1	512	+	88	129480940	86018
chr11	121333431	121533431	harbor1	chr11	121340125	121340625	LINE/CR1	1077	+	250	121340375	6944
chr11	121333431	121533431	harbor1	chr11	121390473	121390761	LINE/CR1	611	+	144	121390617	57186
chr11	121333431	121533431	harbor1	chr11	121391063	121391118	LINE/CR1	611	+	28	121391091	57660
chr11	121333431	121533431	harbor1	chr11	121392336	121392531	LINE/CR1	503	+	98	121392434	59003
chr11	26893636	27093636	harbor1	chr11	26915602	26915899	LINE/CR1	479	+	148	26915750	22114
chr11	26893636	27093636	harbor1	chr11	26950849	26951106	LINE/CR1	398	+	128	26950977	57341
chr11	26893636	27093636	harbor1	chr11	26961095	26961341	LINE/CR1	449	+	123	26961218	67582
chr11	29062375	29262375	harbor1	chr11	29112283	29112589	LINE/CR1	557	+	153	29112436	50061
chr11	88388387	88588387	harbor1	chr11	88430655	88431159	LINE/CR1	746	+	252	88430907	42520
chr11	88388387	88588387	harbor1	chr11	88434851	88435020	LINE/CR1	436	+	84	88434935	46548
chr11	88388387	88588387	harbor1	chr11	88435470	88435962	LINE/CR1	436	+	246	88435716	47329
chr11	131460042	131660042	harbor1	chr11	131459508	131460426	LINE/CR1	1158	+	459	131459967	75
chr11	121963765	122163765	harbor1	chr11	121986740	121986987	LINE/CR1	565	+	124	121986864	23099
chr11	121963765	122163765	harbor1	chr11	122043346	122043749	LINE/CR1	639	+	202	122043548	79783
chr11	69356778	69556778	harbor1	chr11	69402605	69402812	LINE/CR1	393	+	104	69402709	45931
chr11	123134655	123334655	harbor1	chr11	123179179	123179377	LINE/CR1	403	+	99	123179278	44623
chr11	118357495	118557495	harbor1	chr11	118447576	118447863	LINE/CR1	677	+	144	118447720	90225
chr11	95438969	95638969	harbor1	chr11	95479011	95479280	LINE/CR1	689	+	134	95479145	40176
chr11	88374871	88574871	harbor1	chr11	88430655	88431159	LINE/CR1	746	+	252	88430907	56036
chr11	88374871	88574871	harbor1	chr11	88434851	88435020	LINE/CR1	436	+	84	88434935	60064
chr11	88374871	88574871	harbor1	chr11	88435470	88435962	LINE/CR1	436	+	246	88435716	60845
chr11	85649151	85849151	harbor1	chr11	85719545	85719728	LINE/CR1	586	+	92	85719637	70486
chr11	78137720	78337720	harbor1	chr11	78172702	78172844	LINE/CR1	572	+	71	78172773	35053
chr11	78137720	78337720	harbor1	chr11	78202657	78202821	LINE/CR1	537	+	82	78202739	65019
chr11	120980118	121180118	harbor1	chr11	120985416	120985807	LINE/CR1	688	+	196	120985612	5494
chr11	62900720	63100720	harbor1	chr11	62995172	62995405	LINE/CR1	473	+	116	62995288	94568
chr11	76053459	76253459	harbor1	chr11	76096378	76096691	LINE/CR1	538	+	156	76096534	43075
chr11	83020976	83220976	harbor1	chr11	83037773	83038159	LINE/CR1	525	+	193	83037966	16990
chr11	23719433	23919433	harbor1	chr11	23760483	23761167	LINE/CR1	579	+	342	23760825	41392
chr11	13485066	13685066	harbor1	chr11	13497231	13497762	LINE/CR1	1046	+	266	13497497	12431
chr11	133001290	133201290	harbor1	chr11	133010465	133011492	LINE/CR1	1041	+	514	133010979	9689
chr11	133001290	133201290	harbor1	chr11	133036552	133036807	LINE/CR1	415	+	128	133036680	35390
chr11	133001290	133201290	harbor1	chr11	133037098	133037483	LINE/CR1	601	+	192	133037290	36000
chr11	49707120	49907120	harbor1	chr11	49749314	49749561	LINE/CR1	406	+	124	49749438	42318
chr11	32256513	32456513	harbor1	chr11	32277510	32278076	LINE/CR1	782	+	283	32277793	21280
chr11	74867983	75067983	harbor1	chr11	74910069	74910352	LINE/CR1	551	+	142	74910211	42228
chr11	12286716	12486716	harbor1	chr11	12343518	12344013	LINE/CR1	1399	+	248	12343766	57050
chr11	12286716	12486716	harbor1	chr11	12344325	12344472	LINE/CR1	1399	+	74	12344399	57683
chr11	12286716	12486716	harbor1	chr11	12344801	12344826	LINE/CR1	1399	+	12	12344813	58097
chr11	12286716	12486716	harbor1	chr11	12345147	12346272	LINE/CR1	1399	+	562	12345709	58993
chr11	9018191	9218191	harbor1	chr11	9028689	9029002	LINE/CR1	517	+	156	9028845	10654
chr11	14582869	14782869	harbor1	chr11	14670389	14670720	LINE/CR1	684	+	166	14670555	87686
chr11	62917026	63117026	harbor1	chr11	62995172	62995405	LINE/CR1	473	+	116	62995288	78262
chr11	123475973	123675973	harbor1	chr11	123481756	123482087	LINE/CR1	991	+	166	123481922	5949
chr11	123475973	123675973	harbor1	chr11	123482397	123482786	LINE/CR1	991	+	194	123482591	6618
chr11	123475973	123675973	harbor1	chr11	123483036	123483191	LINE/CR1	991	+	78	123483114	7141
chr11	123475973	123675973	harbor1	chr11	123552263	123552275	LINE/CR1	459	+	6	123552269	76296
chr11	123475973	123675973	harbor1	chr11	123552551	123552738	LINE/CR1	459	+	94	123552645	76672
chr11	123475973	123675973	harbor1	chr11	123562929	123563348	LINE/CR1	571	+	210	123563139	87166
chr11	123475973	123675973	harbor1	chr11	123565639	123565761	LINE/CR1	405	+	61	123565700	89727
chr11	113746120	113946120	harbor1	chr11	113756285	113756494	LINE/CR1	447	+	104	113756389	10269
chr11	109175385	109375385	harbor1	chr11	109240666	109241340	LINE/CR1	875	+	337	109241003	65618
chr11	10446664	10646664	harbor1	chr11	10536364	10536617	LINE/CR1	926	+	126	10536490	89826
chr11	10446664	10646664	harbor1	chr11	10536762	10537307	LINE/CR1	926	+	272	10537034	90370
chr11	83901266	84101266	harbor1	chr11	83975735	83976049	LINE/CR1	410	+	157	83975892	74626
chr11	83901266	84101266	harbor1	chr11	83902323	83902884	LINE/CR1	631	+	280	83902603	1337
chr11	5384615	5584615	harbor1	chr11	5436227	5436442	LINE/CR1	422	+	108	5436335	51720
chr11	75168679	75368679	harbor1	chr11	75212480	75212729	LINE/CR1	593	+	124	75212604	43925
chr11	75168679	75368679	harbor1	chr11	75216956	75217177	LINE/CR1	874	+	110	75217066	48387
chr11	75168679	75368679	harbor1	chr11	75217591	75217995	LINE/CR1	874	+	202	75217793	49114
chr11	127350412	127550412	harbor1	chr11	127443012	127443775	LINE/CR1	1684	+	382	127443394	92982
chr11	127350412	127550412	harbor1	chr11	127444948	127445160	LINE/CR1	489	+	106	127445054	94642
chr11	15249896	15449896	harbor1	chr11	15277499	15277779	LINE/CR1	466	+	140	15277639	27743
chr11	26823811	27023811	harbor1	chr11	26915602	26915899	LINE/CR1	479	+	148	26915750	91939
chr11	46371371	46571371	harbor1	chr11	46440607	46441231	LINE/CR1	1373	+	312	46440919	69548
chr11	46371371	46571371	harbor1	chr11	46441525	46441964	LINE/CR1	1373	+	220	46441745	70374
chr11	87861723	88061723	harbor1	chr11	87925694	87925919	LINE/CR1	448	+	112	87925806	64083
chr11	104703064	104903064	harbor1	chr11	104725606	104725725	LINE/CR1	516	+	60	104725666	22602
chr11	104703064	104903064	harbor1	chr11	104726747	104727017	LINE/CR1	498	+	135	104726882	23818
chr11	104703064	104903064	harbor1	chr11	104757210	104757519	LINE/CR1	605	+	154	104757364	54300
chr11	104703064	104903064	harbor1	chr11	104726344	104726613	LINE/CR1	516	+	134	104726478	23414
chr11	104394103	104594103	harbor1	chr11	104426470	104426810	LINE/CR1	403	+	170	104426640	32537
chr11	130590810	130790810	harbor1	chr11	130689551	130690000	LINE/CR1	713	+	224	130689775	98965
chr11	17644643	17844643	harbor1	chr11	17688747	17689118	LINE/CR1	483	+	186	17688933	44290
chr11	17644643	17844643	harbor1	chr11	17693393	17694270	LINE/CR1	432	+	438	17693831	49188
chr11	27928269	28128269	harbor1	chr11	27998289	27998551	LINE/CR1	521	+	131	27998420	70151
chr11	106429639	106629639	harbor1	chr11	106522349	106522693	LINE/CR1	397	+	172	106522521	92882
chr11	16089545	16289545	harbor1	chr11	16113800	16114166	LINE/CR1	676	+	183	16113983	24438
chr11	10075016	10275016	harbor1	chr11	10074932	10075132	LINE/CR1	464	+	100	10075032	16
chr11	41932777	42132777	harbor1	chr11	41954235	41954569	LINE/CR1	406	+	167	41954402	21625
chr11	7569294	7769294	harbor1	chr11	7614717	7615053	LINE/CR1	1341	+	168	7614885	45591
chr11	7569294	7769294	harbor1	chr11	7615357	7616126	LINE/CR1	1341	+	384	7615741	46447
chr11	7569294	7769294	harbor1	chr11	7616262	7616626	LINE/CR1	390	+	182	7616444	47150
chr11	26384208	26584208	harbor1	chr11	26410515	26410825	LINE/CR1	689	+	155	26410670	26462
chr11	122003914	122203914	harbor1	chr11	122043346	122043749	LINE/CR1	639	+	202	122043548	39634
chr11	122003914	122203914	harbor1	chr11	122081884	122082031	LINE/CR1	435	+	74	122081958	78044
chr11	122003914	122203914	harbor1	chr11	122082123	122082387	LINE/CR1	467	+	132	122082255	78341
chr11	122003914	122203914	harbor1	chr11	122085903	122086130	LINE/CR1	498	+	114	122086017	82103
chr11	127802337	128002337	harbor1	chr11	127866065	127866306	LINE/CR1	435	+	120	127866185	63848
chr11	101922535	102122535	harbor1	chr11	101974364	101974533	LINE/CR1	462	+	84	101974448	51913
chr11	101922535	102122535	harbor1	chr11	102019203	102019451	LINE/CR1	622	+	124	102019327	96792
chr11	19057301	19257301	harbor1	chr11	19107423	19107610	LINE/CR1	411	+	94	19107517	50216
chr11	19057301	19257301	harbor1	chr11	19107914	19108091	LINE/CR1	411	+	88	19108002	50701
chr11	19057301	19257301	harbor1	chr11	19150283	19150458	LINE/CR1	420	+	88	19150371	93070
chr12	100983460	101183460	harbor1	chr12	101021897	101022168	LINE/CR1	448	+	136	101022033	38573
chr12	99489484	99689484	harbor1	chr12	99506458	99506764	LINE/CR1	629	+	153	99506611	17127
chr12	99489484	99689484	harbor1	chr12	99523169	99523548	LINE/CR1	522	+	190	99523359	33875
chr12	99489484	99689484	harbor1	chr12	99523852	99523910	LINE/CR1	522	+	29	99523881	34397
chr12	99489484	99689484	harbor1	chr12	99549045	99549483	LINE/CR1	1075	+	219	99549264	59780
chr12	20794026	20994026	harbor1	chr12	20877338	20877600	LINE/CR1	470	+	131	20877469	83443
chr12	85382035	85582035	harbor1	chr12	85436502	85436741	LINE/CR1	507	+	120	85436622	54587
chr12	5329102	5529102	harbor1	chr12	5338824	5339260	LINE/CR1	529	+	218	5339042	9940
chr12	32480134	32680134	harbor1	chr12	32510664	32510852	LINE/CR1	515	+	94	32510758	30624
chr12	24591619	24791619	harbor1	chr12	24645325	24645615	LINE/CR1	976	+	145	24645470	53851
chr12	24591619	24791619	harbor1	chr12	24648943	24649274	LINE/CR1	457	+	166	24649109	57490
chr12	13136771	13336771	harbor1	chr12	13225255	13225565	LINE/CR1	777	+	155	13225410	88639
chr12	102425755	102625755	harbor1	chr12	102439563	102440098	LINE/CR1	737	+	268	102439831	14076
chr12	16175546	16375546	harbor1	chr12	16212787	16213259	LINE/CR1	574	+	236	16213023	37477
chr12	12657799	12857799	harbor1	chr12	12726875	12727095	LINE/CR1	453	+	110	12726985	69186
chr12	13928905	14128905	harbor1	chr12	13929131	13929397	LINE/CR1	588	+	133	13929264	359
chr12	13928905	14128905	harbor1	chr12	13930244	13930422	LINE/CR1	492	+	89	13930333	1428
chr12	13928905	14128905	harbor1	chr12	13930657	13931085	LINE/CR1	681	+	214	13930871	1966
chr12	32290100	32490100	harbor1	chr12	32360364	32361273	LINE/CR1	1271	+	454	32360818	70718
chr12	32290100	32490100	harbor1	chr12	32361577	32361643	LINE/CR1	1271	+	33	32361610	71510
chr12	51474746	51674746	harbor1	chr12	51520478	51520643	LINE/CR1	519	+	82	51520560	45814
chr12	25393137	25593137	harbor1	chr12	25420154	25420392	LINE/CR1	530	+	119	25420273	27136
chr12	61338506	61538506	harbor1	chr12	61406905	61407063	LINE/CR1	607	+	79	61406984	68478
chr12	61338506	61538506	harbor1	chr12	61407070	61407177	LINE/CR1	496	+	54	61407124	68618
chr12	5069188	5269188	harbor1	chr12	5134606	5135151	LINE/CR1	693	+	272	5134878	65690
chr12	85415745	85615745	harbor1	chr12	85436502	85436741	LINE/CR1	507	+	120	85436622	20877
chr12	29920234	30120234	harbor1	chr12	29943127	29944430	LINE/CR1	2329	+	652	29943779	23545
chr12	43917586	44117586	harbor1	chr12	43975964	43976276	LINE/CR1	437	+	156	43976120	58534
chr13	47380733	47580733	harbor1	chr13	47436817	47437130	LINE/CR1	970	+	156	47436973	56240
chr13	47380733	47580733	harbor1	chr13	47437493	47437627	LINE/CR1	970	+	67	47437560	56827
chr13	50456224	50656224	harbor1	chr13	50460130	50460393	LINE/CR1	800	+	132	50460262	4038
chr13	40336910	40536910	harbor1	chr13	40338698	40339019	LINE/CR1	539	+	160	40338858	1948
chr13	58732314	58932314	harbor1	chr13	58752589	58752828	LINE/CR1	852	+	120	58752709	20395
chr14	29655336	29855336	harbor1	chr14	29670896	29671726	LINE/CR1	981	+	415	29671311	15975
chr14	33335062	33535062	harbor1	chr14	33369030	33369554	LINE/CR1	712	+	262	33369292	34230
chr14	85133911	85333911	harbor1	chr14	85172053	85172301	LINE/CR1	472	+	124	85172177	38266
chr14	79998865	80198865	harbor1	chr14	80045842	80045986	LINE/CR1	468	+	72	80045914	47049
chr14	79998865	80198865	harbor1	chr14	80046297	80046505	LINE/CR1	468	+	104	80046401	47536
chr14	79998865	80198865	harbor1	chr14	80053571	80053785	LINE/CR1	488	+	107	80053678	54813
chr14	39691917	39891917	harbor1	chr14	39708388	39708536	LINE/CR1	422	+	74	39708462	16545
chr14	25037602	25237602	harbor1	chr14	25087480	25087647	LINE/CR1	586	+	84	25087564	49962
chr14	24256088	24456088	harbor1	chr14	24278284	24279173	LINE/CR1	1088	+	444	24278728	22640
chr14	44219092	44419092	harbor1	chr14	44275257	44275599	LINE/CR1	625	+	171	44275428	56336
chr14	49916153	50116153	harbor1	chr14	50013685	50014165	LINE/CR1	867	+	240	50013925	97772
chr14	55407632	55607632	harbor1	chr14	55424804	55425534	LINE/CR1	936	+	365	55425169	17537
chr14	55407632	55607632	harbor1	chr14	55425952	55425985	LINE/CR1	793	+	16	55425968	18336
chr14	55407632	55607632	harbor1	chr14	55426297	55427211	LINE/CR1	793	+	457	55426754	19122
chr14	84253716	84453716	harbor1	chr14	84271192	84271903	LINE/CR1	887	+	356	84271548	17832
chr14	67363483	67563483	harbor1	chr14	67446634	67446820	LINE/CR1	592	+	93	67446727	83244
chr14	67363483	67563483	harbor1	chr14	67448835	67449205	LINE/CR1	485	+	185	67449020	85537
chr14	81914270	82114270	harbor1	chr14	81927166	81927491	LINE/CR1	448	+	162	81927328	13058
chr14	40223085	40423085	harbor1	chr14	40237668	40238092	LINE/CR1	683	+	212	40237880	14795
chr14	54355858	54555858	harbor1	chr14	54425685	54426084	LINE/CR1	536	+	200	54425885	70027
chr14	99760514	99960514	harbor1	chr14	99785355	99786010	LINE/CR1	817	+	328	99785683	25169
chr14	36709619	36909619	harbor1	chr14	36736496	36737119	LINE/CR1	987	+	312	36736808	27189
chr14	74177464	74377464	harbor1	chr14	74208912	74209059	LINE/CR1	694	+	74	74208986	31522
chr14	24234656	24434656	harbor1	chr14	24278284	24279173	LINE/CR1	1088	+	444	24278728	44072
chr14	56767225	56967225	harbor1	chr14	56826352	56826828	LINE/CR1	418	+	238	56826590	59365
chr14	27003425	27203425	harbor1	chr14	27070647	27071708	LINE/CR1	539	+	530	27071177	67752
chr15	67665317	67865317	harbor1	chr15	67741736	67741897	LINE/CR1	655	+	80	67741816	76499
chr15	67665317	67865317	harbor1	chr15	67742191	67742350	LINE/CR1	655	+	80	67742271	76954
chr15	86265597	86465597	harbor1	chr15	86357060	86357401	LINE/CR1	812	+	170	86357230	91633
chr15	93593913	93793913	harbor1	chr15	93599381	93600488	LINE/CR1	1325	+	554	93599935	6022
chr15	51964115	52164115	harbor1	chr15	52005853	52006379	LINE/CR1	866	+	263	52006116	42001
chr15	79910115	80110115	harbor1	chr15	79913566	79914678	LINE/CR1	892	+	556	79914122	4007
chr15	50193765	50393765	harbor1	chr15	50231733	50232050	LINE/CR1	665	+	158	50231891	38126
chr15	50193765	50393765	harbor1	chr15	50250377	50250522	LINE/CR1	495	+	72	50250449	56684
chr15	51780928	51980928	harbor1	chr15	51818685	51818933	LINE/CR1	506	+	124	51818809	37881
chr15	51780928	51980928	harbor1	chr15	51819406	51819760	LINE/CR1	613	+	177	51819583	38655
chr15	59109086	59309086	harbor1	chr15	59193477	59193858	LINE/CR1	425	+	190	59193667	84581
chr15	73429778	73629778	harbor1	chr15	73472760	73473107	LINE/CR1	687	+	174	73472934	43156
chr15	73429778	73629778	harbor1	chr15	73473418	73473455	LINE/CR1	687	+	18	73473436	43658
chr16	79247025	79447025	harbor1	chr16	79323519	79323875	LINE/CR1	462	+	178	79323697	76672
chr16	79247025	79447025	harbor1	chr16	79325629	79325898	LINE/CR1	568	+	134	79325763	78738
chr16	24691652	24891652	harbor1	chr16	24747462	24748150	LINE/CR1	824	+	344	24747806	56154
chr16	24378321	24578321	harbor1	chr16	24463272	24463442	LINE/CR1	446	+	85	24463357	85036
chr16	84506681	84706681	harbor1	chr16	84534476	84534752	LINE/CR1	507	+	138	84534614	27933
chr16	30436882	30636882	harbor1	chr16	30454287	30454540	LINE/CR1	482	+	126	30454413	17531
chr16	82195950	82395950	harbor1	chr16	82281820	82282675	LINE/CR1	1261	+	428	82282248	86298
chr16	24722355	24922355	harbor1	chr16	24747462	24748150	LINE/CR1	824	+	344	24747806	25451
chr16	17878368	18078368	harbor1	chr16	17931212	17931446	LINE/CR1	538	+	117	17931329	52961
chr16	13545688	13745688	harbor1	chr16	13588163	13588461	LINE/CR1	798	+	149	13588312	42624
chr16	27884862	28084862	harbor1	chr16	27938587	27938942	LINE/CR1	476	+	178	27938765	53903
chr17	16615146	16815146	harbor1	chr17	16655294	16655599	LINE/CR1	584	+	152	16655446	40300
chr17	53704825	53904825	harbor1	chr17	53794283	53794527	LINE/CR1	544	+	122	53794405	89580
chr17	42176876	42376876	harbor1	chr17	42203452	42203626	LINE/CR1	636	+	87	42203539	26663
chr17	42176876	42376876	harbor1	chr17	42203927	42204048	LINE/CR1	636	+	60	42203987	27111
chr17	60270176	60470176	harbor1	chr17	60318018	60318275	LINE/CR1	593	+	128	60318146	47970
chr17	18803951	19003951	harbor1	chr17	18823303	18823711	LINE/CR1	896	+	204	18823507	19556
chr17	18803951	19003951	harbor1	chr17	18861675	18861879	LINE/CR1	531	+	102	18861777	57826
chr17	18803951	19003951	harbor1	chr17	18862188	18862382	LINE/CR1	531	+	97	18862285	58334
chr17	35080978	35280978	harbor1	chr17	35149720	35149875	LINE/CR1	492	+	78	35149798	68820
chr17	1424888	1624888	harbor1	chr17	1497593	1497816	LINE/CR1	887	+	112	1497705	72817
chr17	51818734	52018734	harbor1	chr17	51832656	51832997	LINE/CR1	490	+	170	51832826	14092
chr17	65239108	65439108	harbor1	chr17	65297598	65297836	LINE/CR1	788	+	119	65297717	58609
chr17	65239108	65439108	harbor1	chr17	65298378	65298602	LINE/CR1	726	+	112	65298490	59382
chr17	65239108	65439108	harbor1	chr17	65323390	65323899	LINE/CR1	985	+	254	65323644	84536
chr17	65239108	65439108	harbor1	chr17	65324192	65324425	LINE/CR1	985	+	116	65324308	85200
chr17	51648157	51848157	harbor1	chr17	51685492	51685726	LINE/CR1	518	+	117	51685609	37452
chr17	70075526	70275526	harbor1	chr17	70099264	70099590	LINE/CR1	478	+	163	70099427	23901
chr17	36605441	36805441	harbor1	chr17	36620334	36620659	LINE/CR1	556	+	162	36620496	15055
chr17	77334167	77534167	harbor1	chr17	77353186	77353540	LINE/CR1	504	+	177	77353363	19196
chr17	77334167	77534167	harbor1	chr17	77370884	77371164	LINE/CR1	538	+	140	77371024	36857
chr17	70012207	70212207	harbor1	chr17	70099264	70099590	LINE/CR1	478	+	163	70099427	87220
chr17	6438927	6638927	harbor1	chr17	6490390	6490672	LINE/CR1	544	+	141	6490531	51604
chr17	67537581	67737581	harbor1	chr17	67540638	67540934	LINE/CR1	653	+	148	67540786	3205
chr17	67537581	67737581	harbor1	chr17	67541243	67542025	LINE/CR1	653	+	391	67541634	4053
chr17	6491932	6691932	harbor1	chr17	6559568	6559814	LINE/CR1	575	+	123	6559691	67759
chr17	41266533	41466533	harbor1	chr17	41291304	41291817	LINE/CR1	587	+	256	41291560	25027
chr17	55134541	55334541	harbor1	chr17	55222781	55222976	LINE/CR1	568	+	98	55222879	88338
chr17	14162247	14362247	harbor1	chr17	14191008	14191210	LINE/CR1	621	+	101	14191109	28862
chr17	69260842	69460842	harbor1	chr17	69331788	69332668	LINE/CR1	1490	+	440	69332228	71386
chr17	64615714	64815714	harbor1	chr17	64694224	64694629	LINE/CR1	602	+	202	64694426	78712
chr17	64615714	64815714	harbor1	chr17	64694928	64695142	LINE/CR1	602	+	107	64695035	79321
chr17	40673173	40873173	harbor1	chr17	40691818	40692252	LINE/CR1	744	+	217	40692035	18862
chr17	68677269	68877269	harbor1	chr17	68704028	68704536	LINE/CR1	578	+	254	68704282	27013
chr17	13117122	13317122	harbor1	chr17	13127530	13127705	LINE/CR1	539	+	88	13127618	10496
chr17	13117122	13317122	harbor1	chr17	13128006	13128218	LINE/CR1	539	+	106	13128112	10990
chr17	13117122	13317122	harbor1	chr17	13123293	13123993	LINE/CR1	785	+	350	13123643	6521
chr18	26390349	26590349	harbor1	chr18	26438235	26438486	LINE/CR1	574	+	126	26438361	48012
chr18	33053002	33253002	harbor1	chr18	33071437	33071879	LINE/CR1	853	+	221	33071658	18656
chr18	33053002	33253002	harbor1	chr18	33113569	33113771	LINE/CR1	502	+	101	33113670	60668
chr18	49439935	49639935	harbor1	chr18	49464774	49465022	LINE/CR1	636	+	124	49464898	24963
chr18	43090120	43290120	harbor1	chr18	43138668	43139307	LINE/CR1	913	+	320	43138988	48868
chr18	13469288	13669288	harbor1	chr18	13496077	13496392	LINE/CR1	506	+	158	13496235	26947
chr20	17757330	17957330	harbor1	chr20	17798917	17799201	LINE/CR1	755	+	142	17799059	41729
chr20	17757330	17957330	harbor1	chr20	17799455	17799540	LINE/CR1	755	+	42	17799497	42167
chr20	17757330	17957330	harbor1	chr20	17799868	17800184	LINE/CR1	755	+	158	17800026	42696
chr20	41219839	41419839	harbor1	chr20	41232076	41232279	LINE/CR1	471	+	102	41232178	12339
chr20	41219839	41419839	harbor1	chr20	41293131	41293155	LINE/CR1	449	+	12	41293143	73304
chr20	41219839	41419839	harbor1	chr20	41293322	41293468	LINE/CR1	449	+	73	41293395	73556
chr20	13106023	13306023	harbor1	chr20	13149647	13150010	LINE/CR1	612	+	182	13149829	43806
chr20	42199979	42399979	harbor1	chr20	42254162	42254278	LINE/CR1	495	+	58	42254220	54241
chr20	42199979	42399979	harbor1	chr20	42254439	42254656	LINE/CR1	495	+	108	42254547	54568
chr20	42199979	42399979	harbor1	chr20	42256267	42256654	LINE/CR1	990	+	194	42256461	56482
chr20	42199979	42399979	harbor1	chr20	42257113	42257226	LINE/CR1	990	+	56	42257169	57190
chr20	9402040	9602040	harbor1	chr20	9452861	9453206	LINE/CR1	488	+	172	9453033	50993
chr20	6569772	6769772	harbor1	chr20	6621555	6621948	LINE/CR1	609	+	196	6621751	51979
chr20	6569772	6769772	harbor1	chr20	6622356	6622628	LINE/CR1	430	+	136	6622492	52720
chr20	6569772	6769772	harbor1	chr20	6623142	6623554	LINE/CR1	721	+	206	6623348	53576
chr20	19356745	19556745	harbor1	chr20	19402066	19402836	LINE/CR1	449	+	385	19402451	45706
chr20	19356745	19556745	harbor1	chr20	19403047	19403237	LINE/CR1	449	+	95	19403142	46397
chr20	19356745	19556745	harbor1	chr20	19454304	19454864	LINE/CR1	946	+	280	19454584	97839
chr20	38757782	38957782	harbor1	chr20	38821287	38821530	LINE/CR1	480	+	122	38821409	63627
chr20	38757782	38957782	harbor1	chr20	38822704	38823358	LINE/CR1	563	+	327	38823031	65249
chr20	38757782	38957782	harbor1	chr20	38823670	38823817	LINE/CR1	563	+	74	38823744	65962
chr20	17346552	17546552	harbor1	chr20	17371903	17372122	LINE/CR1	414	+	110	17372013	25461
chr22	44176045	44376045	harbor1	chr22	44223766	44223894	LINE/CR1	453	+	64	44223830	47785
chr22	27833544	28033544	harbor1	chr22	27912665	27912699	LINE/CR1	504	+	17	27912682	79138
chr22	27833544	28033544	harbor1	chr22	27913004	27913193	LINE/CR1	504	+	94	27913098	79554
chr22	27833544	28033544	harbor1	chr22	27913578	27914114	LINE/CR1	838	+	268	27913846	80302
chr22	24232807	24432807	harbor1	chr22	24293473	24293913	LINE/CR1	519	+	220	24293693	60886
chr22	27975529	28175529	harbor1	chr22	28023646	28023750	LINE/CR1	525	+	52	28023698	48169
chrX	69199112	69399112	harbor1	chrX	69217668	69217932	LINE/CR1	637	+	132	69217800	18688
