H_chr	H_start	H_end	Harbor	TE_chr	TE_start	TE_end	TE	score	TE_strand	TE_half	TE_middle_pos	TE_dis
chr1	103708441	103908441	harbor1	chr1	103783766	103784166	LTR/ERVL-MaLR	2453	-	200	103783966	75525
chr1	234473588	234673588	harbor1	chr1	234492311	234492672	LTR/ERVL-MaLR	2039	-	180	234492491	18903
chr1	217328960	217528960	harbor1	chr1	217328718	217329101	LTR/ERVL-MaLR	2286	-	192	217328910	50
chr1	217328960	217528960	harbor1	chr1	217329102	217329303	LTR/ERVL-MaLR	10146	-	100	217329202	242
chr1	217328960	217528960	harbor1	chr1	217329608	217331060	LTR/ERVL-MaLR	10146	-	726	217330334	1374
chr1	217328960	217528960	harbor1	chr1	217331061	217331448	LTR/ERVL-MaLR	2204	-	194	217331255	2295
chr1	217328960	217528960	harbor1	chr1	217404496	217404842	LTR/ERVL-MaLR	1875	-	173	217404669	75709
chr1	161699396	161899396	harbor1	chr1	161754449	161754806	LTR/ERVL-MaLR	2226	-	178	161754627	55231
chr1	161699396	161899396	harbor1	chr1	161770336	161770699	LTR/ERVL-MaLR	1506	-	182	161770518	71122
chr1	161699396	161899396	harbor1	chr1	161782780	161783385	LTR/ERVL-MaLR	1883	-	302	161783082	83686
chr1	36619682	36819682	harbor1	chr1	36621052	36621167	LTR/ERVL-MaLR	466	-	58	36621110	1428
chr1	36619682	36819682	harbor1	chr1	36621632	36622046	LTR/ERVL-MaLR	1942	-	207	36621839	2157
chr1	36619682	36819682	harbor1	chr1	36622334	36622377	LTR/ERVL-MaLR	1942	-	22	36622356	2674
chr1	36619682	36819682	harbor1	chr1	36622675	36622698	LTR/ERVL-MaLR	1942	-	12	36622687	3005
chr1	36619682	36819682	harbor1	chr1	36662181	36662232	LTR/ERVL-MaLR	1649	-	26	36662207	42525
chr1	36619682	36819682	harbor1	chr1	36662277	36662677	LTR/ERVL-MaLR	1649	-	200	36662477	42795
chr1	36619682	36819682	harbor1	chr1	36677460	36677954	LTR/ERVL-MaLR	1310	-	247	36677707	58025
chr1	36619682	36819682	harbor1	chr1	36679150	36679619	LTR/ERVL-MaLR	1913	-	234	36679384	59702
chr1	36619682	36819682	harbor1	chr1	36702886	36703301	LTR/ERVL-MaLR	2303	-	208	36703094	83412
chr1	187934296	188134296	harbor1	chr1	187960513	187960596	LTR/ERVL-MaLR	425	-	42	187960555	26259
chr1	187934296	188134296	harbor1	chr1	187960652	187960915	LTR/ERVL-MaLR	1312	-	132	187960784	26488
chr1	187934296	188134296	harbor1	chr1	187980909	187981334	LTR/ERVL-MaLR	1443	-	212	187981121	46825
chr1	187934296	188134296	harbor1	chr1	187995196	187995580	LTR/ERVL-MaLR	1471	-	192	187995388	61092
chr1	187934296	188134296	harbor1	chr1	187997838	187998216	LTR/ERVL-MaLR	1501	-	189	187998027	63731
chr1	187934296	188134296	harbor1	chr1	188015549	188015917	LTR/ERVL-MaLR	1840	-	184	188015733	81437
chr1	79114311	79314311	harbor1	chr1	79122979	79123384	LTR/ERVL-MaLR	1461	-	202	79123181	8870
chr1	79114311	79314311	harbor1	chr1	79136382	79136693	LTR/ERVL-MaLR	1095	-	156	79136538	22227
chr1	79114311	79314311	harbor1	chr1	79147290	79147649	LTR/ERVL-MaLR	2227	-	180	79147470	33159
chr1	79114311	79314311	harbor1	chr1	79156603	79157083	LTR/ERVL-MaLR	595	-	240	79156843	42532
chr1	79114311	79314311	harbor1	chr1	79166737	79166851	LTR/ERVL-MaLR	425	-	57	79166794	52483
chr1	79114311	79314311	harbor1	chr1	79179087	79179435	LTR/ERVL-MaLR	1921	-	174	79179261	64950
chr1	79114311	79314311	harbor1	chr1	79179437	79179570	LTR/ERVL-MaLR	1092	-	66	79179503	65192
chr1	79114311	79314311	harbor1	chr1	79179561	79179784	LTR/ERVL-MaLR	1530	-	112	79179673	65362
chr1	79114311	79314311	harbor1	chr1	79179785	79180143	LTR/ERVL-MaLR	2172	-	179	79179964	65653
chr1	232202979	232402979	harbor1	chr1	232235416	232235737	LTR/ERVL-MaLR	1528	-	160	232235576	32597
chr1	232202979	232402979	harbor1	chr1	232245552	232245985	LTR/ERVL-MaLR	2586	-	216	232245768	42789
chr1	232202979	232402979	harbor1	chr1	232278008	232278438	LTR/ERVL-MaLR	2534	-	215	232278223	75244
chr1	244268148	244468148	harbor1	chr1	244308508	244308961	LTR/ERVL-MaLR	1938	-	226	244308734	40586
chr1	244268148	244468148	harbor1	chr1	244343834	244344128	LTR/ERVL-MaLR	873	-	147	244343981	75833
chr1	244268148	244468148	harbor1	chr1	244344529	244344644	LTR/ERVL-MaLR	422	-	58	244344587	76439
chr1	182089820	182289820	harbor1	chr1	182091884	182092218	LTR/ERVL-MaLR	1156	-	167	182092051	2231
chr1	182089820	182289820	harbor1	chr1	182171153	182171378	LTR/ERVL-MaLR	613	-	112	182171265	81445
chr1	182089820	182289820	harbor1	chr1	182185703	182186059	LTR/ERVL-MaLR	895	-	178	182185881	96061
chr1	182089820	182289820	harbor1	chr1	182186662	182187049	LTR/ERVL-MaLR	1143	-	194	182186856	97036
chr1	178962333	179162333	harbor1	chr1	178974628	178974994	LTR/ERVL-MaLR	2037	-	183	178974811	12478
chr1	178962333	179162333	harbor1	chr1	179033633	179033685	LTR/ERVL-MaLR	774	-	26	179033659	71326
chr1	178962333	179162333	harbor1	chr1	179033992	179034384	LTR/ERVL-MaLR	915	-	196	179034188	71855
chr1	178962333	179162333	harbor1	chr1	178962388	178962690	LTR/ERVL-MaLR	1172	-	151	178962539	206
chr1	222698793	222898793	harbor1	chr1	222751806	222752081	LTR/ERVL-MaLR	455	-	138	222751944	53151
chr1	222698793	222898793	harbor1	chr1	222755207	222755575	LTR/ERVL-MaLR	2079	-	184	222755391	56598
chr1	222698793	222898793	harbor1	chr1	222789649	222790011	LTR/ERVL-MaLR	1634	-	181	222789830	91037
chr1	104841676	105041676	harbor1	chr1	104857699	104858129	LTR/ERVL-MaLR	3071	-	215	104857914	16238
chr1	104841676	105041676	harbor1	chr1	104858149	104858509	LTR/ERVL-MaLR	2404	-	180	104858329	16653
chr1	104841676	105041676	harbor1	chr1	104902109	104902220	LTR/ERVL-MaLR	1472	-	56	104902165	60489
chr1	104841676	105041676	harbor1	chr1	104902664	104902906	LTR/ERVL-MaLR	1472	-	121	104902785	61109
chr1	104841676	105041676	harbor1	chr1	104902947	104903304	LTR/ERVL-MaLR	2331	-	178	104903125	61449
chr1	104841676	105041676	harbor1	chr1	104903306	104904908	LTR/ERVL-MaLR	9942	-	801	104904107	62431
chr1	104841676	105041676	harbor1	chr1	104904909	104905271	LTR/ERVL-MaLR	2384	-	181	104905090	63414
chr1	104841676	105041676	harbor1	chr1	104929478	104929695	LTR/ERVL-MaLR	1241	-	108	104929586	87910
chr1	104841676	105041676	harbor1	chr1	104857345	104857698	LTR/ERVL-MaLR	2073	-	176	104857521	15845
chr1	150352413	150552413	harbor1	chr1	150410742	150410892	LTR/ERVL-MaLR	735	-	75	150410817	58404
chr1	150352413	150552413	harbor1	chr1	150449600	150449785	LTR/ERVL-MaLR	899	-	92	150449692	97279
chr1	94585470	94785470	harbor1	chr1	94598601	94598786	LTR/ERVL-MaLR	1724	-	92	94598693	13223
chr1	94585470	94785470	harbor1	chr1	94599100	94599401	LTR/ERVL-MaLR	1724	-	150	94599250	13780
chr1	94585470	94785470	harbor1	chr1	94625360	94625692	LTR/ERVL-MaLR	1798	-	166	94625526	40056
chr1	94585470	94785470	harbor1	chr1	94627145	94627637	LTR/ERVL-MaLR	1958	-	246	94627391	41921
chr1	94585470	94785470	harbor1	chr1	94677808	94677976	LTR/ERVL-MaLR	452	-	84	94677892	92422
chr1	94585470	94785470	harbor1	chr1	94680321	94680673	LTR/ERVL-MaLR	1564	-	176	94680497	95027
chr1	181147469	181347469	harbor1	chr1	181150167	181150583	LTR/ERVL-MaLR	1856	-	208	181150375	2906
chr1	181147469	181347469	harbor1	chr1	181163065	181163435	LTR/ERVL-MaLR	1619	-	185	181163250	15781
chr1	181147469	181347469	harbor1	chr1	181164841	181165210	LTR/ERVL-MaLR	2269	-	184	181165025	17556
chr1	181147469	181347469	harbor1	chr1	181210239	181210675	LTR/ERVL-MaLR	1632	-	218	181210457	62988
chr1	181147469	181347469	harbor1	chr1	181230803	181231279	LTR/ERVL-MaLR	2012	-	238	181231041	83572
chr1	181147469	181347469	harbor1	chr1	181244747	181244966	LTR/ERVL-MaLR	568	-	110	181244857	97388
chr1	203560383	203760383	harbor1	chr1	203562444	203562822	LTR/ERVL-MaLR	2282	-	189	203562633	2250
chr1	203560383	203760383	harbor1	chr1	203613364	203613512	LTR/ERVL-MaLR	501	-	74	203613438	53055
chr1	203560383	203760383	harbor1	chr1	203613820	203613996	LTR/ERVL-MaLR	501	-	88	203613908	53525
chr1	89226195	89426195	harbor1	chr1	89257093	89257453	LTR/ERVL-MaLR	2303	-	180	89257273	31078
chr1	89226195	89426195	harbor1	chr1	89257769	89257944	LTR/ERVL-MaLR	917	-	88	89257857	31662
chr1	89226195	89426195	harbor1	chr1	89282003	89282345	LTR/ERVL-MaLR	2060	-	171	89282174	55979
chr1	89226195	89426195	harbor1	chr1	89285504	89285950	LTR/ERVL-MaLR	1409	-	223	89285727	59532
chr1	89226195	89426195	harbor1	chr1	89288515	89288912	LTR/ERVL-MaLR	1715	-	198	89288713	62518
chr1	89226195	89426195	harbor1	chr1	89289003	89289572	LTR/ERVL-MaLR	2293	-	284	89289287	63092
chr1	89226195	89426195	harbor1	chr1	89293129	89293488	LTR/ERVL-MaLR	2614	-	180	89293309	67114
chr1	50085083	50285083	harbor1	chr1	50090481	50090892	LTR/ERVL-MaLR	1595	-	206	50090687	5604
chr1	8241903	8441903	harbor1	chr1	8252732	8253126	LTR/ERVL-MaLR	2358	-	197	8252929	11026
chr1	8241903	8441903	harbor1	chr1	8267713	8268085	LTR/ERVL-MaLR	2722	-	186	8267899	25996
chr1	8241903	8441903	harbor1	chr1	8297437	8297545	LTR/ERVL-MaLR	495	-	54	8297491	55588
chr1	8241903	8441903	harbor1	chr1	8307353	8307430	LTR/ERVL-MaLR	1603	-	38	8307391	65488
chr1	8241903	8441903	harbor1	chr1	8307550	8307607	LTR/ERVL-MaLR	1603	-	28	8307578	65675
chr1	8241903	8441903	harbor1	chr1	8307608	8307989	LTR/ERVL-MaLR	2054	-	190	8307798	65895
chr1	8241903	8441903	harbor1	chr1	8307990	8308203	LTR/ERVL-MaLR	1603	-	106	8308096	66193
chr1	8241903	8441903	harbor1	chr1	8337034	8337396	LTR/ERVL-MaLR	2860	-	181	8337215	95312
chr1	29488753	29688753	harbor1	chr1	29495716	29496085	LTR/ERVL-MaLR	1761	-	184	29495900	7147
chr1	29488753	29688753	harbor1	chr1	29505014	29505205	LTR/ERVL-MaLR	859	-	96	29505110	16357
chr1	29488753	29688753	harbor1	chr1	29513534	29513754	LTR/ERVL-MaLR	565	-	110	29513644	24891
chr1	29488753	29688753	harbor1	chr1	29513784	29514251	LTR/ERVL-MaLR	2230	-	234	29514018	25265
chr1	29488753	29688753	harbor1	chr1	29544931	29545423	LTR/ERVL-MaLR	1220	-	246	29545177	56424
chr1	29488753	29688753	harbor1	chr1	29560813	29561324	LTR/ERVL-MaLR	1032	-	256	29561069	72316
chr1	29488753	29688753	harbor1	chr1	29572754	29573106	LTR/ERVL-MaLR	531	-	176	29572930	84177
chr1	29488753	29688753	harbor1	chr1	29586985	29587164	LTR/ERVL-MaLR	478	-	90	29587075	98322
chr1	29488753	29688753	harbor1	chr1	29587870	29588058	LTR/ERVL-MaLR	736	-	94	29587964	99211
chr1	59479253	59679253	harbor1	chr1	59574043	59574545	LTR/ERVL-MaLR	1852	-	251	59574294	95041
chr1	154896235	155096235	harbor1	chr1	154904524	154904738	LTR/ERVL-MaLR	1132	-	107	154904631	8396
chr1	154896235	155096235	harbor1	chr1	154916606	154916847	LTR/ERVL-MaLR	1630	-	120	154916726	20491
chr1	154896235	155096235	harbor1	chr1	154916947	154917141	LTR/ERVL-MaLR	1140	-	97	154917044	20809
chr1	29719198	29919198	harbor1	chr1	29720669	29721065	LTR/ERVL-MaLR	1968	-	198	29720867	1669
chr1	29719198	29919198	harbor1	chr1	29726001	29726504	LTR/ERVL-MaLR	600	-	252	29726253	7055
chr1	29719198	29919198	harbor1	chr1	29775436	29775557	LTR/ERVL-MaLR	516	-	60	29775496	56298
chr1	105798872	105998872	harbor1	chr1	105799949	105800309	LTR/ERVL-MaLR	1750	-	180	105800129	1257
chr1	105798872	105998872	harbor1	chr1	105800310	105801936	LTR/ERVL-MaLR	10119	-	813	105801123	2251
chr1	105798872	105998872	harbor1	chr1	105801940	105802305	LTR/ERVL-MaLR	1815	-	182	105802122	3250
chr1	105798872	105998872	harbor1	chr1	105860623	105861025	LTR/ERVL-MaLR	2124	-	201	105860824	61952
chr1	109248550	109448550	harbor1	chr1	109290937	109291372	LTR/ERVL-MaLR	1174	-	218	109291155	42605
chr1	215718321	215918321	harbor1	chr1	215732982	215733419	LTR/ERVL-MaLR	1916	-	218	215733200	14879
chr1	215718321	215918321	harbor1	chr1	215733420	215735035	LTR/ERVL-MaLR	8320	-	808	215734228	15907
chr1	111130357	111330357	harbor1	chr1	111226183	111226510	LTR/ERVL-MaLR	1273	-	164	111226347	95990
chr1	219270043	219470043	harbor1	chr1	219331309	219331736	LTR/ERVL-MaLR	518	-	214	219331523	61480
chr1	219270043	219470043	harbor1	chr1	219332862	219333314	LTR/ERVL-MaLR	1418	-	226	219333088	63045
chr1	219270043	219470043	harbor1	chr1	219336866	219337314	LTR/ERVL-MaLR	1471	-	224	219337090	67047
chr1	219270043	219470043	harbor1	chr1	219358432	219358789	LTR/ERVL-MaLR	2054	-	178	219358610	88567
chr1	219270043	219470043	harbor1	chr1	219366399	219366722	LTR/ERVL-MaLR	759	-	162	219366561	96518
chr1	219270043	219470043	harbor1	chr1	219368162	219368625	LTR/ERVL-MaLR	448	-	232	219368394	98351
chr1	237802493	238002493	harbor1	chr1	237846040	237846437	LTR/ERVL-MaLR	1762	-	198	237846238	43745
chr1	237802493	238002493	harbor1	chr1	237862071	237862350	LTR/ERVL-MaLR	407	-	140	237862211	59718
chr1	237802493	238002493	harbor1	chr1	237870578	237870724	LTR/ERVL-MaLR	560	-	73	237870651	68158
chr1	237802493	238002493	harbor1	chr1	237870811	237870990	LTR/ERVL-MaLR	419	-	90	237870901	68408
chr1	237802493	238002493	harbor1	chr1	237896892	237897391	LTR/ERVL-MaLR	1501	-	250	237897142	94649
chr1	25981437	26181437	harbor1	chr1	26076729	26076890	LTR/ERVL-MaLR	2623	-	80	26076809	95372
chr1	25981437	26181437	harbor1	chr1	26077237	26077595	LTR/ERVL-MaLR	2623	-	179	26077416	95979
chr1	116082008	116282008	harbor1	chr1	116099133	116099513	LTR/ERVL-MaLR	1994	-	190	116099323	17315
chr1	116082008	116282008	harbor1	chr1	116171397	116171457	LTR/ERVL-MaLR	1457	-	30	116171427	89419
chr1	116082008	116282008	harbor1	chr1	116171751	116172168	LTR/ERVL-MaLR	1457	-	208	116171959	89951
chr1	13675368	13875368	harbor1	chr1	13676743	13677152	LTR/ERVL-MaLR	2727	-	204	13676947	1579
chr1	13675368	13875368	harbor1	chr1	13678582	13678943	LTR/ERVL-MaLR	2965	-	180	13678762	3394
chr1	13675368	13875368	harbor1	chr1	13681529	13681878	LTR/ERVL-MaLR	2464	-	174	13681703	6335
chr1	13675368	13875368	harbor1	chr1	13689892	13690246	LTR/ERVL-MaLR	2615	-	177	13690069	14701
chr1	176134461	176334461	harbor1	chr1	176216766	176217001	LTR/ERVL-MaLR	427	-	118	176216884	82423
chr1	156453270	156653270	harbor1	chr1	156461774	156462082	LTR/ERVL-MaLR	1100	-	154	156461928	8658
chr1	156453270	156653270	harbor1	chr1	156514955	156515356	LTR/ERVL-MaLR	845	-	200	156515155	61885
chr1	156453270	156653270	harbor1	chr1	156516859	156517154	LTR/ERVL-MaLR	459	-	148	156517007	63737
chr1	156453270	156653270	harbor1	chr1	156517920	156518035	LTR/ERVL-MaLR	447	-	58	156517978	64708
chr1	156453270	156653270	harbor1	chr1	156515947	156516429	LTR/ERVL-MaLR	1201	-	241	156516188	62918
chr1	230352990	230552990	harbor1	chr1	230398199	230398571	LTR/ERVL-MaLR	2183	-	186	230398385	45395
chr1	230352990	230552990	harbor1	chr1	230437411	230437832	LTR/ERVL-MaLR	1884	-	210	230437621	84631
chr1	230352990	230552990	harbor1	chr1	230439813	230439946	LTR/ERVL-MaLR	2090	-	66	230439879	86889
chr1	230352990	230552990	harbor1	chr1	230440453	230440726	LTR/ERVL-MaLR	2090	-	136	230440589	87599
chr1	230352990	230552990	harbor1	chr1	230442912	230443243	LTR/ERVL-MaLR	1155	-	166	230443078	90088
chr1	168750546	168950546	harbor1	chr1	168761734	168762097	LTR/ERVL-MaLR	2909	-	182	168761916	11370
chr1	168750546	168950546	harbor1	chr1	168800925	168801288	LTR/ERVL-MaLR	2107	-	182	168801107	50561
chr1	168750546	168950546	harbor1	chr1	168812102	168812501	LTR/ERVL-MaLR	1530	-	200	168812302	61756
chr1	168750546	168950546	harbor1	chr1	168813229	168813439	LTR/ERVL-MaLR	1332	-	105	168813334	62788
chr1	168750546	168950546	harbor1	chr1	168823583	168823941	LTR/ERVL-MaLR	1910	-	179	168823762	73216
chr1	171264660	171464660	harbor1	chr1	171330413	171330767	LTR/ERVL-MaLR	2551	-	177	171330590	65930
chr1	171264660	171464660	harbor1	chr1	171348244	171348617	LTR/ERVL-MaLR	2466	-	186	171348430	83770
chr1	171264660	171464660	harbor1	chr1	171351371	171351735	LTR/ERVL-MaLR	2799	-	182	171351553	86893
chr1	154914524	155114524	harbor1	chr1	154916606	154916847	LTR/ERVL-MaLR	1630	-	120	154916726	2202
chr1	154914524	155114524	harbor1	chr1	154916947	154917141	LTR/ERVL-MaLR	1140	-	97	154917044	2520
chr1	195409037	195609037	harbor1	chr1	195413702	195414056	LTR/ERVL-MaLR	1407	-	177	195413879	4842
chr1	195409037	195609037	harbor1	chr1	195417049	195417503	LTR/ERVL-MaLR	1529	-	227	195417276	8239
chr1	195409037	195609037	harbor1	chr1	195417547	195417792	LTR/ERVL-MaLR	490	-	122	195417669	8632
chr1	195409037	195609037	harbor1	chr1	195438645	195439001	LTR/ERVL-MaLR	2123	-	178	195438823	29786
chr1	195409037	195609037	harbor1	chr1	195439002	195440586	LTR/ERVL-MaLR	9040	-	792	195439794	30757
chr1	195409037	195609037	harbor1	chr1	195440589	195440951	LTR/ERVL-MaLR	2203	-	181	195440770	31733
chr1	195409037	195609037	harbor1	chr1	195462432	195462787	LTR/ERVL-MaLR	2052	-	178	195462610	53573
chr1	198379030	198579030	harbor1	chr1	198413935	198414240	LTR/ERVL-MaLR	1071	-	152	198414087	35057
chr1	198379030	198579030	harbor1	chr1	198414320	198414427	LTR/ERVL-MaLR	1071	-	54	198414374	35344
chr1	198379030	198579030	harbor1	chr1	198425393	198425760	LTR/ERVL-MaLR	499	-	184	198425577	46547
chr1	198379030	198579030	harbor1	chr1	198426049	198426459	LTR/ERVL-MaLR	920	-	205	198426254	47224
chr1	198379030	198579030	harbor1	chr1	198426677	198427186	LTR/ERVL-MaLR	691	-	254	198426931	47901
chr1	198379030	198579030	harbor1	chr1	198437171	198437723	LTR/ERVL-MaLR	885	-	276	198437447	58417
chr1	198379030	198579030	harbor1	chr1	198457148	198457565	LTR/ERVL-MaLR	2329	-	208	198457356	78326
chr1	119147098	119347098	harbor1	chr1	119210900	119211369	LTR/ERVL-MaLR	784	-	234	119211134	64036
chr1	119147098	119347098	harbor1	chr1	119240772	119241140	LTR/ERVL-MaLR	1361	-	184	119240956	93858
chr1	80621502	80821502	harbor1	chr1	80621787	80622141	LTR/ERVL-MaLR	1954	-	177	80621964	462
chr1	80621502	80821502	harbor1	chr1	80631673	80631937	LTR/ERVL-MaLR	513	-	132	80631805	10303
chr1	80621502	80821502	harbor1	chr1	80654221	80654584	LTR/ERVL-MaLR	2617	-	182	80654403	32901
chr1	80621502	80821502	harbor1	chr1	80685248	80685617	LTR/ERVL-MaLR	1792	-	184	80685432	63930
chr1	80621502	80821502	harbor1	chr1	80685624	80686714	LTR/ERVL-MaLR	10972	-	545	80686169	64667
chr1	80621502	80821502	harbor1	chr1	80686740	80687262	LTR/ERVL-MaLR	10972	-	261	80687001	65499
chr1	80621502	80821502	harbor1	chr1	80687263	80687623	LTR/ERVL-MaLR	1665	-	180	80687443	65941
chr1	80621502	80821502	harbor1	chr1	80688052	80688618	LTR/ERVL-MaLR	1545	-	283	80688335	66833
chr1	80621502	80821502	harbor1	chr1	80706475	80706871	LTR/ERVL-MaLR	1260	-	198	80706673	85171
chr1	80621502	80821502	harbor1	chr1	80714766	80715160	LTR/ERVL-MaLR	1080	-	197	80714963	93461
chr1	197582611	197782611	harbor1	chr1	197630198	197630550	LTR/ERVL-MaLR	1561	-	176	197630374	47763
chr1	197582611	197782611	harbor1	chr1	197677766	197678139	LTR/ERVL-MaLR	764	-	186	197677952	95341
chr1	239265468	239465468	harbor1	chr1	239285353	239285716	LTR/ERVL-MaLR	2135	-	182	239285535	20067
chr1	239265468	239465468	harbor1	chr1	239325145	239325550	LTR/ERVL-MaLR	669	-	202	239325347	59879
chr1	239265468	239465468	harbor1	chr1	239333869	239334219	LTR/ERVL-MaLR	2019	-	175	239334044	68576
chr1	239265468	239465468	harbor1	chr1	239352218	239352323	LTR/ERVL-MaLR	504	-	52	239352270	86802
chr1	239265468	239465468	harbor1	chr1	239365129	239365495	LTR/ERVL-MaLR	2441	-	183	239365312	99844
chr1	239265468	239465468	harbor1	chr1	239337125	239337517	LTR/ERVL-MaLR	792	-	196	239337321	71853
chr1	114302945	114502945	harbor1	chr1	114313864	114314216	LTR/ERVL-MaLR	2469	-	176	114314040	11095
chr1	114302945	114502945	harbor1	chr1	114331015	114331475	LTR/ERVL-MaLR	1584	-	230	114331245	28300
chr1	114302945	114502945	harbor1	chr1	114340718	114341114	LTR/ERVL-MaLR	2473	-	198	114340916	37971
chr1	79262110	79462110	harbor1	chr1	79320124	79320306	LTR/ERVL-MaLR	921	-	91	79320215	58105
chr1	79262110	79462110	harbor1	chr1	79339468	79339799	LTR/ERVL-MaLR	648	-	166	79339634	77524
chr1	79262110	79462110	harbor1	chr1	79348998	79349360	LTR/ERVL-MaLR	972	-	181	79349179	87069
chr1	79262110	79462110	harbor1	chr1	79349626	79349705	LTR/ERVL-MaLR	972	-	40	79349666	87556
chr1	79262110	79462110	harbor1	chr1	79353291	79353453	LTR/ERVL-MaLR	395	-	81	79353372	91262
chr1	79262110	79462110	harbor1	chr1	79353535	79353727	LTR/ERVL-MaLR	532	-	96	79353631	91521
chr1	87353233	87553233	harbor1	chr1	87387700	87388065	LTR/ERVL-MaLR	1585	-	182	87387882	34649
chr1	87353233	87553233	harbor1	chr1	87407886	87408247	LTR/ERVL-MaLR	1677	-	180	87408066	54833
chr1	87353233	87553233	harbor1	chr1	87421939	87422154	LTR/ERVL-MaLR	2030	-	108	87422047	68814
chr1	87353233	87553233	harbor1	chr1	87422155	87422408	LTR/ERVL-MaLR	2329	-	126	87422281	69048
chr1	87353233	87553233	harbor1	chr1	87422712	87422834	LTR/ERVL-MaLR	2329	-	61	87422773	69540
chr1	87353233	87553233	harbor1	chr1	87422835	87422993	LTR/ERVL-MaLR	2030	-	79	87422914	69681
chr1	87353233	87553233	harbor1	chr1	87443668	87444038	LTR/ERVL-MaLR	2070	-	185	87443853	90620
chr1	87353233	87553233	harbor1	chr1	87444043	87445513	LTR/ERVL-MaLR	7278	-	735	87444778	91545
chr1	87353233	87553233	harbor1	chr1	87445514	87445892	LTR/ERVL-MaLR	2166	-	189	87445703	92470
chr1	57087097	57287097	harbor1	chr1	57089317	57089767	LTR/ERVL-MaLR	2012	-	225	57089542	2445
chr1	57087097	57287097	harbor1	chr1	57157362	57157565	LTR/ERVL-MaLR	1526	-	102	57157464	70367
chr1	57087097	57287097	harbor1	chr1	57157600	57157776	LTR/ERVL-MaLR	1526	-	88	57157688	70591
chr1	57087097	57287097	harbor1	chr1	57171859	57172320	LTR/ERVL-MaLR	2589	-	230	57172089	84992
chr1	57087097	57287097	harbor1	chr1	57172453	57172879	LTR/ERVL-MaLR	2616	-	213	57172666	85569
chr1	57087097	57287097	harbor1	chr1	57176204	57176558	LTR/ERVL-MaLR	2371	-	177	57176381	89284
chr1	43567312	43767312	harbor1	chr1	43586580	43586906	LTR/ERVL-MaLR	845	-	163	43586743	19431
chr1	43567312	43767312	harbor1	chr1	43610329	43610527	LTR/ERVL-MaLR	1179	-	99	43610428	43116
chr1	43567312	43767312	harbor1	chr1	43611050	43611221	LTR/ERVL-MaLR	1179	-	86	43611136	43824
chr1	190839266	191039266	harbor1	chr1	190859472	190859825	LTR/ERVL-MaLR	2221	-	176	190859648	20382
chr1	190839266	191039266	harbor1	chr1	190859826	190861398	LTR/ERVL-MaLR	10825	-	786	190860612	21346
chr1	190839266	191039266	harbor1	chr1	190861405	190861729	LTR/ERVL-MaLR	1806	-	162	190861567	22301
chr1	190839266	191039266	harbor1	chr1	190865535	190865878	LTR/ERVL-MaLR	1731	-	172	190865707	26441
chr1	190839266	191039266	harbor1	chr1	190875159	190875549	LTR/ERVL-MaLR	1344	-	195	190875354	36088
chr1	190839266	191039266	harbor1	chr1	190911022	190911395	LTR/ERVL-MaLR	2206	-	186	190911208	71942
chr1	190839266	191039266	harbor1	chr1	190911396	190912909	LTR/ERVL-MaLR	8872	-	756	190912152	72886
chr1	190839266	191039266	harbor1	chr1	190912910	190913287	LTR/ERVL-MaLR	2328	-	188	190913098	73832
chr1	190839266	191039266	harbor1	chr1	190928230	190928408	LTR/ERVL-MaLR	603	-	89	190928319	89053
chr1	190839266	191039266	harbor1	chr1	190928418	190928593	LTR/ERVL-MaLR	759	-	88	190928506	89240
chr1	190839266	191039266	harbor1	chr1	190928585	190928821	LTR/ERVL-MaLR	428	-	118	190928703	89437
chr1	190839266	191039266	harbor1	chr1	190922624	190923057	LTR/ERVL-MaLR	1179	-	216	190922840	83574
chr1	17977487	18177487	harbor1	chr1	17979162	17979310	LTR/ERVL-MaLR	515	-	74	17979236	1749
chr1	17977487	18177487	harbor1	chr1	17986718	17986924	LTR/ERVL-MaLR	1076	-	103	17986821	9334
chr1	17977487	18177487	harbor1	chr1	17986925	17987288	LTR/ERVL-MaLR	2261	-	182	17987107	9620
chr1	17977487	18177487	harbor1	chr1	17987289	17987531	LTR/ERVL-MaLR	1076	-	121	17987410	9923
chr1	17977487	18177487	harbor1	chr1	17995603	17996059	LTR/ERVL-MaLR	1766	-	228	17995831	18344
chr1	17977487	18177487	harbor1	chr1	17996752	17997125	LTR/ERVL-MaLR	2823	-	186	17996938	19451
chr1	17977487	18177487	harbor1	chr1	18010394	18010794	LTR/ERVL-MaLR	1092	-	200	18010594	33107
chr1	17977487	18177487	harbor1	chr1	18014812	18015184	LTR/ERVL-MaLR	2649	-	186	18014998	37511
chr1	17977487	18177487	harbor1	chr1	18017531	18017906	LTR/ERVL-MaLR	1651	-	188	18017719	40232
chr1	17977487	18177487	harbor1	chr1	18024388	18024787	LTR/ERVL-MaLR	2213	-	200	18024588	47101
chr1	17977487	18177487	harbor1	chr1	18059216	18059655	LTR/ERVL-MaLR	1837	-	220	18059436	81949
chr1	38246	238246	harbor1	chr1	94520	94816	LTR/ERVL-MaLR	470	-	148	94668	56422
chr1	38246	238246	harbor1	chr1	119564	119944	LTR/ERVL-MaLR	2188	-	190	119754	81508
chr1	37092934	37292934	harbor1	chr1	37116072	37116294	LTR/ERVL-MaLR	1898	-	111	37116183	23249
chr1	37092934	37292934	harbor1	chr1	37116606	37116762	LTR/ERVL-MaLR	1898	-	78	37116684	23750
chr1	37092934	37292934	harbor1	chr1	37154337	37154560	LTR/ERVL-MaLR	552	-	112	37154449	61515
chr1	37092934	37292934	harbor1	chr1	37156620	37156973	LTR/ERVL-MaLR	770	-	176	37156796	63862
chr1	37092934	37292934	harbor1	chr1	37157572	37157674	LTR/ERVL-MaLR	400	-	51	37157623	64689
chr1	37092934	37292934	harbor1	chr1	37158959	37159414	LTR/ERVL-MaLR	918	-	228	37159187	66253
chr1	51095933	51295933	harbor1	chr1	51102093	51102324	LTR/ERVL-MaLR	746	-	116	51102209	6276
chr1	51095933	51295933	harbor1	chr1	51122932	51123346	LTR/ERVL-MaLR	2375	-	207	51123139	27206
chr1	51095933	51295933	harbor1	chr1	51129594	51129960	LTR/ERVL-MaLR	1679	-	183	51129777	33844
chr1	51095933	51295933	harbor1	chr1	51139770	51140026	LTR/ERVL-MaLR	865	-	128	51139898	43965
chr1	51095933	51295933	harbor1	chr1	51191011	51191176	LTR/ERVL-MaLR	426	-	82	51191093	95160
chr1	184683952	184883952	harbor1	chr1	184757409	184757819	LTR/ERVL-MaLR	1011	-	205	184757614	73662
chr1	184683952	184883952	harbor1	chr1	184763584	184763948	LTR/ERVL-MaLR	2283	-	182	184763766	79814
chr1	184683952	184883952	harbor1	chr1	184769538	184769974	LTR/ERVL-MaLR	932	-	218	184769756	85804
chr1	53608248	53808248	harbor1	chr1	53608261	53608433	LTR/ERVL-MaLR	1567	-	86	53608347	99
chr1	53608248	53808248	harbor1	chr1	53667600	53667911	LTR/ERVL-MaLR	957	-	156	53667756	59508
chr1	53608248	53808248	harbor1	chr1	53699383	53699413	LTR/ERVL-MaLR	1719	-	15	53699398	91150
chr1	53608248	53808248	harbor1	chr1	53699638	53699963	LTR/ERVL-MaLR	1719	-	162	53699800	91552
chr1	168490883	168690883	harbor1	chr1	168524329	168524512	LTR/ERVL-MaLR	1740	-	92	168524421	33538
chr1	168490883	168690883	harbor1	chr1	168524542	168524743	LTR/ERVL-MaLR	1740	-	100	168524642	33759
chr1	168490883	168690883	harbor1	chr1	168587090	168587465	LTR/ERVL-MaLR	2860	-	188	168587278	96395
chr1	90117123	90317123	harbor1	chr1	90133423	90133759	LTR/ERVL-MaLR	644	-	168	90133591	16468
chr1	90117123	90317123	harbor1	chr1	90138751	90139114	LTR/ERVL-MaLR	2732	-	182	90138933	21810
chr1	90117123	90317123	harbor1	chr1	90139115	90140697	LTR/ERVL-MaLR	9667	-	791	90139906	22783
chr1	90117123	90317123	harbor1	chr1	90140698	90141035	LTR/ERVL-MaLR	2216	-	168	90140866	23743
chr1	90117123	90317123	harbor1	chr1	90152829	90153205	LTR/ERVL-MaLR	2572	-	188	90153017	35894
chr1	90117123	90317123	harbor1	chr1	90153206	90153681	LTR/ERVL-MaLR	3282	-	238	90153444	36321
chr1	90117123	90317123	harbor1	chr1	90174840	90175205	LTR/ERVL-MaLR	1995	-	182	90175022	57899
chr1	90117123	90317123	harbor1	chr1	90184961	90185180	LTR/ERVL-MaLR	504	-	110	90185071	67948
chr1	103162050	103362050	harbor1	chr1	103171126	103171499	LTR/ERVL-MaLR	857	-	186	103171312	9262
chr1	103162050	103362050	harbor1	chr1	103237567	103237970	LTR/ERVL-MaLR	2032	-	202	103237769	75719
chr1	103162050	103362050	harbor1	chr1	103251581	103252026	LTR/ERVL-MaLR	1838	-	222	103251803	89753
chr1	186598105	186798105	harbor1	chr1	186629260	186629440	LTR/ERVL-MaLR	602	-	90	186629350	31245
chr1	186598105	186798105	harbor1	chr1	186629477	186630112	LTR/ERVL-MaLR	1286	-	318	186629795	31690
chr1	186598105	186798105	harbor1	chr1	186630425	186630707	LTR/ERVL-MaLR	688	-	141	186630566	32461
chr1	186598105	186798105	harbor1	chr1	186633200	186633329	LTR/ERVL-MaLR	1627	-	64	186633264	35159
chr1	186598105	186798105	harbor1	chr1	186634035	186634341	LTR/ERVL-MaLR	1627	-	153	186634188	36083
chr1	186598105	186798105	harbor1	chr1	186660109	186660530	LTR/ERVL-MaLR	2412	-	210	186660319	62214
chr1	186598105	186798105	harbor1	chr1	186664412	186664763	LTR/ERVL-MaLR	1424	-	176	186664588	66483
chr1	18254878	18454878	harbor1	chr1	18266494	18266795	LTR/ERVL-MaLR	732	-	150	18266644	11766
chr1	18254878	18454878	harbor1	chr1	18271967	18272352	LTR/ERVL-MaLR	1937	-	192	18272159	17281
chr1	18254878	18454878	harbor1	chr1	18276190	18276623	LTR/ERVL-MaLR	999	-	216	18276406	21528
chr1	18254878	18454878	harbor1	chr1	18310649	18311114	LTR/ERVL-MaLR	2279	-	232	18310881	56003
chr1	18254878	18454878	harbor1	chr1	18311584	18311945	LTR/ERVL-MaLR	2450	-	180	18311764	56886
chr1	18254878	18454878	harbor1	chr1	18312372	18312828	LTR/ERVL-MaLR	2483	-	228	18312600	57722
chr1	18254878	18454878	harbor1	chr1	18319008	18319465	LTR/ERVL-MaLR	1522	-	228	18319236	64358
chr1	18254878	18454878	harbor1	chr1	18321452	18321803	LTR/ERVL-MaLR	1542	-	176	18321628	66750
chr1	18254878	18454878	harbor1	chr1	18336742	18337096	LTR/ERVL-MaLR	2470	-	177	18336919	82041
chr1	18254878	18454878	harbor1	chr1	18340583	18340869	LTR/ERVL-MaLR	1073	-	143	18340726	85848
chr1	18254878	18454878	harbor1	chr1	18341262	18341441	LTR/ERVL-MaLR	799	-	90	18341352	86474
chr1	65858547	66058547	harbor1	chr1	65924519	65925059	LTR/ERVL-MaLR	2018	-	270	65924789	66242
chr1	65858547	66058547	harbor1	chr1	65896118	65896478	LTR/ERVL-MaLR	2552	-	180	65896298	37751
chr1	50482160	50682160	harbor1	chr1	50485340	50485380	LTR/ERVL-MaLR	1594	-	20	50485360	3200
chr1	50482160	50682160	harbor1	chr1	50485697	50486053	LTR/ERVL-MaLR	1594	-	178	50485875	3715
chr1	50482160	50682160	harbor1	chr1	50543920	50544207	LTR/ERVL-MaLR	866	-	144	50544064	61904
chr1	70933892	71133892	harbor1	chr1	70938529	70938873	LTR/ERVL-MaLR	2416	-	172	70938701	4809
chr1	70933892	71133892	harbor1	chr1	70938880	70940454	LTR/ERVL-MaLR	11288	-	787	70939667	5775
chr1	70933892	71133892	harbor1	chr1	70940455	70940808	LTR/ERVL-MaLR	2719	-	176	70940631	6739
chr1	70933892	71133892	harbor1	chr1	70962427	70962794	LTR/ERVL-MaLR	2454	-	184	70962611	28719
chr1	70933892	71133892	harbor1	chr1	70962795	70964339	LTR/ERVL-MaLR	8974	-	772	70963567	29675
chr1	70933892	71133892	harbor1	chr1	70964340	70964700	LTR/ERVL-MaLR	2500	-	180	70964520	30628
chr1	248431237	248631237	harbor1	chr1	248480641	248480846	LTR/ERVL-MaLR	808	-	102	248480743	49506
chr1	248431237	248631237	harbor1	chr1	248511007	248511143	LTR/ERVL-MaLR	582	-	68	248511075	79838
chr1	248431237	248631237	harbor1	chr1	248513067	248513228	LTR/ERVL-MaLR	816	-	80	248513147	81910
chr1	210507012	210707012	harbor1	chr1	210557493	210557844	LTR/ERVL-MaLR	2874	-	176	210557669	50657
chr1	210507012	210707012	harbor1	chr1	210587154	210587519	LTR/ERVL-MaLR	2790	-	182	210587336	80324
chr1	202402460	202602460	harbor1	chr1	202408543	202408678	LTR/ERVL-MaLR	509	-	68	202408611	6151
chr1	202402460	202602460	harbor1	chr1	202434880	202435252	LTR/ERVL-MaLR	1558	-	186	202435066	32606
chr1	202402460	202602460	harbor1	chr1	202446714	202447193	LTR/ERVL-MaLR	816	-	240	202446954	44494
chr1	172112720	172312720	harbor1	chr1	172120088	172120448	LTR/ERVL-MaLR	2456	-	180	172120268	7548
chr1	172112720	172312720	harbor1	chr1	172129445	172129810	LTR/ERVL-MaLR	2231	-	182	172129627	16907
chr1	172112720	172312720	harbor1	chr1	172189630	172190011	LTR/ERVL-MaLR	2253	-	190	172189820	77100
chr1	17904948	18104948	harbor1	chr1	17931959	17932319	LTR/ERVL-MaLR	2761	-	180	17932139	27191
chr1	17904948	18104948	harbor1	chr1	17940019	17940433	LTR/ERVL-MaLR	1884	-	207	17940226	35278
chr1	17904948	18104948	harbor1	chr1	17969432	17969830	LTR/ERVL-MaLR	839	-	199	17969631	64683
chr1	17904948	18104948	harbor1	chr1	17979162	17979310	LTR/ERVL-MaLR	515	-	74	17979236	74288
chr1	17904948	18104948	harbor1	chr1	17986718	17986924	LTR/ERVL-MaLR	1076	-	103	17986821	81873
chr1	17904948	18104948	harbor1	chr1	17986925	17987288	LTR/ERVL-MaLR	2261	-	182	17987107	82159
chr1	17904948	18104948	harbor1	chr1	17987289	17987531	LTR/ERVL-MaLR	1076	-	121	17987410	82462
chr1	17904948	18104948	harbor1	chr1	17995603	17996059	LTR/ERVL-MaLR	1766	-	228	17995831	90883
chr1	17904948	18104948	harbor1	chr1	17996752	17997125	LTR/ERVL-MaLR	2823	-	186	17996938	91990
chr1	17904948	18104948	harbor1	chr1	17907343	17907774	LTR/ERVL-MaLR	765	-	216	17907559	2611
chr1	119129690	119329690	harbor1	chr1	119210900	119211369	LTR/ERVL-MaLR	784	-	234	119211134	81444
chr1	31393087	31593087	harbor1	chr1	31449922	31450140	LTR/ERVL-MaLR	667	-	109	31450031	56944
chr1	31393087	31593087	harbor1	chr1	31472400	31472757	LTR/ERVL-MaLR	2619	-	178	31472578	79491
chr1	31393087	31593087	harbor1	chr1	31474318	31474359	LTR/ERVL-MaLR	2525	-	20	31474338	81251
chr1	31393087	31593087	harbor1	chr1	31474662	31474977	LTR/ERVL-MaLR	2525	-	158	31474820	81733
chr1	31393087	31593087	harbor1	chr1	31491401	31491731	LTR/ERVL-MaLR	1111	-	165	31491566	98479
chr1	31393087	31593087	harbor1	chr1	31472758	31474317	LTR/ERVL-MaLR	11381	-	780	31473538	80451
chr1	215658779	215858779	harbor1	chr1	215688487	215688871	LTR/ERVL-MaLR	1449	-	192	215688679	29900
chr1	215658779	215858779	harbor1	chr1	215732982	215733419	LTR/ERVL-MaLR	1916	-	218	215733200	74421
chr1	215658779	215858779	harbor1	chr1	215733420	215735035	LTR/ERVL-MaLR	8320	-	808	215734228	75449
chr1	88548172	88748172	harbor1	chr1	88562192	88562574	LTR/ERVL-MaLR	1984	-	191	88562383	14211
chr1	88548172	88748172	harbor1	chr1	88617687	88617859	LTR/ERVL-MaLR	966	-	86	88617773	69601
chr1	88548172	88748172	harbor1	chr1	88617860	88619466	LTR/ERVL-MaLR	11481	-	803	88618663	70491
chr1	88548172	88748172	harbor1	chr1	88619467	88619846	LTR/ERVL-MaLR	1813	-	190	88619657	71485
chr1	88548172	88748172	harbor1	chr1	88640388	88640594	LTR/ERVL-MaLR	1088	-	103	88640491	92319
chr1	21172560	21372560	harbor1	chr1	21267257	21267629	LTR/ERVL-MaLR	2552	-	186	21267443	94883
chr1	164953409	165153409	harbor1	chr1	164974618	164975106	LTR/ERVL-MaLR	481	-	244	164974862	21453
chr1	164953409	165153409	harbor1	chr1	164980564	164980915	LTR/ERVL-MaLR	1504	-	176	164980740	27331
chr1	164953409	165153409	harbor1	chr1	165023624	165023981	LTR/ERVL-MaLR	1165	-	178	165023802	70393
chr1	164953409	165153409	harbor1	chr1	165041014	165041379	LTR/ERVL-MaLR	1103	-	182	165041196	87787
chr1	164953409	165153409	harbor1	chr1	165046388	165046770	LTR/ERVL-MaLR	1827	-	191	165046579	93170
chr1	164953409	165153409	harbor1	chr1	165052103	165052509	LTR/ERVL-MaLR	816	-	203	165052306	98897
chr1	3300137	3500137	harbor1	chr1	3325546	3325748	LTR/ERVL-MaLR	822	-	101	3325647	25510
chr1	3300137	3500137	harbor1	chr1	3326203	3326441	LTR/ERVL-MaLR	571	-	119	3326322	26185
chr1	147613982	147813982	harbor1	chr1	147642857	147643172	LTR/ERVL-MaLR	1837	-	158	147643015	29033
chr1	147613982	147813982	harbor1	chr1	147643365	147643423	LTR/ERVL-MaLR	431	-	29	147643394	29412
chr1	147613982	147813982	harbor1	chr1	147643764	147644125	LTR/ERVL-MaLR	1768	-	180	147643944	29962
chr1	147613982	147813982	harbor1	chr1	147676280	147676800	LTR/ERVL-MaLR	551	-	260	147676540	62558
chr1	147613982	147813982	harbor1	chr1	147677467	147677799	LTR/ERVL-MaLR	1980	-	166	147677633	63651
chr1	147613982	147813982	harbor1	chr1	147678391	147678447	LTR/ERVL-MaLR	1980	-	28	147678419	64437
chr1	147613982	147813982	harbor1	chr1	147678555	147678917	LTR/ERVL-MaLR	1876	-	181	147678736	64754
chr1	147613982	147813982	harbor1	chr1	147693793	147694145	LTR/ERVL-MaLR	1541	-	176	147693969	79987
chr1	147613982	147813982	harbor1	chr1	147694573	147695010	LTR/ERVL-MaLR	1306	-	218	147694791	80809
chr1	76801715	77001715	harbor1	chr1	76817382	76817870	LTR/ERVL-MaLR	1047	-	244	76817626	15911
chr1	76801715	77001715	harbor1	chr1	76835339	76835661	LTR/ERVL-MaLR	502	-	161	76835500	33785
chr1	76801715	77001715	harbor1	chr1	76840526	76840796	LTR/ERVL-MaLR	509	-	135	76840661	38946
chr1	76801715	77001715	harbor1	chr1	76844541	76844958	LTR/ERVL-MaLR	2220	-	208	76844749	43034
chr1	76801715	77001715	harbor1	chr1	76852011	76852350	LTR/ERVL-MaLR	903	-	170	76852181	50466
chr1	195780808	195980808	harbor1	chr1	195800109	195800285	LTR/ERVL-MaLR	1145	-	88	195800197	19389
chr1	195780808	195980808	harbor1	chr1	195866760	195867102	LTR/ERVL-MaLR	2081	-	171	195866931	86123
chr1	195780808	195980808	harbor1	chr1	195869261	195869359	LTR/ERVL-MaLR	671	-	49	195869310	88502
chr1	195780808	195980808	harbor1	chr1	195869383	195869533	LTR/ERVL-MaLR	565	-	75	195869458	88650
chr1	195780808	195980808	harbor1	chr1	195877460	195877808	LTR/ERVL-MaLR	2564	-	174	195877634	96826
chr1	195780808	195980808	harbor1	chr1	195877811	195879379	LTR/ERVL-MaLR	10907	-	784	195878595	97787
chr1	195119095	195319095	harbor1	chr1	195127574	195127958	LTR/ERVL-MaLR	2037	-	192	195127766	8671
chr1	195119095	195319095	harbor1	chr1	195127959	195129568	LTR/ERVL-MaLR	9636	-	804	195128763	9668
chr1	195119095	195319095	harbor1	chr1	195129571	195129943	LTR/ERVL-MaLR	1952	-	186	195129757	10662
chr1	195119095	195319095	harbor1	chr1	195174042	195174434	LTR/ERVL-MaLR	1387	-	196	195174238	55143
chr1	195119095	195319095	harbor1	chr1	195187719	195187990	LTR/ERVL-MaLR	695	-	136	195187855	68760
chr1	195119095	195319095	harbor1	chr1	195187985	195188154	LTR/ERVL-MaLR	782	-	84	195188069	68974
chr1	195119095	195319095	harbor1	chr1	195133136	195133458	LTR/ERVL-MaLR	814	-	161	195133297	14202
chr1	177703164	177903164	harbor1	chr1	177732211	177732521	LTR/ERVL-MaLR	1720	-	155	177732366	29202
chr1	177703164	177903164	harbor1	chr1	177781854	177782228	LTR/ERVL-MaLR	2684	-	187	177782041	78877
chr1	240619405	240819405	harbor1	chr1	240621767	240622216	LTR/ERVL-MaLR	1546	-	224	240621991	2586
chr1	240619405	240819405	harbor1	chr1	240634508	240634868	LTR/ERVL-MaLR	2229	-	180	240634688	15283
chr1	240619405	240819405	harbor1	chr1	240658113	240658621	LTR/ERVL-MaLR	1904	-	254	240658367	38962
chr1	40176712	40376712	harbor1	chr1	40232326	40232707	LTR/ERVL-MaLR	1095	-	190	40232516	55804
chr1	169323770	169523770	harbor1	chr1	169369912	169370362	LTR/ERVL-MaLR	2488	-	225	169370137	46367
chr1	196966759	197166759	harbor1	chr1	196974115	196974673	LTR/ERVL-MaLR	1063	-	279	196974394	7635
chr1	196966759	197166759	harbor1	chr1	196994711	196995068	LTR/ERVL-MaLR	2343	-	178	196994889	28130
chr1	196966759	197166759	harbor1	chr1	197008877	197009322	LTR/ERVL-MaLR	1415	-	222	197009099	42340
chr1	196966759	197166759	harbor1	chr1	197058326	197058783	LTR/ERVL-MaLR	1712	-	228	197058554	91795
chr1	218695033	218895033	harbor1	chr1	218708504	218708728	LTR/ERVL-MaLR	456	-	112	218708616	13583
chr1	218695033	218895033	harbor1	chr1	218716080	218716691	LTR/ERVL-MaLR	1630	-	306	218716386	21353
chr1	218695033	218895033	harbor1	chr1	218773482	218774103	LTR/ERVL-MaLR	2095	-	310	218773792	78759
chr1	218695033	218895033	harbor1	chr1	218788738	218789097	LTR/ERVL-MaLR	1591	-	180	218788918	93885
chr1	88781685	88981685	harbor1	chr1	88871273	88871643	LTR/ERVL-MaLR	847	-	185	88871458	89773
chr1	88781685	88981685	harbor1	chr1	88873556	88873979	LTR/ERVL-MaLR	1090	-	212	88873768	92083
chr1	71611143	71811143	harbor1	chr1	71686370	71686691	LTR/ERVL-MaLR	1034	-	160	71686530	75387
chr1	71611143	71811143	harbor1	chr1	71700603	71700711	LTR/ERVL-MaLR	2014	-	54	71700657	89514
chr1	71611143	71811143	harbor1	chr1	71701204	71701688	LTR/ERVL-MaLR	2014	-	242	71701446	90303
chr1	195929356	196129356	harbor1	chr1	195932927	195933227	LTR/ERVL-MaLR	926	-	150	195933077	3721
chr1	195929356	196129356	harbor1	chr1	195933304	195933532	LTR/ERVL-MaLR	454	-	114	195933418	4062
chr1	195929356	196129356	harbor1	chr1	196011876	196012326	LTR/ERVL-MaLR	1732	-	225	196012101	82745
chr1	195929356	196129356	harbor1	chr1	196018136	196018545	LTR/ERVL-MaLR	1881	-	204	196018340	88984
chr1	50312631	50512631	harbor1	chr1	50345514	50345887	LTR/ERVL-MaLR	1369	-	186	50345700	33069
chr1	50312631	50512631	harbor1	chr1	50352677	50353111	LTR/ERVL-MaLR	1089	-	217	50352894	40263
chr1	50312631	50512631	harbor1	chr1	50371785	50372195	LTR/ERVL-MaLR	1519	-	205	50371990	59359
chr1	50312631	50512631	harbor1	chr1	50386663	50387048	LTR/ERVL-MaLR	1796	-	192	50386855	74224
chr1	50312631	50512631	harbor1	chr1	50396582	50396739	LTR/ERVL-MaLR	1789	-	78	50396660	84029
chr1	50312631	50512631	harbor1	chr1	50396740	50397083	LTR/ERVL-MaLR	1446	-	172	50396912	84281
chr1	50312631	50512631	harbor1	chr1	50397084	50397441	LTR/ERVL-MaLR	1789	-	178	50397262	84631
chr1	93511514	93711514	harbor1	chr1	93526268	93526570	LTR/ERVL-MaLR	663	-	151	93526419	14905
chr1	93511514	93711514	harbor1	chr1	93548505	93548703	LTR/ERVL-MaLR	565	-	99	93548604	37090
chr1	93511514	93711514	harbor1	chr1	93559657	93560076	LTR/ERVL-MaLR	1614	-	210	93559867	48353
chr1	48208172	48408172	harbor1	chr1	48220528	48220901	LTR/ERVL-MaLR	2173	-	186	48220714	12542
chr1	48208172	48408172	harbor1	chr1	48240096	48240451	LTR/ERVL-MaLR	1960	-	178	48240274	32102
chr1	48208172	48408172	harbor1	chr1	48286680	48286753	LTR/ERVL-MaLR	2266	-	36	48286716	78544
chr1	48208172	48408172	harbor1	chr1	48287055	48287408	LTR/ERVL-MaLR	2266	-	176	48287231	79059
chr1	190792747	190992747	harbor1	chr1	190830424	190830624	LTR/ERVL-MaLR	421	-	100	190830524	37777
chr1	190792747	190992747	harbor1	chr1	190832839	190833944	LTR/ERVL-MaLR	1930	-	552	190833391	40644
chr1	190792747	190992747	harbor1	chr1	190859472	190859825	LTR/ERVL-MaLR	2221	-	176	190859648	66901
chr1	190792747	190992747	harbor1	chr1	190859826	190861398	LTR/ERVL-MaLR	10825	-	786	190860612	67865
chr1	190792747	190992747	harbor1	chr1	190861405	190861729	LTR/ERVL-MaLR	1806	-	162	190861567	68820
chr1	190792747	190992747	harbor1	chr1	190865535	190865878	LTR/ERVL-MaLR	1731	-	172	190865707	72960
chr1	190792747	190992747	harbor1	chr1	190875159	190875549	LTR/ERVL-MaLR	1344	-	195	190875354	82607
chr1	118485714	118685714	harbor1	chr1	118527951	118528370	LTR/ERVL-MaLR	2273	-	210	118528161	42447
chr1	118485714	118685714	harbor1	chr1	118531041	118531356	LTR/ERVL-MaLR	1002	-	158	118531199	45485
chr1	118485714	118685714	harbor1	chr1	118582501	118582702	LTR/ERVL-MaLR	562	-	100	118582601	96887
chr1	118485714	118685714	harbor1	chr1	118582882	118583083	LTR/ERVL-MaLR	782	-	100	118582982	97268
chr1	57674615	57874615	harbor1	chr1	57680283	57680667	LTR/ERVL-MaLR	1295	-	192	57680475	5860
chr1	57674615	57874615	harbor1	chr1	57680985	57681460	LTR/ERVL-MaLR	1839	-	238	57681223	6608
chr1	57674615	57874615	harbor1	chr1	57757319	57757781	LTR/ERVL-MaLR	1634	-	231	57757550	82935
chr1	88994811	89194811	harbor1	chr1	89025951	89026288	LTR/ERVL-MaLR	1791	-	168	89026119	31308
chr1	88994811	89194811	harbor1	chr1	89045159	89045437	LTR/ERVL-MaLR	722	-	139	89045298	50487
chr1	154830364	155030364	harbor1	chr1	154883166	154883530	LTR/ERVL-MaLR	786	-	182	154883348	52984
chr1	154830364	155030364	harbor1	chr1	154883832	154883938	LTR/ERVL-MaLR	786	-	53	154883885	53521
chr1	154830364	155030364	harbor1	chr1	154890739	154890801	LTR/ERVL-MaLR	844	-	31	154890770	60406
chr1	154830364	155030364	harbor1	chr1	154891096	154891206	LTR/ERVL-MaLR	844	-	55	154891151	60787
chr1	154830364	155030364	harbor1	chr1	154904524	154904738	LTR/ERVL-MaLR	1132	-	107	154904631	74267
chr1	154830364	155030364	harbor1	chr1	154916606	154916847	LTR/ERVL-MaLR	1630	-	120	154916726	86362
chr1	154830364	155030364	harbor1	chr1	154916947	154917141	LTR/ERVL-MaLR	1140	-	97	154917044	86680
chr1	234926773	235126773	harbor1	chr1	234941093	234941523	LTR/ERVL-MaLR	1563	-	215	234941308	14535
chr1	234926773	235126773	harbor1	chr1	234942853	234942985	LTR/ERVL-MaLR	907	-	66	234942919	16146
chr1	234926773	235126773	harbor1	chr1	234943462	234943679	LTR/ERVL-MaLR	994	-	108	234943570	16797
chr1	234926773	235126773	harbor1	chr1	234977359	234977662	LTR/ERVL-MaLR	2016	-	152	234977511	50738
chr1	234926773	235126773	harbor1	chr1	234977954	234978029	LTR/ERVL-MaLR	2016	-	38	234977992	51219
chr1	234926773	235126773	harbor1	chr1	234990278	234990699	LTR/ERVL-MaLR	1708	-	210	234990488	63715
chr1	234926773	235126773	harbor1	chr1	235003211	235003287	LTR/ERVL-MaLR	2676	-	38	235003249	76476
chr1	234926773	235126773	harbor1	chr1	235003603	235003949	LTR/ERVL-MaLR	2676	-	173	235003776	77003
chr1	234926773	235126773	harbor1	chr1	235007838	235008191	LTR/ERVL-MaLR	1080	-	176	235008014	81241
chr1	234926773	235126773	harbor1	chr1	235008730	235009098	LTR/ERVL-MaLR	2463	-	184	235008914	82141
chr1	234926773	235126773	harbor1	chr1	235018105	235018649	LTR/ERVL-MaLR	2423	-	272	235018377	91604
chr1	234926773	235126773	harbor1	chr1	235026526	235026596	LTR/ERVL-MaLR	1777	-	35	235026561	99788
chr1	165787383	165987383	harbor1	chr1	165836803	165837205	LTR/ERVL-MaLR	1666	-	201	165837004	49621
chr1	165787383	165987383	harbor1	chr1	165860950	165861304	LTR/ERVL-MaLR	1849	-	177	165861127	73744
chr1	165787383	165987383	harbor1	chr1	165876648	165877084	LTR/ERVL-MaLR	1473	-	218	165876866	89483
chr1	165787383	165987383	harbor1	chr1	165882469	165882822	LTR/ERVL-MaLR	1696	-	176	165882645	95262
chr1	98296871	98496871	harbor1	chr1	98308826	98309192	LTR/ERVL-MaLR	2215	-	183	98309009	12138
chr1	98296871	98496871	harbor1	chr1	98337373	98337754	LTR/ERVL-MaLR	2102	-	190	98337563	40692
chr1	98296871	98496871	harbor1	chr1	98338344	98338652	LTR/ERVL-MaLR	831	-	154	98338498	41627
chr1	98296871	98496871	harbor1	chr1	98339820	98340400	LTR/ERVL-MaLR	751	-	290	98340110	43239
chr1	98296871	98496871	harbor1	chr1	98360908	98361273	LTR/ERVL-MaLR	2130	-	182	98361090	64219
chr1	98296871	98496871	harbor1	chr1	98361276	98362790	LTR/ERVL-MaLR	8923	-	757	98362033	65162
chr1	98296871	98496871	harbor1	chr1	98362791	98363159	LTR/ERVL-MaLR	2258	-	184	98362975	66104
chr1	16387386	16587386	harbor1	chr1	16463297	16463479	LTR/ERVL-MaLR	932	-	91	16463388	76002
chr1	16387386	16587386	harbor1	chr1	16463918	16464064	LTR/ERVL-MaLR	632	-	73	16463991	76605
chr1	16387386	16587386	harbor1	chr1	16464899	16465337	LTR/ERVL-MaLR	1484	-	219	16465118	77732
chr1	16387386	16587386	harbor1	chr1	16465626	16466035	LTR/ERVL-MaLR	1356	-	204	16465830	78444
chr1	110937911	111137911	harbor1	chr1	110968288	110968582	LTR/ERVL-MaLR	1685	-	147	110968435	30524
chr1	110937911	111137911	harbor1	chr1	110969220	110969460	LTR/ERVL-MaLR	1685	-	120	110969340	31429
chr1	110937911	111137911	harbor1	chr1	110989558	110989707	LTR/ERVL-MaLR	886	-	74	110989632	51721
chr1	110937911	111137911	harbor1	chr1	110989879	110990161	LTR/ERVL-MaLR	1423	-	141	110990020	52109
chr1	146999194	147199194	harbor1	chr1	147070622	147071025	LTR/ERVL-MaLR	1242	-	202	147070824	71630
chr1	221487667	221687667	harbor1	chr1	221490877	221491139	LTR/ERVL-MaLR	1049	-	131	221491008	3341
chr1	221487667	221687667	harbor1	chr1	221491276	221491649	LTR/ERVL-MaLR	2222	-	186	221491462	3795
chr1	221487667	221687667	harbor1	chr1	221492947	221493302	LTR/ERVL-MaLR	2186	-	178	221493125	5458
chr1	221487667	221687667	harbor1	chr1	221522220	221522656	LTR/ERVL-MaLR	2842	-	218	221522438	34771
chr1	221487667	221687667	harbor1	chr1	221528280	221528753	LTR/ERVL-MaLR	1364	-	236	221528516	40849
chr1	221487667	221687667	harbor1	chr1	221548929	221549019	LTR/ERVL-MaLR	430	-	45	221548974	61307
chr1	199229925	199429925	harbor1	chr1	199230331	199230879	LTR/ERVL-MaLR	691	-	274	199230605	680
chr1	199229925	199429925	harbor1	chr1	199232772	199232966	LTR/ERVL-MaLR	800	-	97	199232869	2944
chr1	199229925	199429925	harbor1	chr1	199267734	199267905	LTR/ERVL-MaLR	423	-	86	199267820	37895
chr1	199229925	199429925	harbor1	chr1	199268137	199268747	LTR/ERVL-MaLR	5031	-	305	199268442	38517
chr1	199229925	199429925	harbor1	chr1	199268796	199268930	LTR/ERVL-MaLR	5031	-	67	199268863	38938
chr1	199229925	199429925	harbor1	chr1	199269250	199269958	LTR/ERVL-MaLR	5031	-	354	199269604	39679
chr1	199229925	199429925	harbor1	chr1	199270613	199270930	LTR/ERVL-MaLR	1110	-	158	199270771	40846
chr1	14714041	14914041	harbor1	chr1	14717360	14717695	LTR/ERVL-MaLR	801	-	168	14717528	3487
chr1	14714041	14914041	harbor1	chr1	14737505	14738061	LTR/ERVL-MaLR	1877	-	278	14737783	23742
chr1	14714041	14914041	harbor1	chr1	14751879	14752279	LTR/ERVL-MaLR	2600	-	200	14752079	38038
chr1	14714041	14914041	harbor1	chr1	14752401	14752771	LTR/ERVL-MaLR	1988	-	185	14752586	38545
chr1	14714041	14914041	harbor1	chr1	14753819	14753931	LTR/ERVL-MaLR	658	-	56	14753875	39834
chr1	14714041	14914041	harbor1	chr1	14778736	14779250	LTR/ERVL-MaLR	625	-	257	14778993	64952
chr1	14714041	14914041	harbor1	chr1	14785099	14785225	LTR/ERVL-MaLR	402	-	63	14785162	71121
chr1	14714041	14914041	harbor1	chr1	14808708	14809148	LTR/ERVL-MaLR	769	-	220	14808928	94887
chr1	90358234	90558234	harbor1	chr1	90370422	90370576	LTR/ERVL-MaLR	821	-	77	90370499	12265
chr1	90358234	90558234	harbor1	chr1	90377748	90377907	LTR/ERVL-MaLR	450	-	80	90377828	19594
chr1	90358234	90558234	harbor1	chr1	90377903	90378338	LTR/ERVL-MaLR	718	-	218	90378121	19887
chr1	90358234	90558234	harbor1	chr1	90398583	90398967	LTR/ERVL-MaLR	1864	-	192	90398775	40541
chr1	90358234	90558234	harbor1	chr1	90410904	90411036	LTR/ERVL-MaLR	850	-	66	90410970	52736
chr1	90358234	90558234	harbor1	chr1	90411891	90412104	LTR/ERVL-MaLR	976	-	106	90411997	53763
chr1	98857149	99057149	harbor1	chr1	98865502	98865861	LTR/ERVL-MaLR	2116	-	180	98865682	8533
chr1	98857149	99057149	harbor1	chr1	98865862	98867423	LTR/ERVL-MaLR	10819	-	780	98866642	9493
chr1	98857149	99057149	harbor1	chr1	98867425	98867783	LTR/ERVL-MaLR	2186	-	179	98867604	10455
chr1	98857149	99057149	harbor1	chr1	98912387	98912736	LTR/ERVL-MaLR	782	-	174	98912561	55412
chr1	98857149	99057149	harbor1	chr1	98940113	98940478	LTR/ERVL-MaLR	1624	-	182	98940295	83146
chr1	86533816	86733816	harbor1	chr1	86558497	86558866	LTR/ERVL-MaLR	2510	-	184	86558681	24865
chr1	86533816	86733816	harbor1	chr1	86592462	86592852	LTR/ERVL-MaLR	2195	-	195	86592657	58841
chr1	86533816	86733816	harbor1	chr1	86592853	86593370	LTR/ERVL-MaLR	2464	-	258	86593111	59295
chr1	86533816	86733816	harbor1	chr1	86594061	86594757	LTR/ERVL-MaLR	5771	-	348	86594409	60593
chr1	86533816	86733816	harbor1	chr1	86595061	86595526	LTR/ERVL-MaLR	5771	-	232	86595293	61477
chr1	86533816	86733816	harbor1	chr1	86595531	86595926	LTR/ERVL-MaLR	1868	-	198	86595729	61913
chr1	86533816	86733816	harbor1	chr1	86603468	86603893	LTR/ERVL-MaLR	2147	-	212	86603680	69864
chr1	86533816	86733816	harbor1	chr1	86616945	86617305	LTR/ERVL-MaLR	1916	-	180	86617125	83309
chr1	199266646	199466646	harbor1	chr1	199267734	199267905	LTR/ERVL-MaLR	423	-	86	199267820	1174
chr1	199266646	199466646	harbor1	chr1	199268137	199268747	LTR/ERVL-MaLR	5031	-	305	199268442	1796
chr1	199266646	199466646	harbor1	chr1	199268796	199268930	LTR/ERVL-MaLR	5031	-	67	199268863	2217
chr1	199266646	199466646	harbor1	chr1	199269250	199269958	LTR/ERVL-MaLR	5031	-	354	199269604	2958
chr1	199266646	199466646	harbor1	chr1	199270613	199270930	LTR/ERVL-MaLR	1110	-	158	199270771	4125
chr1	199266646	199466646	harbor1	chr1	199330737	199331146	LTR/ERVL-MaLR	2177	-	204	199330941	64295
chr1	51722227	51922227	harbor1	chr1	51752541	51752947	LTR/ERVL-MaLR	1485	-	203	51752744	30517
chr1	51722227	51922227	harbor1	chr1	51766529	51766608	LTR/ERVL-MaLR	492	-	40	51766569	44342
chr1	51722227	51922227	harbor1	chr1	51773994	51774234	LTR/ERVL-MaLR	527	-	120	51774114	51887
chr1	86387472	86587472	harbor1	chr1	86402278	86402482	LTR/ERVL-MaLR	668	-	102	86402380	14908
chr1	86387472	86587472	harbor1	chr1	86404955	86405112	LTR/ERVL-MaLR	755	-	78	86405033	17561
chr1	86387472	86587472	harbor1	chr1	86483819	86484179	LTR/ERVL-MaLR	2093	-	180	86483999	96527
chr1	86387472	86587472	harbor1	chr1	86485856	86486017	LTR/ERVL-MaLR	2078	-	80	86485936	98464
chr1	86387472	86587472	harbor1	chr1	86486043	86486246	LTR/ERVL-MaLR	2078	-	102	86486145	98673
chr1	115090116	115290116	harbor1	chr1	115091871	115092248	LTR/ERVL-MaLR	2091	-	188	115092059	1943
chr1	115090116	115290116	harbor1	chr1	115109290	115109646	LTR/ERVL-MaLR	1853	-	178	115109468	19352
chr1	115090116	115290116	harbor1	chr1	115118590	115119134	LTR/ERVL-MaLR	2575	-	272	115118862	28746
chr1	115090116	115290116	harbor1	chr1	115119135	115119541	LTR/ERVL-MaLR	2439	-	203	115119338	29222
chr1	115090116	115290116	harbor1	chr1	115119542	115121176	LTR/ERVL-MaLR	9950	-	817	115120359	30243
chr1	115090116	115290116	harbor1	chr1	115121177	115121609	LTR/ERVL-MaLR	2410	-	216	115121393	31277
chr1	115090116	115290116	harbor1	chr1	115121610	115121686	LTR/ERVL-MaLR	2575	-	38	115121648	31532
chr1	115090116	115290116	harbor1	chr1	115121687	115122440	LTR/ERVL-MaLR	2450	-	376	115122063	31947
chr1	115090116	115290116	harbor1	chr1	115122732	115122792	LTR/ERVL-MaLR	2450	-	30	115122762	32646
chr1	115090116	115290116	harbor1	chr1	115125801	115126075	LTR/ERVL-MaLR	1030	-	137	115125938	35822
chr1	115090116	115290116	harbor1	chr1	115131806	115132226	LTR/ERVL-MaLR	2867	-	210	115132016	41900
chr1	115090116	115290116	harbor1	chr1	115161068	115161447	LTR/ERVL-MaLR	1698	-	190	115161258	71142
chr1	115090116	115290116	harbor1	chr1	115164454	115164955	LTR/ERVL-MaLR	1458	-	250	115164704	74588
chr1	115090116	115290116	harbor1	chr1	115164956	115166407	LTR/ERVL-MaLR	6246	-	726	115165682	75566
chr1	115090116	115290116	harbor1	chr1	115170845	115171438	LTR/ERVL-MaLR	1970	-	296	115171141	81025
chr1	115090116	115290116	harbor1	chr1	115174645	115175099	LTR/ERVL-MaLR	1536	-	227	115174872	84756
chr1	115090116	115290116	harbor1	chr1	115178617	115178910	LTR/ERVL-MaLR	529	-	146	115178763	88647
chr1	61929150	62129150	harbor1	chr1	61962664	61963132	LTR/ERVL-MaLR	1092	-	234	61962898	33748
chr1	61929150	62129150	harbor1	chr1	62007647	62007948	LTR/ERVL-MaLR	1313	-	150	62007797	78647
chr1	61929150	62129150	harbor1	chr1	62010711	62010813	LTR/ERVL-MaLR	790	-	51	62010762	81612
chr1	61929150	62129150	harbor1	chr1	62020758	62020835	LTR/ERVL-MaLR	1852	-	38	62020796	91646
chr1	61929150	62129150	harbor1	chr1	62021128	62021418	LTR/ERVL-MaLR	1852	-	145	62021273	92123
chr1	209621836	209821836	harbor1	chr1	209661314	209661623	LTR/ERVL-MaLR	400	-	154	209661468	39632
chr1	209621836	209821836	harbor1	chr1	209699267	209699597	LTR/ERVL-MaLR	2291	-	165	209699432	77596
chr1	209621836	209821836	harbor1	chr1	209699598	209701156	LTR/ERVL-MaLR	11502	-	779	209700377	78541
chr1	209621836	209821836	harbor1	chr1	209701158	209701511	LTR/ERVL-MaLR	2850	-	176	209701334	79498
chr1	209621836	209821836	harbor1	chr1	209709466	209709675	LTR/ERVL-MaLR	577	-	104	209709570	87734
chr1	209621836	209821836	harbor1	chr1	209709752	209709871	LTR/ERVL-MaLR	404	-	60	209709812	87976
chr1	49901335	50101335	harbor1	chr1	49912682	49913039	LTR/ERVL-MaLR	1291	-	178	49912860	11525
chr1	49901335	50101335	harbor1	chr1	49913054	49914708	LTR/ERVL-MaLR	4479	-	827	49913881	12546
chr1	49901335	50101335	harbor1	chr1	49914709	49915045	LTR/ERVL-MaLR	1394	-	168	49914877	13542
chr1	49901335	50101335	harbor1	chr1	49927270	49927645	LTR/ERVL-MaLR	2274	-	188	49927458	26123
chr1	49901335	50101335	harbor1	chr1	49931309	49931675	LTR/ERVL-MaLR	1885	-	183	49931492	30157
chr1	234318168	234518168	harbor1	chr1	234344775	234344880	LTR/ERVL-MaLR	456	-	52	234344827	26659
chr1	234318168	234518168	harbor1	chr1	234358691	234359082	LTR/ERVL-MaLR	2006	-	196	234358887	40719
chr1	234318168	234518168	harbor1	chr1	234376904	234377059	LTR/ERVL-MaLR	633	-	78	234376982	58814
chr1	234318168	234518168	harbor1	chr1	234377102	234377119	LTR/ERVL-MaLR	633	-	8	234377110	58942
chr1	234318168	234518168	harbor1	chr1	234377424	234377506	LTR/ERVL-MaLR	633	-	41	234377465	59297
chr1	234318168	234518168	harbor1	chr1	234379580	234379958	LTR/ERVL-MaLR	2446	-	189	234379769	61601
chr1	14180074	14380074	harbor1	chr1	14189395	14189800	LTR/ERVL-MaLR	603	-	202	14189597	9523
chr1	14180074	14380074	harbor1	chr1	14190966	14191053	LTR/ERVL-MaLR	403	-	44	14191010	10936
chr1	14180074	14380074	harbor1	chr1	14191621	14191831	LTR/ERVL-MaLR	525	-	105	14191726	11652
chr1	14180074	14380074	harbor1	chr1	14223779	14223941	LTR/ERVL-MaLR	394	-	81	14223860	43786
chr1	14180074	14380074	harbor1	chr1	14227214	14227737	LTR/ERVL-MaLR	1532	-	262	14227476	47402
chr1	14180074	14380074	harbor1	chr1	14231737	14232153	LTR/ERVL-MaLR	1369	-	208	14231945	51871
chr1	14180074	14380074	harbor1	chr1	14249407	14249783	LTR/ERVL-MaLR	762	-	188	14249595	69521
chr1	14180074	14380074	harbor1	chr1	14252726	14253009	LTR/ERVL-MaLR	816	-	142	14252868	72794
chr1	14180074	14380074	harbor1	chr1	14254661	14254840	LTR/ERVL-MaLR	1821	-	90	14254751	74677
chr1	14180074	14380074	harbor1	chr1	14255150	14255392	LTR/ERVL-MaLR	1821	-	121	14255271	75197
chr1	14180074	14380074	harbor1	chr1	14264010	14264364	LTR/ERVL-MaLR	2302	-	177	14264187	84113
chr1	14180074	14380074	harbor1	chr1	14264750	14264965	LTR/ERVL-MaLR	2302	-	108	14264858	84784
chr1	14180074	14380074	harbor1	chr1	14269896	14270027	LTR/ERVL-MaLR	572	-	66	14269962	89888
chr1	14180074	14380074	harbor1	chr1	14270033	14270164	LTR/ERVL-MaLR	849	-	66	14270099	90025
chr1	14180074	14380074	harbor1	chr1	14270979	14271316	LTR/ERVL-MaLR	1979	-	168	14271147	91073
chr1	14180074	14380074	harbor1	chr1	14271398	14271920	LTR/ERVL-MaLR	487	-	261	14271659	91585
chr1	14180074	14380074	harbor1	chr1	14276381	14276829	LTR/ERVL-MaLR	1958	-	224	14276605	96531
chr1	14180074	14380074	harbor1	chr1	14204891	14205292	LTR/ERVL-MaLR	756	-	200	14205091	25017
chr1	53570730	53770730	harbor1	chr1	53607720	53607958	LTR/ERVL-MaLR	1567	-	119	53607839	37109
chr1	53570730	53770730	harbor1	chr1	53608261	53608433	LTR/ERVL-MaLR	1567	-	86	53608347	37617
chr1	53570730	53770730	harbor1	chr1	53667600	53667911	LTR/ERVL-MaLR	957	-	156	53667756	97026
chr1	95611964	95811964	harbor1	chr1	95643887	95644306	LTR/ERVL-MaLR	1525	-	210	95644097	32133
chr1	95611964	95811964	harbor1	chr1	95644360	95644580	LTR/ERVL-MaLR	559	-	110	95644470	32506
chr1	95611964	95811964	harbor1	chr1	95648412	95648724	LTR/ERVL-MaLR	1972	-	156	95648568	36604
chr1	95611964	95811964	harbor1	chr1	95667583	95667935	LTR/ERVL-MaLR	1383	-	176	95667759	55795
chr1	95611964	95811964	harbor1	chr1	95700617	95700984	LTR/ERVL-MaLR	1671	-	184	95700801	88837
chr1	179729439	179929439	harbor1	chr1	179734425	179734768	LTR/ERVL-MaLR	1558	-	172	179734597	5158
chr1	179729439	179929439	harbor1	chr1	179772677	179773105	LTR/ERVL-MaLR	1150	-	214	179772891	43452
chr1	179729439	179929439	harbor1	chr1	179808281	179808790	LTR/ERVL-MaLR	1410	-	254	179808535	79096
chr1	105195212	105395212	harbor1	chr1	105206577	105206974	LTR/ERVL-MaLR	2141	-	198	105206775	11563
chr1	105195212	105395212	harbor1	chr1	105276419	105276833	LTR/ERVL-MaLR	2162	-	207	105276626	81414
chr1	105195212	105395212	harbor1	chr1	105281651	105282008	LTR/ERVL-MaLR	994	-	178	105281829	86617
chr1	207459715	207659715	harbor1	chr1	207477100	207477461	LTR/ERVL-MaLR	2638	-	180	207477280	17565
chr1	207459715	207659715	harbor1	chr1	207490701	207491077	LTR/ERVL-MaLR	1412	-	188	207490889	31174
chr1	207459715	207659715	harbor1	chr1	207491079	207491191	LTR/ERVL-MaLR	729	-	56	207491135	31420
chr1	207459715	207659715	harbor1	chr1	207491192	207491589	LTR/ERVL-MaLR	2231	-	198	207491390	31675
chr1	207459715	207659715	harbor1	chr1	207492038	207492481	LTR/ERVL-MaLR	786	-	222	207492260	32545
chr1	207459715	207659715	harbor1	chr1	207492697	207492779	LTR/ERVL-MaLR	786	-	41	207492738	33023
chr1	207459715	207659715	harbor1	chr1	207507190	207507640	LTR/ERVL-MaLR	1206	-	225	207507415	47700
chr1	207459715	207659715	harbor1	chr1	207518466	207518923	LTR/ERVL-MaLR	1364	-	228	207518694	58979
chr1	207459715	207659715	harbor1	chr1	207524872	207525268	LTR/ERVL-MaLR	2063	-	198	207525070	65355
chr1	207459715	207659715	harbor1	chr1	207537020	207537461	LTR/ERVL-MaLR	1344	-	220	207537240	77525
chr1	207459715	207659715	harbor1	chr1	207543439	207543824	LTR/ERVL-MaLR	1990	-	192	207543631	83916
chr1	207459715	207659715	harbor1	chr1	207555575	207556016	LTR/ERVL-MaLR	1344	-	220	207555795	96080
chr1	207459715	207659715	harbor1	chr1	207503333	207503792	LTR/ERVL-MaLR	2122	-	230	207503563	43848
chr1	49680967	49880967	harbor1	chr1	49691980	49692138	LTR/ERVL-MaLR	947	-	79	49692059	11092
chr1	49680967	49880967	harbor1	chr1	49733452	49733623	LTR/ERVL-MaLR	587	-	86	49733538	52571
chr1	176660658	176860658	harbor1	chr1	176664143	176664641	LTR/ERVL-MaLR	1932	-	249	176664392	3734
chr1	176660658	176860658	harbor1	chr1	176686154	176686525	LTR/ERVL-MaLR	1967	-	186	176686340	25682
chr1	176660658	176860658	harbor1	chr1	176700376	176700794	LTR/ERVL-MaLR	709	-	209	176700585	39927
chr1	176660658	176860658	harbor1	chr1	176722919	176723305	LTR/ERVL-MaLR	1492	-	193	176723112	62454
chr1	176660658	176860658	harbor1	chr1	176741074	176741638	LTR/ERVL-MaLR	1878	-	282	176741356	80698
chr1	176660658	176860658	harbor1	chr1	176747636	176748161	LTR/ERVL-MaLR	1401	-	262	176747898	87240
chr1	244459010	244659010	harbor1	chr1	244505660	244505724	LTR/ERVL-MaLR	394	-	32	244505692	46682
chr1	244459010	244659010	harbor1	chr1	244506034	244506097	LTR/ERVL-MaLR	394	-	32	244506066	47056
chr1	244459010	244659010	harbor1	chr1	244525835	244526047	LTR/ERVL-MaLR	520	-	106	244525941	66931
chr1	40192911	40392911	harbor1	chr1	40232326	40232707	LTR/ERVL-MaLR	1095	-	190	40232516	39605
chr1	85706262	85906262	harbor1	chr1	85800453	85800587	LTR/ERVL-MaLR	474	-	67	85800520	94258
chr1	85706262	85906262	harbor1	chr1	85804458	85804815	LTR/ERVL-MaLR	2201	-	178	85804636	98374
chr1	55316616	55516616	harbor1	chr1	55326363	55326691	LTR/ERVL-MaLR	757	-	164	55326527	9911
chr1	55316616	55516616	harbor1	chr1	55341127	55341637	LTR/ERVL-MaLR	901	-	255	55341382	24766
chr1	55316616	55516616	harbor1	chr1	55345973	55346344	LTR/ERVL-MaLR	2593	-	186	55346159	29543
chr1	55316616	55516616	harbor1	chr1	55350963	55351355	LTR/ERVL-MaLR	689	-	196	55351159	34543
chr1	55316616	55516616	harbor1	chr1	55373802	55373934	LTR/ERVL-MaLR	411	-	66	55373868	57252
chr1	55316616	55516616	harbor1	chr1	55387512	55387580	LTR/ERVL-MaLR	1447	-	34	55387546	70930
chr1	55316616	55516616	harbor1	chr1	55387881	55388196	LTR/ERVL-MaLR	1447	-	158	55388039	71423
chr1	55316616	55516616	harbor1	chr1	55404995	55405363	LTR/ERVL-MaLR	2759	-	184	55405179	88563
chr1	55316616	55516616	harbor1	chr1	55405396	55405751	LTR/ERVL-MaLR	2500	-	178	55405574	88958
chr1	55316616	55516616	harbor1	chr1	55409211	55409576	LTR/ERVL-MaLR	1553	-	182	55409393	92777
chr1	18576910	18776910	harbor1	chr1	18587008	18587261	LTR/ERVL-MaLR	577	-	126	18587134	10224
chr1	18576910	18776910	harbor1	chr1	18621608	18622091	LTR/ERVL-MaLR	1919	-	242	18621850	44940
chr1	18576910	18776910	harbor1	chr1	18579267	18579639	LTR/ERVL-MaLR	2724	-	186	18579453	2543
chr1	246881890	247081890	harbor1	chr1	246967613	246967994	LTR/ERVL-MaLR	2272	-	190	246967803	85913
chr1	246881890	247081890	harbor1	chr1	246967995	246969626	LTR/ERVL-MaLR	11192	-	816	246968811	86921
chr1	246881890	247081890	harbor1	chr1	246969627	246970003	LTR/ERVL-MaLR	2176	-	188	246969815	87925
chr1	103976521	104176521	harbor1	chr1	103984541	103984629	LTR/ERVL-MaLR	662	-	44	103984585	8064
chr1	103976521	104176521	harbor1	chr1	104020226	104020307	LTR/ERVL-MaLR	491	-	40	104020266	43745
chr1	103976521	104176521	harbor1	chr1	104020302	104020424	LTR/ERVL-MaLR	451	-	61	104020363	43842
chr1	103976521	104176521	harbor1	chr1	104020426	104020972	LTR/ERVL-MaLR	3287	-	273	104020699	44178
chr1	103976521	104176521	harbor1	chr1	104038449	104038648	LTR/ERVL-MaLR	1019	-	100	104038549	62028
chr1	103976521	104176521	harbor1	chr1	104038786	104039014	LTR/ERVL-MaLR	1288	-	114	104038900	62379
chr1	103976521	104176521	harbor1	chr1	104051165	104051344	LTR/ERVL-MaLR	995	-	90	104051255	74734
chr1	103976521	104176521	harbor1	chr1	104051607	104051974	LTR/ERVL-MaLR	1884	-	184	104051791	75270
chr1	103976521	104176521	harbor1	chr1	104051975	104052277	LTR/ERVL-MaLR	2167	-	151	104052126	75605
chr1	103976521	104176521	harbor1	chr1	104052282	104052740	LTR/ERVL-MaLR	5607	-	229	104052511	75990
chr1	103976521	104176521	harbor1	chr1	104052799	104053242	LTR/ERVL-MaLR	5607	-	222	104053021	76500
chr1	103976521	104176521	harbor1	chr1	104053246	104053556	LTR/ERVL-MaLR	1510	-	155	104053401	76880
chr1	103976521	104176521	harbor1	chr1	104075745	104076111	LTR/ERVL-MaLR	2050	-	183	104075928	99407
chr1	103976521	104176521	harbor1	chr1	104076112	104076380	LTR/ERVL-MaLR	1967	-	134	104076246	99725
chr1	108162342	108362342	harbor1	chr1	108172310	108172692	LTR/ERVL-MaLR	1993	-	191	108172501	10159
chr1	108162342	108362342	harbor1	chr1	108196554	108196805	LTR/ERVL-MaLR	1095	-	126	108196680	34338
chr1	110012496	110212496	harbor1	chr1	110024413	110024634	LTR/ERVL-MaLR	1089	-	110	110024523	12027
chr1	110012496	110212496	harbor1	chr1	110033411	110033779	LTR/ERVL-MaLR	1233	-	184	110033595	21099
chr1	110012496	110212496	harbor1	chr1	110077007	110077526	LTR/ERVL-MaLR	2225	-	260	110077267	64771
chr1	198218231	198418231	harbor1	chr1	198265118	198265311	LTR/ERVL-MaLR	610	-	96	198265214	46983
chr1	198218231	198418231	harbor1	chr1	198270759	198271389	LTR/ERVL-MaLR	2259	-	315	198271074	52843
chr1	198218231	198418231	harbor1	chr1	198285341	198285744	LTR/ERVL-MaLR	715	-	202	198285543	67312
chr1	198218231	198418231	harbor1	chr1	198286561	198287034	LTR/ERVL-MaLR	1526	-	236	198286797	68566
chr1	31466198	31666198	harbor1	chr1	31472400	31472757	LTR/ERVL-MaLR	2619	-	178	31472578	6380
chr1	31466198	31666198	harbor1	chr1	31474318	31474359	LTR/ERVL-MaLR	2525	-	20	31474338	8140
chr1	31466198	31666198	harbor1	chr1	31474662	31474977	LTR/ERVL-MaLR	2525	-	158	31474820	8622
chr1	31466198	31666198	harbor1	chr1	31491401	31491731	LTR/ERVL-MaLR	1111	-	165	31491566	25368
chr1	31466198	31666198	harbor1	chr1	31512285	31512517	LTR/ERVL-MaLR	670	-	116	31512401	46203
chr1	31466198	31666198	harbor1	chr1	31527784	31528147	LTR/ERVL-MaLR	2579	-	182	31527966	61768
chr1	31466198	31666198	harbor1	chr1	31528851	31529207	LTR/ERVL-MaLR	2045	-	178	31529029	62831
chr1	31466198	31666198	harbor1	chr1	31540938	31541352	LTR/ERVL-MaLR	2561	-	207	31541145	74947
chr1	31466198	31666198	harbor1	chr1	31552319	31552810	LTR/ERVL-MaLR	1100	-	246	31552565	86367
chr1	31466198	31666198	harbor1	chr1	31472758	31474317	LTR/ERVL-MaLR	11381	-	780	31473538	7340
chr1	8856868	9056868	harbor1	chr1	8887148	8887327	LTR/ERVL-MaLR	666	-	90	8887238	30370
chr1	8856868	9056868	harbor1	chr1	8928622	8928694	LTR/ERVL-MaLR	540	-	36	8928658	71790
chr1	8856868	9056868	harbor1	chr1	8929001	8929245	LTR/ERVL-MaLR	540	-	122	8929123	72255
chr1	8856868	9056868	harbor1	chr1	8929842	8929957	LTR/ERVL-MaLR	455	-	58	8929900	73032
chr1	8856868	9056868	harbor1	chr1	8933573	8933938	LTR/ERVL-MaLR	2476	-	182	8933755	76887
chr1	193475728	193675728	harbor1	chr1	193515812	193516267	LTR/ERVL-MaLR	2024	-	228	193516040	40312
chr1	193475728	193675728	harbor1	chr1	193519682	193520032	LTR/ERVL-MaLR	1838	-	175	193519857	44129
chr1	193475728	193675728	harbor1	chr1	193526930	193527127	LTR/ERVL-MaLR	879	-	98	193527028	51300
chr1	193475728	193675728	harbor1	chr1	193538609	193538967	LTR/ERVL-MaLR	2139	-	179	193538788	63060
chr1	193475728	193675728	harbor1	chr1	193541897	193542295	LTR/ERVL-MaLR	439	-	199	193542096	66368
chr1	193475728	193675728	harbor1	chr1	193542304	193542515	LTR/ERVL-MaLR	862	-	106	193542410	66682
chr1	193475728	193675728	harbor1	chr1	193575024	193575233	LTR/ERVL-MaLR	905	-	104	193575128	99400
chr1	91655636	91855636	harbor1	chr1	91739701	91740049	LTR/ERVL-MaLR	2232	-	174	91739875	84239
chr1	91655636	91855636	harbor1	chr1	91740358	91740368	LTR/ERVL-MaLR	2232	-	5	91740363	84727
chr1	91655636	91855636	harbor1	chr1	91740665	91740720	LTR/ERVL-MaLR	2232	-	28	91740693	85057
chr1	66360768	66560768	harbor1	chr1	66388195	66388634	LTR/ERVL-MaLR	1383	-	220	66388415	27647
chr1	66360768	66560768	harbor1	chr1	66449909	66450345	LTR/ERVL-MaLR	1751	-	218	66450127	89359
chr1	181217203	181417203	harbor1	chr1	181230803	181231279	LTR/ERVL-MaLR	2012	-	238	181231041	13838
chr1	181217203	181417203	harbor1	chr1	181244747	181244966	LTR/ERVL-MaLR	568	-	110	181244857	27654
chr1	181217203	181417203	harbor1	chr1	181255424	181255642	LTR/ERVL-MaLR	857	-	109	181255533	38330
chr1	181217203	181417203	harbor1	chr1	181264815	181265290	LTR/ERVL-MaLR	1713	-	238	181265053	47850
chr1	181217203	181417203	harbor1	chr1	181288181	181288610	LTR/ERVL-MaLR	1519	-	214	181288395	71192
chr1	181217203	181417203	harbor1	chr1	181294590	181295153	LTR/ERVL-MaLR	1871	-	282	181294872	77669
chr1	181217203	181417203	harbor1	chr1	181308192	181308396	LTR/ERVL-MaLR	523	-	102	181308294	91091
chr1	181217203	181417203	harbor1	chr1	181311620	181311729	LTR/ERVL-MaLR	730	-	54	181311674	94471
chr1	49172083	49372083	harbor1	chr1	49226801	49227135	LTR/ERVL-MaLR	1727	-	167	49226968	54885
chr1	49172083	49372083	harbor1	chr1	49267357	49267398	LTR/ERVL-MaLR	2158	-	20	49267377	95294
chr1	49172083	49372083	harbor1	chr1	49267690	49268020	LTR/ERVL-MaLR	2158	-	165	49267855	95772
chr1	163412508	163612508	harbor1	chr1	163421985	163422351	LTR/ERVL-MaLR	1449	-	183	163422168	9660
chr1	163412508	163612508	harbor1	chr1	163429763	163429991	LTR/ERVL-MaLR	488	-	114	163429877	17369
chr1	163412508	163612508	harbor1	chr1	163456219	163456610	LTR/ERVL-MaLR	932	-	196	163456415	43907
chr1	163412508	163612508	harbor1	chr1	163460620	163461137	LTR/ERVL-MaLR	2560	-	258	163460878	48370
chr1	163412508	163612508	harbor1	chr1	163483457	163483961	LTR/ERVL-MaLR	1740	-	252	163483709	71201
chr1	163412508	163612508	harbor1	chr1	163502887	163503084	LTR/ERVL-MaLR	486	-	98	163502985	90477
chr1	175893864	176093864	harbor1	chr1	175922245	175922594	LTR/ERVL-MaLR	1764	-	174	175922419	28555
chr1	175893864	176093864	harbor1	chr1	175926157	175926290	LTR/ERVL-MaLR	786	-	66	175926223	32359
chr1	175893864	176093864	harbor1	chr1	175926844	175926884	LTR/ERVL-MaLR	1329	-	20	175926864	33000
chr1	175893864	176093864	harbor1	chr1	175927192	175927449	LTR/ERVL-MaLR	1329	-	128	175927320	33456
chr1	102971453	103171453	harbor1	chr1	102994769	102995151	LTR/ERVL-MaLR	2094	-	191	102994960	23507
chr1	59514821	59714821	harbor1	chr1	59574043	59574545	LTR/ERVL-MaLR	1852	-	251	59574294	59473
chr1	59514821	59714821	harbor1	chr1	59607073	59607544	LTR/ERVL-MaLR	1326	-	236	59607309	92488
chr1	26059916	26259916	harbor1	chr1	26076729	26076890	LTR/ERVL-MaLR	2623	-	80	26076809	16893
chr1	26059916	26259916	harbor1	chr1	26077237	26077595	LTR/ERVL-MaLR	2623	-	179	26077416	17500
chr1	227402611	227602611	harbor1	chr1	227419897	227420351	LTR/ERVL-MaLR	1357	-	227	227420124	17513
chr1	227402611	227602611	harbor1	chr1	227446522	227446840	LTR/ERVL-MaLR	2294	-	159	227446681	44070
chr1	227402611	227602611	harbor1	chr1	227451971	227452314	LTR/ERVL-MaLR	798	-	172	227452143	49532
chr1	227402611	227602611	harbor1	chr1	227486542	227486909	LTR/ERVL-MaLR	1667	-	184	227486726	84115
chr1	227402611	227602611	harbor1	chr1	227486914	227488042	LTR/ERVL-MaLR	10341	-	564	227487478	84867
chr1	227402611	227602611	harbor1	chr1	227488334	227488726	LTR/ERVL-MaLR	10341	-	196	227488530	85919
chr1	227402611	227602611	harbor1	chr1	227488727	227489091	LTR/ERVL-MaLR	1942	-	182	227488909	86298
chr1	227402611	227602611	harbor1	chr1	227426184	227426609	LTR/ERVL-MaLR	2924	-	212	227426396	23785
chr1	103298242	103498242	harbor1	chr1	103313490	103313757	LTR/ERVL-MaLR	539	-	134	103313624	15382
chr1	103298242	103498242	harbor1	chr1	103366683	103366731	LTR/ERVL-MaLR	1132	-	24	103366707	68465
chr1	103298242	103498242	harbor1	chr1	103367118	103367518	LTR/ERVL-MaLR	1132	-	200	103367318	69076
chr1	103298242	103498242	harbor1	chr1	103367519	103368257	LTR/ERVL-MaLR	1808	-	369	103367888	69646
chr1	103298242	103498242	harbor1	chr1	103300874	103301269	LTR/ERVL-MaLR	2076	-	198	103301072	2830
chr1	60147330	60347330	harbor1	chr1	60183768	60184145	LTR/ERVL-MaLR	2336	-	188	60183956	36626
chr1	60147330	60347330	harbor1	chr1	60184146	60185715	LTR/ERVL-MaLR	11641	-	784	60184930	37600
chr1	60147330	60347330	harbor1	chr1	60185716	60186059	LTR/ERVL-MaLR	1878	-	172	60185888	38558
chr1	60147330	60347330	harbor1	chr1	60205390	60205640	LTR/ERVL-MaLR	716	-	125	60205515	58185
chr1	60147330	60347330	harbor1	chr1	60206008	60206168	LTR/ERVL-MaLR	716	-	80	60206088	58758
chr1	60147330	60347330	harbor1	chr1	60207302	60207664	LTR/ERVL-MaLR	2184	-	181	60207483	60153
chr1	60147330	60347330	harbor1	chr1	60227487	60227582	LTR/ERVL-MaLR	488	-	48	60227535	80205
chr1	60147330	60347330	harbor1	chr1	60227621	60227810	LTR/ERVL-MaLR	774	-	94	60227715	80385
chr1	60147330	60347330	harbor1	chr1	60238703	60239055	LTR/ERVL-MaLR	1893	-	176	60238879	91549
chr1	60147330	60347330	harbor1	chr1	60239066	60239739	LTR/ERVL-MaLR	2058	-	336	60239402	92072
chr1	60147330	60347330	harbor1	chr1	60240021	60240264	LTR/ERVL-MaLR	2058	-	122	60240143	92813
chr1	60147330	60347330	harbor1	chr1	60241396	60241715	LTR/ERVL-MaLR	1778	-	160	60241556	94226
chr1	60147330	60347330	harbor1	chr1	60246511	60246747	LTR/ERVL-MaLR	1654	-	118	60246629	99299
chr1	107817780	108017780	harbor1	chr1	107828371	107828878	LTR/ERVL-MaLR	1717	-	254	107828625	10845
chr1	107817780	108017780	harbor1	chr1	107854829	107855235	LTR/ERVL-MaLR	1126	-	203	107855032	37252
chr1	107817780	108017780	harbor1	chr1	107893409	107893761	LTR/ERVL-MaLR	2271	-	176	107893585	75805
chr1	92885729	93085729	harbor1	chr1	92897776	92897850	LTR/ERVL-MaLR	2446	-	37	92897813	12084
chr1	92885729	93085729	harbor1	chr1	92898129	92898495	LTR/ERVL-MaLR	2446	-	183	92898312	12583
chr1	52385685	52585685	harbor1	chr1	52414099	52414575	LTR/ERVL-MaLR	477	-	238	52414337	28652
chr1	184758351	184958351	harbor1	chr1	184763584	184763948	LTR/ERVL-MaLR	2283	-	182	184763766	5415
chr1	184758351	184958351	harbor1	chr1	184769538	184769974	LTR/ERVL-MaLR	932	-	218	184769756	11405
chr1	205904320	206104320	harbor1	chr1	205908032	205908291	LTR/ERVL-MaLR	1380	-	130	205908162	3842
chr1	205904320	206104320	harbor1	chr1	205908708	205908769	LTR/ERVL-MaLR	407	-	30	205908738	4418
chr1	205904320	206104320	harbor1	chr1	205996665	205997033	LTR/ERVL-MaLR	2173	-	184	205996849	92529
chr1	50806559	51006559	harbor1	chr1	50807244	50807623	LTR/ERVL-MaLR	2071	-	190	50807434	875
chr1	51097160	51297160	harbor1	chr1	51102093	51102324	LTR/ERVL-MaLR	746	-	116	51102209	5049
chr1	51097160	51297160	harbor1	chr1	51122932	51123346	LTR/ERVL-MaLR	2375	-	207	51123139	25979
chr1	51097160	51297160	harbor1	chr1	51129594	51129960	LTR/ERVL-MaLR	1679	-	183	51129777	32617
chr1	51097160	51297160	harbor1	chr1	51139770	51140026	LTR/ERVL-MaLR	865	-	128	51139898	42738
chr1	51097160	51297160	harbor1	chr1	51191011	51191176	LTR/ERVL-MaLR	426	-	82	51191093	93933
chr1	187132721	187332721	harbor1	chr1	187177109	187177514	LTR/ERVL-MaLR	1876	-	202	187177311	44590
chr1	187132721	187332721	harbor1	chr1	187177515	187177665	LTR/ERVL-MaLR	909	-	75	187177590	44869
chr1	187132721	187332721	harbor1	chr1	187177659	187177765	LTR/ERVL-MaLR	715	-	53	187177712	44991
chr1	187132721	187332721	harbor1	chr1	187177964	187179480	LTR/ERVL-MaLR	10095	-	758	187178722	46001
chr1	187132721	187332721	harbor1	chr1	187179485	187179859	LTR/ERVL-MaLR	1726	-	187	187179672	46951
chr1	187132721	187332721	harbor1	chr1	187207830	187208193	LTR/ERVL-MaLR	2156	-	182	187208012	75291
chr1	5448447	5648447	harbor1	chr1	5463733	5464062	LTR/ERVL-MaLR	1751	-	164	5463897	15450
chr1	5448447	5648447	harbor1	chr1	5466249	5466444	LTR/ERVL-MaLR	497	-	98	5466347	17900
chr1	5448447	5648447	harbor1	chr1	5483005	5483303	LTR/ERVL-MaLR	972	-	149	5483154	34707
chr1	5448447	5648447	harbor1	chr1	5496696	5497135	LTR/ERVL-MaLR	1277	-	220	5496916	48469
chr1	5448447	5648447	harbor1	chr1	5515087	5515496	LTR/ERVL-MaLR	2082	-	204	5515291	66844
chr1	5448447	5648447	harbor1	chr1	5518155	5518239	LTR/ERVL-MaLR	413	-	42	5518197	69750
chr1	5448447	5648447	harbor1	chr1	5518698	5518732	LTR/ERVL-MaLR	1513	-	17	5518715	70268
chr1	5448447	5648447	harbor1	chr1	5518733	5519096	LTR/ERVL-MaLR	2661	-	182	5518915	70468
chr1	5448447	5648447	harbor1	chr1	5519097	5520699	LTR/ERVL-MaLR	10794	-	801	5519898	71451
chr1	5448447	5648447	harbor1	chr1	5520702	5521066	LTR/ERVL-MaLR	2829	-	182	5520884	72437
chr1	5448447	5648447	harbor1	chr1	5521067	5521330	LTR/ERVL-MaLR	1513	-	132	5521199	72752
chr1	5448447	5648447	harbor1	chr1	5532791	5533294	LTR/ERVL-MaLR	1102	-	252	5533043	84596
chr1	5448447	5648447	harbor1	chr1	5533344	5533623	LTR/ERVL-MaLR	738	-	140	5533484	85037
chr1	5448447	5648447	harbor1	chr1	5534198	5534342	LTR/ERVL-MaLR	738	-	72	5534270	85823
chr1	5448447	5648447	harbor1	chr1	5534524	5534923	LTR/ERVL-MaLR	602	-	200	5534724	86277
chr1	236545939	236745939	harbor1	chr1	236632680	236632818	LTR/ERVL-MaLR	702	-	69	236632749	86810
chr1	236545939	236745939	harbor1	chr1	236633311	236633365	LTR/ERVL-MaLR	880	-	27	236633338	87399
chr1	236545939	236745939	harbor1	chr1	236633667	236633797	LTR/ERVL-MaLR	880	-	65	236633732	87793
chr1	146538911	146738911	harbor1	chr1	146546215	146546662	LTR/ERVL-MaLR	1282	-	224	146546439	7528
chr1	146538911	146738911	harbor1	chr1	146547897	146548113	LTR/ERVL-MaLR	1406	-	108	146548005	9094
chr1	146538911	146738911	harbor1	chr1	146586874	146587231	LTR/ERVL-MaLR	2252	-	178	146587052	48141
chr1	146538911	146738911	harbor1	chr1	146595413	146595792	LTR/ERVL-MaLR	2381	-	190	146595603	56692
chr1	146538911	146738911	harbor1	chr1	146607333	146607457	LTR/ERVL-MaLR	649	-	62	146607395	68484
chr1	146538911	146738911	harbor1	chr1	146609787	146610274	LTR/ERVL-MaLR	1800	-	244	146610031	71120
chr1	146538911	146738911	harbor1	chr1	146611433	146611738	LTR/ERVL-MaLR	1397	-	152	146611585	72674
chr1	146538911	146738911	harbor1	chr1	146629809	146630308	LTR/ERVL-MaLR	1601	-	250	146630059	91148
chr1	146538911	146738911	harbor1	chr1	146631770	146632118	LTR/ERVL-MaLR	1238	-	174	146631944	93033
chr1	144643139	144843139	harbor1	chr1	144695317	144695421	LTR/ERVL-MaLR	563	-	52	144695369	52230
chr1	144643139	144843139	harbor1	chr1	144704986	144705346	LTR/ERVL-MaLR	457	-	180	144705166	62027
chr1	144643139	144843139	harbor1	chr1	144707544	144707916	LTR/ERVL-MaLR	1701	-	186	144707730	64591
chr1	144643139	144843139	harbor1	chr1	144734786	144735186	LTR/ERVL-MaLR	2053	-	200	144734986	91847
chr1	144643139	144843139	harbor1	chr1	144740608	144741190	LTR/ERVL-MaLR	764	-	291	144740899	97760
chr1	91130897	91330897	harbor1	chr1	91142191	91142415	LTR/ERVL-MaLR	812	-	112	91142303	11406
chr1	91130897	91330897	harbor1	chr1	91158411	91158665	LTR/ERVL-MaLR	1650	-	127	91158538	27641
chr1	91130897	91330897	harbor1	chr1	91158956	91159122	LTR/ERVL-MaLR	1650	-	83	91159039	28142
chr1	91130897	91330897	harbor1	chr1	91173610	91173946	LTR/ERVL-MaLR	767	-	168	91173778	42881
chr1	91130897	91330897	harbor1	chr1	91181860	91182257	LTR/ERVL-MaLR	2328	-	198	91182058	51161
chr1	91130897	91330897	harbor1	chr1	91189701	91190081	LTR/ERVL-MaLR	2097	-	190	91189891	58994
chr1	91130897	91330897	harbor1	chr1	91204488	91204900	LTR/ERVL-MaLR	2435	-	206	91204694	73797
chr1	184789190	184989190	harbor1	chr1	184875222	184875725	LTR/ERVL-MaLR	1987	-	252	184875474	86284
chr1	228153397	228353397	harbor1	chr1	228161481	228161847	LTR/ERVL-MaLR	1956	-	183	228161664	8267
chr1	228153397	228353397	harbor1	chr1	228196795	228197258	LTR/ERVL-MaLR	1298	-	232	228197027	43630
chr1	228153397	228353397	harbor1	chr1	228224847	228225352	LTR/ERVL-MaLR	531	-	252	228225099	71702
chr1	228153397	228353397	harbor1	chr1	228225582	228226129	LTR/ERVL-MaLR	2296	-	274	228225856	72459
chr1	228153397	228353397	harbor1	chr1	228227544	228227892	LTR/ERVL-MaLR	1576	-	174	228227718	74321
chr1	228153397	228353397	harbor1	chr1	228247620	228247999	LTR/ERVL-MaLR	1971	-	190	228247810	94413
chr1	234880125	235080125	harbor1	chr1	234917072	234917092	LTR/ERVL-MaLR	502	-	10	234917082	36957
chr1	234880125	235080125	harbor1	chr1	234917496	234917841	LTR/ERVL-MaLR	1116	-	172	234917668	37543
chr1	234880125	235080125	harbor1	chr1	234941093	234941523	LTR/ERVL-MaLR	1563	-	215	234941308	61183
chr1	234880125	235080125	harbor1	chr1	234942853	234942985	LTR/ERVL-MaLR	907	-	66	234942919	62794
chr1	234880125	235080125	harbor1	chr1	234943462	234943679	LTR/ERVL-MaLR	994	-	108	234943570	63445
chr1	234880125	235080125	harbor1	chr1	234977359	234977662	LTR/ERVL-MaLR	2016	-	152	234977511	97386
chr1	234880125	235080125	harbor1	chr1	234977954	234978029	LTR/ERVL-MaLR	2016	-	38	234977992	97867
chr1	246725797	246925797	harbor1	chr1	246746995	246747159	LTR/ERVL-MaLR	493	-	82	246747077	21280
chr1	246725797	246925797	harbor1	chr1	246822317	246822629	LTR/ERVL-MaLR	526	-	156	246822473	96676
chr1	163245512	163445512	harbor1	chr1	163280881	163280926	LTR/ERVL-MaLR	2415	-	22	163280903	35391
chr1	163245512	163445512	harbor1	chr1	163281294	163281674	LTR/ERVL-MaLR	2415	-	190	163281484	35972
chr1	163245512	163445512	harbor1	chr1	163284869	163285202	LTR/ERVL-MaLR	1945	-	166	163285035	39523
chr1	163245512	163445512	harbor1	chr1	163293209	163293578	LTR/ERVL-MaLR	1925	-	184	163293393	47881
chr1	163245512	163445512	harbor1	chr1	163293579	163295218	LTR/ERVL-MaLR	11431	-	820	163294399	48887
chr1	163245512	163445512	harbor1	chr1	163310745	163311117	LTR/ERVL-MaLR	2173	-	186	163310931	65419
chr1	163245512	163445512	harbor1	chr1	163329389	163329676	LTR/ERVL-MaLR	1821	-	144	163329533	84021
chr1	163245512	163445512	harbor1	chr1	163332404	163332908	LTR/ERVL-MaLR	1867	-	252	163332656	87144
chr1	57953272	58153272	harbor1	chr1	57958593	57959009	LTR/ERVL-MaLR	1750	-	208	57958801	5529
chr1	57953272	58153272	harbor1	chr1	58050982	58051055	LTR/ERVL-MaLR	466	-	36	58051018	97746
chr1	57953272	58153272	harbor1	chr1	58052849	58053157	LTR/ERVL-MaLR	1700	-	154	58053003	99731
chr1	57953272	58153272	harbor1	chr1	58053133	58053215	LTR/ERVL-MaLR	431	-	41	58053174	99902
chr1	63234272	63434272	harbor1	chr1	63245159	63245576	LTR/ERVL-MaLR	2039	-	208	63245367	11095
chr1	63234272	63434272	harbor1	chr1	63279950	63280496	LTR/ERVL-MaLR	2446	-	273	63280223	45951
chr1	63234272	63434272	harbor1	chr1	63288146	63288511	LTR/ERVL-MaLR	2282	-	182	63288328	54056
chr1	63234272	63434272	harbor1	chr1	63306847	63307085	LTR/ERVL-MaLR	634	-	119	63306966	72694
chr1	20233635	20433635	harbor1	chr1	20245415	20245784	LTR/ERVL-MaLR	1627	-	184	20245599	11964
chr1	20233635	20433635	harbor1	chr1	20247003	20247532	LTR/ERVL-MaLR	1181	-	264	20247267	13632
chr1	20233635	20433635	harbor1	chr1	20264023	20264458	LTR/ERVL-MaLR	2242	-	218	20264241	30606
chr1	20233635	20433635	harbor1	chr1	20278578	20279002	LTR/ERVL-MaLR	2842	-	212	20278790	45155
chr1	20233635	20433635	harbor1	chr1	20285885	20286389	LTR/ERVL-MaLR	987	-	252	20286137	52502
chr1	20233635	20433635	harbor1	chr1	20297347	20297524	LTR/ERVL-MaLR	688	-	88	20297435	63800
chr1	176884080	177084080	harbor1	chr1	176903721	176904145	LTR/ERVL-MaLR	1164	-	212	176903933	19853
chr1	180386978	180586978	harbor1	chr1	180471445	180471794	LTR/ERVL-MaLR	2695	-	174	180471619	84641
chr1	86515139	86715139	harbor1	chr1	86524720	86525175	LTR/ERVL-MaLR	1931	-	228	86524948	9809
chr1	86515139	86715139	harbor1	chr1	86558497	86558866	LTR/ERVL-MaLR	2510	-	184	86558681	43542
chr1	86515139	86715139	harbor1	chr1	86592462	86592852	LTR/ERVL-MaLR	2195	-	195	86592657	77518
chr1	86515139	86715139	harbor1	chr1	86592853	86593370	LTR/ERVL-MaLR	2464	-	258	86593111	77972
chr1	86515139	86715139	harbor1	chr1	86594061	86594757	LTR/ERVL-MaLR	5771	-	348	86594409	79270
chr1	86515139	86715139	harbor1	chr1	86595061	86595526	LTR/ERVL-MaLR	5771	-	232	86595293	80154
chr1	86515139	86715139	harbor1	chr1	86595531	86595926	LTR/ERVL-MaLR	1868	-	198	86595729	80590
chr1	86515139	86715139	harbor1	chr1	86603468	86603893	LTR/ERVL-MaLR	2147	-	212	86603680	88541
chr1	12327930	12527930	harbor1	chr1	12411584	12412083	LTR/ERVL-MaLR	1356	-	250	12411834	83904
chr1	12327930	12527930	harbor1	chr1	12419378	12419782	LTR/ERVL-MaLR	2484	-	202	12419580	91650
chr1	29824900	30024900	harbor1	chr1	29862849	29863102	LTR/ERVL-MaLR	535	-	126	29862975	38075
chr1	29824900	30024900	harbor1	chr1	29868150	29868536	LTR/ERVL-MaLR	810	-	193	29868343	43443
chr1	29824900	30024900	harbor1	chr1	29869277	29870011	LTR/ERVL-MaLR	1455	-	367	29869644	44744
chr1	29824900	30024900	harbor1	chr1	29870019	29870537	LTR/ERVL-MaLR	941	-	259	29870278	45378
chr1	29824900	30024900	harbor1	chr1	29896763	29897277	LTR/ERVL-MaLR	467	-	257	29897020	72120
chr1	29824900	30024900	harbor1	chr1	29916168	29916541	LTR/ERVL-MaLR	1589	-	186	29916354	91454
chr1	29824900	30024900	harbor1	chr1	29916733	29917055	LTR/ERVL-MaLR	425	-	161	29916894	91994
chr1	29824900	30024900	harbor1	chr1	29917960	29918437	LTR/ERVL-MaLR	994	-	238	29918198	93298
chr1	29824900	30024900	harbor1	chr1	29919042	29919218	LTR/ERVL-MaLR	2021	-	88	29919130	94230
chr1	29824900	30024900	harbor1	chr1	29919531	29919710	LTR/ERVL-MaLR	2021	-	90	29919621	94721
chr1	29824900	30024900	harbor1	chr1	29867632	29868146	LTR/ERVL-MaLR	809	-	257	29867889	42989
chr1	198909367	199109367	harbor1	chr1	198911747	198912105	LTR/ERVL-MaLR	1959	-	179	198911926	2559
chr1	198909367	199109367	harbor1	chr1	198989581	198989963	LTR/ERVL-MaLR	2618	-	191	198989772	80405
chr1	41310941	41510941	harbor1	chr1	41313571	41314074	LTR/ERVL-MaLR	1509	-	252	41313823	2882
chr1	41310941	41510941	harbor1	chr1	41325873	41326070	LTR/ERVL-MaLR	669	-	98	41325971	15030
chr1	41310941	41510941	harbor1	chr1	41326091	41326244	LTR/ERVL-MaLR	582	-	76	41326167	15226
chr1	41310941	41510941	harbor1	chr1	41332061	41332317	LTR/ERVL-MaLR	1999	-	128	41332189	21248
chr1	41310941	41510941	harbor1	chr1	41332626	41332754	LTR/ERVL-MaLR	1999	-	64	41332690	21749
chr1	41310941	41510941	harbor1	chr1	41333066	41333096	LTR/ERVL-MaLR	2055	-	15	41333081	22140
chr1	41310941	41510941	harbor1	chr1	41334756	41334962	LTR/ERVL-MaLR	892	-	103	41334859	23918
chr1	41310941	41510941	harbor1	chr1	41335838	41335990	LTR/ERVL-MaLR	458	-	76	41335914	24973
chr1	41310941	41510941	harbor1	chr1	41354597	41354947	LTR/ERVL-MaLR	1913	-	175	41354772	43831
chr1	161019032	161219032	harbor1	chr1	161027101	161027464	LTR/ERVL-MaLR	2771	-	182	161027283	8251
chr1	93356745	93556745	harbor1	chr1	93363323	93363781	LTR/ERVL-MaLR	1861	-	229	93363552	6807
chr1	93356745	93556745	harbor1	chr1	93371911	93371929	LTR/ERVL-MaLR	843	-	9	93371920	15175
chr1	93356745	93556745	harbor1	chr1	93385118	93385540	LTR/ERVL-MaLR	1422	-	211	93385329	28584
chr1	93356745	93556745	harbor1	chr1	93392246	93392462	LTR/ERVL-MaLR	642	-	108	93392354	35609
chr1	93356745	93556745	harbor1	chr1	93419486	93419598	LTR/ERVL-MaLR	447	-	56	93419542	62797
chr1	93356745	93556745	harbor1	chr1	93420682	93421140	LTR/ERVL-MaLR	2029	-	229	93420911	64166
chr1	93356745	93556745	harbor1	chr1	93432350	93432920	LTR/ERVL-MaLR	1549	-	285	93432635	75890
chr1	93356745	93556745	harbor1	chr1	93435747	93436241	LTR/ERVL-MaLR	2110	-	247	93435994	79249
chr1	93356745	93556745	harbor1	chr1	93372238	93372702	LTR/ERVL-MaLR	843	-	232	93372470	15725
chr1	81043063	81243063	harbor1	chr1	81048016	81048686	LTR/ERVL-MaLR	2904	-	335	81048351	5288
chr1	81043063	81243063	harbor1	chr1	81081692	81082053	LTR/ERVL-MaLR	1528	-	180	81081872	38809
chr1	81043063	81243063	harbor1	chr1	81115397	81115800	LTR/ERVL-MaLR	677	-	202	81115599	72536
chr1	81043063	81243063	harbor1	chr1	81121022	81121148	LTR/ERVL-MaLR	740	-	63	81121085	78022
chr1	81043063	81243063	harbor1	chr1	81136129	81136448	LTR/ERVL-MaLR	418	-	160	81136289	93226
chr1	167197897	167397897	harbor1	chr1	167197986	167198321	LTR/ERVL-MaLR	685	-	168	167198154	257
chr1	167197897	167397897	harbor1	chr1	167208464	167208908	LTR/ERVL-MaLR	2252	-	222	167208686	10789
chr1	167197897	167397897	harbor1	chr1	167216339	167216435	LTR/ERVL-MaLR	483	-	48	167216387	18490
chr1	167197897	167397897	harbor1	chr1	167216692	167216815	LTR/ERVL-MaLR	483	-	62	167216754	18857
chr1	167197897	167397897	harbor1	chr1	167244208	167244699	LTR/ERVL-MaLR	1712	-	246	167244454	46557
chr1	167197897	167397897	harbor1	chr1	167259077	167259400	LTR/ERVL-MaLR	1117	-	162	167259239	61342
chr1	167197897	167397897	harbor1	chr1	167272419	167272796	LTR/ERVL-MaLR	2117	-	188	167272607	74710
chr1	167197897	167397897	harbor1	chr1	167272797	167273623	LTR/ERVL-MaLR	5335	-	413	167273210	75313
chr1	64621335	64821335	harbor1	chr1	64636320	64636847	LTR/ERVL-MaLR	1146	-	264	64636584	15249
chr1	64621335	64821335	harbor1	chr1	64639755	64640266	LTR/ERVL-MaLR	1772	-	256	64640011	18676
chr1	64621335	64821335	harbor1	chr1	64717784	64718003	LTR/ERVL-MaLR	1318	-	110	64717894	96559
chr1	64621335	64821335	harbor1	chr1	64718004	64718370	LTR/ERVL-MaLR	2488	-	183	64718187	96852
chr1	64621335	64821335	harbor1	chr1	64718371	64718606	LTR/ERVL-MaLR	1318	-	118	64718489	97154
chr1	64621335	64821335	harbor1	chr1	64720009	64720385	LTR/ERVL-MaLR	1421	-	188	64720197	98862
chr1	21729520	21929520	harbor1	chr1	21813599	21813738	LTR/ERVL-MaLR	485	-	70	21813669	84149
chr1	21729520	21929520	harbor1	chr1	21819751	21820164	LTR/ERVL-MaLR	3052	-	206	21819957	90437
chr1	227797032	227997032	harbor1	chr1	227812903	227813272	LTR/ERVL-MaLR	2341	-	184	227813087	16055
chr1	227797032	227997032	harbor1	chr1	227813273	227814789	LTR/ERVL-MaLR	11799	-	758	227814031	16999
chr1	227797032	227997032	harbor1	chr1	227839758	227840034	LTR/ERVL-MaLR	1339	-	138	227839896	42864
chr1	227797032	227997032	harbor1	chr1	227840673	227841029	LTR/ERVL-MaLR	1339	-	178	227840851	43819
chr1	227797032	227997032	harbor1	chr1	227841818	227842197	LTR/ERVL-MaLR	2066	-	190	227842008	44976
chr1	210239567	210439567	harbor1	chr1	210264020	210264081	LTR/ERVL-MaLR	626	-	30	210264050	24483
chr1	210239567	210439567	harbor1	chr1	210264315	210264508	LTR/ERVL-MaLR	626	-	96	210264411	24844
chr1	210239567	210439567	harbor1	chr1	210268297	210268516	LTR/ERVL-MaLR	1675	-	110	210268407	28840
chr1	210239567	210439567	harbor1	chr1	210268832	210269193	LTR/ERVL-MaLR	1675	-	180	210269012	29445
chr1	210239567	210439567	harbor1	chr1	210275980	210276098	LTR/ERVL-MaLR	1491	-	59	210276039	36472
chr1	210239567	210439567	harbor1	chr1	210276386	210276400	LTR/ERVL-MaLR	1491	-	7	210276393	36826
chr1	210239567	210439567	harbor1	chr1	210276635	210276783	LTR/ERVL-MaLR	1560	-	74	210276709	37142
chr1	210239567	210439567	harbor1	chr1	210277131	210277314	LTR/ERVL-MaLR	1560	-	92	210277223	37656
chr1	210239567	210439567	harbor1	chr1	210308956	210309266	LTR/ERVL-MaLR	1429	-	155	210309111	69544
chr1	210239567	210439567	harbor1	chr1	210337369	210337823	LTR/ERVL-MaLR	2042	-	227	210337596	98029
chr1	208585659	208785659	harbor1	chr1	208608600	208608996	LTR/ERVL-MaLR	1974	-	198	208608798	23139
chr1	208585659	208785659	harbor1	chr1	208610582	208610934	LTR/ERVL-MaLR	1811	-	176	208610758	25099
chr1	208585659	208785659	harbor1	chr1	208611183	208611227	LTR/ERVL-MaLR	1811	-	22	208611205	25546
chr1	208585659	208785659	harbor1	chr1	208612217	208612559	LTR/ERVL-MaLR	1769	-	171	208612388	26729
chr1	208585659	208785659	harbor1	chr1	208624961	208625381	LTR/ERVL-MaLR	1983	-	210	208625171	39512
chr1	208585659	208785659	harbor1	chr1	208684107	208684483	LTR/ERVL-MaLR	1082	-	188	208684295	98636
chr1	30310228	30510228	harbor1	chr1	30341136	30341612	LTR/ERVL-MaLR	444	-	238	30341374	31146
chr1	30310228	30510228	harbor1	chr1	30350203	30350594	LTR/ERVL-MaLR	1109	-	196	30350399	40171
chr1	30310228	30510228	harbor1	chr1	30363597	30363906	LTR/ERVL-MaLR	762	-	154	30363751	53523
chr1	30310228	30510228	harbor1	chr1	30364590	30364893	LTR/ERVL-MaLR	536	-	152	30364742	54514
chr1	30310228	30510228	harbor1	chr1	30366814	30367251	LTR/ERVL-MaLR	763	-	218	30367032	56804
chr1	30310228	30510228	harbor1	chr1	30370027	30370083	LTR/ERVL-MaLR	1422	-	28	30370055	59827
chr1	30310228	30510228	harbor1	chr1	30370657	30371052	LTR/ERVL-MaLR	1422	-	198	30370855	60627
chr1	30310228	30510228	harbor1	chr1	30401568	30401922	LTR/ERVL-MaLR	2324	-	177	30401745	91517
chr1	100433486	100633486	harbor1	chr1	100486422	100486697	LTR/ERVL-MaLR	1233	-	138	100486560	53074
chr1	100433486	100633486	harbor1	chr1	100505746	100506160	LTR/ERVL-MaLR	2273	-	207	100505953	72467
chr1	100433486	100633486	harbor1	chr1	100529505	100529859	LTR/ERVL-MaLR	1894	-	177	100529682	96196
chr1	100433486	100633486	harbor1	chr1	100531624	100532058	LTR/ERVL-MaLR	2725	-	217	100531841	98355
chr1	146020882	146220882	harbor1	chr1	146030187	146030604	LTR/ERVL-MaLR	2271	-	208	146030395	9513
chr1	75520638	75720638	harbor1	chr1	75609816	75610104	LTR/ERVL-MaLR	1357	-	144	75609960	89322
chr1	75520638	75720638	harbor1	chr1	75610464	75610675	LTR/ERVL-MaLR	454	-	106	75610570	89932
chr1	101073825	101273825	harbor1	chr1	101076526	101076866	LTR/ERVL-MaLR	817	-	170	101076696	2871
chr1	101073825	101273825	harbor1	chr1	101087973	101088181	LTR/ERVL-MaLR	520	-	104	101088077	14252
chr1	101073825	101273825	harbor1	chr1	101094777	101095142	LTR/ERVL-MaLR	1784	-	182	101094959	21134
chr1	101073825	101273825	harbor1	chr1	101095143	101096797	LTR/ERVL-MaLR	5876	-	827	101095970	22145
chr1	101073825	101273825	harbor1	chr1	101096799	101097160	LTR/ERVL-MaLR	1862	-	180	101096979	23154
chr1	101073825	101273825	harbor1	chr1	101140918	101141261	LTR/ERVL-MaLR	1652	-	172	101141090	67265
chr1	101073825	101273825	harbor1	chr1	101142377	101142891	LTR/ERVL-MaLR	1631	-	257	101142634	68809
chr1	101073825	101273825	harbor1	chr1	101156306	101156442	LTR/ERVL-MaLR	551	-	68	101156374	82549
chr1	186798454	186998454	harbor1	chr1	186852411	186852795	LTR/ERVL-MaLR	1508	-	192	186852603	54149
chr1	85034057	85234057	harbor1	chr1	85075891	85076311	LTR/ERVL-MaLR	1850	-	210	85076101	42044
chr1	85034057	85234057	harbor1	chr1	85076386	85076446	LTR/ERVL-MaLR	458	-	30	85076416	42359
chr1	85034057	85234057	harbor1	chr1	85076447	85076785	LTR/ERVL-MaLR	2339	-	169	85076616	42559
chr1	85034057	85234057	harbor1	chr1	85076786	85076841	LTR/ERVL-MaLR	458	-	28	85076814	42757
chr1	143779381	143979381	harbor1	chr1	143794578	143794808	LTR/ERVL-MaLR	1118	-	115	143794693	15312
chr1	143779381	143979381	harbor1	chr1	143832870	143833002	LTR/ERVL-MaLR	559	-	66	143832936	53555
chr1	143779381	143979381	harbor1	chr1	143834549	143834911	LTR/ERVL-MaLR	1995	-	181	143834730	55349
chr1	143779381	143979381	harbor1	chr1	143857665	143858038	LTR/ERVL-MaLR	2811	-	186	143857851	78470
chr1	143779381	143979381	harbor1	chr1	143858039	143859487	LTR/ERVL-MaLR	10378	-	724	143858763	79382
chr1	143779381	143979381	harbor1	chr1	143859488	143859860	LTR/ERVL-MaLR	2836	-	186	143859674	80293
chr1	143779381	143979381	harbor1	chr1	143802325	143802697	LTR/ERVL-MaLR	1713	-	186	143802511	23130
chr1	57200868	57400868	harbor1	chr1	57214047	57214374	LTR/ERVL-MaLR	1652	-	164	57214211	13343
chr1	57200868	57400868	harbor1	chr1	57234564	57235143	LTR/ERVL-MaLR	2280	-	290	57234854	33986
chr1	57200868	57400868	harbor1	chr1	57257589	57258054	LTR/ERVL-MaLR	1506	-	232	57257821	56953
chr1	213370308	213570308	harbor1	chr1	213375614	213376046	LTR/ERVL-MaLR	785	-	216	213375830	5522
chr1	213370308	213570308	harbor1	chr1	213413333	213413852	LTR/ERVL-MaLR	2335	-	260	213413593	43285
chr1	213370308	213570308	harbor1	chr1	213420721	213421117	LTR/ERVL-MaLR	1649	-	198	213420919	50611
chr1	213370308	213570308	harbor1	chr1	213421413	213421455	LTR/ERVL-MaLR	1649	-	21	213421434	51126
chr1	213370308	213570308	harbor1	chr1	213432947	213433458	LTR/ERVL-MaLR	2223	-	256	213433203	62895
chr1	213370308	213570308	harbor1	chr1	213443942	213444356	LTR/ERVL-MaLR	2031	-	207	213444149	73841
chr1	213370308	213570308	harbor1	chr1	213449286	213449661	LTR/ERVL-MaLR	2029	-	188	213449474	79166
chr1	151380398	151580398	harbor1	chr1	151461673	151462153	LTR/ERVL-MaLR	1104	-	240	151461913	81515
chr1	177386307	177586307	harbor1	chr1	177423103	177423456	LTR/ERVL-MaLR	495	-	176	177423279	36972
chr1	177386307	177586307	harbor1	chr1	177447906	177448009	LTR/ERVL-MaLR	443	-	52	177447958	61651
chr1	177386307	177586307	harbor1	chr1	177462903	177463277	LTR/ERVL-MaLR	1678	-	187	177463090	76783
chr1	177386307	177586307	harbor1	chr1	177465618	177465991	LTR/ERVL-MaLR	2647	-	186	177465804	79497
chr1	5715142	5915142	harbor1	chr1	5715663	5716114	LTR/ERVL-MaLR	1690	-	226	5715889	747
chr1	5715142	5915142	harbor1	chr1	5735848	5736178	LTR/ERVL-MaLR	838	-	165	5736013	20871
chr1	5715142	5915142	harbor1	chr1	5739039	5739189	LTR/ERVL-MaLR	556	-	75	5739114	23972
chr1	5715142	5915142	harbor1	chr1	5756024	5756445	LTR/ERVL-MaLR	1070	-	210	5756234	41092
chr1	5715142	5915142	harbor1	chr1	5756446	5756777	LTR/ERVL-MaLR	1310	-	166	5756612	41470
chr1	5715142	5915142	harbor1	chr1	5756778	5756851	LTR/ERVL-MaLR	1070	-	36	5756814	41672
chr1	5715142	5915142	harbor1	chr1	5768064	5768501	LTR/ERVL-MaLR	1571	-	218	5768282	53140
chr1	5715142	5915142	harbor1	chr1	5775293	5775690	LTR/ERVL-MaLR	1847	-	198	5775491	60349
chr1	5715142	5915142	harbor1	chr1	5777562	5777942	LTR/ERVL-MaLR	2170	-	190	5777752	62610
chr1	5715142	5915142	harbor1	chr1	5778314	5778530	LTR/ERVL-MaLR	2170	-	108	5778422	63280
chr1	5715142	5915142	harbor1	chr1	5779080	5779463	LTR/ERVL-MaLR	909	-	192	5779272	64130
chr1	169640374	169840374	harbor1	chr1	169648699	169649161	LTR/ERVL-MaLR	2576	-	231	169648930	8556
chr1	169640374	169840374	harbor1	chr1	169717415	169717838	LTR/ERVL-MaLR	2914	-	212	169717627	77253
chr1	74821167	75021167	harbor1	chr1	74821730	74822070	LTR/ERVL-MaLR	1285	-	170	74821900	733
chr1	74821167	75021167	harbor1	chr1	74824789	74825329	LTR/ERVL-MaLR	755	-	270	74825059	3892
chr1	74821167	75021167	harbor1	chr1	74828322	74828681	LTR/ERVL-MaLR	1618	-	180	74828502	7335
chr1	74821167	75021167	harbor1	chr1	74837813	74838106	LTR/ERVL-MaLR	979	-	146	74837959	16792
chr1	74821167	75021167	harbor1	chr1	74846367	74846819	LTR/ERVL-MaLR	2322	-	226	74846593	25426
chr1	74821167	75021167	harbor1	chr1	74860076	74860430	LTR/ERVL-MaLR	1764	-	177	74860253	39086
chr1	74821167	75021167	harbor1	chr1	74860431	74860557	LTR/ERVL-MaLR	915	-	63	74860494	39327
chr1	74821167	75021167	harbor1	chr1	74861712	74862519	LTR/ERVL-MaLR	5293	-	404	74862116	40949
chr1	74821167	75021167	harbor1	chr1	74867475	74867946	LTR/ERVL-MaLR	1515	-	236	74867711	46544
chr1	74821167	75021167	harbor1	chr1	74912920	74913278	LTR/ERVL-MaLR	2095	-	179	74913099	91932
chr1	74821167	75021167	harbor1	chr1	74913279	74914893	LTR/ERVL-MaLR	11573	-	807	74914086	92919
chr1	74821167	75021167	harbor1	chr1	74914894	74915253	LTR/ERVL-MaLR	2094	-	180	74915074	93907
chr1	111776442	111976442	harbor1	chr1	111839916	111840265	LTR/ERVL-MaLR	1636	-	174	111840090	63648
chr1	182483020	182683020	harbor1	chr1	182495968	182496384	LTR/ERVL-MaLR	2482	-	208	182496176	13156
chr1	182483020	182683020	harbor1	chr1	182527970	182528326	LTR/ERVL-MaLR	2163	-	178	182528148	45128
chr1	182483020	182683020	harbor1	chr1	182528328	182528750	LTR/ERVL-MaLR	2731	-	211	182528539	45519
chr1	182483020	182683020	harbor1	chr1	182528771	182529126	LTR/ERVL-MaLR	2040	-	178	182528949	45929
chr1	182483020	182683020	harbor1	chr1	182536585	182536926	LTR/ERVL-MaLR	2263	-	170	182536755	53735
chr1	182483020	182683020	harbor1	chr1	182552618	182552902	LTR/ERVL-MaLR	1585	-	142	182552760	69740
chr1	182483020	182683020	harbor1	chr1	182553203	182553299	LTR/ERVL-MaLR	1585	-	48	182553251	70231
chr1	182483020	182683020	harbor1	chr1	182558363	182558955	LTR/ERVL-MaLR	2349	-	296	182558659	75639
chr1	182483020	182683020	harbor1	chr1	182572555	182572801	LTR/ERVL-MaLR	1038	-	123	182572678	89658
chr1	215877363	216077363	harbor1	chr1	215923162	215923707	LTR/ERVL-MaLR	601	-	272	215923434	46071
chr1	215877363	216077363	harbor1	chr1	215941899	215942453	LTR/ERVL-MaLR	1129	-	277	215942176	64813
chr1	200599653	200799653	harbor1	chr1	200693034	200693246	LTR/ERVL-MaLR	663	-	106	200693140	93487
chr1	18277025	18477025	harbor1	chr1	18310649	18311114	LTR/ERVL-MaLR	2279	-	232	18310881	33856
chr1	18277025	18477025	harbor1	chr1	18311584	18311945	LTR/ERVL-MaLR	2450	-	180	18311764	34739
chr1	18277025	18477025	harbor1	chr1	18312372	18312828	LTR/ERVL-MaLR	2483	-	228	18312600	35575
chr1	18277025	18477025	harbor1	chr1	18319008	18319465	LTR/ERVL-MaLR	1522	-	228	18319236	42211
chr1	18277025	18477025	harbor1	chr1	18321452	18321803	LTR/ERVL-MaLR	1542	-	176	18321628	44603
chr1	18277025	18477025	harbor1	chr1	18336742	18337096	LTR/ERVL-MaLR	2470	-	177	18336919	59894
chr1	18277025	18477025	harbor1	chr1	18340583	18340869	LTR/ERVL-MaLR	1073	-	143	18340726	63701
chr1	18277025	18477025	harbor1	chr1	18341262	18341441	LTR/ERVL-MaLR	799	-	90	18341352	64327
chr1	73772867	73972867	harbor1	chr1	73859452	73859723	LTR/ERVL-MaLR	1054	-	136	73859588	86721
chr1	73772867	73972867	harbor1	chr1	73861571	73861953	LTR/ERVL-MaLR	2041	-	191	73861762	88895
chr1	105994443	106194443	harbor1	chr1	105998171	105998576	LTR/ERVL-MaLR	2277	-	202	105998373	3930
chr1	105994443	106194443	harbor1	chr1	106012923	106013343	LTR/ERVL-MaLR	2272	-	210	106013133	18690
chr1	105994443	106194443	harbor1	chr1	106013356	106014986	LTR/ERVL-MaLR	8144	-	815	106014171	19728
chr1	105994443	106194443	harbor1	chr1	106014987	106015409	LTR/ERVL-MaLR	2654	-	211	106015198	20755
chr1	105994443	106194443	harbor1	chr1	106021026	106021252	LTR/ERVL-MaLR	623	-	113	106021139	26696
chr1	105994443	106194443	harbor1	chr1	106021295	106021306	LTR/ERVL-MaLR	623	-	6	106021301	26858
chr1	105994443	106194443	harbor1	chr1	106021324	106021430	LTR/ERVL-MaLR	629	-	53	106021377	26934
chr1	105994443	106194443	harbor1	chr1	106028007	106028575	LTR/ERVL-MaLR	993	-	284	106028291	33848
chr1	105994443	106194443	harbor1	chr1	106039414	106039763	LTR/ERVL-MaLR	1308	-	174	106039588	45145
chr1	105994443	106194443	harbor1	chr1	106049348	106049797	LTR/ERVL-MaLR	558	-	224	106049572	55129
chr1	56106842	56306842	harbor1	chr1	56141204	56141487	LTR/ERVL-MaLR	505	-	142	56141346	34504
chr1	56106842	56306842	harbor1	chr1	56141787	56141909	LTR/ERVL-MaLR	505	-	61	56141848	35006
chr1	56106842	56306842	harbor1	chr1	56141915	56142006	LTR/ERVL-MaLR	463	-	46	56141961	35119
chr1	56106842	56306842	harbor1	chr1	56142011	56142463	LTR/ERVL-MaLR	1175	-	226	56142237	35395
chr1	56106842	56306842	harbor1	chr1	56142503	56143795	LTR/ERVL-MaLR	3693	-	646	56143149	36307
chr1	56106842	56306842	harbor1	chr1	56143799	56144012	LTR/ERVL-MaLR	531	-	106	56143905	37063
chr1	56106842	56306842	harbor1	chr1	56145172	56145603	LTR/ERVL-MaLR	600	-	216	56145388	38546
chr1	56106842	56306842	harbor1	chr1	56201696	56202150	LTR/ERVL-MaLR	1237	-	227	56201923	95081
chr1	8176042	8376042	harbor1	chr1	8184855	8185227	LTR/ERVL-MaLR	2914	-	186	8185041	8999
chr1	8176042	8376042	harbor1	chr1	8252732	8253126	LTR/ERVL-MaLR	2358	-	197	8252929	76887
chr1	8176042	8376042	harbor1	chr1	8267713	8268085	LTR/ERVL-MaLR	2722	-	186	8267899	91857
chr1	89545136	89745136	harbor1	chr1	89558631	89558975	LTR/ERVL-MaLR	1480	-	172	89558803	13667
chr1	89545136	89745136	harbor1	chr1	89619980	89620333	LTR/ERVL-MaLR	1684	-	176	89620156	75020
chr1	89545136	89745136	harbor1	chr1	89587687	89588199	LTR/ERVL-MaLR	449	-	256	89587943	42807
chr1	238425333	238625333	harbor1	chr1	238434320	238434735	LTR/ERVL-MaLR	1162	-	208	238434528	9195
chr1	238425333	238625333	harbor1	chr1	238442439	238442503	LTR/ERVL-MaLR	587	-	32	238442471	17138
chr1	238425333	238625333	harbor1	chr1	238442824	238442902	LTR/ERVL-MaLR	587	-	39	238442863	17530
chr1	238425333	238625333	harbor1	chr1	238520551	238520958	LTR/ERVL-MaLR	548	-	204	238520755	95422
chr1	238425333	238625333	harbor1	chr1	238523592	238523983	LTR/ERVL-MaLR	1965	-	196	238523788	98455
chr1	35528163	35728163	harbor1	chr1	35592330	35592395	LTR/ERVL-MaLR	2167	-	32	35592362	64199
chr1	35528163	35728163	harbor1	chr1	35592693	35592998	LTR/ERVL-MaLR	2167	-	152	35592845	64682
chr1	201697635	201897635	harbor1	chr1	201764237	201764624	LTR/ERVL-MaLR	1541	-	194	201764431	66796
chr1	211077993	211277993	harbor1	chr1	211145000	211145398	LTR/ERVL-MaLR	2835	-	199	211145199	67206
chr1	211077993	211277993	harbor1	chr1	211145687	211145851	LTR/ERVL-MaLR	2835	-	82	211145769	67776
chr1	211077993	211277993	harbor1	chr1	211150004	211150417	LTR/ERVL-MaLR	2629	-	206	211150210	72217
chr1	211077993	211277993	harbor1	chr1	211167955	211168349	LTR/ERVL-MaLR	2648	-	197	211168152	90159
chr1	211077993	211277993	harbor1	chr1	211168350	211169971	LTR/ERVL-MaLR	10742	-	810	211169160	91167
chr1	211077993	211277993	harbor1	chr1	211169975	211170041	LTR/ERVL-MaLR	2792	-	33	211170008	92015
chr1	211077993	211277993	harbor1	chr1	211170348	211170712	LTR/ERVL-MaLR	2792	-	182	211170530	92537
chr1	79018502	79218502	harbor1	chr1	79103712	79104263	LTR/ERVL-MaLR	1078	-	276	79103988	85486
chr1	79018502	79218502	harbor1	chr1	79104897	79105486	LTR/ERVL-MaLR	1295	-	294	79105191	86689
chr1	79018502	79218502	harbor1	chr1	79105526	79105956	LTR/ERVL-MaLR	753	-	215	79105741	87239
chr1	113898330	114098330	harbor1	chr1	113987577	113987920	LTR/ERVL-MaLR	2354	-	172	113987749	89419
chr1	113898330	114098330	harbor1	chr1	113989001	113989378	LTR/ERVL-MaLR	2303	-	188	113989189	90859
chr1	37338604	37538604	harbor1	chr1	37364774	37365034	LTR/ERVL-MaLR	615	-	130	37364904	26300
chr1	37338604	37538604	harbor1	chr1	37422501	37422857	LTR/ERVL-MaLR	1939	-	178	37422679	84075
chr1	240566678	240766678	harbor1	chr1	240603855	240604289	LTR/ERVL-MaLR	2027	-	217	240604072	37394
chr1	240566678	240766678	harbor1	chr1	240621767	240622216	LTR/ERVL-MaLR	1546	-	224	240621991	55313
chr1	240566678	240766678	harbor1	chr1	240634508	240634868	LTR/ERVL-MaLR	2229	-	180	240634688	68010
chr1	240566678	240766678	harbor1	chr1	240658113	240658621	LTR/ERVL-MaLR	1904	-	254	240658367	91689
chr1	180571269	180771269	harbor1	chr1	180572152	180572312	LTR/ERVL-MaLR	492	-	80	180572232	963
chr1	180571269	180771269	harbor1	chr1	180582113	180582247	LTR/ERVL-MaLR	678	-	67	180582180	10911
chr1	180571269	180771269	harbor1	chr1	180582566	180582869	LTR/ERVL-MaLR	678	-	152	180582718	11449
chr1	180571269	180771269	harbor1	chr1	180583274	180583399	LTR/ERVL-MaLR	678	-	62	180583336	12067
chr1	180571269	180771269	harbor1	chr1	180586596	180587005	LTR/ERVL-MaLR	774	-	204	180586800	15531
chr1	180571269	180771269	harbor1	chr1	180587298	180587410	LTR/ERVL-MaLR	774	-	56	180587354	16085
chr1	180571269	180771269	harbor1	chr1	180609701	180609989	LTR/ERVL-MaLR	778	-	144	180609845	38576
chr1	180571269	180771269	harbor1	chr1	180617437	180617892	LTR/ERVL-MaLR	1979	-	228	180617665	46396
chr1	180571269	180771269	harbor1	chr1	180628554	180628917	LTR/ERVL-MaLR	2565	-	182	180628736	57467
chr1	180571269	180771269	harbor1	chr1	180652760	180653199	LTR/ERVL-MaLR	2047	-	220	180652980	81711
chr1	180571269	180771269	harbor1	chr1	180665012	180665387	LTR/ERVL-MaLR	2169	-	188	180665200	93931
chr1	226469013	226669013	harbor1	chr1	226524505	226524991	LTR/ERVL-MaLR	999	-	243	226524748	55735
chr1	226469013	226669013	harbor1	chr1	226525827	226526029	LTR/ERVL-MaLR	2112	-	101	226525928	56915
chr1	226469013	226669013	harbor1	chr1	226526136	226526430	LTR/ERVL-MaLR	2112	-	147	226526283	57270
chr1	226469013	226669013	harbor1	chr1	226528002	226528673	LTR/ERVL-MaLR	1600	-	336	226528338	59325
chr1	226469013	226669013	harbor1	chr1	226543875	226543895	LTR/ERVL-MaLR	456	-	10	226543885	74872
chr1	85292850	85492850	harbor1	chr1	85303769	85304107	LTR/ERVL-MaLR	851	-	169	85303938	11088
chr1	85292850	85492850	harbor1	chr1	85385719	85386110	LTR/ERVL-MaLR	2188	-	196	85385915	93065
chr1	85292850	85492850	harbor1	chr1	85386129	85387754	LTR/ERVL-MaLR	8899	-	812	85386941	94091
chr1	85292850	85492850	harbor1	chr1	85387759	85388168	LTR/ERVL-MaLR	2591	-	204	85387963	95113
chr1	85292850	85492850	harbor1	chr1	85390370	85390456	LTR/ERVL-MaLR	440	-	43	85390413	97563
chr1	85292850	85492850	harbor1	chr1	85392110	85392474	LTR/ERVL-MaLR	1631	-	182	85392292	99442
chr1	243644433	243844433	harbor1	chr1	243719535	243719933	LTR/ERVL-MaLR	763	-	199	243719734	75301
chr2	76860619	77060619	harbor1	chr2	76922180	76922556	LTR/ERVL-MaLR	1705	-	188	76922368	61749
chr2	76860619	77060619	harbor1	chr2	76939170	76939367	LTR/ERVL-MaLR	418	-	98	76939268	78649
chr2	77655199	77855199	harbor1	chr2	77682080	77682427	LTR/ERVL-MaLR	1737	-	174	77682254	27055
chr2	77655199	77855199	harbor1	chr2	77703942	77704330	LTR/ERVL-MaLR	2121	-	194	77704136	48937
chr2	77655199	77855199	harbor1	chr2	77735695	77736080	LTR/ERVL-MaLR	1696	-	192	77735887	80688
chr2	77655199	77855199	harbor1	chr2	77741225	77741659	LTR/ERVL-MaLR	585	-	217	77741442	86243
chr2	227169988	227369988	harbor1	chr2	227170328	227170674	LTR/ERVL-MaLR	2015	-	173	227170501	513
chr2	227169988	227369988	harbor1	chr2	227171546	227171669	LTR/ERVL-MaLR	726	-	62	227171608	1620
chr2	227169988	227369988	harbor1	chr2	227172888	227173049	LTR/ERVL-MaLR	695	-	80	227172968	2980
chr2	227169988	227369988	harbor1	chr2	227186758	227186994	LTR/ERVL-MaLR	1368	-	118	227186876	16888
chr2	227169988	227369988	harbor1	chr2	227216987	227217346	LTR/ERVL-MaLR	2264	-	180	227217167	47179
chr2	227169988	227369988	harbor1	chr2	227254751	227255311	LTR/ERVL-MaLR	459	-	280	227255031	85043
chr2	227169988	227369988	harbor1	chr2	227258427	227258762	LTR/ERVL-MaLR	1496	-	168	227258595	88607
chr2	227169988	227369988	harbor1	chr2	227265763	227266125	LTR/ERVL-MaLR	2586	-	181	227265944	95956
chr2	6170728	6370728	harbor1	chr2	6201851	6202193	LTR/ERVL-MaLR	1522	-	171	6202022	31294
chr2	6170728	6370728	harbor1	chr2	6204536	6204681	LTR/ERVL-MaLR	833	-	72	6204608	33880
chr2	6170728	6370728	harbor1	chr2	6205016	6205082	LTR/ERVL-MaLR	833	-	33	6205049	34321
chr2	6170728	6370728	harbor1	chr2	6232066	6232993	LTR/ERVL-MaLR	1666	-	464	6232530	61802
chr2	6170728	6370728	harbor1	chr2	6233081	6233398	LTR/ERVL-MaLR	1766	-	158	6233239	62511
chr2	6170728	6370728	harbor1	chr2	6241768	6242096	LTR/ERVL-MaLR	1183	-	164	6241932	71204
chr2	46424731	46624731	harbor1	chr2	46478379	46478544	LTR/ERVL-MaLR	1748	-	82	46478461	53730
chr2	46424731	46624731	harbor1	chr2	46478996	46479237	LTR/ERVL-MaLR	1748	-	120	46479116	54385
chr2	46424731	46624731	harbor1	chr2	46487528	46487891	LTR/ERVL-MaLR	639	-	182	46487710	62979
chr2	46424731	46624731	harbor1	chr2	46491438	46491727	LTR/ERVL-MaLR	1904	-	144	46491582	66851
chr2	46424731	46624731	harbor1	chr2	46491858	46491951	LTR/ERVL-MaLR	1904	-	46	46491904	67173
chr2	167134294	167334294	harbor1	chr2	167160396	167160737	LTR/ERVL-MaLR	1961	-	170	167160566	26272
chr2	167134294	167334294	harbor1	chr2	167160738	167162307	LTR/ERVL-MaLR	11282	-	784	167161522	27228
chr2	167134294	167334294	harbor1	chr2	167162308	167162651	LTR/ERVL-MaLR	2206	-	172	167162480	28186
chr2	167134294	167334294	harbor1	chr2	167166487	167166861	LTR/ERVL-MaLR	2034	-	187	167166674	32380
chr2	167134294	167334294	harbor1	chr2	167202713	167203228	LTR/ERVL-MaLR	2357	-	258	167202971	68677
chr2	167134294	167334294	harbor1	chr2	167223926	167224247	LTR/ERVL-MaLR	1030	-	160	167224086	89792
chr2	167134294	167334294	harbor1	chr2	167224544	167224600	LTR/ERVL-MaLR	1030	-	28	167224572	90278
chr2	46774189	46974189	harbor1	chr2	46833458	46833825	LTR/ERVL-MaLR	1961	-	184	46833642	59453
chr2	46774189	46974189	harbor1	chr2	46842185	46842676	LTR/ERVL-MaLR	1011	-	246	46842431	68242
chr2	46774189	46974189	harbor1	chr2	46843027	46843214	LTR/ERVL-MaLR	481	-	94	46843121	68932
chr2	46774189	46974189	harbor1	chr2	46852120	46852254	LTR/ERVL-MaLR	674	-	67	46852187	77998
chr2	46774189	46974189	harbor1	chr2	46853081	46853355	LTR/ERVL-MaLR	913	-	137	46853218	79029
chr2	46774189	46974189	harbor1	chr2	46863123	46863308	LTR/ERVL-MaLR	790	-	92	46863215	89026
chr2	46774189	46974189	harbor1	chr2	46863377	46863614	LTR/ERVL-MaLR	647	-	118	46863495	89306
chr2	46774189	46974189	harbor1	chr2	46864632	46864980	LTR/ERVL-MaLR	1522	-	174	46864806	90617
chr2	46774189	46974189	harbor1	chr2	46872706	46873142	LTR/ERVL-MaLR	2080	-	218	46872924	98735
chr2	21985456	22185456	harbor1	chr2	21991294	21991648	LTR/ERVL-MaLR	2115	-	177	21991471	6015
chr2	21985456	22185456	harbor1	chr2	21991649	21993228	LTR/ERVL-MaLR	9228	-	790	21992439	6983
chr2	21985456	22185456	harbor1	chr2	21993229	21993594	LTR/ERVL-MaLR	2201	-	182	21993411	7955
chr2	21985456	22185456	harbor1	chr2	22015091	22015191	LTR/ERVL-MaLR	407	-	50	22015141	29685
chr2	21985456	22185456	harbor1	chr2	22015187	22015369	LTR/ERVL-MaLR	510	-	91	22015278	29822
chr2	21985456	22185456	harbor1	chr2	22053671	22054037	LTR/ERVL-MaLR	2070	-	183	22053854	68398
chr2	51912419	52112419	harbor1	chr2	51941207	51941303	LTR/ERVL-MaLR	506	-	48	51941255	28836
chr2	51912419	52112419	harbor1	chr2	51948887	51949225	LTR/ERVL-MaLR	589	-	169	51949056	36637
chr2	51912419	52112419	harbor1	chr2	51950885	51951238	LTR/ERVL-MaLR	2230	-	176	51951061	38642
chr2	51912419	52112419	harbor1	chr2	51951672	51952034	LTR/ERVL-MaLR	2215	-	181	51951853	39434
chr2	51912419	52112419	harbor1	chr2	51952035	51953576	LTR/ERVL-MaLR	9305	-	770	51952805	40386
chr2	51912419	52112419	harbor1	chr2	51954818	51954855	LTR/ERVL-MaLR	492	-	18	51954836	42417
chr2	51912419	52112419	harbor1	chr2	51955652	51955944	LTR/ERVL-MaLR	492	-	146	51955798	43379
chr2	51912419	52112419	harbor1	chr2	51973479	51973856	LTR/ERVL-MaLR	2131	-	188	51973667	61248
chr2	51912419	52112419	harbor1	chr2	51987825	51988200	LTR/ERVL-MaLR	1984	-	188	51988013	75594
chr2	51912419	52112419	harbor1	chr2	51992169	51992363	LTR/ERVL-MaLR	426	-	97	51992266	79847
chr2	51912419	52112419	harbor1	chr2	51992464	51992517	LTR/ERVL-MaLR	402	-	26	51992490	80071
chr2	51912419	52112419	harbor1	chr2	51992947	51993007	LTR/ERVL-MaLR	402	-	30	51992977	80558
chr2	51912419	52112419	harbor1	chr2	52002231	52002548	LTR/ERVL-MaLR	1564	-	158	52002389	89970
chr2	51912419	52112419	harbor1	chr2	52009621	52010038	LTR/ERVL-MaLR	2275	-	208	52009829	97410
chr2	51912419	52112419	harbor1	chr2	51953577	51953940	LTR/ERVL-MaLR	2173	-	182	51953759	41340
chr2	12008144	12208144	harbor1	chr2	12008476	12008834	LTR/ERVL-MaLR	1430	-	179	12008655	511
chr2	12008144	12208144	harbor1	chr2	12038365	12038729	LTR/ERVL-MaLR	1831	-	182	12038547	30403
chr2	12008144	12208144	harbor1	chr2	12040297	12040726	LTR/ERVL-MaLR	1120	-	214	12040511	32367
chr2	12008144	12208144	harbor1	chr2	12053787	12054149	LTR/ERVL-MaLR	2719	-	181	12053968	45824
chr2	12008144	12208144	harbor1	chr2	12055794	12056284	LTR/ERVL-MaLR	1387	-	245	12056039	47895
chr2	8525035	8725035	harbor1	chr2	8550402	8550894	LTR/ERVL-MaLR	1349	-	246	8550648	25613
chr2	8525035	8725035	harbor1	chr2	8608837	8609190	LTR/ERVL-MaLR	1090	-	176	8609013	83978
chr2	8525035	8725035	harbor1	chr2	8610807	8611170	LTR/ERVL-MaLR	2577	-	182	8610989	85954
chr2	8525035	8725035	harbor1	chr2	8618648	8619059	LTR/ERVL-MaLR	1993	-	206	8618854	93819
chr2	228757478	228957478	harbor1	chr2	228768110	228768487	LTR/ERVL-MaLR	2738	-	188	228768298	10820
chr2	228757478	228957478	harbor1	chr2	228780759	228781414	LTR/ERVL-MaLR	2263	-	328	228781087	23609
chr2	228757478	228957478	harbor1	chr2	228791173	228791570	LTR/ERVL-MaLR	2236	-	198	228791371	33893
chr2	228757478	228957478	harbor1	chr2	228810441	228810757	LTR/ERVL-MaLR	1657	-	158	228810599	53121
chr2	228757478	228957478	harbor1	chr2	228820844	228821196	LTR/ERVL-MaLR	2041	-	176	228821020	63542
chr2	228757478	228957478	harbor1	chr2	228830699	228830871	LTR/ERVL-MaLR	899	-	86	228830785	73307
chr2	228757478	228957478	harbor1	chr2	228833164	228833344	LTR/ERVL-MaLR	757	-	90	228833254	75776
chr2	228757478	228957478	harbor1	chr2	228836366	228836803	LTR/ERVL-MaLR	815	-	218	228836584	79106
chr2	42983160	43183160	harbor1	chr2	43020122	43020590	LTR/ERVL-MaLR	1289	-	234	43020356	37196
chr2	42983160	43183160	harbor1	chr2	43025670	43025915	LTR/ERVL-MaLR	1519	-	122	43025792	42632
chr2	42983160	43183160	harbor1	chr2	43026161	43026384	LTR/ERVL-MaLR	1191	-	112	43026273	43113
chr2	42983160	43183160	harbor1	chr2	43027783	43028262	LTR/ERVL-MaLR	2276	-	240	43028023	44863
chr2	42983160	43183160	harbor1	chr2	43052132	43052674	LTR/ERVL-MaLR	1400	-	271	43052403	69243
chr2	42983160	43183160	harbor1	chr2	43059465	43059929	LTR/ERVL-MaLR	1616	-	232	43059697	76537
chr2	42983160	43183160	harbor1	chr2	43060245	43060317	LTR/ERVL-MaLR	660	-	36	43060281	77121
chr2	42983160	43183160	harbor1	chr2	43007873	43008377	LTR/ERVL-MaLR	2751	-	252	43008125	24965
chr2	151693818	151893818	harbor1	chr2	151769615	151770056	LTR/ERVL-MaLR	1015	-	220	151769835	76017
chr2	210988091	211188091	harbor1	chr2	211041432	211041600	LTR/ERVL-MaLR	588	-	84	211041516	53425
chr2	210988091	211188091	harbor1	chr2	211055519	211055911	LTR/ERVL-MaLR	663	-	196	211055715	67624
chr2	210988091	211188091	harbor1	chr2	211075258	211075622	LTR/ERVL-MaLR	2453	-	182	211075440	87349
chr2	210988091	211188091	harbor1	chr2	211080685	211080881	LTR/ERVL-MaLR	1383	-	98	211080783	92692
chr2	210988091	211188091	harbor1	chr2	211081242	211081562	LTR/ERVL-MaLR	1383	-	160	211081402	93311
chr2	111387730	111587730	harbor1	chr2	111401253	111401618	LTR/ERVL-MaLR	1785	-	182	111401435	13705
chr2	111387730	111587730	harbor1	chr2	111460119	111460337	LTR/ERVL-MaLR	2176	-	109	111460228	72498
chr2	111387730	111587730	harbor1	chr2	111460431	111460607	LTR/ERVL-MaLR	2176	-	88	111460519	72789
chr2	111387730	111587730	harbor1	chr2	111480042	111480456	LTR/ERVL-MaLR	1914	-	207	111480249	92519
chr2	177966827	178166827	harbor1	chr2	177981249	177981724	LTR/ERVL-MaLR	1720	-	238	177981487	14660
chr2	48504407	48704407	harbor1	chr2	48552051	48552095	LTR/ERVL-MaLR	510	-	22	48552073	47666
chr2	48504407	48704407	harbor1	chr2	48552854	48553280	LTR/ERVL-MaLR	610	-	213	48553067	48660
chr2	48504407	48704407	harbor1	chr2	48559233	48559587	LTR/ERVL-MaLR	1874	-	177	48559410	55003
chr2	48504407	48704407	harbor1	chr2	48564202	48564405	LTR/ERVL-MaLR	1341	-	102	48564304	59897
chr2	48504407	48704407	harbor1	chr2	48564707	48564721	LTR/ERVL-MaLR	1341	-	7	48564714	60307
chr2	48504407	48704407	harbor1	chr2	48565352	48565505	LTR/ERVL-MaLR	1341	-	76	48565428	61021
chr2	48504407	48704407	harbor1	chr2	48601899	48602258	LTR/ERVL-MaLR	1795	-	180	48602079	97672
chr2	48504407	48704407	harbor1	chr2	48603446	48603851	LTR/ERVL-MaLR	2278	-	202	48603648	99241
chr2	97342203	97542203	harbor1	chr2	97345793	97346566	LTR/ERVL-MaLR	3838	-	386	97346179	3976
chr2	97342203	97542203	harbor1	chr2	97346567	97346815	LTR/ERVL-MaLR	931	-	124	97346691	4488
chr2	97342203	97542203	harbor1	chr2	97352516	97352653	LTR/ERVL-MaLR	748	-	68	97352584	10381
chr2	97342203	97542203	harbor1	chr2	97358888	97359343	LTR/ERVL-MaLR	1296	-	228	97359116	16913
chr2	97342203	97542203	harbor1	chr2	97369619	97369821	LTR/ERVL-MaLR	511	-	101	97369720	27517
chr2	97342203	97542203	harbor1	chr2	97390543	97391044	LTR/ERVL-MaLR	3253	-	250	97390793	48590
chr2	97342203	97542203	harbor1	chr2	97391047	97391131	LTR/ERVL-MaLR	587	-	42	97391089	48886
chr2	97342203	97542203	harbor1	chr2	97419092	97419363	LTR/ERVL-MaLR	1788	-	136	97419228	77025
chr2	123804371	124004371	harbor1	chr2	123818394	123818746	LTR/ERVL-MaLR	1933	-	176	123818570	14199
chr2	182098878	182298878	harbor1	chr2	182105840	182106139	LTR/ERVL-MaLR	1649	-	150	182105990	7112
chr2	182098878	182298878	harbor1	chr2	182106970	182107116	LTR/ERVL-MaLR	1649	-	73	182107043	8165
chr2	104968275	105168275	harbor1	chr2	104974435	104974746	LTR/ERVL-MaLR	413	-	156	104974591	6316
chr2	104968275	105168275	harbor1	chr2	104981592	104981983	LTR/ERVL-MaLR	2014	-	196	104981788	13513
chr2	104968275	105168275	harbor1	chr2	104984421	104984547	LTR/ERVL-MaLR	427	-	63	104984484	16209
chr2	104968275	105168275	harbor1	chr2	104984913	104984998	LTR/ERVL-MaLR	427	-	42	104984955	16680
chr2	104968275	105168275	harbor1	chr2	104994638	104995013	LTR/ERVL-MaLR	1862	-	188	104994826	26551
chr2	104968275	105168275	harbor1	chr2	104995176	104995544	LTR/ERVL-MaLR	2537	-	184	104995360	27085
chr2	104968275	105168275	harbor1	chr2	105006104	105006495	LTR/ERVL-MaLR	2137	-	196	105006300	38025
chr2	104968275	105168275	harbor1	chr2	105030347	105030390	LTR/ERVL-MaLR	1251	-	22	105030369	62094
chr2	104968275	105168275	harbor1	chr2	105030811	105031246	LTR/ERVL-MaLR	1251	-	218	105031029	62754
chr2	104968275	105168275	harbor1	chr2	105031717	105031732	LTR/ERVL-MaLR	936	-	8	105031725	63450
chr2	104968275	105168275	harbor1	chr2	105031748	105032169	LTR/ERVL-MaLR	1501	-	210	105031958	63683
chr2	104968275	105168275	harbor1	chr2	105042045	105042438	LTR/ERVL-MaLR	1575	-	196	105042241	73966
chr2	131662940	131862940	harbor1	chr2	131760912	131761276	LTR/ERVL-MaLR	1593	-	182	131761094	98154
chr2	120304716	120504716	harbor1	chr2	120307851	120308092	LTR/ERVL-MaLR	1156	-	120	120307971	3255
chr2	120304716	120504716	harbor1	chr2	120308386	120308667	LTR/ERVL-MaLR	1156	-	140	120308526	3810
chr2	228621887	228821887	harbor1	chr2	228627559	228627728	LTR/ERVL-MaLR	698	-	84	228627643	5756
chr2	228621887	228821887	harbor1	chr2	228634630	228634996	LTR/ERVL-MaLR	2284	-	183	228634813	12926
chr2	228621887	228821887	harbor1	chr2	228634997	228636571	LTR/ERVL-MaLR	11534	-	787	228635784	13897
chr2	228621887	228821887	harbor1	chr2	228636573	228636930	LTR/ERVL-MaLR	2043	-	178	228636751	14864
chr2	108179000	108379000	harbor1	chr2	108184973	108185329	LTR/ERVL-MaLR	1505	-	178	108185151	6151
chr2	108179000	108379000	harbor1	chr2	108220092	108220158	LTR/ERVL-MaLR	412	-	33	108220125	41125
chr2	108179000	108379000	harbor1	chr2	108225208	108225450	LTR/ERVL-MaLR	984	-	121	108225329	46329
chr2	108179000	108379000	harbor1	chr2	108225490	108225617	LTR/ERVL-MaLR	984	-	64	108225554	46554
chr2	108179000	108379000	harbor1	chr2	108228883	108229335	LTR/ERVL-MaLR	447	-	226	108229109	50109
chr2	108179000	108379000	harbor1	chr2	108245588	108246312	LTR/ERVL-MaLR	4778	-	362	108245950	66950
chr2	108179000	108379000	harbor1	chr2	108246314	108246497	LTR/ERVL-MaLR	920	-	92	108246406	67406
chr2	183461566	183661566	harbor1	chr2	183487060	183487459	LTR/ERVL-MaLR	2276	-	200	183487260	25694
chr2	183461566	183661566	harbor1	chr2	183533093	183533438	LTR/ERVL-MaLR	1215	-	172	183533265	71699
chr2	183461566	183661566	harbor1	chr2	183541584	183542059	LTR/ERVL-MaLR	463	-	238	183541822	80256
chr2	183461566	183661566	harbor1	chr2	183560311	183560695	LTR/ERVL-MaLR	2082	-	192	183560503	98937
chr2	183461566	183661566	harbor1	chr2	183561098	183561256	LTR/ERVL-MaLR	680	-	79	183561177	99611
chr2	183461566	183661566	harbor1	chr2	183561358	183561728	LTR/ERVL-MaLR	1718	-	185	183561543	99977
chr2	206499367	206699367	harbor1	chr2	206505377	206505757	LTR/ERVL-MaLR	2107	-	190	206505567	6200
chr2	206499367	206699367	harbor1	chr2	206516386	206516743	LTR/ERVL-MaLR	1717	-	178	206516564	17197
chr2	206499367	206699367	harbor1	chr2	206524485	206524846	LTR/ERVL-MaLR	2228	-	180	206524665	25298
chr2	206499367	206699367	harbor1	chr2	206526521	206526767	LTR/ERVL-MaLR	476	-	123	206526644	27277
chr2	206499367	206699367	harbor1	chr2	206560207	206560619	LTR/ERVL-MaLR	575	-	206	206560413	61046
chr2	206499367	206699367	harbor1	chr2	206567731	206568094	LTR/ERVL-MaLR	2037	-	182	206567913	68546
chr2	10400980	10600980	harbor1	chr2	10412026	10412200	LTR/ERVL-MaLR	979	-	87	10412113	11133
chr2	10400980	10600980	harbor1	chr2	10412407	10412660	LTR/ERVL-MaLR	979	-	126	10412533	11553
chr2	10400980	10600980	harbor1	chr2	10414285	10414677	LTR/ERVL-MaLR	1785	-	196	10414481	13501
chr2	10400980	10600980	harbor1	chr2	10455287	10455473	LTR/ERVL-MaLR	416	-	93	10455380	54400
chr2	16903119	17103119	harbor1	chr2	16911743	16912101	LTR/ERVL-MaLR	2128	-	179	16911922	8803
chr2	16903119	17103119	harbor1	chr2	16916422	16916613	LTR/ERVL-MaLR	791	-	96	16916518	13399
chr2	16903119	17103119	harbor1	chr2	16960627	16961072	LTR/ERVL-MaLR	1885	-	222	16960849	57730
chr2	16903119	17103119	harbor1	chr2	16961073	16961307	LTR/ERVL-MaLR	848	-	117	16961190	58071
chr2	16903119	17103119	harbor1	chr2	16961316	16961615	LTR/ERVL-MaLR	1247	-	150	16961466	58347
chr2	129595732	129795732	harbor1	chr2	129609201	129609790	LTR/ERVL-MaLR	857	-	294	129609495	13763
chr2	129595732	129795732	harbor1	chr2	129636021	129636234	LTR/ERVL-MaLR	1634	-	106	129636127	40395
chr2	129595732	129795732	harbor1	chr2	129636540	129636694	LTR/ERVL-MaLR	1634	-	77	129636617	40885
chr2	129595732	129795732	harbor1	chr2	129641343	129641590	LTR/ERVL-MaLR	616	-	124	129641467	45735
chr2	129595732	129795732	harbor1	chr2	129641755	129641938	LTR/ERVL-MaLR	643	-	92	129641847	46115
chr2	129595732	129795732	harbor1	chr2	129657014	129657214	LTR/ERVL-MaLR	716	-	100	129657114	61382
chr2	129595732	129795732	harbor1	chr2	129657346	129657480	LTR/ERVL-MaLR	402	-	67	129657413	61681
chr2	129595732	129795732	harbor1	chr2	129666070	129666383	LTR/ERVL-MaLR	1720	-	156	129666226	70494
chr2	189955639	190155639	harbor1	chr2	189986583	189986744	LTR/ERVL-MaLR	971	-	80	189986663	31024
chr2	189955639	190155639	harbor1	chr2	190014189	190014563	LTR/ERVL-MaLR	1904	-	187	190014376	58737
chr2	189955639	190155639	harbor1	chr2	190014564	190016181	LTR/ERVL-MaLR	9725	-	808	190015372	59733
chr2	189955639	190155639	harbor1	chr2	190016185	190016551	LTR/ERVL-MaLR	2173	-	183	190016368	60729
chr2	189955639	190155639	harbor1	chr2	190021816	190022233	LTR/ERVL-MaLR	2308	-	208	190022024	66385
chr2	52725972	52925972	harbor1	chr2	52791957	52792146	LTR/ERVL-MaLR	777	-	94	52792051	66079
chr2	52725972	52925972	harbor1	chr2	52792147	52792532	LTR/ERVL-MaLR	1488	-	192	52792339	66367
chr2	52725972	52925972	harbor1	chr2	52792533	52792579	LTR/ERVL-MaLR	777	-	23	52792556	66584
chr2	52725972	52925972	harbor1	chr2	52809522	52809609	LTR/ERVL-MaLR	556	-	44	52809566	83594
chr2	22832731	23032731	harbor1	chr2	22892207	22892562	LTR/ERVL-MaLR	1664	-	178	22892385	59654
chr2	22832731	23032731	harbor1	chr2	22896632	22896848	LTR/ERVL-MaLR	655	-	108	22896740	64009
chr2	22832731	23032731	harbor1	chr2	22899237	22899622	LTR/ERVL-MaLR	1526	-	192	22899429	66698
chr2	22832731	23032731	harbor1	chr2	22919581	22920138	LTR/ERVL-MaLR	1838	-	278	22919859	87128
chr2	22832731	23032731	harbor1	chr2	22922478	22922812	LTR/ERVL-MaLR	536	-	167	22922645	89914
chr2	22832731	23032731	harbor1	chr2	22926759	22927266	LTR/ERVL-MaLR	1526	-	254	22927013	94282
chr2	144650612	144850612	harbor1	chr2	144671266	144671852	LTR/ERVL-MaLR	2410	-	293	144671559	20947
chr2	144650612	144850612	harbor1	chr2	144724506	144724867	LTR/ERVL-MaLR	2427	-	180	144724686	74074
chr2	51764969	51964969	harbor1	chr2	51768142	51768551	LTR/ERVL-MaLR	2291	-	204	51768346	3377
chr2	51764969	51964969	harbor1	chr2	51792700	51793097	LTR/ERVL-MaLR	2493	-	198	51792898	27929
chr2	51764969	51964969	harbor1	chr2	51793116	51793750	LTR/ERVL-MaLR	2966	-	317	51793433	28464
chr2	51764969	51964969	harbor1	chr2	51801320	51801579	LTR/ERVL-MaLR	1311	-	130	51801450	36481
chr2	35774564	35974564	harbor1	chr2	35792169	35792450	LTR/ERVL-MaLR	947	-	140	35792309	17745
chr2	35774564	35974564	harbor1	chr2	35812916	35812939	LTR/ERVL-MaLR	1598	-	12	35812928	38364
chr2	35774564	35974564	harbor1	chr2	35813342	35813703	LTR/ERVL-MaLR	1598	-	180	35813522	38958
chr2	35774564	35974564	harbor1	chr2	35828212	35828256	LTR/ERVL-MaLR	486	-	22	35828234	53670
chr2	35774564	35974564	harbor1	chr2	35828561	35828723	LTR/ERVL-MaLR	486	-	81	35828642	54078
chr2	35774564	35974564	harbor1	chr2	35828851	35829313	LTR/ERVL-MaLR	1239	-	231	35829082	54518
chr2	35774564	35974564	harbor1	chr2	35855059	35855421	LTR/ERVL-MaLR	2373	-	181	35855240	80676
chr2	35774564	35974564	harbor1	chr2	35874091	35874339	LTR/ERVL-MaLR	1611	-	124	35874215	99651
chr2	228468482	228668482	harbor1	chr2	228516620	228517028	LTR/ERVL-MaLR	2787	-	204	228516824	48342
chr2	228468482	228668482	harbor1	chr2	228523069	228523237	LTR/ERVL-MaLR	443	-	84	228523153	54671
chr2	228468482	228668482	harbor1	chr2	228523283	228523489	LTR/ERVL-MaLR	701	-	103	228523386	54904
chr2	228468482	228668482	harbor1	chr2	228546403	228546755	LTR/ERVL-MaLR	1709	-	176	228546579	78097
chr2	228468482	228668482	harbor1	chr2	228561804	228562164	LTR/ERVL-MaLR	2066	-	180	228561984	93502
chr2	31347144	31547144	harbor1	chr2	31432893	31433075	LTR/ERVL-MaLR	403	-	91	31432984	85840
chr2	31347144	31547144	harbor1	chr2	31443045	31443403	LTR/ERVL-MaLR	2001	-	179	31443224	96080
chr2	18775325	18975325	harbor1	chr2	18826063	18826187	LTR/ERVL-MaLR	1432	-	62	18826125	50800
chr2	18775325	18975325	harbor1	chr2	18826590	18826698	LTR/ERVL-MaLR	1432	-	54	18826644	51319
chr2	18775325	18975325	harbor1	chr2	18827135	18827518	LTR/ERVL-MaLR	1432	-	192	18827327	52002
chr2	18775325	18975325	harbor1	chr2	18854757	18855227	LTR/ERVL-MaLR	663	-	235	18854992	79667
chr2	62567769	62767769	harbor1	chr2	62579446	62579628	LTR/ERVL-MaLR	578	-	91	62579537	11768
chr2	62567769	62767769	harbor1	chr2	62603320	62603595	LTR/ERVL-MaLR	466	-	138	62603458	35689
chr2	62567769	62767769	harbor1	chr2	62629368	62629546	LTR/ERVL-MaLR	715	-	89	62629457	61688
chr2	62567769	62767769	harbor1	chr2	62631587	62632050	LTR/ERVL-MaLR	2223	-	232	62631819	64050
chr2	62567769	62767769	harbor1	chr2	62632346	62632867	LTR/ERVL-MaLR	2223	-	260	62632606	64837
chr2	62567769	62767769	harbor1	chr2	62639756	62640045	LTR/ERVL-MaLR	909	-	144	62639900	72131
chr2	62567769	62767769	harbor1	chr2	62666192	62666530	LTR/ERVL-MaLR	1859	-	169	62666361	98592
chr2	11573956	11773956	harbor1	chr2	11579898	11580258	LTR/ERVL-MaLR	2462	-	180	11580078	6122
chr2	11573956	11773956	harbor1	chr2	11625793	11626152	LTR/ERVL-MaLR	1997	-	180	11625973	52017
chr2	11573956	11773956	harbor1	chr2	11631477	11631889	LTR/ERVL-MaLR	1315	-	206	11631683	57727
chr2	11573956	11773956	harbor1	chr2	11643874	11644281	LTR/ERVL-MaLR	2347	-	204	11644078	70122
chr2	89259574	89459574	harbor1	chr2	89272464	89272797	LTR/ERVL-MaLR	896	-	166	89272630	13056
chr2	89259574	89459574	harbor1	chr2	89278709	89279146	LTR/ERVL-MaLR	1439	-	218	89278927	19353
chr2	89259574	89459574	harbor1	chr2	89282013	89282232	LTR/ERVL-MaLR	490	-	110	89282123	22549
chr2	89259574	89459574	harbor1	chr2	89282535	89282629	LTR/ERVL-MaLR	490	-	47	89282582	23008
chr2	89259574	89459574	harbor1	chr2	89289507	89289937	LTR/ERVL-MaLR	1112	-	215	89289722	30148
chr2	89259574	89459574	harbor1	chr2	89294218	89294561	LTR/ERVL-MaLR	823	-	172	89294390	34816
chr2	89259574	89459574	harbor1	chr2	89305035	89305328	LTR/ERVL-MaLR	558	-	146	89305181	45607
chr2	89259574	89459574	harbor1	chr2	89306939	89307238	LTR/ERVL-MaLR	617	-	150	89307089	47515
chr2	89259574	89459574	harbor1	chr2	89324285	89324775	LTR/ERVL-MaLR	917	-	245	89324530	64956
chr2	89259574	89459574	harbor1	chr2	89326103	89326466	LTR/ERVL-MaLR	733	-	182	89326285	66711
chr2	94770133	94970133	harbor1	chr2	94769556	94770303	LTR/ERVL-MaLR	5675	-	374	94769930	203
chr2	94770133	94970133	harbor1	chr2	94770476	94770760	LTR/ERVL-MaLR	930	-	142	94770618	485
chr2	94770133	94970133	harbor1	chr2	94771149	94771243	LTR/ERVL-MaLR	486	-	47	94771196	1063
chr2	94770133	94970133	harbor1	chr2	94771353	94771635	LTR/ERVL-MaLR	873	-	141	94771494	1361
chr2	94770133	94970133	harbor1	chr2	94772105	94772437	LTR/ERVL-MaLR	1302	-	166	94772271	2138
chr2	94770133	94970133	harbor1	chr2	94772592	94772688	LTR/ERVL-MaLR	432	-	48	94772640	2507
chr2	94770133	94970133	harbor1	chr2	94772695	94774272	LTR/ERVL-MaLR	6408	-	788	94773483	3350
chr2	94770133	94970133	harbor1	chr2	94774428	94774723	LTR/ERVL-MaLR	910	-	148	94774576	4443
chr2	94770133	94970133	harbor1	chr2	94775123	94775230	LTR/ERVL-MaLR	438	-	54	94775177	5044
chr2	94770133	94970133	harbor1	chr2	94775231	94775548	LTR/ERVL-MaLR	1210	-	158	94775389	5256
chr2	94770133	94970133	harbor1	chr2	94775555	94775733	LTR/ERVL-MaLR	666	-	89	94775644	5511
chr2	94770133	94970133	harbor1	chr2	94775734	94777290	LTR/ERVL-MaLR	6399	-	778	94776512	6379
chr2	94770133	94970133	harbor1	chr2	94777457	94777724	LTR/ERVL-MaLR	1158	-	134	94777591	7458
chr2	94770133	94970133	harbor1	chr2	94778120	94778215	LTR/ERVL-MaLR	523	-	48	94778168	8035
chr2	94770133	94970133	harbor1	chr2	94778216	94778556	LTR/ERVL-MaLR	1075	-	170	94778386	8253
chr2	94770133	94970133	harbor1	chr2	94778697	94778798	LTR/ERVL-MaLR	403	-	50	94778747	8614
chr2	94770133	94970133	harbor1	chr2	94779012	94780530	LTR/ERVL-MaLR	6047	-	759	94779771	9638
chr2	94770133	94970133	harbor1	chr2	94780746	94781011	LTR/ERVL-MaLR	896	-	132	94780878	10745
chr2	94770133	94970133	harbor1	chr2	94781518	94781861	LTR/ERVL-MaLR	1338	-	172	94781690	11557
chr2	94770133	94970133	harbor1	chr2	94782042	94782140	LTR/ERVL-MaLR	433	-	49	94782091	11958
chr2	94770133	94970133	harbor1	chr2	94782142	94783707	LTR/ERVL-MaLR	5536	-	782	94782924	12791
chr2	94770133	94970133	harbor1	chr2	94783879	94784162	LTR/ERVL-MaLR	1095	-	142	94784021	13888
chr2	94770133	94970133	harbor1	chr2	94784576	94784678	LTR/ERVL-MaLR	407	-	51	94784627	14494
chr2	94770133	94970133	harbor1	chr2	94784843	94785216	LTR/ERVL-MaLR	1397	-	186	94785029	14896
chr2	94770133	94970133	harbor1	chr2	94785217	94785461	LTR/ERVL-MaLR	1034	-	122	94785339	15206
chr2	94770133	94970133	harbor1	chr2	94785459	94785692	LTR/ERVL-MaLR	1250	-	116	94785575	15442
chr2	94770133	94970133	harbor1	chr2	94785722	94786072	LTR/ERVL-MaLR	1275	-	175	94785897	15764
chr2	94770133	94970133	harbor1	chr2	94781422	94781515	LTR/ERVL-MaLR	427	-	46	94781468	11335
chr2	169953247	170153247	harbor1	chr2	169982766	169983097	LTR/ERVL-MaLR	602	-	166	169982932	29685
chr2	169953247	170153247	harbor1	chr2	169983174	169983252	LTR/ERVL-MaLR	896	-	39	169983213	29966
chr2	169953247	170153247	harbor1	chr2	169983558	169983711	LTR/ERVL-MaLR	896	-	76	169983634	30387
chr2	169953247	170153247	harbor1	chr2	170021280	170021628	LTR/ERVL-MaLR	2165	-	174	170021454	68207
chr2	169953247	170153247	harbor1	chr2	170045028	170045395	LTR/ERVL-MaLR	2007	-	184	170045212	91965
chr2	180103780	180303780	harbor1	chr2	180106477	180106903	LTR/ERVL-MaLR	742	-	213	180106690	2910
chr2	180103780	180303780	harbor1	chr2	180116783	180117229	LTR/ERVL-MaLR	1595	-	223	180117006	13226
chr2	180103780	180303780	harbor1	chr2	180141327	180141729	LTR/ERVL-MaLR	801	-	201	180141528	37748
chr2	180103780	180303780	harbor1	chr2	180168681	180169037	LTR/ERVL-MaLR	1782	-	178	180168859	65079
chr2	180103780	180303780	harbor1	chr2	180169044	180170539	LTR/ERVL-MaLR	8470	-	748	180169792	66012
chr2	180103780	180303780	harbor1	chr2	180170542	180170908	LTR/ERVL-MaLR	1803	-	183	180170725	66945
chr2	180103780	180303780	harbor1	chr2	180178864	180179253	LTR/ERVL-MaLR	770	-	194	180179058	75278
chr2	180103780	180303780	harbor1	chr2	180184431	180184841	LTR/ERVL-MaLR	2228	-	205	180184636	80856
chr2	77170951	77370951	harbor1	chr2	77198020	77198302	LTR/ERVL-MaLR	404	-	141	77198161	27210
chr2	77170951	77370951	harbor1	chr2	77252801	77252939	LTR/ERVL-MaLR	730	-	69	77252870	81919
chr2	77170951	77370951	harbor1	chr2	77264099	77264285	LTR/ERVL-MaLR	769	-	93	77264192	93241
chr2	77170951	77370951	harbor1	chr2	77264358	77264537	LTR/ERVL-MaLR	510	-	90	77264448	93497
chr2	77170951	77370951	harbor1	chr2	77267243	77267641	LTR/ERVL-MaLR	1556	-	199	77267442	96491
chr2	34598659	34798659	harbor1	chr2	34609120	34609451	LTR/ERVL-MaLR	2042	-	166	34609286	10627
chr2	34598659	34798659	harbor1	chr2	34645661	34646080	LTR/ERVL-MaLR	1707	-	210	34645871	47212
chr2	34598659	34798659	harbor1	chr2	34671236	34671592	LTR/ERVL-MaLR	2656	-	178	34671414	72755
chr2	34598659	34798659	harbor1	chr2	34690762	34691180	LTR/ERVL-MaLR	2415	-	209	34690971	92312
chr2	142863623	143063623	harbor1	chr2	142865356	142865823	LTR/ERVL-MaLR	1646	-	234	142865590	1967
chr2	142863623	143063623	harbor1	chr2	142922821	142923179	LTR/ERVL-MaLR	1628	-	179	142923000	59377
chr2	142863623	143063623	harbor1	chr2	142930432	142930823	LTR/ERVL-MaLR	1085	-	196	142930628	67005
chr2	142863623	143063623	harbor1	chr2	142948403	142948758	LTR/ERVL-MaLR	2117	-	178	142948581	84958
chr2	142863623	143063623	harbor1	chr2	142948759	142950328	LTR/ERVL-MaLR	11682	-	784	142949543	85920
chr2	142863623	143063623	harbor1	chr2	142963318	142963689	LTR/ERVL-MaLR	1693	-	186	142963504	99881
chr2	142863623	143063623	harbor1	chr2	142950329	142950678	LTR/ERVL-MaLR	2169	-	174	142950503	86880
chr2	45392992	45592992	harbor1	chr2	45436445	45436812	LTR/ERVL-MaLR	2096	-	184	45436629	43637
chr2	225119816	225319816	harbor1	chr2	225121949	225122343	LTR/ERVL-MaLR	2049	-	197	225122146	2330
chr2	225119816	225319816	harbor1	chr2	225133798	225134171	LTR/ERVL-MaLR	2686	-	186	225133984	14168
chr2	225119816	225319816	harbor1	chr2	225157818	225158181	LTR/ERVL-MaLR	2205	-	182	225158000	38184
chr2	225119816	225319816	harbor1	chr2	225177412	225177799	LTR/ERVL-MaLR	1722	-	194	225177606	57790
chr2	225119816	225319816	harbor1	chr2	225178104	225178144	LTR/ERVL-MaLR	1722	-	20	225178124	58308
chr2	225119816	225319816	harbor1	chr2	225214647	225215048	LTR/ERVL-MaLR	2209	-	200	225214847	95031
chr2	225119816	225319816	harbor1	chr2	225219027	225219380	LTR/ERVL-MaLR	2370	-	176	225219203	99387
chr2	225119816	225319816	harbor1	chr2	225132268	225132709	LTR/ERVL-MaLR	1180	-	220	225132488	12672
chr2	131040448	131240448	harbor1	chr2	131066848	131067180	LTR/ERVL-MaLR	2514	-	166	131067014	26566
chr2	131040448	131240448	harbor1	chr2	131114423	131114974	LTR/ERVL-MaLR	2847	-	276	131114699	74251
chr2	131040448	131240448	harbor1	chr2	131114975	131115330	LTR/ERVL-MaLR	2345	-	178	131115153	74705
chr2	131040448	131240448	harbor1	chr2	131116374	131116734	LTR/ERVL-MaLR	1882	-	180	131116554	76106
chr2	131040448	131240448	harbor1	chr2	131127121	131127573	LTR/ERVL-MaLR	2040	-	226	131127347	86899
chr2	131040448	131240448	harbor1	chr2	131137262	131137412	LTR/ERVL-MaLR	716	-	75	131137337	96889
chr2	30065287	30265287	harbor1	chr2	30102271	30102630	LTR/ERVL-MaLR	992	-	180	30102451	37164
chr2	30065287	30265287	harbor1	chr2	30108125	30108661	LTR/ERVL-MaLR	1529	-	268	30108393	43106
chr2	30065287	30265287	harbor1	chr2	30138019	30138082	LTR/ERVL-MaLR	1351	-	32	30138051	72764
chr2	30065287	30265287	harbor1	chr2	30138384	30138611	LTR/ERVL-MaLR	1351	-	114	30138498	73211
chr2	30065287	30265287	harbor1	chr2	30140193	30140440	LTR/ERVL-MaLR	687	-	124	30140317	75030
chr2	30065287	30265287	harbor1	chr2	30143399	30143812	LTR/ERVL-MaLR	2331	-	206	30143605	78318
chr2	30065287	30265287	harbor1	chr2	30153225	30153514	LTR/ERVL-MaLR	1189	-	144	30153369	88082
chr2	143626257	143826257	harbor1	chr2	143636803	143637185	LTR/ERVL-MaLR	1518	-	191	143636994	10737
chr2	143626257	143826257	harbor1	chr2	143658472	143659009	LTR/ERVL-MaLR	602	-	268	143658740	32483
chr2	143626257	143826257	harbor1	chr2	143660853	143661337	LTR/ERVL-MaLR	1990	-	242	143661095	34838
chr2	143626257	143826257	harbor1	chr2	143669577	143669735	LTR/ERVL-MaLR	655	-	79	143669656	43399
chr2	143626257	143826257	harbor1	chr2	143701421	143701451	LTR/ERVL-MaLR	566	-	15	143701436	75179
chr2	143626257	143826257	harbor1	chr2	143701747	143702086	LTR/ERVL-MaLR	566	-	170	143701917	75660
chr2	143626257	143826257	harbor1	chr2	143702565	143703027	LTR/ERVL-MaLR	1697	-	231	143702796	76539
chr2	143626257	143826257	harbor1	chr2	143713104	143713461	LTR/ERVL-MaLR	2497	-	178	143713282	87025
chr2	143626257	143826257	harbor1	chr2	143713462	143715032	LTR/ERVL-MaLR	11801	-	785	143714247	87990
chr2	143626257	143826257	harbor1	chr2	143715033	143715388	LTR/ERVL-MaLR	2624	-	178	143715211	88954
chr2	197297994	197497994	harbor1	chr2	197319769	197320134	LTR/ERVL-MaLR	2720	-	182	197319951	21957
chr2	197297994	197497994	harbor1	chr2	197330857	197331232	LTR/ERVL-MaLR	2889	-	188	197331045	33051
chr2	197297994	197497994	harbor1	chr2	197339660	197339859	LTR/ERVL-MaLR	544	-	100	197339760	41766
chr2	197297994	197497994	harbor1	chr2	197356015	197356367	LTR/ERVL-MaLR	1813	-	176	197356191	58197
chr2	197297994	197497994	harbor1	chr2	197359588	197359976	LTR/ERVL-MaLR	2274	-	194	197359782	61788
chr2	214653290	214853290	harbor1	chr2	214672718	214672922	LTR/ERVL-MaLR	1757	-	102	214672820	19530
chr2	214653290	214853290	harbor1	chr2	214673231	214673505	LTR/ERVL-MaLR	1757	-	137	214673368	20078
chr2	214653290	214853290	harbor1	chr2	214679769	214679832	LTR/ERVL-MaLR	400	-	32	214679801	26511
chr2	214653290	214853290	harbor1	chr2	214693446	214693633	LTR/ERVL-MaLR	636	-	94	214693540	40250
chr2	214653290	214853290	harbor1	chr2	214701144	214701575	LTR/ERVL-MaLR	2163	-	216	214701360	48070
chr2	177463313	177663313	harbor1	chr2	177510085	177510452	LTR/ERVL-MaLR	1202	-	184	177510269	46956
chr2	177463313	177663313	harbor1	chr2	177560124	177560357	LTR/ERVL-MaLR	1590	-	116	177560240	96927
chr2	233118757	233318757	harbor1	chr2	233179852	233180287	LTR/ERVL-MaLR	1157	-	218	233180070	61313
chr2	233118757	233318757	harbor1	chr2	233191048	233191436	LTR/ERVL-MaLR	2451	-	194	233191242	72485
chr2	214443970	214643970	harbor1	chr2	214471899	214472255	LTR/ERVL-MaLR	418	-	178	214472077	28107
chr2	214443970	214643970	harbor1	chr2	214473298	214473670	LTR/ERVL-MaLR	714	-	186	214473484	29514
chr2	214443970	214643970	harbor1	chr2	214480461	214480831	LTR/ERVL-MaLR	794	-	185	214480646	36676
chr2	214443970	214643970	harbor1	chr2	214483838	214484285	LTR/ERVL-MaLR	1760	-	224	214484062	40092
chr2	214443970	214643970	harbor1	chr2	214488634	214489023	LTR/ERVL-MaLR	2195	-	194	214488828	44858
chr2	214443970	214643970	harbor1	chr2	214489700	214490060	LTR/ERVL-MaLR	676	-	180	214489880	45910
chr2	214443970	214643970	harbor1	chr2	214493309	214493793	LTR/ERVL-MaLR	961	-	242	214493551	49581
chr2	214443970	214643970	harbor1	chr2	214497896	214498155	LTR/ERVL-MaLR	480	-	130	214498026	54056
chr2	214443970	214643970	harbor1	chr2	214500293	214500771	LTR/ERVL-MaLR	511	-	239	214500532	56562
chr2	171238831	171438831	harbor1	chr2	171254621	171254993	LTR/ERVL-MaLR	1719	-	186	171254807	15976
chr2	171238831	171438831	harbor1	chr2	171254995	171255448	LTR/ERVL-MaLR	1121	-	226	171255221	16390
chr2	171238831	171438831	harbor1	chr2	171268584	171268849	LTR/ERVL-MaLR	1369	-	132	171268716	29885
chr2	171238831	171438831	harbor1	chr2	171269636	171269821	LTR/ERVL-MaLR	1369	-	92	171269728	30897
chr2	171238831	171438831	harbor1	chr2	171269822	171270260	LTR/ERVL-MaLR	2453	-	219	171270041	31210
chr2	171238831	171438831	harbor1	chr2	171275907	171276306	LTR/ERVL-MaLR	1692	-	200	171276107	37276
chr2	171238831	171438831	harbor1	chr2	171278098	171278440	LTR/ERVL-MaLR	1698	-	171	171278269	39438
chr2	127777920	127977920	harbor1	chr2	127791350	127791689	LTR/ERVL-MaLR	1324	-	170	127791520	13600
chr2	22667688	22867688	harbor1	chr2	22706261	22706634	LTR/ERVL-MaLR	2185	-	186	22706447	38759
chr2	22667688	22867688	harbor1	chr2	22706637	22708224	LTR/ERVL-MaLR	9596	-	794	22707431	39743
chr2	22667688	22867688	harbor1	chr2	22708227	22708585	LTR/ERVL-MaLR	2292	-	179	22708406	40718
chr2	22667688	22867688	harbor1	chr2	22720218	22720570	LTR/ERVL-MaLR	2430	-	176	22720394	52706
chr2	22667688	22867688	harbor1	chr2	22720571	22722189	LTR/ERVL-MaLR	11056	-	809	22721380	53692
chr2	22667688	22867688	harbor1	chr2	22722190	22722541	LTR/ERVL-MaLR	2477	-	176	22722366	54678
chr2	22667688	22867688	harbor1	chr2	22730588	22730963	LTR/ERVL-MaLR	668	-	188	22730776	63088
chr2	22667688	22867688	harbor1	chr2	22734505	22735206	LTR/ERVL-MaLR	1228	-	350	22734855	67167
chr2	22667688	22867688	harbor1	chr2	22739638	22739802	LTR/ERVL-MaLR	1927	-	82	22739720	72032
chr2	22667688	22867688	harbor1	chr2	22739829	22740054	LTR/ERVL-MaLR	1927	-	112	22739941	72253
chr2	22667688	22867688	harbor1	chr2	22766911	22767273	LTR/ERVL-MaLR	1537	-	181	22767092	99404
chr2	229108911	229308911	harbor1	chr2	229126817	229127211	LTR/ERVL-MaLR	946	-	197	229127014	18103
chr2	229108911	229308911	harbor1	chr2	229130802	229131163	LTR/ERVL-MaLR	1484	-	180	229130982	22071
chr2	229108911	229308911	harbor1	chr2	229172301	229172718	LTR/ERVL-MaLR	1492	-	208	229172509	63598
chr2	229108911	229308911	harbor1	chr2	229173024	229173075	LTR/ERVL-MaLR	904	-	26	229173050	64139
chr2	229108911	229308911	harbor1	chr2	229176908	229177261	LTR/ERVL-MaLR	2153	-	176	229177084	68173
chr2	229108911	229308911	harbor1	chr2	229185422	229185805	LTR/ERVL-MaLR	2032	-	192	229185614	76703
chr2	229108911	229308911	harbor1	chr2	229185806	229187306	LTR/ERVL-MaLR	11030	-	750	229186556	77645
chr2	229108911	229308911	harbor1	chr2	229187307	229187659	LTR/ERVL-MaLR	2190	-	176	229187483	78572
chr2	229108911	229308911	harbor1	chr2	229193009	229193552	LTR/ERVL-MaLR	1972	-	272	229193281	84370
chr2	3731648	3931648	harbor1	chr2	3733488	3733844	LTR/ERVL-MaLR	1652	-	178	3733666	2018
chr2	3731648	3931648	harbor1	chr2	3758617	3758797	LTR/ERVL-MaLR	434	-	90	3758707	27059
chr2	3731648	3931648	harbor1	chr2	3762380	3762782	LTR/ERVL-MaLR	2126	-	201	3762581	30933
chr2	3731648	3931648	harbor1	chr2	3802471	3802768	LTR/ERVL-MaLR	1114	-	148	3802619	70971
chr2	61144459	61344459	harbor1	chr2	61151383	61151856	LTR/ERVL-MaLR	2243	-	236	61151619	7160
chr2	61144459	61344459	harbor1	chr2	61157454	61157660	LTR/ERVL-MaLR	523	-	103	61157557	13098
chr2	61144459	61344459	harbor1	chr2	61169522	61169634	LTR/ERVL-MaLR	506	-	56	61169578	25119
chr2	61144459	61344459	harbor1	chr2	61172188	61172362	LTR/ERVL-MaLR	1119	-	87	61172275	27816
chr2	110650625	110850625	harbor1	chr2	110685188	110685599	LTR/ERVL-MaLR	2617	-	206	110685394	34769
chr2	110650625	110850625	harbor1	chr2	110691083	110691197	LTR/ERVL-MaLR	489	-	57	110691140	40515
chr2	110650625	110850625	harbor1	chr2	110729634	110730067	LTR/ERVL-MaLR	1153	-	216	110729850	79225
chr2	110650625	110850625	harbor1	chr2	110741189	110741467	LTR/ERVL-MaLR	1121	-	139	110741328	90703
chr2	162356072	162556072	harbor1	chr2	162451408	162451936	LTR/ERVL-MaLR	1263	-	264	162451672	95600
chr2	19182034	19382034	harbor1	chr2	19218822	19219402	LTR/ERVL-MaLR	1969	-	290	19219112	37078
chr2	19182034	19382034	harbor1	chr2	19265994	19266384	LTR/ERVL-MaLR	651	-	195	19266189	84155
chr2	34046236	34246236	harbor1	chr2	34082553	34082647	LTR/ERVL-MaLR	1212	-	47	34082600	36364
chr2	34046236	34246236	harbor1	chr2	34083215	34083458	LTR/ERVL-MaLR	1212	-	122	34083337	37101
chr2	34046236	34246236	harbor1	chr2	34101313	34101669	LTR/ERVL-MaLR	1732	-	178	34101491	55255
chr2	34046236	34246236	harbor1	chr2	34102686	34103094	LTR/ERVL-MaLR	2285	-	204	34102890	56654
chr2	34046236	34246236	harbor1	chr2	34122860	34123210	LTR/ERVL-MaLR	1240	-	175	34123035	76799
chr2	34046236	34246236	harbor1	chr2	34125736	34126098	LTR/ERVL-MaLR	2248	-	181	34125917	79681
chr2	189501373	189701373	harbor1	chr2	189524235	189524584	LTR/ERVL-MaLR	1799	-	174	189524409	23036
chr2	189501373	189701373	harbor1	chr2	189545394	189545607	LTR/ERVL-MaLR	1147	-	106	189545500	44127
chr2	189501373	189701373	harbor1	chr2	189590263	189590644	LTR/ERVL-MaLR	2249	-	190	189590453	89080
chr2	189501373	189701373	harbor1	chr2	189546333	189546687	LTR/ERVL-MaLR	2433	-	177	189546510	45137
chr2	37675894	37875894	harbor1	chr2	37687996	37688364	LTR/ERVL-MaLR	2919	-	184	37688180	12286
chr2	37675894	37875894	harbor1	chr2	37706167	37706596	LTR/ERVL-MaLR	750	-	214	37706381	30487
chr2	37675894	37875894	harbor1	chr2	37717487	37717732	LTR/ERVL-MaLR	962	-	122	37717609	41715
chr2	37675894	37875894	harbor1	chr2	37736769	37737141	LTR/ERVL-MaLR	2192	-	186	37736955	61061
chr2	37675894	37875894	harbor1	chr2	37739751	37739961	LTR/ERVL-MaLR	1142	-	105	37739856	63962
chr2	37675894	37875894	harbor1	chr2	37753024	37753241	LTR/ERVL-MaLR	2204	-	108	37753132	77238
chr2	37675894	37875894	harbor1	chr2	37753548	37753722	LTR/ERVL-MaLR	2204	-	87	37753635	77741
chr2	188891338	189091338	harbor1	chr2	188918970	188919344	LTR/ERVL-MaLR	2044	-	187	188919157	27819
chr2	188891338	189091338	harbor1	chr2	188923294	188923655	LTR/ERVL-MaLR	2635	-	180	188923474	32136
chr2	188891338	189091338	harbor1	chr2	188934080	188934490	LTR/ERVL-MaLR	2455	-	205	188934285	42947
chr2	188891338	189091338	harbor1	chr2	188942407	188942923	LTR/ERVL-MaLR	1728	-	258	188942665	51327
chr2	179578651	179778651	harbor1	chr2	179596076	179596246	LTR/ERVL-MaLR	765	-	85	179596161	17510
chr2	179578651	179778651	harbor1	chr2	179596241	179597239	LTR/ERVL-MaLR	3462	-	499	179596740	18089
chr2	199086750	199286750	harbor1	chr2	199087812	199088088	LTR/ERVL-MaLR	589	-	138	199087950	1200
chr2	199086750	199286750	harbor1	chr2	199091472	199091831	LTR/ERVL-MaLR	1344	-	180	199091652	4902
chr2	199086750	199286750	harbor1	chr2	199091832	199093363	LTR/ERVL-MaLR	4284	-	766	199092598	5848
chr2	199086750	199286750	harbor1	chr2	199093364	199093762	LTR/ERVL-MaLR	1472	-	199	199093563	6813
chr2	102970028	103170028	harbor1	chr2	102974011	102974369	LTR/ERVL-MaLR	1837	-	179	102974190	4162
chr2	102970028	103170028	harbor1	chr2	103031468	103031610	LTR/ERVL-MaLR	440	-	71	103031539	61511
chr2	102970028	103170028	harbor1	chr2	103040531	103041069	LTR/ERVL-MaLR	2496	-	269	103040800	70772
chr2	102970028	103170028	harbor1	chr2	103044065	103044403	LTR/ERVL-MaLR	1059	-	169	103044234	74206
chr2	102970028	103170028	harbor1	chr2	103044413	103044524	LTR/ERVL-MaLR	498	-	56	103044469	74441
chr2	102970028	103170028	harbor1	chr2	103045986	103047150	LTR/ERVL-MaLR	3724	-	582	103046568	76540
chr2	102970028	103170028	harbor1	chr2	103047151	103047521	LTR/ERVL-MaLR	1914	-	185	103047336	77308
chr2	102970028	103170028	harbor1	chr2	103047522	103048091	LTR/ERVL-MaLR	3724	-	284	103047806	77778
chr2	102970028	103170028	harbor1	chr2	103048092	103048445	LTR/ERVL-MaLR	991	-	176	103048268	78240
chr2	190575386	190775386	harbor1	chr2	190625930	190626286	LTR/ERVL-MaLR	1990	-	178	190626108	50722
chr2	190597983	190797983	harbor1	chr2	190625930	190626286	LTR/ERVL-MaLR	1990	-	178	190626108	28125
chr2	15138323	15338323	harbor1	chr2	15156392	15156740	LTR/ERVL-MaLR	1593	-	174	15156566	18243
chr2	15138323	15338323	harbor1	chr2	15208075	15208435	LTR/ERVL-MaLR	2114	-	180	15208255	69932
chr2	45233566	45433566	harbor1	chr2	45252043	45252378	LTR/ERVL-MaLR	868	-	168	45252211	18645
chr2	45233566	45433566	harbor1	chr2	45284767	45284860	LTR/ERVL-MaLR	470	-	46	45284813	51247
chr2	45233566	45433566	harbor1	chr2	45323846	45324293	LTR/ERVL-MaLR	2285	-	224	45324070	90504
chr2	45233566	45433566	harbor1	chr2	45325919	45326758	LTR/ERVL-MaLR	1533	-	420	45326339	92773
chr2	170846863	171046863	harbor1	chr2	170878695	170878931	LTR/ERVL-MaLR	1652	-	118	170878813	31950
chr2	170846863	171046863	harbor1	chr2	170879234	170879409	LTR/ERVL-MaLR	1652	-	88	170879322	32459
chr2	54040615	54240615	harbor1	chr2	54061532	54061662	LTR/ERVL-MaLR	435	-	65	54061597	20982
chr2	54040615	54240615	harbor1	chr2	54061683	54061790	LTR/ERVL-MaLR	496	-	54	54061737	21122
chr2	54040615	54240615	harbor1	chr2	54102581	54103156	LTR/ERVL-MaLR	1351	-	288	54102869	62254
chr2	18220720	18420720	harbor1	chr2	18248283	18248721	LTR/ERVL-MaLR	2179	-	219	18248502	27782
chr2	18220720	18420720	harbor1	chr2	18265429	18265754	LTR/ERVL-MaLR	661	-	162	18265591	44871
chr2	18220720	18420720	harbor1	chr2	18275371	18275737	LTR/ERVL-MaLR	2119	-	183	18275554	54834
chr2	18220720	18420720	harbor1	chr2	18279533	18279893	LTR/ERVL-MaLR	2640	-	180	18279713	58993
chr2	18220720	18420720	harbor1	chr2	18251455	18251840	LTR/ERVL-MaLR	1802	-	192	18251647	30927
chr2	102050179	102250179	harbor1	chr2	102054705	102055130	LTR/ERVL-MaLR	1876	-	212	102054917	4738
chr2	102050179	102250179	harbor1	chr2	102074156	102074677	LTR/ERVL-MaLR	720	-	260	102074416	24237
chr2	102050179	102250179	harbor1	chr2	102124443	102124635	LTR/ERVL-MaLR	1855	-	96	102124539	74360
chr2	102050179	102250179	harbor1	chr2	102124932	102125082	LTR/ERVL-MaLR	1855	-	75	102125007	74828
chr2	102050179	102250179	harbor1	chr2	102137255	102137804	LTR/ERVL-MaLR	1452	-	274	102137529	87350
chr2	2388272	2588272	harbor1	chr2	2388147	2388556	LTR/ERVL-MaLR	2372	-	204	2388351	79
chr2	2388272	2588272	harbor1	chr2	2388557	2390075	LTR/ERVL-MaLR	7217	-	759	2389316	1044
chr2	2388272	2588272	harbor1	chr2	2390076	2390455	LTR/ERVL-MaLR	2525	-	190	2390266	1994
chr2	2388272	2588272	harbor1	chr2	2390780	2390835	LTR/ERVL-MaLR	2525	-	28	2390808	2536
chr2	2388272	2588272	harbor1	chr2	2396560	2396944	LTR/ERVL-MaLR	1266	-	192	2396752	8480
chr2	2388272	2588272	harbor1	chr2	2402010	2402388	LTR/ERVL-MaLR	2262	-	189	2402199	13927
chr2	2388272	2588272	harbor1	chr2	2427419	2427777	LTR/ERVL-MaLR	2178	-	179	2427598	39326
chr2	2388272	2588272	harbor1	chr2	2434467	2434915	LTR/ERVL-MaLR	1384	-	224	2434691	46419
chr2	2388272	2588272	harbor1	chr2	2443507	2443832	LTR/ERVL-MaLR	1164	-	162	2443669	55397
chr2	2388272	2588272	harbor1	chr2	2448726	2449090	LTR/ERVL-MaLR	1737	-	182	2448908	60636
chr2	2388272	2588272	harbor1	chr2	2441060	2441579	LTR/ERVL-MaLR	1324	-	260	2441320	53048
chr2	186354208	186554208	harbor1	chr2	186369244	186369574	LTR/ERVL-MaLR	1353	-	165	186369409	15201
chr2	186354208	186554208	harbor1	chr2	186369886	186370068	LTR/ERVL-MaLR	544	-	91	186369977	15769
chr2	186354208	186554208	harbor1	chr2	186370300	186370486	LTR/ERVL-MaLR	929	-	93	186370393	16185
chr2	186354208	186554208	harbor1	chr2	186372611	186372786	LTR/ERVL-MaLR	975	-	88	186372699	18491
chr2	186354208	186554208	harbor1	chr2	186384992	186385317	LTR/ERVL-MaLR	1795	-	162	186385154	30946
chr2	186354208	186554208	harbor1	chr2	186385334	186386954	LTR/ERVL-MaLR	10774	-	810	186386144	31936
chr2	186354208	186554208	harbor1	chr2	186386955	186387308	LTR/ERVL-MaLR	2074	-	176	186387131	32923
chr2	186354208	186554208	harbor1	chr2	186422964	186423183	LTR/ERVL-MaLR	1113	-	110	186423074	68866
chr2	186354208	186554208	harbor1	chr2	186423330	186423474	LTR/ERVL-MaLR	786	-	72	186423402	69194
chr2	186354208	186554208	harbor1	chr2	186424046	186424312	LTR/ERVL-MaLR	511	-	133	186424179	69971
chr2	186354208	186554208	harbor1	chr2	186430730	186431104	LTR/ERVL-MaLR	2573	-	187	186430917	76709
chr2	223999586	224199586	harbor1	chr2	224045222	224045256	LTR/ERVL-MaLR	815	-	17	224045239	45653
chr2	223999586	224199586	harbor1	chr2	224045557	224046019	LTR/ERVL-MaLR	815	-	231	224045788	46202
chr2	223999586	224199586	harbor1	chr2	224046020	224046264	LTR/ERVL-MaLR	1580	-	122	224046142	46556
chr2	223999586	224199586	harbor1	chr2	224046576	224046752	LTR/ERVL-MaLR	1580	-	88	224046664	47078
chr2	223999586	224199586	harbor1	chr2	224046753	224046833	LTR/ERVL-MaLR	815	-	40	224046793	47207
chr2	223999586	224199586	harbor1	chr2	224055105	224055436	LTR/ERVL-MaLR	1879	-	166	224055271	55685
chr2	223999586	224199586	harbor1	chr2	224056609	224056849	LTR/ERVL-MaLR	1500	-	120	224056729	57143
chr2	223999586	224199586	harbor1	chr2	224056850	224057273	LTR/ERVL-MaLR	2719	-	212	224057062	57476
chr2	223999586	224199586	harbor1	chr2	224057274	224057420	LTR/ERVL-MaLR	1500	-	73	224057347	57761
chr2	223999586	224199586	harbor1	chr2	224058786	224059139	LTR/ERVL-MaLR	2429	-	176	224058962	59376
chr2	223999586	224199586	harbor1	chr2	224063053	224063554	LTR/ERVL-MaLR	656	-	250	224063303	63717
chr2	223999586	224199586	harbor1	chr2	224069312	224069744	LTR/ERVL-MaLR	1260	-	216	224069528	69942
chr2	223999586	224199586	harbor1	chr2	224074300	224074652	LTR/ERVL-MaLR	2285	-	176	224074476	74890
chr2	223999586	224199586	harbor1	chr2	224096352	224096530	LTR/ERVL-MaLR	825	-	89	224096441	96855
chr2	223999586	224199586	harbor1	chr2	224098361	224098797	LTR/ERVL-MaLR	2046	-	218	224098579	98993
chr2	166610858	166810858	harbor1	chr2	166647052	166647561	LTR/ERVL-MaLR	906	-	254	166647306	36448
chr2	166610858	166810858	harbor1	chr2	166679485	166679863	LTR/ERVL-MaLR	2443	-	189	166679674	68816
chr2	228586400	228786400	harbor1	chr2	228597788	228597832	LTR/ERVL-MaLR	608	-	22	228597810	11410
chr2	228586400	228786400	harbor1	chr2	228598132	228598212	LTR/ERVL-MaLR	608	-	40	228598172	11772
chr2	228586400	228786400	harbor1	chr2	228599879	228600051	LTR/ERVL-MaLR	1049	-	86	228599965	13565
chr2	228586400	228786400	harbor1	chr2	228627559	228627728	LTR/ERVL-MaLR	698	-	84	228627643	41243
chr2	228586400	228786400	harbor1	chr2	228634630	228634996	LTR/ERVL-MaLR	2284	-	183	228634813	48413
chr2	228586400	228786400	harbor1	chr2	228634997	228636571	LTR/ERVL-MaLR	11534	-	787	228635784	49384
chr2	228586400	228786400	harbor1	chr2	228636573	228636930	LTR/ERVL-MaLR	2043	-	178	228636751	50351
chr2	24166311	24366311	harbor1	chr2	24179519	24179882	LTR/ERVL-MaLR	570	-	182	24179701	13390
chr2	24166311	24366311	harbor1	chr2	24200018	24200327	LTR/ERVL-MaLR	454	-	154	24200172	33861
chr2	54060360	54260360	harbor1	chr2	54061532	54061662	LTR/ERVL-MaLR	435	-	65	54061597	1237
chr2	54060360	54260360	harbor1	chr2	54061683	54061790	LTR/ERVL-MaLR	496	-	54	54061737	1377
chr2	54060360	54260360	harbor1	chr2	54102581	54103156	LTR/ERVL-MaLR	1351	-	288	54102869	42509
chr2	200956	400956	harbor1	chr2	273034	273317	LTR/ERVL-MaLR	449	-	142	273176	72220
chr2	200956	400956	harbor1	chr2	293450	293625	LTR/ERVL-MaLR	779	-	88	293538	92582
chr2	200956	400956	harbor1	chr2	294405	294617	LTR/ERVL-MaLR	1204	-	106	294511	93555
chr2	131845912	132045912	harbor1	chr2	131850071	131850431	LTR/ERVL-MaLR	2036	-	180	131850251	4339
chr2	131845912	132045912	harbor1	chr2	131850441	131851586	LTR/ERVL-MaLR	9175	-	572	131851013	5101
chr2	131845912	132045912	harbor1	chr2	131851879	131852157	LTR/ERVL-MaLR	9175	-	139	131852018	6106
chr2	131845912	132045912	harbor1	chr2	131852158	131852521	LTR/ERVL-MaLR	2080	-	182	131852340	6428
chr2	131845912	132045912	harbor1	chr2	131861634	131862004	LTR/ERVL-MaLR	2224	-	185	131861819	15907
chr2	131845912	132045912	harbor1	chr2	131863166	131863484	LTR/ERVL-MaLR	1319	-	159	131863325	17413
chr2	131845912	132045912	harbor1	chr2	131868810	131869160	LTR/ERVL-MaLR	1777	-	175	131868985	23073
chr2	131845912	132045912	harbor1	chr2	131869163	131869430	LTR/ERVL-MaLR	1723	-	134	131869297	23385
chr2	131845912	132045912	harbor1	chr2	131887201	131887562	LTR/ERVL-MaLR	2526	-	180	131887381	41469
chr2	131845912	132045912	harbor1	chr2	131913710	131914260	LTR/ERVL-MaLR	1294	-	275	131913985	68073
chr2	131845912	132045912	harbor1	chr2	131931113	131931481	LTR/ERVL-MaLR	2178	-	184	131931297	85385
chr2	131845912	132045912	harbor1	chr2	131935550	131935901	LTR/ERVL-MaLR	2175	-	176	131935726	89814
chr2	131845912	132045912	harbor1	chr2	131935902	131937543	LTR/ERVL-MaLR	10835	-	820	131936722	90810
chr2	131845912	132045912	harbor1	chr2	131937544	131937583	LTR/ERVL-MaLR	411	-	20	131937564	91652
chr2	130227564	130427564	harbor1	chr2	130242069	130242474	LTR/ERVL-MaLR	2023	-	202	130242271	14707
chr2	130227564	130427564	harbor1	chr2	130319440	130319604	LTR/ERVL-MaLR	680	-	82	130319522	91958
chr2	6687245	6887245	harbor1	chr2	6712148	6712327	LTR/ERVL-MaLR	410	-	90	6712238	24993
chr2	6687245	6887245	harbor1	chr2	6728683	6729099	LTR/ERVL-MaLR	2363	-	208	6728891	41646
chr2	6687245	6887245	harbor1	chr2	6764034	6764461	LTR/ERVL-MaLR	424	-	214	6764248	77003
chr2	6687245	6887245	harbor1	chr2	6779430	6779796	LTR/ERVL-MaLR	1838	-	183	6779613	92368
chr2	180469937	180669937	harbor1	chr2	180477421	180477754	LTR/ERVL-MaLR	746	-	166	180477587	7650
chr2	180469937	180669937	harbor1	chr2	180482289	180482693	LTR/ERVL-MaLR	2089	-	202	180482491	12554
chr2	180469937	180669937	harbor1	chr2	180483672	180484047	LTR/ERVL-MaLR	1005	-	188	180483860	13923
chr2	180469937	180669937	harbor1	chr2	180549611	180550092	LTR/ERVL-MaLR	2112	-	240	180549851	79914
chr2	99244365	99444365	harbor1	chr2	99262913	99263191	LTR/ERVL-MaLR	1159	-	139	99263052	18687
chr2	99244365	99444365	harbor1	chr2	99263495	99263588	LTR/ERVL-MaLR	1159	-	46	99263541	19176
chr2	97693356	97893356	harbor1	chr2	97726847	97727000	LTR/ERVL-MaLR	418	-	76	97726923	33567
chr2	97693356	97893356	harbor1	chr2	97727061	97727295	LTR/ERVL-MaLR	437	-	117	97727178	33822
chr2	97693356	97893356	harbor1	chr2	97729864	97729945	LTR/ERVL-MaLR	658	-	40	97729904	36548
chr2	97693356	97893356	harbor1	chr2	97751620	97752003	LTR/ERVL-MaLR	1547	-	192	97751812	58456
chr2	97693356	97893356	harbor1	chr2	97730243	97730673	LTR/ERVL-MaLR	727	-	215	97730458	37102
chr2	95595556	95795556	harbor1	chr2	95622738	95623181	LTR/ERVL-MaLR	1210	-	222	95622960	27404
chr2	95595556	95795556	harbor1	chr2	95657500	95657938	LTR/ERVL-MaLR	1385	-	219	95657719	62163
chr2	95595556	95795556	harbor1	chr2	95684494	95684877	LTR/ERVL-MaLR	1837	-	192	95684686	89130
chr2	95595556	95795556	harbor1	chr2	95600581	95600752	LTR/ERVL-MaLR	409	-	86	95600667	5111
chr2	60543293	60743293	harbor1	chr2	60607267	60607717	LTR/ERVL-MaLR	2118	-	225	60607492	64199
chr2	60543293	60743293	harbor1	chr2	60614774	60614806	LTR/ERVL-MaLR	1972	-	16	60614790	71497
chr2	60543293	60743293	harbor1	chr2	60615108	60615441	LTR/ERVL-MaLR	1972	-	166	60615274	71981
chr2	60543293	60743293	harbor1	chr2	60635973	60636465	LTR/ERVL-MaLR	1768	-	246	60636219	92926
chr2	60543293	60743293	harbor1	chr2	60636782	60637139	LTR/ERVL-MaLR	940	-	178	60636960	93667
chr2	60543293	60743293	harbor1	chr2	60637273	60637694	LTR/ERVL-MaLR	2338	-	210	60637483	94190
chr2	129152349	129352349	harbor1	chr2	129171668	129171860	LTR/ERVL-MaLR	757	-	96	129171764	19415
chr2	129152349	129352349	harbor1	chr2	129204290	129204594	LTR/ERVL-MaLR	678	-	152	129204442	52093
chr2	129152349	129352349	harbor1	chr2	129206590	129206791	LTR/ERVL-MaLR	452	-	100	129206690	54341
chr2	129152349	129352349	harbor1	chr2	129207136	129207322	LTR/ERVL-MaLR	688	-	93	129207229	54880
chr2	129152349	129352349	harbor1	chr2	129245282	129245654	LTR/ERVL-MaLR	405	-	186	129245468	93119
chr2	129152349	129352349	harbor1	chr2	129249700	129250077	LTR/ERVL-MaLR	1538	-	188	129249888	97539
chr2	129152349	129352349	harbor1	chr2	129250090	129250415	LTR/ERVL-MaLR	1092	-	162	129250252	97903
chr2	48912957	49112957	harbor1	chr2	48920558	48920959	LTR/ERVL-MaLR	2233	-	200	48920758	7801
chr2	48912957	49112957	harbor1	chr2	48922700	48923062	LTR/ERVL-MaLR	1964	-	181	48922881	9924
chr2	48912957	49112957	harbor1	chr2	49002391	49002766	LTR/ERVL-MaLR	2238	-	188	49002579	89622
chr2	48912957	49112957	harbor1	chr2	48920960	48922698	LTR/ERVL-MaLR	7710	-	869	48921829	8872
chr2	168090572	168290572	harbor1	chr2	168093241	168093589	LTR/ERVL-MaLR	2379	-	174	168093415	2843
chr2	168090572	168290572	harbor1	chr2	168157421	168157782	LTR/ERVL-MaLR	2051	-	180	168157601	67029
chr2	22174284	22374284	harbor1	chr2	22173772	22174311	LTR/ERVL-MaLR	1513	-	270	22174042	242
chr2	22174284	22374284	harbor1	chr2	22177505	22177544	LTR/ERVL-MaLR	2381	-	20	22177525	3241
chr2	22174284	22374284	harbor1	chr2	22177854	22178200	LTR/ERVL-MaLR	2381	-	173	22178027	3743
chr2	22174284	22374284	harbor1	chr2	22181877	22182260	LTR/ERVL-MaLR	1433	-	192	22182069	7785
chr2	22174284	22374284	harbor1	chr2	22204084	22204448	LTR/ERVL-MaLR	1817	-	182	22204266	29982
chr2	22174284	22374284	harbor1	chr2	22221238	22221630	LTR/ERVL-MaLR	1636	-	196	22221434	47150
chr2	22174284	22374284	harbor1	chr2	22250731	22251099	LTR/ERVL-MaLR	2047	-	184	22250915	76631
chr2	45738140	45938140	harbor1	chr2	45738938	45739234	LTR/ERVL-MaLR	748	-	148	45739086	946
chr2	45738140	45938140	harbor1	chr2	45791991	45792410	LTR/ERVL-MaLR	2313	-	210	45792201	54061
chr2	45738140	45938140	harbor1	chr2	45811007	45811189	LTR/ERVL-MaLR	506	-	91	45811098	72958
chr2	164279231	164479231	harbor1	chr2	164290163	164290524	LTR/ERVL-MaLR	1969	-	180	164290343	11112
chr2	164279231	164479231	harbor1	chr2	164309701	164310208	LTR/ERVL-MaLR	1904	-	254	164309955	30724
chr2	164279231	164479231	harbor1	chr2	164310790	164311163	LTR/ERVL-MaLR	770	-	186	164310976	31745
chr2	164279231	164479231	harbor1	chr2	164349136	164349507	LTR/ERVL-MaLR	1899	-	186	164349322	70091
chr2	164279231	164479231	harbor1	chr2	164352043	164352431	LTR/ERVL-MaLR	1636	-	194	164352237	73006
chr2	164279231	164479231	harbor1	chr2	164371127	164371485	LTR/ERVL-MaLR	1853	-	179	164371306	92075
chr2	69268821	69468821	harbor1	chr2	69286133	69286491	LTR/ERVL-MaLR	2045	-	179	69286312	17491
chr2	69268821	69468821	harbor1	chr2	69293290	69293651	LTR/ERVL-MaLR	1765	-	180	69293470	24649
chr2	69268821	69468821	harbor1	chr2	69303833	69304219	LTR/ERVL-MaLR	1736	-	193	69304026	35205
chr2	69268821	69468821	harbor1	chr2	69312795	69313236	LTR/ERVL-MaLR	1538	-	220	69313015	44194
chr2	76916723	77116723	harbor1	chr2	76922180	76922556	LTR/ERVL-MaLR	1705	-	188	76922368	5645
chr2	76916723	77116723	harbor1	chr2	76939170	76939367	LTR/ERVL-MaLR	418	-	98	76939268	22545
chr2	234043830	234243830	harbor1	chr2	234054418	234054743	LTR/ERVL-MaLR	1081	-	162	234054580	10750
chr2	234043830	234243830	harbor1	chr2	234068826	234069185	LTR/ERVL-MaLR	2124	-	180	234069006	25176
chr2	234043830	234243830	harbor1	chr2	234069216	234069392	LTR/ERVL-MaLR	2124	-	88	234069304	25474
chr2	234043830	234243830	harbor1	chr2	234083353	234083742	LTR/ERVL-MaLR	1784	-	194	234083547	39717
chr2	234043830	234243830	harbor1	chr2	234089734	234090161	LTR/ERVL-MaLR	2354	-	214	234089948	46118
chr2	234043830	234243830	harbor1	chr2	234099983	234100158	LTR/ERVL-MaLR	745	-	88	234100071	56241
chr2	234043830	234243830	harbor1	chr2	234128527	234128920	LTR/ERVL-MaLR	1390	-	196	234128723	84893
chr2	234043830	234243830	harbor1	chr2	234131936	234132107	LTR/ERVL-MaLR	891	-	86	234132022	88192
chr2	234043830	234243830	harbor1	chr2	234141587	234142076	LTR/ERVL-MaLR	2002	-	244	234141831	98001
chr2	29534903	29734903	harbor1	chr2	29620125	29620476	LTR/ERVL-MaLR	1096	-	176	29620301	85398
chr2	29534903	29734903	harbor1	chr2	29632651	29633028	LTR/ERVL-MaLR	2358	-	188	29632839	97936
chr2	29534903	29734903	harbor1	chr2	29622240	29622590	LTR/ERVL-MaLR	2920	-	175	29622415	87512
chr2	141435450	141635450	harbor1	chr2	141469361	141469538	LTR/ERVL-MaLR	771	-	88	141469449	33999
chr2	33406391	33606391	harbor1	chr2	33420257	33420773	LTR/ERVL-MaLR	776	-	258	33420515	14124
chr2	33406391	33606391	harbor1	chr2	33423454	33423894	LTR/ERVL-MaLR	1581	-	220	33423674	17283
chr2	33406391	33606391	harbor1	chr2	33431951	33432217	LTR/ERVL-MaLR	760	-	133	33432084	25693
chr2	33406391	33606391	harbor1	chr2	33449877	33450074	LTR/ERVL-MaLR	628	-	98	33449975	43584
chr2	33406391	33606391	harbor1	chr2	33453428	33453754	LTR/ERVL-MaLR	1150	-	163	33453591	47200
chr2	33406391	33606391	harbor1	chr2	33453907	33454026	LTR/ERVL-MaLR	519	-	60	33453967	47576
chr2	133740922	133940922	harbor1	chr2	133741127	133741494	LTR/ERVL-MaLR	2649	-	184	133741311	389
chr2	133740922	133940922	harbor1	chr2	133743075	133743426	LTR/ERVL-MaLR	2609	-	176	133743251	2329
chr2	133740922	133940922	harbor1	chr2	133743859	133744210	LTR/ERVL-MaLR	2119	-	176	133744035	3113
chr2	133740922	133940922	harbor1	chr2	133754402	133754436	LTR/ERVL-MaLR	1789	-	17	133754419	13497
chr2	133740922	133940922	harbor1	chr2	133754661	133754958	LTR/ERVL-MaLR	1789	-	148	133754809	13887
chr2	133740922	133940922	harbor1	chr2	133756726	133757094	LTR/ERVL-MaLR	2050	-	184	133756910	15988
chr2	133740922	133940922	harbor1	chr2	133782695	133783149	LTR/ERVL-MaLR	1405	-	227	133782922	42000
chr2	133740922	133940922	harbor1	chr2	133804724	133805155	LTR/ERVL-MaLR	1949	-	216	133804940	64018
chr2	133740922	133940922	harbor1	chr2	133741503	133743074	LTR/ERVL-MaLR	11307	-	786	133742289	1367
chr2	65955052	66155052	harbor1	chr2	65981958	65982372	LTR/ERVL-MaLR	992	-	207	65982165	27113
chr2	65955052	66155052	harbor1	chr2	65988905	65989258	LTR/ERVL-MaLR	2401	-	176	65989081	34029
chr2	65955052	66155052	harbor1	chr2	66005899	66006357	LTR/ERVL-MaLR	2292	-	229	66006128	51076
chr2	65955052	66155052	harbor1	chr2	66019679	66020126	LTR/ERVL-MaLR	1359	-	224	66019903	64851
chr2	65955052	66155052	harbor1	chr2	66028457	66028581	LTR/ERVL-MaLR	753	-	62	66028519	73467
chr2	65955052	66155052	harbor1	chr2	66028625	66028733	LTR/ERVL-MaLR	638	-	54	66028679	73627
chr2	65955052	66155052	harbor1	chr2	66030379	66030607	LTR/ERVL-MaLR	1065	-	114	66030493	75441
chr2	65955052	66155052	harbor1	chr2	66042930	66043299	LTR/ERVL-MaLR	1907	-	184	66043114	88062
chr2	65955052	66155052	harbor1	chr2	66053036	66053436	LTR/ERVL-MaLR	2575	-	200	66053236	98184
chr2	65955052	66155052	harbor1	chr2	65978199	65978559	LTR/ERVL-MaLR	1816	-	180	65978379	23327
chr2	113883993	114083993	harbor1	chr2	113884691	113885006	LTR/ERVL-MaLR	1628	-	158	113884849	856
chr2	113883993	114083993	harbor1	chr2	113887040	113887388	LTR/ERVL-MaLR	1556	-	174	113887214	3221
chr2	113883993	114083993	harbor1	chr2	113915131	113915539	LTR/ERVL-MaLR	1289	-	204	113915335	31342
chr2	113883993	114083993	harbor1	chr2	113926420	113926809	LTR/ERVL-MaLR	1155	-	194	113926614	42621
chr2	113883993	114083993	harbor1	chr2	113936662	113937091	LTR/ERVL-MaLR	1608	-	214	113936876	52883
chr2	113883993	114083993	harbor1	chr2	113950769	113951142	LTR/ERVL-MaLR	2101	-	186	113950955	66962
chr2	113883993	114083993	harbor1	chr2	113970414	113970719	LTR/ERVL-MaLR	607	-	152	113970566	86573
chr2	113883993	114083993	harbor1	chr2	113981553	113981662	LTR/ERVL-MaLR	1051	-	54	113981607	97614
chr2	113883993	114083993	harbor1	chr2	113981832	113982108	LTR/ERVL-MaLR	1051	-	138	113981970	97977
chr2	210783285	210983285	harbor1	chr2	210818471	210818865	LTR/ERVL-MaLR	895	-	197	210818668	35383
chr2	210783285	210983285	harbor1	chr2	210832591	210832990	LTR/ERVL-MaLR	2037	-	200	210832791	49506
chr2	210783285	210983285	harbor1	chr2	210855285	210855425	LTR/ERVL-MaLR	456	-	70	210855355	72070
chr2	210783285	210983285	harbor1	chr2	210874290	210874646	LTR/ERVL-MaLR	1829	-	178	210874468	91183
chr2	24610513	24810513	harbor1	chr2	24623587	24623963	LTR/ERVL-MaLR	1841	-	188	24623775	13262
chr2	24610513	24810513	harbor1	chr2	24669263	24669487	LTR/ERVL-MaLR	591	-	112	24669375	58862
chr2	24610513	24810513	harbor1	chr2	24677017	24677061	LTR/ERVL-MaLR	702	-	22	24677039	66526
chr2	24610513	24810513	harbor1	chr2	24677374	24677432	LTR/ERVL-MaLR	702	-	29	24677403	66890
chr2	24610513	24810513	harbor1	chr2	24677723	24677877	LTR/ERVL-MaLR	885	-	77	24677800	67287
chr2	24610513	24810513	harbor1	chr2	24687467	24687847	LTR/ERVL-MaLR	2143	-	190	24687657	77144
chr2	124622456	124822456	harbor1	chr2	124633107	124634516	LTR/ERVL-MaLR	9050	-	704	124633811	11355
chr2	124622456	124822456	harbor1	chr2	124634799	124635043	LTR/ERVL-MaLR	9050	-	122	124634921	12465
chr2	124622456	124822456	harbor1	chr2	124635049	124635446	LTR/ERVL-MaLR	2019	-	198	124635247	12791
chr2	124622456	124822456	harbor1	chr2	124645692	124646093	LTR/ERVL-MaLR	2204	-	200	124645892	23436
chr2	124622456	124822456	harbor1	chr2	124664412	124664682	LTR/ERVL-MaLR	667	-	135	124664547	42091
chr2	124622456	124822456	harbor1	chr2	124664987	124665061	LTR/ERVL-MaLR	667	-	37	124665024	42568
chr2	124622456	124822456	harbor1	chr2	124671996	124672379	LTR/ERVL-MaLR	1793	-	192	124672188	49732
chr2	124622456	124822456	harbor1	chr2	124712533	124712741	LTR/ERVL-MaLR	1103	-	104	124712637	90181
chr2	124622456	124822456	harbor1	chr2	124712915	124713074	LTR/ERVL-MaLR	739	-	80	124712995	90539
chr2	124622456	124822456	harbor1	chr2	124715493	124715512	LTR/ERVL-MaLR	505	-	10	124715503	93047
chr2	124622456	124822456	harbor1	chr2	124715628	124715828	LTR/ERVL-MaLR	505	-	100	124715728	93272
chr2	124622456	124822456	harbor1	chr2	124721776	124722170	LTR/ERVL-MaLR	1267	-	197	124721973	99517
chr2	124622456	124822456	harbor1	chr2	124632733	124633101	LTR/ERVL-MaLR	1856	-	184	124632917	10461
chr2	191323087	191523087	harbor1	chr2	191342031	191342425	LTR/ERVL-MaLR	1405	-	197	191342228	19141
chr2	191323087	191523087	harbor1	chr2	191354662	191354905	LTR/ERVL-MaLR	537	-	122	191354784	31697
chr2	191323087	191523087	harbor1	chr2	191389399	191389703	LTR/ERVL-MaLR	744	-	152	191389551	66464
chr2	201166303	201366303	harbor1	chr2	201219300	201219429	LTR/ERVL-MaLR	565	-	64	201219364	53061
chr2	201166303	201366303	harbor1	chr2	201242252	201242610	LTR/ERVL-MaLR	2069	-	179	201242431	76128
chr2	201166303	201366303	harbor1	chr2	201250312	201250726	LTR/ERVL-MaLR	2633	-	207	201250519	84216
chr2	36764907	36964907	harbor1	chr2	36765250	36765414	LTR/ERVL-MaLR	2122	-	82	36765332	425
chr2	36764907	36964907	harbor1	chr2	36765448	36765632	LTR/ERVL-MaLR	2122	-	92	36765540	633
chr2	36764907	36964907	harbor1	chr2	36818615	36818862	LTR/ERVL-MaLR	1221	-	124	36818739	53832
chr2	36764907	36964907	harbor1	chr2	36834735	36834954	LTR/ERVL-MaLR	783	-	110	36834845	69938
chr2	138166622	138366622	harbor1	chr2	138204025	138204382	LTR/ERVL-MaLR	2122	-	178	138204203	37581
chr2	138166622	138366622	harbor1	chr2	138204383	138205951	LTR/ERVL-MaLR	11126	-	784	138205167	38545
chr2	138166622	138366622	harbor1	chr2	138205952	138206310	LTR/ERVL-MaLR	2242	-	179	138206131	39509
chr2	138166622	138366622	harbor1	chr2	138263141	138263308	LTR/ERVL-MaLR	867	-	84	138263225	96603
chr2	123327493	123527493	harbor1	chr2	123359430	123359715	LTR/ERVL-MaLR	659	-	142	123359572	32079
chr2	123327493	123527493	harbor1	chr2	123359713	123360608	LTR/ERVL-MaLR	1828	-	448	123360161	32668
chr2	123327493	123527493	harbor1	chr2	123360621	123361131	LTR/ERVL-MaLR	1349	-	255	123360876	33383
chr2	123327493	123527493	harbor1	chr2	123391046	123391384	LTR/ERVL-MaLR	2068	-	169	123391215	63722
chr2	195349835	195549835	harbor1	chr2	195361350	195361884	LTR/ERVL-MaLR	1423	-	267	195361617	11782
chr2	195349835	195549835	harbor1	chr2	195384229	195384620	LTR/ERVL-MaLR	2395	-	196	195384425	34590
chr2	195349835	195549835	harbor1	chr2	195433734	195434133	LTR/ERVL-MaLR	1916	-	200	195433934	84099
chr2	195349835	195549835	harbor1	chr2	195442673	195443048	LTR/ERVL-MaLR	2352	-	188	195442861	93026
chr2	132720014	132920014	harbor1	chr2	132738626	132739007	LTR/ERVL-MaLR	1885	-	190	132738816	18802
chr2	132720014	132920014	harbor1	chr2	132812702	132813066	LTR/ERVL-MaLR	2049	-	182	132812884	92870
chr2	149035773	149235773	harbor1	chr2	149041298	149041646	LTR/ERVL-MaLR	649	-	174	149041472	5699
chr2	149035773	149235773	harbor1	chr2	149080039	149080457	LTR/ERVL-MaLR	1057	-	209	149080248	44475
chr2	149035773	149235773	harbor1	chr2	149086650	149087115	LTR/ERVL-MaLR	1656	-	232	149086882	51109
chr2	149035773	149235773	harbor1	chr2	149117762	149118263	LTR/ERVL-MaLR	1784	-	250	149118012	82239
chr2	128404235	128604235	harbor1	chr2	128414325	128414763	LTR/ERVL-MaLR	1155	-	219	128414544	10309
chr2	128404235	128604235	harbor1	chr2	128422931	128423379	LTR/ERVL-MaLR	1404	-	224	128423155	18920
chr2	128404235	128604235	harbor1	chr2	128423673	128423852	LTR/ERVL-MaLR	1404	-	90	128423763	19528
chr2	128404235	128604235	harbor1	chr2	128462992	128463181	LTR/ERVL-MaLR	776	-	94	128463086	58851
chr2	128404235	128604235	harbor1	chr2	128487502	128487812	LTR/ERVL-MaLR	780	-	155	128487657	83422
chr2	128404235	128604235	harbor1	chr2	128499053	128499425	LTR/ERVL-MaLR	756	-	186	128499239	95004
chr2	44192465	44392465	harbor1	chr2	44247886	44248328	LTR/ERVL-MaLR	530	-	221	44248107	55642
chr2	44192465	44392465	harbor1	chr2	44255572	44255795	LTR/ERVL-MaLR	2369	-	112	44255684	63219
chr2	44192465	44392465	harbor1	chr2	44256114	44256310	LTR/ERVL-MaLR	2369	-	98	44256212	63747
chr2	66207082	66407082	harbor1	chr2	66265532	66265941	LTR/ERVL-MaLR	2265	-	204	66265736	58654
chr2	66207082	66407082	harbor1	chr2	66287410	66287797	LTR/ERVL-MaLR	2087	-	194	66287604	80522
chr2	111331440	111531440	harbor1	chr2	111358259	111358655	LTR/ERVL-MaLR	2538	-	198	111358457	27017
chr2	111331440	111531440	harbor1	chr2	111358656	111360286	LTR/ERVL-MaLR	10418	-	815	111359471	28031
chr2	111331440	111531440	harbor1	chr2	111360287	111360682	LTR/ERVL-MaLR	2335	-	198	111360485	29045
chr2	111331440	111531440	harbor1	chr2	111401253	111401618	LTR/ERVL-MaLR	1785	-	182	111401435	69995
chr2	91802178	92002178	harbor1	chr2	91814982	91815434	LTR/ERVL-MaLR	1376	-	226	91815208	13030
chr2	91802178	92002178	harbor1	chr2	91837627	91838227	LTR/ERVL-MaLR	1523	-	300	91837927	35749
chr2	91802178	92002178	harbor1	chr2	91841833	91842275	LTR/ERVL-MaLR	712	-	221	91842054	39876
chr2	91802178	92002178	harbor1	chr2	91842520	91842896	LTR/ERVL-MaLR	956	-	188	91842708	40530
chr2	91802178	92002178	harbor1	chr2	91869723	91870089	LTR/ERVL-MaLR	2312	-	183	91869906	67728
chr2	91802178	92002178	harbor1	chr2	91900848	91901356	LTR/ERVL-MaLR	3194	-	254	91901102	98924
chr2	194419706	194619706	harbor1	chr2	194427371	194427726	LTR/ERVL-MaLR	1300	-	178	194427549	7843
chr2	194419706	194619706	harbor1	chr2	194429360	194429749	LTR/ERVL-MaLR	1496	-	194	194429554	9848
chr2	194419706	194619706	harbor1	chr2	194431231	194431645	LTR/ERVL-MaLR	1314	-	207	194431438	11732
chr2	194419706	194619706	harbor1	chr2	194439732	194439899	LTR/ERVL-MaLR	817	-	84	194439816	20110
chr2	194419706	194619706	harbor1	chr2	194443037	194443265	LTR/ERVL-MaLR	851	-	114	194443151	23445
chr2	194419706	194619706	harbor1	chr2	194458870	194459222	LTR/ERVL-MaLR	2025	-	176	194459046	39340
chr2	194419706	194619706	harbor1	chr2	194478758	194479115	LTR/ERVL-MaLR	2177	-	178	194478936	59230
chr2	194419706	194619706	harbor1	chr2	194508932	194509278	LTR/ERVL-MaLR	2208	-	173	194509105	89399
chr2	194419706	194619706	harbor1	chr2	194427736	194429358	LTR/ERVL-MaLR	5756	-	811	194428547	8841
chr2	55831726	56031726	harbor1	chr2	55853820	55854211	LTR/ERVL-MaLR	2256	-	196	55854016	22290
chr2	55831726	56031726	harbor1	chr2	55861681	55862080	LTR/ERVL-MaLR	2099	-	200	55861881	30155
chr2	211076998	211276998	harbor1	chr2	211080685	211080881	LTR/ERVL-MaLR	1383	-	98	211080783	3785
chr2	211076998	211276998	harbor1	chr2	211081242	211081562	LTR/ERVL-MaLR	1383	-	160	211081402	4404
chr2	211076998	211276998	harbor1	chr2	211100255	211100603	LTR/ERVL-MaLR	1801	-	174	211100429	23431
chr2	211076998	211276998	harbor1	chr2	211107265	211107459	LTR/ERVL-MaLR	2166	-	97	211107362	30364
chr2	211076998	211276998	harbor1	chr2	211107865	211108202	LTR/ERVL-MaLR	2166	-	168	211108033	31035
chr2	211076998	211276998	harbor1	chr2	211117334	211117745	LTR/ERVL-MaLR	608	-	206	211117540	40542
chr2	211076998	211276998	harbor1	chr2	211118099	211118197	LTR/ERVL-MaLR	408	-	49	211118148	41150
chr2	211076998	211276998	harbor1	chr2	211123465	211123743	LTR/ERVL-MaLR	1297	-	139	211123604	46606
chr2	211076998	211276998	harbor1	chr2	211123797	211124153	LTR/ERVL-MaLR	1834	-	178	211123975	46977
chr2	211076998	211276998	harbor1	chr2	211126252	211126642	LTR/ERVL-MaLR	929	-	195	211126447	49449
chr2	211076998	211276998	harbor1	chr2	211107460	211107864	LTR/ERVL-MaLR	2265	-	202	211107662	30664
chr2	211076998	211276998	harbor1	chr2	211124156	211124301	LTR/ERVL-MaLR	642	-	72	211124228	47230
chr2	131786528	131986528	harbor1	chr2	131786722	131787353	LTR/ERVL-MaLR	1912	-	316	131787038	510
chr2	131786528	131986528	harbor1	chr2	131787356	131787749	LTR/ERVL-MaLR	2067	-	196	131787552	1024
chr2	131786528	131986528	harbor1	chr2	131813660	131814244	LTR/ERVL-MaLR	2746	-	292	131813952	27424
chr2	131786528	131986528	harbor1	chr2	131816458	131816619	LTR/ERVL-MaLR	1039	-	80	131816538	30010
chr2	131786528	131986528	harbor1	chr2	131816620	131817006	LTR/ERVL-MaLR	2059	-	193	131816813	30285
chr2	131786528	131986528	harbor1	chr2	131821204	131821391	LTR/ERVL-MaLR	1174	-	94	131821298	34770
chr2	131786528	131986528	harbor1	chr2	131838764	131839227	LTR/ERVL-MaLR	1124	-	232	131838996	52468
chr2	131786528	131986528	harbor1	chr2	131850071	131850431	LTR/ERVL-MaLR	2036	-	180	131850251	63723
chr2	131786528	131986528	harbor1	chr2	131850441	131851586	LTR/ERVL-MaLR	9175	-	572	131851013	64485
chr2	131786528	131986528	harbor1	chr2	131851879	131852157	LTR/ERVL-MaLR	9175	-	139	131852018	65490
chr2	131786528	131986528	harbor1	chr2	131852158	131852521	LTR/ERVL-MaLR	2080	-	182	131852340	65812
chr2	131786528	131986528	harbor1	chr2	131861634	131862004	LTR/ERVL-MaLR	2224	-	185	131861819	75291
chr2	131786528	131986528	harbor1	chr2	131863166	131863484	LTR/ERVL-MaLR	1319	-	159	131863325	76797
chr2	131786528	131986528	harbor1	chr2	131868810	131869160	LTR/ERVL-MaLR	1777	-	175	131868985	82457
chr2	131786528	131986528	harbor1	chr2	131869163	131869430	LTR/ERVL-MaLR	1723	-	134	131869297	82769
chr2	54761079	54961079	harbor1	chr2	54773976	54774168	LTR/ERVL-MaLR	788	-	96	54774072	12993
chr2	54761079	54961079	harbor1	chr2	54795133	54795479	LTR/ERVL-MaLR	1551	-	173	54795306	34227
chr2	54761079	54961079	harbor1	chr2	54855104	54855536	LTR/ERVL-MaLR	2429	-	216	54855320	94241
chr2	54761079	54961079	harbor1	chr2	54857948	54858367	LTR/ERVL-MaLR	1468	-	210	54858158	97079
chr2	229966213	230166213	harbor1	chr2	229970943	229971071	LTR/ERVL-MaLR	671	-	64	229971007	4794
chr2	229966213	230166213	harbor1	chr2	229971382	229971570	LTR/ERVL-MaLR	671	-	94	229971476	5263
chr2	229966213	230166213	harbor1	chr2	229981777	229982007	LTR/ERVL-MaLR	1424	-	115	229981892	15679
chr2	229966213	230166213	harbor1	chr2	229982327	229982524	LTR/ERVL-MaLR	1374	-	98	229982425	16212
chr2	229966213	230166213	harbor1	chr2	229982800	229982918	LTR/ERVL-MaLR	1374	-	59	229982859	16646
chr2	229966213	230166213	harbor1	chr2	229991583	229992133	LTR/ERVL-MaLR	1138	-	275	229991858	25645
chr2	229966213	230166213	harbor1	chr2	229992489	229992654	LTR/ERVL-MaLR	407	-	82	229992571	26358
chr2	229966213	230166213	harbor1	chr2	229992652	229992954	LTR/ERVL-MaLR	1479	-	151	229992803	26590
chr2	229966213	230166213	harbor1	chr2	229993353	229993557	LTR/ERVL-MaLR	775	-	102	229993455	27242
chr2	238986786	239186786	harbor1	chr2	239000164	239000520	LTR/ERVL-MaLR	2037	-	178	239000342	13556
chr2	238986786	239186786	harbor1	chr2	239006652	239007096	LTR/ERVL-MaLR	1146	-	222	239006874	20088
chr2	238986786	239186786	harbor1	chr2	239023991	239024357	LTR/ERVL-MaLR	2262	-	183	239024174	37388
chr2	57573476	57773476	harbor1	chr2	57576186	57576543	LTR/ERVL-MaLR	1921	-	178	57576364	2888
chr2	57573476	57773476	harbor1	chr2	57597221	57597585	LTR/ERVL-MaLR	449	-	182	57597403	23927
chr2	57573476	57773476	harbor1	chr2	57597674	57597774	LTR/ERVL-MaLR	449	-	50	57597724	24248
chr2	57573476	57773476	harbor1	chr2	57631101	57631460	LTR/ERVL-MaLR	2478	-	180	57631281	57805
chr2	197312438	197512438	harbor1	chr2	197319769	197320134	LTR/ERVL-MaLR	2720	-	182	197319951	7513
chr2	197312438	197512438	harbor1	chr2	197330857	197331232	LTR/ERVL-MaLR	2889	-	188	197331045	18607
chr2	197312438	197512438	harbor1	chr2	197339660	197339859	LTR/ERVL-MaLR	544	-	100	197339760	27322
chr2	197312438	197512438	harbor1	chr2	197356015	197356367	LTR/ERVL-MaLR	1813	-	176	197356191	43753
chr2	197312438	197512438	harbor1	chr2	197359588	197359976	LTR/ERVL-MaLR	2274	-	194	197359782	47344
chr2	165670113	165870113	harbor1	chr2	165671341	165671432	LTR/ERVL-MaLR	484	-	46	165671387	1274
chr2	165670113	165870113	harbor1	chr2	165671437	165672264	LTR/ERVL-MaLR	4582	-	414	165671851	1738
chr2	165670113	165870113	harbor1	chr2	165672265	165672614	LTR/ERVL-MaLR	2022	-	174	165672439	2326
chr2	165670113	165870113	harbor1	chr2	165699969	165700222	LTR/ERVL-MaLR	739	-	126	165700095	29982
chr2	165670113	165870113	harbor1	chr2	165737735	165738049	LTR/ERVL-MaLR	1736	-	157	165737892	67779
chr2	90077554	90277554	harbor1	chr2	90077534	90077932	LTR/ERVL-MaLR	1345	-	199	90077733	179
chr2	90077554	90277554	harbor1	chr2	90078557	90078618	LTR/ERVL-MaLR	1345	-	30	90078587	1033
chr2	90077554	90277554	harbor1	chr2	90080102	90080489	LTR/ERVL-MaLR	1056	-	194	90080296	2742
chr2	90077554	90277554	harbor1	chr2	90095243	90095392	LTR/ERVL-MaLR	487	-	74	90095317	17763
chr2	90077554	90277554	harbor1	chr2	90096017	90096073	LTR/ERVL-MaLR	487	-	28	90096045	18491
chr2	90077554	90277554	harbor1	chr2	90097553	90097947	LTR/ERVL-MaLR	1012	-	197	90097750	20196
chr2	90077554	90277554	harbor1	chr2	90124175	90124524	LTR/ERVL-MaLR	2191	-	174	90124349	46795
chr2	90077554	90277554	harbor1	chr2	90124526	90126100	LTR/ERVL-MaLR	11883	-	787	90125313	47759
chr2	90077554	90277554	harbor1	chr2	90126101	90126370	LTR/ERVL-MaLR	1315	-	134	90126235	48681
chr2	90077554	90277554	harbor1	chr2	90138659	90138863	LTR/ERVL-MaLR	508	-	102	90138761	61207
chr2	90077554	90277554	harbor1	chr2	90143476	90143595	LTR/ERVL-MaLR	406	-	60	90143536	65982
chr2	90077554	90277554	harbor1	chr2	90151720	90152109	LTR/ERVL-MaLR	1205	-	194	90151914	74360
chr2	90077554	90277554	harbor1	chr2	90157812	90157967	LTR/ERVL-MaLR	609	-	78	90157890	80336
chr2	28248505	28448505	harbor1	chr2	28267496	28267712	LTR/ERVL-MaLR	709	-	108	28267604	19099
chr2	28248505	28448505	harbor1	chr2	28267725	28267844	LTR/ERVL-MaLR	505	-	60	28267785	19280
chr2	28248505	28448505	harbor1	chr2	28292478	28292801	LTR/ERVL-MaLR	476	-	162	28292640	44135
chr2	28248505	28448505	harbor1	chr2	28308930	28309324	LTR/ERVL-MaLR	1416	-	197	28309127	60622
chr2	28248505	28448505	harbor1	chr2	28309372	28309489	LTR/ERVL-MaLR	459	-	58	28309430	60925
chr2	62279677	62479677	harbor1	chr2	62310218	62310346	LTR/ERVL-MaLR	1815	-	64	62310282	30605
chr2	62279677	62479677	harbor1	chr2	62310773	62311063	LTR/ERVL-MaLR	1815	-	145	62310918	31241
chr2	62279677	62479677	harbor1	chr2	62317087	62317307	LTR/ERVL-MaLR	861	-	110	62317197	37520
chr2	62279677	62479677	harbor1	chr2	62317610	62317748	LTR/ERVL-MaLR	861	-	69	62317679	38002
chr2	62279677	62479677	harbor1	chr2	62324532	62324695	LTR/ERVL-MaLR	509	-	82	62324614	44937
chr2	62279677	62479677	harbor1	chr2	62326019	62326186	LTR/ERVL-MaLR	749	-	84	62326103	46426
chr2	62279677	62479677	harbor1	chr2	62327172	62327527	LTR/ERVL-MaLR	2298	-	178	62327350	47673
chr2	62279677	62479677	harbor1	chr2	62330080	62330271	LTR/ERVL-MaLR	1216	-	96	62330176	50499
chr2	62279677	62479677	harbor1	chr2	62330436	62330807	LTR/ERVL-MaLR	2414	-	186	62330622	50945
chr2	62279677	62479677	harbor1	chr2	62331251	62331436	LTR/ERVL-MaLR	903	-	92	62331343	51666
chr2	62279677	62479677	harbor1	chr2	62338111	62338629	LTR/ERVL-MaLR	1085	-	259	62338370	58693
chr2	62279677	62479677	harbor1	chr2	62368737	62368811	LTR/ERVL-MaLR	488	-	37	62368774	89097
chr2	62279677	62479677	harbor1	chr2	62369164	62369492	LTR/ERVL-MaLR	1706	-	164	62369328	89651
chr2	2267415	2467415	harbor1	chr2	2271573	2271742	LTR/ERVL-MaLR	568	-	84	2271657	4242
chr2	2267415	2467415	harbor1	chr2	2305569	2305933	LTR/ERVL-MaLR	1912	-	182	2305751	38336
chr2	2267415	2467415	harbor1	chr2	2346690	2347024	LTR/ERVL-MaLR	2076	-	167	2346857	79442
chr2	5948330	6148330	harbor1	chr2	5957128	5957507	LTR/ERVL-MaLR	1976	-	190	5957318	8988
chr2	5948330	6148330	harbor1	chr2	5963946	5964319	LTR/ERVL-MaLR	1934	-	186	5964132	15802
chr2	5948330	6148330	harbor1	chr2	5964320	5965848	LTR/ERVL-MaLR	10884	-	764	5965084	16754
chr2	5948330	6148330	harbor1	chr2	5965850	5966214	LTR/ERVL-MaLR	1972	-	182	5966032	17702
chr2	5948330	6148330	harbor1	chr2	5979689	5979951	LTR/ERVL-MaLR	479	-	131	5979820	31490
chr2	5948330	6148330	harbor1	chr2	5998980	5999358	LTR/ERVL-MaLR	1558	-	189	5999169	50839
chr2	5948330	6148330	harbor1	chr2	6005446	6005854	LTR/ERVL-MaLR	1867	-	204	6005650	57320
chr2	140778440	140978440	harbor1	chr2	140809637	140810064	LTR/ERVL-MaLR	1078	-	214	140809851	31411
chr2	127331616	127531616	harbor1	chr2	127382879	127383274	LTR/ERVL-MaLR	2363	-	198	127383077	51461
chr2	127331616	127531616	harbor1	chr2	127389924	127390351	LTR/ERVL-MaLR	1783	-	214	127390138	58522
chr2	127331616	127531616	harbor1	chr2	127390659	127390845	LTR/ERVL-MaLR	1783	-	93	127390752	59136
chr2	127331616	127531616	harbor1	chr2	127391172	127391288	LTR/ERVL-MaLR	403	-	58	127391230	59614
chr2	127331616	127531616	harbor1	chr2	127392856	127393231	LTR/ERVL-MaLR	1786	-	188	127393044	61428
chr2	127331616	127531616	harbor1	chr2	127404878	127405319	LTR/ERVL-MaLR	581	-	220	127405098	73482
chr2	87028414	87228414	harbor1	chr2	87030632	87030899	LTR/ERVL-MaLR	492	-	134	87030766	2352
chr2	87028414	87228414	harbor1	chr2	87103224	87103571	LTR/ERVL-MaLR	1603	-	174	87103398	74984
chr2	122163960	122363960	harbor1	chr2	122185080	122185411	LTR/ERVL-MaLR	710	-	166	122185246	21286
chr2	122163960	122363960	harbor1	chr2	122204665	122205177	LTR/ERVL-MaLR	872	-	256	122204921	40961
chr2	122163960	122363960	harbor1	chr2	122214745	122215155	LTR/ERVL-MaLR	623	-	205	122214950	50990
chr2	122163960	122363960	harbor1	chr2	122216444	122216818	LTR/ERVL-MaLR	1631	-	187	122216631	52671
chr2	116212458	116412458	harbor1	chr2	116215039	116215317	LTR/ERVL-MaLR	757	-	139	116215178	2720
chr2	116212458	116412458	harbor1	chr2	116256858	116257229	LTR/ERVL-MaLR	1692	-	186	116257044	44586
chr2	116212458	116412458	harbor1	chr2	116257234	116258759	LTR/ERVL-MaLR	8824	-	762	116257996	45538
chr2	116212458	116412458	harbor1	chr2	116258761	116259132	LTR/ERVL-MaLR	1842	-	186	116258947	46489
chr2	116212458	116412458	harbor1	chr2	116259133	116259535	LTR/ERVL-MaLR	2443	-	201	116259334	46876
chr2	116212458	116412458	harbor1	chr2	116269398	116269856	LTR/ERVL-MaLR	1107	-	229	116269627	57169
chr2	197954001	198154001	harbor1	chr2	197970067	197970455	LTR/ERVL-MaLR	1736	-	194	197970261	16260
chr2	197954001	198154001	harbor1	chr2	197990435	197990748	LTR/ERVL-MaLR	1929	-	156	197990591	36590
chr2	197954001	198154001	harbor1	chr2	198048176	198048393	LTR/ERVL-MaLR	1031	-	108	198048284	94283
chr2	197954001	198154001	harbor1	chr2	198048394	198048812	LTR/ERVL-MaLR	2239	-	209	198048603	94602
chr2	197954001	198154001	harbor1	chr2	198048813	198048904	LTR/ERVL-MaLR	941	-	46	198048859	94858
chr2	169674112	169874112	harbor1	chr2	169675280	169675705	LTR/ERVL-MaLR	3149	-	212	169675492	1380
chr2	169674112	169874112	harbor1	chr2	169682172	169682739	LTR/ERVL-MaLR	1163	-	284	169682456	8344
chr2	169674112	169874112	harbor1	chr2	169686403	169686821	LTR/ERVL-MaLR	2844	-	209	169686612	12500
chr2	169674112	169874112	harbor1	chr2	169686862	169687215	LTR/ERVL-MaLR	2894	-	176	169687038	12926
chr2	169674112	169874112	harbor1	chr2	169687216	169688904	LTR/ERVL-MaLR	12289	-	844	169688060	13948
chr2	169674112	169874112	harbor1	chr2	169692248	169692444	LTR/ERVL-MaLR	1458	-	98	169692346	18234
chr2	169674112	169874112	harbor1	chr2	169692488	169692657	LTR/ERVL-MaLR	1458	-	84	169692572	18460
chr2	169674112	169874112	harbor1	chr2	169701717	169702171	LTR/ERVL-MaLR	1080	-	227	169701944	27832
chr2	169674112	169874112	harbor1	chr2	169706116	169706553	LTR/ERVL-MaLR	2311	-	218	169706334	32222
chr2	169674112	169874112	harbor1	chr2	169706859	169706897	LTR/ERVL-MaLR	2311	-	19	169706878	32766
chr2	169674112	169874112	harbor1	chr2	169707177	169707316	LTR/ERVL-MaLR	2311	-	70	169707247	33135
chr2	169674112	169874112	harbor1	chr2	169708293	169708737	LTR/ERVL-MaLR	1731	-	222	169708515	34403
chr2	169674112	169874112	harbor1	chr2	169757760	169757869	LTR/ERVL-MaLR	492	-	54	169757814	83702
chr2	169674112	169874112	harbor1	chr2	169757892	169757977	LTR/ERVL-MaLR	411	-	42	169757934	83822
chr2	169674112	169874112	harbor1	chr2	169762319	169762639	LTR/ERVL-MaLR	1211	-	160	169762479	88367
chr2	169674112	169874112	harbor1	chr2	169762946	169763048	LTR/ERVL-MaLR	1211	-	51	169762997	88885
chr2	169674112	169874112	harbor1	chr2	169688905	169689254	LTR/ERVL-MaLR	2818	-	174	169689079	14967
chr2	222830801	223030801	harbor1	chr2	222843051	222843319	LTR/ERVL-MaLR	497	-	134	222843185	12384
chr2	222830801	223030801	harbor1	chr2	222856548	222856616	LTR/ERVL-MaLR	501	-	34	222856582	25781
chr2	222830801	223030801	harbor1	chr2	222884334	222884772	LTR/ERVL-MaLR	1193	-	219	222884553	53752
chr2	16651278	16851278	harbor1	chr2	16671793	16672224	LTR/ERVL-MaLR	2635	-	216	16672009	20731
chr2	16651278	16851278	harbor1	chr2	16689295	16689890	LTR/ERVL-MaLR	1621	-	298	16689593	38315
chr2	16651278	16851278	harbor1	chr2	16700621	16700988	LTR/ERVL-MaLR	1184	-	184	16700805	49527
chr2	16651278	16851278	harbor1	chr2	16706296	16706644	LTR/ERVL-MaLR	1782	-	174	16706470	55192
chr2	16651278	16851278	harbor1	chr2	16709408	16709800	LTR/ERVL-MaLR	2047	-	196	16709604	58326
chr2	16651278	16851278	harbor1	chr2	16720710	16721072	LTR/ERVL-MaLR	1961	-	181	16720891	69613
chr2	16651278	16851278	harbor1	chr2	16738847	16739261	LTR/ERVL-MaLR	2238	-	207	16739054	87776
chr2	16651278	16851278	harbor1	chr2	16740811	16741099	LTR/ERVL-MaLR	1369	-	144	16740955	89677
chr2	33575951	33775951	harbor1	chr2	33634531	33634826	LTR/ERVL-MaLR	1589	-	148	33634679	58728
chr2	33575951	33775951	harbor1	chr2	33635138	33635200	LTR/ERVL-MaLR	1589	-	31	33635169	59218
chr2	33575951	33775951	harbor1	chr2	33645666	33645849	LTR/ERVL-MaLR	1033	-	92	33645758	69807
chr2	33575951	33775951	harbor1	chr2	33603179	33603609	LTR/ERVL-MaLR	1723	-	215	33603394	27443
chr2	53326180	53526180	harbor1	chr2	53333671	53333979	LTR/ERVL-MaLR	1582	-	154	53333825	7645
chr2	53326180	53526180	harbor1	chr2	53363120	53363380	LTR/ERVL-MaLR	578	-	130	53363250	37070
chr2	53326180	53526180	harbor1	chr2	53364089	53364453	LTR/ERVL-MaLR	2452	-	182	53364271	38091
chr2	53326180	53526180	harbor1	chr2	53367605	53367833	LTR/ERVL-MaLR	857	-	114	53367719	41539
chr2	53326180	53526180	harbor1	chr2	53403377	53403849	LTR/ERVL-MaLR	1722	-	236	53403613	77433
chr2	53326180	53526180	harbor1	chr2	53405636	53405886	LTR/ERVL-MaLR	1070	-	125	53405761	79581
chr2	19174725	19374725	harbor1	chr2	19218822	19219402	LTR/ERVL-MaLR	1969	-	290	19219112	44387
chr2	19174725	19374725	harbor1	chr2	19265994	19266384	LTR/ERVL-MaLR	651	-	195	19266189	91464
chr2	222343506	222543506	harbor1	chr2	222354518	222354878	LTR/ERVL-MaLR	1986	-	180	222354698	11192
chr2	222343506	222543506	harbor1	chr2	222354994	222355379	LTR/ERVL-MaLR	2341	-	192	222355186	11680
chr2	222343506	222543506	harbor1	chr2	222364399	222364498	LTR/ERVL-MaLR	472	-	50	222364449	20943
chr2	222343506	222543506	harbor1	chr2	222364514	222364803	LTR/ERVL-MaLR	811	-	144	222364658	21152
chr2	222343506	222543506	harbor1	chr2	222369338	222369759	LTR/ERVL-MaLR	2727	-	210	222369548	26042
chr2	222343506	222543506	harbor1	chr2	222383548	222383913	LTR/ERVL-MaLR	1321	-	182	222383730	40224
chr2	222343506	222543506	harbor1	chr2	222387041	222387205	LTR/ERVL-MaLR	572	-	82	222387123	43617
chr2	222343506	222543506	harbor1	chr2	222387206	222387579	LTR/ERVL-MaLR	1929	-	186	222387392	43886
chr2	222343506	222543506	harbor1	chr2	222387580	222387849	LTR/ERVL-MaLR	572	-	134	222387714	44208
chr2	222343506	222543506	harbor1	chr2	222395752	222396192	LTR/ERVL-MaLR	1142	-	220	222395972	52466
chr2	222343506	222543506	harbor1	chr2	222402936	222403288	LTR/ERVL-MaLR	2039	-	176	222403112	59606
chr2	222343506	222543506	harbor1	chr2	222411680	222411903	LTR/ERVL-MaLR	557	-	112	222411792	68286
chr2	222343506	222543506	harbor1	chr2	222418689	222419007	LTR/ERVL-MaLR	1560	-	159	222418848	75342
chr2	222343506	222543506	harbor1	chr2	222419244	222419378	LTR/ERVL-MaLR	1560	-	67	222419311	75805
chr2	18584961	18784961	harbor1	chr2	18591135	18591468	LTR/ERVL-MaLR	1671	-	166	18591301	6340
chr2	18584961	18784961	harbor1	chr2	18594842	18595454	LTR/ERVL-MaLR	1895	-	306	18595148	10187
chr2	18584961	18784961	harbor1	chr2	18596675	18597034	LTR/ERVL-MaLR	2033	-	180	18596855	11894
chr2	18584961	18784961	harbor1	chr2	18618320	18618565	LTR/ERVL-MaLR	1196	-	122	18618442	33481
chr2	18584961	18784961	harbor1	chr2	18618610	18618812	LTR/ERVL-MaLR	552	-	101	18618711	33750
chr2	18584961	18784961	harbor1	chr2	18656832	18657302	LTR/ERVL-MaLR	1580	-	235	18657067	72106
chr2	18584961	18784961	harbor1	chr2	18612138	18612605	LTR/ERVL-MaLR	2723	-	234	18612372	27411
chr2	137692291	137892291	harbor1	chr2	137719191	137719582	LTR/ERVL-MaLR	1714	-	196	137719387	27096
chr2	137692291	137892291	harbor1	chr2	137768032	137768236	LTR/ERVL-MaLR	1276	-	102	137768134	75843
chr2	137692291	137892291	harbor1	chr2	137768373	137768524	LTR/ERVL-MaLR	772	-	76	137768449	76158
chr2	137692291	137892291	harbor1	chr2	137781261	137781672	LTR/ERVL-MaLR	2377	-	206	137781467	89176
chr2	137692291	137892291	harbor1	chr2	137783149	137783479	LTR/ERVL-MaLR	1950	-	165	137783314	91023
chr2	137692291	137892291	harbor1	chr2	137786814	137787229	LTR/ERVL-MaLR	2179	-	208	137787022	94731
chr2	137692291	137892291	harbor1	chr2	137790046	137790406	LTR/ERVL-MaLR	2467	-	180	137790226	97935
chr2	137692291	137892291	harbor1	chr2	137790407	137791990	LTR/ERVL-MaLR	10654	-	792	137791199	98908
chr2	137692291	137892291	harbor1	chr2	137791993	137792352	LTR/ERVL-MaLR	2281	-	180	137792173	99882
chr2	86859648	87059648	harbor1	chr2	86863766	86864181	LTR/ERVL-MaLR	927	-	208	86863974	4326
chr2	86859648	87059648	harbor1	chr2	86865071	86865184	LTR/ERVL-MaLR	524	-	56	86865127	5479
chr2	86859648	87059648	harbor1	chr2	86912059	86912468	LTR/ERVL-MaLR	658	-	204	86912263	52615
chr2	86859648	87059648	harbor1	chr2	86921774	86922183	LTR/ERVL-MaLR	658	-	204	86921978	62330
chr2	167160013	167360013	harbor1	chr2	167160396	167160737	LTR/ERVL-MaLR	1961	-	170	167160566	553
chr2	167160013	167360013	harbor1	chr2	167160738	167162307	LTR/ERVL-MaLR	11282	-	784	167161522	1509
chr2	167160013	167360013	harbor1	chr2	167162308	167162651	LTR/ERVL-MaLR	2206	-	172	167162480	2467
chr2	167160013	167360013	harbor1	chr2	167166487	167166861	LTR/ERVL-MaLR	2034	-	187	167166674	6661
chr2	167160013	167360013	harbor1	chr2	167202713	167203228	LTR/ERVL-MaLR	2357	-	258	167202971	42958
chr2	167160013	167360013	harbor1	chr2	167223926	167224247	LTR/ERVL-MaLR	1030	-	160	167224086	64073
chr2	167160013	167360013	harbor1	chr2	167224544	167224600	LTR/ERVL-MaLR	1030	-	28	167224572	64559
chr3	121881931	122081931	harbor1	chr3	121958819	121959115	LTR/ERVL-MaLR	1029	-	148	121958967	77036
chr3	147666706	147866706	harbor1	chr3	147667527	147667872	LTR/ERVL-MaLR	1323	-	172	147667699	993
chr3	147666706	147866706	harbor1	chr3	147669930	147670375	LTR/ERVL-MaLR	1555	-	222	147670152	3446
chr3	147666706	147866706	harbor1	chr3	147670664	147670789	LTR/ERVL-MaLR	1555	-	62	147670726	4020
chr3	147666706	147866706	harbor1	chr3	147688575	147688911	LTR/ERVL-MaLR	2208	-	168	147688743	22037
chr3	147666706	147866706	harbor1	chr3	147688915	147689273	LTR/ERVL-MaLR	1517	-	179	147689094	22388
chr3	147666706	147866706	harbor1	chr3	147692722	147693069	LTR/ERVL-MaLR	1607	-	174	147692896	26190
chr3	147666706	147866706	harbor1	chr3	147750288	147750624	LTR/ERVL-MaLR	2018	-	168	147750456	83750
chr3	147666706	147866706	harbor1	chr3	147755949	147756295	LTR/ERVL-MaLR	993	-	173	147756122	89416
chr3	64425570	64625570	harbor1	chr3	64458932	64459284	LTR/ERVL-MaLR	2155	-	176	64459108	33538
chr3	64425570	64625570	harbor1	chr3	64465581	64465784	LTR/ERVL-MaLR	605	-	102	64465683	40113
chr3	64425570	64625570	harbor1	chr3	64487032	64487367	LTR/ERVL-MaLR	871	-	168	64487200	61630
chr3	64425570	64625570	harbor1	chr3	64492035	64492525	LTR/ERVL-MaLR	1457	-	245	64492280	66710
chr3	41084512	41284512	harbor1	chr3	41094326	41094834	LTR/ERVL-MaLR	1846	-	254	41094580	10068
chr3	41084512	41284512	harbor1	chr3	41118365	41118769	LTR/ERVL-MaLR	2395	-	202	41118567	34055
chr3	41084512	41284512	harbor1	chr3	41136494	41136524	LTR/ERVL-MaLR	1182	-	15	41136509	51997
chr3	41084512	41284512	harbor1	chr3	41136880	41137041	LTR/ERVL-MaLR	1182	-	80	41136960	52448
chr3	41084512	41284512	harbor1	chr3	41137042	41137367	LTR/ERVL-MaLR	1175	-	162	41137204	52692
chr3	41084512	41284512	harbor1	chr3	41137368	41137718	LTR/ERVL-MaLR	1182	-	175	41137543	53031
chr3	41084512	41284512	harbor1	chr3	41147287	41147633	LTR/ERVL-MaLR	778	-	173	41147460	62948
chr3	41084512	41284512	harbor1	chr3	41178866	41178964	LTR/ERVL-MaLR	661	-	49	41178915	94403
chr3	41084512	41284512	harbor1	chr3	41179130	41179260	LTR/ERVL-MaLR	661	-	65	41179195	94683
chr3	51350053	51550053	harbor1	chr3	51370708	51371166	LTR/ERVL-MaLR	934	-	229	51370937	20884
chr3	49991538	50191538	harbor1	chr3	50030579	50030874	LTR/ERVL-MaLR	1055	-	148	50030727	39189
chr3	49991538	50191538	harbor1	chr3	50031996	50032190	LTR/ERVL-MaLR	623	-	97	50032093	40555
chr3	49991538	50191538	harbor1	chr3	50052630	50052969	LTR/ERVL-MaLR	778	-	170	50052800	61262
chr3	49991538	50191538	harbor1	chr3	50073206	50073590	LTR/ERVL-MaLR	2082	-	192	50073398	81860
chr3	72242407	72442407	harbor1	chr3	72243904	72244411	LTR/ERVL-MaLR	2074	-	254	72244158	1751
chr3	72242407	72442407	harbor1	chr3	72252688	72253048	LTR/ERVL-MaLR	2607	-	180	72252868	10461
chr3	72242407	72442407	harbor1	chr3	72266963	72267322	LTR/ERVL-MaLR	2263	-	180	72267143	24736
chr3	72242407	72442407	harbor1	chr3	72287636	72287661	LTR/ERVL-MaLR	1517	-	12	72287648	45241
chr3	72242407	72442407	harbor1	chr3	72287984	72288382	LTR/ERVL-MaLR	1517	-	199	72288183	45776
chr3	72242407	72442407	harbor1	chr3	72321150	72321420	LTR/ERVL-MaLR	543	-	135	72321285	78878
chr3	72242407	72442407	harbor1	chr3	72323118	72323487	LTR/ERVL-MaLR	2247	-	184	72323302	80895
chr3	72242407	72442407	harbor1	chr3	72325592	72326124	LTR/ERVL-MaLR	940	-	266	72325858	83451
chr3	154409220	154609220	harbor1	chr3	154431892	154432104	LTR/ERVL-MaLR	2123	-	106	154431998	22778
chr3	154409220	154609220	harbor1	chr3	154432428	154432609	LTR/ERVL-MaLR	2123	-	90	154432518	23298
chr3	154409220	154609220	harbor1	chr3	154455699	154456027	LTR/ERVL-MaLR	797	-	164	154455863	46643
chr3	154409220	154609220	harbor1	chr3	154459968	154460375	LTR/ERVL-MaLR	1195	-	204	154460172	50952
chr3	148727451	148927451	harbor1	chr3	148769890	148770129	LTR/ERVL-MaLR	751	-	120	148770010	42559
chr3	188616616	188816616	harbor1	chr3	188626474	188626831	LTR/ERVL-MaLR	2017	-	178	188626652	10036
chr3	188616616	188816616	harbor1	chr3	188651506	188651850	LTR/ERVL-MaLR	2125	-	172	188651678	35062
chr3	188616616	188816616	harbor1	chr3	188701572	188701676	LTR/ERVL-MaLR	561	-	52	188701624	85008
chr3	136705744	136905744	harbor1	chr3	136707514	136707962	LTR/ERVL-MaLR	2520	-	224	136707738	1994
chr3	113017192	113217192	harbor1	chr3	113020847	113021233	LTR/ERVL-MaLR	1913	-	193	113021040	3848
chr3	113017192	113217192	harbor1	chr3	113021771	113021895	LTR/ERVL-MaLR	454	-	62	113021833	4641
chr3	113017192	113217192	harbor1	chr3	113038403	113039047	LTR/ERVL-MaLR	784	-	322	113038725	21533
chr3	113017192	113217192	harbor1	chr3	113039530	113039752	LTR/ERVL-MaLR	554	-	111	113039641	22449
chr3	113017192	113217192	harbor1	chr3	113063261	113063631	LTR/ERVL-MaLR	2023	-	185	113063446	46254
chr3	113017192	113217192	harbor1	chr3	113067545	113067956	LTR/ERVL-MaLR	2261	-	206	113067751	50559
chr3	113017192	113217192	harbor1	chr3	113090953	113091293	LTR/ERVL-MaLR	1225	-	170	113091123	73931
chr3	113017192	113217192	harbor1	chr3	113102049	113102411	LTR/ERVL-MaLR	1472	-	181	113102230	85038
chr3	130389895	130589895	harbor1	chr3	130476043	130476414	LTR/ERVL-MaLR	1344	-	186	130476229	86334
chr3	44953778	45153778	harbor1	chr3	45023411	45023783	LTR/ERVL-MaLR	2554	-	186	45023597	69819
chr3	44953778	45153778	harbor1	chr3	45042886	45042934	LTR/ERVL-MaLR	744	-	24	45042910	89132
chr3	44953778	45153778	harbor1	chr3	45043066	45043322	LTR/ERVL-MaLR	744	-	128	45043194	89416
chr3	44953778	45153778	harbor1	chr3	45043625	45043731	LTR/ERVL-MaLR	744	-	53	45043678	89900
chr3	138974591	139174591	harbor1	chr3	138988696	138988903	LTR/ERVL-MaLR	1021	-	104	138988800	14209
chr3	138974591	139174591	harbor1	chr3	138989170	138989278	LTR/ERVL-MaLR	1021	-	54	138989224	14633
chr3	138974591	139174591	harbor1	chr3	139050143	139050542	LTR/ERVL-MaLR	2054	-	200	139050343	75752
chr3	134198894	134398894	harbor1	chr3	134260917	134261337	LTR/ERVL-MaLR	2238	-	210	134261127	62233
chr3	134198894	134398894	harbor1	chr3	134261721	134262121	LTR/ERVL-MaLR	1794	-	200	134261921	63027
chr3	134198894	134398894	harbor1	chr3	134273647	134274013	LTR/ERVL-MaLR	2029	-	183	134273830	74936
chr3	134198894	134398894	harbor1	chr3	134280546	134280884	LTR/ERVL-MaLR	937	-	169	134280715	81821
chr3	134198894	134398894	harbor1	chr3	134287310	134287689	LTR/ERVL-MaLR	1792	-	190	134287500	88606
chr3	19736976	19936976	harbor1	chr3	19782060	19782146	LTR/ERVL-MaLR	612	-	43	19782103	45127
chr3	142775137	142975137	harbor1	chr3	142782428	142783092	LTR/ERVL-MaLR	1376	-	332	142782760	7623
chr3	142775137	142975137	harbor1	chr3	142815872	142816290	LTR/ERVL-MaLR	1781	-	209	142816081	40944
chr3	128494353	128694353	harbor1	chr3	128505745	128506133	LTR/ERVL-MaLR	1124	-	194	128505939	11586
chr3	128494353	128694353	harbor1	chr3	128508703	128509174	LTR/ERVL-MaLR	555	-	236	128508939	14586
chr3	128494353	128694353	harbor1	chr3	128537497	128537626	LTR/ERVL-MaLR	525	-	64	128537561	43208
chr3	128494353	128694353	harbor1	chr3	128542214	128542366	LTR/ERVL-MaLR	489	-	76	128542290	47937
chr3	128494353	128694353	harbor1	chr3	128546645	128547127	LTR/ERVL-MaLR	777	-	241	128546886	52533
chr3	128494353	128694353	harbor1	chr3	128554423	128554597	LTR/ERVL-MaLR	418	-	87	128554510	60157
chr3	128494353	128694353	harbor1	chr3	128557703	128557922	LTR/ERVL-MaLR	504	-	110	128557813	63460
chr3	128494353	128694353	harbor1	chr3	128580038	128580149	LTR/ERVL-MaLR	438	-	56	128580094	85741
chr3	128494353	128694353	harbor1	chr3	128587185	128587575	LTR/ERVL-MaLR	1776	-	195	128587380	93027
chr3	31383156	31583156	harbor1	chr3	31394530	31394945	LTR/ERVL-MaLR	785	-	208	31394738	11582
chr3	31383156	31583156	harbor1	chr3	31398882	31399251	LTR/ERVL-MaLR	621	-	184	31399066	15910
chr3	31383156	31583156	harbor1	chr3	31423582	31424079	LTR/ERVL-MaLR	1139	-	248	31423830	40674
chr3	31383156	31583156	harbor1	chr3	31426218	31426569	LTR/ERVL-MaLR	2124	-	176	31426394	43238
chr3	31383156	31583156	harbor1	chr3	31431171	31431342	LTR/ERVL-MaLR	431	-	86	31431257	48101
chr3	31383156	31583156	harbor1	chr3	31434995	31435288	LTR/ERVL-MaLR	766	-	146	31435141	51985
chr3	31383156	31583156	harbor1	chr3	31444460	31444952	LTR/ERVL-MaLR	1090	-	246	31444706	61550
chr3	31383156	31583156	harbor1	chr3	31460636	31460978	LTR/ERVL-MaLR	2118	-	171	31460807	77651
chr3	31383156	31583156	harbor1	chr3	31469089	31469417	LTR/ERVL-MaLR	429	-	164	31469253	86097
chr3	31383156	31583156	harbor1	chr3	31470502	31470877	LTR/ERVL-MaLR	1278	-	188	31470690	87534
chr3	4541244	4741244	harbor1	chr3	4543752	4544138	LTR/ERVL-MaLR	567	-	193	4543945	2701
chr3	4541244	4741244	harbor1	chr3	4557106	4557471	LTR/ERVL-MaLR	2880	-	182	4557288	16044
chr3	4541244	4741244	harbor1	chr3	4563833	4563933	LTR/ERVL-MaLR	1541	-	50	4563883	22639
chr3	4541244	4741244	harbor1	chr3	4564241	4564516	LTR/ERVL-MaLR	1541	-	138	4564379	23135
chr3	4541244	4741244	harbor1	chr3	4568785	4569128	LTR/ERVL-MaLR	1838	-	172	4568957	27713
chr3	4541244	4741244	harbor1	chr3	4592604	4592974	LTR/ERVL-MaLR	467	-	185	4592789	51545
chr3	4541244	4741244	harbor1	chr3	4594445	4594875	LTR/ERVL-MaLR	615	-	215	4594660	53416
chr3	4541244	4741244	harbor1	chr3	4595130	4595549	LTR/ERVL-MaLR	2780	-	210	4595340	54096
chr3	4541244	4741244	harbor1	chr3	4617211	4617608	LTR/ERVL-MaLR	1782	-	198	4617409	76165
chr3	4541244	4741244	harbor1	chr3	4621132	4621537	LTR/ERVL-MaLR	2429	-	202	4621334	80090
chr3	4541244	4741244	harbor1	chr3	4570903	4571248	LTR/ERVL-MaLR	479	-	172	4571075	29831
chr3	106078245	106278245	harbor1	chr3	106085989	106086142	LTR/ERVL-MaLR	824	-	76	106086065	7820
chr3	106078245	106278245	harbor1	chr3	106087359	106087564	LTR/ERVL-MaLR	1273	-	102	106087461	9216
chr3	106078245	106278245	harbor1	chr3	106151727	106151943	LTR/ERVL-MaLR	866	-	108	106151835	73590
chr3	160200097	160400097	harbor1	chr3	160199944	160200323	LTR/ERVL-MaLR	2323	-	190	160200134	37
chr3	160200097	160400097	harbor1	chr3	160204381	160204743	LTR/ERVL-MaLR	2197	-	181	160204562	4465
chr3	160200097	160400097	harbor1	chr3	160211859	160212348	LTR/ERVL-MaLR	1654	-	244	160212103	12006
chr3	26266349	26466349	harbor1	chr3	26282821	26283155	LTR/ERVL-MaLR	2056	-	167	26282988	16639
chr3	26266349	26466349	harbor1	chr3	26283156	26284725	LTR/ERVL-MaLR	11760	-	784	26283940	17591
chr3	26266349	26466349	harbor1	chr3	26284726	26285058	LTR/ERVL-MaLR	1976	-	166	26284892	18543
chr3	26266349	26466349	harbor1	chr3	26335488	26335886	LTR/ERVL-MaLR	444	-	199	26335687	69338
chr3	26266349	26466349	harbor1	chr3	26339556	26339938	LTR/ERVL-MaLR	2166	-	191	26339747	73398
chr3	26266349	26466349	harbor1	chr3	26354946	26355313	LTR/ERVL-MaLR	2504	-	184	26355130	88781
chr3	96849942	97049942	harbor1	chr3	96854861	96855380	LTR/ERVL-MaLR	1556	-	260	96855121	5179
chr3	96849942	97049942	harbor1	chr3	96881238	96881588	LTR/ERVL-MaLR	1853	-	175	96881413	31471
chr3	96849942	97049942	harbor1	chr3	96881589	96882344	LTR/ERVL-MaLR	5047	-	378	96881967	32025
chr3	96849942	97049942	harbor1	chr3	96888485	96889335	LTR/ERVL-MaLR	6252	-	425	96888910	38968
chr3	96849942	97049942	harbor1	chr3	96889336	96889684	LTR/ERVL-MaLR	1904	-	174	96889510	39568
chr3	96849942	97049942	harbor1	chr3	96891823	96892123	LTR/ERVL-MaLR	591	-	150	96891973	42031
chr3	96849942	97049942	harbor1	chr3	96895737	96895921	LTR/ERVL-MaLR	544	-	92	96895829	45887
chr3	96849942	97049942	harbor1	chr3	96898680	96898747	LTR/ERVL-MaLR	1366	-	34	96898714	48772
chr3	96849942	97049942	harbor1	chr3	96899058	96899413	LTR/ERVL-MaLR	1366	-	178	96899236	49294
chr3	96849942	97049942	harbor1	chr3	96926019	96926378	LTR/ERVL-MaLR	1931	-	180	96926199	76257
chr3	96849942	97049942	harbor1	chr3	96927814	96928188	LTR/ERVL-MaLR	1652	-	187	96928001	78059
chr3	96849942	97049942	harbor1	chr3	96929110	96929187	LTR/ERVL-MaLR	447	-	38	96929148	79206
chr3	96849942	97049942	harbor1	chr3	96926392	96927811	LTR/ERVL-MaLR	8350	-	710	96927102	77160
chr3	120835789	121035789	harbor1	chr3	120865034	120865458	LTR/ERVL-MaLR	2511	-	212	120865246	29457
chr3	120835789	121035789	harbor1	chr3	120889867	120890236	LTR/ERVL-MaLR	2370	-	184	120890051	54262
chr3	120835789	121035789	harbor1	chr3	120917864	120918335	LTR/ERVL-MaLR	1829	-	236	120918100	82311
chr3	100142998	100342998	harbor1	chr3	100151239	100151739	LTR/ERVL-MaLR	1136	-	250	100151489	8491
chr3	100142998	100342998	harbor1	chr3	100151745	100152640	LTR/ERVL-MaLR	3704	-	448	100152193	9195
chr3	100142998	100342998	harbor1	chr3	100152641	100152911	LTR/ERVL-MaLR	935	-	135	100152776	9778
chr3	100142998	100342998	harbor1	chr3	100153406	100153762	LTR/ERVL-MaLR	1697	-	178	100153584	10586
chr3	100142998	100342998	harbor1	chr3	100178841	100179223	LTR/ERVL-MaLR	2218	-	191	100179032	36034
chr3	100142998	100342998	harbor1	chr3	100179225	100180827	LTR/ERVL-MaLR	12128	-	801	100180026	37028
chr3	100142998	100342998	harbor1	chr3	100180829	100181202	LTR/ERVL-MaLR	2183	-	186	100181015	38017
chr3	67926982	68126982	harbor1	chr3	67943471	67943959	LTR/ERVL-MaLR	987	-	244	67943715	16733
chr3	67926982	68126982	harbor1	chr3	67945529	67945924	LTR/ERVL-MaLR	2381	-	198	67945727	18745
chr3	67926982	68126982	harbor1	chr3	67955156	67955542	LTR/ERVL-MaLR	1184	-	193	67955349	28367
chr3	67926982	68126982	harbor1	chr3	67964660	67965087	LTR/ERVL-MaLR	1556	-	214	67964874	37892
chr3	67926982	68126982	harbor1	chr3	67965098	67965452	LTR/ERVL-MaLR	2280	-	177	67965275	38293
chr3	67926982	68126982	harbor1	chr3	67975723	67976020	LTR/ERVL-MaLR	1236	-	148	67975871	48889
chr3	67926982	68126982	harbor1	chr3	67984476	67984922	LTR/ERVL-MaLR	1374	-	223	67984699	57717
chr3	67926982	68126982	harbor1	chr3	68001752	68002082	LTR/ERVL-MaLR	523	-	165	68001917	74935
chr3	67926982	68126982	harbor1	chr3	68023185	68023547	LTR/ERVL-MaLR	894	-	181	68023366	96384
chr3	110938623	111138623	harbor1	chr3	110948147	110948507	LTR/ERVL-MaLR	2144	-	180	110948327	9704
chr3	110938623	111138623	harbor1	chr3	110948508	110950028	LTR/ERVL-MaLR	10612	-	760	110949268	10645
chr3	110938623	111138623	harbor1	chr3	110950029	110950391	LTR/ERVL-MaLR	2118	-	181	110950210	11587
chr3	110938623	111138623	harbor1	chr3	110952431	110952741	LTR/ERVL-MaLR	1891	-	155	110952586	13963
chr3	81156579	81356579	harbor1	chr3	81159191	81159313	LTR/ERVL-MaLR	568	-	61	81159252	2673
chr3	81156579	81356579	harbor1	chr3	81161001	81161449	LTR/ERVL-MaLR	1408	-	224	81161225	4646
chr3	81156579	81356579	harbor1	chr3	81181866	81181959	LTR/ERVL-MaLR	425	-	46	81181912	25333
chr3	81156579	81356579	harbor1	chr3	81181958	81182136	LTR/ERVL-MaLR	533	-	89	81182047	25468
chr3	81156579	81356579	harbor1	chr3	81182946	81183928	LTR/ERVL-MaLR	2026	-	491	81183437	26858
chr3	81156579	81356579	harbor1	chr3	81183929	81184399	LTR/ERVL-MaLR	1641	-	235	81184164	27585
chr3	81156579	81356579	harbor1	chr3	81193899	81194249	LTR/ERVL-MaLR	1342	-	175	81194074	37495
chr3	81156579	81356579	harbor1	chr3	81194250	81194449	LTR/ERVL-MaLR	1000	-	100	81194350	37771
chr3	81156579	81356579	harbor1	chr3	81194449	81194650	LTR/ERVL-MaLR	1034	-	100	81194549	37970
chr3	81156579	81356579	harbor1	chr3	81194655	81195008	LTR/ERVL-MaLR	1003	-	176	81194831	38252
chr3	81156579	81356579	harbor1	chr3	81214372	81214495	LTR/ERVL-MaLR	673	-	62	81214434	57855
chr3	81156579	81356579	harbor1	chr3	81214496	81214674	LTR/ERVL-MaLR	944	-	89	81214585	58006
chr3	174414129	174614129	harbor1	chr3	174423442	174423818	LTR/ERVL-MaLR	2285	-	188	174423630	9501
chr3	174414129	174614129	harbor1	chr3	174428216	174428398	LTR/ERVL-MaLR	465	-	91	174428307	14178
chr3	174414129	174614129	harbor1	chr3	174431628	174432161	LTR/ERVL-MaLR	1445	-	266	174431894	17765
chr3	174414129	174614129	harbor1	chr3	174432390	174432472	LTR/ERVL-MaLR	471	-	41	174432431	18302
chr3	174414129	174614129	harbor1	chr3	174466392	174466543	LTR/ERVL-MaLR	470	-	76	174466468	52339
chr3	174414129	174614129	harbor1	chr3	174473814	174474142	LTR/ERVL-MaLR	1667	-	164	174473978	59849
chr3	174414129	174614129	harbor1	chr3	174481377	174481568	LTR/ERVL-MaLR	675	-	96	174481473	67344
chr3	174414129	174614129	harbor1	chr3	174482116	174482438	LTR/ERVL-MaLR	675	-	161	174482277	68148
chr3	174414129	174614129	harbor1	chr3	174483174	174483565	LTR/ERVL-MaLR	2057	-	196	174483370	69241
chr3	174414129	174614129	harbor1	chr3	174509358	174509396	LTR/ERVL-MaLR	514	-	19	174509377	95248
chr3	174414129	174614129	harbor1	chr3	174509725	174509894	LTR/ERVL-MaLR	677	-	84	174509809	95680
chr3	33052218	33252218	harbor1	chr3	33107925	33107987	LTR/ERVL-MaLR	702	-	31	33107956	55738
chr3	33052218	33252218	harbor1	chr3	33108284	33108697	LTR/ERVL-MaLR	702	-	206	33108490	56272
chr3	33052218	33252218	harbor1	chr3	33128800	33128973	LTR/ERVL-MaLR	566	-	86	33128886	76668
chr3	33052218	33252218	harbor1	chr3	33136430	33136468	LTR/ERVL-MaLR	599	-	19	33136449	84231
chr3	33052218	33252218	harbor1	chr3	33136586	33136909	LTR/ERVL-MaLR	1818	-	162	33136748	84530
chr3	61396810	61596810	harbor1	chr3	61404851	61405224	LTR/ERVL-MaLR	2404	-	186	61405037	8227
chr3	61396810	61596810	harbor1	chr3	61406299	61406790	LTR/ERVL-MaLR	2320	-	246	61406545	9735
chr3	61396810	61596810	harbor1	chr3	61407688	61407976	LTR/ERVL-MaLR	1311	-	144	61407832	11022
chr3	61396810	61596810	harbor1	chr3	61413005	61413358	LTR/ERVL-MaLR	2448	-	176	61413181	16371
chr3	61396810	61596810	harbor1	chr3	61414775	61414987	LTR/ERVL-MaLR	599	-	106	61414881	18071
chr3	61396810	61596810	harbor1	chr3	61415833	61416202	LTR/ERVL-MaLR	2743	-	184	61416017	19207
chr3	107906777	108106777	harbor1	chr3	107924230	107924651	LTR/ERVL-MaLR	2412	-	210	107924440	17663
chr3	107906777	108106777	harbor1	chr3	107946473	107946754	LTR/ERVL-MaLR	1232	-	140	107946613	39836
chr3	107906777	108106777	harbor1	chr3	107947264	107947530	LTR/ERVL-MaLR	617	-	133	107947397	40620
chr3	107906777	108106777	harbor1	chr3	107959200	107959613	LTR/ERVL-MaLR	1626	-	206	107959406	52629
chr3	107906777	108106777	harbor1	chr3	108002216	108002433	LTR/ERVL-MaLR	950	-	108	108002324	95547
chr3	55748133	55948133	harbor1	chr3	55823837	55824246	LTR/ERVL-MaLR	2088	-	204	55824041	75908
chr3	53951915	54151915	harbor1	chr3	53964318	53964542	LTR/ERVL-MaLR	647	-	112	53964430	12515
chr3	53951915	54151915	harbor1	chr3	53968951	53969231	LTR/ERVL-MaLR	913	-	140	53969091	17176
chr3	53951915	54151915	harbor1	chr3	53969232	53969604	LTR/ERVL-MaLR	2180	-	186	53969418	17503
chr3	53951915	54151915	harbor1	chr3	53969605	53969652	LTR/ERVL-MaLR	913	-	24	53969629	17714
chr3	53951915	54151915	harbor1	chr3	53972344	53972450	LTR/ERVL-MaLR	417	-	53	53972397	20482
chr3	53951915	54151915	harbor1	chr3	53991408	53991592	LTR/ERVL-MaLR	839	-	92	53991500	39585
chr3	53951915	54151915	harbor1	chr3	53991593	53992036	LTR/ERVL-MaLR	1902	-	222	53991815	39900
chr3	53951915	54151915	harbor1	chr3	53992037	53992319	LTR/ERVL-MaLR	839	-	141	53992178	40263
chr3	53951915	54151915	harbor1	chr3	54003997	54004292	LTR/ERVL-MaLR	511	-	148	54004145	52230
chr3	53951915	54151915	harbor1	chr3	54018518	54018879	LTR/ERVL-MaLR	2413	-	180	54018698	66783
chr3	53951915	54151915	harbor1	chr3	54022511	54022898	LTR/ERVL-MaLR	1939	-	194	54022705	70790
chr3	53951915	54151915	harbor1	chr3	54040903	54041395	LTR/ERVL-MaLR	1274	-	246	54041149	89234
chr3	53951915	54151915	harbor1	chr3	54050034	54050584	LTR/ERVL-MaLR	558	-	275	54050309	98394
chr3	53951915	54151915	harbor1	chr3	54050921	54051113	LTR/ERVL-MaLR	737	-	96	54051017	99102
chr3	143391911	143591911	harbor1	chr3	143407872	143408231	LTR/ERVL-MaLR	949	-	180	143408052	16141
chr3	143391911	143591911	harbor1	chr3	143454544	143455137	LTR/ERVL-MaLR	1784	-	296	143454840	62929
chr3	179313521	179513521	harbor1	chr3	179317241	179317431	LTR/ERVL-MaLR	616	-	95	179317336	3815
chr3	179313521	179513521	harbor1	chr3	179317723	179317755	LTR/ERVL-MaLR	616	-	16	179317739	4218
chr3	179313521	179513521	harbor1	chr3	179335538	179335775	LTR/ERVL-MaLR	1312	-	118	179335656	22135
chr3	179313521	179513521	harbor1	chr3	179336091	179336252	LTR/ERVL-MaLR	1312	-	80	179336171	22650
chr3	179313521	179513521	harbor1	chr3	179357718	179358145	LTR/ERVL-MaLR	2212	-	214	179357932	44411
chr3	179313521	179513521	harbor1	chr3	179358453	179358566	LTR/ERVL-MaLR	2212	-	56	179358509	44988
chr3	179313521	179513521	harbor1	chr3	179410381	179410764	LTR/ERVL-MaLR	1493	-	192	179410573	97052
chr3	10927688	11127688	harbor1	chr3	10963601	10964115	LTR/ERVL-MaLR	2055	-	257	10963858	36170
chr3	10927688	11127688	harbor1	chr3	10972596	10972934	LTR/ERVL-MaLR	1025	-	169	10972765	45077
chr3	10927688	11127688	harbor1	chr3	10975979	10976216	LTR/ERVL-MaLR	1065	-	118	10976097	48409
chr3	10927688	11127688	harbor1	chr3	10976404	10976427	LTR/ERVL-MaLR	1065	-	12	10976416	48728
chr3	10927688	11127688	harbor1	chr3	10990533	10991058	LTR/ERVL-MaLR	1573	-	262	10990795	63107
chr3	188111066	188311066	harbor1	chr3	188112400	188112885	LTR/ERVL-MaLR	1651	-	242	188112642	1576
chr3	188111066	188311066	harbor1	chr3	188131291	188131409	LTR/ERVL-MaLR	2354	-	59	188131350	20284
chr3	188111066	188311066	harbor1	chr3	188131691	188132047	LTR/ERVL-MaLR	2354	-	178	188131869	20803
chr3	188111066	188311066	harbor1	chr3	188132287	188132780	LTR/ERVL-MaLR	1057	-	246	188132533	21467
chr3	188111066	188311066	harbor1	chr3	188148663	188149037	LTR/ERVL-MaLR	2427	-	187	188148850	37784
chr3	188111066	188311066	harbor1	chr3	188198883	188199420	LTR/ERVL-MaLR	1706	-	268	188199151	88085
chr3	130454684	130654684	harbor1	chr3	130476043	130476414	LTR/ERVL-MaLR	1344	-	186	130476229	21545
chr3	130454684	130654684	harbor1	chr3	130495809	130496025	LTR/ERVL-MaLR	2295	-	108	130495917	41233
chr3	130454684	130654684	harbor1	chr3	130496333	130496543	LTR/ERVL-MaLR	2295	-	105	130496438	41754
chr3	130454684	130654684	harbor1	chr3	130532669	130533182	LTR/ERVL-MaLR	865	-	256	130532925	78241
chr3	130454684	130654684	harbor1	chr3	130550455	130550807	LTR/ERVL-MaLR	2631	-	176	130550631	95947
chr3	3401031	3601031	harbor1	chr3	3421794	3422318	LTR/ERVL-MaLR	1240	-	262	3422056	21025
chr3	3401031	3601031	harbor1	chr3	3422338	3422840	LTR/ERVL-MaLR	1719	-	251	3422589	21558
chr3	3401031	3601031	harbor1	chr3	3422874	3423247	LTR/ERVL-MaLR	704	-	186	3423060	22029
chr3	3401031	3601031	harbor1	chr3	3438983	3439372	LTR/ERVL-MaLR	1506	-	194	3439177	38146
chr3	3401031	3601031	harbor1	chr3	3454171	3454575	LTR/ERVL-MaLR	2538	-	202	3454373	53342
chr3	101301235	101501235	harbor1	chr3	101307353	101307729	LTR/ERVL-MaLR	2134	-	188	101307541	6306
chr3	101301235	101501235	harbor1	chr3	101307730	101309292	LTR/ERVL-MaLR	10340	-	781	101308511	7276
chr3	101301235	101501235	harbor1	chr3	101309295	101309690	LTR/ERVL-MaLR	1903	-	198	101309493	8258
chr3	101301235	101501235	harbor1	chr3	101393622	101393870	LTR/ERVL-MaLR	808	-	124	101393746	92511
chr3	16257206	16457206	harbor1	chr3	16347287	16347590	LTR/ERVL-MaLR	972	-	152	16347439	90233
chr3	16257206	16457206	harbor1	chr3	16354427	16355282	LTR/ERVL-MaLR	4729	-	428	16354855	97649
chr3	16257206	16457206	harbor1	chr3	16355283	16355627	LTR/ERVL-MaLR	1112	-	172	16355455	98249
chr3	179336704	179536704	harbor1	chr3	179357718	179358145	LTR/ERVL-MaLR	2212	-	214	179357932	21228
chr3	179336704	179536704	harbor1	chr3	179358453	179358566	LTR/ERVL-MaLR	2212	-	56	179358509	21805
chr3	179336704	179536704	harbor1	chr3	179410381	179410764	LTR/ERVL-MaLR	1493	-	192	179410573	73869
chr3	177531171	177731171	harbor1	chr3	177543620	177544014	LTR/ERVL-MaLR	2183	-	197	177543817	12646
chr3	177531171	177731171	harbor1	chr3	177571208	177571645	LTR/ERVL-MaLR	1952	-	218	177571426	40255
chr3	177531171	177731171	harbor1	chr3	177584490	177584911	LTR/ERVL-MaLR	1898	-	210	177584700	53529
chr3	177531171	177731171	harbor1	chr3	177587674	177588084	LTR/ERVL-MaLR	2578	-	205	177587879	56708
chr3	177531171	177731171	harbor1	chr3	177628123	177628491	LTR/ERVL-MaLR	2522	-	184	177628307	97136
chr3	177531171	177731171	harbor1	chr3	177569746	177570240	LTR/ERVL-MaLR	1672	-	247	177569993	38822
chr3	44866996	45066996	harbor1	chr3	44881358	44881580	LTR/ERVL-MaLR	1422	-	111	44881469	14473
chr3	44866996	45066996	harbor1	chr3	44882385	44882805	LTR/ERVL-MaLR	990	-	210	44882595	15599
chr3	44866996	45066996	harbor1	chr3	44889864	44890240	LTR/ERVL-MaLR	2195	-	188	44890052	23056
chr3	44866996	45066996	harbor1	chr3	44899655	44900042	LTR/ERVL-MaLR	860	-	194	44899849	32853
chr3	40779167	40979167	harbor1	chr3	40786233	40786664	LTR/ERVL-MaLR	1004	-	216	40786449	7282
chr3	40779167	40979167	harbor1	chr3	40795222	40795567	LTR/ERVL-MaLR	1839	-	172	40795394	16227
chr3	40779167	40979167	harbor1	chr3	40815746	40816136	LTR/ERVL-MaLR	1757	-	195	40815941	36774
chr3	40779167	40979167	harbor1	chr3	40828293	40828738	LTR/ERVL-MaLR	1144	-	222	40828515	49348
chr3	40779167	40979167	harbor1	chr3	40831104	40831483	LTR/ERVL-MaLR	936	-	190	40831294	52127
chr3	40779167	40979167	harbor1	chr3	40833889	40834105	LTR/ERVL-MaLR	460	-	108	40833997	54830
chr3	40779167	40979167	harbor1	chr3	40837482	40837859	LTR/ERVL-MaLR	1630	-	188	40837670	58503
chr3	40779167	40979167	harbor1	chr3	40837876	40839569	LTR/ERVL-MaLR	8650	-	846	40838722	59555
chr3	40779167	40979167	harbor1	chr3	40839570	40839932	LTR/ERVL-MaLR	1895	-	181	40839751	60584
chr3	67883853	68083853	harbor1	chr3	67920393	67920782	LTR/ERVL-MaLR	1309	-	194	67920587	36734
chr3	67883853	68083853	harbor1	chr3	67943471	67943959	LTR/ERVL-MaLR	987	-	244	67943715	59862
chr3	67883853	68083853	harbor1	chr3	67945529	67945924	LTR/ERVL-MaLR	2381	-	198	67945727	61874
chr3	67883853	68083853	harbor1	chr3	67955156	67955542	LTR/ERVL-MaLR	1184	-	193	67955349	71496
chr3	67883853	68083853	harbor1	chr3	67964660	67965087	LTR/ERVL-MaLR	1556	-	214	67964874	81021
chr3	67883853	68083853	harbor1	chr3	67965098	67965452	LTR/ERVL-MaLR	2280	-	177	67965275	81422
chr3	67883853	68083853	harbor1	chr3	67975723	67976020	LTR/ERVL-MaLR	1236	-	148	67975871	92018
chr3	106016667	106216667	harbor1	chr3	106035680	106036082	LTR/ERVL-MaLR	1555	-	201	106035881	19214
chr3	106016667	106216667	harbor1	chr3	106039464	106040516	LTR/ERVL-MaLR	3026	-	526	106039990	23323
chr3	106016667	106216667	harbor1	chr3	106040517	106041114	LTR/ERVL-MaLR	1667	-	298	106040815	24148
chr3	106016667	106216667	harbor1	chr3	106045125	106045527	LTR/ERVL-MaLR	2431	-	201	106045326	28659
chr3	106016667	106216667	harbor1	chr3	106076594	106076784	LTR/ERVL-MaLR	1814	-	95	106076689	60022
chr3	106016667	106216667	harbor1	chr3	106076834	106077070	LTR/ERVL-MaLR	1814	-	118	106076952	60285
chr3	106016667	106216667	harbor1	chr3	106085989	106086142	LTR/ERVL-MaLR	824	-	76	106086065	69398
chr3	106016667	106216667	harbor1	chr3	106087359	106087564	LTR/ERVL-MaLR	1273	-	102	106087461	70794
chr3	33072738	33272738	harbor1	chr3	33107925	33107987	LTR/ERVL-MaLR	702	-	31	33107956	35218
chr3	33072738	33272738	harbor1	chr3	33108284	33108697	LTR/ERVL-MaLR	702	-	206	33108490	35752
chr3	33072738	33272738	harbor1	chr3	33128800	33128973	LTR/ERVL-MaLR	566	-	86	33128886	56148
chr3	33072738	33272738	harbor1	chr3	33136430	33136468	LTR/ERVL-MaLR	599	-	19	33136449	63711
chr3	33072738	33272738	harbor1	chr3	33136586	33136909	LTR/ERVL-MaLR	1818	-	162	33136748	64010
chr3	89849106	90049106	harbor1	chr3	89890030	89890379	LTR/ERVL-MaLR	1396	-	174	89890204	41098
chr3	89849106	90049106	harbor1	chr3	89902792	89903049	LTR/ERVL-MaLR	1653	-	128	89902920	53814
chr3	89849106	90049106	harbor1	chr3	89905860	89906225	LTR/ERVL-MaLR	1553	-	182	89906042	56936
chr3	184050779	184250779	harbor1	chr3	184071182	184071533	LTR/ERVL-MaLR	2828	-	176	184071358	20579
chr3	114431362	114631362	harbor1	chr3	114473880	114474230	LTR/ERVL-MaLR	2235	-	175	114474055	42693
chr3	114431362	114631362	harbor1	chr3	114476404	114476798	LTR/ERVL-MaLR	2199	-	197	114476601	45239
chr3	96786345	96986345	harbor1	chr3	96797430	96797793	LTR/ERVL-MaLR	2055	-	182	96797612	11267
chr3	96786345	96986345	harbor1	chr3	96798245	96798667	LTR/ERVL-MaLR	858	-	211	96798456	12111
chr3	96786345	96986345	harbor1	chr3	96854861	96855380	LTR/ERVL-MaLR	1556	-	260	96855121	68776
chr3	96786345	96986345	harbor1	chr3	96881238	96881588	LTR/ERVL-MaLR	1853	-	175	96881413	95068
chr3	96786345	96986345	harbor1	chr3	96881589	96882344	LTR/ERVL-MaLR	5047	-	378	96881967	95622
chr3	56997560	57197560	harbor1	chr3	57039493	57039995	LTR/ERVL-MaLR	1776	-	251	57039744	42184
chr3	163025215	163225215	harbor1	chr3	163034352	163034766	LTR/ERVL-MaLR	1677	-	207	163034559	9344
chr3	163025215	163225215	harbor1	chr3	163041838	163042192	LTR/ERVL-MaLR	2140	-	177	163042015	16800
chr3	163025215	163225215	harbor1	chr3	163106414	163106778	LTR/ERVL-MaLR	1738	-	182	163106596	81381
chr3	163025215	163225215	harbor1	chr3	163106786	163108268	LTR/ERVL-MaLR	8705	-	741	163107527	82312
chr3	163025215	163225215	harbor1	chr3	163108269	163108618	LTR/ERVL-MaLR	1850	-	174	163108443	83228
chr3	163025215	163225215	harbor1	chr3	163124294	163124647	LTR/ERVL-MaLR	2020	-	176	163124470	99255
chr3	163025215	163225215	harbor1	chr3	163124648	163124999	LTR/ERVL-MaLR	2701	-	176	163124824	99609
chr3	106660709	106860709	harbor1	chr3	106690031	106690380	LTR/ERVL-MaLR	2171	-	174	106690205	29496
chr3	106660709	106860709	harbor1	chr3	106737801	106738160	LTR/ERVL-MaLR	1372	-	180	106737981	77272
chr3	106660709	106860709	harbor1	chr3	106742579	106742925	LTR/ERVL-MaLR	1850	-	173	106742752	82043
chr3	106660709	106860709	harbor1	chr3	106749975	106750512	LTR/ERVL-MaLR	681	-	268	106750243	89534
chr3	106660709	106860709	harbor1	chr3	106757100	106757518	LTR/ERVL-MaLR	2282	-	209	106757309	96600
chr3	75159465	75359465	harbor1	chr3	75190094	75190448	LTR/ERVL-MaLR	2000	-	177	75190271	30806
chr3	75159465	75359465	harbor1	chr3	75228800	75229275	LTR/ERVL-MaLR	1686	-	238	75229038	69573
chr3	75159465	75359465	harbor1	chr3	75240304	75240586	LTR/ERVL-MaLR	569	-	141	75240445	80980
chr3	75159465	75359465	harbor1	chr3	75257085	75257428	LTR/ERVL-MaLR	1441	-	172	75257257	97792
chr3	75159465	75359465	harbor1	chr3	75257865	75258334	LTR/ERVL-MaLR	1830	-	234	75258099	98634
chr3	122878729	123078729	harbor1	chr3	122961783	122962209	LTR/ERVL-MaLR	2008	-	213	122961996	83267
chr3	41436348	41636348	harbor1	chr3	41480663	41481033	LTR/ERVL-MaLR	2715	-	185	41480848	44500
chr3	41436348	41636348	harbor1	chr3	41515458	41515832	LTR/ERVL-MaLR	1870	-	187	41515645	79297
chr3	82953271	83153271	harbor1	chr3	82969673	82970022	LTR/ERVL-MaLR	1569	-	174	82969847	16576
chr3	82953271	83153271	harbor1	chr3	82980875	82981457	LTR/ERVL-MaLR	1402	-	291	82981166	27895
chr3	82953271	83153271	harbor1	chr3	83020256	83020714	LTR/ERVL-MaLR	1212	-	229	83020485	67214
chr3	96290901	96490901	harbor1	chr3	96294183	96294544	LTR/ERVL-MaLR	1253	-	180	96294363	3462
chr3	96290901	96490901	harbor1	chr3	96312009	96312267	LTR/ERVL-MaLR	992	-	129	96312138	21237
chr3	96290901	96490901	harbor1	chr3	96312395	96312533	LTR/ERVL-MaLR	992	-	69	96312464	21563
chr3	137170930	137370930	harbor1	chr3	137178612	137179011	LTR/ERVL-MaLR	1494	-	200	137178812	7882
chr3	137170930	137370930	harbor1	chr3	137195781	137196237	LTR/ERVL-MaLR	1652	-	228	137196009	25079
chr3	137170930	137370930	harbor1	chr3	137196241	137196761	LTR/ERVL-MaLR	1533	-	260	137196501	25571
chr3	137170930	137370930	harbor1	chr3	137200399	137200579	LTR/ERVL-MaLR	945	-	90	137200489	29559
chr3	137170930	137370930	harbor1	chr3	137219803	137220332	LTR/ERVL-MaLR	1758	-	264	137220067	49137
chr3	137170930	137370930	harbor1	chr3	137224426	137224896	LTR/ERVL-MaLR	1763	-	235	137224661	53731
chr3	137170930	137370930	harbor1	chr3	137243869	137244310	LTR/ERVL-MaLR	759	-	220	137244089	73159
chr3	137170930	137370930	harbor1	chr3	137255623	137255943	LTR/ERVL-MaLR	1206	-	160	137255783	84853
chr3	137170930	137370930	harbor1	chr3	137199403	137200398	LTR/ERVL-MaLR	3246	-	498	137199901	28971
chr3	2717033	2917033	harbor1	chr3	2723350	2723750	LTR/ERVL-MaLR	2392	-	200	2723550	6517
chr3	2717033	2917033	harbor1	chr3	2725922	2726532	LTR/ERVL-MaLR	957	-	305	2726227	9194
chr3	2717033	2917033	harbor1	chr3	2791741	2791986	LTR/ERVL-MaLR	698	-	122	2791863	74830
chr3	2717033	2917033	harbor1	chr3	2792091	2792208	LTR/ERVL-MaLR	698	-	58	2792149	75116
chr3	2717033	2917033	harbor1	chr3	2794689	2795039	LTR/ERVL-MaLR	1393	-	175	2794864	77831
chr3	27665091	27865091	harbor1	chr3	27737137	27737510	LTR/ERVL-MaLR	1903	-	186	27737323	72232
chr3	27665091	27865091	harbor1	chr3	27751057	27751424	LTR/ERVL-MaLR	2012	-	184	27751241	86150
chr3	27665091	27865091	harbor1	chr3	27762054	27762294	LTR/ERVL-MaLR	824	-	120	27762174	97083
chr3	67547228	67747228	harbor1	chr3	67559264	67559637	LTR/ERVL-MaLR	2077	-	186	67559450	12222
chr3	67547228	67747228	harbor1	chr3	67573465	67573579	LTR/ERVL-MaLR	1935	-	57	67573522	26294
chr3	67547228	67747228	harbor1	chr3	67573908	67574361	LTR/ERVL-MaLR	1935	-	226	67574134	26906
chr3	67547228	67747228	harbor1	chr3	67584646	67585000	LTR/ERVL-MaLR	2435	-	177	67584823	37595
chr3	67547228	67747228	harbor1	chr3	67602816	67603058	LTR/ERVL-MaLR	425	-	121	67602937	55709
chr3	67547228	67747228	harbor1	chr3	67641711	67642192	LTR/ERVL-MaLR	2193	-	240	67641951	94723
chr3	67547228	67747228	harbor1	chr3	67583481	67584053	LTR/ERVL-MaLR	1639	-	286	67583767	36539
chr3	124035877	124235877	harbor1	chr3	124057892	124058237	LTR/ERVL-MaLR	2036	-	172	124058064	22187
chr3	124035877	124235877	harbor1	chr3	124071491	124071811	LTR/ERVL-MaLR	1541	-	160	124071651	35774
chr3	124035877	124235877	harbor1	chr3	124087549	124087830	LTR/ERVL-MaLR	574	-	140	124087689	51812
chr3	124035877	124235877	harbor1	chr3	124111213	124111578	LTR/ERVL-MaLR	1275	-	182	124111395	75518
chr3	418916	618916	harbor1	chr3	429609	429763	LTR/ERVL-MaLR	439	-	77	429686	10770
chr3	418916	618916	harbor1	chr3	460985	461493	LTR/ERVL-MaLR	1419	-	254	461239	42323
chr3	418916	618916	harbor1	chr3	464212	464592	LTR/ERVL-MaLR	1056	-	190	464402	45486
chr3	418916	618916	harbor1	chr3	467588	467965	LTR/ERVL-MaLR	2026	-	188	467776	48860
chr3	418916	618916	harbor1	chr3	472444	472856	LTR/ERVL-MaLR	1497	-	206	472650	53734
chr3	418916	618916	harbor1	chr3	487343	487927	LTR/ERVL-MaLR	770	-	292	487635	68719
chr3	418916	618916	harbor1	chr3	489981	490330	LTR/ERVL-MaLR	1527	-	174	490155	71239
chr3	418916	618916	harbor1	chr3	498082	498604	LTR/ERVL-MaLR	782	-	261	498343	79427
chr3	96030611	96230611	harbor1	chr3	96038557	96038605	LTR/ERVL-MaLR	799	-	24	96038581	7970
chr3	96030611	96230611	harbor1	chr3	96038897	96039121	LTR/ERVL-MaLR	799	-	112	96039009	8398
chr3	96030611	96230611	harbor1	chr3	96039278	96039396	LTR/ERVL-MaLR	601	-	59	96039337	8726
chr3	96030611	96230611	harbor1	chr3	96039615	96039969	LTR/ERVL-MaLR	1506	-	177	96039792	9181
chr3	96030611	96230611	harbor1	chr3	96042176	96042285	LTR/ERVL-MaLR	1247	-	54	96042230	11619
chr3	96030611	96230611	harbor1	chr3	96042592	96042831	LTR/ERVL-MaLR	1247	-	120	96042712	12101
chr3	96030611	96230611	harbor1	chr3	96044011	96044368	LTR/ERVL-MaLR	1880	-	178	96044189	13578
chr3	96030611	96230611	harbor1	chr3	96044369	96045952	LTR/ERVL-MaLR	9495	-	792	96045161	14550
chr3	96030611	96230611	harbor1	chr3	96045953	96046308	LTR/ERVL-MaLR	2259	-	178	96046131	15520
chr3	96030611	96230611	harbor1	chr3	96050356	96050637	LTR/ERVL-MaLR	1491	-	140	96050496	19885
chr3	96030611	96230611	harbor1	chr3	96050638	96051479	LTR/ERVL-MaLR	5267	-	420	96051058	20447
chr3	96030611	96230611	harbor1	chr3	96051480	96051821	LTR/ERVL-MaLR	1860	-	170	96051650	21039
chr3	96030611	96230611	harbor1	chr3	96051822	96053377	LTR/ERVL-MaLR	10371	-	778	96052600	21989
chr3	96030611	96230611	harbor1	chr3	96053379	96053722	LTR/ERVL-MaLR	1831	-	172	96053551	22940
chr3	96030611	96230611	harbor1	chr3	96053723	96053988	LTR/ERVL-MaLR	5267	-	132	96053855	23244
chr3	96030611	96230611	harbor1	chr3	96053989	96054378	LTR/ERVL-MaLR	1868	-	194	96054183	23572
chr3	96030611	96230611	harbor1	chr3	96075978	96076431	LTR/ERVL-MaLR	1641	-	226	96076204	45593
chr3	96030611	96230611	harbor1	chr3	96059113	96059461	LTR/ERVL-MaLR	2092	-	174	96059287	28676
chr3	41917133	42117133	harbor1	chr3	41920074	41920417	LTR/ERVL-MaLR	667	-	172	41920246	3113
chr3	41917133	42117133	harbor1	chr3	41979470	41979842	LTR/ERVL-MaLR	2177	-	186	41979656	62523
chr3	41917133	42117133	harbor1	chr3	42002640	42003016	LTR/ERVL-MaLR	1584	-	188	42002828	85695
chr3	41917133	42117133	harbor1	chr3	42003317	42003418	LTR/ERVL-MaLR	1584	-	50	42003367	86234
chr3	157550891	157750891	harbor1	chr3	157562409	157562760	LTR/ERVL-MaLR	2313	-	176	157562585	11694
chr3	157550891	157750891	harbor1	chr3	157562763	157563835	LTR/ERVL-MaLR	10947	-	536	157563299	12408
chr3	157550891	157750891	harbor1	chr3	157564150	157564645	LTR/ERVL-MaLR	10947	-	248	157564398	13507
chr3	157550891	157750891	harbor1	chr3	157643672	157644087	LTR/ERVL-MaLR	2825	-	208	157643880	92989
chr3	157550891	157750891	harbor1	chr3	157645622	157645919	LTR/ERVL-MaLR	458	-	148	157645770	94879
chr3	157550891	157750891	harbor1	chr3	157648734	157649112	LTR/ERVL-MaLR	425	-	189	157648923	98032
chr3	157550891	157750891	harbor1	chr3	157564648	157565002	LTR/ERVL-MaLR	2367	-	177	157564825	13934
chr3	157550891	157750891	harbor1	chr3	157613873	157614193	LTR/ERVL-MaLR	1263	-	160	157614033	63142
chr3	154526806	154726806	harbor1	chr3	154560884	154561248	LTR/ERVL-MaLR	1365	-	182	154561066	34260
chr3	154526806	154726806	harbor1	chr3	154569967	154570113	LTR/ERVL-MaLR	831	-	73	154570040	43234
chr3	154526806	154726806	harbor1	chr3	154570226	154570594	LTR/ERVL-MaLR	2573	-	184	154570410	43604
chr3	154526806	154726806	harbor1	chr3	154573787	154574161	LTR/ERVL-MaLR	2238	-	187	154573974	47168
chr3	154526806	154726806	harbor1	chr3	154582039	154582254	LTR/ERVL-MaLR	1316	-	108	154582147	55341
chr3	154526806	154726806	harbor1	chr3	154600259	154600679	LTR/ERVL-MaLR	2509	-	210	154600469	73663
chr3	154526806	154726806	harbor1	chr3	154600680	154602294	LTR/ERVL-MaLR	9559	-	807	154601487	74681
chr3	154526806	154726806	harbor1	chr3	154602298	154602731	LTR/ERVL-MaLR	2580	-	216	154602514	75708
chr3	60961928	61161928	harbor1	chr3	60985739	60986213	LTR/ERVL-MaLR	2289	-	237	60985976	24048
chr3	60961928	61161928	harbor1	chr3	60999809	60999999	LTR/ERVL-MaLR	987	-	95	60999904	37976
chr3	60961928	61161928	harbor1	chr3	61000005	61000099	LTR/ERVL-MaLR	505	-	47	61000052	38124
chr3	60961928	61161928	harbor1	chr3	61036004	61036415	LTR/ERVL-MaLR	2348	-	206	61036210	74282
chr3	142680248	142880248	harbor1	chr3	142685353	142685808	LTR/ERVL-MaLR	762	-	228	142685581	5333
chr3	142680248	142880248	harbor1	chr3	142710021	142710263	LTR/ERVL-MaLR	582	-	121	142710142	29894
chr3	142680248	142880248	harbor1	chr3	142770827	142771228	LTR/ERVL-MaLR	2220	-	200	142771027	90779
chr3	142680248	142880248	harbor1	chr3	142772450	142772513	LTR/ERVL-MaLR	1464	-	32	142772482	92234
chr3	142680248	142880248	harbor1	chr3	142772796	142773155	LTR/ERVL-MaLR	1464	-	180	142772976	92728
chr3	185750754	185950754	harbor1	chr3	185827646	185828006	LTR/ERVL-MaLR	2428	-	180	185827826	77072
chr3	60952855	61152855	harbor1	chr3	60985739	60986213	LTR/ERVL-MaLR	2289	-	237	60985976	33121
chr3	60952855	61152855	harbor1	chr3	60999809	60999999	LTR/ERVL-MaLR	987	-	95	60999904	47049
chr3	60952855	61152855	harbor1	chr3	61000005	61000099	LTR/ERVL-MaLR	505	-	47	61000052	47197
chr3	60952855	61152855	harbor1	chr3	61036004	61036415	LTR/ERVL-MaLR	2348	-	206	61036210	83355
chr3	74724536	74924536	harbor1	chr3	74743263	74743322	LTR/ERVL-MaLR	1252	-	30	74743293	18757
chr3	74724536	74924536	harbor1	chr3	74743975	74744131	LTR/ERVL-MaLR	519	-	78	74744053	19517
chr3	74724536	74924536	harbor1	chr3	74746571	74747011	LTR/ERVL-MaLR	2507	-	220	74746791	22255
chr3	74724536	74924536	harbor1	chr3	74755467	74755687	LTR/ERVL-MaLR	521	-	110	74755577	31041
chr3	74724536	74924536	harbor1	chr3	74766073	74766360	LTR/ERVL-MaLR	753	-	144	74766217	41681
chr3	74724536	74924536	harbor1	chr3	74770917	74771200	LTR/ERVL-MaLR	785	-	142	74771059	46523
chr3	74724536	74924536	harbor1	chr3	74777086	74777469	LTR/ERVL-MaLR	517	-	192	74777278	52742
chr3	74724536	74924536	harbor1	chr3	74777789	74778021	LTR/ERVL-MaLR	525	-	116	74777905	53369
chr3	74724536	74924536	harbor1	chr3	74786307	74786673	LTR/ERVL-MaLR	1578	-	183	74786490	61954
chr3	74724536	74924536	harbor1	chr3	74791147	74791478	LTR/ERVL-MaLR	1696	-	166	74791313	66777
chr3	74724536	74924536	harbor1	chr3	74808292	74808640	LTR/ERVL-MaLR	2287	-	174	74808466	83930
chr3	74724536	74924536	harbor1	chr3	74743616	74743886	LTR/ERVL-MaLR	1252	-	135	74743751	19215
chr3	47840406	48040406	harbor1	chr3	47924604	47924816	LTR/ERVL-MaLR	1222	-	106	47924710	84304
chr3	47840406	48040406	harbor1	chr3	47925109	47925282	LTR/ERVL-MaLR	1222	-	86	47925195	84789
chr3	82523275	82723275	harbor1	chr3	82551129	82551556	LTR/ERVL-MaLR	1376	-	214	82551343	28068
chr3	82523275	82723275	harbor1	chr3	82587332	82587512	LTR/ERVL-MaLR	424	-	90	82587422	64147
chr3	82523275	82723275	harbor1	chr3	82590084	82590481	LTR/ERVL-MaLR	1457	-	198	82590282	67007
chr3	82523275	82723275	harbor1	chr3	82593849	82594201	LTR/ERVL-MaLR	1862	-	176	82594025	70750
chr3	82523275	82723275	harbor1	chr3	82594202	82595726	LTR/ERVL-MaLR	10272	-	762	82594964	71689
chr3	82523275	82723275	harbor1	chr3	82595729	82596033	LTR/ERVL-MaLR	1740	-	152	82595881	72606
chr3	145027111	145227111	harbor1	chr3	145040134	145040494	LTR/ERVL-MaLR	1922	-	180	145040314	13203
chr3	145027111	145227111	harbor1	chr3	145042186	145042553	LTR/ERVL-MaLR	1597	-	184	145042370	15259
chr3	145027111	145227111	harbor1	chr3	145053435	145053543	LTR/ERVL-MaLR	2222	-	54	145053489	26378
chr3	145027111	145227111	harbor1	chr3	145053983	145054226	LTR/ERVL-MaLR	2222	-	122	145054105	26994
chr3	145027111	145227111	harbor1	chr3	145054563	145054644	LTR/ERVL-MaLR	2222	-	40	145054603	27492
chr3	145027111	145227111	harbor1	chr3	145060344	145060699	LTR/ERVL-MaLR	1948	-	178	145060522	33411
chr3	145027111	145227111	harbor1	chr3	145060700	145062290	LTR/ERVL-MaLR	11070	-	795	145061495	34384
chr3	145027111	145227111	harbor1	chr3	145062291	145062643	LTR/ERVL-MaLR	1934	-	176	145062467	35356
chr3	145027111	145227111	harbor1	chr3	145072319	145072656	LTR/ERVL-MaLR	2556	-	168	145072487	45376
chr3	145027111	145227111	harbor1	chr3	145072657	145074222	LTR/ERVL-MaLR	11062	-	782	145073439	46328
chr3	145027111	145227111	harbor1	chr3	145074223	145074565	LTR/ERVL-MaLR	2432	-	171	145074394	47283
chr3	145027111	145227111	harbor1	chr3	145078271	145078605	LTR/ERVL-MaLR	610	-	167	145078438	51327
chr3	145027111	145227111	harbor1	chr3	145087059	145087420	LTR/ERVL-MaLR	1513	-	180	145087239	60128
chr3	145027111	145227111	harbor1	chr3	145088940	145089312	LTR/ERVL-MaLR	1241	-	186	145089126	62015
chr3	145027111	145227111	harbor1	chr3	145101263	145101568	LTR/ERVL-MaLR	522	-	152	145101415	74304
chr3	145027111	145227111	harbor1	chr3	145103712	145103868	LTR/ERVL-MaLR	489	-	78	145103790	76679
chr3	145027111	145227111	harbor1	chr3	145118652	145119002	LTR/ERVL-MaLR	1621	-	175	145118827	91716
chr3	41019031	41219031	harbor1	chr3	41024448	41024722	LTR/ERVL-MaLR	974	-	137	41024585	5554
chr3	41019031	41219031	harbor1	chr3	41054144	41054519	LTR/ERVL-MaLR	2859	-	188	41054332	35301
chr3	41019031	41219031	harbor1	chr3	41058030	41058254	LTR/ERVL-MaLR	1551	-	112	41058142	39111
chr3	41019031	41219031	harbor1	chr3	41058380	41058586	LTR/ERVL-MaLR	769	-	103	41058483	39452
chr3	41019031	41219031	harbor1	chr3	41071918	41072022	LTR/ERVL-MaLR	471	-	52	41071970	52939
chr3	41019031	41219031	harbor1	chr3	41094326	41094834	LTR/ERVL-MaLR	1846	-	254	41094580	75549
chr3	41019031	41219031	harbor1	chr3	41118365	41118769	LTR/ERVL-MaLR	2395	-	202	41118567	99536
chr3	147601964	147801964	harbor1	chr3	147628884	147629362	LTR/ERVL-MaLR	1947	-	239	147629123	27159
chr3	147601964	147801964	harbor1	chr3	147667527	147667872	LTR/ERVL-MaLR	1323	-	172	147667699	65735
chr3	147601964	147801964	harbor1	chr3	147669930	147670375	LTR/ERVL-MaLR	1555	-	222	147670152	68188
chr3	147601964	147801964	harbor1	chr3	147670664	147670789	LTR/ERVL-MaLR	1555	-	62	147670726	68762
chr3	147601964	147801964	harbor1	chr3	147688575	147688911	LTR/ERVL-MaLR	2208	-	168	147688743	86779
chr3	147601964	147801964	harbor1	chr3	147688915	147689273	LTR/ERVL-MaLR	1517	-	179	147689094	87130
chr3	147601964	147801964	harbor1	chr3	147692722	147693069	LTR/ERVL-MaLR	1607	-	174	147692896	90932
chr3	169466004	169666004	harbor1	chr3	169553584	169554018	LTR/ERVL-MaLR	1936	-	217	169553801	87797
chr3	43064910	43264910	harbor1	chr3	43097333	43097728	LTR/ERVL-MaLR	888	-	198	43097531	32621
chr3	43064910	43264910	harbor1	chr3	43109762	43110181	LTR/ERVL-MaLR	1948	-	210	43109972	45062
chr3	43064910	43264910	harbor1	chr3	43110857	43111373	LTR/ERVL-MaLR	1774	-	258	43111115	46205
chr3	43064910	43264910	harbor1	chr3	43121989	43122141	LTR/ERVL-MaLR	673	-	76	43122065	57155
chr3	43064910	43264910	harbor1	chr3	43128089	43128690	LTR/ERVL-MaLR	1974	-	300	43128389	63479
chr3	43064910	43264910	harbor1	chr3	43131031	43131315	LTR/ERVL-MaLR	1255	-	142	43131173	66263
chr3	43064910	43264910	harbor1	chr3	43131613	43131688	LTR/ERVL-MaLR	1255	-	38	43131651	66741
chr3	43064910	43264910	harbor1	chr3	43136795	43137166	LTR/ERVL-MaLR	1717	-	186	43136981	72071
chr3	43064910	43264910	harbor1	chr3	43149674	43149783	LTR/ERVL-MaLR	2125	-	54	43149728	84818
chr3	43064910	43264910	harbor1	chr3	43149784	43150160	LTR/ERVL-MaLR	2228	-	188	43149972	85062
chr3	43064910	43264910	harbor1	chr3	43150161	43150639	LTR/ERVL-MaLR	2125	-	239	43150400	85490
chr3	43064910	43264910	harbor1	chr3	43161315	43161734	LTR/ERVL-MaLR	2684	-	210	43161525	96615
chr3	153192567	153392567	harbor1	chr3	153225850	153226133	LTR/ERVL-MaLR	1244	-	142	153225992	33425
chr3	153192567	153392567	harbor1	chr3	153232534	153232638	LTR/ERVL-MaLR	570	-	52	153232586	40019
chr3	153192567	153392567	harbor1	chr3	153251784	153252204	LTR/ERVL-MaLR	2935	-	210	153251994	59427
chr3	153192567	153392567	harbor1	chr3	153266550	153266877	LTR/ERVL-MaLR	1947	-	164	153266714	74147
chr3	153192567	153392567	harbor1	chr3	153267184	153267298	LTR/ERVL-MaLR	1947	-	57	153267241	74674
chr3	153192567	153392567	harbor1	chr3	153278552	153278920	LTR/ERVL-MaLR	1679	-	184	153278736	86169
chr3	72691028	72891028	harbor1	chr3	72694153	72694464	LTR/ERVL-MaLR	663	-	156	72694309	3281
chr3	72691028	72891028	harbor1	chr3	72704720	72705132	LTR/ERVL-MaLR	753	-	206	72704926	13898
chr3	72691028	72891028	harbor1	chr3	72705255	72705321	LTR/ERVL-MaLR	1446	-	33	72705288	14260
chr3	72691028	72891028	harbor1	chr3	72705631	72705646	LTR/ERVL-MaLR	1446	-	8	72705639	14611
chr3	72691028	72891028	harbor1	chr3	72706333	72706656	LTR/ERVL-MaLR	1446	-	162	72706495	15467
chr3	72691028	72891028	harbor1	chr3	72730801	72731113	LTR/ERVL-MaLR	812	-	156	72730957	39929
chr3	72691028	72891028	harbor1	chr3	72735195	72735569	LTR/ERVL-MaLR	806	-	187	72735382	44354
chr3	72691028	72891028	harbor1	chr3	72735738	72735750	LTR/ERVL-MaLR	991	-	6	72735744	44716
chr3	72691028	72891028	harbor1	chr3	72735800	72736218	LTR/ERVL-MaLR	991	-	209	72736009	44981
chr3	72691028	72891028	harbor1	chr3	72758464	72758560	LTR/ERVL-MaLR	1874	-	48	72758512	67484
chr3	72691028	72891028	harbor1	chr3	72758867	72759246	LTR/ERVL-MaLR	1874	-	190	72759057	68029
chr3	21898228	22098228	harbor1	chr3	21898778	21898999	LTR/ERVL-MaLR	487	-	110	21898888	660
chr3	196814748	197014748	harbor1	chr3	196859377	196859594	LTR/ERVL-MaLR	1793	-	108	196859485	44737
chr3	196814748	197014748	harbor1	chr3	196859903	196860053	LTR/ERVL-MaLR	1793	-	75	196859978	45230
chr3	73898699	74098699	harbor1	chr3	73934714	73935157	LTR/ERVL-MaLR	2179	-	222	73934936	36237
chr3	73898699	74098699	harbor1	chr3	73940303	73940564	LTR/ERVL-MaLR	1217	-	130	73940433	41734
chr3	73898699	74098699	harbor1	chr3	73942575	73942950	LTR/ERVL-MaLR	1872	-	188	73942763	44064
chr3	73898699	74098699	harbor1	chr3	73958796	73958933	LTR/ERVL-MaLR	408	-	68	73958864	60165
chr3	73898699	74098699	harbor1	chr3	73958947	73959074	LTR/ERVL-MaLR	432	-	64	73959011	60312
chr3	73898699	74098699	harbor1	chr3	73985790	73986164	LTR/ERVL-MaLR	1983	-	187	73985977	87278
chr3	73898699	74098699	harbor1	chr3	73986809	73987122	LTR/ERVL-MaLR	669	-	156	73986965	88266
chr3	73898699	74098699	harbor1	chr3	73940876	73941056	LTR/ERVL-MaLR	1217	-	90	73940966	42267
chr3	35531077	35731077	harbor1	chr3	35552057	35552441	LTR/ERVL-MaLR	2302	-	192	35552249	21172
chr3	35531077	35731077	harbor1	chr3	35592982	35593356	LTR/ERVL-MaLR	612	-	187	35593169	62092
chr3	35531077	35731077	harbor1	chr3	35596624	35597010	LTR/ERVL-MaLR	1011	-	193	35596817	65740
chr3	35531077	35731077	harbor1	chr3	35601333	35601793	LTR/ERVL-MaLR	674	-	230	35601563	70486
chr3	35531077	35731077	harbor1	chr3	35617407	35617862	LTR/ERVL-MaLR	1422	-	228	35617635	86558
chr3	35531077	35731077	harbor1	chr3	35624247	35624598	LTR/ERVL-MaLR	1636	-	176	35624423	93346
chr3	193841912	194041912	harbor1	chr3	193849943	193850420	LTR/ERVL-MaLR	721	-	238	193850181	8269
chr3	193841912	194041912	harbor1	chr3	193866161	193866411	LTR/ERVL-MaLR	420	-	125	193866286	24374
chr3	193841912	194041912	harbor1	chr3	193867305	193867665	LTR/ERVL-MaLR	1447	-	180	193867485	25573
chr3	193841912	194041912	harbor1	chr3	193876425	193876776	LTR/ERVL-MaLR	1871	-	176	193876601	34689
chr3	193841912	194041912	harbor1	chr3	193901190	193901383	LTR/ERVL-MaLR	561	-	96	193901286	59374
chr3	193841912	194041912	harbor1	chr3	193907456	193907871	LTR/ERVL-MaLR	770	-	208	193907664	65752
chr3	19215286	19415286	harbor1	chr3	19218618	19219046	LTR/ERVL-MaLR	1959	-	214	19218832	3546
chr3	19215286	19415286	harbor1	chr3	19229231	19229677	LTR/ERVL-MaLR	2979	-	223	19229454	14168
chr3	19215286	19415286	harbor1	chr3	19229678	19229910	LTR/ERVL-MaLR	1708	-	116	19229794	14508
chr3	19215286	19415286	harbor1	chr3	19229911	19230257	LTR/ERVL-MaLR	1983	-	173	19230084	14798
chr3	19215286	19415286	harbor1	chr3	19257745	19258199	LTR/ERVL-MaLR	2281	-	227	19257972	42686
chr3	19215286	19415286	harbor1	chr3	19263304	19263791	LTR/ERVL-MaLR	1554	-	244	19263548	48262
chr3	19215286	19415286	harbor1	chr3	19292528	19292832	LTR/ERVL-MaLR	473	-	152	19292680	77394
chr3	150873907	151073907	harbor1	chr3	150886484	150886905	LTR/ERVL-MaLR	2239	-	210	150886694	12787
chr3	150873907	151073907	harbor1	chr3	150887443	150887480	LTR/ERVL-MaLR	2239	-	18	150887461	13554
chr3	150873907	151073907	harbor1	chr3	150887702	150887827	LTR/ERVL-MaLR	1662	-	62	150887764	13857
chr3	150873907	151073907	harbor1	chr3	150888118	150888455	LTR/ERVL-MaLR	1662	-	168	150888286	14379
chr3	150873907	151073907	harbor1	chr3	150889096	150889598	LTR/ERVL-MaLR	1838	-	251	150889347	15440
chr3	150873907	151073907	harbor1	chr3	150910302	150910892	LTR/ERVL-MaLR	2149	-	295	150910597	36690
chr3	150873907	151073907	harbor1	chr3	150911233	150911730	LTR/ERVL-MaLR	1407	-	248	150911481	37574
chr3	150873907	151073907	harbor1	chr3	150915695	150916059	LTR/ERVL-MaLR	1084	-	182	150915877	41970
chr3	150873907	151073907	harbor1	chr3	150923726	150923911	LTR/ERVL-MaLR	755	-	92	150923818	49911
chr3	150873907	151073907	harbor1	chr3	150951285	150951349	LTR/ERVL-MaLR	2277	-	32	150951317	77410
chr3	150873907	151073907	harbor1	chr3	150951638	150952003	LTR/ERVL-MaLR	2277	-	182	150951820	77913
chr3	161953290	162153290	harbor1	chr3	161988760	161989173	LTR/ERVL-MaLR	874	-	206	161988966	35676
chr3	161953290	162153290	harbor1	chr3	162030988	162031327	LTR/ERVL-MaLR	2192	-	170	162031158	77868
chr3	184835222	185035222	harbor1	chr3	184868223	184868699	LTR/ERVL-MaLR	852	-	238	184868461	33239
chr3	184835222	185035222	harbor1	chr3	184904865	184905258	LTR/ERVL-MaLR	1589	-	196	184905061	69839
chr3	184835222	185035222	harbor1	chr3	184917807	184917949	LTR/ERVL-MaLR	918	-	71	184917878	82656
chr3	184835222	185035222	harbor1	chr3	184921156	184921566	LTR/ERVL-MaLR	1271	-	205	184921361	86139
chr3	184835222	185035222	harbor1	chr3	184921865	184921934	LTR/ERVL-MaLR	1271	-	34	184921899	86677
chr3	94170260	94370260	harbor1	chr3	94171907	94172424	LTR/ERVL-MaLR	1255	-	258	94172165	1905
chr3	94170260	94370260	harbor1	chr3	94195659	94196125	LTR/ERVL-MaLR	1298	-	233	94195892	25632
chr3	94170260	94370260	harbor1	chr3	94209673	94209912	LTR/ERVL-MaLR	2102	-	120	94209793	39533
chr3	94170260	94370260	harbor1	chr3	94210368	94210559	LTR/ERVL-MaLR	2102	-	96	94210464	40204
chr3	94170260	94370260	harbor1	chr3	94213550	94213710	LTR/ERVL-MaLR	825	-	80	94213630	43370
chr3	94170260	94370260	harbor1	chr3	94215826	94216151	LTR/ERVL-MaLR	1221	-	162	94215988	45728
chr3	94170260	94370260	harbor1	chr3	94234611	94235070	LTR/ERVL-MaLR	879	-	230	94234841	64581
chr3	94170260	94370260	harbor1	chr3	94255115	94255270	LTR/ERVL-MaLR	742	-	78	94255193	84933
chr3	94170260	94370260	harbor1	chr3	94255530	94255713	LTR/ERVL-MaLR	742	-	92	94255622	85362
chr3	94170260	94370260	harbor1	chr3	94255824	94255988	LTR/ERVL-MaLR	483	-	82	94255906	85646
chr3	159359790	159559790	harbor1	chr3	159365962	159366397	LTR/ERVL-MaLR	2368	-	218	159366180	6390
chr3	159359790	159559790	harbor1	chr3	159412892	159413259	LTR/ERVL-MaLR	2248	-	184	159413076	53286
chr3	159359790	159559790	harbor1	chr3	159431971	159432286	LTR/ERVL-MaLR	1709	-	158	159432129	72339
chr3	159359790	159559790	harbor1	chr3	159432341	159432575	LTR/ERVL-MaLR	1709	-	117	159432458	72668
chr3	159359790	159559790	harbor1	chr3	159439205	159439592	LTR/ERVL-MaLR	2256	-	194	159439399	79609
chr3	132896540	133096540	harbor1	chr3	132918234	132918643	LTR/ERVL-MaLR	458	-	204	132918438	21898
chr3	132896540	133096540	harbor1	chr3	132967553	132967921	LTR/ERVL-MaLR	1998	-	184	132967737	71197
chr3	132896540	133096540	harbor1	chr3	132971894	132972051	LTR/ERVL-MaLR	489	-	78	132971972	75432
chr3	132896540	133096540	harbor1	chr3	132977534	132977709	LTR/ERVL-MaLR	658	-	88	132977622	81082
chr3	132896540	133096540	harbor1	chr3	132977725	132977977	LTR/ERVL-MaLR	691	-	126	132977851	81311
chr3	132896540	133096540	harbor1	chr3	132983336	132983483	LTR/ERVL-MaLR	467	-	74	132983410	86870
chr3	132896540	133096540	harbor1	chr3	132984779	132985321	LTR/ERVL-MaLR	1441	-	271	132985050	88510
chr3	132896540	133096540	harbor1	chr3	132987941	132988486	LTR/ERVL-MaLR	2134	-	272	132988213	91673
chr3	196375920	196575920	harbor1	chr3	196440783	196441172	LTR/ERVL-MaLR	582	-	194	196440977	65057
chr3	110166084	110366084	harbor1	chr3	110170974	110171334	LTR/ERVL-MaLR	1671	-	180	110171154	5070
chr3	110166084	110366084	harbor1	chr3	110176652	110177011	LTR/ERVL-MaLR	1482	-	180	110176832	10748
chr3	110166084	110366084	harbor1	chr3	110187691	110188077	LTR/ERVL-MaLR	2012	-	193	110187884	21800
chr3	110166084	110366084	harbor1	chr3	110188078	110188692	LTR/ERVL-MaLR	3771	-	307	110188385	22301
chr3	110166084	110366084	harbor1	chr3	110188696	110188965	LTR/ERVL-MaLR	1157	-	134	110188830	22746
chr3	110166084	110366084	harbor1	chr3	110209549	110209773	LTR/ERVL-MaLR	928	-	112	110209661	43577
chr3	110166084	110366084	harbor1	chr3	110219311	110219672	LTR/ERVL-MaLR	1564	-	180	110219491	53407
chr3	110166084	110366084	harbor1	chr3	110242917	110243278	LTR/ERVL-MaLR	1802	-	180	110243097	77013
chr3	141038788	141238788	harbor1	chr3	141048787	141049314	LTR/ERVL-MaLR	2258	-	264	141049051	10263
chr3	141038788	141238788	harbor1	chr3	141059215	141059281	LTR/ERVL-MaLR	601	-	33	141059248	20460
chr3	141038788	141238788	harbor1	chr3	141059282	141059692	LTR/ERVL-MaLR	2398	-	205	141059487	20699
chr3	141038788	141238788	harbor1	chr3	141059693	141059736	LTR/ERVL-MaLR	601	-	22	141059715	20927
chr3	141038788	141238788	harbor1	chr3	141085246	141085652	LTR/ERVL-MaLR	1277	-	203	141085449	46661
chr3	141038788	141238788	harbor1	chr3	141107002	141107246	LTR/ERVL-MaLR	524	-	122	141107124	68336
chr3	141038788	141238788	harbor1	chr3	141110487	141110872	LTR/ERVL-MaLR	1336	-	192	141110679	71891
chr3	141038788	141238788	harbor1	chr3	141098801	141099170	LTR/ERVL-MaLR	1450	-	184	141098985	60197
chr3	14418608	14618608	harbor1	chr3	14448245	14448692	LTR/ERVL-MaLR	1225	-	224	14448469	29861
chr3	144681807	144881807	harbor1	chr3	144714323	144714681	LTR/ERVL-MaLR	2218	-	179	144714502	32695
chr3	144681807	144881807	harbor1	chr3	144714687	144716254	LTR/ERVL-MaLR	11109	-	784	144715471	33664
chr3	144681807	144881807	harbor1	chr3	144716257	144716607	LTR/ERVL-MaLR	2273	-	175	144716432	34625
chr3	144681807	144881807	harbor1	chr3	144737002	144737480	LTR/ERVL-MaLR	582	-	239	144737241	55434
chr3	144681807	144881807	harbor1	chr3	144749520	144749628	LTR/ERVL-MaLR	825	-	54	144749574	67767
chr3	144681807	144881807	harbor1	chr3	144751212	144751416	LTR/ERVL-MaLR	825	-	102	144751314	69507
chr3	144681807	144881807	harbor1	chr3	144760735	144761143	LTR/ERVL-MaLR	1204	-	204	144760939	79132
chr3	144681807	144881807	harbor1	chr3	144779429	144779748	LTR/ERVL-MaLR	523	-	160	144779589	97782
chr3	95874243	96074243	harbor1	chr3	95899933	95900379	LTR/ERVL-MaLR	812	-	223	95900156	25913
chr3	95874243	96074243	harbor1	chr3	95905871	95906138	LTR/ERVL-MaLR	482	-	134	95906005	31762
chr3	95874243	96074243	harbor1	chr3	95934520	95935012	LTR/ERVL-MaLR	470	-	246	95934766	60523
chr3	95874243	96074243	harbor1	chr3	95935063	95936421	LTR/ERVL-MaLR	1007	-	679	95935742	61499
chr3	95874243	96074243	harbor1	chr3	95936626	95936885	LTR/ERVL-MaLR	480	-	130	95936756	62513
chr3	178121989	178321989	harbor1	chr3	178121938	178122200	LTR/ERVL-MaLR	613	-	131	178122069	80
chr3	178121989	178321989	harbor1	chr3	178130822	178131211	LTR/ERVL-MaLR	1701	-	194	178131016	9027
chr3	178121989	178321989	harbor1	chr3	178134612	178134986	LTR/ERVL-MaLR	2098	-	187	178134799	12810
chr3	178121989	178321989	harbor1	chr3	178200298	178200812	LTR/ERVL-MaLR	1267	-	257	178200555	78566
chr3	178121989	178321989	harbor1	chr3	178201639	178202049	LTR/ERVL-MaLR	1531	-	205	178201844	79855
chr3	178121989	178321989	harbor1	chr3	178205442	178205783	LTR/ERVL-MaLR	2370	-	170	178205612	83623
chr3	151518943	151718943	harbor1	chr3	151525413	151526023	LTR/ERVL-MaLR	2211	-	305	151525718	6775
chr3	151518943	151718943	harbor1	chr3	151566406	151566754	LTR/ERVL-MaLR	575	-	174	151566580	47637
chr3	151518943	151718943	harbor1	chr3	151610631	151610985	LTR/ERVL-MaLR	1208	-	177	151610808	91865
chr3	151518943	151718943	harbor1	chr3	151616784	151616976	LTR/ERVL-MaLR	1225	-	96	151616880	97937
chr3	130864516	131064516	harbor1	chr3	130874556	130874740	LTR/ERVL-MaLR	435	-	92	130874648	10132
chr3	130864516	131064516	harbor1	chr3	130944332	130944651	LTR/ERVL-MaLR	1002	-	160	130944492	79976
chr3	134598251	134798251	harbor1	chr3	134657032	134657382	LTR/ERVL-MaLR	2621	-	175	134657207	58956
chr3	134598251	134798251	harbor1	chr3	134683543	134684075	LTR/ERVL-MaLR	979	-	266	134683809	85558
chr3	118264899	118464899	harbor1	chr3	118274116	118274487	LTR/ERVL-MaLR	1783	-	186	118274302	9403
chr3	117409893	117609893	harbor1	chr3	117493485	117493863	LTR/ERVL-MaLR	2218	-	189	117493674	83781
chr3	117409893	117609893	harbor1	chr3	117500433	117500798	LTR/ERVL-MaLR	2183	-	182	117500615	90722
chr3	65007705	65207705	harbor1	chr3	65007652	65007942	LTR/ERVL-MaLR	711	-	145	65007797	92
chr3	65007705	65207705	harbor1	chr3	65049972	65050458	LTR/ERVL-MaLR	1967	-	243	65050215	42510
chr3	65007705	65207705	harbor1	chr3	65071880	65072329	LTR/ERVL-MaLR	931	-	224	65072104	64399
chr3	65007705	65207705	harbor1	chr3	65072622	65073003	LTR/ERVL-MaLR	2668	-	190	65072812	65107
chr3	143604669	143804669	harbor1	chr3	143634980	143635435	LTR/ERVL-MaLR	1013	-	228	143635208	30539
chr3	143604669	143804669	harbor1	chr3	143682535	143683039	LTR/ERVL-MaLR	2102	-	252	143682787	78118
chr3	13169611	13369611	harbor1	chr3	13175611	13175981	LTR/ERVL-MaLR	1258	-	185	13175796	6185
chr3	13169611	13369611	harbor1	chr3	13178409	13178613	LTR/ERVL-MaLR	516	-	102	13178511	8900
chr3	13169611	13369611	harbor1	chr3	13187682	13188033	LTR/ERVL-MaLR	1714	-	176	13187858	18247
chr3	13169611	13369611	harbor1	chr3	13193876	13194230	LTR/ERVL-MaLR	1296	-	177	13194053	24442
chr3	13169611	13369611	harbor1	chr3	13231316	13231625	LTR/ERVL-MaLR	1057	-	154	13231470	61859
chr3	13169611	13369611	harbor1	chr3	13244993	13245485	LTR/ERVL-MaLR	1636	-	246	13245239	75628
chr3	13169611	13369611	harbor1	chr3	13245786	13245839	LTR/ERVL-MaLR	1636	-	26	13245812	76201
chr3	13169611	13369611	harbor1	chr3	13265473	13265970	LTR/ERVL-MaLR	889	-	248	13265721	96110
chr3	77208102	77408102	harbor1	chr3	77250596	77250976	LTR/ERVL-MaLR	1661	-	190	77250786	42684
chr3	77208102	77408102	harbor1	chr3	77250989	77251598	LTR/ERVL-MaLR	1118	-	304	77251293	43191
chr3	77208102	77408102	harbor1	chr3	77251945	77252369	LTR/ERVL-MaLR	1676	-	212	77252157	44055
chr3	77208102	77408102	harbor1	chr3	77272215	77272602	LTR/ERVL-MaLR	2226	-	194	77272409	64307
chr3	77208102	77408102	harbor1	chr3	77276706	77277055	LTR/ERVL-MaLR	2202	-	174	77276880	68778
chr3	77208102	77408102	harbor1	chr3	77299354	77299714	LTR/ERVL-MaLR	2640	-	180	77299534	91432
chr3	57200723	57400723	harbor1	chr3	57238920	57239279	LTR/ERVL-MaLR	2291	-	180	57239100	38377
chr3	57200723	57400723	harbor1	chr3	57290076	57290579	LTR/ERVL-MaLR	1735	-	252	57290328	89605
chr3	189250636	189450636	harbor1	chr3	189262646	189263186	LTR/ERVL-MaLR	1851	-	270	189262916	12280
chr3	23177231	23377231	harbor1	chr3	23199446	23199933	LTR/ERVL-MaLR	1730	-	244	23199690	22459
chr3	53164761	53364761	harbor1	chr3	53211673	53212065	LTR/ERVL-MaLR	2215	-	196	53211869	47108
chr3	53164761	53364761	harbor1	chr3	53216712	53217039	LTR/ERVL-MaLR	1935	-	164	53216876	52115
chr3	16004685	16204685	harbor1	chr3	16005757	16005931	LTR/ERVL-MaLR	2098	-	87	16005844	1159
chr3	16004685	16204685	harbor1	chr3	16006246	16006442	LTR/ERVL-MaLR	2098	-	98	16006344	1659
chr3	16004685	16204685	harbor1	chr3	16028954	16029433	LTR/ERVL-MaLR	651	-	240	16029194	24509
chr3	16004685	16204685	harbor1	chr3	16061417	16061857	LTR/ERVL-MaLR	2110	-	220	16061637	56952
chr3	16004685	16204685	harbor1	chr3	16066840	16066959	LTR/ERVL-MaLR	445	-	60	16066900	62215
chr3	16004685	16204685	harbor1	chr3	16071992	16072369	LTR/ERVL-MaLR	2087	-	188	16072180	67495
chr3	16004685	16204685	harbor1	chr3	16076713	16077036	LTR/ERVL-MaLR	608	-	162	16076875	72190
chr3	16004685	16204685	harbor1	chr3	16078745	16079305	LTR/ERVL-MaLR	1391	-	280	16079025	74340
chr3	16004685	16204685	harbor1	chr3	16080822	16081204	LTR/ERVL-MaLR	2338	-	191	16081013	76328
chr3	16004685	16204685	harbor1	chr3	16081205	16081634	LTR/ERVL-MaLR	3137	-	214	16081419	76734
chr3	16004685	16204685	harbor1	chr3	16081620	16082512	LTR/ERVL-MaLR	5796	-	446	16082066	77381
chr3	16004685	16204685	harbor1	chr3	16082515	16082793	LTR/ERVL-MaLR	1221	-	139	16082654	77969
chr3	16004685	16204685	harbor1	chr3	16093061	16093237	LTR/ERVL-MaLR	777	-	88	16093149	88464
chr3	60987691	61187691	harbor1	chr3	60999809	60999999	LTR/ERVL-MaLR	987	-	95	60999904	12213
chr3	60987691	61187691	harbor1	chr3	61000005	61000099	LTR/ERVL-MaLR	505	-	47	61000052	12361
chr3	60987691	61187691	harbor1	chr3	61036004	61036415	LTR/ERVL-MaLR	2348	-	206	61036210	48519
chr3	60987691	61187691	harbor1	chr3	61065914	61066306	LTR/ERVL-MaLR	1744	-	196	61066110	78419
chr3	60987691	61187691	harbor1	chr3	61067176	61067221	LTR/ERVL-MaLR	497	-	22	61067198	79507
chr3	60987691	61187691	harbor1	chr3	61067842	61067956	LTR/ERVL-MaLR	497	-	57	61067899	80208
chr3	60987691	61187691	harbor1	chr3	61068101	61068688	LTR/ERVL-MaLR	2298	-	294	61068395	80704
chr3	60987691	61187691	harbor1	chr3	61081635	61081873	LTR/ERVL-MaLR	1117	-	119	61081754	94063
chr3	74771499	74971499	harbor1	chr3	74777086	74777469	LTR/ERVL-MaLR	517	-	192	74777278	5779
chr3	74771499	74971499	harbor1	chr3	74777789	74778021	LTR/ERVL-MaLR	525	-	116	74777905	6406
chr3	74771499	74971499	harbor1	chr3	74786307	74786673	LTR/ERVL-MaLR	1578	-	183	74786490	14991
chr3	74771499	74971499	harbor1	chr3	74791147	74791478	LTR/ERVL-MaLR	1696	-	166	74791313	19814
chr3	74771499	74971499	harbor1	chr3	74808292	74808640	LTR/ERVL-MaLR	2287	-	174	74808466	36967
chr3	74771499	74971499	harbor1	chr3	74832915	74833375	LTR/ERVL-MaLR	1280	-	230	74833145	61646
chr3	74771499	74971499	harbor1	chr3	74849569	74850117	LTR/ERVL-MaLR	1646	-	274	74849843	78344
chr3	74771499	74971499	harbor1	chr3	74865409	74865900	LTR/ERVL-MaLR	1039	-	246	74865655	94156
chr3	74771499	74971499	harbor1	chr3	74868529	74869000	LTR/ERVL-MaLR	522	-	236	74868765	97266
chr3	49156862	49356862	harbor1	chr3	49203958	49204274	LTR/ERVL-MaLR	993	-	158	49204116	47254
chr3	49156862	49356862	harbor1	chr3	49234479	49234658	LTR/ERVL-MaLR	717	-	90	49234569	77707
chr3	111100414	111300414	harbor1	chr3	111108543	111108943	LTR/ERVL-MaLR	2070	-	200	111108743	8329
chr3	111100414	111300414	harbor1	chr3	111108946	111109299	LTR/ERVL-MaLR	1501	-	176	111109122	8708
chr3	111100414	111300414	harbor1	chr3	111111501	111111725	LTR/ERVL-MaLR	1045	-	112	111111613	11199
chr3	111100414	111300414	harbor1	chr3	111162220	111162254	LTR/ERVL-MaLR	693	-	17	111162237	61823
chr3	111100414	111300414	harbor1	chr3	111162605	111162919	LTR/ERVL-MaLR	1004	-	157	111162762	62348
chr3	111100414	111300414	harbor1	chr3	111162929	111163478	LTR/ERVL-MaLR	647	-	274	111163203	62789
chr3	111100414	111300414	harbor1	chr3	111164470	111164889	LTR/ERVL-MaLR	1719	-	210	111164680	64266
chr3	111100414	111300414	harbor1	chr3	111165977	111166360	LTR/ERVL-MaLR	577	-	192	111166169	65755
chr3	111100414	111300414	harbor1	chr3	111190431	111190787	LTR/ERVL-MaLR	1903	-	178	111190609	90195
chr3	76601185	76801185	harbor1	chr3	76600751	76602382	LTR/ERVL-MaLR	10958	-	816	76601567	382
chr3	76601185	76801185	harbor1	chr3	76602384	76602716	LTR/ERVL-MaLR	1839	-	166	76602550	1365
chr3	76601185	76801185	harbor1	chr3	76602716	76602779	LTR/ERVL-MaLR	432	-	32	76602748	1563
chr3	76601185	76801185	harbor1	chr3	76602779	76602859	LTR/ERVL-MaLR	574	-	40	76602819	1634
chr3	76601185	76801185	harbor1	chr3	76617702	76618011	LTR/ERVL-MaLR	1603	-	154	76617856	16671
chr3	76601185	76801185	harbor1	chr3	76634061	76634290	LTR/ERVL-MaLR	1643	-	114	76634175	32990
chr3	76601185	76801185	harbor1	chr3	76634587	76634745	LTR/ERVL-MaLR	1643	-	79	76634666	33481
chr3	76601185	76801185	harbor1	chr3	76651011	76651268	LTR/ERVL-MaLR	466	-	128	76651139	49954
chr3	76601185	76801185	harbor1	chr3	76672132	76672462	LTR/ERVL-MaLR	510	-	165	76672297	71112
chr3	173250937	173450937	harbor1	chr3	173251949	173252363	LTR/ERVL-MaLR	2367	-	207	173252156	1219
chr3	173250937	173450937	harbor1	chr3	173252366	173253194	LTR/ERVL-MaLR	6564	-	414	173252780	1843
chr3	173250937	173450937	harbor1	chr3	173253496	173253857	LTR/ERVL-MaLR	6564	-	180	173253676	2739
chr3	173250937	173450937	harbor1	chr3	173255065	173255529	LTR/ERVL-MaLR	2906	-	232	173255297	4360
chr3	173250937	173450937	harbor1	chr3	173255530	173255938	LTR/ERVL-MaLR	2397	-	204	173255734	4797
chr3	173250937	173450937	harbor1	chr3	173289234	173289697	LTR/ERVL-MaLR	1886	-	232	173289466	38529
chr3	173250937	173450937	harbor1	chr3	173313389	173313552	LTR/ERVL-MaLR	527	-	82	173313471	62534
chr3	173250937	173450937	harbor1	chr3	173313815	173313983	LTR/ERVL-MaLR	572	-	84	173313899	62962
chr3	173250937	173450937	harbor1	chr3	173331514	173331850	LTR/ERVL-MaLR	1355	-	168	173331682	80745
chr3	187294463	187494463	harbor1	chr3	187298211	187298337	LTR/ERVL-MaLR	462	-	63	187298274	3811
chr3	187294463	187494463	harbor1	chr3	187325501	187325955	LTR/ERVL-MaLR	2866	-	227	187325728	31265
chr3	187294463	187494463	harbor1	chr3	187332018	187332373	LTR/ERVL-MaLR	2278	-	178	187332196	37733
chr3	187294463	187494463	harbor1	chr3	187351124	187351380	LTR/ERVL-MaLR	954	-	128	187351252	56789
chr3	187294463	187494463	harbor1	chr3	187376032	187376381	LTR/ERVL-MaLR	1876	-	174	187376206	81743
chr3	69596038	69796038	harbor1	chr3	69604358	69604711	LTR/ERVL-MaLR	438	-	176	69604534	8496
chr3	69596038	69796038	harbor1	chr3	69618512	69618841	LTR/ERVL-MaLR	1029	-	164	69618676	22638
chr3	69596038	69796038	harbor1	chr3	69661866	69662060	LTR/ERVL-MaLR	412	-	97	69661963	65925
chr3	69596038	69796038	harbor1	chr3	69668529	69668592	LTR/ERVL-MaLR	537	-	32	69668561	72523
chr3	69596038	69796038	harbor1	chr3	69668842	69669036	LTR/ERVL-MaLR	537	-	97	69668939	72901
chr3	69596038	69796038	harbor1	chr3	69680974	69681150	LTR/ERVL-MaLR	425	-	88	69681062	85024
chr3	69596038	69796038	harbor1	chr3	69689373	69689812	LTR/ERVL-MaLR	2840	-	220	69689593	93555
chr3	73821318	74021318	harbor1	chr3	73846499	73846669	LTR/ERVL-MaLR	1065	-	85	73846584	25266
chr3	73821318	74021318	harbor1	chr3	73846979	73847256	LTR/ERVL-MaLR	1065	-	138	73847117	25799
chr3	73821318	74021318	harbor1	chr3	73858413	73858714	LTR/ERVL-MaLR	1418	-	150	73858563	37245
chr3	73821318	74021318	harbor1	chr3	73878284	73878403	LTR/ERVL-MaLR	539	-	60	73878344	57026
chr3	73821318	74021318	harbor1	chr3	73881131	73881540	LTR/ERVL-MaLR	1452	-	204	73881335	60017
chr3	73821318	74021318	harbor1	chr3	73886942	73887355	LTR/ERVL-MaLR	1666	-	206	73887148	65830
chr3	181756359	181956359	harbor1	chr3	181845751	181846008	LTR/ERVL-MaLR	1010	-	128	181845879	89520
chr3	11750120	11950120	harbor1	chr3	11774582	11774870	LTR/ERVL-MaLR	1586	-	144	11774726	24606
chr3	11750120	11950120	harbor1	chr3	11775166	11775242	LTR/ERVL-MaLR	1586	-	38	11775204	25084
chr3	11750120	11950120	harbor1	chr3	11779309	11779529	LTR/ERVL-MaLR	1072	-	110	11779419	29299
chr3	11750120	11950120	harbor1	chr3	11786894	11787344	LTR/ERVL-MaLR	997	-	225	11787119	36999
chr3	171925249	172125249	harbor1	chr3	171957179	171957638	LTR/ERVL-MaLR	1835	-	230	171957409	32160
chr3	171925249	172125249	harbor1	chr3	171978365	171978844	LTR/ERVL-MaLR	2100	-	240	171978605	53356
chr3	171925249	172125249	harbor1	chr3	171989662	171989715	LTR/ERVL-MaLR	825	-	26	171989688	64439
chr3	171925249	172125249	harbor1	chr3	171990025	171990230	LTR/ERVL-MaLR	825	-	102	171990127	64878
chr3	171925249	172125249	harbor1	chr3	171990231	171990589	LTR/ERVL-MaLR	2593	-	179	171990410	65161
chr3	171925249	172125249	harbor1	chr3	171990590	171990746	LTR/ERVL-MaLR	825	-	78	171990668	65419
chr3	140474965	140674965	harbor1	chr3	140502831	140503246	LTR/ERVL-MaLR	2014	-	208	140503039	28074
chr3	140474965	140674965	harbor1	chr3	140503594	140503652	LTR/ERVL-MaLR	2014	-	29	140503623	28658
chr3	140474965	140674965	harbor1	chr3	140520266	140520637	LTR/ERVL-MaLR	2205	-	186	140520452	45487
chr3	140474965	140674965	harbor1	chr3	140534469	140534834	LTR/ERVL-MaLR	880	-	182	140534651	59686
chr3	140474965	140674965	harbor1	chr3	140535151	140535378	LTR/ERVL-MaLR	457	-	114	140535265	60300
chr3	140474965	140674965	harbor1	chr3	140554973	140555271	LTR/ERVL-MaLR	1098	-	149	140555122	80157
chr3	68757710	68957710	harbor1	chr3	68799171	68799514	LTR/ERVL-MaLR	1808	-	172	68799343	41633
chr3	68757710	68957710	harbor1	chr3	68808736	68809059	LTR/ERVL-MaLR	992	-	162	68808898	51188
chr3	68757710	68957710	harbor1	chr3	68824183	68824667	LTR/ERVL-MaLR	2106	-	242	68824425	66715
chr3	107525183	107725183	harbor1	chr3	107615316	107615652	LTR/ERVL-MaLR	1515	-	168	107615484	90301
chr3	1112153	1312153	harbor1	chr3	1145237	1145519	LTR/ERVL-MaLR	406	-	141	1145378	33225
chr3	1112153	1312153	harbor1	chr3	1148644	1149169	LTR/ERVL-MaLR	1014	-	262	1148906	36753
chr3	1112153	1312153	harbor1	chr3	1178911	1179334	LTR/ERVL-MaLR	2102	-	212	1179123	66970
chr3	1112153	1312153	harbor1	chr3	1183695	1184266	LTR/ERVL-MaLR	1321	-	286	1183981	71828
chr3	1112153	1312153	harbor1	chr3	1189956	1190367	LTR/ERVL-MaLR	1471	-	206	1190162	78009
chr3	71531421	71731421	harbor1	chr3	71613707	71614188	LTR/ERVL-MaLR	1728	-	240	71613947	82526
chr3	71531421	71731421	harbor1	chr3	71626235	71626602	LTR/ERVL-MaLR	2426	-	184	71626419	94998
chr3	110642818	110842818	harbor1	chr3	110692760	110693170	LTR/ERVL-MaLR	2684	-	205	110692965	50147
chr3	110642818	110842818	harbor1	chr3	110697743	110698043	LTR/ERVL-MaLR	1459	-	150	110697893	55075
chr3	110642818	110842818	harbor1	chr3	110699146	110699315	LTR/ERVL-MaLR	684	-	84	110699230	56412
chr3	110642818	110842818	harbor1	chr3	110703228	110703584	LTR/ERVL-MaLR	2307	-	178	110703406	60588
chr3	110642818	110842818	harbor1	chr3	110703585	110705110	LTR/ERVL-MaLR	9143	-	762	110704347	61529
chr3	110642818	110842818	harbor1	chr3	110705111	110705474	LTR/ERVL-MaLR	2543	-	182	110705293	62475
chr3	29768236	29968236	harbor1	chr3	29771620	29771994	LTR/ERVL-MaLR	2035	-	187	29771807	3571
chr3	29768236	29968236	harbor1	chr3	29816039	29816282	LTR/ERVL-MaLR	808	-	122	29816161	47925
chr3	29768236	29968236	harbor1	chr3	29816351	29816478	LTR/ERVL-MaLR	808	-	64	29816415	48179
chr3	29768236	29968236	harbor1	chr3	29826506	29826722	LTR/ERVL-MaLR	983	-	108	29826614	58378
chr3	29768236	29968236	harbor1	chr3	29867326	29867806	LTR/ERVL-MaLR	508	-	240	29867566	99330
chr3	23268000	23468000	harbor1	chr3	23280839	23281193	LTR/ERVL-MaLR	1525	-	177	23281016	13016
chr3	23268000	23468000	harbor1	chr3	23309459	23309600	LTR/ERVL-MaLR	505	-	70	23309529	41529
chr3	23268000	23468000	harbor1	chr3	23309700	23310138	LTR/ERVL-MaLR	1284	-	219	23309919	41919
chr3	23268000	23468000	harbor1	chr3	23317470	23317823	LTR/ERVL-MaLR	2140	-	176	23317646	49646
chr3	23268000	23468000	harbor1	chr3	23318454	23318829	LTR/ERVL-MaLR	2112	-	188	23318642	50642
chr3	23268000	23468000	harbor1	chr3	23320867	23321229	LTR/ERVL-MaLR	1192	-	181	23321048	53048
chr3	114431323	114631323	harbor1	chr3	114473880	114474230	LTR/ERVL-MaLR	2235	-	175	114474055	42732
chr3	114431323	114631323	harbor1	chr3	114476404	114476798	LTR/ERVL-MaLR	2199	-	197	114476601	45278
chr3	711551	911551	harbor1	chr3	732071	732420	LTR/ERVL-MaLR	2445	-	174	732245	20694
chr3	711551	911551	harbor1	chr3	734993	735132	LTR/ERVL-MaLR	552	-	70	735063	23512
chr3	711551	911551	harbor1	chr3	766856	767012	LTR/ERVL-MaLR	579	-	78	766934	55383
chr3	711551	911551	harbor1	chr3	767146	767406	LTR/ERVL-MaLR	678	-	130	767276	55725
chr3	711551	911551	harbor1	chr3	772240	772525	LTR/ERVL-MaLR	836	-	142	772382	60831
chr3	711551	911551	harbor1	chr3	773581	773709	LTR/ERVL-MaLR	523	-	64	773645	62094
chr3	711551	911551	harbor1	chr3	802891	803288	LTR/ERVL-MaLR	2185	-	198	803089	91538
chr3	26310250	26510250	harbor1	chr3	26335488	26335886	LTR/ERVL-MaLR	444	-	199	26335687	25437
chr3	26310250	26510250	harbor1	chr3	26339556	26339938	LTR/ERVL-MaLR	2166	-	191	26339747	29497
chr3	26310250	26510250	harbor1	chr3	26354946	26355313	LTR/ERVL-MaLR	2504	-	184	26355130	44880
chr3	67392911	67592911	harbor1	chr3	67437153	67437335	LTR/ERVL-MaLR	659	-	91	67437244	44333
chr3	67392911	67592911	harbor1	chr3	67453252	67453615	LTR/ERVL-MaLR	1797	-	182	67453434	60523
chr3	67392911	67592911	harbor1	chr3	67459660	67460064	LTR/ERVL-MaLR	633	-	202	67459862	66951
chr3	887525	1087525	harbor1	chr3	888747	889368	LTR/ERVL-MaLR	1530	-	310	889057	1532
chr3	887525	1087525	harbor1	chr3	905809	906182	LTR/ERVL-MaLR	2369	-	186	905995	18470
chr3	887525	1087525	harbor1	chr3	934994	935103	LTR/ERVL-MaLR	777	-	54	935048	47523
chr3	887525	1087525	harbor1	chr3	962195	962609	LTR/ERVL-MaLR	2552	-	207	962402	74877
chr3	887525	1087525	harbor1	chr3	980590	981005	LTR/ERVL-MaLR	2509	-	208	980798	93273
chr3	887525	1087525	harbor1	chr3	981197	981551	LTR/ERVL-MaLR	2196	-	177	981374	93849
chr3	178605179	178805179	harbor1	chr3	178614193	178614247	LTR/ERVL-MaLR	2370	-	27	178614220	9041
chr3	178605179	178805179	harbor1	chr3	178614359	178614651	LTR/ERVL-MaLR	2370	-	146	178614505	9326
chr3	178605179	178805179	harbor1	chr3	178620378	178620723	LTR/ERVL-MaLR	1600	-	172	178620550	15371
chr3	178605179	178805179	harbor1	chr3	178626421	178626795	LTR/ERVL-MaLR	2185	-	187	178626608	21429
chr3	178605179	178805179	harbor1	chr3	178632314	178632683	LTR/ERVL-MaLR	2570	-	184	178632498	27319
chr3	178605179	178805179	harbor1	chr3	178632684	178634287	LTR/ERVL-MaLR	10129	-	802	178633486	28307
chr3	178605179	178805179	harbor1	chr3	178634288	178634663	LTR/ERVL-MaLR	2730	-	188	178634476	29297
chr3	178605179	178805179	harbor1	chr3	178640184	178640565	LTR/ERVL-MaLR	2173	-	190	178640374	35195
chr3	178605179	178805179	harbor1	chr3	178657632	178658034	LTR/ERVL-MaLR	1490	-	201	178657833	52654
chr3	178605179	178805179	harbor1	chr3	178662907	178663316	LTR/ERVL-MaLR	695	-	204	178663111	57932
chr3	178605179	178805179	harbor1	chr3	178693999	178694357	LTR/ERVL-MaLR	2058	-	179	178694178	88999
chr3	178605179	178805179	harbor1	chr3	178694358	178695951	LTR/ERVL-MaLR	9632	-	796	178695154	89975
chr3	178605179	178805179	harbor1	chr3	178695952	178696327	LTR/ERVL-MaLR	2380	-	188	178696140	90961
chr3	38198972	38398972	harbor1	chr3	38207698	38207841	LTR/ERVL-MaLR	588	-	72	38207770	8798
chr3	38198972	38398972	harbor1	chr3	38281331	38281732	LTR/ERVL-MaLR	2344	-	200	38281531	82559
chr3	38198972	38398972	harbor1	chr3	38282877	38283362	LTR/ERVL-MaLR	1763	-	242	38283119	84147
chr3	5500909	5700909	harbor1	chr3	5538408	5538802	LTR/ERVL-MaLR	2097	-	197	5538605	37696
chr3	5500909	5700909	harbor1	chr3	5545817	5546254	LTR/ERVL-MaLR	2336	-	218	5546035	45126
chr3	5500909	5700909	harbor1	chr3	5558516	5558905	LTR/ERVL-MaLR	431	-	194	5558710	57801
chr3	5500909	5700909	harbor1	chr3	5568506	5568824	LTR/ERVL-MaLR	1424	-	159	5568665	67756
chr3	5500909	5700909	harbor1	chr3	5579925	5580472	LTR/ERVL-MaLR	504	-	274	5580199	79290
chr3	5500909	5700909	harbor1	chr3	5597084	5597263	LTR/ERVL-MaLR	873	-	90	5597174	96265
chr3	28533140	28733140	harbor1	chr3	28542675	28542806	LTR/ERVL-MaLR	717	-	66	28542741	9601
chr3	28533140	28733140	harbor1	chr3	28549534	28549895	LTR/ERVL-MaLR	1940	-	180	28549714	16574
chr3	28533140	28733140	harbor1	chr3	28553266	28553610	LTR/ERVL-MaLR	924	-	172	28553438	20298
chr3	28533140	28733140	harbor1	chr3	28594282	28594823	LTR/ERVL-MaLR	2438	-	270	28594552	61412
chr3	28533140	28733140	harbor1	chr3	28595356	28595528	LTR/ERVL-MaLR	506	-	86	28595442	62302
chr3	28533140	28733140	harbor1	chr3	28612648	28613048	LTR/ERVL-MaLR	2089	-	200	28612848	79708
chr3	11132145	11332145	harbor1	chr3	11141326	11141830	LTR/ERVL-MaLR	2430	-	252	11141578	9433
chr3	11132145	11332145	harbor1	chr3	11148355	11148765	LTR/ERVL-MaLR	1333	-	205	11148560	16415
chr3	11132145	11332145	harbor1	chr3	11193389	11193583	LTR/ERVL-MaLR	1311	-	97	11193486	61341
chr3	11132145	11332145	harbor1	chr3	11193584	11193833	LTR/ERVL-MaLR	1401	-	124	11193708	61563
chr3	11132145	11332145	harbor1	chr3	11209560	11209749	LTR/ERVL-MaLR	735	-	94	11209654	77509
chr3	11132145	11332145	harbor1	chr3	11213428	11213775	LTR/ERVL-MaLR	1205	-	174	11213602	81457
chr3	39123872	39323872	harbor1	chr3	39131536	39131960	LTR/ERVL-MaLR	2000	-	212	39131748	7876
chr3	39123872	39323872	harbor1	chr3	39163191	39163578	LTR/ERVL-MaLR	1061	-	194	39163385	39513
chr3	39123872	39323872	harbor1	chr3	39209595	39209983	LTR/ERVL-MaLR	1585	-	194	39209789	85917
chr3	20205653	20405653	harbor1	chr3	20248396	20248775	LTR/ERVL-MaLR	2793	-	190	20248586	42933
chr3	20205653	20405653	harbor1	chr3	20249276	20249694	LTR/ERVL-MaLR	2517	-	209	20249485	43832
chr3	20205653	20405653	harbor1	chr3	20249716	20249755	LTR/ERVL-MaLR	6774	-	20	20249736	44083
chr3	20205653	20405653	harbor1	chr3	20251587	20252004	LTR/ERVL-MaLR	2481	-	208	20251795	46142
chr3	20205653	20405653	harbor1	chr3	20287259	20287475	LTR/ERVL-MaLR	1336	-	108	20287367	81714
chr3	20205653	20405653	harbor1	chr3	20287474	20288871	LTR/ERVL-MaLR	7536	-	698	20288172	82519
chr3	20205653	20405653	harbor1	chr3	20289165	20289222	LTR/ERVL-MaLR	7536	-	28	20289193	83540
chr3	20205653	20405653	harbor1	chr3	20289471	20289827	LTR/ERVL-MaLR	1858	-	178	20289649	83996
chr3	20205653	20405653	harbor1	chr3	20297891	20298333	LTR/ERVL-MaLR	777	-	221	20298112	92459
chr3	20205653	20405653	harbor1	chr3	20301532	20302015	LTR/ERVL-MaLR	1775	-	242	20301774	96121
chr3	20205653	20405653	harbor1	chr3	20304963	20305315	LTR/ERVL-MaLR	2161	-	176	20305139	99486
chr3	20205653	20405653	harbor1	chr3	20250062	20251586	LTR/ERVL-MaLR	6774	-	762	20250824	45171
chr3	180719030	180919030	harbor1	chr3	180726534	180726764	LTR/ERVL-MaLR	1286	-	115	180726649	7619
chr3	180719030	180919030	harbor1	chr3	180727091	180727227	LTR/ERVL-MaLR	1286	-	68	180727159	8129
chr3	180719030	180919030	harbor1	chr3	180730389	180730742	LTR/ERVL-MaLR	2376	-	176	180730565	11535
chr3	180719030	180919030	harbor1	chr3	180769208	180769559	LTR/ERVL-MaLR	2215	-	176	180769384	50354
chr3	180719030	180919030	harbor1	chr3	180775399	180775754	LTR/ERVL-MaLR	2020	-	178	180775577	56547
chr3	180719030	180919030	harbor1	chr3	180775760	180777333	LTR/ERVL-MaLR	11337	-	786	180776546	57516
chr3	180719030	180919030	harbor1	chr3	180777334	180777695	LTR/ERVL-MaLR	2133	-	180	180777514	58484
chr3	180719030	180919030	harbor1	chr3	180815425	180815560	LTR/ERVL-MaLR	609	-	68	180815493	96463
chr4	71267573	71467573	harbor1	chr4	71321502	71321858	LTR/ERVL-MaLR	1014	-	178	71321680	54107
chr4	71267573	71467573	harbor1	chr4	71325344	71325750	LTR/ERVL-MaLR	505	-	203	71325547	57974
chr4	71267573	71467573	harbor1	chr4	71347316	71347650	LTR/ERVL-MaLR	1922	-	167	71347483	79910
chr4	71267573	71467573	harbor1	chr4	71364401	71364754	LTR/ERVL-MaLR	1587	-	176	71364577	97004
chr4	105310844	105510844	harbor1	chr4	105337149	105337276	LTR/ERVL-MaLR	525	-	64	105337213	26369
chr4	105310844	105510844	harbor1	chr4	105341287	105341886	LTR/ERVL-MaLR	1895	-	300	105341587	30743
chr4	105310844	105510844	harbor1	chr4	105364420	105364703	LTR/ERVL-MaLR	1385	-	142	105364562	53718
chr4	19250126	19450126	harbor1	chr4	19257562	19257835	LTR/ERVL-MaLR	1114	-	136	19257698	7572
chr4	19250126	19450126	harbor1	chr4	19258157	19258226	LTR/ERVL-MaLR	1114	-	34	19258191	8065
chr4	19250126	19450126	harbor1	chr4	19278554	19278950	LTR/ERVL-MaLR	1637	-	198	19278752	28626
chr4	19250126	19450126	harbor1	chr4	19279016	19279415	LTR/ERVL-MaLR	2510	-	200	19279216	29090
chr4	19250126	19450126	harbor1	chr4	19280614	19280995	LTR/ERVL-MaLR	1965	-	190	19280804	30678
chr4	19250126	19450126	harbor1	chr4	19280996	19281814	LTR/ERVL-MaLR	5369	-	409	19281405	31279
chr4	19250126	19450126	harbor1	chr4	19281860	19282242	LTR/ERVL-MaLR	1708	-	191	19282051	31925
chr4	19250126	19450126	harbor1	chr4	19319970	19320020	LTR/ERVL-MaLR	418	-	25	19319995	69869
chr4	19250126	19450126	harbor1	chr4	19320355	19320453	LTR/ERVL-MaLR	418	-	49	19320404	70278
chr4	6713772	6913772	harbor1	chr4	6714474	6714670	LTR/ERVL-MaLR	1292	-	98	6714572	800
chr4	6713772	6913772	harbor1	chr4	6714677	6715806	LTR/ERVL-MaLR	3755	-	564	6715241	1469
chr4	6713772	6913772	harbor1	chr4	6771961	6772083	LTR/ERVL-MaLR	713	-	61	6772022	58250
chr4	6713772	6913772	harbor1	chr4	6798933	6799419	LTR/ERVL-MaLR	1887	-	243	6799176	85404
chr4	177096803	177296803	harbor1	chr4	177111174	177111542	LTR/ERVL-MaLR	2366	-	184	177111358	14555
chr4	177096803	177296803	harbor1	chr4	177111544	177112900	LTR/ERVL-MaLR	8981	-	678	177112222	15419
chr4	177096803	177296803	harbor1	chr4	177112897	177113033	LTR/ERVL-MaLR	951	-	68	177112965	16162
chr4	177096803	177296803	harbor1	chr4	177115043	177115408	LTR/ERVL-MaLR	2281	-	182	177115225	18422
chr4	177096803	177296803	harbor1	chr4	177169026	177169117	LTR/ERVL-MaLR	600	-	46	177169072	72269
chr4	177096803	177296803	harbor1	chr4	177169143	177169322	LTR/ERVL-MaLR	859	-	90	177169233	72430
chr4	125200706	125400706	harbor1	chr4	125209228	125209484	LTR/ERVL-MaLR	528	-	128	125209356	8650
chr4	125200706	125400706	harbor1	chr4	125209666	125210483	LTR/ERVL-MaLR	2125	-	408	125210074	9368
chr4	125200706	125400706	harbor1	chr4	125210484	125210829	LTR/ERVL-MaLR	1021	-	172	125210656	9950
chr4	125200706	125400706	harbor1	chr4	125210830	125210994	LTR/ERVL-MaLR	2125	-	82	125210912	10206
chr4	125200706	125400706	harbor1	chr4	125211307	125211688	LTR/ERVL-MaLR	2125	-	190	125211497	10791
chr4	125200706	125400706	harbor1	chr4	125211703	125211911	LTR/ERVL-MaLR	587	-	104	125211807	11101
chr4	125200706	125400706	harbor1	chr4	125214329	125214714	LTR/ERVL-MaLR	1703	-	192	125214521	13815
chr4	160586564	160786564	harbor1	chr4	160589852	160590273	LTR/ERVL-MaLR	2066	-	210	160590062	3498
chr4	160586564	160786564	harbor1	chr4	160619858	160620223	LTR/ERVL-MaLR	1538	-	182	160620040	33476
chr4	160586564	160786564	harbor1	chr4	160612227	160612755	LTR/ERVL-MaLR	1827	-	264	160612491	25927
chr4	10124040	10324040	harbor1	chr4	10123933	10124292	LTR/ERVL-MaLR	1106	-	180	10124113	73
chr4	10124040	10324040	harbor1	chr4	10220022	10220363	LTR/ERVL-MaLR	609	-	170	10220192	96152
chr4	126541171	126741171	harbor1	chr4	126562208	126562583	LTR/ERVL-MaLR	1344	-	188	126562396	21225
chr4	126541171	126741171	harbor1	chr4	126597673	126597772	LTR/ERVL-MaLR	394	-	50	126597723	56552
chr4	126541171	126741171	harbor1	chr4	126612121	126612193	LTR/ERVL-MaLR	946	-	36	126612157	70986
chr4	126541171	126741171	harbor1	chr4	126612509	126612816	LTR/ERVL-MaLR	946	-	154	126612663	71492
chr4	126541171	126741171	harbor1	chr4	126624464	126624794	LTR/ERVL-MaLR	906	-	165	126624629	83458
chr4	126541171	126741171	harbor1	chr4	126635870	126636307	LTR/ERVL-MaLR	915	-	218	126636088	94917
chr4	20868970	21068970	harbor1	chr4	20905082	20905366	LTR/ERVL-MaLR	1451	-	142	20905224	36254
chr4	20868970	21068970	harbor1	chr4	20934776	20935218	LTR/ERVL-MaLR	1332	-	221	20934997	66027
chr4	20868970	21068970	harbor1	chr4	20952755	20953116	LTR/ERVL-MaLR	1751	-	180	20952935	83965
chr4	20868970	21068970	harbor1	chr4	20905884	20905997	LTR/ERVL-MaLR	609	-	56	20905940	36970
chr4	41954857	42154857	harbor1	chr4	41971762	41972034	LTR/ERVL-MaLR	1047	-	136	41971898	17041
chr4	41954857	42154857	harbor1	chr4	41974336	41974454	LTR/ERVL-MaLR	575	-	59	41974395	19538
chr4	41954857	42154857	harbor1	chr4	41975853	41975969	LTR/ERVL-MaLR	398	-	58	41975911	21054
chr4	41954857	42154857	harbor1	chr4	41976164	41976299	LTR/ERVL-MaLR	534	-	68	41976232	21375
chr4	41954857	42154857	harbor1	chr4	42011077	42011426	LTR/ERVL-MaLR	2050	-	174	42011251	56394
chr4	41954857	42154857	harbor1	chr4	42023703	42024073	LTR/ERVL-MaLR	2016	-	185	42023888	69031
chr4	41954857	42154857	harbor1	chr4	42031892	42032293	LTR/ERVL-MaLR	2479	-	200	42032092	77235
chr4	41954857	42154857	harbor1	chr4	42040893	42041256	LTR/ERVL-MaLR	2162	-	182	42041075	86218
chr4	66835405	67035405	harbor1	chr4	66839862	66840409	LTR/ERVL-MaLR	2087	-	274	66840136	4731
chr4	66835405	67035405	harbor1	chr4	66840527	66841030	LTR/ERVL-MaLR	1592	-	252	66840779	5374
chr4	66835405	67035405	harbor1	chr4	66855488	66855841	LTR/ERVL-MaLR	1062	-	176	66855664	20259
chr4	66835405	67035405	harbor1	chr4	66856058	66856206	LTR/ERVL-MaLR	503	-	74	66856132	20727
chr4	66835405	67035405	harbor1	chr4	66862018	66862230	LTR/ERVL-MaLR	1195	-	106	66862124	26719
chr4	66835405	67035405	harbor1	chr4	66862269	66862424	LTR/ERVL-MaLR	1195	-	78	66862347	26942
chr4	66835405	67035405	harbor1	chr4	66871720	66872111	LTR/ERVL-MaLR	1084	-	196	66871916	36511
chr4	66835405	67035405	harbor1	chr4	66932440	66932786	LTR/ERVL-MaLR	1755	-	173	66932613	97208
chr4	151923984	152123984	harbor1	chr4	151925891	151926381	LTR/ERVL-MaLR	786	-	245	151926136	2152
chr4	151923984	152123984	harbor1	chr4	151941302	151941516	LTR/ERVL-MaLR	625	-	107	151941409	17425
chr4	151923984	152123984	harbor1	chr4	151942999	151943364	LTR/ERVL-MaLR	1200	-	182	151943181	19197
chr4	151923984	152123984	harbor1	chr4	151958450	151958829	LTR/ERVL-MaLR	1846	-	190	151958640	34656
chr4	151923984	152123984	harbor1	chr4	151990700	151991098	LTR/ERVL-MaLR	2067	-	199	151990899	66915
chr4	170178744	170378744	harbor1	chr4	170213394	170213824	LTR/ERVL-MaLR	1750	-	215	170213609	34865
chr4	170178744	170378744	harbor1	chr4	170227845	170228294	LTR/ERVL-MaLR	394	-	224	170228069	49325
chr4	170178744	170378744	harbor1	chr4	170239996	170240354	LTR/ERVL-MaLR	1569	-	179	170240175	61431
chr4	172711870	172911870	harbor1	chr4	172722846	172723303	LTR/ERVL-MaLR	1851	-	228	172723074	11204
chr4	172711870	172911870	harbor1	chr4	172734420	172734758	LTR/ERVL-MaLR	2058	-	169	172734589	22719
chr4	172711870	172911870	harbor1	chr4	172771913	172772254	LTR/ERVL-MaLR	2290	-	170	172772083	60213
chr4	172711870	172911870	harbor1	chr4	172783544	172783693	LTR/ERVL-MaLR	885	-	74	172783618	71748
chr4	172711870	172911870	harbor1	chr4	172784423	172784586	LTR/ERVL-MaLR	832	-	82	172784505	72635
chr4	84394301	84594301	harbor1	chr4	84406984	84407331	LTR/ERVL-MaLR	588	-	174	84407158	12857
chr4	84394301	84594301	harbor1	chr4	84457017	84457268	LTR/ERVL-MaLR	452	-	126	84457143	62842
chr4	84394301	84594301	harbor1	chr4	84467269	84467690	LTR/ERVL-MaLR	1178	-	210	84467479	73178
chr4	84394301	84594301	harbor1	chr4	84467716	84467832	LTR/ERVL-MaLR	433	-	58	84467774	73473
chr4	84394301	84594301	harbor1	chr4	84470197	84470632	LTR/ERVL-MaLR	1340	-	218	84470415	76114
chr4	84394301	84594301	harbor1	chr4	84486766	84486912	LTR/ERVL-MaLR	842	-	73	84486839	92538
chr4	84394301	84594301	harbor1	chr4	84486912	84487131	LTR/ERVL-MaLR	493	-	110	84487022	92721
chr4	131743652	131943652	harbor1	chr4	131765204	131765490	LTR/ERVL-MaLR	1516	-	143	131765347	21695
chr4	131743652	131943652	harbor1	chr4	131787746	131788122	LTR/ERVL-MaLR	1893	-	188	131787934	44282
chr4	131743652	131943652	harbor1	chr4	131788387	131788734	LTR/ERVL-MaLR	1887	-	174	131788561	44909
chr4	131743652	131943652	harbor1	chr4	131807244	131807607	LTR/ERVL-MaLR	1925	-	182	131807426	63774
chr4	131743652	131943652	harbor1	chr4	131830857	131831257	LTR/ERVL-MaLR	975	-	200	131831057	87405
chr4	156022177	156222177	harbor1	chr4	156030588	156030830	LTR/ERVL-MaLR	796	-	121	156030709	8532
chr4	156022177	156222177	harbor1	chr4	156042784	156042981	LTR/ERVL-MaLR	1027	-	98	156042882	20705
chr4	156022177	156222177	harbor1	chr4	156043070	156043295	LTR/ERVL-MaLR	997	-	112	156043182	21005
chr4	156022177	156222177	harbor1	chr4	156043322	156043350	LTR/ERVL-MaLR	789	-	14	156043336	21159
chr4	156022177	156222177	harbor1	chr4	156043940	156044097	LTR/ERVL-MaLR	789	-	78	156044018	21841
chr4	156022177	156222177	harbor1	chr4	156070925	156071286	LTR/ERVL-MaLR	2233	-	180	156071105	48928
chr4	156022177	156222177	harbor1	chr4	156092045	156092408	LTR/ERVL-MaLR	2467	-	182	156092227	70050
chr4	156022177	156222177	harbor1	chr4	156093645	156094004	LTR/ERVL-MaLR	2549	-	180	156093825	71648
chr4	178428790	178628790	harbor1	chr4	178454723	178455353	LTR/ERVL-MaLR	707	-	315	178455038	26248
chr4	178428790	178628790	harbor1	chr4	178455400	178455797	LTR/ERVL-MaLR	1104	-	198	178455598	26808
chr4	178428790	178628790	harbor1	chr4	178459581	178460191	LTR/ERVL-MaLR	2020	-	305	178459886	31096
chr4	178428790	178628790	harbor1	chr4	178505316	178505529	LTR/ERVL-MaLR	579	-	106	178505422	76632
chr4	178428790	178628790	harbor1	chr4	178505546	178506961	LTR/ERVL-MaLR	4693	-	708	178506254	77464
chr4	178428790	178628790	harbor1	chr4	178506966	178507268	LTR/ERVL-MaLR	994	-	151	178507117	78327
chr4	122335521	122535521	harbor1	chr4	122420201	122420649	LTR/ERVL-MaLR	894	-	224	122420425	84904
chr4	81440715	81640715	harbor1	chr4	81504408	81504780	LTR/ERVL-MaLR	1557	-	186	81504594	63879
chr4	108195037	108395037	harbor1	chr4	108205689	108205732	LTR/ERVL-MaLR	616	-	22	108205711	10674
chr4	108195037	108395037	harbor1	chr4	108205733	108206085	LTR/ERVL-MaLR	2108	-	176	108205909	10872
chr4	108195037	108395037	harbor1	chr4	108206380	108206590	LTR/ERVL-MaLR	2108	-	105	108206485	11448
chr4	108195037	108395037	harbor1	chr4	108206591	108206863	LTR/ERVL-MaLR	616	-	136	108206727	11690
chr4	108195037	108395037	harbor1	chr4	108227927	108228292	LTR/ERVL-MaLR	1698	-	182	108228109	33072
chr4	108195037	108395037	harbor1	chr4	108239835	108240194	LTR/ERVL-MaLR	2152	-	180	108240015	44978
chr4	108195037	108395037	harbor1	chr4	108255299	108255782	LTR/ERVL-MaLR	1253	-	242	108255541	60504
chr4	108195037	108395037	harbor1	chr4	108281294	108281652	LTR/ERVL-MaLR	1639	-	179	108281473	86436
chr4	41379139	41579139	harbor1	chr4	41379035	41379602	LTR/ERVL-MaLR	2784	-	284	41379319	180
chr4	41379139	41579139	harbor1	chr4	41390860	41391024	LTR/ERVL-MaLR	541	-	82	41390942	11803
chr4	41379139	41579139	harbor1	chr4	41404072	41404170	LTR/ERVL-MaLR	398	-	49	41404121	24982
chr4	41379139	41579139	harbor1	chr4	41429692	41430073	LTR/ERVL-MaLR	1006	-	190	41429882	50743
chr4	41379139	41579139	harbor1	chr4	41433349	41433854	LTR/ERVL-MaLR	885	-	252	41433601	54462
chr4	41379139	41579139	harbor1	chr4	41449747	41450151	LTR/ERVL-MaLR	1996	-	202	41449949	70810
chr4	41379139	41579139	harbor1	chr4	41456669	41456944	LTR/ERVL-MaLR	1065	-	138	41456807	77668
chr4	41379139	41579139	harbor1	chr4	41467334	41467676	LTR/ERVL-MaLR	2554	-	171	41467505	88366
chr4	146126953	146326953	harbor1	chr4	146183964	146184281	LTR/ERVL-MaLR	927	-	158	146184122	57169
chr4	146126953	146326953	harbor1	chr4	146193805	146194174	LTR/ERVL-MaLR	660	-	184	146193989	67036
chr4	146126953	146326953	harbor1	chr4	146220748	146220959	LTR/ERVL-MaLR	405	-	106	146220854	93901
chr4	146126953	146326953	harbor1	chr4	146226373	146226733	LTR/ERVL-MaLR	1793	-	180	146226553	99600
chr4	19930301	20130301	harbor1	chr4	19934054	19934319	LTR/ERVL-MaLR	713	-	132	19934186	3885
chr4	19930301	20130301	harbor1	chr4	19937444	19937799	LTR/ERVL-MaLR	825	-	178	19937622	7321
chr4	19930301	20130301	harbor1	chr4	19958126	19958491	LTR/ERVL-MaLR	2168	-	182	19958308	28007
chr4	19930301	20130301	harbor1	chr4	19962898	19963254	LTR/ERVL-MaLR	1630	-	178	19963076	32775
chr4	19930301	20130301	harbor1	chr4	19964486	19964858	LTR/ERVL-MaLR	1842	-	186	19964672	34371
chr4	19930301	20130301	harbor1	chr4	19965440	19965812	LTR/ERVL-MaLR	2494	-	186	19965626	35325
chr4	19930301	20130301	harbor1	chr4	19965818	19966491	LTR/ERVL-MaLR	4981	-	336	19966154	35853
chr4	19930301	20130301	harbor1	chr4	19966515	19966888	LTR/ERVL-MaLR	2351	-	186	19966701	36400
chr4	19930301	20130301	harbor1	chr4	19975434	19975789	LTR/ERVL-MaLR	2199	-	178	19975612	45311
chr4	19930301	20130301	harbor1	chr4	19975795	19977345	LTR/ERVL-MaLR	10854	-	775	19976570	46269
chr4	19930301	20130301	harbor1	chr4	19977348	19977704	LTR/ERVL-MaLR	1885	-	178	19977526	47225
chr4	19930301	20130301	harbor1	chr4	20023475	20023638	LTR/ERVL-MaLR	935	-	82	20023557	93256
chr4	19930301	20130301	harbor1	chr4	20023794	20023988	LTR/ERVL-MaLR	769	-	97	20023891	93590
chr4	19930301	20130301	harbor1	chr4	20023990	20024518	LTR/ERVL-MaLR	2392	-	264	20024254	93953
chr4	19930301	20130301	harbor1	chr4	20024534	20024750	LTR/ERVL-MaLR	618	-	108	20024642	94341
chr4	19930301	20130301	harbor1	chr4	20025080	20025427	LTR/ERVL-MaLR	1604	-	174	20025254	94953
chr4	19930301	20130301	harbor1	chr4	20028087	20028251	LTR/ERVL-MaLR	478	-	82	20028169	97868
chr4	19930301	20130301	harbor1	chr4	20028822	20029107	LTR/ERVL-MaLR	606	-	142	20028964	98663
chr4	152609837	152809837	harbor1	chr4	152692879	152692964	LTR/ERVL-MaLR	949	-	42	152692921	83084
chr4	152609837	152809837	harbor1	chr4	152693095	152693361	LTR/ERVL-MaLR	949	-	133	152693228	83391
chr4	152609837	152809837	harbor1	chr4	152693379	152693563	LTR/ERVL-MaLR	826	-	92	152693471	83634
chr4	147382739	147582739	harbor1	chr4	147388397	147388753	LTR/ERVL-MaLR	1873	-	178	147388575	5836
chr4	147382739	147582739	harbor1	chr4	147410031	147410369	LTR/ERVL-MaLR	1960	-	169	147410200	27461
chr4	147382739	147582739	harbor1	chr4	147474436	147474813	LTR/ERVL-MaLR	1823	-	188	147474624	91885
chr4	147382739	147582739	harbor1	chr4	147475203	147475548	LTR/ERVL-MaLR	1394	-	172	147475375	92636
chr4	147382739	147582739	harbor1	chr4	147475570	147476046	LTR/ERVL-MaLR	1999	-	238	147475808	93069
chr4	37400090	37600090	harbor1	chr4	37421786	37422148	LTR/ERVL-MaLR	1237	-	181	37421967	21877
chr4	37400090	37600090	harbor1	chr4	37458358	37458857	LTR/ERVL-MaLR	1556	-	250	37458608	58518
chr4	37400090	37600090	harbor1	chr4	37481501	37481760	LTR/ERVL-MaLR	1163	-	130	37481631	81541
chr4	37400090	37600090	harbor1	chr4	37484151	37484508	LTR/ERVL-MaLR	2087	-	178	37484329	84239
chr4	37400090	37600090	harbor1	chr4	37404618	37405038	LTR/ERVL-MaLR	2531	-	210	37404828	4738
chr4	37400090	37600090	harbor1	chr4	37437233	37437500	LTR/ERVL-MaLR	1320	-	134	37437367	37277
chr4	88098907	88298907	harbor1	chr4	88165226	88165606	LTR/ERVL-MaLR	1709	-	190	88165416	66509
chr4	88098907	88298907	harbor1	chr4	88165899	88166023	LTR/ERVL-MaLR	1709	-	62	88165961	67054
chr4	88098907	88298907	harbor1	chr4	88166983	88167370	LTR/ERVL-MaLR	2004	-	194	88167177	68270
chr4	88098907	88298907	harbor1	chr4	88167674	88167881	LTR/ERVL-MaLR	2004	-	104	88167778	68871
chr4	58520849	58720849	harbor1	chr4	58531459	58531829	LTR/ERVL-MaLR	506	-	185	58531644	10795
chr4	58520849	58720849	harbor1	chr4	58537175	58537614	LTR/ERVL-MaLR	1589	-	220	58537395	16546
chr4	58520849	58720849	harbor1	chr4	58571307	58571607	LTR/ERVL-MaLR	827	-	150	58571457	50608
chr4	58520849	58720849	harbor1	chr4	58590622	58591131	LTR/ERVL-MaLR	743	-	254	58590876	70027
chr4	58520849	58720849	harbor1	chr4	58591697	58592079	LTR/ERVL-MaLR	2005	-	191	58591888	71039
chr4	58520849	58720849	harbor1	chr4	58592542	58592905	LTR/ERVL-MaLR	1572	-	182	58592724	71875
chr4	58520849	58720849	harbor1	chr4	58593694	58594054	LTR/ERVL-MaLR	690	-	180	58593874	73025
chr4	58520849	58720849	harbor1	chr4	58594459	58594528	LTR/ERVL-MaLR	644	-	34	58594493	73644
chr4	58520849	58720849	harbor1	chr4	58609530	58609918	LTR/ERVL-MaLR	1465	-	194	58609724	88875
chr4	177635805	177835805	harbor1	chr4	177670941	177671337	LTR/ERVL-MaLR	1911	-	198	177671139	35334
chr4	177635805	177835805	harbor1	chr4	177671501	177671714	LTR/ERVL-MaLR	1473	-	106	177671607	35802
chr4	177635805	177835805	harbor1	chr4	177672015	177672171	LTR/ERVL-MaLR	1473	-	78	177672093	36288
chr4	177635805	177835805	harbor1	chr4	177692866	177693009	LTR/ERVL-MaLR	734	-	72	177692938	57133
chr4	177635805	177835805	harbor1	chr4	177713018	177713309	LTR/ERVL-MaLR	859	-	146	177713164	77359
chr4	35208740	35408740	harbor1	chr4	35210108	35210315	LTR/ERVL-MaLR	2931	-	104	35210212	1472
chr4	35208740	35408740	harbor1	chr4	35210615	35211059	LTR/ERVL-MaLR	2931	-	222	35210837	2097
chr4	35208740	35408740	harbor1	chr4	35211351	35211593	LTR/ERVL-MaLR	934	-	121	35211472	2732
chr4	35208740	35408740	harbor1	chr4	35222530	35222889	LTR/ERVL-MaLR	2197	-	180	35222710	13970
chr4	35208740	35408740	harbor1	chr4	35249685	35250044	LTR/ERVL-MaLR	1432	-	180	35249865	41125
chr4	35208740	35408740	harbor1	chr4	35260516	35260985	LTR/ERVL-MaLR	865	-	234	35260750	52010
chr4	35208740	35408740	harbor1	chr4	35268423	35268787	LTR/ERVL-MaLR	1158	-	182	35268605	59865
chr4	35208740	35408740	harbor1	chr4	35269594	35269775	LTR/ERVL-MaLR	503	-	90	35269684	60944
chr4	35208740	35408740	harbor1	chr4	35270312	35270563	LTR/ERVL-MaLR	726	-	126	35270438	61698
chr4	35208740	35408740	harbor1	chr4	35275655	35276028	LTR/ERVL-MaLR	2632	-	186	35275841	67101
chr4	46122644	46322644	harbor1	chr4	46149997	46150191	LTR/ERVL-MaLR	717	-	97	46150094	27450
chr4	46122644	46322644	harbor1	chr4	46174589	46174960	LTR/ERVL-MaLR	2266	-	186	46174775	52131
chr4	46122644	46322644	harbor1	chr4	46175576	46175947	LTR/ERVL-MaLR	2188	-	186	46175762	53118
chr4	46122644	46322644	harbor1	chr4	46191889	46192357	LTR/ERVL-MaLR	897	-	234	46192123	69479
chr4	46122644	46322644	harbor1	chr4	46217610	46217952	LTR/ERVL-MaLR	1510	-	171	46217781	95137
chr4	46122644	46322644	harbor1	chr4	46217979	46218379	LTR/ERVL-MaLR	2196	-	200	46218179	95535
chr4	46122644	46322644	harbor1	chr4	46202582	46202950	LTR/ERVL-MaLR	2167	-	184	46202766	80122
chr4	31585939	31785939	harbor1	chr4	31591015	31591412	LTR/ERVL-MaLR	2145	-	198	31591213	5274
chr4	31585939	31785939	harbor1	chr4	31602843	31603280	LTR/ERVL-MaLR	1517	-	218	31603061	17122
chr4	31585939	31785939	harbor1	chr4	31646471	31646526	LTR/ERVL-MaLR	1001	-	28	31646499	60560
chr4	31585939	31785939	harbor1	chr4	31646866	31648020	LTR/ERVL-MaLR	1001	-	577	31647443	61504
chr4	31585939	31785939	harbor1	chr4	31648021	31648408	LTR/ERVL-MaLR	661	-	194	31648215	62276
chr4	31585939	31785939	harbor1	chr4	31651931	31652279	LTR/ERVL-MaLR	1239	-	174	31652105	66166
chr4	31585939	31785939	harbor1	chr4	31682774	31683320	LTR/ERVL-MaLR	1227	-	273	31683047	97108
chr4	111550960	111750960	harbor1	chr4	111583422	111583793	LTR/ERVL-MaLR	2033	-	186	111583608	32648
chr4	111550960	111750960	harbor1	chr4	111583794	111585399	LTR/ERVL-MaLR	11089	-	802	111584596	33636
chr4	111550960	111750960	harbor1	chr4	111585400	111585772	LTR/ERVL-MaLR	1897	-	186	111585586	34626
chr4	111550960	111750960	harbor1	chr4	111587025	111587377	LTR/ERVL-MaLR	1592	-	176	111587201	36241
chr4	111550960	111750960	harbor1	chr4	111602792	111603193	LTR/ERVL-MaLR	1720	-	200	111602992	52032
chr4	111550960	111750960	harbor1	chr4	111607438	111607762	LTR/ERVL-MaLR	987	-	162	111607600	56640
chr4	111550960	111750960	harbor1	chr4	111621634	111622017	LTR/ERVL-MaLR	1896	-	192	111621826	70866
chr4	11304743	11504743	harbor1	chr4	11312496	11312937	LTR/ERVL-MaLR	1300	-	220	11312716	7973
chr4	11304743	11504743	harbor1	chr4	11316325	11316695	LTR/ERVL-MaLR	2090	-	185	11316510	11767
chr4	11304743	11504743	harbor1	chr4	11316696	11317578	LTR/ERVL-MaLR	6343	-	441	11317137	12394
chr4	11304743	11504743	harbor1	chr4	11321560	11321927	LTR/ERVL-MaLR	2116	-	184	11321744	17001
chr4	11304743	11504743	harbor1	chr4	11322700	11322907	LTR/ERVL-MaLR	1914	-	104	11322804	18061
chr4	11304743	11504743	harbor1	chr4	11325245	11325421	LTR/ERVL-MaLR	1914	-	88	11325333	20590
chr4	11304743	11504743	harbor1	chr4	11337364	11337572	LTR/ERVL-MaLR	501	-	104	11337468	32725
chr4	11304743	11504743	harbor1	chr4	11338544	11338970	LTR/ERVL-MaLR	932	-	213	11338757	34014
chr4	11304743	11504743	harbor1	chr4	11349701	11350117	LTR/ERVL-MaLR	1799	-	208	11349909	45166
chr4	11304743	11504743	harbor1	chr4	11352312	11352661	LTR/ERVL-MaLR	1672	-	174	11352486	47743
chr4	11304743	11504743	harbor1	chr4	11355955	11356321	LTR/ERVL-MaLR	1323	-	183	11356138	51395
chr4	11304743	11504743	harbor1	chr4	11363339	11363700	LTR/ERVL-MaLR	2396	-	180	11363519	58776
chr4	11304743	11504743	harbor1	chr4	11391346	11391919	LTR/ERVL-MaLR	1486	-	286	11391632	86889
chr4	180394441	180594441	harbor1	chr4	180406259	180406669	LTR/ERVL-MaLR	1875	-	205	180406464	12023
chr4	180394441	180594441	harbor1	chr4	180430028	180430363	LTR/ERVL-MaLR	931	-	168	180430196	35755
chr4	180394441	180594441	harbor1	chr4	180458782	180459201	LTR/ERVL-MaLR	1488	-	210	180458992	64551
chr4	180394441	180594441	harbor1	chr4	180473760	180474204	LTR/ERVL-MaLR	1901	-	222	180473982	79541
chr4	180394441	180594441	harbor1	chr4	180487049	180487437	LTR/ERVL-MaLR	869	-	194	180487243	92802
chr4	175698119	175898119	harbor1	chr4	175709750	175710103	LTR/ERVL-MaLR	496	-	176	175709926	11807
chr4	175698119	175898119	harbor1	chr4	175715224	175715480	LTR/ERVL-MaLR	469	-	128	175715352	17233
chr4	175698119	175898119	harbor1	chr4	175737192	175737291	LTR/ERVL-MaLR	674	-	50	175737242	39123
chr4	175698119	175898119	harbor1	chr4	175737689	175737938	LTR/ERVL-MaLR	1326	-	124	175737813	39694
chr4	175698119	175898119	harbor1	chr4	175738237	175738309	LTR/ERVL-MaLR	1326	-	36	175738273	40154
chr4	107802869	108002869	harbor1	chr4	107805605	107805702	LTR/ERVL-MaLR	481	-	48	107805653	2784
chr4	107802869	108002869	harbor1	chr4	107842161	107842555	LTR/ERVL-MaLR	2329	-	197	107842358	39489
chr4	69505296	69705296	harbor1	chr4	69557623	69557979	LTR/ERVL-MaLR	2421	-	178	69557801	52505
chr4	69505296	69705296	harbor1	chr4	69585635	69585961	LTR/ERVL-MaLR	801	-	163	69585798	80502
chr4	69505296	69705296	harbor1	chr4	69600570	69600999	LTR/ERVL-MaLR	2092	-	214	69600784	95488
chr4	13891379	14091379	harbor1	chr4	13892993	13893173	LTR/ERVL-MaLR	799	-	90	13893083	1704
chr4	13891379	14091379	harbor1	chr4	13910767	13910899	LTR/ERVL-MaLR	392	-	66	13910833	19454
chr4	13891379	14091379	harbor1	chr4	13922833	13923309	LTR/ERVL-MaLR	1532	-	238	13923071	31692
chr4	13891379	14091379	harbor1	chr4	13932651	13933012	LTR/ERVL-MaLR	2539	-	180	13932831	41452
chr4	13891379	14091379	harbor1	chr4	13954583	13954994	LTR/ERVL-MaLR	2445	-	206	13954789	63410
chr4	13891379	14091379	harbor1	chr4	13960658	13960947	LTR/ERVL-MaLR	658	-	144	13960802	69423
chr4	13891379	14091379	harbor1	chr4	13976499	13976906	LTR/ERVL-MaLR	2599	-	204	13976703	85324
chr4	13891379	14091379	harbor1	chr4	13989511	13989933	LTR/ERVL-MaLR	1815	-	211	13989722	98343
chr4	13891379	14091379	harbor1	chr4	13975210	13975596	LTR/ERVL-MaLR	1692	-	193	13975403	84024
chr4	93608156	93808156	harbor1	chr4	93627611	93627872	LTR/ERVL-MaLR	430	-	130	93627741	19585
chr4	93608156	93808156	harbor1	chr4	93647270	93647438	LTR/ERVL-MaLR	385	-	84	93647354	39198
chr4	173217660	173417660	harbor1	chr4	173279072	173279480	LTR/ERVL-MaLR	2492	-	204	173279276	61616
chr4	173217660	173417660	harbor1	chr4	173293682	173293955	LTR/ERVL-MaLR	597	-	136	173293818	76158
chr4	173217660	173417660	harbor1	chr4	173311357	173311785	LTR/ERVL-MaLR	2173	-	214	173311571	93911
chr4	173217660	173417660	harbor1	chr4	173312197	173312627	LTR/ERVL-MaLR	1577	-	215	173312412	94752
chr4	168722666	168922666	harbor1	chr4	168748481	168748903	LTR/ERVL-MaLR	1527	-	211	168748692	26026
chr4	168722666	168922666	harbor1	chr4	168791319	168791690	LTR/ERVL-MaLR	2728	-	186	168791505	68839
chr4	168722666	168922666	harbor1	chr4	168794862	168795210	LTR/ERVL-MaLR	1863	-	174	168795036	72370
chr4	168722666	168922666	harbor1	chr4	168801954	168802046	LTR/ERVL-MaLR	402	-	46	168802000	79334
chr4	168722666	168922666	harbor1	chr4	168803086	168803374	LTR/ERVL-MaLR	1692	-	144	168803230	80564
chr4	168722666	168922666	harbor1	chr4	168808574	168808931	LTR/ERVL-MaLR	2257	-	178	168808752	86086
chr4	189712793	189912793	harbor1	chr4	189750605	189750968	LTR/ERVL-MaLR	2451	-	182	189750787	37994
chr4	189712793	189912793	harbor1	chr4	189801794	189802128	LTR/ERVL-MaLR	917	-	167	189801961	89168
chr4	65681722	65881722	harbor1	chr4	65683759	65683945	LTR/ERVL-MaLR	852	-	93	65683852	2130
chr4	65681722	65881722	harbor1	chr4	65719297	65719552	LTR/ERVL-MaLR	1294	-	128	65719425	37703
chr4	63496157	63696157	harbor1	chr4	63500828	63501171	LTR/ERVL-MaLR	507	-	172	63501000	4843
chr4	63496157	63696157	harbor1	chr4	63529415	63529494	LTR/ERVL-MaLR	402	-	40	63529455	33298
chr4	63496157	63696157	harbor1	chr4	63529520	63529848	LTR/ERVL-MaLR	1410	-	164	63529684	33527
chr4	63496157	63696157	harbor1	chr4	63546450	63546870	LTR/ERVL-MaLR	2147	-	210	63546660	50503
chr4	63496157	63696157	harbor1	chr4	63552040	63552390	LTR/ERVL-MaLR	2134	-	175	63552215	56058
chr4	63496157	63696157	harbor1	chr4	63553973	63554327	LTR/ERVL-MaLR	1897	-	177	63554150	57993
chr4	63496157	63696157	harbor1	chr4	63554487	63555123	LTR/ERVL-MaLR	1697	-	318	63554805	58648
chr4	63496157	63696157	harbor1	chr4	63555305	63555740	LTR/ERVL-MaLR	1726	-	218	63555523	59366
chr4	63496157	63696157	harbor1	chr4	63558965	63559338	LTR/ERVL-MaLR	1899	-	186	63559151	62994
chr4	63496157	63696157	harbor1	chr4	63552391	63553972	LTR/ERVL-MaLR	10495	-	790	63553181	57024
chr4	82126099	82326099	harbor1	chr4	82134617	82134828	LTR/ERVL-MaLR	1410	-	106	82134723	8624
chr4	82126099	82326099	harbor1	chr4	82190842	82191238	LTR/ERVL-MaLR	991	-	198	82191040	64941
chr4	4658971	4858971	harbor1	chr4	4665058	4665494	LTR/ERVL-MaLR	1635	-	218	4665276	6305
chr4	4658971	4858971	harbor1	chr4	4682348	4682734	LTR/ERVL-MaLR	2296	-	193	4682541	23570
chr4	4658971	4858971	harbor1	chr4	4686628	4686907	LTR/ERVL-MaLR	1496	-	140	4686768	27797
chr4	4658971	4858971	harbor1	chr4	4713059	4713418	LTR/ERVL-MaLR	2064	-	180	4713239	54268
chr4	4658971	4858971	harbor1	chr4	4714875	4715147	LTR/ERVL-MaLR	1109	-	136	4715011	56040
chr4	4658971	4858971	harbor1	chr4	4719333	4719737	LTR/ERVL-MaLR	2232	-	202	4719535	60564
chr4	4658971	4858971	harbor1	chr4	4746551	4747004	LTR/ERVL-MaLR	845	-	226	4746777	87806
chr4	4658971	4858971	harbor1	chr4	4747121	4747509	LTR/ERVL-MaLR	2380	-	194	4747315	88344
chr4	187661498	187861498	harbor1	chr4	187729749	187730079	LTR/ERVL-MaLR	1346	-	165	187729914	68416
chr4	187661498	187861498	harbor1	chr4	187730078	187730189	LTR/ERVL-MaLR	1398	-	56	187730134	68636
chr4	187661498	187861498	harbor1	chr4	187730616	187730822	LTR/ERVL-MaLR	1398	-	103	187730719	69221
chr4	187661498	187861498	harbor1	chr4	187751882	187752337	LTR/ERVL-MaLR	1049	-	228	187752110	90612
chr4	18905232	19105232	harbor1	chr4	18923729	18923958	LTR/ERVL-MaLR	566	-	114	18923843	18611
chr4	18905232	19105232	harbor1	chr4	18940401	18940765	LTR/ERVL-MaLR	1478	-	182	18940583	35351
chr4	18905232	19105232	harbor1	chr4	18958572	18958987	LTR/ERVL-MaLR	558	-	208	18958780	53548
chr4	18905232	19105232	harbor1	chr4	18959269	18959629	LTR/ERVL-MaLR	1984	-	180	18959449	54217
chr4	18905232	19105232	harbor1	chr4	18959981	18960048	LTR/ERVL-MaLR	1123	-	34	18960015	54783
chr4	18905232	19105232	harbor1	chr4	18960358	18960822	LTR/ERVL-MaLR	1123	-	232	18960590	55358
chr4	18905232	19105232	harbor1	chr4	18988423	18988802	LTR/ERVL-MaLR	1310	-	190	18988613	83381
chr4	18905232	19105232	harbor1	chr4	18990848	18991231	LTR/ERVL-MaLR	1083	-	192	18991040	85808
chr4	18905232	19105232	harbor1	chr4	18996247	18996602	LTR/ERVL-MaLR	2442	-	178	18996425	91193
chr4	18905232	19105232	harbor1	chr4	18996607	18998231	LTR/ERVL-MaLR	10269	-	812	18997419	92187
chr4	18905232	19105232	harbor1	chr4	18998238	18998588	LTR/ERVL-MaLR	2145	-	175	18998413	93181
chr4	18905232	19105232	harbor1	chr4	18988845	18989181	LTR/ERVL-MaLR	592	-	168	18989013	83781
chr4	62886403	63086403	harbor1	chr4	62903611	62903970	LTR/ERVL-MaLR	1323	-	180	62903791	17388
chr4	62886403	63086403	harbor1	chr4	62919418	62919920	LTR/ERVL-MaLR	937	-	251	62919669	33266
chr4	62886403	63086403	harbor1	chr4	62922375	62922733	LTR/ERVL-MaLR	1973	-	179	62922554	36151
chr4	62886403	63086403	harbor1	chr4	62952229	62952738	LTR/ERVL-MaLR	1063	-	254	62952483	66080
chr4	62886403	63086403	harbor1	chr4	62965903	62966278	LTR/ERVL-MaLR	1863	-	188	62966091	79688
chr4	62886403	63086403	harbor1	chr4	62968026	62968527	LTR/ERVL-MaLR	1788	-	250	62968276	81873
chr4	162016648	162216648	harbor1	chr4	162077036	162077404	LTR/ERVL-MaLR	1316	-	184	162077220	60572
chr4	129823031	130023031	harbor1	chr4	129828317	129828716	LTR/ERVL-MaLR	1813	-	200	129828517	5486
chr4	129823031	130023031	harbor1	chr4	129834536	129834890	LTR/ERVL-MaLR	2311	-	177	129834713	11682
chr4	129823031	130023031	harbor1	chr4	129897906	129898304	LTR/ERVL-MaLR	2265	-	199	129898105	75074
chr4	129823031	130023031	harbor1	chr4	129918772	129918811	LTR/ERVL-MaLR	2087	-	20	129918792	95761
chr4	129823031	130023031	harbor1	chr4	129919163	129919517	LTR/ERVL-MaLR	2087	-	177	129919340	96309
chr4	132808712	133008712	harbor1	chr4	132821281	132821661	LTR/ERVL-MaLR	1815	-	190	132821471	12759
chr4	132808712	133008712	harbor1	chr4	132830985	132831366	LTR/ERVL-MaLR	1180	-	190	132831175	22463
chr4	132808712	133008712	harbor1	chr4	132844565	132844754	LTR/ERVL-MaLR	1029	-	94	132844659	35947
chr4	132808712	133008712	harbor1	chr4	132844768	132846002	LTR/ERVL-MaLR	3173	-	617	132845385	36673
chr4	132808712	133008712	harbor1	chr4	132846003	132846448	LTR/ERVL-MaLR	1773	-	222	132846225	37513
chr4	97724477	97924477	harbor1	chr4	97760711	97761142	LTR/ERVL-MaLR	1940	-	216	97760927	36450
chr4	97724477	97924477	harbor1	chr4	97761606	97761680	LTR/ERVL-MaLR	1940	-	37	97761643	37166
chr4	97724477	97924477	harbor1	chr4	97790301	97790929	LTR/ERVL-MaLR	2010	-	314	97790615	66138
chr4	97724477	97924477	harbor1	chr4	97803408	97803555	LTR/ERVL-MaLR	408	-	74	97803482	79005
chr4	97724477	97924477	harbor1	chr4	97817941	97818190	LTR/ERVL-MaLR	885	-	124	97818065	93588
chr4	97724477	97924477	harbor1	chr4	97820575	97820946	LTR/ERVL-MaLR	1486	-	186	97820761	96284
chr4	97724477	97924477	harbor1	chr4	97820953	97822520	LTR/ERVL-MaLR	8181	-	784	97821737	97260
chr4	97724477	97924477	harbor1	chr4	97822521	97822886	LTR/ERVL-MaLR	1676	-	182	97822703	98226
chr4	28878407	29078407	harbor1	chr4	28916823	28917234	LTR/ERVL-MaLR	494	-	206	28917029	38622
chr4	28878407	29078407	harbor1	chr4	28937904	28938256	LTR/ERVL-MaLR	480	-	176	28938080	59673
chr4	28878407	29078407	harbor1	chr4	28938889	28939077	LTR/ERVL-MaLR	467	-	94	28938983	60576
chr4	28878407	29078407	harbor1	chr4	28939306	28940168	LTR/ERVL-MaLR	1219	-	431	28939737	61330
chr4	28878407	29078407	harbor1	chr4	28941744	28941953	LTR/ERVL-MaLR	1461	-	104	28941848	63441
chr4	28878407	29078407	harbor1	chr4	28943774	28944031	LTR/ERVL-MaLR	1770	-	128	28943902	65495
chr4	28878407	29078407	harbor1	chr4	28944546	28944630	LTR/ERVL-MaLR	1770	-	42	28944588	66181
chr4	28878407	29078407	harbor1	chr4	28973502	28973733	LTR/ERVL-MaLR	617	-	116	28973618	95211
chr4	28878407	29078407	harbor1	chr4	28973918	28974291	LTR/ERVL-MaLR	2160	-	186	28974104	95697
chr4	28878407	29078407	harbor1	chr4	28976628	28977077	LTR/ERVL-MaLR	1492	-	224	28976852	98445
chr4	28878407	29078407	harbor1	chr4	28977631	28977903	LTR/ERVL-MaLR	780	-	136	28977767	99360
chr4	22139271	22339271	harbor1	chr4	22140458	22140837	LTR/ERVL-MaLR	1900	-	190	22140648	1377
chr4	22139271	22339271	harbor1	chr4	22171024	22171358	LTR/ERVL-MaLR	1935	-	167	22171191	31920
chr4	22139271	22339271	harbor1	chr4	22171359	22171722	LTR/ERVL-MaLR	2297	-	182	22171541	32270
chr4	22139271	22339271	harbor1	chr4	22171723	22171771	LTR/ERVL-MaLR	1935	-	24	22171747	32476
chr4	22139271	22339271	harbor1	chr4	22172595	22172976	LTR/ERVL-MaLR	2042	-	190	22172785	33514
chr4	22139271	22339271	harbor1	chr4	22175684	22176051	LTR/ERVL-MaLR	2209	-	184	22175868	36597
chr4	22139271	22339271	harbor1	chr4	22176052	22177627	LTR/ERVL-MaLR	11379	-	788	22176840	37569
chr4	22139271	22339271	harbor1	chr4	22177628	22177995	LTR/ERVL-MaLR	2237	-	184	22177812	38541
chr4	22139271	22339271	harbor1	chr4	22183252	22183603	LTR/ERVL-MaLR	997	-	176	22183428	44157
chr4	22139271	22339271	harbor1	chr4	22190413	22190779	LTR/ERVL-MaLR	1491	-	183	22190596	51325
chr4	22139271	22339271	harbor1	chr4	22195875	22196220	LTR/ERVL-MaLR	1873	-	172	22196047	56776
chr4	22139271	22339271	harbor1	chr4	22196659	22196821	LTR/ERVL-MaLR	526	-	81	22196740	57469
chr4	22139271	22339271	harbor1	chr4	22200398	22200782	LTR/ERVL-MaLR	1775	-	192	22200590	61319
chr4	22139271	22339271	harbor1	chr4	22203510	22203816	LTR/ERVL-MaLR	671	-	153	22203663	64392
chr4	22139271	22339271	harbor1	chr4	22213035	22213407	LTR/ERVL-MaLR	2018	-	186	22213221	73950
chr4	22139271	22339271	harbor1	chr4	22218681	22219055	LTR/ERVL-MaLR	2153	-	187	22218868	79597
chr4	22139271	22339271	harbor1	chr4	22229319	22229930	LTR/ERVL-MaLR	2147	-	306	22229625	90354
chr4	26779759	26979759	harbor1	chr4	26793276	26793442	LTR/ERVL-MaLR	977	-	83	26793359	13600
chr4	26779759	26979759	harbor1	chr4	26793746	26794044	LTR/ERVL-MaLR	977	-	149	26793895	14136
chr4	26779759	26979759	harbor1	chr4	26802783	26803128	LTR/ERVL-MaLR	1736	-	172	26802955	23196
chr4	26779759	26979759	harbor1	chr4	26823002	26823353	LTR/ERVL-MaLR	2398	-	176	26823178	43419
chr4	26779759	26979759	harbor1	chr4	26843678	26844081	LTR/ERVL-MaLR	2214	-	202	26843880	64121
chr4	26779759	26979759	harbor1	chr4	26845609	26845981	LTR/ERVL-MaLR	2433	-	186	26845795	66036
chr4	26779759	26979759	harbor1	chr4	26878654	26879019	LTR/ERVL-MaLR	1941	-	182	26878836	99077
chr5	143035685	143235685	harbor1	chr5	143061607	143061724	LTR/ERVL-MaLR	496	-	58	143061665	25980
chr5	143035685	143235685	harbor1	chr5	143124339	143124782	LTR/ERVL-MaLR	1068	-	222	143124561	88876
chr5	102401648	102601648	harbor1	chr5	102402477	102402804	LTR/ERVL-MaLR	1396	-	164	102402641	993
chr5	102401648	102601648	harbor1	chr5	102467431	102467634	LTR/ERVL-MaLR	1063	-	102	102467533	65885
chr5	102401648	102601648	harbor1	chr5	102490426	102490509	LTR/ERVL-MaLR	2151	-	42	102490468	88820
chr5	102401648	102601648	harbor1	chr5	102491911	102492219	LTR/ERVL-MaLR	2151	-	154	102492065	90417
chr5	176001735	176201735	harbor1	chr5	176007594	176007938	LTR/ERVL-MaLR	524	-	172	176007766	6031
chr5	87020004	87220004	harbor1	chr5	87021167	87021538	LTR/ERVL-MaLR	972	-	186	87021353	1349
chr5	87020004	87220004	harbor1	chr5	87109741	87110112	LTR/ERVL-MaLR	1641	-	186	87109927	89923
chr5	156808738	157008738	harbor1	chr5	156844293	156844659	LTR/ERVL-MaLR	1976	-	183	156844476	35738
chr5	156808738	157008738	harbor1	chr5	156877241	156877478	LTR/ERVL-MaLR	749	-	118	156877359	68621
chr5	156808738	157008738	harbor1	chr5	156896336	156896747	LTR/ERVL-MaLR	649	-	206	156896542	87804
chr5	131191986	131391986	harbor1	chr5	131256418	131256971	LTR/ERVL-MaLR	2338	-	276	131256694	64708
chr5	178697554	178897554	harbor1	chr5	178697802	178697920	LTR/ERVL-MaLR	452	-	59	178697861	307
chr5	178697554	178897554	harbor1	chr5	178705479	178705598	LTR/ERVL-MaLR	432	-	60	178705539	7985
chr5	178697554	178897554	harbor1	chr5	178710613	178710946	LTR/ERVL-MaLR	1461	-	166	178710779	13225
chr5	178697554	178897554	harbor1	chr5	178731971	178732563	LTR/ERVL-MaLR	595	-	296	178732267	34713
chr5	178697554	178897554	harbor1	chr5	178741575	178742009	LTR/ERVL-MaLR	2149	-	217	178741792	44238
chr5	178697554	178897554	harbor1	chr5	178757251	178757447	LTR/ERVL-MaLR	427	-	98	178757349	59795
chr5	99461037	99661037	harbor1	chr5	99483896	99484172	LTR/ERVL-MaLR	948	-	138	99484034	22997
chr5	99461037	99661037	harbor1	chr5	99519438	99519505	LTR/ERVL-MaLR	1575	-	34	99519472	58435
chr5	99461037	99661037	harbor1	chr5	99519804	99520080	LTR/ERVL-MaLR	1575	-	138	99519942	58905
chr5	99461037	99661037	harbor1	chr5	99520380	99520423	LTR/ERVL-MaLR	1575	-	22	99520402	59365
chr5	99461037	99661037	harbor1	chr5	99526454	99526656	LTR/ERVL-MaLR	1213	-	101	99526555	65518
chr5	99461037	99661037	harbor1	chr5	99526664	99528206	LTR/ERVL-MaLR	8928	-	771	99527435	66398
chr5	99461037	99661037	harbor1	chr5	99528208	99528564	LTR/ERVL-MaLR	2314	-	178	99528386	67349
chr5	24363764	24563764	harbor1	chr5	24401748	24402181	LTR/ERVL-MaLR	1339	-	216	24401964	38200
chr5	24363764	24563764	harbor1	chr5	24402184	24402427	LTR/ERVL-MaLR	994	-	122	24402306	38542
chr5	24363764	24563764	harbor1	chr5	24402689	24403148	LTR/ERVL-MaLR	2038	-	230	24402919	39155
chr5	24363764	24563764	harbor1	chr5	24430713	24431093	LTR/ERVL-MaLR	2240	-	190	24430903	67139
chr5	24363764	24563764	harbor1	chr5	24462936	24463357	LTR/ERVL-MaLR	2344	-	210	24463146	99382
chr5	8036024	8236024	harbor1	chr5	8043211	8043371	LTR/ERVL-MaLR	803	-	80	8043291	7267
chr5	8036024	8236024	harbor1	chr5	8045564	8045807	LTR/ERVL-MaLR	774	-	122	8045686	9662
chr5	8036024	8236024	harbor1	chr5	8063475	8063839	LTR/ERVL-MaLR	2555	-	182	8063657	27633
chr5	8036024	8236024	harbor1	chr5	8064654	8064991	LTR/ERVL-MaLR	877	-	168	8064822	28798
chr5	8036024	8236024	harbor1	chr5	8065019	8065374	LTR/ERVL-MaLR	1082	-	178	8065197	29173
chr5	8036024	8236024	harbor1	chr5	8073078	8073411	LTR/ERVL-MaLR	1632	-	166	8073244	37220
chr5	8036024	8236024	harbor1	chr5	8093041	8093457	LTR/ERVL-MaLR	2269	-	208	8093249	57225
chr5	8036024	8236024	harbor1	chr5	8094068	8094222	LTR/ERVL-MaLR	960	-	77	8094145	58121
chr5	8036024	8236024	harbor1	chr5	8106329	8106378	LTR/ERVL-MaLR	1826	-	24	8106353	70329
chr5	8036024	8236024	harbor1	chr5	8106755	8107081	LTR/ERVL-MaLR	1826	-	163	8106918	70894
chr5	8036024	8236024	harbor1	chr5	8108315	8108633	LTR/ERVL-MaLR	1120	-	159	8108474	72450
chr5	8036024	8236024	harbor1	chr5	8132303	8132768	LTR/ERVL-MaLR	924	-	232	8132535	96511
chr5	8036024	8236024	harbor1	chr5	8093458	8093966	LTR/ERVL-MaLR	2728	-	254	8093712	57688
chr5	84051850	84251850	harbor1	chr5	84077378	84077744	LTR/ERVL-MaLR	2236	-	183	84077561	25711
chr5	84051850	84251850	harbor1	chr5	84086731	84087091	LTR/ERVL-MaLR	433	-	180	84086911	35061
chr5	112317505	112517505	harbor1	chr5	112372090	112372446	LTR/ERVL-MaLR	2035	-	178	112372268	54763
chr5	112317505	112517505	harbor1	chr5	112396435	112396884	LTR/ERVL-MaLR	1210	-	224	112396659	79154
chr5	112317505	112517505	harbor1	chr5	112399960	112400007	LTR/ERVL-MaLR	2257	-	24	112399984	82479
chr5	112317505	112517505	harbor1	chr5	112400008	112400377	LTR/ERVL-MaLR	2429	-	184	112400192	82687
chr5	112317505	112517505	harbor1	chr5	112400378	112400743	LTR/ERVL-MaLR	2257	-	182	112400560	83055
chr5	6345858	6545858	harbor1	chr5	6348157	6348627	LTR/ERVL-MaLR	1190	-	235	6348392	2534
chr5	6345858	6545858	harbor1	chr5	6355874	6356389	LTR/ERVL-MaLR	1707	-	258	6356132	10274
chr5	6345858	6545858	harbor1	chr5	6363251	6363642	LTR/ERVL-MaLR	1090	-	196	6363447	17589
chr5	6345858	6545858	harbor1	chr5	6383311	6383663	LTR/ERVL-MaLR	711	-	176	6383487	37629
chr5	6345858	6545858	harbor1	chr5	6384999	6385306	LTR/ERVL-MaLR	1203	-	154	6385153	39295
chr5	6345858	6545858	harbor1	chr5	6392573	6392957	LTR/ERVL-MaLR	1677	-	192	6392765	46907
chr5	6345858	6545858	harbor1	chr5	6393343	6393486	LTR/ERVL-MaLR	1677	-	72	6393415	47557
chr5	6345858	6545858	harbor1	chr5	6403389	6403758	LTR/ERVL-MaLR	1477	-	184	6403573	57715
chr5	6345858	6545858	harbor1	chr5	6414984	6415390	LTR/ERVL-MaLR	1272	-	203	6415187	69329
chr5	6345858	6545858	harbor1	chr5	6420071	6420497	LTR/ERVL-MaLR	1469	-	213	6420284	74426
chr5	6345858	6545858	harbor1	chr5	6431788	6432129	LTR/ERVL-MaLR	1836	-	170	6431958	86100
chr5	6345858	6545858	harbor1	chr5	6440068	6440507	LTR/ERVL-MaLR	729	-	220	6440288	94430
chr5	6345858	6545858	harbor1	chr5	6440719	6441082	LTR/ERVL-MaLR	2634	-	182	6440901	95043
chr5	6345858	6545858	harbor1	chr5	6442935	6443387	LTR/ERVL-MaLR	1450	-	226	6443161	97303
chr5	130434211	130634211	harbor1	chr5	130451071	130451419	LTR/ERVL-MaLR	2529	-	174	130451245	17034
chr5	130434211	130634211	harbor1	chr5	130451420	130452991	LTR/ERVL-MaLR	11336	-	786	130452206	17995
chr5	130434211	130634211	harbor1	chr5	130452992	130453338	LTR/ERVL-MaLR	2530	-	173	130453165	18954
chr5	130434211	130634211	harbor1	chr5	130453574	130453934	LTR/ERVL-MaLR	2402	-	180	130453754	19543
chr5	130434211	130634211	harbor1	chr5	130499507	130499980	LTR/ERVL-MaLR	1673	-	236	130499743	65532
chr5	139530349	139730349	harbor1	chr5	139576159	139576489	LTR/ERVL-MaLR	1025	-	165	139576324	45975
chr5	139530349	139730349	harbor1	chr5	139619512	139619582	LTR/ERVL-MaLR	2641	-	35	139619547	89198
chr5	139530349	139730349	harbor1	chr5	139619873	139620221	LTR/ERVL-MaLR	2641	-	174	139620047	89698
chr5	154863813	155063813	harbor1	chr5	154949976	154950337	LTR/ERVL-MaLR	1980	-	180	154950156	86343
chr5	102004588	102204588	harbor1	chr5	102005287	102005746	LTR/ERVL-MaLR	583	-	230	102005517	929
chr5	102004588	102204588	harbor1	chr5	102030792	102031399	LTR/ERVL-MaLR	2240	-	304	102031096	26508
chr5	102004588	102204588	harbor1	chr5	102081596	102081939	LTR/ERVL-MaLR	1937	-	172	102081768	77180
chr5	102004588	102204588	harbor1	chr5	102092105	102092319	LTR/ERVL-MaLR	1581	-	107	102092212	87624
chr5	102004588	102204588	harbor1	chr5	102092324	102093244	LTR/ERVL-MaLR	6567	-	460	102092784	88196
chr5	102004588	102204588	harbor1	chr5	102093245	102093593	LTR/ERVL-MaLR	2654	-	174	102093419	88831
chr5	102004588	102204588	harbor1	chr5	102100716	102101058	LTR/ERVL-MaLR	1591	-	171	102100887	96299
chr5	102004588	102204588	harbor1	chr5	102104144	102104283	LTR/ERVL-MaLR	608	-	70	102104214	99626
chr5	127346196	127546196	harbor1	chr5	127412703	127413131	LTR/ERVL-MaLR	561	-	214	127412917	66721
chr5	92028988	92228988	harbor1	chr5	92034467	92034974	LTR/ERVL-MaLR	1842	-	254	92034721	5733
chr5	92028988	92228988	harbor1	chr5	92041326	92041807	LTR/ERVL-MaLR	1901	-	240	92041566	12578
chr5	92028988	92228988	harbor1	chr5	92070830	92071075	LTR/ERVL-MaLR	742	-	122	92070952	41964
chr5	92028988	92228988	harbor1	chr5	92073507	92073684	LTR/ERVL-MaLR	547	-	88	92073595	44607
chr5	92028988	92228988	harbor1	chr5	92073997	92074087	LTR/ERVL-MaLR	547	-	45	92074042	45054
chr5	92028988	92228988	harbor1	chr5	92074214	92074637	LTR/ERVL-MaLR	669	-	212	92074426	45438
chr5	92028988	92228988	harbor1	chr5	92098967	92099397	LTR/ERVL-MaLR	2009	-	215	92099182	70194
chr5	92028988	92228988	harbor1	chr5	92111534	92112096	LTR/ERVL-MaLR	1641	-	281	92111815	82827
chr5	172476219	172676219	harbor1	chr5	172478398	172478771	LTR/ERVL-MaLR	1701	-	186	172478584	2365
chr5	172476219	172676219	harbor1	chr5	172483045	172483189	LTR/ERVL-MaLR	1389	-	72	172483117	6898
chr5	172476219	172676219	harbor1	chr5	172483492	172483847	LTR/ERVL-MaLR	1389	-	178	172483670	7451
chr5	172476219	172676219	harbor1	chr5	172484354	172484376	LTR/ERVL-MaLR	1389	-	11	172484365	8146
chr5	172476219	172676219	harbor1	chr5	172489185	172489569	LTR/ERVL-MaLR	2315	-	192	172489377	13158
chr5	172476219	172676219	harbor1	chr5	172528417	172528599	LTR/ERVL-MaLR	618	-	91	172528508	52289
chr5	172476219	172676219	harbor1	chr5	172543651	172544041	LTR/ERVL-MaLR	1258	-	195	172543846	67627
chr5	172476219	172676219	harbor1	chr5	172551549	172551678	LTR/ERVL-MaLR	2239	-	64	172551613	75394
chr5	172476219	172676219	harbor1	chr5	172552103	172552387	LTR/ERVL-MaLR	2239	-	142	172552245	76026
chr5	172476219	172676219	harbor1	chr5	172561557	172561992	LTR/ERVL-MaLR	1452	-	218	172561775	85556
chr5	172476219	172676219	harbor1	chr5	172562134	172562223	LTR/ERVL-MaLR	477	-	44	172562178	85959
chr5	172476219	172676219	harbor1	chr5	172565569	172566013	LTR/ERVL-MaLR	2069	-	222	172565791	89572
chr5	172476219	172676219	harbor1	chr5	172573410	172573786	LTR/ERVL-MaLR	641	-	188	172573598	97379
chr5	131106664	131306664	harbor1	chr5	131148915	131149304	LTR/ERVL-MaLR	925	-	194	131149109	42445
chr5	131106664	131306664	harbor1	chr5	131155591	131155911	LTR/ERVL-MaLR	906	-	160	131155751	49087
chr5	131106664	131306664	harbor1	chr5	131155930	131156246	LTR/ERVL-MaLR	1292	-	158	131156088	49424
chr5	131106664	131306664	harbor1	chr5	131156496	131156825	LTR/ERVL-MaLR	1960	-	164	131156660	49996
chr5	131106664	131306664	harbor1	chr5	131156826	131157007	LTR/ERVL-MaLR	647	-	90	131156916	50252
chr5	131106664	131306664	harbor1	chr5	131168551	131168946	LTR/ERVL-MaLR	1590	-	198	131168749	62085
chr5	131106664	131306664	harbor1	chr5	131173175	131173286	LTR/ERVL-MaLR	580	-	56	131173231	66567
chr5	6088382	6288382	harbor1	chr5	6097731	6097777	LTR/ERVL-MaLR	1416	-	23	6097754	9372
chr5	6088382	6288382	harbor1	chr5	6098192	6098491	LTR/ERVL-MaLR	1416	-	150	6098342	9960
chr5	6088382	6288382	harbor1	chr5	6103934	6104299	LTR/ERVL-MaLR	1990	-	182	6104116	15734
chr5	6088382	6288382	harbor1	chr5	6111567	6111879	LTR/ERVL-MaLR	935	-	156	6111723	23341
chr5	6088382	6288382	harbor1	chr5	6122869	6123221	LTR/ERVL-MaLR	2321	-	176	6123045	34663
chr5	6088382	6288382	harbor1	chr5	6123222	6124788	LTR/ERVL-MaLR	12096	-	783	6124005	35623
chr5	6088382	6288382	harbor1	chr5	6124789	6125141	LTR/ERVL-MaLR	2413	-	176	6124965	36583
chr5	6088382	6288382	harbor1	chr5	6142735	6143177	LTR/ERVL-MaLR	2010	-	221	6142956	54574
chr5	6088382	6288382	harbor1	chr5	6144847	6145194	LTR/ERVL-MaLR	1509	-	174	6145021	56639
chr5	6088382	6288382	harbor1	chr5	6147436	6147643	LTR/ERVL-MaLR	1624	-	104	6147540	59158
chr5	6088382	6288382	harbor1	chr5	6147945	6148087	LTR/ERVL-MaLR	1624	-	71	6148016	59634
chr5	32090403	32290403	harbor1	chr5	32105808	32105913	LTR/ERVL-MaLR	485	-	52	32105860	15457
chr5	179517171	179717171	harbor1	chr5	179575255	179575693	LTR/ERVL-MaLR	851	-	219	179575474	58303
chr5	140016915	140216915	harbor1	chr5	140091970	140092145	LTR/ERVL-MaLR	672	-	88	140092058	75143
chr5	35507357	35707357	harbor1	chr5	35514468	35514833	LTR/ERVL-MaLR	2023	-	182	35514650	7293
chr5	35507357	35707357	harbor1	chr5	35522660	35522853	LTR/ERVL-MaLR	1041	-	96	35522756	15399
chr5	35507357	35707357	harbor1	chr5	35522923	35523483	LTR/ERVL-MaLR	2175	-	280	35523203	15846
chr5	35507357	35707357	harbor1	chr5	35535775	35536200	LTR/ERVL-MaLR	2707	-	212	35535987	28630
chr5	35507357	35707357	harbor1	chr5	35545116	35545459	LTR/ERVL-MaLR	1524	-	172	35545288	37931
chr5	35507357	35707357	harbor1	chr5	35550356	35550627	LTR/ERVL-MaLR	720	-	136	35550492	43135
chr5	35507357	35707357	harbor1	chr5	35553999	35554504	LTR/ERVL-MaLR	671	-	252	35554251	46894
chr5	35507357	35707357	harbor1	chr5	35558083	35558447	LTR/ERVL-MaLR	2318	-	182	35558265	50908
chr5	35507357	35707357	harbor1	chr5	35558448	35559995	LTR/ERVL-MaLR	11115	-	774	35559222	51865
chr5	35507357	35707357	harbor1	chr5	35559996	35560364	LTR/ERVL-MaLR	2254	-	184	35560180	52823
chr5	35507357	35707357	harbor1	chr5	35581072	35581415	LTR/ERVL-MaLR	2139	-	172	35581244	73887
chr5	35507357	35707357	harbor1	chr5	35581424	35581705	LTR/ERVL-MaLR	2108	-	140	35581564	74207
chr5	35507357	35707357	harbor1	chr5	35581720	35582193	LTR/ERVL-MaLR	3517	-	236	35581956	74599
chr5	35507357	35707357	harbor1	chr5	35582194	35582549	LTR/ERVL-MaLR	2014	-	178	35582372	75015
chr5	35507357	35707357	harbor1	chr5	35597325	35597709	LTR/ERVL-MaLR	2399	-	192	35597517	90160
chr5	75214570	75414570	harbor1	chr5	75246224	75246292	LTR/ERVL-MaLR	1975	-	34	75246258	31688
chr5	75214570	75414570	harbor1	chr5	75246599	75246940	LTR/ERVL-MaLR	1975	-	170	75246769	32199
chr5	75214570	75414570	harbor1	chr5	75247550	75247613	LTR/ERVL-MaLR	1975	-	32	75247582	33012
chr5	148271112	148471112	harbor1	chr5	148290169	148290585	LTR/ERVL-MaLR	2445	-	208	148290377	19265
chr5	148271112	148471112	harbor1	chr5	148297452	148297570	LTR/ERVL-MaLR	695	-	59	148297511	26399
chr5	148271112	148471112	harbor1	chr5	148307333	148307711	LTR/ERVL-MaLR	2115	-	189	148307522	36410
chr5	148271112	148471112	harbor1	chr5	148311200	148311561	LTR/ERVL-MaLR	2299	-	180	148311380	40268
chr5	148271112	148471112	harbor1	chr5	148349284	148349714	LTR/ERVL-MaLR	2367	-	215	148349499	78387
chr5	98051787	98251787	harbor1	chr5	98065056	98065179	LTR/ERVL-MaLR	495	-	62	98065118	13331
chr5	98051787	98251787	harbor1	chr5	98089604	98089882	LTR/ERVL-MaLR	904	-	139	98089743	37956
chr5	98051787	98251787	harbor1	chr5	98143457	98143919	LTR/ERVL-MaLR	2244	-	231	98143688	91901
chr5	106164471	106364471	harbor1	chr5	106171676	106172157	LTR/ERVL-MaLR	1559	-	240	106171916	7445
chr5	106164471	106364471	harbor1	chr5	106178150	106178507	LTR/ERVL-MaLR	2087	-	178	106178328	13857
chr5	106164471	106364471	harbor1	chr5	106202340	106202425	LTR/ERVL-MaLR	482	-	42	106202382	37911
chr5	106164471	106364471	harbor1	chr5	106202980	106203188	LTR/ERVL-MaLR	482	-	104	106203084	38613
chr5	106164471	106364471	harbor1	chr5	106203730	106203994	LTR/ERVL-MaLR	482	-	132	106203862	39391
chr5	106164471	106364471	harbor1	chr5	106207612	106208122	LTR/ERVL-MaLR	3911	-	255	106207867	43396
chr5	106164471	106364471	harbor1	chr5	106208400	106209120	LTR/ERVL-MaLR	3911	-	360	106208760	44289
chr5	106164471	106364471	harbor1	chr5	106209126	106209459	LTR/ERVL-MaLR	1590	-	166	106209292	44821
chr5	106164471	106364471	harbor1	chr5	106245879	106246078	LTR/ERVL-MaLR	611	-	100	106245979	81508
chr5	106164471	106364471	harbor1	chr5	106247393	106247605	LTR/ERVL-MaLR	575	-	106	106247499	83028
chr5	38750889	38950889	harbor1	chr5	38789764	38789957	LTR/ERVL-MaLR	483	-	96	38789860	38971
chr5	38750889	38950889	harbor1	chr5	38790548	38790725	LTR/ERVL-MaLR	533	-	88	38790636	39747
chr5	38750889	38950889	harbor1	chr5	38794097	38794446	LTR/ERVL-MaLR	2082	-	174	38794271	43382
chr5	38750889	38950889	harbor1	chr5	38801924	38802445	LTR/ERVL-MaLR	1562	-	260	38802184	51295
chr5	38750889	38950889	harbor1	chr5	38803576	38804045	LTR/ERVL-MaLR	1249	-	234	38803810	52921
chr5	38750889	38950889	harbor1	chr5	38843659	38844061	LTR/ERVL-MaLR	1539	-	201	38843860	92971
chr5	66954490	67154490	harbor1	chr5	66966473	66966768	LTR/ERVL-MaLR	844	-	148	66966621	12131
chr5	66954490	67154490	harbor1	chr5	66996445	66996938	LTR/ERVL-MaLR	1933	-	246	66996691	42201
chr5	51331814	51531814	harbor1	chr5	51417633	51417983	LTR/ERVL-MaLR	463	-	175	51417808	85994
chr5	51331814	51531814	harbor1	chr5	51426630	51426921	LTR/ERVL-MaLR	649	-	146	51426776	94962
chr5	81728658	81928658	harbor1	chr5	81766730	81767060	LTR/ERVL-MaLR	587	-	165	81766895	38237
chr5	81728658	81928658	harbor1	chr5	81786234	81786595	LTR/ERVL-MaLR	2366	-	180	81786414	57756
chr5	81728658	81928658	harbor1	chr5	81818116	81818550	LTR/ERVL-MaLR	1097	-	217	81818333	89675
chr5	81728658	81928658	harbor1	chr5	81820591	81820802	LTR/ERVL-MaLR	488	-	106	81820697	92039
chr5	81728658	81928658	harbor1	chr5	81772493	81773042	LTR/ERVL-MaLR	1191	-	274	81772767	44109
chr5	57939556	58139556	harbor1	chr5	57939869	57940463	LTR/ERVL-MaLR	967	-	297	57940166	610
chr5	57939556	58139556	harbor1	chr5	57981269	57981615	LTR/ERVL-MaLR	1447	-	173	57981442	41886
chr5	57939556	58139556	harbor1	chr5	58001373	58001803	LTR/ERVL-MaLR	1584	-	215	58001588	62032
chr5	57939556	58139556	harbor1	chr5	58035684	58036011	LTR/ERVL-MaLR	856	-	164	58035848	96292
chr5	15825385	16025385	harbor1	chr5	15827426	15827781	LTR/ERVL-MaLR	1192	-	178	15827604	2219
chr5	15825385	16025385	harbor1	chr5	15832763	15832817	LTR/ERVL-MaLR	1677	-	27	15832790	7405
chr5	15825385	16025385	harbor1	chr5	15833178	15833491	LTR/ERVL-MaLR	1677	-	156	15833334	7949
chr5	15825385	16025385	harbor1	chr5	15838173	15838533	LTR/ERVL-MaLR	1781	-	180	15838353	12968
chr5	15825385	16025385	harbor1	chr5	15847142	15847516	LTR/ERVL-MaLR	2765	-	187	15847329	21944
chr5	15825385	16025385	harbor1	chr5	15856015	15856316	LTR/ERVL-MaLR	1949	-	150	15856165	30780
chr5	15825385	16025385	harbor1	chr5	15868904	15869031	LTR/ERVL-MaLR	582	-	64	15868968	43583
chr5	15825385	16025385	harbor1	chr5	15869058	15869343	LTR/ERVL-MaLR	1055	-	142	15869200	43815
chr5	15825385	16025385	harbor1	chr5	15881814	15882239	LTR/ERVL-MaLR	2820	-	212	15882026	56641
chr5	15825385	16025385	harbor1	chr5	15884001	15884235	LTR/ERVL-MaLR	623	-	117	15884118	58733
chr5	15825385	16025385	harbor1	chr5	15884495	15884612	LTR/ERVL-MaLR	459	-	58	15884553	59168
chr5	15825385	16025385	harbor1	chr5	15884944	15885520	LTR/ERVL-MaLR	1789	-	288	15885232	59847
chr5	15825385	16025385	harbor1	chr5	15901133	15901499	LTR/ERVL-MaLR	2127	-	183	15901316	75931
chr5	15825385	16025385	harbor1	chr5	15915230	15915681	LTR/ERVL-MaLR	1500	-	226	15915456	90071
chr5	15825385	16025385	harbor1	chr5	15859435	15859796	LTR/ERVL-MaLR	2307	-	180	15859615	34230
chr5	177041941	177241941	harbor1	chr5	177068306	177068817	LTR/ERVL-MaLR	1482	-	256	177068562	26621
chr5	177041941	177241941	harbor1	chr5	177077508	177077809	LTR/ERVL-MaLR	850	-	150	177077658	35717
chr5	167767179	167967179	harbor1	chr5	167786358	167786614	LTR/ERVL-MaLR	691	-	128	167786486	19307
chr5	167767179	167967179	harbor1	chr5	167787549	167787836	LTR/ERVL-MaLR	608	-	144	167787693	20514
chr5	167767179	167967179	harbor1	chr5	167801860	167801894	LTR/ERVL-MaLR	1784	-	17	167801877	34698
chr5	167767179	167967179	harbor1	chr5	167801931	167802258	LTR/ERVL-MaLR	1784	-	164	167802095	34916
chr5	167767179	167967179	harbor1	chr5	167848948	167849310	LTR/ERVL-MaLR	1487	-	181	167849129	81950
chr5	24856824	25056824	harbor1	chr5	24867462	24867822	LTR/ERVL-MaLR	1611	-	180	24867642	10818
chr5	24856824	25056824	harbor1	chr5	24892090	24892308	LTR/ERVL-MaLR	1903	-	109	24892199	35375
chr5	24856824	25056824	harbor1	chr5	24892617	24892803	LTR/ERVL-MaLR	1903	-	93	24892710	35886
chr5	24856824	25056824	harbor1	chr5	24892804	24893915	LTR/ERVL-MaLR	9272	-	556	24893360	36536
chr5	24856824	25056824	harbor1	chr5	24894161	24894658	LTR/ERVL-MaLR	9272	-	248	24894409	37585
chr5	24856824	25056824	harbor1	chr5	24894661	24895046	LTR/ERVL-MaLR	1587	-	192	24894853	38029
chr5	24856824	25056824	harbor1	chr5	24897970	24898211	LTR/ERVL-MaLR	802	-	120	24898090	41266
chr5	24856824	25056824	harbor1	chr5	24908401	24908777	LTR/ERVL-MaLR	2466	-	188	24908589	51765
chr5	24856824	25056824	harbor1	chr5	24909075	24909335	LTR/ERVL-MaLR	1153	-	130	24909205	52381
chr5	24856824	25056824	harbor1	chr5	24909789	24910145	LTR/ERVL-MaLR	1410	-	178	24909967	53143
chr5	63320095	63520095	harbor1	chr5	63387163	63387638	LTR/ERVL-MaLR	696	-	238	63387401	67306
chr5	126257657	126457657	harbor1	chr5	126279919	126280287	LTR/ERVL-MaLR	2002	-	184	126280103	22446
chr5	126257657	126457657	harbor1	chr5	126283165	126283370	LTR/ERVL-MaLR	487	-	102	126283267	25610
chr5	126257657	126457657	harbor1	chr5	126325781	126325955	LTR/ERVL-MaLR	712	-	87	126325868	68211
chr5	126257657	126457657	harbor1	chr5	126340167	126340474	LTR/ERVL-MaLR	1170	-	154	126340321	82664
chr5	126257657	126457657	harbor1	chr5	126351619	126351971	LTR/ERVL-MaLR	1524	-	176	126351795	94138
chr5	126257657	126457657	harbor1	chr5	126354845	126355174	LTR/ERVL-MaLR	1068	-	164	126355009	97352
chr5	126257657	126457657	harbor1	chr5	126355972	126356325	LTR/ERVL-MaLR	2100	-	176	126356148	98491
chr5	134885083	135085083	harbor1	chr5	134976087	134976223	LTR/ERVL-MaLR	870	-	68	134976155	91072
chr5	134885083	135085083	harbor1	chr5	134976426	134977710	LTR/ERVL-MaLR	6631	-	642	134977068	91985
chr5	134885083	135085083	harbor1	chr5	134977719	134978124	LTR/ERVL-MaLR	2361	-	202	134977921	92838
chr5	80966518	81166518	harbor1	chr5	80970533	80970744	LTR/ERVL-MaLR	454	-	106	80970639	4121
chr5	80966518	81166518	harbor1	chr5	80999866	80999999	LTR/ERVL-MaLR	549	-	66	80999932	33414
chr5	80966518	81166518	harbor1	chr5	81005152	81005526	LTR/ERVL-MaLR	2556	-	187	81005339	38821
chr5	80966518	81166518	harbor1	chr5	81014239	81014594	LTR/ERVL-MaLR	2284	-	178	81014417	47899
chr5	80966518	81166518	harbor1	chr5	81036891	81037254	LTR/ERVL-MaLR	2399	-	182	81037073	70555
chr5	80966518	81166518	harbor1	chr5	81059525	81059564	LTR/ERVL-MaLR	2245	-	20	81059545	93027
chr5	80966518	81166518	harbor1	chr5	81059871	81060248	LTR/ERVL-MaLR	2245	-	188	81060059	93541
chr5	80966518	81166518	harbor1	chr5	81063964	81064544	LTR/ERVL-MaLR	2441	-	290	81064254	97736
chr5	156356183	156556183	harbor1	chr5	156356117	156356652	LTR/ERVL-MaLR	2210	-	268	156356385	202
chr5	156356183	156556183	harbor1	chr5	156357078	156357116	LTR/ERVL-MaLR	2210	-	19	156357097	914
chr5	156356183	156556183	harbor1	chr5	156376061	156376386	LTR/ERVL-MaLR	710	-	162	156376223	20040
chr5	156356183	156556183	harbor1	chr5	156417469	156417817	LTR/ERVL-MaLR	1333	-	174	156417643	61460
chr5	156356183	156556183	harbor1	chr5	156433764	156434180	LTR/ERVL-MaLR	420	-	208	156433972	77789
chr5	51003529	51203529	harbor1	chr5	51060894	51061289	LTR/ERVL-MaLR	2005	-	198	51061092	57563
chr5	51003529	51203529	harbor1	chr5	51073713	51074071	LTR/ERVL-MaLR	2362	-	179	51073892	70363
chr5	51003529	51203529	harbor1	chr5	51077440	51077856	LTR/ERVL-MaLR	2287	-	208	51077648	74119
chr5	27969438	28169438	harbor1	chr5	27974991	27975372	LTR/ERVL-MaLR	771	-	190	27975181	5743
chr5	27969438	28169438	harbor1	chr5	27984571	27984949	LTR/ERVL-MaLR	1960	-	189	27984760	15322
chr5	27969438	28169438	harbor1	chr5	27994438	27994995	LTR/ERVL-MaLR	1068	-	278	27994716	25278
chr5	27969438	28169438	harbor1	chr5	28028740	28029104	LTR/ERVL-MaLR	2406	-	182	28028922	59484
chr5	27969438	28169438	harbor1	chr5	28045953	28046259	LTR/ERVL-MaLR	644	-	153	28046106	76668
chr5	27969438	28169438	harbor1	chr5	28053644	28053997	LTR/ERVL-MaLR	1964	-	176	28053820	84382
chr5	27969438	28169438	harbor1	chr5	28053998	28055570	LTR/ERVL-MaLR	11044	-	786	28054784	85346
chr5	27969438	28169438	harbor1	chr5	28055573	28055924	LTR/ERVL-MaLR	2105	-	176	28055749	86311
chr5	27969438	28169438	harbor1	chr5	28062250	28062459	LTR/ERVL-MaLR	1394	-	104	28062354	92916
chr5	27969438	28169438	harbor1	chr5	28062878	28062957	LTR/ERVL-MaLR	1394	-	40	28062918	93480
chr5	21019770	21219770	harbor1	chr5	21052651	21052774	LTR/ERVL-MaLR	445	-	62	21052713	32943
chr5	21019770	21219770	harbor1	chr5	21072640	21072828	LTR/ERVL-MaLR	885	-	94	21072734	52964
chr5	21019770	21219770	harbor1	chr5	21073584	21073735	LTR/ERVL-MaLR	567	-	76	21073660	53890
chr5	21019770	21219770	harbor1	chr5	21089003	21089383	LTR/ERVL-MaLR	2084	-	190	21089193	69423
chr5	159682223	159882223	harbor1	chr5	159681319	159682345	LTR/ERVL-MaLR	9154	-	513	159681832	391
chr5	159682223	159882223	harbor1	chr5	159682346	159682773	LTR/ERVL-MaLR	2436	-	214	159682560	337
chr5	159682223	159882223	harbor1	chr5	159705972	159706212	LTR/ERVL-MaLR	1016	-	120	159706092	23869
chr5	159682223	159882223	harbor1	chr5	159706187	159706390	LTR/ERVL-MaLR	461	-	102	159706289	24066
chr5	159682223	159882223	harbor1	chr5	159736771	159737315	LTR/ERVL-MaLR	1410	-	272	159737043	54820
chr5	159682223	159882223	harbor1	chr5	159750217	159750500	LTR/ERVL-MaLR	714	-	142	159750359	68136
chr5	159682223	159882223	harbor1	chr5	159767443	159767913	LTR/ERVL-MaLR	2450	-	235	159767678	85455
chr5	159682223	159882223	harbor1	chr5	159782016	159782419	LTR/ERVL-MaLR	1342	-	202	159782218	99995
chr5	76060976	76260976	harbor1	chr5	76074981	76075413	LTR/ERVL-MaLR	796	-	216	76075197	14221
chr5	76060976	76260976	harbor1	chr5	76088333	76088675	LTR/ERVL-MaLR	1728	-	171	76088504	27528
chr5	76060976	76260976	harbor1	chr5	76094641	76094724	LTR/ERVL-MaLR	418	-	42	76094683	33707
chr5	76060976	76260976	harbor1	chr5	76118025	76118453	LTR/ERVL-MaLR	1005	-	214	76118239	57263
chr5	76060976	76260976	harbor1	chr5	76159433	76159871	LTR/ERVL-MaLR	1898	-	219	76159652	98676
chr5	177840343	178040343	harbor1	chr5	177893884	177894187	LTR/ERVL-MaLR	949	-	152	177894036	53693
chr5	177840343	178040343	harbor1	chr5	177920155	177920438	LTR/ERVL-MaLR	924	-	142	177920297	79954
chr5	34075711	34275711	harbor1	chr5	34078302	34078666	LTR/ERVL-MaLR	2074	-	182	34078484	2773
chr5	34075711	34275711	harbor1	chr5	34096230	34096326	LTR/ERVL-MaLR	534	-	48	34096278	20567
chr5	34075711	34275711	harbor1	chr5	34099980	34100382	LTR/ERVL-MaLR	1770	-	201	34100181	24470
chr5	34075711	34275711	harbor1	chr5	34109790	34110169	LTR/ERVL-MaLR	828	-	190	34109980	34269
chr5	34075711	34275711	harbor1	chr5	34110390	34110510	LTR/ERVL-MaLR	434	-	60	34110450	34739
chr5	34075711	34275711	harbor1	chr5	34119488	34119989	LTR/ERVL-MaLR	1820	-	250	34119738	44027
chr5	34075711	34275711	harbor1	chr5	34121307	34121656	LTR/ERVL-MaLR	2203	-	174	34121481	45770
chr5	34075711	34275711	harbor1	chr5	34124303	34124708	LTR/ERVL-MaLR	2348	-	202	34124505	48794
chr5	34075711	34275711	harbor1	chr5	34140995	34141121	LTR/ERVL-MaLR	1038	-	63	34141058	65347
chr5	34075711	34275711	harbor1	chr5	34141418	34141510	LTR/ERVL-MaLR	1038	-	46	34141464	65753
chr5	34075711	34275711	harbor1	chr5	34162115	34162494	LTR/ERVL-MaLR	1902	-	190	34162305	86594
chr5	34075711	34275711	harbor1	chr5	34110556	34111520	LTR/ERVL-MaLR	1939	-	482	34111038	35327
chr5	87788169	87988169	harbor1	chr5	87830514	87830854	LTR/ERVL-MaLR	2062	-	170	87830684	42515
chr5	87788169	87988169	harbor1	chr5	87830855	87832381	LTR/ERVL-MaLR	10349	-	763	87831618	43449
chr5	87788169	87988169	harbor1	chr5	87832382	87832724	LTR/ERVL-MaLR	2133	-	171	87832553	44384
chr5	87788169	87988169	harbor1	chr5	87836127	87836489	LTR/ERVL-MaLR	2487	-	181	87836308	48139
chr5	87788169	87988169	harbor1	chr5	87859635	87859851	LTR/ERVL-MaLR	975	-	108	87859743	71574
chr5	87788169	87988169	harbor1	chr5	87861919	87862199	LTR/ERVL-MaLR	1071	-	140	87862059	73890
chr5	87788169	87988169	harbor1	chr5	87877451	87877822	LTR/ERVL-MaLR	1767	-	186	87877637	89468
chr5	87788169	87988169	harbor1	chr5	87880240	87880606	LTR/ERVL-MaLR	2024	-	183	87880423	92254
chr5	99020985	99220985	harbor1	chr5	99067660	99068058	LTR/ERVL-MaLR	2389	-	199	99067859	46874
chr5	99020985	99220985	harbor1	chr5	99078680	99078868	LTR/ERVL-MaLR	936	-	94	99078774	57789
chr5	99020985	99220985	harbor1	chr5	99078936	99079134	LTR/ERVL-MaLR	809	-	99	99079035	58050
chr5	99020985	99220985	harbor1	chr5	99085435	99085701	LTR/ERVL-MaLR	711	-	133	99085568	64583
chr5	99020985	99220985	harbor1	chr5	99096368	99096843	LTR/ERVL-MaLR	1947	-	238	99096606	75621
chr5	99020985	99220985	harbor1	chr5	99096905	99097222	LTR/ERVL-MaLR	718	-	158	99097063	76078
chr5	99020985	99220985	harbor1	chr5	99110369	99110734	LTR/ERVL-MaLR	652	-	182	99110551	89566
chr5	118198519	118398519	harbor1	chr5	118222849	118223246	LTR/ERVL-MaLR	2163	-	198	118223047	24528
chr5	118198519	118398519	harbor1	chr5	118223244	118223632	LTR/ERVL-MaLR	1685	-	194	118223438	24919
chr5	118198519	118398519	harbor1	chr5	118223633	118224005	LTR/ERVL-MaLR	1695	-	186	118223819	25300
chr5	118198519	118398519	harbor1	chr5	118263040	118263248	LTR/ERVL-MaLR	1835	-	104	118263144	64625
chr5	118198519	118398519	harbor1	chr5	118263571	118263737	LTR/ERVL-MaLR	1835	-	83	118263654	65135
chr5	90365978	90565978	harbor1	chr5	90370200	90370551	LTR/ERVL-MaLR	2106	-	176	90370376	4398
chr5	90365978	90565978	harbor1	chr5	90370555	90372125	LTR/ERVL-MaLR	11351	-	785	90371340	5362
chr5	90365978	90565978	harbor1	chr5	90372127	90372482	LTR/ERVL-MaLR	2109	-	178	90372305	6327
chr5	90365978	90565978	harbor1	chr5	90373263	90373625	LTR/ERVL-MaLR	505	-	181	90373444	7466
chr5	90365978	90565978	harbor1	chr5	90374148	90374548	LTR/ERVL-MaLR	2127	-	200	90374348	8370
chr5	90365978	90565978	harbor1	chr5	90382748	90383047	LTR/ERVL-MaLR	1321	-	150	90382898	16920
chr5	90365978	90565978	harbor1	chr5	90452849	90453118	LTR/ERVL-MaLR	966	-	134	90452983	87005
chr5	90365978	90565978	harbor1	chr5	90453431	90453514	LTR/ERVL-MaLR	966	-	42	90453473	87495
chr5	93230318	93430318	harbor1	chr5	93238401	93238805	LTR/ERVL-MaLR	2401	-	202	93238603	8285
chr5	93230318	93430318	harbor1	chr5	93272799	93273143	LTR/ERVL-MaLR	1380	-	172	93272971	42653
chr5	93230318	93430318	harbor1	chr5	93273525	93273977	LTR/ERVL-MaLR	1560	-	226	93273751	43433
chr5	93230318	93430318	harbor1	chr5	93274336	93274407	LTR/ERVL-MaLR	1560	-	36	93274372	44054
chr5	93230318	93430318	harbor1	chr5	93284006	93284406	LTR/ERVL-MaLR	802	-	200	93284206	53888
chr5	93230318	93430318	harbor1	chr5	93288574	93288932	LTR/ERVL-MaLR	1710	-	179	93288753	58435
chr5	93230318	93430318	harbor1	chr5	93293469	93293820	LTR/ERVL-MaLR	1829	-	176	93293645	63327
chr5	93230318	93430318	harbor1	chr5	93310888	93311284	LTR/ERVL-MaLR	2318	-	198	93311086	80768
chr5	93230318	93430318	harbor1	chr5	93315779	93316175	LTR/ERVL-MaLR	2021	-	198	93315977	85659
chr5	106464090	106664090	harbor1	chr5	106496175	106496535	LTR/ERVL-MaLR	941	-	180	106496355	32265
chr5	106464090	106664090	harbor1	chr5	106498443	106498815	LTR/ERVL-MaLR	1557	-	186	106498629	34539
chr5	34345128	34545128	harbor1	chr5	34349238	34349351	LTR/ERVL-MaLR	816	-	56	34349294	4166
chr5	34345128	34545128	harbor1	chr5	34349583	34349946	LTR/ERVL-MaLR	2477	-	182	34349765	4637
chr5	34345128	34545128	harbor1	chr5	34349947	34351530	LTR/ERVL-MaLR	10766	-	792	34350739	5611
chr5	34345128	34545128	harbor1	chr5	34351531	34351894	LTR/ERVL-MaLR	2445	-	182	34351713	6585
chr5	34345128	34545128	harbor1	chr5	34366075	34366421	LTR/ERVL-MaLR	2243	-	173	34366248	21120
chr5	34345128	34545128	harbor1	chr5	34367403	34367755	LTR/ERVL-MaLR	2460	-	176	34367579	22451
chr5	34345128	34545128	harbor1	chr5	34374697	34374980	LTR/ERVL-MaLR	928	-	142	34374839	29711
chr5	34345128	34545128	harbor1	chr5	34402456	34402801	LTR/ERVL-MaLR	2535	-	172	34402628	57500
chr5	34345128	34545128	harbor1	chr5	34402807	34404379	LTR/ERVL-MaLR	10638	-	786	34403593	58465
chr5	34345128	34545128	harbor1	chr5	34426408	34426764	LTR/ERVL-MaLR	2127	-	178	34426586	81458
chr5	34345128	34545128	harbor1	chr5	34426765	34427740	LTR/ERVL-MaLR	4476	-	488	34427253	82125
chr5	19260739	19460739	harbor1	chr5	19269672	19270002	LTR/ERVL-MaLR	1521	-	165	19269837	9098
chr5	19260739	19460739	harbor1	chr5	19280963	19281351	LTR/ERVL-MaLR	1158	-	194	19281157	20418
chr5	19260739	19460739	harbor1	chr5	19282972	19283392	LTR/ERVL-MaLR	2545	-	210	19283182	22443
chr5	19260739	19460739	harbor1	chr5	19286622	19286766	LTR/ERVL-MaLR	910	-	72	19286694	25955
chr5	19260739	19460739	harbor1	chr5	19290713	19290955	LTR/ERVL-MaLR	1285	-	121	19290834	30095
chr5	19260739	19460739	harbor1	chr5	19302728	19302878	LTR/ERVL-MaLR	512	-	75	19302803	42064
chr5	19260739	19460739	harbor1	chr5	19308850	19309209	LTR/ERVL-MaLR	1866	-	180	19309030	48291
chr5	19260739	19460739	harbor1	chr5	19309216	19310818	LTR/ERVL-MaLR	10716	-	801	19310017	49278
chr5	19260739	19460739	harbor1	chr5	19310822	19311179	LTR/ERVL-MaLR	1901	-	178	19311000	50261
chr5	19260739	19460739	harbor1	chr5	19313831	19314185	LTR/ERVL-MaLR	1218	-	177	19314008	53269
chr5	19260739	19460739	harbor1	chr5	19314186	19314387	LTR/ERVL-MaLR	822	-	100	19314286	53547
chr5	19260739	19460739	harbor1	chr5	19315293	19315382	LTR/ERVL-MaLR	491	-	44	19315337	54598
chr5	19260739	19460739	harbor1	chr5	19315678	19315935	LTR/ERVL-MaLR	969	-	128	19315806	55067
chr5	19260739	19460739	harbor1	chr5	19315936	19316280	LTR/ERVL-MaLR	961	-	172	19316108	55369
chr5	19260739	19460739	harbor1	chr5	19322869	19323226	LTR/ERVL-MaLR	920	-	178	19323047	62308
chr5	19260739	19460739	harbor1	chr5	19331565	19331786	LTR/ERVL-MaLR	589	-	110	19331675	70936
chr5	19260739	19460739	harbor1	chr5	19283393	19285021	LTR/ERVL-MaLR	9177	-	814	19284207	23468
chr5	19260739	19460739	harbor1	chr5	19333062	19333440	LTR/ERVL-MaLR	1719	-	189	19333251	72512
chr5	39975426	40175426	harbor1	chr5	39977499	39977863	LTR/ERVL-MaLR	2441	-	182	39977681	2255
chr5	39975426	40175426	harbor1	chr5	40019340	40019683	LTR/ERVL-MaLR	1725	-	172	40019512	44086
chr5	39975426	40175426	harbor1	chr5	40026925	40027452	LTR/ERVL-MaLR	2918	-	264	40027189	51763
chr5	39975426	40175426	harbor1	chr5	40027453	40027816	LTR/ERVL-MaLR	2289	-	182	40027635	52209
chr5	39975426	40175426	harbor1	chr5	40039279	40039635	LTR/ERVL-MaLR	1240	-	178	40039457	64031
chr5	39975426	40175426	harbor1	chr5	40054630	40055064	LTR/ERVL-MaLR	1712	-	217	40054847	79421
chr5	26961213	27161213	harbor1	chr5	27009304	27009878	LTR/ERVL-MaLR	669	-	287	27009591	48378
chr5	26961213	27161213	harbor1	chr5	27010491	27010781	LTR/ERVL-MaLR	645	-	145	27010636	49423
chr5	26961213	27161213	harbor1	chr5	27010812	27011183	LTR/ERVL-MaLR	633	-	186	27010998	49785
chr5	173974889	174174889	harbor1	chr5	173984793	173985170	LTR/ERVL-MaLR	2912	-	188	173984981	10092
chr5	173974889	174174889	harbor1	chr5	174023001	174023326	LTR/ERVL-MaLR	1130	-	162	174023163	48274
chr5	173974889	174174889	harbor1	chr5	174059555	174060131	LTR/ERVL-MaLR	1083	-	288	174059843	84954
chr5	173974889	174174889	harbor1	chr5	174060519	174061043	LTR/ERVL-MaLR	1699	-	262	174060781	85892
chr5	39576991	39776991	harbor1	chr5	39603065	39603536	LTR/ERVL-MaLR	1784	-	236	39603301	26310
chr5	39576991	39776991	harbor1	chr5	39605189	39605534	LTR/ERVL-MaLR	1508	-	172	39605361	28370
chr5	39576991	39776991	harbor1	chr5	39625910	39626271	LTR/ERVL-MaLR	2155	-	180	39626090	49099
chr5	39576991	39776991	harbor1	chr5	39629049	39629464	LTR/ERVL-MaLR	1646	-	208	39629257	52266
chr5	39576991	39776991	harbor1	chr5	39675325	39675543	LTR/ERVL-MaLR	884	-	109	39675434	98443
chr5	161166282	161366282	harbor1	chr5	161173963	161174339	LTR/ERVL-MaLR	1199	-	188	161174151	7869
chr5	161166282	161366282	harbor1	chr5	161186409	161186754	LTR/ERVL-MaLR	1662	-	172	161186581	20299
chr5	161166282	161366282	harbor1	chr5	161235292	161235700	LTR/ERVL-MaLR	627	-	204	161235496	69214
chr5	161166282	161366282	harbor1	chr5	161238748	161239132	LTR/ERVL-MaLR	2034	-	192	161238940	72658
chr5	161166282	161366282	harbor1	chr5	161246902	161247128	LTR/ERVL-MaLR	517	-	113	161247015	80733
chr5	161166282	161366282	harbor1	chr5	161234632	161235044	LTR/ERVL-MaLR	1113	-	206	161234838	68556
chr5	62346101	62546101	harbor1	chr5	62369208	62369573	LTR/ERVL-MaLR	2037	-	182	62369390	23289
chr5	62346101	62546101	harbor1	chr5	62409250	62409687	LTR/ERVL-MaLR	1936	-	218	62409468	63367
chr5	62346101	62546101	harbor1	chr5	62415946	62416169	LTR/ERVL-MaLR	1701	-	112	62416058	69957
chr5	62346101	62546101	harbor1	chr5	62416481	62416646	LTR/ERVL-MaLR	1701	-	82	62416563	70462
chr5	38461505	38661505	harbor1	chr5	38470219	38470350	LTR/ERVL-MaLR	475	-	66	38470285	8780
chr5	38461505	38661505	harbor1	chr5	38558568	38558913	LTR/ERVL-MaLR	1863	-	172	38558740	97235
chr5	144231643	144431643	harbor1	chr5	144242548	144242950	LTR/ERVL-MaLR	1925	-	201	144242749	11106
chr5	144231643	144431643	harbor1	chr5	144263722	144264096	LTR/ERVL-MaLR	1487	-	187	144263909	32266
chr5	144231643	144431643	harbor1	chr5	144279469	144279843	LTR/ERVL-MaLR	1809	-	187	144279656	48013
chr5	144231643	144431643	harbor1	chr5	144283851	144284356	LTR/ERVL-MaLR	540	-	252	144284103	52460
chr5	99064949	99264949	harbor1	chr5	99067660	99068058	LTR/ERVL-MaLR	2389	-	199	99067859	2910
chr5	99064949	99264949	harbor1	chr5	99078680	99078868	LTR/ERVL-MaLR	936	-	94	99078774	13825
chr5	99064949	99264949	harbor1	chr5	99078936	99079134	LTR/ERVL-MaLR	809	-	99	99079035	14086
chr5	99064949	99264949	harbor1	chr5	99085435	99085701	LTR/ERVL-MaLR	711	-	133	99085568	20619
chr5	99064949	99264949	harbor1	chr5	99096368	99096843	LTR/ERVL-MaLR	1947	-	238	99096606	31657
chr5	99064949	99264949	harbor1	chr5	99096905	99097222	LTR/ERVL-MaLR	718	-	158	99097063	32114
chr5	99064949	99264949	harbor1	chr5	99110369	99110734	LTR/ERVL-MaLR	652	-	182	99110551	45602
chr5	99064949	99264949	harbor1	chr5	99135517	99135908	LTR/ERVL-MaLR	1460	-	196	99135713	70764
chr5	99064949	99264949	harbor1	chr5	99122905	99123334	LTR/ERVL-MaLR	990	-	214	99123119	58170
chr5	173828355	174028355	harbor1	chr5	173845667	173846089	LTR/ERVL-MaLR	622	-	211	173845878	17523
chr5	173828355	174028355	harbor1	chr5	173847225	173847472	LTR/ERVL-MaLR	2341	-	124	173847349	18994
chr5	173828355	174028355	harbor1	chr5	173847761	173847922	LTR/ERVL-MaLR	2341	-	80	173847841	19486
chr5	173828355	174028355	harbor1	chr5	173849068	173849549	LTR/ERVL-MaLR	1141	-	240	173849308	20953
chr5	89232097	89432097	harbor1	chr5	89240160	89240553	LTR/ERVL-MaLR	967	-	196	89240356	8259
chr5	89232097	89432097	harbor1	chr5	89247382	89247772	LTR/ERVL-MaLR	805	-	195	89247577	15480
chr5	89232097	89432097	harbor1	chr5	89256018	89256394	LTR/ERVL-MaLR	841	-	188	89256206	24109
chr5	89232097	89432097	harbor1	chr5	89257929	89258291	LTR/ERVL-MaLR	1541	-	181	89258110	26013
chr5	89232097	89432097	harbor1	chr5	89328431	89328663	LTR/ERVL-MaLR	2489	-	116	89328547	96450
chr5	89232097	89432097	harbor1	chr5	89328978	89329170	LTR/ERVL-MaLR	2489	-	96	89329074	96977
chr5	27385663	27585663	harbor1	chr5	27391722	27392124	LTR/ERVL-MaLR	638	-	201	27391923	6260
chr5	27385663	27585663	harbor1	chr5	27457599	27457788	LTR/ERVL-MaLR	425	-	94	27457693	72030
chr5	27385663	27585663	harbor1	chr5	27458708	27459129	LTR/ERVL-MaLR	1800	-	210	27458918	73255
chr5	90266077	90466077	harbor1	chr5	90279145	90279302	LTR/ERVL-MaLR	502	-	78	90279223	13146
chr5	90266077	90466077	harbor1	chr5	90289819	90290215	LTR/ERVL-MaLR	1404	-	198	90290017	23940
chr5	90266077	90466077	harbor1	chr5	90300185	90300280	LTR/ERVL-MaLR	445	-	48	90300233	34156
chr5	90266077	90466077	harbor1	chr5	90317014	90317414	LTR/ERVL-MaLR	1934	-	200	90317214	51137
chr5	90266077	90466077	harbor1	chr5	90364500	90364736	LTR/ERVL-MaLR	1525	-	118	90364618	98541
chr5	98366037	98566037	harbor1	chr5	98397871	98398383	LTR/ERVL-MaLR	1696	-	256	98398127	32090
chr5	98366037	98566037	harbor1	chr5	98441397	98441740	LTR/ERVL-MaLR	2037	-	172	98441569	75532
chr5	98366037	98566037	harbor1	chr5	98441746	98443311	LTR/ERVL-MaLR	11004	-	782	98442528	76491
chr5	98366037	98566037	harbor1	chr5	98443312	98443656	LTR/ERVL-MaLR	2050	-	172	98443484	77447
chr5	98366037	98566037	harbor1	chr5	98402247	98402446	LTR/ERVL-MaLR	989	-	100	98402347	36310
chr5	112697116	112897116	harbor1	chr5	112697837	112698142	LTR/ERVL-MaLR	1010	-	152	112697989	873
chr5	112697116	112897116	harbor1	chr5	112704419	112704879	LTR/ERVL-MaLR	1833	-	230	112704649	7533
chr5	112697116	112897116	harbor1	chr5	112713191	112713369	LTR/ERVL-MaLR	666	-	89	112713280	16164
chr5	112697116	112897116	harbor1	chr5	112729650	112729775	LTR/ERVL-MaLR	576	-	62	112729712	32596
chr5	112697116	112897116	harbor1	chr5	112731268	112731620	LTR/ERVL-MaLR	1432	-	176	112731444	34328
chr5	112697116	112897116	harbor1	chr5	112742357	112742858	LTR/ERVL-MaLR	2397	-	250	112742607	45491
chr5	112697116	112897116	harbor1	chr5	112742925	112743393	LTR/ERVL-MaLR	2408	-	234	112743159	46043
chr5	112697116	112897116	harbor1	chr5	112782026	112782382	LTR/ERVL-MaLR	2186	-	178	112782204	85088
chr5	54259303	54459303	harbor1	chr5	54279283	54279629	LTR/ERVL-MaLR	1799	-	173	54279456	20153
chr5	54259303	54459303	harbor1	chr5	54318221	54318609	LTR/ERVL-MaLR	2210	-	194	54318415	59112
chr5	54259303	54459303	harbor1	chr5	54328782	54329071	LTR/ERVL-MaLR	1918	-	144	54328926	69623
chr5	54259303	54459303	harbor1	chr5	54329381	54329556	LTR/ERVL-MaLR	1918	-	88	54329469	70166
chr5	54259303	54459303	harbor1	chr5	54357885	54358065	LTR/ERVL-MaLR	531	-	90	54357975	98672
chr5	179569916	179769916	harbor1	chr5	179575255	179575693	LTR/ERVL-MaLR	851	-	219	179575474	5558
chr5	179569916	179769916	harbor1	chr5	179655478	179655721	LTR/ERVL-MaLR	435	-	122	179655600	85684
chr5	130263508	130463508	harbor1	chr5	130304801	130305413	LTR/ERVL-MaLR	1688	-	306	130305107	41599
chr5	130263508	130463508	harbor1	chr5	130361862	130362292	LTR/ERVL-MaLR	1812	-	215	130362077	98569
chr5	130263508	130463508	harbor1	chr5	130362294	130362712	LTR/ERVL-MaLR	2242	-	209	130362503	98995
chr5	130263508	130463508	harbor1	chr5	130362932	130363700	LTR/ERVL-MaLR	2967	-	384	130363316	99808
chr5	175260696	175460696	harbor1	chr5	175275810	175275947	LTR/ERVL-MaLR	1301	-	68	175275878	15182
chr5	175260696	175460696	harbor1	chr5	175276108	175276521	LTR/ERVL-MaLR	1301	-	206	175276314	15618
chr5	175260696	175460696	harbor1	chr5	175289187	175289539	LTR/ERVL-MaLR	2178	-	176	175289363	28667
chr5	175260696	175460696	harbor1	chr5	175313037	175313485	LTR/ERVL-MaLR	1335	-	224	175313261	52565
chr5	175260696	175460696	harbor1	chr5	175318697	175318892	LTR/ERVL-MaLR	534	-	98	175318795	58099
chr5	175260696	175460696	harbor1	chr5	175340980	175341384	LTR/ERVL-MaLR	2188	-	202	175341182	80486
chr5	130639908	130839908	harbor1	chr5	130690700	130691131	LTR/ERVL-MaLR	559	-	216	130690916	51008
chr5	130639908	130839908	harbor1	chr5	130723275	130723484	LTR/ERVL-MaLR	2221	-	104	130723379	83471
chr5	130639908	130839908	harbor1	chr5	130724124	130724302	LTR/ERVL-MaLR	2221	-	89	130724213	84305
chr5	136868045	137068045	harbor1	chr5	136893023	136893174	LTR/ERVL-MaLR	441	-	76	136893099	25054
chr5	89797764	89997764	harbor1	chr5	89807892	89808323	LTR/ERVL-MaLR	1089	-	216	89808108	10344
chr5	89797764	89997764	harbor1	chr5	89808347	89808719	LTR/ERVL-MaLR	1137	-	186	89808533	10769
chr5	89797764	89997764	harbor1	chr5	89808986	89809416	LTR/ERVL-MaLR	1444	-	215	89809201	11437
chr5	89797764	89997764	harbor1	chr5	89809428	89809840	LTR/ERVL-MaLR	763	-	206	89809634	11870
chr5	89797764	89997764	harbor1	chr5	89825514	89825648	LTR/ERVL-MaLR	877	-	67	89825581	27817
chr5	89797764	89997764	harbor1	chr5	89825956	89826059	LTR/ERVL-MaLR	877	-	52	89826008	28244
chr5	89797764	89997764	harbor1	chr5	89826840	89827216	LTR/ERVL-MaLR	947	-	188	89827028	29264
chr5	89797764	89997764	harbor1	chr5	89842724	89843178	LTR/ERVL-MaLR	806	-	227	89842951	45187
chr5	89797764	89997764	harbor1	chr5	89874296	89874661	LTR/ERVL-MaLR	1353	-	182	89874478	76714
chr5	89797764	89997764	harbor1	chr5	89878329	89878504	LTR/ERVL-MaLR	631	-	88	89878417	80653
chr5	89797764	89997764	harbor1	chr5	89881668	89882013	LTR/ERVL-MaLR	1633	-	172	89881840	84076
chr5	89797764	89997764	harbor1	chr5	89883412	89883782	LTR/ERVL-MaLR	599	-	185	89883597	85833
chr5	89797764	89997764	harbor1	chr5	89891991	89892353	LTR/ERVL-MaLR	2118	-	181	89892172	94408
chr5	20894218	21094218	harbor1	chr5	20903076	20903498	LTR/ERVL-MaLR	1973	-	211	20903287	9069
chr5	20894218	21094218	harbor1	chr5	20903923	20904332	LTR/ERVL-MaLR	2127	-	204	20904127	9909
chr5	20894218	21094218	harbor1	chr5	20904333	20905623	LTR/ERVL-MaLR	8351	-	645	20904978	10760
chr5	20894218	21094218	harbor1	chr5	20906278	20906574	LTR/ERVL-MaLR	1554	-	148	20906426	12208
chr5	20894218	21094218	harbor1	chr5	20909061	20909159	LTR/ERVL-MaLR	618	-	49	20909110	14892
chr5	20894218	21094218	harbor1	chr5	20913848	20914194	LTR/ERVL-MaLR	1743	-	173	20914021	19803
chr5	20894218	21094218	harbor1	chr5	20915746	20915947	LTR/ERVL-MaLR	1188	-	100	20915846	21628
chr5	20894218	21094218	harbor1	chr5	20916517	20916679	LTR/ERVL-MaLR	838	-	81	20916598	22380
chr5	20894218	21094218	harbor1	chr5	20964750	20964923	LTR/ERVL-MaLR	798	-	86	20964836	70618
chr5	20894218	21094218	harbor1	chr5	20965249	20965556	LTR/ERVL-MaLR	798	-	154	20965403	71185
chr5	20894218	21094218	harbor1	chr5	20965580	20966966	LTR/ERVL-MaLR	2082	-	693	20966273	72055
chr5	20894218	21094218	harbor1	chr5	20966971	20967311	LTR/ERVL-MaLR	807	-	170	20967141	72923
chr5	20894218	21094218	harbor1	chr5	20981049	20981416	LTR/ERVL-MaLR	2408	-	184	20981233	87015
chr5	20894218	21094218	harbor1	chr5	20905915	20906269	LTR/ERVL-MaLR	8351	-	177	20906092	11874
chr5	20894218	21094218	harbor1	chr5	20922029	20922408	LTR/ERVL-MaLR	1763	-	190	20922219	28001
chr5	7298465	7498465	harbor1	chr5	7335398	7335755	LTR/ERVL-MaLR	1032	-	178	7335576	37111
chr5	7298465	7498465	harbor1	chr5	7338210	7338585	LTR/ERVL-MaLR	2407	-	188	7338398	39933
chr5	7298465	7498465	harbor1	chr5	7385546	7385915	LTR/ERVL-MaLR	2025	-	184	7385730	87265
chr5	158243711	158443711	harbor1	chr5	158245354	158245749	LTR/ERVL-MaLR	422	-	198	158245552	1841
chr5	158243711	158443711	harbor1	chr5	158256093	158256448	LTR/ERVL-MaLR	849	-	178	158256271	12560
chr5	158243711	158443711	harbor1	chr5	158293335	158293819	LTR/ERVL-MaLR	1243	-	242	158293577	49866
chr5	158243711	158443711	harbor1	chr5	158302942	158303314	LTR/ERVL-MaLR	1298	-	186	158303128	59417
chr5	158243711	158443711	harbor1	chr5	158341044	158341390	LTR/ERVL-MaLR	1224	-	173	158341217	97506
chr5	158243711	158443711	harbor1	chr5	158342448	158342560	LTR/ERVL-MaLR	565	-	56	158342504	98793
chr5	40175910	40375910	harbor1	chr5	40216136	40216368	LTR/ERVL-MaLR	1305	-	116	40216252	40342
chr5	40175910	40375910	harbor1	chr5	40220202	40220623	LTR/ERVL-MaLR	1230	-	210	40220412	44502
chr5	40175910	40375910	harbor1	chr5	40224832	40224872	LTR/ERVL-MaLR	2506	-	20	40224852	48942
chr5	40175910	40375910	harbor1	chr5	40225185	40225518	LTR/ERVL-MaLR	2506	-	166	40225351	49441
chr5	40175910	40375910	harbor1	chr5	40228424	40229011	LTR/ERVL-MaLR	2493	-	294	40228718	52808
chr5	40175910	40375910	harbor1	chr5	40233759	40233873	LTR/ERVL-MaLR	604	-	57	40233816	57906
chr5	40175910	40375910	harbor1	chr5	40275472	40275890	LTR/ERVL-MaLR	738	-	209	40275681	99771
chr5	102528933	102728933	harbor1	chr5	102550300	102550669	LTR/ERVL-MaLR	2222	-	184	102550484	21551
chr5	102528933	102728933	harbor1	chr5	102555675	102556066	LTR/ERVL-MaLR	2229	-	196	102555871	26938
chr5	102528933	102728933	harbor1	chr5	102592036	102592234	LTR/ERVL-MaLR	2262	-	99	102592135	63202
chr5	102528933	102728933	harbor1	chr5	102592490	102592676	LTR/ERVL-MaLR	2262	-	93	102592583	63650
chr5	102528933	102728933	harbor1	chr5	102592677	102594243	LTR/ERVL-MaLR	11239	-	783	102593460	64527
chr5	102528933	102728933	harbor1	chr5	102594244	102594616	LTR/ERVL-MaLR	2084	-	186	102594430	65497
chr5	102528933	102728933	harbor1	chr5	102621224	102621609	LTR/ERVL-MaLR	2423	-	192	102621416	92483
chr5	57285825	57485825	harbor1	chr5	57293887	57294219	LTR/ERVL-MaLR	661	-	166	57294053	8228
chr5	57285825	57485825	harbor1	chr5	57294220	57294706	LTR/ERVL-MaLR	2576	-	243	57294463	8638
chr5	57285825	57485825	harbor1	chr5	57294707	57294763	LTR/ERVL-MaLR	661	-	28	57294735	8910
chr5	57285825	57485825	harbor1	chr5	57299499	57299844	LTR/ERVL-MaLR	2094	-	172	57299671	13846
chr5	57285825	57485825	harbor1	chr5	57302007	57302382	LTR/ERVL-MaLR	2849	-	188	57302195	16370
chr5	57285825	57485825	harbor1	chr5	57326764	57326987	LTR/ERVL-MaLR	1131	-	112	57326876	41051
chr5	57285825	57485825	harbor1	chr5	57327284	57327499	LTR/ERVL-MaLR	1131	-	108	57327392	41567
chr5	57285825	57485825	harbor1	chr5	57329148	57329533	LTR/ERVL-MaLR	1465	-	192	57329340	43515
chr5	57285825	57485825	harbor1	chr5	57347421	57347788	LTR/ERVL-MaLR	1495	-	184	57347605	61780
chr5	57285825	57485825	harbor1	chr5	57382067	57382503	LTR/ERVL-MaLR	1116	-	218	57382285	96460
chr5	17419368	17619368	harbor1	chr5	17442721	17443142	LTR/ERVL-MaLR	2749	-	210	17442931	23563
chr5	17419368	17619368	harbor1	chr5	17478050	17478306	LTR/ERVL-MaLR	745	-	128	17478178	58810
chr5	9885825	10085825	harbor1	chr5	9910763	9911220	LTR/ERVL-MaLR	2018	-	228	9910991	25166
chr5	9885825	10085825	harbor1	chr5	9930094	9930298	LTR/ERVL-MaLR	1291	-	102	9930196	44371
chr5	9885825	10085825	harbor1	chr5	9930605	9930771	LTR/ERVL-MaLR	1291	-	83	9930688	44863
chr5	9885825	10085825	harbor1	chr5	9934177	9934546	LTR/ERVL-MaLR	2660	-	184	9934361	48536
chr5	9885825	10085825	harbor1	chr5	9938819	9939237	LTR/ERVL-MaLR	2491	-	209	9939028	53203
chr5	9885825	10085825	harbor1	chr5	9941448	9941903	LTR/ERVL-MaLR	882	-	228	9941676	55851
chr5	9885825	10085825	harbor1	chr5	9952693	9953208	LTR/ERVL-MaLR	2578	-	258	9952951	67126
chr5	9885825	10085825	harbor1	chr5	9962060	9962424	LTR/ERVL-MaLR	2240	-	182	9962242	76417
chr5	9885825	10085825	harbor1	chr5	9965845	9966288	LTR/ERVL-MaLR	2068	-	222	9966067	80242
chr5	9885825	10085825	harbor1	chr5	9974311	9974684	LTR/ERVL-MaLR	1968	-	186	9974497	88672
chr5	151998542	152198542	harbor1	chr5	152000641	152001081	LTR/ERVL-MaLR	1908	-	220	152000861	2319
chr5	151998542	152198542	harbor1	chr5	152039953	152040448	LTR/ERVL-MaLR	672	-	248	152040201	41659
chr5	151998542	152198542	harbor1	chr5	152042720	152043032	LTR/ERVL-MaLR	1548	-	156	152042876	44334
chr5	151998542	152198542	harbor1	chr5	152064150	152064683	LTR/ERVL-MaLR	913	-	266	152064416	65874
chr5	151998542	152198542	harbor1	chr5	152074962	152075292	LTR/ERVL-MaLR	1214	-	165	152075127	76585
chr5	151998542	152198542	harbor1	chr5	152085010	152085234	LTR/ERVL-MaLR	857	-	112	152085122	86580
chr5	151998542	152198542	harbor1	chr5	152096538	152096677	LTR/ERVL-MaLR	707	-	70	152096608	98066
chr5	151998542	152198542	harbor1	chr5	152096806	152097042	LTR/ERVL-MaLR	707	-	118	152096924	98382
chr5	149108535	149308535	harbor1	chr5	149112827	149113209	LTR/ERVL-MaLR	2045	-	191	149113018	4483
chr5	149108535	149308535	harbor1	chr5	149151016	149151425	LTR/ERVL-MaLR	1745	-	204	149151220	42685
chr5	149108535	149308535	harbor1	chr5	149163402	149163761	LTR/ERVL-MaLR	2273	-	180	149163582	55047
chr5	149108535	149308535	harbor1	chr5	149169175	149169706	LTR/ERVL-MaLR	920	-	266	149169441	60906
chr5	149108535	149308535	harbor1	chr5	149170413	149170608	LTR/ERVL-MaLR	557	-	98	149170511	61976
chr5	149108535	149308535	harbor1	chr5	149181798	149182128	LTR/ERVL-MaLR	870	-	165	149181963	73428
chr5	149108535	149308535	harbor1	chr5	149185109	149185579	LTR/ERVL-MaLR	933	-	235	149185344	76809
chr5	149108535	149308535	harbor1	chr5	149188587	149188807	LTR/ERVL-MaLR	887	-	110	149188697	80162
chr5	149108535	149308535	harbor1	chr5	149208156	149208350	LTR/ERVL-MaLR	1557	-	97	149208253	99718
chr5	159930021	160130021	harbor1	chr5	159931609	159931964	LTR/ERVL-MaLR	1832	-	178	159931787	1766
chr5	159930021	160130021	harbor1	chr5	159954168	159954514	LTR/ERVL-MaLR	1867	-	173	159954341	24320
chr5	159930021	160130021	harbor1	chr5	159996385	159996601	LTR/ERVL-MaLR	615	-	108	159996493	66472
chr5	159930021	160130021	harbor1	chr5	159999602	159999792	LTR/ERVL-MaLR	1162	-	95	159999697	69676
chr5	159930021	160130021	harbor1	chr5	160017215	160017562	LTR/ERVL-MaLR	2063	-	174	160017389	87368
chr5	71117468	71317468	harbor1	chr5	71138597	71138780	LTR/ERVL-MaLR	464	-	92	71138689	21221
chr5	71117468	71317468	harbor1	chr5	71138797	71139035	LTR/ERVL-MaLR	656	-	119	71138916	21448
chr5	71117468	71317468	harbor1	chr5	71139038	71139210	LTR/ERVL-MaLR	791	-	86	71139124	21656
chr5	71117468	71317468	harbor1	chr5	71139620	71139914	LTR/ERVL-MaLR	992	-	147	71139767	22299
chr5	71117468	71317468	harbor1	chr5	71146502	71146898	LTR/ERVL-MaLR	1541	-	198	71146700	29232
chr5	71117468	71317468	harbor1	chr5	71150063	71150431	LTR/ERVL-MaLR	2144	-	184	71150247	32779
chr5	71117468	71317468	harbor1	chr5	71159262	71159640	LTR/ERVL-MaLR	2166	-	189	71159451	41983
chr5	71117468	71317468	harbor1	chr5	71159641	71161137	LTR/ERVL-MaLR	8650	-	748	71160389	42921
chr5	71117468	71317468	harbor1	chr5	71161140	71161510	LTR/ERVL-MaLR	2129	-	185	71161325	43857
chr5	71117468	71317468	harbor1	chr5	71165090	71165456	LTR/ERVL-MaLR	2019	-	183	71165273	47805
chr5	71117468	71317468	harbor1	chr5	71165986	71166425	LTR/ERVL-MaLR	1272	-	220	71166206	48738
chr5	71117468	71317468	harbor1	chr5	71171378	71171751	LTR/ERVL-MaLR	1826	-	186	71171564	54096
chr5	120292448	120492448	harbor1	chr5	120315920	120316272	LTR/ERVL-MaLR	2106	-	176	120316096	23648
chr5	120292448	120492448	harbor1	chr5	120322388	120322665	LTR/ERVL-MaLR	611	-	138	120322526	30078
chr5	120292448	120492448	harbor1	chr5	120376943	120377328	LTR/ERVL-MaLR	2127	-	192	120377135	84687
chr5	120292448	120492448	harbor1	chr5	120386931	120387288	LTR/ERVL-MaLR	1774	-	178	120387109	94661
chr5	120292448	120492448	harbor1	chr5	120387314	120387542	LTR/ERVL-MaLR	1056	-	114	120387428	94980
chr5	120292448	120492448	harbor1	chr5	120389777	120390132	LTR/ERVL-MaLR	1695	-	178	120389955	97507
chr5	38370025	38570025	harbor1	chr5	38415682	38416051	LTR/ERVL-MaLR	2859	-	184	38415866	45841
chr5	38370025	38570025	harbor1	chr5	38418838	38419293	LTR/ERVL-MaLR	1796	-	228	38419066	49041
chr5	38370025	38570025	harbor1	chr5	38426546	38426975	LTR/ERVL-MaLR	1641	-	214	38426760	56735
chr5	38370025	38570025	harbor1	chr5	38434666	38434776	LTR/ERVL-MaLR	495	-	55	38434721	64696
chr5	38370025	38570025	harbor1	chr5	38449759	38450207	LTR/ERVL-MaLR	741	-	224	38449983	79958
chr5	38370025	38570025	harbor1	chr5	38457252	38457683	LTR/ERVL-MaLR	1807	-	216	38457468	87443
chr5	60923588	61123588	harbor1	chr5	60978308	60978716	LTR/ERVL-MaLR	2510	-	204	60978512	54924
chr5	60923588	61123588	harbor1	chr5	60982183	60982385	LTR/ERVL-MaLR	1253	-	101	60982284	58696
chr5	60923588	61123588	harbor1	chr5	60985726	60985910	LTR/ERVL-MaLR	1241	-	92	60985818	62230
chr5	60923588	61123588	harbor1	chr5	61021101	61021600	LTR/ERVL-MaLR	2736	-	250	61021351	97763
chr5	72258098	72458098	harbor1	chr5	72328091	72328575	LTR/ERVL-MaLR	706	-	242	72328333	70235
chr5	72258098	72458098	harbor1	chr5	72348994	72349481	LTR/ERVL-MaLR	1068	-	244	72349238	91140
chr5	72258098	72458098	harbor1	chr5	72351487	72351839	LTR/ERVL-MaLR	2283	-	176	72351663	93565
chr5	119672351	119872351	harbor1	chr5	119684317	119684675	LTR/ERVL-MaLR	2124	-	179	119684496	12145
chr5	119672351	119872351	harbor1	chr5	119684676	119684757	LTR/ERVL-MaLR	462	-	40	119684716	12365
chr5	119672351	119872351	harbor1	chr5	119690816	119692281	LTR/ERVL-MaLR	9541	-	732	119691548	19197
chr5	119672351	119872351	harbor1	chr5	119692282	119692619	LTR/ERVL-MaLR	1806	-	168	119692450	20099
chr5	119672351	119872351	harbor1	chr5	119694342	119694716	LTR/ERVL-MaLR	1881	-	187	119694529	22178
chr5	119672351	119872351	harbor1	chr5	119721850	119722160	LTR/ERVL-MaLR	724	-	155	119722005	49654
chr5	119672351	119872351	harbor1	chr5	119722565	119722666	LTR/ERVL-MaLR	598	-	50	119722615	50264
chr5	119672351	119872351	harbor1	chr5	119747840	119747956	LTR/ERVL-MaLR	1664	-	58	119747898	75547
chr5	119672351	119872351	harbor1	chr5	119748268	119748670	LTR/ERVL-MaLR	1664	-	201	119748469	76118
chr5	119672351	119872351	harbor1	chr5	119762155	119762663	LTR/ERVL-MaLR	689	-	254	119762409	90058
chr5	35245409	35445409	harbor1	chr5	35248594	35248665	LTR/ERVL-MaLR	1736	-	36	35248630	3221
chr5	35245409	35445409	harbor1	chr5	35248973	35249252	LTR/ERVL-MaLR	1736	-	140	35249113	3704
chr5	35245409	35445409	harbor1	chr5	35251864	35252229	LTR/ERVL-MaLR	2820	-	182	35252046	6637
chr5	35245409	35445409	harbor1	chr5	35252230	35253805	LTR/ERVL-MaLR	10643	-	788	35253018	7609
chr5	35245409	35445409	harbor1	chr5	35253806	35254167	LTR/ERVL-MaLR	2699	-	180	35253986	8577
chr5	35245409	35445409	harbor1	chr5	35269939	35270457	LTR/ERVL-MaLR	1736	-	259	35270198	24789
chr5	35245409	35445409	harbor1	chr5	35287834	35288009	LTR/ERVL-MaLR	463	-	88	35287922	42513
chr5	35245409	35445409	harbor1	chr5	35294903	35295311	LTR/ERVL-MaLR	2177	-	204	35295107	49698
chr5	35245409	35445409	harbor1	chr5	35297418	35297803	LTR/ERVL-MaLR	2024	-	192	35297610	52201
chr5	35245409	35445409	harbor1	chr5	35314085	35314626	LTR/ERVL-MaLR	1747	-	270	35314355	68946
chr5	35245409	35445409	harbor1	chr5	35343583	35343777	LTR/ERVL-MaLR	2271	-	97	35343680	98271
chr5	35245409	35445409	harbor1	chr5	35344085	35344267	LTR/ERVL-MaLR	2271	-	91	35344176	98767
chr5	35245409	35445409	harbor1	chr5	35307293	35307719	LTR/ERVL-MaLR	1172	-	213	35307506	62097
chr5	26799773	26999773	harbor1	chr5	26832143	26832247	LTR/ERVL-MaLR	437	-	52	26832195	32422
chr5	26799773	26999773	harbor1	chr5	26844917	26845278	LTR/ERVL-MaLR	1718	-	180	26845097	45324
chr5	26799773	26999773	harbor1	chr5	26854247	26854435	LTR/ERVL-MaLR	635	-	94	26854341	54568
chr5	26799773	26999773	harbor1	chr5	26854483	26854648	LTR/ERVL-MaLR	860	-	82	26854565	54792
chr5	26799773	26999773	harbor1	chr5	26855103	26856465	LTR/ERVL-MaLR	6562	-	681	26855784	56011
chr5	26799773	26999773	harbor1	chr5	26856477	26856894	LTR/ERVL-MaLR	1838	-	208	26856685	56912
chr5	26799773	26999773	harbor1	chr5	26857017	26857160	LTR/ERVL-MaLR	564	-	72	26857089	57316
chr5	26799773	26999773	harbor1	chr5	26866717	26866848	LTR/ERVL-MaLR	436	-	66	26866783	67010
chr5	26799773	26999773	harbor1	chr5	26866931	26867165	LTR/ERVL-MaLR	565	-	117	26867048	67275
chr5	26799773	26999773	harbor1	chr5	26888650	26889052	LTR/ERVL-MaLR	748	-	201	26888851	89078
chr5	129142095	129342095	harbor1	chr5	129200775	129201108	LTR/ERVL-MaLR	1070	-	166	129200941	58846
chr5	129142095	129342095	harbor1	chr5	129201109	129201516	LTR/ERVL-MaLR	2088	-	204	129201313	59218
chr5	129142095	129342095	harbor1	chr5	129201558	129202252	LTR/ERVL-MaLR	3097	-	347	129201905	59810
chr5	129142095	129342095	harbor1	chr5	129202255	129202574	LTR/ERVL-MaLR	866	-	160	129202415	60320
chr5	175848152	176048152	harbor1	chr5	175855411	175855701	LTR/ERVL-MaLR	940	-	145	175855556	7404
chr5	175848152	176048152	harbor1	chr5	175855773	175855903	LTR/ERVL-MaLR	472	-	65	175855838	7686
chr5	175848152	176048152	harbor1	chr5	175859923	175860190	LTR/ERVL-MaLR	924	-	134	175860057	11905
chr5	175848152	176048152	harbor1	chr5	175860644	175860847	LTR/ERVL-MaLR	911	-	102	175860746	12594
chr5	175848152	176048152	harbor1	chr5	175885695	175886275	LTR/ERVL-MaLR	2326	-	290	175885985	37833
chr5	175848152	176048152	harbor1	chr5	175889289	175889758	LTR/ERVL-MaLR	2364	-	234	175889523	41371
chr5	175848152	176048152	harbor1	chr5	175903845	175904181	LTR/ERVL-MaLR	2117	-	168	175904013	55861
chr5	175848152	176048152	harbor1	chr5	175913275	175913621	LTR/ERVL-MaLR	1889	-	173	175913448	65296
chr5	175848152	176048152	harbor1	chr5	175916027	175916498	LTR/ERVL-MaLR	1457	-	236	175916263	68111
chr5	175848152	176048152	harbor1	chr5	175917497	175917688	LTR/ERVL-MaLR	614	-	96	175917593	69441
chr5	175848152	176048152	harbor1	chr5	175938586	175938813	LTR/ERVL-MaLR	522	-	114	175938700	90548
chr5	161747911	161947911	harbor1	chr5	161780317	161780671	LTR/ERVL-MaLR	1989	-	177	161780494	32583
chr5	169152805	169352805	harbor1	chr5	169201733	169201867	LTR/ERVL-MaLR	445	-	67	169201800	48995
chr5	166911735	167111735	harbor1	chr5	166924966	166925358	LTR/ERVL-MaLR	1795	-	196	166925162	13427
chr5	166911735	167111735	harbor1	chr5	166934859	166935243	LTR/ERVL-MaLR	551	-	192	166935051	23316
chr5	39583943	39783943	harbor1	chr5	39603065	39603536	LTR/ERVL-MaLR	1784	-	236	39603301	19358
chr5	39583943	39783943	harbor1	chr5	39605189	39605534	LTR/ERVL-MaLR	1508	-	172	39605361	21418
chr5	39583943	39783943	harbor1	chr5	39625910	39626271	LTR/ERVL-MaLR	2155	-	180	39626090	42147
chr5	39583943	39783943	harbor1	chr5	39629049	39629464	LTR/ERVL-MaLR	1646	-	208	39629257	45314
chr5	39583943	39783943	harbor1	chr5	39675325	39675543	LTR/ERVL-MaLR	884	-	109	39675434	91491
chr5	116615102	116815102	harbor1	chr5	116635130	116635344	LTR/ERVL-MaLR	1219	-	107	116635237	20135
chr5	116615102	116815102	harbor1	chr5	116635657	116635757	LTR/ERVL-MaLR	1219	-	50	116635707	20605
chr5	116615102	116815102	harbor1	chr5	116636124	116636492	LTR/ERVL-MaLR	2368	-	184	116636308	21206
chr5	116615102	116815102	harbor1	chr5	116636493	116636900	LTR/ERVL-MaLR	3280	-	204	116636697	21595
chr5	116615102	116815102	harbor1	chr5	116671446	116671775	LTR/ERVL-MaLR	956	-	164	116671610	56508
chr5	32621055	32821055	harbor1	chr5	32631806	32631989	LTR/ERVL-MaLR	1853	-	92	32631898	10843
chr5	32621055	32821055	harbor1	chr5	32632115	32632427	LTR/ERVL-MaLR	1853	-	156	32632271	11216
chr5	32621055	32821055	harbor1	chr5	32655344	32655705	LTR/ERVL-MaLR	2626	-	180	32655524	34469
chr5	32621055	32821055	harbor1	chr5	32655960	32656029	LTR/ERVL-MaLR	1838	-	34	32655994	34939
chr5	32621055	32821055	harbor1	chr5	32656333	32656622	LTR/ERVL-MaLR	1838	-	144	32656477	35422
chr5	32621055	32821055	harbor1	chr5	32656625	32658191	LTR/ERVL-MaLR	11354	-	783	32657408	36353
chr5	32621055	32821055	harbor1	chr5	32658192	32658552	LTR/ERVL-MaLR	1980	-	180	32658372	37317
chr5	32621055	32821055	harbor1	chr5	32671426	32671723	LTR/ERVL-MaLR	467	-	148	32671574	50519
chr5	32621055	32821055	harbor1	chr5	32705340	32705761	LTR/ERVL-MaLR	2850	-	210	32705550	84495
chr5	149838695	150038695	harbor1	chr5	149885680	149886118	LTR/ERVL-MaLR	2193	-	219	149885899	47204
chr5	62575511	62775511	harbor1	chr5	62592568	62592941	LTR/ERVL-MaLR	2616	-	186	62592754	17243
chr5	62575511	62775511	harbor1	chr5	62597992	62598300	LTR/ERVL-MaLR	667	-	154	62598146	22635
chr5	62575511	62775511	harbor1	chr5	62640458	62640735	LTR/ERVL-MaLR	2152	-	138	62640596	65085
chr5	62575511	62775511	harbor1	chr5	62641044	62641246	LTR/ERVL-MaLR	2152	-	101	62641145	65634
chr5	62575511	62775511	harbor1	chr5	62646307	62646711	LTR/ERVL-MaLR	2334	-	202	62646509	70998
chr5	62575511	62775511	harbor1	chr5	62651565	62651950	LTR/ERVL-MaLR	828	-	192	62651757	76246
chr5	62575511	62775511	harbor1	chr5	62667035	62667363	LTR/ERVL-MaLR	1160	-	164	62667199	91688
chr5	171929045	172129045	harbor1	chr5	171977553	171977911	LTR/ERVL-MaLR	2163	-	179	171977732	48687
chr5	171929045	172129045	harbor1	chr5	172008796	172008997	LTR/ERVL-MaLR	530	-	100	172008896	79851
chr5	171929045	172129045	harbor1	chr5	172009013	172009158	LTR/ERVL-MaLR	746	-	72	172009085	80040
chr5	171929045	172129045	harbor1	chr5	172012926	172012994	LTR/ERVL-MaLR	2089	-	34	172012960	83915
chr5	171929045	172129045	harbor1	chr5	172013275	172013610	LTR/ERVL-MaLR	2089	-	168	172013443	84398
chr5	171929045	172129045	harbor1	chr5	172022849	172022915	LTR/ERVL-MaLR	538	-	33	172022882	93837
chr5	171929045	172129045	harbor1	chr5	172023507	172023594	LTR/ERVL-MaLR	538	-	44	172023551	94506
chr5	171929045	172129045	harbor1	chr5	172025260	172025297	LTR/ERVL-MaLR	1100	-	18	172025278	96233
chr5	171929045	172129045	harbor1	chr5	172025584	172025657	LTR/ERVL-MaLR	1100	-	36	172025620	96575
chr5	171929045	172129045	harbor1	chr5	172025972	172026337	LTR/ERVL-MaLR	1100	-	182	172026154	97109
chr5	40293280	40493280	harbor1	chr5	40323220	40323582	LTR/ERVL-MaLR	1915	-	181	40323401	30121
chr5	40293280	40493280	harbor1	chr5	40367108	40367282	LTR/ERVL-MaLR	876	-	87	40367195	73915
chr5	40293280	40493280	harbor1	chr5	40367283	40367641	LTR/ERVL-MaLR	2411	-	179	40367462	74182
chr5	40293280	40493280	harbor1	chr5	40367642	40367810	LTR/ERVL-MaLR	876	-	84	40367726	74446
chr5	40293280	40493280	harbor1	chr5	40367812	40369291	LTR/ERVL-MaLR	3897	-	740	40368552	75272
chr5	40293280	40493280	harbor1	chr5	40369293	40369629	LTR/ERVL-MaLR	1016	-	168	40369461	76181
chr5	40293280	40493280	harbor1	chr5	40379788	40380186	LTR/ERVL-MaLR	1658	-	199	40379987	86707
chr5	24186286	24386286	harbor1	chr5	24189218	24189478	LTR/ERVL-MaLR	1130	-	130	24189348	3062
chr5	24186286	24386286	harbor1	chr5	24189828	24190072	LTR/ERVL-MaLR	1029	-	122	24189950	3664
chr5	24186286	24386286	harbor1	chr5	24216043	24216352	LTR/ERVL-MaLR	1119	-	154	24216197	29911
chr5	24186286	24386286	harbor1	chr5	24216658	24216771	LTR/ERVL-MaLR	1119	-	56	24216714	30428
chr5	24186286	24386286	harbor1	chr5	24230531	24230677	LTR/ERVL-MaLR	533	-	73	24230604	44318
chr5	24186286	24386286	harbor1	chr5	24235825	24236186	LTR/ERVL-MaLR	1476	-	180	24236005	49719
chr5	24186286	24386286	harbor1	chr5	24241984	24242341	LTR/ERVL-MaLR	601	-	178	24242162	55876
chr5	24186286	24386286	harbor1	chr5	24242347	24242711	LTR/ERVL-MaLR	1793	-	182	24242529	56243
chr5	24186286	24386286	harbor1	chr5	24242724	24242853	LTR/ERVL-MaLR	552	-	64	24242788	56502
chr5	24186286	24386286	harbor1	chr5	24247919	24248024	LTR/ERVL-MaLR	661	-	52	24247971	61685
chr5	24186286	24386286	harbor1	chr5	24249627	24249994	LTR/ERVL-MaLR	1822	-	184	24249811	63525
chr5	24186286	24386286	harbor1	chr5	24251998	24252333	LTR/ERVL-MaLR	1131	-	168	24252166	65880
chr5	24186286	24386286	harbor1	chr5	24248025	24249626	LTR/ERVL-MaLR	10301	-	800	24248825	62539
chr5	114009195	114209195	harbor1	chr5	114011568	114011861	LTR/ERVL-MaLR	1854	-	146	114011714	2519
chr5	114009195	114209195	harbor1	chr5	114031040	114031401	LTR/ERVL-MaLR	1895	-	180	114031220	22025
chr5	114009195	114209195	harbor1	chr5	114047587	114047985	LTR/ERVL-MaLR	730	-	199	114047786	38591
chr5	114009195	114209195	harbor1	chr5	114051213	114051468	LTR/ERVL-MaLR	583	-	128	114051341	42146
chr5	114009195	114209195	harbor1	chr5	114091578	114091951	LTR/ERVL-MaLR	1909	-	186	114091764	82569
chr5	114009195	114209195	harbor1	chr5	114091952	114093507	LTR/ERVL-MaLR	9631	-	778	114092730	83535
chr5	114009195	114209195	harbor1	chr5	114093510	114093885	LTR/ERVL-MaLR	2214	-	188	114093698	84503
chr5	114009195	114209195	harbor1	chr5	114097884	114098335	LTR/ERVL-MaLR	2134	-	226	114098110	88915
chr6	7574554	7774554	harbor1	chr6	7587659	7587960	LTR/ERVL-MaLR	580	-	150	7587809	13255
chr6	7574554	7774554	harbor1	chr6	7627434	7627794	LTR/ERVL-MaLR	1327	-	180	7627614	53060
chr6	7574554	7774554	harbor1	chr6	7635975	7636497	LTR/ERVL-MaLR	859	-	261	7636236	61682
chr6	7574554	7774554	harbor1	chr6	7636767	7637012	LTR/ERVL-MaLR	2470	-	122	7636889	62335
chr6	7574554	7774554	harbor1	chr6	7637318	7637533	LTR/ERVL-MaLR	2470	-	108	7637426	62872
chr6	7574554	7774554	harbor1	chr6	7639604	7639997	LTR/ERVL-MaLR	1418	-	196	7639800	65246
chr6	7574554	7774554	harbor1	chr6	7653162	7653511	LTR/ERVL-MaLR	674	-	174	7653336	78782
chr6	7574554	7774554	harbor1	chr6	7653548	7653871	LTR/ERVL-MaLR	991	-	162	7653710	79156
chr6	7574554	7774554	harbor1	chr6	7658890	7659323	LTR/ERVL-MaLR	2871	-	216	7659106	84552
chr6	7574554	7774554	harbor1	chr6	7668928	7669314	LTR/ERVL-MaLR	1743	-	193	7669121	94567
chr6	7574554	7774554	harbor1	chr6	7670479	7670885	LTR/ERVL-MaLR	1946	-	203	7670682	96128
chr6	164486733	164686733	harbor1	chr6	164515759	164516130	LTR/ERVL-MaLR	2440	-	186	164515945	29212
chr6	164486733	164686733	harbor1	chr6	164516131	164516462	LTR/ERVL-MaLR	2221	-	166	164516297	29564
chr6	164486733	164686733	harbor1	chr6	164516438	164516586	LTR/ERVL-MaLR	959	-	74	164516512	29779
chr6	164486733	164686733	harbor1	chr6	164516587	164516900	LTR/ERVL-MaLR	1418	-	156	164516743	30010
chr6	164486733	164686733	harbor1	chr6	164516901	164517273	LTR/ERVL-MaLR	2230	-	186	164517087	30354
chr6	164486733	164686733	harbor1	chr6	164517903	164518340	LTR/ERVL-MaLR	1073	-	218	164518121	31388
chr6	164486733	164686733	harbor1	chr6	164528143	164528626	LTR/ERVL-MaLR	1752	-	242	164528385	41652
chr6	164486733	164686733	harbor1	chr6	164540313	164540468	LTR/ERVL-MaLR	1342	-	78	164540391	53658
chr6	164486733	164686733	harbor1	chr6	164540989	164541311	LTR/ERVL-MaLR	1342	-	161	164541150	54417
chr6	164486733	164686733	harbor1	chr6	164542130	164542461	LTR/ERVL-MaLR	571	-	166	164542296	55563
chr6	164486733	164686733	harbor1	chr6	164556399	164556678	LTR/ERVL-MaLR	1235	-	140	164556539	69806
chr6	164486733	164686733	harbor1	chr6	164569867	164570281	LTR/ERVL-MaLR	2346	-	207	164570074	83341
chr6	164486733	164686733	harbor1	chr6	164580493	164580871	LTR/ERVL-MaLR	2291	-	189	164580682	93949
chr6	164486733	164686733	harbor1	chr6	164580874	164582489	LTR/ERVL-MaLR	10147	-	808	164581682	94949
chr6	164486733	164686733	harbor1	chr6	164582492	164582613	LTR/ERVL-MaLR	804	-	60	164582552	95819
chr6	20161315	20361315	harbor1	chr6	20161832	20162235	LTR/ERVL-MaLR	2122	-	202	20162034	719
chr6	20161315	20361315	harbor1	chr6	20182129	20182442	LTR/ERVL-MaLR	1558	-	156	20182285	20970
chr6	20161315	20361315	harbor1	chr6	20183760	20184113	LTR/ERVL-MaLR	2767	-	176	20183936	22621
chr6	20161315	20361315	harbor1	chr6	20219301	20219344	LTR/ERVL-MaLR	912	-	22	20219323	58008
chr6	20161315	20361315	harbor1	chr6	20219640	20219807	LTR/ERVL-MaLR	912	-	84	20219724	58409
chr6	20161315	20361315	harbor1	chr6	20220327	20220474	LTR/ERVL-MaLR	878	-	74	20220401	59086
chr6	20161315	20361315	harbor1	chr6	20229690	20230253	LTR/ERVL-MaLR	1068	-	282	20229972	68657
chr6	20161315	20361315	harbor1	chr6	20234564	20234978	LTR/ERVL-MaLR	1316	-	207	20234771	73456
chr6	128283216	128483216	harbor1	chr6	128293166	128293496	LTR/ERVL-MaLR	1836	-	165	128293331	10115
chr6	128283216	128483216	harbor1	chr6	128305890	128306192	LTR/ERVL-MaLR	1459	-	151	128306041	22825
chr6	128283216	128483216	harbor1	chr6	128362025	128362434	LTR/ERVL-MaLR	1949	-	204	128362229	79013
chr6	128283216	128483216	harbor1	chr6	128375208	128375574	LTR/ERVL-MaLR	2125	-	183	128375391	92175
chr6	128283216	128483216	harbor1	chr6	128375575	128377151	LTR/ERVL-MaLR	10686	-	788	128376363	93147
chr6	128283216	128483216	harbor1	chr6	128377152	128377523	LTR/ERVL-MaLR	2140	-	186	128377338	94122
chr6	125801913	126001913	harbor1	chr6	125801496	125801930	LTR/ERVL-MaLR	1572	-	217	125801713	200
chr6	125801913	126001913	harbor1	chr6	125826727	125826915	LTR/ERVL-MaLR	1992	-	94	125826821	24908
chr6	125801913	126001913	harbor1	chr6	125827217	125827429	LTR/ERVL-MaLR	1992	-	106	125827323	25410
chr6	125801913	126001913	harbor1	chr6	125835317	125835780	LTR/ERVL-MaLR	515	-	232	125835549	33636
chr6	125801913	126001913	harbor1	chr6	125863620	125863980	LTR/ERVL-MaLR	1620	-	180	125863800	61887
chr6	125801913	126001913	harbor1	chr6	125895534	125895936	LTR/ERVL-MaLR	1919	-	201	125895735	93822
chr6	126482795	126682795	harbor1	chr6	126495569	126495924	LTR/ERVL-MaLR	2571	-	178	126495747	12952
chr6	126482795	126682795	harbor1	chr6	126495925	126497481	LTR/ERVL-MaLR	11212	-	778	126496703	13908
chr6	126482795	126682795	harbor1	chr6	126497482	126497835	LTR/ERVL-MaLR	2607	-	176	126497658	14863
chr6	70708947	70908947	harbor1	chr6	70719580	70719932	LTR/ERVL-MaLR	2597	-	176	70719756	10809
chr6	70708947	70908947	harbor1	chr6	70719933	70721622	LTR/ERVL-MaLR	9498	-	844	70720777	11830
chr6	70708947	70908947	harbor1	chr6	70721625	70721986	LTR/ERVL-MaLR	2603	-	180	70721805	12858
chr6	70708947	70908947	harbor1	chr6	70740748	70741104	LTR/ERVL-MaLR	2221	-	178	70740926	31979
chr6	70708947	70908947	harbor1	chr6	70741105	70742692	LTR/ERVL-MaLR	11234	-	794	70741899	32952
chr6	70708947	70908947	harbor1	chr6	70742693	70743056	LTR/ERVL-MaLR	2177	-	182	70742875	33928
chr6	70708947	70908947	harbor1	chr6	70749012	70749374	LTR/ERVL-MaLR	1803	-	181	70749193	40246
chr6	70708947	70908947	harbor1	chr6	70780108	70780201	LTR/ERVL-MaLR	450	-	46	70780154	71207
chr6	70708947	70908947	harbor1	chr6	70795317	70795682	LTR/ERVL-MaLR	2087	-	182	70795499	86552
chr6	105233832	105433832	harbor1	chr6	105274099	105274467	LTR/ERVL-MaLR	1876	-	184	105274283	40451
chr6	105233832	105433832	harbor1	chr6	105280970	105281548	LTR/ERVL-MaLR	2105	-	289	105281259	47427
chr6	109606384	109806384	harbor1	chr6	109697295	109697738	LTR/ERVL-MaLR	1995	-	222	109697517	91133
chr6	109606384	109806384	harbor1	chr6	109699830	109700158	LTR/ERVL-MaLR	1514	-	164	109699994	93610
chr6	109606384	109806384	harbor1	chr6	109641706	109641963	LTR/ERVL-MaLR	525	-	128	109641834	35450
chr6	147275233	147475233	harbor1	chr6	147344433	147344801	LTR/ERVL-MaLR	1602	-	184	147344617	69384
chr6	147275233	147475233	harbor1	chr6	147366373	147366803	LTR/ERVL-MaLR	625	-	215	147366588	91355
chr6	42900419	43100419	harbor1	chr6	42992489	42992532	LTR/ERVL-MaLR	1918	-	22	42992511	92092
chr6	42900419	43100419	harbor1	chr6	42992843	42992878	LTR/ERVL-MaLR	1918	-	18	42992861	92442
chr6	42900419	43100419	harbor1	chr6	42993501	42993868	LTR/ERVL-MaLR	1918	-	184	42993685	93266
chr6	63488918	63688918	harbor1	chr6	63511953	63512080	LTR/ERVL-MaLR	725	-	64	63512017	23099
chr6	63488918	63688918	harbor1	chr6	63512378	63512736	LTR/ERVL-MaLR	725	-	179	63512557	23639
chr6	33260055	33460055	harbor1	chr6	33274599	33274831	LTR/ERVL-MaLR	525	-	116	33274715	14660
chr6	125665651	125865651	harbor1	chr6	125669302	125669547	LTR/ERVL-MaLR	746	-	122	125669424	3773
chr6	125665651	125865651	harbor1	chr6	125712862	125713219	LTR/ERVL-MaLR	2095	-	178	125713040	47389
chr6	43090959	43290959	harbor1	chr6	43131380	43131752	LTR/ERVL-MaLR	2630	-	186	43131566	40607
chr6	43090959	43290959	harbor1	chr6	43135759	43135805	LTR/ERVL-MaLR	920	-	23	43135782	44823
chr6	43090959	43290959	harbor1	chr6	43136349	43136728	LTR/ERVL-MaLR	920	-	190	43136539	45580
chr6	43090959	43290959	harbor1	chr6	43137025	43137121	LTR/ERVL-MaLR	920	-	48	43137073	46114
chr6	92262488	92462488	harbor1	chr6	92268207	92268494	LTR/ERVL-MaLR	625	-	144	92268351	5863
chr6	92262488	92462488	harbor1	chr6	92268557	92269308	LTR/ERVL-MaLR	2831	-	376	92268933	6445
chr6	92262488	92462488	harbor1	chr6	92269645	92270211	LTR/ERVL-MaLR	2831	-	283	92269928	7440
chr6	92262488	92462488	harbor1	chr6	92270212	92270323	LTR/ERVL-MaLR	430	-	56	92270268	7780
chr6	92262488	92462488	harbor1	chr6	92270387	92270598	LTR/ERVL-MaLR	553	-	106	92270493	8005
chr6	92262488	92462488	harbor1	chr6	92338311	92338718	LTR/ERVL-MaLR	839	-	204	92338515	76027
chr6	92262488	92462488	harbor1	chr6	92352184	92352626	LTR/ERVL-MaLR	2232	-	221	92352405	89917
chr6	159931637	160131637	harbor1	chr6	159935706	159936287	LTR/ERVL-MaLR	1442	-	290	159935996	4359
chr6	159931637	160131637	harbor1	chr6	159959511	159959928	LTR/ERVL-MaLR	1712	-	208	159959719	28082
chr6	159931637	160131637	harbor1	chr6	159960566	159960913	LTR/ERVL-MaLR	1782	-	174	159960740	29103
chr6	159931637	160131637	harbor1	chr6	159965026	159965462	LTR/ERVL-MaLR	2124	-	218	159965244	33607
chr6	159931637	160131637	harbor1	chr6	160000156	160000539	LTR/ERVL-MaLR	1980	-	192	160000348	68711
chr6	159931637	160131637	harbor1	chr6	160012322	160012699	LTR/ERVL-MaLR	2157	-	188	160012510	80873
chr6	159931637	160131637	harbor1	chr6	160028059	160028446	LTR/ERVL-MaLR	2153	-	194	160028253	96616
chr6	159931637	160131637	harbor1	chr6	159956881	159957026	LTR/ERVL-MaLR	450	-	72	159956953	25316
chr6	150161979	150361979	harbor1	chr6	150169718	150170238	LTR/ERVL-MaLR	1072	-	260	150169978	7999
chr6	150161979	150361979	harbor1	chr6	150182278	150182606	LTR/ERVL-MaLR	1603	-	164	150182442	20463
chr6	150161979	150361979	harbor1	chr6	150185686	150186058	LTR/ERVL-MaLR	923	-	186	150185872	23893
chr6	150161979	150361979	harbor1	chr6	150192605	150192875	LTR/ERVL-MaLR	500	-	135	150192740	30761
chr6	150161979	150361979	harbor1	chr6	150207711	150207823	LTR/ERVL-MaLR	526	-	56	150207767	45788
chr6	150161979	150361979	harbor1	chr6	150207889	150208215	LTR/ERVL-MaLR	752	-	163	150208052	46073
chr6	150161979	150361979	harbor1	chr6	150247883	150248256	LTR/ERVL-MaLR	1180	-	186	150248069	86090
chr6	150161979	150361979	harbor1	chr6	150258789	150259140	LTR/ERVL-MaLR	2317	-	176	150258965	96986
chr6	4441046	4641046	harbor1	chr6	4441138	4441462	LTR/ERVL-MaLR	997	-	162	4441300	254
chr6	4441046	4641046	harbor1	chr6	4446513	4446686	LTR/ERVL-MaLR	491	-	86	4446599	5553
chr6	4441046	4641046	harbor1	chr6	4455821	4456079	LTR/ERVL-MaLR	567	-	129	4455950	14904
chr6	4441046	4641046	harbor1	chr6	4465567	4465766	LTR/ERVL-MaLR	585	-	100	4465667	24621
chr6	4441046	4641046	harbor1	chr6	4466073	4466123	LTR/ERVL-MaLR	585	-	25	4466098	25052
chr6	4441046	4641046	harbor1	chr6	4477442	4477729	LTR/ERVL-MaLR	1221	-	144	4477586	36540
chr6	4441046	4641046	harbor1	chr6	4479961	4480122	LTR/ERVL-MaLR	777	-	80	4480041	38995
chr6	4441046	4641046	harbor1	chr6	4485641	4486203	LTR/ERVL-MaLR	1809	-	281	4485922	44876
chr6	4441046	4641046	harbor1	chr6	4494109	4494476	LTR/ERVL-MaLR	547	-	184	4494293	53247
chr6	4441046	4641046	harbor1	chr6	4505660	4506017	LTR/ERVL-MaLR	2324	-	178	4505838	64792
chr6	4441046	4641046	harbor1	chr6	4506020	4507614	LTR/ERVL-MaLR	11817	-	797	4506817	65771
chr6	4441046	4641046	harbor1	chr6	4507618	4507966	LTR/ERVL-MaLR	2033	-	174	4507792	66746
chr6	4441046	4641046	harbor1	chr6	4489054	4489439	LTR/ERVL-MaLR	1911	-	192	4489246	48200
chr6	4441046	4641046	harbor1	chr6	4456425	4456789	LTR/ERVL-MaLR	1905	-	182	4456607	15561
chr6	121853841	122053841	harbor1	chr6	121871302	121871656	LTR/ERVL-MaLR	2468	-	177	121871479	17638
chr6	121853841	122053841	harbor1	chr6	121871660	121873193	LTR/ERVL-MaLR	10813	-	766	121872426	18585
chr6	121853841	122053841	harbor1	chr6	121873194	121873549	LTR/ERVL-MaLR	2451	-	178	121873372	19531
chr6	121853841	122053841	harbor1	chr6	121902212	121902613	LTR/ERVL-MaLR	1277	-	200	121902412	48571
chr6	121853841	122053841	harbor1	chr6	121902615	121902935	LTR/ERVL-MaLR	1954	-	160	121902775	48934
chr6	121853841	122053841	harbor1	chr6	121903443	121903649	LTR/ERVL-MaLR	1954	-	103	121903546	49705
chr6	121853841	122053841	harbor1	chr6	121953456	121953587	LTR/ERVL-MaLR	2114	-	66	121953522	99681
chr6	67977629	68177629	harbor1	chr6	67981752	67982200	LTR/ERVL-MaLR	1792	-	224	67981976	4347
chr6	67977629	68177629	harbor1	chr6	68037904	68038272	LTR/ERVL-MaLR	1860	-	184	68038088	60459
chr6	67977629	68177629	harbor1	chr6	68038273	68039806	LTR/ERVL-MaLR	9977	-	766	68039039	61410
chr6	67977629	68177629	harbor1	chr6	68039797	68039941	LTR/ERVL-MaLR	977	-	72	68039869	62240
chr6	67977629	68177629	harbor1	chr6	68063794	68064088	LTR/ERVL-MaLR	1033	-	147	68063941	86312
chr6	36532897	36732897	harbor1	chr6	36571292	36571571	LTR/ERVL-MaLR	1500	-	140	36571432	38535
chr6	36532897	36732897	harbor1	chr6	36571859	36572018	LTR/ERVL-MaLR	854	-	80	36571939	39042
chr6	25776004	25976004	harbor1	chr6	25781479	25781884	LTR/ERVL-MaLR	1699	-	202	25781681	5677
chr6	25776004	25976004	harbor1	chr6	25784283	25784688	LTR/ERVL-MaLR	2492	-	202	25784485	8481
chr6	25776004	25976004	harbor1	chr6	25827533	25827838	LTR/ERVL-MaLR	1432	-	152	25827685	51681
chr6	25776004	25976004	harbor1	chr6	25827839	25828312	LTR/ERVL-MaLR	1658	-	236	25828075	52071
chr6	25776004	25976004	harbor1	chr6	25869513	25869849	LTR/ERVL-MaLR	2204	-	168	25869681	93677
chr6	86122732	86322732	harbor1	chr6	86123721	86124121	LTR/ERVL-MaLR	2006	-	200	86123921	1189
chr6	86122732	86322732	harbor1	chr6	86135576	86135664	LTR/ERVL-MaLR	1876	-	44	86135620	12888
chr6	86122732	86322732	harbor1	chr6	86135991	86136343	LTR/ERVL-MaLR	1876	-	176	86136167	13435
chr6	86122732	86322732	harbor1	chr6	86140344	86140739	LTR/ERVL-MaLR	1688	-	198	86140542	17810
chr6	86122732	86322732	harbor1	chr6	86157648	86157907	LTR/ERVL-MaLR	591	-	130	86157778	35046
chr6	26316125	26516125	harbor1	chr6	26320391	26320715	LTR/ERVL-MaLR	1520	-	162	26320553	4428
chr6	26316125	26516125	harbor1	chr6	26335642	26336065	LTR/ERVL-MaLR	2398	-	212	26335854	19729
chr6	26316125	26516125	harbor1	chr6	26362713	26362799	LTR/ERVL-MaLR	470	-	43	26362756	46631
chr6	26316125	26516125	harbor1	chr6	26363896	26364316	LTR/ERVL-MaLR	503	-	210	26364106	47981
chr6	26316125	26516125	harbor1	chr6	26378443	26378846	LTR/ERVL-MaLR	1599	-	202	26378645	62520
chr6	26316125	26516125	harbor1	chr6	26379144	26379282	LTR/ERVL-MaLR	1599	-	69	26379213	63088
chr6	26316125	26516125	harbor1	chr6	26380255	26380404	LTR/ERVL-MaLR	437	-	74	26380329	64204
chr6	26316125	26516125	harbor1	chr6	26395063	26395297	LTR/ERVL-MaLR	969	-	117	26395180	79055
chr6	26316125	26516125	harbor1	chr6	26396531	26397087	LTR/ERVL-MaLR	1683	-	278	26396809	80684
chr6	26316125	26516125	harbor1	chr6	26400612	26400665	LTR/ERVL-MaLR	573	-	26	26400638	84513
chr6	26316125	26516125	harbor1	chr6	26400697	26400896	LTR/ERVL-MaLR	573	-	100	26400797	84672
chr6	26316125	26516125	harbor1	chr6	26415333	26415873	LTR/ERVL-MaLR	1844	-	270	26415603	99478
chr6	120948150	121148150	harbor1	chr6	120986765	120987117	LTR/ERVL-MaLR	2552	-	176	120986941	38791
chr6	120948150	121148150	harbor1	chr6	121013462	121013530	LTR/ERVL-MaLR	434	-	34	121013496	65346
chr6	120948150	121148150	harbor1	chr6	121013534	121013624	LTR/ERVL-MaLR	1165	-	45	121013579	65429
chr6	120948150	121148150	harbor1	chr6	121013913	121014100	LTR/ERVL-MaLR	1165	-	94	121014007	65857
chr6	120948150	121148150	harbor1	chr6	121014723	121014934	LTR/ERVL-MaLR	1927	-	106	121014829	66679
chr6	120948150	121148150	harbor1	chr6	121015244	121015417	LTR/ERVL-MaLR	1927	-	86	121015330	67180
chr6	116620103	116820103	harbor1	chr6	116677466	116677533	LTR/ERVL-MaLR	1629	-	34	116677500	57397
chr6	116620103	116820103	harbor1	chr6	116677860	116678142	LTR/ERVL-MaLR	1629	-	141	116678001	57898
chr6	112084800	112284800	harbor1	chr6	112090531	112090713	LTR/ERVL-MaLR	772	-	91	112090622	5822
chr6	118740268	118940268	harbor1	chr6	118756772	118757013	LTR/ERVL-MaLR	2323	-	120	118756892	16624
chr6	118740268	118940268	harbor1	chr6	118757314	118757469	LTR/ERVL-MaLR	2323	-	78	118757392	17124
chr6	118740268	118940268	harbor1	chr6	118766208	118766629	LTR/ERVL-MaLR	2008	-	210	118766418	26150
chr6	118740268	118940268	harbor1	chr6	118791417	118791627	LTR/ERVL-MaLR	1960	-	105	118791522	51254
chr6	118740268	118940268	harbor1	chr6	118791628	118791989	LTR/ERVL-MaLR	2541	-	180	118791808	51540
chr6	118740268	118940268	harbor1	chr6	118791990	118792171	LTR/ERVL-MaLR	1960	-	90	118792080	51812
chr6	118740268	118940268	harbor1	chr6	118792191	118792571	LTR/ERVL-MaLR	2186	-	190	118792381	52113
chr6	164027340	164227340	harbor1	chr6	164045081	164045462	LTR/ERVL-MaLR	2390	-	190	164045271	17931
chr6	164027340	164227340	harbor1	chr6	164072570	164072932	LTR/ERVL-MaLR	2156	-	181	164072751	45411
chr6	164027340	164227340	harbor1	chr6	164073842	164074237	LTR/ERVL-MaLR	1566	-	198	164074040	46700
chr6	164027340	164227340	harbor1	chr6	164079709	164080084	LTR/ERVL-MaLR	996	-	188	164079897	52557
chr6	164027340	164227340	harbor1	chr6	164096147	164096523	LTR/ERVL-MaLR	2536	-	188	164096335	68995
chr6	164027340	164227340	harbor1	chr6	164096617	164096728	LTR/ERVL-MaLR	424	-	56	164096673	69333
chr6	164027340	164227340	harbor1	chr6	164113945	164114138	LTR/ERVL-MaLR	879	-	96	164114041	86701
chr6	164027340	164227340	harbor1	chr6	164121770	164122130	LTR/ERVL-MaLR	2304	-	180	164121950	94610
chr6	164027340	164227340	harbor1	chr6	164126198	164126305	LTR/ERVL-MaLR	431	-	54	164126252	98912
chr6	22726312	22926312	harbor1	chr6	22788788	22789252	LTR/ERVL-MaLR	2332	-	232	22789020	62708
chr6	63082852	63282852	harbor1	chr6	63096093	63096315	LTR/ERVL-MaLR	941	-	111	63096204	13352
chr6	63082852	63282852	harbor1	chr6	63096638	63096786	LTR/ERVL-MaLR	941	-	74	63096712	13860
chr6	63082852	63282852	harbor1	chr6	63125423	63125520	LTR/ERVL-MaLR	488	-	48	63125471	42619
chr6	63082852	63282852	harbor1	chr6	63125934	63126056	LTR/ERVL-MaLR	488	-	61	63125995	43143
chr6	63082852	63282852	harbor1	chr6	63126190	63126867	LTR/ERVL-MaLR	631	-	338	63126528	43676
chr6	63082852	63282852	harbor1	chr6	63131759	63132205	LTR/ERVL-MaLR	1560	-	223	63131982	49130
chr6	63082852	63282852	harbor1	chr6	63155268	63155364	LTR/ERVL-MaLR	535	-	48	63155316	72464
chr6	63082852	63282852	harbor1	chr6	63165523	63165947	LTR/ERVL-MaLR	883	-	212	63165735	82883
chr6	86439643	86639643	harbor1	chr6	86456812	86457192	LTR/ERVL-MaLR	1044	-	190	86457002	17359
chr6	86439643	86639643	harbor1	chr6	86457738	86457983	LTR/ERVL-MaLR	1087	-	122	86457860	18217
chr6	86439643	86639643	harbor1	chr6	86462205	86462435	LTR/ERVL-MaLR	560	-	115	86462320	22677
chr6	86439643	86639643	harbor1	chr6	86531261	86531684	LTR/ERVL-MaLR	443	-	212	86531473	91830
chr6	86439643	86639643	harbor1	chr6	86538229	86538660	LTR/ERVL-MaLR	2144	-	216	86538445	98802
chr6	126195301	126395301	harbor1	chr6	126219906	126220267	LTR/ERVL-MaLR	722	-	180	126220086	24785
chr6	126195301	126395301	harbor1	chr6	126233219	126233660	LTR/ERVL-MaLR	909	-	220	126233439	38138
chr6	126195301	126395301	harbor1	chr6	126252033	126252598	LTR/ERVL-MaLR	1687	-	282	126252315	57014
chr6	126195301	126395301	harbor1	chr6	126255865	126256346	LTR/ERVL-MaLR	1970	-	240	126256105	60804
chr6	126195301	126395301	harbor1	chr6	126256347	126256851	LTR/ERVL-MaLR	2297	-	252	126256599	61298
chr6	126195301	126395301	harbor1	chr6	126257186	126257278	LTR/ERVL-MaLR	2297	-	46	126257232	61931
chr6	126195301	126395301	harbor1	chr6	126288409	126288778	LTR/ERVL-MaLR	1191	-	184	126288593	93292
chr6	135031307	135231307	harbor1	chr6	135049089	135049438	LTR/ERVL-MaLR	1841	-	174	135049263	17956
chr6	135031307	135231307	harbor1	chr6	135071078	135071398	LTR/ERVL-MaLR	1315	-	160	135071238	39931
chr6	64986850	65186850	harbor1	chr6	65018157	65018623	LTR/ERVL-MaLR	2540	-	233	65018390	31540
chr6	64986850	65186850	harbor1	chr6	65019743	65020112	LTR/ERVL-MaLR	2559	-	184	65019927	33077
chr6	64986850	65186850	harbor1	chr6	65020118	65021692	LTR/ERVL-MaLR	9789	-	787	65020905	34055
chr6	64986850	65186850	harbor1	chr6	65021693	65022075	LTR/ERVL-MaLR	2359	-	191	65021884	35034
chr6	64986850	65186850	harbor1	chr6	65040162	65040611	LTR/ERVL-MaLR	2111	-	224	65040386	53536
chr6	64986850	65186850	harbor1	chr6	65040964	65041234	LTR/ERVL-MaLR	516	-	135	65041099	54249
chr6	64986850	65186850	harbor1	chr6	65041305	65041967	LTR/ERVL-MaLR	1274	-	331	65041636	54786
chr6	18038607	18238607	harbor1	chr6	18064808	18065160	LTR/ERVL-MaLR	2885	-	176	18064984	26377
chr6	18038607	18238607	harbor1	chr6	18070031	18070177	LTR/ERVL-MaLR	668	-	73	18070104	31497
chr6	18038607	18238607	harbor1	chr6	18071079	18071132	LTR/ERVL-MaLR	1360	-	26	18071105	32498
chr6	18038607	18238607	harbor1	chr6	18075285	18075663	LTR/ERVL-MaLR	2810	-	189	18075474	36867
chr6	18038607	18238607	harbor1	chr6	18076779	18077064	LTR/ERVL-MaLR	1342	-	142	18076921	38314
chr6	18038607	18238607	harbor1	chr6	18100348	18100635	LTR/ERVL-MaLR	697	-	144	18100492	61885
chr6	18038607	18238607	harbor1	chr6	18100911	18101287	LTR/ERVL-MaLR	2247	-	188	18101099	62492
chr6	18038607	18238607	harbor1	chr6	18104658	18105064	LTR/ERVL-MaLR	2212	-	203	18104861	66254
chr6	18038607	18238607	harbor1	chr6	18117885	18118034	LTR/ERVL-MaLR	483	-	74	18117959	79352
chr6	18038607	18238607	harbor1	chr6	18071442	18071634	LTR/ERVL-MaLR	1360	-	96	18071538	32931
chr6	70313575	70513575	harbor1	chr6	70340567	70340942	LTR/ERVL-MaLR	2187	-	188	70340755	27180
chr6	70313575	70513575	harbor1	chr6	70340950	70342463	LTR/ERVL-MaLR	9505	-	756	70341706	28131
chr6	70313575	70513575	harbor1	chr6	70342464	70342842	LTR/ERVL-MaLR	2327	-	189	70342653	29078
chr6	70313575	70513575	harbor1	chr6	70400034	70400212	LTR/ERVL-MaLR	2377	-	89	70400123	86548
chr6	70313575	70513575	harbor1	chr6	70400506	70400709	LTR/ERVL-MaLR	2377	-	102	70400608	87033
chr6	70313575	70513575	harbor1	chr6	70402281	70402706	LTR/ERVL-MaLR	1102	-	212	70402493	88918
chr6	70313575	70513575	harbor1	chr6	70402720	70402926	LTR/ERVL-MaLR	712	-	103	70402823	89248
chr6	7526584	7726584	harbor1	chr6	7587659	7587960	LTR/ERVL-MaLR	580	-	150	7587809	61225
chr6	83689592	83889592	harbor1	chr6	83714946	83715321	LTR/ERVL-MaLR	2719	-	188	83715134	25542
chr6	83689592	83889592	harbor1	chr6	83788963	83789184	LTR/ERVL-MaLR	470	-	110	83789073	99481
chr6	12391601	12591601	harbor1	chr6	12405680	12406082	LTR/ERVL-MaLR	1885	-	201	12405881	14280
chr6	12391601	12591601	harbor1	chr6	12421577	12422058	LTR/ERVL-MaLR	1519	-	240	12421817	30216
chr6	12391601	12591601	harbor1	chr6	12437837	12438219	LTR/ERVL-MaLR	1785	-	191	12438028	46427
chr6	12391601	12591601	harbor1	chr6	12452518	12452946	LTR/ERVL-MaLR	1296	-	214	12452732	61131
chr6	12391601	12591601	harbor1	chr6	12476294	12476719	LTR/ERVL-MaLR	2042	-	212	12476506	84905
chr6	12391601	12591601	harbor1	chr6	12418916	12419456	LTR/ERVL-MaLR	2137	-	270	12419186	27585
chr6	107500963	107700963	harbor1	chr6	107517232	107517609	LTR/ERVL-MaLR	1824	-	188	107517420	16457
chr6	107500963	107700963	harbor1	chr6	107566503	107566965	LTR/ERVL-MaLR	1184	-	231	107566734	65771
chr6	39730097	39930097	harbor1	chr6	39749625	39750095	LTR/ERVL-MaLR	1358	-	235	39749860	19763
chr6	39730097	39930097	harbor1	chr6	39763397	39763825	LTR/ERVL-MaLR	1219	-	214	39763611	33514
chr6	39730097	39930097	harbor1	chr6	39782098	39782126	LTR/ERVL-MaLR	973	-	14	39782112	52015
chr6	39730097	39930097	harbor1	chr6	39782472	39782777	LTR/ERVL-MaLR	973	-	152	39782624	52527
chr6	39730097	39930097	harbor1	chr6	39809848	39810302	LTR/ERVL-MaLR	544	-	227	39810075	79978
chr6	39730097	39930097	harbor1	chr6	39817309	39817511	LTR/ERVL-MaLR	753	-	101	39817410	87313
chr6	39730097	39930097	harbor1	chr6	39819647	39819981	LTR/ERVL-MaLR	1843	-	167	39819814	89717
chr6	39730097	39930097	harbor1	chr6	39828172	39828333	LTR/ERVL-MaLR	807	-	80	39828252	98155
chr6	39730097	39930097	harbor1	chr6	39828478	39828570	LTR/ERVL-MaLR	1194	-	46	39828524	98427
chr6	39730097	39930097	harbor1	chr6	39828821	39828970	LTR/ERVL-MaLR	1194	-	74	39828895	98798
chr6	83763171	83963171	harbor1	chr6	83788963	83789184	LTR/ERVL-MaLR	470	-	110	83789073	25902
chr6	83763171	83963171	harbor1	chr6	83805893	83806245	LTR/ERVL-MaLR	2124	-	176	83806069	42898
chr6	83763171	83963171	harbor1	chr6	83835378	83835814	LTR/ERVL-MaLR	2235	-	218	83835596	72425
chr6	83763171	83963171	harbor1	chr6	83842427	83842571	LTR/ERVL-MaLR	482	-	72	83842499	79328
chr6	83763171	83963171	harbor1	chr6	83842621	83842802	LTR/ERVL-MaLR	739	-	90	83842711	79540
chr6	83763171	83963171	harbor1	chr6	83843866	83844447	LTR/ERVL-MaLR	1169	-	290	83844156	80985
chr6	86563747	86763747	harbor1	chr6	86625367	86625712	LTR/ERVL-MaLR	1624	-	172	86625539	61792
chr6	34127346	34327346	harbor1	chr6	34200706	34200950	LTR/ERVL-MaLR	765	-	122	34200828	73482
chr6	34127346	34327346	harbor1	chr6	34208760	34209057	LTR/ERVL-MaLR	887	-	148	34208908	81562
chr6	109763746	109963746	harbor1	chr6	109768429	109768638	LTR/ERVL-MaLR	816	-	104	109768533	4787
chr6	109763746	109963746	harbor1	chr6	109768812	109768956	LTR/ERVL-MaLR	632	-	72	109768884	5138
chr6	109763746	109963746	harbor1	chr6	109770490	109770857	LTR/ERVL-MaLR	1718	-	184	109770674	6928
chr6	109763746	109963746	harbor1	chr6	109809767	109810196	LTR/ERVL-MaLR	937	-	214	109809981	46235
chr6	109763746	109963746	harbor1	chr6	109819055	109819329	LTR/ERVL-MaLR	850	-	137	109819192	55446
chr6	109763746	109963746	harbor1	chr6	109772755	109773372	LTR/ERVL-MaLR	1813	-	308	109773063	9317
chr6	154505258	154705258	harbor1	chr6	154523881	154524306	LTR/ERVL-MaLR	2402	-	212	154524093	18835
chr6	154505258	154705258	harbor1	chr6	154528169	154528538	LTR/ERVL-MaLR	2596	-	184	154528353	23095
chr6	154505258	154705258	harbor1	chr6	154564452	154564811	LTR/ERVL-MaLR	1388	-	180	154564632	59374
chr6	94080583	94280583	harbor1	chr6	94156330	94156755	LTR/ERVL-MaLR	1069	-	212	94156542	75959
chr6	94080583	94280583	harbor1	chr6	94169987	94170362	LTR/ERVL-MaLR	2140	-	188	94170175	89592
chr6	51569033	51769033	harbor1	chr6	51586357	51586735	LTR/ERVL-MaLR	1991	-	189	51586546	17513
chr6	51569033	51769033	harbor1	chr6	51586745	51586869	LTR/ERVL-MaLR	856	-	62	51586807	17774
chr6	51569033	51769033	harbor1	chr6	51586874	51587271	LTR/ERVL-MaLR	2844	-	198	51587072	18039
chr6	51569033	51769033	harbor1	chr6	51587272	51587678	LTR/ERVL-MaLR	1861	-	203	51587475	18442
chr6	51569033	51769033	harbor1	chr6	51597847	51598206	LTR/ERVL-MaLR	2195	-	180	51598027	28994
chr6	51569033	51769033	harbor1	chr6	51609983	51610518	LTR/ERVL-MaLR	1984	-	268	51610251	41218
chr6	51569033	51769033	harbor1	chr6	51612902	51613104	LTR/ERVL-MaLR	1067	-	101	51613003	43970
chr6	51569033	51769033	harbor1	chr6	51655591	51655772	LTR/ERVL-MaLR	503	-	90	51655681	86648
chr6	149647378	149847378	harbor1	chr6	149656727	149656997	LTR/ERVL-MaLR	540	-	135	149656862	9484
chr6	71201362	71401362	harbor1	chr6	71203932	71204364	LTR/ERVL-MaLR	2110	-	216	71204148	2786
chr6	71201362	71401362	harbor1	chr6	71234698	71235057	LTR/ERVL-MaLR	2206	-	180	71234878	33516
chr6	71201362	71401362	harbor1	chr6	71280975	71281025	LTR/ERVL-MaLR	2183	-	25	71281000	79638
chr6	71201362	71401362	harbor1	chr6	71281384	71281880	LTR/ERVL-MaLR	2183	-	248	71281632	80270
chr6	71201362	71401362	harbor1	chr6	71286101	71286656	LTR/ERVL-MaLR	2087	-	278	71286379	85017
chr6	62572607	62772607	harbor1	chr6	62609958	62610773	LTR/ERVL-MaLR	5446	-	408	62610366	37759
chr6	62572607	62772607	harbor1	chr6	62610778	62611152	LTR/ERVL-MaLR	1856	-	187	62610965	38358
chr6	62572607	62772607	harbor1	chr6	62627433	62627933	LTR/ERVL-MaLR	1174	-	250	62627683	55076
chr6	62572607	62772607	harbor1	chr6	62656328	62656663	LTR/ERVL-MaLR	1577	-	168	62656496	83889
chr6	17125487	17325487	harbor1	chr6	17170985	17171056	LTR/ERVL-MaLR	1363	-	36	17171021	45534
chr6	17125487	17325487	harbor1	chr6	17171367	17171644	LTR/ERVL-MaLR	1363	-	138	17171505	46018
chr6	17125487	17325487	harbor1	chr6	17181468	17181809	LTR/ERVL-MaLR	1595	-	170	17181638	56151
chr6	17125487	17325487	harbor1	chr6	17192800	17193158	LTR/ERVL-MaLR	2005	-	179	17192979	67492
chr6	17125487	17325487	harbor1	chr6	17199626	17199949	LTR/ERVL-MaLR	1627	-	162	17199788	74301
chr6	17125487	17325487	harbor1	chr6	17224414	17224769	LTR/ERVL-MaLR	2176	-	178	17224592	99105
chr6	46871561	47071561	harbor1	chr6	46945713	46946067	LTR/ERVL-MaLR	2230	-	177	46945890	74329
chr6	23922124	24122124	harbor1	chr6	23926561	23926890	LTR/ERVL-MaLR	1516	-	164	23926725	4601
chr6	23922124	24122124	harbor1	chr6	23934529	23934876	LTR/ERVL-MaLR	1638	-	174	23934703	12579
chr6	23922124	24122124	harbor1	chr6	23937543	23937797	LTR/ERVL-MaLR	827	-	127	23937670	15546
chr6	23922124	24122124	harbor1	chr6	23938070	23938279	LTR/ERVL-MaLR	994	-	104	23938174	16050
chr6	23922124	24122124	harbor1	chr6	23961675	23962059	LTR/ERVL-MaLR	2200	-	192	23961867	39743
chr6	23922124	24122124	harbor1	chr6	23963743	23964258	LTR/ERVL-MaLR	1833	-	258	23964001	41877
chr6	23922124	24122124	harbor1	chr6	23966827	23967273	LTR/ERVL-MaLR	1533	-	223	23967050	44926
chr6	23922124	24122124	harbor1	chr6	23986320	23986713	LTR/ERVL-MaLR	1740	-	196	23986516	64392
chr6	23922124	24122124	harbor1	chr6	23996671	23997030	LTR/ERVL-MaLR	2404	-	180	23996851	74727
chr6	23922124	24122124	harbor1	chr6	24005067	24005459	LTR/ERVL-MaLR	2071	-	196	24005263	83139
chr6	83840575	84040575	harbor1	chr6	83842427	83842571	LTR/ERVL-MaLR	482	-	72	83842499	1924
chr6	83840575	84040575	harbor1	chr6	83842621	83842802	LTR/ERVL-MaLR	739	-	90	83842711	2136
chr6	83840575	84040575	harbor1	chr6	83843866	83844447	LTR/ERVL-MaLR	1169	-	290	83844156	3581
chr6	83840575	84040575	harbor1	chr6	83865304	83865762	LTR/ERVL-MaLR	2780	-	229	83865533	24958
chr6	83840575	84040575	harbor1	chr6	83877349	83877765	LTR/ERVL-MaLR	2131	-	208	83877557	36982
chr6	83840575	84040575	harbor1	chr6	83889644	83890048	LTR/ERVL-MaLR	2109	-	202	83889846	49271
chr6	83840575	84040575	harbor1	chr6	83925014	83925433	LTR/ERVL-MaLR	2706	-	210	83925224	84649
chr6	83840575	84040575	harbor1	chr6	83926381	83926693	LTR/ERVL-MaLR	1379	-	156	83926537	85962
chr6	83840575	84040575	harbor1	chr6	83885977	83886369	LTR/ERVL-MaLR	2407	-	196	83886173	45598
chr6	154414077	154614077	harbor1	chr6	154493581	154493952	LTR/ERVL-MaLR	1932	-	186	154493767	79690
chr6	154414077	154614077	harbor1	chr6	154494067	154494441	LTR/ERVL-MaLR	2519	-	187	154494254	80177
chr6	150473108	150673108	harbor1	chr6	150478671	150479132	LTR/ERVL-MaLR	1089	-	230	150478901	5793
chr6	150473108	150673108	harbor1	chr6	150487930	150488397	LTR/ERVL-MaLR	2014	-	234	150488164	15056
chr6	150473108	150673108	harbor1	chr6	150501035	150501539	LTR/ERVL-MaLR	421	-	252	150501287	28179
chr6	150473108	150673108	harbor1	chr6	150503604	150503993	LTR/ERVL-MaLR	1991	-	194	150503798	30690
chr6	150473108	150673108	harbor1	chr6	150559300	150559435	LTR/ERVL-MaLR	1117	-	68	150559368	86260
chr6	150473108	150673108	harbor1	chr6	150559756	150559911	LTR/ERVL-MaLR	1117	-	78	150559834	86726
chr6	77437407	77637407	harbor1	chr6	77496826	77497166	LTR/ERVL-MaLR	1192	-	170	77496996	59589
chr6	77437407	77637407	harbor1	chr6	77499286	77499689	LTR/ERVL-MaLR	2226	-	202	77499488	62081
chr6	77437407	77637407	harbor1	chr6	77516282	77516409	LTR/ERVL-MaLR	653	-	64	77516346	78939
chr6	50090444	50290444	harbor1	chr6	50114285	50114584	LTR/ERVL-MaLR	604	-	150	50114435	23991
chr6	45845126	46045126	harbor1	chr6	45856919	45857501	LTR/ERVL-MaLR	1717	-	291	45857210	12084
chr6	45845126	46045126	harbor1	chr6	45884019	45884190	LTR/ERVL-MaLR	499	-	86	45884105	38979
chr6	45845126	46045126	harbor1	chr6	45887161	45887597	LTR/ERVL-MaLR	1377	-	218	45887379	42253
chr6	45845126	46045126	harbor1	chr6	45889081	45889445	LTR/ERVL-MaLR	1824	-	182	45889263	44137
chr6	45845126	46045126	harbor1	chr6	45896942	45897202	LTR/ERVL-MaLR	700	-	130	45897072	51946
chr6	45845126	46045126	harbor1	chr6	45938987	45939217	LTR/ERVL-MaLR	1161	-	115	45939102	93976
chr6	45845126	46045126	harbor1	chr6	45939491	45939630	LTR/ERVL-MaLR	1161	-	70	45939561	94435
chr6	153304996	153504996	harbor1	chr6	153344484	153344964	LTR/ERVL-MaLR	1728	-	240	153344724	39728
chr6	153304996	153504996	harbor1	chr6	153362493	153362717	LTR/ERVL-MaLR	989	-	112	153362605	57609
chr6	158258918	158458918	harbor1	chr6	158261646	158262121	LTR/ERVL-MaLR	757	-	238	158261884	2966
chr6	158258918	158458918	harbor1	chr6	158268432	158268574	LTR/ERVL-MaLR	896	-	71	158268503	9585
chr6	158258918	158458918	harbor1	chr6	158268573	158268673	LTR/ERVL-MaLR	696	-	50	158268623	9705
chr6	158258918	158458918	harbor1	chr6	158310093	158310317	LTR/ERVL-MaLR	1361	-	112	158310205	51287
chr6	158258918	158458918	harbor1	chr6	158310550	158310731	LTR/ERVL-MaLR	1098	-	90	158310640	51722
chr6	158258918	158458918	harbor1	chr6	158315162	158315476	LTR/ERVL-MaLR	1523	-	157	158315319	56401
chr6	158258918	158458918	harbor1	chr6	158315623	158315982	LTR/ERVL-MaLR	2205	-	180	158315803	56885
chr6	158258918	158458918	harbor1	chr6	158316616	158316987	LTR/ERVL-MaLR	1794	-	186	158316802	57884
chr6	146198027	146398027	harbor1	chr6	146201344	146201698	LTR/ERVL-MaLR	1445	-	177	146201521	3494
chr6	146198027	146398027	harbor1	chr6	146202866	146202913	LTR/ERVL-MaLR	514	-	24	146202890	4863
chr6	146198027	146398027	harbor1	chr6	146203245	146203539	LTR/ERVL-MaLR	514	-	147	146203392	5365
chr6	146198027	146398027	harbor1	chr6	146228185	146228564	LTR/ERVL-MaLR	1341	-	190	146228375	30348
chr6	146198027	146398027	harbor1	chr6	146232148	146232387	LTR/ERVL-MaLR	1935	-	120	146232268	34241
chr6	146198027	146398027	harbor1	chr6	146232692	146232856	LTR/ERVL-MaLR	1935	-	82	146232774	34747
chr6	146198027	146398027	harbor1	chr6	146246915	146247301	LTR/ERVL-MaLR	492	-	193	146247108	49081
chr6	49492327	49692327	harbor1	chr6	49544433	49544740	LTR/ERVL-MaLR	638	-	154	49544587	52260
chr6	49492327	49692327	harbor1	chr6	49584154	49584544	LTR/ERVL-MaLR	1710	-	195	49584349	92022
chr6	105342515	105542515	harbor1	chr6	105408904	105409319	LTR/ERVL-MaLR	2650	-	208	105409112	66597
chr6	105342515	105542515	harbor1	chr6	105409320	105409402	LTR/ERVL-MaLR	490	-	41	105409361	66846
chr6	105342515	105542515	harbor1	chr6	105409683	105409968	LTR/ERVL-MaLR	1861	-	142	105409825	67310
chr6	105342515	105542515	harbor1	chr6	105427197	105427572	LTR/ERVL-MaLR	2898	-	188	105427385	84870
chr6	105342515	105542515	harbor1	chr6	105427757	105428170	LTR/ERVL-MaLR	1029	-	206	105427963	85448
chr6	105342515	105542515	harbor1	chr6	105429674	105429978	LTR/ERVL-MaLR	810	-	152	105429826	87311
chr6	62118920	62318920	harbor1	chr6	62187828	62188242	LTR/ERVL-MaLR	2357	-	207	62188035	69115
chr6	62118920	62318920	harbor1	chr6	62214584	62214745	LTR/ERVL-MaLR	509	-	80	62214664	95744
chr6	51541284	51741284	harbor1	chr6	51586357	51586735	LTR/ERVL-MaLR	1991	-	189	51586546	45262
chr6	51541284	51741284	harbor1	chr6	51586745	51586869	LTR/ERVL-MaLR	856	-	62	51586807	45523
chr6	51541284	51741284	harbor1	chr6	51586874	51587271	LTR/ERVL-MaLR	2844	-	198	51587072	45788
chr6	51541284	51741284	harbor1	chr6	51587272	51587678	LTR/ERVL-MaLR	1861	-	203	51587475	46191
chr6	51541284	51741284	harbor1	chr6	51597847	51598206	LTR/ERVL-MaLR	2195	-	180	51598027	56743
chr6	51541284	51741284	harbor1	chr6	51609983	51610518	LTR/ERVL-MaLR	1984	-	268	51610251	68967
chr6	51541284	51741284	harbor1	chr6	51612902	51613104	LTR/ERVL-MaLR	1067	-	101	51613003	71719
chr6	56356147	56556147	harbor1	chr6	56372548	56372800	LTR/ERVL-MaLR	661	-	126	56372674	16527
chr6	56356147	56556147	harbor1	chr6	56383067	56383415	LTR/ERVL-MaLR	1458	-	174	56383241	27094
chr6	56356147	56556147	harbor1	chr6	56385267	56385512	LTR/ERVL-MaLR	1068	-	122	56385389	29242
chr6	56356147	56556147	harbor1	chr6	56405106	56405338	LTR/ERVL-MaLR	701	-	116	56405222	49075
chr6	56356147	56556147	harbor1	chr6	56408806	56409148	LTR/ERVL-MaLR	806	-	171	56408977	52830
chr6	56356147	56556147	harbor1	chr6	56439832	56440014	LTR/ERVL-MaLR	644	-	91	56439923	83776
chr6	37781668	37981668	harbor1	chr6	37812606	37812861	LTR/ERVL-MaLR	873	-	128	37812734	31066
chr6	37781668	37981668	harbor1	chr6	37841877	37842218	LTR/ERVL-MaLR	1581	-	170	37842047	60379
chr6	37781668	37981668	harbor1	chr6	37845060	37845217	LTR/ERVL-MaLR	662	-	78	37845138	63470
chr6	37781668	37981668	harbor1	chr6	37873971	37874233	LTR/ERVL-MaLR	1770	-	131	37874102	92434
chr6	37781668	37981668	harbor1	chr6	37874538	37874733	LTR/ERVL-MaLR	1770	-	98	37874636	92968
chr6	14854122	15054122	harbor1	chr6	14856253	14856554	LTR/ERVL-MaLR	2012	-	150	14856403	2281
chr6	14854122	15054122	harbor1	chr6	14856837	14856931	LTR/ERVL-MaLR	2012	-	47	14856884	2762
chr6	14854122	15054122	harbor1	chr6	14890071	14890535	LTR/ERVL-MaLR	2595	-	232	14890303	36181
chr6	14854122	15054122	harbor1	chr6	14893741	14894155	LTR/ERVL-MaLR	2157	-	207	14893948	39826
chr6	14854122	15054122	harbor1	chr6	14892960	14893372	LTR/ERVL-MaLR	755	-	206	14893166	39044
chr6	153802596	154002596	harbor1	chr6	153811611	153812031	LTR/ERVL-MaLR	2303	-	210	153811821	9225
chr6	153802596	154002596	harbor1	chr6	153823719	153823971	LTR/ERVL-MaLR	1513	-	126	153823845	21249
chr6	153802596	154002596	harbor1	chr6	153843861	153844145	LTR/ERVL-MaLR	839	-	142	153844003	41407
chr6	153802596	154002596	harbor1	chr6	153873691	153873934	LTR/ERVL-MaLR	674	-	122	153873813	71217
chr6	22547808	22747808	harbor1	chr6	22591353	22591708	LTR/ERVL-MaLR	2355	-	178	22591531	43723
chr6	89472274	89672274	harbor1	chr6	89472019	89472335	LTR/ERVL-MaLR	1684	-	158	89472177	97
chr6	89472274	89672274	harbor1	chr6	89486489	89486610	LTR/ERVL-MaLR	683	-	60	89486549	14275
chr6	89472274	89672274	harbor1	chr6	89486759	89487009	LTR/ERVL-MaLR	1015	-	125	89486884	14610
chr6	89472274	89672274	harbor1	chr6	89493118	89493405	LTR/ERVL-MaLR	1508	-	144	89493262	20988
chr6	89472274	89672274	harbor1	chr6	89493716	89493928	LTR/ERVL-MaLR	1508	-	106	89493822	21548
chr6	89472274	89672274	harbor1	chr6	89508088	89508330	LTR/ERVL-MaLR	1262	-	121	89508209	35935
chr6	89472274	89672274	harbor1	chr6	89518794	89519185	LTR/ERVL-MaLR	1996	-	196	89518990	46716
chr6	89472274	89672274	harbor1	chr6	89554122	89554533	LTR/ERVL-MaLR	994	-	206	89554328	82054
chr6	89472274	89672274	harbor1	chr6	89560150	89560515	LTR/ERVL-MaLR	1319	-	182	89560332	88058
chr6	101408010	101608010	harbor1	chr6	101414700	101414892	LTR/ERVL-MaLR	507	-	96	101414796	6786
chr6	101408010	101608010	harbor1	chr6	101416974	101417329	LTR/ERVL-MaLR	2581	-	178	101417152	9142
chr6	101408010	101608010	harbor1	chr6	101461169	101461731	LTR/ERVL-MaLR	1884	-	281	101461450	53440
chr6	131062950	131262950	harbor1	chr6	131066194	131066450	LTR/ERVL-MaLR	641	-	128	131066322	3372
chr6	131062950	131262950	harbor1	chr6	131108204	131108556	LTR/ERVL-MaLR	2619	-	176	131108380	45430
chr6	131062950	131262950	harbor1	chr6	131108913	131109197	LTR/ERVL-MaLR	785	-	142	131109055	46105
chr6	80811391	81011391	harbor1	chr6	80838941	80839463	LTR/ERVL-MaLR	1059	-	261	80839202	27811
chr6	80811391	81011391	harbor1	chr6	80899249	80899636	LTR/ERVL-MaLR	1859	-	194	80899443	88052
chr6	80811391	81011391	harbor1	chr6	80899639	80901230	LTR/ERVL-MaLR	9755	-	796	80900435	89044
chr6	80811391	81011391	harbor1	chr6	80901231	80901615	LTR/ERVL-MaLR	1854	-	192	80901423	90032
chr6	80811391	81011391	harbor1	chr6	80902989	80903358	LTR/ERVL-MaLR	1935	-	184	80903173	91782
chr6	147515035	147715035	harbor1	chr6	147516535	147516645	LTR/ERVL-MaLR	613	-	55	147516590	1555
chr6	147515035	147715035	harbor1	chr6	147527160	147527570	LTR/ERVL-MaLR	2361	-	205	147527365	12330
chr6	147515035	147715035	harbor1	chr6	147527575	147527763	LTR/ERVL-MaLR	1305	-	94	147527669	12634
chr6	147515035	147715035	harbor1	chr6	147527820	147528181	LTR/ERVL-MaLR	2056	-	180	147528000	12965
chr6	147515035	147715035	harbor1	chr6	147528233	147528604	LTR/ERVL-MaLR	2116	-	186	147528419	13384
chr6	147515035	147715035	harbor1	chr6	147546544	147546703	LTR/ERVL-MaLR	456	-	80	147546624	31589
chr6	147515035	147715035	harbor1	chr6	147547183	147547757	LTR/ERVL-MaLR	1915	-	287	147547470	32435
chr6	147515035	147715035	harbor1	chr6	147557325	147557759	LTR/ERVL-MaLR	1358	-	217	147557542	42507
chr6	147515035	147715035	harbor1	chr6	147573197	147573571	LTR/ERVL-MaLR	2305	-	187	147573384	58349
chr6	147515035	147715035	harbor1	chr6	147574552	147574900	LTR/ERVL-MaLR	1612	-	174	147574726	59691
chr6	147515035	147715035	harbor1	chr6	147553960	147554334	LTR/ERVL-MaLR	2274	-	187	147554147	39112
chr6	6002112	6202112	harbor1	chr6	6024561	6025000	LTR/ERVL-MaLR	2039	-	220	6024781	22669
chr6	6002112	6202112	harbor1	chr6	6081289	6081444	LTR/ERVL-MaLR	475	-	78	6081367	79255
chr6	6002112	6202112	harbor1	chr6	6082665	6083066	LTR/ERVL-MaLR	2129	-	200	6082865	80753
chr6	115463784	115663784	harbor1	chr6	115492313	115492676	LTR/ERVL-MaLR	2132	-	182	115492495	28711
chr6	115463784	115663784	harbor1	chr6	115492677	115493108	LTR/ERVL-MaLR	10788	-	216	115492893	29109
chr6	115463784	115663784	harbor1	chr6	115494212	115495406	LTR/ERVL-MaLR	10788	-	597	115494809	31025
chr6	115463784	115663784	harbor1	chr6	115495407	115495771	LTR/ERVL-MaLR	2130	-	182	115495589	31805
chr6	115463784	115663784	harbor1	chr6	115501333	115501696	LTR/ERVL-MaLR	2006	-	182	115501515	37731
chr6	158827230	159027230	harbor1	chr6	158837165	158837572	LTR/ERVL-MaLR	1686	-	204	158837369	10139
chr6	158827230	159027230	harbor1	chr6	158846719	158846821	LTR/ERVL-MaLR	578	-	51	158846770	19540
chr6	158827230	159027230	harbor1	chr6	158846954	158847268	LTR/ERVL-MaLR	1060	-	157	158847111	19881
chr6	80560341	80760341	harbor1	chr6	80589612	80589796	LTR/ERVL-MaLR	956	-	92	80589704	29363
chr6	80560341	80760341	harbor1	chr6	80591103	80591459	LTR/ERVL-MaLR	1894	-	178	80591281	30940
chr6	80560341	80760341	harbor1	chr6	80630652	80631077	LTR/ERVL-MaLR	431	-	212	80630864	70523
chr6	31058960	31258960	harbor1	chr6	31095012	31095146	LTR/ERVL-MaLR	794	-	67	31095079	36119
chr6	31058960	31258960	harbor1	chr6	31113115	31113613	LTR/ERVL-MaLR	1835	-	249	31113364	54404
chr6	68244425	68444425	harbor1	chr6	68259436	68259796	LTR/ERVL-MaLR	2331	-	180	68259616	15191
chr6	68244425	68444425	harbor1	chr6	68259797	68261365	LTR/ERVL-MaLR	10706	-	784	68260581	16156
chr6	68244425	68444425	harbor1	chr6	68261366	68261463	LTR/ERVL-MaLR	469	-	48	68261414	16989
chr6	68244425	68444425	harbor1	chr6	68261697	68261974	LTR/ERVL-MaLR	1765	-	138	68261835	17410
chr6	68244425	68444425	harbor1	chr6	68273658	68274165	LTR/ERVL-MaLR	1994	-	254	68273912	29487
chr6	68244425	68444425	harbor1	chr6	68310805	68311059	LTR/ERVL-MaLR	807	-	127	68310932	66507
chr6	68244425	68444425	harbor1	chr6	68328317	68328697	LTR/ERVL-MaLR	1219	-	190	68328507	84082
chr6	68244425	68444425	harbor1	chr6	68333071	68333394	LTR/ERVL-MaLR	756	-	162	68333233	88808
chr6	107052290	107252290	harbor1	chr6	107123562	107123788	LTR/ERVL-MaLR	1452	-	113	107123675	71385
chr6	107052290	107252290	harbor1	chr6	107124095	107124246	LTR/ERVL-MaLR	1452	-	76	107124171	71881
chr6	107052290	107252290	harbor1	chr6	107136849	107137230	LTR/ERVL-MaLR	1870	-	190	107137039	84749
chr6	107052290	107252290	harbor1	chr6	107137540	107137597	LTR/ERVL-MaLR	1870	-	28	107137568	85278
chr6	76715932	76915932	harbor1	chr6	76759925	76760303	LTR/ERVL-MaLR	1898	-	189	76760114	44182
chr6	76715932	76915932	harbor1	chr6	76761316	76761694	LTR/ERVL-MaLR	2319	-	189	76761505	45573
chr6	76715932	76915932	harbor1	chr6	76761695	76762134	LTR/ERVL-MaLR	3149	-	220	76761915	45983
chr6	76715932	76915932	harbor1	chr6	76762146	76762514	LTR/ERVL-MaLR	2073	-	184	76762330	46398
chr6	76715932	76915932	harbor1	chr6	76788913	76789290	LTR/ERVL-MaLR	2228	-	188	76789101	73169
chr6	76715932	76915932	harbor1	chr6	76789291	76790884	LTR/ERVL-MaLR	8831	-	796	76790087	74155
chr6	76715932	76915932	harbor1	chr6	76790886	76791269	LTR/ERVL-MaLR	2075	-	192	76791078	75146
chr6	76715932	76915932	harbor1	chr6	76791699	76791911	LTR/ERVL-MaLR	1182	-	106	76791805	75873
chr6	123106710	123306710	harbor1	chr6	123189379	123189802	LTR/ERVL-MaLR	1472	-	212	123189591	82881
chr6	123106710	123306710	harbor1	chr6	123198415	123198654	LTR/ERVL-MaLR	2090	-	120	123198535	91825
chr6	123106710	123306710	harbor1	chr6	123199012	123199153	LTR/ERVL-MaLR	2090	-	70	123199082	92372
chr6	123106710	123306710	harbor1	chr6	123201386	123201747	LTR/ERVL-MaLR	2209	-	180	123201566	94856
chr6	123106710	123306710	harbor1	chr6	123108998	123109396	LTR/ERVL-MaLR	2030	-	199	123109197	2487
chr6	54638971	54838971	harbor1	chr6	54733193	54733536	LTR/ERVL-MaLR	1395	-	172	54733365	94394
chr6	67837123	68037123	harbor1	chr6	67838352	67838700	LTR/ERVL-MaLR	1543	-	174	67838526	1403
chr6	67837123	68037123	harbor1	chr6	67898806	67899136	LTR/ERVL-MaLR	1322	-	165	67898971	61848
chr6	67837123	68037123	harbor1	chr6	67930761	67931114	LTR/ERVL-MaLR	2376	-	176	67930937	93814
chr6	52398660	52598660	harbor1	chr6	52437485	52437901	LTR/ERVL-MaLR	1354	-	208	52437693	39033
chr6	104129804	104329804	harbor1	chr6	104138168	104138190	LTR/ERVL-MaLR	1729	-	11	104138179	8375
chr6	104129804	104329804	harbor1	chr6	104138191	104138546	LTR/ERVL-MaLR	2482	-	178	104138369	8565
chr6	104129804	104329804	harbor1	chr6	104138547	104138894	LTR/ERVL-MaLR	1729	-	174	104138721	8917
chr6	104129804	104329804	harbor1	chr6	104138895	104139094	LTR/ERVL-MaLR	4957	-	100	104138995	9191
chr6	104129804	104329804	harbor1	chr6	104139551	104141107	LTR/ERVL-MaLR	5834	-	778	104140329	10525
chr6	104129804	104329804	harbor1	chr6	104141108	104141469	LTR/ERVL-MaLR	1709	-	180	104141288	11484
chr6	104129804	104329804	harbor1	chr6	104143850	104144372	LTR/ERVL-MaLR	1453	-	261	104144111	14307
chr6	104129804	104329804	harbor1	chr6	104150580	104150927	LTR/ERVL-MaLR	2491	-	174	104150754	20950
chr6	104129804	104329804	harbor1	chr6	104150930	104152498	LTR/ERVL-MaLR	11789	-	784	104151714	21910
chr6	104129804	104329804	harbor1	chr6	104152499	104152854	LTR/ERVL-MaLR	2602	-	178	104152677	22873
chr6	104129804	104329804	harbor1	chr6	104180622	104180997	LTR/ERVL-MaLR	1712	-	188	104180810	51006
chr6	157157173	157357173	harbor1	chr6	157193392	157193898	LTR/ERVL-MaLR	854	-	253	157193645	36472
chr6	157157173	157357173	harbor1	chr6	157195087	157195707	LTR/ERVL-MaLR	2461	-	310	157195397	38224
chr6	133795859	133995859	harbor1	chr6	133812650	133813037	LTR/ERVL-MaLR	2400	-	194	133812844	16985
chr6	133795859	133995859	harbor1	chr6	133818264	133818619	LTR/ERVL-MaLR	2178	-	178	133818442	22583
chr6	133795859	133995859	harbor1	chr6	133821322	133821787	LTR/ERVL-MaLR	824	-	232	133821554	25695
chr6	133795859	133995859	harbor1	chr6	133823435	133823813	LTR/ERVL-MaLR	1960	-	189	133823624	27765
chr6	133795859	133995859	harbor1	chr6	133839771	133840153	LTR/ERVL-MaLR	1206	-	191	133839962	44103
chr6	133795859	133995859	harbor1	chr6	133866057	133866416	LTR/ERVL-MaLR	2476	-	180	133866237	70378
chr6	133795859	133995859	harbor1	chr6	133866419	133866798	LTR/ERVL-MaLR	2248	-	190	133866609	70750
chr6	133795859	133995859	harbor1	chr6	133824443	133824819	LTR/ERVL-MaLR	660	-	188	133824631	28772
chr6	108815922	109015922	harbor1	chr6	108817297	108817663	LTR/ERVL-MaLR	2387	-	183	108817480	1558
chr6	108815922	109015922	harbor1	chr6	108831822	108832125	LTR/ERVL-MaLR	1268	-	152	108831974	16052
chr6	108815922	109015922	harbor1	chr6	108832401	108832632	LTR/ERVL-MaLR	1268	-	116	108832517	16595
chr6	167796336	167996336	harbor1	chr6	167822024	167822414	LTR/ERVL-MaLR	2191	-	195	167822219	25883
chr6	167796336	167996336	harbor1	chr6	167845781	167846130	LTR/ERVL-MaLR	2193	-	174	167845955	49619
chr6	98615847	98815847	harbor1	chr6	98617042	98617471	LTR/ERVL-MaLR	2975	-	214	98617256	1409
chr6	98615847	98815847	harbor1	chr6	98617473	98617827	LTR/ERVL-MaLR	2079	-	177	98617650	1803
chr6	98615847	98815847	harbor1	chr6	98624063	98624655	LTR/ERVL-MaLR	1620	-	296	98624359	8512
chr6	98615847	98815847	harbor1	chr6	98655904	98656177	LTR/ERVL-MaLR	712	-	136	98656040	40193
chr6	98615847	98815847	harbor1	chr6	98673160	98673660	LTR/ERVL-MaLR	946	-	250	98673410	57563
chr6	98615847	98815847	harbor1	chr6	98614955	98616092	LTR/ERVL-MaLR	8531	-	568	98615523	324
chr6	16321069	16521069	harbor1	chr6	16401831	16402189	LTR/ERVL-MaLR	2217	-	179	16402010	80941
chr6	136687181	136887181	harbor1	chr6	136731278	136731461	LTR/ERVL-MaLR	592	-	92	136731370	44189
chr6	136687181	136887181	harbor1	chr6	136731488	136731654	LTR/ERVL-MaLR	611	-	83	136731571	44390
chr6	30139090	30339090	harbor1	chr6	30227684	30227770	LTR/ERVL-MaLR	524	-	43	30227727	88637
chr6	30139090	30339090	harbor1	chr6	30228475	30228978	LTR/ERVL-MaLR	1267	-	252	30228727	89637
chr6	123912068	124112068	harbor1	chr6	123914013	123914212	LTR/ERVL-MaLR	901	-	100	123914113	2045
chr6	123912068	124112068	harbor1	chr6	123914392	123914545	LTR/ERVL-MaLR	494	-	76	123914468	2400
chr6	123912068	124112068	harbor1	chr6	123925837	123926193	LTR/ERVL-MaLR	1963	-	178	123926015	13947
chr6	123912068	124112068	harbor1	chr6	123927562	123928032	LTR/ERVL-MaLR	573	-	235	123927797	15729
chr6	123912068	124112068	harbor1	chr6	123958481	123958683	LTR/ERVL-MaLR	1098	-	101	123958582	46514
chr6	123912068	124112068	harbor1	chr6	123975519	123975852	LTR/ERVL-MaLR	1874	-	166	123975685	63617
chr6	123912068	124112068	harbor1	chr6	123976219	123976243	LTR/ERVL-MaLR	1874	-	12	123976231	64163
chr6	123912068	124112068	harbor1	chr6	123987396	123987775	LTR/ERVL-MaLR	1705	-	190	123987586	75518
chr6	123912068	124112068	harbor1	chr6	123989903	123990285	LTR/ERVL-MaLR	2382	-	191	123990094	78026
chr6	60574882	60774882	harbor1	chr6	60587349	60587742	LTR/ERVL-MaLR	1887	-	196	60587545	12663
chr6	60574882	60774882	harbor1	chr6	60589288	60589674	LTR/ERVL-MaLR	2091	-	193	60589481	14599
chr6	60574882	60774882	harbor1	chr6	60608868	60609261	LTR/ERVL-MaLR	1853	-	196	60609064	34182
chr6	60574882	60774882	harbor1	chr6	60627829	60628160	LTR/ERVL-MaLR	1018	-	166	60627995	53113
chr6	60574882	60774882	harbor1	chr6	60666250	60666326	LTR/ERVL-MaLR	1941	-	38	60666288	91406
chr6	60574882	60774882	harbor1	chr6	60666626	60666927	LTR/ERVL-MaLR	1941	-	150	60666776	91894
chr6	60574882	60774882	harbor1	chr6	60667796	60668152	LTR/ERVL-MaLR	2056	-	178	60667974	93092
chr6	60574882	60774882	harbor1	chr6	60669003	60669403	LTR/ERVL-MaLR	1468	-	200	60669203	94321
chr6	60574882	60774882	harbor1	chr6	60587743	60589287	LTR/ERVL-MaLR	8969	-	772	60588515	13633
chr6	125713762	125913762	harbor1	chr6	125801496	125801930	LTR/ERVL-MaLR	1572	-	217	125801713	87951
chr6	40584416	40784416	harbor1	chr6	40603219	40603615	LTR/ERVL-MaLR	2168	-	198	40603417	19001
chr6	40584416	40784416	harbor1	chr6	40616548	40616728	LTR/ERVL-MaLR	1056	-	90	40616638	32222
chr6	40584416	40784416	harbor1	chr6	40616729	40617085	LTR/ERVL-MaLR	2170	-	178	40616907	32491
chr6	40584416	40784416	harbor1	chr6	40617086	40617141	LTR/ERVL-MaLR	1056	-	28	40617114	32698
chr6	40584416	40784416	harbor1	chr6	40651999	40652555	LTR/ERVL-MaLR	976	-	278	40652277	67861
chr6	40584416	40784416	harbor1	chr6	40682054	40682417	LTR/ERVL-MaLR	1876	-	182	40682236	97820
chr6	40584416	40784416	harbor1	chr6	40664907	40665316	LTR/ERVL-MaLR	1905	-	204	40665111	80695
chr6	62971758	63171758	harbor1	chr6	62989551	62989932	LTR/ERVL-MaLR	2263	-	190	62989741	17983
chr6	62971758	63171758	harbor1	chr6	62989939	62990241	LTR/ERVL-MaLR	9619	-	151	62990090	18332
chr6	62971758	63171758	harbor1	chr6	62990533	62991749	LTR/ERVL-MaLR	9619	-	608	62991141	19383
chr6	62971758	63171758	harbor1	chr6	62991750	62992124	LTR/ERVL-MaLR	2415	-	187	62991937	20179
chr6	62971758	63171758	harbor1	chr6	62993416	62993780	LTR/ERVL-MaLR	1966	-	182	62993598	21840
chr6	62971758	63171758	harbor1	chr6	62993781	62995407	LTR/ERVL-MaLR	10276	-	813	62994594	22836
chr6	62971758	63171758	harbor1	chr6	62995410	62995788	LTR/ERVL-MaLR	1532	-	189	62995599	23841
chr6	62971758	63171758	harbor1	chr6	63034456	63034651	LTR/ERVL-MaLR	978	-	98	63034554	62796
chr6	62971758	63171758	harbor1	chr6	63036203	63036471	LTR/ERVL-MaLR	621	-	134	63036337	64579
chr6	64382615	64582615	harbor1	chr6	64386242	64386600	LTR/ERVL-MaLR	2283	-	179	64386421	3806
chr6	64382615	64582615	harbor1	chr6	64419144	64419257	LTR/ERVL-MaLR	732	-	56	64419200	36585
chr6	64382615	64582615	harbor1	chr6	64419239	64419373	LTR/ERVL-MaLR	951	-	67	64419306	36691
chr6	64382615	64582615	harbor1	chr6	64419374	64421050	LTR/ERVL-MaLR	9073	-	838	64420212	37597
chr6	64382615	64582615	harbor1	chr6	64421051	64421424	LTR/ERVL-MaLR	2290	-	186	64421237	38622
chr6	64382615	64582615	harbor1	chr6	64431194	64431453	LTR/ERVL-MaLR	1043	-	130	64431324	48709
chr6	64382615	64582615	harbor1	chr6	64445476	64445726	LTR/ERVL-MaLR	442	-	125	64445601	62986
chr6	82061012	82261012	harbor1	chr6	82066236	82066765	LTR/ERVL-MaLR	1955	-	264	82066500	5488
chr6	82061012	82261012	harbor1	chr6	82095127	82095506	LTR/ERVL-MaLR	2198	-	190	82095317	34305
chr6	82061012	82261012	harbor1	chr6	82095514	82095985	LTR/ERVL-MaLR	748	-	236	82095750	34738
chr6	82061012	82261012	harbor1	chr6	82129158	82129444	LTR/ERVL-MaLR	649	-	143	82129301	68289
chr6	82061012	82261012	harbor1	chr6	82134957	82135399	LTR/ERVL-MaLR	669	-	221	82135178	74166
chr6	82061012	82261012	harbor1	chr6	82137639	82137845	LTR/ERVL-MaLR	533	-	103	82137742	76730
chr6	82061012	82261012	harbor1	chr6	82160549	82160927	LTR/ERVL-MaLR	2258	-	189	82160738	99726
chr6	49235875	49435875	harbor1	chr6	49258199	49258556	LTR/ERVL-MaLR	1743	-	178	49258377	22502
chr6	49235875	49435875	harbor1	chr6	49325612	49325976	LTR/ERVL-MaLR	2066	-	182	49325794	89919
chr6	94591099	94791099	harbor1	chr6	94592413	94592780	LTR/ERVL-MaLR	2366	-	184	94592597	1498
chr6	94591099	94791099	harbor1	chr6	94603644	94603999	LTR/ERVL-MaLR	1831	-	178	94603822	12723
chr6	94591099	94791099	harbor1	chr6	94604000	94605535	LTR/ERVL-MaLR	10873	-	768	94604768	13669
chr6	94591099	94791099	harbor1	chr6	94605536	94605891	LTR/ERVL-MaLR	1944	-	178	94605714	14615
chr6	94591099	94791099	harbor1	chr6	94640616	94641075	LTR/ERVL-MaLR	1582	-	230	94640846	49747
chr6	94591099	94791099	harbor1	chr6	94647615	94647981	LTR/ERVL-MaLR	1221	-	183	94647798	56699
chr6	94591099	94791099	harbor1	chr6	94690002	94690378	LTR/ERVL-MaLR	2477	-	188	94690190	99091
chr6	10559409	10759409	harbor1	chr6	10561985	10562152	LTR/ERVL-MaLR	499	-	84	10562069	2660
chr6	10559409	10759409	harbor1	chr6	10605875	10606032	LTR/ERVL-MaLR	521	-	78	10605953	46544
chr6	10559409	10759409	harbor1	chr6	10606314	10606480	LTR/ERVL-MaLR	521	-	83	10606397	46988
chr6	10559409	10759409	harbor1	chr6	10606881	10606930	LTR/ERVL-MaLR	2372	-	24	10606905	47496
chr6	10559409	10759409	harbor1	chr6	10607194	10607568	LTR/ERVL-MaLR	2372	-	187	10607381	47972
chr6	10559409	10759409	harbor1	chr6	10609142	10609556	LTR/ERVL-MaLR	2189	-	207	10609349	49940
chr6	10559409	10759409	harbor1	chr6	10619683	10620144	LTR/ERVL-MaLR	1866	-	230	10619913	60504
chr6	10559409	10759409	harbor1	chr6	10622256	10622618	LTR/ERVL-MaLR	2312	-	181	10622437	63028
chr6	10559409	10759409	harbor1	chr6	10624209	10624585	LTR/ERVL-MaLR	2158	-	188	10624397	64988
chr6	10559409	10759409	harbor1	chr6	10647358	10647419	LTR/ERVL-MaLR	1355	-	30	10647388	87979
chr6	10559409	10759409	harbor1	chr6	10647723	10648032	LTR/ERVL-MaLR	1355	-	154	10647877	88468
chr6	10559409	10759409	harbor1	chr6	10659009	10659226	LTR/ERVL-MaLR	550	-	108	10659117	99708
chr6	129617422	129817422	harbor1	chr6	129679751	129680211	LTR/ERVL-MaLR	1402	-	230	129679981	62559
chr6	118119946	118319946	harbor1	chr6	118140238	118140267	LTR/ERVL-MaLR	1631	-	14	118140252	20306
chr6	118119946	118319946	harbor1	chr6	118141462	118141777	LTR/ERVL-MaLR	1631	-	158	118141620	21674
chr6	118119946	118319946	harbor1	chr6	118152643	118152795	LTR/ERVL-MaLR	486	-	76	118152719	32773
chr6	118119946	118319946	harbor1	chr6	118201182	118201373	LTR/ERVL-MaLR	485	-	96	118201278	81332
chr6	33030925	33230925	harbor1	chr6	33035760	33036153	LTR/ERVL-MaLR	1192	-	196	33035956	5031
chr6	33030925	33230925	harbor1	chr6	33089392	33089619	LTR/ERVL-MaLR	549	-	114	33089506	58581
chr6	124262984	124462984	harbor1	chr6	124284867	124285629	LTR/ERVL-MaLR	1907	-	381	124285248	22264
chr6	124262984	124462984	harbor1	chr6	124293993	124294378	LTR/ERVL-MaLR	893	-	192	124294185	31201
chr6	124262984	124462984	harbor1	chr6	124338963	124339060	LTR/ERVL-MaLR	1198	-	48	124339011	76027
chr6	124262984	124462984	harbor1	chr6	124339373	124339812	LTR/ERVL-MaLR	1198	-	220	124339593	76609
chr6	170682777	170882777	harbor1	chr6	170685922	170686205	LTR/ERVL-MaLR	649	-	142	170686064	3287
chr6	170682777	170882777	harbor1	chr6	170697322	170697385	LTR/ERVL-MaLR	596	-	32	170697354	14577
chr6	170682777	170882777	harbor1	chr6	170697708	170697753	LTR/ERVL-MaLR	596	-	22	170697730	14953
chr6	170682777	170882777	harbor1	chr6	170703320	170703782	LTR/ERVL-MaLR	1767	-	231	170703551	20774
chr6	170682777	170882777	harbor1	chr6	170707418	170707589	LTR/ERVL-MaLR	494	-	86	170707504	24727
chr6	170682777	170882777	harbor1	chr6	170737716	170737885	LTR/ERVL-MaLR	439	-	84	170737800	55023
chr6	170682777	170882777	harbor1	chr6	170738975	170739370	LTR/ERVL-MaLR	809	-	198	170739173	56396
chr6	170682777	170882777	harbor1	chr6	170743158	170743597	LTR/ERVL-MaLR	1849	-	220	170743378	60601
chr6	77132138	77332138	harbor1	chr6	77151121	77151540	LTR/ERVL-MaLR	1805	-	210	77151331	19193
chr6	77132138	77332138	harbor1	chr6	77205659	77205954	LTR/ERVL-MaLR	1024	-	148	77205807	73669
chr6	77132138	77332138	harbor1	chr6	77205962	77206620	LTR/ERVL-MaLR	2093	-	329	77206291	74153
chr6	77132138	77332138	harbor1	chr6	77206621	77207119	LTR/ERVL-MaLR	1811	-	249	77206870	74732
chr6	77132138	77332138	harbor1	chr6	77227088	77227212	LTR/ERVL-MaLR	911	-	62	77227150	95012
chr6	77132138	77332138	harbor1	chr6	77227213	77227344	LTR/ERVL-MaLR	939	-	66	77227279	95141
chr6	120486239	120686239	harbor1	chr6	120489793	120490157	LTR/ERVL-MaLR	725	-	182	120489975	3736
chr6	120486239	120686239	harbor1	chr6	120499225	120499570	LTR/ERVL-MaLR	1325	-	172	120499397	13158
chr6	120486239	120686239	harbor1	chr6	120499870	120499982	LTR/ERVL-MaLR	1325	-	56	120499926	13687
chr6	120486239	120686239	harbor1	chr6	120501897	120502242	LTR/ERVL-MaLR	1292	-	172	120502069	15830
chr6	120486239	120686239	harbor1	chr6	120515622	120516054	LTR/ERVL-MaLR	1295	-	216	120515838	29599
chr6	120486239	120686239	harbor1	chr6	120530859	120531230	LTR/ERVL-MaLR	1743	-	186	120531045	44806
chr6	120486239	120686239	harbor1	chr6	120541912	120542359	LTR/ERVL-MaLR	1395	-	224	120542136	55897
chr6	111841449	112041449	harbor1	chr6	111881137	111881513	LTR/ERVL-MaLR	932	-	188	111881325	39876
chr6	111841449	112041449	harbor1	chr6	111901253	111901746	LTR/ERVL-MaLR	1665	-	246	111901499	60050
chr6	111841449	112041449	harbor1	chr6	111924401	111924842	LTR/ERVL-MaLR	1012	-	220	111924621	83172
chr6	111841449	112041449	harbor1	chr6	111938553	111939017	LTR/ERVL-MaLR	2260	-	232	111938785	97336
chr6	43641333	43841333	harbor1	chr6	43721234	43721684	LTR/ERVL-MaLR	1728	-	225	43721459	80126
chr6	43641333	43841333	harbor1	chr6	43722748	43723278	LTR/ERVL-MaLR	1131	-	265	43723013	81680
chr6	54744822	54944822	harbor1	chr6	54750167	54750528	LTR/ERVL-MaLR	1184	-	180	54750347	5525
chr6	54744822	54944822	harbor1	chr6	54778362	54778730	LTR/ERVL-MaLR	1922	-	184	54778546	33724
chr6	54744822	54944822	harbor1	chr6	54795905	54796105	LTR/ERVL-MaLR	2317	-	100	54796005	51183
chr6	54744822	54944822	harbor1	chr6	54798390	54798565	LTR/ERVL-MaLR	2317	-	88	54798478	53656
chr6	54744822	54944822	harbor1	chr6	54815173	54815679	LTR/ERVL-MaLR	2030	-	253	54815426	70604
chr6	54744822	54944822	harbor1	chr6	54828072	54828142	LTR/ERVL-MaLR	2026	-	35	54828107	83285
chr6	54744822	54944822	harbor1	chr6	54828455	54828783	LTR/ERVL-MaLR	2026	-	164	54828619	83797
chr6	98437313	98637313	harbor1	chr6	98508998	98509375	LTR/ERVL-MaLR	1773	-	188	98509186	71873
chr6	98437313	98637313	harbor1	chr6	98527363	98527972	LTR/ERVL-MaLR	3014	-	304	98527667	90354
chr6	14268936	14468936	harbor1	chr6	14268808	14269262	LTR/ERVL-MaLR	1466	-	227	14269035	99
chr6	14268936	14468936	harbor1	chr6	14280081	14280455	LTR/ERVL-MaLR	1636	-	187	14280268	11332
chr6	14268936	14468936	harbor1	chr6	14311914	14312106	LTR/ERVL-MaLR	499	-	96	14312010	43074
chr6	14268936	14468936	harbor1	chr6	14312182	14312452	LTR/ERVL-MaLR	524	-	135	14312317	43381
chr6	14268936	14468936	harbor1	chr6	14314419	14314553	LTR/ERVL-MaLR	835	-	67	14314486	45550
chr6	14268936	14468936	harbor1	chr6	14325067	14325245	LTR/ERVL-MaLR	577	-	89	14325156	56220
chr6	14268936	14468936	harbor1	chr6	14325307	14325555	LTR/ERVL-MaLR	461	-	124	14325431	56495
chr6	14268936	14468936	harbor1	chr6	14328243	14328606	LTR/ERVL-MaLR	2471	-	182	14328425	59489
chr6	14268936	14468936	harbor1	chr6	14348815	14349160	LTR/ERVL-MaLR	1493	-	172	14348987	80051
chr6	14268936	14468936	harbor1	chr6	14351121	14351460	LTR/ERVL-MaLR	908	-	170	14351291	82355
chr6	14268936	14468936	harbor1	chr6	14351569	14351927	LTR/ERVL-MaLR	1880	-	179	14351748	82812
chr6	61765722	61965722	harbor1	chr6	61803582	61803645	LTR/ERVL-MaLR	473	-	32	61803614	37892
chr6	61765722	61965722	harbor1	chr6	61803647	61803970	LTR/ERVL-MaLR	1745	-	162	61803809	38087
chr6	61765722	61965722	harbor1	chr6	61803976	61805526	LTR/ERVL-MaLR	9521	-	775	61804751	39029
chr6	61765722	61965722	harbor1	chr6	61805529	61805891	LTR/ERVL-MaLR	1688	-	181	61805710	39988
chr6	61765722	61965722	harbor1	chr6	61827586	61827927	LTR/ERVL-MaLR	1578	-	170	61827756	62034
chr6	61765722	61965722	harbor1	chr6	61853654	61854055	LTR/ERVL-MaLR	653	-	200	61853854	88132
chr6	61765722	61965722	harbor1	chr6	61865265	61865614	LTR/ERVL-MaLR	1953	-	174	61865439	99717
chr6	121930625	122130625	harbor1	chr6	121953456	121953587	LTR/ERVL-MaLR	2114	-	66	121953522	22897
chr6	121930625	122130625	harbor1	chr6	121953901	121954136	LTR/ERVL-MaLR	2114	-	118	121954019	23394
chr6	121930625	122130625	harbor1	chr6	121954137	121955319	LTR/ERVL-MaLR	11498	-	591	121954728	24103
chr6	121930625	122130625	harbor1	chr6	121955611	121956015	LTR/ERVL-MaLR	11498	-	202	121955813	25188
chr6	121930625	122130625	harbor1	chr6	121956016	121956369	LTR/ERVL-MaLR	2211	-	176	121956192	25567
chr6	121930625	122130625	harbor1	chr6	122015805	122016200	LTR/ERVL-MaLR	1754	-	198	122016003	85378
chr6	121930625	122130625	harbor1	chr6	122016494	122016860	LTR/ERVL-MaLR	1642	-	183	122016677	86052
chr6	49667690	49867690	harbor1	chr6	49760139	49760466	LTR/ERVL-MaLR	735	-	164	49760303	92613
chr6	49667690	49867690	harbor1	chr6	49761029	49761507	LTR/ERVL-MaLR	1942	-	239	49761268	93578
chr6	49667690	49867690	harbor1	chr6	49761492	49761879	LTR/ERVL-MaLR	1791	-	194	49761686	93996
chr6	49667690	49867690	harbor1	chr6	49761884	49762290	LTR/ERVL-MaLR	1891	-	203	49762087	94397
chr6	15922776	16122776	harbor1	chr6	15930621	15930895	LTR/ERVL-MaLR	1278	-	137	15930758	7982
chr6	15922776	16122776	harbor1	chr6	15930896	15931347	LTR/ERVL-MaLR	2323	-	226	15931122	8346
chr6	15922776	16122776	harbor1	chr6	15931348	15931401	LTR/ERVL-MaLR	1278	-	26	15931374	8598
chr6	15922776	16122776	harbor1	chr6	15932496	15932707	LTR/ERVL-MaLR	758	-	106	15932602	9826
chr6	15922776	16122776	harbor1	chr6	15937245	15937629	LTR/ERVL-MaLR	1785	-	192	15937437	14661
chr6	15922776	16122776	harbor1	chr6	15940653	15941127	LTR/ERVL-MaLR	2343	-	237	15940890	18114
chr6	15922776	16122776	harbor1	chr6	15941516	15941556	LTR/ERVL-MaLR	1555	-	20	15941536	18760
chr6	15922776	16122776	harbor1	chr6	15941854	15941896	LTR/ERVL-MaLR	1555	-	21	15941875	19099
chr6	15922776	16122776	harbor1	chr6	15942495	15942831	LTR/ERVL-MaLR	1555	-	168	15942663	19887
chr6	15922776	16122776	harbor1	chr6	15958460	15958733	LTR/ERVL-MaLR	868	-	136	15958596	35820
chr6	15922776	16122776	harbor1	chr6	15959458	15959485	LTR/ERVL-MaLR	868	-	14	15959472	36696
chr6	15922776	16122776	harbor1	chr6	15967784	15968238	LTR/ERVL-MaLR	2276	-	227	15968011	45235
chr6	15922776	16122776	harbor1	chr6	15981537	15981817	LTR/ERVL-MaLR	1845	-	140	15981677	58901
chr6	15922776	16122776	harbor1	chr6	15982126	15982286	LTR/ERVL-MaLR	1845	-	80	15982206	59430
chr6	15922776	16122776	harbor1	chr6	15982695	15982719	LTR/ERVL-MaLR	1845	-	12	15982707	59931
chr6	15922776	16122776	harbor1	chr6	15988132	15988553	LTR/ERVL-MaLR	547	-	210	15988342	65566
chr6	15922776	16122776	harbor1	chr6	16005496	16006053	LTR/ERVL-MaLR	1215	-	278	16005774	82998
chr6	115482519	115682519	harbor1	chr6	115492313	115492676	LTR/ERVL-MaLR	2132	-	182	115492495	9976
chr6	115482519	115682519	harbor1	chr6	115492677	115493108	LTR/ERVL-MaLR	10788	-	216	115492893	10374
chr6	115482519	115682519	harbor1	chr6	115494212	115495406	LTR/ERVL-MaLR	10788	-	597	115494809	12290
chr6	115482519	115682519	harbor1	chr6	115495407	115495771	LTR/ERVL-MaLR	2130	-	182	115495589	13070
chr6	115482519	115682519	harbor1	chr6	115501333	115501696	LTR/ERVL-MaLR	2006	-	182	115501515	18996
chr6	149029854	149229854	harbor1	chr6	149078534	149078830	LTR/ERVL-MaLR	2133	-	148	149078682	48828
chr6	149029854	149229854	harbor1	chr6	149079207	149079298	LTR/ERVL-MaLR	2133	-	46	149079253	49399
chr6	149029854	149229854	harbor1	chr6	149102291	149102655	LTR/ERVL-MaLR	2390	-	182	149102473	72619
chr6	149029854	149229854	harbor1	chr6	149110599	149110842	LTR/ERVL-MaLR	830	-	122	149110721	80867
chr6	81009011	81209011	harbor1	chr6	81045301	81045577	LTR/ERVL-MaLR	643	-	138	81045439	36428
chr6	81009011	81209011	harbor1	chr6	81046414	81046636	LTR/ERVL-MaLR	542	-	111	81046525	37514
chr6	81009011	81209011	harbor1	chr6	81051941	81052307	LTR/ERVL-MaLR	1724	-	183	81052124	43113
chr6	81009011	81209011	harbor1	chr6	81105380	81105914	LTR/ERVL-MaLR	1204	-	267	81105647	96636
chr6	87397046	87597046	harbor1	chr6	87405799	87406008	LTR/ERVL-MaLR	644	-	104	87405903	8857
chr6	87397046	87597046	harbor1	chr6	87406064	87406451	LTR/ERVL-MaLR	1005	-	194	87406258	9212
chr6	87397046	87597046	harbor1	chr6	87470294	87470703	LTR/ERVL-MaLR	2123	-	204	87470498	73452
chr6	87397046	87597046	harbor1	chr6	87491632	87491971	LTR/ERVL-MaLR	1373	-	170	87491802	94756
chr6	67687777	67887777	harbor1	chr6	67688430	67688786	LTR/ERVL-MaLR	2140	-	178	67688608	831
chr6	67687777	67887777	harbor1	chr6	67706590	67706953	LTR/ERVL-MaLR	2563	-	182	67706772	18995
chr6	67687777	67887777	harbor1	chr6	67750883	67751098	LTR/ERVL-MaLR	440	-	108	67750991	63214
chr6	110621265	110821265	harbor1	chr6	110710481	110710838	LTR/ERVL-MaLR	1925	-	178	110710659	89394
chr6	88396770	88596770	harbor1	chr6	88442600	88443120	LTR/ERVL-MaLR	1391	-	260	88442860	46090
chr6	88396770	88596770	harbor1	chr6	88464998	88465565	LTR/ERVL-MaLR	2091	-	284	88465282	68512
chr6	88396770	88596770	harbor1	chr6	88480019	88480358	LTR/ERVL-MaLR	559	-	170	88480189	83419
chr6	33066561	33266561	harbor1	chr6	33089392	33089619	LTR/ERVL-MaLR	549	-	114	33089506	22945
chr6	100328098	100528098	harbor1	chr6	100341970	100342667	LTR/ERVL-MaLR	1889	-	348	100342318	14220
chr6	100328098	100528098	harbor1	chr6	100364320	100364699	LTR/ERVL-MaLR	891	-	190	100364510	36412
chr6	102495215	102695215	harbor1	chr6	102514492	102514642	LTR/ERVL-MaLR	1131	-	75	102514567	19352
chr6	102495215	102695215	harbor1	chr6	102545005	102545261	LTR/ERVL-MaLR	939	-	128	102545133	49918
chr6	102495215	102695215	harbor1	chr6	102545386	102545495	LTR/ERVL-MaLR	572	-	54	102545440	50225
chr6	102495215	102695215	harbor1	chr6	102558866	102559250	LTR/ERVL-MaLR	1845	-	192	102559058	63843
chr6	102495215	102695215	harbor1	chr6	102568067	102568273	LTR/ERVL-MaLR	436	-	103	102568170	72955
chr6	102495215	102695215	harbor1	chr6	102574217	102574710	LTR/ERVL-MaLR	2088	-	246	102574463	79248
chr6	102495215	102695215	harbor1	chr6	102514685	102515054	LTR/ERVL-MaLR	1131	-	184	102514869	19654
chr6	102495215	102695215	harbor1	chr6	102563539	102563908	LTR/ERVL-MaLR	2592	-	184	102563723	68508
chr6	158218147	158418147	harbor1	chr6	158219141	158219496	LTR/ERVL-MaLR	558	-	178	158219319	1172
chr6	158218147	158418147	harbor1	chr6	158261646	158262121	LTR/ERVL-MaLR	757	-	238	158261884	43737
chr6	158218147	158418147	harbor1	chr6	158268432	158268574	LTR/ERVL-MaLR	896	-	71	158268503	50356
chr6	158218147	158418147	harbor1	chr6	158268573	158268673	LTR/ERVL-MaLR	696	-	50	158268623	50476
chr6	158218147	158418147	harbor1	chr6	158310093	158310317	LTR/ERVL-MaLR	1361	-	112	158310205	92058
chr6	158218147	158418147	harbor1	chr6	158310550	158310731	LTR/ERVL-MaLR	1098	-	90	158310640	92493
chr6	158218147	158418147	harbor1	chr6	158315162	158315476	LTR/ERVL-MaLR	1523	-	157	158315319	97172
chr6	158218147	158418147	harbor1	chr6	158315623	158315982	LTR/ERVL-MaLR	2205	-	180	158315803	97656
chr6	158218147	158418147	harbor1	chr6	158316616	158316987	LTR/ERVL-MaLR	1794	-	186	158316802	98655
chr6	113826200	114026200	harbor1	chr6	113827776	113828145	LTR/ERVL-MaLR	2224	-	184	113827960	1760
chr6	113826200	114026200	harbor1	chr6	113872835	113872907	LTR/ERVL-MaLR	925	-	36	113872871	46671
chr6	113826200	114026200	harbor1	chr6	113873035	113873571	LTR/ERVL-MaLR	925	-	268	113873303	47103
chr6	113826200	114026200	harbor1	chr6	113876656	113877163	LTR/ERVL-MaLR	1176	-	254	113876910	50710
chr6	113826200	114026200	harbor1	chr6	113907067	113907362	LTR/ERVL-MaLR	1060	-	148	113907215	81015
chr6	113826200	114026200	harbor1	chr6	113910218	113910813	LTR/ERVL-MaLR	4219	-	298	113910516	84316
chr6	113826200	114026200	harbor1	chr6	113910814	113911163	LTR/ERVL-MaLR	2323	-	174	113910988	84788
chr6	113826200	114026200	harbor1	chr6	113913694	113914055	LTR/ERVL-MaLR	2005	-	180	113913874	87674
chr6	113826200	114026200	harbor1	chr6	113915116	113915536	LTR/ERVL-MaLR	1846	-	210	113915326	89126
chr6	113826200	114026200	harbor1	chr6	113916167	113916525	LTR/ERVL-MaLR	1087	-	179	113916346	90146
chr6	113826200	114026200	harbor1	chr6	113923026	113923238	LTR/ERVL-MaLR	658	-	106	113923132	96932
chr6	113826200	114026200	harbor1	chr6	113925337	113925698	LTR/ERVL-MaLR	1533	-	180	113925517	99317
chr6	166497020	166697020	harbor1	chr6	166584067	166584429	LTR/ERVL-MaLR	1280	-	181	166584248	87228
chr6	22345476	22545476	harbor1	chr6	22361579	22361885	LTR/ERVL-MaLR	448	-	153	22361732	16256
chr6	22345476	22545476	harbor1	chr6	22365748	22366088	LTR/ERVL-MaLR	1450	-	170	22365918	20442
chr6	22345476	22545476	harbor1	chr6	22392427	22392663	LTR/ERVL-MaLR	1206	-	118	22392545	47069
chr6	22345476	22545476	harbor1	chr6	22392826	22393019	LTR/ERVL-MaLR	1206	-	96	22392922	47446
chr6	22345476	22545476	harbor1	chr6	22433393	22433973	LTR/ERVL-MaLR	1556	-	290	22433683	88207
chr6	69606676	69806676	harbor1	chr6	69645347	69645773	LTR/ERVL-MaLR	1720	-	213	69645560	38884
chr6	69606676	69806676	harbor1	chr6	69650541	69650937	LTR/ERVL-MaLR	1180	-	198	69650739	44063
chr6	69606676	69806676	harbor1	chr6	69673966	69674358	LTR/ERVL-MaLR	1794	-	196	69674162	67486
chr6	132544741	132744741	harbor1	chr6	132554453	132554807	LTR/ERVL-MaLR	1757	-	177	132554630	9889
chr6	132544741	132744741	harbor1	chr6	132583407	132583732	LTR/ERVL-MaLR	511	-	162	132583569	38828
chr6	157784610	157984610	harbor1	chr6	157789805	157790269	LTR/ERVL-MaLR	1404	-	232	157790037	5427
chr6	157784610	157984610	harbor1	chr6	157796548	157796672	LTR/ERVL-MaLR	487	-	62	157796610	12000
chr6	157784610	157984610	harbor1	chr6	157798908	157799288	LTR/ERVL-MaLR	2186	-	190	157799098	14488
chr6	157784610	157984610	harbor1	chr6	157799540	157799894	LTR/ERVL-MaLR	3001	-	177	157799717	15107
chr6	157784610	157984610	harbor1	chr6	157811773	157812323	LTR/ERVL-MaLR	1960	-	275	157812048	27438
chr6	157784610	157984610	harbor1	chr6	157832502	157832860	LTR/ERVL-MaLR	2631	-	179	157832681	48071
chr6	157784610	157984610	harbor1	chr6	157857843	157858233	LTR/ERVL-MaLR	615	-	195	157858038	73428
chr6	157784610	157984610	harbor1	chr6	157858522	157858622	LTR/ERVL-MaLR	555	-	50	157858572	73962
chr6	157784610	157984610	harbor1	chr6	157858626	157858981	LTR/ERVL-MaLR	2651	-	178	157858804	74194
chr6	157784610	157984610	harbor1	chr6	157864017	157864395	LTR/ERVL-MaLR	1327	-	189	157864206	79596
chr6	8421512	8621512	harbor1	chr6	8443262	8443373	LTR/ERVL-MaLR	631	-	56	8443318	21806
chr6	8421512	8621512	harbor1	chr6	8443536	8443586	LTR/ERVL-MaLR	1054	-	25	8443561	22049
chr6	8421512	8621512	harbor1	chr6	8444197	8444421	LTR/ERVL-MaLR	1054	-	112	8444309	22797
chr6	8421512	8621512	harbor1	chr6	8447997	8448516	LTR/ERVL-MaLR	2021	-	260	8448257	26745
chr6	8421512	8621512	harbor1	chr6	8473707	8474053	LTR/ERVL-MaLR	2017	-	173	8473880	52368
chr6	8421512	8621512	harbor1	chr6	8490291	8490476	LTR/ERVL-MaLR	478	-	92	8490383	68871
chr6	8421512	8621512	harbor1	chr6	8490769	8490945	LTR/ERVL-MaLR	478	-	88	8490857	69345
chr6	8421512	8621512	harbor1	chr6	8493529	8493799	LTR/ERVL-MaLR	596	-	135	8493664	72152
chr6	81108424	81308424	harbor1	chr6	81126156	81126487	LTR/ERVL-MaLR	512	-	166	81126322	17898
chr6	81108424	81308424	harbor1	chr6	81143733	81144009	LTR/ERVL-MaLR	487	-	138	81143871	35447
chr6	81108424	81308424	harbor1	chr6	81152184	81152562	LTR/ERVL-MaLR	2192	-	189	81152373	43949
chr6	81108424	81308424	harbor1	chr6	81152935	81153278	LTR/ERVL-MaLR	2128	-	172	81153107	44683
chr6	81108424	81308424	harbor1	chr6	81153279	81154739	LTR/ERVL-MaLR	9549	-	730	81154009	45585
chr6	81108424	81308424	harbor1	chr6	81154740	81155097	LTR/ERVL-MaLR	2052	-	178	81154918	46494
chr6	81108424	81308424	harbor1	chr6	81192982	81193315	LTR/ERVL-MaLR	915	-	166	81193148	84724
chr6	81108424	81308424	harbor1	chr6	81197584	81197943	LTR/ERVL-MaLR	1869	-	180	81197764	89340
chr6	125553650	125753650	harbor1	chr6	125560452	125560790	LTR/ERVL-MaLR	2103	-	169	125560621	6971
chr6	125553650	125753650	harbor1	chr6	125567961	125568331	LTR/ERVL-MaLR	1444	-	185	125568146	14496
chr6	125553650	125753650	harbor1	chr6	125578557	125578971	LTR/ERVL-MaLR	475	-	207	125578764	25114
chr6	125553650	125753650	harbor1	chr6	125625545	125625961	LTR/ERVL-MaLR	2805	-	208	125625753	72103
chr6	40313388	40513388	harbor1	chr6	40314764	40315238	LTR/ERVL-MaLR	906	-	237	40315001	1613
chr6	40313388	40513388	harbor1	chr6	40339044	40339480	LTR/ERVL-MaLR	693	-	218	40339262	25874
chr6	40313388	40513388	harbor1	chr6	40367656	40368028	LTR/ERVL-MaLR	2325	-	186	40367842	54454
chr6	40313388	40513388	harbor1	chr6	40369306	40369682	LTR/ERVL-MaLR	2539	-	188	40369494	56106
chr6	40313388	40513388	harbor1	chr6	40376832	40377307	LTR/ERVL-MaLR	2117	-	238	40377070	63682
chr6	40313388	40513388	harbor1	chr6	40408820	40409137	LTR/ERVL-MaLR	954	-	158	40408978	95590
chr6	166289202	166489202	harbor1	chr6	166336471	166336650	LTR/ERVL-MaLR	1732	-	90	166336561	47359
chr6	166289202	166489202	harbor1	chr6	166336870	166337006	LTR/ERVL-MaLR	1732	-	68	166336938	47736
chr6	166289202	166489202	harbor1	chr6	166357883	166358058	LTR/ERVL-MaLR	1192	-	88	166357971	68769
chr7	80221462	80421462	harbor1	chr7	80228002	80228492	LTR/ERVL-MaLR	1937	-	245	80228247	6785
chr7	80221462	80421462	harbor1	chr7	80233161	80233557	LTR/ERVL-MaLR	570	-	198	80233359	11897
chr7	80221462	80421462	harbor1	chr7	80237575	80237953	LTR/ERVL-MaLR	1883	-	189	80237764	16302
chr7	80221462	80421462	harbor1	chr7	80291604	80291973	LTR/ERVL-MaLR	2371	-	184	80291788	70326
chr7	80221462	80421462	harbor1	chr7	80291974	80293590	LTR/ERVL-MaLR	11402	-	808	80292782	71320
chr7	80221462	80421462	harbor1	chr7	80293591	80293957	LTR/ERVL-MaLR	2318	-	183	80293774	72312
chr7	80221462	80421462	harbor1	chr7	80309314	80309722	LTR/ERVL-MaLR	2172	-	204	80309518	88056
chr7	86714089	86914089	harbor1	chr7	86725278	86725385	LTR/ERVL-MaLR	442	-	54	86725332	11243
chr7	86714089	86914089	harbor1	chr7	86725383	86725651	LTR/ERVL-MaLR	689	-	134	86725517	11428
chr7	86714089	86914089	harbor1	chr7	86725694	86726056	LTR/ERVL-MaLR	1399	-	181	86725875	11786
chr7	86714089	86914089	harbor1	chr7	86736606	86736852	LTR/ERVL-MaLR	654	-	123	86736729	22640
chr7	86714089	86914089	harbor1	chr7	86741919	86742393	LTR/ERVL-MaLR	1724	-	237	86742156	28067
chr7	86714089	86914089	harbor1	chr7	86742449	86742530	LTR/ERVL-MaLR	1724	-	40	86742489	28400
chr7	86714089	86914089	harbor1	chr7	86754715	86755222	LTR/ERVL-MaLR	1006	-	254	86754969	40880
chr7	133378143	133578143	harbor1	chr7	133384822	133385308	LTR/ERVL-MaLR	1083	-	243	133385065	6922
chr7	133378143	133578143	harbor1	chr7	133389730	133390090	LTR/ERVL-MaLR	2079	-	180	133389910	11767
chr7	133378143	133578143	harbor1	chr7	133419757	133419969	LTR/ERVL-MaLR	825	-	106	133419863	41720
chr7	133378143	133578143	harbor1	chr7	133420395	133420437	LTR/ERVL-MaLR	825	-	21	133420416	42273
chr7	133378143	133578143	harbor1	chr7	133420519	133420640	LTR/ERVL-MaLR	520	-	60	133420579	42436
chr7	133378143	133578143	harbor1	chr7	133476708	133476993	LTR/ERVL-MaLR	772	-	142	133476850	98707
chr7	133378143	133578143	harbor1	chr7	133477758	133477989	LTR/ERVL-MaLR	772	-	116	133477874	99731
chr7	56277253	56477253	harbor1	chr7	56282439	56282803	LTR/ERVL-MaLR	2495	-	182	56282621	5368
chr7	56277253	56477253	harbor1	chr7	56346978	56347184	LTR/ERVL-MaLR	615	-	103	56347081	69828
chr7	122423496	122623496	harbor1	chr7	122448276	122448443	LTR/ERVL-MaLR	1002	-	84	122448360	24864
chr7	937819	1137819	harbor1	chr7	976076	976185	LTR/ERVL-MaLR	695	-	54	976130	38311
chr7	937819	1137819	harbor1	chr7	976484	976576	LTR/ERVL-MaLR	695	-	46	976530	38711
chr7	937819	1137819	harbor1	chr7	978810	979107	LTR/ERVL-MaLR	580	-	148	978958	41139
chr7	54222229	54422229	harbor1	chr7	54249017	54249438	LTR/ERVL-MaLR	2663	-	210	54249227	26998
chr7	54222229	54422229	harbor1	chr7	54261234	54261592	LTR/ERVL-MaLR	1783	-	179	54261413	39184
chr7	54222229	54422229	harbor1	chr7	54262758	54263185	LTR/ERVL-MaLR	2093	-	214	54262972	40743
chr7	54222229	54422229	harbor1	chr7	54280870	54281286	LTR/ERVL-MaLR	2229	-	208	54281078	58849
chr7	54222229	54422229	harbor1	chr7	54298808	54299206	LTR/ERVL-MaLR	2125	-	199	54299007	76778
chr7	43428129	43628129	harbor1	chr7	43461051	43461336	LTR/ERVL-MaLR	614	-	142	43461193	33064
chr7	43428129	43628129	harbor1	chr7	43465212	43465704	LTR/ERVL-MaLR	1531	-	246	43465458	37329
chr7	43428129	43628129	harbor1	chr7	43527264	43527682	LTR/ERVL-MaLR	1305	-	209	43527473	99344
chr7	51057207	51257207	harbor1	chr7	51078562	51079139	LTR/ERVL-MaLR	2493	-	288	51078850	21643
chr7	51057207	51257207	harbor1	chr7	51095037	51095406	LTR/ERVL-MaLR	2576	-	184	51095221	38014
chr7	51057207	51257207	harbor1	chr7	51118187	51118490	LTR/ERVL-MaLR	1162	-	152	51118339	61132
chr7	51057207	51257207	harbor1	chr7	51118498	51118626	LTR/ERVL-MaLR	510	-	64	51118562	61355
chr7	51057207	51257207	harbor1	chr7	51129134	51129474	LTR/ERVL-MaLR	1702	-	170	51129304	72097
chr7	51057207	51257207	harbor1	chr7	51132614	51133028	LTR/ERVL-MaLR	2774	-	207	51132821	75614
chr7	72417129	72617129	harbor1	chr7	72459878	72460281	LTR/ERVL-MaLR	2305	-	202	72460080	42951
chr7	72417129	72617129	harbor1	chr7	72494897	72495141	LTR/ERVL-MaLR	912	-	122	72495019	77890
chr7	55859347	56059347	harbor1	chr7	55889884	55890167	LTR/ERVL-MaLR	1353	-	142	55890026	30679
chr7	55859347	56059347	harbor1	chr7	55890469	55890567	LTR/ERVL-MaLR	1353	-	49	55890518	31171
chr7	55859347	56059347	harbor1	chr7	55898340	55898682	LTR/ERVL-MaLR	1623	-	171	55898511	39164
chr7	55859347	56059347	harbor1	chr7	55901085	55901449	LTR/ERVL-MaLR	2262	-	182	55901267	41920
chr7	55859347	56059347	harbor1	chr7	55942623	55942891	LTR/ERVL-MaLR	2258	-	134	55942757	83410
chr7	55859347	56059347	harbor1	chr7	55943904	55944049	LTR/ERVL-MaLR	2000	-	72	55943976	84629
chr7	105424269	105624269	harbor1	chr7	105445188	105445570	LTR/ERVL-MaLR	1820	-	191	105445379	21110
chr7	14407201	14607201	harbor1	chr7	14427226	14427531	LTR/ERVL-MaLR	2137	-	152	14427378	20177
chr7	14407201	14607201	harbor1	chr7	14427532	14427867	LTR/ERVL-MaLR	2078	-	168	14427700	20499
chr7	82707805	82907805	harbor1	chr7	82716387	82716746	LTR/ERVL-MaLR	2612	-	180	82716567	8762
chr7	82707805	82907805	harbor1	chr7	82719598	82719957	LTR/ERVL-MaLR	2678	-	180	82719778	11973
chr7	82707805	82907805	harbor1	chr7	82719958	82720808	LTR/ERVL-MaLR	6179	-	425	82720383	12578
chr7	72785443	72985443	harbor1	chr7	72818262	72818299	LTR/ERVL-MaLR	2619	-	18	72818280	32837
chr7	72785443	72985443	harbor1	chr7	72818609	72818991	LTR/ERVL-MaLR	2619	-	191	72818800	33357
chr7	72785443	72985443	harbor1	chr7	72820464	72820825	LTR/ERVL-MaLR	1801	-	180	72820644	35201
chr7	72785443	72985443	harbor1	chr7	72882120	72882327	LTR/ERVL-MaLR	1065	-	104	72882224	96781
chr7	54261434	54461434	harbor1	chr7	54261234	54261592	LTR/ERVL-MaLR	1783	-	179	54261413	21
chr7	54261434	54461434	harbor1	chr7	54262758	54263185	LTR/ERVL-MaLR	2093	-	214	54262972	1538
chr7	54261434	54461434	harbor1	chr7	54280870	54281286	LTR/ERVL-MaLR	2229	-	208	54281078	19644
chr7	54261434	54461434	harbor1	chr7	54298808	54299206	LTR/ERVL-MaLR	2125	-	199	54299007	37573
chr7	53666169	53866169	harbor1	chr7	53671607	53672048	LTR/ERVL-MaLR	2171	-	220	53671827	5658
chr7	53666169	53866169	harbor1	chr7	53691009	53691115	LTR/ERVL-MaLR	548	-	53	53691062	24893
chr7	53666169	53866169	harbor1	chr7	53713956	53714552	LTR/ERVL-MaLR	1850	-	298	53714254	48085
chr7	82399330	82599330	harbor1	chr7	82416380	82416827	LTR/ERVL-MaLR	2070	-	224	82416604	17274
chr7	82399330	82599330	harbor1	chr7	82417986	82418362	LTR/ERVL-MaLR	2246	-	188	82418174	18844
chr7	82399330	82599330	harbor1	chr7	82457549	82457804	LTR/ERVL-MaLR	529	-	128	82457677	58347
chr7	82399330	82599330	harbor1	chr7	82457944	82458050	LTR/ERVL-MaLR	529	-	53	82457997	58667
chr7	82399330	82599330	harbor1	chr7	82458103	82458190	LTR/ERVL-MaLR	1636	-	44	82458147	58817
chr7	82399330	82599330	harbor1	chr7	82458191	82458376	LTR/ERVL-MaLR	1580	-	92	82458283	58953
chr7	82399330	82599330	harbor1	chr7	82458651	82458808	LTR/ERVL-MaLR	1580	-	78	82458729	59399
chr7	82399330	82599330	harbor1	chr7	82458809	82459241	LTR/ERVL-MaLR	1636	-	216	82459025	59695
chr7	82399330	82599330	harbor1	chr7	82459742	82459817	LTR/ERVL-MaLR	1636	-	38	82459780	60450
chr7	82399330	82599330	harbor1	chr7	82459863	82459952	LTR/ERVL-MaLR	1636	-	44	82459907	60577
chr7	82399330	82599330	harbor1	chr7	82460180	82460394	LTR/ERVL-MaLR	1636	-	107	82460287	60957
chr7	82399330	82599330	harbor1	chr7	82495805	82496161	LTR/ERVL-MaLR	1240	-	178	82495983	96653
chr7	82399330	82599330	harbor1	chr7	82496386	82496447	LTR/ERVL-MaLR	1056	-	30	82496416	97086
chr7	82399330	82599330	harbor1	chr7	82496761	82497004	LTR/ERVL-MaLR	1056	-	122	82496883	97553
chr7	82399330	82599330	harbor1	chr7	82460404	82460720	LTR/ERVL-MaLR	868	-	158	82460562	61232
chr7	80070013	80270013	harbor1	chr7	80074245	80074595	LTR/ERVL-MaLR	1747	-	175	80074420	4407
chr7	80070013	80270013	harbor1	chr7	80097476	80098005	LTR/ERVL-MaLR	1955	-	264	80097740	27727
chr7	80070013	80270013	harbor1	chr7	80130846	80131201	LTR/ERVL-MaLR	2265	-	178	80131024	61011
chr7	80070013	80270013	harbor1	chr7	80140754	80141193	LTR/ERVL-MaLR	2071	-	220	80140974	70961
chr7	80070013	80270013	harbor1	chr7	80141194	80141703	LTR/ERVL-MaLR	1449	-	254	80141448	71435
chr7	80070013	80270013	harbor1	chr7	80141711	80142228	LTR/ERVL-MaLR	1949	-	258	80141969	71956
chr7	80070013	80270013	harbor1	chr7	80101246	80101639	LTR/ERVL-MaLR	1822	-	196	80101442	31429
chr7	27595592	27795592	harbor1	chr7	27596029	27596431	LTR/ERVL-MaLR	1793	-	201	27596230	638
chr7	27595592	27795592	harbor1	chr7	27615959	27616376	LTR/ERVL-MaLR	2493	-	208	27616167	20575
chr7	27595592	27795592	harbor1	chr7	27618634	27619043	LTR/ERVL-MaLR	2279	-	204	27618838	23246
chr7	27595592	27795592	harbor1	chr7	27643634	27644045	LTR/ERVL-MaLR	1397	-	206	27643840	48248
chr7	27595592	27795592	harbor1	chr7	27652538	27652846	LTR/ERVL-MaLR	1459	-	154	27652692	57100
chr7	27595592	27795592	harbor1	chr7	27653145	27653194	LTR/ERVL-MaLR	1459	-	24	27653169	57577
chr7	27595592	27795592	harbor1	chr7	27667714	27668029	LTR/ERVL-MaLR	561	-	158	27667872	72280
chr7	27595592	27795592	harbor1	chr7	27669609	27669921	LTR/ERVL-MaLR	1437	-	156	27669765	74173
chr7	27595592	27795592	harbor1	chr7	27683250	27683583	LTR/ERVL-MaLR	1751	-	166	27683416	87824
chr7	134998339	135198339	harbor1	chr7	135054836	135055273	LTR/ERVL-MaLR	2427	-	218	135055054	56715
chr7	134998339	135198339	harbor1	chr7	135064785	135065058	LTR/ERVL-MaLR	814	-	136	135064921	66582
chr7	134998339	135198339	harbor1	chr7	135074235	135074470	LTR/ERVL-MaLR	583	-	118	135074353	76014
chr7	29054835	29254835	harbor1	chr7	29106811	29107327	LTR/ERVL-MaLR	1893	-	258	29107069	52234
chr7	29054835	29254835	harbor1	chr7	29149595	29149963	LTR/ERVL-MaLR	1267	-	184	29149779	94944
chr7	129748223	129948223	harbor1	chr7	129806860	129806918	LTR/ERVL-MaLR	1399	-	29	129806889	58666
chr7	129748223	129948223	harbor1	chr7	129807213	129807530	LTR/ERVL-MaLR	1399	-	158	129807371	59148
chr7	129748223	129948223	harbor1	chr7	129821569	129821754	LTR/ERVL-MaLR	620	-	92	129821661	73438
chr7	129748223	129948223	harbor1	chr7	129824681	129825091	LTR/ERVL-MaLR	910	-	205	129824886	76663
chr7	86558972	86758972	harbor1	chr7	86652981	86653349	LTR/ERVL-MaLR	1478	-	184	86653165	94193
chr7	113615979	113815979	harbor1	chr7	113624761	113625126	LTR/ERVL-MaLR	2163	-	182	113624943	8964
chr7	113615979	113815979	harbor1	chr7	113633728	113634107	LTR/ERVL-MaLR	2411	-	190	113633918	17939
chr7	113615979	113815979	harbor1	chr7	113639883	113640221	LTR/ERVL-MaLR	2041	-	169	113640052	24073
chr7	113615979	113815979	harbor1	chr7	113640225	113641757	LTR/ERVL-MaLR	10551	-	766	113640991	25012
chr7	113615979	113815979	harbor1	chr7	113641758	113642105	LTR/ERVL-MaLR	2136	-	174	113641932	25953
chr7	113615979	113815979	harbor1	chr7	113644654	113645007	LTR/ERVL-MaLR	2212	-	176	113644830	28851
chr7	113615979	113815979	harbor1	chr7	113645013	113646460	LTR/ERVL-MaLR	9402	-	724	113645737	29758
chr7	113615979	113815979	harbor1	chr7	113652737	113653122	LTR/ERVL-MaLR	2101	-	192	113652929	36950
chr7	113615979	113815979	harbor1	chr7	113658489	113658736	LTR/ERVL-MaLR	1913	-	124	113658613	42634
chr7	113615979	113815979	harbor1	chr7	113659025	113659204	LTR/ERVL-MaLR	1913	-	90	113659115	43136
chr7	113615979	113815979	harbor1	chr7	113674834	113675192	LTR/ERVL-MaLR	1911	-	179	113675013	59034
chr7	113615979	113815979	harbor1	chr7	113699158	113699533	LTR/ERVL-MaLR	1866	-	188	113699346	83367
chr7	105787914	105987914	harbor1	chr7	105836710	105836778	LTR/ERVL-MaLR	1958	-	34	105836744	48830
chr7	105787914	105987914	harbor1	chr7	105836995	105837286	LTR/ERVL-MaLR	1958	-	146	105837141	49227
chr7	105787914	105987914	harbor1	chr7	105843834	105844234	LTR/ERVL-MaLR	877	-	200	105844034	56120
chr7	35659459	35859459	harbor1	chr7	35687089	35687172	LTR/ERVL-MaLR	446	-	42	35687131	27672
chr7	35659459	35859459	harbor1	chr7	35701272	35701770	LTR/ERVL-MaLR	2045	-	249	35701521	42062
chr7	35659459	35859459	harbor1	chr7	35719875	35720158	LTR/ERVL-MaLR	604	-	142	35720017	60558
chr7	35659459	35859459	harbor1	chr7	35722645	35723037	LTR/ERVL-MaLR	1473	-	196	35722841	63382
chr7	149281048	149481048	harbor1	chr7	149303584	149303984	LTR/ERVL-MaLR	1628	-	200	149303784	22736
chr7	149281048	149481048	harbor1	chr7	149308406	149308850	LTR/ERVL-MaLR	1752	-	222	149308628	27580
chr7	149281048	149481048	harbor1	chr7	149320337	149320574	LTR/ERVL-MaLR	1492	-	118	149320455	39407
chr7	149281048	149481048	harbor1	chr7	149322097	149322273	LTR/ERVL-MaLR	1204	-	88	149322185	41137
chr7	149281048	149481048	harbor1	chr7	149346907	149347146	LTR/ERVL-MaLR	1461	-	120	149347027	65979
chr7	149281048	149481048	harbor1	chr7	149347992	149348370	LTR/ERVL-MaLR	2104	-	189	149348181	67133
chr7	149281048	149481048	harbor1	chr7	149348371	149349809	LTR/ERVL-MaLR	8606	-	719	149349090	68042
chr7	149281048	149481048	harbor1	chr7	149349810	149350188	LTR/ERVL-MaLR	2304	-	189	149349999	68951
chr7	149281048	149481048	harbor1	chr7	149362508	149363071	LTR/ERVL-MaLR	2660	-	282	149362790	81742
chr7	149281048	149481048	harbor1	chr7	149372194	149372244	LTR/ERVL-MaLR	922	-	25	149372219	91171
chr7	149281048	149481048	harbor1	chr7	149372245	149372629	LTR/ERVL-MaLR	2106	-	192	149372437	91389
chr7	149281048	149481048	harbor1	chr7	149374248	149374629	LTR/ERVL-MaLR	2289	-	190	149374438	93390
chr7	149281048	149481048	harbor1	chr7	149374630	149375026	LTR/ERVL-MaLR	922	-	198	149374828	93780
chr7	149281048	149481048	harbor1	chr7	149372630	149374245	LTR/ERVL-MaLR	11393	-	808	149373438	92390
chr7	102140751	102340751	harbor1	chr7	102156214	102156632	LTR/ERVL-MaLR	2250	-	209	102156423	15672
chr7	117914563	118114563	harbor1	chr7	117926762	117926957	LTR/ERVL-MaLR	598	-	98	117926860	12297
chr7	117914563	118114563	harbor1	chr7	117932449	117933848	LTR/ERVL-MaLR	3941	-	700	117933149	18586
chr7	117914563	118114563	harbor1	chr7	117934202	117934282	LTR/ERVL-MaLR	3941	-	40	117934242	19679
chr7	117914563	118114563	harbor1	chr7	117941319	117941844	LTR/ERVL-MaLR	918	-	262	117941581	27018
chr7	117914563	118114563	harbor1	chr7	117986192	117986585	LTR/ERVL-MaLR	1501	-	196	117986388	71825
chr7	117914563	118114563	harbor1	chr7	117998807	117999063	LTR/ERVL-MaLR	1001	-	128	117998935	84372
chr7	117914563	118114563	harbor1	chr7	118001744	118002109	LTR/ERVL-MaLR	1427	-	182	118001926	87363
chr7	117914563	118114563	harbor1	chr7	118007947	118008315	LTR/ERVL-MaLR	1688	-	184	118008131	93568
chr7	117914563	118114563	harbor1	chr7	118010392	118010785	LTR/ERVL-MaLR	2078	-	196	118010588	96025
chr7	117914563	118114563	harbor1	chr7	117932012	117932439	LTR/ERVL-MaLR	1057	-	214	117932226	17663
chr7	8868392	9068392	harbor1	chr7	8889193	8889561	LTR/ERVL-MaLR	1815	-	184	8889377	20985
chr7	8868392	9068392	harbor1	chr7	8903694	8904260	LTR/ERVL-MaLR	1303	-	283	8903977	35585
chr7	8868392	9068392	harbor1	chr7	8925067	8925413	LTR/ERVL-MaLR	1224	-	173	8925240	56848
chr7	8868392	9068392	harbor1	chr7	8944869	8945277	LTR/ERVL-MaLR	1980	-	204	8945073	76681
chr7	132222910	132422910	harbor1	chr7	132293232	132293560	LTR/ERVL-MaLR	1989	-	164	132293396	70486
chr7	132222910	132422910	harbor1	chr7	132294675	132294733	LTR/ERVL-MaLR	444	-	29	132294704	71794
chr7	132222910	132422910	harbor1	chr7	132320144	132320559	LTR/ERVL-MaLR	1529	-	208	132320352	97442
chr7	32922647	33122647	harbor1	chr7	32926814	32927248	LTR/ERVL-MaLR	1114	-	217	32927031	4384
chr7	32922647	33122647	harbor1	chr7	32935733	32936013	LTR/ERVL-MaLR	1574	-	140	32935873	13226
chr7	32922647	33122647	harbor1	chr7	32936309	32936394	LTR/ERVL-MaLR	1574	-	42	32936351	13704
chr7	32922647	33122647	harbor1	chr7	32936684	32936725	LTR/ERVL-MaLR	1574	-	20	32936704	14057
chr7	32922647	33122647	harbor1	chr7	32947649	32948033	LTR/ERVL-MaLR	1411	-	192	32947841	25194
chr7	32922647	33122647	harbor1	chr7	32948758	32948881	LTR/ERVL-MaLR	1411	-	62	32948820	26173
chr7	32922647	33122647	harbor1	chr7	32952855	32953357	LTR/ERVL-MaLR	1807	-	251	32953106	30459
chr7	32922647	33122647	harbor1	chr7	32966605	32966974	LTR/ERVL-MaLR	2094	-	184	32966789	44142
chr7	16966674	17166674	harbor1	chr7	16974572	16974933	LTR/ERVL-MaLR	2626	-	180	16974752	8078
chr7	16966674	17166674	harbor1	chr7	16996308	16996682	LTR/ERVL-MaLR	2535	-	187	16996495	29821
chr7	16966674	17166674	harbor1	chr7	16997811	16997882	LTR/ERVL-MaLR	492	-	36	16997847	31173
chr7	34633287	34833287	harbor1	chr7	34653147	34653549	LTR/ERVL-MaLR	2483	-	201	34653348	20061
chr7	34633287	34833287	harbor1	chr7	34683527	34683896	LTR/ERVL-MaLR	1822	-	184	34683711	50424
chr7	34633287	34833287	harbor1	chr7	34687338	34687713	LTR/ERVL-MaLR	2183	-	188	34687526	54239
chr7	34633287	34833287	harbor1	chr7	34699453	34699832	LTR/ERVL-MaLR	1099	-	190	34699643	66356
chr7	34633287	34833287	harbor1	chr7	34701929	34702453	LTR/ERVL-MaLR	763	-	262	34702191	68904
chr7	34633287	34833287	harbor1	chr7	34707791	34708180	LTR/ERVL-MaLR	2095	-	194	34707985	74698
chr7	34633287	34833287	harbor1	chr7	34713915	34714399	LTR/ERVL-MaLR	722	-	242	34714157	80870
chr7	34633287	34833287	harbor1	chr7	34668538	34668924	LTR/ERVL-MaLR	841	-	193	34668731	35444
chr7	52809442	53009442	harbor1	chr7	52822770	52823134	LTR/ERVL-MaLR	1477	-	182	52822952	13510
chr7	52809442	53009442	harbor1	chr7	52877459	52877811	LTR/ERVL-MaLR	1708	-	176	52877635	68193
chr7	52809442	53009442	harbor1	chr7	52878244	52878338	LTR/ERVL-MaLR	445	-	47	52878291	68849
chr7	52809442	53009442	harbor1	chr7	52907831	52908118	LTR/ERVL-MaLR	1161	-	144	52907975	98533
chr7	52809442	53009442	harbor1	chr7	52821314	52822769	LTR/ERVL-MaLR	10319	-	728	52822042	12600
chr7	17440744	17640744	harbor1	chr7	17439310	17440900	LTR/ERVL-MaLR	10405	-	795	17440105	639
chr7	17440744	17640744	harbor1	chr7	17440901	17441251	LTR/ERVL-MaLR	2487	-	175	17441076	332
chr7	17440744	17640744	harbor1	chr7	17457253	17457783	LTR/ERVL-MaLR	1754	-	265	17457518	16774
chr7	17440744	17640744	harbor1	chr7	17509053	17509522	LTR/ERVL-MaLR	1369	-	234	17509287	68543
chr7	17440744	17640744	harbor1	chr7	17533835	17534259	LTR/ERVL-MaLR	1979	-	212	17534047	93303
chr7	135577470	135777470	harbor1	chr7	135603927	135604186	LTR/ERVL-MaLR	1072	-	130	135604057	26587
chr7	135577470	135777470	harbor1	chr7	135668891	135669241	LTR/ERVL-MaLR	2399	-	175	135669066	91596
chr7	43593935	43793935	harbor1	chr7	43635339	43635633	LTR/ERVL-MaLR	601	-	147	43635486	41551
chr7	43593935	43793935	harbor1	chr7	43665576	43665927	LTR/ERVL-MaLR	2047	-	176	43665752	71817
chr7	43593935	43793935	harbor1	chr7	43683833	43684075	LTR/ERVL-MaLR	653	-	121	43683954	90019
chr7	43593935	43793935	harbor1	chr7	43684365	43684624	LTR/ERVL-MaLR	964	-	130	43684495	90560
chr7	43593935	43793935	harbor1	chr7	43688533	43689010	LTR/ERVL-MaLR	974	-	238	43688771	94836
chr7	5082343	5282343	harbor1	chr7	5087381	5087614	LTR/ERVL-MaLR	1215	-	116	5087497	5154
chr7	5082343	5282343	harbor1	chr7	5087897	5088042	LTR/ERVL-MaLR	1215	-	72	5087969	5626
chr7	5082343	5282343	harbor1	chr7	5154517	5154555	LTR/ERVL-MaLR	800	-	19	5154536	72193
chr7	5082343	5282343	harbor1	chr7	5154868	5154895	LTR/ERVL-MaLR	800	-	14	5154882	72539
chr7	5082343	5282343	harbor1	chr7	5155524	5155879	LTR/ERVL-MaLR	1897	-	178	5155702	73359
chr7	131671793	131871793	harbor1	chr7	131674693	131675050	LTR/ERVL-MaLR	2113	-	178	131674871	3078
chr7	131671793	131871793	harbor1	chr7	131687592	131687810	LTR/ERVL-MaLR	531	-	109	131687701	15908
chr7	131671793	131871793	harbor1	chr7	131719876	131720232	LTR/ERVL-MaLR	2122	-	178	131720054	48261
chr7	131671793	131871793	harbor1	chr7	131728801	131729156	LTR/ERVL-MaLR	2580	-	178	131728979	57186
chr7	131671793	131871793	harbor1	chr7	131749250	131749613	LTR/ERVL-MaLR	2484	-	182	131749432	77639
chr7	131671793	131871793	harbor1	chr7	131756823	131757094	LTR/ERVL-MaLR	781	-	136	131756959	85166
chr7	131671793	131871793	harbor1	chr7	131765126	131765490	LTR/ERVL-MaLR	1286	-	182	131765308	93515
chr7	131671793	131871793	harbor1	chr7	131767385	131767793	LTR/ERVL-MaLR	2843	-	204	131767589	95796
chr7	71259016	71459016	harbor1	chr7	71265830	71266243	LTR/ERVL-MaLR	2169	-	206	71266036	7020
chr7	71259016	71459016	harbor1	chr7	71266623	71266712	LTR/ERVL-MaLR	2169	-	44	71266667	7651
chr7	71259016	71459016	harbor1	chr7	71278273	71278516	LTR/ERVL-MaLR	574	-	122	71278395	19379
chr7	71259016	71459016	harbor1	chr7	71278522	71278879	LTR/ERVL-MaLR	2376	-	178	71278700	19684
chr7	71259016	71459016	harbor1	chr7	71279258	71279475	LTR/ERVL-MaLR	1510	-	108	71279366	20350
chr7	71259016	71459016	harbor1	chr7	71279483	71279659	LTR/ERVL-MaLR	735	-	88	71279571	20555
chr7	71259016	71459016	harbor1	chr7	71280500	71280671	LTR/ERVL-MaLR	548	-	86	71280586	21570
chr7	71259016	71459016	harbor1	chr7	71312470	71312827	LTR/ERVL-MaLR	1477	-	178	71312648	53632
chr7	71259016	71459016	harbor1	chr7	71327199	71327556	LTR/ERVL-MaLR	2260	-	178	71327377	68361
chr7	71259016	71459016	harbor1	chr7	71329466	71329851	LTR/ERVL-MaLR	2154	-	192	71329658	70642
chr7	71259016	71459016	harbor1	chr7	71342079	71342489	LTR/ERVL-MaLR	2423	-	205	71342284	83268
chr7	71259016	71459016	harbor1	chr7	71353800	71354212	LTR/ERVL-MaLR	2521	-	206	71354006	94990
chr7	71259016	71459016	harbor1	chr7	71356349	71356764	LTR/ERVL-MaLR	1902	-	208	71356557	97541
chr7	115010832	115210832	harbor1	chr7	115052695	115053064	LTR/ERVL-MaLR	2226	-	184	115052879	42047
chr7	115010832	115210832	harbor1	chr7	115056080	115056434	LTR/ERVL-MaLR	1739	-	177	115056257	45425
chr7	115010832	115210832	harbor1	chr7	115070288	115070918	LTR/ERVL-MaLR	2076	-	315	115070603	59771
chr7	36832814	37032814	harbor1	chr7	36837201	36837530	LTR/ERVL-MaLR	1771	-	164	36837365	4551
chr7	10094706	10294706	harbor1	chr7	10104200	10104574	LTR/ERVL-MaLR	2586	-	187	10104387	9681
chr7	10094706	10294706	harbor1	chr7	10123882	10124194	LTR/ERVL-MaLR	1597	-	156	10124038	29332
chr7	10094706	10294706	harbor1	chr7	10146346	10146781	LTR/ERVL-MaLR	1971	-	218	10146564	51858
chr7	10094706	10294706	harbor1	chr7	10160360	10160809	LTR/ERVL-MaLR	1891	-	224	10160584	65878
chr7	10094706	10294706	harbor1	chr7	10185153	10185513	LTR/ERVL-MaLR	1681	-	180	10185333	90627
chr7	96347015	96547015	harbor1	chr7	96349418	96349575	LTR/ERVL-MaLR	824	-	78	96349496	2481
chr7	96347015	96547015	harbor1	chr7	96350015	96350333	LTR/ERVL-MaLR	1314	-	159	96350174	3159
chr7	96347015	96547015	harbor1	chr7	96354960	96355316	LTR/ERVL-MaLR	1986	-	178	96355138	8123
chr7	96347015	96547015	harbor1	chr7	96373660	96374031	LTR/ERVL-MaLR	1265	-	186	96373846	26831
chr7	96347015	96547015	harbor1	chr7	96378040	96378413	LTR/ERVL-MaLR	1514	-	186	96378226	31211
chr7	96347015	96547015	harbor1	chr7	96437339	96437736	LTR/ERVL-MaLR	2059	-	198	96437537	90522
chr7	152961614	153161614	harbor1	chr7	152973684	152973759	LTR/ERVL-MaLR	1256	-	38	152973722	12108
chr7	152961614	153161614	harbor1	chr7	152973760	152974181	LTR/ERVL-MaLR	2539	-	210	152973970	12356
chr7	152961614	153161614	harbor1	chr7	152974182	152974639	LTR/ERVL-MaLR	1256	-	228	152974410	12796
chr7	152961614	153161614	harbor1	chr7	152978905	152979318	LTR/ERVL-MaLR	1594	-	206	152979111	17497
chr7	152961614	153161614	harbor1	chr7	152984710	152985124	LTR/ERVL-MaLR	1121	-	207	152984917	23303
chr7	152961614	153161614	harbor1	chr7	152985326	152985489	LTR/ERVL-MaLR	715	-	82	152985408	23794
chr7	152961614	153161614	harbor1	chr7	152987252	152987602	LTR/ERVL-MaLR	2785	-	175	152987427	25813
chr7	152961614	153161614	harbor1	chr7	152999898	153000000	LTR/ERVL-MaLR	720	-	51	152999949	38335
chr7	152961614	153161614	harbor1	chr7	153000022	153000269	LTR/ERVL-MaLR	1055	-	124	153000146	38532
chr7	152961614	153161614	harbor1	chr7	153000270	153001919	LTR/ERVL-MaLR	11566	-	824	153001094	39480
chr7	152961614	153161614	harbor1	chr7	153001921	153002278	LTR/ERVL-MaLR	1780	-	178	153002099	40485
chr7	152961614	153161614	harbor1	chr7	153020683	153020747	LTR/ERVL-MaLR	2656	-	32	153020715	59101
chr7	152961614	153161614	harbor1	chr7	153021245	153021585	LTR/ERVL-MaLR	2656	-	170	153021415	59801
chr7	152971739	153171739	harbor1	chr7	152973684	152973759	LTR/ERVL-MaLR	1256	-	38	152973722	1983
chr7	152971739	153171739	harbor1	chr7	152973760	152974181	LTR/ERVL-MaLR	2539	-	210	152973970	2231
chr7	152971739	153171739	harbor1	chr7	152974182	152974639	LTR/ERVL-MaLR	1256	-	228	152974410	2671
chr7	152971739	153171739	harbor1	chr7	152978905	152979318	LTR/ERVL-MaLR	1594	-	206	152979111	7372
chr7	152971739	153171739	harbor1	chr7	152984710	152985124	LTR/ERVL-MaLR	1121	-	207	152984917	13178
chr7	152971739	153171739	harbor1	chr7	152985326	152985489	LTR/ERVL-MaLR	715	-	82	152985408	13669
chr7	152971739	153171739	harbor1	chr7	152987252	152987602	LTR/ERVL-MaLR	2785	-	175	152987427	15688
chr7	152971739	153171739	harbor1	chr7	152999898	153000000	LTR/ERVL-MaLR	720	-	51	152999949	28210
chr7	152971739	153171739	harbor1	chr7	153000022	153000269	LTR/ERVL-MaLR	1055	-	124	153000146	28407
chr7	152971739	153171739	harbor1	chr7	153000270	153001919	LTR/ERVL-MaLR	11566	-	824	153001094	29355
chr7	152971739	153171739	harbor1	chr7	153001921	153002278	LTR/ERVL-MaLR	1780	-	178	153002099	30360
chr7	152971739	153171739	harbor1	chr7	153020683	153020747	LTR/ERVL-MaLR	2656	-	32	153020715	48976
chr7	152971739	153171739	harbor1	chr7	153021245	153021585	LTR/ERVL-MaLR	2656	-	170	153021415	49676
chr7	109973179	110173179	harbor1	chr7	109973680	109974242	LTR/ERVL-MaLR	1912	-	281	109973961	782
chr7	109973179	110173179	harbor1	chr7	109995468	109995804	LTR/ERVL-MaLR	780	-	168	109995636	22457
chr7	109973179	110173179	harbor1	chr7	110005161	110005536	LTR/ERVL-MaLR	1963	-	188	110005349	32170
chr7	109973179	110173179	harbor1	chr7	110051389	110051834	LTR/ERVL-MaLR	1075	-	222	110051611	78432
chr7	128556838	128756838	harbor1	chr7	128564394	128564748	LTR/ERVL-MaLR	1518	-	177	128564571	7733
chr7	128556838	128756838	harbor1	chr7	128599881	128600260	LTR/ERVL-MaLR	2075	-	190	128600071	43233
chr7	128556838	128756838	harbor1	chr7	128622401	128622828	LTR/ERVL-MaLR	1347	-	214	128622615	65777
chr7	143343613	143543613	harbor1	chr7	143420682	143421040	LTR/ERVL-MaLR	2483	-	179	143420861	77248
chr7	143343613	143543613	harbor1	chr7	143439333	143439683	LTR/ERVL-MaLR	1526	-	175	143439508	95895
chr7	14511279	14711279	harbor1	chr7	14599974	14600370	LTR/ERVL-MaLR	1930	-	198	14600172	88893
chr7	14511279	14711279	harbor1	chr7	14600371	14601944	LTR/ERVL-MaLR	6176	-	786	14601157	89878
chr7	14511279	14711279	harbor1	chr7	14602003	14602088	LTR/ERVL-MaLR	6176	-	42	14602045	90766
chr7	28020837	28220837	harbor1	chr7	28095231	28095609	LTR/ERVL-MaLR	2230	-	189	28095420	74583
chr7	28020837	28220837	harbor1	chr7	28095753	28096093	LTR/ERVL-MaLR	1023	-	170	28095923	75086
chr7	10029424	10229424	harbor1	chr7	10078049	10078209	LTR/ERVL-MaLR	645	-	80	10078129	48705
chr7	10029424	10229424	harbor1	chr7	10104200	10104574	LTR/ERVL-MaLR	2586	-	187	10104387	74963
chr7	10029424	10229424	harbor1	chr7	10123882	10124194	LTR/ERVL-MaLR	1597	-	156	10124038	94614
chr7	154271835	154471835	harbor1	chr7	154297594	154297795	LTR/ERVL-MaLR	597	-	100	154297694	25859
chr7	154271835	154471835	harbor1	chr7	154345033	154345376	LTR/ERVL-MaLR	1068	-	172	154345205	73370
chr7	143421541	143621541	harbor1	chr7	143439333	143439683	LTR/ERVL-MaLR	1526	-	175	143439508	17967
chr7	143421541	143621541	harbor1	chr7	143459294	143459495	LTR/ERVL-MaLR	1352	-	100	143459394	37853
chr7	143421541	143621541	harbor1	chr7	143459526	143459714	LTR/ERVL-MaLR	1352	-	94	143459620	38079
chr7	143421541	143621541	harbor1	chr7	143462629	143462827	LTR/ERVL-MaLR	831	-	99	143462728	41187
chr7	143421541	143621541	harbor1	chr7	143463514	143463982	LTR/ERVL-MaLR	1256	-	234	143463748	42207
chr7	143421541	143621541	harbor1	chr7	143464071	143464581	LTR/ERVL-MaLR	491	-	255	143464326	42785
chr7	143421541	143621541	harbor1	chr7	143486286	143486530	LTR/ERVL-MaLR	1853	-	122	143486408	64867
chr7	69823521	70023521	harbor1	chr7	69841162	69841528	LTR/ERVL-MaLR	1929	-	183	69841345	17824
chr7	69823521	70023521	harbor1	chr7	69845072	69845411	LTR/ERVL-MaLR	551	-	170	69845242	21721
chr7	69823521	70023521	harbor1	chr7	69879974	69880357	LTR/ERVL-MaLR	2340	-	192	69880166	56645
chr7	69823521	70023521	harbor1	chr7	69887988	69888028	LTR/ERVL-MaLR	1850	-	20	69888008	64487
chr7	69823521	70023521	harbor1	chr7	69888160	69888540	LTR/ERVL-MaLR	1850	-	190	69888350	64829
chr7	69823521	70023521	harbor1	chr7	69888573	69888593	LTR/ERVL-MaLR	1632	-	10	69888583	65062
chr7	69823521	70023521	harbor1	chr7	69888870	69888923	LTR/ERVL-MaLR	1632	-	26	69888896	65375
chr7	69823521	70023521	harbor1	chr7	69897275	69897548	LTR/ERVL-MaLR	1406	-	136	69897411	73890
chr7	69823521	70023521	harbor1	chr7	69910926	69911105	LTR/ERVL-MaLR	2128	-	90	69911016	87495
chr7	69823521	70023521	harbor1	chr7	69910419	69910619	LTR/ERVL-MaLR	2128	-	100	69910519	86998
chr7	55139865	55339865	harbor1	chr7	55182933	55183215	LTR/ERVL-MaLR	483	-	141	55183074	43209
chr7	55139865	55339865	harbor1	chr7	55183379	55183497	LTR/ERVL-MaLR	453	-	59	55183438	43573
chr7	55139865	55339865	harbor1	chr7	55218186	55218498	LTR/ERVL-MaLR	1037	-	156	55218342	78477
chr7	136613422	136813422	harbor1	chr7	136619778	136620128	LTR/ERVL-MaLR	2378	-	175	136619953	6531
chr7	136613422	136813422	harbor1	chr7	136636539	136636728	LTR/ERVL-MaLR	685	-	94	136636633	23211
chr7	136613422	136813422	harbor1	chr7	136636880	136637012	LTR/ERVL-MaLR	751	-	66	136636946	23524
chr7	136613422	136813422	harbor1	chr7	136640035	136640460	LTR/ERVL-MaLR	2389	-	212	136640247	26825
chr7	136613422	136813422	harbor1	chr7	136648655	136648907	LTR/ERVL-MaLR	1331	-	126	136648781	35359
chr7	136613422	136813422	harbor1	chr7	136651568	136651929	LTR/ERVL-MaLR	2035	-	180	136651748	38326
chr7	136613422	136813422	harbor1	chr7	136684334	136684653	LTR/ERVL-MaLR	1533	-	160	136684494	71072
chr7	91075634	91275634	harbor1	chr7	91085059	91085608	LTR/ERVL-MaLR	2152	-	274	91085333	9699
chr7	91075634	91275634	harbor1	chr7	91115193	91115546	LTR/ERVL-MaLR	1713	-	176	91115369	39735
chr7	55897764	56097764	harbor1	chr7	55898340	55898682	LTR/ERVL-MaLR	1623	-	171	55898511	747
chr7	55897764	56097764	harbor1	chr7	55901085	55901449	LTR/ERVL-MaLR	2262	-	182	55901267	3503
chr7	55897764	56097764	harbor1	chr7	55942623	55942891	LTR/ERVL-MaLR	2258	-	134	55942757	44993
chr7	55897764	56097764	harbor1	chr7	55943904	55944049	LTR/ERVL-MaLR	2000	-	72	55943976	46212
chr7	78748616	78948616	harbor1	chr7	78800193	78800419	LTR/ERVL-MaLR	642	-	113	78800306	51690
chr7	78748616	78948616	harbor1	chr7	78839453	78839772	LTR/ERVL-MaLR	1738	-	160	78839613	90997
chr7	16437792	16637792	harbor1	chr7	16448441	16448800	LTR/ERVL-MaLR	1939	-	180	16448621	10829
chr7	16437792	16637792	harbor1	chr7	16474922	16475270	LTR/ERVL-MaLR	2121	-	174	16475096	37304
chr7	16437792	16637792	harbor1	chr7	16491161	16491339	LTR/ERVL-MaLR	536	-	89	16491250	53458
chr7	16437792	16637792	harbor1	chr7	16496539	16496901	LTR/ERVL-MaLR	2401	-	181	16496720	58928
chr7	16437792	16637792	harbor1	chr7	16498199	16498667	LTR/ERVL-MaLR	1727	-	234	16498433	60641
chr7	16437792	16637792	harbor1	chr7	16506589	16506980	LTR/ERVL-MaLR	607	-	196	16506785	68993
chr7	16437792	16637792	harbor1	chr7	16520895	16521399	LTR/ERVL-MaLR	1931	-	252	16521147	83355
chr7	71873048	72073048	harbor1	chr7	71881701	71881791	LTR/ERVL-MaLR	2251	-	45	71881746	8698
chr7	71873048	72073048	harbor1	chr7	71882079	71882486	LTR/ERVL-MaLR	2251	-	204	71882283	9235
chr7	71873048	72073048	harbor1	chr7	71889109	71889316	LTR/ERVL-MaLR	1220	-	104	71889213	16165
chr7	71873048	72073048	harbor1	chr7	71889472	71889626	LTR/ERVL-MaLR	687	-	77	71889549	16501
chr7	71873048	72073048	harbor1	chr7	71905785	71906153	LTR/ERVL-MaLR	2252	-	184	71905969	32921
chr7	71873048	72073048	harbor1	chr7	71909849	71910185	LTR/ERVL-MaLR	2045	-	168	71910017	36969
chr7	71873048	72073048	harbor1	chr7	71910248	71910452	LTR/ERVL-MaLR	689	-	102	71910350	37302
chr7	71873048	72073048	harbor1	chr7	71917486	71917828	LTR/ERVL-MaLR	1960	-	171	71917657	44609
chr7	71873048	72073048	harbor1	chr7	71934347	71934704	LTR/ERVL-MaLR	2623	-	178	71934525	61477
chr7	71873048	72073048	harbor1	chr7	71934705	71935071	LTR/ERVL-MaLR	2615	-	183	71934888	61840
chr7	71873048	72073048	harbor1	chr7	71935072	71935123	LTR/ERVL-MaLR	2623	-	26	71935098	62050
chr7	71873048	72073048	harbor1	chr7	71954998	71955368	LTR/ERVL-MaLR	2339	-	185	71955183	82135
chr7	12935701	13135701	harbor1	chr7	12983257	12983781	LTR/ERVL-MaLR	1121	-	262	12983519	47818
chr7	2720338	2920338	harbor1	chr7	2810109	2810452	LTR/ERVL-MaLR	1861	-	172	2810281	89943
chr7	131762901	131962901	harbor1	chr7	131765126	131765490	LTR/ERVL-MaLR	1286	-	182	131765308	2407
chr7	131762901	131962901	harbor1	chr7	131767385	131767793	LTR/ERVL-MaLR	2843	-	204	131767589	4688
chr7	131762901	131962901	harbor1	chr7	131772780	131773012	LTR/ERVL-MaLR	618	-	116	131772896	9995
chr7	131762901	131962901	harbor1	chr7	131776703	131776794	LTR/ERVL-MaLR	1105	-	46	131776749	13848
chr7	131762901	131962901	harbor1	chr7	131776856	131777024	LTR/ERVL-MaLR	610	-	84	131776940	14039
chr7	131762901	131962901	harbor1	chr7	131813239	131813461	LTR/ERVL-MaLR	476	-	111	131813350	50449
chr7	131762901	131962901	harbor1	chr7	131831067	131831442	LTR/ERVL-MaLR	2040	-	188	131831255	68354
chr7	131762901	131962901	harbor1	chr7	131831791	131831881	LTR/ERVL-MaLR	2040	-	45	131831836	68935
chr7	131762901	131962901	harbor1	chr7	131850241	131850552	LTR/ERVL-MaLR	1464	-	156	131850397	87496
chr7	131762901	131962901	harbor1	chr7	131850848	131851064	LTR/ERVL-MaLR	1464	-	108	131850956	88055
chr7	131762901	131962901	harbor1	chr7	131859942	131860204	LTR/ERVL-MaLR	883	-	131	131860073	97172
chr7	131762901	131962901	harbor1	chr7	131860488	131860643	LTR/ERVL-MaLR	883	-	78	131860566	97665
chr7	131762901	131962901	harbor1	chr7	131776438	131776652	LTR/ERVL-MaLR	1105	-	107	131776545	13644
chr7	126104294	126304294	harbor1	chr7	126119286	126119781	LTR/ERVL-MaLR	1366	-	248	126119534	15240
chr7	126104294	126304294	harbor1	chr7	126139788	126140159	LTR/ERVL-MaLR	2656	-	186	126139974	35680
chr7	126104294	126304294	harbor1	chr7	126194255	126194419	LTR/ERVL-MaLR	943	-	82	126194337	90043
chr7	126104294	126304294	harbor1	chr7	126195846	126196108	LTR/ERVL-MaLR	1332	-	131	126195977	91683
chr7	99127024	99327024	harbor1	chr7	99126907	99127173	LTR/ERVL-MaLR	557	-	133	99127040	16
chr7	99127024	99327024	harbor1	chr7	99200361	99200536	LTR/ERVL-MaLR	677	-	88	99200449	73425
chr7	56573122	56773122	harbor1	chr7	56672448	56672491	LTR/ERVL-MaLR	799	-	22	56672470	99348
chr7	56573122	56773122	harbor1	chr7	56672806	56673146	LTR/ERVL-MaLR	799	-	170	56672976	99854
chr7	125559893	125759893	harbor1	chr7	125561012	125561361	LTR/ERVL-MaLR	1397	-	174	125561186	1293
chr7	125559893	125759893	harbor1	chr7	125573866	125574265	LTR/ERVL-MaLR	2184	-	200	125574066	14173
chr7	125559893	125759893	harbor1	chr7	125589087	125589453	LTR/ERVL-MaLR	2144	-	183	125589270	29377
chr7	125559893	125759893	harbor1	chr7	125606136	125606473	LTR/ERVL-MaLR	1337	-	168	125606304	46411
chr7	125559893	125759893	harbor1	chr7	125637820	125638147	LTR/ERVL-MaLR	1881	-	164	125637984	78091
chr7	50023522	50223522	harbor1	chr7	50037354	50037728	LTR/ERVL-MaLR	1867	-	187	50037541	14019
chr7	50023522	50223522	harbor1	chr7	50056112	50056595	LTR/ERVL-MaLR	2216	-	242	50056354	32832
chr7	50023522	50223522	harbor1	chr7	50098523	50098864	LTR/ERVL-MaLR	1253	-	170	50098693	75171
chr7	50023522	50223522	harbor1	chr7	50101888	50102039	LTR/ERVL-MaLR	1152	-	76	50101964	78442
chr7	50023522	50223522	harbor1	chr7	50102339	50102598	LTR/ERVL-MaLR	1152	-	130	50102469	78947
chr7	146302425	146502425	harbor1	chr7	146331545	146331802	LTR/ERVL-MaLR	567	-	128	146331673	29248
chr7	146302425	146502425	harbor1	chr7	146333755	146334040	LTR/ERVL-MaLR	582	-	142	146333897	31472
chr7	146302425	146502425	harbor1	chr7	146349064	146349324	LTR/ERVL-MaLR	559	-	130	146349194	46769
chr7	146302425	146502425	harbor1	chr7	146398217	146398553	LTR/ERVL-MaLR	1840	-	168	146398385	95960
chr7	92337078	92537078	harbor1	chr7	92386952	92387322	LTR/ERVL-MaLR	1414	-	185	92387137	50059
chr7	43240795	43440795	harbor1	chr7	43265060	43265453	LTR/ERVL-MaLR	661	-	196	43265256	24461
chr7	43240795	43440795	harbor1	chr7	43325943	43326192	LTR/ERVL-MaLR	1067	-	124	43326067	85272
chr7	43240795	43440795	harbor1	chr7	43270115	43270648	LTR/ERVL-MaLR	1940	-	266	43270381	29586
chr7	117642717	117842717	harbor1	chr7	117647269	117647667	LTR/ERVL-MaLR	2497	-	199	117647468	4751
chr7	117642717	117842717	harbor1	chr7	117653655	117654436	LTR/ERVL-MaLR	6976	-	390	117654045	11328
chr7	117642717	117842717	harbor1	chr7	117654795	117655707	LTR/ERVL-MaLR	6976	-	456	117655251	12534
chr7	117642717	117842717	harbor1	chr7	117655712	117656069	LTR/ERVL-MaLR	1603	-	178	117655890	13173
chr7	117642717	117842717	harbor1	chr7	117688679	117689071	LTR/ERVL-MaLR	1216	-	196	117688875	46158
chr7	117642717	117842717	harbor1	chr7	117653300	117653654	LTR/ERVL-MaLR	1828	-	177	117653477	10760
chr7	90649409	90849409	harbor1	chr7	90658196	90658552	LTR/ERVL-MaLR	1624	-	178	90658374	8965
chr7	90649409	90849409	harbor1	chr7	90670438	90670842	LTR/ERVL-MaLR	2074	-	202	90670640	21231
chr7	90649409	90849409	harbor1	chr7	90670844	90670964	LTR/ERVL-MaLR	628	-	60	90670904	21495
chr7	90649409	90849409	harbor1	chr7	90684657	90684745	LTR/ERVL-MaLR	559	-	44	90684701	35292
chr7	90649409	90849409	harbor1	chr7	90723226	90723718	LTR/ERVL-MaLR	1248	-	246	90723472	74063
chr7	13570164	13770164	harbor1	chr7	13629876	13630173	LTR/ERVL-MaLR	739	-	148	13630024	59860
chr7	13570164	13770164	harbor1	chr7	13648483	13648673	LTR/ERVL-MaLR	549	-	95	13648578	78414
chr7	13570164	13770164	harbor1	chr7	13648695	13649063	LTR/ERVL-MaLR	1192	-	184	13648879	78715
chr7	13570164	13770164	harbor1	chr7	13651602	13651976	LTR/ERVL-MaLR	2433	-	187	13651789	81625
chr7	13570164	13770164	harbor1	chr7	13657410	13657782	LTR/ERVL-MaLR	2221	-	186	13657596	87432
chr7	3885459	4085459	harbor1	chr7	3887055	3887418	LTR/ERVL-MaLR	584	-	182	3887237	1778
chr7	3885459	4085459	harbor1	chr7	3891106	3892203	LTR/ERVL-MaLR	832	-	548	3891654	6195
chr7	3885459	4085459	harbor1	chr7	3892209	3892500	LTR/ERVL-MaLR	574	-	146	3892355	6896
chr7	3885459	4085459	harbor1	chr7	3896838	3897196	LTR/ERVL-MaLR	1730	-	179	3897017	11558
chr7	3885459	4085459	harbor1	chr7	3909108	3909323	LTR/ERVL-MaLR	454	-	108	3909216	23757
chr7	3885459	4085459	harbor1	chr7	3911315	3911653	LTR/ERVL-MaLR	1731	-	169	3911484	26025
chr7	3885459	4085459	harbor1	chr7	3929782	3929953	LTR/ERVL-MaLR	777	-	86	3929868	44409
chr7	3885459	4085459	harbor1	chr7	3955193	3955558	LTR/ERVL-MaLR	1112	-	182	3955375	69916
chr7	3885459	4085459	harbor1	chr7	3968818	3969174	LTR/ERVL-MaLR	1924	-	178	3968996	83537
chr7	136358903	136558903	harbor1	chr7	136437174	136437367	LTR/ERVL-MaLR	637	-	96	136437270	78367
chr7	136358903	136558903	harbor1	chr7	136449256	136449551	LTR/ERVL-MaLR	1968	-	148	136449404	90501
chr7	136358903	136558903	harbor1	chr7	136449866	136450070	LTR/ERVL-MaLR	1968	-	102	136449968	91065
chr7	3291708	3491708	harbor1	chr7	3323450	3323753	LTR/ERVL-MaLR	1084	-	152	3323602	31894
chr7	141375456	141575456	harbor1	chr7	141403958	141404024	LTR/ERVL-MaLR	1150	-	33	141403991	28535
chr7	141375456	141575456	harbor1	chr7	141404334	141404764	LTR/ERVL-MaLR	1150	-	215	141404549	29093
chr7	141375456	141575456	harbor1	chr7	141460118	141460506	LTR/ERVL-MaLR	1777	-	194	141460312	84856
chr7	141375456	141575456	harbor1	chr7	141442830	141443109	LTR/ERVL-MaLR	1028	-	140	141442970	67514
chr7	76088133	76288133	harbor1	chr7	76103426	76103491	LTR/ERVL-MaLR	1511	-	32	76103458	15325
chr7	76088133	76288133	harbor1	chr7	76103805	76104229	LTR/ERVL-MaLR	1511	-	212	76104017	15884
chr7	76088133	76288133	harbor1	chr7	76153250	76153472	LTR/ERVL-MaLR	1145	-	111	76153361	65228
chr7	76088133	76288133	harbor1	chr7	76169587	76169652	LTR/ERVL-MaLR	1595	-	32	76169619	81486
chr7	76088133	76288133	harbor1	chr7	76169976	76170409	LTR/ERVL-MaLR	1595	-	216	76170192	82059
chr7	76088133	76288133	harbor1	chr7	76180223	76180358	LTR/ERVL-MaLR	576	-	68	76180291	92158
chr7	76088133	76288133	harbor1	chr7	76136394	76136731	LTR/ERVL-MaLR	1800	-	168	76136562	48429
chr7	24460441	24660441	harbor1	chr7	24460795	24460964	LTR/ERVL-MaLR	552	-	84	24460879	438
chr7	24460441	24660441	harbor1	chr7	24464033	24464374	LTR/ERVL-MaLR	1479	-	170	24464203	3762
chr7	24460441	24660441	harbor1	chr7	24464423	24464784	LTR/ERVL-MaLR	1660	-	180	24464603	4162
chr7	24460441	24660441	harbor1	chr7	24515245	24515394	LTR/ERVL-MaLR	603	-	74	24515319	54878
chr7	24460441	24660441	harbor1	chr7	24519537	24519911	LTR/ERVL-MaLR	2437	-	187	24519724	59283
chr7	24460441	24660441	harbor1	chr7	24527513	24527868	LTR/ERVL-MaLR	2730	-	178	24527691	67250
chr7	24460441	24660441	harbor1	chr7	24529841	24530193	LTR/ERVL-MaLR	1748	-	176	24530017	69576
chr7	24460441	24660441	harbor1	chr7	24532661	24532980	LTR/ERVL-MaLR	1254	-	160	24532821	72380
chr7	141073819	141273819	harbor1	chr7	141104595	141104961	LTR/ERVL-MaLR	2026	-	183	141104778	30959
chr7	141073819	141273819	harbor1	chr7	141108819	141109182	LTR/ERVL-MaLR	2190	-	182	141109001	35182
chr7	141073819	141273819	harbor1	chr7	141111060	141111414	LTR/ERVL-MaLR	2507	-	177	141111237	37418
chr7	141073819	141273819	harbor1	chr7	141156950	141157290	LTR/ERVL-MaLR	483	-	170	141157120	83301
chr7	141073819	141273819	harbor1	chr7	141162995	141163482	LTR/ERVL-MaLR	1056	-	244	141163239	89420
chr7	141073819	141273819	harbor1	chr7	141164650	141164987	LTR/ERVL-MaLR	787	-	168	141164818	90999
chr7	141073819	141273819	harbor1	chr7	141165945	141166120	LTR/ERVL-MaLR	462	-	88	141166033	92214
chr7	141073819	141273819	harbor1	chr7	141147942	141148384	LTR/ERVL-MaLR	2361	-	221	141148163	74344
chr7	6042369	6242369	harbor1	chr7	6071627	6071916	LTR/ERVL-MaLR	2615	-	144	6071771	29402
chr7	6042369	6242369	harbor1	chr7	6072218	6072291	LTR/ERVL-MaLR	2615	-	36	6072254	29885
chr7	6042369	6242369	harbor1	chr7	6072592	6072693	LTR/ERVL-MaLR	2615	-	50	6072642	30273
chr7	64208631	64408631	harbor1	chr7	64247969	64248286	LTR/ERVL-MaLR	1649	-	158	64248127	39496
chr7	64208631	64408631	harbor1	chr7	64248580	64248634	LTR/ERVL-MaLR	1649	-	27	64248607	39976
chr7	64208631	64408631	harbor1	chr7	64301649	64302214	LTR/ERVL-MaLR	1435	-	282	64301931	93300
chr7	57225578	57425578	harbor1	chr7	57246104	57246392	LTR/ERVL-MaLR	1333	-	144	57246248	20670
chr7	57225578	57425578	harbor1	chr7	57246674	57246843	LTR/ERVL-MaLR	1333	-	84	57246758	21180
chr7	57225578	57425578	harbor1	chr7	57258385	57258440	LTR/ERVL-MaLR	1747	-	28	57258413	32835
chr7	57225578	57425578	harbor1	chr7	57258751	57259209	LTR/ERVL-MaLR	1747	-	229	57258980	33402
chr7	57225578	57425578	harbor1	chr7	57281071	57281547	LTR/ERVL-MaLR	1554	-	238	57281309	55731
chr7	57225578	57425578	harbor1	chr7	57285915	57286318	LTR/ERVL-MaLR	2116	-	202	57286117	60539
chr7	57225578	57425578	harbor1	chr7	57304326	57304669	LTR/ERVL-MaLR	450	-	172	57304498	78920
chr7	57225578	57425578	harbor1	chr7	57318055	57318370	LTR/ERVL-MaLR	833	-	158	57318213	92635
chr7	57225578	57425578	harbor1	chr7	57322366	57322904	LTR/ERVL-MaLR	1352	-	269	57322635	97057
chr7	131386550	131586550	harbor1	chr7	131409954	131410109	LTR/ERVL-MaLR	550	-	78	131410032	23482
chr7	131386550	131586550	harbor1	chr7	131431320	131431580	LTR/ERVL-MaLR	487	-	130	131431450	44900
chr7	131386550	131586550	harbor1	chr7	131474760	131475126	LTR/ERVL-MaLR	1630	-	183	131474943	88393
chr7	157002323	157202323	harbor1	chr7	157039550	157039969	LTR/ERVL-MaLR	995	-	210	157039760	37437
chr7	157002323	157202323	harbor1	chr7	157044350	157044804	LTR/ERVL-MaLR	1673	-	227	157044577	42254
chr7	157002323	157202323	harbor1	chr7	157073415	157073870	LTR/ERVL-MaLR	2439	-	228	157073643	71320
chr7	137108135	137308135	harbor1	chr7	137119804	137120177	LTR/ERVL-MaLR	883	-	186	137119990	11855
chr7	137108135	137308135	harbor1	chr7	137120178	137120979	LTR/ERVL-MaLR	1252	-	400	137120578	12443
chr7	137108135	137308135	harbor1	chr7	137121193	137121520	LTR/ERVL-MaLR	914	-	164	137121357	13222
chr7	137108135	137308135	harbor1	chr7	137123979	137124389	LTR/ERVL-MaLR	2025	-	205	137124184	16049
chr7	137108135	137308135	harbor1	chr7	137142433	137142826	LTR/ERVL-MaLR	1168	-	196	137142629	34494
chr7	137108135	137308135	harbor1	chr7	137148063	137148664	LTR/ERVL-MaLR	2125	-	300	137148363	40228
chr7	29128320	29328320	harbor1	chr7	29149595	29149963	LTR/ERVL-MaLR	1267	-	184	29149779	21459
chr7	29128320	29328320	harbor1	chr7	29154832	29155184	LTR/ERVL-MaLR	2482	-	176	29155008	26688
chr7	29128320	29328320	harbor1	chr7	29170682	29171040	LTR/ERVL-MaLR	2390	-	179	29170861	42541
chr7	29128320	29328320	harbor1	chr7	29208845	29209231	LTR/ERVL-MaLR	635	-	193	29209038	80718
chr7	107869765	108069765	harbor1	chr7	107873943	107874331	LTR/ERVL-MaLR	581	-	194	107874137	4372
chr7	107869765	108069765	harbor1	chr7	107880441	107880689	LTR/ERVL-MaLR	443	-	124	107880565	10800
chr7	131725459	131925459	harbor1	chr7	131728801	131729156	LTR/ERVL-MaLR	2580	-	178	131728979	3520
chr7	131725459	131925459	harbor1	chr7	131749250	131749613	LTR/ERVL-MaLR	2484	-	182	131749432	23973
chr7	131725459	131925459	harbor1	chr7	131756823	131757094	LTR/ERVL-MaLR	781	-	136	131756959	31500
chr7	131725459	131925459	harbor1	chr7	131765126	131765490	LTR/ERVL-MaLR	1286	-	182	131765308	39849
chr7	131725459	131925459	harbor1	chr7	131767385	131767793	LTR/ERVL-MaLR	2843	-	204	131767589	42130
chr7	131725459	131925459	harbor1	chr7	131772780	131773012	LTR/ERVL-MaLR	618	-	116	131772896	47437
chr7	131725459	131925459	harbor1	chr7	131776703	131776794	LTR/ERVL-MaLR	1105	-	46	131776749	51290
chr7	131725459	131925459	harbor1	chr7	131776856	131777024	LTR/ERVL-MaLR	610	-	84	131776940	51481
chr7	131725459	131925459	harbor1	chr7	131813239	131813461	LTR/ERVL-MaLR	476	-	111	131813350	87891
chr7	131725459	131925459	harbor1	chr7	131776438	131776652	LTR/ERVL-MaLR	1105	-	107	131776545	51086
chr7	77443171	77643171	harbor1	chr7	77455354	77455667	LTR/ERVL-MaLR	463	-	156	77455510	12339
chr7	77443171	77643171	harbor1	chr7	77515106	77515629	LTR/ERVL-MaLR	2620	-	262	77515368	72197
chr7	77443171	77643171	harbor1	chr7	77530045	77530254	LTR/ERVL-MaLR	631	-	104	77530149	86978
chr7	97007562	97207562	harbor1	chr7	97084989	97085356	LTR/ERVL-MaLR	1959	-	184	97085173	77611
chr7	97007562	97207562	harbor1	chr7	97090724	97091096	LTR/ERVL-MaLR	620	-	186	97090910	83348
chr7	97007562	97207562	harbor1	chr7	97041927	97042461	LTR/ERVL-MaLR	1333	-	267	97042194	34632
chr7	110741582	110941582	harbor1	chr7	110830847	110831408	LTR/ERVL-MaLR	1455	-	280	110831127	89545
chr7	142380272	142580272	harbor1	chr7	142413558	142414061	LTR/ERVL-MaLR	1655	-	252	142413810	33538
chr7	142380272	142580272	harbor1	chr7	142431333	142431796	LTR/ERVL-MaLR	1108	-	232	142431565	51293
chr7	142380272	142580272	harbor1	chr7	142439226	142439697	LTR/ERVL-MaLR	1744	-	236	142439462	59190
chr7	119204774	119404774	harbor1	chr7	119229343	119229701	LTR/ERVL-MaLR	2266	-	179	119229522	24748
chr7	119204774	119404774	harbor1	chr7	119236323	119236837	LTR/ERVL-MaLR	1742	-	257	119236580	31806
chr7	119204774	119404774	harbor1	chr7	119237993	119238345	LTR/ERVL-MaLR	2147	-	176	119238169	33395
chr7	119204774	119404774	harbor1	chr7	119265270	119265631	LTR/ERVL-MaLR	1906	-	180	119265450	60676
chr7	119204774	119404774	harbor1	chr7	119265632	119267259	LTR/ERVL-MaLR	10410	-	814	119266446	61672
chr7	119204774	119404774	harbor1	chr7	119267260	119267629	LTR/ERVL-MaLR	1975	-	184	119267444	62670
chr7	119204774	119404774	harbor1	chr7	119272015	119272400	LTR/ERVL-MaLR	1922	-	192	119272207	67433
chr7	119204774	119404774	harbor1	chr7	119287760	119288150	LTR/ERVL-MaLR	1394	-	195	119287955	83181
chr7	119204774	119404774	harbor1	chr7	119302877	119303012	LTR/ERVL-MaLR	1765	-	68	119302945	98171
chr7	119204774	119404774	harbor1	chr7	119303013	119303424	LTR/ERVL-MaLR	1750	-	206	119303219	98445
chr7	119204774	119404774	harbor1	chr7	119303425	119303731	LTR/ERVL-MaLR	1765	-	153	119303578	98804
chr7	77949647	78149647	harbor1	chr7	77962902	77963341	LTR/ERVL-MaLR	1940	-	220	77963122	13475
chr7	77949647	78149647	harbor1	chr7	77980432	77980946	LTR/ERVL-MaLR	995	-	257	77980689	31042
chr7	77949647	78149647	harbor1	chr7	77994269	77994654	LTR/ERVL-MaLR	1471	-	192	77994461	44814
chr7	77949647	78149647	harbor1	chr7	77997142	77997403	LTR/ERVL-MaLR	984	-	130	77997272	47625
chr7	77949647	78149647	harbor1	chr7	77997710	77997944	LTR/ERVL-MaLR	972	-	117	77997827	48180
chr7	77949647	78149647	harbor1	chr7	77998032	77998143	LTR/ERVL-MaLR	472	-	56	77998088	48441
chr7	47433673	47633673	harbor1	chr7	47471887	47472289	LTR/ERVL-MaLR	1318	-	201	47472088	38415
chr7	47433673	47633673	harbor1	chr7	47488344	47488700	LTR/ERVL-MaLR	1915	-	178	47488522	54849
chr7	47433673	47633673	harbor1	chr7	47503701	47504059	LTR/ERVL-MaLR	2057	-	179	47503880	70207
chr7	47433673	47633673	harbor1	chr7	47522993	47523355	LTR/ERVL-MaLR	1820	-	181	47523174	89501
chr7	100463473	100663473	harbor1	chr7	100505033	100505247	LTR/ERVL-MaLR	450	-	107	100505140	41667
chr7	100463473	100663473	harbor1	chr7	100509278	100509733	LTR/ERVL-MaLR	1445	-	228	100509506	46033
chr7	96292171	96492171	harbor1	chr7	96323149	96323493	LTR/ERVL-MaLR	2147	-	172	96323321	31150
chr7	96292171	96492171	harbor1	chr7	96325841	96326326	LTR/ERVL-MaLR	1964	-	242	96326083	33912
chr7	96292171	96492171	harbor1	chr7	96326751	96327133	LTR/ERVL-MaLR	2854	-	191	96326942	34771
chr7	96292171	96492171	harbor1	chr7	96328360	96328619	LTR/ERVL-MaLR	1348	-	130	96328490	36319
chr7	96292171	96492171	harbor1	chr7	96328620	96328994	LTR/ERVL-MaLR	2455	-	187	96328807	36636
chr7	96292171	96492171	harbor1	chr7	96328995	96329110	LTR/ERVL-MaLR	1348	-	58	96329053	36882
chr7	96292171	96492171	harbor1	chr7	96349418	96349575	LTR/ERVL-MaLR	824	-	78	96349496	57325
chr7	96292171	96492171	harbor1	chr7	96350015	96350333	LTR/ERVL-MaLR	1314	-	159	96350174	58003
chr7	96292171	96492171	harbor1	chr7	96354960	96355316	LTR/ERVL-MaLR	1986	-	178	96355138	62967
chr7	96292171	96492171	harbor1	chr7	96373660	96374031	LTR/ERVL-MaLR	1265	-	186	96373846	81675
chr7	96292171	96492171	harbor1	chr7	96378040	96378413	LTR/ERVL-MaLR	1514	-	186	96378226	86055
chr7	448014	648014	harbor1	chr7	469751	470155	LTR/ERVL-MaLR	973	-	202	469953	21939
chr7	448014	648014	harbor1	chr7	472663	472858	LTR/ERVL-MaLR	677	-	98	472761	24747
chr7	448014	648014	harbor1	chr7	473174	473359	LTR/ERVL-MaLR	677	-	92	473266	25252
chr7	448014	648014	harbor1	chr7	532434	532601	LTR/ERVL-MaLR	443	-	84	532518	84504
chr7	24450005	24650005	harbor1	chr7	24459893	24460327	LTR/ERVL-MaLR	2240	-	217	24460110	10105
chr7	24450005	24650005	harbor1	chr7	24460795	24460964	LTR/ERVL-MaLR	552	-	84	24460879	10874
chr7	24450005	24650005	harbor1	chr7	24464033	24464374	LTR/ERVL-MaLR	1479	-	170	24464203	14198
chr7	24450005	24650005	harbor1	chr7	24464423	24464784	LTR/ERVL-MaLR	1660	-	180	24464603	14598
chr7	24450005	24650005	harbor1	chr7	24515245	24515394	LTR/ERVL-MaLR	603	-	74	24515319	65314
chr7	24450005	24650005	harbor1	chr7	24519537	24519911	LTR/ERVL-MaLR	2437	-	187	24519724	69719
chr7	24450005	24650005	harbor1	chr7	24527513	24527868	LTR/ERVL-MaLR	2730	-	178	24527691	77686
chr7	24450005	24650005	harbor1	chr7	24529841	24530193	LTR/ERVL-MaLR	1748	-	176	24530017	80012
chr7	24450005	24650005	harbor1	chr7	24532661	24532980	LTR/ERVL-MaLR	1254	-	160	24532821	82816
chr7	154685715	154885715	harbor1	chr7	154693955	154694315	LTR/ERVL-MaLR	1782	-	180	154694135	8420
chr7	154685715	154885715	harbor1	chr7	154707671	154707962	LTR/ERVL-MaLR	1431	-	146	154707817	22102
chr7	154685715	154885715	harbor1	chr7	154712464	154712821	LTR/ERVL-MaLR	2128	-	178	154712642	26927
chr7	154685715	154885715	harbor1	chr7	154714374	154714729	LTR/ERVL-MaLR	2336	-	178	154714552	28837
chr7	154685715	154885715	harbor1	chr7	154725285	154725657	LTR/ERVL-MaLR	2244	-	186	154725471	39756
chr7	154685715	154885715	harbor1	chr7	154725658	154727108	LTR/ERVL-MaLR	8092	-	725	154726383	40668
chr7	154685715	154885715	harbor1	chr7	154727111	154727488	LTR/ERVL-MaLR	2178	-	188	154727299	41584
chr7	154685715	154885715	harbor1	chr7	154728605	154729011	LTR/ERVL-MaLR	1642	-	203	154728808	43093
chr7	154685715	154885715	harbor1	chr7	154745519	154745982	LTR/ERVL-MaLR	2229	-	232	154745751	60036
chr7	154685715	154885715	harbor1	chr7	154761209	154761457	LTR/ERVL-MaLR	486	-	124	154761333	75618
chr7	154685715	154885715	harbor1	chr7	154761458	154761719	LTR/ERVL-MaLR	2052	-	130	154761588	75873
chr7	154685715	154885715	harbor1	chr7	154762008	154762189	LTR/ERVL-MaLR	2052	-	90	154762098	76383
chr7	154685715	154885715	harbor1	chr7	154764360	154764612	LTR/ERVL-MaLR	662	-	126	154764486	78771
chr7	154685715	154885715	harbor1	chr7	154764908	154765086	LTR/ERVL-MaLR	986	-	89	154764997	79282
chr7	154685715	154885715	harbor1	chr7	154770125	154770464	LTR/ERVL-MaLR	2195	-	170	154770295	84580
chr7	154685715	154885715	harbor1	chr7	154771228	154771595	LTR/ERVL-MaLR	1628	-	184	154771412	85697
chr7	154685715	154885715	harbor1	chr7	154712822	154714372	LTR/ERVL-MaLR	10019	-	775	154713597	27882
chr7	48058805	48258805	harbor1	chr7	48105543	48105900	LTR/ERVL-MaLR	1927	-	178	48105721	46916
chr7	48058805	48258805	harbor1	chr7	48114940	48115318	LTR/ERVL-MaLR	2297	-	189	48115129	56324
chr7	48058805	48258805	harbor1	chr7	48115322	48115344	LTR/ERVL-MaLR	997	-	11	48115333	56528
chr7	48058805	48258805	harbor1	chr7	48115413	48115612	LTR/ERVL-MaLR	997	-	100	48115513	56708
chr7	48058805	48258805	harbor1	chr7	48115731	48115856	LTR/ERVL-MaLR	997	-	62	48115793	56988
chr7	48058805	48258805	harbor1	chr7	48129919	48130230	LTR/ERVL-MaLR	1807	-	156	48130075	71270
chr7	96132442	96332442	harbor1	chr7	96160391	96160750	LTR/ERVL-MaLR	1886	-	180	96160571	28129
chr7	84683775	84883775	harbor1	chr7	84704439	84704904	LTR/ERVL-MaLR	950	-	232	84704671	20896
chr7	84683775	84883775	harbor1	chr7	84732641	84733048	LTR/ERVL-MaLR	2372	-	204	84732845	49070
chr7	84683775	84883775	harbor1	chr7	84758767	84759127	LTR/ERVL-MaLR	1671	-	180	84758947	75172
chr7	53309170	53509170	harbor1	chr7	53350759	53351117	LTR/ERVL-MaLR	962	-	179	53350938	41768
chr7	53309170	53509170	harbor1	chr7	53352418	53352832	LTR/ERVL-MaLR	2554	-	207	53352625	43455
chr7	53309170	53509170	harbor1	chr7	53371456	53371848	LTR/ERVL-MaLR	1541	-	196	53371652	62482
chr7	53309170	53509170	harbor1	chr7	53397579	53398126	LTR/ERVL-MaLR	1226	-	274	53397853	88683
chr7	53309170	53509170	harbor1	chr7	53398135	53398263	LTR/ERVL-MaLR	473	-	64	53398199	89029
chr7	53309170	53509170	harbor1	chr7	53400844	53401182	LTR/ERVL-MaLR	1949	-	169	53401013	91843
chr7	64026064	64226064	harbor1	chr7	64097594	64097755	LTR/ERVL-MaLR	964	-	80	64097674	71610
chr7	131533257	131733257	harbor1	chr7	131565110	131565162	LTR/ERVL-MaLR	2410	-	26	131565136	31879
chr7	131533257	131733257	harbor1	chr7	131565472	131565663	LTR/ERVL-MaLR	2410	-	96	131565568	32311
chr7	131533257	131733257	harbor1	chr7	131565994	131566155	LTR/ERVL-MaLR	2410	-	80	131566074	32817
chr7	131533257	131733257	harbor1	chr7	131598227	131598520	LTR/ERVL-MaLR	1885	-	146	131598373	65116
chr7	131533257	131733257	harbor1	chr7	131598823	131598979	LTR/ERVL-MaLR	1885	-	78	131598901	65644
chr7	113236368	113436368	harbor1	chr7	113272036	113272436	LTR/ERVL-MaLR	1779	-	200	113272236	35868
chr7	113236368	113436368	harbor1	chr7	113272437	113274009	LTR/ERVL-MaLR	9872	-	786	113273223	36855
chr7	113236368	113436368	harbor1	chr7	113274010	113274377	LTR/ERVL-MaLR	1990	-	184	113274194	37826
chr7	113236368	113436368	harbor1	chr7	113287249	113287628	LTR/ERVL-MaLR	1073	-	190	113287439	51071
chr7	122566879	122766879	harbor1	chr7	122596827	122597202	LTR/ERVL-MaLR	1808	-	188	122597015	30136
chr7	561737	761737	harbor1	chr7	575065	575531	LTR/ERVL-MaLR	598	-	233	575298	13561
chr7	561737	761737	harbor1	chr7	652798	653255	LTR/ERVL-MaLR	1086	-	228	653026	91289
chr7	130527703	130727703	harbor1	chr7	130623910	130624272	LTR/ERVL-MaLR	1718	-	181	130624091	96388
chr7	50832760	51032760	harbor1	chr7	50835387	50835731	LTR/ERVL-MaLR	1965	-	172	50835559	2799
chr7	50832760	51032760	harbor1	chr7	50848439	50848822	LTR/ERVL-MaLR	1379	-	192	50848631	15871
chr7	50832760	51032760	harbor1	chr7	50856884	50857469	LTR/ERVL-MaLR	1223	-	292	50857176	24416
chr7	50832760	51032760	harbor1	chr7	50864645	50865024	LTR/ERVL-MaLR	1115	-	190	50864835	32075
chr7	50832760	51032760	harbor1	chr7	50867415	50867707	LTR/ERVL-MaLR	490	-	146	50867561	34801
chr7	50832760	51032760	harbor1	chr7	50892849	50893223	LTR/ERVL-MaLR	2403	-	187	50893036	60276
chr7	50832760	51032760	harbor1	chr7	50893279	50893463	LTR/ERVL-MaLR	1166	-	92	50893371	60611
chr7	50832760	51032760	harbor1	chr7	50916120	50916269	LTR/ERVL-MaLR	545	-	74	50916194	83434
chr7	50832760	51032760	harbor1	chr7	50926170	50926502	LTR/ERVL-MaLR	1274	-	166	50926336	93576
chr7	114981682	115181682	harbor1	chr7	114982362	114982419	LTR/ERVL-MaLR	1919	-	28	114982390	708
chr7	114981682	115181682	harbor1	chr7	115052695	115053064	LTR/ERVL-MaLR	2226	-	184	115052879	71197
chr7	114981682	115181682	harbor1	chr7	115056080	115056434	LTR/ERVL-MaLR	1739	-	177	115056257	74575
chr7	114981682	115181682	harbor1	chr7	115070288	115070918	LTR/ERVL-MaLR	2076	-	315	115070603	88921
chr7	114981682	115181682	harbor1	chr7	114982717	114983083	LTR/ERVL-MaLR	1919	-	183	114982900	1218
chr7	141415075	141615075	harbor1	chr7	141460118	141460506	LTR/ERVL-MaLR	1777	-	194	141460312	45237
chr7	141415075	141615075	harbor1	chr7	141506300	141506652	LTR/ERVL-MaLR	2653	-	176	141506476	91401
chr7	141415075	141615075	harbor1	chr7	141506653	141507380	LTR/ERVL-MaLR	11963	-	364	141507017	91942
chr7	141415075	141615075	harbor1	chr7	141507671	141508536	LTR/ERVL-MaLR	11963	-	432	141508103	93028
chr7	141415075	141615075	harbor1	chr7	141442830	141443109	LTR/ERVL-MaLR	1028	-	140	141442970	27895
chr7	141415075	141615075	harbor1	chr7	141508537	141508886	LTR/ERVL-MaLR	2848	-	174	141508711	93636
chr7	11177442	11377442	harbor1	chr7	11201076	11201494	LTR/ERVL-MaLR	2390	-	209	11201285	23843
chr7	11177442	11377442	harbor1	chr7	11220444	11220792	LTR/ERVL-MaLR	1866	-	174	11220618	43176
chr7	11177442	11377442	harbor1	chr7	11223619	11223765	LTR/ERVL-MaLR	508	-	73	11223692	46250
chr7	11177442	11377442	harbor1	chr7	11267274	11267690	LTR/ERVL-MaLR	1108	-	208	11267482	90040
chr7	11177442	11377442	harbor1	chr7	11273210	11273577	LTR/ERVL-MaLR	1710	-	184	11273394	95952
chr7	11257789	11457789	harbor1	chr7	11267274	11267690	LTR/ERVL-MaLR	1108	-	208	11267482	9693
chr7	11257789	11457789	harbor1	chr7	11273210	11273577	LTR/ERVL-MaLR	1710	-	184	11273394	15605
chr7	11257789	11457789	harbor1	chr7	11278342	11278700	LTR/ERVL-MaLR	2411	-	179	11278521	20732
chr7	11257789	11457789	harbor1	chr7	11356273	11356701	LTR/ERVL-MaLR	1084	-	214	11356487	98698
chr7	11257789	11457789	harbor1	chr7	11337619	11338078	LTR/ERVL-MaLR	1217	-	230	11337849	80060
chr7	31049012	31249012	harbor1	chr7	31072117	31072409	LTR/ERVL-MaLR	531	-	146	31072263	23251
chr7	31049012	31249012	harbor1	chr7	31113605	31113999	LTR/ERVL-MaLR	801	-	197	31113802	64790
chr7	31049012	31249012	harbor1	chr7	31119608	31119724	LTR/ERVL-MaLR	618	-	58	31119666	70654
chr7	110399715	110599715	harbor1	chr7	110408049	110408384	LTR/ERVL-MaLR	1378	-	168	110408217	8502
chr7	110399715	110599715	harbor1	chr7	110409303	110409738	LTR/ERVL-MaLR	1571	-	218	110409521	9806
chr7	110399715	110599715	harbor1	chr7	110435696	110435779	LTR/ERVL-MaLR	444	-	42	110435738	36023
chr7	110399715	110599715	harbor1	chr7	110437551	110437771	LTR/ERVL-MaLR	930	-	110	110437661	37946
chr7	110399715	110599715	harbor1	chr7	110450426	110450808	LTR/ERVL-MaLR	2015	-	191	110450617	50902
chr7	110399715	110599715	harbor1	chr7	110453748	110454100	LTR/ERVL-MaLR	1830	-	176	110453924	54209
chr7	110399715	110599715	harbor1	chr7	110479926	110480296	LTR/ERVL-MaLR	2499	-	185	110480111	80396
chr7	110399715	110599715	harbor1	chr7	110480297	110482042	LTR/ERVL-MaLR	8892	-	872	110481169	81454
chr7	110399715	110599715	harbor1	chr7	110482046	110482427	LTR/ERVL-MaLR	2384	-	190	110482236	82521
chr7	63875748	64075748	harbor1	chr7	63915395	63915757	LTR/ERVL-MaLR	1434	-	181	63915576	39828
chr7	45157333	45357333	harbor1	chr7	45169511	45169933	LTR/ERVL-MaLR	1144	-	211	45169722	12389
chr7	45157333	45357333	harbor1	chr7	45192722	45193113	LTR/ERVL-MaLR	2095	-	196	45192918	35585
chr7	45157333	45357333	harbor1	chr7	45216070	45216232	LTR/ERVL-MaLR	606	-	81	45216151	58818
chr7	45157333	45357333	harbor1	chr7	45219163	45219699	LTR/ERVL-MaLR	1187	-	268	45219431	62098
chr7	45157333	45357333	harbor1	chr7	45236782	45237163	LTR/ERVL-MaLR	1644	-	190	45236972	79639
chr7	45157333	45357333	harbor1	chr7	45252431	45252765	LTR/ERVL-MaLR	1467	-	167	45252598	95265
chr7	13933401	14133401	harbor1	chr7	13944207	13944594	LTR/ERVL-MaLR	1847	-	194	13944401	11000
chr7	13933401	14133401	harbor1	chr7	13996880	13997245	LTR/ERVL-MaLR	2156	-	182	13997062	63661
chr7	13933401	14133401	harbor1	chr7	13997246	13997915	LTR/ERVL-MaLR	4712	-	334	13997580	64179
chr7	13933401	14133401	harbor1	chr7	14000233	14000747	LTR/ERVL-MaLR	1796	-	257	14000490	67089
chr7	13933401	14133401	harbor1	chr7	14009399	14009807	LTR/ERVL-MaLR	1856	-	204	14009603	76202
chr7	13933401	14133401	harbor1	chr7	14020630	14021160	LTR/ERVL-MaLR	2208	-	265	14020895	87494
chr7	13933401	14133401	harbor1	chr7	14026325	14026820	LTR/ERVL-MaLR	1224	-	248	14026573	93172
chr7	79022695	79222695	harbor1	chr7	79074826	79075304	LTR/ERVL-MaLR	1093	-	239	79075065	52370
chr7	121938527	122138527	harbor1	chr7	121949975	121950333	LTR/ERVL-MaLR	2125	-	179	121950154	11627
chr7	121938527	122138527	harbor1	chr7	121964206	121964582	LTR/ERVL-MaLR	2401	-	188	121964394	25867
chr7	121938527	122138527	harbor1	chr7	121965090	121965353	LTR/ERVL-MaLR	1613	-	132	121965222	26695
chr7	121938527	122138527	harbor1	chr7	121965382	121965758	LTR/ERVL-MaLR	1613	-	188	121965570	27043
chr7	121938527	122138527	harbor1	chr7	121978332	121978704	LTR/ERVL-MaLR	1969	-	186	121978518	39991
chr7	121938527	122138527	harbor1	chr7	122037874	122038235	LTR/ERVL-MaLR	1981	-	180	122038054	99527
chr8	83500485	83700485	harbor1	chr8	83502071	83502503	LTR/ERVL-MaLR	1628	-	216	83502287	1802
chr8	83500485	83700485	harbor1	chr8	83553094	83553538	LTR/ERVL-MaLR	2147	-	222	83553316	52831
chr8	83500485	83700485	harbor1	chr8	83553546	83553919	LTR/ERVL-MaLR	2619	-	186	83553732	53247
chr8	83500485	83700485	harbor1	chr8	83557830	83558027	LTR/ERVL-MaLR	596	-	98	83557928	57443
chr8	137967819	138167819	harbor1	chr8	138004311	138004661	LTR/ERVL-MaLR	2001	-	175	138004486	36667
chr8	137967819	138167819	harbor1	chr8	138010520	138010907	LTR/ERVL-MaLR	1395	-	194	138010714	42895
chr8	137967819	138167819	harbor1	chr8	138022976	138023347	LTR/ERVL-MaLR	1828	-	186	138023162	55343
chr8	137967819	138167819	harbor1	chr8	138032397	138032714	LTR/ERVL-MaLR	1564	-	158	138032555	64736
chr8	16027209	16227209	harbor1	chr8	16045635	16045910	LTR/ERVL-MaLR	810	-	138	16045773	18564
chr8	16027209	16227209	harbor1	chr8	16047691	16048059	LTR/ERVL-MaLR	2560	-	184	16047875	20666
chr8	16027209	16227209	harbor1	chr8	16058666	16059071	LTR/ERVL-MaLR	2387	-	202	16058868	31659
chr8	16027209	16227209	harbor1	chr8	16062949	16063341	LTR/ERVL-MaLR	1640	-	196	16063145	35936
chr8	16027209	16227209	harbor1	chr8	16066976	16067330	LTR/ERVL-MaLR	1346	-	177	16067153	39944
chr8	16027209	16227209	harbor1	chr8	16074781	16075228	LTR/ERVL-MaLR	2263	-	224	16075005	47796
chr8	16027209	16227209	harbor1	chr8	16077433	16077641	LTR/ERVL-MaLR	968	-	104	16077537	50328
chr8	16027209	16227209	harbor1	chr8	16091227	16091648	LTR/ERVL-MaLR	994	-	210	16091437	64228
chr8	16027209	16227209	harbor1	chr8	16092306	16092535	LTR/ERVL-MaLR	898	-	114	16092420	65211
chr8	16027209	16227209	harbor1	chr8	16092805	16093510	LTR/ERVL-MaLR	2582	-	352	16093157	65948
chr8	16027209	16227209	harbor1	chr8	16093516	16093881	LTR/ERVL-MaLR	1347	-	182	16093698	66489
chr8	85385352	85585352	harbor1	chr8	85395803	85396154	LTR/ERVL-MaLR	1670	-	176	85395979	10627
chr8	85385352	85585352	harbor1	chr8	85400100	85400580	LTR/ERVL-MaLR	1457	-	240	85400340	14988
chr8	85385352	85585352	harbor1	chr8	85478842	85479086	LTR/ERVL-MaLR	463	-	122	85478964	93612
chr8	118770668	118970668	harbor1	chr8	118775296	118775716	LTR/ERVL-MaLR	2546	-	210	118775506	4838
chr8	118770668	118970668	harbor1	chr8	118785380	118785692	LTR/ERVL-MaLR	1356	-	156	118785536	14868
chr8	118770668	118970668	harbor1	chr8	118803596	118803924	LTR/ERVL-MaLR	885	-	164	118803760	33092
chr8	118770668	118970668	harbor1	chr8	118825368	118825605	LTR/ERVL-MaLR	762	-	118	118825486	54818
chr8	118770668	118970668	harbor1	chr8	118826023	118826364	LTR/ERVL-MaLR	790	-	170	118826193	55525
chr8	118770668	118970668	harbor1	chr8	118838623	118839026	LTR/ERVL-MaLR	1506	-	202	118838825	68157
chr8	118770668	118970668	harbor1	chr8	118846137	118846729	LTR/ERVL-MaLR	1788	-	296	118846433	75765
chr8	23198604	23398604	harbor1	chr8	23236686	23236984	LTR/ERVL-MaLR	1544	-	149	23236835	38231
chr8	23198604	23398604	harbor1	chr8	23236985	23237319	LTR/ERVL-MaLR	1962	-	167	23237152	38548
chr8	23198604	23398604	harbor1	chr8	23237320	23238823	LTR/ERVL-MaLR	10486	-	752	23238072	39468
chr8	23198604	23398604	harbor1	chr8	23268897	23269245	LTR/ERVL-MaLR	1920	-	174	23269071	70467
chr8	61597659	61797659	harbor1	chr8	61611246	61611507	LTR/ERVL-MaLR	1080	-	130	61611376	13717
chr8	81524994	81724994	harbor1	chr8	81537897	81538318	LTR/ERVL-MaLR	2560	-	210	81538107	13113
chr8	81524994	81724994	harbor1	chr8	81544174	81544440	LTR/ERVL-MaLR	789	-	133	81544307	19313
chr8	81524994	81724994	harbor1	chr8	81576683	81577000	LTR/ERVL-MaLR	930	-	158	81576841	51847
chr8	21177035	21377035	harbor1	chr8	21194296	21194657	LTR/ERVL-MaLR	1760	-	180	21194476	17441
chr8	21177035	21377035	harbor1	chr8	21200692	21201169	LTR/ERVL-MaLR	736	-	238	21200930	23895
chr8	128040241	128240241	harbor1	chr8	128055552	128055956	LTR/ERVL-MaLR	825	-	202	128055754	15513
chr8	128040241	128240241	harbor1	chr8	128070630	128070946	LTR/ERVL-MaLR	538	-	158	128070788	30547
chr8	128040241	128240241	harbor1	chr8	128089167	128089569	LTR/ERVL-MaLR	1567	-	201	128089368	49127
chr8	128040241	128240241	harbor1	chr8	128110296	128110417	LTR/ERVL-MaLR	634	-	60	128110356	70115
chr8	128040241	128240241	harbor1	chr8	128111701	128111900	LTR/ERVL-MaLR	551	-	100	128111801	71560
chr8	128040241	128240241	harbor1	chr8	128136556	128136865	LTR/ERVL-MaLR	479	-	154	128136710	96469
chr8	58390169	58590169	harbor1	chr8	58393010	58393341	LTR/ERVL-MaLR	462	-	166	58393176	3007
chr8	58390169	58590169	harbor1	chr8	58399139	58399520	LTR/ERVL-MaLR	2233	-	190	58399329	9160
chr8	58390169	58590169	harbor1	chr8	58448807	58449296	LTR/ERVL-MaLR	1570	-	244	58449051	58882
chr8	58390169	58590169	harbor1	chr8	58449419	58450701	LTR/ERVL-MaLR	3010	-	641	58450060	59891
chr8	114341972	114541972	harbor1	chr8	114405907	114406581	LTR/ERVL-MaLR	3632	-	337	114406244	64272
chr8	114341972	114541972	harbor1	chr8	114406582	114406953	LTR/ERVL-MaLR	2639	-	186	114406768	64796
chr8	114341972	114541972	harbor1	chr8	114414619	114414980	LTR/ERVL-MaLR	2459	-	180	114414799	72827
chr8	114341972	114541972	harbor1	chr8	114414981	114415940	LTR/ERVL-MaLR	6235	-	480	114415461	73489
chr8	54940266	55140266	harbor1	chr8	54956336	54956793	LTR/ERVL-MaLR	1146	-	228	54956564	16298
chr8	54940266	55140266	harbor1	chr8	54991952	54992318	LTR/ERVL-MaLR	1289	-	183	54992135	51869
chr8	54940266	55140266	harbor1	chr8	54992614	54992672	LTR/ERVL-MaLR	1289	-	29	54992643	52377
chr8	54940266	55140266	harbor1	chr8	54993619	54994005	LTR/ERVL-MaLR	1096	-	193	54993812	53546
chr8	54940266	55140266	harbor1	chr8	55007202	55007578	LTR/ERVL-MaLR	1126	-	188	55007390	67124
chr8	142056466	142256466	harbor1	chr8	142064113	142064497	LTR/ERVL-MaLR	1586	-	192	142064305	7839
chr8	142056466	142256466	harbor1	chr8	142073630	142074001	LTR/ERVL-MaLR	2321	-	186	142073816	17350
chr8	142056466	142256466	harbor1	chr8	142120273	142120696	LTR/ERVL-MaLR	1653	-	212	142120485	64019
chr8	142056466	142256466	harbor1	chr8	142126763	142127160	LTR/ERVL-MaLR	971	-	198	142126961	70495
chr8	142056466	142256466	harbor1	chr8	142136837	142137210	LTR/ERVL-MaLR	563	-	186	142137023	80557
chr8	142056466	142256466	harbor1	chr8	142137211	142137582	LTR/ERVL-MaLR	2807	-	186	142137397	80931
chr8	142056466	142256466	harbor1	chr8	142137583	142137613	LTR/ERVL-MaLR	563	-	15	142137598	81132
chr8	81327795	81527795	harbor1	chr8	81335976	81336425	LTR/ERVL-MaLR	2400	-	224	81336200	8405
chr8	81327795	81527795	harbor1	chr8	81348563	81349039	LTR/ERVL-MaLR	1067	-	238	81348801	21006
chr8	81327795	81527795	harbor1	chr8	81361381	81361734	LTR/ERVL-MaLR	1450	-	176	81361557	33762
chr8	81327795	81527795	harbor1	chr8	81378157	81378261	LTR/ERVL-MaLR	692	-	52	81378209	50414
chr8	81327795	81527795	harbor1	chr8	81394935	81395043	LTR/ERVL-MaLR	548	-	54	81394989	67194
chr8	81327795	81527795	harbor1	chr8	81395044	81395499	LTR/ERVL-MaLR	1977	-	228	81395272	67477
chr8	81327795	81527795	harbor1	chr8	81400210	81400476	LTR/ERVL-MaLR	536	-	133	81400343	72548
chr8	81327795	81527795	harbor1	chr8	81403075	81403416	LTR/ERVL-MaLR	594	-	170	81403245	75450
chr8	81327795	81527795	harbor1	chr8	81416967	81417335	LTR/ERVL-MaLR	2470	-	184	81417151	89356
chr8	81327795	81527795	harbor1	chr8	81379162	81379624	LTR/ERVL-MaLR	637	-	231	81379393	51598
chr8	98789680	98989680	harbor1	chr8	98809846	98810268	LTR/ERVL-MaLR	2803	-	211	98810057	20377
chr8	98789680	98989680	harbor1	chr8	98831974	98832039	LTR/ERVL-MaLR	635	-	32	98832006	42326
chr8	98789680	98989680	harbor1	chr8	98832751	98832987	LTR/ERVL-MaLR	635	-	118	98832869	43189
chr8	98789680	98989680	harbor1	chr8	98833831	98833948	LTR/ERVL-MaLR	484	-	58	98833889	44209
chr8	98789680	98989680	harbor1	chr8	98834554	98834758	LTR/ERVL-MaLR	1009	-	102	98834656	44976
chr8	98789680	98989680	harbor1	chr8	98835852	98835919	LTR/ERVL-MaLR	1849	-	34	98835886	46206
chr8	98789680	98989680	harbor1	chr8	98836217	98836523	LTR/ERVL-MaLR	1849	-	153	98836370	46690
chr8	98789680	98989680	harbor1	chr8	98840688	98841278	LTR/ERVL-MaLR	1100	-	295	98840983	51303
chr8	98789680	98989680	harbor1	chr8	98864724	98865058	LTR/ERVL-MaLR	825	-	167	98864891	75211
chr8	98789680	98989680	harbor1	chr8	98883704	98883915	LTR/ERVL-MaLR	416	-	106	98883810	94130
chr8	103204177	103404177	harbor1	chr8	103215557	103215830	LTR/ERVL-MaLR	442	-	136	103215693	11516
chr8	103204177	103404177	harbor1	chr8	103243705	103244087	LTR/ERVL-MaLR	2223	-	191	103243896	39719
chr8	103204177	103404177	harbor1	chr8	103253584	103254027	LTR/ERVL-MaLR	752	-	222	103253806	49629
chr8	100269421	100469421	harbor1	chr8	100303087	100303537	LTR/ERVL-MaLR	1230	-	225	100303312	33891
chr8	100269421	100469421	harbor1	chr8	100353581	100353998	LTR/ERVL-MaLR	2591	-	208	100353789	84368
chr8	62940653	63140653	harbor1	chr8	62970912	62971344	LTR/ERVL-MaLR	1121	-	216	62971128	30475
chr8	62940653	63140653	harbor1	chr8	62987379	62987745	LTR/ERVL-MaLR	2530	-	183	62987562	46909
chr8	62940653	63140653	harbor1	chr8	62987746	62989278	LTR/ERVL-MaLR	10282	-	766	62988512	47859
chr8	62940653	63140653	harbor1	chr8	62989279	62989628	LTR/ERVL-MaLR	2357	-	174	62989453	48800
chr8	62940653	63140653	harbor1	chr8	62992957	62993291	LTR/ERVL-MaLR	861	-	167	62993124	52471
chr8	62940653	63140653	harbor1	chr8	62996103	62996468	LTR/ERVL-MaLR	2069	-	182	62996285	55632
chr8	62940653	63140653	harbor1	chr8	62999136	62999549	LTR/ERVL-MaLR	2162	-	206	62999342	58689
chr8	62940653	63140653	harbor1	chr8	63006272	63006616	LTR/ERVL-MaLR	1866	-	172	63006444	65791
chr8	62940653	63140653	harbor1	chr8	62996469	62997114	LTR/ERVL-MaLR	4488	-	322	62996791	56138
chr8	50117492	50317492	harbor1	chr8	50132241	50133472	LTR/ERVL-MaLR	4454	-	616	50132857	15365
chr8	50117492	50317492	harbor1	chr8	50133473	50133905	LTR/ERVL-MaLR	1352	-	216	50133689	16197
chr8	50117492	50317492	harbor1	chr8	50170552	50171168	LTR/ERVL-MaLR	1573	-	308	50170860	53368
chr8	50117492	50317492	harbor1	chr8	50171644	50171668	LTR/ERVL-MaLR	1573	-	12	50171656	54164
chr8	73742143	73942143	harbor1	chr8	73756044	73756514	LTR/ERVL-MaLR	995	-	235	73756279	14136
chr8	73742143	73942143	harbor1	chr8	73776276	73776545	LTR/ERVL-MaLR	1806	-	134	73776410	34267
chr8	73742143	73942143	harbor1	chr8	73776841	73776966	LTR/ERVL-MaLR	1806	-	62	73776903	34760
chr8	73742143	73942143	harbor1	chr8	73780057	73780492	LTR/ERVL-MaLR	1980	-	218	73780275	38132
chr8	37467762	37667762	harbor1	chr8	37476898	37477250	LTR/ERVL-MaLR	1621	-	176	37477074	9312
chr8	37467762	37667762	harbor1	chr8	37510386	37510498	LTR/ERVL-MaLR	2072	-	56	37510442	42680
chr8	37467762	37667762	harbor1	chr8	37510792	37510894	LTR/ERVL-MaLR	2072	-	51	37510843	43081
chr8	37467762	37667762	harbor1	chr8	37510895	37511240	LTR/ERVL-MaLR	1802	-	172	37511067	43305
chr8	37467762	37667762	harbor1	chr8	37511241	37511434	LTR/ERVL-MaLR	2072	-	96	37511337	43575
chr8	37467762	37667762	harbor1	chr8	37533045	37533558	LTR/ERVL-MaLR	2038	-	256	37533301	65539
chr8	11579269	11779269	harbor1	chr8	11579938	11580248	LTR/ERVL-MaLR	1074	-	155	11580093	824
chr8	11579269	11779269	harbor1	chr8	11581298	11581661	LTR/ERVL-MaLR	2604	-	182	11581480	2211
chr8	11579269	11779269	harbor1	chr8	11599485	11599865	LTR/ERVL-MaLR	1454	-	190	11599675	20406
chr8	11579269	11779269	harbor1	chr8	11603979	11604437	LTR/ERVL-MaLR	1171	-	229	11604208	24939
chr8	11579269	11779269	harbor1	chr8	11635899	11635937	LTR/ERVL-MaLR	2181	-	19	11635918	56649
chr8	11579269	11779269	harbor1	chr8	11636245	11636613	LTR/ERVL-MaLR	2181	-	184	11636429	57160
chr8	11579269	11779269	harbor1	chr8	11650360	11650713	LTR/ERVL-MaLR	1821	-	176	11650536	71267
chr8	11579269	11779269	harbor1	chr8	11653157	11653540	LTR/ERVL-MaLR	2256	-	192	11653349	74080
chr8	87337302	87537302	harbor1	chr8	87366089	87366685	LTR/ERVL-MaLR	1910	-	298	87366387	29085
chr8	87337302	87537302	harbor1	chr8	87376147	87376486	LTR/ERVL-MaLR	1250	-	170	87376317	39015
chr8	87337302	87537302	harbor1	chr8	87401961	87402324	LTR/ERVL-MaLR	2207	-	182	87402143	64841
chr8	87337302	87537302	harbor1	chr8	87417060	87417404	LTR/ERVL-MaLR	2124	-	172	87417232	79930
chr8	48423010	48623010	harbor1	chr8	48423307	48423410	LTR/ERVL-MaLR	497	-	52	48423359	349
chr8	48423010	48623010	harbor1	chr8	48423419	48423803	LTR/ERVL-MaLR	1852	-	192	48423611	601
chr8	48423010	48623010	harbor1	chr8	48468233	48468607	LTR/ERVL-MaLR	2739	-	187	48468420	45410
chr8	48423010	48623010	harbor1	chr8	48476696	48477027	LTR/ERVL-MaLR	597	-	166	48476862	53852
chr8	48423010	48623010	harbor1	chr8	48477036	48477226	LTR/ERVL-MaLR	726	-	95	48477131	54121
chr8	48423010	48623010	harbor1	chr8	48478222	48478588	LTR/ERVL-MaLR	2619	-	183	48478405	55395
chr8	48423010	48623010	harbor1	chr8	48497656	48497894	LTR/ERVL-MaLR	696	-	119	48497775	74765
chr8	48423010	48623010	harbor1	chr8	48499727	48500000	LTR/ERVL-MaLR	1055	-	136	48499863	76853
chr8	48423010	48623010	harbor1	chr8	48508517	48508600	LTR/ERVL-MaLR	517	-	42	48508559	85549
chr8	48423010	48623010	harbor1	chr8	48508805	48509010	LTR/ERVL-MaLR	517	-	102	48508907	85897
chr8	48423010	48623010	harbor1	chr8	48511253	48511608	LTR/ERVL-MaLR	1714	-	178	48511431	88421
chr8	48423010	48623010	harbor1	chr8	48517924	48518278	LTR/ERVL-MaLR	2345	-	177	48518101	95091
chr8	10170685	10370685	harbor1	chr8	10182308	10182551	LTR/ERVL-MaLR	1572	-	122	10182430	11745
chr8	10170685	10370685	harbor1	chr8	10182672	10182893	LTR/ERVL-MaLR	1572	-	110	10182782	12097
chr8	10170685	10370685	harbor1	chr8	10191833	10192314	LTR/ERVL-MaLR	1656	-	240	10192073	21388
chr8	10170685	10370685	harbor1	chr8	10245414	10245927	LTR/ERVL-MaLR	892	-	256	10245670	74985
chr8	106900940	107100940	harbor1	chr8	106902332	106902425	LTR/ERVL-MaLR	1122	-	46	106902378	1438
chr8	106900940	107100940	harbor1	chr8	106902795	106903188	LTR/ERVL-MaLR	1477	-	196	106902991	2051
chr8	106900940	107100940	harbor1	chr8	106913280	106913596	LTR/ERVL-MaLR	954	-	158	106913438	12498
chr8	106900940	107100940	harbor1	chr8	106923219	106923576	LTR/ERVL-MaLR	1582	-	178	106923397	22457
chr8	106900940	107100940	harbor1	chr8	106931784	106932148	LTR/ERVL-MaLR	2427	-	182	106931966	31026
chr8	106900940	107100940	harbor1	chr8	106940636	106940989	LTR/ERVL-MaLR	2379	-	176	106940812	39872
chr8	106900940	107100940	harbor1	chr8	106943459	106943946	LTR/ERVL-MaLR	2071	-	244	106943703	42763
chr8	35542346	35742346	harbor1	chr8	35607291	35607495	LTR/ERVL-MaLR	916	-	102	35607393	65047
chr8	35542346	35742346	harbor1	chr8	35607901	35608142	LTR/ERVL-MaLR	414	-	120	35608021	65675
chr8	55565230	55765230	harbor1	chr8	55565568	55565684	LTR/ERVL-MaLR	620	-	58	55565626	396
chr8	55565230	55765230	harbor1	chr8	55571434	55571485	LTR/ERVL-MaLR	702	-	26	55571460	6230
chr8	55565230	55765230	harbor1	chr8	55571971	55572132	LTR/ERVL-MaLR	702	-	80	55572051	6821
chr8	55565230	55765230	harbor1	chr8	55580245	55580716	LTR/ERVL-MaLR	2176	-	236	55580481	15251
chr8	55565230	55765230	harbor1	chr8	55585601	55586067	LTR/ERVL-MaLR	2485	-	233	55585834	20604
chr8	55565230	55765230	harbor1	chr8	55593182	55593536	LTR/ERVL-MaLR	1747	-	177	55593359	28129
chr8	55565230	55765230	harbor1	chr8	55608733	55609091	LTR/ERVL-MaLR	1736	-	179	55608912	43682
chr8	11392644	11592644	harbor1	chr8	11414837	11415191	LTR/ERVL-MaLR	1993	-	177	11415014	22370
chr8	11392644	11592644	harbor1	chr8	11483006	11483379	LTR/ERVL-MaLR	2086	-	186	11483192	90548
chr8	11392644	11592644	harbor1	chr8	11484296	11484694	LTR/ERVL-MaLR	1953	-	199	11484495	91851
chr8	68603363	68803363	harbor1	chr8	68607269	68607631	LTR/ERVL-MaLR	1833	-	181	68607450	4087
chr8	68603363	68803363	harbor1	chr8	68621835	68622382	LTR/ERVL-MaLR	1438	-	274	68622109	18746
chr8	68603363	68803363	harbor1	chr8	68623561	68623918	LTR/ERVL-MaLR	1518	-	178	68623739	20376
chr8	68603363	68803363	harbor1	chr8	68643432	68643798	LTR/ERVL-MaLR	1976	-	183	68643615	40252
chr8	68603363	68803363	harbor1	chr8	68653468	68653813	LTR/ERVL-MaLR	1514	-	172	68653640	50277
chr8	68603363	68803363	harbor1	chr8	68676719	68677084	LTR/ERVL-MaLR	2185	-	182	68676901	73538
chr8	68603363	68803363	harbor1	chr8	68690384	68690737	LTR/ERVL-MaLR	1690	-	176	68690560	87197
chr8	113848735	114048735	harbor1	chr8	113898365	113898780	LTR/ERVL-MaLR	1633	-	208	113898573	49838
chr8	123967728	124167728	harbor1	chr8	123982575	123983102	LTR/ERVL-MaLR	2431	-	264	123982839	15111
chr8	123967728	124167728	harbor1	chr8	124014773	124015317	LTR/ERVL-MaLR	2236	-	272	124015045	47317
chr8	123967728	124167728	harbor1	chr8	124020889	124021262	LTR/ERVL-MaLR	2241	-	186	124021075	53347
chr8	123967728	124167728	harbor1	chr8	124040546	124040955	LTR/ERVL-MaLR	2517	-	204	124040750	73022
chr8	123967728	124167728	harbor1	chr8	124050588	124050922	LTR/ERVL-MaLR	1329	-	167	124050755	83027
chr8	123967728	124167728	harbor1	chr8	124055695	124056222	LTR/ERVL-MaLR	2381	-	264	124055959	88231
chr8	123967728	124167728	harbor1	chr8	124026824	124027259	LTR/ERVL-MaLR	1970	-	218	124027042	59314
chr8	104945182	105145182	harbor1	chr8	104987785	104988280	LTR/ERVL-MaLR	1180	-	248	104988033	42851
chr8	104945182	105145182	harbor1	chr8	105004088	105004615	LTR/ERVL-MaLR	1818	-	264	105004352	59170
chr8	104945182	105145182	harbor1	chr8	105022173	105022590	LTR/ERVL-MaLR	2717	-	208	105022381	77199
chr8	104945182	105145182	harbor1	chr8	105044024	105044387	LTR/ERVL-MaLR	1955	-	182	105044206	99024
chr8	134315803	134515803	harbor1	chr8	134328614	134328793	LTR/ERVL-MaLR	1063	-	90	134328704	12901
chr8	134315803	134515803	harbor1	chr8	134328791	134329088	LTR/ERVL-MaLR	2099	-	148	134328939	13136
chr8	134315803	134515803	harbor1	chr8	134335150	134335256	LTR/ERVL-MaLR	397	-	53	134335203	19400
chr8	134315803	134515803	harbor1	chr8	134344265	134344608	LTR/ERVL-MaLR	1877	-	172	134344437	28634
chr8	134315803	134515803	harbor1	chr8	134356182	134356549	LTR/ERVL-MaLR	2406	-	184	134356366	40563
chr8	134315803	134515803	harbor1	chr8	134364666	134365019	LTR/ERVL-MaLR	2159	-	176	134364842	49039
chr8	95963894	96163894	harbor1	chr8	95972476	95972861	LTR/ERVL-MaLR	1984	-	192	95972668	8774
chr8	95963894	96163894	harbor1	chr8	95982924	95983309	LTR/ERVL-MaLR	1065	-	192	95983116	19222
chr8	95963894	96163894	harbor1	chr8	95986496	95986828	LTR/ERVL-MaLR	1686	-	166	95986662	22768
chr8	95963894	96163894	harbor1	chr8	96013200	96013598	LTR/ERVL-MaLR	1245	-	199	96013399	49505
chr8	95963894	96163894	harbor1	chr8	96016150	96016394	LTR/ERVL-MaLR	647	-	122	96016272	52378
chr8	95963894	96163894	harbor1	chr8	96016396	96016817	LTR/ERVL-MaLR	2321	-	210	96016606	52712
chr8	95963894	96163894	harbor1	chr8	96023180	96023443	LTR/ERVL-MaLR	570	-	132	96023312	59418
chr8	95963894	96163894	harbor1	chr8	96052376	96052730	LTR/ERVL-MaLR	2224	-	177	96052553	88659
chr8	95963894	96163894	harbor1	chr8	96061931	96062051	LTR/ERVL-MaLR	791	-	60	96061991	98097
chr8	48025655	48225655	harbor1	chr8	48034747	48035028	LTR/ERVL-MaLR	578	-	140	48034887	9232
chr8	48025655	48225655	harbor1	chr8	48111550	48111912	LTR/ERVL-MaLR	1618	-	181	48111731	86076
chr8	11806412	12006412	harbor1	chr8	11873140	11873217	LTR/ERVL-MaLR	509	-	38	11873178	66766
chr8	11806412	12006412	harbor1	chr8	11882474	11882688	LTR/ERVL-MaLR	1487	-	107	11882581	76169
chr8	11806412	12006412	harbor1	chr8	11882981	11883009	LTR/ERVL-MaLR	1487	-	14	11882995	76583
chr8	11806412	12006412	harbor1	chr8	11883037	11883139	LTR/ERVL-MaLR	1487	-	51	11883088	76676
chr8	11806412	12006412	harbor1	chr8	11898093	11898541	LTR/ERVL-MaLR	2022	-	224	11898317	91905
chr8	15069056	15269056	harbor1	chr8	15105323	15105690	LTR/ERVL-MaLR	1497	-	184	15105507	36451
chr8	76016316	76216316	harbor1	chr8	76044656	76045190	LTR/ERVL-MaLR	1791	-	267	76044923	28607
chr8	76016316	76216316	harbor1	chr8	76055465	76055568	LTR/ERVL-MaLR	622	-	52	76055517	39201
chr8	76016316	76216316	harbor1	chr8	76082111	76082482	LTR/ERVL-MaLR	1609	-	186	76082297	65981
chr8	76016316	76216316	harbor1	chr8	76082491	76084024	LTR/ERVL-MaLR	3650	-	766	76083257	66941
chr8	76016316	76216316	harbor1	chr8	76085762	76085936	LTR/ERVL-MaLR	874	-	87	76085849	69533
chr8	76016316	76216316	harbor1	chr8	76091051	76091289	LTR/ERVL-MaLR	1067	-	119	76091170	74854
chr8	76016316	76216316	harbor1	chr8	76091340	76091511	LTR/ERVL-MaLR	547	-	86	76091426	75110
chr8	76016316	76216316	harbor1	chr8	76110804	76111251	LTR/ERVL-MaLR	2294	-	224	76111028	94712
chr8	70895821	71095821	harbor1	chr8	70910621	70911216	LTR/ERVL-MaLR	2015	-	298	70910919	15098
chr8	70895821	71095821	harbor1	chr8	70927384	70927782	LTR/ERVL-MaLR	1947	-	199	70927583	31762
chr8	70895821	71095821	harbor1	chr8	70929376	70929977	LTR/ERVL-MaLR	2029	-	300	70929676	33855
chr8	70895821	71095821	harbor1	chr8	70931548	70931973	LTR/ERVL-MaLR	2589	-	212	70931760	35939
chr8	70895821	71095821	harbor1	chr8	70932545	70932911	LTR/ERVL-MaLR	1526	-	183	70932728	36907
chr8	70895821	71095821	harbor1	chr8	70986796	70987167	LTR/ERVL-MaLR	1954	-	186	70986982	91161
chr8	70895821	71095821	harbor1	chr8	70987168	70988134	LTR/ERVL-MaLR	6696	-	483	70987651	91830
chr8	70895821	71095821	harbor1	chr8	70988149	70988239	LTR/ERVL-MaLR	619	-	45	70988194	92373
chr8	3765528	3965528	harbor1	chr8	3772861	3773204	LTR/ERVL-MaLR	1327	-	172	3773033	7505
chr8	3765528	3965528	harbor1	chr8	3786633	3786965	LTR/ERVL-MaLR	1067	-	166	3786799	21271
chr8	3765528	3965528	harbor1	chr8	3862881	3863115	LTR/ERVL-MaLR	1089	-	117	3862998	97470
chr8	3765528	3965528	harbor1	chr8	3863415	3863559	LTR/ERVL-MaLR	1089	-	72	3863487	97959
chr8	117704130	117904130	harbor1	chr8	117707096	117707427	LTR/ERVL-MaLR	1475	-	166	117707262	3132
chr8	117704130	117904130	harbor1	chr8	117711246	117711666	LTR/ERVL-MaLR	1103	-	210	117711456	7326
chr8	117704130	117904130	harbor1	chr8	117757283	117757433	LTR/ERVL-MaLR	403	-	75	117757358	53228
chr8	117704130	117904130	harbor1	chr8	117757481	117757746	LTR/ERVL-MaLR	772	-	132	117757613	53483
chr8	117704130	117904130	harbor1	chr8	117757751	117757960	LTR/ERVL-MaLR	702	-	104	117757855	53725
chr8	117704130	117904130	harbor1	chr8	117770985	117771048	LTR/ERVL-MaLR	608	-	32	117771017	66887
chr8	117704130	117904130	harbor1	chr8	117771322	117771741	LTR/ERVL-MaLR	608	-	210	117771532	67402
chr8	117704130	117904130	harbor1	chr8	117718892	117719278	LTR/ERVL-MaLR	764	-	193	117719085	14955
chr8	3381091	3581091	harbor1	chr8	3422705	3422967	LTR/ERVL-MaLR	1167	-	131	3422836	41745
chr8	3381091	3581091	harbor1	chr8	3426824	3427203	LTR/ERVL-MaLR	2164	-	190	3427014	45923
chr8	3381091	3581091	harbor1	chr8	3473753	3474119	LTR/ERVL-MaLR	1887	-	183	3473936	92845
chr8	90770215	90970215	harbor1	chr8	90774789	90775142	LTR/ERVL-MaLR	2341	-	176	90774965	4750
chr8	90770215	90970215	harbor1	chr8	90789509	90790082	LTR/ERVL-MaLR	2162	-	286	90789795	19580
chr8	90770215	90970215	harbor1	chr8	90797925	90798283	LTR/ERVL-MaLR	855	-	179	90798104	27889
chr8	90770215	90970215	harbor1	chr8	90800570	90800657	LTR/ERVL-MaLR	464	-	44	90800614	30399
chr8	90770215	90970215	harbor1	chr8	90811524	90812086	LTR/ERVL-MaLR	1223	-	281	90811805	41590
chr8	90770215	90970215	harbor1	chr8	90830907	90831282	LTR/ERVL-MaLR	889	-	188	90831095	60880
chr8	90770215	90970215	harbor1	chr8	90842947	90843302	LTR/ERVL-MaLR	2353	-	178	90843125	72910
chr8	90770215	90970215	harbor1	chr8	90846590	90846952	LTR/ERVL-MaLR	2553	-	181	90846771	76556
chr8	90770215	90970215	harbor1	chr8	90846958	90848490	LTR/ERVL-MaLR	10731	-	766	90847724	77509
chr8	90770215	90970215	harbor1	chr8	90848492	90848704	LTR/ERVL-MaLR	2317	-	106	90848598	78383
chr8	90770215	90970215	harbor1	chr8	90848954	90849132	LTR/ERVL-MaLR	2317	-	89	90849043	78828
chr8	32405275	32605275	harbor1	chr8	32427910	32428266	LTR/ERVL-MaLR	624	-	178	32428088	22813
chr8	32405275	32605275	harbor1	chr8	32436022	32436383	LTR/ERVL-MaLR	2089	-	180	32436202	30927
chr8	32405275	32605275	harbor1	chr8	32439940	32440304	LTR/ERVL-MaLR	1689	-	182	32440122	34847
chr8	32405275	32605275	harbor1	chr8	32480564	32480951	LTR/ERVL-MaLR	2224	-	194	32480758	75483
chr8	32405275	32605275	harbor1	chr8	32498303	32498692	LTR/ERVL-MaLR	2608	-	194	32498497	93222
chr8	32405275	32605275	harbor1	chr8	32502036	32502451	LTR/ERVL-MaLR	2493	-	208	32502244	96969
chr8	58521591	58721591	harbor1	chr8	58521714	58521995	LTR/ERVL-MaLR	969	-	140	58521854	263
chr8	58521591	58721591	harbor1	chr8	58522058	58522465	LTR/ERVL-MaLR	688	-	204	58522262	671
chr8	58521591	58721591	harbor1	chr8	58548281	58548635	LTR/ERVL-MaLR	1540	-	177	58548458	26867
chr8	51485876	51685876	harbor1	chr8	51545451	51545863	LTR/ERVL-MaLR	1280	-	206	51545657	59781
chr8	51485876	51685876	harbor1	chr8	51545860	51545978	LTR/ERVL-MaLR	550	-	59	51545919	60043
chr8	51485876	51685876	harbor1	chr8	51552861	51553505	LTR/ERVL-MaLR	2481	-	322	51553183	67307
chr8	51485876	51685876	harbor1	chr8	51554144	51555038	LTR/ERVL-MaLR	3430	-	447	51554591	68715
chr8	51485876	51685876	harbor1	chr8	51555044	51555428	LTR/ERVL-MaLR	1519	-	192	51555236	69360
chr8	51485876	51685876	harbor1	chr8	51563163	51563534	LTR/ERVL-MaLR	1471	-	186	51563349	77473
chr8	51485876	51685876	harbor1	chr8	51583143	51583354	LTR/ERVL-MaLR	1076	-	106	51583249	97373
chr8	90115395	90315395	harbor1	chr8	90130727	90130856	LTR/ERVL-MaLR	523	-	64	90130791	15396
chr8	90115395	90315395	harbor1	chr8	90169579	90169989	LTR/ERVL-MaLR	824	-	205	90169784	54389
chr8	90115395	90315395	harbor1	chr8	90200798	90200989	LTR/ERVL-MaLR	561	-	96	90200894	85499
chr8	90115395	90315395	harbor1	chr8	90211519	90211921	LTR/ERVL-MaLR	2111	-	201	90211720	96325
chr8	48267773	48467773	harbor1	chr8	48301473	48301944	LTR/ERVL-MaLR	1240	-	236	48301709	33936
chr8	48267773	48467773	harbor1	chr8	48361758	48362133	LTR/ERVL-MaLR	1217	-	188	48361946	94173
chr8	134597448	134797448	harbor1	chr8	134661981	134662339	LTR/ERVL-MaLR	2080	-	179	134662160	64712
chr8	131114305	131314305	harbor1	chr8	131137099	131137277	LTR/ERVL-MaLR	509	-	89	131137188	22883
chr8	131114305	131314305	harbor1	chr8	131209016	131209402	LTR/ERVL-MaLR	1396	-	193	131209209	94904
chr8	7323207	7523207	harbor1	chr8	7368924	7369257	LTR/ERVL-MaLR	1728	-	166	7369090	45883
chr8	7323207	7523207	harbor1	chr8	7378450	7378961	LTR/ERVL-MaLR	1514	-	256	7378706	55499
chr8	7323207	7523207	harbor1	chr8	7385218	7385319	LTR/ERVL-MaLR	595	-	50	7385268	62061
chr8	7323207	7523207	harbor1	chr8	7388060	7388564	LTR/ERVL-MaLR	1334	-	252	7388312	65105
chr8	7323207	7523207	harbor1	chr8	7410520	7411023	LTR/ERVL-MaLR	1101	-	252	7410772	87565
chr8	67057064	67257064	harbor1	chr8	67109053	67109624	LTR/ERVL-MaLR	2041	-	286	67109339	52275
chr8	67057064	67257064	harbor1	chr8	67127219	67127576	LTR/ERVL-MaLR	1190	-	178	67127397	70333
chr8	67057064	67257064	harbor1	chr8	67140856	67141032	LTR/ERVL-MaLR	534	-	88	67140944	83880
chr8	67057064	67257064	harbor1	chr8	67148874	67149394	LTR/ERVL-MaLR	2223	-	260	67149134	92070
chr8	136524334	136724334	harbor1	chr8	136526524	136526913	LTR/ERVL-MaLR	1543	-	194	136526718	2384
chr8	136524334	136724334	harbor1	chr8	136533574	136533913	LTR/ERVL-MaLR	2632	-	170	136533744	9410
chr8	136524334	136724334	harbor1	chr8	136567731	136568119	LTR/ERVL-MaLR	1741	-	194	136567925	43591
chr8	136524334	136724334	harbor1	chr8	136575885	136576248	LTR/ERVL-MaLR	2501	-	182	136576067	51733
chr8	136524334	136724334	harbor1	chr8	136584595	136584752	LTR/ERVL-MaLR	406	-	78	136584673	60339
chr8	136524334	136724334	harbor1	chr8	136610796	136611129	LTR/ERVL-MaLR	1425	-	166	136610962	86628
chr8	87036681	87236681	harbor1	chr8	87057137	87057511	LTR/ERVL-MaLR	2196	-	187	87057324	20643
chr8	87036681	87236681	harbor1	chr8	87057512	87057566	LTR/ERVL-MaLR	8847	-	27	87057539	20858
chr8	87036681	87236681	harbor1	chr8	87057854	87059415	LTR/ERVL-MaLR	8847	-	780	87058634	21953
chr8	87036681	87236681	harbor1	chr8	87059416	87059793	LTR/ERVL-MaLR	2499	-	188	87059604	22923
chr8	87036681	87236681	harbor1	chr8	87077182	87077417	LTR/ERVL-MaLR	1354	-	118	87077300	40619
chr8	87036681	87236681	harbor1	chr8	87077967	87078104	LTR/ERVL-MaLR	1354	-	68	87078035	41354
chr8	87036681	87236681	harbor1	chr8	87096146	87096509	LTR/ERVL-MaLR	1053	-	182	87096328	59647
chr8	87036681	87236681	harbor1	chr8	87103417	87103791	LTR/ERVL-MaLR	2596	-	187	87103604	66923
chr8	87036681	87236681	harbor1	chr8	87129822	87130175	LTR/ERVL-MaLR	2173	-	176	87129998	93317
chr8	1780587	1980587	harbor1	chr8	1783948	1784003	LTR/ERVL-MaLR	584	-	28	1783976	3389
chr8	1780587	1980587	harbor1	chr8	1784301	1784416	LTR/ERVL-MaLR	584	-	58	1784359	3772
chr8	1780587	1980587	harbor1	chr8	1815286	1815486	LTR/ERVL-MaLR	1359	-	100	1815386	34799
chr8	1780587	1980587	harbor1	chr8	1815800	1815817	LTR/ERVL-MaLR	1359	-	8	1815808	35221
chr8	1780587	1980587	harbor1	chr8	1815895	1816160	LTR/ERVL-MaLR	1359	-	132	1816027	35440
chr8	1780587	1980587	harbor1	chr8	1819365	1819693	LTR/ERVL-MaLR	1362	-	164	1819529	38942
chr8	1780587	1980587	harbor1	chr8	1853709	1854031	LTR/ERVL-MaLR	452	-	161	1853870	73283
chr8	12301956	12501956	harbor1	chr8	12302295	12302509	LTR/ERVL-MaLR	742	-	107	12302402	446
chr8	12301956	12501956	harbor1	chr8	12322287	12322521	LTR/ERVL-MaLR	835	-	117	12322404	20448
chr8	12301956	12501956	harbor1	chr8	12346999	12347248	LTR/ERVL-MaLR	602	-	124	12347123	45167
chr8	12301956	12501956	harbor1	chr8	12390315	12390689	LTR/ERVL-MaLR	1592	-	187	12390502	88546
chr8	12301956	12501956	harbor1	chr8	12390690	12390891	LTR/ERVL-MaLR	1119	-	100	12390790	88834
chr8	131790789	131990789	harbor1	chr8	131790668	131791030	LTR/ERVL-MaLR	1292	-	181	131790849	60
chr8	131790789	131990789	harbor1	chr8	131793408	131793803	LTR/ERVL-MaLR	2705	-	198	131793606	2817
chr8	131790789	131990789	harbor1	chr8	131829063	131829243	LTR/ERVL-MaLR	440	-	90	131829153	38364
chr8	131790789	131990789	harbor1	chr8	131834053	131834393	LTR/ERVL-MaLR	1506	-	170	131834223	43434
chr8	131790789	131990789	harbor1	chr8	131843539	131843880	LTR/ERVL-MaLR	504	-	170	131843709	52920
chr8	131790789	131990789	harbor1	chr8	131864349	131864717	LTR/ERVL-MaLR	2097	-	184	131864533	73744
chr8	131790789	131990789	harbor1	chr8	131885970	131886339	LTR/ERVL-MaLR	1836	-	184	131886154	95365
chr8	131790789	131990789	harbor1	chr8	131887127	131887504	LTR/ERVL-MaLR	2015	-	188	131887315	96526
chr8	107858652	108058652	harbor1	chr8	107863998	107864373	LTR/ERVL-MaLR	2426	-	188	107864186	5534
chr8	107858652	108058652	harbor1	chr8	107885250	107885631	LTR/ERVL-MaLR	1444	-	190	107885440	26788
chr8	107858652	108058652	harbor1	chr8	107886092	107886488	LTR/ERVL-MaLR	485	-	198	107886290	27638
chr8	37455127	37655127	harbor1	chr8	37454799	37455214	LTR/ERVL-MaLR	534	-	208	37455007	120
chr8	37455127	37655127	harbor1	chr8	37476898	37477250	LTR/ERVL-MaLR	1621	-	176	37477074	21947
chr8	37455127	37655127	harbor1	chr8	37510386	37510498	LTR/ERVL-MaLR	2072	-	56	37510442	55315
chr8	37455127	37655127	harbor1	chr8	37510792	37510894	LTR/ERVL-MaLR	2072	-	51	37510843	55716
chr8	37455127	37655127	harbor1	chr8	37510895	37511240	LTR/ERVL-MaLR	1802	-	172	37511067	55940
chr8	37455127	37655127	harbor1	chr8	37511241	37511434	LTR/ERVL-MaLR	2072	-	96	37511337	56210
chr8	37455127	37655127	harbor1	chr8	37533045	37533558	LTR/ERVL-MaLR	2038	-	256	37533301	78174
chr8	115522799	115722799	harbor1	chr8	115533656	115534008	LTR/ERVL-MaLR	1228	-	176	115533832	11033
chr8	115522799	115722799	harbor1	chr8	115556919	115557274	LTR/ERVL-MaLR	2218	-	178	115557097	34298
chr8	26423286	26623286	harbor1	chr8	26433362	26433478	LTR/ERVL-MaLR	903	-	58	26433420	10134
chr8	26423286	26623286	harbor1	chr8	26436783	26436992	LTR/ERVL-MaLR	952	-	104	26436887	13601
chr8	26423286	26623286	harbor1	chr8	26437071	26437128	LTR/ERVL-MaLR	952	-	28	26437099	13813
chr8	26423286	26623286	harbor1	chr8	26442902	26443258	LTR/ERVL-MaLR	732	-	178	26443080	19794
chr8	26423286	26623286	harbor1	chr8	26444211	26444653	LTR/ERVL-MaLR	1914	-	221	26444432	21146
chr8	26423286	26623286	harbor1	chr8	26445673	26445795	LTR/ERVL-MaLR	410	-	61	26445734	22448
chr8	26423286	26623286	harbor1	chr8	26453057	26453322	LTR/ERVL-MaLR	568	-	132	26453189	29903
chr8	26423286	26623286	harbor1	chr8	26453610	26453876	LTR/ERVL-MaLR	568	-	133	26453743	30457
chr8	26423286	26623286	harbor1	chr8	26487186	26487335	LTR/ERVL-MaLR	530	-	74	26487260	63974
chr8	26423286	26623286	harbor1	chr8	26490059	26490339	LTR/ERVL-MaLR	1604	-	140	26490199	66913
chr8	26423286	26623286	harbor1	chr8	26491649	26491963	LTR/ERVL-MaLR	2026	-	157	26491806	68520
chr8	26423286	26623286	harbor1	chr8	26520715	26521069	LTR/ERVL-MaLR	1769	-	177	26520892	97606
chr8	2070723	2270723	harbor1	chr8	2071687	2072032	LTR/ERVL-MaLR	1047	-	172	2071859	1136
chr8	2070723	2270723	harbor1	chr8	2104256	2104324	LTR/ERVL-MaLR	652	-	34	2104290	33567
chr8	2070723	2270723	harbor1	chr8	2104627	2104944	LTR/ERVL-MaLR	652	-	158	2104785	34062
chr8	2070723	2270723	harbor1	chr8	2105077	2105175	LTR/ERVL-MaLR	652	-	49	2105126	34403
chr8	2070723	2270723	harbor1	chr8	2105829	2106171	LTR/ERVL-MaLR	2031	-	171	2106000	35277
chr8	2070723	2270723	harbor1	chr8	2161616	2161868	LTR/ERVL-MaLR	1108	-	126	2161742	91019
chr8	74216027	74416027	harbor1	chr8	74224401	74224754	LTR/ERVL-MaLR	2694	-	176	74224577	8550
chr8	74216027	74416027	harbor1	chr8	74224755	74226325	LTR/ERVL-MaLR	11913	-	785	74225540	9513
chr8	74216027	74416027	harbor1	chr8	74226326	74226680	LTR/ERVL-MaLR	2676	-	177	74226503	10476
chr8	50519265	50719265	harbor1	chr8	50557403	50557783	LTR/ERVL-MaLR	736	-	190	50557593	38328
chr8	50519265	50719265	harbor1	chr8	50618475	50618846	LTR/ERVL-MaLR	1232	-	186	50618661	99396
chr8	8556075	8756075	harbor1	chr8	8575432	8576041	LTR/ERVL-MaLR	1140	-	304	8575736	19661
chr8	8556075	8756075	harbor1	chr8	8643805	8644171	LTR/ERVL-MaLR	1034	-	183	8643988	87913
chr8	8556075	8756075	harbor1	chr8	8647855	8648304	LTR/ERVL-MaLR	2145	-	224	8648079	92004
chr8	69917784	70117784	harbor1	chr8	69992708	69993077	LTR/ERVL-MaLR	1291	-	184	69992892	75108
chr8	59798501	59998501	harbor1	chr8	59814967	59815210	LTR/ERVL-MaLR	672	-	122	59815089	16588
chr8	37247528	37447528	harbor1	chr8	37267466	37267989	LTR/ERVL-MaLR	699	-	262	37267728	20200
chr8	37247528	37447528	harbor1	chr8	37303398	37303776	LTR/ERVL-MaLR	545	-	189	37303587	56059
chr8	37247528	37447528	harbor1	chr8	37308097	37308484	LTR/ERVL-MaLR	2281	-	194	37308291	60763
chr8	37247528	37447528	harbor1	chr8	37313500	37313875	LTR/ERVL-MaLR	1620	-	188	37313688	66160
chr8	37247528	37447528	harbor1	chr8	37314861	37314903	LTR/ERVL-MaLR	1852	-	21	37314882	67354
chr8	37247528	37447528	harbor1	chr8	37315215	37315574	LTR/ERVL-MaLR	1852	-	180	37315395	67867
chr8	37247528	37447528	harbor1	chr8	37322796	37323220	LTR/ERVL-MaLR	2740	-	212	37323008	75480
chr8	37247528	37447528	harbor1	chr8	37331720	37332166	LTR/ERVL-MaLR	2146	-	223	37331943	84415
chr8	37247528	37447528	harbor1	chr8	37332619	37333021	LTR/ERVL-MaLR	1454	-	201	37332820	85292
chr8	117779678	117979678	harbor1	chr8	117878826	117879090	LTR/ERVL-MaLR	751	-	132	117878958	99280
chr8	111980213	112180213	harbor1	chr8	111984650	111984845	LTR/ERVL-MaLR	909	-	98	111984748	4535
chr8	111980213	112180213	harbor1	chr8	111993291	111993647	LTR/ERVL-MaLR	1379	-	178	111993469	13256
chr8	111980213	112180213	harbor1	chr8	112060671	112061141	LTR/ERVL-MaLR	1637	-	235	112060906	80693
chr8	90269173	90469173	harbor1	chr8	90296876	90297239	LTR/ERVL-MaLR	2224	-	182	90297058	27885
chr8	90269173	90469173	harbor1	chr8	90336653	90337075	LTR/ERVL-MaLR	1029	-	211	90336864	67691
chr8	90269173	90469173	harbor1	chr8	90338426	90338903	LTR/ERVL-MaLR	2102	-	238	90338664	69491
chr8	90269173	90469173	harbor1	chr8	90339299	90339751	LTR/ERVL-MaLR	1961	-	226	90339525	70352
chr8	90269173	90469173	harbor1	chr8	90364650	90365095	LTR/ERVL-MaLR	741	-	222	90364872	95699
chr8	90269173	90469173	harbor1	chr8	90365151	90365432	LTR/ERVL-MaLR	882	-	140	90365291	96118
chr8	90269173	90469173	harbor1	chr8	90365852	90366038	LTR/ERVL-MaLR	565	-	93	90365945	96772
chr8	90269173	90469173	harbor1	chr8	90366111	90366505	LTR/ERVL-MaLR	790	-	197	90366308	97135
chr8	90269173	90469173	harbor1	chr8	90366598	90367060	LTR/ERVL-MaLR	1882	-	231	90366829	97656
chr8	90269173	90469173	harbor1	chr8	90367362	90367406	LTR/ERVL-MaLR	1882	-	22	90367384	98211
chr8	90269173	90469173	harbor1	chr8	90367407	90367442	LTR/ERVL-MaLR	634	-	18	90367425	98252
chr8	90269173	90469173	harbor1	chr8	90367752	90367891	LTR/ERVL-MaLR	634	-	70	90367822	98649
chr8	90269173	90469173	harbor1	chr8	90368231	90368612	LTR/ERVL-MaLR	773	-	190	90368421	99248
chr8	62928292	63128292	harbor1	chr8	62970912	62971344	LTR/ERVL-MaLR	1121	-	216	62971128	42836
chr8	62928292	63128292	harbor1	chr8	62987379	62987745	LTR/ERVL-MaLR	2530	-	183	62987562	59270
chr8	62928292	63128292	harbor1	chr8	62987746	62989278	LTR/ERVL-MaLR	10282	-	766	62988512	60220
chr8	62928292	63128292	harbor1	chr8	62989279	62989628	LTR/ERVL-MaLR	2357	-	174	62989453	61161
chr8	62928292	63128292	harbor1	chr8	62992957	62993291	LTR/ERVL-MaLR	861	-	167	62993124	64832
chr8	62928292	63128292	harbor1	chr8	62996103	62996468	LTR/ERVL-MaLR	2069	-	182	62996285	67993
chr8	62928292	63128292	harbor1	chr8	62999136	62999549	LTR/ERVL-MaLR	2162	-	206	62999342	71050
chr8	62928292	63128292	harbor1	chr8	63006272	63006616	LTR/ERVL-MaLR	1866	-	172	63006444	78152
chr8	62928292	63128292	harbor1	chr8	62996469	62997114	LTR/ERVL-MaLR	4488	-	322	62996791	68499
chr8	83533030	83733030	harbor1	chr8	83553094	83553538	LTR/ERVL-MaLR	2147	-	222	83553316	20286
chr8	83533030	83733030	harbor1	chr8	83553546	83553919	LTR/ERVL-MaLR	2619	-	186	83553732	20702
chr8	83533030	83733030	harbor1	chr8	83557830	83558027	LTR/ERVL-MaLR	596	-	98	83557928	24898
chr8	21352920	21552920	harbor1	chr8	21356332	21356423	LTR/ERVL-MaLR	1862	-	46	21356378	3458
chr8	21352920	21552920	harbor1	chr8	21356736	21357011	LTR/ERVL-MaLR	1862	-	138	21356874	3954
chr8	21352920	21552920	harbor1	chr8	21364945	21365076	LTR/ERVL-MaLR	583	-	66	21365011	12091
chr8	21352920	21552920	harbor1	chr8	21365666	21365842	LTR/ERVL-MaLR	704	-	88	21365754	12834
chr8	21352920	21552920	harbor1	chr8	21365885	21366058	LTR/ERVL-MaLR	603	-	86	21365971	13051
chr8	21352920	21552920	harbor1	chr8	21368540	21368650	LTR/ERVL-MaLR	535	-	55	21368595	15675
chr8	21352920	21552920	harbor1	chr8	21368965	21369148	LTR/ERVL-MaLR	535	-	92	21369057	16137
chr8	21352920	21552920	harbor1	chr8	21381859	21382228	LTR/ERVL-MaLR	1681	-	184	21382043	29123
chr8	21352920	21552920	harbor1	chr8	21385022	21385393	LTR/ERVL-MaLR	1498	-	186	21385208	32288
chr8	21352920	21552920	harbor1	chr8	21414391	21414758	LTR/ERVL-MaLR	1785	-	184	21414575	61655
chr8	21352920	21552920	harbor1	chr8	21418234	21418716	LTR/ERVL-MaLR	553	-	241	21418475	65555
chr8	21352920	21552920	harbor1	chr8	21427249	21427637	LTR/ERVL-MaLR	655	-	194	21427443	74523
chr8	21352920	21552920	harbor1	chr8	21452203	21452573	LTR/ERVL-MaLR	2107	-	185	21452388	99468
chr8	23042871	23242871	harbor1	chr8	23091507	23091668	LTR/ERVL-MaLR	836	-	80	23091587	48716
chr8	23042871	23242871	harbor1	chr8	23098335	23098748	LTR/ERVL-MaLR	2422	-	206	23098541	55670
chr8	941440	1141440	harbor1	chr8	1003502	1003824	LTR/ERVL-MaLR	476	-	161	1003663	62223
chr8	88910051	89110051	harbor1	chr8	88948695	88949064	LTR/ERVL-MaLR	1695	-	184	88948879	38828
chr8	104722753	104922753	harbor1	chr8	104728396	104728555	LTR/ERVL-MaLR	818	-	80	104728476	5723
chr8	104722753	104922753	harbor1	chr8	104774095	104774262	LTR/ERVL-MaLR	426	-	84	104774179	51426
chr8	104722753	104922753	harbor1	chr8	104777893	104778257	LTR/ERVL-MaLR	2119	-	182	104778075	55322
chr8	16111660	16311660	harbor1	chr8	16199750	16200147	LTR/ERVL-MaLR	1605	-	198	16199948	88288
chr8	137850784	138050784	harbor1	chr8	137858184	137858532	LTR/ERVL-MaLR	1981	-	174	137858358	7574
chr8	137850784	138050784	harbor1	chr8	137892490	137892826	LTR/ERVL-MaLR	524	-	168	137892658	41874
chr8	137850784	138050784	harbor1	chr8	137892878	137893125	LTR/ERVL-MaLR	446	-	124	137893002	42218
chr8	137850784	138050784	harbor1	chr8	137893386	137894618	LTR/ERVL-MaLR	1650	-	616	137894002	43218
chr8	137850784	138050784	harbor1	chr8	137894619	137895154	LTR/ERVL-MaLR	399	-	268	137894887	44103
chr8	137850784	138050784	harbor1	chr8	137907191	137907667	LTR/ERVL-MaLR	1024	-	238	137907429	56645
chr8	137850784	138050784	harbor1	chr8	137911921	137912287	LTR/ERVL-MaLR	2198	-	183	137912104	61320
chr8	137850784	138050784	harbor1	chr8	137912288	137913838	LTR/ERVL-MaLR	11310	-	775	137913063	62279
chr8	137850784	138050784	harbor1	chr8	137913839	137914206	LTR/ERVL-MaLR	2155	-	184	137914023	63239
chr8	137850784	138050784	harbor1	chr8	137923230	137923592	LTR/ERVL-MaLR	2434	-	181	137923411	72627
chr8	137850784	138050784	harbor1	chr8	137949609	137949958	LTR/ERVL-MaLR	1800	-	174	137949783	98999
chr8	82150746	82350746	harbor1	chr8	82155812	82156295	LTR/ERVL-MaLR	1231	-	242	82156054	5308
chr8	82150746	82350746	harbor1	chr8	82164606	82164902	LTR/ERVL-MaLR	531	-	148	82164754	14008
chr8	82150746	82350746	harbor1	chr8	82196839	82197222	LTR/ERVL-MaLR	1500	-	192	82197031	46285
chr8	82150746	82350746	harbor1	chr8	82197237	82197453	LTR/ERVL-MaLR	1044	-	108	82197345	46599
chr8	82150746	82350746	harbor1	chr8	82197689	82197922	LTR/ERVL-MaLR	894	-	116	82197805	47059
chr8	82150746	82350746	harbor1	chr8	82198568	82198943	LTR/ERVL-MaLR	1532	-	188	82198756	48010
chr8	82150746	82350746	harbor1	chr8	82204510	82204862	LTR/ERVL-MaLR	2810	-	176	82204686	53940
chr8	82150746	82350746	harbor1	chr8	82206926	82207374	LTR/ERVL-MaLR	1411	-	224	82207150	56404
chr8	82150746	82350746	harbor1	chr8	82212656	82213033	LTR/ERVL-MaLR	1828	-	188	82212844	62098
chr8	82150746	82350746	harbor1	chr8	82219595	82219942	LTR/ERVL-MaLR	1606	-	174	82219769	69023
chr8	82150746	82350746	harbor1	chr8	82226463	82226823	LTR/ERVL-MaLR	1408	-	180	82226643	75897
chr8	82150746	82350746	harbor1	chr8	82197965	82198565	LTR/ERVL-MaLR	2279	-	300	82198265	47519
chr8	123962967	124162967	harbor1	chr8	123963825	123964192	LTR/ERVL-MaLR	988	-	184	123964009	1042
chr8	123962967	124162967	harbor1	chr8	123982575	123983102	LTR/ERVL-MaLR	2431	-	264	123982839	19872
chr8	123962967	124162967	harbor1	chr8	124014773	124015317	LTR/ERVL-MaLR	2236	-	272	124015045	52078
chr8	123962967	124162967	harbor1	chr8	124020889	124021262	LTR/ERVL-MaLR	2241	-	186	124021075	58108
chr8	123962967	124162967	harbor1	chr8	124040546	124040955	LTR/ERVL-MaLR	2517	-	204	124040750	77783
chr8	123962967	124162967	harbor1	chr8	124050588	124050922	LTR/ERVL-MaLR	1329	-	167	124050755	87788
chr8	123962967	124162967	harbor1	chr8	124055695	124056222	LTR/ERVL-MaLR	2381	-	264	124055959	92992
chr8	123962967	124162967	harbor1	chr8	124026824	124027259	LTR/ERVL-MaLR	1970	-	218	124027042	64075
chr8	23005759	23205759	harbor1	chr8	23033672	23034009	LTR/ERVL-MaLR	1009	-	168	23033840	28081
chr8	23005759	23205759	harbor1	chr8	23091507	23091668	LTR/ERVL-MaLR	836	-	80	23091587	85828
chr8	23005759	23205759	harbor1	chr8	23098335	23098748	LTR/ERVL-MaLR	2422	-	206	23098541	92782
chr8	53614207	53814207	harbor1	chr8	53632623	53632981	LTR/ERVL-MaLR	2329	-	179	53632802	18595
chr8	53614207	53814207	harbor1	chr8	53645348	53645692	LTR/ERVL-MaLR	463	-	172	53645520	31313
chr8	53614207	53814207	harbor1	chr8	53646143	53646177	LTR/ERVL-MaLR	463	-	17	53646160	31953
chr8	53614207	53814207	harbor1	chr8	53668597	53668922	LTR/ERVL-MaLR	1513	-	162	53668759	54552
chr8	104614186	104814186	harbor1	chr8	104625942	104626062	LTR/ERVL-MaLR	1461	-	60	104626002	11816
chr8	104614186	104814186	harbor1	chr8	104626371	104626729	LTR/ERVL-MaLR	1461	-	179	104626550	12364
chr8	104614186	104814186	harbor1	chr8	104636770	104636825	LTR/ERVL-MaLR	427	-	28	104636798	22612
chr8	104614186	104814186	harbor1	chr8	104636827	104636985	LTR/ERVL-MaLR	998	-	79	104636906	22720
chr8	104614186	104814186	harbor1	chr8	104652875	104653203	LTR/ERVL-MaLR	1216	-	164	104653039	38853
chr8	104614186	104814186	harbor1	chr8	104657859	104658238	LTR/ERVL-MaLR	2056	-	190	104658049	43863
chr8	104614186	104814186	harbor1	chr8	104669512	104669790	LTR/ERVL-MaLR	625	-	139	104669651	55465
chr8	104614186	104814186	harbor1	chr8	104676112	104676639	LTR/ERVL-MaLR	1688	-	264	104676376	62190
chr8	104614186	104814186	harbor1	chr8	104683680	104684045	LTR/ERVL-MaLR	1990	-	182	104683862	69676
chr8	104614186	104814186	harbor1	chr8	104684637	104684853	LTR/ERVL-MaLR	1657	-	108	104684745	70559
chr8	104614186	104814186	harbor1	chr8	104684999	104685121	LTR/ERVL-MaLR	1657	-	61	104685060	70874
chr8	39205955	39405955	harbor1	chr8	39240511	39240836	LTR/ERVL-MaLR	2004	-	162	39240673	34718
chr8	39205955	39405955	harbor1	chr8	39240842	39242378	LTR/ERVL-MaLR	11332	-	768	39241610	35655
chr8	39205955	39405955	harbor1	chr8	39242379	39242714	LTR/ERVL-MaLR	1972	-	168	39242547	36592
chr8	39205955	39405955	harbor1	chr8	39269797	39270170	LTR/ERVL-MaLR	2413	-	186	39269983	64028
chr8	39205955	39405955	harbor1	chr8	39304591	39304987	LTR/ERVL-MaLR	1918	-	198	39304789	98834
chr8	39205955	39405955	harbor1	chr8	39304988	39305063	LTR/ERVL-MaLR	6896	-	38	39305026	99071
chr8	37447052	37647052	harbor1	chr8	37454799	37455214	LTR/ERVL-MaLR	534	-	208	37455007	7955
chr8	37447052	37647052	harbor1	chr8	37476898	37477250	LTR/ERVL-MaLR	1621	-	176	37477074	30022
chr8	37447052	37647052	harbor1	chr8	37510386	37510498	LTR/ERVL-MaLR	2072	-	56	37510442	63390
chr8	37447052	37647052	harbor1	chr8	37510792	37510894	LTR/ERVL-MaLR	2072	-	51	37510843	63791
chr8	37447052	37647052	harbor1	chr8	37510895	37511240	LTR/ERVL-MaLR	1802	-	172	37511067	64015
chr8	37447052	37647052	harbor1	chr8	37511241	37511434	LTR/ERVL-MaLR	2072	-	96	37511337	64285
chr8	37447052	37647052	harbor1	chr8	37533045	37533558	LTR/ERVL-MaLR	2038	-	256	37533301	86249
chr8	110217538	110417538	harbor1	chr8	110228818	110229185	LTR/ERVL-MaLR	1029	-	184	110229002	11464
chr8	110217538	110417538	harbor1	chr8	110240046	110240487	LTR/ERVL-MaLR	451	-	220	110240266	22728
chr8	110217538	110417538	harbor1	chr8	110240570	110240720	LTR/ERVL-MaLR	1476	-	75	110240645	23107
chr8	110217538	110417538	harbor1	chr8	110241023	110241207	LTR/ERVL-MaLR	1476	-	92	110241115	23577
chr8	19249016	19449016	harbor1	chr8	19252475	19252860	LTR/ERVL-MaLR	1987	-	192	19252667	3651
chr8	19249016	19449016	harbor1	chr8	19258130	19258482	LTR/ERVL-MaLR	2692	-	176	19258306	9290
chr8	19249016	19449016	harbor1	chr8	19272178	19272655	LTR/ERVL-MaLR	1617	-	238	19272416	23400
chr8	19249016	19449016	harbor1	chr8	19275644	19276011	LTR/ERVL-MaLR	2610	-	184	19275828	26812
chr8	19249016	19449016	harbor1	chr8	19300030	19300149	LTR/ERVL-MaLR	523	-	60	19300090	51074
chr8	19249016	19449016	harbor1	chr8	19300419	19300830	LTR/ERVL-MaLR	2044	-	206	19300625	51609
chr8	19249016	19449016	harbor1	chr8	19303869	19304226	LTR/ERVL-MaLR	1738	-	178	19304047	55031
chr8	19249016	19449016	harbor1	chr8	19312004	19312170	LTR/ERVL-MaLR	505	-	83	19312087	63071
chr8	19249016	19449016	harbor1	chr8	19337554	19337907	LTR/ERVL-MaLR	2631	-	176	19337730	88714
chr8	19249016	19449016	harbor1	chr8	19344132	19344691	LTR/ERVL-MaLR	2133	-	280	19344412	95396
chr8	67978631	68178631	harbor1	chr8	67991354	67991737	LTR/ERVL-MaLR	2282	-	192	67991546	12915
chr8	67978631	68178631	harbor1	chr8	68050234	68050608	LTR/ERVL-MaLR	1956	-	187	68050421	71790
chr8	67978631	68178631	harbor1	chr8	68059577	68060177	LTR/ERVL-MaLR	1858	-	300	68059877	81246
chr8	33265657	33465657	harbor1	chr8	33282461	33282890	LTR/ERVL-MaLR	1700	-	214	33282675	17018
chr8	33265657	33465657	harbor1	chr8	33293481	33293496	LTR/ERVL-MaLR	653	-	8	33293489	27832
chr8	33265657	33465657	harbor1	chr8	33293497	33293872	LTR/ERVL-MaLR	2882	-	188	33293685	28028
chr8	33265657	33465657	harbor1	chr8	33293873	33294011	LTR/ERVL-MaLR	653	-	69	33293942	28285
chr8	33265657	33465657	harbor1	chr8	33294012	33295697	LTR/ERVL-MaLR	7835	-	842	33294854	29197
chr8	33265657	33465657	harbor1	chr8	33295700	33296075	LTR/ERVL-MaLR	1997	-	188	33295888	30231
chr8	33265657	33465657	harbor1	chr8	33320490	33321000	LTR/ERVL-MaLR	544	-	255	33320745	55088
chr8	33265657	33465657	harbor1	chr8	33321027	33321202	LTR/ERVL-MaLR	581	-	88	33321115	55458
chr8	33265657	33465657	harbor1	chr8	33321494	33321681	LTR/ERVL-MaLR	557	-	94	33321588	55931
chr8	33265657	33465657	harbor1	chr8	33323904	33324318	LTR/ERVL-MaLR	785	-	207	33324111	58454
chr8	33265657	33465657	harbor1	chr8	33337771	33338230	LTR/ERVL-MaLR	957	-	230	33338001	72344
chr8	1043628	1243628	harbor1	chr8	1047505	1047865	LTR/ERVL-MaLR	1665	-	180	1047685	4057
chr8	1043628	1243628	harbor1	chr8	1060161	1060270	LTR/ERVL-MaLR	534	-	54	1060215	16587
chr8	1043628	1243628	harbor1	chr8	1060370	1060650	LTR/ERVL-MaLR	614	-	140	1060510	16882
chr8	1043628	1243628	harbor1	chr8	1077067	1077348	LTR/ERVL-MaLR	756	-	140	1077207	33579
chr8	1043628	1243628	harbor1	chr8	1131263	1131620	LTR/ERVL-MaLR	954	-	178	1131441	87813
chr8	1043628	1243628	harbor1	chr8	1134615	1134976	LTR/ERVL-MaLR	1652	-	180	1134795	91167
chr8	1043628	1243628	harbor1	chr8	1137023	1137375	LTR/ERVL-MaLR	1013	-	176	1137199	93571
chr8	1043628	1243628	harbor1	chr8	1139302	1139616	LTR/ERVL-MaLR	990	-	157	1139459	95831
chr8	38431829	38631829	harbor1	chr8	38491270	38491601	LTR/ERVL-MaLR	1710	-	166	38491436	59607
chr8	38431829	38631829	harbor1	chr8	38492204	38492244	LTR/ERVL-MaLR	1710	-	20	38492224	60395
chr8	120368589	120568589	harbor1	chr8	120374458	120374845	LTR/ERVL-MaLR	695	-	194	120374652	6063
chr8	120368589	120568589	harbor1	chr8	120378980	120379339	LTR/ERVL-MaLR	2790	-	180	120379160	10571
chr8	19354063	19554063	harbor1	chr8	19355880	19356059	LTR/ERVL-MaLR	522	-	90	19355970	1907
chr8	19354063	19554063	harbor1	chr8	19428221	19428591	LTR/ERVL-MaLR	2255	-	185	19428406	74343
chr8	19354063	19554063	harbor1	chr8	19443394	19443746	LTR/ERVL-MaLR	2409	-	176	19443570	89507
chr8	122470423	122670423	harbor1	chr8	122485153	122485510	LTR/ERVL-MaLR	1414	-	178	122485331	14908
chr8	122470423	122670423	harbor1	chr8	122486008	122486330	LTR/ERVL-MaLR	628	-	161	122486169	15746
chr8	122470423	122670423	harbor1	chr8	122491003	122491295	LTR/ERVL-MaLR	796	-	146	122491149	20726
chr8	122470423	122670423	harbor1	chr8	122492263	122492587	LTR/ERVL-MaLR	968	-	162	122492425	22002
chr8	122470423	122670423	harbor1	chr8	122500751	122501248	LTR/ERVL-MaLR	797	-	248	122500999	30576
chr8	122470423	122670423	harbor1	chr8	122501948	122502336	LTR/ERVL-MaLR	2166	-	194	122502142	31719
chr8	122470423	122670423	harbor1	chr8	122552744	122552967	LTR/ERVL-MaLR	809	-	112	122552856	82433
chr8	122470423	122670423	harbor1	chr8	122565912	122566445	LTR/ERVL-MaLR	1086	-	266	122566178	95755
chr8	122470423	122670423	harbor1	chr8	122566747	122566770	LTR/ERVL-MaLR	1086	-	12	122566759	96336
chr8	122470423	122670423	harbor1	chr8	122567498	122567851	LTR/ERVL-MaLR	1982	-	176	122567674	97251
chr8	122470423	122670423	harbor1	chr8	122535682	122536072	LTR/ERVL-MaLR	1535	-	195	122535877	65454
chr8	133000555	133200555	harbor1	chr8	133000834	133001250	LTR/ERVL-MaLR	1739	-	208	133001042	487
chr8	133000555	133200555	harbor1	chr8	133018122	133018465	LTR/ERVL-MaLR	1172	-	172	133018294	17739
chr8	133000555	133200555	harbor1	chr8	133021514	133021865	LTR/ERVL-MaLR	1836	-	176	133021690	21135
chr8	108522727	108722727	harbor1	chr8	108538655	108538790	LTR/ERVL-MaLR	997	-	68	108538723	15996
chr8	108522727	108722727	harbor1	chr8	108539139	108539389	LTR/ERVL-MaLR	997	-	125	108539264	16537
chr8	108522727	108722727	harbor1	chr8	108545927	108545988	LTR/ERVL-MaLR	781	-	30	108545957	23230
chr8	108522727	108722727	harbor1	chr8	108546268	108546379	LTR/ERVL-MaLR	781	-	56	108546324	23597
chr8	108522727	108722727	harbor1	chr8	108578832	108579021	LTR/ERVL-MaLR	788	-	94	108578926	56199
chr8	108522727	108722727	harbor1	chr8	108603180	108603586	LTR/ERVL-MaLR	2124	-	203	108603383	80656
chr8	108522727	108722727	harbor1	chr8	108606804	108607295	LTR/ERVL-MaLR	618	-	246	108607050	84323
chr8	108522727	108722727	harbor1	chr8	108611815	108612188	LTR/ERVL-MaLR	2596	-	186	108612001	89274
chr8	85534795	85734795	harbor1	chr8	85535197	85535668	LTR/ERVL-MaLR	1506	-	236	85535433	638
chr8	85534795	85734795	harbor1	chr8	85553434	85553770	LTR/ERVL-MaLR	1090	-	168	85553602	18807
chr8	85534795	85734795	harbor1	chr8	85565302	85565659	LTR/ERVL-MaLR	1664	-	178	85565480	30685
chr8	85534795	85734795	harbor1	chr8	85602586	85602724	LTR/ERVL-MaLR	1410	-	69	85602655	67860
chr8	85534795	85734795	harbor1	chr8	85602725	85603136	LTR/ERVL-MaLR	2667	-	206	85602931	68136
chr8	85534795	85734795	harbor1	chr8	85603137	85603635	LTR/ERVL-MaLR	1410	-	249	85603386	68591
chr8	85534795	85734795	harbor1	chr8	85621835	85622270	LTR/ERVL-MaLR	2183	-	218	85622053	87258
chr8	26909540	27109540	harbor1	chr8	26914766	26915134	LTR/ERVL-MaLR	1972	-	184	26914950	5410
chr8	26909540	27109540	harbor1	chr8	26917954	26918342	LTR/ERVL-MaLR	2132	-	194	26918148	8608
chr8	26909540	27109540	harbor1	chr8	26921284	26921750	LTR/ERVL-MaLR	883	-	233	26921517	11977
chr8	26909540	27109540	harbor1	chr8	26942116	26942491	LTR/ERVL-MaLR	1562	-	188	26942304	32764
chr8	26909540	27109540	harbor1	chr8	26949549	26950118	LTR/ERVL-MaLR	1669	-	284	26949833	40293
chr8	26909540	27109540	harbor1	chr8	26950901	26951272	LTR/ERVL-MaLR	1968	-	186	26951087	41547
chr8	26909540	27109540	harbor1	chr8	26963581	26963916	LTR/ERVL-MaLR	1337	-	168	26963749	54209
chr8	26909540	27109540	harbor1	chr8	26975316	26975761	LTR/ERVL-MaLR	1843	-	222	26975538	65998
chr8	26909540	27109540	harbor1	chr8	26985701	26986105	LTR/ERVL-MaLR	2607	-	202	26985903	76363
chr8	49483682	49683682	harbor1	chr8	49504764	49504846	LTR/ERVL-MaLR	473	-	41	49504805	21123
chr8	49483682	49683682	harbor1	chr8	49506415	49506718	LTR/ERVL-MaLR	1476	-	152	49506567	22885
chr8	49483682	49683682	harbor1	chr8	49544413	49544756	LTR/ERVL-MaLR	2069	-	172	49544585	60903
chr8	49483682	49683682	harbor1	chr8	49545813	49545940	LTR/ERVL-MaLR	398	-	64	49545877	62195
chr8	49483682	49683682	harbor1	chr8	49548403	49548592	LTR/ERVL-MaLR	806	-	94	49548497	64815
chr8	49483682	49683682	harbor1	chr8	49554570	49554908	LTR/ERVL-MaLR	1259	-	169	49554739	71057
chr8	49483682	49683682	harbor1	chr8	49563622	49564001	LTR/ERVL-MaLR	1900	-	190	49563812	80130
chr8	90898230	91098230	harbor1	chr8	90924651	90924822	LTR/ERVL-MaLR	456	-	86	90924737	26507
chr8	90898230	91098230	harbor1	chr8	90938788	90939022	LTR/ERVL-MaLR	1838	-	117	90938905	40675
chr8	90898230	91098230	harbor1	chr8	90939229	90939498	LTR/ERVL-MaLR	1838	-	134	90939363	41133
chr8	120225162	120425162	harbor1	chr8	120245507	120246026	LTR/ERVL-MaLR	1663	-	260	120245767	20605
chr8	120225162	120425162	harbor1	chr8	120298798	120299214	LTR/ERVL-MaLR	2226	-	208	120299006	73844
chr8	120225162	120425162	harbor1	chr8	120304705	120304964	LTR/ERVL-MaLR	633	-	130	120304835	79673
chr8	120225162	120425162	harbor1	chr8	120258061	120258605	LTR/ERVL-MaLR	1232	-	272	120258333	33171
chr8	85439998	85639998	harbor1	chr8	85478842	85479086	LTR/ERVL-MaLR	463	-	122	85478964	38966
chr8	85439998	85639998	harbor1	chr8	85498961	85499359	LTR/ERVL-MaLR	1225	-	199	85499160	59162
chr8	85439998	85639998	harbor1	chr8	85516395	85516865	LTR/ERVL-MaLR	2020	-	235	85516630	76632
chr8	85439998	85639998	harbor1	chr8	85535197	85535668	LTR/ERVL-MaLR	1506	-	236	85535433	95435
chr8	37120774	37320774	harbor1	chr8	37162001	37162363	LTR/ERVL-MaLR	2485	-	181	37162182	41408
chr8	37120774	37320774	harbor1	chr8	37162517	37162908	LTR/ERVL-MaLR	1338	-	196	37162713	41939
chr8	37120774	37320774	harbor1	chr8	37175395	37175523	LTR/ERVL-MaLR	505	-	64	37175459	54685
chr8	37120774	37320774	harbor1	chr8	37175524	37175922	LTR/ERVL-MaLR	2345	-	199	37175723	54949
chr8	37120774	37320774	harbor1	chr8	37175923	37176072	LTR/ERVL-MaLR	505	-	74	37175997	55223
chr8	37120774	37320774	harbor1	chr8	37187440	37187743	LTR/ERVL-MaLR	540	-	152	37187592	66818
chr8	68169996	68369996	harbor1	chr8	68188504	68188857	LTR/ERVL-MaLR	2347	-	176	68188680	18684
chr8	68169996	68369996	harbor1	chr8	68196505	68196550	LTR/ERVL-MaLR	1586	-	22	68196527	26531
chr8	68169996	68369996	harbor1	chr8	68196945	68197188	LTR/ERVL-MaLR	1586	-	122	68197067	27071
chr8	68169996	68369996	harbor1	chr8	68197568	68197656	LTR/ERVL-MaLR	1586	-	44	68197612	27616
chr8	68169996	68369996	harbor1	chr8	68239681	68240033	LTR/ERVL-MaLR	2204	-	176	68239857	69861
chr8	68169996	68369996	harbor1	chr8	68243778	68243853	LTR/ERVL-MaLR	412	-	38	68243816	73820
chr8	68169996	68369996	harbor1	chr8	68265702	68266063	LTR/ERVL-MaLR	2512	-	180	68265882	95886
chr8	136668758	136868758	harbor1	chr8	136688493	136688848	LTR/ERVL-MaLR	2149	-	178	136688671	19913
chr8	136668758	136868758	harbor1	chr8	136688849	136690415	LTR/ERVL-MaLR	9316	-	783	136689632	20874
chr8	136668758	136868758	harbor1	chr8	136690416	136690688	LTR/ERVL-MaLR	1789	-	136	136690552	21794
chr8	16034162	16234162	harbor1	chr8	16045635	16045910	LTR/ERVL-MaLR	810	-	138	16045773	11611
chr8	16034162	16234162	harbor1	chr8	16047691	16048059	LTR/ERVL-MaLR	2560	-	184	16047875	13713
chr8	16034162	16234162	harbor1	chr8	16058666	16059071	LTR/ERVL-MaLR	2387	-	202	16058868	24706
chr8	16034162	16234162	harbor1	chr8	16062949	16063341	LTR/ERVL-MaLR	1640	-	196	16063145	28983
chr8	16034162	16234162	harbor1	chr8	16066976	16067330	LTR/ERVL-MaLR	1346	-	177	16067153	32991
chr8	16034162	16234162	harbor1	chr8	16074781	16075228	LTR/ERVL-MaLR	2263	-	224	16075005	40843
chr8	16034162	16234162	harbor1	chr8	16077433	16077641	LTR/ERVL-MaLR	968	-	104	16077537	43375
chr8	16034162	16234162	harbor1	chr8	16091227	16091648	LTR/ERVL-MaLR	994	-	210	16091437	57275
chr8	16034162	16234162	harbor1	chr8	16092306	16092535	LTR/ERVL-MaLR	898	-	114	16092420	58258
chr8	16034162	16234162	harbor1	chr8	16092805	16093510	LTR/ERVL-MaLR	2582	-	352	16093157	58995
chr8	16034162	16234162	harbor1	chr8	16093516	16093881	LTR/ERVL-MaLR	1347	-	182	16093698	59536
chr8	83257043	83457043	harbor1	chr8	83275818	83276187	LTR/ERVL-MaLR	2238	-	184	83276002	18959
chr8	83257043	83457043	harbor1	chr8	83278981	83279396	LTR/ERVL-MaLR	1980	-	208	83279189	22146
chr8	83257043	83457043	harbor1	chr8	83329328	83329683	LTR/ERVL-MaLR	2020	-	178	83329506	72463
chr8	83257043	83457043	harbor1	chr8	83329684	83331196	LTR/ERVL-MaLR	9428	-	756	83330440	73397
chr8	83257043	83457043	harbor1	chr8	83331201	83331560	LTR/ERVL-MaLR	2200	-	180	83331381	74338
chr8	52855177	53055177	harbor1	chr8	52876693	52877078	LTR/ERVL-MaLR	2317	-	192	52876885	21708
chr8	52855177	53055177	harbor1	chr8	52882589	52882688	LTR/ERVL-MaLR	1864	-	50	52882639	27462
chr8	52855177	53055177	harbor1	chr8	52882970	52883290	LTR/ERVL-MaLR	1864	-	160	52883130	27953
chr8	52855177	53055177	harbor1	chr8	52883291	52884658	LTR/ERVL-MaLR	6855	-	684	52883975	28798
chr8	52855177	53055177	harbor1	chr8	52884661	52884849	LTR/ERVL-MaLR	1990	-	94	52884755	29578
chr8	52855177	53055177	harbor1	chr8	52884927	52885116	LTR/ERVL-MaLR	1990	-	94	52885021	29844
chr8	52855177	53055177	harbor1	chr8	52897127	52897575	LTR/ERVL-MaLR	1949	-	224	52897351	42174
chr8	52855177	53055177	harbor1	chr8	52897965	52898496	LTR/ERVL-MaLR	925	-	266	52898231	43054
chr8	52855177	53055177	harbor1	chr8	52900999	52901041	LTR/ERVL-MaLR	562	-	21	52901020	45843
chr8	52855177	53055177	harbor1	chr8	52901462	52901675	LTR/ERVL-MaLR	562	-	106	52901568	46391
chr8	52855177	53055177	harbor1	chr8	52904224	52904529	LTR/ERVL-MaLR	674	-	152	52904376	49199
chr8	52855177	53055177	harbor1	chr8	52933738	52934071	LTR/ERVL-MaLR	1667	-	166	52933904	78727
chr8	52855177	53055177	harbor1	chr8	52934070	52934439	LTR/ERVL-MaLR	2091	-	184	52934254	79077
chr8	52855177	53055177	harbor1	chr8	52934721	52934981	LTR/ERVL-MaLR	2091	-	130	52934851	79674
chr8	52855177	53055177	harbor1	chr8	52935000	52935146	LTR/ERVL-MaLR	784	-	73	52935073	79896
chr8	89002426	89202426	harbor1	chr8	89018096	89018487	LTR/ERVL-MaLR	2073	-	196	89018292	15866
chr8	89002426	89202426	harbor1	chr8	89049529	89049806	LTR/ERVL-MaLR	1396	-	138	89049667	47241
chr8	89002426	89202426	harbor1	chr8	89094003	89094367	LTR/ERVL-MaLR	1571	-	182	89094185	91759
chr8	92634224	92834224	harbor1	chr8	92645125	92645358	LTR/ERVL-MaLR	1558	-	116	92645241	11017
chr8	92634224	92834224	harbor1	chr8	92645395	92645574	LTR/ERVL-MaLR	1558	-	90	92645485	11261
chr8	92634224	92834224	harbor1	chr8	92653829	92654116	LTR/ERVL-MaLR	512	-	144	92653973	19749
chr8	92634224	92834224	harbor1	chr8	92674383	92674730	LTR/ERVL-MaLR	1520	-	174	92674557	40333
chr8	60843045	61043045	harbor1	chr8	60881219	60881702	LTR/ERVL-MaLR	2294	-	242	60881461	38416
chr8	60843045	61043045	harbor1	chr8	60899375	60899780	LTR/ERVL-MaLR	734	-	202	60899577	56532
chr8	60843045	61043045	harbor1	chr8	60919654	60919994	LTR/ERVL-MaLR	1676	-	170	60919824	76779
chr8	60843045	61043045	harbor1	chr8	60927821	60928215	LTR/ERVL-MaLR	2252	-	197	60928018	84973
chr8	60843045	61043045	harbor1	chr8	60940845	60941179	LTR/ERVL-MaLR	2210	-	167	60941012	97967
chr8	60843045	61043045	harbor1	chr8	60942321	60942802	LTR/ERVL-MaLR	1256	-	240	60942561	99516
chr8	17128020	17328020	harbor1	chr8	17141538	17141949	LTR/ERVL-MaLR	989	-	206	17141744	13724
chr8	17128020	17328020	harbor1	chr8	17142037	17142397	LTR/ERVL-MaLR	2151	-	180	17142217	14197
chr8	17128020	17328020	harbor1	chr8	17142684	17142778	LTR/ERVL-MaLR	521	-	47	17142731	14711
chr8	17128020	17328020	harbor1	chr8	17186853	17187199	LTR/ERVL-MaLR	1068	-	173	17187026	59006
chr8	80657735	80857735	harbor1	chr8	80674324	80674775	LTR/ERVL-MaLR	2130	-	226	80674550	16815
chr8	80657735	80857735	harbor1	chr8	80737140	80737672	LTR/ERVL-MaLR	2218	-	266	80737406	79671
chr8	120989963	121189963	harbor1	chr8	120995458	120995797	LTR/ERVL-MaLR	1414	-	170	120995628	5665
chr8	120989963	121189963	harbor1	chr8	121014956	121015353	LTR/ERVL-MaLR	713	-	198	121015154	25191
chr8	120989963	121189963	harbor1	chr8	121020749	121021142	LTR/ERVL-MaLR	1835	-	196	121020945	30982
chr8	120989963	121189963	harbor1	chr8	121021143	121021284	LTR/ERVL-MaLR	880	-	70	121021213	31250
chr8	120989963	121189963	harbor1	chr8	121063819	121064163	LTR/ERVL-MaLR	1674	-	172	121063991	74028
chr8	120989963	121189963	harbor1	chr8	121061315	121061860	LTR/ERVL-MaLR	2029	-	272	121061587	71624
chr8	60909043	61109043	harbor1	chr8	60919654	60919994	LTR/ERVL-MaLR	1676	-	170	60919824	10781
chr8	60909043	61109043	harbor1	chr8	60927821	60928215	LTR/ERVL-MaLR	2252	-	197	60928018	18975
chr8	60909043	61109043	harbor1	chr8	60940845	60941179	LTR/ERVL-MaLR	2210	-	167	60941012	31969
chr8	60909043	61109043	harbor1	chr8	60942321	60942802	LTR/ERVL-MaLR	1256	-	240	60942561	33518
chr8	60909043	61109043	harbor1	chr8	60951514	60951741	LTR/ERVL-MaLR	1147	-	114	60951628	42585
chr8	60909043	61109043	harbor1	chr8	60951917	60952066	LTR/ERVL-MaLR	934	-	74	60951991	42948
chr8	60909043	61109043	harbor1	chr8	60959760	60960078	LTR/ERVL-MaLR	1633	-	159	60959919	50876
chr8	60909043	61109043	harbor1	chr8	60971900	60972219	LTR/ERVL-MaLR	527	-	160	60972060	63017
chr8	60909043	61109043	harbor1	chr8	60973018	60973201	LTR/ERVL-MaLR	431	-	92	60973110	64067
chr8	60909043	61109043	harbor1	chr8	60994010	60994383	LTR/ERVL-MaLR	2462	-	186	60994196	85153
chr8	9764499	9964499	harbor1	chr8	9789783	9790070	LTR/ERVL-MaLR	878	-	144	9789927	25428
chr8	9764499	9964499	harbor1	chr8	9832804	9833098	LTR/ERVL-MaLR	1992	-	147	9832951	68452
chr8	9764499	9964499	harbor1	chr8	9833406	9833697	LTR/ERVL-MaLR	1992	-	146	9833552	69053
chr8	9764499	9964499	harbor1	chr8	9837188	9837329	LTR/ERVL-MaLR	1079	-	70	9837258	72759
chr8	9764499	9964499	harbor1	chr8	9837630	9837959	LTR/ERVL-MaLR	1079	-	164	9837794	73295
chr8	9764499	9964499	harbor1	chr8	9845512	9845924	LTR/ERVL-MaLR	2574	-	206	9845718	81219
chr8	9764499	9964499	harbor1	chr8	9851313	9851684	LTR/ERVL-MaLR	2048	-	186	9851499	87000
chr8	40558086	40758086	harbor1	chr8	40573211	40573647	LTR/ERVL-MaLR	972	-	218	40573429	15343
chr8	40558086	40758086	harbor1	chr8	40622558	40622941	LTR/ERVL-MaLR	2108	-	192	40622750	64664
chr8	130309875	130509875	harbor1	chr8	130351451	130351860	LTR/ERVL-MaLR	2370	-	204	130351655	41780
chr8	130309875	130509875	harbor1	chr8	130392599	130392978	LTR/ERVL-MaLR	2276	-	190	130392789	82914
chr8	74213481	74413481	harbor1	chr8	74213493	74213771	LTR/ERVL-MaLR	1385	-	139	74213632	151
chr8	74213481	74413481	harbor1	chr8	74214076	74214126	LTR/ERVL-MaLR	1385	-	25	74214101	620
chr8	74213481	74413481	harbor1	chr8	74224401	74224754	LTR/ERVL-MaLR	2694	-	176	74224577	11096
chr8	74213481	74413481	harbor1	chr8	74224755	74226325	LTR/ERVL-MaLR	11913	-	785	74225540	12059
chr8	74213481	74413481	harbor1	chr8	74226326	74226680	LTR/ERVL-MaLR	2676	-	177	74226503	13022
chr8	123733076	123933076	harbor1	chr8	123739409	123739822	LTR/ERVL-MaLR	2332	-	206	123739615	6539
chr8	123733076	123933076	harbor1	chr8	123744208	123744753	LTR/ERVL-MaLR	1348	-	272	123744480	11404
chr8	123733076	123933076	harbor1	chr8	123756929	123757280	LTR/ERVL-MaLR	2647	-	176	123757105	24029
chr8	123733076	123933076	harbor1	chr8	123757978	123758187	LTR/ERVL-MaLR	591	-	104	123758082	25006
chr8	123733076	123933076	harbor1	chr8	123758237	123758393	LTR/ERVL-MaLR	520	-	78	123758315	25239
chr8	123733076	123933076	harbor1	chr8	123765472	123765897	LTR/ERVL-MaLR	2237	-	212	123765684	32608
chr8	123733076	123933076	harbor1	chr8	123818000	123818360	LTR/ERVL-MaLR	1587	-	180	123818180	85104
chr8	123733076	123933076	harbor1	chr8	123829348	123829721	LTR/ERVL-MaLR	813	-	186	123829534	96458
chr8	123733076	123933076	harbor1	chr8	123830524	123830834	LTR/ERVL-MaLR	1169	-	155	123830679	97603
chr8	123733076	123933076	harbor1	chr8	123831284	123831364	LTR/ERVL-MaLR	1169	-	40	123831324	98248
chr8	13563494	13763494	harbor1	chr8	13585513	13585934	LTR/ERVL-MaLR	1842	-	210	13585723	22229
chr8	13563494	13763494	harbor1	chr8	13612016	13612468	LTR/ERVL-MaLR	2198	-	226	13612242	48748
chr8	13563494	13763494	harbor1	chr8	13620222	13620586	LTR/ERVL-MaLR	410	-	182	13620404	56910
chr8	13563494	13763494	harbor1	chr8	13631044	13631406	LTR/ERVL-MaLR	2561	-	181	13631225	67731
chr8	13563494	13763494	harbor1	chr8	13638318	13638743	LTR/ERVL-MaLR	630	-	212	13638530	75036
chr8	13563494	13763494	harbor1	chr8	13639388	13639573	LTR/ERVL-MaLR	740	-	92	13639480	75986
chr8	13563494	13763494	harbor1	chr8	13639574	13639639	LTR/ERVL-MaLR	1378	-	32	13639606	76112
chr8	13563494	13763494	harbor1	chr8	13639963	13640344	LTR/ERVL-MaLR	1378	-	190	13640153	76659
chr8	13563494	13763494	harbor1	chr8	13640345	13640702	LTR/ERVL-MaLR	740	-	178	13640523	77029
chr8	13563494	13763494	harbor1	chr8	13647044	13647187	LTR/ERVL-MaLR	722	-	72	13647116	83622
chr8	16588671	16788671	harbor1	chr8	16675873	16676844	LTR/ERVL-MaLR	1183	-	486	16676359	87688
chr8	16588671	16788671	harbor1	chr8	16681700	16682181	LTR/ERVL-MaLR	1598	-	240	16681940	93269
chr8	93278036	93478036	harbor1	chr8	93291367	93291781	LTR/ERVL-MaLR	2389	-	207	93291574	13538
chr8	93278036	93478036	harbor1	chr8	93338887	93339276	LTR/ERVL-MaLR	1494	-	194	93339081	61045
chr8	93278036	93478036	harbor1	chr8	93339659	93340017	LTR/ERVL-MaLR	2220	-	179	93339838	61802
chr8	93278036	93478036	harbor1	chr8	93350033	93350466	LTR/ERVL-MaLR	563	-	216	93350249	72213
chr8	93278036	93478036	harbor1	chr8	93350471	93350836	LTR/ERVL-MaLR	1494	-	182	93350653	72617
chr8	93278036	93478036	harbor1	chr8	93350927	93351435	LTR/ERVL-MaLR	1681	-	254	93351181	73145
chr8	93278036	93478036	harbor1	chr8	93351423	93351502	LTR/ERVL-MaLR	459	-	40	93351463	73427
chr8	93278036	93478036	harbor1	chr8	93351503	93351607	LTR/ERVL-MaLR	459	-	52	93351555	73519
chr8	93278036	93478036	harbor1	chr8	93373166	93373402	LTR/ERVL-MaLR	650	-	118	93373284	95248
chr8	93278036	93478036	harbor1	chr8	93374032	93374373	LTR/ERVL-MaLR	1449	-	170	93374202	96166
chr8	108006118	108206118	harbor1	chr8	108054183	108054613	LTR/ERVL-MaLR	1126	-	215	108054398	48280
chr8	108006118	108206118	harbor1	chr8	108100823	108101197	LTR/ERVL-MaLR	1968	-	187	108101010	94892
chr8	132716350	132916350	harbor1	chr8	132728165	132728541	LTR/ERVL-MaLR	2339	-	188	132728353	12003
chr8	132716350	132916350	harbor1	chr8	132742784	132743137	LTR/ERVL-MaLR	2322	-	176	132742960	26610
chr8	132716350	132916350	harbor1	chr8	132767063	132767465	LTR/ERVL-MaLR	664	-	201	132767264	50914
chr8	132716350	132916350	harbor1	chr8	132773841	132774230	LTR/ERVL-MaLR	763	-	194	132774035	57685
chr8	140371756	140571756	harbor1	chr8	140461876	140462029	LTR/ERVL-MaLR	872	-	76	140461952	90196
chr8	110552374	110752374	harbor1	chr8	110568374	110568641	LTR/ERVL-MaLR	526	-	134	110568508	16134
chr8	110552374	110752374	harbor1	chr8	110568678	110569014	LTR/ERVL-MaLR	2383	-	168	110568846	16472
chr8	110552374	110752374	harbor1	chr8	110570022	110570385	LTR/ERVL-MaLR	1967	-	182	110570204	17830
chr8	110552374	110752374	harbor1	chr8	110570386	110571939	LTR/ERVL-MaLR	8807	-	776	110571162	18788
chr8	110552374	110752374	harbor1	chr8	110571940	110572301	LTR/ERVL-MaLR	1851	-	180	110572120	19746
chr8	110552374	110752374	harbor1	chr8	110575187	110575597	LTR/ERVL-MaLR	2282	-	205	110575392	23018
chr8	110552374	110752374	harbor1	chr8	110575923	110576434	LTR/ERVL-MaLR	1501	-	256	110576179	23805
chr8	110552374	110752374	harbor1	chr8	110579733	110580090	LTR/ERVL-MaLR	1659	-	178	110579911	27537
chr8	110552374	110752374	harbor1	chr8	110581730	110582071	LTR/ERVL-MaLR	2101	-	170	110581900	29526
chr8	110552374	110752374	harbor1	chr8	110582072	110582543	LTR/ERVL-MaLR	3340	-	236	110582308	29934
chr8	110552374	110752374	harbor1	chr8	110592714	110592992	LTR/ERVL-MaLR	1427	-	139	110592853	40479
chr8	110552374	110752374	harbor1	chr8	110592993	110593358	LTR/ERVL-MaLR	1757	-	182	110593175	40801
chr8	110552374	110752374	harbor1	chr8	110593359	110593651	LTR/ERVL-MaLR	1427	-	146	110593505	41131
chr8	110552374	110752374	harbor1	chr8	110595153	110595499	LTR/ERVL-MaLR	1213	-	173	110595326	42952
chr8	110552374	110752374	harbor1	chr8	110600609	110601028	LTR/ERVL-MaLR	2453	-	210	110600819	48445
chr8	110552374	110752374	harbor1	chr8	110604913	110605338	LTR/ERVL-MaLR	2618	-	212	110605125	52751
chr8	48290992	48490992	harbor1	chr8	48301473	48301944	LTR/ERVL-MaLR	1240	-	236	48301709	10717
chr8	48290992	48490992	harbor1	chr8	48361758	48362133	LTR/ERVL-MaLR	1217	-	188	48361946	70954
chr8	48290992	48490992	harbor1	chr8	48373669	48374038	LTR/ERVL-MaLR	1531	-	184	48373853	82861
chr8	48290992	48490992	harbor1	chr8	48374479	48374853	LTR/ERVL-MaLR	1685	-	187	48374666	83674
chr8	90717347	90917347	harbor1	chr8	90738815	90739177	LTR/ERVL-MaLR	1496	-	181	90738996	21649
chr8	90717347	90917347	harbor1	chr8	90740444	90740802	LTR/ERVL-MaLR	1749	-	179	90740623	23276
chr8	90717347	90917347	harbor1	chr8	90767648	90768038	LTR/ERVL-MaLR	1487	-	195	90767843	50496
chr8	90717347	90917347	harbor1	chr8	90774789	90775142	LTR/ERVL-MaLR	2341	-	176	90774965	57618
chr8	90717347	90917347	harbor1	chr8	90789509	90790082	LTR/ERVL-MaLR	2162	-	286	90789795	72448
chr8	90717347	90917347	harbor1	chr8	90797925	90798283	LTR/ERVL-MaLR	855	-	179	90798104	80757
chr8	90717347	90917347	harbor1	chr8	90800570	90800657	LTR/ERVL-MaLR	464	-	44	90800614	83267
chr8	90717347	90917347	harbor1	chr8	90811524	90812086	LTR/ERVL-MaLR	1223	-	281	90811805	94458
chr8	94226773	94426773	harbor1	chr8	94245359	94245791	LTR/ERVL-MaLR	1120	-	216	94245575	18802
chr8	94226773	94426773	harbor1	chr8	94274307	94274612	LTR/ERVL-MaLR	775	-	152	94274459	47686
chr8	94226773	94426773	harbor1	chr8	94276558	94277126	LTR/ERVL-MaLR	1006	-	284	94276842	50069
chr8	94226773	94426773	harbor1	chr8	94277710	94278128	LTR/ERVL-MaLR	3062	-	209	94277919	51146
chr8	94226773	94426773	harbor1	chr8	94279064	94279518	LTR/ERVL-MaLR	3062	-	227	94279291	52518
chr8	94226773	94426773	harbor1	chr8	94287862	94288237	LTR/ERVL-MaLR	2146	-	188	94288050	61277
chr8	26314272	26514272	harbor1	chr8	26316584	26316917	LTR/ERVL-MaLR	1614	-	166	26316750	2478
chr8	70478501	70678501	harbor1	chr8	70521385	70521565	LTR/ERVL-MaLR	583	-	90	70521475	42974
chr8	70478501	70678501	harbor1	chr8	70521918	70522388	LTR/ERVL-MaLR	1343	-	235	70522153	43652
chr8	70478501	70678501	harbor1	chr8	70545652	70545982	LTR/ERVL-MaLR	1671	-	165	70545817	67316
chr8	70478501	70678501	harbor1	chr8	70551681	70552042	LTR/ERVL-MaLR	2571	-	180	70551861	73360
chr8	70478501	70678501	harbor1	chr8	70554449	70554678	LTR/ERVL-MaLR	1526	-	114	70554563	76062
chr8	70478501	70678501	harbor1	chr8	70555002	70555171	LTR/ERVL-MaLR	1526	-	84	70555086	76585
chr8	94686213	94886213	harbor1	chr8	94709899	94710073	LTR/ERVL-MaLR	1076	-	87	94709986	23773
chr8	94686213	94886213	harbor1	chr8	94726571	94726892	LTR/ERVL-MaLR	582	-	160	94726731	40518
chr8	94686213	94886213	harbor1	chr8	94727067	94727131	LTR/ERVL-MaLR	508	-	32	94727099	40886
chr8	94686213	94886213	harbor1	chr8	94728267	94728516	LTR/ERVL-MaLR	585	-	124	94728391	42178
chr8	94686213	94886213	harbor1	chr8	94735941	94736314	LTR/ERVL-MaLR	2221	-	186	94736127	49914
chr8	94686213	94886213	harbor1	chr8	94744048	94744582	LTR/ERVL-MaLR	2141	-	267	94744315	58102
chr8	94686213	94886213	harbor1	chr8	94748885	94749240	LTR/ERVL-MaLR	2625	-	178	94749063	62850
chr8	94686213	94886213	harbor1	chr8	94782095	94782450	LTR/ERVL-MaLR	786	-	178	94782273	96060
chr8	58649064	58849064	harbor1	chr8	58708537	58708911	LTR/ERVL-MaLR	2189	-	187	58708724	59660
chr8	58649064	58849064	harbor1	chr8	58710380	58710953	LTR/ERVL-MaLR	1228	-	286	58710666	61602
chr8	109104133	109304133	harbor1	chr8	109128153	109128519	LTR/ERVL-MaLR	1667	-	183	109128336	24203
chr8	109104133	109304133	harbor1	chr8	109149190	109149550	LTR/ERVL-MaLR	2135	-	180	109149370	45237
chr8	109104133	109304133	harbor1	chr8	109194546	109194765	LTR/ERVL-MaLR	1612	-	110	109194656	90523
chr8	109104133	109304133	harbor1	chr8	109194785	109195554	LTR/ERVL-MaLR	5224	-	384	109195169	91036
chr8	109104133	109304133	harbor1	chr8	109195557	109195903	LTR/ERVL-MaLR	1949	-	173	109195730	91597
chr8	109104133	109304133	harbor1	chr8	109197072	109197503	LTR/ERVL-MaLR	2638	-	216	109197288	93155
chr8	69324859	69524859	harbor1	chr8	69343211	69343605	LTR/ERVL-MaLR	2119	-	197	69343408	18549
chr8	69324859	69524859	harbor1	chr8	69389106	69389523	LTR/ERVL-MaLR	2303	-	208	69389314	64455
chr8	69324859	69524859	harbor1	chr8	69391831	69391956	LTR/ERVL-MaLR	479	-	62	69391893	67034
chr8	69324859	69524859	harbor1	chr8	69420670	69420931	LTR/ERVL-MaLR	617	-	130	69420800	95941
chr8	48294780	48494780	harbor1	chr8	48301473	48301944	LTR/ERVL-MaLR	1240	-	236	48301709	6929
chr8	48294780	48494780	harbor1	chr8	48361758	48362133	LTR/ERVL-MaLR	1217	-	188	48361946	67166
chr8	48294780	48494780	harbor1	chr8	48373669	48374038	LTR/ERVL-MaLR	1531	-	184	48373853	79073
chr8	48294780	48494780	harbor1	chr8	48374479	48374853	LTR/ERVL-MaLR	1685	-	187	48374666	79886
chr8	86499090	86699090	harbor1	chr8	86553924	86554219	LTR/ERVL-MaLR	690	-	148	86554072	54982
chr8	86499090	86699090	harbor1	chr8	86564336	86564702	LTR/ERVL-MaLR	2723	-	183	86564519	65429
chr8	86499090	86699090	harbor1	chr8	86579942	86580314	LTR/ERVL-MaLR	1636	-	186	86580128	81038
chr8	86499090	86699090	harbor1	chr8	86598480	86598962	LTR/ERVL-MaLR	1436	-	241	86598721	99631
chr8	100735781	100935781	harbor1	chr8	100759952	100760218	LTR/ERVL-MaLR	597	-	133	100760085	24304
chr8	100735781	100935781	harbor1	chr8	100816330	100816383	LTR/ERVL-MaLR	393	-	26	100816356	80575
chr8	93578948	93778948	harbor1	chr8	93597768	93597852	LTR/ERVL-MaLR	1099	-	42	93597810	18862
chr8	93578948	93778948	harbor1	chr8	93598153	93598571	LTR/ERVL-MaLR	1099	-	209	93598362	19414
chr8	93578948	93778948	harbor1	chr8	93608915	93609254	LTR/ERVL-MaLR	1058	-	170	93609085	30137
chr8	93578948	93778948	harbor1	chr8	93612470	93612812	LTR/ERVL-MaLR	1551	-	171	93612641	33693
chr8	25356198	25556198	harbor1	chr8	25358098	25358484	LTR/ERVL-MaLR	2784	-	193	25358291	2093
chr8	25356198	25556198	harbor1	chr8	25398431	25398901	LTR/ERVL-MaLR	2207	-	235	25398666	42468
chr8	30072251	30272251	harbor1	chr8	30114671	30114817	LTR/ERVL-MaLR	504	-	73	30114744	42493
chr8	30072251	30272251	harbor1	chr8	30118387	30118523	LTR/ERVL-MaLR	852	-	68	30118455	46204
chr8	30072251	30272251	harbor1	chr8	30119527	30119708	LTR/ERVL-MaLR	1143	-	90	30119617	47366
chr8	30072251	30272251	harbor1	chr8	30122875	30123419	LTR/ERVL-MaLR	2144	-	272	30123147	50896
chr8	30072251	30272251	harbor1	chr8	30124088	30124177	LTR/ERVL-MaLR	410	-	44	30124132	51881
chr8	30072251	30272251	harbor1	chr8	30126361	30126451	LTR/ERVL-MaLR	601	-	45	30126406	54155
chr8	30072251	30272251	harbor1	chr8	30129382	30129422	LTR/ERVL-MaLR	2049	-	20	30129402	57151
chr8	30072251	30272251	harbor1	chr8	30129758	30130097	LTR/ERVL-MaLR	2049	-	170	30129928	57677
chr8	30072251	30272251	harbor1	chr8	30146134	30146496	LTR/ERVL-MaLR	1997	-	181	30146315	74064
chr8	30072251	30272251	harbor1	chr8	30164874	30165075	LTR/ERVL-MaLR	715	-	100	30164974	92723
chr8	84972957	85172957	harbor1	chr8	84985233	84985575	LTR/ERVL-MaLR	1361	-	171	84985404	12447
chr8	84972957	85172957	harbor1	chr8	84990470	84990915	LTR/ERVL-MaLR	1758	-	222	84990692	17735
chr8	84972957	85172957	harbor1	chr8	84990916	84991277	LTR/ERVL-MaLR	2200	-	180	84991096	18139
chr8	84972957	85172957	harbor1	chr8	84991278	84991304	LTR/ERVL-MaLR	1758	-	13	84991291	18334
chr8	84972957	85172957	harbor1	chr8	85001087	85001616	LTR/ERVL-MaLR	2608	-	264	85001351	28394
chr8	84972957	85172957	harbor1	chr8	85001655	85002114	LTR/ERVL-MaLR	3404	-	230	85001885	28928
chr8	84972957	85172957	harbor1	chr8	85002398	85002899	LTR/ERVL-MaLR	3404	-	250	85002648	29691
chr8	84972957	85172957	harbor1	chr8	85007714	85007900	LTR/ERVL-MaLR	597	-	93	85007807	34850
chr8	84972957	85172957	harbor1	chr8	85030612	85030890	LTR/ERVL-MaLR	896	-	139	85030751	57794
chr8	84972957	85172957	harbor1	chr8	85032186	85032538	LTR/ERVL-MaLR	2415	-	176	85032362	59405
chr8	84972957	85172957	harbor1	chr8	85034043	85034413	LTR/ERVL-MaLR	10906	-	185	85034228	61271
chr8	84972957	85172957	harbor1	chr8	85034414	85034768	LTR/ERVL-MaLR	2683	-	177	85034591	61634
chr8	84972957	85172957	harbor1	chr8	85050848	85051196	LTR/ERVL-MaLR	1856	-	174	85051022	78065
chr8	84972957	85172957	harbor1	chr8	85032539	85033689	LTR/ERVL-MaLR	10906	-	575	85033114	60157
chr8	95747443	95947443	harbor1	chr8	95788049	95788341	LTR/ERVL-MaLR	461	-	146	95788195	40752
chr8	95747443	95947443	harbor1	chr8	95788440	95788474	LTR/ERVL-MaLR	461	-	17	95788457	41014
chr8	95747443	95947443	harbor1	chr8	95788786	95788883	LTR/ERVL-MaLR	461	-	48	95788834	41391
chr8	95747443	95947443	harbor1	chr8	95789332	95789389	LTR/ERVL-MaLR	461	-	28	95789360	41917
chr8	95747443	95947443	harbor1	chr8	95809091	95809507	LTR/ERVL-MaLR	2302	-	208	95809299	61856
chr8	95747443	95947443	harbor1	chr8	95843909	95844347	LTR/ERVL-MaLR	2208	-	219	95844128	96685
chr9	97128163	97328163	harbor1	chr9	97134001	97134232	LTR/ERVL-MaLR	627	-	116	97134117	5954
chr9	97128163	97328163	harbor1	chr9	97134618	97134712	LTR/ERVL-MaLR	480	-	47	97134665	6502
chr9	97128163	97328163	harbor1	chr9	97134713	97135064	LTR/ERVL-MaLR	1482	-	176	97134889	6726
chr9	97128163	97328163	harbor1	chr9	97135262	97136854	LTR/ERVL-MaLR	6275	-	796	97136058	7895
chr9	97128163	97328163	harbor1	chr9	97137024	97137288	LTR/ERVL-MaLR	1082	-	132	97137156	8993
chr9	97128163	97328163	harbor1	chr9	97137695	97137788	LTR/ERVL-MaLR	496	-	46	97137741	9578
chr9	97128163	97328163	harbor1	chr9	97137789	97138108	LTR/ERVL-MaLR	1343	-	160	97137949	9786
chr9	97128163	97328163	harbor1	chr9	97138259	97138353	LTR/ERVL-MaLR	425	-	47	97138306	10143
chr9	97128163	97328163	harbor1	chr9	97138354	97139953	LTR/ERVL-MaLR	6381	-	800	97139154	10991
chr9	97128163	97328163	harbor1	chr9	97140122	97140407	LTR/ERVL-MaLR	1090	-	142	97140264	12101
chr9	97128163	97328163	harbor1	chr9	97140803	97140897	LTR/ERVL-MaLR	510	-	47	97140850	12687
chr9	97128163	97328163	harbor1	chr9	97140913	97141211	LTR/ERVL-MaLR	1096	-	149	97141062	12899
chr9	97128163	97328163	harbor1	chr9	97141470	97143052	LTR/ERVL-MaLR	6509	-	791	97142261	14098
chr9	97128163	97328163	harbor1	chr9	97143219	97143484	LTR/ERVL-MaLR	972	-	132	97143351	15188
chr9	97128163	97328163	harbor1	chr9	97143904	97143990	LTR/ERVL-MaLR	441	-	43	97143947	15784
chr9	97128163	97328163	harbor1	chr9	97143991	97144337	LTR/ERVL-MaLR	1446	-	173	97144164	16001
chr9	97128163	97328163	harbor1	chr9	97144578	97146150	LTR/ERVL-MaLR	6690	-	786	97145364	17201
chr9	97128163	97328163	harbor1	chr9	97146317	97146589	LTR/ERVL-MaLR	1168	-	136	97146453	18290
chr9	97128163	97328163	harbor1	chr9	97146990	97147102	LTR/ERVL-MaLR	440	-	56	97147046	18883
chr9	97128163	97328163	harbor1	chr9	97147103	97147440	LTR/ERVL-MaLR	1489	-	168	97147271	19108
chr9	97128163	97328163	harbor1	chr9	97147675	97149205	LTR/ERVL-MaLR	5945	-	765	97148440	20277
chr9	97128163	97328163	harbor1	chr9	97149371	97149666	LTR/ERVL-MaLR	1407	-	148	97149519	21356
chr9	97128163	97328163	harbor1	chr9	97149993	97150094	LTR/ERVL-MaLR	417	-	50	97150043	21880
chr9	97128163	97328163	harbor1	chr9	97150263	97150636	LTR/ERVL-MaLR	1506	-	186	97150449	22286
chr9	97128163	97328163	harbor1	chr9	97150637	97150881	LTR/ERVL-MaLR	1192	-	122	97150759	22596
chr9	97128163	97328163	harbor1	chr9	97150879	97151117	LTR/ERVL-MaLR	1373	-	119	97150998	22835
chr9	97128163	97328163	harbor1	chr9	97151147	97151498	LTR/ERVL-MaLR	1630	-	176	97151323	23160
chr9	35497155	35697155	harbor1	chr9	35500148	35500463	LTR/ERVL-MaLR	1859	-	158	35500306	3151
chr9	35497155	35697155	harbor1	chr9	35500469	35500556	LTR/ERVL-MaLR	534	-	44	35500513	3358
chr9	35497155	35697155	harbor1	chr9	35514634	35515088	LTR/ERVL-MaLR	1542	-	227	35514861	17706
chr9	118082244	118282244	harbor1	chr9	118086372	118086722	LTR/ERVL-MaLR	790	-	175	118086547	4303
chr9	118082244	118282244	harbor1	chr9	118147477	118147748	LTR/ERVL-MaLR	561	-	136	118147613	65369
chr9	118082244	118282244	harbor1	chr9	118150913	118151378	LTR/ERVL-MaLR	668	-	232	118151145	68901
chr9	118082244	118282244	harbor1	chr9	118151584	118151967	LTR/ERVL-MaLR	447	-	192	118151776	69532
chr9	118082244	118282244	harbor1	chr9	118174408	118174735	LTR/ERVL-MaLR	718	-	164	118174572	92328
chr9	118082244	118282244	harbor1	chr9	118178174	118178552	LTR/ERVL-MaLR	2262	-	189	118178363	96119
chr9	118082244	118282244	harbor1	chr9	118112019	118112380	LTR/ERVL-MaLR	1397	-	180	118112199	29955
chr9	118082244	118282244	harbor1	chr9	118144872	118145035	LTR/ERVL-MaLR	512	-	82	118144954	62710
chr9	118082244	118282244	harbor1	chr9	118177714	118177878	LTR/ERVL-MaLR	2262	-	82	118177796	95552
chr9	77843322	78043322	harbor1	chr9	77860951	77860990	LTR/ERVL-MaLR	2272	-	20	77860971	17649
chr9	77843322	78043322	harbor1	chr9	77860991	77861342	LTR/ERVL-MaLR	2250	-	176	77861167	17845
chr9	77843322	78043322	harbor1	chr9	77861348	77861720	LTR/ERVL-MaLR	10312	-	186	77861534	18212
chr9	77843322	78043322	harbor1	chr9	77862032	77862897	LTR/ERVL-MaLR	10312	-	432	77862464	19142
chr9	77843322	78043322	harbor1	chr9	77863182	77863625	LTR/ERVL-MaLR	10312	-	222	77863404	20082
chr9	77843322	78043322	harbor1	chr9	77863629	77863982	LTR/ERVL-MaLR	2370	-	176	77863805	20483
chr9	77843322	78043322	harbor1	chr9	77863983	77864376	LTR/ERVL-MaLR	2272	-	196	77864179	20857
chr9	77843322	78043322	harbor1	chr9	77901724	77902083	LTR/ERVL-MaLR	1863	-	180	77901904	58582
chr9	27520084	27720084	harbor1	chr9	27538044	27538074	LTR/ERVL-MaLR	741	-	15	27538059	17975
chr9	27520084	27720084	harbor1	chr9	27538546	27538845	LTR/ERVL-MaLR	741	-	150	27538696	18612
chr9	27520084	27720084	harbor1	chr9	27575335	27575731	LTR/ERVL-MaLR	2058	-	198	27575533	55449
chr9	27520084	27720084	harbor1	chr9	27575732	27576553	LTR/ERVL-MaLR	9285	-	410	27576142	56058
chr9	27520084	27720084	harbor1	chr9	27577263	27577420	LTR/ERVL-MaLR	9285	-	78	27577341	57257
chr9	27520084	27720084	harbor1	chr9	27578075	27578718	LTR/ERVL-MaLR	9285	-	322	27578397	58313
chr9	27520084	27720084	harbor1	chr9	27578719	27579132	LTR/ERVL-MaLR	2594	-	206	27578925	58841
chr9	27520084	27720084	harbor1	chr9	27596239	27596668	LTR/ERVL-MaLR	1326	-	214	27596453	76369
chr9	27520084	27720084	harbor1	chr9	27605240	27605678	LTR/ERVL-MaLR	557	-	219	27605459	85375
chr9	27520084	27720084	harbor1	chr9	27617396	27617686	LTR/ERVL-MaLR	1238	-	145	27617541	97457
chr9	30111802	30311802	harbor1	chr9	30121958	30122374	LTR/ERVL-MaLR	2577	-	208	30122166	10364
chr9	30111802	30311802	harbor1	chr9	30140904	30141279	LTR/ERVL-MaLR	2091	-	188	30141092	29290
chr9	30111802	30311802	harbor1	chr9	30181213	30181571	LTR/ERVL-MaLR	1761	-	179	30181392	69590
chr9	30111802	30311802	harbor1	chr9	30181631	30181899	LTR/ERVL-MaLR	1842	-	134	30181765	69963
chr9	30111802	30311802	harbor1	chr9	30182207	30182468	LTR/ERVL-MaLR	1842	-	130	30182337	70535
chr9	30111802	30311802	harbor1	chr9	30201456	30201824	LTR/ERVL-MaLR	1001	-	184	30201640	89838
chr9	30111802	30311802	harbor1	chr9	30207268	30207638	LTR/ERVL-MaLR	2154	-	185	30207453	95651
chr9	125661246	125861246	harbor1	chr9	125711960	125712232	LTR/ERVL-MaLR	484	-	136	125712096	50850
chr9	125661246	125861246	harbor1	chr9	125732810	125733053	LTR/ERVL-MaLR	445	-	122	125732932	71686
chr9	125661246	125861246	harbor1	chr9	125734895	125735283	LTR/ERVL-MaLR	2601	-	194	125735089	73843
chr9	125661246	125861246	harbor1	chr9	125738780	125739071	LTR/ERVL-MaLR	678	-	146	125738926	77680
chr9	26899847	27099847	harbor1	chr9	26955091	26955569	LTR/ERVL-MaLR	476	-	239	26955330	55483
chr9	26899847	27099847	harbor1	chr9	26980879	26981237	LTR/ERVL-MaLR	1681	-	179	26981058	81211
chr9	85829151	86029151	harbor1	chr9	85873649	85873718	LTR/ERVL-MaLR	1912	-	34	85873683	44532
chr9	85829151	86029151	harbor1	chr9	85874028	85874376	LTR/ERVL-MaLR	1912	-	174	85874202	45051
chr9	85829151	86029151	harbor1	chr9	85891251	85891613	LTR/ERVL-MaLR	2730	-	181	85891432	62281
chr9	85829151	86029151	harbor1	chr9	85900565	85900860	LTR/ERVL-MaLR	1219	-	148	85900713	71562
chr9	85829151	86029151	harbor1	chr9	85903617	85903801	LTR/ERVL-MaLR	643	-	92	85903709	74558
chr9	85829151	86029151	harbor1	chr9	85922606	85922775	LTR/ERVL-MaLR	1051	-	84	85922690	93539
chr9	9456564	9656564	harbor1	chr9	9475446	9475637	LTR/ERVL-MaLR	416	-	96	9475542	18978
chr9	98539418	98739418	harbor1	chr9	98595036	98595403	LTR/ERVL-MaLR	2060	-	184	98595220	55802
chr9	98539418	98739418	harbor1	chr9	98623456	98623906	LTR/ERVL-MaLR	2074	-	225	98623681	84263
chr9	15589894	15789894	harbor1	chr9	15607876	15608290	LTR/ERVL-MaLR	2566	-	207	15608083	18189
chr9	15589894	15789894	harbor1	chr9	15616841	15617040	LTR/ERVL-MaLR	1326	-	100	15616941	27047
chr9	83145654	83345654	harbor1	chr9	83155273	83155634	LTR/ERVL-MaLR	2201	-	180	83155453	9799
chr9	83145654	83345654	harbor1	chr9	83240841	83241130	LTR/ERVL-MaLR	644	-	144	83240985	95331
chr9	113974093	114174093	harbor1	chr9	113982193	113982646	LTR/ERVL-MaLR	1117	-	226	113982419	8326
chr9	113974093	114174093	harbor1	chr9	113986419	113986744	LTR/ERVL-MaLR	1177	-	162	113986581	12488
chr9	113974093	114174093	harbor1	chr9	113990438	113990827	LTR/ERVL-MaLR	1001	-	194	113990632	16539
chr9	113974093	114174093	harbor1	chr9	114006567	114007149	LTR/ERVL-MaLR	2060	-	291	114006858	32765
chr9	113974093	114174093	harbor1	chr9	114012190	114012546	LTR/ERVL-MaLR	1494	-	178	114012368	38275
chr9	113974093	114174093	harbor1	chr9	114037140	114037303	LTR/ERVL-MaLR	460	-	82	114037222	63129
chr9	96822423	97022423	harbor1	chr9	96899497	96899617	LTR/ERVL-MaLR	712	-	60	96899557	77134
chr9	27086639	27286639	harbor1	chr9	27148468	27148732	LTR/ERVL-MaLR	656	-	132	27148600	61961
chr9	27086639	27286639	harbor1	chr9	27159306	27159476	LTR/ERVL-MaLR	495	-	85	27159391	72752
chr9	27086639	27286639	harbor1	chr9	27169934	27170307	LTR/ERVL-MaLR	2255	-	186	27170120	83481
chr9	69968562	70168562	harbor1	chr9	69970086	69970430	LTR/ERVL-MaLR	1618	-	172	69970258	1696
chr9	69968562	70168562	harbor1	chr9	69975604	69975978	LTR/ERVL-MaLR	554	-	187	69975791	7229
chr9	69968562	70168562	harbor1	chr9	69984872	69985196	LTR/ERVL-MaLR	913	-	162	69985034	16472
chr9	69968562	70168562	harbor1	chr9	70024502	70024860	LTR/ERVL-MaLR	2418	-	179	70024681	56119
chr9	69968562	70168562	harbor1	chr9	70026454	70026825	LTR/ERVL-MaLR	2763	-	186	70026640	58078
chr9	69968562	70168562	harbor1	chr9	70029211	70029459	LTR/ERVL-MaLR	1531	-	124	70029335	60773
chr9	69968562	70168562	harbor1	chr9	70036050	70036233	LTR/ERVL-MaLR	852	-	92	70036142	67580
chr9	69968562	70168562	harbor1	chr9	70039727	70040149	LTR/ERVL-MaLR	1168	-	211	70039938	71376
chr9	69968562	70168562	harbor1	chr9	70024861	70026453	LTR/ERVL-MaLR	10145	-	796	70025657	57095
chr9	78024731	78224731	harbor1	chr9	78044818	78045129	LTR/ERVL-MaLR	901	-	156	78044974	20243
chr9	78024731	78224731	harbor1	chr9	78066184	78066953	LTR/ERVL-MaLR	5687	-	384	78066568	41837
chr9	78024731	78224731	harbor1	chr9	78067399	78067573	LTR/ERVL-MaLR	5687	-	87	78067486	42755
chr9	78024731	78224731	harbor1	chr9	78067574	78067943	LTR/ERVL-MaLR	1851	-	184	78067758	43027
chr9	38729526	38929526	harbor1	chr9	38803051	38803279	LTR/ERVL-MaLR	1014	-	114	38803165	73639
chr9	38729526	38929526	harbor1	chr9	38809257	38809291	LTR/ERVL-MaLR	494	-	17	38809274	79748
chr9	38729526	38929526	harbor1	chr9	38809594	38809879	LTR/ERVL-MaLR	494	-	142	38809736	80210
chr9	38729526	38929526	harbor1	chr9	38823878	38824281	LTR/ERVL-MaLR	1934	-	202	38824080	94554
chr9	83176166	83376166	harbor1	chr9	83240841	83241130	LTR/ERVL-MaLR	644	-	144	83240985	64819
chr9	106506364	106706364	harbor1	chr9	106513698	106514060	LTR/ERVL-MaLR	1410	-	181	106513879	7515
chr9	106506364	106706364	harbor1	chr9	106581817	106582177	LTR/ERVL-MaLR	2452	-	180	106581997	75633
chr9	106506364	106706364	harbor1	chr9	106591102	106591627	LTR/ERVL-MaLR	2308	-	262	106591364	85000
chr9	41529270	41729270	harbor1	chr9	41555215	41555583	LTR/ERVL-MaLR	1035	-	184	41555399	26129
chr9	41529270	41729270	harbor1	chr9	41558180	41558421	LTR/ERVL-MaLR	547	-	120	41558300	29030
chr9	41529270	41729270	harbor1	chr9	41560710	41561049	LTR/ERVL-MaLR	1296	-	170	41560880	31610
chr9	41529270	41729270	harbor1	chr9	41618190	41618554	LTR/ERVL-MaLR	2074	-	182	41618372	89102
chr9	41529270	41729270	harbor1	chr9	41618555	41619664	LTR/ERVL-MaLR	7346	-	554	41619109	89839
chr9	111126466	111326466	harbor1	chr9	111176238	111176538	LTR/ERVL-MaLR	564	-	150	111176388	49922
chr9	111126466	111326466	harbor1	chr9	111194217	111194611	LTR/ERVL-MaLR	2450	-	197	111194414	67948
chr9	111126466	111326466	harbor1	chr9	111194924	111195038	LTR/ERVL-MaLR	2450	-	57	111194981	68515
chr9	111126466	111326466	harbor1	chr9	111196124	111196540	LTR/ERVL-MaLR	920	-	208	111196332	69866
chr9	111126466	111326466	harbor1	chr9	111206380	111206460	LTR/ERVL-MaLR	458	-	40	111206420	79954
chr9	111126466	111326466	harbor1	chr9	111210580	111210824	LTR/ERVL-MaLR	731	-	122	111210702	84236
chr9	19269648	19469648	harbor1	chr9	19318539	19318886	LTR/ERVL-MaLR	1973	-	174	19318713	49065
chr9	19269648	19469648	harbor1	chr9	19344837	19345118	LTR/ERVL-MaLR	1209	-	140	19344977	75329
chr9	19269648	19469648	harbor1	chr9	19360523	19360908	LTR/ERVL-MaLR	945	-	192	19360715	91067
chr9	19269648	19469648	harbor1	chr9	19361162	19361197	LTR/ERVL-MaLR	945	-	18	19361180	91532
chr9	19269648	19469648	harbor1	chr9	19362952	19363232	LTR/ERVL-MaLR	1996	-	140	19363092	93444
chr9	19269648	19469648	harbor1	chr9	19363521	19363653	LTR/ERVL-MaLR	1996	-	66	19363587	93939
chr9	4843494	5043494	harbor1	chr9	4861773	4862272	LTR/ERVL-MaLR	1656	-	250	4862023	18529
chr9	4843494	5043494	harbor1	chr9	4867107	4867224	LTR/ERVL-MaLR	426	-	58	4867165	23671
chr9	4843494	5043494	harbor1	chr9	4867596	4867764	LTR/ERVL-MaLR	592	-	84	4867680	24186
chr9	4843494	5043494	harbor1	chr9	4872834	4873363	LTR/ERVL-MaLR	891	-	264	4873098	29604
chr9	4843494	5043494	harbor1	chr9	4880477	4880932	LTR/ERVL-MaLR	2106	-	228	4880705	37211
chr9	4843494	5043494	harbor1	chr9	4881763	4882042	LTR/ERVL-MaLR	800	-	140	4881903	38409
chr9	4843494	5043494	harbor1	chr9	4884078	4884458	LTR/ERVL-MaLR	1733	-	190	4884268	40774
chr9	4843494	5043494	harbor1	chr9	4886834	4886928	LTR/ERVL-MaLR	1082	-	47	4886881	43387
chr9	4843494	5043494	harbor1	chr9	4887564	4887920	LTR/ERVL-MaLR	1082	-	178	4887742	44248
chr9	4843494	5043494	harbor1	chr9	4894611	4894998	LTR/ERVL-MaLR	727	-	194	4894805	51311
chr9	4843494	5043494	harbor1	chr9	4922418	4923063	LTR/ERVL-MaLR	1630	-	322	4922740	79246
chr9	4843494	5043494	harbor1	chr9	4923064	4923259	LTR/ERVL-MaLR	411	-	98	4923162	79668
chr9	4843494	5043494	harbor1	chr9	4882157	4882503	LTR/ERVL-MaLR	979	-	173	4882330	38836
chr9	125219548	125419548	harbor1	chr9	125312647	125312828	LTR/ERVL-MaLR	1760	-	90	125312737	93189
chr9	125219548	125419548	harbor1	chr9	125313119	125313278	LTR/ERVL-MaLR	1760	-	80	125313199	93651
chr9	62624773	62824773	harbor1	chr9	62644685	62645127	LTR/ERVL-MaLR	637	-	221	62644906	20133
chr9	62624773	62824773	harbor1	chr9	62651442	62651809	LTR/ERVL-MaLR	1752	-	184	62651626	26853
chr9	62624773	62824773	harbor1	chr9	62702937	62703286	LTR/ERVL-MaLR	1470	-	174	62703111	78338
chr9	62624773	62824773	harbor1	chr9	62704419	62704701	LTR/ERVL-MaLR	777	-	141	62704560	79787
chr9	62624773	62824773	harbor1	chr9	62709847	62709914	LTR/ERVL-MaLR	436	-	34	62709881	85108
chr9	62624773	62824773	harbor1	chr9	62711540	62711844	LTR/ERVL-MaLR	1526	-	152	62711692	86919
chr9	61829865	62029865	harbor1	chr9	61848388	61848888	LTR/ERVL-MaLR	1110	-	250	61848638	18773
chr9	61829865	62029865	harbor1	chr9	61906340	61906742	LTR/ERVL-MaLR	410	-	201	61906541	76676
chr9	61829865	62029865	harbor1	chr9	61913260	61913645	LTR/ERVL-MaLR	1715	-	192	61913452	83587
chr9	35823927	36023927	harbor1	chr9	35863544	35863730	LTR/ERVL-MaLR	532	-	93	35863637	39710
chr9	62331003	62531003	harbor1	chr9	62339911	62340256	LTR/ERVL-MaLR	1012	-	172	62340083	9080
chr9	62331003	62531003	harbor1	chr9	62342538	62342779	LTR/ERVL-MaLR	569	-	120	62342658	11655
chr9	62331003	62531003	harbor1	chr9	62345072	62345411	LTR/ERVL-MaLR	1289	-	170	62345242	14239
chr9	62331003	62531003	harbor1	chr9	62381809	62382172	LTR/ERVL-MaLR	2092	-	182	62381991	50988
chr9	62331003	62531003	harbor1	chr9	62382173	62383740	LTR/ERVL-MaLR	10491	-	784	62382957	51954
chr9	62331003	62531003	harbor1	chr9	62383741	62384100	LTR/ERVL-MaLR	1914	-	180	62383921	52918
chr9	62331003	62531003	harbor1	chr9	62417906	62418266	LTR/ERVL-MaLR	2068	-	180	62418086	87083
chr9	62331003	62531003	harbor1	chr9	62418268	62419731	LTR/ERVL-MaLR	9957	-	732	62419000	87997
chr9	62331003	62531003	harbor1	chr9	62420043	62420165	LTR/ERVL-MaLR	9957	-	61	62420104	89101
chr9	62331003	62531003	harbor1	chr9	62420166	62420477	LTR/ERVL-MaLR	1613	-	156	62420322	89319
chr9	124701289	124901289	harbor1	chr9	124735705	124735998	LTR/ERVL-MaLR	1374	-	146	124735851	34562
chr9	40553523	40753523	harbor1	chr9	40568265	40568696	LTR/ERVL-MaLR	1233	-	216	40568481	14958
chr9	40553523	40753523	harbor1	chr9	40646564	40646968	LTR/ERVL-MaLR	665	-	202	40646766	93243
chr9	9337465	9537465	harbor1	chr9	9353740	9354322	LTR/ERVL-MaLR	1542	-	291	9354031	16566
chr9	9337465	9537465	harbor1	chr9	9373381	9373838	LTR/ERVL-MaLR	1431	-	228	9373609	36144
chr9	108619343	108819343	harbor1	chr9	108639758	108640012	LTR/ERVL-MaLR	439	-	127	108639885	20542
chr9	108619343	108819343	harbor1	chr9	108646092	108646591	LTR/ERVL-MaLR	1014	-	250	108646342	26999
chr9	108619343	108819343	harbor1	chr9	108677979	108678050	LTR/ERVL-MaLR	684	-	36	108678015	58672
chr9	108619343	108819343	harbor1	chr9	108678368	108678672	LTR/ERVL-MaLR	684	-	152	108678520	59177
chr9	108619343	108819343	harbor1	chr9	108709058	108709610	LTR/ERVL-MaLR	1415	-	276	108709334	89991
chr9	131594814	131794814	harbor1	chr9	131679549	131679830	LTR/ERVL-MaLR	941	-	140	131679689	84875
chr9	111194252	111394252	harbor1	chr9	111194217	111194611	LTR/ERVL-MaLR	2450	-	197	111194414	162
chr9	111194252	111394252	harbor1	chr9	111194924	111195038	LTR/ERVL-MaLR	2450	-	57	111194981	729
chr9	111194252	111394252	harbor1	chr9	111196124	111196540	LTR/ERVL-MaLR	920	-	208	111196332	2080
chr9	111194252	111394252	harbor1	chr9	111206380	111206460	LTR/ERVL-MaLR	458	-	40	111206420	12168
chr9	111194252	111394252	harbor1	chr9	111210580	111210824	LTR/ERVL-MaLR	731	-	122	111210702	16450
chr9	111194252	111394252	harbor1	chr9	111256418	111256889	LTR/ERVL-MaLR	633	-	236	111256654	62402
chr9	111194252	111394252	harbor1	chr9	111259607	111260049	LTR/ERVL-MaLR	2283	-	221	111259828	65576
chr9	111194252	111394252	harbor1	chr9	111264949	111265308	LTR/ERVL-MaLR	1886	-	180	111265129	70877
chr9	111194252	111394252	harbor1	chr9	111265309	111266868	LTR/ERVL-MaLR	11301	-	780	111266089	71837
chr9	111194252	111394252	harbor1	chr9	111266869	111267231	LTR/ERVL-MaLR	2151	-	181	111267050	72798
chr9	111194252	111394252	harbor1	chr9	111274451	111274597	LTR/ERVL-MaLR	410	-	73	111274524	80272
chr9	122630502	122830502	harbor1	chr9	122632831	122633169	LTR/ERVL-MaLR	2275	-	169	122633000	2498
chr9	122630502	122830502	harbor1	chr9	122634382	122634716	LTR/ERVL-MaLR	1963	-	167	122634549	4047
chr9	122630502	122830502	harbor1	chr9	122681191	122681587	LTR/ERVL-MaLR	2031	-	198	122681389	50887
chr9	122630502	122830502	harbor1	chr9	122695796	122696132	LTR/ERVL-MaLR	557	-	168	122695964	65462
chr9	122630502	122830502	harbor1	chr9	122705789	122706416	LTR/ERVL-MaLR	3969	-	314	122706103	75601
chr9	122630502	122830502	harbor1	chr9	122706428	122706833	LTR/ERVL-MaLR	2243	-	202	122706630	76128
chr9	122630502	122830502	harbor1	chr9	122727445	122727843	LTR/ERVL-MaLR	752	-	199	122727644	97142
chr9	79808333	80008333	harbor1	chr9	79813665	79814065	LTR/ERVL-MaLR	638	-	200	79813865	5532
chr9	79808333	80008333	harbor1	chr9	79831549	79831976	LTR/ERVL-MaLR	2279	-	214	79831763	23430
chr9	79808333	80008333	harbor1	chr9	79831979	79832292	LTR/ERVL-MaLR	5666	-	156	79832135	23802
chr9	79808333	80008333	harbor1	chr9	79832626	79833359	LTR/ERVL-MaLR	5666	-	366	79832992	24659
chr9	79808333	80008333	harbor1	chr9	79833681	79833857	LTR/ERVL-MaLR	5560	-	88	79833769	25436
chr9	79808333	80008333	harbor1	chr9	79834205	79834523	LTR/ERVL-MaLR	1715	-	159	79834364	26031
chr9	79808333	80008333	harbor1	chr9	79834524	79834938	LTR/ERVL-MaLR	2299	-	207	79834731	26398
chr9	79808333	80008333	harbor1	chr9	79874412	79874588	LTR/ERVL-MaLR	788	-	88	79874500	66167
chr9	100628232	100828232	harbor1	chr9	100644021	100644488	LTR/ERVL-MaLR	2201	-	234	100644255	16023
chr9	100628232	100828232	harbor1	chr9	100645203	100645595	LTR/ERVL-MaLR	442	-	196	100645399	17167
chr9	100628232	100828232	harbor1	chr9	100654879	100655214	LTR/ERVL-MaLR	1547	-	168	100655047	26815
chr9	100628232	100828232	harbor1	chr9	100661246	100661600	LTR/ERVL-MaLR	2435	-	177	100661423	33191
chr9	100628232	100828232	harbor1	chr9	100676426	100676754	LTR/ERVL-MaLR	1555	-	164	100676590	48358
chr9	100628232	100828232	harbor1	chr9	100690162	100690647	LTR/ERVL-MaLR	2345	-	242	100690404	62172
chr9	100628232	100828232	harbor1	chr9	100711396	100711759	LTR/ERVL-MaLR	2294	-	182	100711578	83346
chr9	100628232	100828232	harbor1	chr9	100713369	100713723	LTR/ERVL-MaLR	2330	-	177	100713546	85314
chr9	100628232	100828232	harbor1	chr9	100716789	100717135	LTR/ERVL-MaLR	1603	-	173	100716962	88730
chr9	100628232	100828232	harbor1	chr9	100719623	100719978	LTR/ERVL-MaLR	2028	-	178	100719801	91569
chr9	100628232	100828232	harbor1	chr9	100711762	100713367	LTR/ERVL-MaLR	12613	-	802	100712564	84332
chr9	97380466	97580466	harbor1	chr9	97390786	97391124	LTR/ERVL-MaLR	2079	-	169	97390955	10489
chr9	97380466	97580466	harbor1	chr9	97397512	97397877	LTR/ERVL-MaLR	1666	-	182	97397694	17228
chr9	97380466	97580466	harbor1	chr9	97400522	97400683	LTR/ERVL-MaLR	562	-	80	97400602	20136
chr9	97380466	97580466	harbor1	chr9	97401333	97401671	LTR/ERVL-MaLR	609	-	169	97401502	21036
chr9	97380466	97580466	harbor1	chr9	97402106	97402464	LTR/ERVL-MaLR	1947	-	179	97402285	21819
chr9	97380466	97580466	harbor1	chr9	97409710	97410058	LTR/ERVL-MaLR	1752	-	174	97409884	29418
chr9	97380466	97580466	harbor1	chr9	97437090	97437627	LTR/ERVL-MaLR	1677	-	268	97437358	56892
chr9	137812511	138012511	harbor1	chr9	137825020	137825179	LTR/ERVL-MaLR	444	-	80	137825100	12589
chr9	137812511	138012511	harbor1	chr9	137826481	137826647	LTR/ERVL-MaLR	583	-	83	137826564	14053
chr9	137812511	138012511	harbor1	chr9	137830881	137831215	LTR/ERVL-MaLR	1566	-	167	137831048	18537
chr9	137812511	138012511	harbor1	chr9	137892173	137892332	LTR/ERVL-MaLR	620	-	80	137892253	79742
chr9	128404376	128604376	harbor1	chr9	128418026	128418204	LTR/ERVL-MaLR	1423	-	89	128418115	13739
chr9	128404376	128604376	harbor1	chr9	128418498	128418584	LTR/ERVL-MaLR	1423	-	43	128418541	14165
chr9	128404376	128604376	harbor1	chr9	128418893	128418980	LTR/ERVL-MaLR	1423	-	44	128418937	14561
chr9	128404376	128604376	harbor1	chr9	128417747	128417819	LTR/ERVL-MaLR	1423	-	36	128417783	13407
chr9	73017556	73217556	harbor1	chr9	73019225	73019649	LTR/ERVL-MaLR	2385	-	212	73019437	1881
chr9	73017556	73217556	harbor1	chr9	73057215	73057539	LTR/ERVL-MaLR	1385	-	162	73057377	39821
chr9	73017556	73217556	harbor1	chr9	73057837	73057960	LTR/ERVL-MaLR	755	-	62	73057899	40343
chr9	73017556	73217556	harbor1	chr9	73083050	73083421	LTR/ERVL-MaLR	2115	-	186	73083236	65680
chr9	73017556	73217556	harbor1	chr9	73094757	73095100	LTR/ERVL-MaLR	1208	-	172	73094929	77373
chr9	73017556	73217556	harbor1	chr9	73095101	73096210	LTR/ERVL-MaLR	6492	-	554	73095655	78099
chr9	73017556	73217556	harbor1	chr9	73096533	73096854	LTR/ERVL-MaLR	6492	-	160	73096693	79137
chr9	73017556	73217556	harbor1	chr9	73097191	73097400	LTR/ERVL-MaLR	6492	-	104	73097295	79739
chr9	73017556	73217556	harbor1	chr9	73097403	73097573	LTR/ERVL-MaLR	856	-	85	73097488	79932
chr9	73017556	73217556	harbor1	chr9	73098264	73098443	LTR/ERVL-MaLR	767	-	90	73098354	80798
chr9	82084965	82284965	harbor1	chr9	82132468	82132800	LTR/ERVL-MaLR	712	-	166	82132634	47669
chr9	82084965	82284965	harbor1	chr9	82135840	82136176	LTR/ERVL-MaLR	2306	-	168	82136008	51043
chr9	82084965	82284965	harbor1	chr9	82145309	82145809	LTR/ERVL-MaLR	478	-	250	82145559	60594
chr9	82084965	82284965	harbor1	chr9	82172606	82173055	LTR/ERVL-MaLR	2442	-	224	82172830	87865
chr9	62690974	62890974	harbor1	chr9	62702937	62703286	LTR/ERVL-MaLR	1470	-	174	62703111	12137
chr9	62690974	62890974	harbor1	chr9	62704419	62704701	LTR/ERVL-MaLR	777	-	141	62704560	13586
chr9	62690974	62890974	harbor1	chr9	62709847	62709914	LTR/ERVL-MaLR	436	-	34	62709881	18907
chr9	62690974	62890974	harbor1	chr9	62711540	62711844	LTR/ERVL-MaLR	1526	-	152	62711692	20718
chr9	39958162	40158162	harbor1	chr9	39986862	39987095	LTR/ERVL-MaLR	1316	-	116	39986978	28816
chr9	39958162	40158162	harbor1	chr9	39987303	39987555	LTR/ERVL-MaLR	1316	-	126	39987429	29267
chr9	39958162	40158162	harbor1	chr9	39987556	39987908	LTR/ERVL-MaLR	2040	-	176	39987732	29570
chr9	39958162	40158162	harbor1	chr9	39987909	39987939	LTR/ERVL-MaLR	1316	-	15	39987924	29762
chr9	39958162	40158162	harbor1	chr9	40037829	40038336	LTR/ERVL-MaLR	1476	-	254	40038083	79921
chr9	39958162	40158162	harbor1	chr9	40041726	40042088	LTR/ERVL-MaLR	606	-	181	40041907	83745
chr9	39958162	40158162	harbor1	chr9	40042515	40042780	LTR/ERVL-MaLR	631	-	132	40042647	84485
chr9	6052672	6252672	harbor1	chr9	6053999	6054237	LTR/ERVL-MaLR	727	-	119	6054118	1446
chr9	6052672	6252672	harbor1	chr9	6116703	6117061	LTR/ERVL-MaLR	2169	-	179	6116882	64210
chr9	6052672	6252672	harbor1	chr9	6126378	6126804	LTR/ERVL-MaLR	2418	-	213	6126591	73919
chr9	24894640	25094640	harbor1	chr9	24927681	24928010	LTR/ERVL-MaLR	900	-	164	24927845	33205
chr9	24894640	25094640	harbor1	chr9	24949240	24949633	LTR/ERVL-MaLR	1425	-	196	24949436	54796
chr9	24894640	25094640	harbor1	chr9	24963424	24963791	LTR/ERVL-MaLR	1003	-	184	24963608	68968
chr9	24894640	25094640	harbor1	chr9	24978128	24978505	LTR/ERVL-MaLR	1201	-	188	24978316	83676
chr9	92274638	92474638	harbor1	chr9	92337964	92338029	LTR/ERVL-MaLR	712	-	32	92337996	63358
chr9	92274638	92474638	harbor1	chr9	92338326	92338337	LTR/ERVL-MaLR	712	-	6	92338332	63694
chr9	92274638	92474638	harbor1	chr9	92338689	92338830	LTR/ERVL-MaLR	712	-	70	92338759	64121
chr9	92274638	92474638	harbor1	chr9	92342101	92342336	LTR/ERVL-MaLR	678	-	118	92342219	67581
chr9	14444199	14644199	harbor1	chr9	14470258	14470680	LTR/ERVL-MaLR	586	-	211	14470469	26270
chr9	14444199	14644199	harbor1	chr9	14474133	14474485	LTR/ERVL-MaLR	1956	-	176	14474309	30110
chr9	14444199	14644199	harbor1	chr9	14474490	14474772	LTR/ERVL-MaLR	1353	-	141	14474631	30432
chr9	14444199	14644199	harbor1	chr9	14484810	14485206	LTR/ERVL-MaLR	1310	-	198	14485008	40809
chr9	14444199	14644199	harbor1	chr9	14492016	14492082	LTR/ERVL-MaLR	2447	-	33	14492049	47850
chr9	14444199	14644199	harbor1	chr9	14492391	14492787	LTR/ERVL-MaLR	2447	-	198	14492589	48390
chr9	103036626	103236626	harbor1	chr9	103098528	103099545	LTR/ERVL-MaLR	6310	-	508	103099036	62410
chr9	103036626	103236626	harbor1	chr9	103099548	103099906	LTR/ERVL-MaLR	2280	-	179	103099727	63101
chr9	103036626	103236626	harbor1	chr9	103116207	103116538	LTR/ERVL-MaLR	1318	-	166	103116373	79747
chr9	103036626	103236626	harbor1	chr9	103119319	103119664	LTR/ERVL-MaLR	1902	-	172	103119491	82865
chr9	25682491	25882491	harbor1	chr9	25706884	25707288	LTR/ERVL-MaLR	1428	-	202	25707086	24595
chr9	25682491	25882491	harbor1	chr9	25712504	25712617	LTR/ERVL-MaLR	763	-	56	25712560	30069
chr9	25682491	25882491	harbor1	chr9	25740817	25741215	LTR/ERVL-MaLR	1490	-	199	25741016	58525
chr9	25682491	25882491	harbor1	chr9	25747139	25747502	LTR/ERVL-MaLR	1966	-	182	25747321	64830
chr9	60806891	61006891	harbor1	chr9	60883593	60884047	LTR/ERVL-MaLR	1487	-	227	60883820	76929
chr9	11654478	11854478	harbor1	chr9	11657280	11657569	LTR/ERVL-MaLR	823	-	144	11657424	2946
chr9	11654478	11854478	harbor1	chr9	11694471	11694849	LTR/ERVL-MaLR	2026	-	189	11694660	40182
chr9	11654478	11854478	harbor1	chr9	11712736	11713184	LTR/ERVL-MaLR	909	-	224	11712960	58482
chr9	11654478	11854478	harbor1	chr9	11749364	11749800	LTR/ERVL-MaLR	1550	-	218	11749582	95104
chr9	39190497	39390497	harbor1	chr9	39226342	39226506	LTR/ERVL-MaLR	708	-	82	39226424	35927
chr9	39190497	39390497	harbor1	chr9	39237000	39237442	LTR/ERVL-MaLR	1403	-	221	39237221	46724
chr9	39190497	39390497	harbor1	chr9	39248140	39248499	LTR/ERVL-MaLR	2091	-	180	39248320	57823
chr9	65612787	65812787	harbor1	chr9	65654364	65654780	LTR/ERVL-MaLR	2247	-	208	65654572	41785
chr9	65612787	65812787	harbor1	chr9	65658651	65659054	LTR/ERVL-MaLR	2005	-	202	65658853	46066
chr9	138167107	138367107	harbor1	chr9	138172668	138172875	LTR/ERVL-MaLR	2551	-	104	138172772	5665
chr9	138167107	138367107	harbor1	chr9	138173156	138173318	LTR/ERVL-MaLR	2551	-	81	138173237	6130
chr9	138167107	138367107	harbor1	chr9	138200797	138201223	LTR/ERVL-MaLR	1243	-	213	138201010	33903
chr9	138167107	138367107	harbor1	chr9	138228473	138228742	LTR/ERVL-MaLR	1101	-	134	138228607	61500
chr9	138167107	138367107	harbor1	chr9	138248138	138248565	LTR/ERVL-MaLR	1427	-	214	138248352	81245
chr9	88014892	88214892	harbor1	chr9	88026255	88026463	LTR/ERVL-MaLR	1966	-	104	88026359	11467
chr9	88014892	88214892	harbor1	chr9	88026762	88026936	LTR/ERVL-MaLR	1966	-	87	88026849	11957
chr9	88014892	88214892	harbor1	chr9	88030687	88030951	LTR/ERVL-MaLR	1200	-	132	88030819	15927
chr9	88014892	88214892	harbor1	chr9	88055300	88055670	LTR/ERVL-MaLR	2132	-	185	88055485	40593
chr9	88014892	88214892	harbor1	chr9	88072659	88073098	LTR/ERVL-MaLR	2826	-	220	88072879	57987
chr9	88014892	88214892	harbor1	chr9	88077654	88078060	LTR/ERVL-MaLR	1213	-	203	88077857	62965
chr9	88014892	88214892	harbor1	chr9	88031231	88031314	LTR/ERVL-MaLR	1200	-	42	88031273	16381
chr9	88014892	88214892	harbor1	chr9	88080047	88080497	LTR/ERVL-MaLR	409	-	225	88080272	65380
chr9	37467661	37667661	harbor1	chr9	37474961	37475008	LTR/ERVL-MaLR	1094	-	24	37474985	7324
chr9	37467661	37667661	harbor1	chr9	37475009	37475405	LTR/ERVL-MaLR	2485	-	198	37475207	7546
chr9	37467661	37667661	harbor1	chr9	37475406	37475699	LTR/ERVL-MaLR	1094	-	146	37475552	7891
chr9	37467661	37667661	harbor1	chr9	37476288	37476381	LTR/ERVL-MaLR	663	-	46	37476334	8673
chr9	37467661	37667661	harbor1	chr9	37509571	37509860	LTR/ERVL-MaLR	657	-	144	37509715	42054
chr9	37467661	37667661	harbor1	chr9	37526528	37526797	LTR/ERVL-MaLR	2548	-	134	37526662	59001
chr9	37467661	37667661	harbor1	chr9	37527150	37527365	LTR/ERVL-MaLR	2548	-	108	37527258	59597
chr9	37467661	37667661	harbor1	chr9	37552330	37552401	LTR/ERVL-MaLR	1169	-	36	37552366	84705
chr9	37467661	37667661	harbor1	chr9	37552716	37552997	LTR/ERVL-MaLR	1169	-	140	37552856	85195
chr9	37467661	37667661	harbor1	chr9	37550826	37552328	LTR/ERVL-MaLR	2951	-	751	37551577	83916
chr9	71663645	71863645	harbor1	chr9	71668043	71668082	LTR/ERVL-MaLR	1310	-	20	71668063	4418
chr9	71663645	71863645	harbor1	chr9	71668214	71668662	LTR/ERVL-MaLR	1310	-	224	71668438	4793
chr9	71663645	71863645	harbor1	chr9	71668909	71668966	LTR/ERVL-MaLR	743	-	28	71668937	5292
chr9	71663645	71863645	harbor1	chr9	71669235	71669578	LTR/ERVL-MaLR	743	-	172	71669407	5762
chr9	103581082	103781082	harbor1	chr9	103580607	103582109	LTR/ERVL-MaLR	9588	-	751	103581358	276
chr9	103581082	103781082	harbor1	chr9	103582112	103582475	LTR/ERVL-MaLR	1670	-	182	103582294	1212
chr9	103581082	103781082	harbor1	chr9	103621989	103622363	LTR/ERVL-MaLR	2469	-	187	103622176	41094
chr9	103581082	103781082	harbor1	chr9	103625835	103626200	LTR/ERVL-MaLR	1495	-	182	103626017	44935
chr9	103581082	103781082	harbor1	chr9	103627799	103628081	LTR/ERVL-MaLR	584	-	141	103627940	46858
chr9	103581082	103781082	harbor1	chr9	103640835	103641227	LTR/ERVL-MaLR	2282	-	196	103641031	59949
chr9	103581082	103781082	harbor1	chr9	103642268	103642834	LTR/ERVL-MaLR	1582	-	283	103642551	61469
chr9	103581082	103781082	harbor1	chr9	103656370	103656713	LTR/ERVL-MaLR	1560	-	172	103656542	75460
chr9	103581082	103781082	harbor1	chr9	103660462	103660598	LTR/ERVL-MaLR	437	-	68	103660530	79448
chr9	103581082	103781082	harbor1	chr9	103677272	103677791	LTR/ERVL-MaLR	1970	-	260	103677532	96450
chr9	123097805	123297805	harbor1	chr9	123157513	123157877	LTR/ERVL-MaLR	2470	-	182	123157695	59890
chr9	76775172	76975172	harbor1	chr9	76815287	76815646	LTR/ERVL-MaLR	1587	-	180	76815467	40295
chr9	117261750	117461750	harbor1	chr9	117271087	117271438	LTR/ERVL-MaLR	2514	-	176	117271263	9513
chr9	117261750	117461750	harbor1	chr9	117271439	117273007	LTR/ERVL-MaLR	11501	-	784	117272223	10473
chr9	117261750	117461750	harbor1	chr9	117273015	117273362	LTR/ERVL-MaLR	2606	-	174	117273189	11439
chr9	117261750	117461750	harbor1	chr9	117275070	117275330	LTR/ERVL-MaLR	1003	-	130	117275200	13450
chr9	117261750	117461750	harbor1	chr9	117275331	117275564	LTR/ERVL-MaLR	1548	-	116	117275447	13697
chr9	117261750	117461750	harbor1	chr9	117275835	117276002	LTR/ERVL-MaLR	1548	-	84	117275919	14169
chr9	117261750	117461750	harbor1	chr9	117324285	117324654	LTR/ERVL-MaLR	2333	-	184	117324469	62719
chr9	117261750	117461750	harbor1	chr9	117343073	117343226	LTR/ERVL-MaLR	668	-	76	117343149	81399
chr9	11961896	12161896	harbor1	chr9	12049284	12049400	LTR/ERVL-MaLR	719	-	58	12049342	87446
chr9	11961896	12161896	harbor1	chr9	12049390	12049515	LTR/ERVL-MaLR	566	-	62	12049452	87556
chr9	11961896	12161896	harbor1	chr9	12060838	12061290	LTR/ERVL-MaLR	1637	-	226	12061064	99168
chr9	93593521	93793521	harbor1	chr9	93632399	93632758	LTR/ERVL-MaLR	2168	-	180	93632579	39058
chr9	73012635	73212635	harbor1	chr9	73019225	73019649	LTR/ERVL-MaLR	2385	-	212	73019437	6802
chr9	73012635	73212635	harbor1	chr9	73057215	73057539	LTR/ERVL-MaLR	1385	-	162	73057377	44742
chr9	73012635	73212635	harbor1	chr9	73057837	73057960	LTR/ERVL-MaLR	755	-	62	73057899	45264
chr9	73012635	73212635	harbor1	chr9	73083050	73083421	LTR/ERVL-MaLR	2115	-	186	73083236	70601
chr9	73012635	73212635	harbor1	chr9	73094757	73095100	LTR/ERVL-MaLR	1208	-	172	73094929	82294
chr9	73012635	73212635	harbor1	chr9	73095101	73096210	LTR/ERVL-MaLR	6492	-	554	73095655	83020
chr9	73012635	73212635	harbor1	chr9	73096533	73096854	LTR/ERVL-MaLR	6492	-	160	73096693	84058
chr9	73012635	73212635	harbor1	chr9	73097191	73097400	LTR/ERVL-MaLR	6492	-	104	73097295	84660
chr9	73012635	73212635	harbor1	chr9	73097403	73097573	LTR/ERVL-MaLR	856	-	85	73097488	84853
chr9	73012635	73212635	harbor1	chr9	73098264	73098443	LTR/ERVL-MaLR	767	-	90	73098354	85719
chr9	86770401	86970401	harbor1	chr9	86811737	86811816	LTR/ERVL-MaLR	650	-	40	86811777	41376
chr9	86770401	86970401	harbor1	chr9	86812121	86812545	LTR/ERVL-MaLR	859	-	212	86812333	41932
chr9	86770401	86970401	harbor1	chr9	86813912	86814256	LTR/ERVL-MaLR	1910	-	172	86814084	43683
chr9	86770401	86970401	harbor1	chr9	86840750	86840838	LTR/ERVL-MaLR	465	-	44	86840794	70393
chr9	29175045	29375045	harbor1	chr9	29184922	29185419	LTR/ERVL-MaLR	869	-	248	29185170	10125
chr9	29175045	29375045	harbor1	chr9	29198973	29199349	LTR/ERVL-MaLR	510	-	188	29199161	24116
chr9	29175045	29375045	harbor1	chr9	29218035	29218457	LTR/ERVL-MaLR	1212	-	211	29218246	43201
chr9	29175045	29375045	harbor1	chr9	29222152	29222534	LTR/ERVL-MaLR	482	-	191	29222343	47298
chr9	29175045	29375045	harbor1	chr9	29255556	29255715	LTR/ERVL-MaLR	410	-	80	29255636	80591
chr9	71449025	71649025	harbor1	chr9	71460372	71460741	LTR/ERVL-MaLR	2681	-	184	71460556	11531
chr9	71449025	71649025	harbor1	chr9	71473619	71473974	LTR/ERVL-MaLR	2005	-	178	71473797	24772
chr9	71449025	71649025	harbor1	chr9	71510308	71510696	LTR/ERVL-MaLR	2178	-	194	71510502	61477
chr9	136977174	137177174	harbor1	chr9	136988776	136988901	LTR/ERVL-MaLR	644	-	62	136988838	11664
chr9	136977174	137177174	harbor1	chr9	136989740	136989918	LTR/ERVL-MaLR	644	-	89	136989829	12655
chr9	89403176	89603176	harbor1	chr9	89434545	89434736	LTR/ERVL-MaLR	813	-	96	89434641	31465
chr9	89403176	89603176	harbor1	chr9	89445350	89445562	LTR/ERVL-MaLR	923	-	106	89445456	42280
chr9	89403176	89603176	harbor1	chr9	89446208	89446412	LTR/ERVL-MaLR	731	-	102	89446310	43134
chr9	89403176	89603176	harbor1	chr9	89478825	89479346	LTR/ERVL-MaLR	922	-	260	89479085	75909
chr9	9337706	9537706	harbor1	chr9	9353740	9354322	LTR/ERVL-MaLR	1542	-	291	9354031	16325
chr9	9337706	9537706	harbor1	chr9	9373381	9373838	LTR/ERVL-MaLR	1431	-	228	9373609	35903
chr9	14428652	14628652	harbor1	chr9	14442435	14442825	LTR/ERVL-MaLR	1514	-	195	14442630	13978
chr9	14428652	14628652	harbor1	chr9	14470258	14470680	LTR/ERVL-MaLR	586	-	211	14470469	41817
chr9	14428652	14628652	harbor1	chr9	14474133	14474485	LTR/ERVL-MaLR	1956	-	176	14474309	45657
chr9	14428652	14628652	harbor1	chr9	14474490	14474772	LTR/ERVL-MaLR	1353	-	141	14474631	45979
chr9	14428652	14628652	harbor1	chr9	14484810	14485206	LTR/ERVL-MaLR	1310	-	198	14485008	56356
chr9	14428652	14628652	harbor1	chr9	14492016	14492082	LTR/ERVL-MaLR	2447	-	33	14492049	63397
chr9	14428652	14628652	harbor1	chr9	14492391	14492787	LTR/ERVL-MaLR	2447	-	198	14492589	63937
chr9	88022901	88222901	harbor1	chr9	88026255	88026463	LTR/ERVL-MaLR	1966	-	104	88026359	3458
chr9	88022901	88222901	harbor1	chr9	88026762	88026936	LTR/ERVL-MaLR	1966	-	87	88026849	3948
chr9	88022901	88222901	harbor1	chr9	88030687	88030951	LTR/ERVL-MaLR	1200	-	132	88030819	7918
chr9	88022901	88222901	harbor1	chr9	88055300	88055670	LTR/ERVL-MaLR	2132	-	185	88055485	32584
chr9	88022901	88222901	harbor1	chr9	88072659	88073098	LTR/ERVL-MaLR	2826	-	220	88072879	49978
chr9	88022901	88222901	harbor1	chr9	88077654	88078060	LTR/ERVL-MaLR	1213	-	203	88077857	54956
chr9	88022901	88222901	harbor1	chr9	88031231	88031314	LTR/ERVL-MaLR	1200	-	42	88031273	8372
chr9	88022901	88222901	harbor1	chr9	88080047	88080497	LTR/ERVL-MaLR	409	-	225	88080272	57371
chr9	21391629	21591629	harbor1	chr9	21451400	21451520	LTR/ERVL-MaLR	611	-	60	21451460	59831
chr9	21391629	21591629	harbor1	chr9	21463362	21463715	LTR/ERVL-MaLR	2267	-	176	21463538	71909
chr9	21391629	21591629	harbor1	chr9	21463728	21463895	LTR/ERVL-MaLR	1155	-	84	21463812	72183
chr9	22488892	22688892	harbor1	chr9	22499749	22499999	LTR/ERVL-MaLR	592	-	125	22499874	10982
chr9	22488892	22688892	harbor1	chr9	22500058	22500279	LTR/ERVL-MaLR	499	-	110	22500168	11276
chr9	22488892	22688892	harbor1	chr9	22500283	22500433	LTR/ERVL-MaLR	3092	-	75	22500358	11466
chr9	22488892	22688892	harbor1	chr9	22500807	22500993	LTR/ERVL-MaLR	3092	-	93	22500900	12008
chr9	22488892	22688892	harbor1	chr9	22500994	22501368	LTR/ERVL-MaLR	2292	-	187	22501181	12289
chr9	22488892	22688892	harbor1	chr9	22501369	22502385	LTR/ERVL-MaLR	3092	-	508	22501877	12985
chr9	22488892	22688892	harbor1	chr9	22502401	22502599	LTR/ERVL-MaLR	678	-	99	22502500	13608
chr9	42553068	42753068	harbor1	chr9	42562896	42563326	LTR/ERVL-MaLR	2626	-	215	42563111	10043
chr9	42553068	42753068	harbor1	chr9	42574332	42574695	LTR/ERVL-MaLR	2228	-	182	42574514	21446
chr9	42553068	42753068	harbor1	chr9	42574696	42576262	LTR/ERVL-MaLR	11287	-	783	42575479	22411
chr9	42553068	42753068	harbor1	chr9	42576263	42576622	LTR/ERVL-MaLR	1998	-	180	42576443	23375
chr9	42553068	42753068	harbor1	chr9	42610438	42610798	LTR/ERVL-MaLR	2241	-	180	42610618	57550
chr9	42553068	42753068	harbor1	chr9	42610800	42612263	LTR/ERVL-MaLR	10711	-	732	42611532	58464
chr9	42553068	42753068	harbor1	chr9	42612574	42612696	LTR/ERVL-MaLR	10711	-	61	42612635	59567
chr9	42553068	42753068	harbor1	chr9	42612697	42613008	LTR/ERVL-MaLR	1772	-	156	42612853	59785
chr9	42553068	42753068	harbor1	chr9	42631063	42631551	LTR/ERVL-MaLR	1684	-	244	42631307	78239
chr9	134347360	134547360	harbor1	chr9	134421143	134421572	LTR/ERVL-MaLR	1328	-	214	134421357	73997
chr9	63121576	63321576	harbor1	chr9	63169132	63169540	LTR/ERVL-MaLR	1133	-	204	63169336	47760
chr9	61153035	61353035	harbor1	chr9	61159508	61159966	LTR/ERVL-MaLR	1501	-	229	61159737	6702
chr9	61153035	61353035	harbor1	chr9	61206608	61206681	LTR/ERVL-MaLR	544	-	36	61206644	53609
chr9	61153035	61353035	harbor1	chr9	61207086	61207418	LTR/ERVL-MaLR	1711	-	166	61207252	54217
chr9	61153035	61353035	harbor1	chr9	61216193	61216556	LTR/ERVL-MaLR	1841	-	182	61216375	63340
chr9	61153035	61353035	harbor1	chr9	61227079	61227400	LTR/ERVL-MaLR	691	-	160	61227239	74204
chr9	133838877	134038877	harbor1	chr9	133849537	133849988	LTR/ERVL-MaLR	1299	-	226	133849763	10886
chr9	133838877	134038877	harbor1	chr9	133856579	133856853	LTR/ERVL-MaLR	699	-	137	133856716	17839
chr9	130786765	130986765	harbor1	chr9	130816569	130816718	LTR/ERVL-MaLR	921	-	74	130816643	29878
chr9	130786765	130986765	harbor1	chr9	130823526	130823864	LTR/ERVL-MaLR	723	-	169	130823695	36930
chr9	130786765	130986765	harbor1	chr9	130881331	130881680	LTR/ERVL-MaLR	2384	-	174	130881505	94740
chr9	37572989	37772989	harbor1	chr9	37600890	37601234	LTR/ERVL-MaLR	1684	-	172	37601062	28073
chr9	37572989	37772989	harbor1	chr9	37629832	37630197	LTR/ERVL-MaLR	1571	-	182	37630014	57025
chr9	37572989	37772989	harbor1	chr9	37632332	37632860	LTR/ERVL-MaLR	1530	-	264	37632596	59607
chr9	37572989	37772989	harbor1	chr9	37658438	37658859	LTR/ERVL-MaLR	1390	-	210	37658648	85659
chr9	37572989	37772989	harbor1	chr9	37662051	37662387	LTR/ERVL-MaLR	1587	-	168	37662219	89230
chr9	37572989	37772989	harbor1	chr9	37672652	37672983	LTR/ERVL-MaLR	2429	-	166	37672818	99829
chr9	90063687	90263687	harbor1	chr9	90070007	90070435	LTR/ERVL-MaLR	1331	-	214	90070221	6534
chr9	90063687	90263687	harbor1	chr9	90070517	90070888	LTR/ERVL-MaLR	1394	-	186	90070703	7016
chr9	90063687	90263687	harbor1	chr9	90071249	90071657	LTR/ERVL-MaLR	2482	-	204	90071453	7766
chr9	90063687	90263687	harbor1	chr9	90109153	90109538	LTR/ERVL-MaLR	1974	-	192	90109345	45658
chr9	90063687	90263687	harbor1	chr9	90121915	90122152	LTR/ERVL-MaLR	1006	-	118	90122033	58346
chr9	84566430	84766430	harbor1	chr9	84572023	84572353	LTR/ERVL-MaLR	874	-	165	84572188	5758
chr9	84566430	84766430	harbor1	chr9	84575433	84575571	LTR/ERVL-MaLR	719	-	69	84575502	9072
chr9	84566430	84766430	harbor1	chr9	84585309	84585728	LTR/ERVL-MaLR	426	-	210	84585519	19089
chr9	84566430	84766430	harbor1	chr9	84607401	84607773	LTR/ERVL-MaLR	2422	-	186	84607587	41157
chr9	84566430	84766430	harbor1	chr9	84608815	84609151	LTR/ERVL-MaLR	1565	-	168	84608983	42553
chr9	84566430	84766430	harbor1	chr9	84609447	84609889	LTR/ERVL-MaLR	769	-	221	84609668	43238
chr9	84566430	84766430	harbor1	chr9	84610185	84610352	LTR/ERVL-MaLR	2122	-	84	84610269	43839
chr9	84566430	84766430	harbor1	chr9	84610658	84611055	LTR/ERVL-MaLR	2122	-	198	84610856	44426
chr9	84566430	84766430	harbor1	chr9	84623570	84623933	LTR/ERVL-MaLR	789	-	182	84623752	57322
chr9	84566430	84766430	harbor1	chr9	84660050	84660290	LTR/ERVL-MaLR	500	-	120	84660170	93740
chr9	38182405	38382405	harbor1	chr9	38182282	38182661	LTR/ERVL-MaLR	1798	-	190	38182472	67
chr9	38182405	38382405	harbor1	chr9	38184027	38184427	LTR/ERVL-MaLR	2444	-	200	38184227	1822
chr9	38182405	38382405	harbor1	chr9	38188308	38188567	LTR/ERVL-MaLR	407	-	130	38188438	6033
chr9	38182405	38382405	harbor1	chr9	38191246	38191617	LTR/ERVL-MaLR	1675	-	186	38191432	9027
chr9	38182405	38382405	harbor1	chr9	38199394	38199781	LTR/ERVL-MaLR	549	-	194	38199588	17183
chr9	38182405	38382405	harbor1	chr9	38205131	38205593	LTR/ERVL-MaLR	1690	-	231	38205362	22957
chr9	38182405	38382405	harbor1	chr9	38209451	38209522	LTR/ERVL-MaLR	2399	-	36	38209487	27082
chr9	38182405	38382405	harbor1	chr9	38209778	38210162	LTR/ERVL-MaLR	2399	-	192	38209970	27565
chr9	38182405	38382405	harbor1	chr9	38238380	38238805	LTR/ERVL-MaLR	2531	-	212	38238592	56187
chr9	38182405	38382405	harbor1	chr9	38255673	38256020	LTR/ERVL-MaLR	1782	-	174	38255847	73442
chr9	38182405	38382405	harbor1	chr9	38258387	38258642	LTR/ERVL-MaLR	1253	-	128	38258515	76110
chr9	38182405	38382405	harbor1	chr9	38261817	38262171	LTR/ERVL-MaLR	2244	-	177	38261994	79589
chr9	38182405	38382405	harbor1	chr9	38274176	38274417	LTR/ERVL-MaLR	904	-	120	38274296	91891
chr9	38182405	38382405	harbor1	chr9	38207331	38207856	LTR/ERVL-MaLR	2050	-	262	38207593	25188
chr9	80956482	81156482	harbor1	chr9	80962534	80962900	LTR/ERVL-MaLR	2254	-	183	80962717	6235
chr9	80956482	81156482	harbor1	chr9	80991351	80991725	LTR/ERVL-MaLR	1298	-	187	80991538	35056
chr9	80956482	81156482	harbor1	chr9	81003399	81003649	LTR/ERVL-MaLR	1346	-	125	81003524	47042
chr9	80956482	81156482	harbor1	chr9	81030482	81030998	LTR/ERVL-MaLR	1631	-	258	81030740	74258
chr9	70026245	70226245	harbor1	chr9	70026454	70026825	LTR/ERVL-MaLR	2763	-	186	70026640	395
chr9	70026245	70226245	harbor1	chr9	70029211	70029459	LTR/ERVL-MaLR	1531	-	124	70029335	3090
chr9	70026245	70226245	harbor1	chr9	70036050	70036233	LTR/ERVL-MaLR	852	-	92	70036142	9897
chr9	70026245	70226245	harbor1	chr9	70039727	70040149	LTR/ERVL-MaLR	1168	-	211	70039938	13693
chr9	70026245	70226245	harbor1	chr9	70074914	70075051	LTR/ERVL-MaLR	608	-	68	70074982	48737
chr9	70026245	70226245	harbor1	chr9	70087205	70087786	LTR/ERVL-MaLR	1594	-	290	70087495	61250
chr9	70026245	70226245	harbor1	chr9	70096381	70096682	LTR/ERVL-MaLR	492	-	150	70096531	70286
chr9	70026245	70226245	harbor1	chr9	70024861	70026453	LTR/ERVL-MaLR	10145	-	796	70025657	588
chr9	30978261	31178261	harbor1	chr9	30982674	30983027	LTR/ERVL-MaLR	1592	-	176	30982850	4589
chr9	37780766	37980766	harbor1	chr9	37791384	37791734	LTR/ERVL-MaLR	2499	-	175	37791559	10793
chr9	37780766	37980766	harbor1	chr9	37799064	37799347	LTR/ERVL-MaLR	463	-	142	37799206	18440
chr9	37780766	37980766	harbor1	chr9	37869919	37870159	LTR/ERVL-MaLR	1407	-	120	37870039	89273
chr9	37780766	37980766	harbor1	chr9	37870331	37870509	LTR/ERVL-MaLR	505	-	89	37870420	89654
chr9	35780975	35980975	harbor1	chr9	35863544	35863730	LTR/ERVL-MaLR	532	-	93	35863637	82662
chr9	86403068	86603068	harbor1	chr9	86421571	86421686	LTR/ERVL-MaLR	884	-	58	86421629	18561
chr9	86403068	86603068	harbor1	chr9	86421678	86421872	LTR/ERVL-MaLR	939	-	97	86421775	18707
chr9	86403068	86603068	harbor1	chr9	86431165	86431525	LTR/ERVL-MaLR	1565	-	180	86431345	28277
chr9	86403068	86603068	harbor1	chr9	86451586	86451983	LTR/ERVL-MaLR	2030	-	198	86451784	48716
chr9	86403068	86603068	harbor1	chr9	86453001	86453402	LTR/ERVL-MaLR	2018	-	200	86453201	50133
chr9	86403068	86603068	harbor1	chr9	86485282	86485650	LTR/ERVL-MaLR	737	-	184	86485466	82398
chr9	126255986	126455986	harbor1	chr9	126303471	126303805	LTR/ERVL-MaLR	871	-	167	126303638	47652
chr9	126255986	126455986	harbor1	chr9	126306848	126307236	LTR/ERVL-MaLR	2286	-	194	126307042	51056
chr9	126255986	126455986	harbor1	chr9	126311170	126311211	LTR/ERVL-MaLR	2713	-	20	126311190	55204
chr9	126255986	126455986	harbor1	chr9	126311515	126311914	LTR/ERVL-MaLR	2713	-	200	126311715	55729
chr9	126255986	126455986	harbor1	chr9	126312419	126312780	LTR/ERVL-MaLR	967	-	180	126312599	56613
chr9	126255986	126455986	harbor1	chr9	126344664	126345030	LTR/ERVL-MaLR	1790	-	183	126344847	88861
chr9	126255986	126455986	harbor1	chr9	126350488	126350817	LTR/ERVL-MaLR	1865	-	164	126350652	94666
chr9	40994530	41194530	harbor1	chr9	41017822	41018240	LTR/ERVL-MaLR	2694	-	209	41018031	23501
chr9	40994530	41194530	harbor1	chr9	41060012	41060277	LTR/ERVL-MaLR	918	-	132	41060144	65614
chr9	71363821	71563821	harbor1	chr9	71418220	71418321	LTR/ERVL-MaLR	433	-	50	71418270	54449
chr9	71363821	71563821	harbor1	chr9	71460372	71460741	LTR/ERVL-MaLR	2681	-	184	71460556	96735
chr9	120298963	120498963	harbor1	chr9	120320249	120320625	LTR/ERVL-MaLR	1798	-	188	120320437	21474
chr9	120298963	120498963	harbor1	chr9	120335705	120336050	LTR/ERVL-MaLR	2044	-	172	120335877	36914
chr9	120298963	120498963	harbor1	chr9	120343390	120343820	LTR/ERVL-MaLR	1928	-	215	120343605	44642
chr9	120298963	120498963	harbor1	chr9	120344113	120344203	LTR/ERVL-MaLR	1928	-	45	120344158	45195
chr9	120298963	120498963	harbor1	chr9	120345331	120345610	LTR/ERVL-MaLR	820	-	140	120345471	46508
chr9	120298963	120498963	harbor1	chr9	120362664	120363025	LTR/ERVL-MaLR	2285	-	180	120362844	63881
chr9	120298963	120498963	harbor1	chr9	120365458	120365804	LTR/ERVL-MaLR	1989	-	173	120365631	66668
chr9	120298963	120498963	harbor1	chr9	120366594	120367085	LTR/ERVL-MaLR	1950	-	246	120366840	67877
chr9	120298963	120498963	harbor1	chr9	120377443	120377853	LTR/ERVL-MaLR	1835	-	205	120377648	78685
chr9	120298963	120498963	harbor1	chr9	120380830	120381319	LTR/ERVL-MaLR	2153	-	244	120381074	82111
chr9	76422465	76622465	harbor1	chr9	76429426	76429706	LTR/ERVL-MaLR	644	-	140	76429566	7101
chr9	76422465	76622465	harbor1	chr9	76430014	76430203	LTR/ERVL-MaLR	644	-	94	76430108	7643
chr9	76422465	76622465	harbor1	chr9	76435420	76435811	LTR/ERVL-MaLR	1621	-	196	76435616	13151
chr9	76422465	76622465	harbor1	chr9	76452410	76452805	LTR/ERVL-MaLR	2361	-	198	76452608	30143
chr9	76422465	76622465	harbor1	chr9	76464712	76464980	LTR/ERVL-MaLR	753	-	134	76464846	42381
chr9	76422465	76622465	harbor1	chr9	76488884	76489287	LTR/ERVL-MaLR	1030	-	202	76489086	66621
chr9	74105381	74305381	harbor1	chr9	74119055	74119402	LTR/ERVL-MaLR	1818	-	174	74119229	13848
chr9	74105381	74305381	harbor1	chr9	74122666	74123037	LTR/ERVL-MaLR	2239	-	186	74122852	17471
chr9	74105381	74305381	harbor1	chr9	74173018	74173268	LTR/ERVL-MaLR	496	-	125	74173143	67762
chr9	74105381	74305381	harbor1	chr9	74192018	74192220	LTR/ERVL-MaLR	1641	-	101	74192119	86738
chr9	74105381	74305381	harbor1	chr9	74192221	74192619	LTR/ERVL-MaLR	2016	-	199	74192420	87039
chr9	74105381	74305381	harbor1	chr9	74192620	74192928	LTR/ERVL-MaLR	1641	-	154	74192774	87393
chr9	74105381	74305381	harbor1	chr9	74201783	74201918	LTR/ERVL-MaLR	1959	-	68	74201851	96470
chr9	74105381	74305381	harbor1	chr9	74202367	74202873	LTR/ERVL-MaLR	1959	-	253	74202620	97239
chr9	40638818	40838818	harbor1	chr9	40646564	40646968	LTR/ERVL-MaLR	665	-	202	40646766	7948
chr9	40638818	40838818	harbor1	chr9	40657027	40657450	LTR/ERVL-MaLR	1783	-	212	40657239	18421
chr9	40638818	40838818	harbor1	chr9	40729420	40730580	LTR/ERVL-MaLR	7119	-	580	40730000	91182
chr9	40638818	40838818	harbor1	chr9	40730631	40730998	LTR/ERVL-MaLR	1891	-	184	40730815	91997
chr9	77275183	77475183	harbor1	chr9	77276488	77276748	LTR/ERVL-MaLR	1049	-	130	77276618	1435
chr9	77275183	77475183	harbor1	chr9	77276809	77277034	LTR/ERVL-MaLR	688	-	112	77276921	1738
chr9	77275183	77475183	harbor1	chr9	77317194	77317434	LTR/ERVL-MaLR	442	-	120	77317314	42131
chr9	77275183	77475183	harbor1	chr9	77328810	77329188	LTR/ERVL-MaLR	2387	-	189	77328999	53816
chr9	77275183	77475183	harbor1	chr9	77371241	77371600	LTR/ERVL-MaLR	1675	-	180	77371421	96238
chr9	101557101	101757101	harbor1	chr9	101601503	101601972	LTR/ERVL-MaLR	1939	-	234	101601737	44636
chr9	101557101	101757101	harbor1	chr9	101611130	101611521	LTR/ERVL-MaLR	1573	-	196	101611326	54225
chr9	101557101	101757101	harbor1	chr9	101620105	101620444	LTR/ERVL-MaLR	1614	-	170	101620275	63174
chr9	98081996	98281996	harbor1	chr9	98149403	98149780	LTR/ERVL-MaLR	1879	-	188	98149591	67595
chr9	134048819	134248819	harbor1	chr9	134093827	134094218	LTR/ERVL-MaLR	2174	-	196	134094023	45204
chr9	134048819	134248819	harbor1	chr9	134121362	134121750	LTR/ERVL-MaLR	1937	-	194	134121556	72737
chr9	80517341	80717341	harbor1	chr9	80530449	80530794	LTR/ERVL-MaLR	2482	-	172	80530621	13280
chr9	80517341	80717341	harbor1	chr9	80530795	80532372	LTR/ERVL-MaLR	11473	-	788	80531583	14242
chr9	80517341	80717341	harbor1	chr9	80532373	80532537	LTR/ERVL-MaLR	1307	-	82	80532455	15114
chr9	80517341	80717341	harbor1	chr9	80532824	80532979	LTR/ERVL-MaLR	1145	-	78	80532902	15561
chr9	80517341	80717341	harbor1	chr9	80532980	80533332	LTR/ERVL-MaLR	2623	-	176	80533156	15815
chr9	80517341	80717341	harbor1	chr9	80544452	80544724	LTR/ERVL-MaLR	1290	-	136	80544588	27247
chr9	80517341	80717341	harbor1	chr9	80557485	80557975	LTR/ERVL-MaLR	1674	-	245	80557730	40389
chr9	80517341	80717341	harbor1	chr9	80586542	80587136	LTR/ERVL-MaLR	1435	-	297	80586839	69498
chr9	87337117	87537117	harbor1	chr9	87347666	87348034	LTR/ERVL-MaLR	2213	-	184	87347850	10733
chr9	87337117	87537117	harbor1	chr9	87384736	87385215	LTR/ERVL-MaLR	722	-	240	87384976	47859
chr9	87337117	87537117	harbor1	chr9	87419298	87419813	LTR/ERVL-MaLR	1999	-	258	87419556	82439
chr9	87337117	87537117	harbor1	chr9	87419897	87420049	LTR/ERVL-MaLR	440	-	76	87419973	82856
chr9	87337117	87537117	harbor1	chr9	87420391	87420758	LTR/ERVL-MaLR	2103	-	184	87420575	83458
chr9	87337117	87537117	harbor1	chr9	87421062	87421242	LTR/ERVL-MaLR	544	-	90	87421152	84035
chr9	87337117	87537117	harbor1	chr9	87434910	87435288	LTR/ERVL-MaLR	2015	-	189	87435099	97982
chr9	65784459	65984459	harbor1	chr9	65790746	65791351	LTR/ERVL-MaLR	1375	-	302	65791048	6589
chr9	65784459	65984459	harbor1	chr9	65796719	65796864	LTR/ERVL-MaLR	623	-	72	65796791	12332
chr9	71005723	71205723	harbor1	chr9	71099051	71099410	LTR/ERVL-MaLR	2016	-	180	71099231	93508
chr9	9268559	9468559	harbor1	chr9	9353740	9354322	LTR/ERVL-MaLR	1542	-	291	9354031	85472
chr9	113415641	113615641	harbor1	chr9	113421885	113422036	LTR/ERVL-MaLR	528	-	76	113421961	6320
chr9	113415641	113615641	harbor1	chr9	113428257	113428682	LTR/ERVL-MaLR	529	-	212	113428469	12828
chr9	113415641	113615641	harbor1	chr9	113471704	113471925	LTR/ERVL-MaLR	1189	-	110	113471814	56173
chr9	113415641	113615641	harbor1	chr9	113473105	113473283	LTR/ERVL-MaLR	1020	-	89	113473194	57553
chr9	22492977	22692977	harbor1	chr9	22499749	22499999	LTR/ERVL-MaLR	592	-	125	22499874	6897
chr9	22492977	22692977	harbor1	chr9	22500058	22500279	LTR/ERVL-MaLR	499	-	110	22500168	7191
chr9	22492977	22692977	harbor1	chr9	22500283	22500433	LTR/ERVL-MaLR	3092	-	75	22500358	7381
chr9	22492977	22692977	harbor1	chr9	22500807	22500993	LTR/ERVL-MaLR	3092	-	93	22500900	7923
chr9	22492977	22692977	harbor1	chr9	22500994	22501368	LTR/ERVL-MaLR	2292	-	187	22501181	8204
chr9	22492977	22692977	harbor1	chr9	22501369	22502385	LTR/ERVL-MaLR	3092	-	508	22501877	8900
chr9	22492977	22692977	harbor1	chr9	22502401	22502599	LTR/ERVL-MaLR	678	-	99	22502500	9523
chr9	95712097	95912097	harbor1	chr9	95731318	95731624	LTR/ERVL-MaLR	839	-	153	95731471	19374
chr9	95712097	95912097	harbor1	chr9	95775120	95775508	LTR/ERVL-MaLR	929	-	194	95775314	63217
chr9	95712097	95912097	harbor1	chr9	95777484	95777993	LTR/ERVL-MaLR	1388	-	254	95777738	65641
chr9	103338140	103538140	harbor1	chr9	103358553	103358914	LTR/ERVL-MaLR	1860	-	180	103358733	20593
chr9	103338140	103538140	harbor1	chr9	103363483	103363624	LTR/ERVL-MaLR	596	-	70	103363553	25413
chr9	103338140	103538140	harbor1	chr9	103364049	103364411	LTR/ERVL-MaLR	1343	-	181	103364230	26090
chr9	103338140	103538140	harbor1	chr9	103427328	103427658	LTR/ERVL-MaLR	650	-	165	103427493	89353
chr9	33552175	33752175	harbor1	chr9	33563241	33563563	LTR/ERVL-MaLR	864	-	161	33563402	11227
chr9	33552175	33752175	harbor1	chr9	33578473	33578625	LTR/ERVL-MaLR	511	-	76	33578549	26374
chr9	33552175	33752175	harbor1	chr9	33578890	33579018	LTR/ERVL-MaLR	531	-	64	33578954	26779
chr9	33552175	33752175	harbor1	chr9	33579361	33579512	LTR/ERVL-MaLR	552	-	76	33579437	27262
chr9	33552175	33752175	harbor1	chr9	33581858	33582105	LTR/ERVL-MaLR	736	-	124	33581982	29807
chr9	33552175	33752175	harbor1	chr9	33582430	33582569	LTR/ERVL-MaLR	453	-	70	33582500	30325
chr9	33552175	33752175	harbor1	chr9	33584960	33585203	LTR/ERVL-MaLR	1013	-	122	33585082	32907
chr9	33552175	33752175	harbor1	chr9	33585509	33585659	LTR/ERVL-MaLR	569	-	75	33585584	33409
chr9	33552175	33752175	harbor1	chr9	33588055	33588286	LTR/ERVL-MaLR	908	-	116	33588171	35996
chr9	33552175	33752175	harbor1	chr9	33588613	33588749	LTR/ERVL-MaLR	540	-	68	33588681	36506
chr9	33552175	33752175	harbor1	chr9	33591149	33591381	LTR/ERVL-MaLR	1019	-	116	33591265	39090
chr9	33552175	33752175	harbor1	chr9	33591706	33591849	LTR/ERVL-MaLR	482	-	72	33591778	39603
chr9	33552175	33752175	harbor1	chr9	33594237	33594480	LTR/ERVL-MaLR	919	-	122	33594359	42184
chr9	33552175	33752175	harbor1	chr9	33594779	33594911	LTR/ERVL-MaLR	486	-	66	33594845	42670
chr9	33552175	33752175	harbor1	chr9	33597275	33597516	LTR/ERVL-MaLR	627	-	120	33597395	45220
chr9	66297178	66497178	harbor1	chr9	66316389	66316726	LTR/ERVL-MaLR	1145	-	168	66316557	19379
chr9	66297178	66497178	harbor1	chr9	66340604	66340974	LTR/ERVL-MaLR	1146	-	185	66340789	43611
chr9	66297178	66497178	harbor1	chr9	66370455	66370862	LTR/ERVL-MaLR	772	-	204	66370659	73481
chr9	65148555	65348555	harbor1	chr9	65167858	65168325	LTR/ERVL-MaLR	1159	-	234	65168092	19537
chr9	65148555	65348555	harbor1	chr9	65186404	65186835	LTR/ERVL-MaLR	1255	-	216	65186620	38065
chr9	65148555	65348555	harbor1	chr9	65159059	65159427	LTR/ERVL-MaLR	2127	-	184	65159243	10688
chr9	99822946	100022946	harbor1	chr9	99873823	99874088	LTR/ERVL-MaLR	551	-	132	99873955	51009
chr9	99822946	100022946	harbor1	chr9	99876151	99876531	LTR/ERVL-MaLR	2160	-	190	99876341	53395
chr9	99822946	100022946	harbor1	chr9	99881726	99882291	LTR/ERVL-MaLR	1708	-	282	99882008	59062
chr9	99822946	100022946	harbor1	chr9	99900765	99901118	LTR/ERVL-MaLR	2405	-	176	99900941	77995
chr9	99822946	100022946	harbor1	chr9	99901119	99902694	LTR/ERVL-MaLR	11426	-	788	99901907	78961
chr9	99822946	100022946	harbor1	chr9	99902695	99903075	LTR/ERVL-MaLR	2248	-	190	99902885	79939
chr9	99822946	100022946	harbor1	chr9	99917813	99918064	LTR/ERVL-MaLR	709	-	126	99917939	94993
chr9	93887463	94087463	harbor1	chr9	93892016	93892503	LTR/ERVL-MaLR	983	-	244	93892260	4797
chr9	93887463	94087463	harbor1	chr9	93898274	93898407	LTR/ERVL-MaLR	481	-	66	93898340	10877
chr9	93887463	94087463	harbor1	chr9	93900558	93901157	LTR/ERVL-MaLR	2330	-	300	93900858	13395
chr9	93887463	94087463	harbor1	chr9	93928184	93928572	LTR/ERVL-MaLR	2199	-	194	93928378	40915
chr9	93887463	94087463	harbor1	chr9	93928796	93929060	LTR/ERVL-MaLR	604	-	132	93928928	41465
chr9	93887463	94087463	harbor1	chr9	93931175	93931412	LTR/ERVL-MaLR	432	-	118	93931293	43830
chr9	93887463	94087463	harbor1	chr9	93932638	93933023	LTR/ERVL-MaLR	2329	-	192	93932830	45367
chr9	93887463	94087463	harbor1	chr9	93970945	93971299	LTR/ERVL-MaLR	2499	-	177	93971122	83659
chr9	93887463	94087463	harbor1	chr9	93971301	93972879	LTR/ERVL-MaLR	11602	-	789	93972090	84627
chr9	93887463	94087463	harbor1	chr9	93972880	93973234	LTR/ERVL-MaLR	2652	-	177	93973057	85594
chr9	93887463	94087463	harbor1	chr9	93976313	93976475	LTR/ERVL-MaLR	411	-	81	93976394	88931
chr9	21362181	21562181	harbor1	chr9	21371400	21371790	LTR/ERVL-MaLR	2129	-	195	21371595	9414
chr9	21362181	21562181	harbor1	chr9	21451400	21451520	LTR/ERVL-MaLR	611	-	60	21451460	89279
chr9	124069006	124269006	harbor1	chr9	124080563	124080975	LTR/ERVL-MaLR	979	-	206	124080769	11763
chr9	124069006	124269006	harbor1	chr9	124092955	124093192	LTR/ERVL-MaLR	521	-	118	124093073	24067
chr9	124069006	124269006	harbor1	chr9	124121674	124122047	LTR/ERVL-MaLR	1684	-	186	124121860	52854
chr9	124069006	124269006	harbor1	chr9	124149089	124149381	LTR/ERVL-MaLR	2110	-	146	124149235	80229
chr9	124069006	124269006	harbor1	chr9	124149681	124149756	LTR/ERVL-MaLR	2110	-	38	124149719	80713
chr9	124069006	124269006	harbor1	chr9	124152131	124152319	LTR/ERVL-MaLR	946	-	94	124152225	83219
chr9	124069006	124269006	harbor1	chr9	124152620	124152835	LTR/ERVL-MaLR	946	-	108	124152728	83722
chr9	124069006	124269006	harbor1	chr9	124156432	124156597	LTR/ERVL-MaLR	1083	-	82	124156514	87508
chr9	124069006	124269006	harbor1	chr9	124156660	124156693	LTR/ERVL-MaLR	1083	-	16	124156676	87670
chr9	124069006	124269006	harbor1	chr9	124157281	124157488	LTR/ERVL-MaLR	1083	-	104	124157385	88379
chr9	26128453	26328453	harbor1	chr9	26176703	26176985	LTR/ERVL-MaLR	615	-	141	26176844	48391
chr9	26128453	26328453	harbor1	chr9	26186794	26186915	LTR/ERVL-MaLR	479	-	60	26186854	58401
chr9	26128453	26328453	harbor1	chr9	26191552	26191806	LTR/ERVL-MaLR	1333	-	127	26191679	63226
chr9	67564572	67764572	harbor1	chr9	67592891	67593314	LTR/ERVL-MaLR	1407	-	212	67593103	28531
chr9	67564572	67764572	harbor1	chr9	67603962	67604452	LTR/ERVL-MaLR	868	-	245	67604207	39635
chr9	67564572	67764572	harbor1	chr9	67605037	67605099	LTR/ERVL-MaLR	414	-	31	67605068	40496
chr9	67564572	67764572	harbor1	chr9	67608637	67608924	LTR/ERVL-MaLR	712	-	144	67608781	44209
chr9	30571757	30771757	harbor1	chr9	30599381	30599744	LTR/ERVL-MaLR	1969	-	182	30599563	27806
chr9	30571757	30771757	harbor1	chr9	30599745	30601313	LTR/ERVL-MaLR	10911	-	784	30600529	28772
chr9	30571757	30771757	harbor1	chr9	30601314	30601678	LTR/ERVL-MaLR	1881	-	182	30601496	29739
chr9	30571757	30771757	harbor1	chr9	30645644	30646019	LTR/ERVL-MaLR	1493	-	188	30645832	74075
chr9	100749114	100949114	harbor1	chr9	100752163	100752523	LTR/ERVL-MaLR	2089	-	180	100752343	3229
chr9	100749114	100949114	harbor1	chr9	100752530	100753736	LTR/ERVL-MaLR	10816	-	603	100753133	4019
chr9	100749114	100949114	harbor1	chr9	100754018	100754400	LTR/ERVL-MaLR	10816	-	191	100754209	5095
chr9	100749114	100949114	harbor1	chr9	100754401	100754762	LTR/ERVL-MaLR	2032	-	180	100754581	5467
chr9	100749114	100949114	harbor1	chr9	100769673	100770042	LTR/ERVL-MaLR	1360	-	184	100769857	20743
chr9	100749114	100949114	harbor1	chr9	100772599	100772940	LTR/ERVL-MaLR	1848	-	170	100772769	23655
chr9	100749114	100949114	harbor1	chr9	100815663	100816148	LTR/ERVL-MaLR	447	-	242	100815905	66791
chr9	77686599	77886599	harbor1	chr9	77690001	77690363	LTR/ERVL-MaLR	2379	-	181	77690182	3583
chr9	77686599	77886599	harbor1	chr9	77690366	77691564	LTR/ERVL-MaLR	12522	-	599	77690965	4366
chr9	77686599	77886599	harbor1	chr9	77691880	77692281	LTR/ERVL-MaLR	12522	-	200	77692080	5481
chr9	77686599	77886599	harbor1	chr9	77692282	77692647	LTR/ERVL-MaLR	2143	-	182	77692464	5865
chr9	120819187	121019187	harbor1	chr9	120917496	120917860	LTR/ERVL-MaLR	1625	-	182	120917678	98491
chr9	120819187	121019187	harbor1	chr9	120918219	120918297	LTR/ERVL-MaLR	462	-	39	120918258	99071
chr9	92345684	92545684	harbor1	chr9	92406483	92406846	LTR/ERVL-MaLR	1188	-	182	92406665	60981
chr9	92345684	92545684	harbor1	chr9	92433057	92433205	LTR/ERVL-MaLR	844	-	74	92433131	87447
chr9	92345684	92545684	harbor1	chr9	92433252	92433354	LTR/ERVL-MaLR	520	-	51	92433303	87619
chr9	130370027	130570027	harbor1	chr9	130387244	130387701	LTR/ERVL-MaLR	752	-	228	130387472	17445
chr9	130370027	130570027	harbor1	chr9	130396566	130396826	LTR/ERVL-MaLR	636	-	130	130396696	26669
chr9	130370027	130570027	harbor1	chr9	130397055	130397417	LTR/ERVL-MaLR	2455	-	181	130397236	27209
chr9	130370027	130570027	harbor1	chr9	130420442	130420470	LTR/ERVL-MaLR	1850	-	14	130420456	50429
chr9	130370027	130570027	harbor1	chr9	130420502	130420893	LTR/ERVL-MaLR	1850	-	196	130420698	50671
chr9	130370027	130570027	harbor1	chr9	130452911	130453058	LTR/ERVL-MaLR	563	-	74	130452985	82958
chr9	130370027	130570027	harbor1	chr9	130459064	130459449	LTR/ERVL-MaLR	1041	-	192	130459256	89229
chr9	130370027	130570027	harbor1	chr9	130459735	130459834	LTR/ERVL-MaLR	1041	-	50	130459785	89758
chr9	6225801	6425801	harbor1	chr9	6242795	6243179	LTR/ERVL-MaLR	2130	-	192	6242987	17186
chr9	6225801	6425801	harbor1	chr9	6253787	6254127	LTR/ERVL-MaLR	658	-	170	6253957	28156
chr9	6225801	6425801	harbor1	chr9	6255498	6255587	LTR/ERVL-MaLR	478	-	44	6255542	29741
chr9	6225801	6425801	harbor1	chr9	6269519	6269866	LTR/ERVL-MaLR	1739	-	174	6269693	43892
chr9	6225801	6425801	harbor1	chr9	6313108	6313483	LTR/ERVL-MaLR	2004	-	188	6313296	87495
chr9	6225801	6425801	harbor1	chr9	6323244	6323626	LTR/ERVL-MaLR	2044	-	191	6323435	97634
chr9	6225801	6425801	harbor1	chr9	6242259	6242310	LTR/ERVL-MaLR	2130	-	26	6242285	16484
chr9	70478800	70678800	harbor1	chr9	70491374	70491673	LTR/ERVL-MaLR	459	-	150	70491524	12724
chr9	70478800	70678800	harbor1	chr9	70495539	70495704	LTR/ERVL-MaLR	470	-	82	70495621	16821
chr9	70478800	70678800	harbor1	chr9	70523810	70524029	LTR/ERVL-MaLR	2230	-	110	70523920	45120
chr9	70478800	70678800	harbor1	chr9	70524325	70524500	LTR/ERVL-MaLR	2230	-	88	70524413	45613
chr9	70478800	70678800	harbor1	chr9	70524850	70525333	LTR/ERVL-MaLR	2312	-	242	70525092	46292
chr9	11499007	11699007	harbor1	chr9	11581198	11581523	LTR/ERVL-MaLR	1323	-	162	11581360	82353
chr9	26585234	26785234	harbor1	chr9	26589586	26589941	LTR/ERVL-MaLR	2135	-	178	26589764	4530
chr9	26585234	26785234	harbor1	chr9	26591365	26591728	LTR/ERVL-MaLR	1784	-	182	26591547	6313
chr9	26585234	26785234	harbor1	chr9	26591729	26591831	LTR/ERVL-MaLR	10441	-	51	26591780	6546
chr9	26585234	26785234	harbor1	chr9	26591832	26592190	LTR/ERVL-MaLR	2210	-	179	26592011	6777
chr9	26585234	26785234	harbor1	chr9	26614934	26615385	LTR/ERVL-MaLR	784	-	226	26615160	29926
chr9	26585234	26785234	harbor1	chr9	26634100	26634471	LTR/ERVL-MaLR	2458	-	186	26634286	49052
chr9	26585234	26785234	harbor1	chr9	26651512	26651863	LTR/ERVL-MaLR	2063	-	176	26651688	66454
chr9	26585234	26785234	harbor1	chr9	26657251	26657499	LTR/ERVL-MaLR	630	-	124	26657375	72141
chr9	26585234	26785234	harbor1	chr9	26589942	26591364	LTR/ERVL-MaLR	10441	-	711	26590653	5419
chr9	99559588	99759588	harbor1	chr9	99563871	99564376	LTR/ERVL-MaLR	2009	-	252	99564123	4535
chr9	99559588	99759588	harbor1	chr9	99568379	99568538	LTR/ERVL-MaLR	431	-	80	99568459	8871
chr9	99559588	99759588	harbor1	chr9	99590310	99590651	LTR/ERVL-MaLR	1155	-	170	99590480	30892
chr9	99559588	99759588	harbor1	chr9	99636343	99636627	LTR/ERVL-MaLR	1793	-	142	99636485	76897
chr9	99559588	99759588	harbor1	chr9	99636715	99636982	LTR/ERVL-MaLR	1793	-	134	99636849	77261
chr9	99559588	99759588	harbor1	chr9	99641744	99641934	LTR/ERVL-MaLR	906	-	95	99641839	82251
chr9	115316730	115516730	harbor1	chr9	115336774	115337253	LTR/ERVL-MaLR	1607	-	240	115337014	20284
chr9	115316730	115516730	harbor1	chr9	115346891	115347066	LTR/ERVL-MaLR	1224	-	88	115346979	30249
chr9	115316730	115516730	harbor1	chr9	115347071	115347375	LTR/ERVL-MaLR	11920	-	152	115347223	30493
chr9	115316730	115516730	harbor1	chr9	115347709	115348987	LTR/ERVL-MaLR	11920	-	639	115348348	31618
chr9	115316730	115516730	harbor1	chr9	115348989	115349354	LTR/ERVL-MaLR	2321	-	182	115349171	32441
chr9	115316730	115516730	harbor1	chr9	115370587	115371009	LTR/ERVL-MaLR	897	-	211	115370798	54068
chr9	115316730	115516730	harbor1	chr9	115371950	115372338	LTR/ERVL-MaLR	1476	-	194	115372144	55414
chr9	115316730	115516730	harbor1	chr9	115380236	115381237	LTR/ERVL-MaLR	7148	-	500	115380736	64006
chr9	115316730	115516730	harbor1	chr9	115381238	115381592	LTR/ERVL-MaLR	2938	-	177	115381415	64685
chr9	115316730	115516730	harbor1	chr9	115400289	115400659	LTR/ERVL-MaLR	1477	-	185	115400474	83744
chr9	115316730	115516730	harbor1	chr9	115375952	115376330	LTR/ERVL-MaLR	2510	-	189	115376141	59411
chr9	118473862	118673862	harbor1	chr9	118519658	118520037	LTR/ERVL-MaLR	2244	-	190	118519848	45986
chr9	118473862	118673862	harbor1	chr9	118523416	118523642	LTR/ERVL-MaLR	525	-	113	118523529	49667
chr9	118473862	118673862	harbor1	chr9	118535336	118535442	LTR/ERVL-MaLR	457	-	53	118535389	61527
chr9	118473862	118673862	harbor1	chr9	118535443	118535865	LTR/ERVL-MaLR	1538	-	211	118535654	61792
chr9	118473862	118673862	harbor1	chr9	118535866	118535987	LTR/ERVL-MaLR	457	-	60	118535926	62064
chr9	118473862	118673862	harbor1	chr9	118545638	118546018	LTR/ERVL-MaLR	2724	-	190	118545828	71966
chr9	128502440	128702440	harbor1	chr9	128532505	128532720	LTR/ERVL-MaLR	439	-	108	128532613	30173
chr9	90208311	90408311	harbor1	chr9	90298021	90298164	LTR/ERVL-MaLR	670	-	72	90298093	89782
chr9	41240632	41440632	harbor1	chr9	41248414	41248858	LTR/ERVL-MaLR	582	-	222	41248636	8004
chr9	41240632	41440632	harbor1	chr9	41331201	41331387	LTR/ERVL-MaLR	1194	-	93	41331294	90662
chr9	36546922	36746922	harbor1	chr9	36590239	36590577	LTR/ERVL-MaLR	1666	-	169	36590408	43486
chr9	36546922	36746922	harbor1	chr9	36636165	36636221	LTR/ERVL-MaLR	1078	-	28	36636193	89271
chr9	36546922	36746922	harbor1	chr9	36636528	36636728	LTR/ERVL-MaLR	1078	-	100	36636628	89706
chr9	36546922	36746922	harbor1	chr9	36637132	36637269	LTR/ERVL-MaLR	1078	-	68	36637200	90278
chr9	36546922	36746922	harbor1	chr9	36640150	36640433	LTR/ERVL-MaLR	1162	-	142	36640292	93370
chr9	36546922	36746922	harbor1	chr9	36640738	36640884	LTR/ERVL-MaLR	1162	-	73	36640811	93889
chr9	133282205	133482205	harbor1	chr9	133286921	133287096	LTR/ERVL-MaLR	866	-	88	133287009	4804
chr9	17834613	18034613	harbor1	chr9	17849661	17850052	LTR/ERVL-MaLR	1038	-	196	17849857	15244
chr9	17834613	18034613	harbor1	chr9	17852461	17852816	LTR/ERVL-MaLR	1645	-	178	17852639	18026
chr9	17834613	18034613	harbor1	chr9	17874459	17874873	LTR/ERVL-MaLR	2849	-	207	17874666	40053
chr9	17834613	18034613	harbor1	chr9	17888960	17889349	LTR/ERVL-MaLR	2523	-	194	17889154	54541
chr9	17834613	18034613	harbor1	chr9	17889390	17889832	LTR/ERVL-MaLR	1569	-	221	17889611	54998
chr9	17834613	18034613	harbor1	chr9	17926306	17926565	LTR/ERVL-MaLR	512	-	130	17926436	91823
chr9	17834613	18034613	harbor1	chr9	17930078	17930395	LTR/ERVL-MaLR	787	-	158	17930236	95623
chr9	17834613	18034613	harbor1	chr9	17933048	17933417	LTR/ERVL-MaLR	645	-	184	17933232	98619
chr9	17834613	18034613	harbor1	chr9	17933522	17933901	LTR/ERVL-MaLR	2130	-	190	17933712	99099
chr9	35464954	35664954	harbor1	chr9	35466795	35467029	LTR/ERVL-MaLR	1366	-	117	35466912	1958
chr9	35464954	35664954	harbor1	chr9	35467344	35467529	LTR/ERVL-MaLR	1366	-	92	35467436	2482
chr9	35464954	35664954	harbor1	chr9	35467552	35467700	LTR/ERVL-MaLR	662	-	74	35467626	2672
chr9	35464954	35664954	harbor1	chr9	35467703	35468345	LTR/ERVL-MaLR	2993	-	321	35468024	3070
chr9	35464954	35664954	harbor1	chr9	35468472	35468704	LTR/ERVL-MaLR	2993	-	116	35468588	3634
chr9	35464954	35664954	harbor1	chr9	35486663	35487090	LTR/ERVL-MaLR	715	-	214	35486877	21923
chr9	35464954	35664954	harbor1	chr9	35500148	35500463	LTR/ERVL-MaLR	1859	-	158	35500306	35352
chr9	35464954	35664954	harbor1	chr9	35500469	35500556	LTR/ERVL-MaLR	534	-	44	35500513	35559
chr9	35464954	35664954	harbor1	chr9	35514634	35515088	LTR/ERVL-MaLR	1542	-	227	35514861	49907
chr9	122046153	122246153	harbor1	chr9	122059628	122060239	LTR/ERVL-MaLR	1649	-	306	122059934	13781
chr9	122046153	122246153	harbor1	chr9	122060894	122061351	LTR/ERVL-MaLR	2007	-	228	122061122	14969
chr9	122046153	122246153	harbor1	chr9	122066736	122067099	LTR/ERVL-MaLR	2404	-	182	122066918	20765
chr9	122046153	122246153	harbor1	chr9	122105724	122105765	LTR/ERVL-MaLR	2483	-	20	122105744	59591
chr9	122046153	122246153	harbor1	chr9	122106069	122106415	LTR/ERVL-MaLR	2483	-	173	122106242	60089
chr9	122046153	122246153	harbor1	chr9	122117232	122117599	LTR/ERVL-MaLR	2823	-	184	122117416	71263
chr9	133890793	134090793	harbor1	chr9	133951835	133952195	LTR/ERVL-MaLR	1069	-	180	133952015	61222
chr9	65716215	65916215	harbor1	chr9	65740806	65740933	LTR/ERVL-MaLR	682	-	64	65740870	24655
chr9	65716215	65916215	harbor1	chr9	65748018	65748355	LTR/ERVL-MaLR	2101	-	168	65748186	31971
chr9	65716215	65916215	harbor1	chr9	65751231	65751472	LTR/ERVL-MaLR	1080	-	120	65751351	35136
chr9	65716215	65916215	harbor1	chr9	65751774	65752044	LTR/ERVL-MaLR	1080	-	135	65751909	35694
chr9	65716215	65916215	harbor1	chr9	65753672	65753951	LTR/ERVL-MaLR	1305	-	140	65753812	37597
chr9	65716215	65916215	harbor1	chr9	65768160	65768612	LTR/ERVL-MaLR	1293	-	226	65768386	52171
chr9	65716215	65916215	harbor1	chr9	65790746	65791351	LTR/ERVL-MaLR	1375	-	302	65791048	74833
chr9	65716215	65916215	harbor1	chr9	65796719	65796864	LTR/ERVL-MaLR	623	-	72	65796791	80576
chr9	91234380	91434380	harbor1	chr9	91238258	91238551	LTR/ERVL-MaLR	631	-	146	91238404	4024
chr9	91234380	91434380	harbor1	chr9	91241931	91242073	LTR/ERVL-MaLR	433	-	71	91242002	7622
chr9	91234380	91434380	harbor1	chr9	91279386	91279786	LTR/ERVL-MaLR	2233	-	200	91279586	45206
chr9	91234380	91434380	harbor1	chr9	91290920	91291279	LTR/ERVL-MaLR	1182	-	180	91291100	56720
chr9	91234380	91434380	harbor1	chr9	91309215	91309327	LTR/ERVL-MaLR	705	-	56	91309271	74891
chr9	100686419	100886419	harbor1	chr9	100690162	100690647	LTR/ERVL-MaLR	2345	-	242	100690404	3985
chr9	100686419	100886419	harbor1	chr9	100711396	100711759	LTR/ERVL-MaLR	2294	-	182	100711578	25159
chr9	100686419	100886419	harbor1	chr9	100713369	100713723	LTR/ERVL-MaLR	2330	-	177	100713546	27127
chr9	100686419	100886419	harbor1	chr9	100716789	100717135	LTR/ERVL-MaLR	1603	-	173	100716962	30543
chr9	100686419	100886419	harbor1	chr9	100719623	100719978	LTR/ERVL-MaLR	2028	-	178	100719801	33382
chr9	100686419	100886419	harbor1	chr9	100752163	100752523	LTR/ERVL-MaLR	2089	-	180	100752343	65924
chr9	100686419	100886419	harbor1	chr9	100752530	100753736	LTR/ERVL-MaLR	10816	-	603	100753133	66714
chr9	100686419	100886419	harbor1	chr9	100754018	100754400	LTR/ERVL-MaLR	10816	-	191	100754209	67790
chr9	100686419	100886419	harbor1	chr9	100754401	100754762	LTR/ERVL-MaLR	2032	-	180	100754581	68162
chr9	100686419	100886419	harbor1	chr9	100769673	100770042	LTR/ERVL-MaLR	1360	-	184	100769857	83438
chr9	100686419	100886419	harbor1	chr9	100772599	100772940	LTR/ERVL-MaLR	1848	-	170	100772769	86350
chr9	100686419	100886419	harbor1	chr9	100711762	100713367	LTR/ERVL-MaLR	12613	-	802	100712564	26145
chr9	119495040	119695040	harbor1	chr9	119539377	119539630	LTR/ERVL-MaLR	678	-	126	119539503	44463
chr9	119495040	119695040	harbor1	chr9	119539668	119539809	LTR/ERVL-MaLR	425	-	70	119539738	44698
chr9	119495040	119695040	harbor1	chr9	119552770	119553143	LTR/ERVL-MaLR	2280	-	186	119552956	57916
chr9	42035476	42235476	harbor1	chr9	42064239	42064403	LTR/ERVL-MaLR	754	-	82	42064321	28845
chr9	42035476	42235476	harbor1	chr9	42074901	42075338	LTR/ERVL-MaLR	1390	-	218	42075119	39643
chr9	42035476	42235476	harbor1	chr9	42085994	42086354	LTR/ERVL-MaLR	2100	-	180	42086174	50698
chr9	109986587	110186587	harbor1	chr9	109987579	109988019	LTR/ERVL-MaLR	1064	-	220	109987799	1212
chr9	109986587	110186587	harbor1	chr9	109991988	109992407	LTR/ERVL-MaLR	1540	-	210	109992198	5611
chr9	109986587	110186587	harbor1	chr9	109993254	109993637	LTR/ERVL-MaLR	692	-	192	109993446	6859
chr9	109986587	110186587	harbor1	chr9	109995427	109995784	LTR/ERVL-MaLR	2597	-	178	109995605	9018
chr9	109986587	110186587	harbor1	chr9	110008621	110009045	LTR/ERVL-MaLR	1092	-	212	110008833	22246
chr9	109986587	110186587	harbor1	chr9	110055522	110055662	LTR/ERVL-MaLR	863	-	70	110055592	69005
chr9	109986587	110186587	harbor1	chr9	110062684	110062765	LTR/ERVL-MaLR	2058	-	40	110062724	76137
chr9	109986587	110186587	harbor1	chr9	110063282	110063433	LTR/ERVL-MaLR	2058	-	76	110063358	76771
chr9	109986587	110186587	harbor1	chr9	110063743	110063932	LTR/ERVL-MaLR	2058	-	94	110063837	77250
chr9	69343718	69543718	harbor1	chr9	69355568	69355895	LTR/ERVL-MaLR	527	-	164	69355732	12014
chr9	69343718	69543718	harbor1	chr9	69400673	69401192	LTR/ERVL-MaLR	2059	-	260	69400933	57215
chr9	69343718	69543718	harbor1	chr9	69401231	69401280	LTR/ERVL-MaLR	1496	-	24	69401255	57537
chr9	69343718	69543718	harbor1	chr9	69401560	69401943	LTR/ERVL-MaLR	1496	-	192	69401752	58034
chr9	93540116	93740116	harbor1	chr9	93632399	93632758	LTR/ERVL-MaLR	2168	-	180	93632579	92463
chr9	132821788	133021788	harbor1	chr9	132840118	132840219	LTR/ERVL-MaLR	613	-	50	132840168	18380
chr9	132821788	133021788	harbor1	chr9	132842597	132843108	LTR/ERVL-MaLR	1279	-	256	132842853	21065
chr9	84448714	84648714	harbor1	chr9	84474083	84474444	LTR/ERVL-MaLR	653	-	180	84474263	25549
chr9	84448714	84648714	harbor1	chr9	84476820	84477225	LTR/ERVL-MaLR	2190	-	202	84477022	28308
chr9	84448714	84648714	harbor1	chr9	84477324	84477470	LTR/ERVL-MaLR	452	-	73	84477397	28683
chr9	84448714	84648714	harbor1	chr9	84500071	84500608	LTR/ERVL-MaLR	1833	-	268	84500339	51625
chr9	84448714	84648714	harbor1	chr9	84503569	84503905	LTR/ERVL-MaLR	779	-	168	84503737	55023
chr9	84448714	84648714	harbor1	chr9	84505900	84506322	LTR/ERVL-MaLR	2782	-	211	84506111	57397
chr9	84448714	84648714	harbor1	chr9	84512713	84512958	LTR/ERVL-MaLR	435	-	122	84512835	64121
chr9	60909824	61109824	harbor1	chr9	60930984	60931057	LTR/ERVL-MaLR	544	-	36	60931020	21196
chr9	60909824	61109824	harbor1	chr9	60931462	60931794	LTR/ERVL-MaLR	1711	-	166	60931628	21804
chr9	60909824	61109824	harbor1	chr9	60940568	60940931	LTR/ERVL-MaLR	1881	-	182	60940750	30926
chr9	60909824	61109824	harbor1	chr9	60951716	60952037	LTR/ERVL-MaLR	599	-	160	60951876	42052
chr9	60909824	61109824	harbor1	chr9	60963767	60963998	LTR/ERVL-MaLR	1068	-	116	60963883	54059
chr9	60909824	61109824	harbor1	chr9	60965711	60966073	LTR/ERVL-MaLR	2745	-	181	60965892	56068
chr9	13629385	13829385	harbor1	chr9	13637858	13638348	LTR/ERVL-MaLR	1619	-	245	13638103	8718
chr9	13629385	13829385	harbor1	chr9	13653538	13653843	LTR/ERVL-MaLR	690	-	152	13653690	24305
chr9	13629385	13829385	harbor1	chr9	13654026	13654291	LTR/ERVL-MaLR	562	-	132	13654158	24773
chr9	13629385	13829385	harbor1	chr9	13654594	13654708	LTR/ERVL-MaLR	561	-	57	13654651	25266
chr9	13629385	13829385	harbor1	chr9	13665453	13665908	LTR/ERVL-MaLR	1395	-	228	13665681	36296
chr9	13629385	13829385	harbor1	chr9	13672651	13673088	LTR/ERVL-MaLR	1557	-	218	13672869	43484
chr9	13629385	13829385	harbor1	chr9	13683526	13683905	LTR/ERVL-MaLR	2089	-	190	13683716	54331
chr9	13629385	13829385	harbor1	chr9	13686220	13686568	LTR/ERVL-MaLR	2060	-	174	13686394	57009
chr9	13629385	13829385	harbor1	chr9	13719357	13719707	LTR/ERVL-MaLR	698	-	175	13719532	90147
chr9	76511411	76711411	harbor1	chr9	76543737	76544039	LTR/ERVL-MaLR	824	-	151	76543888	32477
chr9	76511411	76711411	harbor1	chr9	76544415	76544746	LTR/ERVL-MaLR	2111	-	166	76544581	33170
chr9	76511411	76711411	harbor1	chr9	76570900	76571167	LTR/ERVL-MaLR	1415	-	134	76571034	59623
chr9	76511411	76711411	harbor1	chr9	76583500	76584424	LTR/ERVL-MaLR	4587	-	462	76583962	72551
chr9	76511411	76711411	harbor1	chr9	76584564	76584650	LTR/ERVL-MaLR	816	-	43	76584607	73196
chr9	76511411	76711411	harbor1	chr9	76585697	76585767	LTR/ERVL-MaLR	816	-	35	76585732	74321
chr9	76511411	76711411	harbor1	chr9	76585768	76586209	LTR/ERVL-MaLR	1344	-	220	76585988	74577
chr9	76511411	76711411	harbor1	chr9	76603379	76603912	LTR/ERVL-MaLR	2799	-	266	76603645	92234
chr9	76511411	76711411	harbor1	chr9	76604464	76604667	LTR/ERVL-MaLR	1208	-	102	76604566	93155
chr9	76511411	76711411	harbor1	chr9	76604983	76605011	LTR/ERVL-MaLR	1208	-	14	76604997	93586
chr9	76511411	76711411	harbor1	chr9	76605134	76605288	LTR/ERVL-MaLR	1208	-	77	76605211	93800
chr9	76511411	76711411	harbor1	chr9	76605556	76606003	LTR/ERVL-MaLR	671	-	224	76605780	94369
chr9	84876539	85076539	harbor1	chr9	84910191	84910606	LTR/ERVL-MaLR	1300	-	208	84910399	33860
chr9	84876539	85076539	harbor1	chr9	84939699	84940251	LTR/ERVL-MaLR	1670	-	276	84939975	63436
chr9	84876539	85076539	harbor1	chr9	84946657	84946956	LTR/ERVL-MaLR	2247	-	150	84946807	70268
chr9	84876539	85076539	harbor1	chr9	84947256	84947423	LTR/ERVL-MaLR	2247	-	84	84947340	70801
chr9	84876539	85076539	harbor1	chr9	84955575	84955964	LTR/ERVL-MaLR	1878	-	194	84955769	79230
chr9	84876539	85076539	harbor1	chr9	84976107	84976475	LTR/ERVL-MaLR	1250	-	184	84976291	99752
chr9	24480570	24680570	harbor1	chr9	24538989	24539237	LTR/ERVL-MaLR	578	-	124	24539113	58543
chr9	24480570	24680570	harbor1	chr9	24571755	24572118	LTR/ERVL-MaLR	1885	-	182	24571937	91367
chr9	40317669	40517669	harbor1	chr9	40318053	40318296	LTR/ERVL-MaLR	872	-	122	40318175	506
chr9	40317669	40517669	harbor1	chr9	40318603	40318742	LTR/ERVL-MaLR	544	-	70	40318673	1004
chr9	40317669	40517669	harbor1	chr9	40321113	40321355	LTR/ERVL-MaLR	897	-	121	40321234	3565
chr9	40317669	40517669	harbor1	chr9	40363719	40364137	LTR/ERVL-MaLR	1222	-	209	40363928	46259
chr9	40317669	40517669	harbor1	chr9	40367048	40367403	LTR/ERVL-MaLR	1438	-	178	40367226	49557
chr9	40317669	40517669	harbor1	chr9	40370184	40370555	LTR/ERVL-MaLR	2069	-	186	40370370	52701
chr9	40317669	40517669	harbor1	chr9	40370982	40371308	LTR/ERVL-MaLR	1066	-	163	40371145	53476
chr9	107607690	107807690	harbor1	chr9	107622669	107623051	LTR/ERVL-MaLR	1212	-	191	107622860	15170
chr9	81166457	81366457	harbor1	chr9	81186576	81186620	LTR/ERVL-MaLR	1275	-	22	81186598	20141
chr9	81166457	81366457	harbor1	chr9	81187325	81187514	LTR/ERVL-MaLR	1275	-	94	81187419	20962
chr9	81166457	81366457	harbor1	chr9	81187824	81187983	LTR/ERVL-MaLR	1275	-	80	81187904	21447
chr9	81166457	81366457	harbor1	chr9	81188431	81188651	LTR/ERVL-MaLR	538	-	110	81188541	22084
chr9	81166457	81366457	harbor1	chr9	81192544	81192910	LTR/ERVL-MaLR	1753	-	183	81192727	26270
chr9	126244659	126444659	harbor1	chr9	126249924	126250010	LTR/ERVL-MaLR	693	-	43	126249967	5308
chr9	126244659	126444659	harbor1	chr9	126250129	126250480	LTR/ERVL-MaLR	2368	-	176	126250305	5646
chr9	126244659	126444659	harbor1	chr9	126303471	126303805	LTR/ERVL-MaLR	871	-	167	126303638	58979
chr9	126244659	126444659	harbor1	chr9	126306848	126307236	LTR/ERVL-MaLR	2286	-	194	126307042	62383
chr9	126244659	126444659	harbor1	chr9	126311170	126311211	LTR/ERVL-MaLR	2713	-	20	126311190	66531
chr9	126244659	126444659	harbor1	chr9	126311515	126311914	LTR/ERVL-MaLR	2713	-	200	126311715	67056
chr9	126244659	126444659	harbor1	chr9	126312419	126312780	LTR/ERVL-MaLR	967	-	180	126312599	67940
chr9	133275748	133475748	harbor1	chr9	133286921	133287096	LTR/ERVL-MaLR	866	-	88	133287009	11261
chr9	42814263	43014263	harbor1	chr9	42833247	42833596	LTR/ERVL-MaLR	1149	-	174	42833421	19158
chr9	42814263	43014263	harbor1	chr9	42907742	42908111	LTR/ERVL-MaLR	625	-	184	42907926	93663
chr9	106434740	106634740	harbor1	chr9	106453753	106454202	LTR/ERVL-MaLR	1787	-	224	106453977	19237
chr9	106434740	106634740	harbor1	chr9	106486442	106486786	LTR/ERVL-MaLR	1234	-	172	106486614	51874
chr9	106434740	106634740	harbor1	chr9	106505592	106506073	LTR/ERVL-MaLR	1719	-	240	106505832	71092
chr9	106434740	106634740	harbor1	chr9	106513698	106514060	LTR/ERVL-MaLR	1410	-	181	106513879	79139
chr9	71323909	71523909	harbor1	chr9	71418220	71418321	LTR/ERVL-MaLR	433	-	50	71418270	94361
chr9	37212323	37412323	harbor1	chr9	37298282	37298382	LTR/ERVL-MaLR	619	-	50	37298332	86009
chr9	81054815	81254815	harbor1	chr9	81081064	81081454	LTR/ERVL-MaLR	2109	-	195	81081259	26444
chr9	81054815	81254815	harbor1	chr9	81111254	81111753	LTR/ERVL-MaLR	2024	-	250	81111504	56689
chr9	81054815	81254815	harbor1	chr9	81140189	81140322	LTR/ERVL-MaLR	429	-	66	81140255	85440
chr9	81054815	81254815	harbor1	chr9	81140472	81140736	LTR/ERVL-MaLR	695	-	132	81140604	85789
chr9	81054815	81254815	harbor1	chr9	81143137	81143535	LTR/ERVL-MaLR	914	-	199	81143336	88521
chr9	81054815	81254815	harbor1	chr9	81152725	81152969	LTR/ERVL-MaLR	946	-	122	81152847	98032
chr9	81054815	81254815	harbor1	chr9	81153135	81153233	LTR/ERVL-MaLR	553	-	49	81153184	98369
chr9	81054815	81254815	harbor1	chr9	81100715	81101221	LTR/ERVL-MaLR	839	-	253	81100968	46153
chr9	89878800	90078800	harbor1	chr9	89879657	89879788	LTR/ERVL-MaLR	518	-	66	89879723	923
chr9	89878800	90078800	harbor1	chr9	89888073	89888167	LTR/ERVL-MaLR	422	-	47	89888120	9320
chr9	89878800	90078800	harbor1	chr9	89924934	89925364	LTR/ERVL-MaLR	1638	-	215	89925149	46349
chr9	89878800	90078800	harbor1	chr9	89948442	89948670	LTR/ERVL-MaLR	2142	-	114	89948556	69756
chr9	89878800	90078800	harbor1	chr9	89952602	89952952	LTR/ERVL-MaLR	1197	-	175	89952777	73977
chr9	89878800	90078800	harbor1	chr9	89953360	89953431	LTR/ERVL-MaLR	1197	-	36	89953396	74596
chr9	89878800	90078800	harbor1	chr9	89947979	89948172	LTR/ERVL-MaLR	2142	-	96	89948075	69275
chr9	114236316	114436316	harbor1	chr9	114305536	114305843	LTR/ERVL-MaLR	564	-	154	114305690	69374
chr9	114236316	114436316	harbor1	chr9	114312617	114313027	LTR/ERVL-MaLR	1382	-	205	114312822	76506
chr9	105025159	105225159	harbor1	chr9	105040267	105040693	LTR/ERVL-MaLR	1499	-	213	105040480	15321
chr9	105025159	105225159	harbor1	chr9	105050371	105050674	LTR/ERVL-MaLR	647	-	152	105050523	25364
chr9	105025159	105225159	harbor1	chr9	105105687	105105735	LTR/ERVL-MaLR	2057	-	24	105105711	80552
chr9	105025159	105225159	harbor1	chr9	105106033	105106054	LTR/ERVL-MaLR	2057	-	10	105106043	80884
chr9	105025159	105225159	harbor1	chr9	105106360	105106723	LTR/ERVL-MaLR	2057	-	182	105106542	81383
chr9	105025159	105225159	harbor1	chr9	105111749	105111815	LTR/ERVL-MaLR	1076	-	33	105111782	86623
chr9	105025159	105225159	harbor1	chr9	105112118	105112422	LTR/ERVL-MaLR	1076	-	152	105112270	87111
chr9	105025159	105225159	harbor1	chr9	105121105	105121170	LTR/ERVL-MaLR	873	-	32	105121137	95978
chr9	105025159	105225159	harbor1	chr9	105121479	105121650	LTR/ERVL-MaLR	873	-	86	105121565	96406
chr9	105025159	105225159	harbor1	chr9	105122218	105122352	LTR/ERVL-MaLR	592	-	67	105122285	97126
chr9	73838518	74038518	harbor1	chr9	73921141	73921485	LTR/ERVL-MaLR	2424	-	172	73921313	82795
chr9	111042351	111242351	harbor1	chr9	111051365	111051746	LTR/ERVL-MaLR	1912	-	190	111051555	9204
chr9	111042351	111242351	harbor1	chr9	111074331	111074744	LTR/ERVL-MaLR	2328	-	206	111074537	32186
chr9	111042351	111242351	harbor1	chr9	111086120	111086247	LTR/ERVL-MaLR	487	-	64	111086184	43833
chr9	111042351	111242351	harbor1	chr9	111092106	111092460	LTR/ERVL-MaLR	2826	-	177	111092283	49932
chr9	111042351	111242351	harbor1	chr9	111106500	111106965	LTR/ERVL-MaLR	1363	-	232	111106732	64381
chr9	111042351	111242351	harbor1	chr9	111117894	111118283	LTR/ERVL-MaLR	1863	-	194	111118088	75737
chr9	111042351	111242351	harbor1	chr9	111119458	111119819	LTR/ERVL-MaLR	2637	-	180	111119638	77287
chr9	111042351	111242351	harbor1	chr9	111119822	111121370	LTR/ERVL-MaLR	10116	-	774	111120596	78245
chr9	111042351	111242351	harbor1	chr9	111121372	111121739	LTR/ERVL-MaLR	2353	-	184	111121556	79205
chr9	105415116	105615116	harbor1	chr9	105439876	105440235	LTR/ERVL-MaLR	1862	-	180	105440056	24940
chr9	105415116	105615116	harbor1	chr9	105443164	105443525	LTR/ERVL-MaLR	2315	-	180	105443344	28228
chr9	105415116	105615116	harbor1	chr9	105485141	105485496	LTR/ERVL-MaLR	877	-	178	105485319	70203
chr9	70000999	70200999	harbor1	chr9	70024502	70024860	LTR/ERVL-MaLR	2418	-	179	70024681	23682
chr9	70000999	70200999	harbor1	chr9	70026454	70026825	LTR/ERVL-MaLR	2763	-	186	70026640	25641
chr9	70000999	70200999	harbor1	chr9	70029211	70029459	LTR/ERVL-MaLR	1531	-	124	70029335	28336
chr9	70000999	70200999	harbor1	chr9	70036050	70036233	LTR/ERVL-MaLR	852	-	92	70036142	35143
chr9	70000999	70200999	harbor1	chr9	70039727	70040149	LTR/ERVL-MaLR	1168	-	211	70039938	38939
chr9	70000999	70200999	harbor1	chr9	70074914	70075051	LTR/ERVL-MaLR	608	-	68	70074982	73983
chr9	70000999	70200999	harbor1	chr9	70087205	70087786	LTR/ERVL-MaLR	1594	-	290	70087495	86496
chr9	70000999	70200999	harbor1	chr9	70096381	70096682	LTR/ERVL-MaLR	492	-	150	70096531	95532
chr9	70000999	70200999	harbor1	chr9	70024861	70026453	LTR/ERVL-MaLR	10145	-	796	70025657	24658
chr9	9937719	10137719	harbor1	chr9	9972534	9973007	LTR/ERVL-MaLR	1966	-	236	9972770	35051
chr9	9937719	10137719	harbor1	chr9	9987296	9987625	LTR/ERVL-MaLR	1755	-	164	9987460	49741
chr9	41131706	41331706	harbor1	chr9	41196089	41196314	LTR/ERVL-MaLR	1274	-	112	41196201	64495
chr9	41131706	41331706	harbor1	chr9	41198745	41199067	LTR/ERVL-MaLR	2012	-	161	41198906	67200
chr9	41131706	41331706	harbor1	chr9	41199068	41200631	LTR/ERVL-MaLR	11274	-	782	41199850	68144
chr9	41131706	41331706	harbor1	chr9	41200632	41200974	LTR/ERVL-MaLR	2204	-	171	41200803	69097
chr9	41131706	41331706	harbor1	chr9	41211027	41211362	LTR/ERVL-MaLR	2210	-	168	41211195	79489
chr9	12860986	13060986	harbor1	chr9	12886463	12886874	LTR/ERVL-MaLR	2149	-	206	12886669	25683
chr9	12860986	13060986	harbor1	chr9	12893667	12894021	LTR/ERVL-MaLR	2064	-	177	12893844	32858
chr9	12860986	13060986	harbor1	chr9	12912749	12913258	LTR/ERVL-MaLR	1573	-	254	12913003	52017
chr9	12860986	13060986	harbor1	chr9	12929749	12930021	LTR/ERVL-MaLR	645	-	136	12929885	68899
chr9	12860986	13060986	harbor1	chr9	12954276	12954776	LTR/ERVL-MaLR	2337	-	250	12954526	93540
chr9	122016555	122216555	harbor1	chr9	122026942	122027341	LTR/ERVL-MaLR	2650	-	200	122027142	10587
chr9	122016555	122216555	harbor1	chr9	122059628	122060239	LTR/ERVL-MaLR	1649	-	306	122059934	43379
chr9	122016555	122216555	harbor1	chr9	122060894	122061351	LTR/ERVL-MaLR	2007	-	228	122061122	44567
chr9	122016555	122216555	harbor1	chr9	122066736	122067099	LTR/ERVL-MaLR	2404	-	182	122066918	50363
chr9	122016555	122216555	harbor1	chr9	122105724	122105765	LTR/ERVL-MaLR	2483	-	20	122105744	89189
chr9	122016555	122216555	harbor1	chr9	122106069	122106415	LTR/ERVL-MaLR	2483	-	173	122106242	89687
chr9	118232156	118432156	harbor1	chr9	118234415	118234893	LTR/ERVL-MaLR	1571	-	239	118234654	2498
chr9	118232156	118432156	harbor1	chr9	118241918	118242290	LTR/ERVL-MaLR	2195	-	186	118242104	9948
chr9	118232156	118432156	harbor1	chr9	118243884	118244213	LTR/ERVL-MaLR	1176	-	164	118244048	11892
chr9	118232156	118432156	harbor1	chr9	118246528	118246725	LTR/ERVL-MaLR	930	-	98	118246626	14470
chr9	118232156	118432156	harbor1	chr9	118248311	118248453	LTR/ERVL-MaLR	512	-	71	118248382	16226
chr9	118232156	118432156	harbor1	chr9	118290040	118290437	LTR/ERVL-MaLR	2017	-	198	118290238	58082
chr9	118232156	118432156	harbor1	chr9	118312842	118313224	LTR/ERVL-MaLR	2232	-	191	118313033	80877
chr9	118232156	118432156	harbor1	chr9	118242291	118243883	LTR/ERVL-MaLR	9796	-	796	118243087	10931
chr9	133832200	134032200	harbor1	chr9	133849537	133849988	LTR/ERVL-MaLR	1299	-	226	133849763	17563
chr9	133832200	134032200	harbor1	chr9	133856579	133856853	LTR/ERVL-MaLR	699	-	137	133856716	24516
chr9	134939772	135139772	harbor1	chr9	134958393	134958932	LTR/ERVL-MaLR	1831	-	270	134958663	18891
chr9	134939772	135139772	harbor1	chr9	134963882	134964207	LTR/ERVL-MaLR	1591	-	162	134964044	24272
chr9	134939772	135139772	harbor1	chr9	134982750	134982880	LTR/ERVL-MaLR	534	-	65	134982815	43043
chr9	134939772	135139772	harbor1	chr9	134988649	134989034	LTR/ERVL-MaLR	1706	-	192	134988841	49069
chr9	134939772	135139772	harbor1	chr9	135001994	135002393	LTR/ERVL-MaLR	2605	-	200	135002194	62422
chr9	70300878	70500878	harbor1	chr9	70312152	70312478	LTR/ERVL-MaLR	1719	-	163	70312315	11437
chr9	70300878	70500878	harbor1	chr9	70327806	70328164	LTR/ERVL-MaLR	1669	-	179	70327985	27107
chr9	70300878	70500878	harbor1	chr9	70328165	70329766	LTR/ERVL-MaLR	10636	-	800	70328965	28087
chr9	70300878	70500878	harbor1	chr9	70329767	70330132	LTR/ERVL-MaLR	1868	-	182	70329949	29071
chr9	70300878	70500878	harbor1	chr9	70336825	70337174	LTR/ERVL-MaLR	2375	-	174	70336999	36121
chr9	85697984	85897984	harbor1	chr9	85700210	85700579	LTR/ERVL-MaLR	996	-	184	85700394	2410
chr9	85697984	85897984	harbor1	chr9	85707678	85707829	LTR/ERVL-MaLR	2260	-	76	85707754	9770
chr9	85697984	85897984	harbor1	chr9	85708069	85708444	LTR/ERVL-MaLR	2260	-	188	85708257	10273
chr9	70021680	70221680	harbor1	chr9	70024502	70024860	LTR/ERVL-MaLR	2418	-	179	70024681	3001
chr9	70021680	70221680	harbor1	chr9	70026454	70026825	LTR/ERVL-MaLR	2763	-	186	70026640	4960
chr9	70021680	70221680	harbor1	chr9	70029211	70029459	LTR/ERVL-MaLR	1531	-	124	70029335	7655
chr9	70021680	70221680	harbor1	chr9	70036050	70036233	LTR/ERVL-MaLR	852	-	92	70036142	14462
chr9	70021680	70221680	harbor1	chr9	70039727	70040149	LTR/ERVL-MaLR	1168	-	211	70039938	18258
chr9	70021680	70221680	harbor1	chr9	70074914	70075051	LTR/ERVL-MaLR	608	-	68	70074982	53302
chr9	70021680	70221680	harbor1	chr9	70087205	70087786	LTR/ERVL-MaLR	1594	-	290	70087495	65815
chr9	70021680	70221680	harbor1	chr9	70096381	70096682	LTR/ERVL-MaLR	492	-	150	70096531	74851
chr9	70021680	70221680	harbor1	chr9	70024861	70026453	LTR/ERVL-MaLR	10145	-	796	70025657	3977
chr9	16021054	16221054	harbor1	chr9	16029871	16030221	LTR/ERVL-MaLR	1770	-	175	16030046	8992
chr9	16021054	16221054	harbor1	chr9	16051780	16052133	LTR/ERVL-MaLR	2635	-	176	16051956	30902
chr9	16021054	16221054	harbor1	chr9	16115831	16116178	LTR/ERVL-MaLR	2328	-	174	16116005	94951
chr9	10781845	10981845	harbor1	chr9	10818270	10818614	LTR/ERVL-MaLR	1796	-	172	10818442	36597
chr9	10781845	10981845	harbor1	chr9	10818618	10820037	LTR/ERVL-MaLR	6835	-	710	10819328	37483
chr9	10781845	10981845	harbor1	chr9	10820040	10820408	LTR/ERVL-MaLR	1859	-	184	10820224	38379
chr9	10781845	10981845	harbor1	chr9	10843134	10843655	LTR/ERVL-MaLR	1828	-	260	10843394	61549
chr9	10781845	10981845	harbor1	chr9	10871644	10872023	LTR/ERVL-MaLR	1871	-	190	10871834	89989
chr9	10781845	10981845	harbor1	chr9	10872024	10873516	LTR/ERVL-MaLR	9646	-	746	10872770	90925
chr9	10781845	10981845	harbor1	chr9	10873519	10873896	LTR/ERVL-MaLR	1794	-	188	10873707	91862
chr9	75138945	75338945	harbor1	chr9	75177205	75177600	LTR/ERVL-MaLR	1691	-	198	75177403	38458
chr9	75138945	75338945	harbor1	chr9	75179465	75179667	LTR/ERVL-MaLR	1054	-	101	75179566	40621
chr9	75138945	75338945	harbor1	chr9	75183297	75183706	LTR/ERVL-MaLR	1854	-	204	75183501	44556
chr9	75138945	75338945	harbor1	chr9	75184444	75184859	LTR/ERVL-MaLR	2659	-	208	75184652	45707
chr9	75138945	75338945	harbor1	chr9	75185632	75186018	LTR/ERVL-MaLR	2097	-	193	75185825	46880
chr9	75138945	75338945	harbor1	chr9	75196130	75196523	LTR/ERVL-MaLR	1440	-	196	75196326	57381
chr9	75138945	75338945	harbor1	chr9	75196886	75197327	LTR/ERVL-MaLR	2262	-	220	75197106	58161
chr9	75138945	75338945	harbor1	chr9	75223168	75223576	LTR/ERVL-MaLR	2491	-	204	75223372	84427
chr9	75138945	75338945	harbor1	chr9	75223578	75224305	LTR/ERVL-MaLR	5101	-	364	75223942	84997
chr9	75138945	75338945	harbor1	chr9	75226350	75227242	LTR/ERVL-MaLR	5595	-	446	75226796	87851
chr9	75138945	75338945	harbor1	chr9	75227245	75227654	LTR/ERVL-MaLR	2663	-	204	75227449	88504
chr9	131191662	131391662	harbor1	chr9	131207196	131207728	LTR/ERVL-MaLR	2088	-	266	131207462	15800
chr9	37615157	37815157	harbor1	chr9	37629832	37630197	LTR/ERVL-MaLR	1571	-	182	37630014	14857
chr9	37615157	37815157	harbor1	chr9	37632332	37632860	LTR/ERVL-MaLR	1530	-	264	37632596	17439
chr9	37615157	37815157	harbor1	chr9	37658438	37658859	LTR/ERVL-MaLR	1390	-	210	37658648	43491
chr9	37615157	37815157	harbor1	chr9	37662051	37662387	LTR/ERVL-MaLR	1587	-	168	37662219	47062
chr9	37615157	37815157	harbor1	chr9	37672652	37672983	LTR/ERVL-MaLR	2429	-	166	37672818	57661
chr9	37615157	37815157	harbor1	chr9	37672984	37674561	LTR/ERVL-MaLR	12495	-	788	37673772	58615
chr9	37615157	37815157	harbor1	chr9	37674562	37674914	LTR/ERVL-MaLR	2678	-	176	37674738	59581
chr9	37615157	37815157	harbor1	chr9	37690705	37691075	LTR/ERVL-MaLR	2042	-	185	37690890	75733
chr9	105729439	105929439	harbor1	chr9	105749222	105749575	LTR/ERVL-MaLR	2075	-	176	105749398	19959
chr9	87928835	88128835	harbor1	chr9	87927556	87929147	LTR/ERVL-MaLR	6362	-	796	87928352	483
chr9	87928835	88128835	harbor1	chr9	87929321	87929580	LTR/ERVL-MaLR	970	-	130	87929451	616
chr9	87928835	88128835	harbor1	chr9	87929940	87930035	LTR/ERVL-MaLR	412	-	48	87929988	1153
chr9	87928835	88128835	harbor1	chr9	87930042	87930379	LTR/ERVL-MaLR	1497	-	168	87930210	1375
chr9	87928835	88128835	harbor1	chr9	87930620	87930995	LTR/ERVL-MaLR	1482	-	188	87930808	1973
chr9	87928835	88128835	harbor1	chr9	87988637	87988981	LTR/ERVL-MaLR	2100	-	172	87988809	59974
chr9	87928835	88128835	harbor1	chr9	87988984	87989035	LTR/ERVL-MaLR	2107	-	26	87989010	60175
chr9	87928835	88128835	harbor1	chr9	87989343	87989722	LTR/ERVL-MaLR	2107	-	190	87989533	60698
chr9	87928835	88128835	harbor1	chr9	88026255	88026463	LTR/ERVL-MaLR	1966	-	104	88026359	97524
chr9	87928835	88128835	harbor1	chr9	88026762	88026936	LTR/ERVL-MaLR	1966	-	87	88026849	98014
chr9	76215837	76415837	harbor1	chr9	76231023	76231395	LTR/ERVL-MaLR	2489	-	186	76231209	15372
chr9	76215837	76415837	harbor1	chr9	76253933	76254234	LTR/ERVL-MaLR	1244	-	150	76254083	38246
chr9	76215837	76415837	harbor1	chr9	76271507	76271555	LTR/ERVL-MaLR	1612	-	24	76271531	55694
chr9	76215837	76415837	harbor1	chr9	76271684	76272042	LTR/ERVL-MaLR	1612	-	179	76271863	56026
chr9	76215837	76415837	harbor1	chr9	76274749	76275096	LTR/ERVL-MaLR	1448	-	174	76274923	59086
chr9	76215837	76415837	harbor1	chr9	76311638	76312068	LTR/ERVL-MaLR	844	-	215	76311853	96016
chr10	3508070	3708070	harbor1	chr10	3540136	3540481	LTR/ERVL-MaLR	1030	-	172	3540308	32238
chr10	3508070	3708070	harbor1	chr10	3590549	3590636	LTR/ERVL-MaLR	648	-	44	3590593	82523
chr10	3508070	3708070	harbor1	chr10	3601259	3601610	LTR/ERVL-MaLR	1404	-	176	3601435	93365
chr10	57229440	57429440	harbor1	chr10	57232883	57232944	LTR/ERVL-MaLR	449	-	30	57232913	3473
chr10	57229440	57429440	harbor1	chr10	57234466	57234901	LTR/ERVL-MaLR	1397	-	218	57234684	5244
chr10	57229440	57429440	harbor1	chr10	57236972	57237336	LTR/ERVL-MaLR	1580	-	182	57237154	7714
chr10	57229440	57429440	harbor1	chr10	57292415	57292744	LTR/ERVL-MaLR	749	-	164	57292579	63139
chr10	57229440	57429440	harbor1	chr10	57292748	57293244	LTR/ERVL-MaLR	789	-	248	57292996	63556
chr10	57229440	57429440	harbor1	chr10	57302118	57302493	LTR/ERVL-MaLR	1786	-	188	57302306	72866
chr10	57229440	57429440	harbor1	chr10	57319737	57320041	LTR/ERVL-MaLR	728	-	152	57319889	90449
chr10	94793244	94993244	harbor1	chr10	94822160	94822436	LTR/ERVL-MaLR	1060	-	138	94822298	29054
chr10	94793244	94993244	harbor1	chr10	94832190	94832543	LTR/ERVL-MaLR	2055	-	176	94832366	39122
chr10	94793244	94993244	harbor1	chr10	94851057	94851437	LTR/ERVL-MaLR	1977	-	190	94851247	58003
chr10	94793244	94993244	harbor1	chr10	94851529	94851886	LTR/ERVL-MaLR	1178	-	178	94851707	58463
chr10	94793244	94993244	harbor1	chr10	94854993	94855233	LTR/ERVL-MaLR	752	-	120	94855113	61869
chr10	109893345	110093345	harbor1	chr10	109942955	109943383	LTR/ERVL-MaLR	2317	-	214	109943169	49824
chr10	109893345	110093345	harbor1	chr10	109949688	109949880	LTR/ERVL-MaLR	551	-	96	109949784	56439
chr10	109893345	110093345	harbor1	chr10	109953668	109954091	LTR/ERVL-MaLR	1220	-	212	109953880	60535
chr10	109893345	110093345	harbor1	chr10	109954098	109954630	LTR/ERVL-MaLR	1978	-	266	109954364	61019
chr10	109893345	110093345	harbor1	chr10	109955341	109956129	LTR/ERVL-MaLR	1945	-	394	109955735	62390
chr10	109893345	110093345	harbor1	chr10	109956174	109956524	LTR/ERVL-MaLR	885	-	175	109956349	63004
chr10	121733822	121933822	harbor1	chr10	121755526	121755881	LTR/ERVL-MaLR	2228	-	178	121755704	21882
chr10	121733822	121933822	harbor1	chr10	121755882	121757457	LTR/ERVL-MaLR	11600	-	788	121756670	22848
chr10	121733822	121933822	harbor1	chr10	121757458	121757820	LTR/ERVL-MaLR	2282	-	181	121757639	23817
chr10	121733822	121933822	harbor1	chr10	121828291	121828685	LTR/ERVL-MaLR	961	-	197	121828488	94666
chr10	99327912	99527912	harbor1	chr10	99332961	99333237	LTR/ERVL-MaLR	1462	-	138	99333099	5187
chr10	99327912	99527912	harbor1	chr10	99335695	99336060	LTR/ERVL-MaLR	1187	-	182	99335877	7965
chr10	99327912	99527912	harbor1	chr10	99355991	99356170	LTR/ERVL-MaLR	1134	-	90	99356081	28169
chr10	99327912	99527912	harbor1	chr10	99356732	99357048	LTR/ERVL-MaLR	1190	-	158	99356890	28978
chr10	99327912	99527912	harbor1	chr10	99379813	99380283	LTR/ERVL-MaLR	1406	-	235	99380048	52136
chr10	92851216	93051216	harbor1	chr10	92880970	92881409	LTR/ERVL-MaLR	910	-	220	92881190	29974
chr10	92851216	93051216	harbor1	chr10	92923352	92923833	LTR/ERVL-MaLR	2089	-	240	92923592	72376
chr10	92851216	93051216	harbor1	chr10	92947319	92947433	LTR/ERVL-MaLR	434	-	57	92947376	96160
chr10	127440355	127640355	harbor1	chr10	127439954	127440372	LTR/ERVL-MaLR	1912	-	209	127440163	192
chr10	127440355	127640355	harbor1	chr10	127443023	127443245	LTR/ERVL-MaLR	1586	-	111	127443134	2779
chr10	127440355	127640355	harbor1	chr10	127443955	127444089	LTR/ERVL-MaLR	1685	-	67	127444022	3667
chr10	127440355	127640355	harbor1	chr10	127444724	127445136	LTR/ERVL-MaLR	1465	-	206	127444930	4575
chr10	127440355	127640355	harbor1	chr10	127466763	127467044	LTR/ERVL-MaLR	421	-	140	127466903	26548
chr10	127440355	127640355	harbor1	chr10	127492112	127492603	LTR/ERVL-MaLR	1943	-	246	127492358	52003
chr10	127440355	127640355	harbor1	chr10	127493868	127494234	LTR/ERVL-MaLR	1681	-	183	127494051	53696
chr10	127440355	127640355	harbor1	chr10	127503817	127504201	LTR/ERVL-MaLR	2167	-	192	127504009	63654
chr10	127440355	127640355	harbor1	chr10	127535259	127535614	LTR/ERVL-MaLR	2142	-	178	127535437	95082
chr10	113852404	114052404	harbor1	chr10	113890762	113891142	LTR/ERVL-MaLR	2110	-	190	113890952	38548
chr10	113852404	114052404	harbor1	chr10	113898291	113898655	LTR/ERVL-MaLR	997	-	182	113898473	46069
chr10	113852404	114052404	harbor1	chr10	113935074	113935365	LTR/ERVL-MaLR	1592	-	146	113935220	82816
chr10	113852404	114052404	harbor1	chr10	113935665	113935834	LTR/ERVL-MaLR	1592	-	84	113935749	83345
chr10	113852404	114052404	harbor1	chr10	113951882	113952250	LTR/ERVL-MaLR	1708	-	184	113952066	99662
chr10	108410709	108610709	harbor1	chr10	108411124	108411534	LTR/ERVL-MaLR	505	-	205	108411329	620
chr10	108410709	108610709	harbor1	chr10	108414095	108414314	LTR/ERVL-MaLR	484	-	110	108414205	3496
chr10	108410709	108610709	harbor1	chr10	108433743	108434137	LTR/ERVL-MaLR	1766	-	197	108433940	23231
chr10	108410709	108610709	harbor1	chr10	108439421	108439562	LTR/ERVL-MaLR	734	-	70	108439491	28782
chr10	108410709	108610709	harbor1	chr10	108469919	108470292	LTR/ERVL-MaLR	2365	-	186	108470105	59396
chr10	108410709	108610709	harbor1	chr10	108470294	108471853	LTR/ERVL-MaLR	8160	-	780	108471074	60365
chr10	108410709	108610709	harbor1	chr10	108471854	108472202	LTR/ERVL-MaLR	2251	-	174	108472028	61319
chr10	108410709	108610709	harbor1	chr10	108481844	108482214	LTR/ERVL-MaLR	1406	-	185	108482029	71320
chr10	108410709	108610709	harbor1	chr10	108498948	108499386	LTR/ERVL-MaLR	2431	-	219	108499167	88458
chr10	108410709	108610709	harbor1	chr10	108478192	108478577	LTR/ERVL-MaLR	1297	-	192	108478384	67675
chr10	34202435	34402435	harbor1	chr10	34213046	34213487	LTR/ERVL-MaLR	1996	-	220	34213266	10831
chr10	34202435	34402435	harbor1	chr10	34259227	34259667	LTR/ERVL-MaLR	1811	-	220	34259447	57012
chr10	127799946	127999946	harbor1	chr10	127824584	127824919	LTR/ERVL-MaLR	1886	-	168	127824752	24806
chr10	127799946	127999946	harbor1	chr10	127830118	127830259	LTR/ERVL-MaLR	644	-	70	127830188	30242
chr10	127799946	127999946	harbor1	chr10	127856230	127856706	LTR/ERVL-MaLR	1245	-	238	127856468	56522
chr10	127799946	127999946	harbor1	chr10	127894751	127895164	LTR/ERVL-MaLR	2240	-	206	127894957	95011
chr10	38102355	38302355	harbor1	chr10	38105594	38105731	LTR/ERVL-MaLR	711	-	68	38105662	3307
chr10	38102355	38302355	harbor1	chr10	38122922	38123178	LTR/ERVL-MaLR	1331	-	128	38123050	20695
chr10	38102355	38302355	harbor1	chr10	38123462	38123590	LTR/ERVL-MaLR	558	-	64	38123526	21171
chr10	38102355	38302355	harbor1	chr10	38125750	38126128	LTR/ERVL-MaLR	1704	-	189	38125939	23584
chr10	38102355	38302355	harbor1	chr10	38135588	38135946	LTR/ERVL-MaLR	1964	-	179	38135767	33412
chr10	38102355	38302355	harbor1	chr10	38178724	38179120	LTR/ERVL-MaLR	1928	-	198	38178922	76567
chr10	46058347	46258347	harbor1	chr10	46098957	46099457	LTR/ERVL-MaLR	2229	-	250	46099207	40860
chr10	46058347	46258347	harbor1	chr10	46113446	46113666	LTR/ERVL-MaLR	1722	-	110	46113556	55209
chr10	46058347	46258347	harbor1	chr10	46113966	46114145	LTR/ERVL-MaLR	1722	-	90	46114056	55709
chr10	46058347	46258347	harbor1	chr10	46154804	46154943	LTR/ERVL-MaLR	546	-	70	46154874	96527
chr10	46058347	46258347	harbor1	chr10	46154950	46155938	LTR/ERVL-MaLR	2784	-	494	46155444	97097
chr10	26640835	26840835	harbor1	chr10	26658411	26658789	LTR/ERVL-MaLR	1103	-	189	26658600	17765
chr10	26640835	26840835	harbor1	chr10	26662503	26662878	LTR/ERVL-MaLR	2160	-	188	26662691	21856
chr10	26640835	26840835	harbor1	chr10	26662879	26663233	LTR/ERVL-MaLR	1978	-	177	26663056	22221
chr10	26640835	26840835	harbor1	chr10	26663234	26663266	LTR/ERVL-MaLR	2160	-	16	26663250	22415
chr10	128835066	129035066	harbor1	chr10	128895458	128895856	LTR/ERVL-MaLR	1160	-	199	128895657	60591
chr10	128835066	129035066	harbor1	chr10	128920724	128921108	LTR/ERVL-MaLR	2345	-	192	128920916	85850
chr10	70845790	71045790	harbor1	chr10	70894231	70894470	LTR/ERVL-MaLR	819	-	120	70894351	48561
chr10	70845790	71045790	harbor1	chr10	70896729	70897088	LTR/ERVL-MaLR	835	-	180	70896909	51119
chr10	70845790	71045790	harbor1	chr10	70910254	70910657	LTR/ERVL-MaLR	2358	-	202	70910456	64666
chr10	70845790	71045790	harbor1	chr10	70912213	70912587	LTR/ERVL-MaLR	2977	-	187	70912400	66610
chr10	132368705	132568705	harbor1	chr10	132376449	132376637	LTR/ERVL-MaLR	441	-	94	132376543	7838
chr10	132368705	132568705	harbor1	chr10	132384628	132384976	LTR/ERVL-MaLR	411	-	174	132384802	16097
chr10	132368705	132568705	harbor1	chr10	132433990	132434348	LTR/ERVL-MaLR	1272	-	179	132434169	65464
chr10	132368705	132568705	harbor1	chr10	132459686	132460127	LTR/ERVL-MaLR	1214	-	220	132459906	91201
chr10	94882607	95082607	harbor1	chr10	94973762	94974036	LTR/ERVL-MaLR	1169	-	137	94973899	91292
chr10	94882607	95082607	harbor1	chr10	94982315	94982735	LTR/ERVL-MaLR	2029	-	210	94982525	99918
chr10	94882607	95082607	harbor1	chr10	94977758	94978112	LTR/ERVL-MaLR	2158	-	177	94977935	95328
chr10	133010203	133210203	harbor1	chr10	133051759	133052120	LTR/ERVL-MaLR	2129	-	180	133051939	41736
chr10	133010203	133210203	harbor1	chr10	133097679	133098034	LTR/ERVL-MaLR	816	-	178	133097857	87654
chr10	80950148	81150148	harbor1	chr10	80963235	80963634	LTR/ERVL-MaLR	2155	-	200	80963435	13287
chr10	80950148	81150148	harbor1	chr10	80971747	80972095	LTR/ERVL-MaLR	1532	-	174	80971921	21773
chr10	80950148	81150148	harbor1	chr10	80977178	80977633	LTR/ERVL-MaLR	1156	-	228	80977406	27258
chr10	80950148	81150148	harbor1	chr10	81006991	81007282	LTR/ERVL-MaLR	591	-	146	81007137	56989
chr10	80950148	81150148	harbor1	chr10	81007588	81007647	LTR/ERVL-MaLR	591	-	30	81007618	57470
chr10	80950148	81150148	harbor1	chr10	81017307	81017719	LTR/ERVL-MaLR	1910	-	206	81017513	67365
chr10	80950148	81150148	harbor1	chr10	81027671	81027735	LTR/ERVL-MaLR	499	-	32	81027703	77555
chr10	80950148	81150148	harbor1	chr10	81028555	81028919	LTR/ERVL-MaLR	2272	-	182	81028737	78589
chr10	80950148	81150148	harbor1	chr10	81028920	81030496	LTR/ERVL-MaLR	11298	-	788	81029708	79560
chr10	80950148	81150148	harbor1	chr10	81030497	81030858	LTR/ERVL-MaLR	1905	-	180	81030677	80529
chr10	55481441	55681441	harbor1	chr10	55527172	55527605	LTR/ERVL-MaLR	1832	-	216	55527388	45947
chr10	55481441	55681441	harbor1	chr10	55578629	55578996	LTR/ERVL-MaLR	2596	-	184	55578813	97372
chr10	33341233	33541233	harbor1	chr10	33342145	33342369	LTR/ERVL-MaLR	544	-	112	33342257	1024
chr10	33341233	33541233	harbor1	chr10	33359455	33359813	LTR/ERVL-MaLR	2631	-	179	33359634	18401
chr10	33341233	33541233	harbor1	chr10	33360231	33360496	LTR/ERVL-MaLR	1200	-	132	33360363	19130
chr10	33341233	33541233	harbor1	chr10	33360792	33360901	LTR/ERVL-MaLR	1200	-	54	33360846	19613
chr10	33341233	33541233	harbor1	chr10	33360977	33361291	LTR/ERVL-MaLR	1140	-	157	33361134	19901
chr10	33341233	33541233	harbor1	chr10	33368254	33368356	LTR/ERVL-MaLR	456	-	51	33368305	27072
chr10	33341233	33541233	harbor1	chr10	33369546	33369779	LTR/ERVL-MaLR	1280	-	116	33369662	28429
chr10	33341233	33541233	harbor1	chr10	33369948	33370339	LTR/ERVL-MaLR	1809	-	196	33370144	28911
chr10	33341233	33541233	harbor1	chr10	33370387	33370782	LTR/ERVL-MaLR	1367	-	198	33370585	29352
chr10	33341233	33541233	harbor1	chr10	33372319	33372721	LTR/ERVL-MaLR	2380	-	201	33372520	31287
chr10	33341233	33541233	harbor1	chr10	33384223	33384585	LTR/ERVL-MaLR	2223	-	181	33384404	43171
chr10	33341233	33541233	harbor1	chr10	33396343	33396803	LTR/ERVL-MaLR	1374	-	230	33396573	55340
chr10	33341233	33541233	harbor1	chr10	33396830	33397976	LTR/ERVL-MaLR	3372	-	573	33397403	56170
chr10	33341233	33541233	harbor1	chr10	33398337	33398548	LTR/ERVL-MaLR	685	-	106	33398443	57210
chr10	33341233	33541233	harbor1	chr10	33398599	33398970	LTR/ERVL-MaLR	988	-	186	33398785	57552
chr10	33341233	33541233	harbor1	chr10	33404632	33405112	LTR/ERVL-MaLR	2130	-	240	33404872	63639
chr10	127248557	127448557	harbor1	chr10	127272672	127273063	LTR/ERVL-MaLR	2038	-	196	127272868	24311
chr10	127248557	127448557	harbor1	chr10	127295092	127295508	LTR/ERVL-MaLR	2381	-	208	127295300	46743
chr10	105601717	105801717	harbor1	chr10	105610234	105610804	LTR/ERVL-MaLR	537	-	285	105610519	8802
chr10	105601717	105801717	harbor1	chr10	105612697	105613073	LTR/ERVL-MaLR	1277	-	188	105612885	11168
chr10	105601717	105801717	harbor1	chr10	105626351	105626567	LTR/ERVL-MaLR	2258	-	108	105626459	24742
chr10	105601717	105801717	harbor1	chr10	105626883	105627286	LTR/ERVL-MaLR	2258	-	202	105627085	25368
chr10	105601717	105801717	harbor1	chr10	105627589	105628091	LTR/ERVL-MaLR	2065	-	251	105627840	26123
chr10	37068050	37268050	harbor1	chr10	37098866	37099215	LTR/ERVL-MaLR	2647	-	174	37099040	30990
chr10	37068050	37268050	harbor1	chr10	37117770	37118178	LTR/ERVL-MaLR	1959	-	204	37117974	49924
chr10	37068050	37268050	harbor1	chr10	37142887	37143141	LTR/ERVL-MaLR	607	-	127	37143014	74964
chr10	47002079	47202079	harbor1	chr10	47020922	47021558	LTR/ERVL-MaLR	1520	-	318	47021240	19161
chr10	47002079	47202079	harbor1	chr10	47023246	47023683	LTR/ERVL-MaLR	876	-	218	47023464	21385
chr10	47002079	47202079	harbor1	chr10	47029680	47030072	LTR/ERVL-MaLR	1963	-	196	47029876	27797
chr10	47002079	47202079	harbor1	chr10	47065087	47065248	LTR/ERVL-MaLR	654	-	80	47065167	63088
chr10	47002079	47202079	harbor1	chr10	47071846	47072321	LTR/ERVL-MaLR	767	-	238	47072084	70005
chr10	47002079	47202079	harbor1	chr10	47077434	47077830	LTR/ERVL-MaLR	1737	-	198	47077632	75553
chr10	47002079	47202079	harbor1	chr10	47085803	47086385	LTR/ERVL-MaLR	1611	-	291	47086094	84015
chr10	47002079	47202079	harbor1	chr10	47021793	47022209	LTR/ERVL-MaLR	422	-	208	47022001	19922
chr10	43147088	43347088	harbor1	chr10	43161957	43162413	LTR/ERVL-MaLR	616	-	228	43162185	15097
chr10	66347624	66547624	harbor1	chr10	66372584	66372954	LTR/ERVL-MaLR	2133	-	185	66372769	25145
chr10	66347624	66547624	harbor1	chr10	66403301	66403650	LTR/ERVL-MaLR	1933	-	174	66403475	55851
chr10	75381197	75581197	harbor1	chr10	75385303	75385789	LTR/ERVL-MaLR	1212	-	243	75385546	4349
chr10	75381197	75581197	harbor1	chr10	75390778	75391153	LTR/ERVL-MaLR	1506	-	188	75390966	9769
chr10	75381197	75581197	harbor1	chr10	75459657	75460012	LTR/ERVL-MaLR	1657	-	178	75459835	78638
chr10	75381197	75581197	harbor1	chr10	75474274	75474598	LTR/ERVL-MaLR	1640	-	162	75474436	93239
chr10	75381197	75581197	harbor1	chr10	75476747	75476979	LTR/ERVL-MaLR	2305	-	116	75476863	95666
chr10	75381197	75581197	harbor1	chr10	75477248	75477418	LTR/ERVL-MaLR	2305	-	85	75477333	96136
chr10	44826456	45026456	harbor1	chr10	44851537	44851911	LTR/ERVL-MaLR	2283	-	187	44851724	25268
chr10	44826456	45026456	harbor1	chr10	44852624	44853037	LTR/ERVL-MaLR	710	-	206	44852830	26374
chr10	44826456	45026456	harbor1	chr10	44870317	44870647	LTR/ERVL-MaLR	1714	-	165	44870482	44026
chr10	44826456	45026456	harbor1	chr10	44895728	44896149	LTR/ERVL-MaLR	500	-	210	44895938	69482
chr10	44826456	45026456	harbor1	chr10	44901640	44902007	LTR/ERVL-MaLR	2542	-	184	44901824	75368
chr10	44826456	45026456	harbor1	chr10	44905391	44905856	LTR/ERVL-MaLR	1498	-	232	44905623	79167
chr10	44826456	45026456	harbor1	chr10	44909108	44909349	LTR/ERVL-MaLR	412	-	120	44909228	82772
chr10	44826456	45026456	harbor1	chr10	44917906	44918261	LTR/ERVL-MaLR	2134	-	178	44918084	91628
chr10	44826456	45026456	harbor1	chr10	44922945	44923188	LTR/ERVL-MaLR	628	-	122	44923067	96611
chr10	103253782	103453782	harbor1	chr10	103262450	103262527	LTR/ERVL-MaLR	427	-	38	103262488	8706
chr10	80892211	81092211	harbor1	chr10	80907268	80907547	LTR/ERVL-MaLR	617	-	140	80907408	15197
chr10	80892211	81092211	harbor1	chr10	80909256	80909676	LTR/ERVL-MaLR	2449	-	210	80909466	17255
chr10	80892211	81092211	harbor1	chr10	80915802	80916171	LTR/ERVL-MaLR	2124	-	184	80915986	23775
chr10	80892211	81092211	harbor1	chr10	80929478	80929821	LTR/ERVL-MaLR	1399	-	172	80929650	37439
chr10	80892211	81092211	harbor1	chr10	80963235	80963634	LTR/ERVL-MaLR	2155	-	200	80963435	71224
chr10	80892211	81092211	harbor1	chr10	80971747	80972095	LTR/ERVL-MaLR	1532	-	174	80971921	79710
chr10	80892211	81092211	harbor1	chr10	80977178	80977633	LTR/ERVL-MaLR	1156	-	228	80977406	85195
chr10	58955136	59155136	harbor1	chr10	58986479	58986606	LTR/ERVL-MaLR	540	-	64	58986543	31407
chr10	58955136	59155136	harbor1	chr10	58987238	58987273	LTR/ERVL-MaLR	540	-	18	58987256	32120
chr10	58955136	59155136	harbor1	chr10	59015775	59016328	LTR/ERVL-MaLR	1167	-	276	59016051	60915
chr10	58955136	59155136	harbor1	chr10	59017126	59017348	LTR/ERVL-MaLR	1397	-	111	59017237	62101
chr10	58955136	59155136	harbor1	chr10	59031322	59031537	LTR/ERVL-MaLR	662	-	108	59031430	76294
chr10	58955136	59155136	harbor1	chr10	59047272	59047436	LTR/ERVL-MaLR	609	-	82	59047354	92218
chr10	58955136	59155136	harbor1	chr10	59053534	59053895	LTR/ERVL-MaLR	2672	-	180	59053714	98578
chr10	90578406	90778406	harbor1	chr10	90594107	90594465	LTR/ERVL-MaLR	2511	-	179	90594286	15880
chr10	90578406	90778406	harbor1	chr10	90619212	90619677	LTR/ERVL-MaLR	1960	-	232	90619444	41038
chr10	90578406	90778406	harbor1	chr10	90623305	90623756	LTR/ERVL-MaLR	1566	-	226	90623531	45125
chr10	90578406	90778406	harbor1	chr10	90624066	90624357	LTR/ERVL-MaLR	452	-	146	90624212	45806
chr10	90578406	90778406	harbor1	chr10	90661369	90661746	LTR/ERVL-MaLR	2137	-	188	90661557	83151
chr10	90578406	90778406	harbor1	chr10	90666272	90666637	LTR/ERVL-MaLR	2159	-	182	90666454	88048
chr10	35767212	35967212	harbor1	chr10	35779281	35779561	LTR/ERVL-MaLR	1533	-	140	35779421	12209
chr10	35767212	35967212	harbor1	chr10	35779878	35779999	LTR/ERVL-MaLR	1533	-	60	35779938	12726
chr10	35767212	35967212	harbor1	chr10	35786158	35787036	LTR/ERVL-MaLR	6415	-	439	35786597	19385
chr10	35767212	35967212	harbor1	chr10	35787037	35787394	LTR/ERVL-MaLR	2093	-	178	35787215	20003
chr10	35767212	35967212	harbor1	chr10	35787498	35787839	LTR/ERVL-MaLR	1753	-	170	35787668	20456
chr10	35767212	35967212	harbor1	chr10	35825381	35825743	LTR/ERVL-MaLR	2054	-	181	35825562	58350
chr10	35767212	35967212	harbor1	chr10	35826073	35826461	LTR/ERVL-MaLR	2311	-	194	35826267	59055
chr10	35767212	35967212	harbor1	chr10	35832101	35832482	LTR/ERVL-MaLR	2041	-	190	35832291	65079
chr10	16371146	16571146	harbor1	chr10	16397048	16397512	LTR/ERVL-MaLR	1868	-	232	16397280	26134
chr10	16371146	16571146	harbor1	chr10	16419473	16419843	LTR/ERVL-MaLR	1817	-	185	16419658	48512
chr10	16371146	16571146	harbor1	chr10	16426195	16426570	LTR/ERVL-MaLR	2525	-	188	16426383	55237
chr10	16371146	16571146	harbor1	chr10	16427766	16427845	LTR/ERVL-MaLR	446	-	40	16427806	56660
chr10	16371146	16571146	harbor1	chr10	16429228	16429306	LTR/ERVL-MaLR	515	-	39	16429267	58121
chr10	16371146	16571146	harbor1	chr10	16429540	16429822	LTR/ERVL-MaLR	736	-	141	16429681	58535
chr10	16371146	16571146	harbor1	chr10	16443078	16443427	LTR/ERVL-MaLR	1977	-	174	16443252	72106
chr10	16371146	16571146	harbor1	chr10	16464789	16465153	LTR/ERVL-MaLR	2727	-	182	16464971	93825
chr10	16371146	16571146	harbor1	chr10	16465697	16466068	LTR/ERVL-MaLR	2240	-	186	16465883	94737
chr10	84430319	84630319	harbor1	chr10	84453995	84454433	LTR/ERVL-MaLR	1743	-	219	84454214	23895
chr10	84430319	84630319	harbor1	chr10	84464616	84464801	LTR/ERVL-MaLR	470	-	92	84464708	34389
chr10	84430319	84630319	harbor1	chr10	84475000	84475187	LTR/ERVL-MaLR	466	-	94	84475094	44775
chr10	4535391	4735391	harbor1	chr10	4578277	4578507	LTR/ERVL-MaLR	1323	-	115	4578392	43001
chr10	4535391	4735391	harbor1	chr10	4579028	4579167	LTR/ERVL-MaLR	697	-	70	4579098	43707
chr10	4535391	4735391	harbor1	chr10	4601662	4602019	LTR/ERVL-MaLR	1957	-	178	4601840	66449
chr10	4535391	4735391	harbor1	chr10	4604238	4604648	LTR/ERVL-MaLR	2225	-	205	4604443	69052
chr10	4535391	4735391	harbor1	chr10	4627342	4627713	LTR/ERVL-MaLR	2384	-	186	4627528	92137
chr10	2277970	2477970	harbor1	chr10	2335854	2336285	LTR/ERVL-MaLR	772	-	216	2336070	58100
chr10	2277970	2477970	harbor1	chr10	2338180	2338405	LTR/ERVL-MaLR	1165	-	112	2338292	60322
chr10	2277970	2477970	harbor1	chr10	2358176	2358495	LTR/ERVL-MaLR	1292	-	160	2358336	80366
chr10	119739373	119939373	harbor1	chr10	119753351	119753569	LTR/ERVL-MaLR	750	-	109	119753460	14087
chr10	119739373	119939373	harbor1	chr10	119755177	119755564	LTR/ERVL-MaLR	2229	-	194	119755371	15998
chr10	119739373	119939373	harbor1	chr10	119762183	119762508	LTR/ERVL-MaLR	1869	-	162	119762345	22972
chr10	119739373	119939373	harbor1	chr10	119762831	119764278	LTR/ERVL-MaLR	3645	-	724	119763555	24182
chr10	115914653	116114653	harbor1	chr10	115919669	115920017	LTR/ERVL-MaLR	1851	-	174	115919843	5190
chr10	115914653	116114653	harbor1	chr10	115959079	115959647	LTR/ERVL-MaLR	720	-	284	115959363	44710
chr10	115914653	116114653	harbor1	chr10	115967673	115968045	LTR/ERVL-MaLR	2764	-	186	115967859	53206
chr10	115914653	116114653	harbor1	chr10	115987151	115987545	LTR/ERVL-MaLR	1688	-	197	115987348	72695
chr10	115914653	116114653	harbor1	chr10	115989713	115990159	LTR/ERVL-MaLR	1745	-	223	115989936	75283
chr10	115914653	116114653	harbor1	chr10	115991224	115991551	LTR/ERVL-MaLR	1366	-	164	115991388	76735
chr10	12859258	13059258	harbor1	chr10	12869071	12869474	LTR/ERVL-MaLR	2738	-	202	12869273	10015
chr10	12859258	13059258	harbor1	chr10	12869703	12870055	LTR/ERVL-MaLR	901	-	176	12869879	10621
chr10	12859258	13059258	harbor1	chr10	12920050	12920410	LTR/ERVL-MaLR	2146	-	180	12920230	60972
chr10	12859258	13059258	harbor1	chr10	12953030	12953381	LTR/ERVL-MaLR	2334	-	176	12953206	93948
chr10	12859258	13059258	harbor1	chr10	12954399	12954806	LTR/ERVL-MaLR	2648	-	204	12954603	95345
chr10	70607001	70807001	harbor1	chr10	70628256	70628619	LTR/ERVL-MaLR	2051	-	182	70628438	21437
chr10	70607001	70807001	harbor1	chr10	70683606	70683937	LTR/ERVL-MaLR	765	-	166	70683772	76771
chr10	70607001	70807001	harbor1	chr10	70683938	70684348	LTR/ERVL-MaLR	2501	-	205	70684143	77142
chr10	70607001	70807001	harbor1	chr10	70684349	70684533	LTR/ERVL-MaLR	765	-	92	70684441	77440
chr10	70607001	70807001	harbor1	chr10	70692889	70693296	LTR/ERVL-MaLR	2515	-	204	70693093	86092
chr10	113930500	114130500	harbor1	chr10	113935074	113935365	LTR/ERVL-MaLR	1592	-	146	113935220	4720
chr10	113930500	114130500	harbor1	chr10	113935665	113935834	LTR/ERVL-MaLR	1592	-	84	113935749	5249
chr10	113930500	114130500	harbor1	chr10	113951882	113952250	LTR/ERVL-MaLR	1708	-	184	113952066	21566
chr10	113930500	114130500	harbor1	chr10	113955342	113955741	LTR/ERVL-MaLR	1891	-	200	113955542	25042
chr10	113930500	114130500	harbor1	chr10	113963200	113963723	LTR/ERVL-MaLR	2299	-	262	113963462	32962
chr10	113930500	114130500	harbor1	chr10	113973654	113974087	LTR/ERVL-MaLR	1126	-	216	113973870	43370
chr10	113930500	114130500	harbor1	chr10	113976151	113976292	LTR/ERVL-MaLR	413	-	70	113976221	45721
chr10	113930500	114130500	harbor1	chr10	114000724	114000907	LTR/ERVL-MaLR	1068	-	92	114000816	70316
chr10	113930500	114130500	harbor1	chr10	114007854	114008181	LTR/ERVL-MaLR	1418	-	164	114008018	77518
chr10	113930500	114130500	harbor1	chr10	113983393	113983596	LTR/ERVL-MaLR	442	-	102	113983495	52995
chr10	44669959	44869959	harbor1	chr10	44721564	44722153	LTR/ERVL-MaLR	1551	-	294	44721858	51899
chr10	44669959	44869959	harbor1	chr10	44711812	44712218	LTR/ERVL-MaLR	2197	-	203	44712015	42056
chr10	65830703	66030703	harbor1	chr10	65838314	65838687	LTR/ERVL-MaLR	2026	-	186	65838500	7797
chr10	65830703	66030703	harbor1	chr10	65842318	65842730	LTR/ERVL-MaLR	2583	-	206	65842524	11821
chr10	65830703	66030703	harbor1	chr10	65922762	65923141	LTR/ERVL-MaLR	1868	-	190	65922952	92249
chr10	65830703	66030703	harbor1	chr10	65924704	65925073	LTR/ERVL-MaLR	2444	-	184	65924888	94185
chr10	70463496	70663496	harbor1	chr10	70511171	70511502	LTR/ERVL-MaLR	1126	-	166	70511337	47841
chr10	70463496	70663496	harbor1	chr10	70511503	70511746	LTR/ERVL-MaLR	1480	-	122	70511625	48129
chr10	70463496	70663496	harbor1	chr10	70512043	70512169	LTR/ERVL-MaLR	1480	-	63	70512106	48610
chr10	70463496	70663496	harbor1	chr10	70512170	70512259	LTR/ERVL-MaLR	1126	-	44	70512214	48718
chr10	70463496	70663496	harbor1	chr10	70519248	70519562	LTR/ERVL-MaLR	1742	-	157	70519405	55909
chr10	70463496	70663496	harbor1	chr10	70519875	70519930	LTR/ERVL-MaLR	1742	-	28	70519903	56407
chr10	70463496	70663496	harbor1	chr10	70528722	70529117	LTR/ERVL-MaLR	1536	-	198	70528920	65424
chr10	27997530	28197530	harbor1	chr10	28002038	28002293	LTR/ERVL-MaLR	1584	-	128	28002166	4636
chr10	27997530	28197530	harbor1	chr10	28002567	28002743	LTR/ERVL-MaLR	1584	-	88	28002655	5125
chr10	27997530	28197530	harbor1	chr10	28010986	28011072	LTR/ERVL-MaLR	413	-	43	28011029	13499
chr10	27997530	28197530	harbor1	chr10	28013014	28013345	LTR/ERVL-MaLR	641	-	166	28013180	15650
chr10	27997530	28197530	harbor1	chr10	28025420	28025658	LTR/ERVL-MaLR	1053	-	119	28025539	28009
chr10	27997530	28197530	harbor1	chr10	28025660	28026080	LTR/ERVL-MaLR	1681	-	210	28025870	28340
chr10	27997530	28197530	harbor1	chr10	28041943	28042562	LTR/ERVL-MaLR	3166	-	310	28042253	44723
chr10	27997530	28197530	harbor1	chr10	28045430	28045814	LTR/ERVL-MaLR	2069	-	192	28045622	48092
chr10	27997530	28197530	harbor1	chr10	28074897	28075290	LTR/ERVL-MaLR	2312	-	196	28075093	77563
chr10	94360469	94560469	harbor1	chr10	94369695	94370159	LTR/ERVL-MaLR	2038	-	232	94369927	9458
chr10	94360469	94560469	harbor1	chr10	94372231	94372735	LTR/ERVL-MaLR	1635	-	252	94372483	12014
chr10	94360469	94560469	harbor1	chr10	94434855	94434986	LTR/ERVL-MaLR	890	-	66	94434921	74452
chr10	85877975	86077975	harbor1	chr10	85939305	85939783	LTR/ERVL-MaLR	1413	-	239	85939544	61569
chr10	85877975	86077975	harbor1	chr10	85940089	85940138	LTR/ERVL-MaLR	1413	-	24	85940113	62138
chr10	85877975	86077975	harbor1	chr10	85956870	85957233	LTR/ERVL-MaLR	2411	-	182	85957052	79077
chr10	21128533	21328533	harbor1	chr10	21208546	21208687	LTR/ERVL-MaLR	442	-	70	21208616	80083
chr10	21128533	21328533	harbor1	chr10	21208721	21208881	LTR/ERVL-MaLR	676	-	80	21208801	80268
chr10	66892439	67092439	harbor1	chr10	66921000	66921370	LTR/ERVL-MaLR	1079	-	185	66921185	28746
chr10	113169263	113369263	harbor1	chr10	113170266	113170730	LTR/ERVL-MaLR	1418	-	232	113170498	1235
chr10	113169263	113369263	harbor1	chr10	113188856	113189217	LTR/ERVL-MaLR	1754	-	180	113189036	19773
chr10	113169263	113369263	harbor1	chr10	113193514	113193875	LTR/ERVL-MaLR	1785	-	180	113193694	24431
chr10	113169263	113369263	harbor1	chr10	113253319	113253611	LTR/ERVL-MaLR	1539	-	146	113253465	84202
chr10	113169263	113369263	harbor1	chr10	113253919	113254150	LTR/ERVL-MaLR	1539	-	116	113254035	84772
chr10	72079204	72279204	harbor1	chr10	72092344	72092729	LTR/ERVL-MaLR	1939	-	192	72092536	13332
chr10	72079204	72279204	harbor1	chr10	72171163	72171424	LTR/ERVL-MaLR	1587	-	130	72171293	92089
chr10	72079204	72279204	harbor1	chr10	72171717	72171855	LTR/ERVL-MaLR	1587	-	69	72171786	92582
chr10	2206875	2406875	harbor1	chr10	2238180	2238542	LTR/ERVL-MaLR	2148	-	181	2238361	31486
chr10	2206875	2406875	harbor1	chr10	2247095	2247427	LTR/ERVL-MaLR	427	-	166	2247261	40386
chr10	61833023	62033023	harbor1	chr10	61872026	61872351	LTR/ERVL-MaLR	1898	-	162	61872188	39165
chr10	61833023	62033023	harbor1	chr10	61921164	61921731	LTR/ERVL-MaLR	2105	-	284	61921448	88425
chr10	2700043	2900043	harbor1	chr10	2710980	2711338	LTR/ERVL-MaLR	2219	-	179	2711159	11116
chr10	2700043	2900043	harbor1	chr10	2731769	2731940	LTR/ERVL-MaLR	414	-	86	2731855	31812
chr10	2700043	2900043	harbor1	chr10	2754416	2754782	LTR/ERVL-MaLR	1554	-	183	2754599	54556
chr10	2700043	2900043	harbor1	chr10	2787903	2788258	LTR/ERVL-MaLR	2115	-	178	2788081	88038
chr10	117882078	118082078	harbor1	chr10	117896651	117896755	LTR/ERVL-MaLR	436	-	52	117896703	14625
chr10	117882078	118082078	harbor1	chr10	117902360	117902787	LTR/ERVL-MaLR	1294	-	214	117902574	20496
chr10	117882078	118082078	harbor1	chr10	117902788	117903152	LTR/ERVL-MaLR	2137	-	182	117902970	20892
chr10	117882078	118082078	harbor1	chr10	117903153	117903173	LTR/ERVL-MaLR	1294	-	10	117903163	21085
chr10	117882078	118082078	harbor1	chr10	117910683	117911016	LTR/ERVL-MaLR	1119	-	166	117910849	28771
chr10	117882078	118082078	harbor1	chr10	117911780	117912029	LTR/ERVL-MaLR	1008	-	124	117911904	29826
chr10	117882078	118082078	harbor1	chr10	117926962	117927440	LTR/ERVL-MaLR	1378	-	239	117927201	45123
chr10	117882078	118082078	harbor1	chr10	117929741	117930102	LTR/ERVL-MaLR	1466	-	180	117929921	47843
chr10	117882078	118082078	harbor1	chr10	117931347	117931461	LTR/ERVL-MaLR	579	-	57	117931404	49326
chr10	117882078	118082078	harbor1	chr10	117938458	117938833	LTR/ERVL-MaLR	1881	-	188	117938646	56568
chr10	117882078	118082078	harbor1	chr10	117941319	117941794	LTR/ERVL-MaLR	2257	-	238	117941557	59479
chr10	117882078	118082078	harbor1	chr10	117947581	117947878	LTR/ERVL-MaLR	1212	-	148	117947729	65651
chr10	117882078	118082078	harbor1	chr10	117947876	117947988	LTR/ERVL-MaLR	722	-	56	117947932	65854
chr10	117882078	118082078	harbor1	chr10	117973848	117974202	LTR/ERVL-MaLR	1729	-	177	117974025	91947
chr10	117882078	118082078	harbor1	chr10	117981261	117981510	LTR/ERVL-MaLR	476	-	124	117981385	99307
chr10	71616597	71816597	harbor1	chr10	71632831	71633097	LTR/ERVL-MaLR	2484	-	133	71632964	16367
chr10	71616597	71816597	harbor1	chr10	71633134	71633265	LTR/ERVL-MaLR	2484	-	66	71633200	16603
chr10	71616597	71816597	harbor1	chr10	71635763	71636090	LTR/ERVL-MaLR	1737	-	164	71635927	19330
chr10	71616597	71816597	harbor1	chr10	71647082	71647180	LTR/ERVL-MaLR	567	-	49	71647131	30534
chr10	71616597	71816597	harbor1	chr10	71647476	71647668	LTR/ERVL-MaLR	567	-	96	71647572	30975
chr10	71616597	71816597	harbor1	chr10	71654443	71654988	LTR/ERVL-MaLR	1200	-	272	71654715	38118
chr10	71616597	71816597	harbor1	chr10	71660287	71660700	LTR/ERVL-MaLR	1081	-	206	71660493	43896
chr10	71616597	71816597	harbor1	chr10	71662779	71663200	LTR/ERVL-MaLR	1112	-	210	71662989	46392
chr10	71616597	71816597	harbor1	chr10	71709644	71709763	LTR/ERVL-MaLR	534	-	60	71709704	93107
chr10	71616597	71816597	harbor1	chr10	71709764	71710149	LTR/ERVL-MaLR	2135	-	192	71709956	93359
chr10	71616597	71816597	harbor1	chr10	71710150	71710394	LTR/ERVL-MaLR	534	-	122	71710272	93675
chr10	71616597	71816597	harbor1	chr10	71711918	71712367	LTR/ERVL-MaLR	1322	-	224	71712142	95545
chr10	17548283	17748283	harbor1	chr10	17557491	17558009	LTR/ERVL-MaLR	587	-	259	17557750	9467
chr10	17548283	17748283	harbor1	chr10	17558431	17558565	LTR/ERVL-MaLR	725	-	67	17558498	10215
chr10	17548283	17748283	harbor1	chr10	17560495	17560765	LTR/ERVL-MaLR	1485	-	135	17560630	12347
chr10	17548283	17748283	harbor1	chr10	17561065	17561115	LTR/ERVL-MaLR	1485	-	25	17561090	12807
chr10	17548283	17748283	harbor1	chr10	17566709	17566866	LTR/ERVL-MaLR	497	-	78	17566787	18504
chr10	17548283	17748283	harbor1	chr10	17572660	17572860	LTR/ERVL-MaLR	685	-	100	17572760	24477
chr10	17548283	17748283	harbor1	chr10	17640359	17640732	LTR/ERVL-MaLR	1631	-	186	17640545	92262
chr10	109629992	109829992	harbor1	chr10	109646936	109647427	LTR/ERVL-MaLR	1734	-	246	109647182	17190
chr10	109629992	109829992	harbor1	chr10	109702522	109702907	LTR/ERVL-MaLR	1141	-	192	109702714	72722
chr10	109629992	109829992	harbor1	chr10	109713080	109713455	LTR/ERVL-MaLR	2226	-	188	109713268	83276
chr10	87637865	87837865	harbor1	chr10	87644340	87644496	LTR/ERVL-MaLR	2408	-	78	87644418	6553
chr10	87637865	87837865	harbor1	chr10	87644858	87645229	LTR/ERVL-MaLR	2408	-	186	87645044	7179
chr10	87637865	87837865	harbor1	chr10	87647813	87647950	LTR/ERVL-MaLR	467	-	68	87647881	10016
chr10	87637865	87837865	harbor1	chr10	87648942	87649294	LTR/ERVL-MaLR	2401	-	176	87649118	11253
chr10	87637865	87837865	harbor1	chr10	87695087	87695433	LTR/ERVL-MaLR	1432	-	173	87695260	57395
chr10	133483463	133683463	harbor1	chr10	133484279	133484667	LTR/ERVL-MaLR	1900	-	194	133484473	1010
chr10	133483463	133683463	harbor1	chr10	133493562	133493785	LTR/ERVL-MaLR	1275	-	112	133493674	10211
chr10	133483463	133683463	harbor1	chr10	133493808	133494170	LTR/ERVL-MaLR	2507	-	181	133493989	10526
chr10	133483463	133683463	harbor1	chr10	133494171	133495742	LTR/ERVL-MaLR	11123	-	786	133494957	11494
chr10	133483463	133683463	harbor1	chr10	133502945	133503129	LTR/ERVL-MaLR	1153	-	92	133503037	19574
chr10	133483463	133683463	harbor1	chr10	133514137	133514490	LTR/ERVL-MaLR	2289	-	176	133514313	30850
chr10	133483463	133683463	harbor1	chr10	133543717	133543826	LTR/ERVL-MaLR	511	-	54	133543771	60308
chr10	133483463	133683463	harbor1	chr10	133543832	133544230	LTR/ERVL-MaLR	1413	-	199	133544031	60568
chr10	133483463	133683463	harbor1	chr10	133544513	133544944	LTR/ERVL-MaLR	2578	-	216	133544729	61266
chr10	133483463	133683463	harbor1	chr10	133562871	133562967	LTR/ERVL-MaLR	733	-	48	133562919	79456
chr10	123840460	124040460	harbor1	chr10	123873793	123873852	LTR/ERVL-MaLR	1547	-	30	123873823	33363
chr10	123840460	124040460	harbor1	chr10	123874163	123874479	LTR/ERVL-MaLR	1547	-	158	123874321	33861
chr10	123840460	124040460	harbor1	chr10	123877570	123877725	LTR/ERVL-MaLR	482	-	78	123877648	37188
chr10	123840460	124040460	harbor1	chr10	123892579	123893180	LTR/ERVL-MaLR	1607	-	300	123892879	52419
chr10	123840460	124040460	harbor1	chr10	123902452	123902802	LTR/ERVL-MaLR	1827	-	175	123902627	62167
chr10	123840460	124040460	harbor1	chr10	123910704	123911185	LTR/ERVL-MaLR	1701	-	240	123910944	70484
chr10	123840460	124040460	harbor1	chr10	123919693	123920125	LTR/ERVL-MaLR	2286	-	216	123919909	79449
chr10	123840460	124040460	harbor1	chr10	123934206	123934632	LTR/ERVL-MaLR	1357	-	213	123934419	93959
chr10	22146803	22346803	harbor1	chr10	22161974	22162336	LTR/ERVL-MaLR	2653	-	181	22162155	15352
chr10	22146803	22346803	harbor1	chr10	22163259	22163511	LTR/ERVL-MaLR	2254	-	126	22163385	16582
chr10	22146803	22346803	harbor1	chr10	22163816	22163995	LTR/ERVL-MaLR	2254	-	90	22163906	17103
chr10	22146803	22346803	harbor1	chr10	22207463	22207884	LTR/ERVL-MaLR	1008	-	210	22207673	60870
chr10	22146803	22346803	harbor1	chr10	22217833	22218195	LTR/ERVL-MaLR	1975	-	181	22218014	71211
chr10	76533646	76733646	harbor1	chr10	76537423	76537815	LTR/ERVL-MaLR	1611	-	196	76537619	3973
chr10	76533646	76733646	harbor1	chr10	76579839	76580200	LTR/ERVL-MaLR	2203	-	180	76580019	46373
chr10	76533646	76733646	harbor1	chr10	76618956	76619317	LTR/ERVL-MaLR	2482	-	180	76619136	85490
chr10	76533646	76733646	harbor1	chr10	76619318	76620991	LTR/ERVL-MaLR	9909	-	836	76620154	86508
chr10	76533646	76733646	harbor1	chr10	76620992	76621345	LTR/ERVL-MaLR	2515	-	176	76621168	87522
chr10	88362743	88562743	harbor1	chr10	88399804	88400231	LTR/ERVL-MaLR	1539	-	214	88400018	37275
chr10	88362743	88562743	harbor1	chr10	88420348	88420781	LTR/ERVL-MaLR	1131	-	216	88420564	57821
chr10	88362743	88562743	harbor1	chr10	88440410	88440716	LTR/ERVL-MaLR	475	-	153	88440563	77820
chr10	33057814	33257814	harbor1	chr10	33066667	33066879	LTR/ERVL-MaLR	552	-	106	33066773	8959
chr10	33057814	33257814	harbor1	chr10	33070179	33070610	LTR/ERVL-MaLR	2481	-	216	33070395	12581
chr10	33057814	33257814	harbor1	chr10	33073437	33073799	LTR/ERVL-MaLR	2541	-	181	33073618	15804
chr10	33057814	33257814	harbor1	chr10	33086443	33086606	LTR/ERVL-MaLR	712	-	82	33086525	28711
chr10	33057814	33257814	harbor1	chr10	33120162	33120526	LTR/ERVL-MaLR	1181	-	182	33120344	62530
chr10	33057814	33257814	harbor1	chr10	33121547	33121754	LTR/ERVL-MaLR	432	-	104	33121651	63837
chr10	33057814	33257814	harbor1	chr10	33139709	33139894	LTR/ERVL-MaLR	2266	-	92	33139801	81987
chr10	33057814	33257814	harbor1	chr10	33140199	33140407	LTR/ERVL-MaLR	2266	-	104	33140303	82489
chr10	33057814	33257814	harbor1	chr10	33145429	33145931	LTR/ERVL-MaLR	1050	-	251	33145680	87866
chr10	10727550	10927550	harbor1	chr10	10733515	10733866	LTR/ERVL-MaLR	2154	-	176	10733691	6141
chr10	10727550	10927550	harbor1	chr10	10781335	10781700	LTR/ERVL-MaLR	2803	-	182	10781517	53967
chr10	10727550	10927550	harbor1	chr10	10812078	10812436	LTR/ERVL-MaLR	2256	-	179	10812257	84707
chr10	2232974	2432974	harbor1	chr10	2238180	2238542	LTR/ERVL-MaLR	2148	-	181	2238361	5387
chr10	2232974	2432974	harbor1	chr10	2247095	2247427	LTR/ERVL-MaLR	427	-	166	2247261	14287
chr10	55965608	56165608	harbor1	chr10	56019524	56019677	LTR/ERVL-MaLR	648	-	76	56019600	53992
chr10	55965608	56165608	harbor1	chr10	56042059	56042391	LTR/ERVL-MaLR	1238	-	166	56042225	76617
chr10	55965608	56165608	harbor1	chr10	56054788	56055118	LTR/ERVL-MaLR	1140	-	165	56054953	89345
chr10	61514543	61714543	harbor1	chr10	61556114	61556497	LTR/ERVL-MaLR	2317	-	192	61556306	41763
chr10	61514543	61714543	harbor1	chr10	61572405	61572855	LTR/ERVL-MaLR	1108	-	225	61572630	58087
chr10	61514543	61714543	harbor1	chr10	61597587	61597973	LTR/ERVL-MaLR	472	-	193	61597780	83237
chr10	16675252	16875252	harbor1	chr10	16676172	16676551	LTR/ERVL-MaLR	2515	-	190	16676362	1110
chr10	16675252	16875252	harbor1	chr10	16680402	16680829	LTR/ERVL-MaLR	2629	-	214	16680616	5364
chr10	16675252	16875252	harbor1	chr10	16729910	16730332	LTR/ERVL-MaLR	2545	-	211	16730121	54869
chr10	16675252	16875252	harbor1	chr10	16735537	16735906	LTR/ERVL-MaLR	2741	-	184	16735721	60469
chr10	16675252	16875252	harbor1	chr10	16745377	16745741	LTR/ERVL-MaLR	2270	-	182	16745559	70307
chr10	16675252	16875252	harbor1	chr10	16748094	16748562	LTR/ERVL-MaLR	1947	-	234	16748328	73076
chr10	16675252	16875252	harbor1	chr10	16763218	16763629	LTR/ERVL-MaLR	2558	-	206	16763424	88172
chr10	62855526	63055526	harbor1	chr10	62935842	62936215	LTR/ERVL-MaLR	662	-	186	62936028	80502
chr10	66356921	66556921	harbor1	chr10	66372584	66372954	LTR/ERVL-MaLR	2133	-	185	66372769	15848
chr10	66356921	66556921	harbor1	chr10	66403301	66403650	LTR/ERVL-MaLR	1933	-	174	66403475	46554
chr10	86533680	86733680	harbor1	chr10	86546300	86546576	LTR/ERVL-MaLR	1041	-	138	86546438	12758
chr10	86533680	86733680	harbor1	chr10	86550081	86550215	LTR/ERVL-MaLR	875	-	67	86550148	16468
chr10	86533680	86733680	harbor1	chr10	86553545	86554027	LTR/ERVL-MaLR	1972	-	241	86553786	20106
chr10	86533680	86733680	harbor1	chr10	86555851	86556090	LTR/ERVL-MaLR	722	-	120	86555971	22291
chr10	86533680	86733680	harbor1	chr10	86556399	86556464	LTR/ERVL-MaLR	688	-	32	86556431	22751
chr10	86533680	86733680	harbor1	chr10	86558887	86559273	LTR/ERVL-MaLR	2057	-	193	86559080	25400
chr10	86533680	86733680	harbor1	chr10	86559274	86560166	LTR/ERVL-MaLR	6676	-	446	86559720	26040
chr10	86533680	86733680	harbor1	chr10	86574067	86574529	LTR/ERVL-MaLR	446	-	231	86574298	40618
chr10	86533680	86733680	harbor1	chr10	86589834	86590223	LTR/ERVL-MaLR	2233	-	194	86590028	56348
chr10	86533680	86733680	harbor1	chr10	86600937	86601041	LTR/ERVL-MaLR	611	-	52	86600989	67309
chr10	86533680	86733680	harbor1	chr10	86601628	86601814	LTR/ERVL-MaLR	1216	-	93	86601721	68041
chr10	86533680	86733680	harbor1	chr10	86604778	86605060	LTR/ERVL-MaLR	1568	-	141	86604919	71239
chr10	86533680	86733680	harbor1	chr10	86605357	86605595	LTR/ERVL-MaLR	1568	-	119	86605476	71796
chr10	86533680	86733680	harbor1	chr10	86616178	86616390	LTR/ERVL-MaLR	2308	-	106	86616284	82604
chr10	86533680	86733680	harbor1	chr10	86616696	86616876	LTR/ERVL-MaLR	2308	-	90	86616786	83106
chr10	86533680	86733680	harbor1	chr10	86616886	86617111	LTR/ERVL-MaLR	1169	-	112	86616998	83318
chr10	86533680	86733680	harbor1	chr10	86619642	86619781	LTR/ERVL-MaLR	626	-	70	86619712	86032
chr10	70602202	70802202	harbor1	chr10	70628256	70628619	LTR/ERVL-MaLR	2051	-	182	70628438	26236
chr10	70602202	70802202	harbor1	chr10	70683606	70683937	LTR/ERVL-MaLR	765	-	166	70683772	81570
chr10	70602202	70802202	harbor1	chr10	70683938	70684348	LTR/ERVL-MaLR	2501	-	205	70684143	81941
chr10	70602202	70802202	harbor1	chr10	70684349	70684533	LTR/ERVL-MaLR	765	-	92	70684441	82239
chr10	70602202	70802202	harbor1	chr10	70692889	70693296	LTR/ERVL-MaLR	2515	-	204	70693093	90891
chr10	7027630	7227630	harbor1	chr10	7030512	7030889	LTR/ERVL-MaLR	2455	-	188	7030700	3070
chr10	7027630	7227630	harbor1	chr10	7035096	7035443	LTR/ERVL-MaLR	2071	-	174	7035270	7640
chr10	7027630	7227630	harbor1	chr10	7041581	7041876	LTR/ERVL-MaLR	1129	-	148	7041729	14099
chr10	7027630	7227630	harbor1	chr10	7042343	7042476	LTR/ERVL-MaLR	693	-	66	7042409	14779
chr10	7027630	7227630	harbor1	chr10	7047677	7048022	LTR/ERVL-MaLR	2280	-	172	7047849	20219
chr10	7027630	7227630	harbor1	chr10	7088879	7089253	LTR/ERVL-MaLR	2161	-	187	7089066	61436
chr10	7027630	7227630	harbor1	chr10	7091863	7092060	LTR/ERVL-MaLR	1267	-	98	7091961	64331
chr10	7027630	7227630	harbor1	chr10	7102489	7102515	LTR/ERVL-MaLR	423	-	13	7102502	74872
chr10	7027630	7227630	harbor1	chr10	7102516	7102883	LTR/ERVL-MaLR	2427	-	184	7102700	75070
chr10	7027630	7227630	harbor1	chr10	7102884	7103047	LTR/ERVL-MaLR	423	-	82	7102966	75336
chr10	7027630	7227630	harbor1	chr10	7110058	7110404	LTR/ERVL-MaLR	2014	-	173	7110231	82601
chr10	7027630	7227630	harbor1	chr10	7122218	7122419	LTR/ERVL-MaLR	459	-	100	7122318	94688
chr10	7027630	7227630	harbor1	chr10	7028547	7028931	LTR/ERVL-MaLR	2069	-	192	7028739	1109
chr10	96343815	96543815	harbor1	chr10	96362626	96362933	LTR/ERVL-MaLR	1259	-	154	96362780	18965
chr10	66114582	66314582	harbor1	chr10	66116638	66117020	LTR/ERVL-MaLR	2110	-	191	66116829	2247
chr10	66114582	66314582	harbor1	chr10	66122639	66122993	LTR/ERVL-MaLR	2227	-	177	66122816	8234
chr10	66114582	66314582	harbor1	chr10	66122996	66124568	LTR/ERVL-MaLR	11793	-	786	66123782	9200
chr10	66114582	66314582	harbor1	chr10	66124569	66124939	LTR/ERVL-MaLR	2308	-	185	66124754	10172
chr10	74614244	74814244	harbor1	chr10	74632329	74632769	LTR/ERVL-MaLR	1830	-	220	74632549	18305
chr10	74614244	74814244	harbor1	chr10	74635528	74635684	LTR/ERVL-MaLR	419	-	78	74635606	21362
chr10	74614244	74814244	harbor1	chr10	74678920	74679058	LTR/ERVL-MaLR	567	-	69	74678989	64745
chr10	93046375	93246375	harbor1	chr10	93083843	93084275	LTR/ERVL-MaLR	2080	-	216	93084059	37684
chr10	93046375	93246375	harbor1	chr10	93090306	93090668	LTR/ERVL-MaLR	1564	-	181	93090487	44112
chr10	93046375	93246375	harbor1	chr10	93093317	93093523	LTR/ERVL-MaLR	1569	-	103	93093420	47045
chr10	93046375	93246375	harbor1	chr10	93125397	93125819	LTR/ERVL-MaLR	2774	-	211	93125608	79233
chr10	93046375	93246375	harbor1	chr10	93130480	93130877	LTR/ERVL-MaLR	1112	-	198	93130678	84303
chr10	79403822	79603822	harbor1	chr10	79460740	79461081	LTR/ERVL-MaLR	886	-	170	79460910	57088
chr10	79403822	79603822	harbor1	chr10	79461744	79461876	LTR/ERVL-MaLR	469	-	66	79461810	57988
chr10	42857502	43057502	harbor1	chr10	42894782	42895119	LTR/ERVL-MaLR	540	-	168	42894950	37448
chr10	42857502	43057502	harbor1	chr10	42896326	42896730	LTR/ERVL-MaLR	2298	-	202	42896528	39026
chr10	42857502	43057502	harbor1	chr10	42913196	42913654	LTR/ERVL-MaLR	558	-	229	42913425	55923
chr10	42857502	43057502	harbor1	chr10	42914589	42915093	LTR/ERVL-MaLR	1845	-	252	42914841	57339
chr10	42857502	43057502	harbor1	chr10	42915096	42915788	LTR/ERVL-MaLR	2472	-	346	42915442	57940
chr10	42857502	43057502	harbor1	chr10	42924429	42924861	LTR/ERVL-MaLR	2162	-	216	42924645	67143
chr10	42857502	43057502	harbor1	chr10	42952800	42953140	LTR/ERVL-MaLR	1371	-	170	42952970	95468
chr10	125761307	125961307	harbor1	chr10	125785309	125785421	LTR/ERVL-MaLR	519	-	56	125785365	24058
chr10	125761307	125961307	harbor1	chr10	125828674	125829185	LTR/ERVL-MaLR	1863	-	256	125828930	67623
chr10	63861160	64061160	harbor1	chr10	63873425	63873765	LTR/ERVL-MaLR	2932	-	170	63873595	12435
chr10	63861160	64061160	harbor1	chr10	63919417	63919801	LTR/ERVL-MaLR	1053	-	192	63919609	58449
chr10	63861160	64061160	harbor1	chr10	63936259	63936339	LTR/ERVL-MaLR	411	-	40	63936299	75139
chr10	63861160	64061160	harbor1	chr10	63936729	63936850	LTR/ERVL-MaLR	411	-	60	63936789	75629
chr10	68013577	68213577	harbor1	chr10	68076473	68076841	LTR/ERVL-MaLR	1845	-	184	68076657	63080
chr10	68013577	68213577	harbor1	chr10	68077142	68077212	LTR/ERVL-MaLR	1845	-	35	68077177	63600
chr10	68013577	68213577	harbor1	chr10	68080804	68081195	LTR/ERVL-MaLR	1308	-	196	68081000	67423
chr10	68013577	68213577	harbor1	chr10	68081545	68081615	LTR/ERVL-MaLR	1308	-	35	68081580	68003
chr10	68013577	68213577	harbor1	chr10	68081947	68082139	LTR/ERVL-MaLR	1028	-	96	68082043	68466
chr10	5145841	5345841	harbor1	chr10	5146939	5147357	LTR/ERVL-MaLR	1775	-	209	5147148	1307
chr10	5145841	5345841	harbor1	chr10	5147371	5147967	LTR/ERVL-MaLR	2280	-	298	5147669	1828
chr10	5145841	5345841	harbor1	chr10	5153478	5153846	LTR/ERVL-MaLR	1961	-	184	5153662	7821
chr10	5145841	5345841	harbor1	chr10	5209525	5209863	LTR/ERVL-MaLR	1934	-	169	5209694	63853
chr10	5145841	5345841	harbor1	chr10	5210910	5211737	LTR/ERVL-MaLR	10321	-	414	5211324	65483
chr10	5145841	5345841	harbor1	chr10	5211740	5212090	LTR/ERVL-MaLR	2006	-	175	5211915	66074
chr10	5145841	5345841	harbor1	chr10	5215357	5215502	LTR/ERVL-MaLR	804	-	72	5215429	69588
chr10	5145841	5345841	harbor1	chr10	5215503	5215960	LTR/ERVL-MaLR	2106	-	228	5215731	69890
chr10	5145841	5345841	harbor1	chr10	5215963	5216363	LTR/ERVL-MaLR	1617	-	200	5216163	70322
chr10	5145841	5345841	harbor1	chr10	5209866	5210606	LTR/ERVL-MaLR	10321	-	370	5210236	64395
chr10	12734315	12934315	harbor1	chr10	12754566	12754963	LTR/ERVL-MaLR	2177	-	198	12754764	20449
chr10	12734315	12934315	harbor1	chr10	12757610	12757852	LTR/ERVL-MaLR	1646	-	121	12757731	23416
chr10	12734315	12934315	harbor1	chr10	12758149	12758276	LTR/ERVL-MaLR	1646	-	64	12758213	23898
chr10	12734315	12934315	harbor1	chr10	12793477	12793698	LTR/ERVL-MaLR	971	-	110	12793587	59272
chr10	12734315	12934315	harbor1	chr10	12814423	12814786	LTR/ERVL-MaLR	1801	-	182	12814605	80290
chr10	12734315	12934315	harbor1	chr10	12816547	12816588	LTR/ERVL-MaLR	2232	-	20	12816567	82252
chr10	12734315	12934315	harbor1	chr10	12816897	12817224	LTR/ERVL-MaLR	2232	-	164	12817061	82746
chr10	118448649	118648649	harbor1	chr10	118464462	118464670	LTR/ERVL-MaLR	1779	-	104	118464566	15917
chr10	118448649	118648649	harbor1	chr10	118464964	118465163	LTR/ERVL-MaLR	1779	-	100	118465064	16415
chr10	118448649	118648649	harbor1	chr10	118471994	118472166	LTR/ERVL-MaLR	450	-	86	118472080	23431
chr10	118448649	118648649	harbor1	chr10	118488730	118488950	LTR/ERVL-MaLR	1272	-	110	118488840	40191
chr10	118448649	118648649	harbor1	chr10	118491193	118491280	LTR/ERVL-MaLR	1272	-	44	118491237	42588
chr10	118448649	118648649	harbor1	chr10	118498745	118498909	LTR/ERVL-MaLR	441	-	82	118498827	50178
chr10	58614528	58814528	harbor1	chr10	58618739	58619228	LTR/ERVL-MaLR	1746	-	244	58618983	4455
chr10	58614528	58814528	harbor1	chr10	58623511	58623893	LTR/ERVL-MaLR	458	-	191	58623702	9174
chr10	58614528	58814528	harbor1	chr10	58624021	58624371	LTR/ERVL-MaLR	1627	-	175	58624196	9668
chr10	58614528	58814528	harbor1	chr10	58671174	58671593	LTR/ERVL-MaLR	579	-	210	58671384	56856
chr10	84041375	84241375	harbor1	chr10	84042809	84042993	LTR/ERVL-MaLR	494	-	92	84042901	1526
chr10	84041375	84241375	harbor1	chr10	84064680	84064726	LTR/ERVL-MaLR	2369	-	23	84064703	23328
chr10	84041375	84241375	harbor1	chr10	84065021	84065351	LTR/ERVL-MaLR	2369	-	165	84065186	23811
chr10	84041375	84241375	harbor1	chr10	84090611	84090974	LTR/ERVL-MaLR	1825	-	182	84090793	49418
chr10	84041375	84241375	harbor1	chr10	84094168	84094386	LTR/ERVL-MaLR	2483	-	109	84094277	52902
chr10	84041375	84241375	harbor1	chr10	84094641	84094651	LTR/ERVL-MaLR	2483	-	5	84094646	53271
chr10	84041375	84241375	harbor1	chr10	84094947	84095108	LTR/ERVL-MaLR	2483	-	80	84095027	53652
chr10	84041375	84241375	harbor1	chr10	84128797	84129216	LTR/ERVL-MaLR	1770	-	210	84129007	87632
chr10	84041375	84241375	harbor1	chr10	84131199	84131579	LTR/ERVL-MaLR	1620	-	190	84131389	90014
chr10	105455062	105655062	harbor1	chr10	105495161	105495560	LTR/ERVL-MaLR	596	-	200	105495361	40299
chr10	105455062	105655062	harbor1	chr10	105495627	105495885	LTR/ERVL-MaLR	585	-	129	105495756	40694
chr10	105455062	105655062	harbor1	chr10	105495901	105496115	LTR/ERVL-MaLR	1149	-	107	105496008	40946
chr10	105455062	105655062	harbor1	chr10	105496897	105497132	LTR/ERVL-MaLR	700	-	118	105497015	41953
chr10	105455062	105655062	harbor1	chr10	105543558	105544007	LTR/ERVL-MaLR	670	-	224	105543782	88720
chr10	105455062	105655062	harbor1	chr10	105496256	105496760	LTR/ERVL-MaLR	1557	-	252	105496508	41446
chr10	101477321	101677321	harbor1	chr10	101480342	101480635	LTR/ERVL-MaLR	1330	-	146	101480488	3167
chr10	101477321	101677321	harbor1	chr10	101518860	101519074	LTR/ERVL-MaLR	2181	-	107	101518967	41646
chr10	101477321	101677321	harbor1	chr10	101519380	101519714	LTR/ERVL-MaLR	2181	-	167	101519547	42226
chr10	101477321	101677321	harbor1	chr10	101520018	101520051	LTR/ERVL-MaLR	2181	-	16	101520034	42713
chr10	101477321	101677321	harbor1	chr10	101572749	101573024	LTR/ERVL-MaLR	1376	-	138	101572887	95566
chr10	101477321	101677321	harbor1	chr10	101573041	101573261	LTR/ERVL-MaLR	458	-	110	101573151	95830
chr10	101477321	101677321	harbor1	chr10	101576012	101576307	LTR/ERVL-MaLR	1839	-	148	101576160	98839
chr10	101477321	101677321	harbor1	chr10	101576646	101576835	LTR/ERVL-MaLR	1839	-	94	101576740	99419
chr10	96344057	96544057	harbor1	chr10	96362626	96362933	LTR/ERVL-MaLR	1259	-	154	96362780	18723
chr10	37704662	37904662	harbor1	chr10	37736285	37736503	LTR/ERVL-MaLR	892	-	109	37736394	31732
chr10	37704662	37904662	harbor1	chr10	37736717	37736915	LTR/ERVL-MaLR	736	-	99	37736816	32154
chr10	37704662	37904662	harbor1	chr10	37773525	37773876	LTR/ERVL-MaLR	1637	-	176	37773701	69039
chr10	62152369	62352369	harbor1	chr10	62180772	62181236	LTR/ERVL-MaLR	849	-	232	62181004	28635
chr10	62152369	62352369	harbor1	chr10	62188079	62188547	LTR/ERVL-MaLR	1295	-	234	62188313	35944
chr11	60226180	60426180	harbor1	chr11	60276958	60277318	LTR/ERVL-MaLR	2122	-	180	60277138	50958
chr11	60226180	60426180	harbor1	chr11	60287186	60287551	LTR/ERVL-MaLR	1308	-	182	60287368	61188
chr11	60226180	60426180	harbor1	chr11	60287564	60288307	LTR/ERVL-MaLR	2822	-	372	60287936	61756
chr11	60226180	60426180	harbor1	chr11	60297740	60297912	LTR/ERVL-MaLR	686	-	86	60297826	71646
chr11	60226180	60426180	harbor1	chr11	60305243	60305656	LTR/ERVL-MaLR	1477	-	206	60305449	79269
chr11	60226180	60426180	harbor1	chr11	60306231	60306470	LTR/ERVL-MaLR	1006	-	120	60306351	80171
chr11	60226180	60426180	harbor1	chr11	60306514	60306712	LTR/ERVL-MaLR	399	-	99	60306613	80433
chr11	60226180	60426180	harbor1	chr11	60322649	60322915	LTR/ERVL-MaLR	1465	-	133	60322782	96602
chr11	102694834	102894834	harbor1	chr11	102709493	102709861	LTR/ERVL-MaLR	918	-	184	102709677	14843
chr11	102694834	102894834	harbor1	chr11	102712409	102712844	LTR/ERVL-MaLR	1761	-	218	102712627	17793
chr11	102694834	102894834	harbor1	chr11	102723398	102723819	LTR/ERVL-MaLR	990	-	210	102723608	28774
chr11	102694834	102894834	harbor1	chr11	102731585	102732061	LTR/ERVL-MaLR	1700	-	238	102731823	36989
chr11	102694834	102894834	harbor1	chr11	102764250	102764462	LTR/ERVL-MaLR	753	-	106	102764356	69522
chr11	60863688	61063688	harbor1	chr11	60909707	60910060	LTR/ERVL-MaLR	2357	-	176	60909883	46195
chr11	60863688	61063688	harbor1	chr11	60918250	60918594	LTR/ERVL-MaLR	1471	-	172	60918422	54734
chr11	60863688	61063688	harbor1	chr11	60957473	60957545	LTR/ERVL-MaLR	2351	-	36	60957509	93821
chr11	60863688	61063688	harbor1	chr11	60957853	60958222	LTR/ERVL-MaLR	2351	-	184	60958037	94349
chr11	26954770	27154770	harbor1	chr11	26955914	26956256	LTR/ERVL-MaLR	1507	-	171	26956085	1315
chr11	26954770	27154770	harbor1	chr11	26972444	26972896	LTR/ERVL-MaLR	1687	-	226	26972670	17900
chr11	26954770	27154770	harbor1	chr11	26999480	26999824	LTR/ERVL-MaLR	1210	-	172	26999652	44882
chr11	26954770	27154770	harbor1	chr11	27015281	27015642	LTR/ERVL-MaLR	2126	-	180	27015461	60691
chr11	26954770	27154770	harbor1	chr11	27017458	27017727	LTR/ERVL-MaLR	456	-	134	27017592	62822
chr11	26954770	27154770	harbor1	chr11	27018044	27018107	LTR/ERVL-MaLR	456	-	32	27018076	63306
chr11	129127716	129327716	harbor1	chr11	129131573	129131739	LTR/ERVL-MaLR	916	-	83	129131656	3940
chr11	129127716	129327716	harbor1	chr11	129132946	129133165	LTR/ERVL-MaLR	920	-	110	129133056	5340
chr11	129127716	129327716	harbor1	chr11	129214439	129214637	LTR/ERVL-MaLR	384	-	99	129214538	86822
chr11	129127716	129327716	harbor1	chr11	129215385	129215782	LTR/ERVL-MaLR	2327	-	198	129215583	87867
chr11	129127716	129327716	harbor1	chr11	129216207	129216279	LTR/ERVL-MaLR	384	-	36	129216243	88527
chr11	28126859	28326859	harbor1	chr11	28127331	28127450	LTR/ERVL-MaLR	573	-	60	28127391	532
chr11	28126859	28326859	harbor1	chr11	28167213	28167338	LTR/ERVL-MaLR	424	-	62	28167275	40416
chr11	28126859	28326859	harbor1	chr11	28193206	28193603	LTR/ERVL-MaLR	2436	-	198	28193404	66545
chr11	83377643	83577643	harbor1	chr11	83378512	83378882	LTR/ERVL-MaLR	1915	-	185	83378697	1054
chr11	83377643	83577643	harbor1	chr11	83411957	83412130	LTR/ERVL-MaLR	639	-	86	83412043	34400
chr11	83377643	83577643	harbor1	chr11	83427388	83427898	LTR/ERVL-MaLR	896	-	255	83427643	50000
chr11	83377643	83577643	harbor1	chr11	83441096	83441481	LTR/ERVL-MaLR	2079	-	192	83441288	63645
chr11	74239532	74439532	harbor1	chr11	74246227	74246594	LTR/ERVL-MaLR	1676	-	184	74246411	6879
chr11	74239532	74439532	harbor1	chr11	74313897	74313952	LTR/ERVL-MaLR	942	-	28	74313925	74393
chr11	74239532	74439532	harbor1	chr11	74314451	74314671	LTR/ERVL-MaLR	942	-	110	74314561	75029
chr11	74239532	74439532	harbor1	chr11	74314964	74315034	LTR/ERVL-MaLR	942	-	35	74314999	75467
chr11	8047767	8247767	harbor1	chr11	8145302	8145586	LTR/ERVL-MaLR	781	-	142	8145444	97677
chr11	124429546	124629546	harbor1	chr11	124437410	124437626	LTR/ERVL-MaLR	1466	-	108	124437518	7972
chr11	124429546	124629546	harbor1	chr11	124437669	124437867	LTR/ERVL-MaLR	1466	-	99	124437768	8222
chr11	40561735	40761735	harbor1	chr11	40580124	40580509	LTR/ERVL-MaLR	1972	-	192	40580316	18581
chr11	40561735	40761735	harbor1	chr11	40625260	40625622	LTR/ERVL-MaLR	2402	-	181	40625441	63706
chr11	40561735	40761735	harbor1	chr11	40655754	40656117	LTR/ERVL-MaLR	1717	-	182	40655936	94201
chr11	120558096	120758096	harbor1	chr11	120571952	120572326	LTR/ERVL-MaLR	1378	-	187	120572139	14043
chr11	120558096	120758096	harbor1	chr11	120584287	120584709	LTR/ERVL-MaLR	2286	-	211	120584498	26402
chr11	120558096	120758096	harbor1	chr11	120598502	120599020	LTR/ERVL-MaLR	488	-	259	120598761	40665
chr11	120558096	120758096	harbor1	chr11	120622607	120623013	LTR/ERVL-MaLR	824	-	203	120622810	64714
chr11	59982016	60182016	harbor1	chr11	59999644	59999991	LTR/ERVL-MaLR	1027	-	174	59999818	17802
chr11	59982016	60182016	harbor1	chr11	60000001	60000206	LTR/ERVL-MaLR	541	-	102	60000103	18087
chr11	93898200	94098200	harbor1	chr11	93945217	93945637	LTR/ERVL-MaLR	1807	-	210	93945427	47227
chr11	93898200	94098200	harbor1	chr11	93965136	93965516	LTR/ERVL-MaLR	2475	-	190	93965326	67126
chr11	93898200	94098200	harbor1	chr11	93965815	93965867	LTR/ERVL-MaLR	2475	-	26	93965841	67641
chr11	93898200	94098200	harbor1	chr11	93983635	93983871	LTR/ERVL-MaLR	644	-	118	93983753	85553
chr11	93898200	94098200	harbor1	chr11	93997563	93997931	LTR/ERVL-MaLR	1961	-	184	93997747	99547
chr11	42015526	42215526	harbor1	chr11	42017525	42017817	LTR/ERVL-MaLR	1487	-	146	42017671	2145
chr11	42015526	42215526	harbor1	chr11	42018124	42018174	LTR/ERVL-MaLR	1487	-	25	42018149	2623
chr11	42015526	42215526	harbor1	chr11	42025906	42026260	LTR/ERVL-MaLR	2097	-	177	42026083	10557
chr11	42015526	42215526	harbor1	chr11	42026261	42027831	LTR/ERVL-MaLR	10223	-	785	42027046	11520
chr11	42015526	42215526	harbor1	chr11	42027834	42028209	LTR/ERVL-MaLR	2389	-	188	42028022	12496
chr11	42015526	42215526	harbor1	chr11	42042128	42042543	LTR/ERVL-MaLR	2172	-	208	42042336	26810
chr11	42015526	42215526	harbor1	chr11	42044358	42044873	LTR/ERVL-MaLR	1784	-	258	42044616	29090
chr11	42015526	42215526	harbor1	chr11	42052748	42052880	LTR/ERVL-MaLR	457	-	66	42052814	37288
chr11	42015526	42215526	harbor1	chr11	42065675	42065988	LTR/ERVL-MaLR	698	-	156	42065831	50305
chr11	42015526	42215526	harbor1	chr11	42066957	42067138	LTR/ERVL-MaLR	376	-	90	42067047	51521
chr11	42015526	42215526	harbor1	chr11	42073081	42073741	LTR/ERVL-MaLR	2541	-	330	42073411	57885
chr11	42015526	42215526	harbor1	chr11	42081324	42081713	LTR/ERVL-MaLR	2057	-	194	42081518	65992
chr11	108888658	109088658	harbor1	chr11	108905722	108906070	LTR/ERVL-MaLR	1892	-	174	108905896	17238
chr11	108888658	109088658	harbor1	chr11	108911258	108911556	LTR/ERVL-MaLR	1749	-	149	108911407	22749
chr11	108888658	109088658	harbor1	chr11	108911830	108911910	LTR/ERVL-MaLR	1749	-	40	108911870	23212
chr11	108888658	109088658	harbor1	chr11	108912034	108912330	LTR/ERVL-MaLR	1101	-	148	108912182	23524
chr11	108888658	109088658	harbor1	chr11	108956169	108956604	LTR/ERVL-MaLR	2623	-	218	108956387	67729
chr11	108888658	109088658	harbor1	chr11	108977281	108977713	LTR/ERVL-MaLR	2491	-	216	108977497	88839
chr11	113402843	113602843	harbor1	chr11	113477820	113478130	LTR/ERVL-MaLR	1668	-	155	113477975	75132
chr11	113402843	113602843	harbor1	chr11	113478431	113478503	LTR/ERVL-MaLR	1668	-	36	113478467	75624
chr11	113402843	113602843	harbor1	chr11	113481203	113481595	LTR/ERVL-MaLR	714	-	196	113481399	78556
chr11	131294832	131494832	harbor1	chr11	131336757	131337129	LTR/ERVL-MaLR	944	-	186	131336943	42111
chr11	131294832	131494832	harbor1	chr11	131338253	131338630	LTR/ERVL-MaLR	2382	-	188	131338441	43609
chr11	131294832	131494832	harbor1	chr11	131359551	131359963	LTR/ERVL-MaLR	2468	-	206	131359757	64925
chr11	131294832	131494832	harbor1	chr11	131384788	131385241	LTR/ERVL-MaLR	481	-	226	131385014	90182
chr11	131294832	131494832	harbor1	chr11	131390005	131390397	LTR/ERVL-MaLR	2180	-	196	131390201	95369
chr11	75908492	76108492	harbor1	chr11	75943081	75943153	LTR/ERVL-MaLR	390	-	36	75943117	34625
chr11	75908492	76108492	harbor1	chr11	75946415	75946839	LTR/ERVL-MaLR	2109	-	212	75946627	38135
chr11	75908492	76108492	harbor1	chr11	75946840	75947216	LTR/ERVL-MaLR	1226	-	188	75947028	38536
chr11	75908492	76108492	harbor1	chr11	75947217	75947418	LTR/ERVL-MaLR	2109	-	100	75947317	38825
chr11	75908492	76108492	harbor1	chr11	75993702	75994118	LTR/ERVL-MaLR	2319	-	208	75993910	85418
chr11	124885391	125085391	harbor1	chr11	124951276	124951554	LTR/ERVL-MaLR	1635	-	139	124951415	66024
chr11	124885391	125085391	harbor1	chr11	124951586	124951769	LTR/ERVL-MaLR	1635	-	92	124951678	66287
chr11	124885391	125085391	harbor1	chr11	124957066	124957545	LTR/ERVL-MaLR	851	-	240	124957306	71915
chr11	124885391	125085391	harbor1	chr11	124972552	124973039	LTR/ERVL-MaLR	1637	-	244	124972796	87405
chr11	34784774	34984774	harbor1	chr11	34817871	34818231	LTR/ERVL-MaLR	973	-	180	34818051	33277
chr11	34784774	34984774	harbor1	chr11	34818232	34819804	LTR/ERVL-MaLR	11907	-	786	34819018	34244
chr11	34784774	34984774	harbor1	chr11	34819805	34820179	LTR/ERVL-MaLR	2188	-	187	34819992	35218
chr11	34784774	34984774	harbor1	chr11	34829217	34829642	LTR/ERVL-MaLR	1748	-	212	34829429	44655
chr11	34784774	34984774	harbor1	chr11	34839984	34840218	LTR/ERVL-MaLR	570	-	117	34840101	55327
chr11	34784774	34984774	harbor1	chr11	34877011	34877133	LTR/ERVL-MaLR	429	-	61	34877072	92298
chr11	85135178	85335178	harbor1	chr11	85219481	85219810	LTR/ERVL-MaLR	1204	-	164	85219645	84467
chr11	71340670	71540670	harbor1	chr11	71360689	71360925	LTR/ERVL-MaLR	797	-	118	71360807	20137
chr11	71340670	71540670	harbor1	chr11	71361249	71361437	LTR/ERVL-MaLR	543	-	94	71361343	20673
chr11	71340670	71540670	harbor1	chr11	71373097	71373559	LTR/ERVL-MaLR	849	-	231	71373328	32658
chr11	71340670	71540670	harbor1	chr11	71376398	71376788	LTR/ERVL-MaLR	1635	-	195	71376593	35923
chr11	71340670	71540670	harbor1	chr11	71399312	71399693	LTR/ERVL-MaLR	1690	-	190	71399502	58832
chr11	71340670	71540670	harbor1	chr11	71417124	71417196	LTR/ERVL-MaLR	2385	-	36	71417160	76490
chr11	71340670	71540670	harbor1	chr11	71417504	71417831	LTR/ERVL-MaLR	2385	-	164	71417668	76998
chr11	90873344	91073344	harbor1	chr11	90893566	90893635	LTR/ERVL-MaLR	1287	-	34	90893600	20256
chr11	90873344	91073344	harbor1	chr11	90893940	90894064	LTR/ERVL-MaLR	1287	-	62	90894002	20658
chr11	90873344	91073344	harbor1	chr11	90894380	90894703	LTR/ERVL-MaLR	1287	-	162	90894542	21198
chr11	90873344	91073344	harbor1	chr11	90909791	90910217	LTR/ERVL-MaLR	2247	-	213	90910004	36660
chr11	90873344	91073344	harbor1	chr11	90913841	90914242	LTR/ERVL-MaLR	802	-	200	90914041	40697
chr11	90873344	91073344	harbor1	chr11	90928102	90928464	LTR/ERVL-MaLR	1796	-	181	90928283	54939
chr11	90873344	91073344	harbor1	chr11	90941527	90941680	LTR/ERVL-MaLR	549	-	76	90941603	68259
chr11	83651331	83851331	harbor1	chr11	83719370	83719776	LTR/ERVL-MaLR	1951	-	203	83719573	68242
chr11	21218414	21418414	harbor1	chr11	21219790	21220164	LTR/ERVL-MaLR	1926	-	187	21219977	1563
chr11	21218414	21418414	harbor1	chr11	21242159	21242527	LTR/ERVL-MaLR	774	-	184	21242343	23929
chr11	21218414	21418414	harbor1	chr11	21246693	21247034	LTR/ERVL-MaLR	2320	-	170	21246863	28449
chr11	21218414	21418414	harbor1	chr11	21288678	21289192	LTR/ERVL-MaLR	737	-	257	21288935	70521
chr11	21218414	21418414	harbor1	chr11	21302063	21302489	LTR/ERVL-MaLR	889	-	213	21302276	83862
chr11	21218414	21418414	harbor1	chr11	21303784	21304102	LTR/ERVL-MaLR	1356	-	159	21303943	85529
chr11	21218414	21418414	harbor1	chr11	21309587	21309942	LTR/ERVL-MaLR	2119	-	178	21309765	91351
chr11	21218414	21418414	harbor1	chr11	21313528	21313803	LTR/ERVL-MaLR	1366	-	138	21313666	95252
chr11	21218414	21418414	harbor1	chr11	21314225	21314337	LTR/ERVL-MaLR	671	-	56	21314281	95867
chr11	43290743	43490743	harbor1	chr11	43303932	43304195	LTR/ERVL-MaLR	1921	-	132	43304064	13321
chr11	43290743	43490743	harbor1	chr11	43304487	43304593	LTR/ERVL-MaLR	1921	-	53	43304540	13797
chr11	43290743	43490743	harbor1	chr11	43308565	43308846	LTR/ERVL-MaLR	1219	-	140	43308705	17962
chr11	43290743	43490743	harbor1	chr11	43387346	43387442	LTR/ERVL-MaLR	432	-	48	43387394	96651
chr11	43290743	43490743	harbor1	chr11	43387512	43387777	LTR/ERVL-MaLR	589	-	132	43387644	96901
chr11	45126574	45326574	harbor1	chr11	45131752	45132336	LTR/ERVL-MaLR	1407	-	292	45132044	5470
chr11	45126574	45326574	harbor1	chr11	45141488	45142033	LTR/ERVL-MaLR	1152	-	272	45141760	15186
chr11	45126574	45326574	harbor1	chr11	45166063	45166514	LTR/ERVL-MaLR	827	-	226	45166289	39715
chr11	45126574	45326574	harbor1	chr11	45179450	45179763	LTR/ERVL-MaLR	1155	-	156	45179606	53032
chr11	65756855	65956855	harbor1	chr11	65774335	65774412	LTR/ERVL-MaLR	379	-	38	65774373	17518
chr11	65756855	65956855	harbor1	chr11	65774709	65774784	LTR/ERVL-MaLR	379	-	38	65774747	17892
chr11	65756855	65956855	harbor1	chr11	65828415	65828830	LTR/ERVL-MaLR	1065	-	208	65828623	71768
chr11	92716202	92916202	harbor1	chr11	92721671	92722015	LTR/ERVL-MaLR	2031	-	172	92721843	5641
chr11	92716202	92916202	harbor1	chr11	92722020	92723580	LTR/ERVL-MaLR	11290	-	780	92722800	6598
chr11	92716202	92916202	harbor1	chr11	92723581	92723924	LTR/ERVL-MaLR	2301	-	172	92723753	7551
chr11	92716202	92916202	harbor1	chr11	92724005	92724467	LTR/ERVL-MaLR	1101	-	231	92724236	8034
chr11	92716202	92916202	harbor1	chr11	92728543	92729028	LTR/ERVL-MaLR	1408	-	242	92728785	12583
chr11	92716202	92916202	harbor1	chr11	92746161	92746516	LTR/ERVL-MaLR	2072	-	178	92746339	30137
chr11	92716202	92916202	harbor1	chr11	92746517	92748058	LTR/ERVL-MaLR	10951	-	770	92747287	31085
chr11	92716202	92916202	harbor1	chr11	92748060	92748412	LTR/ERVL-MaLR	2284	-	176	92748236	32034
chr11	92716202	92916202	harbor1	chr11	92761089	92761440	LTR/ERVL-MaLR	1966	-	176	92761265	45063
chr11	92716202	92916202	harbor1	chr11	92761441	92761709	LTR/ERVL-MaLR	684	-	134	92761575	45373
chr11	85701783	85901783	harbor1	chr11	85781061	85781439	LTR/ERVL-MaLR	2986	-	189	85781250	79467
chr11	85701783	85901783	harbor1	chr11	85781440	85783073	LTR/ERVL-MaLR	11323	-	816	85782256	80473
chr11	85701783	85901783	harbor1	chr11	85783074	85783449	LTR/ERVL-MaLR	3017	-	188	85783262	81479
chr11	115650011	115850011	harbor1	chr11	115657221	115657630	LTR/ERVL-MaLR	2851	-	204	115657425	7414
chr11	115650011	115850011	harbor1	chr11	115705527	115705978	LTR/ERVL-MaLR	805	-	226	115705753	55742
chr11	115650011	115850011	harbor1	chr11	115707198	115707552	LTR/ERVL-MaLR	2103	-	177	115707375	57364
chr11	115650011	115850011	harbor1	chr11	115733938	115734317	LTR/ERVL-MaLR	2014	-	190	115734128	84117
chr11	119410322	119610322	harbor1	chr11	119411591	119411956	LTR/ERVL-MaLR	2154	-	182	119411773	1451
chr11	119410322	119610322	harbor1	chr11	119414319	119414776	LTR/ERVL-MaLR	1455	-	228	119414547	4225
chr11	119410322	119610322	harbor1	chr11	119437094	119437336	LTR/ERVL-MaLR	1455	-	121	119437215	26893
chr11	119410322	119610322	harbor1	chr11	119438299	119438448	LTR/ERVL-MaLR	1455	-	74	119438373	28051
chr11	119410322	119610322	harbor1	chr11	119441256	119441502	LTR/ERVL-MaLR	1643	-	123	119441379	31057
chr11	119410322	119610322	harbor1	chr11	119441503	119441566	LTR/ERVL-MaLR	2406	-	32	119441535	31213
chr11	119410322	119610322	harbor1	chr11	119441858	119442205	LTR/ERVL-MaLR	2406	-	174	119442032	31710
chr11	119410322	119610322	harbor1	chr11	119442206	119442365	LTR/ERVL-MaLR	1643	-	80	119442286	31964
chr11	119410322	119610322	harbor1	chr11	119449979	119450462	LTR/ERVL-MaLR	1202	-	242	119450221	39899
chr11	119410322	119610322	harbor1	chr11	119487738	119488107	LTR/ERVL-MaLR	2347	-	184	119487922	77600
chr11	119410322	119610322	harbor1	chr11	119503782	119504101	LTR/ERVL-MaLR	1458	-	160	119503942	93620
chr11	119410322	119610322	harbor1	chr11	119509841	119510399	LTR/ERVL-MaLR	1061	-	279	119510120	99798
chr11	122520816	122720816	harbor1	chr11	122530615	122530968	LTR/ERVL-MaLR	731	-	176	122530791	9975
chr11	37570529	37770529	harbor1	chr11	37592969	37593413	LTR/ERVL-MaLR	1074	-	222	37593191	22662
chr11	37570529	37770529	harbor1	chr11	37634211	37634582	LTR/ERVL-MaLR	1982	-	186	37634397	63868
chr11	37570529	37770529	harbor1	chr11	37645030	37645096	LTR/ERVL-MaLR	1604	-	33	37645063	74534
chr11	37570529	37770529	harbor1	chr11	37645379	37645821	LTR/ERVL-MaLR	1604	-	221	37645600	75071
chr11	37570529	37770529	harbor1	chr11	37661060	37661567	LTR/ERVL-MaLR	1447	-	254	37661314	90785
chr11	37570529	37770529	harbor1	chr11	37661575	37661790	LTR/ERVL-MaLR	557	-	108	37661683	91154
chr11	37570529	37770529	harbor1	chr11	37664890	37664926	LTR/ERVL-MaLR	1192	-	18	37664908	94379
chr11	37570529	37770529	harbor1	chr11	37665250	37665574	LTR/ERVL-MaLR	1192	-	162	37665412	94883
chr11	37570529	37770529	harbor1	chr11	37666421	37666839	LTR/ERVL-MaLR	2297	-	209	37666630	96101
chr11	63142196	63342196	harbor1	chr11	63145675	63146052	LTR/ERVL-MaLR	1721	-	188	63145863	3667
chr11	63142196	63342196	harbor1	chr11	63148255	63148676	LTR/ERVL-MaLR	2226	-	210	63148465	6269
chr11	63142196	63342196	harbor1	chr11	63160991	63161118	LTR/ERVL-MaLR	896	-	64	63161055	18859
chr11	87531156	87731156	harbor1	chr11	87542179	87542553	LTR/ERVL-MaLR	2254	-	187	87542366	11210
chr11	87531156	87731156	harbor1	chr11	87542556	87544091	LTR/ERVL-MaLR	10225	-	768	87543324	12168
chr11	87531156	87731156	harbor1	chr11	87544092	87544462	LTR/ERVL-MaLR	2287	-	185	87544277	13121
chr11	87531156	87731156	harbor1	chr11	87544638	87545042	LTR/ERVL-MaLR	2306	-	202	87544840	13684
chr11	87531156	87731156	harbor1	chr11	87561078	87561442	LTR/ERVL-MaLR	1810	-	182	87561260	30104
chr11	87531156	87731156	harbor1	chr11	87575224	87575301	LTR/ERVL-MaLR	409	-	38	87575262	44106
chr11	87531156	87731156	harbor1	chr11	87600267	87600562	LTR/ERVL-MaLR	1224	-	148	87600415	69259
chr11	105371050	105571050	harbor1	chr11	105374635	105375004	LTR/ERVL-MaLR	2134	-	184	105374819	3769
chr11	105371050	105571050	harbor1	chr11	105375010	105376606	LTR/ERVL-MaLR	10387	-	798	105375808	4758
chr11	105371050	105571050	harbor1	chr11	105376607	105376977	LTR/ERVL-MaLR	2299	-	185	105376792	5742
chr11	105371050	105571050	harbor1	chr11	105407186	105407490	LTR/ERVL-MaLR	692	-	152	105407338	36288
chr11	105371050	105571050	harbor1	chr11	105433608	105433980	LTR/ERVL-MaLR	1986	-	186	105433794	62744
chr11	105371050	105571050	harbor1	chr11	105468990	105469100	LTR/ERVL-MaLR	708	-	55	105469045	97995
chr11	47508586	47708586	harbor1	chr11	47539803	47540083	LTR/ERVL-MaLR	693	-	140	47539943	31357
chr11	64984594	65184594	harbor1	chr11	64999294	64999643	LTR/ERVL-MaLR	1514	-	174	64999468	14874
chr11	64984594	65184594	harbor1	chr11	65001651	65002091	LTR/ERVL-MaLR	1458	-	220	65001871	17277
chr11	64984594	65184594	harbor1	chr11	65073667	65073769	LTR/ERVL-MaLR	394	-	51	65073718	89124
chr11	125658338	125858338	harbor1	chr11	125662110	125662473	LTR/ERVL-MaLR	2018	-	182	125662292	3954
chr11	19836162	20036162	harbor1	chr11	19836720	19837077	LTR/ERVL-MaLR	2008	-	178	19836898	736
chr11	19836162	20036162	harbor1	chr11	19906073	19906467	LTR/ERVL-MaLR	1492	-	197	19906270	70108
chr11	86048710	86248710	harbor1	chr11	86109132	86109521	LTR/ERVL-MaLR	2460	-	194	86109326	60616
chr11	86048710	86248710	harbor1	chr11	86121436	86121763	LTR/ERVL-MaLR	1812	-	164	86121600	72890
chr11	86048710	86248710	harbor1	chr11	86122079	86122160	LTR/ERVL-MaLR	1812	-	40	86122119	73409
chr11	103799422	103999422	harbor1	chr11	103823226	103823560	LTR/ERVL-MaLR	2224	-	167	103823393	23971
chr11	103799422	103999422	harbor1	chr11	103836831	103837204	LTR/ERVL-MaLR	2130	-	186	103837017	37595
chr11	103799422	103999422	harbor1	chr11	103850135	103850714	LTR/ERVL-MaLR	1656	-	290	103850425	51003
chr11	103799422	103999422	harbor1	chr11	103852760	103853150	LTR/ERVL-MaLR	974	-	195	103852955	53533
chr11	103799422	103999422	harbor1	chr11	103861377	103861738	LTR/ERVL-MaLR	1991	-	180	103861557	62135
chr11	103799422	103999422	harbor1	chr11	103879801	103879998	LTR/ERVL-MaLR	1235	-	98	103879899	80477
chr11	103799422	103999422	harbor1	chr11	103880051	103880238	LTR/ERVL-MaLR	1235	-	94	103880145	80723
chr11	103799422	103999422	harbor1	chr11	103889885	103890110	LTR/ERVL-MaLR	1617	-	112	103889997	90575
chr11	103799422	103999422	harbor1	chr11	103890474	103890606	LTR/ERVL-MaLR	1617	-	66	103890540	91118
chr11	103799422	103999422	harbor1	chr11	103895247	103895541	LTR/ERVL-MaLR	417	-	147	103895394	95972
chr11	103799422	103999422	harbor1	chr11	103895636	103895899	LTR/ERVL-MaLR	395	-	132	103895768	96346
chr11	103799422	103999422	harbor1	chr11	103895979	103896063	LTR/ERVL-MaLR	375	-	42	103896021	96599
chr11	15504865	15704865	harbor1	chr11	15547764	15548115	LTR/ERVL-MaLR	1378	-	176	15547940	43075
chr11	15504865	15704865	harbor1	chr11	15548173	15548372	LTR/ERVL-MaLR	1004	-	100	15548273	43408
chr11	64519292	64719292	harbor1	chr11	64525322	64525481	LTR/ERVL-MaLR	822	-	80	64525402	6110
chr11	64519292	64719292	harbor1	chr11	64525565	64525702	LTR/ERVL-MaLR	526	-	68	64525633	6341
chr11	64519292	64719292	harbor1	chr11	64532374	64532762	LTR/ERVL-MaLR	1683	-	194	64532568	13276
chr11	95346553	95546553	harbor1	chr11	95366944	95367349	LTR/ERVL-MaLR	2642	-	202	95367146	20593
chr11	95346553	95546553	harbor1	chr11	95375897	95376399	LTR/ERVL-MaLR	2029	-	251	95376148	29595
chr11	95346553	95546553	harbor1	chr11	95391126	95391515	LTR/ERVL-MaLR	1720	-	194	95391320	44767
chr11	95346553	95546553	harbor1	chr11	95391530	95392023	LTR/ERVL-MaLR	2050	-	246	95391776	45223
chr11	95346553	95546553	harbor1	chr11	95392020	95392213	LTR/ERVL-MaLR	800	-	96	95392116	45563
chr11	95346553	95546553	harbor1	chr11	95392216	95392609	LTR/ERVL-MaLR	2175	-	196	95392412	45859
chr11	95346553	95546553	harbor1	chr11	95443904	95444281	LTR/ERVL-MaLR	1484	-	188	95444092	97539
chr11	26323792	26523792	harbor1	chr11	26356610	26357086	LTR/ERVL-MaLR	1806	-	238	26356848	33056
chr11	26323792	26523792	harbor1	chr11	26363305	26363669	LTR/ERVL-MaLR	1456	-	182	26363487	39695
chr11	26323792	26523792	harbor1	chr11	26364420	26364840	LTR/ERVL-MaLR	2333	-	210	26364630	40838
chr11	26323792	26523792	harbor1	chr11	26364841	26365954	LTR/ERVL-MaLR	5642	-	556	26365397	41605
chr11	26323792	26523792	harbor1	chr11	26367261	26367621	LTR/ERVL-MaLR	2021	-	180	26367441	43649
chr11	26323792	26523792	harbor1	chr11	26367622	26368067	LTR/ERVL-MaLR	2144	-	222	26367844	44052
chr11	26323792	26523792	harbor1	chr11	26380372	26380692	LTR/ERVL-MaLR	1600	-	160	26380532	56740
chr11	26323792	26523792	harbor1	chr11	26385311	26385773	LTR/ERVL-MaLR	1483	-	231	26385542	61750
chr11	26323792	26523792	harbor1	chr11	26391053	26391477	LTR/ERVL-MaLR	1716	-	212	26391265	67473
chr11	26323792	26523792	harbor1	chr11	26401021	26401475	LTR/ERVL-MaLR	694	-	227	26401248	77456
chr11	26323792	26523792	harbor1	chr11	26406070	26406421	LTR/ERVL-MaLR	1275	-	176	26406246	82454
chr11	26323792	26523792	harbor1	chr11	26418952	26419331	LTR/ERVL-MaLR	2184	-	190	26419142	95350
chr11	89419473	89619473	harbor1	chr11	89467423	89467774	LTR/ERVL-MaLR	1660	-	176	89467599	48126
chr11	89419473	89619473	harbor1	chr11	89494798	89494943	LTR/ERVL-MaLR	1646	-	72	89494870	75397
chr11	89419473	89619473	harbor1	chr11	89495269	89495621	LTR/ERVL-MaLR	1646	-	176	89495445	75972
chr11	119918545	120118545	harbor1	chr11	119976636	119976953	LTR/ERVL-MaLR	1517	-	158	119976794	58249
chr11	119918545	120118545	harbor1	chr11	119998207	119998586	LTR/ERVL-MaLR	2198	-	190	119998397	79852
chr11	119918545	120118545	harbor1	chr11	120005546	120005658	LTR/ERVL-MaLR	376	-	56	120005602	87057
chr11	119918545	120118545	harbor1	chr11	120006110	120006491	LTR/ERVL-MaLR	2257	-	190	120006300	87755
chr11	119918545	120118545	harbor1	chr11	119930866	119931288	LTR/ERVL-MaLR	1450	-	211	119931077	12532
chr11	4361447	4561447	harbor1	chr11	4423137	4423507	LTR/ERVL-MaLR	2289	-	185	4423322	61875
chr11	4361447	4561447	harbor1	chr11	4424214	4424579	LTR/ERVL-MaLR	1488	-	182	4424396	62949
chr11	79761023	79961023	harbor1	chr11	79817969	79818375	LTR/ERVL-MaLR	1187	-	203	79818172	57149
chr11	133712620	133912620	harbor1	chr11	133717773	133718123	LTR/ERVL-MaLR	1437	-	175	133717948	5328
chr11	133712620	133912620	harbor1	chr11	133729185	133729395	LTR/ERVL-MaLR	1806	-	105	133729290	16670
chr11	133712620	133912620	harbor1	chr11	133729697	133729849	LTR/ERVL-MaLR	1806	-	76	133729773	17153
chr11	133712620	133912620	harbor1	chr11	133735213	133735605	LTR/ERVL-MaLR	2241	-	196	133735409	22789
chr11	133712620	133912620	harbor1	chr11	133736187	133736503	LTR/ERVL-MaLR	1246	-	158	133736345	23725
chr11	133712620	133912620	harbor1	chr11	133742697	133743093	LTR/ERVL-MaLR	2015	-	198	133742895	30275
chr11	133712620	133912620	harbor1	chr11	133748622	133749004	LTR/ERVL-MaLR	1858	-	191	133748813	36193
chr11	133712620	133912620	harbor1	chr11	133798263	133798900	LTR/ERVL-MaLR	2293	-	318	133798581	85961
chr11	133712620	133912620	harbor1	chr11	133802413	133802845	LTR/ERVL-MaLR	1029	-	216	133802629	90009
chr11	133712620	133912620	harbor1	chr11	133803165	133803492	LTR/ERVL-MaLR	827	-	164	133803329	90709
chr11	116771077	116971077	harbor1	chr11	116771802	116772202	LTR/ERVL-MaLR	1669	-	200	116772002	925
chr11	116771077	116971077	harbor1	chr11	116793651	116794050	LTR/ERVL-MaLR	1495	-	200	116793851	22774
chr11	116771077	116971077	harbor1	chr11	116795926	116796210	LTR/ERVL-MaLR	498	-	142	116796068	24991
chr11	116771077	116971077	harbor1	chr11	116796512	116796650	LTR/ERVL-MaLR	498	-	69	116796581	25504
chr11	116771077	116971077	harbor1	chr11	116797318	116797386	LTR/ERVL-MaLR	498	-	34	116797352	26275
chr11	116771077	116971077	harbor1	chr11	116813086	116813500	LTR/ERVL-MaLR	1900	-	207	116813293	42216
chr11	116771077	116971077	harbor1	chr11	116816919	116817365	LTR/ERVL-MaLR	517	-	223	116817142	46065
chr11	116771077	116971077	harbor1	chr11	116817480	116817843	LTR/ERVL-MaLR	2205	-	182	116817662	46585
chr11	110918049	111118049	harbor1	chr11	110935252	110935517	LTR/ERVL-MaLR	591	-	132	110935384	17335
chr11	110918049	111118049	harbor1	chr11	110948698	110949053	LTR/ERVL-MaLR	2312	-	178	110948876	30827
chr11	110918049	111118049	harbor1	chr11	110954791	110955201	LTR/ERVL-MaLR	2553	-	205	110954996	36947
chr11	110918049	111118049	harbor1	chr11	110965701	110966115	LTR/ERVL-MaLR	2577	-	207	110965908	47859
chr11	110918049	111118049	harbor1	chr11	110971107	110971423	LTR/ERVL-MaLR	756	-	158	110971265	53216
chr11	1771470	1971470	harbor1	chr11	1776539	1776987	LTR/ERVL-MaLR	1518	-	224	1776763	5293
chr11	1771470	1971470	harbor1	chr11	1784287	1784642	LTR/ERVL-MaLR	1897	-	178	1784465	12995
chr11	1771470	1971470	harbor1	chr11	1786402	1786912	LTR/ERVL-MaLR	1879	-	255	1786657	15187
chr11	1771470	1971470	harbor1	chr11	1814039	1814295	LTR/ERVL-MaLR	1151	-	128	1814167	42697
chr11	1771470	1971470	harbor1	chr11	1814521	1814609	LTR/ERVL-MaLR	469	-	44	1814565	43095
chr11	1771470	1971470	harbor1	chr11	1819258	1819804	LTR/ERVL-MaLR	872	-	273	1819531	48061
chr11	1771470	1971470	harbor1	chr11	1850194	1850363	LTR/ERVL-MaLR	827	-	84	1850278	78808
chr11	1771470	1971470	harbor1	chr11	1850680	1850868	LTR/ERVL-MaLR	827	-	94	1850774	79304
chr11	98690736	98890736	harbor1	chr11	98697790	98698932	LTR/ERVL-MaLR	4036	-	571	98698361	7625
chr11	98690736	98890736	harbor1	chr11	98698934	98699215	LTR/ERVL-MaLR	1301	-	140	98699074	8338
chr11	98690736	98890736	harbor1	chr11	98699209	98699428	LTR/ERVL-MaLR	745	-	110	98699319	8583
chr11	98690736	98890736	harbor1	chr11	98719718	98720077	LTR/ERVL-MaLR	1993	-	180	98719898	29162
chr11	7169473	7369473	harbor1	chr11	7239369	7239566	LTR/ERVL-MaLR	646	-	98	7239467	69994
chr11	7169473	7369473	harbor1	chr11	7245547	7245875	LTR/ERVL-MaLR	1156	-	164	7245711	76238
chr11	7169473	7369473	harbor1	chr11	7246642	7246863	LTR/ERVL-MaLR	462	-	110	7246752	77279
chr11	7169473	7369473	harbor1	chr11	7246878	7247096	LTR/ERVL-MaLR	1030	-	109	7246987	77514
chr11	7169473	7369473	harbor1	chr11	7249056	7249195	LTR/ERVL-MaLR	517	-	70	7249126	79653
chr11	7169473	7369473	harbor1	chr11	7249285	7249487	LTR/ERVL-MaLR	634	-	101	7249386	79913
chr11	7169473	7369473	harbor1	chr11	7263143	7263480	LTR/ERVL-MaLR	1873	-	168	7263311	93838
chr11	103732200	103932200	harbor1	chr11	103747515	103747852	LTR/ERVL-MaLR	399	-	168	103747683	15483
chr11	103732200	103932200	harbor1	chr11	103823226	103823560	LTR/ERVL-MaLR	2224	-	167	103823393	91193
chr11	79049072	79249072	harbor1	chr11	79076289	79076621	LTR/ERVL-MaLR	2204	-	166	79076455	27383
chr11	37779393	37979393	harbor1	chr11	37806135	37806508	LTR/ERVL-MaLR	1695	-	186	37806321	26928
chr11	37779393	37979393	harbor1	chr11	37810718	37811067	LTR/ERVL-MaLR	1323	-	174	37810892	31499
chr11	37779393	37979393	harbor1	chr11	37841141	37841215	LTR/ERVL-MaLR	697	-	37	37841178	61785
chr11	37779393	37979393	harbor1	chr11	37841850	37842050	LTR/ERVL-MaLR	697	-	100	37841950	62557
chr11	37779393	37979393	harbor1	chr11	37843778	37843982	LTR/ERVL-MaLR	1052	-	102	37843880	64487
chr11	37779393	37979393	harbor1	chr11	37844289	37844398	LTR/ERVL-MaLR	1052	-	54	37844343	64950
chr11	37779393	37979393	harbor1	chr11	37856123	37856538	LTR/ERVL-MaLR	1917	-	208	37856331	76938
chr11	50114551	50314551	harbor1	chr11	50138816	50138868	LTR/ERVL-MaLR	593	-	26	50138842	24291
chr11	50114551	50314551	harbor1	chr11	50139253	50139573	LTR/ERVL-MaLR	593	-	160	50139413	24862
chr11	50114551	50314551	harbor1	chr11	50139869	50140211	LTR/ERVL-MaLR	1209	-	171	50140040	25489
chr11	50114551	50314551	harbor1	chr11	50160701	50161042	LTR/ERVL-MaLR	2065	-	170	50160871	46320
chr11	50114551	50314551	harbor1	chr11	50201125	50201491	LTR/ERVL-MaLR	2163	-	183	50201308	86757
chr11	50114551	50314551	harbor1	chr11	50202917	50203132	LTR/ERVL-MaLR	1052	-	108	50203025	88474
chr11	50114551	50314551	harbor1	chr11	50212041	50212400	LTR/ERVL-MaLR	2056	-	180	50212221	97670
chr11	50114551	50314551	harbor1	chr11	50134683	50135062	LTR/ERVL-MaLR	799	-	190	50134873	20322
chr11	5614605	5814605	harbor1	chr11	5628686	5628994	LTR/ERVL-MaLR	1475	-	154	5628840	14235
chr11	5614605	5814605	harbor1	chr11	5629292	5629390	LTR/ERVL-MaLR	1475	-	49	5629341	14736
chr11	5614605	5814605	harbor1	chr11	5693773	5694192	LTR/ERVL-MaLR	1698	-	210	5693983	79378
chr11	5614605	5814605	harbor1	chr11	5709776	5710190	LTR/ERVL-MaLR	1323	-	207	5709983	95378
chr11	5614605	5814605	harbor1	chr11	5713009	5713550	LTR/ERVL-MaLR	974	-	270	5713279	98674
chr11	125205258	125405258	harbor1	chr11	125218745	125219026	LTR/ERVL-MaLR	895	-	140	125218885	13627
chr11	125205258	125405258	harbor1	chr11	125236929	125237486	LTR/ERVL-MaLR	1691	-	278	125237207	31949
chr11	125205258	125405258	harbor1	chr11	125246096	125246466	LTR/ERVL-MaLR	1359	-	185	125246281	41023
chr11	125205258	125405258	harbor1	chr11	125298924	125299342	LTR/ERVL-MaLR	2554	-	209	125299133	93875
chr11	109185014	109385014	harbor1	chr11	109258157	109258309	LTR/ERVL-MaLR	1054	-	76	109258233	73219
chr11	35947292	36147292	harbor1	chr11	35974382	35974892	LTR/ERVL-MaLR	1245	-	255	35974637	27345
chr11	35947292	36147292	harbor1	chr11	35977097	35977381	LTR/ERVL-MaLR	1076	-	142	35977239	29947
chr11	35947292	36147292	harbor1	chr11	35977621	35977948	LTR/ERVL-MaLR	1761	-	164	35977785	30493
chr11	35947292	36147292	harbor1	chr11	35982073	35982546	LTR/ERVL-MaLR	2128	-	236	35982309	35017
chr11	35947292	36147292	harbor1	chr11	35986473	35986778	LTR/ERVL-MaLR	415	-	152	35986625	39333
chr11	35947292	36147292	harbor1	chr11	35990184	35990425	LTR/ERVL-MaLR	2002	-	120	35990304	43012
chr11	35947292	36147292	harbor1	chr11	35990716	35990940	LTR/ERVL-MaLR	2002	-	112	35990828	43536
chr11	35947292	36147292	harbor1	chr11	36003704	36004071	LTR/ERVL-MaLR	1923	-	184	36003888	56596
chr11	35947292	36147292	harbor1	chr11	36004072	36005673	LTR/ERVL-MaLR	11545	-	800	36004872	57580
chr11	35947292	36147292	harbor1	chr11	36005674	36006037	LTR/ERVL-MaLR	1707	-	182	36005856	58564
chr11	35947292	36147292	harbor1	chr11	36031877	36032238	LTR/ERVL-MaLR	2119	-	180	36032057	84765
chr11	35947292	36147292	harbor1	chr11	36045344	36045529	LTR/ERVL-MaLR	978	-	92	36045436	98144
chr11	35947292	36147292	harbor1	chr11	36046420	36046647	LTR/ERVL-MaLR	955	-	114	36046534	99242
chr11	60942901	61142901	harbor1	chr11	60957473	60957545	LTR/ERVL-MaLR	2351	-	36	60957509	14608
chr11	60942901	61142901	harbor1	chr11	60957853	60958222	LTR/ERVL-MaLR	2351	-	184	60958037	15136
chr11	60942901	61142901	harbor1	chr11	60986785	60986847	LTR/ERVL-MaLR	1695	-	31	60986816	43915
chr11	60942901	61142901	harbor1	chr11	60987135	60987500	LTR/ERVL-MaLR	1695	-	182	60987317	44416
chr11	60942901	61142901	harbor1	chr11	61002646	61002954	LTR/ERVL-MaLR	1869	-	154	61002800	59899
chr11	60942901	61142901	harbor1	chr11	61003265	61003358	LTR/ERVL-MaLR	1869	-	46	61003311	60410
chr11	60942901	61142901	harbor1	chr11	61004681	61004792	LTR/ERVL-MaLR	388	-	56	61004737	61836
chr11	60942901	61142901	harbor1	chr11	61016453	61016633	LTR/ERVL-MaLR	386	-	90	61016543	73642
chr11	933167	1133167	harbor1	chr11	958689	958851	LTR/ERVL-MaLR	847	-	81	958770	25603
chr11	106840786	107040786	harbor1	chr11	106857114	106857454	LTR/ERVL-MaLR	1666	-	170	106857284	16498
chr11	106840786	107040786	harbor1	chr11	106871319	106871676	LTR/ERVL-MaLR	1299	-	178	106871497	30711
chr11	106840786	107040786	harbor1	chr11	106875368	106875668	LTR/ERVL-MaLR	808	-	150	106875518	34732
chr11	106840786	107040786	harbor1	chr11	106905292	106905568	LTR/ERVL-MaLR	638	-	138	106905430	64644
chr11	106840786	107040786	harbor1	chr11	106913201	106913640	LTR/ERVL-MaLR	2066	-	220	106913421	72635
chr11	35290323	35490323	harbor1	chr11	35308423	35308768	LTR/ERVL-MaLR	1341	-	172	35308595	18272
chr11	35290323	35490323	harbor1	chr11	35320929	35321305	LTR/ERVL-MaLR	2744	-	188	35321117	30794
chr11	39722455	39922455	harbor1	chr11	39728240	39728311	LTR/ERVL-MaLR	686	-	36	39728276	5821
chr11	39722455	39922455	harbor1	chr11	39728312	39728665	LTR/ERVL-MaLR	1815	-	176	39728488	6033
chr11	39722455	39922455	harbor1	chr11	39728666	39728784	LTR/ERVL-MaLR	686	-	59	39728725	6270
chr11	39722455	39922455	harbor1	chr11	39729361	39729636	LTR/ERVL-MaLR	1216	-	138	39729499	7044
chr11	39722455	39922455	harbor1	chr11	39803701	39804086	LTR/ERVL-MaLR	2119	-	192	39803893	81438
chr11	39722455	39922455	harbor1	chr11	39815601	39816172	LTR/ERVL-MaLR	2023	-	286	39815887	93432
chr11	39722455	39922455	harbor1	chr11	39819091	39819444	LTR/ERVL-MaLR	2286	-	176	39819267	96812
chr11	39722455	39922455	harbor1	chr11	39819445	39821127	LTR/ERVL-MaLR	10020	-	841	39820286	97831
chr11	39722455	39922455	harbor1	chr11	39821130	39821462	LTR/ERVL-MaLR	2128	-	166	39821296	98841
chr11	69507716	69707716	harbor1	chr11	69515901	69516306	LTR/ERVL-MaLR	2275	-	202	69516103	8387
chr11	69507716	69707716	harbor1	chr11	69520212	69520594	LTR/ERVL-MaLR	2109	-	191	69520403	12687
chr11	69507716	69707716	harbor1	chr11	69520684	69521722	LTR/ERVL-MaLR	6278	-	519	69521203	13487
chr11	69507716	69707716	harbor1	chr11	69521723	69522066	LTR/ERVL-MaLR	1893	-	172	69521895	14179
chr11	69507716	69707716	harbor1	chr11	69522070	69522117	LTR/ERVL-MaLR	1851	-	24	69522094	14378
chr11	69507716	69707716	harbor1	chr11	69522445	69522780	LTR/ERVL-MaLR	1851	-	168	69522613	14897
chr11	69507716	69707716	harbor1	chr11	69543310	69543421	LTR/ERVL-MaLR	1059	-	56	69543366	35650
chr11	69507716	69707716	harbor1	chr11	69543835	69544159	LTR/ERVL-MaLR	1059	-	162	69543997	36281
chr11	69507716	69707716	harbor1	chr11	69557002	69557402	LTR/ERVL-MaLR	1868	-	200	69557202	49486
chr11	69507716	69707716	harbor1	chr11	69584472	69584829	LTR/ERVL-MaLR	1985	-	178	69584650	76934
chr11	69507716	69707716	harbor1	chr11	69597411	69597793	LTR/ERVL-MaLR	1003	-	191	69597602	89886
chr11	91833360	92033360	harbor1	chr11	91839098	91839230	LTR/ERVL-MaLR	864	-	66	91839164	5804
chr11	91833360	92033360	harbor1	chr11	91839483	91839798	LTR/ERVL-MaLR	864	-	158	91839641	6281
chr11	91833360	92033360	harbor1	chr11	91851917	91852272	LTR/ERVL-MaLR	1501	-	178	91852095	18735
chr11	91833360	92033360	harbor1	chr11	91881077	91881434	LTR/ERVL-MaLR	2005	-	178	91881255	47895
chr11	91833360	92033360	harbor1	chr11	91886483	91886944	LTR/ERVL-MaLR	1136	-	230	91886713	53353
chr11	91833360	92033360	harbor1	chr11	91891568	91891944	LTR/ERVL-MaLR	1803	-	188	91891756	58396
chr11	91833360	92033360	harbor1	chr11	91896951	91897355	LTR/ERVL-MaLR	1846	-	202	91897153	63793
chr11	91833360	92033360	harbor1	chr11	91914504	91914865	LTR/ERVL-MaLR	1857	-	180	91914684	81324
chr11	91833360	92033360	harbor1	chr11	91914866	91915568	LTR/ERVL-MaLR	4672	-	351	91915217	81857
chr11	91833360	92033360	harbor1	chr11	91915872	91916332	LTR/ERVL-MaLR	4672	-	230	91916102	82742
chr11	91833360	92033360	harbor1	chr11	91919020	91919496	LTR/ERVL-MaLR	2697	-	238	91919258	85898
chr11	91833360	92033360	harbor1	chr11	91919498	91919855	LTR/ERVL-MaLR	1895	-	178	91919676	86316
chr11	132945827	133145827	harbor1	chr11	132951212	132951556	LTR/ERVL-MaLR	1066	-	172	132951384	5557
chr11	132945827	133145827	harbor1	chr11	132968234	132968695	LTR/ERVL-MaLR	2086	-	230	132968464	22637
chr11	132945827	133145827	harbor1	chr11	132985134	132985746	LTR/ERVL-MaLR	2265	-	306	132985440	39613
chr11	132945827	133145827	harbor1	chr11	133003154	133003600	LTR/ERVL-MaLR	1451	-	223	133003377	57550
chr11	132945827	133145827	harbor1	chr11	133016105	133016673	LTR/ERVL-MaLR	1977	-	284	133016389	70562
chr11	132945827	133145827	harbor1	chr11	133017004	133017313	LTR/ERVL-MaLR	1265	-	154	133017158	71331
chr11	109697390	109897390	harbor1	chr11	109712638	109712981	LTR/ERVL-MaLR	1679	-	172	109712810	15420
chr11	109697390	109897390	harbor1	chr11	109713688	109714048	LTR/ERVL-MaLR	2173	-	180	109713868	16478
chr11	109697390	109897390	harbor1	chr11	109714049	109715631	LTR/ERVL-MaLR	11727	-	791	109714840	17450
chr11	109697390	109897390	harbor1	chr11	109715632	109715981	LTR/ERVL-MaLR	2009	-	174	109715806	18416
chr11	109697390	109897390	harbor1	chr11	109718258	109718614	LTR/ERVL-MaLR	2297	-	178	109718436	21046
chr11	109697390	109897390	harbor1	chr11	109723282	109723634	LTR/ERVL-MaLR	2045	-	176	109723458	26068
chr11	109697390	109897390	harbor1	chr11	109754933	109755247	LTR/ERVL-MaLR	466	-	157	109755090	57700
chr11	109697390	109897390	harbor1	chr11	109756555	109756856	LTR/ERVL-MaLR	544	-	150	109756705	59315
chr11	109697390	109897390	harbor1	chr11	109774964	109775338	LTR/ERVL-MaLR	2306	-	187	109775151	77761
chr11	109697390	109897390	harbor1	chr11	109775910	109776324	LTR/ERVL-MaLR	2475	-	207	109776117	78727
chr11	109697390	109897390	harbor1	chr11	109778186	109778653	LTR/ERVL-MaLR	2787	-	234	109778420	81030
chr11	109697390	109897390	harbor1	chr11	109794092	109794478	LTR/ERVL-MaLR	1713	-	193	109794285	96895
chr11	21942774	22142774	harbor1	chr11	21969819	21970403	LTR/ERVL-MaLR	774	-	292	21970111	27337
chr11	21942774	22142774	harbor1	chr11	21979880	21980263	LTR/ERVL-MaLR	1919	-	192	21980072	37298
chr11	21942774	22142774	harbor1	chr11	21986022	21986406	LTR/ERVL-MaLR	751	-	192	21986214	43440
chr11	21942774	22142774	harbor1	chr11	21990211	21990625	LTR/ERVL-MaLR	851	-	207	21990418	47644
chr11	21942774	22142774	harbor1	chr11	21994183	21994508	LTR/ERVL-MaLR	1437	-	162	21994345	51571
chr11	21942774	22142774	harbor1	chr11	22038881	22038994	LTR/ERVL-MaLR	427	-	56	22038937	96163
chr11	21942774	22142774	harbor1	chr11	22039499	22040111	LTR/ERVL-MaLR	656	-	306	22039805	97031
chr11	21942774	22142774	harbor1	chr11	22040767	22041062	LTR/ERVL-MaLR	592	-	148	22040915	98141
chr11	21942774	22142774	harbor1	chr11	22041909	22042018	LTR/ERVL-MaLR	487	-	54	22041963	99189
chr11	21942774	22142774	harbor1	chr11	22036194	22036618	LTR/ERVL-MaLR	1092	-	212	22036406	93632
chr11	97133818	97333818	harbor1	chr11	97172306	97172658	LTR/ERVL-MaLR	2155	-	176	97172482	38664
chr11	97133818	97333818	harbor1	chr11	97176357	97176781	LTR/ERVL-MaLR	1515	-	212	97176569	42751
chr11	97133818	97333818	harbor1	chr11	97177685	97178037	LTR/ERVL-MaLR	1942	-	176	97177861	44043
chr11	10390098	10590098	harbor1	chr11	10397138	10397514	LTR/ERVL-MaLR	2571	-	188	10397326	7228
chr11	10390098	10590098	harbor1	chr11	10427533	10427921	LTR/ERVL-MaLR	694	-	194	10427727	37629
chr11	10390098	10590098	harbor1	chr11	10428564	10428730	LTR/ERVL-MaLR	453	-	83	10428647	38549
chr11	10390098	10590098	harbor1	chr11	10436666	10437029	LTR/ERVL-MaLR	2622	-	182	10436848	46750
chr11	10390098	10590098	harbor1	chr11	10475003	10475414	LTR/ERVL-MaLR	2404	-	206	10475209	85111
chr11	15394965	15594965	harbor1	chr11	15429390	15429734	LTR/ERVL-MaLR	1791	-	172	15429562	34597
chr11	15394965	15594965	harbor1	chr11	15442726	15442892	LTR/ERVL-MaLR	797	-	83	15442809	47844
chr11	15394965	15594965	harbor1	chr11	15452404	15452912	LTR/ERVL-MaLR	1176	-	254	15452658	57693
chr11	15394965	15594965	harbor1	chr11	15454164	15454582	LTR/ERVL-MaLR	823	-	209	15454373	59408
chr11	15394965	15594965	harbor1	chr11	15465993	15466416	LTR/ERVL-MaLR	940	-	212	15466205	71240
chr11	11274763	11474763	harbor1	chr11	11322742	11323105	LTR/ERVL-MaLR	1310	-	182	11322924	48161
chr11	11274763	11474763	harbor1	chr11	11323106	11323785	LTR/ERVL-MaLR	2192	-	340	11323446	48683
chr11	11274763	11474763	harbor1	chr11	11323781	11323952	LTR/ERVL-MaLR	591	-	86	11323867	49104
chr11	11274763	11474763	harbor1	chr11	11369175	11369620	LTR/ERVL-MaLR	1456	-	222	11369397	94634
chr11	8091342	8291342	harbor1	chr11	8145302	8145586	LTR/ERVL-MaLR	781	-	142	8145444	54102
chr11	78075169	78275169	harbor1	chr11	78141316	78141559	LTR/ERVL-MaLR	1215	-	122	78141438	66269
chr11	78075169	78275169	harbor1	chr11	78145556	78145747	LTR/ERVL-MaLR	1083	-	96	78145652	70483
chr11	78075169	78275169	harbor1	chr11	78146608	78146828	LTR/ERVL-MaLR	1478	-	110	78146718	71549
chr11	78075169	78275169	harbor1	chr11	78147138	78147299	LTR/ERVL-MaLR	1478	-	80	78147218	72049
chr11	78075169	78275169	harbor1	chr11	78161678	78161887	LTR/ERVL-MaLR	835	-	104	78161782	86613
chr11	78075169	78275169	harbor1	chr11	78164573	78164787	LTR/ERVL-MaLR	1620	-	107	78164680	89511
chr11	78075169	78275169	harbor1	chr11	78165390	78165531	LTR/ERVL-MaLR	1620	-	70	78165460	90291
chr11	115982072	116182072	harbor1	chr11	115985899	115986188	LTR/ERVL-MaLR	511	-	144	115986043	3971
chr11	115982072	116182072	harbor1	chr11	116018469	116018748	LTR/ERVL-MaLR	1725	-	140	116018609	36537
chr11	115982072	116182072	harbor1	chr11	116018909	116019223	LTR/ERVL-MaLR	1243	-	157	116019066	36994
chr11	115982072	116182072	harbor1	chr11	116019272	116019483	LTR/ERVL-MaLR	1243	-	106	116019378	37306
chr11	115982072	116182072	harbor1	chr11	116044199	116044547	LTR/ERVL-MaLR	1329	-	174	116044373	62301
chr11	115982072	116182072	harbor1	chr11	116055998	116056341	LTR/ERVL-MaLR	407	-	172	116056170	74098
chr11	115982072	116182072	harbor1	chr11	116063650	116064111	LTR/ERVL-MaLR	2498	-	230	116063880	81808
chr11	115982072	116182072	harbor1	chr11	116068031	116068385	LTR/ERVL-MaLR	1000	-	177	116068208	86136
chr11	115982072	116182072	harbor1	chr11	116068672	116068705	LTR/ERVL-MaLR	1000	-	16	116068688	86616
chr11	115982072	116182072	harbor1	chr11	116031424	116031762	LTR/ERVL-MaLR	644	-	169	116031593	49521
chr11	134397082	134597082	harbor1	chr11	134444196	134444458	LTR/ERVL-MaLR	1417	-	131	134444327	47245
chr11	134397082	134597082	harbor1	chr11	134444430	134444594	LTR/ERVL-MaLR	459	-	82	134444512	47430
chr11	134397082	134597082	harbor1	chr11	134444566	134444661	LTR/ERVL-MaLR	453	-	48	134444614	47532
chr11	134397082	134597082	harbor1	chr11	134444634	134444730	LTR/ERVL-MaLR	408	-	48	134444682	47600
chr11	134397082	134597082	harbor1	chr11	134444711	134444798	LTR/ERVL-MaLR	438	-	44	134444755	47673
chr11	134397082	134597082	harbor1	chr11	134444770	134445034	LTR/ERVL-MaLR	1074	-	132	134444902	47820
chr11	134397082	134597082	harbor1	chr11	134469733	134469904	LTR/ERVL-MaLR	562	-	86	134469819	72737
chr11	134397082	134597082	harbor1	chr11	134470032	134470822	LTR/ERVL-MaLR	1617	-	395	134470427	73345
chr11	134397082	134597082	harbor1	chr11	134490423	134490614	LTR/ERVL-MaLR	490	-	96	134490519	93437
chr11	31598711	31798711	harbor1	chr11	31599541	31599881	LTR/ERVL-MaLR	1910	-	170	31599711	1000
chr11	31598711	31798711	harbor1	chr11	31607256	31607646	LTR/ERVL-MaLR	1642	-	195	31607451	8740
chr11	31598711	31798711	harbor1	chr11	31618224	31618627	LTR/ERVL-MaLR	1698	-	202	31618426	19715
chr11	31598711	31798711	harbor1	chr11	31619360	31619664	LTR/ERVL-MaLR	1516	-	152	31619512	20801
chr11	31598711	31798711	harbor1	chr11	31619882	31619961	LTR/ERVL-MaLR	1516	-	40	31619922	21211
chr11	31598711	31798711	harbor1	chr11	31679330	31679712	LTR/ERVL-MaLR	2062	-	191	31679521	80810
chr11	92236430	92436430	harbor1	chr11	92265564	92265922	LTR/ERVL-MaLR	1979	-	179	92265743	29313
chr11	92236430	92436430	harbor1	chr11	92293997	92294399	LTR/ERVL-MaLR	1484	-	201	92294198	57768
chr11	122976989	123176989	harbor1	chr11	123020529	123020845	LTR/ERVL-MaLR	1728	-	158	123020687	43698
chr11	122976989	123176989	harbor1	chr11	123020846	123021381	LTR/ERVL-MaLR	2559	-	268	123021114	44125
chr11	122976989	123176989	harbor1	chr11	123034026	123034467	LTR/ERVL-MaLR	595	-	220	123034246	57257
chr11	122976989	123176989	harbor1	chr11	123044767	123044830	LTR/ERVL-MaLR	994	-	32	123044799	67810
chr11	122976989	123176989	harbor1	chr11	123045136	123045553	LTR/ERVL-MaLR	994	-	208	123045344	68355
chr11	6930849	7130849	harbor1	chr11	6934380	6934849	LTR/ERVL-MaLR	1134	-	234	6934614	3765
chr11	6930849	7130849	harbor1	chr11	6947682	6948143	LTR/ERVL-MaLR	1208	-	230	6947912	17063
chr11	6930849	7130849	harbor1	chr11	6948172	6948404	LTR/ERVL-MaLR	698	-	116	6948288	17439
chr11	6930849	7130849	harbor1	chr11	6976810	6977063	LTR/ERVL-MaLR	825	-	126	6976936	46087
chr11	6930849	7130849	harbor1	chr11	6977773	6977951	LTR/ERVL-MaLR	820	-	89	6977862	47013
chr11	6930849	7130849	harbor1	chr11	7012818	7013316	LTR/ERVL-MaLR	1016	-	249	7013067	82218
chr11	6930849	7130849	harbor1	chr11	7023625	7024026	LTR/ERVL-MaLR	1962	-	200	7023825	92976
chr11	6930849	7130849	harbor1	chr11	7027240	7027588	LTR/ERVL-MaLR	1820	-	174	7027414	96565
chr11	84149456	84349456	harbor1	chr11	84215950	84216390	LTR/ERVL-MaLR	741	-	220	84216170	66714
chr11	127926238	128126238	harbor1	chr11	127950041	127950274	LTR/ERVL-MaLR	590	-	116	127950157	23919
chr11	127926238	128126238	harbor1	chr11	127950859	127952186	LTR/ERVL-MaLR	2546	-	664	127951523	25285
chr11	127926238	128126238	harbor1	chr11	127952230	127952563	LTR/ERVL-MaLR	382	-	166	127952396	26158
chr11	127926238	128126238	harbor1	chr11	127957891	127958368	LTR/ERVL-MaLR	1770	-	238	127958129	31891
chr11	127926238	128126238	harbor1	chr11	127962863	127963119	LTR/ERVL-MaLR	796	-	128	127962991	36753
chr11	127926238	128126238	harbor1	chr11	127963955	127964212	LTR/ERVL-MaLR	578	-	128	127964083	37845
chr11	127926238	128126238	harbor1	chr11	127989334	127989715	LTR/ERVL-MaLR	661	-	190	127989524	63286
chr11	127926238	128126238	harbor1	chr11	127992302	127992652	LTR/ERVL-MaLR	1968	-	175	127992477	66239
chr11	127926238	128126238	harbor1	chr11	127992959	127993065	LTR/ERVL-MaLR	1968	-	53	127993012	66774
chr11	7417055	7617055	harbor1	chr11	7421059	7421578	LTR/ERVL-MaLR	928	-	260	7421319	4264
chr11	7417055	7617055	harbor1	chr11	7441417	7441827	LTR/ERVL-MaLR	527	-	205	7441622	24567
chr11	7417055	7617055	harbor1	chr11	7465677	7466033	LTR/ERVL-MaLR	2840	-	178	7465855	48800
chr11	7417055	7617055	harbor1	chr11	7469970	7470505	LTR/ERVL-MaLR	539	-	268	7470238	53183
chr11	7417055	7617055	harbor1	chr11	7481970	7482358	LTR/ERVL-MaLR	1924	-	194	7482164	65109
chr11	7417055	7617055	harbor1	chr11	7491658	7492157	LTR/ERVL-MaLR	1481	-	250	7491908	74853
chr11	7417055	7617055	harbor1	chr11	7495958	7496265	LTR/ERVL-MaLR	735	-	154	7496112	79057
chr11	102136086	102336086	harbor1	chr11	102138213	102138557	LTR/ERVL-MaLR	417	-	172	102138385	2299
chr11	102136086	102336086	harbor1	chr11	102178741	102179149	LTR/ERVL-MaLR	2162	-	204	102178945	42859
chr11	849791	1049791	harbor1	chr11	919228	919368	LTR/ERVL-MaLR	501	-	70	919298	69507
chr11	102018360	102218360	harbor1	chr11	102049129	102049495	LTR/ERVL-MaLR	1227	-	183	102049312	30952
chr11	102018360	102218360	harbor1	chr11	102063988	102064095	LTR/ERVL-MaLR	553	-	54	102064042	45682
chr11	102018360	102218360	harbor1	chr11	102089325	102089548	LTR/ERVL-MaLR	654	-	112	102089437	71077
chr11	102018360	102218360	harbor1	chr11	102089859	102090099	LTR/ERVL-MaLR	654	-	120	102089979	71619
chr11	102018360	102218360	harbor1	chr11	102107069	102107467	LTR/ERVL-MaLR	2106	-	199	102107268	88908
chr11	4432239	4632239	harbor1	chr11	4530384	4530734	LTR/ERVL-MaLR	1337	-	175	4530559	98320
chr11	120132849	120332849	harbor1	chr11	120154015	120154462	LTR/ERVL-MaLR	2434	-	224	120154239	21390
chr11	120132849	120332849	harbor1	chr11	120157532	120157626	LTR/ERVL-MaLR	522	-	47	120157579	24730
chr11	120132849	120332849	harbor1	chr11	120219341	120219509	LTR/ERVL-MaLR	391	-	84	120219425	86576
chr11	5434156	5634156	harbor1	chr11	5505486	5505844	LTR/ERVL-MaLR	2451	-	179	5505665	71509
chr11	105646709	105846709	harbor1	chr11	105670763	105671251	LTR/ERVL-MaLR	1922	-	244	105671007	24298
chr11	105646709	105846709	harbor1	chr11	105715647	105715979	LTR/ERVL-MaLR	514	-	166	105715813	69104
chr11	105646709	105846709	harbor1	chr11	105725216	105725403	LTR/ERVL-MaLR	461	-	94	105725310	78601
chr11	105646709	105846709	harbor1	chr11	105732759	105732904	LTR/ERVL-MaLR	568	-	72	105732831	86122
chr11	128114008	128314008	harbor1	chr11	128205793	128206214	LTR/ERVL-MaLR	2609	-	210	128206003	91995
chr11	13951696	14151696	harbor1	chr11	13952110	13952616	LTR/ERVL-MaLR	1799	-	253	13952363	667
chr11	13951696	14151696	harbor1	chr11	13968700	13968978	LTR/ERVL-MaLR	785	-	139	13968839	17143
chr11	13951696	14151696	harbor1	chr11	13972786	13973014	LTR/ERVL-MaLR	739	-	114	13972900	21204
chr11	13951696	14151696	harbor1	chr11	13979004	13979421	LTR/ERVL-MaLR	1932	-	208	13979212	27516
chr11	13951696	14151696	harbor1	chr11	13981692	13981960	LTR/ERVL-MaLR	795	-	134	13981826	30130
chr11	13951696	14151696	harbor1	chr11	13982302	13982447	LTR/ERVL-MaLR	608	-	72	13982374	30678
chr11	13951696	14151696	harbor1	chr11	13984312	13984698	LTR/ERVL-MaLR	2247	-	193	13984505	32809
chr11	13951696	14151696	harbor1	chr11	13995299	13995664	LTR/ERVL-MaLR	2230	-	182	13995481	43785
chr11	13951696	14151696	harbor1	chr11	14006849	14007010	LTR/ERVL-MaLR	982	-	80	14006929	55233
chr11	13951696	14151696	harbor1	chr11	14007779	14008060	LTR/ERVL-MaLR	728	-	140	14007919	56223
chr11	13951696	14151696	harbor1	chr11	14009617	14009977	LTR/ERVL-MaLR	1881	-	180	14009797	58101
chr11	13951696	14151696	harbor1	chr11	14015154	14015535	LTR/ERVL-MaLR	1991	-	190	14015344	63648
chr11	13951696	14151696	harbor1	chr11	14019898	14020055	LTR/ERVL-MaLR	508	-	78	14019976	68280
chr11	84048144	84248144	harbor1	chr11	84091626	84092243	LTR/ERVL-MaLR	2282	-	308	84091934	43790
chr11	84048144	84248144	harbor1	chr11	84093085	84093601	LTR/ERVL-MaLR	1793	-	258	84093343	45199
chr11	84048144	84248144	harbor1	chr11	84094497	84094825	LTR/ERVL-MaLR	1344	-	164	84094661	46517
chr11	84048144	84248144	harbor1	chr11	84116355	84116700	LTR/ERVL-MaLR	2422	-	172	84116527	68383
chr11	84048144	84248144	harbor1	chr11	84127403	84127603	LTR/ERVL-MaLR	1102	-	100	84127503	79359
chr11	84048144	84248144	harbor1	chr11	84127735	84127961	LTR/ERVL-MaLR	1030	-	113	84127848	79704
chr11	113495299	113695299	harbor1	chr11	113526996	113527286	LTR/ERVL-MaLR	1244	-	145	113527141	31842
chr11	113495299	113695299	harbor1	chr11	113543396	113543849	LTR/ERVL-MaLR	999	-	226	113543622	48323
chr11	113495299	113695299	harbor1	chr11	113560617	113560975	LTR/ERVL-MaLR	2275	-	179	113560796	65497
chr11	113495299	113695299	harbor1	chr11	113574656	113575206	LTR/ERVL-MaLR	2223	-	275	113574931	79632
chr11	101296630	101496630	harbor1	chr11	101306825	101307074	LTR/ERVL-MaLR	376	-	124	101306949	10319
chr11	101296630	101496630	harbor1	chr11	101316192	101316264	LTR/ERVL-MaLR	1649	-	36	101316228	19598
chr11	101296630	101496630	harbor1	chr11	101316488	101316817	LTR/ERVL-MaLR	1649	-	164	101316652	20022
chr11	101296630	101496630	harbor1	chr11	101316818	101318388	LTR/ERVL-MaLR	11645	-	785	101317603	20973
chr11	101296630	101496630	harbor1	chr11	101357578	101357712	LTR/ERVL-MaLR	986	-	67	101357645	61015
chr11	101296630	101496630	harbor1	chr11	101357720	101357775	LTR/ERVL-MaLR	409	-	28	101357748	61118
chr11	101296630	101496630	harbor1	chr11	101318389	101318754	LTR/ERVL-MaLR	2496	-	182	101318571	21941
chr11	97457021	97657021	harbor1	chr11	97523569	97523924	LTR/ERVL-MaLR	1326	-	178	97523747	66726
chr11	94548482	94748482	harbor1	chr11	94570207	94570586	LTR/ERVL-MaLR	2106	-	190	94570397	21915
chr11	94548482	94748482	harbor1	chr11	94625290	94625640	LTR/ERVL-MaLR	2437	-	175	94625465	76983
chr11	94548482	94748482	harbor1	chr11	94625641	94627224	LTR/ERVL-MaLR	12351	-	792	94626433	77951
chr11	94548482	94748482	harbor1	chr11	94627225	94627581	LTR/ERVL-MaLR	2327	-	178	94627403	78921
chr11	56981616	57181616	harbor1	chr11	56992968	56993326	LTR/ERVL-MaLR	2026	-	179	56993147	11531
chr11	56981616	57181616	harbor1	chr11	56993327	56994131	LTR/ERVL-MaLR	5712	-	402	56993729	12113
chr11	56981616	57181616	harbor1	chr11	56994119	56994741	LTR/ERVL-MaLR	4219	-	311	56994430	12814
chr11	56981616	57181616	harbor1	chr11	56994742	56995087	LTR/ERVL-MaLR	2098	-	172	56994914	13298
chr11	56981616	57181616	harbor1	chr11	57028492	57028981	LTR/ERVL-MaLR	1826	-	244	57028736	47120
chr11	56981616	57181616	harbor1	chr11	57029792	57029960	LTR/ERVL-MaLR	382	-	84	57029876	48260
chr11	56981616	57181616	harbor1	chr11	57031041	57032402	LTR/ERVL-MaLR	2958	-	680	57031721	50105
chr11	56981616	57181616	harbor1	chr11	57047517	57047759	LTR/ERVL-MaLR	905	-	121	57047638	66022
chr11	56981616	57181616	harbor1	chr11	57049133	57049362	LTR/ERVL-MaLR	1018	-	114	57049247	67631
chr11	56981616	57181616	harbor1	chr11	57072165	57072571	LTR/ERVL-MaLR	1766	-	203	57072368	90752
chr11	56981616	57181616	harbor1	chr11	57078221	57078519	LTR/ERVL-MaLR	379	-	149	57078370	96754
chr11	56981616	57181616	harbor1	chr11	57032415	57032746	LTR/ERVL-MaLR	1177	-	166	57032581	50965
chr11	56981616	57181616	harbor1	chr11	57049077	57049147	LTR/ERVL-MaLR	452	-	35	57049112	67496
chr11	131816292	132016292	harbor1	chr11	131824939	131825380	LTR/ERVL-MaLR	2587	-	220	131825159	8867
chr11	131816292	132016292	harbor1	chr11	131849242	131849642	LTR/ERVL-MaLR	2111	-	200	131849442	33150
chr11	131816292	132016292	harbor1	chr11	131915600	131915958	LTR/ERVL-MaLR	2153	-	179	131915779	99487
chr11	17578760	17778760	harbor1	chr11	17595386	17595978	LTR/ERVL-MaLR	1676	-	296	17595682	16922
chr11	17578760	17778760	harbor1	chr11	17631038	17631222	LTR/ERVL-MaLR	699	-	92	17631130	52370
chr11	17578760	17778760	harbor1	chr11	17651034	17651389	LTR/ERVL-MaLR	766	-	178	17651212	72452
chr11	17578760	17778760	harbor1	chr11	17668225	17668610	LTR/ERVL-MaLR	1265	-	192	17668417	89657
chr11	17578760	17778760	harbor1	chr11	17676934	17677314	LTR/ERVL-MaLR	2444	-	190	17677124	98364
chr11	102325619	102525619	harbor1	chr11	102389223	102389633	LTR/ERVL-MaLR	2570	-	205	102389428	63809
chr11	123171173	123371173	harbor1	chr11	123175150	123175521	LTR/ERVL-MaLR	1912	-	186	123175336	4163
chr11	123171173	123371173	harbor1	chr11	123238285	123238807	LTR/ERVL-MaLR	1471	-	261	123238546	67373
chr11	64261501	64461501	harbor1	chr11	64327442	64327804	LTR/ERVL-MaLR	1277	-	181	64327623	66122
chr11	96721950	96921950	harbor1	chr11	96739794	96740017	LTR/ERVL-MaLR	1068	-	112	96739906	17956
chr11	96721950	96921950	harbor1	chr11	96740351	96740476	LTR/ERVL-MaLR	1068	-	62	96740413	18463
chr11	96721950	96921950	harbor1	chr11	96797869	96797999	LTR/ERVL-MaLR	748	-	65	96797934	75984
chr11	96721950	96921950	harbor1	chr11	96805427	96805857	LTR/ERVL-MaLR	1872	-	215	96805642	83692
chr11	96721950	96921950	harbor1	chr11	96806136	96806543	LTR/ERVL-MaLR	1727	-	204	96806340	84390
chr11	13766004	13966004	harbor1	chr11	13775693	13776127	LTR/ERVL-MaLR	2231	-	217	13775910	9906
chr11	13766004	13966004	harbor1	chr11	13782380	13782743	LTR/ERVL-MaLR	1124	-	182	13782562	16558
chr11	13766004	13966004	harbor1	chr11	13783468	13783626	LTR/ERVL-MaLR	1509	-	79	13783547	17543
chr11	13766004	13966004	harbor1	chr11	13783923	13784079	LTR/ERVL-MaLR	1509	-	78	13784001	17997
chr11	13766004	13966004	harbor1	chr11	13801192	13801543	LTR/ERVL-MaLR	2106	-	176	13801368	35364
chr11	13766004	13966004	harbor1	chr11	13807619	13808034	LTR/ERVL-MaLR	1486	-	208	13807827	41823
chr11	13766004	13966004	harbor1	chr11	13811877	13812226	LTR/ERVL-MaLR	2631	-	174	13812051	46047
chr11	13766004	13966004	harbor1	chr11	13812227	13813792	LTR/ERVL-MaLR	11555	-	782	13813009	47005
chr11	13766004	13966004	harbor1	chr11	13813797	13814145	LTR/ERVL-MaLR	2659	-	174	13813971	47967
chr11	13766004	13966004	harbor1	chr11	13826955	13827446	LTR/ERVL-MaLR	1560	-	246	13827201	61197
chr11	13766004	13966004	harbor1	chr11	13831644	13832157	LTR/ERVL-MaLR	616	-	256	13831900	65896
chr11	13766004	13966004	harbor1	chr11	13838734	13839204	LTR/ERVL-MaLR	1846	-	235	13838969	72965
chr11	13766004	13966004	harbor1	chr11	13852002	13852258	LTR/ERVL-MaLR	549	-	128	13852130	86126
chr11	13766004	13966004	harbor1	chr11	13858779	13859172	LTR/ERVL-MaLR	2471	-	196	13858975	92971
chr11	121832507	122032507	harbor1	chr11	121843871	121844258	LTR/ERVL-MaLR	1242	-	194	121844065	11558
chr11	121832507	122032507	harbor1	chr11	121875640	121875993	LTR/ERVL-MaLR	1516	-	176	121875816	43309
chr11	121832507	122032507	harbor1	chr11	121889183	121889727	LTR/ERVL-MaLR	2049	-	272	121889455	56948
chr11	121832507	122032507	harbor1	chr11	121900510	121901005	LTR/ERVL-MaLR	1775	-	248	121900758	68251
chr11	121832507	122032507	harbor1	chr11	121916438	121916869	LTR/ERVL-MaLR	1228	-	216	121916654	84147
chr11	41175039	41375039	harbor1	chr11	41175327	41175702	LTR/ERVL-MaLR	868	-	188	41175515	476
chr11	41175039	41375039	harbor1	chr11	41182794	41183166	LTR/ERVL-MaLR	2331	-	186	41182980	7941
chr11	41175039	41375039	harbor1	chr11	41183167	41184758	LTR/ERVL-MaLR	11487	-	796	41183963	8924
chr11	41175039	41375039	harbor1	chr11	41184761	41185148	LTR/ERVL-MaLR	2321	-	194	41184955	9916
chr11	41175039	41375039	harbor1	chr11	41252656	41253013	LTR/ERVL-MaLR	2728	-	178	41252834	77795
chr11	41175039	41375039	harbor1	chr11	41270735	41271144	LTR/ERVL-MaLR	804	-	204	41270939	95900
chr11	114599772	114799772	harbor1	chr11	114599498	114599905	LTR/ERVL-MaLR	2505	-	204	114599702	70
chr11	114599772	114799772	harbor1	chr11	114671862	114672240	LTR/ERVL-MaLR	2120	-	189	114672051	72279
chr11	114599772	114799772	harbor1	chr11	114685207	114685571	LTR/ERVL-MaLR	1767	-	182	114685389	85617
chr11	114599772	114799772	harbor1	chr11	114693838	114694314	LTR/ERVL-MaLR	1771	-	238	114694076	94304
chr11	19303881	19503881	harbor1	chr11	19304253	19304683	LTR/ERVL-MaLR	2856	-	215	19304468	587
chr11	19303881	19503881	harbor1	chr11	19305097	19305393	LTR/ERVL-MaLR	786	-	148	19305245	1364
chr11	19303881	19503881	harbor1	chr11	19392274	19392764	LTR/ERVL-MaLR	1314	-	245	19392519	88638
chr11	19303881	19503881	harbor1	chr11	19398044	19398456	LTR/ERVL-MaLR	2467	-	206	19398250	94369
chr11	87812296	88012296	harbor1	chr11	87822318	87822812	LTR/ERVL-MaLR	1411	-	247	87822565	10269
chr11	87812296	88012296	harbor1	chr11	87825310	87825686	LTR/ERVL-MaLR	1599	-	188	87825498	13202
chr11	87812296	88012296	harbor1	chr11	87829324	87829679	LTR/ERVL-MaLR	1722	-	178	87829502	17206
chr11	87812296	88012296	harbor1	chr11	87832259	87832900	LTR/ERVL-MaLR	2348	-	320	87832579	20283
chr11	87812296	88012296	harbor1	chr11	87853733	87854227	LTR/ERVL-MaLR	1108	-	247	87853980	41684
chr11	87812296	88012296	harbor1	chr11	87859597	87860084	LTR/ERVL-MaLR	873	-	244	87859841	47545
chr11	28677570	28877570	harbor1	chr11	28710176	28710495	LTR/ERVL-MaLR	610	-	160	28710336	32766
chr11	28677570	28877570	harbor1	chr11	28721346	28721761	LTR/ERVL-MaLR	1402	-	208	28721554	43984
chr11	28677570	28877570	harbor1	chr11	28744498	28744889	LTR/ERVL-MaLR	2171	-	196	28744694	67124
chr11	95769645	95969645	harbor1	chr11	95800021	95800384	LTR/ERVL-MaLR	1553	-	182	95800203	30558
chr11	95769645	95969645	harbor1	chr11	95800690	95800796	LTR/ERVL-MaLR	1553	-	53	95800743	31098
chr11	95769645	95969645	harbor1	chr11	95816034	95816410	LTR/ERVL-MaLR	1962	-	188	95816222	46577
chr11	78537505	78737505	harbor1	chr11	78545959	78546477	LTR/ERVL-MaLR	687	-	259	78546218	8713
chr11	78537505	78737505	harbor1	chr11	78580505	78580596	LTR/ERVL-MaLR	2350	-	46	78580551	43046
chr11	78537505	78737505	harbor1	chr11	78580912	78581214	LTR/ERVL-MaLR	2350	-	151	78581063	43558
chr11	78537505	78737505	harbor1	chr11	78596875	78597141	LTR/ERVL-MaLR	851	-	133	78597008	59503
chr11	16886980	17086980	harbor1	chr11	16892828	16893029	LTR/ERVL-MaLR	1146	-	100	16892928	5948
chr11	16886980	17086980	harbor1	chr11	16917332	16917789	LTR/ERVL-MaLR	2349	-	228	16917560	30580
chr11	35168072	35368072	harbor1	chr11	35234900	35235410	LTR/ERVL-MaLR	1492	-	255	35235155	67083
chr11	35168072	35368072	harbor1	chr11	35242554	35242736	LTR/ERVL-MaLR	498	-	91	35242645	74573
chr11	57079994	57279994	harbor1	chr11	57083259	57083617	LTR/ERVL-MaLR	2202	-	179	57083438	3444
chr11	57079994	57279994	harbor1	chr11	57096200	57096463	LTR/ERVL-MaLR	1131	-	132	57096332	16338
chr11	57079994	57279994	harbor1	chr11	57096773	57096906	LTR/ERVL-MaLR	1131	-	66	57096839	16845
chr11	57079994	57279994	harbor1	chr11	57097113	57097411	LTR/ERVL-MaLR	940	-	149	57097262	17268
chr11	57079994	57279994	harbor1	chr11	57116792	57117038	LTR/ERVL-MaLR	1619	-	123	57116915	36921
chr11	57079994	57279994	harbor1	chr11	57117336	57117483	LTR/ERVL-MaLR	1619	-	74	57117410	37416
chr11	57079994	57279994	harbor1	chr11	57123218	57123452	LTR/ERVL-MaLR	391	-	117	57123335	43341
chr11	57079994	57279994	harbor1	chr11	57126668	57127044	LTR/ERVL-MaLR	1199	-	188	57126856	46862
chr11	57079994	57279994	harbor1	chr11	57137911	57138365	LTR/ERVL-MaLR	2055	-	227	57138138	58144
chr11	57079994	57279994	harbor1	chr11	57159160	57159581	LTR/ERVL-MaLR	856	-	210	57159370	79376
chr11	57079994	57279994	harbor1	chr11	57159892	57159988	LTR/ERVL-MaLR	856	-	48	57159940	79946
chr11	57079994	57279994	harbor1	chr11	57162654	57162839	LTR/ERVL-MaLR	409	-	92	57162746	82752
chr11	57079994	57279994	harbor1	chr11	57165391	57165592	LTR/ERVL-MaLR	2447	-	100	57165491	85497
chr11	57079994	57279994	harbor1	chr11	57165901	57166057	LTR/ERVL-MaLR	2447	-	78	57165979	85985
chr11	57079994	57279994	harbor1	chr11	57168647	57169010	LTR/ERVL-MaLR	2710	-	182	57168829	88835
chr11	57079994	57279994	harbor1	chr11	57169011	57170223	LTR/ERVL-MaLR	11729	-	606	57169617	89623
chr11	57079994	57279994	harbor1	chr11	57170487	57170867	LTR/ERVL-MaLR	11729	-	190	57170677	90683
chr11	57079994	57279994	harbor1	chr11	57170868	57171004	LTR/ERVL-MaLR	1071	-	68	57170936	90942
chr11	57079994	57279994	harbor1	chr11	57174427	57174966	LTR/ERVL-MaLR	2093	-	270	57174697	94703
chr11	57079994	57279994	harbor1	chr11	57174967	57175410	LTR/ERVL-MaLR	1882	-	222	57175189	95195
chr11	72763215	72963215	harbor1	chr11	72806468	72806675	LTR/ERVL-MaLR	2204	-	104	72806572	43357
chr11	72763215	72963215	harbor1	chr11	72806992	72807185	LTR/ERVL-MaLR	2204	-	96	72807088	43873
chr11	68873156	69073156	harbor1	chr11	68924342	68924850	LTR/ERVL-MaLR	1495	-	254	68924596	51440
chr11	68873156	69073156	harbor1	chr11	68925078	68925098	LTR/ERVL-MaLR	1495	-	10	68925088	51932
chr11	68873156	69073156	harbor1	chr11	68932681	68933152	LTR/ERVL-MaLR	1689	-	236	68932917	59761
chr11	68873156	69073156	harbor1	chr11	68934603	68934948	LTR/ERVL-MaLR	569	-	172	68934775	61619
chr11	68873156	69073156	harbor1	chr11	68964523	68964752	LTR/ERVL-MaLR	1626	-	114	68964637	91481
chr11	68873156	69073156	harbor1	chr11	68965098	68965161	LTR/ERVL-MaLR	1626	-	32	68965130	91974
chr11	68873156	69073156	harbor1	chr11	68965286	68965365	LTR/ERVL-MaLR	1455	-	40	68965326	92170
chr11	68873156	69073156	harbor1	chr11	68965627	68965906	LTR/ERVL-MaLR	1455	-	140	68965767	92611
chr11	68873156	69073156	harbor1	chr11	68967490	68967890	LTR/ERVL-MaLR	1669	-	200	68967690	94534
chr11	126366724	126566724	harbor1	chr11	126397610	126397997	LTR/ERVL-MaLR	2063	-	194	126397804	31080
chr11	126366724	126566724	harbor1	chr11	126397998	126399293	LTR/ERVL-MaLR	5667	-	648	126398646	31922
chr11	126366724	126566724	harbor1	chr11	126399607	126399967	LTR/ERVL-MaLR	5667	-	180	126399787	33063
chr11	126366724	126566724	harbor1	chr11	126400099	126400455	LTR/ERVL-MaLR	2044	-	178	126400277	33553
chr11	126366724	126566724	harbor1	chr11	126411438	126412030	LTR/ERVL-MaLR	1726	-	296	126411734	45010
chr11	48211786	48411786	harbor1	chr11	48221327	48221497	LTR/ERVL-MaLR	428	-	85	48221412	9626
chr11	48211786	48411786	harbor1	chr11	48221803	48221881	LTR/ERVL-MaLR	428	-	39	48221842	10056
chr11	48211786	48411786	harbor1	chr11	48238687	48238961	LTR/ERVL-MaLR	477	-	137	48238824	27038
chr11	48211786	48411786	harbor1	chr11	48311406	48311668	LTR/ERVL-MaLR	1103	-	131	48311537	99751
chr11	40033670	40233670	harbor1	chr11	40036456	40036865	LTR/ERVL-MaLR	1676	-	204	40036660	2990
chr11	40033670	40233670	harbor1	chr11	40054689	40055162	LTR/ERVL-MaLR	1220	-	236	40054925	21255
chr11	40033670	40233670	harbor1	chr11	40058374	40058597	LTR/ERVL-MaLR	562	-	112	40058486	24816
chr11	40033670	40233670	harbor1	chr11	40058652	40058778	LTR/ERVL-MaLR	384	-	63	40058715	25045
chr11	40033670	40233670	harbor1	chr11	40070177	40070530	LTR/ERVL-MaLR	2221	-	176	40070353	36683
chr11	40033670	40233670	harbor1	chr11	40071355	40071605	LTR/ERVL-MaLR	482	-	125	40071480	37810
chr11	40033670	40233670	harbor1	chr11	40078069	40078439	LTR/ERVL-MaLR	2723	-	185	40078254	44584
chr11	40033670	40233670	harbor1	chr11	40078939	40079213	LTR/ERVL-MaLR	421	-	137	40079076	45406
chr11	40033670	40233670	harbor1	chr11	40102418	40102510	LTR/ERVL-MaLR	467	-	46	40102464	68794
chr11	109271394	109471394	harbor1	chr11	109289674	109290039	LTR/ERVL-MaLR	1641	-	182	109289856	18462
chr11	109271394	109471394	harbor1	chr11	109290040	109291649	LTR/ERVL-MaLR	10919	-	804	109290844	19450
chr11	109271394	109471394	harbor1	chr11	109291691	109292055	LTR/ERVL-MaLR	1531	-	182	109291873	20479
chr11	109271394	109471394	harbor1	chr11	109342166	109342306	LTR/ERVL-MaLR	1272	-	70	109342236	70842
chr11	109271394	109471394	harbor1	chr11	109342337	109342607	LTR/ERVL-MaLR	1272	-	135	109342472	71078
chr11	109271394	109471394	harbor1	chr11	109353503	109353881	LTR/ERVL-MaLR	659	-	189	109353692	82298
chr11	109271394	109471394	harbor1	chr11	109369912	109370005	LTR/ERVL-MaLR	391	-	46	109369958	98564
chr11	109271394	109471394	harbor1	chr11	109370819	109371200	LTR/ERVL-MaLR	2123	-	190	109371009	99615
chr11	34135549	34335549	harbor1	chr11	34220758	34220967	LTR/ERVL-MaLR	2319	-	104	34220862	85313
chr11	34135549	34335549	harbor1	chr11	34221271	34221445	LTR/ERVL-MaLR	2319	-	87	34221358	85809
chr11	125561816	125761816	harbor1	chr11	125633777	125633978	LTR/ERVL-MaLR	795	-	100	125633877	72061
chr11	125561816	125761816	harbor1	chr11	125634673	125634817	LTR/ERVL-MaLR	603	-	72	125634745	72929
chr11	114646701	114846701	harbor1	chr11	114671862	114672240	LTR/ERVL-MaLR	2120	-	189	114672051	25350
chr11	114646701	114846701	harbor1	chr11	114685207	114685571	LTR/ERVL-MaLR	1767	-	182	114685389	38688
chr11	114646701	114846701	harbor1	chr11	114693838	114694314	LTR/ERVL-MaLR	1771	-	238	114694076	47375
chr11	114646701	114846701	harbor1	chr11	114714425	114714653	LTR/ERVL-MaLR	536	-	114	114714539	67838
chr11	114646701	114846701	harbor1	chr11	114726512	114727145	LTR/ERVL-MaLR	2889	-	316	114726828	80127
chr11	114646701	114846701	harbor1	chr11	114727147	114727504	LTR/ERVL-MaLR	1283	-	178	114727325	80624
chr11	114646701	114846701	harbor1	chr11	114727880	114728357	LTR/ERVL-MaLR	1581	-	238	114728118	81417
chr11	114646701	114846701	harbor1	chr11	114745150	114745576	LTR/ERVL-MaLR	2095	-	213	114745363	98662
chr11	74398236	74598236	harbor1	chr11	74407282	74407479	LTR/ERVL-MaLR	757	-	98	74407380	9144
chr11	74398236	74598236	harbor1	chr11	74412797	74413333	LTR/ERVL-MaLR	624	-	268	74413065	14829
chr11	74398236	74598236	harbor1	chr11	74415788	74415949	LTR/ERVL-MaLR	413	-	80	74415868	17632
chr11	74398236	74598236	harbor1	chr11	74488060	74488344	LTR/ERVL-MaLR	737	-	142	74488202	89966
chr11	37450447	37650447	harbor1	chr11	37454849	37455213	LTR/ERVL-MaLR	2407	-	182	37455031	4584
chr11	37450447	37650447	harbor1	chr11	37470261	37470619	LTR/ERVL-MaLR	1788	-	179	37470440	19993
chr11	37450447	37650447	harbor1	chr11	37471795	37472277	LTR/ERVL-MaLR	1528	-	241	37472036	21589
chr11	37450447	37650447	harbor1	chr11	37473562	37473704	LTR/ERVL-MaLR	381	-	71	37473633	23186
chr11	37450447	37650447	harbor1	chr11	37515157	37515534	LTR/ERVL-MaLR	2199	-	188	37515345	64898
chr11	37450447	37650447	harbor1	chr11	37528301	37528677	LTR/ERVL-MaLR	1791	-	188	37528489	78042
chr11	37450447	37650447	harbor1	chr11	37528678	37530302	LTR/ERVL-MaLR	10819	-	812	37529490	79043
chr11	37450447	37650447	harbor1	chr11	37530303	37530684	LTR/ERVL-MaLR	1969	-	190	37530493	80046
chr11	37450447	37650447	harbor1	chr11	37544627	37544814	LTR/ERVL-MaLR	826	-	94	37544721	94274
chr11	37450447	37650447	harbor1	chr11	37544928	37545256	LTR/ERVL-MaLR	1845	-	164	37545092	94645
chr11	37450447	37650447	harbor1	chr11	37545280	37546515	LTR/ERVL-MaLR	8798	-	618	37545898	95451
chr11	37450447	37650447	harbor1	chr11	37546516	37546870	LTR/ERVL-MaLR	2170	-	177	37546693	96246
chr11	37450447	37650447	harbor1	chr11	37546871	37546965	LTR/ERVL-MaLR	592	-	47	37546918	96471
chr11	90314172	90514172	harbor1	chr11	90339844	90340251	LTR/ERVL-MaLR	1969	-	204	90340048	25876
chr11	90314172	90514172	harbor1	chr11	90361480	90361928	LTR/ERVL-MaLR	1131	-	224	90361704	47532
chr11	90314172	90514172	harbor1	chr11	90397409	90397747	LTR/ERVL-MaLR	1095	-	169	90397578	83406
chr11	90314172	90514172	harbor1	chr11	90410676	90411072	LTR/ERVL-MaLR	1790	-	198	90410874	96702
chr11	88698243	88898243	harbor1	chr11	88703891	88704277	LTR/ERVL-MaLR	1412	-	193	88704084	5841
chr11	88698243	88898243	harbor1	chr11	88753723	88754078	LTR/ERVL-MaLR	2179	-	178	88753901	55658
chr11	88698243	88898243	harbor1	chr11	88782214	88782567	LTR/ERVL-MaLR	2145	-	176	88782390	84147
chr11	134654003	134854003	harbor1	chr11	134663294	134663652	LTR/ERVL-MaLR	1471	-	179	134663473	9470
chr11	134654003	134854003	harbor1	chr11	134671571	134671954	LTR/ERVL-MaLR	1764	-	192	134671763	17760
chr11	134654003	134854003	harbor1	chr11	134717580	134717794	LTR/ERVL-MaLR	1147	-	107	134717687	63684
chr11	134654003	134854003	harbor1	chr11	134717848	134718522	LTR/ERVL-MaLR	1459	-	337	134718185	64182
chr11	134654003	134854003	harbor1	chr11	134751197	134751562	LTR/ERVL-MaLR	821	-	182	134751379	97376
chr11	134654003	134854003	harbor1	chr11	134752086	134752242	LTR/ERVL-MaLR	821	-	78	134752164	98161
chr11	98385961	98585961	harbor1	chr11	98433902	98434295	LTR/ERVL-MaLR	1793	-	196	98434098	48137
chr11	98385961	98585961	harbor1	chr11	98471620	98471797	LTR/ERVL-MaLR	646	-	88	98471708	85747
chr11	98385961	98585961	harbor1	chr11	98472844	98473366	LTR/ERVL-MaLR	1724	-	261	98473105	87144
chr11	98385961	98585961	harbor1	chr11	98473504	98473602	LTR/ERVL-MaLR	380	-	49	98473553	87592
chr11	98385961	98585961	harbor1	chr11	98474689	98475051	LTR/ERVL-MaLR	2669	-	181	98474870	88909
chr11	98385961	98585961	harbor1	chr11	98477044	98477574	LTR/ERVL-MaLR	1965	-	265	98477309	91348
chr11	98385961	98585961	harbor1	chr11	98477607	98477978	LTR/ERVL-MaLR	2231	-	186	98477793	91832
chr11	114266400	114466400	harbor1	chr11	114270498	114270776	LTR/ERVL-MaLR	1879	-	139	114270637	4237
chr11	114266400	114466400	harbor1	chr11	114271076	114271191	LTR/ERVL-MaLR	1879	-	58	114271134	4734
chr11	114266400	114466400	harbor1	chr11	114289807	114290170	LTR/ERVL-MaLR	2081	-	182	114289989	23589
chr11	114266400	114466400	harbor1	chr11	114340211	114340719	LTR/ERVL-MaLR	402	-	254	114340465	74065
chr11	114266400	114466400	harbor1	chr11	114278030	114278440	LTR/ERVL-MaLR	2533	-	205	114278235	11835
chr11	1014251	1214251	harbor1	chr11	1114137	1114362	LTR/ERVL-MaLR	423	-	112	1114249	99998
chr11	18988272	19188272	harbor1	chr11	19004293	19004545	LTR/ERVL-MaLR	1426	-	126	19004419	16147
chr11	18988272	19188272	harbor1	chr11	19026332	19026709	LTR/ERVL-MaLR	1948	-	188	19026520	38248
chr11	80386549	80586549	harbor1	chr11	80422278	80422648	LTR/ERVL-MaLR	1625	-	185	80422463	35914
chr11	80386549	80586549	harbor1	chr11	80452260	80452673	LTR/ERVL-MaLR	836	-	206	80452466	65917
chr11	80386549	80586549	harbor1	chr11	80453627	80454032	LTR/ERVL-MaLR	1242	-	202	80453829	67280
chr11	80386549	80586549	harbor1	chr11	80454043	80455410	LTR/ERVL-MaLR	4669	-	684	80454727	68178
chr11	80386549	80586549	harbor1	chr11	80455411	80455846	LTR/ERVL-MaLR	1664	-	218	80455629	69080
chr11	80386549	80586549	harbor1	chr11	80483971	80484268	LTR/ERVL-MaLR	1056	-	148	80484119	97570
chr11	80386549	80586549	harbor1	chr11	80484573	80484871	LTR/ERVL-MaLR	1831	-	149	80484722	98173
chr11	33538382	33738382	harbor1	chr11	33539709	33539886	LTR/ERVL-MaLR	564	-	88	33539797	1415
chr11	33538382	33738382	harbor1	chr11	33562392	33562671	LTR/ERVL-MaLR	2124	-	140	33562532	24150
chr11	33538382	33738382	harbor1	chr11	33562981	33563075	LTR/ERVL-MaLR	2124	-	47	33563028	24646
chr11	33538382	33738382	harbor1	chr11	33563372	33563405	LTR/ERVL-MaLR	2124	-	16	33563388	25006
chr11	33538382	33738382	harbor1	chr11	33571404	33571800	LTR/ERVL-MaLR	2264	-	198	33571602	33220
chr11	33538382	33738382	harbor1	chr11	33594252	33594704	LTR/ERVL-MaLR	1212	-	226	33594478	56096
chr11	33538382	33738382	harbor1	chr11	33604099	33604293	LTR/ERVL-MaLR	2114	-	97	33604196	65814
chr11	33538382	33738382	harbor1	chr11	33604960	33605150	LTR/ERVL-MaLR	2114	-	95	33605055	66673
chr11	33538382	33738382	harbor1	chr11	33605195	33605333	LTR/ERVL-MaLR	2114	-	69	33605264	66882
chr11	33538382	33738382	harbor1	chr11	33610744	33611064	LTR/ERVL-MaLR	1262	-	160	33610904	72522
chr11	33538382	33738382	harbor1	chr11	33613413	33613739	LTR/ERVL-MaLR	1761	-	163	33613576	75194
chr11	33538382	33738382	harbor1	chr11	33616057	33616485	LTR/ERVL-MaLR	1517	-	214	33616271	77889
chr11	33538382	33738382	harbor1	chr11	33637528	33637929	LTR/ERVL-MaLR	1876	-	200	33637728	99346
chr11	33538382	33738382	harbor1	chr11	33554350	33554851	LTR/ERVL-MaLR	637	-	250	33554600	16218
chr11	63605429	63805429	harbor1	chr11	63701504	63701659	LTR/ERVL-MaLR	751	-	78	63701582	96153
chr11	36630898	36830898	harbor1	chr11	36639429	36639830	LTR/ERVL-MaLR	1790	-	200	36639629	8731
chr11	36630898	36830898	harbor1	chr11	36648504	36648886	LTR/ERVL-MaLR	544	-	191	36648695	17797
chr11	36630898	36830898	harbor1	chr11	36722382	36722762	LTR/ERVL-MaLR	1292	-	190	36722572	91674
chr11	36630898	36830898	harbor1	chr11	36725766	36726142	LTR/ERVL-MaLR	2161	-	188	36725954	95056
chr11	36630898	36830898	harbor1	chr11	36727205	36727588	LTR/ERVL-MaLR	2335	-	192	36727397	96499
chr11	37489073	37689073	harbor1	chr11	37515157	37515534	LTR/ERVL-MaLR	2199	-	188	37515345	26272
chr11	37489073	37689073	harbor1	chr11	37528301	37528677	LTR/ERVL-MaLR	1791	-	188	37528489	39416
chr11	37489073	37689073	harbor1	chr11	37528678	37530302	LTR/ERVL-MaLR	10819	-	812	37529490	40417
chr11	37489073	37689073	harbor1	chr11	37530303	37530684	LTR/ERVL-MaLR	1969	-	190	37530493	41420
chr11	37489073	37689073	harbor1	chr11	37544627	37544814	LTR/ERVL-MaLR	826	-	94	37544721	55648
chr11	37489073	37689073	harbor1	chr11	37544928	37545256	LTR/ERVL-MaLR	1845	-	164	37545092	56019
chr11	37489073	37689073	harbor1	chr11	37545280	37546515	LTR/ERVL-MaLR	8798	-	618	37545898	56825
chr11	37489073	37689073	harbor1	chr11	37546516	37546870	LTR/ERVL-MaLR	2170	-	177	37546693	57620
chr11	37489073	37689073	harbor1	chr11	37546871	37546965	LTR/ERVL-MaLR	592	-	47	37546918	57845
chr11	124945047	125145047	harbor1	chr11	124951276	124951554	LTR/ERVL-MaLR	1635	-	139	124951415	6368
chr11	124945047	125145047	harbor1	chr11	124951586	124951769	LTR/ERVL-MaLR	1635	-	92	124951678	6631
chr11	124945047	125145047	harbor1	chr11	124957066	124957545	LTR/ERVL-MaLR	851	-	240	124957306	12259
chr11	124945047	125145047	harbor1	chr11	124972552	124973039	LTR/ERVL-MaLR	1637	-	244	124972796	27749
chr11	98620187	98820187	harbor1	chr11	98621769	98621989	LTR/ERVL-MaLR	750	-	110	98621879	1692
chr11	98620187	98820187	harbor1	chr11	98629812	98630180	LTR/ERVL-MaLR	2247	-	184	98629996	9809
chr11	98620187	98820187	harbor1	chr11	98641584	98641945	LTR/ERVL-MaLR	1858	-	180	98641764	21577
chr11	98620187	98820187	harbor1	chr11	98670012	98670356	LTR/ERVL-MaLR	1870	-	172	98670184	49997
chr11	98620187	98820187	harbor1	chr11	98697790	98698932	LTR/ERVL-MaLR	4036	-	571	98698361	78174
chr11	98620187	98820187	harbor1	chr11	98698934	98699215	LTR/ERVL-MaLR	1301	-	140	98699074	78887
chr11	98620187	98820187	harbor1	chr11	98699209	98699428	LTR/ERVL-MaLR	745	-	110	98699319	79132
chr11	98620187	98820187	harbor1	chr11	98719718	98720077	LTR/ERVL-MaLR	1993	-	180	98719898	99711
chr11	110643052	110843052	harbor1	chr11	110676279	110676643	LTR/ERVL-MaLR	2621	-	182	110676461	33409
chr11	110643052	110843052	harbor1	chr11	110678585	110678663	LTR/ERVL-MaLR	1707	-	39	110678624	35572
chr11	110643052	110843052	harbor1	chr11	110678966	110679415	LTR/ERVL-MaLR	1707	-	224	110679190	36138
chr11	84178595	84378595	harbor1	chr11	84215950	84216390	LTR/ERVL-MaLR	741	-	220	84216170	37575
chr11	62873055	63073055	harbor1	chr11	62955090	62955493	LTR/ERVL-MaLR	2157	-	202	62955292	82237
chr11	62873055	63073055	harbor1	chr11	62962493	62962592	LTR/ERVL-MaLR	398	-	50	62962543	89488
chr11	62873055	63073055	harbor1	chr11	62971506	62971776	LTR/ERVL-MaLR	635	-	135	62971641	98586
chr11	62873055	63073055	harbor1	chr11	62972701	62972803	LTR/ERVL-MaLR	570	-	51	62972752	99697
chr11	13709405	13909405	harbor1	chr11	13716318	13716518	LTR/ERVL-MaLR	522	-	100	13716418	7013
chr11	13709405	13909405	harbor1	chr11	13716575	13716751	LTR/ERVL-MaLR	659	-	88	13716663	7258
chr11	13709405	13909405	harbor1	chr11	13717070	13717642	LTR/ERVL-MaLR	2047	-	286	13717356	7951
chr11	13709405	13909405	harbor1	chr11	13717869	13718278	LTR/ERVL-MaLR	2047	-	204	13718073	8668
chr11	13709405	13909405	harbor1	chr11	13718358	13718624	LTR/ERVL-MaLR	450	-	133	13718491	9086
chr11	13709405	13909405	harbor1	chr11	13718642	13719192	LTR/ERVL-MaLR	834	-	275	13718917	9512
chr11	13709405	13909405	harbor1	chr11	13761115	13761409	LTR/ERVL-MaLR	392	-	147	13761262	51857
chr11	13709405	13909405	harbor1	chr11	13762705	13762966	LTR/ERVL-MaLR	593	-	130	13762835	53430
chr11	13709405	13909405	harbor1	chr11	13775693	13776127	LTR/ERVL-MaLR	2231	-	217	13775910	66505
chr11	13709405	13909405	harbor1	chr11	13782380	13782743	LTR/ERVL-MaLR	1124	-	182	13782562	73157
chr11	13709405	13909405	harbor1	chr11	13783468	13783626	LTR/ERVL-MaLR	1509	-	79	13783547	74142
chr11	13709405	13909405	harbor1	chr11	13783923	13784079	LTR/ERVL-MaLR	1509	-	78	13784001	74596
chr11	13709405	13909405	harbor1	chr11	13801192	13801543	LTR/ERVL-MaLR	2106	-	176	13801368	91963
chr11	13709405	13909405	harbor1	chr11	13807619	13808034	LTR/ERVL-MaLR	1486	-	208	13807827	98422
chr11	110702025	110902025	harbor1	chr11	110764255	110764599	LTR/ERVL-MaLR	1952	-	172	110764427	62402
chr11	110702025	110902025	harbor1	chr11	110768719	110769250	LTR/ERVL-MaLR	1821	-	266	110768985	66960
chr11	110702025	110902025	harbor1	chr11	110801357	110801797	LTR/ERVL-MaLR	426	-	220	110801577	99552
chr11	101980041	102180041	harbor1	chr11	102005169	102005589	LTR/ERVL-MaLR	2583	-	210	102005379	25338
chr11	101980041	102180041	harbor1	chr11	102049129	102049495	LTR/ERVL-MaLR	1227	-	183	102049312	69271
chr11	101980041	102180041	harbor1	chr11	102063988	102064095	LTR/ERVL-MaLR	553	-	54	102064042	84001
chr11	49909564	50109564	harbor1	chr11	49924437	49924794	LTR/ERVL-MaLR	1651	-	178	49924615	15051
chr11	49909564	50109564	harbor1	chr11	49924797	49925192	LTR/ERVL-MaLR	1294	-	198	49924995	15431
chr11	49909564	50109564	harbor1	chr11	49932329	49932480	LTR/ERVL-MaLR	842	-	76	49932405	22841
chr11	41881756	42081756	harbor1	chr11	41894487	41894669	LTR/ERVL-MaLR	706	-	91	41894578	12822
chr11	41881756	42081756	harbor1	chr11	41955203	41955503	LTR/ERVL-MaLR	502	-	150	41955353	73597
chr11	41881756	42081756	harbor1	chr11	41967508	41967886	LTR/ERVL-MaLR	1088	-	189	41967697	85941
chr11	41881756	42081756	harbor1	chr11	41968178	41968289	LTR/ERVL-MaLR	1088	-	56	41968234	86478
chr11	41881756	42081756	harbor1	chr11	41978144	41978712	LTR/ERVL-MaLR	1075	-	284	41978428	96672
chr11	63034940	63234940	harbor1	chr11	63036136	63036311	LTR/ERVL-MaLR	566	-	88	63036224	1284
chr11	63034940	63234940	harbor1	chr11	63057431	63057813	LTR/ERVL-MaLR	1995	-	191	63057622	22682
chr11	63034940	63234940	harbor1	chr11	63057816	63058384	LTR/ERVL-MaLR	4105	-	284	63058100	23160
chr11	63034940	63234940	harbor1	chr11	63072560	63072925	LTR/ERVL-MaLR	2358	-	182	63072742	37802
chr11	63034940	63234940	harbor1	chr11	63104515	63104778	LTR/ERVL-MaLR	1432	-	132	63104647	69707
chr11	63034940	63234940	harbor1	chr11	63104793	63105925	LTR/ERVL-MaLR	7016	-	566	63105359	70419
chr11	94540157	94740157	harbor1	chr11	94570207	94570586	LTR/ERVL-MaLR	2106	-	190	94570397	30240
chr11	94540157	94740157	harbor1	chr11	94625290	94625640	LTR/ERVL-MaLR	2437	-	175	94625465	85308
chr11	94540157	94740157	harbor1	chr11	94625641	94627224	LTR/ERVL-MaLR	12351	-	792	94626433	86276
chr11	94540157	94740157	harbor1	chr11	94627225	94627581	LTR/ERVL-MaLR	2327	-	178	94627403	87246
chr11	6090059	6290059	harbor1	chr11	6183393	6183742	LTR/ERVL-MaLR	1889	-	174	6183567	93508
chr11	95754271	95954271	harbor1	chr11	95761099	95761367	LTR/ERVL-MaLR	421	-	134	95761233	6962
chr11	95754271	95954271	harbor1	chr11	95800021	95800384	LTR/ERVL-MaLR	1553	-	182	95800203	45932
chr11	95754271	95954271	harbor1	chr11	95800690	95800796	LTR/ERVL-MaLR	1553	-	53	95800743	46472
chr11	95754271	95954271	harbor1	chr11	95816034	95816410	LTR/ERVL-MaLR	1962	-	188	95816222	61951
chr11	95640727	95840727	harbor1	chr11	95681549	95682011	LTR/ERVL-MaLR	2133	-	231	95681780	41053
chr11	95640727	95840727	harbor1	chr11	95723617	95723956	LTR/ERVL-MaLR	1395	-	170	95723787	83060
chr11	68560914	68760914	harbor1	chr11	68563202	68563590	LTR/ERVL-MaLR	877	-	194	68563396	2482
chr11	68560914	68760914	harbor1	chr11	68633114	68633179	LTR/ERVL-MaLR	641	-	32	68633146	72232
chr11	68560914	68760914	harbor1	chr11	68633180	68633536	LTR/ERVL-MaLR	1549	-	178	68633358	72444
chr11	68560914	68760914	harbor1	chr11	68633537	68633632	LTR/ERVL-MaLR	641	-	48	68633585	72671
chr11	50307943	50507943	harbor1	chr11	50330690	50330933	LTR/ERVL-MaLR	521	-	122	50330812	22869
chr11	50307943	50507943	harbor1	chr11	50334483	50334836	LTR/ERVL-MaLR	2679	-	176	50334659	26716
chr11	50307943	50507943	harbor1	chr11	50334838	50336413	LTR/ERVL-MaLR	11270	-	788	50335626	27683
chr11	50307943	50507943	harbor1	chr11	50336414	50336767	LTR/ERVL-MaLR	2646	-	176	50336590	28647
chr11	50307943	50507943	harbor1	chr11	50339290	50339671	LTR/ERVL-MaLR	2137	-	190	50339480	31537
chr11	50307943	50507943	harbor1	chr11	50342097	50342302	LTR/ERVL-MaLR	673	-	102	50342199	34256
chr11	61272269	61472269	harbor1	chr11	61369533	61369958	LTR/ERVL-MaLR	789	-	212	61369745	97476
chr11	61272269	61472269	harbor1	chr11	61370562	61370645	LTR/ERVL-MaLR	789	-	42	61370604	98335
chr11	61272269	61472269	harbor1	chr11	61370827	61370932	LTR/ERVL-MaLR	388	-	52	61370879	98610
chr11	8939133	9139133	harbor1	chr11	8994015	8994452	LTR/ERVL-MaLR	567	-	218	8994233	55100
chr11	8939133	9139133	harbor1	chr11	9007613	9007842	LTR/ERVL-MaLR	658	-	114	9007727	68594
chr11	8939133	9139133	harbor1	chr11	9017719	9018214	LTR/ERVL-MaLR	1549	-	248	9017967	78834
chr11	79845632	80045632	harbor1	chr11	79894825	79895208	LTR/ERVL-MaLR	1850	-	192	79895017	49385
chr11	79845632	80045632	harbor1	chr11	79895209	79896572	LTR/ERVL-MaLR	2489	-	682	79895891	50259
chr11	79845632	80045632	harbor1	chr11	79905692	79905850	LTR/ERVL-MaLR	703	-	79	79905771	60139
chr11	79845632	80045632	harbor1	chr11	79906586	79906799	LTR/ERVL-MaLR	763	-	106	79906692	61060
chr11	79845632	80045632	harbor1	chr11	79917815	79918230	LTR/ERVL-MaLR	1806	-	208	79918023	72391
chr11	79845632	80045632	harbor1	chr11	79927206	79927359	LTR/ERVL-MaLR	393	-	76	79927282	81650
chr11	17129953	17329953	harbor1	chr11	17212372	17212943	LTR/ERVL-MaLR	2240	-	286	17212658	82705
chr11	17129953	17329953	harbor1	chr11	17213276	17213396	LTR/ERVL-MaLR	1846	-	60	17213336	83383
chr11	17129953	17329953	harbor1	chr11	17213697	17214010	LTR/ERVL-MaLR	1846	-	156	17213853	83900
chr11	17129953	17329953	harbor1	chr11	17221879	17222012	LTR/ERVL-MaLR	419	-	66	17221945	91992
chr11	17129953	17329953	harbor1	chr11	17222094	17222216	LTR/ERVL-MaLR	527	-	61	17222155	92202
chr11	107483785	107683785	harbor1	chr11	107488300	107488865	LTR/ERVL-MaLR	2219	-	282	107488582	4797
chr11	107483785	107683785	harbor1	chr11	107570523	107570891	LTR/ERVL-MaLR	554	-	184	107570707	86922
chr11	107483785	107683785	harbor1	chr11	107571465	107571684	LTR/ERVL-MaLR	554	-	110	107571575	87790
chr11	194336	394336	harbor1	chr11	276687	277071	LTR/ERVL-MaLR	2090	-	192	276879	82543
chr11	63679721	63879721	harbor1	chr11	63701504	63701659	LTR/ERVL-MaLR	751	-	78	63701582	21861
chr11	63679721	63879721	harbor1	chr11	63735976	63736306	LTR/ERVL-MaLR	1213	-	165	63736141	56420
chr11	63679721	63879721	harbor1	chr11	63736861	63736973	LTR/ERVL-MaLR	562	-	56	63736917	57196
chr11	63679721	63879721	harbor1	chr11	63737133	63737158	LTR/ERVL-MaLR	562	-	12	63737145	57424
chr11	63679721	63879721	harbor1	chr11	63777150	63777642	LTR/ERVL-MaLR	806	-	246	63777396	97675
chr11	63679721	63879721	harbor1	chr11	63778879	63779349	LTR/ERVL-MaLR	530	-	235	63779114	99393
chr11	24246450	24446450	harbor1	chr11	24262003	24262364	LTR/ERVL-MaLR	1660	-	180	24262183	15733
chr11	24246450	24446450	harbor1	chr11	24269486	24269946	LTR/ERVL-MaLR	1258	-	230	24269716	23266
chr11	24246450	24446450	harbor1	chr11	24275441	24275876	LTR/ERVL-MaLR	1288	-	218	24275659	29209
chr11	24246450	24446450	harbor1	chr11	24295239	24295695	LTR/ERVL-MaLR	629	-	228	24295467	49017
chr11	82001205	82201205	harbor1	chr11	82008878	82009254	LTR/ERVL-MaLR	870	-	188	82009066	7861
chr11	82001205	82201205	harbor1	chr11	82035146	82035528	LTR/ERVL-MaLR	1948	-	191	82035337	34132
chr11	126443381	126643381	harbor1	chr11	126472237	126472584	LTR/ERVL-MaLR	1933	-	174	126472411	29030
chr11	105964603	106164603	harbor1	chr11	105985558	105985987	LTR/ERVL-MaLR	550	-	214	105985772	21169
chr11	105964603	106164603	harbor1	chr11	105993918	105994401	LTR/ERVL-MaLR	402	-	242	105994160	29557
chr11	105964603	106164603	harbor1	chr11	106007360	106007723	LTR/ERVL-MaLR	2151	-	182	106007542	42939
chr11	105964603	106164603	harbor1	chr11	106059921	106060065	LTR/ERVL-MaLR	448	-	72	106059993	95390
chr11	105964603	106164603	harbor1	chr11	106061106	106061223	LTR/ERVL-MaLR	473	-	58	106061164	96561
chr11	41351237	41551237	harbor1	chr11	41362584	41363034	LTR/ERVL-MaLR	1303	-	225	41362809	11572
chr11	41351237	41551237	harbor1	chr11	41426645	41426928	LTR/ERVL-MaLR	916	-	142	41426787	75550
chr11	41351237	41551237	harbor1	chr11	41446274	41446735	LTR/ERVL-MaLR	615	-	230	41446504	95267
chr11	31811977	32011977	harbor1	chr11	31832077	31832434	LTR/ERVL-MaLR	649	-	178	31832255	20278
chr11	31811977	32011977	harbor1	chr11	31857374	31857546	LTR/ERVL-MaLR	499	-	86	31857460	45483
chr11	31811977	32011977	harbor1	chr11	31867022	31867386	LTR/ERVL-MaLR	2140	-	182	31867204	55227
chr11	31811977	32011977	harbor1	chr11	31867676	31867854	LTR/ERVL-MaLR	2140	-	89	31867765	55788
chr11	31811977	32011977	harbor1	chr11	31881528	31881730	LTR/ERVL-MaLR	526	-	101	31881629	69652
chr11	31811977	32011977	harbor1	chr11	31882313	31882756	LTR/ERVL-MaLR	1427	-	222	31882535	70558
chr11	31811977	32011977	harbor1	chr11	31901770	31902135	LTR/ERVL-MaLR	2337	-	182	31901952	89975
chr11	31811977	32011977	harbor1	chr11	31906423	31906674	LTR/ERVL-MaLR	1151	-	126	31906549	94572
chr11	31811977	32011977	harbor1	chr11	31907586	31907736	LTR/ERVL-MaLR	696	-	75	31907661	95684
chr11	124200099	124400099	harbor1	chr11	124254846	124255040	LTR/ERVL-MaLR	812	-	97	124254943	54844
chr11	28504909	28704909	harbor1	chr11	28507144	28507500	LTR/ERVL-MaLR	1742	-	178	28507322	2413
chr11	28504909	28704909	harbor1	chr11	28515303	28515497	LTR/ERVL-MaLR	438	-	97	28515400	10491
chr11	28504909	28704909	harbor1	chr11	28545949	28546275	LTR/ERVL-MaLR	1525	-	163	28546112	41203
chr11	28504909	28704909	harbor1	chr11	28554184	28554694	LTR/ERVL-MaLR	1944	-	255	28554439	49530
chr11	28504909	28704909	harbor1	chr11	28556016	28556500	LTR/ERVL-MaLR	1076	-	242	28556258	51349
chr11	28504909	28704909	harbor1	chr11	28572502	28572873	LTR/ERVL-MaLR	1232	-	186	28572688	67779
chr11	28504909	28704909	harbor1	chr11	28592384	28593085	LTR/ERVL-MaLR	2341	-	350	28592734	87825
chr11	28504909	28704909	harbor1	chr11	28593086	28593614	LTR/ERVL-MaLR	2214	-	264	28593350	88441
chr11	28504909	28704909	harbor1	chr11	28601436	28601777	LTR/ERVL-MaLR	1392	-	170	28601606	96697
chr11	14357795	14557795	harbor1	chr11	14370279	14370328	LTR/ERVL-MaLR	814	-	24	14370303	12508
chr11	14357795	14557795	harbor1	chr11	14370565	14370761	LTR/ERVL-MaLR	814	-	98	14370663	12868
chr11	14357795	14557795	harbor1	chr11	14370926	14371279	LTR/ERVL-MaLR	814	-	176	14371102	13307
chr11	14357795	14557795	harbor1	chr11	14382465	14382823	LTR/ERVL-MaLR	2206	-	179	14382644	24849
chr11	14357795	14557795	harbor1	chr11	14387494	14387862	LTR/ERVL-MaLR	950	-	184	14387678	29883
chr11	14357795	14557795	harbor1	chr11	14400434	14400580	LTR/ERVL-MaLR	812	-	73	14400507	42712
chr11	14357795	14557795	harbor1	chr11	14400885	14400897	LTR/ERVL-MaLR	812	-	6	14400891	43096
chr11	14357795	14557795	harbor1	chr11	14401128	14401313	LTR/ERVL-MaLR	812	-	92	14401220	43425
chr11	14357795	14557795	harbor1	chr11	14419347	14419764	LTR/ERVL-MaLR	982	-	208	14419555	61760
chr11	14357795	14557795	harbor1	chr11	14401342	14401615	LTR/ERVL-MaLR	700	-	136	14401478	43683
chr11	41158449	41358449	harbor1	chr11	41175327	41175702	LTR/ERVL-MaLR	868	-	188	41175515	17066
chr11	41158449	41358449	harbor1	chr11	41182794	41183166	LTR/ERVL-MaLR	2331	-	186	41182980	24531
chr11	41158449	41358449	harbor1	chr11	41183167	41184758	LTR/ERVL-MaLR	11487	-	796	41183963	25514
chr11	41158449	41358449	harbor1	chr11	41184761	41185148	LTR/ERVL-MaLR	2321	-	194	41184955	26506
chr11	41158449	41358449	harbor1	chr11	41252656	41253013	LTR/ERVL-MaLR	2728	-	178	41252834	94385
chr11	81399451	81599451	harbor1	chr11	81426797	81427213	LTR/ERVL-MaLR	2311	-	208	81427005	27554
chr11	81399451	81599451	harbor1	chr11	81440022	81440378	LTR/ERVL-MaLR	2224	-	178	81440200	40749
chr11	81399451	81599451	harbor1	chr11	81450313	81450728	LTR/ERVL-MaLR	2170	-	208	81450521	51070
chr11	92876848	93076848	harbor1	chr11	92904455	92904729	LTR/ERVL-MaLR	1536	-	137	92904592	27744
chr11	2955364	3155364	harbor1	chr11	3034834	3035197	LTR/ERVL-MaLR	1995	-	182	3035016	79652
chr11	133798185	133998185	harbor1	chr11	133798263	133798900	LTR/ERVL-MaLR	2293	-	318	133798581	396
chr11	133798185	133998185	harbor1	chr11	133802413	133802845	LTR/ERVL-MaLR	1029	-	216	133802629	4444
chr11	133798185	133998185	harbor1	chr11	133803165	133803492	LTR/ERVL-MaLR	827	-	164	133803329	5144
chr11	133798185	133998185	harbor1	chr11	133815017	133815211	LTR/ERVL-MaLR	476	-	97	133815114	16929
chr11	133798185	133998185	harbor1	chr11	133815208	133815535	LTR/ERVL-MaLR	1943	-	164	133815372	17187
chr11	133798185	133998185	harbor1	chr11	133816082	133816463	LTR/ERVL-MaLR	1943	-	190	133816272	18087
chr11	133798185	133998185	harbor1	chr11	133816662	133816822	LTR/ERVL-MaLR	588	-	80	133816742	18557
chr11	133798185	133998185	harbor1	chr11	133866028	133866447	LTR/ERVL-MaLR	2627	-	210	133866238	68053
chr11	133798185	133998185	harbor1	chr11	133870699	133871057	LTR/ERVL-MaLR	1812	-	179	133870878	72693
chr11	133798185	133998185	harbor1	chr11	133886062	133886417	LTR/ERVL-MaLR	404	-	178	133886240	88055
chr11	109044882	109244882	harbor1	chr11	109072097	109072511	LTR/ERVL-MaLR	2412	-	207	109072304	27422
chr11	124079733	124279733	harbor1	chr11	124113566	124113921	LTR/ERVL-MaLR	803	-	178	124113744	34011
chr11	124079733	124279733	harbor1	chr11	124150594	124150974	LTR/ERVL-MaLR	2021	-	190	124150784	71051
chr11	37017026	37217026	harbor1	chr11	37029793	37029949	LTR/ERVL-MaLR	491	-	78	37029871	12845
chr11	37017026	37217026	harbor1	chr11	37033212	37033610	LTR/ERVL-MaLR	1116	-	199	37033411	16385
chr11	37017026	37217026	harbor1	chr11	37098371	37098863	LTR/ERVL-MaLR	1960	-	246	37098617	81591
chr11	88961781	89161781	harbor1	chr11	88965150	88965511	LTR/ERVL-MaLR	1350	-	180	88965330	3549
chr11	88961781	89161781	harbor1	chr11	88967355	88967712	LTR/ERVL-MaLR	1071	-	178	88967533	5752
chr11	88961781	89161781	harbor1	chr11	88970215	88970565	LTR/ERVL-MaLR	673	-	175	88970390	8609
chr11	31384769	31584769	harbor1	chr11	31405433	31405484	LTR/ERVL-MaLR	1304	-	26	31405459	20690
chr11	31384769	31584769	harbor1	chr11	31405757	31406088	LTR/ERVL-MaLR	1304	-	166	31405923	21154
chr11	31384769	31584769	harbor1	chr11	31411371	31411864	LTR/ERVL-MaLR	1657	-	246	31411617	26848
chr11	31384769	31584769	harbor1	chr11	31425393	31425781	LTR/ERVL-MaLR	1531	-	194	31425587	40818
chr11	31384769	31584769	harbor1	chr11	31471773	31472255	LTR/ERVL-MaLR	2220	-	241	31472014	87245
chr11	67631216	67831216	harbor1	chr11	67681057	67681430	LTR/ERVL-MaLR	2752	-	186	67681243	50027
chr11	67631216	67831216	harbor1	chr11	67696398	67696552	LTR/ERVL-MaLR	708	-	77	67696475	65259
chr11	67631216	67831216	harbor1	chr11	67705432	67705617	LTR/ERVL-MaLR	399	-	92	67705524	74308
chr11	67631216	67831216	harbor1	chr11	67706332	67706729	LTR/ERVL-MaLR	1122	-	198	67706530	75314
chr11	67631216	67831216	harbor1	chr11	67707351	67707474	LTR/ERVL-MaLR	454	-	62	67707413	76197
chr11	27847842	28047842	harbor1	chr11	27850440	27850942	LTR/ERVL-MaLR	2671	-	251	27850691	2849
chr11	27847842	28047842	harbor1	chr11	27862782	27863192	LTR/ERVL-MaLR	2185	-	205	27862987	15145
chr11	27847842	28047842	harbor1	chr11	27883700	27884050	LTR/ERVL-MaLR	2284	-	175	27883875	36033
chr11	27847842	28047842	harbor1	chr11	27884811	27885212	LTR/ERVL-MaLR	2101	-	200	27885011	37169
chr11	27847842	28047842	harbor1	chr11	27897681	27898037	LTR/ERVL-MaLR	2108	-	178	27897859	50017
chr11	27847842	28047842	harbor1	chr11	27915100	27915318	LTR/ERVL-MaLR	1994	-	109	27915209	67367
chr11	27847842	28047842	harbor1	chr11	27915623	27915816	LTR/ERVL-MaLR	1994	-	96	27915719	67877
chr11	27847842	28047842	harbor1	chr11	27924313	27924719	LTR/ERVL-MaLR	2467	-	203	27924516	76674
chr11	27847842	28047842	harbor1	chr11	27937271	27937635	LTR/ERVL-MaLR	378	-	182	27937453	89611
chr11	92699954	92899954	harbor1	chr11	92721671	92722015	LTR/ERVL-MaLR	2031	-	172	92721843	21889
chr11	92699954	92899954	harbor1	chr11	92722020	92723580	LTR/ERVL-MaLR	11290	-	780	92722800	22846
chr11	92699954	92899954	harbor1	chr11	92723581	92723924	LTR/ERVL-MaLR	2301	-	172	92723753	23799
chr11	92699954	92899954	harbor1	chr11	92724005	92724467	LTR/ERVL-MaLR	1101	-	231	92724236	24282
chr11	92699954	92899954	harbor1	chr11	92728543	92729028	LTR/ERVL-MaLR	1408	-	242	92728785	28831
chr11	92699954	92899954	harbor1	chr11	92746161	92746516	LTR/ERVL-MaLR	2072	-	178	92746339	46385
chr11	92699954	92899954	harbor1	chr11	92746517	92748058	LTR/ERVL-MaLR	10951	-	770	92747287	47333
chr11	92699954	92899954	harbor1	chr11	92748060	92748412	LTR/ERVL-MaLR	2284	-	176	92748236	48282
chr11	92699954	92899954	harbor1	chr11	92761089	92761440	LTR/ERVL-MaLR	1966	-	176	92761265	61311
chr11	92699954	92899954	harbor1	chr11	92761441	92761709	LTR/ERVL-MaLR	684	-	134	92761575	61621
chr11	40704413	40904413	harbor1	chr11	40743311	40743523	LTR/ERVL-MaLR	1193	-	106	40743417	39004
chr11	40704413	40904413	harbor1	chr11	40743568	40743632	LTR/ERVL-MaLR	420	-	32	40743600	39187
chr11	40704413	40904413	harbor1	chr11	40770108	40770478	LTR/ERVL-MaLR	2036	-	185	40770293	65880
chr11	40704413	40904413	harbor1	chr11	40770479	40772058	LTR/ERVL-MaLR	9212	-	790	40771269	66856
chr11	40704413	40904413	harbor1	chr11	40772061	40772438	LTR/ERVL-MaLR	2196	-	188	40772249	67836
chr11	126890418	127090418	harbor1	chr11	126951034	126951155	LTR/ERVL-MaLR	513	-	60	126951094	60676
chr11	98760137	98960137	harbor1	chr11	98812083	98812452	LTR/ERVL-MaLR	1677	-	184	98812267	52130
chr11	98760137	98960137	harbor1	chr11	98822578	98823099	LTR/ERVL-MaLR	1000	-	260	98822838	62701
chr11	98760137	98960137	harbor1	chr11	98823147	98823281	LTR/ERVL-MaLR	670	-	67	98823214	63077
chr11	98760137	98960137	harbor1	chr11	98823622	98823704	LTR/ERVL-MaLR	670	-	41	98823663	63526
chr11	98760137	98960137	harbor1	chr11	98824019	98824096	LTR/ERVL-MaLR	670	-	38	98824057	63920
chr11	82892704	83092704	harbor1	chr11	82940523	82940914	LTR/ERVL-MaLR	2265	-	196	82940719	48015
chr11	82892704	83092704	harbor1	chr11	82943160	82943493	LTR/ERVL-MaLR	1842	-	166	82943326	50622
chr11	82892704	83092704	harbor1	chr11	82943494	82945064	LTR/ERVL-MaLR	11582	-	785	82944279	51575
chr11	82892704	83092704	harbor1	chr11	82945065	82945425	LTR/ERVL-MaLR	2081	-	180	82945245	52541
chr11	91655753	91855753	harbor1	chr11	91660260	91660579	LTR/ERVL-MaLR	1312	-	160	91660420	4667
chr11	91655753	91855753	harbor1	chr11	91705438	91705828	LTR/ERVL-MaLR	714	-	195	91705633	49880
chr11	91655753	91855753	harbor1	chr11	91709812	91710123	LTR/ERVL-MaLR	869	-	156	91709968	54215
chr11	91655753	91855753	harbor1	chr11	91711730	91712072	LTR/ERVL-MaLR	1471	-	171	91711901	56148
chr11	91655753	91855753	harbor1	chr11	91720423	91720584	LTR/ERVL-MaLR	769	-	80	91720503	64750
chr11	91655753	91855753	harbor1	chr11	91723339	91723732	LTR/ERVL-MaLR	1483	-	196	91723535	67782
chr11	91655753	91855753	harbor1	chr11	91733401	91733763	LTR/ERVL-MaLR	2185	-	181	91733582	77829
chr11	91655753	91855753	harbor1	chr11	91745228	91745341	LTR/ERVL-MaLR	562	-	56	91745284	89531
chr11	91655753	91855753	harbor1	chr11	91751517	91751897	LTR/ERVL-MaLR	1499	-	190	91751707	95954
chr11	68926071	69126071	harbor1	chr11	68932681	68933152	LTR/ERVL-MaLR	1689	-	236	68932917	6846
chr11	68926071	69126071	harbor1	chr11	68934603	68934948	LTR/ERVL-MaLR	569	-	172	68934775	8704
chr11	68926071	69126071	harbor1	chr11	68964523	68964752	LTR/ERVL-MaLR	1626	-	114	68964637	38566
chr11	68926071	69126071	harbor1	chr11	68965098	68965161	LTR/ERVL-MaLR	1626	-	32	68965130	39059
chr11	68926071	69126071	harbor1	chr11	68965286	68965365	LTR/ERVL-MaLR	1455	-	40	68965326	39255
chr11	68926071	69126071	harbor1	chr11	68965627	68965906	LTR/ERVL-MaLR	1455	-	140	68965767	39696
chr11	68926071	69126071	harbor1	chr11	68967490	68967890	LTR/ERVL-MaLR	1669	-	200	68967690	41619
chr11	68926071	69126071	harbor1	chr11	68998501	68998876	LTR/ERVL-MaLR	960	-	188	68998689	72618
chr11	68926071	69126071	harbor1	chr11	69014685	69014991	LTR/ERVL-MaLR	899	-	153	69014838	88767
chr11	74655904	74855904	harbor1	chr11	74658051	74658396	LTR/ERVL-MaLR	2653	-	172	74658223	2319
chr11	74655904	74855904	harbor1	chr11	74658397	74659971	LTR/ERVL-MaLR	12042	-	787	74659184	3280
chr11	74655904	74855904	harbor1	chr11	74659972	74660326	LTR/ERVL-MaLR	2863	-	177	74660149	4245
chr11	74655904	74855904	harbor1	chr11	74674172	74674209	LTR/ERVL-MaLR	1951	-	18	74674190	18286
chr11	74655904	74855904	harbor1	chr11	74674519	74674953	LTR/ERVL-MaLR	1951	-	217	74674736	18832
chr11	74655904	74855904	harbor1	chr11	74675258	74675286	LTR/ERVL-MaLR	1951	-	14	74675272	19368
chr11	74655904	74855904	harbor1	chr11	74686724	74686778	LTR/ERVL-MaLR	629	-	27	74686751	30847
chr11	74655904	74855904	harbor1	chr11	74687276	74687504	LTR/ERVL-MaLR	629	-	114	74687390	31486
chr11	74655904	74855904	harbor1	chr11	74689080	74689136	LTR/ERVL-MaLR	2141	-	28	74689108	33204
chr11	74655904	74855904	harbor1	chr11	74689445	74689959	LTR/ERVL-MaLR	2141	-	257	74689702	33798
chr11	56543486	56743486	harbor1	chr11	56558942	56559234	LTR/ERVL-MaLR	1211	-	146	56559088	15602
chr11	12455680	12655680	harbor1	chr11	12468551	12469109	LTR/ERVL-MaLR	1309	-	279	12468830	13150
chr11	12455680	12655680	harbor1	chr11	12482277	12482344	LTR/ERVL-MaLR	2120	-	34	12482311	26631
chr11	12455680	12655680	harbor1	chr11	12482645	12482908	LTR/ERVL-MaLR	2120	-	132	12482777	27097
chr11	12455680	12655680	harbor1	chr11	12503832	12504224	LTR/ERVL-MaLR	2079	-	196	12504028	48348
chr11	12455680	12655680	harbor1	chr11	12510516	12510878	LTR/ERVL-MaLR	2486	-	181	12510697	55017
chr11	12455680	12655680	harbor1	chr11	12549182	12549692	LTR/ERVL-MaLR	1181	-	255	12549437	93757
chr11	91650522	91850522	harbor1	chr11	91660260	91660579	LTR/ERVL-MaLR	1312	-	160	91660420	9898
chr11	91650522	91850522	harbor1	chr11	91705438	91705828	LTR/ERVL-MaLR	714	-	195	91705633	55111
chr11	91650522	91850522	harbor1	chr11	91709812	91710123	LTR/ERVL-MaLR	869	-	156	91709968	59446
chr11	91650522	91850522	harbor1	chr11	91711730	91712072	LTR/ERVL-MaLR	1471	-	171	91711901	61379
chr11	91650522	91850522	harbor1	chr11	91720423	91720584	LTR/ERVL-MaLR	769	-	80	91720503	69981
chr11	91650522	91850522	harbor1	chr11	91723339	91723732	LTR/ERVL-MaLR	1483	-	196	91723535	73013
chr11	91650522	91850522	harbor1	chr11	91733401	91733763	LTR/ERVL-MaLR	2185	-	181	91733582	83060
chr11	91650522	91850522	harbor1	chr11	91745228	91745341	LTR/ERVL-MaLR	562	-	56	91745284	94762
chr11	29016135	29216135	harbor1	chr11	29032993	29033340	LTR/ERVL-MaLR	1209	-	174	29033167	17032
chr11	29016135	29216135	harbor1	chr11	29099302	29099425	LTR/ERVL-MaLR	646	-	62	29099364	83229
chr11	29016135	29216135	harbor1	chr11	29113740	29114224	LTR/ERVL-MaLR	1860	-	242	29113982	97847
chr11	71108475	71308475	harbor1	chr11	71118295	71118677	LTR/ERVL-MaLR	2369	-	191	71118486	10011
chr11	71108475	71308475	harbor1	chr11	71129830	71130215	LTR/ERVL-MaLR	1959	-	192	71130022	21547
chr11	71108475	71308475	harbor1	chr11	71159056	71159548	LTR/ERVL-MaLR	1928	-	246	71159302	50827
chr11	71108475	71308475	harbor1	chr11	71162130	71162498	LTR/ERVL-MaLR	1284	-	184	71162314	53839
chr11	71108475	71308475	harbor1	chr11	71170900	71171142	LTR/ERVL-MaLR	698	-	121	71171021	62546
chr11	71108475	71308475	harbor1	chr11	71171792	71171940	LTR/ERVL-MaLR	698	-	74	71171866	63391
chr11	71108475	71308475	harbor1	chr11	71182334	71182773	LTR/ERVL-MaLR	1875	-	220	71182554	74079
chr11	71108475	71308475	harbor1	chr11	71191314	71191483	LTR/ERVL-MaLR	695	-	84	71191398	82923
chr11	71108475	71308475	harbor1	chr11	71192164	71192327	LTR/ERVL-MaLR	794	-	82	71192246	83771
chr11	71108475	71308475	harbor1	chr11	71193662	71194025	LTR/ERVL-MaLR	1264	-	182	71193844	85369
chr11	101124449	101324449	harbor1	chr11	101135994	101136374	LTR/ERVL-MaLR	1101	-	190	101136184	11735
chr11	101124449	101324449	harbor1	chr11	101136694	101136864	LTR/ERVL-MaLR	822	-	85	101136779	12330
chr11	101124449	101324449	harbor1	chr11	101138600	101139145	LTR/ERVL-MaLR	809	-	272	101138872	14423
chr11	101124449	101324449	harbor1	chr11	101145179	101145636	LTR/ERVL-MaLR	1538	-	228	101145407	20958
chr11	101124449	101324449	harbor1	chr11	101172624	101173000	LTR/ERVL-MaLR	1223	-	188	101172812	48363
chr11	101124449	101324449	harbor1	chr11	101179385	101179716	LTR/ERVL-MaLR	946	-	166	101179551	55102
chr11	42031622	42231622	harbor1	chr11	42042128	42042543	LTR/ERVL-MaLR	2172	-	208	42042336	10714
chr11	42031622	42231622	harbor1	chr11	42044358	42044873	LTR/ERVL-MaLR	1784	-	258	42044616	12994
chr11	42031622	42231622	harbor1	chr11	42052748	42052880	LTR/ERVL-MaLR	457	-	66	42052814	21192
chr11	42031622	42231622	harbor1	chr11	42065675	42065988	LTR/ERVL-MaLR	698	-	156	42065831	34209
chr11	42031622	42231622	harbor1	chr11	42066957	42067138	LTR/ERVL-MaLR	376	-	90	42067047	35425
chr11	42031622	42231622	harbor1	chr11	42073081	42073741	LTR/ERVL-MaLR	2541	-	330	42073411	41789
chr11	42031622	42231622	harbor1	chr11	42081324	42081713	LTR/ERVL-MaLR	2057	-	194	42081518	49896
chr11	113974068	114174068	harbor1	chr11	113995278	113995546	LTR/ERVL-MaLR	1668	-	134	113995412	21344
chr11	113974068	114174068	harbor1	chr11	113995578	113995825	LTR/ERVL-MaLR	1668	-	124	113995702	21634
chr11	113974068	114174068	harbor1	chr11	114006128	114006397	LTR/ERVL-MaLR	1663	-	134	114006262	32194
chr11	113974068	114174068	harbor1	chr11	114006705	114006883	LTR/ERVL-MaLR	1663	-	89	114006794	32726
chr11	113974068	114174068	harbor1	chr11	114040070	114040410	LTR/ERVL-MaLR	1800	-	170	114040240	66172
chr11	113974068	114174068	harbor1	chr11	114051886	114051947	LTR/ERVL-MaLR	1216	-	30	114051916	77848
chr11	113974068	114174068	harbor1	chr11	114052133	114052504	LTR/ERVL-MaLR	1216	-	186	114052319	78251
chr11	7361377	7561377	harbor1	chr11	7421059	7421578	LTR/ERVL-MaLR	928	-	260	7421319	59942
chr11	7361377	7561377	harbor1	chr11	7441417	7441827	LTR/ERVL-MaLR	527	-	205	7441622	80245
chr11	54662421	54862421	harbor1	chr11	54684101	54684604	LTR/ERVL-MaLR	952	-	252	54684353	21932
chr11	54662421	54862421	harbor1	chr11	54684777	54685241	LTR/ERVL-MaLR	697	-	232	54685009	22588
chr11	54662421	54862421	harbor1	chr11	54686272	54686475	LTR/ERVL-MaLR	705	-	102	54686374	23953
chr11	54662421	54862421	harbor1	chr11	54686995	54687159	LTR/ERVL-MaLR	1199	-	82	54687077	24656
chr11	54662421	54862421	harbor1	chr11	54687154	54687206	LTR/ERVL-MaLR	448	-	26	54687180	24759
chr11	54662421	54862421	harbor1	chr11	54693747	54694023	LTR/ERVL-MaLR	552	-	138	54693885	31464
chr11	54662421	54862421	harbor1	chr11	54707947	54708169	LTR/ERVL-MaLR	439	-	111	54708058	45637
chr11	54662421	54862421	harbor1	chr11	54708218	54708530	LTR/ERVL-MaLR	479	-	156	54708374	45953
chr11	54662421	54862421	harbor1	chr11	54714742	54715000	LTR/ERVL-MaLR	468	-	129	54714871	52450
chr11	54662421	54862421	harbor1	chr11	54715095	54715280	LTR/ERVL-MaLR	551	-	92	54715187	52766
chr11	54662421	54862421	harbor1	chr11	54717974	54718193	LTR/ERVL-MaLR	670	-	110	54718084	55663
chr11	54662421	54862421	harbor1	chr11	54725975	54726193	LTR/ERVL-MaLR	425	-	109	54726084	63663
chr11	54662421	54862421	harbor1	chr11	54726200	54726870	LTR/ERVL-MaLR	1078	-	335	54726535	64114
chr11	54662421	54862421	harbor1	chr11	54726918	54727121	LTR/ERVL-MaLR	605	-	102	54727020	64599
chr11	54662421	54862421	harbor1	chr11	54727266	54728880	LTR/ERVL-MaLR	7689	-	807	54728073	65652
chr11	54662421	54862421	harbor1	chr11	54728882	54729297	LTR/ERVL-MaLR	2203	-	208	54729090	66669
chr11	81910066	82110066	harbor1	chr11	81947667	81947917	LTR/ERVL-MaLR	1082	-	125	81947792	37726
chr11	81910066	82110066	harbor1	chr11	81983534	81983897	LTR/ERVL-MaLR	1407	-	182	81983716	73650
chr11	81910066	82110066	harbor1	chr11	82008878	82009254	LTR/ERVL-MaLR	870	-	188	82009066	99000
chr11	87721797	87921797	harbor1	chr11	87744952	87745433	LTR/ERVL-MaLR	850	-	240	87745192	23395
chr11	87721797	87921797	harbor1	chr11	87777037	87777289	LTR/ERVL-MaLR	1448	-	126	87777163	55366
chr11	87721797	87921797	harbor1	chr11	87777704	87777867	LTR/ERVL-MaLR	1448	-	82	87777786	55989
chr11	87721797	87921797	harbor1	chr11	87803057	87803487	LTR/ERVL-MaLR	1460	-	215	87803272	81475
chr11	87721797	87921797	harbor1	chr11	87803493	87803918	LTR/ERVL-MaLR	1615	-	212	87803705	81908
chr11	87721797	87921797	harbor1	chr11	87806204	87806554	LTR/ERVL-MaLR	1705	-	175	87806379	84582
chr11	37292385	37492385	harbor1	chr11	37303100	37303424	LTR/ERVL-MaLR	1924	-	162	37303262	10877
chr11	37292385	37492385	harbor1	chr11	37303428	37305095	LTR/ERVL-MaLR	9267	-	834	37304262	11877
chr11	37292385	37492385	harbor1	chr11	37305098	37305423	LTR/ERVL-MaLR	1657	-	162	37305260	12875
chr11	37292385	37492385	harbor1	chr11	37329429	37329638	LTR/ERVL-MaLR	1577	-	104	37329533	37148
chr11	37292385	37492385	harbor1	chr11	37330359	37330514	LTR/ERVL-MaLR	1577	-	78	37330437	38052
chr11	37292385	37492385	harbor1	chr11	37337504	37337865	LTR/ERVL-MaLR	1708	-	180	37337684	45299
chr11	37292385	37492385	harbor1	chr11	37375084	37375162	LTR/ERVL-MaLR	424	-	39	37375123	82738
chr11	37292385	37492385	harbor1	chr11	37375162	37375348	LTR/ERVL-MaLR	594	-	93	37375255	82870
chr11	37292385	37492385	harbor1	chr11	37376223	37376601	LTR/ERVL-MaLR	2110	-	189	37376412	84027
chr11	37292385	37492385	harbor1	chr11	37376602	37378217	LTR/ERVL-MaLR	10492	-	808	37377410	85025
chr11	37292385	37492385	harbor1	chr11	37378220	37378576	LTR/ERVL-MaLR	2281	-	178	37378398	86013
chr11	37189641	37389641	harbor1	chr11	37194331	37194738	LTR/ERVL-MaLR	1764	-	204	37194535	4894
chr11	37189641	37389641	harbor1	chr11	37194739	37196302	LTR/ERVL-MaLR	6672	-	782	37195521	5880
chr11	37189641	37389641	harbor1	chr11	37196303	37196707	LTR/ERVL-MaLR	2006	-	202	37196505	6864
chr11	37189641	37389641	harbor1	chr11	37199092	37199588	LTR/ERVL-MaLR	1619	-	248	37199340	9699
chr11	37189641	37389641	harbor1	chr11	37216321	37216682	LTR/ERVL-MaLR	2488	-	180	37216501	26860
chr11	37189641	37389641	harbor1	chr11	37216683	37216860	LTR/ERVL-MaLR	9259	-	88	37216771	27130
chr11	37189641	37389641	harbor1	chr11	37217167	37218528	LTR/ERVL-MaLR	9259	-	680	37217847	28206
chr11	37189641	37389641	harbor1	chr11	37218529	37218879	LTR/ERVL-MaLR	2426	-	175	37218704	29063
chr11	37189641	37389641	harbor1	chr11	37227936	37228371	LTR/ERVL-MaLR	999	-	218	37228154	38513
chr11	37189641	37389641	harbor1	chr11	37259849	37260047	LTR/ERVL-MaLR	502	-	99	37259948	70307
chr11	37189641	37389641	harbor1	chr11	37266654	37267004	LTR/ERVL-MaLR	1771	-	175	37266829	77188
chr11	37189641	37389641	harbor1	chr11	37269947	37270286	LTR/ERVL-MaLR	2101	-	170	37270117	80476
chr11	76156563	76356563	harbor1	chr11	76253620	76254048	LTR/ERVL-MaLR	1570	-	214	76253834	97271
chr11	28106160	28306160	harbor1	chr11	28127331	28127450	LTR/ERVL-MaLR	573	-	60	28127391	21231
chr11	28106160	28306160	harbor1	chr11	28167213	28167338	LTR/ERVL-MaLR	424	-	62	28167275	61115
chr11	28106160	28306160	harbor1	chr11	28193206	28193603	LTR/ERVL-MaLR	2436	-	198	28193404	87244
chr11	70522453	70722453	harbor1	chr11	70534098	70534473	LTR/ERVL-MaLR	2990	-	188	70534286	11833
chr11	70522453	70722453	harbor1	chr11	70539768	70540203	LTR/ERVL-MaLR	1566	-	218	70539986	17533
chr11	70522453	70722453	harbor1	chr11	70552872	70553098	LTR/ERVL-MaLR	1395	-	113	70552985	30532
chr11	70522453	70722453	harbor1	chr11	70553393	70553498	LTR/ERVL-MaLR	1395	-	52	70553445	30992
chr11	70522453	70722453	harbor1	chr11	70565910	70566271	LTR/ERVL-MaLR	2330	-	180	70566090	43637
chr11	70522453	70722453	harbor1	chr11	70619165	70619645	LTR/ERVL-MaLR	1509	-	240	70619405	96952
chr11	70522453	70722453	harbor1	chr11	70620057	70620216	LTR/ERVL-MaLR	657	-	80	70620137	97684
chr11	88572653	88772653	harbor1	chr11	88628706	88629105	LTR/ERVL-MaLR	773	-	200	88628906	56253
chr11	88572653	88772653	harbor1	chr11	88640981	88641393	LTR/ERVL-MaLR	2269	-	206	88641187	68534
chr11	88572653	88772653	harbor1	chr11	88641396	88643033	LTR/ERVL-MaLR	8862	-	818	88642214	69561
chr11	88572653	88772653	harbor1	chr11	88643034	88643457	LTR/ERVL-MaLR	2267	-	212	88643246	70593
chr11	88572653	88772653	harbor1	chr11	88646871	88647278	LTR/ERVL-MaLR	1579	-	204	88647075	74422
chr11	88572653	88772653	harbor1	chr11	88657808	88657985	LTR/ERVL-MaLR	738	-	88	88657896	85243
chr11	88572653	88772653	harbor1	chr11	88658260	88658397	LTR/ERVL-MaLR	738	-	68	88658328	85675
chr11	88572653	88772653	harbor1	chr11	88666200	88666621	LTR/ERVL-MaLR	2244	-	210	88666410	93757
chr11	122314695	122514695	harbor1	chr11	122342368	122342750	LTR/ERVL-MaLR	1912	-	191	122342559	27864
chr11	122314695	122514695	harbor1	chr11	122396525	122396940	LTR/ERVL-MaLR	933	-	208	122396733	82038
chr11	122314695	122514695	harbor1	chr11	122404925	122405379	LTR/ERVL-MaLR	2661	-	227	122405152	90457
chr11	122314695	122514695	harbor1	chr11	122410665	122411077	LTR/ERVL-MaLR	2249	-	206	122410871	96176
chr11	109497366	109697366	harbor1	chr11	109505137	109505473	LTR/ERVL-MaLR	630	-	168	109505305	7939
chr11	109497366	109697366	harbor1	chr11	109505639	109506408	LTR/ERVL-MaLR	2162	-	384	109506023	8657
chr11	109497366	109697366	harbor1	chr11	109506661	109507080	LTR/ERVL-MaLR	2162	-	210	109506871	9505
chr11	109497366	109697366	harbor1	chr11	109507091	109507465	LTR/ERVL-MaLR	494	-	187	109507278	9912
chr11	109497366	109697366	harbor1	chr11	109508931	109509445	LTR/ERVL-MaLR	1774	-	257	109509188	11822
chr11	109497366	109697366	harbor1	chr11	109519911	109520274	LTR/ERVL-MaLR	1642	-	182	109520093	22727
chr11	109497366	109697366	harbor1	chr11	109534986	109535356	LTR/ERVL-MaLR	2217	-	185	109535171	37805
chr11	109497366	109697366	harbor1	chr11	109553598	109553950	LTR/ERVL-MaLR	1765	-	176	109553774	56408
chr11	109497366	109697366	harbor1	chr11	109581115	109581490	LTR/ERVL-MaLR	2012	-	188	109581303	83937
chr11	109497366	109697366	harbor1	chr11	109589740	109589913	LTR/ERVL-MaLR	598	-	86	109589826	92460
chr11	109497366	109697366	harbor1	chr11	109594399	109594783	LTR/ERVL-MaLR	1955	-	192	109594591	97225
chr11	122922968	123122968	harbor1	chr11	122930828	122931192	LTR/ERVL-MaLR	1769	-	182	122931010	8042
chr11	122922968	123122968	harbor1	chr11	123020529	123020845	LTR/ERVL-MaLR	1728	-	158	123020687	97719
chr11	122922968	123122968	harbor1	chr11	123020846	123021381	LTR/ERVL-MaLR	2559	-	268	123021114	98146
chr11	134706957	134906957	harbor1	chr11	134717580	134717794	LTR/ERVL-MaLR	1147	-	107	134717687	10730
chr11	134706957	134906957	harbor1	chr11	134717848	134718522	LTR/ERVL-MaLR	1459	-	337	134718185	11228
chr11	134706957	134906957	harbor1	chr11	134751197	134751562	LTR/ERVL-MaLR	821	-	182	134751379	44422
chr11	134706957	134906957	harbor1	chr11	134752086	134752242	LTR/ERVL-MaLR	821	-	78	134752164	45207
chr11	134706957	134906957	harbor1	chr11	134754223	134754410	LTR/ERVL-MaLR	394	-	94	134754317	47360
chr11	134706957	134906957	harbor1	chr11	134775383	134775647	LTR/ERVL-MaLR	734	-	132	134775515	68558
chr11	13101526	13301526	harbor1	chr11	13138510	13138551	LTR/ERVL-MaLR	1973	-	20	13138530	37004
chr11	13101526	13301526	harbor1	chr11	13138873	13138921	LTR/ERVL-MaLR	1973	-	24	13138897	37371
chr11	13101526	13301526	harbor1	chr11	13139519	13139844	LTR/ERVL-MaLR	1973	-	162	13139681	38155
chr11	13101526	13301526	harbor1	chr11	13147418	13147621	LTR/ERVL-MaLR	680	-	102	13147520	45994
chr11	13101526	13301526	harbor1	chr11	13147622	13148019	LTR/ERVL-MaLR	2198	-	198	13147820	46294
chr11	13101526	13301526	harbor1	chr11	13148020	13148203	LTR/ERVL-MaLR	680	-	92	13148112	46586
chr11	13101526	13301526	harbor1	chr11	13190653	13191079	LTR/ERVL-MaLR	2379	-	213	13190866	89340
chr11	13101526	13301526	harbor1	chr11	13191080	13192195	LTR/ERVL-MaLR	5532	-	558	13191638	90112
chr11	13101526	13301526	harbor1	chr11	13199914	13200113	LTR/ERVL-MaLR	1039	-	100	13200014	98488
chr11	13101526	13301526	harbor1	chr11	13200341	13200424	LTR/ERVL-MaLR	527	-	42	13200383	98857
chr11	69904622	70104622	harbor1	chr11	69916883	69917036	LTR/ERVL-MaLR	772	-	76	69916959	12337
chr11	69904622	70104622	harbor1	chr11	69918028	69918255	LTR/ERVL-MaLR	518	-	114	69918142	13520
chr11	69904622	70104622	harbor1	chr11	69946174	69946301	LTR/ERVL-MaLR	519	-	64	69946238	41616
chr11	69904622	70104622	harbor1	chr11	69947082	69947233	LTR/ERVL-MaLR	843	-	76	69947158	42536
chr11	69904622	70104622	harbor1	chr11	69961905	69962027	LTR/ERVL-MaLR	472	-	61	69961966	57344
chr11	69904622	70104622	harbor1	chr11	69970680	69971130	LTR/ERVL-MaLR	862	-	225	69970905	66283
chr11	69904622	70104622	harbor1	chr11	69999072	69999464	LTR/ERVL-MaLR	2439	-	196	69999268	94646
chr11	26902327	27102327	harbor1	chr11	26920317	26920473	LTR/ERVL-MaLR	803	-	78	26920395	18068
chr11	26902327	27102327	harbor1	chr11	26920787	26921002	LTR/ERVL-MaLR	803	-	108	26920895	18568
chr11	26902327	27102327	harbor1	chr11	26939967	26940307	LTR/ERVL-MaLR	1988	-	170	26940137	37810
chr11	26902327	27102327	harbor1	chr11	26940308	26941848	LTR/ERVL-MaLR	11192	-	770	26941078	38751
chr11	26902327	27102327	harbor1	chr11	26941849	26942207	LTR/ERVL-MaLR	2068	-	179	26942028	39701
chr11	26902327	27102327	harbor1	chr11	26955914	26956256	LTR/ERVL-MaLR	1507	-	171	26956085	53758
chr11	26902327	27102327	harbor1	chr11	26972444	26972896	LTR/ERVL-MaLR	1687	-	226	26972670	70343
chr11	26902327	27102327	harbor1	chr11	26999480	26999824	LTR/ERVL-MaLR	1210	-	172	26999652	97325
chr11	131572888	131772888	harbor1	chr11	131588184	131588377	LTR/ERVL-MaLR	604	-	96	131588280	15392
chr11	131572888	131772888	harbor1	chr11	131629797	131630237	LTR/ERVL-MaLR	733	-	220	131630017	57129
chr11	66456185	66656185	harbor1	chr11	66458170	66458207	LTR/ERVL-MaLR	2666	-	18	66458188	2003
chr11	66456185	66656185	harbor1	chr11	66458509	66458883	LTR/ERVL-MaLR	2666	-	187	66458696	2511
chr11	66456185	66656185	harbor1	chr11	66460215	66460400	LTR/ERVL-MaLR	994	-	92	66460307	4122
chr11	66456185	66656185	harbor1	chr11	66460799	66460999	LTR/ERVL-MaLR	1470	-	100	66460899	4714
chr11	66456185	66656185	harbor1	chr11	66461298	66461708	LTR/ERVL-MaLR	1470	-	205	66461503	5318
chr11	66456185	66656185	harbor1	chr11	66484285	66484462	LTR/ERVL-MaLR	582	-	88	66484373	28188
chr11	66456185	66656185	harbor1	chr11	66488065	66488279	LTR/ERVL-MaLR	600	-	107	66488172	31987
chr11	66456185	66656185	harbor1	chr11	66488587	66488690	LTR/ERVL-MaLR	600	-	52	66488639	32454
chr11	66456185	66656185	harbor1	chr11	66489594	66490032	LTR/ERVL-MaLR	1253	-	219	66489813	33628
chr11	66456185	66656185	harbor1	chr11	66490164	66490207	LTR/ERVL-MaLR	1030	-	22	66490186	34001
chr11	66456185	66656185	harbor1	chr11	66490279	66490504	LTR/ERVL-MaLR	853	-	112	66490391	34206
chr11	66456185	66656185	harbor1	chr11	66503530	66503604	LTR/ERVL-MaLR	1039	-	37	66503567	47382
chr11	66456185	66656185	harbor1	chr11	66503899	66504095	LTR/ERVL-MaLR	1039	-	98	66503997	47812
chr11	133574343	133774343	harbor1	chr11	133574059	133574447	LTR/ERVL-MaLR	766	-	194	133574253	90
chr11	133574343	133774343	harbor1	chr11	133585696	133585854	LTR/ERVL-MaLR	396	-	79	133585775	11432
chr11	133574343	133774343	harbor1	chr11	133609265	133609797	LTR/ERVL-MaLR	569	-	266	133609531	35188
chr11	133574343	133774343	harbor1	chr11	133609879	133611325	LTR/ERVL-MaLR	2777	-	723	133610602	36259
chr11	133574343	133774343	harbor1	chr11	133612565	133612913	LTR/ERVL-MaLR	1477	-	174	133612739	38396
chr11	124207915	124407915	harbor1	chr11	124254846	124255040	LTR/ERVL-MaLR	812	-	97	124254943	47028
chr11	124207915	124407915	harbor1	chr11	124303033	124303379	LTR/ERVL-MaLR	1792	-	173	124303206	95291
chr11	44804875	45004875	harbor1	chr11	44805613	44806031	LTR/ERVL-MaLR	1514	-	209	44805822	947
chr11	44804875	45004875	harbor1	chr11	44822290	44822622	LTR/ERVL-MaLR	788	-	166	44822456	17581
chr11	44804875	45004875	harbor1	chr11	44838124	44838480	LTR/ERVL-MaLR	2779	-	178	44838302	33427
chr11	44804875	45004875	harbor1	chr11	44861051	44861363	LTR/ERVL-MaLR	1073	-	156	44861207	56332
chr11	44804875	45004875	harbor1	chr11	44871163	44871484	LTR/ERVL-MaLR	1500	-	160	44871323	66448
chr11	44804875	45004875	harbor1	chr11	44872234	44872401	LTR/ERVL-MaLR	666	-	84	44872318	67443
chr11	44804875	45004875	harbor1	chr11	44898484	44898896	LTR/ERVL-MaLR	2316	-	206	44898690	93815
chr11	38037663	38237663	harbor1	chr11	38051512	38051881	LTR/ERVL-MaLR	2017	-	184	38051696	14033
chr11	38037663	38237663	harbor1	chr11	38096844	38097219	LTR/ERVL-MaLR	2010	-	188	38097032	59369
chr11	38037663	38237663	harbor1	chr11	38097220	38098735	LTR/ERVL-MaLR	9049	-	758	38097978	60315
chr11	38037663	38237663	harbor1	chr11	38098736	38099089	LTR/ERVL-MaLR	1701	-	176	38098912	61249
chr11	38037663	38237663	harbor1	chr11	38118507	38118663	LTR/ERVL-MaLR	837	-	78	38118585	80922
chr11	38037663	38237663	harbor1	chr11	38127827	38128069	LTR/ERVL-MaLR	1908	-	121	38127948	90285
chr11	38037663	38237663	harbor1	chr11	38128612	38128786	LTR/ERVL-MaLR	1908	-	87	38128699	91036
chr11	3465407	3665407	harbor1	chr11	3467548	3467672	LTR/ERVL-MaLR	709	-	62	3467610	2203
chr11	3465407	3665407	harbor1	chr11	3521056	3521130	LTR/ERVL-MaLR	854	-	37	3521093	55686
chr11	3465407	3665407	harbor1	chr11	3521436	3521691	LTR/ERVL-MaLR	854	-	128	3521564	56157
chr11	3465407	3665407	harbor1	chr11	3523412	3523990	LTR/ERVL-MaLR	1753	-	289	3523701	58294
chr11	3465407	3665407	harbor1	chr11	3536531	3536888	LTR/ERVL-MaLR	2175	-	178	3536709	71302
chr11	3465407	3665407	harbor1	chr11	3536889	3538441	LTR/ERVL-MaLR	10852	-	776	3537665	72258
chr11	3465407	3665407	harbor1	chr11	3538442	3538794	LTR/ERVL-MaLR	2067	-	176	3538618	73211
chr11	3465407	3665407	harbor1	chr11	3555711	3556013	LTR/ERVL-MaLR	622	-	151	3555862	90455
chr11	3465407	3665407	harbor1	chr11	3505856	3506214	LTR/ERVL-MaLR	492	-	179	3506035	40628
chr11	39344920	39544920	harbor1	chr11	39356428	39356778	LTR/ERVL-MaLR	1459	-	175	39356603	11683
chr11	39344920	39544920	harbor1	chr11	39368581	39368754	LTR/ERVL-MaLR	541	-	86	39368667	23747
chr11	39344920	39544920	harbor1	chr11	39399371	39399518	LTR/ERVL-MaLR	805	-	74	39399445	54525
chr11	39344920	39544920	harbor1	chr11	39428489	39429071	LTR/ERVL-MaLR	2187	-	291	39428780	83860
chr11	39344920	39544920	harbor1	chr11	39432858	39433421	LTR/ERVL-MaLR	838	-	282	39433140	88220
chr11	39344920	39544920	harbor1	chr11	39438758	39439130	LTR/ERVL-MaLR	1270	-	186	39438944	94024
chr11	132180226	132380226	harbor1	chr11	132262368	132262734	LTR/ERVL-MaLR	1756	-	183	132262551	82325
chr11	132180226	132380226	harbor1	chr11	132262735	132263191	LTR/ERVL-MaLR	1855	-	228	132262963	82737
chr11	132180226	132380226	harbor1	chr11	132263468	132264005	LTR/ERVL-MaLR	2579	-	268	132263736	83510
chr11	132180226	132380226	harbor1	chr11	132264850	132265060	LTR/ERVL-MaLR	543	-	105	132264955	84729
chr11	132180226	132380226	harbor1	chr11	132278185	132278519	LTR/ERVL-MaLR	1282	-	167	132278352	98126
chr11	104034148	104234148	harbor1	chr11	104043551	104043955	LTR/ERVL-MaLR	2131	-	202	104043753	9605
chr11	104034148	104234148	harbor1	chr11	104063538	104063900	LTR/ERVL-MaLR	2078	-	181	104063719	29571
chr11	104034148	104234148	harbor1	chr11	104132888	104132976	LTR/ERVL-MaLR	386	-	44	104132932	98784
chr11	74666789	74866789	harbor1	chr11	74674172	74674209	LTR/ERVL-MaLR	1951	-	18	74674190	7401
chr11	74666789	74866789	harbor1	chr11	74674519	74674953	LTR/ERVL-MaLR	1951	-	217	74674736	7947
chr11	74666789	74866789	harbor1	chr11	74675258	74675286	LTR/ERVL-MaLR	1951	-	14	74675272	8483
chr11	74666789	74866789	harbor1	chr11	74686724	74686778	LTR/ERVL-MaLR	629	-	27	74686751	19962
chr11	74666789	74866789	harbor1	chr11	74687276	74687504	LTR/ERVL-MaLR	629	-	114	74687390	20601
chr11	74666789	74866789	harbor1	chr11	74689080	74689136	LTR/ERVL-MaLR	2141	-	28	74689108	22319
chr11	74666789	74866789	harbor1	chr11	74689445	74689959	LTR/ERVL-MaLR	2141	-	257	74689702	22913
chr11	80660109	80860109	harbor1	chr11	80662755	80663125	LTR/ERVL-MaLR	1524	-	185	80662940	2831
chr11	80660109	80860109	harbor1	chr11	80666466	80666724	LTR/ERVL-MaLR	1324	-	129	80666595	6486
chr11	80660109	80860109	harbor1	chr11	80666782	80666955	LTR/ERVL-MaLR	1324	-	86	80666868	6759
chr11	80660109	80860109	harbor1	chr11	80673647	80674092	LTR/ERVL-MaLR	1496	-	222	80673869	13760
chr11	80660109	80860109	harbor1	chr11	80681031	80681390	LTR/ERVL-MaLR	1474	-	180	80681211	21102
chr11	80660109	80860109	harbor1	chr11	80701630	80701991	LTR/ERVL-MaLR	1575	-	180	80701810	41701
chr11	80660109	80860109	harbor1	chr11	80729464	80729657	LTR/ERVL-MaLR	520	-	96	80729560	69451
chr11	80660109	80860109	harbor1	chr11	80743272	80743635	LTR/ERVL-MaLR	2207	-	182	80743454	83345
chr11	80660109	80860109	harbor1	chr11	80750361	80750714	LTR/ERVL-MaLR	2265	-	176	80750537	90428
chr11	80660109	80860109	harbor1	chr11	80750936	80751135	LTR/ERVL-MaLR	490	-	100	80751036	90927
chr11	80660109	80860109	harbor1	chr11	80723838	80724279	LTR/ERVL-MaLR	869	-	220	80724058	63949
chr11	93561657	93761657	harbor1	chr11	93610941	93611404	LTR/ERVL-MaLR	1670	-	232	93611173	49516
chr11	93561657	93761657	harbor1	chr11	93613285	93613627	LTR/ERVL-MaLR	545	-	171	93613456	51799
chr11	93561657	93761657	harbor1	chr11	93614164	93614505	LTR/ERVL-MaLR	1902	-	170	93614334	52677
chr11	93561657	93761657	harbor1	chr11	93618585	93618848	LTR/ERVL-MaLR	1964	-	132	93618717	57060
chr11	93561657	93761657	harbor1	chr11	93618900	93619066	LTR/ERVL-MaLR	1964	-	83	93618983	57326
chr11	93561657	93761657	harbor1	chr11	93621332	93621610	LTR/ERVL-MaLR	1361	-	139	93621471	59814
chr11	93561657	93761657	harbor1	chr11	93622169	93622201	LTR/ERVL-MaLR	413	-	16	93622185	60528
chr11	93561657	93761657	harbor1	chr11	93634128	93634520	LTR/ERVL-MaLR	1957	-	196	93634324	72667
chr11	93561657	93761657	harbor1	chr11	93658258	93658681	LTR/ERVL-MaLR	470	-	212	93658470	96813
chr11	49013705	49213705	harbor1	chr11	49079072	49079522	LTR/ERVL-MaLR	1205	-	225	49079297	65592
chr11	61819749	62019749	harbor1	chr11	61857924	61858083	LTR/ERVL-MaLR	591	-	80	61858004	38255
chr11	78879808	79079808	harbor1	chr11	78951471	78951859	LTR/ERVL-MaLR	1765	-	194	78951665	71857
chr11	78879808	79079808	harbor1	chr11	78976990	78977347	LTR/ERVL-MaLR	1610	-	178	78977168	97360
chr11	123783886	123983886	harbor1	chr11	123818618	123818988	LTR/ERVL-MaLR	1079	-	185	123818803	34917
chr11	123783886	123983886	harbor1	chr11	123839160	123839662	LTR/ERVL-MaLR	2239	-	251	123839411	55525
chr11	123783886	123983886	harbor1	chr11	123856914	123857259	LTR/ERVL-MaLR	2235	-	172	123857086	73200
chr11	123783886	123983886	harbor1	chr11	123872986	123873283	LTR/ERVL-MaLR	2102	-	148	123873134	89248
chr11	123783886	123983886	harbor1	chr11	123873760	123874211	LTR/ERVL-MaLR	904	-	226	123873986	90100
chr11	123783886	123983886	harbor1	chr11	123863002	123863238	LTR/ERVL-MaLR	1200	-	118	123863120	79234
chr11	118761380	118961380	harbor1	chr11	118812120	118812256	LTR/ERVL-MaLR	763	-	68	118812188	50808
chr11	118761380	118961380	harbor1	chr11	118812580	118812748	LTR/ERVL-MaLR	763	-	84	118812664	51284
chr11	118761380	118961380	harbor1	chr11	118826701	118826785	LTR/ERVL-MaLR	469	-	42	118826743	65363
chr11	118761380	118961380	harbor1	chr11	118858105	118858296	LTR/ERVL-MaLR	812	-	96	118858201	96821
chr11	31782150	31982150	harbor1	chr11	31832077	31832434	LTR/ERVL-MaLR	649	-	178	31832255	50105
chr11	31782150	31982150	harbor1	chr11	31857374	31857546	LTR/ERVL-MaLR	499	-	86	31857460	75310
chr11	31782150	31982150	harbor1	chr11	31867022	31867386	LTR/ERVL-MaLR	2140	-	182	31867204	85054
chr11	31782150	31982150	harbor1	chr11	31867676	31867854	LTR/ERVL-MaLR	2140	-	89	31867765	85615
chr11	31782150	31982150	harbor1	chr11	31881528	31881730	LTR/ERVL-MaLR	526	-	101	31881629	99479
chr12	21974672	22174672	harbor1	chr12	22038137	22038536	LTR/ERVL-MaLR	1673	-	200	22038337	63665
chr12	94480564	94680564	harbor1	chr12	94489697	94490060	LTR/ERVL-MaLR	1824	-	182	94489879	9315
chr12	94480564	94680564	harbor1	chr12	94501212	94501575	LTR/ERVL-MaLR	2114	-	182	94501394	20830
chr12	94480564	94680564	harbor1	chr12	94501576	94502814	LTR/ERVL-MaLR	9678	-	619	94502195	21631
chr12	94480564	94680564	harbor1	chr12	94507452	94507561	LTR/ERVL-MaLR	473	-	54	94507506	26942
chr12	94480564	94680564	harbor1	chr12	94508383	94508630	LTR/ERVL-MaLR	1531	-	124	94508507	27943
chr12	94480564	94680564	harbor1	chr12	94509111	94509288	LTR/ERVL-MaLR	1085	-	88	94509199	28635
chr12	94480564	94680564	harbor1	chr12	94512874	94513239	LTR/ERVL-MaLR	2793	-	182	94513056	32492
chr12	94480564	94680564	harbor1	chr12	94526682	94526925	LTR/ERVL-MaLR	474	-	122	94526804	46240
chr12	94480564	94680564	harbor1	chr12	94547964	94548189	LTR/ERVL-MaLR	783	-	112	94548076	67512
chr12	94480564	94680564	harbor1	chr12	94554978	94555184	LTR/ERVL-MaLR	1504	-	103	94555081	74517
chr12	94480564	94680564	harbor1	chr12	94555486	94555653	LTR/ERVL-MaLR	1504	-	84	94555570	75006
chr12	94480564	94680564	harbor1	chr12	94518927	94519341	LTR/ERVL-MaLR	2613	-	207	94519134	38570
chr12	96973387	97173387	harbor1	chr12	96979649	96979787	LTR/ERVL-MaLR	518	-	69	96979718	6331
chr12	96973387	97173387	harbor1	chr12	96997343	96997782	LTR/ERVL-MaLR	1334	-	220	96997563	24176
chr12	96973387	97173387	harbor1	chr12	97002614	97003096	LTR/ERVL-MaLR	1165	-	241	97002855	29468
chr12	96973387	97173387	harbor1	chr12	97003924	97004302	LTR/ERVL-MaLR	1424	-	189	97004113	30726
chr12	96973387	97173387	harbor1	chr12	97012737	97013195	LTR/ERVL-MaLR	778	-	229	97012966	39579
chr12	96973387	97173387	harbor1	chr12	97033487	97033609	LTR/ERVL-MaLR	599	-	61	97033548	60161
chr12	96973387	97173387	harbor1	chr12	97040176	97040707	LTR/ERVL-MaLR	1010	-	266	97040442	67055
chr12	96973387	97173387	harbor1	chr12	97054050	97054448	LTR/ERVL-MaLR	2185	-	199	97054249	80862
chr12	96973387	97173387	harbor1	chr12	97055930	97056313	LTR/ERVL-MaLR	2467	-	192	97056122	82735
chr12	96973387	97173387	harbor1	chr12	97064295	97064805	LTR/ERVL-MaLR	1229	-	255	97064550	91163
chr12	96973387	97173387	harbor1	chr12	97072166	97072548	LTR/ERVL-MaLR	1756	-	191	97072357	98970
chr12	5048950	5248950	harbor1	chr12	5065479	5065854	LTR/ERVL-MaLR	1053	-	188	5065667	16717
chr12	5048950	5248950	harbor1	chr12	5093834	5094027	LTR/ERVL-MaLR	442	-	96	5093930	44980
chr12	5048950	5248950	harbor1	chr12	5114263	5114665	LTR/ERVL-MaLR	661	-	201	5114464	65514
chr12	5048950	5248950	harbor1	chr12	5142448	5142677	LTR/ERVL-MaLR	1857	-	114	5142562	93612
chr12	5048950	5248950	harbor1	chr12	5142976	5143107	LTR/ERVL-MaLR	1857	-	66	5143042	94092
chr12	5048950	5248950	harbor1	chr12	5143421	5143517	LTR/ERVL-MaLR	581	-	48	5143469	94519
chr12	17899436	18099436	harbor1	chr12	17918790	17919151	LTR/ERVL-MaLR	1857	-	180	17918970	19534
chr12	17899436	18099436	harbor1	chr12	17935865	17936310	LTR/ERVL-MaLR	1417	-	222	17936087	36651
chr12	17899436	18099436	harbor1	chr12	17945958	17946446	LTR/ERVL-MaLR	1993	-	244	17946202	46766
chr12	17899436	18099436	harbor1	chr12	17994013	17994231	LTR/ERVL-MaLR	521	-	109	17994122	94686
chr12	17899436	18099436	harbor1	chr12	17994237	17994733	LTR/ERVL-MaLR	704	-	248	17994485	95049
chr12	124815566	125015566	harbor1	chr12	124832827	124833193	LTR/ERVL-MaLR	2031	-	183	124833010	17444
chr12	124815566	125015566	harbor1	chr12	124833486	124833605	LTR/ERVL-MaLR	2031	-	60	124833546	17980
chr12	124815566	125015566	harbor1	chr12	124885477	124885539	LTR/ERVL-MaLR	1701	-	31	124885508	69942
chr12	124815566	125015566	harbor1	chr12	124885836	124886241	LTR/ERVL-MaLR	1701	-	202	124886038	70472
chr12	124815566	125015566	harbor1	chr12	124889889	124890331	LTR/ERVL-MaLR	647	-	221	124890110	74544
chr12	124815566	125015566	harbor1	chr12	124896069	124896544	LTR/ERVL-MaLR	2024	-	238	124896307	80741
chr12	16244172	16444172	harbor1	chr12	16258719	16258924	LTR/ERVL-MaLR	787	-	102	16258821	14649
chr12	16244172	16444172	harbor1	chr12	16279207	16279569	LTR/ERVL-MaLR	2113	-	181	16279388	35216
chr12	16244172	16444172	harbor1	chr12	16314088	16314446	LTR/ERVL-MaLR	1884	-	179	16314267	70095
chr12	16244172	16444172	harbor1	chr12	16328045	16328383	LTR/ERVL-MaLR	1472	-	169	16328214	84042
chr12	32739466	32939466	harbor1	chr12	32768413	32768846	LTR/ERVL-MaLR	2160	-	216	32768629	29163
chr12	32739466	32939466	harbor1	chr12	32785291	32785663	LTR/ERVL-MaLR	486	-	186	32785477	46011
chr12	32739466	32939466	harbor1	chr12	32787957	32788323	LTR/ERVL-MaLR	1951	-	183	32788140	48674
chr12	31094007	31294007	harbor1	chr12	31110437	31110679	LTR/ERVL-MaLR	950	-	121	31110558	16551
chr12	31094007	31294007	harbor1	chr12	31110746	31110863	LTR/ERVL-MaLR	443	-	58	31110804	16797
chr12	3323047	3523047	harbor1	chr12	3332595	3332959	LTR/ERVL-MaLR	1350	-	182	3332777	9730
chr12	3323047	3523047	harbor1	chr12	3405014	3405384	LTR/ERVL-MaLR	2734	-	185	3405199	82152
chr12	3323047	3523047	harbor1	chr12	3405385	3406943	LTR/ERVL-MaLR	9810	-	779	3406164	83117
chr12	3323047	3523047	harbor1	chr12	3406946	3407320	LTR/ERVL-MaLR	2963	-	187	3407133	84086
chr12	74971811	75171811	harbor1	chr12	75022224	75022579	LTR/ERVL-MaLR	1648	-	178	75022402	50591
chr12	95402324	95602324	harbor1	chr12	95428465	95428884	LTR/ERVL-MaLR	2605	-	210	95428675	26351
chr12	95402324	95602324	harbor1	chr12	95459045	95459133	LTR/ERVL-MaLR	852	-	44	95459089	56765
chr12	95402324	95602324	harbor1	chr12	95459445	95459675	LTR/ERVL-MaLR	852	-	115	95459560	57236
chr12	95402324	95602324	harbor1	chr12	95499695	95500000	LTR/ERVL-MaLR	1940	-	152	95499847	97523
chr12	96932037	97132037	harbor1	chr12	96942673	96943198	LTR/ERVL-MaLR	2006	-	262	96942935	10898
chr12	96932037	97132037	harbor1	chr12	96972524	96973124	LTR/ERVL-MaLR	1758	-	300	96972824	40787
chr12	96932037	97132037	harbor1	chr12	96979649	96979787	LTR/ERVL-MaLR	518	-	69	96979718	47681
chr12	96932037	97132037	harbor1	chr12	96997343	96997782	LTR/ERVL-MaLR	1334	-	220	96997563	65526
chr12	96932037	97132037	harbor1	chr12	97002614	97003096	LTR/ERVL-MaLR	1165	-	241	97002855	70818
chr12	96932037	97132037	harbor1	chr12	97003924	97004302	LTR/ERVL-MaLR	1424	-	189	97004113	72076
chr12	96932037	97132037	harbor1	chr12	97012737	97013195	LTR/ERVL-MaLR	778	-	229	97012966	80929
chr12	131564005	131764005	harbor1	chr12	131600970	131601323	LTR/ERVL-MaLR	2513	-	176	131601146	37141
chr12	131564005	131764005	harbor1	chr12	131601329	131602826	LTR/ERVL-MaLR	10145	-	748	131602077	38072
chr12	131564005	131764005	harbor1	chr12	131602827	131603181	LTR/ERVL-MaLR	2459	-	177	131603004	38999
chr12	131564005	131764005	harbor1	chr12	131603434	131604086	LTR/ERVL-MaLR	1536	-	326	131603760	39755
chr12	131564005	131764005	harbor1	chr12	131612826	131613157	LTR/ERVL-MaLR	1620	-	166	131612992	48987
chr12	131564005	131764005	harbor1	chr12	131620634	131620780	LTR/ERVL-MaLR	486	-	73	131620707	56702
chr12	131564005	131764005	harbor1	chr12	131624085	131624317	LTR/ERVL-MaLR	420	-	116	131624201	60196
chr12	60476615	60676615	harbor1	chr12	60485471	60485865	LTR/ERVL-MaLR	607	-	197	60485668	9053
chr12	60476615	60676615	harbor1	chr12	60494577	60494986	LTR/ERVL-MaLR	651	-	204	60494781	18166
chr12	60476615	60676615	harbor1	chr12	60528290	60528470	LTR/ERVL-MaLR	850	-	90	60528380	51765
chr12	7460836	7660836	harbor1	chr12	7462753	7463116	LTR/ERVL-MaLR	2139	-	182	7462935	2099
chr12	5847612	6047612	harbor1	chr12	5939693	5939897	LTR/ERVL-MaLR	842	-	102	5939795	92183
chr12	43246758	43446758	harbor1	chr12	43266725	43267093	LTR/ERVL-MaLR	2374	-	184	43266909	20151
chr12	43246758	43446758	harbor1	chr12	43303431	43303582	LTR/ERVL-MaLR	2640	-	76	43303507	56749
chr12	43246758	43446758	harbor1	chr12	43303879	43304101	LTR/ERVL-MaLR	2640	-	111	43303990	57232
chr12	43246758	43446758	harbor1	chr12	43321642	43322009	LTR/ERVL-MaLR	2514	-	184	43321826	75068
chr12	43246758	43446758	harbor1	chr12	43343961	43344337	LTR/ERVL-MaLR	2599	-	188	43344149	97391
chr12	43246758	43446758	harbor1	chr12	43344338	43345946	LTR/ERVL-MaLR	10806	-	804	43345142	98384
chr12	43246758	43446758	harbor1	chr12	43345949	43346308	LTR/ERVL-MaLR	2316	-	180	43346129	99371
chr12	41060567	41260567	harbor1	chr12	41073944	41074339	LTR/ERVL-MaLR	1642	-	198	41074142	13575
chr12	41060567	41260567	harbor1	chr12	41076132	41076531	LTR/ERVL-MaLR	644	-	200	41076332	15765
chr12	41060567	41260567	harbor1	chr12	41093919	41094383	LTR/ERVL-MaLR	1315	-	232	41094151	33584
chr12	41060567	41260567	harbor1	chr12	41108006	41108584	LTR/ERVL-MaLR	2034	-	289	41108295	47728
chr12	41060567	41260567	harbor1	chr12	41110979	41111329	LTR/ERVL-MaLR	1285	-	175	41111154	50587
chr12	41060567	41260567	harbor1	chr12	41147182	41147543	LTR/ERVL-MaLR	2247	-	180	41147362	86795
chr12	41060567	41260567	harbor1	chr12	41147544	41149230	LTR/ERVL-MaLR	9218	-	843	41148387	87820
chr12	41060567	41260567	harbor1	chr12	41149233	41149593	LTR/ERVL-MaLR	2106	-	180	41149413	88846
chr12	68968222	69168222	harbor1	chr12	69020090	69020355	LTR/ERVL-MaLR	1259	-	132	69020222	52000
chr12	68968222	69168222	harbor1	chr12	69048364	69048724	LTR/ERVL-MaLR	2186	-	180	69048544	80322
chr12	68968222	69168222	harbor1	chr12	69048739	69048949	LTR/ERVL-MaLR	1120	-	105	69048844	80622
chr12	68968222	69168222	harbor1	chr12	69064179	69064269	LTR/ERVL-MaLR	574	-	45	69064224	96002
chr12	68968222	69168222	harbor1	chr12	69064270	69064354	LTR/ERVL-MaLR	490	-	42	69064312	96090
chr12	128985440	129185440	harbor1	chr12	128989297	128989722	LTR/ERVL-MaLR	1060	-	212	128989509	4069
chr12	128985440	129185440	harbor1	chr12	129000005	129000219	LTR/ERVL-MaLR	471	-	107	129000112	14672
chr12	128985440	129185440	harbor1	chr12	129000508	129000611	LTR/ERVL-MaLR	471	-	52	129000560	15120
chr12	128985440	129185440	harbor1	chr12	129007620	129007826	LTR/ERVL-MaLR	1589	-	103	129007723	22283
chr12	128985440	129185440	harbor1	chr12	129008237	129008393	LTR/ERVL-MaLR	1589	-	78	129008315	22875
chr12	128985440	129185440	harbor1	chr12	129008805	129008905	LTR/ERVL-MaLR	1589	-	50	129008855	23415
chr12	128985440	129185440	harbor1	chr12	129010960	129011319	LTR/ERVL-MaLR	1912	-	180	129011140	25700
chr12	128985440	129185440	harbor1	chr12	129019449	129019775	LTR/ERVL-MaLR	1120	-	163	129019612	34172
chr12	128985440	129185440	harbor1	chr12	129019795	129019990	LTR/ERVL-MaLR	898	-	98	129019893	34453
chr12	128985440	129185440	harbor1	chr12	129020451	129020603	LTR/ERVL-MaLR	741	-	76	129020527	35087
chr12	128985440	129185440	harbor1	chr12	129020619	129020799	LTR/ERVL-MaLR	977	-	90	129020709	35269
chr12	128985440	129185440	harbor1	chr12	129028416	129028714	LTR/ERVL-MaLR	887	-	149	129028565	43125
chr12	128985440	129185440	harbor1	chr12	129033081	129033363	LTR/ERVL-MaLR	651	-	141	129033222	47782
chr12	128985440	129185440	harbor1	chr12	129052566	129052770	LTR/ERVL-MaLR	782	-	102	129052668	67228
chr12	74192503	74392503	harbor1	chr12	74199524	74199913	LTR/ERVL-MaLR	2017	-	194	74199718	7215
chr12	74192503	74392503	harbor1	chr12	74199914	74201455	LTR/ERVL-MaLR	10997	-	770	74200684	8181
chr12	74192503	74392503	harbor1	chr12	74201458	74201758	LTR/ERVL-MaLR	1540	-	150	74201608	9105
chr12	74192503	74392503	harbor1	chr12	74222448	74222881	LTR/ERVL-MaLR	2739	-	216	74222664	30161
chr12	74192503	74392503	harbor1	chr12	74244895	74245683	LTR/ERVL-MaLR	2863	-	394	74245289	52786
chr12	74192503	74392503	harbor1	chr12	74245684	74246053	LTR/ERVL-MaLR	2419	-	184	74245868	53365
chr12	74192503	74392503	harbor1	chr12	74263221	74263584	LTR/ERVL-MaLR	1449	-	182	74263403	70900
chr12	74192503	74392503	harbor1	chr12	74263588	74264005	LTR/ERVL-MaLR	2271	-	208	74263796	71293
chr12	74192503	74392503	harbor1	chr12	74285823	74286028	LTR/ERVL-MaLR	458	-	102	74285925	93422
chr12	38249101	38449101	harbor1	chr12	38279125	38279333	LTR/ERVL-MaLR	1607	-	104	38279229	30128
chr12	38249101	38449101	harbor1	chr12	38279665	38279802	LTR/ERVL-MaLR	1607	-	68	38279733	30632
chr12	38249101	38449101	harbor1	chr12	38295493	38295873	LTR/ERVL-MaLR	2133	-	190	38295683	46582
chr12	38249101	38449101	harbor1	chr12	38295876	38297495	LTR/ERVL-MaLR	10955	-	810	38296686	47585
chr12	38249101	38449101	harbor1	chr12	38297496	38297867	LTR/ERVL-MaLR	2082	-	186	38297682	48581
chr12	38249101	38449101	harbor1	chr12	38302637	38303012	LTR/ERVL-MaLR	1722	-	188	38302825	53724
chr12	38249101	38449101	harbor1	chr12	38312824	38313204	LTR/ERVL-MaLR	2237	-	190	38313014	63913
chr12	38249101	38449101	harbor1	chr12	38332278	38332643	LTR/ERVL-MaLR	2441	-	182	38332460	83359
chr12	38249101	38449101	harbor1	chr12	38339592	38339680	LTR/ERVL-MaLR	512	-	44	38339636	90535
chr12	38249101	38449101	harbor1	chr12	38339839	38339971	LTR/ERVL-MaLR	515	-	66	38339905	90804
chr12	38249101	38449101	harbor1	chr12	38321953	38322413	LTR/ERVL-MaLR	1112	-	230	38322183	73082
chr12	132474048	132674048	harbor1	chr12	132476331	132476503	LTR/ERVL-MaLR	623	-	86	132476417	2369
chr12	132474048	132674048	harbor1	chr12	132478007	132478260	LTR/ERVL-MaLR	537	-	126	132478133	4085
chr12	132474048	132674048	harbor1	chr12	132481076	132481115	LTR/ERVL-MaLR	863	-	20	132481096	7048
chr12	132474048	132674048	harbor1	chr12	132481411	132481796	LTR/ERVL-MaLR	863	-	192	132481603	7555
chr12	132474048	132674048	harbor1	chr12	132566066	132566387	LTR/ERVL-MaLR	1066	-	160	132566226	92178
chr12	6746426	6946426	harbor1	chr12	6782136	6782578	LTR/ERVL-MaLR	1369	-	221	6782357	35931
chr12	6746426	6946426	harbor1	chr12	6787053	6787294	LTR/ERVL-MaLR	820	-	120	6787173	40747
chr12	59480829	59680829	harbor1	chr12	59554478	59554841	LTR/ERVL-MaLR	1299	-	182	59554660	73831
chr12	59480829	59680829	harbor1	chr12	59576695	59576871	LTR/ERVL-MaLR	849	-	88	59576783	95954
chr12	59480829	59680829	harbor1	chr12	59577472	59577801	LTR/ERVL-MaLR	849	-	164	59577636	96807
chr12	49279687	49479687	harbor1	chr12	49303735	49303783	LTR/ERVL-MaLR	668	-	24	49303759	24072
chr12	49279687	49479687	harbor1	chr12	49304077	49304276	LTR/ERVL-MaLR	668	-	100	49304177	24490
chr12	49279687	49479687	harbor1	chr12	49305723	49306522	LTR/ERVL-MaLR	1973	-	400	49306123	26436
chr12	49279687	49479687	harbor1	chr12	49371546	49371938	LTR/ERVL-MaLR	2484	-	196	49371742	92055
chr12	79388972	79588972	harbor1	chr12	79403444	79403615	LTR/ERVL-MaLR	830	-	86	79403530	14558
chr12	79388972	79588972	harbor1	chr12	79405615	79405861	LTR/ERVL-MaLR	569	-	123	79405738	16766
chr12	79388972	79588972	harbor1	chr12	79411042	79411469	LTR/ERVL-MaLR	761	-	214	79411256	22284
chr12	79388972	79588972	harbor1	chr12	79428765	79429188	LTR/ERVL-MaLR	2340	-	212	79428977	40005
chr12	79388972	79588972	harbor1	chr12	79435514	79435721	LTR/ERVL-MaLR	726	-	104	79435618	46646
chr12	79388972	79588972	harbor1	chr12	79435937	79436138	LTR/ERVL-MaLR	726	-	100	79436037	47065
chr12	79388972	79588972	harbor1	chr12	79455283	79455683	LTR/ERVL-MaLR	476	-	200	79455483	66511
chr12	79388972	79588972	harbor1	chr12	79484791	79485230	LTR/ERVL-MaLR	1854	-	220	79485011	96039
chr12	47719336	47919336	harbor1	chr12	47768932	47769251	LTR/ERVL-MaLR	673	-	160	47769092	49756
chr12	4705794	4905794	harbor1	chr12	4757387	4757737	LTR/ERVL-MaLR	860	-	175	4757562	51768
chr12	4705794	4905794	harbor1	chr12	4760014	4760569	LTR/ERVL-MaLR	1618	-	278	4760292	54498
chr12	4705794	4905794	harbor1	chr12	4785176	4785547	LTR/ERVL-MaLR	784	-	186	4785362	79568
chr12	4705794	4905794	harbor1	chr12	4786644	4787072	LTR/ERVL-MaLR	1414	-	214	4786858	81064
chr12	4705794	4905794	harbor1	chr12	4794886	4795095	LTR/ERVL-MaLR	782	-	104	4794990	89196
chr12	4705794	4905794	harbor1	chr12	4800853	4801558	LTR/ERVL-MaLR	946	-	352	4801205	95411
chr12	4705794	4905794	harbor1	chr12	4802062	4802468	LTR/ERVL-MaLR	1030	-	203	4802265	96471
chr12	4705794	4905794	harbor1	chr12	4802821	4803225	LTR/ERVL-MaLR	1010	-	202	4803023	97229
chr12	4705794	4905794	harbor1	chr12	4800471	4800850	LTR/ERVL-MaLR	904	-	190	4800661	94867
chr12	71993183	72193183	harbor1	chr12	71995949	71996448	LTR/ERVL-MaLR	2111	-	250	71996199	3016
chr12	71993183	72193183	harbor1	chr12	71997057	71997412	LTR/ERVL-MaLR	1192	-	178	71997235	4052
chr12	71993183	72193183	harbor1	chr12	72042620	72043122	LTR/ERVL-MaLR	986	-	251	72042871	49688
chr12	71993183	72193183	harbor1	chr12	72051314	72051856	LTR/ERVL-MaLR	1838	-	271	72051585	58402
chr12	71993183	72193183	harbor1	chr12	72052565	72052608	LTR/ERVL-MaLR	1989	-	22	72052587	59404
chr12	71993183	72193183	harbor1	chr12	72052918	72053262	LTR/ERVL-MaLR	1989	-	172	72053090	59907
chr12	71993183	72193183	harbor1	chr12	72059689	72059826	LTR/ERVL-MaLR	475	-	68	72059757	66574
chr12	71993183	72193183	harbor1	chr12	72069518	72069875	LTR/ERVL-MaLR	2303	-	178	72069696	76513
chr12	71993183	72193183	harbor1	chr12	72069876	72069939	LTR/ERVL-MaLR	443	-	32	72069908	76725
chr12	71993183	72193183	harbor1	chr12	72069941	72070305	LTR/ERVL-MaLR	2274	-	182	72070123	76940
chr12	71993183	72193183	harbor1	chr12	72070306	72071906	LTR/ERVL-MaLR	11092	-	800	72071106	77923
chr12	71993183	72193183	harbor1	chr12	72071907	72072265	LTR/ERVL-MaLR	2660	-	179	72072086	78903
chr12	71993183	72193183	harbor1	chr12	72092358	72092637	LTR/ERVL-MaLR	715	-	140	72092498	99315
chr12	12316099	12516099	harbor1	chr12	12326037	12326409	LTR/ERVL-MaLR	556	-	186	12326223	10124
chr12	12316099	12516099	harbor1	chr12	12382081	12382495	LTR/ERVL-MaLR	2511	-	207	12382288	66189
chr12	12316099	12516099	harbor1	chr12	12384712	12384845	LTR/ERVL-MaLR	478	-	66	12384778	68679
chr12	12316099	12516099	harbor1	chr12	12404272	12404605	LTR/ERVL-MaLR	1521	-	166	12404438	88339
chr12	12316099	12516099	harbor1	chr12	12405844	12406172	LTR/ERVL-MaLR	802	-	164	12406008	89909
chr12	2044271	2244271	harbor1	chr12	2079309	2079670	LTR/ERVL-MaLR	1842	-	180	2079489	35218
chr12	2044271	2244271	harbor1	chr12	2086512	2086939	LTR/ERVL-MaLR	1031	-	214	2086726	42455
chr12	2044271	2244271	harbor1	chr12	2091311	2091744	LTR/ERVL-MaLR	1900	-	216	2091527	47256
chr12	2044271	2244271	harbor1	chr12	2114017	2114549	LTR/ERVL-MaLR	792	-	266	2114283	70012
chr12	2044271	2244271	harbor1	chr12	2139016	2139413	LTR/ERVL-MaLR	1592	-	198	2139214	94943
chr12	128058448	128258448	harbor1	chr12	128068126	128068451	LTR/ERVL-MaLR	1157	-	162	128068288	9840
chr12	128058448	128258448	harbor1	chr12	128068452	128068813	LTR/ERVL-MaLR	1467	-	180	128068632	10184
chr12	128058448	128258448	harbor1	chr12	128068814	128068908	LTR/ERVL-MaLR	1157	-	47	128068861	10413
chr12	128058448	128258448	harbor1	chr12	128077222	128077365	LTR/ERVL-MaLR	757	-	72	128077294	18846
chr12	128058448	128258448	harbor1	chr12	128095213	128095554	LTR/ERVL-MaLR	474	-	170	128095383	36935
chr12	128058448	128258448	harbor1	chr12	128100321	128100360	LTR/ERVL-MaLR	1049	-	20	128100341	41893
chr12	128058448	128258448	harbor1	chr12	128100631	128100667	LTR/ERVL-MaLR	1049	-	18	128100649	42201
chr12	128058448	128258448	harbor1	chr12	128100926	128101337	LTR/ERVL-MaLR	1049	-	206	128101132	42684
chr12	128058448	128258448	harbor1	chr12	128125502	128125694	LTR/ERVL-MaLR	1516	-	96	128125598	67150
chr12	128058448	128258448	harbor1	chr12	128125951	128126118	LTR/ERVL-MaLR	1516	-	84	128126035	67587
chr12	128058448	128258448	harbor1	chr12	128153062	128153476	LTR/ERVL-MaLR	2716	-	207	128153269	94821
chr12	94056979	94256979	harbor1	chr12	94084250	94084563	LTR/ERVL-MaLR	1347	-	156	94084406	27427
chr12	94056979	94256979	harbor1	chr12	94084861	94084907	LTR/ERVL-MaLR	1347	-	23	94084884	27905
chr12	94056979	94256979	harbor1	chr12	94085206	94085581	LTR/ERVL-MaLR	2168	-	188	94085394	28415
chr12	94056979	94256979	harbor1	chr12	94094569	94094737	LTR/ERVL-MaLR	2121	-	84	94094653	37674
chr12	94056979	94256979	harbor1	chr12	94094766	94094978	LTR/ERVL-MaLR	2121	-	106	94094872	37893
chr12	94056979	94256979	harbor1	chr12	94105521	94105934	LTR/ERVL-MaLR	2816	-	206	94105727	48748
chr12	65208481	65408481	harbor1	chr12	65211970	65212322	LTR/ERVL-MaLR	2244	-	176	65212146	3665
chr12	65208481	65408481	harbor1	chr12	65299466	65299694	LTR/ERVL-MaLR	547	-	114	65299580	91099
chr12	65208481	65408481	harbor1	chr12	65300649	65301036	LTR/ERVL-MaLR	1312	-	194	65300843	92362
chr12	32406090	32606090	harbor1	chr12	32471561	32471726	LTR/ERVL-MaLR	488	-	82	32471643	65553
chr12	32406090	32606090	harbor1	chr12	32472020	32472106	LTR/ERVL-MaLR	617	-	43	32472063	65973
chr12	32406090	32606090	harbor1	chr12	32473652	32473790	LTR/ERVL-MaLR	617	-	69	32473721	67631
chr12	32406090	32606090	harbor1	chr12	32475036	32475525	LTR/ERVL-MaLR	1647	-	244	32475280	69190
chr12	32406090	32606090	harbor1	chr12	32475702	32476269	LTR/ERVL-MaLR	1647	-	284	32475986	69896
chr12	32406090	32606090	harbor1	chr12	32476274	32476397	LTR/ERVL-MaLR	420	-	62	32476336	70246
chr12	32406090	32606090	harbor1	chr12	32476729	32476900	LTR/ERVL-MaLR	499	-	86	32476815	70725
chr12	95882915	96082915	harbor1	chr12	95884520	95884957	LTR/ERVL-MaLR	1785	-	218	95884738	1823
chr12	95882915	96082915	harbor1	chr12	95921322	95921705	LTR/ERVL-MaLR	2428	-	192	95921514	38599
chr12	95882915	96082915	harbor1	chr12	95929728	95930161	LTR/ERVL-MaLR	1347	-	216	95929944	47029
chr12	95882915	96082915	harbor1	chr12	95930247	95930660	LTR/ERVL-MaLR	1833	-	206	95930453	47538
chr12	95882915	96082915	harbor1	chr12	95931012	95931490	LTR/ERVL-MaLR	3020	-	239	95931251	48336
chr12	95882915	96082915	harbor1	chr12	95950500	95950924	LTR/ERVL-MaLR	730	-	212	95950712	67797
chr12	95882915	96082915	harbor1	chr12	95966988	95967348	LTR/ERVL-MaLR	2733	-	180	95967168	84253
chr12	91960114	92160114	harbor1	chr12	91969341	91969409	LTR/ERVL-MaLR	2471	-	34	91969375	9261
chr12	91960114	92160114	harbor1	chr12	91969719	91970066	LTR/ERVL-MaLR	2471	-	174	91969893	9779
chr12	91960114	92160114	harbor1	chr12	91970067	91971655	LTR/ERVL-MaLR	9574	-	794	91970861	10747
chr12	91960114	92160114	harbor1	chr12	91971656	91972069	LTR/ERVL-MaLR	2400	-	206	91971862	11748
chr12	91960114	92160114	harbor1	chr12	91978137	91978591	LTR/ERVL-MaLR	2501	-	227	91978364	18250
chr12	91960114	92160114	harbor1	chr12	91983019	91983556	LTR/ERVL-MaLR	1692	-	268	91983287	23173
chr12	91960114	92160114	harbor1	chr12	91993337	91993740	LTR/ERVL-MaLR	1402	-	202	91993539	33425
chr12	91960114	92160114	harbor1	chr12	92032675	92033228	LTR/ERVL-MaLR	568	-	276	92032951	72837
chr12	91960114	92160114	harbor1	chr12	92044248	92044801	LTR/ERVL-MaLR	2409	-	276	92044524	84410
chr12	109735929	109935929	harbor1	chr12	109762309	109762499	LTR/ERVL-MaLR	477	-	95	109762404	26475
chr12	109735929	109935929	harbor1	chr12	109763302	109763835	LTR/ERVL-MaLR	2390	-	266	109763568	27639
chr12	109735929	109935929	harbor1	chr12	109775900	109776328	LTR/ERVL-MaLR	804	-	214	109776114	40185
chr12	10368295	10568295	harbor1	chr12	10372259	10372584	LTR/ERVL-MaLR	1463	-	162	10372421	4126
chr12	10368295	10568295	harbor1	chr12	10372827	10372937	LTR/ERVL-MaLR	467	-	55	10372882	4587
chr12	10368295	10568295	harbor1	chr12	10426728	10426853	LTR/ERVL-MaLR	540	-	62	10426790	58495
chr12	10368295	10568295	harbor1	chr12	10442151	10442276	LTR/ERVL-MaLR	501	-	62	10442213	73918
chr12	124871176	125071176	harbor1	chr12	124885477	124885539	LTR/ERVL-MaLR	1701	-	31	124885508	14332
chr12	124871176	125071176	harbor1	chr12	124885836	124886241	LTR/ERVL-MaLR	1701	-	202	124886038	14862
chr12	124871176	125071176	harbor1	chr12	124889889	124890331	LTR/ERVL-MaLR	647	-	221	124890110	18934
chr12	124871176	125071176	harbor1	chr12	124896069	124896544	LTR/ERVL-MaLR	2024	-	238	124896307	25131
chr12	124871176	125071176	harbor1	chr12	124930612	124930887	LTR/ERVL-MaLR	1085	-	138	124930750	59574
chr12	109820035	110020035	harbor1	chr12	109888782	109888914	LTR/ERVL-MaLR	636	-	66	109888848	68813
chr12	109820035	110020035	harbor1	chr12	109889477	109889605	LTR/ERVL-MaLR	636	-	64	109889541	69506
chr12	16131282	16331282	harbor1	chr12	16131048	16131353	LTR/ERVL-MaLR	1710	-	152	16131200	82
chr12	16131282	16331282	harbor1	chr12	16131657	16131830	LTR/ERVL-MaLR	1710	-	86	16131743	461
chr12	16131282	16331282	harbor1	chr12	16138321	16138654	LTR/ERVL-MaLR	1889	-	166	16138487	7205
chr12	16131282	16331282	harbor1	chr12	16138945	16139026	LTR/ERVL-MaLR	1889	-	40	16138985	7703
chr12	16131282	16331282	harbor1	chr12	16142182	16142663	LTR/ERVL-MaLR	641	-	240	16142422	11140
chr12	16131282	16331282	harbor1	chr12	16146362	16147155	LTR/ERVL-MaLR	1243	-	396	16146758	15476
chr12	16131282	16331282	harbor1	chr12	16147171	16147496	LTR/ERVL-MaLR	580	-	162	16147333	16051
chr12	16131282	16331282	harbor1	chr12	16162120	16162508	LTR/ERVL-MaLR	1168	-	194	16162314	31032
chr12	16131282	16331282	harbor1	chr12	16174275	16174683	LTR/ERVL-MaLR	1750	-	204	16174479	43197
chr12	116802124	117002124	harbor1	chr12	116803539	116803714	LTR/ERVL-MaLR	432	-	88	116803627	1503
chr12	116802124	117002124	harbor1	chr12	116803792	116804037	LTR/ERVL-MaLR	625	-	122	116803914	1790
chr12	116802124	117002124	harbor1	chr12	116806969	116807174	LTR/ERVL-MaLR	606	-	102	116807071	4947
chr12	116802124	117002124	harbor1	chr12	116815283	116815787	LTR/ERVL-MaLR	2627	-	252	116815535	13411
chr12	116802124	117002124	harbor1	chr12	116824368	116824619	LTR/ERVL-MaLR	623	-	126	116824494	22370
chr12	116802124	117002124	harbor1	chr12	116824671	116824895	LTR/ERVL-MaLR	936	-	112	116824783	22659
chr12	116802124	117002124	harbor1	chr12	116841064	116841168	LTR/ERVL-MaLR	684	-	52	116841116	38992
chr12	116802124	117002124	harbor1	chr12	116841990	116842389	LTR/ERVL-MaLR	787	-	200	116842190	40066
chr12	116802124	117002124	harbor1	chr12	116854624	116854739	LTR/ERVL-MaLR	1058	-	58	116854682	52558
chr12	116802124	117002124	harbor1	chr12	116855077	116855423	LTR/ERVL-MaLR	1058	-	173	116855250	53126
chr12	116802124	117002124	harbor1	chr12	116889769	116889866	LTR/ERVL-MaLR	1163	-	48	116889817	87693
chr12	116802124	117002124	harbor1	chr12	116890392	116890740	LTR/ERVL-MaLR	1163	-	174	116890566	88442
chr12	116802124	117002124	harbor1	chr12	116891444	116891465	LTR/ERVL-MaLR	508	-	10	116891454	89330
chr12	116802124	117002124	harbor1	chr12	116891755	116891788	LTR/ERVL-MaLR	508	-	16	116891771	89647
chr12	116802124	117002124	harbor1	chr12	116892288	116892640	LTR/ERVL-MaLR	554	-	176	116892464	90340
chr12	110452826	110652826	harbor1	chr12	110526961	110527444	LTR/ERVL-MaLR	1811	-	242	110527203	74377
chr12	6654406	6854406	harbor1	chr12	6734457	6734953	LTR/ERVL-MaLR	1752	-	248	6734705	80299
chr12	109413647	109613647	harbor1	chr12	109420331	109420702	LTR/ERVL-MaLR	2152	-	186	109420517	6870
chr12	109413647	109613647	harbor1	chr12	109429802	109430139	LTR/ERVL-MaLR	1979	-	168	109429970	16323
chr12	109413647	109613647	harbor1	chr12	109434593	109434984	LTR/ERVL-MaLR	814	-	196	109434789	21142
chr12	131823977	132023977	harbor1	chr12	131846677	131846791	LTR/ERVL-MaLR	424	-	57	131846734	22757
chr12	131823977	132023977	harbor1	chr12	131854866	131855194	LTR/ERVL-MaLR	1052	-	164	131855030	31053
chr12	14085140	14285140	harbor1	chr12	14093518	14093708	LTR/ERVL-MaLR	1563	-	95	14093613	8473
chr12	14085140	14285140	harbor1	chr12	14094014	14094212	LTR/ERVL-MaLR	1563	-	99	14094113	8973
chr12	14085140	14285140	harbor1	chr12	14100421	14100584	LTR/ERVL-MaLR	728	-	82	14100503	15363
chr12	14085140	14285140	harbor1	chr12	14100771	14101027	LTR/ERVL-MaLR	1046	-	128	14100899	15759
chr12	14085140	14285140	harbor1	chr12	14124205	14124564	LTR/ERVL-MaLR	2200	-	180	14124385	39245
chr12	14085140	14285140	harbor1	chr12	14125267	14125700	LTR/ERVL-MaLR	2451	-	216	14125483	40343
chr12	14085140	14285140	harbor1	chr12	14125704	14125876	LTR/ERVL-MaLR	792	-	86	14125790	40650
chr12	14085140	14285140	harbor1	chr12	14126603	14128050	LTR/ERVL-MaLR	7085	-	724	14127327	42187
chr12	14085140	14285140	harbor1	chr12	14128051	14128455	LTR/ERVL-MaLR	2636	-	202	14128253	43113
chr12	14085140	14285140	harbor1	chr12	14132233	14132725	LTR/ERVL-MaLR	1542	-	246	14132479	47339
chr12	14085140	14285140	harbor1	chr12	14143885	14144242	LTR/ERVL-MaLR	2553	-	178	14144063	58923
chr12	14085140	14285140	harbor1	chr12	14144243	14145779	LTR/ERVL-MaLR	11407	-	768	14145011	59871
chr12	14085140	14285140	harbor1	chr12	14145780	14146133	LTR/ERVL-MaLR	2237	-	176	14145956	60816
chr12	1	136307	harbor1	chr12	36613	36985	LTR/ERVL-MaLR	951	-	186	36799	36798
chr12	1	136307	harbor1	chr12	87066	87316	LTR/ERVL-MaLR	475	-	125	87191	87190
chr13	49047700	49247700	harbor1	chr13	49065009	49065428	LTR/ERVL-MaLR	664	-	210	49065219	17519
chr13	49047700	49247700	harbor1	chr13	49089881	49090140	LTR/ERVL-MaLR	420	-	130	49090011	42311
chr13	102769710	102969710	harbor1	chr13	102783341	102783760	LTR/ERVL-MaLR	2594	-	210	102783551	13841
chr13	102769710	102969710	harbor1	chr13	102843250	102843639	LTR/ERVL-MaLR	1840	-	194	102843444	73734
chr13	102769710	102969710	harbor1	chr13	102856564	102857000	LTR/ERVL-MaLR	724	-	218	102856782	87072
chr13	35662478	35862478	harbor1	chr13	35677205	35677494	LTR/ERVL-MaLR	1535	-	144	35677349	14871
chr13	35662478	35862478	harbor1	chr13	35691665	35691843	LTR/ERVL-MaLR	1354	-	89	35691754	29276
chr13	35662478	35862478	harbor1	chr13	35692160	35692422	LTR/ERVL-MaLR	1354	-	131	35692291	29813
chr13	35662478	35862478	harbor1	chr13	35695585	35695905	LTR/ERVL-MaLR	511	-	160	35695745	33267
chr13	35662478	35862478	harbor1	chr13	35711093	35711250	LTR/ERVL-MaLR	557	-	78	35711171	48693
chr13	35662478	35862478	harbor1	chr13	35734944	35735341	LTR/ERVL-MaLR	2129	-	198	35735142	72664
chr13	35662478	35862478	harbor1	chr13	35752629	35753046	LTR/ERVL-MaLR	2413	-	208	35752837	90359
chr13	80515001	80715001	harbor1	chr13	80574328	80574571	LTR/ERVL-MaLR	1702	-	122	80574450	59449
chr13	80515001	80715001	harbor1	chr13	80589149	80589509	LTR/ERVL-MaLR	2181	-	180	80589329	74328
chr13	80515001	80715001	harbor1	chr13	80590528	80590990	LTR/ERVL-MaLR	1917	-	231	80590759	75758
chr13	113208809	113408809	harbor1	chr13	113219333	113219687	LTR/ERVL-MaLR	851	-	177	113219510	10701
chr13	113208809	113408809	harbor1	chr13	113227186	113227536	LTR/ERVL-MaLR	1799	-	175	113227361	18552
chr13	113208809	113408809	harbor1	chr13	113246900	113247291	LTR/ERVL-MaLR	2168	-	196	113247096	38287
chr13	113208809	113408809	harbor1	chr13	113257347	113257727	LTR/ERVL-MaLR	2232	-	190	113257537	48728
chr13	69735301	69935301	harbor1	chr13	69748248	69748602	LTR/ERVL-MaLR	2433	-	177	69748425	13124
chr13	69735301	69935301	harbor1	chr13	69799584	69799782	LTR/ERVL-MaLR	1285	-	99	69799683	64382
chr13	69735301	69935301	harbor1	chr13	69800109	69800399	LTR/ERVL-MaLR	1285	-	145	69800254	64953
chr13	35447407	35647407	harbor1	chr13	35460767	35461177	LTR/ERVL-MaLR	2681	-	205	35460972	13565
chr13	35447407	35647407	harbor1	chr13	35512462	35512806	LTR/ERVL-MaLR	605	-	172	35512634	65227
chr13	35447407	35647407	harbor1	chr13	35521375	35521871	LTR/ERVL-MaLR	597	-	248	35521623	74216
chr13	35447407	35647407	harbor1	chr13	35525667	35525993	LTR/ERVL-MaLR	1319	-	163	35525830	78423
chr13	73014938	73214938	harbor1	chr13	73051049	73051376	LTR/ERVL-MaLR	2426	-	164	73051213	36275
chr13	51279069	51479069	harbor1	chr13	51301375	51301788	LTR/ERVL-MaLR	2241	-	206	51301581	22512
chr13	51279069	51479069	harbor1	chr13	51302097	51302449	LTR/ERVL-MaLR	2283	-	176	51302273	23204
chr13	51279069	51479069	harbor1	chr13	51313506	51313891	LTR/ERVL-MaLR	677	-	192	51313698	34629
chr13	51279069	51479069	harbor1	chr13	51320692	51321145	LTR/ERVL-MaLR	2249	-	226	51320918	41849
chr13	108040563	108240563	harbor1	chr13	108043426	108043852	LTR/ERVL-MaLR	1976	-	213	108043639	3076
chr13	108040563	108240563	harbor1	chr13	108048649	108049084	LTR/ERVL-MaLR	1502	-	218	108048867	8304
chr13	108040563	108240563	harbor1	chr13	108053559	108054103	LTR/ERVL-MaLR	1366	-	272	108053831	13268
chr13	108040563	108240563	harbor1	chr13	108055244	108055633	LTR/ERVL-MaLR	1817	-	194	108055438	14875
chr13	108040563	108240563	harbor1	chr13	108074470	108074843	LTR/ERVL-MaLR	2761	-	186	108074656	34093
chr13	108040563	108240563	harbor1	chr13	108122554	108123041	LTR/ERVL-MaLR	2146	-	244	108122798	82235
chr13	108040563	108240563	harbor1	chr13	108138846	108139198	LTR/ERVL-MaLR	1547	-	176	108139022	98459
chr13	92008256	92208256	harbor1	chr13	92019860	92020361	LTR/ERVL-MaLR	1800	-	250	92020110	11854
chr13	92008256	92208256	harbor1	chr13	92039570	92039962	LTR/ERVL-MaLR	1618	-	196	92039766	31510
chr13	92008256	92208256	harbor1	chr13	92056046	92056496	LTR/ERVL-MaLR	1154	-	225	92056271	48015
chr13	92008256	92208256	harbor1	chr13	92084832	92085186	LTR/ERVL-MaLR	1517	-	177	92085009	76753
chr13	26637409	26837409	harbor1	chr13	26640139	26640258	LTR/ERVL-MaLR	677	-	60	26640199	2790
chr13	26637409	26837409	harbor1	chr13	26660780	26661177	LTR/ERVL-MaLR	2087	-	198	26660978	23569
chr13	26637409	26837409	harbor1	chr13	26729070	26729341	LTR/ERVL-MaLR	662	-	136	26729206	91797
chr13	26637409	26837409	harbor1	chr13	26705583	26705967	LTR/ERVL-MaLR	1330	-	192	26705775	68366
chr13	58607680	58807680	harbor1	chr13	58623052	58623404	LTR/ERVL-MaLR	1838	-	176	58623228	15548
chr13	58607680	58807680	harbor1	chr13	58699136	58699538	LTR/ERVL-MaLR	2537	-	201	58699337	91657
chr13	25574448	25774448	harbor1	chr13	25626192	25626542	LTR/ERVL-MaLR	879	-	175	25626367	51919
chr13	25574448	25774448	harbor1	chr13	25626696	25627077	LTR/ERVL-MaLR	2012	-	190	25626886	52438
chr13	25574448	25774448	harbor1	chr13	25628525	25628914	LTR/ERVL-MaLR	1466	-	194	25628719	54271
chr13	25574448	25774448	harbor1	chr13	25645065	25645417	LTR/ERVL-MaLR	2500	-	176	25645241	70793
chr13	25574448	25774448	harbor1	chr13	25608045	25608234	LTR/ERVL-MaLR	732	-	94	25608139	33691
chr13	76633960	76833960	harbor1	chr13	76646425	76646884	LTR/ERVL-MaLR	1640	-	230	76646655	12695
chr13	76633960	76833960	harbor1	chr13	76672857	76673325	LTR/ERVL-MaLR	1486	-	234	76673091	39131
chr13	76633960	76833960	harbor1	chr13	76687458	76687828	LTR/ERVL-MaLR	1586	-	185	76687643	53683
chr13	76633960	76833960	harbor1	chr13	76689144	76689517	LTR/ERVL-MaLR	1803	-	186	76689330	55370
chr13	76633960	76833960	harbor1	chr13	76700690	76701150	LTR/ERVL-MaLR	1913	-	230	76700920	66960
chr13	76633960	76833960	harbor1	chr13	76701300	76701778	LTR/ERVL-MaLR	2004	-	239	76701539	67579
chr13	76633960	76833960	harbor1	chr13	76707323	76707843	LTR/ERVL-MaLR	1217	-	260	76707583	73623
chr13	76633960	76833960	harbor1	chr13	76717752	76718108	LTR/ERVL-MaLR	1940	-	178	76717930	83970
chr13	76633960	76833960	harbor1	chr13	76732912	76733275	LTR/ERVL-MaLR	2327	-	182	76733094	99134
chr13	76633960	76833960	harbor1	chr13	76677019	76677566	LTR/ERVL-MaLR	1527	-	274	76677293	43333
chr13	34855318	35055318	harbor1	chr13	34872798	34873225	LTR/ERVL-MaLR	2761	-	214	34873012	17694
chr13	34855318	35055318	harbor1	chr13	34874407	34874826	LTR/ERVL-MaLR	1217	-	210	34874617	19299
chr13	34855318	35055318	harbor1	chr13	34889080	34889356	LTR/ERVL-MaLR	557	-	138	34889218	33900
chr13	34855318	35055318	harbor1	chr13	34911755	34912085	LTR/ERVL-MaLR	726	-	165	34911920	56602
chr13	34855318	35055318	harbor1	chr13	34912097	34912476	LTR/ERVL-MaLR	1938	-	190	34912287	56969
chr13	34855318	35055318	harbor1	chr13	34935868	34936295	LTR/ERVL-MaLR	1133	-	214	34936082	80764
chr13	102768648	102968648	harbor1	chr13	102783341	102783760	LTR/ERVL-MaLR	2594	-	210	102783551	14903
chr13	102768648	102968648	harbor1	chr13	102843250	102843639	LTR/ERVL-MaLR	1840	-	194	102843444	74796
chr13	102768648	102968648	harbor1	chr13	102856564	102857000	LTR/ERVL-MaLR	724	-	218	102856782	88134
chr13	62084606	62284606	harbor1	chr13	62130928	62131305	LTR/ERVL-MaLR	2195	-	188	62131116	46510
chr13	62084606	62284606	harbor1	chr13	62144840	62145239	LTR/ERVL-MaLR	2121	-	200	62145040	60434
chr13	62084606	62284606	harbor1	chr13	62145240	62146905	LTR/ERVL-MaLR	7850	-	832	62146072	61466
chr13	62084606	62284606	harbor1	chr13	62146906	62147314	LTR/ERVL-MaLR	2129	-	204	62147110	62504
chr13	62084606	62284606	harbor1	chr13	62148283	62148434	LTR/ERVL-MaLR	870	-	76	62148359	63753
chr13	62084606	62284606	harbor1	chr13	62162915	62163452	LTR/ERVL-MaLR	1551	-	268	62163183	78577
chr13	62084606	62284606	harbor1	chr13	62163760	62163950	LTR/ERVL-MaLR	825	-	95	62163855	79249
chr13	62084606	62284606	harbor1	chr13	62164260	62164610	LTR/ERVL-MaLR	825	-	175	62164435	79829
chr13	62084606	62284606	harbor1	chr13	62164631	62165056	LTR/ERVL-MaLR	4060	-	212	62164843	80237
chr13	62084606	62284606	harbor1	chr13	62165344	62165630	LTR/ERVL-MaLR	4060	-	143	62165487	80881
chr13	62084606	62284606	harbor1	chr13	62165945	62166496	LTR/ERVL-MaLR	4060	-	276	62166221	81615
chr13	25295822	25495822	harbor1	chr13	25296586	25296857	LTR/ERVL-MaLR	831	-	136	25296722	900
chr13	25295822	25495822	harbor1	chr13	25300078	25300429	LTR/ERVL-MaLR	1266	-	176	25300254	4432
chr13	25295822	25495822	harbor1	chr13	25347244	25347445	LTR/ERVL-MaLR	616	-	100	25347344	51522
chr13	24208292	24408292	harbor1	chr13	24243916	24244318	LTR/ERVL-MaLR	1530	-	201	24244117	35825
chr13	24208292	24408292	harbor1	chr13	24252147	24252499	LTR/ERVL-MaLR	1772	-	176	24252323	44031
chr13	24208292	24408292	harbor1	chr13	24252689	24252821	LTR/ERVL-MaLR	429	-	66	24252755	44463
chr13	81955327	82155327	harbor1	chr13	81969189	81969572	LTR/ERVL-MaLR	823	-	192	81969381	14054
chr13	81955327	82155327	harbor1	chr13	81973468	81973544	LTR/ERVL-MaLR	454	-	38	81973506	18179
chr13	81955327	82155327	harbor1	chr13	81982826	81983271	LTR/ERVL-MaLR	965	-	222	81983048	27721
chr13	81955327	82155327	harbor1	chr13	81990844	81990952	LTR/ERVL-MaLR	451	-	54	81990898	35571
chr13	81955327	82155327	harbor1	chr13	81991838	81992164	LTR/ERVL-MaLR	1768	-	163	81992001	36674
chr13	81955327	82155327	harbor1	chr13	82025476	82025875	LTR/ERVL-MaLR	1965	-	200	82025676	70349
chr13	81955327	82155327	harbor1	chr13	82043404	82043809	LTR/ERVL-MaLR	729	-	202	82043606	88279
chr13	46299481	46499481	harbor1	chr13	46307158	46307764	LTR/ERVL-MaLR	487	-	303	46307461	7980
chr13	46299481	46499481	harbor1	chr13	46316334	46316669	LTR/ERVL-MaLR	1409	-	168	46316502	17021
chr13	46299481	46499481	harbor1	chr13	46339541	46339576	LTR/ERVL-MaLR	1466	-	18	46339559	40078
chr13	46299481	46499481	harbor1	chr13	46339888	46340288	LTR/ERVL-MaLR	1466	-	200	46340088	40607
chr13	46299481	46499481	harbor1	chr13	46340543	46340964	LTR/ERVL-MaLR	2442	-	210	46340753	41272
chr13	52264859	52464859	harbor1	chr13	52353509	52353586	LTR/ERVL-MaLR	477	-	38	52353547	88688
chr13	20319218	20519218	harbor1	chr13	20367374	20367795	LTR/ERVL-MaLR	1958	-	210	20367584	48366
chr13	77680175	77880175	harbor1	chr13	77764988	77765409	LTR/ERVL-MaLR	2713	-	210	77765198	85023
chr13	77680175	77880175	harbor1	chr13	77765411	77766509	LTR/ERVL-MaLR	8513	-	549	77765960	85785
chr13	77680175	77880175	harbor1	chr13	77766822	77767312	LTR/ERVL-MaLR	8513	-	245	77767067	86892
chr13	77680175	77880175	harbor1	chr13	77767313	77767708	LTR/ERVL-MaLR	2047	-	198	77767511	87336
chr13	77680175	77880175	harbor1	chr13	77769893	77770388	LTR/ERVL-MaLR	1778	-	248	77770141	89966
chr13	77680175	77880175	harbor1	chr13	77776662	77777034	LTR/ERVL-MaLR	457	-	186	77776848	96673
chr13	77680175	77880175	harbor1	chr13	77777879	77778216	LTR/ERVL-MaLR	1461	-	168	77778047	97872
chr13	77680175	77880175	harbor1	chr13	77778509	77778573	LTR/ERVL-MaLR	1461	-	32	77778541	98366
chr13	77680175	77880175	harbor1	chr13	77778877	77779107	LTR/ERVL-MaLR	1461	-	115	77778992	98817
chr13	86692386	86892386	harbor1	chr13	86693580	86693849	LTR/ERVL-MaLR	754	-	134	86693714	1328
chr13	86692386	86892386	harbor1	chr13	86693850	86694202	LTR/ERVL-MaLR	2100	-	176	86694026	1640
chr13	86692386	86892386	harbor1	chr13	86694203	86695783	LTR/ERVL-MaLR	10914	-	790	86694993	2607
chr13	86692386	86892386	harbor1	chr13	86695785	86696138	LTR/ERVL-MaLR	2098	-	176	86695961	3575
chr13	86692386	86892386	harbor1	chr13	86696139	86697077	LTR/ERVL-MaLR	1017	-	469	86696608	4222
chr13	86692386	86892386	harbor1	chr13	86712975	86713152	LTR/ERVL-MaLR	468	-	88	86713063	20677
chr13	86692386	86892386	harbor1	chr13	86757104	86757261	LTR/ERVL-MaLR	484	-	78	86757182	64796
chr13	86692386	86892386	harbor1	chr13	86766031	86766219	LTR/ERVL-MaLR	455	-	94	86766125	73739
chr13	86692386	86892386	harbor1	chr13	86766645	86766980	LTR/ERVL-MaLR	1990	-	168	86766813	74427
chr13	86692386	86892386	harbor1	chr13	86785378	86785791	LTR/ERVL-MaLR	1141	-	206	86785584	93198
chr13	86692386	86892386	harbor1	chr13	86786234	86786597	LTR/ERVL-MaLR	1555	-	182	86786416	94030
chr13	86692386	86892386	harbor1	chr13	86790265	86790625	LTR/ERVL-MaLR	1524	-	180	86790445	98059
chr13	86692386	86892386	harbor1	chr13	86791888	86792078	LTR/ERVL-MaLR	990	-	95	86791983	99597
chr13	62205568	62405568	harbor1	chr13	62234843	62235329	LTR/ERVL-MaLR	922	-	243	62235086	29518
chr13	62205568	62405568	harbor1	chr13	62244841	62245221	LTR/ERVL-MaLR	1730	-	190	62245031	39463
chr13	62205568	62405568	harbor1	chr13	62276902	62277295	LTR/ERVL-MaLR	1473	-	196	62277098	71530
chr13	62205568	62405568	harbor1	chr13	62282598	62282980	LTR/ERVL-MaLR	2200	-	191	62282789	77221
chr13	62205568	62405568	harbor1	chr13	62283156	62283180	LTR/ERVL-MaLR	2200	-	12	62283168	77600
chr13	62205568	62405568	harbor1	chr13	62283188	62284790	LTR/ERVL-MaLR	7521	-	801	62283989	78421
chr13	62205568	62405568	harbor1	chr13	62284791	62285184	LTR/ERVL-MaLR	1991	-	196	62284987	79419
chr13	59984783	60184783	harbor1	chr13	60022427	60022803	LTR/ERVL-MaLR	709	-	188	60022615	37832
chr13	59984783	60184783	harbor1	chr13	60031004	60031415	LTR/ERVL-MaLR	2218	-	206	60031210	46427
chr13	59984783	60184783	harbor1	chr13	60031417	60031732	LTR/ERVL-MaLR	8924	-	158	60031575	46792
chr13	59984783	60184783	harbor1	chr13	60032025	60033350	LTR/ERVL-MaLR	8924	-	662	60032687	47904
chr13	59984783	60184783	harbor1	chr13	60033351	60033754	LTR/ERVL-MaLR	2157	-	202	60033553	48770
chr13	41378341	41578341	harbor1	chr13	41394079	41394391	LTR/ERVL-MaLR	1878	-	156	41394235	15894
chr13	41378341	41578341	harbor1	chr13	41396506	41396884	LTR/ERVL-MaLR	2154	-	189	41396695	18354
chr13	41378341	41578341	harbor1	chr13	41403712	41404063	LTR/ERVL-MaLR	1475	-	176	41403888	25547
chr13	41378341	41578341	harbor1	chr13	41413778	41414291	LTR/ERVL-MaLR	2028	-	256	41414034	35693
chr13	41378341	41578341	harbor1	chr13	41415861	41416222	LTR/ERVL-MaLR	2474	-	180	41416041	37700
chr13	41378341	41578341	harbor1	chr13	41416501	41416566	LTR/ERVL-MaLR	1372	-	32	41416533	38192
chr13	41378341	41578341	harbor1	chr13	41416861	41417267	LTR/ERVL-MaLR	1372	-	203	41417064	38723
chr13	85492790	85692790	harbor1	chr13	85504583	85504972	LTR/ERVL-MaLR	2251	-	194	85504777	11987
chr13	85492790	85692790	harbor1	chr13	85524500	85524859	LTR/ERVL-MaLR	1927	-	180	85524680	31890
chr13	85492790	85692790	harbor1	chr13	85536965	85537328	LTR/ERVL-MaLR	1269	-	182	85537147	44357
chr13	85492790	85692790	harbor1	chr13	85547086	85547452	LTR/ERVL-MaLR	1796	-	183	85547269	54479
chr13	85492790	85692790	harbor1	chr13	85547453	85549084	LTR/ERVL-MaLR	10096	-	816	85548269	55479
chr13	85492790	85692790	harbor1	chr13	85549085	85549456	LTR/ERVL-MaLR	1738	-	186	85549271	56481
chr13	85492790	85692790	harbor1	chr13	85567956	85568314	LTR/ERVL-MaLR	792	-	179	85568135	75345
chr13	87894965	88094965	harbor1	chr13	87903962	87904312	LTR/ERVL-MaLR	1539	-	175	87904137	9172
chr13	87894965	88094965	harbor1	chr13	87929210	87929588	LTR/ERVL-MaLR	2103	-	189	87929399	34434
chr13	87894965	88094965	harbor1	chr13	87934653	87934966	LTR/ERVL-MaLR	672	-	156	87934809	39844
chr13	87894965	88094965	harbor1	chr13	87949396	87949628	LTR/ERVL-MaLR	517	-	116	87949512	54547
chr13	81302912	81502912	harbor1	chr13	81334613	81334846	LTR/ERVL-MaLR	768	-	116	81334729	31817
chr13	81302912	81502912	harbor1	chr13	81350672	81351029	LTR/ERVL-MaLR	1492	-	178	81350850	47938
chr13	72836662	73036662	harbor1	chr13	72847278	72847611	LTR/ERVL-MaLR	1119	-	166	72847444	10782
chr13	72836662	73036662	harbor1	chr13	72865888	72866345	LTR/ERVL-MaLR	1320	-	228	72866116	29454
chr13	58719302	58919302	harbor1	chr13	58739861	58740188	LTR/ERVL-MaLR	1149	-	164	58740025	20723
chr13	58719302	58919302	harbor1	chr13	58768613	58768996	LTR/ERVL-MaLR	1751	-	192	58768805	49503
chr13	58719302	58919302	harbor1	chr13	58803335	58803694	LTR/ERVL-MaLR	1998	-	180	58803515	84213
chr13	97794457	97994457	harbor1	chr13	97794296	97794865	LTR/ERVL-MaLR	9658	-	284	97794580	123
chr13	97794457	97994457	harbor1	chr13	97794867	97795246	LTR/ERVL-MaLR	2291	-	190	97795057	600
chr13	97794457	97994457	harbor1	chr13	97848471	97848754	LTR/ERVL-MaLR	497	-	142	97848613	54156
chr13	97794457	97994457	harbor1	chr13	97848826	97848973	LTR/ERVL-MaLR	555	-	74	97848900	54443
chr13	97794457	97994457	harbor1	chr13	97851119	97851481	LTR/ERVL-MaLR	2400	-	181	97851300	56843
chr13	97794457	97994457	harbor1	chr13	97852071	97852397	LTR/ERVL-MaLR	1731	-	163	97852234	57777
chr13	97794457	97994457	harbor1	chr13	97862732	97863107	LTR/ERVL-MaLR	2186	-	188	97862920	68463
chr13	97794457	97994457	harbor1	chr13	97863108	97864350	LTR/ERVL-MaLR	9508	-	621	97863729	69272
chr13	97794457	97994457	harbor1	chr13	97864357	97864510	LTR/ERVL-MaLR	1040	-	76	97864433	69976
chr13	97794457	97994457	harbor1	chr13	97864511	97864860	LTR/ERVL-MaLR	2079	-	174	97864685	70228
chr13	97794457	97994457	harbor1	chr13	97872679	97873093	LTR/ERVL-MaLR	2592	-	207	97872886	78429
chr13	97794457	97994457	harbor1	chr13	97886330	97886647	LTR/ERVL-MaLR	1005	-	158	97886488	92031
chr13	97794457	97994457	harbor1	chr13	97893516	97893862	LTR/ERVL-MaLR	1801	-	173	97893689	99232
chr13	61189938	61389938	harbor1	chr13	61239149	61239658	LTR/ERVL-MaLR	1361	-	254	61239403	49465
chr13	61189938	61389938	harbor1	chr13	61242427	61242780	LTR/ERVL-MaLR	2499	-	176	61242603	52665
chr13	61189938	61389938	harbor1	chr13	61287194	61287551	LTR/ERVL-MaLR	1773	-	178	61287372	97434
chr13	48058307	48258307	harbor1	chr13	48105970	48106108	LTR/ERVL-MaLR	1783	-	69	48106039	47732
chr13	48058307	48258307	harbor1	chr13	48106208	48106517	LTR/ERVL-MaLR	1783	-	154	48106362	48055
chr13	29080377	29280377	harbor1	chr13	29097565	29097892	LTR/ERVL-MaLR	1155	-	164	29097729	17352
chr13	29080377	29280377	harbor1	chr13	29122259	29122629	LTR/ERVL-MaLR	2728	-	185	29122444	42067
chr13	29080377	29280377	harbor1	chr13	29144179	29144365	LTR/ERVL-MaLR	1279	-	93	29144272	63895
chr13	29080377	29280377	harbor1	chr13	29144528	29144916	LTR/ERVL-MaLR	1279	-	194	29144722	64345
chr13	29080377	29280377	harbor1	chr13	29152373	29152920	LTR/ERVL-MaLR	2139	-	274	29152647	72270
chr13	29080377	29280377	harbor1	chr13	29162067	29162302	LTR/ERVL-MaLR	974	-	118	29162185	81808
chr13	29080377	29280377	harbor1	chr13	29171593	29172085	LTR/ERVL-MaLR	1873	-	246	29171839	91462
chr13	29080377	29280377	harbor1	chr13	29176472	29176792	LTR/ERVL-MaLR	1658	-	160	29176632	96255
chr13	97265963	97465963	harbor1	chr13	97284082	97284634	LTR/ERVL-MaLR	1830	-	276	97284358	18395
chr13	97265963	97465963	harbor1	chr13	97320112	97320261	LTR/ERVL-MaLR	1453	-	74	97320186	54223
chr13	97265963	97465963	harbor1	chr13	97320556	97320631	LTR/ERVL-MaLR	1453	-	38	97320594	54631
chr13	97265963	97465963	harbor1	chr13	97320926	97321153	LTR/ERVL-MaLR	1453	-	114	97321040	55077
chr14	64159541	64359541	harbor1	chr14	64172293	64172666	LTR/ERVL-MaLR	653	-	186	64172479	12938
chr14	64159541	64359541	harbor1	chr14	64204753	64205255	LTR/ERVL-MaLR	2089	-	251	64205004	45463
chr14	64159541	64359541	harbor1	chr14	64242788	64243141	LTR/ERVL-MaLR	2288	-	176	64242964	83423
chr14	64159541	64359541	harbor1	chr14	64252468	64252841	LTR/ERVL-MaLR	2146	-	186	64252654	93113
chr14	21947518	22147518	harbor1	chr14	21999335	21999806	LTR/ERVL-MaLR	554	-	236	21999571	52053
chr14	23247661	23447661	harbor1	chr14	23247895	23248110	LTR/ERVL-MaLR	1901	-	108	23248003	342
chr14	23247661	23447661	harbor1	chr14	23338874	23339241	LTR/ERVL-MaLR	2315	-	184	23339058	91397
chr14	23247661	23447661	harbor1	chr14	23248740	23248897	LTR/ERVL-MaLR	1901	-	78	23248818	1157
chr14	69846416	70046416	harbor1	chr14	69874115	69874502	LTR/ERVL-MaLR	1348	-	194	69874309	27893
chr14	69846416	70046416	harbor1	chr14	69889619	69890083	LTR/ERVL-MaLR	1862	-	232	69889851	43435
chr14	69846416	70046416	harbor1	chr14	69893632	69893743	LTR/ERVL-MaLR	559	-	56	69893688	47272
chr14	69846416	70046416	harbor1	chr14	69907673	69908043	LTR/ERVL-MaLR	1779	-	185	69907858	61442
chr14	69846416	70046416	harbor1	chr14	69912573	69912752	LTR/ERVL-MaLR	597	-	90	69912663	66247
chr14	69846416	70046416	harbor1	chr14	69939132	69939493	LTR/ERVL-MaLR	2705	-	180	69939312	92896
chr14	69846416	70046416	harbor1	chr14	69894133	69894452	LTR/ERVL-MaLR	559	-	160	69894293	47877
chr14	99359904	99559904	harbor1	chr14	99365821	99366094	LTR/ERVL-MaLR	1416	-	136	99365957	6053
chr14	99359904	99559904	harbor1	chr14	99366698	99366851	LTR/ERVL-MaLR	1416	-	76	99366774	6870
chr14	99359904	99559904	harbor1	chr14	99387013	99387384	LTR/ERVL-MaLR	2645	-	186	99387199	27295
chr14	99359904	99559904	harbor1	chr14	99435881	99436252	LTR/ERVL-MaLR	1995	-	186	99436067	76163
chr14	88440908	88640908	harbor1	chr14	88454073	88454481	LTR/ERVL-MaLR	1684	-	204	88454277	13369
chr14	38718769	38918769	harbor1	chr14	38719061	38719440	LTR/ERVL-MaLR	1109	-	190	38719251	482
chr14	38718769	38918769	harbor1	chr14	38740003	38740242	LTR/ERVL-MaLR	917	-	120	38740123	21354
chr14	38718769	38918769	harbor1	chr14	38744215	38744595	LTR/ERVL-MaLR	2235	-	190	38744405	25636
chr14	58959527	59159527	harbor1	chr14	58959675	58959747	LTR/ERVL-MaLR	514	-	36	58959711	184
chr14	58959527	59159527	harbor1	chr14	58960056	58960168	LTR/ERVL-MaLR	514	-	56	58960112	585
chr14	58959527	59159527	harbor1	chr14	58960540	58960649	LTR/ERVL-MaLR	514	-	54	58960594	1067
chr14	58959527	59159527	harbor1	chr14	58966972	58967212	LTR/ERVL-MaLR	1354	-	120	58967092	7565
chr14	58959527	59159527	harbor1	chr14	58967774	58967916	LTR/ERVL-MaLR	1354	-	71	58967845	8318
chr14	58959527	59159527	harbor1	chr14	58971015	58971405	LTR/ERVL-MaLR	1418	-	195	58971210	11683
chr14	58959527	59159527	harbor1	chr14	58973646	58973863	LTR/ERVL-MaLR	818	-	108	58973754	14227
chr14	58959527	59159527	harbor1	chr14	58974582	58975077	LTR/ERVL-MaLR	2092	-	248	58974830	15303
chr14	58959527	59159527	harbor1	chr14	58986533	58986975	LTR/ERVL-MaLR	1655	-	221	58986754	27227
chr14	58959527	59159527	harbor1	chr14	58989718	58990084	LTR/ERVL-MaLR	2096	-	183	58989901	30374
chr14	58959527	59159527	harbor1	chr14	58990806	58991143	LTR/ERVL-MaLR	1816	-	168	58990974	31447
chr14	58959527	59159527	harbor1	chr14	59005459	59005819	LTR/ERVL-MaLR	2657	-	180	59005639	46112
chr14	58959527	59159527	harbor1	chr14	59020812	59021327	LTR/ERVL-MaLR	1432	-	258	59021070	61543
chr14	58959527	59159527	harbor1	chr14	59031141	59031510	LTR/ERVL-MaLR	738	-	184	59031325	71798
chr14	58959527	59159527	harbor1	chr14	59035839	59036162	LTR/ERVL-MaLR	1909	-	162	59036001	76474
chr14	58959527	59159527	harbor1	chr14	59044643	59044982	LTR/ERVL-MaLR	951	-	170	59044813	85286
chr14	58959527	59159527	harbor1	chr14	59049538	59049916	LTR/ERVL-MaLR	2193	-	189	59049727	90200
chr14	80092088	80292088	harbor1	chr14	80096397	80096546	LTR/ERVL-MaLR	742	-	74	80096471	4383
chr14	80092088	80292088	harbor1	chr14	80117168	80117531	LTR/ERVL-MaLR	2636	-	182	80117350	25262
chr14	80092088	80292088	harbor1	chr14	80121020	80121390	LTR/ERVL-MaLR	1064	-	185	80121205	29117
chr14	80092088	80292088	harbor1	chr14	80126338	80126752	LTR/ERVL-MaLR	417	-	207	80126545	34457
chr14	80092088	80292088	harbor1	chr14	80130467	80130569	LTR/ERVL-MaLR	510	-	51	80130518	38430
chr14	80092088	80292088	harbor1	chr14	80130589	80130852	LTR/ERVL-MaLR	842	-	132	80130721	38633
chr14	80092088	80292088	harbor1	chr14	80134832	80135144	LTR/ERVL-MaLR	1338	-	156	80134988	42900
chr14	80092088	80292088	harbor1	chr14	80163040	80163343	LTR/ERVL-MaLR	860	-	152	80163192	71104
chr14	80997544	81197544	harbor1	chr14	81006205	81006519	LTR/ERVL-MaLR	1957	-	157	81006362	8818
chr14	80997544	81197544	harbor1	chr14	81006813	81006894	LTR/ERVL-MaLR	1957	-	40	81006853	9309
chr14	80997544	81197544	harbor1	chr14	81023304	81023407	LTR/ERVL-MaLR	682	-	52	81023356	25812
chr14	80997544	81197544	harbor1	chr14	81045772	81046028	LTR/ERVL-MaLR	935	-	128	81045900	48356
chr14	80997544	81197544	harbor1	chr14	81046013	81046141	LTR/ERVL-MaLR	414	-	64	81046077	48533
chr14	80997544	81197544	harbor1	chr14	81083718	81084070	LTR/ERVL-MaLR	2174	-	176	81083894	86350
chr14	80997544	81197544	harbor1	chr14	81084068	81084153	LTR/ERVL-MaLR	500	-	42	81084110	86566
chr14	20830302	21030302	harbor1	chr14	20844854	20845241	LTR/ERVL-MaLR	1010	-	194	20845048	14746
chr14	20830302	21030302	harbor1	chr14	20898833	20898905	LTR/ERVL-MaLR	455	-	36	20898869	68567
chr14	20830302	21030302	harbor1	chr14	20899364	20899404	LTR/ERVL-MaLR	1898	-	20	20899384	69082
chr14	20830302	21030302	harbor1	chr14	20899702	20900050	LTR/ERVL-MaLR	1898	-	174	20899876	69574
chr14	20830302	21030302	harbor1	chr14	20900590	20900742	LTR/ERVL-MaLR	561	-	76	20900666	70364
chr14	20830302	21030302	harbor1	chr14	20900807	20901139	LTR/ERVL-MaLR	1737	-	166	20900973	70671
chr14	20830302	21030302	harbor1	chr14	20901140	20901541	LTR/ERVL-MaLR	2246	-	200	20901340	71038
chr14	20830302	21030302	harbor1	chr14	20901654	20901812	LTR/ERVL-MaLR	752	-	79	20901733	71431
chr14	20830302	21030302	harbor1	chr14	20927517	20927558	LTR/ERVL-MaLR	2066	-	20	20927537	97235
chr14	20830302	21030302	harbor1	chr14	20927872	20928214	LTR/ERVL-MaLR	2066	-	171	20928043	97741
chr14	20830302	21030302	harbor1	chr14	20928733	20928885	LTR/ERVL-MaLR	572	-	76	20928809	98507
chr14	20830302	21030302	harbor1	chr14	20928950	20929282	LTR/ERVL-MaLR	1848	-	166	20929116	98814
chr14	20830302	21030302	harbor1	chr14	20929283	20929684	LTR/ERVL-MaLR	2244	-	200	20929483	99181
chr14	20830302	21030302	harbor1	chr14	20929797	20929958	LTR/ERVL-MaLR	715	-	80	20929877	99575
chr14	98224347	98424347	harbor1	chr14	98237714	98237767	LTR/ERVL-MaLR	1472	-	26	98237740	13393
chr14	98224347	98424347	harbor1	chr14	98258161	98258546	LTR/ERVL-MaLR	2077	-	192	98258353	34006
chr14	98224347	98424347	harbor1	chr14	98261758	98262103	LTR/ERVL-MaLR	797	-	172	98261930	37583
chr14	98224347	98424347	harbor1	chr14	98262188	98262597	LTR/ERVL-MaLR	2558	-	204	98262392	38045
chr14	98224347	98424347	harbor1	chr14	98282436	98282787	LTR/ERVL-MaLR	2549	-	176	98282612	58265
chr14	98224347	98424347	harbor1	chr14	98286019	98286313	LTR/ERVL-MaLR	1271	-	147	98286166	61819
chr14	98224347	98424347	harbor1	chr14	98287006	98287084	LTR/ERVL-MaLR	424	-	39	98287045	62698
chr14	98224347	98424347	harbor1	chr14	98294364	98294958	LTR/ERVL-MaLR	1627	-	297	98294661	70314
chr14	98224347	98424347	harbor1	chr14	98306097	98306665	LTR/ERVL-MaLR	850	-	284	98306381	82034
chr14	98224347	98424347	harbor1	chr14	98320598	98320982	LTR/ERVL-MaLR	1353	-	192	98320790	96443
chr14	98224347	98424347	harbor1	chr14	98238284	98238716	LTR/ERVL-MaLR	1472	-	216	98238500	14153
chr14	66936800	67136800	harbor1	chr14	66989960	66990325	LTR/ERVL-MaLR	2092	-	182	66990142	53342
chr14	55828373	56028373	harbor1	chr14	55843409	55843800	LTR/ERVL-MaLR	879	-	196	55843605	15232
chr14	55828373	56028373	harbor1	chr14	55857519	55857923	LTR/ERVL-MaLR	1191	-	202	55857721	29348
chr14	55828373	56028373	harbor1	chr14	55899676	55899804	LTR/ERVL-MaLR	932	-	64	55899740	71367
chr14	55828373	56028373	harbor1	chr14	55900960	55901250	LTR/ERVL-MaLR	932	-	145	55901105	72732
chr14	55828373	56028373	harbor1	chr14	55905388	55905678	LTR/ERVL-MaLR	1572	-	145	55905533	77160
chr14	55828373	56028373	harbor1	chr14	55905858	55906034	LTR/ERVL-MaLR	708	-	88	55905946	77573
chr14	55828373	56028373	harbor1	chr14	55906832	55907386	LTR/ERVL-MaLR	1533	-	277	55907109	78736
chr14	55828373	56028373	harbor1	chr14	55914590	55915088	LTR/ERVL-MaLR	924	-	249	55914839	86466
chr14	55828373	56028373	harbor1	chr14	55924830	55925228	LTR/ERVL-MaLR	811	-	199	55925029	96656
chr14	80691491	80891491	harbor1	chr14	80735600	80736065	LTR/ERVL-MaLR	1876	-	232	80735832	44341
chr14	80691491	80891491	harbor1	chr14	80787053	80787603	LTR/ERVL-MaLR	1669	-	275	80787328	95837
chr14	97698129	97898129	harbor1	chr14	97699613	97700022	LTR/ERVL-MaLR	823	-	204	97699817	1688
chr14	97698129	97898129	harbor1	chr14	97703804	97704274	LTR/ERVL-MaLR	2599	-	235	97704039	5910
chr14	97698129	97898129	harbor1	chr14	97719105	97719442	LTR/ERVL-MaLR	1405	-	168	97719273	21144
chr14	97698129	97898129	harbor1	chr14	97719443	97719799	LTR/ERVL-MaLR	1834	-	178	97719621	21492
chr14	97698129	97898129	harbor1	chr14	97721502	97721599	LTR/ERVL-MaLR	518	-	48	97721550	23421
chr14	97698129	97898129	harbor1	chr14	97764273	97764454	LTR/ERVL-MaLR	784	-	90	97764363	66234
chr14	97698129	97898129	harbor1	chr14	97793104	97793459	LTR/ERVL-MaLR	1718	-	178	97793282	95153
chr14	97698129	97898129	harbor1	chr14	97730138	97730586	LTR/ERVL-MaLR	2584	-	224	97730362	32233
chr14	69017177	69217177	harbor1	chr14	69025445	69025816	LTR/ERVL-MaLR	1967	-	186	69025631	8454
chr14	76600498	76800498	harbor1	chr14	76601395	76601808	LTR/ERVL-MaLR	2660	-	206	76601601	1103
chr14	76600498	76800498	harbor1	chr14	76612800	76613297	LTR/ERVL-MaLR	1186	-	248	76613048	12550
chr14	76600498	76800498	harbor1	chr14	76622536	76622787	LTR/ERVL-MaLR	1847	-	126	76622662	22164
chr14	76600498	76800498	harbor1	chr14	76623060	76623233	LTR/ERVL-MaLR	1847	-	86	76623146	22648
chr14	76600498	76800498	harbor1	chr14	76629377	76629812	LTR/ERVL-MaLR	634	-	218	76629595	29097
chr14	76600498	76800498	harbor1	chr14	76646466	76646832	LTR/ERVL-MaLR	1756	-	183	76646649	46151
chr14	76600498	76800498	harbor1	chr14	76658617	76658832	LTR/ERVL-MaLR	549	-	108	76658725	58227
chr14	76600498	76800498	harbor1	chr14	76659130	76659492	LTR/ERVL-MaLR	549	-	181	76659311	58813
chr14	76600498	76800498	harbor1	chr14	76660981	76661455	LTR/ERVL-MaLR	1561	-	237	76661218	60720
chr14	76600498	76800498	harbor1	chr14	76682504	76683276	LTR/ERVL-MaLR	2560	-	386	76682890	82392
chr14	76600498	76800498	harbor1	chr14	76683280	76683663	LTR/ERVL-MaLR	934	-	192	76683472	82974
chr14	76600498	76800498	harbor1	chr14	76692135	76692200	LTR/ERVL-MaLR	1319	-	32	76692167	91669
chr14	76600498	76800498	harbor1	chr14	76692511	76692860	LTR/ERVL-MaLR	1319	-	174	76692685	92187
chr14	76600498	76800498	harbor1	chr14	76627818	76627996	LTR/ERVL-MaLR	415	-	89	76627907	27409
chr14	63970607	64170607	harbor1	chr14	63974233	63974537	LTR/ERVL-MaLR	1225	-	152	63974385	3778
chr14	63970607	64170607	harbor1	chr14	63988610	63988952	LTR/ERVL-MaLR	2117	-	171	63988781	18174
chr14	63970607	64170607	harbor1	chr14	64007489	64007585	LTR/ERVL-MaLR	448	-	48	64007537	36930
chr14	63970607	64170607	harbor1	chr14	64008017	64008399	LTR/ERVL-MaLR	1440	-	191	64008208	37601
chr14	63970607	64170607	harbor1	chr14	64050025	64050380	LTR/ERVL-MaLR	1773	-	178	64050203	79596
chr14	44071563	44271563	harbor1	chr14	44085396	44085536	LTR/ERVL-MaLR	588	-	70	44085466	13903
chr14	44071563	44271563	harbor1	chr14	44090728	44090903	LTR/ERVL-MaLR	721	-	88	44090816	19253
chr14	44071563	44271563	harbor1	chr14	44099774	44100162	LTR/ERVL-MaLR	1191	-	194	44099968	28405
chr14	44071563	44271563	harbor1	chr14	44101698	44102062	LTR/ERVL-MaLR	2011	-	182	44101880	30317
chr14	44071563	44271563	harbor1	chr14	44102063	44102760	LTR/ERVL-MaLR	5098	-	348	44102411	30848
chr14	44071563	44271563	harbor1	chr14	44117326	44117696	LTR/ERVL-MaLR	2037	-	185	44117511	45948
chr14	44071563	44271563	harbor1	chr14	44124766	44125137	LTR/ERVL-MaLR	1326	-	186	44124952	53389
chr14	44071563	44271563	harbor1	chr14	44132461	44132918	LTR/ERVL-MaLR	1276	-	228	44132689	61126
chr14	87095251	87295251	harbor1	chr14	87097048	87097231	LTR/ERVL-MaLR	1664	-	92	87097140	1889
chr14	87095251	87295251	harbor1	chr14	87097771	87097949	LTR/ERVL-MaLR	1664	-	89	87097860	2609
chr14	87095251	87295251	harbor1	chr14	87112321	87112776	LTR/ERVL-MaLR	1516	-	228	87112549	17298
chr14	87095251	87295251	harbor1	chr14	87123310	87123771	LTR/ERVL-MaLR	468	-	230	87123540	28289
chr14	87095251	87295251	harbor1	chr14	87124300	87124708	LTR/ERVL-MaLR	2665	-	204	87124504	29253
chr14	87095251	87295251	harbor1	chr14	87168368	87168566	LTR/ERVL-MaLR	1073	-	99	87168467	73216
chr14	87095251	87295251	harbor1	chr14	87168582	87170132	LTR/ERVL-MaLR	9501	-	775	87169357	74106
chr14	87095251	87295251	harbor1	chr14	87170133	87170496	LTR/ERVL-MaLR	2097	-	182	87170315	75064
chr14	47510042	47710042	harbor1	chr14	47534354	47534709	LTR/ERVL-MaLR	1981	-	178	47534532	24490
chr14	47510042	47710042	harbor1	chr14	47535817	47536220	LTR/ERVL-MaLR	471	-	202	47536019	25977
chr14	47510042	47710042	harbor1	chr14	47564293	47564656	LTR/ERVL-MaLR	1843	-	182	47564475	54433
chr14	47510042	47710042	harbor1	chr14	47580137	47580488	LTR/ERVL-MaLR	1701	-	176	47580313	70271
chr14	47510042	47710042	harbor1	chr14	47588751	47589197	LTR/ERVL-MaLR	1787	-	223	47588974	78932
chr14	34236100	34436100	harbor1	chr14	34236416	34236700	LTR/ERVL-MaLR	741	-	142	34236558	458
chr14	34236100	34436100	harbor1	chr14	34248086	34248575	LTR/ERVL-MaLR	1187	-	244	34248330	12230
chr14	34236100	34436100	harbor1	chr14	34263351	34263922	LTR/ERVL-MaLR	1268	-	286	34263637	27537
chr14	34236100	34436100	harbor1	chr14	34271828	34272241	LTR/ERVL-MaLR	2341	-	206	34272034	35934
chr14	34236100	34436100	harbor1	chr14	34272242	34272595	LTR/ERVL-MaLR	2158	-	176	34272418	36318
chr14	34236100	34436100	harbor1	chr14	34300124	34300474	LTR/ERVL-MaLR	2304	-	175	34300299	64199
chr14	34236100	34436100	harbor1	chr14	34310475	34310936	LTR/ERVL-MaLR	1420	-	230	34310705	74605
chr14	34236100	34436100	harbor1	chr14	34310937	34311459	LTR/ERVL-MaLR	2101	-	261	34311198	75098
chr14	34236100	34436100	harbor1	chr14	34320719	34321247	LTR/ERVL-MaLR	1945	-	264	34320983	84883
chr14	53693796	53893796	harbor1	chr14	53696918	53697261	LTR/ERVL-MaLR	2204	-	172	53697090	3294
chr14	53693796	53893796	harbor1	chr14	53710661	53710781	LTR/ERVL-MaLR	510	-	60	53710721	16925
chr14	53693796	53893796	harbor1	chr14	53756701	53757058	LTR/ERVL-MaLR	2143	-	178	53756879	63083
chr14	53693796	53893796	harbor1	chr14	53780095	53780663	LTR/ERVL-MaLR	1936	-	284	53780379	86583
chr14	53693796	53893796	harbor1	chr14	53780664	53781046	LTR/ERVL-MaLR	2022	-	191	53780855	87059
chr14	53693796	53893796	harbor1	chr14	53781047	53781079	LTR/ERVL-MaLR	1936	-	16	53781063	87267
chr14	62376126	62576126	harbor1	chr14	62433572	62433960	LTR/ERVL-MaLR	1505	-	194	62433766	57640
chr14	62376126	62576126	harbor1	chr14	62449038	62449434	LTR/ERVL-MaLR	872	-	198	62449236	73110
chr14	62376126	62576126	harbor1	chr14	62450839	62451017	LTR/ERVL-MaLR	600	-	89	62450928	74802
chr14	85865398	86065398	harbor1	chr14	85891672	85892065	LTR/ERVL-MaLR	1937	-	196	85891868	26470
chr14	85865398	86065398	harbor1	chr14	85911565	85911712	LTR/ERVL-MaLR	747	-	74	85911639	46241
chr14	85865398	86065398	harbor1	chr14	85944563	85944908	LTR/ERVL-MaLR	2050	-	172	85944735	79337
chr14	85865398	86065398	harbor1	chr14	85948209	85948618	LTR/ERVL-MaLR	2267	-	204	85948413	83015
chr14	85865398	86065398	harbor1	chr14	85955363	85955742	LTR/ERVL-MaLR	1480	-	190	85955553	90155
chr14	85865398	86065398	harbor1	chr14	85956025	85956384	LTR/ERVL-MaLR	2017	-	180	85956205	90807
chr14	85865398	86065398	harbor1	chr14	85963499	85963930	LTR/ERVL-MaLR	464	-	216	85963715	98317
chr14	51943763	52143763	harbor1	chr14	51944186	51944543	LTR/ERVL-MaLR	1233	-	178	51944364	601
chr14	51943763	52143763	harbor1	chr14	51947844	51948321	LTR/ERVL-MaLR	862	-	238	51948082	4319
chr14	51943763	52143763	harbor1	chr14	51954511	51954813	LTR/ERVL-MaLR	420	-	151	51954662	10899
chr14	51943763	52143763	harbor1	chr14	51965025	51965138	LTR/ERVL-MaLR	449	-	56	51965081	21318
chr14	51943763	52143763	harbor1	chr14	51971851	51972113	LTR/ERVL-MaLR	616	-	131	51971982	28219
chr14	51943763	52143763	harbor1	chr14	51995143	51995603	LTR/ERVL-MaLR	1960	-	230	51995373	51610
chr14	51943763	52143763	harbor1	chr14	52025480	52025880	LTR/ERVL-MaLR	2189	-	200	52025680	81917
chr14	46248771	46448771	harbor1	chr14	46254464	46254828	LTR/ERVL-MaLR	2286	-	182	46254646	5875
chr14	46248771	46448771	harbor1	chr14	46259591	46259839	LTR/ERVL-MaLR	767	-	124	46259715	10944
chr14	46248771	46448771	harbor1	chr14	46260555	46261041	LTR/ERVL-MaLR	2409	-	243	46260798	12027
chr14	46248771	46448771	harbor1	chr14	46279408	46279711	LTR/ERVL-MaLR	1726	-	152	46279560	30789
chr14	46248771	46448771	harbor1	chr14	46291179	46291536	LTR/ERVL-MaLR	2270	-	178	46291357	42586
chr14	46248771	46448771	harbor1	chr14	46333028	46333457	LTR/ERVL-MaLR	1309	-	214	46333242	84471
chr14	46248771	46448771	harbor1	chr14	46343684	46344027	LTR/ERVL-MaLR	1138	-	172	46343856	95085
chr14	78806683	79006683	harbor1	chr14	78811169	78811557	LTR/ERVL-MaLR	1169	-	194	78811363	4680
chr14	78806683	79006683	harbor1	chr14	78817468	78817912	LTR/ERVL-MaLR	1836	-	222	78817690	11007
chr14	78806683	79006683	harbor1	chr14	78840470	78840786	LTR/ERVL-MaLR	928	-	158	78840628	33945
chr14	78806683	79006683	harbor1	chr14	78843950	78844440	LTR/ERVL-MaLR	1024	-	245	78844195	37512
chr14	78806683	79006683	harbor1	chr14	78885871	78886196	LTR/ERVL-MaLR	548	-	162	78886033	79350
chr14	101489120	101689120	harbor1	chr14	101498477	101498862	LTR/ERVL-MaLR	1390	-	192	101498669	9549
chr14	101489120	101689120	harbor1	chr14	101515569	101515957	LTR/ERVL-MaLR	497	-	194	101515763	26643
chr14	101489120	101689120	harbor1	chr14	101537450	101537600	LTR/ERVL-MaLR	427	-	75	101537525	48405
chr14	101489120	101689120	harbor1	chr14	101544650	101545070	LTR/ERVL-MaLR	2730	-	210	101544860	55740
chr14	101489120	101689120	harbor1	chr14	101546120	101546506	LTR/ERVL-MaLR	1139	-	193	101546313	57193
chr14	101489120	101689120	harbor1	chr14	101573339	101573869	LTR/ERVL-MaLR	1028	-	265	101573604	84484
chr14	66796386	66996386	harbor1	chr14	66805018	66805370	LTR/ERVL-MaLR	2218	-	176	66805194	8808
chr14	66796386	66996386	harbor1	chr14	66805371	66806963	LTR/ERVL-MaLR	11276	-	796	66806167	9781
chr14	66796386	66996386	harbor1	chr14	66806964	66807324	LTR/ERVL-MaLR	2139	-	180	66807144	10758
chr14	66796386	66996386	harbor1	chr14	66817501	66817996	LTR/ERVL-MaLR	812	-	248	66817749	21363
chr14	66796386	66996386	harbor1	chr14	66833089	66833473	LTR/ERVL-MaLR	2367	-	192	66833281	36895
chr14	66796386	66996386	harbor1	chr14	66853392	66853737	LTR/ERVL-MaLR	2079	-	172	66853564	57178
chr14	66796386	66996386	harbor1	chr14	66895881	66896223	LTR/ERVL-MaLR	1728	-	171	66896052	99666
chr14	86528620	86728620	harbor1	chr14	86534045	86534251	LTR/ERVL-MaLR	519	-	103	86534148	5528
chr14	86528620	86728620	harbor1	chr14	86587956	86588366	LTR/ERVL-MaLR	2002	-	205	86588161	59541
chr14	86528620	86728620	harbor1	chr14	86596704	86596871	LTR/ERVL-MaLR	437	-	84	86596788	68168
chr14	86528620	86728620	harbor1	chr14	86597487	86597933	LTR/ERVL-MaLR	1019	-	223	86597710	69090
chr14	86528620	86728620	harbor1	chr14	86603735	86604110	LTR/ERVL-MaLR	1969	-	188	86603923	75303
chr14	86528620	86728620	harbor1	chr14	86604993	86605340	LTR/ERVL-MaLR	1577	-	174	86605167	76547
chr14	86528620	86728620	harbor1	chr14	86621435	86621839	LTR/ERVL-MaLR	1414	-	202	86621637	93017
chr14	86528620	86728620	harbor1	chr14	86622849	86623121	LTR/ERVL-MaLR	1534	-	136	86622985	94365
chr14	86528620	86728620	harbor1	chr14	86623473	86623580	LTR/ERVL-MaLR	1534	-	54	86623527	94907
chr14	86528620	86728620	harbor1	chr14	86623581	86624723	LTR/ERVL-MaLR	5794	-	571	86624152	95532
chr14	86528620	86728620	harbor1	chr14	86625005	86625390	LTR/ERVL-MaLR	5794	-	192	86625197	96577
chr14	86528620	86728620	harbor1	chr14	86625698	86625981	LTR/ERVL-MaLR	5794	-	142	86625840	97220
chr14	86528620	86728620	harbor1	chr14	86625982	86626329	LTR/ERVL-MaLR	1203	-	174	86626156	97536
chr14	93709546	93909546	harbor1	chr14	93801310	93801790	LTR/ERVL-MaLR	1670	-	240	93801550	92004
chr14	39794968	39994968	harbor1	chr14	39818361	39818745	LTR/ERVL-MaLR	2033	-	192	39818553	23585
chr14	39794968	39994968	harbor1	chr14	39827268	39827690	LTR/ERVL-MaLR	1626	-	211	39827479	32511
chr14	39794968	39994968	harbor1	chr14	39835679	39836035	LTR/ERVL-MaLR	1945	-	178	39835857	40889
chr14	39794968	39994968	harbor1	chr14	39852262	39852648	LTR/ERVL-MaLR	2110	-	193	39852455	57487
chr14	39794968	39994968	harbor1	chr14	39872983	39873380	LTR/ERVL-MaLR	502	-	198	39873181	78213
chr14	65202260	65402260	harbor1	chr14	65261650	65261832	LTR/ERVL-MaLR	2027	-	91	65261741	59481
chr14	65202260	65402260	harbor1	chr14	65262139	65262292	LTR/ERVL-MaLR	2027	-	76	65262215	59955
chr14	65202260	65402260	harbor1	chr14	65268158	65268562	LTR/ERVL-MaLR	2076	-	202	65268360	66100
chr14	65202260	65402260	harbor1	chr14	65294965	65295158	LTR/ERVL-MaLR	558	-	96	65295061	92801
chr14	32591478	32791478	harbor1	chr14	32651425	32651801	LTR/ERVL-MaLR	1942	-	188	32651613	60135
chr14	32591478	32791478	harbor1	chr14	32670114	32670324	LTR/ERVL-MaLR	2530	-	105	32670219	78741
chr14	32591478	32791478	harbor1	chr14	32672333	32672704	LTR/ERVL-MaLR	1961	-	186	32672519	81041
chr14	32591478	32791478	harbor1	chr14	32669616	32669818	LTR/ERVL-MaLR	2530	-	101	32669717	78239
chr14	61209798	61409798	harbor1	chr14	61214489	61214656	LTR/ERVL-MaLR	723	-	84	61214573	4775
chr14	101471142	101671142	harbor1	chr14	101472802	101473120	LTR/ERVL-MaLR	1210	-	159	101472961	1819
chr14	101471142	101671142	harbor1	chr14	101498477	101498862	LTR/ERVL-MaLR	1390	-	192	101498669	27527
chr14	101471142	101671142	harbor1	chr14	101515569	101515957	LTR/ERVL-MaLR	497	-	194	101515763	44621
chr14	101471142	101671142	harbor1	chr14	101537450	101537600	LTR/ERVL-MaLR	427	-	75	101537525	66383
chr14	101471142	101671142	harbor1	chr14	101544650	101545070	LTR/ERVL-MaLR	2730	-	210	101544860	73718
chr14	101471142	101671142	harbor1	chr14	101546120	101546506	LTR/ERVL-MaLR	1139	-	193	101546313	75171
chr14	43152444	43352444	harbor1	chr14	43159148	43159566	LTR/ERVL-MaLR	1945	-	209	43159357	6913
chr14	43152444	43352444	harbor1	chr14	43216525	43216880	LTR/ERVL-MaLR	1951	-	178	43216703	64259
chr14	43152444	43352444	harbor1	chr14	43216883	43218429	LTR/ERVL-MaLR	10438	-	773	43217656	65212
chr14	43152444	43352444	harbor1	chr14	43218430	43218779	LTR/ERVL-MaLR	1851	-	174	43218604	66160
chr14	43152444	43352444	harbor1	chr14	43204280	43204643	LTR/ERVL-MaLR	2300	-	182	43204462	52018
chr14	48626883	48826883	harbor1	chr14	48693602	48694005	LTR/ERVL-MaLR	1054	-	202	48693804	66921
chr14	48626883	48826883	harbor1	chr14	48719580	48719939	LTR/ERVL-MaLR	1927	-	180	48719760	92877
chr14	48626883	48826883	harbor1	chr14	48693201	48693273	LTR/ERVL-MaLR	443	-	36	48693237	66354
chr14	104464333	104664333	harbor1	chr14	104498624	104498804	LTR/ERVL-MaLR	497	-	90	104498714	34381
chr14	104464333	104664333	harbor1	chr14	104499144	104499504	LTR/ERVL-MaLR	2348	-	180	104499324	34991
chr14	104464333	104664333	harbor1	chr14	104523535	104523926	LTR/ERVL-MaLR	2114	-	196	104523731	59398
chr14	104464333	104664333	harbor1	chr14	104537708	104537957	LTR/ERVL-MaLR	630	-	124	104537832	73499
chr14	58767942	58967942	harbor1	chr14	58775136	58775490	LTR/ERVL-MaLR	2372	-	177	58775313	7371
chr14	58767942	58967942	harbor1	chr14	58802739	58803093	LTR/ERVL-MaLR	2105	-	177	58802916	34974
chr14	58767942	58967942	harbor1	chr14	58841782	58842113	LTR/ERVL-MaLR	1448	-	166	58841948	74006
chr14	58767942	58967942	harbor1	chr14	58845416	58845920	LTR/ERVL-MaLR	1647	-	252	58845668	77726
chr14	58767942	58967942	harbor1	chr14	58851826	58852214	LTR/ERVL-MaLR	1396	-	194	58852020	84078
chr14	49047477	49247477	harbor1	chr14	49104160	49104335	LTR/ERVL-MaLR	515	-	88	49104248	56771
chr14	49047477	49247477	harbor1	chr14	49118360	49118658	LTR/ERVL-MaLR	669	-	149	49118509	71032
chr14	49047477	49247477	harbor1	chr14	49122753	49123187	LTR/ERVL-MaLR	2512	-	217	49122970	75493
chr14	49047477	49247477	harbor1	chr14	49136950	49137114	LTR/ERVL-MaLR	435	-	82	49137032	89555
chr14	27153934	27353934	harbor1	chr14	27166400	27166765	LTR/ERVL-MaLR	1653	-	182	27166582	12648
chr14	27153934	27353934	harbor1	chr14	27166859	27167069	LTR/ERVL-MaLR	2018	-	105	27166964	13030
chr14	27153934	27353934	harbor1	chr14	27167376	27167562	LTR/ERVL-MaLR	2018	-	93	27167469	13535
chr14	27153934	27353934	harbor1	chr14	27167563	27168328	LTR/ERVL-MaLR	5363	-	382	27167945	14011
chr14	27153934	27353934	harbor1	chr14	27171225	27172030	LTR/ERVL-MaLR	5637	-	402	27171627	17693
chr14	27153934	27353934	harbor1	chr14	27172031	27172404	LTR/ERVL-MaLR	1983	-	186	27172217	18283
chr14	27153934	27353934	harbor1	chr14	27176375	27176733	LTR/ERVL-MaLR	1358	-	179	27176554	22620
chr14	27153934	27353934	harbor1	chr14	27239413	27239620	LTR/ERVL-MaLR	798	-	104	27239517	85583
chr14	23829601	24029601	harbor1	chr14	23861539	23861960	LTR/ERVL-MaLR	2645	-	210	23861749	32148
chr14	23829601	24029601	harbor1	chr14	23864129	23864324	LTR/ERVL-MaLR	988	-	98	23864227	34626
chr14	23829601	24029601	harbor1	chr14	23881230	23881706	LTR/ERVL-MaLR	1549	-	238	23881468	51867
chr14	23829601	24029601	harbor1	chr14	23907285	23907586	LTR/ERVL-MaLR	1088	-	150	23907435	77834
chr14	23829601	24029601	harbor1	chr14	23909654	23909964	LTR/ERVL-MaLR	1449	-	155	23909809	80208
chr14	28274284	28474284	harbor1	chr14	28284667	28285065	LTR/ERVL-MaLR	1246	-	199	28284866	10582
chr14	33843256	34043256	harbor1	chr14	33852754	33853020	LTR/ERVL-MaLR	1000	-	133	33852887	9631
chr14	33843256	34043256	harbor1	chr14	33866867	33866957	LTR/ERVL-MaLR	511	-	45	33866912	23656
chr14	33843256	34043256	harbor1	chr14	33866960	33868118	LTR/ERVL-MaLR	9040	-	579	33867539	24283
chr14	33843256	34043256	harbor1	chr14	33874459	33874881	LTR/ERVL-MaLR	3001	-	211	33874670	31414
chr14	33843256	34043256	harbor1	chr14	33874882	33875235	LTR/ERVL-MaLR	2161	-	176	33875058	31802
chr14	62591670	62791670	harbor1	chr14	62612916	62613298	LTR/ERVL-MaLR	2124	-	191	62613107	21437
chr14	62591670	62791670	harbor1	chr14	62624387	62624722	LTR/ERVL-MaLR	1532	-	168	62624555	32885
chr14	62591670	62791670	harbor1	chr14	62656902	62657268	LTR/ERVL-MaLR	647	-	183	62657085	65415
chr14	78292435	78492435	harbor1	chr14	78314292	78314701	LTR/ERVL-MaLR	1335	-	204	78314496	22061
chr14	78292435	78492435	harbor1	chr14	78316654	78316867	LTR/ERVL-MaLR	433	-	106	78316760	24325
chr14	78292435	78492435	harbor1	chr14	78340378	78340878	LTR/ERVL-MaLR	683	-	250	78340628	48193
chr14	78292435	78492435	harbor1	chr14	78353263	78353605	LTR/ERVL-MaLR	2069	-	171	78353434	60999
chr14	78292435	78492435	harbor1	chr14	78357083	78357462	LTR/ERVL-MaLR	2192	-	190	78357273	64838
chr14	78292435	78492435	harbor1	chr14	78365290	78365648	LTR/ERVL-MaLR	859	-	179	78365469	73034
chr14	78292435	78492435	harbor1	chr14	78366526	78366871	LTR/ERVL-MaLR	2140	-	172	78366698	74263
chr14	78292435	78492435	harbor1	chr14	78377529	78377887	LTR/ERVL-MaLR	1460	-	179	78377708	85273
chr14	85195821	85395821	harbor1	chr14	85199909	85200239	LTR/ERVL-MaLR	2146	-	165	85200074	4253
chr14	85195821	85395821	harbor1	chr14	85207056	85207285	LTR/ERVL-MaLR	1423	-	114	85207170	11349
chr14	85195821	85395821	harbor1	chr14	85207593	85207723	LTR/ERVL-MaLR	1423	-	65	85207658	11837
chr14	85195821	85395821	harbor1	chr14	85253523	85253857	LTR/ERVL-MaLR	1665	-	167	85253690	57869
chr14	85195821	85395821	harbor1	chr14	85269518	85269871	LTR/ERVL-MaLR	1979	-	176	85269694	73873
chr14	85195821	85395821	harbor1	chr14	85271154	85271398	LTR/ERVL-MaLR	571	-	122	85271276	75455
chr14	85195821	85395821	harbor1	chr14	85271523	85271880	LTR/ERVL-MaLR	2199	-	178	85271701	75880
chr14	85195821	85395821	harbor1	chr14	85274376	85274652	LTR/ERVL-MaLR	1659	-	138	85274514	78693
chr14	85195821	85395821	harbor1	chr14	85275196	85275380	LTR/ERVL-MaLR	1659	-	92	85275288	79467
chr14	85195821	85395821	harbor1	chr14	85289227	85289545	LTR/ERVL-MaLR	1371	-	159	85289386	93565
chr14	85195821	85395821	harbor1	chr14	85289676	85290244	LTR/ERVL-MaLR	3041	-	284	85289960	94139
chr14	103994577	104194577	harbor1	chr14	104020986	104021350	LTR/ERVL-MaLR	2046	-	182	104021168	26591
chr14	103994577	104194577	harbor1	chr14	104038968	104039337	LTR/ERVL-MaLR	2539	-	184	104039152	44575
chr14	103994577	104194577	harbor1	chr14	104039338	104039402	LTR/ERVL-MaLR	424	-	32	104039370	44793
chr14	103994577	104194577	harbor1	chr14	104050047	104050381	LTR/ERVL-MaLR	1099	-	167	104050214	55637
chr14	103994577	104194577	harbor1	chr14	104065519	104065894	LTR/ERVL-MaLR	2334	-	188	104065707	71130
chr14	103994577	104194577	harbor1	chr14	104065895	104067629	LTR/ERVL-MaLR	8734	-	867	104066762	72185
chr14	103994577	104194577	harbor1	chr14	104067630	104068009	LTR/ERVL-MaLR	2211	-	190	104067820	73243
chr14	103994577	104194577	harbor1	chr14	104079116	104079469	LTR/ERVL-MaLR	1548	-	176	104079292	84715
chr14	103994577	104194577	harbor1	chr14	104090442	104090853	LTR/ERVL-MaLR	810	-	206	104090648	96071
chr14	103994577	104194577	harbor1	chr14	104038355	104038675	LTR/ERVL-MaLR	496	-	160	104038515	43938
chr14	94024715	94224715	harbor1	chr14	94029280	94029712	LTR/ERVL-MaLR	2486	-	216	94029496	4781
chr14	94024715	94224715	harbor1	chr14	94095445	94095860	LTR/ERVL-MaLR	2536	-	208	94095653	70938
chr14	94024715	94224715	harbor1	chr14	94098128	94098579	LTR/ERVL-MaLR	2076	-	226	94098354	73639
chr14	94024715	94224715	harbor1	chr14	94105946	94106304	LTR/ERVL-MaLR	1810	-	179	94106125	81410
chr14	94024715	94224715	harbor1	chr14	94106610	94107004	LTR/ERVL-MaLR	1834	-	197	94106807	82092
chr14	106541148	106741148	harbor1	chr14	106553060	106553436	LTR/ERVL-MaLR	2310	-	188	106553248	12100
chr14	106541148	106741148	harbor1	chr14	106605139	106605452	LTR/ERVL-MaLR	791	-	156	106605295	64147
chr14	106541148	106741148	harbor1	chr14	106615304	106615664	LTR/ERVL-MaLR	2110	-	180	106615484	74336
chr14	106541148	106741148	harbor1	chr14	106615667	106616276	LTR/ERVL-MaLR	3874	-	304	106615971	74823
chr14	106541148	106741148	harbor1	chr14	106626457	106626845	LTR/ERVL-MaLR	902	-	194	106626651	85503
chr14	106541148	106741148	harbor1	chr14	106638328	106638716	LTR/ERVL-MaLR	948	-	194	106638522	97374
chr14	20373544	20573544	harbor1	chr14	20423213	20423628	LTR/ERVL-MaLR	2444	-	208	20423421	49877
chr14	20373544	20573544	harbor1	chr14	20464569	20464779	LTR/ERVL-MaLR	1697	-	105	20464674	91130
chr14	20373544	20573544	harbor1	chr14	20465092	20465246	LTR/ERVL-MaLR	1697	-	77	20465169	91625
chr14	90075941	90275941	harbor1	chr14	90076182	90076376	LTR/ERVL-MaLR	603	-	97	90076279	338
chr14	90075941	90275941	harbor1	chr14	90079033	90079221	LTR/ERVL-MaLR	887	-	94	90079127	3186
chr14	90075941	90275941	harbor1	chr14	90079638	90079752	LTR/ERVL-MaLR	887	-	57	90079695	3754
chr14	90075941	90275941	harbor1	chr14	90096572	90097029	LTR/ERVL-MaLR	1009	-	228	90096800	20859
chr14	90075941	90275941	harbor1	chr14	90097158	90097597	LTR/ERVL-MaLR	2719	-	220	90097378	21437
chr14	90075941	90275941	harbor1	chr14	90120359	90120737	LTR/ERVL-MaLR	2366	-	189	90120548	44607
chr14	90075941	90275941	harbor1	chr14	90120738	90120972	LTR/ERVL-MaLR	1712	-	117	90120855	44914
chr14	90075941	90275941	harbor1	chr14	90123190	90123574	LTR/ERVL-MaLR	2494	-	192	90123382	47441
chr14	90075941	90275941	harbor1	chr14	90149003	90149076	LTR/ERVL-MaLR	2431	-	36	90149039	73098
chr14	90075941	90275941	harbor1	chr14	90149377	90149667	LTR/ERVL-MaLR	2431	-	145	90149522	73581
chr14	90075941	90275941	harbor1	chr14	90158965	90159316	LTR/ERVL-MaLR	1392	-	176	90159141	83200
chr14	90075941	90275941	harbor1	chr14	90164908	90165257	LTR/ERVL-MaLR	2080	-	174	90165082	89141
chr14	90075941	90275941	harbor1	chr14	90173812	90174024	LTR/ERVL-MaLR	2199	-	106	90173918	97977
chr14	90075941	90275941	harbor1	chr14	90174338	90174499	LTR/ERVL-MaLR	2199	-	80	90174418	98477
chr14	90075941	90275941	harbor1	chr14	90175664	90175837	LTR/ERVL-MaLR	559	-	86	90175750	99809
chr14	40228223	40428223	harbor1	chr14	40229621	40229912	LTR/ERVL-MaLR	489	-	146	40229767	1544
chr14	40228223	40428223	harbor1	chr14	40240195	40240557	LTR/ERVL-MaLR	1280	-	181	40240376	12153
chr14	40228223	40428223	harbor1	chr14	40267391	40267545	LTR/ERVL-MaLR	1126	-	77	40267468	39245
chr14	40228223	40428223	harbor1	chr14	40267546	40267908	LTR/ERVL-MaLR	2077	-	181	40267727	39504
chr14	40228223	40428223	harbor1	chr14	40267909	40268276	LTR/ERVL-MaLR	1126	-	184	40268093	39870
chr14	40228223	40428223	harbor1	chr14	40279169	40279342	LTR/ERVL-MaLR	717	-	86	40279255	51032
chr14	40228223	40428223	harbor1	chr14	40286202	40286752	LTR/ERVL-MaLR	977	-	275	40286477	58254
chr14	40228223	40428223	harbor1	chr14	40286782	40287901	LTR/ERVL-MaLR	2323	-	560	40287342	59119
chr14	82776454	82976454	harbor1	chr14	82781828	82782211	LTR/ERVL-MaLR	1536	-	192	82782020	5566
chr14	82776454	82976454	harbor1	chr14	82787011	82787382	LTR/ERVL-MaLR	2488	-	186	82787197	10743
chr14	82776454	82976454	harbor1	chr14	82831409	82831795	LTR/ERVL-MaLR	1979	-	193	82831602	55148
chr14	82776454	82976454	harbor1	chr14	82832106	82832282	LTR/ERVL-MaLR	1979	-	88	82832194	55740
chr14	82776454	82976454	harbor1	chr14	82865503	82865972	LTR/ERVL-MaLR	642	-	234	82865737	89283
chr14	82776454	82976454	harbor1	chr14	82865978	82866338	LTR/ERVL-MaLR	2034	-	180	82866158	89704
chr14	82776454	82976454	harbor1	chr14	82866806	82867712	LTR/ERVL-MaLR	2034	-	453	82867259	90805
chr14	91881643	92081643	harbor1	chr14	91904513	91904845	LTR/ERVL-MaLR	1266	-	166	91904679	23036
chr14	91881643	92081643	harbor1	chr14	91949344	91949547	LTR/ERVL-MaLR	1426	-	102	91949446	67803
chr14	91881643	92081643	harbor1	chr14	91949837	91949974	LTR/ERVL-MaLR	1426	-	68	91949905	68262
chr14	75726123	75926123	harbor1	chr14	75743331	75743575	LTR/ERVL-MaLR	1399	-	122	75743453	17330
chr14	75726123	75926123	harbor1	chr14	75743881	75744049	LTR/ERVL-MaLR	1399	-	84	75743965	17842
chr14	33283992	33483992	harbor1	chr14	33318926	33319387	LTR/ERVL-MaLR	851	-	230	33319156	35164
chr14	33283992	33483992	harbor1	chr14	33336156	33336814	LTR/ERVL-MaLR	2924	-	329	33336485	52493
chr14	106754933	106954933	harbor1	chr14	106784287	106784705	LTR/ERVL-MaLR	1732	-	209	106784496	29563
chr14	106754933	106954933	harbor1	chr14	106784711	106785448	LTR/ERVL-MaLR	2331	-	368	106785079	30146
chr14	106754933	106954933	harbor1	chr14	106786221	106786581	LTR/ERVL-MaLR	1399	-	180	106786401	31468
chr14	106754933	106954933	harbor1	chr14	106804638	106804989	LTR/ERVL-MaLR	1116	-	176	106804814	49881
chr14	89825489	90025489	harbor1	chr14	89839593	89839998	LTR/ERVL-MaLR	2523	-	202	89839795	14306
chr14	89825489	90025489	harbor1	chr14	89873020	89873406	LTR/ERVL-MaLR	2703	-	193	89873213	47724
chr14	89825489	90025489	harbor1	chr14	89873407	89874616	LTR/ERVL-MaLR	9082	-	604	89874011	48522
chr14	89825489	90025489	harbor1	chr14	89874904	89875026	LTR/ERVL-MaLR	9082	-	61	89874965	49476
chr14	89825489	90025489	harbor1	chr14	89875230	89875413	LTR/ERVL-MaLR	1340	-	92	89875322	49833
chr14	89825489	90025489	harbor1	chr14	89888300	89888692	LTR/ERVL-MaLR	2519	-	196	89888496	63007
chr14	89825489	90025489	harbor1	chr14	89904988	89905135	LTR/ERVL-MaLR	515	-	74	89905062	79573
chr14	82787450	82987450	harbor1	chr14	82831409	82831795	LTR/ERVL-MaLR	1979	-	193	82831602	44152
chr14	82787450	82987450	harbor1	chr14	82832106	82832282	LTR/ERVL-MaLR	1979	-	88	82832194	44744
chr14	82787450	82987450	harbor1	chr14	82865503	82865972	LTR/ERVL-MaLR	642	-	234	82865737	78287
chr14	82787450	82987450	harbor1	chr14	82865978	82866338	LTR/ERVL-MaLR	2034	-	180	82866158	78708
chr14	82787450	82987450	harbor1	chr14	82866806	82867712	LTR/ERVL-MaLR	2034	-	453	82867259	79809
chr14	76281875	76481875	harbor1	chr14	76297940	76298191	LTR/ERVL-MaLR	753	-	126	76298066	16191
chr14	76281875	76481875	harbor1	chr14	76343394	76343866	LTR/ERVL-MaLR	1732	-	236	76343630	61755
chr14	76281875	76481875	harbor1	chr14	76345879	76346206	LTR/ERVL-MaLR	920	-	164	76346043	64168
chr14	76281875	76481875	harbor1	chr14	76351207	76351643	LTR/ERVL-MaLR	1785	-	218	76351425	69550
chr14	83489044	83689044	harbor1	chr14	83491088	83491446	LTR/ERVL-MaLR	1459	-	179	83491267	2223
chr14	83489044	83689044	harbor1	chr14	83493633	83493945	LTR/ERVL-MaLR	1426	-	156	83493789	4745
chr14	83489044	83689044	harbor1	chr14	83527517	83527855	LTR/ERVL-MaLR	2442	-	169	83527686	38642
chr14	83489044	83689044	harbor1	chr14	83542861	83543421	LTR/ERVL-MaLR	1510	-	280	83543141	54097
chr14	83489044	83689044	harbor1	chr14	83548597	83549214	LTR/ERVL-MaLR	2027	-	308	83548905	59861
chr14	83489044	83689044	harbor1	chr14	83562622	83562671	LTR/ERVL-MaLR	1891	-	24	83562646	73602
chr14	83489044	83689044	harbor1	chr14	83562979	83563309	LTR/ERVL-MaLR	1891	-	165	83563144	74100
chr14	105609416	105809416	harbor1	chr14	105612345	105612524	LTR/ERVL-MaLR	500	-	90	105612435	3019
chr14	105609416	105809416	harbor1	chr14	105631446	105631886	LTR/ERVL-MaLR	2047	-	220	105631666	22250
chr14	105609416	105809416	harbor1	chr14	105631887	105632039	LTR/ERVL-MaLR	609	-	76	105631963	22547
chr14	105609416	105809416	harbor1	chr14	105651404	105651844	LTR/ERVL-MaLR	2073	-	220	105651624	42208
chr14	105609416	105809416	harbor1	chr14	105651845	105652010	LTR/ERVL-MaLR	663	-	82	105651927	42511
chr14	105609416	105809416	harbor1	chr14	105654460	105654614	LTR/ERVL-MaLR	553	-	77	105654537	45121
chr14	105609416	105809416	harbor1	chr14	105657982	105658164	LTR/ERVL-MaLR	508	-	91	105658073	48657
chr14	21555755	21755755	harbor1	chr14	21628969	21629209	LTR/ERVL-MaLR	1259	-	120	21629089	73334
chr14	21555755	21755755	harbor1	chr14	21629223	21629586	LTR/ERVL-MaLR	1713	-	182	21629405	73650
chr14	21555755	21755755	harbor1	chr14	21645127	21645319	LTR/ERVL-MaLR	745	-	96	21645223	89468
chr14	21555755	21755755	harbor1	chr14	21646256	21646517	LTR/ERVL-MaLR	739	-	130	21646386	90631
chr14	21555755	21755755	harbor1	chr14	21646821	21646836	LTR/ERVL-MaLR	422	-	8	21646829	91074
chr14	21555755	21755755	harbor1	chr14	21647158	21647221	LTR/ERVL-MaLR	422	-	32	21647190	91435
chr14	21555755	21755755	harbor1	chr14	21650417	21650542	LTR/ERVL-MaLR	459	-	62	21650479	94724
chr14	70986147	71186147	harbor1	chr14	71039247	71039679	LTR/ERVL-MaLR	1172	-	216	71039463	53316
chr14	70986147	71186147	harbor1	chr14	71039691	71039880	LTR/ERVL-MaLR	898	-	94	71039785	53638
chr14	70986147	71186147	harbor1	chr14	71068933	71069292	LTR/ERVL-MaLR	1997	-	180	71069113	82966
chr14	92702515	92902515	harbor1	chr14	92756140	92756174	LTR/ERVL-MaLR	960	-	17	92756157	53642
chr14	92702515	92902515	harbor1	chr14	92756484	92756803	LTR/ERVL-MaLR	1536	-	160	92756644	54129
chr14	92702515	92902515	harbor1	chr14	92757101	92757181	LTR/ERVL-MaLR	1536	-	40	92757141	54626
chr14	92702515	92902515	harbor1	chr14	92764169	92764404	LTR/ERVL-MaLR	613	-	118	92764287	61772
chr14	92702515	92902515	harbor1	chr14	92764427	92764556	LTR/ERVL-MaLR	699	-	64	92764491	61976
chr14	92702515	92902515	harbor1	chr14	92773048	92773532	LTR/ERVL-MaLR	2189	-	242	92773290	70775
chr14	92702515	92902515	harbor1	chr14	92792766	92792917	LTR/ERVL-MaLR	534	-	76	92792842	90327
chr14	92702515	92902515	harbor1	chr14	92796294	92796660	LTR/ERVL-MaLR	2013	-	183	92796477	93962
chr14	55779991	55979991	harbor1	chr14	55787035	55787259	LTR/ERVL-MaLR	1071	-	112	55787147	7156
chr14	55779991	55979991	harbor1	chr14	55793876	55794258	LTR/ERVL-MaLR	1905	-	191	55794067	14076
chr14	55779991	55979991	harbor1	chr14	55794796	55794952	LTR/ERVL-MaLR	1905	-	78	55794874	14883
chr14	55779991	55979991	harbor1	chr14	55796523	55796882	LTR/ERVL-MaLR	2621	-	180	55796703	16712
chr14	55779991	55979991	harbor1	chr14	55798873	55799116	LTR/ERVL-MaLR	473	-	122	55798995	19004
chr14	55779991	55979991	harbor1	chr14	55801470	55801828	LTR/ERVL-MaLR	2031	-	179	55801649	21658
chr14	55779991	55979991	harbor1	chr14	55843409	55843800	LTR/ERVL-MaLR	879	-	196	55843605	63614
chr14	55779991	55979991	harbor1	chr14	55857519	55857923	LTR/ERVL-MaLR	1191	-	202	55857721	77730
chr14	64981559	65181559	harbor1	chr14	64981915	64982253	LTR/ERVL-MaLR	1897	-	169	64982084	525
chr14	64981559	65181559	harbor1	chr14	65009166	65009323	LTR/ERVL-MaLR	820	-	78	65009244	27685
chr14	64981559	65181559	harbor1	chr14	65039658	65039774	LTR/ERVL-MaLR	801	-	58	65039716	58157
chr14	64981559	65181559	harbor1	chr14	65056805	65057242	LTR/ERVL-MaLR	2429	-	218	65057023	75464
chr14	64981559	65181559	harbor1	chr14	65064450	65064819	LTR/ERVL-MaLR	614	-	184	65064634	83075
chr14	39690311	39890311	harbor1	chr14	39709829	39710072	LTR/ERVL-MaLR	1241	-	122	39709951	19640
chr14	39690311	39890311	harbor1	chr14	39710900	39711158	LTR/ERVL-MaLR	638	-	129	39711029	20718
chr14	39690311	39890311	harbor1	chr14	39737067	39737567	LTR/ERVL-MaLR	1533	-	250	39737317	47006
chr14	39690311	39890311	harbor1	chr14	39755049	39755446	LTR/ERVL-MaLR	2246	-	198	39755247	64936
chr14	39690311	39890311	harbor1	chr14	39782154	39782632	LTR/ERVL-MaLR	439	-	239	39782393	92082
chr14	55055243	55255243	harbor1	chr14	55128302	55128662	LTR/ERVL-MaLR	2156	-	180	55128482	73239
chr14	61983282	62183282	harbor1	chr14	62002758	62003129	LTR/ERVL-MaLR	2335	-	186	62002944	19662
chr14	61983282	62183282	harbor1	chr14	62004067	62004446	LTR/ERVL-MaLR	1779	-	190	62004257	20975
chr14	61983282	62183282	harbor1	chr14	62011146	62011669	LTR/ERVL-MaLR	875	-	262	62011408	28126
chr14	61983282	62183282	harbor1	chr14	62012057	62012620	LTR/ERVL-MaLR	1674	-	282	62012339	29057
chr14	61983282	62183282	harbor1	chr14	62026273	62026627	LTR/ERVL-MaLR	1640	-	177	62026450	43168
chr14	61983282	62183282	harbor1	chr14	62036504	62036865	LTR/ERVL-MaLR	2583	-	180	62036684	53402
chr14	61983282	62183282	harbor1	chr14	62039798	62039834	LTR/ERVL-MaLR	445	-	18	62039816	56534
chr14	61983282	62183282	harbor1	chr14	62039891	62040359	LTR/ERVL-MaLR	447	-	234	62040125	56843
chr14	81911155	82111155	harbor1	chr14	81919033	81919476	LTR/ERVL-MaLR	1873	-	222	81919255	8100
chr14	81911155	82111155	harbor1	chr14	81931129	81931515	LTR/ERVL-MaLR	1937	-	193	81931322	20167
chr14	81911155	82111155	harbor1	chr14	81947652	81947778	LTR/ERVL-MaLR	438	-	63	81947715	36560
chr14	81911155	82111155	harbor1	chr14	81952157	81952546	LTR/ERVL-MaLR	1847	-	194	81952351	41196
chr14	81911155	82111155	harbor1	chr14	81954351	81954795	LTR/ERVL-MaLR	1651	-	222	81954573	43418
chr14	81911155	82111155	harbor1	chr14	81957761	81958103	LTR/ERVL-MaLR	1673	-	171	81957932	46777
chr14	81911155	82111155	harbor1	chr14	81994283	81994333	LTR/ERVL-MaLR	2060	-	25	81994308	83153
chr14	81911155	82111155	harbor1	chr14	81994589	81994937	LTR/ERVL-MaLR	2060	-	174	81994763	83608
chr14	81911155	82111155	harbor1	chr14	81952547	81954348	LTR/ERVL-MaLR	6280	-	900	81953447	42292
chr14	79910170	80110170	harbor1	chr14	79913001	79913348	LTR/ERVL-MaLR	833	-	174	79913175	3005
chr14	79910170	80110170	harbor1	chr14	79922474	79922846	LTR/ERVL-MaLR	981	-	186	79922660	12490
chr14	79910170	80110170	harbor1	chr14	79923865	79924228	LTR/ERVL-MaLR	1883	-	182	79924047	13877
chr14	79910170	80110170	harbor1	chr14	79924500	79925040	LTR/ERVL-MaLR	1171	-	270	79924770	14600
chr14	79910170	80110170	harbor1	chr14	79927806	79928113	LTR/ERVL-MaLR	898	-	154	79927960	17790
chr14	79910170	80110170	harbor1	chr14	79964450	79964994	LTR/ERVL-MaLR	1194	-	272	79964722	54552
chr14	79910170	80110170	harbor1	chr14	79966242	79966766	LTR/ERVL-MaLR	1365	-	262	79966504	56334
chr14	79910170	80110170	harbor1	chr14	79966769	79967599	LTR/ERVL-MaLR	1477	-	415	79967184	57014
chr14	79910170	80110170	harbor1	chr14	79967893	79968519	LTR/ERVL-MaLR	1730	-	313	79968206	58036
chr14	79910170	80110170	harbor1	chr14	79974346	79974514	LTR/ERVL-MaLR	547	-	84	79974430	64260
chr14	79910170	80110170	harbor1	chr14	79977203	79977625	LTR/ERVL-MaLR	1232	-	211	79977414	67244
chr14	79910170	80110170	harbor1	chr14	79981428	79981806	LTR/ERVL-MaLR	2217	-	189	79981617	71447
chr14	79910170	80110170	harbor1	chr14	79988289	79988688	LTR/ERVL-MaLR	1535	-	200	79988489	78319
chr14	79910170	80110170	harbor1	chr14	79998987	79999032	LTR/ERVL-MaLR	1587	-	22	79999009	88839
chr14	79910170	80110170	harbor1	chr14	79999328	79999656	LTR/ERVL-MaLR	1587	-	164	79999492	89322
chr14	72720854	72920854	harbor1	chr14	72760360	72760578	LTR/ERVL-MaLR	1113	-	109	72760469	39615
chr14	72720854	72920854	harbor1	chr14	72794685	72795157	LTR/ERVL-MaLR	2518	-	236	72794921	74067
chr14	72720854	72920854	harbor1	chr14	72810886	72811299	LTR/ERVL-MaLR	2459	-	206	72811092	90238
chr14	72720854	72920854	harbor1	chr14	72815676	72815906	LTR/ERVL-MaLR	843	-	115	72815791	94937
chr14	20292363	20492363	harbor1	chr14	20345664	20346124	LTR/ERVL-MaLR	2060	-	230	20345894	53531
chr14	79697647	79897647	harbor1	chr14	79701256	79701792	LTR/ERVL-MaLR	1137	-	268	79701524	3877
chr14	79697647	79897647	harbor1	chr14	79703474	79703625	LTR/ERVL-MaLR	903	-	76	79703550	5903
chr14	79697647	79897647	harbor1	chr14	79703623	79703728	LTR/ERVL-MaLR	476	-	52	79703675	6028
chr14	79697647	79897647	harbor1	chr14	79720033	79720388	LTR/ERVL-MaLR	2216	-	178	79720211	22564
chr14	79697647	79897647	harbor1	chr14	79745131	79745468	LTR/ERVL-MaLR	448	-	168	79745299	47652
chr14	79697647	79897647	harbor1	chr14	79745629	79746093	LTR/ERVL-MaLR	1915	-	232	79745861	48214
chr14	79697647	79897647	harbor1	chr14	79758206	79758614	LTR/ERVL-MaLR	2116	-	204	79758410	60763
chr14	79697647	79897647	harbor1	chr14	79763518	79763890	LTR/ERVL-MaLR	1806	-	186	79763704	66057
chr14	79697647	79897647	harbor1	chr14	79787972	79788327	LTR/ERVL-MaLR	2553	-	178	79788150	90503
chr14	79697647	79897647	harbor1	chr14	79790090	79790358	LTR/ERVL-MaLR	1579	-	134	79790224	92577
chr14	79697647	79897647	harbor1	chr14	79790949	79791126	LTR/ERVL-MaLR	1579	-	88	79791037	93390
chr14	37832955	38032955	harbor1	chr14	37867278	37867709	LTR/ERVL-MaLR	851	-	216	37867494	34539
chr14	44080478	44280478	harbor1	chr14	44085396	44085536	LTR/ERVL-MaLR	588	-	70	44085466	4988
chr14	44080478	44280478	harbor1	chr14	44090728	44090903	LTR/ERVL-MaLR	721	-	88	44090816	10338
chr14	44080478	44280478	harbor1	chr14	44099774	44100162	LTR/ERVL-MaLR	1191	-	194	44099968	19490
chr14	44080478	44280478	harbor1	chr14	44101698	44102062	LTR/ERVL-MaLR	2011	-	182	44101880	21402
chr14	44080478	44280478	harbor1	chr14	44102063	44102760	LTR/ERVL-MaLR	5098	-	348	44102411	21933
chr14	44080478	44280478	harbor1	chr14	44117326	44117696	LTR/ERVL-MaLR	2037	-	185	44117511	37033
chr14	44080478	44280478	harbor1	chr14	44124766	44125137	LTR/ERVL-MaLR	1326	-	186	44124952	44474
chr14	44080478	44280478	harbor1	chr14	44132461	44132918	LTR/ERVL-MaLR	1276	-	228	44132689	52211
chr14	44080478	44280478	harbor1	chr14	44175283	44175648	LTR/ERVL-MaLR	2431	-	182	44175465	94987
chr14	101701807	101901807	harbor1	chr14	101714377	101714727	LTR/ERVL-MaLR	1631	-	175	101714552	12745
chr14	101701807	101901807	harbor1	chr14	101716093	101716174	LTR/ERVL-MaLR	531	-	40	101716133	14326
chr14	101701807	101901807	harbor1	chr14	101717771	101718124	LTR/ERVL-MaLR	1563	-	176	101717947	16140
chr14	101701807	101901807	harbor1	chr14	101733150	101733666	LTR/ERVL-MaLR	1195	-	258	101733408	31601
chr14	101701807	101901807	harbor1	chr14	101740076	101740441	LTR/ERVL-MaLR	2093	-	182	101740258	38451
chr14	101701807	101901807	harbor1	chr14	101740442	101742035	LTR/ERVL-MaLR	11693	-	796	101741238	39431
chr14	101701807	101901807	harbor1	chr14	101742348	101742391	LTR/ERVL-MaLR	11693	-	22	101742370	40563
chr14	101701807	101901807	harbor1	chr14	101742393	101742768	LTR/ERVL-MaLR	2162	-	188	101742581	40774
chr14	101701807	101901807	harbor1	chr14	101757919	101758333	LTR/ERVL-MaLR	2600	-	207	101758126	56319
chr14	101701807	101901807	harbor1	chr14	101784326	101784697	LTR/ERVL-MaLR	2161	-	186	101784512	82705
chr14	101701807	101901807	harbor1	chr14	101785260	101785756	LTR/ERVL-MaLR	2050	-	248	101785508	83701
chr14	40659762	40859762	harbor1	chr14	40703454	40703528	LTR/ERVL-MaLR	436	-	37	40703491	43729
chr14	40659762	40859762	harbor1	chr14	40703524	40704005	LTR/ERVL-MaLR	2564	-	240	40703764	44002
chr14	40659762	40859762	harbor1	chr14	40704019	40704424	LTR/ERVL-MaLR	1866	-	202	40704221	44459
chr14	40659762	40859762	harbor1	chr14	40705248	40705618	LTR/ERVL-MaLR	1990	-	185	40705433	45671
chr14	40659762	40859762	harbor1	chr14	40705619	40706622	LTR/ERVL-MaLR	6326	-	502	40706121	46359
chr14	40659762	40859762	harbor1	chr14	40722115	40722253	LTR/ERVL-MaLR	870	-	69	40722184	62422
chr14	40659762	40859762	harbor1	chr14	40722802	40722826	LTR/ERVL-MaLR	874	-	12	40722814	63052
chr14	40659762	40859762	harbor1	chr14	40725295	40725407	LTR/ERVL-MaLR	919	-	56	40725351	65589
chr14	40659762	40859762	harbor1	chr14	40725704	40725860	LTR/ERVL-MaLR	919	-	78	40725782	66020
chr14	40659762	40859762	harbor1	chr14	40739103	40739467	LTR/ERVL-MaLR	1768	-	182	40739285	79523
chr14	40659762	40859762	harbor1	chr14	40745445	40745854	LTR/ERVL-MaLR	2423	-	204	40745649	85887
chr14	40659762	40859762	harbor1	chr14	40757203	40757278	LTR/ERVL-MaLR	487	-	38	40757241	97479
chr14	40659762	40859762	harbor1	chr14	40757870	40758080	LTR/ERVL-MaLR	487	-	105	40757975	98213
chr14	46754588	46954588	harbor1	chr14	46757411	46757744	LTR/ERVL-MaLR	1348	-	166	46757577	2989
chr14	46754588	46954588	harbor1	chr14	46760163	46760518	LTR/ERVL-MaLR	2103	-	178	46760341	5753
chr14	46754588	46954588	harbor1	chr14	46760520	46762069	LTR/ERVL-MaLR	10910	-	774	46761294	6706
chr14	46754588	46954588	harbor1	chr14	46762070	46762423	LTR/ERVL-MaLR	2053	-	176	46762246	7658
chr14	46754588	46954588	harbor1	chr14	46798797	46799134	LTR/ERVL-MaLR	467	-	168	46798965	44377
chr14	46754588	46954588	harbor1	chr14	46801933	46802287	LTR/ERVL-MaLR	2102	-	177	46802110	47522
chr14	59281012	59481012	harbor1	chr14	59288655	59288832	LTR/ERVL-MaLR	1477	-	88	59288743	7731
chr14	59281012	59481012	harbor1	chr14	59288862	59288905	LTR/ERVL-MaLR	1477	-	22	59288884	7872
chr14	59281012	59481012	harbor1	chr14	59289215	59289390	LTR/ERVL-MaLR	1477	-	88	59289303	8291
chr14	59281012	59481012	harbor1	chr14	59291542	59291966	LTR/ERVL-MaLR	487	-	212	59291754	10742
chr14	85970307	86170307	harbor1	chr14	85976020	85976245	LTR/ERVL-MaLR	589	-	112	85976132	5825
chr14	85970307	86170307	harbor1	chr14	85979217	85979574	LTR/ERVL-MaLR	2369	-	178	85979395	9088
chr14	85970307	86170307	harbor1	chr14	85980636	85980974	LTR/ERVL-MaLR	1823	-	169	85980805	10498
chr14	85970307	86170307	harbor1	chr14	85991044	85991529	LTR/ERVL-MaLR	1744	-	242	85991286	20979
chr14	85970307	86170307	harbor1	chr14	86032563	86032980	LTR/ERVL-MaLR	2441	-	208	86032771	62464
chr14	85970307	86170307	harbor1	chr14	86052884	86053244	LTR/ERVL-MaLR	1851	-	180	86053064	82757
chr14	85970307	86170307	harbor1	chr14	86059817	86060419	LTR/ERVL-MaLR	2036	-	301	86060118	89811
chr14	85970307	86170307	harbor1	chr14	86068583	86068947	LTR/ERVL-MaLR	1901	-	182	86068765	98458
chr14	104285791	104485791	harbor1	chr14	104286110	104286459	LTR/ERVL-MaLR	1179	-	174	104286284	493
chr14	104285791	104485791	harbor1	chr14	104303447	104303574	LTR/ERVL-MaLR	508	-	64	104303511	17720
chr14	104285791	104485791	harbor1	chr14	104327565	104327960	LTR/ERVL-MaLR	1620	-	198	104327763	41972
chr14	104285791	104485791	harbor1	chr14	104336109	104336302	LTR/ERVL-MaLR	413	-	96	104336205	50414
chr14	104285791	104485791	harbor1	chr14	104336323	104336485	LTR/ERVL-MaLR	622	-	81	104336404	50613
chr14	104285791	104485791	harbor1	chr14	104341595	104341920	LTR/ERVL-MaLR	1479	-	162	104341757	55966
chr14	104285791	104485791	harbor1	chr14	104348787	104349223	LTR/ERVL-MaLR	560	-	218	104349005	63214
chr14	104285791	104485791	harbor1	chr14	104349885	104351100	LTR/ERVL-MaLR	1000	-	608	104350493	64702
chr14	104285791	104485791	harbor1	chr14	104352598	104353071	LTR/ERVL-MaLR	620	-	236	104352834	67043
chr14	104285791	104485791	harbor1	chr14	104369151	104369283	LTR/ERVL-MaLR	580	-	66	104369217	83426
chr14	104285791	104485791	harbor1	chr14	104371960	104372416	LTR/ERVL-MaLR	724	-	228	104372188	86397
chr14	104285791	104485791	harbor1	chr14	104373872	104374324	LTR/ERVL-MaLR	996	-	226	104374098	88307
chr14	104285791	104485791	harbor1	chr14	104380075	104380438	LTR/ERVL-MaLR	1497	-	182	104380257	94466
chr14	104285791	104485791	harbor1	chr14	104349300	104349812	LTR/ERVL-MaLR	960	-	256	104349556	63765
chr15	28613423	28813423	harbor1	chr15	28651682	28652093	LTR/ERVL-MaLR	1485	-	206	28651888	38465
chr15	28613423	28813423	harbor1	chr15	28652095	28652483	LTR/ERVL-MaLR	855	-	194	28652289	38866
chr15	28613423	28813423	harbor1	chr15	28669237	28669394	LTR/ERVL-MaLR	815	-	78	28669315	55892
chr15	28613423	28813423	harbor1	chr15	28669701	28669785	LTR/ERVL-MaLR	815	-	42	28669743	56320
chr15	28613423	28813423	harbor1	chr15	28670088	28670260	LTR/ERVL-MaLR	815	-	86	28670174	56751
chr15	76168578	76368578	harbor1	chr15	76173557	76173650	LTR/ERVL-MaLR	796	-	46	76173603	5025
chr15	76168578	76368578	harbor1	chr15	76173959	76174167	LTR/ERVL-MaLR	796	-	104	76174063	5485
chr15	76168578	76368578	harbor1	chr15	76175170	76175362	LTR/ERVL-MaLR	607	-	96	76175266	6688
chr15	76168578	76368578	harbor1	chr15	76182923	76183103	LTR/ERVL-MaLR	958	-	90	76183013	14435
chr15	76168578	76368578	harbor1	chr15	76183416	76183623	LTR/ERVL-MaLR	958	-	104	76183520	14942
chr15	76168578	76368578	harbor1	chr15	76188154	76188365	LTR/ERVL-MaLR	2774	-	106	76188260	19682
chr15	76168578	76368578	harbor1	chr15	76188625	76188792	LTR/ERVL-MaLR	2774	-	84	76188709	20131
chr15	76168578	76368578	harbor1	chr15	76194496	76194928	LTR/ERVL-MaLR	2288	-	216	76194712	26134
chr15	76168578	76368578	harbor1	chr15	76203257	76203534	LTR/ERVL-MaLR	804	-	138	76203395	34817
chr15	76168578	76368578	harbor1	chr15	76168922	76169292	LTR/ERVL-MaLR	902	-	185	76169107	529
chr15	58634147	58834147	harbor1	chr15	58655196	58655605	LTR/ERVL-MaLR	2349	-	204	58655400	21253
chr15	44177255	44377255	harbor1	chr15	44213902	44214319	LTR/ERVL-MaLR	872	-	208	44214110	36855
chr15	44177255	44377255	harbor1	chr15	44216953	44217276	LTR/ERVL-MaLR	1139	-	162	44217115	39860
chr15	44177255	44377255	harbor1	chr15	44237807	44238159	LTR/ERVL-MaLR	2166	-	176	44237983	60728
chr15	92553602	92753602	harbor1	chr15	92564739	92565154	LTR/ERVL-MaLR	2362	-	208	92564947	11345
chr15	92553602	92753602	harbor1	chr15	92565168	92565791	LTR/ERVL-MaLR	3520	-	312	92565480	11878
chr15	92553602	92753602	harbor1	chr15	92565800	92566455	LTR/ERVL-MaLR	3180	-	328	92566128	12526
chr15	92553602	92753602	harbor1	chr15	92567630	92567771	LTR/ERVL-MaLR	853	-	70	92567700	14098
chr15	92553602	92753602	harbor1	chr15	92567772	92568188	LTR/ERVL-MaLR	2036	-	208	92567980	14378
chr15	62775878	62975878	harbor1	chr15	62829213	62829573	LTR/ERVL-MaLR	2690	-	180	62829393	53515
chr15	62775878	62975878	harbor1	chr15	62839035	62839425	LTR/ERVL-MaLR	632	-	195	62839230	63352
chr15	101167986	101367986	harbor1	chr15	101265290	101265571	LTR/ERVL-MaLR	1330	-	140	101265430	97444
chr15	101167986	101367986	harbor1	chr15	101265856	101265878	LTR/ERVL-MaLR	1330	-	11	101265867	97881
chr15	101167986	101367986	harbor1	chr15	101266266	101266417	LTR/ERVL-MaLR	1330	-	76	101266342	98356
chr15	28494160	28694160	harbor1	chr15	28497239	28497645	LTR/ERVL-MaLR	2205	-	203	28497442	3282
chr15	28494160	28694160	harbor1	chr15	28537648	28538037	LTR/ERVL-MaLR	1882	-	194	28537842	43682
chr15	72619893	72819893	harbor1	chr15	72633219	72633576	LTR/ERVL-MaLR	2254	-	178	72633397	13504
chr15	72619893	72819893	harbor1	chr15	72643830	72644034	LTR/ERVL-MaLR	869	-	102	72643932	24039
chr15	72619893	72819893	harbor1	chr15	72644154	72644302	LTR/ERVL-MaLR	943	-	74	72644228	24335
chr15	72619893	72819893	harbor1	chr15	72717459	72717759	LTR/ERVL-MaLR	512	-	150	72717609	97716
chr15	86967639	87167639	harbor1	chr15	86968697	86969049	LTR/ERVL-MaLR	1568	-	176	86968873	1234
chr15	86967639	87167639	harbor1	chr15	86969051	86969285	LTR/ERVL-MaLR	1303	-	117	86969168	1529
chr15	86967639	87167639	harbor1	chr15	86975155	86975524	LTR/ERVL-MaLR	2500	-	184	86975339	7700
chr15	86967639	87167639	harbor1	chr15	86991951	86992362	LTR/ERVL-MaLR	2362	-	206	86992157	24518
chr15	86967639	87167639	harbor1	chr15	87059021	87059375	LTR/ERVL-MaLR	2248	-	177	87059198	91559
chr15	86967639	87167639	harbor1	chr15	87059378	87059656	LTR/ERVL-MaLR	1782	-	139	87059517	91878
chr15	85580394	85780394	harbor1	chr15	85652583	85653022	LTR/ERVL-MaLR	1577	-	220	85652803	72409
chr15	36549110	36749110	harbor1	chr15	36625799	36625868	LTR/ERVL-MaLR	500	-	34	36625833	76723
chr15	36549110	36749110	harbor1	chr15	36630613	36631044	LTR/ERVL-MaLR	2172	-	216	36630829	81719
chr15	36549110	36749110	harbor1	chr15	36641238	36641420	LTR/ERVL-MaLR	575	-	91	36641329	92219
chr15	27528623	27728623	harbor1	chr15	27597429	27597784	LTR/ERVL-MaLR	1875	-	178	27597607	68984
chr15	84076671	84276671	harbor1	chr15	84092672	84093015	LTR/ERVL-MaLR	632	-	172	84092844	16173
chr15	84076671	84276671	harbor1	chr15	84123062	84123645	LTR/ERVL-MaLR	1470	-	292	84123354	46683
chr15	84076671	84276671	harbor1	chr15	84129877	84130014	LTR/ERVL-MaLR	1105	-	68	84129945	53274
chr15	84076671	84276671	harbor1	chr15	84130310	84130694	LTR/ERVL-MaLR	1105	-	192	84130502	53831
chr15	26562414	26762414	harbor1	chr15	26596787	26597220	LTR/ERVL-MaLR	2299	-	216	26597003	34589
chr15	26562414	26762414	harbor1	chr15	26605801	26606180	LTR/ERVL-MaLR	2088	-	190	26605991	43577
chr15	63141428	63341428	harbor1	chr15	63142536	63142973	LTR/ERVL-MaLR	1559	-	218	63142754	1326
chr15	63141428	63341428	harbor1	chr15	63142974	63143420	LTR/ERVL-MaLR	1925	-	223	63143197	1769
chr15	63141428	63341428	harbor1	chr15	63144771	63145064	LTR/ERVL-MaLR	1287	-	146	63144917	3489
chr15	63141428	63341428	harbor1	chr15	63145376	63145882	LTR/ERVL-MaLR	2163	-	253	63145629	4201
chr15	63141428	63341428	harbor1	chr15	63170124	63170504	LTR/ERVL-MaLR	951	-	190	63170314	28886
chr15	63141428	63341428	harbor1	chr15	63171873	63172042	LTR/ERVL-MaLR	2140	-	84	63171957	30529
chr15	63141428	63341428	harbor1	chr15	63172347	63172566	LTR/ERVL-MaLR	2140	-	110	63172457	31029
chr15	63141428	63341428	harbor1	chr15	63143901	63144564	LTR/ERVL-MaLR	1510	-	332	63144233	2805
chr15	30893670	31093670	harbor1	chr15	30930752	30931013	LTR/ERVL-MaLR	760	-	130	30930882	37212
chr15	30893670	31093670	harbor1	chr15	30993046	30993449	LTR/ERVL-MaLR	1231	-	202	30993248	99578
chr15	72486905	72686905	harbor1	chr15	72527182	72527359	LTR/ERVL-MaLR	488	-	88	72527270	40365
chr15	72486905	72686905	harbor1	chr15	72564049	72564633	LTR/ERVL-MaLR	2903	-	292	72564341	77436
chr15	72486905	72686905	harbor1	chr15	72564634	72564965	LTR/ERVL-MaLR	1711	-	166	72564800	77895
chr15	79143436	79343436	harbor1	chr15	79143235	79143590	LTR/ERVL-MaLR	2457	-	178	79143413	23
chr15	79143436	79343436	harbor1	chr15	79143592	79145153	LTR/ERVL-MaLR	11142	-	780	79144372	936
chr15	79143436	79343436	harbor1	chr15	79145154	79145534	LTR/ERVL-MaLR	2286	-	190	79145344	1908
chr15	79143436	79343436	harbor1	chr15	79148323	79148614	LTR/ERVL-MaLR	1448	-	146	79148469	5033
chr15	79143436	79343436	harbor1	chr15	79148632	79149004	LTR/ERVL-MaLR	2149	-	186	79148818	5382
chr15	79143436	79343436	harbor1	chr15	79149005	79150576	LTR/ERVL-MaLR	10514	-	786	79149791	6355
chr15	79143436	79343436	harbor1	chr15	79150577	79150791	LTR/ERVL-MaLR	1222	-	107	79150684	7248
chr15	79143436	79343436	harbor1	chr15	79153786	79154143	LTR/ERVL-MaLR	1824	-	178	79153964	10528
chr15	79143436	79343436	harbor1	chr15	79165556	79165851	LTR/ERVL-MaLR	1207	-	148	79165704	22268
chr15	79143436	79343436	harbor1	chr15	79168487	79168644	LTR/ERVL-MaLR	687	-	78	79168565	25129
chr15	79143436	79343436	harbor1	chr15	79193110	79193421	LTR/ERVL-MaLR	518	-	156	79193266	49830
chr15	79143436	79343436	harbor1	chr15	79196681	79197155	LTR/ERVL-MaLR	1983	-	237	79196918	53482
chr15	79143436	79343436	harbor1	chr15	79198395	79198913	LTR/ERVL-MaLR	1326	-	259	79198654	55218
chr15	79143436	79343436	harbor1	chr15	79201498	79201850	LTR/ERVL-MaLR	1876	-	176	79201674	58238
chr15	79143436	79343436	harbor1	chr15	79217320	79217850	LTR/ERVL-MaLR	1959	-	265	79217585	74149
chr15	79143436	79343436	harbor1	chr15	79230748	79231179	LTR/ERVL-MaLR	2673	-	216	79230964	87528
chr15	79143436	79343436	harbor1	chr15	79167134	79167527	LTR/ERVL-MaLR	1854	-	196	79167330	23894
chr15	40765275	40965275	harbor1	chr15	40835983	40836492	LTR/ERVL-MaLR	2033	-	254	40836237	70962
chr15	40765275	40965275	harbor1	chr15	40838377	40838886	LTR/ERVL-MaLR	770	-	254	40838631	73356
chr15	40765275	40965275	harbor1	chr15	40851677	40851738	LTR/ERVL-MaLR	1551	-	30	40851707	86432
chr15	40765275	40965275	harbor1	chr15	40852049	40852436	LTR/ERVL-MaLR	1551	-	194	40852243	86968
chr15	65234502	65434502	harbor1	chr15	65234511	65234847	LTR/ERVL-MaLR	736	-	168	65234679	177
chr15	65234502	65434502	harbor1	chr15	65235350	65235519	LTR/ERVL-MaLR	739	-	84	65235434	932
chr15	65234502	65434502	harbor1	chr15	65244288	65244648	LTR/ERVL-MaLR	2949	-	180	65244468	9966
chr15	65234502	65434502	harbor1	chr15	65251385	65251560	LTR/ERVL-MaLR	478	-	88	65251473	16971
chr15	65234502	65434502	harbor1	chr15	65252064	65252287	LTR/ERVL-MaLR	446	-	112	65252176	17674
chr15	61813587	62013587	harbor1	chr15	61824729	61825099	LTR/ERVL-MaLR	2383	-	185	61824914	11327
chr15	90922971	91122971	harbor1	chr15	90952191	90952424	LTR/ERVL-MaLR	2338	-	116	90952307	29336
chr15	90922971	91122971	harbor1	chr15	90952725	90952900	LTR/ERVL-MaLR	2338	-	88	90952813	29842
chr15	62403359	62603359	harbor1	chr15	62406108	62406313	LTR/ERVL-MaLR	937	-	102	62406210	2851
chr15	62403359	62603359	harbor1	chr15	62406767	62406993	LTR/ERVL-MaLR	963	-	113	62406880	3521
chr15	62403359	62603359	harbor1	chr15	62432247	62432538	LTR/ERVL-MaLR	967	-	146	62432393	29034
chr15	62403359	62603359	harbor1	chr15	62442734	62443211	LTR/ERVL-MaLR	2417	-	238	62442972	39613
chr15	62403359	62603359	harbor1	chr15	62457077	62457454	LTR/ERVL-MaLR	1334	-	188	62457265	53906
chr15	62403359	62603359	harbor1	chr15	62484853	62485293	LTR/ERVL-MaLR	1825	-	220	62485073	81714
chr15	26632141	26832141	harbor1	chr15	26702807	26703134	LTR/ERVL-MaLR	1265	-	164	26702971	70830
chr15	26632141	26832141	harbor1	chr15	26703135	26703455	LTR/ERVL-MaLR	1098	-	160	26703295	71154
chr15	26632141	26832141	harbor1	chr15	26703464	26705050	LTR/ERVL-MaLR	6169	-	793	26704257	72116
chr15	26632141	26832141	harbor1	chr15	26705071	26705397	LTR/ERVL-MaLR	1306	-	163	26705234	73093
chr15	55071191	55271191	harbor1	chr15	55095747	55096099	LTR/ERVL-MaLR	2156	-	176	55095923	24732
chr15	55071191	55271191	harbor1	chr15	55105685	55106020	LTR/ERVL-MaLR	2383	-	168	55105853	34662
chr15	55071191	55271191	harbor1	chr15	55166024	55166373	LTR/ERVL-MaLR	2305	-	174	55166198	95007
chr15	97143696	97343696	harbor1	chr15	97145599	97145935	LTR/ERVL-MaLR	688	-	168	97145767	2071
chr15	97143696	97343696	harbor1	chr15	97172857	97173029	LTR/ERVL-MaLR	749	-	86	97172943	29247
chr15	97143696	97343696	harbor1	chr15	97228163	97228527	LTR/ERVL-MaLR	843	-	182	97228345	84649
chr15	97143696	97343696	harbor1	chr15	97228785	97228952	LTR/ERVL-MaLR	451	-	84	97228869	85173
chr15	91811351	92011351	harbor1	chr15	91814013	91814343	LTR/ERVL-MaLR	792	-	165	91814178	2827
chr15	91811351	92011351	harbor1	chr15	91847065	91847445	LTR/ERVL-MaLR	1967	-	190	91847255	35904
chr15	91811351	92011351	harbor1	chr15	91865431	91865864	LTR/ERVL-MaLR	1570	-	216	91865647	54296
chr15	91811351	92011351	harbor1	chr15	91893308	91893671	LTR/ERVL-MaLR	2245	-	182	91893490	82139
chr15	28071869	28271869	harbor1	chr15	28084485	28085066	LTR/ERVL-MaLR	821	-	290	28084775	12906
chr15	28071869	28271869	harbor1	chr15	28102373	28102586	LTR/ERVL-MaLR	538	-	106	28102479	30610
chr15	28071869	28271869	harbor1	chr15	28128663	28129125	LTR/ERVL-MaLR	889	-	231	28128894	57025
chr15	38985749	39185749	harbor1	chr15	38998381	38998525	LTR/ERVL-MaLR	480	-	72	38998453	12704
chr15	38985749	39185749	harbor1	chr15	39058578	39058765	LTR/ERVL-MaLR	503	-	94	39058672	72923
chr15	38985749	39185749	harbor1	chr15	39058905	39059065	LTR/ERVL-MaLR	1220	-	80	39058985	73236
chr15	38985749	39185749	harbor1	chr15	39077755	39078112	LTR/ERVL-MaLR	1798	-	178	39077933	92184
chr15	38985749	39185749	harbor1	chr15	39059092	39059629	LTR/ERVL-MaLR	1220	-	268	39059360	73611
chr15	47728354	47928354	harbor1	chr15	47728576	47729053	LTR/ERVL-MaLR	2195	-	238	47728814	460
chr15	47728354	47928354	harbor1	chr15	47732148	47732538	LTR/ERVL-MaLR	1002	-	195	47732343	3989
chr15	47728354	47928354	harbor1	chr15	47738722	47739196	LTR/ERVL-MaLR	1374	-	237	47738959	10605
chr15	47728354	47928354	harbor1	chr15	47783396	47783429	LTR/ERVL-MaLR	838	-	16	47783412	55058
chr15	47728354	47928354	harbor1	chr15	47783430	47783791	LTR/ERVL-MaLR	1818	-	180	47783610	55256
chr15	47728354	47928354	harbor1	chr15	47784102	47784352	LTR/ERVL-MaLR	1818	-	125	47784227	55873
chr15	47728354	47928354	harbor1	chr15	47784353	47784832	LTR/ERVL-MaLR	838	-	240	47784593	56239
chr15	47728354	47928354	harbor1	chr15	47795378	47795827	LTR/ERVL-MaLR	813	-	224	47795602	67248
chr15	47728354	47928354	harbor1	chr15	47809052	47809347	LTR/ERVL-MaLR	498	-	148	47809200	80846
chr15	47728354	47928354	harbor1	chr15	47810342	47810815	LTR/ERVL-MaLR	1479	-	236	47810578	82224
chr15	47728354	47928354	harbor1	chr15	47816618	47817004	LTR/ERVL-MaLR	997	-	193	47816811	88457
chr15	34596325	34796325	harbor1	chr15	34596005	34596453	LTR/ERVL-MaLR	1169	-	224	34596229	96
chr15	34596325	34796325	harbor1	chr15	34669076	34669198	LTR/ERVL-MaLR	444	-	61	34669137	72812
chr15	39785612	39985612	harbor1	chr15	39832352	39832552	LTR/ERVL-MaLR	1790	-	100	39832452	46840
chr15	39785612	39985612	harbor1	chr15	39832792	39833089	LTR/ERVL-MaLR	1790	-	148	39832940	47328
chr15	39785612	39985612	harbor1	chr15	39835423	39835810	LTR/ERVL-MaLR	540	-	194	39835617	50005
chr15	39785612	39985612	harbor1	chr15	39842096	39842486	LTR/ERVL-MaLR	2071	-	195	39842291	56679
chr15	39785612	39985612	harbor1	chr15	39847800	39848192	LTR/ERVL-MaLR	2318	-	196	39847996	62384
chr15	39785612	39985612	harbor1	chr15	39856347	39856818	LTR/ERVL-MaLR	1489	-	236	39856583	70971
chr15	39785612	39985612	harbor1	chr15	39869904	39870356	LTR/ERVL-MaLR	1959	-	226	39870130	84518
chr15	39785612	39985612	harbor1	chr15	39872546	39872911	LTR/ERVL-MaLR	1718	-	182	39872728	87116
chr15	23868324	24068324	harbor1	chr15	23879412	23879724	LTR/ERVL-MaLR	614	-	156	23879568	11244
chr15	23868324	24068324	harbor1	chr15	23887959	23888348	LTR/ERVL-MaLR	1490	-	194	23888153	19829
chr15	23868324	24068324	harbor1	chr15	23903515	23903929	LTR/ERVL-MaLR	2020	-	207	23903722	35398
chr15	23868324	24068324	harbor1	chr15	23951036	23951346	LTR/ERVL-MaLR	762	-	155	23951191	82867
chr15	46132878	46332878	harbor1	chr15	46136859	46137226	LTR/ERVL-MaLR	2429	-	184	46137043	4165
chr15	46132878	46332878	harbor1	chr15	46181242	46181659	LTR/ERVL-MaLR	1797	-	208	46181450	48572
chr15	46132878	46332878	harbor1	chr15	46216053	46216286	LTR/ERVL-MaLR	1769	-	116	46216169	83291
chr15	46132878	46332878	harbor1	chr15	46217899	46218277	LTR/ERVL-MaLR	1464	-	189	46218088	85210
chr15	46132878	46332878	harbor1	chr15	46230479	46230985	LTR/ERVL-MaLR	1405	-	253	46230732	97854
chr15	80771436	80971436	harbor1	chr15	80801159	80801704	LTR/ERVL-MaLR	1308	-	272	80801431	29995
chr15	80771436	80971436	harbor1	chr15	80802920	80803057	LTR/ERVL-MaLR	746	-	68	80802988	31552
chr15	80771436	80971436	harbor1	chr15	80803875	80804236	LTR/ERVL-MaLR	2647	-	180	80804055	32619
chr15	80771436	80971436	harbor1	chr15	80809512	80810134	LTR/ERVL-MaLR	2243	-	311	80809823	38387
chr15	80771436	80971436	harbor1	chr15	80818066	80818462	LTR/ERVL-MaLR	1281	-	198	80818264	46828
chr15	80771436	80971436	harbor1	chr15	80832819	80833195	LTR/ERVL-MaLR	925	-	188	80833007	61571
chr15	80771436	80971436	harbor1	chr15	80858781	80859268	LTR/ERVL-MaLR	1743	-	244	80859025	87589
chr15	80771436	80971436	harbor1	chr15	80868929	80869334	LTR/ERVL-MaLR	2603	-	202	80869131	97695
chr15	71703398	71903398	harbor1	chr15	71715937	71716387	LTR/ERVL-MaLR	2388	-	225	71716162	12764
chr15	71703398	71903398	harbor1	chr15	71731799	71732256	LTR/ERVL-MaLR	2481	-	228	71732027	28629
chr15	71703398	71903398	harbor1	chr15	71788488	71788869	LTR/ERVL-MaLR	472	-	190	71788678	85280
chr15	31808954	32008954	harbor1	chr15	31814025	31814408	LTR/ERVL-MaLR	455	-	192	31814217	5263
chr15	31808954	32008954	harbor1	chr15	31825197	31825570	LTR/ERVL-MaLR	2134	-	186	31825383	16429
chr15	31808954	32008954	harbor1	chr15	31825571	31827142	LTR/ERVL-MaLR	11789	-	786	31826357	17403
chr15	31808954	32008954	harbor1	chr15	31827143	31827517	LTR/ERVL-MaLR	1997	-	187	31827330	18376
chr15	31808954	32008954	harbor1	chr15	31847683	31848069	LTR/ERVL-MaLR	1877	-	193	31847876	38922
chr15	31808954	32008954	harbor1	chr15	31854000	31854445	LTR/ERVL-MaLR	2060	-	222	31854222	45268
chr15	31808954	32008954	harbor1	chr15	31854448	31854801	LTR/ERVL-MaLR	713	-	176	31854624	45670
chr15	31808954	32008954	harbor1	chr15	31862397	31862751	LTR/ERVL-MaLR	2801	-	177	31862574	53620
chr15	31808954	32008954	harbor1	chr15	31862752	31864328	LTR/ERVL-MaLR	11974	-	788	31863540	54586
chr15	31808954	32008954	harbor1	chr15	31864329	31864682	LTR/ERVL-MaLR	2674	-	176	31864505	55551
chr15	31808954	32008954	harbor1	chr15	31879864	31880063	LTR/ERVL-MaLR	1442	-	100	31879964	71010
chr15	31808954	32008954	harbor1	chr15	31880512	31880746	LTR/ERVL-MaLR	1442	-	117	31880629	71675
chr15	31808954	32008954	harbor1	chr15	31882165	31882446	LTR/ERVL-MaLR	530	-	140	31882305	73351
chr15	31808954	32008954	harbor1	chr15	31892113	31892497	LTR/ERVL-MaLR	1319	-	192	31892305	83351
chr15	31808954	32008954	harbor1	chr15	31895865	31896368	LTR/ERVL-MaLR	1572	-	252	31896117	87163
chr15	31808954	32008954	harbor1	chr15	31907179	31907540	LTR/ERVL-MaLR	1249	-	180	31907359	98405
chr15	76073857	76273857	harbor1	chr15	76078749	76078985	LTR/ERVL-MaLR	794	-	118	76078867	5010
chr15	76073857	76273857	harbor1	chr15	76079397	76079507	LTR/ERVL-MaLR	570	-	55	76079452	5595
chr15	76073857	76273857	harbor1	chr15	76082237	76082475	LTR/ERVL-MaLR	710	-	119	76082356	8499
chr15	76073857	76273857	harbor1	chr15	76082584	76082686	LTR/ERVL-MaLR	1451	-	51	76082635	8778
chr15	76073857	76273857	harbor1	chr15	76082998	76083174	LTR/ERVL-MaLR	1451	-	88	76083086	9229
chr15	76073857	76273857	harbor1	chr15	76099745	76100110	LTR/ERVL-MaLR	1784	-	182	76099927	26070
chr15	76073857	76273857	harbor1	chr15	76122014	76122141	LTR/ERVL-MaLR	479	-	64	76122078	48221
chr15	76073857	76273857	harbor1	chr15	76134797	76135254	LTR/ERVL-MaLR	671	-	228	76135025	61168
chr15	76073857	76273857	harbor1	chr15	76173557	76173650	LTR/ERVL-MaLR	796	-	46	76173603	99746
chr15	76073857	76273857	harbor1	chr15	76168922	76169292	LTR/ERVL-MaLR	902	-	185	76169107	95250
chr15	20770586	20970586	harbor1	chr15	20786704	20786845	LTR/ERVL-MaLR	490	-	70	20786774	16188
chr15	20770586	20970586	harbor1	chr15	20793391	20793781	LTR/ERVL-MaLR	1769	-	195	20793586	23000
chr15	20770586	20970586	harbor1	chr15	20795385	20795549	LTR/ERVL-MaLR	473	-	82	20795467	24881
chr15	20770586	20970586	harbor1	chr15	20839934	20840256	LTR/ERVL-MaLR	1858	-	161	20840095	69509
chr15	72836684	73036684	harbor1	chr15	72840014	72840205	LTR/ERVL-MaLR	890	-	96	72840110	3426
chr15	72836684	73036684	harbor1	chr15	72840204	72840391	LTR/ERVL-MaLR	1118	-	94	72840298	3614
chr15	72836684	73036684	harbor1	chr15	72862484	72862648	LTR/ERVL-MaLR	653	-	82	72862566	25882
chr15	72836684	73036684	harbor1	chr15	72862649	72863004	LTR/ERVL-MaLR	2387	-	178	72862827	26143
chr15	72836684	73036684	harbor1	chr15	72863005	72863060	LTR/ERVL-MaLR	653	-	28	72863033	26349
chr15	72836684	73036684	harbor1	chr15	72867912	72868542	LTR/ERVL-MaLR	1626	-	315	72868227	31543
chr15	72836684	73036684	harbor1	chr15	72870384	72870780	LTR/ERVL-MaLR	2455	-	198	72870582	33898
chr15	72836684	73036684	harbor1	chr15	72878093	72878403	LTR/ERVL-MaLR	1740	-	155	72878248	41564
chr15	72836684	73036684	harbor1	chr15	72884991	72885166	LTR/ERVL-MaLR	471	-	88	72885079	48395
chr15	93792469	93992469	harbor1	chr15	93828521	93828709	LTR/ERVL-MaLR	455	-	94	93828615	36146
chr15	93792469	93992469	harbor1	chr15	93831382	93831696	LTR/ERVL-MaLR	1396	-	157	93831539	39070
chr15	93792469	93992469	harbor1	chr15	93870608	93870888	LTR/ERVL-MaLR	705	-	140	93870748	78279
chr15	93792469	93992469	harbor1	chr15	93880759	93881102	LTR/ERVL-MaLR	2260	-	172	93880931	88462
chr15	93792469	93992469	harbor1	chr15	93888457	93889000	LTR/ERVL-MaLR	731	-	272	93888729	96260
chr15	66396819	66596819	harbor1	chr15	66429109	66429470	LTR/ERVL-MaLR	2171	-	180	66429289	32470
chr15	66396819	66596819	harbor1	chr15	66433279	66433477	LTR/ERVL-MaLR	902	-	99	66433378	36559
chr15	66396819	66596819	harbor1	chr15	66456353	66456904	LTR/ERVL-MaLR	941	-	276	66456629	59810
chr15	66396819	66596819	harbor1	chr15	66462755	66462897	LTR/ERVL-MaLR	463	-	71	66462826	66007
chr15	66856183	67056183	harbor1	chr15	66885587	66885926	LTR/ERVL-MaLR	1505	-	170	66885757	29574
chr15	66856183	67056183	harbor1	chr15	66896568	66897108	LTR/ERVL-MaLR	718	-	270	66896838	40655
chr15	66856183	67056183	harbor1	chr15	66918127	66918299	LTR/ERVL-MaLR	640	-	86	66918213	62030
chr15	66856183	67056183	harbor1	chr15	66923185	66923530	LTR/ERVL-MaLR	819	-	172	66923357	67174
chr15	66856183	67056183	harbor1	chr15	66929398	66929758	LTR/ERVL-MaLR	2313	-	180	66929578	73395
chr15	95865605	96065605	harbor1	chr15	95927678	95928100	LTR/ERVL-MaLR	1955	-	211	95927889	62284
chr15	95865605	96065605	harbor1	chr15	95952135	95952499	LTR/ERVL-MaLR	2125	-	182	95952317	86712
chr15	80728786	80928786	harbor1	chr15	80733410	80733543	LTR/ERVL-MaLR	455	-	66	80733476	4690
chr15	80728786	80928786	harbor1	chr15	80748659	80748934	LTR/ERVL-MaLR	659	-	138	80748797	20011
chr15	80728786	80928786	harbor1	chr15	80762514	80762868	LTR/ERVL-MaLR	2285	-	177	80762691	33905
chr15	80728786	80928786	harbor1	chr15	80801159	80801704	LTR/ERVL-MaLR	1308	-	272	80801431	72645
chr15	80728786	80928786	harbor1	chr15	80802920	80803057	LTR/ERVL-MaLR	746	-	68	80802988	74202
chr15	80728786	80928786	harbor1	chr15	80803875	80804236	LTR/ERVL-MaLR	2647	-	180	80804055	75269
chr15	80728786	80928786	harbor1	chr15	80809512	80810134	LTR/ERVL-MaLR	2243	-	311	80809823	81037
chr15	80728786	80928786	harbor1	chr15	80818066	80818462	LTR/ERVL-MaLR	1281	-	198	80818264	89478
chr15	44457077	44657077	harbor1	chr15	44464514	44464723	LTR/ERVL-MaLR	792	-	104	44464618	7541
chr15	44457077	44657077	harbor1	chr15	44465006	44465114	LTR/ERVL-MaLR	792	-	54	44465060	7983
chr15	44457077	44657077	harbor1	chr15	44548545	44548894	LTR/ERVL-MaLR	1446	-	174	44548719	91642
chr15	30823857	31023857	harbor1	chr15	30839834	30840242	LTR/ERVL-MaLR	1127	-	204	30840038	16181
chr15	30823857	31023857	harbor1	chr15	30856182	30856512	LTR/ERVL-MaLR	1705	-	165	30856347	32490
chr15	30823857	31023857	harbor1	chr15	30856505	30857051	LTR/ERVL-MaLR	4262	-	273	30856778	32921
chr15	30823857	31023857	harbor1	chr15	30857353	30857953	LTR/ERVL-MaLR	4262	-	300	30857653	33796
chr15	30823857	31023857	harbor1	chr15	30857958	30858307	LTR/ERVL-MaLR	1720	-	174	30858132	34275
chr15	30823857	31023857	harbor1	chr15	30872949	30873366	LTR/ERVL-MaLR	1316	-	208	30873157	49300
chr15	30823857	31023857	harbor1	chr15	30875148	30875483	LTR/ERVL-MaLR	1413	-	168	30875316	51459
chr15	30823857	31023857	harbor1	chr15	30879072	30879209	LTR/ERVL-MaLR	788	-	68	30879140	55283
chr15	30823857	31023857	harbor1	chr15	30880363	30880727	LTR/ERVL-MaLR	2011	-	182	30880545	56688
chr15	30823857	31023857	harbor1	chr15	30886672	30887186	LTR/ERVL-MaLR	2857	-	257	30886929	63072
chr15	30823857	31023857	harbor1	chr15	30887187	30887544	LTR/ERVL-MaLR	1728	-	178	30887365	63508
chr15	30823857	31023857	harbor1	chr15	30890346	30890707	LTR/ERVL-MaLR	1916	-	180	30890526	66669
chr15	59365067	59565067	harbor1	chr15	59398324	59398476	LTR/ERVL-MaLR	1018	-	76	59398400	33333
chr15	59365067	59565067	harbor1	chr15	59398788	59398887	LTR/ERVL-MaLR	1018	-	50	59398838	33771
chr15	59365067	59565067	harbor1	chr15	59399198	59399466	LTR/ERVL-MaLR	1018	-	134	59399332	34265
chr15	59365067	59565067	harbor1	chr15	59450927	59451056	LTR/ERVL-MaLR	572	-	64	59450991	85924
chr15	61156147	61356147	harbor1	chr15	61170131	61170613	LTR/ERVL-MaLR	1856	-	241	61170372	14225
chr15	61156147	61356147	harbor1	chr15	61244683	61244928	LTR/ERVL-MaLR	944	-	122	61244805	88658
chr15	61156147	61356147	harbor1	chr15	61245172	61245397	LTR/ERVL-MaLR	944	-	112	61245284	89137
chr15	61156147	61356147	harbor1	chr15	61247266	61247623	LTR/ERVL-MaLR	1117	-	178	61247444	91297
chr15	61156147	61356147	harbor1	chr15	61249439	61249739	LTR/ERVL-MaLR	659	-	150	61249589	93442
chr15	61156147	61356147	harbor1	chr15	61249751	61249885	LTR/ERVL-MaLR	674	-	67	61249818	93671
chr15	96474421	96674421	harbor1	chr15	96503280	96503656	LTR/ERVL-MaLR	2116	-	188	96503468	29047
chr15	96474421	96674421	harbor1	chr15	96514590	96514963	LTR/ERVL-MaLR	1905	-	186	96514776	40355
chr15	96474421	96674421	harbor1	chr15	96517358	96517735	LTR/ERVL-MaLR	2193	-	188	96517546	43125
chr15	96474421	96674421	harbor1	chr15	96555061	96555284	LTR/ERVL-MaLR	836	-	112	96555173	80752
chr15	96474421	96674421	harbor1	chr15	96556526	96556811	LTR/ERVL-MaLR	705	-	142	96556668	82247
chr15	96474421	96674421	harbor1	chr15	96572539	96573010	LTR/ERVL-MaLR	592	-	236	96572775	98354
chr15	32530656	32730656	harbor1	chr15	32546170	32546420	LTR/ERVL-MaLR	758	-	125	32546295	15639
chr15	32530656	32730656	harbor1	chr15	32546682	32547038	LTR/ERVL-MaLR	1630	-	178	32546860	16204
chr15	32530656	32730656	harbor1	chr15	32560663	32560909	LTR/ERVL-MaLR	1673	-	123	32560786	30130
chr15	32530656	32730656	harbor1	chr15	32564321	32564733	LTR/ERVL-MaLR	1299	-	206	32564527	33871
chr15	32530656	32730656	harbor1	chr15	32589013	32589533	LTR/ERVL-MaLR	581	-	260	32589273	58617
chr15	32530656	32730656	harbor1	chr15	32626591	32627012	LTR/ERVL-MaLR	1797	-	210	32626801	96145
chr15	46161745	46361745	harbor1	chr15	46181242	46181659	LTR/ERVL-MaLR	1797	-	208	46181450	19705
chr15	46161745	46361745	harbor1	chr15	46216053	46216286	LTR/ERVL-MaLR	1769	-	116	46216169	54424
chr15	46161745	46361745	harbor1	chr15	46217899	46218277	LTR/ERVL-MaLR	1464	-	189	46218088	56343
chr15	46161745	46361745	harbor1	chr15	46230479	46230985	LTR/ERVL-MaLR	1405	-	253	46230732	68987
chr15	46161745	46361745	harbor1	chr15	46241943	46242292	LTR/ERVL-MaLR	2387	-	174	46242117	80372
chr15	47606592	47806592	harbor1	chr15	47606481	47606639	LTR/ERVL-MaLR	836	-	79	47606560	32
chr15	47606592	47806592	harbor1	chr15	47667516	47667835	LTR/ERVL-MaLR	1590	-	160	47667676	61084
chr15	47606592	47806592	harbor1	chr15	47676706	47676869	LTR/ERVL-MaLR	1284	-	82	47676788	70196
chr15	47606592	47806592	harbor1	chr15	47677201	47677589	LTR/ERVL-MaLR	1284	-	194	47677395	70803
chr15	79028865	79228865	harbor1	chr15	79101058	79101425	LTR/ERVL-MaLR	1399	-	184	79101242	72377
chr15	79028865	79228865	harbor1	chr15	79101729	79101776	LTR/ERVL-MaLR	1399	-	24	79101753	72888
chr15	79028865	79228865	harbor1	chr15	79113409	79113867	LTR/ERVL-MaLR	1353	-	229	79113638	84773
chr15	79028865	79228865	harbor1	chr15	79122427	79122667	LTR/ERVL-MaLR	823	-	120	79122547	93682
chr15	79028865	79228865	harbor1	chr15	79123420	79123730	LTR/ERVL-MaLR	598	-	155	79123575	94710
chr15	79028865	79228865	harbor1	chr15	79101898	79102280	LTR/ERVL-MaLR	866	-	191	79102089	73224
chr15	90266358	90466358	harbor1	chr15	90310239	90310434	LTR/ERVL-MaLR	502	-	98	90310337	43979
chr15	90266358	90466358	harbor1	chr15	90332987	90333522	LTR/ERVL-MaLR	471	-	268	90333255	66897
chr15	90266358	90466358	harbor1	chr15	90343343	90343939	LTR/ERVL-MaLR	631	-	298	90343641	77283
chr15	95457477	95657477	harbor1	chr15	95493569	95493961	LTR/ERVL-MaLR	2233	-	196	95493765	36288
chr15	95457477	95657477	harbor1	chr15	95525089	95525443	LTR/ERVL-MaLR	2145	-	177	95525266	67789
chr15	95457477	95657477	harbor1	chr15	95525448	95527013	LTR/ERVL-MaLR	11252	-	782	95526230	68753
chr15	95457477	95657477	harbor1	chr15	95527014	95527370	LTR/ERVL-MaLR	2084	-	178	95527192	69715
chr15	95457477	95657477	harbor1	chr15	95527376	95527705	LTR/ERVL-MaLR	1107	-	164	95527540	70063
chr15	95457477	95657477	harbor1	chr15	95529181	95529541	LTR/ERVL-MaLR	766	-	180	95529361	71884
chr15	21277014	21477014	harbor1	chr15	21355798	21355940	LTR/ERVL-MaLR	460	-	71	21355869	78855
chr15	21277014	21477014	harbor1	chr15	21362483	21362873	LTR/ERVL-MaLR	1769	-	195	21362678	85664
chr15	21277014	21477014	harbor1	chr15	21364477	21364645	LTR/ERVL-MaLR	442	-	84	21364561	87547
chr15	91482213	91682213	harbor1	chr15	91498723	91499127	LTR/ERVL-MaLR	577	-	202	91498925	16712
chr15	91482213	91682213	harbor1	chr15	91534238	91534387	LTR/ERVL-MaLR	462	-	74	91534312	52099
chr15	91482213	91682213	harbor1	chr15	91557783	91558152	LTR/ERVL-MaLR	1752	-	184	91557967	75754
chr15	91482213	91682213	harbor1	chr15	91566694	91567101	LTR/ERVL-MaLR	666	-	204	91566898	84685
chr15	28470624	28670624	harbor1	chr15	28483579	28483975	LTR/ERVL-MaLR	1315	-	198	28483777	13153
chr15	28470624	28670624	harbor1	chr15	28497239	28497645	LTR/ERVL-MaLR	2205	-	203	28497442	26818
chr15	28470624	28670624	harbor1	chr15	28537648	28538037	LTR/ERVL-MaLR	1882	-	194	28537842	67218
chr15	61927989	62127989	harbor1	chr15	61987280	61987647	LTR/ERVL-MaLR	2015	-	184	61987464	59475
chr15	82691116	82891116	harbor1	chr15	82694365	82694403	LTR/ERVL-MaLR	938	-	19	82694384	3268
chr15	82691116	82891116	harbor1	chr15	82694707	82694831	LTR/ERVL-MaLR	938	-	62	82694769	3653
chr15	82691116	82891116	harbor1	chr15	82696034	82696237	LTR/ERVL-MaLR	1225	-	102	82696136	5020
chr15	82691116	82891116	harbor1	chr15	82738440	82738810	LTR/ERVL-MaLR	1800	-	185	82738625	47509
chr15	59594460	59794460	harbor1	chr15	59608382	59608805	LTR/ERVL-MaLR	1874	-	212	59608594	14134
chr15	82905903	83105903	harbor1	chr15	82920323	82920828	LTR/ERVL-MaLR	1839	-	252	82920575	14672
chr15	82905903	83105903	harbor1	chr15	82926129	82926357	LTR/ERVL-MaLR	2056	-	114	82926243	20340
chr15	82905903	83105903	harbor1	chr15	82926999	82927137	LTR/ERVL-MaLR	2056	-	69	82927068	21165
chr15	82905903	83105903	harbor1	chr15	82959112	82959326	LTR/ERVL-MaLR	569	-	107	82959219	53316
chr15	70642856	70842856	harbor1	chr15	70645414	70645766	LTR/ERVL-MaLR	2079	-	176	70645590	2734
chr15	70642856	70842856	harbor1	chr15	70648805	70649344	LTR/ERVL-MaLR	689	-	270	70649075	6219
chr15	70642856	70842856	harbor1	chr15	70738946	70739139	LTR/ERVL-MaLR	715	-	96	70739042	96186
chr16	56881910	57081910	harbor1	chr16	56907509	56907875	LTR/ERVL-MaLR	2180	-	183	56907692	25782
chr16	56881910	57081910	harbor1	chr16	56918804	56919154	LTR/ERVL-MaLR	633	-	175	56918979	37069
chr16	56881910	57081910	harbor1	chr16	56966047	56966282	LTR/ERVL-MaLR	1040	-	118	56966165	84255
chr16	56881910	57081910	harbor1	chr16	56969000	56969297	LTR/ERVL-MaLR	690	-	148	56969148	87238
chr16	58140733	58340733	harbor1	chr16	58144163	58144525	LTR/ERVL-MaLR	2387	-	181	58144344	3611
chr16	58140733	58340733	harbor1	chr16	58148007	58148404	LTR/ERVL-MaLR	1373	-	198	58148205	7472
chr16	58140733	58340733	harbor1	chr16	58218862	58219244	LTR/ERVL-MaLR	2242	-	191	58219053	78320
chr16	13887673	14087673	harbor1	chr16	13899958	13900136	LTR/ERVL-MaLR	564	-	89	13900047	12374
chr16	13887673	14087673	harbor1	chr16	13903903	13904281	LTR/ERVL-MaLR	1960	-	189	13904092	16419
chr16	13887673	14087673	harbor1	chr16	13918088	13918476	LTR/ERVL-MaLR	1801	-	194	13918282	30609
chr16	13887673	14087673	harbor1	chr16	13943242	13943620	LTR/ERVL-MaLR	2503	-	189	13943431	55758
chr16	13887673	14087673	harbor1	chr16	13945875	13946234	LTR/ERVL-MaLR	1804	-	180	13946055	58382
chr16	13887673	14087673	harbor1	chr16	13982543	13982794	LTR/ERVL-MaLR	969	-	126	13982669	94996
chr16	13887673	14087673	harbor1	chr16	13983774	13983933	LTR/ERVL-MaLR	826	-	80	13983854	96181
chr16	49445737	49645737	harbor1	chr16	49458379	49458660	LTR/ERVL-MaLR	492	-	140	49458519	12782
chr16	49445737	49645737	harbor1	chr16	49487230	49487515	LTR/ERVL-MaLR	585	-	142	49487372	41635
chr16	69313553	69513553	harbor1	chr16	69321946	69322297	LTR/ERVL-MaLR	2705	-	176	69322122	8569
chr16	69313553	69513553	harbor1	chr16	69407041	69407279	LTR/ERVL-MaLR	508	-	119	69407160	93607
chr16	30331108	30531108	harbor1	chr16	30350724	30351189	LTR/ERVL-MaLR	1782	-	232	30350956	19848
chr16	80712211	80912211	harbor1	chr16	80768380	80768685	LTR/ERVL-MaLR	1198	-	152	80768532	56321
chr16	80712211	80912211	harbor1	chr16	80808199	80808507	LTR/ERVL-MaLR	1325	-	154	80808353	96142
chr16	80712211	80912211	harbor1	chr16	80808715	80808922	LTR/ERVL-MaLR	1019	-	104	80808819	96608
chr16	77929189	78129189	harbor1	chr16	77932967	77933077	LTR/ERVL-MaLR	492	-	55	77933022	3833
chr16	77929189	78129189	harbor1	chr16	77942069	77942424	LTR/ERVL-MaLR	2499	-	178	77942247	13058
chr16	77929189	78129189	harbor1	chr16	77964226	77964693	LTR/ERVL-MaLR	1922	-	234	77964460	35271
chr16	77929189	78129189	harbor1	chr16	77968086	77968217	LTR/ERVL-MaLR	1993	-	66	77968152	38963
chr16	77929189	78129189	harbor1	chr16	77969361	77969775	LTR/ERVL-MaLR	1993	-	207	77969568	40379
chr16	77929189	78129189	harbor1	chr16	77986773	77987011	LTR/ERVL-MaLR	446	-	119	77986892	57703
chr16	77929189	78129189	harbor1	chr16	77999644	77999999	LTR/ERVL-MaLR	859	-	178	77999822	70633
chr16	77929189	78129189	harbor1	chr16	78006844	78006871	LTR/ERVL-MaLR	516	-	14	78006858	77669
chr16	77929189	78129189	harbor1	chr16	78007176	78007277	LTR/ERVL-MaLR	516	-	50	78007226	78037
chr16	77929189	78129189	harbor1	chr16	78007273	78007494	LTR/ERVL-MaLR	1034	-	110	78007383	78194
chr16	51923230	52123230	harbor1	chr16	51929489	51929871	LTR/ERVL-MaLR	2167	-	191	51929680	6450
chr16	51923230	52123230	harbor1	chr16	51976719	51977044	LTR/ERVL-MaLR	1560	-	162	51976881	53651
chr16	51923230	52123230	harbor1	chr16	51996810	51997278	LTR/ERVL-MaLR	782	-	234	51997044	73814
chr16	67362829	67562829	harbor1	chr16	67369565	67369925	LTR/ERVL-MaLR	2954	-	180	67369745	6916
chr16	79602834	79802834	harbor1	chr16	79661593	79662062	LTR/ERVL-MaLR	2236	-	234	79661827	58993
chr16	79602834	79802834	harbor1	chr16	79670674	79670978	LTR/ERVL-MaLR	1462	-	152	79670826	67992
chr16	49432289	49632289	harbor1	chr16	49458379	49458660	LTR/ERVL-MaLR	492	-	140	49458519	26230
chr16	49432289	49632289	harbor1	chr16	49487230	49487515	LTR/ERVL-MaLR	585	-	142	49487372	55083
chr16	76193814	76393814	harbor1	chr16	76203232	76203716	LTR/ERVL-MaLR	1984	-	242	76203474	9660
chr16	76193814	76393814	harbor1	chr16	76290764	76291161	LTR/ERVL-MaLR	1426	-	198	76290962	97148
chr16	64645887	64845887	harbor1	chr16	64649918	64650291	LTR/ERVL-MaLR	2009	-	186	64650104	4217
chr16	64645887	64845887	harbor1	chr16	64651678	64652038	LTR/ERVL-MaLR	2184	-	180	64651858	5971
chr16	64645887	64845887	harbor1	chr16	64683147	64683503	LTR/ERVL-MaLR	2123	-	178	64683325	37438
chr16	64645887	64845887	harbor1	chr16	64684203	64684558	LTR/ERVL-MaLR	2265	-	178	64684381	38494
chr16	64645887	64845887	harbor1	chr16	64704497	64705039	LTR/ERVL-MaLR	636	-	271	64704768	58881
chr16	64645887	64845887	harbor1	chr16	64720732	64721069	LTR/ERVL-MaLR	925	-	168	64720900	75013
chr16	64645887	64845887	harbor1	chr16	64743371	64743861	LTR/ERVL-MaLR	949	-	245	64743616	97729
chr16	64645887	64845887	harbor1	chr16	64650292	64651675	LTR/ERVL-MaLR	7918	-	692	64650984	5097
chr16	70087682	70287682	harbor1	chr16	70169994	70170334	LTR/ERVL-MaLR	1964	-	170	70170164	82482
chr16	70087682	70287682	harbor1	chr16	70180776	70181249	LTR/ERVL-MaLR	1529	-	236	70181012	93330
chr16	34664025	34864025	harbor1	chr16	34680276	34680406	LTR/ERVL-MaLR	708	-	65	34680341	16316
chr16	34664025	34864025	harbor1	chr16	34686944	34687266	LTR/ERVL-MaLR	1964	-	161	34687105	23080
chr16	34664025	34864025	harbor1	chr16	34690123	34690363	LTR/ERVL-MaLR	977	-	120	34690243	26218
chr16	34664025	34864025	harbor1	chr16	34690662	34690932	LTR/ERVL-MaLR	977	-	135	34690797	26772
chr16	34664025	34864025	harbor1	chr16	34692584	34692873	LTR/ERVL-MaLR	1300	-	144	34692728	28703
chr16	19370081	19570081	harbor1	chr16	19372568	19372938	LTR/ERVL-MaLR	2415	-	185	19372753	2672
chr16	19370081	19570081	harbor1	chr16	19387144	19387546	LTR/ERVL-MaLR	1972	-	201	19387345	17264
chr16	19370081	19570081	harbor1	chr16	19387771	19387896	LTR/ERVL-MaLR	706	-	62	19387833	17752
chr16	19370081	19570081	harbor1	chr16	19429866	19430037	LTR/ERVL-MaLR	864	-	86	19429952	59871
chr16	19370081	19570081	harbor1	chr16	19433108	19433413	LTR/ERVL-MaLR	864	-	152	19433260	63179
chr16	19370081	19570081	harbor1	chr16	19436617	19436896	LTR/ERVL-MaLR	1315	-	140	19436757	66676
chr16	19370081	19570081	harbor1	chr16	19437196	19437471	LTR/ERVL-MaLR	1315	-	138	19437334	67253
chr16	19370081	19570081	harbor1	chr16	19437821	19438058	LTR/ERVL-MaLR	726	-	118	19437939	67858
chr16	19370081	19570081	harbor1	chr16	19439471	19439862	LTR/ERVL-MaLR	866	-	196	19439667	69586
chr16	19370081	19570081	harbor1	chr16	19447294	19447445	LTR/ERVL-MaLR	499	-	76	19447370	77289
chr16	19370081	19570081	harbor1	chr16	19450184	19450287	LTR/ERVL-MaLR	465	-	52	19450236	80155
chr16	19370081	19570081	harbor1	chr16	19458876	19459341	LTR/ERVL-MaLR	876	-	232	19459108	89027
chr16	19370081	19570081	harbor1	chr16	19462408	19462617	LTR/ERVL-MaLR	1561	-	104	19462512	92431
chr16	19370081	19570081	harbor1	chr16	19467187	19467491	LTR/ERVL-MaLR	2197	-	152	19467339	97258
chr16	19370081	19570081	harbor1	chr16	19467782	19467893	LTR/ERVL-MaLR	2197	-	56	19467838	97757
chr16	61723498	61923498	harbor1	chr16	61734823	61735281	LTR/ERVL-MaLR	910	-	229	61735052	11554
chr16	24359459	24559459	harbor1	chr16	24363044	24363391	LTR/ERVL-MaLR	1421	-	174	24363218	3759
chr16	24359459	24559459	harbor1	chr16	24370734	24371187	LTR/ERVL-MaLR	683	-	226	24370960	11501
chr16	24359459	24559459	harbor1	chr16	24371275	24371403	LTR/ERVL-MaLR	478	-	64	24371339	11880
chr16	24359459	24559459	harbor1	chr16	24374143	24374394	LTR/ERVL-MaLR	725	-	126	24374269	14810
chr16	24359459	24559459	harbor1	chr16	24375401	24375458	LTR/ERVL-MaLR	725	-	28	24375429	15970
chr16	24359459	24559459	harbor1	chr16	24396850	24397103	LTR/ERVL-MaLR	1977	-	126	24396976	37517
chr16	24359459	24559459	harbor1	chr16	24397415	24397612	LTR/ERVL-MaLR	1977	-	98	24397513	38054
chr16	24359459	24559459	harbor1	chr16	24405395	24405817	LTR/ERVL-MaLR	2324	-	211	24405606	46147
chr16	24359459	24559459	harbor1	chr16	24408283	24408418	LTR/ERVL-MaLR	2143	-	68	24408351	48892
chr16	24359459	24559459	harbor1	chr16	24408721	24408987	LTR/ERVL-MaLR	2143	-	133	24408854	49395
chr16	24359459	24559459	harbor1	chr16	24435460	24435603	LTR/ERVL-MaLR	505	-	72	24435532	76073
chr16	24359459	24559459	harbor1	chr16	24448827	24449021	LTR/ERVL-MaLR	1085	-	97	24448924	89465
chr16	24359459	24559459	harbor1	chr16	24449628	24450002	LTR/ERVL-MaLR	2997	-	187	24449815	90356
chr16	24049670	24249670	harbor1	chr16	24130524	24130872	LTR/ERVL-MaLR	477	-	174	24130698	81028
chr16	24049670	24249670	harbor1	chr16	24148902	24149067	LTR/ERVL-MaLR	616	-	82	24148984	99314
chr16	33878584	34078584	harbor1	chr16	33959021	33959637	LTR/ERVL-MaLR	3482	-	308	33959329	80745
chr16	7793838	7993838	harbor1	chr16	7828791	7828931	LTR/ERVL-MaLR	1562	-	70	7828861	35023
chr16	7793838	7993838	harbor1	chr16	7829461	7829782	LTR/ERVL-MaLR	1562	-	160	7829621	35783
chr16	7793838	7993838	harbor1	chr16	7848677	7849066	LTR/ERVL-MaLR	2286	-	194	7848871	55033
chr16	7793838	7993838	harbor1	chr16	7875631	7875991	LTR/ERVL-MaLR	2569	-	180	7875811	81973
chr16	7793838	7993838	harbor1	chr16	7883513	7883976	LTR/ERVL-MaLR	1262	-	232	7883745	89907
chr16	7793838	7993838	harbor1	chr16	7886845	7887326	LTR/ERVL-MaLR	460	-	240	7887085	93247
chr16	8221279	8421279	harbor1	chr16	8235999	8236380	LTR/ERVL-MaLR	1844	-	190	8236189	14910
chr16	8221279	8421279	harbor1	chr16	8236382	8236662	LTR/ERVL-MaLR	1006	-	140	8236522	15243
chr16	8221279	8421279	harbor1	chr16	8249614	8249842	LTR/ERVL-MaLR	1900	-	114	8249728	28449
chr16	8221279	8421279	harbor1	chr16	8250391	8250537	LTR/ERVL-MaLR	1900	-	73	8250464	29185
chr16	8221279	8421279	harbor1	chr16	8269090	8269455	LTR/ERVL-MaLR	2626	-	182	8269272	47993
chr16	8221279	8421279	harbor1	chr16	8275526	8275710	LTR/ERVL-MaLR	578	-	92	8275618	54339
chr16	8221279	8421279	harbor1	chr16	8275784	8275952	LTR/ERVL-MaLR	1991	-	84	8275868	54589
chr16	8221279	8421279	harbor1	chr16	8275979	8276163	LTR/ERVL-MaLR	1991	-	92	8276071	54792
chr16	8221279	8421279	harbor1	chr16	8277587	8278151	LTR/ERVL-MaLR	1817	-	282	8277869	56590
chr16	8221279	8421279	harbor1	chr16	8281934	8281996	LTR/ERVL-MaLR	1728	-	31	8281965	60686
chr16	8221279	8421279	harbor1	chr16	8281997	8282383	LTR/ERVL-MaLR	2116	-	193	8282190	60911
chr16	8221279	8421279	harbor1	chr16	8282384	8282834	LTR/ERVL-MaLR	1728	-	225	8282609	61330
chr16	8221279	8421279	harbor1	chr16	8288041	8288396	LTR/ERVL-MaLR	2428	-	178	8288219	66940
chr16	8221279	8421279	harbor1	chr16	8314560	8314906	LTR/ERVL-MaLR	1477	-	173	8314733	93454
chr16	8221279	8421279	harbor1	chr16	8315207	8315283	LTR/ERVL-MaLR	1477	-	38	8315245	93966
chr16	55614412	55814412	harbor1	chr16	55645889	55646324	LTR/ERVL-MaLR	556	-	218	55646107	31695
chr16	55614412	55814412	harbor1	chr16	55670413	55670894	LTR/ERVL-MaLR	1396	-	240	55670653	56241
chr16	55614412	55814412	harbor1	chr16	55686055	55686546	LTR/ERVL-MaLR	1519	-	246	55686301	71889
chr16	55614412	55814412	harbor1	chr16	55713569	55713899	LTR/ERVL-MaLR	462	-	165	55713734	99322
chr16	7293371	7493371	harbor1	chr16	7347204	7347562	LTR/ERVL-MaLR	2117	-	179	7347383	54012
chr16	7293371	7493371	harbor1	chr16	7389892	7390284	LTR/ERVL-MaLR	1845	-	196	7390088	96717
chr16	7293371	7493371	harbor1	chr16	7339822	7340085	LTR/ERVL-MaLR	538	-	132	7339954	46583
chr16	58889190	59089190	harbor1	chr16	58921858	58922359	LTR/ERVL-MaLR	752	-	250	58922108	32918
chr16	58889190	59089190	harbor1	chr16	58937690	58938077	LTR/ERVL-MaLR	1961	-	194	58937884	48694
chr16	58889190	59089190	harbor1	chr16	58954921	58955281	LTR/ERVL-MaLR	1966	-	180	58955101	65911
chr16	58889190	59089190	harbor1	chr16	58970783	58971333	LTR/ERVL-MaLR	675	-	275	58971058	81868
chr16	58889190	59089190	harbor1	chr16	58971598	58972007	LTR/ERVL-MaLR	2056	-	204	58971802	82612
chr16	58889190	59089190	harbor1	chr16	58933018	58933382	LTR/ERVL-MaLR	2364	-	182	58933200	44010
chr16	26607425	26807425	harbor1	chr16	26616087	26616462	LTR/ERVL-MaLR	1833	-	188	26616275	8850
chr16	26607425	26807425	harbor1	chr16	26630739	26631083	LTR/ERVL-MaLR	1944	-	172	26630911	23486
chr16	26607425	26807425	harbor1	chr16	26631084	26632720	LTR/ERVL-MaLR	11105	-	818	26631902	24477
chr16	26607425	26807425	harbor1	chr16	26632721	26633081	LTR/ERVL-MaLR	2041	-	180	26632901	25476
chr16	26607425	26807425	harbor1	chr16	26636075	26636511	LTR/ERVL-MaLR	2468	-	218	26636293	28868
chr16	26607425	26807425	harbor1	chr16	26652248	26652646	LTR/ERVL-MaLR	2368	-	199	26652447	45022
chr16	26607425	26807425	harbor1	chr16	26668864	26669149	LTR/ERVL-MaLR	1706	-	142	26669006	61581
chr16	26607425	26807425	harbor1	chr16	26669444	26669534	LTR/ERVL-MaLR	1706	-	45	26669489	62064
chr16	26607425	26807425	harbor1	chr16	26669536	26669736	LTR/ERVL-MaLR	1138	-	100	26669636	62211
chr16	26607425	26807425	harbor1	chr16	26670392	26671467	LTR/ERVL-MaLR	2343	-	538	26670930	63505
chr16	26607425	26807425	harbor1	chr16	26671468	26671883	LTR/ERVL-MaLR	1986	-	208	26671676	64251
chr16	26607425	26807425	harbor1	chr16	26675601	26675969	LTR/ERVL-MaLR	801	-	184	26675785	68360
chr16	26607425	26807425	harbor1	chr16	26686645	26687014	LTR/ERVL-MaLR	1305	-	184	26686829	79404
chr16	26607425	26807425	harbor1	chr16	26691171	26691483	LTR/ERVL-MaLR	594	-	156	26691327	83902
chr16	26607425	26807425	harbor1	chr16	26693756	26694090	LTR/ERVL-MaLR	1820	-	167	26693923	86498
chr16	26607425	26807425	harbor1	chr16	26694091	26695685	LTR/ERVL-MaLR	11370	-	797	26694888	87463
chr16	26607425	26807425	harbor1	chr16	26695686	26696043	LTR/ERVL-MaLR	2139	-	178	26695864	88439
chr16	66592226	66792226	harbor1	chr16	66687641	66687682	LTR/ERVL-MaLR	2078	-	20	66687661	95435
chr16	66592226	66792226	harbor1	chr16	66687987	66688305	LTR/ERVL-MaLR	2078	-	159	66688146	95920
chr16	75951932	76151932	harbor1	chr16	75963849	75964234	LTR/ERVL-MaLR	1685	-	192	75964041	12109
chr16	75951932	76151932	harbor1	chr16	76008641	76008990	LTR/ERVL-MaLR	2357	-	174	76008815	56883
chr16	75951932	76151932	harbor1	chr16	76037319	76037695	LTR/ERVL-MaLR	2453	-	188	76037507	85575
chr16	75951932	76151932	harbor1	chr16	76037719	76037834	LTR/ERVL-MaLR	641	-	58	76037777	85845
chr16	75951932	76151932	harbor1	chr16	76046564	76046993	LTR/ERVL-MaLR	2796	-	214	76046778	94846
chr16	24815739	25015739	harbor1	chr16	24832418	24832568	LTR/ERVL-MaLR	547	-	75	24832493	16754
chr16	24815739	25015739	harbor1	chr16	24835607	24835962	LTR/ERVL-MaLR	2256	-	178	24835785	20046
chr16	24815739	25015739	harbor1	chr16	24857371	24857894	LTR/ERVL-MaLR	1890	-	262	24857633	41894
chr16	24815739	25015739	harbor1	chr16	24869276	24869426	LTR/ERVL-MaLR	578	-	75	24869351	53612
chr16	24815739	25015739	harbor1	chr16	24880112	24880333	LTR/ERVL-MaLR	2201	-	110	24880222	64483
chr16	24815739	25015739	harbor1	chr16	24880634	24880820	LTR/ERVL-MaLR	2201	-	93	24880727	64988
chr16	24815739	25015739	harbor1	chr16	24883441	24883939	LTR/ERVL-MaLR	1118	-	249	24883690	67951
chr16	24815739	25015739	harbor1	chr16	24897576	24897937	LTR/ERVL-MaLR	2345	-	180	24897756	82017
chr16	24815739	25015739	harbor1	chr16	24903869	24904256	LTR/ERVL-MaLR	2388	-	194	24904063	88324
chr16	62074492	62274492	harbor1	chr16	62075519	62075828	LTR/ERVL-MaLR	1006	-	154	62075673	1181
chr16	62074492	62274492	harbor1	chr16	62082443	62082833	LTR/ERVL-MaLR	1569	-	195	62082638	8146
chr16	62074492	62274492	harbor1	chr16	62122486	62122829	LTR/ERVL-MaLR	2318	-	172	62122658	48166
chr16	62074492	62274492	harbor1	chr16	62127196	62127546	LTR/ERVL-MaLR	1527	-	175	62127371	52879
chr16	62074492	62274492	harbor1	chr16	62132918	62133333	LTR/ERVL-MaLR	2159	-	208	62133126	58634
chr16	62074492	62274492	harbor1	chr16	62133334	62134791	LTR/ERVL-MaLR	8199	-	728	62134062	59570
chr16	62074492	62274492	harbor1	chr16	62134789	62135129	LTR/ERVL-MaLR	2022	-	170	62134959	60467
chr16	62074492	62274492	harbor1	chr16	62140486	62140727	LTR/ERVL-MaLR	1092	-	120	62140606	66114
chr16	62074492	62274492	harbor1	chr16	62141033	62141175	LTR/ERVL-MaLR	1092	-	71	62141104	66612
chr16	62074492	62274492	harbor1	chr16	62149880	62150373	LTR/ERVL-MaLR	1594	-	246	62150126	75634
chr16	62074492	62274492	harbor1	chr16	62162418	62162793	LTR/ERVL-MaLR	1233	-	188	62162606	88114
chr16	62074492	62274492	harbor1	chr16	62171343	62171466	LTR/ERVL-MaLR	560	-	62	62171405	96913
chr16	34390514	34590514	harbor1	chr16	34391574	34391707	LTR/ERVL-MaLR	499	-	66	34391640	1126
chr16	34390514	34590514	harbor1	chr16	34402672	34402883	LTR/ERVL-MaLR	1720	-	106	34402778	12264
chr16	34390514	34590514	harbor1	chr16	34403190	34403346	LTR/ERVL-MaLR	1720	-	78	34403268	12754
chr16	34390514	34590514	harbor1	chr16	34410198	34410535	LTR/ERVL-MaLR	1863	-	168	34410366	19852
chr16	84903021	85103021	harbor1	chr16	84909774	84910085	LTR/ERVL-MaLR	1465	-	156	84909930	6909
chr16	84903021	85103021	harbor1	chr16	84910380	84910404	LTR/ERVL-MaLR	1049	-	12	84910392	7371
chr16	84903021	85103021	harbor1	chr16	84931017	84931287	LTR/ERVL-MaLR	1215	-	135	84931152	28131
chr16	84903021	85103021	harbor1	chr16	84957806	84958050	LTR/ERVL-MaLR	436	-	122	84957928	54907
chr16	84903021	85103021	harbor1	chr16	84951004	84951393	LTR/ERVL-MaLR	1153	-	194	84951198	48177
chr16	957634	1157634	harbor1	chr16	1001395	1001787	LTR/ERVL-MaLR	883	-	196	1001591	43957
chr16	957634	1157634	harbor1	chr16	1038046	1038363	LTR/ERVL-MaLR	594	-	158	1038204	80570
chr16	51684505	51884505	harbor1	chr16	51685492	51685945	LTR/ERVL-MaLR	1915	-	226	51685718	1213
chr16	51684505	51884505	harbor1	chr16	51686893	51687329	LTR/ERVL-MaLR	1623	-	218	51687111	2606
chr16	51684505	51884505	harbor1	chr16	51741030	51741456	LTR/ERVL-MaLR	712	-	213	51741243	56738
chr16	51684505	51884505	harbor1	chr16	51748281	51748740	LTR/ERVL-MaLR	984	-	230	51748511	64006
chr16	51684505	51884505	harbor1	chr16	51780324	51780539	LTR/ERVL-MaLR	976	-	108	51780432	95927
chr16	58305647	58505647	harbor1	chr16	58313166	58313530	LTR/ERVL-MaLR	2820	-	182	58313348	7701
chr16	58305647	58505647	harbor1	chr16	58322317	58322648	LTR/ERVL-MaLR	1694	-	166	58322483	16836
chr16	58305647	58505647	harbor1	chr16	58366862	58367228	LTR/ERVL-MaLR	2058	-	183	58367045	61398
chr16	58305647	58505647	harbor1	chr16	58373940	58374425	LTR/ERVL-MaLR	1908	-	242	58374182	68535
chr16	58305647	58505647	harbor1	chr16	58376863	58377338	LTR/ERVL-MaLR	1894	-	238	58377101	71454
chr16	58305647	58505647	harbor1	chr16	58377452	58377705	LTR/ERVL-MaLR	474	-	126	58377578	71931
chr16	58305647	58505647	harbor1	chr16	58382968	58383388	LTR/ERVL-MaLR	1674	-	210	58383178	77531
chr16	58305647	58505647	harbor1	chr16	58383872	58384100	LTR/ERVL-MaLR	536	-	114	58383986	78339
chr16	58305647	58505647	harbor1	chr16	58388603	58388979	LTR/ERVL-MaLR	1854	-	188	58388791	83144
chr16	4602401	4802401	harbor1	chr16	4646014	4646155	LTR/ERVL-MaLR	951	-	70	4646084	43683
chr16	4602401	4802401	harbor1	chr16	4646436	4646769	LTR/ERVL-MaLR	951	-	166	4646602	44201
chr16	4602401	4802401	harbor1	chr16	4649288	4649747	LTR/ERVL-MaLR	1296	-	230	4649518	47117
chr16	74245451	74445451	harbor1	chr16	74285105	74285502	LTR/ERVL-MaLR	2054	-	198	74285303	39852
chr16	74245451	74445451	harbor1	chr16	74291647	74292115	LTR/ERVL-MaLR	1609	-	234	74291881	46430
chr16	74245451	74445451	harbor1	chr16	74314600	74314962	LTR/ERVL-MaLR	2393	-	181	74314781	69330
chr16	74245451	74445451	harbor1	chr16	74321259	74321794	LTR/ERVL-MaLR	1575	-	268	74321527	76076
chr16	74245451	74445451	harbor1	chr16	74284794	74285106	LTR/ERVL-MaLR	1774	-	156	74284950	39499
chr16	3958529	4158529	harbor1	chr16	4027379	4027596	LTR/ERVL-MaLR	2444	-	108	4027487	68958
chr16	3958529	4158529	harbor1	chr16	4027901	4028065	LTR/ERVL-MaLR	2444	-	82	4027983	69454
chr16	75969728	76169728	harbor1	chr16	76008641	76008990	LTR/ERVL-MaLR	2357	-	174	76008815	39087
chr16	75969728	76169728	harbor1	chr16	76037319	76037695	LTR/ERVL-MaLR	2453	-	188	76037507	67779
chr16	75969728	76169728	harbor1	chr16	76037719	76037834	LTR/ERVL-MaLR	641	-	58	76037777	68049
chr16	75969728	76169728	harbor1	chr16	76046564	76046993	LTR/ERVL-MaLR	2796	-	214	76046778	77050
chr16	85019393	85219393	harbor1	chr16	85031980	85032343	LTR/ERVL-MaLR	1320	-	182	85032162	12769
chr16	85019393	85219393	harbor1	chr16	85032608	85032639	LTR/ERVL-MaLR	1320	-	16	85032624	13231
chr16	85019393	85219393	harbor1	chr16	85118096	85118255	LTR/ERVL-MaLR	1110	-	80	85118176	98783
chr16	85019393	85219393	harbor1	chr16	85118511	85118653	LTR/ERVL-MaLR	1110	-	71	85118582	99189
chr16	85019393	85219393	harbor1	chr16	85032929	85032996	LTR/ERVL-MaLR	1320	-	34	85032963	13570
chr16	59927608	60127608	harbor1	chr16	59934113	59934499	LTR/ERVL-MaLR	598	-	193	59934306	6698
chr16	59927608	60127608	harbor1	chr16	59946174	59946649	LTR/ERVL-MaLR	1026	-	238	59946412	18804
chr16	59927608	60127608	harbor1	chr16	59967660	59968102	LTR/ERVL-MaLR	873	-	221	59967881	40273
chr16	59927608	60127608	harbor1	chr16	59968103	59968513	LTR/ERVL-MaLR	2277	-	205	59968308	40700
chr16	59927608	60127608	harbor1	chr16	60015564	60015989	LTR/ERVL-MaLR	1706	-	212	60015776	88168
chr16	59927608	60127608	harbor1	chr16	60015990	60017603	LTR/ERVL-MaLR	10953	-	806	60016796	89188
chr16	59927608	60127608	harbor1	chr16	60017606	60017959	LTR/ERVL-MaLR	1949	-	176	60017782	90174
chr16	59927608	60127608	harbor1	chr16	60023294	60023754	LTR/ERVL-MaLR	1957	-	230	60023524	95916
chr16	81488942	81688942	harbor1	chr16	81542553	81542896	LTR/ERVL-MaLR	1631	-	172	81542725	53783
chr16	81488942	81688942	harbor1	chr16	81552316	81552770	LTR/ERVL-MaLR	1699	-	227	81552543	63601
chr16	81488942	81688942	harbor1	chr16	81581864	81582255	LTR/ERVL-MaLR	2320	-	196	81582060	93118
chr16	86896888	87096888	harbor1	chr16	86923532	86923896	LTR/ERVL-MaLR	590	-	182	86923714	26826
chr16	86896888	87096888	harbor1	chr16	86961701	86962131	LTR/ERVL-MaLR	1118	-	215	86961916	65028
chr16	86896888	87096888	harbor1	chr16	86963476	86963903	LTR/ERVL-MaLR	1504	-	214	86963690	66802
chr16	86896888	87096888	harbor1	chr16	86968407	86968550	LTR/ERVL-MaLR	566	-	72	86968479	71591
chr16	86896888	87096888	harbor1	chr16	86990387	86990785	LTR/ERVL-MaLR	1823	-	199	86990586	93698
chr16	86896888	87096888	harbor1	chr16	86966048	86966517	LTR/ERVL-MaLR	1098	-	234	86966282	69394
chr16	53147795	53347795	harbor1	chr16	53176018	53176535	LTR/ERVL-MaLR	1807	-	258	53176276	28481
chr16	53147795	53347795	harbor1	chr16	53195364	53195669	LTR/ERVL-MaLR	1150	-	152	53195516	47721
chr16	53147795	53347795	harbor1	chr16	53196367	53196530	LTR/ERVL-MaLR	500	-	82	53196449	48654
chr16	29090607	29290607	harbor1	chr16	29092959	29093021	LTR/ERVL-MaLR	2216	-	31	29092990	2383
chr16	29090607	29290607	harbor1	chr16	29093321	29093598	LTR/ERVL-MaLR	2216	-	138	29093459	2852
chr16	29090607	29290607	harbor1	chr16	29093907	29093943	LTR/ERVL-MaLR	2216	-	18	29093925	3318
chr16	29090607	29290607	harbor1	chr16	29113228	29113670	LTR/ERVL-MaLR	896	-	221	29113449	22842
chr16	29090607	29290607	harbor1	chr16	29145390	29145751	LTR/ERVL-MaLR	2067	-	180	29145570	54963
chr16	29090607	29290607	harbor1	chr16	29187654	29187774	LTR/ERVL-MaLR	557	-	60	29187714	97107
chr16	29090607	29290607	harbor1	chr16	29187807	29187998	LTR/ERVL-MaLR	559	-	96	29187903	97296
chr16	86942864	87142864	harbor1	chr16	86961701	86962131	LTR/ERVL-MaLR	1118	-	215	86961916	19052
chr16	86942864	87142864	harbor1	chr16	86963476	86963903	LTR/ERVL-MaLR	1504	-	214	86963690	20826
chr16	86942864	87142864	harbor1	chr16	86968407	86968550	LTR/ERVL-MaLR	566	-	72	86968479	25615
chr16	86942864	87142864	harbor1	chr16	86990387	86990785	LTR/ERVL-MaLR	1823	-	199	86990586	47722
chr16	86942864	87142864	harbor1	chr16	87001843	87002215	LTR/ERVL-MaLR	2320	-	186	87002029	59165
chr16	86942864	87142864	harbor1	chr16	87017968	87018136	LTR/ERVL-MaLR	638	-	84	87018052	75188
chr16	86942864	87142864	harbor1	chr16	87027649	87027855	LTR/ERVL-MaLR	638	-	103	87027752	84888
chr16	86942864	87142864	harbor1	chr16	87030321	87030519	LTR/ERVL-MaLR	1636	-	99	87030420	87556
chr16	86942864	87142864	harbor1	chr16	87030815	87030971	LTR/ERVL-MaLR	1636	-	78	87030893	88029
chr16	86942864	87142864	harbor1	chr16	86966048	86966517	LTR/ERVL-MaLR	1098	-	234	86966282	23418
chr16	9452859	9652859	harbor1	chr16	9462100	9462513	LTR/ERVL-MaLR	1843	-	206	9462306	9447
chr16	9452859	9652859	harbor1	chr16	9499010	9499366	LTR/ERVL-MaLR	2300	-	178	9499188	46329
chr16	9452859	9652859	harbor1	chr16	9515590	9515998	LTR/ERVL-MaLR	1831	-	204	9515794	62935
chr16	9452859	9652859	harbor1	chr16	9550452	9550878	LTR/ERVL-MaLR	2059	-	213	9550665	97806
chr16	80429872	80629872	harbor1	chr16	80430882	80431235	LTR/ERVL-MaLR	1296	-	176	80431058	1186
chr16	80429872	80629872	harbor1	chr16	80438238	80438611	LTR/ERVL-MaLR	1810	-	186	80438424	8552
chr16	80429872	80629872	harbor1	chr16	80448821	80449274	LTR/ERVL-MaLR	747	-	226	80449047	19175
chr16	80429872	80629872	harbor1	chr16	80455480	80455842	LTR/ERVL-MaLR	706	-	181	80455661	25789
chr16	80429872	80629872	harbor1	chr16	80474561	80474888	LTR/ERVL-MaLR	1366	-	164	80474725	44853
chr16	80429872	80629872	harbor1	chr16	80474911	80475102	LTR/ERVL-MaLR	725	-	96	80475007	45135
chr16	80429872	80629872	harbor1	chr16	80483488	80483851	LTR/ERVL-MaLR	2489	-	182	80483670	53798
chr16	80429872	80629872	harbor1	chr16	80487732	80488106	LTR/ERVL-MaLR	1955	-	187	80487919	58047
chr16	80429872	80629872	harbor1	chr16	80491389	80491541	LTR/ERVL-MaLR	517	-	76	80491465	61593
chr16	80429872	80629872	harbor1	chr16	80493293	80493454	LTR/ERVL-MaLR	460	-	80	80493373	63501
chr16	80429872	80629872	harbor1	chr16	80493590	80493783	LTR/ERVL-MaLR	655	-	96	80493686	63814
chr16	80429872	80629872	harbor1	chr16	80497860	80498193	LTR/ERVL-MaLR	1530	-	166	80498026	68154
chr16	80429872	80629872	harbor1	chr16	80500152	80500495	LTR/ERVL-MaLR	1635	-	172	80500324	70452
chr16	80429872	80629872	harbor1	chr16	80502300	80502661	LTR/ERVL-MaLR	2086	-	180	80502480	72608
chr16	80429872	80629872	harbor1	chr16	80509706	80510304	LTR/ERVL-MaLR	1974	-	299	80510005	80133
chr16	80429872	80629872	harbor1	chr16	80522907	80523287	LTR/ERVL-MaLR	1724	-	190	80523097	93225
chr16	29589503	29789503	harbor1	chr16	29649789	29650015	LTR/ERVL-MaLR	488	-	113	29649902	60399
chr16	29589503	29789503	harbor1	chr16	29675985	29676362	LTR/ERVL-MaLR	1240	-	188	29676173	86670
chr16	55984509	56184509	harbor1	chr16	55990486	55990938	LTR/ERVL-MaLR	2401	-	226	55990712	6203
chr16	55984509	56184509	harbor1	chr16	56017181	56017557	LTR/ERVL-MaLR	2358	-	188	56017369	32860
chr16	55984509	56184509	harbor1	chr16	56022965	56023299	LTR/ERVL-MaLR	1054	-	167	56023132	38623
chr16	55984509	56184509	harbor1	chr16	56033513	56033965	LTR/ERVL-MaLR	2426	-	226	56033739	49230
chr16	55984509	56184509	harbor1	chr16	56050900	56051382	LTR/ERVL-MaLR	2059	-	241	56051141	66632
chr16	55984509	56184509	harbor1	chr16	56053815	56054327	LTR/ERVL-MaLR	1390	-	256	56054071	69562
chr16	55984509	56184509	harbor1	chr16	56059744	56060125	LTR/ERVL-MaLR	538	-	190	56059934	75425
chr16	55984509	56184509	harbor1	chr16	56062093	56062405	LTR/ERVL-MaLR	479	-	156	56062249	77740
chr16	55984509	56184509	harbor1	chr16	56080205	56080522	LTR/ERVL-MaLR	1902	-	158	56080363	95854
chr16	55984509	56184509	harbor1	chr16	56080875	56080931	LTR/ERVL-MaLR	1902	-	28	56080903	96394
chr16	55984509	56184509	harbor1	chr16	56080932	56081363	LTR/ERVL-MaLR	2382	-	216	56081148	96639
chr16	55984509	56184509	harbor1	chr16	56082519	56082871	LTR/ERVL-MaLR	2221	-	176	56082695	98186
chr16	55984509	56184509	harbor1	chr16	56081661	56082508	LTR/ERVL-MaLR	4133	-	424	56082085	97576
chr16	19224920	19424920	harbor1	chr16	19225438	19226013	LTR/ERVL-MaLR	2689	-	288	19225726	806
chr16	19224920	19424920	harbor1	chr16	19229201	19229617	LTR/ERVL-MaLR	2839	-	208	19229409	4489
chr16	19224920	19424920	harbor1	chr16	19244247	19244323	LTR/ERVL-MaLR	989	-	38	19244285	19365
chr16	19224920	19424920	harbor1	chr16	19244633	19244979	LTR/ERVL-MaLR	989	-	173	19244806	19886
chr16	19224920	19424920	harbor1	chr16	19269086	19269484	LTR/ERVL-MaLR	2475	-	199	19269285	44365
chr16	19224920	19424920	harbor1	chr16	19287128	19287496	LTR/ERVL-MaLR	1774	-	184	19287312	62392
chr16	19224920	19424920	harbor1	chr16	19313900	19314045	LTR/ERVL-MaLR	483	-	72	19313972	89052
chr16	82759528	82959528	harbor1	chr16	82760632	82761017	LTR/ERVL-MaLR	2342	-	192	82760824	1296
chr16	82759528	82959528	harbor1	chr16	82761317	82761365	LTR/ERVL-MaLR	2342	-	24	82761341	1813
chr16	82759528	82959528	harbor1	chr16	82777562	82778137	LTR/ERVL-MaLR	2029	-	288	82777850	18322
chr16	82759528	82959528	harbor1	chr16	82784071	82784438	LTR/ERVL-MaLR	952	-	184	82784255	24727
chr16	82759528	82959528	harbor1	chr16	82790584	82790904	LTR/ERVL-MaLR	2223	-	160	82790744	31216
chr16	82759528	82959528	harbor1	chr16	82791980	82792019	LTR/ERVL-MaLR	2223	-	20	82792000	32472
chr16	82759528	82959528	harbor1	chr16	82822814	82823360	LTR/ERVL-MaLR	668	-	273	82823087	63559
chr16	82759528	82959528	harbor1	chr16	82847203	82847702	LTR/ERVL-MaLR	1985	-	250	82847453	87925
chr16	66163207	66363207	harbor1	chr16	66177171	66177544	LTR/ERVL-MaLR	1655	-	186	66177357	14150
chr16	66163207	66363207	harbor1	chr16	66183854	66184194	LTR/ERVL-MaLR	1332	-	170	66184024	20817
chr16	66163207	66363207	harbor1	chr16	66206693	66207088	LTR/ERVL-MaLR	1590	-	198	66206891	43684
chr16	66163207	66363207	harbor1	chr16	66227596	66227975	LTR/ERVL-MaLR	2415	-	190	66227786	64579
chr16	66163207	66363207	harbor1	chr16	66238413	66238801	LTR/ERVL-MaLR	2394	-	194	66238607	75400
chr16	66163207	66363207	harbor1	chr16	66262832	66263292	LTR/ERVL-MaLR	1186	-	230	66263062	99855
chr16	9322201	9522201	harbor1	chr16	9323719	9323811	LTR/ERVL-MaLR	460	-	46	9323765	1564
chr16	9322201	9522201	harbor1	chr16	9326392	9326704	LTR/ERVL-MaLR	1781	-	156	9326548	4347
chr16	9322201	9522201	harbor1	chr16	9332741	9333259	LTR/ERVL-MaLR	2163	-	259	9333000	10799
chr16	9322201	9522201	harbor1	chr16	9362434	9362799	LTR/ERVL-MaLR	2682	-	182	9362616	40415
chr16	9322201	9522201	harbor1	chr16	9366754	9367230	LTR/ERVL-MaLR	2287	-	238	9366992	44791
chr16	9322201	9522201	harbor1	chr16	9379056	9379493	LTR/ERVL-MaLR	1776	-	218	9379274	57073
chr16	9322201	9522201	harbor1	chr16	9380624	9380858	LTR/ERVL-MaLR	1204	-	117	9380741	58540
chr16	9322201	9522201	harbor1	chr16	9380858	9381307	LTR/ERVL-MaLR	2519	-	224	9381082	58881
chr16	9322201	9522201	harbor1	chr16	9381308	9381445	LTR/ERVL-MaLR	839	-	68	9381376	59175
chr16	9322201	9522201	harbor1	chr16	9385898	9386255	LTR/ERVL-MaLR	2444	-	178	9386076	63875
chr16	9322201	9522201	harbor1	chr16	9392350	9392766	LTR/ERVL-MaLR	1971	-	208	9392558	70357
chr16	9322201	9522201	harbor1	chr16	9399583	9400103	LTR/ERVL-MaLR	1195	-	260	9399843	77642
chr16	9322201	9522201	harbor1	chr16	9416770	9417281	LTR/ERVL-MaLR	2276	-	256	9417026	94825
chr16	30057177	30257177	harbor1	chr16	30133600	30133838	LTR/ERVL-MaLR	2844	-	119	30133719	76542
chr16	30057177	30257177	harbor1	chr16	30134752	30134948	LTR/ERVL-MaLR	2844	-	98	30134850	77673
chr16	30057177	30257177	harbor1	chr16	30137853	30138157	LTR/ERVL-MaLR	742	-	152	30138005	80828
chr16	67032093	67232093	harbor1	chr16	67042541	67042731	LTR/ERVL-MaLR	697	-	95	67042636	10543
chr16	67032093	67232093	harbor1	chr16	67043036	67043233	LTR/ERVL-MaLR	697	-	98	67043134	11041
chr16	67032093	67232093	harbor1	chr16	67101734	67102119	LTR/ERVL-MaLR	1658	-	192	67101926	69833
chr16	67032093	67232093	harbor1	chr16	67102435	67102590	LTR/ERVL-MaLR	1658	-	78	67102513	70420
chr16	67032093	67232093	harbor1	chr16	67105360	67105582	LTR/ERVL-MaLR	627	-	111	67105471	73378
chr16	56986575	57186575	harbor1	chr16	56998910	56999266	LTR/ERVL-MaLR	1778	-	178	56999088	12513
chr16	56986575	57186575	harbor1	chr16	57014103	57014195	LTR/ERVL-MaLR	511	-	46	57014149	27574
chr16	56986575	57186575	harbor1	chr16	57014695	57014920	LTR/ERVL-MaLR	1600	-	112	57014807	28232
chr16	56986575	57186575	harbor1	chr16	57015229	57015392	LTR/ERVL-MaLR	1600	-	82	57015311	28736
chr16	56986575	57186575	harbor1	chr16	57017466	57017870	LTR/ERVL-MaLR	1308	-	202	57017668	31093
chr16	56986575	57186575	harbor1	chr16	57019457	57019870	LTR/ERVL-MaLR	1341	-	206	57019663	33088
chr16	56986575	57186575	harbor1	chr16	57027469	57027958	LTR/ERVL-MaLR	1087	-	244	57027713	41138
chr16	56986575	57186575	harbor1	chr16	57072011	57072430	LTR/ERVL-MaLR	1061	-	210	57072221	85646
chr16	80420143	80620143	harbor1	chr16	80430882	80431235	LTR/ERVL-MaLR	1296	-	176	80431058	10915
chr16	80420143	80620143	harbor1	chr16	80438238	80438611	LTR/ERVL-MaLR	1810	-	186	80438424	18281
chr16	80420143	80620143	harbor1	chr16	80448821	80449274	LTR/ERVL-MaLR	747	-	226	80449047	28904
chr16	80420143	80620143	harbor1	chr16	80455480	80455842	LTR/ERVL-MaLR	706	-	181	80455661	35518
chr16	80420143	80620143	harbor1	chr16	80474561	80474888	LTR/ERVL-MaLR	1366	-	164	80474725	54582
chr16	80420143	80620143	harbor1	chr16	80474911	80475102	LTR/ERVL-MaLR	725	-	96	80475007	54864
chr16	80420143	80620143	harbor1	chr16	80483488	80483851	LTR/ERVL-MaLR	2489	-	182	80483670	63527
chr16	80420143	80620143	harbor1	chr16	80487732	80488106	LTR/ERVL-MaLR	1955	-	187	80487919	67776
chr16	80420143	80620143	harbor1	chr16	80491389	80491541	LTR/ERVL-MaLR	517	-	76	80491465	71322
chr16	80420143	80620143	harbor1	chr16	80493293	80493454	LTR/ERVL-MaLR	460	-	80	80493373	73230
chr16	80420143	80620143	harbor1	chr16	80493590	80493783	LTR/ERVL-MaLR	655	-	96	80493686	73543
chr16	80420143	80620143	harbor1	chr16	80497860	80498193	LTR/ERVL-MaLR	1530	-	166	80498026	77883
chr16	80420143	80620143	harbor1	chr16	80500152	80500495	LTR/ERVL-MaLR	1635	-	172	80500324	80181
chr16	80420143	80620143	harbor1	chr16	80502300	80502661	LTR/ERVL-MaLR	2086	-	180	80502480	82337
chr16	80420143	80620143	harbor1	chr16	80509706	80510304	LTR/ERVL-MaLR	1974	-	299	80510005	89862
chr16	15917384	16117384	harbor1	chr16	15938975	15939200	LTR/ERVL-MaLR	592	-	112	15939087	21703
chr16	15917384	16117384	harbor1	chr16	15939500	15939623	LTR/ERVL-MaLR	592	-	62	15939562	22178
chr16	15917384	16117384	harbor1	chr16	15962476	15962845	LTR/ERVL-MaLR	2145	-	184	15962660	45276
chr16	15917384	16117384	harbor1	chr16	15962846	15963948	LTR/ERVL-MaLR	8010	-	551	15963397	46013
chr16	15917384	16117384	harbor1	chr16	15964243	15964405	LTR/ERVL-MaLR	8010	-	81	15964324	46940
chr16	15917384	16117384	harbor1	chr16	15964402	15964540	LTR/ERVL-MaLR	717	-	69	15964471	47087
chr16	15917384	16117384	harbor1	chr16	15970095	15970501	LTR/ERVL-MaLR	688	-	203	15970298	52914
chr16	15917384	16117384	harbor1	chr16	15980337	15980704	LTR/ERVL-MaLR	2585	-	184	15980521	63137
chr16	15917384	16117384	harbor1	chr16	15980732	15982256	LTR/ERVL-MaLR	9910	-	762	15981494	64110
chr16	15917384	16117384	harbor1	chr16	15982257	15982634	LTR/ERVL-MaLR	2402	-	188	15982445	65061
chr16	15917384	16117384	harbor1	chr16	15985768	15985998	LTR/ERVL-MaLR	1004	-	115	15985883	68499
chr16	15917384	16117384	harbor1	chr16	15986235	15986327	LTR/ERVL-MaLR	1004	-	46	15986281	68897
chr16	15917384	16117384	harbor1	chr16	15986666	15986795	LTR/ERVL-MaLR	1004	-	64	15986730	69346
chr16	59720409	59920409	harbor1	chr16	59748514	59749011	LTR/ERVL-MaLR	973	-	248	59748762	28353
chr16	59720409	59920409	harbor1	chr16	59750549	59750911	LTR/ERVL-MaLR	2383	-	181	59750730	30321
chr16	59720409	59920409	harbor1	chr16	59756068	59756850	LTR/ERVL-MaLR	2726	-	391	59756459	36050
chr16	59720409	59920409	harbor1	chr16	59756955	59757419	LTR/ERVL-MaLR	1734	-	232	59757187	36778
chr16	59720409	59920409	harbor1	chr16	59758079	59758545	LTR/ERVL-MaLR	1746	-	233	59758312	37903
chr16	59720409	59920409	harbor1	chr16	59768884	59769002	LTR/ERVL-MaLR	607	-	59	59768943	48534
chr16	59720409	59920409	harbor1	chr16	59772113	59772585	LTR/ERVL-MaLR	1507	-	236	59772349	51940
chr16	16986656	17186656	harbor1	chr16	17018545	17018566	LTR/ERVL-MaLR	1358	-	10	17018555	31899
chr16	16986656	17186656	harbor1	chr16	17019052	17019475	LTR/ERVL-MaLR	1358	-	212	17019264	32608
chr16	16986656	17186656	harbor1	chr16	17029770	17029929	LTR/ERVL-MaLR	476	-	80	17029850	43194
chr16	16986656	17186656	harbor1	chr16	17034563	17035022	LTR/ERVL-MaLR	666	-	230	17034793	48137
chr16	16986656	17186656	harbor1	chr16	17064917	17065116	LTR/ERVL-MaLR	443	-	100	17065017	78361
chr16	16986656	17186656	harbor1	chr16	17072410	17072605	LTR/ERVL-MaLR	560	-	98	17072508	85852
chr16	24345382	24545382	harbor1	chr16	24356762	24356970	LTR/ERVL-MaLR	2258	-	104	24356866	11484
chr16	24345382	24545382	harbor1	chr16	24357254	24357412	LTR/ERVL-MaLR	2258	-	79	24357333	11951
chr16	24345382	24545382	harbor1	chr16	24363044	24363391	LTR/ERVL-MaLR	1421	-	174	24363218	17836
chr16	24345382	24545382	harbor1	chr16	24370734	24371187	LTR/ERVL-MaLR	683	-	226	24370960	25578
chr16	24345382	24545382	harbor1	chr16	24371275	24371403	LTR/ERVL-MaLR	478	-	64	24371339	25957
chr16	24345382	24545382	harbor1	chr16	24374143	24374394	LTR/ERVL-MaLR	725	-	126	24374269	28887
chr16	24345382	24545382	harbor1	chr16	24375401	24375458	LTR/ERVL-MaLR	725	-	28	24375429	30047
chr16	24345382	24545382	harbor1	chr16	24396850	24397103	LTR/ERVL-MaLR	1977	-	126	24396976	51594
chr16	24345382	24545382	harbor1	chr16	24397415	24397612	LTR/ERVL-MaLR	1977	-	98	24397513	52131
chr16	24345382	24545382	harbor1	chr16	24405395	24405817	LTR/ERVL-MaLR	2324	-	211	24405606	60224
chr16	24345382	24545382	harbor1	chr16	24408283	24408418	LTR/ERVL-MaLR	2143	-	68	24408351	62969
chr16	24345382	24545382	harbor1	chr16	24408721	24408987	LTR/ERVL-MaLR	2143	-	133	24408854	63472
chr16	24345382	24545382	harbor1	chr16	24435460	24435603	LTR/ERVL-MaLR	505	-	72	24435532	90150
chr16	25959518	26159518	harbor1	chr16	25959487	25959628	LTR/ERVL-MaLR	1087	-	70	25959557	39
chr16	25959518	26159518	harbor1	chr16	25972258	25972815	LTR/ERVL-MaLR	2071	-	278	25972536	13018
chr16	25959518	26159518	harbor1	chr16	25993760	25993949	LTR/ERVL-MaLR	1667	-	94	25993854	34336
chr16	25959518	26159518	harbor1	chr16	25994009	25994207	LTR/ERVL-MaLR	1667	-	99	25994108	34590
chr16	25959518	26159518	harbor1	chr16	25995205	25995616	LTR/ERVL-MaLR	1097	-	206	25995411	35893
chr16	25959518	26159518	harbor1	chr16	25997384	25997769	LTR/ERVL-MaLR	904	-	192	25997576	38058
chr16	25959518	26159518	harbor1	chr16	26000148	26000608	LTR/ERVL-MaLR	666	-	230	26000378	40860
chr16	25959518	26159518	harbor1	chr16	26003077	26003171	LTR/ERVL-MaLR	1005	-	47	26003124	43606
chr16	25959518	26159518	harbor1	chr16	26003388	26003685	LTR/ERVL-MaLR	1005	-	148	26003536	44018
chr16	25959518	26159518	harbor1	chr16	26009460	26009827	LTR/ERVL-MaLR	869	-	184	26009644	50126
chr16	25959518	26159518	harbor1	chr16	26026305	26026795	LTR/ERVL-MaLR	1244	-	245	26026550	67032
chr16	25959518	26159518	harbor1	chr16	26048012	26048312	LTR/ERVL-MaLR	1535	-	150	26048162	88644
chr16	25959518	26159518	harbor1	chr16	26053835	26054164	LTR/ERVL-MaLR	678	-	164	26053999	94481
chr16	81663464	81863464	harbor1	chr16	81691110	81691456	LTR/ERVL-MaLR	1561	-	173	81691283	27819
chr16	81663464	81863464	harbor1	chr16	81700436	81700631	LTR/ERVL-MaLR	544	-	98	81700534	37070
chr16	81663464	81863464	harbor1	chr16	81703036	81703266	LTR/ERVL-MaLR	698	-	115	81703151	39687
chr16	81663464	81863464	harbor1	chr16	81718989	81719167	LTR/ERVL-MaLR	457	-	89	81719078	55614
chr16	81663464	81863464	harbor1	chr16	81735431	81735930	LTR/ERVL-MaLR	1959	-	250	81735681	72217
chr16	81663464	81863464	harbor1	chr16	81736210	81736274	LTR/ERVL-MaLR	1959	-	32	81736242	72778
chr16	81663464	81863464	harbor1	chr16	81760114	81760615	LTR/ERVL-MaLR	991	-	250	81760364	96900
chr16	66181324	66381324	harbor1	chr16	66183854	66184194	LTR/ERVL-MaLR	1332	-	170	66184024	2700
chr16	66181324	66381324	harbor1	chr16	66206693	66207088	LTR/ERVL-MaLR	1590	-	198	66206891	25567
chr16	66181324	66381324	harbor1	chr16	66227596	66227975	LTR/ERVL-MaLR	2415	-	190	66227786	46462
chr16	66181324	66381324	harbor1	chr16	66238413	66238801	LTR/ERVL-MaLR	2394	-	194	66238607	57283
chr16	66181324	66381324	harbor1	chr16	66262832	66263292	LTR/ERVL-MaLR	1186	-	230	66263062	81738
chr16	14579114	14779114	harbor1	chr16	14665928	14666275	LTR/ERVL-MaLR	620	-	174	14666102	86988
chr16	48686600	48886600	harbor1	chr16	48697307	48697687	LTR/ERVL-MaLR	1759	-	190	48697497	10897
chr16	48686600	48886600	harbor1	chr16	48706232	48706638	LTR/ERVL-MaLR	461	-	203	48706435	19835
chr16	48686600	48886600	harbor1	chr16	48706939	48707316	LTR/ERVL-MaLR	2285	-	188	48707127	20527
chr16	48686600	48886600	harbor1	chr16	48727366	48727754	LTR/ERVL-MaLR	1817	-	194	48727560	40960
chr16	48686600	48886600	harbor1	chr16	48729417	48729652	LTR/ERVL-MaLR	654	-	118	48729535	42935
chr16	48686600	48886600	harbor1	chr16	48735993	48736369	LTR/ERVL-MaLR	703	-	188	48736181	49581
chr16	48686600	48886600	harbor1	chr16	48737040	48737542	LTR/ERVL-MaLR	1421	-	251	48737291	50691
chr16	48686600	48886600	harbor1	chr16	48775347	48775700	LTR/ERVL-MaLR	2024	-	176	48775523	88923
chr16	48686600	48886600	harbor1	chr16	48781244	48781681	LTR/ERVL-MaLR	1648	-	218	48781462	94862
chr16	48686600	48886600	harbor1	chr16	48782076	48782428	LTR/ERVL-MaLR	1670	-	176	48782252	95652
chr16	89972999	90172999	harbor1	chr16	89980348	89980449	LTR/ERVL-MaLR	443	-	50	89980398	7399
chr16	89972999	90172999	harbor1	chr16	89980627	89980772	LTR/ERVL-MaLR	679	-	72	89980699	7700
chr16	89972999	90172999	harbor1	chr16	90071080	90071134	LTR/ERVL-MaLR	1700	-	27	90071107	98108
chr16	89972999	90172999	harbor1	chr16	90071429	90071781	LTR/ERVL-MaLR	1700	-	176	90071605	98606
chr16	77738416	77938416	harbor1	chr16	77760114	77760582	LTR/ERVL-MaLR	2086	-	234	77760348	21932
chr16	30148552	30348552	harbor1	chr16	30176782	30176979	LTR/ERVL-MaLR	446	-	98	30176880	28328
chr16	30148552	30348552	harbor1	chr16	30177264	30177371	LTR/ERVL-MaLR	446	-	54	30177318	28766
chr16	30148552	30348552	harbor1	chr16	30179803	30180077	LTR/ERVL-MaLR	1001	-	137	30179940	31388
chr16	30148552	30348552	harbor1	chr16	30179292	30179506	LTR/ERVL-MaLR	1001	-	107	30179399	30847
chr16	62422319	62622319	harbor1	chr16	62511800	62512229	LTR/ERVL-MaLR	2215	-	214	62512014	89695
chr16	60363063	60563063	harbor1	chr16	60448517	60448946	LTR/ERVL-MaLR	1923	-	214	60448731	85668
chr16	60363063	60563063	harbor1	chr16	60453486	60453780	LTR/ERVL-MaLR	1081	-	147	60453633	90570
chr16	60363063	60563063	harbor1	chr16	60453978	60454210	LTR/ERVL-MaLR	531	-	116	60454094	91031
chr16	5333005	5533005	harbor1	chr16	5357963	5358395	LTR/ERVL-MaLR	2196	-	216	5358179	25174
chr16	5333005	5533005	harbor1	chr16	5383769	5384266	LTR/ERVL-MaLR	1134	-	248	5384017	51012
chr16	5333005	5533005	harbor1	chr16	5387337	5387639	LTR/ERVL-MaLR	519	-	151	5387488	54483
chr16	5333005	5533005	harbor1	chr16	5391176	5391544	LTR/ERVL-MaLR	1285	-	184	5391360	58355
chr16	5333005	5533005	harbor1	chr16	5406970	5407337	LTR/ERVL-MaLR	1836	-	184	5407154	74149
chr16	5333005	5533005	harbor1	chr16	5408591	5409013	LTR/ERVL-MaLR	2466	-	211	5408802	75797
chr16	5333005	5533005	harbor1	chr16	5415107	5415470	LTR/ERVL-MaLR	1967	-	182	5415289	82284
chr16	61956355	62156355	harbor1	chr16	61983679	61983879	LTR/ERVL-MaLR	1456	-	100	61983779	27424
chr16	61956355	62156355	harbor1	chr16	61984214	61984366	LTR/ERVL-MaLR	1456	-	76	61984290	27935
chr16	46942874	47142874	harbor1	chr16	46997411	46997459	LTR/ERVL-MaLR	1781	-	24	46997435	54561
chr16	46942874	47142874	harbor1	chr16	46997773	46998089	LTR/ERVL-MaLR	1781	-	158	46997931	55057
chr16	46942874	47142874	harbor1	chr16	47004725	47005092	LTR/ERVL-MaLR	1133	-	184	47004909	62035
chr16	46942874	47142874	harbor1	chr16	47010027	47010539	LTR/ERVL-MaLR	1282	-	256	47010283	67409
chr16	46942874	47142874	harbor1	chr16	47012441	47012848	LTR/ERVL-MaLR	2625	-	204	47012645	69771
chr16	55509407	55709407	harbor1	chr16	55592004	55592207	LTR/ERVL-MaLR	1544	-	102	55592106	82699
chr16	55509407	55709407	harbor1	chr16	55592235	55592421	LTR/ERVL-MaLR	1544	-	93	55592328	82921
chr16	51546322	51746322	harbor1	chr16	51551881	51552168	LTR/ERVL-MaLR	795	-	144	51552025	5703
chr16	51546322	51746322	harbor1	chr16	51587684	51587935	LTR/ERVL-MaLR	550	-	126	51587810	41488
chr16	51546322	51746322	harbor1	chr16	51595408	51595802	LTR/ERVL-MaLR	1272	-	197	51595605	49283
chr16	51546322	51746322	harbor1	chr16	51596105	51596297	LTR/ERVL-MaLR	1272	-	96	51596201	49879
chr16	51546322	51746322	harbor1	chr16	51608220	51608592	LTR/ERVL-MaLR	2078	-	186	51608406	62084
chr16	51546322	51746322	harbor1	chr16	51611948	51612079	LTR/ERVL-MaLR	518	-	66	51612014	65692
chr16	51546322	51746322	harbor1	chr16	51621562	51621798	LTR/ERVL-MaLR	704	-	118	51621680	75358
chr16	51546322	51746322	harbor1	chr16	51632348	51632724	LTR/ERVL-MaLR	1967	-	188	51632536	86214
chr16	51546322	51746322	harbor1	chr16	51640030	51640460	LTR/ERVL-MaLR	1836	-	215	51640245	93923
chr16	51546322	51746322	harbor1	chr16	51640919	51641272	LTR/ERVL-MaLR	2555	-	176	51641095	94773
chr16	31762241	31962241	harbor1	chr16	31770148	31770279	LTR/ERVL-MaLR	442	-	66	31770214	7973
chr16	31762241	31962241	harbor1	chr16	31782821	31783191	LTR/ERVL-MaLR	2422	-	185	31783006	20765
chr16	31762241	31962241	harbor1	chr16	31783196	31783826	LTR/ERVL-MaLR	4270	-	315	31783511	21270
chr16	31762241	31962241	harbor1	chr16	31799062	31799381	LTR/ERVL-MaLR	1205	-	160	31799222	36981
chr16	31762241	31962241	harbor1	chr16	31833789	31833974	LTR/ERVL-MaLR	1718	-	92	31833881	71640
chr16	31762241	31962241	harbor1	chr16	31834284	31834523	LTR/ERVL-MaLR	1718	-	120	31834404	72163
chr16	85258191	85458191	harbor1	chr16	85282802	85283134	LTR/ERVL-MaLR	922	-	166	85282968	24777
chr16	85258191	85458191	harbor1	chr16	85293217	85293263	LTR/ERVL-MaLR	585	-	23	85293240	35049
chr16	85258191	85458191	harbor1	chr16	85293559	85293940	LTR/ERVL-MaLR	994	-	190	85293749	35558
chr16	85258191	85458191	harbor1	chr16	85295532	85295706	LTR/ERVL-MaLR	503	-	87	85295619	37428
chr16	85258191	85458191	harbor1	chr16	85312250	85312672	LTR/ERVL-MaLR	732	-	211	85312461	54270
chr16	85258191	85458191	harbor1	chr16	85320620	85320737	LTR/ERVL-MaLR	435	-	58	85320678	62487
chr16	85258191	85458191	harbor1	chr16	85326873	85327320	LTR/ERVL-MaLR	971	-	224	85327097	68906
chr16	85258191	85458191	harbor1	chr16	85327631	85327704	LTR/ERVL-MaLR	971	-	36	85327667	69476
chr16	85258191	85458191	harbor1	chr16	85352993	85353194	LTR/ERVL-MaLR	660	-	100	85353093	94902
chr16	85258191	85458191	harbor1	chr16	85295032	85295142	LTR/ERVL-MaLR	461	-	55	85295087	36896
chr16	23715962	23915962	harbor1	chr16	23720615	23720976	LTR/ERVL-MaLR	1884	-	180	23720795	4833
chr16	23715962	23915962	harbor1	chr16	23721011	23721102	LTR/ERVL-MaLR	1884	-	46	23721057	5095
chr16	23715962	23915962	harbor1	chr16	23721403	23721528	LTR/ERVL-MaLR	1884	-	62	23721465	5503
chr16	23715962	23915962	harbor1	chr16	23758256	23758735	LTR/ERVL-MaLR	1670	-	240	23758496	42534
chr16	23715962	23915962	harbor1	chr16	23764905	23765070	LTR/ERVL-MaLR	612	-	82	23764987	49025
chr16	23715962	23915962	harbor1	chr16	23765363	23765419	LTR/ERVL-MaLR	612	-	28	23765391	49429
chr16	23715962	23915962	harbor1	chr16	23765727	23765776	LTR/ERVL-MaLR	612	-	24	23765751	49789
chr16	23715962	23915962	harbor1	chr16	23765999	23766384	LTR/ERVL-MaLR	859	-	192	23766191	50229
chr16	23715962	23915962	harbor1	chr16	23766653	23766752	LTR/ERVL-MaLR	532	-	50	23766703	50741
chr16	23715962	23915962	harbor1	chr16	23785948	23786155	LTR/ERVL-MaLR	608	-	104	23786052	70090
chr16	54977151	55177151	harbor1	chr16	55000179	55000310	LTR/ERVL-MaLR	447	-	66	55000245	23094
chr16	54977151	55177151	harbor1	chr16	55070703	55071040	LTR/ERVL-MaLR	2009	-	168	55070871	93720
chr16	54977151	55177151	harbor1	chr16	55071047	55072609	LTR/ERVL-MaLR	11358	-	781	55071828	94677
chr16	54977151	55177151	harbor1	chr16	55072610	55072967	LTR/ERVL-MaLR	2543	-	178	55072788	95637
chr16	54977151	55177151	harbor1	chr16	55074531	55074573	LTR/ERVL-MaLR	2272	-	21	55074552	97401
chr16	54977151	55177151	harbor1	chr16	55074891	55075249	LTR/ERVL-MaLR	2272	-	179	55075070	97919
chr16	56009382	56209382	harbor1	chr16	56017181	56017557	LTR/ERVL-MaLR	2358	-	188	56017369	7987
chr16	56009382	56209382	harbor1	chr16	56022965	56023299	LTR/ERVL-MaLR	1054	-	167	56023132	13750
chr16	56009382	56209382	harbor1	chr16	56033513	56033965	LTR/ERVL-MaLR	2426	-	226	56033739	24357
chr16	56009382	56209382	harbor1	chr16	56050900	56051382	LTR/ERVL-MaLR	2059	-	241	56051141	41759
chr16	56009382	56209382	harbor1	chr16	56053815	56054327	LTR/ERVL-MaLR	1390	-	256	56054071	44689
chr16	56009382	56209382	harbor1	chr16	56059744	56060125	LTR/ERVL-MaLR	538	-	190	56059934	50552
chr16	56009382	56209382	harbor1	chr16	56062093	56062405	LTR/ERVL-MaLR	479	-	156	56062249	52867
chr16	56009382	56209382	harbor1	chr16	56080205	56080522	LTR/ERVL-MaLR	1902	-	158	56080363	70981
chr16	56009382	56209382	harbor1	chr16	56080875	56080931	LTR/ERVL-MaLR	1902	-	28	56080903	71521
chr16	56009382	56209382	harbor1	chr16	56080932	56081363	LTR/ERVL-MaLR	2382	-	216	56081148	71766
chr16	56009382	56209382	harbor1	chr16	56082519	56082871	LTR/ERVL-MaLR	2221	-	176	56082695	73313
chr16	56009382	56209382	harbor1	chr16	56081661	56082508	LTR/ERVL-MaLR	4133	-	424	56082085	72703
chr16	51637790	51837790	harbor1	chr16	51640030	51640460	LTR/ERVL-MaLR	1836	-	215	51640245	2455
chr16	51637790	51837790	harbor1	chr16	51640919	51641272	LTR/ERVL-MaLR	2555	-	176	51641095	3305
chr16	51637790	51837790	harbor1	chr16	51647494	51647932	LTR/ERVL-MaLR	569	-	219	51647713	9923
chr16	51637790	51837790	harbor1	chr16	51649017	51649188	LTR/ERVL-MaLR	730	-	86	51649103	11313
chr16	51637790	51837790	harbor1	chr16	51649464	51649708	LTR/ERVL-MaLR	730	-	122	51649586	11796
chr16	51637790	51837790	harbor1	chr16	51659526	51659846	LTR/ERVL-MaLR	797	-	160	51659686	21896
chr16	51637790	51837790	harbor1	chr16	51685492	51685945	LTR/ERVL-MaLR	1915	-	226	51685718	47928
chr16	51637790	51837790	harbor1	chr16	51686893	51687329	LTR/ERVL-MaLR	1623	-	218	51687111	49321
chr16	62985236	63185236	harbor1	chr16	63005918	63006356	LTR/ERVL-MaLR	2535	-	219	63006137	20901
chr16	62985236	63185236	harbor1	chr16	63030918	63031381	LTR/ERVL-MaLR	1350	-	232	63031150	45914
chr16	62985236	63185236	harbor1	chr16	63040780	63041169	LTR/ERVL-MaLR	1475	-	194	63040974	55738
chr16	62985236	63185236	harbor1	chr16	63076598	63076977	LTR/ERVL-MaLR	1310	-	190	63076788	91552
chr16	62985236	63185236	harbor1	chr16	63077828	63078177	LTR/ERVL-MaLR	901	-	174	63078002	92766
chr16	61054666	61254666	harbor1	chr16	61097109	61097582	LTR/ERVL-MaLR	1501	-	236	61097345	42679
chr16	61054666	61254666	harbor1	chr16	61105458	61106081	LTR/ERVL-MaLR	1624	-	312	61105770	51104
chr16	61054666	61254666	harbor1	chr16	61143809	61144267	LTR/ERVL-MaLR	1911	-	229	61144038	89372
chr16	66775587	66975587	harbor1	chr16	66832844	66833275	LTR/ERVL-MaLR	2059	-	216	66833060	57473
chr16	12630057	12830057	harbor1	chr16	12641989	12642242	LTR/ERVL-MaLR	728	-	126	12642115	12058
chr16	12630057	12830057	harbor1	chr16	12642566	12642577	LTR/ERVL-MaLR	668	-	6	12642572	12515
chr16	12630057	12830057	harbor1	chr16	12642881	12643049	LTR/ERVL-MaLR	765	-	84	12642965	12908
chr16	12630057	12830057	harbor1	chr16	12643129	12643427	LTR/ERVL-MaLR	770	-	149	12643278	13221
chr16	12630057	12830057	harbor1	chr16	12649446	12649822	LTR/ERVL-MaLR	688	-	188	12649634	19577
chr16	12630057	12830057	harbor1	chr16	12659751	12660104	LTR/ERVL-MaLR	2152	-	176	12659927	29870
chr16	12630057	12830057	harbor1	chr16	12683827	12684123	LTR/ERVL-MaLR	531	-	148	12683975	53918
chr16	12630057	12830057	harbor1	chr16	12718959	12719148	LTR/ERVL-MaLR	1137	-	94	12719053	88996
chr16	12630057	12830057	harbor1	chr16	12719410	12719483	LTR/ERVL-MaLR	1137	-	36	12719446	89389
chr16	5519386	5719386	harbor1	chr16	5535245	5536225	LTR/ERVL-MaLR	1713	-	490	5535735	16349
chr16	5519386	5719386	harbor1	chr16	5536928	5537352	LTR/ERVL-MaLR	1766	-	212	5537140	17754
chr16	5519386	5719386	harbor1	chr16	5601094	5601596	LTR/ERVL-MaLR	1419	-	251	5601345	81959
chr16	5519386	5719386	harbor1	chr16	5604225	5604539	LTR/ERVL-MaLR	1344	-	157	5604382	84996
chr16	5519386	5719386	harbor1	chr16	5537355	5537940	LTR/ERVL-MaLR	2072	-	292	5537647	18261
chr16	32308904	32508904	harbor1	chr16	32313811	32314264	LTR/ERVL-MaLR	1163	-	226	32314037	5133
chr16	32308904	32508904	harbor1	chr16	32315343	32315609	LTR/ERVL-MaLR	2028	-	133	32315476	6572
chr16	32308904	32508904	harbor1	chr16	32315983	32316044	LTR/ERVL-MaLR	2028	-	30	32316013	7109
chr16	32308904	32508904	harbor1	chr16	32316345	32316508	LTR/ERVL-MaLR	2028	-	82	32316427	7523
chr16	32308904	32508904	harbor1	chr16	32352205	32352657	LTR/ERVL-MaLR	1134	-	226	32352431	43527
chr16	32308904	32508904	harbor1	chr16	32353735	32354000	LTR/ERVL-MaLR	2145	-	132	32353867	44963
chr16	32308904	32508904	harbor1	chr16	32354376	32354437	LTR/ERVL-MaLR	2145	-	30	32354406	45502
chr16	32308904	32508904	harbor1	chr16	32354737	32354900	LTR/ERVL-MaLR	2145	-	82	32354819	45915
chr16	32308904	32508904	harbor1	chr16	32381510	32381629	LTR/ERVL-MaLR	851	-	60	32381570	72666
chr16	32308904	32508904	harbor1	chr16	32384654	32385008	LTR/ERVL-MaLR	2479	-	177	32384831	75927
chr16	29310903	29510903	harbor1	chr16	29316101	29316492	LTR/ERVL-MaLR	743	-	196	29316297	5394
chr16	29310903	29510903	harbor1	chr16	29354306	29354772	LTR/ERVL-MaLR	1551	-	233	29354539	43636
chr16	29310903	29510903	harbor1	chr16	29363177	29363521	LTR/ERVL-MaLR	783	-	172	29363349	52446
chr16	29310903	29510903	harbor1	chr16	29363838	29363863	LTR/ERVL-MaLR	783	-	12	29363850	52947
chr16	29310903	29510903	harbor1	chr16	29364172	29364261	LTR/ERVL-MaLR	783	-	44	29364216	53313
chr16	29310903	29510903	harbor1	chr16	29371502	29371847	LTR/ERVL-MaLR	543	-	172	29371674	60771
chr16	29310903	29510903	harbor1	chr16	29375376	29375444	LTR/ERVL-MaLR	1714	-	34	29375410	64507
chr16	29310903	29510903	harbor1	chr16	29375749	29376070	LTR/ERVL-MaLR	1714	-	160	29375909	65006
chr16	88455042	88655042	harbor1	chr16	88554291	88554675	LTR/ERVL-MaLR	1581	-	192	88554483	99441
chr16	57775662	57975662	harbor1	chr16	57779465	57779538	LTR/ERVL-MaLR	2125	-	36	57779501	3839
chr16	57775662	57975662	harbor1	chr16	57779858	57780159	LTR/ERVL-MaLR	2125	-	150	57780008	4346
chr16	57775662	57975662	harbor1	chr16	57817001	57817076	LTR/ERVL-MaLR	1435	-	38	57817039	41377
chr16	57775662	57975662	harbor1	chr16	57817389	57817783	LTR/ERVL-MaLR	1435	-	197	57817586	41924
chr16	15183001	15383001	harbor1	chr16	15202981	15203406	LTR/ERVL-MaLR	2558	-	212	15203193	20192
chr16	15183001	15383001	harbor1	chr16	15207821	15208194	LTR/ERVL-MaLR	1557	-	186	15208007	25006
chr16	15183001	15383001	harbor1	chr16	15225717	15226096	LTR/ERVL-MaLR	2399	-	190	15225907	42906
chr16	15183001	15383001	harbor1	chr16	15238885	15239250	LTR/ERVL-MaLR	1952	-	182	15239067	56066
chr16	15183001	15383001	harbor1	chr16	15239896	15239989	LTR/ERVL-MaLR	662	-	46	15239942	56941
chr16	15183001	15383001	harbor1	chr16	15240418	15240899	LTR/ERVL-MaLR	1777	-	240	15240658	57657
chr16	15183001	15383001	harbor1	chr16	15246330	15246561	LTR/ERVL-MaLR	1723	-	116	15246446	63445
chr16	15183001	15383001	harbor1	chr16	15246865	15246993	LTR/ERVL-MaLR	1723	-	64	15246929	63928
chr16	15183001	15383001	harbor1	chr16	15252662	15252868	LTR/ERVL-MaLR	1628	-	103	15252765	69764
chr16	15183001	15383001	harbor1	chr16	15252869	15253217	LTR/ERVL-MaLR	2387	-	174	15253043	70042
chr16	15183001	15383001	harbor1	chr16	15257022	15257367	LTR/ERVL-MaLR	2269	-	172	15257194	74193
chr16	15183001	15383001	harbor1	chr16	15271726	15272113	LTR/ERVL-MaLR	2002	-	194	15271920	88919
chr16	15183001	15383001	harbor1	chr16	15273479	15273904	LTR/ERVL-MaLR	1194	-	212	15273691	90690
chr16	15183001	15383001	harbor1	chr16	15276247	15276606	LTR/ERVL-MaLR	2283	-	180	15276427	93426
chr16	15183001	15383001	harbor1	chr16	15276841	15277327	LTR/ERVL-MaLR	1393	-	243	15277084	94083
chr16	15183001	15383001	harbor1	chr16	15277568	15277926	LTR/ERVL-MaLR	2561	-	179	15277747	94746
chr16	15183001	15383001	harbor1	chr16	15278861	15279211	LTR/ERVL-MaLR	1957	-	175	15279036	96035
chr16	15183001	15383001	harbor1	chr16	15279697	15280052	LTR/ERVL-MaLR	2098	-	178	15279875	96874
chr16	15183001	15383001	harbor1	chr16	15253218	15253537	LTR/ERVL-MaLR	1628	-	160	15253378	70377
chr16	10693662	10893662	harbor1	chr16	10733152	10733549	LTR/ERVL-MaLR	1581	-	198	10733350	39688
chr16	10693662	10893662	harbor1	chr16	10760867	10761240	LTR/ERVL-MaLR	1970	-	186	10761053	67391
chr16	10693662	10893662	harbor1	chr16	10793541	10793613	LTR/ERVL-MaLR	1800	-	36	10793577	99915
chr16	25616178	25816178	harbor1	chr16	25618058	25618440	LTR/ERVL-MaLR	1892	-	191	25618249	2071
chr16	25616178	25816178	harbor1	chr16	25627263	25627683	LTR/ERVL-MaLR	3160	-	210	25627473	11295
chr16	25616178	25816178	harbor1	chr16	25639751	25640147	LTR/ERVL-MaLR	2426	-	198	25639949	23771
chr16	25616178	25816178	harbor1	chr16	25652849	25653262	LTR/ERVL-MaLR	2435	-	206	25653055	36877
chr16	25616178	25816178	harbor1	chr16	25660975	25661515	LTR/ERVL-MaLR	1186	-	270	25661245	45067
chr16	25616178	25816178	harbor1	chr16	25680602	25680938	LTR/ERVL-MaLR	1939	-	168	25680770	64592
chr16	25616178	25816178	harbor1	chr16	25686490	25686546	LTR/ERVL-MaLR	1075	-	28	25686518	70340
chr16	25616178	25816178	harbor1	chr16	25686848	25687183	LTR/ERVL-MaLR	1075	-	168	25687016	70838
chr16	25616178	25816178	harbor1	chr16	25687948	25688103	LTR/ERVL-MaLR	1131	-	78	25688026	71848
chr16	25616178	25816178	harbor1	chr16	25688512	25688760	LTR/ERVL-MaLR	1131	-	124	25688636	72458
chr16	25616178	25816178	harbor1	chr16	25700929	25701377	LTR/ERVL-MaLR	1143	-	224	25701153	84975
chr16	25616178	25816178	harbor1	chr16	25712781	25713057	LTR/ERVL-MaLR	1535	-	138	25712919	96741
chr16	25616178	25816178	harbor1	chr16	25713196	25713246	LTR/ERVL-MaLR	1535	-	25	25713221	97043
chr16	23000252	23200252	harbor1	chr16	23006412	23006790	LTR/ERVL-MaLR	1946	-	189	23006601	6349
chr16	23000252	23200252	harbor1	chr16	23014529	23014872	LTR/ERVL-MaLR	547	-	172	23014701	14449
chr16	23000252	23200252	harbor1	chr16	23020373	23020555	LTR/ERVL-MaLR	577	-	91	23020464	20212
chr16	23000252	23200252	harbor1	chr16	23032909	23033199	LTR/ERVL-MaLR	1096	-	145	23033054	32802
chr16	23000252	23200252	harbor1	chr16	23033723	23033856	LTR/ERVL-MaLR	1096	-	66	23033789	33537
chr16	23000252	23200252	harbor1	chr16	23035002	23035356	LTR/ERVL-MaLR	2204	-	177	23035179	34927
chr16	23000252	23200252	harbor1	chr16	23039274	23039553	LTR/ERVL-MaLR	747	-	140	23039414	39162
chr16	23000252	23200252	harbor1	chr16	23048907	23049185	LTR/ERVL-MaLR	713	-	139	23049046	48794
chr16	80386796	80586796	harbor1	chr16	80395657	80396086	LTR/ERVL-MaLR	1280	-	214	80395871	9075
chr16	80386796	80586796	harbor1	chr16	80396400	80396503	LTR/ERVL-MaLR	1280	-	52	80396452	9656
chr16	80386796	80586796	harbor1	chr16	80430882	80431235	LTR/ERVL-MaLR	1296	-	176	80431058	44262
chr16	80386796	80586796	harbor1	chr16	80438238	80438611	LTR/ERVL-MaLR	1810	-	186	80438424	51628
chr16	80386796	80586796	harbor1	chr16	80448821	80449274	LTR/ERVL-MaLR	747	-	226	80449047	62251
chr16	80386796	80586796	harbor1	chr16	80455480	80455842	LTR/ERVL-MaLR	706	-	181	80455661	68865
chr16	80386796	80586796	harbor1	chr16	80474561	80474888	LTR/ERVL-MaLR	1366	-	164	80474725	87929
chr16	80386796	80586796	harbor1	chr16	80474911	80475102	LTR/ERVL-MaLR	725	-	96	80475007	88211
chr16	80386796	80586796	harbor1	chr16	80483488	80483851	LTR/ERVL-MaLR	2489	-	182	80483670	96874
chr16	62149162	62349162	harbor1	chr16	62149880	62150373	LTR/ERVL-MaLR	1594	-	246	62150126	964
chr16	62149162	62349162	harbor1	chr16	62162418	62162793	LTR/ERVL-MaLR	1233	-	188	62162606	13444
chr16	62149162	62349162	harbor1	chr16	62171343	62171466	LTR/ERVL-MaLR	560	-	62	62171405	22243
chr16	62149162	62349162	harbor1	chr16	62226810	62227174	LTR/ERVL-MaLR	2004	-	182	62226992	77830
chr16	62149162	62349162	harbor1	chr16	62236745	62237157	LTR/ERVL-MaLR	2246	-	206	62236951	87789
chr16	79103533	79303533	harbor1	chr16	79120504	79120760	LTR/ERVL-MaLR	733	-	128	79120632	17099
chr16	79103533	79303533	harbor1	chr16	79121068	79121258	LTR/ERVL-MaLR	733	-	95	79121163	17630
chr16	79103533	79303533	harbor1	chr16	79131743	79132103	LTR/ERVL-MaLR	2112	-	180	79131923	28390
chr16	79103533	79303533	harbor1	chr16	79177833	79178176	LTR/ERVL-MaLR	1782	-	172	79178005	74472
chr16	79103533	79303533	harbor1	chr16	79186222	79186671	LTR/ERVL-MaLR	1591	-	224	79186446	82913
chr16	15572848	15772848	harbor1	chr16	15573740	15573977	LTR/ERVL-MaLR	1373	-	118	15573858	1010
chr16	15572848	15772848	harbor1	chr16	15574004	15574370	LTR/ERVL-MaLR	2205	-	183	15574187	1339
chr16	15572848	15772848	harbor1	chr16	15576553	15576746	LTR/ERVL-MaLR	568	-	96	15576649	3801
chr16	15572848	15772848	harbor1	chr16	15578129	15578230	LTR/ERVL-MaLR	522	-	50	15578179	5331
chr16	15572848	15772848	harbor1	chr16	15578362	15578462	LTR/ERVL-MaLR	522	-	50	15578412	5564
chr16	15572848	15772848	harbor1	chr16	15578587	15578859	LTR/ERVL-MaLR	1454	-	136	15578723	5875
chr16	15572848	15772848	harbor1	chr16	15589445	15589882	LTR/ERVL-MaLR	1185	-	218	15589663	16815
chr16	15572848	15772848	harbor1	chr16	15657968	15658328	LTR/ERVL-MaLR	1181	-	180	15658148	85300
chr16	81726050	81926050	harbor1	chr16	81735431	81735930	LTR/ERVL-MaLR	1959	-	250	81735681	9631
chr16	81726050	81926050	harbor1	chr16	81736210	81736274	LTR/ERVL-MaLR	1959	-	32	81736242	10192
chr16	81726050	81926050	harbor1	chr16	81760114	81760615	LTR/ERVL-MaLR	991	-	250	81760364	34314
chr16	81726050	81926050	harbor1	chr16	81763270	81763684	LTR/ERVL-MaLR	632	-	207	81763477	37427
chr16	81726050	81926050	harbor1	chr16	81763994	81764010	LTR/ERVL-MaLR	521	-	8	81764002	37952
chr16	81726050	81926050	harbor1	chr16	81764326	81764474	LTR/ERVL-MaLR	521	-	74	81764400	38350
chr16	81726050	81926050	harbor1	chr16	81791400	81791563	LTR/ERVL-MaLR	739	-	82	81791482	65432
chr16	81726050	81926050	harbor1	chr16	81791865	81792026	LTR/ERVL-MaLR	739	-	80	81791945	65895
chr16	81726050	81926050	harbor1	chr16	81792158	81792201	LTR/ERVL-MaLR	2373	-	22	81792180	66130
chr16	81726050	81926050	harbor1	chr16	81792511	81792871	LTR/ERVL-MaLR	2373	-	180	81792691	66641
chr16	81726050	81926050	harbor1	chr16	81795556	81795699	LTR/ERVL-MaLR	466	-	72	81795628	69578
chr16	81726050	81926050	harbor1	chr16	81795864	81795955	LTR/ERVL-MaLR	466	-	46	81795910	69860
chr16	81726050	81926050	harbor1	chr16	81807668	81808055	LTR/ERVL-MaLR	2121	-	194	81807862	81812
chr16	31793772	31993772	harbor1	chr16	31799062	31799381	LTR/ERVL-MaLR	1205	-	160	31799222	5450
chr16	31793772	31993772	harbor1	chr16	31833789	31833974	LTR/ERVL-MaLR	1718	-	92	31833881	40109
chr16	31793772	31993772	harbor1	chr16	31834284	31834523	LTR/ERVL-MaLR	1718	-	120	31834404	40632
chr16	31793772	31993772	harbor1	chr16	31889563	31889917	LTR/ERVL-MaLR	1673	-	177	31889740	95968
chr16	31793772	31993772	harbor1	chr16	31890566	31890916	LTR/ERVL-MaLR	1297	-	175	31890741	96969
chr16	31793772	31993772	harbor1	chr16	31892057	31892414	LTR/ERVL-MaLR	2379	-	178	31892235	98463
chr16	31793772	31993772	harbor1	chr16	31892415	31893586	LTR/ERVL-MaLR	8914	-	586	31893001	99229
chr16	18584927	18784927	harbor1	chr16	18587267	18587467	LTR/ERVL-MaLR	442	-	100	18587367	2440
chr16	18584927	18784927	harbor1	chr16	18591519	18591899	LTR/ERVL-MaLR	830	-	190	18591709	6782
chr16	18584927	18784927	harbor1	chr16	18591899	18592299	LTR/ERVL-MaLR	2244	-	200	18592099	7172
chr16	18584927	18784927	harbor1	chr16	18596569	18596743	LTR/ERVL-MaLR	516	-	87	18596656	11729
chr16	18584927	18784927	harbor1	chr16	18599502	18599881	LTR/ERVL-MaLR	1014	-	190	18599692	14765
chr16	18584927	18784927	harbor1	chr16	18599882	18600381	LTR/ERVL-MaLR	1982	-	250	18600132	15205
chr16	18584927	18784927	harbor1	chr16	18600382	18600407	LTR/ERVL-MaLR	1014	-	12	18600394	15467
chr16	18584927	18784927	harbor1	chr16	18602631	18602802	LTR/ERVL-MaLR	972	-	86	18602717	17790
chr16	18584927	18784927	harbor1	chr16	18614464	18614509	LTR/ERVL-MaLR	1646	-	22	18614486	29559
chr16	18584927	18784927	harbor1	chr16	18614794	18615242	LTR/ERVL-MaLR	1646	-	224	18615018	30091
chr16	18584927	18784927	harbor1	chr16	18620224	18620599	LTR/ERVL-MaLR	2242	-	188	18620412	35485
chr16	18584927	18784927	harbor1	chr16	18630026	18630439	LTR/ERVL-MaLR	1397	-	206	18630232	45305
chr16	18584927	18784927	harbor1	chr16	18631270	18631645	LTR/ERVL-MaLR	1673	-	188	18631458	46531
chr16	18584927	18784927	harbor1	chr16	18660143	18660271	LTR/ERVL-MaLR	2452	-	64	18660207	75280
chr16	18584927	18784927	harbor1	chr16	18660573	18660904	LTR/ERVL-MaLR	2452	-	166	18660739	75812
chr16	18584927	18784927	harbor1	chr16	18667706	18668115	LTR/ERVL-MaLR	2281	-	204	18667910	82983
chr16	6442710	6642710	harbor1	chr16	6453869	6454254	LTR/ERVL-MaLR	1868	-	192	6454061	11351
chr16	6442710	6642710	harbor1	chr16	6460077	6460312	LTR/ERVL-MaLR	1215	-	118	6460195	17485
chr16	6442710	6642710	harbor1	chr16	6461282	6461439	LTR/ERVL-MaLR	804	-	78	6461360	18650
chr16	6442710	6642710	harbor1	chr16	6479141	6479346	LTR/ERVL-MaLR	1506	-	102	6479243	36533
chr16	6442710	6642710	harbor1	chr16	6479610	6479731	LTR/ERVL-MaLR	1506	-	60	6479670	36960
chr16	6442710	6642710	harbor1	chr16	6503365	6503575	LTR/ERVL-MaLR	548	-	105	6503470	60760
chr16	6442710	6642710	harbor1	chr16	6524602	6525012	LTR/ERVL-MaLR	1426	-	205	6524807	82097
chr16	6442710	6642710	harbor1	chr16	6525498	6525898	LTR/ERVL-MaLR	1487	-	200	6525698	82988
chr16	6442710	6642710	harbor1	chr16	6530544	6530921	LTR/ERVL-MaLR	2289	-	188	6530732	88022
chr16	3861613	4061613	harbor1	chr16	3909837	3910209	LTR/ERVL-MaLR	1019	-	186	3910023	48410
chr16	22094488	22294488	harbor1	chr16	22094513	22094632	LTR/ERVL-MaLR	451	-	60	22094573	85
chr16	22094488	22294488	harbor1	chr16	22101430	22101644	LTR/ERVL-MaLR	1312	-	107	22101537	7049
chr16	22094488	22294488	harbor1	chr16	22103577	22104120	LTR/ERVL-MaLR	1045	-	272	22103849	9361
chr16	22094488	22294488	harbor1	chr16	22124270	22124453	LTR/ERVL-MaLR	721	-	92	22124362	29874
chr16	22094488	22294488	harbor1	chr16	22134477	22134651	LTR/ERVL-MaLR	826	-	87	22134564	40076
chr16	22094488	22294488	harbor1	chr16	22135269	22135537	LTR/ERVL-MaLR	1035	-	134	22135403	40915
chr16	22094488	22294488	harbor1	chr16	22142237	22142643	LTR/ERVL-MaLR	2344	-	203	22142440	47952
chr16	22094488	22294488	harbor1	chr16	22159724	22160148	LTR/ERVL-MaLR	1884	-	212	22159936	65448
chr16	50726345	50926345	harbor1	chr16	50728930	50729253	LTR/ERVL-MaLR	1875	-	162	50729092	2747
chr16	50726345	50926345	harbor1	chr16	50819894	50820200	LTR/ERVL-MaLR	1232	-	153	50820047	93702
chr16	17359444	17559444	harbor1	chr16	17363310	17363545	LTR/ERVL-MaLR	1055	-	118	17363428	3984
chr16	17359444	17559444	harbor1	chr16	17363981	17364149	LTR/ERVL-MaLR	799	-	84	17364065	4621
chr16	17359444	17559444	harbor1	chr16	17394963	17395330	LTR/ERVL-MaLR	2180	-	184	17395147	35703
chr16	17359444	17559444	harbor1	chr16	17398531	17398817	LTR/ERVL-MaLR	1620	-	143	17398674	39230
chr16	17359444	17559444	harbor1	chr16	17399015	17399208	LTR/ERVL-MaLR	1042	-	96	17399111	39667
chr16	17359444	17559444	harbor1	chr16	17403362	17403728	LTR/ERVL-MaLR	2344	-	183	17403545	44101
chr16	17359444	17559444	harbor1	chr16	17410278	17410634	LTR/ERVL-MaLR	2345	-	178	17410456	51012
chr16	17359444	17559444	harbor1	chr16	17438559	17438929	LTR/ERVL-MaLR	2210	-	185	17438744	79300
chr16	69948732	70148732	harbor1	chr16	69957872	69958345	LTR/ERVL-MaLR	1529	-	236	69958108	9376
chr16	32068129	32268129	harbor1	chr16	32071598	32072009	LTR/ERVL-MaLR	1818	-	206	32071804	3675
chr16	32068129	32268129	harbor1	chr16	32099930	32100264	LTR/ERVL-MaLR	2052	-	167	32100097	31968
chr16	32068129	32268129	harbor1	chr16	32104408	32104675	LTR/ERVL-MaLR	899	-	134	32104542	36413
chr16	32068129	32268129	harbor1	chr16	32104955	32105225	LTR/ERVL-MaLR	899	-	135	32105090	36961
chr16	32068129	32268129	harbor1	chr16	32106842	32107135	LTR/ERVL-MaLR	1364	-	146	32106988	38859
chr16	32068129	32268129	harbor1	chr16	32140228	32140358	LTR/ERVL-MaLR	791	-	65	32140293	72164
chr16	32068129	32268129	harbor1	chr16	32147455	32147792	LTR/ERVL-MaLR	2078	-	168	32147623	79494
chr16	54735970	54935970	harbor1	chr16	54744705	54745304	LTR/ERVL-MaLR	1557	-	300	54745005	9035
chr16	54735970	54935970	harbor1	chr16	54753836	54754226	LTR/ERVL-MaLR	2173	-	195	54754031	18061
chr16	54735970	54935970	harbor1	chr16	54758229	54758272	LTR/ERVL-MaLR	2008	-	22	54758251	22281
chr16	54735970	54935970	harbor1	chr16	54758585	54759133	LTR/ERVL-MaLR	2008	-	274	54758859	22889
chr16	54735970	54935970	harbor1	chr16	54766513	54766955	LTR/ERVL-MaLR	495	-	221	54766734	30764
chr16	54735970	54935970	harbor1	chr16	54798382	54798768	LTR/ERVL-MaLR	1439	-	193	54798575	62605
chr16	54735970	54935970	harbor1	chr16	54805667	54805919	LTR/ERVL-MaLR	1533	-	126	54805793	69823
chr16	54735970	54935970	harbor1	chr16	54805914	54806032	LTR/ERVL-MaLR	803	-	59	54805973	70003
chr16	26860412	27060412	harbor1	chr16	26862863	26863490	LTR/ERVL-MaLR	641	-	314	26863177	2765
chr16	26860412	27060412	harbor1	chr16	26868401	26868695	LTR/ERVL-MaLR	2047	-	147	26868548	8136
chr16	26860412	27060412	harbor1	chr16	26869548	26869663	LTR/ERVL-MaLR	2047	-	58	26869606	9194
chr16	26860412	27060412	harbor1	chr16	26872694	26873114	LTR/ERVL-MaLR	945	-	210	26872904	12492
chr16	26860412	27060412	harbor1	chr16	26879090	26879473	LTR/ERVL-MaLR	1065	-	192	26879282	18870
chr16	26860412	27060412	harbor1	chr16	26920770	26920963	LTR/ERVL-MaLR	558	-	96	26920866	60454
chr16	26860412	27060412	harbor1	chr16	26924421	26924730	LTR/ERVL-MaLR	1901	-	154	26924575	64163
chr16	89080447	89280447	harbor1	chr16	89087646	89088105	LTR/ERVL-MaLR	1692	-	230	89087876	7429
chr16	89080447	89280447	harbor1	chr16	89103245	89103438	LTR/ERVL-MaLR	510	-	96	89103341	22894
chr16	89080447	89280447	harbor1	chr16	89107881	89108234	LTR/ERVL-MaLR	2890	-	176	89108057	27610
chr16	89080447	89280447	harbor1	chr16	89146987	89147147	LTR/ERVL-MaLR	780	-	80	89147067	66620
chr16	89080447	89280447	harbor1	chr16	89147565	89147766	LTR/ERVL-MaLR	993	-	100	89147665	67218
chr16	89080447	89280447	harbor1	chr16	89147768	89148093	LTR/ERVL-MaLR	3356	-	162	89147930	67483
chr16	89080447	89280447	harbor1	chr16	89148400	89148719	LTR/ERVL-MaLR	3356	-	160	89148560	68113
chr16	89080447	89280447	harbor1	chr16	89148714	89149077	LTR/ERVL-MaLR	1738	-	182	89148896	68449
chr16	89080447	89280447	harbor1	chr16	89149070	89149356	LTR/ERVL-MaLR	1719	-	143	89149213	68766
chr16	89080447	89280447	harbor1	chr16	89149954	89150113	LTR/ERVL-MaLR	714	-	80	89150034	69587
chr16	16507035	16707035	harbor1	chr16	16507496	16507845	LTR/ERVL-MaLR	2346	-	174	16507670	635
chr16	16507035	16707035	harbor1	chr16	16517108	16517250	LTR/ERVL-MaLR	597	-	71	16517179	10144
chr16	16507035	16707035	harbor1	chr16	16527733	16528081	LTR/ERVL-MaLR	555	-	174	16527907	20872
chr16	16507035	16707035	harbor1	chr16	16550846	16551118	LTR/ERVL-MaLR	2073	-	136	16550982	43947
chr16	16507035	16707035	harbor1	chr16	16551413	16551560	LTR/ERVL-MaLR	2073	-	74	16551487	44452
chr16	16507035	16707035	harbor1	chr16	16514912	16515389	LTR/ERVL-MaLR	856	-	238	16515150	8115
chr16	84053191	84253191	harbor1	chr16	84151588	84151908	LTR/ERVL-MaLR	1338	-	160	84151748	98557
chr16	61075152	61275152	harbor1	chr16	61097109	61097582	LTR/ERVL-MaLR	1501	-	236	61097345	22193
chr16	61075152	61275152	harbor1	chr16	61105458	61106081	LTR/ERVL-MaLR	1624	-	312	61105770	30618
chr16	61075152	61275152	harbor1	chr16	61143809	61144267	LTR/ERVL-MaLR	1911	-	229	61144038	68886
chr16	61075152	61275152	harbor1	chr16	61170530	61170886	LTR/ERVL-MaLR	2012	-	178	61170708	95556
chr16	18237448	18437448	harbor1	chr16	18238913	18239283	LTR/ERVL-MaLR	2303	-	185	18239098	1650
chr16	18237448	18437448	harbor1	chr16	18256010	18256504	LTR/ERVL-MaLR	1794	-	247	18256257	18809
chr16	18237448	18437448	harbor1	chr16	18269058	18269099	LTR/ERVL-MaLR	2482	-	20	18269078	31630
chr16	18237448	18437448	harbor1	chr16	18269702	18270028	LTR/ERVL-MaLR	2482	-	163	18269865	32417
chr16	18237448	18437448	harbor1	chr16	18293590	18293954	LTR/ERVL-MaLR	1783	-	182	18293772	56324
chr16	53736710	53936710	harbor1	chr16	53741716	53742224	LTR/ERVL-MaLR	2006	-	254	53741970	5260
chr16	53736710	53936710	harbor1	chr16	53769738	53770019	LTR/ERVL-MaLR	1068	-	140	53769878	33168
chr16	53736710	53936710	harbor1	chr16	53810680	53811262	LTR/ERVL-MaLR	1182	-	291	53810971	74261
chr16	53736710	53936710	harbor1	chr16	53821788	53822171	LTR/ERVL-MaLR	666	-	192	53821980	85270
chr16	3629754	3829754	harbor1	chr16	3693638	3693725	LTR/ERVL-MaLR	1143	-	44	3693682	63928
chr16	3629754	3829754	harbor1	chr16	3694018	3694342	LTR/ERVL-MaLR	1143	-	162	3694180	64426
chr16	3629754	3829754	harbor1	chr16	3694793	3695241	LTR/ERVL-MaLR	1721	-	224	3695017	65263
chr16	4234615	4434615	harbor1	chr16	4280661	4281070	LTR/ERVL-MaLR	1860	-	204	4280865	46250
chr16	4234615	4434615	harbor1	chr16	4333552	4333830	LTR/ERVL-MaLR	908	-	139	4333691	99076
chr16	68018215	68218215	harbor1	chr16	68094868	68095156	LTR/ERVL-MaLR	749	-	144	68095012	76797
chr16	86458047	86658047	harbor1	chr16	86461147	86461598	LTR/ERVL-MaLR	780	-	226	86461373	3326
chr16	86458047	86658047	harbor1	chr16	86463063	86463225	LTR/ERVL-MaLR	576	-	81	86463144	5097
chr16	86458047	86658047	harbor1	chr16	86487781	86488037	LTR/ERVL-MaLR	955	-	128	86487909	29862
chr16	86458047	86658047	harbor1	chr16	86490289	86490466	LTR/ERVL-MaLR	667	-	88	86490377	32330
chr16	4944311	5144311	harbor1	chr16	4967093	4967471	LTR/ERVL-MaLR	1249	-	189	4967282	22971
chr16	4944311	5144311	harbor1	chr16	4997619	4998000	LTR/ERVL-MaLR	1448	-	190	4997809	53498
chr16	4944311	5144311	harbor1	chr16	4998305	4998367	LTR/ERVL-MaLR	1448	-	31	4998336	54025
chr16	4944311	5144311	harbor1	chr16	5008962	5009314	LTR/ERVL-MaLR	1567	-	176	5009138	64827
chr16	4944311	5144311	harbor1	chr16	5009624	5009722	LTR/ERVL-MaLR	1567	-	49	5009673	65362
chr16	4944311	5144311	harbor1	chr16	5012582	5012622	LTR/ERVL-MaLR	1881	-	20	5012602	68291
chr16	4944311	5144311	harbor1	chr16	5012918	5013222	LTR/ERVL-MaLR	1881	-	152	5013070	68759
chr16	4944311	5144311	harbor1	chr16	5017284	5017601	LTR/ERVL-MaLR	806	-	158	5017442	73131
chr16	4944311	5144311	harbor1	chr16	5019867	5020210	LTR/ERVL-MaLR	1125	-	172	5020039	75728
chr16	4944311	5144311	harbor1	chr16	5021946	5022086	LTR/ERVL-MaLR	601	-	70	5022016	77705
chr16	4944311	5144311	harbor1	chr16	5041935	5042028	LTR/ERVL-MaLR	484	-	46	5041981	97670
chr16	19828706	20028706	harbor1	chr16	19832661	19833022	LTR/ERVL-MaLR	2307	-	180	19832841	4135
chr16	19828706	20028706	harbor1	chr16	19843565	19843929	LTR/ERVL-MaLR	1461	-	182	19843747	15041
chr16	19828706	20028706	harbor1	chr16	19887325	19887694	LTR/ERVL-MaLR	2609	-	184	19887509	58803
chr16	19828706	20028706	harbor1	chr16	19889313	19889361	LTR/ERVL-MaLR	1907	-	24	19889337	60631
chr16	19828706	20028706	harbor1	chr16	19889679	19890031	LTR/ERVL-MaLR	1907	-	176	19889855	61149
chr16	19828706	20028706	harbor1	chr16	19890934	19891317	LTR/ERVL-MaLR	724	-	192	19891126	62420
chr16	19828706	20028706	harbor1	chr16	19897643	19897826	LTR/ERVL-MaLR	1653	-	92	19897735	69029
chr16	19828706	20028706	harbor1	chr16	19897897	19898105	LTR/ERVL-MaLR	1653	-	104	19898001	69295
chr16	19828706	20028706	harbor1	chr16	19900658	19901054	LTR/ERVL-MaLR	969	-	198	19900856	72150
chr16	19828706	20028706	harbor1	chr16	19906351	19906556	LTR/ERVL-MaLR	903	-	102	19906453	77747
chr16	19828706	20028706	harbor1	chr16	19921329	19921702	LTR/ERVL-MaLR	2410	-	186	19921515	92809
chr16	19828706	20028706	harbor1	chr16	19922949	19923187	LTR/ERVL-MaLR	980	-	119	19923068	94362
chr16	19828706	20028706	harbor1	chr16	19925795	19926216	LTR/ERVL-MaLR	1856	-	210	19926005	97299
chr16	19828706	20028706	harbor1	chr16	19926518	19926620	LTR/ERVL-MaLR	1856	-	51	19926569	97863
chr16	6513760	6713760	harbor1	chr16	6524602	6525012	LTR/ERVL-MaLR	1426	-	205	6524807	11047
chr16	6513760	6713760	harbor1	chr16	6525498	6525898	LTR/ERVL-MaLR	1487	-	200	6525698	11938
chr16	6513760	6713760	harbor1	chr16	6530544	6530921	LTR/ERVL-MaLR	2289	-	188	6530732	16972
chr16	6513760	6713760	harbor1	chr16	6546340	6546770	LTR/ERVL-MaLR	1029	-	215	6546555	32795
chr16	6513760	6713760	harbor1	chr16	6563929	6564007	LTR/ERVL-MaLR	438	-	39	6563968	50208
chr16	6513760	6713760	harbor1	chr16	6565843	6566245	LTR/ERVL-MaLR	708	-	201	6566044	52284
chr16	6513760	6713760	harbor1	chr16	6568108	6568622	LTR/ERVL-MaLR	1363	-	257	6568365	54605
chr16	6513760	6713760	harbor1	chr16	6577463	6577856	LTR/ERVL-MaLR	513	-	196	6577659	63899
chr16	6513760	6713760	harbor1	chr16	6583029	6583402	LTR/ERVL-MaLR	588	-	186	6583215	69455
chr16	6513760	6713760	harbor1	chr16	6586444	6586773	LTR/ERVL-MaLR	834	-	164	6586608	72848
chr16	6513760	6713760	harbor1	chr16	6608443	6608508	LTR/ERVL-MaLR	1745	-	32	6608475	94715
chr16	6513760	6713760	harbor1	chr16	6608787	6609213	LTR/ERVL-MaLR	1745	-	213	6609000	95240
chr16	68058243	68258243	harbor1	chr16	68094868	68095156	LTR/ERVL-MaLR	749	-	144	68095012	36769
chr16	64015828	64215828	harbor1	chr16	64035273	64035636	LTR/ERVL-MaLR	1880	-	182	64035455	19627
chr16	64015828	64215828	harbor1	chr16	64042204	64042496	LTR/ERVL-MaLR	1606	-	146	64042350	26522
chr16	64015828	64215828	harbor1	chr16	64058371	64058759	LTR/ERVL-MaLR	2286	-	194	64058565	42737
chr16	64015828	64215828	harbor1	chr16	64058760	64059093	LTR/ERVL-MaLR	2226	-	166	64058926	43098
chr16	64015828	64215828	harbor1	chr16	64089202	64089568	LTR/ERVL-MaLR	1607	-	183	64089385	73557
chr16	64015828	64215828	harbor1	chr16	64113348	64113724	LTR/ERVL-MaLR	1893	-	188	64113536	97708
chr16	17060009	17260009	harbor1	chr16	17064917	17065116	LTR/ERVL-MaLR	443	-	100	17065017	5008
chr16	17060009	17260009	harbor1	chr16	17072410	17072605	LTR/ERVL-MaLR	560	-	98	17072508	12499
chr16	17060009	17260009	harbor1	chr16	17089922	17090236	LTR/ERVL-MaLR	2457	-	157	17090079	30070
chr16	17060009	17260009	harbor1	chr16	17090913	17091104	LTR/ERVL-MaLR	2457	-	96	17091009	31000
chr16	17060009	17260009	harbor1	chr16	17101414	17101948	LTR/ERVL-MaLR	712	-	267	17101681	41672
chr16	20627857	20827857	harbor1	chr16	20631054	20631291	LTR/ERVL-MaLR	989	-	118	20631172	3315
chr16	20627857	20827857	harbor1	chr16	20632004	20632130	LTR/ERVL-MaLR	581	-	63	20632067	4210
chr16	20627857	20827857	harbor1	chr16	20715767	20716177	LTR/ERVL-MaLR	600	-	205	20715972	88115
chr16	20627857	20827857	harbor1	chr16	20716929	20717472	LTR/ERVL-MaLR	1025	-	272	20717201	89344
chr16	11368435	11568435	harbor1	chr16	11382890	11383071	LTR/ERVL-MaLR	1167	-	90	11382980	14545
chr16	11368435	11568435	harbor1	chr16	11383367	11383464	LTR/ERVL-MaLR	1167	-	48	11383415	14980
chr16	55756540	55956540	harbor1	chr16	55758538	55758608	LTR/ERVL-MaLR	463	-	35	55758573	2033
chr16	55756540	55956540	harbor1	chr16	55778922	55779309	LTR/ERVL-MaLR	948	-	194	55779116	22576
chr16	55756540	55956540	harbor1	chr16	55837922	55838062	LTR/ERVL-MaLR	902	-	70	55837992	81452
chr16	55756540	55956540	harbor1	chr16	55838273	55838554	LTR/ERVL-MaLR	902	-	140	55838413	81873
chr16	22393635	22593635	harbor1	chr16	22422077	22422259	LTR/ERVL-MaLR	1061	-	91	22422168	28533
chr16	22393635	22593635	harbor1	chr16	22427433	22427788	LTR/ERVL-MaLR	645	-	178	22427611	33976
chr16	5125381	5325381	harbor1	chr16	5125178	5125526	LTR/ERVL-MaLR	1187	-	174	5125352	29
chr16	5125381	5325381	harbor1	chr16	5125818	5125893	LTR/ERVL-MaLR	1187	-	38	5125856	475
chr16	5125381	5325381	harbor1	chr16	5131547	5131671	LTR/ERVL-MaLR	698	-	62	5131609	6228
chr16	5125381	5325381	harbor1	chr16	5153943	5154256	LTR/ERVL-MaLR	486	-	156	5154099	28718
chr16	5125381	5325381	harbor1	chr16	5162904	5162978	LTR/ERVL-MaLR	721	-	37	5162941	37560
chr16	5125381	5325381	harbor1	chr16	5163272	5163527	LTR/ERVL-MaLR	721	-	128	5163400	38019
chr16	5125381	5325381	harbor1	chr16	5165249	5165827	LTR/ERVL-MaLR	1994	-	289	5165538	40157
chr16	5125381	5325381	harbor1	chr16	5173377	5173725	LTR/ERVL-MaLR	1155	-	174	5173551	48170
chr16	5125381	5325381	harbor1	chr16	5174022	5174106	LTR/ERVL-MaLR	1155	-	42	5174064	48683
chr16	5125381	5325381	harbor1	chr16	5179312	5179677	LTR/ERVL-MaLR	1683	-	182	5179494	54113
chr16	5125381	5325381	harbor1	chr16	5192020	5192435	LTR/ERVL-MaLR	1644	-	208	5192228	66847
chr16	5125381	5325381	harbor1	chr16	5197734	5198072	LTR/ERVL-MaLR	1747	-	169	5197903	72522
chr16	5125381	5325381	harbor1	chr16	5198369	5198391	LTR/ERVL-MaLR	1747	-	11	5198380	72999
chr16	5125381	5325381	harbor1	chr16	5199819	5200154	LTR/ERVL-MaLR	1516	-	168	5199987	74606
chr16	5125381	5325381	harbor1	chr16	5205171	5205542	LTR/ERVL-MaLR	2059	-	186	5205357	79976
chr16	5125381	5325381	harbor1	chr16	5208005	5208389	LTR/ERVL-MaLR	567	-	192	5208197	82816
chr16	7783580	7983580	harbor1	chr16	7828791	7828931	LTR/ERVL-MaLR	1562	-	70	7828861	45281
chr16	7783580	7983580	harbor1	chr16	7829461	7829782	LTR/ERVL-MaLR	1562	-	160	7829621	46041
chr16	7783580	7983580	harbor1	chr16	7848677	7849066	LTR/ERVL-MaLR	2286	-	194	7848871	65291
chr16	7783580	7983580	harbor1	chr16	7875631	7875991	LTR/ERVL-MaLR	2569	-	180	7875811	92231
chr16	75453914	75653914	harbor1	chr16	75465541	75465886	LTR/ERVL-MaLR	1358	-	172	75465713	11799
chr16	75453914	75653914	harbor1	chr16	75473316	75473474	LTR/ERVL-MaLR	441	-	79	75473395	19481
chr16	75453914	75653914	harbor1	chr16	75474238	75474283	LTR/ERVL-MaLR	1385	-	22	75474260	20346
chr16	75453914	75653914	harbor1	chr16	75474575	75474805	LTR/ERVL-MaLR	1385	-	115	75474690	20776
chr16	75453914	75653914	harbor1	chr16	75475093	75475225	LTR/ERVL-MaLR	1385	-	66	75475159	21245
chr16	75453914	75653914	harbor1	chr16	75475275	75475429	LTR/ERVL-MaLR	547	-	77	75475352	21438
chr16	75453914	75653914	harbor1	chr16	75519613	75519762	LTR/ERVL-MaLR	632	-	74	75519687	65773
chr16	75453914	75653914	harbor1	chr16	75525084	75525230	LTR/ERVL-MaLR	457	-	73	75525157	71243
chr16	89794575	89994575	harbor1	chr16	89861539	89862000	LTR/ERVL-MaLR	1516	-	230	89861769	67194
chr16	61490246	61690246	harbor1	chr16	61498533	61498952	LTR/ERVL-MaLR	1459	-	210	61498743	8497
chr16	61490246	61690246	harbor1	chr16	61571908	61571994	LTR/ERVL-MaLR	501	-	43	61571951	81705
chr16	28590347	28790347	harbor1	chr16	28630951	28631313	LTR/ERVL-MaLR	2625	-	181	28631132	40785
chr16	28590347	28790347	harbor1	chr16	28640220	28640549	LTR/ERVL-MaLR	648	-	164	28640384	50037
chr16	78827007	79027007	harbor1	chr16	78832011	78832525	LTR/ERVL-MaLR	1970	-	257	78832268	5261
chr16	78827007	79027007	harbor1	chr16	78910535	78910896	LTR/ERVL-MaLR	2695	-	180	78910715	83708
chr16	78827007	79027007	harbor1	chr16	78916837	78917320	LTR/ERVL-MaLR	598	-	242	78917079	90072
chr16	78827007	79027007	harbor1	chr16	78920021	78920199	LTR/ERVL-MaLR	454	-	89	78920110	93103
chr16	18477944	18677944	harbor1	chr16	18496460	18496862	LTR/ERVL-MaLR	1207	-	201	18496661	18717
chr16	18477944	18677944	harbor1	chr16	18577544	18577968	LTR/ERVL-MaLR	709	-	212	18577756	99812
chr16	13138332	13338332	harbor1	chr16	13158289	13158523	LTR/ERVL-MaLR	590	-	117	13158406	20074
chr16	13138332	13338332	harbor1	chr16	13158540	13158746	LTR/ERVL-MaLR	599	-	103	13158643	20311
chr16	13138332	13338332	harbor1	chr16	13168423	13168533	LTR/ERVL-MaLR	552	-	55	13168478	30146
chr16	13138332	13338332	harbor1	chr16	13170369	13170417	LTR/ERVL-MaLR	2272	-	24	13170393	32061
chr16	13138332	13338332	harbor1	chr16	13170981	13171345	LTR/ERVL-MaLR	2272	-	182	13171163	32831
chr16	13138332	13338332	harbor1	chr16	13182789	13183305	LTR/ERVL-MaLR	1613	-	258	13183047	44715
chr16	13138332	13338332	harbor1	chr16	13214577	13214938	LTR/ERVL-MaLR	2321	-	180	13214757	76425
chr16	13138332	13338332	harbor1	chr16	13220050	13220357	LTR/ERVL-MaLR	644	-	154	13220204	81872
chr16	13138332	13338332	harbor1	chr16	13221904	13222274	LTR/ERVL-MaLR	2703	-	185	13222089	83757
chr16	13138332	13338332	harbor1	chr16	13222275	13222614	LTR/ERVL-MaLR	546	-	170	13222445	84113
chr16	13138332	13338332	harbor1	chr16	13223622	13223822	LTR/ERVL-MaLR	1441	-	100	13223722	85390
chr16	13138332	13338332	harbor1	chr16	13226561	13226884	LTR/ERVL-MaLR	513	-	162	13226723	88391
chr16	13138332	13338332	harbor1	chr16	13226894	13227009	LTR/ERVL-MaLR	480	-	58	13226952	88620
chr16	13138332	13338332	harbor1	chr16	13221885	13221903	LTR/ERVL-MaLR	546	-	9	13221894	83562
chr16	31259753	31459753	harbor1	chr16	31273671	31274034	LTR/ERVL-MaLR	808	-	182	31273853	14100
chr16	31259753	31459753	harbor1	chr16	31275033	31275190	LTR/ERVL-MaLR	808	-	78	31275111	15358
chr16	31259753	31459753	harbor1	chr16	31347310	31347694	LTR/ERVL-MaLR	2306	-	192	31347502	87749
chr16	29345942	29545942	harbor1	chr16	29354306	29354772	LTR/ERVL-MaLR	1551	-	233	29354539	8597
chr16	29345942	29545942	harbor1	chr16	29363177	29363521	LTR/ERVL-MaLR	783	-	172	29363349	17407
chr16	29345942	29545942	harbor1	chr16	29363838	29363863	LTR/ERVL-MaLR	783	-	12	29363850	17908
chr16	29345942	29545942	harbor1	chr16	29364172	29364261	LTR/ERVL-MaLR	783	-	44	29364216	18274
chr16	29345942	29545942	harbor1	chr16	29371502	29371847	LTR/ERVL-MaLR	543	-	172	29371674	25732
chr16	29345942	29545942	harbor1	chr16	29375376	29375444	LTR/ERVL-MaLR	1714	-	34	29375410	29468
chr16	29345942	29545942	harbor1	chr16	29375749	29376070	LTR/ERVL-MaLR	1714	-	160	29375909	29967
chr16	80762550	80962550	harbor1	chr16	80768380	80768685	LTR/ERVL-MaLR	1198	-	152	80768532	5982
chr16	80762550	80962550	harbor1	chr16	80808199	80808507	LTR/ERVL-MaLR	1325	-	154	80808353	45803
chr16	80762550	80962550	harbor1	chr16	80808715	80808922	LTR/ERVL-MaLR	1019	-	104	80808819	46269
chr16	80762550	80962550	harbor1	chr16	80817324	80817431	LTR/ERVL-MaLR	684	-	54	80817378	54828
chr16	80762550	80962550	harbor1	chr16	80817519	80817875	LTR/ERVL-MaLR	1848	-	178	80817697	55147
chr16	80762550	80962550	harbor1	chr16	80830389	80830698	LTR/ERVL-MaLR	845	-	154	80830543	67993
chr16	80762550	80962550	harbor1	chr16	80835620	80835960	LTR/ERVL-MaLR	2604	-	170	80835790	73240
chr16	80762550	80962550	harbor1	chr16	80846623	80846962	LTR/ERVL-MaLR	1543	-	170	80846793	84243
chr16	5272409	5472409	harbor1	chr16	5287492	5287888	LTR/ERVL-MaLR	627	-	198	5287690	15281
chr16	5272409	5472409	harbor1	chr16	5295332	5295856	LTR/ERVL-MaLR	1688	-	262	5295594	23185
chr16	5272409	5472409	harbor1	chr16	5313504	5313868	LTR/ERVL-MaLR	2376	-	182	5313686	41277
chr16	5272409	5472409	harbor1	chr16	5319676	5320082	LTR/ERVL-MaLR	1526	-	203	5319879	47470
chr16	5272409	5472409	harbor1	chr16	5329173	5329558	LTR/ERVL-MaLR	2420	-	192	5329365	56956
chr16	5272409	5472409	harbor1	chr16	5329602	5329717	LTR/ERVL-MaLR	1409	-	58	5329660	57251
chr16	5272409	5472409	harbor1	chr16	5330004	5330214	LTR/ERVL-MaLR	1409	-	105	5330109	57700
chr16	5272409	5472409	harbor1	chr16	5331564	5331741	LTR/ERVL-MaLR	535	-	88	5331652	59243
chr16	5272409	5472409	harbor1	chr16	5357963	5358395	LTR/ERVL-MaLR	2196	-	216	5358179	85770
chr17	53469706	53669706	harbor1	chr17	53472051	53472365	LTR/ERVL-MaLR	1455	-	157	53472208	2502
chr17	53469706	53669706	harbor1	chr17	53476353	53476804	LTR/ERVL-MaLR	1769	-	226	53476579	6873
chr17	53469706	53669706	harbor1	chr17	53490013	53490393	LTR/ERVL-MaLR	1957	-	190	53490203	20497
chr17	53469706	53669706	harbor1	chr17	53490394	53492052	LTR/ERVL-MaLR	10193	-	829	53491223	21517
chr17	53469706	53669706	harbor1	chr17	53492053	53492375	LTR/ERVL-MaLR	1536	-	161	53492214	22508
chr17	71898852	72098852	harbor1	chr17	71904351	71904712	LTR/ERVL-MaLR	2737	-	180	71904531	5679
chr17	71898852	72098852	harbor1	chr17	71910607	71910978	LTR/ERVL-MaLR	2113	-	186	71910793	11941
chr17	71898852	72098852	harbor1	chr17	71954088	71954280	LTR/ERVL-MaLR	1895	-	96	71954184	55332
chr17	71898852	72098852	harbor1	chr17	71954341	71954495	LTR/ERVL-MaLR	1895	-	77	71954418	55566
chr17	71898852	72098852	harbor1	chr17	71960479	71960841	LTR/ERVL-MaLR	2799	-	181	71960660	61808
chr17	71898852	72098852	harbor1	chr17	71971971	71972110	LTR/ERVL-MaLR	1643	-	70	71972041	73189
chr17	71898852	72098852	harbor1	chr17	71972399	71972622	LTR/ERVL-MaLR	1643	-	112	71972511	73659
chr17	71898852	72098852	harbor1	chr17	71972623	71972982	LTR/ERVL-MaLR	1691	-	180	71972803	73951
chr17	71898852	72098852	harbor1	chr17	71972983	71973083	LTR/ERVL-MaLR	1643	-	50	71973033	74181
chr17	37527918	37727918	harbor1	chr17	37528196	37528376	LTR/ERVL-MaLR	579	-	90	37528286	368
chr17	81795964	81995964	harbor1	chr17	81836661	81836724	LTR/ERVL-MaLR	1715	-	32	81836693	40729
chr17	81795964	81995964	harbor1	chr17	81837635	81838000	LTR/ERVL-MaLR	1715	-	182	81837817	41853
chr17	29062749	29262749	harbor1	chr17	29064726	29065086	LTR/ERVL-MaLR	2427	-	180	29064906	2157
chr17	6933584	7133584	harbor1	chr17	6946304	6946375	LTR/ERVL-MaLR	1338	-	36	6946340	12756
chr17	6933584	7133584	harbor1	chr17	6976737	6977107	LTR/ERVL-MaLR	1147	-	185	6976922	43338
chr17	6933584	7133584	harbor1	chr17	7007569	7007602	LTR/ERVL-MaLR	1323	-	16	7007585	74001
chr17	6933584	7133584	harbor1	chr17	7007902	7008220	LTR/ERVL-MaLR	1323	-	159	7008061	74477
chr17	6933584	7133584	harbor1	chr17	7030286	7030579	LTR/ERVL-MaLR	1729	-	146	7030432	96848
chr17	6933584	7133584	harbor1	chr17	7030876	7030972	LTR/ERVL-MaLR	1729	-	48	7030924	97340
chr17	6933584	7133584	harbor1	chr17	7030973	7031262	LTR/ERVL-MaLR	5370	-	144	7031117	97533
chr17	6933584	7133584	harbor1	chr17	7031558	7032158	LTR/ERVL-MaLR	5370	-	300	7031858	98274
chr17	6933584	7133584	harbor1	chr17	7032200	7032838	LTR/ERVL-MaLR	5370	-	319	7032519	98935
chr17	6933584	7133584	harbor1	chr17	7033141	7033367	LTR/ERVL-MaLR	5370	-	113	7033254	99670
chr17	6933584	7133584	harbor1	chr17	6946659	6946995	LTR/ERVL-MaLR	1338	-	168	6946827	13243
chr17	36112097	36312097	harbor1	chr17	36138095	36138450	LTR/ERVL-MaLR	2162	-	178	36138273	26176
chr17	36112097	36312097	harbor1	chr17	36144703	36145068	LTR/ERVL-MaLR	2132	-	182	36144885	32788
chr17	36112097	36312097	harbor1	chr17	36145117	36145131	LTR/ERVL-MaLR	1759	-	7	36145124	33027
chr17	36112097	36312097	harbor1	chr17	36145703	36146213	LTR/ERVL-MaLR	1759	-	255	36145958	33861
chr17	36112097	36312097	harbor1	chr17	36146214	36146575	LTR/ERVL-MaLR	1559	-	180	36146394	34297
chr17	36112097	36312097	harbor1	chr17	36178212	36178551	LTR/ERVL-MaLR	1756	-	170	36178382	66285
chr17	36112097	36312097	harbor1	chr17	36181453	36181656	LTR/ERVL-MaLR	871	-	102	36181555	69458
chr17	27986699	28186699	harbor1	chr17	27993712	27994238	LTR/ERVL-MaLR	2051	-	263	27993975	7276
chr17	27986699	28186699	harbor1	chr17	27997547	27997822	LTR/ERVL-MaLR	657	-	138	27997685	10986
chr17	27986699	28186699	harbor1	chr17	28045370	28045502	LTR/ERVL-MaLR	842	-	66	28045436	58737
chr17	27986699	28186699	harbor1	chr17	28076203	28076553	LTR/ERVL-MaLR	2130	-	175	28076378	89679
chr17	27986699	28186699	harbor1	chr17	28077174	28077527	LTR/ERVL-MaLR	2420	-	176	28077350	90651
chr17	12440074	12640074	harbor1	chr17	12470064	12470440	LTR/ERVL-MaLR	1833	-	188	12470252	30178
chr17	12440074	12640074	harbor1	chr17	12510003	12510373	LTR/ERVL-MaLR	1586	-	185	12510188	70114
chr17	12440074	12640074	harbor1	chr17	12530119	12530510	LTR/ERVL-MaLR	1170	-	196	12530315	90241
chr17	72962286	73162286	harbor1	chr17	72962223	72962542	LTR/ERVL-MaLR	1583	-	160	72962383	97
chr17	72962286	73162286	harbor1	chr17	72962837	72963066	LTR/ERVL-MaLR	1583	-	114	72962951	665
chr17	72962286	73162286	harbor1	chr17	72992806	72993163	LTR/ERVL-MaLR	2718	-	178	72992984	30698
chr17	72962286	73162286	harbor1	chr17	72996351	72996791	LTR/ERVL-MaLR	1961	-	220	72996571	34285
chr17	72962286	73162286	harbor1	chr17	73002663	73003115	LTR/ERVL-MaLR	1645	-	226	73002889	40603
chr17	72962286	73162286	harbor1	chr17	73004261	73004585	LTR/ERVL-MaLR	1290	-	162	73004423	42137
chr17	72962286	73162286	harbor1	chr17	73050985	73051305	LTR/ERVL-MaLR	1166	-	160	73051145	88859
chr17	62281739	62481739	harbor1	chr17	62303190	62303571	LTR/ERVL-MaLR	1656	-	190	62303380	21641
chr17	62281739	62481739	harbor1	chr17	62305917	62306312	LTR/ERVL-MaLR	956	-	198	62306115	24376
chr17	62281739	62481739	harbor1	chr17	62341748	62342102	LTR/ERVL-MaLR	2365	-	177	62341925	60186
chr17	31549001	31749001	harbor1	chr17	31629855	31630215	LTR/ERVL-MaLR	931	-	180	31630035	81034
chr17	31549001	31749001	harbor1	chr17	31647175	31647369	LTR/ERVL-MaLR	745	-	97	31647272	98271
chr17	31549001	31749001	harbor1	chr17	31647570	31647942	LTR/ERVL-MaLR	1289	-	186	31647756	98755
chr17	7697627	7897627	harbor1	chr17	7757666	7758026	LTR/ERVL-MaLR	2300	-	180	7757846	60219
chr17	81156109	81356109	harbor1	chr17	81161287	81161516	LTR/ERVL-MaLR	724	-	114	81161401	5292
chr17	81156109	81356109	harbor1	chr17	81170361	81170546	LTR/ERVL-MaLR	677	-	92	81170453	14344
chr17	81156109	81356109	harbor1	chr17	81242743	81243032	LTR/ERVL-MaLR	970	-	144	81242887	86778
chr17	33785461	33985461	harbor1	chr17	33817641	33818238	LTR/ERVL-MaLR	1221	-	298	33817939	32478
chr17	9397947	9597947	harbor1	chr17	9456982	9457142	LTR/ERVL-MaLR	1169	-	80	9457062	59115
chr17	9397947	9597947	harbor1	chr17	9457143	9457635	LTR/ERVL-MaLR	2117	-	246	9457389	59442
chr17	9397947	9597947	harbor1	chr17	9457636	9457927	LTR/ERVL-MaLR	1169	-	146	9457782	59835
chr17	9397947	9597947	harbor1	chr17	9476319	9476441	LTR/ERVL-MaLR	1891	-	61	9476380	78433
chr17	9397947	9597947	harbor1	chr17	9476753	9476847	LTR/ERVL-MaLR	1891	-	47	9476800	78853
chr17	9397947	9597947	harbor1	chr17	9477157	9477338	LTR/ERVL-MaLR	1891	-	90	9477247	79300
chr17	9397947	9597947	harbor1	chr17	9483056	9483541	LTR/ERVL-MaLR	1752	-	242	9483298	85351
chr17	34477470	34677470	harbor1	chr17	34509711	34509896	LTR/ERVL-MaLR	806	-	92	34509803	32333
chr17	34477470	34677470	harbor1	chr17	34509944	34510213	LTR/ERVL-MaLR	806	-	134	34510078	32608
chr17	34477470	34677470	harbor1	chr17	34511145	34511633	LTR/ERVL-MaLR	964	-	244	34511389	33919
chr17	34477470	34677470	harbor1	chr17	34562224	34562595	LTR/ERVL-MaLR	712	-	186	34562410	84940
chr17	34477470	34677470	harbor1	chr17	34570408	34570815	LTR/ERVL-MaLR	2422	-	204	34570612	93142
chr17	69596742	69796742	harbor1	chr17	69603975	69604030	LTR/ERVL-MaLR	1181	-	28	69604003	7261
chr17	69596742	69796742	harbor1	chr17	69604233	69604611	LTR/ERVL-MaLR	1181	-	189	69604422	7680
chr17	69596742	69796742	harbor1	chr17	69610093	69610448	LTR/ERVL-MaLR	2121	-	178	69610271	13529
chr17	69596742	69796742	harbor1	chr17	69620050	69620097	LTR/ERVL-MaLR	733	-	24	69620074	23332
chr17	69596742	69796742	harbor1	chr17	69620359	69620639	LTR/ERVL-MaLR	733	-	140	69620499	23757
chr17	69596742	69796742	harbor1	chr17	69622471	69622599	LTR/ERVL-MaLR	592	-	64	69622535	25793
chr17	69596742	69796742	harbor1	chr17	69625431	69625963	LTR/ERVL-MaLR	2316	-	266	69625697	28955
chr17	69596742	69796742	harbor1	chr17	69636620	69637005	LTR/ERVL-MaLR	1221	-	192	69636812	40070
chr17	69596742	69796742	harbor1	chr17	69652628	69652993	LTR/ERVL-MaLR	2551	-	182	69652810	56068
chr17	69596742	69796742	harbor1	chr17	69659520	69659922	LTR/ERVL-MaLR	2188	-	201	69659721	62979
chr17	69596742	69796742	harbor1	chr17	69692077	69692229	LTR/ERVL-MaLR	497	-	76	69692153	95411
chr17	29442999	29642999	harbor1	chr17	29490683	29491046	LTR/ERVL-MaLR	1598	-	182	29490865	47866
chr17	6359288	6559288	harbor1	chr17	6374341	6374505	LTR/ERVL-MaLR	606	-	82	6374423	15135
chr17	6359288	6559288	harbor1	chr17	6397827	6398202	LTR/ERVL-MaLR	2550	-	188	6398015	38727
chr17	6359288	6559288	harbor1	chr17	6401790	6402189	LTR/ERVL-MaLR	2357	-	200	6401990	42702
chr17	6359288	6559288	harbor1	chr17	6404028	6404475	LTR/ERVL-MaLR	1401	-	224	6404252	44964
chr17	6359288	6559288	harbor1	chr17	6407935	6408195	LTR/ERVL-MaLR	516	-	130	6408065	48777
chr17	6359288	6559288	harbor1	chr17	6439073	6439453	LTR/ERVL-MaLR	985	-	190	6439263	79975
chr17	6359288	6559288	harbor1	chr17	6441720	6442023	LTR/ERVL-MaLR	892	-	152	6441872	82584
chr17	29943389	30143389	harbor1	chr17	29951966	29952376	LTR/ERVL-MaLR	1935	-	205	29952171	8782
chr17	29943389	30143389	harbor1	chr17	29982990	29983552	LTR/ERVL-MaLR	778	-	281	29983271	39882
chr17	29943389	30143389	harbor1	chr17	30008784	30009251	LTR/ERVL-MaLR	1824	-	234	30009018	65629
chr17	29943389	30143389	harbor1	chr17	30028649	30029033	LTR/ERVL-MaLR	2140	-	192	30028841	85452
chr17	29943389	30143389	harbor1	chr17	30032264	30032373	LTR/ERVL-MaLR	824	-	54	30032318	88929
chr17	29943389	30143389	harbor1	chr17	30032877	30033050	LTR/ERVL-MaLR	824	-	86	30032963	89574
chr17	57428377	57628377	harbor1	chr17	57461926	57462250	LTR/ERVL-MaLR	1924	-	162	57462088	33711
chr17	57428377	57628377	harbor1	chr17	57476467	57476679	LTR/ERVL-MaLR	578	-	106	57476573	48196
chr17	57428377	57628377	harbor1	chr17	57499568	57499979	LTR/ERVL-MaLR	791	-	206	57499774	71397
chr17	57428377	57628377	harbor1	chr17	57500011	57500127	LTR/ERVL-MaLR	503	-	58	57500069	71692
chr17	57428377	57628377	harbor1	chr17	57524002	57524343	LTR/ERVL-MaLR	935	-	170	57524172	95795
chr17	71732756	71932756	harbor1	chr17	71763263	71763592	LTR/ERVL-MaLR	2014	-	164	71763427	30671
chr17	71732756	71932756	harbor1	chr17	71764437	71764866	LTR/ERVL-MaLR	941	-	214	71764651	31895
chr17	71732756	71932756	harbor1	chr17	71784983	71785281	LTR/ERVL-MaLR	1618	-	149	71785132	52376
chr17	71732756	71932756	harbor1	chr17	71788458	71788873	LTR/ERVL-MaLR	2214	-	208	71788666	55910
chr17	71732756	71932756	harbor1	chr17	71795569	71795941	LTR/ERVL-MaLR	2352	-	186	71795755	62999
chr17	71732756	71932756	harbor1	chr17	71806998	71807344	LTR/ERVL-MaLR	1561	-	173	71807171	74415
chr17	71732756	71932756	harbor1	chr17	71822372	71822732	LTR/ERVL-MaLR	2486	-	180	71822552	89796
chr17	71732756	71932756	harbor1	chr17	71826457	71826837	LTR/ERVL-MaLR	2246	-	190	71826647	93891
chr17	22271651	22471651	harbor1	chr17	22369911	22370257	LTR/ERVL-MaLR	2138	-	173	22370084	98433
chr17	22271651	22471651	harbor1	chr17	22370258	22371836	LTR/ERVL-MaLR	11299	-	789	22371047	99396
chr17	69894440	70094440	harbor1	chr17	69897006	69897206	LTR/ERVL-MaLR	1289	-	100	69897106	2666
chr17	69894440	70094440	harbor1	chr17	69897514	69897939	LTR/ERVL-MaLR	1289	-	212	69897726	3286
chr17	69894440	70094440	harbor1	chr17	69901576	69901732	LTR/ERVL-MaLR	1486	-	78	69901654	7214
chr17	69894440	70094440	harbor1	chr17	69902096	69902290	LTR/ERVL-MaLR	1486	-	97	69902193	7753
chr17	69894440	70094440	harbor1	chr17	69910645	69911007	LTR/ERVL-MaLR	2640	-	181	69910826	16386
chr17	69894440	70094440	harbor1	chr17	69951564	69951898	LTR/ERVL-MaLR	812	-	167	69951731	57291
chr17	69894440	70094440	harbor1	chr17	69952295	69952399	LTR/ERVL-MaLR	606	-	52	69952347	57907
chr17	69894440	70094440	harbor1	chr17	69964296	69964807	LTR/ERVL-MaLR	1892	-	256	69964552	70112
chr17	69894440	70094440	harbor1	chr17	69964813	69965196	LTR/ERVL-MaLR	749	-	192	69965005	70565
chr17	69894440	70094440	harbor1	chr17	69965199	69965399	LTR/ERVL-MaLR	1155	-	100	69965299	70859
chr17	69894440	70094440	harbor1	chr17	69965427	69966440	LTR/ERVL-MaLR	1155	-	506	69965933	71493
chr17	69894440	70094440	harbor1	chr17	69966576	69966704	LTR/ERVL-MaLR	561	-	64	69966640	72200
chr17	69894440	70094440	harbor1	chr17	69966737	69966788	LTR/ERVL-MaLR	561	-	26	69966763	72323
chr17	69894440	70094440	harbor1	chr17	69973036	69973408	LTR/ERVL-MaLR	2360	-	186	69973222	78782
chr17	69894440	70094440	harbor1	chr17	69973677	69973966	LTR/ERVL-MaLR	568	-	144	69973821	79381
chr17	69894440	70094440	harbor1	chr17	69974156	69974440	LTR/ERVL-MaLR	973	-	142	69974298	79858
chr17	69894440	70094440	harbor1	chr17	69974459	69974983	LTR/ERVL-MaLR	2192	-	262	69974721	80281
chr17	69894440	70094440	harbor1	chr17	69984447	69984851	LTR/ERVL-MaLR	1780	-	202	69984649	90209
chr17	69894440	70094440	harbor1	chr17	69993977	69994127	LTR/ERVL-MaLR	681	-	75	69994052	99612
chr17	61497291	61697291	harbor1	chr17	61508468	61508827	LTR/ERVL-MaLR	2136	-	180	61508648	11357
chr17	33538029	33738029	harbor1	chr17	33539994	33540437	LTR/ERVL-MaLR	1743	-	222	33540216	2187
chr17	33538029	33738029	harbor1	chr17	33603710	33604080	LTR/ERVL-MaLR	1322	-	185	33603895	65866
chr17	33538029	33738029	harbor1	chr17	33570668	33571038	LTR/ERVL-MaLR	852	-	185	33570853	32824
chr17	75796497	75996497	harbor1	chr17	75880154	75880341	LTR/ERVL-MaLR	519	-	94	75880248	83751
chr17	75796497	75996497	harbor1	chr17	75880461	75880637	LTR/ERVL-MaLR	754	-	88	75880549	84052
chr17	75796497	75996497	harbor1	chr17	75881337	75881682	LTR/ERVL-MaLR	1557	-	172	75881509	85012
chr17	42164946	42364946	harbor1	chr17	42182662	42183101	LTR/ERVL-MaLR	2748	-	220	42182882	17936
chr17	8708227	8908227	harbor1	chr17	8715926	8715982	LTR/ERVL-MaLR	1783	-	28	8715954	7727
chr17	8708227	8908227	harbor1	chr17	8716793	8717045	LTR/ERVL-MaLR	1783	-	126	8716919	8692
chr17	8708227	8908227	harbor1	chr17	8718633	8718650	LTR/ERVL-MaLR	1783	-	8	8718641	10414
chr17	8708227	8908227	harbor1	chr17	8747825	8748173	LTR/ERVL-MaLR	2473	-	174	8747999	39772
chr17	8708227	8908227	harbor1	chr17	8762060	8762414	LTR/ERVL-MaLR	2614	-	177	8762237	54010
chr17	8708227	8908227	harbor1	chr17	8786728	8787130	LTR/ERVL-MaLR	2675	-	201	8786929	78702
chr17	8708227	8908227	harbor1	chr17	8716280	8716440	LTR/ERVL-MaLR	1783	-	80	8716360	8133
chr17	54145149	54345149	harbor1	chr17	54187586	54187980	LTR/ERVL-MaLR	2348	-	197	54187783	42634
chr17	54145149	54345149	harbor1	chr17	54189449	54189782	LTR/ERVL-MaLR	1844	-	166	54189615	44466
chr17	54145149	54345149	harbor1	chr17	54237986	54238378	LTR/ERVL-MaLR	1131	-	196	54238182	93033
chr17	76511755	76711755	harbor1	chr17	76553241	76553448	LTR/ERVL-MaLR	632	-	104	76553345	41590
chr17	76511755	76711755	harbor1	chr17	76583523	76583607	LTR/ERVL-MaLR	582	-	42	76583565	71810
chr17	76511755	76711755	harbor1	chr17	76602940	76603351	LTR/ERVL-MaLR	2749	-	206	76603146	91391
chr17	35179891	35379891	harbor1	chr17	35179983	35180250	LTR/ERVL-MaLR	691	-	134	35180117	226
chr17	35179891	35379891	harbor1	chr17	35181990	35182091	LTR/ERVL-MaLR	527	-	50	35182040	2149
chr17	35179891	35379891	harbor1	chr17	35182389	35182636	LTR/ERVL-MaLR	527	-	124	35182513	2622
chr17	35179891	35379891	harbor1	chr17	35185845	35186270	LTR/ERVL-MaLR	1065	-	212	35186057	6166
chr17	35179891	35379891	harbor1	chr17	35187193	35187720	LTR/ERVL-MaLR	991	-	264	35187457	7566
chr17	35179891	35379891	harbor1	chr17	35188759	35189080	LTR/ERVL-MaLR	762	-	160	35188919	9028
chr17	35179891	35379891	harbor1	chr17	35230172	35230555	LTR/ERVL-MaLR	2195	-	192	35230364	50473
chr17	35179891	35379891	harbor1	chr17	35252977	35253321	LTR/ERVL-MaLR	1786	-	172	35253149	73258
chr17	35179891	35379891	harbor1	chr17	35258188	35258544	LTR/ERVL-MaLR	2119	-	178	35258366	78475
chr17	53787733	53987733	harbor1	chr17	53846549	53847043	LTR/ERVL-MaLR	1883	-	247	53846796	59063
chr17	53787733	53987733	harbor1	chr17	53866859	53867263	LTR/ERVL-MaLR	1990	-	202	53867061	79328
chr17	53787733	53987733	harbor1	chr17	53867264	53868178	LTR/ERVL-MaLR	4790	-	457	53867721	79988
chr17	53787733	53987733	harbor1	chr17	53885922	53886344	LTR/ERVL-MaLR	2263	-	211	53886133	98400
chr17	82799175	82999175	harbor1	chr17	82841634	82842121	LTR/ERVL-MaLR	1097	-	244	82841878	42703
chr17	82799175	82999175	harbor1	chr17	82852358	82852736	LTR/ERVL-MaLR	1297	-	189	82852547	53372
chr17	82799175	82999175	harbor1	chr17	82804422	82804800	LTR/ERVL-MaLR	845	-	189	82804611	5436
chr17	53984220	54184220	harbor1	chr17	53985921	53986241	LTR/ERVL-MaLR	994	-	160	53986081	1861
chr17	53984220	54184220	harbor1	chr17	54036617	54037098	LTR/ERVL-MaLR	984	-	240	54036857	52637
chr17	53984220	54184220	harbor1	chr17	54041049	54041475	LTR/ERVL-MaLR	2282	-	213	54041262	57042
chr17	53984220	54184220	harbor1	chr17	54049342	54049705	LTR/ERVL-MaLR	2505	-	182	54049524	65304
chr17	53984220	54184220	harbor1	chr17	54051310	54051674	LTR/ERVL-MaLR	2636	-	182	54051492	67272
chr17	53984220	54184220	harbor1	chr17	54063606	54064054	LTR/ERVL-MaLR	704	-	224	54063830	79610
chr17	53984220	54184220	harbor1	chr17	54081540	54081956	LTR/ERVL-MaLR	2381	-	208	54081748	97528
chr17	53984220	54184220	harbor1	chr17	54082051	54082432	LTR/ERVL-MaLR	2771	-	190	54082241	98021
chr17	53984220	54184220	harbor1	chr17	54082435	54082810	LTR/ERVL-MaLR	2632	-	188	54082623	98403
chr17	53984220	54184220	harbor1	chr17	54049706	54051309	LTR/ERVL-MaLR	10503	-	802	54050508	66288
chr17	53984220	54184220	harbor1	chr17	54001389	54002003	LTR/ERVL-MaLR	2056	-	307	54001696	17476
chr17	45854010	46054010	harbor1	chr17	45860377	45860814	LTR/ERVL-MaLR	952	-	218	45860595	6585
chr17	45854010	46054010	harbor1	chr17	45880341	45880713	LTR/ERVL-MaLR	913	-	186	45880527	26517
chr17	45854010	46054010	harbor1	chr17	45881032	45881239	LTR/ERVL-MaLR	913	-	104	45881136	27126
chr17	45854010	46054010	harbor1	chr17	45888432	45888790	LTR/ERVL-MaLR	2571	-	179	45888611	34601
chr17	45854010	46054010	harbor1	chr17	45913072	45913406	LTR/ERVL-MaLR	2101	-	167	45913239	59229
chr17	45854010	46054010	harbor1	chr17	45918691	45918772	LTR/ERVL-MaLR	596	-	40	45918731	64721
chr17	45854010	46054010	harbor1	chr17	45929370	45929619	LTR/ERVL-MaLR	490	-	124	45929494	75484
chr17	45854010	46054010	harbor1	chr17	45938091	45938615	LTR/ERVL-MaLR	1917	-	262	45938353	84343
chr17	15715815	15915815	harbor1	chr17	15718735	15719132	LTR/ERVL-MaLR	2388	-	198	15718933	3118
chr17	15715815	15915815	harbor1	chr17	15719407	15719713	LTR/ERVL-MaLR	1698	-	153	15719560	3745
chr17	15715815	15915815	harbor1	chr17	15722351	15722721	LTR/ERVL-MaLR	550	-	185	15722536	6721
chr17	15715815	15915815	harbor1	chr17	15746264	15746444	LTR/ERVL-MaLR	557	-	90	15746354	30539
chr17	15715815	15915815	harbor1	chr17	15751322	15751623	LTR/ERVL-MaLR	1235	-	150	15751472	35657
chr17	15715815	15915815	harbor1	chr17	15766179	15766513	LTR/ERVL-MaLR	1477	-	167	15766346	50531
chr17	15715815	15915815	harbor1	chr17	15778116	15778418	LTR/ERVL-MaLR	10988	-	151	15778267	62452
chr17	15715815	15915815	harbor1	chr17	15778718	15779968	LTR/ERVL-MaLR	10988	-	625	15779343	63528
chr17	15715815	15915815	harbor1	chr17	15779969	15780329	LTR/ERVL-MaLR	2004	-	180	15780149	64334
chr17	15715815	15915815	harbor1	chr17	15777752	15778110	LTR/ERVL-MaLR	2111	-	179	15777931	62116
chr17	392407	592407	harbor1	chr17	401302	401583	LTR/ERVL-MaLR	582	-	140	401442	9035
chr17	392407	592407	harbor1	chr17	407689	408221	LTR/ERVL-MaLR	717	-	266	407955	15548
chr17	392407	592407	harbor1	chr17	417047	417126	LTR/ERVL-MaLR	720	-	40	417087	24680
chr17	392407	592407	harbor1	chr17	417440	417772	LTR/ERVL-MaLR	720	-	166	417606	25199
chr17	392407	592407	harbor1	chr17	430957	431406	LTR/ERVL-MaLR	1799	-	224	431181	38774
chr17	70902390	71102390	harbor1	chr17	70914229	70914590	LTR/ERVL-MaLR	2445	-	180	70914409	12019
chr17	70902390	71102390	harbor1	chr17	70943726	70944129	LTR/ERVL-MaLR	1507	-	202	70943928	41538
chr17	70902390	71102390	harbor1	chr17	70977862	70978213	LTR/ERVL-MaLR	2186	-	176	70978038	75648
chr17	70902390	71102390	harbor1	chr17	70983165	70983530	LTR/ERVL-MaLR	2124	-	182	70983347	80957
chr17	70902390	71102390	harbor1	chr17	70983531	70985106	LTR/ERVL-MaLR	11433	-	788	70984319	81929
chr17	70902390	71102390	harbor1	chr17	70985112	70985472	LTR/ERVL-MaLR	2024	-	180	70985292	82902
chr17	63352799	63552799	harbor1	chr17	63370555	63370902	LTR/ERVL-MaLR	1129	-	174	63370729	17930
chr17	63352799	63552799	harbor1	chr17	63377007	63377747	LTR/ERVL-MaLR	4648	-	370	63377377	24578
chr17	63352799	63552799	harbor1	chr17	63377748	63378098	LTR/ERVL-MaLR	2118	-	175	63377923	25124
chr17	63352799	63552799	harbor1	chr17	63387904	63388307	LTR/ERVL-MaLR	962	-	202	63388106	35307
chr17	81381102	81581102	harbor1	chr17	81381311	81381534	LTR/ERVL-MaLR	581	-	112	81381423	321
chr17	7106342	7306342	harbor1	chr17	7139010	7139390	LTR/ERVL-MaLR	1829	-	190	7139200	32858
chr17	7106342	7306342	harbor1	chr17	7154065	7154522	LTR/ERVL-MaLR	2757	-	228	7154293	47951
chr17	7106342	7306342	harbor1	chr17	7154523	7154883	LTR/ERVL-MaLR	2761	-	180	7154703	48361
chr17	55569191	55769191	harbor1	chr17	55586047	55586418	LTR/ERVL-MaLR	2315	-	186	55586233	17042
chr17	55569191	55769191	harbor1	chr17	55608440	55608760	LTR/ERVL-MaLR	979	-	160	55608600	39409
chr17	55569191	55769191	harbor1	chr17	55609080	55609172	LTR/ERVL-MaLR	979	-	46	55609126	39935
chr17	55569191	55769191	harbor1	chr17	55612667	55612972	LTR/ERVL-MaLR	678	-	152	55612819	43628
chr17	55569191	55769191	harbor1	chr17	55621664	55622017	LTR/ERVL-MaLR	2506	-	176	55621840	52649
chr17	55569191	55769191	harbor1	chr17	55623864	55624356	LTR/ERVL-MaLR	1359	-	246	55624110	54919
chr17	55569191	55769191	harbor1	chr17	55633722	55634074	LTR/ERVL-MaLR	1754	-	176	55633898	64707
chr17	55569191	55769191	harbor1	chr17	55648660	55649115	LTR/ERVL-MaLR	2053	-	228	55648888	79697
chr17	55569191	55769191	harbor1	chr17	55649116	55649624	LTR/ERVL-MaLR	1810	-	254	55649370	80179
chr17	12267707	12467707	harbor1	chr17	12288634	12289115	LTR/ERVL-MaLR	1835	-	240	12288874	21167
chr17	12267707	12467707	harbor1	chr17	12302456	12302862	LTR/ERVL-MaLR	1615	-	203	12302659	34952
chr17	12267707	12467707	harbor1	chr17	12322149	12322469	LTR/ERVL-MaLR	1146	-	160	12322309	54602
chr17	12267707	12467707	harbor1	chr17	12322741	12322857	LTR/ERVL-MaLR	1146	-	58	12322799	55092
chr17	12267707	12467707	harbor1	chr17	12323566	12323754	LTR/ERVL-MaLR	513	-	94	12323660	55953
chr17	12267707	12467707	harbor1	chr17	12325733	12326073	LTR/ERVL-MaLR	2178	-	170	12325903	58196
chr17	12267707	12467707	harbor1	chr17	12340691	12340865	LTR/ERVL-MaLR	840	-	87	12340778	73071
chr17	12267707	12467707	harbor1	chr17	12349169	12349553	LTR/ERVL-MaLR	892	-	192	12349361	81654
chr17	12267707	12467707	harbor1	chr17	12355142	12355523	LTR/ERVL-MaLR	2094	-	190	12355332	87625
chr17	12267707	12467707	harbor1	chr17	12356593	12356990	LTR/ERVL-MaLR	781	-	198	12356791	89084
chr17	12267707	12467707	harbor1	chr17	12364063	12364247	LTR/ERVL-MaLR	1801	-	92	12364155	96448
chr17	12267707	12467707	harbor1	chr17	12364310	12364487	LTR/ERVL-MaLR	1801	-	88	12364398	96691
chr17	5177369	5377369	harbor1	chr17	5185169	5185523	LTR/ERVL-MaLR	2428	-	177	5185346	7977
chr17	5177369	5377369	harbor1	chr17	5185524	5187093	LTR/ERVL-MaLR	11934	-	784	5186308	8939
chr17	5177369	5377369	harbor1	chr17	5187094	5187447	LTR/ERVL-MaLR	2427	-	176	5187270	9901
chr17	5177369	5377369	harbor1	chr17	5260670	5261025	LTR/ERVL-MaLR	688	-	178	5260848	83479
chr17	15603045	15803045	harbor1	chr17	15624980	15625096	LTR/ERVL-MaLR	735	-	58	15625038	21993
chr17	15603045	15803045	harbor1	chr17	15625098	15625213	LTR/ERVL-MaLR	698	-	58	15625156	22111
chr17	15603045	15803045	harbor1	chr17	15653396	15653758	LTR/ERVL-MaLR	2070	-	181	15653577	50532
chr17	15603045	15803045	harbor1	chr17	15698178	15698659	LTR/ERVL-MaLR	973	-	240	15698418	95373
chr17	15603045	15803045	harbor1	chr17	15702737	15703261	LTR/ERVL-MaLR	550	-	262	15702999	99954
chr17	66116854	66316854	harbor1	chr17	66148020	66148366	LTR/ERVL-MaLR	2080	-	173	66148193	31339
chr17	66116854	66316854	harbor1	chr17	66169787	66170036	LTR/ERVL-MaLR	905	-	124	66169911	53057
chr17	66116854	66316854	harbor1	chr17	66170117	66170256	LTR/ERVL-MaLR	685	-	70	66170187	53333
chr17	55405051	55605051	harbor1	chr17	55477209	55477636	LTR/ERVL-MaLR	1579	-	214	55477423	72372
chr17	55405051	55605051	harbor1	chr17	55497921	55498334	LTR/ERVL-MaLR	1992	-	206	55498127	93076
chr17	39481929	39681929	harbor1	chr17	39571363	39571847	LTR/ERVL-MaLR	2049	-	242	39571605	89676
chr17	54331164	54531164	harbor1	chr17	54334544	54334885	LTR/ERVL-MaLR	833	-	170	54334714	3550
chr17	54331164	54531164	harbor1	chr17	54356462	54356820	LTR/ERVL-MaLR	2247	-	179	54356641	25477
chr17	54331164	54531164	harbor1	chr17	54356821	54358377	LTR/ERVL-MaLR	11144	-	778	54357599	26435
chr17	54331164	54531164	harbor1	chr17	54358378	54358738	LTR/ERVL-MaLR	2225	-	180	54358558	27394
chr17	54331164	54531164	harbor1	chr17	54361015	54361392	LTR/ERVL-MaLR	2483	-	188	54361203	30039
chr17	54331164	54531164	harbor1	chr17	54398819	54399084	LTR/ERVL-MaLR	1232	-	132	54398951	67787
chr17	47067017	47267017	harbor1	chr17	47106164	47106405	LTR/ERVL-MaLR	586	-	120	47106284	39267
chr17	79927268	80127268	harbor1	chr17	79965939	79966375	LTR/ERVL-MaLR	1536	-	218	79966157	38889
chr17	79927268	80127268	harbor1	chr17	79984982	79985366	LTR/ERVL-MaLR	1167	-	192	79985174	57906
chr17	56047537	56247537	harbor1	chr17	56069577	56069683	LTR/ERVL-MaLR	1448	-	53	56069630	22093
chr17	56047537	56247537	harbor1	chr17	56070238	56070588	LTR/ERVL-MaLR	1448	-	175	56070413	22876
chr17	56047537	56247537	harbor1	chr17	56092578	56093101	LTR/ERVL-MaLR	1613	-	262	56092840	45303
chr17	56047537	56247537	harbor1	chr17	56109581	56109786	LTR/ERVL-MaLR	492	-	102	56109683	62146
chr17	56047537	56247537	harbor1	chr17	56132585	56132955	LTR/ERVL-MaLR	2083	-	185	56132770	85233
chr17	56047537	56247537	harbor1	chr17	56145328	56145697	LTR/ERVL-MaLR	2410	-	184	56145512	97975
chr17	56047537	56247537	harbor1	chr17	56145698	56145840	LTR/ERVL-MaLR	1089	-	71	56145769	98232
chr17	56047537	56247537	harbor1	chr17	56145841	56147345	LTR/ERVL-MaLR	10107	-	752	56146593	99056
chr17	56047537	56247537	harbor1	chr17	56147347	56147707	LTR/ERVL-MaLR	2287	-	180	56147527	99990
chr17	12639588	12839588	harbor1	chr17	12640695	12641111	LTR/ERVL-MaLR	2355	-	208	12640903	1315
chr17	12639588	12839588	harbor1	chr17	12646288	12646425	LTR/ERVL-MaLR	577	-	68	12646356	6768
chr17	12639588	12839588	harbor1	chr17	12695111	12695462	LTR/ERVL-MaLR	1903	-	176	12695287	55699
chr17	27311050	27511050	harbor1	chr17	27337397	27337872	LTR/ERVL-MaLR	1123	-	238	27337635	26585
chr17	27311050	27511050	harbor1	chr17	27362736	27363288	LTR/ERVL-MaLR	734	-	276	27363012	51962
chr17	27311050	27511050	harbor1	chr17	27368114	27368490	LTR/ERVL-MaLR	2115	-	188	27368302	57252
chr17	27311050	27511050	harbor1	chr17	27385622	27385882	LTR/ERVL-MaLR	540	-	130	27385752	74702
chr17	27311050	27511050	harbor1	chr17	27404916	27405281	LTR/ERVL-MaLR	2401	-	182	27405098	94048
chr17	11647981	11847981	harbor1	chr17	11710835	11711301	LTR/ERVL-MaLR	613	-	233	11711068	63087
chr17	11647981	11847981	harbor1	chr17	11740283	11740592	LTR/ERVL-MaLR	1195	-	154	11740437	92456
chr17	11647981	11847981	harbor1	chr17	11746169	11746345	LTR/ERVL-MaLR	1003	-	88	11746257	98276
chr17	11647981	11847981	harbor1	chr17	11746515	11746673	LTR/ERVL-MaLR	1080	-	79	11746594	98613
chr17	72984408	73184408	harbor1	chr17	72992806	72993163	LTR/ERVL-MaLR	2718	-	178	72992984	8576
chr17	72984408	73184408	harbor1	chr17	72996351	72996791	LTR/ERVL-MaLR	1961	-	220	72996571	12163
chr17	72984408	73184408	harbor1	chr17	73002663	73003115	LTR/ERVL-MaLR	1645	-	226	73002889	18481
chr17	72984408	73184408	harbor1	chr17	73004261	73004585	LTR/ERVL-MaLR	1290	-	162	73004423	20015
chr17	72984408	73184408	harbor1	chr17	73050985	73051305	LTR/ERVL-MaLR	1166	-	160	73051145	66737
chr17	71541085	71741085	harbor1	chr17	71543294	71543648	LTR/ERVL-MaLR	2033	-	177	71543471	2386
chr17	71541085	71741085	harbor1	chr17	71546924	71547325	LTR/ERVL-MaLR	2186	-	200	71547124	6039
chr17	71541085	71741085	harbor1	chr17	71552736	71553086	LTR/ERVL-MaLR	2134	-	175	71552911	11826
chr17	71541085	71741085	harbor1	chr17	71556896	71557254	LTR/ERVL-MaLR	2146	-	179	71557075	15990
chr17	71541085	71741085	harbor1	chr17	71589336	71589706	LTR/ERVL-MaLR	2032	-	185	71589521	48436
chr17	71541085	71741085	harbor1	chr17	71594398	71594761	LTR/ERVL-MaLR	1448	-	182	71594580	53495
chr17	71541085	71741085	harbor1	chr17	71602800	71603157	LTR/ERVL-MaLR	2471	-	178	71602978	61893
chr17	71541085	71741085	harbor1	chr17	71623348	71623713	LTR/ERVL-MaLR	1747	-	182	71623530	82445
chr17	71541085	71741085	harbor1	chr17	71629655	71630025	LTR/ERVL-MaLR	2196	-	185	71629840	88755
chr17	71541085	71741085	harbor1	chr17	71638055	71638452	LTR/ERVL-MaLR	2267	-	198	71638253	97168
chr17	15502708	15702708	harbor1	chr17	15516346	15516731	LTR/ERVL-MaLR	2239	-	192	15516538	13830
chr17	15502708	15702708	harbor1	chr17	15521748	15522059	LTR/ERVL-MaLR	598	-	156	15521904	19196
chr17	15502708	15702708	harbor1	chr17	15535804	15535910	LTR/ERVL-MaLR	903	-	53	15535857	33149
chr17	15502708	15702708	harbor1	chr17	15536203	15536570	LTR/ERVL-MaLR	903	-	184	15536387	33679
chr17	62933694	63133694	harbor1	chr17	62992788	62993260	LTR/ERVL-MaLR	2006	-	236	62993024	59330
chr17	62933694	63133694	harbor1	chr17	63020708	63021118	LTR/ERVL-MaLR	2175	-	205	63020913	87219
chr17	62933694	63133694	harbor1	chr17	63030238	63030808	LTR/ERVL-MaLR	1268	-	285	63030523	96829
chr17	68656542	68856542	harbor1	chr17	68676286	68676647	LTR/ERVL-MaLR	1798	-	180	68676466	19924
chr17	68656542	68856542	harbor1	chr17	68689079	68689480	LTR/ERVL-MaLR	2498	-	200	68689279	32737
chr17	68656542	68856542	harbor1	chr17	68703726	68704019	LTR/ERVL-MaLR	2343	-	146	68703872	47330
chr17	68656542	68856542	harbor1	chr17	68731348	68731724	LTR/ERVL-MaLR	2757	-	188	68731536	74994
chr17	68656542	68856542	harbor1	chr17	68740180	68740446	LTR/ERVL-MaLR	1029	-	133	68740313	83771
chr17	68656542	68856542	harbor1	chr17	68740503	68740646	LTR/ERVL-MaLR	1029	-	72	68740575	84033
chr17	68656542	68856542	harbor1	chr17	68741467	68741506	LTR/ERVL-MaLR	1029	-	20	68741487	84945
chr17	68656542	68856542	harbor1	chr17	68755422	68755766	LTR/ERVL-MaLR	2234	-	172	68755594	99052
chr17	31677766	31877766	harbor1	chr17	31722915	31723298	LTR/ERVL-MaLR	1575	-	192	31723107	45341
chr17	31677766	31877766	harbor1	chr17	31729960	31730333	LTR/ERVL-MaLR	512	-	186	31730146	52380
chr17	70890380	71090380	harbor1	chr17	70914229	70914590	LTR/ERVL-MaLR	2445	-	180	70914409	24029
chr17	70890380	71090380	harbor1	chr17	70943726	70944129	LTR/ERVL-MaLR	1507	-	202	70943928	53548
chr17	70890380	71090380	harbor1	chr17	70977862	70978213	LTR/ERVL-MaLR	2186	-	176	70978038	87658
chr17	70890380	71090380	harbor1	chr17	70983165	70983530	LTR/ERVL-MaLR	2124	-	182	70983347	92967
chr17	70890380	71090380	harbor1	chr17	70983531	70985106	LTR/ERVL-MaLR	11433	-	788	70984319	93939
chr17	70890380	71090380	harbor1	chr17	70985112	70985472	LTR/ERVL-MaLR	2024	-	180	70985292	94912
chr17	20244798	20444798	harbor1	chr17	20288641	20288771	LTR/ERVL-MaLR	2618	-	65	20288706	43908
chr17	20244798	20444798	harbor1	chr17	20289082	20289320	LTR/ERVL-MaLR	2618	-	119	20289201	44403
chr17	20244798	20444798	harbor1	chr17	20328048	20328375	LTR/ERVL-MaLR	734	-	164	20328212	83414
chr17	37748822	37948822	harbor1	chr17	37797944	37798437	LTR/ERVL-MaLR	2184	-	246	37798190	49368
chr17	37748822	37948822	harbor1	chr17	37802632	37803446	LTR/ERVL-MaLR	1234	-	407	37803039	54217
chr17	58148256	58348256	harbor1	chr17	58181779	58182296	LTR/ERVL-MaLR	1170	-	258	58182037	33781
chr17	58148256	58348256	harbor1	chr17	58243076	58243505	LTR/ERVL-MaLR	1878	-	214	58243290	95034
chr17	9276099	9476099	harbor1	chr17	9334652	9334768	LTR/ERVL-MaLR	636	-	58	9334710	58611
chr17	9276099	9476099	harbor1	chr17	9335377	9335530	LTR/ERVL-MaLR	668	-	76	9335453	59354
chr17	51078474	51278474	harbor1	chr17	51157292	51157569	LTR/ERVL-MaLR	1569	-	138	51157430	78956
chr17	46705895	46905895	harbor1	chr17	46724245	46724597	LTR/ERVL-MaLR	1065	-	176	46724421	18526
chr17	45716242	45916242	harbor1	chr17	45723337	45723698	LTR/ERVL-MaLR	1794	-	180	45723517	7275
chr17	45716242	45916242	harbor1	chr17	45731121	45731529	LTR/ERVL-MaLR	2085	-	204	45731325	15083
chr17	45716242	45916242	harbor1	chr17	45736392	45736750	LTR/ERVL-MaLR	1801	-	179	45736571	20329
chr17	45716242	45916242	harbor1	chr17	45743115	45743487	LTR/ERVL-MaLR	2394	-	186	45743301	27059
chr17	19770894	19970894	harbor1	chr17	19792986	19793360	LTR/ERVL-MaLR	2404	-	187	19793173	22279
chr17	19770894	19970894	harbor1	chr17	19830706	19830745	LTR/ERVL-MaLR	1313	-	20	19830726	59832
chr17	19770894	19970894	harbor1	chr17	19831044	19831375	LTR/ERVL-MaLR	1313	-	166	19831210	60316
chr17	82663454	82863454	harbor1	chr17	82675513	82675842	LTR/ERVL-MaLR	1382	-	164	82675677	12223
chr17	82663454	82863454	harbor1	chr17	82747788	82747959	LTR/ERVL-MaLR	584	-	86	82747874	84420
chr17	22327966	22527966	harbor1	chr17	22369911	22370257	LTR/ERVL-MaLR	2138	-	173	22370084	42118
chr17	22327966	22527966	harbor1	chr17	22370258	22371836	LTR/ERVL-MaLR	11299	-	789	22371047	43081
chr17	22327966	22527966	harbor1	chr17	22371837	22372205	LTR/ERVL-MaLR	2530	-	184	22372021	44055
chr17	22327966	22527966	harbor1	chr17	22414045	22414391	LTR/ERVL-MaLR	1688	-	173	22414218	86252
chr17	11782943	11982943	harbor1	chr17	11827235	11827649	LTR/ERVL-MaLR	2214	-	207	11827442	44499
chr17	11782943	11982943	harbor1	chr17	11831128	11831560	LTR/ERVL-MaLR	2670	-	216	11831344	48401
chr17	11782943	11982943	harbor1	chr17	11859529	11859942	LTR/ERVL-MaLR	2737	-	206	11859735	76792
chr17	11782943	11982943	harbor1	chr17	11869769	11870286	LTR/ERVL-MaLR	1664	-	258	11870027	87084
chr17	11782943	11982943	harbor1	chr17	11882076	11882400	LTR/ERVL-MaLR	1273	-	162	11882238	99295
chr17	22320892	22520892	harbor1	chr17	22369911	22370257	LTR/ERVL-MaLR	2138	-	173	22370084	49192
chr17	22320892	22520892	harbor1	chr17	22370258	22371836	LTR/ERVL-MaLR	11299	-	789	22371047	50155
chr17	22320892	22520892	harbor1	chr17	22371837	22372205	LTR/ERVL-MaLR	2530	-	184	22372021	51129
chr17	22320892	22520892	harbor1	chr17	22414045	22414391	LTR/ERVL-MaLR	1688	-	173	22414218	93326
chr17	68393500	68593500	harbor1	chr17	68479729	68480102	LTR/ERVL-MaLR	2617	-	186	68479915	86415
chr17	67333299	67533299	harbor1	chr17	67388904	67389313	LTR/ERVL-MaLR	1959	-	204	67389108	55809
chr17	81108867	81308867	harbor1	chr17	81161287	81161516	LTR/ERVL-MaLR	724	-	114	81161401	52534
chr17	81108867	81308867	harbor1	chr17	81170361	81170546	LTR/ERVL-MaLR	677	-	92	81170453	61586
chr17	52205190	52405190	harbor1	chr17	52206697	52207079	LTR/ERVL-MaLR	623	-	191	52206888	1698
chr17	52205190	52405190	harbor1	chr17	52209888	52210242	LTR/ERVL-MaLR	2364	-	177	52210065	4875
chr17	52205190	52405190	harbor1	chr17	52238942	52239368	LTR/ERVL-MaLR	633	-	213	52239155	33965
chr17	52205190	52405190	harbor1	chr17	52259144	52259259	LTR/ERVL-MaLR	734	-	58	52259202	54012
chr17	52205190	52405190	harbor1	chr17	52260750	52261134	LTR/ERVL-MaLR	2093	-	192	52260942	55752
chr17	22106778	22306778	harbor1	chr17	22129825	22130193	LTR/ERVL-MaLR	2037	-	184	22130009	23231
chr17	22106778	22306778	harbor1	chr17	22131115	22131285	LTR/ERVL-MaLR	738	-	85	22131200	24422
chr17	22106778	22306778	harbor1	chr17	22167678	22169264	LTR/ERVL-MaLR	9382	-	793	22168471	61693
chr17	22106778	22306778	harbor1	chr17	22169267	22169650	LTR/ERVL-MaLR	2017	-	192	22169459	62681
chr17	22106778	22306778	harbor1	chr17	22173943	22174422	LTR/ERVL-MaLR	1480	-	240	22174183	67405
chr17	22106778	22306778	harbor1	chr17	22167304	22167677	LTR/ERVL-MaLR	2173	-	186	22167490	60712
chr17	32501399	32701399	harbor1	chr17	32539386	32539829	LTR/ERVL-MaLR	1658	-	222	32539608	38209
chr17	33996929	34196929	harbor1	chr17	34016950	34017021	LTR/ERVL-MaLR	494	-	36	34016986	20057
chr17	33996929	34196929	harbor1	chr17	34019793	34020137	LTR/ERVL-MaLR	629	-	172	34019965	23036
chr17	9965586	10165586	harbor1	chr17	9989758	9989987	LTR/ERVL-MaLR	1640	-	114	9989872	24286
chr17	9965586	10165586	harbor1	chr17	9990293	9990565	LTR/ERVL-MaLR	1640	-	136	9990429	24843
chr17	9965586	10165586	harbor1	chr17	10002086	10002410	LTR/ERVL-MaLR	1585	-	162	10002248	36662
chr17	9965586	10165586	harbor1	chr17	10002990	10003109	LTR/ERVL-MaLR	1585	-	60	10003050	37464
chr17	9965586	10165586	harbor1	chr17	10065313	10065751	LTR/ERVL-MaLR	1514	-	219	10065532	99946
chr17	13074191	13274191	harbor1	chr17	13073947	13074358	LTR/ERVL-MaLR	2461	-	206	13074153	38
chr17	13074191	13274191	harbor1	chr17	13082724	13083132	LTR/ERVL-MaLR	2605	-	204	13082928	8737
chr17	13074191	13274191	harbor1	chr17	13088928	13089190	LTR/ERVL-MaLR	1892	-	131	13089059	14868
chr17	13074191	13274191	harbor1	chr17	13089496	13089679	LTR/ERVL-MaLR	1892	-	92	13089588	15397
chr17	13074191	13274191	harbor1	chr17	13097025	13097400	LTR/ERVL-MaLR	2085	-	188	13097213	23022
chr17	13074191	13274191	harbor1	chr17	13155694	13156170	LTR/ERVL-MaLR	1585	-	238	13155932	81741
chr17	13074191	13274191	harbor1	chr17	13158310	13158631	LTR/ERVL-MaLR	1268	-	160	13158470	84279
chr17	13074191	13274191	harbor1	chr17	13161623	13162084	LTR/ERVL-MaLR	1127	-	230	13161853	87662
chr17	13074191	13274191	harbor1	chr17	13163209	13163568	LTR/ERVL-MaLR	1895	-	180	13163389	89198
chr17	29811746	30011746	harbor1	chr17	29824189	29824726	LTR/ERVL-MaLR	1153	-	268	29824457	12711
chr17	29811746	30011746	harbor1	chr17	29826108	29826409	LTR/ERVL-MaLR	722	-	150	29826258	14512
chr17	29811746	30011746	harbor1	chr17	29856933	29857018	LTR/ERVL-MaLR	553	-	42	29856975	45229
chr17	29811746	30011746	harbor1	chr17	29857019	29857115	LTR/ERVL-MaLR	788	-	48	29857067	45321
chr17	29811746	30011746	harbor1	chr17	29857134	29857488	LTR/ERVL-MaLR	2395	-	177	29857311	45565
chr17	29811746	30011746	harbor1	chr17	29858241	29858378	LTR/ERVL-MaLR	643	-	68	29858309	46563
chr17	29811746	30011746	harbor1	chr17	29859133	29859269	LTR/ERVL-MaLR	496	-	68	29859201	47455
chr17	29811746	30011746	harbor1	chr17	29861361	29861557	LTR/ERVL-MaLR	550	-	98	29861459	49713
chr17	69182244	69382244	harbor1	chr17	69231027	69231121	LTR/ERVL-MaLR	531	-	47	69231074	48830
chr17	69182244	69382244	harbor1	chr17	69231143	69231290	LTR/ERVL-MaLR	487	-	74	69231217	48973
chr17	9056494	9256494	harbor1	chr17	9085187	9085560	LTR/ERVL-MaLR	694	-	186	9085373	28879
chr17	9056494	9256494	harbor1	chr17	9102184	9102562	LTR/ERVL-MaLR	2601	-	189	9102373	45879
chr17	9056494	9256494	harbor1	chr17	9110597	9110931	LTR/ERVL-MaLR	1344	-	167	9110764	54270
chr17	9056494	9256494	harbor1	chr17	9111236	9111360	LTR/ERVL-MaLR	1344	-	62	9111298	54804
chr17	16729059	16929059	harbor1	chr17	16741152	16741573	LTR/ERVL-MaLR	1101	-	210	16741362	12303
chr17	16729059	16929059	harbor1	chr17	16758297	16759140	LTR/ERVL-MaLR	2107	-	422	16758719	29660
chr17	16729059	16929059	harbor1	chr17	16759805	16760297	LTR/ERVL-MaLR	1326	-	246	16760051	30992
chr17	79909137	80109137	harbor1	chr17	79912046	79912456	LTR/ERVL-MaLR	1149	-	205	79912251	3114
chr17	79909137	80109137	harbor1	chr17	79965939	79966375	LTR/ERVL-MaLR	1536	-	218	79966157	57020
chr17	79909137	80109137	harbor1	chr17	79984982	79985366	LTR/ERVL-MaLR	1167	-	192	79985174	76037
chr17	31177298	31377298	harbor1	chr17	31268102	31268346	LTR/ERVL-MaLR	518	-	122	31268224	90926
chr17	31177298	31377298	harbor1	chr17	31268643	31268678	LTR/ERVL-MaLR	518	-	18	31268661	91363
chr17	31177298	31377298	harbor1	chr17	31269499	31270056	LTR/ERVL-MaLR	1979	-	278	31269777	92479
chr17	40003806	40203806	harbor1	chr17	40007859	40008177	LTR/ERVL-MaLR	1091	-	159	40008018	4212
chr17	37943282	38143282	harbor1	chr17	37947922	37948046	LTR/ERVL-MaLR	625	-	62	37947984	4702
chr17	37943282	38143282	harbor1	chr17	37949684	37950051	LTR/ERVL-MaLR	1696	-	184	37949868	6586
chr17	37943282	38143282	harbor1	chr17	37990671	37990828	LTR/ERVL-MaLR	1019	-	78	37990749	47467
chr17	37943282	38143282	harbor1	chr17	38027442	38027566	LTR/ERVL-MaLR	628	-	62	38027504	84222
chr17	37943282	38143282	harbor1	chr17	38029210	38029577	LTR/ERVL-MaLR	1650	-	184	38029394	86112
chr17	56651249	56851249	harbor1	chr17	56655893	56656296	LTR/ERVL-MaLR	1299	-	202	56656095	4846
chr17	56651249	56851249	harbor1	chr17	56664463	56664841	LTR/ERVL-MaLR	1741	-	189	56664652	13403
chr17	56651249	56851249	harbor1	chr17	56668946	56669125	LTR/ERVL-MaLR	1784	-	90	56669036	17787
chr17	56651249	56851249	harbor1	chr17	56669394	56669554	LTR/ERVL-MaLR	1784	-	80	56669474	18225
chr17	56651249	56851249	harbor1	chr17	56670056	56670582	LTR/ERVL-MaLR	1529	-	263	56670319	19070
chr17	56651249	56851249	harbor1	chr17	56673025	56673454	LTR/ERVL-MaLR	1206	-	214	56673239	21990
chr17	56651249	56851249	harbor1	chr17	56682257	56682687	LTR/ERVL-MaLR	990	-	215	56682472	31223
chr17	56651249	56851249	harbor1	chr17	56697402	56697761	LTR/ERVL-MaLR	1431	-	180	56697582	46333
chr17	56651249	56851249	harbor1	chr17	56742263	56742618	LTR/ERVL-MaLR	2414	-	178	56742441	91192
chr17	56651249	56851249	harbor1	chr17	56744460	56744529	LTR/ERVL-MaLR	2591	-	34	56744494	93245
chr17	56651249	56851249	harbor1	chr17	56744821	56745306	LTR/ERVL-MaLR	2591	-	242	56745063	93814
chr17	27380691	27580691	harbor1	chr17	27385622	27385882	LTR/ERVL-MaLR	540	-	130	27385752	5061
chr17	27380691	27580691	harbor1	chr17	27404916	27405281	LTR/ERVL-MaLR	2401	-	182	27405098	24407
chr17	22167281	22367281	harbor1	chr17	22167678	22169264	LTR/ERVL-MaLR	9382	-	793	22168471	1190
chr17	22167281	22367281	harbor1	chr17	22169267	22169650	LTR/ERVL-MaLR	2017	-	192	22169459	2178
chr17	22167281	22367281	harbor1	chr17	22173943	22174422	LTR/ERVL-MaLR	1480	-	240	22174183	6902
chr17	22167281	22367281	harbor1	chr17	22167304	22167677	LTR/ERVL-MaLR	2173	-	186	22167490	209
chr17	19786486	19986486	harbor1	chr17	19792986	19793360	LTR/ERVL-MaLR	2404	-	187	19793173	6687
chr17	19786486	19986486	harbor1	chr17	19830706	19830745	LTR/ERVL-MaLR	1313	-	20	19830726	44240
chr17	19786486	19986486	harbor1	chr17	19831044	19831375	LTR/ERVL-MaLR	1313	-	166	19831210	44724
chr17	29375561	29575561	harbor1	chr17	29385937	29386226	LTR/ERVL-MaLR	492	-	144	29386081	10520
chr17	29375561	29575561	harbor1	chr17	29386509	29386577	LTR/ERVL-MaLR	492	-	34	29386543	10982
chr17	29375561	29575561	harbor1	chr17	29401249	29401646	LTR/ERVL-MaLR	1571	-	198	29401447	25886
chr17	66139623	66339623	harbor1	chr17	66148020	66148366	LTR/ERVL-MaLR	2080	-	173	66148193	8570
chr17	66139623	66339623	harbor1	chr17	66169787	66170036	LTR/ERVL-MaLR	905	-	124	66169911	30288
chr17	66139623	66339623	harbor1	chr17	66170117	66170256	LTR/ERVL-MaLR	685	-	70	66170187	30564
chr17	70909182	71109182	harbor1	chr17	70914229	70914590	LTR/ERVL-MaLR	2445	-	180	70914409	5227
chr17	70909182	71109182	harbor1	chr17	70943726	70944129	LTR/ERVL-MaLR	1507	-	202	70943928	34746
chr17	70909182	71109182	harbor1	chr17	70977862	70978213	LTR/ERVL-MaLR	2186	-	176	70978038	68856
chr17	70909182	71109182	harbor1	chr17	70983165	70983530	LTR/ERVL-MaLR	2124	-	182	70983347	74165
chr17	70909182	71109182	harbor1	chr17	70983531	70985106	LTR/ERVL-MaLR	11433	-	788	70984319	75137
chr17	70909182	71109182	harbor1	chr17	70985112	70985472	LTR/ERVL-MaLR	2024	-	180	70985292	76110
chr17	45932555	46132555	harbor1	chr17	45938091	45938615	LTR/ERVL-MaLR	1917	-	262	45938353	5798
chr17	45932555	46132555	harbor1	chr17	45972521	45972914	LTR/ERVL-MaLR	713	-	196	45972717	40162
chr17	45932555	46132555	harbor1	chr17	45997278	45997478	LTR/ERVL-MaLR	1122	-	100	45997378	64823
chr17	45932555	46132555	harbor1	chr17	45997787	45997947	LTR/ERVL-MaLR	1122	-	80	45997867	65312
chr17	45932555	46132555	harbor1	chr17	46019030	46019392	LTR/ERVL-MaLR	3027	-	181	46019211	86656
chr17	45932555	46132555	harbor1	chr17	46020513	46020869	LTR/ERVL-MaLR	2522	-	178	46020691	88136
chr17	43941403	44141403	harbor1	chr17	43944510	43944552	LTR/ERVL-MaLR	2093	-	21	43944531	3128
chr17	43941403	44141403	harbor1	chr17	43944864	43945207	LTR/ERVL-MaLR	2093	-	172	43945036	3633
chr17	43941403	44141403	harbor1	chr17	43960100	43960260	LTR/ERVL-MaLR	506	-	80	43960180	18777
chr17	43941403	44141403	harbor1	chr17	43960864	43960951	LTR/ERVL-MaLR	506	-	44	43960908	19505
chr17	43941403	44141403	harbor1	chr17	43961429	43961511	LTR/ERVL-MaLR	506	-	41	43961470	20067
chr17	9897832	10097832	harbor1	chr17	9989758	9989987	LTR/ERVL-MaLR	1640	-	114	9989872	92040
chr17	9897832	10097832	harbor1	chr17	9990293	9990565	LTR/ERVL-MaLR	1640	-	136	9990429	92597
chr17	14493502	14693502	harbor1	chr17	14529053	14529451	LTR/ERVL-MaLR	944	-	199	14529252	35750
chr17	14493502	14693502	harbor1	chr17	14568917	14569353	LTR/ERVL-MaLR	1800	-	218	14569135	75633
chr17	14493502	14693502	harbor1	chr17	14569354	14569763	LTR/ERVL-MaLR	2554	-	204	14569558	76056
chr17	14493502	14693502	harbor1	chr17	14569764	14571129	LTR/ERVL-MaLR	9910	-	682	14570446	76944
chr17	14493502	14693502	harbor1	chr17	14571436	14571780	LTR/ERVL-MaLR	9910	-	172	14571608	78106
chr17	14493502	14693502	harbor1	chr17	14571781	14572205	LTR/ERVL-MaLR	2336	-	212	14571993	78491
chr17	14493502	14693502	harbor1	chr17	14572206	14572222	LTR/ERVL-MaLR	1800	-	8	14572214	78712
chr17	44521766	44721766	harbor1	chr17	44619870	44620134	LTR/ERVL-MaLR	1879	-	132	44620002	98236
chr17	44521766	44721766	harbor1	chr17	44620430	44620596	LTR/ERVL-MaLR	1879	-	83	44620513	98747
chr17	44521766	44721766	harbor1	chr17	44621053	44621204	LTR/ERVL-MaLR	775	-	76	44621129	99363
chr17	68119573	68319573	harbor1	chr17	68176339	68176799	LTR/ERVL-MaLR	1380	-	230	68176569	56996
chr17	68119573	68319573	harbor1	chr17	68186657	68186779	LTR/ERVL-MaLR	635	-	61	68186718	67145
chr17	68119573	68319573	harbor1	chr17	68187784	68188179	LTR/ERVL-MaLR	1912	-	198	68187982	68409
chr17	69142312	69342312	harbor1	chr17	69147556	69147884	LTR/ERVL-MaLR	1791	-	164	69147720	5408
chr17	69142312	69342312	harbor1	chr17	69231027	69231121	LTR/ERVL-MaLR	531	-	47	69231074	88762
chr17	69142312	69342312	harbor1	chr17	69231143	69231290	LTR/ERVL-MaLR	487	-	74	69231217	88905
chr17	27130008	27330008	harbor1	chr17	27205915	27206354	LTR/ERVL-MaLR	2069	-	220	27206135	76127
chr17	29820474	30020474	harbor1	chr17	29824189	29824726	LTR/ERVL-MaLR	1153	-	268	29824457	3983
chr17	29820474	30020474	harbor1	chr17	29826108	29826409	LTR/ERVL-MaLR	722	-	150	29826258	5784
chr17	29820474	30020474	harbor1	chr17	29856933	29857018	LTR/ERVL-MaLR	553	-	42	29856975	36501
chr17	29820474	30020474	harbor1	chr17	29857019	29857115	LTR/ERVL-MaLR	788	-	48	29857067	36593
chr17	29820474	30020474	harbor1	chr17	29857134	29857488	LTR/ERVL-MaLR	2395	-	177	29857311	36837
chr17	29820474	30020474	harbor1	chr17	29858241	29858378	LTR/ERVL-MaLR	643	-	68	29858309	37835
chr17	29820474	30020474	harbor1	chr17	29859133	29859269	LTR/ERVL-MaLR	496	-	68	29859201	38727
chr17	29820474	30020474	harbor1	chr17	29861361	29861557	LTR/ERVL-MaLR	550	-	98	29861459	40985
chr17	16215482	16415482	harbor1	chr17	16226217	16226619	LTR/ERVL-MaLR	1165	-	201	16226418	10936
chr17	16215482	16415482	harbor1	chr17	16246568	16246672	LTR/ERVL-MaLR	1380	-	52	16246620	31138
chr17	16215482	16415482	harbor1	chr17	16246989	16247265	LTR/ERVL-MaLR	1380	-	138	16247127	31645
chr17	16215482	16415482	harbor1	chr17	16247269	16247609	LTR/ERVL-MaLR	1549	-	170	16247439	31957
chr17	16215482	16415482	harbor1	chr17	16247775	16247881	LTR/ERVL-MaLR	3229	-	53	16247828	32346
chr17	16215482	16415482	harbor1	chr17	16248186	16248783	LTR/ERVL-MaLR	3229	-	298	16248484	33002
chr17	16215482	16415482	harbor1	chr17	16248784	16249064	LTR/ERVL-MaLR	1081	-	140	16248924	33442
chr17	45583272	45783272	harbor1	chr17	45589839	45590044	LTR/ERVL-MaLR	890	-	102	45589941	6669
chr17	45583272	45783272	harbor1	chr17	45590428	45590548	LTR/ERVL-MaLR	554	-	60	45590488	7216
chr17	45583272	45783272	harbor1	chr17	45605332	45605461	LTR/ERVL-MaLR	990	-	64	45605396	22124
chr17	45583272	45783272	harbor1	chr17	45606565	45606726	LTR/ERVL-MaLR	990	-	80	45606645	23373
chr17	45583272	45783272	harbor1	chr17	45626597	45626761	LTR/ERVL-MaLR	718	-	82	45626679	43407
chr17	45583272	45783272	harbor1	chr17	45627238	45627353	LTR/ERVL-MaLR	664	-	58	45627296	44024
chr17	45583272	45783272	harbor1	chr17	45627651	45627708	LTR/ERVL-MaLR	664	-	28	45627679	44407
chr17	40904185	41104185	harbor1	chr17	40916279	40916843	LTR/ERVL-MaLR	1009	-	282	40916561	12376
chr17	81285574	81485574	harbor1	chr17	81299430	81299954	LTR/ERVL-MaLR	813	-	262	81299692	14118
chr17	81285574	81485574	harbor1	chr17	81324911	81325247	LTR/ERVL-MaLR	633	-	168	81325079	39505
chr17	81285574	81485574	harbor1	chr17	81363616	81363681	LTR/ERVL-MaLR	1178	-	32	81363648	78074
chr17	81285574	81485574	harbor1	chr17	81363991	81364396	LTR/ERVL-MaLR	1178	-	202	81364193	78619
chr17	81285574	81485574	harbor1	chr17	81366637	81367004	LTR/ERVL-MaLR	575	-	184	81366821	81247
chr17	81285574	81485574	harbor1	chr17	81376257	81376425	LTR/ERVL-MaLR	624	-	84	81376341	90767
chr17	81285574	81485574	harbor1	chr17	81381311	81381534	LTR/ERVL-MaLR	581	-	112	81381423	95849
chr17	81893583	82093583	harbor1	chr17	81979329	81979684	LTR/ERVL-MaLR	566	-	178	81979507	85924
chr17	81893583	82093583	harbor1	chr17	81984597	81984760	LTR/ERVL-MaLR	570	-	82	81984679	91096
chr17	54447618	54647618	harbor1	chr17	54486530	54486904	LTR/ERVL-MaLR	1361	-	187	54486717	39099
chr17	54447618	54647618	harbor1	chr17	54496320	54496436	LTR/ERVL-MaLR	862	-	58	54496378	48760
chr17	54447618	54647618	harbor1	chr17	54497246	54497579	LTR/ERVL-MaLR	1688	-	166	54497412	49794
chr17	27594861	27794861	harbor1	chr17	27634080	27634266	LTR/ERVL-MaLR	1677	-	93	27634173	39312
chr17	27594861	27794861	harbor1	chr17	27634580	27634827	LTR/ERVL-MaLR	1677	-	124	27634704	39843
chr17	27594861	27794861	harbor1	chr17	27675999	27676352	LTR/ERVL-MaLR	1906	-	176	27676175	81314
chr17	5886404	6086404	harbor1	chr17	5888917	5889430	LTR/ERVL-MaLR	2703	-	256	5889173	2769
chr17	5886404	6086404	harbor1	chr17	5935387	5935877	LTR/ERVL-MaLR	1832	-	245	5935632	49228
chr17	5886404	6086404	harbor1	chr17	5948716	5949250	LTR/ERVL-MaLR	2569	-	267	5948983	62579
chr17	5886404	6086404	harbor1	chr17	5952082	5952233	LTR/ERVL-MaLR	769	-	76	5952158	65754
chr17	5886404	6086404	harbor1	chr17	5973484	5973989	LTR/ERVL-MaLR	2073	-	252	5973736	87332
chr17	36968946	37168946	harbor1	chr17	37013342	37013742	LTR/ERVL-MaLR	2175	-	200	37013542	44596
chr17	36968946	37168946	harbor1	chr17	37015297	37015675	LTR/ERVL-MaLR	1899	-	189	37015486	46540
chr17	29631516	29831516	harbor1	chr17	29718379	29718533	LTR/ERVL-MaLR	967	-	77	29718456	86940
chr17	29631516	29831516	harbor1	chr17	29718759	29719114	LTR/ERVL-MaLR	1850	-	178	29718937	87421
chr17	73000928	73200928	harbor1	chr17	73002663	73003115	LTR/ERVL-MaLR	1645	-	226	73002889	1961
chr17	73000928	73200928	harbor1	chr17	73004261	73004585	LTR/ERVL-MaLR	1290	-	162	73004423	3495
chr17	73000928	73200928	harbor1	chr17	73050985	73051305	LTR/ERVL-MaLR	1166	-	160	73051145	50217
chr17	71324586	71524586	harbor1	chr17	71349091	71349522	LTR/ERVL-MaLR	2739	-	216	71349307	24721
chr17	71324586	71524586	harbor1	chr17	71359778	71360133	LTR/ERVL-MaLR	2058	-	178	71359956	35370
chr17	71324586	71524586	harbor1	chr17	71363182	71363540	LTR/ERVL-MaLR	2092	-	179	71363361	38775
chr17	71324586	71524586	harbor1	chr17	71367839	71368097	LTR/ERVL-MaLR	1659	-	129	71367968	43382
chr17	71324586	71524586	harbor1	chr17	71386924	71387286	LTR/ERVL-MaLR	2087	-	181	71387105	62519
chr17	71324586	71524586	harbor1	chr17	71387289	71388840	LTR/ERVL-MaLR	10020	-	776	71388065	63479
chr17	71324586	71524586	harbor1	chr17	71413316	71413771	LTR/ERVL-MaLR	1879	-	228	71413544	88958
chr17	71324586	71524586	harbor1	chr17	71414499	71414707	LTR/ERVL-MaLR	2168	-	104	71414603	90017
chr17	71324586	71524586	harbor1	chr17	71414747	71414939	LTR/ERVL-MaLR	2168	-	96	71414843	90257
chr17	76921341	77121341	harbor1	chr17	76933707	76934120	LTR/ERVL-MaLR	705	-	206	76933913	12572
chr17	76921341	77121341	harbor1	chr17	76953973	76954499	LTR/ERVL-MaLR	2568	-	263	76954236	32895
chr17	76921341	77121341	harbor1	chr17	76959960	76960247	LTR/ERVL-MaLR	1363	-	144	76960104	38763
chr17	76921341	77121341	harbor1	chr17	76976734	76977128	LTR/ERVL-MaLR	1430	-	197	76976931	55590
chr17	76921341	77121341	harbor1	chr17	76977214	76977617	LTR/ERVL-MaLR	2346	-	202	76977416	56075
chr17	76921341	77121341	harbor1	chr17	76990381	76990562	LTR/ERVL-MaLR	767	-	90	76990471	69130
chr17	76921341	77121341	harbor1	chr17	77016088	77016174	LTR/ERVL-MaLR	578	-	43	77016131	94790
chr17	76921341	77121341	harbor1	chr17	77017127	77017284	LTR/ERVL-MaLR	578	-	78	77017205	95864
chr17	76921341	77121341	harbor1	chr17	77019636	77019703	LTR/ERVL-MaLR	1129	-	34	77019670	98329
chr17	76921341	77121341	harbor1	chr17	77019998	77020147	LTR/ERVL-MaLR	1129	-	74	77020072	98731
chr17	55457165	55657165	harbor1	chr17	55477209	55477636	LTR/ERVL-MaLR	1579	-	214	55477423	20258
chr17	55457165	55657165	harbor1	chr17	55497921	55498334	LTR/ERVL-MaLR	1992	-	206	55498127	40962
chr17	55457165	55657165	harbor1	chr17	55518039	55518425	LTR/ERVL-MaLR	1782	-	193	55518232	61067
chr17	55457165	55657165	harbor1	chr17	55519900	55520281	LTR/ERVL-MaLR	909	-	190	55520090	62925
chr17	55457165	55657165	harbor1	chr17	55522351	55522706	LTR/ERVL-MaLR	2222	-	178	55522529	65364
chr17	55457165	55657165	harbor1	chr17	55534472	55534837	LTR/ERVL-MaLR	2080	-	182	55534654	77489
chr17	41135877	41335877	harbor1	chr17	41142903	41143266	LTR/ERVL-MaLR	2442	-	182	41143085	7208
chr17	73480771	73680771	harbor1	chr17	73484554	73484822	LTR/ERVL-MaLR	1694	-	134	73484688	3917
chr17	73480771	73680771	harbor1	chr17	73484952	73485136	LTR/ERVL-MaLR	1694	-	92	73485044	4273
chr17	73480771	73680771	harbor1	chr17	73530164	73530537	LTR/ERVL-MaLR	2406	-	186	73530350	49579
chr17	73480771	73680771	harbor1	chr17	73547795	73548157	LTR/ERVL-MaLR	1968	-	181	73547976	67205
chr17	29403712	29603712	harbor1	chr17	29490683	29491046	LTR/ERVL-MaLR	1598	-	182	29490865	87153
chr17	47383409	47583409	harbor1	chr17	47410062	47410454	LTR/ERVL-MaLR	2387	-	196	47410258	26849
chr17	47383409	47583409	harbor1	chr17	47410455	47410824	LTR/ERVL-MaLR	1945	-	184	47410639	27230
chr17	47383409	47583409	harbor1	chr17	47442620	47442961	LTR/ERVL-MaLR	2141	-	170	47442790	59381
chr17	47383409	47583409	harbor1	chr17	47477696	47477907	LTR/ERVL-MaLR	1943	-	106	47477802	94393
chr17	47383409	47583409	harbor1	chr17	47478201	47478363	LTR/ERVL-MaLR	1943	-	81	47478282	94873
chr17	18096488	18296488	harbor1	chr17	18160240	18160731	LTR/ERVL-MaLR	1271	-	246	18160486	63998
chr17	18096488	18296488	harbor1	chr17	18165217	18165720	LTR/ERVL-MaLR	2836	-	252	18165469	68981
chr17	18096488	18296488	harbor1	chr17	18172550	18172925	LTR/ERVL-MaLR	1936	-	188	18172738	76250
chr17	18096488	18296488	harbor1	chr17	18176154	18176521	LTR/ERVL-MaLR	2371	-	184	18176338	79850
chr17	18096488	18296488	harbor1	chr17	18176835	18176889	LTR/ERVL-MaLR	2371	-	27	18176862	80374
chr17	22527676	22727676	harbor1	chr17	22559767	22560176	LTR/ERVL-MaLR	956	-	204	22559971	32295
chr17	22527676	22727676	harbor1	chr17	22590260	22590526	LTR/ERVL-MaLR	700	-	133	22590393	62717
chr17	22527676	22727676	harbor1	chr17	22598778	22599114	LTR/ERVL-MaLR	750	-	168	22598946	71270
chr17	22527676	22727676	harbor1	chr17	22602422	22602831	LTR/ERVL-MaLR	1697	-	204	22602626	74950
chr17	60226045	60426045	harbor1	chr17	60299254	60299655	LTR/ERVL-MaLR	1911	-	200	60299454	73409
chr17	60226045	60426045	harbor1	chr17	60299732	60300089	LTR/ERVL-MaLR	1987	-	178	60299910	73865
chr17	60226045	60426045	harbor1	chr17	60305107	60305535	LTR/ERVL-MaLR	2631	-	214	60305321	79276
chr17	57103266	57303266	harbor1	chr17	57118594	57118958	LTR/ERVL-MaLR	2000	-	182	57118776	15510
chr17	57103266	57303266	harbor1	chr17	57169219	57169609	LTR/ERVL-MaLR	2405	-	195	57169414	66148
chr17	57103266	57303266	harbor1	chr17	57196031	57196576	LTR/ERVL-MaLR	1463	-	272	57196303	93037
chr17	12513426	12713426	harbor1	chr17	12530119	12530510	LTR/ERVL-MaLR	1170	-	196	12530315	16889
chr17	12513426	12713426	harbor1	chr17	12542487	12542855	LTR/ERVL-MaLR	2135	-	184	12542671	29245
chr17	12513426	12713426	harbor1	chr17	12553249	12553316	LTR/ERVL-MaLR	1373	-	34	12553283	39857
chr17	12513426	12713426	harbor1	chr17	12553605	12553964	LTR/ERVL-MaLR	1373	-	180	12553785	40359
chr17	12513426	12713426	harbor1	chr17	12590349	12590688	LTR/ERVL-MaLR	790	-	170	12590519	77093
chr17	12513426	12713426	harbor1	chr17	12598616	12598753	LTR/ERVL-MaLR	501	-	68	12598684	85258
chr17	64603850	64803850	harbor1	chr17	64619539	64619872	LTR/ERVL-MaLR	1625	-	166	64619705	15855
chr17	64603850	64803850	harbor1	chr17	64687498	64687768	LTR/ERVL-MaLR	1002	-	135	64687633	83783
chr17	64603850	64803850	harbor1	chr17	64688078	64688316	LTR/ERVL-MaLR	1002	-	119	64688197	84347
chr17	64603850	64803850	harbor1	chr17	64689109	64689384	LTR/ERVL-MaLR	969	-	138	64689247	85397
chr17	64603850	64803850	harbor1	chr17	64689688	64689722	LTR/ERVL-MaLR	969	-	17	64689705	85855
chr17	56826075	57026075	harbor1	chr17	56885441	56885818	LTR/ERVL-MaLR	2473	-	188	56885629	59554
chr17	27156573	27356573	harbor1	chr17	27205915	27206354	LTR/ERVL-MaLR	2069	-	220	27206135	49562
chr17	27156573	27356573	harbor1	chr17	27233323	27233666	LTR/ERVL-MaLR	2210	-	172	27233495	76922
chr17	27156573	27356573	harbor1	chr17	27256318	27256502	LTR/ERVL-MaLR	589	-	92	27256410	99837
chr17	9740100	9940100	harbor1	chr17	9749864	9750184	LTR/ERVL-MaLR	500	-	160	9750024	9924
chr17	9740100	9940100	harbor1	chr17	9755013	9755409	LTR/ERVL-MaLR	2228	-	198	9755211	15111
chr17	9740100	9940100	harbor1	chr17	9767060	9767501	LTR/ERVL-MaLR	1730	-	220	9767280	27180
chr17	9740100	9940100	harbor1	chr17	9812481	9812619	LTR/ERVL-MaLR	1284	-	69	9812550	72450
chr17	9740100	9940100	harbor1	chr17	9812903	9813115	LTR/ERVL-MaLR	1284	-	106	9813009	72909
chr17	9740100	9940100	harbor1	chr17	9818072	9818315	LTR/ERVL-MaLR	2129	-	122	9818194	78094
chr17	9740100	9940100	harbor1	chr17	9818652	9818794	LTR/ERVL-MaLR	2129	-	71	9818723	78623
chr17	9740100	9940100	harbor1	chr17	9833904	9834081	LTR/ERVL-MaLR	852	-	88	9833992	93892
chr17	9740100	9940100	harbor1	chr17	9834078	9834340	LTR/ERVL-MaLR	617	-	131	9834209	94109
chr17	46653259	46853259	harbor1	chr17	46724245	46724597	LTR/ERVL-MaLR	1065	-	176	46724421	71162
chr17	37244261	37444261	harbor1	chr17	37264804	37265315	LTR/ERVL-MaLR	1447	-	256	37265060	20799
chr17	37244261	37444261	harbor1	chr17	37265319	37266131	LTR/ERVL-MaLR	5051	-	406	37265725	21464
chr17	37244261	37444261	harbor1	chr17	37266434	37267087	LTR/ERVL-MaLR	5051	-	326	37266760	22499
chr17	37244261	37444261	harbor1	chr17	37267088	37267466	LTR/ERVL-MaLR	816	-	189	37267277	23016
chr17	37244261	37444261	harbor1	chr17	37296251	37296301	LTR/ERVL-MaLR	937	-	25	37296276	52015
chr17	37244261	37444261	harbor1	chr17	37296605	37296725	LTR/ERVL-MaLR	937	-	60	37296665	52404
chr18	42738455	42938455	harbor1	chr18	42745527	42745894	LTR/ERVL-MaLR	592	-	184	42745711	7256
chr18	35210360	35410360	harbor1	chr18	35259038	35259192	LTR/ERVL-MaLR	2130	-	77	35259115	48755
chr18	35210360	35410360	harbor1	chr18	35259480	35259717	LTR/ERVL-MaLR	2130	-	118	35259598	49238
chr18	35210360	35410360	harbor1	chr18	35272722	35273081	LTR/ERVL-MaLR	2074	-	180	35272902	62542
chr18	35210360	35410360	harbor1	chr18	35278356	35279178	LTR/ERVL-MaLR	3548	-	411	35278767	68407
chr18	35210360	35410360	harbor1	chr18	35279179	35279500	LTR/ERVL-MaLR	1325	-	160	35279339	68979
chr18	35210360	35410360	harbor1	chr18	35279501	35279855	LTR/ERVL-MaLR	1886	-	177	35279678	69318
chr18	35210360	35410360	harbor1	chr18	35279857	35279953	LTR/ERVL-MaLR	489	-	48	35279905	69545
chr18	35210360	35410360	harbor1	chr18	35291680	35292163	LTR/ERVL-MaLR	647	-	242	35291922	81562
chr18	35210360	35410360	harbor1	chr18	35297121	35297468	LTR/ERVL-MaLR	1396	-	174	35297295	86935
chr18	41901500	42101500	harbor1	chr18	41907905	41908356	LTR/ERVL-MaLR	1411	-	226	41908131	6631
chr18	41901500	42101500	harbor1	chr18	41908663	41908778	LTR/ERVL-MaLR	1411	-	58	41908721	7221
chr18	41901500	42101500	harbor1	chr18	41913658	41914049	LTR/ERVL-MaLR	1996	-	196	41913854	12354
chr18	41901500	42101500	harbor1	chr18	41930315	41930801	LTR/ERVL-MaLR	734	-	243	41930558	29058
chr18	41901500	42101500	harbor1	chr18	41950244	41950604	LTR/ERVL-MaLR	1322	-	180	41950424	48924
chr18	41901500	42101500	harbor1	chr18	42000589	42000932	LTR/ERVL-MaLR	1988	-	172	42000761	99261
chr18	56818500	57018500	harbor1	chr18	56833837	56834381	LTR/ERVL-MaLR	1591	-	272	56834109	15609
chr18	56818500	57018500	harbor1	chr18	56842144	56842485	LTR/ERVL-MaLR	1350	-	170	56842314	23814
chr18	56818500	57018500	harbor1	chr18	56907594	56907920	LTR/ERVL-MaLR	1492	-	163	56907757	89257
chr18	79178445	79378445	harbor1	chr18	79260090	79260457	LTR/ERVL-MaLR	1899	-	184	79260274	81829
chr18	54461882	54661882	harbor1	chr18	54485805	54486153	LTR/ERVL-MaLR	2166	-	174	54485979	24097
chr18	54461882	54661882	harbor1	chr18	54496456	54496824	LTR/ERVL-MaLR	863	-	184	54496640	34758
chr18	54461882	54661882	harbor1	chr18	54498923	54499314	LTR/ERVL-MaLR	2033	-	196	54499119	37237
chr18	54461882	54661882	harbor1	chr18	54499356	54499371	LTR/ERVL-MaLR	486	-	8	54499364	37482
chr18	54461882	54661882	harbor1	chr18	54519310	54519813	LTR/ERVL-MaLR	1630	-	252	54519562	57680
chr18	54461882	54661882	harbor1	chr18	54520688	54521082	LTR/ERVL-MaLR	705	-	197	54520885	59003
chr18	13467190	13667190	harbor1	chr18	13551766	13552155	LTR/ERVL-MaLR	2023	-	194	13551960	84770
chr18	50337984	50537984	harbor1	chr18	50358146	50358552	LTR/ERVL-MaLR	2074	-	203	50358349	20365
chr18	50337984	50537984	harbor1	chr18	50364461	50364824	LTR/ERVL-MaLR	1857	-	182	50364643	26659
chr18	50337984	50537984	harbor1	chr18	50369348	50369445	LTR/ERVL-MaLR	458	-	48	50369396	31412
chr18	42234288	42434288	harbor1	chr18	42244958	42245322	LTR/ERVL-MaLR	2159	-	182	42245140	10852
chr18	42234288	42434288	harbor1	chr18	42302426	42302722	LTR/ERVL-MaLR	785	-	148	42302574	68286
chr18	42234288	42434288	harbor1	chr18	42308657	42309028	LTR/ERVL-MaLR	2367	-	186	42308843	74555
chr18	42234288	42434288	harbor1	chr18	42312993	42313336	LTR/ERVL-MaLR	2075	-	172	42313165	78877
chr18	75980778	76180778	harbor1	chr18	76013651	76014054	LTR/ERVL-MaLR	999	-	202	76013853	33075
chr18	75980778	76180778	harbor1	chr18	76017121	76017580	LTR/ERVL-MaLR	1859	-	230	76017351	36573
chr18	75980778	76180778	harbor1	chr18	76073881	76074323	LTR/ERVL-MaLR	1392	-	221	76074102	93324
chr18	75980778	76180778	harbor1	chr18	76074338	76074817	LTR/ERVL-MaLR	1372	-	240	76074578	93800
chr18	78362473	78562473	harbor1	chr18	78384163	78384309	LTR/ERVL-MaLR	2925	-	73	78384236	21763
chr18	78362473	78562473	harbor1	chr18	78384612	78384846	LTR/ERVL-MaLR	2925	-	117	78384729	22256
chr18	78362473	78562473	harbor1	chr18	78405132	78405536	LTR/ERVL-MaLR	1596	-	202	78405334	42861
chr18	78362473	78562473	harbor1	chr18	78405828	78406280	LTR/ERVL-MaLR	938	-	226	78406054	43581
chr18	78362473	78562473	harbor1	chr18	78460445	78461494	LTR/ERVL-MaLR	1923	-	524	78460969	98496
chr18	78362473	78562473	harbor1	chr18	78461572	78461794	LTR/ERVL-MaLR	616	-	111	78461683	99210
chr18	37157020	37357020	harbor1	chr18	37164984	37165239	LTR/ERVL-MaLR	963	-	128	37165112	8092
chr18	37157020	37357020	harbor1	chr18	37168246	37168421	LTR/ERVL-MaLR	547	-	88	37168334	11314
chr18	27078795	27278795	harbor1	chr18	27079629	27080068	LTR/ERVL-MaLR	1521	-	220	27079849	1054
chr18	27078795	27278795	harbor1	chr18	27153247	27153546	LTR/ERVL-MaLR	1108	-	150	27153397	74602
chr18	27078795	27278795	harbor1	chr18	27153591	27153785	LTR/ERVL-MaLR	1108	-	97	27153688	74893
chr18	7806814	8006814	harbor1	chr18	7838048	7838415	LTR/ERVL-MaLR	2410	-	184	7838232	31418
chr18	7806814	8006814	harbor1	chr18	7843730	7844230	LTR/ERVL-MaLR	1509	-	250	7843980	37166
chr18	7806814	8006814	harbor1	chr18	7844261	7845158	LTR/ERVL-MaLR	2415	-	448	7844709	37895
chr18	7806814	8006814	harbor1	chr18	7847468	7847649	LTR/ERVL-MaLR	555	-	90	7847558	40744
chr18	7806814	8006814	harbor1	chr18	7876418	7876671	LTR/ERVL-MaLR	641	-	126	7876544	69730
chr18	7806814	8006814	harbor1	chr18	7879849	7880219	LTR/ERVL-MaLR	2565	-	185	7880034	73220
chr18	7806814	8006814	harbor1	chr18	7892649	7893015	LTR/ERVL-MaLR	1361	-	183	7892832	86018
chr18	21516089	21716089	harbor1	chr18	21604718	21604951	LTR/ERVL-MaLR	482	-	116	21604834	88745
chr18	27730688	27930688	harbor1	chr18	27737526	27737705	LTR/ERVL-MaLR	1134	-	90	27737616	6928
chr18	27730688	27930688	harbor1	chr18	27743767	27743927	LTR/ERVL-MaLR	1022	-	80	27743847	13159
chr18	27730688	27930688	harbor1	chr18	27766929	27767275	LTR/ERVL-MaLR	1277	-	173	27767102	36414
chr18	27730688	27930688	harbor1	chr18	27789307	27789492	LTR/ERVL-MaLR	1220	-	92	27789399	58711
chr18	27730688	27930688	harbor1	chr18	27808458	27808716	LTR/ERVL-MaLR	570	-	129	27808587	77899
chr18	27730688	27930688	harbor1	chr18	27819393	27819789	LTR/ERVL-MaLR	1963	-	198	27819591	88903
chr18	27730688	27930688	harbor1	chr18	27829777	27830140	LTR/ERVL-MaLR	1793	-	182	27829959	99271
chr18	53109811	53309811	harbor1	chr18	53137091	53137475	LTR/ERVL-MaLR	1498	-	192	53137283	27472
chr18	53109811	53309811	harbor1	chr18	53144316	53144670	LTR/ERVL-MaLR	2558	-	177	53144493	34682
chr18	53109811	53309811	harbor1	chr18	53145914	53145951	LTR/ERVL-MaLR	1768	-	18	53145932	36121
chr18	53109811	53309811	harbor1	chr18	53146244	53146616	LTR/ERVL-MaLR	1768	-	186	53146430	36619
chr18	53109811	53309811	harbor1	chr18	53177591	53177853	LTR/ERVL-MaLR	661	-	131	53177722	67911
chr18	53109811	53309811	harbor1	chr18	53186711	53187091	LTR/ERVL-MaLR	1908	-	190	53186901	77090
chr18	53109811	53309811	harbor1	chr18	53188621	53189047	LTR/ERVL-MaLR	1713	-	213	53188834	79023
chr18	40089458	40289458	harbor1	chr18	40112527	40112881	LTR/ERVL-MaLR	1808	-	177	40112704	23246
chr18	40089458	40289458	harbor1	chr18	40175005	40175357	LTR/ERVL-MaLR	1787	-	176	40175181	85723
chr18	63463590	63663590	harbor1	chr18	63483459	63483966	LTR/ERVL-MaLR	982	-	254	63483713	20123
chr18	80045975	80245975	harbor1	chr18	80055472	80055664	LTR/ERVL-MaLR	690	-	96	80055568	9593
chr18	80045975	80245975	harbor1	chr18	80076716	80077082	LTR/ERVL-MaLR	1621	-	183	80076899	30924
chr18	80045975	80245975	harbor1	chr18	80099379	80099734	LTR/ERVL-MaLR	1980	-	178	80099557	53582
chr18	80045975	80245975	harbor1	chr18	80114649	80115168	LTR/ERVL-MaLR	1754	-	260	80114909	68934
chr18	35931463	36131463	harbor1	chr18	35934824	35935210	LTR/ERVL-MaLR	2042	-	193	35935017	3554
chr18	35931463	36131463	harbor1	chr18	35946853	35947071	LTR/ERVL-MaLR	566	-	109	35946962	15499
chr18	35931463	36131463	harbor1	chr18	35947318	35947553	LTR/ERVL-MaLR	566	-	118	35947436	15973
chr18	35931463	36131463	harbor1	chr18	35951761	35952328	LTR/ERVL-MaLR	2377	-	284	35952045	20582
chr18	77509509	77709509	harbor1	chr18	77544144	77544636	LTR/ERVL-MaLR	1225	-	246	77544390	34881
chr18	77509509	77709509	harbor1	chr18	77549557	77549774	LTR/ERVL-MaLR	490	-	108	77549665	40156
chr18	77509509	77709509	harbor1	chr18	77559453	77559902	LTR/ERVL-MaLR	1489	-	224	77559677	50168
chr18	77509509	77709509	harbor1	chr18	77569375	77569733	LTR/ERVL-MaLR	2048	-	179	77569554	60045
chr18	77509509	77709509	harbor1	chr18	77600181	77600544	LTR/ERVL-MaLR	2391	-	182	77600363	90854
chr18	77509509	77709509	harbor1	chr18	77602659	77603170	LTR/ERVL-MaLR	1919	-	256	77602915	93406
chr18	77509509	77709509	harbor1	chr18	77604027	77604386	LTR/ERVL-MaLR	2298	-	180	77604207	94698
chr18	714665	914665	harbor1	chr18	781866	782087	LTR/ERVL-MaLR	411	-	110	781976	67311
chr18	714665	914665	harbor1	chr18	782167	782479	LTR/ERVL-MaLR	452	-	156	782323	67658
chr18	714665	914665	harbor1	chr18	784458	784959	LTR/ERVL-MaLR	2067	-	250	784708	70043
chr18	714665	914665	harbor1	chr18	794546	794794	LTR/ERVL-MaLR	897	-	124	794670	80005
chr18	37467285	37667285	harbor1	chr18	37468599	37468978	LTR/ERVL-MaLR	2443	-	190	37468789	1504
chr18	52895766	53095766	harbor1	chr18	52918892	52919347	LTR/ERVL-MaLR	676	-	228	52919120	23354
chr18	52895766	53095766	harbor1	chr18	52942468	52942807	LTR/ERVL-MaLR	2113	-	170	52942638	46872
chr18	52895766	53095766	harbor1	chr18	52964690	52965201	LTR/ERVL-MaLR	2274	-	256	52964946	69180
chr18	52895766	53095766	harbor1	chr18	52975105	52975370	LTR/ERVL-MaLR	848	-	132	52975237	79471
chr18	2500231	2700231	harbor1	chr18	2590302	2590757	LTR/ERVL-MaLR	1295	-	228	2590530	90299
chr18	54816422	55016422	harbor1	chr18	54824359	54824762	LTR/ERVL-MaLR	1121	-	202	54824561	8139
chr18	54816422	55016422	harbor1	chr18	54875962	54876336	LTR/ERVL-MaLR	2439	-	187	54876149	59727
chr18	54816422	55016422	harbor1	chr18	54885705	54886111	LTR/ERVL-MaLR	2597	-	203	54885908	69486
chr18	54816422	55016422	harbor1	chr18	54912668	54913038	LTR/ERVL-MaLR	2363	-	185	54912853	96431
chr18	60020517	60220517	harbor1	chr18	60038019	60038351	LTR/ERVL-MaLR	2098	-	166	60038185	17668
chr18	60020517	60220517	harbor1	chr18	60049727	60050150	LTR/ERVL-MaLR	911	-	212	60049939	29422
chr18	60020517	60220517	harbor1	chr18	60050581	60050974	LTR/ERVL-MaLR	729	-	196	60050777	30260
chr18	60020517	60220517	harbor1	chr18	60055268	60055432	LTR/ERVL-MaLR	898	-	82	60055350	34833
chr18	60020517	60220517	harbor1	chr18	60060593	60060990	LTR/ERVL-MaLR	437	-	198	60060791	40274
chr18	60020517	60220517	harbor1	chr18	60072187	60072555	LTR/ERVL-MaLR	2017	-	184	60072371	51854
chr18	60020517	60220517	harbor1	chr18	60093760	60094196	LTR/ERVL-MaLR	1586	-	218	60093978	73461
chr18	60020517	60220517	harbor1	chr18	60094626	60094999	LTR/ERVL-MaLR	1705	-	186	60094812	74295
chr18	60020517	60220517	harbor1	chr18	60096199	60096403	LTR/ERVL-MaLR	844	-	102	60096301	75784
chr18	60020517	60220517	harbor1	chr18	60105396	60105691	LTR/ERVL-MaLR	1508	-	148	60105544	85027
chr18	60020517	60220517	harbor1	chr18	60107137	60107309	LTR/ERVL-MaLR	727	-	86	60107223	86706
chr18	7142668	7342668	harbor1	chr18	7147220	7147657	LTR/ERVL-MaLR	1700	-	218	7147438	4770
chr18	7142668	7342668	harbor1	chr18	7155596	7156114	LTR/ERVL-MaLR	793	-	259	7155855	13187
chr18	7142668	7342668	harbor1	chr18	7175367	7175744	LTR/ERVL-MaLR	2006	-	188	7175555	32887
chr18	7142668	7342668	harbor1	chr18	7199409	7199763	LTR/ERVL-MaLR	2052	-	177	7199586	56918
chr18	7142668	7342668	harbor1	chr18	7210351	7210686	LTR/ERVL-MaLR	1176	-	168	7210519	67851
chr18	7142668	7342668	harbor1	chr18	7211611	7211837	LTR/ERVL-MaLR	1176	-	113	7211724	69056
chr18	7142668	7342668	harbor1	chr18	7229542	7229712	LTR/ERVL-MaLR	1039	-	85	7229627	86959
chr18	7142668	7342668	harbor1	chr18	7241024	7241367	LTR/ERVL-MaLR	2225	-	172	7241196	98528
chr18	54700461	54900461	harbor1	chr18	54714548	54714909	LTR/ERVL-MaLR	1583	-	180	54714728	14267
chr18	54700461	54900461	harbor1	chr18	54725500	54725858	LTR/ERVL-MaLR	2110	-	179	54725679	25218
chr18	54700461	54900461	harbor1	chr18	54768596	54768969	LTR/ERVL-MaLR	2217	-	186	54768782	68321
chr18	54700461	54900461	harbor1	chr18	54768970	54769329	LTR/ERVL-MaLR	2370	-	180	54769150	68689
chr18	54700461	54900461	harbor1	chr18	54779728	54779875	LTR/ERVL-MaLR	920	-	74	54779802	79341
chr18	54700461	54900461	harbor1	chr18	54780507	54780756	LTR/ERVL-MaLR	1043	-	124	54780631	80170
chr18	54700461	54900461	harbor1	chr18	54783606	54783876	LTR/ERVL-MaLR	611	-	135	54783741	83280
chr18	78027796	78227796	harbor1	chr18	78039813	78040282	LTR/ERVL-MaLR	1979	-	234	78040047	12251
chr18	78027796	78227796	harbor1	chr18	78059348	78059723	LTR/ERVL-MaLR	2049	-	188	78059536	31740
chr18	78027796	78227796	harbor1	chr18	78097502	78097862	LTR/ERVL-MaLR	2538	-	180	78097682	69886
chr19	28445798	28645798	harbor1	chr19	28453764	28454036	LTR/ERVL-MaLR	1808	-	136	28453900	8102
chr19	28445798	28645798	harbor1	chr19	28454126	28454327	LTR/ERVL-MaLR	1808	-	100	28454226	8428
chr19	28445798	28645798	harbor1	chr19	28514093	28514420	LTR/ERVL-MaLR	892	-	164	28514257	68459
chr19	40775839	40975839	harbor1	chr19	40855960	40856119	LTR/ERVL-MaLR	834	-	80	40856040	80201
chr19	40775839	40975839	harbor1	chr19	40858569	40859043	LTR/ERVL-MaLR	1766	-	237	40858806	82967
chr19	40775839	40975839	harbor1	chr19	40828736	40828992	LTR/ERVL-MaLR	909	-	128	40828864	53025
chr19	41216457	41416457	harbor1	chr19	41258754	41259229	LTR/ERVL-MaLR	2301	-	238	41258992	42535
chr19	41216457	41416457	harbor1	chr19	41312531	41312764	LTR/ERVL-MaLR	911	-	116	41312647	96190
chr19	37863097	38063097	harbor1	chr19	37864958	37865309	LTR/ERVL-MaLR	890	-	176	37865134	2037
chr19	37863097	38063097	harbor1	chr19	37935448	37935908	LTR/ERVL-MaLR	768	-	230	37935678	72581
chr19	37863097	38063097	harbor1	chr19	37939455	37939830	LTR/ERVL-MaLR	683	-	188	37939643	76546
chr19	37863097	38063097	harbor1	chr19	37928761	37929161	LTR/ERVL-MaLR	892	-	200	37928961	65864
chr19	7060625	7260625	harbor1	chr19	7083816	7084319	LTR/ERVL-MaLR	1496	-	252	7084068	23443
chr19	656527	856527	harbor1	chr19	672315	672368	LTR/ERVL-MaLR	820	-	26	672341	15814
chr19	656527	856527	harbor1	chr19	672934	673111	LTR/ERVL-MaLR	820	-	88	673022	16495
chr19	656527	856527	harbor1	chr19	756127	756796	LTR/ERVL-MaLR	702	-	334	756461	99934
chr19	49773314	49973314	harbor1	chr19	49790026	49790425	LTR/ERVL-MaLR	1679	-	200	49790226	16912
chr19	49773314	49973314	harbor1	chr19	49820950	49821287	LTR/ERVL-MaLR	1154	-	168	49821118	47804
chr19	49773314	49973314	harbor1	chr19	49822572	49822640	LTR/ERVL-MaLR	1154	-	34	49822606	49292
chr19	49773314	49973314	harbor1	chr19	49823257	49823388	LTR/ERVL-MaLR	1154	-	66	49823323	50009
chr19	49773314	49973314	harbor1	chr19	49827318	49827730	LTR/ERVL-MaLR	1189	-	206	49827524	54210
chr19	49773314	49973314	harbor1	chr19	49832694	49833103	LTR/ERVL-MaLR	1024	-	204	49832898	59584
chr19	49773314	49973314	harbor1	chr19	49844246	49844614	LTR/ERVL-MaLR	2005	-	184	49844430	71116
chr19	49773314	49973314	harbor1	chr19	49844921	49845107	LTR/ERVL-MaLR	2005	-	93	49845014	71700
chr19	6655068	6855068	harbor1	chr19	6727517	6727947	LTR/ERVL-MaLR	1959	-	215	6727732	72664
chr19	6655068	6855068	harbor1	chr19	6728243	6728290	LTR/ERVL-MaLR	1959	-	24	6728267	73199
chr19	14273712	14473712	harbor1	chr19	14274662	14274832	LTR/ERVL-MaLR	1823	-	85	14274747	1035
chr19	14273712	14473712	harbor1	chr19	14274927	14275098	LTR/ERVL-MaLR	1823	-	86	14275013	1301
chr19	14273712	14473712	harbor1	chr19	14283962	14284313	LTR/ERVL-MaLR	1040	-	176	14284138	10426
chr19	14273712	14473712	harbor1	chr19	14285845	14285869	LTR/ERVL-MaLR	1040	-	12	14285857	12145
chr19	14273712	14473712	harbor1	chr19	14286486	14286558	LTR/ERVL-MaLR	1040	-	36	14286522	12810
chr19	14273712	14473712	harbor1	chr19	14307464	14307846	LTR/ERVL-MaLR	1382	-	191	14307655	33943
chr19	14273712	14473712	harbor1	chr19	14324932	14324958	LTR/ERVL-MaLR	1856	-	13	14324945	51233
chr19	14273712	14473712	harbor1	chr19	14325264	14325624	LTR/ERVL-MaLR	1856	-	180	14325444	51732
chr19	14273712	14473712	harbor1	chr19	14328574	14328955	LTR/ERVL-MaLR	2435	-	190	14328764	55052
chr19	14273712	14473712	harbor1	chr19	14329252	14329335	LTR/ERVL-MaLR	2435	-	42	14329294	55582
chr19	14273712	14473712	harbor1	chr19	14329638	14329742	LTR/ERVL-MaLR	2435	-	52	14329690	55978
chr19	14273712	14473712	harbor1	chr19	14366642	14366909	LTR/ERVL-MaLR	871	-	134	14366776	93064
chr19	37808839	38008839	harbor1	chr19	37821219	37821751	LTR/ERVL-MaLR	1993	-	266	37821485	12646
chr19	37808839	38008839	harbor1	chr19	37864958	37865309	LTR/ERVL-MaLR	890	-	176	37865134	56295
chr19	438737	638737	harbor1	chr19	448217	448573	LTR/ERVL-MaLR	724	-	178	448395	9658
chr19	438737	638737	harbor1	chr19	509398	509807	LTR/ERVL-MaLR	1426	-	204	509602	70865
chr19	438737	638737	harbor1	chr19	526064	526491	LTR/ERVL-MaLR	1286	-	214	526278	87541
chr19	7606133	7806133	harbor1	chr19	7634963	7635109	LTR/ERVL-MaLR	662	-	73	7635036	28903
chr19	7606133	7806133	harbor1	chr19	7648757	7648818	LTR/ERVL-MaLR	2092	-	30	7648787	42654
chr19	7606133	7806133	harbor1	chr19	7649381	7649721	LTR/ERVL-MaLR	2092	-	170	7649551	43418
chr19	7606133	7806133	harbor1	chr19	7673841	7674257	LTR/ERVL-MaLR	797	-	208	7674049	67916
chr19	16555131	16755131	harbor1	chr19	16580209	16580364	LTR/ERVL-MaLR	855	-	78	16580287	25156
chr19	16555131	16755131	harbor1	chr19	16580671	16581009	LTR/ERVL-MaLR	855	-	169	16580840	25709
chr19	7562915	7762915	harbor1	chr19	7565028	7565116	LTR/ERVL-MaLR	688	-	44	7565072	2157
chr19	7562915	7762915	harbor1	chr19	7565406	7565647	LTR/ERVL-MaLR	688	-	120	7565526	2611
chr19	7562915	7762915	harbor1	chr19	7575539	7575713	LTR/ERVL-MaLR	787	-	87	7575626	12711
chr19	7562915	7762915	harbor1	chr19	7634963	7635109	LTR/ERVL-MaLR	662	-	73	7635036	72121
chr19	7562915	7762915	harbor1	chr19	7648757	7648818	LTR/ERVL-MaLR	2092	-	30	7648787	85872
chr19	7562915	7762915	harbor1	chr19	7649381	7649721	LTR/ERVL-MaLR	2092	-	170	7649551	86636
chr19	21858667	22058667	harbor1	chr19	21903036	21903411	LTR/ERVL-MaLR	1862	-	188	21903224	44557
chr19	21858667	22058667	harbor1	chr19	21903412	21904517	LTR/ERVL-MaLR	9132	-	552	21903964	45297
chr19	21858667	22058667	harbor1	chr19	21904816	21905253	LTR/ERVL-MaLR	9132	-	218	21905034	46367
chr19	21858667	22058667	harbor1	chr19	21905254	21905622	LTR/ERVL-MaLR	2021	-	184	21905438	46771
chr19	35210497	35410497	harbor1	chr19	35217514	35217896	LTR/ERVL-MaLR	1538	-	191	35217705	7208
chr19	35210497	35410497	harbor1	chr19	35219178	35219564	LTR/ERVL-MaLR	1250	-	193	35219371	8874
chr19	35210497	35410497	harbor1	chr19	35222922	35223514	LTR/ERVL-MaLR	1505	-	296	35223218	12721
chr19	35210497	35410497	harbor1	chr19	35233217	35233329	LTR/ERVL-MaLR	685	-	56	35233273	22776
chr19	35210497	35410497	harbor1	chr19	35233653	35234003	LTR/ERVL-MaLR	685	-	175	35233828	23331
chr19	35210497	35410497	harbor1	chr19	35235922	35236208	LTR/ERVL-MaLR	722	-	143	35236065	25568
chr19	35210497	35410497	harbor1	chr19	35236599	35236921	LTR/ERVL-MaLR	1646	-	161	35236760	26263
chr19	35210497	35410497	harbor1	chr19	35236997	35237228	LTR/ERVL-MaLR	690	-	116	35237113	26616
chr19	12494676	12694676	harbor1	chr19	12525674	12526060	LTR/ERVL-MaLR	1322	-	193	12525867	31191
chr19	12494676	12694676	harbor1	chr19	12526065	12526392	LTR/ERVL-MaLR	1472	-	164	12526229	31553
chr19	52389046	52589046	harbor1	chr19	52388787	52389149	LTR/ERVL-MaLR	2574	-	181	52388968	78
chr19	52389046	52589046	harbor1	chr19	52389150	52389803	LTR/ERVL-MaLR	4535	-	326	52389476	430
chr19	52389046	52589046	harbor1	chr19	52389794	52390038	LTR/ERVL-MaLR	1410	-	122	52389916	870
chr19	52389046	52589046	harbor1	chr19	52390039	52390127	LTR/ERVL-MaLR	696	-	44	52390083	1037
chr19	52389046	52589046	harbor1	chr19	52394648	52395061	LTR/ERVL-MaLR	954	-	206	52394854	5808
chr19	52389046	52589046	harbor1	chr19	52424111	52424297	LTR/ERVL-MaLR	872	-	93	52424204	35158
chr19	52389046	52589046	harbor1	chr19	52424590	52424833	LTR/ERVL-MaLR	872	-	122	52424712	35666
chr19	52389046	52589046	harbor1	chr19	52446506	52446575	LTR/ERVL-MaLR	1054	-	34	52446540	57494
chr19	52389046	52589046	harbor1	chr19	52446859	52447299	LTR/ERVL-MaLR	1054	-	220	52447079	58033
chr19	52143326	52343326	harbor1	chr19	52153816	52154043	LTR/ERVL-MaLR	2250	-	114	52153930	10604
chr19	52143326	52343326	harbor1	chr19	52154345	52154379	LTR/ERVL-MaLR	2250	-	17	52154362	11036
chr19	52143326	52343326	harbor1	chr19	52154683	52154860	LTR/ERVL-MaLR	2250	-	88	52154771	11445
chr19	52143326	52343326	harbor1	chr19	52161260	52161680	LTR/ERVL-MaLR	1506	-	210	52161470	18144
chr19	52143326	52343326	harbor1	chr19	52161681	52162488	LTR/ERVL-MaLR	3504	-	404	52162085	18759
chr19	52143326	52343326	harbor1	chr19	52162947	52163492	LTR/ERVL-MaLR	1990	-	272	52163219	19893
chr19	52143326	52343326	harbor1	chr19	52196607	52197033	LTR/ERVL-MaLR	980	-	213	52196820	53494
chr19	52143326	52343326	harbor1	chr19	52200545	52200922	LTR/ERVL-MaLR	1343	-	188	52200733	57407
chr19	53925332	54125332	harbor1	chr19	53953351	53953649	LTR/ERVL-MaLR	1813	-	149	53953500	28168
chr19	53925332	54125332	harbor1	chr19	53953960	53954171	LTR/ERVL-MaLR	1813	-	106	53954066	28734
chr19	53925332	54125332	harbor1	chr19	54006291	54006517	LTR/ERVL-MaLR	1389	-	113	54006404	81072
chr19	53925332	54125332	harbor1	chr19	54006835	54006851	LTR/ERVL-MaLR	1389	-	8	54006843	81511
chr19	53925332	54125332	harbor1	chr19	54006879	54007046	LTR/ERVL-MaLR	1389	-	84	54006963	81631
chr19	53925332	54125332	harbor1	chr19	54007341	54007458	LTR/ERVL-MaLR	1389	-	58	54007399	82067
chr19	53925332	54125332	harbor1	chr19	54013149	54013340	LTR/ERVL-MaLR	662	-	96	54013245	87913
chr19	53925332	54125332	harbor1	chr19	54024608	54024957	LTR/ERVL-MaLR	1124	-	174	54024782	99450
chr19	13676657	13876657	harbor1	chr19	13678989	13679462	LTR/ERVL-MaLR	942	-	236	13679225	2568
chr19	13676657	13876657	harbor1	chr19	13690586	13690836	LTR/ERVL-MaLR	1179	-	125	13690711	14054
chr19	13676657	13876657	harbor1	chr19	13691447	13691609	LTR/ERVL-MaLR	1179	-	81	13691528	14871
chr19	13676657	13876657	harbor1	chr19	13695980	13696131	LTR/ERVL-MaLR	715	-	76	13696056	19399
chr19	13676657	13876657	harbor1	chr19	13701582	13701856	LTR/ERVL-MaLR	844	-	137	13701719	25062
chr19	13676657	13876657	harbor1	chr19	13716169	13716502	LTR/ERVL-MaLR	1885	-	166	13716335	39678
chr19	13676657	13876657	harbor1	chr19	13716809	13716835	LTR/ERVL-MaLR	1885	-	13	13716822	40165
chr19	13676657	13876657	harbor1	chr19	13724198	13724630	LTR/ERVL-MaLR	2530	-	216	13724414	47757
chr19	13676657	13876657	harbor1	chr19	13726330	13726613	LTR/ERVL-MaLR	1055	-	142	13726472	49815
chr19	13676657	13876657	harbor1	chr19	13753249	13753291	LTR/ERVL-MaLR	2504	-	21	13753270	76613
chr19	13676657	13876657	harbor1	chr19	13753601	13753907	LTR/ERVL-MaLR	2504	-	153	13753754	77097
chr19	13676657	13876657	harbor1	chr19	13754206	13754251	LTR/ERVL-MaLR	2504	-	22	13754228	77571
chr19	13676657	13876657	harbor1	chr19	13760227	13760536	LTR/ERVL-MaLR	1621	-	154	13760381	83724
chr19	54201927	54401927	harbor1	chr19	54264345	54264511	LTR/ERVL-MaLR	1489	-	83	54264428	62501
chr19	54201927	54401927	harbor1	chr19	54264822	54265125	LTR/ERVL-MaLR	1489	-	152	54264974	63047
chr19	46019123	46219123	harbor1	chr19	46037671	46037885	LTR/ERVL-MaLR	953	-	107	46037778	18655
chr19	46019123	46219123	harbor1	chr19	46057624	46057989	LTR/ERVL-MaLR	2644	-	182	46057806	38683
chr19	46019123	46219123	harbor1	chr19	46057990	46058857	LTR/ERVL-MaLR	6150	-	434	46058424	39301
chr19	46019123	46219123	harbor1	chr19	46066470	46066863	LTR/ERVL-MaLR	2065	-	196	46066666	47543
chr19	46019123	46219123	harbor1	chr19	46073958	46074225	LTR/ERVL-MaLR	729	-	134	46074092	54969
chr19	46019123	46219123	harbor1	chr19	46075924	46076290	LTR/ERVL-MaLR	1876	-	183	46076107	56984
chr19	46019123	46219123	harbor1	chr19	46084469	46084854	LTR/ERVL-MaLR	2036	-	192	46084661	65538
chr19	46019123	46219123	harbor1	chr19	46084855	46085161	LTR/ERVL-MaLR	1793	-	153	46085008	65885
chr19	41571189	41771189	harbor1	chr19	41581545	41581870	LTR/ERVL-MaLR	2198	-	162	41581707	10518
chr19	41571189	41771189	harbor1	chr19	41583481	41583829	LTR/ERVL-MaLR	2312	-	174	41583655	12466
chr19	41571189	41771189	harbor1	chr19	41588048	41588435	LTR/ERVL-MaLR	1455	-	194	41588242	17053
chr19	41571189	41771189	harbor1	chr19	41663184	41663495	LTR/ERVL-MaLR	1619	-	156	41663340	92151
chr19	41571189	41771189	harbor1	chr19	41663496	41663907	LTR/ERVL-MaLR	3179	-	206	41663702	92513
chr19	41571189	41771189	harbor1	chr19	41663907	41664182	LTR/ERVL-MaLR	1473	-	138	41664045	92856
chr19	41571189	41771189	harbor1	chr19	41581871	41583480	LTR/ERVL-MaLR	11623	-	804	41582675	11486
chr19	40965245	41165245	harbor1	chr19	40973347	40973806	LTR/ERVL-MaLR	1466	-	230	40973577	8332
chr19	40965245	41165245	harbor1	chr19	40973811	40973995	LTR/ERVL-MaLR	1115	-	92	40973903	8658
chr19	40965245	41165245	harbor1	chr19	40979757	40980124	LTR/ERVL-MaLR	2559	-	184	40979941	14696
chr19	40965245	41165245	harbor1	chr19	40980125	40981546	LTR/ERVL-MaLR	9279	-	710	40980835	15590
chr19	40965245	41165245	harbor1	chr19	40981547	40981918	LTR/ERVL-MaLR	2257	-	186	40981733	16488
chr19	40965245	41165245	harbor1	chr19	40993255	40993660	LTR/ERVL-MaLR	2138	-	202	40993457	28212
chr19	40965245	41165245	harbor1	chr19	41021789	41022146	LTR/ERVL-MaLR	2229	-	178	41021967	56722
chr19	34554775	34754775	harbor1	chr19	34561771	34562135	LTR/ERVL-MaLR	2080	-	182	34561953	7178
chr19	34554775	34754775	harbor1	chr19	34599337	34599696	LTR/ERVL-MaLR	1941	-	180	34599517	44742
chr19	38936056	39136056	harbor1	chr19	38993050	38993390	LTR/ERVL-MaLR	1167	-	170	38993220	57164
chr19	38936056	39136056	harbor1	chr19	38994210	38994368	LTR/ERVL-MaLR	1125	-	79	38994289	58233
chr19	38936056	39136056	harbor1	chr19	38997544	38997705	LTR/ERVL-MaLR	947	-	80	38997624	61568
chr19	38936056	39136056	harbor1	chr19	39002128	39002400	LTR/ERVL-MaLR	957	-	136	39002264	66208
chr19	38936056	39136056	harbor1	chr19	38993853	38993921	LTR/ERVL-MaLR	1125	-	34	38993887	57831
chr19	10702406	10902406	harbor1	chr19	10714274	10714696	LTR/ERVL-MaLR	1682	-	211	10714485	12079
chr19	10702406	10902406	harbor1	chr19	10770536	10770910	LTR/ERVL-MaLR	2293	-	187	10770723	68317
chr19	10702406	10902406	harbor1	chr19	10791389	10791543	LTR/ERVL-MaLR	663	-	77	10791466	89060
chr19	33921327	34121327	harbor1	chr19	33923559	33923921	LTR/ERVL-MaLR	2750	-	181	33923740	2413
chr19	33921327	34121327	harbor1	chr19	33940830	33941226	LTR/ERVL-MaLR	2267	-	198	33941028	19701
chr19	33921327	34121327	harbor1	chr19	33942028	33942393	LTR/ERVL-MaLR	1457	-	182	33942210	20883
chr19	33921327	34121327	harbor1	chr19	33942981	33943068	LTR/ERVL-MaLR	1457	-	44	33943025	21698
chr19	33921327	34121327	harbor1	chr19	33955089	33955450	LTR/ERVL-MaLR	2360	-	180	33955269	33942
chr19	33921327	34121327	harbor1	chr19	33957174	33957449	LTR/ERVL-MaLR	1732	-	138	33957312	35985
chr19	33921327	34121327	harbor1	chr19	33957764	33957935	LTR/ERVL-MaLR	1732	-	86	33957850	36523
chr19	33921327	34121327	harbor1	chr19	33974866	33975382	LTR/ERVL-MaLR	2105	-	258	33975124	53797
chr19	33921327	34121327	harbor1	chr19	33994465	33994821	LTR/ERVL-MaLR	2289	-	178	33994643	73316
chr19	33921327	34121327	harbor1	chr19	34008339	34008709	LTR/ERVL-MaLR	1827	-	185	34008524	87197
chr19	28035407	28235407	harbor1	chr19	28075233	28075637	LTR/ERVL-MaLR	1851	-	202	28075435	40028
chr19	28035407	28235407	harbor1	chr19	28104139	28104400	LTR/ERVL-MaLR	1109	-	130	28104269	68862
chr19	28035407	28235407	harbor1	chr19	28111956	28112373	LTR/ERVL-MaLR	2146	-	208	28112164	76757
chr19	36376642	36576642	harbor1	chr19	36391951	36392426	LTR/ERVL-MaLR	1309	-	238	36392189	15547
chr19	55466121	55666121	harbor1	chr19	55470331	55470550	LTR/ERVL-MaLR	721	-	110	55470441	4320
chr19	55466121	55666121	harbor1	chr19	55505416	55505736	LTR/ERVL-MaLR	2205	-	160	55505576	39455
chr19	55466121	55666121	harbor1	chr19	55506037	55506222	LTR/ERVL-MaLR	2205	-	92	55506129	40008
chr19	55466121	55666121	harbor1	chr19	55560757	55561344	LTR/ERVL-MaLR	2135	-	294	55561051	94930
chr19	5910858	6110858	harbor1	chr19	5991312	5991466	LTR/ERVL-MaLR	775	-	77	5991389	80531
chr19	14406728	14606728	harbor1	chr19	14448720	14448930	LTR/ERVL-MaLR	1331	-	105	14448825	42097
chr19	14406728	14606728	harbor1	chr19	14449242	14449406	LTR/ERVL-MaLR	1331	-	82	14449324	42596
chr19	7218773	7418773	harbor1	chr19	7219693	7220069	LTR/ERVL-MaLR	864	-	188	7219881	1108
chr19	14975828	15175828	harbor1	chr19	14997708	14997939	LTR/ERVL-MaLR	969	-	116	14997824	21996
chr19	14975828	15175828	harbor1	chr19	15000681	15000936	LTR/ERVL-MaLR	629	-	128	15000809	24981
chr19	14975828	15175828	harbor1	chr19	15002436	15002652	LTR/ERVL-MaLR	972	-	108	15002544	26716
chr19	14975828	15175828	harbor1	chr19	15031746	15031991	LTR/ERVL-MaLR	925	-	122	15031868	56040
chr19	14975828	15175828	harbor1	chr19	15044173	15044540	LTR/ERVL-MaLR	2146	-	184	15044357	68529
chr19	14975828	15175828	harbor1	chr19	15061732	15061805	LTR/ERVL-MaLR	2094	-	36	15061768	85940
chr19	14975828	15175828	harbor1	chr19	15062083	15062397	LTR/ERVL-MaLR	2094	-	157	15062240	86412
chr19	14975828	15175828	harbor1	chr19	15064618	15064980	LTR/ERVL-MaLR	2798	-	181	15064799	88971
chr19	29189802	29389802	harbor1	chr19	29216293	29216655	LTR/ERVL-MaLR	1858	-	181	29216474	26672
chr19	29189802	29389802	harbor1	chr19	29244738	29245100	LTR/ERVL-MaLR	663	-	181	29244919	55117
chr19	29189802	29389802	harbor1	chr19	29270783	29271466	LTR/ERVL-MaLR	1910	-	342	29271125	81323
chr19	34889044	35089044	harbor1	chr19	34935805	34936165	LTR/ERVL-MaLR	2345	-	180	34935985	46941
chr19	34889044	35089044	harbor1	chr19	34969685	34969986	LTR/ERVL-MaLR	975	-	150	34969835	80791
chr19	34889044	35089044	harbor1	chr19	34970791	34971346	LTR/ERVL-MaLR	1971	-	278	34971069	82025
chr19	34889044	35089044	harbor1	chr19	34971990	34972070	LTR/ERVL-MaLR	1758	-	40	34972030	82986
chr19	34889044	35089044	harbor1	chr19	34972369	34972853	LTR/ERVL-MaLR	1758	-	242	34972611	83567
chr19	34889044	35089044	harbor1	chr19	34973115	34973285	LTR/ERVL-MaLR	928	-	85	34973200	84156
chr19	12433200	12633200	harbor1	chr19	12525674	12526060	LTR/ERVL-MaLR	1322	-	193	12525867	92667
chr19	12433200	12633200	harbor1	chr19	12526065	12526392	LTR/ERVL-MaLR	1472	-	164	12526229	93029
chr19	1021081	1221081	harbor1	chr19	1084763	1084803	LTR/ERVL-MaLR	2024	-	20	1084783	63702
chr19	1021081	1221081	harbor1	chr19	1085091	1085420	LTR/ERVL-MaLR	2024	-	164	1085255	64174
chr19	34737978	34937978	harbor1	chr19	34738151	34738503	LTR/ERVL-MaLR	1706	-	176	34738327	349
chr19	34737978	34937978	harbor1	chr19	34784017	34784465	LTR/ERVL-MaLR	1632	-	224	34784241	46263
chr19	34737978	34937978	harbor1	chr19	34793916	34794289	LTR/ERVL-MaLR	2180	-	186	34794102	56124
chr19	34654273	34854273	harbor1	chr19	34672789	34673005	LTR/ERVL-MaLR	992	-	108	34672897	18624
chr19	34654273	34854273	harbor1	chr19	34681930	34682291	LTR/ERVL-MaLR	1570	-	180	34682110	27837
chr19	34654273	34854273	harbor1	chr19	34738151	34738503	LTR/ERVL-MaLR	1706	-	176	34738327	84054
chr19	35796805	35996805	harbor1	chr19	35883883	35884027	LTR/ERVL-MaLR	1602	-	72	35883955	87150
chr19	35796805	35996805	harbor1	chr19	35884327	35884402	LTR/ERVL-MaLR	1602	-	38	35884365	87560
chr19	35796805	35996805	harbor1	chr19	35884702	35884862	LTR/ERVL-MaLR	1602	-	80	35884782	87977
chr19	55633364	55833364	harbor1	chr19	55638007	55638231	LTR/ERVL-MaLR	2264	-	112	55638119	4755
chr19	55633364	55833364	harbor1	chr19	55638535	55638706	LTR/ERVL-MaLR	2264	-	86	55638621	5257
chr19	55633364	55833364	harbor1	chr19	55639036	55639068	LTR/ERVL-MaLR	2264	-	16	55639052	5688
chr19	55633364	55833364	harbor1	chr19	55714619	55714971	LTR/ERVL-MaLR	1912	-	176	55714795	81431
chr19	28530660	28730660	harbor1	chr19	28563286	28563650	LTR/ERVL-MaLR	1855	-	182	28563468	32808
chr19	28530660	28730660	harbor1	chr19	28576050	28576458	LTR/ERVL-MaLR	2383	-	204	28576254	45594
chr19	28530660	28730660	harbor1	chr19	28595400	28595459	LTR/ERVL-MaLR	688	-	30	28595430	64770
chr19	28530660	28730660	harbor1	chr19	28595764	28596062	LTR/ERVL-MaLR	688	-	149	28595913	65253
chr19	46808015	47008015	harbor1	chr19	46854182	46854531	LTR/ERVL-MaLR	1548	-	174	46854356	46341
chr19	39817801	40017801	harbor1	chr19	39820846	39821181	LTR/ERVL-MaLR	906	-	168	39821014	3213
chr19	39817801	40017801	harbor1	chr19	39821491	39821590	LTR/ERVL-MaLR	906	-	50	39821541	3740
chr19	39817801	40017801	harbor1	chr19	39852854	39853244	LTR/ERVL-MaLR	1594	-	195	39853049	35248
chr19	39817801	40017801	harbor1	chr19	39855847	39856096	LTR/ERVL-MaLR	710	-	124	39855971	38170
chr19	39817801	40017801	harbor1	chr19	39856337	39856513	LTR/ERVL-MaLR	753	-	88	39856425	38624
chr19	31369995	31569995	harbor1	chr19	31387203	31387696	LTR/ERVL-MaLR	1166	-	246	31387449	17454
chr19	31369995	31569995	harbor1	chr19	31390521	31390957	LTR/ERVL-MaLR	907	-	218	31390739	20744
chr19	31369995	31569995	harbor1	chr19	31435152	31435623	LTR/ERVL-MaLR	1470	-	236	31435388	65393
chr19	33867792	34067792	harbor1	chr19	33871890	33872261	LTR/ERVL-MaLR	2715	-	186	33872076	4284
chr19	33867792	34067792	harbor1	chr19	33908577	33909092	LTR/ERVL-MaLR	1255	-	258	33908835	41043
chr19	33867792	34067792	harbor1	chr19	33909803	33909869	LTR/ERVL-MaLR	888	-	33	33909836	42044
chr19	33867792	34067792	harbor1	chr19	33910175	33910424	LTR/ERVL-MaLR	888	-	124	33910299	42507
chr19	33867792	34067792	harbor1	chr19	33910760	33910891	LTR/ERVL-MaLR	888	-	66	33910826	43034
chr19	33867792	34067792	harbor1	chr19	33910900	33911307	LTR/ERVL-MaLR	706	-	204	33911104	43312
chr19	33867792	34067792	harbor1	chr19	33912787	33913184	LTR/ERVL-MaLR	2485	-	198	33912985	45193
chr19	33867792	34067792	harbor1	chr19	33923559	33923921	LTR/ERVL-MaLR	2750	-	181	33923740	55948
chr19	33867792	34067792	harbor1	chr19	33940830	33941226	LTR/ERVL-MaLR	2267	-	198	33941028	73236
chr19	33867792	34067792	harbor1	chr19	33942028	33942393	LTR/ERVL-MaLR	1457	-	182	33942210	74418
chr19	33867792	34067792	harbor1	chr19	33942981	33943068	LTR/ERVL-MaLR	1457	-	44	33943025	75233
chr19	33867792	34067792	harbor1	chr19	33955089	33955450	LTR/ERVL-MaLR	2360	-	180	33955269	87477
chr19	33867792	34067792	harbor1	chr19	33957174	33957449	LTR/ERVL-MaLR	1732	-	138	33957312	89520
chr19	33867792	34067792	harbor1	chr19	33957764	33957935	LTR/ERVL-MaLR	1732	-	86	33957850	90058
chr19	33134650	33334650	harbor1	chr19	33157792	33158056	LTR/ERVL-MaLR	959	-	132	33157924	23274
chr19	33134650	33334650	harbor1	chr19	33186090	33186244	LTR/ERVL-MaLR	2040	-	77	33186167	51517
chr19	33134650	33334650	harbor1	chr19	33186548	33186793	LTR/ERVL-MaLR	2040	-	122	33186670	52020
chr19	33134650	33334650	harbor1	chr19	33189356	33189721	LTR/ERVL-MaLR	2651	-	182	33189538	54888
chr19	38125761	38325761	harbor1	chr19	38127836	38128042	LTR/ERVL-MaLR	892	-	103	38127939	2178
chr19	38125761	38325761	harbor1	chr19	38139679	38140057	LTR/ERVL-MaLR	1589	-	189	38139868	14107
chr19	38125761	38325761	harbor1	chr19	38150892	38151231	LTR/ERVL-MaLR	946	-	170	38151062	25301
chr19	38125761	38325761	harbor1	chr19	38162607	38162974	LTR/ERVL-MaLR	1375	-	184	38162791	37030
chr19	38125761	38325761	harbor1	chr19	38185489	38185917	LTR/ERVL-MaLR	2103	-	214	38185703	59942
chr19	5837695	6037695	harbor1	chr19	5907047	5907325	LTR/ERVL-MaLR	1360	-	139	5907186	69491
chr19	5837695	6037695	harbor1	chr19	5908002	5908062	LTR/ERVL-MaLR	1360	-	30	5908032	70337
chr19	56196735	56396735	harbor1	chr19	56280552	56280906	LTR/ERVL-MaLR	1701	-	177	56280729	83994
chr19	32762850	32962850	harbor1	chr19	32770949	32771171	LTR/ERVL-MaLR	1153	-	111	32771060	8210
chr19	32762850	32962850	harbor1	chr19	32771991	32772490	LTR/ERVL-MaLR	1658	-	250	32772241	9391
chr19	32762850	32962850	harbor1	chr19	32795645	32796039	LTR/ERVL-MaLR	2456	-	197	32795842	32992
chr19	56142821	56342821	harbor1	chr19	56145766	56146091	LTR/ERVL-MaLR	732	-	162	56145928	3107
chr19	56142821	56342821	harbor1	chr19	56148738	56149063	LTR/ERVL-MaLR	814	-	162	56148900	6079
chr19	56142821	56342821	harbor1	chr19	56149362	56149481	LTR/ERVL-MaLR	693	-	60	56149422	6601
chr19	56142821	56342821	harbor1	chr19	56149867	56150035	LTR/ERVL-MaLR	693	-	84	56149951	7130
chr19	56142821	56342821	harbor1	chr19	56152600	56152952	LTR/ERVL-MaLR	1992	-	176	56152776	9955
chr19	56142821	56342821	harbor1	chr19	56158095	56158391	LTR/ERVL-MaLR	761	-	148	56158243	15422
chr19	53303709	53503709	harbor1	chr19	53310986	53311448	LTR/ERVL-MaLR	646	-	231	53311217	7508
chr19	53303709	53503709	harbor1	chr19	53348294	53348618	LTR/ERVL-MaLR	989	-	162	53348456	44747
chr19	53303709	53503709	harbor1	chr19	53378552	53378882	LTR/ERVL-MaLR	964	-	165	53378717	75008
chr19	56394621	56594621	harbor1	chr19	56439473	56439667	LTR/ERVL-MaLR	1686	-	97	56439570	44949
chr19	56394621	56594621	harbor1	chr19	56439958	56440127	LTR/ERVL-MaLR	1686	-	84	56440042	45421
chr19	56394621	56594621	harbor1	chr19	56444136	56444528	LTR/ERVL-MaLR	2217	-	196	56444332	49711
chr19	56394621	56594621	harbor1	chr19	56444523	56444605	LTR/ERVL-MaLR	660	-	41	56444564	49943
chr19	56394621	56594621	harbor1	chr19	56444689	56444771	LTR/ERVL-MaLR	638	-	41	56444730	50109
chr19	56394621	56594621	harbor1	chr19	56444772	56444854	LTR/ERVL-MaLR	638	-	41	56444813	50192
chr19	56394621	56594621	harbor1	chr19	56444938	56445020	LTR/ERVL-MaLR	638	-	41	56444979	50358
chr19	56394621	56594621	harbor1	chr19	56445021	56445103	LTR/ERVL-MaLR	638	-	41	56445062	50441
chr19	56394621	56594621	harbor1	chr19	56445187	56445269	LTR/ERVL-MaLR	638	-	41	56445228	50607
chr19	56394621	56594621	harbor1	chr19	56445270	56445353	LTR/ERVL-MaLR	692	-	42	56445312	50691
chr19	56394621	56594621	harbor1	chr19	56445354	56445437	LTR/ERVL-MaLR	674	-	42	56445396	50775
chr19	56394621	56594621	harbor1	chr19	56445438	56445520	LTR/ERVL-MaLR	638	-	41	56445479	50858
chr19	56394621	56594621	harbor1	chr19	56445521	56445604	LTR/ERVL-MaLR	692	-	42	56445563	50942
chr19	56394621	56594621	harbor1	chr19	56445605	56445688	LTR/ERVL-MaLR	692	-	42	56445647	51026
chr19	56394621	56594621	harbor1	chr19	56445689	56445772	LTR/ERVL-MaLR	674	-	42	56445731	51110
chr19	56394621	56594621	harbor1	chr19	56445773	56445856	LTR/ERVL-MaLR	674	-	42	56445815	51194
chr19	56394621	56594621	harbor1	chr19	56445857	56445939	LTR/ERVL-MaLR	638	-	41	56445898	51277
chr19	56394621	56594621	harbor1	chr19	56445940	56446048	LTR/ERVL-MaLR	846	-	54	56445994	51373
chr19	6990165	7190165	harbor1	chr19	7006266	7006561	LTR/ERVL-MaLR	817	-	148	7006414	16249
chr19	6990165	7190165	harbor1	chr19	7083816	7084319	LTR/ERVL-MaLR	1496	-	252	7084068	93903
chr19	21255982	21455982	harbor1	chr19	21304034	21304448	LTR/ERVL-MaLR	1483	-	207	21304241	48259
chr19	21255982	21455982	harbor1	chr19	21331986	21332482	LTR/ERVL-MaLR	1122	-	248	21332234	76252
chr19	53393358	53593358	harbor1	chr19	53405429	53405760	LTR/ERVL-MaLR	959	-	166	53405595	12237
chr19	53393358	53593358	harbor1	chr19	53415566	53415940	LTR/ERVL-MaLR	683	-	187	53415753	22395
chr19	53393358	53593358	harbor1	chr19	53452579	53452914	LTR/ERVL-MaLR	923	-	168	53452747	59389
chr19	33332835	33532835	harbor1	chr19	33342617	33342996	LTR/ERVL-MaLR	2534	-	190	33342807	9972
chr19	33332835	33532835	harbor1	chr19	33424669	33424944	LTR/ERVL-MaLR	1413	-	138	33424807	91972
chr19	13614302	13814302	harbor1	chr19	13634963	13635068	LTR/ERVL-MaLR	654	-	52	13635015	20713
chr19	13614302	13814302	harbor1	chr19	13635225	13635263	LTR/ERVL-MaLR	654	-	19	13635244	20942
chr19	13614302	13814302	harbor1	chr19	13651251	13651404	LTR/ERVL-MaLR	868	-	76	13651327	37025
chr19	13614302	13814302	harbor1	chr19	13678989	13679462	LTR/ERVL-MaLR	942	-	236	13679225	64923
chr19	13614302	13814302	harbor1	chr19	13690586	13690836	LTR/ERVL-MaLR	1179	-	125	13690711	76409
chr19	13614302	13814302	harbor1	chr19	13691447	13691609	LTR/ERVL-MaLR	1179	-	81	13691528	77226
chr19	13614302	13814302	harbor1	chr19	13695980	13696131	LTR/ERVL-MaLR	715	-	76	13696056	81754
chr19	13614302	13814302	harbor1	chr19	13701582	13701856	LTR/ERVL-MaLR	844	-	137	13701719	87417
chr19	1251966	1451966	harbor1	chr19	1339876	1340042	LTR/ERVL-MaLR	650	-	83	1339959	87993
chr19	1251966	1451966	harbor1	chr19	1347158	1347282	LTR/ERVL-MaLR	1451	-	62	1347220	95254
chr19	1251966	1451966	harbor1	chr19	1347535	1347669	LTR/ERVL-MaLR	1451	-	67	1347602	95636
chr19	1251966	1451966	harbor1	chr19	1347983	1348021	LTR/ERVL-MaLR	1451	-	19	1348002	96036
chr19	20823878	21023878	harbor1	chr19	20831829	20832225	LTR/ERVL-MaLR	1502	-	198	20832027	8149
chr19	32079229	32279229	harbor1	chr19	32122876	32123253	LTR/ERVL-MaLR	1201	-	188	32123064	43835
chr19	33481664	33681664	harbor1	chr19	33508412	33508864	LTR/ERVL-MaLR	803	-	226	33508638	26974
chr19	33481664	33681664	harbor1	chr19	33537571	33537929	LTR/ERVL-MaLR	2292	-	179	33537750	56086
chr19	33481664	33681664	harbor1	chr19	33540751	33541183	LTR/ERVL-MaLR	1495	-	216	33540967	59303
chr19	33481664	33681664	harbor1	chr19	33543074	33543488	LTR/ERVL-MaLR	1121	-	207	33543281	61617
chr19	33481664	33681664	harbor1	chr19	33551301	33551624	LTR/ERVL-MaLR	1963	-	162	33551463	69799
chr19	33481664	33681664	harbor1	chr19	33555715	33556084	LTR/ERVL-MaLR	2388	-	184	33555899	74235
chr19	22745920	22945920	harbor1	chr19	22767767	22767975	LTR/ERVL-MaLR	815	-	104	22767871	21951
chr19	22745920	22945920	harbor1	chr19	22785733	22786229	LTR/ERVL-MaLR	1377	-	248	22785981	40061
chr19	34931680	35131680	harbor1	chr19	34935805	34936165	LTR/ERVL-MaLR	2345	-	180	34935985	4305
chr19	34931680	35131680	harbor1	chr19	34969685	34969986	LTR/ERVL-MaLR	975	-	150	34969835	38155
chr19	34931680	35131680	harbor1	chr19	34970791	34971346	LTR/ERVL-MaLR	1971	-	278	34971069	39389
chr19	34931680	35131680	harbor1	chr19	34971990	34972070	LTR/ERVL-MaLR	1758	-	40	34972030	40350
chr19	34931680	35131680	harbor1	chr19	34972369	34972853	LTR/ERVL-MaLR	1758	-	242	34972611	40931
chr19	34931680	35131680	harbor1	chr19	34973115	34973285	LTR/ERVL-MaLR	928	-	85	34973200	41520
chr19	34931680	35131680	harbor1	chr19	35018297	35018537	LTR/ERVL-MaLR	1111	-	120	35018417	86737
chr19	6679456	6879456	harbor1	chr19	6727517	6727947	LTR/ERVL-MaLR	1959	-	215	6727732	48276
chr19	6679456	6879456	harbor1	chr19	6728243	6728290	LTR/ERVL-MaLR	1959	-	24	6728267	48811
chr19	29242996	29442996	harbor1	chr19	29244738	29245100	LTR/ERVL-MaLR	663	-	181	29244919	1923
chr19	29242996	29442996	harbor1	chr19	29270783	29271466	LTR/ERVL-MaLR	1910	-	342	29271125	28129
chr19	29242996	29442996	harbor1	chr19	29328063	29328417	LTR/ERVL-MaLR	2492	-	177	29328240	85244
chr19	55947572	56147572	harbor1	chr19	55978356	55978619	LTR/ERVL-MaLR	1423	-	132	55978488	30916
chr19	55947572	56147572	harbor1	chr19	55980359	55980867	LTR/ERVL-MaLR	1142	-	254	55980613	33041
chr19	36439830	36639830	harbor1	chr19	36537851	36538231	LTR/ERVL-MaLR	1287	-	190	36538041	98211
chr19	43581101	43781101	harbor1	chr19	43584572	43584834	LTR/ERVL-MaLR	786	-	131	43584703	3602
chr19	43581101	43781101	harbor1	chr19	43585136	43585245	LTR/ERVL-MaLR	786	-	54	43585190	4089
chr19	43581101	43781101	harbor1	chr19	43585540	43585683	LTR/ERVL-MaLR	786	-	72	43585612	4511
chr19	43581101	43781101	harbor1	chr19	43646380	43646691	LTR/ERVL-MaLR	1011	-	156	43646536	65435
chr19	33752191	33952191	harbor1	chr19	33758787	33759206	LTR/ERVL-MaLR	2098	-	210	33758997	6806
chr19	33752191	33952191	harbor1	chr19	33782079	33782413	LTR/ERVL-MaLR	1683	-	167	33782246	30055
chr19	33752191	33952191	harbor1	chr19	33782601	33782923	LTR/ERVL-MaLR	2415	-	161	33782762	30571
chr19	33752191	33952191	harbor1	chr19	33822261	33822328	LTR/ERVL-MaLR	1610	-	34	33822295	70104
chr19	33752191	33952191	harbor1	chr19	33822461	33822887	LTR/ERVL-MaLR	1610	-	213	33822674	70483
chr19	32259246	32459246	harbor1	chr19	32296636	32297026	LTR/ERVL-MaLR	1984	-	195	32296831	37585
chr19	32259246	32459246	harbor1	chr19	32330821	32331002	LTR/ERVL-MaLR	1975	-	90	32330911	71665
chr19	32259246	32459246	harbor1	chr19	32331299	32331321	LTR/ERVL-MaLR	1975	-	11	32331310	72064
chr19	32259246	32459246	harbor1	chr19	32331625	32331791	LTR/ERVL-MaLR	1975	-	83	32331708	72462
chr19	32259246	32459246	harbor1	chr19	32342622	32342655	LTR/ERVL-MaLR	683	-	16	32342638	83392
chr19	32259246	32459246	harbor1	chr19	32343531	32343871	LTR/ERVL-MaLR	683	-	170	32343701	84455
chr19	20918264	21118264	harbor1	chr19	20963868	20964213	LTR/ERVL-MaLR	2068	-	172	20964040	45776
chr19	20918264	21118264	harbor1	chr19	20997457	20997497	LTR/ERVL-MaLR	1600	-	20	20997477	79213
chr19	20918264	21118264	harbor1	chr19	20997814	20998142	LTR/ERVL-MaLR	1600	-	164	20997978	79714
chr19	28409130	28609130	harbor1	chr19	28453764	28454036	LTR/ERVL-MaLR	1808	-	136	28453900	44770
chr19	28409130	28609130	harbor1	chr19	28454126	28454327	LTR/ERVL-MaLR	1808	-	100	28454226	45096
chr19	52348960	52548960	harbor1	chr19	52388787	52389149	LTR/ERVL-MaLR	2574	-	181	52388968	40008
chr19	52348960	52548960	harbor1	chr19	52389150	52389803	LTR/ERVL-MaLR	4535	-	326	52389476	40516
chr19	52348960	52548960	harbor1	chr19	52389794	52390038	LTR/ERVL-MaLR	1410	-	122	52389916	40956
chr19	52348960	52548960	harbor1	chr19	52390039	52390127	LTR/ERVL-MaLR	696	-	44	52390083	41123
chr19	52348960	52548960	harbor1	chr19	52394648	52395061	LTR/ERVL-MaLR	954	-	206	52394854	45894
chr19	52348960	52548960	harbor1	chr19	52424111	52424297	LTR/ERVL-MaLR	872	-	93	52424204	75244
chr19	52348960	52548960	harbor1	chr19	52424590	52424833	LTR/ERVL-MaLR	872	-	122	52424712	75752
chr19	52348960	52548960	harbor1	chr19	52446506	52446575	LTR/ERVL-MaLR	1054	-	34	52446540	97580
chr19	52348960	52548960	harbor1	chr19	52446859	52447299	LTR/ERVL-MaLR	1054	-	220	52447079	98119
chr19	30991070	31191070	harbor1	chr19	31017329	31017706	LTR/ERVL-MaLR	2858	-	188	31017517	26447
chr19	30991070	31191070	harbor1	chr19	31019586	31019962	LTR/ERVL-MaLR	2784	-	188	31019774	28704
chr19	30991070	31191070	harbor1	chr19	31052253	31052892	LTR/ERVL-MaLR	1751	-	320	31052573	61503
chr19	30991070	31191070	harbor1	chr19	31080616	31080953	LTR/ERVL-MaLR	2491	-	168	31080784	89714
chr19	30991070	31191070	harbor1	chr19	31081202	31081304	LTR/ERVL-MaLR	2491	-	51	31081253	90183
chr19	42950171	43150171	harbor1	chr19	42952488	42952827	LTR/ERVL-MaLR	1379	-	170	42952658	2487
chr19	42950171	43150171	harbor1	chr19	42952843	42953236	LTR/ERVL-MaLR	2388	-	196	42953039	2868
chr19	42950171	43150171	harbor1	chr19	42973139	42973380	LTR/ERVL-MaLR	1868	-	120	42973259	23088
chr19	42950171	43150171	harbor1	chr19	42973595	42973708	LTR/ERVL-MaLR	1868	-	56	42973651	23480
chr19	42950171	43150171	harbor1	chr19	43046860	43047256	LTR/ERVL-MaLR	1798	-	198	43047058	96887
chr19	42950171	43150171	harbor1	chr19	43047266	43047668	LTR/ERVL-MaLR	2498	-	201	43047467	97296
chr19	42345833	42545833	harbor1	chr19	42372102	42372260	LTR/ERVL-MaLR	688	-	79	42372181	26348
chr19	50589266	50789266	harbor1	chr19	50647957	50648321	LTR/ERVL-MaLR	925	-	182	50648139	58873
chr19	50589266	50789266	harbor1	chr19	50654999	50655249	LTR/ERVL-MaLR	715	-	125	50655124	65858
chr19	31358035	31558035	harbor1	chr19	31387203	31387696	LTR/ERVL-MaLR	1166	-	246	31387449	29414
chr19	31358035	31558035	harbor1	chr19	31390521	31390957	LTR/ERVL-MaLR	907	-	218	31390739	32704
chr19	31358035	31558035	harbor1	chr19	31435152	31435623	LTR/ERVL-MaLR	1470	-	236	31435388	77353
chr19	40991912	41191912	harbor1	chr19	40993255	40993660	LTR/ERVL-MaLR	2138	-	202	40993457	1545
chr19	40991912	41191912	harbor1	chr19	41021789	41022146	LTR/ERVL-MaLR	2229	-	178	41021967	30055
chr19	40991912	41191912	harbor1	chr19	41078642	41079045	LTR/ERVL-MaLR	2258	-	202	41078844	86932
chr19	30168394	30368394	harbor1	chr19	30179709	30180134	LTR/ERVL-MaLR	2725	-	212	30179921	11527
chr19	30168394	30368394	harbor1	chr19	30211313	30211681	LTR/ERVL-MaLR	2122	-	184	30211497	43103
chr19	49521314	49721314	harbor1	chr19	49574530	49574721	LTR/ERVL-MaLR	1270	-	96	49574626	53312
chr19	49521314	49721314	harbor1	chr19	49575299	49575446	LTR/ERVL-MaLR	1270	-	74	49575373	54059
chr19	6810243	7010243	harbor1	chr19	6813030	6813534	LTR/ERVL-MaLR	1742	-	252	6813282	3039
chr19	6810243	7010243	harbor1	chr19	6879190	6879604	LTR/ERVL-MaLR	1892	-	207	6879397	69154
chr19	6810243	7010243	harbor1	chr19	6879894	6880009	LTR/ERVL-MaLR	1892	-	58	6879952	69709
chr19	6810243	7010243	harbor1	chr19	6893739	6894242	LTR/ERVL-MaLR	2051	-	252	6893991	83748
chr19	6810243	7010243	harbor1	chr19	6895099	6895415	LTR/ERVL-MaLR	700	-	158	6895257	85014
chr19	6810243	7010243	harbor1	chr19	6895896	6896309	LTR/ERVL-MaLR	1713	-	206	6896102	85859
chr19	6810243	7010243	harbor1	chr19	6896833	6897066	LTR/ERVL-MaLR	850	-	116	6896949	86706
chr19	6810243	7010243	harbor1	chr19	6897999	6898262	LTR/ERVL-MaLR	881	-	132	6898131	87888
chr19	6810243	7010243	harbor1	chr19	6900813	6901230	LTR/ERVL-MaLR	676	-	208	6901021	90778
chr19	6810243	7010243	harbor1	chr19	6901282	6901609	LTR/ERVL-MaLR	1199	-	164	6901446	91203
chr19	6810243	7010243	harbor1	chr19	6906609	6906955	LTR/ERVL-MaLR	998	-	173	6906782	96539
chr19	44988977	45188977	harbor1	chr19	45026905	45026948	LTR/ERVL-MaLR	1414	-	22	45026927	37950
chr19	44988977	45188977	harbor1	chr19	45027251	45027774	LTR/ERVL-MaLR	1414	-	262	45027513	38536
chr19	44988977	45188977	harbor1	chr19	45035142	45035247	LTR/ERVL-MaLR	770	-	52	45035194	46217
chr19	44988977	45188977	harbor1	chr19	45035844	45035988	LTR/ERVL-MaLR	770	-	72	45035916	46939
chr19	29137626	29337626	harbor1	chr19	29147955	29148495	LTR/ERVL-MaLR	1201	-	270	29148225	10599
chr19	29137626	29337626	harbor1	chr19	29170311	29170910	LTR/ERVL-MaLR	725	-	300	29170611	32985
chr19	29137626	29337626	harbor1	chr19	29216293	29216655	LTR/ERVL-MaLR	1858	-	181	29216474	78848
chr19	19710554	19910554	harbor1	chr19	19756320	19756509	LTR/ERVL-MaLR	2601	-	94	19756414	45860
chr19	19710554	19910554	harbor1	chr19	19756816	19757050	LTR/ERVL-MaLR	2601	-	117	19756933	46379
chr19	19710554	19910554	harbor1	chr19	19757053	19757108	LTR/ERVL-MaLR	4694	-	28	19757081	46527
chr19	19710554	19910554	harbor1	chr19	19757431	19758126	LTR/ERVL-MaLR	4694	-	348	19757779	47225
chr19	19710554	19910554	harbor1	chr19	19763464	19763745	LTR/ERVL-MaLR	880	-	140	19763604	53050
chr19	19710554	19910554	harbor1	chr19	19764059	19764168	LTR/ERVL-MaLR	880	-	54	19764113	53559
chr19	19710554	19910554	harbor1	chr19	19772868	19773043	LTR/ERVL-MaLR	1057	-	88	19772956	62402
chr19	19710554	19910554	harbor1	chr19	19773353	19773403	LTR/ERVL-MaLR	1057	-	25	19773378	62824
chr19	19710554	19910554	harbor1	chr19	19773724	19773859	LTR/ERVL-MaLR	1057	-	68	19773792	63238
chr19	8751329	8951329	harbor1	chr19	8791621	8791876	LTR/ERVL-MaLR	1244	-	128	8791749	40420
chr19	8751329	8951329	harbor1	chr19	8804223	8804552	LTR/ERVL-MaLR	944	-	164	8804387	53058
chr19	7849944	8049944	harbor1	chr19	7897667	7897898	LTR/ERVL-MaLR	1005	-	116	7897783	47839
chr19	7849944	8049944	harbor1	chr19	7896951	7897160	LTR/ERVL-MaLR	1005	-	104	7897055	47111
chr19	8618587	8818587	harbor1	chr19	8628118	8628382	LTR/ERVL-MaLR	1480	-	132	8628250	9663
chr19	8618587	8818587	harbor1	chr19	8628996	8629165	LTR/ERVL-MaLR	1480	-	84	8629080	10493
chr19	8618587	8818587	harbor1	chr19	8642389	8642854	LTR/ERVL-MaLR	1074	-	232	8642621	24034
chr19	8618587	8818587	harbor1	chr19	8690999	8691209	LTR/ERVL-MaLR	1293	-	105	8691104	72517
chr19	8618587	8818587	harbor1	chr19	8691948	8692101	LTR/ERVL-MaLR	899	-	76	8692024	73437
chr19	21992273	22192273	harbor1	chr19	22079385	22079740	LTR/ERVL-MaLR	2407	-	178	22079563	87290
chr19	5880368	6080368	harbor1	chr19	5907047	5907325	LTR/ERVL-MaLR	1360	-	139	5907186	26818
chr19	5880368	6080368	harbor1	chr19	5908002	5908062	LTR/ERVL-MaLR	1360	-	30	5908032	27664
chr19	12552889	12752889	harbor1	chr19	12636878	12636918	LTR/ERVL-MaLR	1725	-	20	12636898	84009
chr19	12552889	12752889	harbor1	chr19	12637227	12637569	LTR/ERVL-MaLR	1725	-	171	12637398	84509
chr19	9449408	9649408	harbor1	chr19	9503347	9503518	LTR/ERVL-MaLR	890	-	86	9503433	54025
chr19	9449408	9649408	harbor1	chr19	9523174	9523572	LTR/ERVL-MaLR	1118	-	199	9523373	73965
chr19	9449408	9649408	harbor1	chr19	9527694	9527977	LTR/ERVL-MaLR	1151	-	142	9527836	78428
chr19	40713154	40913154	harbor1	chr19	40723833	40724125	LTR/ERVL-MaLR	1257	-	146	40723979	10825
chr19	40713154	40913154	harbor1	chr19	40724419	40724498	LTR/ERVL-MaLR	1257	-	40	40724459	11305
chr19	40713154	40913154	harbor1	chr19	40727420	40727750	LTR/ERVL-MaLR	1098	-	165	40727585	14431
chr19	40713154	40913154	harbor1	chr19	40737107	40737487	LTR/ERVL-MaLR	947	-	190	40737297	24143
chr19	35066767	35266767	harbor1	chr19	35070144	35070311	LTR/ERVL-MaLR	1152	-	84	35070228	3461
chr19	35066767	35266767	harbor1	chr19	35070572	35070900	LTR/ERVL-MaLR	1152	-	164	35070736	3969
chr19	35066767	35266767	harbor1	chr19	35081589	35081652	LTR/ERVL-MaLR	2193	-	32	35081621	14854
chr19	35066767	35266767	harbor1	chr19	35082260	35082825	LTR/ERVL-MaLR	2193	-	282	35082542	15775
chr19	35066767	35266767	harbor1	chr19	35157523	35158030	LTR/ERVL-MaLR	1723	-	254	35157777	91010
chr19	35066767	35266767	harbor1	chr19	35161181	35161221	LTR/ERVL-MaLR	1215	-	20	35161201	94434
chr19	35066767	35266767	harbor1	chr19	35161249	35161749	LTR/ERVL-MaLR	1215	-	250	35161499	94732
chr19	35066767	35266767	harbor1	chr19	35162352	35162724	LTR/ERVL-MaLR	1596	-	186	35162538	95771
chr19	35066767	35266767	harbor1	chr19	35164428	35164591	LTR/ERVL-MaLR	800	-	82	35164510	97743
chr19	35066767	35266767	harbor1	chr19	35166424	35166908	LTR/ERVL-MaLR	1940	-	242	35166666	99899
chr19	43394710	43594710	harbor1	chr19	43396708	43396826	LTR/ERVL-MaLR	1027	-	59	43396767	2057
chr19	43394710	43594710	harbor1	chr19	43397136	43397298	LTR/ERVL-MaLR	1027	-	81	43397217	2507
chr19	43394710	43594710	harbor1	chr19	43412082	43412468	LTR/ERVL-MaLR	2027	-	193	43412275	17565
chr19	43394710	43594710	harbor1	chr19	43442952	43443005	LTR/ERVL-MaLR	1979	-	26	43442978	48268
chr19	43394710	43594710	harbor1	chr19	43443300	43443609	LTR/ERVL-MaLR	1979	-	154	43443454	48744
chr19	43259801	43459801	harbor1	chr19	43293206	43293602	LTR/ERVL-MaLR	1856	-	198	43293404	33603
chr19	43259801	43459801	harbor1	chr19	43293624	43294012	LTR/ERVL-MaLR	2372	-	194	43293818	34017
chr19	43259801	43459801	harbor1	chr19	43307359	43307730	LTR/ERVL-MaLR	1152	-	186	43307545	47744
chr19	43259801	43459801	harbor1	chr19	43323084	43323473	LTR/ERVL-MaLR	2032	-	194	43323278	63477
chr19	43259801	43459801	harbor1	chr19	43329386	43330434	LTR/ERVL-MaLR	6154	-	524	43329910	70109
chr19	34694532	34894532	harbor1	chr19	34738151	34738503	LTR/ERVL-MaLR	1706	-	176	34738327	43795
chr19	34694532	34894532	harbor1	chr19	34784017	34784465	LTR/ERVL-MaLR	1632	-	224	34784241	89709
chr19	34694532	34894532	harbor1	chr19	34793916	34794289	LTR/ERVL-MaLR	2180	-	186	34794102	99570
chr19	34483331	34683331	harbor1	chr19	34509193	34509559	LTR/ERVL-MaLR	2178	-	183	34509376	26045
chr19	34483331	34683331	harbor1	chr19	34509560	34511110	LTR/ERVL-MaLR	11567	-	775	34510335	27004
chr19	34483331	34683331	harbor1	chr19	34511111	34511455	LTR/ERVL-MaLR	2092	-	172	34511283	27952
chr19	34483331	34683331	harbor1	chr19	34550278	34550670	LTR/ERVL-MaLR	1371	-	196	34550474	67143
chr19	34483331	34683331	harbor1	chr19	34561771	34562135	LTR/ERVL-MaLR	2080	-	182	34561953	78622
chr19	21804489	22004489	harbor1	chr19	21810143	21810536	LTR/ERVL-MaLR	1580	-	196	21810339	5850
chr19	21804489	22004489	harbor1	chr19	21903036	21903411	LTR/ERVL-MaLR	1862	-	188	21903224	98735
chr19	21804489	22004489	harbor1	chr19	21903412	21904517	LTR/ERVL-MaLR	9132	-	552	21903964	99475
chr19	42758176	42958176	harbor1	chr19	42796881	42797278	LTR/ERVL-MaLR	1913	-	198	42797079	38903
chr19	42758176	42958176	harbor1	chr19	42797301	42797690	LTR/ERVL-MaLR	2344	-	194	42797495	39319
chr19	56362587	56562587	harbor1	chr19	56439473	56439667	LTR/ERVL-MaLR	1686	-	97	56439570	76983
chr19	56362587	56562587	harbor1	chr19	56439958	56440127	LTR/ERVL-MaLR	1686	-	84	56440042	77455
chr19	56362587	56562587	harbor1	chr19	56444136	56444528	LTR/ERVL-MaLR	2217	-	196	56444332	81745
chr19	56362587	56562587	harbor1	chr19	56444523	56444605	LTR/ERVL-MaLR	660	-	41	56444564	81977
chr19	56362587	56562587	harbor1	chr19	56444689	56444771	LTR/ERVL-MaLR	638	-	41	56444730	82143
chr19	56362587	56562587	harbor1	chr19	56444772	56444854	LTR/ERVL-MaLR	638	-	41	56444813	82226
chr19	56362587	56562587	harbor1	chr19	56444938	56445020	LTR/ERVL-MaLR	638	-	41	56444979	82392
chr19	56362587	56562587	harbor1	chr19	56445021	56445103	LTR/ERVL-MaLR	638	-	41	56445062	82475
chr19	56362587	56562587	harbor1	chr19	56445187	56445269	LTR/ERVL-MaLR	638	-	41	56445228	82641
chr19	56362587	56562587	harbor1	chr19	56445270	56445353	LTR/ERVL-MaLR	692	-	42	56445312	82725
chr19	56362587	56562587	harbor1	chr19	56445354	56445437	LTR/ERVL-MaLR	674	-	42	56445396	82809
chr19	56362587	56562587	harbor1	chr19	56445438	56445520	LTR/ERVL-MaLR	638	-	41	56445479	82892
chr19	56362587	56562587	harbor1	chr19	56445521	56445604	LTR/ERVL-MaLR	692	-	42	56445563	82976
chr19	56362587	56562587	harbor1	chr19	56445605	56445688	LTR/ERVL-MaLR	692	-	42	56445647	83060
chr19	56362587	56562587	harbor1	chr19	56445689	56445772	LTR/ERVL-MaLR	674	-	42	56445731	83144
chr19	56362587	56562587	harbor1	chr19	56445773	56445856	LTR/ERVL-MaLR	674	-	42	56445815	83228
chr19	56362587	56562587	harbor1	chr19	56445857	56445939	LTR/ERVL-MaLR	638	-	41	56445898	83311
chr19	56362587	56562587	harbor1	chr19	56445940	56446048	LTR/ERVL-MaLR	846	-	54	56445994	83407
chr19	7722928	7922928	harbor1	chr19	7724051	7724471	LTR/ERVL-MaLR	2419	-	210	7724261	1333
chr19	7722928	7922928	harbor1	chr19	7751236	7751538	LTR/ERVL-MaLR	1536	-	151	7751387	28459
chr19	7722928	7922928	harbor1	chr19	7779550	7779733	LTR/ERVL-MaLR	790	-	92	7779642	56714
chr19	7722928	7922928	harbor1	chr19	7781930	7782140	LTR/ERVL-MaLR	704	-	105	7782035	59107
chr19	7722928	7922928	harbor1	chr19	7782442	7782530	LTR/ERVL-MaLR	704	-	44	7782486	59558
chr19	7722928	7922928	harbor1	chr19	7817726	7818263	LTR/ERVL-MaLR	1706	-	268	7817994	95066
chr19	7722928	7922928	harbor1	chr19	7818996	7819191	LTR/ERVL-MaLR	769	-	98	7819094	96166
chr19	19305251	19505251	harbor1	chr19	19364928	19365079	LTR/ERVL-MaLR	798	-	76	19365004	59753
chr19	42603773	42803773	harbor1	chr19	42673886	42674063	LTR/ERVL-MaLR	795	-	88	42673974	70201
chr19	42603773	42803773	harbor1	chr19	42677198	42677451	LTR/ERVL-MaLR	1115	-	126	42677324	73551
chr19	53241691	53441691	harbor1	chr19	53276313	53276723	LTR/ERVL-MaLR	2175	-	205	53276518	34827
chr19	53241691	53441691	harbor1	chr19	53310986	53311448	LTR/ERVL-MaLR	646	-	231	53311217	69526
chr19	18873847	19073847	harbor1	chr19	18909253	18909512	LTR/ERVL-MaLR	1201	-	130	18909383	35536
chr19	18873847	19073847	harbor1	chr19	18909813	18909993	LTR/ERVL-MaLR	1201	-	90	18909903	36056
chr19	18873847	19073847	harbor1	chr19	18915969	18916038	LTR/ERVL-MaLR	634	-	34	18916003	42156
chr19	18873847	19073847	harbor1	chr19	18916970	18917144	LTR/ERVL-MaLR	634	-	87	18917057	43210
chr19	11291347	11491347	harbor1	chr19	11320818	11320890	LTR/ERVL-MaLR	2235	-	36	11320854	29507
chr19	11291347	11491347	harbor1	chr19	11367587	11367874	LTR/ERVL-MaLR	1486	-	144	11367731	76384
chr19	11291347	11491347	harbor1	chr19	11390949	11391404	LTR/ERVL-MaLR	1540	-	228	11391177	99830
chr19	11291347	11491347	harbor1	chr19	11321201	11321519	LTR/ERVL-MaLR	2235	-	159	11321360	30013
chr19	40544923	40744923	harbor1	chr19	40550819	40551204	LTR/ERVL-MaLR	1355	-	192	40551011	6088
chr19	40544923	40744923	harbor1	chr19	40591845	40591895	LTR/ERVL-MaLR	677	-	25	40591870	46947
chr19	40544923	40744923	harbor1	chr19	40592207	40592445	LTR/ERVL-MaLR	677	-	119	40592326	47403
chr19	40544923	40744923	harbor1	chr19	40618786	40619233	LTR/ERVL-MaLR	1023	-	224	40619010	74087
chr19	40544923	40744923	harbor1	chr19	40550353	40550504	LTR/ERVL-MaLR	1355	-	76	40550429	5506
chr19	48959554	49159554	harbor1	chr19	49004473	49004887	LTR/ERVL-MaLR	778	-	207	49004680	45126
chr19	22031557	22231557	harbor1	chr19	22079385	22079740	LTR/ERVL-MaLR	2407	-	178	22079563	48006
chr19	36730255	36930255	harbor1	chr19	36799406	36799598	LTR/ERVL-MaLR	703	-	96	36799502	69247
chr19	51641907	51841907	harbor1	chr19	51668174	51668521	LTR/ERVL-MaLR	1506	-	174	51668348	26441
chr19	51641907	51841907	harbor1	chr19	51672289	51672675	LTR/ERVL-MaLR	2167	-	193	51672482	30575
chr19	51641907	51841907	harbor1	chr19	51679213	51679789	LTR/ERVL-MaLR	1995	-	288	51679501	37594
chr19	51641907	51841907	harbor1	chr19	51682693	51682761	LTR/ERVL-MaLR	1835	-	34	51682727	40820
chr19	51641907	51841907	harbor1	chr19	51683067	51683458	LTR/ERVL-MaLR	1835	-	196	51683263	41356
chr19	51641907	51841907	harbor1	chr19	51698791	51699004	LTR/ERVL-MaLR	899	-	106	51698897	56990
chr19	51641907	51841907	harbor1	chr19	51699290	51699419	LTR/ERVL-MaLR	899	-	64	51699354	57447
chr19	51641907	51841907	harbor1	chr19	51699475	51699847	LTR/ERVL-MaLR	1887	-	186	51699661	57754
chr19	51641907	51841907	harbor1	chr19	51735211	51735565	LTR/ERVL-MaLR	1794	-	177	51735388	93481
chr19	51641907	51841907	harbor1	chr19	51737466	51737502	LTR/ERVL-MaLR	2377	-	18	51737484	95577
chr19	51641907	51841907	harbor1	chr19	51738086	51738237	LTR/ERVL-MaLR	2377	-	76	51738162	96255
chr19	51641907	51841907	harbor1	chr19	51739192	51739524	LTR/ERVL-MaLR	2377	-	166	51739358	97451
chr19	6894692	7094692	harbor1	chr19	6895099	6895415	LTR/ERVL-MaLR	700	-	158	6895257	565
chr19	6894692	7094692	harbor1	chr19	6895896	6896309	LTR/ERVL-MaLR	1713	-	206	6896102	1410
chr19	6894692	7094692	harbor1	chr19	6896833	6897066	LTR/ERVL-MaLR	850	-	116	6896949	2257
chr19	6894692	7094692	harbor1	chr19	6897999	6898262	LTR/ERVL-MaLR	881	-	132	6898131	3439
chr19	6894692	7094692	harbor1	chr19	6900813	6901230	LTR/ERVL-MaLR	676	-	208	6901021	6329
chr19	6894692	7094692	harbor1	chr19	6901282	6901609	LTR/ERVL-MaLR	1199	-	164	6901446	6754
chr19	6894692	7094692	harbor1	chr19	6906609	6906955	LTR/ERVL-MaLR	998	-	173	6906782	12090
chr19	6894692	7094692	harbor1	chr19	6931318	6931515	LTR/ERVL-MaLR	773	-	98	6931416	36724
chr19	6894692	7094692	harbor1	chr19	6931816	6931911	LTR/ERVL-MaLR	765	-	48	6931864	37172
chr19	6894692	7094692	harbor1	chr19	6983055	6983504	LTR/ERVL-MaLR	1982	-	224	6983279	88587
chr19	6570303	6770303	harbor1	chr19	6581769	6582033	LTR/ERVL-MaLR	3014	-	132	6581901	11598
chr19	6570303	6770303	harbor1	chr19	6582336	6582355	LTR/ERVL-MaLR	3014	-	10	6582346	12043
chr19	6570303	6770303	harbor1	chr19	6582810	6583003	LTR/ERVL-MaLR	3014	-	96	6582906	12603
chr19	6570303	6770303	harbor1	chr19	6604065	6604275	LTR/ERVL-MaLR	807	-	105	6604170	33867
chr19	6570303	6770303	harbor1	chr19	6629278	6629645	LTR/ERVL-MaLR	1788	-	184	6629462	59159
chr19	6570303	6770303	harbor1	chr19	6641557	6641780	LTR/ERVL-MaLR	1104	-	112	6641669	71366
chr19	6570303	6770303	harbor1	chr19	6643055	6643127	LTR/ERVL-MaLR	938	-	36	6643091	72788
chr19	6570303	6770303	harbor1	chr19	6643436	6643486	LTR/ERVL-MaLR	938	-	25	6643461	73158
chr19	6570303	6770303	harbor1	chr19	6643766	6644105	LTR/ERVL-MaLR	947	-	170	6643936	73633
chr19	6570303	6770303	harbor1	chr19	6645037	6645167	LTR/ERVL-MaLR	895	-	65	6645102	74799
chr19	49352417	49552417	harbor1	chr19	49373324	49373462	LTR/ERVL-MaLR	800	-	69	49373393	20976
chr19	49352417	49552417	harbor1	chr19	49375691	49376217	LTR/ERVL-MaLR	1520	-	263	49375954	23537
chr19	46561691	46761691	harbor1	chr19	46566357	46566396	LTR/ERVL-MaLR	1707	-	20	46566377	4686
chr19	46561691	46761691	harbor1	chr19	46566699	46567072	LTR/ERVL-MaLR	1707	-	186	46566885	5194
chr19	46561691	46761691	harbor1	chr19	46568082	46568568	LTR/ERVL-MaLR	1730	-	243	46568325	6634
chr19	46561691	46761691	harbor1	chr19	46574476	46574628	LTR/ERVL-MaLR	710	-	76	46574552	12861
chr19	46561691	46761691	harbor1	chr19	46575801	46576001	LTR/ERVL-MaLR	1117	-	100	46575901	14210
chr19	46561691	46761691	harbor1	chr19	46576316	46576484	LTR/ERVL-MaLR	1117	-	84	46576400	14709
chr19	46561691	46761691	harbor1	chr19	46581269	46581564	LTR/ERVL-MaLR	1376	-	148	46581417	19726
chr19	46561691	46761691	harbor1	chr19	46581698	46581878	LTR/ERVL-MaLR	1376	-	90	46581788	20097
chr19	46561691	46761691	harbor1	chr19	46599753	46599902	LTR/ERVL-MaLR	1017	-	74	46599827	38136
chr19	6756897	6956897	harbor1	chr19	6782547	6782597	LTR/ERVL-MaLR	751	-	25	6782572	25675
chr19	6756897	6956897	harbor1	chr19	6783208	6783470	LTR/ERVL-MaLR	751	-	131	6783339	26442
chr19	6756897	6956897	harbor1	chr19	6783768	6783897	LTR/ERVL-MaLR	751	-	64	6783832	26935
chr19	6756897	6956897	harbor1	chr19	6790353	6790540	LTR/ERVL-MaLR	675	-	94	6790447	33550
chr19	6756897	6956897	harbor1	chr19	6791021	6791132	LTR/ERVL-MaLR	635	-	56	6791077	34180
chr19	6756897	6956897	harbor1	chr19	6794734	6795133	LTR/ERVL-MaLR	1296	-	200	6794934	38037
chr19	6756897	6956897	harbor1	chr19	6813030	6813534	LTR/ERVL-MaLR	1742	-	252	6813282	56385
chr19	22314393	22514393	harbor1	chr19	22349961	22350305	LTR/ERVL-MaLR	1839	-	172	22350133	35740
chr19	43008731	43208731	harbor1	chr19	43046860	43047256	LTR/ERVL-MaLR	1798	-	198	43047058	38327
chr19	43008731	43208731	harbor1	chr19	43047266	43047668	LTR/ERVL-MaLR	2498	-	201	43047467	38736
chr19	43008731	43208731	harbor1	chr19	43107649	43108046	LTR/ERVL-MaLR	1822	-	198	43107847	99116
chr19	43008731	43208731	harbor1	chr19	43108069	43108458	LTR/ERVL-MaLR	2466	-	194	43108263	99532
chr19	47917667	48117667	harbor1	chr19	47967385	47967789	LTR/ERVL-MaLR	2190	-	202	47967587	49920
chr19	47917667	48117667	harbor1	chr19	47986784	47987189	LTR/ERVL-MaLR	1572	-	202	47986986	69319
chr19	47917667	48117667	harbor1	chr19	48000890	48001175	LTR/ERVL-MaLR	1819	-	142	48001032	83365
chr19	47917667	48117667	harbor1	chr19	48001451	48001556	LTR/ERVL-MaLR	1819	-	52	48001503	83836
chr19	47917667	48117667	harbor1	chr19	48009714	48010171	LTR/ERVL-MaLR	1089	-	228	48009942	92275
chr19	47917667	48117667	harbor1	chr19	48013396	48013434	LTR/ERVL-MaLR	1821	-	19	48013415	95748
chr19	47917667	48117667	harbor1	chr19	48013745	48014093	LTR/ERVL-MaLR	1821	-	174	48013919	96252
chr19	29551748	29751748	harbor1	chr19	29559823	29560229	LTR/ERVL-MaLR	1067	-	203	29560026	8278
chr19	29551748	29751748	harbor1	chr19	29571034	29571457	LTR/ERVL-MaLR	2560	-	212	29571246	19498
chr19	29551748	29751748	harbor1	chr19	29581118	29581469	LTR/ERVL-MaLR	2280	-	176	29581294	29546
chr19	29551748	29751748	harbor1	chr19	29589667	29590041	LTR/ERVL-MaLR	2649	-	187	29589854	38106
chr19	29551748	29751748	harbor1	chr19	29593183	29593347	LTR/ERVL-MaLR	1311	-	82	29593265	41517
chr19	29551748	29751748	harbor1	chr19	29593645	29593816	LTR/ERVL-MaLR	1311	-	86	29593731	41983
chr19	29551748	29751748	harbor1	chr19	29617976	29618294	LTR/ERVL-MaLR	798	-	159	29618135	66387
chr19	29551748	29751748	harbor1	chr19	29626772	29626996	LTR/ERVL-MaLR	1521	-	112	29626884	75136
chr19	29551748	29751748	harbor1	chr19	29627309	29627324	LTR/ERVL-MaLR	1521	-	8	29627317	75569
chr19	29551748	29751748	harbor1	chr19	29627631	29627780	LTR/ERVL-MaLR	1521	-	74	29627705	75957
chr19	29551748	29751748	harbor1	chr19	29630536	29631016	LTR/ERVL-MaLR	765	-	240	29630776	79028
chr19	29551748	29751748	harbor1	chr19	29631314	29631366	LTR/ERVL-MaLR	765	-	26	29631340	79592
chr19	48215829	48415829	harbor1	chr19	48237076	48237490	LTR/ERVL-MaLR	2337	-	207	48237283	21454
chr19	48215829	48415829	harbor1	chr19	48239454	48239472	LTR/ERVL-MaLR	1566	-	9	48239463	23634
chr19	48215829	48415829	harbor1	chr19	48239776	48240101	LTR/ERVL-MaLR	1566	-	162	48239938	24109
chr19	48215829	48415829	harbor1	chr19	48262853	48263217	LTR/ERVL-MaLR	1868	-	182	48263035	47206
chr19	48215829	48415829	harbor1	chr19	48281211	48281506	LTR/ERVL-MaLR	1897	-	148	48281359	65530
chr19	48215829	48415829	harbor1	chr19	48281825	48281892	LTR/ERVL-MaLR	1897	-	34	48281859	66030
chr19	48215829	48415829	harbor1	chr19	48282198	48282332	LTR/ERVL-MaLR	1897	-	67	48282265	66436
chr19	16630285	16830285	harbor1	chr19	16675004	16675234	LTR/ERVL-MaLR	1386	-	115	16675119	44834
chr19	16630285	16830285	harbor1	chr19	16675534	16675544	LTR/ERVL-MaLR	1386	-	5	16675539	45254
chr19	16630285	16830285	harbor1	chr19	16675837	16675988	LTR/ERVL-MaLR	1386	-	76	16675913	45628
chr19	16630285	16830285	harbor1	chr19	16686977	16687058	LTR/ERVL-MaLR	1456	-	40	16687017	56732
chr19	16630285	16830285	harbor1	chr19	16687358	16687375	LTR/ERVL-MaLR	1456	-	8	16687366	57081
chr19	16630285	16830285	harbor1	chr19	16687535	16687834	LTR/ERVL-MaLR	1522	-	150	16687685	57400
chr19	16630285	16830285	harbor1	chr19	16695684	16695942	LTR/ERVL-MaLR	1139	-	129	16695813	65528
chr19	16630285	16830285	harbor1	chr19	16696237	16696286	LTR/ERVL-MaLR	1139	-	24	16696261	65976
chr19	16630285	16830285	harbor1	chr19	16696334	16696643	LTR/ERVL-MaLR	1748	-	154	16696488	66203
chr19	16630285	16830285	harbor1	chr19	16710237	16710391	LTR/ERVL-MaLR	1693	-	77	16710314	80029
chr19	16630285	16830285	harbor1	chr19	16710694	16710984	LTR/ERVL-MaLR	1693	-	145	16710839	80554
chr19	39765492	39965492	harbor1	chr19	39772739	39773108	LTR/ERVL-MaLR	1779	-	184	39772923	7431
chr19	39765492	39965492	harbor1	chr19	39796254	39796479	LTR/ERVL-MaLR	853	-	112	39796366	30874
chr19	39765492	39965492	harbor1	chr19	39804012	39804554	LTR/ERVL-MaLR	1571	-	271	39804283	38791
chr19	39765492	39965492	harbor1	chr19	39805214	39805619	LTR/ERVL-MaLR	1314	-	202	39805416	39924
chr19	39765492	39965492	harbor1	chr19	39820846	39821181	LTR/ERVL-MaLR	906	-	168	39821014	55522
chr19	39765492	39965492	harbor1	chr19	39821491	39821590	LTR/ERVL-MaLR	906	-	50	39821541	56049
chr19	39765492	39965492	harbor1	chr19	39852854	39853244	LTR/ERVL-MaLR	1594	-	195	39853049	87557
chr19	39765492	39965492	harbor1	chr19	39855847	39856096	LTR/ERVL-MaLR	710	-	124	39855971	90479
chr19	39765492	39965492	harbor1	chr19	39856337	39856513	LTR/ERVL-MaLR	753	-	88	39856425	90933
chr19	10662765	10862765	harbor1	chr19	10714274	10714696	LTR/ERVL-MaLR	1682	-	211	10714485	51720
chr19	15379445	15579445	harbor1	chr19	15477997	15478064	LTR/ERVL-MaLR	679	-	34	15478031	98586
chr19	15379445	15579445	harbor1	chr19	15478365	15478457	LTR/ERVL-MaLR	679	-	46	15478411	98966
chr19	58241878	58441878	harbor1	chr19	58245915	58246238	LTR/ERVL-MaLR	1089	-	162	58246077	4199
chr19	58241878	58441878	harbor1	chr19	58259403	58259618	LTR/ERVL-MaLR	861	-	108	58259511	17633
chr19	58241878	58441878	harbor1	chr19	58280084	58280578	LTR/ERVL-MaLR	1919	-	247	58280331	38453
chr19	58241878	58441878	harbor1	chr19	58280625	58281112	LTR/ERVL-MaLR	1703	-	244	58280869	38991
chr19	58241878	58441878	harbor1	chr19	58289146	58289213	LTR/ERVL-MaLR	1763	-	34	58289180	47302
chr19	58241878	58441878	harbor1	chr19	58289517	58289799	LTR/ERVL-MaLR	1763	-	141	58289658	47780
chr19	58241878	58441878	harbor1	chr19	58290414	58290514	LTR/ERVL-MaLR	1763	-	50	58290464	48586
chr19	58241878	58441878	harbor1	chr19	58292217	58292573	LTR/ERVL-MaLR	1638	-	178	58292395	50517
chr19	21279489	21479489	harbor1	chr19	21304034	21304448	LTR/ERVL-MaLR	1483	-	207	21304241	24752
chr19	21279489	21479489	harbor1	chr19	21331986	21332482	LTR/ERVL-MaLR	1122	-	248	21332234	52745
chr19	56915880	57115880	harbor1	chr19	56915772	56916032	LTR/ERVL-MaLR	697	-	130	56915902	22
chr19	56915880	57115880	harbor1	chr19	56923519	56923856	LTR/ERVL-MaLR	1323	-	168	56923687	7807
chr19	56915880	57115880	harbor1	chr19	56940342	56940480	LTR/ERVL-MaLR	746	-	69	56940411	24531
chr19	56915880	57115880	harbor1	chr19	56940752	56940913	LTR/ERVL-MaLR	669	-	80	56940832	24952
chr19	56915880	57115880	harbor1	chr19	56947130	56947500	LTR/ERVL-MaLR	2048	-	185	56947315	31435
chr19	56915880	57115880	harbor1	chr19	56952942	56953325	LTR/ERVL-MaLR	2058	-	192	56953134	37254
chr19	56915880	57115880	harbor1	chr19	56972802	56973082	LTR/ERVL-MaLR	1442	-	140	56972942	57062
chr19	56915880	57115880	harbor1	chr19	56973436	56973538	LTR/ERVL-MaLR	1442	-	51	56973487	57607
chr19	56915880	57115880	harbor1	chr19	56985356	56985620	LTR/ERVL-MaLR	677	-	132	56985488	69608
chr19	56915880	57115880	harbor1	chr19	56988017	56988156	LTR/ERVL-MaLR	648	-	70	56988087	72207
chr19	56915880	57115880	harbor1	chr19	56992006	56992425	LTR/ERVL-MaLR	1817	-	210	56992216	76336
chr19	56915880	57115880	harbor1	chr19	57001842	57002209	LTR/ERVL-MaLR	1740	-	184	57002026	86146
chr19	33784851	33984851	harbor1	chr19	33822261	33822328	LTR/ERVL-MaLR	1610	-	34	33822295	37444
chr19	33784851	33984851	harbor1	chr19	33822461	33822887	LTR/ERVL-MaLR	1610	-	213	33822674	37823
chr19	33784851	33984851	harbor1	chr19	33871890	33872261	LTR/ERVL-MaLR	2715	-	186	33872076	87225
chr19	33784851	33984851	harbor1	chr19	33865541	33865945	LTR/ERVL-MaLR	2538	-	202	33865743	80892
chr19	31392161	31592161	harbor1	chr19	31435152	31435623	LTR/ERVL-MaLR	1470	-	236	31435388	43227
chr19	31392161	31592161	harbor1	chr19	31472628	31472991	LTR/ERVL-MaLR	2133	-	182	31472810	80649
chr19	31392161	31592161	harbor1	chr19	31482382	31482792	LTR/ERVL-MaLR	2025	-	205	31482587	90426
chr19	31392161	31592161	harbor1	chr19	31482796	31484290	LTR/ERVL-MaLR	7736	-	747	31483543	91382
chr19	31392161	31592161	harbor1	chr19	31484291	31484646	LTR/ERVL-MaLR	2086	-	178	31484469	92308
chr19	31392161	31592161	harbor1	chr19	31484647	31486166	LTR/ERVL-MaLR	10591	-	760	31485407	93246
chr19	31392161	31592161	harbor1	chr19	31486167	31486507	LTR/ERVL-MaLR	2141	-	170	31486337	94176
chr19	31392161	31592161	harbor1	chr19	31486508	31486575	LTR/ERVL-MaLR	7736	-	34	31486542	94381
chr19	31392161	31592161	harbor1	chr19	31486576	31486952	LTR/ERVL-MaLR	2288	-	188	31486764	94603
chr19	31392161	31592161	harbor1	chr19	31487334	31487389	LTR/ERVL-MaLR	2288	-	28	31487362	95201
chr19	31392161	31592161	harbor1	chr19	31491970	31492328	LTR/ERVL-MaLR	1451	-	179	31492149	99988
chr19	14581376	14781376	harbor1	chr19	14581632	14581649	LTR/ERVL-MaLR	1004	-	8	14581640	264
chr19	14581376	14781376	harbor1	chr19	14581952	14582215	LTR/ERVL-MaLR	1004	-	132	14582084	708
chr19	14581376	14781376	harbor1	chr19	14582512	14582581	LTR/ERVL-MaLR	1004	-	34	14582546	1170
chr19	14581376	14781376	harbor1	chr19	14612123	14612340	LTR/ERVL-MaLR	1719	-	108	14612231	30855
chr19	14581376	14781376	harbor1	chr19	14612635	14612747	LTR/ERVL-MaLR	1719	-	56	14612691	31315
chr19	14581376	14781376	harbor1	chr19	14671161	14671624	LTR/ERVL-MaLR	2449	-	232	14671393	90017
chr19	56119293	56319293	harbor1	chr19	56135352	56135787	LTR/ERVL-MaLR	1109	-	218	56135570	16277
chr19	56119293	56319293	harbor1	chr19	56145766	56146091	LTR/ERVL-MaLR	732	-	162	56145928	26635
chr19	56119293	56319293	harbor1	chr19	56148738	56149063	LTR/ERVL-MaLR	814	-	162	56148900	29607
chr19	56119293	56319293	harbor1	chr19	56149362	56149481	LTR/ERVL-MaLR	693	-	60	56149422	30129
chr19	56119293	56319293	harbor1	chr19	56149867	56150035	LTR/ERVL-MaLR	693	-	84	56149951	30658
chr19	56119293	56319293	harbor1	chr19	56152600	56152952	LTR/ERVL-MaLR	1992	-	176	56152776	33483
chr19	56119293	56319293	harbor1	chr19	56158095	56158391	LTR/ERVL-MaLR	761	-	148	56158243	38950
chr19	38926373	39126373	harbor1	chr19	38993050	38993390	LTR/ERVL-MaLR	1167	-	170	38993220	66847
chr19	38926373	39126373	harbor1	chr19	38994210	38994368	LTR/ERVL-MaLR	1125	-	79	38994289	67916
chr19	38926373	39126373	harbor1	chr19	38997544	38997705	LTR/ERVL-MaLR	947	-	80	38997624	71251
chr19	38926373	39126373	harbor1	chr19	39002128	39002400	LTR/ERVL-MaLR	957	-	136	39002264	75891
chr19	38926373	39126373	harbor1	chr19	38993853	38993921	LTR/ERVL-MaLR	1125	-	34	38993887	67514
chr19	31963613	32163613	harbor1	chr19	31976083	31976487	LTR/ERVL-MaLR	2150	-	202	31976285	12672
chr19	31963613	32163613	harbor1	chr19	31994522	31994864	LTR/ERVL-MaLR	1493	-	171	31994693	31080
chr19	31963613	32163613	harbor1	chr19	32002425	32002772	LTR/ERVL-MaLR	1565	-	174	32002599	38986
chr19	31963613	32163613	harbor1	chr19	32020567	32020927	LTR/ERVL-MaLR	1881	-	180	32020747	57134
chr19	31963613	32163613	harbor1	chr19	32054712	32055000	LTR/ERVL-MaLR	1848	-	144	32054856	91243
chr19	31963613	32163613	harbor1	chr19	32055293	32055407	LTR/ERVL-MaLR	1848	-	57	32055350	91737
chr19	13757844	13957844	harbor1	chr19	13760227	13760536	LTR/ERVL-MaLR	1621	-	154	13760381	2537
chr19	13757844	13957844	harbor1	chr19	13807857	13808250	LTR/ERVL-MaLR	2365	-	196	13808053	50209
chr19	13757844	13957844	harbor1	chr19	13823838	13824005	LTR/ERVL-MaLR	755	-	84	13823922	66078
chr19	13975376	14175376	harbor1	chr19	14021561	14021909	LTR/ERVL-MaLR	909	-	174	14021735	46359
chr19	13975376	14175376	harbor1	chr19	14022201	14022246	LTR/ERVL-MaLR	909	-	22	14022223	46847
chr19	29273097	29473097	harbor1	chr19	29328063	29328417	LTR/ERVL-MaLR	2492	-	177	29328240	55143
chr19	6080964	6280964	harbor1	chr19	6119013	6119210	LTR/ERVL-MaLR	1124	-	98	6119111	38147
chr19	6080964	6280964	harbor1	chr19	6120116	6120380	LTR/ERVL-MaLR	875	-	132	6120248	39284
chr19	6080964	6280964	harbor1	chr19	6120677	6120688	LTR/ERVL-MaLR	875	-	6	6120683	39719
chr19	6080964	6280964	harbor1	chr19	6120960	6121041	LTR/ERVL-MaLR	875	-	40	6121000	40036
chr19	6080964	6280964	harbor1	chr19	6148002	6148354	LTR/ERVL-MaLR	1617	-	176	6148178	67214
chr19	6080964	6280964	harbor1	chr19	6165017	6165453	LTR/ERVL-MaLR	692	-	218	6165235	84271
chr19	6080964	6280964	harbor1	chr19	6179553	6179613	LTR/ERVL-MaLR	2629	-	30	6179583	98619
chr19	6080964	6280964	harbor1	chr19	6179913	6180297	LTR/ERVL-MaLR	2629	-	192	6180105	99141
chr19	40147367	40347367	harbor1	chr19	40167789	40167857	LTR/ERVL-MaLR	1643	-	34	40167823	20456
chr19	40147367	40347367	harbor1	chr19	40168787	40169086	LTR/ERVL-MaLR	1643	-	150	40168937	21570
chr19	40147367	40347367	harbor1	chr19	40171249	40171493	LTR/ERVL-MaLR	2146	-	122	40171371	24004
chr19	40147367	40347367	harbor1	chr19	40171781	40171959	LTR/ERVL-MaLR	2146	-	89	40171870	24503
chr19	40147367	40347367	harbor1	chr19	40174390	40174458	LTR/ERVL-MaLR	1371	-	34	40174424	27057
chr19	40147367	40347367	harbor1	chr19	40174770	40174997	LTR/ERVL-MaLR	1371	-	114	40174884	27517
chr19	40147367	40347367	harbor1	chr19	40183225	40183379	LTR/ERVL-MaLR	994	-	77	40183302	35935
chr19	40147367	40347367	harbor1	chr19	40185702	40185957	LTR/ERVL-MaLR	2057	-	128	40185830	38463
chr19	40147367	40347367	harbor1	chr19	40186008	40186028	LTR/ERVL-MaLR	2057	-	10	40186018	38651
chr19	40147367	40347367	harbor1	chr19	40186162	40186341	LTR/ERVL-MaLR	2057	-	90	40186252	38885
chr19	40147367	40347367	harbor1	chr19	40196989	40197313	LTR/ERVL-MaLR	772	-	162	40197151	49784
chr19	40147367	40347367	harbor1	chr19	40197626	40197714	LTR/ERVL-MaLR	772	-	44	40197670	50303
chr19	33998189	34198189	harbor1	chr19	34008339	34008709	LTR/ERVL-MaLR	1827	-	185	34008524	10335
chr19	33998189	34198189	harbor1	chr19	34086526	34086771	LTR/ERVL-MaLR	1826	-	122	34086648	88459
chr19	33998189	34198189	harbor1	chr19	34087137	34087459	LTR/ERVL-MaLR	1826	-	161	34087298	89109
chr19	33998189	34198189	harbor1	chr19	34093729	34094121	LTR/ERVL-MaLR	2441	-	196	34093925	95736
chr19	45740949	45940949	harbor1	chr19	45745872	45745926	LTR/ERVL-MaLR	1508	-	27	45745899	4950
chr19	45740949	45940949	harbor1	chr19	45746267	45746566	LTR/ERVL-MaLR	1508	-	150	45746417	5468
chr19	45740949	45940949	harbor1	chr19	45746843	45746965	LTR/ERVL-MaLR	1508	-	61	45746904	5955
chr19	4281271	4481271	harbor1	chr19	4339375	4339483	LTR/ERVL-MaLR	700	-	54	4339429	58158
chr19	4281271	4481271	harbor1	chr19	4340427	4340533	LTR/ERVL-MaLR	700	-	53	4340480	59209
chr19	34733123	34933123	harbor1	chr19	34738151	34738503	LTR/ERVL-MaLR	1706	-	176	34738327	5204
chr19	34733123	34933123	harbor1	chr19	34784017	34784465	LTR/ERVL-MaLR	1632	-	224	34784241	51118
chr19	34733123	34933123	harbor1	chr19	34793916	34794289	LTR/ERVL-MaLR	2180	-	186	34794102	60979
chr19	15971985	16171985	harbor1	chr19	16052723	16052800	LTR/ERVL-MaLR	1755	-	38	16052761	80776
chr19	15971985	16171985	harbor1	chr19	16053103	16053413	LTR/ERVL-MaLR	1755	-	155	16053258	81273
chr19	15971985	16171985	harbor1	chr19	16053410	16053614	LTR/ERVL-MaLR	1036	-	102	16053512	81527
chr19	15971985	16171985	harbor1	chr19	16056191	16056474	LTR/ERVL-MaLR	1607	-	142	16056333	84348
chr19	35045426	35245426	harbor1	chr19	35070144	35070311	LTR/ERVL-MaLR	1152	-	84	35070228	24802
chr19	35045426	35245426	harbor1	chr19	35070572	35070900	LTR/ERVL-MaLR	1152	-	164	35070736	25310
chr19	35045426	35245426	harbor1	chr19	35081589	35081652	LTR/ERVL-MaLR	2193	-	32	35081621	36195
chr19	35045426	35245426	harbor1	chr19	35082260	35082825	LTR/ERVL-MaLR	2193	-	282	35082542	37116
chr19	43201469	43401469	harbor1	chr19	43232726	43233123	LTR/ERVL-MaLR	1671	-	198	43232924	31455
chr19	43201469	43401469	harbor1	chr19	43233146	43233534	LTR/ERVL-MaLR	2373	-	194	43233340	31871
chr19	43201469	43401469	harbor1	chr19	43293206	43293602	LTR/ERVL-MaLR	1856	-	198	43293404	91935
chr19	43201469	43401469	harbor1	chr19	43293624	43294012	LTR/ERVL-MaLR	2372	-	194	43293818	92349
chr19	15514843	15714843	harbor1	chr19	15523383	15523566	LTR/ERVL-MaLR	1202	-	92	15523475	8632
chr19	15514843	15714843	harbor1	chr19	15530526	15530889	LTR/ERVL-MaLR	2440	-	182	15530708	15865
chr19	15514843	15714843	harbor1	chr19	15541172	15541571	LTR/ERVL-MaLR	1549	-	200	15541372	26529
chr19	15514843	15714843	harbor1	chr19	15574538	15574807	LTR/ERVL-MaLR	902	-	134	15574672	59829
chr19	42597396	42797396	harbor1	chr19	42601013	42601401	LTR/ERVL-MaLR	1232	-	194	42601207	3811
chr19	42597396	42797396	harbor1	chr19	42601684	42601704	LTR/ERVL-MaLR	1232	-	10	42601694	4298
chr19	42597396	42797396	harbor1	chr19	42673886	42674063	LTR/ERVL-MaLR	795	-	88	42673974	76578
chr19	42597396	42797396	harbor1	chr19	42677198	42677451	LTR/ERVL-MaLR	1115	-	126	42677324	79928
chr19	39573345	39773345	harbor1	chr19	39665048	39665400	LTR/ERVL-MaLR	2446	-	176	39665224	91879
chr19	39573345	39773345	harbor1	chr19	39666966	39667319	LTR/ERVL-MaLR	2745	-	176	39667142	93797
chr19	39573345	39773345	harbor1	chr19	39665402	39666965	LTR/ERVL-MaLR	12205	-	782	39666184	92839
chr19	2977483	3177483	harbor1	chr19	3073151	3073489	LTR/ERVL-MaLR	710	-	169	3073320	95837
chr19	31521870	31721870	harbor1	chr19	31544192	31544593	LTR/ERVL-MaLR	2418	-	200	31544392	22522
chr19	31521870	31721870	harbor1	chr19	31550271	31550644	LTR/ERVL-MaLR	2756	-	186	31550457	28587
chr19	9288968	9488968	harbor1	chr19	9388629	9388660	LTR/ERVL-MaLR	1249	-	16	9388645	99677
chr19	4567421	4767421	harbor1	chr19	4628948	4629089	LTR/ERVL-MaLR	1072	-	70	4629018	61597
chr19	4567421	4767421	harbor1	chr19	4629739	4629938	LTR/ERVL-MaLR	1072	-	100	4629839	62418
chr19	4567421	4767421	harbor1	chr19	4631920	4632209	LTR/ERVL-MaLR	1479	-	144	4632064	64643
chr19	4567421	4767421	harbor1	chr19	4666897	4667117	LTR/ERVL-MaLR	829	-	110	4667007	99586
chr19	43442362	43642362	harbor1	chr19	43442952	43443005	LTR/ERVL-MaLR	1979	-	26	43442978	616
chr19	43442362	43642362	harbor1	chr19	43443300	43443609	LTR/ERVL-MaLR	1979	-	154	43443454	1092
chr19	8639289	8839289	harbor1	chr19	8642389	8642854	LTR/ERVL-MaLR	1074	-	232	8642621	3332
chr19	8639289	8839289	harbor1	chr19	8690999	8691209	LTR/ERVL-MaLR	1293	-	105	8691104	51815
chr19	8639289	8839289	harbor1	chr19	8691948	8692101	LTR/ERVL-MaLR	899	-	76	8692024	52735
chr19	8639289	8839289	harbor1	chr19	8725744	8725984	LTR/ERVL-MaLR	2144	-	120	8725864	86575
chr19	8639289	8839289	harbor1	chr19	8726264	8726455	LTR/ERVL-MaLR	2144	-	96	8726360	87071
chr19	31221106	31421106	harbor1	chr19	31247883	31248242	LTR/ERVL-MaLR	2123	-	180	31248063	26957
chr19	31221106	31421106	harbor1	chr19	31252116	31252436	LTR/ERVL-MaLR	1206	-	160	31252276	31170
chr19	31221106	31421106	harbor1	chr19	31252799	31252896	LTR/ERVL-MaLR	1206	-	48	31252847	31741
chr19	635259	835259	harbor1	chr19	637054	637333	LTR/ERVL-MaLR	628	-	140	637194	1935
chr19	635259	835259	harbor1	chr19	672315	672368	LTR/ERVL-MaLR	820	-	26	672341	37082
chr19	635259	835259	harbor1	chr19	672934	673111	LTR/ERVL-MaLR	820	-	88	673022	37763
chr19	14416662	14616662	harbor1	chr19	14448720	14448930	LTR/ERVL-MaLR	1331	-	105	14448825	32163
chr19	14416662	14616662	harbor1	chr19	14449242	14449406	LTR/ERVL-MaLR	1331	-	82	14449324	32662
chr19	2607956	2807956	harbor1	chr19	2628118	2628530	LTR/ERVL-MaLR	2351	-	206	2628324	20368
chr19	2607956	2807956	harbor1	chr19	2628743	2629017	LTR/ERVL-MaLR	2351	-	137	2628880	20924
chr19	2053643	2253643	harbor1	chr19	2053816	2053981	LTR/ERVL-MaLR	1379	-	82	2053898	255
chr19	18674548	18874548	harbor1	chr19	18714971	18715222	LTR/ERVL-MaLR	782	-	126	18715097	40549
chr19	18674548	18874548	harbor1	chr19	18720918	18721195	LTR/ERVL-MaLR	753	-	138	18721056	46508
chr19	18674548	18874548	harbor1	chr19	18721794	18721891	LTR/ERVL-MaLR	753	-	48	18721842	47294
chr19	18674548	18874548	harbor1	chr19	18724435	18724877	LTR/ERVL-MaLR	903	-	221	18724656	50108
chr19	18674548	18874548	harbor1	chr19	18731147	18731556	LTR/ERVL-MaLR	1399	-	204	18731351	56803
chr19	5150412	5350412	harbor1	chr19	5157312	5157737	LTR/ERVL-MaLR	912	-	212	5157524	7112
chr19	5150412	5350412	harbor1	chr19	5169544	5169880	LTR/ERVL-MaLR	1350	-	168	5169712	19300
chr19	39420354	39620354	harbor1	chr19	39511509	39511696	LTR/ERVL-MaLR	1093	-	94	39511603	91249
chr19	39420354	39620354	harbor1	chr19	39512143	39512328	LTR/ERVL-MaLR	927	-	92	39512235	91881
chr19	3880114	4080114	harbor1	chr19	3913884	3913954	LTR/ERVL-MaLR	1974	-	35	3913919	33805
chr19	3880114	4080114	harbor1	chr19	3914251	3914524	LTR/ERVL-MaLR	1974	-	136	3914387	34273
chr19	3880114	4080114	harbor1	chr19	3922231	3922584	LTR/ERVL-MaLR	2473	-	176	3922407	42293
chr19	23513088	23713088	harbor1	chr19	23587164	23587498	LTR/ERVL-MaLR	699	-	167	23587331	74243
chr19	38911780	39111780	harbor1	chr19	38993050	38993390	LTR/ERVL-MaLR	1167	-	170	38993220	81440
chr19	38911780	39111780	harbor1	chr19	38994210	38994368	LTR/ERVL-MaLR	1125	-	79	38994289	82509
chr19	38911780	39111780	harbor1	chr19	38997544	38997705	LTR/ERVL-MaLR	947	-	80	38997624	85844
chr19	38911780	39111780	harbor1	chr19	39002128	39002400	LTR/ERVL-MaLR	957	-	136	39002264	90484
chr19	38911780	39111780	harbor1	chr19	38993853	38993921	LTR/ERVL-MaLR	1125	-	34	38993887	82107
chr19	10815719	11015719	harbor1	chr19	10854804	10855030	LTR/ERVL-MaLR	1205	-	113	10854917	39198
chr19	10815719	11015719	harbor1	chr19	10855964	10856126	LTR/ERVL-MaLR	1205	-	81	10856045	40326
chr19	10815719	11015719	harbor1	chr19	10875075	10875418	LTR/ERVL-MaLR	637	-	172	10875247	59528
chr19	10815719	11015719	harbor1	chr19	10875724	10875875	LTR/ERVL-MaLR	637	-	76	10875800	60081
chr19	10815719	11015719	harbor1	chr19	10878670	10878807	LTR/ERVL-MaLR	1018	-	68	10878738	63019
chr19	10815719	11015719	harbor1	chr19	10879087	10879437	LTR/ERVL-MaLR	1018	-	175	10879262	63543
chr19	46916338	47116338	harbor1	chr19	47015755	47015886	LTR/ERVL-MaLR	755	-	66	47015821	99483
chr19	46916338	47116338	harbor1	chr19	47016196	47016224	LTR/ERVL-MaLR	755	-	14	47016210	99872
chr19	44773951	44973951	harbor1	chr19	44774036	44774130	LTR/ERVL-MaLR	898	-	47	44774083	132
chr19	44773951	44973951	harbor1	chr19	44774167	44774348	LTR/ERVL-MaLR	898	-	90	44774257	306
chr19	44773951	44973951	harbor1	chr19	44783025	44783088	LTR/ERVL-MaLR	858	-	32	44783057	9106
chr19	44773951	44973951	harbor1	chr19	44783709	44783955	LTR/ERVL-MaLR	858	-	123	44783832	9881
chr19	44773951	44973951	harbor1	chr19	44803975	44804475	LTR/ERVL-MaLR	776	-	250	44804225	30274
chr19	1546663	1746663	harbor1	chr19	1547409	1547729	LTR/ERVL-MaLR	1502	-	160	1547569	906
chr19	1546663	1746663	harbor1	chr19	1571362	1571790	LTR/ERVL-MaLR	735	-	214	1571576	24913
chr19	29938395	30138395	harbor1	chr19	29938158	29938531	LTR/ERVL-MaLR	1990	-	186	29938344	51
chr19	54249566	54449566	harbor1	chr19	54264345	54264511	LTR/ERVL-MaLR	1489	-	83	54264428	14862
chr19	54249566	54449566	harbor1	chr19	54264822	54265125	LTR/ERVL-MaLR	1489	-	152	54264974	15408
chr19	54249566	54449566	harbor1	chr19	54327312	54327669	LTR/ERVL-MaLR	2004	-	178	54327490	77924
chr19	54249566	54449566	harbor1	chr19	54341705	54342059	LTR/ERVL-MaLR	1860	-	177	54341882	92316
chr19	28418004	28618004	harbor1	chr19	28453764	28454036	LTR/ERVL-MaLR	1808	-	136	28453900	35896
chr19	28418004	28618004	harbor1	chr19	28454126	28454327	LTR/ERVL-MaLR	1808	-	100	28454226	36222
chr19	28418004	28618004	harbor1	chr19	28514093	28514420	LTR/ERVL-MaLR	892	-	164	28514257	96253
chr19	49692461	49892461	harbor1	chr19	49725932	49726301	LTR/ERVL-MaLR	2290	-	184	49726116	33655
chr19	49692461	49892461	harbor1	chr19	49790026	49790425	LTR/ERVL-MaLR	1679	-	200	49790226	97765
chr19	31611601	31811601	harbor1	chr19	31621692	31622204	LTR/ERVL-MaLR	1800	-	256	31621948	10347
chr19	31611601	31811601	harbor1	chr19	31647390	31647802	LTR/ERVL-MaLR	2273	-	206	31647596	35995
chr19	31611601	31811601	harbor1	chr19	31696291	31696703	LTR/ERVL-MaLR	2811	-	206	31696497	84896
chr19	41567792	41767792	harbor1	chr19	41581545	41581870	LTR/ERVL-MaLR	2198	-	162	41581707	13915
chr19	41567792	41767792	harbor1	chr19	41583481	41583829	LTR/ERVL-MaLR	2312	-	174	41583655	15863
chr19	41567792	41767792	harbor1	chr19	41588048	41588435	LTR/ERVL-MaLR	1455	-	194	41588242	20450
chr19	41567792	41767792	harbor1	chr19	41663184	41663495	LTR/ERVL-MaLR	1619	-	156	41663340	95548
chr19	41567792	41767792	harbor1	chr19	41663496	41663907	LTR/ERVL-MaLR	3179	-	206	41663702	95910
chr19	41567792	41767792	harbor1	chr19	41663907	41664182	LTR/ERVL-MaLR	1473	-	138	41664045	96253
chr19	41567792	41767792	harbor1	chr19	41581871	41583480	LTR/ERVL-MaLR	11623	-	804	41582675	14883
chr19	6023673	6223673	harbor1	chr19	6119013	6119210	LTR/ERVL-MaLR	1124	-	98	6119111	95438
chr19	6023673	6223673	harbor1	chr19	6120116	6120380	LTR/ERVL-MaLR	875	-	132	6120248	96575
chr19	6023673	6223673	harbor1	chr19	6120677	6120688	LTR/ERVL-MaLR	875	-	6	6120683	97010
chr19	6023673	6223673	harbor1	chr19	6120960	6121041	LTR/ERVL-MaLR	875	-	40	6121000	97327
chr19	41617577	41817577	harbor1	chr19	41663184	41663495	LTR/ERVL-MaLR	1619	-	156	41663340	45763
chr19	41617577	41817577	harbor1	chr19	41663496	41663907	LTR/ERVL-MaLR	3179	-	206	41663702	46125
chr19	41617577	41817577	harbor1	chr19	41663907	41664182	LTR/ERVL-MaLR	1473	-	138	41664045	46468
chr19	13917557	14117557	harbor1	chr19	13943356	13943460	LTR/ERVL-MaLR	729	-	52	13943408	25851
chr19	13917557	14117557	harbor1	chr19	13943762	13943957	LTR/ERVL-MaLR	729	-	98	13943860	26303
chr19	35022231	35222231	harbor1	chr19	35070144	35070311	LTR/ERVL-MaLR	1152	-	84	35070228	47997
chr19	35022231	35222231	harbor1	chr19	35070572	35070900	LTR/ERVL-MaLR	1152	-	164	35070736	48505
chr19	35022231	35222231	harbor1	chr19	35081589	35081652	LTR/ERVL-MaLR	2193	-	32	35081621	59390
chr19	35022231	35222231	harbor1	chr19	35082260	35082825	LTR/ERVL-MaLR	2193	-	282	35082542	60311
chr19	58345244	58545244	harbor1	chr19	58364347	58364612	LTR/ERVL-MaLR	1029	-	132	58364479	19235
chr19	58345244	58545244	harbor1	chr19	58370061	58370527	LTR/ERVL-MaLR	1651	-	233	58370294	25050
chr19	58345244	58545244	harbor1	chr19	58398820	58398879	LTR/ERVL-MaLR	2124	-	30	58398850	53606
chr19	58345244	58545244	harbor1	chr19	58399488	58399896	LTR/ERVL-MaLR	2124	-	204	58399692	54448
chr19	7477180	7677180	harbor1	chr19	7565028	7565116	LTR/ERVL-MaLR	688	-	44	7565072	87892
chr19	7477180	7677180	harbor1	chr19	7565406	7565647	LTR/ERVL-MaLR	688	-	120	7565526	88346
chr19	7477180	7677180	harbor1	chr19	7575539	7575713	LTR/ERVL-MaLR	787	-	87	7575626	98446
chr19	47792511	47992511	harbor1	chr19	47826708	47827167	LTR/ERVL-MaLR	1565	-	230	47826938	34427
chr19	47792511	47992511	harbor1	chr19	47879337	47879560	LTR/ERVL-MaLR	1248	-	112	47879449	86938
chr19	47792511	47992511	harbor1	chr19	47879939	47879954	LTR/ERVL-MaLR	1037	-	8	47879947	87436
chr19	47792511	47992511	harbor1	chr19	47880259	47880450	LTR/ERVL-MaLR	1196	-	96	47880355	87844
chr19	55887288	56087288	harbor1	chr19	55921915	55922278	LTR/ERVL-MaLR	2566	-	182	55922097	34809
chr19	55887288	56087288	harbor1	chr19	55978356	55978619	LTR/ERVL-MaLR	1423	-	132	55978488	91200
chr19	55887288	56087288	harbor1	chr19	55980359	55980867	LTR/ERVL-MaLR	1142	-	254	55980613	93325
chr19	5002459	5202459	harbor1	chr19	5042179	5042219	LTR/ERVL-MaLR	1426	-	20	5042199	39740
chr19	5002459	5202459	harbor1	chr19	5042528	5042872	LTR/ERVL-MaLR	1426	-	172	5042700	40241
chr19	5002459	5202459	harbor1	chr19	5072667	5073211	LTR/ERVL-MaLR	2022	-	272	5072939	70480
chr19	5002459	5202459	harbor1	chr19	5013402	5013845	LTR/ERVL-MaLR	1533	-	222	5013624	11165
chr19	15572366	15772366	harbor1	chr19	15574538	15574807	LTR/ERVL-MaLR	902	-	134	15574672	2306
chr19	15572366	15772366	harbor1	chr19	15620045	15620402	LTR/ERVL-MaLR	1225	-	178	15620223	47857
chr19	15572366	15772366	harbor1	chr19	15620692	15620865	LTR/ERVL-MaLR	1225	-	86	15620778	48412
chr19	15572366	15772366	harbor1	chr19	15647606	15648110	LTR/ERVL-MaLR	897	-	252	15647858	75492
chr19	15572366	15772366	harbor1	chr19	15664690	15665207	LTR/ERVL-MaLR	810	-	258	15664948	92582
chr19	15572366	15772366	harbor1	chr19	15665650	15665679	LTR/ERVL-MaLR	810	-	14	15665664	93298
chr19	6210428	6410428	harbor1	chr19	6291547	6291797	LTR/ERVL-MaLR	1478	-	125	6291672	81244
chr19	55305174	55505174	harbor1	chr19	55309394	55309734	LTR/ERVL-MaLR	1906	-	170	55309564	4390
chr19	55305174	55505174	harbor1	chr19	55310112	55310543	LTR/ERVL-MaLR	1059	-	216	55310328	5154
chr19	55305174	55505174	harbor1	chr19	55331126	55331416	LTR/ERVL-MaLR	1323	-	145	55331271	26097
chr19	55305174	55505174	harbor1	chr19	55331479	55331505	LTR/ERVL-MaLR	1323	-	13	55331492	26318
chr19	55305174	55505174	harbor1	chr19	55331813	55331992	LTR/ERVL-MaLR	1323	-	90	55331903	26729
chr19	55305174	55505174	harbor1	chr19	55332293	55332341	LTR/ERVL-MaLR	1323	-	24	55332317	27143
chr19	54022377	54222377	harbor1	chr19	54024608	54024957	LTR/ERVL-MaLR	1124	-	174	54024782	2405
chr19	54022377	54222377	harbor1	chr19	54033167	54033361	LTR/ERVL-MaLR	919	-	97	54033264	10887
chr19	54022377	54222377	harbor1	chr19	54036196	54036247	LTR/ERVL-MaLR	1828	-	26	54036222	13845
chr19	54022377	54222377	harbor1	chr19	54036560	54036766	LTR/ERVL-MaLR	1828	-	103	54036663	14286
chr19	54022377	54222377	harbor1	chr19	54037730	54037845	LTR/ERVL-MaLR	1828	-	58	54037788	15411
chr19	54022377	54222377	harbor1	chr19	54084470	54084839	LTR/ERVL-MaLR	1100	-	184	54084654	62277
chr19	54022377	54222377	harbor1	chr19	54085159	54085319	LTR/ERVL-MaLR	1100	-	80	54085239	62862
chr19	54022377	54222377	harbor1	chr19	54122075	54122456	LTR/ERVL-MaLR	829	-	190	54122265	99888
chr19	46010944	46210944	harbor1	chr19	46037671	46037885	LTR/ERVL-MaLR	953	-	107	46037778	26834
chr19	46010944	46210944	harbor1	chr19	46057624	46057989	LTR/ERVL-MaLR	2644	-	182	46057806	46862
chr19	46010944	46210944	harbor1	chr19	46057990	46058857	LTR/ERVL-MaLR	6150	-	434	46058424	47480
chr19	46010944	46210944	harbor1	chr19	46066470	46066863	LTR/ERVL-MaLR	2065	-	196	46066666	55722
chr19	46010944	46210944	harbor1	chr19	46073958	46074225	LTR/ERVL-MaLR	729	-	134	46074092	63148
chr19	46010944	46210944	harbor1	chr19	46075924	46076290	LTR/ERVL-MaLR	1876	-	183	46076107	65163
chr19	46010944	46210944	harbor1	chr19	46084469	46084854	LTR/ERVL-MaLR	2036	-	192	46084661	73717
chr19	46010944	46210944	harbor1	chr19	46084855	46085161	LTR/ERVL-MaLR	1793	-	153	46085008	74064
chr19	56370133	56570133	harbor1	chr19	56439473	56439667	LTR/ERVL-MaLR	1686	-	97	56439570	69437
chr19	56370133	56570133	harbor1	chr19	56439958	56440127	LTR/ERVL-MaLR	1686	-	84	56440042	69909
chr19	56370133	56570133	harbor1	chr19	56444136	56444528	LTR/ERVL-MaLR	2217	-	196	56444332	74199
chr19	56370133	56570133	harbor1	chr19	56444523	56444605	LTR/ERVL-MaLR	660	-	41	56444564	74431
chr19	56370133	56570133	harbor1	chr19	56444689	56444771	LTR/ERVL-MaLR	638	-	41	56444730	74597
chr19	56370133	56570133	harbor1	chr19	56444772	56444854	LTR/ERVL-MaLR	638	-	41	56444813	74680
chr19	56370133	56570133	harbor1	chr19	56444938	56445020	LTR/ERVL-MaLR	638	-	41	56444979	74846
chr19	56370133	56570133	harbor1	chr19	56445021	56445103	LTR/ERVL-MaLR	638	-	41	56445062	74929
chr19	56370133	56570133	harbor1	chr19	56445187	56445269	LTR/ERVL-MaLR	638	-	41	56445228	75095
chr19	56370133	56570133	harbor1	chr19	56445270	56445353	LTR/ERVL-MaLR	692	-	42	56445312	75179
chr19	56370133	56570133	harbor1	chr19	56445354	56445437	LTR/ERVL-MaLR	674	-	42	56445396	75263
chr19	56370133	56570133	harbor1	chr19	56445438	56445520	LTR/ERVL-MaLR	638	-	41	56445479	75346
chr19	56370133	56570133	harbor1	chr19	56445521	56445604	LTR/ERVL-MaLR	692	-	42	56445563	75430
chr19	56370133	56570133	harbor1	chr19	56445605	56445688	LTR/ERVL-MaLR	692	-	42	56445647	75514
chr19	56370133	56570133	harbor1	chr19	56445689	56445772	LTR/ERVL-MaLR	674	-	42	56445731	75598
chr19	56370133	56570133	harbor1	chr19	56445773	56445856	LTR/ERVL-MaLR	674	-	42	56445815	75682
chr19	56370133	56570133	harbor1	chr19	56445857	56445939	LTR/ERVL-MaLR	638	-	41	56445898	75765
chr19	56370133	56570133	harbor1	chr19	56445940	56446048	LTR/ERVL-MaLR	846	-	54	56445994	75861
chr19	28651332	28851332	harbor1	chr19	28731956	28732158	LTR/ERVL-MaLR	1698	-	101	28732057	80725
chr19	28651332	28851332	harbor1	chr19	28732204	28732380	LTR/ERVL-MaLR	1698	-	88	28732292	80960
chr19	28651332	28851332	harbor1	chr19	28749061	28749412	LTR/ERVL-MaLR	2800	-	176	28749237	97905
chr19	28651332	28851332	harbor1	chr19	28749413	28750967	LTR/ERVL-MaLR	11615	-	777	28750190	98858
chr19	28651332	28851332	harbor1	chr19	28750970	28751317	LTR/ERVL-MaLR	2513	-	174	28751144	99812
chr19	7606343	7806343	harbor1	chr19	7634963	7635109	LTR/ERVL-MaLR	662	-	73	7635036	28693
chr19	7606343	7806343	harbor1	chr19	7648757	7648818	LTR/ERVL-MaLR	2092	-	30	7648787	42444
chr19	7606343	7806343	harbor1	chr19	7649381	7649721	LTR/ERVL-MaLR	2092	-	170	7649551	43208
chr19	7606343	7806343	harbor1	chr19	7673841	7674257	LTR/ERVL-MaLR	797	-	208	7674049	67706
chr19	54840869	55040869	harbor1	chr19	54843452	54844009	LTR/ERVL-MaLR	1040	-	278	54843730	2861
chr19	54840869	55040869	harbor1	chr19	54846545	54846986	LTR/ERVL-MaLR	2303	-	220	54846765	5896
chr19	54840869	55040869	harbor1	chr19	54859662	54860220	LTR/ERVL-MaLR	1410	-	279	54859941	19072
chr19	54840869	55040869	harbor1	chr19	54865192	54865609	LTR/ERVL-MaLR	1968	-	208	54865400	24531
chr19	53316204	53516204	harbor1	chr19	53348294	53348618	LTR/ERVL-MaLR	989	-	162	53348456	32252
chr19	53316204	53516204	harbor1	chr19	53378552	53378882	LTR/ERVL-MaLR	964	-	165	53378717	62513
chr19	53316204	53516204	harbor1	chr19	53405429	53405760	LTR/ERVL-MaLR	959	-	166	53405595	89391
chr19	53316204	53516204	harbor1	chr19	53415566	53415940	LTR/ERVL-MaLR	683	-	187	53415753	99549
chr19	36324180	36524180	harbor1	chr19	36343564	36343985	LTR/ERVL-MaLR	1865	-	210	36343774	19594
chr19	36324180	36524180	harbor1	chr19	36391951	36392426	LTR/ERVL-MaLR	1309	-	238	36392189	68009
chr19	37397279	37597279	harbor1	chr19	37397550	37397905	LTR/ERVL-MaLR	1601	-	178	37397728	449
chr19	37397279	37597279	harbor1	chr19	37397930	37399537	LTR/ERVL-MaLR	4195	-	804	37398734	1455
chr19	37397279	37597279	harbor1	chr19	37399538	37399743	LTR/ERVL-MaLR	1116	-	102	37399640	2361
chr19	37397279	37597279	harbor1	chr19	37400047	37400167	LTR/ERVL-MaLR	1116	-	60	37400107	2828
chr19	37397279	37597279	harbor1	chr19	37482228	37482619	LTR/ERVL-MaLR	1999	-	196	37482424	85145
chr19	31486039	31686039	harbor1	chr19	31484647	31486166	LTR/ERVL-MaLR	10591	-	760	31485407	632
chr19	31486039	31686039	harbor1	chr19	31486167	31486507	LTR/ERVL-MaLR	2141	-	170	31486337	298
chr19	31486039	31686039	harbor1	chr19	31486508	31486575	LTR/ERVL-MaLR	7736	-	34	31486542	503
chr19	31486039	31686039	harbor1	chr19	31486576	31486952	LTR/ERVL-MaLR	2288	-	188	31486764	725
chr19	31486039	31686039	harbor1	chr19	31487334	31487389	LTR/ERVL-MaLR	2288	-	28	31487362	1323
chr19	31486039	31686039	harbor1	chr19	31491970	31492328	LTR/ERVL-MaLR	1451	-	179	31492149	6110
chr19	31486039	31686039	harbor1	chr19	31544192	31544593	LTR/ERVL-MaLR	2418	-	200	31544392	58353
chr19	31486039	31686039	harbor1	chr19	31550271	31550644	LTR/ERVL-MaLR	2756	-	186	31550457	64418
chr19	20788795	20988795	harbor1	chr19	20831829	20832225	LTR/ERVL-MaLR	1502	-	198	20832027	43232
chr19	5675194	5875194	harbor1	chr19	5741281	5741635	LTR/ERVL-MaLR	1229	-	177	5741458	66264
chr19	5675194	5875194	harbor1	chr19	5761473	5761700	LTR/ERVL-MaLR	1628	-	114	5761587	86393
chr19	5675194	5875194	harbor1	chr19	5762038	5762058	LTR/ERVL-MaLR	1628	-	10	5762048	86854
chr19	5675194	5875194	harbor1	chr19	5762364	5762535	LTR/ERVL-MaLR	1628	-	86	5762450	87256
chr19	5675194	5875194	harbor1	chr19	5769330	5769528	LTR/ERVL-MaLR	866	-	99	5769429	94235
chr19	58502411	58702411	harbor1	chr19	58533240	58533395	LTR/ERVL-MaLR	766	-	78	58533318	30907
chr19	58502411	58702411	harbor1	chr19	58594828	58595271	LTR/ERVL-MaLR	1707	-	222	58595050	92639
chr19	52122439	52322439	harbor1	chr19	52124696	52125116	LTR/ERVL-MaLR	1728	-	210	52124906	2467
chr19	52122439	52322439	harbor1	chr19	52125123	52125784	LTR/ERVL-MaLR	2890	-	330	52125453	3014
chr19	52122439	52322439	harbor1	chr19	52153816	52154043	LTR/ERVL-MaLR	2250	-	114	52153930	31491
chr19	52122439	52322439	harbor1	chr19	52154345	52154379	LTR/ERVL-MaLR	2250	-	17	52154362	31923
chr19	52122439	52322439	harbor1	chr19	52154683	52154860	LTR/ERVL-MaLR	2250	-	88	52154771	32332
chr19	52122439	52322439	harbor1	chr19	52161260	52161680	LTR/ERVL-MaLR	1506	-	210	52161470	39031
chr19	52122439	52322439	harbor1	chr19	52161681	52162488	LTR/ERVL-MaLR	3504	-	404	52162085	39646
chr19	52122439	52322439	harbor1	chr19	52162947	52163492	LTR/ERVL-MaLR	1990	-	272	52163219	40780
chr19	52122439	52322439	harbor1	chr19	52196607	52197033	LTR/ERVL-MaLR	980	-	213	52196820	74381
chr19	52122439	52322439	harbor1	chr19	52200545	52200922	LTR/ERVL-MaLR	1343	-	188	52200733	78294
chr19	28012743	28212743	harbor1	chr19	28013673	28014067	LTR/ERVL-MaLR	2117	-	197	28013870	1127
chr19	28012743	28212743	harbor1	chr19	28030567	28030919	LTR/ERVL-MaLR	2289	-	176	28030743	18000
chr19	28012743	28212743	harbor1	chr19	28030920	28032486	LTR/ERVL-MaLR	11306	-	783	28031703	18960
chr19	28012743	28212743	harbor1	chr19	28032487	28032840	LTR/ERVL-MaLR	2107	-	176	28032663	19920
chr19	28012743	28212743	harbor1	chr19	28075233	28075637	LTR/ERVL-MaLR	1851	-	202	28075435	62692
chr19	28012743	28212743	harbor1	chr19	28104139	28104400	LTR/ERVL-MaLR	1109	-	130	28104269	91526
chr19	28012743	28212743	harbor1	chr19	28111956	28112373	LTR/ERVL-MaLR	2146	-	208	28112164	99421
chr19	1	185454	harbor1	chr19	76174	76530	LTR/ERVL-MaLR	923	-	178	76352	76351
chr19	11736611	11936611	harbor1	chr19	11741519	11741876	LTR/ERVL-MaLR	1419	-	178	11741697	5086
chr19	11736611	11936611	harbor1	chr19	11754334	11754667	LTR/ERVL-MaLR	966	-	166	11754500	17889
chr19	11736611	11936611	harbor1	chr19	11754677	11755032	LTR/ERVL-MaLR	1454	-	178	11754855	18244
chr19	11736611	11936611	harbor1	chr19	11755340	11755370	LTR/ERVL-MaLR	1454	-	15	11755355	18744
chr19	11736611	11936611	harbor1	chr19	11765259	11765485	LTR/ERVL-MaLR	1691	-	113	11765372	28761
chr19	11736611	11936611	harbor1	chr19	11770074	11770419	LTR/ERVL-MaLR	2005	-	172	11770246	33635
chr19	11736611	11936611	harbor1	chr19	11777127	11777276	LTR/ERVL-MaLR	851	-	74	11777201	40590
chr19	11736611	11936611	harbor1	chr19	11822983	11823356	LTR/ERVL-MaLR	1274	-	186	11823169	86558
chr19	33238845	33438845	harbor1	chr19	33323097	33323452	LTR/ERVL-MaLR	2516	-	178	33323275	84430
chr19	39120163	39320163	harbor1	chr19	39215047	39215402	LTR/ERVL-MaLR	1479	-	178	39215225	95062
chr19	39120163	39320163	harbor1	chr19	39216427	39216708	LTR/ERVL-MaLR	782	-	140	39216567	96404
chr19	39120163	39320163	harbor1	chr19	39217016	39217089	LTR/ERVL-MaLR	782	-	36	39217052	96889
chr19	32512019	32712019	harbor1	chr19	32517611	32518156	LTR/ERVL-MaLR	2338	-	272	32517883	5864
chr19	32512019	32712019	harbor1	chr19	32519119	32519544	LTR/ERVL-MaLR	1116	-	212	32519331	7312
chr19	32512019	32712019	harbor1	chr19	32520586	32520974	LTR/ERVL-MaLR	1146	-	194	32520780	8761
chr19	32512019	32712019	harbor1	chr19	32528083	32528457	LTR/ERVL-MaLR	2642	-	187	32528270	16251
chr19	32512019	32712019	harbor1	chr19	32574214	32574461	LTR/ERVL-MaLR	1521	-	124	32574338	62319
chr19	32512019	32712019	harbor1	chr19	32574771	32574947	LTR/ERVL-MaLR	1521	-	88	32574859	62840
chr19	32512019	32712019	harbor1	chr19	32538584	32538959	LTR/ERVL-MaLR	2532	-	188	32538772	26753
chr19	93271	293271	harbor1	chr19	169319	169676	LTR/ERVL-MaLR	1852	-	178	169497	76226
chr19	93271	293271	harbor1	chr19	169677	171240	LTR/ERVL-MaLR	11223	-	782	170459	77188
chr19	93271	293271	harbor1	chr19	171241	171600	LTR/ERVL-MaLR	2004	-	180	171421	78150
chr19	93271	293271	harbor1	chr19	181417	181797	LTR/ERVL-MaLR	2163	-	190	181607	88336
chr19	49526081	49726081	harbor1	chr19	49574530	49574721	LTR/ERVL-MaLR	1270	-	96	49574626	48545
chr19	49526081	49726081	harbor1	chr19	49575299	49575446	LTR/ERVL-MaLR	1270	-	74	49575373	49292
chr19	50757605	50957605	harbor1	chr19	50760178	50760240	LTR/ERVL-MaLR	1319	-	31	50760209	2604
chr19	50757605	50957605	harbor1	chr19	50760845	50761279	LTR/ERVL-MaLR	1319	-	217	50761062	3457
chr19	8977792	9177792	harbor1	chr19	9041809	9042073	LTR/ERVL-MaLR	1307	-	132	9041941	64149
chr19	11660679	11860679	harbor1	chr19	11680042	11680369	LTR/ERVL-MaLR	1885	-	164	11680206	19527
chr19	11660679	11860679	harbor1	chr19	11680371	11680791	LTR/ERVL-MaLR	2590	-	210	11680581	19902
chr19	11660679	11860679	harbor1	chr19	11681289	11681322	LTR/ERVL-MaLR	1470	-	16	11681305	20626
chr19	11660679	11860679	harbor1	chr19	11704748	11705083	LTR/ERVL-MaLR	1332	-	168	11704916	44237
chr19	11660679	11860679	harbor1	chr19	11714925	11715249	LTR/ERVL-MaLR	1586	-	162	11715087	54408
chr19	11660679	11860679	harbor1	chr19	11715549	11715601	LTR/ERVL-MaLR	1586	-	26	11715575	54896
chr19	11660679	11860679	harbor1	chr19	11715946	11716106	LTR/ERVL-MaLR	1301	-	80	11716026	55347
chr19	11660679	11860679	harbor1	chr19	11716408	11716446	LTR/ERVL-MaLR	1301	-	19	11716427	55748
chr19	11660679	11860679	harbor1	chr19	11716760	11717041	LTR/ERVL-MaLR	1301	-	140	11716900	56221
chr19	11660679	11860679	harbor1	chr19	11741519	11741876	LTR/ERVL-MaLR	1419	-	178	11741697	81018
chr19	11660679	11860679	harbor1	chr19	11754334	11754667	LTR/ERVL-MaLR	966	-	166	11754500	93821
chr19	11660679	11860679	harbor1	chr19	11754677	11755032	LTR/ERVL-MaLR	1454	-	178	11754855	94176
chr19	11660679	11860679	harbor1	chr19	11755340	11755370	LTR/ERVL-MaLR	1454	-	15	11755355	94676
chr19	11660679	11860679	harbor1	chr19	11681626	11681986	LTR/ERVL-MaLR	1470	-	180	11681806	21127
chr19	31578090	31778090	harbor1	chr19	31621692	31622204	LTR/ERVL-MaLR	1800	-	256	31621948	43858
chr19	31578090	31778090	harbor1	chr19	31647390	31647802	LTR/ERVL-MaLR	2273	-	206	31647596	69506
chr19	56017306	56217306	harbor1	chr19	56064626	56065116	LTR/ERVL-MaLR	897	-	245	56064871	47565
chr19	13485073	13685073	harbor1	chr19	13494602	13494946	LTR/ERVL-MaLR	1934	-	172	13494774	9701
chr19	13485073	13685073	harbor1	chr19	13519528	13520110	LTR/ERVL-MaLR	1487	-	291	13519819	34746
chr19	13485073	13685073	harbor1	chr19	13527310	13527730	LTR/ERVL-MaLR	2689	-	210	13527520	42447
chr19	13485073	13685073	harbor1	chr19	13561213	13561570	LTR/ERVL-MaLR	2362	-	178	13561391	76318
chr19	13485073	13685073	harbor1	chr19	13563384	13563560	LTR/ERVL-MaLR	706	-	88	13563472	78399
chr19	13485073	13685073	harbor1	chr19	13564134	13564298	LTR/ERVL-MaLR	759	-	82	13564216	79143
chr19	13485073	13685073	harbor1	chr19	13565302	13565366	LTR/ERVL-MaLR	759	-	32	13565334	80261
chr19	14353176	14553176	harbor1	chr19	14366642	14366909	LTR/ERVL-MaLR	871	-	134	14366776	13600
chr19	14353176	14553176	harbor1	chr19	14448720	14448930	LTR/ERVL-MaLR	1331	-	105	14448825	95649
chr19	14353176	14553176	harbor1	chr19	14449242	14449406	LTR/ERVL-MaLR	1331	-	82	14449324	96148
chr19	45739566	45939566	harbor1	chr19	45739452	45739778	LTR/ERVL-MaLR	1494	-	163	45739615	49
chr19	45739566	45939566	harbor1	chr19	45745872	45745926	LTR/ERVL-MaLR	1508	-	27	45745899	6333
chr19	45739566	45939566	harbor1	chr19	45746267	45746566	LTR/ERVL-MaLR	1508	-	150	45746417	6851
chr19	45739566	45939566	harbor1	chr19	45746843	45746965	LTR/ERVL-MaLR	1508	-	61	45746904	7338
chr19	30078968	30278968	harbor1	chr19	30081116	30081504	LTR/ERVL-MaLR	1844	-	194	30081310	2342
chr19	30078968	30278968	harbor1	chr19	30101736	30102158	LTR/ERVL-MaLR	2747	-	211	30101947	22979
chr19	57906972	58106972	harbor1	chr19	57952531	57952779	LTR/ERVL-MaLR	967	-	124	57952655	45683
chr19	57906972	58106972	harbor1	chr19	57967410	57967471	LTR/ERVL-MaLR	1780	-	30	57967440	60468
chr19	57906972	58106972	harbor1	chr19	57968042	57968357	LTR/ERVL-MaLR	1780	-	158	57968200	61228
chr19	57906972	58106972	harbor1	chr19	57982023	57982526	LTR/ERVL-MaLR	2488	-	252	57982275	75303
chr19	54467829	54667829	harbor1	chr19	54527863	54528238	LTR/ERVL-MaLR	1768	-	188	54528051	60222
chr19	54467829	54667829	harbor1	chr19	54528239	54528513	LTR/ERVL-MaLR	1927	-	137	54528376	60547
chr19	29633896	29833896	harbor1	chr19	29652701	29653053	LTR/ERVL-MaLR	1310	-	176	29652877	18981
chr19	29633896	29833896	harbor1	chr19	29657637	29658089	LTR/ERVL-MaLR	1944	-	226	29657863	23967
chr19	29633896	29833896	harbor1	chr19	29690947	29691219	LTR/ERVL-MaLR	1233	-	136	29691083	57187
chr19	29633896	29833896	harbor1	chr19	29691227	29691437	LTR/ERVL-MaLR	2157	-	105	29691332	57436
chr19	29633896	29833896	harbor1	chr19	29691742	29691901	LTR/ERVL-MaLR	2157	-	80	29691822	57926
chr19	29633896	29833896	harbor1	chr19	29718457	29718598	LTR/ERVL-MaLR	688	-	70	29718527	84631
chr19	29633896	29833896	harbor1	chr19	29718604	29718892	LTR/ERVL-MaLR	1278	-	144	29718748	84852
chr19	29633896	29833896	harbor1	chr19	29725497	29725969	LTR/ERVL-MaLR	1527	-	236	29725733	91837
chr19	20941815	21141815	harbor1	chr19	20963868	20964213	LTR/ERVL-MaLR	2068	-	172	20964040	22225
chr19	20941815	21141815	harbor1	chr19	20997457	20997497	LTR/ERVL-MaLR	1600	-	20	20997477	55662
chr19	20941815	21141815	harbor1	chr19	20997814	20998142	LTR/ERVL-MaLR	1600	-	164	20997978	56163
chr19	52111875	52311875	harbor1	chr19	52114352	52114774	LTR/ERVL-MaLR	1890	-	211	52114563	2688
chr19	52111875	52311875	harbor1	chr19	52124696	52125116	LTR/ERVL-MaLR	1728	-	210	52124906	13031
chr19	52111875	52311875	harbor1	chr19	52125123	52125784	LTR/ERVL-MaLR	2890	-	330	52125453	13578
chr19	52111875	52311875	harbor1	chr19	52153816	52154043	LTR/ERVL-MaLR	2250	-	114	52153930	42055
chr19	52111875	52311875	harbor1	chr19	52154345	52154379	LTR/ERVL-MaLR	2250	-	17	52154362	42487
chr19	52111875	52311875	harbor1	chr19	52154683	52154860	LTR/ERVL-MaLR	2250	-	88	52154771	42896
chr19	52111875	52311875	harbor1	chr19	52161260	52161680	LTR/ERVL-MaLR	1506	-	210	52161470	49595
chr19	52111875	52311875	harbor1	chr19	52161681	52162488	LTR/ERVL-MaLR	3504	-	404	52162085	50210
chr19	52111875	52311875	harbor1	chr19	52162947	52163492	LTR/ERVL-MaLR	1990	-	272	52163219	51344
chr19	52111875	52311875	harbor1	chr19	52196607	52197033	LTR/ERVL-MaLR	980	-	213	52196820	84945
chr19	52111875	52311875	harbor1	chr19	52200545	52200922	LTR/ERVL-MaLR	1343	-	188	52200733	88858
chr19	54122449	54322449	harbor1	chr19	54122075	54122456	LTR/ERVL-MaLR	829	-	190	54122265	184
chr19	54122449	54322449	harbor1	chr19	54126788	54126848	LTR/ERVL-MaLR	1447	-	30	54126818	4369
chr19	54122449	54322449	harbor1	chr19	54127137	54127552	LTR/ERVL-MaLR	1447	-	208	54127345	4896
chr19	21522910	21722910	harbor1	chr19	21571259	21571756	LTR/ERVL-MaLR	1446	-	248	21571507	48597
chr19	30095508	30295508	harbor1	chr19	30101736	30102158	LTR/ERVL-MaLR	2747	-	211	30101947	6439
chr19	30095508	30295508	harbor1	chr19	30179709	30180134	LTR/ERVL-MaLR	2725	-	212	30179921	84413
chr19	54778112	54978112	harbor1	chr19	54779196	54779753	LTR/ERVL-MaLR	1467	-	278	54779474	1362
chr19	54778112	54978112	harbor1	chr19	54782283	54782724	LTR/ERVL-MaLR	2291	-	220	54782503	4391
chr19	54778112	54978112	harbor1	chr19	54809416	54809977	LTR/ERVL-MaLR	1507	-	280	54809696	31584
chr19	54778112	54978112	harbor1	chr19	54812490	54812927	LTR/ERVL-MaLR	2106	-	218	54812708	34596
chr19	54778112	54978112	harbor1	chr19	54825611	54826167	LTR/ERVL-MaLR	1326	-	278	54825889	47777
chr19	54778112	54978112	harbor1	chr19	54828724	54829163	LTR/ERVL-MaLR	2323	-	220	54828944	50832
chr19	54778112	54978112	harbor1	chr19	54843452	54844009	LTR/ERVL-MaLR	1040	-	278	54843730	65618
chr19	54778112	54978112	harbor1	chr19	54846545	54846986	LTR/ERVL-MaLR	2303	-	220	54846765	68653
chr19	54778112	54978112	harbor1	chr19	54859662	54860220	LTR/ERVL-MaLR	1410	-	279	54859941	81829
chr19	54778112	54978112	harbor1	chr19	54865192	54865609	LTR/ERVL-MaLR	1968	-	208	54865400	87288
chr19	14114448	14314448	harbor1	chr19	14191489	14191688	LTR/ERVL-MaLR	1009	-	100	14191589	77141
chr19	14114448	14314448	harbor1	chr19	14191987	14192173	LTR/ERVL-MaLR	1009	-	93	14192080	77632
chr20	32550541	32750541	harbor1	chr20	32632813	32633165	LTR/ERVL-MaLR	2172	-	176	32632989	82448
chr20	37100629	37300629	harbor1	chr20	37133804	37134017	LTR/ERVL-MaLR	629	-	106	37133910	33281
chr20	37100629	37300629	harbor1	chr20	37185794	37186346	LTR/ERVL-MaLR	1776	-	276	37186070	85441
chr20	14587768	14787768	harbor1	chr20	14605138	14605564	LTR/ERVL-MaLR	1808	-	213	14605351	17583
chr20	14587768	14787768	harbor1	chr20	14619756	14619972	LTR/ERVL-MaLR	633	-	108	14619864	32096
chr20	14587768	14787768	harbor1	chr20	14632909	14633375	LTR/ERVL-MaLR	1395	-	233	14633142	45374
chr20	14587768	14787768	harbor1	chr20	14672085	14672576	LTR/ERVL-MaLR	1705	-	246	14672331	84563
chr20	14587768	14787768	harbor1	chr20	14677976	14678400	LTR/ERVL-MaLR	1302	-	212	14678188	90420
chr20	9510451	9710451	harbor1	chr20	9607889	9608244	LTR/ERVL-MaLR	2072	-	178	9608067	97616
chr20	745667	945667	harbor1	chr20	750743	751114	LTR/ERVL-MaLR	871	-	186	750929	5262
chr20	745667	945667	harbor1	chr20	753295	753602	LTR/ERVL-MaLR	1176	-	154	753449	7782
chr20	61037334	61237334	harbor1	chr20	61044529	61044760	LTR/ERVL-MaLR	506	-	116	61044645	7311
chr20	61037334	61237334	harbor1	chr20	61048838	61049061	LTR/ERVL-MaLR	636	-	112	61048950	11616
chr20	61037334	61237334	harbor1	chr20	61068572	61068962	LTR/ERVL-MaLR	1115	-	195	61068767	31433
chr20	61037334	61237334	harbor1	chr20	61072996	61073470	LTR/ERVL-MaLR	1428	-	237	61073233	35899
chr20	61037334	61237334	harbor1	chr20	61076409	61076670	LTR/ERVL-MaLR	887	-	130	61076539	39205
chr20	61037334	61237334	harbor1	chr20	61076993	61077161	LTR/ERVL-MaLR	887	-	84	61077077	39743
chr20	61037334	61237334	harbor1	chr20	61086698	61087059	LTR/ERVL-MaLR	2646	-	180	61086878	49544
chr20	61037334	61237334	harbor1	chr20	61097081	61097487	LTR/ERVL-MaLR	2404	-	203	61097284	59950
chr20	61037334	61237334	harbor1	chr20	61098313	61098468	LTR/ERVL-MaLR	807	-	78	61098391	61057
chr20	61037334	61237334	harbor1	chr20	61122106	61122546	LTR/ERVL-MaLR	1842	-	220	61122326	84992
chr20	61037334	61237334	harbor1	chr20	61124099	61124533	LTR/ERVL-MaLR	1990	-	217	61124316	86982
chr20	61037334	61237334	harbor1	chr20	61125329	61125523	LTR/ERVL-MaLR	443	-	97	61125426	88092
chr20	12831940	13031940	harbor1	chr20	12886911	12887299	LTR/ERVL-MaLR	1466	-	194	12887105	55165
chr20	12831940	13031940	harbor1	chr20	12898285	12898799	LTR/ERVL-MaLR	876	-	257	12898542	66602
chr20	12831940	13031940	harbor1	chr20	12910022	12910271	LTR/ERVL-MaLR	1241	-	124	12910146	78206
chr20	12831940	13031940	harbor1	chr20	12925821	12926130	LTR/ERVL-MaLR	576	-	154	12925975	94035
chr20	12831940	13031940	harbor1	chr20	12928732	12929090	LTR/ERVL-MaLR	1352	-	179	12928911	96971
chr20	59911549	60111549	harbor1	chr20	59926226	59926679	LTR/ERVL-MaLR	1437	-	226	59926452	14903
chr20	59911549	60111549	harbor1	chr20	59950895	59951253	LTR/ERVL-MaLR	2375	-	179	59951074	39525
chr20	59911549	60111549	harbor1	chr20	59962237	59962695	LTR/ERVL-MaLR	1773	-	229	59962466	50917
chr20	59911549	60111549	harbor1	chr20	59985211	59985665	LTR/ERVL-MaLR	2427	-	227	59985438	73889
chr20	59911549	60111549	harbor1	chr20	59994525	59994734	LTR/ERVL-MaLR	549	-	104	59994629	83080
chr20	59911549	60111549	harbor1	chr20	59994769	59995027	LTR/ERVL-MaLR	548	-	129	59994898	83349
chr20	59911549	60111549	harbor1	chr20	60006887	60007263	LTR/ERVL-MaLR	1598	-	188	60007075	95526
chr20	59911549	60111549	harbor1	chr20	60010988	60011089	LTR/ERVL-MaLR	411	-	50	60011038	99489
chr20	47896679	48096679	harbor1	chr20	47911225	47911411	LTR/ERVL-MaLR	722	-	93	47911318	14639
chr20	47896679	48096679	harbor1	chr20	47911923	47912206	LTR/ERVL-MaLR	1128	-	142	47912065	15386
chr20	47896679	48096679	harbor1	chr20	47920004	47920374	LTR/ERVL-MaLR	2089	-	185	47920189	23510
chr20	47896679	48096679	harbor1	chr20	47926866	47927025	LTR/ERVL-MaLR	432	-	80	47926946	30267
chr20	47896679	48096679	harbor1	chr20	47931091	47931210	LTR/ERVL-MaLR	580	-	60	47931151	34472
chr20	47896679	48096679	harbor1	chr20	47949382	47949756	LTR/ERVL-MaLR	2533	-	187	47949569	52890
chr20	47896679	48096679	harbor1	chr20	47957186	47957489	LTR/ERVL-MaLR	422	-	152	47957338	60659
chr20	47896679	48096679	harbor1	chr20	47988802	47989059	LTR/ERVL-MaLR	632	-	128	47988930	92251
chr20	25075738	25275738	harbor1	chr20	25088263	25088477	LTR/ERVL-MaLR	454	-	107	25088370	12632
chr20	25075738	25275738	harbor1	chr20	25095616	25096004	LTR/ERVL-MaLR	2024	-	194	25095810	20072
chr20	25075738	25275738	harbor1	chr20	25101793	25101886	LTR/ERVL-MaLR	2190	-	46	25101839	26101
chr20	25075738	25275738	harbor1	chr20	25102202	25102562	LTR/ERVL-MaLR	2190	-	180	25102382	26644
chr20	25075738	25275738	harbor1	chr20	25128199	25128507	LTR/ERVL-MaLR	1335	-	154	25128353	52615
chr20	25075738	25275738	harbor1	chr20	25131675	25132014	LTR/ERVL-MaLR	1880	-	170	25131845	56107
chr20	25075738	25275738	harbor1	chr20	25132507	25132533	LTR/ERVL-MaLR	1880	-	13	25132520	56782
chr20	25075738	25275738	harbor1	chr20	25136173	25136289	LTR/ERVL-MaLR	1492	-	58	25136231	60493
chr20	25075738	25275738	harbor1	chr20	25136684	25136995	LTR/ERVL-MaLR	1492	-	156	25136840	61102
chr20	63189484	63389484	harbor1	chr20	63218133	63218547	LTR/ERVL-MaLR	1175	-	207	63218340	28856
chr20	63189484	63389484	harbor1	chr20	63258112	63258472	LTR/ERVL-MaLR	706	-	180	63258292	68808
chr20	63189484	63389484	harbor1	chr20	63261780	63262128	LTR/ERVL-MaLR	1112	-	174	63261954	72470
chr20	63189484	63389484	harbor1	chr20	63268495	63268843	LTR/ERVL-MaLR	1521	-	174	63268669	79185
chr20	295379	495379	harbor1	chr20	320435	320976	LTR/ERVL-MaLR	2630	-	270	320705	25326
chr20	295379	495379	harbor1	chr20	330952	331404	LTR/ERVL-MaLR	2267	-	226	331178	35799
chr20	295379	495379	harbor1	chr20	331716	331969	LTR/ERVL-MaLR	2267	-	126	331842	36463
chr20	295379	495379	harbor1	chr20	339262	339329	LTR/ERVL-MaLR	508	-	34	339296	43917
chr20	295379	495379	harbor1	chr20	339620	339865	LTR/ERVL-MaLR	508	-	122	339742	44363
chr20	295379	495379	harbor1	chr20	342207	342524	LTR/ERVL-MaLR	989	-	158	342365	46986
chr20	295379	495379	harbor1	chr20	344400	344647	LTR/ERVL-MaLR	2280	-	124	344524	49145
chr20	295379	495379	harbor1	chr20	344896	345262	LTR/ERVL-MaLR	2280	-	183	345079	49700
chr20	295379	495379	harbor1	chr20	384288	384356	LTR/ERVL-MaLR	1357	-	34	384322	88943
chr20	295379	495379	harbor1	chr20	384662	385057	LTR/ERVL-MaLR	1357	-	198	384860	89481
chr20	295379	495379	harbor1	chr20	376639	377060	LTR/ERVL-MaLR	2346	-	210	376849	81470
chr20	54499841	54699841	harbor1	chr20	54511608	54512082	LTR/ERVL-MaLR	564	-	237	54511845	12004
chr20	54499841	54699841	harbor1	chr20	54528278	54528663	LTR/ERVL-MaLR	751	-	192	54528470	28629
chr20	35099396	35299396	harbor1	chr20	35149598	35150108	LTR/ERVL-MaLR	1548	-	255	35149853	50457
chr20	35099396	35299396	harbor1	chr20	35181768	35181951	LTR/ERVL-MaLR	617	-	92	35181860	82464
chr20	35099396	35299396	harbor1	chr20	35181975	35182220	LTR/ERVL-MaLR	413	-	122	35182097	82701
chr20	35796677	35996677	harbor1	chr20	35828872	35829204	LTR/ERVL-MaLR	1225	-	166	35829038	32361
chr20	35796677	35996677	harbor1	chr20	35830894	35831039	LTR/ERVL-MaLR	569	-	72	35830966	34289
chr20	35796677	35996677	harbor1	chr20	35846778	35847184	LTR/ERVL-MaLR	1838	-	203	35846981	50304
chr20	35796677	35996677	harbor1	chr20	35887244	35887658	LTR/ERVL-MaLR	1246	-	207	35887451	90774
chr20	35796677	35996677	harbor1	chr20	35887804	35887933	LTR/ERVL-MaLR	1246	-	64	35887868	91191
chr20	40892260	41092260	harbor1	chr20	40905055	40905475	LTR/ERVL-MaLR	1355	-	210	40905265	13005
chr20	40892260	41092260	harbor1	chr20	40908310	40908658	LTR/ERVL-MaLR	1546	-	174	40908484	16224
chr20	40892260	41092260	harbor1	chr20	40908959	40909096	LTR/ERVL-MaLR	1546	-	68	40909027	16767
chr20	40892260	41092260	harbor1	chr20	40928554	40928909	LTR/ERVL-MaLR	1674	-	178	40928732	36472
chr20	40892260	41092260	harbor1	chr20	40942022	40942395	LTR/ERVL-MaLR	1982	-	186	40942208	49948
chr20	40892260	41092260	harbor1	chr20	40943379	40943475	LTR/ERVL-MaLR	421	-	48	40943427	51167
chr20	40892260	41092260	harbor1	chr20	40967736	40968073	LTR/ERVL-MaLR	1330	-	168	40967904	75644
chr20	40892260	41092260	harbor1	chr20	40985081	40985327	LTR/ERVL-MaLR	1985	-	123	40985204	92944
chr20	40892260	41092260	harbor1	chr20	40985635	40985872	LTR/ERVL-MaLR	1985	-	118	40985753	93493
chr20	40892260	41092260	harbor1	chr20	40943491	40943657	LTR/ERVL-MaLR	586	-	83	40943574	51314
chr20	11128006	11328006	harbor1	chr20	11129690	11129787	LTR/ERVL-MaLR	942	-	48	11129738	1732
chr20	11128006	11328006	harbor1	chr20	11130124	11130390	LTR/ERVL-MaLR	942	-	133	11130257	2251
chr20	11128006	11328006	harbor1	chr20	11181855	11182177	LTR/ERVL-MaLR	456	-	161	11182016	54010
chr20	11128006	11328006	harbor1	chr20	11182619	11183068	LTR/ERVL-MaLR	1234	-	224	11182843	54837
chr20	11128006	11328006	harbor1	chr20	11203381	11203770	LTR/ERVL-MaLR	2166	-	194	11203575	75569
chr20	11128006	11328006	harbor1	chr20	11227460	11227756	LTR/ERVL-MaLR	464	-	148	11227608	99602
chr20	16775678	16975678	harbor1	chr20	16820073	16820645	LTR/ERVL-MaLR	1581	-	286	16820359	44681
chr20	8219152	8419152	harbor1	chr20	8246150	8246550	LTR/ERVL-MaLR	1163	-	200	8246350	27198
chr20	8219152	8419152	harbor1	chr20	8250944	8251311	LTR/ERVL-MaLR	1769	-	184	8251128	31976
chr20	8219152	8419152	harbor1	chr20	8256183	8256699	LTR/ERVL-MaLR	1302	-	258	8256441	37289
chr20	8219152	8419152	harbor1	chr20	8262665	8263045	LTR/ERVL-MaLR	1175	-	190	8262855	43703
chr20	8219152	8419152	harbor1	chr20	8266112	8266623	LTR/ERVL-MaLR	430	-	256	8266368	47216
chr20	8219152	8419152	harbor1	chr20	8282865	8283122	LTR/ERVL-MaLR	587	-	128	8282993	63841
chr20	8219152	8419152	harbor1	chr20	8299953	8300430	LTR/ERVL-MaLR	754	-	238	8300191	81039
chr20	8219152	8419152	harbor1	chr20	8313184	8313431	LTR/ERVL-MaLR	424	-	124	8313308	94156
chr20	40726298	40926298	harbor1	chr20	40736459	40736830	LTR/ERVL-MaLR	2531	-	186	40736645	10347
chr20	40726298	40926298	harbor1	chr20	40757465	40757979	LTR/ERVL-MaLR	2215	-	257	40757722	31424
chr20	40726298	40926298	harbor1	chr20	40774249	40774609	LTR/ERVL-MaLR	2040	-	180	40774429	48131
chr20	40726298	40926298	harbor1	chr20	40801387	40801736	LTR/ERVL-MaLR	1763	-	174	40801561	75263
chr20	40726298	40926298	harbor1	chr20	40802875	40803120	LTR/ERVL-MaLR	714	-	122	40802997	76699
chr20	40726298	40926298	harbor1	chr20	40803450	40803828	LTR/ERVL-MaLR	2139	-	189	40803639	77341
chr20	40726298	40926298	harbor1	chr20	40818495	40818792	LTR/ERVL-MaLR	1799	-	148	40818643	92345
chr20	40726298	40926298	harbor1	chr20	40825797	40826290	LTR/ERVL-MaLR	2032	-	246	40826043	99745
chr20	52274212	52474212	harbor1	chr20	52280956	52281341	LTR/ERVL-MaLR	830	-	192	52281148	6936
chr20	52274212	52474212	harbor1	chr20	52281657	52281754	LTR/ERVL-MaLR	830	-	48	52281705	7493
chr20	52274212	52474212	harbor1	chr20	52293698	52293837	LTR/ERVL-MaLR	554	-	70	52293768	19556
chr20	52274212	52474212	harbor1	chr20	52298694	52298848	LTR/ERVL-MaLR	578	-	77	52298771	24559
chr20	52274212	52474212	harbor1	chr20	52303927	52304512	LTR/ERVL-MaLR	634	-	292	52304219	30007
chr20	52274212	52474212	harbor1	chr20	52308669	52308856	LTR/ERVL-MaLR	526	-	94	52308763	34551
chr20	52274212	52474212	harbor1	chr20	52332191	52332476	LTR/ERVL-MaLR	1011	-	142	52332333	58121
chr20	52274212	52474212	harbor1	chr20	52332836	52333267	LTR/ERVL-MaLR	1679	-	216	52333052	58840
chr20	52274212	52474212	harbor1	chr20	52333531	52333811	LTR/ERVL-MaLR	718	-	140	52333671	59459
chr20	52274212	52474212	harbor1	chr20	52335270	52335630	LTR/ERVL-MaLR	2338	-	180	52335450	61238
chr20	52274212	52474212	harbor1	chr20	52336202	52336583	LTR/ERVL-MaLR	509	-	190	52336392	62180
chr20	52274212	52474212	harbor1	chr20	52337520	52337561	LTR/ERVL-MaLR	509	-	20	52337540	63328
chr20	52274212	52474212	harbor1	chr20	52345175	52345592	LTR/ERVL-MaLR	1201	-	208	52345383	71171
chr20	52274212	52474212	harbor1	chr20	52346941	52347484	LTR/ERVL-MaLR	2323	-	272	52347213	73001
chr20	52274212	52474212	harbor1	chr20	52363109	52363236	LTR/ERVL-MaLR	548	-	64	52363173	88961
chr20	52274212	52474212	harbor1	chr20	52371445	52371850	LTR/ERVL-MaLR	892	-	202	52371647	97435
chr20	52008519	52208519	harbor1	chr20	52033193	52033675	LTR/ERVL-MaLR	1550	-	241	52033434	24915
chr20	55794425	55994425	harbor1	chr20	55801804	55802341	LTR/ERVL-MaLR	906	-	268	55802072	7647
chr20	55794425	55994425	harbor1	chr20	55826166	55826646	LTR/ERVL-MaLR	721	-	240	55826406	31981
chr20	55794425	55994425	harbor1	chr20	55828710	55829109	LTR/ERVL-MaLR	2147	-	200	55828910	34485
chr20	55794425	55994425	harbor1	chr20	55834845	55835309	LTR/ERVL-MaLR	1996	-	232	55835077	40652
chr20	55794425	55994425	harbor1	chr20	55868871	55869252	LTR/ERVL-MaLR	2262	-	190	55869061	74636
chr20	55794425	55994425	harbor1	chr20	55890968	55891614	LTR/ERVL-MaLR	1887	-	323	55891291	96866
chr20	33291219	33491219	harbor1	chr20	33303258	33303686	LTR/ERVL-MaLR	1532	-	214	33303472	12253
chr20	33291219	33491219	harbor1	chr20	33307592	33307631	LTR/ERVL-MaLR	2799	-	20	33307612	16393
chr20	33291219	33491219	harbor1	chr20	33307944	33308315	LTR/ERVL-MaLR	2799	-	186	33308130	16911
chr20	33291219	33491219	harbor1	chr20	33325860	33326213	LTR/ERVL-MaLR	2196	-	176	33326036	34817
chr20	45243742	45443742	harbor1	chr20	45261843	45262296	LTR/ERVL-MaLR	668	-	226	45262069	18327
chr20	45243742	45443742	harbor1	chr20	45278504	45278745	LTR/ERVL-MaLR	2836	-	120	45278624	34882
chr20	45243742	45443742	harbor1	chr20	45279053	45279244	LTR/ERVL-MaLR	2836	-	96	45279149	35407
chr20	45243742	45443742	harbor1	chr20	45322078	45322218	LTR/ERVL-MaLR	678	-	70	45322148	78406
chr20	16418786	16618786	harbor1	chr20	16425800	16426172	LTR/ERVL-MaLR	1812	-	186	16425986	7200
chr20	16418786	16618786	harbor1	chr20	16439617	16439961	LTR/ERVL-MaLR	2063	-	172	16439789	21003
chr20	3988836	4188836	harbor1	chr20	4037816	4037937	LTR/ERVL-MaLR	640	-	60	4037876	49040
chr20	3988836	4188836	harbor1	chr20	4040323	4040624	LTR/ERVL-MaLR	439	-	150	4040473	51637
chr20	3988836	4188836	harbor1	chr20	4042428	4042579	LTR/ERVL-MaLR	1779	-	76	4042504	53668
chr20	3988836	4188836	harbor1	chr20	4042890	4043207	LTR/ERVL-MaLR	1779	-	158	4043048	54212
chr20	3988836	4188836	harbor1	chr20	4049758	4050108	LTR/ERVL-MaLR	2844	-	175	4049933	61097
chr20	3988836	4188836	harbor1	chr20	4062656	4063192	LTR/ERVL-MaLR	1757	-	268	4062924	74088
chr20	3988836	4188836	harbor1	chr20	4086808	4087174	LTR/ERVL-MaLR	1351	-	183	4086991	98155
chr20	6221885	6421885	harbor1	chr20	6274617	6275068	LTR/ERVL-MaLR	2359	-	226	6274843	52958
chr20	6221885	6421885	harbor1	chr20	6291687	6292164	LTR/ERVL-MaLR	1274	-	238	6291925	70040
chr20	6221885	6421885	harbor1	chr20	6292389	6292651	LTR/ERVL-MaLR	1064	-	131	6292520	70635
chr20	6221885	6421885	harbor1	chr20	6292719	6292885	LTR/ERVL-MaLR	579	-	83	6292802	70917
chr20	6221885	6421885	harbor1	chr20	6307417	6307723	LTR/ERVL-MaLR	1449	-	153	6307570	85685
chr20	24471337	24671337	harbor1	chr20	24481205	24481663	LTR/ERVL-MaLR	1150	-	229	24481434	10097
chr20	24471337	24671337	harbor1	chr20	24484298	24484665	LTR/ERVL-MaLR	942	-	184	24484482	13145
chr20	24471337	24671337	harbor1	chr20	24522652	24523061	LTR/ERVL-MaLR	2306	-	204	24522856	51519
chr20	24471337	24671337	harbor1	chr20	24528376	24528756	LTR/ERVL-MaLR	1643	-	190	24528566	57229
chr20	24471337	24671337	harbor1	chr20	24533856	24534218	LTR/ERVL-MaLR	1600	-	181	24534037	62700
chr20	24471337	24671337	harbor1	chr20	24546308	24546513	LTR/ERVL-MaLR	800	-	102	24546410	75073
chr20	53958343	54158343	harbor1	chr20	53969625	53969801	LTR/ERVL-MaLR	410	-	88	53969713	11370
chr20	53958343	54158343	harbor1	chr20	53976930	53977291	LTR/ERVL-MaLR	2340	-	180	53977110	18767
chr20	53958343	54158343	harbor1	chr20	53998271	53998692	LTR/ERVL-MaLR	2178	-	210	53998481	40138
chr20	53958343	54158343	harbor1	chr20	54037100	54037474	LTR/ERVL-MaLR	2258	-	187	54037287	78944
chr20	53958343	54158343	harbor1	chr20	54046152	54046247	LTR/ERVL-MaLR	576	-	48	54046200	87857
chr20	53958343	54158343	harbor1	chr20	54046552	54046562	LTR/ERVL-MaLR	576	-	5	54046557	88214
chr20	53958343	54158343	harbor1	chr20	54046862	54046959	LTR/ERVL-MaLR	576	-	48	54046910	88567
chr20	53958343	54158343	harbor1	chr20	54047040	54047382	LTR/ERVL-MaLR	552	-	171	54047211	88868
chr20	53958343	54158343	harbor1	chr20	54050018	54050363	LTR/ERVL-MaLR	1331	-	172	54050190	91847
chr20	53958343	54158343	harbor1	chr20	54053900	54054262	LTR/ERVL-MaLR	2835	-	181	54054081	95738
chr20	53958343	54158343	harbor1	chr20	54055266	54055621	LTR/ERVL-MaLR	2350	-	178	54055444	97101
chr20	55856912	56056912	harbor1	chr20	55868871	55869252	LTR/ERVL-MaLR	2262	-	190	55869061	12149
chr20	55856912	56056912	harbor1	chr20	55890968	55891614	LTR/ERVL-MaLR	1887	-	323	55891291	34379
chr20	55856912	56056912	harbor1	chr20	55916621	55917177	LTR/ERVL-MaLR	1107	-	278	55916899	59987
chr20	55856912	56056912	harbor1	chr20	55939770	55940135	LTR/ERVL-MaLR	1730	-	182	55939952	83040
chr20	55856912	56056912	harbor1	chr20	55945924	55946410	LTR/ERVL-MaLR	798	-	243	55946167	89255
chr20	55856912	56056912	harbor1	chr20	55954138	55954533	LTR/ERVL-MaLR	1909	-	198	55954336	97424
chr20	30631167	30831167	harbor1	chr20	30632792	30632989	LTR/ERVL-MaLR	437	-	98	30632890	1723
chr20	30631167	30831167	harbor1	chr20	30633448	30633760	LTR/ERVL-MaLR	1154	-	156	30633604	2437
chr20	30631167	30831167	harbor1	chr20	30633909	30634006	LTR/ERVL-MaLR	495	-	48	30633957	2790
chr20	30631167	30831167	harbor1	chr20	30634007	30634122	LTR/ERVL-MaLR	516	-	58	30634065	2898
chr20	30631167	30831167	harbor1	chr20	30634119	30635427	LTR/ERVL-MaLR	5158	-	654	30634773	3606
chr20	30631167	30831167	harbor1	chr20	30635593	30635876	LTR/ERVL-MaLR	1054	-	142	30635735	4568
chr20	30631167	30831167	harbor1	chr20	30636346	30636683	LTR/ERVL-MaLR	1426	-	168	30636514	5347
chr20	30631167	30831167	harbor1	chr20	30636826	30636928	LTR/ERVL-MaLR	503	-	51	30636877	5710
chr20	30631167	30831167	harbor1	chr20	30638646	30638949	LTR/ERVL-MaLR	818	-	152	30638798	7631
chr20	30631167	30831167	harbor1	chr20	30639329	30639434	LTR/ERVL-MaLR	405	-	52	30639381	8214
chr20	30631167	30831167	harbor1	chr20	30639435	30639750	LTR/ERVL-MaLR	1081	-	158	30639593	8426
chr20	30631167	30831167	harbor1	chr20	30639904	30639999	LTR/ERVL-MaLR	472	-	48	30639952	8785
chr20	30631167	30831167	harbor1	chr20	30640000	30640111	LTR/ERVL-MaLR	584	-	56	30640056	8889
chr20	30631167	30831167	harbor1	chr20	30640228	30640334	LTR/ERVL-MaLR	439	-	53	30640281	9114
chr20	30631167	30831167	harbor1	chr20	30640335	30641917	LTR/ERVL-MaLR	6245	-	791	30641126	9959
chr20	30631167	30831167	harbor1	chr20	30642085	30642347	LTR/ERVL-MaLR	996	-	131	30642216	11049
chr20	30631167	30831167	harbor1	chr20	30642724	30642816	LTR/ERVL-MaLR	475	-	46	30642770	11603
chr20	30631167	30831167	harbor1	chr20	30642820	30643162	LTR/ERVL-MaLR	1457	-	171	30642991	11824
chr20	30631167	30831167	harbor1	chr20	30643301	30643409	LTR/ERVL-MaLR	426	-	54	30643355	12188
chr20	30631167	30831167	harbor1	chr20	30643630	30645156	LTR/ERVL-MaLR	6068	-	763	30644393	13226
chr20	30631167	30831167	harbor1	chr20	30645324	30645611	LTR/ERVL-MaLR	1109	-	144	30645468	14301
chr20	30631167	30831167	harbor1	chr20	30645999	30646094	LTR/ERVL-MaLR	493	-	48	30646047	14880
chr20	30631167	30831167	harbor1	chr20	30646097	30646441	LTR/ERVL-MaLR	1438	-	172	30646269	15102
chr20	30631167	30831167	harbor1	chr20	30646623	30646741	LTR/ERVL-MaLR	407	-	59	30646682	15515
chr20	30631167	30831167	harbor1	chr20	30646742	30648304	LTR/ERVL-MaLR	5848	-	781	30647523	16356
chr20	30631167	30831167	harbor1	chr20	30648469	30648765	LTR/ERVL-MaLR	1110	-	148	30648617	17450
chr20	30631167	30831167	harbor1	chr20	30649438	30649814	LTR/ERVL-MaLR	1434	-	188	30649626	18459
chr20	30631167	30831167	harbor1	chr20	30649815	30650066	LTR/ERVL-MaLR	1305	-	126	30649941	18774
chr20	30631167	30831167	harbor1	chr20	30650064	30650294	LTR/ERVL-MaLR	1223	-	115	30650179	19012
chr20	30631167	30831167	harbor1	chr20	30650332	30650668	LTR/ERVL-MaLR	1379	-	168	30650500	19333
chr20	30631167	30831167	harbor1	chr20	30726350	30726657	LTR/ERVL-MaLR	433	-	154	30726504	95337
chr20	30631167	30831167	harbor1	chr20	30636929	30638489	LTR/ERVL-MaLR	6238	-	780	30637709	6542
chr20	38160723	38360723	harbor1	chr20	38198589	38199091	LTR/ERVL-MaLR	1852	-	251	38198840	38117
chr20	48401914	48601914	harbor1	chr20	48410723	48410940	LTR/ERVL-MaLR	428	-	108	48410831	8917
chr20	48401914	48601914	harbor1	chr20	48428301	48428405	LTR/ERVL-MaLR	1624	-	52	48428353	26439
chr20	48401914	48601914	harbor1	chr20	48428930	48429263	LTR/ERVL-MaLR	1624	-	166	48429096	27182
chr20	48401914	48601914	harbor1	chr20	48438179	48438518	LTR/ERVL-MaLR	875	-	170	48438349	36435
chr20	48401914	48601914	harbor1	chr20	48440616	48440880	LTR/ERVL-MaLR	536	-	132	48440748	38834
chr20	48401914	48601914	harbor1	chr20	48442108	48442465	LTR/ERVL-MaLR	2212	-	178	48442286	40372
chr20	48401914	48601914	harbor1	chr20	48452281	48452631	LTR/ERVL-MaLR	2044	-	175	48452456	50542
chr20	48401914	48601914	harbor1	chr20	48465286	48465826	LTR/ERVL-MaLR	1715	-	270	48465556	63642
chr20	48401914	48601914	harbor1	chr20	48466323	48466663	LTR/ERVL-MaLR	525	-	170	48466493	64579
chr20	48401914	48601914	harbor1	chr20	48496320	48496375	LTR/ERVL-MaLR	482	-	28	48496348	94434
chr20	48401914	48601914	harbor1	chr20	48496684	48496867	LTR/ERVL-MaLR	482	-	92	48496776	94862
chr20	48401914	48601914	harbor1	chr20	48496868	48497277	LTR/ERVL-MaLR	2630	-	204	48497072	95158
chr20	48401914	48601914	harbor1	chr20	48497278	48497425	LTR/ERVL-MaLR	482	-	74	48497352	95438
chr20	10030518	10230518	harbor1	chr20	10065099	10065490	LTR/ERVL-MaLR	633	-	196	10065295	34777
chr20	10030518	10230518	harbor1	chr20	10068368	10068692	LTR/ERVL-MaLR	1450	-	162	10068530	38012
chr20	10030518	10230518	harbor1	chr20	10070491	10070925	LTR/ERVL-MaLR	2291	-	217	10070708	40190
chr20	10030518	10230518	harbor1	chr20	10082712	10083238	LTR/ERVL-MaLR	884	-	263	10082975	52457
chr20	10030518	10230518	harbor1	chr20	10093727	10093910	LTR/ERVL-MaLR	493	-	92	10093819	63301
chr20	10030518	10230518	harbor1	chr20	10102920	10103153	LTR/ERVL-MaLR	585	-	116	10103036	72518
chr20	10030518	10230518	harbor1	chr20	10103483	10103849	LTR/ERVL-MaLR	2110	-	183	10103666	73148
chr20	10030518	10230518	harbor1	chr20	10104125	10104619	LTR/ERVL-MaLR	1263	-	247	10104372	73854
chr20	10030518	10230518	harbor1	chr20	10123157	10123522	LTR/ERVL-MaLR	2489	-	182	10123339	92821
chr20	10030518	10230518	harbor1	chr20	10123523	10125097	LTR/ERVL-MaLR	12794	-	787	10124310	93792
chr20	10030518	10230518	harbor1	chr20	10126214	10126353	LTR/ERVL-MaLR	914	-	70	10126284	95766
chr20	10030518	10230518	harbor1	chr20	10125099	10125464	LTR/ERVL-MaLR	2338	-	182	10125281	94763
chr20	52379422	52579422	harbor1	chr20	52385895	52386295	LTR/ERVL-MaLR	1348	-	200	52386095	6673
chr20	52379422	52579422	harbor1	chr20	52386762	52386863	LTR/ERVL-MaLR	514	-	50	52386812	7390
chr20	52379422	52579422	harbor1	chr20	52413461	52413677	LTR/ERVL-MaLR	1852	-	108	52413569	34147
chr20	52379422	52579422	harbor1	chr20	52413983	52414204	LTR/ERVL-MaLR	1852	-	110	52414093	34671
chr20	52379422	52579422	harbor1	chr20	52417856	52418416	LTR/ERVL-MaLR	1924	-	280	52418136	38714
chr20	52379422	52579422	harbor1	chr20	52429294	52429495	LTR/ERVL-MaLR	1270	-	100	52429394	49972
chr20	52379422	52579422	harbor1	chr20	52430366	52430542	LTR/ERVL-MaLR	1012	-	88	52430454	51032
chr20	52379422	52579422	harbor1	chr20	52431316	52431673	LTR/ERVL-MaLR	2635	-	178	52431494	52072
chr20	52379422	52579422	harbor1	chr20	52454599	52454994	LTR/ERVL-MaLR	782	-	198	52454797	75375
chr20	52379422	52579422	harbor1	chr20	52455497	52455758	LTR/ERVL-MaLR	1516	-	130	52455627	76205
chr20	52379422	52579422	harbor1	chr20	52465306	52465627	LTR/ERVL-MaLR	1372	-	160	52465466	86044
chr20	52379422	52579422	harbor1	chr20	52472305	52472691	LTR/ERVL-MaLR	575	-	193	52472498	93076
chr20	50997772	51197772	harbor1	chr20	51039911	51039981	LTR/ERVL-MaLR	1006	-	35	51039946	42174
chr20	50997772	51197772	harbor1	chr20	51040282	51040650	LTR/ERVL-MaLR	1006	-	184	51040466	42694
chr20	50997772	51197772	harbor1	chr20	51045559	51045907	LTR/ERVL-MaLR	2182	-	174	51045733	47961
chr20	50997772	51197772	harbor1	chr20	51055084	51055546	LTR/ERVL-MaLR	926	-	231	51055315	57543
chr20	50997772	51197772	harbor1	chr20	51074043	51074585	LTR/ERVL-MaLR	1228	-	271	51074314	76542
chr20	50997772	51197772	harbor1	chr20	51082282	51082652	LTR/ERVL-MaLR	731	-	185	51082467	84695
chr20	50997772	51197772	harbor1	chr20	51085645	51086149	LTR/ERVL-MaLR	1549	-	252	51085897	88125
chr20	50997772	51197772	harbor1	chr20	51088878	51089232	LTR/ERVL-MaLR	529	-	177	51089055	91283
chr20	59001141	59201141	harbor1	chr20	59071249	59071556	LTR/ERVL-MaLR	719	-	154	59071403	70262
chr20	58248545	58448545	harbor1	chr20	58327224	58327703	LTR/ERVL-MaLR	2076	-	240	58327464	78919
chr20	58248545	58448545	harbor1	chr20	58337068	58337506	LTR/ERVL-MaLR	1251	-	219	58337287	88742
chr20	36003339	36203339	harbor1	chr20	36003661	36004245	LTR/ERVL-MaLR	1218	-	292	36003953	614
chr20	36003339	36203339	harbor1	chr20	36058470	36058611	LTR/ERVL-MaLR	881	-	70	36058540	55201
chr20	36003339	36203339	harbor1	chr20	36059155	36059310	LTR/ERVL-MaLR	893	-	78	36059233	55894
chr20	36003339	36203339	harbor1	chr20	36061755	36062233	LTR/ERVL-MaLR	1633	-	239	36061994	58655
chr20	36003339	36203339	harbor1	chr20	36081202	36081531	LTR/ERVL-MaLR	1688	-	164	36081366	78027
chr20	36003339	36203339	harbor1	chr20	36084387	36084827	LTR/ERVL-MaLR	1989	-	220	36084607	81268
chr20	36003339	36203339	harbor1	chr20	36085031	36085421	LTR/ERVL-MaLR	872	-	195	36085226	81887
chr20	36003339	36203339	harbor1	chr20	36098311	36098737	LTR/ERVL-MaLR	1851	-	213	36098524	95185
chr20	22038090	22238090	harbor1	chr20	22111522	22111877	LTR/ERVL-MaLR	2052	-	178	22111700	73610
chr20	22038090	22238090	harbor1	chr20	22136899	22137265	LTR/ERVL-MaLR	2117	-	183	22137082	98992
chr20	22038090	22238090	harbor1	chr20	22137266	22137959	LTR/ERVL-MaLR	5131	-	346	22137612	99522
chr20	54215015	54415015	harbor1	chr20	54235111	54235543	LTR/ERVL-MaLR	442	-	216	54235327	20312
chr20	54215015	54415015	harbor1	chr20	54236110	54236656	LTR/ERVL-MaLR	2330	-	273	54236383	21368
chr20	54215015	54415015	harbor1	chr20	54279478	54279852	LTR/ERVL-MaLR	1593	-	187	54279665	64650
chr20	54215015	54415015	harbor1	chr20	54282950	54283359	LTR/ERVL-MaLR	407	-	204	54283154	68139
chr20	54215015	54415015	harbor1	chr20	54287651	54288012	LTR/ERVL-MaLR	497	-	180	54287831	72816
chr20	54215015	54415015	harbor1	chr20	54296187	54296563	LTR/ERVL-MaLR	2471	-	188	54296375	81360
chr20	54215015	54415015	harbor1	chr20	54296994	54297358	LTR/ERVL-MaLR	769	-	182	54297176	82161
chr20	54215015	54415015	harbor1	chr20	54298595	54299086	LTR/ERVL-MaLR	2050	-	246	54298841	83826
chr20	54215015	54415015	harbor1	chr20	54303313	54303604	LTR/ERVL-MaLR	601	-	146	54303459	88444
chr20	54215015	54415015	harbor1	chr20	54306252	54306611	LTR/ERVL-MaLR	2128	-	180	54306432	91417
chr20	54215015	54415015	harbor1	chr20	54307239	54307632	LTR/ERVL-MaLR	837	-	196	54307435	92420
chr20	54215015	54415015	harbor1	chr20	54310644	54311039	LTR/ERVL-MaLR	1934	-	198	54310842	95827
chr20	54215015	54415015	harbor1	chr20	54311677	54312054	LTR/ERVL-MaLR	1484	-	188	54311865	96850
chr20	52827509	53027509	harbor1	chr20	52878483	52878799	LTR/ERVL-MaLR	1755	-	158	52878641	51132
chr20	52827509	53027509	harbor1	chr20	52879347	52879523	LTR/ERVL-MaLR	1755	-	88	52879435	51926
chr20	52827509	53027509	harbor1	chr20	52893143	52893361	LTR/ERVL-MaLR	447	-	109	52893252	65743
chr20	52827509	53027509	harbor1	chr20	52896751	52897114	LTR/ERVL-MaLR	2140	-	182	52896933	69424
chr20	52827509	53027509	harbor1	chr20	52897866	52898477	LTR/ERVL-MaLR	1469	-	306	52898172	70663
chr20	52827509	53027509	harbor1	chr20	52903284	52903665	LTR/ERVL-MaLR	2206	-	190	52903474	75965
chr20	52827509	53027509	harbor1	chr20	52918156	52918617	LTR/ERVL-MaLR	1416	-	230	52918386	90877
chr20	53709583	53909583	harbor1	chr20	53732708	53732839	LTR/ERVL-MaLR	504	-	66	53732774	23191
chr20	53709583	53909583	harbor1	chr20	53749870	53749984	LTR/ERVL-MaLR	474	-	57	53749927	40344
chr20	53709583	53909583	harbor1	chr20	53776619	53776682	LTR/ERVL-MaLR	425	-	32	53776651	67068
chr20	53709583	53909583	harbor1	chr20	53777310	53777339	LTR/ERVL-MaLR	425	-	14	53777324	67741
chr20	21489436	21689436	harbor1	chr20	21489102	21489442	LTR/ERVL-MaLR	1197	-	170	21489272	164
chr20	21489436	21689436	harbor1	chr20	21490366	21490753	LTR/ERVL-MaLR	1786	-	194	21490560	1124
chr20	21489436	21689436	harbor1	chr20	21502121	21502468	LTR/ERVL-MaLR	1931	-	174	21502295	12859
chr20	21489436	21689436	harbor1	chr20	21528683	21529091	LTR/ERVL-MaLR	1614	-	204	21528887	39451
chr20	21489436	21689436	harbor1	chr20	21541239	21541635	LTR/ERVL-MaLR	1971	-	198	21541437	52001
chr20	21489436	21689436	harbor1	chr20	21541636	21541745	LTR/ERVL-MaLR	1001	-	54	21541690	52254
chr20	21489436	21689436	harbor1	chr20	21542003	21542371	LTR/ERVL-MaLR	1001	-	184	21542187	52751
chr20	21489436	21689436	harbor1	chr20	21542699	21542763	LTR/ERVL-MaLR	1421	-	32	21542731	53295
chr20	21489436	21689436	harbor1	chr20	21543075	21543505	LTR/ERVL-MaLR	1421	-	215	21543290	53854
chr20	21489436	21689436	harbor1	chr20	21544346	21544757	LTR/ERVL-MaLR	2360	-	206	21544552	55116
chr20	21489436	21689436	harbor1	chr20	21546334	21546778	LTR/ERVL-MaLR	561	-	222	21546556	57120
chr20	21489436	21689436	harbor1	chr20	21561890	21562410	LTR/ERVL-MaLR	1490	-	260	21562150	72714
chr20	21489436	21689436	harbor1	chr20	21581339	21581763	LTR/ERVL-MaLR	2226	-	212	21581551	92115
chr20	44313649	44513649	harbor1	chr20	44364898	44364992	LTR/ERVL-MaLR	407	-	47	44364945	51296
chr20	44313649	44513649	harbor1	chr20	44384439	44384569	LTR/ERVL-MaLR	428	-	65	44384504	70855
chr20	44313649	44513649	harbor1	chr20	44384610	44384776	LTR/ERVL-MaLR	716	-	83	44384693	71044
chr20	889859	1089859	harbor1	chr20	920230	920723	LTR/ERVL-MaLR	998	-	246	920476	30617
chr20	889859	1089859	harbor1	chr20	921640	922145	LTR/ERVL-MaLR	1444	-	252	921892	32033
chr20	889859	1089859	harbor1	chr20	936071	936140	LTR/ERVL-MaLR	1852	-	34	936105	46246
chr20	889859	1089859	harbor1	chr20	936434	936725	LTR/ERVL-MaLR	1852	-	146	936580	46721
chr20	889859	1089859	harbor1	chr20	947874	948049	LTR/ERVL-MaLR	874	-	88	947962	58103
chr20	889859	1089859	harbor1	chr20	948915	949272	LTR/ERVL-MaLR	1907	-	178	949093	59234
chr20	889859	1089859	harbor1	chr20	954877	955038	LTR/ERVL-MaLR	603	-	80	954957	65098
chr20	16978792	17178792	harbor1	chr20	17008826	17009204	LTR/ERVL-MaLR	1653	-	189	17009015	30223
chr20	16978792	17178792	harbor1	chr20	17041663	17042240	LTR/ERVL-MaLR	807	-	288	17041951	63159
chr20	16978792	17178792	harbor1	chr20	17052933	17053295	LTR/ERVL-MaLR	2188	-	181	17053114	74322
chr20	16978792	17178792	harbor1	chr20	17061715	17062168	LTR/ERVL-MaLR	1163	-	226	17061941	83149
chr20	16978792	17178792	harbor1	chr20	17064626	17064979	LTR/ERVL-MaLR	1490	-	176	17064802	86010
chr20	4199183	4399183	harbor1	chr20	4255815	4256246	LTR/ERVL-MaLR	769	-	216	4256031	56848
chr20	4199183	4399183	harbor1	chr20	4267925	4268153	LTR/ERVL-MaLR	1561	-	114	4268039	68856
chr20	4199183	4399183	harbor1	chr20	4268450	4268609	LTR/ERVL-MaLR	1561	-	80	4268530	69347
chr20	4199183	4399183	harbor1	chr20	4268743	4269133	LTR/ERVL-MaLR	2003	-	195	4268938	69755
chr20	4199183	4399183	harbor1	chr20	4273615	4273873	LTR/ERVL-MaLR	1856	-	129	4273744	74561
chr20	4199183	4399183	harbor1	chr20	4282727	4283030	LTR/ERVL-MaLR	604	-	152	4282879	83696
chr20	52133261	52333261	harbor1	chr20	52213690	52214101	LTR/ERVL-MaLR	1986	-	206	52213896	80635
chr20	52133261	52333261	harbor1	chr20	52220172	52220543	LTR/ERVL-MaLR	2458	-	186	52220358	87097
chr20	52133261	52333261	harbor1	chr20	52220550	52221967	LTR/ERVL-MaLR	9543	-	708	52221258	87997
chr20	52133261	52333261	harbor1	chr20	52221970	52222012	LTR/ERVL-MaLR	1668	-	21	52221991	88730
chr20	52133261	52333261	harbor1	chr20	52222310	52222539	LTR/ERVL-MaLR	1668	-	114	52222424	89163
chr20	52133261	52333261	harbor1	chr20	52224171	52224524	LTR/ERVL-MaLR	1253	-	176	52224347	91086
chr20	4288513	4488513	harbor1	chr20	4307824	4308300	LTR/ERVL-MaLR	2315	-	238	4308062	19549
chr20	4288513	4488513	harbor1	chr20	4316674	4317079	LTR/ERVL-MaLR	1861	-	202	4316876	28363
chr20	4288513	4488513	harbor1	chr20	4319293	4319490	LTR/ERVL-MaLR	781	-	98	4319391	30878
chr20	4288513	4488513	harbor1	chr20	4320460	4320613	LTR/ERVL-MaLR	557	-	76	4320536	32023
chr20	4288513	4488513	harbor1	chr20	4326627	4327160	LTR/ERVL-MaLR	1225	-	266	4326893	38380
chr20	4288513	4488513	harbor1	chr20	4330284	4330580	LTR/ERVL-MaLR	2285	-	148	4330432	41919
chr20	4288513	4488513	harbor1	chr20	4330886	4330982	LTR/ERVL-MaLR	2285	-	48	4330934	42421
chr20	4288513	4488513	harbor1	chr20	4340796	4341006	LTR/ERVL-MaLR	932	-	105	4340901	52388
chr20	4288513	4488513	harbor1	chr20	4341298	4341493	LTR/ERVL-MaLR	932	-	98	4341396	52883
chr20	4288513	4488513	harbor1	chr20	4360117	4360497	LTR/ERVL-MaLR	2229	-	190	4360307	71794
chr20	4288513	4488513	harbor1	chr20	4378978	4379412	LTR/ERVL-MaLR	1518	-	217	4379195	90682
chr20	43649659	43849659	harbor1	chr20	43703781	43704013	LTR/ERVL-MaLR	1299	-	116	43703897	54238
chr20	43649659	43849659	harbor1	chr20	43704316	43704430	LTR/ERVL-MaLR	1299	-	57	43704373	54714
chr20	43649659	43849659	harbor1	chr20	43728841	43729192	LTR/ERVL-MaLR	882	-	176	43729017	79358
chr20	45816552	46016552	harbor1	chr20	45860052	45860233	LTR/ERVL-MaLR	1942	-	90	45860142	43590
chr20	45816552	46016552	harbor1	chr20	45860539	45860895	LTR/ERVL-MaLR	1942	-	178	45860717	44165
chr20	38458967	38658967	harbor1	chr20	38469670	38470224	LTR/ERVL-MaLR	1734	-	277	38469947	10980
chr20	38458967	38658967	harbor1	chr20	38471292	38471654	LTR/ERVL-MaLR	534	-	181	38471473	12506
chr20	38458967	38658967	harbor1	chr20	38481299	38481673	LTR/ERVL-MaLR	2271	-	187	38481486	22519
chr20	38458967	38658967	harbor1	chr20	38510947	38511249	LTR/ERVL-MaLR	893	-	151	38511098	52131
chr20	38458967	38658967	harbor1	chr20	38516959	38517402	LTR/ERVL-MaLR	859	-	222	38517181	58214
chr20	32123577	32323577	harbor1	chr20	32162880	32162991	LTR/ERVL-MaLR	468	-	56	32162936	39359
chr20	32123577	32323577	harbor1	chr20	32163297	32163478	LTR/ERVL-MaLR	468	-	90	32163387	39810
chr20	32123577	32323577	harbor1	chr20	32167566	32168078	LTR/ERVL-MaLR	543	-	256	32167822	44245
chr20	32123577	32323577	harbor1	chr20	32219448	32219508	LTR/ERVL-MaLR	529	-	30	32219478	95901
chr20	32123577	32323577	harbor1	chr20	32219797	32219863	LTR/ERVL-MaLR	529	-	33	32219830	96253
chr20	32123577	32323577	harbor1	chr20	32220755	32221070	LTR/ERVL-MaLR	698	-	158	32220913	97336
chr20	32123577	32323577	harbor1	chr20	32221875	32222016	LTR/ERVL-MaLR	1269	-	70	32221945	98368
chr20	32123577	32323577	harbor1	chr20	32222321	32222575	LTR/ERVL-MaLR	1269	-	127	32222448	98871
chr20	48877355	49077355	harbor1	chr20	48877298	48877639	LTR/ERVL-MaLR	881	-	170	48877468	113
chr20	48877355	49077355	harbor1	chr20	48880293	48880804	LTR/ERVL-MaLR	1357	-	256	48880549	3194
chr20	48877355	49077355	harbor1	chr20	48888029	48888379	LTR/ERVL-MaLR	2677	-	175	48888204	10849
chr20	48877355	49077355	harbor1	chr20	48893396	48893909	LTR/ERVL-MaLR	1942	-	256	48893652	16297
chr20	48877355	49077355	harbor1	chr20	48899993	48900179	LTR/ERVL-MaLR	566	-	93	48900086	22731
chr20	48877355	49077355	harbor1	chr20	48909707	48910185	LTR/ERVL-MaLR	1489	-	239	48909946	32591
chr20	48877355	49077355	harbor1	chr20	48911708	48911765	LTR/ERVL-MaLR	975	-	28	48911736	34381
chr20	48877355	49077355	harbor1	chr20	48911810	48911984	LTR/ERVL-MaLR	975	-	87	48911897	34542
chr20	48877355	49077355	harbor1	chr20	48914582	48914771	LTR/ERVL-MaLR	493	-	94	48914676	37321
chr20	48877355	49077355	harbor1	chr20	48919083	48919256	LTR/ERVL-MaLR	554	-	86	48919169	41814
chr20	48877355	49077355	harbor1	chr20	48919657	48919812	LTR/ERVL-MaLR	594	-	78	48919735	42380
chr20	48877355	49077355	harbor1	chr20	48930057	48930374	LTR/ERVL-MaLR	1315	-	158	48930215	52860
chr20	48877355	49077355	harbor1	chr20	48944886	48945249	LTR/ERVL-MaLR	1749	-	182	48945068	67713
chr20	48877355	49077355	harbor1	chr20	48957036	48957304	LTR/ERVL-MaLR	554	-	134	48957170	79815
chr20	48877355	49077355	harbor1	chr20	48906129	48906266	LTR/ERVL-MaLR	596	-	68	48906197	28842
chr20	10985608	11185608	harbor1	chr20	11005760	11005825	LTR/ERVL-MaLR	420	-	32	11005792	20184
chr20	10985608	11185608	harbor1	chr20	11006233	11006667	LTR/ERVL-MaLR	1473	-	217	11006450	20842
chr20	10985608	11185608	harbor1	chr20	11025758	11026100	LTR/ERVL-MaLR	431	-	171	11025929	40321
chr20	10985608	11185608	harbor1	chr20	11030802	11031257	LTR/ERVL-MaLR	2119	-	228	11031030	45422
chr20	10985608	11185608	harbor1	chr20	11031389	11031901	LTR/ERVL-MaLR	1730	-	256	11031645	46037
chr20	10985608	11185608	harbor1	chr20	11078087	11078515	LTR/ERVL-MaLR	2467	-	214	11078301	92693
chr20	54634082	54834082	harbor1	chr20	54635868	54636104	LTR/ERVL-MaLR	1083	-	118	54635986	1904
chr20	54634082	54834082	harbor1	chr20	54636822	54636936	LTR/ERVL-MaLR	1083	-	57	54636879	2797
chr20	54634082	54834082	harbor1	chr20	54643129	54643313	LTR/ERVL-MaLR	524	-	92	54643221	9139
chr20	54634082	54834082	harbor1	chr20	54694003	54694328	LTR/ERVL-MaLR	1326	-	162	54694165	60083
chr20	54634082	54834082	harbor1	chr20	54694329	54694694	LTR/ERVL-MaLR	2284	-	182	54694511	60429
chr20	54634082	54834082	harbor1	chr20	54694695	54694816	LTR/ERVL-MaLR	1326	-	60	54694755	60673
chr20	54634082	54834082	harbor1	chr20	54708515	54708890	LTR/ERVL-MaLR	1463	-	188	54708703	74621
chr20	54634082	54834082	harbor1	chr20	54717199	54717553	LTR/ERVL-MaLR	2262	-	177	54717376	83294
chr20	34388387	34588387	harbor1	chr20	34458511	34458939	LTR/ERVL-MaLR	1791	-	214	34458725	70338
chr20	34388387	34588387	harbor1	chr20	34469042	34469222	LTR/ERVL-MaLR	424	-	90	34469132	80745
chr20	34388387	34588387	harbor1	chr20	34469259	34469296	LTR/ERVL-MaLR	424	-	18	34469277	80890
chr20	34388387	34588387	harbor1	chr20	34469591	34469761	LTR/ERVL-MaLR	424	-	85	34469676	81289
chr20	34388387	34588387	harbor1	chr20	34481515	34481730	LTR/ERVL-MaLR	1857	-	108	34481623	93236
chr20	34388387	34588387	harbor1	chr20	34482022	34482205	LTR/ERVL-MaLR	1857	-	92	34482114	93727
chr20	34388387	34588387	harbor1	chr20	34482206	34483800	LTR/ERVL-MaLR	11219	-	797	34483003	94616
chr20	34388387	34588387	harbor1	chr20	34483801	34484154	LTR/ERVL-MaLR	2151	-	176	34483977	95590
chr20	17792169	17992169	harbor1	chr20	17797898	17798141	LTR/ERVL-MaLR	587	-	122	17798020	5851
chr20	17792169	17992169	harbor1	chr20	17819375	17819734	LTR/ERVL-MaLR	1531	-	180	17819555	27386
chr20	17792169	17992169	harbor1	chr20	17819880	17820405	LTR/ERVL-MaLR	1828	-	262	17820142	27973
chr20	17792169	17992169	harbor1	chr20	17826282	17826740	LTR/ERVL-MaLR	930	-	229	17826511	34342
chr20	17792169	17992169	harbor1	chr20	17850095	17850589	LTR/ERVL-MaLR	1524	-	247	17850342	58173
chr20	17792169	17992169	harbor1	chr20	17857163	17857659	LTR/ERVL-MaLR	1523	-	248	17857411	65242
chr20	17792169	17992169	harbor1	chr20	17860829	17861352	LTR/ERVL-MaLR	1177	-	262	17861091	68922
chr20	17792169	17992169	harbor1	chr20	17889317	17889810	LTR/ERVL-MaLR	1759	-	246	17889563	97394
chr20	24247870	24447870	harbor1	chr20	24283919	24284278	LTR/ERVL-MaLR	2201	-	180	24284099	36229
chr20	24247870	24447870	harbor1	chr20	24315122	24315689	LTR/ERVL-MaLR	1565	-	284	24315406	67536
chr20	24247870	24447870	harbor1	chr20	24319868	24320339	LTR/ERVL-MaLR	1275	-	236	24320104	72234
chr20	24247870	24447870	harbor1	chr20	24340906	24341404	LTR/ERVL-MaLR	1181	-	249	24341155	93285
chr20	38117564	38317564	harbor1	chr20	38198589	38199091	LTR/ERVL-MaLR	1852	-	251	38198840	81276
chr20	38278937	38478937	harbor1	chr20	38280115	38280154	LTR/ERVL-MaLR	2106	-	20	38280135	1198
chr20	38278937	38478937	harbor1	chr20	38280461	38280801	LTR/ERVL-MaLR	2106	-	170	38280631	1694
chr20	38278937	38478937	harbor1	chr20	38280802	38282371	LTR/ERVL-MaLR	10985	-	784	38281586	2649
chr20	38278937	38478937	harbor1	chr20	38282375	38282730	LTR/ERVL-MaLR	2138	-	178	38282553	3616
chr20	38278937	38478937	harbor1	chr20	38284897	38285385	LTR/ERVL-MaLR	2389	-	244	38285141	6204
chr20	38278937	38478937	harbor1	chr20	38286178	38286581	LTR/ERVL-MaLR	1417	-	202	38286380	7443
chr20	38278937	38478937	harbor1	chr20	38293126	38293234	LTR/ERVL-MaLR	500	-	54	38293180	14243
chr20	38278937	38478937	harbor1	chr20	38308163	38308448	LTR/ERVL-MaLR	651	-	142	38308305	29368
chr20	38278937	38478937	harbor1	chr20	38309335	38309720	LTR/ERVL-MaLR	490	-	192	38309527	30590
chr20	38278937	38478937	harbor1	chr20	38317240	38317739	LTR/ERVL-MaLR	1153	-	250	38317490	38553
chr20	38278937	38478937	harbor1	chr20	38325285	38325674	LTR/ERVL-MaLR	1600	-	194	38325479	46542
chr20	38278937	38478937	harbor1	chr20	38330491	38330963	LTR/ERVL-MaLR	1467	-	236	38330727	51790
chr20	38278937	38478937	harbor1	chr20	38344758	38344927	LTR/ERVL-MaLR	555	-	84	38344842	65905
chr20	38278937	38478937	harbor1	chr20	38351528	38351738	LTR/ERVL-MaLR	1910	-	105	38351633	72696
chr20	38278937	38478937	harbor1	chr20	38352065	38352277	LTR/ERVL-MaLR	1910	-	106	38352171	73234
chr20	38278937	38478937	harbor1	chr20	38371537	38372078	LTR/ERVL-MaLR	1183	-	270	38371807	92870
chr20	41770379	41970379	harbor1	chr20	41777378	41777737	LTR/ERVL-MaLR	964	-	180	41777558	7179
chr20	41770379	41970379	harbor1	chr20	41808026	41808259	LTR/ERVL-MaLR	2044	-	116	41808142	37763
chr20	41770379	41970379	harbor1	chr20	41808725	41808740	LTR/ERVL-MaLR	2044	-	8	41808733	38354
chr20	41770379	41970379	harbor1	chr20	41809049	41809247	LTR/ERVL-MaLR	2044	-	99	41809148	38769
chr20	41770379	41970379	harbor1	chr20	41830594	41831090	LTR/ERVL-MaLR	1308	-	248	41830842	60463
chr20	41770379	41970379	harbor1	chr20	41841891	41842269	LTR/ERVL-MaLR	2346	-	189	41842080	71701
chr20	41770379	41970379	harbor1	chr20	41849477	41849942	LTR/ERVL-MaLR	1028	-	232	41849709	79330
chr20	41770379	41970379	harbor1	chr20	41849943	41850261	LTR/ERVL-MaLR	1052	-	159	41850102	79723
chr20	41770379	41970379	harbor1	chr20	41850464	41850693	LTR/ERVL-MaLR	436	-	114	41850578	80199
chr20	41770379	41970379	harbor1	chr20	41851452	41851653	LTR/ERVL-MaLR	475	-	100	41851552	81173
chr20	41770379	41970379	harbor1	chr20	41851680	41851838	LTR/ERVL-MaLR	412	-	79	41851759	81380
chr20	41770379	41970379	harbor1	chr20	41852711	41852969	LTR/ERVL-MaLR	908	-	129	41852840	82461
chr20	41770379	41970379	harbor1	chr20	41860255	41860585	LTR/ERVL-MaLR	1021	-	165	41860420	90041
chr20	41770379	41970379	harbor1	chr20	41865933	41866289	LTR/ERVL-MaLR	935	-	178	41866111	95732
chr20	41770379	41970379	harbor1	chr20	41870250	41870397	LTR/ERVL-MaLR	568	-	74	41870324	99945
chr20	4764491	4964491	harbor1	chr20	4773066	4773423	LTR/ERVL-MaLR	2127	-	178	4773244	8753
chr20	4764491	4964491	harbor1	chr20	4837823	4838080	LTR/ERVL-MaLR	513	-	128	4837951	73460
chr20	4764491	4964491	harbor1	chr20	4840153	4840639	LTR/ERVL-MaLR	1453	-	243	4840396	75905
chr20	4764491	4964491	harbor1	chr20	4800347	4800657	LTR/ERVL-MaLR	1378	-	155	4800502	36011
chr20	8532838	8732838	harbor1	chr20	8536492	8536844	LTR/ERVL-MaLR	409	-	176	8536668	3830
chr20	8532838	8732838	harbor1	chr20	8569877	8570315	LTR/ERVL-MaLR	528	-	219	8570096	37258
chr20	8532838	8732838	harbor1	chr20	8589380	8589610	LTR/ERVL-MaLR	2119	-	115	8589495	56657
chr20	8532838	8732838	harbor1	chr20	8589919	8590075	LTR/ERVL-MaLR	2119	-	78	8589997	57159
chr20	8532838	8732838	harbor1	chr20	8590477	8590817	LTR/ERVL-MaLR	1844	-	170	8590647	57809
chr20	8532838	8732838	harbor1	chr20	8591193	8591322	LTR/ERVL-MaLR	1844	-	64	8591257	58419
chr20	15172802	15372802	harbor1	chr20	15178041	15178307	LTR/ERVL-MaLR	448	-	133	15178174	5372
chr20	15172802	15372802	harbor1	chr20	15179848	15180243	LTR/ERVL-MaLR	1848	-	198	15180046	7244
chr20	15172802	15372802	harbor1	chr20	15184387	15184748	LTR/ERVL-MaLR	851	-	180	15184567	11765
chr20	15172802	15372802	harbor1	chr20	15202752	15203047	LTR/ERVL-MaLR	471	-	148	15202900	30098
chr20	15172802	15372802	harbor1	chr20	15205816	15205930	LTR/ERVL-MaLR	438	-	57	15205873	33071
chr20	15172802	15372802	harbor1	chr20	15252299	15252597	LTR/ERVL-MaLR	864	-	149	15252448	79646
chr20	15172802	15372802	harbor1	chr20	15271090	15271447	LTR/ERVL-MaLR	1997	-	178	15271268	98466
chr20	53491436	53691436	harbor1	chr20	53522769	53522920	LTR/ERVL-MaLR	447	-	76	53522845	31409
chr20	53491436	53691436	harbor1	chr20	53528553	53528599	LTR/ERVL-MaLR	1236	-	23	53528576	37140
chr20	53491436	53691436	harbor1	chr20	53528903	53529294	LTR/ERVL-MaLR	1236	-	196	53529099	37663
chr20	53491436	53691436	harbor1	chr20	53549741	53549779	LTR/ERVL-MaLR	2448	-	19	53549760	58324
chr20	53491436	53691436	harbor1	chr20	53550084	53550462	LTR/ERVL-MaLR	2448	-	189	53550273	58837
chr20	53598138	53798138	harbor1	chr20	53665443	53665523	LTR/ERVL-MaLR	637	-	40	53665483	67345
chr20	53598138	53798138	harbor1	chr20	53666128	53666299	LTR/ERVL-MaLR	637	-	86	53666214	68076
chr20	52368674	52568674	harbor1	chr20	52371445	52371850	LTR/ERVL-MaLR	892	-	202	52371647	2973
chr20	52368674	52568674	harbor1	chr20	52385895	52386295	LTR/ERVL-MaLR	1348	-	200	52386095	17421
chr20	52368674	52568674	harbor1	chr20	52386762	52386863	LTR/ERVL-MaLR	514	-	50	52386812	18138
chr20	52368674	52568674	harbor1	chr20	52413461	52413677	LTR/ERVL-MaLR	1852	-	108	52413569	44895
chr20	52368674	52568674	harbor1	chr20	52413983	52414204	LTR/ERVL-MaLR	1852	-	110	52414093	45419
chr20	52368674	52568674	harbor1	chr20	52417856	52418416	LTR/ERVL-MaLR	1924	-	280	52418136	49462
chr20	52368674	52568674	harbor1	chr20	52429294	52429495	LTR/ERVL-MaLR	1270	-	100	52429394	60720
chr20	52368674	52568674	harbor1	chr20	52430366	52430542	LTR/ERVL-MaLR	1012	-	88	52430454	61780
chr20	52368674	52568674	harbor1	chr20	52431316	52431673	LTR/ERVL-MaLR	2635	-	178	52431494	62820
chr20	52368674	52568674	harbor1	chr20	52454599	52454994	LTR/ERVL-MaLR	782	-	198	52454797	86123
chr20	52368674	52568674	harbor1	chr20	52455497	52455758	LTR/ERVL-MaLR	1516	-	130	52455627	86953
chr20	52368674	52568674	harbor1	chr20	52465306	52465627	LTR/ERVL-MaLR	1372	-	160	52465466	96792
chr20	3749752	3949752	harbor1	chr20	3774883	3775060	LTR/ERVL-MaLR	799	-	88	3774971	25219
chr21	14701832	14901832	harbor1	chr21	14707638	14707985	LTR/ERVL-MaLR	1860	-	174	14707812	5980
chr21	14701832	14901832	harbor1	chr21	14717741	14718137	LTR/ERVL-MaLR	1349	-	198	14717939	16107
chr21	14701832	14901832	harbor1	chr21	14744451	14744793	LTR/ERVL-MaLR	1635	-	171	14744622	42790
chr21	14701832	14901832	harbor1	chr21	14746375	14746764	LTR/ERVL-MaLR	2087	-	194	14746569	44737
chr21	14701832	14901832	harbor1	chr21	14747090	14747467	LTR/ERVL-MaLR	1672	-	188	14747278	45446
chr21	14701832	14901832	harbor1	chr21	14763753	14764150	LTR/ERVL-MaLR	714	-	198	14763951	62119
chr21	14701832	14901832	harbor1	chr21	14772077	14772460	LTR/ERVL-MaLR	2111	-	192	14772269	70437
chr21	14701832	14901832	harbor1	chr21	14790015	14790379	LTR/ERVL-MaLR	2328	-	182	14790197	88365
chr21	14701832	14901832	harbor1	chr21	14744794	14746373	LTR/ERVL-MaLR	10320	-	790	14745584	43752
chr21	15538027	15738027	harbor1	chr21	15549668	15550179	LTR/ERVL-MaLR	1331	-	256	15549924	11897
chr21	15538027	15738027	harbor1	chr21	15550405	15550890	LTR/ERVL-MaLR	1746	-	242	15550647	12620
chr21	15538027	15738027	harbor1	chr21	15561803	15562070	LTR/ERVL-MaLR	1972	-	134	15561937	23910
chr21	15538027	15738027	harbor1	chr21	15562445	15562564	LTR/ERVL-MaLR	1972	-	60	15562505	24478
chr21	15538027	15738027	harbor1	chr21	15567820	15568187	LTR/ERVL-MaLR	1501	-	184	15568004	29977
chr21	15538027	15738027	harbor1	chr21	15598985	15599180	LTR/ERVL-MaLR	665	-	98	15599083	61056
chr21	15538027	15738027	harbor1	chr21	15620878	15621245	LTR/ERVL-MaLR	1980	-	184	15621062	83035
chr21	15538027	15738027	harbor1	chr21	15623262	15623614	LTR/ERVL-MaLR	2219	-	176	15623438	85411
chr21	15538027	15738027	harbor1	chr21	15633407	15633778	LTR/ERVL-MaLR	1877	-	186	15633593	95566
chr21	45696881	45896881	harbor1	chr21	45699547	45699909	LTR/ERVL-MaLR	2376	-	181	45699728	2847
chr21	45696881	45896881	harbor1	chr21	45699910	45700038	LTR/ERVL-MaLR	887	-	64	45699974	3093
chr21	45696881	45896881	harbor1	chr21	45716360	45716733	LTR/ERVL-MaLR	1610	-	186	45716546	19665
chr21	45696881	45896881	harbor1	chr21	45747014	45747372	LTR/ERVL-MaLR	2395	-	179	45747193	50312
chr21	45696881	45896881	harbor1	chr21	45762045	45762477	LTR/ERVL-MaLR	1028	-	216	45762261	65380
chr21	45696881	45896881	harbor1	chr21	45762784	45762847	LTR/ERVL-MaLR	1028	-	32	45762816	65935
chr21	15699057	15899057	harbor1	chr21	15699499	15699874	LTR/ERVL-MaLR	2571	-	188	15699687	630
chr21	15699057	15899057	harbor1	chr21	15721783	15722393	LTR/ERVL-MaLR	3075	-	305	15722088	23031
chr21	15699057	15899057	harbor1	chr21	15722394	15722810	LTR/ERVL-MaLR	2345	-	208	15722602	23545
chr21	15699057	15899057	harbor1	chr21	15727456	15727874	LTR/ERVL-MaLR	1630	-	209	15727665	28608
chr21	15699057	15899057	harbor1	chr21	15758604	15758957	LTR/ERVL-MaLR	2428	-	176	15758780	59723
chr21	8927204	9127204	harbor1	chr21	9016927	9017114	LTR/ERVL-MaLR	1270	-	94	9017021	89817
chr21	22522653	22722653	harbor1	chr21	22590852	22591228	LTR/ERVL-MaLR	2478	-	188	22591040	68387
chr21	22522653	22722653	harbor1	chr21	22593890	22594167	LTR/ERVL-MaLR	1191	-	138	22594028	71375
chr21	22522653	22722653	harbor1	chr21	22594239	22594743	LTR/ERVL-MaLR	1481	-	252	22594491	71838
chr21	22522653	22722653	harbor1	chr21	22618145	22618623	LTR/ERVL-MaLR	1296	-	239	22618384	95731
chr21	36005838	36205838	harbor1	chr21	36008996	36009602	LTR/ERVL-MaLR	1799	-	303	36009299	3461
chr21	36005838	36205838	harbor1	chr21	36009980	36010227	LTR/ERVL-MaLR	533	-	124	36010104	4266
chr21	36005838	36205838	harbor1	chr21	36098042	36098210	LTR/ERVL-MaLR	1011	-	84	36098126	92288
chr21	37348637	37548637	harbor1	chr21	37363632	37363991	LTR/ERVL-MaLR	1417	-	180	37363812	15175
chr21	37348637	37548637	harbor1	chr21	37373660	37373869	LTR/ERVL-MaLR	728	-	104	37373764	25127
chr21	37348637	37548637	harbor1	chr21	37385176	37385664	LTR/ERVL-MaLR	1286	-	244	37385420	36783
chr21	37348637	37548637	harbor1	chr21	37392413	37392724	LTR/ERVL-MaLR	1249	-	156	37392569	43932
chr21	37348637	37548637	harbor1	chr21	37392729	37393121	LTR/ERVL-MaLR	1658	-	196	37392925	44288
chr21	37348637	37548637	harbor1	chr21	37393653	37394099	LTR/ERVL-MaLR	495	-	223	37393876	45239
chr21	37348637	37548637	harbor1	chr21	37399924	37400408	LTR/ERVL-MaLR	1455	-	242	37400166	51529
chr21	37348637	37548637	harbor1	chr21	37429326	37429704	LTR/ERVL-MaLR	1887	-	189	37429515	80878
chr21	37348637	37548637	harbor1	chr21	37443704	37443993	LTR/ERVL-MaLR	1474	-	144	37443848	95211
chr21	42083860	42283860	harbor1	chr21	42087701	42088086	LTR/ERVL-MaLR	2108	-	192	42087893	4033
chr21	42083860	42283860	harbor1	chr21	42094841	42095089	LTR/ERVL-MaLR	1690	-	124	42094965	11105
chr21	42083860	42283860	harbor1	chr21	42095395	42095682	LTR/ERVL-MaLR	1690	-	144	42095539	11679
chr21	42083860	42283860	harbor1	chr21	42128848	42129262	LTR/ERVL-MaLR	1650	-	207	42129055	45195
chr21	42083860	42283860	harbor1	chr21	42133520	42133883	LTR/ERVL-MaLR	913	-	182	42133702	49842
chr21	42083860	42283860	harbor1	chr21	42139239	42139552	LTR/ERVL-MaLR	1763	-	156	42139395	55535
chr21	42083860	42283860	harbor1	chr21	42157592	42158057	LTR/ERVL-MaLR	1453	-	232	42157824	73964
chr21	42083860	42283860	harbor1	chr21	42174067	42174472	LTR/ERVL-MaLR	510	-	202	42174269	90409
chr21	31951876	32151876	harbor1	chr21	31960497	31960847	LTR/ERVL-MaLR	2474	-	175	31960672	8796
chr21	31951876	32151876	harbor1	chr21	31961880	31962280	LTR/ERVL-MaLR	1055	-	200	31962080	10204
chr21	31951876	32151876	harbor1	chr21	31984836	31985179	LTR/ERVL-MaLR	2368	-	172	31985008	33132
chr21	31951876	32151876	harbor1	chr21	31989124	31989295	LTR/ERVL-MaLR	927	-	86	31989210	37334
chr21	31951876	32151876	harbor1	chr21	32010377	32010783	LTR/ERVL-MaLR	2544	-	203	32010580	58704
chr21	31951876	32151876	harbor1	chr21	32011049	32011487	LTR/ERVL-MaLR	1892	-	219	32011268	59392
chr21	31951876	32151876	harbor1	chr21	32018067	32018112	LTR/ERVL-MaLR	583	-	22	32018089	66213
chr21	31951876	32151876	harbor1	chr21	32018418	32018486	LTR/ERVL-MaLR	583	-	34	32018452	66576
chr21	31951876	32151876	harbor1	chr21	32018487	32018831	LTR/ERVL-MaLR	1423	-	172	32018659	66783
chr21	31951876	32151876	harbor1	chr21	32018832	32018907	LTR/ERVL-MaLR	583	-	38	32018870	66994
chr21	31951876	32151876	harbor1	chr21	32020824	32020929	LTR/ERVL-MaLR	507	-	52	32020876	69000
chr21	31951876	32151876	harbor1	chr21	32034575	32034715	LTR/ERVL-MaLR	597	-	70	32034645	82769
chr21	31951876	32151876	harbor1	chr21	32051411	32051464	LTR/ERVL-MaLR	1974	-	26	32051437	99561
chr21	46571871	46771871	harbor1	chr21	46617056	46617426	LTR/ERVL-MaLR	2801	-	185	46617241	45370
chr21	46571871	46771871	harbor1	chr21	46625432	46625796	LTR/ERVL-MaLR	686	-	182	46625614	53743
chr21	46571871	46771871	harbor1	chr21	46625960	46626506	LTR/ERVL-MaLR	1126	-	273	46626233	54362
chr21	46571871	46771871	harbor1	chr21	46626687	46627153	LTR/ERVL-MaLR	507	-	233	46626920	55049
chr21	46571871	46771871	harbor1	chr21	46627202	46627578	LTR/ERVL-MaLR	2588	-	188	46627390	55519
chr21	46571871	46771871	harbor1	chr21	46628446	46628749	LTR/ERVL-MaLR	561	-	152	46628598	56727
chr21	46571871	46771871	harbor1	chr21	46646802	46647081	LTR/ERVL-MaLR	685	-	140	46646942	75071
chr21	46571871	46771871	harbor1	chr21	46671415	46671941	LTR/ERVL-MaLR	1279	-	263	46671678	99807
chr21	34627057	34827057	harbor1	chr21	34628729	34628881	LTR/ERVL-MaLR	1153	-	76	34628805	1748
chr21	34627057	34827057	harbor1	chr21	34629135	34629381	LTR/ERVL-MaLR	1673	-	123	34629258	2201
chr21	34627057	34827057	harbor1	chr21	34631628	34631865	LTR/ERVL-MaLR	696	-	118	34631746	4689
chr21	34627057	34827057	harbor1	chr21	34632843	34633137	LTR/ERVL-MaLR	1682	-	147	34632990	5933
chr21	34627057	34827057	harbor1	chr21	34633440	34633654	LTR/ERVL-MaLR	1682	-	107	34633547	6490
chr21	34627057	34827057	harbor1	chr21	34637049	34637438	LTR/ERVL-MaLR	1256	-	194	34637243	10186
chr21	34627057	34827057	harbor1	chr21	34678961	34679085	LTR/ERVL-MaLR	2012	-	62	34679023	51966
chr21	34627057	34827057	harbor1	chr21	34679086	34679445	LTR/ERVL-MaLR	2271	-	180	34679266	52209
chr21	34627057	34827057	harbor1	chr21	34679446	34681041	LTR/ERVL-MaLR	10707	-	798	34680244	53187
chr21	34627057	34827057	harbor1	chr21	34681042	34681408	LTR/ERVL-MaLR	2212	-	183	34681225	54168
chr21	34627057	34827057	harbor1	chr21	34681409	34681892	LTR/ERVL-MaLR	2012	-	242	34681651	54594
chr21	34627057	34827057	harbor1	chr21	34694991	34695495	LTR/ERVL-MaLR	1953	-	252	34695243	68186
chr21	34627057	34827057	harbor1	chr21	34706038	34706465	LTR/ERVL-MaLR	2675	-	214	34706252	79195
chr21	42874945	43074945	harbor1	chr21	42880309	42880929	LTR/ERVL-MaLR	1817	-	310	42880619	5674
chr21	42874945	43074945	harbor1	chr21	42881278	42881737	LTR/ERVL-MaLR	603	-	230	42881508	6563
chr21	26046952	26246952	harbor1	chr21	26103938	26104291	LTR/ERVL-MaLR	1238	-	176	26104114	57162
chr21	26046952	26246952	harbor1	chr21	26143918	26144293	LTR/ERVL-MaLR	2468	-	188	26144106	97154
chr21	10112149	10312149	harbor1	chr21	10129780	10130136	LTR/ERVL-MaLR	1462	-	178	10129958	17809
chr21	10112149	10312149	harbor1	chr21	10137543	10137878	LTR/ERVL-MaLR	1554	-	168	10137711	25562
chr21	10112149	10312149	harbor1	chr21	10154117	10154532	LTR/ERVL-MaLR	1976	-	208	10154325	42176
chr21	10112149	10312149	harbor1	chr21	10154533	10155403	LTR/ERVL-MaLR	4463	-	435	10154968	42819
chr21	10112149	10312149	harbor1	chr21	10156245	10156877	LTR/ERVL-MaLR	2116	-	316	10156561	44412
chr21	10112149	10312149	harbor1	chr21	10156878	10157270	LTR/ERVL-MaLR	2128	-	196	10157074	44925
chr21	13179579	13379579	harbor1	chr21	13210229	13210600	LTR/ERVL-MaLR	2062	-	186	13210415	30836
chr21	13179579	13379579	harbor1	chr21	13210626	13211022	LTR/ERVL-MaLR	2474	-	198	13210824	31245
chr21	13179579	13379579	harbor1	chr21	13265326	13265712	LTR/ERVL-MaLR	1842	-	193	13265519	85940
chr21	16346567	16546567	harbor1	chr21	16350221	16350560	LTR/ERVL-MaLR	1124	-	170	16350391	3824
chr21	16346567	16546567	harbor1	chr21	16350571	16350731	LTR/ERVL-MaLR	633	-	80	16350651	4084
chr21	16346567	16546567	harbor1	chr21	16417096	16417466	LTR/ERVL-MaLR	1956	-	185	16417281	70714
chr21	28917077	29117077	harbor1	chr21	29014017	29014305	LTR/ERVL-MaLR	1457	-	144	29014161	97084
chr21	28917077	29117077	harbor1	chr21	29014400	29014498	LTR/ERVL-MaLR	517	-	49	29014449	97372
chr21	5626133	5826133	harbor1	chr21	5717494	5717873	LTR/ERVL-MaLR	1412	-	190	5717684	91551
chr21	5626133	5826133	harbor1	chr21	5721748	5722075	LTR/ERVL-MaLR	704	-	164	5721912	95779
chr21	5626133	5826133	harbor1	chr21	5723199	5723539	LTR/ERVL-MaLR	1548	-	170	5723369	97236
chr21	30089444	30289444	harbor1	chr21	30112065	30112431	LTR/ERVL-MaLR	1764	-	183	30112248	22804
chr21	30089444	30289444	harbor1	chr21	30131915	30132278	LTR/ERVL-MaLR	1783	-	182	30132097	42653
chr21	30089444	30289444	harbor1	chr21	30132288	30133888	LTR/ERVL-MaLR	9517	-	800	30133088	43644
chr21	30089444	30289444	harbor1	chr21	30133889	30134249	LTR/ERVL-MaLR	1783	-	180	30134069	44625
chr21	30089444	30289444	harbor1	chr21	30150195	30150696	LTR/ERVL-MaLR	1504	-	250	30150445	61001
chr21	30089444	30289444	harbor1	chr21	30156793	30157149	LTR/ERVL-MaLR	2255	-	178	30156971	67527
chr21	30089444	30289444	harbor1	chr21	30161446	30161853	LTR/ERVL-MaLR	1578	-	204	30161650	72206
chr21	7545659	7745659	harbor1	chr21	7601928	7602249	LTR/ERVL-MaLR	865	-	160	7602088	56429
chr21	24459332	24659332	harbor1	chr21	24493438	24493729	LTR/ERVL-MaLR	1971	-	146	24493584	34252
chr21	24459332	24659332	harbor1	chr21	24505532	24505844	LTR/ERVL-MaLR	979	-	156	24505688	46356
chr21	24459332	24659332	harbor1	chr21	24507419	24507607	LTR/ERVL-MaLR	806	-	94	24507513	48181
chr21	24459332	24659332	harbor1	chr21	24516568	24516796	LTR/ERVL-MaLR	1028	-	114	24516682	57350
chr21	24459332	24659332	harbor1	chr21	24519459	24519687	LTR/ERVL-MaLR	1025	-	114	24519573	60241
chr21	24459332	24659332	harbor1	chr21	24522493	24522772	LTR/ERVL-MaLR	1017	-	140	24522633	63301
chr21	24459332	24659332	harbor1	chr21	24528697	24529065	LTR/ERVL-MaLR	2347	-	184	24528881	69549
chr21	24459332	24659332	harbor1	chr21	24536005	24536363	LTR/ERVL-MaLR	2272	-	179	24536184	76852
chr21	24459332	24659332	harbor1	chr21	24539837	24540231	LTR/ERVL-MaLR	1923	-	197	24540034	80702
chr21	24459332	24659332	harbor1	chr21	24540238	24541874	LTR/ERVL-MaLR	5444	-	818	24541056	81724
chr21	24459332	24659332	harbor1	chr21	24541876	24542284	LTR/ERVL-MaLR	1395	-	204	24542080	82748
chr21	24717275	24917275	harbor1	chr21	24719741	24720070	LTR/ERVL-MaLR	1627	-	164	24719905	2630
chr21	24717275	24917275	harbor1	chr21	24740627	24740742	LTR/ERVL-MaLR	581	-	58	24740685	23410
chr21	24717275	24917275	harbor1	chr21	24762323	24762680	LTR/ERVL-MaLR	1937	-	178	24762501	45226
chr21	24717275	24917275	harbor1	chr21	24762933	24763028	LTR/ERVL-MaLR	1937	-	48	24762981	45706
chr21	24717275	24917275	harbor1	chr21	24783974	24784306	LTR/ERVL-MaLR	1364	-	166	24784140	66865
chr21	24717275	24917275	harbor1	chr21	24804761	24805201	LTR/ERVL-MaLR	1599	-	220	24804981	87706
chr21	24717275	24917275	harbor1	chr21	24809002	24809158	LTR/ERVL-MaLR	1131	-	78	24809080	91805
chr21	28827894	29027894	harbor1	chr21	28843184	28843456	LTR/ERVL-MaLR	1007	-	136	28843320	15426
chr21	28827894	29027894	harbor1	chr21	28871175	28871547	LTR/ERVL-MaLR	2165	-	186	28871361	43467
chr21	28827894	29027894	harbor1	chr21	28871697	28872082	LTR/ERVL-MaLR	1278	-	192	28871889	43995
chr21	28827894	29027894	harbor1	chr21	28913077	28913439	LTR/ERVL-MaLR	1500	-	181	28913258	85364
chr21	39047235	39247235	harbor1	chr21	39047562	39047875	LTR/ERVL-MaLR	2101	-	156	39047718	483
chr21	39047235	39247235	harbor1	chr21	39057404	39057664	LTR/ERVL-MaLR	1376	-	130	39057534	10299
chr21	39047235	39247235	harbor1	chr21	39104921	39105244	LTR/ERVL-MaLR	1235	-	162	39105083	57848
chr21	39047235	39247235	harbor1	chr21	39118087	39118501	LTR/ERVL-MaLR	2457	-	207	39118294	71059
chr21	39047235	39247235	harbor1	chr21	39120035	39120470	LTR/ERVL-MaLR	1339	-	218	39120253	73018
chr21	39047235	39247235	harbor1	chr21	39130813	39131217	LTR/ERVL-MaLR	656	-	202	39131015	83780
chr21	39047235	39247235	harbor1	chr21	39131230	39131760	LTR/ERVL-MaLR	913	-	265	39131495	84260
chr21	39047235	39247235	harbor1	chr21	39143242	39143480	LTR/ERVL-MaLR	1006	-	119	39143361	96126
chr21	26791196	26991196	harbor1	chr21	26798421	26798911	LTR/ERVL-MaLR	2100	-	245	26798666	7470
chr21	26791196	26991196	harbor1	chr21	26806353	26806593	LTR/ERVL-MaLR	487	-	120	26806473	15277
chr21	26791196	26991196	harbor1	chr21	26824398	26824695	LTR/ERVL-MaLR	1962	-	148	26824546	33350
chr21	26791196	26991196	harbor1	chr21	26825016	26825125	LTR/ERVL-MaLR	1962	-	54	26825070	33874
chr21	26791196	26991196	harbor1	chr21	26826246	26826713	LTR/ERVL-MaLR	1983	-	234	26826480	35284
chr21	26791196	26991196	harbor1	chr21	26866281	26866487	LTR/ERVL-MaLR	1310	-	103	26866384	75188
chr21	26791196	26991196	harbor1	chr21	26867042	26867102	LTR/ERVL-MaLR	1310	-	30	26867072	75876
chr21	26791196	26991196	harbor1	chr21	26873488	26873573	LTR/ERVL-MaLR	533	-	42	26873530	82334
chr21	26791196	26991196	harbor1	chr21	26873679	26874017	LTR/ERVL-MaLR	1927	-	169	26873848	82652
chr21	26791196	26991196	harbor1	chr21	26874481	26874942	LTR/ERVL-MaLR	837	-	230	26874711	83515
chr21	39405883	39605883	harbor1	chr21	39417550	39417759	LTR/ERVL-MaLR	2461	-	104	39417654	11771
chr21	39405883	39605883	harbor1	chr21	39418065	39418250	LTR/ERVL-MaLR	2461	-	92	39418157	12274
chr21	39405883	39605883	harbor1	chr21	39447856	39448290	LTR/ERVL-MaLR	1365	-	217	39448073	42190
chr21	39405883	39605883	harbor1	chr21	39463842	39464230	LTR/ERVL-MaLR	1775	-	194	39464036	58153
chr21	39405883	39605883	harbor1	chr21	39466468	39466839	LTR/ERVL-MaLR	2646	-	186	39466654	60771
chr21	39405883	39605883	harbor1	chr21	39472138	39472491	LTR/ERVL-MaLR	1550	-	176	39472314	66431
chr21	39405883	39605883	harbor1	chr21	39498846	39499230	LTR/ERVL-MaLR	2289	-	192	39499038	93155
chr21	26760630	26960630	harbor1	chr21	26760635	26760878	LTR/ERVL-MaLR	843	-	122	26760757	127
chr21	26760630	26960630	harbor1	chr21	26780671	26780792	LTR/ERVL-MaLR	490	-	60	26780731	20101
chr21	26760630	26960630	harbor1	chr21	26781232	26781312	LTR/ERVL-MaLR	911	-	40	26781272	20642
chr21	26760630	26960630	harbor1	chr21	26781864	26782116	LTR/ERVL-MaLR	911	-	126	26781990	21360
chr21	26760630	26960630	harbor1	chr21	26798421	26798911	LTR/ERVL-MaLR	2100	-	245	26798666	38036
chr21	26760630	26960630	harbor1	chr21	26806353	26806593	LTR/ERVL-MaLR	487	-	120	26806473	45843
chr21	26760630	26960630	harbor1	chr21	26824398	26824695	LTR/ERVL-MaLR	1962	-	148	26824546	63916
chr21	26760630	26960630	harbor1	chr21	26825016	26825125	LTR/ERVL-MaLR	1962	-	54	26825070	64440
chr21	26760630	26960630	harbor1	chr21	26826246	26826713	LTR/ERVL-MaLR	1983	-	234	26826480	65850
chr21	29058413	29258413	harbor1	chr21	29082253	29082756	LTR/ERVL-MaLR	876	-	252	29082505	24092
chr21	29058413	29258413	harbor1	chr21	29096653	29097204	LTR/ERVL-MaLR	516	-	276	29096929	38516
chr21	29058413	29258413	harbor1	chr21	29101102	29101193	LTR/ERVL-MaLR	546	-	46	29101148	42735
chr21	13248638	13448638	harbor1	chr21	13265326	13265712	LTR/ERVL-MaLR	1842	-	193	13265519	16881
chr21	13248638	13448638	harbor1	chr21	13296168	13296539	LTR/ERVL-MaLR	2244	-	186	13296354	47716
chr22	44952498	45152498	harbor1	chr22	44988775	44989113	LTR/ERVL-MaLR	1461	-	169	44988944	36446
chr22	44952498	45152498	harbor1	chr22	45039296	45039639	LTR/ERVL-MaLR	1420	-	172	45039468	86970
chr22	24972654	25172654	harbor1	chr22	24983197	24983560	LTR/ERVL-MaLR	755	-	182	24983379	10725
chr22	24972654	25172654	harbor1	chr22	25006595	25007006	LTR/ERVL-MaLR	1934	-	206	25006801	34147
chr22	24972654	25172654	harbor1	chr22	25054313	25054460	LTR/ERVL-MaLR	608	-	74	25054387	81733
chr22	24972654	25172654	harbor1	chr22	25058658	25058903	LTR/ERVL-MaLR	689	-	122	25058780	86126
chr22	24972654	25172654	harbor1	chr22	25065609	25065632	LTR/ERVL-MaLR	510	-	12	25065621	92967
chr22	24972654	25172654	harbor1	chr22	25065936	25066132	LTR/ERVL-MaLR	1440	-	98	25066034	93380
chr22	24972654	25172654	harbor1	chr22	25066449	25066602	LTR/ERVL-MaLR	1440	-	76	25066525	93871
chr22	25608820	25808820	harbor1	chr22	25616189	25616594	LTR/ERVL-MaLR	1646	-	202	25616391	7571
chr22	25798460	25998460	harbor1	chr22	25807380	25807784	LTR/ERVL-MaLR	491	-	202	25807582	9122
chr22	25798460	25998460	harbor1	chr22	25830310	25830858	LTR/ERVL-MaLR	1265	-	274	25830584	32124
chr22	25798460	25998460	harbor1	chr22	25879682	25880063	LTR/ERVL-MaLR	2208	-	190	25879872	81412
chr22	34960747	35160747	harbor1	chr22	34974818	34975191	LTR/ERVL-MaLR	2047	-	186	34975004	14257
chr22	34960747	35160747	harbor1	chr22	34976298	34976730	LTR/ERVL-MaLR	1952	-	216	34976514	15767
chr22	34960747	35160747	harbor1	chr22	34988140	34988643	LTR/ERVL-MaLR	1174	-	252	34988392	27645
chr22	34960747	35160747	harbor1	chr22	34990852	34991261	LTR/ERVL-MaLR	1184	-	204	34991056	30309
chr22	34960747	35160747	harbor1	chr22	35004073	35004333	LTR/ERVL-MaLR	1449	-	130	35004203	43456
chr22	34960747	35160747	harbor1	chr22	35004636	35004726	LTR/ERVL-MaLR	1449	-	45	35004681	43934
chr22	34960747	35160747	harbor1	chr22	35018635	35018767	LTR/ERVL-MaLR	454	-	66	35018701	57954
chr22	34960747	35160747	harbor1	chr22	35023282	35023506	LTR/ERVL-MaLR	1088	-	112	35023394	62647
chr22	34960747	35160747	harbor1	chr22	35023805	35023885	LTR/ERVL-MaLR	1088	-	40	35023845	63098
chr22	34960747	35160747	harbor1	chr22	35036735	35037135	LTR/ERVL-MaLR	2156	-	200	35036935	76188
chr22	34960747	35160747	harbor1	chr22	35037835	35038204	LTR/ERVL-MaLR	2411	-	184	35038019	77272
chr22	48834009	49034009	harbor1	chr22	48841074	48841448	LTR/ERVL-MaLR	2317	-	187	48841261	7252
chr22	48834009	49034009	harbor1	chr22	48891865	48892199	LTR/ERVL-MaLR	1013	-	167	48892032	58023
chr22	48834009	49034009	harbor1	chr22	48904016	48904144	LTR/ERVL-MaLR	486	-	64	48904080	70071
chr22	48834009	49034009	harbor1	chr22	48925227	48925389	LTR/ERVL-MaLR	1009	-	81	48925308	91299
chr22	22875360	23075360	harbor1	chr22	22924229	22924787	LTR/ERVL-MaLR	1617	-	279	22924508	49148
chr22	22875360	23075360	harbor1	chr22	22947780	22948136	LTR/ERVL-MaLR	2281	-	178	22947958	72598
chr22	22875360	23075360	harbor1	chr22	22949583	22949704	LTR/ERVL-MaLR	717	-	60	22949643	74283
chr22	22875360	23075360	harbor1	chr22	22967794	22968169	LTR/ERVL-MaLR	2375	-	188	22967982	92622
chr22	22875360	23075360	harbor1	chr22	22968170	22968663	LTR/ERVL-MaLR	3660	-	246	22968416	93056
chr22	27398645	27598645	harbor1	chr22	27427449	27427652	LTR/ERVL-MaLR	449	-	102	27427551	28906
chr22	27398645	27598645	harbor1	chr22	27427760	27428030	LTR/ERVL-MaLR	969	-	135	27427895	29250
chr22	27398645	27598645	harbor1	chr22	27459742	27460296	LTR/ERVL-MaLR	1439	-	277	27460019	61374
chr22	27398645	27598645	harbor1	chr22	27464460	27464826	LTR/ERVL-MaLR	695	-	183	27464643	65998
chr22	27398645	27598645	harbor1	chr22	27486605	27487087	LTR/ERVL-MaLR	1280	-	241	27486846	88201
chr22	27398645	27598645	harbor1	chr22	27491168	27491556	LTR/ERVL-MaLR	1084	-	194	27491362	92717
chr22	27398645	27598645	harbor1	chr22	27492663	27493141	LTR/ERVL-MaLR	994	-	239	27492902	94257
chr22	23536621	23736621	harbor1	chr22	23571944	23572283	LTR/ERVL-MaLR	1927	-	170	23572114	35493
chr22	29186412	29386412	harbor1	chr22	29188204	29188626	LTR/ERVL-MaLR	1693	-	211	29188415	2003
chr22	17057474	17257474	harbor1	chr22	17062038	17062465	LTR/ERVL-MaLR	1718	-	214	17062252	4778
chr22	17057474	17257474	harbor1	chr22	17069969	17070323	LTR/ERVL-MaLR	1885	-	177	17070146	12672
chr22	17057474	17257474	harbor1	chr22	17079654	17079869	LTR/ERVL-MaLR	1175	-	108	17079762	22288
chr22	17057474	17257474	harbor1	chr22	17080147	17080308	LTR/ERVL-MaLR	1175	-	80	17080227	22753
chr22	17057474	17257474	harbor1	chr22	17083308	17083546	LTR/ERVL-MaLR	845	-	119	17083427	25953
chr22	50670269	50870269	harbor1	chr22	50724429	50724695	LTR/ERVL-MaLR	595	-	133	50724562	54293
chr22	25044341	25244341	harbor1	chr22	25054313	25054460	LTR/ERVL-MaLR	608	-	74	25054387	10046
chr22	25044341	25244341	harbor1	chr22	25058658	25058903	LTR/ERVL-MaLR	689	-	122	25058780	14439
chr22	25044341	25244341	harbor1	chr22	25065609	25065632	LTR/ERVL-MaLR	510	-	12	25065621	21280
chr22	25044341	25244341	harbor1	chr22	25065936	25066132	LTR/ERVL-MaLR	1440	-	98	25066034	21693
chr22	25044341	25244341	harbor1	chr22	25066449	25066602	LTR/ERVL-MaLR	1440	-	76	25066525	22184
chr22	25044341	25244341	harbor1	chr22	25083054	25083457	LTR/ERVL-MaLR	1972	-	202	25083256	38915
chr22	25044341	25244341	harbor1	chr22	25084578	25085126	LTR/ERVL-MaLR	1519	-	274	25084852	40511
chr22	25044341	25244341	harbor1	chr22	25108766	25109111	LTR/ERVL-MaLR	1566	-	172	25108938	64597
chr22	25044341	25244341	harbor1	chr22	25109408	25109573	LTR/ERVL-MaLR	1476	-	82	25109490	65149
chr22	25044341	25244341	harbor1	chr22	25117761	25117858	LTR/ERVL-MaLR	887	-	48	25117809	73468
chr22	25044341	25244341	harbor1	chr22	25118162	25118390	LTR/ERVL-MaLR	887	-	114	25118276	73935
chr22	25044341	25244341	harbor1	chr22	25138051	25138390	LTR/ERVL-MaLR	1134	-	170	25138221	93880
chr22	25044341	25244341	harbor1	chr22	25139984	25140361	LTR/ERVL-MaLR	1461	-	188	25140172	95831
chr22	25044341	25244341	harbor1	chr22	25140518	25140666	LTR/ERVL-MaLR	620	-	74	25140592	96251
chr22	21702152	21902152	harbor1	chr22	21754450	21754789	LTR/ERVL-MaLR	1421	-	170	21754620	52468
chr22	35207759	35407759	harbor1	chr22	35207614	35208834	LTR/ERVL-MaLR	7724	-	610	35208224	465
chr22	35207759	35407759	harbor1	chr22	35208835	35208876	LTR/ERVL-MaLR	2218	-	20	35208855	1096
chr22	35207759	35407759	harbor1	chr22	35209533	35209930	LTR/ERVL-MaLR	7724	-	198	35209731	1972
chr22	35207759	35407759	harbor1	chr22	35209933	35210293	LTR/ERVL-MaLR	1949	-	180	35210113	2354
chr22	35207759	35407759	harbor1	chr22	35211606	35211967	LTR/ERVL-MaLR	597	-	180	35211786	4027
chr22	35207759	35407759	harbor1	chr22	35213656	35213716	LTR/ERVL-MaLR	934	-	30	35213686	5927
chr22	35207759	35407759	harbor1	chr22	35214097	35214270	LTR/ERVL-MaLR	934	-	86	35214183	6424
chr22	35207759	35407759	harbor1	chr22	35216002	35216243	LTR/ERVL-MaLR	1485	-	120	35216122	8363
chr22	35207759	35407759	harbor1	chr22	35230881	35231246	LTR/ERVL-MaLR	2036	-	182	35231063	23304
chr22	35207759	35407759	harbor1	chr22	35248193	35248401	LTR/ERVL-MaLR	2252	-	104	35248297	40538
chr22	35207759	35407759	harbor1	chr22	35248704	35248900	LTR/ERVL-MaLR	2252	-	98	35248802	41043
chr22	35207759	35407759	harbor1	chr22	35250194	35250626	LTR/ERVL-MaLR	2178	-	216	35250410	42651
chr22	35207759	35407759	harbor1	chr22	35276996	35277229	LTR/ERVL-MaLR	1160	-	116	35277112	69353
chr22	35207759	35407759	harbor1	chr22	35280035	35280246	LTR/ERVL-MaLR	726	-	106	35280141	72382
chr22	35207759	35407759	harbor1	chr22	35209184	35209532	LTR/ERVL-MaLR	2218	-	174	35209358	1599
chr22	23731916	23931916	harbor1	chr22	23801438	23801845	LTR/ERVL-MaLR	669	-	204	23801642	69726
chr22	45007269	45207269	harbor1	chr22	45060293	45060586	LTR/ERVL-MaLR	872	-	146	45060439	53170
chr22	45007269	45207269	harbor1	chr22	45067762	45067983	LTR/ERVL-MaLR	544	-	110	45067872	60603
chr22	45007269	45207269	harbor1	chr22	45068075	45068142	LTR/ERVL-MaLR	448	-	34	45068109	60840
chr22	45007269	45207269	harbor1	chr22	45068143	45068509	LTR/ERVL-MaLR	2542	-	183	45068326	61057
chr22	45007269	45207269	harbor1	chr22	45068510	45068628	LTR/ERVL-MaLR	448	-	59	45068569	61300
chr22	45007269	45207269	harbor1	chr22	45069039	45069189	LTR/ERVL-MaLR	505	-	75	45069114	61845
chr22	45007269	45207269	harbor1	chr22	45073948	45074404	LTR/ERVL-MaLR	1822	-	228	45074176	66907
chr22	45007269	45207269	harbor1	chr22	45085667	45085869	LTR/ERVL-MaLR	2376	-	101	45085768	78499
chr22	45007269	45207269	harbor1	chr22	45086166	45086340	LTR/ERVL-MaLR	2376	-	87	45086253	78984
chr22	45007269	45207269	harbor1	chr22	45039296	45039639	LTR/ERVL-MaLR	1420	-	172	45039468	32199
chr22	25299456	25499456	harbor1	chr22	25312579	25312959	LTR/ERVL-MaLR	1796	-	190	25312769	13313
chr22	25299456	25499456	harbor1	chr22	25321591	25322152	LTR/ERVL-MaLR	1201	-	280	25321871	22415
chr22	25299456	25499456	harbor1	chr22	25365036	25365464	LTR/ERVL-MaLR	1033	-	214	25365250	65794
chr22	22178314	22378314	harbor1	chr22	22210421	22210801	LTR/ERVL-MaLR	443	-	190	22210611	32297
chr22	22178314	22378314	harbor1	chr22	22238673	22238901	LTR/ERVL-MaLR	1391	-	114	22238787	60473
chr22	22178314	22378314	harbor1	chr22	22239210	22239364	LTR/ERVL-MaLR	1391	-	77	22239287	60973
chr22	22178314	22378314	harbor1	chr22	22244044	22244211	LTR/ERVL-MaLR	850	-	84	22244128	65814
chr22	44965786	45165786	harbor1	chr22	44988775	44989113	LTR/ERVL-MaLR	1461	-	169	44988944	23158
chr22	44965786	45165786	harbor1	chr22	45060293	45060586	LTR/ERVL-MaLR	872	-	146	45060439	94653
chr22	44965786	45165786	harbor1	chr22	45039296	45039639	LTR/ERVL-MaLR	1420	-	172	45039468	73682
chr22	41067104	41267104	harbor1	chr22	41075929	41076421	LTR/ERVL-MaLR	1413	-	246	41076175	9071
chr22	21423024	21623024	harbor1	chr22	21460726	21460848	LTR/ERVL-MaLR	896	-	61	21460787	37763
chr22	21423024	21623024	harbor1	chr22	21461152	21461270	LTR/ERVL-MaLR	896	-	59	21461211	38187
chr22	10820773	11020773	harbor1	chr22	10857014	10857385	LTR/ERVL-MaLR	1666	-	186	10857200	36427
chr22	10820773	11020773	harbor1	chr22	10864856	10865191	LTR/ERVL-MaLR	1563	-	168	10865024	44251
chr22	29139843	29339843	harbor1	chr22	29157883	29158069	LTR/ERVL-MaLR	470	-	93	29157976	18133
chr22	29139843	29339843	harbor1	chr22	29165421	29165562	LTR/ERVL-MaLR	559	-	70	29165491	25648
chr22	29139843	29339843	harbor1	chr22	29188204	29188626	LTR/ERVL-MaLR	1693	-	211	29188415	48572
chr22	11831464	12031464	harbor1	chr22	11899854	11900184	LTR/ERVL-MaLR	713	-	165	11900019	68555
chr22	11831464	12031464	harbor1	chr22	11916590	11916741	LTR/ERVL-MaLR	469	-	76	11916666	85202
chr22	11831464	12031464	harbor1	chr22	11916991	11917268	LTR/ERVL-MaLR	978	-	138	11917129	85665
chr22	11831464	12031464	harbor1	chr22	11917597	11917729	LTR/ERVL-MaLR	528	-	66	11917663	86199
chr22	11831464	12031464	harbor1	chr22	11920117	11920357	LTR/ERVL-MaLR	768	-	120	11920237	88773
chr22	11831464	12031464	harbor1	chr22	11920666	11920819	LTR/ERVL-MaLR	628	-	76	11920742	89278
chr22	33488232	33688232	harbor1	chr22	33521778	33522195	LTR/ERVL-MaLR	2659	-	208	33521986	33754
chr22	33488232	33688232	harbor1	chr22	33537129	33537562	LTR/ERVL-MaLR	1917	-	216	33537345	49113
chr22	33488232	33688232	harbor1	chr22	33537871	33537952	LTR/ERVL-MaLR	1917	-	40	33537911	49679
chr22	33488232	33688232	harbor1	chr22	33543621	33543787	LTR/ERVL-MaLR	965	-	83	33543704	55472
chr22	33488232	33688232	harbor1	chr22	33544329	33544406	LTR/ERVL-MaLR	965	-	38	33544367	56135
chr22	33488232	33688232	harbor1	chr22	33544715	33545022	LTR/ERVL-MaLR	965	-	154	33544869	56637
chr22	33488232	33688232	harbor1	chr22	33559028	33559190	LTR/ERVL-MaLR	1604	-	81	33559109	70877
chr22	33488232	33688232	harbor1	chr22	33559481	33559681	LTR/ERVL-MaLR	1604	-	100	33559581	71349
chr22	33488232	33688232	harbor1	chr22	33573643	33574147	LTR/ERVL-MaLR	1801	-	252	33573895	85663
chr22	33488232	33688232	harbor1	chr22	33521198	33521699	LTR/ERVL-MaLR	1222	-	250	33521448	33216
chr22	30590009	30790009	harbor1	chr22	30600998	30601271	LTR/ERVL-MaLR	795	-	136	30601134	11125
chr22	30590009	30790009	harbor1	chr22	30624866	30624934	LTR/ERVL-MaLR	1641	-	34	30624900	34891
chr22	30590009	30790009	harbor1	chr22	30625242	30625469	LTR/ERVL-MaLR	1641	-	114	30625356	35347
chr22	30590009	30790009	harbor1	chr22	30625764	30625914	LTR/ERVL-MaLR	1641	-	75	30625839	35830
chr22	30590009	30790009	harbor1	chr22	30651741	30651946	LTR/ERVL-MaLR	2169	-	102	30651843	61834
chr22	30590009	30790009	harbor1	chr22	30652638	30652953	LTR/ERVL-MaLR	2169	-	158	30652796	62787
chr22	30590009	30790009	harbor1	chr22	30687488	30687687	LTR/ERVL-MaLR	861	-	100	30687588	97579
chr22	30590009	30790009	harbor1	chr22	30688593	30688777	LTR/ERVL-MaLR	861	-	92	30688685	98676
chr22	30404053	30604053	harbor1	chr22	30427744	30428195	LTR/ERVL-MaLR	1035	-	226	30427970	23917
chr22	30404053	30604053	harbor1	chr22	30455988	30456025	LTR/ERVL-MaLR	1932	-	18	30456006	51953
chr22	30404053	30604053	harbor1	chr22	30456323	30456716	LTR/ERVL-MaLR	2105	-	196	30456519	52466
chr22	11541410	11741410	harbor1	chr22	11559601	11559809	LTR/ERVL-MaLR	2419	-	104	11559705	18295
chr22	11541410	11741410	harbor1	chr22	11560086	11560248	LTR/ERVL-MaLR	2419	-	81	11560167	18757
chr22	11541410	11741410	harbor1	chr22	11572715	11572789	LTR/ERVL-MaLR	462	-	37	11572752	31342
chr22	11541410	11741410	harbor1	chr22	11573116	11573330	LTR/ERVL-MaLR	462	-	107	11573223	31813
chr22	22628590	22828590	harbor1	chr22	22657799	22658115	LTR/ERVL-MaLR	1031	-	158	22657957	29367
chr22	22628590	22828590	harbor1	chr22	22678629	22679044	LTR/ERVL-MaLR	1869	-	208	22678837	50247
chr22	22628590	22828590	harbor1	chr22	22700274	22700688	LTR/ERVL-MaLR	2156	-	207	22700481	71891
chr22	22628590	22828590	harbor1	chr22	22716831	22717009	LTR/ERVL-MaLR	551	-	89	22716920	88330
chr22	42583743	42783743	harbor1	chr22	42667092	42667111	LTR/ERVL-MaLR	459	-	10	42667102	83359
chr22	42583743	42783743	harbor1	chr22	42668894	42668999	LTR/ERVL-MaLR	507	-	52	42668946	85203
chr22	42583743	42783743	harbor1	chr22	42669480	42669661	LTR/ERVL-MaLR	507	-	90	42669570	85827
chr22	21647382	21847382	harbor1	chr22	21649718	21649759	LTR/ERVL-MaLR	935	-	20	21649738	2356
chr22	21647382	21847382	harbor1	chr22	21650359	21650527	LTR/ERVL-MaLR	935	-	84	21650443	3061
chr22	21647382	21847382	harbor1	chr22	21650747	21650916	LTR/ERVL-MaLR	984	-	84	21650831	3449
chr22	34654208	34854208	harbor1	chr22	34656781	34656953	LTR/ERVL-MaLR	1512	-	86	34656867	2659
chr22	34654208	34854208	harbor1	chr22	34657257	34657457	LTR/ERVL-MaLR	1512	-	100	34657357	3149
chr22	34654208	34854208	harbor1	chr22	34667313	34667557	LTR/ERVL-MaLR	2149	-	122	34667435	13227
chr22	34654208	34854208	harbor1	chr22	34668276	34668451	LTR/ERVL-MaLR	2149	-	88	34668364	14156
chr22	34654208	34854208	harbor1	chr22	34721261	34721619	LTR/ERVL-MaLR	1543	-	179	34721440	67232
chr22	34654208	34854208	harbor1	chr22	34736107	34736720	LTR/ERVL-MaLR	2265	-	306	34736413	82205
chr22	34654208	34854208	harbor1	chr22	34737813	34738193	LTR/ERVL-MaLR	2214	-	190	34738003	83795
chr22	28916431	29116431	harbor1	chr22	28954150	28954527	LTR/ERVL-MaLR	1653	-	188	28954338	37907
chr22	28916431	29116431	harbor1	chr22	28960994	28961324	LTR/ERVL-MaLR	1487	-	165	28961159	44728
chr22	28916431	29116431	harbor1	chr22	28985764	28986212	LTR/ERVL-MaLR	2321	-	224	28985988	69557
chr22	28916431	29116431	harbor1	chr22	29000609	29000827	LTR/ERVL-MaLR	1021	-	109	29000718	84287
chr22	38178953	38378953	harbor1	chr22	38197576	38197754	LTR/ERVL-MaLR	673	-	89	38197665	18712
chr22	41929738	42129738	harbor1	chr22	42021226	42021368	LTR/ERVL-MaLR	535	-	71	42021297	91559
chr22	16657817	16857817	harbor1	chr22	16705475	16705606	LTR/ERVL-MaLR	454	-	66	16705541	47724
chr22	16657817	16857817	harbor1	chr22	16734138	16734668	LTR/ERVL-MaLR	1104	-	265	16734403	76586
chr22	16657817	16857817	harbor1	chr22	16750301	16750685	LTR/ERVL-MaLR	1583	-	192	16750493	92676
chr22	25881652	26081652	harbor1	chr22	25906619	25906988	LTR/ERVL-MaLR	2056	-	184	25906803	25151
chr22	25881652	26081652	harbor1	chr22	25910146	25910509	LTR/ERVL-MaLR	1590	-	182	25910328	28676
chr22	25881652	26081652	harbor1	chr22	25936609	25936984	LTR/ERVL-MaLR	1639	-	188	25936797	55145
chr22	25881652	26081652	harbor1	chr22	25939209	25939710	LTR/ERVL-MaLR	1097	-	250	25939459	57807
chr22	25881652	26081652	harbor1	chr22	25957535	25957906	LTR/ERVL-MaLR	1250	-	186	25957721	76069
chr22	25881652	26081652	harbor1	chr22	25958216	25958299	LTR/ERVL-MaLR	1250	-	42	25958258	76606
chr22	25881652	26081652	harbor1	chr22	25963241	25963655	LTR/ERVL-MaLR	1629	-	207	25963448	81796
chr22	25881652	26081652	harbor1	chr22	25967658	25967811	LTR/ERVL-MaLR	1717	-	76	25967734	86082
chr22	25881652	26081652	harbor1	chr22	25968009	25968426	LTR/ERVL-MaLR	1717	-	208	25968217	86565
chr22	25881652	26081652	harbor1	chr22	25980773	25981250	LTR/ERVL-MaLR	1933	-	238	25981011	99359
chr22	34650226	34850226	harbor1	chr22	34650531	34650952	LTR/ERVL-MaLR	2453	-	210	34650741	515
chr22	34650226	34850226	harbor1	chr22	34656781	34656953	LTR/ERVL-MaLR	1512	-	86	34656867	6641
chr22	34650226	34850226	harbor1	chr22	34657257	34657457	LTR/ERVL-MaLR	1512	-	100	34657357	7131
chr22	34650226	34850226	harbor1	chr22	34667313	34667557	LTR/ERVL-MaLR	2149	-	122	34667435	17209
chr22	34650226	34850226	harbor1	chr22	34668276	34668451	LTR/ERVL-MaLR	2149	-	88	34668364	18138
chr22	34650226	34850226	harbor1	chr22	34721261	34721619	LTR/ERVL-MaLR	1543	-	179	34721440	71214
chr22	34650226	34850226	harbor1	chr22	34736107	34736720	LTR/ERVL-MaLR	2265	-	306	34736413	86187
chr22	34650226	34850226	harbor1	chr22	34737813	34738193	LTR/ERVL-MaLR	2214	-	190	34738003	87777
chr22	44513119	44713119	harbor1	chr22	44529243	44529579	LTR/ERVL-MaLR	1086	-	168	44529411	16292
chr22	44513119	44713119	harbor1	chr22	44559092	44559265	LTR/ERVL-MaLR	1463	-	86	44559178	46059
chr22	44513119	44713119	harbor1	chr22	44559583	44559759	LTR/ERVL-MaLR	1463	-	88	44559671	46552
chr22	44513119	44713119	harbor1	chr22	44559760	44559901	LTR/ERVL-MaLR	866	-	70	44559830	46711
chr22	44513119	44713119	harbor1	chr22	44559922	44560083	LTR/ERVL-MaLR	834	-	80	44560002	46883
chr22	44513119	44713119	harbor1	chr22	44572431	44572807	LTR/ERVL-MaLR	485	-	188	44572619	59500
chr22	44513119	44713119	harbor1	chr22	44579145	44579651	LTR/ERVL-MaLR	1009	-	253	44579398	66279
chr22	44513119	44713119	harbor1	chr22	44582489	44582809	LTR/ERVL-MaLR	617	-	160	44582649	69530
chr22	44513119	44713119	harbor1	chr22	44601147	44601281	LTR/ERVL-MaLR	485	-	67	44601214	88095
chr22	44513119	44713119	harbor1	chr22	44601640	44601961	LTR/ERVL-MaLR	1680	-	160	44601800	88681
chr22	44513119	44713119	harbor1	chr22	44602269	44602423	LTR/ERVL-MaLR	1680	-	77	44602346	89227
chr22	44513119	44713119	harbor1	chr22	44603364	44603759	LTR/ERVL-MaLR	1916	-	198	44603562	90443
chr22	46860591	47060591	harbor1	chr22	46870580	46870968	LTR/ERVL-MaLR	1481	-	194	46870774	10183
chr22	46860591	47060591	harbor1	chr22	46899634	46899819	LTR/ERVL-MaLR	587	-	92	46899726	39135
chr22	46860591	47060591	harbor1	chr22	46957254	46957624	LTR/ERVL-MaLR	1777	-	185	46957439	96848
chr22	50585978	50785978	harbor1	chr22	50589060	50589288	LTR/ERVL-MaLR	669	-	114	50589174	3196
chr22	50585978	50785978	harbor1	chr22	50635942	50636308	LTR/ERVL-MaLR	2508	-	183	50636125	50147
chr22	50585978	50785978	harbor1	chr22	50657600	50657790	LTR/ERVL-MaLR	592	-	95	50657695	71717
chr22	16649737	16849737	harbor1	chr22	16705475	16705606	LTR/ERVL-MaLR	454	-	66	16705541	55804
chr22	16649737	16849737	harbor1	chr22	16734138	16734668	LTR/ERVL-MaLR	1104	-	265	16734403	84666
chr22	29629137	29829137	harbor1	chr22	29679509	29679584	LTR/ERVL-MaLR	1978	-	38	29679547	50410
chr22	29629137	29829137	harbor1	chr22	29679893	29680116	LTR/ERVL-MaLR	1978	-	112	29680005	50868
chr22	29629137	29829137	harbor1	chr22	29680410	29680464	LTR/ERVL-MaLR	1978	-	27	29680437	51300
chrX	104453727	104653727	harbor1	chrX	104473276	104473678	LTR/ERVL-MaLR	810	-	201	104473477	19750
chrX	104453727	104653727	harbor1	chrX	104496624	104496760	LTR/ERVL-MaLR	916	-	68	104496692	42965
chrX	104453727	104653727	harbor1	chrX	104496761	104497123	LTR/ERVL-MaLR	2220	-	181	104496942	43215
chrX	104453727	104653727	harbor1	chrX	104507545	104508045	LTR/ERVL-MaLR	1754	-	250	104507795	54068
chrX	104453727	104653727	harbor1	chrX	104514192	104514563	LTR/ERVL-MaLR	1656	-	186	104514378	60651
chrX	104453727	104653727	harbor1	chrX	104534985	104535216	LTR/ERVL-MaLR	2045	-	116	104535101	81374
chrX	104453727	104653727	harbor1	chrX	104535609	104535741	LTR/ERVL-MaLR	2045	-	66	104535675	81948
chrX	83312689	83512689	harbor1	chrX	83371356	83371812	LTR/ERVL-MaLR	1270	-	228	83371584	58895
chrX	51152241	51352241	harbor1	chrX	51181768	51182190	LTR/ERVL-MaLR	1718	-	211	51181979	29738
chrX	51152241	51352241	harbor1	chrX	51190940	51191351	LTR/ERVL-MaLR	2462	-	206	51191146	38905
chrX	51152241	51352241	harbor1	chrX	51191365	51192975	LTR/ERVL-MaLR	8782	-	805	51192170	39929
chrX	51152241	51352241	harbor1	chrX	51192976	51193387	LTR/ERVL-MaLR	2394	-	206	51193182	40941
chrX	51152241	51352241	harbor1	chrX	51194631	51194973	LTR/ERVL-MaLR	1975	-	171	51194802	42561
chrX	51152241	51352241	harbor1	chrX	51194975	51196539	LTR/ERVL-MaLR	11427	-	782	51195757	43516
chrX	51152241	51352241	harbor1	chrX	51196540	51196634	LTR/ERVL-MaLR	559	-	47	51196587	44346
chrX	51152241	51352241	harbor1	chrX	51225287	51225651	LTR/ERVL-MaLR	2184	-	182	51225469	73228
chrX	51152241	51352241	harbor1	chrX	51242377	51242740	LTR/ERVL-MaLR	1795	-	182	51242559	90318
chrX	96090398	96290398	harbor1	chrX	96109495	96110128	LTR/ERVL-MaLR	2742	-	316	96109811	19413
chrX	96090398	96290398	harbor1	chrX	96110765	96111192	LTR/ERVL-MaLR	2742	-	214	96110979	20581
chrX	96090398	96290398	harbor1	chrX	96111194	96111626	LTR/ERVL-MaLR	1477	-	216	96111410	21012
chrX	96090398	96290398	harbor1	chrX	96140880	96141297	LTR/ERVL-MaLR	553	-	208	96141088	50690
chrX	96090398	96290398	harbor1	chrX	96150118	96150535	LTR/ERVL-MaLR	2622	-	208	96150326	59928
chrX	96090398	96290398	harbor1	chrX	96169217	96169554	LTR/ERVL-MaLR	1031	-	168	96169385	78987
chrX	96090398	96290398	harbor1	chrX	96182401	96182592	LTR/ERVL-MaLR	751	-	96	96182497	92099
chrX	114785578	114985578	harbor1	chrX	114874961	114875307	LTR/ERVL-MaLR	1902	-	173	114875134	89556
chrX	138945206	139145206	harbor1	chrX	138949197	138949642	LTR/ERVL-MaLR	1605	-	222	138949419	4213
chrX	138945206	139145206	harbor1	chrX	138964543	138964964	LTR/ERVL-MaLR	2369	-	210	138964753	19547
chrX	138945206	139145206	harbor1	chrX	138990424	138990790	LTR/ERVL-MaLR	2368	-	183	138990607	45401
chrX	138945206	139145206	harbor1	chrX	138994080	138994441	LTR/ERVL-MaLR	1483	-	180	138994260	49054
chrX	138945206	139145206	harbor1	chrX	139030445	139030895	LTR/ERVL-MaLR	937	-	225	139030670	85464
chrX	138945206	139145206	harbor1	chrX	139036631	139036987	LTR/ERVL-MaLR	2272	-	178	139036809	91603
chrX	138945206	139145206	harbor1	chrX	139037400	139037864	LTR/ERVL-MaLR	2313	-	232	139037632	92426
chrX	138945206	139145206	harbor1	chrX	139044153	139044555	LTR/ERVL-MaLR	2199	-	201	139044354	99148
chrX	138945206	139145206	harbor1	chrX	139044556	139044658	LTR/ERVL-MaLR	718	-	51	139044607	99401
chrX	70886401	71086401	harbor1	chrX	70947104	70947344	LTR/ERVL-MaLR	1386	-	120	70947224	60823
chrX	70886401	71086401	harbor1	chrX	70950589	70950930	LTR/ERVL-MaLR	1176	-	170	70950759	64358
chrX	70886401	71086401	harbor1	chrX	70951255	70951420	LTR/ERVL-MaLR	904	-	82	70951337	64936
chrX	70886401	71086401	harbor1	chrX	70985879	70986228	LTR/ERVL-MaLR	1140	-	174	70986053	99652
chrX	141870043	142070043	harbor1	chrX	141890953	141891317	LTR/ERVL-MaLR	1662	-	182	141891135	21092
chrX	141870043	142070043	harbor1	chrX	141901207	141901592	LTR/ERVL-MaLR	1943	-	192	141901399	31356
chrX	141870043	142070043	harbor1	chrX	141912179	141912562	LTR/ERVL-MaLR	1727	-	192	141912371	42328
chrX	141870043	142070043	harbor1	chrX	141954383	141954711	LTR/ERVL-MaLR	614	-	164	141954547	84504
chrX	141870043	142070043	harbor1	chrX	141956824	141956889	LTR/ERVL-MaLR	1079	-	32	141956856	86813
chrX	141870043	142070043	harbor1	chrX	141957077	141957391	LTR/ERVL-MaLR	1079	-	157	141957234	87191
chrX	141870043	142070043	harbor1	chrX	141963069	141963396	LTR/ERVL-MaLR	2125	-	164	141963233	93190
chrX	141870043	142070043	harbor1	chrX	141963398	141964871	LTR/ERVL-MaLR	8813	-	736	141964134	94091
chrX	141870043	142070043	harbor1	chrX	141964874	141965236	LTR/ERVL-MaLR	2635	-	181	141965055	95012
chrX	141870043	142070043	harbor1	chrX	141918106	141918304	LTR/ERVL-MaLR	685	-	99	141918205	48162
chrX	15810184	16010184	harbor1	chrX	15868789	15869165	LTR/ERVL-MaLR	1568	-	188	15868977	58793
chrX	15810184	16010184	harbor1	chrX	15878140	15878301	LTR/ERVL-MaLR	2641	-	80	15878220	68036
chrX	15810184	16010184	harbor1	chrX	15878662	15878884	LTR/ERVL-MaLR	2641	-	111	15878773	68589
chrX	15810184	16010184	harbor1	chrX	15878885	15880498	LTR/ERVL-MaLR	10865	-	806	15879691	69507
chrX	15810184	16010184	harbor1	chrX	15880499	15880918	LTR/ERVL-MaLR	2319	-	210	15880709	70525
chrX	15810184	16010184	harbor1	chrX	15891812	15892233	LTR/ERVL-MaLR	3051	-	210	15892022	81838
chrX	15810184	16010184	harbor1	chrX	15894052	15894417	LTR/ERVL-MaLR	2139	-	182	15894234	84050
chrX	15810184	16010184	harbor1	chrX	15899969	15900322	LTR/ERVL-MaLR	2475	-	176	15900145	89961
chrX	15810184	16010184	harbor1	chrX	15900323	15901906	LTR/ERVL-MaLR	13091	-	792	15901115	90931
chrX	15810184	16010184	harbor1	chrX	15901907	15902260	LTR/ERVL-MaLR	2598	-	176	15902083	91899
chrX	15810184	16010184	harbor1	chrX	15907366	15907735	LTR/ERVL-MaLR	1415	-	184	15907550	97366
chrX	15810184	16010184	harbor1	chrX	15892284	15892694	LTR/ERVL-MaLR	2738	-	205	15892489	82305
chrX	12236283	12436283	harbor1	chrX	12239640	12240005	LTR/ERVL-MaLR	1741	-	182	12239822	3539
chrX	12236283	12436283	harbor1	chrX	12259631	12259797	LTR/ERVL-MaLR	552	-	83	12259714	23431
chrX	12236283	12436283	harbor1	chrX	12263736	12264080	LTR/ERVL-MaLR	1420	-	172	12263908	27625
chrX	12236283	12436283	harbor1	chrX	12266452	12266635	LTR/ERVL-MaLR	519	-	92	12266544	30261
chrX	12236283	12436283	harbor1	chrX	12267956	12268302	LTR/ERVL-MaLR	842	-	173	12268129	31846
chrX	12236283	12436283	harbor1	chrX	12297260	12297397	LTR/ERVL-MaLR	766	-	68	12297328	61045
chrX	77439260	77639260	harbor1	chrX	77486023	77486439	LTR/ERVL-MaLR	2633	-	208	77486231	46971
chrX	77439260	77639260	harbor1	chrX	77492177	77492484	LTR/ERVL-MaLR	2262	-	154	77492331	53071
chrX	77439260	77639260	harbor1	chrX	77492908	77493098	LTR/ERVL-MaLR	2262	-	95	77493003	53743
chrX	77439260	77639260	harbor1	chrX	77493590	77493878	LTR/ERVL-MaLR	1220	-	144	77493734	54474
chrX	77439260	77639260	harbor1	chrX	77500706	77500813	LTR/ERVL-MaLR	841	-	54	77500760	61500
chrX	154546018	154746018	harbor1	chrX	154551248	154551627	LTR/ERVL-MaLR	711	-	190	154551438	5420
chrX	154546018	154746018	harbor1	chrX	154567360	154567587	LTR/ERVL-MaLR	655	-	114	154567474	21456
chrX	154546018	154746018	harbor1	chrX	154573447	154573893	LTR/ERVL-MaLR	2264	-	223	154573670	27652
chrX	154546018	154746018	harbor1	chrX	154604008	154604204	LTR/ERVL-MaLR	950	-	98	154604106	58088
chrX	154546018	154746018	harbor1	chrX	154621630	154622010	LTR/ERVL-MaLR	2519	-	190	154621820	75802
chrX	154546018	154746018	harbor1	chrX	154622011	154622328	LTR/ERVL-MaLR	2160	-	158	154622169	76151
chrX	154546018	154746018	harbor1	chrX	154623784	154624426	LTR/ERVL-MaLR	4228	-	321	154624105	78087
chrX	154546018	154746018	harbor1	chrX	154628183	154628395	LTR/ERVL-MaLR	2295	-	106	154628289	82271
chrX	154546018	154746018	harbor1	chrX	154628431	154628633	LTR/ERVL-MaLR	2295	-	101	154628532	82514
chrX	153929940	154129940	harbor1	chrX	154006510	154006884	LTR/ERVL-MaLR	2096	-	187	154006697	76757
chrX	83114404	83314404	harbor1	chrX	83146867	83147138	LTR/ERVL-MaLR	1286	-	136	83147003	32599
chrX	3494403	3694403	harbor1	chrX	3500546	3500936	LTR/ERVL-MaLR	2143	-	195	3500741	6338
chrX	3494403	3694403	harbor1	chrX	3504224	3504361	LTR/ERVL-MaLR	996	-	68	3504292	9889
chrX	3494403	3694403	harbor1	chrX	3507725	3508097	LTR/ERVL-MaLR	906	-	186	3507911	13508
chrX	3494403	3694403	harbor1	chrX	3508290	3508651	LTR/ERVL-MaLR	2492	-	180	3508470	14067
chrX	3494403	3694403	harbor1	chrX	3508945	3508980	LTR/ERVL-MaLR	906	-	18	3508963	14560
chrX	3494403	3694403	harbor1	chrX	3523340	3523767	LTR/ERVL-MaLR	1360	-	214	3523554	29151
chrX	3494403	3694403	harbor1	chrX	3530479	3530831	LTR/ERVL-MaLR	1941	-	176	3530655	36252
chrX	3494403	3694403	harbor1	chrX	3534874	3535171	LTR/ERVL-MaLR	514	-	148	3535022	40619
chrX	3494403	3694403	harbor1	chrX	3535788	3536002	LTR/ERVL-MaLR	693	-	107	3535895	41492
chrX	3494403	3694403	harbor1	chrX	3536325	3536511	LTR/ERVL-MaLR	871	-	93	3536418	42015
chrX	3494403	3694403	harbor1	chrX	3541115	3541496	LTR/ERVL-MaLR	2177	-	190	3541305	46902
chrX	3494403	3694403	harbor1	chrX	3542301	3542660	LTR/ERVL-MaLR	2776	-	180	3542481	48078
chrX	3494403	3694403	harbor1	chrX	3572085	3572387	LTR/ERVL-MaLR	586	-	151	3572236	77833
chrX	93138540	93338540	harbor1	chrX	93150834	93151183	LTR/ERVL-MaLR	2704	-	174	93151008	12468
chrX	93138540	93338540	harbor1	chrX	93151184	93152723	LTR/ERVL-MaLR	10913	-	770	93151954	13414
chrX	93138540	93338540	harbor1	chrX	93152729	93153083	LTR/ERVL-MaLR	2605	-	177	93152906	14366
chrX	93138540	93338540	harbor1	chrX	93185245	93185786	LTR/ERVL-MaLR	1405	-	270	93185515	46975
chrX	93138540	93338540	harbor1	chrX	93186124	93186601	LTR/ERVL-MaLR	1046	-	238	93186362	47822
chrX	93138540	93338540	harbor1	chrX	93198677	93199011	LTR/ERVL-MaLR	1024	-	167	93198844	60304
chrX	93138540	93338540	harbor1	chrX	93217057	93217353	LTR/ERVL-MaLR	782	-	148	93217205	78665
chrX	93138540	93338540	harbor1	chrX	93228585	93229100	LTR/ERVL-MaLR	1893	-	258	93228843	90303
chrX	93138540	93338540	harbor1	chrX	93235172	93235411	LTR/ERVL-MaLR	1207	-	120	93235292	96752
