H_chr	H_start	H_end	Harbor	TE_chr	TE_start	TE_end	TE	score	TE_strand	TE_half	TE_middle_pos	TE_dis
chr1	103708441	103908441	harbor1	chr1	103766332	103766642	LTR/ERVL-MaLR	1153	+	155	103766487	58046
chr1	103708441	103908441	harbor1	chr1	103799331	103799689	LTR/ERVL-MaLR	1568	+	179	103799510	91069
chr1	103708441	103908441	harbor1	chr1	103727022	103727208	LTR/ERVL-MaLR	880	+	93	103727115	18674
chr1	103708441	103908441	harbor1	chr1	103792433	103792968	LTR/ERVL-MaLR	2190	+	268	103792701	84260
chr1	234473588	234673588	harbor1	chr1	234497901	234498069	LTR/ERVL-MaLR	1196	+	84	234497985	24397
chr1	234473588	234673588	harbor1	chr1	234498249	234498409	LTR/ERVL-MaLR	926	+	80	234498329	24741
chr1	234473588	234673588	harbor1	chr1	234504250	234504611	LTR/ERVL-MaLR	2666	+	180	234504430	30842
chr1	234473588	234673588	harbor1	chr1	234505222	234505673	LTR/ERVL-MaLR	2047	+	226	234505448	31860
chr1	234473588	234673588	harbor1	chr1	234529068	234529636	LTR/ERVL-MaLR	2171	+	284	234529352	55764
chr1	234473588	234673588	harbor1	chr1	234556497	234556843	LTR/ERVL-MaLR	1642	+	173	234556670	83082
chr1	234473588	234673588	harbor1	chr1	234567021	234567404	LTR/ERVL-MaLR	1787	+	192	234567213	93625
chr1	234473588	234673588	harbor1	chr1	234487456	234487995	LTR/ERVL-MaLR	551	+	270	234487726	14138
chr1	217328960	217528960	harbor1	chr1	217341042	217341248	LTR/ERVL-MaLR	485	+	103	217341145	12185
chr1	217328960	217528960	harbor1	chr1	217346673	217347094	LTR/ERVL-MaLR	1030	+	210	217346883	17923
chr1	217328960	217528960	harbor1	chr1	217353990	217354354	LTR/ERVL-MaLR	1941	+	182	217354172	25212
chr1	217328960	217528960	harbor1	chr1	217363474	217364062	LTR/ERVL-MaLR	2217	+	294	217363768	34808
chr1	217328960	217528960	harbor1	chr1	217370028	217370262	LTR/ERVL-MaLR	1867	+	117	217370145	41185
chr1	217328960	217528960	harbor1	chr1	217370367	217370465	LTR/ERVL-MaLR	1867	+	49	217370416	41456
chr1	217328960	217528960	harbor1	chr1	217370765	217370826	LTR/ERVL-MaLR	1867	+	30	217370795	41835
chr1	161699396	161899396	harbor1	chr1	161714023	161714394	LTR/ERVL-MaLR	1873	+	186	161714209	14813
chr1	36619682	36819682	harbor1	chr1	36645416	36645799	LTR/ERVL-MaLR	2125	+	192	36645608	25926
chr1	36619682	36819682	harbor1	chr1	36651699	36651907	LTR/ERVL-MaLR	686	+	104	36651803	32121
chr1	36619682	36819682	harbor1	chr1	36652008	36652107	LTR/ERVL-MaLR	430	+	50	36652058	32376
chr1	36619682	36819682	harbor1	chr1	36682308	36682630	LTR/ERVL-MaLR	1203	+	161	36682469	62787
chr1	36619682	36819682	harbor1	chr1	36687250	36687694	LTR/ERVL-MaLR	1204	+	222	36687472	67790
chr1	36619682	36819682	harbor1	chr1	36697567	36697972	LTR/ERVL-MaLR	565	+	202	36697769	78087
chr1	36619682	36819682	harbor1	chr1	36650765	36651254	LTR/ERVL-MaLR	2529	+	244	36651009	31327
chr1	232034265	232234265	harbor1	chr1	232042496	232042883	LTR/ERVL-MaLR	2526	+	194	232042690	8425
chr1	232034265	232234265	harbor1	chr1	232060938	232061372	LTR/ERVL-MaLR	2227	+	217	232061155	26890
chr1	232034265	232234265	harbor1	chr1	232092233	232092541	LTR/ERVL-MaLR	1346	+	154	232092387	58122
chr1	232034265	232234265	harbor1	chr1	232092547	232092684	LTR/ERVL-MaLR	430	+	68	232092615	58350
chr1	232034265	232234265	harbor1	chr1	232101744	232101798	LTR/ERVL-MaLR	2487	+	27	232101771	67506
chr1	232034265	232234265	harbor1	chr1	232102113	232102484	LTR/ERVL-MaLR	2487	+	186	232102299	68034
chr1	187934296	188134296	harbor1	chr1	187934179	187934395	LTR/ERVL-MaLR	1346	+	108	187934287	9
chr1	187934296	188134296	harbor1	chr1	187935990	187936352	LTR/ERVL-MaLR	1911	+	181	187936171	1875
chr1	187934296	188134296	harbor1	chr1	187936353	187936614	LTR/ERVL-MaLR	739	+	130	187936483	2187
chr1	187934296	188134296	harbor1	chr1	187943392	187943759	LTR/ERVL-MaLR	2054	+	184	187943576	9280
chr1	187934296	188134296	harbor1	chr1	187943983	187944456	LTR/ERVL-MaLR	1758	+	236	187944219	9923
chr1	187934296	188134296	harbor1	chr1	187946502	187946841	LTR/ERVL-MaLR	1822	+	170	187946672	12376
chr1	187934296	188134296	harbor1	chr1	187946842	187948384	LTR/ERVL-MaLR	11290	+	771	187947613	13317
chr1	187934296	188134296	harbor1	chr1	187948386	187948740	LTR/ERVL-MaLR	1971	+	177	187948563	14267
chr1	187934296	188134296	harbor1	chr1	187963500	187963817	LTR/ERVL-MaLR	429	+	158	187963658	29362
chr1	187934296	188134296	harbor1	chr1	187970830	187971350	LTR/ERVL-MaLR	1651	+	260	187971090	36794
chr1	187934296	188134296	harbor1	chr1	187971418	187971625	LTR/ERVL-MaLR	715	+	104	187971522	37226
chr1	187934296	188134296	harbor1	chr1	187998764	187998892	LTR/ERVL-MaLR	396	+	64	187998828	64532
chr1	187934296	188134296	harbor1	chr1	187973122	187973818	LTR/ERVL-MaLR	697	+	348	187973470	39174
chr1	187934296	188134296	harbor1	chr1	188022721	188022946	LTR/ERVL-MaLR	760	+	112	188022833	88537
chr1	79114311	79314311	harbor1	chr1	79125550	79125924	LTR/ERVL-MaLR	2461	+	187	79125737	11426
chr1	79114311	79314311	harbor1	chr1	79164554	79164929	LTR/ERVL-MaLR	2378	+	188	79164742	50431
chr1	79114311	79314311	harbor1	chr1	79164935	79166326	LTR/ERVL-MaLR	7889	+	696	79165631	51320
chr1	79114311	79314311	harbor1	chr1	79166327	79166701	LTR/ERVL-MaLR	2366	+	187	79166514	52203
chr1	79114311	79314311	harbor1	chr1	79177374	79177645	LTR/ERVL-MaLR	737	+	136	79177510	63199
chr1	79114311	79314311	harbor1	chr1	79177646	79177885	LTR/ERVL-MaLR	1131	+	120	79177766	63455
chr1	232202979	232402979	harbor1	chr1	232217733	232218230	LTR/ERVL-MaLR	1593	+	248	232217981	15002
chr1	232202979	232402979	harbor1	chr1	232229243	232229617	LTR/ERVL-MaLR	2316	+	187	232229430	26451
chr1	232202979	232402979	harbor1	chr1	232252635	232253000	LTR/ERVL-MaLR	2179	+	182	232252817	49838
chr1	232202979	232402979	harbor1	chr1	232273426	232273836	LTR/ERVL-MaLR	1617	+	205	232273631	70652
chr1	232202979	232402979	harbor1	chr1	232275153	232275534	LTR/ERVL-MaLR	2004	+	190	232275343	72364
chr1	244268148	244468148	harbor1	chr1	244270631	244270960	LTR/ERVL-MaLR	1650	+	164	244270795	2647
chr1	244268148	244468148	harbor1	chr1	244278574	244278943	LTR/ERVL-MaLR	1968	+	184	244278758	10610
chr1	244268148	244468148	harbor1	chr1	244286438	244286794	LTR/ERVL-MaLR	1300	+	178	244286616	18468
chr1	244268148	244468148	harbor1	chr1	244309210	244309574	LTR/ERVL-MaLR	2883	+	182	244309392	41244
chr1	244268148	244468148	harbor1	chr1	244321925	244322010	LTR/ERVL-MaLR	866	+	42	244321967	53819
chr1	244268148	244468148	harbor1	chr1	244322306	244322569	LTR/ERVL-MaLR	933	+	132	244322438	54290
chr1	244268148	244468148	harbor1	chr1	244323955	244324518	LTR/ERVL-MaLR	2036	+	282	244324237	56089
chr1	244268148	244468148	harbor1	chr1	244365246	244365608	LTR/ERVL-MaLR	2678	+	181	244365427	97279
chr1	182089820	182289820	harbor1	chr1	182109146	182109339	LTR/ERVL-MaLR	643	+	96	182109242	19422
chr1	182089820	182289820	harbor1	chr1	182109929	182110335	LTR/ERVL-MaLR	643	+	203	182110132	20312
chr1	182089820	182289820	harbor1	chr1	182134247	182134623	LTR/ERVL-MaLR	2472	+	188	182134435	44615
chr1	182089820	182289820	harbor1	chr1	182162642	182163015	LTR/ERVL-MaLR	2031	+	186	182162828	73008
chr1	182089820	182289820	harbor1	chr1	182178236	182178346	LTR/ERVL-MaLR	2246	+	55	182178291	88471
chr1	182089820	182289820	harbor1	chr1	182178642	182178991	LTR/ERVL-MaLR	2246	+	174	182178816	88996
chr1	182089820	182289820	harbor1	chr1	182187461	182187833	LTR/ERVL-MaLR	1993	+	186	182187647	97827
chr1	178962333	179162333	harbor1	chr1	178964668	178965136	LTR/ERVL-MaLR	1360	+	234	178964902	2569
chr1	178962333	179162333	harbor1	chr1	178967558	178967766	LTR/ERVL-MaLR	1737	+	104	178967662	5329
chr1	178962333	179162333	harbor1	chr1	178968067	178968383	LTR/ERVL-MaLR	1737	+	158	178968225	5892
chr1	178962333	179162333	harbor1	chr1	178983412	178983834	LTR/ERVL-MaLR	2626	+	211	178983623	21290
chr1	222698793	222898793	harbor1	chr1	222750967	222751044	LTR/ERVL-MaLR	423	+	38	222751005	52212
chr1	222698793	222898793	harbor1	chr1	222753565	222753809	LTR/ERVL-MaLR	961	+	122	222753687	54894
chr1	222698793	222898793	harbor1	chr1	222753824	222753953	LTR/ERVL-MaLR	1525	+	64	222753888	55095
chr1	222698793	222898793	harbor1	chr1	222754262	222754475	LTR/ERVL-MaLR	1525	+	106	222754368	55575
chr1	222698793	222898793	harbor1	chr1	222754477	222754764	LTR/ERVL-MaLR	1078	+	144	222754621	55828
chr1	222698793	222898793	harbor1	chr1	222788557	222788914	LTR/ERVL-MaLR	2008	+	178	222788735	89942
chr1	222698793	222898793	harbor1	chr1	222790316	222790667	LTR/ERVL-MaLR	1987	+	176	222790492	91699
chr1	222698793	222898793	harbor1	chr1	222794418	222794721	LTR/ERVL-MaLR	1683	+	152	222794570	95777
chr1	222698793	222898793	harbor1	chr1	222796506	222796609	LTR/ERVL-MaLR	1683	+	52	222796558	97765
chr1	104841676	105041676	harbor1	chr1	104854637	104854827	LTR/ERVL-MaLR	421	+	95	104854732	13056
chr1	104841676	105041676	harbor1	chr1	104855544	104855661	LTR/ERVL-MaLR	839	+	58	104855602	13926
chr1	104841676	105041676	harbor1	chr1	104856445	104856651	LTR/ERVL-MaLR	839	+	103	104856548	14872
chr1	104841676	105041676	harbor1	chr1	104877351	104877706	LTR/ERVL-MaLR	1774	+	178	104877529	35853
chr1	104841676	105041676	harbor1	chr1	104877707	104879259	LTR/ERVL-MaLR	10591	+	776	104878483	36807
chr1	104841676	105041676	harbor1	chr1	104879260	104879551	LTR/ERVL-MaLR	1612	+	146	104879406	37730
chr1	104841676	105041676	harbor1	chr1	104879577	104879629	LTR/ERVL-MaLR	1612	+	26	104879603	37927
chr1	104841676	105041676	harbor1	chr1	104886420	104886887	LTR/ERVL-MaLR	1637	+	234	104886654	44978
chr1	104841676	105041676	harbor1	chr1	104895306	104895447	LTR/ERVL-MaLR	528	+	70	104895376	53700
chr1	104841676	105041676	harbor1	chr1	104934316	104934694	LTR/ERVL-MaLR	1147	+	189	104934505	92829
chr1	104841676	105041676	harbor1	chr1	104906566	104906885	LTR/ERVL-MaLR	931	+	160	104906726	65050
chr1	150352413	150552413	harbor1	chr1	150432383	150432494	LTR/ERVL-MaLR	750	+	56	150432439	80026
chr1	150352413	150552413	harbor1	chr1	150451367	150451392	LTR/ERVL-MaLR	1594	+	12	150451379	98966
chr1	150352413	150552413	harbor1	chr1	150451694	150451858	LTR/ERVL-MaLR	1594	+	82	150451776	99363
chr1	150352413	150552413	harbor1	chr1	150452160	150452446	LTR/ERVL-MaLR	1594	+	143	150452303	99890
chr1	94585470	94785470	harbor1	chr1	94606811	94606990	LTR/ERVL-MaLR	582	+	90	94606901	21431
chr1	94585470	94785470	harbor1	chr1	94611094	94611616	LTR/ERVL-MaLR	1529	+	261	94611355	25885
chr1	94585470	94785470	harbor1	chr1	94638068	94638221	LTR/ERVL-MaLR	1642	+	76	94638144	52674
chr1	94585470	94785470	harbor1	chr1	94638586	94638745	LTR/ERVL-MaLR	1642	+	80	94638666	53196
chr1	181147469	181347469	harbor1	chr1	181170580	181171001	LTR/ERVL-MaLR	1473	+	210	181170790	23321
chr1	181147469	181347469	harbor1	chr1	181174892	181175347	LTR/ERVL-MaLR	1433	+	228	181175120	27651
chr1	181147469	181347469	harbor1	chr1	181176502	181176673	LTR/ERVL-MaLR	1894	+	86	181176588	29119
chr1	181147469	181347469	harbor1	chr1	181176972	181177242	LTR/ERVL-MaLR	1894	+	135	181177107	29638
chr1	181147469	181347469	harbor1	chr1	181182339	181182615	LTR/ERVL-MaLR	788	+	138	181182477	35008
chr1	181147469	181347469	harbor1	chr1	181193656	181194021	LTR/ERVL-MaLR	2288	+	182	181193838	46369
chr1	181147469	181347469	harbor1	chr1	181194024	181195585	LTR/ERVL-MaLR	11397	+	780	181194804	47335
chr1	181147469	181347469	harbor1	chr1	181195591	181195956	LTR/ERVL-MaLR	2351	+	182	181195773	48304
chr1	181147469	181347469	harbor1	chr1	181222269	181222604	LTR/ERVL-MaLR	892	+	168	181222437	74968
chr1	181147469	181347469	harbor1	chr1	181224175	181224690	LTR/ERVL-MaLR	1645	+	258	181224433	76964
chr1	181147469	181347469	harbor1	chr1	181227771	181228121	LTR/ERVL-MaLR	903	+	175	181227946	80477
chr1	181147469	181347469	harbor1	chr1	181228408	181228811	LTR/ERVL-MaLR	617	+	202	181228610	81141
chr1	203560383	203760383	harbor1	chr1	203561332	203561446	LTR/ERVL-MaLR	584	+	57	203561389	1006
chr1	203560383	203760383	harbor1	chr1	203566900	203567019	LTR/ERVL-MaLR	1472	+	60	203566960	6577
chr1	203560383	203760383	harbor1	chr1	203567323	203567372	LTR/ERVL-MaLR	1472	+	24	203567347	6964
chr1	203560383	203760383	harbor1	chr1	203567680	203567919	LTR/ERVL-MaLR	1472	+	120	203567800	7417
chr1	203560383	203760383	harbor1	chr1	203568231	203568296	LTR/ERVL-MaLR	1472	+	32	203568263	7880
chr1	89226195	89426195	harbor1	chr1	89241758	89242185	LTR/ERVL-MaLR	2593	+	214	89241972	15777
chr1	89226195	89426195	harbor1	chr1	89263143	89263456	LTR/ERVL-MaLR	531	+	156	89263299	37104
chr1	89226195	89426195	harbor1	chr1	89278567	89278950	LTR/ERVL-MaLR	818	+	192	89278759	52564
chr1	89226195	89426195	harbor1	chr1	89279245	89279616	LTR/ERVL-MaLR	1704	+	186	89279431	53236
chr1	89226195	89426195	harbor1	chr1	89283779	89285208	LTR/ERVL-MaLR	10214	+	714	89284493	58298
chr1	89226195	89426195	harbor1	chr1	89285219	89285481	LTR/ERVL-MaLR	1431	+	131	89285350	59155
chr1	89226195	89426195	harbor1	chr1	89297485	89297820	LTR/ERVL-MaLR	1477	+	168	89297653	71458
chr1	89226195	89426195	harbor1	chr1	89306524	89306694	LTR/ERVL-MaLR	736	+	85	89306609	80414
chr1	89226195	89426195	harbor1	chr1	89308013	89308434	LTR/ERVL-MaLR	2169	+	210	89308223	82028
chr1	50085083	50285083	harbor1	chr1	50087584	50087951	LTR/ERVL-MaLR	1437	+	184	50087768	2685
chr1	50085083	50285083	harbor1	chr1	50153687	50154060	LTR/ERVL-MaLR	1571	+	186	50153873	68790
chr1	8241903	8441903	harbor1	chr1	8265615	8265780	LTR/ERVL-MaLR	788	+	82	8265697	23794
chr1	8241903	8441903	harbor1	chr1	8281380	8281752	LTR/ERVL-MaLR	2343	+	186	8281566	39663
chr1	8241903	8441903	harbor1	chr1	8311062	8311281	LTR/ERVL-MaLR	949	+	110	8311172	69269
chr1	8241903	8441903	harbor1	chr1	8311401	8311705	LTR/ERVL-MaLR	1770	+	152	8311553	69650
chr1	29488753	29688753	harbor1	chr1	29493240	29493636	LTR/ERVL-MaLR	2534	+	198	29493438	4685
chr1	29488753	29688753	harbor1	chr1	29538606	29538972	LTR/ERVL-MaLR	532	+	183	29538789	50036
chr1	29488753	29688753	harbor1	chr1	29543305	29543655	LTR/ERVL-MaLR	1700	+	175	29543480	54727
chr1	29488753	29688753	harbor1	chr1	29544293	29544804	LTR/ERVL-MaLR	946	+	256	29544549	55796
chr1	59479253	59679253	harbor1	chr1	59485178	59485569	LTR/ERVL-MaLR	674	+	196	59485374	6121
chr1	59479253	59679253	harbor1	chr1	59514549	59514901	LTR/ERVL-MaLR	2897	+	176	59514725	35472
chr1	59479253	59679253	harbor1	chr1	59514902	59514997	LTR/ERVL-MaLR	599	+	48	59514950	35697
chr1	59479253	59679253	harbor1	chr1	59514977	59515087	LTR/ERVL-MaLR	847	+	55	59515032	35779
chr1	59479253	59679253	harbor1	chr1	59515081	59515522	LTR/ERVL-MaLR	3356	+	220	59515301	36048
chr1	59479253	59679253	harbor1	chr1	59515523	59515871	LTR/ERVL-MaLR	2473	+	174	59515697	36444
chr1	59479253	59679253	harbor1	chr1	59518471	59518891	LTR/ERVL-MaLR	3026	+	210	59518681	39428
chr1	154896235	155096235	harbor1	chr1	154913762	154914165	LTR/ERVL-MaLR	2596	+	202	154913964	17729
chr1	29719198	29919198	harbor1	chr1	29750309	29750873	LTR/ERVL-MaLR	1178	+	282	29750591	31393
chr1	29719198	29919198	harbor1	chr1	29767856	29768147	LTR/ERVL-MaLR	839	+	146	29768002	48804
chr1	29719198	29919198	harbor1	chr1	29807239	29807590	LTR/ERVL-MaLR	2523	+	176	29807415	88217
chr1	105798872	105998872	harbor1	chr1	105811463	105811822	LTR/ERVL-MaLR	1628	+	180	105811643	12771
chr1	105798872	105998872	harbor1	chr1	105838129	105838505	LTR/ERVL-MaLR	2017	+	188	105838317	39445
chr1	105798872	105998872	harbor1	chr1	105838510	105840183	LTR/ERVL-MaLR	9375	+	836	105839346	40474
chr1	105798872	105998872	harbor1	chr1	105840195	105840555	LTR/ERVL-MaLR	1978	+	180	105840375	41503
chr1	105798872	105998872	harbor1	chr1	105849147	105849523	LTR/ERVL-MaLR	1680	+	188	105849335	50463
chr1	105798872	105998872	harbor1	chr1	105849524	105850967	LTR/ERVL-MaLR	8393	+	722	105850246	51374
chr1	105798872	105998872	harbor1	chr1	105851567	105851774	LTR/ERVL-MaLR	8393	+	104	105851671	52799
chr1	105798872	105998872	harbor1	chr1	105851775	105852169	LTR/ERVL-MaLR	1778	+	197	105851972	53100
chr1	105798872	105998872	harbor1	chr1	105863809	105864198	LTR/ERVL-MaLR	1505	+	194	105864003	65131
chr1	105798872	105998872	harbor1	chr1	105885480	105885686	LTR/ERVL-MaLR	1041	+	103	105885583	86711
chr1	105798872	105998872	harbor1	chr1	105885755	105886269	LTR/ERVL-MaLR	1101	+	257	105886012	87140
chr1	109248550	109448550	harbor1	chr1	109302969	109303073	LTR/ERVL-MaLR	429	+	52	109303021	54471
chr1	215718321	215918321	harbor1	chr1	215728995	215729237	LTR/ERVL-MaLR	660	+	121	215729116	10795
chr1	215718321	215918321	harbor1	chr1	215806984	215807096	LTR/ERVL-MaLR	613	+	56	215807040	88719
chr1	215718321	215918321	harbor1	chr1	215807107	215807366	LTR/ERVL-MaLR	1124	+	130	215807237	88916
chr1	215718321	215918321	harbor1	chr1	215814557	215814808	LTR/ERVL-MaLR	1331	+	126	215814683	96362
chr1	111130357	111330357	harbor1	chr1	111217246	111217780	LTR/ERVL-MaLR	855	+	267	111217513	87156
chr1	219270043	219470043	harbor1	chr1	219283934	219284283	LTR/ERVL-MaLR	1888	+	174	219284108	14065
chr1	219270043	219470043	harbor1	chr1	219287712	219288088	LTR/ERVL-MaLR	1986	+	188	219287900	17857
chr1	219270043	219470043	harbor1	chr1	219307626	219307971	LTR/ERVL-MaLR	2201	+	172	219307798	37755
chr1	219270043	219470043	harbor1	chr1	219307968	219309462	LTR/ERVL-MaLR	10116	+	747	219308715	38672
chr1	219270043	219470043	harbor1	chr1	219309463	219309816	LTR/ERVL-MaLR	2291	+	176	219309639	39596
chr1	219270043	219470043	harbor1	chr1	219327636	219327977	LTR/ERVL-MaLR	1865	+	170	219327806	57763
chr1	219270043	219470043	harbor1	chr1	219332373	219332551	LTR/ERVL-MaLR	667	+	89	219332462	62419
chr1	219270043	219470043	harbor1	chr1	219338288	219338498	LTR/ERVL-MaLR	596	+	105	219338393	68350
chr1	219270043	219470043	harbor1	chr1	219363742	219364340	LTR/ERVL-MaLR	880	+	299	219364041	93998
chr1	237802493	238002493	harbor1	chr1	237846861	237847242	LTR/ERVL-MaLR	1083	+	190	237847051	44558
chr1	237802493	238002493	harbor1	chr1	237847522	237847579	LTR/ERVL-MaLR	986	+	28	237847550	45057
chr1	237802493	238002493	harbor1	chr1	237857803	237858180	LTR/ERVL-MaLR	1888	+	188	237857991	55498
chr1	237802493	238002493	harbor1	chr1	237863330	237863731	LTR/ERVL-MaLR	816	+	200	237863530	61037
chr1	237802493	238002493	harbor1	chr1	237876367	237876419	LTR/ERVL-MaLR	686	+	26	237876393	73900
chr1	237802493	238002493	harbor1	chr1	237876762	237877015	LTR/ERVL-MaLR	686	+	126	237876888	74395
chr1	25981437	26181437	harbor1	chr1	25981548	25981739	LTR/ERVL-MaLR	840	+	96	25981644	207
chr1	25981437	26181437	harbor1	chr1	25982045	25982330	LTR/ERVL-MaLR	840	+	142	25982187	750
chr1	25981437	26181437	harbor1	chr1	25983717	25983801	LTR/ERVL-MaLR	437	+	42	25983759	2322
chr1	25981437	26181437	harbor1	chr1	25984619	25984758	LTR/ERVL-MaLR	512	+	70	25984689	3252
chr1	25981437	26181437	harbor1	chr1	25992745	25993229	LTR/ERVL-MaLR	756	+	242	25992987	11550
chr1	25981437	26181437	harbor1	chr1	26070420	26070913	LTR/ERVL-MaLR	1011	+	246	26070666	89229
chr1	25981437	26181437	harbor1	chr1	26077758	26077912	LTR/ERVL-MaLR	931	+	77	26077835	96398
chr1	25981437	26181437	harbor1	chr1	26079055	26079219	LTR/ERVL-MaLR	788	+	82	26079137	97700
chr1	116082008	116282008	harbor1	chr1	116139749	116140110	LTR/ERVL-MaLR	1555	+	180	116139929	57921
chr1	116082008	116282008	harbor1	chr1	116161510	116161851	LTR/ERVL-MaLR	1587	+	170	116161680	79672
chr1	116082008	116282008	harbor1	chr1	116177355	116177700	LTR/ERVL-MaLR	935	+	172	116177527	95519
chr1	13675368	13875368	harbor1	chr1	13692272	13692382	LTR/ERVL-MaLR	1482	+	55	13692327	16959
chr1	13675368	13875368	harbor1	chr1	13692516	13692794	LTR/ERVL-MaLR	1482	+	139	13692655	17287
chr1	13675368	13875368	harbor1	chr1	13693417	13693477	LTR/ERVL-MaLR	1482	+	30	13693447	18079
chr1	13675368	13875368	harbor1	chr1	13697624	13698098	LTR/ERVL-MaLR	1907	+	237	13697861	22493
chr1	176134461	176334461	harbor1	chr1	176146314	176146814	LTR/ERVL-MaLR	1345	+	250	176146564	12103
chr1	176134461	176334461	harbor1	chr1	176164310	176164536	LTR/ERVL-MaLR	690	+	113	176164423	29962
chr1	176134461	176334461	harbor1	chr1	176185475	176185872	LTR/ERVL-MaLR	464	+	198	176185673	51212
chr1	176134461	176334461	harbor1	chr1	176187840	176188205	LTR/ERVL-MaLR	1454	+	182	176188022	53561
chr1	176134461	176334461	harbor1	chr1	176196990	176197158	LTR/ERVL-MaLR	538	+	84	176197074	62613
chr1	176134461	176334461	harbor1	chr1	176197436	176197572	LTR/ERVL-MaLR	848	+	68	176197504	63043
chr1	176134461	176334461	harbor1	chr1	176210990	176211333	LTR/ERVL-MaLR	1281	+	172	176211162	76701
chr1	176134461	176334461	harbor1	chr1	176214615	176214754	LTR/ERVL-MaLR	716	+	70	176214685	80224
chr1	176134461	176334461	harbor1	chr1	176215316	176215554	LTR/ERVL-MaLR	511	+	119	176215435	80974
chr1	176134461	176334461	harbor1	chr1	176215581	176215716	LTR/ERVL-MaLR	511	+	68	176215649	81188
chr1	176134461	176334461	harbor1	chr1	176216059	176216189	LTR/ERVL-MaLR	511	+	65	176216124	81663
chr1	176134461	176334461	harbor1	chr1	176218370	176218729	LTR/ERVL-MaLR	2127	+	180	176218550	84089
chr1	176134461	176334461	harbor1	chr1	176230786	176231136	LTR/ERVL-MaLR	2160	+	175	176230961	96500
chr1	230352990	230552990	harbor1	chr1	230360419	230360780	LTR/ERVL-MaLR	2118	+	180	230360599	7609
chr1	230352990	230552990	harbor1	chr1	230420433	230420799	LTR/ERVL-MaLR	2006	+	183	230420616	67626
chr1	168750546	168950546	harbor1	chr1	168786792	168787303	LTR/ERVL-MaLR	1199	+	256	168787048	36502
chr1	168750546	168950546	harbor1	chr1	168802012	168802127	LTR/ERVL-MaLR	665	+	58	168802070	51524
chr1	168750546	168950546	harbor1	chr1	168824874	168825350	LTR/ERVL-MaLR	1669	+	238	168825112	74566
chr1	171264660	171464660	harbor1	chr1	171268816	171269160	LTR/ERVL-MaLR	2071	+	172	171268988	4328
chr1	171264660	171464660	harbor1	chr1	171269169	171269446	LTR/ERVL-MaLR	1899	+	138	171269307	4647
chr1	171264660	171464660	harbor1	chr1	171271682	171272974	LTR/ERVL-MaLR	9376	+	646	171272328	7668
chr1	171264660	171464660	harbor1	chr1	171272976	171273331	LTR/ERVL-MaLR	2070	+	178	171273154	8494
chr1	171264660	171464660	harbor1	chr1	171299518	171299655	LTR/ERVL-MaLR	492	+	68	171299586	34926
chr1	171264660	171464660	harbor1	chr1	171342073	171342430	LTR/ERVL-MaLR	2778	+	178	171342251	77591
chr1	171264660	171464660	harbor1	chr1	171345842	171346210	LTR/ERVL-MaLR	2532	+	184	171346026	81366
chr1	195409037	195609037	harbor1	chr1	195489619	195490033	LTR/ERVL-MaLR	1298	+	207	195489826	80789
chr1	195409037	195609037	harbor1	chr1	195490152	195490631	LTR/ERVL-MaLR	1298	+	240	195490392	81355
chr1	195409037	195609037	harbor1	chr1	195490653	195490925	LTR/ERVL-MaLR	678	+	136	195490789	81752
chr1	195409037	195609037	harbor1	chr1	195500710	195501218	LTR/ERVL-MaLR	1389	+	254	195500964	91927
chr1	195409037	195609037	harbor1	chr1	195508276	195508668	LTR/ERVL-MaLR	1435	+	196	195508472	99435
chr1	198379030	198579030	harbor1	chr1	198394138	198394575	LTR/ERVL-MaLR	830	+	218	198394356	15326
chr1	198379030	198579030	harbor1	chr1	198399472	198399840	LTR/ERVL-MaLR	827	+	184	198399656	20626
chr1	198379030	198579030	harbor1	chr1	198427899	198428336	LTR/ERVL-MaLR	1262	+	218	198428117	49087
chr1	198379030	198579030	harbor1	chr1	198439200	198439620	LTR/ERVL-MaLR	2341	+	210	198439410	60380
chr1	198379030	198579030	harbor1	chr1	198450785	198451032	LTR/ERVL-MaLR	605	+	124	198450909	71879
chr1	198379030	198579030	harbor1	chr1	198469604	198469744	LTR/ERVL-MaLR	657	+	70	198469674	90644
chr1	198379030	198579030	harbor1	chr1	198470199	198470408	LTR/ERVL-MaLR	1044	+	104	198470303	91273
chr1	119147098	119347098	harbor1	chr1	119150458	119150757	LTR/ERVL-MaLR	1223	+	150	119150608	3510
chr1	119147098	119347098	harbor1	chr1	119163442	119163787	LTR/ERVL-MaLR	1699	+	172	119163614	16516
chr1	119147098	119347098	harbor1	chr1	119164032	119164075	LTR/ERVL-MaLR	1699	+	22	119164054	16956
chr1	119147098	119347098	harbor1	chr1	119203800	119203952	LTR/ERVL-MaLR	410	+	76	119203876	56778
chr1	119147098	119347098	harbor1	chr1	119203978	119204203	LTR/ERVL-MaLR	406	+	112	119204090	56992
chr1	119147098	119347098	harbor1	chr1	119240182	119240771	LTR/ERVL-MaLR	1847	+	294	119240476	93378
chr1	80621502	80821502	harbor1	chr1	80630829	80631273	LTR/ERVL-MaLR	2035	+	222	80631051	9549
chr1	80621502	80821502	harbor1	chr1	80648856	80649210	LTR/ERVL-MaLR	2632	+	177	80649033	27531
chr1	80621502	80821502	harbor1	chr1	80659327	80659441	LTR/ERVL-MaLR	493	+	57	80659384	37882
chr1	80621502	80821502	harbor1	chr1	80682292	80682687	LTR/ERVL-MaLR	1525	+	198	80682490	60988
chr1	80621502	80821502	harbor1	chr1	80693505	80694005	LTR/ERVL-MaLR	2475	+	250	80693755	72253
chr1	80621502	80821502	harbor1	chr1	80694007	80694435	LTR/ERVL-MaLR	5661	+	214	80694221	72719
chr1	80621502	80821502	harbor1	chr1	80694736	80695012	LTR/ERVL-MaLR	5661	+	138	80694874	73372
chr1	80621502	80821502	harbor1	chr1	80695629	80696359	LTR/ERVL-MaLR	5661	+	365	80695994	74492
chr1	80621502	80821502	harbor1	chr1	80696367	80696896	LTR/ERVL-MaLR	2342	+	264	80696631	75129
chr1	80621502	80821502	harbor1	chr1	80708195	80708556	LTR/ERVL-MaLR	1624	+	180	80708375	86873
chr1	208001267	208201267	harbor1	chr1	208006274	208006813	LTR/ERVL-MaLR	1698	+	270	208006544	5277
chr1	208001267	208201267	harbor1	chr1	208073607	208074051	LTR/ERVL-MaLR	2244	+	222	208073829	72562
chr1	239265468	239465468	harbor1	chr1	239271541	239271924	LTR/ERVL-MaLR	2407	+	192	239271733	6265
chr1	239265468	239465468	harbor1	chr1	239273336	239273738	LTR/ERVL-MaLR	1568	+	201	239273537	8069
chr1	239265468	239465468	harbor1	chr1	239276024	239276366	LTR/ERVL-MaLR	1205	+	171	239276195	10727
chr1	239265468	239465468	harbor1	chr1	239276720	239276792	LTR/ERVL-MaLR	1205	+	36	239276756	11288
chr1	239265468	239465468	harbor1	chr1	239301650	239302000	LTR/ERVL-MaLR	1931	+	175	239301825	36357
chr1	239265468	239465468	harbor1	chr1	239302564	239302675	LTR/ERVL-MaLR	1931	+	56	239302620	37152
chr1	239265468	239465468	harbor1	chr1	239332036	239332392	LTR/ERVL-MaLR	2268	+	178	239332214	66746
chr1	114302945	114502945	harbor1	chr1	114315180	114315408	LTR/ERVL-MaLR	721	+	114	114315294	12349
chr1	114302945	114502945	harbor1	chr1	114316177	114316557	LTR/ERVL-MaLR	2228	+	190	114316367	13422
chr1	114302945	114502945	harbor1	chr1	114317252	114317459	LTR/ERVL-MaLR	785	+	104	114317356	14411
chr1	114302945	114502945	harbor1	chr1	114330380	114330900	LTR/ERVL-MaLR	397	+	260	114330640	27695
chr1	114302945	114502945	harbor1	chr1	114337578	114337959	LTR/ERVL-MaLR	667	+	190	114337768	34823
chr1	114302945	114502945	harbor1	chr1	114340647	114340717	LTR/ERVL-MaLR	796	+	35	114340682	37737
chr1	114302945	114502945	harbor1	chr1	114341115	114341396	LTR/ERVL-MaLR	796	+	140	114341255	38310
chr1	114302945	114502945	harbor1	chr1	114342054	114342372	LTR/ERVL-MaLR	974	+	159	114342213	39268
chr1	114302945	114502945	harbor1	chr1	114344893	114345084	LTR/ERVL-MaLR	467	+	96	114344989	42044
chr1	79262110	79462110	harbor1	chr1	79265881	79266087	LTR/ERVL-MaLR	1615	+	103	79265984	3874
chr1	79262110	79462110	harbor1	chr1	79266389	79266549	LTR/ERVL-MaLR	1615	+	80	79266469	4359
chr1	79262110	79462110	harbor1	chr1	79272604	79272944	LTR/ERVL-MaLR	2073	+	170	79272774	10664
chr1	79262110	79462110	harbor1	chr1	79276586	79276931	LTR/ERVL-MaLR	1804	+	172	79276758	14648
chr1	79262110	79462110	harbor1	chr1	79278126	79278197	LTR/ERVL-MaLR	397	+	36	79278162	16052
chr1	87353233	87553233	harbor1	chr1	87358203	87358521	LTR/ERVL-MaLR	1010	+	159	87358362	5129
chr1	87353233	87553233	harbor1	chr1	87405591	87405937	LTR/ERVL-MaLR	2211	+	173	87405764	52531
chr1	87353233	87553233	harbor1	chr1	87443578	87443665	LTR/ERVL-MaLR	486	+	44	87443622	90389
chr1	87353233	87553233	harbor1	chr1	87445893	87446187	LTR/ERVL-MaLR	1429	+	147	87446040	92807
chr1	57087097	57287097	harbor1	chr1	57092297	57092657	LTR/ERVL-MaLR	2189	+	180	57092477	5380
chr1	57087097	57287097	harbor1	chr1	57139139	57139500	LTR/ERVL-MaLR	1666	+	180	57139319	52222
chr1	43567312	43767312	harbor1	chr1	43644989	43645217	LTR/ERVL-MaLR	434	+	114	43645103	77791
chr1	190839266	191039266	harbor1	chr1	190843068	190843437	LTR/ERVL-MaLR	2005	+	184	190843252	3986
chr1	190839266	191039266	harbor1	chr1	190855548	190855973	LTR/ERVL-MaLR	2148	+	212	190855760	16494
chr1	190839266	191039266	harbor1	chr1	190855974	190856441	LTR/ERVL-MaLR	2658	+	234	190856208	16942
chr1	190839266	191039266	harbor1	chr1	190858145	190859316	LTR/ERVL-MaLR	6079	+	586	190858731	19465
chr1	190839266	191039266	harbor1	chr1	190859317	190859471	LTR/ERVL-MaLR	963	+	77	190859394	20128
chr1	190839266	191039266	harbor1	chr1	190861399	190861409	LTR/ERVL-MaLR	963	+	5	190861404	22138
chr1	190839266	191039266	harbor1	chr1	190861730	190862005	LTR/ERVL-MaLR	1567	+	138	190861868	22602
chr1	190839266	191039266	harbor1	chr1	190886487	190887234	LTR/ERVL-MaLR	1130	+	374	190886861	47595
chr1	190839266	191039266	harbor1	chr1	190897773	190898139	LTR/ERVL-MaLR	1694	+	183	190897956	58690
chr1	190839266	191039266	harbor1	chr1	190910755	190910898	LTR/ERVL-MaLR	483	+	72	190910827	71561
chr1	190839266	191039266	harbor1	chr1	190914635	190914994	LTR/ERVL-MaLR	2224	+	180	190914815	75549
chr1	190839266	191039266	harbor1	chr1	190914997	190916634	LTR/ERVL-MaLR	8822	+	818	190915815	76549
chr1	190839266	191039266	harbor1	chr1	190916637	190916970	LTR/ERVL-MaLR	2116	+	166	190916803	77537
chr1	190839266	191039266	harbor1	chr1	190923720	190924717	LTR/ERVL-MaLR	3106	+	498	190924218	84952
chr1	190839266	191039266	harbor1	chr1	190924953	190925261	LTR/ERVL-MaLR	1683	+	154	190925107	85841
chr1	190839266	191039266	harbor1	chr1	190925313	190925684	LTR/ERVL-MaLR	1436	+	186	190925499	86233
chr1	190839266	191039266	harbor1	chr1	190929548	190930588	LTR/ERVL-MaLR	6957	+	520	190930068	90802
chr1	190839266	191039266	harbor1	chr1	190930589	190930968	LTR/ERVL-MaLR	1872	+	190	190930779	91513
chr1	190839266	191039266	harbor1	chr1	190931687	190932134	LTR/ERVL-MaLR	1053	+	224	190931911	92645
chr1	17977487	18177487	harbor1	chr1	17977355	17977634	LTR/ERVL-MaLR	569	+	140	17977495	8
chr1	17977487	18177487	harbor1	chr1	17977722	17977987	LTR/ERVL-MaLR	648	+	132	17977854	367
chr1	17977487	18177487	harbor1	chr1	17992117	17992303	LTR/ERVL-MaLR	506	+	93	17992210	14723
chr1	17977487	18177487	harbor1	chr1	17994611	17994951	LTR/ERVL-MaLR	1596	+	170	17994781	17294
chr1	17977487	18177487	harbor1	chr1	18006978	18007121	LTR/ERVL-MaLR	432	+	72	18007050	29563
chr1	17977487	18177487	harbor1	chr1	18021019	18021427	LTR/ERVL-MaLR	472	+	204	18021223	43736
chr1	17977487	18177487	harbor1	chr1	18065455	18065957	LTR/ERVL-MaLR	1715	+	251	18065706	88219
chr1	17977487	18177487	harbor1	chr1	18068627	18069018	LTR/ERVL-MaLR	572	+	196	18068823	91336
chr1	17977487	18177487	harbor1	chr1	18072488	18073000	LTR/ERVL-MaLR	1508	+	256	18072744	95257
chr1	38246	238246	harbor1	chr1	38256	39464	LTR/ERVL-MaLR	3877	+	604	38860	614
chr1	38246	238246	harbor1	chr1	39465	39623	LTR/ERVL-MaLR	750	+	79	39544	1298
chr1	38246	238246	harbor1	chr1	39925	40294	LTR/ERVL-MaLR	783	+	184	40109	1863
chr1	38246	238246	harbor1	chr1	89859	90056	LTR/ERVL-MaLR	478	+	98	89957	51711
chr1	38246	238246	harbor1	chr1	97802	98085	LTR/ERVL-MaLR	596	+	142	97944	59698
chr1	38246	238246	harbor1	chr1	103468	103616	LTR/ERVL-MaLR	2110	+	74	103542	65296
chr1	38246	238246	harbor1	chr1	103910	104160	LTR/ERVL-MaLR	2110	+	125	104035	65789
chr1	38246	238246	harbor1	chr1	104197	104215	LTR/ERVL-MaLR	2110	+	9	104206	65960
chr1	38246	238246	harbor1	chr1	107481	107773	LTR/ERVL-MaLR	1064	+	146	107627	69381
chr1	38246	238246	harbor1	chr1	113692	114101	LTR/ERVL-MaLR	1094	+	204	113896	75650
chr1	38246	238246	harbor1	chr1	117611	118100	LTR/ERVL-MaLR	1910	+	244	117855	79609
chr1	37092934	37292934	harbor1	chr1	37096604	37096920	LTR/ERVL-MaLR	420	+	158	37096762	3828
chr1	37092934	37292934	harbor1	chr1	37100393	37100693	LTR/ERVL-MaLR	795	+	150	37100543	7609
chr1	37092934	37292934	harbor1	chr1	37113370	37113801	LTR/ERVL-MaLR	1255	+	216	37113586	20652
chr1	37092934	37292934	harbor1	chr1	37118689	37118887	LTR/ERVL-MaLR	616	+	99	37118788	25854
chr1	37092934	37292934	harbor1	chr1	37122584	37123074	LTR/ERVL-MaLR	772	+	245	37122829	29895
chr1	37092934	37292934	harbor1	chr1	37159844	37160222	LTR/ERVL-MaLR	2466	+	189	37160033	67099
chr1	243422589	243622589	harbor1	chr1	243520059	243520443	LTR/ERVL-MaLR	2182	+	192	243520251	97662
chr1	51095933	51295933	harbor1	chr1	51149599	51149968	LTR/ERVL-MaLR	427	+	184	51149783	53850
chr1	184683952	184883952	harbor1	chr1	184773423	184773815	LTR/ERVL-MaLR	659	+	196	184773619	89667
chr1	184683952	184883952	harbor1	chr1	184775416	184775778	LTR/ERVL-MaLR	669	+	181	184775597	91645
chr1	184683952	184883952	harbor1	chr1	184776111	184776536	LTR/ERVL-MaLR	1185	+	212	184776323	92371
chr1	184683952	184883952	harbor1	chr1	184781225	184781632	LTR/ERVL-MaLR	1537	+	204	184781429	97477
chr1	53608248	53808248	harbor1	chr1	53622483	53622892	LTR/ERVL-MaLR	918	+	204	53622687	14439
chr1	53608248	53808248	harbor1	chr1	53657376	53657871	LTR/ERVL-MaLR	1131	+	248	53657624	49376
chr1	90117123	90317123	harbor1	chr1	90126889	90127247	LTR/ERVL-MaLR	2127	+	179	90127068	9945
chr1	90117123	90317123	harbor1	chr1	90203251	90203598	LTR/ERVL-MaLR	1701	+	174	90203425	86302
chr1	103162050	103362050	harbor1	chr1	103197120	103197673	LTR/ERVL-MaLR	1216	+	276	103197396	35346
chr1	103162050	103362050	harbor1	chr1	103223628	103224059	LTR/ERVL-MaLR	2280	+	216	103223844	61794
chr1	103162050	103362050	harbor1	chr1	103224060	103225628	LTR/ERVL-MaLR	6082	+	784	103224844	62794
chr1	103162050	103362050	harbor1	chr1	103225629	103226063	LTR/ERVL-MaLR	2187	+	217	103225846	63796
chr1	103162050	103362050	harbor1	chr1	103235696	103237140	LTR/ERVL-MaLR	9815	+	722	103236418	74368
chr1	103162050	103362050	harbor1	chr1	103237142	103237490	LTR/ERVL-MaLR	2525	+	174	103237316	75266
chr1	103162050	103362050	harbor1	chr1	103252144	103252542	LTR/ERVL-MaLR	2103	+	199	103252343	90293
chr1	103162050	103362050	harbor1	chr1	103253449	103253719	LTR/ERVL-MaLR	992	+	135	103253584	91534
chr1	103162050	103362050	harbor1	chr1	103235330	103235695	LTR/ERVL-MaLR	2052	+	182	103235512	73462
chr1	186598105	186798105	harbor1	chr1	186623297	186623385	LTR/ERVL-MaLR	396	+	44	186623341	25236
chr1	186598105	186798105	harbor1	chr1	186649448	186649547	LTR/ERVL-MaLR	1742	+	50	186649498	51393
chr1	186598105	186798105	harbor1	chr1	186649857	186650025	LTR/ERVL-MaLR	1742	+	84	186649941	51836
chr1	186598105	186798105	harbor1	chr1	186650281	186650470	LTR/ERVL-MaLR	1742	+	94	186650375	52270
chr1	186598105	186798105	harbor1	chr1	186659150	186659318	LTR/ERVL-MaLR	449	+	84	186659234	61129
chr1	186598105	186798105	harbor1	chr1	186666893	186667256	LTR/ERVL-MaLR	1542	+	182	186667075	68970
chr1	160259693	160459693	harbor1	chr1	160296202	160296731	LTR/ERVL-MaLR	2372	+	264	160296466	36773
chr1	65858547	66058547	harbor1	chr1	65880423	65880790	LTR/ERVL-MaLR	2047	+	184	65880607	22060
chr1	65858547	66058547	harbor1	chr1	65930376	65930921	LTR/ERVL-MaLR	3898	+	272	65930648	72101
chr1	65858547	66058547	harbor1	chr1	65930922	65931344	LTR/ERVL-MaLR	2659	+	211	65931133	72586
chr1	65858547	66058547	harbor1	chr1	65939167	65939523	LTR/ERVL-MaLR	422	+	178	65939345	80798
chr1	65858547	66058547	harbor1	chr1	65947470	65947920	LTR/ERVL-MaLR	1992	+	225	65947695	89148
chr1	65858547	66058547	harbor1	chr1	65953296	65953710	LTR/ERVL-MaLR	1513	+	207	65953503	94956
chr1	70933892	71133892	harbor1	chr1	70944217	70944591	LTR/ERVL-MaLR	724	+	187	70944404	10512
chr1	70933892	71133892	harbor1	chr1	70947198	70947555	LTR/ERVL-MaLR	2620	+	178	70947376	13484
chr1	70933892	71133892	harbor1	chr1	70948172	70948531	LTR/ERVL-MaLR	2151	+	180	70948352	14460
chr1	70933892	71133892	harbor1	chr1	70953450	70953621	LTR/ERVL-MaLR	399	+	86	70953536	19644
chr1	70933892	71133892	harbor1	chr1	70959836	70960269	LTR/ERVL-MaLR	2092	+	216	70960052	26160
chr1	70933892	71133892	harbor1	chr1	70988315	70988783	LTR/ERVL-MaLR	1349	+	234	70988549	54657
chr1	70933892	71133892	harbor1	chr1	71014456	71014826	LTR/ERVL-MaLR	1844	+	185	71014641	80749
chr1	70933892	71133892	harbor1	chr1	71017015	71017475	LTR/ERVL-MaLR	1479	+	230	71017245	83353
chr1	70933892	71133892	harbor1	chr1	71017476	71017775	LTR/ERVL-MaLR	1497	+	150	71017626	83734
chr1	70933892	71133892	harbor1	chr1	70942619	70943015	LTR/ERVL-MaLR	1656	+	198	70942817	8925
chr1	248431237	248631237	harbor1	chr1	248442893	248443241	LTR/ERVL-MaLR	2194	+	174	248443067	11830
chr1	248431237	248631237	harbor1	chr1	248512441	248512769	LTR/ERVL-MaLR	1415	+	164	248512605	81368
chr1	210507012	210707012	harbor1	chr1	210529489	210529589	LTR/ERVL-MaLR	431	+	50	210529539	22527
chr1	210507012	210707012	harbor1	chr1	210529834	210529940	LTR/ERVL-MaLR	497	+	53	210529887	22875
chr1	172112720	172312720	harbor1	chr1	172117319	172117671	LTR/ERVL-MaLR	2630	+	176	172117495	4775
chr1	172112720	172312720	harbor1	chr1	172175978	172176471	LTR/ERVL-MaLR	2082	+	246	172176224	63504
chr1	172112720	172312720	harbor1	chr1	172176492	172176730	LTR/ERVL-MaLR	1125	+	119	172176611	63891
chr1	172112720	172312720	harbor1	chr1	172208996	172209406	LTR/ERVL-MaLR	2102	+	205	172209201	96481
chr1	17904948	18104948	harbor1	chr1	17904783	17905294	LTR/ERVL-MaLR	2336	+	256	17905039	91
chr1	17904948	18104948	harbor1	chr1	17905927	17906053	LTR/ERVL-MaLR	756	+	63	17905990	1042
chr1	17904948	18104948	harbor1	chr1	17913346	17913492	LTR/ERVL-MaLR	975	+	73	17913419	8471
chr1	17904948	18104948	harbor1	chr1	17924769	17924917	LTR/ERVL-MaLR	564	+	74	17924843	19895
chr1	17904948	18104948	harbor1	chr1	17936024	17936207	LTR/ERVL-MaLR	2190	+	92	17936116	31168
chr1	17904948	18104948	harbor1	chr1	17936566	17936736	LTR/ERVL-MaLR	2190	+	85	17936651	31703
chr1	17904948	18104948	harbor1	chr1	17938512	17938803	LTR/ERVL-MaLR	409	+	146	17938658	33710
chr1	17904948	18104948	harbor1	chr1	17958831	17959215	LTR/ERVL-MaLR	2028	+	192	17959023	54075
chr1	17904948	18104948	harbor1	chr1	17961887	17962303	LTR/ERVL-MaLR	789	+	208	17962095	57147
chr1	17904948	18104948	harbor1	chr1	17962475	17962786	LTR/ERVL-MaLR	657	+	156	17962631	57683
chr1	17904948	18104948	harbor1	chr1	17965783	17965981	LTR/ERVL-MaLR	415	+	99	17965882	60934
chr1	17904948	18104948	harbor1	chr1	17976921	17977266	LTR/ERVL-MaLR	834	+	172	17977093	72145
chr1	17904948	18104948	harbor1	chr1	17977355	17977634	LTR/ERVL-MaLR	569	+	140	17977495	72547
chr1	17904948	18104948	harbor1	chr1	17977722	17977987	LTR/ERVL-MaLR	648	+	132	17977854	72906
chr1	17904948	18104948	harbor1	chr1	17992117	17992303	LTR/ERVL-MaLR	506	+	93	17992210	87262
chr1	17904948	18104948	harbor1	chr1	17994611	17994951	LTR/ERVL-MaLR	1596	+	170	17994781	89833
chr1	119129690	119329690	harbor1	chr1	119150458	119150757	LTR/ERVL-MaLR	1223	+	150	119150608	20918
chr1	119129690	119329690	harbor1	chr1	119163442	119163787	LTR/ERVL-MaLR	1699	+	172	119163614	33924
chr1	119129690	119329690	harbor1	chr1	119164032	119164075	LTR/ERVL-MaLR	1699	+	22	119164054	34364
chr1	119129690	119329690	harbor1	chr1	119203800	119203952	LTR/ERVL-MaLR	410	+	76	119203876	74186
chr1	119129690	119329690	harbor1	chr1	119203978	119204203	LTR/ERVL-MaLR	406	+	112	119204090	74400
chr1	31393087	31593087	harbor1	chr1	31486198	31486549	LTR/ERVL-MaLR	2133	+	176	31486374	93287
chr1	31393087	31593087	harbor1	chr1	31489574	31489828	LTR/ERVL-MaLR	1998	+	127	31489701	96614
chr1	31393087	31593087	harbor1	chr1	31491845	31492016	LTR/ERVL-MaLR	667	+	86	31491931	98844
chr1	215658779	215858779	harbor1	chr1	215664635	215664950	LTR/ERVL-MaLR	1298	+	158	215664793	6014
chr1	215658779	215858779	harbor1	chr1	215689435	215689977	LTR/ERVL-MaLR	1105	+	271	215689706	30927
chr1	215658779	215858779	harbor1	chr1	215728995	215729237	LTR/ERVL-MaLR	660	+	121	215729116	70337
chr1	88548172	88748172	harbor1	chr1	88612179	88612357	LTR/ERVL-MaLR	463	+	89	88612268	64096
chr1	88548172	88748172	harbor1	chr1	88625348	88625450	LTR/ERVL-MaLR	432	+	51	88625399	77227
chr1	88548172	88748172	harbor1	chr1	88626175	88626416	LTR/ERVL-MaLR	516	+	120	88626295	78123
chr1	88548172	88748172	harbor1	chr1	88626648	88626711	LTR/ERVL-MaLR	516	+	32	88626680	78508
chr1	88548172	88748172	harbor1	chr1	88636672	88637027	LTR/ERVL-MaLR	2057	+	178	88636850	88678
chr1	166995668	167195668	harbor1	chr1	167009991	167010345	LTR/ERVL-MaLR	1944	+	177	167010168	14500
chr1	166995668	167195668	harbor1	chr1	167024465	167024853	LTR/ERVL-MaLR	1976	+	194	167024659	28991
chr1	166995668	167195668	harbor1	chr1	167036440	167036550	LTR/ERVL-MaLR	399	+	55	167036495	40827
chr1	166995668	167195668	harbor1	chr1	167074129	167074619	LTR/ERVL-MaLR	1595	+	245	167074374	78706
chr1	166995668	167195668	harbor1	chr1	167084414	167084887	LTR/ERVL-MaLR	876	+	236	167084650	88982
chr1	21172560	21372560	harbor1	chr1	21215780	21216107	LTR/ERVL-MaLR	1541	+	164	21215944	43384
chr1	21172560	21372560	harbor1	chr1	21266941	21267256	LTR/ERVL-MaLR	1647	+	158	21267099	94539
chr1	21172560	21372560	harbor1	chr1	21267630	21267673	LTR/ERVL-MaLR	1647	+	22	21267652	95092
chr1	164953409	165153409	harbor1	chr1	164962172	164962678	LTR/ERVL-MaLR	1342	+	253	164962425	9016
chr1	164953409	165153409	harbor1	chr1	164965625	164965876	LTR/ERVL-MaLR	828	+	126	164965751	12342
chr1	164953409	165153409	harbor1	chr1	165013334	165013554	LTR/ERVL-MaLR	411	+	110	165013444	60035
chr1	164953409	165153409	harbor1	chr1	165030268	165030789	LTR/ERVL-MaLR	2435	+	260	165030528	77119
chr1	3300137	3500137	harbor1	chr1	3333649	3334048	LTR/ERVL-MaLR	2148	+	200	3333849	33712
chr1	202066985	202266985	harbor1	chr1	202146200	202146455	LTR/ERVL-MaLR	1246	+	128	202146328	79343
chr1	202066985	202266985	harbor1	chr1	202146751	202146828	LTR/ERVL-MaLR	1246	+	38	202146789	79804
chr1	147613982	147813982	harbor1	chr1	147671802	147671885	LTR/ERVL-MaLR	425	+	42	147671844	57862
chr1	147613982	147813982	harbor1	chr1	147672521	147672600	LTR/ERVL-MaLR	425	+	40	147672561	58579
chr1	147613982	147813982	harbor1	chr1	147672612	147672829	LTR/ERVL-MaLR	1079	+	108	147672720	58738
chr1	147613982	147813982	harbor1	chr1	147675155	147675564	LTR/ERVL-MaLR	2265	+	204	147675359	61377
chr1	147613982	147813982	harbor1	chr1	147685477	147685836	LTR/ERVL-MaLR	1689	+	180	147685657	71675
chr1	147613982	147813982	harbor1	chr1	147687041	147687492	LTR/ERVL-MaLR	2839	+	226	147687267	73285
chr1	76801715	77001715	harbor1	chr1	76805797	76806197	LTR/ERVL-MaLR	1888	+	200	76805997	4282
chr1	76801715	77001715	harbor1	chr1	76806200	76806644	LTR/ERVL-MaLR	6443	+	222	76806422	4707
chr1	76801715	77001715	harbor1	chr1	76806934	76808169	LTR/ERVL-MaLR	6443	+	618	76807552	5837
chr1	76801715	77001715	harbor1	chr1	76809298	76809664	LTR/ERVL-MaLR	2573	+	183	76809481	7766
chr1	76801715	77001715	harbor1	chr1	76835782	76836136	LTR/ERVL-MaLR	785	+	177	76835959	34244
chr1	76801715	77001715	harbor1	chr1	76808170	76808576	LTR/ERVL-MaLR	1999	+	203	76808373	6658
chr1	195780808	195980808	harbor1	chr1	195785410	195785776	LTR/ERVL-MaLR	2241	+	183	195785593	4785
chr1	195780808	195980808	harbor1	chr1	195799157	195799515	LTR/ERVL-MaLR	1336	+	179	195799336	18528
chr1	195780808	195980808	harbor1	chr1	195799516	195800092	LTR/ERVL-MaLR	4009	+	288	195799804	18996
chr1	195780808	195980808	harbor1	chr1	195806463	195806922	LTR/ERVL-MaLR	1155	+	230	195806693	25885
chr1	195780808	195980808	harbor1	chr1	195864204	195864593	LTR/ERVL-MaLR	2068	+	194	195864398	83590
chr1	195119095	195319095	harbor1	chr1	195163164	195163572	LTR/ERVL-MaLR	819	+	204	195163368	44273
chr1	195119095	195319095	harbor1	chr1	195207274	195207632	LTR/ERVL-MaLR	1882	+	179	195207453	88358
chr1	195119095	195319095	harbor1	chr1	195207635	195209156	LTR/ERVL-MaLR	6932	+	760	195208395	89300
chr1	195119095	195319095	harbor1	chr1	195209159	195209532	LTR/ERVL-MaLR	1864	+	186	195209345	90250
chr1	177703164	177903164	harbor1	chr1	177772817	177772907	LTR/ERVL-MaLR	464	+	45	177772862	69698
chr1	177703164	177903164	harbor1	chr1	177773233	177774168	LTR/ERVL-MaLR	2448	+	468	177773701	70537
chr1	177703164	177903164	harbor1	chr1	177774365	177774700	LTR/ERVL-MaLR	2448	+	168	177774533	71369
chr1	240619405	240819405	harbor1	chr1	240636336	240636519	LTR/ERVL-MaLR	1147	+	92	240636428	17023
chr1	240619405	240819405	harbor1	chr1	240637075	240637282	LTR/ERVL-MaLR	1114	+	104	240637179	17774
chr1	240619405	240819405	harbor1	chr1	240641745	240642340	LTR/ERVL-MaLR	1466	+	298	240642043	22638
chr1	40176712	40376712	harbor1	chr1	40233566	40233704	LTR/ERVL-MaLR	483	+	69	40233635	56923
chr1	148079546	148279546	harbor1	chr1	148136552	148137013	LTR/ERVL-MaLR	1146	+	230	148136782	57236
chr1	148079546	148279546	harbor1	chr1	148137135	148137591	LTR/ERVL-MaLR	792	+	228	148137363	57817
chr1	148079546	148279546	harbor1	chr1	148169380	148169700	LTR/ERVL-MaLR	791	+	160	148169540	89994
chr1	148079546	148279546	harbor1	chr1	148173100	148173614	LTR/ERVL-MaLR	1984	+	257	148173357	93811
chr1	148079546	148279546	harbor1	chr1	148173615	148174008	LTR/ERVL-MaLR	952	+	196	148173811	94265
chr1	148079546	148279546	harbor1	chr1	148174067	148174451	LTR/ERVL-MaLR	875	+	192	148174259	94713
chr1	148079546	148279546	harbor1	chr1	148174465	148174977	LTR/ERVL-MaLR	2217	+	256	148174721	95175
chr1	169323770	169523770	harbor1	chr1	169340116	169340475	LTR/ERVL-MaLR	2111	+	180	169340296	16526
chr1	169323770	169523770	harbor1	chr1	169340476	169342094	LTR/ERVL-MaLR	10930	+	809	169341285	17515
chr1	169323770	169523770	harbor1	chr1	169342095	169342461	LTR/ERVL-MaLR	2385	+	183	169342278	18508
chr1	196966759	197166759	harbor1	chr1	197017863	197018244	LTR/ERVL-MaLR	1155	+	190	197018053	51294
chr1	196966759	197166759	harbor1	chr1	197021744	197022122	LTR/ERVL-MaLR	1958	+	189	197021933	55174
chr1	196966759	197166759	harbor1	chr1	197022123	197023723	LTR/ERVL-MaLR	11125	+	800	197022923	56164
chr1	196966759	197166759	harbor1	chr1	197023724	197023906	LTR/ERVL-MaLR	1951	+	91	197023815	57056
chr1	196966759	197166759	harbor1	chr1	197023933	197024100	LTR/ERVL-MaLR	1951	+	84	197024017	57258
chr1	196966759	197166759	harbor1	chr1	197053274	197053635	LTR/ERVL-MaLR	2694	+	180	197053454	86695
chr1	196966759	197166759	harbor1	chr1	197057564	197058139	LTR/ERVL-MaLR	1202	+	288	197057852	91093
chr1	196966759	197166759	harbor1	chr1	197017475	197017828	LTR/ERVL-MaLR	515	+	176	197017651	50892
chr1	218695033	218895033	harbor1	chr1	218707818	218708156	LTR/ERVL-MaLR	1274	+	169	218707987	12954
chr1	218695033	218895033	harbor1	chr1	218733350	218733934	LTR/ERVL-MaLR	2251	+	292	218733642	38609
chr1	218695033	218895033	harbor1	chr1	218740816	218741190	LTR/ERVL-MaLR	2234	+	187	218741003	45970
chr1	218695033	218895033	harbor1	chr1	218779828	218779981	LTR/ERVL-MaLR	448	+	76	218779904	84871
chr1	218695033	218895033	harbor1	chr1	218781976	218782128	LTR/ERVL-MaLR	2352	+	76	218782052	87019
chr1	218695033	218895033	harbor1	chr1	218782463	218782751	LTR/ERVL-MaLR	2352	+	144	218782607	87574
chr1	218695033	218895033	harbor1	chr1	218789375	218789680	LTR/ERVL-MaLR	1495	+	152	218789527	94494
chr1	88781685	88981685	harbor1	chr1	88878547	88879077	LTR/ERVL-MaLR	532	+	265	88878812	97127
chr1	71611143	71811143	harbor1	chr1	71682661	71683081	LTR/ERVL-MaLR	2090	+	210	71682871	71728
chr1	71611143	71811143	harbor1	chr1	71699713	71700050	LTR/ERVL-MaLR	2210	+	168	71699881	88738
chr1	71611143	71811143	harbor1	chr1	71700712	71701203	LTR/ERVL-MaLR	1310	+	246	71700958	89815
chr1	86107127	86307127	harbor1	chr1	86109784	86110114	LTR/ERVL-MaLR	1648	+	165	86109949	2822
chr1	86107127	86307127	harbor1	chr1	86117185	86117522	LTR/ERVL-MaLR	1648	+	168	86117353	10226
chr1	86107127	86307127	harbor1	chr1	86138393	86138738	LTR/ERVL-MaLR	2164	+	172	86138565	31438
chr1	86107127	86307127	harbor1	chr1	86191892	86192354	LTR/ERVL-MaLR	1645	+	231	86192123	84996
chr1	195929356	196129356	harbor1	chr1	195932413	195932845	LTR/ERVL-MaLR	665	+	216	195932629	3273
chr1	195929356	196129356	harbor1	chr1	195942730	195942860	LTR/ERVL-MaLR	606	+	65	195942795	13439
chr1	195929356	196129356	harbor1	chr1	195943204	195943426	LTR/ERVL-MaLR	1005	+	111	195943315	13959
chr1	195929356	196129356	harbor1	chr1	195954125	195954429	LTR/ERVL-MaLR	1143	+	152	195954277	24921
chr1	195929356	196129356	harbor1	chr1	195979557	195979833	LTR/ERVL-MaLR	1396	+	138	195979695	50339
chr1	195929356	196129356	harbor1	chr1	195980326	195980602	LTR/ERVL-MaLR	1041	+	138	195980464	51108
chr1	195929356	196129356	harbor1	chr1	195982752	195983329	LTR/ERVL-MaLR	1179	+	288	195983040	53684
chr1	195929356	196129356	harbor1	chr1	195988277	195988683	LTR/ERVL-MaLR	2214	+	203	195988480	59124
chr1	195929356	196129356	harbor1	chr1	195991810	195992154	LTR/ERVL-MaLR	1885	+	172	195991982	62626
chr1	195929356	196129356	harbor1	chr1	196018876	196019374	LTR/ERVL-MaLR	1141	+	249	196019125	89769
chr1	195929356	196129356	harbor1	chr1	195936186	195936652	LTR/ERVL-MaLR	1268	+	233	195936419	7063
chr1	50312631	50512631	harbor1	chr1	50315968	50316346	LTR/ERVL-MaLR	1654	+	189	50316157	3526
chr1	93511514	93711514	harbor1	chr1	93594275	93594640	LTR/ERVL-MaLR	715	+	182	93594457	82943
chr1	48208172	48408172	harbor1	chr1	48287410	48287819	LTR/ERVL-MaLR	2365	+	204	48287614	79442
chr1	190792747	190992747	harbor1	chr1	190793385	190793469	LTR/ERVL-MaLR	1609	+	42	190793427	680
chr1	190792747	190992747	harbor1	chr1	190833975	190834330	LTR/ERVL-MaLR	1624	+	178	190834153	41406
chr1	190792747	190992747	harbor1	chr1	190835170	190835551	LTR/ERVL-MaLR	1083	+	190	190835360	42613
chr1	190792747	190992747	harbor1	chr1	190843068	190843437	LTR/ERVL-MaLR	2005	+	184	190843252	50505
chr1	190792747	190992747	harbor1	chr1	190855548	190855973	LTR/ERVL-MaLR	2148	+	212	190855760	63013
chr1	190792747	190992747	harbor1	chr1	190855974	190856441	LTR/ERVL-MaLR	2658	+	234	190856208	63461
chr1	190792747	190992747	harbor1	chr1	190858145	190859316	LTR/ERVL-MaLR	6079	+	586	190858731	65984
chr1	190792747	190992747	harbor1	chr1	190859317	190859471	LTR/ERVL-MaLR	963	+	77	190859394	66647
chr1	190792747	190992747	harbor1	chr1	190861399	190861409	LTR/ERVL-MaLR	963	+	5	190861404	68657
chr1	190792747	190992747	harbor1	chr1	190861730	190862005	LTR/ERVL-MaLR	1567	+	138	190861868	69121
chr1	190792747	190992747	harbor1	chr1	190886487	190887234	LTR/ERVL-MaLR	1130	+	374	190886861	94114
chr1	118485714	118685714	harbor1	chr1	118535069	118535435	LTR/ERVL-MaLR	2056	+	183	118535252	49538
chr1	118485714	118685714	harbor1	chr1	118537100	118537456	LTR/ERVL-MaLR	2286	+	178	118537278	51564
chr1	118485714	118685714	harbor1	chr1	118561679	118562134	LTR/ERVL-MaLR	1211	+	228	118561907	76193
chr1	150030465	150230465	harbor1	chr1	150060208	150060575	LTR/ERVL-MaLR	2038	+	184	150060392	29927
chr1	57674615	57874615	harbor1	chr1	57676924	57677309	LTR/ERVL-MaLR	1362	+	192	57677116	2501
chr1	57674615	57874615	harbor1	chr1	57690267	57690649	LTR/ERVL-MaLR	2200	+	191	57690458	15843
chr1	57674615	57874615	harbor1	chr1	57719446	57719806	LTR/ERVL-MaLR	1851	+	180	57719626	45011
chr1	57674615	57874615	harbor1	chr1	57772002	57772420	LTR/ERVL-MaLR	1563	+	209	57772211	97596
chr1	57674615	57874615	harbor1	chr1	57772773	57773221	LTR/ERVL-MaLR	1766	+	224	57772997	98382
chr1	88994811	89194811	harbor1	chr1	88995498	88995898	LTR/ERVL-MaLR	811	+	200	88995698	887
chr1	154830364	155030364	harbor1	chr1	154889589	154890033	LTR/ERVL-MaLR	697	+	222	154889811	59447
chr1	154830364	155030364	harbor1	chr1	154890345	154890428	LTR/ERVL-MaLR	635	+	42	154890387	60023
chr1	154830364	155030364	harbor1	chr1	154895345	154895660	LTR/ERVL-MaLR	461	+	158	154895503	65139
chr1	154830364	155030364	harbor1	chr1	154913762	154914165	LTR/ERVL-MaLR	2596	+	202	154913964	83600
chr1	234926773	235126773	harbor1	chr1	234929415	234929790	LTR/ERVL-MaLR	1557	+	188	234929603	2830
chr1	234926773	235126773	harbor1	chr1	235004269	235004634	LTR/ERVL-MaLR	1423	+	182	235004451	77678
chr1	234926773	235126773	harbor1	chr1	235013467	235013903	LTR/ERVL-MaLR	1072	+	218	235013685	86912
chr1	234926773	235126773	harbor1	chr1	235014182	235014228	LTR/ERVL-MaLR	1072	+	23	235014205	87432
chr1	98296871	98496871	harbor1	chr1	98332875	98333235	LTR/ERVL-MaLR	995	+	180	98333055	36184
chr1	98296871	98496871	harbor1	chr1	98357017	98357360	LTR/ERVL-MaLR	453	+	172	98357189	60318
chr1	98296871	98496871	harbor1	chr1	98364897	98365069	LTR/ERVL-MaLR	1181	+	86	98364983	68112
chr1	98296871	98496871	harbor1	chr1	98365875	98366072	LTR/ERVL-MaLR	1055	+	98	98365973	69102
chr1	16387386	16587386	harbor1	chr1	16403255	16403467	LTR/ERVL-MaLR	511	+	106	16403361	15975
chr1	16387386	16587386	harbor1	chr1	16406314	16406460	LTR/ERVL-MaLR	1604	+	73	16406387	19001
chr1	16387386	16587386	harbor1	chr1	16406764	16406991	LTR/ERVL-MaLR	1604	+	114	16406878	19492
chr1	16387386	16587386	harbor1	chr1	16430659	16431156	LTR/ERVL-MaLR	1210	+	248	16430907	43521
chr1	16387386	16587386	harbor1	chr1	16462223	16462753	LTR/ERVL-MaLR	1537	+	265	16462488	75102
chr1	216654338	216854338	harbor1	chr1	216734287	216734704	LTR/ERVL-MaLR	2236	+	208	216734495	80157
chr1	110937911	111137911	harbor1	chr1	111001024	111001395	LTR/ERVL-MaLR	2316	+	186	111001210	63299
chr1	110937911	111137911	harbor1	chr1	111002927	111003185	LTR/ERVL-MaLR	1875	+	129	111003056	65145
chr1	110937911	111137911	harbor1	chr1	111027531	111027821	LTR/ERVL-MaLR	1811	+	145	111027676	89765
chr1	110937911	111137911	harbor1	chr1	111033435	111033509	LTR/ERVL-MaLR	421	+	37	111033472	95561
chr1	110937911	111137911	harbor1	chr1	111035074	111035441	LTR/ERVL-MaLR	2262	+	184	111035258	97347
chr1	110937911	111137911	harbor1	chr1	111033511	111035068	LTR/ERVL-MaLR	11816	+	778	111034289	96378
chr1	146999194	147199194	harbor1	chr1	147075826	147076188	LTR/ERVL-MaLR	1492	+	181	147076007	76813
chr1	221487667	221687667	harbor1	chr1	221516631	221517108	LTR/ERVL-MaLR	1437	+	238	221516869	29202
chr1	221487667	221687667	harbor1	chr1	221539205	221539616	LTR/ERVL-MaLR	1406	+	206	221539411	51744
chr1	221487667	221687667	harbor1	chr1	221546064	221546469	LTR/ERVL-MaLR	989	+	202	221546266	58599
chr1	221487667	221687667	harbor1	chr1	221587006	221587369	LTR/ERVL-MaLR	2326	+	182	221587188	99521
chr1	199229925	199429925	harbor1	chr1	199256754	199257108	LTR/ERVL-MaLR	2339	+	177	199256931	27006
chr1	199229925	199429925	harbor1	chr1	199259981	199260057	LTR/ERVL-MaLR	449	+	38	199260019	30094
chr1	199229925	199429925	harbor1	chr1	199261114	199261596	LTR/ERVL-MaLR	2050	+	241	199261355	31430
chr1	199229925	199429925	harbor1	chr1	199264458	199264665	LTR/ERVL-MaLR	602	+	104	199264562	34637
chr1	199229925	199429925	harbor1	chr1	199267152	199267720	LTR/ERVL-MaLR	1834	+	284	199267436	37511
chr1	199229925	199429925	harbor1	chr1	199276971	199277344	LTR/ERVL-MaLR	2551	+	186	199277157	47232
chr1	199229925	199429925	harbor1	chr1	199277802	199278174	LTR/ERVL-MaLR	1668	+	186	199277988	48063
chr1	14714041	14914041	harbor1	chr1	14721124	14721498	LTR/ERVL-MaLR	2793	+	187	14721311	7270
chr1	14714041	14914041	harbor1	chr1	14813198	14813640	LTR/ERVL-MaLR	1695	+	221	14813419	99378
chr1	90358234	90558234	harbor1	chr1	90366895	90367259	LTR/ERVL-MaLR	1503	+	182	90367077	8843
chr1	90358234	90558234	harbor1	chr1	90370575	90370796	LTR/ERVL-MaLR	972	+	110	90370685	12451
chr1	90358234	90558234	harbor1	chr1	90428505	90429002	LTR/ERVL-MaLR	1956	+	248	90428753	70519
chr1	98857149	99057149	harbor1	chr1	98882320	98882677	LTR/ERVL-MaLR	1691	+	178	98882498	25349
chr1	98857149	99057149	harbor1	chr1	98884641	98885006	LTR/ERVL-MaLR	1628	+	182	98884823	27674
chr1	98857149	99057149	harbor1	chr1	98886433	98886767	LTR/ERVL-MaLR	1694	+	167	98886600	29451
chr1	98857149	99057149	harbor1	chr1	98887116	98887168	LTR/ERVL-MaLR	1694	+	26	98887142	29993
chr1	98857149	99057149	harbor1	chr1	98888404	98888804	LTR/ERVL-MaLR	1016	+	200	98888604	31455
chr1	98857149	99057149	harbor1	chr1	98895076	98895438	LTR/ERVL-MaLR	1895	+	181	98895257	38108
chr1	98857149	99057149	harbor1	chr1	98937281	98937850	LTR/ERVL-MaLR	1351	+	284	98937565	80416
chr1	98857149	99057149	harbor1	chr1	98944353	98944673	LTR/ERVL-MaLR	1361	+	160	98944513	87364
chr1	98857149	99057149	harbor1	chr1	98948447	98948770	LTR/ERVL-MaLR	630	+	162	98948609	91460
chr1	86533816	86733816	harbor1	chr1	86583264	86583433	LTR/ERVL-MaLR	550	+	84	86583348	49532
chr1	199266646	199466646	harbor1	chr1	199267152	199267720	LTR/ERVL-MaLR	1834	+	284	199267436	790
chr1	199266646	199466646	harbor1	chr1	199276971	199277344	LTR/ERVL-MaLR	2551	+	186	199277157	10511
chr1	199266646	199466646	harbor1	chr1	199277802	199278174	LTR/ERVL-MaLR	1668	+	186	199277988	11342
chr1	199266646	199466646	harbor1	chr1	199349116	199349289	LTR/ERVL-MaLR	2249	+	86	199349202	82556
chr1	199266646	199466646	harbor1	chr1	199349602	199349813	LTR/ERVL-MaLR	2249	+	106	199349708	83062
chr1	199266646	199466646	harbor1	chr1	199363009	199363435	LTR/ERVL-MaLR	2184	+	213	199363222	96576
chr1	51722227	51922227	harbor1	chr1	51755129	51755188	LTR/ERVL-MaLR	444	+	30	51755159	32932
chr1	86387472	86587472	harbor1	chr1	86397095	86397510	LTR/ERVL-MaLR	1637	+	208	86397303	9831
chr1	86387472	86587472	harbor1	chr1	86400786	86401205	LTR/ERVL-MaLR	2354	+	210	86400996	13524
chr1	115090116	115290116	harbor1	chr1	115091648	115091818	LTR/ERVL-MaLR	408	+	85	115091733	1617
chr1	115090116	115290116	harbor1	chr1	115094665	115094855	LTR/ERVL-MaLR	1084	+	95	115094760	4644
chr1	115090116	115290116	harbor1	chr1	115102698	115103141	LTR/ERVL-MaLR	928	+	222	115102920	12804
chr1	115090116	115290116	harbor1	chr1	115104081	115104310	LTR/ERVL-MaLR	599	+	114	115104195	14079
chr1	115090116	115290116	harbor1	chr1	115111504	115111849	LTR/ERVL-MaLR	1997	+	172	115111676	21560
chr1	115090116	115290116	harbor1	chr1	115125410	115125774	LTR/ERVL-MaLR	1483	+	182	115125592	35476
chr1	218310499	218510499	harbor1	chr1	218311832	218312207	LTR/ERVL-MaLR	935	+	188	218312020	1521
chr1	209621836	209821836	harbor1	chr1	209689459	209689860	LTR/ERVL-MaLR	2148	+	200	209689659	67823
chr1	209621836	209821836	harbor1	chr1	209694917	209695291	LTR/ERVL-MaLR	2029	+	187	209695104	73268
chr1	209621836	209821836	harbor1	chr1	209720809	209721257	LTR/ERVL-MaLR	1766	+	224	209721033	99197
chr1	49901335	50101335	harbor1	chr1	49908235	49908647	LTR/ERVL-MaLR	2200	+	206	49908441	7106
chr1	49901335	50101335	harbor1	chr1	49954255	49954636	LTR/ERVL-MaLR	1697	+	190	49954445	53110
chr1	49901335	50101335	harbor1	chr1	49968507	49968997	LTR/ERVL-MaLR	1060	+	245	49968752	67417
chr1	49901335	50101335	harbor1	chr1	49990227	49990598	LTR/ERVL-MaLR	2224	+	186	49990413	89078
chr1	49901335	50101335	harbor1	chr1	49993648	49993915	LTR/ERVL-MaLR	794	+	134	49993782	92447
chr1	234318168	234518168	harbor1	chr1	234342143	234342519	LTR/ERVL-MaLR	1987	+	188	234342331	24163
chr1	234318168	234518168	harbor1	chr1	234353651	234353822	LTR/ERVL-MaLR	445	+	86	234353737	35569
chr1	234318168	234518168	harbor1	chr1	234353854	234354002	LTR/ERVL-MaLR	426	+	74	234353928	35760
chr1	234318168	234518168	harbor1	chr1	234358375	234358690	LTR/ERVL-MaLR	1741	+	158	234358533	40365
chr1	234318168	234518168	harbor1	chr1	234359083	234359122	LTR/ERVL-MaLR	1741	+	20	234359103	40935
chr1	234318168	234518168	harbor1	chr1	234412811	234413237	LTR/ERVL-MaLR	412	+	213	234413024	94856
chr1	234318168	234518168	harbor1	chr1	234413490	234413518	LTR/ERVL-MaLR	412	+	14	234413504	95336
chr1	14180074	14380074	harbor1	chr1	14190451	14190776	LTR/ERVL-MaLR	1280	+	162	14190613	10539
chr1	14180074	14380074	harbor1	chr1	14192792	14192941	LTR/ERVL-MaLR	1749	+	74	14192866	12792
chr1	14180074	14380074	harbor1	chr1	14192942	14193293	LTR/ERVL-MaLR	2294	+	176	14193118	13044
chr1	14180074	14380074	harbor1	chr1	14193294	14193618	LTR/ERVL-MaLR	1749	+	162	14193456	13382
chr1	14180074	14380074	harbor1	chr1	14210075	14210439	LTR/ERVL-MaLR	3022	+	182	14210257	30183
chr1	14180074	14380074	harbor1	chr1	14216971	14217290	LTR/ERVL-MaLR	995	+	160	14217131	37057
chr1	14180074	14380074	harbor1	chr1	14248695	14249242	LTR/ERVL-MaLR	2160	+	274	14248969	68895
chr1	14180074	14380074	harbor1	chr1	14264365	14264749	LTR/ERVL-MaLR	2011	+	192	14264557	84483
chr1	14180074	14380074	harbor1	chr1	14279953	14280080	LTR/ERVL-MaLR	2204	+	64	14280017	99943
chr1	53570730	53770730	harbor1	chr1	53598097	53598260	LTR/ERVL-MaLR	1673	+	82	53598179	27449
chr1	53570730	53770730	harbor1	chr1	53598547	53598761	LTR/ERVL-MaLR	1673	+	107	53598654	27924
chr1	53570730	53770730	harbor1	chr1	53599171	53599578	LTR/ERVL-MaLR	2451	+	204	53599375	28645
chr1	53570730	53770730	harbor1	chr1	53622483	53622892	LTR/ERVL-MaLR	918	+	204	53622687	51957
chr1	53570730	53770730	harbor1	chr1	53657376	53657871	LTR/ERVL-MaLR	1131	+	248	53657624	86894
chr1	95611964	95811964	harbor1	chr1	95621430	95621793	LTR/ERVL-MaLR	1740	+	182	95621612	9648
chr1	95611964	95811964	harbor1	chr1	95623020	95623423	LTR/ERVL-MaLR	408	+	202	95623222	11258
chr1	95611964	95811964	harbor1	chr1	95628141	95628496	LTR/ERVL-MaLR	2148	+	178	95628319	16355
chr1	95611964	95811964	harbor1	chr1	95629316	95629685	LTR/ERVL-MaLR	2485	+	184	95629500	17536
chr1	95611964	95811964	harbor1	chr1	95656489	95656843	LTR/ERVL-MaLR	1524	+	177	95656666	44702
chr1	95611964	95811964	harbor1	chr1	95661911	95662147	LTR/ERVL-MaLR	2772	+	118	95662029	50065
chr1	95611964	95811964	harbor1	chr1	95662458	95662591	LTR/ERVL-MaLR	2772	+	66	95662524	50560
chr1	95611964	95811964	harbor1	chr1	95672752	95673238	LTR/ERVL-MaLR	1726	+	243	95672995	61031
chr1	95611964	95811964	harbor1	chr1	95706172	95706278	LTR/ERVL-MaLR	945	+	53	95706225	94261
chr1	95611964	95811964	harbor1	chr1	95706316	95706521	LTR/ERVL-MaLR	945	+	102	95706418	94454
chr1	179729439	179929439	harbor1	chr1	179795313	179795676	LTR/ERVL-MaLR	1421	+	182	179795495	66056
chr1	105195212	105395212	harbor1	chr1	105201728	105202071	LTR/ERVL-MaLR	1004	+	172	105201900	6688
chr1	105195212	105395212	harbor1	chr1	105226707	105227056	LTR/ERVL-MaLR	1807	+	174	105226881	31669
chr1	105195212	105395212	harbor1	chr1	105227057	105228513	LTR/ERVL-MaLR	10089	+	728	105227785	32573
chr1	105195212	105395212	harbor1	chr1	105228546	105228649	LTR/ERVL-MaLR	10089	+	52	105228598	33386
chr1	105195212	105395212	harbor1	chr1	105228650	105229010	LTR/ERVL-MaLR	1925	+	180	105228830	33618
chr1	105195212	105395212	harbor1	chr1	105284220	105284571	LTR/ERVL-MaLR	1381	+	176	105284396	89184
chr1	105195212	105395212	harbor1	chr1	105287061	105287415	LTR/ERVL-MaLR	1676	+	177	105287238	92026
chr1	207459715	207659715	harbor1	chr1	207514343	207514659	LTR/ERVL-MaLR	1694	+	158	207514501	54786
chr1	49680967	49880967	harbor1	chr1	49718076	49718495	LTR/ERVL-MaLR	2263	+	210	49718286	37319
chr1	49680967	49880967	harbor1	chr1	49719675	49720046	LTR/ERVL-MaLR	2694	+	186	49719861	38894
chr1	49680967	49880967	harbor1	chr1	49724597	49724961	LTR/ERVL-MaLR	1457	+	182	49724779	43812
chr1	49680967	49880967	harbor1	chr1	49733595	49733782	LTR/ERVL-MaLR	785	+	94	49733689	52722
chr1	49680967	49880967	harbor1	chr1	49735098	49735288	LTR/ERVL-MaLR	1298	+	95	49735193	54226
chr1	49680967	49880967	harbor1	chr1	49735335	49735609	LTR/ERVL-MaLR	1298	+	137	49735472	54505
chr1	49680967	49880967	harbor1	chr1	49744106	49744512	LTR/ERVL-MaLR	1974	+	203	49744309	63342
chr1	49680967	49880967	harbor1	chr1	49756547	49756920	LTR/ERVL-MaLR	2620	+	186	49756733	75766
chr1	49680967	49880967	harbor1	chr1	49756963	49757338	LTR/ERVL-MaLR	2154	+	188	49757151	76184
chr1	49680967	49880967	harbor1	chr1	49758886	49759233	LTR/ERVL-MaLR	1646	+	174	49759060	78093
chr1	49680967	49880967	harbor1	chr1	49757341	49758881	LTR/ERVL-MaLR	8731	+	770	49758111	77144
chr1	244459010	244659010	harbor1	chr1	244481603	244481917	LTR/ERVL-MaLR	1052	+	157	244481760	22750
chr1	150471267	150671267	harbor1	chr1	150517440	150517790	LTR/ERVL-MaLR	1857	+	175	150517615	46348
chr1	150471267	150671267	harbor1	chr1	150523721	150524136	LTR/ERVL-MaLR	834	+	208	150523929	52662
chr1	150471267	150671267	harbor1	chr1	150527989	150528276	LTR/ERVL-MaLR	532	+	144	150528133	56866
chr1	40192911	40392911	harbor1	chr1	40233566	40233704	LTR/ERVL-MaLR	483	+	69	40233635	40724
chr1	85706262	85906262	harbor1	chr1	85709996	85710283	LTR/ERVL-MaLR	982	+	144	85710140	3878
chr1	85706262	85906262	harbor1	chr1	85710284	85710672	LTR/ERVL-MaLR	1707	+	194	85710478	4216
chr1	85706262	85906262	harbor1	chr1	85710673	85710891	LTR/ERVL-MaLR	982	+	109	85710782	4520
chr1	85706262	85906262	harbor1	chr1	85717012	85717196	LTR/ERVL-MaLR	936	+	92	85717104	10842
chr1	85706262	85906262	harbor1	chr1	85717190	85717334	LTR/ERVL-MaLR	730	+	72	85717262	11000
chr1	85706262	85906262	harbor1	chr1	85779246	85779647	LTR/ERVL-MaLR	693	+	200	85779446	73184
chr1	55316616	55516616	harbor1	chr1	55338508	55338860	LTR/ERVL-MaLR	2251	+	176	55338684	22068
chr1	55316616	55516616	harbor1	chr1	55342890	55343244	LTR/ERVL-MaLR	2566	+	177	55343067	26451
chr1	55316616	55516616	harbor1	chr1	55343245	55344717	LTR/ERVL-MaLR	12200	+	736	55343981	27365
chr1	55316616	55516616	harbor1	chr1	55345010	55345135	LTR/ERVL-MaLR	12200	+	62	55345072	28456
chr1	55316616	55516616	harbor1	chr1	55359208	55359649	LTR/ERVL-MaLR	2002	+	220	55359428	42812
chr1	55316616	55516616	harbor1	chr1	55366668	55367029	LTR/ERVL-MaLR	1602	+	180	55366848	50232
chr1	55316616	55516616	harbor1	chr1	55372133	55372488	LTR/ERVL-MaLR	1997	+	178	55372311	55695
chr1	55316616	55516616	harbor1	chr1	55405813	55406244	LTR/ERVL-MaLR	1410	+	216	55406029	89413
chr1	55316616	55516616	harbor1	chr1	55414142	55414221	LTR/ERVL-MaLR	480	+	40	55414182	97566
chr1	55316616	55516616	harbor1	chr1	55415968	55416265	LTR/ERVL-MaLR	1231	+	148	55416116	99500
chr1	55316616	55516616	harbor1	chr1	55345136	55345488	LTR/ERVL-MaLR	2558	+	176	55345312	28696
chr1	55316616	55516616	harbor1	chr1	55361249	55361596	LTR/ERVL-MaLR	1684	+	174	55361423	44807
chr1	18576910	18776910	harbor1	chr1	18592488	18592919	LTR/ERVL-MaLR	531	+	216	18592704	15794
chr1	246881890	247081890	harbor1	chr1	246925633	246925800	LTR/ERVL-MaLR	1860	+	84	246925717	43827
chr1	246881890	247081890	harbor1	chr1	246926067	246926277	LTR/ERVL-MaLR	1860	+	105	246926172	44282
chr1	246881890	247081890	harbor1	chr1	246951197	246951612	LTR/ERVL-MaLR	1599	+	208	246951405	69515
chr1	246881890	247081890	harbor1	chr1	246954932	246955265	LTR/ERVL-MaLR	2058	+	166	246955098	73208
chr1	246881890	247081890	harbor1	chr1	246957630	246957643	LTR/ERVL-MaLR	1384	+	6	246957636	75746
chr1	246881890	247081890	harbor1	chr1	246957894	246958049	LTR/ERVL-MaLR	1384	+	78	246957972	76082
chr1	246881890	247081890	harbor1	chr1	246958358	246958819	LTR/ERVL-MaLR	1384	+	230	246958588	76698
chr1	246881890	247081890	harbor1	chr1	246964535	246964588	LTR/ERVL-MaLR	1429	+	26	246964561	82671
chr1	246881890	247081890	harbor1	chr1	246964900	246965085	LTR/ERVL-MaLR	1429	+	92	246964992	83102
chr1	246881890	247081890	harbor1	chr1	246965377	246965452	LTR/ERVL-MaLR	1429	+	38	246965415	83525
chr1	246881890	247081890	harbor1	chr1	246965776	246965919	LTR/ERVL-MaLR	941	+	72	246965848	83958
chr1	103976521	104176521	harbor1	chr1	103986488	103986829	LTR/ERVL-MaLR	1585	+	170	103986658	10137
chr1	103976521	104176521	harbor1	chr1	104000990	104001214	LTR/ERVL-MaLR	595	+	112	104001102	24581
chr1	103976521	104176521	harbor1	chr1	104016509	104016881	LTR/ERVL-MaLR	1829	+	186	104016695	40174
chr1	103976521	104176521	harbor1	chr1	104005489	104005851	LTR/ERVL-MaLR	556	+	181	104005670	29149
chr1	108162342	108362342	harbor1	chr1	108173179	108173551	LTR/ERVL-MaLR	2511	+	186	108173365	11023
chr1	108162342	108362342	harbor1	chr1	108173552	108175120	LTR/ERVL-MaLR	9445	+	784	108174336	11994
chr1	108162342	108362342	harbor1	chr1	108175127	108175501	LTR/ERVL-MaLR	2524	+	187	108175314	12972
chr1	108162342	108362342	harbor1	chr1	108180449	108180616	LTR/ERVL-MaLR	1222	+	84	108180533	18191
chr1	108162342	108362342	harbor1	chr1	108180668	108180848	LTR/ERVL-MaLR	1222	+	90	108180758	18416
chr1	108162342	108362342	harbor1	chr1	108185003	108185261	LTR/ERVL-MaLR	977	+	129	108185132	22790
chr1	108162342	108362342	harbor1	chr1	108197795	108198243	LTR/ERVL-MaLR	2430	+	224	108198019	35677
chr1	202516063	202716063	harbor1	chr1	202551662	202552117	LTR/ERVL-MaLR	1722	+	228	202551890	35827
chr1	111709759	111909759	harbor1	chr1	111751822	111752304	LTR/ERVL-MaLR	759	+	241	111752063	42304
chr1	31466198	31666198	harbor1	chr1	31486198	31486549	LTR/ERVL-MaLR	2133	+	176	31486374	20176
chr1	31466198	31666198	harbor1	chr1	31489574	31489828	LTR/ERVL-MaLR	1998	+	127	31489701	23503
chr1	31466198	31666198	harbor1	chr1	31491845	31492016	LTR/ERVL-MaLR	667	+	86	31491931	25733
chr1	31466198	31666198	harbor1	chr1	31519888	31520117	LTR/ERVL-MaLR	683	+	114	31520002	53804
chr1	8856868	9056868	harbor1	chr1	8886333	8886591	LTR/ERVL-MaLR	1087	+	129	8886462	29594
chr1	8856868	9056868	harbor1	chr1	8938090	8938281	LTR/ERVL-MaLR	909	+	96	8938186	81318
chr1	8856868	9056868	harbor1	chr1	8939524	8939754	LTR/ERVL-MaLR	1305	+	115	8939639	82771
chr1	193475728	193675728	harbor1	chr1	193476797	193477158	LTR/ERVL-MaLR	2157	+	180	193476977	1249
chr1	193475728	193675728	harbor1	chr1	193503638	193503983	LTR/ERVL-MaLR	2045	+	172	193503810	28082
chr1	193475728	193675728	harbor1	chr1	193506860	193507128	LTR/ERVL-MaLR	1808	+	134	193506994	31266
chr1	193475728	193675728	harbor1	chr1	193513116	193513625	LTR/ERVL-MaLR	1723	+	254	193513370	37642
chr1	193475728	193675728	harbor1	chr1	193540607	193540935	LTR/ERVL-MaLR	1157	+	164	193540771	65043
chr1	193475728	193675728	harbor1	chr1	193562038	193562494	LTR/ERVL-MaLR	1524	+	228	193562266	86538
chr1	91655636	91855636	harbor1	chr1	91656045	91656548	LTR/ERVL-MaLR	1441	+	252	91656297	661
chr1	91655636	91855636	harbor1	chr1	91738307	91738732	LTR/ERVL-MaLR	2431	+	212	91738519	82883
chr1	181217203	181417203	harbor1	chr1	181222269	181222604	LTR/ERVL-MaLR	892	+	168	181222437	5234
chr1	181217203	181417203	harbor1	chr1	181224175	181224690	LTR/ERVL-MaLR	1645	+	258	181224433	7230
chr1	181217203	181417203	harbor1	chr1	181227771	181228121	LTR/ERVL-MaLR	903	+	175	181227946	10743
chr1	181217203	181417203	harbor1	chr1	181228408	181228811	LTR/ERVL-MaLR	617	+	202	181228610	11407
chr1	181217203	181417203	harbor1	chr1	181311732	181311855	LTR/ERVL-MaLR	777	+	62	181311794	94591
chr1	49172083	49372083	harbor1	chr1	49187825	49188193	LTR/ERVL-MaLR	2388	+	184	49188009	15926
chr1	49172083	49372083	harbor1	chr1	49195790	49196168	LTR/ERVL-MaLR	2382	+	189	49195979	23896
chr1	49172083	49372083	harbor1	chr1	49213315	49213712	LTR/ERVL-MaLR	2071	+	198	49213513	41430
chr1	49172083	49372083	harbor1	chr1	49218712	49219066	LTR/ERVL-MaLR	2446	+	177	49218889	46806
chr1	49172083	49372083	harbor1	chr1	49236808	49236989	LTR/ERVL-MaLR	1856	+	90	49236898	64815
chr1	49172083	49372083	harbor1	chr1	49237283	49237478	LTR/ERVL-MaLR	1856	+	98	49237381	65298
chr1	49172083	49372083	harbor1	chr1	49268840	49269321	LTR/ERVL-MaLR	1070	+	240	49269080	96997
chr1	49172083	49372083	harbor1	chr1	49233803	49234088	LTR/ERVL-MaLR	787	+	142	49233945	61862
chr1	53768516	53968516	harbor1	chr1	53783563	53783918	LTR/ERVL-MaLR	1609	+	178	53783741	15225
chr1	53768516	53968516	harbor1	chr1	53839856	53840308	LTR/ERVL-MaLR	1321	+	226	53840082	71566
chr1	53768516	53968516	harbor1	chr1	53844229	53844523	LTR/ERVL-MaLR	1028	+	147	53844376	75860
chr1	53768516	53968516	harbor1	chr1	53848656	53848893	LTR/ERVL-MaLR	538	+	118	53848774	80258
chr1	53768516	53968516	harbor1	chr1	53849510	53849730	LTR/ERVL-MaLR	538	+	110	53849620	81104
chr1	53768516	53968516	harbor1	chr1	53850681	53851026	LTR/ERVL-MaLR	2341	+	172	53850853	82337
chr1	53768516	53968516	harbor1	chr1	53856817	53857350	LTR/ERVL-MaLR	1597	+	266	53857083	88567
chr1	163412508	163612508	harbor1	chr1	163423535	163424047	LTR/ERVL-MaLR	1860	+	256	163423791	11283
chr1	163412508	163612508	harbor1	chr1	163462705	163462862	LTR/ERVL-MaLR	894	+	78	163462783	50275
chr1	163412508	163612508	harbor1	chr1	163470430	163470885	LTR/ERVL-MaLR	577	+	228	163470658	58150
chr1	163412508	163612508	harbor1	chr1	163471070	163471270	LTR/ERVL-MaLR	638	+	100	163471170	58662
chr1	163412508	163612508	harbor1	chr1	163478475	163478842	LTR/ERVL-MaLR	2189	+	184	163478659	66151
chr1	163412508	163612508	harbor1	chr1	163481231	163481490	LTR/ERVL-MaLR	11423	+	130	163481361	68853
chr1	163412508	163612508	harbor1	chr1	163481491	163481847	LTR/ERVL-MaLR	2001	+	178	163481669	69161
chr1	163412508	163612508	harbor1	chr1	163487712	163488281	LTR/ERVL-MaLR	1721	+	284	163487996	75488
chr1	163412508	163612508	harbor1	chr1	163496220	163496850	LTR/ERVL-MaLR	2292	+	315	163496535	84027
chr1	163412508	163612508	harbor1	chr1	163510145	163510630	LTR/ERVL-MaLR	693	+	242	163510387	97879
chr1	163412508	163612508	harbor1	chr1	163478843	163480163	LTR/ERVL-MaLR	11423	+	660	163479503	66995
chr1	175893864	176093864	harbor1	chr1	175921061	175921413	LTR/ERVL-MaLR	2703	+	176	175921237	27373
chr1	175893864	176093864	harbor1	chr1	175983209	175983552	LTR/ERVL-MaLR	2165	+	172	175983381	89517
chr1	175893864	176093864	harbor1	chr1	175983555	175985118	LTR/ERVL-MaLR	11199	+	782	175984337	90473
chr1	102971453	103171453	harbor1	chr1	102983289	102983731	LTR/ERVL-MaLR	1160	+	221	102983510	12057
chr1	102971453	103171453	harbor1	chr1	102994217	102994620	LTR/ERVL-MaLR	2270	+	202	102994419	22966
chr1	102971453	103171453	harbor1	chr1	103039339	103039726	LTR/ERVL-MaLR	2066	+	194	103039533	68080
chr1	117850570	118050570	harbor1	chr1	117860850	117861271	LTR/ERVL-MaLR	1241	+	210	117861060	10490
chr1	117850570	118050570	harbor1	chr1	117866074	117866403	LTR/ERVL-MaLR	1297	+	164	117866238	15668
chr1	117850570	118050570	harbor1	chr1	117874150	117874573	LTR/ERVL-MaLR	2505	+	212	117874362	23792
chr1	117850570	118050570	harbor1	chr1	117874574	117876065	LTR/ERVL-MaLR	6948	+	746	117875320	24750
chr1	117850570	118050570	harbor1	chr1	117876066	117876488	LTR/ERVL-MaLR	2583	+	211	117876277	25707
chr1	117850570	118050570	harbor1	chr1	117913743	117914100	LTR/ERVL-MaLR	1484	+	178	117913921	63351
chr1	59514821	59714821	harbor1	chr1	59514549	59514901	LTR/ERVL-MaLR	2897	+	176	59514725	96
chr1	59514821	59714821	harbor1	chr1	59514902	59514997	LTR/ERVL-MaLR	599	+	48	59514950	129
chr1	59514821	59714821	harbor1	chr1	59514977	59515087	LTR/ERVL-MaLR	847	+	55	59515032	211
chr1	59514821	59714821	harbor1	chr1	59515081	59515522	LTR/ERVL-MaLR	3356	+	220	59515301	480
chr1	59514821	59714821	harbor1	chr1	59515523	59515871	LTR/ERVL-MaLR	2473	+	174	59515697	876
chr1	59514821	59714821	harbor1	chr1	59518471	59518891	LTR/ERVL-MaLR	3026	+	210	59518681	3860
chr1	26059916	26259916	harbor1	chr1	26070420	26070913	LTR/ERVL-MaLR	1011	+	246	26070666	10750
chr1	26059916	26259916	harbor1	chr1	26077758	26077912	LTR/ERVL-MaLR	931	+	77	26077835	17919
chr1	26059916	26259916	harbor1	chr1	26079055	26079219	LTR/ERVL-MaLR	788	+	82	26079137	19221
chr1	26059916	26259916	harbor1	chr1	26100960	26101104	LTR/ERVL-MaLR	1703	+	72	26101032	41116
chr1	26059916	26259916	harbor1	chr1	26101421	26101653	LTR/ERVL-MaLR	1703	+	116	26101537	41621
chr1	227402611	227602611	harbor1	chr1	227444014	227444110	LTR/ERVL-MaLR	693	+	48	227444062	41451
chr1	227402611	227602611	harbor1	chr1	227450807	227450925	LTR/ERVL-MaLR	525	+	59	227450866	48255
chr1	227402611	227602611	harbor1	chr1	227469821	227470200	LTR/ERVL-MaLR	1981	+	190	227470011	67400
chr1	227402611	227602611	harbor1	chr1	227470189	227471795	LTR/ERVL-MaLR	10921	+	803	227470992	68381
chr1	227402611	227602611	harbor1	chr1	227471801	227472189	LTR/ERVL-MaLR	2116	+	194	227471995	69384
chr1	227402611	227602611	harbor1	chr1	227485599	227485957	LTR/ERVL-MaLR	1836	+	179	227485778	83167
chr1	227402611	227602611	harbor1	chr1	227496875	227497027	LTR/ERVL-MaLR	2416	+	76	227496951	94340
chr1	227402611	227602611	harbor1	chr1	227497318	227497527	LTR/ERVL-MaLR	2416	+	104	227497422	94811
chr1	103298242	103498242	harbor1	chr1	103329210	103329441	LTR/ERVL-MaLR	500	+	116	103329326	31084
chr1	103298242	103498242	harbor1	chr1	103341058	103341328	LTR/ERVL-MaLR	737	+	135	103341193	42951
chr1	103298242	103498242	harbor1	chr1	103342633	103342778	LTR/ERVL-MaLR	746	+	72	103342705	44463
chr1	103298242	103498242	harbor1	chr1	103351353	103351683	LTR/ERVL-MaLR	970	+	165	103351518	53276
chr1	103298242	103498242	harbor1	chr1	103352242	103352390	LTR/ERVL-MaLR	687	+	74	103352316	54074
chr1	103298242	103498242	harbor1	chr1	103353164	103353518	LTR/ERVL-MaLR	1639	+	177	103353341	55099
chr1	103298242	103498242	harbor1	chr1	103366732	103367117	LTR/ERVL-MaLR	2039	+	192	103366924	68682
chr1	60147330	60347330	harbor1	chr1	60190278	60190693	LTR/ERVL-MaLR	2443	+	208	60190486	43156
chr1	60147330	60347330	harbor1	chr1	60191897	60192269	LTR/ERVL-MaLR	1499	+	186	60192083	44753
chr1	60147330	60347330	harbor1	chr1	60205641	60206007	LTR/ERVL-MaLR	2797	+	183	60205824	58494
chr1	60147330	60347330	harbor1	chr1	60215906	60216258	LTR/ERVL-MaLR	618	+	176	60216082	68752
chr1	60147330	60347330	harbor1	chr1	60241719	60241998	LTR/ERVL-MaLR	422	+	140	60241859	94529
chr1	107817780	108017780	harbor1	chr1	107823631	107824025	LTR/ERVL-MaLR	1598	+	197	107823828	6048
chr1	107817780	108017780	harbor1	chr1	107907445	107907892	LTR/ERVL-MaLR	1786	+	224	107907669	89889
chr1	92885729	93085729	harbor1	chr1	92911122	92911487	LTR/ERVL-MaLR	1976	+	182	92911304	25575
chr1	92885729	93085729	harbor1	chr1	92920161	92920516	LTR/ERVL-MaLR	2285	+	178	92920339	34610
chr1	92885729	93085729	harbor1	chr1	92950978	92951633	LTR/ERVL-MaLR	2265	+	328	92951306	65577
chr1	92885729	93085729	harbor1	chr1	92984386	92984531	LTR/ERVL-MaLR	483	+	72	92984458	98729
chr1	184758351	184958351	harbor1	chr1	184773423	184773815	LTR/ERVL-MaLR	659	+	196	184773619	15268
chr1	184758351	184958351	harbor1	chr1	184775416	184775778	LTR/ERVL-MaLR	669	+	181	184775597	17246
chr1	184758351	184958351	harbor1	chr1	184776111	184776536	LTR/ERVL-MaLR	1185	+	212	184776323	17972
chr1	184758351	184958351	harbor1	chr1	184781225	184781632	LTR/ERVL-MaLR	1537	+	204	184781429	23078
chr1	184758351	184958351	harbor1	chr1	184786692	184786897	LTR/ERVL-MaLR	1197	+	102	184786794	28443
chr1	184758351	184958351	harbor1	chr1	184786937	184787053	LTR/ERVL-MaLR	1197	+	58	184786995	28644
chr1	184758351	184958351	harbor1	chr1	184826868	184827229	LTR/ERVL-MaLR	2183	+	180	184827048	68697
chr1	205904320	206104320	harbor1	chr1	205951759	205952110	LTR/ERVL-MaLR	564	+	176	205951935	47615
chr1	50806559	51006559	harbor1	chr1	50833964	50834346	LTR/ERVL-MaLR	2086	+	191	50834155	27596
chr1	50806559	51006559	harbor1	chr1	50861262	50861404	LTR/ERVL-MaLR	734	+	71	50861333	54774
chr1	50806559	51006559	harbor1	chr1	50861819	50862019	LTR/ERVL-MaLR	618	+	100	50861919	55360
chr1	50806559	51006559	harbor1	chr1	50880366	50880736	LTR/ERVL-MaLR	1140	+	185	50880551	73992
chr1	51097160	51297160	harbor1	chr1	51149599	51149968	LTR/ERVL-MaLR	427	+	184	51149783	52623
chr1	187132721	187332721	harbor1	chr1	187157597	187158049	LTR/ERVL-MaLR	1938	+	226	187157823	25102
chr1	187132721	187332721	harbor1	chr1	187166255	187166634	LTR/ERVL-MaLR	1584	+	190	187166445	33724
chr1	187132721	187332721	harbor1	chr1	187210471	187210836	LTR/ERVL-MaLR	2721	+	182	187210653	77932
chr1	5448447	5648447	harbor1	chr1	5449154	5449643	LTR/ERVL-MaLR	1847	+	244	5449398	951
chr1	5448447	5648447	harbor1	chr1	5460757	5461196	LTR/ERVL-MaLR	1666	+	220	5460977	12530
chr1	5448447	5648447	harbor1	chr1	5462177	5462660	LTR/ERVL-MaLR	2090	+	242	5462419	13972
chr1	5448447	5648447	harbor1	chr1	5463470	5463732	LTR/ERVL-MaLR	1487	+	131	5463601	15154
chr1	5448447	5648447	harbor1	chr1	5464063	5464197	LTR/ERVL-MaLR	1487	+	67	5464130	15683
chr1	5448447	5648447	harbor1	chr1	5465507	5465872	LTR/ERVL-MaLR	1954	+	182	5465689	17242
chr1	5448447	5648447	harbor1	chr1	5466698	5466921	LTR/ERVL-MaLR	953	+	112	5466810	18363
chr1	5448447	5648447	harbor1	chr1	5466933	5467091	LTR/ERVL-MaLR	593	+	79	5467012	18565
chr1	5448447	5648447	harbor1	chr1	5467184	5467371	LTR/ERVL-MaLR	806	+	94	5467278	18831
chr1	5448447	5648447	harbor1	chr1	5467854	5468432	LTR/ERVL-MaLR	932	+	289	5468143	19696
chr1	5448447	5648447	harbor1	chr1	5468476	5468863	LTR/ERVL-MaLR	1576	+	194	5468670	20223
chr1	5448447	5648447	harbor1	chr1	5468949	5469450	LTR/ERVL-MaLR	936	+	250	5469199	20752
chr1	5448447	5648447	harbor1	chr1	5473672	5473724	LTR/ERVL-MaLR	1657	+	26	5473698	25251
chr1	5448447	5648447	harbor1	chr1	5474018	5474343	LTR/ERVL-MaLR	1657	+	162	5474180	25733
chr1	5448447	5648447	harbor1	chr1	5475318	5475738	LTR/ERVL-MaLR	1389	+	210	5475528	27081
chr1	5448447	5648447	harbor1	chr1	5481543	5481848	LTR/ERVL-MaLR	483	+	152	5481695	33248
chr1	5448447	5648447	harbor1	chr1	5482645	5482996	LTR/ERVL-MaLR	1876	+	176	5482821	34374
chr1	5448447	5648447	harbor1	chr1	5504824	5505017	LTR/ERVL-MaLR	427	+	96	5504920	56473
chr1	5448447	5648447	harbor1	chr1	5505328	5505455	LTR/ERVL-MaLR	427	+	64	5505392	56945
chr1	5448447	5648447	harbor1	chr1	5507802	5507965	LTR/ERVL-MaLR	2058	+	82	5507884	59437
chr1	5448447	5648447	harbor1	chr1	5508271	5508505	LTR/ERVL-MaLR	2058	+	117	5508388	59941
chr1	5448447	5648447	harbor1	chr1	5512638	5513148	LTR/ERVL-MaLR	2369	+	255	5512893	64446
chr1	5448447	5648447	harbor1	chr1	5524315	5524558	LTR/ERVL-MaLR	399	+	122	5524437	75990
chr1	5448447	5648447	harbor1	chr1	5528784	5529203	LTR/ERVL-MaLR	2863	+	210	5528994	80547
chr1	5448447	5648447	harbor1	chr1	5529204	5530809	LTR/ERVL-MaLR	9055	+	802	5530006	81559
chr1	5448447	5648447	harbor1	chr1	5530812	5531229	LTR/ERVL-MaLR	2474	+	208	5531020	82573
chr1	5448447	5648447	harbor1	chr1	5536458	5536834	LTR/ERVL-MaLR	1658	+	188	5536646	88199
chr1	5448447	5648447	harbor1	chr1	5505018	5505327	LTR/ERVL-MaLR	1029	+	154	5505172	56725
chr1	236545939	236745939	harbor1	chr1	236622073	236622595	LTR/ERVL-MaLR	1377	+	261	236622334	76395
chr1	236545939	236745939	harbor1	chr1	236622596	236623854	LTR/ERVL-MaLR	5206	+	629	236623225	77286
chr1	236545939	236745939	harbor1	chr1	236624574	236624765	LTR/ERVL-MaLR	783	+	96	236624670	78731
chr1	236545939	236745939	harbor1	chr1	236624784	236625318	LTR/ERVL-MaLR	1235	+	267	236625051	79112
chr1	236545939	236745939	harbor1	chr1	236629805	236630272	LTR/ERVL-MaLR	573	+	234	236630039	84100
chr1	236545939	236745939	harbor1	chr1	236630516	236630972	LTR/ERVL-MaLR	3186	+	228	236630744	84805
chr1	236545939	236745939	harbor1	chr1	236631268	236632147	LTR/ERVL-MaLR	3186	+	440	236631708	85769
chr1	236545939	236745939	harbor1	chr1	236632141	236632562	LTR/ERVL-MaLR	703	+	210	236632351	86412
chr1	146538911	146738911	harbor1	chr1	146541459	146541659	LTR/ERVL-MaLR	594	+	100	146541559	2648
chr1	146538911	146738911	harbor1	chr1	146548261	146548531	LTR/ERVL-MaLR	904	+	135	146548396	9485
chr1	146538911	146738911	harbor1	chr1	146552486	146552579	LTR/ERVL-MaLR	500	+	46	146552532	13621
chr1	146538911	146738911	harbor1	chr1	146601794	146602246	LTR/ERVL-MaLR	1266	+	226	146602020	63109
chr1	146538911	146738911	harbor1	chr1	146602334	146602433	LTR/ERVL-MaLR	523	+	50	146602384	63473
chr1	146538911	146738911	harbor1	chr1	146623394	146623754	LTR/ERVL-MaLR	1799	+	180	146623574	84663
chr1	144643139	144843139	harbor1	chr1	144651362	144651578	LTR/ERVL-MaLR	1504	+	108	144651470	8331
chr1	144643139	144843139	harbor1	chr1	144699389	144699671	LTR/ERVL-MaLR	1157	+	141	144699530	56391
chr1	144643139	144843139	harbor1	chr1	144699678	144700229	LTR/ERVL-MaLR	2593	+	276	144699954	56815
chr1	144643139	144843139	harbor1	chr1	144708089	144708423	LTR/ERVL-MaLR	1044	+	167	144708256	65117
chr1	144643139	144843139	harbor1	chr1	144735219	144735528	LTR/ERVL-MaLR	490	+	154	144735373	92234
chr1	91130897	91330897	harbor1	chr1	91158317	91158410	LTR/ERVL-MaLR	2120	+	46	91158363	27466
chr1	91130897	91330897	harbor1	chr1	91159123	91159230	LTR/ERVL-MaLR	2120	+	54	91159177	28280
chr1	91130897	91330897	harbor1	chr1	91159502	91159815	LTR/ERVL-MaLR	2120	+	156	91159658	28761
chr1	91130897	91330897	harbor1	chr1	91160987	91161184	LTR/ERVL-MaLR	423	+	98	91161085	30188
chr1	184789190	184989190	harbor1	chr1	184826868	184827229	LTR/ERVL-MaLR	2183	+	180	184827048	37858
chr1	184789190	184989190	harbor1	chr1	184870876	184871065	LTR/ERVL-MaLR	2035	+	94	184870970	81780
chr1	184789190	184989190	harbor1	chr1	184871374	184871614	LTR/ERVL-MaLR	2035	+	120	184871494	82304
chr1	184789190	184989190	harbor1	chr1	184887343	184887719	LTR/ERVL-MaLR	1118	+	188	184887531	98341
chr1	228153397	228353397	harbor1	chr1	228181036	228181338	LTR/ERVL-MaLR	683	+	151	228181187	27790
chr1	228153397	228353397	harbor1	chr1	228183989	228184347	LTR/ERVL-MaLR	1318	+	179	228184168	30771
chr1	228153397	228353397	harbor1	chr1	228194432	228194539	LTR/ERVL-MaLR	690	+	54	228194486	41089
chr1	228153397	228353397	harbor1	chr1	228206393	228206566	LTR/ERVL-MaLR	456	+	86	228206479	53082
chr1	228153397	228353397	harbor1	chr1	228226516	228226940	LTR/ERVL-MaLR	1282	+	212	228226728	73331
chr1	228153397	228353397	harbor1	chr1	228228036	228228278	LTR/ERVL-MaLR	845	+	121	228228157	74760
chr1	234880125	235080125	harbor1	chr1	234888360	234888713	LTR/ERVL-MaLR	2648	+	176	234888536	8411
chr1	234880125	235080125	harbor1	chr1	234912505	234912936	LTR/ERVL-MaLR	2816	+	216	234912721	32596
chr1	234880125	235080125	harbor1	chr1	234913918	234914312	LTR/ERVL-MaLR	743	+	197	234914115	33990
chr1	234880125	235080125	harbor1	chr1	234917093	234917495	LTR/ERVL-MaLR	2516	+	201	234917294	37169
chr1	234880125	235080125	harbor1	chr1	234929415	234929790	LTR/ERVL-MaLR	1557	+	188	234929603	49478
chr1	246725797	246925797	harbor1	chr1	246780854	246781297	LTR/ERVL-MaLR	1444	+	222	246781076	55279
chr1	163245512	163445512	harbor1	chr1	163267038	163267420	LTR/ERVL-MaLR	1519	+	191	163267229	21717
chr1	163245512	163445512	harbor1	chr1	163271249	163271601	LTR/ERVL-MaLR	1306	+	176	163271425	25913
chr1	163245512	163445512	harbor1	chr1	163280927	163281293	LTR/ERVL-MaLR	2098	+	183	163281110	35598
chr1	163245512	163445512	harbor1	chr1	163283487	163284070	LTR/ERVL-MaLR	1402	+	292	163283779	38267
chr1	163245512	163445512	harbor1	chr1	163285603	163285983	LTR/ERVL-MaLR	1847	+	190	163285793	40281
chr1	163245512	163445512	harbor1	chr1	163306555	163307009	LTR/ERVL-MaLR	2599	+	227	163306782	61270
chr1	163245512	163445512	harbor1	chr1	163312001	163312367	LTR/ERVL-MaLR	2207	+	183	163312184	66672
chr1	163245512	163445512	harbor1	chr1	163314642	163314998	LTR/ERVL-MaLR	1913	+	178	163314820	69308
chr1	57953272	58153272	harbor1	chr1	57969857	57970235	LTR/ERVL-MaLR	1926	+	189	57970046	16774
chr1	57953272	58153272	harbor1	chr1	57972963	57973461	LTR/ERVL-MaLR	1749	+	249	57973212	19940
chr1	57953272	58153272	harbor1	chr1	57974990	57975322	LTR/ERVL-MaLR	1635	+	166	57975156	21884
chr1	57953272	58153272	harbor1	chr1	57985389	57985484	LTR/ERVL-MaLR	585	+	48	57985437	32165
chr1	57953272	58153272	harbor1	chr1	57986192	57986553	LTR/ERVL-MaLR	2190	+	180	57986372	33100
chr1	57953272	58153272	harbor1	chr1	58001723	58002196	LTR/ERVL-MaLR	1716	+	236	58001959	48687
chr1	57953272	58153272	harbor1	chr1	58012503	58012857	LTR/ERVL-MaLR	1572	+	177	58012680	59408
chr1	57953272	58153272	harbor1	chr1	58033972	58034535	LTR/ERVL-MaLR	1780	+	282	58034254	80982
chr1	57953272	58153272	harbor1	chr1	58034920	58035407	LTR/ERVL-MaLR	597	+	244	58035164	81892
chr1	57953272	58153272	harbor1	chr1	58036847	58036920	LTR/ERVL-MaLR	412	+	36	58036883	83611
chr1	57953272	58153272	harbor1	chr1	57966210	57966658	LTR/ERVL-MaLR	747	+	224	57966434	13162
chr1	63234272	63434272	harbor1	chr1	63255679	63256062	LTR/ERVL-MaLR	1544	+	192	63255871	21599
chr1	63234272	63434272	harbor1	chr1	63259387	63259552	LTR/ERVL-MaLR	603	+	82	63259469	25197
chr1	63234272	63434272	harbor1	chr1	63259574	63259767	LTR/ERVL-MaLR	471	+	96	63259670	25398
chr1	63234272	63434272	harbor1	chr1	63264577	63264680	LTR/ERVL-MaLR	400	+	52	63264629	30357
chr1	63234272	63434272	harbor1	chr1	63307126	63307741	LTR/ERVL-MaLR	3152	+	308	63307434	73162
chr1	63234272	63434272	harbor1	chr1	63308503	63308839	LTR/ERVL-MaLR	1293	+	168	63308671	74399
chr1	63234272	63434272	harbor1	chr1	63307747	63307922	LTR/ERVL-MaLR	1293	+	88	63307835	73563
chr1	147973195	148173195	harbor1	chr1	148025580	148025974	LTR/ERVL-MaLR	1454	+	197	148025777	52582
chr1	20233635	20433635	harbor1	chr1	20236301	20236808	LTR/ERVL-MaLR	968	+	254	20236555	2920
chr1	20233635	20433635	harbor1	chr1	20244062	20244292	LTR/ERVL-MaLR	1129	+	115	20244177	10542
chr1	20233635	20433635	harbor1	chr1	20244406	20244729	LTR/ERVL-MaLR	1129	+	162	20244568	10933
chr1	20233635	20433635	harbor1	chr1	20249816	20250325	LTR/ERVL-MaLR	2155	+	254	20250070	16435
chr1	20233635	20433635	harbor1	chr1	20252383	20252810	LTR/ERVL-MaLR	2108	+	214	20252597	18962
chr1	20233635	20433635	harbor1	chr1	20256624	20257103	LTR/ERVL-MaLR	570	+	240	20256864	23229
chr1	20233635	20433635	harbor1	chr1	20269011	20269246	LTR/ERVL-MaLR	662	+	118	20269129	35494
chr1	20233635	20433635	harbor1	chr1	20269308	20269375	LTR/ERVL-MaLR	410	+	34	20269342	35707
chr1	20233635	20433635	harbor1	chr1	20269436	20269730	LTR/ERVL-MaLR	1232	+	147	20269583	35948
chr1	20233635	20433635	harbor1	chr1	20270697	20271059	LTR/ERVL-MaLR	2593	+	181	20270878	37243
chr1	20233635	20433635	harbor1	chr1	20271189	20271570	LTR/ERVL-MaLR	2649	+	190	20271379	37744
chr1	20233635	20433635	harbor1	chr1	20285529	20285880	LTR/ERVL-MaLR	2180	+	176	20285705	52070
chr1	20233635	20433635	harbor1	chr1	20287497	20287540	LTR/ERVL-MaLR	1897	+	22	20287519	53884
chr1	20233635	20433635	harbor1	chr1	20287925	20288355	LTR/ERVL-MaLR	1897	+	215	20288140	54505
chr1	176884080	177084080	harbor1	chr1	176929164	176929624	LTR/ERVL-MaLR	2260	+	230	176929394	45314
chr1	176884080	177084080	harbor1	chr1	176954118	176954590	LTR/ERVL-MaLR	2317	+	236	176954354	70274
chr1	176884080	177084080	harbor1	chr1	176981347	176981609	LTR/ERVL-MaLR	1554	+	131	176981478	97398
chr1	180386978	180586978	harbor1	chr1	180485294	180485742	LTR/ERVL-MaLR	1522	+	224	180485518	98540
chr1	86515139	86715139	harbor1	chr1	86527188	86527341	LTR/ERVL-MaLR	402	+	76	86527264	12125
chr1	86515139	86715139	harbor1	chr1	86583264	86583433	LTR/ERVL-MaLR	550	+	84	86583348	68209
chr1	29824900	30024900	harbor1	chr1	29871059	29871171	LTR/ERVL-MaLR	403	+	56	29871115	46215
chr1	29824900	30024900	harbor1	chr1	29912338	29912733	LTR/ERVL-MaLR	1858	+	198	29912536	87636
chr1	29824900	30024900	harbor1	chr1	29914106	29914535	LTR/ERVL-MaLR	1003	+	214	29914320	89420
chr1	29824900	30024900	harbor1	chr1	29920107	29920447	LTR/ERVL-MaLR	1465	+	170	29920277	95377
chr1	29824900	30024900	harbor1	chr1	29922876	29923289	LTR/ERVL-MaLR	2715	+	206	29923082	98182
chr1	198909367	199109367	harbor1	chr1	198954377	198954741	LTR/ERVL-MaLR	1189	+	182	198954559	45192
chr1	91339465	91539465	harbor1	chr1	91349300	91349850	LTR/ERVL-MaLR	2072	+	275	91349575	10110
chr1	91339465	91539465	harbor1	chr1	91386042	91386618	LTR/ERVL-MaLR	1999	+	288	91386330	46865
chr1	91339465	91539465	harbor1	chr1	91389053	91389132	LTR/ERVL-MaLR	1082	+	40	91389093	49628
chr1	91339465	91539465	harbor1	chr1	91389434	91389730	LTR/ERVL-MaLR	1082	+	148	91389582	50117
chr1	91339465	91539465	harbor1	chr1	91405986	91406304	LTR/ERVL-MaLR	1470	+	159	91406145	66680
chr1	91339465	91539465	harbor1	chr1	91416875	91417250	LTR/ERVL-MaLR	2354	+	188	91417063	77598
chr1	91339465	91539465	harbor1	chr1	91418308	91418676	LTR/ERVL-MaLR	766	+	184	91418492	79027
chr1	91339465	91539465	harbor1	chr1	91429850	91430292	LTR/ERVL-MaLR	1230	+	221	91430071	90606
chr1	91339465	91539465	harbor1	chr1	91373472	91373868	LTR/ERVL-MaLR	2099	+	198	91373670	34205
chr1	41310941	41510941	harbor1	chr1	41356214	41356690	LTR/ERVL-MaLR	1916	+	238	41356452	45511
chr1	41310941	41510941	harbor1	chr1	41400072	41400559	LTR/ERVL-MaLR	1977	+	244	41400316	89375
chr1	41310941	41510941	harbor1	chr1	41408840	41409172	LTR/ERVL-MaLR	817	+	166	41409006	98065
chr1	19214228	19414228	harbor1	chr1	19246834	19247192	LTR/ERVL-MaLR	1454	+	179	19247013	32785
chr1	19214228	19414228	harbor1	chr1	19265539	19265629	LTR/ERVL-MaLR	402	+	45	19265584	51356
chr1	19214228	19414228	harbor1	chr1	19266910	19267131	LTR/ERVL-MaLR	1242	+	110	19267020	52792
chr1	19214228	19414228	harbor1	chr1	19281746	19282124	LTR/ERVL-MaLR	2199	+	189	19281935	67707
chr1	19214228	19414228	harbor1	chr1	19282143	19282564	LTR/ERVL-MaLR	2482	+	210	19282353	68125
chr1	19214228	19414228	harbor1	chr1	19300252	19300544	LTR/ERVL-MaLR	628	+	146	19300398	86170
chr1	161019032	161219032	harbor1	chr1	161105946	161106347	LTR/ERVL-MaLR	2216	+	200	161106146	87114
chr1	93356745	93556745	harbor1	chr1	93385631	93385710	LTR/ERVL-MaLR	1621	+	40	93385671	28926
chr1	93356745	93556745	harbor1	chr1	93385824	93386104	LTR/ERVL-MaLR	1621	+	140	93385964	29219
chr1	93356745	93556745	harbor1	chr1	93401168	93401541	LTR/ERVL-MaLR	2407	+	186	93401354	44609
chr1	93356745	93556745	harbor1	chr1	93401544	93401944	LTR/ERVL-MaLR	2898	+	200	93401744	44999
chr1	93356745	93556745	harbor1	chr1	93408110	93409160	LTR/ERVL-MaLR	7055	+	525	93408635	51890
chr1	93356745	93556745	harbor1	chr1	93416375	93416695	LTR/ERVL-MaLR	1694	+	160	93416535	59790
chr1	93356745	93556745	harbor1	chr1	93423242	93423376	LTR/ERVL-MaLR	768	+	67	93423309	66564
chr1	81043063	81243063	harbor1	chr1	81100366	81100741	LTR/ERVL-MaLR	2611	+	188	81100554	57491
chr1	81043063	81243063	harbor1	chr1	81119265	81119654	LTR/ERVL-MaLR	794	+	194	81119459	76396
chr1	81043063	81243063	harbor1	chr1	81123671	81124024	LTR/ERVL-MaLR	1753	+	176	81123847	80784
chr1	81043063	81243063	harbor1	chr1	81128881	81129250	LTR/ERVL-MaLR	2078	+	184	81129065	86002
chr1	167197897	167397897	harbor1	chr1	167217788	167218040	LTR/ERVL-MaLR	845	+	126	167217914	20017
chr1	167197897	167397897	harbor1	chr1	167218041	167218369	LTR/ERVL-MaLR	1768	+	164	167218205	20308
chr1	167197897	167397897	harbor1	chr1	167256027	167256438	LTR/ERVL-MaLR	404	+	206	167256233	58336
chr1	64621335	64821335	harbor1	chr1	64696039	64696173	LTR/ERVL-MaLR	472	+	67	64696106	74771
chr1	64621335	64821335	harbor1	chr1	64709028	64709403	LTR/ERVL-MaLR	2253	+	188	64709216	87881
chr1	64621335	64821335	harbor1	chr1	64709856	64710064	LTR/ERVL-MaLR	737	+	104	64709960	88625
chr1	64621335	64821335	harbor1	chr1	64710105	64710387	LTR/ERVL-MaLR	737	+	141	64710246	88911
chr1	64621335	64821335	harbor1	chr1	64718621	64718977	LTR/ERVL-MaLR	1443	+	178	64718799	97464
chr1	64621335	64821335	harbor1	chr1	64719263	64719397	LTR/ERVL-MaLR	1443	+	67	64719330	97995
chr1	21729520	21929520	harbor1	chr1	21819427	21819486	LTR/ERVL-MaLR	450	+	30	21819457	89937
chr1	227797032	227997032	harbor1	chr1	227806722	227806885	LTR/ERVL-MaLR	1625	+	82	227806804	9772
chr1	227797032	227997032	harbor1	chr1	227807193	227807401	LTR/ERVL-MaLR	1625	+	104	227807297	10265
chr1	227797032	227997032	harbor1	chr1	227808614	227808930	LTR/ERVL-MaLR	1359	+	158	227808772	11740
chr1	227797032	227997032	harbor1	chr1	227810054	227810469	LTR/ERVL-MaLR	2504	+	208	227810262	13230
chr1	227797032	227997032	harbor1	chr1	227823467	227823876	LTR/ERVL-MaLR	2205	+	204	227823671	26639
chr1	227797032	227997032	harbor1	chr1	227833861	227834304	LTR/ERVL-MaLR	1571	+	222	227834083	37051
chr1	227797032	227997032	harbor1	chr1	227868078	227868339	LTR/ERVL-MaLR	2277	+	130	227868208	71176
chr1	227797032	227997032	harbor1	chr1	227869309	227869472	LTR/ERVL-MaLR	2277	+	82	227869391	72359
chr1	227797032	227997032	harbor1	chr1	227870530	227870792	LTR/ERVL-MaLR	971	+	131	227870661	73629
chr1	227797032	227997032	harbor1	chr1	227870970	227871039	LTR/ERVL-MaLR	971	+	34	227871004	73972
chr1	227797032	227997032	harbor1	chr1	227880225	227880741	LTR/ERVL-MaLR	1925	+	258	227880483	83451
chr1	227797032	227997032	harbor1	chr1	227890206	227890294	LTR/ERVL-MaLR	445	+	44	227890250	93218
chr1	20683133	20883133	harbor1	chr1	20736850	20737234	LTR/ERVL-MaLR	1836	+	192	20737042	53909
chr1	20683133	20883133	harbor1	chr1	20759508	20759653	LTR/ERVL-MaLR	616	+	72	20759580	76447
chr1	20683133	20883133	harbor1	chr1	20762925	20763248	LTR/ERVL-MaLR	1366	+	162	20763087	79954
chr1	210239567	210439567	harbor1	chr1	210276784	210277130	LTR/ERVL-MaLR	2055	+	173	210276957	37390
chr1	210239567	210439567	harbor1	chr1	210282410	210282904	LTR/ERVL-MaLR	1164	+	247	210282657	43090
chr1	208585659	208785659	harbor1	chr1	208585636	208586007	LTR/ERVL-MaLR	2888	+	186	208585822	163
chr1	208585659	208785659	harbor1	chr1	208635151	208635528	LTR/ERVL-MaLR	1717	+	188	208635339	49680
chr1	208585659	208785659	harbor1	chr1	208640382	208640765	LTR/ERVL-MaLR	1228	+	192	208640574	54915
chr1	208585659	208785659	harbor1	chr1	208641102	208641453	LTR/ERVL-MaLR	708	+	176	208641278	55619
chr1	208585659	208785659	harbor1	chr1	208649078	208649464	LTR/ERVL-MaLR	1971	+	193	208649271	63612
chr1	208585659	208785659	harbor1	chr1	208667527	208667940	LTR/ERVL-MaLR	431	+	206	208667733	82074
chr1	30310228	30510228	harbor1	chr1	30316242	30316812	LTR/ERVL-MaLR	1977	+	285	30316527	6299
chr1	30310228	30510228	harbor1	chr1	30356128	30356391	LTR/ERVL-MaLR	711	+	132	30356260	46032
chr1	30310228	30510228	harbor1	chr1	30396879	30397304	LTR/ERVL-MaLR	1809	+	212	30397091	86863
chr1	30310228	30510228	harbor1	chr1	30399845	30400278	LTR/ERVL-MaLR	929	+	216	30400061	89833
chr1	100433486	100633486	harbor1	chr1	100476760	100477256	LTR/ERVL-MaLR	2057	+	248	100477008	43522
chr1	100433486	100633486	harbor1	chr1	100532628	100532870	LTR/ERVL-MaLR	438	+	121	100532749	99263
chr1	146020882	146220882	harbor1	chr1	146042792	146042872	LTR/ERVL-MaLR	418	+	40	146042832	21950
chr1	146020882	146220882	harbor1	chr1	146046113	146046299	LTR/ERVL-MaLR	815	+	93	146046206	25324
chr1	114064873	114264873	harbor1	chr1	114088249	114088563	LTR/ERVL-MaLR	580	+	157	114088406	23533
chr1	114064873	114264873	harbor1	chr1	114136780	114137173	LTR/ERVL-MaLR	1242	+	196	114136976	72103
chr1	75520638	75720638	harbor1	chr1	75524022	75524404	LTR/ERVL-MaLR	2101	+	191	75524213	3575
chr1	75520638	75720638	harbor1	chr1	75526519	75526612	LTR/ERVL-MaLR	483	+	46	75526565	5927
chr1	75520638	75720638	harbor1	chr1	75544023	75544408	LTR/ERVL-MaLR	1652	+	192	75544215	23577
chr1	75520638	75720638	harbor1	chr1	75581654	75582023	LTR/ERVL-MaLR	1889	+	184	75581838	61200
chr1	75520638	75720638	harbor1	chr1	75607551	75607911	LTR/ERVL-MaLR	2715	+	180	75607731	87093
chr1	101073825	101273825	harbor1	chr1	101075547	101075660	LTR/ERVL-MaLR	415	+	56	101075603	1778
chr1	101073825	101273825	harbor1	chr1	101097847	101097898	LTR/ERVL-MaLR	1638	+	26	101097873	24048
chr1	101073825	101273825	harbor1	chr1	101097899	101098302	LTR/ERVL-MaLR	2192	+	202	101098101	24276
chr1	101073825	101273825	harbor1	chr1	101098303	101098628	LTR/ERVL-MaLR	1638	+	162	101098465	24640
chr1	101073825	101273825	harbor1	chr1	101099793	101099961	LTR/ERVL-MaLR	596	+	84	101099877	26052
chr1	101073825	101273825	harbor1	chr1	101166624	101167076	LTR/ERVL-MaLR	649	+	226	101166850	93025
chr1	186798454	186998454	harbor1	chr1	186842472	186842864	LTR/ERVL-MaLR	1871	+	196	186842668	44214
chr1	85034057	85234057	harbor1	chr1	85039235	85039555	LTR/ERVL-MaLR	838	+	160	85039395	5338
chr1	85034057	85234057	harbor1	chr1	85054782	85055152	LTR/ERVL-MaLR	2397	+	185	85054967	20910
chr1	85034057	85234057	harbor1	chr1	85067555	85068013	LTR/ERVL-MaLR	1818	+	229	85067784	33727
chr1	85034057	85234057	harbor1	chr1	85068823	85069107	LTR/ERVL-MaLR	624	+	142	85068965	34908
chr1	85034057	85234057	harbor1	chr1	85084858	85085320	LTR/ERVL-MaLR	2249	+	231	85085089	51032
chr1	84880410	85080410	harbor1	chr1	84880253	84881078	LTR/ERVL-MaLR	1941	+	412	84880665	255
chr1	84880410	85080410	harbor1	chr1	84898227	84898543	LTR/ERVL-MaLR	708	+	158	84898385	17975
chr1	84880410	85080410	harbor1	chr1	84942635	84943045	LTR/ERVL-MaLR	2684	+	205	84942840	62430
chr1	84880410	85080410	harbor1	chr1	84954942	84955312	LTR/ERVL-MaLR	2941	+	185	84955127	74717
chr1	84880410	85080410	harbor1	chr1	84963498	84963880	LTR/ERVL-MaLR	2367	+	191	84963689	83279
chr1	84880410	85080410	harbor1	chr1	84967120	84967325	LTR/ERVL-MaLR	624	+	102	84967222	86812
chr1	143779381	143979381	harbor1	chr1	143814629	143815060	LTR/ERVL-MaLR	1654	+	216	143814845	35464
chr1	183261703	183461703	harbor1	chr1	183265747	183266223	LTR/ERVL-MaLR	1755	+	238	183265985	4282
chr1	183261703	183461703	harbor1	chr1	183288710	183288803	LTR/ERVL-MaLR	436	+	46	183288756	27053
chr1	183261703	183461703	harbor1	chr1	183299918	183300121	LTR/ERVL-MaLR	1948	+	102	183300020	38317
chr1	183261703	183461703	harbor1	chr1	183300431	183300598	LTR/ERVL-MaLR	1948	+	84	183300515	38812
chr1	183261703	183461703	harbor1	chr1	183306209	183306293	LTR/ERVL-MaLR	480	+	42	183306251	44548
chr1	183261703	183461703	harbor1	chr1	183306372	183306467	LTR/ERVL-MaLR	432	+	48	183306420	44717
chr1	183261703	183461703	harbor1	chr1	183311797	183312151	LTR/ERVL-MaLR	2340	+	177	183311974	50271
chr1	183261703	183461703	harbor1	chr1	183333292	183333730	LTR/ERVL-MaLR	2387	+	219	183333511	71808
chr1	183261703	183461703	harbor1	chr1	183345354	183345683	LTR/ERVL-MaLR	2449	+	164	183345518	83815
chr1	183261703	183461703	harbor1	chr1	183345985	183346052	LTR/ERVL-MaLR	2449	+	34	183346019	84316
chr1	57200868	57400868	harbor1	chr1	57219628	57220003	LTR/ERVL-MaLR	1509	+	188	57219816	18948
chr1	57200868	57400868	harbor1	chr1	57244865	57244952	LTR/ERVL-MaLR	527	+	44	57244909	44041
chr1	57200868	57400868	harbor1	chr1	57244922	57245286	LTR/ERVL-MaLR	10726	+	182	57245104	44236
chr1	57200868	57400868	harbor1	chr1	57245895	57247156	LTR/ERVL-MaLR	10726	+	630	57246525	45657
chr1	57200868	57400868	harbor1	chr1	57247159	57247540	LTR/ERVL-MaLR	1730	+	190	57247349	46481
chr1	57200868	57400868	harbor1	chr1	57247602	57247989	LTR/ERVL-MaLR	1084	+	194	57247796	46928
chr1	57200868	57400868	harbor1	chr1	57266968	57267398	LTR/ERVL-MaLR	1196	+	215	57267183	66315
chr1	57200868	57400868	harbor1	chr1	57288355	57288704	LTR/ERVL-MaLR	1571	+	174	57288529	87661
chr1	213370308	213570308	harbor1	chr1	213379188	213379641	LTR/ERVL-MaLR	2853	+	226	213379414	9106
chr1	213370308	213570308	harbor1	chr1	213383547	213383945	LTR/ERVL-MaLR	1367	+	199	213383746	13438
chr1	213370308	213570308	harbor1	chr1	213385969	213386379	LTR/ERVL-MaLR	2324	+	205	213386174	15866
chr1	213370308	213570308	harbor1	chr1	213414267	213414719	LTR/ERVL-MaLR	1640	+	226	213414493	44185
chr1	151380398	151580398	harbor1	chr1	151467910	151468101	LTR/ERVL-MaLR	404	+	96	151468006	87608
chr1	177386307	177586307	harbor1	chr1	177412911	177413011	LTR/ERVL-MaLR	486	+	50	177412961	26654
chr1	177386307	177586307	harbor1	chr1	177416099	177416457	LTR/ERVL-MaLR	2152	+	179	177416278	29971
chr1	177386307	177586307	harbor1	chr1	177416462	177416823	LTR/ERVL-MaLR	514	+	180	177416642	30335
chr1	177386307	177586307	harbor1	chr1	177459903	177460268	LTR/ERVL-MaLR	2362	+	182	177460085	73778
chr1	5715142	5915142	harbor1	chr1	5721842	5722228	LTR/ERVL-MaLR	918	+	193	5722035	6893
chr1	5715142	5915142	harbor1	chr1	5723666	5724009	LTR/ERVL-MaLR	2168	+	172	5723838	8696
chr1	5715142	5915142	harbor1	chr1	5751490	5751802	LTR/ERVL-MaLR	1329	+	156	5751646	36504
chr1	5715142	5915142	harbor1	chr1	5760394	5760777	LTR/ERVL-MaLR	2618	+	192	5760586	45444
chr1	5715142	5915142	harbor1	chr1	5763430	5763801	LTR/ERVL-MaLR	2737	+	186	5763616	48474
chr1	5715142	5915142	harbor1	chr1	5777943	5778313	LTR/ERVL-MaLR	2824	+	185	5778128	62986
chr1	5715142	5915142	harbor1	chr1	5778533	5779019	LTR/ERVL-MaLR	2235	+	243	5778776	63634
chr1	5715142	5915142	harbor1	chr1	5790407	5791081	LTR/ERVL-MaLR	4613	+	337	5790744	75602
chr1	5715142	5915142	harbor1	chr1	5791082	5791465	LTR/ERVL-MaLR	2591	+	192	5791274	76132
chr1	5715142	5915142	harbor1	chr1	5801032	5801513	LTR/ERVL-MaLR	1148	+	240	5801272	86130
chr1	169640374	169840374	harbor1	chr1	169649615	169649921	LTR/ERVL-MaLR	1359	+	153	169649768	9394
chr1	74821167	75021167	harbor1	chr1	74843162	74843440	LTR/ERVL-MaLR	902	+	139	74843301	22134
chr1	74821167	75021167	harbor1	chr1	74868883	74869269	LTR/ERVL-MaLR	2096	+	193	74869076	47909
chr1	74821167	75021167	harbor1	chr1	74869270	74870903	LTR/ERVL-MaLR	9492	+	816	74870086	48919
chr1	74821167	75021167	harbor1	chr1	74870904	74871298	LTR/ERVL-MaLR	1987	+	197	74871101	49934
chr1	74821167	75021167	harbor1	chr1	74884031	74884384	LTR/ERVL-MaLR	2044	+	176	74884207	63040
chr1	74821167	75021167	harbor1	chr1	74884385	74885960	LTR/ERVL-MaLR	11841	+	788	74885173	64006
chr1	74821167	75021167	harbor1	chr1	74885961	74886315	LTR/ERVL-MaLR	2236	+	177	74886138	64971
chr1	74821167	75021167	harbor1	chr1	74886872	74887240	LTR/ERVL-MaLR	2601	+	184	74887056	65889
chr1	111776442	111976442	harbor1	chr1	111831245	111831598	LTR/ERVL-MaLR	2108	+	176	111831421	54979
chr1	111776442	111976442	harbor1	chr1	111820639	111821084	LTR/ERVL-MaLR	2029	+	222	111820861	44419
chr1	182483020	182683020	harbor1	chr1	182569482	182569678	LTR/ERVL-MaLR	738	+	98	182569580	86560
chr1	215877363	216077363	harbor1	chr1	215918261	215918613	LTR/ERVL-MaLR	1680	+	176	215918437	41074
chr1	215877363	216077363	harbor1	chr1	215928691	215928808	LTR/ERVL-MaLR	423	+	58	215928749	51386
chr1	200599653	200799653	harbor1	chr1	200651277	200651634	LTR/ERVL-MaLR	1756	+	178	200651455	51802
chr1	200599653	200799653	harbor1	chr1	200661799	200662201	LTR/ERVL-MaLR	2698	+	201	200662000	62347
chr1	200599653	200799653	harbor1	chr1	200693344	200693587	LTR/ERVL-MaLR	603	+	122	200693466	93813
chr1	200599653	200799653	harbor1	chr1	200697411	200697778	LTR/ERVL-MaLR	2485	+	184	200697595	97942
chr1	62586261	62786261	harbor1	chr1	62621963	62622243	LTR/ERVL-MaLR	426	+	140	62622103	35842
chr1	62586261	62786261	harbor1	chr1	62642883	62643353	LTR/ERVL-MaLR	1081	+	235	62643118	56857
chr1	62586261	62786261	harbor1	chr1	62646375	62646768	LTR/ERVL-MaLR	1584	+	196	62646571	60310
chr1	62586261	62786261	harbor1	chr1	62654594	62655111	LTR/ERVL-MaLR	1473	+	258	62654852	68591
chr1	62586261	62786261	harbor1	chr1	62664209	62664576	LTR/ERVL-MaLR	2280	+	184	62664393	78132
chr1	62586261	62786261	harbor1	chr1	62677200	62677374	LTR/ERVL-MaLR	450	+	87	62677287	91026
chr1	73772867	73972867	harbor1	chr1	73797480	73797822	LTR/ERVL-MaLR	1393	+	171	73797651	24784
chr1	73772867	73972867	harbor1	chr1	73799439	73799523	LTR/ERVL-MaLR	499	+	42	73799481	26614
chr1	73772867	73972867	harbor1	chr1	73854515	73854873	LTR/ERVL-MaLR	1267	+	179	73854694	81827
chr1	73772867	73972867	harbor1	chr1	73855743	73856226	LTR/ERVL-MaLR	1122	+	242	73855985	83118
chr1	73772867	73972867	harbor1	chr1	73825722	73826312	LTR/ERVL-MaLR	1209	+	295	73826017	53150
chr1	105994443	106194443	harbor1	chr1	106001200	106001559	LTR/ERVL-MaLR	1078	+	180	106001380	6937
chr1	105994443	106194443	harbor1	chr1	106042934	106043214	LTR/ERVL-MaLR	467	+	140	106043074	48631
chr1	105994443	106194443	harbor1	chr1	106053241	106053592	LTR/ERVL-MaLR	1380	+	176	106053417	58974
chr1	105994443	106194443	harbor1	chr1	106060419	106060567	LTR/ERVL-MaLR	594	+	74	106060493	66050
chr1	105994443	106194443	harbor1	chr1	106060642	106060831	LTR/ERVL-MaLR	634	+	94	106060736	66293
chr1	105994443	106194443	harbor1	chr1	106090806	106091152	LTR/ERVL-MaLR	1762	+	173	106090979	96536
chr1	105994443	106194443	harbor1	chr1	106093057	106093429	LTR/ERVL-MaLR	1749	+	186	106093243	98800
chr1	105994443	106194443	harbor1	chr1	106069852	106070216	LTR/ERVL-MaLR	539	+	182	106070034	75591
chr1	56106842	56306842	harbor1	chr1	56130522	56130941	LTR/ERVL-MaLR	1070	+	210	56130732	23890
chr1	56106842	56306842	harbor1	chr1	56140558	56140856	LTR/ERVL-MaLR	602	+	149	56140707	33865
chr1	56106842	56306842	harbor1	chr1	56183831	56184244	LTR/ERVL-MaLR	1890	+	206	56184037	77195
chr1	8176042	8376042	harbor1	chr1	8191498	8191827	LTR/ERVL-MaLR	2116	+	164	8191662	15620
chr1	8176042	8376042	harbor1	chr1	8192137	8192175	LTR/ERVL-MaLR	2116	+	19	8192156	16114
chr1	8176042	8376042	harbor1	chr1	8227666	8228027	LTR/ERVL-MaLR	2633	+	180	8227846	51804
chr1	8176042	8376042	harbor1	chr1	8265615	8265780	LTR/ERVL-MaLR	788	+	82	8265697	89655
chr1	89545136	89745136	harbor1	chr1	89573874	89574222	LTR/ERVL-MaLR	720	+	174	89574048	28912
chr1	89545136	89745136	harbor1	chr1	89574317	89575003	LTR/ERVL-MaLR	1237	+	343	89574660	29524
chr1	89545136	89745136	harbor1	chr1	89575000	89575147	LTR/ERVL-MaLR	675	+	74	89575074	29938
chr1	89545136	89745136	harbor1	chr1	89575147	89575440	LTR/ERVL-MaLR	750	+	146	89575293	30157
chr1	89545136	89745136	harbor1	chr1	89608293	89608668	LTR/ERVL-MaLR	1781	+	188	89608481	63345
chr1	238425333	238625333	harbor1	chr1	238453798	238454133	LTR/ERVL-MaLR	2044	+	168	238453966	28633
chr1	238425333	238625333	harbor1	chr1	238469714	238469789	LTR/ERVL-MaLR	579	+	38	238469752	44419
chr1	238425333	238625333	harbor1	chr1	238497395	238497767	LTR/ERVL-MaLR	2402	+	186	238497581	72248
chr1	238425333	238625333	harbor1	chr1	238500084	238500439	LTR/ERVL-MaLR	2170	+	178	238500262	74929
chr1	211077993	211277993	harbor1	chr1	211117273	211117597	LTR/ERVL-MaLR	476	+	162	211117435	39442
chr1	211077993	211277993	harbor1	chr1	211146800	211147044	LTR/ERVL-MaLR	427	+	122	211146922	68929
chr1	79018502	79218502	harbor1	chr1	79019438	79019947	LTR/ERVL-MaLR	536	+	254	79019692	1190
chr1	79018502	79218502	harbor1	chr1	79025940	79026347	LTR/ERVL-MaLR	2363	+	204	79026144	7642
chr1	79018502	79218502	harbor1	chr1	79035932	79036307	LTR/ERVL-MaLR	1946	+	188	79036120	17618
chr1	79018502	79218502	harbor1	chr1	79037916	79038304	LTR/ERVL-MaLR	1894	+	194	79038110	19608
chr1	79018502	79218502	harbor1	chr1	79078472	79078862	LTR/ERVL-MaLR	2179	+	195	79078667	60165
chr1	79018502	79218502	harbor1	chr1	79098133	79098494	LTR/ERVL-MaLR	2121	+	180	79098313	79811
chr1	79018502	79218502	harbor1	chr1	79099865	79100035	LTR/ERVL-MaLR	610	+	85	79099950	81448
chr1	79018502	79218502	harbor1	chr1	79100499	79100759	LTR/ERVL-MaLR	610	+	130	79100629	82127
chr1	79018502	79218502	harbor1	chr1	79106387	79106916	LTR/ERVL-MaLR	1496	+	264	79106651	88149
chr1	79018502	79218502	harbor1	chr1	79106917	79107896	LTR/ERVL-MaLR	2519	+	490	79107407	88905
chr1	79018502	79218502	harbor1	chr1	79108197	79108576	LTR/ERVL-MaLR	2519	+	190	79108387	89885
chr1	79018502	79218502	harbor1	chr1	79108591	79109084	LTR/ERVL-MaLR	758	+	246	79108837	90335
chr1	79018502	79218502	harbor1	chr1	79109108	79109235	LTR/ERVL-MaLR	444	+	64	79109172	90670
chr1	79018502	79218502	harbor1	chr1	79109236	79109662	LTR/ERVL-MaLR	1349	+	213	79109449	90947
chr1	79018502	79218502	harbor1	chr1	79101912	79102271	LTR/ERVL-MaLR	2399	+	180	79102092	83590
chr1	79018502	79218502	harbor1	chr1	79036308	79037913	LTR/ERVL-MaLR	9062	+	802	79037110	18608
chr1	37338604	37538604	harbor1	chr1	37340056	37340278	LTR/ERVL-MaLR	1761	+	111	37340167	1563
chr1	37338604	37538604	harbor1	chr1	37340643	37340676	LTR/ERVL-MaLR	1761	+	16	37340659	2055
chr1	37338604	37538604	harbor1	chr1	37340844	37341264	LTR/ERVL-MaLR	628	+	210	37341054	2450
chr1	37338604	37538604	harbor1	chr1	37349437	37349820	LTR/ERVL-MaLR	1746	+	192	37349629	11025
chr1	37338604	37538604	harbor1	chr1	37356907	37357270	LTR/ERVL-MaLR	2247	+	182	37357089	18485
chr1	37338604	37538604	harbor1	chr1	37411535	37411948	LTR/ERVL-MaLR	2487	+	206	37411741	73137
chr1	37338604	37538604	harbor1	chr1	37423934	37424146	LTR/ERVL-MaLR	450	+	106	37424040	85436
chr1	37338604	37538604	harbor1	chr1	37429311	37429559	LTR/ERVL-MaLR	765	+	124	37429435	90831
chr1	37338604	37538604	harbor1	chr1	37429877	37430107	LTR/ERVL-MaLR	1073	+	115	37429992	91388
chr1	1820966	2020966	harbor1	chr1	1872992	1873057	LTR/ERVL-MaLR	396	+	32	1873024	52058
chr1	1820966	2020966	harbor1	chr1	1873200	1873587	LTR/ERVL-MaLR	396	+	194	1873394	52428
chr1	1820966	2020966	harbor1	chr1	1875825	1876228	LTR/ERVL-MaLR	1246	+	202	1876027	55061
chr1	240566678	240766678	harbor1	chr1	240618941	240619247	LTR/ERVL-MaLR	618	+	153	240619094	52416
chr1	240566678	240766678	harbor1	chr1	240636336	240636519	LTR/ERVL-MaLR	1147	+	92	240636428	69750
chr1	240566678	240766678	harbor1	chr1	240637075	240637282	LTR/ERVL-MaLR	1114	+	104	240637179	70501
chr1	240566678	240766678	harbor1	chr1	240641745	240642340	LTR/ERVL-MaLR	1466	+	298	240642043	75365
chr1	180571269	180771269	harbor1	chr1	180577431	180577757	LTR/ERVL-MaLR	486	+	163	180577594	6325
chr1	180571269	180771269	harbor1	chr1	180578342	180578726	LTR/ERVL-MaLR	2029	+	192	180578534	7265
chr1	180571269	180771269	harbor1	chr1	180582870	180583273	LTR/ERVL-MaLR	1979	+	202	180583072	11803
chr1	180571269	180771269	harbor1	chr1	180592369	180592894	LTR/ERVL-MaLR	1685	+	262	180592631	21362
chr1	180571269	180771269	harbor1	chr1	180619951	180620331	LTR/ERVL-MaLR	1842	+	190	180620141	48872
chr1	180571269	180771269	harbor1	chr1	180620334	180621079	LTR/ERVL-MaLR	2591	+	372	180620706	49437
chr1	180571269	180771269	harbor1	chr1	180625878	180626368	LTR/ERVL-MaLR	1833	+	245	180626123	54854
chr1	226469013	226669013	harbor1	chr1	226469209	226469609	LTR/ERVL-MaLR	2181	+	200	226469409	396
chr1	226469013	226669013	harbor1	chr1	226477840	226478076	LTR/ERVL-MaLR	985	+	118	226477958	8945
chr1	226469013	226669013	harbor1	chr1	226484539	226484949	LTR/ERVL-MaLR	1448	+	205	226484744	15731
chr1	226469013	226669013	harbor1	chr1	226510160	226510172	LTR/ERVL-MaLR	436	+	6	226510166	41153
chr1	226469013	226669013	harbor1	chr1	226510471	226510745	LTR/ERVL-MaLR	436	+	137	226510608	41595
chr1	226469013	226669013	harbor1	chr1	226534590	226534989	LTR/ERVL-MaLR	677	+	200	226534790	65777
chr1	226469013	226669013	harbor1	chr1	226545768	226546338	LTR/ERVL-MaLR	1807	+	285	226546053	77040
chr1	226469013	226669013	harbor1	chr1	226553931	226554355	LTR/ERVL-MaLR	662	+	212	226554143	85130
chr1	85292850	85492850	harbor1	chr1	85295615	85295743	LTR/ERVL-MaLR	415	+	64	85295679	2829
chr1	85292850	85492850	harbor1	chr1	85313279	85313654	LTR/ERVL-MaLR	1789	+	188	85313467	20617
chr1	85292850	85492850	harbor1	chr1	85333996	85334370	LTR/ERVL-MaLR	2344	+	187	85334183	41333
chr1	85292850	85492850	harbor1	chr1	85334422	85334792	LTR/ERVL-MaLR	1926	+	185	85334607	41757
chr1	85292850	85492850	harbor1	chr1	85365700	85366104	LTR/ERVL-MaLR	1634	+	202	85365902	73052
chr1	85292850	85492850	harbor1	chr1	85367612	85367954	LTR/ERVL-MaLR	540	+	171	85367783	74933
chr1	85292850	85492850	harbor1	chr1	85370022	85370374	LTR/ERVL-MaLR	2021	+	176	85370198	77348
chr1	85292850	85492850	harbor1	chr1	85373329	85373729	LTR/ERVL-MaLR	2249	+	200	85373529	80679
chr1	243644433	243844433	harbor1	chr1	243657078	243657381	LTR/ERVL-MaLR	1510	+	152	243657230	12797
chr1	243644433	243844433	harbor1	chr1	243699642	243700112	LTR/ERVL-MaLR	1117	+	235	243699877	55444
chr2	76860619	77060619	harbor1	chr2	76871554	76872136	LTR/ERVL-MaLR	1451	+	291	76871845	11226
chr2	76860619	77060619	harbor1	chr2	76872675	76873106	LTR/ERVL-MaLR	2037	+	216	76872891	12272
chr2	76860619	77060619	harbor1	chr2	76912612	76913019	LTR/ERVL-MaLR	2154	+	204	76912816	52197
chr2	76860619	77060619	harbor1	chr2	76925041	76925551	LTR/ERVL-MaLR	1832	+	255	76925296	64677
chr2	76860619	77060619	harbor1	chr2	76926481	76926849	LTR/ERVL-MaLR	1534	+	184	76926665	66046
chr2	76860619	77060619	harbor1	chr2	76955562	76955918	LTR/ERVL-MaLR	1357	+	178	76955740	95121
chr2	61372449	61572449	harbor1	chr2	61377461	61377770	LTR/ERVL-MaLR	1632	+	154	61377615	5166
chr2	61372449	61572449	harbor1	chr2	61380574	61380840	LTR/ERVL-MaLR	768	+	133	61380707	8258
chr2	61372449	61572449	harbor1	chr2	61404358	61404661	LTR/ERVL-MaLR	582	+	152	61404510	32061
chr2	61372449	61572449	harbor1	chr2	61407641	61407832	LTR/ERVL-MaLR	1711	+	96	61407737	35288
chr2	61372449	61572449	harbor1	chr2	61408142	61408401	LTR/ERVL-MaLR	1711	+	130	61408272	35823
chr2	77655199	77855199	harbor1	chr2	77655353	77655705	LTR/ERVL-MaLR	2072	+	176	77655529	330
chr2	77655199	77855199	harbor1	chr2	77680746	77681335	LTR/ERVL-MaLR	1144	+	294	77681040	25841
chr2	77655199	77855199	harbor1	chr2	77684102	77684299	LTR/ERVL-MaLR	689	+	98	77684200	29001
chr2	77655199	77855199	harbor1	chr2	77685005	77685320	LTR/ERVL-MaLR	1029	+	158	77685163	29964
chr2	77655199	77855199	harbor1	chr2	77689487	77689846	LTR/ERVL-MaLR	1448	+	180	77689667	34468
chr2	77655199	77855199	harbor1	chr2	77691864	77692734	LTR/ERVL-MaLR	1356	+	435	77692299	37100
chr2	77655199	77855199	harbor1	chr2	77705078	77705620	LTR/ERVL-MaLR	1594	+	271	77705349	50150
chr2	77655199	77855199	harbor1	chr2	77727634	77727984	LTR/ERVL-MaLR	1777	+	175	77727809	72610
chr2	227169988	227369988	harbor1	chr2	227196862	227197195	LTR/ERVL-MaLR	1903	+	166	227197028	27040
chr2	6170728	6370728	harbor1	chr2	6194383	6194739	LTR/ERVL-MaLR	1817	+	178	6194561	23833
chr2	6170728	6370728	harbor1	chr2	6208265	6208622	LTR/ERVL-MaLR	2125	+	178	6208443	37715
chr2	6170728	6370728	harbor1	chr2	6210049	6210430	LTR/ERVL-MaLR	2106	+	190	6210239	39511
chr2	6170728	6370728	harbor1	chr2	6219040	6219358	LTR/ERVL-MaLR	441	+	159	6219199	48471
chr2	6170728	6370728	harbor1	chr2	6225285	6225691	LTR/ERVL-MaLR	2619	+	203	6225488	54760
chr2	6170728	6370728	harbor1	chr2	6231678	6232027	LTR/ERVL-MaLR	880	+	174	6231852	61124
chr2	6170728	6370728	harbor1	chr2	6247121	6247312	LTR/ERVL-MaLR	1556	+	96	6247217	76489
chr2	6170728	6370728	harbor1	chr2	6247360	6247553	LTR/ERVL-MaLR	1556	+	96	6247456	76728
chr2	6170728	6370728	harbor1	chr2	6256860	6257275	LTR/ERVL-MaLR	1328	+	208	6257068	86340
chr2	6170728	6370728	harbor1	chr2	6208624	6210039	LTR/ERVL-MaLR	8228	+	708	6209332	38604
chr2	46424731	46624731	harbor1	chr2	46433881	46434152	LTR/ERVL-MaLR	419	+	136	46434017	9286
chr2	46424731	46624731	harbor1	chr2	46469489	46469651	LTR/ERVL-MaLR	516	+	81	46469570	44839
chr2	46424731	46624731	harbor1	chr2	46471148	46471324	LTR/ERVL-MaLR	482	+	88	46471236	46505
chr2	46424731	46624731	harbor1	chr2	46484863	46485173	LTR/ERVL-MaLR	1431	+	155	46485018	60287
chr2	46424731	46624731	harbor1	chr2	46494704	46495247	LTR/ERVL-MaLR	1889	+	272	46494976	70245
chr2	46424731	46624731	harbor1	chr2	46503999	46504143	LTR/ERVL-MaLR	812	+	72	46504071	79340
chr2	46424731	46624731	harbor1	chr2	46504133	46504245	LTR/ERVL-MaLR	765	+	56	46504189	79458
chr2	46424731	46624731	harbor1	chr2	46509657	46510003	LTR/ERVL-MaLR	736	+	173	46509830	85099
chr2	167134294	167334294	harbor1	chr2	167231653	167232116	LTR/ERVL-MaLR	652	+	232	167231885	97591
chr2	46774189	46974189	harbor1	chr2	46828823	46829184	LTR/ERVL-MaLR	1819	+	180	46829003	54814
chr2	46774189	46974189	harbor1	chr2	46830241	46830737	LTR/ERVL-MaLR	1285	+	248	46830489	56300
chr2	46774189	46974189	harbor1	chr2	46838884	46839196	LTR/ERVL-MaLR	1109	+	156	46839040	64851
chr2	46774189	46974189	harbor1	chr2	46843237	46843637	LTR/ERVL-MaLR	1066	+	200	46843437	69248
chr2	46774189	46974189	harbor1	chr2	46853948	46854326	LTR/ERVL-MaLR	2368	+	189	46854137	79948
chr2	46774189	46974189	harbor1	chr2	46860016	46860333	LTR/ERVL-MaLR	961	+	158	46860174	85985
chr2	46774189	46974189	harbor1	chr2	46872189	46872344	LTR/ERVL-MaLR	544	+	78	46872267	98078
chr2	46774189	46974189	harbor1	chr2	46872430	46872545	LTR/ERVL-MaLR	433	+	58	46872488	98299
chr2	46774189	46974189	harbor1	chr2	46792468	46792860	LTR/ERVL-MaLR	1597	+	196	46792664	18475
chr2	21985456	22185456	harbor1	chr2	22009950	22010155	LTR/ERVL-MaLR	1951	+	102	22010052	24596
chr2	21985456	22185456	harbor1	chr2	22010219	22010474	LTR/ERVL-MaLR	1951	+	128	22010347	24891
chr2	21985456	22185456	harbor1	chr2	22024560	22024783	LTR/ERVL-MaLR	427	+	112	22024672	39216
chr2	21985456	22185456	harbor1	chr2	22062133	22062314	LTR/ERVL-MaLR	925	+	90	22062223	76767
chr2	21985456	22185456	harbor1	chr2	22065412	22065785	LTR/ERVL-MaLR	1758	+	186	22065598	80142
chr2	21985456	22185456	harbor1	chr2	22080264	22080847	LTR/ERVL-MaLR	1253	+	292	22080556	95100
chr2	51912419	52112419	harbor1	chr2	51923651	51924135	LTR/ERVL-MaLR	1917	+	242	51923893	11474
chr2	51912419	52112419	harbor1	chr2	51924206	51924626	LTR/ERVL-MaLR	2326	+	210	51924416	11997
chr2	51912419	52112419	harbor1	chr2	51933737	51934318	LTR/ERVL-MaLR	1227	+	290	51934027	21608
chr2	51912419	52112419	harbor1	chr2	51942677	51943054	LTR/ERVL-MaLR	2127	+	188	51942865	30446
chr2	51912419	52112419	harbor1	chr2	51943055	51944577	LTR/ERVL-MaLR	9262	+	761	51943816	31397
chr2	51912419	52112419	harbor1	chr2	51944582	51944944	LTR/ERVL-MaLR	2016	+	181	51944763	32344
chr2	51912419	52112419	harbor1	chr2	51948481	51948834	LTR/ERVL-MaLR	2357	+	176	51948657	36238
chr2	51912419	52112419	harbor1	chr2	51978058	51978158	LTR/ERVL-MaLR	547	+	50	51978108	65689
chr2	51912419	52112419	harbor1	chr2	51978134	51978231	LTR/ERVL-MaLR	521	+	48	51978182	65763
chr2	51912419	52112419	harbor1	chr2	51992518	51992946	LTR/ERVL-MaLR	2056	+	214	51992732	80313
chr2	51912419	52112419	harbor1	chr2	51997694	51998062	LTR/ERVL-MaLR	2074	+	184	51997878	85459
chr2	51912419	52112419	harbor1	chr2	51998063	51999575	LTR/ERVL-MaLR	10677	+	756	51998819	86400
chr2	51912419	52112419	harbor1	chr2	51999576	51999937	LTR/ERVL-MaLR	1763	+	180	51999756	87337
chr2	12008144	12208144	harbor1	chr2	12008903	12009057	LTR/ERVL-MaLR	784	+	77	12008980	836
chr2	12008144	12208144	harbor1	chr2	12023165	12023475	LTR/ERVL-MaLR	2119	+	155	12023320	15176
chr2	12008144	12208144	harbor1	chr2	12026606	12026673	LTR/ERVL-MaLR	495	+	34	12026640	18496
chr2	12008144	12208144	harbor1	chr2	12033552	12034014	LTR/ERVL-MaLR	1697	+	231	12033783	25639
chr2	12008144	12208144	harbor1	chr2	12063796	12064185	LTR/ERVL-MaLR	892	+	194	12063990	55846
chr2	12008144	12208144	harbor1	chr2	12076864	12077214	LTR/ERVL-MaLR	788	+	175	12077039	68895
chr2	12008144	12208144	harbor1	chr2	12080414	12080867	LTR/ERVL-MaLR	1743	+	226	12080640	72496
chr2	8525035	8725035	harbor1	chr2	8533171	8533352	LTR/ERVL-MaLR	733	+	90	8533261	8226
chr2	8525035	8725035	harbor1	chr2	8549577	8549969	LTR/ERVL-MaLR	2068	+	196	8549773	24738
chr2	8525035	8725035	harbor1	chr2	8555076	8555633	LTR/ERVL-MaLR	2593	+	278	8555354	30319
chr2	8525035	8725035	harbor1	chr2	8593339	8593542	LTR/ERVL-MaLR	1026	+	102	8593441	68406
chr2	8525035	8725035	harbor1	chr2	8612163	8612340	LTR/ERVL-MaLR	1825	+	88	8612251	87216
chr2	8525035	8725035	harbor1	chr2	8612653	8612855	LTR/ERVL-MaLR	1825	+	101	8612754	87719
chr2	8525035	8725035	harbor1	chr2	8614562	8614887	LTR/ERVL-MaLR	558	+	162	8614724	89689
chr2	228757478	228957478	harbor1	chr2	228766560	228766975	LTR/ERVL-MaLR	1305	+	208	228766768	9290
chr2	228757478	228957478	harbor1	chr2	228778950	228779248	LTR/ERVL-MaLR	1283	+	149	228779099	21621
chr2	228757478	228957478	harbor1	chr2	228790573	228790946	LTR/ERVL-MaLR	776	+	186	228790759	33281
chr2	228757478	228957478	harbor1	chr2	228829444	228829806	LTR/ERVL-MaLR	2658	+	181	228829625	72147
chr2	228757478	228957478	harbor1	chr2	228835462	228835492	LTR/ERVL-MaLR	865	+	15	228835477	77999
chr2	228757478	228957478	harbor1	chr2	228841884	228842095	LTR/ERVL-MaLR	847	+	106	228841990	84512
chr2	228757478	228957478	harbor1	chr2	228842421	228842552	LTR/ERVL-MaLR	847	+	66	228842487	85009
chr2	228757478	228957478	harbor1	chr2	228850998	228851409	LTR/ERVL-MaLR	1515	+	206	228851204	93726
chr2	228757478	228957478	harbor1	chr2	228835174	228835427	LTR/ERVL-MaLR	865	+	126	228835300	77822
chr2	196739891	196939891	harbor1	chr2	196750354	196750735	LTR/ERVL-MaLR	1086	+	190	196750544	10653
chr2	196739891	196939891	harbor1	chr2	196782049	196782376	LTR/ERVL-MaLR	1508	+	164	196782213	42322
chr2	196739891	196939891	harbor1	chr2	196793924	196794322	LTR/ERVL-MaLR	2346	+	199	196794123	54232
chr2	196739891	196939891	harbor1	chr2	196819223	196819581	LTR/ERVL-MaLR	1734	+	179	196819402	79511
chr2	196739891	196939891	harbor1	chr2	196828450	196829042	LTR/ERVL-MaLR	1705	+	296	196828746	88855
chr2	196739891	196939891	harbor1	chr2	196820856	196821353	LTR/ERVL-MaLR	1440	+	248	196821104	81213
chr2	42983160	43183160	harbor1	chr2	42983738	42984009	LTR/ERVL-MaLR	725	+	136	42983874	714
chr2	42983160	43183160	harbor1	chr2	42984206	42984462	LTR/ERVL-MaLR	1282	+	128	42984334	1174
chr2	42983160	43183160	harbor1	chr2	42984458	42984838	LTR/ERVL-MaLR	967	+	190	42984648	1488
chr2	42983160	43183160	harbor1	chr2	42984948	42985359	LTR/ERVL-MaLR	795	+	206	42985154	1994
chr2	42983160	43183160	harbor1	chr2	43003296	43003481	LTR/ERVL-MaLR	1735	+	92	43003388	20228
chr2	42983160	43183160	harbor1	chr2	43003793	43004008	LTR/ERVL-MaLR	1735	+	108	43003901	20741
chr2	42983160	43183160	harbor1	chr2	43010544	43010747	LTR/ERVL-MaLR	527	+	102	43010646	27486
chr2	42983160	43183160	harbor1	chr2	43010829	43011067	LTR/ERVL-MaLR	820	+	119	43010948	27788
chr2	42983160	43183160	harbor1	chr2	43011223	43011542	LTR/ERVL-MaLR	765	+	160	43011383	28223
chr2	42983160	43183160	harbor1	chr2	43013892	43014567	LTR/ERVL-MaLR	2096	+	338	43014230	31070
chr2	42983160	43183160	harbor1	chr2	43014569	43014936	LTR/ERVL-MaLR	1070	+	184	43014753	31593
chr2	42983160	43183160	harbor1	chr2	43016543	43016944	LTR/ERVL-MaLR	2234	+	200	43016743	33583
chr2	42983160	43183160	harbor1	chr2	43033147	43033606	LTR/ERVL-MaLR	1940	+	230	43033377	50217
chr2	151693818	151893818	harbor1	chr2	151715390	151715769	LTR/ERVL-MaLR	1470	+	190	151715580	21762
chr2	151693818	151893818	harbor1	chr2	151736489	151736821	LTR/ERVL-MaLR	1348	+	166	151736655	42837
chr2	151693818	151893818	harbor1	chr2	151739251	151739637	LTR/ERVL-MaLR	1204	+	193	151739444	45626
chr2	151693818	151893818	harbor1	chr2	151755679	151756012	LTR/ERVL-MaLR	1333	+	166	151755845	62027
chr2	151693818	151893818	harbor1	chr2	151758988	151759056	LTR/ERVL-MaLR	1493	+	34	151759022	65204
chr2	151693818	151893818	harbor1	chr2	151759186	151759504	LTR/ERVL-MaLR	1493	+	159	151759345	65527
chr2	151693818	151893818	harbor1	chr2	151761287	151761771	LTR/ERVL-MaLR	1952	+	242	151761529	67711
chr2	151693818	151893818	harbor1	chr2	151775905	151776202	LTR/ERVL-MaLR	1381	+	148	151776053	82235
chr2	210988091	211188091	harbor1	chr2	210988523	210988925	LTR/ERVL-MaLR	2318	+	201	210988724	633
chr2	210988091	211188091	harbor1	chr2	210988935	210989718	LTR/ERVL-MaLR	4648	+	392	210989327	1236
chr2	210988091	211188091	harbor1	chr2	211005694	211006126	LTR/ERVL-MaLR	840	+	216	211005910	17819
chr2	210988091	211188091	harbor1	chr2	211006128	211007180	LTR/ERVL-MaLR	4103	+	526	211006654	18563
chr2	210988091	211188091	harbor1	chr2	211011259	211011860	LTR/ERVL-MaLR	1655	+	300	211011559	23468
chr2	210988091	211188091	harbor1	chr2	211012313	211012698	LTR/ERVL-MaLR	1877	+	192	211012505	24414
chr2	210988091	211188091	harbor1	chr2	211015929	211016227	LTR/ERVL-MaLR	1074	+	149	211016078	27987
chr2	210988091	211188091	harbor1	chr2	211032279	211032619	LTR/ERVL-MaLR	500	+	170	211032449	44358
chr2	210988091	211188091	harbor1	chr2	211048840	211049029	LTR/ERVL-MaLR	494	+	94	211048934	60843
chr2	210988091	211188091	harbor1	chr2	211049747	211049955	LTR/ERVL-MaLR	494	+	104	211049851	61760
chr2	210988091	211188091	harbor1	chr2	211080882	211081241	LTR/ERVL-MaLR	1685	+	180	211081062	92971
chr2	111387730	111587730	harbor1	chr2	111388192	111388578	LTR/ERVL-MaLR	2039	+	193	111388385	655
chr2	111387730	111587730	harbor1	chr2	111400341	111400688	LTR/ERVL-MaLR	1851	+	174	111400515	12785
chr2	111387730	111587730	harbor1	chr2	111406691	111407049	LTR/ERVL-MaLR	2571	+	179	111406870	19140
chr2	111387730	111587730	harbor1	chr2	111409475	111409921	LTR/ERVL-MaLR	2023	+	223	111409698	21968
chr2	111387730	111587730	harbor1	chr2	111457858	111458084	LTR/ERVL-MaLR	499	+	113	111457971	70241
chr2	111387730	111587730	harbor1	chr2	111471795	111472172	LTR/ERVL-MaLR	1929	+	188	111471983	84253
chr2	111387730	111587730	harbor1	chr2	111394744	111395099	LTR/ERVL-MaLR	2832	+	178	111394922	7192
chr2	177966827	178166827	harbor1	chr2	178029731	178030098	LTR/ERVL-MaLR	1689	+	184	178029915	63088
chr2	177966827	178166827	harbor1	chr2	178058262	178058622	LTR/ERVL-MaLR	2352	+	180	178058442	91615
chr2	177966827	178166827	harbor1	chr2	178059931	178060267	LTR/ERVL-MaLR	432	+	168	178060099	93272
chr2	219367382	219567382	harbor1	chr2	219382439	219382728	LTR/ERVL-MaLR	793	+	144	219382583	15201
chr2	97342203	97542203	harbor1	chr2	97349638	97349996	LTR/ERVL-MaLR	1416	+	179	97349817	7614
chr2	97342203	97542203	harbor1	chr2	97349997	97350764	LTR/ERVL-MaLR	3833	+	384	97350381	8178
chr2	97342203	97542203	harbor1	chr2	97357428	97357857	LTR/ERVL-MaLR	1326	+	214	97357642	15439
chr2	97342203	97542203	harbor1	chr2	97361691	97361939	LTR/ERVL-MaLR	931	+	124	97361815	19612
chr2	97342203	97542203	harbor1	chr2	97361940	97362713	LTR/ERVL-MaLR	3838	+	386	97362326	20123
chr2	97342203	97542203	harbor1	chr2	97368395	97368765	LTR/ERVL-MaLR	1198	+	185	97368580	26377
chr2	97342203	97542203	harbor1	chr2	97380378	97380519	LTR/ERVL-MaLR	623	+	70	97380448	38245
chr2	97342203	97542203	harbor1	chr2	97380830	97381090	LTR/ERVL-MaLR	623	+	130	97380960	38757
chr2	97342203	97542203	harbor1	chr2	97382636	97382904	LTR/ERVL-MaLR	601	+	134	97382770	40567
chr2	97342203	97542203	harbor1	chr2	97393244	97393354	LTR/ERVL-MaLR	821	+	55	97393299	51096
chr2	97342203	97542203	harbor1	chr2	97406244	97406688	LTR/ERVL-MaLR	612	+	222	97406466	64263
chr2	123804371	124004371	harbor1	chr2	123875157	123875517	LTR/ERVL-MaLR	2509	+	180	123875337	70966
chr2	182098878	182298878	harbor1	chr2	182154433	182154788	LTR/ERVL-MaLR	2136	+	178	182154611	55733
chr2	182098878	182298878	harbor1	chr2	182155545	182155608	LTR/ERVL-MaLR	1327	+	32	182155577	56699
chr2	182098878	182298878	harbor1	chr2	182155894	182156103	LTR/ERVL-MaLR	1327	+	104	182155998	57120
chr2	104968275	105168275	harbor1	chr2	104974024	104974293	LTR/ERVL-MaLR	667	+	134	104974158	5883
chr2	104968275	105168275	harbor1	chr2	104984548	104984912	LTR/ERVL-MaLR	1686	+	182	104984730	16455
chr2	104968275	105168275	harbor1	chr2	105030391	105030810	LTR/ERVL-MaLR	2524	+	210	105030601	62326
chr2	131662940	131862940	harbor1	chr2	131664440	131664835	LTR/ERVL-MaLR	2022	+	198	131664638	1698
chr2	131662940	131862940	harbor1	chr2	131743883	131744276	LTR/ERVL-MaLR	2130	+	196	131744079	81139
chr2	120304716	120504716	harbor1	chr2	120322151	120322535	LTR/ERVL-MaLR	1100	+	192	120322343	17627
chr2	120304716	120504716	harbor1	chr2	120330603	120330989	LTR/ERVL-MaLR	2379	+	193	120330796	26080
chr2	120304716	120504716	harbor1	chr2	120333995	120334416	LTR/ERVL-MaLR	667	+	210	120334205	29489
chr2	120304716	120504716	harbor1	chr2	120393093	120393309	LTR/ERVL-MaLR	509	+	108	120393201	88485
chr2	120304716	120504716	harbor1	chr2	120393329	120393848	LTR/ERVL-MaLR	1486	+	260	120393589	88873
chr2	228621887	228821887	harbor1	chr2	228627866	228627974	LTR/ERVL-MaLR	601	+	54	228627920	6033
chr2	228621887	228821887	harbor1	chr2	228628243	228628325	LTR/ERVL-MaLR	601	+	41	228628284	6397
chr2	228621887	228821887	harbor1	chr2	228628806	228629051	LTR/ERVL-MaLR	836	+	122	228628928	7041
chr2	228621887	228821887	harbor1	chr2	228649852	228650213	LTR/ERVL-MaLR	2369	+	180	228650032	28145
chr2	228621887	228821887	harbor1	chr2	228663405	228663541	LTR/ERVL-MaLR	510	+	68	228663473	41586
chr2	228621887	228821887	harbor1	chr2	228664507	228664670	LTR/ERVL-MaLR	422	+	82	228664589	42702
chr2	108179000	108379000	harbor1	chr2	108218166	108218563	LTR/ERVL-MaLR	1976	+	198	108218364	39364
chr2	108179000	108379000	harbor1	chr2	108225618	108225909	LTR/ERVL-MaLR	461	+	146	108225764	46764
chr2	108179000	108379000	harbor1	chr2	108232734	108233128	LTR/ERVL-MaLR	2579	+	197	108232931	53931
chr2	108179000	108379000	harbor1	chr2	108233134	108233488	LTR/ERVL-MaLR	1772	+	177	108233311	54311
chr2	108179000	108379000	harbor1	chr2	108248798	108249251	LTR/ERVL-MaLR	952	+	226	108249024	70024
chr2	183461566	183661566	harbor1	chr2	183497500	183497853	LTR/ERVL-MaLR	2069	+	176	183497676	36110
chr2	183461566	183661566	harbor1	chr2	183520200	183520788	LTR/ERVL-MaLR	654	+	294	183520494	58928
chr2	183461566	183661566	harbor1	chr2	183524926	183525461	LTR/ERVL-MaLR	1804	+	268	183525194	63628
chr2	183461566	183661566	harbor1	chr2	183528476	183528824	LTR/ERVL-MaLR	2276	+	174	183528650	67084
chr2	183461566	183661566	harbor1	chr2	183528902	183529308	LTR/ERVL-MaLR	2273	+	203	183529105	67539
chr2	206499367	206699367	harbor1	chr2	206507206	206507635	LTR/ERVL-MaLR	2744	+	214	206507420	8053
chr2	10400980	10600980	harbor1	chr2	10455696	10455860	LTR/ERVL-MaLR	1564	+	82	10455778	54798
chr2	10400980	10600980	harbor1	chr2	10456104	10456373	LTR/ERVL-MaLR	1564	+	134	10456238	55258
chr2	10400980	10600980	harbor1	chr2	10481531	10481732	LTR/ERVL-MaLR	445	+	100	10481631	80651
chr2	16903119	17103119	harbor1	chr2	16922495	16922833	LTR/ERVL-MaLR	1986	+	169	16922664	19545
chr2	16903119	17103119	harbor1	chr2	16964097	16964457	LTR/ERVL-MaLR	2438	+	180	16964277	61158
chr2	16903119	17103119	harbor1	chr2	16964486	16964538	LTR/ERVL-MaLR	2438	+	26	16964512	61393
chr2	16903119	17103119	harbor1	chr2	16966290	16966671	LTR/ERVL-MaLR	1756	+	190	16966480	63361
chr2	16903119	17103119	harbor1	chr2	16970702	16970973	LTR/ERVL-MaLR	929	+	136	16970838	67719
chr2	16903119	17103119	harbor1	chr2	16970988	16971241	LTR/ERVL-MaLR	1245	+	126	16971114	67995
chr2	16903119	17103119	harbor1	chr2	16971242	16971614	LTR/ERVL-MaLR	2400	+	186	16971428	68309
chr2	16903119	17103119	harbor1	chr2	16971615	16971696	LTR/ERVL-MaLR	1170	+	40	16971655	68536
chr2	16903119	17103119	harbor1	chr2	16976543	16976707	LTR/ERVL-MaLR	858	+	82	16976625	73506
chr2	129595732	129795732	harbor1	chr2	129628443	129628830	LTR/ERVL-MaLR	2009	+	194	129628637	32905
chr2	129595732	129795732	harbor1	chr2	129651007	129651487	LTR/ERVL-MaLR	1272	+	240	129651247	55515
chr2	129595732	129795732	harbor1	chr2	129667590	129667990	LTR/ERVL-MaLR	1099	+	200	129667790	72058
chr2	129595732	129795732	harbor1	chr2	129671583	129672189	LTR/ERVL-MaLR	1189	+	303	129671886	76154
chr2	129595732	129795732	harbor1	chr2	129672192	129672368	LTR/ERVL-MaLR	572	+	88	129672280	76548
chr2	129595732	129795732	harbor1	chr2	129672466	129672866	LTR/ERVL-MaLR	495	+	200	129672666	76934
chr2	129595732	129795732	harbor1	chr2	129690426	129690801	LTR/ERVL-MaLR	2795	+	188	129690614	94882
chr2	189955639	190155639	harbor1	chr2	189969126	189969450	LTR/ERVL-MaLR	1453	+	162	189969288	13649
chr2	189955639	190155639	harbor1	chr2	189985428	189985849	LTR/ERVL-MaLR	1563	+	210	189985638	29999
chr2	189955639	190155639	harbor1	chr2	189986141	189986326	LTR/ERVL-MaLR	465	+	92	189986233	30594
chr2	189955639	190155639	harbor1	chr2	189986853	189987060	LTR/ERVL-MaLR	1784	+	104	189986957	31318
chr2	189955639	190155639	harbor1	chr2	189987061	189987412	LTR/ERVL-MaLR	2629	+	176	189987237	31598
chr2	189955639	190155639	harbor1	chr2	189987413	189987811	LTR/ERVL-MaLR	1784	+	199	189987612	31973
chr2	189955639	190155639	harbor1	chr2	189988540	189988696	LTR/ERVL-MaLR	529	+	78	189988618	32979
chr2	189955639	190155639	harbor1	chr2	190049558	190049806	LTR/ERVL-MaLR	549	+	124	190049682	94043
chr2	189955639	190155639	harbor1	chr2	189988694	189989108	LTR/ERVL-MaLR	576	+	207	189988901	33262
chr2	52725972	52925972	harbor1	chr2	52744475	52744823	LTR/ERVL-MaLR	2198	+	174	52744649	18677
chr2	52725972	52925972	harbor1	chr2	52744828	52746463	LTR/ERVL-MaLR	10048	+	818	52745646	19674
chr2	52725972	52925972	harbor1	chr2	52746464	52746825	LTR/ERVL-MaLR	2356	+	180	52746644	20672
chr2	52725972	52925972	harbor1	chr2	52748227	52748611	LTR/ERVL-MaLR	1635	+	192	52748419	22447
chr2	52725972	52925972	harbor1	chr2	52749799	52750293	LTR/ERVL-MaLR	976	+	247	52750046	24074
chr2	52725972	52925972	harbor1	chr2	52778764	52779263	LTR/ERVL-MaLR	1279	+	250	52779014	53042
chr2	52725972	52925972	harbor1	chr2	52782238	52782595	LTR/ERVL-MaLR	1769	+	178	52782416	56444
chr2	52725972	52925972	harbor1	chr2	52785370	52785529	LTR/ERVL-MaLR	1635	+	80	52785450	59478
chr2	52725972	52925972	harbor1	chr2	52785813	52786087	LTR/ERVL-MaLR	1635	+	137	52785950	59978
chr2	52725972	52925972	harbor1	chr2	52792856	52793420	LTR/ERVL-MaLR	567	+	282	52793138	67166
chr2	52725972	52925972	harbor1	chr2	52804295	52804820	LTR/ERVL-MaLR	523	+	262	52804557	78585
chr2	22832731	23032731	harbor1	chr2	22843735	22844197	LTR/ERVL-MaLR	2480	+	231	22843966	11235
chr2	22832731	23032731	harbor1	chr2	22853986	22854352	LTR/ERVL-MaLR	2291	+	183	22854169	21438
chr2	22832731	23032731	harbor1	chr2	22886448	22886823	LTR/ERVL-MaLR	1530	+	188	22886636	53905
chr2	22832731	23032731	harbor1	chr2	22908405	22908584	LTR/ERVL-MaLR	430	+	90	22908495	75764
chr2	22832731	23032731	harbor1	chr2	22910171	22910481	LTR/ERVL-MaLR	749	+	155	22910326	77595
chr2	144650612	144850612	harbor1	chr2	144741546	144742015	LTR/ERVL-MaLR	2193	+	234	144741780	91168
chr2	51764969	51964969	harbor1	chr2	51788107	51788494	LTR/ERVL-MaLR	1360	+	194	51788301	23332
chr2	51764969	51964969	harbor1	chr2	51788497	51789725	LTR/ERVL-MaLR	3636	+	614	51789111	24142
chr2	51764969	51964969	harbor1	chr2	51845501	51845853	LTR/ERVL-MaLR	1629	+	176	51845677	80708
chr2	51764969	51964969	harbor1	chr2	51855363	51855467	LTR/ERVL-MaLR	524	+	52	51855415	90446
chr2	51764969	51964969	harbor1	chr2	51789726	51790094	LTR/ERVL-MaLR	1383	+	184	51789910	24941
chr2	35774564	35974564	harbor1	chr2	35780144	35780487	LTR/ERVL-MaLR	2483	+	172	35780316	5752
chr2	35774564	35974564	harbor1	chr2	35780488	35782066	LTR/ERVL-MaLR	10954	+	789	35781277	6713
chr2	35774564	35974564	harbor1	chr2	35782072	35782414	LTR/ERVL-MaLR	2516	+	171	35782243	7679
chr2	35774564	35974564	harbor1	chr2	35784146	35784684	LTR/ERVL-MaLR	1405	+	269	35784415	9851
chr2	35774564	35974564	harbor1	chr2	35812940	35813341	LTR/ERVL-MaLR	1949	+	200	35813140	38576
chr2	35774564	35974564	harbor1	chr2	35818780	35818881	LTR/ERVL-MaLR	569	+	50	35818830	44266
chr2	35774564	35974564	harbor1	chr2	35836041	35836408	LTR/ERVL-MaLR	1762	+	184	35836225	61661
chr2	35774564	35974564	harbor1	chr2	35841232	35841451	LTR/ERVL-MaLR	405	+	110	35841342	66778
chr2	35774564	35974564	harbor1	chr2	35854644	35854857	LTR/ERVL-MaLR	558	+	106	35854750	80186
chr2	35774564	35974564	harbor1	chr2	35855781	35856170	LTR/ERVL-MaLR	1034	+	194	35855975	81411
chr2	35774564	35974564	harbor1	chr2	35856483	35856601	LTR/ERVL-MaLR	1034	+	59	35856542	81978
chr2	35774564	35974564	harbor1	chr2	35856820	35856924	LTR/ERVL-MaLR	1034	+	52	35856872	82308
chr2	35774564	35974564	harbor1	chr2	35860939	35861289	LTR/ERVL-MaLR	1521	+	175	35861114	86550
chr2	228468482	228668482	harbor1	chr2	228468862	228468975	LTR/ERVL-MaLR	527	+	56	228468918	436
chr2	228468482	228668482	harbor1	chr2	228469766	228470028	LTR/ERVL-MaLR	1031	+	131	228469897	1415
chr2	228468482	228668482	harbor1	chr2	228497224	228497789	LTR/ERVL-MaLR	1228	+	282	228497506	29024
chr2	228468482	228668482	harbor1	chr2	228529677	228530006	LTR/ERVL-MaLR	1292	+	164	228529841	61359
chr2	228468482	228668482	harbor1	chr2	228530537	228530700	LTR/ERVL-MaLR	1292	+	82	228530619	62137
chr2	228468482	228668482	harbor1	chr2	228535323	228535442	LTR/ERVL-MaLR	666	+	60	228535383	66901
chr2	228468482	228668482	harbor1	chr2	228547176	228547591	LTR/ERVL-MaLR	2182	+	208	228547384	78902
chr2	228468482	228668482	harbor1	chr2	228550375	228550730	LTR/ERVL-MaLR	1936	+	178	228550553	82071
chr2	228468482	228668482	harbor1	chr2	228551171	228551236	LTR/ERVL-MaLR	1936	+	32	228551203	82721
chr2	228468482	228668482	harbor1	chr2	228551237	228551705	LTR/ERVL-MaLR	1573	+	234	228551471	82989
chr2	228468482	228668482	harbor1	chr2	228553926	228554056	LTR/ERVL-MaLR	1305	+	65	228553991	85509
chr2	228468482	228668482	harbor1	chr2	228554370	228554750	LTR/ERVL-MaLR	1305	+	190	228554560	86078
chr2	31347144	31547144	harbor1	chr2	31356296	31356753	LTR/ERVL-MaLR	1478	+	228	31356524	9380
chr2	31347144	31547144	harbor1	chr2	31399572	31399917	LTR/ERVL-MaLR	2137	+	172	31399744	52600
chr2	31347144	31547144	harbor1	chr2	31406077	31406476	LTR/ERVL-MaLR	2387	+	200	31406277	59133
chr2	31347144	31547144	harbor1	chr2	31422790	31423225	LTR/ERVL-MaLR	828	+	218	31423008	75864
chr2	31347144	31547144	harbor1	chr2	31424171	31424565	LTR/ERVL-MaLR	2383	+	197	31424368	77224
chr2	18775325	18975325	harbor1	chr2	18784216	18784657	LTR/ERVL-MaLR	919	+	220	18784436	9111
chr2	18775325	18975325	harbor1	chr2	18798238	18798586	LTR/ERVL-MaLR	1906	+	174	18798412	23087
chr2	18775325	18975325	harbor1	chr2	18804937	18805300	LTR/ERVL-MaLR	1153	+	182	18805119	29794
chr2	18775325	18975325	harbor1	chr2	18826188	18826589	LTR/ERVL-MaLR	2300	+	200	18826388	51063
chr2	18775325	18975325	harbor1	chr2	18833029	18833391	LTR/ERVL-MaLR	1794	+	181	18833210	57885
chr2	18775325	18975325	harbor1	chr2	18864982	18865336	LTR/ERVL-MaLR	2094	+	177	18865159	89834
chr2	18775325	18975325	harbor1	chr2	18865337	18865738	LTR/ERVL-MaLR	11827	+	200	18865537	90212
chr2	18775325	18975325	harbor1	chr2	18866041	18867218	LTR/ERVL-MaLR	11827	+	588	18866629	91304
chr2	18775325	18975325	harbor1	chr2	18867219	18867571	LTR/ERVL-MaLR	2140	+	176	18867395	92070
chr2	62567769	62767769	harbor1	chr2	62574813	62575176	LTR/ERVL-MaLR	2232	+	182	62574995	7226
chr2	62567769	62767769	harbor1	chr2	62580281	62580647	LTR/ERVL-MaLR	896	+	183	62580464	12695
chr2	62567769	62767769	harbor1	chr2	62657719	62658284	LTR/ERVL-MaLR	694	+	282	62658001	90232
chr2	11573956	11773956	harbor1	chr2	11647429	11647790	LTR/ERVL-MaLR	2134	+	180	11647609	73653
chr2	11573956	11773956	harbor1	chr2	11652992	11653455	LTR/ERVL-MaLR	1668	+	232	11653224	79268
chr2	89259574	89459574	harbor1	chr2	89269103	89269240	LTR/ERVL-MaLR	701	+	68	89269171	9597
chr2	89259574	89459574	harbor1	chr2	89270052	89270295	LTR/ERVL-MaLR	876	+	122	89270174	10600
chr2	89259574	89459574	harbor1	chr2	89278421	89278679	LTR/ERVL-MaLR	588	+	129	89278550	18976
chr2	89259574	89459574	harbor1	chr2	89300272	89300410	LTR/ERVL-MaLR	707	+	69	89300341	40767
chr2	89259574	89459574	harbor1	chr2	89301240	89301447	LTR/ERVL-MaLR	793	+	104	89301344	41770
chr2	89259574	89459574	harbor1	chr2	89302691	89303148	LTR/ERVL-MaLR	1695	+	228	89302919	43345
chr2	89259574	89459574	harbor1	chr2	89322232	89322567	LTR/ERVL-MaLR	1102	+	168	89322400	62826
chr2	94770133	94970133	harbor1	chr2	94770307	94770439	LTR/ERVL-MaLR	513	+	66	94770373	240
chr2	94770133	94970133	harbor1	chr2	94770765	94771008	LTR/ERVL-MaLR	982	+	122	94770887	754
chr2	94770133	94970133	harbor1	chr2	94771641	94771881	LTR/ERVL-MaLR	587	+	120	94771761	1628
chr2	94770133	94970133	harbor1	chr2	94774267	94774419	LTR/ERVL-MaLR	578	+	76	94774343	4210
chr2	94770133	94970133	harbor1	chr2	94774728	94774993	LTR/ERVL-MaLR	731	+	132	94774860	4727
chr2	94770133	94970133	harbor1	chr2	94777285	94777438	LTR/ERVL-MaLR	473	+	76	94777361	7228
chr2	94770133	94970133	harbor1	chr2	94777750	94777992	LTR/ERVL-MaLR	825	+	121	94777871	7738
chr2	94770133	94970133	harbor1	chr2	94781038	94781271	LTR/ERVL-MaLR	716	+	116	94781154	11021
chr2	94770133	94970133	harbor1	chr2	94784167	94784409	LTR/ERVL-MaLR	583	+	121	94784288	14155
chr2	94770133	94970133	harbor1	chr2	94784676	94784827	LTR/ERVL-MaLR	445	+	76	94784752	14619
chr2	94770133	94970133	harbor1	chr2	94801692	94801995	LTR/ERVL-MaLR	712	+	152	94801844	31711
chr2	94770133	94970133	harbor1	chr2	94866643	94866837	LTR/ERVL-MaLR	553	+	97	94866740	96607
chr2	169953247	170153247	harbor1	chr2	169961902	169962247	LTR/ERVL-MaLR	1470	+	172	169962074	8827
chr2	169953247	170153247	harbor1	chr2	169962372	169962537	LTR/ERVL-MaLR	1470	+	82	169962454	9207
chr2	180103780	180303780	harbor1	chr2	180115025	180115461	LTR/ERVL-MaLR	1729	+	218	180115243	11463
chr2	180103780	180303780	harbor1	chr2	180115462	180115979	LTR/ERVL-MaLR	1809	+	258	180115720	11940
chr2	180103780	180303780	harbor1	chr2	180177776	180178268	LTR/ERVL-MaLR	911	+	246	180178022	74242
chr2	180103780	180303780	harbor1	chr2	180196444	180196964	LTR/ERVL-MaLR	855	+	260	180196704	92924
chr2	77170951	77370951	harbor1	chr2	77189380	77189727	LTR/ERVL-MaLR	1470	+	174	77189554	18603
chr2	77170951	77370951	harbor1	chr2	77244546	77245106	LTR/ERVL-MaLR	1636	+	280	77244826	73875
chr2	77170951	77370951	harbor1	chr2	77256404	77256764	LTR/ERVL-MaLR	2275	+	180	77256584	85633
chr2	77170951	77370951	harbor1	chr2	77265253	77265628	LTR/ERVL-MaLR	1561	+	188	77265441	94490
chr2	34598659	34798659	harbor1	chr2	34621616	34621960	LTR/ERVL-MaLR	1404	+	172	34621788	23129
chr2	34598659	34798659	harbor1	chr2	34627145	34627429	LTR/ERVL-MaLR	453	+	142	34627287	28628
chr2	34598659	34798659	harbor1	chr2	34662825	34663127	LTR/ERVL-MaLR	1027	+	151	34662976	64317
chr2	34598659	34798659	harbor1	chr2	34666407	34666757	LTR/ERVL-MaLR	1556	+	175	34666582	67923
chr2	142863623	143063623	harbor1	chr2	142915802	142916176	LTR/ERVL-MaLR	1133	+	187	142915989	52366
chr2	45392992	45592992	harbor1	chr2	45424230	45424312	LTR/ERVL-MaLR	477	+	41	45424271	31279
chr2	225119816	225319816	harbor1	chr2	225148372	225148780	LTR/ERVL-MaLR	714	+	204	225148576	28760
chr2	225119816	225319816	harbor1	chr2	225172539	225172888	LTR/ERVL-MaLR	1402	+	174	225172713	52897
chr2	225119816	225319816	harbor1	chr2	225180669	225181081	LTR/ERVL-MaLR	452	+	206	225180875	61059
chr2	225119816	225319816	harbor1	chr2	225182119	225182303	LTR/ERVL-MaLR	494	+	92	225182211	62395
chr2	225119816	225319816	harbor1	chr2	225200104	225200199	LTR/ERVL-MaLR	590	+	48	225200152	80336
chr2	225119816	225319816	harbor1	chr2	225205526	225205883	LTR/ERVL-MaLR	2198	+	178	225205704	85888
chr2	225119816	225319816	harbor1	chr2	225210207	225210577	LTR/ERVL-MaLR	2039	+	185	225210392	90576
chr2	131040448	131240448	harbor1	chr2	131073527	131073757	LTR/ERVL-MaLR	983	+	115	131073642	33194
chr2	131040448	131240448	harbor1	chr2	131079059	131079195	LTR/ERVL-MaLR	923	+	68	131079127	38679
chr2	131040448	131240448	harbor1	chr2	131079493	131079730	LTR/ERVL-MaLR	923	+	118	131079611	39163
chr2	217859532	218059532	harbor1	chr2	217874951	217875314	LTR/ERVL-MaLR	842	+	182	217875133	15601
chr2	217859532	218059532	harbor1	chr2	217876578	217876962	LTR/ERVL-MaLR	2074	+	192	217876770	17238
chr2	217859532	218059532	harbor1	chr2	217888499	217888860	LTR/ERVL-MaLR	2312	+	180	217888679	29147
chr2	217859532	218059532	harbor1	chr2	217896271	217896668	LTR/ERVL-MaLR	1370	+	198	217896469	36937
chr2	217859532	218059532	harbor1	chr2	217897038	217897070	LTR/ERVL-MaLR	1370	+	16	217897054	37522
chr2	217859532	218059532	harbor1	chr2	217925924	217926301	LTR/ERVL-MaLR	2317	+	188	217926112	66580
chr2	30065287	30265287	harbor1	chr2	30101651	30102082	LTR/ERVL-MaLR	2145	+	216	30101867	36580
chr2	30065287	30265287	harbor1	chr2	30140988	30141344	LTR/ERVL-MaLR	1654	+	178	30141166	75879
chr2	30065287	30265287	harbor1	chr2	30097405	30097792	LTR/ERVL-MaLR	1237	+	194	30097599	32312
chr2	143626257	143826257	harbor1	chr2	143626847	143627211	LTR/ERVL-MaLR	1604	+	182	143627029	772
chr2	197297994	197497994	harbor1	chr2	197326466	197326801	LTR/ERVL-MaLR	1450	+	168	197326634	28640
chr2	197297994	197497994	harbor1	chr2	197337104	197337145	LTR/ERVL-MaLR	876	+	20	197337124	39130
chr2	197297994	197497994	harbor1	chr2	197337450	197337828	LTR/ERVL-MaLR	1991	+	189	197337639	39645
chr2	197297994	197497994	harbor1	chr2	197340982	197341311	LTR/ERVL-MaLR	1976	+	164	197341146	43152
chr2	197297994	197497994	harbor1	chr2	197341616	197341688	LTR/ERVL-MaLR	1976	+	36	197341652	43658
chr2	197297994	197497994	harbor1	chr2	197348918	197349356	LTR/ERVL-MaLR	2399	+	219	197349137	51143
chr2	197297994	197497994	harbor1	chr2	197349495	197349858	LTR/ERVL-MaLR	1514	+	182	197349677	51683
chr2	197297994	197497994	harbor1	chr2	197352088	197352152	LTR/ERVL-MaLR	2012	+	32	197352120	54126
chr2	197297994	197497994	harbor1	chr2	197352451	197352768	LTR/ERVL-MaLR	2012	+	158	197352609	54615
chr2	197297994	197497994	harbor1	chr2	197361978	197362112	LTR/ERVL-MaLR	693	+	67	197362045	64051
chr2	197297994	197497994	harbor1	chr2	197384319	197384747	LTR/ERVL-MaLR	3014	+	214	197384533	86539
chr2	239109184	239309184	harbor1	chr2	239125110	239125523	LTR/ERVL-MaLR	2292	+	206	239125316	16132
chr2	239109184	239309184	harbor1	chr2	239188713	239189078	LTR/ERVL-MaLR	1101	+	182	239188895	79711
chr2	214653290	214853290	harbor1	chr2	214674816	214675256	LTR/ERVL-MaLR	1223	+	220	214675036	21746
chr2	214653290	214853290	harbor1	chr2	214694261	214694599	LTR/ERVL-MaLR	571	+	169	214694430	41140
chr2	214653290	214853290	harbor1	chr2	214750769	214751018	LTR/ERVL-MaLR	611	+	124	214750893	97603
chr2	177463313	177663313	harbor1	chr2	177556832	177557268	LTR/ERVL-MaLR	2314	+	218	177557050	93737
chr2	177463313	177663313	harbor1	chr2	177557269	177558901	LTR/ERVL-MaLR	5952	+	816	177558085	94772
chr2	177463313	177663313	harbor1	chr2	177558902	177559345	LTR/ERVL-MaLR	2526	+	222	177559124	95811
chr2	177463313	177663313	harbor1	chr2	177561350	177561600	LTR/ERVL-MaLR	1967	+	125	177561475	98162
chr2	177463313	177663313	harbor1	chr2	177561909	177562019	LTR/ERVL-MaLR	1967	+	55	177561964	98651
chr2	233118757	233318757	harbor1	chr2	233150133	233150496	LTR/ERVL-MaLR	2899	+	182	233150315	31558
chr2	214443970	214643970	harbor1	chr2	214481119	214481623	LTR/ERVL-MaLR	1334	+	252	214481371	37401
chr2	214443970	214643970	harbor1	chr2	214486877	214487262	LTR/ERVL-MaLR	2024	+	192	214487069	43099
chr2	214443970	214643970	harbor1	chr2	214510810	214510959	LTR/ERVL-MaLR	738	+	74	214510884	66914
chr2	214443970	214643970	harbor1	chr2	214511322	214511708	LTR/ERVL-MaLR	1333	+	193	214511515	67545
chr2	171238831	171438831	harbor1	chr2	171249580	171249825	LTR/ERVL-MaLR	511	+	122	171249702	10871
chr2	171238831	171438831	harbor1	chr2	171303519	171303809	LTR/ERVL-MaLR	1201	+	145	171303664	64833
chr2	171238831	171438831	harbor1	chr2	171306032	171306408	LTR/ERVL-MaLR	2124	+	188	171306220	67389
chr2	171238831	171438831	harbor1	chr2	171311416	171311771	LTR/ERVL-MaLR	2557	+	178	171311594	72763
chr2	171238831	171438831	harbor1	chr2	171311778	171313127	LTR/ERVL-MaLR	10048	+	674	171312452	73621
chr2	127777920	127977920	harbor1	chr2	127826343	127826525	LTR/ERVL-MaLR	2346	+	91	127826434	48514
chr2	127777920	127977920	harbor1	chr2	127826839	127827038	LTR/ERVL-MaLR	2346	+	100	127826939	49019
chr2	127777920	127977920	harbor1	chr2	127827039	127827465	LTR/ERVL-MaLR	11473	+	213	127827252	49332
chr2	127777920	127977920	harbor1	chr2	127828097	127829252	LTR/ERVL-MaLR	11473	+	578	127828675	50755
chr2	127777920	127977920	harbor1	chr2	127829254	127829621	LTR/ERVL-MaLR	2330	+	184	127829438	51518
chr2	127777920	127977920	harbor1	chr2	127843676	127843826	LTR/ERVL-MaLR	1638	+	75	127843751	65831
chr2	127777920	127977920	harbor1	chr2	127844127	127844353	LTR/ERVL-MaLR	1638	+	113	127844240	66320
chr2	22667688	22867688	harbor1	chr2	22689624	22689957	LTR/ERVL-MaLR	1654	+	166	22689790	22102
chr2	22667688	22867688	harbor1	chr2	22690008	22690086	LTR/ERVL-MaLR	1654	+	39	22690047	22359
chr2	22667688	22867688	harbor1	chr2	22696241	22696661	LTR/ERVL-MaLR	1702	+	210	22696451	28763
chr2	22667688	22867688	harbor1	chr2	22722830	22723134	LTR/ERVL-MaLR	423	+	152	22722982	55294
chr2	22667688	22867688	harbor1	chr2	22756722	22757110	LTR/ERVL-MaLR	2067	+	194	22756916	89228
chr2	229108911	229308911	harbor1	chr2	229110878	229111236	LTR/ERVL-MaLR	2200	+	179	229111057	2146
chr2	229108911	229308911	harbor1	chr2	229116427	229116792	LTR/ERVL-MaLR	2675	+	182	229116609	7698
chr2	229108911	229308911	harbor1	chr2	229120672	229121121	LTR/ERVL-MaLR	2089	+	224	229120896	11985
chr2	229108911	229308911	harbor1	chr2	229125082	229125398	LTR/ERVL-MaLR	881	+	158	229125240	16329
chr2	229108911	229308911	harbor1	chr2	229135906	229136470	LTR/ERVL-MaLR	1790	+	282	229136188	27277
chr2	229108911	229308911	harbor1	chr2	229143616	229143962	LTR/ERVL-MaLR	2056	+	173	229143789	34878
chr2	229108911	229308911	harbor1	chr2	229161185	229161475	LTR/ERVL-MaLR	563	+	145	229161330	52419
chr2	229108911	229308911	harbor1	chr2	229174930	229175222	LTR/ERVL-MaLR	528	+	146	229175076	66165
chr2	229108911	229308911	harbor1	chr2	229182975	229183362	LTR/ERVL-MaLR	1470	+	194	229183169	74258
chr2	229108911	229308911	harbor1	chr2	229146601	229147040	LTR/ERVL-MaLR	1330	+	220	229146821	37910
chr2	3731648	3931648	harbor1	chr2	3764566	3764685	LTR/ERVL-MaLR	836	+	60	3764626	32978
chr2	3731648	3931648	harbor1	chr2	3822773	3823124	LTR/ERVL-MaLR	2246	+	176	3822949	91301
chr2	110650625	110850625	harbor1	chr2	110692353	110692767	LTR/ERVL-MaLR	2096	+	207	110692560	41935
chr2	110650625	110850625	harbor1	chr2	110712409	110712941	LTR/ERVL-MaLR	2359	+	266	110712675	62050
chr2	110650625	110850625	harbor1	chr2	110722376	110722776	LTR/ERVL-MaLR	1423	+	200	110722576	71951
chr2	110650625	110850625	harbor1	chr2	110723201	110723221	LTR/ERVL-MaLR	1423	+	10	110723211	72586
chr2	110650625	110850625	harbor1	chr2	110728757	110729179	LTR/ERVL-MaLR	1479	+	211	110728968	78343
chr2	110650625	110850625	harbor1	chr2	110730513	110730702	LTR/ERVL-MaLR	553	+	94	110730607	79982
chr2	110650625	110850625	harbor1	chr2	110730708	110730874	LTR/ERVL-MaLR	529	+	83	110730791	80166
chr2	110650625	110850625	harbor1	chr2	110730887	110730993	LTR/ERVL-MaLR	489	+	53	110730940	80315
chr2	110650625	110850625	harbor1	chr2	110731086	110731300	LTR/ERVL-MaLR	506	+	107	110731193	80568
chr2	110650625	110850625	harbor1	chr2	110731335	110731819	LTR/ERVL-MaLR	2184	+	242	110731577	80952
chr2	110650625	110850625	harbor1	chr2	110737897	110738359	LTR/ERVL-MaLR	742	+	231	110738128	87503
chr2	110650625	110850625	harbor1	chr2	110722777	110723200	LTR/ERVL-MaLR	2728	+	212	110722989	72364
chr2	162356072	162556072	harbor1	chr2	162404402	162404802	LTR/ERVL-MaLR	2330	+	200	162404602	48530
chr2	162356072	162556072	harbor1	chr2	162449400	162449861	LTR/ERVL-MaLR	1877	+	230	162449630	93558
chr2	19182034	19382034	harbor1	chr2	19198266	19198824	LTR/ERVL-MaLR	2080	+	279	19198545	16511
chr2	19182034	19382034	harbor1	chr2	19209922	19210276	LTR/ERVL-MaLR	1558	+	177	19210099	28065
chr2	19182034	19382034	harbor1	chr2	19212577	19212658	LTR/ERVL-MaLR	559	+	40	19212617	30583
chr2	19182034	19382034	harbor1	chr2	19222663	19222937	LTR/ERVL-MaLR	846	+	137	19222800	40766
chr2	19182034	19382034	harbor1	chr2	19223006	19223111	LTR/ERVL-MaLR	566	+	52	19223058	41024
chr2	19182034	19382034	harbor1	chr2	19243424	19243852	LTR/ERVL-MaLR	1975	+	214	19243638	61604
chr2	19182034	19382034	harbor1	chr2	19245269	19245356	LTR/ERVL-MaLR	420	+	44	19245313	63279
chr2	34046236	34246236	harbor1	chr2	34099468	34099837	LTR/ERVL-MaLR	1758	+	184	34099652	53416
chr2	34046236	34246236	harbor1	chr2	34107746	34108244	LTR/ERVL-MaLR	952	+	249	34107995	61759
chr2	34046236	34246236	harbor1	chr2	34116465	34116509	LTR/ERVL-MaLR	717	+	22	34116487	70251
chr2	34046236	34246236	harbor1	chr2	34116843	34117264	LTR/ERVL-MaLR	717	+	210	34117053	70817
chr2	34046236	34246236	harbor1	chr2	34121521	34122035	LTR/ERVL-MaLR	1876	+	257	34121778	75542
chr2	34046236	34246236	harbor1	chr2	34144148	34144518	LTR/ERVL-MaLR	627	+	185	34144333	98097
chr2	189501373	189701373	harbor1	chr2	189508680	189509048	LTR/ERVL-MaLR	2197	+	184	189508864	7491
chr2	189501373	189701373	harbor1	chr2	189509049	189510632	LTR/ERVL-MaLR	11689	+	792	189509841	8468
chr2	189501373	189701373	harbor1	chr2	189510633	189510966	LTR/ERVL-MaLR	1854	+	166	189510799	9426
chr2	189501373	189701373	harbor1	chr2	189529410	189529803	LTR/ERVL-MaLR	1682	+	196	189529606	28233
chr2	189501373	189701373	harbor1	chr2	189543065	189543576	LTR/ERVL-MaLR	2125	+	256	189543321	41948
chr2	189501373	189701373	harbor1	chr2	189596028	189596491	LTR/ERVL-MaLR	2586	+	232	189596260	94887
chr2	37675894	37875894	harbor1	chr2	37679119	37679463	LTR/ERVL-MaLR	1929	+	172	37679291	3397
chr2	37675894	37875894	harbor1	chr2	37681237	37681576	LTR/ERVL-MaLR	1803	+	170	37681407	5513
chr2	37675894	37875894	harbor1	chr2	37710933	37711224	LTR/ERVL-MaLR	1244	+	146	37711079	35185
chr2	37675894	37875894	harbor1	chr2	37741825	37742203	LTR/ERVL-MaLR	2169	+	189	37742014	66120
chr2	37675894	37875894	harbor1	chr2	37749825	37750123	LTR/ERVL-MaLR	609	+	149	37749974	74080
chr2	37675894	37875894	harbor1	chr2	37764041	37764458	LTR/ERVL-MaLR	897	+	208	37764249	88355
chr2	37675894	37875894	harbor1	chr2	37770967	37771293	LTR/ERVL-MaLR	2281	+	163	37771130	95236
chr2	188891338	189091338	harbor1	chr2	188904245	188904383	LTR/ERVL-MaLR	788	+	69	188904314	12976
chr2	188891338	189091338	harbor1	chr2	188910884	188911114	LTR/ERVL-MaLR	1332	+	115	188910999	19661
chr2	188891338	189091338	harbor1	chr2	188925058	188925409	LTR/ERVL-MaLR	1526	+	176	188925234	33896
chr2	188891338	189091338	harbor1	chr2	188929991	188930283	LTR/ERVL-MaLR	1159	+	146	188930137	38799
chr2	188891338	189091338	harbor1	chr2	188930595	188930799	LTR/ERVL-MaLR	1159	+	102	188930697	39359
chr2	188891338	189091338	harbor1	chr2	188937223	188937547	LTR/ERVL-MaLR	705	+	162	188937385	46047
chr2	188891338	189091338	harbor1	chr2	188937845	188938551	LTR/ERVL-MaLR	1461	+	353	188938198	46860
chr2	179578651	179778651	harbor1	chr2	179580441	179580809	LTR/ERVL-MaLR	1288	+	184	179580625	1974
chr2	179578651	179778651	harbor1	chr2	179581673	179581853	LTR/ERVL-MaLR	705	+	90	179581763	3112
chr2	179578651	179778651	harbor1	chr2	179583226	179583344	LTR/ERVL-MaLR	414	+	59	179583285	4634
chr2	179578651	179778651	harbor1	chr2	179590602	179590961	LTR/ERVL-MaLR	1983	+	180	179590782	12131
chr2	179578651	179778651	harbor1	chr2	179607221	179607584	LTR/ERVL-MaLR	2205	+	182	179607403	28752
chr2	179578651	179778651	harbor1	chr2	179623396	179623861	LTR/ERVL-MaLR	680	+	232	179623628	44977
chr2	179578651	179778651	harbor1	chr2	179662391	179662486	LTR/ERVL-MaLR	623	+	48	179662439	83788
chr2	179578651	179778651	harbor1	chr2	179667458	179667994	LTR/ERVL-MaLR	501	+	268	179667726	89075
chr2	179578651	179778651	harbor1	chr2	179671315	179672521	LTR/ERVL-MaLR	3754	+	603	179671918	93267
chr2	179578651	179778651	harbor1	chr2	179672522	179672878	LTR/ERVL-MaLR	1835	+	178	179672700	94049
chr2	179578651	179778651	harbor1	chr2	179678257	179678713	LTR/ERVL-MaLR	1176	+	228	179678485	99834
chr2	169077780	169277780	harbor1	chr2	169105675	169106072	LTR/ERVL-MaLR	1695	+	198	169105873	28093
chr2	169077780	169277780	harbor1	chr2	169162707	169162890	LTR/ERVL-MaLR	416	+	92	169162799	85019
chr2	169077780	169277780	harbor1	chr2	169163035	169163484	LTR/ERVL-MaLR	1682	+	224	169163259	85479
chr2	169077780	169277780	harbor1	chr2	169163548	169163983	LTR/ERVL-MaLR	1197	+	218	169163766	85986
chr2	169077780	169277780	harbor1	chr2	169164108	169164443	LTR/ERVL-MaLR	1173	+	168	169164276	86496
chr2	169077780	169277780	harbor1	chr2	169164465	169164558	LTR/ERVL-MaLR	501	+	46	169164511	86731
chr2	199086750	199286750	harbor1	chr2	199096966	199097567	LTR/ERVL-MaLR	1277	+	300	199097266	10516
chr2	199086750	199286750	harbor1	chr2	199111774	199112126	LTR/ERVL-MaLR	1596	+	176	199111950	25200
chr2	199086750	199286750	harbor1	chr2	199127193	199127675	LTR/ERVL-MaLR	1381	+	241	199127434	40684
chr2	199086750	199286750	harbor1	chr2	199147704	199148076	LTR/ERVL-MaLR	1926	+	186	199147890	61140
chr2	199086750	199286750	harbor1	chr2	199149189	199149551	LTR/ERVL-MaLR	2461	+	181	199149370	62620
chr2	199086750	199286750	harbor1	chr2	199168224	199168584	LTR/ERVL-MaLR	2272	+	180	199168404	81654
chr2	102970028	103170028	harbor1	chr2	102982508	102982932	LTR/ERVL-MaLR	490	+	212	102982720	12692
chr2	102970028	103170028	harbor1	chr2	102983037	102983316	LTR/ERVL-MaLR	813	+	140	102983177	13149
chr2	102970028	103170028	harbor1	chr2	103027647	103028087	LTR/ERVL-MaLR	629	+	220	103027867	57839
chr2	102970028	103170028	harbor1	chr2	103044525	103044883	LTR/ERVL-MaLR	1984	+	179	103044704	74676
chr2	102970028	103170028	harbor1	chr2	103044884	103045726	LTR/ERVL-MaLR	5247	+	421	103045305	75277
chr2	102970028	103170028	harbor1	chr2	103045714	103045981	LTR/ERVL-MaLR	1296	+	134	103045848	75820
chr2	190575386	190775386	harbor1	chr2	190600394	190600841	LTR/ERVL-MaLR	2029	+	224	190600618	25232
chr2	190575386	190775386	harbor1	chr2	190600998	190601428	LTR/ERVL-MaLR	2055	+	215	190601213	25827
chr2	190575386	190775386	harbor1	chr2	190628548	190628713	LTR/ERVL-MaLR	429	+	82	190628630	53244
chr2	190597983	190797983	harbor1	chr2	190600394	190600841	LTR/ERVL-MaLR	2029	+	224	190600618	2635
chr2	190597983	190797983	harbor1	chr2	190600998	190601428	LTR/ERVL-MaLR	2055	+	215	190601213	3230
chr2	190597983	190797983	harbor1	chr2	190628548	190628713	LTR/ERVL-MaLR	429	+	82	190628630	30647
chr2	15138323	15338323	harbor1	chr2	15139865	15140406	LTR/ERVL-MaLR	2430	+	270	15140135	1812
chr2	15138323	15338323	harbor1	chr2	15149051	15149422	LTR/ERVL-MaLR	1944	+	186	15149237	10914
chr2	15138323	15338323	harbor1	chr2	15171641	15172018	LTR/ERVL-MaLR	1980	+	188	15171829	33506
chr2	15138323	15338323	harbor1	chr2	15195140	15195338	LTR/ERVL-MaLR	634	+	99	15195239	56916
chr2	15138323	15338323	harbor1	chr2	15205609	15205946	LTR/ERVL-MaLR	1654	+	168	15205777	67454
chr2	15138323	15338323	harbor1	chr2	15205947	15207534	LTR/ERVL-MaLR	10382	+	794	15206741	68418
chr2	15138323	15338323	harbor1	chr2	15207537	15207888	LTR/ERVL-MaLR	1936	+	176	15207713	69390
chr2	15138323	15338323	harbor1	chr2	15212574	15212938	LTR/ERVL-MaLR	2347	+	182	15212756	74433
chr2	45233566	45433566	harbor1	chr2	45248225	45248711	LTR/ERVL-MaLR	1141	+	243	45248468	14902
chr2	45233566	45433566	harbor1	chr2	45267157	45267528	LTR/ERVL-MaLR	910	+	186	45267343	33777
chr2	45233566	45433566	harbor1	chr2	45286546	45286999	LTR/ERVL-MaLR	750	+	226	45286772	53206
chr2	45233566	45433566	harbor1	chr2	45291517	45291870	LTR/ERVL-MaLR	2642	+	176	45291693	58127
chr2	45233566	45433566	harbor1	chr2	45291871	45291928	LTR/ERVL-MaLR	402	+	28	45291899	58333
chr2	45233566	45433566	harbor1	chr2	45291908	45292021	LTR/ERVL-MaLR	791	+	56	45291964	58398
chr2	45233566	45433566	harbor1	chr2	45327195	45327606	LTR/ERVL-MaLR	2463	+	206	45327401	93835
chr2	45233566	45433566	harbor1	chr2	45317851	45318358	LTR/ERVL-MaLR	2214	+	254	45318105	84539
chr2	170846863	171046863	harbor1	chr2	170869490	170869727	LTR/ERVL-MaLR	706	+	118	170869608	22745
chr2	170846863	171046863	harbor1	chr2	170869770	170869894	LTR/ERVL-MaLR	918	+	62	170869832	22969
chr2	170846863	171046863	harbor1	chr2	170869924	170870001	LTR/ERVL-MaLR	590	+	38	170869962	23099
chr2	170846863	171046863	harbor1	chr2	170873953	170874128	LTR/ERVL-MaLR	1055	+	88	170874041	27178
chr2	170846863	171046863	harbor1	chr2	170874427	170874733	LTR/ERVL-MaLR	1055	+	153	170874580	27717
chr2	170846863	171046863	harbor1	chr2	170883057	170883416	LTR/ERVL-MaLR	1112	+	180	170883237	36374
chr2	170846863	171046863	harbor1	chr2	170883831	170884314	LTR/ERVL-MaLR	2189	+	242	170884073	37210
chr2	170846863	171046863	harbor1	chr2	170884626	170884674	LTR/ERVL-MaLR	2189	+	24	170884650	37787
chr2	170846863	171046863	harbor1	chr2	170887472	170887937	LTR/ERVL-MaLR	543	+	232	170887704	40841
chr2	170846863	171046863	harbor1	chr2	170891437	170891709	LTR/ERVL-MaLR	549	+	136	170891573	44710
chr2	54040615	54240615	harbor1	chr2	54066094	54066455	LTR/ERVL-MaLR	2241	+	180	54066274	25659
chr2	54040615	54240615	harbor1	chr2	54068368	54068563	LTR/ERVL-MaLR	494	+	98	54068466	27851
chr2	191969839	192169839	harbor1	chr2	191970331	191970699	LTR/ERVL-MaLR	1207	+	184	191970515	676
chr2	191969839	192169839	harbor1	chr2	191973675	191974048	LTR/ERVL-MaLR	2622	+	186	191973861	4022
chr2	191969839	192169839	harbor1	chr2	192001537	192001886	LTR/ERVL-MaLR	2427	+	174	192001711	31872
chr2	191969839	192169839	harbor1	chr2	192027526	192027654	LTR/ERVL-MaLR	622	+	64	192027590	57751
chr2	191969839	192169839	harbor1	chr2	192027962	192028328	LTR/ERVL-MaLR	2302	+	183	192028145	58306
chr2	191969839	192169839	harbor1	chr2	192029209	192029469	LTR/ERVL-MaLR	1381	+	130	192029339	59500
chr2	191969839	192169839	harbor1	chr2	192030182	192030292	LTR/ERVL-MaLR	472	+	55	192030237	60398
chr2	191969839	192169839	harbor1	chr2	192056661	192057018	LTR/ERVL-MaLR	1990	+	178	192056839	87000
chr2	191969839	192169839	harbor1	chr2	192061630	192062066	LTR/ERVL-MaLR	2356	+	218	192061848	92009
chr2	191969839	192169839	harbor1	chr2	192064691	192064981	LTR/ERVL-MaLR	458	+	145	192064836	94997
chr2	18220720	18420720	harbor1	chr2	18225602	18225971	LTR/ERVL-MaLR	2064	+	184	18225786	5066
chr2	18220720	18420720	harbor1	chr2	18225974	18227567	LTR/ERVL-MaLR	10390	+	796	18226770	6050
chr2	18220720	18420720	harbor1	chr2	18227568	18227945	LTR/ERVL-MaLR	1857	+	188	18227756	7036
chr2	18220720	18420720	harbor1	chr2	18233474	18233868	LTR/ERVL-MaLR	925	+	197	18233671	12951
chr2	18220720	18420720	harbor1	chr2	18242068	18242494	LTR/ERVL-MaLR	855	+	213	18242281	21561
chr2	18220720	18420720	harbor1	chr2	18242662	18243057	LTR/ERVL-MaLR	2174	+	198	18242860	22140
chr2	18220720	18420720	harbor1	chr2	18243118	18243147	LTR/ERVL-MaLR	2174	+	14	18243132	22412
chr2	18220720	18420720	harbor1	chr2	18243454	18243494	LTR/ERVL-MaLR	2174	+	20	18243474	22754
chr2	18220720	18420720	harbor1	chr2	18252976	18253332	LTR/ERVL-MaLR	2044	+	178	18253154	32434
chr2	18220720	18420720	harbor1	chr2	18253334	18254912	LTR/ERVL-MaLR	11207	+	789	18254123	33403
chr2	18220720	18420720	harbor1	chr2	18254913	18255269	LTR/ERVL-MaLR	2069	+	178	18255091	34371
chr2	18220720	18420720	harbor1	chr2	18274963	18275280	LTR/ERVL-MaLR	913	+	158	18275121	54401
chr2	18220720	18420720	harbor1	chr2	18306496	18306854	LTR/ERVL-MaLR	2198	+	179	18306675	85955
chr2	18220720	18420720	harbor1	chr2	18308862	18309261	LTR/ERVL-MaLR	2208	+	200	18309062	88342
chr2	102050179	102250179	harbor1	chr2	102067783	102067858	LTR/ERVL-MaLR	2357	+	38	102067821	17642
chr2	102050179	102250179	harbor1	chr2	102068156	102068465	LTR/ERVL-MaLR	2357	+	154	102068310	18131
chr2	102050179	102250179	harbor1	chr2	102087489	102087840	LTR/ERVL-MaLR	1938	+	176	102087665	37486
chr2	102050179	102250179	harbor1	chr2	102112772	102113137	LTR/ERVL-MaLR	1812	+	182	102112954	62775
chr2	102050179	102250179	harbor1	chr2	102139497	102139923	LTR/ERVL-MaLR	2700	+	213	102139710	89531
chr2	2388272	2588272	harbor1	chr2	2394557	2394917	LTR/ERVL-MaLR	1064	+	180	2394737	6465
chr2	2388272	2588272	harbor1	chr2	2406502	2406931	LTR/ERVL-MaLR	1488	+	214	2406716	18444
chr2	2388272	2588272	harbor1	chr2	2417222	2417568	LTR/ERVL-MaLR	1457	+	173	2417395	29123
chr2	2388272	2588272	harbor1	chr2	2470915	2471268	LTR/ERVL-MaLR	2590	+	176	2471091	82819
chr2	186354208	186554208	harbor1	chr2	186354191	186354524	LTR/ERVL-MaLR	1781	+	166	186354357	149
chr2	186354208	186554208	harbor1	chr2	186360916	186361267	LTR/ERVL-MaLR	2034	+	176	186361092	6884
chr2	186354208	186554208	harbor1	chr2	186400380	186400659	LTR/ERVL-MaLR	504	+	140	186400520	46312
chr2	186354208	186554208	harbor1	chr2	186416122	186416307	LTR/ERVL-MaLR	408	+	92	186416214	62006
chr2	186354208	186554208	harbor1	chr2	186443091	186443455	LTR/ERVL-MaLR	2083	+	182	186443273	89065
chr2	186354208	186554208	harbor1	chr2	186444232	186444749	LTR/ERVL-MaLR	2036	+	258	186444490	90282
chr2	223999586	224199586	harbor1	chr2	224022748	224023125	LTR/ERVL-MaLR	2576	+	188	224022936	23350
chr2	223999586	224199586	harbor1	chr2	224025904	224026329	LTR/ERVL-MaLR	1014	+	212	224026116	26530
chr2	223999586	224199586	harbor1	chr2	224031632	224032066	LTR/ERVL-MaLR	409	+	217	224031849	32263
chr2	223999586	224199586	harbor1	chr2	224047505	224047851	LTR/ERVL-MaLR	2012	+	173	224047678	48092
chr2	223999586	224199586	harbor1	chr2	224053943	224054380	LTR/ERVL-MaLR	1262	+	218	224054161	54575
chr2	223999586	224199586	harbor1	chr2	224076093	224076506	LTR/ERVL-MaLR	2786	+	206	224076299	76713
chr2	223999586	224199586	harbor1	chr2	224079558	224079925	LTR/ERVL-MaLR	2124	+	184	224079742	80156
chr2	223999586	224199586	harbor1	chr2	224084362	224084848	LTR/ERVL-MaLR	767	+	243	224084605	85019
chr2	223999586	224199586	harbor1	chr2	224094610	224095077	LTR/ERVL-MaLR	2054	+	234	224094844	95258
chr2	223999586	224199586	harbor1	chr2	224097100	224097547	LTR/ERVL-MaLR	646	+	224	224097324	97738
chr2	166610858	166810858	harbor1	chr2	166618011	166618747	LTR/ERVL-MaLR	4856	+	368	166618379	7521
chr2	166610858	166810858	harbor1	chr2	166649826	166649972	LTR/ERVL-MaLR	1426	+	73	166649899	39041
chr2	166610858	166810858	harbor1	chr2	166649973	166650385	LTR/ERVL-MaLR	1804	+	206	166650179	39321
chr2	166610858	166810858	harbor1	chr2	166650386	166650627	LTR/ERVL-MaLR	1426	+	120	166650506	39648
chr2	166610858	166810858	harbor1	chr2	166678557	166678914	LTR/ERVL-MaLR	1444	+	178	166678735	67877
chr2	166610858	166810858	harbor1	chr2	166680180	166680540	LTR/ERVL-MaLR	1671	+	180	166680360	69502
chr2	228586400	228786400	harbor1	chr2	228600052	228600197	LTR/ERVL-MaLR	925	+	72	228600124	13724
chr2	228586400	228786400	harbor1	chr2	228603500	228603783	LTR/ERVL-MaLR	952	+	142	228603642	17242
chr2	228586400	228786400	harbor1	chr2	228627866	228627974	LTR/ERVL-MaLR	601	+	54	228627920	41520
chr2	228586400	228786400	harbor1	chr2	228628243	228628325	LTR/ERVL-MaLR	601	+	41	228628284	41884
chr2	228586400	228786400	harbor1	chr2	228628806	228629051	LTR/ERVL-MaLR	836	+	122	228628928	42528
chr2	228586400	228786400	harbor1	chr2	228649852	228650213	LTR/ERVL-MaLR	2369	+	180	228650032	63632
chr2	228586400	228786400	harbor1	chr2	228663405	228663541	LTR/ERVL-MaLR	510	+	68	228663473	77073
chr2	228586400	228786400	harbor1	chr2	228664507	228664670	LTR/ERVL-MaLR	422	+	82	228664589	78189
chr2	54060360	54260360	harbor1	chr2	54066094	54066455	LTR/ERVL-MaLR	2241	+	180	54066274	5914
chr2	54060360	54260360	harbor1	chr2	54068368	54068563	LTR/ERVL-MaLR	494	+	98	54068466	8106
chr2	200956	400956	harbor1	chr2	202615	202967	LTR/ERVL-MaLR	1342	+	176	202791	1835
chr2	200956	400956	harbor1	chr2	204140	204517	LTR/ERVL-MaLR	2196	+	188	204328	3372
chr2	200956	400956	harbor1	chr2	208077	208423	LTR/ERVL-MaLR	1472	+	173	208250	7294
chr2	200956	400956	harbor1	chr2	219285	219645	LTR/ERVL-MaLR	1607	+	180	219465	18509
chr2	131845912	132045912	harbor1	chr2	131894598	131894988	LTR/ERVL-MaLR	1817	+	195	131894793	48881
chr2	131845912	132045912	harbor1	chr2	131898727	131899069	LTR/ERVL-MaLR	440	+	171	131898898	52986
chr2	130227564	130427564	harbor1	chr2	130307874	130308142	LTR/ERVL-MaLR	617	+	134	130308008	80444
chr2	6687245	6887245	harbor1	chr2	6710347	6710759	LTR/ERVL-MaLR	2083	+	206	6710553	23308
chr2	6687245	6887245	harbor1	chr2	6715853	6716226	LTR/ERVL-MaLR	2283	+	186	6716039	28794
chr2	6687245	6887245	harbor1	chr2	6731662	6731900	LTR/ERVL-MaLR	961	+	119	6731781	44536
chr2	6687245	6887245	harbor1	chr2	6731947	6732327	LTR/ERVL-MaLR	1544	+	190	6732137	44892
chr2	6687245	6887245	harbor1	chr2	6738899	6739285	LTR/ERVL-MaLR	2005	+	193	6739092	51847
chr2	6687245	6887245	harbor1	chr2	6740154	6740524	LTR/ERVL-MaLR	2077	+	185	6740339	53094
chr2	6687245	6887245	harbor1	chr2	6741325	6741687	LTR/ERVL-MaLR	1706	+	181	6741506	54261
chr2	6687245	6887245	harbor1	chr2	6752809	6753197	LTR/ERVL-MaLR	2023	+	194	6753003	65758
chr2	6687245	6887245	harbor1	chr2	6758477	6758999	LTR/ERVL-MaLR	1630	+	261	6758738	71493
chr2	6687245	6887245	harbor1	chr2	6784631	6784988	LTR/ERVL-MaLR	2418	+	178	6784809	97564
chr2	6687245	6887245	harbor1	chr2	6785804	6786207	LTR/ERVL-MaLR	2319	+	202	6786006	98761
chr2	180469937	180669937	harbor1	chr2	180474473	180474875	LTR/ERVL-MaLR	531	+	201	180474674	4737
chr2	180469937	180669937	harbor1	chr2	180475057	180475150	LTR/ERVL-MaLR	531	+	46	180475103	5166
chr2	180469937	180669937	harbor1	chr2	180513092	180513510	LTR/ERVL-MaLR	2395	+	209	180513301	43364
chr2	180469937	180669937	harbor1	chr2	180518347	180518803	LTR/ERVL-MaLR	2422	+	228	180518575	48638
chr2	180469937	180669937	harbor1	chr2	180520011	180520386	LTR/ERVL-MaLR	936	+	188	180520199	50262
chr2	180469937	180669937	harbor1	chr2	180520815	180520944	LTR/ERVL-MaLR	607	+	64	180520879	50942
chr2	180469937	180669937	harbor1	chr2	180522262	180522399	LTR/ERVL-MaLR	434	+	68	180522330	52393
chr2	180469937	180669937	harbor1	chr2	180543812	180544157	LTR/ERVL-MaLR	1873	+	172	180543984	74047
chr2	180469937	180669937	harbor1	chr2	180544633	180544780	LTR/ERVL-MaLR	518	+	74	180544707	74770
chr2	180469937	180669937	harbor1	chr2	180546846	180547272	LTR/ERVL-MaLR	2118	+	213	180547059	77122
chr2	180469937	180669937	harbor1	chr2	180552095	180552463	LTR/ERVL-MaLR	709	+	184	180552279	82342
chr2	99244365	99444365	harbor1	chr2	99269259	99269697	LTR/ERVL-MaLR	1463	+	219	99269478	25113
chr2	99244365	99444365	harbor1	chr2	99283026	99283359	LTR/ERVL-MaLR	2150	+	166	99283192	38827
chr2	99244365	99444365	harbor1	chr2	99285900	99286294	LTR/ERVL-MaLR	2498	+	197	99286097	41732
chr2	99244365	99444365	harbor1	chr2	99303711	99303878	LTR/ERVL-MaLR	1104	+	84	99303795	59430
chr2	99244365	99444365	harbor1	chr2	99304049	99304128	LTR/ERVL-MaLR	544	+	40	99304089	59724
chr2	99244365	99444365	harbor1	chr2	99304129	99304487	LTR/ERVL-MaLR	2046	+	179	99304308	59943
chr2	99244365	99444365	harbor1	chr2	99310528	99310755	LTR/ERVL-MaLR	550	+	114	99310642	66277
chr2	97693356	97893356	harbor1	chr2	97704859	97705004	LTR/ERVL-MaLR	625	+	72	97704931	11575
chr2	97693356	97893356	harbor1	chr2	97708755	97708974	LTR/ERVL-MaLR	413	+	110	97708865	15509
chr2	97693356	97893356	harbor1	chr2	97746580	97746691	LTR/ERVL-MaLR	680	+	56	97746636	53280
chr2	97693356	97893356	harbor1	chr2	97791222	97791780	LTR/ERVL-MaLR	1938	+	279	97791501	98145
chr2	95595556	95795556	harbor1	chr2	95654226	95654781	LTR/ERVL-MaLR	2007	+	278	95654504	58948
chr2	95595556	95795556	harbor1	chr2	95658777	95659141	LTR/ERVL-MaLR	1156	+	182	95658959	63403
chr2	60543293	60743293	harbor1	chr2	60586339	60586830	LTR/ERVL-MaLR	2154	+	246	60586585	43292
chr2	60543293	60743293	harbor1	chr2	60596396	60596557	LTR/ERVL-MaLR	2489	+	80	60596476	53183
chr2	60543293	60743293	harbor1	chr2	60596558	60596887	LTR/ERVL-MaLR	1784	+	164	60596722	53429
chr2	60543293	60743293	harbor1	chr2	60597185	60597232	LTR/ERVL-MaLR	1784	+	24	60597209	53916
chr2	60543293	60743293	harbor1	chr2	60597233	60597514	LTR/ERVL-MaLR	2489	+	140	60597373	54080
chr2	60543293	60743293	harbor1	chr2	60600450	60601008	LTR/ERVL-MaLR	2314	+	279	60600729	57436
chr2	60543293	60743293	harbor1	chr2	60620226	60620517	LTR/ERVL-MaLR	1809	+	146	60620372	77079
chr2	60543293	60743293	harbor1	chr2	60625174	60625555	LTR/ERVL-MaLR	2284	+	190	60625364	82071
chr2	60543293	60743293	harbor1	chr2	60630564	60630942	LTR/ERVL-MaLR	2105	+	189	60630753	87460
chr2	60543293	60743293	harbor1	chr2	60604154	60604565	LTR/ERVL-MaLR	1868	+	206	60604360	61067
chr2	129152349	129352349	harbor1	chr2	129166734	129167076	LTR/ERVL-MaLR	1427	+	171	129166905	14556
chr2	129152349	129352349	harbor1	chr2	129167156	129167563	LTR/ERVL-MaLR	1618	+	204	129167360	15011
chr2	129152349	129352349	harbor1	chr2	129193615	129193854	LTR/ERVL-MaLR	1082	+	120	129193735	41386
chr2	129152349	129352349	harbor1	chr2	129219549	129219964	LTR/ERVL-MaLR	2259	+	208	129219757	67408
chr2	129152349	129352349	harbor1	chr2	129229236	129229604	LTR/ERVL-MaLR	874	+	184	129229420	77071
chr2	129152349	129352349	harbor1	chr2	129234376	129234867	LTR/ERVL-MaLR	1085	+	246	129234622	82273
chr2	129152349	129352349	harbor1	chr2	129236202	129236571	LTR/ERVL-MaLR	832	+	184	129236386	84037
chr2	129152349	129352349	harbor1	chr2	129238311	129238661	LTR/ERVL-MaLR	947	+	175	129238486	86137
chr2	129152349	129352349	harbor1	chr2	129248269	129248443	LTR/ERVL-MaLR	489	+	87	129248356	96007
chr2	129152349	129352349	harbor1	chr2	129236574	129238299	LTR/ERVL-MaLR	4470	+	862	129237436	85087
chr2	48912957	49112957	harbor1	chr2	48958726	48958991	LTR/ERVL-MaLR	568	+	132	48958858	45901
chr2	48912957	49112957	harbor1	chr2	48972948	48973266	LTR/ERVL-MaLR	741	+	159	48973107	60150
chr2	168090572	168290572	harbor1	chr2	168098746	168099272	LTR/ERVL-MaLR	900	+	263	168099009	8437
chr2	168090572	168290572	harbor1	chr2	168112299	168112656	LTR/ERVL-MaLR	1891	+	178	168112477	21905
chr2	168090572	168290572	harbor1	chr2	168185976	168186369	LTR/ERVL-MaLR	1937	+	196	168186172	95600
chr2	22174284	22374284	harbor1	chr2	22191985	22192342	LTR/ERVL-MaLR	2100	+	178	22192163	17879
chr2	22174284	22374284	harbor1	chr2	22203989	22204083	LTR/ERVL-MaLR	1751	+	47	22204036	29752
chr2	22174284	22374284	harbor1	chr2	22204449	22204844	LTR/ERVL-MaLR	1751	+	198	22204647	30363
chr2	22174284	22374284	harbor1	chr2	22219344	22219697	LTR/ERVL-MaLR	1821	+	176	22219520	45236
chr2	22174284	22374284	harbor1	chr2	22220141	22220580	LTR/ERVL-MaLR	1127	+	220	22220361	46077
chr2	22174284	22374284	harbor1	chr2	22220582	22221237	LTR/ERVL-MaLR	3777	+	328	22220910	46626
chr2	22174284	22374284	harbor1	chr2	22221631	22222460	LTR/ERVL-MaLR	3777	+	414	22222045	47761
chr2	22174284	22374284	harbor1	chr2	22222605	22222683	LTR/ERVL-MaLR	436	+	39	22222644	48360
chr2	22174284	22374284	harbor1	chr2	22222684	22223047	LTR/ERVL-MaLR	2224	+	182	22222866	48582
chr2	22174284	22374284	harbor1	chr2	22223049	22224601	LTR/ERVL-MaLR	11098	+	776	22223825	49541
chr2	22174284	22374284	harbor1	chr2	22224602	22224960	LTR/ERVL-MaLR	2107	+	179	22224781	50497
chr2	22174284	22374284	harbor1	chr2	22224961	22224992	LTR/ERVL-MaLR	436	+	16	22224977	50693
chr2	22174284	22374284	harbor1	chr2	22248292	22248788	LTR/ERVL-MaLR	1729	+	248	22248540	74256
chr2	164279231	164479231	harbor1	chr2	164304301	164304614	LTR/ERVL-MaLR	815	+	156	164304457	25226
chr2	164279231	164479231	harbor1	chr2	164338731	164339129	LTR/ERVL-MaLR	1804	+	199	164338930	59699
chr2	164279231	164479231	harbor1	chr2	164344931	164345194	LTR/ERVL-MaLR	464	+	132	164345063	65832
chr2	164279231	164479231	harbor1	chr2	164370760	164371126	LTR/ERVL-MaLR	2353	+	183	164370943	91712
chr2	164279231	164479231	harbor1	chr2	164371509	164371821	LTR/ERVL-MaLR	8932	+	156	164371665	92434
chr2	164279231	164479231	harbor1	chr2	164372116	164373299	LTR/ERVL-MaLR	8932	+	592	164372708	93477
chr2	164279231	164479231	harbor1	chr2	164373300	164373670	LTR/ERVL-MaLR	2337	+	185	164373485	94254
chr2	69268821	69468821	harbor1	chr2	69283307	69283497	LTR/ERVL-MaLR	2236	+	95	69283402	14581
chr2	69268821	69468821	harbor1	chr2	69283810	69284054	LTR/ERVL-MaLR	2236	+	122	69283932	15111
chr2	69268821	69468821	harbor1	chr2	69298784	69299300	LTR/ERVL-MaLR	2132	+	258	69299042	30221
chr2	69268821	69468821	harbor1	chr2	69302163	69302412	LTR/ERVL-MaLR	526	+	124	69302287	33466
chr2	69268821	69468821	harbor1	chr2	69303270	69303480	LTR/ERVL-MaLR	548	+	105	69303375	34554
chr2	76916723	77116723	harbor1	chr2	76925041	76925551	LTR/ERVL-MaLR	1832	+	255	76925296	8573
chr2	76916723	77116723	harbor1	chr2	76926481	76926849	LTR/ERVL-MaLR	1534	+	184	76926665	9942
chr2	76916723	77116723	harbor1	chr2	76979965	76980349	LTR/ERVL-MaLR	433	+	192	76980157	63434
chr2	76916723	77116723	harbor1	chr2	76983302	76983655	LTR/ERVL-MaLR	2142	+	176	76983478	66755
chr2	76916723	77116723	harbor1	chr2	76986618	76986888	LTR/ERVL-MaLR	928	+	135	76986753	70030
chr2	76916723	77116723	harbor1	chr2	77003341	77003700	LTR/ERVL-MaLR	2205	+	180	77003521	86798
chr2	76916723	77116723	harbor1	chr2	77005442	77005495	LTR/ERVL-MaLR	9194	+	26	77005468	88745
chr2	76916723	77116723	harbor1	chr2	77005496	77005850	LTR/ERVL-MaLR	2317	+	177	77005673	88950
chr2	76916723	77116723	harbor1	chr2	76955562	76955918	LTR/ERVL-MaLR	1357	+	178	76955740	39017
chr2	76916723	77116723	harbor1	chr2	77003701	77005139	LTR/ERVL-MaLR	9194	+	719	77004420	87697
chr2	234043830	234243830	harbor1	chr2	234090162	234090532	LTR/ERVL-MaLR	2251	+	185	234090347	46517
chr2	234043830	234243830	harbor1	chr2	234092999	234093464	LTR/ERVL-MaLR	1399	+	232	234093231	49401
chr2	234043830	234243830	harbor1	chr2	234094098	234094517	LTR/ERVL-MaLR	1290	+	210	234094308	50478
chr2	234043830	234243830	harbor1	chr2	234099175	234099557	LTR/ERVL-MaLR	1673	+	191	234099366	55536
chr2	234043830	234243830	harbor1	chr2	234099903	234099940	LTR/ERVL-MaLR	1673	+	18	234099921	56091
chr2	234043830	234243830	harbor1	chr2	234111712	234111893	LTR/ERVL-MaLR	542	+	90	234111802	67972
chr2	234043830	234243830	harbor1	chr2	234116703	234117176	LTR/ERVL-MaLR	1190	+	236	234116939	73109
chr2	234043830	234243830	harbor1	chr2	234118351	234118869	LTR/ERVL-MaLR	1948	+	259	234118610	74780
chr2	234043830	234243830	harbor1	chr2	234138853	234139136	LTR/ERVL-MaLR	931	+	142	234138995	95165
chr2	234043830	234243830	harbor1	chr2	234142339	234142730	LTR/ERVL-MaLR	1522	+	196	234142535	98705
chr2	234043830	234243830	harbor1	chr2	234045379	234045519	LTR/ERVL-MaLR	518	+	70	234045449	1619
chr2	29534903	29734903	harbor1	chr2	29536161	29536577	LTR/ERVL-MaLR	2612	+	208	29536369	1466
chr2	29534903	29734903	harbor1	chr2	29536578	29538208	LTR/ERVL-MaLR	8293	+	815	29537393	2490
chr2	29534903	29734903	harbor1	chr2	29538209	29538633	LTR/ERVL-MaLR	2583	+	212	29538421	3518
chr2	29534903	29734903	harbor1	chr2	29547746	29547838	LTR/ERVL-MaLR	543	+	46	29547792	12889
chr2	29534903	29734903	harbor1	chr2	29548033	29548192	LTR/ERVL-MaLR	543	+	80	29548113	13210
chr2	29534903	29734903	harbor1	chr2	29548487	29548554	LTR/ERVL-MaLR	543	+	34	29548521	13618
chr2	29534903	29734903	harbor1	chr2	29553084	29553456	LTR/ERVL-MaLR	1650	+	186	29553270	18367
chr2	29534903	29734903	harbor1	chr2	29571269	29571602	LTR/ERVL-MaLR	2049	+	166	29571435	36532
chr2	29534903	29734903	harbor1	chr2	29571910	29571952	LTR/ERVL-MaLR	2049	+	21	29571931	37028
chr2	29534903	29734903	harbor1	chr2	29578028	29578377	LTR/ERVL-MaLR	2379	+	174	29578202	43299
chr2	29534903	29734903	harbor1	chr2	29592799	29593035	LTR/ERVL-MaLR	763	+	118	29592917	58014
chr2	29534903	29734903	harbor1	chr2	29605428	29605780	LTR/ERVL-MaLR	1571	+	176	29605604	70701
chr2	29534903	29734903	harbor1	chr2	29611575	29611959	LTR/ERVL-MaLR	1996	+	192	29611767	76864
chr2	29534903	29734903	harbor1	chr2	29626093	29626220	LTR/ERVL-MaLR	1864	+	64	29626157	91254
chr2	29534903	29734903	harbor1	chr2	29626221	29626586	LTR/ERVL-MaLR	2569	+	182	29626403	91500
chr2	29534903	29734903	harbor1	chr2	29626587	29626835	LTR/ERVL-MaLR	1864	+	124	29626711	91808
chr2	29534903	29734903	harbor1	chr2	29632286	29632389	LTR/ERVL-MaLR	545	+	52	29632338	97435
chr2	29534903	29734903	harbor1	chr2	29632472	29632650	LTR/ERVL-MaLR	699	+	89	29632561	97658
chr2	29534903	29734903	harbor1	chr2	29633029	29633131	LTR/ERVL-MaLR	699	+	51	29633080	98177
chr2	141435450	141635450	harbor1	chr2	141459509	141459864	LTR/ERVL-MaLR	2107	+	178	141459687	24237
chr2	141435450	141635450	harbor1	chr2	141466391	141466920	LTR/ERVL-MaLR	731	+	264	141466655	31205
chr2	141435450	141635450	harbor1	chr2	141512302	141512685	LTR/ERVL-MaLR	550	+	192	141512494	77044
chr2	33406391	33606391	harbor1	chr2	33422415	33422760	LTR/ERVL-MaLR	1976	+	172	33422587	16196
chr2	33406391	33606391	harbor1	chr2	33474169	33474329	LTR/ERVL-MaLR	2566	+	80	33474249	67858
chr2	33406391	33606391	harbor1	chr2	33474602	33474860	LTR/ERVL-MaLR	2566	+	129	33474731	68340
chr2	33406391	33606391	harbor1	chr2	33492446	33492781	LTR/ERVL-MaLR	1218	+	168	33492614	86223
chr2	133740922	133940922	harbor1	chr2	133771109	133771648	LTR/ERVL-MaLR	1590	+	270	133771379	30457
chr2	133740922	133940922	harbor1	chr2	133801935	133802184	LTR/ERVL-MaLR	866	+	124	133802059	61137
chr2	133740922	133940922	harbor1	chr2	133825766	133826112	LTR/ERVL-MaLR	1687	+	173	133825939	85017
chr2	133740922	133940922	harbor1	chr2	133832475	133832957	LTR/ERVL-MaLR	541	+	241	133832716	91794
chr2	65955052	66155052	harbor1	chr2	65956644	65957014	LTR/ERVL-MaLR	1889	+	185	65956829	1777
chr2	65955052	66155052	harbor1	chr2	65982758	65983160	LTR/ERVL-MaLR	2446	+	201	65982959	27907
chr2	65955052	66155052	harbor1	chr2	65987960	65988285	LTR/ERVL-MaLR	1655	+	162	65988122	33070
chr2	65955052	66155052	harbor1	chr2	66027986	66028384	LTR/ERVL-MaLR	2597	+	199	66028185	73133
chr2	65955052	66155052	harbor1	chr2	66045558	66045833	LTR/ERVL-MaLR	1336	+	138	66045696	90644
chr2	65955052	66155052	harbor1	chr2	66043577	66044115	LTR/ERVL-MaLR	1874	+	269	66043846	88794
chr2	113883993	114083993	harbor1	chr2	113982760	113983225	LTR/ERVL-MaLR	1776	+	232	113982992	98999
chr2	210783285	210983285	harbor1	chr2	210864227	210864743	LTR/ERVL-MaLR	2301	+	258	210864485	81200
chr2	124622456	124822456	harbor1	chr2	124686536	124686771	LTR/ERVL-MaLR	460	+	118	124686654	64198
chr2	191323087	191523087	harbor1	chr2	191354948	191355389	LTR/ERVL-MaLR	1053	+	220	191355168	32081
chr2	201166303	201366303	harbor1	chr2	201229985	201230389	LTR/ERVL-MaLR	2379	+	202	201230187	63884
chr2	201166303	201366303	harbor1	chr2	201232969	201233104	LTR/ERVL-MaLR	922	+	68	201233037	66734
chr2	36764907	36964907	harbor1	chr2	36765011	36765249	LTR/ERVL-MaLR	1951	+	119	36765130	223
chr2	36764907	36964907	harbor1	chr2	36791390	36791891	LTR/ERVL-MaLR	2157	+	250	36791640	26733
chr2	36764907	36964907	harbor1	chr2	36837934	36838409	LTR/ERVL-MaLR	1241	+	238	36838172	73265
chr2	36764907	36964907	harbor1	chr2	36856702	36857084	LTR/ERVL-MaLR	1904	+	191	36856893	91986
chr2	36764907	36964907	harbor1	chr2	36765633	36765924	LTR/ERVL-MaLR	1951	+	146	36765779	872
chr2	138166622	138366622	harbor1	chr2	138171900	138172761	LTR/ERVL-MaLR	5483	+	430	138172330	5708
chr2	138166622	138366622	harbor1	chr2	138172765	138173157	LTR/ERVL-MaLR	2410	+	196	138172961	6339
chr2	138166622	138366622	harbor1	chr2	138236174	138236478	LTR/ERVL-MaLR	1988	+	152	138236326	69704
chr2	138166622	138366622	harbor1	chr2	138236778	138236851	LTR/ERVL-MaLR	1988	+	36	138236814	70192
chr2	138166622	138366622	harbor1	chr2	138252515	138252691	LTR/ERVL-MaLR	513	+	88	138252603	85981
chr2	138166622	138366622	harbor1	chr2	138252674	138252839	LTR/ERVL-MaLR	710	+	82	138252756	86134
chr2	123327493	123527493	harbor1	chr2	123327674	123328061	LTR/ERVL-MaLR	1616	+	194	123327868	375
chr2	123327493	123527493	harbor1	chr2	123351106	123351492	LTR/ERVL-MaLR	2094	+	193	123351299	23806
chr2	123327493	123527493	harbor1	chr2	123379918	123380085	LTR/ERVL-MaLR	693	+	84	123380002	52509
chr2	195349835	195549835	harbor1	chr2	195356900	195357340	LTR/ERVL-MaLR	1253	+	220	195357120	7285
chr2	195349835	195549835	harbor1	chr2	195364701	195365045	LTR/ERVL-MaLR	2454	+	172	195364873	15038
chr2	195349835	195549835	harbor1	chr2	195379467	195379831	LTR/ERVL-MaLR	2205	+	182	195379649	29814
chr2	195349835	195549835	harbor1	chr2	195382329	195382537	LTR/ERVL-MaLR	475	+	104	195382433	32598
chr2	195349835	195549835	harbor1	chr2	195387310	195387663	LTR/ERVL-MaLR	2528	+	176	195387486	37651
chr2	195349835	195549835	harbor1	chr2	195387664	195389238	LTR/ERVL-MaLR	11255	+	787	195388451	38616
chr2	195349835	195549835	harbor1	chr2	195389239	195389591	LTR/ERVL-MaLR	2575	+	176	195389415	39580
chr2	195349835	195549835	harbor1	chr2	195401586	195401958	LTR/ERVL-MaLR	2538	+	186	195401772	51937
chr2	195349835	195549835	harbor1	chr2	195431145	195431528	LTR/ERVL-MaLR	1873	+	192	195431337	81502
chr2	195349835	195549835	harbor1	chr2	195434397	195434774	LTR/ERVL-MaLR	1852	+	188	195434585	84750
chr2	195349835	195549835	harbor1	chr2	195448386	195448695	LTR/ERVL-MaLR	1968	+	154	195448540	98705
chr2	132720014	132920014	harbor1	chr2	132735204	132735606	LTR/ERVL-MaLR	2300	+	201	132735405	15391
chr2	132720014	132920014	harbor1	chr2	132751083	132751481	LTR/ERVL-MaLR	1635	+	199	132751282	31268
chr2	132720014	132920014	harbor1	chr2	132765697	132765999	LTR/ERVL-MaLR	751	+	151	132765848	45834
chr2	132720014	132920014	harbor1	chr2	132766306	132766493	LTR/ERVL-MaLR	751	+	94	132766400	46386
chr2	132720014	132920014	harbor1	chr2	132800898	132801234	LTR/ERVL-MaLR	765	+	168	132801066	81052
chr2	149035773	149235773	harbor1	chr2	149092482	149092946	LTR/ERVL-MaLR	1177	+	232	149092714	56941
chr2	149035773	149235773	harbor1	chr2	149107994	149108345	LTR/ERVL-MaLR	2291	+	176	149108170	72397
chr2	128404235	128604235	harbor1	chr2	128420480	128420863	LTR/ERVL-MaLR	1854	+	192	128420672	16437
chr2	128404235	128604235	harbor1	chr2	128438726	128439074	LTR/ERVL-MaLR	815	+	174	128438900	34665
chr2	128404235	128604235	harbor1	chr2	128439552	128439916	LTR/ERVL-MaLR	1084	+	182	128439734	35499
chr2	128404235	128604235	harbor1	chr2	128457548	128457933	LTR/ERVL-MaLR	1455	+	192	128457740	53505
chr2	128404235	128604235	harbor1	chr2	128492466	128492813	LTR/ERVL-MaLR	1002	+	174	128492640	88405
chr2	44192465	44392465	harbor1	chr2	44195693	44196016	LTR/ERVL-MaLR	580	+	162	44195855	3390
chr2	44192465	44392465	harbor1	chr2	44257979	44258084	LTR/ERVL-MaLR	1788	+	52	44258031	65566
chr2	44192465	44392465	harbor1	chr2	44258405	44258629	LTR/ERVL-MaLR	1788	+	112	44258517	66052
chr2	44192465	44392465	harbor1	chr2	44269974	44270205	LTR/ERVL-MaLR	477	+	116	44270090	77625
chr2	66207082	66407082	harbor1	chr2	66264772	66265104	LTR/ERVL-MaLR	1392	+	166	66264938	57856
chr2	111331440	111531440	harbor1	chr2	111364082	111364583	LTR/ERVL-MaLR	768	+	250	111364332	32892
chr2	111331440	111531440	harbor1	chr2	111378505	111378945	LTR/ERVL-MaLR	2183	+	220	111378725	47285
chr2	111331440	111531440	harbor1	chr2	111381933	111382300	LTR/ERVL-MaLR	1539	+	184	111382117	50677
chr2	111331440	111531440	harbor1	chr2	111388192	111388578	LTR/ERVL-MaLR	2039	+	193	111388385	56945
chr2	111331440	111531440	harbor1	chr2	111400341	111400688	LTR/ERVL-MaLR	1851	+	174	111400515	69075
chr2	111331440	111531440	harbor1	chr2	111406691	111407049	LTR/ERVL-MaLR	2571	+	179	111406870	75430
chr2	111331440	111531440	harbor1	chr2	111409475	111409921	LTR/ERVL-MaLR	2023	+	223	111409698	78258
chr2	111331440	111531440	harbor1	chr2	111394744	111395099	LTR/ERVL-MaLR	2832	+	178	111394922	63482
chr2	91802178	92002178	harbor1	chr2	91803312	91803735	LTR/ERVL-MaLR	1777	+	212	91803524	1346
chr2	91802178	92002178	harbor1	chr2	91813287	91813541	LTR/ERVL-MaLR	521	+	127	91813414	11236
chr2	91802178	92002178	harbor1	chr2	91849368	91849444	LTR/ERVL-MaLR	416	+	38	91849406	47228
chr2	91802178	92002178	harbor1	chr2	91900439	91900791	LTR/ERVL-MaLR	1536	+	176	91900615	98437
chr2	194419706	194619706	harbor1	chr2	194482183	194482595	LTR/ERVL-MaLR	1285	+	206	194482389	62683
chr2	194419706	194619706	harbor1	chr2	194482596	194483241	LTR/ERVL-MaLR	2097	+	322	194482918	63212
chr2	194419706	194619706	harbor1	chr2	194484242	194485058	LTR/ERVL-MaLR	1750	+	408	194484650	64944
chr2	194419706	194619706	harbor1	chr2	194485062	194485276	LTR/ERVL-MaLR	454	+	107	194485169	65463
chr2	194419706	194619706	harbor1	chr2	194485287	194485726	LTR/ERVL-MaLR	1310	+	220	194485507	65801
chr2	39252493	39452493	harbor1	chr2	39292253	39292614	LTR/ERVL-MaLR	1378	+	180	39292433	39940
chr2	39252493	39452493	harbor1	chr2	39311434	39311856	LTR/ERVL-MaLR	1578	+	211	39311645	59152
chr2	39252493	39452493	harbor1	chr2	39326469	39326658	LTR/ERVL-MaLR	1201	+	94	39326563	74070
chr2	39252493	39452493	harbor1	chr2	39326659	39326968	LTR/ERVL-MaLR	1617	+	154	39326813	74320
chr2	39252493	39452493	harbor1	chr2	39338659	39338988	LTR/ERVL-MaLR	1456	+	164	39338823	86330
chr2	55831726	56031726	harbor1	chr2	55855524	55855828	LTR/ERVL-MaLR	469	+	152	55855676	23950
chr2	55831726	56031726	harbor1	chr2	55901692	55902202	LTR/ERVL-MaLR	1841	+	255	55901947	70221
chr2	211076998	211276998	harbor1	chr2	211080882	211081241	LTR/ERVL-MaLR	1685	+	180	211081062	4064
chr2	211076998	211276998	harbor1	chr2	211091974	211092451	LTR/ERVL-MaLR	1299	+	238	211092212	15214
chr2	211076998	211276998	harbor1	chr2	211118751	211119164	LTR/ERVL-MaLR	2117	+	206	211118957	41959
chr2	211076998	211276998	harbor1	chr2	211127456	211127848	LTR/ERVL-MaLR	602	+	196	211127652	50654
chr2	211076998	211276998	harbor1	chr2	211153242	211153605	LTR/ERVL-MaLR	566	+	182	211153424	76426
chr2	211076998	211276998	harbor1	chr2	211153849	211153893	LTR/ERVL-MaLR	566	+	22	211153871	76873
chr2	211076998	211276998	harbor1	chr2	211168329	211168819	LTR/ERVL-MaLR	1665	+	245	211168574	91576
chr2	131786528	131986528	harbor1	chr2	131794296	131794630	LTR/ERVL-MaLR	1484	+	167	131794463	7935
chr2	131786528	131986528	harbor1	chr2	131826973	131827116	LTR/ERVL-MaLR	454	+	72	131827045	40517
chr2	131786528	131986528	harbor1	chr2	131827122	131827493	LTR/ERVL-MaLR	2076	+	186	131827308	40780
chr2	229966213	230166213	harbor1	chr2	229991301	229991582	LTR/ERVL-MaLR	810	+	140	229991441	25228
chr2	229966213	230166213	harbor1	chr2	230044000	230044191	LTR/ERVL-MaLR	1720	+	96	230044096	77883
chr2	229966213	230166213	harbor1	chr2	230044492	230044704	LTR/ERVL-MaLR	1720	+	106	230044598	78385
chr2	229966213	230166213	harbor1	chr2	230044879	230044944	LTR/ERVL-MaLR	1720	+	32	230044911	78698
chr2	238986786	239186786	harbor1	chr2	238988383	238988800	LTR/ERVL-MaLR	551	+	208	238988591	1805
chr2	238986786	239186786	harbor1	chr2	238994008	238994218	LTR/ERVL-MaLR	432	+	105	238994113	7327
chr2	238986786	239186786	harbor1	chr2	239004193	239004628	LTR/ERVL-MaLR	1229	+	218	239004411	17625
chr2	238986786	239186786	harbor1	chr2	239043017	239043427	LTR/ERVL-MaLR	2366	+	205	239043222	56436
chr2	238986786	239186786	harbor1	chr2	239044227	239044425	LTR/ERVL-MaLR	547	+	99	239044326	57540
chr2	238986786	239186786	harbor1	chr2	239046947	239047322	LTR/ERVL-MaLR	870	+	188	239047135	60349
chr2	57573476	57773476	harbor1	chr2	57573733	57574243	LTR/ERVL-MaLR	1103	+	255	57573988	512
chr2	57573476	57773476	harbor1	chr2	57574244	57574655	LTR/ERVL-MaLR	2470	+	206	57574450	974
chr2	57573476	57773476	harbor1	chr2	57574991	57575716	LTR/ERVL-MaLR	2470	+	362	57575353	1877
chr2	57573476	57773476	harbor1	chr2	57576084	57576185	LTR/ERVL-MaLR	518	+	50	57576134	2658
chr2	57573476	57773476	harbor1	chr2	57576544	57576614	LTR/ERVL-MaLR	518	+	35	57576579	3103
chr2	57573476	57773476	harbor1	chr2	57578269	57578652	LTR/ERVL-MaLR	1783	+	192	57578461	4985
chr2	57573476	57773476	harbor1	chr2	57627878	57628074	LTR/ERVL-MaLR	672	+	98	57627976	54500
chr2	57573476	57773476	harbor1	chr2	57640743	57640990	LTR/ERVL-MaLR	569	+	124	57640867	67391
chr2	57573476	57773476	harbor1	chr2	57649797	57650185	LTR/ERVL-MaLR	1991	+	194	57649991	76515
chr2	57573476	57773476	harbor1	chr2	57654263	57654789	LTR/ERVL-MaLR	1574	+	263	57654526	81050
chr2	57573476	57773476	harbor1	chr2	57665616	57665928	LTR/ERVL-MaLR	1247	+	156	57665772	92296
chr2	197312438	197512438	harbor1	chr2	197326466	197326801	LTR/ERVL-MaLR	1450	+	168	197326634	14196
chr2	197312438	197512438	harbor1	chr2	197337104	197337145	LTR/ERVL-MaLR	876	+	20	197337124	24686
chr2	197312438	197512438	harbor1	chr2	197337450	197337828	LTR/ERVL-MaLR	1991	+	189	197337639	25201
chr2	197312438	197512438	harbor1	chr2	197340982	197341311	LTR/ERVL-MaLR	1976	+	164	197341146	28708
chr2	197312438	197512438	harbor1	chr2	197341616	197341688	LTR/ERVL-MaLR	1976	+	36	197341652	29214
chr2	197312438	197512438	harbor1	chr2	197348918	197349356	LTR/ERVL-MaLR	2399	+	219	197349137	36699
chr2	197312438	197512438	harbor1	chr2	197349495	197349858	LTR/ERVL-MaLR	1514	+	182	197349677	37239
chr2	197312438	197512438	harbor1	chr2	197352088	197352152	LTR/ERVL-MaLR	2012	+	32	197352120	39682
chr2	197312438	197512438	harbor1	chr2	197352451	197352768	LTR/ERVL-MaLR	2012	+	158	197352609	40171
chr2	197312438	197512438	harbor1	chr2	197361978	197362112	LTR/ERVL-MaLR	693	+	67	197362045	49607
chr2	197312438	197512438	harbor1	chr2	197384319	197384747	LTR/ERVL-MaLR	3014	+	214	197384533	72095
chr2	165670113	165870113	harbor1	chr2	165703636	165704102	LTR/ERVL-MaLR	2063	+	233	165703869	33756
chr2	165670113	165870113	harbor1	chr2	165718171	165718547	LTR/ERVL-MaLR	1385	+	188	165718359	48246
chr2	165670113	165870113	harbor1	chr2	165746601	165746961	LTR/ERVL-MaLR	2027	+	180	165746781	76668
chr2	165670113	165870113	harbor1	chr2	165723795	165724297	LTR/ERVL-MaLR	1873	+	251	165724046	53933
chr2	165670113	165870113	harbor1	chr2	165740144	165740707	LTR/ERVL-MaLR	884	+	282	165740426	70313
chr2	90077554	90277554	harbor1	chr2	90092420	90092803	LTR/ERVL-MaLR	872	+	192	90092612	15058
chr2	90077554	90277554	harbor1	chr2	90138038	90138590	LTR/ERVL-MaLR	1038	+	276	90138314	60760
chr2	62279677	62479677	harbor1	chr2	62279675	62279887	LTR/ERVL-MaLR	1493	+	106	62279781	104
chr2	62279677	62479677	harbor1	chr2	62282365	62282749	LTR/ERVL-MaLR	2265	+	192	62282557	2880
chr2	62279677	62479677	harbor1	chr2	62335548	62335943	LTR/ERVL-MaLR	1632	+	198	62335746	56069
chr2	62279677	62479677	harbor1	chr2	62361632	62362183	LTR/ERVL-MaLR	2026	+	276	62361908	82231
chr2	62279677	62479677	harbor1	chr2	62370914	62371202	LTR/ERVL-MaLR	1541	+	144	62371058	91381
chr2	62279677	62479677	harbor1	chr2	62371200	62371273	LTR/ERVL-MaLR	411	+	36	62371236	91559
chr2	62279677	62479677	harbor1	chr2	62378145	62378501	LTR/ERVL-MaLR	2122	+	178	62378323	98646
chr2	2267415	2467415	harbor1	chr2	2269965	2270316	LTR/ERVL-MaLR	954	+	176	2270141	2726
chr2	2267415	2467415	harbor1	chr2	2281001	2281362	LTR/ERVL-MaLR	2443	+	180	2281181	13766
chr2	2267415	2467415	harbor1	chr2	2360423	2360819	LTR/ERVL-MaLR	846	+	198	2360621	93206
chr2	5948330	6148330	harbor1	chr2	5961708	5962075	LTR/ERVL-MaLR	2395	+	184	5961892	13562
chr2	5948330	6148330	harbor1	chr2	5999457	5999695	LTR/ERVL-MaLR	579	+	119	5999576	51246
chr2	5948330	6148330	harbor1	chr2	6003218	6003568	LTR/ERVL-MaLR	2225	+	175	6003393	55063
chr2	5948330	6148330	harbor1	chr2	6006434	6006746	LTR/ERVL-MaLR	1396	+	156	6006590	58260
chr2	5948330	6148330	harbor1	chr2	6020809	6021194	LTR/ERVL-MaLR	2325	+	192	6021001	72671
chr2	5948330	6148330	harbor1	chr2	6023641	6024110	LTR/ERVL-MaLR	1634	+	234	6023875	75545
chr2	5948330	6148330	harbor1	chr2	6026774	6026956	LTR/ERVL-MaLR	611	+	91	6026865	78535
chr2	5948330	6148330	harbor1	chr2	6027092	6027376	LTR/ERVL-MaLR	597	+	142	6027234	78904
chr2	5948330	6148330	harbor1	chr2	6029801	6030213	LTR/ERVL-MaLR	2164	+	206	6030007	81677
chr2	5948330	6148330	harbor1	chr2	6041216	6041581	LTR/ERVL-MaLR	2624	+	182	6041398	93068
chr2	5948330	6148330	harbor1	chr2	6012848	6013273	LTR/ERVL-MaLR	1437	+	212	6013060	64730
chr2	5948330	6148330	harbor1	chr2	6029018	6029357	LTR/ERVL-MaLR	1693	+	170	6029188	80858
chr2	140778440	140978440	harbor1	chr2	140782217	140782613	LTR/ERVL-MaLR	2006	+	198	140782415	3975
chr2	140778440	140978440	harbor1	chr2	140788739	140789104	LTR/ERVL-MaLR	1606	+	182	140788921	10481
chr2	140778440	140978440	harbor1	chr2	140799181	140799526	LTR/ERVL-MaLR	1416	+	172	140799353	20913
chr2	140778440	140978440	harbor1	chr2	140805902	140806266	LTR/ERVL-MaLR	1617	+	182	140806084	27644
chr2	127331616	127531616	harbor1	chr2	127359574	127359980	LTR/ERVL-MaLR	2635	+	203	127359777	28161
chr2	127331616	127531616	harbor1	chr2	127369660	127369873	LTR/ERVL-MaLR	473	+	106	127369766	38150
chr2	127331616	127531616	harbor1	chr2	127376570	127376755	LTR/ERVL-MaLR	562	+	92	127376662	45046
chr2	127331616	127531616	harbor1	chr2	127392101	127392483	LTR/ERVL-MaLR	2009	+	191	127392292	60676
chr2	127331616	127531616	harbor1	chr2	127394202	127394385	LTR/ERVL-MaLR	661	+	92	127394294	62678
chr2	87028414	87228414	harbor1	chr2	87101890	87102479	LTR/ERVL-MaLR	1197	+	294	87102184	73770
chr2	87028414	87228414	harbor1	chr2	87105245	87105442	LTR/ERVL-MaLR	620	+	98	87105343	76929
chr2	87028414	87228414	harbor1	chr2	87106205	87106520	LTR/ERVL-MaLR	915	+	158	87106363	77949
chr2	87028414	87228414	harbor1	chr2	87110677	87111036	LTR/ERVL-MaLR	1486	+	180	87110857	82443
chr2	122163960	122363960	harbor1	chr2	122170774	122171279	LTR/ERVL-MaLR	2398	+	252	122171026	7066
chr2	122163960	122363960	harbor1	chr2	122195925	122196073	LTR/ERVL-MaLR	787	+	74	122195999	32039
chr2	122163960	122363960	harbor1	chr2	122196382	122196662	LTR/ERVL-MaLR	787	+	140	122196522	32562
chr2	122163960	122363960	harbor1	chr2	122214303	122214664	LTR/ERVL-MaLR	2183	+	180	122214483	50523
chr2	122163960	122363960	harbor1	chr2	122216920	122217271	LTR/ERVL-MaLR	1468	+	176	122217096	53136
chr2	122163960	122363960	harbor1	chr2	122218283	122218550	LTR/ERVL-MaLR	420	+	134	122218417	54457
chr2	122163960	122363960	harbor1	chr2	122221292	122221657	LTR/ERVL-MaLR	2263	+	182	122221474	57514
chr2	122163960	122363960	harbor1	chr2	122249723	122250184	LTR/ERVL-MaLR	3049	+	230	122249953	85993
chr2	122163960	122363960	harbor1	chr2	122250185	122250758	LTR/ERVL-MaLR	2319	+	286	122250471	86511
chr2	122163960	122363960	harbor1	chr2	122250743	122250914	LTR/ERVL-MaLR	638	+	86	122250829	86869
chr2	122163960	122363960	harbor1	chr2	122256690	122256876	LTR/ERVL-MaLR	864	+	93	122256783	92823
chr2	116212458	116412458	harbor1	chr2	116242029	116242195	LTR/ERVL-MaLR	641	+	83	116242112	29654
chr2	116212458	116412458	harbor1	chr2	116242931	116243225	LTR/ERVL-MaLR	872	+	147	116243078	30620
chr2	116212458	116412458	harbor1	chr2	116243238	116243327	LTR/ERVL-MaLR	1730	+	44	116243282	30824
chr2	116212458	116412458	harbor1	chr2	116243607	116244017	LTR/ERVL-MaLR	1730	+	205	116243812	31354
chr2	116212458	116412458	harbor1	chr2	116261414	116261777	LTR/ERVL-MaLR	2046	+	182	116261596	49138
chr2	197954001	198154001	harbor1	chr2	197969625	197969998	LTR/ERVL-MaLR	1077	+	186	197969811	15810
chr2	169674112	169874112	harbor1	chr2	169704090	169704626	LTR/ERVL-MaLR	1547	+	268	169704358	30246
chr2	169674112	169874112	harbor1	chr2	169709843	169710395	LTR/ERVL-MaLR	2107	+	276	169710119	36007
chr2	169674112	169874112	harbor1	chr2	169721529	169721611	LTR/ERVL-MaLR	1592	+	41	169721570	47458
chr2	169674112	169874112	harbor1	chr2	169721923	169722209	LTR/ERVL-MaLR	1592	+	143	169722066	47954
chr2	169674112	169874112	harbor1	chr2	169722518	169722547	LTR/ERVL-MaLR	1590	+	14	169722532	48420
chr2	169674112	169874112	harbor1	chr2	169753461	169753720	LTR/ERVL-MaLR	539	+	130	169753591	79479
chr2	169674112	169874112	harbor1	chr2	169754021	169754364	LTR/ERVL-MaLR	2308	+	172	169754193	80081
chr2	169674112	169874112	harbor1	chr2	169754665	169754739	LTR/ERVL-MaLR	2308	+	37	169754702	80590
chr2	169674112	169874112	harbor1	chr2	169754740	169754849	LTR/ERVL-MaLR	680	+	54	169754794	80682
chr2	169674112	169874112	harbor1	chr2	169755827	169757373	LTR/ERVL-MaLR	6250	+	773	169756600	82488
chr2	169674112	169874112	harbor1	chr2	169757374	169757478	LTR/ERVL-MaLR	784	+	52	169757426	83314
chr2	169674112	169874112	harbor1	chr2	169758279	169758397	LTR/ERVL-MaLR	528	+	59	169758338	84226
chr2	222830801	223030801	harbor1	chr2	222832939	222833329	LTR/ERVL-MaLR	1331	+	195	222833134	2333
chr2	222830801	223030801	harbor1	chr2	222838893	222839420	LTR/ERVL-MaLR	1415	+	264	222839157	8356
chr2	222830801	223030801	harbor1	chr2	222839712	222839788	LTR/ERVL-MaLR	1415	+	38	222839750	8949
chr2	222830801	223030801	harbor1	chr2	222848561	222848707	LTR/ERVL-MaLR	464	+	73	222848634	17833
chr2	222830801	223030801	harbor1	chr2	222850058	222850575	LTR/ERVL-MaLR	1072	+	258	222850316	19515
chr2	222830801	223030801	harbor1	chr2	222854060	222854384	LTR/ERVL-MaLR	504	+	162	222854222	23421
chr2	222830801	223030801	harbor1	chr2	222855935	222856011	LTR/ERVL-MaLR	1075	+	38	222855973	25172
chr2	222830801	223030801	harbor1	chr2	222854940	222855298	LTR/ERVL-MaLR	1075	+	179	222855119	24318
chr2	16651278	16851278	harbor1	chr2	16696004	16696357	LTR/ERVL-MaLR	2611	+	176	16696180	44902
chr2	16651278	16851278	harbor1	chr2	16696734	16697089	LTR/ERVL-MaLR	2257	+	178	16696912	45634
chr2	16651278	16851278	harbor1	chr2	16709989	16710389	LTR/ERVL-MaLR	498	+	200	16710189	58911
chr2	16651278	16851278	harbor1	chr2	16742958	16743137	LTR/ERVL-MaLR	1146	+	90	16743048	91770
chr2	16651278	16851278	harbor1	chr2	16743452	16743760	LTR/ERVL-MaLR	1146	+	154	16743606	92328
chr2	16651278	16851278	harbor1	chr2	16727943	16728298	LTR/ERVL-MaLR	2182	+	178	16728121	76843
chr2	33575951	33775951	harbor1	chr2	33620570	33620927	LTR/ERVL-MaLR	883	+	178	33620748	44797
chr2	33575951	33775951	harbor1	chr2	33622164	33622407	LTR/ERVL-MaLR	627	+	122	33622286	46335
chr2	33575951	33775951	harbor1	chr2	33629329	33629725	LTR/ERVL-MaLR	2288	+	198	33629527	53576
chr2	33575951	33775951	harbor1	chr2	33637809	33638146	LTR/ERVL-MaLR	1088	+	168	33637977	62026
chr2	33575951	33775951	harbor1	chr2	33672533	33672844	LTR/ERVL-MaLR	466	+	156	33672689	96738
chr2	33575951	33775951	harbor1	chr2	33636169	33636431	LTR/ERVL-MaLR	853	+	131	33636300	60349
chr2	53326180	53526180	harbor1	chr2	53327620	53327999	LTR/ERVL-MaLR	1555	+	190	53327810	1630
chr2	53326180	53526180	harbor1	chr2	53328217	53328378	LTR/ERVL-MaLR	1555	+	80	53328297	2117
chr2	53326180	53526180	harbor1	chr2	53328716	53328742	LTR/ERVL-MaLR	1555	+	13	53328729	2549
chr2	53326180	53526180	harbor1	chr2	53381826	53381948	LTR/ERVL-MaLR	551	+	61	53381887	55707
chr2	53326180	53526180	harbor1	chr2	53391997	53392441	LTR/ERVL-MaLR	1383	+	222	53392219	66039
chr2	53326180	53526180	harbor1	chr2	53392442	53392953	LTR/ERVL-MaLR	1794	+	256	53392698	66518
chr2	53326180	53526180	harbor1	chr2	53405085	53405507	LTR/ERVL-MaLR	1472	+	211	53405296	79116
chr2	53326180	53526180	harbor1	chr2	53405988	53406430	LTR/ERVL-MaLR	1446	+	221	53406209	80029
chr2	53326180	53526180	harbor1	chr2	53406444	53406917	LTR/ERVL-MaLR	1328	+	236	53406680	80500
chr2	53326180	53526180	harbor1	chr2	53409209	53409758	LTR/ERVL-MaLR	1796	+	274	53409483	83303
chr2	53326180	53526180	harbor1	chr2	53414714	53414850	LTR/ERVL-MaLR	818	+	68	53414782	88602
chr2	53326180	53526180	harbor1	chr2	53416189	53416567	LTR/ERVL-MaLR	1908	+	189	53416378	90198
chr2	19174725	19374725	harbor1	chr2	19198266	19198824	LTR/ERVL-MaLR	2080	+	279	19198545	23820
chr2	19174725	19374725	harbor1	chr2	19209922	19210276	LTR/ERVL-MaLR	1558	+	177	19210099	35374
chr2	19174725	19374725	harbor1	chr2	19212577	19212658	LTR/ERVL-MaLR	559	+	40	19212617	37892
chr2	19174725	19374725	harbor1	chr2	19222663	19222937	LTR/ERVL-MaLR	846	+	137	19222800	48075
chr2	19174725	19374725	harbor1	chr2	19223006	19223111	LTR/ERVL-MaLR	566	+	52	19223058	48333
chr2	19174725	19374725	harbor1	chr2	19243424	19243852	LTR/ERVL-MaLR	1975	+	214	19243638	68913
chr2	19174725	19374725	harbor1	chr2	19245269	19245356	LTR/ERVL-MaLR	420	+	44	19245313	70588
chr2	222343506	222543506	harbor1	chr2	222355896	222356048	LTR/ERVL-MaLR	457	+	76	222355972	12466
chr2	222343506	222543506	harbor1	chr2	222357627	222357970	LTR/ERVL-MaLR	970	+	172	222357799	14293
chr2	222343506	222543506	harbor1	chr2	222360054	222360531	LTR/ERVL-MaLR	876	+	238	222360292	16786
chr2	222343506	222543506	harbor1	chr2	222362919	222363288	LTR/ERVL-MaLR	2455	+	184	222363103	19597
chr2	222343506	222543506	harbor1	chr2	222383196	222383339	LTR/ERVL-MaLR	471	+	72	222383268	39762
chr2	222343506	222543506	harbor1	chr2	222388790	222389220	LTR/ERVL-MaLR	2049	+	215	222389005	45499
chr2	222343506	222543506	harbor1	chr2	222397613	222398013	LTR/ERVL-MaLR	2563	+	200	222397813	54307
chr2	222343506	222543506	harbor1	chr2	222406732	222407089	LTR/ERVL-MaLR	2081	+	178	222406910	63404
chr2	222343506	222543506	harbor1	chr2	222416637	222416955	LTR/ERVL-MaLR	1027	+	159	222416796	73290
chr2	222343506	222543506	harbor1	chr2	222420408	222420998	LTR/ERVL-MaLR	1768	+	295	222420703	77197
chr2	18584961	18784961	harbor1	chr2	18596173	18596346	LTR/ERVL-MaLR	496	+	86	18596259	11298
chr2	18584961	18784961	harbor1	chr2	18610566	18610945	LTR/ERVL-MaLR	2077	+	190	18610756	25795
chr2	18584961	18784961	harbor1	chr2	18615815	18615975	LTR/ERVL-MaLR	551	+	80	18615895	30934
chr2	18584961	18784961	harbor1	chr2	18618042	18618236	LTR/ERVL-MaLR	880	+	97	18618139	33178
chr2	18584961	18784961	harbor1	chr2	18626929	18627297	LTR/ERVL-MaLR	1806	+	184	18627113	42152
chr2	18584961	18784961	harbor1	chr2	18631868	18632232	LTR/ERVL-MaLR	2320	+	182	18632050	47089
chr2	18584961	18784961	harbor1	chr2	18632233	18632924	LTR/ERVL-MaLR	3925	+	346	18632579	47618
chr2	18584961	18784961	harbor1	chr2	18667821	18668182	LTR/ERVL-MaLR	2300	+	180	18668001	83040
chr2	18584961	18784961	harbor1	chr2	18680393	18680766	LTR/ERVL-MaLR	2679	+	186	18680579	95618
chr2	137692291	137892291	harbor1	chr2	137692284	137692790	LTR/ERVL-MaLR	1489	+	253	137692537	246
chr2	137692291	137892291	harbor1	chr2	137778563	137778592	LTR/ERVL-MaLR	503	+	14	137778577	86286
chr2	137692291	137892291	harbor1	chr2	137778807	137779200	LTR/ERVL-MaLR	503	+	196	137779003	86712
chr2	167160013	167360013	harbor1	chr2	167231653	167232116	LTR/ERVL-MaLR	652	+	232	167231885	71872
chr2	167160013	167360013	harbor1	chr2	167239267	167239745	LTR/ERVL-MaLR	1545	+	239	167239506	79493
chr3	121881931	122081931	harbor1	chr3	121926192	121926446	LTR/ERVL-MaLR	1270	+	127	121926319	44388
chr3	121881931	122081931	harbor1	chr3	121926437	121927252	LTR/ERVL-MaLR	4799	+	408	121926845	44914
chr3	121881931	122081931	harbor1	chr3	121927253	121927673	LTR/ERVL-MaLR	2554	+	210	121927463	45532
chr3	121881931	122081931	harbor1	chr3	121961917	121962271	LTR/ERVL-MaLR	2756	+	177	121962094	80163
chr3	121881931	122081931	harbor1	chr3	121977474	121977829	LTR/ERVL-MaLR	2144	+	178	121977652	95721
chr3	121881931	122081931	harbor1	chr3	121979402	121979753	LTR/ERVL-MaLR	2128	+	176	121979578	97647
chr3	121881931	122081931	harbor1	chr3	121981324	121981681	LTR/ERVL-MaLR	1879	+	178	121981502	99571
chr3	121881931	122081931	harbor1	chr3	121977830	121979401	LTR/ERVL-MaLR	11771	+	786	121978616	96685
chr3	121430729	121630729	harbor1	chr3	121463094	121463451	LTR/ERVL-MaLR	2057	+	178	121463272	32543
chr3	121430729	121630729	harbor1	chr3	121504716	121504945	LTR/ERVL-MaLR	1378	+	114	121504830	74101
chr3	121430729	121630729	harbor1	chr3	121504959	121505373	LTR/ERVL-MaLR	2312	+	207	121505166	74437
chr3	121430729	121630729	harbor1	chr3	121517465	121517961	LTR/ERVL-MaLR	1224	+	248	121517713	86984
chr3	146069718	146269718	harbor1	chr3	146104927	146105222	LTR/ERVL-MaLR	511	+	148	146105075	35357
chr3	146069718	146269718	harbor1	chr3	146119005	146119410	LTR/ERVL-MaLR	2233	+	202	146119207	49489
chr3	147666706	147866706	harbor1	chr3	147669062	147669468	LTR/ERVL-MaLR	557	+	203	147669265	2559
chr3	147666706	147866706	harbor1	chr3	147695681	147696109	LTR/ERVL-MaLR	1281	+	214	147695895	29189
chr3	147666706	147866706	harbor1	chr3	147756447	147756836	LTR/ERVL-MaLR	637	+	194	147756641	89935
chr3	64425570	64625570	harbor1	chr3	64430501	64430822	LTR/ERVL-MaLR	1603	+	160	64430661	5091
chr3	64425570	64625570	harbor1	chr3	64433926	64434235	LTR/ERVL-MaLR	2060	+	154	64434080	8510
chr3	64425570	64625570	harbor1	chr3	64434529	64434580	LTR/ERVL-MaLR	2060	+	26	64434555	8985
chr3	64425570	64625570	harbor1	chr3	64434581	64436140	LTR/ERVL-MaLR	12146	+	780	64435361	9791
chr3	64425570	64625570	harbor1	chr3	64436142	64436279	LTR/ERVL-MaLR	2029	+	68	64436210	10640
chr3	64425570	64625570	harbor1	chr3	64436556	64436789	LTR/ERVL-MaLR	2029	+	116	64436672	11102
chr3	64425570	64625570	harbor1	chr3	64458241	64458648	LTR/ERVL-MaLR	2125	+	204	64458445	32875
chr3	64425570	64625570	harbor1	chr3	64465810	64465955	LTR/ERVL-MaLR	556	+	72	64465882	40312
chr3	64425570	64625570	harbor1	chr3	64467552	64467791	LTR/ERVL-MaLR	468	+	120	64467672	42102
chr3	64425570	64625570	harbor1	chr3	64496616	64497038	LTR/ERVL-MaLR	1304	+	211	64496827	71257
chr3	64425570	64625570	harbor1	chr3	64503212	64503264	LTR/ERVL-MaLR	1934	+	26	64503238	77668
chr3	64425570	64625570	harbor1	chr3	64503265	64503620	LTR/ERVL-MaLR	2459	+	178	64503443	77873
chr3	64425570	64625570	harbor1	chr3	64507492	64507798	LTR/ERVL-MaLR	1851	+	153	64507645	82075
chr3	64425570	64625570	harbor1	chr3	64508087	64508145	LTR/ERVL-MaLR	1851	+	29	64508116	82546
chr3	64425570	64625570	harbor1	chr3	64509525	64510028	LTR/ERVL-MaLR	2504	+	252	64509777	84207
chr3	64425570	64625570	harbor1	chr3	64512455	64512897	LTR/ERVL-MaLR	546	+	221	64512676	87106
chr3	64425570	64625570	harbor1	chr3	64512901	64513311	LTR/ERVL-MaLR	1684	+	205	64513106	87536
chr3	64425570	64625570	harbor1	chr3	64513768	64514199	LTR/ERVL-MaLR	587	+	216	64513984	88414
chr3	64425570	64625570	harbor1	chr3	64518069	64518285	LTR/ERVL-MaLR	632	+	108	64518177	92607
chr3	64425570	64625570	harbor1	chr3	64503621	64504020	LTR/ERVL-MaLR	1934	+	200	64503821	78251
chr3	41084512	41284512	harbor1	chr3	41113150	41113539	LTR/ERVL-MaLR	2407	+	194	41113344	28832
chr3	41084512	41284512	harbor1	chr3	41125175	41125652	LTR/ERVL-MaLR	1370	+	238	41125413	40901
chr3	41084512	41284512	harbor1	chr3	41136525	41136879	LTR/ERVL-MaLR	1895	+	177	41136702	52190
chr3	41084512	41284512	harbor1	chr3	41160492	41160856	LTR/ERVL-MaLR	2417	+	182	41160674	76162
chr3	41084512	41284512	harbor1	chr3	41178354	41178599	LTR/ERVL-MaLR	513	+	122	41178476	93964
chr3	41084512	41284512	harbor1	chr3	41178658	41178846	LTR/ERVL-MaLR	550	+	94	41178752	94240
chr3	72242407	72442407	harbor1	chr3	72253826	72254030	LTR/ERVL-MaLR	775	+	102	72253928	11521
chr3	72242407	72442407	harbor1	chr3	72254060	72254073	LTR/ERVL-MaLR	775	+	6	72254066	11659
chr3	72242407	72442407	harbor1	chr3	72254107	72254359	LTR/ERVL-MaLR	870	+	126	72254233	11826
chr3	72242407	72442407	harbor1	chr3	72257557	72258057	LTR/ERVL-MaLR	1908	+	250	72257807	15400
chr3	72242407	72442407	harbor1	chr3	72263927	72264322	LTR/ERVL-MaLR	1460	+	198	72264125	21718
chr3	72242407	72442407	harbor1	chr3	72268320	72268786	LTR/ERVL-MaLR	1651	+	233	72268553	26146
chr3	72242407	72442407	harbor1	chr3	72277292	72277736	LTR/ERVL-MaLR	1336	+	222	72277514	35107
chr3	72242407	72442407	harbor1	chr3	72280903	72281115	LTR/ERVL-MaLR	468	+	106	72281009	38602
chr3	72242407	72442407	harbor1	chr3	72282128	72282518	LTR/ERVL-MaLR	2387	+	195	72282323	39916
chr3	72242407	72442407	harbor1	chr3	72282903	72283350	LTR/ERVL-MaLR	1161	+	224	72283127	40720
chr3	72242407	72442407	harbor1	chr3	72294013	72294435	LTR/ERVL-MaLR	1746	+	211	72294224	51817
chr3	72242407	72442407	harbor1	chr3	72316813	72317341	LTR/ERVL-MaLR	1426	+	264	72317077	74670
chr3	72242407	72442407	harbor1	chr3	72334051	72334537	LTR/ERVL-MaLR	1983	+	243	72334294	91887
chr3	72242407	72442407	harbor1	chr3	72334723	72335003	LTR/ERVL-MaLR	1089	+	140	72334863	92456
chr3	36826635	37026635	harbor1	chr3	36840436	36840946	LTR/ERVL-MaLR	1695	+	255	36840691	14056
chr3	36826635	37026635	harbor1	chr3	36841573	36841891	LTR/ERVL-MaLR	442	+	159	36841732	15097
chr3	36826635	37026635	harbor1	chr3	36842769	36843173	LTR/ERVL-MaLR	2143	+	202	36842971	16336
chr3	36826635	37026635	harbor1	chr3	36862578	36862966	LTR/ERVL-MaLR	504	+	194	36862772	36137
chr3	36826635	37026635	harbor1	chr3	36864534	36865015	LTR/ERVL-MaLR	1747	+	240	36864774	38139
chr3	36826635	37026635	harbor1	chr3	36865325	36865389	LTR/ERVL-MaLR	1747	+	32	36865357	38722
chr3	36826635	37026635	harbor1	chr3	36875061	36875633	LTR/ERVL-MaLR	2677	+	286	36875347	48712
chr3	36826635	37026635	harbor1	chr3	36876340	36876641	LTR/ERVL-MaLR	691	+	150	36876490	49855
chr3	36826635	37026635	harbor1	chr3	36876729	36876843	LTR/ERVL-MaLR	434	+	57	36876786	50151
chr3	36826635	37026635	harbor1	chr3	36905315	36905618	LTR/ERVL-MaLR	1464	+	152	36905467	78832
chr3	36826635	37026635	harbor1	chr3	36906438	36906921	LTR/ERVL-MaLR	1915	+	242	36906680	80045
chr3	154409220	154609220	harbor1	chr3	154474466	154474789	LTR/ERVL-MaLR	1994	+	162	154474628	65408
chr3	154409220	154609220	harbor1	chr3	154493073	154493210	LTR/ERVL-MaLR	1450	+	68	154493141	83921
chr3	154409220	154609220	harbor1	chr3	154493211	154493585	LTR/ERVL-MaLR	2656	+	187	154493398	84178
chr3	154409220	154609220	harbor1	chr3	154493586	154493863	LTR/ERVL-MaLR	1450	+	138	154493724	84504
chr3	148727451	148927451	harbor1	chr3	148768670	148769022	LTR/ERVL-MaLR	1927	+	176	148768846	41395
chr3	148727451	148927451	harbor1	chr3	148770848	148771231	LTR/ERVL-MaLR	975	+	192	148771040	43589
chr3	148727451	148927451	harbor1	chr3	148775991	148776375	LTR/ERVL-MaLR	2129	+	192	148776183	48732
chr3	148727451	148927451	harbor1	chr3	148810750	148810827	LTR/ERVL-MaLR	529	+	38	148810788	83337
chr3	148727451	148927451	harbor1	chr3	148810830	148812401	LTR/ERVL-MaLR	11773	+	786	148811616	84165
chr3	148727451	148927451	harbor1	chr3	148812402	148812756	LTR/ERVL-MaLR	2712	+	177	148812579	85128
chr3	148727451	148927451	harbor1	chr3	148821564	148821737	LTR/ERVL-MaLR	450	+	86	148821650	94199
chr3	188616616	188816616	harbor1	chr3	188676721	188677273	LTR/ERVL-MaLR	1335	+	276	188676997	60381
chr3	188616616	188816616	harbor1	chr3	188687338	188687683	LTR/ERVL-MaLR	1835	+	172	188687510	70894
chr3	136705744	136905744	harbor1	chr3	136705441	136705829	LTR/ERVL-MaLR	2202	+	194	136705635	109
chr3	136705744	136905744	harbor1	chr3	136749071	136749465	LTR/ERVL-MaLR	1562	+	197	136749268	43524
chr3	136705744	136905744	harbor1	chr3	136749766	136749918	LTR/ERVL-MaLR	1562	+	76	136749842	44098
chr3	136705744	136905744	harbor1	chr3	136762131	136762487	LTR/ERVL-MaLR	2323	+	178	136762309	56565
chr3	136705744	136905744	harbor1	chr3	136762488	136764089	LTR/ERVL-MaLR	10341	+	800	136763288	57544
chr3	136705744	136905744	harbor1	chr3	136764090	136764257	LTR/ERVL-MaLR	2551	+	84	136764174	58430
chr3	136705744	136905744	harbor1	chr3	136764570	136764776	LTR/ERVL-MaLR	2551	+	103	136764673	58929
chr3	136705744	136905744	harbor1	chr3	136767990	136768170	LTR/ERVL-MaLR	647	+	90	136768080	62336
chr3	136705744	136905744	harbor1	chr3	136768293	136768479	LTR/ERVL-MaLR	860	+	93	136768386	62642
chr3	136705744	136905744	harbor1	chr3	136770609	136770762	LTR/ERVL-MaLR	1850	+	76	136770685	64941
chr3	136705744	136905744	harbor1	chr3	136771075	136771288	LTR/ERVL-MaLR	1850	+	106	136771181	65437
chr3	136705744	136905744	harbor1	chr3	136771819	136772138	LTR/ERVL-MaLR	1599	+	160	136771979	66235
chr3	136705744	136905744	harbor1	chr3	136799949	136800354	LTR/ERVL-MaLR	2590	+	202	136800151	94407
chr3	113017192	113217192	harbor1	chr3	113023546	113023927	LTR/ERVL-MaLR	2425	+	190	113023736	6544
chr3	113017192	113217192	harbor1	chr3	113044076	113044204	LTR/ERVL-MaLR	501	+	64	113044140	26948
chr3	113017192	113217192	harbor1	chr3	113044987	113045382	LTR/ERVL-MaLR	1923	+	198	113045185	27993
chr3	130389895	130589895	harbor1	chr3	130479033	130479394	LTR/ERVL-MaLR	1845	+	180	130479213	89318
chr3	44953778	45153778	harbor1	chr3	45023849	45024219	LTR/ERVL-MaLR	2474	+	185	45024034	70256
chr3	44953778	45153778	harbor1	chr3	45050337	45050761	LTR/ERVL-MaLR	2554	+	212	45050549	96771
chr3	184080515	184280515	harbor1	chr3	184096325	184096650	LTR/ERVL-MaLR	2156	+	162	184096487	15972
chr3	184080515	184280515	harbor1	chr3	184096948	184097127	LTR/ERVL-MaLR	2156	+	90	184097038	16523
chr3	98266368	98466368	harbor1	chr3	98339920	98340277	LTR/ERVL-MaLR	2094	+	178	98340098	73730
chr3	138974591	139174591	harbor1	chr3	138992797	138993152	LTR/ERVL-MaLR	1525	+	178	138992975	18384
chr3	134198894	134398894	harbor1	chr3	134244772	134245117	LTR/ERVL-MaLR	2097	+	172	134244944	46050
chr3	134198894	134398894	harbor1	chr3	134274318	134274684	LTR/ERVL-MaLR	2078	+	183	134274501	75607
chr3	134198894	134398894	harbor1	chr3	134278715	134279095	LTR/ERVL-MaLR	2376	+	190	134278905	80011
chr3	134198894	134398894	harbor1	chr3	134279919	134280239	LTR/ERVL-MaLR	456	+	160	134280079	81185
chr3	134198894	134398894	harbor1	chr3	134281814	134282337	LTR/ERVL-MaLR	2183	+	262	134282076	83182
chr3	134198894	134398894	harbor1	chr3	134291376	134291720	LTR/ERVL-MaLR	767	+	172	134291548	92654
chr3	19736976	19936976	harbor1	chr3	19738916	19739517	LTR/ERVL-MaLR	1580	+	300	19739216	2240
chr3	19736976	19936976	harbor1	chr3	19757897	19758309	LTR/ERVL-MaLR	1418	+	206	19758103	21127
chr3	19736976	19936976	harbor1	chr3	19761209	19761713	LTR/ERVL-MaLR	1193	+	252	19761461	24485
chr3	19736976	19936976	harbor1	chr3	19772437	19772842	LTR/ERVL-MaLR	2388	+	202	19772639	35663
chr3	19736976	19936976	harbor1	chr3	19785177	19785530	LTR/ERVL-MaLR	2665	+	176	19785353	48377
chr3	19736976	19936976	harbor1	chr3	19785531	19785968	LTR/ERVL-MaLR	11213	+	218	19785749	48773
chr3	19736976	19936976	harbor1	chr3	19786312	19787452	LTR/ERVL-MaLR	11213	+	570	19786882	49906
chr3	19736976	19936976	harbor1	chr3	19787453	19787805	LTR/ERVL-MaLR	2659	+	176	19787629	50653
chr3	19736976	19936976	harbor1	chr3	19793234	19793622	LTR/ERVL-MaLR	451	+	194	19793428	56452
chr3	19736976	19936976	harbor1	chr3	19800622	19800993	LTR/ERVL-MaLR	1628	+	186	19800808	63832
chr3	19736976	19936976	harbor1	chr3	19801660	19801778	LTR/ERVL-MaLR	591	+	59	19801719	64743
chr3	19736976	19936976	harbor1	chr3	19813779	19813927	LTR/ERVL-MaLR	712	+	74	19813853	76877
chr3	19736976	19936976	harbor1	chr3	19814644	19814844	LTR/ERVL-MaLR	684	+	100	19814744	77768
chr3	19736976	19936976	harbor1	chr3	19819924	19820063	LTR/ERVL-MaLR	1129	+	70	19819994	83018
chr3	19736976	19936976	harbor1	chr3	19820100	19820305	LTR/ERVL-MaLR	1129	+	102	19820202	83226
chr3	19736976	19936976	harbor1	chr3	19808159	19808636	LTR/ERVL-MaLR	1792	+	238	19808397	71421
chr3	142775137	142975137	harbor1	chr3	142831097	142831523	LTR/ERVL-MaLR	2828	+	213	142831310	56173
chr3	142775137	142975137	harbor1	chr3	142836908	142837338	LTR/ERVL-MaLR	2051	+	215	142837123	61986
chr3	142775137	142975137	harbor1	chr3	142838266	142838635	LTR/ERVL-MaLR	1931	+	184	142838450	63313
chr3	142775137	142975137	harbor1	chr3	142855556	142855940	LTR/ERVL-MaLR	1036	+	192	142855748	80611
chr3	142775137	142975137	harbor1	chr3	142873916	142874076	LTR/ERVL-MaLR	1944	+	80	142873996	98859
chr3	142775137	142975137	harbor1	chr3	142874374	142874580	LTR/ERVL-MaLR	1944	+	103	142874477	99340
chr3	128494353	128694353	harbor1	chr3	128504458	128504926	LTR/ERVL-MaLR	716	+	234	128504692	10339
chr3	128494353	128694353	harbor1	chr3	128504940	128505421	LTR/ERVL-MaLR	723	+	240	128505180	10827
chr3	128494353	128694353	harbor1	chr3	128509271	128509844	LTR/ERVL-MaLR	1667	+	286	128509557	15204
chr3	128494353	128694353	harbor1	chr3	128516694	128517162	LTR/ERVL-MaLR	2005	+	234	128516928	22575
chr3	128494353	128694353	harbor1	chr3	128517328	128517438	LTR/ERVL-MaLR	406	+	55	128517383	23030
chr3	128494353	128694353	harbor1	chr3	128519555	128519697	LTR/ERVL-MaLR	914	+	71	128519626	25273
chr3	128494353	128694353	harbor1	chr3	128520548	128520995	LTR/ERVL-MaLR	1205	+	224	128520772	26419
chr3	128494353	128694353	harbor1	chr3	128521009	128521391	LTR/ERVL-MaLR	983	+	191	128521200	26847
chr3	128494353	128694353	harbor1	chr3	128521885	128522233	LTR/ERVL-MaLR	918	+	174	128522059	27706
chr3	128494353	128694353	harbor1	chr3	128534872	128535033	LTR/ERVL-MaLR	672	+	80	128534952	40599
chr3	128494353	128694353	harbor1	chr3	128535259	128535531	LTR/ERVL-MaLR	970	+	136	128535395	41042
chr3	128494353	128694353	harbor1	chr3	128536428	128536769	LTR/ERVL-MaLR	623	+	170	128536598	42245
chr3	128494353	128694353	harbor1	chr3	128541467	128541874	LTR/ERVL-MaLR	2365	+	204	128541671	47318
chr3	128494353	128694353	harbor1	chr3	128548336	128548726	LTR/ERVL-MaLR	749	+	195	128548531	54178
chr3	128494353	128694353	harbor1	chr3	128550194	128550541	LTR/ERVL-MaLR	502	+	174	128550368	56015
chr3	128494353	128694353	harbor1	chr3	128580477	128580614	LTR/ERVL-MaLR	608	+	68	128580545	86192
chr3	128494353	128694353	harbor1	chr3	128580918	128581010	LTR/ERVL-MaLR	608	+	46	128580964	86611
chr3	128494353	128694353	harbor1	chr3	128585191	128585641	LTR/ERVL-MaLR	1400	+	225	128585416	91063
chr3	31383156	31583156	harbor1	chr3	31387166	31387513	LTR/ERVL-MaLR	2001	+	174	31387340	4184
chr3	31383156	31583156	harbor1	chr3	31422389	31422705	LTR/ERVL-MaLR	553	+	158	31422547	39391
chr3	31383156	31583156	harbor1	chr3	31425104	31425540	LTR/ERVL-MaLR	1143	+	218	31425322	42166
chr3	31383156	31583156	harbor1	chr3	31460597	31460635	LTR/ERVL-MaLR	2122	+	19	31460616	77460
chr3	31383156	31583156	harbor1	chr3	31460979	31461442	LTR/ERVL-MaLR	2122	+	232	31461211	78055
chr3	31383156	31583156	harbor1	chr3	31463745	31464118	LTR/ERVL-MaLR	1900	+	186	31463931	80775
chr3	31383156	31583156	harbor1	chr3	31470912	31471485	LTR/ERVL-MaLR	2279	+	286	31471198	88042
chr3	31383156	31583156	harbor1	chr3	31472836	31473197	LTR/ERVL-MaLR	2295	+	180	31473016	89860
chr3	31383156	31583156	harbor1	chr3	31476540	31476747	LTR/ERVL-MaLR	566	+	104	31476644	93488
chr3	31383156	31583156	harbor1	chr3	31479843	31480264	LTR/ERVL-MaLR	746	+	210	31480053	96897
chr3	4541244	4741244	harbor1	chr3	4564513	4564806	LTR/ERVL-MaLR	1335	+	146	4564659	23415
chr3	106078245	106278245	harbor1	chr3	106109479	106109668	LTR/ERVL-MaLR	630	+	94	106109573	31328
chr3	106078245	106278245	harbor1	chr3	106124029	106124382	LTR/ERVL-MaLR	1547	+	176	106124205	45960
chr3	106078245	106278245	harbor1	chr3	106143253	106143713	LTR/ERVL-MaLR	2282	+	230	106143483	65238
chr3	106078245	106278245	harbor1	chr3	106151948	106152296	LTR/ERVL-MaLR	818	+	174	106152122	73877
chr3	160200097	160400097	harbor1	chr3	160201846	160202112	LTR/ERVL-MaLR	524	+	133	160201979	1882
chr3	160200097	160400097	harbor1	chr3	160204281	160204380	LTR/ERVL-MaLR	2004	+	50	160204331	4234
chr3	160200097	160400097	harbor1	chr3	160204744	160205003	LTR/ERVL-MaLR	2004	+	130	160204874	4777
chr3	160200097	160400097	harbor1	chr3	160205293	160205332	LTR/ERVL-MaLR	2004	+	20	160205313	5216
chr3	160200097	160400097	harbor1	chr3	160209557	160209959	LTR/ERVL-MaLR	1056	+	201	160209758	9661
chr3	160200097	160400097	harbor1	chr3	160210792	160211246	LTR/ERVL-MaLR	722	+	227	160211019	10922
chr3	26266349	26466349	harbor1	chr3	26274283	26274699	LTR/ERVL-MaLR	2516	+	208	26274491	8142
chr3	26266349	26466349	harbor1	chr3	26274702	26275081	LTR/ERVL-MaLR	2351	+	190	26274892	8543
chr3	26266349	26466349	harbor1	chr3	26290458	26290737	LTR/ERVL-MaLR	1968	+	140	26290598	24249
chr3	26266349	26466349	harbor1	chr3	26297699	26297991	LTR/ERVL-MaLR	1132	+	146	26297845	31496
chr3	26266349	26466349	harbor1	chr3	26333796	26334157	LTR/ERVL-MaLR	2514	+	180	26333976	67627
chr3	26266349	26466349	harbor1	chr3	26337849	26338244	LTR/ERVL-MaLR	1969	+	198	26338047	71698
chr3	96849942	97049942	harbor1	chr3	96874537	96875082	LTR/ERVL-MaLR	538	+	272	96874809	24867
chr3	120835789	121035789	harbor1	chr3	120853397	120853574	LTR/ERVL-MaLR	1564	+	88	120853485	17696
chr3	120835789	121035789	harbor1	chr3	120853601	120853789	LTR/ERVL-MaLR	1564	+	94	120853695	17906
chr3	120835789	121035789	harbor1	chr3	120865692	120866205	LTR/ERVL-MaLR	2005	+	256	120865948	30159
chr3	120835789	121035789	harbor1	chr3	120870130	120870475	LTR/ERVL-MaLR	717	+	172	120870302	34513
chr3	120835789	121035789	harbor1	chr3	120871655	120872082	LTR/ERVL-MaLR	538	+	214	120871869	36080
chr3	120835789	121035789	harbor1	chr3	120883421	120883753	LTR/ERVL-MaLR	726	+	166	120883587	47798
chr3	120835789	121035789	harbor1	chr3	120904441	120904845	LTR/ERVL-MaLR	1886	+	202	120904643	68854
chr3	120835789	121035789	harbor1	chr3	120930179	120930256	LTR/ERVL-MaLR	465	+	38	120930217	94428
chr3	100142998	100342998	harbor1	chr3	100213605	100214046	LTR/ERVL-MaLR	1784	+	220	100213825	70827
chr3	100142998	100342998	harbor1	chr3	100217800	100218227	LTR/ERVL-MaLR	842	+	214	100218014	75016
chr3	67926982	68126982	harbor1	chr3	67934532	67934973	LTR/ERVL-MaLR	1547	+	220	67934752	7770
chr3	67926982	68126982	harbor1	chr3	67937855	67938050	LTR/ERVL-MaLR	442	+	98	67937953	10971
chr3	67926982	68126982	harbor1	chr3	67991958	67992254	LTR/ERVL-MaLR	793	+	148	67992106	65124
chr3	67926982	68126982	harbor1	chr3	67998345	67998931	LTR/ERVL-MaLR	559	+	293	67998638	71656
chr3	110938623	111138623	harbor1	chr3	110947730	110948095	LTR/ERVL-MaLR	2189	+	182	110947912	9289
chr3	110938623	111138623	harbor1	chr3	110948096	110948146	LTR/ERVL-MaLR	9552	+	25	110948121	9498
chr3	110938623	111138623	harbor1	chr3	110950392	110951944	LTR/ERVL-MaLR	9552	+	776	110951168	12545
chr3	110938623	111138623	harbor1	chr3	110951951	110952373	LTR/ERVL-MaLR	2666	+	211	110952162	13539
chr3	110938623	111138623	harbor1	chr3	111008424	111008829	LTR/ERVL-MaLR	2140	+	202	111008626	70003
chr3	81156579	81356579	harbor1	chr3	81179131	81179492	LTR/ERVL-MaLR	1769	+	180	81179311	22732
chr3	81156579	81356579	harbor1	chr3	81184752	81185310	LTR/ERVL-MaLR	1803	+	279	81185031	28452
chr3	81156579	81356579	harbor1	chr3	81185554	81185970	LTR/ERVL-MaLR	2037	+	208	81185762	29183
chr3	81156579	81356579	harbor1	chr3	81186011	81186593	LTR/ERVL-MaLR	2940	+	291	81186302	29723
chr3	81156579	81356579	harbor1	chr3	81186580	81187353	LTR/ERVL-MaLR	4373	+	386	81186966	30387
chr3	81156579	81356579	harbor1	chr3	81187355	81187755	LTR/ERVL-MaLR	2107	+	200	81187555	30976
chr3	81156579	81356579	harbor1	chr3	81190905	81191037	LTR/ERVL-MaLR	788	+	66	81190971	34392
chr3	81156579	81356579	harbor1	chr3	81191349	81191691	LTR/ERVL-MaLR	788	+	171	81191520	34941
chr3	81156579	81356579	harbor1	chr3	81233774	81234138	LTR/ERVL-MaLR	2170	+	182	81233956	77377
chr3	81156579	81356579	harbor1	chr3	81248947	81249327	LTR/ERVL-MaLR	1855	+	190	81249137	92558
chr3	174414129	174614129	harbor1	chr3	174426450	174426554	LTR/ERVL-MaLR	1262	+	52	174426502	12373
chr3	174414129	174614129	harbor1	chr3	174426858	174427170	LTR/ERVL-MaLR	1262	+	156	174427014	12885
chr3	174414129	174614129	harbor1	chr3	174493137	174493594	LTR/ERVL-MaLR	1307	+	228	174493365	79236
chr3	33052218	33252218	harbor1	chr3	33053643	33053799	LTR/ERVL-MaLR	868	+	78	33053721	1503
chr3	33052218	33252218	harbor1	chr3	33054058	33054275	LTR/ERVL-MaLR	1140	+	108	33054166	1948
chr3	33052218	33252218	harbor1	chr3	33056969	33057390	LTR/ERVL-MaLR	2398	+	210	33057179	4961
chr3	33052218	33252218	harbor1	chr3	33066173	33066602	LTR/ERVL-MaLR	3011	+	214	33066387	14169
chr3	33052218	33252218	harbor1	chr3	33123249	33123625	LTR/ERVL-MaLR	2596	+	188	33123437	71219
chr3	61396810	61596810	harbor1	chr3	61405895	61406258	LTR/ERVL-MaLR	2490	+	182	61406077	9267
chr3	61396810	61596810	harbor1	chr3	61407977	61408282	LTR/ERVL-MaLR	1365	+	152	61408129	11319
chr3	61396810	61596810	harbor1	chr3	61419207	61419711	LTR/ERVL-MaLR	946	+	252	61419459	22649
chr3	61396810	61596810	harbor1	chr3	61424840	61425317	LTR/ERVL-MaLR	918	+	238	61425078	28268
chr3	61396810	61596810	harbor1	chr3	61437652	61438198	LTR/ERVL-MaLR	612	+	273	61437925	41115
chr3	61396810	61596810	harbor1	chr3	61442150	61442493	LTR/ERVL-MaLR	520	+	172	61442322	45512
chr3	61396810	61596810	harbor1	chr3	61442494	61442866	LTR/ERVL-MaLR	2698	+	186	61442680	45870
chr3	61396810	61596810	harbor1	chr3	61442867	61442889	LTR/ERVL-MaLR	520	+	11	61442878	46068
chr3	61396810	61596810	harbor1	chr3	61443222	61443320	LTR/ERVL-MaLR	520	+	49	61443271	46461
chr3	61396810	61596810	harbor1	chr3	61460075	61460612	LTR/ERVL-MaLR	1615	+	268	61460343	63533
chr3	61396810	61596810	harbor1	chr3	61466439	61466802	LTR/ERVL-MaLR	828	+	182	61466621	69811
chr3	61396810	61596810	harbor1	chr3	61479461	61479604	LTR/ERVL-MaLR	446	+	72	61479533	82723
chr3	61396810	61596810	harbor1	chr3	61490117	61490569	LTR/ERVL-MaLR	2309	+	226	61490343	93533
chr3	107906777	108106777	harbor1	chr3	107910515	107910945	LTR/ERVL-MaLR	1434	+	215	107910730	3953
chr3	107906777	108106777	harbor1	chr3	107959874	107960297	LTR/ERVL-MaLR	445	+	212	107960086	53309
chr3	107906777	108106777	harbor1	chr3	107960440	107960721	LTR/ERVL-MaLR	905	+	140	107960580	53803
chr3	127647504	127847504	harbor1	chr3	127697505	127697678	LTR/ERVL-MaLR	637	+	86	127697591	50087
chr3	127647504	127847504	harbor1	chr3	127709919	127710336	LTR/ERVL-MaLR	976	+	208	127710127	62623
chr3	127647504	127847504	harbor1	chr3	127723806	127724181	LTR/ERVL-MaLR	2123	+	188	127723994	76490
chr3	55748133	55948133	harbor1	chr3	55761604	55761739	LTR/ERVL-MaLR	622	+	68	55761672	13539
chr3	55748133	55948133	harbor1	chr3	55761969	55762158	LTR/ERVL-MaLR	1268	+	94	55762063	13930
chr3	55748133	55948133	harbor1	chr3	55767866	55768246	LTR/ERVL-MaLR	2511	+	190	55768056	19923
chr3	55748133	55948133	harbor1	chr3	55769942	55770239	LTR/ERVL-MaLR	742	+	148	55770090	21957
chr3	55748133	55948133	harbor1	chr3	55815232	55815724	LTR/ERVL-MaLR	1140	+	246	55815478	67345
chr3	55748133	55948133	harbor1	chr3	55823668	55823836	LTR/ERVL-MaLR	671	+	84	55823752	75619
chr3	55748133	55948133	harbor1	chr3	55824247	55824527	LTR/ERVL-MaLR	671	+	140	55824387	76254
chr3	55748133	55948133	harbor1	chr3	55841178	55841543	LTR/ERVL-MaLR	2696	+	182	55841360	93227
chr3	55748133	55948133	harbor1	chr3	55843055	55843337	LTR/ERVL-MaLR	709	+	141	55843196	95063
chr3	53951915	54151915	harbor1	chr3	53961080	53961573	LTR/ERVL-MaLR	2212	+	246	53961326	9411
chr3	53951915	54151915	harbor1	chr3	53970988	53971495	LTR/ERVL-MaLR	1641	+	254	53971242	19327
chr3	53951915	54151915	harbor1	chr3	53971684	53971713	LTR/ERVL-MaLR	540	+	14	53971698	19783
chr3	53951915	54151915	harbor1	chr3	53971714	53972076	LTR/ERVL-MaLR	2672	+	181	53971895	19980
chr3	53951915	54151915	harbor1	chr3	53972077	53972208	LTR/ERVL-MaLR	540	+	66	53972143	20228
chr3	53951915	54151915	harbor1	chr3	53978525	53978889	LTR/ERVL-MaLR	2051	+	182	53978707	26792
chr3	53951915	54151915	harbor1	chr3	53985490	53985886	LTR/ERVL-MaLR	2192	+	198	53985688	33773
chr3	53951915	54151915	harbor1	chr3	53995745	53996102	LTR/ERVL-MaLR	1951	+	178	53995923	44008
chr3	53951915	54151915	harbor1	chr3	54011887	54012199	LTR/ERVL-MaLR	1955	+	156	54012043	60128
chr3	53951915	54151915	harbor1	chr3	54018916	54019206	LTR/ERVL-MaLR	1496	+	145	54019061	67146
chr3	53951915	54151915	harbor1	chr3	54039953	54040176	LTR/ERVL-MaLR	498	+	112	54040065	88150
chr3	53951915	54151915	harbor1	chr3	54046881	54047306	LTR/ERVL-MaLR	530	+	212	54047093	95178
chr3	53951915	54151915	harbor1	chr3	54048960	54049348	LTR/ERVL-MaLR	1074	+	194	54049154	97239
chr3	143391911	143591911	harbor1	chr3	143417292	143417454	LTR/ERVL-MaLR	630	+	81	143417373	25462
chr3	143391911	143591911	harbor1	chr3	143417629	143417812	LTR/ERVL-MaLR	833	+	92	143417721	25810
chr3	143391911	143591911	harbor1	chr3	143445393	143445583	LTR/ERVL-MaLR	528	+	95	143445488	53577
chr3	143391911	143591911	harbor1	chr3	143453802	143454182	LTR/ERVL-MaLR	1880	+	190	143453992	62081
chr3	143391911	143591911	harbor1	chr3	143477043	143477270	LTR/ERVL-MaLR	497	+	114	143477157	85246
chr3	179313521	179513521	harbor1	chr3	179341307	179341660	LTR/ERVL-MaLR	1717	+	176	179341483	27962
chr3	179313521	179513521	harbor1	chr3	179409879	179410228	LTR/ERVL-MaLR	1963	+	174	179410053	96532
chr3	10927688	11127688	harbor1	chr3	10981924	10982353	LTR/ERVL-MaLR	1128	+	214	10982138	54450
chr3	188111066	188311066	harbor1	chr3	188111997	188112392	LTR/ERVL-MaLR	514	+	198	188112195	1129
chr3	188111066	188311066	harbor1	chr3	188139440	188139684	LTR/ERVL-MaLR	438	+	122	188139562	28496
chr3	10387589	10587589	harbor1	chr3	10410996	10411438	LTR/ERVL-MaLR	1266	+	221	10411217	23628
chr3	10387589	10587589	harbor1	chr3	10437687	10438017	LTR/ERVL-MaLR	1150	+	165	10437852	50263
chr3	10387589	10587589	harbor1	chr3	10443362	10443768	LTR/ERVL-MaLR	1376	+	203	10443565	55976
chr3	10387589	10587589	harbor1	chr3	10478797	10479155	LTR/ERVL-MaLR	1961	+	179	10478976	91387
chr3	10387589	10587589	harbor1	chr3	10481023	10481283	LTR/ERVL-MaLR	802	+	130	10481153	93564
chr3	130454684	130654684	harbor1	chr3	130479033	130479394	LTR/ERVL-MaLR	1845	+	180	130479213	24529
chr3	130454684	130654684	harbor1	chr3	130493108	130493462	LTR/ERVL-MaLR	1463	+	177	130493285	38601
chr3	130454684	130654684	harbor1	chr3	130494097	130494546	LTR/ERVL-MaLR	2256	+	224	130494321	39637
chr3	130454684	130654684	harbor1	chr3	130504098	130504587	LTR/ERVL-MaLR	1478	+	244	130504342	49658
chr3	130454684	130654684	harbor1	chr3	130508166	130508396	LTR/ERVL-MaLR	1051	+	115	130508281	53597
chr3	3401031	3601031	harbor1	chr3	3436440	3436864	LTR/ERVL-MaLR	544	+	212	3436652	35621
chr3	3401031	3601031	harbor1	chr3	3449688	3450055	LTR/ERVL-MaLR	934	+	184	3449872	48841
chr3	3401031	3601031	harbor1	chr3	3472308	3472561	LTR/ERVL-MaLR	454	+	126	3472434	71403
chr3	101301235	101501235	harbor1	chr3	101327227	101327601	LTR/ERVL-MaLR	2642	+	187	101327414	26179
chr3	101301235	101501235	harbor1	chr3	101349804	101350076	LTR/ERVL-MaLR	482	+	136	101349940	48705
chr3	101301235	101501235	harbor1	chr3	101383053	101383288	LTR/ERVL-MaLR	1917	+	118	101383171	81936
chr3	101301235	101501235	harbor1	chr3	101384827	101384983	LTR/ERVL-MaLR	1917	+	78	101384905	83670
chr3	16257206	16457206	harbor1	chr3	16328971	16329329	LTR/ERVL-MaLR	1482	+	179	16329150	71944
chr3	16257206	16457206	harbor1	chr3	16336890	16337371	LTR/ERVL-MaLR	1183	+	240	16337130	79924
chr3	16257206	16457206	harbor1	chr3	16340166	16340590	LTR/ERVL-MaLR	973	+	212	16340378	83172
chr3	16257206	16457206	harbor1	chr3	16344982	16345264	LTR/ERVL-MaLR	1156	+	141	16345123	87917
chr3	16257206	16457206	harbor1	chr3	16345302	16345313	LTR/ERVL-MaLR	1156	+	6	16345308	88102
chr3	16257206	16457206	harbor1	chr3	16346633	16347039	LTR/ERVL-MaLR	1020	+	203	16346836	89630
chr3	16257206	16457206	harbor1	chr3	16353566	16353961	LTR/ERVL-MaLR	1692	+	198	16353764	96558
chr3	16257206	16457206	harbor1	chr3	16334701	16335178	LTR/ERVL-MaLR	2534	+	238	16334939	77733
chr3	52227454	52427454	harbor1	chr3	52227862	52228356	LTR/ERVL-MaLR	1571	+	247	52228109	655
chr3	52227454	52427454	harbor1	chr3	52240233	52240359	LTR/ERVL-MaLR	422	+	63	52240296	12842
chr3	179336704	179536704	harbor1	chr3	179341307	179341660	LTR/ERVL-MaLR	1717	+	176	179341483	4779
chr3	179336704	179536704	harbor1	chr3	179409879	179410228	LTR/ERVL-MaLR	1963	+	174	179410053	73349
chr3	177531171	177731171	harbor1	chr3	177557482	177557836	LTR/ERVL-MaLR	1663	+	177	177557659	26488
chr3	177531171	177731171	harbor1	chr3	177580556	177580949	LTR/ERVL-MaLR	837	+	196	177580752	49581
chr3	177531171	177731171	harbor1	chr3	177605352	177605702	LTR/ERVL-MaLR	2357	+	175	177605527	74356
chr3	177531171	177731171	harbor1	chr3	177616462	177616712	LTR/ERVL-MaLR	1498	+	125	177616587	85416
chr3	177531171	177731171	harbor1	chr3	177617025	177617094	LTR/ERVL-MaLR	1498	+	34	177617059	85888
chr3	177531171	177731171	harbor1	chr3	177624695	177625075	LTR/ERVL-MaLR	838	+	190	177624885	93714
chr3	44866996	45066996	harbor1	chr3	44868548	44868732	LTR/ERVL-MaLR	883	+	92	44868640	1644
chr3	44866996	45066996	harbor1	chr3	44883225	44883554	LTR/ERVL-MaLR	1564	+	164	44883389	16393
chr3	40779167	40979167	harbor1	chr3	40786893	40788135	LTR/ERVL-MaLR	6201	+	621	40787514	8347
chr3	40779167	40979167	harbor1	chr3	40788146	40788538	LTR/ERVL-MaLR	2175	+	196	40788342	9175
chr3	40779167	40979167	harbor1	chr3	40789480	40789939	LTR/ERVL-MaLR	2159	+	230	40789710	10543
chr3	40779167	40979167	harbor1	chr3	40799472	40799847	LTR/ERVL-MaLR	1659	+	188	40799660	20493
chr3	40779167	40979167	harbor1	chr3	40819024	40819446	LTR/ERVL-MaLR	2533	+	211	40819235	40068
chr3	40779167	40979167	harbor1	chr3	40845392	40845659	LTR/ERVL-MaLR	695	+	134	40845526	66359
chr3	40779167	40979167	harbor1	chr3	40845972	40845994	LTR/ERVL-MaLR	695	+	11	40845983	66816
chr3	40779167	40979167	harbor1	chr3	40846035	40846215	LTR/ERVL-MaLR	695	+	90	40846125	66958
chr3	40779167	40979167	harbor1	chr3	40864472	40864574	LTR/ERVL-MaLR	601	+	51	40864523	85356
chr3	40779167	40979167	harbor1	chr3	40864649	40864989	LTR/ERVL-MaLR	1929	+	170	40864819	85652
chr3	40779167	40979167	harbor1	chr3	40866725	40867021	LTR/ERVL-MaLR	2586	+	148	40866873	87706
chr3	40779167	40979167	harbor1	chr3	40867315	40867386	LTR/ERVL-MaLR	2586	+	36	40867351	88184
chr3	40779167	40979167	harbor1	chr3	40874363	40874716	LTR/ERVL-MaLR	492	+	176	40874539	95372
chr3	67883853	68083853	harbor1	chr3	67891363	67891794	LTR/ERVL-MaLR	2250	+	216	67891579	7726
chr3	67883853	68083853	harbor1	chr3	67892440	67892883	LTR/ERVL-MaLR	1627	+	222	67892662	8809
chr3	67883853	68083853	harbor1	chr3	67908911	67909276	LTR/ERVL-MaLR	783	+	182	67909093	25240
chr3	67883853	68083853	harbor1	chr3	67913223	67913374	LTR/ERVL-MaLR	478	+	76	67913299	29446
chr3	67883853	68083853	harbor1	chr3	67934532	67934973	LTR/ERVL-MaLR	1547	+	220	67934752	50899
chr3	67883853	68083853	harbor1	chr3	67937855	67938050	LTR/ERVL-MaLR	442	+	98	67937953	54100
chr3	106016667	106216667	harbor1	chr3	106018051	106018388	LTR/ERVL-MaLR	1727	+	168	106018219	1552
chr3	106016667	106216667	harbor1	chr3	106028924	106029318	LTR/ERVL-MaLR	1936	+	197	106029121	12454
chr3	106016667	106216667	harbor1	chr3	106036608	106036977	LTR/ERVL-MaLR	595	+	184	106036792	20125
chr3	106016667	106216667	harbor1	chr3	106042467	106042819	LTR/ERVL-MaLR	1826	+	176	106042643	25976
chr3	106016667	106216667	harbor1	chr3	106067742	106068141	LTR/ERVL-MaLR	2178	+	200	106067942	51275
chr3	106016667	106216667	harbor1	chr3	106109479	106109668	LTR/ERVL-MaLR	630	+	94	106109573	92906
chr3	33072738	33272738	harbor1	chr3	33123249	33123625	LTR/ERVL-MaLR	2596	+	188	33123437	50699
chr3	33072738	33272738	harbor1	chr3	33157531	33157967	LTR/ERVL-MaLR	1469	+	218	33157749	85011
chr3	89849106	90049106	harbor1	chr3	89858662	89858962	LTR/ERVL-MaLR	466	+	150	89858812	9706
chr3	89849106	90049106	harbor1	chr3	89849546	89849959	LTR/ERVL-MaLR	2365	+	206	89849752	646
chr3	184050779	184250779	harbor1	chr3	184096325	184096650	LTR/ERVL-MaLR	2156	+	162	184096487	45708
chr3	184050779	184250779	harbor1	chr3	184096948	184097127	LTR/ERVL-MaLR	2156	+	90	184097038	46259
chr3	114431362	114631362	harbor1	chr3	114460273	114460752	LTR/ERVL-MaLR	2406	+	240	114460513	29151
chr3	114431362	114631362	harbor1	chr3	114485580	114485950	LTR/ERVL-MaLR	1739	+	185	114485765	54403
chr3	114431362	114631362	harbor1	chr3	114516531	114516978	LTR/ERVL-MaLR	2521	+	224	114516755	85393
chr3	114431362	114631362	harbor1	chr3	114529078	114529436	LTR/ERVL-MaLR	1036	+	179	114529257	97895
chr3	96786345	96986345	harbor1	chr3	96804245	96804354	LTR/ERVL-MaLR	485	+	54	96804299	17954
chr3	96786345	96986345	harbor1	chr3	96804357	96804597	LTR/ERVL-MaLR	477	+	120	96804477	18132
chr3	96786345	96986345	harbor1	chr3	96833046	96833506	LTR/ERVL-MaLR	2562	+	230	96833276	46931
chr3	96786345	96986345	harbor1	chr3	96840929	96840951	LTR/ERVL-MaLR	602	+	11	96840940	54595
chr3	96786345	96986345	harbor1	chr3	96841407	96841752	LTR/ERVL-MaLR	602	+	172	96841579	55234
chr3	96786345	96986345	harbor1	chr3	96874537	96875082	LTR/ERVL-MaLR	538	+	272	96874809	88464
chr3	56997560	57197560	harbor1	chr3	57003538	57004018	LTR/ERVL-MaLR	2557	+	240	57003778	6218
chr3	56997560	57197560	harbor1	chr3	57020364	57020493	LTR/ERVL-MaLR	532	+	64	57020428	22868
chr3	56997560	57197560	harbor1	chr3	57020515	57020851	LTR/ERVL-MaLR	752	+	168	57020683	23123
chr3	56997560	57197560	harbor1	chr3	57035653	57035750	LTR/ERVL-MaLR	413	+	48	57035701	38141
chr3	163025215	163225215	harbor1	chr3	163033665	163034015	LTR/ERVL-MaLR	2317	+	175	163033840	8625
chr3	163025215	163225215	harbor1	chr3	163071613	163072111	LTR/ERVL-MaLR	1510	+	249	163071862	46647
chr3	163025215	163225215	harbor1	chr3	163090920	163091171	LTR/ERVL-MaLR	784	+	126	163091046	65831
chr3	106660709	106860709	harbor1	chr3	106715467	106715745	LTR/ERVL-MaLR	1893	+	139	106715606	54897
chr3	106660709	106860709	harbor1	chr3	106716060	106716131	LTR/ERVL-MaLR	1893	+	36	106716096	55387
chr3	106660709	106860709	harbor1	chr3	106724067	106724439	LTR/ERVL-MaLR	2376	+	186	106724253	63544
chr3	75159465	75359465	harbor1	chr3	75185431	75185856	LTR/ERVL-MaLR	638	+	212	75185643	26178
chr3	75159465	75359465	harbor1	chr3	75206382	75206729	LTR/ERVL-MaLR	1662	+	174	75206556	47091
chr3	75159465	75359465	harbor1	chr3	75212137	75212498	LTR/ERVL-MaLR	1829	+	180	75212317	52852
chr3	75159465	75359465	harbor1	chr3	75213780	75214126	LTR/ERVL-MaLR	509	+	173	75213953	54488
chr3	75159465	75359465	harbor1	chr3	75234887	75235253	LTR/ERVL-MaLR	1837	+	183	75235070	75605
chr3	75159465	75359465	harbor1	chr3	75236677	75237061	LTR/ERVL-MaLR	2229	+	192	75236869	77404
chr3	75159465	75359465	harbor1	chr3	75242103	75242267	LTR/ERVL-MaLR	647	+	82	75242185	82720
chr3	75159465	75359465	harbor1	chr3	75251162	75251510	LTR/ERVL-MaLR	1584	+	174	75251336	91871
chr3	75159465	75359465	harbor1	chr3	75235258	75236676	LTR/ERVL-MaLR	8279	+	709	75235967	76502
chr3	122878729	123078729	harbor1	chr3	122953812	122954047	LTR/ERVL-MaLR	412	+	118	122953930	75201
chr3	122878729	123078729	harbor1	chr3	122965331	122965714	LTR/ERVL-MaLR	445	+	192	122965523	86794
chr3	41436348	41636348	harbor1	chr3	41483632	41484023	LTR/ERVL-MaLR	1482	+	196	41483828	47480
chr3	41436348	41636348	harbor1	chr3	41517249	41517608	LTR/ERVL-MaLR	1669	+	180	41517429	81081
chr3	41436348	41636348	harbor1	chr3	41532857	41533303	LTR/ERVL-MaLR	755	+	223	41533080	96732
chr3	82953271	83153271	harbor1	chr3	82974402	82974587	LTR/ERVL-MaLR	1027	+	92	82974494	21223
chr3	82953271	83153271	harbor1	chr3	83014853	83015076	LTR/ERVL-MaLR	778	+	112	83014965	61694
chr3	82953271	83153271	harbor1	chr3	83026817	83027271	LTR/ERVL-MaLR	1344	+	227	83027044	73773
chr3	96290901	96490901	harbor1	chr3	96319074	96319496	LTR/ERVL-MaLR	2310	+	211	96319285	28384
chr3	96290901	96490901	harbor1	chr3	96326561	96326956	LTR/ERVL-MaLR	461	+	198	96326759	35858
chr3	96290901	96490901	harbor1	chr3	96338129	96339721	LTR/ERVL-MaLR	10964	+	796	96338925	48024
chr3	96290901	96490901	harbor1	chr3	96339722	96340088	LTR/ERVL-MaLR	1906	+	183	96339905	49004
chr3	96290901	96490901	harbor1	chr3	96341057	96341405	LTR/ERVL-MaLR	1765	+	174	96341231	50330
chr3	96290901	96490901	harbor1	chr3	96352788	96353183	LTR/ERVL-MaLR	1951	+	198	96352986	62085
chr3	96290901	96490901	harbor1	chr3	96379369	96379591	LTR/ERVL-MaLR	807	+	111	96379480	88579
chr3	96290901	96490901	harbor1	chr3	96321265	96321562	LTR/ERVL-MaLR	417	+	148	96321413	30512
chr3	96290901	96490901	harbor1	chr3	96337772	96338128	LTR/ERVL-MaLR	1948	+	178	96337950	47049
chr3	137170930	137370930	harbor1	chr3	137182158	137182288	LTR/ERVL-MaLR	1157	+	65	137182223	11293
chr3	137170930	137370930	harbor1	chr3	137182289	137182701	LTR/ERVL-MaLR	1955	+	206	137182495	11565
chr3	137170930	137370930	harbor1	chr3	137182702	137182958	LTR/ERVL-MaLR	1157	+	128	137182830	11900
chr3	137170930	137370930	harbor1	chr3	137201081	137201286	LTR/ERVL-MaLR	511	+	102	137201183	30253
chr3	137170930	137370930	harbor1	chr3	137233487	137233874	LTR/ERVL-MaLR	1979	+	194	137233681	62751
chr3	137170930	137370930	harbor1	chr3	137233891	137234255	LTR/ERVL-MaLR	1316	+	182	137234073	63143
chr3	137170930	137370930	harbor1	chr3	137238522	137238883	LTR/ERVL-MaLR	1689	+	180	137238702	67772
chr3	137170930	137370930	harbor1	chr3	137238907	137239071	LTR/ERVL-MaLR	427	+	82	137238989	68059
chr3	137170930	137370930	harbor1	chr3	137258804	137259174	LTR/ERVL-MaLR	2028	+	185	137258989	88059
chr3	2717033	2917033	harbor1	chr3	2721790	2722135	LTR/ERVL-MaLR	1921	+	172	2721962	4929
chr3	2717033	2917033	harbor1	chr3	2756199	2756542	LTR/ERVL-MaLR	1870	+	172	2756371	39338
chr3	2717033	2917033	harbor1	chr3	2756567	2756953	LTR/ERVL-MaLR	1052	+	193	2756760	39727
chr3	27665091	27865091	harbor1	chr3	27673730	27674100	LTR/ERVL-MaLR	2400	+	185	27673915	8824
chr3	27665091	27865091	harbor1	chr3	27676142	27676679	LTR/ERVL-MaLR	1383	+	268	27676410	11319
chr3	27665091	27865091	harbor1	chr3	27685480	27685922	LTR/ERVL-MaLR	933	+	221	27685701	20610
chr3	27665091	27865091	harbor1	chr3	27697099	27697491	LTR/ERVL-MaLR	1407	+	196	27697295	32204
chr3	27665091	27865091	harbor1	chr3	27755207	27755556	LTR/ERVL-MaLR	1487	+	174	27755381	90290
chr3	27665091	27865091	harbor1	chr3	27758458	27758894	LTR/ERVL-MaLR	2005	+	218	27758676	93585
chr3	27665091	27865091	harbor1	chr3	27754483	27754829	LTR/ERVL-MaLR	711	+	173	27754656	89565
chr3	67547228	67747228	harbor1	chr3	67547031	67547368	LTR/ERVL-MaLR	1516	+	168	67547199	29
chr3	67547228	67747228	harbor1	chr3	67560099	67560434	LTR/ERVL-MaLR	1138	+	168	67560267	13039
chr3	67547228	67747228	harbor1	chr3	67569429	67569882	LTR/ERVL-MaLR	1721	+	226	67569655	22427
chr3	67547228	67747228	harbor1	chr3	67569900	67570284	LTR/ERVL-MaLR	1758	+	192	67570092	22864
chr3	67547228	67747228	harbor1	chr3	67590355	67590777	LTR/ERVL-MaLR	2764	+	211	67590566	43338
chr3	67547228	67747228	harbor1	chr3	67591394	67591747	LTR/ERVL-MaLR	2770	+	176	67591570	44342
chr3	67547228	67747228	harbor1	chr3	67607653	67608004	LTR/ERVL-MaLR	2322	+	176	67607829	60601
chr3	67547228	67747228	harbor1	chr3	67613423	67613695	LTR/ERVL-MaLR	543	+	136	67613559	66331
chr3	67547228	67747228	harbor1	chr3	67621474	67621888	LTR/ERVL-MaLR	2692	+	207	67621681	74453
chr3	67547228	67747228	harbor1	chr3	67628528	67628865	LTR/ERVL-MaLR	2476	+	168	67628696	81468
chr3	47691513	47891513	harbor1	chr3	47695062	47695184	LTR/ERVL-MaLR	538	+	61	47695123	3610
chr3	124035877	124235877	harbor1	chr3	124108441	124108825	LTR/ERVL-MaLR	1073	+	192	124108633	72756
chr3	418916	618916	harbor1	chr3	422926	423162	LTR/ERVL-MaLR	450	+	118	423044	4128
chr3	418916	618916	harbor1	chr3	423800	424320	LTR/ERVL-MaLR	1579	+	260	424060	5144
chr3	418916	618916	harbor1	chr3	434609	435090	LTR/ERVL-MaLR	839	+	240	434849	15933
chr3	418916	618916	harbor1	chr3	435119	435453	LTR/ERVL-MaLR	697	+	167	435286	16370
chr3	418916	618916	harbor1	chr3	437524	438082	LTR/ERVL-MaLR	575	+	279	437803	18887
chr3	418916	618916	harbor1	chr3	469900	470307	LTR/ERVL-MaLR	2151	+	204	470104	51188
chr3	418916	618916	harbor1	chr3	470309	470606	LTR/ERVL-MaLR	1678	+	148	470457	51541
chr3	418916	618916	harbor1	chr3	470610	471715	LTR/ERVL-MaLR	6477	+	552	471162	52246
chr3	418916	618916	harbor1	chr3	471716	472090	LTR/ERVL-MaLR	2120	+	187	471903	52987
chr3	418916	618916	harbor1	chr3	472405	472443	LTR/ERVL-MaLR	2120	+	19	472424	53508
chr3	418916	618916	harbor1	chr3	477917	478267	LTR/ERVL-MaLR	767	+	175	478092	59176
chr3	96030611	96230611	harbor1	chr3	96031493	96031885	LTR/ERVL-MaLR	1726	+	196	96031689	1078
chr3	96030611	96230611	harbor1	chr3	96047309	96047669	LTR/ERVL-MaLR	1336	+	180	96047489	16878
chr3	96030611	96230611	harbor1	chr3	96057419	96057792	LTR/ERVL-MaLR	1369	+	186	96057605	26994
chr3	96030611	96230611	harbor1	chr3	96060403	96060779	LTR/ERVL-MaLR	1815	+	188	96060591	29980
chr3	96030611	96230611	harbor1	chr3	96060782	96062323	LTR/ERVL-MaLR	9842	+	770	96061552	30941
chr3	96030611	96230611	harbor1	chr3	96062324	96062686	LTR/ERVL-MaLR	1623	+	181	96062505	31894
chr3	96030611	96230611	harbor1	chr3	96114870	96115119	LTR/ERVL-MaLR	428	+	124	96114994	84383
chr3	96030611	96230611	harbor1	chr3	96115107	96115946	LTR/ERVL-MaLR	1575	+	420	96115527	84916
chr3	96030611	96230611	harbor1	chr3	96116900	96117253	LTR/ERVL-MaLR	2587	+	176	96117076	86465
chr3	96030611	96230611	harbor1	chr3	96117254	96118832	LTR/ERVL-MaLR	11035	+	789	96118043	87432
chr3	96030611	96230611	harbor1	chr3	96118835	96119185	LTR/ERVL-MaLR	2439	+	175	96119010	88399
chr3	96030611	96230611	harbor1	chr3	96120752	96120881	LTR/ERVL-MaLR	532	+	64	96120816	90205
chr3	41917133	42117133	harbor1	chr3	41951671	41952019	LTR/ERVL-MaLR	1839	+	174	41951845	34712
chr3	41917133	42117133	harbor1	chr3	41983848	41983988	LTR/ERVL-MaLR	836	+	70	41983918	66785
chr3	157550891	157750891	harbor1	chr3	157594779	157595199	LTR/ERVL-MaLR	1845	+	210	157594989	44098
chr3	157550891	157750891	harbor1	chr3	157610876	157611251	LTR/ERVL-MaLR	2701	+	188	157611064	60173
chr3	157550891	157750891	harbor1	chr3	157621399	157621568	LTR/ERVL-MaLR	1236	+	84	157621483	70592
chr3	157550891	157750891	harbor1	chr3	157624876	157625334	LTR/ERVL-MaLR	2601	+	229	157625105	74214
chr3	157550891	157750891	harbor1	chr3	157633188	157633544	LTR/ERVL-MaLR	1529	+	178	157633366	82475
chr3	154526806	154726806	harbor1	chr3	154581317	154581442	LTR/ERVL-MaLR	590	+	62	154581379	54573
chr3	60961928	61161928	harbor1	chr3	60974308	60974632	LTR/ERVL-MaLR	555	+	162	60974470	12542
chr3	60961928	61161928	harbor1	chr3	61037525	61037909	LTR/ERVL-MaLR	1835	+	192	61037717	75789
chr3	60961928	61161928	harbor1	chr3	61058415	61058771	LTR/ERVL-MaLR	1837	+	178	61058593	96665
chr3	142680248	142880248	harbor1	chr3	142700741	142701091	LTR/ERVL-MaLR	2432	+	175	142700916	20668
chr3	185750754	185950754	harbor1	chr3	185753727	185753922	LTR/ERVL-MaLR	2930	+	98	185753825	3071
chr3	185750754	185950754	harbor1	chr3	185754230	185754463	LTR/ERVL-MaLR	2930	+	116	185754346	3592
chr3	185750754	185950754	harbor1	chr3	185754464	185755993	LTR/ERVL-MaLR	8470	+	764	185755228	4474
chr3	185750754	185950754	harbor1	chr3	185755994	185756413	LTR/ERVL-MaLR	2677	+	210	185756204	5450
chr3	185750754	185950754	harbor1	chr3	185807582	185807995	LTR/ERVL-MaLR	1057	+	206	185807788	57034
chr3	60952855	61152855	harbor1	chr3	60974308	60974632	LTR/ERVL-MaLR	555	+	162	60974470	21615
chr3	60952855	61152855	harbor1	chr3	61037525	61037909	LTR/ERVL-MaLR	1835	+	192	61037717	84862
chr3	74724536	74924536	harbor1	chr3	74775459	74775790	LTR/ERVL-MaLR	1154	+	166	74775625	51089
chr3	74724536	74924536	harbor1	chr3	74806428	74806826	LTR/ERVL-MaLR	2099	+	199	74806627	82091
chr3	82523275	82723275	harbor1	chr3	82524182	82524646	LTR/ERVL-MaLR	1445	+	232	82524414	1139
chr3	82523275	82723275	harbor1	chr3	82530657	82531036	LTR/ERVL-MaLR	763	+	190	82530847	7572
chr3	82523275	82723275	harbor1	chr3	82533245	82533485	LTR/ERVL-MaLR	1044	+	120	82533365	10090
chr3	82523275	82723275	harbor1	chr3	82534818	82535353	LTR/ERVL-MaLR	1764	+	268	82535086	11811
chr3	82523275	82723275	harbor1	chr3	82538981	82539403	LTR/ERVL-MaLR	2046	+	211	82539192	15917
chr3	82523275	82723275	harbor1	chr3	82572607	82572916	LTR/ERVL-MaLR	486	+	154	82572761	49486
chr3	145027111	145227111	harbor1	chr3	145026803	145028373	LTR/ERVL-MaLR	10915	+	785	145027588	477
chr3	145027111	145227111	harbor1	chr3	145028374	145028738	LTR/ERVL-MaLR	2134	+	182	145028556	1445
chr3	145027111	145227111	harbor1	chr3	145035145	145035515	LTR/ERVL-MaLR	1985	+	185	145035330	8219
chr3	145027111	145227111	harbor1	chr3	145093584	145094045	LTR/ERVL-MaLR	1267	+	230	145093814	66703
chr3	41019031	41219031	harbor1	chr3	41052866	41053095	LTR/ERVL-MaLR	417	+	114	41052980	33949
chr3	41019031	41219031	harbor1	chr3	41062080	41062304	LTR/ERVL-MaLR	522	+	112	41062192	43161
chr3	41019031	41219031	harbor1	chr3	41062611	41062784	LTR/ERVL-MaLR	522	+	86	41062697	43666
chr3	41019031	41219031	harbor1	chr3	41078573	41079085	LTR/ERVL-MaLR	711	+	256	41078829	59798
chr3	41019031	41219031	harbor1	chr3	41113150	41113539	LTR/ERVL-MaLR	2407	+	194	41113344	94313
chr3	147601964	147801964	harbor1	chr3	147640931	147641134	LTR/ERVL-MaLR	1638	+	102	147641033	39069
chr3	147601964	147801964	harbor1	chr3	147641441	147641754	LTR/ERVL-MaLR	1638	+	156	147641597	39633
chr3	147601964	147801964	harbor1	chr3	147669062	147669468	LTR/ERVL-MaLR	557	+	203	147669265	67301
chr3	147601964	147801964	harbor1	chr3	147695681	147696109	LTR/ERVL-MaLR	1281	+	214	147695895	93931
chr3	169466004	169666004	harbor1	chr3	169518671	169519040	LTR/ERVL-MaLR	2291	+	184	169518855	52851
chr3	169466004	169666004	harbor1	chr3	169519782	169520332	LTR/ERVL-MaLR	1319	+	275	169520057	54053
chr3	169466004	169666004	harbor1	chr3	169547043	169547429	LTR/ERVL-MaLR	2090	+	193	169547236	81232
chr3	169466004	169666004	harbor1	chr3	169547589	169547992	LTR/ERVL-MaLR	1287	+	202	169547791	81787
chr3	169466004	169666004	harbor1	chr3	169553515	169553583	LTR/ERVL-MaLR	885	+	34	169553549	87545
chr3	169466004	169666004	harbor1	chr3	169554019	169554345	LTR/ERVL-MaLR	885	+	163	169554182	88178
chr3	169466004	169666004	harbor1	chr3	169556503	169556989	LTR/ERVL-MaLR	1252	+	243	169556746	90742
chr3	43064910	43264910	harbor1	chr3	43081684	43082114	LTR/ERVL-MaLR	425	+	215	43081899	16989
chr3	43064910	43264910	harbor1	chr3	43085311	43085677	LTR/ERVL-MaLR	2183	+	183	43085494	20584
chr3	43064910	43264910	harbor1	chr3	43086864	43087274	LTR/ERVL-MaLR	1532	+	205	43087069	22159
chr3	43064910	43264910	harbor1	chr3	43088696	43088923	LTR/ERVL-MaLR	440	+	114	43088810	23900
chr3	43064910	43264910	harbor1	chr3	43109502	43109761	LTR/ERVL-MaLR	1456	+	130	43109632	44722
chr3	43064910	43264910	harbor1	chr3	43110182	43110280	LTR/ERVL-MaLR	1456	+	49	43110231	45321
chr3	43064910	43264910	harbor1	chr3	43110281	43110664	LTR/ERVL-MaLR	2117	+	192	43110473	45563
chr3	43064910	43264910	harbor1	chr3	43110665	43110839	LTR/ERVL-MaLR	1456	+	87	43110752	45842
chr3	43064910	43264910	harbor1	chr3	43115630	43116159	LTR/ERVL-MaLR	1226	+	264	43115894	50984
chr3	43064910	43264910	harbor1	chr3	43148778	43149141	LTR/ERVL-MaLR	1937	+	182	43148960	84050
chr3	43064910	43264910	harbor1	chr3	43157152	43157598	LTR/ERVL-MaLR	1123	+	223	43157375	92465
chr3	153192567	153392567	harbor1	chr3	153192389	153192715	LTR/ERVL-MaLR	2090	+	163	153192552	15
chr3	153192567	153392567	harbor1	chr3	153192989	153193055	LTR/ERVL-MaLR	2090	+	33	153193022	455
chr3	153192567	153392567	harbor1	chr3	153218146	153218269	LTR/ERVL-MaLR	457	+	62	153218208	25641
chr3	153192567	153392567	harbor1	chr3	153218400	153218547	LTR/ERVL-MaLR	457	+	74	153218474	25907
chr3	153192567	153392567	harbor1	chr3	153271532	153271976	LTR/ERVL-MaLR	1912	+	222	153271754	79187
chr3	153192567	153392567	harbor1	chr3	153272373	153272773	LTR/ERVL-MaLR	2595	+	200	153272573	80006
chr3	153192567	153392567	harbor1	chr3	153285940	153286231	LTR/ERVL-MaLR	618	+	146	153286086	93519
chr3	72691028	72891028	harbor1	chr3	72701135	72701512	LTR/ERVL-MaLR	2121	+	188	72701323	10295
chr3	72691028	72891028	harbor1	chr3	72708987	72709360	LTR/ERVL-MaLR	1518	+	186	72709173	18145
chr3	72691028	72891028	harbor1	chr3	72732569	72732905	LTR/ERVL-MaLR	590	+	168	72732737	41709
chr3	72691028	72891028	harbor1	chr3	72740143	72740587	LTR/ERVL-MaLR	785	+	222	72740365	49337
chr3	72691028	72891028	harbor1	chr3	72763481	72763928	LTR/ERVL-MaLR	1885	+	224	72763705	72677
chr3	72691028	72891028	harbor1	chr3	72784985	72785149	LTR/ERVL-MaLR	406	+	82	72785067	94039
chr3	21898228	22098228	harbor1	chr3	21926938	21927340	LTR/ERVL-MaLR	2132	+	201	21927139	28911
chr3	21898228	22098228	harbor1	chr3	21956909	21957276	LTR/ERVL-MaLR	2407	+	184	21957093	58865
chr3	21898228	22098228	harbor1	chr3	21957277	21957558	LTR/ERVL-MaLR	2046	+	140	21957417	59189
chr3	21898228	22098228	harbor1	chr3	21969222	21969553	LTR/ERVL-MaLR	1666	+	166	21969388	71160
chr3	21898228	22098228	harbor1	chr3	21979879	21980421	LTR/ERVL-MaLR	2147	+	271	21980150	81922
chr3	73898699	74098699	harbor1	chr3	73908904	73909258	LTR/ERVL-MaLR	2296	+	177	73909081	10382
chr3	73898699	74098699	harbor1	chr3	73930139	73930301	LTR/ERVL-MaLR	1536	+	81	73930220	31521
chr3	73898699	74098699	harbor1	chr3	73930623	73930827	LTR/ERVL-MaLR	1536	+	102	73930725	32026
chr3	73898699	74098699	harbor1	chr3	73939304	73939714	LTR/ERVL-MaLR	2529	+	205	73939509	40810
chr3	73898699	74098699	harbor1	chr3	73945541	73945787	LTR/ERVL-MaLR	432	+	123	73945664	46965
chr3	73898699	74098699	harbor1	chr3	73945909	73946050	LTR/ERVL-MaLR	414	+	70	73945979	47280
chr3	73898699	74098699	harbor1	chr3	73908074	73908309	LTR/ERVL-MaLR	891	+	118	73908192	9493
chr3	35531077	35731077	harbor1	chr3	35562317	35562733	LTR/ERVL-MaLR	1986	+	208	35562525	31448
chr3	35531077	35731077	harbor1	chr3	35562747	35563172	LTR/ERVL-MaLR	1335	+	212	35562959	31882
chr3	35531077	35731077	harbor1	chr3	35563175	35563533	LTR/ERVL-MaLR	1286	+	179	35563354	32277
chr3	35531077	35731077	harbor1	chr3	35563543	35563941	LTR/ERVL-MaLR	1995	+	199	35563742	32665
chr3	35531077	35731077	harbor1	chr3	35567810	35568295	LTR/ERVL-MaLR	1222	+	242	35568052	36975
chr3	35531077	35731077	harbor1	chr3	35608803	35609621	LTR/ERVL-MaLR	708	+	409	35609212	78135
chr3	35531077	35731077	harbor1	chr3	35614594	35614973	LTR/ERVL-MaLR	820	+	190	35614784	83707
chr3	35531077	35731077	harbor1	chr3	35615294	35615408	LTR/ERVL-MaLR	820	+	57	35615351	84274
chr3	193841912	194041912	harbor1	chr3	193845204	193845575	LTR/ERVL-MaLR	2765	+	186	193845390	3478
chr3	193841912	194041912	harbor1	chr3	193848381	193848728	LTR/ERVL-MaLR	1594	+	174	193848555	6643
chr3	193841912	194041912	harbor1	chr3	193908156	193908642	LTR/ERVL-MaLR	1201	+	243	193908399	66487
chr3	101479486	101679486	harbor1	chr3	101492476	101492714	LTR/ERVL-MaLR	701	+	119	101492595	13109
chr3	101479486	101679486	harbor1	chr3	101524624	101525035	LTR/ERVL-MaLR	2257	+	206	101524830	45344
chr3	101479486	101679486	harbor1	chr3	101525036	101525998	LTR/ERVL-MaLR	9693	+	481	101525517	46031
chr3	101479486	101679486	harbor1	chr3	101526298	101526970	LTR/ERVL-MaLR	9693	+	336	101526634	47148
chr3	101479486	101679486	harbor1	chr3	101526971	101527366	LTR/ERVL-MaLR	2234	+	198	101527169	47683
chr3	101479486	101679486	harbor1	chr3	101528598	101528935	LTR/ERVL-MaLR	1622	+	168	101528766	49280
chr3	101479486	101679486	harbor1	chr3	101529240	101529292	LTR/ERVL-MaLR	1622	+	26	101529266	49780
chr3	101479486	101679486	harbor1	chr3	101550607	101550830	LTR/ERVL-MaLR	1295	+	112	101550719	71233
chr3	101479486	101679486	harbor1	chr3	101552793	101552919	LTR/ERVL-MaLR	884	+	63	101552856	73370
chr3	101479486	101679486	harbor1	chr3	101552924	101554503	LTR/ERVL-MaLR	12155	+	790	101553714	74228
chr3	101479486	101679486	harbor1	chr3	101554504	101554852	LTR/ERVL-MaLR	2303	+	174	101554678	75192
chr3	19215286	19415286	harbor1	chr3	19254725	19254938	LTR/ERVL-MaLR	540	+	106	19254831	39545
chr3	19215286	19415286	harbor1	chr3	19254941	19255323	LTR/ERVL-MaLR	1733	+	191	19255132	39846
chr3	19215286	19415286	harbor1	chr3	19286200	19286550	LTR/ERVL-MaLR	1607	+	175	19286375	71089
chr3	19215286	19415286	harbor1	chr3	19286879	19286910	LTR/ERVL-MaLR	1607	+	16	19286895	71609
chr3	19215286	19415286	harbor1	chr3	19311599	19311769	LTR/ERVL-MaLR	492	+	85	19311684	96398
chr3	150873907	151073907	harbor1	chr3	150928905	150929198	LTR/ERVL-MaLR	979	+	146	150929051	55144
chr3	150873907	151073907	harbor1	chr3	150942697	150942975	LTR/ERVL-MaLR	455	+	139	150942836	68929
chr3	150873907	151073907	harbor1	chr3	150958780	150958966	LTR/ERVL-MaLR	630	+	93	150958873	84966
chr3	75738447	75938447	harbor1	chr3	75754093	75754229	LTR/ERVL-MaLR	743	+	68	75754161	15714
chr3	75738447	75938447	harbor1	chr3	75767446	75767846	LTR/ERVL-MaLR	651	+	200	75767646	29199
chr3	75738447	75938447	harbor1	chr3	75768923	75769050	LTR/ERVL-MaLR	455	+	64	75768987	30540
chr3	75738447	75938447	harbor1	chr3	75769050	75769553	LTR/ERVL-MaLR	633	+	252	75769302	30855
chr3	52200100	52400100	harbor1	chr3	52227862	52228356	LTR/ERVL-MaLR	1571	+	247	52228109	28009
chr3	52200100	52400100	harbor1	chr3	52240233	52240359	LTR/ERVL-MaLR	422	+	63	52240296	40196
chr3	161953290	162153290	harbor1	chr3	161959667	161960127	LTR/ERVL-MaLR	1153	+	230	161959897	6607
chr3	161953290	162153290	harbor1	chr3	161962460	161962830	LTR/ERVL-MaLR	2649	+	185	161962645	9355
chr3	161953290	162153290	harbor1	chr3	161962831	161964383	LTR/ERVL-MaLR	9488	+	776	161963607	10317
chr3	161953290	162153290	harbor1	chr3	161964384	161964752	LTR/ERVL-MaLR	2548	+	184	161964568	11278
chr3	161953290	162153290	harbor1	chr3	161990146	161990373	LTR/ERVL-MaLR	703	+	114	161990260	36970
chr3	161953290	162153290	harbor1	chr3	161990803	161991989	LTR/ERVL-MaLR	2551	+	593	161991396	38106
chr3	161953290	162153290	harbor1	chr3	161992072	161992447	LTR/ERVL-MaLR	717	+	188	161992260	38970
chr3	161953290	162153290	harbor1	chr3	162000809	162001177	LTR/ERVL-MaLR	2096	+	184	162000993	47703
chr3	161953290	162153290	harbor1	chr3	162017028	162017384	LTR/ERVL-MaLR	2070	+	178	162017206	63916
chr3	161953290	162153290	harbor1	chr3	162032291	162032599	LTR/ERVL-MaLR	597	+	154	162032445	79155
chr3	94170260	94370260	harbor1	chr3	94194659	94195023	LTR/ERVL-MaLR	1973	+	182	94194841	24581
chr3	94170260	94370260	harbor1	chr3	94207388	94207808	LTR/ERVL-MaLR	2434	+	210	94207598	37338
chr3	94170260	94370260	harbor1	chr3	94210655	94211034	LTR/ERVL-MaLR	2429	+	190	94210845	40585
chr3	94170260	94370260	harbor1	chr3	94211035	94211464	LTR/ERVL-MaLR	2572	+	214	94211249	40989
chr3	94170260	94370260	harbor1	chr3	94231548	94231904	LTR/ERVL-MaLR	733	+	178	94231726	61466
chr3	94170260	94370260	harbor1	chr3	94245430	94245625	LTR/ERVL-MaLR	556	+	98	94245528	75268
chr3	132896540	133096540	harbor1	chr3	132899648	132900011	LTR/ERVL-MaLR	2219	+	182	132899830	3290
chr3	132896540	133096540	harbor1	chr3	132904679	132904933	LTR/ERVL-MaLR	1345	+	127	132904806	8266
chr3	132896540	133096540	harbor1	chr3	132931802	132932159	LTR/ERVL-MaLR	2019	+	178	132931980	35440
chr3	132896540	133096540	harbor1	chr3	132980108	132980511	LTR/ERVL-MaLR	1325	+	202	132980310	83770
chr3	132896540	133096540	harbor1	chr3	132980603	132981177	LTR/ERVL-MaLR	1572	+	287	132980890	84350
chr3	196375920	196575920	harbor1	chr3	196378189	196378425	LTR/ERVL-MaLR	744	+	118	196378307	2387
chr3	196375920	196575920	harbor1	chr3	196389473	196389800	LTR/ERVL-MaLR	1121	+	164	196389637	13717
chr3	196375920	196575920	harbor1	chr3	196397939	196398132	LTR/ERVL-MaLR	844	+	96	196398035	22115
chr3	196375920	196575920	harbor1	chr3	196398158	196398374	LTR/ERVL-MaLR	916	+	108	196398266	22346
chr3	196375920	196575920	harbor1	chr3	196419766	196419877	LTR/ERVL-MaLR	457	+	56	196419822	43902
chr3	196375920	196575920	harbor1	chr3	196447699	196447845	LTR/ERVL-MaLR	1641	+	73	196447772	71852
chr3	196375920	196575920	harbor1	chr3	196448155	196448390	LTR/ERVL-MaLR	1641	+	118	196448273	72353
chr3	110166084	110366084	harbor1	chr3	110218146	110218197	LTR/ERVL-MaLR	414	+	26	110218172	52088
chr3	110166084	110366084	harbor1	chr3	110227113	110227424	LTR/ERVL-MaLR	1419	+	156	110227269	61185
chr3	110166084	110366084	harbor1	chr3	110227878	110228015	LTR/ERVL-MaLR	598	+	68	110227946	61862
chr3	110166084	110366084	harbor1	chr3	110245042	110245190	LTR/ERVL-MaLR	737	+	74	110245116	79032
chr3	141038788	141238788	harbor1	chr3	141072326	141072720	LTR/ERVL-MaLR	2087	+	197	141072523	33735
chr3	141038788	141238788	harbor1	chr3	141100194	141100650	LTR/ERVL-MaLR	2703	+	228	141100422	61634
chr3	144681807	144881807	harbor1	chr3	144689841	144690197	LTR/ERVL-MaLR	1843	+	178	144690019	8212
chr3	144681807	144881807	harbor1	chr3	144692335	144692702	LTR/ERVL-MaLR	1253	+	184	144692519	10712
chr3	144681807	144881807	harbor1	chr3	144707991	144708577	LTR/ERVL-MaLR	1761	+	293	144708284	26477
chr3	95874243	96074243	harbor1	chr3	95918520	95918894	LTR/ERVL-MaLR	1326	+	187	95918707	44464
chr3	95874243	96074243	harbor1	chr3	95920618	95920856	LTR/ERVL-MaLR	462	+	119	95920737	46494
chr3	95874243	96074243	harbor1	chr3	95924593	95924938	LTR/ERVL-MaLR	2025	+	172	95924765	50522
chr3	95874243	96074243	harbor1	chr3	95955282	95955548	LTR/ERVL-MaLR	582	+	133	95955415	81172
chr3	95874243	96074243	harbor1	chr3	95959913	95960173	LTR/ERVL-MaLR	971	+	130	95960043	85800
chr3	95874243	96074243	harbor1	chr3	95963870	95964262	LTR/ERVL-MaLR	1225	+	196	95964066	89823
chr3	95874243	96074243	harbor1	chr3	95972827	95973181	LTR/ERVL-MaLR	2075	+	177	95973004	98761
chr3	95874243	96074243	harbor1	chr3	95973182	95974575	LTR/ERVL-MaLR	9921	+	696	95973878	99635
chr3	178121989	178321989	harbor1	chr3	178172555	178172722	LTR/ERVL-MaLR	576	+	84	178172639	50650
chr3	151518943	151718943	harbor1	chr3	151547949	151548548	LTR/ERVL-MaLR	2111	+	300	151548249	29306
chr3	151518943	151718943	harbor1	chr3	151554981	151555664	LTR/ERVL-MaLR	2236	+	342	151555323	36380
chr3	151518943	151718943	harbor1	chr3	151556179	151556371	LTR/ERVL-MaLR	1483	+	96	151556275	37332
chr3	151518943	151718943	harbor1	chr3	151587646	151588014	LTR/ERVL-MaLR	2409	+	184	151587830	68887
chr3	151518943	151718943	harbor1	chr3	151606475	151606694	LTR/ERVL-MaLR	417	+	110	151606585	87642
chr3	151518943	151718943	harbor1	chr3	151616971	151617148	LTR/ERVL-MaLR	685	+	88	151617059	98116
chr3	151518943	151718943	harbor1	chr3	151617703	151617946	LTR/ERVL-MaLR	1099	+	122	151617825	98882
chr3	151518943	151718943	harbor1	chr3	151618000	151618357	LTR/ERVL-MaLR	1323	+	178	151618178	99235
chr3	151518943	151718943	harbor1	chr3	151551972	151552343	LTR/ERVL-MaLR	1853	+	186	151552158	33215
chr3	151518943	151718943	harbor1	chr3	151617421	151617701	LTR/ERVL-MaLR	1325	+	140	151617561	98618
chr3	130864516	131064516	harbor1	chr3	130863945	130865502	LTR/ERVL-MaLR	11678	+	778	130864723	207
chr3	130864516	131064516	harbor1	chr3	130865503	130865854	LTR/ERVL-MaLR	2551	+	176	130865679	1163
chr3	134598251	134798251	harbor1	chr3	134636290	134636749	LTR/ERVL-MaLR	1358	+	230	134636520	38269
chr3	134598251	134798251	harbor1	chr3	134641224	134641706	LTR/ERVL-MaLR	1958	+	241	134641465	43214
chr3	134598251	134798251	harbor1	chr3	134661786	134661995	LTR/ERVL-MaLR	1960	+	104	134661890	63639
chr3	134598251	134798251	harbor1	chr3	134662300	134662464	LTR/ERVL-MaLR	1960	+	82	134662382	64131
chr3	134598251	134798251	harbor1	chr3	134669840	134670190	LTR/ERVL-MaLR	1959	+	175	134670015	71764
chr3	134598251	134798251	harbor1	chr3	134676627	134676824	LTR/ERVL-MaLR	563	+	98	134676725	78474
chr3	134598251	134798251	harbor1	chr3	134679566	134679722	LTR/ERVL-MaLR	2405	+	78	134679644	81393
chr3	134598251	134798251	harbor1	chr3	134680025	134680265	LTR/ERVL-MaLR	2405	+	120	134680145	81894
chr3	134598251	134798251	harbor1	chr3	134693011	134693530	LTR/ERVL-MaLR	695	+	260	134693271	95020
chr3	118264899	118464899	harbor1	chr3	118307512	118307926	LTR/ERVL-MaLR	2164	+	207	118307719	42820
chr3	118264899	118464899	harbor1	chr3	118331836	118332210	LTR/ERVL-MaLR	2210	+	187	118332023	67124
chr3	118264899	118464899	harbor1	chr3	118332212	118333997	LTR/ERVL-MaLR	9181	+	892	118333104	68205
chr3	118264899	118464899	harbor1	chr3	118334002	118334374	LTR/ERVL-MaLR	2262	+	186	118334188	69289
chr3	118264899	118464899	harbor1	chr3	118353683	118354055	LTR/ERVL-MaLR	1804	+	186	118353869	88970
chr3	118264899	118464899	harbor1	chr3	118354056	118355658	LTR/ERVL-MaLR	10407	+	801	118354857	89958
chr3	118264899	118464899	harbor1	chr3	118355734	118356077	LTR/ERVL-MaLR	1426	+	172	118355906	91007
chr3	117409893	117609893	harbor1	chr3	117429673	117430005	LTR/ERVL-MaLR	1395	+	166	117429839	19946
chr3	117409893	117609893	harbor1	chr3	117488269	117488731	LTR/ERVL-MaLR	2456	+	231	117488500	78607
chr3	117409893	117609893	harbor1	chr3	117492212	117492590	LTR/ERVL-MaLR	2342	+	189	117492401	82508
chr3	117409893	117609893	harbor1	chr3	117440262	117440672	LTR/ERVL-MaLR	1836	+	205	117440467	30574
chr3	65007705	65207705	harbor1	chr3	65028596	65028980	LTR/ERVL-MaLR	1996	+	192	65028788	21083
chr3	65007705	65207705	harbor1	chr3	65050608	65051026	LTR/ERVL-MaLR	654	+	209	65050817	43112
chr3	65007705	65207705	harbor1	chr3	65069893	65070078	LTR/ERVL-MaLR	405	+	92	65069985	62280
chr3	65007705	65207705	harbor1	chr3	65072471	65072595	LTR/ERVL-MaLR	435	+	62	65072533	64828
chr3	65007705	65207705	harbor1	chr3	65072598	65072621	LTR/ERVL-MaLR	1574	+	12	65072610	64905
chr3	65007705	65207705	harbor1	chr3	65073004	65073432	LTR/ERVL-MaLR	1574	+	214	65073218	65513
chr3	65007705	65207705	harbor1	chr3	65073443	65073643	LTR/ERVL-MaLR	422	+	100	65073543	65838
chr3	65007705	65207705	harbor1	chr3	65080595	65081060	LTR/ERVL-MaLR	2342	+	232	65080827	73122
chr3	65007705	65207705	harbor1	chr3	65081061	65081422	LTR/ERVL-MaLR	1417	+	180	65081241	73536
chr3	65007705	65207705	harbor1	chr3	65102399	65102554	LTR/ERVL-MaLR	2066	+	78	65102477	94772
chr3	65007705	65207705	harbor1	chr3	65102844	65103057	LTR/ERVL-MaLR	2066	+	106	65102950	95245
chr3	143604669	143804669	harbor1	chr3	143643814	143644229	LTR/ERVL-MaLR	407	+	208	143644022	39353
chr3	143604669	143804669	harbor1	chr3	143659706	143659777	LTR/ERVL-MaLR	1949	+	36	143659742	55073
chr3	143604669	143804669	harbor1	chr3	143659778	143660144	LTR/ERVL-MaLR	2501	+	183	143659961	55292
chr3	143604669	143804669	harbor1	chr3	143660145	143660660	LTR/ERVL-MaLR	1949	+	258	143660403	55734
chr3	13169611	13369611	harbor1	chr3	13169430	13170599	LTR/ERVL-MaLR	8251	+	584	13170014	403
chr3	13169611	13369611	harbor1	chr3	13175981	13176282	LTR/ERVL-MaLR	982	+	150	13176131	6520
chr3	13169611	13369611	harbor1	chr3	13182176	13182393	LTR/ERVL-MaLR	474	+	108	13182284	12673
chr3	13169611	13369611	harbor1	chr3	13188659	13188901	LTR/ERVL-MaLR	449	+	121	13188780	19169
chr3	13169611	13369611	harbor1	chr3	13191956	13192053	LTR/ERVL-MaLR	723	+	48	13192004	22393
chr3	13169611	13369611	harbor1	chr3	13192368	13192510	LTR/ERVL-MaLR	723	+	71	13192439	22828
chr3	13169611	13369611	harbor1	chr3	13196112	13196358	LTR/ERVL-MaLR	919	+	123	13196235	26624
chr3	13169611	13369611	harbor1	chr3	13267004	13267367	LTR/ERVL-MaLR	2130	+	182	13267186	97575
chr3	77208102	77408102	harbor1	chr3	77251599	77251944	LTR/ERVL-MaLR	1802	+	172	77251771	43669
chr3	57200723	57400723	harbor1	chr3	57206903	57206959	LTR/ERVL-MaLR	964	+	28	57206931	6208
chr3	57200723	57400723	harbor1	chr3	57207250	57207630	LTR/ERVL-MaLR	964	+	190	57207440	6717
chr3	57200723	57400723	harbor1	chr3	57298130	57298596	LTR/ERVL-MaLR	767	+	233	57298363	97640
chr3	57200723	57400723	harbor1	chr3	57299540	57299871	LTR/ERVL-MaLR	1480	+	166	57299706	98983
chr3	189250636	189450636	harbor1	chr3	189265494	189265967	LTR/ERVL-MaLR	565	+	236	189265730	15094
chr3	189250636	189450636	harbor1	chr3	189286523	189286942	LTR/ERVL-MaLR	551	+	210	189286733	36097
chr3	23177231	23377231	harbor1	chr3	23191254	23191794	LTR/ERVL-MaLR	2008	+	270	23191524	14293
chr3	23177231	23377231	harbor1	chr3	23222363	23222719	LTR/ERVL-MaLR	2017	+	178	23222541	45310
chr3	53164761	53364761	harbor1	chr3	53197094	53197442	LTR/ERVL-MaLR	2566	+	174	53197268	32507
chr3	53164761	53364761	harbor1	chr3	53198051	53198089	LTR/ERVL-MaLR	2566	+	19	53198070	33309
chr3	53164761	53364761	harbor1	chr3	53221870	53222242	LTR/ERVL-MaLR	1202	+	186	53222056	57295
chr3	53164761	53364761	harbor1	chr3	53238929	53239286	LTR/ERVL-MaLR	2164	+	178	53239107	74346
chr3	16004685	16204685	harbor1	chr3	16007660	16007831	LTR/ERVL-MaLR	932	+	86	16007746	3061
chr3	16004685	16204685	harbor1	chr3	16008385	16008528	LTR/ERVL-MaLR	932	+	72	16008457	3772
chr3	16004685	16204685	harbor1	chr3	16032618	16032971	LTR/ERVL-MaLR	1879	+	176	16032794	28109
chr3	16004685	16204685	harbor1	chr3	16054747	16055189	LTR/ERVL-MaLR	858	+	221	16054968	50283
chr3	16004685	16204685	harbor1	chr3	16058479	16058615	LTR/ERVL-MaLR	406	+	68	16058547	53862
chr3	16004685	16204685	harbor1	chr3	16067217	16067591	LTR/ERVL-MaLR	1880	+	187	16067404	62719
chr3	16004685	16204685	harbor1	chr3	16096347	16096580	LTR/ERVL-MaLR	2551	+	116	16096463	91778
chr3	16004685	16204685	harbor1	chr3	16096893	16097020	LTR/ERVL-MaLR	2551	+	64	16096957	92272
chr3	16004685	16204685	harbor1	chr3	16097158	16097529	LTR/ERVL-MaLR	1776	+	186	16097344	92659
chr3	16004685	16204685	harbor1	chr3	16097775	16097954	LTR/ERVL-MaLR	1863	+	90	16097865	93180
chr3	16004685	16204685	harbor1	chr3	16097955	16098320	LTR/ERVL-MaLR	2447	+	182	16098137	93452
chr3	16004685	16204685	harbor1	chr3	16098321	16098501	LTR/ERVL-MaLR	1863	+	90	16098411	93726
chr3	16004685	16204685	harbor1	chr3	16100247	16100599	LTR/ERVL-MaLR	1812	+	176	16100423	95738
chr3	60987691	61187691	harbor1	chr3	61037525	61037909	LTR/ERVL-MaLR	1835	+	192	61037717	50026
chr3	60987691	61187691	harbor1	chr3	61058415	61058771	LTR/ERVL-MaLR	1837	+	178	61058593	70902
chr3	60987691	61187691	harbor1	chr3	61063940	61064552	LTR/ERVL-MaLR	1105	+	306	61064246	76555
chr3	60987691	61187691	harbor1	chr3	61072179	61072678	LTR/ERVL-MaLR	1040	+	250	61072429	84738
chr3	74771499	74971499	harbor1	chr3	74775459	74775790	LTR/ERVL-MaLR	1154	+	166	74775625	4126
chr3	74771499	74971499	harbor1	chr3	74806428	74806826	LTR/ERVL-MaLR	2099	+	199	74806627	35128
chr3	74771499	74971499	harbor1	chr3	74843217	74843417	LTR/ERVL-MaLR	544	+	100	74843317	71818
chr3	74771499	74971499	harbor1	chr3	74851771	74852130	LTR/ERVL-MaLR	1867	+	180	74851951	80452
chr3	111100414	111300414	harbor1	chr3	111162255	111162604	LTR/ERVL-MaLR	2224	+	174	111162429	62015
chr3	111100414	111300414	harbor1	chr3	111184368	111184630	LTR/ERVL-MaLR	1250	+	131	111184499	84085
chr3	76601185	76801185	harbor1	chr3	76676116	76676485	LTR/ERVL-MaLR	1843	+	184	76676300	75115
chr3	76601185	76801185	harbor1	chr3	76690262	76690618	LTR/ERVL-MaLR	1464	+	178	76690440	89255
chr3	76601185	76801185	harbor1	chr3	76690865	76690938	LTR/ERVL-MaLR	738	+	36	76690901	89716
chr3	76601185	76801185	harbor1	chr3	76691066	76691382	LTR/ERVL-MaLR	1275	+	158	76691224	90039
chr3	4142876	4342876	harbor1	chr3	4155576	4155750	LTR/ERVL-MaLR	406	+	87	4155663	12787
chr3	4142876	4342876	harbor1	chr3	4169224	4169658	LTR/ERVL-MaLR	1450	+	217	4169441	26565
chr3	4142876	4342876	harbor1	chr3	4218119	4218281	LTR/ERVL-MaLR	802	+	81	4218200	75324
chr3	173250937	173450937	harbor1	chr3	173256126	173256547	LTR/ERVL-MaLR	2708	+	210	173256336	5399
chr3	187294463	187494463	harbor1	chr3	187295613	187295905	LTR/ERVL-MaLR	1853	+	146	187295759	1296
chr3	187294463	187494463	harbor1	chr3	187297871	187297984	LTR/ERVL-MaLR	586	+	56	187297927	3464
chr3	187294463	187494463	harbor1	chr3	187300984	187301178	LTR/ERVL-MaLR	2264	+	97	187301081	6618
chr3	187294463	187494463	harbor1	chr3	187301462	187301693	LTR/ERVL-MaLR	2264	+	116	187301578	7115
chr3	187294463	187494463	harbor1	chr3	187302932	187303330	LTR/ERVL-MaLR	2049	+	199	187303131	8668
chr3	187294463	187494463	harbor1	chr3	187371644	187372122	LTR/ERVL-MaLR	2089	+	239	187371883	77420
chr3	69596038	69796038	harbor1	chr3	69608615	69608740	LTR/ERVL-MaLR	470	+	62	69608677	12639
chr3	69596038	69796038	harbor1	chr3	69608843	69609205	LTR/ERVL-MaLR	2209	+	181	69609024	12986
chr3	69596038	69796038	harbor1	chr3	69609206	69610785	LTR/ERVL-MaLR	11490	+	790	69609996	13958
chr3	69596038	69796038	harbor1	chr3	69610786	69611130	LTR/ERVL-MaLR	2161	+	172	69610958	14920
chr3	69596038	69796038	harbor1	chr3	69611131	69611418	LTR/ERVL-MaLR	470	+	144	69611275	15237
chr3	69596038	69796038	harbor1	chr3	69619832	69620306	LTR/ERVL-MaLR	1467	+	237	69620069	24031
chr3	69596038	69796038	harbor1	chr3	69652224	69652585	LTR/ERVL-MaLR	1642	+	180	69652404	56366
chr3	69596038	69796038	harbor1	chr3	69674570	69674984	LTR/ERVL-MaLR	1081	+	207	69674777	78739
chr3	69596038	69796038	harbor1	chr3	69693698	69694194	LTR/ERVL-MaLR	820	+	248	69693946	97908
chr3	73821318	74021318	harbor1	chr3	73820711	73822343	LTR/ERVL-MaLR	10587	+	816	73821527	209
chr3	73821318	74021318	harbor1	chr3	73822344	73822711	LTR/ERVL-MaLR	2087	+	184	73822528	1210
chr3	73821318	74021318	harbor1	chr3	73822879	73823042	LTR/ERVL-MaLR	479	+	82	73822961	1643
chr3	73821318	74021318	harbor1	chr3	73872056	73872421	LTR/ERVL-MaLR	2029	+	182	73872238	50920
chr3	73821318	74021318	harbor1	chr3	73879207	73879612	LTR/ERVL-MaLR	2256	+	202	73879409	58091
chr3	73821318	74021318	harbor1	chr3	73883663	73883948	LTR/ERVL-MaLR	447	+	142	73883805	62487
chr3	73821318	74021318	harbor1	chr3	73892071	73892209	LTR/ERVL-MaLR	578	+	69	73892140	70822
chr3	73821318	74021318	harbor1	chr3	73908904	73909258	LTR/ERVL-MaLR	2296	+	177	73909081	87763
chr3	73821318	74021318	harbor1	chr3	73908074	73908309	LTR/ERVL-MaLR	891	+	118	73908192	86874
chr3	11750120	11950120	harbor1	chr3	11778944	11779309	LTR/ERVL-MaLR	2035	+	182	11779126	29006
chr3	11750120	11950120	harbor1	chr3	11805842	11806199	LTR/ERVL-MaLR	2577	+	178	11806020	55900
chr3	171925249	172125249	harbor1	chr3	171928951	171929144	LTR/ERVL-MaLR	1523	+	96	171929047	3798
chr3	171925249	172125249	harbor1	chr3	171929431	171929630	LTR/ERVL-MaLR	1523	+	100	171929531	4282
chr3	171925249	172125249	harbor1	chr3	171971418	171971564	LTR/ERVL-MaLR	1476	+	73	171971491	46242
chr3	171925249	172125249	harbor1	chr3	171971875	171972097	LTR/ERVL-MaLR	1476	+	111	171971986	46737
chr3	171925249	172125249	harbor1	chr3	171972083	171972249	LTR/ERVL-MaLR	845	+	83	171972166	46917
chr3	171925249	172125249	harbor1	chr3	171977436	171977916	LTR/ERVL-MaLR	1974	+	240	171977676	52427
chr3	140474965	140674965	harbor1	chr3	140535517	140535662	LTR/ERVL-MaLR	647	+	72	140535589	60624
chr3	68757710	68957710	harbor1	chr3	68758283	68758656	LTR/ERVL-MaLR	2555	+	186	68758469	759
chr3	68757710	68957710	harbor1	chr3	68764043	68764452	LTR/ERVL-MaLR	1115	+	204	68764247	6537
chr3	68757710	68957710	harbor1	chr3	68778458	68778822	LTR/ERVL-MaLR	2238	+	182	68778640	20930
chr3	68757710	68957710	harbor1	chr3	68780381	68780741	LTR/ERVL-MaLR	1988	+	180	68780561	22851
chr3	68757710	68957710	harbor1	chr3	68791161	68791576	LTR/ERVL-MaLR	1344	+	208	68791369	33659
chr3	68757710	68957710	harbor1	chr3	68795267	68795698	LTR/ERVL-MaLR	540	+	216	68795483	37773
chr3	68757710	68957710	harbor1	chr3	68799086	68799170	LTR/ERVL-MaLR	1122	+	42	68799128	41418
chr3	68757710	68957710	harbor1	chr3	68799515	68799761	LTR/ERVL-MaLR	1122	+	123	68799638	41928
chr3	68757710	68957710	harbor1	chr3	68800309	68800395	LTR/ERVL-MaLR	517	+	43	68800352	42642
chr3	68757710	68957710	harbor1	chr3	68806586	68806937	LTR/ERVL-MaLR	1200	+	176	68806762	49052
chr3	68757710	68957710	harbor1	chr3	68849217	68849734	LTR/ERVL-MaLR	1302	+	258	68849475	91765
chr3	68757710	68957710	harbor1	chr3	68778824	68780380	LTR/ERVL-MaLR	11464	+	778	68779602	21892
chr3	1112153	1312153	harbor1	chr3	1150694	1151175	LTR/ERVL-MaLR	1662	+	240	1150934	38781
chr3	1112153	1312153	harbor1	chr3	1198775	1199175	LTR/ERVL-MaLR	1347	+	200	1198975	86822
chr3	1112153	1312153	harbor1	chr3	1199480	1199545	LTR/ERVL-MaLR	1347	+	32	1199512	87359
chr3	1112153	1312153	harbor1	chr3	1204868	1205369	LTR/ERVL-MaLR	1726	+	250	1205118	92965
chr3	71531421	71731421	harbor1	chr3	71559327	71559561	LTR/ERVL-MaLR	1144	+	117	71559444	28023
chr3	71531421	71731421	harbor1	chr3	71559846	71560173	LTR/ERVL-MaLR	1144	+	164	71560010	28589
chr3	71531421	71731421	harbor1	chr3	71619099	71619652	LTR/ERVL-MaLR	934	+	276	71619375	87954
chr3	71531421	71731421	harbor1	chr3	71622720	71623156	LTR/ERVL-MaLR	1756	+	218	71622938	91517
chr3	110642818	110842818	harbor1	chr3	110642963	110643337	LTR/ERVL-MaLR	2305	+	187	110643150	332
chr3	110642818	110842818	harbor1	chr3	110660151	110660519	LTR/ERVL-MaLR	1475	+	184	110660335	17517
chr3	110642818	110842818	harbor1	chr3	110660775	110660953	LTR/ERVL-MaLR	1475	+	89	110660864	18046
chr3	110642818	110842818	harbor1	chr3	110661628	110661788	LTR/ERVL-MaLR	843	+	80	110661708	18890
chr3	110642818	110842818	harbor1	chr3	110661834	110662862	LTR/ERVL-MaLR	7088	+	514	110662348	19530
chr3	110642818	110842818	harbor1	chr3	110662860	110663220	LTR/ERVL-MaLR	2164	+	180	110663040	20222
chr3	110642818	110842818	harbor1	chr3	110664851	110665040	LTR/ERVL-MaLR	501	+	94	110664945	22127
chr3	110642818	110842818	harbor1	chr3	110669589	110669950	LTR/ERVL-MaLR	2031	+	180	110669769	26951
chr3	110642818	110842818	harbor1	chr3	110669951	110671433	LTR/ERVL-MaLR	10367	+	741	110670692	27874
chr3	110642818	110842818	harbor1	chr3	110677699	110677809	LTR/ERVL-MaLR	431	+	55	110677754	34936
chr3	110642818	110842818	harbor1	chr3	110723659	110723978	LTR/ERVL-MaLR	1317	+	160	110723819	81001
chr3	110642818	110842818	harbor1	chr3	110733574	110733820	LTR/ERVL-MaLR	1472	+	123	110733697	90879
chr3	110642818	110842818	harbor1	chr3	110740063	110740508	LTR/ERVL-MaLR	1512	+	222	110740285	97467
chr3	29768236	29968236	harbor1	chr3	29771454	29771619	LTR/ERVL-MaLR	1204	+	82	29771536	3300
chr3	29768236	29968236	harbor1	chr3	29771995	29772343	LTR/ERVL-MaLR	1204	+	174	29772169	3933
chr3	29768236	29968236	harbor1	chr3	29793792	29794200	LTR/ERVL-MaLR	2152	+	204	29793996	25760
chr3	29768236	29968236	harbor1	chr3	29824084	29824456	LTR/ERVL-MaLR	1730	+	186	29824270	56034
chr3	29768236	29968236	harbor1	chr3	29825381	29825745	LTR/ERVL-MaLR	2670	+	182	29825563	57327
chr3	29768236	29968236	harbor1	chr3	29842584	29843029	LTR/ERVL-MaLR	1880	+	222	29842806	74570
chr3	23268000	23468000	harbor1	chr3	23311890	23312300	LTR/ERVL-MaLR	2660	+	205	23312095	44095
chr3	114431323	114631323	harbor1	chr3	114460273	114460752	LTR/ERVL-MaLR	2406	+	240	114460513	29190
chr3	114431323	114631323	harbor1	chr3	114485580	114485950	LTR/ERVL-MaLR	1739	+	185	114485765	54442
chr3	114431323	114631323	harbor1	chr3	114516531	114516978	LTR/ERVL-MaLR	2521	+	224	114516755	85432
chr3	114431323	114631323	harbor1	chr3	114529078	114529436	LTR/ERVL-MaLR	1036	+	179	114529257	97934
chr3	711551	911551	harbor1	chr3	721629	722188	LTR/ERVL-MaLR	1692	+	280	721909	10358
chr3	711551	911551	harbor1	chr3	735143	735526	LTR/ERVL-MaLR	602	+	192	735335	23784
chr3	711551	911551	harbor1	chr3	764414	764855	LTR/ERVL-MaLR	1277	+	220	764634	53083
chr3	711551	911551	harbor1	chr3	764856	765109	LTR/ERVL-MaLR	1136	+	126	764982	53431
chr3	711551	911551	harbor1	chr3	765103	765961	LTR/ERVL-MaLR	1827	+	429	765532	53981
chr3	711551	911551	harbor1	chr3	765974	766394	LTR/ERVL-MaLR	931	+	210	766184	54633
chr3	711551	911551	harbor1	chr3	790733	791085	LTR/ERVL-MaLR	1863	+	176	790909	79358
chr3	711551	911551	harbor1	chr3	794285	794696	LTR/ERVL-MaLR	1143	+	206	794491	82940
chr3	711551	911551	harbor1	chr3	797632	797802	LTR/ERVL-MaLR	512	+	85	797717	86166
chr3	711551	911551	harbor1	chr3	806940	807126	LTR/ERVL-MaLR	1008	+	93	807033	95482
chr3	711551	911551	harbor1	chr3	807664	807904	LTR/ERVL-MaLR	1316	+	120	807784	96233
chr3	711551	911551	harbor1	chr3	807905	809154	LTR/ERVL-MaLR	6220	+	624	808529	96978
chr3	26310250	26510250	harbor1	chr3	26333796	26334157	LTR/ERVL-MaLR	2514	+	180	26333976	23726
chr3	26310250	26510250	harbor1	chr3	26337849	26338244	LTR/ERVL-MaLR	1969	+	198	26338047	27797
chr3	26310250	26510250	harbor1	chr3	26373703	26374079	LTR/ERVL-MaLR	1855	+	188	26373891	63641
chr3	67392911	67592911	harbor1	chr3	67415740	67416163	LTR/ERVL-MaLR	1807	+	212	67415952	23041
chr3	67392911	67592911	harbor1	chr3	67423057	67423409	LTR/ERVL-MaLR	1989	+	176	67423233	30322
chr3	67392911	67592911	harbor1	chr3	67437877	67438040	LTR/ERVL-MaLR	508	+	82	67437959	45048
chr3	67392911	67592911	harbor1	chr3	67441424	67441687	LTR/ERVL-MaLR	810	+	132	67441556	48645
chr3	67392911	67592911	harbor1	chr3	67457819	67458286	LTR/ERVL-MaLR	502	+	234	67458053	65142
chr3	67392911	67592911	harbor1	chr3	67468303	67468851	LTR/ERVL-MaLR	484	+	274	67468577	75666
chr3	67392911	67592911	harbor1	chr3	67470411	67470813	LTR/ERVL-MaLR	1705	+	201	67470612	77701
chr3	887525	1087525	harbor1	chr3	910053	910453	LTR/ERVL-MaLR	2089	+	200	910253	22728
chr3	887525	1087525	harbor1	chr3	927509	927974	LTR/ERVL-MaLR	462	+	232	927741	40216
chr3	887525	1087525	harbor1	chr3	950426	950772	LTR/ERVL-MaLR	1593	+	173	950599	63074
chr3	887525	1087525	harbor1	chr3	959648	960064	LTR/ERVL-MaLR	1077	+	208	959856	72331
chr3	887525	1087525	harbor1	chr3	963080	963280	LTR/ERVL-MaLR	490	+	100	963180	75655
chr3	887525	1087525	harbor1	chr3	963344	963492	LTR/ERVL-MaLR	507	+	74	963418	75893
chr3	887525	1087525	harbor1	chr3	971661	972137	LTR/ERVL-MaLR	496	+	238	971899	84374
chr3	887525	1087525	harbor1	chr3	978947	979355	LTR/ERVL-MaLR	1789	+	204	979151	91626
chr3	178605179	178805179	harbor1	chr3	178605077	178605404	LTR/ERVL-MaLR	1662	+	164	178605241	62
chr3	178605179	178805179	harbor1	chr3	178605410	178606688	LTR/ERVL-MaLR	3055	+	639	178606049	870
chr3	178605179	178805179	harbor1	chr3	178606698	178607090	LTR/ERVL-MaLR	1868	+	196	178606894	1715
chr3	178605179	178805179	harbor1	chr3	178667136	178667254	LTR/ERVL-MaLR	1288	+	59	178667195	62016
chr3	178605179	178805179	harbor1	chr3	178667594	178667759	LTR/ERVL-MaLR	1288	+	82	178667676	62497
chr3	178605179	178805179	harbor1	chr3	178667255	178667593	LTR/ERVL-MaLR	1073	+	169	178667424	62245
chr3	98264038	98464038	harbor1	chr3	98339920	98340277	LTR/ERVL-MaLR	2094	+	178	98340098	76060
chr3	38198972	38398972	harbor1	chr3	38243961	38244123	LTR/ERVL-MaLR	485	+	81	38244042	45070
chr3	5500909	5700909	harbor1	chr3	5554928	5555286	LTR/ERVL-MaLR	1320	+	179	5555107	54198
chr3	5500909	5700909	harbor1	chr3	5555304	5555608	LTR/ERVL-MaLR	505	+	152	5555456	54547
chr3	5500909	5700909	harbor1	chr3	5563074	5563469	LTR/ERVL-MaLR	1429	+	198	5563272	62363
chr3	5500909	5700909	harbor1	chr3	5566814	5567331	LTR/ERVL-MaLR	2185	+	258	5567072	66163
chr3	5500909	5700909	harbor1	chr3	5577366	5577504	LTR/ERVL-MaLR	1913	+	69	5577435	76526
chr3	5500909	5700909	harbor1	chr3	5577809	5578044	LTR/ERVL-MaLR	1913	+	118	5577927	77018
chr3	28533140	28733140	harbor1	chr3	28533405	28533849	LTR/ERVL-MaLR	2243	+	222	28533627	487
chr3	28533140	28733140	harbor1	chr3	28546335	28546593	LTR/ERVL-MaLR	994	+	129	28546464	13324
chr3	28533140	28733140	harbor1	chr3	28559831	28560035	LTR/ERVL-MaLR	410	+	102	28559933	26793
chr3	28533140	28733140	harbor1	chr3	28565412	28565954	LTR/ERVL-MaLR	1853	+	271	28565683	32543
chr3	11132145	11332145	harbor1	chr3	11134384	11134543	LTR/ERVL-MaLR	489	+	80	11134464	2319
chr3	11132145	11332145	harbor1	chr3	11150947	11151475	LTR/ERVL-MaLR	1322	+	264	11151211	19066
chr3	11132145	11332145	harbor1	chr3	11199856	11200365	LTR/ERVL-MaLR	1147	+	254	11200110	67965
chr3	39123872	39323872	harbor1	chr3	39149886	39150217	LTR/ERVL-MaLR	1175	+	166	39150052	26180
chr3	39123872	39323872	harbor1	chr3	39157581	39157669	LTR/ERVL-MaLR	454	+	44	39157625	33753
chr3	39123872	39323872	harbor1	chr3	39170759	39170799	LTR/ERVL-MaLR	733	+	20	39170779	46907
chr3	39123872	39323872	harbor1	chr3	39171099	39171157	LTR/ERVL-MaLR	1208	+	29	39171128	47256
chr3	39123872	39323872	harbor1	chr3	39171455	39171856	LTR/ERVL-MaLR	1208	+	200	39171655	47783
chr3	39123872	39323872	harbor1	chr3	39179674	39179953	LTR/ERVL-MaLR	980	+	140	39179814	55942
chr3	39123872	39323872	harbor1	chr3	39179944	39180013	LTR/ERVL-MaLR	417	+	34	39179978	56106
chr3	39123872	39323872	harbor1	chr3	39198503	39198925	LTR/ERVL-MaLR	2706	+	211	39198714	74842
chr3	39123872	39323872	harbor1	chr3	39201235	39201617	LTR/ERVL-MaLR	1814	+	191	39201426	77554
chr3	39123872	39323872	harbor1	chr3	39201888	39202247	LTR/ERVL-MaLR	1082	+	180	39202068	78196
chr3	39123872	39323872	harbor1	chr3	39205045	39205557	LTR/ERVL-MaLR	1928	+	256	39205301	81429
chr3	39123872	39323872	harbor1	chr3	39210776	39211234	LTR/ERVL-MaLR	1894	+	229	39211005	87133
chr3	20205653	20405653	harbor1	chr3	20206556	20206938	LTR/ERVL-MaLR	1867	+	191	20206747	1094
chr3	180719030	180919030	harbor1	chr3	180724852	180725232	LTR/ERVL-MaLR	2105	+	190	180725042	6012
chr3	180719030	180919030	harbor1	chr3	180733438	180733907	LTR/ERVL-MaLR	1370	+	234	180733672	14642
chr3	180719030	180919030	harbor1	chr3	180750854	180751248	LTR/ERVL-MaLR	1392	+	197	180751051	32021
chr3	180719030	180919030	harbor1	chr3	180751582	180751932	LTR/ERVL-MaLR	1532	+	175	180751757	32727
chr3	180719030	180919030	harbor1	chr3	180787274	180787678	LTR/ERVL-MaLR	2146	+	202	180787476	68446
chr3	180719030	180919030	harbor1	chr3	180789858	180790198	LTR/ERVL-MaLR	1073	+	170	180790028	70998
chr3	180719030	180919030	harbor1	chr3	180794136	180794482	LTR/ERVL-MaLR	2075	+	173	180794309	75279
chr3	180719030	180919030	harbor1	chr3	180794787	180794826	LTR/ERVL-MaLR	2075	+	20	180794807	75777
chr3	180719030	180919030	harbor1	chr3	180795922	180796233	LTR/ERVL-MaLR	1918	+	156	180796078	77048
chr4	105310844	105510844	harbor1	chr4	105317994	105318403	LTR/ERVL-MaLR	2265	+	204	105318198	7354
chr4	105310844	105510844	harbor1	chr4	105355735	105356207	LTR/ERVL-MaLR	1354	+	236	105355971	45127
chr4	105310844	105510844	harbor1	chr4	105364704	105365051	LTR/ERVL-MaLR	2113	+	174	105364878	54034
chr4	105310844	105510844	harbor1	chr4	105365357	105365394	LTR/ERVL-MaLR	2113	+	18	105365375	54531
chr4	105310844	105510844	harbor1	chr4	105366924	105367293	LTR/ERVL-MaLR	1897	+	184	105367108	56264
chr4	105310844	105510844	harbor1	chr4	105397552	105397968	LTR/ERVL-MaLR	2231	+	208	105397760	86916
chr4	105310844	105510844	harbor1	chr4	105365402	105366923	LTR/ERVL-MaLR	10359	+	760	105366162	55318
chr4	19250126	19450126	harbor1	chr4	19251343	19251699	LTR/ERVL-MaLR	2707	+	178	19251521	1395
chr4	19250126	19450126	harbor1	chr4	19255119	19255321	LTR/ERVL-MaLR	2638	+	101	19255220	5094
chr4	19250126	19450126	harbor1	chr4	19256368	19256533	LTR/ERVL-MaLR	2638	+	82	19256450	6324
chr4	19250126	19450126	harbor1	chr4	19256785	19257000	LTR/ERVL-MaLR	588	+	108	19256893	6767
chr4	19250126	19450126	harbor1	chr4	19275710	19276116	LTR/ERVL-MaLR	2312	+	203	19275913	25787
chr4	19250126	19450126	harbor1	chr4	19284584	19285022	LTR/ERVL-MaLR	1339	+	219	19284803	34677
chr4	19250126	19450126	harbor1	chr4	19307479	19307828	LTR/ERVL-MaLR	2060	+	174	19307653	57527
chr4	19250126	19450126	harbor1	chr4	19312269	19312651	LTR/ERVL-MaLR	2334	+	191	19312460	62334
chr4	19250126	19450126	harbor1	chr4	19334267	19334452	LTR/ERVL-MaLR	1401	+	92	19334359	84233
chr4	19250126	19450126	harbor1	chr4	19334486	19334653	LTR/ERVL-MaLR	1401	+	84	19334570	84444
chr4	19250126	19450126	harbor1	chr4	19342001	19342429	LTR/ERVL-MaLR	2633	+	214	19342215	92089
chr4	19250126	19450126	harbor1	chr4	19345131	19345484	LTR/ERVL-MaLR	1940	+	176	19345307	95181
chr4	19250126	19450126	harbor1	chr4	19347932	19348496	LTR/ERVL-MaLR	1032	+	282	19348214	98088
chr4	19250126	19450126	harbor1	chr4	19249853	19251342	LTR/ERVL-MaLR	10302	+	744	19250597	471
chr4	6713772	6913772	harbor1	chr4	6724423	6724700	LTR/ERVL-MaLR	614	+	138	6724561	10789
chr4	6713772	6913772	harbor1	chr4	6739932	6740283	LTR/ERVL-MaLR	2083	+	176	6740108	26336
chr4	6713772	6913772	harbor1	chr4	6762447	6762562	LTR/ERVL-MaLR	428	+	58	6762505	48733
chr4	6713772	6913772	harbor1	chr4	6762601	6762755	LTR/ERVL-MaLR	1780	+	77	6762678	48906
chr4	6713772	6913772	harbor1	chr4	6763067	6763281	LTR/ERVL-MaLR	1780	+	107	6763174	49402
chr4	6713772	6913772	harbor1	chr4	6765612	6765922	LTR/ERVL-MaLR	751	+	155	6765767	51995
chr4	6713772	6913772	harbor1	chr4	6791820	6792176	LTR/ERVL-MaLR	2345	+	178	6791998	78226
chr4	6713772	6913772	harbor1	chr4	6809300	6809563	LTR/ERVL-MaLR	694	+	132	6809432	95660
chr4	177096803	177296803	harbor1	chr4	177125644	177126084	LTR/ERVL-MaLR	1098	+	220	177125864	29061
chr4	177096803	177296803	harbor1	chr4	177141055	177141428	LTR/ERVL-MaLR	1976	+	186	177141241	44438
chr4	177096803	177296803	harbor1	chr4	177141430	177143004	LTR/ERVL-MaLR	11606	+	787	177142217	45414
chr4	177096803	177296803	harbor1	chr4	177143005	177143378	LTR/ERVL-MaLR	1781	+	186	177143191	46388
chr4	177096803	177296803	harbor1	chr4	177152649	177153048	LTR/ERVL-MaLR	2038	+	200	177152849	56046
chr4	177096803	177296803	harbor1	chr4	177176686	177177036	LTR/ERVL-MaLR	1261	+	175	177176861	80058
chr4	125200706	125400706	harbor1	chr4	125218001	125218380	LTR/ERVL-MaLR	2748	+	190	125218191	17485
chr4	125200706	125400706	harbor1	chr4	125220672	125221478	LTR/ERVL-MaLR	5301	+	403	125221075	20369
chr4	125200706	125400706	harbor1	chr4	125231898	125232138	LTR/ERVL-MaLR	571	+	120	125232018	31312
chr4	125200706	125400706	harbor1	chr4	125269082	125269435	LTR/ERVL-MaLR	1704	+	176	125269258	68552
chr4	125200706	125400706	harbor1	chr4	125270979	125271205	LTR/ERVL-MaLR	1009	+	113	125271092	70386
chr4	125200706	125400706	harbor1	chr4	125285152	125285509	LTR/ERVL-MaLR	1636	+	178	125285330	84624
chr4	125200706	125400706	harbor1	chr4	125292244	125292511	LTR/ERVL-MaLR	965	+	134	125292378	91672
chr4	160586564	160786564	harbor1	chr4	160606563	160606746	LTR/ERVL-MaLR	1276	+	92	160606655	20091
chr4	160586564	160786564	harbor1	chr4	160607321	160607707	LTR/ERVL-MaLR	1276	+	193	160607514	20950
chr4	160586564	160786564	harbor1	chr4	160613829	160614301	LTR/ERVL-MaLR	1331	+	236	160614065	27501
chr4	160586564	160786564	harbor1	chr4	160624204	160624397	LTR/ERVL-MaLR	553	+	96	160624300	37736
chr4	160586564	160786564	harbor1	chr4	160627316	160627610	LTR/ERVL-MaLR	405	+	147	160627463	40899
chr4	126541171	126741171	harbor1	chr4	126558633	126558993	LTR/ERVL-MaLR	1880	+	180	126558813	17642
chr4	126541171	126741171	harbor1	chr4	126603095	126603555	LTR/ERVL-MaLR	926	+	230	126603325	62154
chr4	126541171	126741171	harbor1	chr4	126626044	126626357	LTR/ERVL-MaLR	1861	+	156	126626200	85029
chr4	20868970	21068970	harbor1	chr4	20870134	20870518	LTR/ERVL-MaLR	2113	+	192	20870326	1356
chr4	20868970	21068970	harbor1	chr4	20896333	20896773	LTR/ERVL-MaLR	1768	+	220	20896553	27583
chr4	20868970	21068970	harbor1	chr4	20897481	20897878	LTR/ERVL-MaLR	1592	+	198	20897679	28709
chr4	20868970	21068970	harbor1	chr4	20914270	20914576	LTR/ERVL-MaLR	1769	+	153	20914423	45453
chr4	20868970	21068970	harbor1	chr4	20950934	20951343	LTR/ERVL-MaLR	715	+	204	20951138	82168
chr4	41954857	42154857	harbor1	chr4	41967878	41968034	LTR/ERVL-MaLR	903	+	78	41967956	13099
chr4	41954857	42154857	harbor1	chr4	41968086	41969668	LTR/ERVL-MaLR	10592	+	791	41968877	14020
chr4	41954857	42154857	harbor1	chr4	41969669	41970023	LTR/ERVL-MaLR	2335	+	177	41969846	14989
chr4	41954857	42154857	harbor1	chr4	41972039	41972399	LTR/ERVL-MaLR	2118	+	180	41972219	17362
chr4	41954857	42154857	harbor1	chr4	41972400	41973968	LTR/ERVL-MaLR	11725	+	784	41973184	18327
chr4	41954857	42154857	harbor1	chr4	41973969	41974333	LTR/ERVL-MaLR	2181	+	182	41974151	19294
chr4	66835405	67035405	harbor1	chr4	66841214	66841555	LTR/ERVL-MaLR	1923	+	170	66841384	5979
chr4	66835405	67035405	harbor1	chr4	66856207	66856857	LTR/ERVL-MaLR	1751	+	325	66856532	21127
chr4	66835405	67035405	harbor1	chr4	66877088	66877556	LTR/ERVL-MaLR	870	+	234	66877322	41917
chr4	66835405	67035405	harbor1	chr4	66881610	66882023	LTR/ERVL-MaLR	1762	+	206	66881816	46411
chr4	66835405	67035405	harbor1	chr4	66882024	66883516	LTR/ERVL-MaLR	9350	+	746	66882770	47365
chr4	66835405	67035405	harbor1	chr4	66883517	66883888	LTR/ERVL-MaLR	2076	+	186	66883703	48298
chr4	66835405	67035405	harbor1	chr4	66915918	66916296	LTR/ERVL-MaLR	2373	+	189	66916107	80702
chr4	151923984	152123984	harbor1	chr4	151924925	151925083	LTR/ERVL-MaLR	403	+	79	151925004	1020
chr4	151923984	152123984	harbor1	chr4	151941680	151942043	LTR/ERVL-MaLR	2828	+	182	151941862	17878
chr4	151923984	152123984	harbor1	chr4	151942464	151942621	LTR/ERVL-MaLR	831	+	78	151942542	18558
chr4	151923984	152123984	harbor1	chr4	151942671	151942998	LTR/ERVL-MaLR	1239	+	164	151942835	18851
chr4	151923984	152123984	harbor1	chr4	151943365	151943409	LTR/ERVL-MaLR	1239	+	22	151943387	19403
chr4	151923984	152123984	harbor1	chr4	151945897	151946270	LTR/ERVL-MaLR	2644	+	186	151946083	22099
chr4	151923984	152123984	harbor1	chr4	151946288	151947821	LTR/ERVL-MaLR	10906	+	766	151947054	23070
chr4	151923984	152123984	harbor1	chr4	151947822	151948195	LTR/ERVL-MaLR	2576	+	186	151948008	24024
chr4	151923984	152123984	harbor1	chr4	151949379	151949860	LTR/ERVL-MaLR	2013	+	240	151949619	25635
chr4	151923984	152123984	harbor1	chr4	151954928	151955287	LTR/ERVL-MaLR	2244	+	180	151955108	31124
chr4	151923984	152123984	harbor1	chr4	151955789	151956326	LTR/ERVL-MaLR	2936	+	268	151956057	32073
chr4	151923984	152123984	harbor1	chr4	151971600	151972024	LTR/ERVL-MaLR	2575	+	212	151971812	47828
chr4	151923984	152123984	harbor1	chr4	151984723	151984914	LTR/ERVL-MaLR	409	+	96	151984819	60835
chr4	151923984	152123984	harbor1	chr4	151985207	151985277	LTR/ERVL-MaLR	409	+	35	151985242	61258
chr4	151923984	152123984	harbor1	chr4	151994577	151994912	LTR/ERVL-MaLR	925	+	168	151994745	70761
chr4	151923984	152123984	harbor1	chr4	152006428	152006834	LTR/ERVL-MaLR	1171	+	203	152006631	82647
chr4	151923984	152123984	harbor1	chr4	152015962	152016343	LTR/ERVL-MaLR	1607	+	190	152016152	92168
chr4	170178744	170378744	harbor1	chr4	170202723	170203095	LTR/ERVL-MaLR	1839	+	186	170202909	24165
chr4	170178744	170378744	harbor1	chr4	170213924	170214300	LTR/ERVL-MaLR	2042	+	188	170214112	35368
chr4	170178744	170378744	harbor1	chr4	170214301	170215998	LTR/ERVL-MaLR	10355	+	848	170215149	36405
chr4	170178744	170378744	harbor1	chr4	170215999	170216363	LTR/ERVL-MaLR	2084	+	182	170216181	37437
chr4	170178744	170378744	harbor1	chr4	170221443	170221877	LTR/ERVL-MaLR	2045	+	217	170221660	42916
chr4	170178744	170378744	harbor1	chr4	170231429	170231804	LTR/ERVL-MaLR	2359	+	188	170231617	52873
chr4	170178744	170378744	harbor1	chr4	170235632	170235902	LTR/ERVL-MaLR	445	+	135	170235767	57023
chr4	170178744	170378744	harbor1	chr4	170250644	170251106	LTR/ERVL-MaLR	1999	+	231	170250875	72131
chr4	170178744	170378744	harbor1	chr4	170252359	170252707	LTR/ERVL-MaLR	1863	+	174	170252533	73789
chr4	170178744	170378744	harbor1	chr4	170254218	170254551	LTR/ERVL-MaLR	1895	+	166	170254384	75640
chr4	170178744	170378744	harbor1	chr4	170256836	170256920	LTR/ERVL-MaLR	407	+	42	170256878	78134
chr4	172711870	172911870	harbor1	chr4	172733403	172733467	LTR/ERVL-MaLR	470	+	32	172733435	21565
chr4	172711870	172911870	harbor1	chr4	172733476	172733839	LTR/ERVL-MaLR	2558	+	182	172733658	21788
chr4	172711870	172911870	harbor1	chr4	172733840	172734425	LTR/ERVL-MaLR	3709	+	292	172734132	22262
chr4	172711870	172911870	harbor1	chr4	172734719	172735646	LTR/ERVL-MaLR	6555	+	464	172735183	23313
chr4	172711870	172911870	harbor1	chr4	172735647	172735758	LTR/ERVL-MaLR	2213	+	56	172735703	23833
chr4	172711870	172911870	harbor1	chr4	172736833	172737084	LTR/ERVL-MaLR	2213	+	126	172736959	25089
chr4	172711870	172911870	harbor1	chr4	172753030	172753376	LTR/ERVL-MaLR	2178	+	173	172753203	41333
chr4	172711870	172911870	harbor1	chr4	172761478	172761662	LTR/ERVL-MaLR	1909	+	92	172761570	49700
chr4	172711870	172911870	harbor1	chr4	172761708	172761893	LTR/ERVL-MaLR	1909	+	92	172761800	49930
chr4	172711870	172911870	harbor1	chr4	172772710	172773021	LTR/ERVL-MaLR	1001	+	156	172772866	60996
chr4	172711870	172911870	harbor1	chr4	172775622	172776194	LTR/ERVL-MaLR	1424	+	286	172775908	64038
chr4	172711870	172911870	harbor1	chr4	172790249	172790612	LTR/ERVL-MaLR	1218	+	182	172790431	78561
chr4	172711870	172911870	harbor1	chr4	172798239	172798634	LTR/ERVL-MaLR	2306	+	198	172798437	86567
chr4	84394301	84594301	harbor1	chr4	84421395	84421850	LTR/ERVL-MaLR	913	+	228	84421623	27322
chr4	131743652	131943652	harbor1	chr4	131779426	131779765	LTR/ERVL-MaLR	1324	+	170	131779596	35944
chr4	131743652	131943652	harbor1	chr4	131782053	131782225	LTR/ERVL-MaLR	538	+	86	131782139	38487
chr4	131743652	131943652	harbor1	chr4	131782220	131782281	LTR/ERVL-MaLR	445	+	30	131782250	38598
chr4	131743652	131943652	harbor1	chr4	131784589	131784934	LTR/ERVL-MaLR	1031	+	172	131784761	41109
chr4	131743652	131943652	harbor1	chr4	131828422	131829004	LTR/ERVL-MaLR	1405	+	291	131828713	85061
chr4	131743652	131943652	harbor1	chr4	131837584	131837949	LTR/ERVL-MaLR	2055	+	182	131837766	94114
chr4	131743652	131943652	harbor1	chr4	131837950	131839480	LTR/ERVL-MaLR	10491	+	765	131838715	95063
chr4	131743652	131943652	harbor1	chr4	131839481	131839839	LTR/ERVL-MaLR	1913	+	179	131839660	96008
chr4	131743652	131943652	harbor1	chr4	131825451	131825791	LTR/ERVL-MaLR	927	+	170	131825621	81969
chr4	156022177	156222177	harbor1	chr4	156026166	156026557	LTR/ERVL-MaLR	1884	+	196	156026362	4185
chr4	156022177	156222177	harbor1	chr4	156083026	156083399	LTR/ERVL-MaLR	1511	+	186	156083212	61035
chr4	156022177	156222177	harbor1	chr4	156088704	156089119	LTR/ERVL-MaLR	2416	+	208	156088912	66735
chr4	156022177	156222177	harbor1	chr4	156093236	156093610	LTR/ERVL-MaLR	1586	+	187	156093423	71246
chr4	156022177	156222177	harbor1	chr4	156110122	156110479	LTR/ERVL-MaLR	1425	+	178	156110300	88123
chr4	178428790	178628790	harbor1	chr4	178522161	178522725	LTR/ERVL-MaLR	1016	+	282	178522443	93653
chr4	178428790	178628790	harbor1	chr4	178524216	178524761	LTR/ERVL-MaLR	1380	+	272	178524488	95698
chr4	122335521	122535521	harbor1	chr4	122372582	122372841	LTR/ERVL-MaLR	1205	+	130	122372712	37191
chr4	81440715	81640715	harbor1	chr4	81517128	81517532	LTR/ERVL-MaLR	2295	+	202	81517330	76615
chr4	108195037	108395037	harbor1	chr4	108228400	108228500	LTR/ERVL-MaLR	722	+	50	108228450	33413
chr4	108195037	108395037	harbor1	chr4	108244862	108245343	LTR/ERVL-MaLR	938	+	240	108245102	50065
chr4	108195037	108395037	harbor1	chr4	108246471	108246651	LTR/ERVL-MaLR	489	+	90	108246561	51524
chr4	108195037	108395037	harbor1	chr4	108270397	108270770	LTR/ERVL-MaLR	1763	+	186	108270583	75546
chr4	108195037	108395037	harbor1	chr4	108277132	108277384	LTR/ERVL-MaLR	788	+	126	108277258	82221
chr4	41379139	41579139	harbor1	chr4	41381489	41381815	LTR/ERVL-MaLR	1248	+	163	41381652	2513
chr4	41379139	41579139	harbor1	chr4	41397046	41397255	LTR/ERVL-MaLR	452	+	104	41397150	18011
chr4	41379139	41579139	harbor1	chr4	41435164	41435523	LTR/ERVL-MaLR	1289	+	180	41435344	56205
chr4	41379139	41579139	harbor1	chr4	41434958	41435166	LTR/ERVL-MaLR	934	+	104	41435062	55923
chr4	146126953	146326953	harbor1	chr4	146131929	146132396	LTR/ERVL-MaLR	1491	+	234	146132163	5210
chr4	146126953	146326953	harbor1	chr4	146143430	146143973	LTR/ERVL-MaLR	1155	+	272	146143702	16749
chr4	146126953	146326953	harbor1	chr4	146147250	146147528	LTR/ERVL-MaLR	1273	+	139	146147389	20436
chr4	146126953	146326953	harbor1	chr4	146161179	146161502	LTR/ERVL-MaLR	923	+	162	146161341	34388
chr4	146126953	146326953	harbor1	chr4	146162051	146162440	LTR/ERVL-MaLR	1856	+	194	146162245	35292
chr4	146126953	146326953	harbor1	chr4	146166572	146166911	LTR/ERVL-MaLR	1999	+	170	146166742	39789
chr4	146126953	146326953	harbor1	chr4	146170271	146170636	LTR/ERVL-MaLR	1873	+	182	146170453	43500
chr4	19930301	20130301	harbor1	chr4	19975022	19975217	LTR/ERVL-MaLR	907	+	98	19975120	44819
chr4	19930301	20130301	harbor1	chr4	19975238	19975433	LTR/ERVL-MaLR	1226	+	98	19975336	45035
chr4	19930301	20130301	harbor1	chr4	19975790	19975808	LTR/ERVL-MaLR	1226	+	9	19975799	45498
chr4	19930301	20130301	harbor1	chr4	19977706	19977884	LTR/ERVL-MaLR	936	+	89	19977795	47494
chr4	19930301	20130301	harbor1	chr4	19977910	19979499	LTR/ERVL-MaLR	8053	+	794	19978704	48403
chr4	19930301	20130301	harbor1	chr4	19979507	19979921	LTR/ERVL-MaLR	2443	+	207	19979714	49413
chr4	19930301	20130301	harbor1	chr4	19979922	19980105	LTR/ERVL-MaLR	1017	+	92	19980014	49713
chr4	19930301	20130301	harbor1	chr4	19985924	19986288	LTR/ERVL-MaLR	2147	+	182	19986106	55805
chr4	19930301	20130301	harbor1	chr4	20001590	20001943	LTR/ERVL-MaLR	2107	+	176	20001766	71465
chr4	19930301	20130301	harbor1	chr4	20014033	20014382	LTR/ERVL-MaLR	1924	+	174	20014207	83906
chr4	19930301	20130301	harbor1	chr4	20016234	20016377	LTR/ERVL-MaLR	681	+	72	20016306	86005
chr4	19930301	20130301	harbor1	chr4	20016687	20016978	LTR/ERVL-MaLR	681	+	146	20016833	86532
chr4	19930301	20130301	harbor1	chr4	20023003	20023357	LTR/ERVL-MaLR	2246	+	177	20023180	92879
chr4	19930301	20130301	harbor1	chr4	20023657	20023810	LTR/ERVL-MaLR	582	+	76	20023733	93432
chr4	19930301	20130301	harbor1	chr4	20025500	20025684	LTR/ERVL-MaLR	427	+	92	20025592	95291
chr4	152609837	152809837	harbor1	chr4	152612314	152612487	LTR/ERVL-MaLR	592	+	86	152612400	2563
chr4	152609837	152809837	harbor1	chr4	152612804	152612907	LTR/ERVL-MaLR	592	+	52	152612856	3019
chr4	152609837	152809837	harbor1	chr4	152619389	152619950	LTR/ERVL-MaLR	2547	+	280	152619669	9832
chr4	152609837	152809837	harbor1	chr4	152621113	152621363	LTR/ERVL-MaLR	412	+	125	152621238	11401
chr4	152609837	152809837	harbor1	chr4	152654488	152654859	LTR/ERVL-MaLR	1721	+	186	152654674	44837
chr4	147382739	147582739	harbor1	chr4	147391710	147391878	LTR/ERVL-MaLR	1176	+	84	147391794	9055
chr4	147382739	147582739	harbor1	chr4	147391879	147392258	LTR/ERVL-MaLR	2135	+	190	147392069	9330
chr4	147382739	147582739	harbor1	chr4	147392259	147392436	LTR/ERVL-MaLR	1176	+	88	147392347	9608
chr4	147382739	147582739	harbor1	chr4	147392439	147392792	LTR/ERVL-MaLR	1420	+	176	147392615	9876
chr4	147382739	147582739	harbor1	chr4	147411267	147411584	LTR/ERVL-MaLR	818	+	158	147411425	28686
chr4	147382739	147582739	harbor1	chr4	147415828	147416175	LTR/ERVL-MaLR	1764	+	174	147416002	33263
chr4	147382739	147582739	harbor1	chr4	147417275	147417715	LTR/ERVL-MaLR	882	+	220	147417495	34756
chr4	147382739	147582739	harbor1	chr4	147430771	147431129	LTR/ERVL-MaLR	1562	+	179	147430950	48211
chr4	147382739	147582739	harbor1	chr4	147460549	147460920	LTR/ERVL-MaLR	2006	+	186	147460735	77996
chr4	147382739	147582739	harbor1	chr4	147461864	147462268	LTR/ERVL-MaLR	2311	+	202	147462066	79327
chr4	147382739	147582739	harbor1	chr4	147465319	147465771	LTR/ERVL-MaLR	692	+	226	147465545	82806
chr4	147382739	147582739	harbor1	chr4	147479767	147480241	LTR/ERVL-MaLR	793	+	237	147480004	97265
chr4	37400090	37600090	harbor1	chr4	37401916	37402300	LTR/ERVL-MaLR	1135	+	192	37402108	2018
chr4	37400090	37600090	harbor1	chr4	37474052	37474429	LTR/ERVL-MaLR	1783	+	188	37474240	74150
chr4	37400090	37600090	harbor1	chr4	37481762	37482137	LTR/ERVL-MaLR	2499	+	188	37481950	81860
chr4	37400090	37600090	harbor1	chr4	37482138	37482881	LTR/ERVL-MaLR	4362	+	372	37482510	82420
chr4	37400090	37600090	harbor1	chr4	37482864	37482975	LTR/ERVL-MaLR	681	+	56	37482920	82830
chr4	37400090	37600090	harbor1	chr4	37482976	37483348	LTR/ERVL-MaLR	2656	+	186	37483162	83072
chr4	37400090	37600090	harbor1	chr4	37484074	37484150	LTR/ERVL-MaLR	465	+	38	37484112	84022
chr4	37400090	37600090	harbor1	chr4	37484509	37484530	LTR/ERVL-MaLR	465	+	10	37484519	84429
chr4	37400090	37600090	harbor1	chr4	37484540	37484721	LTR/ERVL-MaLR	888	+	90	37484630	84540
chr4	37400090	37600090	harbor1	chr4	37484722	37484940	LTR/ERVL-MaLR	1341	+	109	37484831	84741
chr4	37400090	37600090	harbor1	chr4	37485232	37485609	LTR/ERVL-MaLR	2071	+	188	37485420	85330
chr4	88098907	88298907	harbor1	chr4	88101540	88101895	LTR/ERVL-MaLR	1234	+	178	88101718	2811
chr4	88098907	88298907	harbor1	chr4	88118992	88119343	LTR/ERVL-MaLR	2219	+	176	88119168	20261
chr4	88098907	88298907	harbor1	chr4	88119344	88120888	LTR/ERVL-MaLR	10268	+	772	88120116	21209
chr4	88098907	88298907	harbor1	chr4	88164036	88164072	LTR/ERVL-MaLR	2789	+	18	88164054	65147
chr4	88098907	88298907	harbor1	chr4	88164365	88164701	LTR/ERVL-MaLR	2789	+	168	88164533	65626
chr4	88098907	88298907	harbor1	chr4	88173997	88174153	LTR/ERVL-MaLR	841	+	78	88174075	75168
chr4	88098907	88298907	harbor1	chr4	88175062	88175135	LTR/ERVL-MaLR	425	+	36	88175098	76191
chr4	88098907	88298907	harbor1	chr4	88194130	88194268	LTR/ERVL-MaLR	528	+	69	88194199	95292
chr4	88098907	88298907	harbor1	chr4	88194580	88194689	LTR/ERVL-MaLR	528	+	54	88194634	95727
chr4	58520849	58720849	harbor1	chr4	58521161	58521572	LTR/ERVL-MaLR	2265	+	206	58521367	518
chr4	58520849	58720849	harbor1	chr4	58541794	58542286	LTR/ERVL-MaLR	1735	+	246	58542040	21191
chr4	58520849	58720849	harbor1	chr4	58550696	58551054	LTR/ERVL-MaLR	1646	+	179	58550875	30026
chr4	58520849	58720849	harbor1	chr4	58551584	58552097	LTR/ERVL-MaLR	1171	+	256	58551840	30991
chr4	58520849	58720849	harbor1	chr4	58553635	58554082	LTR/ERVL-MaLR	504	+	224	58553859	33010
chr4	58520849	58720849	harbor1	chr4	58570416	58570816	LTR/ERVL-MaLR	1797	+	200	58570616	49767
chr4	58520849	58720849	harbor1	chr4	58589970	58590325	LTR/ERVL-MaLR	1457	+	178	58590148	69299
chr4	58520849	58720849	harbor1	chr4	58609931	58610327	LTR/ERVL-MaLR	1513	+	198	58610129	89280
chr4	58520849	58720849	harbor1	chr4	58610330	58611960	LTR/ERVL-MaLR	6126	+	815	58611145	90296
chr4	58520849	58720849	harbor1	chr4	58611961	58612371	LTR/ERVL-MaLR	1350	+	205	58612166	91317
chr4	58520849	58720849	harbor1	chr4	58615072	58615469	LTR/ERVL-MaLR	1553	+	198	58615270	94421
chr4	177635805	177835805	harbor1	chr4	177657971	177658323	LTR/ERVL-MaLR	2350	+	176	177658147	22342
chr4	177635805	177835805	harbor1	chr4	177661830	177662197	LTR/ERVL-MaLR	2522	+	184	177662014	26209
chr4	177635805	177835805	harbor1	chr4	177687705	177688064	LTR/ERVL-MaLR	1485	+	180	177687885	52080
chr4	177635805	177835805	harbor1	chr4	177721420	177721867	LTR/ERVL-MaLR	1781	+	224	177721644	85839
chr4	177635805	177835805	harbor1	chr4	177732179	177732561	LTR/ERVL-MaLR	2292	+	191	177732370	96565
chr4	35208740	35408740	harbor1	chr4	35219696	35220106	LTR/ERVL-MaLR	611	+	205	35219901	11161
chr4	35208740	35408740	harbor1	chr4	35229499	35229751	LTR/ERVL-MaLR	884	+	126	35229625	20885
chr4	35208740	35408740	harbor1	chr4	35240524	35240885	LTR/ERVL-MaLR	1949	+	180	35240704	31964
chr4	35208740	35408740	harbor1	chr4	35242613	35242972	LTR/ERVL-MaLR	1988	+	180	35242793	34053
chr4	35208740	35408740	harbor1	chr4	35255477	35255838	LTR/ERVL-MaLR	1477	+	180	35255657	46917
chr4	35208740	35408740	harbor1	chr4	35255992	35256294	LTR/ERVL-MaLR	2133	+	151	35256143	47403
chr4	35208740	35408740	harbor1	chr4	35256295	35256652	LTR/ERVL-MaLR	2507	+	178	35256473	47733
chr4	35208740	35408740	harbor1	chr4	35268400	35268422	LTR/ERVL-MaLR	771	+	11	35268411	59671
chr4	35208740	35408740	harbor1	chr4	35268788	35269366	LTR/ERVL-MaLR	771	+	289	35269077	60337
chr4	35208740	35408740	harbor1	chr4	35283211	35283606	LTR/ERVL-MaLR	2136	+	198	35283409	74669
chr4	35208740	35408740	harbor1	chr4	35294750	35294960	LTR/ERVL-MaLR	1364	+	105	35294855	86115
chr4	35208740	35408740	harbor1	chr4	35306758	35306941	LTR/ERVL-MaLR	1408	+	92	35306850	98110
chr4	35208740	35408740	harbor1	chr4	35306973	35307086	LTR/ERVL-MaLR	1408	+	56	35307029	98289
chr4	35208740	35408740	harbor1	chr4	35307403	35307458	LTR/ERVL-MaLR	1408	+	28	35307431	98691
chr4	35208740	35408740	harbor1	chr4	35240888	35242610	LTR/ERVL-MaLR	9553	+	861	35241749	33009
chr4	46122644	46322644	harbor1	chr4	46132789	46133147	LTR/ERVL-MaLR	1457	+	179	46132968	10324
chr4	46122644	46322644	harbor1	chr4	46137395	46137786	LTR/ERVL-MaLR	2150	+	196	46137591	14947
chr4	46122644	46322644	harbor1	chr4	46176324	46176450	LTR/ERVL-MaLR	451	+	63	46176387	53743
chr4	46122644	46322644	harbor1	chr4	46178541	46178909	LTR/ERVL-MaLR	2173	+	184	46178725	56081
chr4	46122644	46322644	harbor1	chr4	46178910	46180479	LTR/ERVL-MaLR	11074	+	784	46179694	57050
chr4	46122644	46322644	harbor1	chr4	46180480	46180555	LTR/ERVL-MaLR	562	+	38	46180518	57874
chr4	46122644	46322644	harbor1	chr4	46185742	46186122	LTR/ERVL-MaLR	1196	+	190	46185932	63288
chr4	46122644	46322644	harbor1	chr4	46189871	46190261	LTR/ERVL-MaLR	557	+	195	46190066	67422
chr4	46122644	46322644	harbor1	chr4	46207534	46208004	LTR/ERVL-MaLR	684	+	235	46207769	85125
chr4	46122644	46322644	harbor1	chr4	46213088	46213435	LTR/ERVL-MaLR	1552	+	174	46213262	90618
chr4	31585939	31785939	harbor1	chr4	31600875	31601008	LTR/ERVL-MaLR	548	+	66	31600941	15002
chr4	31585939	31785939	harbor1	chr4	31625913	31626291	LTR/ERVL-MaLR	1175	+	189	31626102	40163
chr4	31585939	31785939	harbor1	chr4	31628549	31628947	LTR/ERVL-MaLR	1583	+	199	31628748	42809
chr4	31585939	31785939	harbor1	chr4	31645664	31645947	LTR/ERVL-MaLR	1535	+	142	31645806	59867
chr4	31585939	31785939	harbor1	chr4	31646258	31646328	LTR/ERVL-MaLR	1535	+	35	31646293	60354
chr4	31585939	31785939	harbor1	chr4	31666026	31666459	LTR/ERVL-MaLR	1511	+	216	31666242	80303
chr4	111550960	111750960	harbor1	chr4	111596952	111597292	LTR/ERVL-MaLR	1608	+	170	111597122	46162
chr4	111550960	111750960	harbor1	chr4	111606187	111606394	LTR/ERVL-MaLR	429	+	104	111606291	55331
chr4	111550960	111750960	harbor1	chr4	111608043	111608357	LTR/ERVL-MaLR	1341	+	157	111608200	57240
chr4	11304743	11504743	harbor1	chr4	11308082	11308388	LTR/ERVL-MaLR	1852	+	153	11308235	3492
chr4	11304743	11504743	harbor1	chr4	11308650	11308671	LTR/ERVL-MaLR	1852	+	10	11308660	3917
chr4	11304743	11504743	harbor1	chr4	11308716	11308784	LTR/ERVL-MaLR	1852	+	34	11308750	4007
chr4	11304743	11504743	harbor1	chr4	11317581	11317861	LTR/ERVL-MaLR	1662	+	140	11317721	12978
chr4	11304743	11504743	harbor1	chr4	11318167	11318582	LTR/ERVL-MaLR	3020	+	208	11318375	13632
chr4	11304743	11504743	harbor1	chr4	11320008	11320085	LTR/ERVL-MaLR	484	+	38	11320046	15303
chr4	11304743	11504743	harbor1	chr4	11322908	11323309	LTR/ERVL-MaLR	2077	+	200	11323108	18365
chr4	11304743	11504743	harbor1	chr4	11323310	11324846	LTR/ERVL-MaLR	8417	+	768	11324078	19335
chr4	11304743	11504743	harbor1	chr4	11324847	11325244	LTR/ERVL-MaLR	1723	+	198	11325045	20302
chr4	11304743	11504743	harbor1	chr4	11328327	11328763	LTR/ERVL-MaLR	1062	+	218	11328545	23802
chr4	11304743	11504743	harbor1	chr4	11329036	11329170	LTR/ERVL-MaLR	545	+	67	11329103	24360
chr4	11304743	11504743	harbor1	chr4	11347284	11347665	LTR/ERVL-MaLR	1626	+	190	11347474	42731
chr4	11304743	11504743	harbor1	chr4	11357176	11357531	LTR/ERVL-MaLR	2162	+	178	11357354	52611
chr4	11304743	11504743	harbor1	chr4	11375941	11376380	LTR/ERVL-MaLR	1643	+	220	11376161	71418
chr4	11304743	11504743	harbor1	chr4	11385294	11385665	LTR/ERVL-MaLR	2038	+	186	11385480	80737
chr4	11304743	11504743	harbor1	chr4	11387409	11387672	LTR/ERVL-MaLR	1577	+	132	11387541	82798
chr4	11304743	11504743	harbor1	chr4	11390308	11390775	LTR/ERVL-MaLR	647	+	234	11390542	85799
chr4	11304743	11504743	harbor1	chr4	11400775	11401031	LTR/ERVL-MaLR	448	+	128	11400903	96160
chr4	11304743	11504743	harbor1	chr4	11385668	11387408	LTR/ERVL-MaLR	6074	+	870	11386538	81795
chr4	180394441	180594441	harbor1	chr4	180408312	180408444	LTR/ERVL-MaLR	1679	+	66	180408378	13937
chr4	180394441	180594441	harbor1	chr4	180408798	180409018	LTR/ERVL-MaLR	1679	+	110	180408908	14467
chr4	180394441	180594441	harbor1	chr4	180475826	180476127	LTR/ERVL-MaLR	1005	+	150	180475976	81535
chr4	175698119	175898119	harbor1	chr4	175757007	175757509	LTR/ERVL-MaLR	1399	+	251	175757258	59139
chr4	175698119	175898119	harbor1	chr4	175784966	175785461	LTR/ERVL-MaLR	771	+	248	175785214	87095
chr4	175698119	175898119	harbor1	chr4	175795293	175795467	LTR/ERVL-MaLR	838	+	87	175795380	97261
chr4	175698119	175898119	harbor1	chr4	175795758	175796017	LTR/ERVL-MaLR	838	+	130	175795888	97769
chr4	107802869	108002869	harbor1	chr4	107802790	107802997	LTR/ERVL-MaLR	1221	+	104	107802894	25
chr4	107802869	108002869	harbor1	chr4	107803039	107803251	LTR/ERVL-MaLR	1221	+	106	107803145	276
chr4	107802869	108002869	harbor1	chr4	107818491	107819077	LTR/ERVL-MaLR	2595	+	293	107818784	15915
chr4	107802869	108002869	harbor1	chr4	107833342	107833416	LTR/ERVL-MaLR	1988	+	37	107833379	30510
chr4	107802869	108002869	harbor1	chr4	107833709	107834138	LTR/ERVL-MaLR	1988	+	214	107833923	31054
chr4	107802869	108002869	harbor1	chr4	107849923	107850340	LTR/ERVL-MaLR	2781	+	208	107850131	47262
chr4	69505296	69705296	harbor1	chr4	69547291	69547691	LTR/ERVL-MaLR	1408	+	200	69547491	42195
chr4	69505296	69705296	harbor1	chr4	69566487	69566857	LTR/ERVL-MaLR	1809	+	185	69566672	61376
chr4	13891379	14091379	harbor1	chr4	13897842	13898138	LTR/ERVL-MaLR	1276	+	148	13897990	6611
chr4	13891379	14091379	harbor1	chr4	13898139	13898599	LTR/ERVL-MaLR	1762	+	230	13898369	6990
chr4	13891379	14091379	harbor1	chr4	13898600	13898898	LTR/ERVL-MaLR	1276	+	149	13898749	7370
chr4	13891379	14091379	harbor1	chr4	13906264	13906627	LTR/ERVL-MaLR	754	+	182	13906446	15067
chr4	13891379	14091379	harbor1	chr4	13918003	13918308	LTR/ERVL-MaLR	868	+	152	13918155	26776
chr4	13891379	14091379	harbor1	chr4	13932006	13932324	LTR/ERVL-MaLR	575	+	159	13932165	40786
chr4	13891379	14091379	harbor1	chr4	13957433	13957867	LTR/ERVL-MaLR	2405	+	217	13957650	66271
chr4	13891379	14091379	harbor1	chr4	13961984	13962463	LTR/ERVL-MaLR	1242	+	240	13962224	70845
chr4	13891379	14091379	harbor1	chr4	13893489	13893857	LTR/ERVL-MaLR	2469	+	184	13893673	2294
chr4	93608156	93808156	harbor1	chr4	93652066	93652350	LTR/ERVL-MaLR	2036	+	142	93652208	44052
chr4	93608156	93808156	harbor1	chr4	93652688	93652752	LTR/ERVL-MaLR	2036	+	32	93652720	44564
chr4	93608156	93808156	harbor1	chr4	93688894	93689283	LTR/ERVL-MaLR	2294	+	194	93689088	80932
chr4	173217660	173417660	harbor1	chr4	173234618	173235062	LTR/ERVL-MaLR	2364	+	222	173234840	17180
chr4	168722666	168922666	harbor1	chr4	168748968	168749362	LTR/ERVL-MaLR	2153	+	197	168749165	26499
chr4	168722666	168922666	harbor1	chr4	168753469	168753975	LTR/ERVL-MaLR	1999	+	253	168753722	31056
chr4	168722666	168922666	harbor1	chr4	168805918	168806058	LTR/ERVL-MaLR	2031	+	70	168805988	83322
chr4	168722666	168922666	harbor1	chr4	168806364	168806614	LTR/ERVL-MaLR	2031	+	125	168806489	83823
chr4	189712793	189912793	harbor1	chr4	189717668	189717762	LTR/ERVL-MaLR	746	+	47	189717715	4922
chr4	189712793	189912793	harbor1	chr4	189737076	189737438	LTR/ERVL-MaLR	2255	+	181	189737257	24464
chr4	189712793	189912793	harbor1	chr4	189752281	189752631	LTR/ERVL-MaLR	1971	+	175	189752456	39663
chr4	189712793	189912793	harbor1	chr4	189752632	189754202	LTR/ERVL-MaLR	11316	+	785	189753417	40624
chr4	189712793	189912793	harbor1	chr4	189754203	189754549	LTR/ERVL-MaLR	2047	+	173	189754376	41583
chr4	189712793	189912793	harbor1	chr4	189801238	189801772	LTR/ERVL-MaLR	1533	+	267	189801505	88712
chr4	189712793	189912793	harbor1	chr4	189809316	189809504	LTR/ERVL-MaLR	536	+	94	189809410	96617
chr4	65681722	65881722	harbor1	chr4	65693243	65693438	LTR/ERVL-MaLR	469	+	98	65693341	11619
chr4	65681722	65881722	harbor1	chr4	65776523	65776884	LTR/ERVL-MaLR	2092	+	180	65776703	94981
chr4	65681722	65881722	harbor1	chr4	65776885	65778389	LTR/ERVL-MaLR	10071	+	752	65777637	95915
chr4	65681722	65881722	harbor1	chr4	65778390	65778751	LTR/ERVL-MaLR	2176	+	180	65778570	96848
chr4	63496157	63696157	harbor1	chr4	63584148	63584528	LTR/ERVL-MaLR	1952	+	190	63584338	88181
chr4	63496157	63696157	harbor1	chr4	63586295	63586789	LTR/ERVL-MaLR	554	+	247	63586542	90385
chr4	82126099	82326099	harbor1	chr4	82126545	82126932	LTR/ERVL-MaLR	2180	+	194	82126739	640
chr4	82126099	82326099	harbor1	chr4	82138465	82138862	LTR/ERVL-MaLR	948	+	198	82138663	12564
chr4	82126099	82326099	harbor1	chr4	82216912	82217343	LTR/ERVL-MaLR	2027	+	216	82217128	91029
chr4	82126099	82326099	harbor1	chr4	82221471	82221826	LTR/ERVL-MaLR	2195	+	178	82221649	95550
chr4	82126099	82326099	harbor1	chr4	82223725	82224195	LTR/ERVL-MaLR	1621	+	235	82223960	97861
chr4	4658971	4858971	harbor1	chr4	4659266	4659695	LTR/ERVL-MaLR	788	+	214	4659480	509
chr4	4658971	4858971	harbor1	chr4	4662188	4662564	LTR/ERVL-MaLR	1168	+	188	4662376	3405
chr4	4658971	4858971	harbor1	chr4	4680081	4680450	LTR/ERVL-MaLR	1186	+	184	4680265	21294
chr4	4658971	4858971	harbor1	chr4	4689691	4690247	LTR/ERVL-MaLR	2052	+	278	4689969	30998
chr4	4658971	4858971	harbor1	chr4	4703414	4703771	LTR/ERVL-MaLR	2477	+	178	4703592	44621
chr4	4658971	4858971	harbor1	chr4	4704606	4704757	LTR/ERVL-MaLR	846	+	76	4704682	45711
chr4	4658971	4858971	harbor1	chr4	4704890	4704919	LTR/ERVL-MaLR	1240	+	14	4704904	45933
chr4	4658971	4858971	harbor1	chr4	4705046	4705313	LTR/ERVL-MaLR	1240	+	134	4705180	46209
chr4	4658971	4858971	harbor1	chr4	4705433	4705867	LTR/ERVL-MaLR	937	+	217	4705650	46679
chr4	4658971	4858971	harbor1	chr4	4719199	4719332	LTR/ERVL-MaLR	743	+	66	4719265	60294
chr4	4658971	4858971	harbor1	chr4	4719738	4719985	LTR/ERVL-MaLR	743	+	124	4719862	60891
chr4	4658971	4858971	harbor1	chr4	4726917	4727327	LTR/ERVL-MaLR	2539	+	205	4727122	68151
chr4	4658971	4858971	harbor1	chr4	4727390	4727447	LTR/ERVL-MaLR	417	+	28	4727418	68447
chr4	4658971	4858971	harbor1	chr4	4732015	4732434	LTR/ERVL-MaLR	2710	+	210	4732225	73254
chr4	4658971	4858971	harbor1	chr4	4738888	4738966	LTR/ERVL-MaLR	482	+	39	4738927	79956
chr4	4658971	4858971	harbor1	chr4	4739947	4740375	LTR/ERVL-MaLR	2819	+	214	4740161	81190
chr4	4658971	4858971	harbor1	chr4	4744676	4745063	LTR/ERVL-MaLR	769	+	194	4744870	85899
chr4	187661498	187861498	harbor1	chr4	187681640	187681984	LTR/ERVL-MaLR	1080	+	172	187681812	20314
chr4	187661498	187861498	harbor1	chr4	187695468	187695828	LTR/ERVL-MaLR	2732	+	180	187695648	34150
chr4	187661498	187861498	harbor1	chr4	187695831	187696353	LTR/ERVL-MaLR	9687	+	261	187696092	34594
chr4	187661498	187861498	harbor1	chr4	187696658	187697783	LTR/ERVL-MaLR	9687	+	562	187697220	35722
chr4	187661498	187861498	harbor1	chr4	187697786	187698149	LTR/ERVL-MaLR	2509	+	182	187697968	36470
chr4	187661498	187861498	harbor1	chr4	187730190	187730615	LTR/ERVL-MaLR	2497	+	212	187730402	68904
chr4	187661498	187861498	harbor1	chr4	187750384	187751602	LTR/ERVL-MaLR	7525	+	609	187750993	89495
chr4	18905232	19105232	harbor1	chr4	18908565	18908736	LTR/ERVL-MaLR	952	+	86	18908651	3419
chr4	18905232	19105232	harbor1	chr4	18912216	18912591	LTR/ERVL-MaLR	2278	+	188	18912404	7172
chr4	18905232	19105232	harbor1	chr4	18912595	18913778	LTR/ERVL-MaLR	7849	+	592	18913187	7955
chr4	18905232	19105232	harbor1	chr4	18916544	18916964	LTR/ERVL-MaLR	2217	+	210	18916754	11522
chr4	18905232	19105232	harbor1	chr4	18965002	18965393	LTR/ERVL-MaLR	1329	+	196	18965198	59966
chr4	18905232	19105232	harbor1	chr4	18967822	18967841	LTR/ERVL-MaLR	2021	+	10	18967832	62600
chr4	18905232	19105232	harbor1	chr4	18967842	18968175	LTR/ERVL-MaLR	1222	+	166	18968008	62776
chr4	18905232	19105232	harbor1	chr4	18968176	18968521	LTR/ERVL-MaLR	2021	+	172	18968348	63116
chr4	18905232	19105232	harbor1	chr4	18980494	18980565	LTR/ERVL-MaLR	989	+	36	18980530	75298
chr4	18905232	19105232	harbor1	chr4	18981056	18981542	LTR/ERVL-MaLR	1154	+	243	18981299	76067
chr4	18905232	19105232	harbor1	chr4	18993807	18994183	LTR/ERVL-MaLR	1492	+	188	18993995	88763
chr4	18905232	19105232	harbor1	chr4	18994186	18995885	LTR/ERVL-MaLR	5613	+	850	18995036	89804
chr4	18905232	19105232	harbor1	chr4	18995886	18996246	LTR/ERVL-MaLR	1224	+	180	18996066	90834
chr4	62886403	63086403	harbor1	chr4	62886607	62887002	LTR/ERVL-MaLR	1713	+	198	62886805	402
chr4	62886403	63086403	harbor1	chr4	62934990	62935352	LTR/ERVL-MaLR	2165	+	181	62935171	48768
chr4	62886403	63086403	harbor1	chr4	62935353	62936930	LTR/ERVL-MaLR	11379	+	788	62936141	49738
chr4	62886403	63086403	harbor1	chr4	62936931	62937296	LTR/ERVL-MaLR	2131	+	182	62937113	50710
chr4	62886403	63086403	harbor1	chr4	62963099	62963491	LTR/ERVL-MaLR	1449	+	196	62963295	76892
chr4	162016648	162216648	harbor1	chr4	162088900	162089279	LTR/ERVL-MaLR	1459	+	190	162089090	72442
chr4	129823031	130023031	harbor1	chr4	129896571	129896819	LTR/ERVL-MaLR	970	+	124	129896695	73664
chr4	129823031	130023031	harbor1	chr4	129907609	129907947	LTR/ERVL-MaLR	1517	+	169	129907778	84747
chr4	129823031	130023031	harbor1	chr4	129918812	129919162	LTR/ERVL-MaLR	2200	+	175	129918987	95956
chr4	132808712	133008712	harbor1	chr4	132868361	132868713	LTR/ERVL-MaLR	2108	+	176	132868537	59825
chr4	132808712	133008712	harbor1	chr4	132906281	132906682	LTR/ERVL-MaLR	1343	+	200	132906481	97769
chr4	97724477	97924477	harbor1	chr4	97747944	97748176	LTR/ERVL-MaLR	417	+	116	97748060	23583
chr4	97724477	97924477	harbor1	chr4	97761143	97761605	LTR/ERVL-MaLR	1964	+	231	97761374	36897
chr4	97724477	97924477	harbor1	chr4	97809322	97809909	LTR/ERVL-MaLR	1961	+	294	97809616	85139
chr4	28878407	29078407	harbor1	chr4	28911297	28911660	LTR/ERVL-MaLR	1406	+	182	28911479	33072
chr4	28878407	29078407	harbor1	chr4	28916119	28916521	LTR/ERVL-MaLR	1176	+	201	28916320	37913
chr4	28878407	29078407	harbor1	chr4	28917358	28917712	LTR/ERVL-MaLR	1827	+	177	28917535	39128
chr4	28878407	29078407	harbor1	chr4	28918014	28918051	LTR/ERVL-MaLR	1827	+	18	28918032	39625
chr4	28878407	29078407	harbor1	chr4	28955345	28955524	LTR/ERVL-MaLR	616	+	90	28955435	77028
chr4	28878407	29078407	harbor1	chr4	28967576	28967772	LTR/ERVL-MaLR	731	+	98	28967674	89267
chr4	28878407	29078407	harbor1	chr4	28969163	28969513	LTR/ERVL-MaLR	932	+	175	28969338	90931
chr4	22139271	22339271	harbor1	chr4	22142088	22142383	LTR/ERVL-MaLR	2236	+	148	22142236	2965
chr4	22139271	22339271	harbor1	chr4	22155236	22155597	LTR/ERVL-MaLR	2508	+	180	22155416	16145
chr4	22139271	22339271	harbor1	chr4	22180390	22180784	LTR/ERVL-MaLR	1335	+	197	22180587	41316
chr4	22139271	22339271	harbor1	chr4	22184533	22185154	LTR/ERVL-MaLR	2073	+	310	22184843	45572
chr4	22139271	22339271	harbor1	chr4	22202253	22202658	LTR/ERVL-MaLR	982	+	202	22202455	63184
chr4	22139271	22339271	harbor1	chr4	22209499	22209884	LTR/ERVL-MaLR	1833	+	192	22209691	70420
chr4	22139271	22339271	harbor1	chr4	22220066	22220424	LTR/ERVL-MaLR	2282	+	179	22220245	80974
chr4	22139271	22339271	harbor1	chr4	22220432	22220845	LTR/ERVL-MaLR	2224	+	206	22220638	81367
chr4	22139271	22339271	harbor1	chr4	22225535	22226008	LTR/ERVL-MaLR	1790	+	236	22225771	86500
chr4	26779759	26979759	harbor1	chr4	26789212	26789384	LTR/ERVL-MaLR	694	+	86	26789298	9539
chr4	26779759	26979759	harbor1	chr4	26790186	26790430	LTR/ERVL-MaLR	847	+	122	26790308	10549
chr4	26779759	26979759	harbor1	chr4	26799494	26799846	LTR/ERVL-MaLR	1974	+	176	26799670	19911
chr4	26779759	26979759	harbor1	chr4	26806598	26806932	LTR/ERVL-MaLR	1119	+	167	26806765	27006
chr4	26779759	26979759	harbor1	chr4	26822854	26823001	LTR/ERVL-MaLR	888	+	74	26822928	43169
chr4	26779759	26979759	harbor1	chr4	26823354	26823772	LTR/ERVL-MaLR	888	+	209	26823563	43804
chr4	26779759	26979759	harbor1	chr4	26823939	26824371	LTR/ERVL-MaLR	852	+	216	26824155	44396
chr4	26779759	26979759	harbor1	chr4	26833910	26834287	LTR/ERVL-MaLR	2319	+	188	26834098	54339
chr4	26779759	26979759	harbor1	chr4	26834992	26835471	LTR/ERVL-MaLR	2714	+	240	26835232	55473
chr4	26779759	26979759	harbor1	chr4	26850081	26850266	LTR/ERVL-MaLR	1531	+	92	26850173	70414
chr4	26779759	26979759	harbor1	chr4	26850569	26850797	LTR/ERVL-MaLR	1531	+	114	26850683	70924
chr4	26779759	26979759	harbor1	chr4	26851412	26851432	LTR/ERVL-MaLR	1531	+	10	26851422	71663
chr4	26779759	26979759	harbor1	chr4	26877763	26878114	LTR/ERVL-MaLR	1220	+	176	26877939	98180
chr5	143035685	143235685	harbor1	chr5	143123078	143123219	LTR/ERVL-MaLR	735	+	70	143123148	87463
chr5	102401648	102601648	harbor1	chr5	102407570	102408022	LTR/ERVL-MaLR	1663	+	226	102407796	6148
chr5	102401648	102601648	harbor1	chr5	102439946	102440217	LTR/ERVL-MaLR	619	+	136	102440082	38434
chr5	102401648	102601648	harbor1	chr5	102440654	102440783	LTR/ERVL-MaLR	619	+	64	102440718	39070
chr5	102401648	102601648	harbor1	chr5	102479047	102479422	LTR/ERVL-MaLR	1982	+	188	102479235	77587
chr5	102401648	102601648	harbor1	chr5	102481888	102482085	LTR/ERVL-MaLR	492	+	98	102481986	80338
chr5	176001735	176201735	harbor1	chr5	176020538	176020729	LTR/ERVL-MaLR	1451	+	96	176020634	18899
chr5	176001735	176201735	harbor1	chr5	176021965	176022163	LTR/ERVL-MaLR	1451	+	99	176022064	20329
chr5	176001735	176201735	harbor1	chr5	176025597	176025911	LTR/ERVL-MaLR	1240	+	157	176025754	24019
chr5	176001735	176201735	harbor1	chr5	176051589	176051752	LTR/ERVL-MaLR	536	+	82	176051671	49936
chr5	176001735	176201735	harbor1	chr5	176058391	176058519	LTR/ERVL-MaLR	488	+	64	176058455	56720
chr5	176001735	176201735	harbor1	chr5	176058828	176058915	LTR/ERVL-MaLR	488	+	44	176058872	57137
chr5	176001735	176201735	harbor1	chr5	176077043	176077236	LTR/ERVL-MaLR	529	+	96	176077139	75404
chr5	87020004	87220004	harbor1	chr5	87083649	87084223	LTR/ERVL-MaLR	964	+	287	87083936	63932
chr5	156808738	157008738	harbor1	chr5	156816298	156816829	LTR/ERVL-MaLR	2313	+	266	156816564	7826
chr5	156808738	157008738	harbor1	chr5	156829811	156830287	LTR/ERVL-MaLR	1096	+	238	156830049	21311
chr5	156808738	157008738	harbor1	chr5	156845117	156845453	LTR/ERVL-MaLR	1385	+	168	156845285	36547
chr5	156808738	157008738	harbor1	chr5	156868559	156868870	LTR/ERVL-MaLR	609	+	156	156868715	59977
chr5	156808738	157008738	harbor1	chr5	156868892	156869307	LTR/ERVL-MaLR	2414	+	208	156869100	60362
chr5	156808738	157008738	harbor1	chr5	156870443	156870908	LTR/ERVL-MaLR	983	+	232	156870675	61937
chr5	131191986	131391986	harbor1	chr5	131195602	131195938	LTR/ERVL-MaLR	793	+	168	131195770	3784
chr5	131191986	131391986	harbor1	chr5	131209840	131210243	LTR/ERVL-MaLR	2403	+	202	131210042	18056
chr5	131191986	131391986	harbor1	chr5	131228647	131229015	LTR/ERVL-MaLR	1412	+	184	131228831	36845
chr5	131191986	131391986	harbor1	chr5	131233822	131234130	LTR/ERVL-MaLR	856	+	154	131233976	41990
chr5	178697554	178897554	harbor1	chr5	178704232	178704593	LTR/ERVL-MaLR	1600	+	180	178704412	6858
chr5	178697554	178897554	harbor1	chr5	178720256	178720720	LTR/ERVL-MaLR	1403	+	232	178720488	22934
chr5	178697554	178897554	harbor1	chr5	178740822	178741315	LTR/ERVL-MaLR	1069	+	246	178741068	43514
chr5	178697554	178897554	harbor1	chr5	178757980	178758150	LTR/ERVL-MaLR	662	+	85	178758065	60511
chr5	178697554	178897554	harbor1	chr5	178763860	178764105	LTR/ERVL-MaLR	463	+	122	178763982	66428
chr5	178697554	178897554	harbor1	chr5	178792351	178792683	LTR/ERVL-MaLR	2039	+	166	178792517	94963
chr5	99461037	99661037	harbor1	chr5	99476334	99476710	LTR/ERVL-MaLR	2095	+	188	99476522	15485
chr5	99461037	99661037	harbor1	chr5	99484512	99484868	LTR/ERVL-MaLR	2372	+	178	99484690	23653
chr5	24363764	24563764	harbor1	chr5	24463517	24464008	LTR/ERVL-MaLR	1151	+	246	24463763	99999
chr5	8036024	8236024	harbor1	chr5	8038016	8038363	LTR/ERVL-MaLR	2471	+	174	8038190	2166
chr5	8036024	8236024	harbor1	chr5	8038364	8038728	LTR/ERVL-MaLR	1906	+	182	8038546	2522
chr5	8036024	8236024	harbor1	chr5	8045825	8046184	LTR/ERVL-MaLR	2099	+	180	8046005	9981
chr5	8036024	8236024	harbor1	chr5	8046185	8046794	LTR/ERVL-MaLR	4292	+	304	8046489	10465
chr5	8036024	8236024	harbor1	chr5	8106379	8106754	LTR/ERVL-MaLR	2151	+	188	8106567	70543
chr5	8036024	8236024	harbor1	chr5	8113946	8114325	LTR/ERVL-MaLR	1893	+	190	8114136	78112
chr5	84051850	84251850	harbor1	chr5	84095241	84096749	LTR/ERVL-MaLR	10485	+	754	84095995	44145
chr5	84051850	84251850	harbor1	chr5	84096750	84097115	LTR/ERVL-MaLR	2262	+	182	84096932	45082
chr5	84051850	84251850	harbor1	chr5	84110916	84111290	LTR/ERVL-MaLR	1951	+	187	84111103	59253
chr5	112317505	112517505	harbor1	chr5	112318395	112318738	LTR/ERVL-MaLR	970	+	172	112318567	1062
chr5	112317505	112517505	harbor1	chr5	112402034	112402384	LTR/ERVL-MaLR	2115	+	175	112402209	84704
chr5	112317505	112517505	harbor1	chr5	112405026	112405468	LTR/ERVL-MaLR	1161	+	221	112405247	87742
chr5	112317505	112517505	harbor1	chr5	112410713	112411099	LTR/ERVL-MaLR	554	+	193	112410906	93401
chr5	100339448	100539448	harbor1	chr5	100372454	100372816	LTR/ERVL-MaLR	2446	+	181	100372635	33187
chr5	100339448	100539448	harbor1	chr5	100385772	100386128	LTR/ERVL-MaLR	2284	+	178	100385950	46502
chr5	100339448	100539448	harbor1	chr5	100386129	100387669	LTR/ERVL-MaLR	8996	+	770	100386899	47451
chr5	100339448	100539448	harbor1	chr5	100387677	100387879	LTR/ERVL-MaLR	1195	+	101	100387778	48330
chr5	100339448	100539448	harbor1	chr5	100394738	100394781	LTR/ERVL-MaLR	1589	+	22	100394760	55312
chr5	100339448	100539448	harbor1	chr5	100395084	100395363	LTR/ERVL-MaLR	1589	+	140	100395224	55776
chr5	100339448	100539448	harbor1	chr5	100395663	100395730	LTR/ERVL-MaLR	1589	+	34	100395697	56249
chr5	100339448	100539448	harbor1	chr5	100406799	100406906	LTR/ERVL-MaLR	454	+	54	100406853	67405
chr5	100339448	100539448	harbor1	chr5	100406930	100407077	LTR/ERVL-MaLR	564	+	74	100407004	67556
chr5	100339448	100539448	harbor1	chr5	100407229	100407544	LTR/ERVL-MaLR	587	+	158	100407387	67939
chr5	6345858	6545858	harbor1	chr5	6353117	6353466	LTR/ERVL-MaLR	646	+	174	6353291	7433
chr5	6345858	6545858	harbor1	chr5	6361138	6361463	LTR/ERVL-MaLR	611	+	162	6361300	15442
chr5	6345858	6545858	harbor1	chr5	6370990	6371374	LTR/ERVL-MaLR	1482	+	192	6371182	25324
chr5	6345858	6545858	harbor1	chr5	6390835	6391208	LTR/ERVL-MaLR	2393	+	186	6391021	45163
chr5	6345858	6545858	harbor1	chr5	6392958	6393342	LTR/ERVL-MaLR	1745	+	192	6393150	47292
chr5	6345858	6545858	harbor1	chr5	6397833	6398244	LTR/ERVL-MaLR	997	+	206	6398039	52181
chr5	6345858	6545858	harbor1	chr5	6409006	6409403	LTR/ERVL-MaLR	2255	+	198	6409204	63346
chr5	6345858	6545858	harbor1	chr5	6421584	6421743	LTR/ERVL-MaLR	1084	+	80	6421664	75806
chr5	6345858	6545858	harbor1	chr5	6422050	6422381	LTR/ERVL-MaLR	1084	+	166	6422216	76358
chr5	130434211	130634211	harbor1	chr5	130435951	130436037	LTR/ERVL-MaLR	632	+	43	130435994	1783
chr5	130434211	130634211	harbor1	chr5	130449969	130450355	LTR/ERVL-MaLR	2172	+	193	130450162	15951
chr5	130434211	130634211	harbor1	chr5	130454091	130454432	LTR/ERVL-MaLR	1558	+	170	130454261	20050
chr5	130434211	130634211	harbor1	chr5	130458707	130459060	LTR/ERVL-MaLR	2102	+	176	130458883	24672
chr5	130434211	130634211	harbor1	chr5	130459061	130460075	LTR/ERVL-MaLR	7428	+	507	130459568	25357
chr5	130434211	130634211	harbor1	chr5	130460057	130460935	LTR/ERVL-MaLR	6084	+	439	130460496	26285
chr5	130434211	130634211	harbor1	chr5	130460936	130461295	LTR/ERVL-MaLR	2069	+	180	130461116	26905
chr5	102004588	102204588	harbor1	chr5	102032176	102032537	LTR/ERVL-MaLR	2144	+	180	102032356	27768
chr5	102004588	102204588	harbor1	chr5	102036574	102036818	LTR/ERVL-MaLR	1127	+	122	102036696	32108
chr5	102004588	102204588	harbor1	chr5	102037179	102037207	LTR/ERVL-MaLR	1127	+	14	102037193	32605
chr5	102004588	102204588	harbor1	chr5	102052805	102053166	LTR/ERVL-MaLR	569	+	180	102052985	48397
chr5	102004588	102204588	harbor1	chr5	102074947	102075157	LTR/ERVL-MaLR	870	+	105	102075052	70464
chr5	92028988	92228988	harbor1	chr5	92035343	92035682	LTR/ERVL-MaLR	1966	+	170	92035513	6525
chr5	92028988	92228988	harbor1	chr5	92065286	92065688	LTR/ERVL-MaLR	2074	+	201	92065487	36499
chr5	92028988	92228988	harbor1	chr5	92065689	92067237	LTR/ERVL-MaLR	7758	+	774	92066463	37475
chr5	92028988	92228988	harbor1	chr5	92106980	92107115	LTR/ERVL-MaLR	547	+	68	92107048	78060
chr5	172476219	172676219	harbor1	chr5	172483848	172484353	LTR/ERVL-MaLR	1124	+	252	172484100	7881
chr5	172476219	172676219	harbor1	chr5	172496162	172496522	LTR/ERVL-MaLR	2638	+	180	172496342	20123
chr5	172476219	172676219	harbor1	chr5	172503126	172503420	LTR/ERVL-MaLR	418	+	147	172503273	27054
chr5	172476219	172676219	harbor1	chr5	172507980	172508370	LTR/ERVL-MaLR	1425	+	195	172508175	31956
chr5	172476219	172676219	harbor1	chr5	172533059	172533292	LTR/ERVL-MaLR	424	+	116	172533175	56956
chr5	172476219	172676219	harbor1	chr5	172539365	172539609	LTR/ERVL-MaLR	1421	+	122	172539487	63268
chr5	172476219	172676219	harbor1	chr5	172541387	172541719	LTR/ERVL-MaLR	542	+	166	172541553	65334
chr5	172476219	172676219	harbor1	chr5	172546568	172546999	LTR/ERVL-MaLR	1376	+	216	172546784	70565
chr5	172476219	172676219	harbor1	chr5	172550425	172550686	LTR/ERVL-MaLR	761	+	130	172550555	74336
chr5	172476219	172676219	harbor1	chr5	172539877	172540002	LTR/ERVL-MaLR	854	+	62	172539939	63720
chr5	131106664	131306664	harbor1	chr5	131126125	131126473	LTR/ERVL-MaLR	2469	+	174	131126299	19635
chr5	131106664	131306664	harbor1	chr5	131126474	131126628	LTR/ERVL-MaLR	1154	+	77	131126551	19887
chr5	131106664	131306664	harbor1	chr5	131126794	131127543	LTR/ERVL-MaLR	5476	+	374	131127168	20504
chr5	131106664	131306664	harbor1	chr5	131150800	131151055	LTR/ERVL-MaLR	761	+	128	131150928	44264
chr5	131106664	131306664	harbor1	chr5	131152017	131152186	LTR/ERVL-MaLR	509	+	84	131152101	45437
chr5	131106664	131306664	harbor1	chr5	131167613	131167851	LTR/ERVL-MaLR	1168	+	119	131167732	61068
chr5	131106664	131306664	harbor1	chr5	131168141	131168171	LTR/ERVL-MaLR	1168	+	15	131168156	61492
chr5	131106664	131306664	harbor1	chr5	131195602	131195938	LTR/ERVL-MaLR	793	+	168	131195770	89106
chr5	6088382	6288382	harbor1	chr5	6097778	6098191	LTR/ERVL-MaLR	2734	+	206	6097984	9602
chr5	6088382	6288382	harbor1	chr5	6103834	6103933	LTR/ERVL-MaLR	434	+	50	6103884	15502
chr5	6088382	6288382	harbor1	chr5	6104300	6104373	LTR/ERVL-MaLR	434	+	36	6104336	15954
chr5	6088382	6288382	harbor1	chr5	6104623	6104824	LTR/ERVL-MaLR	817	+	100	6104723	16341
chr5	6088382	6288382	harbor1	chr5	6115194	6115555	LTR/ERVL-MaLR	1901	+	180	6115374	26992
chr5	6088382	6288382	harbor1	chr5	6132366	6132766	LTR/ERVL-MaLR	2821	+	200	6132566	44184
chr5	6088382	6288382	harbor1	chr5	6132771	6133164	LTR/ERVL-MaLR	2539	+	196	6132967	44585
chr5	6088382	6288382	harbor1	chr5	6165187	6165562	LTR/ERVL-MaLR	2158	+	188	6165375	76993
chr5	6088382	6288382	harbor1	chr5	6185954	6186544	LTR/ERVL-MaLR	773	+	295	6186249	97867
chr5	32090403	32290403	harbor1	chr5	32134958	32135312	LTR/ERVL-MaLR	1170	+	177	32135135	44732
chr5	32090403	32290403	harbor1	chr5	32155626	32155676	LTR/ERVL-MaLR	1291	+	25	32155651	65248
chr5	32090403	32290403	harbor1	chr5	32155987	32156216	LTR/ERVL-MaLR	1291	+	114	32156101	65698
chr5	32090403	32290403	harbor1	chr5	32156517	32156547	LTR/ERVL-MaLR	1291	+	15	32156532	66129
chr5	32090403	32290403	harbor1	chr5	32176485	32176689	LTR/ERVL-MaLR	836	+	102	32176587	86184
chr5	32090403	32290403	harbor1	chr5	32181343	32181556	LTR/ERVL-MaLR	1502	+	106	32181449	91046
chr5	32090403	32290403	harbor1	chr5	32181866	32182032	LTR/ERVL-MaLR	2060	+	83	32181949	91546
chr5	32090403	32290403	harbor1	chr5	32182320	32182369	LTR/ERVL-MaLR	2060	+	24	32182344	91941
chr5	32090403	32290403	harbor1	chr5	32182370	32182424	LTR/ERVL-MaLR	1782	+	27	32182397	91994
chr5	32090403	32290403	harbor1	chr5	32182743	32183092	LTR/ERVL-MaLR	1782	+	174	32182917	92514
chr5	32090403	32290403	harbor1	chr5	32183093	32183498	LTR/ERVL-MaLR	2060	+	202	32183295	92892
chr5	32090403	32290403	harbor1	chr5	32185330	32185529	LTR/ERVL-MaLR	2363	+	100	32185430	95027
chr5	32090403	32290403	harbor1	chr5	32185845	32186051	LTR/ERVL-MaLR	2363	+	103	32185948	95545
chr5	179517171	179717171	harbor1	chr5	179548021	179548177	LTR/ERVL-MaLR	510	+	78	179548099	30928
chr5	179517171	179717171	harbor1	chr5	179548207	179548344	LTR/ERVL-MaLR	446	+	68	179548275	31104
chr5	140016915	140216915	harbor1	chr5	140026901	140026980	LTR/ERVL-MaLR	2030	+	40	140026941	10026
chr5	140016915	140216915	harbor1	chr5	140027284	140027500	LTR/ERVL-MaLR	2030	+	108	140027392	10477
chr5	140016915	140216915	harbor1	chr5	140027786	140028026	LTR/ERVL-MaLR	2030	+	120	140027906	10991
chr5	140016915	140216915	harbor1	chr5	140028386	140028706	LTR/ERVL-MaLR	1062	+	160	140028546	11631
chr5	140016915	140216915	harbor1	chr5	140028711	140029209	LTR/ERVL-MaLR	900	+	249	140028960	12045
chr5	140016915	140216915	harbor1	chr5	140058323	140058614	LTR/ERVL-MaLR	481	+	146	140058469	41554
chr5	140016915	140216915	harbor1	chr5	140065922	140066194	LTR/ERVL-MaLR	1397	+	136	140066058	49143
chr5	140016915	140216915	harbor1	chr5	140079906	140079949	LTR/ERVL-MaLR	2326	+	22	140079928	63013
chr5	140016915	140216915	harbor1	chr5	140080570	140081057	LTR/ERVL-MaLR	2326	+	244	140080814	63899
chr5	140016915	140216915	harbor1	chr5	140087076	140087257	LTR/ERVL-MaLR	436	+	90	140087166	70251
chr5	35507357	35707357	harbor1	chr5	35509679	35509932	LTR/ERVL-MaLR	732	+	126	35509805	2448
chr5	35507357	35707357	harbor1	chr5	35514070	35514409	LTR/ERVL-MaLR	1141	+	170	35514240	6883
chr5	35507357	35707357	harbor1	chr5	35531097	35531444	LTR/ERVL-MaLR	1601	+	174	35531271	23914
chr5	35507357	35707357	harbor1	chr5	35532993	35533139	LTR/ERVL-MaLR	1601	+	73	35533066	25709
chr5	35507357	35707357	harbor1	chr5	35533750	35534218	LTR/ERVL-MaLR	2175	+	234	35533984	26627
chr5	35507357	35707357	harbor1	chr5	35538231	35538616	LTR/ERVL-MaLR	2054	+	192	35538423	31066
chr5	35507357	35707357	harbor1	chr5	35542793	35543059	LTR/ERVL-MaLR	924	+	133	35542926	35569
chr5	35507357	35707357	harbor1	chr5	35544121	35544561	LTR/ERVL-MaLR	1606	+	220	35544341	36984
chr5	35507357	35707357	harbor1	chr5	35562695	35563953	LTR/ERVL-MaLR	9320	+	629	35563324	55967
chr5	35507357	35707357	harbor1	chr5	35563954	35564321	LTR/ERVL-MaLR	2328	+	184	35564138	56781
chr5	35507357	35707357	harbor1	chr5	35565093	35565475	LTR/ERVL-MaLR	1608	+	191	35565284	57927
chr5	35507357	35707357	harbor1	chr5	35599469	35599810	LTR/ERVL-MaLR	2123	+	170	35599639	92282
chr5	35507357	35707357	harbor1	chr5	35606325	35606558	LTR/ERVL-MaLR	1314	+	116	35606441	99084
chr5	75214570	75414570	harbor1	chr5	75223677	75224081	LTR/ERVL-MaLR	1666	+	202	75223879	9309
chr5	75214570	75414570	harbor1	chr5	75273090	75273485	LTR/ERVL-MaLR	1461	+	198	75273288	58718
chr5	75214570	75414570	harbor1	chr5	75277244	75277669	LTR/ERVL-MaLR	1392	+	212	75277456	62886
chr5	75214570	75414570	harbor1	chr5	75279937	75280531	LTR/ERVL-MaLR	1797	+	297	75280234	65664
chr5	148271112	148471112	harbor1	chr5	148287267	148287467	LTR/ERVL-MaLR	479	+	100	148287367	16255
chr5	148271112	148471112	harbor1	chr5	148304240	148304304	LTR/ERVL-MaLR	1375	+	32	148304272	33160
chr5	148271112	148471112	harbor1	chr5	148304704	148305021	LTR/ERVL-MaLR	1375	+	158	148304862	33750
chr5	148271112	148471112	harbor1	chr5	148311594	148311888	LTR/ERVL-MaLR	451	+	147	148311741	40629
chr5	148271112	148471112	harbor1	chr5	148362132	148362593	LTR/ERVL-MaLR	1600	+	230	148362362	91250
chr5	98051787	98251787	harbor1	chr5	98067968	98068322	LTR/ERVL-MaLR	2209	+	177	98068145	16358
chr5	98051787	98251787	harbor1	chr5	98070957	98071411	LTR/ERVL-MaLR	1488	+	227	98071184	19397
chr5	98051787	98251787	harbor1	chr5	98071441	98071578	LTR/ERVL-MaLR	1488	+	68	98071509	19722
chr5	98051787	98251787	harbor1	chr5	98076567	98076919	LTR/ERVL-MaLR	1979	+	176	98076743	24956
chr5	98051787	98251787	harbor1	chr5	98095140	98095516	LTR/ERVL-MaLR	1755	+	188	98095328	43541
chr5	98051787	98251787	harbor1	chr5	98112304	98112493	LTR/ERVL-MaLR	509	+	94	98112398	60611
chr5	98051787	98251787	harbor1	chr5	98128492	98128849	LTR/ERVL-MaLR	1422	+	178	98128670	76883
chr5	98051787	98251787	harbor1	chr5	98131983	98132234	LTR/ERVL-MaLR	743	+	126	98132109	80322
chr5	106164471	106364471	harbor1	chr5	106166276	106166659	LTR/ERVL-MaLR	2130	+	192	106166468	1997
chr5	106164471	106364471	harbor1	chr5	106199628	106199749	LTR/ERVL-MaLR	588	+	60	106199688	35217
chr5	106164471	106364471	harbor1	chr5	106253940	106254317	LTR/ERVL-MaLR	2035	+	188	106254128	89657
chr5	106164471	106364471	harbor1	chr5	106254321	106255957	LTR/ERVL-MaLR	9367	+	818	106255139	90668
chr5	106164471	106364471	harbor1	chr5	106255960	106256328	LTR/ERVL-MaLR	1838	+	184	106256144	91673
chr5	38750889	38950889	harbor1	chr5	38756577	38756936	LTR/ERVL-MaLR	1408	+	180	38756757	5868
chr5	38750889	38950889	harbor1	chr5	38764909	38765093	LTR/ERVL-MaLR	1173	+	92	38765001	14112
chr5	38750889	38950889	harbor1	chr5	38766199	38766451	LTR/ERVL-MaLR	462	+	126	38766325	15436
chr5	38750889	38950889	harbor1	chr5	38778813	38779248	LTR/ERVL-MaLR	1512	+	218	38779031	28142
chr5	38750889	38950889	harbor1	chr5	38785594	38785898	LTR/ERVL-MaLR	2062	+	152	38785746	34857
chr5	38750889	38950889	harbor1	chr5	38785899	38787526	LTR/ERVL-MaLR	11788	+	814	38786713	35824
chr5	38750889	38950889	harbor1	chr5	38787527	38787889	LTR/ERVL-MaLR	2797	+	181	38787708	36819
chr5	38750889	38950889	harbor1	chr5	38793047	38793566	LTR/ERVL-MaLR	1514	+	260	38793307	42418
chr5	38750889	38950889	harbor1	chr5	38827248	38827608	LTR/ERVL-MaLR	1609	+	180	38827428	76539
chr5	38750889	38950889	harbor1	chr5	38827790	38828096	LTR/ERVL-MaLR	1530	+	153	38827943	77054
chr5	38750889	38950889	harbor1	chr5	38829131	38829286	LTR/ERVL-MaLR	480	+	78	38829209	78320
chr5	38750889	38950889	harbor1	chr5	38833539	38833827	LTR/ERVL-MaLR	449	+	144	38833683	82794
chr5	38750889	38950889	harbor1	chr5	38764416	38764607	LTR/ERVL-MaLR	1173	+	96	38764512	13623
chr5	38750889	38950889	harbor1	chr5	38780846	38781323	LTR/ERVL-MaLR	1642	+	238	38781084	30195
chr5	66954490	67154490	harbor1	chr5	66974921	66975116	LTR/ERVL-MaLR	797	+	98	66975019	20529
chr5	66954490	67154490	harbor1	chr5	66975130	66975321	LTR/ERVL-MaLR	708	+	96	66975226	20736
chr5	51331814	51531814	harbor1	chr5	51344996	51345367	LTR/ERVL-MaLR	886	+	186	51345182	13368
chr5	51331814	51531814	harbor1	chr5	51362749	51363059	LTR/ERVL-MaLR	1594	+	155	51362904	31090
chr5	51331814	51531814	harbor1	chr5	51363370	51363489	LTR/ERVL-MaLR	1594	+	60	51363430	31616
chr5	51331814	51531814	harbor1	chr5	51370348	51370994	LTR/ERVL-MaLR	2608	+	323	51370671	38857
chr5	51331814	51531814	harbor1	chr5	51408293	51408670	LTR/ERVL-MaLR	1550	+	188	51408481	76667
chr5	81728658	81928658	harbor1	chr5	81743619	81744023	LTR/ERVL-MaLR	435	+	202	81743821	15163
chr5	81728658	81928658	harbor1	chr5	81819691	81820042	LTR/ERVL-MaLR	1660	+	176	81819867	91209
chr5	81728658	81928658	harbor1	chr5	81828019	81828415	LTR/ERVL-MaLR	2401	+	198	81828217	99559
chr5	57939556	58139556	harbor1	chr5	57946623	57946979	LTR/ERVL-MaLR	1655	+	178	57946801	7245
chr5	57939556	58139556	harbor1	chr5	57953914	57954285	LTR/ERVL-MaLR	1693	+	186	57954100	14544
chr5	57939556	58139556	harbor1	chr5	57974539	57974920	LTR/ERVL-MaLR	1849	+	190	57974729	35173
chr5	57939556	58139556	harbor1	chr5	57975461	57975639	LTR/ERVL-MaLR	833	+	89	57975550	35994
chr5	57939556	58139556	harbor1	chr5	57975640	57975806	LTR/ERVL-MaLR	1468	+	83	57975723	36167
chr5	57939556	58139556	harbor1	chr5	57975841	57976026	LTR/ERVL-MaLR	1468	+	92	57975933	36377
chr5	57939556	58139556	harbor1	chr5	57984951	57985332	LTR/ERVL-MaLR	2285	+	190	57985141	45585
chr5	57939556	58139556	harbor1	chr5	58006443	58006788	LTR/ERVL-MaLR	2017	+	172	58006615	67059
chr5	57939556	58139556	harbor1	chr5	58007322	58007721	LTR/ERVL-MaLR	1110	+	200	58007522	67966
chr5	57939556	58139556	harbor1	chr5	58018205	58018563	LTR/ERVL-MaLR	1687	+	179	58018384	78828
chr5	57939556	58139556	harbor1	chr5	58020739	58021097	LTR/ERVL-MaLR	1832	+	179	58020918	81362
chr5	57939556	58139556	harbor1	chr5	58021551	58021993	LTR/ERVL-MaLR	518	+	221	58021772	82216
chr5	57939556	58139556	harbor1	chr5	58037658	58038147	LTR/ERVL-MaLR	1664	+	244	58037902	98346
chr5	15825385	16025385	harbor1	chr5	15832818	15833177	LTR/ERVL-MaLR	2387	+	180	15832998	7613
chr5	15825385	16025385	harbor1	chr5	15841647	15842572	LTR/ERVL-MaLR	6002	+	462	15842109	16724
chr5	15825385	16025385	harbor1	chr5	15842573	15842928	LTR/ERVL-MaLR	1897	+	178	15842751	17366
chr5	15825385	16025385	harbor1	chr5	15847113	15847141	LTR/ERVL-MaLR	2242	+	14	15847127	21742
chr5	15825385	16025385	harbor1	chr5	15847517	15848110	LTR/ERVL-MaLR	2242	+	296	15847813	22428
chr5	15825385	16025385	harbor1	chr5	15849362	15849716	LTR/ERVL-MaLR	2252	+	177	15849539	24154
chr5	15825385	16025385	harbor1	chr5	15862082	15862443	LTR/ERVL-MaLR	2191	+	180	15862262	36877
chr5	15825385	16025385	harbor1	chr5	15863579	15863931	LTR/ERVL-MaLR	1467	+	176	15863755	38370
chr5	15825385	16025385	harbor1	chr5	15864193	15864303	LTR/ERVL-MaLR	429	+	55	15864248	38863
chr5	15825385	16025385	harbor1	chr5	15867552	15867823	LTR/ERVL-MaLR	1826	+	136	15867688	42303
chr5	15825385	16025385	harbor1	chr5	15868125	15868449	LTR/ERVL-MaLR	1826	+	162	15868287	42902
chr5	177041941	177241941	harbor1	chr5	177072521	177072567	LTR/ERVL-MaLR	646	+	23	177072544	30603
chr5	177041941	177241941	harbor1	chr5	177072821	177072958	LTR/ERVL-MaLR	646	+	68	177072889	30948
chr5	177041941	177241941	harbor1	chr5	177073721	177074199	LTR/ERVL-MaLR	788	+	239	177073960	32019
chr5	177041941	177241941	harbor1	chr5	177076115	177076313	LTR/ERVL-MaLR	820	+	99	177076214	34273
chr5	167767179	167967179	harbor1	chr5	167811197	167811604	LTR/ERVL-MaLR	2340	+	204	167811401	44222
chr5	24856824	25056824	harbor1	chr5	24879872	24880325	LTR/ERVL-MaLR	1196	+	226	24880098	23274
chr5	24856824	25056824	harbor1	chr5	24889112	24889480	LTR/ERVL-MaLR	2216	+	184	24889296	32472
chr5	24856824	25056824	harbor1	chr5	24897474	24897853	LTR/ERVL-MaLR	1988	+	190	24897664	40840
chr5	24856824	25056824	harbor1	chr5	24924644	24924809	LTR/ERVL-MaLR	651	+	82	24924726	67902
chr5	24856824	25056824	harbor1	chr5	24925508	24925706	LTR/ERVL-MaLR	818	+	99	24925607	68783
chr5	24856824	25056824	harbor1	chr5	24927000	24927401	LTR/ERVL-MaLR	1391	+	200	24927200	70376
chr5	24856824	25056824	harbor1	chr5	24953738	24953891	LTR/ERVL-MaLR	793	+	76	24953814	96990
chr5	24856824	25056824	harbor1	chr5	24955456	24955873	LTR/ERVL-MaLR	2204	+	208	24955664	98840
chr5	63320095	63520095	harbor1	chr5	63341044	63341407	LTR/ERVL-MaLR	1639	+	182	63341226	21131
chr5	63320095	63520095	harbor1	chr5	63347204	63347527	LTR/ERVL-MaLR	1302	+	162	63347366	27271
chr5	63320095	63520095	harbor1	chr5	63347847	63347913	LTR/ERVL-MaLR	1302	+	33	63347880	27785
chr5	63320095	63520095	harbor1	chr5	63382761	63383186	LTR/ERVL-MaLR	2132	+	212	63382973	62878
chr5	126257657	126457657	harbor1	chr5	126258749	126259107	LTR/ERVL-MaLR	2054	+	179	126258928	1271
chr5	126257657	126457657	harbor1	chr5	126337601	126337955	LTR/ERVL-MaLR	1674	+	177	126337778	80121
chr5	126257657	126457657	harbor1	chr5	126351355	126351595	LTR/ERVL-MaLR	643	+	120	126351475	93818
chr5	80966518	81166518	harbor1	chr5	81064744	81064959	LTR/ERVL-MaLR	544	+	108	81064852	98334
chr5	80966518	81166518	harbor1	chr5	81064995	81065231	LTR/ERVL-MaLR	910	+	118	81065113	98595
chr5	156356183	156556183	harbor1	chr5	156356653	156357077	LTR/ERVL-MaLR	1035	+	212	156356865	682
chr5	156356183	156556183	harbor1	chr5	156398588	156398833	LTR/ERVL-MaLR	722	+	122	156398710	42527
chr5	156356183	156556183	harbor1	chr5	156404820	156405095	LTR/ERVL-MaLR	1100	+	138	156404958	48775
chr5	156356183	156556183	harbor1	chr5	156455727	156456116	LTR/ERVL-MaLR	1252	+	194	156455921	99738
chr5	51003529	51203529	harbor1	chr5	51018057	51018276	LTR/ERVL-MaLR	419	+	110	51018167	14638
chr5	27969438	28169438	harbor1	chr5	27971099	27971462	LTR/ERVL-MaLR	1660	+	182	27971281	1843
chr5	27969438	28169438	harbor1	chr5	27975940	27976091	LTR/ERVL-MaLR	747	+	76	27976016	6578
chr5	27969438	28169438	harbor1	chr5	27988313	27988687	LTR/ERVL-MaLR	1033	+	187	27988500	19062
chr5	27969438	28169438	harbor1	chr5	27991175	27991531	LTR/ERVL-MaLR	1896	+	178	27991353	21915
chr5	27969438	28169438	harbor1	chr5	28009592	28009983	LTR/ERVL-MaLR	1677	+	196	28009788	40350
chr5	27969438	28169438	harbor1	chr5	28010511	28010869	LTR/ERVL-MaLR	1910	+	179	28010690	41252
chr5	27969438	28169438	harbor1	chr5	28010870	28011638	LTR/ERVL-MaLR	5119	+	384	28011254	41816
chr5	27969438	28169438	harbor1	chr5	28015407	28016206	LTR/ERVL-MaLR	5595	+	400	28015807	46369
chr5	27969438	28169438	harbor1	chr5	28016207	28016572	LTR/ERVL-MaLR	2011	+	182	28016389	46951
chr5	27969438	28169438	harbor1	chr5	28022337	28022688	LTR/ERVL-MaLR	1490	+	176	28022513	53075
chr5	21019770	21219770	harbor1	chr5	21022190	21022548	LTR/ERVL-MaLR	2206	+	179	21022369	2599
chr5	21019770	21219770	harbor1	chr5	21029749	21030102	LTR/ERVL-MaLR	1665	+	176	21029925	10155
chr5	21019770	21219770	harbor1	chr5	21036527	21036874	LTR/ERVL-MaLR	2265	+	174	21036701	16931
chr5	21019770	21219770	harbor1	chr5	21062335	21062711	LTR/ERVL-MaLR	1781	+	188	21062523	42753
chr5	21019770	21219770	harbor1	chr5	21062714	21064249	LTR/ERVL-MaLR	7396	+	768	21063482	43712
chr5	21019770	21219770	harbor1	chr5	21064257	21064601	LTR/ERVL-MaLR	1921	+	172	21064429	44659
chr5	21019770	21219770	harbor1	chr5	21065970	21066382	LTR/ERVL-MaLR	2036	+	206	21066176	46406
chr5	21019770	21219770	harbor1	chr5	21093890	21094261	LTR/ERVL-MaLR	2137	+	186	21094076	74306
chr5	21019770	21219770	harbor1	chr5	21098185	21098519	LTR/ERVL-MaLR	979	+	167	21098352	78582
chr5	21019770	21219770	harbor1	chr5	21098820	21098830	LTR/ERVL-MaLR	979	+	5	21098825	79055
chr5	21019770	21219770	harbor1	chr5	21098934	21099075	LTR/ERVL-MaLR	431	+	70	21099004	79234
chr5	159682223	159882223	harbor1	chr5	159710005	159710426	LTR/ERVL-MaLR	857	+	210	159710215	27992
chr5	159682223	159882223	harbor1	chr5	159745613	159746100	LTR/ERVL-MaLR	1397	+	244	159745857	63634
chr5	159682223	159882223	harbor1	chr5	159751394	159751646	LTR/ERVL-MaLR	436	+	126	159751520	69297
chr5	159682223	159882223	harbor1	chr5	159751661	159751766	LTR/ERVL-MaLR	509	+	52	159751713	69490
chr5	159682223	159882223	harbor1	chr5	159756518	159756858	LTR/ERVL-MaLR	538	+	170	159756688	74465
chr5	159682223	159882223	harbor1	chr5	159769459	159769556	LTR/ERVL-MaLR	420	+	48	159769507	87284
chr5	159682223	159882223	harbor1	chr5	159769858	159769919	LTR/ERVL-MaLR	420	+	30	159769888	87665
chr5	159682223	159882223	harbor1	chr5	159760173	159760578	LTR/ERVL-MaLR	802	+	202	159760375	78152
chr5	76060976	76260976	harbor1	chr5	76062182	76062581	LTR/ERVL-MaLR	2242	+	200	76062382	1406
chr5	76060976	76260976	harbor1	chr5	76063231	76063730	LTR/ERVL-MaLR	471	+	250	76063481	2505
chr5	76060976	76260976	harbor1	chr5	76104966	76105376	LTR/ERVL-MaLR	1583	+	205	76105171	44195
chr5	76060976	76260976	harbor1	chr5	76109484	76109918	LTR/ERVL-MaLR	1539	+	217	76109701	48725
chr5	107544129	107744129	harbor1	chr5	107622137	107622276	LTR/ERVL-MaLR	438	+	70	107622207	78078
chr5	177840343	178040343	harbor1	chr5	177871555	177871804	LTR/ERVL-MaLR	1418	+	124	177871679	31336
chr5	177840343	178040343	harbor1	chr5	177872116	177872191	LTR/ERVL-MaLR	1418	+	38	177872154	31811
chr5	177840343	178040343	harbor1	chr5	177904954	177905179	LTR/ERVL-MaLR	522	+	112	177905066	64723
chr5	177840343	178040343	harbor1	chr5	177921546	177921737	LTR/ERVL-MaLR	614	+	96	177921642	81299
chr5	177840343	178040343	harbor1	chr5	177922730	177923194	LTR/ERVL-MaLR	1414	+	232	177922962	82619
chr5	177840343	178040343	harbor1	chr5	177925605	177925951	LTR/ERVL-MaLR	1851	+	173	177925778	85435
chr5	177840343	178040343	harbor1	chr5	177935029	177935365	LTR/ERVL-MaLR	2112	+	168	177935197	94854
chr5	34075711	34275711	harbor1	chr5	34089291	34089671	LTR/ERVL-MaLR	1587	+	190	34089481	13770
chr5	34075711	34275711	harbor1	chr5	34090599	34090941	LTR/ERVL-MaLR	1880	+	171	34090770	15059
chr5	34075711	34275711	harbor1	chr5	34108884	34109362	LTR/ERVL-MaLR	1833	+	239	34109123	33412
chr5	34075711	34275711	harbor1	chr5	34120499	34120860	LTR/ERVL-MaLR	2314	+	180	34120679	44968
chr5	34075711	34275711	harbor1	chr5	34121710	34122082	LTR/ERVL-MaLR	1694	+	186	34121896	46185
chr5	34075711	34275711	harbor1	chr5	34122085	34123248	LTR/ERVL-MaLR	3498	+	582	34122667	46956
chr5	34075711	34275711	harbor1	chr5	34126814	34127164	LTR/ERVL-MaLR	1558	+	175	34126989	51278
chr5	34075711	34275711	harbor1	chr5	34127165	34127576	LTR/ERVL-MaLR	2975	+	206	34127371	51660
chr5	34075711	34275711	harbor1	chr5	34128951	34129299	LTR/ERVL-MaLR	1798	+	174	34129125	53414
chr5	34075711	34275711	harbor1	chr5	34137845	34138241	LTR/ERVL-MaLR	1770	+	198	34138043	62332
chr5	34075711	34275711	harbor1	chr5	34157426	34157921	LTR/ERVL-MaLR	1607	+	248	34157674	81963
chr5	34075711	34275711	harbor1	chr5	34168849	34169233	LTR/ERVL-MaLR	1564	+	192	34169041	93330
chr5	34075711	34275711	harbor1	chr5	34127749	34128948	LTR/ERVL-MaLR	7828	+	600	34128349	52638
chr5	87788169	87988169	harbor1	chr5	87862740	87863111	LTR/ERVL-MaLR	1732	+	186	87862926	74757
chr5	99020985	99220985	harbor1	chr5	99044055	99044287	LTR/ERVL-MaLR	1018	+	116	99044171	23186
chr5	99020985	99220985	harbor1	chr5	99044582	99044635	LTR/ERVL-MaLR	1018	+	26	99044608	23623
chr5	99020985	99220985	harbor1	chr5	99052734	99053155	LTR/ERVL-MaLR	2591	+	210	99052944	31959
chr5	99020985	99220985	harbor1	chr5	99058836	99059324	LTR/ERVL-MaLR	2324	+	244	99059080	38095
chr5	99020985	99220985	harbor1	chr5	99069309	99069573	LTR/ERVL-MaLR	869	+	132	99069441	48456
chr5	99020985	99220985	harbor1	chr5	99069587	99069953	LTR/ERVL-MaLR	1904	+	183	99069770	48785
chr5	99020985	99220985	harbor1	chr5	99079346	99079645	LTR/ERVL-MaLR	1396	+	150	99079496	58511
chr5	99020985	99220985	harbor1	chr5	99083345	99083885	LTR/ERVL-MaLR	1674	+	270	99083615	62630
chr5	99020985	99220985	harbor1	chr5	99099144	99099498	LTR/ERVL-MaLR	1866	+	177	99099321	78336
chr5	99020985	99220985	harbor1	chr5	99102227	99102724	LTR/ERVL-MaLR	1304	+	248	99102475	81490
chr5	99020985	99220985	harbor1	chr5	99111221	99111586	LTR/ERVL-MaLR	1002	+	182	99111403	90418
chr5	99020985	99220985	harbor1	chr5	99113385	99113750	LTR/ERVL-MaLR	481	+	182	99113567	92582
chr5	99020985	99220985	harbor1	chr5	99120521	99121124	LTR/ERVL-MaLR	1168	+	302	99120823	99838
chr5	118198519	118398519	harbor1	chr5	118199993	118200245	LTR/ERVL-MaLR	1085	+	126	118200119	1600
chr5	118198519	118398519	harbor1	chr5	118207174	118207381	LTR/ERVL-MaLR	2042	+	104	118207278	8759
chr5	118198519	118398519	harbor1	chr5	118208512	118208651	LTR/ERVL-MaLR	2042	+	70	118208582	10063
chr5	118198519	118398519	harbor1	chr5	118208965	118209003	LTR/ERVL-MaLR	2042	+	19	118208984	10465
chr5	118198519	118398519	harbor1	chr5	118210589	118210966	LTR/ERVL-MaLR	2164	+	188	118210777	12258
chr5	118198519	118398519	harbor1	chr5	118218623	118219040	LTR/ERVL-MaLR	2175	+	208	118218831	20312
chr5	118198519	118398519	harbor1	chr5	118243706	118244104	LTR/ERVL-MaLR	1235	+	199	118243905	45386
chr5	118198519	118398519	harbor1	chr5	118283707	118283910	LTR/ERVL-MaLR	858	+	102	118283809	85290
chr5	118198519	118398519	harbor1	chr5	118292876	118293233	LTR/ERVL-MaLR	1568	+	178	118293054	94535
chr5	118198519	118398519	harbor1	chr5	118209007	118210588	LTR/ERVL-MaLR	10022	+	790	118209797	11278
chr5	90365978	90565978	harbor1	chr5	90380434	90380671	LTR/ERVL-MaLR	893	+	118	90380552	14574
chr5	90365978	90565978	harbor1	chr5	90381496	90381810	LTR/ERVL-MaLR	815	+	157	90381653	15675
chr5	90365978	90565978	harbor1	chr5	90392440	90392800	LTR/ERVL-MaLR	1912	+	180	90392620	26642
chr5	90365978	90565978	harbor1	chr5	90414340	90414591	LTR/ERVL-MaLR	2513	+	126	90414466	48488
chr5	90365978	90565978	harbor1	chr5	90414880	90415284	LTR/ERVL-MaLR	2513	+	202	90415082	49104
chr5	90365978	90565978	harbor1	chr5	90445034	90445311	LTR/ERVL-MaLR	1490	+	138	90445172	79194
chr5	93230318	93430318	harbor1	chr5	93256225	93256674	LTR/ERVL-MaLR	2407	+	224	93256449	26131
chr5	93230318	93430318	harbor1	chr5	93273978	93274335	LTR/ERVL-MaLR	2307	+	178	93274156	43838
chr5	106464090	106664090	harbor1	chr5	106484258	106484633	LTR/ERVL-MaLR	2116	+	188	106484446	20356
chr5	106464090	106664090	harbor1	chr5	106530931	106531346	LTR/ERVL-MaLR	428	+	208	106531139	67049
chr5	106464090	106664090	harbor1	chr5	106532102	106532458	LTR/ERVL-MaLR	1878	+	178	106532280	68190
chr5	34345128	34545128	harbor1	chr5	34349101	34349237	LTR/ERVL-MaLR	864	+	68	34349169	4041
chr5	34345128	34545128	harbor1	chr5	34349352	34349542	LTR/ERVL-MaLR	864	+	95	34349447	4319
chr5	34345128	34545128	harbor1	chr5	34352786	34353140	LTR/ERVL-MaLR	1375	+	177	34352963	7835
chr5	34345128	34545128	harbor1	chr5	34366858	34367240	LTR/ERVL-MaLR	1493	+	191	34367049	21921
chr5	34345128	34545128	harbor1	chr5	34377024	34377339	LTR/ERVL-MaLR	791	+	158	34377182	32054
chr5	34345128	34545128	harbor1	chr5	34396785	34397227	LTR/ERVL-MaLR	1824	+	221	34397006	51878
chr5	34345128	34545128	harbor1	chr5	34399845	34400247	LTR/ERVL-MaLR	1604	+	201	34400046	54918
chr5	34345128	34545128	harbor1	chr5	34405584	34405937	LTR/ERVL-MaLR	1569	+	176	34405760	60632
chr5	34345128	34545128	harbor1	chr5	34435608	34436065	LTR/ERVL-MaLR	1568	+	228	34435836	90708
chr5	34345128	34545128	harbor1	chr5	34437146	34437518	LTR/ERVL-MaLR	1517	+	186	34437332	92204
chr5	34345128	34545128	harbor1	chr5	34437823	34437928	LTR/ERVL-MaLR	1517	+	52	34437875	92747
chr5	34345128	34545128	harbor1	chr5	34405938	34407341	LTR/ERVL-MaLR	8809	+	702	34406640	61512
chr5	19260739	19460739	harbor1	chr5	19260329	19261858	LTR/ERVL-MaLR	9917	+	764	19261093	354
chr5	19260739	19460739	harbor1	chr5	19261859	19262233	LTR/ERVL-MaLR	2401	+	187	19262046	1307
chr5	19260739	19460739	harbor1	chr5	19271459	19272044	LTR/ERVL-MaLR	1129	+	292	19271751	11012
chr5	19260739	19460739	harbor1	chr5	19274802	19275122	LTR/ERVL-MaLR	1213	+	160	19274962	14223
chr5	19260739	19460739	harbor1	chr5	19275282	19275661	LTR/ERVL-MaLR	1771	+	190	19275472	14733
chr5	19260739	19460739	harbor1	chr5	19275664	19276258	LTR/ERVL-MaLR	7889	+	297	19275961	15222
chr5	19260739	19460739	harbor1	chr5	19276557	19277694	LTR/ERVL-MaLR	7889	+	568	19277125	16386
chr5	19260739	19460739	harbor1	chr5	19277695	19278092	LTR/ERVL-MaLR	2004	+	198	19277893	17154
chr5	19260739	19460739	harbor1	chr5	19328082	19328135	LTR/ERVL-MaLR	427	+	26	19328108	67369
chr5	19260739	19460739	harbor1	chr5	19334980	19335327	LTR/ERVL-MaLR	1198	+	174	19335154	74415
chr5	19260739	19460739	harbor1	chr5	19341493	19341989	LTR/ERVL-MaLR	781	+	248	19341741	81002
chr5	19260739	19460739	harbor1	chr5	19348896	19349311	LTR/ERVL-MaLR	862	+	208	19349104	88365
chr5	19260739	19460739	harbor1	chr5	19357568	19357961	LTR/ERVL-MaLR	2269	+	196	19357764	97025
chr5	39975426	40175426	harbor1	chr5	39979500	39979909	LTR/ERVL-MaLR	2249	+	204	39979704	4278
chr5	39975426	40175426	harbor1	chr5	39979910	39980258	LTR/ERVL-MaLR	1905	+	174	39980084	4658
chr5	39975426	40175426	harbor1	chr5	39980457	39980509	LTR/ERVL-MaLR	6858	+	26	39980483	5057
chr5	39975426	40175426	harbor1	chr5	39980794	39982027	LTR/ERVL-MaLR	6858	+	616	39981410	5984
chr5	39975426	40175426	harbor1	chr5	39982034	39982456	LTR/ERVL-MaLR	2243	+	211	39982245	6819
chr5	39975426	40175426	harbor1	chr5	40016922	40017307	LTR/ERVL-MaLR	1121	+	192	40017114	41688
chr5	39975426	40175426	harbor1	chr5	40017308	40018668	LTR/ERVL-MaLR	3172	+	680	40017988	42562
chr5	39975426	40175426	harbor1	chr5	40018670	40019064	LTR/ERVL-MaLR	1385	+	197	40018867	43441
chr5	39975426	40175426	harbor1	chr5	40025057	40025211	LTR/ERVL-MaLR	1314	+	77	40025134	49708
chr5	39975426	40175426	harbor1	chr5	40025512	40025773	LTR/ERVL-MaLR	1314	+	130	40025642	50216
chr5	39975426	40175426	harbor1	chr5	40039663	40039848	LTR/ERVL-MaLR	440	+	92	40039755	64329
chr5	39975426	40175426	harbor1	chr5	40051782	40052117	LTR/ERVL-MaLR	1266	+	168	40051950	76524
chr5	39975426	40175426	harbor1	chr5	40056674	40057084	LTR/ERVL-MaLR	1867	+	205	40056879	81453
chr5	39975426	40175426	harbor1	chr5	40062626	40063295	LTR/ERVL-MaLR	2437	+	334	40062960	87534
chr5	39975426	40175426	harbor1	chr5	40063392	40063528	LTR/ERVL-MaLR	466	+	68	40063460	88034
chr5	39975426	40175426	harbor1	chr5	40064478	40064756	LTR/ERVL-MaLR	1510	+	139	40064617	89191
chr5	39975426	40175426	harbor1	chr5	40064809	40065123	LTR/ERVL-MaLR	1295	+	157	40064966	89540
chr5	39975426	40175426	harbor1	chr5	40070324	40070570	LTR/ERVL-MaLR	832	+	123	40070447	95021
chr5	39975426	40175426	harbor1	chr5	40070573	40072247	LTR/ERVL-MaLR	6965	+	837	40071410	95984
chr5	39975426	40175426	harbor1	chr5	40072274	40072540	LTR/ERVL-MaLR	865	+	133	40072407	96981
chr5	26961213	27161213	harbor1	chr5	26992288	26992591	LTR/ERVL-MaLR	1414	+	152	26992440	31227
chr5	26961213	27161213	harbor1	chr5	26992589	26992814	LTR/ERVL-MaLR	2837	+	112	26992701	31488
chr5	26961213	27161213	harbor1	chr5	26993120	26993559	LTR/ERVL-MaLR	2837	+	220	26993340	32127
chr5	26961213	27161213	harbor1	chr5	26993851	26994325	LTR/ERVL-MaLR	2045	+	237	26994088	32875
chr5	26961213	27161213	harbor1	chr5	26994330	26994518	LTR/ERVL-MaLR	1342	+	94	26994424	33211
chr5	26961213	27161213	harbor1	chr5	26994572	26994771	LTR/ERVL-MaLR	1342	+	100	26994672	33459
chr5	26961213	27161213	harbor1	chr5	27011209	27011633	LTR/ERVL-MaLR	1291	+	212	27011421	50208
chr5	26961213	27161213	harbor1	chr5	27013425	27013758	LTR/ERVL-MaLR	481	+	166	27013591	52378
chr5	26961213	27161213	harbor1	chr5	27055128	27055548	LTR/ERVL-MaLR	2483	+	210	27055338	94125
chr5	39576991	39776991	harbor1	chr5	39582273	39582622	LTR/ERVL-MaLR	741	+	174	39582447	5456
chr5	39576991	39776991	harbor1	chr5	39582667	39582796	LTR/ERVL-MaLR	425	+	64	39582731	5740
chr5	39576991	39776991	harbor1	chr5	39609172	39609288	LTR/ERVL-MaLR	442	+	58	39609230	32239
chr5	39576991	39776991	harbor1	chr5	39624378	39624887	LTR/ERVL-MaLR	1183	+	254	39624632	47641
chr5	39576991	39776991	harbor1	chr5	39633035	39633256	LTR/ERVL-MaLR	548	+	110	39633145	56154
chr5	39576991	39776991	harbor1	chr5	39640141	39640512	LTR/ERVL-MaLR	1241	+	186	39640327	63336
chr5	39576991	39776991	harbor1	chr5	39646458	39646809	LTR/ERVL-MaLR	1980	+	176	39646634	69643
chr5	39576991	39776991	harbor1	chr5	39669053	39669438	LTR/ERVL-MaLR	1067	+	192	39669245	92254
chr5	161166282	161366282	harbor1	chr5	161229034	161229222	LTR/ERVL-MaLR	595	+	94	161229128	62846
chr5	161166282	161366282	harbor1	chr5	161229422	161229767	LTR/ERVL-MaLR	595	+	172	161229594	63312
chr5	38461505	38661505	harbor1	chr5	38500790	38501223	LTR/ERVL-MaLR	1745	+	216	38501006	39501
chr5	38461505	38661505	harbor1	chr5	38528343	38528480	LTR/ERVL-MaLR	419	+	68	38528411	66906
chr5	144231643	144431643	harbor1	chr5	144231558	144231921	LTR/ERVL-MaLR	2466	+	182	144231740	97
chr5	144231643	144431643	harbor1	chr5	144245557	144245962	LTR/ERVL-MaLR	2489	+	202	144245759	14116
chr5	144231643	144431643	harbor1	chr5	144247078	144247627	LTR/ERVL-MaLR	1580	+	274	144247352	15709
chr5	144231643	144431643	harbor1	chr5	144295593	144296065	LTR/ERVL-MaLR	1867	+	236	144295829	64186
chr5	144231643	144431643	harbor1	chr5	144305288	144305533	LTR/ERVL-MaLR	1887	+	122	144305410	73767
chr5	144231643	144431643	harbor1	chr5	144305842	144306016	LTR/ERVL-MaLR	1887	+	87	144305929	74286
chr5	144231643	144431643	harbor1	chr5	144322289	144322714	LTR/ERVL-MaLR	635	+	212	144322501	90858
chr5	99064949	99264949	harbor1	chr5	99069309	99069573	LTR/ERVL-MaLR	869	+	132	99069441	4492
chr5	99064949	99264949	harbor1	chr5	99069587	99069953	LTR/ERVL-MaLR	1904	+	183	99069770	4821
chr5	99064949	99264949	harbor1	chr5	99079346	99079645	LTR/ERVL-MaLR	1396	+	150	99079496	14547
chr5	99064949	99264949	harbor1	chr5	99083345	99083885	LTR/ERVL-MaLR	1674	+	270	99083615	18666
chr5	99064949	99264949	harbor1	chr5	99099144	99099498	LTR/ERVL-MaLR	1866	+	177	99099321	34372
chr5	99064949	99264949	harbor1	chr5	99102227	99102724	LTR/ERVL-MaLR	1304	+	248	99102475	37526
chr5	99064949	99264949	harbor1	chr5	99111221	99111586	LTR/ERVL-MaLR	1002	+	182	99111403	46454
chr5	99064949	99264949	harbor1	chr5	99113385	99113750	LTR/ERVL-MaLR	481	+	182	99113567	48618
chr5	99064949	99264949	harbor1	chr5	99120521	99121124	LTR/ERVL-MaLR	1168	+	302	99120823	55874
chr5	99064949	99264949	harbor1	chr5	99142626	99142978	LTR/ERVL-MaLR	1993	+	176	99142802	77853
chr5	99064949	99264949	harbor1	chr5	99164321	99164799	LTR/ERVL-MaLR	1490	+	239	99164560	99611
chr5	173828355	174028355	harbor1	chr5	173831504	173831958	LTR/ERVL-MaLR	1280	+	227	173831731	3376
chr5	173828355	174028355	harbor1	chr5	173837335	173837667	LTR/ERVL-MaLR	1971	+	166	173837501	9146
chr5	173828355	174028355	harbor1	chr5	173851652	173852113	LTR/ERVL-MaLR	1929	+	230	173851882	23527
chr5	173828355	174028355	harbor1	chr5	173882607	173883048	LTR/ERVL-MaLR	1646	+	220	173882827	54472
chr5	173828355	174028355	harbor1	chr5	173885675	173886026	LTR/ERVL-MaLR	2297	+	176	173885851	57496
chr5	89232097	89432097	harbor1	chr5	89266468	89266869	LTR/ERVL-MaLR	1135	+	200	89266668	34571
chr5	89232097	89432097	harbor1	chr5	89288708	89289069	LTR/ERVL-MaLR	1872	+	180	89288888	56791
chr5	89232097	89432097	harbor1	chr5	89289644	89290131	LTR/ERVL-MaLR	1129	+	244	89289888	57791
chr5	27385663	27585663	harbor1	chr5	27416064	27416428	LTR/ERVL-MaLR	2467	+	182	27416246	30583
chr5	27385663	27585663	harbor1	chr5	27449085	27449447	LTR/ERVL-MaLR	2062	+	181	27449266	63603
chr5	90266077	90466077	harbor1	chr5	90293349	90293644	LTR/ERVL-MaLR	2350	+	148	90293497	27420
chr5	90266077	90466077	harbor1	chr5	90293942	90294007	LTR/ERVL-MaLR	2350	+	32	90293974	27897
chr5	90266077	90466077	harbor1	chr5	90302993	90303214	LTR/ERVL-MaLR	617	+	110	90303103	37026
chr5	90266077	90466077	harbor1	chr5	90304194	90304405	LTR/ERVL-MaLR	563	+	106	90304300	38223
chr5	90266077	90466077	harbor1	chr5	90338499	90338708	LTR/ERVL-MaLR	440	+	104	90338603	72526
chr5	98366037	98566037	harbor1	chr5	98403429	98403655	LTR/ERVL-MaLR	2047	+	113	98403542	37505
chr5	98366037	98566037	harbor1	chr5	98403959	98404302	LTR/ERVL-MaLR	2047	+	172	98404131	38094
chr5	98366037	98566037	harbor1	chr5	98407291	98407653	LTR/ERVL-MaLR	2535	+	181	98407472	41435
chr5	98366037	98566037	harbor1	chr5	98414975	98415179	LTR/ERVL-MaLR	832	+	102	98415077	49040
chr5	98366037	98566037	harbor1	chr5	98463505	98463860	LTR/ERVL-MaLR	1891	+	178	98463683	97646
chr5	112697116	112897116	harbor1	chr5	112733222	112733752	LTR/ERVL-MaLR	1940	+	265	112733487	36371
chr5	54259303	54459303	harbor1	chr5	54275276	54275614	LTR/ERVL-MaLR	465	+	169	54275445	16142
chr5	54259303	54459303	harbor1	chr5	54276600	54277047	LTR/ERVL-MaLR	2241	+	224	54276824	17521
chr5	54259303	54459303	harbor1	chr5	54283774	54284109	LTR/ERVL-MaLR	661	+	168	54283942	24639
chr5	54259303	54459303	harbor1	chr5	54284405	54284466	LTR/ERVL-MaLR	661	+	30	54284435	25132
chr5	54259303	54459303	harbor1	chr5	54287811	54288050	LTR/ERVL-MaLR	567	+	120	54287931	28628
chr5	54259303	54459303	harbor1	chr5	54288212	54288411	LTR/ERVL-MaLR	671	+	100	54288312	29009
chr5	54259303	54459303	harbor1	chr5	54300098	54300598	LTR/ERVL-MaLR	959	+	250	54300348	41045
chr5	54259303	54459303	harbor1	chr5	54313478	54313833	LTR/ERVL-MaLR	2535	+	178	54313656	54353
chr5	54259303	54459303	harbor1	chr5	54342204	54342286	LTR/ERVL-MaLR	492	+	41	54342245	82942
chr5	54259303	54459303	harbor1	chr5	54342595	54342725	LTR/ERVL-MaLR	492	+	65	54342660	83357
chr5	54259303	54459303	harbor1	chr5	54353134	54353499	LTR/ERVL-MaLR	2281	+	182	54353316	94013
chr5	54259303	54459303	harbor1	chr5	54353500	54355041	LTR/ERVL-MaLR	10431	+	770	54354270	94967
chr5	54259303	54459303	harbor1	chr5	54355044	54355406	LTR/ERVL-MaLR	2582	+	181	54355225	95922
chr5	179569916	179769916	harbor1	chr5	179636822	179637065	LTR/ERVL-MaLR	435	+	122	179636944	67028
chr5	160590546	160790546	harbor1	chr5	160610033	160610578	LTR/ERVL-MaLR	2391	+	272	160610305	19759
chr5	160590546	160790546	harbor1	chr5	160639270	160639650	LTR/ERVL-MaLR	1298	+	190	160639460	48914
chr5	160590546	160790546	harbor1	chr5	160640067	160640183	LTR/ERVL-MaLR	577	+	58	160640125	49579
chr5	160590546	160790546	harbor1	chr5	160658555	160658951	LTR/ERVL-MaLR	427	+	198	160658753	68207
chr5	160590546	160790546	harbor1	chr5	160680702	160681186	LTR/ERVL-MaLR	734	+	242	160680944	90398
chr5	130263508	130463508	harbor1	chr5	130280143	130280301	LTR/ERVL-MaLR	1582	+	79	130280222	16714
chr5	130263508	130463508	harbor1	chr5	130280609	130280823	LTR/ERVL-MaLR	1582	+	107	130280716	17208
chr5	130263508	130463508	harbor1	chr5	130281973	130282384	LTR/ERVL-MaLR	689	+	206	130282179	18671
chr5	130263508	130463508	harbor1	chr5	130292454	130292852	LTR/ERVL-MaLR	1844	+	199	130292653	29145
chr5	130263508	130463508	harbor1	chr5	130294843	130295200	LTR/ERVL-MaLR	2350	+	178	130295021	31513
chr5	130263508	130463508	harbor1	chr5	130325751	130326085	LTR/ERVL-MaLR	539	+	167	130325918	62410
chr5	130263508	130463508	harbor1	chr5	130329031	130329420	LTR/ERVL-MaLR	2101	+	194	130329225	65717
chr5	130263508	130463508	harbor1	chr5	130329421	130330954	LTR/ERVL-MaLR	10541	+	766	130330187	66679
chr5	130263508	130463508	harbor1	chr5	130331253	130331329	LTR/ERVL-MaLR	10541	+	38	130331291	67783
chr5	130263508	130463508	harbor1	chr5	130331335	130331719	LTR/ERVL-MaLR	2081	+	192	130331527	68019
chr5	175260696	175460696	harbor1	chr5	175274562	175274962	LTR/ERVL-MaLR	2094	+	200	175274762	14066
chr5	175260696	175460696	harbor1	chr5	175284058	175284526	LTR/ERVL-MaLR	1941	+	234	175284292	23596
chr5	175260696	175460696	harbor1	chr5	175286970	175287359	LTR/ERVL-MaLR	1339	+	194	175287164	26468
chr5	175260696	175460696	harbor1	chr5	175299409	175299785	LTR/ERVL-MaLR	1918	+	188	175299597	38901
chr5	175260696	175460696	harbor1	chr5	175310371	175310792	LTR/ERVL-MaLR	1380	+	210	175310581	49885
chr5	175260696	175460696	harbor1	chr5	175311092	175311385	LTR/ERVL-MaLR	621	+	146	175311238	50542
chr5	175260696	175460696	harbor1	chr5	175313646	175313714	LTR/ERVL-MaLR	1221	+	34	175313680	52984
chr5	175260696	175460696	harbor1	chr5	175313762	175313927	LTR/ERVL-MaLR	1221	+	82	175313844	53148
chr5	175260696	175460696	harbor1	chr5	175315306	175315665	LTR/ERVL-MaLR	786	+	180	175315486	54790
chr5	175260696	175460696	harbor1	chr5	175316089	175316656	LTR/ERVL-MaLR	1541	+	284	175316373	55677
chr5	175260696	175460696	harbor1	chr5	175316720	175317254	LTR/ERVL-MaLR	608	+	267	175316987	56291
chr5	175260696	175460696	harbor1	chr5	175317922	175318260	LTR/ERVL-MaLR	745	+	169	175318091	57395
chr5	175260696	175460696	harbor1	chr5	175318908	175319312	LTR/ERVL-MaLR	2290	+	202	175319110	58414
chr5	175260696	175460696	harbor1	chr5	175337736	175338160	LTR/ERVL-MaLR	2389	+	212	175337948	77252
chr5	175260696	175460696	harbor1	chr5	175338330	175338503	LTR/ERVL-MaLR	785	+	86	175338416	77720
chr5	175260696	175460696	harbor1	chr5	175342905	175343260	LTR/ERVL-MaLR	678	+	178	175343083	82387
chr5	175260696	175460696	harbor1	chr5	175325010	175325383	LTR/ERVL-MaLR	2479	+	186	175325196	64500
chr5	130639908	130839908	harbor1	chr5	130671714	130672089	LTR/ERVL-MaLR	1929	+	188	130671902	31994
chr5	130639908	130839908	harbor1	chr5	130683151	130683506	LTR/ERVL-MaLR	1791	+	178	130683329	43421
chr5	136868045	137068045	harbor1	chr5	136883951	136884336	LTR/ERVL-MaLR	2324	+	192	136884143	16098
chr5	136868045	137068045	harbor1	chr5	136906744	136907141	LTR/ERVL-MaLR	2350	+	198	136906942	38897
chr5	136868045	137068045	harbor1	chr5	136926897	136927287	LTR/ERVL-MaLR	1308	+	195	136927092	59047
chr5	89797764	89997764	harbor1	chr5	89810514	89810830	LTR/ERVL-MaLR	864	+	158	89810672	12908
chr5	89797764	89997764	harbor1	chr5	89822745	89823134	LTR/ERVL-MaLR	1647	+	194	89822939	25175
chr5	89797764	89997764	harbor1	chr5	89835831	89836263	LTR/ERVL-MaLR	1765	+	216	89836047	38283
chr5	89797764	89997764	harbor1	chr5	89888111	89888356	LTR/ERVL-MaLR	1410	+	122	89888233	90469
chr5	89797764	89997764	harbor1	chr5	89888625	89888770	LTR/ERVL-MaLR	1410	+	72	89888697	90933
chr5	20894218	21094218	harbor1	chr5	20893761	20895294	LTR/ERVL-MaLR	10334	+	766	20894527	309
chr5	20894218	21094218	harbor1	chr5	20895295	20895651	LTR/ERVL-MaLR	1908	+	178	20895473	1255
chr5	20894218	21094218	harbor1	chr5	20906592	20906953	LTR/ERVL-MaLR	1999	+	180	20906772	12554
chr5	20894218	21094218	harbor1	chr5	20906956	20907653	LTR/ERVL-MaLR	4682	+	348	20907304	13086
chr5	20894218	21094218	harbor1	chr5	20907654	20908390	LTR/ERVL-MaLR	5423	+	368	20908022	13804
chr5	20894218	21094218	harbor1	chr5	20908391	20908748	LTR/ERVL-MaLR	2181	+	178	20908569	14351
chr5	20894218	21094218	harbor1	chr5	20935363	20935536	LTR/ERVL-MaLR	455	+	86	20935449	41231
chr5	20894218	21094218	harbor1	chr5	20936827	20937342	LTR/ERVL-MaLR	975	+	258	20937085	42867
chr5	20894218	21094218	harbor1	chr5	20945044	20945461	LTR/ERVL-MaLR	1832	+	208	20945252	51034
chr5	20894218	21094218	harbor1	chr5	20946247	20946594	LTR/ERVL-MaLR	1783	+	174	20946421	52203
chr5	20894218	21094218	harbor1	chr5	20946595	20946958	LTR/ERVL-MaLR	1913	+	182	20946777	52559
chr5	20894218	21094218	harbor1	chr5	20946959	20947017	LTR/ERVL-MaLR	1783	+	29	20946988	52770
chr5	7298465	7498465	harbor1	chr5	7321828	7322321	LTR/ERVL-MaLR	990	+	246	7322074	23609
chr5	7298465	7498465	harbor1	chr5	7334865	7335321	LTR/ERVL-MaLR	1626	+	228	7335093	36628
chr5	7298465	7498465	harbor1	chr5	7341953	7342305	LTR/ERVL-MaLR	2279	+	176	7342129	43664
chr5	7298465	7498465	harbor1	chr5	7342306	7343862	LTR/ERVL-MaLR	11206	+	778	7343084	44619
chr5	7298465	7498465	harbor1	chr5	7343865	7344241	LTR/ERVL-MaLR	2226	+	188	7344053	45588
chr5	7298465	7498465	harbor1	chr5	7344347	7344794	LTR/ERVL-MaLR	1685	+	224	7344571	46106
chr5	7298465	7498465	harbor1	chr5	7361065	7361302	LTR/ERVL-MaLR	980	+	118	7361183	62718
chr5	7298465	7498465	harbor1	chr5	7361453	7361851	LTR/ERVL-MaLR	450	+	199	7361652	63187
chr5	7298465	7498465	harbor1	chr5	7368037	7368431	LTR/ERVL-MaLR	2364	+	197	7368234	69769
chr5	158243711	158443711	harbor1	chr5	158256490	158256671	LTR/ERVL-MaLR	552	+	90	158256580	12869
chr5	158243711	158443711	harbor1	chr5	158274801	158275312	LTR/ERVL-MaLR	738	+	256	158275057	31346
chr5	158243711	158443711	harbor1	chr5	158275588	158275799	LTR/ERVL-MaLR	477	+	106	158275694	31983
chr5	158243711	158443711	harbor1	chr5	158278465	158278928	LTR/ERVL-MaLR	781	+	232	158278697	34986
chr5	158243711	158443711	harbor1	chr5	158329998	158330279	LTR/ERVL-MaLR	854	+	140	158330138	86427
chr5	172149908	172349908	harbor1	chr5	172165520	172165778	LTR/ERVL-MaLR	1012	+	129	172165649	15741
chr5	172149908	172349908	harbor1	chr5	172166093	172166359	LTR/ERVL-MaLR	1012	+	133	172166226	16318
chr5	172149908	172349908	harbor1	chr5	172176751	172176892	LTR/ERVL-MaLR	1589	+	70	172176821	26913
chr5	172149908	172349908	harbor1	chr5	172177189	172177397	LTR/ERVL-MaLR	1589	+	104	172177293	27385
chr5	172149908	172349908	harbor1	chr5	172224131	172224287	LTR/ERVL-MaLR	2115	+	78	172224209	74301
chr5	172149908	172349908	harbor1	chr5	172224591	172224822	LTR/ERVL-MaLR	2115	+	116	172224707	74799
chr5	172149908	172349908	harbor1	chr5	172242032	172242284	LTR/ERVL-MaLR	1458	+	126	172242158	92250
chr5	172149908	172349908	harbor1	chr5	172243293	172243554	LTR/ERVL-MaLR	793	+	130	172243423	93515
chr5	172149908	172349908	harbor1	chr5	172243827	172243875	LTR/ERVL-MaLR	793	+	24	172243851	93943
chr5	40175910	40375910	harbor1	chr5	40196268	40196773	LTR/ERVL-MaLR	656	+	252	40196520	20610
chr5	40175910	40375910	harbor1	chr5	40200856	40201494	LTR/ERVL-MaLR	2530	+	319	40201175	25265
chr5	40175910	40375910	harbor1	chr5	40205279	40205455	LTR/ERVL-MaLR	1593	+	88	40205367	29457
chr5	40175910	40375910	harbor1	chr5	40218667	40219053	LTR/ERVL-MaLR	1933	+	193	40218860	42950
chr5	40175910	40375910	harbor1	chr5	40219954	40220128	LTR/ERVL-MaLR	603	+	87	40220041	44131
chr5	40175910	40375910	harbor1	chr5	40229793	40230264	LTR/ERVL-MaLR	1275	+	236	40230029	54119
chr5	40175910	40375910	harbor1	chr5	40240007	40240509	LTR/ERVL-MaLR	1417	+	251	40240258	64348
chr5	40175910	40375910	harbor1	chr5	40240798	40240946	LTR/ERVL-MaLR	690	+	74	40240872	64962
chr5	40175910	40375910	harbor1	chr5	40240960	40241269	LTR/ERVL-MaLR	771	+	154	40241114	65204
chr5	40175910	40375910	harbor1	chr5	40251170	40251350	LTR/ERVL-MaLR	661	+	90	40251260	75350
chr5	40175910	40375910	harbor1	chr5	40206046	40206369	LTR/ERVL-MaLR	1593	+	162	40206208	30298
chr5	102528933	102728933	harbor1	chr5	102546265	102546637	LTR/ERVL-MaLR	1764	+	186	102546451	17518
chr5	102528933	102728933	harbor1	chr5	102550048	102550299	LTR/ERVL-MaLR	578	+	126	102550174	21241
chr5	102528933	102728933	harbor1	chr5	102599701	102600209	LTR/ERVL-MaLR	743	+	254	102599955	71022
chr5	102528933	102728933	harbor1	chr5	102613760	102614130	LTR/ERVL-MaLR	2156	+	185	102613945	85012
chr5	102528933	102728933	harbor1	chr5	102563831	102564190	LTR/ERVL-MaLR	2602	+	180	102564011	35078
chr5	57285825	57485825	harbor1	chr5	57308232	57308580	LTR/ERVL-MaLR	2440	+	174	57308406	22581
chr5	57285825	57485825	harbor1	chr5	57308581	57309859	LTR/ERVL-MaLR	9371	+	639	57309220	23395
chr5	57285825	57485825	harbor1	chr5	57310420	57310814	LTR/ERVL-MaLR	888	+	197	57310617	24792
chr5	57285825	57485825	harbor1	chr5	57311118	57311184	LTR/ERVL-MaLR	888	+	33	57311151	25326
chr5	57285825	57485825	harbor1	chr5	57313189	57313631	LTR/ERVL-MaLR	1989	+	221	57313410	27585
chr5	57285825	57485825	harbor1	chr5	57323288	57323462	LTR/ERVL-MaLR	1847	+	87	57323375	37550
chr5	57285825	57485825	harbor1	chr5	57323760	57324027	LTR/ERVL-MaLR	1847	+	134	57323894	38069
chr5	17419368	17619368	harbor1	chr5	17451264	17451617	LTR/ERVL-MaLR	2616	+	176	17451440	32072
chr5	17419368	17619368	harbor1	chr5	17497576	17497997	LTR/ERVL-MaLR	457	+	210	17497786	78418
chr5	17419368	17619368	harbor1	chr5	17517778	17518135	LTR/ERVL-MaLR	517	+	178	17517956	98588
chr5	9885825	10085825	harbor1	chr5	9893949	9894120	LTR/ERVL-MaLR	1361	+	86	9894035	8210
chr5	9885825	10085825	harbor1	chr5	9894414	9894667	LTR/ERVL-MaLR	1361	+	126	9894540	8715
chr5	9885825	10085825	harbor1	chr5	9924699	9924847	LTR/ERVL-MaLR	640	+	74	9924773	38948
chr5	9885825	10085825	harbor1	chr5	9925173	9925237	LTR/ERVL-MaLR	521	+	32	9925205	39380
chr5	9885825	10085825	harbor1	chr5	9925992	9926069	LTR/ERVL-MaLR	521	+	38	9926030	40205
chr5	9885825	10085825	harbor1	chr5	9932901	9933070	LTR/ERVL-MaLR	751	+	84	9932985	47160
chr5	9885825	10085825	harbor1	chr5	9933612	9933707	LTR/ERVL-MaLR	751	+	48	9933660	47835
chr5	9885825	10085825	harbor1	chr5	9946564	9946919	LTR/ERVL-MaLR	584	+	178	9946742	60917
chr5	9885825	10085825	harbor1	chr5	9949596	9949949	LTR/ERVL-MaLR	2307	+	176	9949772	63947
chr5	9885825	10085825	harbor1	chr5	9950118	9950562	LTR/ERVL-MaLR	1406	+	222	9950340	64515
chr5	9885825	10085825	harbor1	chr5	9958209	9958525	LTR/ERVL-MaLR	1926	+	158	9958367	72542
chr5	9885825	10085825	harbor1	chr5	9959231	9959339	LTR/ERVL-MaLR	1926	+	54	9959285	73460
chr5	9885825	10085825	harbor1	chr5	9966843	9967277	LTR/ERVL-MaLR	1042	+	217	9967060	81235
chr5	151998542	152198542	harbor1	chr5	152015343	152015795	LTR/ERVL-MaLR	2310	+	226	152015569	17027
chr5	149108535	149308535	harbor1	chr5	149119169	149119333	LTR/ERVL-MaLR	551	+	82	149119251	10716
chr5	149108535	149308535	harbor1	chr5	149157513	149157775	LTR/ERVL-MaLR	576	+	131	149157644	49109
chr5	149108535	149308535	harbor1	chr5	149157797	149157937	LTR/ERVL-MaLR	510	+	70	149157867	49332
chr5	159930021	160130021	harbor1	chr5	159981884	159982222	LTR/ERVL-MaLR	759	+	169	159982053	52032
chr5	159930021	160130021	harbor1	chr5	159987906	159988448	LTR/ERVL-MaLR	2204	+	271	159988177	58156
chr5	159930021	160130021	harbor1	chr5	160017995	160018341	LTR/ERVL-MaLR	1594	+	173	160018168	88147
chr5	71117468	71317468	harbor1	chr5	71125270	71125413	LTR/ERVL-MaLR	690	+	72	71125342	7874
chr5	71117468	71317468	harbor1	chr5	71125442	71125461	LTR/ERVL-MaLR	690	+	10	71125452	7984
chr5	71117468	71317468	harbor1	chr5	71125751	71125811	LTR/ERVL-MaLR	690	+	30	71125781	8313
chr5	71117468	71317468	harbor1	chr5	71176229	71176592	LTR/ERVL-MaLR	1235	+	182	71176411	58943
chr5	71117468	71317468	harbor1	chr5	71176595	71177296	LTR/ERVL-MaLR	2301	+	350	71176945	59477
chr5	71117468	71317468	harbor1	chr5	71177698	71178106	LTR/ERVL-MaLR	1998	+	204	71177902	60434
chr5	71117468	71317468	harbor1	chr5	71178107	71178463	LTR/ERVL-MaLR	1437	+	178	71178285	60817
chr5	71117468	71317468	harbor1	chr5	71180679	71180854	LTR/ERVL-MaLR	819	+	88	71180767	63299
chr5	71117468	71317468	harbor1	chr5	71182449	71182826	LTR/ERVL-MaLR	2694	+	188	71182637	65169
chr5	71117468	71317468	harbor1	chr5	71188923	71189278	LTR/ERVL-MaLR	1836	+	178	71189101	71633
chr5	71117468	71317468	harbor1	chr5	71211989	71212104	LTR/ERVL-MaLR	457	+	58	71212047	94579
chr5	71117468	71317468	harbor1	chr5	71212207	71212563	LTR/ERVL-MaLR	2444	+	178	71212385	94917
chr5	71117468	71317468	harbor1	chr5	71212565	71214121	LTR/ERVL-MaLR	9742	+	778	71213343	95875
chr5	71117468	71317468	harbor1	chr5	71214129	71214331	LTR/ERVL-MaLR	1259	+	101	71214230	96762
chr5	120292448	120492448	harbor1	chr5	120308905	120309320	LTR/ERVL-MaLR	965	+	208	120309113	16665
chr5	120292448	120492448	harbor1	chr5	120326310	120326761	LTR/ERVL-MaLR	1922	+	226	120326536	34088
chr5	120292448	120492448	harbor1	chr5	120377411	120377778	LTR/ERVL-MaLR	2203	+	184	120377595	85147
chr5	120292448	120492448	harbor1	chr5	120377779	120379619	LTR/ERVL-MaLR	10054	+	920	120378699	86251
chr5	120292448	120492448	harbor1	chr5	120379620	120379989	LTR/ERVL-MaLR	2383	+	184	120379804	87356
chr5	120292448	120492448	harbor1	chr5	120391747	120392105	LTR/ERVL-MaLR	1385	+	179	120391926	99478
chr5	38370025	38570025	harbor1	chr5	38404211	38404533	LTR/ERVL-MaLR	1768	+	161	38404372	34347
chr5	60923588	61123588	harbor1	chr5	60972271	60972633	LTR/ERVL-MaLR	1862	+	181	60972452	48864
chr5	60923588	61123588	harbor1	chr5	61010667	61011128	LTR/ERVL-MaLR	1413	+	230	61010897	87309
chr5	60923588	61123588	harbor1	chr5	61011251	61011734	LTR/ERVL-MaLR	839	+	242	61011493	87905
chr5	72258098	72458098	harbor1	chr5	72258445	72258841	LTR/ERVL-MaLR	1878	+	198	72258643	545
chr5	72258098	72458098	harbor1	chr5	72264436	72264894	LTR/ERVL-MaLR	2049	+	229	72264665	6567
chr5	72258098	72458098	harbor1	chr5	72311400	72311803	LTR/ERVL-MaLR	2531	+	202	72311602	53504
chr5	119672351	119872351	harbor1	chr5	119718468	119718887	LTR/ERVL-MaLR	780	+	210	119718678	46327
chr5	119672351	119872351	harbor1	chr5	119726349	119726714	LTR/ERVL-MaLR	1610	+	182	119726531	54180
chr5	119672351	119872351	harbor1	chr5	119726715	119728326	LTR/ERVL-MaLR	10763	+	806	119727521	55170
chr5	119672351	119872351	harbor1	chr5	119728327	119728687	LTR/ERVL-MaLR	1735	+	180	119728507	56156
chr5	119672351	119872351	harbor1	chr5	119728804	119729216	LTR/ERVL-MaLR	2134	+	206	119729010	56659
chr5	119672351	119872351	harbor1	chr5	119732381	119732501	LTR/ERVL-MaLR	686	+	60	119732441	60090
chr5	119672351	119872351	harbor1	chr5	119745828	119746024	LTR/ERVL-MaLR	570	+	98	119745926	73575
chr5	119672351	119872351	harbor1	chr5	119746712	119746879	LTR/ERVL-MaLR	494	+	84	119746796	74445
chr5	35245409	35445409	harbor1	chr5	35273280	35273609	LTR/ERVL-MaLR	1384	+	164	35273444	28035
chr5	35245409	35445409	harbor1	chr5	35289379	35289689	LTR/ERVL-MaLR	785	+	155	35289534	44125
chr5	35245409	35445409	harbor1	chr5	35290331	35290706	LTR/ERVL-MaLR	2819	+	188	35290519	45110
chr5	35245409	35445409	harbor1	chr5	35317753	35318114	LTR/ERVL-MaLR	1902	+	180	35317933	72524
chr5	35245409	35445409	harbor1	chr5	35330592	35330726	LTR/ERVL-MaLR	613	+	67	35330659	85250
chr5	35245409	35445409	harbor1	chr5	35330727	35331078	LTR/ERVL-MaLR	1948	+	176	35330903	85494
chr5	35245409	35445409	harbor1	chr5	35331079	35331451	LTR/ERVL-MaLR	2085	+	186	35331265	85856
chr5	35245409	35445409	harbor1	chr5	35331452	35331499	LTR/ERVL-MaLR	1948	+	24	35331476	86067
chr5	35245409	35445409	harbor1	chr5	35331501	35331838	LTR/ERVL-MaLR	1503	+	168	35331669	86260
chr5	35245409	35445409	harbor1	chr5	35338954	35339356	LTR/ERVL-MaLR	1661	+	201	35339155	93746
chr5	35245409	35445409	harbor1	chr5	35342626	35343105	LTR/ERVL-MaLR	859	+	240	35342866	97457
chr5	26799773	26999773	harbor1	chr5	26807069	26807372	LTR/ERVL-MaLR	600	+	152	26807221	7448
chr5	26799773	26999773	harbor1	chr5	26808246	26808436	LTR/ERVL-MaLR	596	+	95	26808341	8568
chr5	26799773	26999773	harbor1	chr5	26826821	26827266	LTR/ERVL-MaLR	1382	+	222	26827043	27270
chr5	26799773	26999773	harbor1	chr5	26827436	26827619	LTR/ERVL-MaLR	1862	+	92	26827528	27755
chr5	26799773	26999773	harbor1	chr5	26827654	26827851	LTR/ERVL-MaLR	1862	+	98	26827752	27979
chr5	26799773	26999773	harbor1	chr5	26830623	26830992	LTR/ERVL-MaLR	1824	+	184	26830807	31034
chr5	26799773	26999773	harbor1	chr5	26831772	26832085	LTR/ERVL-MaLR	1589	+	156	26831928	32155
chr5	26799773	26999773	harbor1	chr5	26835736	26836236	LTR/ERVL-MaLR	1791	+	250	26835986	36213
chr5	26799773	26999773	harbor1	chr5	26838983	26839475	LTR/ERVL-MaLR	1580	+	246	26839229	39456
chr5	26799773	26999773	harbor1	chr5	26860706	26860894	LTR/ERVL-MaLR	429	+	94	26860800	61027
chr5	26799773	26999773	harbor1	chr5	26887597	26888059	LTR/ERVL-MaLR	1672	+	231	26887828	88055
chr5	26799773	26999773	harbor1	chr5	26891226	26891396	LTR/ERVL-MaLR	1631	+	85	26891311	91538
chr5	26799773	26999773	harbor1	chr5	26891703	26892138	LTR/ERVL-MaLR	1631	+	218	26891921	92148
chr5	129142095	129342095	harbor1	chr5	129180356	129180722	LTR/ERVL-MaLR	2063	+	183	129180539	38444
chr5	129142095	129342095	harbor1	chr5	129197259	129197719	LTR/ERVL-MaLR	1977	+	230	129197489	55394
chr5	129142095	129342095	harbor1	chr5	129199103	129199226	LTR/ERVL-MaLR	495	+	62	129199165	57070
chr5	175848152	176048152	harbor1	chr5	175892643	175892901	LTR/ERVL-MaLR	448	+	129	175892772	44620
chr5	175848152	176048152	harbor1	chr5	175893071	175893578	LTR/ERVL-MaLR	1926	+	254	175893325	45173
chr5	175848152	176048152	harbor1	chr5	175900751	175901280	LTR/ERVL-MaLR	742	+	264	175901015	52863
chr5	175848152	176048152	harbor1	chr5	175918804	175919079	LTR/ERVL-MaLR	914	+	138	175918942	70790
chr5	175848152	176048152	harbor1	chr5	175923141	175923343	LTR/ERVL-MaLR	1243	+	101	175923242	75090
chr5	175848152	176048152	harbor1	chr5	175923378	175923673	LTR/ERVL-MaLR	1243	+	148	175923526	75374
chr5	161747911	161947911	harbor1	chr5	161763431	161763941	LTR/ERVL-MaLR	481	+	255	161763686	15775
chr5	161747911	161947911	harbor1	chr5	161803531	161803760	LTR/ERVL-MaLR	519	+	114	161803645	55734
chr5	161747911	161947911	harbor1	chr5	161805334	161805514	LTR/ERVL-MaLR	479	+	90	161805424	57513
chr5	93904180	94104180	harbor1	chr5	93934381	93934876	LTR/ERVL-MaLR	1037	+	248	93934629	30449
chr5	93904180	94104180	harbor1	chr5	93965010	93965555	LTR/ERVL-MaLR	1646	+	272	93965282	61102
chr5	93904180	94104180	harbor1	chr5	93976437	93976784	LTR/ERVL-MaLR	1585	+	174	93976611	72431
chr5	169152805	169352805	harbor1	chr5	169159815	169160152	LTR/ERVL-MaLR	571	+	168	169159983	7178
chr5	169152805	169352805	harbor1	chr5	169186119	169186491	LTR/ERVL-MaLR	1841	+	186	169186305	33500
chr5	169152805	169352805	harbor1	chr5	169190332	169190496	LTR/ERVL-MaLR	472	+	82	169190414	37609
chr5	169152805	169352805	harbor1	chr5	169207693	169208014	LTR/ERVL-MaLR	1415	+	160	169207853	55048
chr5	169152805	169352805	harbor1	chr5	169242331	169242758	LTR/ERVL-MaLR	1244	+	214	169242545	89740
chr5	169152805	169352805	harbor1	chr5	169251673	169251875	LTR/ERVL-MaLR	562	+	101	169251774	98969
chr5	39583943	39783943	harbor1	chr5	39609172	39609288	LTR/ERVL-MaLR	442	+	58	39609230	25287
chr5	39583943	39783943	harbor1	chr5	39624378	39624887	LTR/ERVL-MaLR	1183	+	254	39624632	40689
chr5	39583943	39783943	harbor1	chr5	39633035	39633256	LTR/ERVL-MaLR	548	+	110	39633145	49202
chr5	39583943	39783943	harbor1	chr5	39640141	39640512	LTR/ERVL-MaLR	1241	+	186	39640327	56384
chr5	39583943	39783943	harbor1	chr5	39646458	39646809	LTR/ERVL-MaLR	1980	+	176	39646634	62691
chr5	39583943	39783943	harbor1	chr5	39669053	39669438	LTR/ERVL-MaLR	1067	+	192	39669245	85302
chr5	116615102	116815102	harbor1	chr5	116633202	116633460	LTR/ERVL-MaLR	885	+	129	116633331	18229
chr5	116615102	116815102	harbor1	chr5	116642765	116643361	LTR/ERVL-MaLR	2225	+	298	116643063	27961
chr5	32621055	32821055	harbor1	chr5	32683537	32683768	LTR/ERVL-MaLR	1471	+	116	32683653	62598
chr5	32621055	32821055	harbor1	chr5	32683769	32685351	LTR/ERVL-MaLR	7987	+	791	32684560	63505
chr5	32621055	32821055	harbor1	chr5	32686637	32686686	LTR/ERVL-MaLR	2025	+	24	32686661	65606
chr5	32621055	32821055	harbor1	chr5	32690647	32691173	LTR/ERVL-MaLR	1138	+	263	32690910	69855
chr5	32621055	32821055	harbor1	chr5	32705981	32706366	LTR/ERVL-MaLR	2108	+	192	32706173	85118
chr5	32621055	32821055	harbor1	chr5	32685999	32686363	LTR/ERVL-MaLR	2025	+	182	32686181	65126
chr5	149838695	150038695	harbor1	chr5	149871066	149871204	LTR/ERVL-MaLR	577	+	69	149871135	32440
chr5	149838695	150038695	harbor1	chr5	149912381	149912796	LTR/ERVL-MaLR	860	+	208	149912589	73894
chr5	62575511	62775511	harbor1	chr5	62613240	62613295	LTR/ERVL-MaLR	1322	+	28	62613268	37757
chr5	62575511	62775511	harbor1	chr5	62613602	62613945	LTR/ERVL-MaLR	1322	+	172	62613774	38263
chr5	62575511	62775511	harbor1	chr5	62638547	62638905	LTR/ERVL-MaLR	1858	+	179	62638726	63215
chr5	62575511	62775511	harbor1	chr5	62641970	62642452	LTR/ERVL-MaLR	1901	+	241	62642211	66700
chr5	62575511	62775511	harbor1	chr5	62649401	62649785	LTR/ERVL-MaLR	1644	+	192	62649593	74082
chr5	171929045	172129045	harbor1	chr5	171965801	171966176	LTR/ERVL-MaLR	1818	+	188	171965989	36944
chr5	171929045	172129045	harbor1	chr5	171970152	171970502	LTR/ERVL-MaLR	1711	+	175	171970327	41282
chr5	171929045	172129045	harbor1	chr5	171976458	171976764	LTR/ERVL-MaLR	1493	+	153	171976611	47566
chr5	171929045	172129045	harbor1	chr5	171977339	171977432	LTR/ERVL-MaLR	1493	+	46	171977385	48340
chr5	171929045	172129045	harbor1	chr5	172016662	172017061	LTR/ERVL-MaLR	2598	+	200	172016862	87817
chr5	40293280	40493280	harbor1	chr5	40314393	40314806	LTR/ERVL-MaLR	854	+	206	40314599	21319
chr5	40293280	40493280	harbor1	chr5	40317285	40317497	LTR/ERVL-MaLR	710	+	106	40317391	24111
chr5	40293280	40493280	harbor1	chr5	40363850	40364242	LTR/ERVL-MaLR	2472	+	196	40364046	70766
chr5	40293280	40493280	harbor1	chr5	40383337	40383703	LTR/ERVL-MaLR	1345	+	183	40383520	90240
chr5	24186286	24386286	harbor1	chr5	24191477	24191883	LTR/ERVL-MaLR	2413	+	203	24191680	5394
chr5	24186286	24386286	harbor1	chr5	24192430	24193321	LTR/ERVL-MaLR	1544	+	446	24192876	6590
chr5	24186286	24386286	harbor1	chr5	24193478	24193714	LTR/ERVL-MaLR	441	+	118	24193596	7310
chr5	24186286	24386286	harbor1	chr5	24218702	24219065	LTR/ERVL-MaLR	2061	+	182	24218884	32598
chr5	114009195	114209195	harbor1	chr5	114015203	114015561	LTR/ERVL-MaLR	2039	+	179	114015382	6187
chr5	114009195	114209195	harbor1	chr5	114032918	114033287	LTR/ERVL-MaLR	1637	+	184	114033102	23907
chr5	114009195	114209195	harbor1	chr5	114064243	114064602	LTR/ERVL-MaLR	533	+	180	114064423	55228
chr5	114009195	114209195	harbor1	chr5	114071818	114072010	LTR/ERVL-MaLR	1271	+	96	114071914	62719
chr5	114009195	114209195	harbor1	chr5	114072306	114072396	LTR/ERVL-MaLR	1271	+	45	114072351	63156
chr5	114009195	114209195	harbor1	chr5	114072543	114072652	LTR/ERVL-MaLR	784	+	54	114072597	63402
chr5	114009195	114209195	harbor1	chr5	114075587	114076043	LTR/ERVL-MaLR	591	+	228	114075815	66620
chr6	7574554	7774554	harbor1	chr6	7626949	7627180	LTR/ERVL-MaLR	470	+	116	7627065	52511
chr6	7574554	7774554	harbor1	chr6	7627795	7627974	LTR/ERVL-MaLR	480	+	90	7627885	53331
chr6	7574554	7774554	harbor1	chr6	7630184	7630393	LTR/ERVL-MaLR	1197	+	104	7630288	55734
chr6	7574554	7774554	harbor1	chr6	7632352	7632875	LTR/ERVL-MaLR	1484	+	262	7632614	58060
chr6	7574554	7774554	harbor1	chr6	7644716	7644877	LTR/ERVL-MaLR	502	+	80	7644796	70242
chr6	7574554	7774554	harbor1	chr6	7644956	7645215	LTR/ERVL-MaLR	449	+	130	7645086	70532
chr6	7574554	7774554	harbor1	chr6	7645245	7645639	LTR/ERVL-MaLR	514	+	197	7645442	70888
chr6	7574554	7774554	harbor1	chr6	7645844	7646205	LTR/ERVL-MaLR	614	+	180	7646024	71470
chr6	7574554	7774554	harbor1	chr6	7667772	7667904	LTR/ERVL-MaLR	459	+	66	7667838	93284
chr6	7574554	7774554	harbor1	chr6	7668682	7668918	LTR/ERVL-MaLR	1409	+	118	7668800	94246
chr6	164486733	164686733	harbor1	chr6	164493991	164494453	LTR/ERVL-MaLR	1490	+	231	164494222	7489
chr6	164486733	164686733	harbor1	chr6	164512225	164512579	LTR/ERVL-MaLR	2771	+	177	164512402	25669
chr6	164486733	164686733	harbor1	chr6	164514948	164515243	LTR/ERVL-MaLR	1545	+	148	164515096	28363
chr6	164486733	164686733	harbor1	chr6	164518666	164519067	LTR/ERVL-MaLR	2205	+	200	164518866	32133
chr6	164486733	164686733	harbor1	chr6	164519078	164520675	LTR/ERVL-MaLR	8703	+	798	164519876	33143
chr6	164486733	164686733	harbor1	chr6	164520676	164521044	LTR/ERVL-MaLR	2178	+	184	164520860	34127
chr6	164486733	164686733	harbor1	chr6	164521045	164521411	LTR/ERVL-MaLR	2138	+	183	164521228	34495
chr6	164486733	164686733	harbor1	chr6	164521412	164521461	LTR/ERVL-MaLR	2178	+	24	164521436	34703
chr6	164486733	164686733	harbor1	chr6	164524822	164525192	LTR/ERVL-MaLR	2446	+	185	164525007	38274
chr6	164486733	164686733	harbor1	chr6	164525196	164526857	LTR/ERVL-MaLR	9932	+	830	164526026	39293
chr6	164486733	164686733	harbor1	chr6	164526860	164527236	LTR/ERVL-MaLR	2407	+	188	164527048	40315
chr6	164486733	164686733	harbor1	chr6	164561004	164561258	LTR/ERVL-MaLR	1370	+	127	164561131	74398
chr6	164486733	164686733	harbor1	chr6	164561263	164562743	LTR/ERVL-MaLR	7461	+	740	164562003	75270
chr6	164486733	164686733	harbor1	chr6	164562744	164563121	LTR/ERVL-MaLR	2216	+	188	164562932	76199
chr6	20161315	20361315	harbor1	chr6	20172839	20173254	LTR/ERVL-MaLR	2775	+	208	20173047	11732
chr6	20161315	20361315	harbor1	chr6	20191049	20191391	LTR/ERVL-MaLR	1340	+	171	20191220	29905
chr6	128283216	128483216	harbor1	chr6	128290974	128291473	LTR/ERVL-MaLR	1385	+	250	128291224	8008
chr6	125801913	126001913	harbor1	chr6	125843026	125843465	LTR/ERVL-MaLR	1738	+	220	125843246	41333
chr6	125801913	126001913	harbor1	chr6	125864481	125864826	LTR/ERVL-MaLR	1606	+	172	125864653	62740
chr6	125801913	126001913	harbor1	chr6	125869443	125869979	LTR/ERVL-MaLR	748	+	268	125869711	67798
chr6	126482795	126682795	harbor1	chr6	126543542	126543987	LTR/ERVL-MaLR	1331	+	222	126543764	60969
chr6	126482795	126682795	harbor1	chr6	126543990	126544093	LTR/ERVL-MaLR	441	+	52	126544042	61247
chr6	126482795	126682795	harbor1	chr6	126544097	126544400	LTR/ERVL-MaLR	1219	+	152	126544249	61454
chr6	126482795	126682795	harbor1	chr6	126553366	126553940	LTR/ERVL-MaLR	2280	+	287	126553653	70858
chr6	105233832	105433832	harbor1	chr6	105318100	105318270	LTR/ERVL-MaLR	503	+	85	105318185	84353
chr6	109606384	109806384	harbor1	chr6	109611647	109611774	LTR/ERVL-MaLR	436	+	64	109611711	5327
chr6	109606384	109806384	harbor1	chr6	109623203	109623698	LTR/ERVL-MaLR	2033	+	248	109623451	17067
chr6	109606384	109806384	harbor1	chr6	109634056	109634449	LTR/ERVL-MaLR	1858	+	196	109634252	27868
chr6	109606384	109806384	harbor1	chr6	109642028	109642276	LTR/ERVL-MaLR	1096	+	124	109642152	35768
chr6	109606384	109806384	harbor1	chr6	109658836	109658895	LTR/ERVL-MaLR	442	+	30	109658866	52482
chr6	109606384	109806384	harbor1	chr6	109687333	109687853	LTR/ERVL-MaLR	1468	+	260	109687593	81209
chr6	147275233	147475233	harbor1	chr6	147303161	147303522	LTR/ERVL-MaLR	2475	+	180	147303341	28108
chr6	147275233	147475233	harbor1	chr6	147303523	147304925	LTR/ERVL-MaLR	6903	+	701	147304224	28991
chr6	63488918	63688918	harbor1	chr6	63516692	63517056	LTR/ERVL-MaLR	836	+	182	63516874	27956
chr6	33260055	33460055	harbor1	chr6	33333769	33333992	LTR/ERVL-MaLR	2366	+	112	33333881	73826
chr6	33260055	33460055	harbor1	chr6	33334617	33334814	LTR/ERVL-MaLR	2366	+	98	33334715	74660
chr6	33260055	33460055	harbor1	chr6	33336062	33336230	LTR/ERVL-MaLR	1122	+	84	33336146	76091
chr6	33260055	33460055	harbor1	chr6	33336548	33336731	LTR/ERVL-MaLR	1122	+	92	33336640	76585
chr6	125665651	125865651	harbor1	chr6	125683888	125684250	LTR/ERVL-MaLR	1616	+	181	125684069	18418
chr6	125665651	125865651	harbor1	chr6	125732336	125732855	LTR/ERVL-MaLR	710	+	260	125732596	66945
chr6	43090959	43290959	harbor1	chr6	43105491	43105950	LTR/ERVL-MaLR	1861	+	230	43105721	14762
chr6	92262488	92462488	harbor1	chr6	92269309	92269644	LTR/ERVL-MaLR	1193	+	168	92269477	6989
chr6	92262488	92462488	harbor1	chr6	92291399	92291754	LTR/ERVL-MaLR	2074	+	178	92291577	29089
chr6	92262488	92462488	harbor1	chr6	92304422	92304766	LTR/ERVL-MaLR	1669	+	172	92304594	42106
chr6	92262488	92462488	harbor1	chr6	92313168	92313517	LTR/ERVL-MaLR	1581	+	174	92313342	50854
chr6	92262488	92462488	harbor1	chr6	92314748	92315121	LTR/ERVL-MaLR	1937	+	186	92314934	52446
chr6	92262488	92462488	harbor1	chr6	92334906	92335037	LTR/ERVL-MaLR	623	+	66	92334972	72484
chr6	92262488	92462488	harbor1	chr6	92342424	92342758	LTR/ERVL-MaLR	637	+	167	92342591	80103
chr6	92262488	92462488	harbor1	chr6	92350293	92350760	LTR/ERVL-MaLR	529	+	234	92350527	88039
chr6	159931637	160131637	harbor1	chr6	159944006	159944361	LTR/ERVL-MaLR	1718	+	178	159944184	12547
chr6	159931637	160131637	harbor1	chr6	159944371	159945681	LTR/ERVL-MaLR	5260	+	655	159945026	13389
chr6	159931637	160131637	harbor1	chr6	159945680	159945889	LTR/ERVL-MaLR	1054	+	104	159945784	14147
chr6	159931637	160131637	harbor1	chr6	159958256	159958713	LTR/ERVL-MaLR	1270	+	228	159958484	26847
chr6	159931637	160131637	harbor1	chr6	159961568	159962135	LTR/ERVL-MaLR	1841	+	284	159961852	30215
chr6	159931637	160131637	harbor1	chr6	159990228	159990588	LTR/ERVL-MaLR	2744	+	180	159990408	58771
chr6	159931637	160131637	harbor1	chr6	160015690	160016094	LTR/ERVL-MaLR	2456	+	202	160015892	84255
chr6	150161979	150361979	harbor1	chr6	150164780	150165131	LTR/ERVL-MaLR	1905	+	176	150164956	2977
chr6	150161979	150361979	harbor1	chr6	150193878	150194237	LTR/ERVL-MaLR	2186	+	180	150194058	32079
chr6	150161979	150361979	harbor1	chr6	150199271	150199588	LTR/ERVL-MaLR	1609	+	158	150199429	37450
chr6	150161979	150361979	harbor1	chr6	150199884	150199947	LTR/ERVL-MaLR	1609	+	32	150199916	37937
chr6	150161979	150361979	harbor1	chr6	150252536	150252932	LTR/ERVL-MaLR	2254	+	198	150252734	90755
chr6	4441046	4641046	harbor1	chr6	4464172	4464615	LTR/ERVL-MaLR	1765	+	222	4464394	23348
chr6	4441046	4641046	harbor1	chr6	4465118	4465501	LTR/ERVL-MaLR	1568	+	192	4465310	24264
chr6	4441046	4641046	harbor1	chr6	4473811	4474307	LTR/ERVL-MaLR	1528	+	248	4474059	33013
chr6	4441046	4641046	harbor1	chr6	4505199	4505576	LTR/ERVL-MaLR	1354	+	188	4505387	64341
chr6	4441046	4641046	harbor1	chr6	4509206	4509571	LTR/ERVL-MaLR	1881	+	182	4509388	68342
chr6	67977629	68177629	harbor1	chr6	67985362	67985720	LTR/ERVL-MaLR	1688	+	179	67985541	7912
chr6	67977629	68177629	harbor1	chr6	67990742	67991120	LTR/ERVL-MaLR	2300	+	189	67990931	13302
chr6	67977629	68177629	harbor1	chr6	67996185	67996580	LTR/ERVL-MaLR	1711	+	198	67996383	18754
chr6	67977629	68177629	harbor1	chr6	68010455	68011010	LTR/ERVL-MaLR	1260	+	278	68010733	33104
chr6	67977629	68177629	harbor1	chr6	68034607	68035041	LTR/ERVL-MaLR	1471	+	217	68034824	57195
chr6	25776004	25976004	harbor1	chr6	25842965	25843400	LTR/ERVL-MaLR	1815	+	218	25843183	67179
chr6	25776004	25976004	harbor1	chr6	25866009	25866595	LTR/ERVL-MaLR	1321	+	293	25866302	90298
chr6	86122732	86322732	harbor1	chr6	86138362	86138634	LTR/ERVL-MaLR	1501	+	136	86138498	15766
chr6	86122732	86322732	harbor1	chr6	86142554	86142936	LTR/ERVL-MaLR	1219	+	191	86142745	20013
chr6	86122732	86322732	harbor1	chr6	86147763	86147970	LTR/ERVL-MaLR	478	+	104	86147867	25135
chr6	86122732	86322732	harbor1	chr6	86153016	86154140	LTR/ERVL-MaLR	2339	+	562	86153578	30846
chr6	86122732	86322732	harbor1	chr6	86156482	86156845	LTR/ERVL-MaLR	1322	+	182	86156664	33932
chr6	86122732	86322732	harbor1	chr6	86192140	86192555	LTR/ERVL-MaLR	2107	+	208	86192348	69616
chr6	86122732	86322732	harbor1	chr6	86197338	86197700	LTR/ERVL-MaLR	1629	+	181	86197519	74787
chr6	86122732	86322732	harbor1	chr6	86200750	86201086	LTR/ERVL-MaLR	1704	+	168	86200918	78186
chr6	26316125	26516125	harbor1	chr6	26317937	26318079	LTR/ERVL-MaLR	557	+	71	26318008	1883
chr6	26316125	26516125	harbor1	chr6	26333905	26334102	LTR/ERVL-MaLR	657	+	98	26334003	17878
chr6	26316125	26516125	harbor1	chr6	26340974	26341069	LTR/ERVL-MaLR	542	+	48	26341022	24897
chr6	120948150	121148150	harbor1	chr6	120956853	120957345	LTR/ERVL-MaLR	477	+	246	120957099	8949
chr6	120948150	121148150	harbor1	chr6	120985400	120985708	LTR/ERVL-MaLR	1476	+	154	120985554	37404
chr6	120948150	121148150	harbor1	chr6	121005997	121006359	LTR/ERVL-MaLR	1953	+	181	121006178	58028
chr6	120948150	121148150	harbor1	chr6	121013069	121013444	LTR/ERVL-MaLR	689	+	188	121013257	65107
chr6	120948150	121148150	harbor1	chr6	121022484	121022770	LTR/ERVL-MaLR	849	+	143	121022627	74477
chr6	120948150	121148150	harbor1	chr6	121022926	121023216	LTR/ERVL-MaLR	1033	+	145	121023071	74921
chr6	120948150	121148150	harbor1	chr6	121023246	121023379	LTR/ERVL-MaLR	575	+	66	121023312	75162
chr6	120948150	121148150	harbor1	chr6	121023638	121024005	LTR/ERVL-MaLR	1436	+	184	121023822	75672
chr6	116620103	116820103	harbor1	chr6	116674571	116675022	LTR/ERVL-MaLR	2476	+	226	116674797	54694
chr6	112084800	112284800	harbor1	chr6	112102936	112103356	LTR/ERVL-MaLR	1791	+	210	112103146	18346
chr6	112084800	112284800	harbor1	chr6	112149347	112149707	LTR/ERVL-MaLR	2016	+	180	112149527	64727
chr6	112084800	112284800	harbor1	chr6	112174106	112174492	LTR/ERVL-MaLR	677	+	193	112174299	89499
chr6	112084800	112284800	harbor1	chr6	112174791	112174826	LTR/ERVL-MaLR	457	+	18	112174809	90009
chr6	118740268	118940268	harbor1	chr6	118762919	118763090	LTR/ERVL-MaLR	495	+	86	118763005	22737
chr6	118740268	118940268	harbor1	chr6	118780163	118780585	LTR/ERVL-MaLR	1240	+	211	118780374	40106
chr6	118740268	118940268	harbor1	chr6	118794497	118794902	LTR/ERVL-MaLR	2116	+	202	118794699	54431
chr6	118740268	118940268	harbor1	chr6	118825847	118825995	LTR/ERVL-MaLR	484	+	74	118825921	85653
chr6	118740268	118940268	harbor1	chr6	118833196	118833393	LTR/ERVL-MaLR	674	+	98	118833294	93026
chr6	118740268	118940268	harbor1	chr6	118832873	118833198	LTR/ERVL-MaLR	935	+	162	118833035	92767
chr6	164027340	164227340	harbor1	chr6	164028752	164029093	LTR/ERVL-MaLR	1715	+	170	164028922	1582
chr6	164027340	164227340	harbor1	chr6	164031732	164032078	LTR/ERVL-MaLR	1512	+	173	164031905	4565
chr6	164027340	164227340	harbor1	chr6	164034467	164034530	LTR/ERVL-MaLR	471	+	32	164034499	7159
chr6	164027340	164227340	harbor1	chr6	164043667	164043895	LTR/ERVL-MaLR	1444	+	114	164043781	16441
chr6	164027340	164227340	harbor1	chr6	164047437	164048094	LTR/ERVL-MaLR	4930	+	328	164047765	20425
chr6	164027340	164227340	harbor1	chr6	164048095	164048450	LTR/ERVL-MaLR	2284	+	178	164048273	20933
chr6	164027340	164227340	harbor1	chr6	164112335	164112702	LTR/ERVL-MaLR	2702	+	184	164112519	85179
chr6	164027340	164227340	harbor1	chr6	164112967	164113332	LTR/ERVL-MaLR	2488	+	182	164113149	85809
chr6	164027340	164227340	harbor1	chr6	164122559	164122726	LTR/ERVL-MaLR	1245	+	84	164122643	95303
chr6	164027340	164227340	harbor1	chr6	164123054	164123248	LTR/ERVL-MaLR	1245	+	97	164123151	95811
chr6	22726312	22926312	harbor1	chr6	22730202	22730592	LTR/ERVL-MaLR	2340	+	195	22730397	4085
chr6	22726312	22926312	harbor1	chr6	22733943	22734302	LTR/ERVL-MaLR	2275	+	180	22734123	7811
chr6	22726312	22926312	harbor1	chr6	22746908	22747207	LTR/ERVL-MaLR	610	+	150	22747058	20746
chr6	22726312	22926312	harbor1	chr6	22778237	22778600	LTR/ERVL-MaLR	2112	+	182	22778419	52107
chr6	22726312	22926312	harbor1	chr6	22778601	22780155	LTR/ERVL-MaLR	9056	+	777	22779378	53066
chr6	22726312	22926312	harbor1	chr6	22780156	22780515	LTR/ERVL-MaLR	1892	+	180	22780336	54024
chr6	22726312	22926312	harbor1	chr6	22781447	22781815	LTR/ERVL-MaLR	2031	+	184	22781631	55319
chr6	22726312	22926312	harbor1	chr6	22791089	22791588	LTR/ERVL-MaLR	1377	+	250	22791339	65027
chr6	22726312	22926312	harbor1	chr6	22804801	22805035	LTR/ERVL-MaLR	1154	+	117	22804918	78606
chr6	22726312	22926312	harbor1	chr6	22825331	22825711	LTR/ERVL-MaLR	648	+	190	22825521	99209
chr6	63082852	63282852	harbor1	chr6	63125521	63125933	LTR/ERVL-MaLR	1972	+	206	63125727	42875
chr6	63082852	63282852	harbor1	chr6	63144606	63144978	LTR/ERVL-MaLR	1931	+	186	63144792	61940
chr6	63082852	63282852	harbor1	chr6	63144981	63146494	LTR/ERVL-MaLR	8891	+	756	63145737	62885
chr6	63082852	63282852	harbor1	chr6	63146500	63146875	LTR/ERVL-MaLR	2272	+	188	63146688	63836
chr6	63082852	63282852	harbor1	chr6	63157894	63158263	LTR/ERVL-MaLR	2068	+	184	63158078	75226
chr6	63082852	63282852	harbor1	chr6	63160600	63161080	LTR/ERVL-MaLR	1056	+	240	63160840	77988
chr6	86439643	86639643	harbor1	chr6	86441000	86441351	LTR/ERVL-MaLR	1609	+	176	86441176	1533
chr6	86439643	86639643	harbor1	chr6	86442192	86442568	LTR/ERVL-MaLR	1158	+	188	86442380	2737
chr6	86439643	86639643	harbor1	chr6	86452451	86452801	LTR/ERVL-MaLR	2698	+	175	86452626	12983
chr6	86439643	86639643	harbor1	chr6	86452803	86453527	LTR/ERVL-MaLR	4897	+	362	86453165	13522
chr6	86439643	86639643	harbor1	chr6	86453513	86453775	LTR/ERVL-MaLR	1919	+	131	86453644	14001
chr6	86439643	86639643	harbor1	chr6	86453776	86454129	LTR/ERVL-MaLR	2391	+	176	86453952	14309
chr6	86439643	86639643	harbor1	chr6	86459515	86459882	LTR/ERVL-MaLR	1681	+	184	86459699	20056
chr6	86439643	86639643	harbor1	chr6	86464404	86464741	LTR/ERVL-MaLR	1826	+	168	86464572	24929
chr6	86439643	86639643	harbor1	chr6	86464742	86465046	LTR/ERVL-MaLR	8843	+	152	86464894	25251
chr6	86439643	86639643	harbor1	chr6	86465806	86467048	LTR/ERVL-MaLR	8843	+	621	86466427	26784
chr6	86439643	86639643	harbor1	chr6	86467049	86467394	LTR/ERVL-MaLR	1976	+	172	86467221	27578
chr6	86439643	86639643	harbor1	chr6	86519914	86520119	LTR/ERVL-MaLR	667	+	102	86520016	80373
chr6	86439643	86639643	harbor1	chr6	86535040	86535624	LTR/ERVL-MaLR	1921	+	292	86535332	95689
chr6	126195301	126395301	harbor1	chr6	126195602	126196113	LTR/ERVL-MaLR	1551	+	256	126195858	557
chr6	126195301	126395301	harbor1	chr6	126209982	126210594	LTR/ERVL-MaLR	2628	+	306	126210288	14987
chr6	126195301	126395301	harbor1	chr6	126226787	126227135	LTR/ERVL-MaLR	2109	+	174	126226961	31660
chr6	135031307	135231307	harbor1	chr6	135066801	135066879	LTR/ERVL-MaLR	1304	+	39	135066840	35533
chr6	135031307	135231307	harbor1	chr6	135066880	135067261	LTR/ERVL-MaLR	2259	+	190	135067070	35763
chr6	135031307	135231307	harbor1	chr6	135067262	135067753	LTR/ERVL-MaLR	1304	+	246	135067508	36201
chr6	135031307	135231307	harbor1	chr6	135071459	135071806	LTR/ERVL-MaLR	1517	+	174	135071633	40326
chr6	135031307	135231307	harbor1	chr6	135079160	135079510	LTR/ERVL-MaLR	1913	+	175	135079335	48028
chr6	135031307	135231307	harbor1	chr6	135090901	135091417	LTR/ERVL-MaLR	2102	+	258	135091159	59852
chr6	64986850	65186850	harbor1	chr6	65013509	65013592	LTR/ERVL-MaLR	444	+	42	65013551	26701
chr6	64986850	65186850	harbor1	chr6	65013878	65014425	LTR/ERVL-MaLR	1522	+	274	65014152	27302
chr6	64986850	65186850	harbor1	chr6	65014783	65015210	LTR/ERVL-MaLR	1125	+	214	65014997	28147
chr6	64986850	65186850	harbor1	chr6	65032324	65032740	LTR/ERVL-MaLR	1795	+	208	65032532	45682
chr6	64986850	65186850	harbor1	chr6	65032743	65034376	LTR/ERVL-MaLR	8536	+	816	65033559	46709
chr6	64986850	65186850	harbor1	chr6	65034377	65034789	LTR/ERVL-MaLR	2043	+	206	65034583	47733
chr6	64986850	65186850	harbor1	chr6	65045364	65045729	LTR/ERVL-MaLR	1155	+	182	65045546	58696
chr6	64986850	65186850	harbor1	chr6	65046756	65047166	LTR/ERVL-MaLR	1734	+	205	65046961	60111
chr6	64986850	65186850	harbor1	chr6	65071769	65072070	LTR/ERVL-MaLR	713	+	150	65071919	85069
chr6	64986850	65186850	harbor1	chr6	65078725	65079123	LTR/ERVL-MaLR	2180	+	199	65078924	92074
chr6	18038607	18238607	harbor1	chr6	18045270	18045688	LTR/ERVL-MaLR	1383	+	209	18045479	6872
chr6	18038607	18238607	harbor1	chr6	18070174	18070507	LTR/ERVL-MaLR	2430	+	166	18070340	31733
chr6	18038607	18238607	harbor1	chr6	18071008	18071078	LTR/ERVL-MaLR	2430	+	35	18071043	32436
chr6	18038607	18238607	harbor1	chr6	18080206	18080361	LTR/ERVL-MaLR	1659	+	78	18080284	41677
chr6	18038607	18238607	harbor1	chr6	18080663	18081032	LTR/ERVL-MaLR	1659	+	184	18080847	42240
chr6	18038607	18238607	harbor1	chr6	18081065	18081122	LTR/ERVL-MaLR	1659	+	28	18081093	42486
chr6	18038607	18238607	harbor1	chr6	18085049	18085600	LTR/ERVL-MaLR	2253	+	276	18085325	46718
chr6	70313575	70513575	harbor1	chr6	70354759	70354849	LTR/ERVL-MaLR	545	+	45	70354804	41229
chr6	70313575	70513575	harbor1	chr6	70354891	70355744	LTR/ERVL-MaLR	2070	+	426	70355317	41742
chr6	70313575	70513575	harbor1	chr6	70355745	70356098	LTR/ERVL-MaLR	1839	+	176	70355921	42346
chr6	70313575	70513575	harbor1	chr6	70356099	70356623	LTR/ERVL-MaLR	1806	+	262	70356361	42786
chr6	70313575	70513575	harbor1	chr6	70357076	70357206	LTR/ERVL-MaLR	590	+	65	70357141	43566
chr6	70313575	70513575	harbor1	chr6	70358160	70358504	LTR/ERVL-MaLR	1412	+	172	70358332	44757
chr6	70313575	70513575	harbor1	chr6	70375578	70375939	LTR/ERVL-MaLR	2499	+	180	70375758	62183
chr6	70313575	70513575	harbor1	chr6	70393550	70393904	LTR/ERVL-MaLR	2514	+	177	70393727	80152
chr6	57063399	57263399	harbor1	chr6	57087922	57088299	LTR/ERVL-MaLR	2174	+	188	57088110	24711
chr6	83689592	83889592	harbor1	chr6	83694143	83694400	LTR/ERVL-MaLR	826	+	128	83694271	4679
chr6	83689592	83889592	harbor1	chr6	83713905	83714395	LTR/ERVL-MaLR	909	+	245	83714150	24558
chr6	83689592	83889592	harbor1	chr6	83723819	83724063	LTR/ERVL-MaLR	899	+	122	83723941	34349
chr6	83689592	83889592	harbor1	chr6	83765707	83766064	LTR/ERVL-MaLR	2394	+	178	83765885	76293
chr6	83689592	83889592	harbor1	chr6	83787774	83788148	LTR/ERVL-MaLR	1749	+	187	83787961	98369
chr6	12391601	12591601	harbor1	chr6	12417057	12417516	LTR/ERVL-MaLR	1877	+	230	12417287	25686
chr6	12391601	12591601	harbor1	chr6	12441317	12441765	LTR/ERVL-MaLR	1501	+	224	12441541	49940
chr6	12391601	12591601	harbor1	chr6	12449468	12449908	LTR/ERVL-MaLR	1117	+	220	12449688	58087
chr6	12391601	12591601	harbor1	chr6	12454821	12455173	LTR/ERVL-MaLR	1511	+	176	12454997	63396
chr6	12391601	12591601	harbor1	chr6	12479980	12480366	LTR/ERVL-MaLR	1900	+	193	12480173	88572
chr6	39730097	39930097	harbor1	chr6	39757044	39757466	LTR/ERVL-MaLR	2363	+	211	39757255	27158
chr6	39730097	39930097	harbor1	chr6	39778427	39778550	LTR/ERVL-MaLR	439	+	62	39778489	48392
chr6	83763171	83963171	harbor1	chr6	83765707	83766064	LTR/ERVL-MaLR	2394	+	178	83765885	2714
chr6	83763171	83963171	harbor1	chr6	83792030	83792465	LTR/ERVL-MaLR	845	+	218	83792248	29077
chr6	83763171	83963171	harbor1	chr6	83832583	83832953	LTR/ERVL-MaLR	1992	+	185	83832768	69597
chr6	83763171	83963171	harbor1	chr6	83832954	83834409	LTR/ERVL-MaLR	10478	+	728	83833682	70511
chr6	83763171	83963171	harbor1	chr6	83834410	83834776	LTR/ERVL-MaLR	2246	+	183	83834593	71422
chr6	83763171	83963171	harbor1	chr6	83836720	83836835	LTR/ERVL-MaLR	449	+	58	83836778	73607
chr6	83763171	83963171	harbor1	chr6	83841363	83841840	LTR/ERVL-MaLR	1432	+	238	83841601	78430
chr6	83763171	83963171	harbor1	chr6	83850130	83850228	LTR/ERVL-MaLR	545	+	49	83850179	87008
chr6	83763171	83963171	harbor1	chr6	83850296	83850474	LTR/ERVL-MaLR	666	+	89	83850385	87214
chr6	83763171	83963171	harbor1	chr6	83787774	83788148	LTR/ERVL-MaLR	1749	+	187	83787961	24790
chr6	34495959	34695959	harbor1	chr6	34502096	34502458	LTR/ERVL-MaLR	1070	+	181	34502277	6318
chr6	34495959	34695959	harbor1	chr6	34502766	34502925	LTR/ERVL-MaLR	1070	+	80	34502846	6887
chr6	34495959	34695959	harbor1	chr6	34558319	34558687	LTR/ERVL-MaLR	1246	+	184	34558503	62544
chr6	34495959	34695959	harbor1	chr6	34576818	34576870	LTR/ERVL-MaLR	528	+	26	34576844	80885
chr6	34495959	34695959	harbor1	chr6	34577167	34577488	LTR/ERVL-MaLR	528	+	160	34577327	81368
chr6	86563747	86763747	harbor1	chr6	86629295	86629810	LTR/ERVL-MaLR	542	+	258	86629553	65806
chr6	86563747	86763747	harbor1	chr6	86635401	86635785	LTR/ERVL-MaLR	2210	+	192	86635593	71846
chr6	86563747	86763747	harbor1	chr6	86642153	86642350	LTR/ERVL-MaLR	654	+	98	86642251	78504
chr6	86563747	86763747	harbor1	chr6	86650234	86650604	LTR/ERVL-MaLR	2254	+	185	86650419	86672
chr6	86563747	86763747	harbor1	chr6	86638555	86638948	LTR/ERVL-MaLR	2130	+	196	86638751	75004
chr6	34127346	34327346	harbor1	chr6	34167478	34167640	LTR/ERVL-MaLR	2734	+	81	34167559	40213
chr6	34127346	34327346	harbor1	chr6	34167936	34168213	LTR/ERVL-MaLR	2734	+	138	34168074	40728
chr6	34127346	34327346	harbor1	chr6	34205531	34205778	LTR/ERVL-MaLR	634	+	124	34205655	78309
chr6	34127346	34327346	harbor1	chr6	34208005	34208492	LTR/ERVL-MaLR	2121	+	244	34208249	80903
chr6	34127346	34327346	harbor1	chr6	34217088	34217125	LTR/ERVL-MaLR	1847	+	18	34217106	89760
chr6	34127346	34327346	harbor1	chr6	34218392	34218795	LTR/ERVL-MaLR	1847	+	202	34218594	91248
chr6	109763746	109963746	harbor1	chr6	109765996	109766352	LTR/ERVL-MaLR	1944	+	178	109766174	2428
chr6	109763746	109963746	harbor1	chr6	109811936	109812291	LTR/ERVL-MaLR	2017	+	178	109812114	48368
chr6	109763746	109963746	harbor1	chr6	109813619	109814037	LTR/ERVL-MaLR	1153	+	209	109813828	50082
chr6	109763746	109963746	harbor1	chr6	109829983	109830336	LTR/ERVL-MaLR	2542	+	176	109830159	66413
chr6	109763746	109963746	harbor1	chr6	109830544	109830897	LTR/ERVL-MaLR	2752	+	176	109830720	66974
chr6	109763746	109963746	harbor1	chr6	109830898	109832460	LTR/ERVL-MaLR	12141	+	781	109831679	67933
chr6	109763746	109963746	harbor1	chr6	109832461	109832817	LTR/ERVL-MaLR	2707	+	178	109832639	68893
chr6	109763746	109963746	harbor1	chr6	109848527	109848648	LTR/ERVL-MaLR	473	+	60	109848587	84841
chr6	109763746	109963746	harbor1	chr6	109848679	109849040	LTR/ERVL-MaLR	1375	+	180	109848859	85113
chr6	154505258	154705258	harbor1	chr6	154521268	154521786	LTR/ERVL-MaLR	2518	+	259	154521527	16269
chr6	154505258	154705258	harbor1	chr6	154526258	154526375	LTR/ERVL-MaLR	1809	+	58	154526316	21058
chr6	154505258	154705258	harbor1	chr6	154526985	154527266	LTR/ERVL-MaLR	1809	+	140	154527125	21867
chr6	154505258	154705258	harbor1	chr6	154529902	154530346	LTR/ERVL-MaLR	1939	+	222	154530124	24866
chr6	154505258	154705258	harbor1	chr6	154553586	154553625	LTR/ERVL-MaLR	1437	+	20	154553606	48348
chr6	154505258	154705258	harbor1	chr6	154553919	154554274	LTR/ERVL-MaLR	1437	+	178	154554097	48839
chr6	154505258	154705258	harbor1	chr6	154597100	154597482	LTR/ERVL-MaLR	1771	+	191	154597291	92033
chr6	94080583	94280583	harbor1	chr6	94111494	94111880	LTR/ERVL-MaLR	2053	+	193	94111687	31104
chr6	94080583	94280583	harbor1	chr6	94135322	94135693	LTR/ERVL-MaLR	1259	+	186	94135508	54925
chr6	94080583	94280583	harbor1	chr6	94155545	94155726	LTR/ERVL-MaLR	727	+	90	94155635	75052
chr6	94080583	94280583	harbor1	chr6	94160201	94160533	LTR/ERVL-MaLR	1202	+	166	94160367	79784
chr6	94080583	94280583	harbor1	chr6	94162727	94162856	LTR/ERVL-MaLR	703	+	64	94162791	82208
chr6	94080583	94280583	harbor1	chr6	94163162	94163580	LTR/ERVL-MaLR	1011	+	209	94163371	82788
chr6	51569033	51769033	harbor1	chr6	51605499	51605961	LTR/ERVL-MaLR	1667	+	231	51605730	36697
chr6	149647378	149847378	harbor1	chr6	149653321	149653535	LTR/ERVL-MaLR	508	+	107	149653428	6050
chr6	149647378	149847378	harbor1	chr6	149691096	149691454	LTR/ERVL-MaLR	1716	+	179	149691275	43897
chr6	149647378	149847378	harbor1	chr6	149703371	149703491	LTR/ERVL-MaLR	782	+	60	149703431	56053
chr6	149647378	149847378	harbor1	chr6	149706526	149706929	LTR/ERVL-MaLR	990	+	202	149706728	59350
chr6	149647378	149847378	harbor1	chr6	149710544	149711109	LTR/ERVL-MaLR	1445	+	282	149710826	63448
chr6	149647378	149847378	harbor1	chr6	149711152	149711262	LTR/ERVL-MaLR	506	+	55	149711207	63829
chr6	149647378	149847378	harbor1	chr6	149711555	149711898	LTR/ERVL-MaLR	506	+	172	149711727	64349
chr6	149647378	149847378	harbor1	chr6	149713029	149713153	LTR/ERVL-MaLR	499	+	62	149713091	65713
chr6	71201362	71401362	harbor1	chr6	71212365	71212540	LTR/ERVL-MaLR	1992	+	88	71212453	11091
chr6	71201362	71401362	harbor1	chr6	71212842	71213139	LTR/ERVL-MaLR	1992	+	148	71212990	11628
chr6	71201362	71401362	harbor1	chr6	71219543	71219930	LTR/ERVL-MaLR	1904	+	194	71219737	18375
chr6	71201362	71401362	harbor1	chr6	71232887	71233256	LTR/ERVL-MaLR	2581	+	184	71233071	31709
chr6	71201362	71401362	harbor1	chr6	71281026	71281383	LTR/ERVL-MaLR	2161	+	178	71281204	79842
chr6	152402005	152602005	harbor1	chr6	152450004	152450380	LTR/ERVL-MaLR	2794	+	188	152450192	48187
chr6	152402005	152602005	harbor1	chr6	152454288	152454600	LTR/ERVL-MaLR	1341	+	156	152454444	52439
chr6	62572607	62772607	harbor1	chr6	62579903	62580252	LTR/ERVL-MaLR	1946	+	174	62580077	7470
chr6	62572607	62772607	harbor1	chr6	62595252	62595967	LTR/ERVL-MaLR	5194	+	358	62595610	23003
chr6	62572607	62772607	harbor1	chr6	62595969	62596324	LTR/ERVL-MaLR	2340	+	178	62596147	23540
chr6	62572607	62772607	harbor1	chr6	62600314	62600570	LTR/ERVL-MaLR	1062	+	128	62600442	27835
chr6	62572607	62772607	harbor1	chr6	62600882	62601113	LTR/ERVL-MaLR	1053	+	116	62600998	28391
chr6	62572607	62772607	harbor1	chr6	62613171	62613491	LTR/ERVL-MaLR	1776	+	160	62613331	40724
chr6	62572607	62772607	harbor1	chr6	62613492	62615065	LTR/ERVL-MaLR	11336	+	786	62614278	41671
chr6	62572607	62772607	harbor1	chr6	62615066	62615409	LTR/ERVL-MaLR	1884	+	172	62615238	42631
chr6	62572607	62772607	harbor1	chr6	62645107	62645462	LTR/ERVL-MaLR	2067	+	178	62645285	72678
chr6	62572607	62772607	harbor1	chr6	62645463	62647022	LTR/ERVL-MaLR	10654	+	780	62646243	73636
chr6	62572607	62772607	harbor1	chr6	62647023	62647380	LTR/ERVL-MaLR	2148	+	178	62647201	74594
chr6	62572607	62772607	harbor1	chr6	62666301	62666451	LTR/ERVL-MaLR	1317	+	75	62666376	93769
chr6	62572607	62772607	harbor1	chr6	62666762	62667011	LTR/ERVL-MaLR	1317	+	124	62666886	94279
chr6	17125487	17325487	harbor1	chr6	17159955	17160308	LTR/ERVL-MaLR	1755	+	176	17160131	34644
chr6	17125487	17325487	harbor1	chr6	17163230	17163440	LTR/ERVL-MaLR	1071	+	105	17163335	37848
chr6	17125487	17325487	harbor1	chr6	17173692	17174076	LTR/ERVL-MaLR	1233	+	192	17173884	48397
chr6	17125487	17325487	harbor1	chr6	17177321	17177578	LTR/ERVL-MaLR	701	+	128	17177449	51962
chr6	17125487	17325487	harbor1	chr6	17179053	17179430	LTR/ERVL-MaLR	1483	+	188	17179241	53754
chr6	17125487	17325487	harbor1	chr6	17192349	17192541	LTR/ERVL-MaLR	535	+	96	17192445	66958
chr6	17125487	17325487	harbor1	chr6	17192603	17192799	LTR/ERVL-MaLR	3345	+	98	17192701	67214
chr6	17125487	17325487	harbor1	chr6	17193159	17193915	LTR/ERVL-MaLR	3345	+	378	17193537	68050
chr6	17125487	17325487	harbor1	chr6	17195362	17195423	LTR/ERVL-MaLR	1457	+	30	17195392	69905
chr6	17125487	17325487	harbor1	chr6	17195742	17195852	LTR/ERVL-MaLR	1457	+	55	17195797	70310
chr6	17125487	17325487	harbor1	chr6	17196156	17196439	LTR/ERVL-MaLR	1457	+	142	17196298	70811
chr6	17125487	17325487	harbor1	chr6	17197305	17197481	LTR/ERVL-MaLR	1271	+	88	17197393	71906
chr6	17125487	17325487	harbor1	chr6	17197780	17198057	LTR/ERVL-MaLR	1271	+	138	17197918	72431
chr6	17125487	17325487	harbor1	chr6	17207168	17207672	LTR/ERVL-MaLR	1887	+	252	17207420	81933
chr6	17125487	17325487	harbor1	chr6	17210835	17210931	LTR/ERVL-MaLR	450	+	48	17210883	85396
chr6	17125487	17325487	harbor1	chr6	17222218	17222571	LTR/ERVL-MaLR	2243	+	176	17222394	96907
chr6	46871561	47071561	harbor1	chr6	46879289	46879660	LTR/ERVL-MaLR	2214	+	186	46879475	7914
chr6	46871561	47071561	harbor1	chr6	46884572	46884920	LTR/ERVL-MaLR	1440	+	174	46884746	13185
chr6	46871561	47071561	harbor1	chr6	46885224	46885384	LTR/ERVL-MaLR	1440	+	80	46885304	13743
chr6	46871561	47071561	harbor1	chr6	46967433	46967791	LTR/ERVL-MaLR	1577	+	179	46967612	96051
chr6	23922124	24122124	harbor1	chr6	23945408	23945948	LTR/ERVL-MaLR	1768	+	270	23945678	23554
chr6	23922124	24122124	harbor1	chr6	24011143	24011505	LTR/ERVL-MaLR	2276	+	181	24011324	89200
chr6	23922124	24122124	harbor1	chr6	24013768	24014134	LTR/ERVL-MaLR	2163	+	183	24013951	91827
chr6	83840575	84040575	harbor1	chr6	83841363	83841840	LTR/ERVL-MaLR	1432	+	238	83841601	1026
chr6	83840575	84040575	harbor1	chr6	83850130	83850228	LTR/ERVL-MaLR	545	+	49	83850179	9604
chr6	83840575	84040575	harbor1	chr6	83850296	83850474	LTR/ERVL-MaLR	666	+	89	83850385	9810
chr6	154414077	154614077	harbor1	chr6	154417550	154417840	LTR/ERVL-MaLR	1601	+	145	154417695	3618
chr6	154414077	154614077	harbor1	chr6	154440595	154440884	LTR/ERVL-MaLR	543	+	144	154440739	26662
chr6	154414077	154614077	harbor1	chr6	154450892	154451074	LTR/ERVL-MaLR	495	+	91	154450983	36906
chr6	154414077	154614077	harbor1	chr6	154452628	154452990	LTR/ERVL-MaLR	2006	+	181	154452809	38732
chr6	150473108	150673108	harbor1	chr6	150493626	150493978	LTR/ERVL-MaLR	2212	+	176	150493802	20694
chr6	150473108	150673108	harbor1	chr6	150500583	150500942	LTR/ERVL-MaLR	2136	+	180	150500763	27655
chr6	150473108	150673108	harbor1	chr6	150517069	150517491	LTR/ERVL-MaLR	1316	+	211	150517280	44172
chr6	150473108	150673108	harbor1	chr6	150520436	150520643	LTR/ERVL-MaLR	2580	+	104	150520540	47432
chr6	150473108	150673108	harbor1	chr6	150520700	150520938	LTR/ERVL-MaLR	2580	+	119	150520819	47711
chr6	150473108	150673108	harbor1	chr6	150533149	150533520	LTR/ERVL-MaLR	2208	+	186	150533335	60227
chr6	77437407	77637407	harbor1	chr6	77488000	77488147	LTR/ERVL-MaLR	426	+	74	77488074	50667
chr6	77437407	77637407	harbor1	chr6	77502948	77503459	LTR/ERVL-MaLR	1751	+	256	77503204	65797
chr6	152414955	152614955	harbor1	chr6	152450004	152450380	LTR/ERVL-MaLR	2794	+	188	152450192	35237
chr6	152414955	152614955	harbor1	chr6	152454288	152454600	LTR/ERVL-MaLR	1341	+	156	152454444	39489
chr6	152414955	152614955	harbor1	chr6	152513228	152513353	LTR/ERVL-MaLR	605	+	62	152513290	98335
chr6	152414955	152614955	harbor1	chr6	152513634	152513663	LTR/ERVL-MaLR	605	+	14	152513648	98693
chr6	152414955	152614955	harbor1	chr6	152514707	152514909	LTR/ERVL-MaLR	960	+	101	152514808	99853
chr6	50090444	50290444	harbor1	chr6	50149363	50149725	LTR/ERVL-MaLR	2669	+	181	50149544	59100
chr6	50090444	50290444	harbor1	chr6	50180658	50181060	LTR/ERVL-MaLR	614	+	201	50180859	90415
chr6	50090444	50290444	harbor1	chr6	50181714	50182081	LTR/ERVL-MaLR	1724	+	184	50181898	91454
chr6	45845126	46045126	harbor1	chr6	45874275	45874780	LTR/ERVL-MaLR	1194	+	252	45874527	29401
chr6	45845126	46045126	harbor1	chr6	45876139	45876360	LTR/ERVL-MaLR	729	+	110	45876249	31123
chr6	45845126	46045126	harbor1	chr6	45876361	45876706	LTR/ERVL-MaLR	1309	+	172	45876533	31407
chr6	45845126	46045126	harbor1	chr6	45876707	45876905	LTR/ERVL-MaLR	729	+	99	45876806	31680
chr6	45845126	46045126	harbor1	chr6	45877227	45877325	LTR/ERVL-MaLR	729	+	49	45877276	32150
chr6	45845126	46045126	harbor1	chr6	45885094	45885424	LTR/ERVL-MaLR	1599	+	165	45885259	40133
chr6	153304996	153504996	harbor1	chr6	153305186	153305248	LTR/ERVL-MaLR	1184	+	31	153305217	221
chr6	153304996	153504996	harbor1	chr6	153305470	153305685	LTR/ERVL-MaLR	965	+	108	153305578	582
chr6	153304996	153504996	harbor1	chr6	153331338	153331699	LTR/ERVL-MaLR	2427	+	180	153331518	26522
chr6	153304996	153504996	harbor1	chr6	153336005	153336401	LTR/ERVL-MaLR	3011	+	198	153336203	31207
chr6	153304996	153504996	harbor1	chr6	153336403	153336744	LTR/ERVL-MaLR	2042	+	170	153336573	31577
chr6	153304996	153504996	harbor1	chr6	153348258	153348646	LTR/ERVL-MaLR	1611	+	194	153348452	43456
chr6	153304996	153504996	harbor1	chr6	153364301	153364660	LTR/ERVL-MaLR	798	+	180	153364481	59485
chr6	153304996	153504996	harbor1	chr6	153384941	153385126	LTR/ERVL-MaLR	1102	+	92	153385033	80037
chr6	153304996	153504996	harbor1	chr6	153390624	153390993	LTR/ERVL-MaLR	2055	+	184	153390808	85812
chr6	153304996	153504996	harbor1	chr6	153391691	153392047	LTR/ERVL-MaLR	2211	+	178	153391869	86873
chr6	153304996	153504996	harbor1	chr6	153304944	153305140	LTR/ERVL-MaLR	1184	+	98	153305042	46
chr6	158258918	158458918	harbor1	chr6	158333155	158333526	LTR/ERVL-MaLR	1829	+	186	158333341	74423
chr6	158258918	158458918	harbor1	chr6	158335294	158335347	LTR/ERVL-MaLR	1539	+	26	158335320	76402
chr6	158258918	158458918	harbor1	chr6	158343400	158343744	LTR/ERVL-MaLR	1296	+	172	158343572	84654
chr6	158258918	158458918	harbor1	chr6	158334687	158334995	LTR/ERVL-MaLR	1539	+	154	158334841	75923
chr6	146198027	146398027	harbor1	chr6	146248308	146248664	LTR/ERVL-MaLR	2129	+	178	146248486	50459
chr6	146198027	146398027	harbor1	chr6	146248668	146250275	LTR/ERVL-MaLR	10928	+	804	146249472	51445
chr6	146198027	146398027	harbor1	chr6	146250279	146250597	LTR/ERVL-MaLR	1765	+	159	146250438	52411
chr6	146198027	146398027	harbor1	chr6	146284504	146284873	LTR/ERVL-MaLR	1998	+	184	146284688	86661
chr6	146198027	146398027	harbor1	chr6	146287669	146288007	LTR/ERVL-MaLR	1344	+	169	146287838	89811
chr6	146198027	146398027	harbor1	chr6	146288008	146288460	LTR/ERVL-MaLR	1569	+	226	146288234	90207
chr6	146198027	146398027	harbor1	chr6	146289967	146290961	LTR/ERVL-MaLR	2244	+	497	146290464	92437
chr6	146198027	146398027	harbor1	chr6	146290961	146291094	LTR/ERVL-MaLR	494	+	66	146291027	93000
chr6	49492327	49692327	harbor1	chr6	49493783	49493915	LTR/ERVL-MaLR	669	+	66	49493849	1522
chr6	49492327	49692327	harbor1	chr6	49493916	49494028	LTR/ERVL-MaLR	719	+	56	49493972	1645
chr6	49492327	49692327	harbor1	chr6	49494027	49495466	LTR/ERVL-MaLR	5183	+	720	49494747	2420
chr6	49492327	49692327	harbor1	chr6	49495476	49495863	LTR/ERVL-MaLR	2128	+	194	49495670	3343
chr6	49492327	49692327	harbor1	chr6	49539403	49539762	LTR/ERVL-MaLR	1668	+	180	49539583	47256
chr6	49492327	49692327	harbor1	chr6	49561939	49562349	LTR/ERVL-MaLR	2568	+	205	49562144	69817
chr6	49492327	49692327	harbor1	chr6	49579042	49579422	LTR/ERVL-MaLR	2405	+	190	49579232	86905
chr6	49492327	49692327	harbor1	chr6	49588855	49589244	LTR/ERVL-MaLR	2226	+	194	49589049	96722
chr6	17858844	18058844	harbor1	chr6	17887005	17887368	LTR/ERVL-MaLR	813	+	182	17887187	28343
chr6	17858844	18058844	harbor1	chr6	17941381	17941784	LTR/ERVL-MaLR	2164	+	202	17941583	82739
chr6	105342515	105542515	harbor1	chr6	105372859	105373242	LTR/ERVL-MaLR	673	+	192	105373051	30536
chr6	105342515	105542515	harbor1	chr6	105442152	105442660	LTR/ERVL-MaLR	2211	+	254	105442406	99891
chr6	62118920	62318920	harbor1	chr6	62133183	62133540	LTR/ERVL-MaLR	2045	+	178	62133361	14441
chr6	62118920	62318920	harbor1	chr6	62133541	62135081	LTR/ERVL-MaLR	10893	+	770	62134311	15391
chr6	62118920	62318920	harbor1	chr6	62135082	62135437	LTR/ERVL-MaLR	2100	+	178	62135260	16340
chr6	62118920	62318920	harbor1	chr6	62144985	62145169	LTR/ERVL-MaLR	1024	+	92	62145077	26157
chr6	62118920	62318920	harbor1	chr6	62181668	62181988	LTR/ERVL-MaLR	1303	+	160	62181828	62908
chr6	62118920	62318920	harbor1	chr6	62181999	62182227	LTR/ERVL-MaLR	972	+	114	62182113	63193
chr6	62118920	62318920	harbor1	chr6	62188730	62188831	LTR/ERVL-MaLR	1035	+	50	62188780	69860
chr6	62118920	62318920	harbor1	chr6	62189145	62189511	LTR/ERVL-MaLR	1035	+	183	62189328	70408
chr6	62118920	62318920	harbor1	chr6	62203800	62204210	LTR/ERVL-MaLR	2034	+	205	62204005	85085
chr6	62118920	62318920	harbor1	chr6	62212416	62212873	LTR/ERVL-MaLR	2038	+	228	62212644	93724
chr6	51541284	51741284	harbor1	chr6	51605499	51605961	LTR/ERVL-MaLR	1667	+	231	51605730	64446
chr6	56356147	56556147	harbor1	chr6	56367211	56367721	LTR/ERVL-MaLR	710	+	255	56367466	11319
chr6	56356147	56556147	harbor1	chr6	56372804	56373319	LTR/ERVL-MaLR	440	+	258	56373062	16915
chr6	56356147	56556147	harbor1	chr6	56373893	56373973	LTR/ERVL-MaLR	440	+	40	56373933	17786
chr6	56356147	56556147	harbor1	chr6	56379967	56380384	LTR/ERVL-MaLR	2479	+	208	56380175	24028
chr6	56356147	56556147	harbor1	chr6	56382452	56382848	LTR/ERVL-MaLR	1074	+	198	56382650	26503
chr6	56356147	56556147	harbor1	chr6	56451371	56451831	LTR/ERVL-MaLR	1284	+	230	56451601	95454
chr6	37781668	37981668	harbor1	chr6	37794084	37794237	LTR/ERVL-MaLR	991	+	76	37794160	12492
chr6	37781668	37981668	harbor1	chr6	37794531	37794783	LTR/ERVL-MaLR	991	+	126	37794657	12989
chr6	37781668	37981668	harbor1	chr6	37811793	37812038	LTR/ERVL-MaLR	1239	+	122	37811915	30247
chr6	37781668	37981668	harbor1	chr6	37813302	37813630	LTR/ERVL-MaLR	1761	+	164	37813466	31798
chr6	37781668	37981668	harbor1	chr6	37813937	37813977	LTR/ERVL-MaLR	1761	+	20	37813957	32289
chr6	37781668	37981668	harbor1	chr6	37816656	37817020	LTR/ERVL-MaLR	650	+	182	37816838	35170
chr6	14854122	15054122	harbor1	chr6	14891788	14892141	LTR/ERVL-MaLR	2926	+	176	14891964	37842
chr6	14854122	15054122	harbor1	chr6	14896559	14896699	LTR/ERVL-MaLR	705	+	70	14896629	42507
chr6	14854122	15054122	harbor1	chr6	14898885	14899242	LTR/ERVL-MaLR	2209	+	178	14899063	44941
chr6	14854122	15054122	harbor1	chr6	14905208	14905604	LTR/ERVL-MaLR	2000	+	198	14905406	51284
chr6	14854122	15054122	harbor1	chr6	14911192	14911571	LTR/ERVL-MaLR	2429	+	190	14911382	57260
chr6	14854122	15054122	harbor1	chr6	14950702	14951097	LTR/ERVL-MaLR	2161	+	198	14950900	96778
chr6	14854122	15054122	harbor1	chr6	14952121	14952217	LTR/ERVL-MaLR	2586	+	48	14952169	98047
chr6	14854122	15054122	harbor1	chr6	14952517	14952866	LTR/ERVL-MaLR	2586	+	174	14952691	98569
chr6	153802596	154002596	harbor1	chr6	153810277	153810654	LTR/ERVL-MaLR	2187	+	188	153810465	7869
chr6	153802596	154002596	harbor1	chr6	153827433	153827942	LTR/ERVL-MaLR	2293	+	254	153827687	25091
chr6	153802596	154002596	harbor1	chr6	153879978	153880421	LTR/ERVL-MaLR	1692	+	222	153880200	77604
chr6	153802596	154002596	harbor1	chr6	153898081	153898537	LTR/ERVL-MaLR	1689	+	228	153898309	95713
chr6	22547808	22747808	harbor1	chr6	22559204	22559550	LTR/ERVL-MaLR	1406	+	173	22559377	11569
chr6	22547808	22747808	harbor1	chr6	22601364	22601726	LTR/ERVL-MaLR	2485	+	181	22601545	53737
chr6	22547808	22747808	harbor1	chr6	22607406	22607579	LTR/ERVL-MaLR	440	+	86	22607492	59684
chr6	22547808	22747808	harbor1	chr6	22632014	22632139	LTR/ERVL-MaLR	530	+	62	22632076	84268
chr6	22547808	22747808	harbor1	chr6	22642202	22642571	LTR/ERVL-MaLR	563	+	184	22642386	94578
chr6	89472274	89672274	harbor1	chr6	89477962	89478140	LTR/ERVL-MaLR	1478	+	89	89478051	5777
chr6	89472274	89672274	harbor1	chr6	89478781	89479009	LTR/ERVL-MaLR	1478	+	114	89478895	6621
chr6	89472274	89672274	harbor1	chr6	89490815	89491238	LTR/ERVL-MaLR	1269	+	212	89491027	18753
chr6	89472274	89672274	harbor1	chr6	89499027	89499400	LTR/ERVL-MaLR	574	+	186	89499213	26939
chr6	89472274	89672274	harbor1	chr6	89509927	89510298	LTR/ERVL-MaLR	1177	+	186	89510113	37839
chr6	89472274	89672274	harbor1	chr6	89515787	89516069	LTR/ERVL-MaLR	692	+	141	89515928	43654
chr6	89472274	89672274	harbor1	chr6	89548868	89548924	LTR/ERVL-MaLR	1473	+	28	89548896	76622
chr6	89472274	89672274	harbor1	chr6	89549232	89549580	LTR/ERVL-MaLR	1473	+	174	89549406	77132
chr6	89472274	89672274	harbor1	chr6	89568529	89568847	LTR/ERVL-MaLR	1124	+	159	89568688	96414
chr6	101408010	101608010	harbor1	chr6	101481747	101482114	LTR/ERVL-MaLR	2211	+	184	101481931	73921
chr6	131062950	131262950	harbor1	chr6	131070013	131070268	LTR/ERVL-MaLR	726	+	128	131070141	7191
chr6	131062950	131262950	harbor1	chr6	131070282	131070697	LTR/ERVL-MaLR	1487	+	208	131070490	7540
chr6	131062950	131262950	harbor1	chr6	131073631	131074008	LTR/ERVL-MaLR	2212	+	188	131073819	10869
chr6	131062950	131262950	harbor1	chr6	131074442	131074864	LTR/ERVL-MaLR	1194	+	211	131074653	11703
chr6	131062950	131262950	harbor1	chr6	131075164	131075224	LTR/ERVL-MaLR	1194	+	30	131075194	12244
chr6	131062950	131262950	harbor1	chr6	131103877	131104254	LTR/ERVL-MaLR	1181	+	188	131104065	41115
chr6	131062950	131262950	harbor1	chr6	131109212	131109569	LTR/ERVL-MaLR	1987	+	178	131109390	46440
chr6	131062950	131262950	harbor1	chr6	131141122	131141509	LTR/ERVL-MaLR	1928	+	194	131141316	78366
chr6	131062950	131262950	harbor1	chr6	131141516	131143221	LTR/ERVL-MaLR	8809	+	852	131142368	79418
chr6	131062950	131262950	harbor1	chr6	131143222	131143620	LTR/ERVL-MaLR	2066	+	199	131143421	80471
chr6	80811391	81011391	harbor1	chr6	80905387	80905755	LTR/ERVL-MaLR	1682	+	184	80905571	94180
chr6	147515035	147715035	harbor1	chr6	147548918	147549188	LTR/ERVL-MaLR	872	+	135	147549053	34018
chr6	147515035	147715035	harbor1	chr6	147609077	147609486	LTR/ERVL-MaLR	1768	+	204	147609281	94246
chr6	6002112	6202112	harbor1	chr6	6017496	6017858	LTR/ERVL-MaLR	1281	+	181	6017677	15565
chr6	6002112	6202112	harbor1	chr6	6021814	6022287	LTR/ERVL-MaLR	2115	+	236	6022050	19938
chr6	6002112	6202112	harbor1	chr6	6083866	6084233	LTR/ERVL-MaLR	1759	+	184	6084050	81938
chr6	6002112	6202112	harbor1	chr6	6089328	6089780	LTR/ERVL-MaLR	1357	+	226	6089554	87442
chr6	115463784	115663784	harbor1	chr6	115463556	115464613	LTR/ERVL-MaLR	4256	+	528	115464084	300
chr6	115463784	115663784	harbor1	chr6	115490011	115490434	LTR/ERVL-MaLR	2461	+	212	115490223	26439
chr6	115463784	115663784	harbor1	chr6	115497477	115497687	LTR/ERVL-MaLR	652	+	105	115497582	33798
chr6	115463784	115663784	harbor1	chr6	115501261	115501332	LTR/ERVL-MaLR	2171	+	36	115501297	37513
chr6	115463784	115663784	harbor1	chr6	115501697	115501999	LTR/ERVL-MaLR	2171	+	151	115501848	38064
chr6	115463784	115663784	harbor1	chr6	115502002	115503540	LTR/ERVL-MaLR	10320	+	769	115502771	38987
chr6	115463784	115663784	harbor1	chr6	115503541	115503915	LTR/ERVL-MaLR	2243	+	187	115503728	39944
chr6	115463784	115663784	harbor1	chr6	115504592	115504986	LTR/ERVL-MaLR	1980	+	197	115504789	41005
chr6	115463784	115663784	harbor1	chr6	115515023	115515770	LTR/ERVL-MaLR	694	+	374	115515397	51613
chr6	115463784	115663784	harbor1	chr6	115522314	115522760	LTR/ERVL-MaLR	830	+	223	115522537	58753
chr6	115463784	115663784	harbor1	chr6	115524191	115524574	LTR/ERVL-MaLR	1327	+	192	115524383	60599
chr6	115463784	115663784	harbor1	chr6	115531802	115532157	LTR/ERVL-MaLR	2381	+	178	115531980	68196
chr6	115463784	115663784	harbor1	chr6	115553980	115554559	LTR/ERVL-MaLR	1318	+	290	115554270	90486
chr6	115463784	115663784	harbor1	chr6	115539605	115540034	LTR/ERVL-MaLR	1502	+	214	115539819	76035
chr6	158827230	159027230	harbor1	chr6	158847799	158848187	LTR/ERVL-MaLR	1934	+	194	158847993	20763
chr6	158827230	159027230	harbor1	chr6	158902186	158902503	LTR/ERVL-MaLR	1501	+	158	158902344	75114
chr6	158827230	159027230	harbor1	chr6	158902807	158902858	LTR/ERVL-MaLR	1501	+	26	158902833	75603
chr6	158827230	159027230	harbor1	chr6	158906320	158906734	LTR/ERVL-MaLR	2375	+	207	158906527	79297
chr6	158827230	159027230	harbor1	chr6	158925799	158925959	LTR/ERVL-MaLR	2346	+	80	158925879	98649
chr6	158827230	159027230	harbor1	chr6	158926261	158926492	LTR/ERVL-MaLR	2346	+	116	158926377	99147
chr6	80560341	80760341	harbor1	chr6	80585402	80585742	LTR/ERVL-MaLR	2186	+	170	80585572	25231
chr6	80560341	80760341	harbor1	chr6	80585745	80587346	LTR/ERVL-MaLR	9917	+	800	80586545	26204
chr6	80560341	80760341	harbor1	chr6	80587351	80587711	LTR/ERVL-MaLR	2305	+	180	80587531	27190
chr6	31058960	31258960	harbor1	chr6	31061750	31062077	LTR/ERVL-MaLR	463	+	164	31061914	2954
chr6	68244425	68444425	harbor1	chr6	68256856	68257193	LTR/ERVL-MaLR	1990	+	168	68257024	12599
chr6	68244425	68444425	harbor1	chr6	68267206	68267579	LTR/ERVL-MaLR	2377	+	186	68267392	22967
chr6	68244425	68444425	harbor1	chr6	68277239	68277692	LTR/ERVL-MaLR	1604	+	226	68277465	33040
chr6	68244425	68444425	harbor1	chr6	68278661	68278760	LTR/ERVL-MaLR	452	+	50	68278711	34286
chr6	68244425	68444425	harbor1	chr6	68319733	68320068	LTR/ERVL-MaLR	502	+	168	68319901	75476
chr6	107052290	107252290	harbor1	chr6	107082007	107082429	LTR/ERVL-MaLR	573	+	211	107082218	29928
chr6	107052290	107252290	harbor1	chr6	107082729	107082806	LTR/ERVL-MaLR	573	+	38	107082767	30477
chr6	107052290	107252290	harbor1	chr6	107122113	107122288	LTR/ERVL-MaLR	1373	+	88	107122201	69911
chr6	107052290	107252290	harbor1	chr6	107122890	107123128	LTR/ERVL-MaLR	1373	+	119	107123009	70719
chr6	76715932	76915932	harbor1	chr6	76730466	76730835	LTR/ERVL-MaLR	1947	+	184	76730650	14718
chr6	76715932	76915932	harbor1	chr6	76730997	76731508	LTR/ERVL-MaLR	1233	+	256	76731253	15321
chr6	76715932	76915932	harbor1	chr6	76763185	76763299	LTR/ERVL-MaLR	533	+	57	76763242	47310
chr6	76715932	76915932	harbor1	chr6	76784113	76784557	LTR/ERVL-MaLR	1792	+	222	76784335	68403
chr6	123106710	123306710	harbor1	chr6	123123326	123123888	LTR/ERVL-MaLR	1617	+	281	123123607	16897
chr6	123106710	123306710	harbor1	chr6	123124240	123124611	LTR/ERVL-MaLR	2148	+	186	123124426	17716
chr6	123106710	123306710	harbor1	chr6	123136684	123137048	LTR/ERVL-MaLR	2632	+	182	123136866	30156
chr6	123106710	123306710	harbor1	chr6	123137051	123137283	LTR/ERVL-MaLR	3995	+	116	123137167	30457
chr6	123106710	123306710	harbor1	chr6	123137802	123138244	LTR/ERVL-MaLR	3995	+	221	123138023	31313
chr6	123106710	123306710	harbor1	chr6	123138236	123138409	LTR/ERVL-MaLR	1061	+	86	123138322	31612
chr6	123106710	123306710	harbor1	chr6	123157484	123157829	LTR/ERVL-MaLR	2095	+	172	123157656	50946
chr6	123106710	123306710	harbor1	chr6	123190743	123191078	LTR/ERVL-MaLR	1403	+	168	123190911	84201
chr6	123106710	123306710	harbor1	chr6	123198655	123199011	LTR/ERVL-MaLR	2138	+	178	123198833	92123
chr6	123106710	123306710	harbor1	chr6	123204327	123204438	LTR/ERVL-MaLR	734	+	56	123204383	97673
chr6	54638971	54838971	harbor1	chr6	54674195	54674536	LTR/ERVL-MaLR	1326	+	170	54674365	35394
chr6	54638971	54838971	harbor1	chr6	54686554	54686970	LTR/ERVL-MaLR	2559	+	208	54686762	47791
chr6	67837123	68037123	harbor1	chr6	67855615	67855882	LTR/ERVL-MaLR	1831	+	134	67855749	18626
chr6	67837123	68037123	harbor1	chr6	67856696	67857065	LTR/ERVL-MaLR	2047	+	184	67856880	19757
chr6	52398660	52598660	harbor1	chr6	52412877	52413352	LTR/ERVL-MaLR	1481	+	238	52413115	14455
chr6	52398660	52598660	harbor1	chr6	52485472	52485900	LTR/ERVL-MaLR	2015	+	214	52485686	87026
chr6	104129804	104329804	harbor1	chr6	104200382	104200748	LTR/ERVL-MaLR	2022	+	183	104200565	70761
chr6	104129804	104329804	harbor1	chr6	104202310	104202654	LTR/ERVL-MaLR	1760	+	172	104202482	72678
chr6	104129804	104329804	harbor1	chr6	104205844	104206286	LTR/ERVL-MaLR	1492	+	221	104206065	76261
chr6	104129804	104329804	harbor1	chr6	104228569	104228931	LTR/ERVL-MaLR	2669	+	181	104228750	98946
chr6	104129804	104329804	harbor1	chr6	104200749	104202309	LTR/ERVL-MaLR	11324	+	780	104201529	71725
chr6	157157173	157357173	harbor1	chr6	157217542	157217860	LTR/ERVL-MaLR	743	+	159	157217701	60528
chr6	157157173	157357173	harbor1	chr6	157241275	157241686	LTR/ERVL-MaLR	837	+	206	157241481	84308
chr6	157157173	157357173	harbor1	chr6	157243803	157243953	LTR/ERVL-MaLR	733	+	75	157243878	86705
chr6	157157173	157357173	harbor1	chr6	157252750	157253334	LTR/ERVL-MaLR	974	+	292	157253042	95869
chr6	157157173	157357173	harbor1	chr6	157255111	157255384	LTR/ERVL-MaLR	495	+	136	157255247	98074
chr6	133795859	133995859	harbor1	chr6	133808168	133808536	LTR/ERVL-MaLR	2179	+	184	133808352	12493
chr6	133795859	133995859	harbor1	chr6	133809934	133810148	LTR/ERVL-MaLR	485	+	107	133810041	14182
chr6	133795859	133995859	harbor1	chr6	133814848	133815233	LTR/ERVL-MaLR	1871	+	192	133815040	19181
chr6	133795859	133995859	harbor1	chr6	133869072	133869413	LTR/ERVL-MaLR	1761	+	170	133869242	73383
chr6	133795859	133995859	harbor1	chr6	133880746	133881158	LTR/ERVL-MaLR	1241	+	206	133880952	85093
chr6	133795859	133995859	harbor1	chr6	133882742	133883264	LTR/ERVL-MaLR	965	+	261	133883003	87144
chr6	108815922	109015922	harbor1	chr6	108818724	108818892	LTR/ERVL-MaLR	2547	+	84	108818808	2886
chr6	108815922	109015922	harbor1	chr6	108819164	108819396	LTR/ERVL-MaLR	2547	+	116	108819280	3358
chr6	108815922	109015922	harbor1	chr6	108826682	108827144	LTR/ERVL-MaLR	1969	+	231	108826913	10991
chr6	108815922	109015922	harbor1	chr6	108827145	108827530	LTR/ERVL-MaLR	2303	+	192	108827337	11415
chr6	108815922	109015922	harbor1	chr6	108832634	108833137	LTR/ERVL-MaLR	1267	+	252	108832886	16964
chr6	108815922	109015922	harbor1	chr6	108844165	108844415	LTR/ERVL-MaLR	627	+	125	108844290	28368
chr6	108815922	109015922	harbor1	chr6	108880246	108880626	LTR/ERVL-MaLR	852	+	190	108880436	64514
chr6	167796336	167996336	harbor1	chr6	167801967	167802339	LTR/ERVL-MaLR	1713	+	186	167802153	5817
chr6	167796336	167996336	harbor1	chr6	167840345	167840647	LTR/ERVL-MaLR	621	+	151	167840496	44160
chr6	98615847	98815847	harbor1	chr6	98693334	98693783	LTR/ERVL-MaLR	1658	+	224	98693558	77711
chr6	98615847	98815847	harbor1	chr6	98699879	98700392	LTR/ERVL-MaLR	720	+	256	98700135	84288
chr6	98615847	98815847	harbor1	chr6	98664326	98664820	LTR/ERVL-MaLR	1306	+	247	98664573	48726
chr6	16321069	16521069	harbor1	chr6	16335599	16336044	LTR/ERVL-MaLR	1116	+	222	16335821	14752
chr6	16321069	16521069	harbor1	chr6	16368199	16368403	LTR/ERVL-MaLR	912	+	102	16368301	47232
chr6	16321069	16521069	harbor1	chr6	16373512	16373873	LTR/ERVL-MaLR	2273	+	180	16373692	52623
chr6	16321069	16521069	harbor1	chr6	16377034	16377275	LTR/ERVL-MaLR	1424	+	120	16377154	56085
chr6	16321069	16521069	harbor1	chr6	16380826	16381009	LTR/ERVL-MaLR	1862	+	92	16380918	59849
chr6	16321069	16521069	harbor1	chr6	16381296	16381548	LTR/ERVL-MaLR	1862	+	126	16381422	60353
chr6	16321069	16521069	harbor1	chr6	16384536	16384911	LTR/ERVL-MaLR	2258	+	188	16384724	63655
chr6	16321069	16521069	harbor1	chr6	16367605	16367928	LTR/ERVL-MaLR	912	+	162	16367767	46698
chr6	136687181	136887181	harbor1	chr6	136689476	136689852	LTR/ERVL-MaLR	1723	+	188	136689664	2483
chr6	136687181	136887181	harbor1	chr6	136712664	136713023	LTR/ERVL-MaLR	2312	+	180	136712844	25663
chr6	136687181	136887181	harbor1	chr6	136760534	136760687	LTR/ERVL-MaLR	1460	+	76	136760610	73429
chr6	136687181	136887181	harbor1	chr6	136760995	136761218	LTR/ERVL-MaLR	1460	+	112	136761107	73926
chr6	136687181	136887181	harbor1	chr6	136763700	136764083	LTR/ERVL-MaLR	2282	+	192	136763892	76711
chr6	136687181	136887181	harbor1	chr6	136764158	136764670	LTR/ERVL-MaLR	622	+	256	136764414	77233
chr6	30139090	30339090	harbor1	chr6	30148268	30148725	LTR/ERVL-MaLR	1363	+	228	30148496	9406
chr6	30139090	30339090	harbor1	chr6	30149036	30149097	LTR/ERVL-MaLR	1363	+	30	30149066	9976
chr6	30139090	30339090	harbor1	chr6	30190481	30190931	LTR/ERVL-MaLR	1136	+	225	30190706	51616
chr6	30139090	30339090	harbor1	chr6	30209356	30209503	LTR/ERVL-MaLR	799	+	74	30209430	70340
chr6	30139090	30339090	harbor1	chr6	30209511	30209599	LTR/ERVL-MaLR	601	+	44	30209555	70465
chr6	30139090	30339090	harbor1	chr6	30224218	30224578	LTR/ERVL-MaLR	2043	+	180	30224398	85308
chr6	30139090	30339090	harbor1	chr6	30230278	30230471	LTR/ERVL-MaLR	780	+	96	30230374	91284
chr6	30139090	30339090	harbor1	chr6	30230472	30231041	LTR/ERVL-MaLR	2312	+	284	30230756	91666
chr6	30139090	30339090	harbor1	chr6	30231042	30231933	LTR/ERVL-MaLR	2548	+	446	30231488	92398
chr6	30139090	30339090	harbor1	chr6	30232016	30232314	LTR/ERVL-MaLR	507	+	149	30232165	93075
chr6	123912068	124112068	harbor1	chr6	123912610	123912846	LTR/ERVL-MaLR	1374	+	118	123912728	660
chr6	123912068	124112068	harbor1	chr6	123956260	123956639	LTR/ERVL-MaLR	1635	+	190	123956450	44382
chr6	123912068	124112068	harbor1	chr6	123975853	123976218	LTR/ERVL-MaLR	2460	+	182	123976035	63967
chr6	60574882	60774882	harbor1	chr6	60574776	60575255	LTR/ERVL-MaLR	1367	+	240	60575016	134
chr6	60574882	60774882	harbor1	chr6	60612161	60612503	LTR/ERVL-MaLR	1115	+	171	60612332	37450
chr6	60574882	60774882	harbor1	chr6	60624802	60625209	LTR/ERVL-MaLR	2322	+	204	60625006	50124
chr6	125713762	125913762	harbor1	chr6	125732336	125732855	LTR/ERVL-MaLR	710	+	260	125732596	18834
chr6	125713762	125913762	harbor1	chr6	125782761	125783207	LTR/ERVL-MaLR	1642	+	223	125782984	69222
chr6	40584416	40784416	harbor1	chr6	40601752	40602127	LTR/ERVL-MaLR	2593	+	188	40601940	17524
chr6	40584416	40784416	harbor1	chr6	40618652	40618846	LTR/ERVL-MaLR	708	+	97	40618749	34333
chr6	40584416	40784416	harbor1	chr6	40619535	40619787	LTR/ERVL-MaLR	1040	+	126	40619661	35245
chr6	40584416	40784416	harbor1	chr6	40632232	40632285	LTR/ERVL-MaLR	571	+	26	40632258	47842
chr6	40584416	40784416	harbor1	chr6	40632721	40633009	LTR/ERVL-MaLR	571	+	144	40632865	48449
chr6	40584416	40784416	harbor1	chr6	40636498	40636854	LTR/ERVL-MaLR	1552	+	178	40636676	52260
chr6	40584416	40784416	harbor1	chr6	40637044	40637103	LTR/ERVL-MaLR	1552	+	30	40637074	52658
chr6	40584416	40784416	harbor1	chr6	40642677	40643075	LTR/ERVL-MaLR	685	+	199	40642876	58460
chr6	40584416	40784416	harbor1	chr6	40644260	40644557	LTR/ERVL-MaLR	567	+	148	40644408	59992
chr6	40584416	40784416	harbor1	chr6	40656538	40656655	LTR/ERVL-MaLR	1472	+	58	40656596	72180
chr6	40584416	40784416	harbor1	chr6	40656996	40657411	LTR/ERVL-MaLR	1472	+	208	40657204	72788
chr6	40584416	40784416	harbor1	chr6	40669388	40669789	LTR/ERVL-MaLR	2134	+	200	40669588	85172
chr6	40584416	40784416	harbor1	chr6	40632286	40632720	LTR/ERVL-MaLR	1484	+	217	40632503	48087
chr6	62971758	63171758	harbor1	chr6	62975095	62975474	LTR/ERVL-MaLR	1998	+	190	62975285	3527
chr6	62971758	63171758	harbor1	chr6	63017139	63017529	LTR/ERVL-MaLR	2085	+	195	63017334	45576
chr6	62971758	63171758	harbor1	chr6	63020803	63021195	LTR/ERVL-MaLR	1719	+	196	63020999	49241
chr6	62971758	63171758	harbor1	chr6	63023895	63024354	LTR/ERVL-MaLR	1395	+	230	63024125	52367
chr6	62971758	63171758	harbor1	chr6	63062364	63063698	LTR/ERVL-MaLR	8365	+	667	63063031	91273
chr6	62971758	63171758	harbor1	chr6	63061986	63062363	LTR/ERVL-MaLR	2377	+	188	63062174	90416
chr6	80717104	80917104	harbor1	chr6	80775978	80776324	LTR/ERVL-MaLR	1262	+	173	80776151	59047
chr6	80717104	80917104	harbor1	chr6	80785383	80785764	LTR/ERVL-MaLR	1916	+	190	80785573	68469
chr6	80717104	80917104	harbor1	chr6	80794360	80794753	LTR/ERVL-MaLR	1460	+	196	80794556	77452
chr6	64382615	64582615	harbor1	chr6	64413772	64414134	LTR/ERVL-MaLR	1785	+	181	64413953	31338
chr6	64382615	64582615	harbor1	chr6	64430678	64430831	LTR/ERVL-MaLR	551	+	76	64430754	48139
chr6	64382615	64582615	harbor1	chr6	64433957	64434367	LTR/ERVL-MaLR	1898	+	205	64434162	51547
chr6	64382615	64582615	harbor1	chr6	64441576	64441928	LTR/ERVL-MaLR	2131	+	176	64441752	59137
chr6	64382615	64582615	harbor1	chr6	64441929	64443509	LTR/ERVL-MaLR	11508	+	790	64442719	60104
chr6	64382615	64582615	harbor1	chr6	64443510	64443898	LTR/ERVL-MaLR	1762	+	194	64443704	61089
chr6	64382615	64582615	harbor1	chr6	64444663	64445067	LTR/ERVL-MaLR	2253	+	202	64444865	62250
chr6	82061012	82261012	harbor1	chr6	82066984	82067382	LTR/ERVL-MaLR	886	+	199	82067183	6171
chr6	82061012	82261012	harbor1	chr6	82068685	82069065	LTR/ERVL-MaLR	1185	+	190	82068875	7863
chr6	82061012	82261012	harbor1	chr6	82069384	82069782	LTR/ERVL-MaLR	1176	+	199	82069583	8571
chr6	82061012	82261012	harbor1	chr6	82089090	82089493	LTR/ERVL-MaLR	1209	+	202	82089292	28280
chr6	82061012	82261012	harbor1	chr6	82114276	82114617	LTR/ERVL-MaLR	425	+	170	82114446	53434
chr6	49235875	49435875	harbor1	chr6	49293542	49293900	LTR/ERVL-MaLR	1986	+	179	49293721	57846
chr6	49235875	49435875	harbor1	chr6	49332019	49332190	LTR/ERVL-MaLR	701	+	86	49332105	96230
chr6	49235875	49435875	harbor1	chr6	49332246	49332569	LTR/ERVL-MaLR	1150	+	162	49332408	96533
chr6	94591099	94791099	harbor1	chr6	94598328	94598460	LTR/ERVL-MaLR	437	+	66	94598394	7295
chr6	94591099	94791099	harbor1	chr6	94642218	94642571	LTR/ERVL-MaLR	1127	+	176	94642394	51295
chr6	94591099	94791099	harbor1	chr6	94668101	94668467	LTR/ERVL-MaLR	2337	+	183	94668284	77185
chr6	94591099	94791099	harbor1	chr6	94668470	94670018	LTR/ERVL-MaLR	9641	+	774	94669244	78145
chr6	94591099	94791099	harbor1	chr6	94670019	94670375	LTR/ERVL-MaLR	1759	+	178	94670197	79098
chr6	94591099	94791099	harbor1	chr6	94670376	94670521	LTR/ERVL-MaLR	1073	+	72	94670448	79349
chr6	94591099	94791099	harbor1	chr6	94670524	94670879	LTR/ERVL-MaLR	2374	+	178	94670702	79603
chr6	10559409	10759409	harbor1	chr6	10628578	10628731	LTR/ERVL-MaLR	831	+	76	10628654	69245
chr6	129617422	129817422	harbor1	chr6	129643214	129643583	LTR/ERVL-MaLR	2626	+	184	129643398	25976
chr6	129617422	129817422	harbor1	chr6	129651809	129652140	LTR/ERVL-MaLR	1253	+	166	129651975	34553
chr6	129617422	129817422	harbor1	chr6	129696927	129697158	LTR/ERVL-MaLR	635	+	116	129697043	79621
chr6	118119946	118319946	harbor1	chr6	118155281	118155665	LTR/ERVL-MaLR	1426	+	192	118155473	35527
chr6	118119946	118319946	harbor1	chr6	118210869	118211244	LTR/ERVL-MaLR	2166	+	188	118211057	91111
chr6	33030925	33230925	harbor1	chr6	33046742	33047293	LTR/ERVL-MaLR	4282	+	276	33047018	16093
chr6	33030925	33230925	harbor1	chr6	33067196	33067603	LTR/ERVL-MaLR	2166	+	204	33067400	36475
chr6	33030925	33230925	harbor1	chr6	33046377	33046741	LTR/ERVL-MaLR	2254	+	182	33046559	15634
chr6	124262984	124462984	harbor1	chr6	124270922	124271219	LTR/ERVL-MaLR	1938	+	148	124271070	8086
chr6	124262984	124462984	harbor1	chr6	124271516	124271586	LTR/ERVL-MaLR	1938	+	35	124271551	8567
chr6	124262984	124462984	harbor1	chr6	124273174	124273533	LTR/ERVL-MaLR	2058	+	180	124273354	10370
chr6	124262984	124462984	harbor1	chr6	124300114	124300470	LTR/ERVL-MaLR	1868	+	178	124300292	37308
chr6	124262984	124462984	harbor1	chr6	124300471	124301980	LTR/ERVL-MaLR	10005	+	754	124301225	38241
chr6	124262984	124462984	harbor1	chr6	124301981	124302331	LTR/ERVL-MaLR	2130	+	175	124302156	39172
chr6	124262984	124462984	harbor1	chr6	124271593	124273168	LTR/ERVL-MaLR	10506	+	788	124272381	9397
chr6	170682777	170882777	harbor1	chr6	170688930	170688975	LTR/ERVL-MaLR	586	+	22	170688952	6175
chr6	170682777	170882777	harbor1	chr6	170689297	170689586	LTR/ERVL-MaLR	586	+	144	170689441	6664
chr6	77132138	77332138	harbor1	chr6	77190399	77190705	LTR/ERVL-MaLR	1143	+	153	77190552	58414
chr6	77132138	77332138	harbor1	chr6	77201907	77202267	LTR/ERVL-MaLR	2231	+	180	77202087	69949
chr6	77132138	77332138	harbor1	chr6	77208034	77208391	LTR/ERVL-MaLR	1613	+	178	77208212	76074
chr6	77132138	77332138	harbor1	chr6	77221472	77221833	LTR/ERVL-MaLR	2122	+	180	77221652	89514
chr6	77132138	77332138	harbor1	chr6	77221836	77223391	LTR/ERVL-MaLR	11174	+	778	77222614	90476
chr6	77132138	77332138	harbor1	chr6	77223392	77223754	LTR/ERVL-MaLR	2092	+	181	77223573	91435
chr6	77132138	77332138	harbor1	chr6	77231125	77231481	LTR/ERVL-MaLR	1874	+	178	77231303	99165
chr6	77132138	77332138	harbor1	chr6	77200314	77201906	LTR/ERVL-MaLR	9633	+	796	77201110	68972
chr6	120486239	120686239	harbor1	chr6	120503751	120504123	LTR/ERVL-MaLR	2471	+	186	120503937	17698
chr6	120486239	120686239	harbor1	chr6	120556263	120556625	LTR/ERVL-MaLR	2027	+	181	120556444	70205
chr6	111841449	112041449	harbor1	chr6	111859802	111860215	LTR/ERVL-MaLR	1212	+	206	111860008	18559
chr6	111841449	112041449	harbor1	chr6	111870040	111870475	LTR/ERVL-MaLR	943	+	218	111870258	28809
chr6	111841449	112041449	harbor1	chr6	111880625	111881002	LTR/ERVL-MaLR	2493	+	188	111880813	39364
chr6	111841449	112041449	harbor1	chr6	111911402	111911753	LTR/ERVL-MaLR	812	+	176	111911578	70129
chr6	111841449	112041449	harbor1	chr6	111919303	111919649	LTR/ERVL-MaLR	1488	+	173	111919476	78027
chr6	43641333	43841333	harbor1	chr6	43716560	43716972	LTR/ERVL-MaLR	1008	+	206	43716766	75433
chr6	43641333	43841333	harbor1	chr6	43735557	43735924	LTR/ERVL-MaLR	1858	+	184	43735741	94408
chr6	54744822	54944822	harbor1	chr6	54795219	54795649	LTR/ERVL-MaLR	2700	+	215	54795434	50612
chr6	54744822	54944822	harbor1	chr6	54796106	54796458	LTR/ERVL-MaLR	2507	+	176	54796282	51460
chr6	54744822	54944822	harbor1	chr6	54796459	54798035	LTR/ERVL-MaLR	11590	+	788	54797247	52425
chr6	54744822	54944822	harbor1	chr6	54798038	54798389	LTR/ERVL-MaLR	2624	+	176	54798214	53392
chr6	54744822	54944822	harbor1	chr6	54806740	54806934	LTR/ERVL-MaLR	476	+	97	54806837	62015
chr6	54744822	54944822	harbor1	chr6	54825928	54826115	LTR/ERVL-MaLR	506	+	94	54826022	81200
chr6	98437313	98637313	harbor1	chr6	98492743	98493309	LTR/ERVL-MaLR	1572	+	283	98493026	55713
chr6	14268936	14468936	harbor1	chr6	14288014	14288449	LTR/ERVL-MaLR	1433	+	218	14288232	19296
chr6	14268936	14468936	harbor1	chr6	14307866	14308281	LTR/ERVL-MaLR	2737	+	208	14308074	39138
chr6	14268936	14468936	harbor1	chr6	14326433	14326732	LTR/ERVL-MaLR	570	+	150	14326583	57647
chr6	14268936	14468936	harbor1	chr6	14342899	14343335	LTR/ERVL-MaLR	1986	+	218	14343117	74181
chr6	61765722	61965722	harbor1	chr6	61801760	61802357	LTR/ERVL-MaLR	2278	+	298	61802058	36336
chr6	61765722	61965722	harbor1	chr6	61806044	61806377	LTR/ERVL-MaLR	696	+	166	61806210	40488
chr6	61765722	61965722	harbor1	chr6	61816167	61816655	LTR/ERVL-MaLR	1308	+	244	61816411	50689
chr6	61765722	61965722	harbor1	chr6	61824178	61824567	LTR/ERVL-MaLR	1854	+	194	61824372	58650
chr6	61765722	61965722	harbor1	chr6	61845841	61846241	LTR/ERVL-MaLR	2168	+	200	61846041	80319
chr6	61765722	61965722	harbor1	chr6	61851370	61851765	LTR/ERVL-MaLR	1916	+	198	61851568	85846
chr6	121930625	122130625	harbor1	chr6	121961085	121961466	LTR/ERVL-MaLR	2084	+	190	121961275	30650
chr6	121930625	122130625	harbor1	chr6	121961469	121961598	LTR/ERVL-MaLR	614	+	64	121961533	30908
chr6	121930625	122130625	harbor1	chr6	121964515	121964973	LTR/ERVL-MaLR	1494	+	229	121964744	34119
chr6	121930625	122130625	harbor1	chr6	121965624	121966114	LTR/ERVL-MaLR	1463	+	245	121965869	35244
chr6	121930625	122130625	harbor1	chr6	121975858	121976486	LTR/ERVL-MaLR	2221	+	314	121976172	45547
chr6	49667690	49867690	harbor1	chr6	49674708	49675087	LTR/ERVL-MaLR	1746	+	190	49674898	7208
chr6	49667690	49867690	harbor1	chr6	49708304	49708754	LTR/ERVL-MaLR	1285	+	225	49708529	40839
chr6	15922776	16122776	harbor1	chr6	15928601	15928965	LTR/ERVL-MaLR	1837	+	182	15928783	6007
chr6	15922776	16122776	harbor1	chr6	15929066	15929484	LTR/ERVL-MaLR	612	+	209	15929275	6499
chr6	15922776	16122776	harbor1	chr6	15937125	15937244	LTR/ERVL-MaLR	682	+	60	15937185	14409
chr6	15922776	16122776	harbor1	chr6	15937630	15937937	LTR/ERVL-MaLR	682	+	154	15937784	15008
chr6	15922776	16122776	harbor1	chr6	15938247	15938608	LTR/ERVL-MaLR	1858	+	180	15938427	15651
chr6	15922776	16122776	harbor1	chr6	15938789	15939108	LTR/ERVL-MaLR	1928	+	160	15938949	16173
chr6	15922776	16122776	harbor1	chr6	15939116	15939401	LTR/ERVL-MaLR	1685	+	142	15939258	16482
chr6	15922776	16122776	harbor1	chr6	15950180	15950620	LTR/ERVL-MaLR	2282	+	220	15950400	27624
chr6	15922776	16122776	harbor1	chr6	15951246	15951610	LTR/ERVL-MaLR	1831	+	182	15951428	28652
chr6	15922776	16122776	harbor1	chr6	15965592	15966043	LTR/ERVL-MaLR	2023	+	226	15965818	43042
chr6	15922776	16122776	harbor1	chr6	15974724	15975294	LTR/ERVL-MaLR	1070	+	285	15975009	52233
chr6	15922776	16122776	harbor1	chr6	15977866	15978255	LTR/ERVL-MaLR	2356	+	194	15978060	55284
chr6	15922776	16122776	harbor1	chr6	15982287	15982694	LTR/ERVL-MaLR	2231	+	204	15982491	59715
chr6	15922776	16122776	harbor1	chr6	15992576	15992992	LTR/ERVL-MaLR	2083	+	208	15992784	70008
chr6	115482519	115682519	harbor1	chr6	115490011	115490434	LTR/ERVL-MaLR	2461	+	212	115490223	7704
chr6	115482519	115682519	harbor1	chr6	115497477	115497687	LTR/ERVL-MaLR	652	+	105	115497582	15063
chr6	115482519	115682519	harbor1	chr6	115501261	115501332	LTR/ERVL-MaLR	2171	+	36	115501297	18778
chr6	115482519	115682519	harbor1	chr6	115501697	115501999	LTR/ERVL-MaLR	2171	+	151	115501848	19329
chr6	115482519	115682519	harbor1	chr6	115502002	115503540	LTR/ERVL-MaLR	10320	+	769	115502771	20252
chr6	115482519	115682519	harbor1	chr6	115503541	115503915	LTR/ERVL-MaLR	2243	+	187	115503728	21209
chr6	115482519	115682519	harbor1	chr6	115504592	115504986	LTR/ERVL-MaLR	1980	+	197	115504789	22270
chr6	115482519	115682519	harbor1	chr6	115515023	115515770	LTR/ERVL-MaLR	694	+	374	115515397	32878
chr6	115482519	115682519	harbor1	chr6	115522314	115522760	LTR/ERVL-MaLR	830	+	223	115522537	40018
chr6	115482519	115682519	harbor1	chr6	115524191	115524574	LTR/ERVL-MaLR	1327	+	192	115524383	41864
chr6	115482519	115682519	harbor1	chr6	115531802	115532157	LTR/ERVL-MaLR	2381	+	178	115531980	49461
chr6	115482519	115682519	harbor1	chr6	115553980	115554559	LTR/ERVL-MaLR	1318	+	290	115554270	71751
chr6	115482519	115682519	harbor1	chr6	115568821	115569084	LTR/ERVL-MaLR	484	+	132	115568953	86434
chr6	115482519	115682519	harbor1	chr6	115539605	115540034	LTR/ERVL-MaLR	1502	+	214	115539819	57300
chr6	149029854	149229854	harbor1	chr6	149038233	149038639	LTR/ERVL-MaLR	1644	+	203	149038436	8582
chr6	149029854	149229854	harbor1	chr6	149078831	149079206	LTR/ERVL-MaLR	2853	+	188	149079019	49165
chr6	149029854	149229854	harbor1	chr6	149120568	149120945	LTR/ERVL-MaLR	2369	+	188	149120756	90902
chr6	152447208	152647208	harbor1	chr6	152450004	152450380	LTR/ERVL-MaLR	2794	+	188	152450192	2984
chr6	152447208	152647208	harbor1	chr6	152454288	152454600	LTR/ERVL-MaLR	1341	+	156	152454444	7236
chr6	152447208	152647208	harbor1	chr6	152513228	152513353	LTR/ERVL-MaLR	605	+	62	152513290	66082
chr6	152447208	152647208	harbor1	chr6	152513634	152513663	LTR/ERVL-MaLR	605	+	14	152513648	66440
chr6	152447208	152647208	harbor1	chr6	152514707	152514909	LTR/ERVL-MaLR	960	+	101	152514808	67600
chr6	152447208	152647208	harbor1	chr6	152518235	152518653	LTR/ERVL-MaLR	2485	+	209	152518444	71236
chr6	152447208	152647208	harbor1	chr6	152540546	152541105	LTR/ERVL-MaLR	1350	+	280	152540826	93618
chr6	152447208	152647208	harbor1	chr6	152546301	152546602	LTR/ERVL-MaLR	721	+	150	152546451	99243
chr6	152447208	152647208	harbor1	chr6	152546998	152547235	LTR/ERVL-MaLR	442	+	118	152547116	99908
chr6	152447208	152647208	harbor1	chr6	152534971	152535311	LTR/ERVL-MaLR	1295	+	170	152535141	87933
chr6	81009011	81209011	harbor1	chr6	81034789	81035182	LTR/ERVL-MaLR	1468	+	196	81034985	25974
chr6	81009011	81209011	harbor1	chr6	81059161	81059516	LTR/ERVL-MaLR	2358	+	178	81059339	50328
chr6	81009011	81209011	harbor1	chr6	81069142	81069512	LTR/ERVL-MaLR	1915	+	185	81069327	60316
chr6	81009011	81209011	harbor1	chr6	81101768	81102163	LTR/ERVL-MaLR	2061	+	198	81101966	92955
chr6	81009011	81209011	harbor1	chr6	81102657	81102939	LTR/ERVL-MaLR	930	+	141	81102798	93787
chr6	81009011	81209011	harbor1	chr6	81103585	81103987	LTR/ERVL-MaLR	2293	+	201	81103786	94775
chr6	87397046	87597046	harbor1	chr6	87489174	87489535	LTR/ERVL-MaLR	2352	+	180	87489354	92308
chr6	87397046	87597046	harbor1	chr6	87489829	87489899	LTR/ERVL-MaLR	2352	+	35	87489864	92818
chr6	67687777	67887777	harbor1	chr6	67759496	67759896	LTR/ERVL-MaLR	2033	+	200	67759696	71919
chr6	110621265	110821265	harbor1	chr6	110626394	110626758	LTR/ERVL-MaLR	1597	+	182	110626576	5311
chr6	110621265	110821265	harbor1	chr6	110660977	110661089	LTR/ERVL-MaLR	520	+	56	110661033	39768
chr6	110621265	110821265	harbor1	chr6	110717622	110717692	LTR/ERVL-MaLR	1072	+	35	110717657	96392
chr6	110621265	110821265	harbor1	chr6	110717979	110718192	LTR/ERVL-MaLR	1072	+	106	110718085	96820
chr6	88396770	88596770	harbor1	chr6	88437727	88438195	LTR/ERVL-MaLR	1680	+	234	88437961	41191
chr6	88396770	88596770	harbor1	chr6	88467079	88467267	LTR/ERVL-MaLR	591	+	94	88467173	70403
chr6	88396770	88596770	harbor1	chr6	88467503	88467915	LTR/ERVL-MaLR	2428	+	206	88467709	70939
chr6	88396770	88596770	harbor1	chr6	88467916	88469655	LTR/ERVL-MaLR	8994	+	870	88468786	72016
chr6	88396770	88596770	harbor1	chr6	88469656	88470079	LTR/ERVL-MaLR	2404	+	212	88469868	73098
chr6	88396770	88596770	harbor1	chr6	88470695	88470865	LTR/ERVL-MaLR	621	+	85	88470780	74010
chr6	88396770	88596770	harbor1	chr6	88424383	88424791	LTR/ERVL-MaLR	2116	+	204	88424587	27817
chr6	33066561	33266561	harbor1	chr6	33067196	33067603	LTR/ERVL-MaLR	2166	+	204	33067400	839
chr6	33066561	33266561	harbor1	chr6	33153670	33153940	LTR/ERVL-MaLR	1052	+	135	33153805	87244
chr6	100328098	100528098	harbor1	chr6	100366225	100366596	LTR/ERVL-MaLR	2258	+	186	100366411	38313
chr6	100328098	100528098	harbor1	chr6	100367321	100367870	LTR/ERVL-MaLR	1856	+	274	100367595	39497
chr6	100328098	100528098	harbor1	chr6	100368140	100368232	LTR/ERVL-MaLR	1856	+	46	100368186	40088
chr6	100328098	100528098	harbor1	chr6	100424960	100425313	LTR/ERVL-MaLR	2762	+	176	100425136	97038
chr6	100328098	100528098	harbor1	chr6	100368363	100368710	LTR/ERVL-MaLR	1761	+	174	100368537	40439
chr6	102495215	102695215	harbor1	chr6	102523422	102523809	LTR/ERVL-MaLR	1975	+	194	102523616	28401
chr6	102495215	102695215	harbor1	chr6	102537769	102538144	LTR/ERVL-MaLR	2298	+	188	102537957	42742
chr6	102495215	102695215	harbor1	chr6	102538147	102539664	LTR/ERVL-MaLR	9589	+	758	102538905	43690
chr6	102495215	102695215	harbor1	chr6	102539667	102540042	LTR/ERVL-MaLR	2128	+	188	102539855	44640
chr6	102495215	102695215	harbor1	chr6	102547997	102548353	LTR/ERVL-MaLR	1938	+	178	102548175	52960
chr6	102495215	102695215	harbor1	chr6	102566376	102566625	LTR/ERVL-MaLR	1028	+	124	102566500	71285
chr6	158218147	158418147	harbor1	chr6	158218117	158218152	LTR/ERVL-MaLR	1277	+	18	158218135	12
chr6	158218147	158418147	harbor1	chr6	158218456	158218789	LTR/ERVL-MaLR	1277	+	166	158218622	475
chr6	158218147	158418147	harbor1	chr6	158244387	158244709	LTR/ERVL-MaLR	1501	+	161	158244548	26401
chr6	158218147	158418147	harbor1	chr6	158255267	158255825	LTR/ERVL-MaLR	1183	+	279	158255546	37399
chr6	113826200	114026200	harbor1	chr6	113834278	113834510	LTR/ERVL-MaLR	997	+	116	113834394	8194
chr6	113826200	114026200	harbor1	chr6	113834757	113834846	LTR/ERVL-MaLR	438	+	44	113834801	8601
chr6	113826200	114026200	harbor1	chr6	113867603	113867790	LTR/ERVL-MaLR	847	+	94	113867697	41497
chr6	113826200	114026200	harbor1	chr6	113869354	113869689	LTR/ERVL-MaLR	1903	+	168	113869522	43322
chr6	113826200	114026200	harbor1	chr6	113898603	113898801	LTR/ERVL-MaLR	651	+	99	113898702	72502
chr6	113826200	114026200	harbor1	chr6	113911398	113911597	LTR/ERVL-MaLR	2563	+	100	113911498	85298
chr6	113826200	114026200	harbor1	chr6	113911903	113912137	LTR/ERVL-MaLR	2563	+	117	113912020	85820
chr6	113826200	114026200	harbor1	chr6	113922496	113922872	LTR/ERVL-MaLR	2181	+	188	113922684	96484
chr6	166497020	166697020	harbor1	chr6	166499411	166499771	LTR/ERVL-MaLR	2432	+	180	166499591	2571
chr6	166497020	166697020	harbor1	chr6	166500060	166500312	LTR/ERVL-MaLR	1014	+	126	166500186	3166
chr6	166497020	166697020	harbor1	chr6	166520569	166520821	LTR/ERVL-MaLR	1176	+	126	166520695	23675
chr6	166497020	166697020	harbor1	chr6	166520801	166521247	LTR/ERVL-MaLR	597	+	223	166521024	24004
chr6	166497020	166697020	harbor1	chr6	166521382	166521814	LTR/ERVL-MaLR	1556	+	216	166521598	24578
chr6	166497020	166697020	harbor1	chr6	166521816	166522166	LTR/ERVL-MaLR	1788	+	175	166521991	24971
chr6	166497020	166697020	harbor1	chr6	166576259	166577819	LTR/ERVL-MaLR	11892	+	780	166577039	80019
chr6	166497020	166697020	harbor1	chr6	166577820	166578174	LTR/ERVL-MaLR	2354	+	177	166577997	80977
chr6	166497020	166697020	harbor1	chr6	166586892	166586986	LTR/ERVL-MaLR	441	+	47	166586939	89919
chr6	166497020	166697020	harbor1	chr6	166591423	166591791	LTR/ERVL-MaLR	799	+	184	166591607	94587
chr6	166497020	166697020	harbor1	chr6	166575904	166576258	LTR/ERVL-MaLR	2514	+	177	166576081	79061
chr6	22345476	22545476	harbor1	chr6	22360845	22361043	LTR/ERVL-MaLR	424	+	99	22360944	15468
chr6	22345476	22545476	harbor1	chr6	22401683	22402054	LTR/ERVL-MaLR	2083	+	186	22401869	56393
chr6	22345476	22545476	harbor1	chr6	22442848	22443366	LTR/ERVL-MaLR	1249	+	259	22443107	97631
chr6	22345476	22545476	harbor1	chr6	22396677	22397043	LTR/ERVL-MaLR	1775	+	183	22396860	51384
chr6	69606676	69806676	harbor1	chr6	69610509	69610872	LTR/ERVL-MaLR	2247	+	182	69610691	4015
chr6	69606676	69806676	harbor1	chr6	69612980	69613369	LTR/ERVL-MaLR	1786	+	194	69613174	6498
chr6	69606676	69806676	harbor1	chr6	69630883	69631281	LTR/ERVL-MaLR	1242	+	199	69631082	24406
chr6	69606676	69806676	harbor1	chr6	69666331	69666695	LTR/ERVL-MaLR	2089	+	182	69666513	59837
chr6	69606676	69806676	harbor1	chr6	69671806	69672206	LTR/ERVL-MaLR	2062	+	200	69672006	65330
chr6	132544741	132744741	harbor1	chr6	132545594	132545803	LTR/ERVL-MaLR	523	+	104	132545698	957
chr6	132544741	132744741	harbor1	chr6	132548675	132549186	LTR/ERVL-MaLR	1897	+	256	132548931	4190
chr6	132544741	132744741	harbor1	chr6	132581217	132581698	LTR/ERVL-MaLR	2207	+	240	132581457	36716
chr6	132544741	132744741	harbor1	chr6	132592487	132592819	LTR/ERVL-MaLR	1919	+	166	132592653	47912
chr6	132544741	132744741	harbor1	chr6	132632980	132633355	LTR/ERVL-MaLR	2006	+	188	132633168	88427
chr6	157784610	157984610	harbor1	chr6	157812471	157812811	LTR/ERVL-MaLR	737	+	170	157812641	28031
chr6	157784610	157984610	harbor1	chr6	157816854	157817212	LTR/ERVL-MaLR	2327	+	179	157817033	32423
chr6	157784610	157984610	harbor1	chr6	157835547	157835891	LTR/ERVL-MaLR	2015	+	172	157835719	51109
chr6	157784610	157984610	harbor1	chr6	157794048	157794412	LTR/ERVL-MaLR	3000	+	182	157794230	9620
chr6	8421512	8621512	harbor1	chr6	8426340	8426692	LTR/ERVL-MaLR	2456	+	176	8426516	5004
chr6	8421512	8621512	harbor1	chr6	8426696	8427414	LTR/ERVL-MaLR	4951	+	359	8427055	5543
chr6	8421512	8621512	harbor1	chr6	8464365	8464738	LTR/ERVL-MaLR	1560	+	186	8464551	43039
chr6	8421512	8621512	harbor1	chr6	8465652	8466173	LTR/ERVL-MaLR	1922	+	260	8465912	44400
chr6	8421512	8621512	harbor1	chr6	8501163	8501676	LTR/ERVL-MaLR	1461	+	256	8501419	79907
chr6	8421512	8621512	harbor1	chr6	8506977	8507361	LTR/ERVL-MaLR	2110	+	192	8507169	85657
chr6	81108424	81308424	harbor1	chr6	81177184	81177576	LTR/ERVL-MaLR	1968	+	196	81177380	68956
chr6	81108424	81308424	harbor1	chr6	81177826	81178188	LTR/ERVL-MaLR	2125	+	181	81178007	69583
chr6	81108424	81308424	harbor1	chr6	81182221	81182379	LTR/ERVL-MaLR	579	+	79	81182300	73876
chr6	81108424	81308424	harbor1	chr6	81200109	81200473	LTR/ERVL-MaLR	2065	+	182	81200291	91867
chr6	81108424	81308424	harbor1	chr6	81200476	81201028	LTR/ERVL-MaLR	2778	+	276	81200752	92328
chr6	81108424	81308424	harbor1	chr6	81201029	81201371	LTR/ERVL-MaLR	2051	+	171	81201200	92776
chr6	81108424	81308424	harbor1	chr6	81201372	81201452	LTR/ERVL-MaLR	524	+	40	81201412	92988
chr6	81108424	81308424	harbor1	chr6	81201440	81202609	LTR/ERVL-MaLR	7107	+	584	81202024	93600
chr6	81108424	81308424	harbor1	chr6	81202610	81202970	LTR/ERVL-MaLR	2206	+	180	81202790	94366
chr6	125553650	125753650	harbor1	chr6	125560111	125560314	LTR/ERVL-MaLR	532	+	102	125560213	6563
chr6	125553650	125753650	harbor1	chr6	125568737	125569091	LTR/ERVL-MaLR	2156	+	177	125568914	15264
chr6	125553650	125753650	harbor1	chr6	125592916	125593362	LTR/ERVL-MaLR	2088	+	223	125593139	39489
chr6	125553650	125753650	harbor1	chr6	125598964	125599349	LTR/ERVL-MaLR	1331	+	192	125599156	45506
chr6	125553650	125753650	harbor1	chr6	125630212	125630601	LTR/ERVL-MaLR	1902	+	194	125630406	76756
chr6	40313388	40513388	harbor1	chr6	40319220	40319588	LTR/ERVL-MaLR	1440	+	184	40319404	6016
chr6	40313388	40513388	harbor1	chr6	40332266	40332764	LTR/ERVL-MaLR	1439	+	249	40332515	19127
chr6	40313388	40513388	harbor1	chr6	40346349	40346754	LTR/ERVL-MaLR	2608	+	202	40346551	33163
chr6	40313388	40513388	harbor1	chr6	40375751	40376043	LTR/ERVL-MaLR	1327	+	146	40375897	62509
chr6	40313388	40513388	harbor1	chr6	40394651	40395028	LTR/ERVL-MaLR	2446	+	188	40394839	81451
chr6	166289202	166489202	harbor1	chr6	166301601	166301974	LTR/ERVL-MaLR	1160	+	186	166301787	12585
chr6	166289202	166489202	harbor1	chr6	166328533	166328848	LTR/ERVL-MaLR	553	+	158	166328691	39489
chr6	166289202	166489202	harbor1	chr6	166337815	166338155	LTR/ERVL-MaLR	1160	+	170	166337985	48783
chr6	166289202	166489202	harbor1	chr6	166354098	166354429	LTR/ERVL-MaLR	1703	+	166	166354264	65062
chr7	80221462	80421462	harbor1	chr7	80254105	80254469	LTR/ERVL-MaLR	1718	+	182	80254287	32825
chr7	80221462	80421462	harbor1	chr7	80256017	80256549	LTR/ERVL-MaLR	1078	+	266	80256283	34821
chr7	80221462	80421462	harbor1	chr7	80282882	80283257	LTR/ERVL-MaLR	1713	+	188	80283070	61608
chr7	80221462	80421462	harbor1	chr7	80283258	80284432	LTR/ERVL-MaLR	7725	+	587	80283845	62383
chr7	80221462	80421462	harbor1	chr7	80286238	80286631	LTR/ERVL-MaLR	2247	+	196	80286434	64972
chr7	86714089	86914089	harbor1	chr7	86778835	86778999	LTR/ERVL-MaLR	924	+	82	86778917	64828
chr7	86714089	86914089	harbor1	chr7	86796758	86797121	LTR/ERVL-MaLR	2388	+	182	86796940	82851
chr7	86714089	86914089	harbor1	chr7	86797123	86798738	LTR/ERVL-MaLR	10785	+	808	86797931	83842
chr7	86714089	86914089	harbor1	chr7	86798740	86799031	LTR/ERVL-MaLR	1075	+	146	86798886	84797
chr7	133378143	133578143	harbor1	chr7	133393482	133393848	LTR/ERVL-MaLR	2057	+	183	133393665	15522
chr7	133378143	133578143	harbor1	chr7	133421242	133421731	LTR/ERVL-MaLR	615	+	244	133421486	43343
chr7	133378143	133578143	harbor1	chr7	133448645	133448822	LTR/ERVL-MaLR	1832	+	88	133448733	70590
chr7	133378143	133578143	harbor1	chr7	133449132	133449422	LTR/ERVL-MaLR	1832	+	145	133449277	71134
chr7	56277253	56477253	harbor1	chr7	56280537	56281007	LTR/ERVL-MaLR	786	+	235	56280772	3519
chr7	56277253	56477253	harbor1	chr7	56307010	56307167	LTR/ERVL-MaLR	781	+	78	56307088	29835
chr7	56277253	56477253	harbor1	chr7	56307602	56307726	LTR/ERVL-MaLR	686	+	62	56307664	30411
chr7	56277253	56477253	harbor1	chr7	56307927	56308053	LTR/ERVL-MaLR	606	+	63	56307990	30737
chr7	56277253	56477253	harbor1	chr7	56315298	56315491	LTR/ERVL-MaLR	1179	+	96	56315394	38141
chr7	56277253	56477253	harbor1	chr7	56315806	56316049	LTR/ERVL-MaLR	1179	+	122	56315928	38675
chr7	56277253	56477253	harbor1	chr7	56316266	56316299	LTR/ERVL-MaLR	1179	+	16	56316282	39029
chr7	56277253	56477253	harbor1	chr7	56333503	56333663	LTR/ERVL-MaLR	1096	+	80	56333583	56330
chr7	937819	1137819	harbor1	chr7	963691	963899	LTR/ERVL-MaLR	456	+	104	963795	25976
chr7	54222229	54422229	harbor1	chr7	54237029	54237447	LTR/ERVL-MaLR	2392	+	209	54237238	15009
chr7	54222229	54422229	harbor1	chr7	54241993	54242367	LTR/ERVL-MaLR	2032	+	187	54242180	19951
chr7	54222229	54422229	harbor1	chr7	54269545	54269675	LTR/ERVL-MaLR	531	+	65	54269610	47381
chr7	54222229	54422229	harbor1	chr7	54270218	54270519	LTR/ERVL-MaLR	597	+	150	54270368	48139
chr7	54222229	54422229	harbor1	chr7	54277689	54277972	LTR/ERVL-MaLR	1121	+	142	54277831	55602
chr7	43428129	43628129	harbor1	chr7	43435495	43435805	LTR/ERVL-MaLR	739	+	155	43435650	7521
chr7	43428129	43628129	harbor1	chr7	43472937	43473364	LTR/ERVL-MaLR	2044	+	214	43473151	45022
chr7	43428129	43628129	harbor1	chr7	43521116	43521281	LTR/ERVL-MaLR	795	+	82	43521198	93069
chr7	43428129	43628129	harbor1	chr7	43521509	43521593	LTR/ERVL-MaLR	1807	+	42	43521551	93422
chr7	43428129	43628129	harbor1	chr7	43521899	43522200	LTR/ERVL-MaLR	1807	+	150	43522049	93920
chr7	51057207	51257207	harbor1	chr7	51065716	51066078	LTR/ERVL-MaLR	2095	+	181	51065897	8690
chr7	51057207	51257207	harbor1	chr7	51078029	51078556	LTR/ERVL-MaLR	1126	+	264	51078293	21086
chr7	51057207	51257207	harbor1	chr7	51101855	51102197	LTR/ERVL-MaLR	1440	+	171	51102026	44819
chr7	51057207	51257207	harbor1	chr7	51125115	51125471	LTR/ERVL-MaLR	1862	+	178	51125293	68086
chr7	72417129	72617129	harbor1	chr7	72426257	72426620	LTR/ERVL-MaLR	2165	+	182	72426439	9310
chr7	72417129	72617129	harbor1	chr7	72432038	72432401	LTR/ERVL-MaLR	2709	+	182	72432220	15091
chr7	72417129	72617129	harbor1	chr7	72436163	72436519	LTR/ERVL-MaLR	2392	+	178	72436341	19212
chr7	72417129	72617129	harbor1	chr7	72452276	72452693	LTR/ERVL-MaLR	2394	+	208	72452484	35355
chr7	72417129	72617129	harbor1	chr7	72475750	72475941	LTR/ERVL-MaLR	1513	+	96	72475846	58717
chr7	72417129	72617129	harbor1	chr7	72476246	72476434	LTR/ERVL-MaLR	1513	+	94	72476340	59211
chr7	72417129	72617129	harbor1	chr7	72490519	72490899	LTR/ERVL-MaLR	2173	+	190	72490709	73580
chr7	72417129	72617129	harbor1	chr7	72511528	72511695	LTR/ERVL-MaLR	1823	+	84	72511612	94483
chr7	72417129	72617129	harbor1	chr7	72512300	72512314	LTR/ERVL-MaLR	1823	+	7	72512307	95178
chr7	72417129	72617129	harbor1	chr7	72512361	72512563	LTR/ERVL-MaLR	1823	+	101	72512462	95333
chr7	72417129	72617129	harbor1	chr7	72515595	72515962	LTR/ERVL-MaLR	2192	+	184	72515779	98650
chr7	55859347	56059347	harbor1	chr7	55860694	55860980	LTR/ERVL-MaLR	1433	+	143	55860837	1490
chr7	55859347	56059347	harbor1	chr7	55874272	55874413	LTR/ERVL-MaLR	727	+	70	55874342	14995
chr7	55859347	56059347	harbor1	chr7	55917951	55918451	LTR/ERVL-MaLR	2036	+	250	55918201	58854
chr7	55859347	56059347	harbor1	chr7	55919020	55919453	LTR/ERVL-MaLR	1450	+	216	55919236	59889
chr7	55859347	56059347	harbor1	chr7	55946554	55946907	LTR/ERVL-MaLR	2036	+	176	55946730	87383
chr7	55859347	56059347	harbor1	chr7	55918461	55918716	LTR/ERVL-MaLR	1450	+	128	55918589	59242
chr7	105424269	105624269	harbor1	chr7	105430389	105430602	LTR/ERVL-MaLR	1558	+	106	105430495	6226
chr7	105424269	105624269	harbor1	chr7	105437004	105437167	LTR/ERVL-MaLR	2621	+	82	105437086	12817
chr7	105424269	105624269	harbor1	chr7	105437468	105437688	LTR/ERVL-MaLR	2621	+	110	105437578	13309
chr7	105424269	105624269	harbor1	chr7	105493515	105493923	LTR/ERVL-MaLR	2134	+	204	105493719	69450
chr7	105424269	105624269	harbor1	chr7	105430917	105431086	LTR/ERVL-MaLR	1558	+	84	105431001	6732
chr7	14407201	14607201	harbor1	chr7	14416470	14416799	LTR/ERVL-MaLR	1881	+	164	14416634	9433
chr7	14407201	14607201	harbor1	chr7	14429155	14429512	LTR/ERVL-MaLR	1446	+	178	14429333	22132
chr7	14407201	14607201	harbor1	chr7	14472174	14472528	LTR/ERVL-MaLR	1909	+	177	14472351	65150
chr7	14407201	14607201	harbor1	chr7	14472530	14474103	LTR/ERVL-MaLR	11420	+	786	14473316	66115
chr7	14407201	14607201	harbor1	chr7	14474104	14474459	LTR/ERVL-MaLR	2102	+	178	14474282	67081
chr7	14407201	14607201	harbor1	chr7	14483569	14484014	LTR/ERVL-MaLR	748	+	222	14483791	76590
chr7	14407201	14607201	harbor1	chr7	14484313	14484717	LTR/ERVL-MaLR	2074	+	202	14484515	77314
chr7	14407201	14607201	harbor1	chr7	14491115	14491478	LTR/ERVL-MaLR	2004	+	182	14491297	84096
chr7	14407201	14607201	harbor1	chr7	14500740	14502013	LTR/ERVL-MaLR	2808	+	636	14501376	94175
chr7	14407201	14607201	harbor1	chr7	14502124	14502505	LTR/ERVL-MaLR	505	+	190	14502314	95113
chr7	14407201	14607201	harbor1	chr7	14434231	14434734	LTR/ERVL-MaLR	1439	+	252	14434483	27282
chr7	14407201	14607201	harbor1	chr7	14483210	14483557	LTR/ERVL-MaLR	793	+	174	14483384	76183
chr7	82707805	82907805	harbor1	chr7	82722892	82723472	LTR/ERVL-MaLR	1389	+	290	82723182	15377
chr7	72785443	72985443	harbor1	chr7	72817469	72817586	LTR/ERVL-MaLR	714	+	58	72817527	32084
chr7	72785443	72985443	harbor1	chr7	72818019	72818261	LTR/ERVL-MaLR	1288	+	121	72818140	32697
chr7	72785443	72985443	harbor1	chr7	72818992	72819042	LTR/ERVL-MaLR	1288	+	25	72819017	33574
chr7	72785443	72985443	harbor1	chr7	72851645	72851688	LTR/ERVL-MaLR	719	+	22	72851667	66224
chr7	72785443	72985443	harbor1	chr7	72851986	72852054	LTR/ERVL-MaLR	719	+	34	72852020	66577
chr7	72785443	72985443	harbor1	chr7	72852134	72852176	LTR/ERVL-MaLR	719	+	21	72852155	66712
chr7	139560079	139760079	harbor1	chr7	139575645	139576040	LTR/ERVL-MaLR	1842	+	198	139575843	15764
chr7	139560079	139760079	harbor1	chr7	139627879	139628324	LTR/ERVL-MaLR	1697	+	222	139628101	68022
chr7	139560079	139760079	harbor1	chr7	139636361	139636778	LTR/ERVL-MaLR	1714	+	208	139636569	76490
chr7	139560079	139760079	harbor1	chr7	139650543	139651049	LTR/ERVL-MaLR	2135	+	253	139650796	90717
chr7	54261434	54461434	harbor1	chr7	54269545	54269675	LTR/ERVL-MaLR	531	+	65	54269610	8176
chr7	54261434	54461434	harbor1	chr7	54270218	54270519	LTR/ERVL-MaLR	597	+	150	54270368	8934
chr7	54261434	54461434	harbor1	chr7	54277689	54277972	LTR/ERVL-MaLR	1121	+	142	54277831	16397
chr7	53666169	53866169	harbor1	chr7	53709583	53709958	LTR/ERVL-MaLR	2059	+	188	53709771	43602
chr7	53666169	53866169	harbor1	chr7	53711897	53712243	LTR/ERVL-MaLR	1196	+	173	53712070	45901
chr7	53666169	53866169	harbor1	chr7	53753241	53753624	LTR/ERVL-MaLR	1162	+	192	53753433	87264
chr7	53666169	53866169	harbor1	chr7	53753632	53754162	LTR/ERVL-MaLR	1609	+	265	53753897	87728
chr7	53666169	53866169	harbor1	chr7	53754477	53754954	LTR/ERVL-MaLR	2141	+	238	53754715	88546
chr7	53666169	53866169	harbor1	chr7	53754955	53755300	LTR/ERVL-MaLR	966	+	172	53755127	88958
chr7	53666169	53866169	harbor1	chr7	53761380	53761696	LTR/ERVL-MaLR	618	+	158	53761538	95369
chr7	82399330	82599330	harbor1	chr7	82424950	82425478	LTR/ERVL-MaLR	1417	+	264	82425214	25884
chr7	82399330	82599330	harbor1	chr7	82459242	82459741	LTR/ERVL-MaLR	1694	+	250	82459492	60162
chr7	80070013	80270013	harbor1	chr7	80105239	80105393	LTR/ERVL-MaLR	655	+	77	80105316	35303
chr7	80070013	80270013	harbor1	chr7	80105725	80106019	LTR/ERVL-MaLR	1099	+	147	80105872	35859
chr7	80070013	80270013	harbor1	chr7	80111547	80111962	LTR/ERVL-MaLR	2333	+	208	80111755	41742
chr7	80070013	80270013	harbor1	chr7	80126310	80126664	LTR/ERVL-MaLR	1633	+	177	80126487	56474
chr7	80070013	80270013	harbor1	chr7	80132623	80132949	LTR/ERVL-MaLR	1317	+	163	80132786	62773
chr7	80070013	80270013	harbor1	chr7	80147227	80147578	LTR/ERVL-MaLR	1302	+	176	80147403	77390
chr7	80070013	80270013	harbor1	chr7	80158374	80158733	LTR/ERVL-MaLR	2291	+	180	80158554	88541
chr7	80070013	80270013	harbor1	chr7	80161980	80162321	LTR/ERVL-MaLR	1243	+	170	80162150	92137
chr7	27595592	27795592	harbor1	chr7	27673404	27673810	LTR/ERVL-MaLR	658	+	203	27673607	78015
chr7	27595592	27795592	harbor1	chr7	27672559	27672760	LTR/ERVL-MaLR	764	+	100	27672659	77067
chr7	85661732	85861732	harbor1	chr7	85667699	85668045	LTR/ERVL-MaLR	1183	+	173	85667872	6140
chr7	85661732	85861732	harbor1	chr7	85685866	85686288	LTR/ERVL-MaLR	2140	+	211	85686077	24345
chr7	85661732	85861732	harbor1	chr7	85686291	85687788	LTR/ERVL-MaLR	4897	+	748	85687039	25307
chr7	85661732	85861732	harbor1	chr7	85687789	85688192	LTR/ERVL-MaLR	1991	+	202	85687991	26259
chr7	85661732	85861732	harbor1	chr7	85729066	85729540	LTR/ERVL-MaLR	1665	+	237	85729303	67571
chr7	29054835	29254835	harbor1	chr7	29074539	29074782	LTR/ERVL-MaLR	1078	+	122	29074661	19826
chr7	29054835	29254835	harbor1	chr7	29083235	29083794	LTR/ERVL-MaLR	1090	+	280	29083515	28680
chr7	29054835	29254835	harbor1	chr7	29105156	29105440	LTR/ERVL-MaLR	627	+	142	29105298	50463
chr7	29054835	29254835	harbor1	chr7	29110657	29111167	LTR/ERVL-MaLR	2217	+	255	29110912	56077
chr7	29054835	29254835	harbor1	chr7	29129366	29129439	LTR/ERVL-MaLR	501	+	36	29129402	74567
chr7	29054835	29254835	harbor1	chr7	29129793	29130137	LTR/ERVL-MaLR	1394	+	172	29129965	75130
chr7	129748223	129948223	harbor1	chr7	129801197	129801649	LTR/ERVL-MaLR	1269	+	226	129801423	53200
chr7	86558972	86758972	harbor1	chr7	86577033	86577396	LTR/ERVL-MaLR	2576	+	182	86577215	18243
chr7	86558972	86758972	harbor1	chr7	86613768	86614141	LTR/ERVL-MaLR	2724	+	186	86613954	54982
chr7	86558972	86758972	harbor1	chr7	86614143	86614261	LTR/ERVL-MaLR	1640	+	59	86614202	55230
chr7	86558972	86758972	harbor1	chr7	86614262	86614626	LTR/ERVL-MaLR	1991	+	182	86614444	55472
chr7	86558972	86758972	harbor1	chr7	86614627	86614850	LTR/ERVL-MaLR	1640	+	112	86614739	55767
chr7	86558972	86758972	harbor1	chr7	86615706	86616079	LTR/ERVL-MaLR	2494	+	186	86615892	56920
chr7	86558972	86758972	harbor1	chr7	86616082	86617620	LTR/ERVL-MaLR	8754	+	769	86616851	57879
chr7	86558972	86758972	harbor1	chr7	86617621	86617989	LTR/ERVL-MaLR	2178	+	184	86617805	58833
chr7	86558972	86758972	harbor1	chr7	86633903	86634289	LTR/ERVL-MaLR	1008	+	193	86634096	75124
chr7	113615979	113815979	harbor1	chr7	113653565	113653926	LTR/ERVL-MaLR	2041	+	180	113653745	37766
chr7	113615979	113815979	harbor1	chr7	113669767	113670106	LTR/ERVL-MaLR	2187	+	170	113669937	53958
chr7	113615979	113815979	harbor1	chr7	113670109	113671653	LTR/ERVL-MaLR	11254	+	772	113670881	54902
chr7	113615979	113815979	harbor1	chr7	113671654	113671799	LTR/ERVL-MaLR	1869	+	72	113671726	55747
chr7	113615979	113815979	harbor1	chr7	113674225	113674615	LTR/ERVL-MaLR	1921	+	195	113674420	58441
chr7	113615979	113815979	harbor1	chr7	113672103	113672300	LTR/ERVL-MaLR	1869	+	98	113672201	56222
chr7	105787914	105987914	harbor1	chr7	105806156	105806473	LTR/ERVL-MaLR	1148	+	158	105806314	18400
chr7	105787914	105987914	harbor1	chr7	105811063	105811493	LTR/ERVL-MaLR	1826	+	215	105811278	23364
chr7	105787914	105987914	harbor1	chr7	105820672	105821029	LTR/ERVL-MaLR	2511	+	178	105820850	32936
chr7	105787914	105987914	harbor1	chr7	105821338	105821411	LTR/ERVL-MaLR	2511	+	36	105821374	33460
chr7	105787914	105987914	harbor1	chr7	105879103	105879506	LTR/ERVL-MaLR	1679	+	202	105879305	91391
chr7	105787914	105987914	harbor1	chr7	105882211	105882508	LTR/ERVL-MaLR	2870	+	148	105882359	94445
chr7	105787914	105987914	harbor1	chr7	105882810	105882874	LTR/ERVL-MaLR	2870	+	32	105882842	94928
chr7	105787914	105987914	harbor1	chr7	105807477	105807949	LTR/ERVL-MaLR	875	+	236	105807713	19799
chr7	149281048	149481048	harbor1	chr7	149298451	149298786	LTR/ERVL-MaLR	1197	+	168	149298619	17571
chr7	149281048	149481048	harbor1	chr7	149299051	149299509	LTR/ERVL-MaLR	1629	+	229	149299280	18232
chr7	149281048	149481048	harbor1	chr7	149301073	149301442	LTR/ERVL-MaLR	2406	+	184	149301257	20209
chr7	149281048	149481048	harbor1	chr7	149304041	149304067	LTR/ERVL-MaLR	1762	+	13	149304054	23006
chr7	149281048	149481048	harbor1	chr7	149304360	149304715	LTR/ERVL-MaLR	1762	+	178	149304538	23490
chr7	149281048	149481048	harbor1	chr7	149310597	149310973	LTR/ERVL-MaLR	2085	+	188	149310785	29737
chr7	149281048	149481048	harbor1	chr7	149353965	149354460	LTR/ERVL-MaLR	1944	+	248	149354213	73165
chr7	149281048	149481048	harbor1	chr7	149363369	149363495	LTR/ERVL-MaLR	469	+	63	149363432	82384
chr7	149281048	149481048	harbor1	chr7	149363807	149363858	LTR/ERVL-MaLR	469	+	26	149363833	82785
chr7	149281048	149481048	harbor1	chr7	149363828	149363993	LTR/ERVL-MaLR	728	+	82	149363910	82862
chr7	149281048	149481048	harbor1	chr7	149370728	149371240	LTR/ERVL-MaLR	490	+	256	149370984	89936
chr7	149281048	149481048	harbor1	chr7	149380557	149381099	LTR/ERVL-MaLR	2366	+	271	149380828	99780
chr7	117914563	118114563	harbor1	chr7	117985988	117986191	LTR/ERVL-MaLR	1320	+	102	117986090	71527
chr7	117914563	118114563	harbor1	chr7	117986586	117986937	LTR/ERVL-MaLR	1320	+	176	117986762	72199
chr7	117914563	118114563	harbor1	chr7	117993926	117994279	LTR/ERVL-MaLR	2674	+	176	117994102	79539
chr7	117914563	118114563	harbor1	chr7	117994280	117995859	LTR/ERVL-MaLR	11882	+	790	117995070	80507
chr7	117914563	118114563	harbor1	chr7	117995860	117996212	LTR/ERVL-MaLR	2705	+	176	117996036	81473
chr7	117914563	118114563	harbor1	chr7	118001009	118001125	LTR/ERVL-MaLR	463	+	58	118001067	86504
chr7	117914563	118114563	harbor1	chr7	118001196	118001619	LTR/ERVL-MaLR	515	+	212	118001408	86845
chr7	8868392	9068392	harbor1	chr7	8881786	8882354	LTR/ERVL-MaLR	1212	+	284	8882070	13678
chr7	8868392	9068392	harbor1	chr7	8908338	8908665	LTR/ERVL-MaLR	1066	+	164	8908502	40110
chr7	8868392	9068392	harbor1	chr7	8910524	8910919	LTR/ERVL-MaLR	2097	+	198	8910722	42330
chr7	8868392	9068392	harbor1	chr7	8917466	8917810	LTR/ERVL-MaLR	1386	+	172	8917638	49246
chr7	8868392	9068392	harbor1	chr7	8930771	8930890	LTR/ERVL-MaLR	459	+	60	8930831	62439
chr7	8868392	9068392	harbor1	chr7	8930883	8931196	LTR/ERVL-MaLR	1298	+	156	8931039	62647
chr7	132222910	132422910	harbor1	chr7	132294734	132295042	LTR/ERVL-MaLR	1615	+	154	132294888	71978
chr7	32922647	33122647	harbor1	chr7	32989745	32989817	LTR/ERVL-MaLR	1636	+	36	32989781	67134
chr7	32922647	33122647	harbor1	chr7	32990132	32990511	LTR/ERVL-MaLR	1636	+	190	32990322	67675
chr7	140789845	140989845	harbor1	chr7	140809587	140809852	LTR/ERVL-MaLR	464	+	132	140809719	19874
chr7	140789845	140989845	harbor1	chr7	140856983	140857507	LTR/ERVL-MaLR	1896	+	262	140857245	67400
chr7	140789845	140989845	harbor1	chr7	140863539	140863953	LTR/ERVL-MaLR	2847	+	207	140863746	73901
chr7	140789845	140989845	harbor1	chr7	140874735	140875144	LTR/ERVL-MaLR	2374	+	204	140874939	85094
chr7	6133836	6333836	harbor1	chr7	6180429	6180670	LTR/ERVL-MaLR	801	+	120	6180549	46713
chr7	6133836	6333836	harbor1	chr7	6183714	6184048	LTR/ERVL-MaLR	1389	+	167	6183881	50045
chr7	6133836	6333836	harbor1	chr7	6202023	6202457	LTR/ERVL-MaLR	667	+	217	6202240	68404
chr7	6133836	6333836	harbor1	chr7	6202759	6202825	LTR/ERVL-MaLR	667	+	33	6202792	68956
chr7	6133836	6333836	harbor1	chr7	6217766	6217905	LTR/ERVL-MaLR	1775	+	70	6217836	84000
chr7	6133836	6333836	harbor1	chr7	6218193	6218568	LTR/ERVL-MaLR	1775	+	188	6218381	84545
chr7	6133836	6333836	harbor1	chr7	6218569	6218725	LTR/ERVL-MaLR	2415	+	78	6218647	84811
chr7	6133836	6333836	harbor1	chr7	6219028	6219760	LTR/ERVL-MaLR	2415	+	366	6219394	85558
chr7	6133836	6333836	harbor1	chr7	6232759	6232876	LTR/ERVL-MaLR	462	+	58	6232817	98981
chr7	16966674	17166674	harbor1	chr7	16980261	16980471	LTR/ERVL-MaLR	573	+	105	16980366	13692
chr7	16966674	17166674	harbor1	chr7	16993005	16993884	LTR/ERVL-MaLR	2013	+	440	16993445	26771
chr7	16966674	17166674	harbor1	chr7	16993917	16994272	LTR/ERVL-MaLR	634	+	178	16994095	27421
chr7	16966674	17166674	harbor1	chr7	16994584	16994726	LTR/ERVL-MaLR	634	+	71	16994655	27981
chr7	16966674	17166674	harbor1	chr7	16995005	16995335	LTR/ERVL-MaLR	746	+	165	16995170	28496
chr7	16966674	17166674	harbor1	chr7	17045259	17045648	LTR/ERVL-MaLR	588	+	194	17045453	78779
chr7	16966674	17166674	harbor1	chr7	17054397	17054790	LTR/ERVL-MaLR	933	+	196	17054593	87919
chr7	16966674	17166674	harbor1	chr7	17062623	17062829	LTR/ERVL-MaLR	460	+	103	17062726	96052
chr7	16966674	17166674	harbor1	chr7	17062891	17063069	LTR/ERVL-MaLR	498	+	89	17062980	96306
chr7	34633287	34833287	harbor1	chr7	34649113	34649422	LTR/ERVL-MaLR	886	+	154	34649267	15980
chr7	34633287	34833287	harbor1	chr7	34692875	34693305	LTR/ERVL-MaLR	2473	+	215	34693090	59803
chr7	34633287	34833287	harbor1	chr7	34725766	34726122	LTR/ERVL-MaLR	2331	+	178	34725944	92657
chr7	52809442	53009442	harbor1	chr7	52823718	52824084	LTR/ERVL-MaLR	2073	+	183	52823901	14459
chr7	52809442	53009442	harbor1	chr7	52880843	52881000	LTR/ERVL-MaLR	694	+	78	52880921	71479
chr7	52809442	53009442	harbor1	chr7	52881005	52881371	LTR/ERVL-MaLR	1010	+	183	52881188	71746
chr7	52809442	53009442	harbor1	chr7	52891203	52891388	LTR/ERVL-MaLR	743	+	92	52891295	81853
chr7	17440744	17640744	harbor1	chr7	17462982	17463351	LTR/ERVL-MaLR	2351	+	184	17463166	22422
chr7	17440744	17640744	harbor1	chr7	17470142	17470381	LTR/ERVL-MaLR	1050	+	120	17470262	29518
chr7	17440744	17640744	harbor1	chr7	17479354	17479804	LTR/ERVL-MaLR	1398	+	225	17479579	38835
chr7	17440744	17640744	harbor1	chr7	17483877	17484237	LTR/ERVL-MaLR	1669	+	180	17484057	43313
chr7	17440744	17640744	harbor1	chr7	17489266	17489716	LTR/ERVL-MaLR	569	+	225	17489491	48747
chr7	135577470	135777470	harbor1	chr7	135659225	135659598	LTR/ERVL-MaLR	1979	+	186	135659411	81941
chr7	43593935	43793935	harbor1	chr7	43656007	43656244	LTR/ERVL-MaLR	613	+	118	43656125	62190
chr7	43593935	43793935	harbor1	chr7	43659786	43660157	LTR/ERVL-MaLR	2031	+	186	43659972	66037
chr7	43593935	43793935	harbor1	chr7	43671670	43672018	LTR/ERVL-MaLR	2102	+	174	43671844	77909
chr7	43593935	43793935	harbor1	chr7	43687843	43688196	LTR/ERVL-MaLR	2839	+	176	43688019	94084
chr7	43593935	43793935	harbor1	chr7	43662961	43663377	LTR/ERVL-MaLR	2687	+	208	43663169	69234
chr7	109403398	109603398	harbor1	chr7	109485073	109485389	LTR/ERVL-MaLR	1288	+	158	109485231	81833
chr7	5082343	5282343	harbor1	chr7	5136889	5136969	LTR/ERVL-MaLR	1382	+	40	5136929	54586
chr7	5082343	5282343	harbor1	chr7	5137262	5137587	LTR/ERVL-MaLR	1382	+	162	5137424	55081
chr7	5082343	5282343	harbor1	chr7	5148991	5149045	LTR/ERVL-MaLR	2312	+	27	5149018	66675
chr7	5082343	5282343	harbor1	chr7	5149351	5149694	LTR/ERVL-MaLR	2312	+	172	5149523	67180
chr7	131671793	131871793	harbor1	chr7	131672156	131672432	LTR/ERVL-MaLR	953	+	138	131672294	501
chr7	131671793	131871793	harbor1	chr7	131672746	131672799	LTR/ERVL-MaLR	953	+	26	131672772	979
chr7	131671793	131871793	harbor1	chr7	131750394	131750744	LTR/ERVL-MaLR	662	+	175	131750569	78776
chr7	131671793	131871793	harbor1	chr7	131762943	131763089	LTR/ERVL-MaLR	472	+	73	131763016	91223
chr7	131671793	131871793	harbor1	chr7	131763540	131763576	LTR/ERVL-MaLR	472	+	18	131763558	91765
chr7	71259016	71459016	harbor1	chr7	71262495	71262666	LTR/ERVL-MaLR	1972	+	86	71262581	3565
chr7	71259016	71459016	harbor1	chr7	71262981	71263108	LTR/ERVL-MaLR	1972	+	64	71263045	4029
chr7	71259016	71459016	harbor1	chr7	71263384	71263505	LTR/ERVL-MaLR	1972	+	60	71263444	4428
chr7	71259016	71459016	harbor1	chr7	71266244	71266622	LTR/ERVL-MaLR	1646	+	189	71266433	7417
chr7	71259016	71459016	harbor1	chr7	71276399	71276715	LTR/ERVL-MaLR	2379	+	158	71276557	17541
chr7	71259016	71459016	harbor1	chr7	71277027	71277077	LTR/ERVL-MaLR	2379	+	25	71277052	18036
chr7	71259016	71459016	harbor1	chr7	71283575	71283741	LTR/ERVL-MaLR	1154	+	83	71283658	24642
chr7	71259016	71459016	harbor1	chr7	71284496	71284718	LTR/ERVL-MaLR	1600	+	111	71284607	25591
chr7	71259016	71459016	harbor1	chr7	71285508	71285873	LTR/ERVL-MaLR	2053	+	182	71285690	26674
chr7	71259016	71459016	harbor1	chr7	71309863	71310216	LTR/ERVL-MaLR	2522	+	176	71310039	51023
chr7	71259016	71459016	harbor1	chr7	71322595	71322968	LTR/ERVL-MaLR	1597	+	186	71322781	63765
chr7	71259016	71459016	harbor1	chr7	71351379	71351818	LTR/ERVL-MaLR	1585	+	220	71351599	92583
chr7	71259016	71459016	harbor1	chr7	71352020	71352374	LTR/ERVL-MaLR	1920	+	177	71352197	93181
chr7	115010832	115210832	harbor1	chr7	115052369	115052694	LTR/ERVL-MaLR	1576	+	162	115052531	41699
chr7	115010832	115210832	harbor1	chr7	115053065	115053278	LTR/ERVL-MaLR	1576	+	106	115053171	42339
chr7	115010832	115210832	harbor1	chr7	115061963	115062332	LTR/ERVL-MaLR	485	+	184	115062147	51315
chr7	115010832	115210832	harbor1	chr7	115078818	115079186	LTR/ERVL-MaLR	1770	+	184	115079002	68170
chr7	115010832	115210832	harbor1	chr7	115105164	115105635	LTR/ERVL-MaLR	2192	+	236	115105400	94568
chr7	36832814	37032814	harbor1	chr7	36834064	36834495	LTR/ERVL-MaLR	1218	+	216	36834280	1466
chr7	36832814	37032814	harbor1	chr7	36858468	36858989	LTR/ERVL-MaLR	1949	+	260	36858728	25914
chr7	36832814	37032814	harbor1	chr7	36872357	36872514	LTR/ERVL-MaLR	498	+	78	36872435	39621
chr7	36832814	37032814	harbor1	chr7	36883400	36883824	LTR/ERVL-MaLR	2542	+	212	36883612	50798
chr7	36832814	37032814	harbor1	chr7	36920877	36921243	LTR/ERVL-MaLR	1798	+	183	36921060	88246
chr7	10094706	10294706	harbor1	chr7	10133957	10134333	LTR/ERVL-MaLR	2202	+	188	10134145	39439
chr7	10094706	10294706	harbor1	chr7	10136053	10136417	LTR/ERVL-MaLR	1654	+	182	10136235	41529
chr7	10094706	10294706	harbor1	chr7	10138053	10138345	LTR/ERVL-MaLR	1117	+	146	10138199	43493
chr7	96347015	96547015	harbor1	chr7	96348581	96348994	LTR/ERVL-MaLR	2561	+	206	96348787	1772
chr7	96347015	96547015	harbor1	chr7	96373318	96373545	LTR/ERVL-MaLR	809	+	114	96373432	26417
chr7	96347015	96547015	harbor1	chr7	96385911	96385942	LTR/ERVL-MaLR	522	+	16	96385927	38912
chr7	96347015	96547015	harbor1	chr7	96386229	96386291	LTR/ERVL-MaLR	522	+	31	96386260	39245
chr7	96347015	96547015	harbor1	chr7	96401631	96401961	LTR/ERVL-MaLR	655	+	165	96401796	54781
chr7	96347015	96547015	harbor1	chr7	96403980	96404365	LTR/ERVL-MaLR	2015	+	192	96404172	57157
chr7	152961614	153161614	harbor1	chr7	152975897	152976368	LTR/ERVL-MaLR	2100	+	236	152976133	14519
chr7	152961614	153161614	harbor1	chr7	152994643	152994799	LTR/ERVL-MaLR	862	+	78	152994721	33107
chr7	152961614	153161614	harbor1	chr7	152994922	152995087	LTR/ERVL-MaLR	796	+	82	152995004	33390
chr7	152961614	153161614	harbor1	chr7	152995379	152995454	LTR/ERVL-MaLR	796	+	38	152995417	33803
chr7	152961614	153161614	harbor1	chr7	153013149	153013373	LTR/ERVL-MaLR	1667	+	112	153013261	51647
chr7	152961614	153161614	harbor1	chr7	153013667	153013737	LTR/ERVL-MaLR	1667	+	35	153013702	52088
chr7	152961614	153161614	harbor1	chr7	153019367	153019684	LTR/ERVL-MaLR	796	+	158	153019525	57911
chr7	152961614	153161614	harbor1	chr7	153020165	153020207	LTR/ERVL-MaLR	796	+	21	153020186	58572
chr7	152961614	153161614	harbor1	chr7	153050800	153051371	LTR/ERVL-MaLR	2480	+	286	153051086	89472
chr7	152971739	153171739	harbor1	chr7	152975897	152976368	LTR/ERVL-MaLR	2100	+	236	152976133	4394
chr7	152971739	153171739	harbor1	chr7	152994643	152994799	LTR/ERVL-MaLR	862	+	78	152994721	22982
chr7	152971739	153171739	harbor1	chr7	152994922	152995087	LTR/ERVL-MaLR	796	+	82	152995004	23265
chr7	152971739	153171739	harbor1	chr7	152995379	152995454	LTR/ERVL-MaLR	796	+	38	152995417	23678
chr7	152971739	153171739	harbor1	chr7	153013149	153013373	LTR/ERVL-MaLR	1667	+	112	153013261	41522
chr7	152971739	153171739	harbor1	chr7	153013667	153013737	LTR/ERVL-MaLR	1667	+	35	153013702	41963
chr7	152971739	153171739	harbor1	chr7	153019367	153019684	LTR/ERVL-MaLR	796	+	158	153019525	47786
chr7	152971739	153171739	harbor1	chr7	153020165	153020207	LTR/ERVL-MaLR	796	+	21	153020186	48447
chr7	152971739	153171739	harbor1	chr7	153050800	153051371	LTR/ERVL-MaLR	2480	+	286	153051086	79347
chr7	17015978	17215978	harbor1	chr7	17045259	17045648	LTR/ERVL-MaLR	588	+	194	17045453	29475
chr7	17015978	17215978	harbor1	chr7	17054397	17054790	LTR/ERVL-MaLR	933	+	196	17054593	38615
chr7	17015978	17215978	harbor1	chr7	17062623	17062829	LTR/ERVL-MaLR	460	+	103	17062726	46748
chr7	17015978	17215978	harbor1	chr7	17062891	17063069	LTR/ERVL-MaLR	498	+	89	17062980	47002
chr7	17015978	17215978	harbor1	chr7	17073426	17073610	LTR/ERVL-MaLR	515	+	92	17073518	57540
chr7	109973179	110173179	harbor1	chr7	109978721	109979341	LTR/ERVL-MaLR	1941	+	310	109979031	5852
chr7	109973179	110173179	harbor1	chr7	109986586	109986990	LTR/ERVL-MaLR	956	+	202	109986788	13609
chr7	109973179	110173179	harbor1	chr7	109990358	109990564	LTR/ERVL-MaLR	528	+	103	109990461	17282
chr7	109973179	110173179	harbor1	chr7	110061358	110061614	LTR/ERVL-MaLR	574	+	128	110061486	88307
chr7	109973179	110173179	harbor1	chr7	109985484	109985832	LTR/ERVL-MaLR	1464	+	174	109985658	12479
chr7	128556838	128756838	harbor1	chr7	128563538	128563905	LTR/ERVL-MaLR	1704	+	184	128563722	6884
chr7	128556838	128756838	harbor1	chr7	128564188	128564233	LTR/ERVL-MaLR	1704	+	22	128564210	7372
chr7	128556838	128756838	harbor1	chr7	128632974	128633329	LTR/ERVL-MaLR	1528	+	178	128633152	76314
chr7	128556838	128756838	harbor1	chr7	128644995	128645353	LTR/ERVL-MaLR	1583	+	179	128645174	88336
chr7	14511279	14711279	harbor1	chr7	14545310	14545844	LTR/ERVL-MaLR	906	+	267	14545577	34298
chr7	14511279	14711279	harbor1	chr7	14561040	14561398	LTR/ERVL-MaLR	2256	+	179	14561219	49940
chr7	14511279	14711279	harbor1	chr7	14561399	14562925	LTR/ERVL-MaLR	9692	+	763	14562162	50883
chr7	14511279	14711279	harbor1	chr7	14562929	14563286	LTR/ERVL-MaLR	2365	+	178	14563107	51828
chr7	14511279	14711279	harbor1	chr7	14568346	14568500	LTR/ERVL-MaLR	502	+	77	14568423	57144
chr7	14511279	14711279	harbor1	chr7	14568551	14568710	LTR/ERVL-MaLR	463	+	80	14568631	57352
chr7	14511279	14711279	harbor1	chr7	14577952	14578324	LTR/ERVL-MaLR	2132	+	186	14578138	66859
chr7	14511279	14711279	harbor1	chr7	14602157	14602392	LTR/ERVL-MaLR	1224	+	118	14602275	90996
chr7	14511279	14711279	harbor1	chr7	14602403	14602798	LTR/ERVL-MaLR	1776	+	198	14602601	91322
chr7	14511279	14711279	harbor1	chr7	14564971	14565423	LTR/ERVL-MaLR	538	+	226	14565197	53918
chr7	28020837	28220837	harbor1	chr7	28084793	28085128	LTR/ERVL-MaLR	1651	+	168	28084961	64124
chr7	28020837	28220837	harbor1	chr7	28089154	28089432	LTR/ERVL-MaLR	1020	+	139	28089293	68456
chr7	28020837	28220837	harbor1	chr7	28089450	28089933	LTR/ERVL-MaLR	2061	+	242	28089692	68855
chr7	28020837	28220837	harbor1	chr7	28093145	28093505	LTR/ERVL-MaLR	2049	+	180	28093325	72488
chr7	28020837	28220837	harbor1	chr7	28098040	28098403	LTR/ERVL-MaLR	1557	+	182	28098222	77385
chr7	10029424	10229424	harbor1	chr7	10054071	10054403	LTR/ERVL-MaLR	1915	+	166	10054237	24813
chr7	10029424	10229424	harbor1	chr7	10054404	10055973	LTR/ERVL-MaLR	11093	+	784	10055188	25764
chr7	10029424	10229424	harbor1	chr7	10055976	10056005	LTR/ERVL-MaLR	1938	+	14	10055990	26566
chr7	10029424	10229424	harbor1	chr7	10056271	10056603	LTR/ERVL-MaLR	1938	+	166	10056437	27013
chr7	154271835	154471835	harbor1	chr7	154300808	154301001	LTR/ERVL-MaLR	1313	+	96	154300904	29069
chr7	143421541	143621541	harbor1	chr7	143469610	143469982	LTR/ERVL-MaLR	1649	+	186	143469796	48255
chr7	143421541	143621541	harbor1	chr7	143495096	143495478	LTR/ERVL-MaLR	2269	+	191	143495287	73746
chr7	143421541	143621541	harbor1	chr7	143499553	143499753	LTR/ERVL-MaLR	906	+	100	143499653	78112
chr7	143421541	143621541	harbor1	chr7	143500041	143500315	LTR/ERVL-MaLR	1234	+	137	143500178	78637
chr7	143421541	143621541	harbor1	chr7	143505734	143506128	LTR/ERVL-MaLR	1964	+	197	143505931	84390
chr7	69823521	70023521	harbor1	chr7	69828101	69828597	LTR/ERVL-MaLR	1101	+	248	69828349	4828
chr7	136613422	136813422	harbor1	chr7	136648104	136648492	LTR/ERVL-MaLR	560	+	194	136648298	34876
chr7	136613422	136813422	harbor1	chr7	136654011	136654159	LTR/ERVL-MaLR	1695	+	74	136654085	40663
chr7	136613422	136813422	harbor1	chr7	136654411	136654623	LTR/ERVL-MaLR	1695	+	106	136654517	41095
chr7	91075634	91275634	harbor1	chr7	91096112	91096562	LTR/ERVL-MaLR	1444	+	225	91096337	20703
chr7	55897764	56097764	harbor1	chr7	55917951	55918451	LTR/ERVL-MaLR	2036	+	250	55918201	20437
chr7	55897764	56097764	harbor1	chr7	55919020	55919453	LTR/ERVL-MaLR	1450	+	216	55919236	21472
chr7	55897764	56097764	harbor1	chr7	55946554	55946907	LTR/ERVL-MaLR	2036	+	176	55946730	48966
chr7	55897764	56097764	harbor1	chr7	55918461	55918716	LTR/ERVL-MaLR	1450	+	128	55918589	20825
chr7	78748616	78948616	harbor1	chr7	78792953	78793272	LTR/ERVL-MaLR	1038	+	160	78793113	44497
chr7	78748616	78948616	harbor1	chr7	78793490	78793551	LTR/ERVL-MaLR	1038	+	30	78793520	44904
chr7	78748616	78948616	harbor1	chr7	78805549	78806029	LTR/ERVL-MaLR	1739	+	240	78805789	57173
chr7	78748616	78948616	harbor1	chr7	78811776	78812290	LTR/ERVL-MaLR	1973	+	257	78812033	63417
chr7	78748616	78948616	harbor1	chr7	78834689	78835084	LTR/ERVL-MaLR	2122	+	198	78834887	86271
chr7	16437792	16637792	harbor1	chr7	16440662	16440875	LTR/ERVL-MaLR	1002	+	106	16440768	2976
chr7	16437792	16637792	harbor1	chr7	16468837	16469367	LTR/ERVL-MaLR	1846	+	265	16469102	31310
chr7	16437792	16637792	harbor1	chr7	16511956	16512105	LTR/ERVL-MaLR	1371	+	74	16512030	74238
chr7	16437792	16637792	harbor1	chr7	16512556	16512763	LTR/ERVL-MaLR	1371	+	104	16512660	74868
chr7	71873048	72073048	harbor1	chr7	71876110	71876537	LTR/ERVL-MaLR	1511	+	214	71876324	3276
chr7	71873048	72073048	harbor1	chr7	71936725	71937077	LTR/ERVL-MaLR	2363	+	176	71936901	63853
chr7	71873048	72073048	harbor1	chr7	71944934	71945345	LTR/ERVL-MaLR	2461	+	206	71945140	72092
chr7	71873048	72073048	harbor1	chr7	71966323	71966745	LTR/ERVL-MaLR	2796	+	211	71966534	93486
chr7	12935701	13135701	harbor1	chr7	13010521	13010714	LTR/ERVL-MaLR	2518	+	96	13010617	74916
chr7	12935701	13135701	harbor1	chr7	13011317	13011545	LTR/ERVL-MaLR	2518	+	114	13011431	75730
chr7	12935701	13135701	harbor1	chr7	13034765	13035157	LTR/ERVL-MaLR	2029	+	196	13034961	99260
chr7	12935701	13135701	harbor1	chr7	13035158	13035508	LTR/ERVL-MaLR	2817	+	175	13035333	99632
chr7	12935701	13135701	harbor1	chr7	12943181	12943571	LTR/ERVL-MaLR	1788	+	195	12943376	7675
chr7	2720338	2920338	harbor1	chr7	2740229	2740587	LTR/ERVL-MaLR	1359	+	179	2740408	20070
chr7	2720338	2920338	harbor1	chr7	2757355	2757705	LTR/ERVL-MaLR	979	+	175	2757530	37192
chr7	2720338	2920338	harbor1	chr7	2777438	2777794	LTR/ERVL-MaLR	1445	+	178	2777616	57278
chr7	2720338	2920338	harbor1	chr7	2818982	2819477	LTR/ERVL-MaLR	1350	+	248	2819230	98892
chr7	131762901	131962901	harbor1	chr7	131762943	131763089	LTR/ERVL-MaLR	472	+	73	131763016	115
chr7	131762901	131962901	harbor1	chr7	131763540	131763576	LTR/ERVL-MaLR	472	+	18	131763558	657
chr7	131762901	131962901	harbor1	chr7	131789857	131790233	LTR/ERVL-MaLR	2818	+	188	131790045	27144
chr7	131762901	131962901	harbor1	chr7	131791138	131791685	LTR/ERVL-MaLR	2520	+	274	131791412	28511
chr7	131762901	131962901	harbor1	chr7	131798500	131798839	LTR/ERVL-MaLR	1104	+	170	131798670	35769
chr7	131762901	131962901	harbor1	chr7	131801513	131801884	LTR/ERVL-MaLR	2023	+	186	131801699	38798
chr7	131762901	131962901	harbor1	chr7	131855528	131855893	LTR/ERVL-MaLR	2103	+	182	131855710	92809
chr7	131762901	131962901	harbor1	chr7	131855894	131856407	LTR/ERVL-MaLR	3728	+	256	131856150	93249
chr7	131762901	131962901	harbor1	chr7	131856397	131856671	LTR/ERVL-MaLR	1522	+	137	131856534	93633
chr7	126104294	126304294	harbor1	chr7	126116990	126117339	LTR/ERVL-MaLR	2167	+	174	126117164	12870
chr7	126104294	126304294	harbor1	chr7	126117340	126118876	LTR/ERVL-MaLR	10971	+	768	126118108	13814
chr7	126104294	126304294	harbor1	chr7	126118877	126119230	LTR/ERVL-MaLR	1959	+	176	126119053	14759
chr7	126104294	126304294	harbor1	chr7	126174019	126174418	LTR/ERVL-MaLR	2373	+	200	126174219	69925
chr7	126104294	126304294	harbor1	chr7	126174419	126176044	LTR/ERVL-MaLR	9537	+	812	126175231	70937
chr7	126104294	126304294	harbor1	chr7	126176045	126176447	LTR/ERVL-MaLR	2419	+	201	126176246	71952
chr7	99127024	99327024	harbor1	chr7	99130797	99130940	LTR/ERVL-MaLR	455	+	72	99130869	3845
chr7	99127024	99327024	harbor1	chr7	99132080	99132315	LTR/ERVL-MaLR	497	+	118	99132198	5174
chr7	99127024	99327024	harbor1	chr7	99160759	99160874	LTR/ERVL-MaLR	1263	+	58	99160817	33793
chr7	99127024	99327024	harbor1	chr7	99161157	99161222	LTR/ERVL-MaLR	1263	+	32	99161189	34165
chr7	99127024	99327024	harbor1	chr7	99161271	99161615	LTR/ERVL-MaLR	1263	+	172	99161443	34419
chr7	99127024	99327024	harbor1	chr7	99165837	99166216	LTR/ERVL-MaLR	2337	+	190	99166027	39003
chr7	99127024	99327024	harbor1	chr7	99179916	99180167	LTR/ERVL-MaLR	1172	+	126	99180042	53018
chr7	125559893	125759893	harbor1	chr7	125580430	125580573	LTR/ERVL-MaLR	906	+	72	125580502	20609
chr7	125559893	125759893	harbor1	chr7	125580848	125580919	LTR/ERVL-MaLR	906	+	36	125580884	20991
chr7	125559893	125759893	harbor1	chr7	125581425	125581656	LTR/ERVL-MaLR	906	+	116	125581541	21648
chr7	125559893	125759893	harbor1	chr7	125600308	125600715	LTR/ERVL-MaLR	790	+	204	125600512	40619
chr7	125559893	125759893	harbor1	chr7	125603040	125603288	LTR/ERVL-MaLR	536	+	124	125603164	43271
chr7	125559893	125759893	harbor1	chr7	125627042	125627392	LTR/ERVL-MaLR	1905	+	175	125627217	67324
chr7	50023522	50223522	harbor1	chr7	50084975	50085387	LTR/ERVL-MaLR	1626	+	206	50085181	61659
chr7	50023522	50223522	harbor1	chr7	50101142	50101546	LTR/ERVL-MaLR	677	+	202	50101344	77822
chr7	146302425	146502425	harbor1	chr7	146376675	146377088	LTR/ERVL-MaLR	1690	+	206	146376881	74456
chr7	146302425	146502425	harbor1	chr7	146381100	146381228	LTR/ERVL-MaLR	583	+	64	146381164	78739
chr7	92337078	92537078	harbor1	chr7	92434431	92434948	LTR/ERVL-MaLR	3126	+	258	92434689	97611
chr7	43240795	43440795	harbor1	chr7	43330061	43330534	LTR/ERVL-MaLR	532	+	236	43330297	89502
chr7	43240795	43440795	harbor1	chr7	43335395	43335643	LTR/ERVL-MaLR	1128	+	124	43335519	94724
chr7	117642717	117842717	harbor1	chr7	117654437	117654794	LTR/ERVL-MaLR	2066	+	178	117654615	11898
chr7	117642717	117842717	harbor1	chr7	117675773	117676061	LTR/ERVL-MaLR	1570	+	144	117675917	33200
chr7	117642717	117842717	harbor1	chr7	117686453	117686859	LTR/ERVL-MaLR	1638	+	203	117686656	43939
chr7	90649409	90849409	harbor1	chr7	90669523	90669710	LTR/ERVL-MaLR	677	+	94	90669617	20208
chr7	90649409	90849409	harbor1	chr7	90740321	90740703	LTR/ERVL-MaLR	2194	+	191	90740512	91103
chr7	13570164	13770164	harbor1	chr7	13574002	13574369	LTR/ERVL-MaLR	2088	+	184	13574186	4022
chr7	13570164	13770164	harbor1	chr7	13606402	13606766	LTR/ERVL-MaLR	2311	+	182	13606584	36420
chr7	13570164	13770164	harbor1	chr7	13606767	13608399	LTR/ERVL-MaLR	9892	+	816	13607583	37419
chr7	13570164	13770164	harbor1	chr7	13608402	13608694	LTR/ERVL-MaLR	1936	+	146	13608548	38384
chr7	13570164	13770164	harbor1	chr7	13617432	13617787	LTR/ERVL-MaLR	2058	+	178	13617610	47446
chr7	13570164	13770164	harbor1	chr7	13628925	13629453	LTR/ERVL-MaLR	2617	+	264	13629189	59025
chr7	13570164	13770164	harbor1	chr7	13636450	13636813	LTR/ERVL-MaLR	1954	+	182	13636632	66468
chr7	3885459	4085459	harbor1	chr7	3903715	3904127	LTR/ERVL-MaLR	2360	+	206	3903921	18462
chr7	3885459	4085459	harbor1	chr7	3915314	3915686	LTR/ERVL-MaLR	2246	+	186	3915500	30041
chr7	136358903	136558903	harbor1	chr7	136369421	136369526	LTR/ERVL-MaLR	476	+	52	136369473	10570
chr7	136358903	136558903	harbor1	chr7	136401563	136401927	LTR/ERVL-MaLR	1167	+	182	136401745	42842
chr7	136358903	136558903	harbor1	chr7	136429120	136429479	LTR/ERVL-MaLR	1749	+	180	136429300	70397
chr7	136358903	136558903	harbor1	chr7	136457431	136457695	LTR/ERVL-MaLR	685	+	132	136457563	98660
chr7	136358903	136558903	harbor1	chr7	136380373	136380734	LTR/ERVL-MaLR	1698	+	180	136380553	21650
chr7	3291708	3491708	harbor1	chr7	3330360	3330690	LTR/ERVL-MaLR	904	+	165	3330525	38817
chr7	3291708	3491708	harbor1	chr7	3331287	3331328	LTR/ERVL-MaLR	904	+	20	3331307	39599
chr7	3291708	3491708	harbor1	chr7	3372507	3372723	LTR/ERVL-MaLR	462	+	108	3372615	80907
chr7	3291708	3491708	harbor1	chr7	3375412	3375948	LTR/ERVL-MaLR	2685	+	268	3375680	83972
chr7	3291708	3491708	harbor1	chr7	3389158	3389617	LTR/ERVL-MaLR	1547	+	230	3389388	97680
chr7	3291708	3491708	harbor1	chr7	3389783	3390173	LTR/ERVL-MaLR	1582	+	195	3389978	98270
chr7	3291708	3491708	harbor1	chr7	3390502	3390897	LTR/ERVL-MaLR	1809	+	198	3390700	98992
chr7	76088133	76288133	harbor1	chr7	76091307	76091620	LTR/ERVL-MaLR	2358	+	156	76091463	3330
chr7	76088133	76288133	harbor1	chr7	76091927	76092036	LTR/ERVL-MaLR	2358	+	54	76091981	3848
chr7	76088133	76288133	harbor1	chr7	76123893	76124000	LTR/ERVL-MaLR	680	+	54	76123947	35814
chr7	76088133	76288133	harbor1	chr7	76139200	76139332	LTR/ERVL-MaLR	607	+	66	76139266	51133
chr7	76088133	76288133	harbor1	chr7	76140796	76141122	LTR/ERVL-MaLR	1137	+	163	76140959	52826
chr7	76088133	76288133	harbor1	chr7	76163867	76164036	LTR/ERVL-MaLR	665	+	84	76163951	75818
chr7	76088133	76288133	harbor1	chr7	76164093	76164292	LTR/ERVL-MaLR	888	+	100	76164193	76060
chr7	76088133	76288133	harbor1	chr7	76181835	76182013	LTR/ERVL-MaLR	2424	+	89	76181924	93791
chr7	76088133	76288133	harbor1	chr7	76182316	76182339	LTR/ERVL-MaLR	2424	+	12	76182328	94195
chr7	76088133	76288133	harbor1	chr7	76182636	76182937	LTR/ERVL-MaLR	2424	+	150	76182786	94653
chr7	76088133	76288133	harbor1	chr7	76183939	76184065	LTR/ERVL-MaLR	1262	+	63	76184002	95869
chr7	76088133	76288133	harbor1	chr7	76184111	76184257	LTR/ERVL-MaLR	1262	+	73	76184184	96051
chr7	24460441	24660441	harbor1	chr7	24463524	24463802	LTR/ERVL-MaLR	452	+	139	24463663	3222
chr7	24460441	24660441	harbor1	chr7	24545123	24545279	LTR/ERVL-MaLR	512	+	78	24545201	84760
chr7	24460441	24660441	harbor1	chr7	24552145	24552492	LTR/ERVL-MaLR	1942	+	174	24552319	91878
chr7	24460441	24660441	harbor1	chr7	24553538	24553685	LTR/ERVL-MaLR	499	+	74	24553612	93171
chr7	141073819	141273819	harbor1	chr7	141096230	141096555	LTR/ERVL-MaLR	1028	+	162	141096392	22573
chr7	141073819	141273819	harbor1	chr7	141110702	141111059	LTR/ERVL-MaLR	1406	+	178	141110880	37061
chr7	141073819	141273819	harbor1	chr7	141111415	141111439	LTR/ERVL-MaLR	487	+	12	141111427	37608
chr7	141073819	141273819	harbor1	chr7	141127300	141127744	LTR/ERVL-MaLR	1778	+	222	141127522	53703
chr7	141073819	141273819	harbor1	chr7	141134841	141135121	LTR/ERVL-MaLR	1723	+	140	141134981	61162
chr7	141073819	141273819	harbor1	chr7	141149198	141149274	LTR/ERVL-MaLR	1714	+	38	141149236	75417
chr7	141073819	141273819	harbor1	chr7	141149564	141149932	LTR/ERVL-MaLR	1714	+	184	141149748	75929
chr7	141073819	141273819	harbor1	chr7	141150417	141150839	LTR/ERVL-MaLR	623	+	211	141150628	76809
chr7	6042369	6242369	harbor1	chr7	6063122	6063273	LTR/ERVL-MaLR	1869	+	76	6063198	20829
chr7	6042369	6242369	harbor1	chr7	6063865	6064090	LTR/ERVL-MaLR	1869	+	112	6063977	21608
chr7	6042369	6242369	harbor1	chr7	6064391	6064430	LTR/ERVL-MaLR	1869	+	20	6064411	22042
chr7	64208631	64408631	harbor1	chr7	64217033	64217442	LTR/ERVL-MaLR	1597	+	204	64217237	8606
chr7	64208631	64408631	harbor1	chr7	64222311	64222651	LTR/ERVL-MaLR	1945	+	170	64222481	13850
chr7	64208631	64408631	harbor1	chr7	64222652	64222890	LTR/ERVL-MaLR	1543	+	119	64222771	14140
chr7	64208631	64408631	harbor1	chr7	64222859	64224004	LTR/ERVL-MaLR	4358	+	572	64223431	14800
chr7	64208631	64408631	harbor1	chr7	64224010	64224250	LTR/ERVL-MaLR	1295	+	120	64224130	15499
chr7	64208631	64408631	harbor1	chr7	64224690	64224896	LTR/ERVL-MaLR	485	+	103	64224793	16162
chr7	64208631	64408631	harbor1	chr7	64234344	64234778	LTR/ERVL-MaLR	1517	+	217	64234561	25930
chr7	64208631	64408631	harbor1	chr7	64263486	64263885	LTR/ERVL-MaLR	1954	+	200	64263686	55055
chr7	64208631	64408631	harbor1	chr7	64270742	64271084	LTR/ERVL-MaLR	1927	+	171	64270913	62282
chr7	64208631	64408631	harbor1	chr7	64271085	64272418	LTR/ERVL-MaLR	6868	+	666	64271751	63120
chr7	64208631	64408631	harbor1	chr7	64272424	64272678	LTR/ERVL-MaLR	1417	+	127	64272551	63920
chr7	64208631	64408631	harbor1	chr7	64277607	64277982	LTR/ERVL-MaLR	2431	+	188	64277795	69164
chr7	64208631	64408631	harbor1	chr7	64278407	64278709	LTR/ERVL-MaLR	453	+	151	64278558	69927
chr7	131386550	131586550	harbor1	chr7	131454529	131454858	LTR/ERVL-MaLR	732	+	164	131454693	68143
chr7	157002323	157202323	harbor1	chr7	157037491	157038007	LTR/ERVL-MaLR	1124	+	258	157037749	35426
chr7	157002323	157202323	harbor1	chr7	157059196	157059530	LTR/ERVL-MaLR	2148	+	167	157059363	57040
chr7	157002323	157202323	harbor1	chr7	157061899	157062360	LTR/ERVL-MaLR	1648	+	230	157062129	59806
chr7	157002323	157202323	harbor1	chr7	157064602	157064951	LTR/ERVL-MaLR	2918	+	174	157064776	62453
chr7	157002323	157202323	harbor1	chr7	157082861	157083234	LTR/ERVL-MaLR	2129	+	186	157083047	80724
chr7	157002323	157202323	harbor1	chr7	157083235	157083616	LTR/ERVL-MaLR	11166	+	190	157083425	81102
chr7	157002323	157202323	harbor1	chr7	157083927	157084034	LTR/ERVL-MaLR	11166	+	54	157083981	81658
chr7	157002323	157202323	harbor1	chr7	157084323	157085485	LTR/ERVL-MaLR	11166	+	581	157084904	82581
chr7	157002323	157202323	harbor1	chr7	157085486	157085655	LTR/ERVL-MaLR	2105	+	84	157085570	83247
chr7	157002323	157202323	harbor1	chr7	157085942	157086134	LTR/ERVL-MaLR	2105	+	96	157086038	83715
chr7	157002323	157202323	harbor1	chr7	157086445	157086486	LTR/ERVL-MaLR	2105	+	20	157086465	84142
chr7	157002323	157202323	harbor1	chr7	157091764	157092213	LTR/ERVL-MaLR	1507	+	224	157091988	89665
chr7	137108135	137308135	harbor1	chr7	137200255	137200590	LTR/ERVL-MaLR	1415	+	168	137200423	92288
chr7	137108135	137308135	harbor1	chr7	137200594	137200877	LTR/ERVL-MaLR	1222	+	142	137200736	92601
chr7	137108135	137308135	harbor1	chr7	137201211	137201378	LTR/ERVL-MaLR	614	+	84	137201295	93160
chr7	137108135	137308135	harbor1	chr7	137203320	137203451	LTR/ERVL-MaLR	639	+	66	137203386	95251
chr7	29128320	29328320	harbor1	chr7	29129366	29129439	LTR/ERVL-MaLR	501	+	36	29129402	1082
chr7	29128320	29328320	harbor1	chr7	29129793	29130137	LTR/ERVL-MaLR	1394	+	172	29129965	1645
chr7	29128320	29328320	harbor1	chr7	29167727	29168113	LTR/ERVL-MaLR	629	+	193	29167920	39600
chr7	29128320	29328320	harbor1	chr7	29175001	29175162	LTR/ERVL-MaLR	2028	+	80	29175081	46761
chr7	29128320	29328320	harbor1	chr7	29175475	29175681	LTR/ERVL-MaLR	2028	+	103	29175578	47258
chr7	107869765	108069765	harbor1	chr7	107871354	107871848	LTR/ERVL-MaLR	818	+	247	107871601	1836
chr7	107869765	108069765	harbor1	chr7	107930411	107930942	LTR/ERVL-MaLR	974	+	266	107930677	60912
chr7	107869765	108069765	harbor1	chr7	107968379	107968947	LTR/ERVL-MaLR	2180	+	284	107968663	98898
chr7	131725459	131925459	harbor1	chr7	131750394	131750744	LTR/ERVL-MaLR	662	+	175	131750569	25110
chr7	131725459	131925459	harbor1	chr7	131762943	131763089	LTR/ERVL-MaLR	472	+	73	131763016	37557
chr7	131725459	131925459	harbor1	chr7	131763540	131763576	LTR/ERVL-MaLR	472	+	18	131763558	38099
chr7	131725459	131925459	harbor1	chr7	131789857	131790233	LTR/ERVL-MaLR	2818	+	188	131790045	64586
chr7	131725459	131925459	harbor1	chr7	131791138	131791685	LTR/ERVL-MaLR	2520	+	274	131791412	65953
chr7	131725459	131925459	harbor1	chr7	131798500	131798839	LTR/ERVL-MaLR	1104	+	170	131798670	73211
chr7	131725459	131925459	harbor1	chr7	131801513	131801884	LTR/ERVL-MaLR	2023	+	186	131801699	76240
chr7	77443171	77643171	harbor1	chr7	77468808	77469157	LTR/ERVL-MaLR	2089	+	174	77468982	25811
chr7	77443171	77643171	harbor1	chr7	77469476	77469811	LTR/ERVL-MaLR	709	+	168	77469644	26473
chr7	77443171	77643171	harbor1	chr7	77492973	77493339	LTR/ERVL-MaLR	2410	+	183	77493156	49985
chr7	77443171	77643171	harbor1	chr7	77493342	77494924	LTR/ERVL-MaLR	12232	+	791	77494133	50962
chr7	77443171	77643171	harbor1	chr7	77494925	77495288	LTR/ERVL-MaLR	2238	+	182	77495107	51936
chr7	77443171	77643171	harbor1	chr7	77512698	77513061	LTR/ERVL-MaLR	1904	+	182	77512880	69709
chr7	97007562	97207562	harbor1	chr7	97043441	97043620	LTR/ERVL-MaLR	686	+	90	97043531	35969
chr7	97007562	97207562	harbor1	chr7	97045393	97045885	LTR/ERVL-MaLR	1521	+	246	97045639	38077
chr7	97007562	97207562	harbor1	chr7	97046589	97046943	LTR/ERVL-MaLR	2888	+	177	97046766	39204
chr7	97007562	97207562	harbor1	chr7	97047256	97047321	LTR/ERVL-MaLR	2888	+	32	97047288	39726
chr7	97007562	97207562	harbor1	chr7	97083416	97083787	LTR/ERVL-MaLR	1719	+	186	97083602	76040
chr7	110741582	110941582	harbor1	chr7	110741351	110741691	LTR/ERVL-MaLR	1614	+	170	110741521	61
chr7	110741582	110941582	harbor1	chr7	110788742	110789314	LTR/ERVL-MaLR	2301	+	286	110789028	47446
chr7	110741582	110941582	harbor1	chr7	110795897	110796268	LTR/ERVL-MaLR	2657	+	186	110796083	54501
chr7	110741582	110941582	harbor1	chr7	110804519	110804841	LTR/ERVL-MaLR	512	+	161	110804680	63098
chr7	110741582	110941582	harbor1	chr7	110811725	110811969	LTR/ERVL-MaLR	884	+	122	110811847	70265
chr7	110741582	110941582	harbor1	chr7	110836314	110836654	LTR/ERVL-MaLR	2070	+	170	110836484	94902
chr7	110741582	110941582	harbor1	chr7	110838394	110838771	LTR/ERVL-MaLR	1710	+	188	110838582	97000
chr7	142380272	142580272	harbor1	chr7	142429654	142430012	LTR/ERVL-MaLR	2073	+	179	142429833	49561
chr7	142380272	142580272	harbor1	chr7	142435603	142435955	LTR/ERVL-MaLR	2808	+	176	142435779	55507
chr7	142380272	142580272	harbor1	chr7	142461647	142462008	LTR/ERVL-MaLR	1215	+	180	142461827	81555
chr7	142380272	142580272	harbor1	chr7	142462021	142462379	LTR/ERVL-MaLR	762	+	179	142462200	81928
chr7	119204774	119404774	harbor1	chr7	119210103	119211649	LTR/ERVL-MaLR	9528	+	773	119210876	6102
chr7	119204774	119404774	harbor1	chr7	119211650	119212018	LTR/ERVL-MaLR	2478	+	184	119211834	7060
chr7	119204774	119404774	harbor1	chr7	119301772	119302203	LTR/ERVL-MaLR	1200	+	216	119301988	97214
chr7	119204774	119404774	harbor1	chr7	119209732	119210102	LTR/ERVL-MaLR	2415	+	185	119209917	5143
chr7	77949647	78149647	harbor1	chr7	77967928	77968288	LTR/ERVL-MaLR	1853	+	180	77968108	18461
chr7	77949647	78149647	harbor1	chr7	78003894	78004058	LTR/ERVL-MaLR	461	+	82	78003976	54329
chr7	77949647	78149647	harbor1	chr7	78005206	78005573	LTR/ERVL-MaLR	2518	+	184	78005390	55743
chr7	47433673	47633673	harbor1	chr7	47459841	47460009	LTR/ERVL-MaLR	887	+	84	47459925	26252
chr7	47433673	47633673	harbor1	chr7	47460241	47460461	LTR/ERVL-MaLR	1047	+	110	47460351	26678
chr7	47433673	47633673	harbor1	chr7	47490393	47490691	LTR/ERVL-MaLR	460	+	149	47490542	56869
chr7	47433673	47633673	harbor1	chr7	47508609	47509100	LTR/ERVL-MaLR	1999	+	246	47508855	75182
chr7	100463473	100663473	harbor1	chr7	100521649	100521735	LTR/ERVL-MaLR	718	+	43	100521692	58219
chr7	100463473	100663473	harbor1	chr7	100522042	100522216	LTR/ERVL-MaLR	718	+	87	100522129	58656
chr7	100463473	100663473	harbor1	chr7	100524616	100524768	LTR/ERVL-MaLR	718	+	76	100524692	61219
chr7	100463473	100663473	harbor1	chr7	100525062	100525140	LTR/ERVL-MaLR	718	+	39	100525101	61628
chr7	96292171	96492171	harbor1	chr7	96309789	96310165	LTR/ERVL-MaLR	2321	+	188	96309977	17806
chr7	96292171	96492171	harbor1	chr7	96323679	96324064	LTR/ERVL-MaLR	1761	+	192	96323871	31700
chr7	96292171	96492171	harbor1	chr7	96326700	96326750	LTR/ERVL-MaLR	1614	+	25	96326725	34554
chr7	96292171	96492171	harbor1	chr7	96327134	96327512	LTR/ERVL-MaLR	1614	+	189	96327323	35152
chr7	96292171	96492171	harbor1	chr7	96348581	96348994	LTR/ERVL-MaLR	2561	+	206	96348787	56616
chr7	96292171	96492171	harbor1	chr7	96373318	96373545	LTR/ERVL-MaLR	809	+	114	96373432	81261
chr7	96292171	96492171	harbor1	chr7	96385911	96385942	LTR/ERVL-MaLR	522	+	16	96385927	93756
chr7	96292171	96492171	harbor1	chr7	96386229	96386291	LTR/ERVL-MaLR	522	+	31	96386260	94089
chr7	448014	648014	harbor1	chr7	476556	476908	LTR/ERVL-MaLR	877	+	176	476732	28718
chr7	448014	648014	harbor1	chr7	509208	509288	LTR/ERVL-MaLR	971	+	40	509248	61234
chr7	448014	648014	harbor1	chr7	509591	509847	LTR/ERVL-MaLR	971	+	128	509719	61705
chr7	448014	648014	harbor1	chr7	540923	541136	LTR/ERVL-MaLR	497	+	106	541029	93015
chr7	24450005	24650005	harbor1	chr7	24449901	24450258	LTR/ERVL-MaLR	1250	+	178	24450079	74
chr7	24450005	24650005	harbor1	chr7	24452306	24452622	LTR/ERVL-MaLR	1492	+	158	24452464	2459
chr7	24450005	24650005	harbor1	chr7	24463524	24463802	LTR/ERVL-MaLR	452	+	139	24463663	13658
chr7	24450005	24650005	harbor1	chr7	24545123	24545279	LTR/ERVL-MaLR	512	+	78	24545201	95196
chr7	154685715	154885715	harbor1	chr7	154769983	154770124	LTR/ERVL-MaLR	1852	+	70	154770053	84338
chr7	154685715	154885715	harbor1	chr7	154770465	154770691	LTR/ERVL-MaLR	1852	+	113	154770578	84863
chr7	48058805	48258805	harbor1	chr7	48068103	48068452	LTR/ERVL-MaLR	1660	+	174	48068277	9472
chr7	96132442	96332442	harbor1	chr7	96150475	96150859	LTR/ERVL-MaLR	2118	+	192	96150667	18225
chr7	96132442	96332442	harbor1	chr7	96159268	96159636	LTR/ERVL-MaLR	1778	+	184	96159452	27010
chr7	96132442	96332442	harbor1	chr7	96163092	96163578	LTR/ERVL-MaLR	685	+	243	96163335	30893
chr7	96132442	96332442	harbor1	chr7	96164032	96164498	LTR/ERVL-MaLR	647	+	233	96164265	31823
chr7	84683775	84883775	harbor1	chr7	84691291	84691690	LTR/ERVL-MaLR	1961	+	200	84691491	7716
chr7	84683775	84883775	harbor1	chr7	84710465	84710638	LTR/ERVL-MaLR	697	+	86	84710551	26776
chr7	84683775	84883775	harbor1	chr7	84711161	84711471	LTR/ERVL-MaLR	1092	+	155	84711316	27541
chr7	84683775	84883775	harbor1	chr7	84717427	84717928	LTR/ERVL-MaLR	2113	+	250	84717677	33902
chr7	84683775	84883775	harbor1	chr7	84738344	84738488	LTR/ERVL-MaLR	1399	+	72	84738416	54641
chr7	84683775	84883775	harbor1	chr7	84738834	84739033	LTR/ERVL-MaLR	1399	+	100	84738934	55159
chr7	84683775	84883775	harbor1	chr7	84758328	84758626	LTR/ERVL-MaLR	1178	+	149	84758477	74702
chr7	84683775	84883775	harbor1	chr7	84776871	84777239	LTR/ERVL-MaLR	2162	+	184	84777055	93280
chr7	53309170	53509170	harbor1	chr7	53324740	53325112	LTR/ERVL-MaLR	2577	+	186	53324926	15756
chr7	53309170	53509170	harbor1	chr7	53375461	53375565	LTR/ERVL-MaLR	632	+	52	53375513	66343
chr7	53309170	53509170	harbor1	chr7	53403822	53404188	LTR/ERVL-MaLR	2052	+	183	53404005	94835
chr7	53309170	53509170	harbor1	chr7	53405833	53406231	LTR/ERVL-MaLR	1751	+	199	53406032	96862
chr7	64026064	64226064	harbor1	chr7	64046350	64046739	LTR/ERVL-MaLR	1886	+	194	64046544	20480
chr7	64026064	64226064	harbor1	chr7	64052310	64052473	LTR/ERVL-MaLR	749	+	82	64052392	26328
chr7	64026064	64226064	harbor1	chr7	64052481	64053155	LTR/ERVL-MaLR	5015	+	337	64052818	26754
chr7	64026064	64226064	harbor1	chr7	64053156	64053328	LTR/ERVL-MaLR	1986	+	86	64053242	27178
chr7	64026064	64226064	harbor1	chr7	64053618	64053840	LTR/ERVL-MaLR	1986	+	111	64053729	27665
chr7	64026064	64226064	harbor1	chr7	64093218	64093358	LTR/ERVL-MaLR	624	+	70	64093288	67224
chr7	131533257	131733257	harbor1	chr7	131548304	131548721	LTR/ERVL-MaLR	874	+	208	131548512	15255
chr7	131533257	131733257	harbor1	chr7	131573319	131573497	LTR/ERVL-MaLR	1683	+	89	131573408	40151
chr7	131533257	131733257	harbor1	chr7	131573796	131574052	LTR/ERVL-MaLR	1683	+	128	131573924	40667
chr7	113236368	113436368	harbor1	chr7	113239830	113240090	LTR/ERVL-MaLR	1068	+	130	113239960	3592
chr7	113236368	113436368	harbor1	chr7	113240293	113240513	LTR/ERVL-MaLR	981	+	110	113240403	4035
chr7	113236368	113436368	harbor1	chr7	113240514	113241151	LTR/ERVL-MaLR	10734	+	318	113240832	4464
chr7	113236368	113436368	harbor1	chr7	113241152	113241521	LTR/ERVL-MaLR	2024	+	184	113241336	4968
chr7	113236368	113436368	harbor1	chr7	113241522	113242535	LTR/ERVL-MaLR	10734	+	506	113242028	5660
chr7	113236368	113436368	harbor1	chr7	113242535	113242915	LTR/ERVL-MaLR	1912	+	190	113242725	6357
chr7	113236368	113436368	harbor1	chr7	113266300	113266410	LTR/ERVL-MaLR	1797	+	55	113266355	29987
chr7	113236368	113436368	harbor1	chr7	113266717	113267031	LTR/ERVL-MaLR	1797	+	157	113266874	30506
chr7	113236368	113436368	harbor1	chr7	113267682	113268035	LTR/ERVL-MaLR	1775	+	176	113267858	31490
chr7	113236368	113436368	harbor1	chr7	113288547	113288934	LTR/ERVL-MaLR	1782	+	194	113288741	52373
chr7	113236368	113436368	harbor1	chr7	113307664	113308022	LTR/ERVL-MaLR	2512	+	179	113307843	71475
chr7	122566879	122766879	harbor1	chr7	122576605	122576773	LTR/ERVL-MaLR	1916	+	84	122576689	9810
chr7	122566879	122766879	harbor1	chr7	122577061	122577268	LTR/ERVL-MaLR	1916	+	104	122577165	10286
chr7	122566879	122766879	harbor1	chr7	122597386	122597493	LTR/ERVL-MaLR	566	+	54	122597440	30561
chr7	122566879	122766879	harbor1	chr7	122663856	122664064	LTR/ERVL-MaLR	919	+	104	122663960	97081
chr7	138885883	139085883	harbor1	chr7	138900555	138900962	LTR/ERVL-MaLR	2253	+	204	138900759	14876
chr7	138885883	139085883	harbor1	chr7	138921405	138921584	LTR/ERVL-MaLR	2280	+	90	138921495	35612
chr7	138885883	139085883	harbor1	chr7	138921888	138922124	LTR/ERVL-MaLR	2280	+	118	138922006	36123
chr7	138885883	139085883	harbor1	chr7	138937983	138938322	LTR/ERVL-MaLR	1907	+	170	138938153	52270
chr7	138885883	139085883	harbor1	chr7	138948097	138948572	LTR/ERVL-MaLR	1601	+	238	138948335	62452
chr7	138885883	139085883	harbor1	chr7	138956397	138956757	LTR/ERVL-MaLR	2314	+	180	138956577	70694
chr7	138885883	139085883	harbor1	chr7	138962383	138962833	LTR/ERVL-MaLR	814	+	225	138962608	76725
chr7	138885883	139085883	harbor1	chr7	138966100	138966323	LTR/ERVL-MaLR	1298	+	112	138966212	80329
chr7	138885883	139085883	harbor1	chr7	138966800	138966975	LTR/ERVL-MaLR	895	+	88	138966888	81005
chr7	561737	761737	harbor1	chr7	586253	586459	LTR/ERVL-MaLR	531	+	103	586356	24619
chr7	561737	761737	harbor1	chr7	619060	619381	LTR/ERVL-MaLR	1052	+	160	619220	57483
chr7	561737	761737	harbor1	chr7	643878	644071	LTR/ERVL-MaLR	665	+	96	643974	82237
chr7	130527703	130727703	harbor1	chr7	130558154	130558545	LTR/ERVL-MaLR	2231	+	196	130558350	30647
chr7	130527703	130727703	harbor1	chr7	130600823	130601060	LTR/ERVL-MaLR	627	+	118	130600941	73238
chr7	130527703	130727703	harbor1	chr7	130601909	130602192	LTR/ERVL-MaLR	608	+	142	130602051	74348
chr7	130527703	130727703	harbor1	chr7	130605295	130605898	LTR/ERVL-MaLR	1771	+	302	130605597	77894
chr7	130527703	130727703	harbor1	chr7	130605907	130606059	LTR/ERVL-MaLR	637	+	76	130605983	78280
chr7	130527703	130727703	harbor1	chr7	130606423	130606669	LTR/ERVL-MaLR	858	+	123	130606546	78843
chr7	130527703	130727703	harbor1	chr7	130609213	130609566	LTR/ERVL-MaLR	2185	+	176	130609389	81686
chr7	130527703	130727703	harbor1	chr7	130620437	130620871	LTR/ERVL-MaLR	1162	+	217	130620654	92951
chr7	130527703	130727703	harbor1	chr7	130620880	130621375	LTR/ERVL-MaLR	1942	+	248	130621128	93425
chr7	50832760	51032760	harbor1	chr7	50844628	50845045	LTR/ERVL-MaLR	2769	+	208	50844836	12076
chr7	50832760	51032760	harbor1	chr7	50859248	50859695	LTR/ERVL-MaLR	1327	+	224	50859472	26712
chr7	50832760	51032760	harbor1	chr7	50859701	50860045	LTR/ERVL-MaLR	1598	+	172	50859873	27113
chr7	50832760	51032760	harbor1	chr7	50866451	50866851	LTR/ERVL-MaLR	2633	+	200	50866651	33891
chr7	114981682	115181682	harbor1	chr7	115052369	115052694	LTR/ERVL-MaLR	1576	+	162	115052531	70849
chr7	114981682	115181682	harbor1	chr7	115053065	115053278	LTR/ERVL-MaLR	1576	+	106	115053171	71489
chr7	114981682	115181682	harbor1	chr7	115061963	115062332	LTR/ERVL-MaLR	485	+	184	115062147	80465
chr7	114981682	115181682	harbor1	chr7	115078818	115079186	LTR/ERVL-MaLR	1770	+	184	115079002	97320
chr7	141415075	141615075	harbor1	chr7	141490215	141490636	LTR/ERVL-MaLR	2331	+	210	141490425	75350
chr7	141415075	141615075	harbor1	chr7	141512948	141513325	LTR/ERVL-MaLR	875	+	188	141513136	98061
chr7	11177442	11377442	harbor1	chr7	11185781	11185942	LTR/ERVL-MaLR	882	+	80	11185861	8419
chr7	11177442	11377442	harbor1	chr7	11186252	11186280	LTR/ERVL-MaLR	882	+	14	11186266	8824
chr7	11177442	11377442	harbor1	chr7	11186281	11186638	LTR/ERVL-MaLR	2092	+	178	11186459	9017
chr7	11177442	11377442	harbor1	chr7	11186639	11186999	LTR/ERVL-MaLR	1301	+	180	11186819	9377
chr7	11177442	11377442	harbor1	chr7	11203583	11204052	LTR/ERVL-MaLR	583	+	234	11203817	26375
chr7	11177442	11377442	harbor1	chr7	11218877	11219753	LTR/ERVL-MaLR	1637	+	438	11219315	41873
chr7	11177442	11377442	harbor1	chr7	11235602	11235984	LTR/ERVL-MaLR	2117	+	191	11235793	58351
chr7	11177442	11377442	harbor1	chr7	11268562	11268914	LTR/ERVL-MaLR	1967	+	176	11268738	91296
chr7	11177442	11377442	harbor1	chr7	11255645	11255968	LTR/ERVL-MaLR	1029	+	162	11255807	78365
chr7	11257789	11457789	harbor1	chr7	11268562	11268914	LTR/ERVL-MaLR	1967	+	176	11268738	10949
chr7	11257789	11457789	harbor1	chr7	11295074	11295402	LTR/ERVL-MaLR	463	+	164	11295238	37449
chr7	11257789	11457789	harbor1	chr7	11297549	11298047	LTR/ERVL-MaLR	2595	+	249	11297798	40009
chr7	11257789	11457789	harbor1	chr7	11298656	11298762	LTR/ERVL-MaLR	2595	+	53	11298709	40920
chr7	11257789	11457789	harbor1	chr7	11326733	11327080	LTR/ERVL-MaLR	2089	+	174	11326907	69118
chr7	11257789	11457789	harbor1	chr7	11335858	11336260	LTR/ERVL-MaLR	524	+	201	11336059	78270
chr7	11257789	11457789	harbor1	chr7	11347084	11347474	LTR/ERVL-MaLR	1433	+	195	11347279	89490
chr7	31049012	31249012	harbor1	chr7	31072681	31073169	LTR/ERVL-MaLR	2385	+	244	31072925	23913
chr7	31049012	31249012	harbor1	chr7	31125993	31126347	LTR/ERVL-MaLR	1636	+	177	31126170	77158
chr7	110399715	110599715	harbor1	chr7	110485752	110486088	LTR/ERVL-MaLR	1637	+	168	110485920	86205
chr7	63875748	64075748	harbor1	chr7	63881797	63882131	LTR/ERVL-MaLR	824	+	167	63881964	6216
chr7	63875748	64075748	harbor1	chr7	63887514	63887769	LTR/ERVL-MaLR	1416	+	128	63887642	11894
chr7	63875748	64075748	harbor1	chr7	63888070	63888112	LTR/ERVL-MaLR	1416	+	21	63888091	12343
chr7	63875748	64075748	harbor1	chr7	63936538	63936658	LTR/ERVL-MaLR	628	+	60	63936598	60850
chr7	45157333	45357333	harbor1	chr7	45193544	45193795	LTR/ERVL-MaLR	1453	+	126	45193670	36337
chr7	13933401	14133401	harbor1	chr7	13944720	13945134	LTR/ERVL-MaLR	1938	+	207	13944927	11526
chr7	79022695	79222695	harbor1	chr7	79039009	79039401	LTR/ERVL-MaLR	1971	+	196	79039205	16510
chr7	79022695	79222695	harbor1	chr7	79040023	79040403	LTR/ERVL-MaLR	2049	+	190	79040213	17518
chr7	79022695	79222695	harbor1	chr7	79040540	79040918	LTR/ERVL-MaLR	2463	+	189	79040729	18034
chr7	79022695	79222695	harbor1	chr7	79046142	79046513	LTR/ERVL-MaLR	1890	+	186	79046328	23633
chr7	79022695	79222695	harbor1	chr7	79097783	79097839	LTR/ERVL-MaLR	712	+	28	79097811	75116
chr7	79022695	79222695	harbor1	chr7	79098131	79098401	LTR/ERVL-MaLR	712	+	135	79098266	75571
chr7	79022695	79222695	harbor1	chr7	79106991	79107605	LTR/ERVL-MaLR	2393	+	307	79107298	84603
chr7	79022695	79222695	harbor1	chr7	79108709	79109120	LTR/ERVL-MaLR	2286	+	206	79108915	86220
chr7	79022695	79222695	harbor1	chr7	79109121	79110733	LTR/ERVL-MaLR	5639	+	806	79109927	87232
chr7	79022695	79222695	harbor1	chr7	79110739	79111084	LTR/ERVL-MaLR	1563	+	172	79110911	88216
chr7	79022695	79222695	harbor1	chr7	79116593	79117005	LTR/ERVL-MaLR	2040	+	206	79116799	94104
chr8	83500485	83700485	harbor1	chr8	83526435	83526602	LTR/ERVL-MaLR	408	+	84	83526519	26034
chr8	83500485	83700485	harbor1	chr8	83554482	83554897	LTR/ERVL-MaLR	2321	+	208	83554690	54205
chr8	137967819	138167819	harbor1	chr8	137995027	137995383	LTR/ERVL-MaLR	2287	+	178	137995205	27386
chr8	137967819	138167819	harbor1	chr8	138003567	138003874	LTR/ERVL-MaLR	1368	+	154	138003721	35902
chr8	137967819	138167819	harbor1	chr8	138006046	138006414	LTR/ERVL-MaLR	2456	+	184	138006230	38411
chr8	137967819	138167819	harbor1	chr8	138006415	138007930	LTR/ERVL-MaLR	9400	+	758	138007173	39354
chr8	137967819	138167819	harbor1	chr8	138007931	138008304	LTR/ERVL-MaLR	2555	+	186	138008117	40298
chr8	137967819	138167819	harbor1	chr8	138016057	138016431	LTR/ERVL-MaLR	2670	+	187	138016244	48425
chr8	137967819	138167819	harbor1	chr8	138016432	138017961	LTR/ERVL-MaLR	10273	+	764	138017196	49377
chr8	137967819	138167819	harbor1	chr8	138017962	138018340	LTR/ERVL-MaLR	2055	+	189	138018151	50332
chr8	137967819	138167819	harbor1	chr8	138020692	138021044	LTR/ERVL-MaLR	2592	+	176	138020868	53049
chr8	137967819	138167819	harbor1	chr8	138021045	138022623	LTR/ERVL-MaLR	11587	+	789	138021834	54015
chr8	137967819	138167819	harbor1	chr8	138022630	138022974	LTR/ERVL-MaLR	2314	+	172	138022802	54983
chr8	137967819	138167819	harbor1	chr8	138030282	138030680	LTR/ERVL-MaLR	2230	+	199	138030481	62662
chr8	137967819	138167819	harbor1	chr8	138056029	138056298	LTR/ERVL-MaLR	436	+	134	138056163	88344
chr8	137967819	138167819	harbor1	chr8	138060167	138060668	LTR/ERVL-MaLR	1720	+	250	138060417	92598
chr8	16027209	16227209	harbor1	chr8	16050702	16051053	LTR/ERVL-MaLR	1538	+	176	16050878	23669
chr8	16027209	16227209	harbor1	chr8	16081989	16082341	LTR/ERVL-MaLR	2020	+	176	16082165	54956
chr8	118770668	118970668	harbor1	chr8	118795220	118795593	LTR/ERVL-MaLR	2658	+	186	118795406	24738
chr8	118770668	118970668	harbor1	chr8	118824255	118824432	LTR/ERVL-MaLR	874	+	88	118824343	53675
chr8	118770668	118970668	harbor1	chr8	118824468	118824502	LTR/ERVL-MaLR	874	+	17	118824485	53817
chr8	118770668	118970668	harbor1	chr8	118824505	118824843	LTR/ERVL-MaLR	1299	+	169	118824674	54006
chr8	118770668	118970668	harbor1	chr8	118825615	118825991	LTR/ERVL-MaLR	2298	+	188	118825803	55135
chr8	118770668	118970668	harbor1	chr8	118839836	118840203	LTR/ERVL-MaLR	1924	+	184	118840020	69352
chr8	118770668	118970668	harbor1	chr8	118840204	118840545	LTR/ERVL-MaLR	2441	+	170	118840374	69706
chr8	118770668	118970668	harbor1	chr8	118840578	118840708	LTR/ERVL-MaLR	412	+	65	118840643	69975
chr8	118770668	118970668	harbor1	chr8	118840771	118840856	LTR/ERVL-MaLR	435	+	42	118840813	70145
chr8	118770668	118970668	harbor1	chr8	118840854	118842137	LTR/ERVL-MaLR	9187	+	642	118841496	70828
chr8	118770668	118970668	harbor1	chr8	118842139	118842502	LTR/ERVL-MaLR	1988	+	182	118842321	71653
chr8	118770668	118970668	harbor1	chr8	118842578	118842955	LTR/ERVL-MaLR	2205	+	188	118842766	72098
chr8	118770668	118970668	harbor1	chr8	118843269	118843304	LTR/ERVL-MaLR	2205	+	18	118843287	72619
chr8	118770668	118970668	harbor1	chr8	118852113	118852274	LTR/ERVL-MaLR	414	+	80	118852193	81525
chr8	118770668	118970668	harbor1	chr8	118852658	118852769	LTR/ERVL-MaLR	395	+	56	118852714	82046
chr8	23198604	23398604	harbor1	chr8	23207563	23207904	LTR/ERVL-MaLR	2107	+	170	23207733	9129
chr8	23198604	23398604	harbor1	chr8	23207928	23208444	LTR/ERVL-MaLR	10272	+	258	23208186	9582
chr8	23198604	23398604	harbor1	chr8	23208756	23209911	LTR/ERVL-MaLR	10272	+	578	23209334	10730
chr8	23198604	23398604	harbor1	chr8	23209912	23210261	LTR/ERVL-MaLR	1922	+	174	23210086	11482
chr8	23198604	23398604	harbor1	chr8	23222667	23223056	LTR/ERVL-MaLR	1158	+	194	23222861	24257
chr8	23198604	23398604	harbor1	chr8	23223365	23223403	LTR/ERVL-MaLR	1158	+	19	23223384	24780
chr8	23198604	23398604	harbor1	chr8	23227910	23228227	LTR/ERVL-MaLR	1322	+	158	23228068	29464
chr8	23198604	23398604	harbor1	chr8	23271798	23271935	LTR/ERVL-MaLR	1038	+	68	23271866	73262
chr8	23198604	23398604	harbor1	chr8	23273172	23273233	LTR/ERVL-MaLR	1038	+	30	23273202	74598
chr8	23198604	23398604	harbor1	chr8	23273844	23274076	LTR/ERVL-MaLR	1114	+	116	23273960	75356
chr8	23198604	23398604	harbor1	chr8	23282523	23282884	LTR/ERVL-MaLR	2838	+	180	23282703	84099
chr8	81524994	81724994	harbor1	chr8	81530598	81530856	LTR/ERVL-MaLR	1006	+	129	81530727	5733
chr8	81524994	81724994	harbor1	chr8	81538325	81538783	LTR/ERVL-MaLR	1379	+	229	81538554	13560
chr8	81524994	81724994	harbor1	chr8	81599761	81600134	LTR/ERVL-MaLR	2488	+	186	81599947	74953
chr8	81524994	81724994	harbor1	chr8	81612215	81612650	LTR/ERVL-MaLR	2693	+	218	81612433	87439
chr8	21177035	21377035	harbor1	chr8	21184963	21185075	LTR/ERVL-MaLR	663	+	56	21185019	7984
chr8	21177035	21377035	harbor1	chr8	21190302	21190487	LTR/ERVL-MaLR	424	+	92	21190394	13359
chr8	21177035	21377035	harbor1	chr8	21190796	21190914	LTR/ERVL-MaLR	424	+	59	21190855	13820
chr8	21177035	21377035	harbor1	chr8	21192236	21192389	LTR/ERVL-MaLR	393	+	76	21192312	15277
chr8	21177035	21377035	harbor1	chr8	21197677	21198066	LTR/ERVL-MaLR	2001	+	194	21197871	20836
chr8	21177035	21377035	harbor1	chr8	21213351	21213817	LTR/ERVL-MaLR	850	+	233	21213584	36549
chr8	21177035	21377035	harbor1	chr8	21216096	21216685	LTR/ERVL-MaLR	788	+	294	21216390	39355
chr8	21177035	21377035	harbor1	chr8	21219024	21219430	LTR/ERVL-MaLR	1151	+	203	21219227	42192
chr8	21177035	21377035	harbor1	chr8	21219431	21219563	LTR/ERVL-MaLR	827	+	66	21219497	42462
chr8	21177035	21377035	harbor1	chr8	21219693	21220313	LTR/ERVL-MaLR	2748	+	310	21220003	42968
chr8	21177035	21377035	harbor1	chr8	21267907	21268395	LTR/ERVL-MaLR	1265	+	244	21268151	91116
chr8	21177035	21377035	harbor1	chr8	21233414	21233797	LTR/ERVL-MaLR	2392	+	192	21233606	56571
chr8	128040241	128240241	harbor1	chr8	128066237	128066528	LTR/ERVL-MaLR	582	+	146	128066383	26142
chr8	128040241	128240241	harbor1	chr8	128082758	128083003	LTR/ERVL-MaLR	686	+	122	128082880	42639
chr8	128040241	128240241	harbor1	chr8	128084987	128085089	LTR/ERVL-MaLR	391	+	51	128085038	44797
chr8	128040241	128240241	harbor1	chr8	128085091	128085443	LTR/ERVL-MaLR	573	+	176	128085267	45026
chr8	128040241	128240241	harbor1	chr8	128102860	128103300	LTR/ERVL-MaLR	1925	+	220	128103080	62839
chr8	128040241	128240241	harbor1	chr8	128109990	128110289	LTR/ERVL-MaLR	572	+	150	128110140	69899
chr8	128040241	128240241	harbor1	chr8	128115907	128115958	LTR/ERVL-MaLR	446	+	26	128115933	75692
chr8	128040241	128240241	harbor1	chr8	128116219	128116371	LTR/ERVL-MaLR	559	+	76	128116295	76054
chr8	128040241	128240241	harbor1	chr8	128116667	128116892	LTR/ERVL-MaLR	559	+	112	128116779	76538
chr8	128040241	128240241	harbor1	chr8	128120229	128120649	LTR/ERVL-MaLR	1040	+	210	128120439	80198
chr8	128040241	128240241	harbor1	chr8	128126629	128126938	LTR/ERVL-MaLR	505	+	154	128126783	86542
chr8	128040241	128240241	harbor1	chr8	128131687	128131933	LTR/ERVL-MaLR	565	+	123	128131810	91569
chr8	128040241	128240241	harbor1	chr8	128132001	128132445	LTR/ERVL-MaLR	1630	+	222	128132223	91982
chr8	58390169	58590169	harbor1	chr8	58391580	58392008	LTR/ERVL-MaLR	1047	+	214	58391794	1625
chr8	58390169	58590169	harbor1	chr8	58396225	58396571	LTR/ERVL-MaLR	607	+	173	58396398	6229
chr8	58390169	58590169	harbor1	chr8	58398068	58398322	LTR/ERVL-MaLR	517	+	127	58398195	8026
chr8	58390169	58590169	harbor1	chr8	58405185	58405594	LTR/ERVL-MaLR	2202	+	204	58405389	15220
chr8	58390169	58590169	harbor1	chr8	58436535	58436945	LTR/ERVL-MaLR	2339	+	205	58436740	46571
chr8	58390169	58590169	harbor1	chr8	58436946	58437318	LTR/ERVL-MaLR	7789	+	186	58437132	46963
chr8	58390169	58590169	harbor1	chr8	58437623	58438825	LTR/ERVL-MaLR	7789	+	601	58438224	48055
chr8	58390169	58590169	harbor1	chr8	58438826	58439235	LTR/ERVL-MaLR	2321	+	204	58439030	48861
chr8	58390169	58590169	harbor1	chr8	58468640	58468984	LTR/ERVL-MaLR	1967	+	172	58468812	78643
chr8	58390169	58590169	harbor1	chr8	58468985	58470518	LTR/ERVL-MaLR	10127	+	766	58469751	79582
chr8	58390169	58590169	harbor1	chr8	58470519	58470879	LTR/ERVL-MaLR	2284	+	180	58470699	80530
chr8	58390169	58590169	harbor1	chr8	58474172	58474430	LTR/ERVL-MaLR	561	+	129	58474301	84132
chr8	58390169	58590169	harbor1	chr8	58478737	58478866	LTR/ERVL-MaLR	401	+	64	58478801	88632
chr8	58390169	58590169	harbor1	chr8	58478878	58479081	LTR/ERVL-MaLR	535	+	102	58478980	88811
chr8	58390169	58590169	harbor1	chr8	58483068	58483391	LTR/ERVL-MaLR	1299	+	162	58483230	93061
chr8	114341972	114541972	harbor1	chr8	114374582	114374937	LTR/ERVL-MaLR	1159	+	178	114374760	32788
chr8	114341972	114541972	harbor1	chr8	114383558	114383975	LTR/ERVL-MaLR	2232	+	208	114383766	41794
chr8	114341972	114541972	harbor1	chr8	114402721	114402904	LTR/ERVL-MaLR	1882	+	92	114402813	60841
chr8	114341972	114541972	harbor1	chr8	114402945	114403170	LTR/ERVL-MaLR	1882	+	112	114403057	61085
chr8	114341972	114541972	harbor1	chr8	114439787	114440137	LTR/ERVL-MaLR	2431	+	175	114439962	97990
chr8	54940266	55140266	harbor1	chr8	54958909	54959293	LTR/ERVL-MaLR	2757	+	192	54959101	18835
chr8	54940266	55140266	harbor1	chr8	54964239	54964597	LTR/ERVL-MaLR	1252	+	179	54964418	24152
chr8	54940266	55140266	harbor1	chr8	55011664	55011814	LTR/ERVL-MaLR	1195	+	75	55011739	71473
chr8	54940266	55140266	harbor1	chr8	55011862	55012075	LTR/ERVL-MaLR	1195	+	106	55011968	71702
chr8	54940266	55140266	harbor1	chr8	55027759	55028156	LTR/ERVL-MaLR	2134	+	198	55027957	87691
chr8	142056466	142256466	harbor1	chr8	142061107	142061398	LTR/ERVL-MaLR	1217	+	146	142061253	4787
chr8	142056466	142256466	harbor1	chr8	142124574	142125002	LTR/ERVL-MaLR	852	+	214	142124788	68322
chr8	142056466	142256466	harbor1	chr8	142065338	142065769	LTR/ERVL-MaLR	1326	+	216	142065554	9088
chr8	81327795	81527795	harbor1	chr8	81356739	81357210	LTR/ERVL-MaLR	616	+	236	81356975	29180
chr8	98789680	98989680	harbor1	chr8	98798818	98799122	LTR/ERVL-MaLR	1680	+	152	98798970	9290
chr8	98789680	98989680	harbor1	chr8	98810705	98811121	LTR/ERVL-MaLR	2602	+	208	98810913	21233
chr8	98789680	98989680	harbor1	chr8	98863743	98863914	LTR/ERVL-MaLR	637	+	86	98863829	74149
chr8	98789680	98989680	harbor1	chr8	98864225	98864493	LTR/ERVL-MaLR	637	+	134	98864359	74679
chr8	98789680	98989680	harbor1	chr8	98869450	98869703	LTR/ERVL-MaLR	485	+	126	98869576	79896
chr8	98789680	98989680	harbor1	chr8	98874385	98874502	LTR/ERVL-MaLR	658	+	58	98874443	84763
chr8	98789680	98989680	harbor1	chr8	98884565	98884670	LTR/ERVL-MaLR	473	+	52	98884617	94937
chr8	103204177	103404177	harbor1	chr8	103206120	103206275	LTR/ERVL-MaLR	595	+	78	103206198	2021
chr8	103204177	103404177	harbor1	chr8	103231297	103231747	LTR/ERVL-MaLR	1049	+	225	103231522	27345
chr8	103204177	103404177	harbor1	chr8	103234749	103235133	LTR/ERVL-MaLR	2169	+	192	103234941	30764
chr8	103204177	103404177	harbor1	chr8	103247590	103247959	LTR/ERVL-MaLR	1849	+	184	103247774	43597
chr8	103204177	103404177	harbor1	chr8	103270200	103270571	LTR/ERVL-MaLR	1822	+	186	103270386	66209
chr8	103204177	103404177	harbor1	chr8	103270572	103272190	LTR/ERVL-MaLR	10687	+	809	103271381	67204
chr8	103204177	103404177	harbor1	chr8	103272192	103272573	LTR/ERVL-MaLR	2140	+	190	103272382	68205
chr8	103204177	103404177	harbor1	chr8	103281522	103281978	LTR/ERVL-MaLR	1786	+	228	103281750	77573
chr8	100269421	100469421	harbor1	chr8	100297403	100297777	LTR/ERVL-MaLR	753	+	187	100297590	28169
chr8	100269421	100469421	harbor1	chr8	100330293	100330708	LTR/ERVL-MaLR	597	+	208	100330501	61080
chr8	100269421	100469421	harbor1	chr8	100332176	100332551	LTR/ERVL-MaLR	2343	+	188	100332364	62943
chr8	100269421	100469421	harbor1	chr8	100333102	100333359	LTR/ERVL-MaLR	1158	+	128	100333230	63809
chr8	100269421	100469421	harbor1	chr8	100335743	100336075	LTR/ERVL-MaLR	646	+	166	100335909	66488
chr8	100269421	100469421	harbor1	chr8	100364997	100365530	LTR/ERVL-MaLR	2368	+	266	100365263	95842
chr8	62940653	63140653	harbor1	chr8	62947488	62948025	LTR/ERVL-MaLR	1447	+	268	62947756	7103
chr8	50117492	50317492	harbor1	chr8	50124015	50124390	LTR/ERVL-MaLR	2087	+	188	50124203	6711
chr8	50117492	50317492	harbor1	chr8	50185089	50185446	LTR/ERVL-MaLR	1762	+	178	50185267	67775
chr8	73742143	73942143	harbor1	chr8	73767323	73767595	LTR/ERVL-MaLR	454	+	136	73767459	25316
chr8	73742143	73942143	harbor1	chr8	73773838	73774310	LTR/ERVL-MaLR	860	+	236	73774074	31931
chr8	73742143	73942143	harbor1	chr8	73795177	73795570	LTR/ERVL-MaLR	1915	+	196	73795373	53230
chr8	73742143	73942143	harbor1	chr8	73818592	73818991	LTR/ERVL-MaLR	2253	+	200	73818792	76649
chr8	73742143	73942143	harbor1	chr8	73835295	73835460	LTR/ERVL-MaLR	1705	+	82	73835377	93234
chr8	73742143	73942143	harbor1	chr8	73835767	73836102	LTR/ERVL-MaLR	1705	+	168	73835935	93792
chr8	37467762	37667762	harbor1	chr8	37482944	37483334	LTR/ERVL-MaLR	1696	+	195	37483139	15377
chr8	37467762	37667762	harbor1	chr8	37488115	37488452	LTR/ERVL-MaLR	1877	+	168	37488283	20521
chr8	37467762	37667762	harbor1	chr8	37498444	37498802	LTR/ERVL-MaLR	2331	+	179	37498623	30861
chr8	37467762	37667762	harbor1	chr8	37499371	37499727	LTR/ERVL-MaLR	2374	+	178	37499549	31787
chr8	11579269	11779269	harbor1	chr8	11598106	11598266	LTR/ERVL-MaLR	2009	+	80	11598186	18917
chr8	11579269	11779269	harbor1	chr8	11598571	11598592	LTR/ERVL-MaLR	2009	+	10	11598581	19312
chr8	11579269	11779269	harbor1	chr8	11598871	11599088	LTR/ERVL-MaLR	2009	+	108	11598979	19710
chr8	87337302	87537302	harbor1	chr8	87341507	87341909	LTR/ERVL-MaLR	1615	+	201	87341708	4406
chr8	87337302	87537302	harbor1	chr8	87355787	87356195	LTR/ERVL-MaLR	2102	+	204	87355991	18689
chr8	87337302	87537302	harbor1	chr8	87356199	87357793	LTR/ERVL-MaLR	8447	+	797	87356996	19694
chr8	87337302	87537302	harbor1	chr8	87357794	87358212	LTR/ERVL-MaLR	2284	+	209	87358003	20701
chr8	87337302	87537302	harbor1	chr8	87395715	87396094	LTR/ERVL-MaLR	2523	+	190	87395905	58603
chr8	87337302	87537302	harbor1	chr8	87397721	87398079	LTR/ERVL-MaLR	2054	+	179	87397900	60598
chr8	87337302	87537302	harbor1	chr8	87430945	87431294	LTR/ERVL-MaLR	2114	+	174	87431119	93817
chr8	48423010	48623010	harbor1	chr8	48492577	48492778	LTR/ERVL-MaLR	1742	+	100	48492677	69667
chr8	48423010	48623010	harbor1	chr8	48493075	48493382	LTR/ERVL-MaLR	1742	+	154	48493229	70219
chr8	48423010	48623010	harbor1	chr8	48512084	48512455	LTR/ERVL-MaLR	1445	+	186	48512270	89260
chr8	141309044	141509044	harbor1	chr8	141326817	141327177	LTR/ERVL-MaLR	1213	+	180	141326997	17953
chr8	141309044	141509044	harbor1	chr8	141349118	141349528	LTR/ERVL-MaLR	1083	+	205	141349323	40279
chr8	141309044	141509044	harbor1	chr8	141387747	141388125	LTR/ERVL-MaLR	605	+	189	141387936	78892
chr8	10170685	10370685	harbor1	chr8	10170785	10170851	LTR/ERVL-MaLR	2073	+	33	10170818	133
chr8	10170685	10370685	harbor1	chr8	10192338	10192465	LTR/ERVL-MaLR	571	+	64	10192402	21717
chr8	106900940	107100940	harbor1	chr8	106902426	106902794	LTR/ERVL-MaLR	2048	+	184	106902610	1670
chr8	106900940	107100940	harbor1	chr8	106938218	106938350	LTR/ERVL-MaLR	422	+	66	106938284	37344
chr8	106900940	107100940	harbor1	chr8	106945450	106945900	LTR/ERVL-MaLR	1330	+	225	106945675	44735
chr8	106900940	107100940	harbor1	chr8	106969803	106970332	LTR/ERVL-MaLR	1518	+	264	106970067	69127
chr8	106900940	107100940	harbor1	chr8	106990514	106990862	LTR/ERVL-MaLR	1538	+	174	106990688	89748
chr8	106900940	107100940	harbor1	chr8	106954332	106954761	LTR/ERVL-MaLR	1186	+	214	106954546	53606
chr8	35542346	35742346	harbor1	chr8	35607499	35607837	LTR/ERVL-MaLR	1292	+	169	35607668	65322
chr8	55565230	55765230	harbor1	chr8	55579382	55579552	LTR/ERVL-MaLR	461	+	85	55579467	14237
chr8	55565230	55765230	harbor1	chr8	55590322	55590668	LTR/ERVL-MaLR	1755	+	173	55590495	25265
chr8	55565230	55765230	harbor1	chr8	55635818	55636160	LTR/ERVL-MaLR	1402	+	171	55635989	70759
chr8	11392644	11592644	harbor1	chr8	11408111	11408450	LTR/ERVL-MaLR	1789	+	170	11408281	15637
chr8	11392644	11592644	harbor1	chr8	11414620	11414770	LTR/ERVL-MaLR	556	+	75	11414695	22051
chr8	68603363	68803363	harbor1	chr8	68631599	68631963	LTR/ERVL-MaLR	2007	+	182	68631781	28418
chr8	68603363	68803363	harbor1	chr8	68654116	68654350	LTR/ERVL-MaLR	1192	+	117	68654233	50870
chr8	68603363	68803363	harbor1	chr8	68657234	68657586	LTR/ERVL-MaLR	1940	+	176	68657410	54047
chr8	68603363	68803363	harbor1	chr8	68662375	68662716	LTR/ERVL-MaLR	2003	+	170	68662545	59182
chr8	68603363	68803363	harbor1	chr8	68668662	68669120	LTR/ERVL-MaLR	1986	+	229	68668891	65528
chr8	68603363	68803363	harbor1	chr8	68631965	68632967	LTR/ERVL-MaLR	6876	+	501	68632466	29103
chr8	113848735	114048735	harbor1	chr8	113892137	113892491	LTR/ERVL-MaLR	1693	+	177	113892314	43579
chr8	113848735	114048735	harbor1	chr8	113923506	113923863	LTR/ERVL-MaLR	1617	+	178	113923684	74949
chr8	123967728	124167728	harbor1	chr8	124019973	124020334	LTR/ERVL-MaLR	2345	+	180	124020153	52425
chr8	123967728	124167728	harbor1	chr8	124051174	124051310	LTR/ERVL-MaLR	704	+	68	124051242	83514
chr8	104945182	105145182	harbor1	chr8	104969062	104969371	LTR/ERVL-MaLR	1542	+	154	104969216	24034
chr8	104945182	105145182	harbor1	chr8	105021398	105021798	LTR/ERVL-MaLR	1761	+	200	105021598	76416
chr8	134315803	134515803	harbor1	chr8	134327105	134327504	LTR/ERVL-MaLR	1119	+	200	134327305	11502
chr8	134315803	134515803	harbor1	chr8	134329359	134329851	LTR/ERVL-MaLR	1939	+	246	134329605	13802
chr8	134315803	134515803	harbor1	chr8	134333339	134333682	LTR/ERVL-MaLR	2635	+	172	134333511	17708
chr8	134315803	134515803	harbor1	chr8	134334129	134334484	LTR/ERVL-MaLR	727	+	178	134334307	18504
chr8	134315803	134515803	harbor1	chr8	134354956	134355371	LTR/ERVL-MaLR	485	+	208	134355164	39361
chr8	134315803	134515803	harbor1	chr8	134360078	134360564	LTR/ERVL-MaLR	1965	+	243	134360321	44518
chr8	134315803	134515803	harbor1	chr8	134365522	134365834	LTR/ERVL-MaLR	433	+	156	134365678	49875
chr8	134315803	134515803	harbor1	chr8	134371511	134371863	LTR/ERVL-MaLR	1424	+	176	134371687	55884
chr8	134315803	134515803	harbor1	chr8	134374445	134374803	LTR/ERVL-MaLR	2028	+	179	134374624	58821
chr8	134315803	134515803	harbor1	chr8	134387237	134387603	LTR/ERVL-MaLR	2460	+	183	134387420	71617
chr8	134315803	134515803	harbor1	chr8	134400039	134400402	LTR/ERVL-MaLR	2236	+	182	134400221	84418
chr8	134315803	134515803	harbor1	chr8	134403006	134403143	LTR/ERVL-MaLR	454	+	68	134403074	87271
chr8	134315803	134515803	harbor1	chr8	134405123	134405502	LTR/ERVL-MaLR	842	+	190	134405313	89510
chr8	95963894	96163894	harbor1	chr8	95974812	95975307	LTR/ERVL-MaLR	1811	+	248	95975060	11166
chr8	95963894	96163894	harbor1	chr8	95996487	95996964	LTR/ERVL-MaLR	1538	+	238	95996725	32831
chr8	95963894	96163894	harbor1	chr8	96015723	96015819	LTR/ERVL-MaLR	494	+	48	96015771	51877
chr8	95963894	96163894	harbor1	chr8	96021739	96022267	LTR/ERVL-MaLR	1082	+	264	96022003	58109
chr8	95963894	96163894	harbor1	chr8	96023731	96024175	LTR/ERVL-MaLR	754	+	222	96023953	60059
chr8	95963894	96163894	harbor1	chr8	96028779	96029186	LTR/ERVL-MaLR	898	+	204	96028983	65089
chr8	95963894	96163894	harbor1	chr8	96039298	96039796	LTR/ERVL-MaLR	1734	+	249	96039547	75653
chr8	95963894	96163894	harbor1	chr8	96062887	96063253	LTR/ERVL-MaLR	917	+	183	96063070	99176
chr8	58927460	59127460	harbor1	chr8	58942808	58943088	LTR/ERVL-MaLR	1443	+	140	58942948	15488
chr8	48025655	48225655	harbor1	chr8	48119057	48119279	LTR/ERVL-MaLR	1244	+	111	48119168	93513
chr8	11806412	12006412	harbor1	chr8	11888868	11888964	LTR/ERVL-MaLR	1489	+	48	11888916	82504
chr8	11806412	12006412	harbor1	chr8	11889261	11889563	LTR/ERVL-MaLR	1489	+	151	11889412	83000
chr8	11806412	12006412	harbor1	chr8	11890282	11890637	LTR/ERVL-MaLR	2158	+	178	11890460	84048
chr8	11806412	12006412	harbor1	chr8	11890765	11891241	LTR/ERVL-MaLR	1492	+	238	11891003	84591
chr8	11806412	12006412	harbor1	chr8	11891573	11891637	LTR/ERVL-MaLR	1492	+	32	11891605	85193
chr8	15069056	15269056	harbor1	chr8	15080438	15080589	LTR/ERVL-MaLR	1628	+	76	15080514	11458
chr8	15069056	15269056	harbor1	chr8	15080891	15081137	LTR/ERVL-MaLR	1628	+	123	15081014	11958
chr8	15069056	15269056	harbor1	chr8	15094646	15094986	LTR/ERVL-MaLR	1625	+	170	15094816	25760
chr8	15069056	15269056	harbor1	chr8	15107269	15107728	LTR/ERVL-MaLR	1575	+	230	15107499	38443
chr8	15069056	15269056	harbor1	chr8	15112576	15112931	LTR/ERVL-MaLR	1220	+	178	15112754	43698
chr8	15069056	15269056	harbor1	chr8	15131149	15131506	LTR/ERVL-MaLR	1965	+	178	15131327	62271
chr8	15069056	15269056	harbor1	chr8	15136482	15136840	LTR/ERVL-MaLR	1825	+	179	15136661	67605
chr8	15069056	15269056	harbor1	chr8	15136841	15138438	LTR/ERVL-MaLR	10060	+	798	15137639	68583
chr8	15069056	15269056	harbor1	chr8	15138439	15138798	LTR/ERVL-MaLR	1937	+	180	15138619	69563
chr8	15069056	15269056	harbor1	chr8	15150861	15151400	LTR/ERVL-MaLR	902	+	270	15151131	82075
chr8	15069056	15269056	harbor1	chr8	15153469	15153854	LTR/ERVL-MaLR	1688	+	192	15153661	84605
chr8	15069056	15269056	harbor1	chr8	15154157	15154214	LTR/ERVL-MaLR	1688	+	28	15154185	85129
chr8	76016316	76216316	harbor1	chr8	76051101	76051577	LTR/ERVL-MaLR	885	+	238	76051339	35023
chr8	76016316	76216316	harbor1	chr8	76051580	76052181	LTR/ERVL-MaLR	763	+	300	76051880	35564
chr8	76016316	76216316	harbor1	chr8	76052180	76052784	LTR/ERVL-MaLR	1231	+	302	76052482	36166
chr8	76016316	76216316	harbor1	chr8	76052788	76053053	LTR/ERVL-MaLR	801	+	132	76052920	36604
chr8	76016316	76216316	harbor1	chr8	76053684	76054327	LTR/ERVL-MaLR	2143	+	322	76054006	37690
chr8	76016316	76216316	harbor1	chr8	76057689	76058102	LTR/ERVL-MaLR	2099	+	206	76057895	41579
chr8	76016316	76216316	harbor1	chr8	76058112	76059475	LTR/ERVL-MaLR	5844	+	682	76058794	42478
chr8	76016316	76216316	harbor1	chr8	76060828	76061000	LTR/ERVL-MaLR	1341	+	86	76060914	44598
chr8	76016316	76216316	harbor1	chr8	76061001	76061364	LTR/ERVL-MaLR	2085	+	182	76061183	44867
chr8	76016316	76216316	harbor1	chr8	76061365	76061446	LTR/ERVL-MaLR	1341	+	40	76061405	45089
chr8	76016316	76216316	harbor1	chr8	76061447	76061849	LTR/ERVL-MaLR	2101	+	201	76061648	45332
chr8	76016316	76216316	harbor1	chr8	76075064	76075528	LTR/ERVL-MaLR	1736	+	232	76075296	58980
chr8	76016316	76216316	harbor1	chr8	76094286	76094707	LTR/ERVL-MaLR	2279	+	210	76094496	78180
chr8	70895821	71095821	harbor1	chr8	70994017	70994167	LTR/ERVL-MaLR	761	+	75	70994092	98271
chr8	3765528	3965528	harbor1	chr8	3789027	3789333	LTR/ERVL-MaLR	1217	+	153	3789180	23652
chr8	3765528	3965528	harbor1	chr8	3800545	3800981	LTR/ERVL-MaLR	1852	+	218	3800763	35235
chr8	3765528	3965528	harbor1	chr8	3847076	3847704	LTR/ERVL-MaLR	1311	+	314	3847390	81862
chr8	3765528	3965528	harbor1	chr8	3856062	3856446	LTR/ERVL-MaLR	2184	+	192	3856254	90726
chr8	3765528	3965528	harbor1	chr8	3856680	3856953	LTR/ERVL-MaLR	564	+	136	3856816	91288
chr8	117704130	117904130	harbor1	chr8	117706655	117706993	LTR/ERVL-MaLR	667	+	169	117706824	2694
chr8	117704130	117904130	harbor1	chr8	117712328	117712893	LTR/ERVL-MaLR	729	+	282	117712610	8480
chr8	117704130	117904130	harbor1	chr8	117763163	117763474	LTR/ERVL-MaLR	1477	+	156	117763319	59189
chr8	117704130	117904130	harbor1	chr8	117764355	117764720	LTR/ERVL-MaLR	2875	+	182	117764537	60407
chr8	117704130	117904130	harbor1	chr8	117767528	117767912	LTR/ERVL-MaLR	2093	+	192	117767720	63590
chr8	117704130	117904130	harbor1	chr8	117769481	117769863	LTR/ERVL-MaLR	2122	+	191	117769672	65542
chr8	117704130	117904130	harbor1	chr8	117782400	117782760	LTR/ERVL-MaLR	1773	+	180	117782580	78450
chr8	117704130	117904130	harbor1	chr8	117734942	117735441	LTR/ERVL-MaLR	622	+	250	117735192	31062
chr8	117704130	117904130	harbor1	chr8	117767913	117769447	LTR/ERVL-MaLR	9283	+	767	117768680	64550
chr8	3381091	3581091	harbor1	chr8	3405480	3405948	LTR/ERVL-MaLR	2048	+	234	3405714	24623
chr8	3381091	3581091	harbor1	chr8	3410361	3410709	LTR/ERVL-MaLR	2259	+	174	3410535	29444
chr8	3381091	3581091	harbor1	chr8	3440876	3441329	LTR/ERVL-MaLR	649	+	226	3441102	60011
chr8	3381091	3581091	harbor1	chr8	3462811	3463165	LTR/ERVL-MaLR	1484	+	177	3462988	81897
chr8	90770215	90970215	harbor1	chr8	90782980	90783281	LTR/ERVL-MaLR	1129	+	150	90783130	12915
chr8	90770215	90970215	harbor1	chr8	90834302	90834658	LTR/ERVL-MaLR	1669	+	178	90834480	64265
chr8	90770215	90970215	harbor1	chr8	90867891	90868277	LTR/ERVL-MaLR	2174	+	193	90868084	97869
chr8	90770215	90970215	harbor1	chr8	90868279	90869884	LTR/ERVL-MaLR	10671	+	802	90869081	98866
chr8	90770215	90970215	harbor1	chr8	90869885	90870273	LTR/ERVL-MaLR	2060	+	194	90870079	99864
chr8	32405275	32605275	harbor1	chr8	32420763	32421139	LTR/ERVL-MaLR	2398	+	188	32420951	15676
chr8	32405275	32605275	harbor1	chr8	32495129	32495459	LTR/ERVL-MaLR	2377	+	165	32495294	90019
chr8	58521591	58721591	harbor1	chr8	58524167	58524592	LTR/ERVL-MaLR	2434	+	212	58524379	2788
chr8	58521591	58721591	harbor1	chr8	58524663	58525107	LTR/ERVL-MaLR	1540	+	222	58524885	3294
chr8	58521591	58721591	harbor1	chr8	58538884	58539373	LTR/ERVL-MaLR	2357	+	244	58539128	17537
chr8	58521591	58721591	harbor1	chr8	58551085	58551444	LTR/ERVL-MaLR	1481	+	180	58551265	29674
chr8	51485876	51685876	harbor1	chr8	51528483	51529030	LTR/ERVL-MaLR	1793	+	274	51528757	42881
chr8	51485876	51685876	harbor1	chr8	51542344	51542503	LTR/ERVL-MaLR	876	+	80	51542424	56548
chr8	51485876	51685876	harbor1	chr8	51573751	51574075	LTR/ERVL-MaLR	1159	+	162	51573913	88037
chr8	51485876	51685876	harbor1	chr8	51582074	51582199	LTR/ERVL-MaLR	540	+	62	51582136	96260
chr8	51485876	51685876	harbor1	chr8	51582231	51582386	LTR/ERVL-MaLR	592	+	78	51582309	96433
chr8	90115395	90315395	harbor1	chr8	90132205	90132422	LTR/ERVL-MaLR	573	+	108	90132313	16918
chr8	90115395	90315395	harbor1	chr8	90142237	90142447	LTR/ERVL-MaLR	485	+	105	90142342	26947
chr8	90115395	90315395	harbor1	chr8	90166132	90166778	LTR/ERVL-MaLR	2152	+	323	90166455	51060
chr8	48267773	48467773	harbor1	chr8	48301113	48301471	LTR/ERVL-MaLR	1564	+	179	48301292	33519
chr8	48267773	48467773	harbor1	chr8	48303720	48304148	LTR/ERVL-MaLR	2678	+	214	48303934	36161
chr8	48267773	48467773	harbor1	chr8	48341979	48342333	LTR/ERVL-MaLR	1808	+	177	48342156	74383
chr8	48267773	48467773	harbor1	chr8	48345971	48346175	LTR/ERVL-MaLR	1103	+	102	48346073	78300
chr8	48267773	48467773	harbor1	chr8	48346176	48346405	LTR/ERVL-MaLR	1473	+	114	48346290	78517
chr8	48267773	48467773	harbor1	chr8	48346393	48346909	LTR/ERVL-MaLR	3686	+	258	48346651	78878
chr8	48267773	48467773	harbor1	chr8	48346910	48347272	LTR/ERVL-MaLR	2741	+	181	48347091	79318
chr8	134597448	134797448	harbor1	chr8	134617832	134618192	LTR/ERVL-MaLR	2854	+	180	134618012	20564
chr8	134597448	134797448	harbor1	chr8	134629359	134629478	LTR/ERVL-MaLR	584	+	60	134629419	31971
chr8	134597448	134797448	harbor1	chr8	134629479	134629848	LTR/ERVL-MaLR	1924	+	184	134629663	32215
chr8	134597448	134797448	harbor1	chr8	134629849	134629990	LTR/ERVL-MaLR	584	+	70	134629919	32471
chr8	134597448	134797448	harbor1	chr8	134649795	134650111	LTR/ERVL-MaLR	2298	+	158	134649953	52505
chr8	134597448	134797448	harbor1	chr8	134650426	134650497	LTR/ERVL-MaLR	2298	+	36	134650462	53014
chr8	131114305	131314305	harbor1	chr8	131140925	131141114	LTR/ERVL-MaLR	523	+	94	131141019	26714
chr8	131114305	131314305	harbor1	chr8	131150409	131150799	LTR/ERVL-MaLR	1008	+	195	131150604	36299
chr8	131114305	131314305	harbor1	chr8	131156542	131156913	LTR/ERVL-MaLR	2374	+	186	131156728	42423
chr8	131114305	131314305	harbor1	chr8	131167614	131168049	LTR/ERVL-MaLR	2009	+	218	131167832	53527
chr8	131114305	131314305	harbor1	chr8	131185062	131185470	LTR/ERVL-MaLR	1965	+	204	131185266	70961
chr8	131114305	131314305	harbor1	chr8	131191492	131191665	LTR/ERVL-MaLR	568	+	86	131191578	77273
chr8	131114305	131314305	harbor1	chr8	131192404	131192546	LTR/ERVL-MaLR	841	+	71	131192475	78170
chr8	131114305	131314305	harbor1	chr8	131200472	131200871	LTR/ERVL-MaLR	2141	+	200	131200672	86367
chr8	131114305	131314305	harbor1	chr8	131200872	131201914	LTR/ERVL-MaLR	5522	+	521	131201393	87088
chr8	131114305	131314305	harbor1	chr8	131201927	131202188	LTR/ERVL-MaLR	1483	+	130	131202057	87752
chr8	131114305	131314305	harbor1	chr8	131185473	131186923	LTR/ERVL-MaLR	7225	+	725	131186198	71893
chr8	7323207	7523207	harbor1	chr8	7368582	7368923	LTR/ERVL-MaLR	1486	+	170	7368752	45545
chr8	7323207	7523207	harbor1	chr8	7369258	7369549	LTR/ERVL-MaLR	1759	+	146	7369404	46197
chr8	7323207	7523207	harbor1	chr8	7383578	7383912	LTR/ERVL-MaLR	1513	+	167	7383745	60538
chr8	7323207	7523207	harbor1	chr8	7385871	7386225	LTR/ERVL-MaLR	1848	+	177	7386048	62841
chr8	7323207	7523207	harbor1	chr8	7399660	7400082	LTR/ERVL-MaLR	1390	+	211	7399871	76664
chr8	7323207	7523207	harbor1	chr8	7401408	7401819	LTR/ERVL-MaLR	1889	+	206	7401614	78407
chr8	7323207	7523207	harbor1	chr8	7401820	7402289	LTR/ERVL-MaLR	2307	+	234	7402054	78847
chr8	7323207	7523207	harbor1	chr8	7408177	7409327	LTR/ERVL-MaLR	5812	+	575	7408752	85545
chr8	7323207	7523207	harbor1	chr8	7409328	7409738	LTR/ERVL-MaLR	1670	+	205	7409533	86326
chr8	136524334	136724334	harbor1	chr8	136544435	136544849	LTR/ERVL-MaLR	468	+	207	136544642	20308
chr8	136524334	136724334	harbor1	chr8	136559238	136559615	LTR/ERVL-MaLR	628	+	188	136559426	35092
chr8	136524334	136724334	harbor1	chr8	136570435	136570526	LTR/ERVL-MaLR	752	+	46	136570481	46147
chr8	136524334	136724334	harbor1	chr8	136570521	136570608	LTR/ERVL-MaLR	598	+	44	136570565	46231
chr8	136524334	136724334	harbor1	chr8	136570609	136572135	LTR/ERVL-MaLR	9475	+	763	136571372	47038
chr8	136524334	136724334	harbor1	chr8	136572136	136572508	LTR/ERVL-MaLR	2235	+	186	136572322	47988
chr8	136524334	136724334	harbor1	chr8	136590695	136591064	LTR/ERVL-MaLR	1748	+	184	136590879	66545
chr8	136524334	136724334	harbor1	chr8	136598779	136599167	LTR/ERVL-MaLR	2031	+	194	136598973	74639
chr8	136524334	136724334	harbor1	chr8	136599168	136600735	LTR/ERVL-MaLR	11328	+	784	136599952	75618
chr8	136524334	136724334	harbor1	chr8	136600736	136601105	LTR/ERVL-MaLR	1919	+	184	136600920	76586
chr8	136524334	136724334	harbor1	chr8	136622634	136622989	LTR/ERVL-MaLR	1574	+	178	136622812	98478
chr8	87036681	87236681	harbor1	chr8	87056894	87057136	LTR/ERVL-MaLR	471	+	121	87057015	20334
chr8	87036681	87236681	harbor1	chr8	87059794	87059876	LTR/ERVL-MaLR	471	+	41	87059835	23154
chr8	87036681	87236681	harbor1	chr8	87060082	87060331	LTR/ERVL-MaLR	1224	+	124	87060206	23525
chr8	1780587	1980587	harbor1	chr8	1803185	1803328	LTR/ERVL-MaLR	1919	+	72	1803257	22670
chr8	1780587	1980587	harbor1	chr8	1803624	1803846	LTR/ERVL-MaLR	1919	+	111	1803735	23148
chr8	1780587	1980587	harbor1	chr8	1806239	1806611	LTR/ERVL-MaLR	477	+	186	1806425	25838
chr8	1780587	1980587	harbor1	chr8	1820791	1820961	LTR/ERVL-MaLR	764	+	85	1820876	40289
chr8	1780587	1980587	harbor1	chr8	1821163	1821365	LTR/ERVL-MaLR	1016	+	101	1821264	40677
chr8	1780587	1980587	harbor1	chr8	1836713	1837066	LTR/ERVL-MaLR	2884	+	176	1836889	56302
chr8	12301956	12501956	harbor1	chr8	12304418	12304750	LTR/ERVL-MaLR	1667	+	166	12304584	2628
chr8	12301956	12501956	harbor1	chr8	12339951	12340463	LTR/ERVL-MaLR	1706	+	256	12340207	38251
chr8	131790789	131990789	harbor1	chr8	131792342	131792823	LTR/ERVL-MaLR	1971	+	240	131792582	1793
chr8	131790789	131990789	harbor1	chr8	131795052	131795571	LTR/ERVL-MaLR	2080	+	260	131795312	4523
chr8	131790789	131990789	harbor1	chr8	131797327	131797852	LTR/ERVL-MaLR	1197	+	262	131797589	6800
chr8	131790789	131990789	harbor1	chr8	131811116	131811506	LTR/ERVL-MaLR	1916	+	195	131811311	20522
chr8	131790789	131990789	harbor1	chr8	131831801	131832016	LTR/ERVL-MaLR	1350	+	108	131831909	41120
chr8	131790789	131990789	harbor1	chr8	131833853	131834052	LTR/ERVL-MaLR	484	+	100	131833953	43164
chr8	131790789	131990789	harbor1	chr8	131834417	131834612	LTR/ERVL-MaLR	697	+	98	131834515	43726
chr8	131790789	131990789	harbor1	chr8	131853760	131853933	LTR/ERVL-MaLR	948	+	86	131853846	63057
chr8	131790789	131990789	harbor1	chr8	131854098	131854368	LTR/ERVL-MaLR	999	+	135	131854233	63444
chr8	131790789	131990789	harbor1	chr8	131856321	131856479	LTR/ERVL-MaLR	1120	+	79	131856400	65611
chr8	131790789	131990789	harbor1	chr8	131856785	131857167	LTR/ERVL-MaLR	1120	+	191	131856976	66187
chr8	131790789	131990789	harbor1	chr8	131864913	131865277	LTR/ERVL-MaLR	1604	+	182	131865095	74306
chr8	131790789	131990789	harbor1	chr8	131865278	131865645	LTR/ERVL-MaLR	1617	+	184	131865462	74673
chr8	131790789	131990789	harbor1	chr8	131867534	131867885	LTR/ERVL-MaLR	1190	+	176	131867710	76921
chr8	131790789	131990789	harbor1	chr8	131874208	131874462	LTR/ERVL-MaLR	430	+	127	131874335	83546
chr8	131790789	131990789	harbor1	chr8	131875281	131875307	LTR/ERVL-MaLR	529	+	13	131875294	84505
chr8	131790789	131990789	harbor1	chr8	131875999	131876297	LTR/ERVL-MaLR	678	+	149	131876148	85359
chr8	37455127	37655127	harbor1	chr8	37482944	37483334	LTR/ERVL-MaLR	1696	+	195	37483139	28012
chr8	37455127	37655127	harbor1	chr8	37488115	37488452	LTR/ERVL-MaLR	1877	+	168	37488283	33156
chr8	37455127	37655127	harbor1	chr8	37498444	37498802	LTR/ERVL-MaLR	2331	+	179	37498623	43496
chr8	37455127	37655127	harbor1	chr8	37499371	37499727	LTR/ERVL-MaLR	2374	+	178	37499549	44422
chr8	115522799	115722799	harbor1	chr8	115557386	115557758	LTR/ERVL-MaLR	2130	+	186	115557572	34773
chr8	26423286	26623286	harbor1	chr8	26435076	26435370	LTR/ERVL-MaLR	1447	+	147	26435223	11937
chr8	26423286	26623286	harbor1	chr8	26436278	26436371	LTR/ERVL-MaLR	1447	+	46	26436324	13038
chr8	26423286	26623286	harbor1	chr8	26477997	26478377	LTR/ERVL-MaLR	2036	+	190	26478187	54901
chr8	26423286	26623286	harbor1	chr8	26478500	26478821	LTR/ERVL-MaLR	1111	+	160	26478660	55374
chr8	26423286	26623286	harbor1	chr8	26484808	26485197	LTR/ERVL-MaLR	2577	+	194	26485002	61716
chr8	26423286	26623286	harbor1	chr8	26489659	26489881	LTR/ERVL-MaLR	1030	+	111	26489770	66484
chr8	26423286	26623286	harbor1	chr8	26490998	26491152	LTR/ERVL-MaLR	856	+	77	26491075	67789
chr8	26423286	26623286	harbor1	chr8	26509997	26510409	LTR/ERVL-MaLR	2585	+	206	26510203	86917
chr8	26423286	26623286	harbor1	chr8	26519953	26520304	LTR/ERVL-MaLR	2153	+	176	26520129	96843
chr8	2070723	2270723	harbor1	chr8	2155042	2155420	LTR/ERVL-MaLR	2162	+	189	2155231	84508
chr8	74216027	74416027	harbor1	chr8	74278065	74278349	LTR/ERVL-MaLR	1914	+	142	74278207	62180
chr8	50519265	50719265	harbor1	chr8	50557237	50557359	LTR/ERVL-MaLR	523	+	61	50557298	38033
chr8	50519265	50719265	harbor1	chr8	50562172	50562671	LTR/ERVL-MaLR	1322	+	250	50562422	43157
chr8	50519265	50719265	harbor1	chr8	50578516	50578891	LTR/ERVL-MaLR	2524	+	188	50578704	59439
chr8	50519265	50719265	harbor1	chr8	50578892	50580467	LTR/ERVL-MaLR	8739	+	788	50579680	60415
chr8	50519265	50719265	harbor1	chr8	50580468	50580835	LTR/ERVL-MaLR	2472	+	184	50580652	61387
chr8	50519265	50719265	harbor1	chr8	50561019	50561384	LTR/ERVL-MaLR	2354	+	182	50561201	41936
chr8	8556075	8756075	harbor1	chr8	8570238	8570715	LTR/ERVL-MaLR	2400	+	238	8570476	14401
chr8	8556075	8756075	harbor1	chr8	8573051	8573479	LTR/ERVL-MaLR	2997	+	214	8573265	17190
chr8	8556075	8756075	harbor1	chr8	8590478	8590849	LTR/ERVL-MaLR	2467	+	186	8590664	34589
chr8	8556075	8756075	harbor1	chr8	8625706	8626233	LTR/ERVL-MaLR	1373	+	264	8625970	69895
chr8	8556075	8756075	harbor1	chr8	8630445	8630746	LTR/ERVL-MaLR	1257	+	150	8630595	74520
chr8	69917784	70117784	harbor1	chr8	69920532	69920761	LTR/ERVL-MaLR	1359	+	114	69920646	2862
chr8	69917784	70117784	harbor1	chr8	69934793	69935104	LTR/ERVL-MaLR	1377	+	156	69934949	17165
chr8	69917784	70117784	harbor1	chr8	69935383	69935403	LTR/ERVL-MaLR	1377	+	10	69935393	17609
chr8	69917784	70117784	harbor1	chr8	69936023	69936275	LTR/ERVL-MaLR	1377	+	126	69936149	18365
chr8	69917784	70117784	harbor1	chr8	69961975	69962041	LTR/ERVL-MaLR	424	+	33	69962008	44224
chr8	69917784	70117784	harbor1	chr8	69966238	69966371	LTR/ERVL-MaLR	1942	+	66	69966304	48520
chr8	69917784	70117784	harbor1	chr8	69966974	69967348	LTR/ERVL-MaLR	1942	+	187	69967161	49377
chr8	59798501	59998501	harbor1	chr8	59840249	59840638	LTR/ERVL-MaLR	1542	+	194	59840443	41942
chr8	37247528	37447528	harbor1	chr8	37248839	37249298	LTR/ERVL-MaLR	2015	+	230	37249069	1541
chr8	37247528	37447528	harbor1	chr8	37265384	37265512	LTR/ERVL-MaLR	591	+	64	37265448	17920
chr8	37247528	37447528	harbor1	chr8	37265550	37265788	LTR/ERVL-MaLR	1140	+	119	37265669	18141
chr8	37247528	37447528	harbor1	chr8	37287237	37287646	LTR/ERVL-MaLR	2701	+	204	37287441	39913
chr8	37247528	37447528	harbor1	chr8	37289734	37289898	LTR/ERVL-MaLR	568	+	82	37289816	42288
chr8	37247528	37447528	harbor1	chr8	37290077	37290297	LTR/ERVL-MaLR	1037	+	110	37290187	42659
chr8	37247528	37447528	harbor1	chr8	37300683	37301206	LTR/ERVL-MaLR	1694	+	262	37300945	53417
chr8	37247528	37447528	harbor1	chr8	37320986	37321496	LTR/ERVL-MaLR	1931	+	255	37321241	73713
chr8	37247528	37447528	harbor1	chr8	37336735	37337294	LTR/ERVL-MaLR	2677	+	280	37337015	89487
chr8	37247528	37447528	harbor1	chr8	37343568	37343932	LTR/ERVL-MaLR	532	+	182	37343750	96222
chr8	117779678	117979678	harbor1	chr8	117782400	117782760	LTR/ERVL-MaLR	1773	+	180	117782580	2902
chr8	117779678	117979678	harbor1	chr8	117804090	117804456	LTR/ERVL-MaLR	2004	+	183	117804273	24595
chr8	117779678	117979678	harbor1	chr8	117872961	117873265	LTR/ERVL-MaLR	1261	+	152	117873113	93435
chr8	111980213	112180213	harbor1	chr8	111981591	111981727	LTR/ERVL-MaLR	418	+	68	111981659	1446
chr8	111980213	112180213	harbor1	chr8	112009034	112009431	LTR/ERVL-MaLR	747	+	198	112009232	29019
chr8	111980213	112180213	harbor1	chr8	112039999	112040249	LTR/ERVL-MaLR	548	+	125	112040124	59911
chr8	111980213	112180213	harbor1	chr8	112045216	112045697	LTR/ERVL-MaLR	1030	+	240	112045456	65243
chr8	111980213	112180213	harbor1	chr8	112062119	112062501	LTR/ERVL-MaLR	1532	+	191	112062310	82097
chr8	90269173	90469173	harbor1	chr8	90274200	90274390	LTR/ERVL-MaLR	1357	+	95	90274295	5122
chr8	90269173	90469173	harbor1	chr8	90276044	90276396	LTR/ERVL-MaLR	2554	+	176	90276220	7047
chr8	90269173	90469173	harbor1	chr8	90312301	90312667	LTR/ERVL-MaLR	2058	+	183	90312484	43311
chr8	90269173	90469173	harbor1	chr8	90312808	90313308	LTR/ERVL-MaLR	1992	+	250	90313058	43885
chr8	90269173	90469173	harbor1	chr8	90326461	90326794	LTR/ERVL-MaLR	1524	+	166	90326627	57454
chr8	90269173	90469173	harbor1	chr8	90327924	90328249	LTR/ERVL-MaLR	1925	+	162	90328086	58913
chr8	90269173	90469173	harbor1	chr8	90339857	90340177	LTR/ERVL-MaLR	2397	+	160	90340017	70844
chr8	90269173	90469173	harbor1	chr8	90341761	90342048	LTR/ERVL-MaLR	1953	+	144	90341905	72732
chr8	90269173	90469173	harbor1	chr8	90274470	90276043	LTR/ERVL-MaLR	11702	+	786	90275256	6083
chr8	90269173	90469173	harbor1	chr8	90340200	90341760	LTR/ERVL-MaLR	11597	+	780	90340980	71807
chr8	62928292	63128292	harbor1	chr8	62928510	62928797	LTR/ERVL-MaLR	544	+	144	62928654	362
chr8	62928292	63128292	harbor1	chr8	62947488	62948025	LTR/ERVL-MaLR	1447	+	268	62947756	19464
chr8	83533030	83733030	harbor1	chr8	83554482	83554897	LTR/ERVL-MaLR	2321	+	208	83554690	21660
chr8	21352920	21552920	harbor1	chr8	21363932	21364277	LTR/ERVL-MaLR	683	+	172	21364104	11184
chr8	21352920	21552920	harbor1	chr8	21366269	21367076	LTR/ERVL-MaLR	2733	+	404	21366673	13753
chr8	21352920	21552920	harbor1	chr8	21367373	21367671	LTR/ERVL-MaLR	2733	+	149	21367522	14602
chr8	21352920	21552920	harbor1	chr8	21414860	21415056	LTR/ERVL-MaLR	2490	+	98	21414958	62038
chr8	21352920	21552920	harbor1	chr8	21415358	21415596	LTR/ERVL-MaLR	2490	+	119	21415477	62557
chr8	21352920	21552920	harbor1	chr8	21423268	21423455	LTR/ERVL-MaLR	428	+	94	21423362	70442
chr8	21352920	21552920	harbor1	chr8	21448218	21448551	LTR/ERVL-MaLR	1300	+	166	21448384	95464
chr8	23042871	23242871	harbor1	chr8	23095733	23096086	LTR/ERVL-MaLR	2134	+	176	23095909	53038
chr8	23042871	23242871	harbor1	chr8	23140648	23140924	LTR/ERVL-MaLR	1758	+	138	23140786	97915
chr8	88910051	89110051	harbor1	chr8	88914795	88915124	LTR/ERVL-MaLR	1497	+	164	88914959	4908
chr8	88910051	89110051	harbor1	chr8	88920523	88920912	LTR/ERVL-MaLR	2113	+	194	88920717	10666
chr8	88910051	89110051	harbor1	chr8	88940127	88940262	LTR/ERVL-MaLR	767	+	68	88940195	30144
chr8	88910051	89110051	harbor1	chr8	88952694	88953061	LTR/ERVL-MaLR	2244	+	184	88952878	42827
chr8	88910051	89110051	harbor1	chr8	88955538	88955950	LTR/ERVL-MaLR	2679	+	206	88955744	45693
chr8	88910051	89110051	harbor1	chr8	88959292	88959654	LTR/ERVL-MaLR	2135	+	181	88959473	49422
chr8	88910051	89110051	harbor1	chr8	88966003	88966179	LTR/ERVL-MaLR	1036	+	88	88966091	56040
chr8	88910051	89110051	harbor1	chr8	88966461	88966640	LTR/ERVL-MaLR	1036	+	90	88966551	56500
chr8	88910051	89110051	harbor1	chr8	88966643	88968273	LTR/ERVL-MaLR	5362	+	815	88967458	57407
chr8	88910051	89110051	harbor1	chr8	88968400	88968666	LTR/ERVL-MaLR	955	+	133	88968533	58482
chr8	88910051	89110051	harbor1	chr8	88969710	88970287	LTR/ERVL-MaLR	1173	+	288	88969998	59947
chr8	88910051	89110051	harbor1	chr8	89003107	89003486	LTR/ERVL-MaLR	2041	+	190	89003297	93246
chr8	88910051	89110051	harbor1	chr8	88915380	88916053	LTR/ERVL-MaLR	2387	+	336	88915716	5665
chr8	104722753	104922753	harbor1	chr8	104724398	104724650	LTR/ERVL-MaLR	394	+	126	104724524	1771
chr8	104722753	104922753	harbor1	chr8	104756301	104756477	LTR/ERVL-MaLR	391	+	88	104756389	33636
chr8	104722753	104922753	harbor1	chr8	104779346	104779708	LTR/ERVL-MaLR	1922	+	181	104779527	56774
chr8	104722753	104922753	harbor1	chr8	104792520	104792944	LTR/ERVL-MaLR	2080	+	212	104792732	69979
chr8	104722753	104922753	harbor1	chr8	104818021	104818391	LTR/ERVL-MaLR	950	+	185	104818206	95453
chr8	16111660	16311660	harbor1	chr8	16127694	16127860	LTR/ERVL-MaLR	410	+	83	16127777	16117
chr8	16111660	16311660	harbor1	chr8	16128239	16128614	LTR/ERVL-MaLR	1260	+	188	16128427	16767
chr8	16111660	16311660	harbor1	chr8	16177144	16177576	LTR/ERVL-MaLR	1435	+	216	16177360	65700
chr8	16111660	16311660	harbor1	chr8	16199196	16199670	LTR/ERVL-MaLR	1461	+	237	16199433	87773
chr8	16111660	16311660	harbor1	chr8	16199709	16199745	LTR/ERVL-MaLR	1461	+	18	16199727	88067
chr8	137850784	138050784	harbor1	chr8	137866856	137867121	LTR/ERVL-MaLR	1401	+	132	137866988	16204
chr8	137850784	138050784	harbor1	chr8	137867124	137868496	LTR/ERVL-MaLR	9747	+	686	137867810	17026
chr8	137850784	138050784	harbor1	chr8	137868499	137868839	LTR/ERVL-MaLR	1974	+	170	137868669	17885
chr8	137850784	138050784	harbor1	chr8	137873961	137874101	LTR/ERVL-MaLR	691	+	70	137874031	23247
chr8	137850784	138050784	harbor1	chr8	137874642	137874908	LTR/ERVL-MaLR	1013	+	133	137874775	23991
chr8	137850784	138050784	harbor1	chr8	137881515	137881861	LTR/ERVL-MaLR	1870	+	173	137881688	30904
chr8	137850784	138050784	harbor1	chr8	137881862	137883367	LTR/ERVL-MaLR	10154	+	752	137882614	31830
chr8	137850784	138050784	harbor1	chr8	137883370	137883745	LTR/ERVL-MaLR	2084	+	188	137883558	32774
chr8	137850784	138050784	harbor1	chr8	137888597	137888951	LTR/ERVL-MaLR	2651	+	177	137888774	37990
chr8	137850784	138050784	harbor1	chr8	137918292	137918670	LTR/ERVL-MaLR	1200	+	189	137918481	67697
chr8	137850784	138050784	harbor1	chr8	137918671	137918890	LTR/ERVL-MaLR	1753	+	110	137918781	67997
chr8	137850784	138050784	harbor1	chr8	137918891	137918944	LTR/ERVL-MaLR	2087	+	26	137918917	68133
chr8	137850784	138050784	harbor1	chr8	137919237	137919555	LTR/ERVL-MaLR	2087	+	159	137919396	68612
chr8	137850784	138050784	harbor1	chr8	137919556	137919698	LTR/ERVL-MaLR	1753	+	71	137919627	68843
chr8	137850784	138050784	harbor1	chr8	137922234	137922665	LTR/ERVL-MaLR	977	+	216	137922450	71666
chr8	137850784	138050784	harbor1	chr8	137924208	137924509	LTR/ERVL-MaLR	1327	+	150	137924358	73574
chr8	137850784	138050784	harbor1	chr8	137927292	137927593	LTR/ERVL-MaLR	674	+	150	137927442	76658
chr8	82150746	82350746	harbor1	chr8	82182433	82182802	LTR/ERVL-MaLR	2012	+	184	82182617	31871
chr8	82150746	82350746	harbor1	chr8	82229005	82230486	LTR/ERVL-MaLR	10779	+	740	82229745	78999
chr8	82150746	82350746	harbor1	chr8	82230487	82230840	LTR/ERVL-MaLR	2256	+	176	82230663	79917
chr8	82150746	82350746	harbor1	chr8	82240368	82240809	LTR/ERVL-MaLR	1537	+	220	82240588	89842
chr8	82150746	82350746	harbor1	chr8	82242711	82243128	LTR/ERVL-MaLR	1128	+	208	82242919	92173
chr8	82150746	82350746	harbor1	chr8	82243136	82244727	LTR/ERVL-MaLR	3155	+	796	82243932	93186
chr8	82150746	82350746	harbor1	chr8	82244728	82245132	LTR/ERVL-MaLR	1705	+	202	82244930	94184
chr8	82150746	82350746	harbor1	chr8	82248668	82249045	LTR/ERVL-MaLR	2209	+	188	82248856	98110
chr8	123962967	124162967	harbor1	chr8	124019973	124020334	LTR/ERVL-MaLR	2345	+	180	124020153	57186
chr8	123962967	124162967	harbor1	chr8	124051174	124051310	LTR/ERVL-MaLR	704	+	68	124051242	88275
chr8	31111004	31311004	harbor1	chr8	31187892	31188294	LTR/ERVL-MaLR	2163	+	201	31188093	77089
chr8	31111004	31311004	harbor1	chr8	31191047	31191156	LTR/ERVL-MaLR	646	+	54	31191101	80097
chr8	31111004	31311004	harbor1	chr8	31191237	31191289	LTR/ERVL-MaLR	646	+	26	31191263	80259
chr8	31111004	31311004	harbor1	chr8	31191936	31192174	LTR/ERVL-MaLR	1496	+	119	31192055	81051
chr8	31111004	31311004	harbor1	chr8	31195254	31195619	LTR/ERVL-MaLR	776	+	182	31195436	84432
chr8	31111004	31311004	harbor1	chr8	31200333	31200699	LTR/ERVL-MaLR	2802	+	183	31200516	89512
chr8	31111004	31311004	harbor1	chr8	31207254	31207619	LTR/ERVL-MaLR	2267	+	182	31207436	96432
chr8	23005759	23205759	harbor1	chr8	23095733	23096086	LTR/ERVL-MaLR	2134	+	176	23095909	90150
chr8	53614207	53814207	harbor1	chr8	53627201	53627554	LTR/ERVL-MaLR	1194	+	176	53627377	13170
chr8	53614207	53814207	harbor1	chr8	53665072	53665361	LTR/ERVL-MaLR	1605	+	144	53665216	51009
chr8	53614207	53814207	harbor1	chr8	53690593	53691006	LTR/ERVL-MaLR	1661	+	206	53690799	76592
chr8	53614207	53814207	harbor1	chr8	53704108	53704526	LTR/ERVL-MaLR	2135	+	209	53704317	90110
chr8	104614186	104814186	harbor1	chr8	104646116	104646500	LTR/ERVL-MaLR	2412	+	192	104646308	32122
chr8	104614186	104814186	harbor1	chr8	104648489	104648966	LTR/ERVL-MaLR	860	+	238	104648727	34541
chr8	104614186	104814186	harbor1	chr8	104659409	104659720	LTR/ERVL-MaLR	734	+	156	104659565	45379
chr8	104614186	104814186	harbor1	chr8	104659732	104659851	LTR/ERVL-MaLR	507	+	60	104659792	45606
chr8	104614186	104814186	harbor1	chr8	104677105	104677298	LTR/ERVL-MaLR	794	+	96	104677201	63015
chr8	104614186	104814186	harbor1	chr8	104702171	104702521	LTR/ERVL-MaLR	2140	+	175	104702346	88160
chr8	104614186	104814186	harbor1	chr8	104712128	104712261	LTR/ERVL-MaLR	418	+	66	104712194	98008
chr8	39205955	39405955	harbor1	chr8	39230949	39231558	LTR/ERVL-MaLR	1999	+	304	39231253	25298
chr8	39205955	39405955	harbor1	chr8	39245470	39245762	LTR/ERVL-MaLR	1140	+	146	39245616	39661
chr8	39205955	39405955	harbor1	chr8	39303805	39304135	LTR/ERVL-MaLR	979	+	165	39303970	98015
chr8	37447052	37647052	harbor1	chr8	37482944	37483334	LTR/ERVL-MaLR	1696	+	195	37483139	36087
chr8	37447052	37647052	harbor1	chr8	37488115	37488452	LTR/ERVL-MaLR	1877	+	168	37488283	41231
chr8	37447052	37647052	harbor1	chr8	37498444	37498802	LTR/ERVL-MaLR	2331	+	179	37498623	51571
chr8	37447052	37647052	harbor1	chr8	37499371	37499727	LTR/ERVL-MaLR	2374	+	178	37499549	52497
chr8	110217538	110417538	harbor1	chr8	110312474	110312859	LTR/ERVL-MaLR	1646	+	192	110312666	95128
chr8	19249016	19449016	harbor1	chr8	19253896	19254278	LTR/ERVL-MaLR	1102	+	191	19254087	5071
chr8	19249016	19449016	harbor1	chr8	19298328	19298632	LTR/ERVL-MaLR	687	+	152	19298480	49464
chr8	19249016	19449016	harbor1	chr8	19302575	19302972	LTR/ERVL-MaLR	856	+	198	19302773	53757
chr8	19249016	19449016	harbor1	chr8	19329566	19329945	LTR/ERVL-MaLR	1930	+	190	19329756	80740
chr8	19249016	19449016	harbor1	chr8	19337360	19337553	LTR/ERVL-MaLR	863	+	96	19337456	88440
chr8	19249016	19449016	harbor1	chr8	19337908	19338114	LTR/ERVL-MaLR	863	+	103	19338011	88995
chr8	19249016	19449016	harbor1	chr8	19338337	19338823	LTR/ERVL-MaLR	1763	+	243	19338580	89564
chr8	67978631	68178631	harbor1	chr8	67980582	67980945	LTR/ERVL-MaLR	2280	+	182	67980764	2133
chr8	67978631	68178631	harbor1	chr8	68008601	68008962	LTR/ERVL-MaLR	2537	+	180	68008781	30150
chr8	67978631	68178631	harbor1	chr8	68057007	68057374	LTR/ERVL-MaLR	2023	+	184	68057191	78560
chr8	67978631	68178631	harbor1	chr8	68063240	68063400	LTR/ERVL-MaLR	416	+	80	68063320	84689
chr8	67978631	68178631	harbor1	chr8	68063427	68063613	LTR/ERVL-MaLR	544	+	93	68063520	84889
chr8	33265657	33465657	harbor1	chr8	33311804	33311984	LTR/ERVL-MaLR	997	+	90	33311894	46237
chr8	33265657	33465657	harbor1	chr8	33312277	33312455	LTR/ERVL-MaLR	997	+	89	33312366	46709
chr8	33265657	33465657	harbor1	chr8	33351297	33351726	LTR/ERVL-MaLR	2319	+	214	33351511	85854
chr8	33265657	33465657	harbor1	chr8	33358566	33358733	LTR/ERVL-MaLR	898	+	84	33358650	92993
chr8	33265657	33465657	harbor1	chr8	33358852	33359072	LTR/ERVL-MaLR	1097	+	110	33358962	93305
chr8	38431829	38631829	harbor1	chr8	38523207	38523733	LTR/ERVL-MaLR	1080	+	263	38523470	91641
chr8	120368589	120568589	harbor1	chr8	120379683	120380076	LTR/ERVL-MaLR	665	+	196	120379879	11290
chr8	19354063	19554063	harbor1	chr8	19395419	19395866	LTR/ERVL-MaLR	1692	+	224	19395643	41580
chr8	19354063	19554063	harbor1	chr8	19419834	19420196	LTR/ERVL-MaLR	2571	+	181	19420015	65952
chr8	122470423	122670423	harbor1	chr8	122484721	122485152	LTR/ERVL-MaLR	569	+	216	122484937	14514
chr8	122470423	122670423	harbor1	chr8	122485511	122485582	LTR/ERVL-MaLR	569	+	36	122485547	15124
chr8	122470423	122670423	harbor1	chr8	122491781	122492145	LTR/ERVL-MaLR	1557	+	182	122491963	21540
chr8	122470423	122670423	harbor1	chr8	122508658	122508940	LTR/ERVL-MaLR	481	+	141	122508799	38376
chr8	122470423	122670423	harbor1	chr8	122509853	122510261	LTR/ERVL-MaLR	2155	+	204	122510057	39634
chr8	122470423	122670423	harbor1	chr8	122513772	122514408	LTR/ERVL-MaLR	2211	+	318	122514090	43667
chr8	122470423	122670423	harbor1	chr8	122514894	122515290	LTR/ERVL-MaLR	1552	+	198	122515092	44669
chr8	122470423	122670423	harbor1	chr8	122517250	122517668	LTR/ERVL-MaLR	2664	+	209	122517459	47036
chr8	122470423	122670423	harbor1	chr8	122522441	122522848	LTR/ERVL-MaLR	1679	+	204	122522645	52222
chr8	122470423	122670423	harbor1	chr8	122539757	122540288	LTR/ERVL-MaLR	2467	+	266	122540023	69600
chr8	122470423	122670423	harbor1	chr8	122542824	122543119	LTR/ERVL-MaLR	620	+	148	122542972	72549
chr8	122470423	122670423	harbor1	chr8	122543459	122543528	LTR/ERVL-MaLR	620	+	34	122543493	73070
chr8	122470423	122670423	harbor1	chr8	122545670	122545842	LTR/ERVL-MaLR	1093	+	86	122545756	75333
chr8	122470423	122670423	harbor1	chr8	122545877	122546011	LTR/ERVL-MaLR	1093	+	67	122545944	75521
chr8	141326002	141526002	harbor1	chr8	141326817	141327177	LTR/ERVL-MaLR	1213	+	180	141326997	995
chr8	141326002	141526002	harbor1	chr8	141349118	141349528	LTR/ERVL-MaLR	1083	+	205	141349323	23321
chr8	141326002	141526002	harbor1	chr8	141387747	141388125	LTR/ERVL-MaLR	605	+	189	141387936	61934
chr8	133000555	133200555	harbor1	chr8	133009562	133009923	LTR/ERVL-MaLR	1553	+	180	133009742	9187
chr8	108522727	108722727	harbor1	chr8	108538791	108539138	LTR/ERVL-MaLR	2368	+	174	108538965	16238
chr8	108522727	108722727	harbor1	chr8	108539417	108539858	LTR/ERVL-MaLR	1483	+	220	108539637	16910
chr8	85534795	85734795	harbor1	chr8	85544449	85544579	LTR/ERVL-MaLR	649	+	65	85544514	9719
chr8	85534795	85734795	harbor1	chr8	85610989	85611126	LTR/ERVL-MaLR	413	+	68	85611057	76262
chr8	26909540	27109540	harbor1	chr8	26914353	26914586	LTR/ERVL-MaLR	823	+	116	26914469	4929
chr8	26909540	27109540	harbor1	chr8	26924286	26924685	LTR/ERVL-MaLR	1890	+	200	26924486	14946
chr8	26909540	27109540	harbor1	chr8	26960173	26960505	LTR/ERVL-MaLR	1660	+	166	26960339	50799
chr8	26909540	27109540	harbor1	chr8	26960507	26960872	LTR/ERVL-MaLR	1614	+	182	26960689	51149
chr8	26909540	27109540	harbor1	chr8	27009177	27009515	LTR/ERVL-MaLR	2230	+	169	27009346	99806
chr8	49483682	49683682	harbor1	chr8	49498239	49498601	LTR/ERVL-MaLR	2466	+	181	49498420	14738
chr8	49483682	49683682	harbor1	chr8	49500462	49500984	LTR/ERVL-MaLR	1364	+	261	49500723	17041
chr8	49483682	49683682	harbor1	chr8	49502818	49503182	LTR/ERVL-MaLR	1767	+	182	49503000	19318
chr8	49483682	49683682	harbor1	chr8	49522399	49522820	LTR/ERVL-MaLR	1223	+	210	49522609	38927
chr8	49483682	49683682	harbor1	chr8	49527455	49527854	LTR/ERVL-MaLR	1349	+	200	49527655	43973
chr8	90898230	91098230	harbor1	chr8	90970465	90970893	LTR/ERVL-MaLR	1225	+	214	90970679	72449
chr8	90898230	91098230	harbor1	chr8	90974135	90974629	LTR/ERVL-MaLR	912	+	247	90974382	76152
chr8	37120774	37320774	harbor1	chr8	37127594	37127985	LTR/ERVL-MaLR	2326	+	196	37127790	7016
chr8	37120774	37320774	harbor1	chr8	37163805	37164220	LTR/ERVL-MaLR	685	+	208	37164013	43239
chr8	37120774	37320774	harbor1	chr8	37192514	37192657	LTR/ERVL-MaLR	1307	+	72	37192586	71812
chr8	37120774	37320774	harbor1	chr8	37192658	37193001	LTR/ERVL-MaLR	1929	+	172	37192830	72056
chr8	37120774	37320774	harbor1	chr8	37193002	37193174	LTR/ERVL-MaLR	1307	+	86	37193088	72314
chr8	68169996	68369996	harbor1	chr8	68196551	68196944	LTR/ERVL-MaLR	2460	+	196	68196747	26751
chr8	68169996	68369996	harbor1	chr8	68197189	68197567	LTR/ERVL-MaLR	2461	+	189	68197378	27382
chr8	68169996	68369996	harbor1	chr8	68250595	68250768	LTR/ERVL-MaLR	672	+	86	68250681	80685
chr8	68169996	68369996	harbor1	chr8	68250885	68250909	LTR/ERVL-MaLR	874	+	12	68250897	80901
chr8	68169996	68369996	harbor1	chr8	68251362	68251603	LTR/ERVL-MaLR	919	+	120	68251482	81486
chr8	68169996	68369996	harbor1	chr8	68254960	68255320	LTR/ERVL-MaLR	2114	+	180	68255140	85144
chr8	136668758	136868758	harbor1	chr8	136669642	136670039	LTR/ERVL-MaLR	1820	+	198	136669840	1082
chr8	136668758	136868758	harbor1	chr8	136678507	136678699	LTR/ERVL-MaLR	444	+	96	136678603	9845
chr8	136668758	136868758	harbor1	chr8	136690822	136691176	LTR/ERVL-MaLR	2189	+	177	136690999	22241
chr8	136668758	136868758	harbor1	chr8	136693977	136694354	LTR/ERVL-MaLR	2374	+	188	136694165	25407
chr8	136668758	136868758	harbor1	chr8	136694355	136694633	LTR/ERVL-MaLR	9830	+	139	136694494	25736
chr8	136668758	136868758	harbor1	chr8	136695481	136696806	LTR/ERVL-MaLR	9830	+	662	136696143	27385
chr8	136668758	136868758	harbor1	chr8	136696807	136697169	LTR/ERVL-MaLR	2375	+	181	136696988	28230
chr8	136668758	136868758	harbor1	chr8	136728083	136728647	LTR/ERVL-MaLR	1585	+	282	136728365	59607
chr8	136668758	136868758	harbor1	chr8	136729138	136729568	LTR/ERVL-MaLR	1796	+	215	136729353	60595
chr8	136668758	136868758	harbor1	chr8	136741855	136742315	LTR/ERVL-MaLR	598	+	230	136742085	73327
chr8	136668758	136868758	harbor1	chr8	136742556	136743082	LTR/ERVL-MaLR	842	+	263	136742819	74061
chr8	136668758	136868758	harbor1	chr8	136743372	136743423	LTR/ERVL-MaLR	842	+	26	136743398	74640
chr8	136668758	136868758	harbor1	chr8	136743467	136744145	LTR/ERVL-MaLR	842	+	339	136743806	75048
chr8	136668758	136868758	harbor1	chr8	136747091	136747189	LTR/ERVL-MaLR	2113	+	49	136747140	78382
chr8	136668758	136868758	harbor1	chr8	136747759	136748027	LTR/ERVL-MaLR	2113	+	134	136747893	79135
chr8	136668758	136868758	harbor1	chr8	136760132	136760309	LTR/ERVL-MaLR	466	+	88	136760220	91462
chr8	136668758	136868758	harbor1	chr8	136760356	136760554	LTR/ERVL-MaLR	773	+	99	136760455	91697
chr8	16034162	16234162	harbor1	chr8	16050702	16051053	LTR/ERVL-MaLR	1538	+	176	16050878	16716
chr8	16034162	16234162	harbor1	chr8	16081989	16082341	LTR/ERVL-MaLR	2020	+	176	16082165	48003
chr8	16034162	16234162	harbor1	chr8	16127694	16127860	LTR/ERVL-MaLR	410	+	83	16127777	93615
chr8	16034162	16234162	harbor1	chr8	16128239	16128614	LTR/ERVL-MaLR	1260	+	188	16128427	94265
chr8	83257043	83457043	harbor1	chr8	83327403	83327497	LTR/ERVL-MaLR	509	+	47	83327450	70407
chr8	83257043	83457043	harbor1	chr8	83327788	83327920	LTR/ERVL-MaLR	509	+	66	83327854	70811
chr8	83257043	83457043	harbor1	chr8	83335244	83335617	LTR/ERVL-MaLR	2019	+	186	83335430	78387
chr8	83257043	83457043	harbor1	chr8	83343213	83343537	LTR/ERVL-MaLR	1397	+	162	83343375	86332
chr8	83257043	83457043	harbor1	chr8	83343767	83344180	LTR/ERVL-MaLR	2136	+	206	83343973	86930
chr8	52855177	53055177	harbor1	chr8	52887869	52888191	LTR/ERVL-MaLR	1121	+	161	52888030	32853
chr8	52855177	53055177	harbor1	chr8	52891660	52892034	LTR/ERVL-MaLR	2177	+	187	52891847	36670
chr8	52855177	53055177	harbor1	chr8	52924666	52924985	LTR/ERVL-MaLR	1043	+	160	52924826	69649
chr8	52855177	53055177	harbor1	chr8	52925317	52925338	LTR/ERVL-MaLR	1043	+	10	52925327	70150
chr8	52855177	53055177	harbor1	chr8	52920169	52920675	LTR/ERVL-MaLR	1261	+	253	52920422	65245
chr8	89002426	89202426	harbor1	chr8	89003107	89003486	LTR/ERVL-MaLR	2041	+	190	89003297	871
chr8	89002426	89202426	harbor1	chr8	89015048	89015441	LTR/ERVL-MaLR	761	+	196	89015244	12818
chr8	89002426	89202426	harbor1	chr8	89016839	89017248	LTR/ERVL-MaLR	2013	+	204	89017043	14617
chr8	89002426	89202426	harbor1	chr8	89032924	89033121	LTR/ERVL-MaLR	1121	+	98	89033022	30596
chr8	89002426	89202426	harbor1	chr8	89042122	89042408	LTR/ERVL-MaLR	495	+	143	89042265	39839
chr8	89002426	89202426	harbor1	chr8	89076837	89077159	LTR/ERVL-MaLR	1433	+	161	89076998	74572
chr8	92634224	92834224	harbor1	chr8	92656984	92657294	LTR/ERVL-MaLR	1565	+	155	92657139	22915
chr8	92634224	92834224	harbor1	chr8	92659653	92660192	LTR/ERVL-MaLR	2003	+	270	92659923	25699
chr8	92634224	92834224	harbor1	chr8	92687409	92687838	LTR/ERVL-MaLR	2053	+	214	92687623	53399
chr8	92634224	92834224	harbor1	chr8	92719484	92719872	LTR/ERVL-MaLR	760	+	194	92719678	85454
chr8	60843045	61043045	harbor1	chr8	60876693	60877068	LTR/ERVL-MaLR	1847	+	188	60876881	33836
chr8	60843045	61043045	harbor1	chr8	60894669	60894790	LTR/ERVL-MaLR	802	+	60	60894729	51684
chr8	60843045	61043045	harbor1	chr8	60941530	60941808	LTR/ERVL-MaLR	402	+	139	60941669	98624
chr8	17128020	17328020	harbor1	chr8	17132792	17133147	LTR/ERVL-MaLR	1888	+	178	17132970	4950
chr8	17128020	17328020	harbor1	chr8	17141950	17142036	LTR/ERVL-MaLR	1809	+	43	17141993	13973
chr8	17128020	17328020	harbor1	chr8	17142398	17142683	LTR/ERVL-MaLR	1809	+	142	17142540	14520
chr8	17128020	17328020	harbor1	chr8	17173794	17174067	LTR/ERVL-MaLR	1213	+	136	17173930	45910
chr8	17128020	17328020	harbor1	chr8	17174277	17174371	LTR/ERVL-MaLR	453	+	47	17174324	46304
chr8	80657735	80857735	harbor1	chr8	80665841	80665955	LTR/ERVL-MaLR	762	+	57	80665898	8163
chr8	80657735	80857735	harbor1	chr8	80671685	80671875	LTR/ERVL-MaLR	648	+	95	80671780	14045
chr8	80657735	80857735	harbor1	chr8	80673296	80673478	LTR/ERVL-MaLR	674	+	91	80673387	15652
chr8	80657735	80857735	harbor1	chr8	80710488	80710840	LTR/ERVL-MaLR	1697	+	176	80710664	52929
chr8	80657735	80857735	harbor1	chr8	80711997	80712391	LTR/ERVL-MaLR	1976	+	197	80712194	54459
chr8	80657735	80857735	harbor1	chr8	80718363	80718700	LTR/ERVL-MaLR	845	+	168	80718531	60796
chr8	80657735	80857735	harbor1	chr8	80732342	80732675	LTR/ERVL-MaLR	1276	+	166	80732508	74773
chr8	80657735	80857735	harbor1	chr8	80732979	80733097	LTR/ERVL-MaLR	1276	+	59	80733038	75303
chr8	80657735	80857735	harbor1	chr8	80754671	80754783	LTR/ERVL-MaLR	409	+	56	80754727	96992
chr8	120989963	121189963	harbor1	chr8	120990325	120990788	LTR/ERVL-MaLR	1039	+	232	120990557	594
chr8	120989963	121189963	harbor1	chr8	120998847	120999264	LTR/ERVL-MaLR	2477	+	208	120999055	9092
chr8	120989963	121189963	harbor1	chr8	121032334	121032525	LTR/ERVL-MaLR	411	+	96	121032430	42467
chr8	120989963	121189963	harbor1	chr8	121036968	121037086	LTR/ERVL-MaLR	399	+	59	121037027	47064
chr8	120989963	121189963	harbor1	chr8	121037113	121037553	LTR/ERVL-MaLR	1499	+	220	121037333	47370
chr8	120989963	121189963	harbor1	chr8	121073450	121073861	LTR/ERVL-MaLR	1454	+	206	121073656	83693
chr8	120989963	121189963	harbor1	chr8	121086251	121086839	LTR/ERVL-MaLR	2107	+	294	121086545	96582
chr8	120989963	121189963	harbor1	chr8	121088271	121088685	LTR/ERVL-MaLR	1642	+	207	121088478	98515
chr8	120989963	121189963	harbor1	chr8	121088903	121089347	LTR/ERVL-MaLR	1103	+	222	121089125	99162
chr8	120989963	121189963	harbor1	chr8	121089371	121089720	LTR/ERVL-MaLR	850	+	174	121089545	99582
chr8	60909043	61109043	harbor1	chr8	60941530	60941808	LTR/ERVL-MaLR	402	+	139	60941669	32626
chr8	60909043	61109043	harbor1	chr8	60953347	60953707	LTR/ERVL-MaLR	2349	+	180	60953527	44484
chr8	60909043	61109043	harbor1	chr8	60955330	60955696	LTR/ERVL-MaLR	1427	+	183	60955513	46470
chr8	60909043	61109043	harbor1	chr8	60975388	60975730	LTR/ERVL-MaLR	1016	+	171	60975559	66516
chr8	60909043	61109043	harbor1	chr8	60980424	60980503	LTR/ERVL-MaLR	1056	+	40	60980464	71421
chr8	60909043	61109043	harbor1	chr8	60980805	60981177	LTR/ERVL-MaLR	1056	+	186	60980991	71948
chr8	9764499	9964499	harbor1	chr8	9831331	9831750	LTR/ERVL-MaLR	2406	+	210	9831541	67042
chr8	40558086	40758086	harbor1	chr8	40624087	40624475	LTR/ERVL-MaLR	1254	+	194	40624281	66195
chr8	40558086	40758086	harbor1	chr8	40632478	40632806	LTR/ERVL-MaLR	745	+	164	40632642	74556
chr8	130309875	130509875	harbor1	chr8	130316394	130316872	LTR/ERVL-MaLR	936	+	239	130316633	6758
chr8	130309875	130509875	harbor1	chr8	130347645	130347730	LTR/ERVL-MaLR	395	+	42	130347687	37812
chr8	130309875	130509875	harbor1	chr8	130368528	130368948	LTR/ERVL-MaLR	963	+	210	130368738	58863
chr8	130309875	130509875	harbor1	chr8	130369868	130370018	LTR/ERVL-MaLR	1710	+	75	130369943	60068
chr8	130309875	130509875	harbor1	chr8	130370331	130370540	LTR/ERVL-MaLR	1710	+	104	130370435	60560
chr8	130309875	130509875	harbor1	chr8	130371383	130371898	LTR/ERVL-MaLR	906	+	258	130371641	61766
chr8	130309875	130509875	harbor1	chr8	130385802	130386371	LTR/ERVL-MaLR	1270	+	284	130386086	76211
chr8	130309875	130509875	harbor1	chr8	130395311	130395669	LTR/ERVL-MaLR	1792	+	179	130395490	85615
chr8	130309875	130509875	harbor1	chr8	130395966	130396030	LTR/ERVL-MaLR	1792	+	32	130395998	86123
chr8	130309875	130509875	harbor1	chr8	130398906	130399255	LTR/ERVL-MaLR	1138	+	174	130399080	89205
chr8	130309875	130509875	harbor1	chr8	130404701	130404851	LTR/ERVL-MaLR	549	+	75	130404776	94901
chr8	74213481	74413481	harbor1	chr8	74278065	74278349	LTR/ERVL-MaLR	1914	+	142	74278207	64726
chr8	123733076	123933076	harbor1	chr8	123742446	123742661	LTR/ERVL-MaLR	764	+	108	123742554	9478
chr8	123733076	123933076	harbor1	chr8	123743092	123743199	LTR/ERVL-MaLR	676	+	54	123743146	10070
chr8	123733076	123933076	harbor1	chr8	123795265	123795673	LTR/ERVL-MaLR	2025	+	204	123795469	62393
chr8	123733076	123933076	harbor1	chr8	123820950	123821239	LTR/ERVL-MaLR	698	+	144	123821094	88018
chr8	123733076	123933076	harbor1	chr8	123824624	123824870	LTR/ERVL-MaLR	1610	+	123	123824747	91671
chr8	123733076	123933076	harbor1	chr8	123824871	123825240	LTR/ERVL-MaLR	2344	+	184	123825055	91979
chr8	123733076	123933076	harbor1	chr8	123825241	123825402	LTR/ERVL-MaLR	1610	+	80	123825321	92245
chr8	123733076	123933076	harbor1	chr8	123828066	123828404	LTR/ERVL-MaLR	1399	+	169	123828235	95159
chr8	123733076	123933076	harbor1	chr8	123828405	123828751	LTR/ERVL-MaLR	2024	+	173	123828578	95502
chr8	123733076	123933076	harbor1	chr8	123828752	123828802	LTR/ERVL-MaLR	1399	+	25	123828777	95701
chr8	13563494	13763494	harbor1	chr8	13590187	13590351	LTR/ERVL-MaLR	605	+	82	13590269	26775
chr8	13563494	13763494	harbor1	chr8	13591234	13591611	LTR/ERVL-MaLR	2469	+	188	13591422	27928
chr8	13563494	13763494	harbor1	chr8	13593309	13593669	LTR/ERVL-MaLR	744	+	180	13593489	29995
chr8	13563494	13763494	harbor1	chr8	13633160	13633457	LTR/ERVL-MaLR	1696	+	148	13633308	69814
chr8	13563494	13763494	harbor1	chr8	13635761	13636131	LTR/ERVL-MaLR	820	+	185	13635946	72452
chr8	13563494	13763494	harbor1	chr8	13642903	13643273	LTR/ERVL-MaLR	1954	+	185	13643088	79594
chr8	16588671	16788671	harbor1	chr8	16602992	16603460	LTR/ERVL-MaLR	1764	+	234	16603226	14555
chr8	16588671	16788671	harbor1	chr8	16635263	16635626	LTR/ERVL-MaLR	1351	+	182	16635445	46774
chr8	16588671	16788671	harbor1	chr8	16664407	16664622	LTR/ERVL-MaLR	2053	+	108	16664515	75844
chr8	16588671	16788671	harbor1	chr8	16664933	16665317	LTR/ERVL-MaLR	2053	+	192	16665125	76454
chr8	93278036	93478036	harbor1	chr8	93283200	93283681	LTR/ERVL-MaLR	1851	+	240	93283440	5404
chr8	93278036	93478036	harbor1	chr8	93300993	93301350	LTR/ERVL-MaLR	2347	+	178	93301171	23135
chr8	93278036	93478036	harbor1	chr8	93310515	93310983	LTR/ERVL-MaLR	2120	+	234	93310749	32713
chr8	93278036	93478036	harbor1	chr8	93312982	93313483	LTR/ERVL-MaLR	1985	+	250	93313232	35196
chr8	108006118	108206118	harbor1	chr8	108016651	108017004	LTR/ERVL-MaLR	1821	+	176	108016827	10709
chr8	108006118	108206118	harbor1	chr8	108017317	108017355	LTR/ERVL-MaLR	1821	+	19	108017336	11218
chr8	108006118	108206118	harbor1	chr8	108039753	108040100	LTR/ERVL-MaLR	1469	+	174	108039927	33809
chr8	108006118	108206118	harbor1	chr8	108100465	108100822	LTR/ERVL-MaLR	1263	+	178	108100643	94525
chr8	108006118	108206118	harbor1	chr8	108101198	108101379	LTR/ERVL-MaLR	1263	+	90	108101288	95170
chr8	108006118	108206118	harbor1	chr8	108102818	108103091	LTR/ERVL-MaLR	393	+	136	108102954	96836
chr8	108006118	108206118	harbor1	chr8	108068537	108068964	LTR/ERVL-MaLR	1507	+	214	108068751	62633
chr8	132716350	132916350	harbor1	chr8	132749385	132749728	LTR/ERVL-MaLR	609	+	172	132749557	33207
chr8	132716350	132916350	harbor1	chr8	132761649	132762123	LTR/ERVL-MaLR	1322	+	237	132761886	45536
chr8	132716350	132916350	harbor1	chr8	132769482	132769837	LTR/ERVL-MaLR	1566	+	178	132769660	53310
chr8	132716350	132916350	harbor1	chr8	132770265	132770511	LTR/ERVL-MaLR	422	+	123	132770388	54038
chr8	140371756	140571756	harbor1	chr8	140372544	140372908	LTR/ERVL-MaLR	1965	+	182	140372726	970
chr8	140371756	140571756	harbor1	chr8	140397878	140398250	LTR/ERVL-MaLR	2204	+	186	140398064	26308
chr8	140371756	140571756	harbor1	chr8	140398251	140399833	LTR/ERVL-MaLR	11700	+	791	140399042	27286
chr8	140371756	140571756	harbor1	chr8	140399850	140400210	LTR/ERVL-MaLR	2018	+	180	140400030	28274
chr8	110552374	110752374	harbor1	chr8	110554691	110555022	LTR/ERVL-MaLR	967	+	166	110554857	2483
chr8	110552374	110752374	harbor1	chr8	110605876	110606227	LTR/ERVL-MaLR	1694	+	176	110606052	53678
chr8	110552374	110752374	harbor1	chr8	110630126	110630345	LTR/ERVL-MaLR	700	+	110	110630236	77862
chr8	110552374	110752374	harbor1	chr8	110633171	110633915	LTR/ERVL-MaLR	5204	+	372	110633543	81169
chr8	110552374	110752374	harbor1	chr8	110633916	110634280	LTR/ERVL-MaLR	1759	+	182	110634098	81724
chr8	48290992	48490992	harbor1	chr8	48301113	48301471	LTR/ERVL-MaLR	1564	+	179	48301292	10300
chr8	48290992	48490992	harbor1	chr8	48303720	48304148	LTR/ERVL-MaLR	2678	+	214	48303934	12942
chr8	48290992	48490992	harbor1	chr8	48341979	48342333	LTR/ERVL-MaLR	1808	+	177	48342156	51164
chr8	48290992	48490992	harbor1	chr8	48345971	48346175	LTR/ERVL-MaLR	1103	+	102	48346073	55081
chr8	48290992	48490992	harbor1	chr8	48346176	48346405	LTR/ERVL-MaLR	1473	+	114	48346290	55298
chr8	48290992	48490992	harbor1	chr8	48346393	48346909	LTR/ERVL-MaLR	3686	+	258	48346651	55659
chr8	48290992	48490992	harbor1	chr8	48346910	48347272	LTR/ERVL-MaLR	2741	+	181	48347091	56099
chr8	90717347	90917347	harbor1	chr8	90782980	90783281	LTR/ERVL-MaLR	1129	+	150	90783130	65783
chr8	94226773	94426773	harbor1	chr8	94231865	94232284	LTR/ERVL-MaLR	1269	+	210	94232075	5302
chr8	94226773	94426773	harbor1	chr8	94237717	94237824	LTR/ERVL-MaLR	447	+	54	94237771	10998
chr8	94226773	94426773	harbor1	chr8	94270714	94270877	LTR/ERVL-MaLR	424	+	82	94270796	44023
chr8	94226773	94426773	harbor1	chr8	94309166	94309661	LTR/ERVL-MaLR	1887	+	248	94309414	82641
chr8	94226773	94426773	harbor1	chr8	94321561	94321928	LTR/ERVL-MaLR	2478	+	184	94321745	94972
chr8	26314272	26514272	harbor1	chr8	26318738	26318861	LTR/ERVL-MaLR	394	+	62	26318800	4528
chr8	26314272	26514272	harbor1	chr8	26321374	26321871	LTR/ERVL-MaLR	1634	+	248	26321622	7350
chr8	26314272	26514272	harbor1	chr8	26324426	26325148	LTR/ERVL-MaLR	4193	+	361	26324787	10515
chr8	26314272	26514272	harbor1	chr8	26325155	26325503	LTR/ERVL-MaLR	2591	+	174	26325329	11057
chr8	70478501	70678501	harbor1	chr8	70501272	70501633	LTR/ERVL-MaLR	2022	+	180	70501452	22951
chr8	70478501	70678501	harbor1	chr8	70501634	70502805	LTR/ERVL-MaLR	8043	+	586	70502220	23719
chr8	70478501	70678501	harbor1	chr8	70503535	70503885	LTR/ERVL-MaLR	2541	+	175	70503710	25209
chr8	70478501	70678501	harbor1	chr8	70503887	70504239	LTR/ERVL-MaLR	1868	+	176	70504063	25562
chr8	70478501	70678501	harbor1	chr8	70511417	70511769	LTR/ERVL-MaLR	2717	+	176	70511593	33092
chr8	70478501	70678501	harbor1	chr8	70511770	70513344	LTR/ERVL-MaLR	13020	+	787	70512557	34056
chr8	70478501	70678501	harbor1	chr8	70513347	70513699	LTR/ERVL-MaLR	2850	+	176	70513523	35022
chr8	70478501	70678501	harbor1	chr8	70540457	70540808	LTR/ERVL-MaLR	2031	+	176	70540633	62132
chr8	70478501	70678501	harbor1	chr8	70540824	70542280	LTR/ERVL-MaLR	8408	+	728	70541552	63051
chr8	70478501	70678501	harbor1	chr8	70542281	70542664	LTR/ERVL-MaLR	2036	+	192	70542473	63972
chr8	70478501	70678501	harbor1	chr8	70547851	70548273	LTR/ERVL-MaLR	2413	+	211	70548062	69561
chr8	70478501	70678501	harbor1	chr8	70555307	70555529	LTR/ERVL-MaLR	998	+	111	70555418	76917
chr8	70478501	70678501	harbor1	chr8	70557427	70557817	LTR/ERVL-MaLR	2032	+	195	70557622	79121
chr8	94686213	94886213	harbor1	chr8	94700191	94700621	LTR/ERVL-MaLR	1038	+	215	94700406	14193
chr8	94686213	94886213	harbor1	chr8	94728589	94728883	LTR/ERVL-MaLR	667	+	147	94728736	42523
chr8	94686213	94886213	harbor1	chr8	94739864	94740045	LTR/ERVL-MaLR	397	+	90	94739954	53741
chr8	94686213	94886213	harbor1	chr8	94740084	94740256	LTR/ERVL-MaLR	724	+	86	94740170	53957
chr8	58649064	58849064	harbor1	chr8	58647863	58649499	LTR/ERVL-MaLR	8474	+	818	58648681	383
chr8	58649064	58849064	harbor1	chr8	58649500	58649875	LTR/ERVL-MaLR	2121	+	188	58649688	624
chr8	58649064	58849064	harbor1	chr8	58678602	58678969	LTR/ERVL-MaLR	1516	+	184	58678786	29722
chr8	58649064	58849064	harbor1	chr8	58683993	58684388	LTR/ERVL-MaLR	1123	+	198	58684191	35127
chr8	58649064	58849064	harbor1	chr8	58700725	58701124	LTR/ERVL-MaLR	2128	+	200	58700925	51861
chr8	58649064	58849064	harbor1	chr8	58702929	58703268	LTR/ERVL-MaLR	1872	+	170	58703099	54035
chr8	58649064	58849064	harbor1	chr8	58710954	58711142	LTR/ERVL-MaLR	704	+	94	58711048	61984
chr8	58649064	58849064	harbor1	chr8	58714195	58714546	LTR/ERVL-MaLR	2099	+	176	58714371	65307
chr8	58649064	58849064	harbor1	chr8	58724604	58724966	LTR/ERVL-MaLR	2132	+	181	58724785	75721
chr8	58649064	58849064	harbor1	chr8	58732565	58733042	LTR/ERVL-MaLR	905	+	238	58732803	83739
chr8	58649064	58849064	harbor1	chr8	58733449	58733605	LTR/ERVL-MaLR	1133	+	78	58733527	84463
chr8	58649064	58849064	harbor1	chr8	58733877	58734128	LTR/ERVL-MaLR	1133	+	126	58734003	84939
chr8	109104133	109304133	harbor1	chr8	109144736	109145111	LTR/ERVL-MaLR	2087	+	188	109144924	40791
chr8	109104133	109304133	harbor1	chr8	109173391	109173629	LTR/ERVL-MaLR	1361	+	119	109173510	69377
chr8	109104133	109304133	harbor1	chr8	109173630	109174107	LTR/ERVL-MaLR	3057	+	238	109173868	69735
chr8	109104133	109304133	harbor1	chr8	109180743	109181116	LTR/ERVL-MaLR	2430	+	186	109180929	76796
chr8	109104133	109304133	harbor1	chr8	109185688	109186071	LTR/ERVL-MaLR	1675	+	192	109185880	81747
chr8	69324859	69524859	harbor1	chr8	69340129	69340487	LTR/ERVL-MaLR	2536	+	179	69340308	15449
chr8	69324859	69524859	harbor1	chr8	69376398	69376801	LTR/ERVL-MaLR	2654	+	202	69376600	51741
chr8	69324859	69524859	harbor1	chr8	69385133	69385496	LTR/ERVL-MaLR	2652	+	182	69385315	60456
chr8	69324859	69524859	harbor1	chr8	69394215	69394598	LTR/ERVL-MaLR	798	+	192	69394407	69548
chr8	48294780	48494780	harbor1	chr8	48301113	48301471	LTR/ERVL-MaLR	1564	+	179	48301292	6512
chr8	48294780	48494780	harbor1	chr8	48303720	48304148	LTR/ERVL-MaLR	2678	+	214	48303934	9154
chr8	48294780	48494780	harbor1	chr8	48341979	48342333	LTR/ERVL-MaLR	1808	+	177	48342156	47376
chr8	48294780	48494780	harbor1	chr8	48345971	48346175	LTR/ERVL-MaLR	1103	+	102	48346073	51293
chr8	48294780	48494780	harbor1	chr8	48346176	48346405	LTR/ERVL-MaLR	1473	+	114	48346290	51510
chr8	48294780	48494780	harbor1	chr8	48346393	48346909	LTR/ERVL-MaLR	3686	+	258	48346651	51871
chr8	48294780	48494780	harbor1	chr8	48346910	48347272	LTR/ERVL-MaLR	2741	+	181	48347091	52311
chr8	86499090	86699090	harbor1	chr8	86510555	86510761	LTR/ERVL-MaLR	1102	+	103	86510658	11568
chr8	86499090	86699090	harbor1	chr8	86568187	86568668	LTR/ERVL-MaLR	1465	+	240	86568427	69337
chr8	86499090	86699090	harbor1	chr8	86570561	86570672	LTR/ERVL-MaLR	2184	+	56	86570617	71527
chr8	86499090	86699090	harbor1	chr8	86570964	86571219	LTR/ERVL-MaLR	2184	+	128	86571092	72002
chr8	100735781	100935781	harbor1	chr8	100787031	100787187	LTR/ERVL-MaLR	927	+	78	100787109	51328
chr8	100735781	100935781	harbor1	chr8	100801238	100801855	LTR/ERVL-MaLR	3219	+	308	100801546	65765
chr8	100735781	100935781	harbor1	chr8	100807527	100807900	LTR/ERVL-MaLR	2657	+	186	100807713	71932
chr8	100735781	100935781	harbor1	chr8	100822241	100822643	LTR/ERVL-MaLR	1845	+	201	100822442	86661
chr8	100735781	100935781	harbor1	chr8	100823966	100824077	LTR/ERVL-MaLR	397	+	56	100824022	88241
chr8	93578948	93778948	harbor1	chr8	93587757	93588161	LTR/ERVL-MaLR	837	+	202	93587959	9011
chr8	93578948	93778948	harbor1	chr8	93622341	93622724	LTR/ERVL-MaLR	2227	+	192	93622533	43585
chr8	93578948	93778948	harbor1	chr8	93645946	93646065	LTR/ERVL-MaLR	786	+	60	93646006	67058
chr8	93578948	93778948	harbor1	chr8	93652632	93653003	LTR/ERVL-MaLR	2040	+	186	93652818	73870
chr8	93578948	93778948	harbor1	chr8	93660208	93660572	LTR/ERVL-MaLR	2651	+	182	93660390	81442
chr8	93578948	93778948	harbor1	chr8	93660983	93661372	LTR/ERVL-MaLR	2046	+	194	93661177	82229
chr8	93578948	93778948	harbor1	chr8	93670716	93671056	LTR/ERVL-MaLR	1781	+	170	93670886	91938
chr8	30072251	30272251	harbor1	chr8	30076571	30076940	LTR/ERVL-MaLR	2185	+	184	30076755	4504
chr8	30072251	30272251	harbor1	chr8	30085008	30085367	LTR/ERVL-MaLR	1920	+	180	30085188	12937
chr8	30072251	30272251	harbor1	chr8	30136123	30136496	LTR/ERVL-MaLR	1967	+	186	30136309	64058
chr8	30072251	30272251	harbor1	chr8	30153303	30153403	LTR/ERVL-MaLR	577	+	50	30153353	81102
chr8	30072251	30272251	harbor1	chr8	30160146	30160520	LTR/ERVL-MaLR	2785	+	187	30160333	88082
chr8	30072251	30272251	harbor1	chr8	30161004	30161355	LTR/ERVL-MaLR	2064	+	176	30161180	88929
chr8	84972957	85172957	harbor1	chr8	84981523	84981857	LTR/ERVL-MaLR	1429	+	167	84981690	8733
chr8	84972957	85172957	harbor1	chr8	85007355	85007713	LTR/ERVL-MaLR	1255	+	179	85007534	34577
chr8	84972957	85172957	harbor1	chr8	85008582	85009048	LTR/ERVL-MaLR	2018	+	233	85008815	35858
chr8	84972957	85172957	harbor1	chr8	85031466	85031804	LTR/ERVL-MaLR	545	+	169	85031635	58678
chr8	95747443	95947443	harbor1	chr8	95780199	95780539	LTR/ERVL-MaLR	2583	+	170	95780369	32926
chr8	95747443	95947443	harbor1	chr8	95780540	95780672	LTR/ERVL-MaLR	7037	+	66	95780606	33163
chr8	95747443	95947443	harbor1	chr8	95780971	95781842	LTR/ERVL-MaLR	7037	+	436	95781407	33964
chr8	95747443	95947443	harbor1	chr8	95781837	95782130	LTR/ERVL-MaLR	1520	+	146	95781983	34540
chr8	95747443	95947443	harbor1	chr8	95788884	95789331	LTR/ERVL-MaLR	1619	+	224	95789108	41665
chr8	95747443	95947443	harbor1	chr8	95789463	95789656	LTR/ERVL-MaLR	507	+	96	95789559	42116
chr9	97128163	97328163	harbor1	chr9	97129168	97129255	LTR/ERVL-MaLR	451	+	44	97129212	1049
chr9	97128163	97328163	harbor1	chr9	97134237	97134470	LTR/ERVL-MaLR	583	+	116	97134353	6190
chr9	97128163	97328163	harbor1	chr9	97136849	97136991	LTR/ERVL-MaLR	513	+	71	97136920	8757
chr9	97128163	97328163	harbor1	chr9	97137309	97137552	LTR/ERVL-MaLR	933	+	122	97137431	9268
chr9	97128163	97328163	harbor1	chr9	97139948	97140093	LTR/ERVL-MaLR	463	+	72	97140020	11857
chr9	97128163	97328163	harbor1	chr9	97140419	97140656	LTR/ERVL-MaLR	945	+	118	97140537	12374
chr9	97128163	97328163	harbor1	chr9	97143050	97143200	LTR/ERVL-MaLR	587	+	75	97143125	14962
chr9	97128163	97328163	harbor1	chr9	97143510	97143753	LTR/ERVL-MaLR	861	+	122	97143632	15469
chr9	97128163	97328163	harbor1	chr9	97146148	97146300	LTR/ERVL-MaLR	545	+	76	97146224	18061
chr9	97128163	97328163	harbor1	chr9	97146615	97146857	LTR/ERVL-MaLR	957	+	121	97146736	18573
chr9	97128163	97328163	harbor1	chr9	97149203	97149354	LTR/ERVL-MaLR	481	+	76	97149279	21116
chr9	97128163	97328163	harbor1	chr9	97149699	97149826	LTR/ERVL-MaLR	518	+	64	97149763	21600
chr9	97128163	97328163	harbor1	chr9	97150092	97150244	LTR/ERVL-MaLR	519	+	76	97150168	22005
chr9	97128163	97328163	harbor1	chr9	97165504	97165822	LTR/ERVL-MaLR	789	+	159	97165663	37500
chr9	97128163	97328163	harbor1	chr9	97188110	97188329	LTR/ERVL-MaLR	694	+	110	97188220	60057
chr9	97128163	97328163	harbor1	chr9	97188626	97188759	LTR/ERVL-MaLR	694	+	66	97188692	60529
chr9	35497155	35697155	harbor1	chr9	35508455	35508559	LTR/ERVL-MaLR	488	+	52	35508507	11352
chr9	35497155	35697155	harbor1	chr9	35565205	35565668	LTR/ERVL-MaLR	632	+	232	35565437	68282
chr9	35497155	35697155	harbor1	chr9	35579197	35579562	LTR/ERVL-MaLR	1882	+	182	35579379	82224
chr9	35497155	35697155	harbor1	chr9	35579565	35580942	LTR/ERVL-MaLR	11564	+	688	35580253	83098
chr9	35497155	35697155	harbor1	chr9	35581251	35581504	LTR/ERVL-MaLR	11564	+	126	35581377	84222
chr9	35497155	35697155	harbor1	chr9	35581508	35581821	LTR/ERVL-MaLR	1432	+	156	35581664	84509
chr9	33990465	34190465	harbor1	chr9	34063361	34063502	LTR/ERVL-MaLR	554	+	70	34063431	72966
chr9	118082244	118282244	harbor1	chr9	118087723	118088077	LTR/ERVL-MaLR	2246	+	177	118087900	5656
chr9	118082244	118282244	harbor1	chr9	118090652	118091039	LTR/ERVL-MaLR	2119	+	194	118090846	8602
chr9	118082244	118282244	harbor1	chr9	118099347	118099860	LTR/ERVL-MaLR	795	+	256	118099603	17359
chr9	118082244	118282244	harbor1	chr9	118149024	118149174	LTR/ERVL-MaLR	486	+	75	118149099	66855
chr9	118082244	118282244	harbor1	chr9	118172744	118173118	LTR/ERVL-MaLR	2159	+	187	118172931	90687
chr9	118082244	118282244	harbor1	chr9	118178824	118179253	LTR/ERVL-MaLR	2720	+	214	118179038	96794
chr9	77843322	78043322	harbor1	chr9	77860873	77860943	LTR/ERVL-MaLR	436	+	35	77860908	17586
chr9	77843322	78043322	harbor1	chr9	77864377	77864794	LTR/ERVL-MaLR	1436	+	208	77864585	21263
chr9	77843322	78043322	harbor1	chr9	77895669	77896032	LTR/ERVL-MaLR	2033	+	182	77895851	52529
chr9	77843322	78043322	harbor1	chr9	77916174	77916245	LTR/ERVL-MaLR	463	+	36	77916210	72888
chr9	27520084	27720084	harbor1	chr9	27535056	27535167	LTR/ERVL-MaLR	425	+	56	27535112	15028
chr9	27520084	27720084	harbor1	chr9	27536313	27536483	LTR/ERVL-MaLR	592	+	85	27536398	16314
chr9	27520084	27720084	harbor1	chr9	27567604	27568046	LTR/ERVL-MaLR	1713	+	221	27567825	47741
chr9	30111802	30311802	harbor1	chr9	30113014	30113513	LTR/ERVL-MaLR	1401	+	250	30113264	1462
chr9	30111802	30311802	harbor1	chr9	30114847	30115215	LTR/ERVL-MaLR	1652	+	184	30115031	3229
chr9	30111802	30311802	harbor1	chr9	30139599	30139975	LTR/ERVL-MaLR	2176	+	188	30139787	27985
chr9	30111802	30311802	harbor1	chr9	30156703	30157119	LTR/ERVL-MaLR	1535	+	208	30156911	45109
chr9	30111802	30311802	harbor1	chr9	30179387	30179750	LTR/ERVL-MaLR	1371	+	182	30179569	67767
chr9	30111802	30311802	harbor1	chr9	30190530	30190776	LTR/ERVL-MaLR	565	+	123	30190653	78851
chr9	30111802	30311802	harbor1	chr9	30201827	30202424	LTR/ERVL-MaLR	2210	+	298	30202125	90323
chr9	125661246	125861246	harbor1	chr9	125681134	125681389	LTR/ERVL-MaLR	845	+	128	125681262	20016
chr9	125661246	125861246	harbor1	chr9	125683261	125683372	LTR/ERVL-MaLR	411	+	56	125683317	22071
chr9	125661246	125861246	harbor1	chr9	125683407	125683803	LTR/ERVL-MaLR	1633	+	198	125683605	22359
chr9	26899847	27099847	harbor1	chr9	26901132	26901641	LTR/ERVL-MaLR	1469	+	254	26901386	1539
chr9	26899847	27099847	harbor1	chr9	26929530	26929759	LTR/ERVL-MaLR	475	+	114	26929644	29797
chr9	26899847	27099847	harbor1	chr9	26943983	26944357	LTR/ERVL-MaLR	1979	+	187	26944170	44323
chr9	85829151	86029151	harbor1	chr9	85855731	85856106	LTR/ERVL-MaLR	2158	+	188	85855919	26768
chr9	85829151	86029151	harbor1	chr9	85871067	85871535	LTR/ERVL-MaLR	652	+	234	85871301	42150
chr9	85829151	86029151	harbor1	chr9	85915440	85915630	LTR/ERVL-MaLR	957	+	95	85915535	86384
chr9	85829151	86029151	harbor1	chr9	85915787	85916152	LTR/ERVL-MaLR	2203	+	182	85915969	86818
chr9	9456564	9656564	harbor1	chr9	9541159	9541490	LTR/ERVL-MaLR	690	+	166	9541325	84761
chr9	98539418	98739418	harbor1	chr9	98574181	98574661	LTR/ERVL-MaLR	1318	+	240	98574421	35003
chr9	98539418	98739418	harbor1	chr9	98588682	98588864	LTR/ERVL-MaLR	629	+	91	98588773	49355
chr9	98539418	98739418	harbor1	chr9	98610394	98610858	LTR/ERVL-MaLR	1014	+	232	98610626	71208
chr9	98539418	98739418	harbor1	chr9	98613056	98613170	LTR/ERVL-MaLR	830	+	57	98613113	73695
chr9	98539418	98739418	harbor1	chr9	98613461	98613572	LTR/ERVL-MaLR	830	+	56	98613517	74099
chr9	98539418	98739418	harbor1	chr9	98632392	98632865	LTR/ERVL-MaLR	1593	+	236	98632628	93210
chr9	98539418	98739418	harbor1	chr9	98634298	98634741	LTR/ERVL-MaLR	1678	+	222	98634520	95102
chr9	98539418	98739418	harbor1	chr9	98637399	98637900	LTR/ERVL-MaLR	1953	+	250	98637649	98231
chr9	98539418	98739418	harbor1	chr9	98582089	98582600	LTR/ERVL-MaLR	1346	+	256	98582345	42927
chr9	15589894	15789894	harbor1	chr9	15610924	15611337	LTR/ERVL-MaLR	2749	+	206	15611130	21236
chr9	15589894	15789894	harbor1	chr9	15611842	15612204	LTR/ERVL-MaLR	1850	+	181	15612023	22129
chr9	15589894	15789894	harbor1	chr9	15658453	15658913	LTR/ERVL-MaLR	2315	+	230	15658683	68789
chr9	83145654	83345654	harbor1	chr9	83148263	83148679	LTR/ERVL-MaLR	2289	+	208	83148471	2817
chr9	83145654	83345654	harbor1	chr9	83157288	83157639	LTR/ERVL-MaLR	1385	+	176	83157464	11810
chr9	83145654	83345654	harbor1	chr9	83159764	83160117	LTR/ERVL-MaLR	2161	+	176	83159940	14286
chr9	83145654	83345654	harbor1	chr9	83160119	83161688	LTR/ERVL-MaLR	10962	+	784	83160903	15249
chr9	83145654	83345654	harbor1	chr9	83161695	83162044	LTR/ERVL-MaLR	2151	+	174	83161869	16215
chr9	83145654	83345654	harbor1	chr9	83187422	83187691	LTR/ERVL-MaLR	615	+	134	83187556	41902
chr9	83145654	83345654	harbor1	chr9	83189061	83189433	LTR/ERVL-MaLR	2784	+	186	83189247	43593
chr9	83145654	83345654	harbor1	chr9	83214534	83214809	LTR/ERVL-MaLR	2560	+	138	83214672	69018
chr9	83145654	83345654	harbor1	chr9	83215574	83215662	LTR/ERVL-MaLR	2560	+	44	83215618	69964
chr9	83145654	83345654	harbor1	chr9	83215663	83217404	LTR/ERVL-MaLR	9732	+	870	83216533	70879
chr9	83145654	83345654	harbor1	chr9	83217405	83217764	LTR/ERVL-MaLR	2516	+	180	83217585	71931
chr9	83145654	83345654	harbor1	chr9	83240450	83240833	LTR/ERVL-MaLR	743	+	192	83240642	94988
chr9	34210263	34410263	harbor1	chr9	34286926	34287369	LTR/ERVL-MaLR	804	+	222	34287148	76885
chr9	113974093	114174093	harbor1	chr9	114065146	114065582	LTR/ERVL-MaLR	2508	+	218	114065364	91271
chr9	96822423	97022423	harbor1	chr9	96833970	96834106	LTR/ERVL-MaLR	1442	+	68	96834038	11615
chr9	96822423	97022423	harbor1	chr9	96834107	96834465	LTR/ERVL-MaLR	2199	+	179	96834286	11863
chr9	96822423	97022423	harbor1	chr9	96834466	96834756	LTR/ERVL-MaLR	1442	+	145	96834611	12188
chr9	96822423	97022423	harbor1	chr9	96834759	96836212	LTR/ERVL-MaLR	5413	+	726	96835485	13062
chr9	96822423	97022423	harbor1	chr9	96836501	96836650	LTR/ERVL-MaLR	5413	+	74	96836575	14152
chr9	96822423	97022423	harbor1	chr9	96836651	96837080	LTR/ERVL-MaLR	1992	+	214	96836865	14442
chr9	96822423	97022423	harbor1	chr9	96865232	96865585	LTR/ERVL-MaLR	2246	+	176	96865408	42985
chr9	96822423	97022423	harbor1	chr9	96865586	96867148	LTR/ERVL-MaLR	11360	+	781	96866367	43944
chr9	96822423	97022423	harbor1	chr9	96867155	96867524	LTR/ERVL-MaLR	2136	+	184	96867339	44916
chr9	27086639	27286639	harbor1	chr9	27096042	27096435	LTR/ERVL-MaLR	2112	+	196	27096238	9599
chr9	27086639	27286639	harbor1	chr9	27096436	27098075	LTR/ERVL-MaLR	9330	+	820	27097256	10617
chr9	27086639	27286639	harbor1	chr9	27098076	27098451	LTR/ERVL-MaLR	1850	+	188	27098264	11625
chr9	27086639	27286639	harbor1	chr9	27103374	27103814	LTR/ERVL-MaLR	1101	+	220	27103594	16955
chr9	27086639	27286639	harbor1	chr9	27118749	27119133	LTR/ERVL-MaLR	524	+	192	27118941	32302
chr9	69968562	70168562	harbor1	chr9	69995669	69996034	LTR/ERVL-MaLR	2172	+	182	69995851	27289
chr9	69968562	70168562	harbor1	chr9	69996273	69996692	LTR/ERVL-MaLR	2303	+	210	69996483	27921
chr9	69968562	70168562	harbor1	chr9	70027102	70027481	LTR/ERVL-MaLR	508	+	190	70027292	58730
chr9	69968562	70168562	harbor1	chr9	70035638	70035965	LTR/ERVL-MaLR	1458	+	164	70035802	67240
chr9	78024731	78224731	harbor1	chr9	78065200	78065334	LTR/ERVL-MaLR	496	+	67	78065267	40536
chr9	78024731	78224731	harbor1	chr9	78082020	78082435	LTR/ERVL-MaLR	1616	+	208	78082228	57497
chr9	78024731	78224731	harbor1	chr9	78083302	78083612	LTR/ERVL-MaLR	1642	+	155	78083457	58726
chr9	78024731	78224731	harbor1	chr9	78089060	78089113	LTR/ERVL-MaLR	412	+	26	78089086	64355
chr9	78024731	78224731	harbor1	chr9	78092758	78093271	LTR/ERVL-MaLR	973	+	256	78093014	68283
chr9	78024731	78224731	harbor1	chr9	78093314	78093505	LTR/ERVL-MaLR	847	+	96	78093410	68679
chr9	78024731	78224731	harbor1	chr9	78093912	78094262	LTR/ERVL-MaLR	1237	+	175	78094087	69356
chr9	78024731	78224731	harbor1	chr9	78094945	78095309	LTR/ERVL-MaLR	2140	+	182	78095127	70396
chr9	78024731	78224731	harbor1	chr9	78099575	78099740	LTR/ERVL-MaLR	1557	+	82	78099657	74926
chr9	78024731	78224731	harbor1	chr9	78100045	78100293	LTR/ERVL-MaLR	1557	+	124	78100169	75438
chr9	78024731	78224731	harbor1	chr9	78106638	78106801	LTR/ERVL-MaLR	1897	+	82	78106720	81989
chr9	78024731	78224731	harbor1	chr9	78107113	78107341	LTR/ERVL-MaLR	1897	+	114	78107227	82496
chr9	38729526	38929526	harbor1	chr9	38811134	38811550	LTR/ERVL-MaLR	807	+	208	38811342	81816
chr9	38729526	38929526	harbor1	chr9	38764169	38764552	LTR/ERVL-MaLR	1976	+	192	38764361	34835
chr9	83176166	83376166	harbor1	chr9	83187422	83187691	LTR/ERVL-MaLR	615	+	134	83187556	11390
chr9	83176166	83376166	harbor1	chr9	83189061	83189433	LTR/ERVL-MaLR	2784	+	186	83189247	13081
chr9	83176166	83376166	harbor1	chr9	83214534	83214809	LTR/ERVL-MaLR	2560	+	138	83214672	38506
chr9	83176166	83376166	harbor1	chr9	83215574	83215662	LTR/ERVL-MaLR	2560	+	44	83215618	39452
chr9	83176166	83376166	harbor1	chr9	83215663	83217404	LTR/ERVL-MaLR	9732	+	870	83216533	40367
chr9	83176166	83376166	harbor1	chr9	83217405	83217764	LTR/ERVL-MaLR	2516	+	180	83217585	41419
chr9	83176166	83376166	harbor1	chr9	83240450	83240833	LTR/ERVL-MaLR	743	+	192	83240642	64476
chr9	83176166	83376166	harbor1	chr9	83262892	83263325	LTR/ERVL-MaLR	436	+	216	83263108	86942
chr9	106506364	106706364	harbor1	chr9	106525945	106526399	LTR/ERVL-MaLR	871	+	227	106526172	19808
chr9	106506364	106706364	harbor1	chr9	106556656	106557077	LTR/ERVL-MaLR	1958	+	210	106556866	50502
chr9	41529270	41729270	harbor1	chr9	41530077	41530442	LTR/ERVL-MaLR	2005	+	182	41530259	989
chr9	41529270	41729270	harbor1	chr9	41549002	41549349	LTR/ERVL-MaLR	1849	+	174	41549176	19906
chr9	41529270	41729270	harbor1	chr9	41576267	41576686	LTR/ERVL-MaLR	2560	+	210	41576477	47207
chr9	41529270	41729270	harbor1	chr9	41576687	41578244	LTR/ERVL-MaLR	8112	+	778	41577465	48195
chr9	41529270	41729270	harbor1	chr9	41578250	41578675	LTR/ERVL-MaLR	2300	+	212	41578462	49192
chr9	41529270	41729270	harbor1	chr9	41597415	41597571	LTR/ERVL-MaLR	715	+	78	41597493	68223
chr9	41529270	41729270	harbor1	chr9	41599198	41600767	LTR/ERVL-MaLR	11420	+	784	41599982	70712
chr9	41529270	41729270	harbor1	chr9	41600776	41601136	LTR/ERVL-MaLR	1918	+	180	41600956	71686
chr9	41529270	41729270	harbor1	chr9	41605952	41606748	LTR/ERVL-MaLR	5293	+	398	41606350	77080
chr9	41529270	41729270	harbor1	chr9	41606749	41607118	LTR/ERVL-MaLR	1915	+	184	41606933	77663
chr9	41529270	41729270	harbor1	chr9	41598834	41599197	LTR/ERVL-MaLR	1959	+	182	41599016	69746
chr9	41529270	41729270	harbor1	chr9	41549616	41549992	LTR/ERVL-MaLR	2010	+	188	41549804	20534
chr9	111126466	111326466	harbor1	chr9	111129252	111129616	LTR/ERVL-MaLR	610	+	182	111129434	2968
chr9	111126466	111326466	harbor1	chr9	111130364	111130421	LTR/ERVL-MaLR	610	+	28	111130392	3926
chr9	111126466	111326466	harbor1	chr9	111225188	111225700	LTR/ERVL-MaLR	705	+	256	111225444	98978
chr9	4843494	5043494	harbor1	chr9	4873802	4874157	LTR/ERVL-MaLR	1879	+	178	4873980	30486
chr9	4843494	5043494	harbor1	chr9	4906260	4906423	LTR/ERVL-MaLR	1398	+	82	4906342	62848
chr9	4843494	5043494	harbor1	chr9	4906725	4906961	LTR/ERVL-MaLR	1398	+	118	4906843	63349
chr9	62624773	62824773	harbor1	chr9	62632530	62632924	LTR/ERVL-MaLR	2244	+	197	62632727	7954
chr9	62624773	62824773	harbor1	chr9	62669817	62669942	LTR/ERVL-MaLR	2204	+	62	62669879	45106
chr9	62624773	62824773	harbor1	chr9	62670247	62670498	LTR/ERVL-MaLR	2204	+	126	62670373	45600
chr9	62624773	62824773	harbor1	chr9	62670807	62670856	LTR/ERVL-MaLR	2204	+	24	62670831	46058
chr9	62624773	62824773	harbor1	chr9	62690974	62691183	LTR/ERVL-MaLR	774	+	104	62691078	66305
chr9	62624773	62824773	harbor1	chr9	62700397	62700675	LTR/ERVL-MaLR	1193	+	139	62700536	75763
chr9	62624773	62824773	harbor1	chr9	62700986	62701051	LTR/ERVL-MaLR	1193	+	32	62701018	76245
chr9	62624773	62824773	harbor1	chr9	62702803	62702936	LTR/ERVL-MaLR	877	+	66	62702869	78096
chr9	62624773	62824773	harbor1	chr9	62703287	62703489	LTR/ERVL-MaLR	877	+	101	62703388	78615
chr9	62624773	62824773	harbor1	chr9	62701054	62702797	LTR/ERVL-MaLR	7294	+	872	62701926	77153
chr9	61829865	62029865	harbor1	chr9	61914347	61914716	LTR/ERVL-MaLR	2605	+	184	61914531	84666
chr9	61829865	62029865	harbor1	chr9	61916294	61916655	LTR/ERVL-MaLR	2192	+	180	61916474	86609
chr9	61829865	62029865	harbor1	chr9	61914717	61916293	LTR/ERVL-MaLR	11315	+	788	61915505	85640
chr9	35823927	36023927	harbor1	chr9	35858606	35859023	LTR/ERVL-MaLR	1405	+	208	35858814	34887
chr9	35823927	36023927	harbor1	chr9	35917973	35918329	LTR/ERVL-MaLR	1641	+	178	35918151	94224
chr9	35823927	36023927	harbor1	chr9	35918599	35918724	LTR/ERVL-MaLR	1641	+	62	35918661	94734
chr9	35823927	36023927	harbor1	chr9	35923558	35923873	LTR/ERVL-MaLR	1146	+	158	35923716	99789
chr9	62331003	62531003	harbor1	chr9	62336133	62336480	LTR/ERVL-MaLR	1836	+	174	62336307	5304
chr9	62331003	62531003	harbor1	chr9	62336747	62337123	LTR/ERVL-MaLR	2006	+	188	62336935	5932
chr9	62331003	62531003	harbor1	chr9	62360949	62361368	LTR/ERVL-MaLR	2582	+	210	62361159	30156
chr9	62331003	62531003	harbor1	chr9	62361369	62362926	LTR/ERVL-MaLR	8129	+	778	62362147	31144
chr9	62331003	62531003	harbor1	chr9	62362932	62363357	LTR/ERVL-MaLR	2350	+	212	62363144	32141
chr9	62331003	62531003	harbor1	chr9	62371697	62371954	LTR/ERVL-MaLR	1611	+	128	62371825	40822
chr9	62331003	62531003	harbor1	chr9	62401163	62401617	LTR/ERVL-MaLR	1452	+	227	62401390	70387
chr9	124701289	124901289	harbor1	chr9	124702482	124702874	LTR/ERVL-MaLR	2051	+	196	124702678	1389
chr9	124701289	124901289	harbor1	chr9	124736379	124736496	LTR/ERVL-MaLR	423	+	58	124736437	35148
chr9	40553523	40753523	harbor1	chr9	40616425	40616570	LTR/ERVL-MaLR	623	+	72	40616497	62974
chr9	40553523	40753523	harbor1	chr9	40621925	40622530	LTR/ERVL-MaLR	1361	+	302	40622227	68704
chr9	40553523	40753523	harbor1	chr9	40644646	40645098	LTR/ERVL-MaLR	1298	+	226	40644872	91349
chr9	9337465	9537465	harbor1	chr9	9393212	9393651	LTR/ERVL-MaLR	1125	+	220	9393432	55967
chr9	9337465	9537465	harbor1	chr9	9399540	9399940	LTR/ERVL-MaLR	2310	+	200	9399740	62275
chr9	9337465	9537465	harbor1	chr9	9401650	9402023	LTR/ERVL-MaLR	2355	+	186	9401836	64371
chr9	9337465	9537465	harbor1	chr9	9423181	9423517	LTR/ERVL-MaLR	1264	+	168	9423349	85884
chr9	9337465	9537465	harbor1	chr9	9424855	9425134	LTR/ERVL-MaLR	559	+	140	9424995	87530
chr9	108619343	108819343	harbor1	chr9	108629191	108629549	LTR/ERVL-MaLR	2543	+	179	108629370	10027
chr9	108619343	108819343	harbor1	chr9	108629550	108631144	LTR/ERVL-MaLR	11358	+	797	108630347	11004
chr9	108619343	108819343	harbor1	chr9	108631145	108631504	LTR/ERVL-MaLR	2573	+	180	108631325	11982
chr9	108619343	108819343	harbor1	chr9	108634028	108634514	LTR/ERVL-MaLR	1082	+	243	108634271	14928
chr9	108619343	108819343	harbor1	chr9	108657487	108657921	LTR/ERVL-MaLR	523	+	217	108657704	38361
chr9	108619343	108819343	harbor1	chr9	108658923	108660547	LTR/ERVL-MaLR	10370	+	812	108659735	40392
chr9	108619343	108819343	harbor1	chr9	108660548	108660951	LTR/ERVL-MaLR	2566	+	202	108660750	41407
chr9	108619343	108819343	harbor1	chr9	108666799	108667008	LTR/ERVL-MaLR	2069	+	104	108666903	47560
chr9	108619343	108819343	harbor1	chr9	108667319	108667576	LTR/ERVL-MaLR	2069	+	128	108667447	48104
chr9	108619343	108819343	harbor1	chr9	108675393	108675540	LTR/ERVL-MaLR	695	+	74	108675467	56124
chr9	108619343	108819343	harbor1	chr9	108675779	108676091	LTR/ERVL-MaLR	695	+	156	108675935	56592
chr9	108619343	108819343	harbor1	chr9	108686358	108686902	LTR/ERVL-MaLR	1519	+	272	108686630	67287
chr9	108619343	108819343	harbor1	chr9	108709616	108709750	LTR/ERVL-MaLR	453	+	67	108709683	90340
chr9	108619343	108819343	harbor1	chr9	108712311	108712687	LTR/ERVL-MaLR	1233	+	188	108712499	93156
chr9	108619343	108819343	harbor1	chr9	108658540	108658922	LTR/ERVL-MaLR	2414	+	191	108658731	39388
chr9	131594814	131794814	harbor1	chr9	131617994	131618478	LTR/ERVL-MaLR	1285	+	242	131618236	23422
chr9	111194252	111394252	harbor1	chr9	111225188	111225700	LTR/ERVL-MaLR	705	+	256	111225444	31192
chr9	111194252	111394252	harbor1	chr9	111252435	111252798	LTR/ERVL-MaLR	2492	+	182	111252617	58365
chr9	111194252	111394252	harbor1	chr9	111253748	111254111	LTR/ERVL-MaLR	1972	+	182	111253930	59678
chr9	111194252	111394252	harbor1	chr9	111254967	111255325	LTR/ERVL-MaLR	2165	+	179	111255146	60894
chr9	111194252	111394252	harbor1	chr9	111255572	111255940	LTR/ERVL-MaLR	2154	+	184	111255756	61504
chr9	111194252	111394252	harbor1	chr9	111274760	111275211	LTR/ERVL-MaLR	619	+	226	111274986	80734
chr9	122630502	122830502	harbor1	chr9	122656303	122656707	LTR/ERVL-MaLR	1416	+	202	122656505	26003
chr9	122630502	122830502	harbor1	chr9	122674261	122674573	LTR/ERVL-MaLR	1468	+	156	122674417	43915
chr9	122630502	122830502	harbor1	chr9	122674880	122674922	LTR/ERVL-MaLR	1468	+	21	122674901	44399
chr9	79808333	80008333	harbor1	chr9	79827681	79828029	LTR/ERVL-MaLR	1161	+	174	79827855	19522
chr9	79808333	80008333	harbor1	chr9	79869863	79870213	LTR/ERVL-MaLR	1466	+	175	79870038	61705
chr9	79808333	80008333	harbor1	chr9	79870726	79870742	LTR/ERVL-MaLR	1466	+	8	79870734	62401
chr9	79808333	80008333	harbor1	chr9	79891676	79892051	LTR/ERVL-MaLR	2107	+	188	79891864	83531
chr9	79808333	80008333	harbor1	chr9	79892205	79892738	LTR/ERVL-MaLR	1381	+	266	79892471	84138
chr9	79808333	80008333	harbor1	chr9	79899422	79899800	LTR/ERVL-MaLR	1968	+	189	79899611	91278
chr9	100628232	100828232	harbor1	chr9	100656042	100656392	LTR/ERVL-MaLR	2509	+	175	100656217	27985
chr9	100628232	100828232	harbor1	chr9	100656395	100657968	LTR/ERVL-MaLR	11615	+	786	100657181	28949
chr9	100628232	100828232	harbor1	chr9	100657969	100658324	LTR/ERVL-MaLR	2739	+	178	100658147	29915
chr9	97380466	97580466	harbor1	chr9	97393966	97394330	LTR/ERVL-MaLR	1654	+	182	97394148	13682
chr9	97380466	97580466	harbor1	chr9	97394829	97395021	LTR/ERVL-MaLR	1204	+	96	97394925	14459
chr9	97380466	97580466	harbor1	chr9	97395138	97395321	LTR/ERVL-MaLR	1057	+	92	97395230	14764
chr9	97380466	97580466	harbor1	chr9	97397969	97398307	LTR/ERVL-MaLR	1062	+	169	97398138	17672
chr9	128404376	128604376	harbor1	chr9	128448318	128448391	LTR/ERVL-MaLR	1746	+	36	128448354	43978
chr9	128404376	128604376	harbor1	chr9	128448696	128448981	LTR/ERVL-MaLR	1746	+	142	128448838	44462
chr9	73017556	73217556	harbor1	chr9	73066384	73066556	LTR/ERVL-MaLR	876	+	86	73066470	48914
chr9	73017556	73217556	harbor1	chr9	73072788	73073031	LTR/ERVL-MaLR	1191	+	122	73072910	55354
chr9	73017556	73217556	harbor1	chr9	73089440	73090080	LTR/ERVL-MaLR	2462	+	320	73089760	72204
chr9	73017556	73217556	harbor1	chr9	73104440	73104908	LTR/ERVL-MaLR	1527	+	234	73104674	87118
chr9	82084965	82284965	harbor1	chr9	82110514	82110632	LTR/ERVL-MaLR	1427	+	59	82110573	25608
chr9	82084965	82284965	harbor1	chr9	82110930	82111311	LTR/ERVL-MaLR	1427	+	190	82111120	26155
chr9	82084965	82284965	harbor1	chr9	82156665	82157066	LTR/ERVL-MaLR	2073	+	200	82156865	71900
chr9	82084965	82284965	harbor1	chr9	82166214	82166691	LTR/ERVL-MaLR	2768	+	238	82166452	81487
chr9	62690974	62890974	harbor1	chr9	62690974	62691183	LTR/ERVL-MaLR	774	+	104	62691078	104
chr9	62690974	62890974	harbor1	chr9	62700397	62700675	LTR/ERVL-MaLR	1193	+	139	62700536	9562
chr9	62690974	62890974	harbor1	chr9	62700986	62701051	LTR/ERVL-MaLR	1193	+	32	62701018	10044
chr9	62690974	62890974	harbor1	chr9	62702803	62702936	LTR/ERVL-MaLR	877	+	66	62702869	11895
chr9	62690974	62890974	harbor1	chr9	62703287	62703489	LTR/ERVL-MaLR	877	+	101	62703388	12414
chr9	62690974	62890974	harbor1	chr9	62701054	62702797	LTR/ERVL-MaLR	7294	+	872	62701926	10952
chr9	39958162	40158162	harbor1	chr9	39963299	39963660	LTR/ERVL-MaLR	1929	+	180	39963479	5317
chr9	39958162	40158162	harbor1	chr9	39963661	39965204	LTR/ERVL-MaLR	10594	+	772	39964433	6271
chr9	39958162	40158162	harbor1	chr9	39965205	39965563	LTR/ERVL-MaLR	1950	+	179	39965384	7222
chr9	39958162	40158162	harbor1	chr9	39969607	39969992	LTR/ERVL-MaLR	1380	+	192	39969799	11637
chr9	39958162	40158162	harbor1	chr9	40005287	40005694	LTR/ERVL-MaLR	772	+	204	40005491	47329
chr9	39958162	40158162	harbor1	chr9	40035772	40036142	LTR/ERVL-MaLR	1120	+	185	40035957	77795
chr9	28683761	28883761	harbor1	chr9	28689190	28689365	LTR/ERVL-MaLR	436	+	88	28689278	5517
chr9	28683761	28883761	harbor1	chr9	28690272	28690441	LTR/ERVL-MaLR	867	+	84	28690356	6595
chr9	28683761	28883761	harbor1	chr9	28710043	28710403	LTR/ERVL-MaLR	1880	+	180	28710223	26462
chr9	28683761	28883761	harbor1	chr9	28713344	28713532	LTR/ERVL-MaLR	602	+	94	28713438	29677
chr9	28683761	28883761	harbor1	chr9	28714511	28714685	LTR/ERVL-MaLR	539	+	87	28714598	30837
chr9	28683761	28883761	harbor1	chr9	28756142	28756548	LTR/ERVL-MaLR	2715	+	203	28756345	72584
chr9	28683761	28883761	harbor1	chr9	28756549	28756900	LTR/ERVL-MaLR	1729	+	176	28756725	72964
chr9	28683761	28883761	harbor1	chr9	28765380	28765830	LTR/ERVL-MaLR	2109	+	225	28765605	81844
chr9	28683761	28883761	harbor1	chr9	28776873	28777232	LTR/ERVL-MaLR	1636	+	180	28777053	93292
chr9	6052672	6252672	harbor1	chr9	6067151	6067407	LTR/ERVL-MaLR	473	+	128	6067279	14607
chr9	6052672	6252672	harbor1	chr9	6068399	6068586	LTR/ERVL-MaLR	409	+	94	6068493	15821
chr9	6052672	6252672	harbor1	chr9	6068737	6068888	LTR/ERVL-MaLR	443	+	76	6068813	16141
chr9	6052672	6252672	harbor1	chr9	6090266	6090710	LTR/ERVL-MaLR	2296	+	222	6090488	37816
chr9	6052672	6252672	harbor1	chr9	6094247	6094606	LTR/ERVL-MaLR	2232	+	180	6094427	41755
chr9	6052672	6252672	harbor1	chr9	6132751	6132981	LTR/ERVL-MaLR	560	+	115	6132866	80194
chr9	6052672	6252672	harbor1	chr9	6148362	6148746	LTR/ERVL-MaLR	1175	+	192	6148554	95882
chr9	24894640	25094640	harbor1	chr9	24931307	24931857	LTR/ERVL-MaLR	1480	+	275	24931582	36942
chr9	24894640	25094640	harbor1	chr9	24946958	24947184	LTR/ERVL-MaLR	542	+	113	24947071	52431
chr9	24894640	25094640	harbor1	chr9	24947186	24948005	LTR/ERVL-MaLR	2471	+	410	24947596	52956
chr9	92274638	92474638	harbor1	chr9	92295983	92296389	LTR/ERVL-MaLR	551	+	203	92296186	21548
chr9	92274638	92474638	harbor1	chr9	92302650	92302819	LTR/ERVL-MaLR	753	+	84	92302734	28096
chr9	92274638	92474638	harbor1	chr9	92302812	92303269	LTR/ERVL-MaLR	1941	+	228	92303040	28402
chr9	92274638	92474638	harbor1	chr9	92303840	92304543	LTR/ERVL-MaLR	3012	+	352	92304192	29554
chr9	92274638	92474638	harbor1	chr9	92305036	92305494	LTR/ERVL-MaLR	1256	+	229	92305265	30627
chr9	14444199	14644199	harbor1	chr9	14454777	14455080	LTR/ERVL-MaLR	829	+	152	14454929	10730
chr9	14444199	14644199	harbor1	chr9	14497886	14498087	LTR/ERVL-MaLR	428	+	100	14497986	53787
chr9	103036626	103236626	harbor1	chr9	103055773	103056138	LTR/ERVL-MaLR	2563	+	182	103055955	19329
chr9	103036626	103236626	harbor1	chr9	103073976	103074356	LTR/ERVL-MaLR	2528	+	190	103074166	37540
chr9	103036626	103236626	harbor1	chr9	103089877	103090291	LTR/ERVL-MaLR	2051	+	207	103090084	53458
chr9	25682491	25882491	harbor1	chr9	25682526	25682940	LTR/ERVL-MaLR	2394	+	207	25682733	242
chr9	25682491	25882491	harbor1	chr9	25682941	25684552	LTR/ERVL-MaLR	8393	+	806	25683747	1256
chr9	25682491	25882491	harbor1	chr9	25684561	25684974	LTR/ERVL-MaLR	2337	+	206	25684767	2276
chr9	25682491	25882491	harbor1	chr9	25685104	25685304	LTR/ERVL-MaLR	824	+	100	25685204	2713
chr9	25682491	25882491	harbor1	chr9	25686528	25686962	LTR/ERVL-MaLR	2047	+	217	25686745	4254
chr9	25682491	25882491	harbor1	chr9	25716570	25716891	LTR/ERVL-MaLR	1588	+	160	25716730	34239
chr9	25682491	25882491	harbor1	chr9	25718359	25718517	LTR/ERVL-MaLR	449	+	79	25718438	35947
chr9	25682491	25882491	harbor1	chr9	25746636	25747086	LTR/ERVL-MaLR	2145	+	225	25746861	64370
chr9	25682491	25882491	harbor1	chr9	25756617	25756927	LTR/ERVL-MaLR	1286	+	155	25756772	74281
chr9	25682491	25882491	harbor1	chr9	25757282	25757636	LTR/ERVL-MaLR	1522	+	177	25757459	74968
chr9	25682491	25882491	harbor1	chr9	25775039	25775093	LTR/ERVL-MaLR	516	+	27	25775066	92575
chr9	25682491	25882491	harbor1	chr9	25775129	25775262	LTR/ERVL-MaLR	516	+	66	25775195	92704
chr9	25682491	25882491	harbor1	chr9	25775247	25775366	LTR/ERVL-MaLR	474	+	60	25775307	92816
chr9	60806891	61006891	harbor1	chr9	60835304	60835666	LTR/ERVL-MaLR	2663	+	181	60835485	28594
chr9	60806891	61006891	harbor1	chr9	60869125	60869305	LTR/ERVL-MaLR	890	+	90	60869215	62324
chr9	60806891	61006891	harbor1	chr9	60876068	60876382	LTR/ERVL-MaLR	1643	+	157	60876225	69334
chr9	60806891	61006891	harbor1	chr9	60876383	60876505	LTR/ERVL-MaLR	10169	+	61	60876444	69553
chr9	60806891	61006891	harbor1	chr9	60876816	60878276	LTR/ERVL-MaLR	10169	+	730	60877546	70655
chr9	60806891	61006891	harbor1	chr9	60878277	60878636	LTR/ERVL-MaLR	2136	+	180	60878457	71566
chr9	60806891	61006891	harbor1	chr9	60902614	60902973	LTR/ERVL-MaLR	1943	+	180	60902794	95903
chr9	60806891	61006891	harbor1	chr9	60902974	60904539	LTR/ERVL-MaLR	10869	+	782	60903756	96865
chr9	60806891	61006891	harbor1	chr9	60904540	60904835	LTR/ERVL-MaLR	2175	+	148	60904688	97797
chr9	60806891	61006891	harbor1	chr9	60905129	60905199	LTR/ERVL-MaLR	2175	+	35	60905164	98273
chr9	11654478	11854478	harbor1	chr9	11672815	11673195	LTR/ERVL-MaLR	1535	+	190	11673005	18527
chr9	11654478	11854478	harbor1	chr9	11703488	11703861	LTR/ERVL-MaLR	1854	+	186	11703674	49196
chr9	11654478	11854478	harbor1	chr9	11750060	11750377	LTR/ERVL-MaLR	1402	+	158	11750218	95740
chr9	39190497	39390497	harbor1	chr9	39266090	39266284	LTR/ERVL-MaLR	550	+	97	39266187	75690
chr9	39190497	39390497	harbor1	chr9	39268752	39269204	LTR/ERVL-MaLR	648	+	226	39268978	78481
chr9	39190497	39390497	harbor1	chr9	39270518	39270738	LTR/ERVL-MaLR	424	+	110	39270628	80131
chr9	65612787	65812787	harbor1	chr9	65654020	65654355	LTR/ERVL-MaLR	2233	+	168	65654188	41401
chr9	65612787	65812787	harbor1	chr9	65664265	65664607	LTR/ERVL-MaLR	2210	+	171	65664436	51649
chr9	65612787	65812787	harbor1	chr9	65664608	65666171	LTR/ERVL-MaLR	11324	+	782	65665390	52603
chr9	65612787	65812787	harbor1	chr9	65666172	65666494	LTR/ERVL-MaLR	2015	+	161	65666333	53546
chr9	65612787	65812787	harbor1	chr9	65668924	65669149	LTR/ERVL-MaLR	1290	+	112	65669036	56249
chr9	138167107	138367107	harbor1	chr9	138167498	138167904	LTR/ERVL-MaLR	1925	+	203	138167701	594
chr9	138167107	138367107	harbor1	chr9	138168896	138169223	LTR/ERVL-MaLR	1989	+	164	138169060	1953
chr9	138167107	138367107	harbor1	chr9	138254769	138255086	LTR/ERVL-MaLR	1672	+	158	138254927	87820
chr9	138167107	138367107	harbor1	chr9	138265210	138265567	LTR/ERVL-MaLR	1543	+	178	138265388	98281
chr9	138167107	138367107	harbor1	chr9	138165866	138167497	LTR/ERVL-MaLR	7918	+	816	138166682	425
chr9	88014892	88214892	harbor1	chr9	88018903	88019237	LTR/ERVL-MaLR	1118	+	167	88019070	4178
chr9	88014892	88214892	harbor1	chr9	88019695	88019708	LTR/ERVL-MaLR	1118	+	6	88019701	4809
chr9	88014892	88214892	harbor1	chr9	88020001	88020227	LTR/ERVL-MaLR	1118	+	113	88020114	5222
chr9	88014892	88214892	harbor1	chr9	88022915	88023315	LTR/ERVL-MaLR	2008	+	200	88023115	8223
chr9	88014892	88214892	harbor1	chr9	88067571	88067965	LTR/ERVL-MaLR	2615	+	197	88067768	52876
chr9	88014892	88214892	harbor1	chr9	88081327	88081460	LTR/ERVL-MaLR	513	+	66	88081393	66501
chr9	88014892	88214892	harbor1	chr9	88082842	88083031	LTR/ERVL-MaLR	629	+	94	88082936	68044
chr9	88014892	88214892	harbor1	chr9	88083204	88083379	LTR/ERVL-MaLR	484	+	88	88083292	68400
chr9	37467661	37667661	harbor1	chr9	37473715	37473886	LTR/ERVL-MaLR	1823	+	86	37473801	6140
chr9	37467661	37667661	harbor1	chr9	37474205	37474420	LTR/ERVL-MaLR	1823	+	108	37474313	6652
chr9	37467661	37667661	harbor1	chr9	37542779	37542894	LTR/ERVL-MaLR	416	+	58	37542837	75176
chr9	37467661	37667661	harbor1	chr9	37559554	37559930	LTR/ERVL-MaLR	1044	+	188	37559742	92081
chr9	37467661	37667661	harbor1	chr9	37562959	37563320	LTR/ERVL-MaLR	2273	+	180	37563139	95478
chr9	37467661	37667661	harbor1	chr9	37563321	37564947	LTR/ERVL-MaLR	9938	+	813	37564134	96473
chr9	37467661	37667661	harbor1	chr9	37564948	37565302	LTR/ERVL-MaLR	2306	+	177	37565125	97464
chr9	71663645	71863645	harbor1	chr9	71665454	71665757	LTR/ERVL-MaLR	1242	+	152	71665606	1961
chr9	71663645	71863645	harbor1	chr9	71674264	71674534	LTR/ERVL-MaLR	990	+	135	71674399	10754
chr9	71663645	71863645	harbor1	chr9	71674535	71676178	LTR/ERVL-MaLR	5506	+	822	71675357	11712
chr9	71663645	71863645	harbor1	chr9	71693793	71694099	LTR/ERVL-MaLR	1910	+	153	71693946	30301
chr9	71663645	71863645	harbor1	chr9	71694423	71694490	LTR/ERVL-MaLR	1910	+	34	71694457	30812
chr9	71663645	71863645	harbor1	chr9	71713115	71713495	LTR/ERVL-MaLR	2150	+	190	71713305	49660
chr9	71663645	71863645	harbor1	chr9	71725170	71725513	LTR/ERVL-MaLR	1618	+	172	71725342	61697
chr9	123396288	123596288	harbor1	chr9	123427794	123428008	LTR/ERVL-MaLR	534	+	107	123427901	31613
chr9	123396288	123596288	harbor1	chr9	123487095	123487304	LTR/ERVL-MaLR	542	+	104	123487199	90911
chr9	103581082	103781082	harbor1	chr9	103620085	103620266	LTR/ERVL-MaLR	431	+	90	103620175	39093
chr9	103581082	103781082	harbor1	chr9	103656714	103657063	LTR/ERVL-MaLR	1719	+	174	103656888	75806
chr9	103581082	103781082	harbor1	chr9	103657266	103657643	LTR/ERVL-MaLR	1670	+	188	103657454	76372
chr9	103581082	103781082	harbor1	chr9	103657644	103659271	LTR/ERVL-MaLR	11013	+	814	103658458	77376
chr9	103581082	103781082	harbor1	chr9	103659272	103659646	LTR/ERVL-MaLR	1624	+	187	103659459	78377
chr9	123097805	123297805	harbor1	chr9	123148130	123148455	LTR/ERVL-MaLR	1568	+	162	123148292	50487
chr9	123097805	123297805	harbor1	chr9	123142111	123142500	LTR/ERVL-MaLR	2446	+	194	123142305	44500
chr9	76775172	76975172	harbor1	chr9	76792081	76792435	LTR/ERVL-MaLR	2708	+	177	76792258	17086
chr9	76775172	76975172	harbor1	chr9	76814207	76814589	LTR/ERVL-MaLR	524	+	191	76814398	39226
chr9	76775172	76975172	harbor1	chr9	76817376	76817771	LTR/ERVL-MaLR	1025	+	198	76817574	42402
chr9	76775172	76975172	harbor1	chr9	76818853	76818968	LTR/ERVL-MaLR	2481	+	58	76818911	43739
chr9	76775172	76975172	harbor1	chr9	76819269	76819611	LTR/ERVL-MaLR	2481	+	171	76819440	44268
chr9	76775172	76975172	harbor1	chr9	76844169	76844561	LTR/ERVL-MaLR	2327	+	196	76844365	69193
chr9	76775172	76975172	harbor1	chr9	76872818	76873255	LTR/ERVL-MaLR	2083	+	218	76873036	97864
chr9	117261750	117461750	harbor1	chr9	117262419	117262621	LTR/ERVL-MaLR	796	+	101	117262520	770
chr9	117261750	117461750	harbor1	chr9	117262622	117263122	LTR/ERVL-MaLR	1824	+	250	117262872	1122
chr9	117261750	117461750	harbor1	chr9	117263123	117263418	LTR/ERVL-MaLR	796	+	148	117263271	1521
chr9	117261750	117461750	harbor1	chr9	117280307	117280759	LTR/ERVL-MaLR	1160	+	226	117280533	18783
chr9	117261750	117461750	harbor1	chr9	117282572	117282892	LTR/ERVL-MaLR	562	+	160	117282732	20982
chr9	117261750	117461750	harbor1	chr9	117284010	117284144	LTR/ERVL-MaLR	1396	+	67	117284077	22327
chr9	117261750	117461750	harbor1	chr9	117284405	117284688	LTR/ERVL-MaLR	1396	+	142	117284547	22797
chr9	117261750	117461750	harbor1	chr9	117303705	117304244	LTR/ERVL-MaLR	1034	+	270	117303975	42225
chr9	117261750	117461750	harbor1	chr9	117330745	117331101	LTR/ERVL-MaLR	761	+	178	117330923	69173
chr9	106805920	107005920	harbor1	chr9	106806802	106807173	LTR/ERVL-MaLR	2078	+	186	106806988	1068
chr9	11961896	12161896	harbor1	chr9	11988025	11988414	LTR/ERVL-MaLR	1199	+	194	11988219	26323
chr9	11961896	12161896	harbor1	chr9	12034908	12035374	LTR/ERVL-MaLR	1829	+	233	12035141	73245
chr9	11961896	12161896	harbor1	chr9	12043146	12043396	LTR/ERVL-MaLR	1513	+	125	12043271	81375
chr9	93593521	93793521	harbor1	chr9	93622315	93622707	LTR/ERVL-MaLR	1139	+	196	93622511	28990
chr9	93593521	93793521	harbor1	chr9	93691914	93692274	LTR/ERVL-MaLR	1784	+	180	93692094	98573
chr9	73012635	73212635	harbor1	chr9	73066384	73066556	LTR/ERVL-MaLR	876	+	86	73066470	53835
chr9	73012635	73212635	harbor1	chr9	73072788	73073031	LTR/ERVL-MaLR	1191	+	122	73072910	60275
chr9	73012635	73212635	harbor1	chr9	73089440	73090080	LTR/ERVL-MaLR	2462	+	320	73089760	77125
chr9	73012635	73212635	harbor1	chr9	73104440	73104908	LTR/ERVL-MaLR	1527	+	234	73104674	92039
chr9	86770401	86970401	harbor1	chr9	86784139	86784501	LTR/ERVL-MaLR	2037	+	181	86784320	13919
chr9	86770401	86970401	harbor1	chr9	86786066	86786496	LTR/ERVL-MaLR	1299	+	215	86786281	15880
chr9	86770401	86970401	harbor1	chr9	86792574	86793040	LTR/ERVL-MaLR	1559	+	233	86792807	22406
chr9	86770401	86970401	harbor1	chr9	86810771	86811132	LTR/ERVL-MaLR	2242	+	180	86810951	40550
chr9	86770401	86970401	harbor1	chr9	86835306	86835404	LTR/ERVL-MaLR	422	+	49	86835355	64954
chr9	29175045	29375045	harbor1	chr9	29220857	29221206	LTR/ERVL-MaLR	1509	+	174	29221031	45986
chr9	29175045	29375045	harbor1	chr9	29234322	29234696	LTR/ERVL-MaLR	1181	+	187	29234509	59464
chr9	71449025	71649025	harbor1	chr9	71507527	71507888	LTR/ERVL-MaLR	2213	+	180	71507707	58682
chr9	71449025	71649025	harbor1	chr9	71529745	71529900	LTR/ERVL-MaLR	467	+	78	71529823	80798
chr9	136977174	137177174	harbor1	chr9	136998619	136998700	LTR/ERVL-MaLR	654	+	40	136998659	21485
chr9	136977174	137177174	harbor1	chr9	136998999	136999032	LTR/ERVL-MaLR	654	+	16	136999015	21841
chr9	136977174	137177174	harbor1	chr9	136999331	136999495	LTR/ERVL-MaLR	654	+	82	136999413	22239
chr9	136977174	137177174	harbor1	chr9	137001159	137001214	LTR/ERVL-MaLR	1145	+	28	137001187	24013
chr9	136977174	137177174	harbor1	chr9	137001522	137001561	LTR/ERVL-MaLR	1145	+	20	137001542	24368
chr9	136977174	137177174	harbor1	chr9	137001859	137002123	LTR/ERVL-MaLR	1145	+	132	137001991	24817
chr9	89403176	89603176	harbor1	chr9	89407190	89407414	LTR/ERVL-MaLR	415	+	112	89407302	4126
chr9	89403176	89603176	harbor1	chr9	89415431	89415775	LTR/ERVL-MaLR	1948	+	172	89415603	12427
chr9	89403176	89603176	harbor1	chr9	89478188	89478540	LTR/ERVL-MaLR	1016	+	176	89478364	75188
chr9	9337706	9537706	harbor1	chr9	9393212	9393651	LTR/ERVL-MaLR	1125	+	220	9393432	55726
chr9	9337706	9537706	harbor1	chr9	9399540	9399940	LTR/ERVL-MaLR	2310	+	200	9399740	62034
chr9	9337706	9537706	harbor1	chr9	9401650	9402023	LTR/ERVL-MaLR	2355	+	186	9401836	64130
chr9	9337706	9537706	harbor1	chr9	9423181	9423517	LTR/ERVL-MaLR	1264	+	168	9423349	85643
chr9	9337706	9537706	harbor1	chr9	9424855	9425134	LTR/ERVL-MaLR	559	+	140	9424995	87289
chr9	14428652	14628652	harbor1	chr9	14454777	14455080	LTR/ERVL-MaLR	829	+	152	14454929	26277
chr9	14428652	14628652	harbor1	chr9	14497886	14498087	LTR/ERVL-MaLR	428	+	100	14497986	69334
chr9	88022901	88222901	harbor1	chr9	88022915	88023315	LTR/ERVL-MaLR	2008	+	200	88023115	214
chr9	88022901	88222901	harbor1	chr9	88067571	88067965	LTR/ERVL-MaLR	2615	+	197	88067768	44867
chr9	88022901	88222901	harbor1	chr9	88081327	88081460	LTR/ERVL-MaLR	513	+	66	88081393	58492
chr9	88022901	88222901	harbor1	chr9	88082842	88083031	LTR/ERVL-MaLR	629	+	94	88082936	60035
chr9	88022901	88222901	harbor1	chr9	88083204	88083379	LTR/ERVL-MaLR	484	+	88	88083292	60391
chr9	88022901	88222901	harbor1	chr9	88121969	88122344	LTR/ERVL-MaLR	1477	+	188	88122157	99256
chr9	88022901	88222901	harbor1	chr9	88122584	88122929	LTR/ERVL-MaLR	1510	+	172	88122756	99855
chr9	21391629	21591629	harbor1	chr9	21400403	21400764	LTR/ERVL-MaLR	2472	+	180	21400583	8954
chr9	21391629	21591629	harbor1	chr9	21413288	21413573	LTR/ERVL-MaLR	1990	+	142	21413430	21801
chr9	21391629	21591629	harbor1	chr9	21435068	21435451	LTR/ERVL-MaLR	2191	+	192	21435260	43631
chr9	21391629	21591629	harbor1	chr9	21441987	21442350	LTR/ERVL-MaLR	1936	+	182	21442169	50540
chr9	21391629	21591629	harbor1	chr9	21470028	21470285	LTR/ERVL-MaLR	642	+	128	21470156	78527
chr9	21391629	21591629	harbor1	chr9	21470343	21470519	LTR/ERVL-MaLR	510	+	88	21470431	78802
chr9	21391629	21591629	harbor1	chr9	21462852	21463269	LTR/ERVL-MaLR	2608	+	208	21463060	71431
chr9	22488892	22688892	harbor1	chr9	22498193	22498572	LTR/ERVL-MaLR	2051	+	190	22498383	9491
chr9	22488892	22688892	harbor1	chr9	22500434	22500806	LTR/ERVL-MaLR	1928	+	186	22500620	11728
chr9	22488892	22688892	harbor1	chr9	22543886	22544250	LTR/ERVL-MaLR	598	+	182	22544068	55176
chr9	22488892	22688892	harbor1	chr9	22544490	22544853	LTR/ERVL-MaLR	617	+	182	22544672	55780
chr9	22488892	22688892	harbor1	chr9	22546711	22546991	LTR/ERVL-MaLR	585	+	140	22546851	57959
chr9	22488892	22688892	harbor1	chr9	22551534	22552024	LTR/ERVL-MaLR	1448	+	245	22551779	62887
chr9	22488892	22688892	harbor1	chr9	22555262	22555356	LTR/ERVL-MaLR	515	+	47	22555309	66417
chr9	22488892	22688892	harbor1	chr9	22555878	22556255	LTR/ERVL-MaLR	1507	+	188	22556066	67174
chr9	22488892	22688892	harbor1	chr9	22559616	22560035	LTR/ERVL-MaLR	2239	+	210	22559826	70934
chr9	22488892	22688892	harbor1	chr9	22571805	22572146	LTR/ERVL-MaLR	2094	+	170	22571975	83083
chr9	22488892	22688892	harbor1	chr9	22572147	22573730	LTR/ERVL-MaLR	11402	+	792	22572939	84047
chr9	22488892	22688892	harbor1	chr9	22573734	22573883	LTR/ERVL-MaLR	1005	+	74	22573808	84916
chr9	42553068	42753068	harbor1	chr9	42560129	42560498	LTR/ERVL-MaLR	2117	+	184	42560313	7245
chr9	42553068	42753068	harbor1	chr9	42560499	42560626	LTR/ERVL-MaLR	8467	+	64	42560563	7495
chr9	42553068	42753068	harbor1	chr9	42560945	42562113	LTR/ERVL-MaLR	8467	+	584	42561529	8461
chr9	42553068	42753068	harbor1	chr9	42564121	42564495	LTR/ERVL-MaLR	2485	+	187	42564308	11240
chr9	42553068	42753068	harbor1	chr9	42593692	42594146	LTR/ERVL-MaLR	1582	+	227	42593919	40851
chr9	42553068	42753068	harbor1	chr9	42641431	42642046	LTR/ERVL-MaLR	3348	+	308	42641739	88671
chr9	42553068	42753068	harbor1	chr9	42642047	42642417	LTR/ERVL-MaLR	1731	+	185	42642232	89164
chr9	134347360	134547360	harbor1	chr9	134445050	134445402	LTR/ERVL-MaLR	1714	+	176	134445226	97866
chr9	63121576	63321576	harbor1	chr9	63167046	63167507	LTR/ERVL-MaLR	1984	+	230	63167276	45700
chr9	63121576	63321576	harbor1	chr9	63173045	63173451	LTR/ERVL-MaLR	744	+	203	63173248	51672
chr9	63121576	63321576	harbor1	chr9	63173585	63173752	LTR/ERVL-MaLR	427	+	84	63173669	52093
chr9	63121576	63321576	harbor1	chr9	63173806	63174058	LTR/ERVL-MaLR	451	+	126	63173932	52356
chr9	63121576	63321576	harbor1	chr9	63201412	63201795	LTR/ERVL-MaLR	1710	+	192	63201604	80028
chr9	61153035	61353035	harbor1	chr9	61152736	61154196	LTR/ERVL-MaLR	10265	+	730	61153466	431
chr9	61153035	61353035	harbor1	chr9	61154197	61154556	LTR/ERVL-MaLR	2122	+	180	61154377	1342
chr9	61153035	61353035	harbor1	chr9	61178553	61178912	LTR/ERVL-MaLR	1940	+	180	61178733	25698
chr9	61153035	61353035	harbor1	chr9	61178913	61180478	LTR/ERVL-MaLR	10821	+	782	61179695	26660
chr9	61153035	61353035	harbor1	chr9	61180479	61180774	LTR/ERVL-MaLR	2087	+	148	61180627	27592
chr9	61153035	61353035	harbor1	chr9	61181065	61181135	LTR/ERVL-MaLR	2087	+	35	61181100	28065
chr9	61153035	61353035	harbor1	chr9	61210199	61210522	LTR/ERVL-MaLR	1175	+	162	61210361	57326
chr9	133838877	134038877	harbor1	chr9	133882401	133882715	LTR/ERVL-MaLR	627	+	157	133882558	43681
chr9	133838877	134038877	harbor1	chr9	133890595	133890820	LTR/ERVL-MaLR	584	+	112	133890707	51830
chr9	133838877	134038877	harbor1	chr9	133901365	133901533	LTR/ERVL-MaLR	428	+	84	133901449	62572
chr9	133838877	134038877	harbor1	chr9	133902616	133902790	LTR/ERVL-MaLR	1119	+	87	133902703	63826
chr9	133838877	134038877	harbor1	chr9	133903099	133903257	LTR/ERVL-MaLR	1119	+	79	133903178	64301
chr9	133838877	134038877	harbor1	chr9	133910011	133910361	LTR/ERVL-MaLR	598	+	175	133910186	71309
chr9	37572989	37772989	harbor1	chr9	37580433	37580962	LTR/ERVL-MaLR	709	+	264	37580697	7708
chr9	90063687	90263687	harbor1	chr9	90102944	90103011	LTR/ERVL-MaLR	2376	+	34	90102978	39291
chr9	90063687	90263687	harbor1	chr9	90103012	90103307	LTR/ERVL-MaLR	1769	+	148	90103160	39473
chr9	90063687	90263687	harbor1	chr9	90103670	90103738	LTR/ERVL-MaLR	1769	+	34	90103704	40017
chr9	90063687	90263687	harbor1	chr9	90103739	90104141	LTR/ERVL-MaLR	2376	+	201	90103940	40253
chr9	90063687	90263687	harbor1	chr9	90110747	90111111	LTR/ERVL-MaLR	1590	+	182	90110929	47242
chr9	90063687	90263687	harbor1	chr9	90117057	90117389	LTR/ERVL-MaLR	892	+	166	90117223	53536
chr9	84566430	84766430	harbor1	chr9	84568751	84569275	LTR/ERVL-MaLR	1816	+	262	84569013	2583
chr9	84566430	84766430	harbor1	chr9	84596949	84597222	LTR/ERVL-MaLR	1419	+	136	84597085	30655
chr9	84566430	84766430	harbor1	chr9	84619272	84619460	LTR/ERVL-MaLR	608	+	94	84619366	52936
chr9	84566430	84766430	harbor1	chr9	84619771	84619844	LTR/ERVL-MaLR	608	+	36	84619807	53377
chr9	84566430	84766430	harbor1	chr9	84621112	84621476	LTR/ERVL-MaLR	2077	+	182	84621294	54864
chr9	84566430	84766430	harbor1	chr9	84637769	84638106	LTR/ERVL-MaLR	567	+	168	84637937	71507
chr9	84566430	84766430	harbor1	chr9	84642087	84642442	LTR/ERVL-MaLR	2278	+	178	84642265	75835
chr9	84566430	84766430	harbor1	chr9	84642481	84642883	LTR/ERVL-MaLR	889	+	201	84642682	76252
chr9	38182405	38382405	harbor1	chr9	38193757	38194068	LTR/ERVL-MaLR	1076	+	156	38193913	11508
chr9	38182405	38382405	harbor1	chr9	38195027	38195111	LTR/ERVL-MaLR	492	+	42	38195069	12664
chr9	38182405	38382405	harbor1	chr9	38208544	38208959	LTR/ERVL-MaLR	1045	+	208	38208752	26347
chr9	38182405	38382405	harbor1	chr9	38235442	38235747	LTR/ERVL-MaLR	474	+	152	38235594	53189
chr9	38182405	38382405	harbor1	chr9	38273619	38273975	LTR/ERVL-MaLR	1768	+	178	38273797	91392
chr9	80956482	81156482	harbor1	chr9	80956137	80956494	LTR/ERVL-MaLR	1008	+	178	80956315	167
chr9	80956482	81156482	harbor1	chr9	80959287	80959655	LTR/ERVL-MaLR	2182	+	184	80959471	2989
chr9	80956482	81156482	harbor1	chr9	80960159	80960524	LTR/ERVL-MaLR	2628	+	182	80960341	3859
chr9	80956482	81156482	harbor1	chr9	80969913	80971507	LTR/ERVL-MaLR	11335	+	797	80970710	14228
chr9	80956482	81156482	harbor1	chr9	80971508	80971863	LTR/ERVL-MaLR	2573	+	178	80971686	15204
chr9	80956482	81156482	harbor1	chr9	80987552	80987869	LTR/ERVL-MaLR	1286	+	158	80987710	31228
chr9	80956482	81156482	harbor1	chr9	81022248	81022599	LTR/ERVL-MaLR	667	+	176	81022424	65942
chr9	80956482	81156482	harbor1	chr9	80969553	80969908	LTR/ERVL-MaLR	2577	+	178	80969731	13249
chr9	80956482	81156482	harbor1	chr9	81002166	81002620	LTR/ERVL-MaLR	598	+	227	81002393	45911
chr9	70026245	70226245	harbor1	chr9	70027102	70027481	LTR/ERVL-MaLR	508	+	190	70027292	1047
chr9	70026245	70226245	harbor1	chr9	70035638	70035965	LTR/ERVL-MaLR	1458	+	164	70035802	9557
chr9	70026245	70226245	harbor1	chr9	70123550	70124001	LTR/ERVL-MaLR	2539	+	226	70123776	97531
chr9	30978261	31178261	harbor1	chr9	30977578	30979114	LTR/ERVL-MaLR	10704	+	768	30978346	85
chr9	30978261	31178261	harbor1	chr9	30979115	30979443	LTR/ERVL-MaLR	1738	+	164	30979279	1018
chr9	104724134	104924134	harbor1	chr9	104723770	104724163	LTR/ERVL-MaLR	807	+	196	104723966	168
chr9	104724134	104924134	harbor1	chr9	104745711	104745942	LTR/ERVL-MaLR	493	+	116	104745827	21693
chr9	104724134	104924134	harbor1	chr9	104776374	104776678	LTR/ERVL-MaLR	1167	+	152	104776526	52392
chr9	37780766	37980766	harbor1	chr9	37876695	37877005	LTR/ERVL-MaLR	1468	+	155	37876850	96084
chr9	37780766	37980766	harbor1	chr9	37877339	37877390	LTR/ERVL-MaLR	1468	+	26	37877365	96599
chr9	35780975	35980975	harbor1	chr9	35858606	35859023	LTR/ERVL-MaLR	1405	+	208	35858814	77839
chr9	86403068	86603068	harbor1	chr9	86404098	86404441	LTR/ERVL-MaLR	1776	+	172	86404270	1202
chr9	86403068	86603068	harbor1	chr9	86439072	86439252	LTR/ERVL-MaLR	1839	+	90	86439162	36094
chr9	86403068	86603068	harbor1	chr9	86439550	86439756	LTR/ERVL-MaLR	1839	+	103	86439653	36585
chr9	86403068	86603068	harbor1	chr9	86451150	86451518	LTR/ERVL-MaLR	777	+	184	86451334	48266
chr9	86403068	86603068	harbor1	chr9	86487950	86488184	LTR/ERVL-MaLR	776	+	117	86488067	84999
chr9	86403068	86603068	harbor1	chr9	86489104	86489245	LTR/ERVL-MaLR	788	+	70	86489174	86106
chr9	86403068	86603068	harbor1	chr9	86492605	86492988	LTR/ERVL-MaLR	1926	+	192	86492797	89729
chr9	126255986	126455986	harbor1	chr9	126261457	126261832	LTR/ERVL-MaLR	1836	+	188	126261645	5659
chr9	126255986	126455986	harbor1	chr9	126270346	126270837	LTR/ERVL-MaLR	2104	+	246	126270592	14606
chr9	126255986	126455986	harbor1	chr9	126282852	126283295	LTR/ERVL-MaLR	1815	+	222	126283074	27088
chr9	126255986	126455986	harbor1	chr9	126291213	126291308	LTR/ERVL-MaLR	487	+	48	126291261	35275
chr9	126255986	126455986	harbor1	chr9	126300577	126301067	LTR/ERVL-MaLR	1313	+	245	126300822	44836
chr9	126255986	126455986	harbor1	chr9	126301099	126301422	LTR/ERVL-MaLR	939	+	162	126301261	45275
chr9	126255986	126455986	harbor1	chr9	126309848	126310209	LTR/ERVL-MaLR	1693	+	180	126310028	54042
chr9	126255986	126455986	harbor1	chr9	126310866	126311087	LTR/ERVL-MaLR	428	+	110	126310976	54990
chr9	126255986	126455986	harbor1	chr9	126318516	126318675	LTR/ERVL-MaLR	434	+	80	126318596	62610
chr9	40994530	41194530	harbor1	chr9	41021031	41021342	LTR/ERVL-MaLR	702	+	156	41021187	26657
chr9	40994530	41194530	harbor1	chr9	41021742	41022142	LTR/ERVL-MaLR	1136	+	200	41021942	27412
chr9	40994530	41194530	harbor1	chr9	41041511	41041809	LTR/ERVL-MaLR	955	+	149	41041660	47130
chr9	40994530	41194530	harbor1	chr9	41056766	41057212	LTR/ERVL-MaLR	1812	+	223	41056989	62459
chr9	40994530	41194530	harbor1	chr9	41057462	41057536	LTR/ERVL-MaLR	464	+	37	41057499	62969
chr9	40994530	41194530	harbor1	chr9	41059070	41059479	LTR/ERVL-MaLR	2678	+	204	41059274	64744
chr9	40994530	41194530	harbor1	chr9	41059728	41059987	LTR/ERVL-MaLR	1003	+	130	41059858	65328
chr9	40994530	41194530	harbor1	chr9	41069935	41070293	LTR/ERVL-MaLR	1984	+	179	41070114	75584
chr9	40994530	41194530	harbor1	chr9	41058027	41058441	LTR/ERVL-MaLR	469	+	207	41058234	63704
chr9	40994530	41194530	harbor1	chr9	41025477	41025885	LTR/ERVL-MaLR	2735	+	204	41025681	31151
chr9	71363821	71563821	harbor1	chr9	71398395	71398772	LTR/ERVL-MaLR	2137	+	188	71398583	34762
chr9	71363821	71563821	harbor1	chr9	71413560	71413924	LTR/ERVL-MaLR	1383	+	182	71413742	49921
chr9	71363821	71563821	harbor1	chr9	71414906	71415368	LTR/ERVL-MaLR	1447	+	231	71415137	51316
chr9	71363821	71563821	harbor1	chr9	71433191	71433558	LTR/ERVL-MaLR	2685	+	184	71433375	69554
chr9	71363821	71563821	harbor1	chr9	71435687	71435963	LTR/ERVL-MaLR	2125	+	138	71435825	72004
chr9	71363821	71563821	harbor1	chr9	71435964	71436283	LTR/ERVL-MaLR	2546	+	160	71436124	72303
chr9	71363821	71563821	harbor1	chr9	71436603	71436667	LTR/ERVL-MaLR	2546	+	32	71436635	72814
chr9	71363821	71563821	harbor1	chr9	71436668	71436887	LTR/ERVL-MaLR	2125	+	110	71436778	72957
chr9	71363821	71563821	harbor1	chr9	71434190	71434531	LTR/ERVL-MaLR	1659	+	170	71434360	70539
chr9	120298963	120498963	harbor1	chr9	120307182	120307633	LTR/ERVL-MaLR	2184	+	226	120307408	8445
chr9	120298963	120498963	harbor1	chr9	120312099	120312686	LTR/ERVL-MaLR	2298	+	294	120312393	13430
chr9	120298963	120498963	harbor1	chr9	120318137	120318470	LTR/ERVL-MaLR	1079	+	166	120318303	19340
chr9	120298963	120498963	harbor1	chr9	120347399	120347826	LTR/ERVL-MaLR	3090	+	214	120347613	48650
chr9	120298963	120498963	harbor1	chr9	120355899	120356359	LTR/ERVL-MaLR	794	+	230	120356129	57166
chr9	120298963	120498963	harbor1	chr9	120362386	120362537	LTR/ERVL-MaLR	514	+	76	120362462	63499
chr9	120298963	120498963	harbor1	chr9	120363218	120363457	LTR/ERVL-MaLR	886	+	120	120363338	64375
chr9	120298963	120498963	harbor1	chr9	120373238	120373667	LTR/ERVL-MaLR	1250	+	214	120373452	74489
chr9	34052079	34252079	harbor1	chr9	34063361	34063502	LTR/ERVL-MaLR	554	+	70	34063431	11352
chr9	34052079	34252079	harbor1	chr9	34144908	34144962	LTR/ERVL-MaLR	524	+	27	34144935	92856
chr9	34052079	34252079	harbor1	chr9	34145267	34145594	LTR/ERVL-MaLR	524	+	164	34145431	93352
chr9	34052079	34252079	harbor1	chr9	34145893	34145945	LTR/ERVL-MaLR	524	+	26	34145919	93840
chr9	34052079	34252079	harbor1	chr9	34147786	34148119	LTR/ERVL-MaLR	653	+	166	34147952	95873
chr9	131544738	131744738	harbor1	chr9	131617994	131618478	LTR/ERVL-MaLR	1285	+	242	131618236	73498
chr9	104665042	104865042	harbor1	chr9	104695989	104696107	LTR/ERVL-MaLR	836	+	59	104696048	31006
chr9	104665042	104865042	harbor1	chr9	104696168	104696535	LTR/ERVL-MaLR	836	+	184	104696352	31310
chr9	104665042	104865042	harbor1	chr9	104709346	104709535	LTR/ERVL-MaLR	543	+	94	104709440	44398
chr9	104665042	104865042	harbor1	chr9	104723770	104724163	LTR/ERVL-MaLR	807	+	196	104723966	58924
chr9	104665042	104865042	harbor1	chr9	104745711	104745942	LTR/ERVL-MaLR	493	+	116	104745827	80785
chr9	76422465	76622465	harbor1	chr9	76423202	76423560	LTR/ERVL-MaLR	1691	+	179	76423381	916
chr9	76422465	76622465	harbor1	chr9	76426945	76427198	LTR/ERVL-MaLR	1367	+	126	76427071	4606
chr9	76422465	76622465	harbor1	chr9	76442077	76442393	LTR/ERVL-MaLR	1482	+	158	76442235	19770
chr9	76422465	76622465	harbor1	chr9	76451641	76451795	LTR/ERVL-MaLR	1002	+	77	76451718	29253
chr9	76422465	76622465	harbor1	chr9	76454519	76454834	LTR/ERVL-MaLR	2085	+	158	76454677	32212
chr9	76422465	76622465	harbor1	chr9	76455146	76455219	LTR/ERVL-MaLR	2085	+	36	76455182	32717
chr9	74105381	74305381	harbor1	chr9	74106120	74106522	LTR/ERVL-MaLR	1664	+	201	74106321	940
chr9	74105381	74305381	harbor1	chr9	74138974	74139368	LTR/ERVL-MaLR	1283	+	197	74139171	33790
chr9	74105381	74305381	harbor1	chr9	74201919	74202366	LTR/ERVL-MaLR	1487	+	224	74202143	96762
chr9	40638818	40838818	harbor1	chr9	40644646	40645098	LTR/ERVL-MaLR	1298	+	226	40644872	6054
chr9	40638818	40838818	harbor1	chr9	40660203	40660482	LTR/ERVL-MaLR	1305	+	140	40660343	21525
chr9	40638818	40838818	harbor1	chr9	40662110	40662380	LTR/ERVL-MaLR	1034	+	135	40662245	23427
chr9	40638818	40838818	harbor1	chr9	40662680	40662921	LTR/ERVL-MaLR	1034	+	120	40662800	23982
chr9	40638818	40838818	harbor1	chr9	40665797	40666134	LTR/ERVL-MaLR	2096	+	168	40665965	27147
chr9	40638818	40838818	harbor1	chr9	40673222	40673354	LTR/ERVL-MaLR	809	+	66	40673288	34470
chr9	40638818	40838818	harbor1	chr9	40701861	40702272	LTR/ERVL-MaLR	1794	+	206	40702067	63249
chr9	77275183	77475183	harbor1	chr9	77298682	77298948	LTR/ERVL-MaLR	1519	+	133	77298815	23632
chr9	101557101	101757101	harbor1	chr9	101574600	101575117	LTR/ERVL-MaLR	1370	+	258	101574858	17757
chr9	101557101	101757101	harbor1	chr9	101581376	101581741	LTR/ERVL-MaLR	1455	+	182	101581558	24457
chr9	101557101	101757101	harbor1	chr9	101609007	101609299	LTR/ERVL-MaLR	747	+	146	101609153	52052
chr9	101557101	101757101	harbor1	chr9	101640590	101640946	LTR/ERVL-MaLR	2193	+	178	101640768	83667
chr9	101557101	101757101	harbor1	chr9	101650222	101650539	LTR/ERVL-MaLR	412	+	158	101650380	93279
chr9	98081996	98281996	harbor1	chr9	98095738	98096020	LTR/ERVL-MaLR	609	+	141	98095879	13883
chr9	98081996	98281996	harbor1	chr9	98134378	98134795	LTR/ERVL-MaLR	1559	+	208	98134586	52590
chr9	98081996	98281996	harbor1	chr9	98174510	98174873	LTR/ERVL-MaLR	2382	+	182	98174692	92696
chr9	134048819	134248819	harbor1	chr9	134080893	134081136	LTR/ERVL-MaLR	1501	+	122	134081015	32196
chr9	134048819	134248819	harbor1	chr9	134081433	134081620	LTR/ERVL-MaLR	1347	+	94	134081527	32708
chr9	134048819	134248819	harbor1	chr9	134085385	134085520	LTR/ERVL-MaLR	581	+	68	134085453	36634
chr9	134048819	134248819	harbor1	chr9	134085613	134085982	LTR/ERVL-MaLR	1762	+	184	134085797	36978
chr9	134048819	134248819	harbor1	chr9	134095774	134095856	LTR/ERVL-MaLR	1876	+	41	134095815	46996
chr9	134048819	134248819	harbor1	chr9	134096150	134096428	LTR/ERVL-MaLR	1876	+	139	134096289	47470
chr9	80517341	80717341	harbor1	chr9	80520189	80520631	LTR/ERVL-MaLR	1326	+	221	80520410	3069
chr9	80517341	80717341	harbor1	chr9	80522340	80522628	LTR/ERVL-MaLR	988	+	144	80522484	5143
chr9	80517341	80717341	harbor1	chr9	80537455	80537865	LTR/ERVL-MaLR	2408	+	205	80537660	20319
chr9	80517341	80717341	harbor1	chr9	80543498	80543667	LTR/ERVL-MaLR	798	+	84	80543582	26241
chr9	80517341	80717341	harbor1	chr9	80543919	80544260	LTR/ERVL-MaLR	1659	+	170	80544089	26748
chr9	80517341	80717341	harbor1	chr9	80548866	80549215	LTR/ERVL-MaLR	1750	+	174	80549040	31699
chr9	80517341	80717341	harbor1	chr9	80559225	80559663	LTR/ERVL-MaLR	1657	+	219	80559444	42103
chr9	80517341	80717341	harbor1	chr9	80593229	80593608	LTR/ERVL-MaLR	2588	+	190	80593419	76078
chr9	80517341	80717341	harbor1	chr9	80593609	80595179	LTR/ERVL-MaLR	9604	+	785	80594394	77053
chr9	80517341	80717341	harbor1	chr9	80595180	80595556	LTR/ERVL-MaLR	2446	+	188	80595368	78027
chr9	80517341	80717341	harbor1	chr9	80602902	80603210	LTR/ERVL-MaLR	620	+	154	80603056	85715
chr9	87337117	87537117	harbor1	chr9	87341786	87341893	LTR/ERVL-MaLR	434	+	54	87341840	4723
chr9	87337117	87537117	harbor1	chr9	87348725	87348813	LTR/ERVL-MaLR	445	+	44	87348769	11652
chr9	87337117	87537117	harbor1	chr9	87351833	87352120	LTR/ERVL-MaLR	1220	+	144	87351977	14860
chr9	87337117	87537117	harbor1	chr9	87352121	87353118	LTR/ERVL-MaLR	1603	+	498	87352619	15502
chr9	87337117	87537117	harbor1	chr9	87353139	87353496	LTR/ERVL-MaLR	1559	+	178	87353317	16200
chr9	65784459	65984459	harbor1	chr9	65834862	65835293	LTR/ERVL-MaLR	1132	+	216	65835078	50619
chr9	65784459	65984459	harbor1	chr9	65853204	65853671	LTR/ERVL-MaLR	1129	+	234	65853438	68979
chr9	65784459	65984459	harbor1	chr9	65862116	65862484	LTR/ERVL-MaLR	2119	+	184	65862300	77841
chr9	71005723	71205723	harbor1	chr9	71056494	71056866	LTR/ERVL-MaLR	2352	+	186	71056680	50957
chr9	71005723	71205723	harbor1	chr9	71062599	71062992	LTR/ERVL-MaLR	1928	+	196	71062795	57072
chr9	9268559	9468559	harbor1	chr9	9288702	9289074	LTR/ERVL-MaLR	2576	+	186	9288888	20329
chr9	9268559	9468559	harbor1	chr9	9294410	9294813	LTR/ERVL-MaLR	1010	+	202	9294612	26053
chr9	9268559	9468559	harbor1	chr9	9300475	9300838	LTR/ERVL-MaLR	1671	+	182	9300657	32098
chr9	9268559	9468559	harbor1	chr9	9305600	9306032	LTR/ERVL-MaLR	1192	+	216	9305816	37257
chr9	19514673	19714673	harbor1	chr9	19533358	19533815	LTR/ERVL-MaLR	1370	+	228	19533586	18913
chr9	19514673	19714673	harbor1	chr9	19549275	19549895	LTR/ERVL-MaLR	2748	+	310	19549585	34912
chr9	19514673	19714673	harbor1	chr9	19553959	19554292	LTR/ERVL-MaLR	1492	+	166	19554125	39452
chr9	19514673	19714673	harbor1	chr9	19554574	19554859	LTR/ERVL-MaLR	832	+	142	19554716	40043
chr9	19514673	19714673	harbor1	chr9	19560274	19560697	LTR/ERVL-MaLR	1106	+	212	19560486	45813
chr9	19514673	19714673	harbor1	chr9	19572338	19572705	LTR/ERVL-MaLR	1973	+	184	19572522	57849
chr9	19514673	19714673	harbor1	chr9	19591374	19591876	LTR/ERVL-MaLR	1296	+	251	19591625	76952
chr9	22492977	22692977	harbor1	chr9	22498193	22498572	LTR/ERVL-MaLR	2051	+	190	22498383	5406
chr9	22492977	22692977	harbor1	chr9	22500434	22500806	LTR/ERVL-MaLR	1928	+	186	22500620	7643
chr9	22492977	22692977	harbor1	chr9	22543886	22544250	LTR/ERVL-MaLR	598	+	182	22544068	51091
chr9	22492977	22692977	harbor1	chr9	22544490	22544853	LTR/ERVL-MaLR	617	+	182	22544672	51695
chr9	22492977	22692977	harbor1	chr9	22546711	22546991	LTR/ERVL-MaLR	585	+	140	22546851	53874
chr9	22492977	22692977	harbor1	chr9	22551534	22552024	LTR/ERVL-MaLR	1448	+	245	22551779	58802
chr9	22492977	22692977	harbor1	chr9	22555262	22555356	LTR/ERVL-MaLR	515	+	47	22555309	62332
chr9	22492977	22692977	harbor1	chr9	22555878	22556255	LTR/ERVL-MaLR	1507	+	188	22556066	63089
chr9	22492977	22692977	harbor1	chr9	22559616	22560035	LTR/ERVL-MaLR	2239	+	210	22559826	66849
chr9	22492977	22692977	harbor1	chr9	22571805	22572146	LTR/ERVL-MaLR	2094	+	170	22571975	78998
chr9	22492977	22692977	harbor1	chr9	22572147	22573730	LTR/ERVL-MaLR	11402	+	792	22572939	79962
chr9	22492977	22692977	harbor1	chr9	22573734	22573883	LTR/ERVL-MaLR	1005	+	74	22573808	80831
chr9	22492977	22692977	harbor1	chr9	22592117	22592650	LTR/ERVL-MaLR	1740	+	266	22592383	99406
chr9	95712097	95912097	harbor1	chr9	95712708	95712869	LTR/ERVL-MaLR	538	+	80	95712788	691
chr9	95712097	95912097	harbor1	chr9	95715343	95715773	LTR/ERVL-MaLR	1460	+	215	95715558	3461
chr9	95712097	95912097	harbor1	chr9	95766511	95767024	LTR/ERVL-MaLR	1477	+	256	95766767	54670
chr9	95712097	95912097	harbor1	chr9	95768478	95768828	LTR/ERVL-MaLR	2011	+	175	95768653	56556
chr9	95712097	95912097	harbor1	chr9	95769435	95769536	LTR/ERVL-MaLR	458	+	50	95769485	57388
chr9	95712097	95912097	harbor1	chr9	95769653	95770172	LTR/ERVL-MaLR	932	+	260	95769913	57816
chr9	95712097	95912097	harbor1	chr9	95783012	95783093	LTR/ERVL-MaLR	450	+	40	95783052	70955
chr9	95712097	95912097	harbor1	chr9	95783402	95783556	LTR/ERVL-MaLR	450	+	77	95783479	71382
chr9	95712097	95912097	harbor1	chr9	95791668	95792074	LTR/ERVL-MaLR	963	+	203	95791871	79774
chr9	95712097	95912097	harbor1	chr9	95764400	95764796	LTR/ERVL-MaLR	2169	+	198	95764598	52501
chr9	103338140	103538140	harbor1	chr9	103345010	103345384	LTR/ERVL-MaLR	1208	+	187	103345197	7057
chr9	103338140	103538140	harbor1	chr9	103348103	103348515	LTR/ERVL-MaLR	1330	+	206	103348309	10169
chr9	103338140	103538140	harbor1	chr9	103362793	103363427	LTR/ERVL-MaLR	2434	+	317	103363110	24970
chr9	103338140	103538140	harbor1	chr9	103392289	103392653	LTR/ERVL-MaLR	2686	+	182	103392471	54331
chr9	103338140	103538140	harbor1	chr9	103417909	103418262	LTR/ERVL-MaLR	1973	+	176	103418085	79945
chr9	33552175	33752175	harbor1	chr9	33577379	33577594	LTR/ERVL-MaLR	777	+	108	33577487	25312
chr9	33552175	33752175	harbor1	chr9	33577595	33577838	LTR/ERVL-MaLR	1483	+	122	33577717	25542
chr9	33552175	33752175	harbor1	chr9	33577836	33578080	LTR/ERVL-MaLR	1169	+	122	33577958	25783
chr9	33552175	33752175	harbor1	chr9	33578081	33578454	LTR/ERVL-MaLR	1557	+	186	33578267	26092
chr9	33552175	33752175	harbor1	chr9	33578623	33578724	LTR/ERVL-MaLR	463	+	50	33578673	26498
chr9	33552175	33752175	harbor1	chr9	33579053	33579344	LTR/ERVL-MaLR	1172	+	146	33579199	27024
chr9	33552175	33752175	harbor1	chr9	33579510	33581046	LTR/ERVL-MaLR	5888	+	768	33580278	28103
chr9	33552175	33752175	harbor1	chr9	33581284	33581631	LTR/ERVL-MaLR	1370	+	174	33581458	29283
chr9	33552175	33752175	harbor1	chr9	33582110	33582403	LTR/ERVL-MaLR	1180	+	146	33582256	30081
chr9	33552175	33752175	harbor1	chr9	33582568	33584130	LTR/ERVL-MaLR	6839	+	781	33583349	31174
chr9	33552175	33752175	harbor1	chr9	33584376	33584722	LTR/ERVL-MaLR	1413	+	173	33584549	32374
chr9	33552175	33752175	harbor1	chr9	33584723	33584809	LTR/ERVL-MaLR	457	+	43	33584766	32591
chr9	33552175	33752175	harbor1	chr9	33585209	33585490	LTR/ERVL-MaLR	947	+	140	33585349	33174
chr9	33552175	33752175	harbor1	chr9	33587241	33587339	LTR/ERVL-MaLR	421	+	49	33587290	35115
chr9	33552175	33752175	harbor1	chr9	33587494	33587807	LTR/ERVL-MaLR	989	+	156	33587650	35475
chr9	33552175	33752175	harbor1	chr9	33587812	33587901	LTR/ERVL-MaLR	436	+	44	33587856	35681
chr9	33552175	33752175	harbor1	chr9	33588291	33588578	LTR/ERVL-MaLR	996	+	144	33588435	36260
chr9	33552175	33752175	harbor1	chr9	33588744	33590327	LTR/ERVL-MaLR	6508	+	792	33589536	37361
chr9	33552175	33752175	harbor1	chr9	33590587	33590900	LTR/ERVL-MaLR	1158	+	156	33590743	38568
chr9	33552175	33752175	harbor1	chr9	33590902	33590997	LTR/ERVL-MaLR	433	+	48	33590950	38775
chr9	33552175	33752175	harbor1	chr9	33591388	33591677	LTR/ERVL-MaLR	1070	+	144	33591532	39357
chr9	33552175	33752175	harbor1	chr9	33591844	33593438	LTR/ERVL-MaLR	6247	+	797	33592641	40466
chr9	33552175	33752175	harbor1	chr9	33593439	33593534	LTR/ERVL-MaLR	422	+	48	33593487	41312
chr9	33552175	33752175	harbor1	chr9	33593586	33594001	LTR/ERVL-MaLR	1263	+	208	33593794	41619
chr9	33552175	33752175	harbor1	chr9	33594002	33594095	LTR/ERVL-MaLR	465	+	46	33594048	41873
chr9	33552175	33752175	harbor1	chr9	33594485	33594738	LTR/ERVL-MaLR	869	+	126	33594611	42436
chr9	33552175	33752175	harbor1	chr9	33594906	33596497	LTR/ERVL-MaLR	6393	+	796	33595702	43527
chr9	33552175	33752175	harbor1	chr9	33596698	33597042	LTR/ERVL-MaLR	1542	+	172	33596870	44695
chr9	33552175	33752175	harbor1	chr9	33597043	33597137	LTR/ERVL-MaLR	488	+	47	33597090	44915
chr9	33552175	33752175	harbor1	chr9	33597523	33597720	LTR/ERVL-MaLR	637	+	98	33597621	45446
chr9	33552175	33752175	harbor1	chr9	33611175	33611256	LTR/ERVL-MaLR	436	+	40	33611215	59040
chr9	33552175	33752175	harbor1	chr9	33585657	33587240	LTR/ERVL-MaLR	6822	+	792	33586449	34274
chr9	66297178	66497178	harbor1	chr9	66333950	66334215	LTR/ERVL-MaLR	599	+	132	66334082	36904
chr9	66297178	66497178	harbor1	chr9	66334642	66335004	LTR/ERVL-MaLR	606	+	181	66334823	37645
chr9	66297178	66497178	harbor1	chr9	66388222	66388252	LTR/ERVL-MaLR	1370	+	15	66388237	91059
chr9	66297178	66497178	harbor1	chr9	66388253	66388605	LTR/ERVL-MaLR	2059	+	176	66388429	91251
chr9	66297178	66497178	harbor1	chr9	66388606	66388858	LTR/ERVL-MaLR	1370	+	126	66388732	91554
chr9	66297178	66497178	harbor1	chr9	66389066	66389301	LTR/ERVL-MaLR	1370	+	118	66389184	92006
chr9	66297178	66497178	harbor1	chr9	66338410	66338917	LTR/ERVL-MaLR	1469	+	254	66338664	41486
chr9	65148555	65348555	harbor1	chr9	65225139	65225284	LTR/ERVL-MaLR	623	+	72	65225211	76656
chr9	65148555	65348555	harbor1	chr9	65230633	65231236	LTR/ERVL-MaLR	1340	+	302	65230935	82380
chr9	99822946	100022946	harbor1	chr9	99892682	99893103	LTR/ERVL-MaLR	1969	+	210	99892892	69946
chr9	99822946	100022946	harbor1	chr9	99920047	99920598	LTR/ERVL-MaLR	1104	+	276	99920323	97377
chr9	93887463	94087463	harbor1	chr9	93889225	93889614	LTR/ERVL-MaLR	2209	+	194	93889419	1956
chr9	93887463	94087463	harbor1	chr9	93890591	93890997	LTR/ERVL-MaLR	516	+	203	93890794	3331
chr9	93887463	94087463	harbor1	chr9	93892505	93892622	LTR/ERVL-MaLR	1594	+	58	93892563	5100
chr9	93887463	94087463	harbor1	chr9	93893068	93893304	LTR/ERVL-MaLR	1594	+	118	93893186	5723
chr9	93887463	94087463	harbor1	chr9	93897830	93898214	LTR/ERVL-MaLR	513	+	192	93898022	10559
chr9	93887463	94087463	harbor1	chr9	93907028	93907366	LTR/ERVL-MaLR	1604	+	169	93907197	19734
chr9	93887463	94087463	harbor1	chr9	93913458	93913736	LTR/ERVL-MaLR	2196	+	139	93913597	26134
chr9	93887463	94087463	harbor1	chr9	93924333	93924451	LTR/ERVL-MaLR	411	+	59	93924392	36929
chr9	93887463	94087463	harbor1	chr9	93929498	93929681	LTR/ERVL-MaLR	2552	+	92	93929590	42127
chr9	93887463	94087463	harbor1	chr9	93929988	93930273	LTR/ERVL-MaLR	2552	+	142	93930130	42667
chr9	93887463	94087463	harbor1	chr9	93965413	93965612	LTR/ERVL-MaLR	1008	+	100	93965513	78050
chr9	93887463	94087463	harbor1	chr9	93965909	93966135	LTR/ERVL-MaLR	1008	+	113	93966022	78559
chr9	93887463	94087463	harbor1	chr9	93976495	93976884	LTR/ERVL-MaLR	1838	+	194	93976689	89226
chr9	93887463	94087463	harbor1	chr9	93980255	93980703	LTR/ERVL-MaLR	1454	+	224	93980479	93016
chr9	93887463	94087463	harbor1	chr9	93981433	93981844	LTR/ERVL-MaLR	2448	+	206	93981639	94176
chr9	93887463	94087463	harbor1	chr9	93982639	93982993	LTR/ERVL-MaLR	2645	+	177	93982816	95353
chr9	93887463	94087463	harbor1	chr9	93912942	93913117	LTR/ERVL-MaLR	2196	+	88	93913030	25567
chr9	21362181	21562181	harbor1	chr9	21400403	21400764	LTR/ERVL-MaLR	2472	+	180	21400583	38402
chr9	21362181	21562181	harbor1	chr9	21413288	21413573	LTR/ERVL-MaLR	1990	+	142	21413430	51249
chr9	21362181	21562181	harbor1	chr9	21435068	21435451	LTR/ERVL-MaLR	2191	+	192	21435260	73079
chr9	21362181	21562181	harbor1	chr9	21441987	21442350	LTR/ERVL-MaLR	1936	+	182	21442169	79988
chr9	61017106	61217106	harbor1	chr9	61110862	61111224	LTR/ERVL-MaLR	2654	+	181	61111043	93937
chr9	124069006	124269006	harbor1	chr9	124098028	124098317	LTR/ERVL-MaLR	1016	+	144	124098172	29166
chr9	124069006	124269006	harbor1	chr9	124110665	124111032	LTR/ERVL-MaLR	2731	+	184	124110849	41843
chr9	124069006	124269006	harbor1	chr9	124122526	124122962	LTR/ERVL-MaLR	1183	+	218	124122744	53738
chr9	124069006	124269006	harbor1	chr9	124123455	124123767	LTR/ERVL-MaLR	1709	+	156	124123611	54605
chr9	124069006	124269006	harbor1	chr9	124164816	124165338	LTR/ERVL-MaLR	760	+	261	124165077	96071
chr9	124069006	124269006	harbor1	chr9	124092137	124092493	LTR/ERVL-MaLR	1723	+	178	124092315	23309
chr9	26128453	26328453	harbor1	chr9	26157325	26157682	LTR/ERVL-MaLR	2455	+	178	26157503	29050
chr9	26128453	26328453	harbor1	chr9	26157843	26158262	LTR/ERVL-MaLR	2444	+	210	26158053	29600
chr9	26128453	26328453	harbor1	chr9	26177912	26178087	LTR/ERVL-MaLR	525	+	88	26178000	49547
chr9	26128453	26328453	harbor1	chr9	26178453	26178868	LTR/ERVL-MaLR	1433	+	208	26178661	50208
chr9	26128453	26328453	harbor1	chr9	26178927	26179249	LTR/ERVL-MaLR	677	+	161	26179088	50635
chr9	26128453	26328453	harbor1	chr9	26179258	26179554	LTR/ERVL-MaLR	558	+	148	26179406	50953
chr9	26128453	26328453	harbor1	chr9	26182593	26182933	LTR/ERVL-MaLR	533	+	170	26182763	54310
chr9	26128453	26328453	harbor1	chr9	26191826	26192188	LTR/ERVL-MaLR	1859	+	181	26192007	63554
chr9	26128453	26328453	harbor1	chr9	26192505	26192884	LTR/ERVL-MaLR	2416	+	190	26192695	64242
chr9	26128453	26328453	harbor1	chr9	26193942	26194175	LTR/ERVL-MaLR	902	+	116	26194058	65605
chr9	67564572	67764572	harbor1	chr9	67608183	67608330	LTR/ERVL-MaLR	620	+	74	67608257	43685
chr9	30571757	30771757	harbor1	chr9	30604475	30604817	LTR/ERVL-MaLR	1898	+	171	30604646	32889
chr9	30571757	30771757	harbor1	chr9	30608155	30608535	LTR/ERVL-MaLR	2121	+	190	30608345	36588
chr9	30571757	30771757	harbor1	chr9	30615573	30615754	LTR/ERVL-MaLR	1736	+	90	30615663	43906
chr9	30571757	30771757	harbor1	chr9	30616030	30616244	LTR/ERVL-MaLR	1736	+	107	30616137	44380
chr9	30571757	30771757	harbor1	chr9	30617776	30618125	LTR/ERVL-MaLR	1975	+	174	30617950	46193
chr9	30571757	30771757	harbor1	chr9	30636015	30636411	LTR/ERVL-MaLR	1601	+	198	30636213	64456
chr9	30571757	30771757	harbor1	chr9	30670038	30670279	LTR/ERVL-MaLR	1128	+	120	30670158	98401
chr9	100749114	100949114	harbor1	chr9	100756730	100757083	LTR/ERVL-MaLR	2703	+	176	100756906	7792
chr9	100749114	100949114	harbor1	chr9	100804497	100805003	LTR/ERVL-MaLR	2486	+	253	100804750	55636
chr9	100749114	100949114	harbor1	chr9	100812490	100812929	LTR/ERVL-MaLR	2008	+	220	100812710	63596
chr9	100749114	100949114	harbor1	chr9	100837767	100838185	LTR/ERVL-MaLR	1651	+	209	100837976	88862
chr9	77686599	77886599	harbor1	chr9	77785031	77785474	LTR/ERVL-MaLR	1231	+	222	77785253	98654
chr9	120819187	121019187	harbor1	chr9	120917861	120918210	LTR/ERVL-MaLR	1783	+	174	120918035	98848
chr9	130370027	130570027	harbor1	chr9	130416741	130416905	LTR/ERVL-MaLR	863	+	82	130416823	46796
chr9	130370027	130570027	harbor1	chr9	130417212	130417239	LTR/ERVL-MaLR	863	+	14	130417226	47199
chr9	130370027	130570027	harbor1	chr9	130417548	130417773	LTR/ERVL-MaLR	863	+	112	130417660	47633
chr9	6225801	6425801	harbor1	chr9	6246205	6246281	LTR/ERVL-MaLR	1765	+	38	6246243	20442
chr9	6225801	6425801	harbor1	chr9	6246584	6246919	LTR/ERVL-MaLR	1765	+	168	6246752	20951
chr9	6225801	6425801	harbor1	chr9	6248137	6248216	LTR/ERVL-MaLR	441	+	40	6248177	22376
chr9	6225801	6425801	harbor1	chr9	6248332	6248575	LTR/ERVL-MaLR	1208	+	122	6248454	22653
chr9	6225801	6425801	harbor1	chr9	6248879	6248951	LTR/ERVL-MaLR	1208	+	36	6248915	23114
chr9	6225801	6425801	harbor1	chr9	6267850	6268221	LTR/ERVL-MaLR	542	+	186	6268036	42235
chr9	6225801	6425801	harbor1	chr9	6268515	6268543	LTR/ERVL-MaLR	542	+	14	6268529	42728
chr9	6225801	6425801	harbor1	chr9	6269053	6269168	LTR/ERVL-MaLR	542	+	58	6269111	43310
chr9	6225801	6425801	harbor1	chr9	6321805	6322197	LTR/ERVL-MaLR	1865	+	196	6322001	96200
chr9	70478800	70678800	harbor1	chr9	70483490	70483919	LTR/ERVL-MaLR	2839	+	214	70483704	4904
chr9	70478800	70678800	harbor1	chr9	70486152	70486465	LTR/ERVL-MaLR	1425	+	156	70486308	7508
chr9	70478800	70678800	harbor1	chr9	70486764	70486992	LTR/ERVL-MaLR	1425	+	114	70486878	8078
chr9	70478800	70678800	harbor1	chr9	70501556	70501916	LTR/ERVL-MaLR	1855	+	180	70501736	22936
chr9	70478800	70678800	harbor1	chr9	70527696	70528048	LTR/ERVL-MaLR	1865	+	176	70527872	49072
chr9	70478800	70678800	harbor1	chr9	70550280	70550548	LTR/ERVL-MaLR	479	+	134	70550414	71614
chr9	70478800	70678800	harbor1	chr9	70557876	70558151	LTR/ERVL-MaLR	839	+	138	70558014	79214
chr9	70478800	70678800	harbor1	chr9	70562896	70563357	LTR/ERVL-MaLR	932	+	230	70563126	84326
chr9	11499007	11699007	harbor1	chr9	11499773	11499807	LTR/ERVL-MaLR	1800	+	17	11499790	783
chr9	11499007	11699007	harbor1	chr9	11509796	11510156	LTR/ERVL-MaLR	2292	+	180	11509976	10969
chr9	11499007	11699007	harbor1	chr9	11510158	11511684	LTR/ERVL-MaLR	10136	+	763	11510921	11914
chr9	11499007	11699007	harbor1	chr9	11511685	11511962	LTR/ERVL-MaLR	1573	+	138	11511823	12816
chr9	11499007	11699007	harbor1	chr9	11511956	11512176	LTR/ERVL-MaLR	1415	+	110	11512066	13059
chr9	11499007	11699007	harbor1	chr9	11515148	11515538	LTR/ERVL-MaLR	1939	+	195	11515343	16336
chr9	11499007	11699007	harbor1	chr9	11523558	11523976	LTR/ERVL-MaLR	610	+	209	11523767	24760
chr9	11499007	11699007	harbor1	chr9	11542268	11542607	LTR/ERVL-MaLR	1501	+	170	11542438	43431
chr9	11499007	11699007	harbor1	chr9	11558894	11559324	LTR/ERVL-MaLR	1155	+	215	11559109	60102
chr9	36869117	37069117	harbor1	chr9	36875526	36875999	LTR/ERVL-MaLR	1643	+	236	36875762	6645
chr9	36869117	37069117	harbor1	chr9	36877790	36878238	LTR/ERVL-MaLR	1513	+	224	36878014	8897
chr9	36869117	37069117	harbor1	chr9	36889062	36889167	LTR/ERVL-MaLR	461	+	52	36889114	19997
chr9	36869117	37069117	harbor1	chr9	36900078	36900568	LTR/ERVL-MaLR	846	+	245	36900323	31206
chr9	36869117	37069117	harbor1	chr9	36906131	36906624	LTR/ERVL-MaLR	2347	+	246	36906377	37260
chr9	26585234	26785234	harbor1	chr9	26600811	26601179	LTR/ERVL-MaLR	2525	+	184	26600995	15761
chr9	26585234	26785234	harbor1	chr9	26601252	26601802	LTR/ERVL-MaLR	2089	+	275	26601527	16293
chr9	26585234	26785234	harbor1	chr9	26607978	26608418	LTR/ERVL-MaLR	1510	+	220	26608198	22964
chr9	26585234	26785234	harbor1	chr9	26608419	26608613	LTR/ERVL-MaLR	2071	+	97	26608516	23282
chr9	26585234	26785234	harbor1	chr9	26608639	26608805	LTR/ERVL-MaLR	2071	+	83	26608722	23488
chr9	26585234	26785234	harbor1	chr9	26608806	26608826	LTR/ERVL-MaLR	1510	+	10	26608816	23582
chr9	26585234	26785234	harbor1	chr9	26612870	26613174	LTR/ERVL-MaLR	1331	+	152	26613022	27788
chr9	26585234	26785234	harbor1	chr9	26614507	26614626	LTR/ERVL-MaLR	488	+	60	26614567	29333
chr9	26585234	26785234	harbor1	chr9	26652177	26652534	LTR/ERVL-MaLR	1608	+	178	26652355	67121
chr9	99559588	99759588	harbor1	chr9	99566911	99567333	LTR/ERVL-MaLR	2514	+	211	99567122	7534
chr9	99559588	99759588	harbor1	chr9	99570827	99571313	LTR/ERVL-MaLR	1334	+	243	99571070	11482
chr9	99559588	99759588	harbor1	chr9	99583843	99584147	LTR/ERVL-MaLR	1242	+	152	99583995	24407
chr9	99559588	99759588	harbor1	chr9	99588709	99589060	LTR/ERVL-MaLR	2030	+	176	99588885	29297
chr9	99559588	99759588	harbor1	chr9	99600784	99601179	LTR/ERVL-MaLR	2130	+	198	99600982	41394
chr9	99559588	99759588	harbor1	chr9	99614327	99614505	LTR/ERVL-MaLR	2081	+	89	99614416	54828
chr9	99559588	99759588	harbor1	chr9	99619586	99620099	LTR/ERVL-MaLR	1976	+	256	99619842	60254
chr9	99559588	99759588	harbor1	chr9	99614615	99614805	LTR/ERVL-MaLR	2081	+	95	99614710	55122
chr9	115316730	115516730	harbor1	chr9	115319126	115319454	LTR/ERVL-MaLR	1309	+	164	115319290	2560
chr9	115316730	115516730	harbor1	chr9	115319455	115319818	LTR/ERVL-MaLR	2100	+	182	115319637	2907
chr9	115316730	115516730	harbor1	chr9	115319819	115319990	LTR/ERVL-MaLR	1309	+	86	115319905	3175
chr9	115316730	115516730	harbor1	chr9	115358346	115358727	LTR/ERVL-MaLR	2176	+	190	115358536	41806
chr9	115316730	115516730	harbor1	chr9	115403007	115403364	LTR/ERVL-MaLR	2293	+	178	115403185	86455
chr9	28636786	28836786	harbor1	chr9	28655059	28655286	LTR/ERVL-MaLR	922	+	114	28655173	18387
chr9	28636786	28836786	harbor1	chr9	28655262	28655544	LTR/ERVL-MaLR	1877	+	141	28655403	18617
chr9	28636786	28836786	harbor1	chr9	28656719	28657148	LTR/ERVL-MaLR	1148	+	214	28656933	20147
chr9	28636786	28836786	harbor1	chr9	28661003	28661493	LTR/ERVL-MaLR	878	+	245	28661248	24462
chr9	28636786	28836786	harbor1	chr9	28689190	28689365	LTR/ERVL-MaLR	436	+	88	28689278	52492
chr9	28636786	28836786	harbor1	chr9	28690272	28690441	LTR/ERVL-MaLR	867	+	84	28690356	53570
chr9	28636786	28836786	harbor1	chr9	28710043	28710403	LTR/ERVL-MaLR	1880	+	180	28710223	73437
chr9	28636786	28836786	harbor1	chr9	28713344	28713532	LTR/ERVL-MaLR	602	+	94	28713438	76652
chr9	28636786	28836786	harbor1	chr9	28714511	28714685	LTR/ERVL-MaLR	539	+	87	28714598	77812
chr9	28636786	28836786	harbor1	chr9	28655545	28655924	LTR/ERVL-MaLR	2419	+	190	28655735	18949
chr9	118473862	118673862	harbor1	chr9	118483061	118483454	LTR/ERVL-MaLR	1861	+	196	118483257	9395
chr9	118473862	118673862	harbor1	chr9	118511575	118511895	LTR/ERVL-MaLR	687	+	160	118511735	37873
chr9	118473862	118673862	harbor1	chr9	118521201	118521617	LTR/ERVL-MaLR	2481	+	208	118521409	47547
chr9	118473862	118673862	harbor1	chr9	118526269	118526473	LTR/ERVL-MaLR	935	+	102	118526371	52509
chr9	90208311	90408311	harbor1	chr9	90268161	90268519	LTR/ERVL-MaLR	1120	+	179	90268340	60029
chr9	90208311	90408311	harbor1	chr9	90269925	90270342	LTR/ERVL-MaLR	1987	+	208	90270133	61822
chr9	90208311	90408311	harbor1	chr9	90295492	90295649	LTR/ERVL-MaLR	650	+	78	90295570	87259
chr9	90208311	90408311	harbor1	chr9	90304224	90304543	LTR/ERVL-MaLR	618	+	160	90304384	96073
chr9	41240632	41440632	harbor1	chr9	41298732	41299166	LTR/ERVL-MaLR	1520	+	217	41298949	58317
chr9	41240632	41440632	harbor1	chr9	41320917	41321309	LTR/ERVL-MaLR	1920	+	196	41321113	80481
chr9	41240632	41440632	harbor1	chr9	41321310	41321932	LTR/ERVL-MaLR	2166	+	311	41321621	80989
chr9	41240632	41440632	harbor1	chr9	41322770	41323641	LTR/ERVL-MaLR	3973	+	436	41323206	82574
chr9	41240632	41440632	harbor1	chr9	41323642	41324058	LTR/ERVL-MaLR	2072	+	208	41323850	83218
chr9	41240632	41440632	harbor1	chr9	41340163	41340494	LTR/ERVL-MaLR	1588	+	166	41340329	99697
chr9	111316148	111516148	harbor1	chr9	111316162	111316673	LTR/ERVL-MaLR	1835	+	256	111316418	270
chr9	111316148	111516148	harbor1	chr9	111368482	111368847	LTR/ERVL-MaLR	1854	+	182	111368664	52516
chr9	111316148	111516148	harbor1	chr9	111404417	111404752	LTR/ERVL-MaLR	1610	+	168	111404585	88437
chr9	36546922	36746922	harbor1	chr9	36593249	36593603	LTR/ERVL-MaLR	2048	+	177	36593426	46504
chr9	8477014	8677014	harbor1	chr9	8514762	8515127	LTR/ERVL-MaLR	2102	+	182	8514944	37930
chr9	8477014	8677014	harbor1	chr9	8515422	8515878	LTR/ERVL-MaLR	2128	+	228	8515650	38636
chr9	8477014	8677014	harbor1	chr9	8552769	8552863	LTR/ERVL-MaLR	427	+	47	8552816	75802
chr9	133282205	133482205	harbor1	chr9	133324805	133325185	LTR/ERVL-MaLR	1279	+	190	133324995	42790
chr9	133162608	133362608	harbor1	chr9	133211743	133211846	LTR/ERVL-MaLR	594	+	52	133211795	49187
chr9	133162608	133362608	harbor1	chr9	133220657	133221049	LTR/ERVL-MaLR	1626	+	196	133220853	58245
chr9	133162608	133362608	harbor1	chr9	133260155	133260602	LTR/ERVL-MaLR	686	+	224	133260379	97771
chr9	17834613	18034613	harbor1	chr9	17874028	17874436	LTR/ERVL-MaLR	1475	+	204	17874232	39619
chr9	17834613	18034613	harbor1	chr9	17885854	17886028	LTR/ERVL-MaLR	736	+	87	17885941	51328
chr9	17834613	18034613	harbor1	chr9	17886110	17886194	LTR/ERVL-MaLR	736	+	42	17886152	51539
chr9	17834613	18034613	harbor1	chr9	17886195	17886546	LTR/ERVL-MaLR	1610	+	176	17886371	51758
chr9	17834613	18034613	harbor1	chr9	17887892	17888492	LTR/ERVL-MaLR	2296	+	300	17888192	53579
chr9	35464954	35664954	harbor1	chr9	35489069	35489415	LTR/ERVL-MaLR	2059	+	173	35489242	24288
chr9	35464954	35664954	harbor1	chr9	35508455	35508559	LTR/ERVL-MaLR	488	+	52	35508507	43553
chr9	122046153	122246153	harbor1	chr9	122046106	122046478	LTR/ERVL-MaLR	2130	+	186	122046292	139
chr9	122046153	122246153	harbor1	chr9	122050554	122051047	LTR/ERVL-MaLR	1774	+	246	122050800	4647
chr9	122046153	122246153	harbor1	chr9	122068705	122068994	LTR/ERVL-MaLR	1187	+	144	122068849	22696
chr9	122046153	122246153	harbor1	chr9	122083107	122083502	LTR/ERVL-MaLR	909	+	198	122083305	37152
chr9	133890793	134090793	harbor1	chr9	133890595	133890820	LTR/ERVL-MaLR	584	+	112	133890707	86
chr9	133890793	134090793	harbor1	chr9	133901365	133901533	LTR/ERVL-MaLR	428	+	84	133901449	10656
chr9	133890793	134090793	harbor1	chr9	133902616	133902790	LTR/ERVL-MaLR	1119	+	87	133902703	11910
chr9	133890793	134090793	harbor1	chr9	133903099	133903257	LTR/ERVL-MaLR	1119	+	79	133903178	12385
chr9	133890793	134090793	harbor1	chr9	133910011	133910361	LTR/ERVL-MaLR	598	+	175	133910186	19393
chr9	133890793	134090793	harbor1	chr9	133942250	133942463	LTR/ERVL-MaLR	424	+	106	133942356	51563
chr9	133890793	134090793	harbor1	chr9	133952201	133952321	LTR/ERVL-MaLR	554	+	60	133952261	61468
chr9	133890793	134090793	harbor1	chr9	133952621	133952846	LTR/ERVL-MaLR	554	+	112	133952733	61940
chr9	133890793	134090793	harbor1	chr9	133959619	133960002	LTR/ERVL-MaLR	769	+	192	133959811	69018
chr9	65716215	65916215	harbor1	chr9	65756704	65757128	LTR/ERVL-MaLR	1750	+	212	65756916	40701
chr9	65716215	65916215	harbor1	chr9	65766452	65766706	LTR/ERVL-MaLR	535	+	127	65766579	50364
chr9	91234380	91434380	harbor1	chr9	91235751	91236066	LTR/ERVL-MaLR	436	+	158	91235909	1529
chr9	91234380	91434380	harbor1	chr9	91294917	91295292	LTR/ERVL-MaLR	2237	+	188	91295105	60725
chr9	100686419	100886419	harbor1	chr9	100740800	100741198	LTR/ERVL-MaLR	2076	+	199	100740999	54580
chr9	100686419	100886419	harbor1	chr9	100756730	100757083	LTR/ERVL-MaLR	2703	+	176	100756906	70487
chr9	119495040	119695040	harbor1	chr9	119514576	119514928	LTR/ERVL-MaLR	1846	+	176	119514752	19712
chr9	119495040	119695040	harbor1	chr9	119519331	119519491	LTR/ERVL-MaLR	439	+	80	119519411	24371
chr9	119495040	119695040	harbor1	chr9	119523905	119524184	LTR/ERVL-MaLR	1024	+	140	119524045	29005
chr9	119495040	119695040	harbor1	chr9	119532643	119532988	LTR/ERVL-MaLR	786	+	172	119532815	37775
chr9	119495040	119695040	harbor1	chr9	119546601	119546946	LTR/ERVL-MaLR	2457	+	172	119546773	51733
chr9	119495040	119695040	harbor1	chr9	119548681	119549160	LTR/ERVL-MaLR	1222	+	240	119548921	53881
chr9	119495040	119695040	harbor1	chr9	119593108	119593538	LTR/ERVL-MaLR	1889	+	215	119593323	98283
chr9	42035476	42235476	harbor1	chr9	42109703	42110155	LTR/ERVL-MaLR	618	+	226	42109929	74453
chr9	42035476	42235476	harbor1	chr9	42111465	42111685	LTR/ERVL-MaLR	440	+	110	42111575	76099
chr9	109986587	110186587	harbor1	chr9	109988763	109989122	LTR/ERVL-MaLR	2235	+	180	109988943	2356
chr9	109986587	110186587	harbor1	chr9	110006868	110007352	LTR/ERVL-MaLR	1115	+	242	110007110	20523
chr9	109986587	110186587	harbor1	chr9	110020280	110020400	LTR/ERVL-MaLR	937	+	60	110020340	33753
chr9	109986587	110186587	harbor1	chr9	110020703	110020769	LTR/ERVL-MaLR	937	+	33	110020736	34149
chr9	109986587	110186587	harbor1	chr9	110020771	110020827	LTR/ERVL-MaLR	1203	+	28	110020799	34212
chr9	109986587	110186587	harbor1	chr9	110021112	110021470	LTR/ERVL-MaLR	1203	+	179	110021291	34704
chr9	69343718	69543718	harbor1	chr9	69344879	69344979	LTR/ERVL-MaLR	423	+	50	69344929	1211
chr9	69343718	69543718	harbor1	chr9	69359335	69359703	LTR/ERVL-MaLR	2128	+	184	69359519	15801
chr9	93540116	93740116	harbor1	chr9	93622315	93622707	LTR/ERVL-MaLR	1139	+	196	93622511	82395
chr9	132821788	133021788	harbor1	chr9	132843109	132843514	LTR/ERVL-MaLR	2614	+	202	132843311	21523
chr9	132821788	133021788	harbor1	chr9	132856451	132856816	LTR/ERVL-MaLR	703	+	182	132856633	34845
chr9	132821788	133021788	harbor1	chr9	132898838	132898919	LTR/ERVL-MaLR	800	+	40	132898878	77090
chr9	132821788	133021788	harbor1	chr9	132899226	132899525	LTR/ERVL-MaLR	800	+	150	132899376	77588
chr9	84448714	84648714	harbor1	chr9	84464745	84465113	LTR/ERVL-MaLR	864	+	184	84464929	16215
chr9	84448714	84648714	harbor1	chr9	84467760	84467869	LTR/ERVL-MaLR	1363	+	54	84467814	19100
chr9	84448714	84648714	harbor1	chr9	84467870	84468227	LTR/ERVL-MaLR	1893	+	178	84468048	19334
chr9	84448714	84648714	harbor1	chr9	84468228	84468525	LTR/ERVL-MaLR	1363	+	148	84468376	19662
chr9	84448714	84648714	harbor1	chr9	84468788	84469150	LTR/ERVL-MaLR	856	+	181	84468969	20255
chr9	84448714	84648714	harbor1	chr9	84503069	84503568	LTR/ERVL-MaLR	2349	+	250	84503319	54605
chr9	84448714	84648714	harbor1	chr9	84506517	84506922	LTR/ERVL-MaLR	1475	+	202	84506719	58005
chr9	60909824	61109824	harbor1	chr9	60934576	60934899	LTR/ERVL-MaLR	1159	+	162	60934738	24914
chr9	60909824	61109824	harbor1	chr9	60992273	60992526	LTR/ERVL-MaLR	1678	+	126	60992399	82575
chr9	60909824	61109824	harbor1	chr9	60992804	60992959	LTR/ERVL-MaLR	1678	+	78	60992882	83058
chr9	60909824	61109824	harbor1	chr9	60964853	60965270	LTR/ERVL-MaLR	2248	+	208	60965061	55237
chr9	13629385	13829385	harbor1	chr9	13636910	13637277	LTR/ERVL-MaLR	1374	+	184	13637094	7709
chr9	13629385	13829385	harbor1	chr9	13713067	13713433	LTR/ERVL-MaLR	2088	+	183	13713250	83865
chr9	76511411	76711411	harbor1	chr9	76555420	76555630	LTR/ERVL-MaLR	1634	+	105	76555525	44114
chr9	76511411	76711411	harbor1	chr9	76555935	76556115	LTR/ERVL-MaLR	1634	+	90	76556025	44614
chr9	76511411	76711411	harbor1	chr9	76558708	76559096	LTR/ERVL-MaLR	1012	+	194	76558902	47491
chr9	76511411	76711411	harbor1	chr9	76564185	76564689	LTR/ERVL-MaLR	2073	+	252	76564437	53026
chr9	76511411	76711411	harbor1	chr9	76606525	76606736	LTR/ERVL-MaLR	1023	+	106	76606631	95220
chr9	76511411	76711411	harbor1	chr9	76607742	76608029	LTR/ERVL-MaLR	897	+	144	76607886	96475
chr9	76511411	76711411	harbor1	chr9	76608314	76608427	LTR/ERVL-MaLR	1566	+	56	76608370	96959
chr9	76511411	76711411	harbor1	chr9	76608740	76609168	LTR/ERVL-MaLR	1566	+	214	76608954	97543
chr9	76511411	76711411	harbor1	chr9	76609774	76609806	LTR/ERVL-MaLR	1566	+	16	76609790	98379
chr9	84876539	85076539	harbor1	chr9	84915261	84915676	LTR/ERVL-MaLR	1848	+	208	84915469	38930
chr9	3979551	4179551	harbor1	chr9	3983031	3983392	LTR/ERVL-MaLR	2297	+	180	3983211	3660
chr9	3979551	4179551	harbor1	chr9	3983393	3984100	LTR/ERVL-MaLR	4878	+	354	3983747	4196
chr9	3979551	4179551	harbor1	chr9	3984099	3984716	LTR/ERVL-MaLR	4350	+	308	3984407	4856
chr9	3979551	4179551	harbor1	chr9	3984717	3985083	LTR/ERVL-MaLR	2376	+	183	3984900	5349
chr9	3979551	4179551	harbor1	chr9	4001959	4002435	LTR/ERVL-MaLR	2339	+	238	4002197	22646
chr9	3979551	4179551	harbor1	chr9	4014298	4014754	LTR/ERVL-MaLR	1935	+	228	4014526	34975
chr9	3979551	4179551	harbor1	chr9	4047021	4047378	LTR/ERVL-MaLR	2146	+	178	4047199	67648
chr9	3979551	4179551	harbor1	chr9	4060421	4060817	LTR/ERVL-MaLR	1980	+	198	4060619	81068
chr9	24480570	24680570	harbor1	chr9	24480948	24481311	LTR/ERVL-MaLR	2192	+	182	24481130	560
chr9	24480570	24680570	harbor1	chr9	24509145	24509504	LTR/ERVL-MaLR	2320	+	180	24509325	28755
chr9	24480570	24680570	harbor1	chr9	24511058	24511415	LTR/ERVL-MaLR	2004	+	178	24511236	30666
chr9	24480570	24680570	harbor1	chr9	24566684	24567265	LTR/ERVL-MaLR	1984	+	290	24566974	86404
chr9	24480570	24680570	harbor1	chr9	24509505	24511053	LTR/ERVL-MaLR	9453	+	774	24510279	29709
chr9	40317669	40517669	harbor1	chr9	40317485	40317830	LTR/ERVL-MaLR	1365	+	172	40317657	12
chr9	40317669	40517669	harbor1	chr9	40317831	40317925	LTR/ERVL-MaLR	504	+	47	40317878	209
chr9	40317669	40517669	harbor1	chr9	40318312	40318566	LTR/ERVL-MaLR	1026	+	127	40318439	770
chr9	40317669	40517669	harbor1	chr9	40318740	40320315	LTR/ERVL-MaLR	6273	+	788	40319528	1859
chr9	40317669	40517669	harbor1	chr9	40320322	40320419	LTR/ERVL-MaLR	438	+	48	40320370	2701
chr9	40317669	40517669	harbor1	chr9	40320564	40320883	LTR/ERVL-MaLR	1091	+	160	40320724	3055
chr9	40317669	40517669	harbor1	chr9	40321373	40321553	LTR/ERVL-MaLR	556	+	90	40321463	3794
chr9	40317669	40517669	harbor1	chr9	40329860	40330259	LTR/ERVL-MaLR	810	+	200	40330060	12391
chr9	40317669	40517669	harbor1	chr9	40336041	40336162	LTR/ERVL-MaLR	823	+	60	40336101	18432
chr9	40317669	40517669	harbor1	chr9	40336428	40336729	LTR/ERVL-MaLR	1305	+	150	40336578	18909
chr9	40317669	40517669	harbor1	chr9	40374755	40374886	LTR/ERVL-MaLR	408	+	66	40374821	57152
chr9	40317669	40517669	harbor1	chr9	40375104	40375465	LTR/ERVL-MaLR	2125	+	180	40375284	57615
chr9	40317669	40517669	harbor1	chr9	40381136	40381476	LTR/ERVL-MaLR	1224	+	170	40381306	63637
chr9	107607690	107807690	harbor1	chr9	107643267	107643435	LTR/ERVL-MaLR	909	+	84	107643351	35661
chr9	107607690	107807690	harbor1	chr9	107643732	107643938	LTR/ERVL-MaLR	909	+	103	107643835	36145
chr9	107607690	107807690	harbor1	chr9	107644224	107644325	LTR/ERVL-MaLR	909	+	50	107644274	36584
chr9	107607690	107807690	harbor1	chr9	107656105	107656637	LTR/ERVL-MaLR	1075	+	266	107656371	48681
chr9	107607690	107807690	harbor1	chr9	107658108	107658482	LTR/ERVL-MaLR	2419	+	187	107658295	50605
chr9	107607690	107807690	harbor1	chr9	107695351	107695598	LTR/ERVL-MaLR	1475	+	124	107695475	87785
chr9	107607690	107807690	harbor1	chr9	107695863	107696106	LTR/ERVL-MaLR	1475	+	122	107695985	88295
chr9	81166457	81366457	harbor1	chr9	81186621	81186951	LTR/ERVL-MaLR	1404	+	165	81186786	20329
chr9	81166457	81366457	harbor1	chr9	81187253	81187324	LTR/ERVL-MaLR	1404	+	36	81187289	20832
chr9	81166457	81366457	harbor1	chr9	81194032	81194481	LTR/ERVL-MaLR	1659	+	224	81194256	27799
chr9	81166457	81366457	harbor1	chr9	81213909	81214270	LTR/ERVL-MaLR	1417	+	180	81214089	47632
chr9	81166457	81366457	harbor1	chr9	81252637	81253031	LTR/ERVL-MaLR	2142	+	197	81252834	86377
chr9	81166457	81366457	harbor1	chr9	81264658	81265072	LTR/ERVL-MaLR	846	+	207	81264865	98408
chr9	126244659	126444659	harbor1	chr9	126252172	126252517	LTR/ERVL-MaLR	2341	+	172	126252344	7685
chr9	126244659	126444659	harbor1	chr9	126261457	126261832	LTR/ERVL-MaLR	1836	+	188	126261645	16986
chr9	126244659	126444659	harbor1	chr9	126270346	126270837	LTR/ERVL-MaLR	2104	+	246	126270592	25933
chr9	126244659	126444659	harbor1	chr9	126282852	126283295	LTR/ERVL-MaLR	1815	+	222	126283074	38415
chr9	126244659	126444659	harbor1	chr9	126291213	126291308	LTR/ERVL-MaLR	487	+	48	126291261	46602
chr9	126244659	126444659	harbor1	chr9	126300577	126301067	LTR/ERVL-MaLR	1313	+	245	126300822	56163
chr9	126244659	126444659	harbor1	chr9	126301099	126301422	LTR/ERVL-MaLR	939	+	162	126301261	56602
chr9	126244659	126444659	harbor1	chr9	126309848	126310209	LTR/ERVL-MaLR	1693	+	180	126310028	65369
chr9	126244659	126444659	harbor1	chr9	126310866	126311087	LTR/ERVL-MaLR	428	+	110	126310976	66317
chr9	126244659	126444659	harbor1	chr9	126318516	126318675	LTR/ERVL-MaLR	434	+	80	126318596	73937
chr9	133275748	133475748	harbor1	chr9	133324805	133325185	LTR/ERVL-MaLR	1279	+	190	133324995	49247
chr9	42814263	43014263	harbor1	chr9	42847501	42847859	LTR/ERVL-MaLR	1428	+	179	42847680	33417
chr9	106434740	106634740	harbor1	chr9	106450107	106450433	LTR/ERVL-MaLR	708	+	163	106450270	15530
chr9	106434740	106634740	harbor1	chr9	106450434	106450967	LTR/ERVL-MaLR	1623	+	266	106450700	15960
chr9	106434740	106634740	harbor1	chr9	106450968	106451003	LTR/ERVL-MaLR	708	+	18	106450986	16246
chr9	106434740	106634740	harbor1	chr9	106466296	106466695	LTR/ERVL-MaLR	2236	+	200	106466496	31756
chr9	106434740	106634740	harbor1	chr9	106470479	106470854	LTR/ERVL-MaLR	1865	+	188	106470667	35927
chr9	106434740	106634740	harbor1	chr9	106470855	106471304	LTR/ERVL-MaLR	3024	+	224	106471079	36339
chr9	106434740	106634740	harbor1	chr9	106485594	106485950	LTR/ERVL-MaLR	2372	+	178	106485772	51032
chr9	106434740	106634740	harbor1	chr9	106525945	106526399	LTR/ERVL-MaLR	871	+	227	106526172	91432
chr9	71323909	71523909	harbor1	chr9	71333308	71333788	LTR/ERVL-MaLR	1603	+	240	71333548	9639
chr9	71323909	71523909	harbor1	chr9	71340355	71340697	LTR/ERVL-MaLR	2180	+	171	71340526	16617
chr9	71323909	71523909	harbor1	chr9	71355163	71355612	LTR/ERVL-MaLR	1716	+	224	71355387	31478
chr9	71323909	71523909	harbor1	chr9	71398395	71398772	LTR/ERVL-MaLR	2137	+	188	71398583	74674
chr9	71323909	71523909	harbor1	chr9	71413560	71413924	LTR/ERVL-MaLR	1383	+	182	71413742	89833
chr9	71323909	71523909	harbor1	chr9	71414906	71415368	LTR/ERVL-MaLR	1447	+	231	71415137	91228
chr9	37212323	37412323	harbor1	chr9	37257757	37257947	LTR/ERVL-MaLR	1070	+	95	37257852	45529
chr9	81054815	81254815	harbor1	chr9	81057019	81057473	LTR/ERVL-MaLR	780	+	227	81057246	2431
chr9	81054815	81254815	harbor1	chr9	81062168	81062533	LTR/ERVL-MaLR	2449	+	182	81062350	7535
chr9	81054815	81254815	harbor1	chr9	81062536	81064065	LTR/ERVL-MaLR	8491	+	764	81063300	8485
chr9	81054815	81254815	harbor1	chr9	81064066	81064435	LTR/ERVL-MaLR	2425	+	184	81064250	9435
chr9	81054815	81254815	harbor1	chr9	81085524	81086124	LTR/ERVL-MaLR	1522	+	300	81085824	31009
chr9	81054815	81254815	harbor1	chr9	81098982	81099330	LTR/ERVL-MaLR	2291	+	174	81099156	44341
chr9	81054815	81254815	harbor1	chr9	81121589	81121951	LTR/ERVL-MaLR	2390	+	181	81121770	66955
chr9	81054815	81254815	harbor1	chr9	81144770	81145243	LTR/ERVL-MaLR	1833	+	236	81145006	90191
chr9	89878800	90078800	harbor1	chr9	89889190	89889323	LTR/ERVL-MaLR	1994	+	66	89889256	10456
chr9	89878800	90078800	harbor1	chr9	89889775	89890020	LTR/ERVL-MaLR	1994	+	122	89889897	11097
chr9	89878800	90078800	harbor1	chr9	89899854	89900207	LTR/ERVL-MaLR	2693	+	176	89900030	21230
chr9	89878800	90078800	harbor1	chr9	89920473	89920874	LTR/ERVL-MaLR	1263	+	200	89920673	41873
chr9	89878800	90078800	harbor1	chr9	89939767	89940319	LTR/ERVL-MaLR	1839	+	276	89940043	61243
chr9	89878800	90078800	harbor1	chr9	89940659	89941139	LTR/ERVL-MaLR	1067	+	240	89940899	62099
chr9	89878800	90078800	harbor1	chr9	89942422	89942778	LTR/ERVL-MaLR	1062	+	178	89942600	63800
chr9	89878800	90078800	harbor1	chr9	89952953	89953359	LTR/ERVL-MaLR	2459	+	203	89953156	74356
chr9	114236316	114436316	harbor1	chr9	114327053	114327433	LTR/ERVL-MaLR	2038	+	190	114327243	90927
chr9	114236316	114436316	harbor1	chr9	114333830	114334212	LTR/ERVL-MaLR	2093	+	191	114334021	97705
chr9	105025159	105225159	harbor1	chr9	105069617	105070090	LTR/ERVL-MaLR	420	+	236	105069853	44694
chr9	105025159	105225159	harbor1	chr9	105088762	105089324	LTR/ERVL-MaLR	981	+	281	105089043	63884
chr9	73838518	74038518	harbor1	chr9	73892075	73892410	LTR/ERVL-MaLR	1053	+	168	73892243	53725
chr9	111042351	111242351	harbor1	chr9	111048852	111049024	LTR/ERVL-MaLR	457	+	86	111048938	6587
chr9	111042351	111242351	harbor1	chr9	111055211	111055563	LTR/ERVL-MaLR	1902	+	176	111055387	13036
chr9	111042351	111242351	harbor1	chr9	111059755	111060245	LTR/ERVL-MaLR	608	+	245	111060000	17649
chr9	111042351	111242351	harbor1	chr9	111103430	111103817	LTR/ERVL-MaLR	1968	+	194	111103624	61273
chr9	111042351	111242351	harbor1	chr9	111129252	111129616	LTR/ERVL-MaLR	610	+	182	111129434	87083
chr9	111042351	111242351	harbor1	chr9	111130364	111130421	LTR/ERVL-MaLR	610	+	28	111130392	88041
chr9	70000999	70200999	harbor1	chr9	70027102	70027481	LTR/ERVL-MaLR	508	+	190	70027292	26293
chr9	70000999	70200999	harbor1	chr9	70035638	70035965	LTR/ERVL-MaLR	1458	+	164	70035802	34803
chr9	9937719	10137719	harbor1	chr9	10027999	10028338	LTR/ERVL-MaLR	1917	+	170	10028169	90450
chr9	9937719	10137719	harbor1	chr9	10028341	10029860	LTR/ERVL-MaLR	11020	+	760	10029101	91382
chr9	9937719	10137719	harbor1	chr9	10029862	10030206	LTR/ERVL-MaLR	1937	+	172	10030034	92315
chr9	9937719	10137719	harbor1	chr9	10037207	10037585	LTR/ERVL-MaLR	1822	+	189	10037396	99677
chr9	41131706	41331706	harbor1	chr9	41206325	41206729	LTR/ERVL-MaLR	2006	+	202	41206527	74821
chr9	41131706	41331706	harbor1	chr9	41210602	41211018	LTR/ERVL-MaLR	2247	+	208	41210810	79104
chr9	12860986	13060986	harbor1	chr9	12902025	12902395	LTR/ERVL-MaLR	2050	+	185	12902210	41224
chr9	122016555	122216555	harbor1	chr9	122019735	122020095	LTR/ERVL-MaLR	2253	+	180	122019915	3360
chr9	122016555	122216555	harbor1	chr9	122020592	122020958	LTR/ERVL-MaLR	1243	+	183	122020775	4220
chr9	122016555	122216555	harbor1	chr9	122040002	122040380	LTR/ERVL-MaLR	894	+	189	122040191	23636
chr9	122016555	122216555	harbor1	chr9	122046106	122046478	LTR/ERVL-MaLR	2130	+	186	122046292	29737
chr9	122016555	122216555	harbor1	chr9	122050554	122051047	LTR/ERVL-MaLR	1774	+	246	122050800	34245
chr9	122016555	122216555	harbor1	chr9	122068705	122068994	LTR/ERVL-MaLR	1187	+	144	122068849	52294
chr9	122016555	122216555	harbor1	chr9	122083107	122083502	LTR/ERVL-MaLR	909	+	198	122083305	66750
chr9	118232156	118432156	harbor1	chr9	118236567	118237059	LTR/ERVL-MaLR	566	+	246	118236813	4657
chr9	118232156	118432156	harbor1	chr9	118237060	118238168	LTR/ERVL-MaLR	1455	+	554	118237614	5458
chr9	118232156	118432156	harbor1	chr9	118238347	118238620	LTR/ERVL-MaLR	479	+	136	118238483	6327
chr9	118232156	118432156	harbor1	chr9	118238634	118239088	LTR/ERVL-MaLR	615	+	227	118238861	6705
chr9	118232156	118432156	harbor1	chr9	118245776	118246141	LTR/ERVL-MaLR	2460	+	182	118245958	13802
chr9	118232156	118432156	harbor1	chr9	118247436	118247795	LTR/ERVL-MaLR	2402	+	180	118247616	15460
chr9	118232156	118432156	harbor1	chr9	118263653	118264112	LTR/ERVL-MaLR	766	+	230	118263883	31727
chr9	118232156	118432156	harbor1	chr9	118325317	118325858	LTR/ERVL-MaLR	1686	+	270	118325587	93431
chr9	133832200	134032200	harbor1	chr9	133882401	133882715	LTR/ERVL-MaLR	627	+	157	133882558	50358
chr9	133832200	134032200	harbor1	chr9	133890595	133890820	LTR/ERVL-MaLR	584	+	112	133890707	58507
chr9	133832200	134032200	harbor1	chr9	133901365	133901533	LTR/ERVL-MaLR	428	+	84	133901449	69249
chr9	133832200	134032200	harbor1	chr9	133902616	133902790	LTR/ERVL-MaLR	1119	+	87	133902703	70503
chr9	133832200	134032200	harbor1	chr9	133903099	133903257	LTR/ERVL-MaLR	1119	+	79	133903178	70978
chr9	133832200	134032200	harbor1	chr9	133910011	133910361	LTR/ERVL-MaLR	598	+	175	133910186	77986
chr9	134939772	135139772	harbor1	chr9	134965439	134965915	LTR/ERVL-MaLR	1646	+	238	134965677	25905
chr9	134939772	135139772	harbor1	chr9	134983374	134983606	LTR/ERVL-MaLR	1162	+	116	134983490	43718
chr9	134939772	135139772	harbor1	chr9	134984126	134984359	LTR/ERVL-MaLR	1091	+	116	134984242	44470
chr9	134939772	135139772	harbor1	chr9	134986020	134986255	LTR/ERVL-MaLR	656	+	118	134986138	46366
chr9	134939772	135139772	harbor1	chr9	134987010	134987233	LTR/ERVL-MaLR	656	+	112	134987122	47350
chr9	134939772	135139772	harbor1	chr9	134997752	134998185	LTR/ERVL-MaLR	1064	+	216	134997968	58196
chr9	134939772	135139772	harbor1	chr9	135001251	135001621	LTR/ERVL-MaLR	667	+	185	135001436	61664
chr9	134939772	135139772	harbor1	chr9	135008839	135009241	LTR/ERVL-MaLR	1293	+	201	135009040	69268
chr9	134939772	135139772	harbor1	chr9	135014100	135014480	LTR/ERVL-MaLR	1903	+	190	135014290	74518
chr9	134939772	135139772	harbor1	chr9	135020118	135020534	LTR/ERVL-MaLR	1167	+	208	135020326	80554
chr9	134939772	135139772	harbor1	chr9	135037448	135037588	LTR/ERVL-MaLR	427	+	70	135037518	97746
chr9	134939772	135139772	harbor1	chr9	135038933	135039337	LTR/ERVL-MaLR	2102	+	202	135039135	99363
chr9	70300878	70500878	harbor1	chr9	70377238	70377435	LTR/ERVL-MaLR	2571	+	98	70377336	76458
chr9	70300878	70500878	harbor1	chr9	70377743	70377835	LTR/ERVL-MaLR	2571	+	46	70377789	76911
chr9	70300878	70500878	harbor1	chr9	70378143	70378279	LTR/ERVL-MaLR	2571	+	68	70378211	77333
chr9	70300878	70500878	harbor1	chr9	70388123	70388492	LTR/ERVL-MaLR	1915	+	184	70388307	87429
chr9	85697984	85897984	harbor1	chr9	85717537	85717678	LTR/ERVL-MaLR	805	+	70	85717607	19623
chr9	85697984	85897984	harbor1	chr9	85723827	85724004	LTR/ERVL-MaLR	1158	+	88	85723915	25931
chr9	85697984	85897984	harbor1	chr9	85724314	85724383	LTR/ERVL-MaLR	1158	+	34	85724348	26364
chr9	70021680	70221680	harbor1	chr9	70027102	70027481	LTR/ERVL-MaLR	508	+	190	70027292	5612
chr9	70021680	70221680	harbor1	chr9	70035638	70035965	LTR/ERVL-MaLR	1458	+	164	70035802	14122
chr9	16021054	16221054	harbor1	chr9	16021751	16021997	LTR/ERVL-MaLR	825	+	123	16021874	820
chr9	16021054	16221054	harbor1	chr9	16023849	16024295	LTR/ERVL-MaLR	2311	+	223	16024072	3018
chr9	16021054	16221054	harbor1	chr9	16046523	16046885	LTR/ERVL-MaLR	2376	+	181	16046704	25650
chr9	16021054	16221054	harbor1	chr9	16070933	16071286	LTR/ERVL-MaLR	982	+	176	16071109	50055
chr9	16021054	16221054	harbor1	chr9	16079249	16079753	LTR/ERVL-MaLR	1911	+	252	16079501	58447
chr9	16021054	16221054	harbor1	chr9	16094835	16095184	LTR/ERVL-MaLR	1849	+	174	16095009	73955
chr9	16021054	16221054	harbor1	chr9	16101392	16102048	LTR/ERVL-MaLR	2483	+	328	16101720	80666
chr9	16021054	16221054	harbor1	chr9	16108786	16108902	LTR/ERVL-MaLR	768	+	58	16108844	87790
chr9	16021054	16221054	harbor1	chr9	16118890	16119242	LTR/ERVL-MaLR	2165	+	176	16119066	98012
chr9	136752273	136952273	harbor1	chr9	136753102	136753464	LTR/ERVL-MaLR	1251	+	181	136753283	1010
chr9	136752273	136952273	harbor1	chr9	136760821	136761260	LTR/ERVL-MaLR	1326	+	220	136761041	8768
chr9	136752273	136952273	harbor1	chr9	136761561	136761624	LTR/ERVL-MaLR	1326	+	32	136761593	9320
chr9	136752273	136952273	harbor1	chr9	136773829	136774210	LTR/ERVL-MaLR	866	+	190	136774019	21746
chr9	136752273	136952273	harbor1	chr9	136794995	136795284	LTR/ERVL-MaLR	1201	+	144	136795139	42866
chr9	136752273	136952273	harbor1	chr9	136795597	136795631	LTR/ERVL-MaLR	1201	+	17	136795614	43341
chr9	10781845	10981845	harbor1	chr9	10797684	10798058	LTR/ERVL-MaLR	1817	+	187	10797871	16026
chr9	10781845	10981845	harbor1	chr9	10810098	10810457	LTR/ERVL-MaLR	1930	+	180	10810278	28433
chr9	10781845	10981845	harbor1	chr9	10840447	10840612	LTR/ERVL-MaLR	465	+	82	10840529	58684
chr9	75138945	75338945	harbor1	chr9	75155854	75156180	LTR/ERVL-MaLR	2261	+	163	75156017	17072
chr9	75138945	75338945	harbor1	chr9	75156484	75156576	LTR/ERVL-MaLR	2261	+	46	75156530	17585
chr9	75138945	75338945	harbor1	chr9	75175343	75175841	LTR/ERVL-MaLR	1009	+	249	75175592	36647
chr9	75138945	75338945	harbor1	chr9	75181618	75182187	LTR/ERVL-MaLR	2141	+	284	75181902	42957
chr9	75138945	75338945	harbor1	chr9	75187403	75187760	LTR/ERVL-MaLR	719	+	178	75187581	48636
chr9	75138945	75338945	harbor1	chr9	75192983	75193345	LTR/ERVL-MaLR	2370	+	181	75193164	54219
chr9	75138945	75338945	harbor1	chr9	75234375	75234700	LTR/ERVL-MaLR	1351	+	162	75234537	95592
chr9	36860327	37060327	harbor1	chr9	36875526	36875999	LTR/ERVL-MaLR	1643	+	236	36875762	15435
chr9	36860327	37060327	harbor1	chr9	36877790	36878238	LTR/ERVL-MaLR	1513	+	224	36878014	17687
chr9	36860327	37060327	harbor1	chr9	36889062	36889167	LTR/ERVL-MaLR	461	+	52	36889114	28787
chr9	36860327	37060327	harbor1	chr9	36900078	36900568	LTR/ERVL-MaLR	846	+	245	36900323	39996
chr9	36860327	37060327	harbor1	chr9	36906131	36906624	LTR/ERVL-MaLR	2347	+	246	36906377	46050
chr9	131191662	131391662	harbor1	chr9	131252702	131252902	LTR/ERVL-MaLR	773	+	100	131252802	61140
chr9	105729439	105929439	harbor1	chr9	105740941	105741087	LTR/ERVL-MaLR	513	+	73	105741014	11575
chr9	105729439	105929439	harbor1	chr9	105741281	105742531	LTR/ERVL-MaLR	2773	+	625	105741906	12467
chr9	87928835	88128835	harbor1	chr9	87929145	87929281	LTR/ERVL-MaLR	523	+	68	87929213	378
chr9	87928835	88128835	harbor1	chr9	87929585	87929806	LTR/ERVL-MaLR	800	+	110	87929695	860
chr9	87928835	88128835	harbor1	chr9	87945468	87945820	LTR/ERVL-MaLR	1648	+	176	87945644	16809
chr9	87928835	88128835	harbor1	chr9	87947167	87947528	LTR/ERVL-MaLR	2635	+	180	87947347	18512
chr9	87928835	88128835	harbor1	chr9	87997315	87997442	LTR/ERVL-MaLR	1156	+	64	87997379	68544
chr9	87928835	88128835	harbor1	chr9	87997749	87997944	LTR/ERVL-MaLR	1156	+	98	87997847	69012
chr9	87928835	88128835	harbor1	chr9	88000799	88001153	LTR/ERVL-MaLR	2493	+	177	88000976	72141
chr9	87928835	88128835	harbor1	chr9	88001154	88002725	LTR/ERVL-MaLR	12117	+	786	88001940	73105
chr9	87928835	88128835	harbor1	chr9	88002726	88003071	LTR/ERVL-MaLR	2097	+	172	88002898	74063
chr9	87928835	88128835	harbor1	chr9	88018903	88019237	LTR/ERVL-MaLR	1118	+	167	88019070	90235
chr9	87928835	88128835	harbor1	chr9	88019695	88019708	LTR/ERVL-MaLR	1118	+	6	88019701	90866
chr9	87928835	88128835	harbor1	chr9	88020001	88020227	LTR/ERVL-MaLR	1118	+	113	88020114	91279
chr9	87928835	88128835	harbor1	chr9	88022915	88023315	LTR/ERVL-MaLR	2008	+	200	88023115	94280
chr9	76215837	76415837	harbor1	chr9	76260251	76260831	LTR/ERVL-MaLR	2301	+	290	76260541	44704
chr9	76215837	76415837	harbor1	chr9	76284221	76284519	LTR/ERVL-MaLR	2589	+	149	76284370	68533
chr9	76215837	76415837	harbor1	chr9	76284832	76284902	LTR/ERVL-MaLR	2589	+	35	76284867	69030
chr10	3508070	3708070	harbor1	chr10	3508289	3508743	LTR/ERVL-MaLR	1835	+	227	3508516	446
chr10	3508070	3708070	harbor1	chr10	3508764	3510289	LTR/ERVL-MaLR	3385	+	762	3509526	1456
chr10	3508070	3708070	harbor1	chr10	3510290	3510565	LTR/ERVL-MaLR	1025	+	138	3510428	2358
chr10	3508070	3708070	harbor1	chr10	3511200	3511418	LTR/ERVL-MaLR	1013	+	109	3511309	3239
chr10	3508070	3708070	harbor1	chr10	3513679	3514038	LTR/ERVL-MaLR	2205	+	180	3513859	5789
chr10	3508070	3708070	harbor1	chr10	3517630	3517981	LTR/ERVL-MaLR	2294	+	176	3517806	9736
chr10	3508070	3708070	harbor1	chr10	3542693	3543050	LTR/ERVL-MaLR	2074	+	178	3542871	34801
chr10	3508070	3708070	harbor1	chr10	3543256	3543624	LTR/ERVL-MaLR	620	+	184	3543440	35370
chr10	3508070	3708070	harbor1	chr10	3565869	3566221	LTR/ERVL-MaLR	415	+	176	3566045	57975
chr10	3508070	3708070	harbor1	chr10	3590769	3591249	LTR/ERVL-MaLR	1319	+	240	3591009	82939
chr10	57229440	57429440	harbor1	chr10	57234961	57235321	LTR/ERVL-MaLR	1376	+	180	57235141	5701
chr10	57229440	57429440	harbor1	chr10	57237360	57237731	LTR/ERVL-MaLR	2126	+	186	57237546	8106
chr10	57229440	57429440	harbor1	chr10	57237734	57239326	LTR/ERVL-MaLR	9129	+	796	57238530	9090
chr10	57229440	57429440	harbor1	chr10	57239327	57239695	LTR/ERVL-MaLR	2245	+	184	57239511	10071
chr10	57229440	57429440	harbor1	chr10	57323128	57323469	LTR/ERVL-MaLR	1112	+	170	57323298	93858
chr10	94793244	94993244	harbor1	chr10	94889941	94890120	LTR/ERVL-MaLR	1052	+	90	94890031	96787
chr10	94793244	94993244	harbor1	chr10	94890421	94890461	LTR/ERVL-MaLR	1012	+	20	94890441	97197
chr10	109893345	110093345	harbor1	chr10	109896792	109896999	LTR/ERVL-MaLR	1233	+	104	109896896	3551
chr10	109893345	110093345	harbor1	chr10	109899378	109899559	LTR/ERVL-MaLR	459	+	90	109899468	6123
chr10	109893345	110093345	harbor1	chr10	109921653	109922082	LTR/ERVL-MaLR	1063	+	214	109921867	28522
chr10	109893345	110093345	harbor1	chr10	109926283	109926735	LTR/ERVL-MaLR	2448	+	226	109926509	33164
chr10	109893345	110093345	harbor1	chr10	109944543	109945045	LTR/ERVL-MaLR	453	+	251	109944794	51449
chr10	109893345	110093345	harbor1	chr10	109946143	109946736	LTR/ERVL-MaLR	1665	+	296	109946439	53094
chr10	109893345	110093345	harbor1	chr10	109951362	109951589	LTR/ERVL-MaLR	415	+	114	109951476	58131
chr10	109893345	110093345	harbor1	chr10	109956815	109957088	LTR/ERVL-MaLR	873	+	136	109956951	63606
chr10	109893345	110093345	harbor1	chr10	109984016	109984415	LTR/ERVL-MaLR	2404	+	200	109984216	90871
chr10	121733822	121933822	harbor1	chr10	121744679	121745185	LTR/ERVL-MaLR	1093	+	253	121744932	11110
chr10	121733822	121933822	harbor1	chr10	121760883	121761300	LTR/ERVL-MaLR	2342	+	208	121761091	27269
chr10	121733822	121933822	harbor1	chr10	121816314	121816764	LTR/ERVL-MaLR	1747	+	225	121816539	82717
chr10	121733822	121933822	harbor1	chr10	121830165	121830590	LTR/ERVL-MaLR	1492	+	212	121830377	96555
chr10	121733822	121933822	harbor1	chr10	121832420	121832772	LTR/ERVL-MaLR	2268	+	176	121832596	98774
chr10	99327912	99527912	harbor1	chr10	99422041	99422397	LTR/ERVL-MaLR	1789	+	178	99422219	94307
chr10	92851216	93051216	harbor1	chr10	92862310	92862662	LTR/ERVL-MaLR	1593	+	176	92862486	11270
chr10	92851216	93051216	harbor1	chr10	92881678	92882050	LTR/ERVL-MaLR	2227	+	186	92881864	30648
chr10	127440355	127640355	harbor1	chr10	127473591	127473784	LTR/ERVL-MaLR	480	+	96	127473687	33332
chr10	127440355	127640355	harbor1	chr10	127473947	127475167	LTR/ERVL-MaLR	4844	+	610	127474557	34202
chr10	127440355	127640355	harbor1	chr10	127475168	127475731	LTR/ERVL-MaLR	2740	+	282	127475450	35095
chr10	127440355	127640355	harbor1	chr10	127490030	127490421	LTR/ERVL-MaLR	1550	+	196	127490226	49871
chr10	127440355	127640355	harbor1	chr10	127493244	127493661	LTR/ERVL-MaLR	2971	+	208	127493452	53097
chr10	127440355	127640355	harbor1	chr10	127502634	127503107	LTR/ERVL-MaLR	1903	+	236	127502870	62515
chr10	127440355	127640355	harbor1	chr10	127511767	127512118	LTR/ERVL-MaLR	2151	+	176	127511943	71588
chr10	127440355	127640355	harbor1	chr10	127523296	127523772	LTR/ERVL-MaLR	2828	+	238	127523534	83179
chr10	113852404	114052404	harbor1	chr10	113926863	113927210	LTR/ERVL-MaLR	1747	+	174	113927037	74633
chr10	113852404	114052404	harbor1	chr10	113934491	113934584	LTR/ERVL-MaLR	656	+	46	113934537	82133
chr10	113852404	114052404	harbor1	chr10	113934847	113934963	LTR/ERVL-MaLR	656	+	58	113934905	82501
chr10	113852404	114052404	harbor1	chr10	113936129	113936225	LTR/ERVL-MaLR	2223	+	48	113936177	83773
chr10	113852404	114052404	harbor1	chr10	113936509	113936973	LTR/ERVL-MaLR	2223	+	232	113936741	84337
chr10	113852404	114052404	harbor1	chr10	113942064	113942419	LTR/ERVL-MaLR	2500	+	178	113942242	89838
chr10	108410709	108610709	harbor1	chr10	108411907	108412220	LTR/ERVL-MaLR	1046	+	156	108412063	1354
chr10	108410709	108610709	harbor1	chr10	108412564	108412591	LTR/ERVL-MaLR	1046	+	14	108412578	1869
chr10	108410709	108610709	harbor1	chr10	108421198	108421331	LTR/ERVL-MaLR	434	+	66	108421264	10555
chr10	108410709	108610709	harbor1	chr10	108451926	108452310	LTR/ERVL-MaLR	1992	+	192	108452118	41409
chr10	108410709	108610709	harbor1	chr10	108463255	108463620	LTR/ERVL-MaLR	1664	+	182	108463437	52728
chr10	108410709	108610709	harbor1	chr10	108480072	108480280	LTR/ERVL-MaLR	1371	+	104	108480176	69467
chr10	108410709	108610709	harbor1	chr10	108480275	108481321	LTR/ERVL-MaLR	7262	+	523	108480798	70089
chr10	108410709	108610709	harbor1	chr10	108481325	108481690	LTR/ERVL-MaLR	1824	+	182	108481507	70798
chr10	108410709	108610709	harbor1	chr10	108492806	108493205	LTR/ERVL-MaLR	2016	+	200	108493006	82297
chr10	34202435	34402435	harbor1	chr10	34278432	34278805	LTR/ERVL-MaLR	2481	+	186	34278618	76183
chr10	127799946	127999946	harbor1	chr10	127809150	127809545	LTR/ERVL-MaLR	1957	+	198	127809348	9402
chr10	127799946	127999946	harbor1	chr10	127817506	127817903	LTR/ERVL-MaLR	893	+	198	127817704	17758
chr10	127799946	127999946	harbor1	chr10	127818089	127818440	LTR/ERVL-MaLR	1920	+	176	127818265	18319
chr10	127799946	127999946	harbor1	chr10	127831773	127832138	LTR/ERVL-MaLR	1804	+	182	127831955	32009
chr10	127799946	127999946	harbor1	chr10	127842793	127843150	LTR/ERVL-MaLR	2102	+	178	127842971	43025
chr10	127799946	127999946	harbor1	chr10	127861008	127861355	LTR/ERVL-MaLR	1452	+	174	127861182	61236
chr10	127799946	127999946	harbor1	chr10	127881499	127881974	LTR/ERVL-MaLR	578	+	238	127881737	81791
chr10	38102355	38302355	harbor1	chr10	38164005	38164114	LTR/ERVL-MaLR	492	+	54	38164059	61704
chr10	38102355	38302355	harbor1	chr10	38164259	38164487	LTR/ERVL-MaLR	722	+	114	38164373	62018
chr10	38102355	38302355	harbor1	chr10	38170788	38170973	LTR/ERVL-MaLR	467	+	92	38170880	68525
chr10	38102355	38302355	harbor1	chr10	38174286	38174679	LTR/ERVL-MaLR	2063	+	196	38174482	72127
chr10	46058347	46258347	harbor1	chr10	46060894	46061088	LTR/ERVL-MaLR	1052	+	97	46060991	2644
chr10	46058347	46258347	harbor1	chr10	46068487	46068859	LTR/ERVL-MaLR	484	+	186	46068673	10326
chr10	46058347	46258347	harbor1	chr10	46077919	46078324	LTR/ERVL-MaLR	2291	+	202	46078121	19774
chr10	46058347	46258347	harbor1	chr10	46102626	46103005	LTR/ERVL-MaLR	1542	+	190	46102816	44469
chr10	26640835	26840835	harbor1	chr10	26700434	26700824	LTR/ERVL-MaLR	2169	+	195	26700629	59794
chr10	26640835	26840835	harbor1	chr10	26700825	26702320	LTR/ERVL-MaLR	10097	+	748	26701573	60738
chr10	26640835	26840835	harbor1	chr10	26702322	26702685	LTR/ERVL-MaLR	2143	+	182	26702504	61669
chr10	26640835	26840835	harbor1	chr10	26689371	26689729	LTR/ERVL-MaLR	1961	+	179	26689550	48715
chr10	128835066	129035066	harbor1	chr10	128847003	128847525	LTR/ERVL-MaLR	624	+	261	128847264	12198
chr10	128835066	129035066	harbor1	chr10	128862829	128863018	LTR/ERVL-MaLR	1144	+	94	128862923	27857
chr10	128835066	129035066	harbor1	chr10	128890577	128890934	LTR/ERVL-MaLR	2319	+	178	128890755	55689
chr10	128835066	129035066	harbor1	chr10	128899100	128899473	LTR/ERVL-MaLR	1958	+	186	128899286	64220
chr10	128835066	129035066	harbor1	chr10	128910031	128910393	LTR/ERVL-MaLR	2214	+	181	128910212	75146
chr10	128835066	129035066	harbor1	chr10	128925924	128926283	LTR/ERVL-MaLR	2168	+	180	128926104	91038
chr10	70845790	71045790	harbor1	chr10	70892323	70892453	LTR/ERVL-MaLR	428	+	65	70892388	46598
chr10	70845790	71045790	harbor1	chr10	70892719	70892745	LTR/ERVL-MaLR	428	+	13	70892732	46942
chr10	70845790	71045790	harbor1	chr10	70892770	70892964	LTR/ERVL-MaLR	476	+	97	70892867	47077
chr10	70845790	71045790	harbor1	chr10	70895987	70896666	LTR/ERVL-MaLR	1795	+	340	70896327	50537
chr10	70845790	71045790	harbor1	chr10	70908292	70908455	LTR/ERVL-MaLR	409	+	82	70908374	62584
chr10	70845790	71045790	harbor1	chr10	70908497	70908759	LTR/ERVL-MaLR	603	+	131	70908628	62838
chr10	132368705	132568705	harbor1	chr10	132371581	132371871	LTR/ERVL-MaLR	463	+	145	132371726	3021
chr10	94882607	95082607	harbor1	chr10	94889941	94890120	LTR/ERVL-MaLR	1052	+	90	94890031	7424
chr10	94882607	95082607	harbor1	chr10	94890421	94890461	LTR/ERVL-MaLR	1012	+	20	94890441	7834
chr10	133010203	133210203	harbor1	chr10	133032897	133033276	LTR/ERVL-MaLR	1636	+	190	133033087	22884
chr10	133010203	133210203	harbor1	chr10	133034834	133035077	LTR/ERVL-MaLR	1293	+	122	133034956	24753
chr10	80950148	81150148	harbor1	chr10	80957195	80957565	LTR/ERVL-MaLR	2242	+	185	80957380	7232
chr10	80950148	81150148	harbor1	chr10	81013670	81014173	LTR/ERVL-MaLR	993	+	252	81013922	63774
chr10	80950148	81150148	harbor1	chr10	81018411	81018822	LTR/ERVL-MaLR	2247	+	206	81018617	68469
chr10	55481441	55681441	harbor1	chr10	55498840	55499277	LTR/ERVL-MaLR	922	+	218	55499058	17617
chr10	55481441	55681441	harbor1	chr10	55500956	55501383	LTR/ERVL-MaLR	1440	+	214	55501170	19729
chr10	55481441	55681441	harbor1	chr10	55516085	55516446	LTR/ERVL-MaLR	1904	+	180	55516265	34824
chr10	55481441	55681441	harbor1	chr10	55547603	55547863	LTR/ERVL-MaLR	668	+	130	55547733	66292
chr10	55481441	55681441	harbor1	chr10	55547995	55548210	LTR/ERVL-MaLR	519	+	108	55548103	66662
chr10	55481441	55681441	harbor1	chr10	55548255	55548328	LTR/ERVL-MaLR	519	+	36	55548291	66850
chr10	55481441	55681441	harbor1	chr10	55570989	55571388	LTR/ERVL-MaLR	1989	+	200	55571189	89748
chr10	33341233	33541233	harbor1	chr10	33357021	33357253	LTR/ERVL-MaLR	2167	+	116	33357137	15904
chr10	33341233	33541233	harbor1	chr10	33357543	33357690	LTR/ERVL-MaLR	2167	+	74	33357617	16384
chr10	33341233	33541233	harbor1	chr10	33361877	33362292	LTR/ERVL-MaLR	2613	+	208	33362085	20852
chr10	33341233	33541233	harbor1	chr10	33365137	33365489	LTR/ERVL-MaLR	480	+	176	33365313	24080
chr10	33341233	33541233	harbor1	chr10	33395279	33395632	LTR/ERVL-MaLR	683	+	176	33395455	54222
chr10	33341233	33541233	harbor1	chr10	33423813	33424384	LTR/ERVL-MaLR	1975	+	286	33424099	82866
chr10	33341233	33541233	harbor1	chr10	33430818	33431122	LTR/ERVL-MaLR	917	+	152	33430970	89737
chr10	33341233	33541233	harbor1	chr10	33406647	33407035	LTR/ERVL-MaLR	2199	+	194	33406841	65608
chr10	127248557	127448557	harbor1	chr10	127298961	127299102	LTR/ERVL-MaLR	1552	+	70	127299031	50474
chr10	127248557	127448557	harbor1	chr10	127299404	127299716	LTR/ERVL-MaLR	1552	+	156	127299560	51003
chr10	127248557	127448557	harbor1	chr10	127315268	127315630	LTR/ERVL-MaLR	2153	+	181	127315449	66892
chr10	77504150	77704150	harbor1	chr10	77525777	77526336	LTR/ERVL-MaLR	1088	+	280	77526057	21907
chr10	77504150	77704150	harbor1	chr10	77541991	77542286	LTR/ERVL-MaLR	1282	+	148	77542139	37989
chr10	77504150	77704150	harbor1	chr10	77594734	77594980	LTR/ERVL-MaLR	540	+	123	77594857	90707
chr10	77504150	77704150	harbor1	chr10	77512597	77512825	LTR/ERVL-MaLR	1581	+	114	77512711	8561
chr10	105601717	105801717	harbor1	chr10	105614104	105614524	LTR/ERVL-MaLR	1620	+	210	105614314	12597
chr10	105601717	105801717	harbor1	chr10	105615126	105615197	LTR/ERVL-MaLR	410	+	36	105615162	13445
chr10	105601717	105801717	harbor1	chr10	105617044	105617533	LTR/ERVL-MaLR	1243	+	244	105617288	15571
chr10	105601717	105801717	harbor1	chr10	105633628	105633973	LTR/ERVL-MaLR	1997	+	172	105633800	32083
chr10	105601717	105801717	harbor1	chr10	105638673	105638873	LTR/ERVL-MaLR	1537	+	100	105638773	37056
chr10	105601717	105801717	harbor1	chr10	105638874	105639244	LTR/ERVL-MaLR	2034	+	185	105639059	37342
chr10	105601717	105801717	harbor1	chr10	105639245	105639421	LTR/ERVL-MaLR	1537	+	88	105639333	37616
chr10	105601717	105801717	harbor1	chr10	105654748	105655096	LTR/ERVL-MaLR	2735	+	174	105654922	53205
chr10	105601717	105801717	harbor1	chr10	105655388	105655459	LTR/ERVL-MaLR	2735	+	36	105655424	53707
chr10	37068050	37268050	harbor1	chr10	37092140	37092489	LTR/ERVL-MaLR	2576	+	174	37092314	24264
chr10	37068050	37268050	harbor1	chr10	37094072	37094422	LTR/ERVL-MaLR	2584	+	175	37094247	26197
chr10	37068050	37268050	harbor1	chr10	37092490	37094070	LTR/ERVL-MaLR	11415	+	790	37093280	25230
chr10	47002079	47202079	harbor1	chr10	47014339	47014565	LTR/ERVL-MaLR	445	+	113	47014452	12373
chr10	47002079	47202079	harbor1	chr10	47028248	47028482	LTR/ERVL-MaLR	937	+	117	47028365	26286
chr10	47002079	47202079	harbor1	chr10	47063923	47064028	LTR/ERVL-MaLR	438	+	52	47063975	61896
chr10	47002079	47202079	harbor1	chr10	47081209	47081592	LTR/ERVL-MaLR	2287	+	192	47081401	79322
chr10	47002079	47202079	harbor1	chr10	47081857	47081882	LTR/ERVL-MaLR	2287	+	12	47081869	79790
chr10	47002079	47202079	harbor1	chr10	47098972	47099310	LTR/ERVL-MaLR	565	+	169	47099141	97062
chr10	47002079	47202079	harbor1	chr10	47100483	47100853	LTR/ERVL-MaLR	1659	+	185	47100668	98589
chr10	47002079	47202079	harbor1	chr10	47071071	47071409	LTR/ERVL-MaLR	1525	+	169	47071240	69161
chr10	43147088	43347088	harbor1	chr10	43232115	43232485	LTR/ERVL-MaLR	2459	+	185	43232300	85212
chr10	43147088	43347088	harbor1	chr10	43232787	43232826	LTR/ERVL-MaLR	2459	+	20	43232807	85719
chr10	66347624	66547624	harbor1	chr10	66349124	66349481	LTR/ERVL-MaLR	1067	+	178	66349302	1678
chr10	66347624	66547624	harbor1	chr10	66363241	66363610	LTR/ERVL-MaLR	1678	+	184	66363425	15801
chr10	66347624	66547624	harbor1	chr10	66365611	66365757	LTR/ERVL-MaLR	1477	+	73	66365684	18060
chr10	66347624	66547624	harbor1	chr10	66365783	66366107	LTR/ERVL-MaLR	1477	+	162	66365945	18321
chr10	66347624	66547624	harbor1	chr10	66366389	66366731	LTR/ERVL-MaLR	1547	+	171	66366560	18936
chr10	75381197	75581197	harbor1	chr10	75381029	75381209	LTR/ERVL-MaLR	1138	+	90	75381119	78
chr10	75381197	75581197	harbor1	chr10	75381523	75381717	LTR/ERVL-MaLR	1138	+	97	75381620	423
chr10	75381197	75581197	harbor1	chr10	75390727	75390777	LTR/ERVL-MaLR	1063	+	25	75390752	9555
chr10	75381197	75581197	harbor1	chr10	75391154	75391579	LTR/ERVL-MaLR	1063	+	212	75391366	10169
chr10	75381197	75581197	harbor1	chr10	75413779	75413905	LTR/ERVL-MaLR	557	+	63	75413842	32645
chr10	75381197	75581197	harbor1	chr10	75429239	75429595	LTR/ERVL-MaLR	2055	+	178	75429417	48220
chr10	75381197	75581197	harbor1	chr10	75446601	75446720	LTR/ERVL-MaLR	446	+	60	75446661	65464
chr10	44826456	45026456	harbor1	chr10	44826807	44827180	LTR/ERVL-MaLR	1694	+	186	44826993	537
chr10	44826456	45026456	harbor1	chr10	44833038	44833375	LTR/ERVL-MaLR	548	+	168	44833206	6750
chr10	44826456	45026456	harbor1	chr10	44841043	44841467	LTR/ERVL-MaLR	2536	+	212	44841255	14799
chr10	44826456	45026456	harbor1	chr10	44848451	44848639	LTR/ERVL-MaLR	545	+	94	44848545	22089
chr10	44826456	45026456	harbor1	chr10	44848682	44848963	LTR/ERVL-MaLR	643	+	140	44848822	22366
chr10	44826456	45026456	harbor1	chr10	44858543	44858695	LTR/ERVL-MaLR	1341	+	76	44858619	32163
chr10	44826456	45026456	harbor1	chr10	44859001	44859226	LTR/ERVL-MaLR	1341	+	112	44859113	32657
chr10	44826456	45026456	harbor1	chr10	44886682	44887034	LTR/ERVL-MaLR	1457	+	176	44886858	60402
chr10	44826456	45026456	harbor1	chr10	44899497	44899898	LTR/ERVL-MaLR	842	+	200	44899697	73241
chr10	44826456	45026456	harbor1	chr10	44918695	44919030	LTR/ERVL-MaLR	1678	+	168	44918863	92407
chr10	103253782	103453782	harbor1	chr10	103258768	103259112	LTR/ERVL-MaLR	2199	+	172	103258940	5158
chr10	103253782	103453782	harbor1	chr10	103259113	103260391	LTR/ERVL-MaLR	11515	+	639	103259752	5970
chr10	103253782	103453782	harbor1	chr10	103260671	103261001	LTR/ERVL-MaLR	11515	+	165	103260836	7054
chr10	103253782	103453782	harbor1	chr10	103261002	103261336	LTR/ERVL-MaLR	2027	+	167	103261169	7387
chr10	103253782	103453782	harbor1	chr10	103308047	103308401	LTR/ERVL-MaLR	2293	+	177	103308224	54442
chr10	103253782	103453782	harbor1	chr10	103308570	103308590	LTR/ERVL-MaLR	1950	+	10	103308580	54798
chr10	103253782	103453782	harbor1	chr10	103308905	103309207	LTR/ERVL-MaLR	1950	+	151	103309056	55274
chr10	103253782	103453782	harbor1	chr10	103309223	103309603	LTR/ERVL-MaLR	2258	+	190	103309413	55631
chr10	80892211	81092211	harbor1	chr10	80910345	80910388	LTR/ERVL-MaLR	1755	+	22	80910367	18156
chr10	80892211	81092211	harbor1	chr10	80910749	80911151	LTR/ERVL-MaLR	1755	+	201	80910950	18739
chr10	80892211	81092211	harbor1	chr10	80911684	80911719	LTR/ERVL-MaLR	1755	+	18	80911702	19491
chr10	80892211	81092211	harbor1	chr10	80932753	80933155	LTR/ERVL-MaLR	1897	+	201	80932954	40743
chr10	80892211	81092211	harbor1	chr10	80941448	80941905	LTR/ERVL-MaLR	1072	+	228	80941676	49465
chr10	80892211	81092211	harbor1	chr10	80957195	80957565	LTR/ERVL-MaLR	2242	+	185	80957380	65169
chr10	58955136	59155136	harbor1	chr10	58960468	58960536	LTR/ERVL-MaLR	1810	+	34	58960502	5366
chr10	58955136	59155136	harbor1	chr10	58961177	58961600	LTR/ERVL-MaLR	1810	+	212	58961389	6253
chr10	58955136	59155136	harbor1	chr10	58969830	58970095	LTR/ERVL-MaLR	1894	+	132	58969962	14826
chr10	58955136	59155136	harbor1	chr10	58970433	58970604	LTR/ERVL-MaLR	1894	+	86	58970519	15383
chr10	58955136	59155136	harbor1	chr10	58989022	58989390	LTR/ERVL-MaLR	1729	+	184	58989206	34070
chr10	58955136	59155136	harbor1	chr10	58989409	58991000	LTR/ERVL-MaLR	11640	+	796	58990205	35069
chr10	58955136	59155136	harbor1	chr10	58991001	58991331	LTR/ERVL-MaLR	1821	+	165	58991166	36030
chr10	58955136	59155136	harbor1	chr10	58991627	58991671	LTR/ERVL-MaLR	1821	+	22	58991649	36513
chr10	58955136	59155136	harbor1	chr10	59000080	59000419	LTR/ERVL-MaLR	1083	+	170	59000250	45114
chr10	58955136	59155136	harbor1	chr10	59007717	59008050	LTR/ERVL-MaLR	741	+	166	59007883	52747
chr10	90578406	90778406	harbor1	chr10	90597275	90597643	LTR/ERVL-MaLR	526	+	184	90597459	19053
chr10	90578406	90778406	harbor1	chr10	90600598	90600909	LTR/ERVL-MaLR	1815	+	156	90600754	22348
chr10	90578406	90778406	harbor1	chr10	90600896	90601677	LTR/ERVL-MaLR	6068	+	390	90601286	22880
chr10	90578406	90778406	harbor1	chr10	90601678	90602020	LTR/ERVL-MaLR	2216	+	171	90601849	23443
chr10	35767212	35967212	harbor1	chr10	35781210	35781567	LTR/ERVL-MaLR	1950	+	178	35781388	14176
chr10	35767212	35967212	harbor1	chr10	35788326	35788687	LTR/ERVL-MaLR	2152	+	180	35788506	21294
chr10	35767212	35967212	harbor1	chr10	35789697	35790122	LTR/ERVL-MaLR	2354	+	212	35789909	22697
chr10	35767212	35967212	harbor1	chr10	35812273	35812648	LTR/ERVL-MaLR	2801	+	188	35812461	45249
chr10	35767212	35967212	harbor1	chr10	35822287	35822722	LTR/ERVL-MaLR	1553	+	218	35822505	55293
chr10	16371146	16571146	harbor1	chr10	16406697	16407025	LTR/ERVL-MaLR	1545	+	164	16406861	35715
chr10	16371146	16571146	harbor1	chr10	16440558	16440876	LTR/ERVL-MaLR	1145	+	159	16440717	69571
chr10	16371146	16571146	harbor1	chr10	16456751	16457083	LTR/ERVL-MaLR	1907	+	166	16456917	85771
chr10	84430319	84630319	harbor1	chr10	84454850	84455198	LTR/ERVL-MaLR	2406	+	174	84455024	24705
chr10	4535391	4735391	harbor1	chr10	4541422	4541863	LTR/ERVL-MaLR	554	+	220	4541642	6251
chr10	4535391	4735391	harbor1	chr10	4582939	4583382	LTR/ERVL-MaLR	578	+	222	4583161	47770
chr10	2277970	2477970	harbor1	chr10	2288308	2288782	LTR/ERVL-MaLR	1534	+	237	2288545	10575
chr10	2277970	2477970	harbor1	chr10	2301590	2302005	LTR/ERVL-MaLR	2195	+	208	2301798	23828
chr10	2277970	2477970	harbor1	chr10	2318459	2318690	LTR/ERVL-MaLR	1115	+	116	2318575	40605
chr10	2277970	2477970	harbor1	chr10	2360219	2360626	LTR/ERVL-MaLR	2520	+	204	2360423	82453
chr10	2277970	2477970	harbor1	chr10	2359062	2359487	LTR/ERVL-MaLR	1054	+	212	2359274	81304
chr10	119739373	119939373	harbor1	chr10	119802020	119802403	LTR/ERVL-MaLR	982	+	192	119802212	62839
chr10	115914653	116114653	harbor1	chr10	115959963	115960459	LTR/ERVL-MaLR	1643	+	248	115960211	45558
chr10	115914653	116114653	harbor1	chr10	115966316	115966668	LTR/ERVL-MaLR	2230	+	176	115966492	51839
chr10	115914653	116114653	harbor1	chr10	115985369	115985508	LTR/ERVL-MaLR	2341	+	70	115985439	70786
chr10	115914653	116114653	harbor1	chr10	115985898	115986362	LTR/ERVL-MaLR	2341	+	232	115986130	71477
chr10	115914653	116114653	harbor1	chr10	115991911	115992282	LTR/ERVL-MaLR	2447	+	186	115992097	77444
chr10	115914653	116114653	harbor1	chr10	115996395	115996494	LTR/ERVL-MaLR	488	+	50	115996445	81792
chr10	115914653	116114653	harbor1	chr10	115997128	115997421	LTR/ERVL-MaLR	515	+	146	115997274	82621
chr10	115914653	116114653	harbor1	chr10	116002493	116002880	LTR/ERVL-MaLR	1916	+	194	116002687	88034
chr10	12859258	13059258	harbor1	chr10	12880793	12881147	LTR/ERVL-MaLR	2386	+	177	12880970	21712
chr10	12859258	13059258	harbor1	chr10	12882218	12882599	LTR/ERVL-MaLR	1371	+	190	12882408	23150
chr10	12859258	13059258	harbor1	chr10	12889286	12889436	LTR/ERVL-MaLR	921	+	75	12889361	30103
chr10	12859258	13059258	harbor1	chr10	12889739	12889916	LTR/ERVL-MaLR	921	+	88	12889827	30569
chr10	12859258	13059258	harbor1	chr10	12890257	12890821	LTR/ERVL-MaLR	1982	+	282	12890539	31281
chr10	12859258	13059258	harbor1	chr10	12899878	12900229	LTR/ERVL-MaLR	2447	+	176	12900054	40796
chr10	12859258	13059258	harbor1	chr10	12948017	12948357	LTR/ERVL-MaLR	2344	+	170	12948187	88929
chr10	12859258	13059258	harbor1	chr10	12949160	12949604	LTR/ERVL-MaLR	1550	+	222	12949382	90124
chr10	12859258	13059258	harbor1	chr10	12957479	12957833	LTR/ERVL-MaLR	2296	+	177	12957656	98398
chr10	12859258	13059258	harbor1	chr10	12958127	12958198	LTR/ERVL-MaLR	2296	+	36	12958163	98905
chr10	54972701	55172701	harbor1	chr10	54988314	54989807	LTR/ERVL-MaLR	10153	+	746	54989060	16359
chr10	54972701	55172701	harbor1	chr10	54989808	54990165	LTR/ERVL-MaLR	2125	+	178	54989986	17285
chr10	54972701	55172701	harbor1	chr10	55006633	55006884	LTR/ERVL-MaLR	1385	+	126	55006759	34058
chr10	54972701	55172701	harbor1	chr10	55006894	55007251	LTR/ERVL-MaLR	1440	+	178	55007072	34371
chr10	54972701	55172701	harbor1	chr10	55031580	55031919	LTR/ERVL-MaLR	1351	+	170	55031750	59049
chr10	54972701	55172701	harbor1	chr10	55031920	55032435	LTR/ERVL-MaLR	2212	+	258	55032178	59477
chr10	54972701	55172701	harbor1	chr10	55032571	55033792	LTR/ERVL-MaLR	3691	+	610	55033181	60480
chr10	54972701	55172701	harbor1	chr10	55035976	55036339	LTR/ERVL-MaLR	1428	+	182	55036158	63457
chr10	54972701	55172701	harbor1	chr10	55062108	55062437	LTR/ERVL-MaLR	1840	+	164	55062272	89571
chr10	54972701	55172701	harbor1	chr10	55033793	55034156	LTR/ERVL-MaLR	1504	+	182	55033975	61274
chr10	70607001	70807001	harbor1	chr10	70606845	70607218	LTR/ERVL-MaLR	2194	+	186	70607031	30
chr10	70607001	70807001	harbor1	chr10	70607222	70608786	LTR/ERVL-MaLR	7341	+	782	70608004	1003
chr10	70607001	70807001	harbor1	chr10	70609098	70609177	LTR/ERVL-MaLR	7341	+	40	70609138	2137
chr10	70607001	70807001	harbor1	chr10	70609465	70609521	LTR/ERVL-MaLR	7341	+	28	70609493	2492
chr10	70607001	70807001	harbor1	chr10	70609675	70609818	LTR/ERVL-MaLR	678	+	72	70609747	2746
chr10	70607001	70807001	harbor1	chr10	70610153	70610506	LTR/ERVL-MaLR	1531	+	176	70610329	3328
chr10	70607001	70807001	harbor1	chr10	70617123	70617466	LTR/ERVL-MaLR	1276	+	172	70617295	10294
chr10	70607001	70807001	harbor1	chr10	70663805	70663834	LTR/ERVL-MaLR	706	+	14	70663819	56818
chr10	70607001	70807001	harbor1	chr10	70664141	70664375	LTR/ERVL-MaLR	706	+	117	70664258	57257
chr10	113930500	114130500	harbor1	chr10	113934491	113934584	LTR/ERVL-MaLR	656	+	46	113934537	4037
chr10	113930500	114130500	harbor1	chr10	113934847	113934963	LTR/ERVL-MaLR	656	+	58	113934905	4405
chr10	113930500	114130500	harbor1	chr10	113936129	113936225	LTR/ERVL-MaLR	2223	+	48	113936177	5677
chr10	113930500	114130500	harbor1	chr10	113936509	113936973	LTR/ERVL-MaLR	2223	+	232	113936741	6241
chr10	113930500	114130500	harbor1	chr10	113942064	113942419	LTR/ERVL-MaLR	2500	+	178	113942242	11742
chr10	113930500	114130500	harbor1	chr10	113953733	113954069	LTR/ERVL-MaLR	1706	+	168	113953901	23401
chr10	113930500	114130500	harbor1	chr10	113956404	113956758	LTR/ERVL-MaLR	2136	+	177	113956581	26081
chr10	113930500	114130500	harbor1	chr10	113976428	113976617	LTR/ERVL-MaLR	453	+	94	113976522	46022
chr10	113930500	114130500	harbor1	chr10	113987327	113987683	LTR/ERVL-MaLR	2175	+	178	113987505	57005
chr10	113930500	114130500	harbor1	chr10	114001041	114001461	LTR/ERVL-MaLR	1085	+	210	114001251	70751
chr10	113930500	114130500	harbor1	chr10	114020648	114021008	LTR/ERVL-MaLR	2202	+	180	114020828	90328
chr10	103595902	103795902	harbor1	chr10	103608243	103608415	LTR/ERVL-MaLR	698	+	86	103608329	12427
chr10	103595902	103795902	harbor1	chr10	103656200	103656328	LTR/ERVL-MaLR	421	+	64	103656264	60362
chr10	44669959	44869959	harbor1	chr10	44675425	44675769	LTR/ERVL-MaLR	1724	+	172	44675597	5638
chr10	44669959	44869959	harbor1	chr10	44724415	44724941	LTR/ERVL-MaLR	1595	+	263	44724678	54719
chr10	44669959	44869959	harbor1	chr10	44734904	44735226	LTR/ERVL-MaLR	971	+	161	44735065	65106
chr10	44669959	44869959	harbor1	chr10	44735549	44735793	LTR/ERVL-MaLR	971	+	122	44735671	65712
chr10	27997530	28197530	harbor1	chr10	28026438	28026762	LTR/ERVL-MaLR	1710	+	162	28026600	29070
chr10	27997530	28197530	harbor1	chr10	28027059	28027097	LTR/ERVL-MaLR	1710	+	19	28027078	29548
chr10	27997530	28197530	harbor1	chr10	28030814	28031075	LTR/ERVL-MaLR	915	+	130	28030944	33414
chr10	27997530	28197530	harbor1	chr10	28057249	28057605	LTR/ERVL-MaLR	2407	+	178	28057427	59897
chr10	27997530	28197530	harbor1	chr10	28057636	28057692	LTR/ERVL-MaLR	2407	+	28	28057664	60134
chr10	27997530	28197530	harbor1	chr10	28086978	28087383	LTR/ERVL-MaLR	2101	+	202	28087180	89650
chr10	27997530	28197530	harbor1	chr10	28088266	28088647	LTR/ERVL-MaLR	1841	+	190	28088456	90926
chr10	66550771	66750771	harbor1	chr10	66560682	66561062	LTR/ERVL-MaLR	1436	+	190	66560872	10101
chr10	66550771	66750771	harbor1	chr10	66641442	66641532	LTR/ERVL-MaLR	507	+	45	66641487	90716
chr10	94360469	94560469	harbor1	chr10	94368714	94369120	LTR/ERVL-MaLR	1004	+	203	94368917	8448
chr10	94360469	94560469	harbor1	chr10	94420021	94420395	LTR/ERVL-MaLR	1840	+	187	94420208	59739
chr10	94360469	94560469	harbor1	chr10	94458057	94458461	LTR/ERVL-MaLR	2108	+	202	94458259	97790
chr10	85877975	86077975	harbor1	chr10	85932955	85933313	LTR/ERVL-MaLR	1703	+	179	85933134	55159
chr10	85877975	86077975	harbor1	chr10	85933442	85933494	LTR/ERVL-MaLR	1703	+	26	85933468	55493
chr10	85877975	86077975	harbor1	chr10	85943822	85944292	LTR/ERVL-MaLR	1463	+	235	85944057	66082
chr10	85877975	86077975	harbor1	chr10	85966898	85967250	LTR/ERVL-MaLR	2217	+	176	85967074	89099
chr10	21128533	21328533	harbor1	chr10	21157745	21158126	LTR/ERVL-MaLR	1710	+	190	21157935	29402
chr10	21128533	21328533	harbor1	chr10	21177103	21177427	LTR/ERVL-MaLR	668	+	162	21177265	48732
chr10	21128533	21328533	harbor1	chr10	21178916	21179096	LTR/ERVL-MaLR	1848	+	90	21179006	50473
chr10	21128533	21328533	harbor1	chr10	21179680	21179855	LTR/ERVL-MaLR	1848	+	88	21179768	51235
chr10	21128533	21328533	harbor1	chr10	21180162	21180286	LTR/ERVL-MaLR	1848	+	62	21180224	51691
chr10	21128533	21328533	harbor1	chr10	21183745	21184107	LTR/ERVL-MaLR	2388	+	181	21183926	55393
chr10	21128533	21328533	harbor1	chr10	21186304	21186398	LTR/ERVL-MaLR	416	+	47	21186351	57818
chr10	21128533	21328533	harbor1	chr10	21187191	21187325	LTR/ERVL-MaLR	977	+	67	21187258	58725
chr10	21128533	21328533	harbor1	chr10	21189043	21189451	LTR/ERVL-MaLR	1238	+	204	21189247	60714
chr10	21128533	21328533	harbor1	chr10	21189767	21189835	LTR/ERVL-MaLR	1238	+	34	21189801	61268
chr10	21128533	21328533	harbor1	chr10	21203724	21203869	LTR/ERVL-MaLR	420	+	72	21203796	75263
chr10	21128533	21328533	harbor1	chr10	21204251	21204423	LTR/ERVL-MaLR	1482	+	86	21204337	75804
chr10	21128533	21328533	harbor1	chr10	21204459	21204667	LTR/ERVL-MaLR	1482	+	104	21204563	76030
chr10	21128533	21328533	harbor1	chr10	21204916	21205071	LTR/ERVL-MaLR	525	+	78	21204994	76461
chr10	113169263	113369263	harbor1	chr10	113211624	113212090	LTR/ERVL-MaLR	2009	+	233	113211857	42594
chr10	113169263	113369263	harbor1	chr10	113212091	113212452	LTR/ERVL-MaLR	1932	+	180	113212271	43008
chr10	113169263	113369263	harbor1	chr10	113214403	113214844	LTR/ERVL-MaLR	2378	+	220	113214623	45360
chr10	113169263	113369263	harbor1	chr10	113220400	113220828	LTR/ERVL-MaLR	1094	+	214	113220614	51351
chr10	113169263	113369263	harbor1	chr10	113234601	113235045	LTR/ERVL-MaLR	1768	+	222	113234823	65560
chr10	113169263	113369263	harbor1	chr10	113242421	113242591	LTR/ERVL-MaLR	463	+	85	113242506	73243
chr10	113169263	113369263	harbor1	chr10	113263054	113263481	LTR/ERVL-MaLR	2140	+	214	113263268	94005
chr10	113169263	113369263	harbor1	chr10	113268906	113269321	LTR/ERVL-MaLR	974	+	208	113269114	99851
chr10	72079204	72279204	harbor1	chr10	72082410	72082576	LTR/ERVL-MaLR	1466	+	83	72082493	3289
chr10	72079204	72279204	harbor1	chr10	72082883	72083078	LTR/ERVL-MaLR	1466	+	98	72082981	3777
chr10	72079204	72279204	harbor1	chr10	72156012	72156424	LTR/ERVL-MaLR	2300	+	206	72156218	77014
chr10	72079204	72279204	harbor1	chr10	72161267	72161438	LTR/ERVL-MaLR	636	+	86	72161353	82149
chr10	72079204	72279204	harbor1	chr10	72168569	72168961	LTR/ERVL-MaLR	1500	+	196	72168765	89561
chr10	72079204	72279204	harbor1	chr10	72178358	72178785	LTR/ERVL-MaLR	1380	+	214	72178572	99368
chr10	2206875	2406875	harbor1	chr10	2239703	2240057	LTR/ERVL-MaLR	1064	+	177	2239880	33005
chr10	2206875	2406875	harbor1	chr10	2242411	2242767	LTR/ERVL-MaLR	770	+	178	2242589	35714
chr10	2206875	2406875	harbor1	chr10	2267479	2267811	LTR/ERVL-MaLR	1364	+	166	2267645	60770
chr10	2206875	2406875	harbor1	chr10	2275394	2275776	LTR/ERVL-MaLR	2439	+	191	2275585	68710
chr10	2206875	2406875	harbor1	chr10	2276103	2276150	LTR/ERVL-MaLR	2439	+	24	2276127	69252
chr10	2206875	2406875	harbor1	chr10	2288308	2288782	LTR/ERVL-MaLR	1534	+	237	2288545	81670
chr10	2206875	2406875	harbor1	chr10	2301590	2302005	LTR/ERVL-MaLR	2195	+	208	2301798	94923
chr10	61833023	62033023	harbor1	chr10	61861331	61861888	LTR/ERVL-MaLR	1091	+	278	61861609	28586
chr10	61833023	62033023	harbor1	chr10	61874983	61875416	LTR/ERVL-MaLR	1401	+	216	61875199	42176
chr10	2700043	2900043	harbor1	chr10	2720422	2720825	LTR/ERVL-MaLR	572	+	202	2720624	20581
chr10	2700043	2900043	harbor1	chr10	2741526	2741886	LTR/ERVL-MaLR	2076	+	180	2741706	41663
chr10	2700043	2900043	harbor1	chr10	2759403	2759605	LTR/ERVL-MaLR	867	+	101	2759504	59461
chr10	2700043	2900043	harbor1	chr10	2719554	2719946	LTR/ERVL-MaLR	418	+	196	2719750	19707
chr10	117882078	118082078	harbor1	chr10	117909273	117909648	LTR/ERVL-MaLR	1109	+	188	117909461	27383
chr10	117882078	118082078	harbor1	chr10	117917878	117918235	LTR/ERVL-MaLR	2340	+	178	117918056	35978
chr10	117882078	118082078	harbor1	chr10	117938014	117938360	LTR/ERVL-MaLR	1999	+	173	117938187	56109
chr10	117882078	118082078	harbor1	chr10	117940179	117940372	LTR/ERVL-MaLR	497	+	96	117940275	58197
chr10	117882078	118082078	harbor1	chr10	117940746	117940921	LTR/ERVL-MaLR	1421	+	88	117940834	58756
chr10	117882078	118082078	harbor1	chr10	117941012	117941217	LTR/ERVL-MaLR	1421	+	102	117941114	59036
chr10	117882078	118082078	harbor1	chr10	117949818	117950163	LTR/ERVL-MaLR	1516	+	172	117949990	67912
chr10	117882078	118082078	harbor1	chr10	117980559	117980958	LTR/ERVL-MaLR	1268	+	200	117980759	98681
chr10	117882078	118082078	harbor1	chr10	117948344	117948838	LTR/ERVL-MaLR	1786	+	247	117948591	66513
chr10	17548283	17748283	harbor1	chr10	17573766	17573949	LTR/ERVL-MaLR	604	+	92	17573858	25575
chr10	17548283	17748283	harbor1	chr10	17574158	17574335	LTR/ERVL-MaLR	1189	+	88	17574246	25963
chr10	17548283	17748283	harbor1	chr10	17638917	17639384	LTR/ERVL-MaLR	973	+	234	17639151	90868
chr10	100734685	100934685	harbor1	chr10	100833331	100833850	LTR/ERVL-MaLR	564	+	260	100833591	98906
chr10	87637865	87837865	harbor1	chr10	87644497	87644857	LTR/ERVL-MaLR	2844	+	180	87644677	6812
chr10	133483463	133683463	harbor1	chr10	133564064	133564356	LTR/ERVL-MaLR	1550	+	146	133564210	80747
chr10	133483463	133683463	harbor1	chr10	133572950	133573282	LTR/ERVL-MaLR	1440	+	166	133573116	89653
chr10	123840460	124040460	harbor1	chr10	123851401	123851487	LTR/ERVL-MaLR	1504	+	43	123851444	10984
chr10	123840460	124040460	harbor1	chr10	123851786	123852192	LTR/ERVL-MaLR	1504	+	203	123851989	11529
chr10	123840460	124040460	harbor1	chr10	123852958	123853349	LTR/ERVL-MaLR	2430	+	196	123853154	12694
chr10	123840460	124040460	harbor1	chr10	123861430	123861885	LTR/ERVL-MaLR	1493	+	228	123861658	21198
chr10	123840460	124040460	harbor1	chr10	123920647	123921045	LTR/ERVL-MaLR	2280	+	199	123920846	80386
chr10	123840460	124040460	harbor1	chr10	123923643	123923995	LTR/ERVL-MaLR	2389	+	176	123923819	83359
chr10	123840460	124040460	harbor1	chr10	123926667	123926943	LTR/ERVL-MaLR	427	+	138	123926805	86345
chr10	123840460	124040460	harbor1	chr10	123928442	123928944	LTR/ERVL-MaLR	1841	+	251	123928693	88233
chr10	22146803	22346803	harbor1	chr10	22179815	22180225	LTR/ERVL-MaLR	2334	+	205	22180020	33217
chr10	22146803	22346803	harbor1	chr10	22221233	22221666	LTR/ERVL-MaLR	1042	+	216	22221449	74646
chr10	22146803	22346803	harbor1	chr10	22225157	22225562	LTR/ERVL-MaLR	1212	+	202	22225359	78556
chr10	76533646	76733646	harbor1	chr10	76534204	76534622	LTR/ERVL-MaLR	608	+	209	76534413	767
chr10	76533646	76733646	harbor1	chr10	76573938	76574428	LTR/ERVL-MaLR	998	+	245	76574183	40537
chr10	76533646	76733646	harbor1	chr10	76600075	76600221	LTR/ERVL-MaLR	1522	+	73	76600148	66502
chr10	76533646	76733646	harbor1	chr10	76600531	76600769	LTR/ERVL-MaLR	1522	+	119	76600650	67004
chr10	76533646	76733646	harbor1	chr10	76622212	76622498	LTR/ERVL-MaLR	662	+	143	76622355	88709
chr10	88362743	88562743	harbor1	chr10	88379571	88380116	LTR/ERVL-MaLR	1374	+	272	88379843	17100
chr10	88362743	88562743	harbor1	chr10	88408326	88408635	LTR/ERVL-MaLR	801	+	154	88408480	45737
chr10	88362743	88562743	harbor1	chr10	88437551	88437844	LTR/ERVL-MaLR	1410	+	146	88437697	74954
chr10	88362743	88562743	harbor1	chr10	88438145	88438446	LTR/ERVL-MaLR	1410	+	150	88438295	75552
chr10	33057814	33257814	harbor1	chr10	33060798	33061149	LTR/ERVL-MaLR	1895	+	176	33060974	3160
chr10	33057814	33257814	harbor1	chr10	33061451	33061554	LTR/ERVL-MaLR	1895	+	52	33061503	3689
chr10	33057814	33257814	harbor1	chr10	33064196	33064531	LTR/ERVL-MaLR	2098	+	168	33064364	6550
chr10	33057814	33257814	harbor1	chr10	33076890	33077034	LTR/ERVL-MaLR	2196	+	72	33076962	19148
chr10	33057814	33257814	harbor1	chr10	33077412	33077848	LTR/ERVL-MaLR	2196	+	218	33077630	19816
chr10	33057814	33257814	harbor1	chr10	33080292	33080653	LTR/ERVL-MaLR	2765	+	180	33080472	22658
chr10	33057814	33257814	harbor1	chr10	33081862	33081959	LTR/ERVL-MaLR	411	+	48	33081910	24096
chr10	33057814	33257814	harbor1	chr10	33089743	33090117	LTR/ERVL-MaLR	2542	+	187	33089930	32116
chr10	33057814	33257814	harbor1	chr10	33094625	33094983	LTR/ERVL-MaLR	2146	+	179	33094804	36990
chr10	33057814	33257814	harbor1	chr10	33104718	33105276	LTR/ERVL-MaLR	2141	+	279	33104997	47183
chr10	33057814	33257814	harbor1	chr10	33147735	33148150	LTR/ERVL-MaLR	2669	+	208	33147943	90129
chr10	10727550	10927550	harbor1	chr10	10771477	10771845	LTR/ERVL-MaLR	2134	+	184	10771661	44111
chr10	10727550	10927550	harbor1	chr10	10774344	10774755	LTR/ERVL-MaLR	2644	+	206	10774550	47000
chr10	10727550	10927550	harbor1	chr10	10783148	10783597	LTR/ERVL-MaLR	1824	+	224	10783372	55822
chr10	10727550	10927550	harbor1	chr10	10808978	10809401	LTR/ERVL-MaLR	1337	+	212	10809190	81640
chr10	10727550	10927550	harbor1	chr10	10819915	10820265	LTR/ERVL-MaLR	2716	+	175	10820090	92540
chr10	2232974	2432974	harbor1	chr10	2239703	2240057	LTR/ERVL-MaLR	1064	+	177	2239880	6906
chr10	2232974	2432974	harbor1	chr10	2242411	2242767	LTR/ERVL-MaLR	770	+	178	2242589	9615
chr10	2232974	2432974	harbor1	chr10	2267479	2267811	LTR/ERVL-MaLR	1364	+	166	2267645	34671
chr10	2232974	2432974	harbor1	chr10	2275394	2275776	LTR/ERVL-MaLR	2439	+	191	2275585	42611
chr10	2232974	2432974	harbor1	chr10	2276103	2276150	LTR/ERVL-MaLR	2439	+	24	2276127	43153
chr10	2232974	2432974	harbor1	chr10	2288308	2288782	LTR/ERVL-MaLR	1534	+	237	2288545	55571
chr10	2232974	2432974	harbor1	chr10	2301590	2302005	LTR/ERVL-MaLR	2195	+	208	2301798	68824
chr10	2232974	2432974	harbor1	chr10	2318459	2318690	LTR/ERVL-MaLR	1115	+	116	2318575	85601
chr10	55965608	56165608	harbor1	chr10	55965512	55966023	LTR/ERVL-MaLR	2765	+	256	55965768	160
chr10	55965608	56165608	harbor1	chr10	55966061	55966187	LTR/ERVL-MaLR	2765	+	63	55966124	516
chr10	55965608	56165608	harbor1	chr10	55966525	55966931	LTR/ERVL-MaLR	1793	+	203	55966728	1120
chr10	55965608	56165608	harbor1	chr10	56029319	56029699	LTR/ERVL-MaLR	680	+	190	56029509	63901
chr10	55965608	56165608	harbor1	chr10	56033504	56033855	LTR/ERVL-MaLR	2296	+	176	56033680	68072
chr10	55965608	56165608	harbor1	chr10	56059419	56059802	LTR/ERVL-MaLR	2009	+	192	56059611	94003
chr10	55965608	56165608	harbor1	chr10	56064956	56065303	LTR/ERVL-MaLR	1963	+	174	56065130	99522
chr10	61514543	61714543	harbor1	chr10	61523919	61524063	LTR/ERVL-MaLR	700	+	72	61523991	9448
chr10	61514543	61714543	harbor1	chr10	61591966	61592182	LTR/ERVL-MaLR	654	+	108	61592074	77531
chr10	61514543	61714543	harbor1	chr10	61593400	61593487	LTR/ERVL-MaLR	535	+	44	61593444	78901
chr10	61514543	61714543	harbor1	chr10	61603597	61603675	LTR/ERVL-MaLR	674	+	39	61603636	89093
chr10	16675252	16875252	harbor1	chr10	16684424	16684759	LTR/ERVL-MaLR	1255	+	168	16684592	9340
chr10	16675252	16875252	harbor1	chr10	16702128	16702863	LTR/ERVL-MaLR	4174	+	368	16702496	27244
chr10	16675252	16875252	harbor1	chr10	16702864	16703284	LTR/ERVL-MaLR	2378	+	210	16703074	27822
chr10	16675252	16875252	harbor1	chr10	16725428	16725831	LTR/ERVL-MaLR	1638	+	202	16725630	50378
chr10	16675252	16875252	harbor1	chr10	16728567	16729046	LTR/ERVL-MaLR	2053	+	240	16728807	53555
chr10	16675252	16875252	harbor1	chr10	16729782	16729909	LTR/ERVL-MaLR	475	+	64	16729846	54594
chr10	16675252	16875252	harbor1	chr10	16730333	16730649	LTR/ERVL-MaLR	475	+	158	16730491	55239
chr10	16675252	16875252	harbor1	chr10	16732290	16732647	LTR/ERVL-MaLR	1747	+	178	16732468	57216
chr10	16675252	16875252	harbor1	chr10	16734768	16735152	LTR/ERVL-MaLR	1810	+	192	16734960	59708
chr10	62855526	63055526	harbor1	chr10	62869331	62869698	LTR/ERVL-MaLR	944	+	184	62869515	13989
chr10	86140806	86340806	harbor1	chr10	86141963	86142301	LTR/ERVL-MaLR	696	+	169	86142132	1326
chr10	86140806	86340806	harbor1	chr10	86150634	86150994	LTR/ERVL-MaLR	1624	+	180	86150814	10008
chr10	86140806	86340806	harbor1	chr10	86237159	86237239	LTR/ERVL-MaLR	449	+	40	86237199	96393
chr10	86140806	86340806	harbor1	chr10	86237240	86237422	LTR/ERVL-MaLR	1998	+	91	86237331	96525
chr10	86140806	86340806	harbor1	chr10	86237717	86237924	LTR/ERVL-MaLR	1998	+	104	86237821	97015
chr10	86140806	86340806	harbor1	chr10	86237927	86238055	LTR/ERVL-MaLR	812	+	64	86237991	97185
chr10	86140806	86340806	harbor1	chr10	86238050	86238379	LTR/ERVL-MaLR	7491	+	164	86238214	97408
chr10	86140806	86340806	harbor1	chr10	86238691	86239514	LTR/ERVL-MaLR	7491	+	412	86239103	98297
chr10	86140806	86340806	harbor1	chr10	86239515	86239882	LTR/ERVL-MaLR	1909	+	184	86239699	98893
chr10	86140806	86340806	harbor1	chr10	86239883	86240184	LTR/ERVL-MaLR	1803	+	150	86240033	99227
chr10	66356921	66556921	harbor1	chr10	66363241	66363610	LTR/ERVL-MaLR	1678	+	184	66363425	6504
chr10	66356921	66556921	harbor1	chr10	66365611	66365757	LTR/ERVL-MaLR	1477	+	73	66365684	8763
chr10	66356921	66556921	harbor1	chr10	66365783	66366107	LTR/ERVL-MaLR	1477	+	162	66365945	9024
chr10	66356921	66556921	harbor1	chr10	66366389	66366731	LTR/ERVL-MaLR	1547	+	171	66366560	9639
chr10	66356921	66556921	harbor1	chr10	66453853	66454302	LTR/ERVL-MaLR	1840	+	224	66454077	97156
chr10	86533680	86733680	harbor1	chr10	86548043	86549000	LTR/ERVL-MaLR	3023	+	478	86548521	14841
chr10	86533680	86733680	harbor1	chr10	86549304	86549528	LTR/ERVL-MaLR	3023	+	112	86549416	15736
chr10	86533680	86733680	harbor1	chr10	86549589	86549838	LTR/ERVL-MaLR	981	+	124	86549713	16033
chr10	86533680	86733680	harbor1	chr10	86551800	86552313	LTR/ERVL-MaLR	1571	+	256	86552056	18376
chr10	86533680	86733680	harbor1	chr10	86552620	86552657	LTR/ERVL-MaLR	1571	+	18	86552638	18958
chr10	86533680	86733680	harbor1	chr10	86552681	86553022	LTR/ERVL-MaLR	1565	+	170	86552851	19171
chr10	86533680	86733680	harbor1	chr10	86590876	86591238	LTR/ERVL-MaLR	2782	+	181	86591057	57377
chr10	86533680	86733680	harbor1	chr10	86596131	86596428	LTR/ERVL-MaLR	963	+	148	86596279	62599
chr10	86533680	86733680	harbor1	chr10	86596464	86596582	LTR/ERVL-MaLR	593	+	59	86596523	62843
chr10	86533680	86733680	harbor1	chr10	86596767	86596937	LTR/ERVL-MaLR	954	+	85	86596852	63172
chr10	86533680	86733680	harbor1	chr10	86610398	86610726	LTR/ERVL-MaLR	761	+	164	86610562	76882
chr10	86533680	86733680	harbor1	chr10	86615004	86615405	LTR/ERVL-MaLR	837	+	200	86615204	81524
chr10	86533680	86733680	harbor1	chr10	86615407	86615741	LTR/ERVL-MaLR	676	+	167	86615574	81894
chr10	86533680	86733680	harbor1	chr10	86620920	86621305	LTR/ERVL-MaLR	934	+	192	86621112	87432
chr10	86533680	86733680	harbor1	chr10	86622928	86623286	LTR/ERVL-MaLR	1901	+	179	86623107	89427
chr10	70602202	70802202	harbor1	chr10	70606845	70607218	LTR/ERVL-MaLR	2194	+	186	70607031	4829
chr10	70602202	70802202	harbor1	chr10	70607222	70608786	LTR/ERVL-MaLR	7341	+	782	70608004	5802
chr10	70602202	70802202	harbor1	chr10	70609098	70609177	LTR/ERVL-MaLR	7341	+	40	70609138	6936
chr10	70602202	70802202	harbor1	chr10	70609465	70609521	LTR/ERVL-MaLR	7341	+	28	70609493	7291
chr10	70602202	70802202	harbor1	chr10	70609675	70609818	LTR/ERVL-MaLR	678	+	72	70609747	7545
chr10	70602202	70802202	harbor1	chr10	70610153	70610506	LTR/ERVL-MaLR	1531	+	176	70610329	8127
chr10	70602202	70802202	harbor1	chr10	70617123	70617466	LTR/ERVL-MaLR	1276	+	172	70617295	15093
chr10	70602202	70802202	harbor1	chr10	70663805	70663834	LTR/ERVL-MaLR	706	+	14	70663819	61617
chr10	70602202	70802202	harbor1	chr10	70664141	70664375	LTR/ERVL-MaLR	706	+	117	70664258	62056
chr10	7027630	7227630	harbor1	chr10	7029661	7030026	LTR/ERVL-MaLR	2371	+	182	7029843	2213
chr10	7027630	7227630	harbor1	chr10	7039267	7039636	LTR/ERVL-MaLR	1741	+	184	7039451	11821
chr10	7027630	7227630	harbor1	chr10	7050051	7050410	LTR/ERVL-MaLR	2317	+	180	7050231	22601
chr10	7027630	7227630	harbor1	chr10	7051429	7051670	LTR/ERVL-MaLR	1098	+	120	7051549	23919
chr10	7027630	7227630	harbor1	chr10	7052256	7052449	LTR/ERVL-MaLR	1098	+	96	7052352	24722
chr10	7027630	7227630	harbor1	chr10	7055971	7056325	LTR/ERVL-MaLR	1548	+	177	7056148	28518
chr10	7027630	7227630	harbor1	chr10	7087267	7087630	LTR/ERVL-MaLR	2018	+	182	7087449	59819
chr10	7027630	7227630	harbor1	chr10	7089494	7089661	LTR/ERVL-MaLR	562	+	84	7089578	61948
chr10	7027630	7227630	harbor1	chr10	7093869	7094270	LTR/ERVL-MaLR	2463	+	200	7094069	66439
chr10	7027630	7227630	harbor1	chr10	7108162	7108519	LTR/ERVL-MaLR	1921	+	178	7108340	80710
chr10	7027630	7227630	harbor1	chr10	7112202	7112563	LTR/ERVL-MaLR	2227	+	180	7112382	84752
chr10	7027630	7227630	harbor1	chr10	7113128	7113299	LTR/ERVL-MaLR	1443	+	86	7113214	85584
chr10	7027630	7227630	harbor1	chr10	7113610	7113948	LTR/ERVL-MaLR	1443	+	169	7113779	86149
chr10	96343815	96543815	harbor1	chr10	96363060	96363419	LTR/ERVL-MaLR	1160	+	180	96363240	19425
chr10	96343815	96543815	harbor1	chr10	96382513	96382854	LTR/ERVL-MaLR	1648	+	170	96382683	38868
chr10	96343815	96543815	harbor1	chr10	96383265	96383308	LTR/ERVL-MaLR	1731	+	22	96383287	39472
chr10	96343815	96543815	harbor1	chr10	96383309	96383603	LTR/ERVL-MaLR	2188	+	147	96383456	39641
chr10	96343815	96543815	harbor1	chr10	96383931	96383992	LTR/ERVL-MaLR	2188	+	30	96383961	40146
chr10	96343815	96543815	harbor1	chr10	96383993	96384410	LTR/ERVL-MaLR	1731	+	208	96384201	40386
chr10	96343815	96543815	harbor1	chr10	96392701	96393283	LTR/ERVL-MaLR	2291	+	291	96392992	49177
chr10	96343815	96543815	harbor1	chr10	96417447	96417963	LTR/ERVL-MaLR	1350	+	258	96417705	73890
chr10	96343815	96543815	harbor1	chr10	96430087	96430498	LTR/ERVL-MaLR	2353	+	206	96430293	86478
chr10	96343815	96543815	harbor1	chr10	96443143	96443651	LTR/ERVL-MaLR	994	+	254	96443397	99582
chr10	66114582	66314582	harbor1	chr10	66148371	66148761	LTR/ERVL-MaLR	1401	+	195	66148566	33984
chr10	66114582	66314582	harbor1	chr10	66150064	66150428	LTR/ERVL-MaLR	2301	+	182	66150246	35664
chr10	66114582	66314582	harbor1	chr10	66176549	66176868	LTR/ERVL-MaLR	1880	+	160	66176709	62127
chr10	66114582	66314582	harbor1	chr10	66191780	66192151	LTR/ERVL-MaLR	2047	+	186	66191966	77384
chr10	74614244	74814244	harbor1	chr10	74658289	74658406	LTR/ERVL-MaLR	444	+	58	74658347	44103
chr10	74614244	74814244	harbor1	chr10	74686311	74686629	LTR/ERVL-MaLR	1287	+	159	74686470	72226
chr10	93046375	93246375	harbor1	chr10	93094156	93094436	LTR/ERVL-MaLR	1227	+	140	93094296	47921
chr10	79403822	79603822	harbor1	chr10	79460144	79460558	LTR/ERVL-MaLR	2286	+	207	79460351	56529
chr10	79403822	79603822	harbor1	chr10	79489012	79489380	LTR/ERVL-MaLR	994	+	184	79489196	85374
chr10	42857502	43057502	harbor1	chr10	42890263	42890639	LTR/ERVL-MaLR	2517	+	188	42890451	32949
chr10	42857502	43057502	harbor1	chr10	42893890	42894232	LTR/ERVL-MaLR	2668	+	171	42894061	36559
chr10	42857502	43057502	harbor1	chr10	42902204	42902604	LTR/ERVL-MaLR	765	+	200	42902404	44902
chr10	125761307	125961307	harbor1	chr10	125780090	125780429	LTR/ERVL-MaLR	1684	+	170	125780260	18953
chr10	125761307	125961307	harbor1	chr10	125810124	125810631	LTR/ERVL-MaLR	1781	+	254	125810378	49071
chr10	63861160	64061160	harbor1	chr10	63884912	63885279	LTR/ERVL-MaLR	1951	+	184	63885096	23936
chr10	63861160	64061160	harbor1	chr10	63906748	63907077	LTR/ERVL-MaLR	1006	+	164	63906912	45752
chr10	63861160	64061160	harbor1	chr10	63912277	63912763	LTR/ERVL-MaLR	918	+	243	63912520	51360
chr10	63861160	64061160	harbor1	chr10	63914608	63914838	LTR/ERVL-MaLR	756	+	115	63914723	53563
chr10	63861160	64061160	harbor1	chr10	63914807	63914936	LTR/ERVL-MaLR	623	+	64	63914871	53711
chr10	63861160	64061160	harbor1	chr10	63915558	63915932	LTR/ERVL-MaLR	2534	+	187	63915745	54585
chr10	63861160	64061160	harbor1	chr10	63936340	63936728	LTR/ERVL-MaLR	2163	+	194	63936534	75374
chr10	63861160	64061160	harbor1	chr10	63960553	63960905	LTR/ERVL-MaLR	2545	+	176	63960729	99569
chr10	68013577	68213577	harbor1	chr10	68014965	68015464	LTR/ERVL-MaLR	1274	+	250	68015215	1638
chr10	68013577	68213577	harbor1	chr10	68017054	68017170	LTR/ERVL-MaLR	417	+	58	68017112	3535
chr10	5145841	5345841	harbor1	chr10	5187466	5187923	LTR/ERVL-MaLR	643	+	228	5187694	41853
chr10	5145841	5345841	harbor1	chr10	5215222	5215325	LTR/ERVL-MaLR	694	+	52	5215274	69433
chr10	5145841	5345841	harbor1	chr10	5244812	5245205	LTR/ERVL-MaLR	1935	+	196	5245008	99167
chr10	118448649	118648649	harbor1	chr10	118463114	118463462	LTR/ERVL-MaLR	1814	+	174	118463288	14639
chr10	118448649	118648649	harbor1	chr10	118479731	118480075	LTR/ERVL-MaLR	2125	+	172	118479903	31254
chr10	118448649	118648649	harbor1	chr10	118489294	118490857	LTR/ERVL-MaLR	12092	+	782	118490076	41427
chr10	118448649	118648649	harbor1	chr10	118490858	118491192	LTR/ERVL-MaLR	2205	+	167	118491025	42376
chr10	118448649	118648649	harbor1	chr10	118495317	118495864	LTR/ERVL-MaLR	1224	+	274	118495591	46942
chr10	118448649	118648649	harbor1	chr10	118497933	118498287	LTR/ERVL-MaLR	2890	+	177	118498110	49461
chr10	118448649	118648649	harbor1	chr10	118524560	118525052	LTR/ERVL-MaLR	791	+	246	118524806	76157
chr10	118448649	118648649	harbor1	chr10	118525450	118525855	LTR/ERVL-MaLR	2649	+	202	118525652	77003
chr10	118448649	118648649	harbor1	chr10	118525963	118526161	LTR/ERVL-MaLR	1871	+	99	118526062	77413
chr10	118448649	118648649	harbor1	chr10	118526193	118526383	LTR/ERVL-MaLR	1871	+	95	118526288	77639
chr10	118448649	118648649	harbor1	chr10	118529412	118529831	LTR/ERVL-MaLR	1729	+	210	118529622	80973
chr10	118448649	118648649	harbor1	chr10	118541617	118541996	LTR/ERVL-MaLR	650	+	190	118541807	93158
chr10	118448649	118648649	harbor1	chr10	118542446	118542948	LTR/ERVL-MaLR	662	+	251	118542697	94048
chr10	118448649	118648649	harbor1	chr10	118488951	118489293	LTR/ERVL-MaLR	1973	+	171	118489122	40473
chr10	58614528	58814528	harbor1	chr10	58632997	58633336	LTR/ERVL-MaLR	2057	+	170	58633167	18639
chr10	58614528	58814528	harbor1	chr10	58706520	58706891	LTR/ERVL-MaLR	2250	+	186	58706706	92178
chr10	84041375	84241375	harbor1	chr10	84054605	84055069	LTR/ERVL-MaLR	797	+	232	84054837	13462
chr10	84041375	84241375	harbor1	chr10	84056417	84056900	LTR/ERVL-MaLR	1177	+	242	84056659	15284
chr10	84041375	84241375	harbor1	chr10	84068424	84068842	LTR/ERVL-MaLR	2192	+	209	84068633	27258
chr10	84041375	84241375	harbor1	chr10	84089194	84089551	LTR/ERVL-MaLR	1493	+	178	84089372	47997
chr10	84041375	84241375	harbor1	chr10	84089741	84090018	LTR/ERVL-MaLR	1531	+	138	84089879	48504
chr10	84041375	84241375	harbor1	chr10	84135248	84135664	LTR/ERVL-MaLR	2535	+	208	84135456	94081
chr10	105455062	105655062	harbor1	chr10	105523594	105524027	LTR/ERVL-MaLR	708	+	216	105523810	68748
chr10	105455062	105655062	harbor1	chr10	105524060	105524491	LTR/ERVL-MaLR	855	+	216	105524276	69214
chr10	105455062	105655062	harbor1	chr10	105524872	105525176	LTR/ERVL-MaLR	842	+	152	105525024	69962
chr10	105455062	105655062	harbor1	chr10	105525190	105525697	LTR/ERVL-MaLR	1446	+	254	105525444	70382
chr10	105455062	105655062	harbor1	chr10	105532864	105533312	LTR/ERVL-MaLR	1624	+	224	105533088	78026
chr10	105455062	105655062	harbor1	chr10	105547691	105548073	LTR/ERVL-MaLR	2269	+	191	105547882	92820
chr10	101477321	101677321	harbor1	chr10	101545409	101545775	LTR/ERVL-MaLR	2047	+	183	101545592	68271
chr10	96344057	96544057	harbor1	chr10	96363060	96363419	LTR/ERVL-MaLR	1160	+	180	96363240	19183
chr10	96344057	96544057	harbor1	chr10	96382513	96382854	LTR/ERVL-MaLR	1648	+	170	96382683	38626
chr10	96344057	96544057	harbor1	chr10	96383265	96383308	LTR/ERVL-MaLR	1731	+	22	96383287	39230
chr10	96344057	96544057	harbor1	chr10	96383309	96383603	LTR/ERVL-MaLR	2188	+	147	96383456	39399
chr10	96344057	96544057	harbor1	chr10	96383931	96383992	LTR/ERVL-MaLR	2188	+	30	96383961	39904
chr10	96344057	96544057	harbor1	chr10	96383993	96384410	LTR/ERVL-MaLR	1731	+	208	96384201	40144
chr10	96344057	96544057	harbor1	chr10	96392701	96393283	LTR/ERVL-MaLR	2291	+	291	96392992	48935
chr10	96344057	96544057	harbor1	chr10	96417447	96417963	LTR/ERVL-MaLR	1350	+	258	96417705	73648
chr10	96344057	96544057	harbor1	chr10	96430087	96430498	LTR/ERVL-MaLR	2353	+	206	96430293	86236
chr10	96344057	96544057	harbor1	chr10	96443143	96443651	LTR/ERVL-MaLR	994	+	254	96443397	99340
chr10	37704662	37904662	harbor1	chr10	37708115	37708595	LTR/ERVL-MaLR	1575	+	240	37708355	3693
chr10	37704662	37904662	harbor1	chr10	37736947	37737201	LTR/ERVL-MaLR	1803	+	127	37737074	32412
chr10	37704662	37904662	harbor1	chr10	37738715	37738824	LTR/ERVL-MaLR	1803	+	54	37738769	34107
chr10	37704662	37904662	harbor1	chr10	37749006	37749158	LTR/ERVL-MaLR	659	+	76	37749082	44420
chr10	37704662	37904662	harbor1	chr10	37782209	37782472	LTR/ERVL-MaLR	765	+	132	37782341	77679
chr10	37704662	37904662	harbor1	chr10	37782481	37782951	LTR/ERVL-MaLR	1962	+	235	37782716	78054
chr10	37704662	37904662	harbor1	chr10	37748595	37748758	LTR/ERVL-MaLR	712	+	82	37748677	44015
chr10	62152369	62352369	harbor1	chr10	62179005	62179203	LTR/ERVL-MaLR	2299	+	99	62179104	26735
chr10	62152369	62352369	harbor1	chr10	62179513	62179724	LTR/ERVL-MaLR	2299	+	106	62179619	27250
chr10	62152369	62352369	harbor1	chr10	62180037	62180068	LTR/ERVL-MaLR	2299	+	16	62180053	27684
chr10	62152369	62352369	harbor1	chr10	62192455	62192775	LTR/ERVL-MaLR	783	+	160	62192615	40246
chr10	62152369	62352369	harbor1	chr10	62160540	62160984	LTR/ERVL-MaLR	1380	+	222	62160762	8393
chr11	60226180	60426180	harbor1	chr11	60233594	60234348	LTR/ERVL-MaLR	2750	+	377	60233971	7791
chr11	60226180	60426180	harbor1	chr11	60234349	60234654	LTR/ERVL-MaLR	992	+	152	60234501	8321
chr11	60226180	60426180	harbor1	chr11	60310446	60310657	LTR/ERVL-MaLR	414	+	106	60310552	84372
chr11	60226180	60426180	harbor1	chr11	60260057	60260432	LTR/ERVL-MaLR	414	+	188	60260245	34065
chr11	102694834	102894834	harbor1	chr11	102728440	102728785	LTR/ERVL-MaLR	1522	+	172	102728612	33778
chr11	102694834	102894834	harbor1	chr11	102768112	102768489	LTR/ERVL-MaLR	957	+	188	102768300	73466
chr11	102694834	102894834	harbor1	chr11	102778828	102779183	LTR/ERVL-MaLR	1928	+	178	102779006	84172
chr11	102694834	102894834	harbor1	chr11	102782031	102782449	LTR/ERVL-MaLR	2681	+	209	102782240	87406
chr11	102694834	102894834	harbor1	chr11	102788690	102789074	LTR/ERVL-MaLR	2169	+	192	102788882	94048
chr11	60863688	61063688	harbor1	chr11	60863490	60863731	LTR/ERVL-MaLR	1735	+	120	60863610	78
chr11	60863688	61063688	harbor1	chr11	60896384	60896742	LTR/ERVL-MaLR	2435	+	179	60896563	32875
chr11	60863688	61063688	harbor1	chr11	60944973	60945498	LTR/ERVL-MaLR	778	+	262	60945235	81547
chr11	60863688	61063688	harbor1	chr11	60959728	60960204	LTR/ERVL-MaLR	1100	+	238	60959966	96278
chr11	26954770	27154770	harbor1	chr11	26956338	26956479	LTR/ERVL-MaLR	755	+	70	26956408	1638
chr11	26954770	27154770	harbor1	chr11	26958964	26959317	LTR/ERVL-MaLR	2201	+	176	26959140	4370
chr11	26954770	27154770	harbor1	chr11	26984606	26985000	LTR/ERVL-MaLR	1295	+	197	26984803	30033
chr11	26954770	27154770	harbor1	chr11	26986856	26987210	LTR/ERVL-MaLR	2117	+	177	26987033	32263
chr11	26954770	27154770	harbor1	chr11	27009988	27010453	LTR/ERVL-MaLR	1009	+	232	27010220	55450
chr11	26954770	27154770	harbor1	chr11	27027132	27027350	LTR/ERVL-MaLR	965	+	109	27027241	72471
chr11	26954770	27154770	harbor1	chr11	27027351	27027762	LTR/ERVL-MaLR	2040	+	206	27027557	72787
chr11	26954770	27154770	harbor1	chr11	27027763	27027927	LTR/ERVL-MaLR	965	+	82	27027845	73075
chr11	26954770	27154770	harbor1	chr11	27039107	27039473	LTR/ERVL-MaLR	2002	+	183	27039290	84520
chr11	129127716	129327716	harbor1	chr11	129134648	129135006	LTR/ERVL-MaLR	1783	+	179	129134827	7111
chr11	129127716	129327716	harbor1	chr11	129139465	129139830	LTR/ERVL-MaLR	2375	+	182	129139647	11931
chr11	129127716	129327716	harbor1	chr11	129139890	129140468	LTR/ERVL-MaLR	2037	+	289	129140179	12463
chr11	129127716	129327716	harbor1	chr11	129198362	129198732	LTR/ERVL-MaLR	2254	+	185	129198547	70831
chr11	129127716	129327716	harbor1	chr11	129198733	129200296	LTR/ERVL-MaLR	11722	+	782	129199515	71799
chr11	129127716	129327716	harbor1	chr11	129200297	129200659	LTR/ERVL-MaLR	2092	+	181	129200478	72762
chr11	129127716	129327716	harbor1	chr11	129215783	129216209	LTR/ERVL-MaLR	748	+	213	129215996	88280
chr11	28126859	28326859	harbor1	chr11	28133436	28133930	LTR/ERVL-MaLR	1774	+	247	28133683	6824
chr11	28126859	28326859	harbor1	chr11	28136183	28136532	LTR/ERVL-MaLR	2290	+	174	28136357	9498
chr11	28126859	28326859	harbor1	chr11	28173181	28173542	LTR/ERVL-MaLR	1930	+	180	28173361	46502
chr11	83377643	83577643	harbor1	chr11	83380198	83380564	LTR/ERVL-MaLR	2197	+	183	83380381	2738
chr11	83377643	83577643	harbor1	chr11	83390974	83391337	LTR/ERVL-MaLR	1873	+	182	83391156	13513
chr11	83377643	83577643	harbor1	chr11	83404893	83405256	LTR/ERVL-MaLR	2164	+	182	83405075	27432
chr11	74239532	74439532	harbor1	chr11	74284310	74284484	LTR/ERVL-MaLR	775	+	87	74284397	44865
chr11	74239532	74439532	harbor1	chr11	74313953	74314450	LTR/ERVL-MaLR	2564	+	248	74314201	74669
chr11	74239532	74439532	harbor1	chr11	74322597	74323079	LTR/ERVL-MaLR	1939	+	241	74322838	83306
chr11	74239532	74439532	harbor1	chr11	74323080	74323265	LTR/ERVL-MaLR	527	+	92	74323172	83640
chr11	74239532	74439532	harbor1	chr11	74323460	74323702	LTR/ERVL-MaLR	1847	+	121	74323581	84049
chr11	74239532	74439532	harbor1	chr11	74323985	74324265	LTR/ERVL-MaLR	1847	+	140	74324125	84593
chr11	74239532	74439532	harbor1	chr11	74324266	74324788	LTR/ERVL-MaLR	1939	+	261	74324527	84995
chr11	74239532	74439532	harbor1	chr11	74325570	74325882	LTR/ERVL-MaLR	1541	+	156	74325726	86194
chr11	8047767	8247767	harbor1	chr11	8130108	8130282	LTR/ERVL-MaLR	569	+	87	8130195	82428
chr11	8047767	8247767	harbor1	chr11	8132960	8133349	LTR/ERVL-MaLR	1626	+	194	8133154	85387
chr11	8047767	8247767	harbor1	chr11	8140371	8140801	LTR/ERVL-MaLR	1337	+	215	8140586	92819
chr11	124429546	124629546	harbor1	chr11	124483530	124483907	LTR/ERVL-MaLR	1732	+	188	124483718	54172
chr11	40561735	40761735	harbor1	chr11	40568006	40568542	LTR/ERVL-MaLR	1992	+	268	40568274	6539
chr11	40561735	40761735	harbor1	chr11	40618077	40618531	LTR/ERVL-MaLR	1901	+	227	40618304	56569
chr11	40561735	40761735	harbor1	chr11	40645087	40645338	LTR/ERVL-MaLR	697	+	126	40645213	83478
chr11	40561735	40761735	harbor1	chr11	40646149	40646505	LTR/ERVL-MaLR	697	+	178	40646327	84592
chr11	40561735	40761735	harbor1	chr11	40652815	40653154	LTR/ERVL-MaLR	1716	+	170	40652985	91250
chr11	40561735	40761735	harbor1	chr11	40653160	40654756	LTR/ERVL-MaLR	10554	+	798	40653958	92223
chr11	40561735	40761735	harbor1	chr11	40654761	40655125	LTR/ERVL-MaLR	2135	+	182	40654943	93208
chr11	120558096	120758096	harbor1	chr11	120617580	120617912	LTR/ERVL-MaLR	1855	+	166	120617746	59650
chr11	120558096	120758096	harbor1	chr11	120619515	120619879	LTR/ERVL-MaLR	2161	+	182	120619697	61601
chr11	120558096	120758096	harbor1	chr11	120632034	120632354	LTR/ERVL-MaLR	1494	+	160	120632194	74098
chr11	120558096	120758096	harbor1	chr11	120617915	120619514	LTR/ERVL-MaLR	9445	+	800	120618715	60619
chr11	59982016	60182016	harbor1	chr11	60080609	60080971	LTR/ERVL-MaLR	2526	+	181	60080790	98774
chr11	93898200	94098200	harbor1	chr11	93933504	93933862	LTR/ERVL-MaLR	2432	+	179	93933683	35483
chr11	93898200	94098200	harbor1	chr11	93954874	93955327	LTR/ERVL-MaLR	1408	+	226	93955100	56900
chr11	93898200	94098200	harbor1	chr11	93968436	93968690	LTR/ERVL-MaLR	1180	+	127	93968563	70363
chr11	93898200	94098200	harbor1	chr11	93975224	93975430	LTR/ERVL-MaLR	926	+	103	93975327	77127
chr11	93898200	94098200	harbor1	chr11	93993066	93993415	LTR/ERVL-MaLR	1918	+	174	93993240	95040
chr11	42015526	42215526	harbor1	chr11	42016434	42016635	LTR/ERVL-MaLR	509	+	100	42016534	1008
chr11	42015526	42215526	harbor1	chr11	42046055	42046558	LTR/ERVL-MaLR	2307	+	252	42046307	30781
chr11	42015526	42215526	harbor1	chr11	42054453	42054819	LTR/ERVL-MaLR	410	+	183	42054636	39110
chr11	42015526	42215526	harbor1	chr11	42058622	42059013	LTR/ERVL-MaLR	1221	+	196	42058818	43292
chr11	42015526	42215526	harbor1	chr11	42061542	42061944	LTR/ERVL-MaLR	1952	+	201	42061743	46217
chr11	42015526	42215526	harbor1	chr11	42094058	42094425	LTR/ERVL-MaLR	2022	+	184	42094242	78716
chr11	42015526	42215526	harbor1	chr11	42094426	42095995	LTR/ERVL-MaLR	11189	+	784	42095210	79684
chr11	42015526	42215526	harbor1	chr11	42095996	42096364	LTR/ERVL-MaLR	1988	+	184	42096180	80654
chr11	42015526	42215526	harbor1	chr11	42104847	42105223	LTR/ERVL-MaLR	1763	+	188	42105035	89509
chr11	108888658	109088658	harbor1	chr11	108892068	108892474	LTR/ERVL-MaLR	1901	+	203	108892271	3613
chr11	108888658	109088658	harbor1	chr11	108899650	108899832	LTR/ERVL-MaLR	2077	+	91	108899741	11083
chr11	108888658	109088658	harbor1	chr11	108900126	108900339	LTR/ERVL-MaLR	2077	+	106	108900232	11574
chr11	108888658	109088658	harbor1	chr11	108943463	108943656	LTR/ERVL-MaLR	564	+	96	108943559	54901
chr11	108888658	109088658	harbor1	chr11	108951614	108951811	LTR/ERVL-MaLR	1017	+	98	108951712	63054
chr11	108888658	109088658	harbor1	chr11	108951939	108951978	LTR/ERVL-MaLR	1017	+	20	108951959	63301
chr11	108888658	109088658	harbor1	chr11	108968204	108968660	LTR/ERVL-MaLR	1718	+	228	108968432	79774
chr11	108888658	109088658	harbor1	chr11	108970041	108970574	LTR/ERVL-MaLR	1753	+	266	108970307	81649
chr11	108888658	109088658	harbor1	chr11	108981273	108981568	LTR/ERVL-MaLR	616	+	148	108981421	92763
chr11	108888658	109088658	harbor1	chr11	108981686	108982044	LTR/ERVL-MaLR	2454	+	179	108981865	93207
chr11	113402843	113602843	harbor1	chr11	113427747	113428161	LTR/ERVL-MaLR	2155	+	207	113427954	25111
chr11	113402843	113602843	harbor1	chr11	113462293	113462600	LTR/ERVL-MaLR	835	+	154	113462447	59604
chr11	113402843	113602843	harbor1	chr11	113497626	113498169	LTR/ERVL-MaLR	2277	+	272	113497898	95055
chr11	131294832	131494832	harbor1	chr11	131302422	131302792	LTR/ERVL-MaLR	1890	+	185	131302607	7775
chr11	131294832	131494832	harbor1	chr11	131343234	131343609	LTR/ERVL-MaLR	477	+	188	131343422	48590
chr11	84505330	84705330	harbor1	chr11	84505889	84506076	LTR/ERVL-MaLR	1809	+	94	84505983	653
chr11	84505330	84705330	harbor1	chr11	84506375	84506730	LTR/ERVL-MaLR	1809	+	178	84506553	1223
chr11	84505330	84705330	harbor1	chr11	84546095	84546513	LTR/ERVL-MaLR	2392	+	209	84546304	40974
chr11	84505330	84705330	harbor1	chr11	84572228	84572544	LTR/ERVL-MaLR	1065	+	158	84572386	67056
chr11	84505330	84705330	harbor1	chr11	84576896	84577245	LTR/ERVL-MaLR	2449	+	174	84577070	71740
chr11	84505330	84705330	harbor1	chr11	84577248	84578817	LTR/ERVL-MaLR	10966	+	784	84578032	72702
chr11	84505330	84705330	harbor1	chr11	84578818	84579173	LTR/ERVL-MaLR	2605	+	178	84578996	73666
chr11	124885391	125085391	harbor1	chr11	124903227	124903743	LTR/ERVL-MaLR	828	+	258	124903485	18094
chr11	124885391	125085391	harbor1	chr11	124932657	124933038	LTR/ERVL-MaLR	618	+	190	124932847	47456
chr11	124885391	125085391	harbor1	chr11	124934340	124934755	LTR/ERVL-MaLR	1288	+	208	124934548	49157
chr11	124885391	125085391	harbor1	chr11	124940670	124940970	LTR/ERVL-MaLR	1375	+	150	124940820	55429
chr11	124885391	125085391	harbor1	chr11	124941260	124941323	LTR/ERVL-MaLR	1375	+	32	124941292	55901
chr11	34784774	34984774	harbor1	chr11	34790231	34790345	LTR/ERVL-MaLR	783	+	57	34790288	5514
chr11	34784774	34984774	harbor1	chr11	34790649	34791007	LTR/ERVL-MaLR	783	+	179	34790828	6054
chr11	34784774	34984774	harbor1	chr11	34796424	34796592	LTR/ERVL-MaLR	1294	+	84	34796508	11734
chr11	34784774	34984774	harbor1	chr11	34796900	34796963	LTR/ERVL-MaLR	1294	+	32	34796932	12158
chr11	34784774	34984774	harbor1	chr11	34796964	34798362	LTR/ERVL-MaLR	9058	+	699	34797663	12889
chr11	34784774	34984774	harbor1	chr11	34798387	34798750	LTR/ERVL-MaLR	2367	+	182	34798569	13795
chr11	34784774	34984774	harbor1	chr11	34827070	34827567	LTR/ERVL-MaLR	955	+	248	34827318	42544
chr11	34784774	34984774	harbor1	chr11	34845098	34845514	LTR/ERVL-MaLR	2421	+	208	34845306	60532
chr11	34784774	34984774	harbor1	chr11	34875210	34875557	LTR/ERVL-MaLR	2268	+	174	34875384	90610
chr11	34784774	34984774	harbor1	chr11	34848672	34849040	LTR/ERVL-MaLR	2332	+	184	34848856	64082
chr11	85135178	85335178	harbor1	chr11	85138543	85138893	LTR/ERVL-MaLR	2454	+	175	85138718	3540
chr11	85135178	85335178	harbor1	chr11	85205948	85206347	LTR/ERVL-MaLR	2363	+	200	85206148	70970
chr11	85135178	85335178	harbor1	chr11	85230713	85231081	LTR/ERVL-MaLR	1783	+	184	85230897	95719
chr11	71340670	71540670	harbor1	chr11	71342406	71342491	LTR/ERVL-MaLR	1395	+	42	71342448	1778
chr11	71340670	71540670	harbor1	chr11	71342938	71343168	LTR/ERVL-MaLR	1395	+	115	71343053	2383
chr11	71340670	71540670	harbor1	chr11	71345831	71346238	LTR/ERVL-MaLR	582	+	204	71346035	5365
chr11	71340670	71540670	harbor1	chr11	71354199	71354600	LTR/ERVL-MaLR	739	+	200	71354399	13729
chr11	71340670	71540670	harbor1	chr11	71354603	71354794	LTR/ERVL-MaLR	491	+	96	71354699	14029
chr11	71340670	71540670	harbor1	chr11	71378498	71378844	LTR/ERVL-MaLR	1983	+	173	71378671	38001
chr11	71340670	71540670	harbor1	chr11	71381985	71382328	LTR/ERVL-MaLR	997	+	172	71382157	41487
chr11	71340670	71540670	harbor1	chr11	71400285	71400753	LTR/ERVL-MaLR	1083	+	234	71400519	59849
chr11	71340670	71540670	harbor1	chr11	71400758	71401138	LTR/ERVL-MaLR	1617	+	190	71400948	60278
chr11	71340670	71540670	harbor1	chr11	71405345	71405719	LTR/ERVL-MaLR	734	+	187	71405532	64862
chr11	71340670	71540670	harbor1	chr11	71412172	71412595	LTR/ERVL-MaLR	958	+	212	71412384	71714
chr11	71340670	71540670	harbor1	chr11	71412600	71412944	LTR/ERVL-MaLR	692	+	172	71412772	72102
chr11	71340670	71540670	harbor1	chr11	71416356	71416813	LTR/ERVL-MaLR	857	+	228	71416584	75914
chr11	90873344	91073344	harbor1	chr11	90888175	90888698	LTR/ERVL-MaLR	1448	+	262	90888437	15093
chr11	90873344	91073344	harbor1	chr11	90895789	90896049	LTR/ERVL-MaLR	547	+	130	90895919	22575
chr11	90873344	91073344	harbor1	chr11	90915324	90915584	LTR/ERVL-MaLR	875	+	130	90915454	42110
chr11	90873344	91073344	harbor1	chr11	90937251	90937591	LTR/ERVL-MaLR	1321	+	170	90937421	64077
chr11	90873344	91073344	harbor1	chr11	90946576	90947051	LTR/ERVL-MaLR	1964	+	238	90946814	73470
chr11	83651331	83851331	harbor1	chr11	83686821	83687267	LTR/ERVL-MaLR	1886	+	223	83687044	35713
chr11	83651331	83851331	harbor1	chr11	83692729	83693149	LTR/ERVL-MaLR	735	+	210	83692939	41608
chr11	21218414	21418414	harbor1	chr11	21248636	21249064	LTR/ERVL-MaLR	605	+	214	21248850	30436
chr11	21218414	21418414	harbor1	chr11	21311820	21312177	LTR/ERVL-MaLR	1656	+	178	21311998	93584
chr11	21218414	21418414	harbor1	chr11	21313804	21314221	LTR/ERVL-MaLR	2233	+	208	21314012	95598
chr11	43290743	43490743	harbor1	chr11	43301102	43301366	LTR/ERVL-MaLR	754	+	132	43301234	10491
chr11	43290743	43490743	harbor1	chr11	43353738	43354198	LTR/ERVL-MaLR	737	+	230	43353968	63225
chr11	43290743	43490743	harbor1	chr11	43355722	43356164	LTR/ERVL-MaLR	1847	+	221	43355943	65200
chr11	43290743	43490743	harbor1	chr11	43356165	43356661	LTR/ERVL-MaLR	1384	+	248	43356413	65670
chr11	113761117	113961117	harbor1	chr11	113765300	113765500	LTR/ERVL-MaLR	528	+	100	113765400	4283
chr11	45126574	45326574	harbor1	chr11	45133475	45133621	LTR/ERVL-MaLR	651	+	73	45133548	6974
chr11	45126574	45326574	harbor1	chr11	45141247	45141413	LTR/ERVL-MaLR	708	+	83	45141330	14756
chr11	45126574	45326574	harbor1	chr11	45141411	45141501	LTR/ERVL-MaLR	516	+	45	45141456	14882
chr11	45126574	45326574	harbor1	chr11	45149491	45149883	LTR/ERVL-MaLR	1012	+	196	45149687	23113
chr11	45126574	45326574	harbor1	chr11	45185731	45186212	LTR/ERVL-MaLR	2156	+	240	45185971	59397
chr11	65756855	65956855	harbor1	chr11	65766005	65766416	LTR/ERVL-MaLR	2397	+	206	65766211	9356
chr11	65756855	65956855	harbor1	chr11	65777364	65777699	LTR/ERVL-MaLR	1130	+	168	65777532	20677
chr11	92716202	92916202	harbor1	chr11	92717943	92718111	LTR/ERVL-MaLR	503	+	84	92718027	1825
chr11	92716202	92916202	harbor1	chr11	92742471	92742834	LTR/ERVL-MaLR	1784	+	182	92742653	26451
chr11	92716202	92916202	harbor1	chr11	92743655	92744065	LTR/ERVL-MaLR	2159	+	205	92743860	27658
chr11	92716202	92916202	harbor1	chr11	92753025	92753228	LTR/ERVL-MaLR	580	+	102	92753127	36925
chr11	92716202	92916202	harbor1	chr11	92779617	92780152	LTR/ERVL-MaLR	2349	+	268	92779885	63683
chr11	92716202	92916202	harbor1	chr11	92780467	92780501	LTR/ERVL-MaLR	2349	+	17	92780484	64282
chr11	92716202	92916202	harbor1	chr11	92812825	92813206	LTR/ERVL-MaLR	2963	+	190	92813015	96813
chr11	92716202	92916202	harbor1	chr11	92813865	92814209	LTR/ERVL-MaLR	1712	+	172	92814037	97835
chr11	85701783	85901783	harbor1	chr11	85759979	85760306	LTR/ERVL-MaLR	514	+	164	85760143	58360
chr11	85701783	85901783	harbor1	chr11	85769137	85769607	LTR/ERVL-MaLR	2777	+	235	85769372	67589
chr11	85701783	85901783	harbor1	chr11	85775907	85776262	LTR/ERVL-MaLR	2269	+	178	85776085	74302
chr11	85701783	85901783	harbor1	chr11	85776826	85776895	LTR/ERVL-MaLR	2269	+	34	85776860	75077
chr11	115650011	115850011	harbor1	chr11	115652525	115652875	LTR/ERVL-MaLR	2072	+	175	115652700	2689
chr11	115650011	115850011	harbor1	chr11	115682465	115682927	LTR/ERVL-MaLR	1953	+	231	115682696	32685
chr11	115650011	115850011	harbor1	chr11	115685767	115685838	LTR/ERVL-MaLR	374	+	36	115685803	35792
chr11	115650011	115850011	harbor1	chr11	115685956	115686104	LTR/ERVL-MaLR	444	+	74	115686030	36019
chr11	115650011	115850011	harbor1	chr11	115704342	115704700	LTR/ERVL-MaLR	2351	+	179	115704521	54510
chr11	115650011	115850011	harbor1	chr11	115725054	115725396	LTR/ERVL-MaLR	1064	+	171	115725225	75214
chr11	119410322	119610322	harbor1	chr11	119427356	119427549	LTR/ERVL-MaLR	960	+	96	119427452	17130
chr11	119410322	119610322	harbor1	chr11	119427766	119427827	LTR/ERVL-MaLR	1005	+	30	119427796	17474
chr11	119410322	119610322	harbor1	chr11	119428128	119428327	LTR/ERVL-MaLR	1005	+	100	119428228	17906
chr11	119410322	119610322	harbor1	chr11	119428347	119428786	LTR/ERVL-MaLR	3791	+	220	119428567	18245
chr11	119410322	119610322	harbor1	chr11	119429075	119429749	LTR/ERVL-MaLR	3791	+	337	119429412	19090
chr11	119410322	119610322	harbor1	chr11	119429818	119429910	LTR/ERVL-MaLR	428	+	46	119429864	19542
chr11	119410322	119610322	harbor1	chr11	119429936	119430205	LTR/ERVL-MaLR	402	+	134	119430070	19748
chr11	119410322	119610322	harbor1	chr11	119449601	119449978	LTR/ERVL-MaLR	2027	+	188	119449789	39467
chr11	119410322	119610322	harbor1	chr11	119462583	119462946	LTR/ERVL-MaLR	2325	+	182	119462765	52443
chr11	119410322	119610322	harbor1	chr11	119471911	119471986	LTR/ERVL-MaLR	417	+	38	119471949	61627
chr11	119410322	119610322	harbor1	chr11	119472401	119472686	LTR/ERVL-MaLR	1292	+	142	119472543	62221
chr11	119410322	119610322	harbor1	chr11	119500318	119500674	LTR/ERVL-MaLR	2029	+	178	119500496	90174
chr11	119410322	119610322	harbor1	chr11	119503388	119503781	LTR/ERVL-MaLR	2314	+	196	119503584	93262
chr11	119410322	119610322	harbor1	chr11	119509480	119509837	LTR/ERVL-MaLR	1850	+	178	119509658	99336
chr11	122520816	122720816	harbor1	chr11	122534848	122535256	LTR/ERVL-MaLR	2557	+	204	122535052	14236
chr11	122520816	122720816	harbor1	chr11	122536863	122537276	LTR/ERVL-MaLR	2514	+	206	122537069	16253
chr11	122520816	122720816	harbor1	chr11	122583701	122584051	LTR/ERVL-MaLR	2326	+	175	122583876	63060
chr11	122520816	122720816	harbor1	chr11	122594480	122594635	LTR/ERVL-MaLR	1669	+	78	122594558	73742
chr11	122520816	122720816	harbor1	chr11	122594939	122595141	LTR/ERVL-MaLR	1669	+	101	122595040	74224
chr11	122520816	122720816	harbor1	chr11	122535257	122536859	LTR/ERVL-MaLR	9532	+	801	122536058	15242
chr11	37570529	37770529	harbor1	chr11	37571635	37572205	LTR/ERVL-MaLR	1109	+	285	37571920	1391
chr11	37570529	37770529	harbor1	chr11	37575058	37575535	LTR/ERVL-MaLR	1892	+	238	37575296	4767
chr11	37570529	37770529	harbor1	chr11	37577355	37577710	LTR/ERVL-MaLR	2197	+	178	37577533	7004
chr11	37570529	37770529	harbor1	chr11	37616980	37617451	LTR/ERVL-MaLR	1387	+	236	37617216	46687
chr11	37570529	37770529	harbor1	chr11	37617863	37618211	LTR/ERVL-MaLR	1660	+	174	37618037	47508
chr11	37570529	37770529	harbor1	chr11	37618212	37619847	LTR/ERVL-MaLR	10603	+	818	37619030	48501
chr11	37570529	37770529	harbor1	chr11	37619848	37620204	LTR/ERVL-MaLR	1541	+	178	37620026	49497
chr11	37570529	37770529	harbor1	chr11	37623534	37624087	LTR/ERVL-MaLR	1092	+	276	37623810	53281
chr11	37570529	37770529	harbor1	chr11	37633551	37633952	LTR/ERVL-MaLR	1382	+	200	37633751	63222
chr11	37570529	37770529	harbor1	chr11	37645828	37646183	LTR/ERVL-MaLR	725	+	178	37646006	75477
chr11	37570529	37770529	harbor1	chr11	37667861	37668234	LTR/ERVL-MaLR	2479	+	186	37668047	97518
chr11	63142196	63342196	harbor1	chr11	63159275	63159631	LTR/ERVL-MaLR	2370	+	178	63159453	17257
chr11	63142196	63342196	harbor1	chr11	63161160	63161422	LTR/ERVL-MaLR	2026	+	131	63161291	19095
chr11	63142196	63342196	harbor1	chr11	63161423	63161780	LTR/ERVL-MaLR	2322	+	178	63161601	19405
chr11	63142196	63342196	harbor1	chr11	63237350	63237623	LTR/ERVL-MaLR	1019	+	136	63237486	95290
chr11	63142196	63342196	harbor1	chr11	63159632	63160903	LTR/ERVL-MaLR	8372	+	636	63160268	18072
chr11	63142196	63342196	harbor1	chr11	63241902	63242443	LTR/ERVL-MaLR	1354	+	270	63242172	99976
chr11	55209673	55409673	harbor1	chr11	55260622	55260798	LTR/ERVL-MaLR	417	+	88	55260710	51037
chr11	87531156	87731156	harbor1	chr11	87534328	87534378	LTR/ERVL-MaLR	410	+	25	87534353	3197
chr11	87531156	87731156	harbor1	chr11	87536106	87536458	LTR/ERVL-MaLR	612	+	176	87536282	5126
chr11	87531156	87731156	harbor1	chr11	87563329	87563677	LTR/ERVL-MaLR	1734	+	174	87563503	32347
chr11	87531156	87731156	harbor1	chr11	87596844	87597260	LTR/ERVL-MaLR	1212	+	208	87597052	65896
chr11	87531156	87731156	harbor1	chr11	87601427	87601562	LTR/ERVL-MaLR	704	+	68	87601495	70339
chr11	87531156	87731156	harbor1	chr11	87601765	87601941	LTR/ERVL-MaLR	704	+	88	87601853	70697
chr11	87531156	87731156	harbor1	chr11	87612994	87613343	LTR/ERVL-MaLR	1585	+	174	87613168	82012
chr11	105371050	105571050	harbor1	chr11	105379624	105380009	LTR/ERVL-MaLR	1793	+	192	105379816	8766
chr11	105371050	105571050	harbor1	chr11	105432185	105432610	LTR/ERVL-MaLR	2074	+	212	105432397	61347
chr11	105371050	105571050	harbor1	chr11	105449598	105449782	LTR/ERVL-MaLR	922	+	92	105449690	78640
chr11	47508586	47708586	harbor1	chr11	47600003	47600244	LTR/ERVL-MaLR	761	+	120	47600123	91537
chr11	47508586	47708586	harbor1	chr11	47601011	47601184	LTR/ERVL-MaLR	761	+	86	47601097	92511
chr11	47508586	47708586	harbor1	chr11	47601492	47601551	LTR/ERVL-MaLR	667	+	30	47601522	92936
chr11	47508586	47708586	harbor1	chr11	47607486	47607855	LTR/ERVL-MaLR	621	+	184	47607670	99084
chr11	64984594	65184594	harbor1	chr11	64992404	64992572	LTR/ERVL-MaLR	664	+	84	64992488	7894
chr11	64984594	65184594	harbor1	chr11	64993439	64993593	LTR/ERVL-MaLR	864	+	77	64993516	8922
chr11	64984594	65184594	harbor1	chr11	65007835	65008154	LTR/ERVL-MaLR	914	+	160	65007995	23401
chr11	64984594	65184594	harbor1	chr11	65061177	65061476	LTR/ERVL-MaLR	1679	+	150	65061327	76733
chr11	125658338	125858338	harbor1	chr11	125699248	125699665	LTR/ERVL-MaLR	2404	+	208	125699456	41118
chr11	125658338	125858338	harbor1	chr11	125735399	125735753	LTR/ERVL-MaLR	1786	+	177	125735576	77238
chr11	19836162	20036162	harbor1	chr11	19851747	19852226	LTR/ERVL-MaLR	2802	+	240	19851987	15825
chr11	86048710	86248710	harbor1	chr11	86052047	86052394	LTR/ERVL-MaLR	2096	+	174	86052221	3511
chr11	86048710	86248710	harbor1	chr11	86074331	86074624	LTR/ERVL-MaLR	1118	+	146	86074477	25767
chr11	86048710	86248710	harbor1	chr11	86078099	86078500	LTR/ERVL-MaLR	873	+	200	86078299	29589
chr11	86048710	86248710	harbor1	chr11	86091344	86091430	LTR/ERVL-MaLR	419	+	43	86091387	42677
chr11	86048710	86248710	harbor1	chr11	86091478	86091946	LTR/ERVL-MaLR	2400	+	234	86091712	43002
chr11	86048710	86248710	harbor1	chr11	86098248	86098706	LTR/ERVL-MaLR	1090	+	229	86098477	49767
chr11	86048710	86248710	harbor1	chr11	86129217	86129580	LTR/ERVL-MaLR	2613	+	182	86129399	80689
chr11	86048710	86248710	harbor1	chr11	86081466	86081818	LTR/ERVL-MaLR	1699	+	176	86081642	32932
chr11	103799422	103999422	harbor1	chr11	103823692	103824063	LTR/ERVL-MaLR	2009	+	186	103823878	24456
chr11	103799422	103999422	harbor1	chr11	103828425	103828792	LTR/ERVL-MaLR	1900	+	184	103828609	29187
chr11	103799422	103999422	harbor1	chr11	103828793	103830516	LTR/ERVL-MaLR	6424	+	862	103829655	30233
chr11	103799422	103999422	harbor1	chr11	103830517	103830886	LTR/ERVL-MaLR	1688	+	184	103830701	31279
chr11	103799422	103999422	harbor1	chr11	103890111	103890473	LTR/ERVL-MaLR	1691	+	181	103890292	90870
chr11	15504865	15704865	harbor1	chr11	15512810	15513174	LTR/ERVL-MaLR	2173	+	182	15512992	8127
chr11	15504865	15704865	harbor1	chr11	15549263	15549639	LTR/ERVL-MaLR	2011	+	188	15549451	44586
chr11	15504865	15704865	harbor1	chr11	15556867	15557251	LTR/ERVL-MaLR	1751	+	192	15557059	52194
chr11	15504865	15704865	harbor1	chr11	15570241	15570565	LTR/ERVL-MaLR	1203	+	162	15570403	65538
chr11	15504865	15704865	harbor1	chr11	15572971	15573350	LTR/ERVL-MaLR	2399	+	190	15573161	68296
chr11	15504865	15704865	harbor1	chr11	15586335	15586486	LTR/ERVL-MaLR	508	+	76	15586411	81546
chr11	64519292	64719292	harbor1	chr11	64530383	64530823	LTR/ERVL-MaLR	1356	+	220	64530603	11311
chr11	64519292	64719292	harbor1	chr11	64585088	64585330	LTR/ERVL-MaLR	483	+	121	64585209	65917
chr11	64519292	64719292	harbor1	chr11	64613559	64613760	LTR/ERVL-MaLR	449	+	100	64613659	94367
chr11	64519292	64719292	harbor1	chr11	64613830	64614368	LTR/ERVL-MaLR	1438	+	269	64614099	94807
chr11	64519292	64719292	harbor1	chr11	64614384	64614992	LTR/ERVL-MaLR	1556	+	304	64614688	95396
chr11	64519292	64719292	harbor1	chr11	64615000	64615402	LTR/ERVL-MaLR	823	+	201	64615201	95909
chr11	95346553	95546553	harbor1	chr11	95374963	95375107	LTR/ERVL-MaLR	400	+	72	95375035	28482
chr11	95346553	95546553	harbor1	chr11	95434461	95434922	LTR/ERVL-MaLR	551	+	230	95434691	88138
chr11	26323792	26523792	harbor1	chr11	26342264	26342662	LTR/ERVL-MaLR	1618	+	199	26342463	18671
chr11	26323792	26523792	harbor1	chr11	26370083	26370446	LTR/ERVL-MaLR	2186	+	182	26370265	46473
chr11	26323792	26523792	harbor1	chr11	26370447	26372038	LTR/ERVL-MaLR	9065	+	796	26371243	47451
chr11	26323792	26523792	harbor1	chr11	26372039	26372412	LTR/ERVL-MaLR	2516	+	186	26372225	48433
chr11	26323792	26523792	harbor1	chr11	26373183	26373561	LTR/ERVL-MaLR	2182	+	189	26373372	49580
chr11	6062012	6262012	harbor1	chr11	6111548	6112129	LTR/ERVL-MaLR	1561	+	290	6111838	49826
chr11	6062012	6262012	harbor1	chr11	6133058	6133411	LTR/ERVL-MaLR	2343	+	176	6133234	71222
chr11	6062012	6262012	harbor1	chr11	6141265	6141442	LTR/ERVL-MaLR	375	+	88	6141353	79341
chr11	89419473	89619473	harbor1	chr11	89464833	89464985	LTR/ERVL-MaLR	799	+	76	89464909	45436
chr11	89419473	89619473	harbor1	chr11	89465981	89466207	LTR/ERVL-MaLR	823	+	113	89466094	46621
chr11	89419473	89619473	harbor1	chr11	89482362	89482680	LTR/ERVL-MaLR	1988	+	159	89482521	63048
chr11	89419473	89619473	harbor1	chr11	89500431	89500856	LTR/ERVL-MaLR	377	+	212	89500643	81170
chr11	89419473	89619473	harbor1	chr11	89500891	89502191	LTR/ERVL-MaLR	1557	+	650	89501541	82068
chr11	89419473	89619473	harbor1	chr11	89513923	89514091	LTR/ERVL-MaLR	891	+	84	89514007	94534
chr11	119918545	120118545	harbor1	chr11	119939530	119940007	LTR/ERVL-MaLR	795	+	238	119939768	21223
chr11	119918545	120118545	harbor1	chr11	119949433	119949500	LTR/ERVL-MaLR	435	+	34	119949467	30922
chr11	119918545	120118545	harbor1	chr11	119949694	119950028	LTR/ERVL-MaLR	385	+	167	119949861	31316
chr11	119918545	120118545	harbor1	chr11	119955388	119955942	LTR/ERVL-MaLR	1925	+	277	119955665	37120
chr11	119918545	120118545	harbor1	chr11	119967568	119967952	LTR/ERVL-MaLR	2289	+	192	119967760	49215
chr11	119918545	120118545	harbor1	chr11	119972016	119972389	LTR/ERVL-MaLR	1819	+	186	119972202	53657
chr11	119918545	120118545	harbor1	chr11	119999260	119999623	LTR/ERVL-MaLR	1847	+	182	119999442	80897
chr11	119918545	120118545	harbor1	chr11	119999628	120000000	LTR/ERVL-MaLR	1920	+	186	119999814	81269
chr11	119918545	120118545	harbor1	chr11	120000001	120000195	LTR/ERVL-MaLR	957	+	97	120000098	81553
chr11	119918545	120118545	harbor1	chr11	120007636	120007990	LTR/ERVL-MaLR	2151	+	177	120007813	89268
chr11	4361447	4561447	harbor1	chr11	4371423	4371597	LTR/ERVL-MaLR	460	+	87	4371510	10063
chr11	4361447	4561447	harbor1	chr11	4423867	4424173	LTR/ERVL-MaLR	1819	+	153	4424020	62573
chr11	79761023	79961023	harbor1	chr11	79765763	79766165	LTR/ERVL-MaLR	1388	+	201	79765964	4941
chr11	79761023	79961023	harbor1	chr11	79768317	79768489	LTR/ERVL-MaLR	396	+	86	79768403	7380
chr11	79761023	79961023	harbor1	chr11	79769160	79769547	LTR/ERVL-MaLR	1852	+	194	79769354	8331
chr11	79761023	79961023	harbor1	chr11	79769548	79769940	LTR/ERVL-MaLR	11182	+	196	79769744	8721
chr11	79761023	79961023	harbor1	chr11	79770254	79771487	LTR/ERVL-MaLR	11182	+	616	79770870	9847
chr11	79761023	79961023	harbor1	chr11	79771488	79771888	LTR/ERVL-MaLR	1549	+	200	79771688	10665
chr11	79761023	79961023	harbor1	chr11	79797667	79798129	LTR/ERVL-MaLR	1895	+	231	79797898	36875
chr11	79761023	79961023	harbor1	chr11	79810777	79811098	LTR/ERVL-MaLR	753	+	160	79810937	49914
chr11	79761023	79961023	harbor1	chr11	79811369	79811429	LTR/ERVL-MaLR	753	+	30	79811399	50376
chr11	79761023	79961023	harbor1	chr11	79840069	79840428	LTR/ERVL-MaLR	2265	+	180	79840249	79226
chr11	133712620	133912620	harbor1	chr11	133735692	133735824	LTR/ERVL-MaLR	415	+	66	133735758	23138
chr11	133712620	133912620	harbor1	chr11	133735861	133736020	LTR/ERVL-MaLR	444	+	80	133735941	23321
chr11	133712620	133912620	harbor1	chr11	133736023	133736184	LTR/ERVL-MaLR	437	+	80	133736103	23483
chr11	133712620	133912620	harbor1	chr11	133737079	133737213	LTR/ERVL-MaLR	413	+	67	133737146	24526
chr11	133712620	133912620	harbor1	chr11	133738067	133738601	LTR/ERVL-MaLR	949	+	267	133738334	25714
chr11	133712620	133912620	harbor1	chr11	133739381	133739605	LTR/ERVL-MaLR	387	+	112	133739493	26873
chr11	133712620	133912620	harbor1	chr11	133739616	133739775	LTR/ERVL-MaLR	768	+	80	133739696	27076
chr11	133712620	133912620	harbor1	chr11	133740584	133740790	LTR/ERVL-MaLR	636	+	103	133740687	28067
chr11	133712620	133912620	harbor1	chr11	133743103	133743448	LTR/ERVL-MaLR	1623	+	172	133743275	30655
chr11	133712620	133912620	harbor1	chr11	133743456	133743851	LTR/ERVL-MaLR	3751	+	198	133743654	31034
chr11	133712620	133912620	harbor1	chr11	133744123	133744693	LTR/ERVL-MaLR	3751	+	285	133744408	31788
chr11	133712620	133912620	harbor1	chr11	133771422	133771801	LTR/ERVL-MaLR	2394	+	190	133771612	58992
chr11	133712620	133912620	harbor1	chr11	133784010	133784444	LTR/ERVL-MaLR	1025	+	217	133784227	71607
chr11	133712620	133912620	harbor1	chr11	133796334	133796834	LTR/ERVL-MaLR	1392	+	250	133796584	83964
chr11	116771077	116971077	harbor1	chr11	116839207	116839654	LTR/ERVL-MaLR	2153	+	224	116839431	68354
chr11	116771077	116971077	harbor1	chr11	116860718	116861067	LTR/ERVL-MaLR	1899	+	174	116860892	89815
chr11	9362549	9562549	harbor1	chr11	9372068	9372414	LTR/ERVL-MaLR	2027	+	173	9372241	9692
chr11	110918049	111118049	harbor1	chr11	110966167	110966553	LTR/ERVL-MaLR	519	+	193	110966360	48311
chr11	110918049	111118049	harbor1	chr11	110968133	110968364	LTR/ERVL-MaLR	1130	+	116	110968249	50200
chr11	110918049	111118049	harbor1	chr11	110968362	110968562	LTR/ERVL-MaLR	660	+	100	110968462	50413
chr11	1771470	1971470	harbor1	chr11	1782691	1783149	LTR/ERVL-MaLR	1571	+	229	1782920	11450
chr11	1771470	1971470	harbor1	chr11	1817699	1818007	LTR/ERVL-MaLR	1077	+	154	1817853	46383
chr11	1771470	1971470	harbor1	chr11	1817977	1818251	LTR/ERVL-MaLR	872	+	137	1818114	46644
chr11	1771470	1971470	harbor1	chr11	1818628	1819130	LTR/ERVL-MaLR	1489	+	251	1818879	47409
chr11	98690736	98890736	harbor1	chr11	98692135	98692489	LTR/ERVL-MaLR	2029	+	177	98692312	1576
chr11	98690736	98890736	harbor1	chr11	98692490	98693996	LTR/ERVL-MaLR	9666	+	753	98693243	2507
chr11	98690736	98890736	harbor1	chr11	98693998	98694363	LTR/ERVL-MaLR	2106	+	182	98694180	3444
chr11	98690736	98890736	harbor1	chr11	98706053	98706170	LTR/ERVL-MaLR	670	+	58	98706111	15375
chr11	98690736	98890736	harbor1	chr11	98706232	98706617	LTR/ERVL-MaLR	1772	+	192	98706424	15688
chr11	98690736	98890736	harbor1	chr11	98756974	98757344	LTR/ERVL-MaLR	1913	+	185	98757159	66423
chr11	98690736	98890736	harbor1	chr11	98772183	98772289	LTR/ERVL-MaLR	758	+	53	98772236	81500
chr11	7169473	7369473	harbor1	chr11	7198266	7198625	LTR/ERVL-MaLR	525	+	180	7198446	28973
chr11	7169473	7369473	harbor1	chr11	7204835	7204989	LTR/ERVL-MaLR	567	+	77	7204912	35439
chr11	7169473	7369473	harbor1	chr11	7205827	7205992	LTR/ERVL-MaLR	569	+	82	7205909	36436
chr11	7169473	7369473	harbor1	chr11	7232322	7232951	LTR/ERVL-MaLR	2238	+	314	7232636	63163
chr11	7169473	7369473	harbor1	chr11	7238134	7238728	LTR/ERVL-MaLR	1366	+	297	7238431	68958
chr11	7169473	7369473	harbor1	chr11	7238765	7239079	LTR/ERVL-MaLR	389	+	157	7238922	69449
chr11	103732200	103932200	harbor1	chr11	103752549	103753001	LTR/ERVL-MaLR	1336	+	226	103752775	20575
chr11	103732200	103932200	harbor1	chr11	103774220	103774572	LTR/ERVL-MaLR	2084	+	176	103774396	42196
chr11	103732200	103932200	harbor1	chr11	103823692	103824063	LTR/ERVL-MaLR	2009	+	186	103823878	91678
chr11	103732200	103932200	harbor1	chr11	103828425	103828792	LTR/ERVL-MaLR	1900	+	184	103828609	96409
chr11	103732200	103932200	harbor1	chr11	103828793	103830516	LTR/ERVL-MaLR	6424	+	862	103829655	97455
chr11	103732200	103932200	harbor1	chr11	103830517	103830886	LTR/ERVL-MaLR	1688	+	184	103830701	98501
chr11	79049072	79249072	harbor1	chr11	79086037	79086467	LTR/ERVL-MaLR	1102	+	215	79086252	37180
chr11	79049072	79249072	harbor1	chr11	79110962	79111263	LTR/ERVL-MaLR	2177	+	150	79111112	62040
chr11	79049072	79249072	harbor1	chr11	79111575	79111658	LTR/ERVL-MaLR	2177	+	42	79111617	62545
chr11	37779393	37979393	harbor1	chr11	37837143	37837370	LTR/ERVL-MaLR	745	+	114	37837257	57864
chr11	37779393	37979393	harbor1	chr11	37871043	37871401	LTR/ERVL-MaLR	1797	+	179	37871222	91829
chr11	50114551	50314551	harbor1	chr11	50136271	50136480	LTR/ERVL-MaLR	660	+	104	50136375	21824
chr11	50114551	50314551	harbor1	chr11	50138869	50139252	LTR/ERVL-MaLR	2028	+	192	50139061	24510
chr11	50114551	50314551	harbor1	chr11	50141773	50142124	LTR/ERVL-MaLR	2476	+	176	50141949	27398
chr11	50114551	50314551	harbor1	chr11	50142125	50143699	LTR/ERVL-MaLR	11319	+	787	50142912	28361
chr11	50114551	50314551	harbor1	chr11	50143701	50144054	LTR/ERVL-MaLR	2668	+	176	50143877	29326
chr11	50114551	50314551	harbor1	chr11	50148156	50148395	LTR/ERVL-MaLR	416	+	120	50148276	33725
chr11	50114551	50314551	harbor1	chr11	50158956	50159312	LTR/ERVL-MaLR	2648	+	178	50159134	44583
chr11	50114551	50314551	harbor1	chr11	50165814	50167290	LTR/ERVL-MaLR	9724	+	738	50166552	52001
chr11	50114551	50314551	harbor1	chr11	50201034	50201124	LTR/ERVL-MaLR	2249	+	45	50201079	86528
chr11	50114551	50314551	harbor1	chr11	50201492	50201824	LTR/ERVL-MaLR	2249	+	166	50201658	87107
chr11	50114551	50314551	harbor1	chr11	50202548	50202672	LTR/ERVL-MaLR	656	+	62	50202610	88059
chr11	50114551	50314551	harbor1	chr11	50205316	50205478	LTR/ERVL-MaLR	2207	+	81	50205397	90846
chr11	50114551	50314551	harbor1	chr11	50205803	50206052	LTR/ERVL-MaLR	2207	+	124	50205927	91376
chr11	5614605	5814605	harbor1	chr11	5644769	5645008	LTR/ERVL-MaLR	1202	+	120	5644889	30284
chr11	5614605	5814605	harbor1	chr11	5701721	5701899	LTR/ERVL-MaLR	681	+	89	5701810	87205
chr11	134025975	134225975	harbor1	chr11	134080378	134080725	LTR/ERVL-MaLR	2148	+	174	134080552	54577
chr11	134025975	134225975	harbor1	chr11	134080732	134082397	LTR/ERVL-MaLR	10335	+	832	134081564	55589
chr11	134025975	134225975	harbor1	chr11	134082398	134082750	LTR/ERVL-MaLR	2079	+	176	134082574	56599
chr11	109185014	109385014	harbor1	chr11	109205478	109205663	LTR/ERVL-MaLR	631	+	92	109205570	20556
chr11	35947292	36147292	harbor1	chr11	35970153	35970589	LTR/ERVL-MaLR	1664	+	218	35970371	23079
chr11	35947292	36147292	harbor1	chr11	35971314	35971704	LTR/ERVL-MaLR	1730	+	195	35971509	24217
chr11	35947292	36147292	harbor1	chr11	35985546	35985915	LTR/ERVL-MaLR	2832	+	184	35985730	38438
chr11	35947292	36147292	harbor1	chr11	36042562	36042984	LTR/ERVL-MaLR	1860	+	211	36042773	95481
chr11	35947292	36147292	harbor1	chr11	36043436	36043708	LTR/ERVL-MaLR	1338	+	136	36043572	96280
chr11	35947292	36147292	harbor1	chr11	36045561	36045799	LTR/ERVL-MaLR	1164	+	119	36045680	98388
chr11	35947292	36147292	harbor1	chr11	36046219	36046419	LTR/ERVL-MaLR	1532	+	100	36046319	99027
chr11	60942901	61142901	harbor1	chr11	60944973	60945498	LTR/ERVL-MaLR	778	+	262	60945235	2334
chr11	60942901	61142901	harbor1	chr11	60959728	60960204	LTR/ERVL-MaLR	1100	+	238	60959966	17065
chr11	933167	1133167	harbor1	chr11	958001	958379	LTR/ERVL-MaLR	1181	+	189	958190	25023
chr11	106840786	107040786	harbor1	chr11	106876830	106877102	LTR/ERVL-MaLR	1073	+	136	106876966	36180
chr11	106840786	107040786	harbor1	chr11	106878803	106878993	LTR/ERVL-MaLR	988	+	95	106878898	38112
chr11	106840786	107040786	harbor1	chr11	106886037	106886504	LTR/ERVL-MaLR	1134	+	234	106886271	45485
chr11	106840786	107040786	harbor1	chr11	106895376	106895735	LTR/ERVL-MaLR	2517	+	180	106895556	54770
chr11	106840786	107040786	harbor1	chr11	106896485	106896874	LTR/ERVL-MaLR	1651	+	194	106896679	55893
chr11	35290323	35490323	harbor1	chr11	35300338	35300691	LTR/ERVL-MaLR	1654	+	176	35300514	10191
chr11	35290323	35490323	harbor1	chr11	35301080	35301251	LTR/ERVL-MaLR	861	+	86	35301166	10843
chr11	35290323	35490323	harbor1	chr11	35330472	35330979	LTR/ERVL-MaLR	2084	+	254	35330726	40403
chr11	35290323	35490323	harbor1	chr11	35338306	35338613	LTR/ERVL-MaLR	646	+	154	35338460	48137
chr11	35290323	35490323	harbor1	chr11	35338650	35338817	LTR/ERVL-MaLR	512	+	84	35338734	48411
chr11	35290323	35490323	harbor1	chr11	35381199	35381560	LTR/ERVL-MaLR	612	+	180	35381379	91056
chr11	39722455	39922455	harbor1	chr11	39742522	39742771	LTR/ERVL-MaLR	1589	+	124	39742646	20191
chr11	39722455	39922455	harbor1	chr11	39742775	39744286	LTR/ERVL-MaLR	8646	+	756	39743531	21076
chr11	39722455	39922455	harbor1	chr11	39744287	39744671	LTR/ERVL-MaLR	2104	+	192	39744479	22024
chr11	39722455	39922455	harbor1	chr11	39775056	39775106	LTR/ERVL-MaLR	394	+	25	39775081	52626
chr11	39722455	39922455	harbor1	chr11	39775107	39775481	LTR/ERVL-MaLR	2358	+	187	39775294	52839
chr11	39722455	39922455	harbor1	chr11	39775482	39775587	LTR/ERVL-MaLR	394	+	52	39775534	53079
chr11	39722455	39922455	harbor1	chr11	39776674	39777035	LTR/ERVL-MaLR	435	+	180	39776854	54399
chr11	39722455	39922455	harbor1	chr11	39781710	39782062	LTR/ERVL-MaLR	1839	+	176	39781886	59431
chr11	39722455	39922455	harbor1	chr11	39790787	39791152	LTR/ERVL-MaLR	2164	+	182	39790969	68514
chr11	39722455	39922455	harbor1	chr11	39791297	39791612	LTR/ERVL-MaLR	676	+	158	39791455	69000
chr11	39722455	39922455	harbor1	chr11	39793599	39793967	LTR/ERVL-MaLR	2068	+	184	39793783	71328
chr11	39722455	39922455	harbor1	chr11	39802462	39802867	LTR/ERVL-MaLR	1699	+	202	39802664	80209
chr11	39722455	39922455	harbor1	chr11	39806594	39807055	LTR/ERVL-MaLR	1325	+	230	39806824	84369
chr11	39722455	39922455	harbor1	chr11	39814721	39815090	LTR/ERVL-MaLR	2091	+	184	39814905	92450
chr11	39722455	39922455	harbor1	chr11	39815091	39815452	LTR/ERVL-MaLR	2073	+	180	39815271	92816
chr11	69507716	69707716	harbor1	chr11	69515125	69515313	LTR/ERVL-MaLR	1088	+	94	69515219	7503
chr11	69507716	69707716	harbor1	chr11	69515649	69515902	LTR/ERVL-MaLR	1360	+	126	69515775	8059
chr11	69507716	69707716	harbor1	chr11	69516307	69516496	LTR/ERVL-MaLR	1226	+	94	69516401	8685
chr11	69507716	69707716	harbor1	chr11	69518287	69518681	LTR/ERVL-MaLR	2507	+	197	69518484	10768
chr11	69507716	69707716	harbor1	chr11	69529300	69529603	LTR/ERVL-MaLR	769	+	152	69529452	21736
chr11	69507716	69707716	harbor1	chr11	69533165	69533219	LTR/ERVL-MaLR	381	+	27	69533192	25476
chr11	69507716	69707716	harbor1	chr11	69536299	69536598	LTR/ERVL-MaLR	971	+	150	69536449	28733
chr11	69507716	69707716	harbor1	chr11	69543422	69543834	LTR/ERVL-MaLR	1729	+	206	69543628	35912
chr11	69507716	69707716	harbor1	chr11	69545601	69546024	LTR/ERVL-MaLR	1293	+	212	69545813	38097
chr11	69507716	69707716	harbor1	chr11	69564264	69564703	LTR/ERVL-MaLR	1214	+	220	69564484	56768
chr11	69507716	69707716	harbor1	chr11	69579097	69579507	LTR/ERVL-MaLR	1084	+	205	69579302	71586
chr11	69507716	69707716	harbor1	chr11	69581054	69581449	LTR/ERVL-MaLR	1112	+	198	69581252	73536
chr11	69507716	69707716	harbor1	chr11	69591077	69591148	LTR/ERVL-MaLR	412	+	36	69591113	83397
chr11	69507716	69707716	harbor1	chr11	69591418	69591791	LTR/ERVL-MaLR	1530	+	186	69591604	83888
chr11	69507716	69707716	harbor1	chr11	69592087	69592373	LTR/ERVL-MaLR	1263	+	143	69592230	84514
chr11	69507716	69707716	harbor1	chr11	69593970	69594387	LTR/ERVL-MaLR	722	+	208	69594178	86462
chr11	69507716	69707716	harbor1	chr11	69595200	69595543	LTR/ERVL-MaLR	2007	+	172	69595372	87656
chr11	69507716	69707716	harbor1	chr11	69598488	69598761	LTR/ERVL-MaLR	900	+	136	69598624	90908
chr11	69507716	69707716	harbor1	chr11	69602192	69602573	LTR/ERVL-MaLR	1784	+	190	69602382	94666
chr11	91833360	92033360	harbor1	chr11	91889926	91890471	LTR/ERVL-MaLR	2444	+	272	91890198	56838
chr11	91833360	92033360	harbor1	chr11	91895495	91895663	LTR/ERVL-MaLR	534	+	84	91895579	62219
chr11	91833360	92033360	harbor1	chr11	91911026	91911390	LTR/ERVL-MaLR	1787	+	182	91911208	77848
chr11	132945827	133145827	harbor1	chr11	132998612	132998957	LTR/ERVL-MaLR	1773	+	172	132998784	52957
chr11	132945827	133145827	harbor1	chr11	133000737	133001164	LTR/ERVL-MaLR	2274	+	214	133000951	55124
chr11	132945827	133145827	harbor1	chr11	133035622	133036054	LTR/ERVL-MaLR	1283	+	216	133035838	90011
chr11	109697390	109897390	harbor1	chr11	109729017	109729344	LTR/ERVL-MaLR	1451	+	164	109729181	31791
chr11	109697390	109897390	harbor1	chr11	109730112	109730228	LTR/ERVL-MaLR	1451	+	58	109730170	32780
chr11	109697390	109897390	harbor1	chr11	109777171	109777382	LTR/ERVL-MaLR	735	+	106	109777277	79887
chr11	109697390	109897390	harbor1	chr11	109777691	109777810	LTR/ERVL-MaLR	843	+	60	109777751	80361
chr11	109697390	109897390	harbor1	chr11	109779782	109780118	LTR/ERVL-MaLR	1226	+	168	109779950	82560
chr11	109697390	109897390	harbor1	chr11	109780235	109780299	LTR/ERVL-MaLR	485	+	32	109780267	82877
chr11	21942774	22142774	harbor1	chr11	21980470	21980822	LTR/ERVL-MaLR	1483	+	176	21980646	37872
chr11	21942774	22142774	harbor1	chr11	22041502	22041904	LTR/ERVL-MaLR	1856	+	201	22041703	98929
chr11	97133818	97333818	harbor1	chr11	97180014	97180373	LTR/ERVL-MaLR	2126	+	180	97180194	46376
chr11	10390098	10590098	harbor1	chr11	10402569	10402951	LTR/ERVL-MaLR	965	+	191	10402760	12662
chr11	10390098	10590098	harbor1	chr11	10431407	10431634	LTR/ERVL-MaLR	550	+	114	10431521	41423
chr11	10390098	10590098	harbor1	chr11	10435607	10435788	LTR/ERVL-MaLR	1009	+	90	10435697	45599
chr11	10390098	10590098	harbor1	chr11	10437030	10437227	LTR/ERVL-MaLR	1190	+	98	10437128	47030
chr11	10390098	10590098	harbor1	chr11	10442887	10443046	LTR/ERVL-MaLR	385	+	80	10442967	52869
chr11	10390098	10590098	harbor1	chr11	10475635	10476111	LTR/ERVL-MaLR	2013	+	238	10475873	85775
chr11	10390098	10590098	harbor1	chr11	10436088	10436665	LTR/ERVL-MaLR	1190	+	288	10436376	46278
chr11	15394965	15594965	harbor1	chr11	15408468	15408931	LTR/ERVL-MaLR	1887	+	232	15408700	13735
chr11	11274763	11474763	harbor1	chr11	11278993	11279306	LTR/ERVL-MaLR	1189	+	156	11279149	4386
chr11	11274763	11474763	harbor1	chr11	11305005	11305293	LTR/ERVL-MaLR	388	+	144	11305149	30386
chr11	11274763	11474763	harbor1	chr11	11306732	11307217	LTR/ERVL-MaLR	1212	+	242	11306974	32211
chr11	11274763	11474763	harbor1	chr11	11308973	11309317	LTR/ERVL-MaLR	1616	+	172	11309145	34382
chr11	11274763	11474763	harbor1	chr11	11318202	11318621	LTR/ERVL-MaLR	2230	+	210	11318412	43649
chr11	11274763	11474763	harbor1	chr11	11319441	11319533	LTR/ERVL-MaLR	418	+	46	11319487	44724
chr11	11274763	11474763	harbor1	chr11	11323945	11324225	LTR/ERVL-MaLR	1236	+	140	11324085	49322
chr11	11274763	11474763	harbor1	chr11	11335523	11336007	LTR/ERVL-MaLR	1331	+	242	11335765	61002
chr11	11274763	11474763	harbor1	chr11	11355315	11355413	LTR/ERVL-MaLR	440	+	49	11355364	80601
chr11	11274763	11474763	harbor1	chr11	11304740	11304969	LTR/ERVL-MaLR	513	+	114	11304854	30091
chr11	8091342	8291342	harbor1	chr11	8130108	8130282	LTR/ERVL-MaLR	569	+	87	8130195	38853
chr11	8091342	8291342	harbor1	chr11	8132960	8133349	LTR/ERVL-MaLR	1626	+	194	8133154	41812
chr11	8091342	8291342	harbor1	chr11	8140371	8140801	LTR/ERVL-MaLR	1337	+	215	8140586	49244
chr11	8091342	8291342	harbor1	chr11	8176883	8177252	LTR/ERVL-MaLR	480	+	184	8177067	85725
chr11	8091342	8291342	harbor1	chr11	8179130	8179222	LTR/ERVL-MaLR	376	+	46	8179176	87834
chr11	8091342	8291342	harbor1	chr11	8189455	8189803	LTR/ERVL-MaLR	663	+	174	8189629	98287
chr11	78075169	78275169	harbor1	chr11	78094310	78094482	LTR/ERVL-MaLR	1858	+	86	78094396	19227
chr11	78075169	78275169	harbor1	chr11	78094758	78095151	LTR/ERVL-MaLR	1858	+	196	78094954	19785
chr11	115982072	116182072	harbor1	chr11	115985069	115985426	LTR/ERVL-MaLR	1778	+	178	115985247	3175
chr11	115982072	116182072	harbor1	chr11	116023195	116023288	LTR/ERVL-MaLR	423	+	46	116023241	41169
chr11	115982072	116182072	harbor1	chr11	116029803	116030113	LTR/ERVL-MaLR	1467	+	155	116029958	47886
chr11	115982072	116182072	harbor1	chr11	116043173	116043315	LTR/ERVL-MaLR	1340	+	71	116043244	61172
chr11	115982072	116182072	harbor1	chr11	116043653	116043868	LTR/ERVL-MaLR	1340	+	108	116043761	61689
chr11	115982072	116182072	harbor1	chr11	116052732	116052991	LTR/ERVL-MaLR	429	+	130	116052862	70790
chr11	134397082	134597082	harbor1	chr11	134431839	134432250	LTR/ERVL-MaLR	2160	+	206	134432045	34963
chr11	134397082	134597082	harbor1	chr11	134461225	134461454	LTR/ERVL-MaLR	1029	+	114	134461339	64257
chr11	134397082	134597082	harbor1	chr11	134461903	134462243	LTR/ERVL-MaLR	1258	+	170	134462073	64991
chr11	134397082	134597082	harbor1	chr11	134479491	134479820	LTR/ERVL-MaLR	720	+	164	134479655	82573
chr11	134397082	134597082	harbor1	chr11	134491945	134492251	LTR/ERVL-MaLR	1004	+	153	134492098	95016
chr11	31598711	31798711	harbor1	chr11	31606878	31607255	LTR/ERVL-MaLR	1606	+	188	31607066	8355
chr11	92236430	92436430	harbor1	chr11	92329180	92329553	LTR/ERVL-MaLR	2246	+	186	92329366	92936
chr11	122976989	123176989	harbor1	chr11	123001644	123002054	LTR/ERVL-MaLR	2564	+	205	123001849	24860
chr11	122976989	123176989	harbor1	chr11	123034506	123034889	LTR/ERVL-MaLR	627	+	192	123034698	57709
chr11	122976989	123176989	harbor1	chr11	123048150	123048326	LTR/ERVL-MaLR	1096	+	88	123048238	71249
chr11	122976989	123176989	harbor1	chr11	123048622	123048900	LTR/ERVL-MaLR	1096	+	139	123048761	71772
chr11	6930849	7130849	harbor1	chr11	6970790	6971186	LTR/ERVL-MaLR	641	+	198	6970988	40139
chr11	6930849	7130849	harbor1	chr11	6977068	6977142	LTR/ERVL-MaLR	457	+	37	6977105	46256
chr11	6930849	7130849	harbor1	chr11	6977494	6977774	LTR/ERVL-MaLR	1393	+	140	6977634	46785
chr11	6930849	7130849	harbor1	chr11	6991911	6992300	LTR/ERVL-MaLR	395	+	194	6992105	61256
chr11	6930849	7130849	harbor1	chr11	7002006	7002116	LTR/ERVL-MaLR	420	+	55	7002061	71212
chr11	6930849	7130849	harbor1	chr11	7004431	7004962	LTR/ERVL-MaLR	2411	+	266	7004697	73848
chr11	84149456	84349456	harbor1	chr11	84217217	84217574	LTR/ERVL-MaLR	2278	+	178	84217395	67939
chr11	84149456	84349456	harbor1	chr11	84218620	84218699	LTR/ERVL-MaLR	385	+	40	84218660	69204
chr11	84149456	84349456	harbor1	chr11	84218908	84219001	LTR/ERVL-MaLR	389	+	46	84218954	69498
chr11	84149456	84349456	harbor1	chr11	84231041	84231429	LTR/ERVL-MaLR	775	+	194	84231235	81779
chr11	84149456	84349456	harbor1	chr11	84232452	84232810	LTR/ERVL-MaLR	1090	+	179	84232631	83175
chr11	84149456	84349456	harbor1	chr11	84239907	84240401	LTR/ERVL-MaLR	966	+	247	84240154	90698
chr11	127926238	128126238	harbor1	chr11	127955557	127955906	LTR/ERVL-MaLR	2202	+	174	127955731	29493
chr11	127926238	128126238	harbor1	chr11	127970411	127970824	LTR/ERVL-MaLR	2462	+	206	127970617	44379
chr11	127926238	128126238	harbor1	chr11	127984240	127984597	LTR/ERVL-MaLR	1458	+	178	127984418	58180
chr11	127926238	128126238	harbor1	chr11	127988531	127988956	LTR/ERVL-MaLR	2523	+	212	127988743	62505
chr11	7417055	7617055	harbor1	chr11	7430560	7430939	LTR/ERVL-MaLR	2089	+	190	7430750	13695
chr11	7417055	7617055	harbor1	chr11	7430945	7432267	LTR/ERVL-MaLR	9155	+	661	7431606	14551
chr11	7417055	7617055	harbor1	chr11	7432639	7432952	LTR/ERVL-MaLR	9155	+	156	7432795	15740
chr11	7417055	7617055	harbor1	chr11	7432955	7433342	LTR/ERVL-MaLR	2118	+	194	7433149	16094
chr11	7417055	7617055	harbor1	chr11	7433532	7433886	LTR/ERVL-MaLR	1972	+	177	7433709	16654
chr11	7417055	7617055	harbor1	chr11	7439714	7439938	LTR/ERVL-MaLR	547	+	112	7439826	22771
chr11	7417055	7617055	harbor1	chr11	7451437	7451885	LTR/ERVL-MaLR	1145	+	224	7451661	34606
chr11	7417055	7617055	harbor1	chr11	7459594	7460024	LTR/ERVL-MaLR	1891	+	215	7459809	42754
chr11	7417055	7617055	harbor1	chr11	7477171	7477363	LTR/ERVL-MaLR	1021	+	96	7477267	60212
chr11	102136086	102336086	harbor1	chr11	102195471	102195837	LTR/ERVL-MaLR	2426	+	183	102195654	59568
chr11	849791	1049791	harbor1	chr11	877841	878131	LTR/ERVL-MaLR	1252	+	145	877986	28195
chr11	849791	1049791	harbor1	chr11	878577	878644	LTR/ERVL-MaLR	430	+	34	878611	28820
chr11	849791	1049791	harbor1	chr11	879374	879690	LTR/ERVL-MaLR	973	+	158	879532	29741
chr11	849791	1049791	harbor1	chr11	886468	886699	LTR/ERVL-MaLR	855	+	116	886584	36793
chr11	849791	1049791	harbor1	chr11	916104	916200	LTR/ERVL-MaLR	400	+	48	916152	66361
chr11	849791	1049791	harbor1	chr11	916512	916611	LTR/ERVL-MaLR	400	+	50	916562	66771
chr11	849791	1049791	harbor1	chr11	918201	918379	LTR/ERVL-MaLR	1424	+	89	918290	68499
chr11	849791	1049791	harbor1	chr11	918684	918794	LTR/ERVL-MaLR	1424	+	55	918739	68948
chr11	849791	1049791	harbor1	chr11	919097	919201	LTR/ERVL-MaLR	1424	+	52	919149	69358
chr11	102018360	102218360	harbor1	chr11	102020960	102021061	LTR/ERVL-MaLR	1562	+	50	102021010	2650
chr11	102018360	102218360	harbor1	chr11	102021365	102021655	LTR/ERVL-MaLR	1562	+	145	102021510	3150
chr11	102018360	102218360	harbor1	chr11	102057651	102057787	LTR/ERVL-MaLR	390	+	68	102057719	39359
chr11	102018360	102218360	harbor1	chr11	102058083	102058267	LTR/ERVL-MaLR	450	+	92	102058175	39815
chr11	102018360	102218360	harbor1	chr11	102061950	102062311	LTR/ERVL-MaLR	1574	+	180	102062130	43770
chr11	102018360	102218360	harbor1	chr11	102062318	102062863	LTR/ERVL-MaLR	2096	+	272	102062590	44230
chr11	102018360	102218360	harbor1	chr11	102063202	102063546	LTR/ERVL-MaLR	2228	+	172	102063374	45014
chr11	102018360	102218360	harbor1	chr11	102063838	102063900	LTR/ERVL-MaLR	2228	+	31	102063869	45509
chr11	102018360	102218360	harbor1	chr11	102096208	102096596	LTR/ERVL-MaLR	2143	+	194	102096402	78042
chr11	4432239	4632239	harbor1	chr11	4464791	4465377	LTR/ERVL-MaLR	4243	+	293	4465084	32845
chr11	4432239	4632239	harbor1	chr11	4466036	4467065	LTR/ERVL-MaLR	4243	+	514	4466550	34311
chr11	4432239	4632239	harbor1	chr11	4467073	4467489	LTR/ERVL-MaLR	2095	+	208	4467281	35042
chr11	4432239	4632239	harbor1	chr11	4476786	4477160	LTR/ERVL-MaLR	2029	+	187	4476973	44734
chr11	4432239	4632239	harbor1	chr11	4477164	4477679	LTR/ERVL-MaLR	2672	+	258	4477422	45183
chr11	4432239	4632239	harbor1	chr11	4478114	4478401	LTR/ERVL-MaLR	2672	+	144	4478258	46019
chr11	4432239	4632239	harbor1	chr11	4478575	4478928	LTR/ERVL-MaLR	1458	+	176	4478751	46512
chr11	4432239	4632239	harbor1	chr11	4478931	4479276	LTR/ERVL-MaLR	1647	+	172	4479103	46864
chr11	4432239	4632239	harbor1	chr11	4480526	4480872	LTR/ERVL-MaLR	1550	+	173	4480699	48460
chr11	4432239	4632239	harbor1	chr11	4525378	4525729	LTR/ERVL-MaLR	2501	+	176	4525554	93315
chr11	4432239	4632239	harbor1	chr11	4528066	4528424	LTR/ERVL-MaLR	2131	+	179	4528245	96006
chr11	5434156	5634156	harbor1	chr11	5456731	5457053	LTR/ERVL-MaLR	1868	+	161	5456892	22736
chr11	5434156	5634156	harbor1	chr11	5485800	5486198	LTR/ERVL-MaLR	1885	+	199	5485999	51843
chr11	6379093	6579093	harbor1	chr11	6421192	6421372	LTR/ERVL-MaLR	2178	+	90	6421282	42189
chr11	6379093	6579093	harbor1	chr11	6421683	6421857	LTR/ERVL-MaLR	2178	+	87	6421770	42677
chr11	6379093	6579093	harbor1	chr11	6422168	6422238	LTR/ERVL-MaLR	2178	+	35	6422203	43110
chr11	6379093	6579093	harbor1	chr11	6425652	6426160	LTR/ERVL-MaLR	1238	+	254	6425906	46813
chr11	6379093	6579093	harbor1	chr11	6426453	6426488	LTR/ERVL-MaLR	1238	+	18	6426471	47378
chr11	6379093	6579093	harbor1	chr11	6429032	6429394	LTR/ERVL-MaLR	1714	+	181	6429213	50120
chr11	6379093	6579093	harbor1	chr11	6434685	6434934	LTR/ERVL-MaLR	733	+	124	6434809	55716
chr11	6379093	6579093	harbor1	chr11	6444292	6444687	LTR/ERVL-MaLR	2111	+	198	6444490	65397
chr11	105646709	105846709	harbor1	chr11	105659289	105659665	LTR/ERVL-MaLR	592	+	188	105659477	12768
chr11	128114008	128314008	harbor1	chr11	128159351	128159534	LTR/ERVL-MaLR	511	+	92	128159443	45435
chr11	128114008	128314008	harbor1	chr11	128176217	128176304	LTR/ERVL-MaLR	403	+	44	128176261	62253
chr11	128114008	128314008	harbor1	chr11	128185071	128185435	LTR/ERVL-MaLR	2454	+	182	128185253	71245
chr11	128114008	128314008	harbor1	chr11	128187160	128187619	LTR/ERVL-MaLR	1222	+	230	128187390	73382
chr11	128114008	128314008	harbor1	chr11	128206616	128207052	LTR/ERVL-MaLR	2070	+	218	128206834	92826
chr11	128114008	128314008	harbor1	chr11	128208283	128208749	LTR/ERVL-MaLR	766	+	233	128208516	94508
chr11	13951696	14151696	harbor1	chr11	14051097	14051260	LTR/ERVL-MaLR	1860	+	82	14051179	99483
chr11	13951696	14151696	harbor1	chr11	14051550	14051773	LTR/ERVL-MaLR	1860	+	112	14051662	99966
chr11	84048144	84248144	harbor1	chr11	84083444	84083820	LTR/ERVL-MaLR	1721	+	188	84083632	35488
chr11	84048144	84248144	harbor1	chr11	84087476	84087950	LTR/ERVL-MaLR	2136	+	237	84087713	39569
chr11	84048144	84248144	harbor1	chr11	84116053	84116144	LTR/ERVL-MaLR	427	+	46	84116099	67955
chr11	113495299	113695299	harbor1	chr11	113497626	113498169	LTR/ERVL-MaLR	2277	+	272	113497898	2599
chr11	113495299	113695299	harbor1	chr11	113507314	113507752	LTR/ERVL-MaLR	2328	+	219	113507533	12234
chr11	113495299	113695299	harbor1	chr11	113529663	113530150	LTR/ERVL-MaLR	1977	+	244	113529907	34608
chr11	113495299	113695299	harbor1	chr11	113559500	113559741	LTR/ERVL-MaLR	852	+	120	113559620	64321
chr11	113495299	113695299	harbor1	chr11	113559739	113559878	LTR/ERVL-MaLR	678	+	70	113559809	64510
chr11	113495299	113695299	harbor1	chr11	113586827	113587049	LTR/ERVL-MaLR	1210	+	111	113586938	91639
chr11	113495299	113695299	harbor1	chr11	113594035	113594131	LTR/ERVL-MaLR	391	+	48	113594083	98784
chr11	101296630	101496630	harbor1	chr11	101301094	101301450	LTR/ERVL-MaLR	750	+	178	101301272	4642
chr11	101296630	101496630	harbor1	chr11	101356677	101357038	LTR/ERVL-MaLR	1780	+	180	101356857	60227
chr11	101296630	101496630	harbor1	chr11	101363578	101363940	LTR/ERVL-MaLR	2001	+	181	101363759	67129
chr11	101296630	101496630	harbor1	chr11	101382527	101382957	LTR/ERVL-MaLR	1231	+	215	101382742	86112
chr11	101296630	101496630	harbor1	chr11	101302025	101302383	LTR/ERVL-MaLR	2440	+	179	101302204	5574
chr11	97457021	97657021	harbor1	chr11	97462800	97463172	LTR/ERVL-MaLR	2594	+	186	97462986	5965
chr11	97457021	97657021	harbor1	chr11	97463176	97464742	LTR/ERVL-MaLR	9377	+	783	97463959	6938
chr11	97457021	97657021	harbor1	chr11	97464743	97465117	LTR/ERVL-MaLR	2265	+	187	97464930	7909
chr11	97457021	97657021	harbor1	chr11	97500268	97500410	LTR/ERVL-MaLR	401	+	71	97500339	43318
chr11	97457021	97657021	harbor1	chr11	97500919	97501176	LTR/ERVL-MaLR	1026	+	128	97501047	44026
chr11	94548482	94748482	harbor1	chr11	94552690	94553003	LTR/ERVL-MaLR	1506	+	156	94552846	4364
chr11	94548482	94748482	harbor1	chr11	94553315	94553517	LTR/ERVL-MaLR	1506	+	101	94553416	4934
chr11	94548482	94748482	harbor1	chr11	94611532	94611933	LTR/ERVL-MaLR	2025	+	200	94611732	63250
chr11	94548482	94748482	harbor1	chr11	94624502	94624900	LTR/ERVL-MaLR	2163	+	199	94624701	76219
chr11	94548482	94748482	harbor1	chr11	94639428	94639623	LTR/ERVL-MaLR	380	+	98	94639526	91044
chr11	94548482	94748482	harbor1	chr11	94640319	94640658	LTR/ERVL-MaLR	549	+	170	94640489	92007
chr11	94548482	94748482	harbor1	chr11	94640689	94640837	LTR/ERVL-MaLR	521	+	74	94640763	92281
chr11	56981616	57181616	harbor1	chr11	57080260	57080481	LTR/ERVL-MaLR	2209	+	110	57080370	98754
chr11	56981616	57181616	harbor1	chr11	57080523	57080912	LTR/ERVL-MaLR	2209	+	194	57080717	99101
chr11	17578760	17778760	harbor1	chr11	17649280	17649771	LTR/ERVL-MaLR	2667	+	246	17649526	70766
chr11	17578760	17778760	harbor1	chr11	17670522	17670677	LTR/ERVL-MaLR	417	+	78	17670600	91840
chr11	17578760	17778760	harbor1	chr11	17671114	17671268	LTR/ERVL-MaLR	547	+	77	17671191	92431
chr11	102325619	102525619	harbor1	chr11	102379629	102379990	LTR/ERVL-MaLR	1909	+	180	102379809	54190
chr11	102325619	102525619	harbor1	chr11	102400581	102400889	LTR/ERVL-MaLR	792	+	154	102400735	75116
chr11	102325619	102525619	harbor1	chr11	102403618	102404064	LTR/ERVL-MaLR	3017	+	223	102403841	78222
chr11	102325619	102525619	harbor1	chr11	102407446	102407906	LTR/ERVL-MaLR	2550	+	230	102407676	82057
chr11	102325619	102525619	harbor1	chr11	102423212	102423688	LTR/ERVL-MaLR	1794	+	238	102423450	97831
chr11	123171173	123371173	harbor1	chr11	123180269	123180585	LTR/ERVL-MaLR	1721	+	158	123180427	9254
chr11	123171173	123371173	harbor1	chr11	123222049	123222404	LTR/ERVL-MaLR	1944	+	178	123222227	51054
chr11	123171173	123371173	harbor1	chr11	123222772	123223151	LTR/ERVL-MaLR	2555	+	190	123222962	51789
chr11	123171173	123371173	harbor1	chr11	123223197	123223606	LTR/ERVL-MaLR	2726	+	204	123223401	52228
chr11	123171173	123371173	harbor1	chr11	123228945	123229279	LTR/ERVL-MaLR	1351	+	167	123229112	57939
chr11	123171173	123371173	harbor1	chr11	123232997	123233408	LTR/ERVL-MaLR	1369	+	206	123233203	62030
chr11	123171173	123371173	harbor1	chr11	123251603	123252020	LTR/ERVL-MaLR	1292	+	208	123251811	80638
chr11	123171173	123371173	harbor1	chr11	123253526	123253908	LTR/ERVL-MaLR	1576	+	191	123253717	82544
chr11	96721950	96921950	harbor1	chr11	96760808	96761132	LTR/ERVL-MaLR	1145	+	162	96760970	39020
chr11	96721950	96921950	harbor1	chr11	96767531	96767940	LTR/ERVL-MaLR	2476	+	204	96767735	45785
chr11	13766004	13966004	harbor1	chr11	13769055	13769303	LTR/ERVL-MaLR	544	+	124	13769179	3175
chr11	13766004	13966004	harbor1	chr11	13770378	13770939	LTR/ERVL-MaLR	786	+	280	13770658	4654
chr11	13766004	13966004	harbor1	chr11	13787313	13787688	LTR/ERVL-MaLR	2210	+	188	13787501	21497
chr11	13766004	13966004	harbor1	chr11	13789878	13790156	LTR/ERVL-MaLR	569	+	139	13790017	24013
chr11	13766004	13966004	harbor1	chr11	13791407	13791689	LTR/ERVL-MaLR	1499	+	141	13791548	25544
chr11	13766004	13966004	harbor1	chr11	13803447	13803811	LTR/ERVL-MaLR	2061	+	182	13803629	37625
chr11	13766004	13966004	harbor1	chr11	13832248	13832583	LTR/ERVL-MaLR	1308	+	168	13832416	66412
chr11	13766004	13966004	harbor1	chr11	13845148	13845545	LTR/ERVL-MaLR	1410	+	198	13845346	79342
chr11	13766004	13966004	harbor1	chr11	13853510	13854014	LTR/ERVL-MaLR	1033	+	252	13853762	87758
chr11	13766004	13966004	harbor1	chr11	13854699	13855046	LTR/ERVL-MaLR	1999	+	174	13854873	88869
chr11	121832507	122032507	harbor1	chr11	121864582	121865012	LTR/ERVL-MaLR	1611	+	215	121864797	32290
chr11	121832507	122032507	harbor1	chr11	121898457	121899019	LTR/ERVL-MaLR	868	+	281	121898738	66231
chr11	121832507	122032507	harbor1	chr11	121906149	121906531	LTR/ERVL-MaLR	2616	+	191	121906340	73833
chr11	121832507	122032507	harbor1	chr11	121907257	121907457	LTR/ERVL-MaLR	470	+	100	121907357	74850
chr11	41175039	41375039	harbor1	chr11	41194383	41194870	LTR/ERVL-MaLR	1118	+	244	41194627	19588
chr11	41175039	41375039	harbor1	chr11	41207388	41207841	LTR/ERVL-MaLR	952	+	226	41207614	32575
chr11	41175039	41375039	harbor1	chr11	41207842	41208562	LTR/ERVL-MaLR	3320	+	360	41208202	33163
chr11	41175039	41375039	harbor1	chr11	41209271	41209496	LTR/ERVL-MaLR	1021	+	112	41209383	34344
chr11	41175039	41375039	harbor1	chr11	41209675	41209785	LTR/ERVL-MaLR	478	+	55	41209730	34691
chr11	41175039	41375039	harbor1	chr11	41209791	41210187	LTR/ERVL-MaLR	1412	+	198	41209989	34950
chr11	41175039	41375039	harbor1	chr11	41210210	41210570	LTR/ERVL-MaLR	2115	+	180	41210390	35351
chr11	41175039	41375039	harbor1	chr11	41229117	41229433	LTR/ERVL-MaLR	1020	+	158	41229275	54236
chr11	41175039	41375039	harbor1	chr11	41261040	41261394	LTR/ERVL-MaLR	1061	+	177	41261217	86178
chr11	41175039	41375039	harbor1	chr11	41268264	41268457	LTR/ERVL-MaLR	650	+	96	41268360	93321
chr11	114599772	114799772	harbor1	chr11	114667436	114667954	LTR/ERVL-MaLR	2673	+	259	114667695	67923
chr11	114599772	114799772	harbor1	chr11	114668333	114668438	LTR/ERVL-MaLR	483	+	52	114668385	68613
chr11	114599772	114799772	harbor1	chr11	114697136	114697542	LTR/ERVL-MaLR	1494	+	203	114697339	97567
chr11	19303881	19503881	harbor1	chr11	19319013	19319446	LTR/ERVL-MaLR	2512	+	216	19319229	15348
chr11	19303881	19503881	harbor1	chr11	19383117	19383291	LTR/ERVL-MaLR	563	+	87	19383204	79323
chr11	19303881	19503881	harbor1	chr11	19383310	19383480	LTR/ERVL-MaLR	592	+	85	19383395	79514
chr11	87812296	88012296	harbor1	chr11	87833813	87834487	LTR/ERVL-MaLR	2128	+	337	87834150	21854
chr11	87812296	88012296	harbor1	chr11	87835466	87835873	LTR/ERVL-MaLR	1769	+	204	87835670	23374
chr11	87812296	88012296	harbor1	chr11	87841155	87841409	LTR/ERVL-MaLR	1783	+	127	87841282	28986
chr11	87812296	88012296	harbor1	chr11	87853213	87853575	LTR/ERVL-MaLR	1452	+	181	87853394	41098
chr11	87812296	88012296	harbor1	chr11	87856096	87856496	LTR/ERVL-MaLR	843	+	200	87856296	44000
chr11	87812296	88012296	harbor1	chr11	87865161	87865655	LTR/ERVL-MaLR	1765	+	247	87865408	53112
chr11	87812296	88012296	harbor1	chr11	87868079	87868500	LTR/ERVL-MaLR	2613	+	210	87868289	55993
chr11	87812296	88012296	harbor1	chr11	87880404	87880570	LTR/ERVL-MaLR	413	+	83	87880487	68191
chr11	87812296	88012296	harbor1	chr11	87883553	87884012	LTR/ERVL-MaLR	1730	+	230	87883783	71487
chr11	28677570	28877570	harbor1	chr11	28733538	28733980	LTR/ERVL-MaLR	2000	+	221	28733759	56189
chr11	28677570	28877570	harbor1	chr11	28761849	28762326	LTR/ERVL-MaLR	665	+	238	28762087	84517
chr11	28677570	28877570	harbor1	chr11	28765143	28765499	LTR/ERVL-MaLR	1178	+	178	28765321	87751
chr11	28677570	28877570	harbor1	chr11	28765502	28765666	LTR/ERVL-MaLR	576	+	82	28765584	88014
chr11	28677570	28877570	harbor1	chr11	28771221	28771559	LTR/ERVL-MaLR	950	+	169	28771390	93820
chr11	28677570	28877570	harbor1	chr11	28769592	28771213	LTR/ERVL-MaLR	6216	+	810	28770402	92832
chr11	84432990	84632990	harbor1	chr11	84476590	84477007	LTR/ERVL-MaLR	1411	+	208	84476798	43808
chr11	84432990	84632990	harbor1	chr11	84484072	84484470	LTR/ERVL-MaLR	582	+	199	84484271	51281
chr11	84432990	84632990	harbor1	chr11	84491158	84491509	LTR/ERVL-MaLR	2160	+	176	84491334	58344
chr11	84432990	84632990	harbor1	chr11	84505889	84506076	LTR/ERVL-MaLR	1809	+	94	84505983	72993
chr11	84432990	84632990	harbor1	chr11	84506375	84506730	LTR/ERVL-MaLR	1809	+	178	84506553	73563
chr11	78537505	78737505	harbor1	chr11	78576527	78576808	LTR/ERVL-MaLR	966	+	140	78576667	39162
chr11	78537505	78737505	harbor1	chr11	78582439	78582975	LTR/ERVL-MaLR	2348	+	268	78582707	45202
chr11	78537505	78737505	harbor1	chr11	78594361	78594537	LTR/ERVL-MaLR	644	+	88	78594449	56944
chr11	78537505	78737505	harbor1	chr11	78595267	78595293	LTR/ERVL-MaLR	644	+	13	78595280	57775
chr11	78537505	78737505	harbor1	chr11	78577413	78577839	LTR/ERVL-MaLR	2634	+	213	78577626	40121
chr11	16886980	17086980	harbor1	chr11	16891312	16891549	LTR/ERVL-MaLR	948	+	118	16891430	4450
chr11	16886980	17086980	harbor1	chr11	16906104	16906224	LTR/ERVL-MaLR	693	+	60	16906164	19184
chr11	16886980	17086980	harbor1	chr11	16908290	16908491	LTR/ERVL-MaLR	1378	+	100	16908390	21410
chr11	16886980	17086980	harbor1	chr11	16908796	16908870	LTR/ERVL-MaLR	1378	+	37	16908833	21853
chr11	16886980	17086980	harbor1	chr11	16952082	16952549	LTR/ERVL-MaLR	864	+	234	16952316	65336
chr11	16886980	17086980	harbor1	chr11	16969716	16969916	LTR/ERVL-MaLR	631	+	100	16969816	82836
chr11	35168072	35368072	harbor1	chr11	35242844	35243395	LTR/ERVL-MaLR	1300	+	276	35243120	75048
chr11	35168072	35368072	harbor1	chr11	35243691	35244077	LTR/ERVL-MaLR	1300	+	193	35243884	75812
chr11	35168072	35368072	harbor1	chr11	35244078	35244505	LTR/ERVL-MaLR	729	+	214	35244292	76220
chr11	35168072	35368072	harbor1	chr11	35247768	35248088	LTR/ERVL-MaLR	1333	+	160	35247928	79856
chr11	35168072	35368072	harbor1	chr11	35250650	35250993	LTR/ERVL-MaLR	1168	+	172	35250822	82750
chr11	57079994	57279994	harbor1	chr11	57080260	57080481	LTR/ERVL-MaLR	2209	+	110	57080370	376
chr11	57079994	57279994	harbor1	chr11	57080523	57080912	LTR/ERVL-MaLR	2209	+	194	57080717	723
chr11	57079994	57279994	harbor1	chr11	57082088	57082740	LTR/ERVL-MaLR	2887	+	326	57082414	2420
chr11	57079994	57279994	harbor1	chr11	57095874	57096199	LTR/ERVL-MaLR	1796	+	162	57096036	16042
chr11	57079994	57279994	harbor1	chr11	57096907	57097039	LTR/ERVL-MaLR	1796	+	66	57096973	16979
chr11	57079994	57279994	harbor1	chr11	57105783	57106142	LTR/ERVL-MaLR	1966	+	180	57105963	25969
chr11	57079994	57279994	harbor1	chr11	57115360	57115738	LTR/ERVL-MaLR	2639	+	189	57115549	35555
chr11	57079994	57279994	harbor1	chr11	57119934	57120312	LTR/ERVL-MaLR	2148	+	189	57120123	40129
chr11	57079994	57279994	harbor1	chr11	57120415	57120840	LTR/ERVL-MaLR	767	+	212	57120627	40633
chr11	57079994	57279994	harbor1	chr11	57136178	57136481	LTR/ERVL-MaLR	731	+	152	57136330	56336
chr11	57079994	57279994	harbor1	chr11	57137012	57137139	LTR/ERVL-MaLR	437	+	64	57137076	57082
chr11	57079994	57279994	harbor1	chr11	57150562	57150991	LTR/ERVL-MaLR	1064	+	214	57150776	70782
chr11	72763215	72963215	harbor1	chr11	72801469	72801833	LTR/ERVL-MaLR	2186	+	182	72801651	38436
chr11	72763215	72963215	harbor1	chr11	72808819	72808843	LTR/ERVL-MaLR	487	+	12	72808831	45616
chr11	72763215	72963215	harbor1	chr11	72809154	72809554	LTR/ERVL-MaLR	875	+	200	72809354	46139
chr11	68873156	69073156	harbor1	chr11	68875716	68876057	LTR/ERVL-MaLR	2481	+	170	68875886	2730
chr11	68873156	69073156	harbor1	chr11	68876355	68876390	LTR/ERVL-MaLR	2481	+	18	68876373	3217
chr11	68873156	69073156	harbor1	chr11	68900906	68901397	LTR/ERVL-MaLR	1407	+	246	68901152	27996
chr11	68873156	69073156	harbor1	chr11	68941410	68941621	LTR/ERVL-MaLR	670	+	106	68941516	68360
chr11	68873156	69073156	harbor1	chr11	68947121	68947390	LTR/ERVL-MaLR	692	+	134	68947255	74099
chr11	68873156	69073156	harbor1	chr11	68953845	68953978	LTR/ERVL-MaLR	1825	+	66	68953911	80755
chr11	68873156	69073156	harbor1	chr11	68954265	68954470	LTR/ERVL-MaLR	1825	+	102	68954367	81211
chr11	68873156	69073156	harbor1	chr11	68954783	68954945	LTR/ERVL-MaLR	1825	+	81	68954864	81708
chr11	68873156	69073156	harbor1	chr11	68961944	68962263	LTR/ERVL-MaLR	956	+	160	68962104	88948
chr11	68873156	69073156	harbor1	chr11	68962564	68962626	LTR/ERVL-MaLR	956	+	31	68962595	89439
chr11	68873156	69073156	harbor1	chr11	68962828	68963182	LTR/ERVL-MaLR	2162	+	177	68963005	89849
chr11	68873156	69073156	harbor1	chr11	68963502	68963544	LTR/ERVL-MaLR	2162	+	21	68963523	90367
chr11	68873156	69073156	harbor1	chr11	68963642	68964031	LTR/ERVL-MaLR	577	+	194	68963836	90680
chr11	68873156	69073156	harbor1	chr11	68964753	68965097	LTR/ERVL-MaLR	2056	+	172	68964925	91769
chr11	68873156	69073156	harbor1	chr11	68966711	68967218	LTR/ERVL-MaLR	1209	+	254	68966965	93809
chr11	68873156	69073156	harbor1	chr11	68970876	68971083	LTR/ERVL-MaLR	381	+	104	68970980	97824
chr11	106662535	106862535	harbor1	chr11	106668427	106668758	LTR/ERVL-MaLR	1832	+	166	106668593	6058
chr11	106662535	106862535	harbor1	chr11	106670634	106670679	LTR/ERVL-MaLR	583	+	22	106670656	8121
chr11	106662535	106862535	harbor1	chr11	106671124	106671246	LTR/ERVL-MaLR	583	+	61	106671185	8650
chr11	106662535	106862535	harbor1	chr11	106671745	106672965	LTR/ERVL-MaLR	1784	+	610	106672355	9820
chr11	106662535	106862535	harbor1	chr11	106702796	106702872	LTR/ERVL-MaLR	1457	+	38	106702834	40299
chr11	106662535	106862535	harbor1	chr11	106703323	106703721	LTR/ERVL-MaLR	1457	+	199	106703522	40987
chr11	106662535	106862535	harbor1	chr11	106716945	106717184	LTR/ERVL-MaLR	493	+	120	106717065	54530
chr11	106662535	106862535	harbor1	chr11	106759449	106759651	LTR/ERVL-MaLR	1630	+	101	106759550	97015
chr11	106662535	106862535	harbor1	chr11	106759956	106760226	LTR/ERVL-MaLR	1630	+	135	106760091	97556
chr11	126366724	126566724	harbor1	chr11	126395516	126395873	LTR/ERVL-MaLR	2007	+	178	126395694	28970
chr11	126366724	126566724	harbor1	chr11	126448478	126448807	LTR/ERVL-MaLR	998	+	164	126448642	81918
chr11	126366724	126566724	harbor1	chr11	126464033	126464226	LTR/ERVL-MaLR	554	+	96	126464129	97405
chr11	126366724	126566724	harbor1	chr11	126464619	126464885	LTR/ERVL-MaLR	938	+	133	126464752	98028
chr11	48211786	48411786	harbor1	chr11	48237268	48237596	LTR/ERVL-MaLR	576	+	164	48237432	25646
chr11	18246976	18446976	harbor1	chr11	18289959	18290353	LTR/ERVL-MaLR	782	+	197	18290156	43180
chr11	40033670	40233670	harbor1	chr11	40058014	40058193	LTR/ERVL-MaLR	480	+	90	40058104	24434
chr11	40033670	40233670	harbor1	chr11	40072137	40072638	LTR/ERVL-MaLR	1936	+	250	40072387	38717
chr11	40033670	40233670	harbor1	chr11	40077349	40077666	LTR/ERVL-MaLR	1071	+	158	40077507	43837
chr11	40033670	40233670	harbor1	chr11	40079258	40079616	LTR/ERVL-MaLR	1702	+	179	40079437	45767
chr11	40033670	40233670	harbor1	chr11	40079626	40080414	LTR/ERVL-MaLR	6481	+	394	40080020	46350
chr11	40033670	40233670	harbor1	chr11	40081044	40082028	LTR/ERVL-MaLR	6481	+	492	40081536	47866
chr11	40033670	40233670	harbor1	chr11	40082030	40082418	LTR/ERVL-MaLR	1647	+	194	40082224	48554
chr11	40033670	40233670	harbor1	chr11	40086505	40087087	LTR/ERVL-MaLR	1836	+	291	40086796	53126
chr11	40033670	40233670	harbor1	chr11	40125095	40125532	LTR/ERVL-MaLR	1344	+	218	40125313	91643
chr11	128488820	128688820	harbor1	chr11	128541989	128542216	LTR/ERVL-MaLR	374	+	114	128542103	53283
chr11	128488820	128688820	harbor1	chr11	128565091	128565469	LTR/ERVL-MaLR	1926	+	189	128565280	76460
chr11	109271394	109471394	harbor1	chr11	109292118	109292485	LTR/ERVL-MaLR	2479	+	184	109292302	20908
chr11	109271394	109471394	harbor1	chr11	109308998	109309541	LTR/ERVL-MaLR	407	+	272	109309270	37876
chr11	109271394	109471394	harbor1	chr11	109317082	109317433	LTR/ERVL-MaLR	2018	+	176	109317258	45864
chr11	109271394	109471394	harbor1	chr11	109318191	109318539	LTR/ERVL-MaLR	1228	+	174	109318365	46971
chr11	109271394	109471394	harbor1	chr11	109327522	109327989	LTR/ERVL-MaLR	434	+	234	109327756	56362
chr11	109271394	109471394	harbor1	chr11	109334551	109334718	LTR/ERVL-MaLR	1548	+	84	109334635	63241
chr11	109271394	109471394	harbor1	chr11	109335047	109335371	LTR/ERVL-MaLR	1548	+	162	109335209	63815
chr11	109271394	109471394	harbor1	chr11	109337129	109337229	LTR/ERVL-MaLR	578	+	50	109337179	65785
chr11	109271394	109471394	harbor1	chr11	109337265	109337683	LTR/ERVL-MaLR	578	+	209	109337474	66080
chr11	109271394	109471394	harbor1	chr11	109339311	109339680	LTR/ERVL-MaLR	1637	+	184	109339495	68101
chr11	109271394	109471394	harbor1	chr11	109344955	109345318	LTR/ERVL-MaLR	2207	+	182	109345137	73743
chr11	109271394	109471394	harbor1	chr11	109352664	109352876	LTR/ERVL-MaLR	422	+	106	109352770	81376
chr11	114646701	114846701	harbor1	chr11	114667436	114667954	LTR/ERVL-MaLR	2673	+	259	114667695	20994
chr11	114646701	114846701	harbor1	chr11	114668333	114668438	LTR/ERVL-MaLR	483	+	52	114668385	21684
chr11	114646701	114846701	harbor1	chr11	114697136	114697542	LTR/ERVL-MaLR	1494	+	203	114697339	50638
chr11	114646701	114846701	harbor1	chr11	114718827	114718909	LTR/ERVL-MaLR	511	+	41	114718868	72167
chr11	114646701	114846701	harbor1	chr11	114722119	114722486	LTR/ERVL-MaLR	1978	+	184	114722303	75602
chr11	74398236	74598236	harbor1	chr11	74423118	74423630	LTR/ERVL-MaLR	2439	+	256	74423374	25138
chr11	74398236	74598236	harbor1	chr11	74427484	74427934	LTR/ERVL-MaLR	886	+	225	74427709	29473
chr11	74398236	74598236	harbor1	chr11	74429117	74429350	LTR/ERVL-MaLR	944	+	116	74429233	30997
chr11	74398236	74598236	harbor1	chr11	74434492	74434859	LTR/ERVL-MaLR	2067	+	184	74434676	36440
chr11	74398236	74598236	harbor1	chr11	74438811	74439040	LTR/ERVL-MaLR	506	+	114	74438925	40689
chr11	74398236	74598236	harbor1	chr11	74440515	74440886	LTR/ERVL-MaLR	2051	+	186	74440701	42465
chr11	74398236	74598236	harbor1	chr11	74450543	74450900	LTR/ERVL-MaLR	473	+	178	74450721	52485
chr11	74398236	74598236	harbor1	chr11	74457701	74458063	LTR/ERVL-MaLR	2604	+	181	74457882	59646
chr11	74398236	74598236	harbor1	chr11	74475730	74475877	LTR/ERVL-MaLR	600	+	74	74475804	77568
chr11	74398236	74598236	harbor1	chr11	74475953	74476226	LTR/ERVL-MaLR	985	+	136	74476089	77853
chr11	74398236	74598236	harbor1	chr11	74487701	74487993	LTR/ERVL-MaLR	383	+	146	74487847	89611
chr11	74398236	74598236	harbor1	chr11	74490930	74491434	LTR/ERVL-MaLR	2639	+	252	74491182	92946
chr11	37450447	37650447	harbor1	chr11	37455458	37456033	LTR/ERVL-MaLR	1302	+	288	37455746	5299
chr11	37450447	37650447	harbor1	chr11	37473954	37474050	LTR/ERVL-MaLR	463	+	48	37474002	23555
chr11	37450447	37650447	harbor1	chr11	37474179	37474354	LTR/ERVL-MaLR	613	+	88	37474267	23820
chr11	37450447	37650447	harbor1	chr11	37481664	37481989	LTR/ERVL-MaLR	1605	+	162	37481826	31379
chr11	37450447	37650447	harbor1	chr11	37482283	37482481	LTR/ERVL-MaLR	1605	+	99	37482382	31935
chr11	37450447	37650447	harbor1	chr11	37482782	37483126	LTR/ERVL-MaLR	1320	+	172	37482954	32507
chr11	37450447	37650447	harbor1	chr11	37485031	37485383	LTR/ERVL-MaLR	2660	+	176	37485207	34760
chr11	37450447	37650447	harbor1	chr11	37500507	37501015	LTR/ERVL-MaLR	1504	+	254	37500761	50314
chr11	37450447	37650447	harbor1	chr11	37522254	37522632	LTR/ERVL-MaLR	1884	+	189	37522443	71996
chr11	37450447	37650447	harbor1	chr11	37539703	37540026	LTR/ERVL-MaLR	1132	+	162	37539865	89418
chr11	37450447	37650447	harbor1	chr11	37543002	37543196	LTR/ERVL-MaLR	812	+	97	37543099	92652
chr11	119617540	119817540	harbor1	chr11	119620506	119620792	LTR/ERVL-MaLR	772	+	143	119620649	3109
chr11	119617540	119817540	harbor1	chr11	119633011	119633340	LTR/ERVL-MaLR	1677	+	164	119633175	15635
chr11	119617540	119817540	harbor1	chr11	119636713	119637107	LTR/ERVL-MaLR	2138	+	197	119636910	19370
chr11	90314172	90514172	harbor1	chr11	90328428	90328776	LTR/ERVL-MaLR	1686	+	174	90328602	14430
chr11	90314172	90514172	harbor1	chr11	90333798	90334242	LTR/ERVL-MaLR	1398	+	222	90334020	19848
chr11	90314172	90514172	harbor1	chr11	90368161	90368348	LTR/ERVL-MaLR	473	+	94	90368255	54083
chr11	90314172	90514172	harbor1	chr11	90368652	90368843	LTR/ERVL-MaLR	473	+	96	90368748	54576
chr11	90314172	90514172	harbor1	chr11	90386119	90386315	LTR/ERVL-MaLR	820	+	98	90386217	72045
chr11	88698243	88898243	harbor1	chr11	88703525	88703666	LTR/ERVL-MaLR	987	+	70	88703595	5352
chr11	88698243	88898243	harbor1	chr11	88739511	88739868	LTR/ERVL-MaLR	2061	+	178	88739689	41446
chr11	88698243	88898243	harbor1	chr11	88768667	88768948	LTR/ERVL-MaLR	652	+	140	88768807	70564
chr11	88698243	88898243	harbor1	chr11	88702623	88703013	LTR/ERVL-MaLR	1664	+	195	88702818	4575
chr11	134654003	134854003	harbor1	chr11	134667014	134667382	LTR/ERVL-MaLR	1223	+	184	134667198	13195
chr11	134654003	134854003	harbor1	chr11	134687261	134687442	LTR/ERVL-MaLR	725	+	90	134687351	33348
chr11	134654003	134854003	harbor1	chr11	134701252	134701604	LTR/ERVL-MaLR	1208	+	176	134701428	47425
chr11	134654003	134854003	harbor1	chr11	134659999	134660394	LTR/ERVL-MaLR	2225	+	198	134660197	6194
chr11	98385961	98585961	harbor1	chr11	98411728	98412235	LTR/ERVL-MaLR	1397	+	254	98411982	26021
chr11	98385961	98585961	harbor1	chr11	98445589	98446109	LTR/ERVL-MaLR	1139	+	260	98445849	59888
chr11	98385961	98585961	harbor1	chr11	98458686	98459029	LTR/ERVL-MaLR	1712	+	172	98458858	72897
chr11	98385961	98585961	harbor1	chr11	98459322	98459354	LTR/ERVL-MaLR	1712	+	16	98459338	73377
chr11	98385961	98585961	harbor1	chr11	98459355	98459646	LTR/ERVL-MaLR	396	+	146	98459501	73540
chr11	98385961	98585961	harbor1	chr11	98461364	98461751	LTR/ERVL-MaLR	1252	+	194	98461558	75597
chr11	98385961	98585961	harbor1	chr11	98461752	98463391	LTR/ERVL-MaLR	6879	+	820	98462572	76611
chr11	98385961	98585961	harbor1	chr11	98463531	98463657	LTR/ERVL-MaLR	628	+	63	98463594	77633
chr11	98385961	98585961	harbor1	chr11	98463658	98463694	LTR/ERVL-MaLR	1166	+	18	98463676	77715
chr11	98385961	98585961	harbor1	chr11	98463988	98464351	LTR/ERVL-MaLR	1166	+	182	98464170	78209
chr11	98385961	98585961	harbor1	chr11	98468470	98468829	LTR/ERVL-MaLR	1177	+	180	98468650	82689
chr11	98385961	98585961	harbor1	chr11	98472457	98472702	LTR/ERVL-MaLR	1105	+	122	98472579	86618
chr11	98385961	98585961	harbor1	chr11	98476404	98476585	LTR/ERVL-MaLR	933	+	90	98476494	90533
chr11	114266400	114466400	harbor1	chr11	114266639	114266956	LTR/ERVL-MaLR	1194	+	158	114266797	397
chr11	114266400	114466400	harbor1	chr11	114282502	114282911	LTR/ERVL-MaLR	1048	+	204	114282706	16306
chr11	114266400	114466400	harbor1	chr11	114300871	114301047	LTR/ERVL-MaLR	765	+	88	114300959	34559
chr11	114266400	114466400	harbor1	chr11	114302718	114303078	LTR/ERVL-MaLR	1853	+	180	114302898	36498
chr11	114266400	114466400	harbor1	chr11	114322855	114323249	LTR/ERVL-MaLR	1391	+	197	114323052	56652
chr11	114266400	114466400	harbor1	chr11	114354271	114354544	LTR/ERVL-MaLR	852	+	136	114354407	88007
chr11	1014251	1214251	harbor1	chr11	1047998	1048148	LTR/ERVL-MaLR	1182	+	75	1048073	33822
chr11	1014251	1214251	harbor1	chr11	1048447	1048646	LTR/ERVL-MaLR	1182	+	100	1048547	34296
chr11	18988272	19188272	harbor1	chr11	19003975	19004292	LTR/ERVL-MaLR	1811	+	158	19004133	15861
chr11	18988272	19188272	harbor1	chr11	19004536	19004856	LTR/ERVL-MaLR	1372	+	160	19004696	16424
chr11	18988272	19188272	harbor1	chr11	19006460	19006843	LTR/ERVL-MaLR	1869	+	192	19006652	18380
chr11	18988272	19188272	harbor1	chr11	19020043	19020135	LTR/ERVL-MaLR	459	+	46	19020089	31817
chr11	18988272	19188272	harbor1	chr11	19083816	19084297	LTR/ERVL-MaLR	1205	+	240	19084056	95784
chr11	18988272	19188272	harbor1	chr11	19004857	19006457	LTR/ERVL-MaLR	10909	+	800	19005657	17385
chr11	80386549	80586549	harbor1	chr11	80391200	80391822	LTR/ERVL-MaLR	2255	+	311	80391511	4962
chr11	80386549	80586549	harbor1	chr11	80403486	80403846	LTR/ERVL-MaLR	2444	+	180	80403666	17117
chr11	80386549	80586549	harbor1	chr11	80403847	80405378	LTR/ERVL-MaLR	10134	+	766	80404613	18064
chr11	80386549	80586549	harbor1	chr11	80405379	80405741	LTR/ERVL-MaLR	2348	+	181	80405560	19011
chr11	80386549	80586549	harbor1	chr11	80470451	80470857	LTR/ERVL-MaLR	570	+	203	80470654	84105
chr11	80386549	80586549	harbor1	chr11	80479864	80480227	LTR/ERVL-MaLR	1349	+	182	80480046	93497
chr11	80386549	80586549	harbor1	chr11	80482503	80482734	LTR/ERVL-MaLR	520	+	116	80482619	96070
chr11	33538382	33738382	harbor1	chr11	33583926	33584271	LTR/ERVL-MaLR	1747	+	172	33584098	45716
chr11	63605429	63805429	harbor1	chr11	63617607	63617922	LTR/ERVL-MaLR	2146	+	158	63617765	12336
chr11	63605429	63805429	harbor1	chr11	63618221	63618281	LTR/ERVL-MaLR	2146	+	30	63618251	12822
chr11	63605429	63805429	harbor1	chr11	63641335	63641758	LTR/ERVL-MaLR	1343	+	212	63641547	36118
chr11	63605429	63805429	harbor1	chr11	63663748	63663935	LTR/ERVL-MaLR	667	+	94	63663842	58413
chr11	78826365	79026365	harbor1	chr11	78837099	78837466	LTR/ERVL-MaLR	2254	+	184	78837283	10918
chr11	78826365	79026365	harbor1	chr11	78844206	78844361	LTR/ERVL-MaLR	1606	+	78	78844284	17919
chr11	78826365	79026365	harbor1	chr11	78844662	78844893	LTR/ERVL-MaLR	1606	+	116	78844778	18413
chr11	78826365	79026365	harbor1	chr11	78846831	78847119	LTR/ERVL-MaLR	395	+	144	78846975	20610
chr11	78826365	79026365	harbor1	chr11	78898994	78899242	LTR/ERVL-MaLR	906	+	124	78899118	72753
chr11	78826365	79026365	harbor1	chr11	78899258	78899311	LTR/ERVL-MaLR	2237	+	26	78899284	72919
chr11	78826365	79026365	harbor1	chr11	78899547	78899967	LTR/ERVL-MaLR	2535	+	210	78899757	73392
chr11	78826365	79026365	harbor1	chr11	78899978	78900238	LTR/ERVL-MaLR	1131	+	130	78900108	73743
chr11	78826365	79026365	harbor1	chr11	78911518	78911872	LTR/ERVL-MaLR	942	+	177	78911695	85330
chr11	78826365	79026365	harbor1	chr11	78919443	78919812	LTR/ERVL-MaLR	942	+	184	78919627	93262
chr11	78826365	79026365	harbor1	chr11	78923417	78923527	LTR/ERVL-MaLR	703	+	55	78923472	97107
chr11	78826365	79026365	harbor1	chr11	78923830	78923843	LTR/ERVL-MaLR	703	+	6	78923836	97471
chr11	78826365	79026365	harbor1	chr11	78924155	78924452	LTR/ERVL-MaLR	703	+	148	78924303	97938
chr11	36630898	36830898	harbor1	chr11	36711226	36711697	LTR/ERVL-MaLR	723	+	236	36711462	80564
chr11	36630898	36830898	harbor1	chr11	36711737	36712103	LTR/ERVL-MaLR	2194	+	183	36711920	81022
chr11	36630898	36830898	harbor1	chr11	36719692	36719910	LTR/ERVL-MaLR	557	+	109	36719801	88903
chr11	36630898	36830898	harbor1	chr11	36726233	36726588	LTR/ERVL-MaLR	857	+	178	36726411	95513
chr11	36630898	36830898	harbor1	chr11	36728045	36728238	LTR/ERVL-MaLR	580	+	96	36728141	97243
chr11	36630898	36830898	harbor1	chr11	36728298	36728419	LTR/ERVL-MaLR	415	+	60	36728358	97460
chr11	37489073	37689073	harbor1	chr11	37500507	37501015	LTR/ERVL-MaLR	1504	+	254	37500761	11688
chr11	37489073	37689073	harbor1	chr11	37522254	37522632	LTR/ERVL-MaLR	1884	+	189	37522443	33370
chr11	37489073	37689073	harbor1	chr11	37539703	37540026	LTR/ERVL-MaLR	1132	+	162	37539865	50792
chr11	37489073	37689073	harbor1	chr11	37543002	37543196	LTR/ERVL-MaLR	812	+	97	37543099	54026
chr11	37489073	37689073	harbor1	chr11	37571635	37572205	LTR/ERVL-MaLR	1109	+	285	37571920	82847
chr11	37489073	37689073	harbor1	chr11	37575058	37575535	LTR/ERVL-MaLR	1892	+	238	37575296	86223
chr11	37489073	37689073	harbor1	chr11	37577355	37577710	LTR/ERVL-MaLR	2197	+	178	37577533	88460
chr11	124945047	125145047	harbor1	chr11	124997164	124997304	LTR/ERVL-MaLR	1014	+	70	124997234	52187
chr11	124945047	125145047	harbor1	chr11	124997589	124997661	LTR/ERVL-MaLR	1103	+	36	124997625	52578
chr11	124945047	125145047	harbor1	chr11	124997968	124998163	LTR/ERVL-MaLR	1103	+	98	124998066	53019
chr11	98620187	98820187	harbor1	chr11	98619600	98621143	LTR/ERVL-MaLR	10394	+	772	98620372	185
chr11	98620187	98820187	harbor1	chr11	98621144	98621480	LTR/ERVL-MaLR	1855	+	168	98621312	1125
chr11	98620187	98820187	harbor1	chr11	98643120	98643452	LTR/ERVL-MaLR	1418	+	166	98643286	23099
chr11	98620187	98820187	harbor1	chr11	98644321	98644686	LTR/ERVL-MaLR	1318	+	182	98644503	24316
chr11	98620187	98820187	harbor1	chr11	98657816	98658151	LTR/ERVL-MaLR	1805	+	168	98657984	37797
chr11	98620187	98820187	harbor1	chr11	98690430	98690516	LTR/ERVL-MaLR	508	+	43	98690473	70286
chr11	98620187	98820187	harbor1	chr11	98692135	98692489	LTR/ERVL-MaLR	2029	+	177	98692312	72125
chr11	98620187	98820187	harbor1	chr11	98692490	98693996	LTR/ERVL-MaLR	9666	+	753	98693243	73056
chr11	98620187	98820187	harbor1	chr11	98693998	98694363	LTR/ERVL-MaLR	2106	+	182	98694180	73993
chr11	98620187	98820187	harbor1	chr11	98706053	98706170	LTR/ERVL-MaLR	670	+	58	98706111	85924
chr11	98620187	98820187	harbor1	chr11	98706232	98706617	LTR/ERVL-MaLR	1772	+	192	98706424	86237
chr11	110643052	110843052	harbor1	chr11	110683825	110684112	LTR/ERVL-MaLR	1367	+	144	110683969	40917
chr11	110643052	110843052	harbor1	chr11	110718066	110718429	LTR/ERVL-MaLR	2613	+	182	110718248	75196
chr11	110643052	110843052	harbor1	chr11	110741141	110741493	LTR/ERVL-MaLR	2137	+	176	110741317	98265
chr11	84178595	84378595	harbor1	chr11	84217217	84217574	LTR/ERVL-MaLR	2278	+	178	84217395	38800
chr11	84178595	84378595	harbor1	chr11	84218620	84218699	LTR/ERVL-MaLR	385	+	40	84218660	40065
chr11	84178595	84378595	harbor1	chr11	84218908	84219001	LTR/ERVL-MaLR	389	+	46	84218954	40359
chr11	84178595	84378595	harbor1	chr11	84231041	84231429	LTR/ERVL-MaLR	775	+	194	84231235	52640
chr11	84178595	84378595	harbor1	chr11	84232452	84232810	LTR/ERVL-MaLR	1090	+	179	84232631	54036
chr11	84178595	84378595	harbor1	chr11	84239907	84240401	LTR/ERVL-MaLR	966	+	247	84240154	61559
chr11	62873055	63073055	harbor1	chr11	62902469	62902889	LTR/ERVL-MaLR	2018	+	210	62902679	29624
chr11	62873055	63073055	harbor1	chr11	62937525	62937893	LTR/ERVL-MaLR	2507	+	184	62937709	64654
chr11	62873055	63073055	harbor1	chr11	62961038	62961407	LTR/ERVL-MaLR	2000	+	184	62961222	88167
chr11	62873055	63073055	harbor1	chr11	62961427	62961675	LTR/ERVL-MaLR	583	+	124	62961551	88496
chr11	13709405	13909405	harbor1	chr11	13724869	13724971	LTR/ERVL-MaLR	620	+	51	13724920	15515
chr11	13709405	13909405	harbor1	chr11	13769055	13769303	LTR/ERVL-MaLR	544	+	124	13769179	59774
chr11	13709405	13909405	harbor1	chr11	13770378	13770939	LTR/ERVL-MaLR	786	+	280	13770658	61253
chr11	13709405	13909405	harbor1	chr11	13787313	13787688	LTR/ERVL-MaLR	2210	+	188	13787501	78096
chr11	13709405	13909405	harbor1	chr11	13789878	13790156	LTR/ERVL-MaLR	569	+	139	13790017	80612
chr11	13709405	13909405	harbor1	chr11	13791407	13791689	LTR/ERVL-MaLR	1499	+	141	13791548	82143
chr11	13709405	13909405	harbor1	chr11	13803447	13803811	LTR/ERVL-MaLR	2061	+	182	13803629	94224
chr11	110702025	110902025	harbor1	chr11	110718066	110718429	LTR/ERVL-MaLR	2613	+	182	110718248	16223
chr11	110702025	110902025	harbor1	chr11	110741141	110741493	LTR/ERVL-MaLR	2137	+	176	110741317	39292
chr11	110702025	110902025	harbor1	chr11	110768179	110768594	LTR/ERVL-MaLR	1749	+	208	110768387	66362
chr11	110702025	110902025	harbor1	chr11	110778915	110779437	LTR/ERVL-MaLR	1660	+	261	110779176	77151
chr11	110702025	110902025	harbor1	chr11	110784465	110784872	LTR/ERVL-MaLR	2437	+	204	110784669	82644
chr11	110702025	110902025	harbor1	chr11	110784873	110786534	LTR/ERVL-MaLR	8827	+	830	110785703	83678
chr11	110702025	110902025	harbor1	chr11	110786535	110786939	LTR/ERVL-MaLR	2376	+	202	110786737	84712
chr11	101980041	102180041	harbor1	chr11	102020960	102021061	LTR/ERVL-MaLR	1562	+	50	102021010	40969
chr11	101980041	102180041	harbor1	chr11	102021365	102021655	LTR/ERVL-MaLR	1562	+	145	102021510	41469
chr11	101980041	102180041	harbor1	chr11	102057651	102057787	LTR/ERVL-MaLR	390	+	68	102057719	77678
chr11	101980041	102180041	harbor1	chr11	102058083	102058267	LTR/ERVL-MaLR	450	+	92	102058175	78134
chr11	101980041	102180041	harbor1	chr11	102061950	102062311	LTR/ERVL-MaLR	1574	+	180	102062130	82089
chr11	101980041	102180041	harbor1	chr11	102062318	102062863	LTR/ERVL-MaLR	2096	+	272	102062590	82549
chr11	101980041	102180041	harbor1	chr11	102063202	102063546	LTR/ERVL-MaLR	2228	+	172	102063374	83333
chr11	101980041	102180041	harbor1	chr11	102063838	102063900	LTR/ERVL-MaLR	2228	+	31	102063869	83828
chr11	49909564	50109564	harbor1	chr11	49941059	49941163	LTR/ERVL-MaLR	537	+	52	49941111	31547
chr11	49909564	50109564	harbor1	chr11	49961360	49962147	LTR/ERVL-MaLR	3523	+	394	49961754	52190
chr11	49909564	50109564	harbor1	chr11	49962148	49962543	LTR/ERVL-MaLR	2066	+	198	49962346	52782
chr11	49909564	50109564	harbor1	chr11	49988898	49989094	LTR/ERVL-MaLR	1031	+	98	49988996	79432
chr11	49909564	50109564	harbor1	chr11	49990646	49991009	LTR/ERVL-MaLR	1643	+	182	49990828	81264
chr11	41881756	42081756	harbor1	chr11	41895038	41895398	LTR/ERVL-MaLR	1419	+	180	41895218	13462
chr11	41881756	42081756	harbor1	chr11	41949490	41949908	LTR/ERVL-MaLR	848	+	209	41949699	67943
chr11	41881756	42081756	harbor1	chr11	41926249	41926771	LTR/ERVL-MaLR	1352	+	261	41926510	44754
chr11	63034940	63234940	harbor1	chr11	63052129	63052928	LTR/ERVL-MaLR	4634	+	400	63052529	17589
chr11	63034940	63234940	harbor1	chr11	63052929	63053350	LTR/ERVL-MaLR	2298	+	210	63053139	18199
chr11	63034940	63234940	harbor1	chr11	63068358	63068731	LTR/ERVL-MaLR	1567	+	186	63068544	33604
chr11	63034940	63234940	harbor1	chr11	63102274	63103156	LTR/ERVL-MaLR	2508	+	441	63102715	67775
chr11	94540157	94740157	harbor1	chr11	94540395	94540642	LTR/ERVL-MaLR	455	+	124	94540519	362
chr11	94540157	94740157	harbor1	chr11	94552690	94553003	LTR/ERVL-MaLR	1506	+	156	94552846	12689
chr11	94540157	94740157	harbor1	chr11	94553315	94553517	LTR/ERVL-MaLR	1506	+	101	94553416	13259
chr11	94540157	94740157	harbor1	chr11	94611532	94611933	LTR/ERVL-MaLR	2025	+	200	94611732	71575
chr11	94540157	94740157	harbor1	chr11	94624502	94624900	LTR/ERVL-MaLR	2163	+	199	94624701	84544
chr11	94540157	94740157	harbor1	chr11	94639428	94639623	LTR/ERVL-MaLR	380	+	98	94639526	99369
chr11	110177659	110377659	harbor1	chr11	110184183	110184453	LTR/ERVL-MaLR	374	+	135	110184318	6659
chr11	110177659	110377659	harbor1	chr11	110275210	110275329	LTR/ERVL-MaLR	496	+	60	110275270	97611
chr11	110177659	110377659	harbor1	chr11	110275358	110275512	LTR/ERVL-MaLR	840	+	77	110275435	97776
chr11	6090059	6290059	harbor1	chr11	6111548	6112129	LTR/ERVL-MaLR	1561	+	290	6111838	21779
chr11	6090059	6290059	harbor1	chr11	6133058	6133411	LTR/ERVL-MaLR	2343	+	176	6133234	43175
chr11	6090059	6290059	harbor1	chr11	6141265	6141442	LTR/ERVL-MaLR	375	+	88	6141353	51294
chr11	95754271	95954271	harbor1	chr11	95764680	95765034	LTR/ERVL-MaLR	1789	+	177	95764857	10586
chr11	95754271	95954271	harbor1	chr11	95768453	95768950	LTR/ERVL-MaLR	2073	+	248	95768701	14430
chr11	95640727	95840727	harbor1	chr11	95644329	95644844	LTR/ERVL-MaLR	1731	+	258	95644587	3860
chr11	95640727	95840727	harbor1	chr11	95645815	95646191	LTR/ERVL-MaLR	1892	+	188	95646003	5276
chr11	95640727	95840727	harbor1	chr11	95686610	95687010	LTR/ERVL-MaLR	699	+	200	95686810	46083
chr11	95640727	95840727	harbor1	chr11	95691301	95691630	LTR/ERVL-MaLR	993	+	164	95691465	50738
chr11	95640727	95840727	harbor1	chr11	95729451	95729833	LTR/ERVL-MaLR	1789	+	191	95729642	88915
chr11	68560914	68760914	harbor1	chr11	68655898	68656104	LTR/ERVL-MaLR	642	+	103	68656001	95087
chr11	68560914	68760914	harbor1	chr11	68656123	68656526	LTR/ERVL-MaLR	990	+	202	68656325	95411
chr11	68560914	68760914	harbor1	chr11	68659905	68659933	LTR/ERVL-MaLR	964	+	14	68659919	99005
chr11	68560914	68760914	harbor1	chr11	68660234	68660590	LTR/ERVL-MaLR	964	+	178	68660412	99498
chr11	50307943	50507943	harbor1	chr11	50338332	50338643	LTR/ERVL-MaLR	1354	+	156	50338488	30545
chr11	50307943	50507943	harbor1	chr11	50338970	50339289	LTR/ERVL-MaLR	735	+	160	50339130	31187
chr11	50307943	50507943	harbor1	chr11	50339672	50339724	LTR/ERVL-MaLR	735	+	26	50339698	31755
chr11	50307943	50507943	harbor1	chr11	50343471	50343905	LTR/ERVL-MaLR	921	+	217	50343688	35745
chr11	61272269	61472269	harbor1	chr11	61284488	61284675	LTR/ERVL-MaLR	1325	+	94	61284582	12313
chr11	61272269	61472269	harbor1	chr11	61284973	61285175	LTR/ERVL-MaLR	1325	+	101	61285074	12805
chr11	61272269	61472269	harbor1	chr11	61348483	61348802	LTR/ERVL-MaLR	995	+	160	61348643	76374
chr11	8939133	9139133	harbor1	chr11	8991705	8992141	LTR/ERVL-MaLR	1133	+	218	8991923	52790
chr11	79845632	80045632	harbor1	chr11	79863487	79863905	LTR/ERVL-MaLR	2744	+	209	79863696	18064
chr11	79845632	80045632	harbor1	chr11	79889374	79889727	LTR/ERVL-MaLR	1840	+	176	79889550	43918
chr11	79845632	80045632	harbor1	chr11	79892388	79892777	LTR/ERVL-MaLR	2060	+	194	79892582	46950
chr11	79845632	80045632	harbor1	chr11	79907915	79908355	LTR/ERVL-MaLR	578	+	220	79908135	62503
chr11	17129953	17329953	harbor1	chr11	17144925	17145239	LTR/ERVL-MaLR	2351	+	157	17145082	15129
chr11	17129953	17329953	harbor1	chr11	17145244	17145546	LTR/ERVL-MaLR	1654	+	151	17145395	15442
chr11	17129953	17329953	harbor1	chr11	17172117	17172573	LTR/ERVL-MaLR	925	+	228	17172345	42392
chr11	17129953	17329953	harbor1	chr11	17173312	17173655	LTR/ERVL-MaLR	1282	+	172	17173484	43531
chr11	17129953	17329953	harbor1	chr11	17192854	17193263	LTR/ERVL-MaLR	1204	+	204	17193058	63105
chr11	107483785	107683785	harbor1	chr11	107546537	107546719	LTR/ERVL-MaLR	487	+	91	107546628	62843
chr11	107483785	107683785	harbor1	chr11	107550803	107550965	LTR/ERVL-MaLR	765	+	81	107550884	67099
chr11	107483785	107683785	harbor1	chr11	107558924	107559284	LTR/ERVL-MaLR	2170	+	180	107559104	75319
chr11	107483785	107683785	harbor1	chr11	107570892	107571464	LTR/ERVL-MaLR	2043	+	286	107571178	87393
chr11	107483785	107683785	harbor1	chr11	107575541	107575633	LTR/ERVL-MaLR	1252	+	46	107575587	91802
chr11	107483785	107683785	harbor1	chr11	107575940	107576230	LTR/ERVL-MaLR	1252	+	145	107576085	92300
chr11	969838	1169838	harbor1	chr11	1047998	1048148	LTR/ERVL-MaLR	1182	+	75	1048073	78235
chr11	969838	1169838	harbor1	chr11	1048447	1048646	LTR/ERVL-MaLR	1182	+	100	1048547	78709
chr11	194336	394336	harbor1	chr11	200479	201026	LTR/ERVL-MaLR	532	+	274	200753	6417
chr11	194336	394336	harbor1	chr11	217803	218159	LTR/ERVL-MaLR	2515	+	178	217981	23645
chr11	194336	394336	harbor1	chr11	262235	262344	LTR/ERVL-MaLR	435	+	54	262289	67953
chr11	63679721	63879721	harbor1	chr11	63776327	63776682	LTR/ERVL-MaLR	2489	+	178	63776505	96784
chr11	24246450	24446450	harbor1	chr11	24289734	24289936	LTR/ERVL-MaLR	696	+	101	24289835	43385
chr11	24246450	24446450	harbor1	chr11	24289937	24290604	LTR/ERVL-MaLR	2222	+	334	24290271	43821
chr11	24246450	24446450	harbor1	chr11	24302092	24302424	LTR/ERVL-MaLR	2229	+	166	24302258	55808
chr11	24246450	24446450	harbor1	chr11	24302790	24302833	LTR/ERVL-MaLR	2229	+	22	24302812	56362
chr11	24246450	24446450	harbor1	chr11	24303143	24303209	LTR/ERVL-MaLR	2229	+	33	24303176	56726
chr11	24246450	24446450	harbor1	chr11	24309183	24309495	LTR/ERVL-MaLR	1727	+	156	24309339	62889
chr11	24246450	24446450	harbor1	chr11	24309496	24311113	LTR/ERVL-MaLR	10053	+	808	24310304	63854
chr11	24246450	24446450	harbor1	chr11	24311114	24311408	LTR/ERVL-MaLR	1615	+	147	24311261	64811
chr11	82001205	82201205	harbor1	chr11	82046103	82046494	LTR/ERVL-MaLR	2307	+	196	82046299	45094
chr11	82001205	82201205	harbor1	chr11	82046495	82048012	LTR/ERVL-MaLR	9141	+	758	82047253	46048
chr11	82001205	82201205	harbor1	chr11	82048013	82048398	LTR/ERVL-MaLR	2179	+	192	82048205	47000
chr11	82001205	82201205	harbor1	chr11	82056202	82056398	LTR/ERVL-MaLR	925	+	98	82056300	55095
chr11	82001205	82201205	harbor1	chr11	82062813	82063382	LTR/ERVL-MaLR	1353	+	284	82063097	61892
chr11	126443381	126643381	harbor1	chr11	126448478	126448807	LTR/ERVL-MaLR	998	+	164	126448642	5261
chr11	126443381	126643381	harbor1	chr11	126464033	126464226	LTR/ERVL-MaLR	554	+	96	126464129	20748
chr11	126443381	126643381	harbor1	chr11	126464619	126464885	LTR/ERVL-MaLR	938	+	133	126464752	21371
chr11	126443381	126643381	harbor1	chr11	126496031	126496195	LTR/ERVL-MaLR	593	+	82	126496113	52732
chr11	126443381	126643381	harbor1	chr11	126503590	126503781	LTR/ERVL-MaLR	516	+	96	126503686	60305
chr11	126443381	126643381	harbor1	chr11	126503889	126504002	LTR/ERVL-MaLR	500	+	56	126503945	60564
chr11	105964603	106164603	harbor1	chr11	105988192	105988492	LTR/ERVL-MaLR	930	+	150	105988342	23739
chr11	105964603	106164603	harbor1	chr11	105999526	105999915	LTR/ERVL-MaLR	1447	+	194	105999720	35117
chr11	105964603	106164603	harbor1	chr11	106005316	106005370	LTR/ERVL-MaLR	1429	+	27	106005343	40740
chr11	105964603	106164603	harbor1	chr11	106005669	106006147	LTR/ERVL-MaLR	1429	+	239	106005908	41305
chr11	105964603	106164603	harbor1	chr11	106026801	106026943	LTR/ERVL-MaLR	1003	+	71	106026872	62269
chr11	105964603	106164603	harbor1	chr11	106027160	106027376	LTR/ERVL-MaLR	1351	+	108	106027268	62665
chr11	105964603	106164603	harbor1	chr11	106032032	106032478	LTR/ERVL-MaLR	1664	+	223	106032255	67652
chr11	105964603	106164603	harbor1	chr11	106035740	106035886	LTR/ERVL-MaLR	519	+	73	106035813	71210
chr11	105964603	106164603	harbor1	chr11	106036164	106036335	LTR/ERVL-MaLR	443	+	86	106036250	71647
chr11	105964603	106164603	harbor1	chr11	106037847	106038267	LTR/ERVL-MaLR	2153	+	210	106038057	73454
chr11	105964603	106164603	harbor1	chr11	106041149	106041370	LTR/ERVL-MaLR	553	+	110	106041259	76656
chr11	105964603	106164603	harbor1	chr11	106041574	106041833	LTR/ERVL-MaLR	553	+	130	106041704	77101
chr11	41351237	41551237	harbor1	chr11	41366569	41366927	LTR/ERVL-MaLR	1754	+	179	41366748	15511
chr11	41351237	41551237	harbor1	chr11	41370347	41370700	LTR/ERVL-MaLR	2278	+	176	41370523	19286
chr11	41351237	41551237	harbor1	chr11	41392582	41392921	LTR/ERVL-MaLR	970	+	170	41392752	41515
chr11	41351237	41551237	harbor1	chr11	41419208	41419511	LTR/ERVL-MaLR	580	+	152	41419360	68123
chr11	41351237	41551237	harbor1	chr11	41422447	41422706	LTR/ERVL-MaLR	877	+	130	41422577	71340
chr11	41351237	41551237	harbor1	chr11	41423853	41423946	LTR/ERVL-MaLR	593	+	46	41423899	72662
chr11	41351237	41551237	harbor1	chr11	41423931	41424062	LTR/ERVL-MaLR	750	+	66	41423997	72760
chr11	41351237	41551237	harbor1	chr11	41428980	41429359	LTR/ERVL-MaLR	2705	+	190	41429170	77933
chr11	41351237	41551237	harbor1	chr11	41440609	41440970	LTR/ERVL-MaLR	1959	+	180	41440789	89552
chr11	31811977	32011977	harbor1	chr11	31854768	31854936	LTR/ERVL-MaLR	1627	+	84	31854852	42875
chr11	31811977	32011977	harbor1	chr11	31855236	31855541	LTR/ERVL-MaLR	1627	+	152	31855388	43411
chr11	31811977	32011977	harbor1	chr11	31855890	31856253	LTR/ERVL-MaLR	2226	+	182	31856072	44095
chr11	31811977	32011977	harbor1	chr11	31857839	31858187	LTR/ERVL-MaLR	1843	+	174	31858013	46036
chr11	31811977	32011977	harbor1	chr11	31862293	31862641	LTR/ERVL-MaLR	911	+	174	31862467	50490
chr11	31811977	32011977	harbor1	chr11	31862642	31863004	LTR/ERVL-MaLR	1974	+	181	31862823	50846
chr11	31811977	32011977	harbor1	chr11	31863005	31863063	LTR/ERVL-MaLR	911	+	29	31863034	51057
chr11	31811977	32011977	harbor1	chr11	31868975	31869203	LTR/ERVL-MaLR	401	+	114	31869089	57112
chr11	31811977	32011977	harbor1	chr11	31891852	31892202	LTR/ERVL-MaLR	696	+	175	31892027	80050
chr11	124200099	124400099	harbor1	chr11	124237928	124238303	LTR/ERVL-MaLR	2202	+	188	124238116	38017
chr11	28504909	28704909	harbor1	chr11	28523170	28523603	LTR/ERVL-MaLR	662	+	216	28523386	18477
chr11	28504909	28704909	harbor1	chr11	28523637	28523838	LTR/ERVL-MaLR	530	+	100	28523737	18828
chr11	28504909	28704909	harbor1	chr11	28524298	28524542	LTR/ERVL-MaLR	680	+	122	28524420	19511
chr11	28504909	28704909	harbor1	chr11	28526609	28526801	LTR/ERVL-MaLR	668	+	96	28526705	21796
chr11	28504909	28704909	harbor1	chr11	28536343	28536734	LTR/ERVL-MaLR	690	+	196	28536539	31630
chr11	28504909	28704909	harbor1	chr11	28545262	28545760	LTR/ERVL-MaLR	2029	+	249	28545511	40602
chr11	28504909	28704909	harbor1	chr11	28549672	28549999	LTR/ERVL-MaLR	668	+	164	28549836	44927
chr11	28504909	28704909	harbor1	chr11	28554912	28555328	LTR/ERVL-MaLR	2021	+	208	28555120	50211
chr11	28504909	28704909	harbor1	chr11	28561886	28562250	LTR/ERVL-MaLR	2036	+	182	28562068	57159
chr11	28504909	28704909	harbor1	chr11	28581867	28582226	LTR/ERVL-MaLR	2204	+	180	28582047	77138
chr11	28504909	28704909	harbor1	chr11	28594387	28594609	LTR/ERVL-MaLR	533	+	111	28594498	89589
chr11	28504909	28704909	harbor1	chr11	28594606	28594861	LTR/ERVL-MaLR	963	+	128	28594734	89825
chr11	28504909	28704909	harbor1	chr11	28599116	28599557	LTR/ERVL-MaLR	1354	+	220	28599336	94427
chr11	28504909	28704909	harbor1	chr11	28600976	28601356	LTR/ERVL-MaLR	2146	+	190	28601166	96257
chr11	28504909	28704909	harbor1	chr11	28604481	28604854	LTR/ERVL-MaLR	1924	+	186	28604667	99758
chr11	28504909	28704909	harbor1	chr11	28540569	28541001	LTR/ERVL-MaLR	914	+	216	28540785	35876
chr11	14357795	14557795	harbor1	chr11	14359978	14360165	LTR/ERVL-MaLR	731	+	94	14360072	2277
chr11	14357795	14557795	harbor1	chr11	14360218	14360391	LTR/ERVL-MaLR	524	+	86	14360304	2509
chr11	14357795	14557795	harbor1	chr11	14365400	14365526	LTR/ERVL-MaLR	1461	+	63	14365463	7668
chr11	14357795	14557795	harbor1	chr11	14366007	14366207	LTR/ERVL-MaLR	1461	+	100	14366107	8312
chr11	14357795	14557795	harbor1	chr11	14378281	14378614	LTR/ERVL-MaLR	685	+	166	14378447	20652
chr11	14357795	14557795	harbor1	chr11	14386066	14386429	LTR/ERVL-MaLR	2352	+	182	14386248	28453
chr11	14357795	14557795	harbor1	chr11	14408033	14408327	LTR/ERVL-MaLR	804	+	147	14408180	50385
chr11	14357795	14557795	harbor1	chr11	14408759	14408926	LTR/ERVL-MaLR	804	+	84	14408843	51048
chr11	14357795	14557795	harbor1	chr11	14412436	14412598	LTR/ERVL-MaLR	556	+	81	14412517	54722
chr11	14357795	14557795	harbor1	chr11	14417367	14417996	LTR/ERVL-MaLR	495	+	314	14417681	59886
chr11	41158449	41358449	harbor1	chr11	41162904	41163264	LTR/ERVL-MaLR	2007	+	180	41163084	4635
chr11	41158449	41358449	harbor1	chr11	41194383	41194870	LTR/ERVL-MaLR	1118	+	244	41194627	36178
chr11	41158449	41358449	harbor1	chr11	41207388	41207841	LTR/ERVL-MaLR	952	+	226	41207614	49165
chr11	41158449	41358449	harbor1	chr11	41207842	41208562	LTR/ERVL-MaLR	3320	+	360	41208202	49753
chr11	41158449	41358449	harbor1	chr11	41209271	41209496	LTR/ERVL-MaLR	1021	+	112	41209383	50934
chr11	41158449	41358449	harbor1	chr11	41209675	41209785	LTR/ERVL-MaLR	478	+	55	41209730	51281
chr11	41158449	41358449	harbor1	chr11	41209791	41210187	LTR/ERVL-MaLR	1412	+	198	41209989	51540
chr11	41158449	41358449	harbor1	chr11	41210210	41210570	LTR/ERVL-MaLR	2115	+	180	41210390	51941
chr11	41158449	41358449	harbor1	chr11	41229117	41229433	LTR/ERVL-MaLR	1020	+	158	41229275	70826
chr11	81399451	81599451	harbor1	chr11	81405329	81405521	LTR/ERVL-MaLR	694	+	96	81405425	5974
chr11	81399451	81599451	harbor1	chr11	81406916	81407422	LTR/ERVL-MaLR	1179	+	253	81407169	7718
chr11	81399451	81599451	harbor1	chr11	81411130	81411581	LTR/ERVL-MaLR	841	+	226	81411356	11905
chr11	81399451	81599451	harbor1	chr11	81431657	81432242	LTR/ERVL-MaLR	1845	+	292	81431949	32498
chr11	81399451	81599451	harbor1	chr11	81433729	81433761	LTR/ERVL-MaLR	1845	+	16	81433745	34294
chr11	81399451	81599451	harbor1	chr11	81449651	81449824	LTR/ERVL-MaLR	1165	+	86	81449737	50286
chr11	81399451	81599451	harbor1	chr11	81449857	81450029	LTR/ERVL-MaLR	1165	+	86	81449943	50492
chr11	81399451	81599451	harbor1	chr11	81458362	81458672	LTR/ERVL-MaLR	1990	+	155	81458517	59066
chr11	81399451	81599451	harbor1	chr11	81458979	81459050	LTR/ERVL-MaLR	1990	+	36	81459015	59564
chr11	81399451	81599451	harbor1	chr11	81466460	81466855	LTR/ERVL-MaLR	2280	+	198	81466658	67207
chr11	81399451	81599451	harbor1	chr11	81466992	81467256	LTR/ERVL-MaLR	815	+	132	81467124	67673
chr11	81399451	81599451	harbor1	chr11	81467257	81467641	LTR/ERVL-MaLR	2208	+	192	81467449	67998
chr11	81399451	81599451	harbor1	chr11	81467642	81467842	LTR/ERVL-MaLR	815	+	100	81467742	68291
chr11	81399451	81599451	harbor1	chr11	81482343	81482700	LTR/ERVL-MaLR	2451	+	178	81482521	83070
chr11	81399451	81599451	harbor1	chr11	81489012	81489280	LTR/ERVL-MaLR	465	+	134	81489146	89695
chr11	81399451	81599451	harbor1	chr11	81489350	81489833	LTR/ERVL-MaLR	1085	+	242	81489592	90141
chr11	81399451	81599451	harbor1	chr11	81490074	81490289	LTR/ERVL-MaLR	531	+	108	81490182	90731
chr11	92876848	93076848	harbor1	chr11	92900376	92900536	LTR/ERVL-MaLR	618	+	80	92900456	23608
chr11	92876848	93076848	harbor1	chr11	92903389	92903849	LTR/ERVL-MaLR	1918	+	230	92903619	26771
chr11	92876848	93076848	harbor1	chr11	92921133	92921506	LTR/ERVL-MaLR	2314	+	186	92921319	44471
chr11	92876848	93076848	harbor1	chr11	92924159	92924564	LTR/ERVL-MaLR	2231	+	202	92924361	47513
chr11	92876848	93076848	harbor1	chr11	92924565	92926170	LTR/ERVL-MaLR	10830	+	802	92925367	48519
chr11	92876848	93076848	harbor1	chr11	92926171	92926556	LTR/ERVL-MaLR	2241	+	192	92926363	49515
chr11	92876848	93076848	harbor1	chr11	92942870	92943333	LTR/ERVL-MaLR	1204	+	232	92943102	66254
chr11	92876848	93076848	harbor1	chr11	92943334	92943465	LTR/ERVL-MaLR	575	+	66	92943400	66552
chr11	92876848	93076848	harbor1	chr11	92974139	92974458	LTR/ERVL-MaLR	2021	+	160	92974299	97451
chr11	92876848	93076848	harbor1	chr11	92975038	92975079	LTR/ERVL-MaLR	2021	+	20	92975058	98210
chr11	2955364	3155364	harbor1	chr11	2999473	2999907	LTR/ERVL-MaLR	594	+	217	2999690	44326
chr11	133798185	133998185	harbor1	chr11	133815536	133816081	LTR/ERVL-MaLR	1049	+	272	133815808	17623
chr11	133798185	133998185	harbor1	chr11	133816991	133817447	LTR/ERVL-MaLR	1418	+	228	133817219	19034
chr11	133798185	133998185	harbor1	chr11	133820712	133820824	LTR/ERVL-MaLR	1186	+	56	133820768	22583
chr11	133798185	133998185	harbor1	chr11	133820825	133821287	LTR/ERVL-MaLR	2256	+	231	133821056	22871
chr11	133798185	133998185	harbor1	chr11	133821288	133821509	LTR/ERVL-MaLR	1186	+	110	133821398	23213
chr11	133798185	133998185	harbor1	chr11	133821537	133821765	LTR/ERVL-MaLR	587	+	114	133821651	23466
chr11	133798185	133998185	harbor1	chr11	133821971	133822350	LTR/ERVL-MaLR	438	+	190	133822161	23976
chr11	133798185	133998185	harbor1	chr11	133877397	133877543	LTR/ERVL-MaLR	450	+	73	133877470	79285
chr11	109044882	109244882	harbor1	chr11	109055959	109056352	LTR/ERVL-MaLR	2128	+	196	109056155	11273
chr11	109044882	109244882	harbor1	chr11	109110513	109110894	LTR/ERVL-MaLR	1653	+	190	109110703	65821
chr11	109044882	109244882	harbor1	chr11	109111601	109111665	LTR/ERVL-MaLR	1653	+	32	109111633	66751
chr11	109044882	109244882	harbor1	chr11	109132011	109132372	LTR/ERVL-MaLR	1484	+	180	109132191	87309
chr11	109044882	109244882	harbor1	chr11	109132906	109133004	LTR/ERVL-MaLR	388	+	49	109132955	88073
chr11	109044882	109244882	harbor1	chr11	109133335	109133733	LTR/ERVL-MaLR	1871	+	199	109133534	88652
chr11	37017026	37217026	harbor1	chr11	37023823	37024280	LTR/ERVL-MaLR	1954	+	228	37024051	7025
chr11	37017026	37217026	harbor1	chr11	37033608	37033949	LTR/ERVL-MaLR	2091	+	170	37033778	16752
chr11	37017026	37217026	harbor1	chr11	37037813	37038302	LTR/ERVL-MaLR	1026	+	244	37038057	21031
chr11	37017026	37217026	harbor1	chr11	37051953	37052376	LTR/ERVL-MaLR	2038	+	212	37052165	35139
chr11	37017026	37217026	harbor1	chr11	37056160	37056521	LTR/ERVL-MaLR	2119	+	180	37056340	39314
chr11	37017026	37217026	harbor1	chr11	37064360	37064773	LTR/ERVL-MaLR	2053	+	206	37064566	47540
chr11	37017026	37217026	harbor1	chr11	37094643	37094998	LTR/ERVL-MaLR	1970	+	178	37094821	77795
chr11	88961781	89161781	harbor1	chr11	88963257	88963625	LTR/ERVL-MaLR	737	+	184	88963441	1660
chr11	88961781	89161781	harbor1	chr11	88964231	88964370	LTR/ERVL-MaLR	457	+	70	88964301	2520
chr11	88961781	89161781	harbor1	chr11	88966593	88966830	LTR/ERVL-MaLR	639	+	118	88966711	4930
chr11	88961781	89161781	harbor1	chr11	88966831	88966989	LTR/ERVL-MaLR	429	+	79	88966910	5129
chr11	88961781	89161781	harbor1	chr11	88973270	88973749	LTR/ERVL-MaLR	1376	+	240	88973510	11729
chr11	88961781	89161781	harbor1	chr11	89027821	89028192	LTR/ERVL-MaLR	1048	+	186	89028007	66226
chr11	31384769	31584769	harbor1	chr11	31392591	31392709	LTR/ERVL-MaLR	1131	+	59	31392650	7881
chr11	31384769	31584769	harbor1	chr11	31392949	31393112	LTR/ERVL-MaLR	1131	+	82	31393031	8262
chr11	31384769	31584769	harbor1	chr11	31393392	31393786	LTR/ERVL-MaLR	1635	+	197	31393589	8820
chr11	67631216	67831216	harbor1	chr11	67687587	67687751	LTR/ERVL-MaLR	1570	+	82	67687669	56453
chr11	67631216	67831216	harbor1	chr11	67688064	67688081	LTR/ERVL-MaLR	1570	+	8	67688072	56856
chr11	67631216	67831216	harbor1	chr11	67688131	67688315	LTR/ERVL-MaLR	1570	+	92	67688223	57007
chr11	67631216	67831216	harbor1	chr11	67697815	67698123	LTR/ERVL-MaLR	1179	+	154	67697969	66753
chr11	27847842	28047842	harbor1	chr11	27851204	27851743	LTR/ERVL-MaLR	2161	+	270	27851474	3632
chr11	27847842	28047842	harbor1	chr11	27860655	27860983	LTR/ERVL-MaLR	2227	+	164	27860819	12977
chr11	27847842	28047842	harbor1	chr11	27872158	27872678	LTR/ERVL-MaLR	2844	+	260	27872418	24576
chr11	27847842	28047842	harbor1	chr11	27880086	27880300	LTR/ERVL-MaLR	1062	+	107	27880193	32351
chr11	27847842	28047842	harbor1	chr11	27880314	27880377	LTR/ERVL-MaLR	446	+	32	27880346	32504
chr11	27847842	28047842	harbor1	chr11	27881148	27881470	LTR/ERVL-MaLR	1396	+	161	27881309	33467
chr11	27847842	28047842	harbor1	chr11	27893836	27894303	LTR/ERVL-MaLR	2068	+	234	27894070	46228
chr11	27847842	28047842	harbor1	chr11	27906256	27906406	LTR/ERVL-MaLR	501	+	75	27906331	58489
chr11	27847842	28047842	harbor1	chr11	27906512	27906548	LTR/ERVL-MaLR	501	+	18	27906530	58688
chr11	27847842	28047842	harbor1	chr11	27906578	27906776	LTR/ERVL-MaLR	501	+	99	27906677	58835
chr11	27847842	28047842	harbor1	chr11	27920182	27920378	LTR/ERVL-MaLR	1190	+	98	27920280	72438
chr11	92699954	92899954	harbor1	chr11	92704404	92704806	LTR/ERVL-MaLR	1970	+	201	92704605	4651
chr11	92699954	92899954	harbor1	chr11	92717943	92718111	LTR/ERVL-MaLR	503	+	84	92718027	18073
chr11	92699954	92899954	harbor1	chr11	92742471	92742834	LTR/ERVL-MaLR	1784	+	182	92742653	42699
chr11	92699954	92899954	harbor1	chr11	92743655	92744065	LTR/ERVL-MaLR	2159	+	205	92743860	43906
chr11	92699954	92899954	harbor1	chr11	92753025	92753228	LTR/ERVL-MaLR	580	+	102	92753127	53173
chr11	92699954	92899954	harbor1	chr11	92779617	92780152	LTR/ERVL-MaLR	2349	+	268	92779885	79931
chr11	92699954	92899954	harbor1	chr11	92780467	92780501	LTR/ERVL-MaLR	2349	+	17	92780484	80530
chr11	40704413	40904413	harbor1	chr11	40721123	40721489	LTR/ERVL-MaLR	1317	+	183	40721306	16893
chr11	40704413	40904413	harbor1	chr11	40730866	40731039	LTR/ERVL-MaLR	2276	+	86	40730952	26539
chr11	40704413	40904413	harbor1	chr11	40731343	40731580	LTR/ERVL-MaLR	2276	+	118	40731461	27048
chr11	40704413	40904413	harbor1	chr11	40739539	40739887	LTR/ERVL-MaLR	1971	+	174	40739713	35300
chr11	40704413	40904413	harbor1	chr11	40755849	40756282	LTR/ERVL-MaLR	1583	+	216	40756065	51652
chr11	40704413	40904413	harbor1	chr11	40765118	40765498	LTR/ERVL-MaLR	1898	+	190	40765308	60895
chr11	40704413	40904413	harbor1	chr11	40786246	40786360	LTR/ERVL-MaLR	410	+	57	40786303	81890
chr11	40704413	40904413	harbor1	chr11	40713824	40714351	LTR/ERVL-MaLR	1524	+	264	40714088	9675
chr11	126890418	127090418	harbor1	chr11	126914021	126914297	LTR/ERVL-MaLR	512	+	138	126914159	23741
chr11	126890418	127090418	harbor1	chr11	126983378	126983841	LTR/ERVL-MaLR	2169	+	232	126983610	93192
chr11	82739646	82939646	harbor1	chr11	82743645	82743934	LTR/ERVL-MaLR	804	+	144	82743789	4143
chr11	82739646	82939646	harbor1	chr11	82808256	82808425	LTR/ERVL-MaLR	691	+	84	82808340	68694
chr11	82739646	82939646	harbor1	chr11	82834045	82834279	LTR/ERVL-MaLR	985	+	117	82834162	94516
chr11	98760137	98960137	harbor1	chr11	98772183	98772289	LTR/ERVL-MaLR	758	+	53	98772236	12099
chr11	98760137	98960137	harbor1	chr11	98832219	98832408	LTR/ERVL-MaLR	718	+	94	98832313	72176
chr11	98760137	98960137	harbor1	chr11	98832513	98832622	LTR/ERVL-MaLR	710	+	54	98832567	72430
chr11	82892704	83092704	harbor1	chr11	82958384	82958733	LTR/ERVL-MaLR	1282	+	174	82958558	65854
chr11	91655753	91855753	harbor1	chr11	91660909	91661172	LTR/ERVL-MaLR	453	+	132	91661041	5288
chr11	91655753	91855753	harbor1	chr11	91672598	91673001	LTR/ERVL-MaLR	1425	+	202	91672800	17047
chr11	91655753	91855753	harbor1	chr11	91675412	91675777	LTR/ERVL-MaLR	2343	+	182	91675594	19841
chr11	91655753	91855753	harbor1	chr11	91675778	91677353	LTR/ERVL-MaLR	11259	+	788	91676566	20813
chr11	91655753	91855753	harbor1	chr11	91677354	91677708	LTR/ERVL-MaLR	2777	+	177	91677531	21778
chr11	91655753	91855753	harbor1	chr11	91719591	91719773	LTR/ERVL-MaLR	523	+	91	91719682	63929
chr11	91655753	91855753	harbor1	chr11	91746080	91746258	LTR/ERVL-MaLR	670	+	89	91746169	90416
chr11	68926071	69126071	harbor1	chr11	68941410	68941621	LTR/ERVL-MaLR	670	+	106	68941516	15445
chr11	68926071	69126071	harbor1	chr11	68947121	68947390	LTR/ERVL-MaLR	692	+	134	68947255	21184
chr11	68926071	69126071	harbor1	chr11	68953845	68953978	LTR/ERVL-MaLR	1825	+	66	68953911	27840
chr11	68926071	69126071	harbor1	chr11	68954265	68954470	LTR/ERVL-MaLR	1825	+	102	68954367	28296
chr11	68926071	69126071	harbor1	chr11	68954783	68954945	LTR/ERVL-MaLR	1825	+	81	68954864	28793
chr11	68926071	69126071	harbor1	chr11	68961944	68962263	LTR/ERVL-MaLR	956	+	160	68962104	36033
chr11	68926071	69126071	harbor1	chr11	68962564	68962626	LTR/ERVL-MaLR	956	+	31	68962595	36524
chr11	68926071	69126071	harbor1	chr11	68962828	68963182	LTR/ERVL-MaLR	2162	+	177	68963005	36934
chr11	68926071	69126071	harbor1	chr11	68963502	68963544	LTR/ERVL-MaLR	2162	+	21	68963523	37452
chr11	68926071	69126071	harbor1	chr11	68963642	68964031	LTR/ERVL-MaLR	577	+	194	68963836	37765
chr11	68926071	69126071	harbor1	chr11	68964753	68965097	LTR/ERVL-MaLR	2056	+	172	68964925	38854
chr11	68926071	69126071	harbor1	chr11	68966711	68967218	LTR/ERVL-MaLR	1209	+	254	68966965	40894
chr11	68926071	69126071	harbor1	chr11	68970876	68971083	LTR/ERVL-MaLR	381	+	104	68970980	44909
chr11	68926071	69126071	harbor1	chr11	68974806	68974982	LTR/ERVL-MaLR	901	+	88	68974894	48823
chr11	68926071	69126071	harbor1	chr11	68976089	68976223	LTR/ERVL-MaLR	901	+	67	68976156	50085
chr11	68926071	69126071	harbor1	chr11	68993829	68994216	LTR/ERVL-MaLR	730	+	194	68994023	67952
chr11	68926071	69126071	harbor1	chr11	68998147	68998216	LTR/ERVL-MaLR	386	+	34	68998181	72110
chr11	68926071	69126071	harbor1	chr11	68998250	68998293	LTR/ERVL-MaLR	386	+	22	68998272	72201
chr11	68926071	69126071	harbor1	chr11	68999082	68999479	LTR/ERVL-MaLR	2095	+	198	68999280	73209
chr11	68926071	69126071	harbor1	chr11	69000166	69000468	LTR/ERVL-MaLR	569	+	151	69000317	74246
chr11	68926071	69126071	harbor1	chr11	69017217	69017656	LTR/ERVL-MaLR	2144	+	220	69017437	91366
chr11	74655904	74855904	harbor1	chr11	74660518	74660898	LTR/ERVL-MaLR	2275	+	190	74660708	4804
chr11	74655904	74855904	harbor1	chr11	74672191	74672564	LTR/ERVL-MaLR	2539	+	186	74672377	16473
chr11	74655904	74855904	harbor1	chr11	74685830	74686456	LTR/ERVL-MaLR	2486	+	313	74686143	30239
chr11	56543486	56743486	harbor1	chr11	56559938	56560326	LTR/ERVL-MaLR	1971	+	194	56560132	16646
chr11	56543486	56743486	harbor1	chr11	56560328	56561945	LTR/ERVL-MaLR	10017	+	808	56561136	17650
chr11	56543486	56743486	harbor1	chr11	56561946	56562339	LTR/ERVL-MaLR	2098	+	196	56562142	18656
chr11	12455680	12655680	harbor1	chr11	12462177	12462655	LTR/ERVL-MaLR	1946	+	239	12462416	6736
chr11	12455680	12655680	harbor1	chr11	12464709	12464832	LTR/ERVL-MaLR	2624	+	62	12464771	9091
chr11	12455680	12655680	harbor1	chr11	12465180	12465451	LTR/ERVL-MaLR	2624	+	136	12465316	9636
chr11	12455680	12655680	harbor1	chr11	12521566	12522084	LTR/ERVL-MaLR	1630	+	259	12521825	66145
chr11	91650522	91850522	harbor1	chr11	91660909	91661172	LTR/ERVL-MaLR	453	+	132	91661041	10519
chr11	91650522	91850522	harbor1	chr11	91672598	91673001	LTR/ERVL-MaLR	1425	+	202	91672800	22278
chr11	91650522	91850522	harbor1	chr11	91675412	91675777	LTR/ERVL-MaLR	2343	+	182	91675594	25072
chr11	91650522	91850522	harbor1	chr11	91675778	91677353	LTR/ERVL-MaLR	11259	+	788	91676566	26044
chr11	91650522	91850522	harbor1	chr11	91677354	91677708	LTR/ERVL-MaLR	2777	+	177	91677531	27009
chr11	91650522	91850522	harbor1	chr11	91719591	91719773	LTR/ERVL-MaLR	523	+	91	91719682	69160
chr11	91650522	91850522	harbor1	chr11	91746080	91746258	LTR/ERVL-MaLR	670	+	89	91746169	95647
chr11	29016135	29216135	harbor1	chr11	29021722	29022052	LTR/ERVL-MaLR	611	+	165	29021887	5752
chr11	29016135	29216135	harbor1	chr11	29055647	29056021	LTR/ERVL-MaLR	1759	+	187	29055834	39699
chr11	29016135	29216135	harbor1	chr11	29056024	29057598	LTR/ERVL-MaLR	11380	+	787	29056811	40676
chr11	29016135	29216135	harbor1	chr11	29057599	29057981	LTR/ERVL-MaLR	1733	+	191	29057790	41655
chr11	29016135	29216135	harbor1	chr11	29058051	29058402	LTR/ERVL-MaLR	2249	+	176	29058227	42092
chr11	29016135	29216135	harbor1	chr11	29077528	29077880	LTR/ERVL-MaLR	2589	+	176	29077704	61569
chr11	29016135	29216135	harbor1	chr11	29077883	29079452	LTR/ERVL-MaLR	11386	+	784	29078667	62532
chr11	29016135	29216135	harbor1	chr11	29079453	29079808	LTR/ERVL-MaLR	2366	+	178	29079631	63496
chr11	29016135	29216135	harbor1	chr11	29106113	29106192	LTR/ERVL-MaLR	406	+	40	29106153	90018
chr11	29016135	29216135	harbor1	chr11	29106262	29106403	LTR/ERVL-MaLR	389	+	70	29106332	90197
chr11	29016135	29216135	harbor1	chr11	29106866	29107269	LTR/ERVL-MaLR	2073	+	202	29107068	90933
chr11	71108475	71308475	harbor1	chr11	71110809	71111163	LTR/ERVL-MaLR	1866	+	177	71110986	2511
chr11	71108475	71308475	harbor1	chr11	71116653	71117016	LTR/ERVL-MaLR	1979	+	182	71116835	8360
chr11	71108475	71308475	harbor1	chr11	71117320	71117353	LTR/ERVL-MaLR	1979	+	16	71117336	8861
chr11	71108475	71308475	harbor1	chr11	71121279	71121461	LTR/ERVL-MaLR	862	+	91	71121370	12895
chr11	71108475	71308475	harbor1	chr11	71141534	71141687	LTR/ERVL-MaLR	869	+	76	71141610	33135
chr11	71108475	71308475	harbor1	chr11	71144243	71144334	LTR/ERVL-MaLR	387	+	46	71144289	35814
chr11	71108475	71308475	harbor1	chr11	71144372	71144639	LTR/ERVL-MaLR	774	+	134	71144506	36031
chr11	71108475	71308475	harbor1	chr11	71155828	71156226	LTR/ERVL-MaLR	1478	+	199	71156027	47552
chr11	71108475	71308475	harbor1	chr11	71160290	71160690	LTR/ERVL-MaLR	1278	+	200	71160490	52015
chr11	71108475	71308475	harbor1	chr11	71173645	71174051	LTR/ERVL-MaLR	1346	+	203	71173848	65373
chr11	71108475	71308475	harbor1	chr11	71122648	71122949	LTR/ERVL-MaLR	1197	+	150	71122798	14323
chr11	101124449	101324449	harbor1	chr11	101134134	101134444	LTR/ERVL-MaLR	1446	+	155	101134289	9840
chr11	101124449	101324449	harbor1	chr11	101154226	101154403	LTR/ERVL-MaLR	1509	+	88	101154314	29865
chr11	101124449	101324449	harbor1	chr11	101154447	101154663	LTR/ERVL-MaLR	1509	+	108	101154555	30106
chr11	101124449	101324449	harbor1	chr11	101156931	101157290	LTR/ERVL-MaLR	2199	+	180	101157111	32662
chr11	101124449	101324449	harbor1	chr11	101157293	101158966	LTR/ERVL-MaLR	10361	+	836	101158129	33680
chr11	101124449	101324449	harbor1	chr11	101158967	101159338	LTR/ERVL-MaLR	2625	+	186	101159153	34704
chr11	101124449	101324449	harbor1	chr11	101168978	101169357	LTR/ERVL-MaLR	1998	+	190	101169168	44719
chr11	101124449	101324449	harbor1	chr11	101169360	101169464	LTR/ERVL-MaLR	481	+	52	101169412	44963
chr11	101124449	101324449	harbor1	chr11	101189773	101190130	LTR/ERVL-MaLR	2112	+	178	101189951	65502
chr11	101124449	101324449	harbor1	chr11	101202703	101203207	LTR/ERVL-MaLR	752	+	252	101202955	78506
chr11	42031622	42231622	harbor1	chr11	42046055	42046558	LTR/ERVL-MaLR	2307	+	252	42046307	14685
chr11	42031622	42231622	harbor1	chr11	42054453	42054819	LTR/ERVL-MaLR	410	+	183	42054636	23014
chr11	42031622	42231622	harbor1	chr11	42058622	42059013	LTR/ERVL-MaLR	1221	+	196	42058818	27196
chr11	42031622	42231622	harbor1	chr11	42061542	42061944	LTR/ERVL-MaLR	1952	+	201	42061743	30121
chr11	42031622	42231622	harbor1	chr11	42094058	42094425	LTR/ERVL-MaLR	2022	+	184	42094242	62620
chr11	42031622	42231622	harbor1	chr11	42094426	42095995	LTR/ERVL-MaLR	11189	+	784	42095210	63588
chr11	42031622	42231622	harbor1	chr11	42095996	42096364	LTR/ERVL-MaLR	1988	+	184	42096180	64558
chr11	42031622	42231622	harbor1	chr11	42104847	42105223	LTR/ERVL-MaLR	1763	+	188	42105035	73413
chr11	42031622	42231622	harbor1	chr11	42120304	42120668	LTR/ERVL-MaLR	2327	+	182	42120486	88864
chr11	42031622	42231622	harbor1	chr11	42131170	42131515	LTR/ERVL-MaLR	846	+	172	42131342	99720
chr11	113974068	114174068	harbor1	chr11	114002886	114003047	LTR/ERVL-MaLR	1172	+	80	114002966	28898
chr11	113974068	114174068	harbor1	chr11	114003541	114003840	LTR/ERVL-MaLR	1172	+	150	114003691	29623
chr11	113974068	114174068	harbor1	chr11	114003841	114004279	LTR/ERVL-MaLR	1527	+	219	114004060	29992
chr11	113974068	114174068	harbor1	chr11	114004280	114004372	LTR/ERVL-MaLR	1172	+	46	114004326	30258
chr11	7361377	7561377	harbor1	chr11	7430560	7430939	LTR/ERVL-MaLR	2089	+	190	7430750	69373
chr11	7361377	7561377	harbor1	chr11	7430945	7432267	LTR/ERVL-MaLR	9155	+	661	7431606	70229
chr11	7361377	7561377	harbor1	chr11	7432639	7432952	LTR/ERVL-MaLR	9155	+	156	7432795	71418
chr11	7361377	7561377	harbor1	chr11	7432955	7433342	LTR/ERVL-MaLR	2118	+	194	7433149	71772
chr11	7361377	7561377	harbor1	chr11	7433532	7433886	LTR/ERVL-MaLR	1972	+	177	7433709	72332
chr11	7361377	7561377	harbor1	chr11	7439714	7439938	LTR/ERVL-MaLR	547	+	112	7439826	78449
chr11	7361377	7561377	harbor1	chr11	7451437	7451885	LTR/ERVL-MaLR	1145	+	224	7451661	90284
chr11	7361377	7561377	harbor1	chr11	7459594	7460024	LTR/ERVL-MaLR	1891	+	215	7459809	98432
chr11	54662421	54862421	harbor1	chr11	54677278	54677421	LTR/ERVL-MaLR	867	+	72	54677350	14929
chr11	54662421	54862421	harbor1	chr11	54677422	54677797	LTR/ERVL-MaLR	2278	+	188	54677610	15189
chr11	54662421	54862421	harbor1	chr11	54701233	54701445	LTR/ERVL-MaLR	1074	+	106	54701339	38918
chr11	54662421	54862421	harbor1	chr11	54730515	54730867	LTR/ERVL-MaLR	1951	+	176	54730691	68270
chr11	54662421	54862421	harbor1	chr11	54739660	54740010	LTR/ERVL-MaLR	1752	+	175	54739835	77414
chr11	81910066	82110066	harbor1	chr11	81915019	81915399	LTR/ERVL-MaLR	573	+	190	81915209	5143
chr11	81910066	82110066	harbor1	chr11	81937788	81938131	LTR/ERVL-MaLR	1488	+	172	81937960	27894
chr11	81910066	82110066	harbor1	chr11	81966174	81966772	LTR/ERVL-MaLR	1459	+	299	81966473	56407
chr11	87721797	87921797	harbor1	chr11	87729786	87729993	LTR/ERVL-MaLR	713	+	104	87729890	8093
chr11	87721797	87921797	harbor1	chr11	87769171	87769528	LTR/ERVL-MaLR	1964	+	178	87769349	47552
chr11	87721797	87921797	harbor1	chr11	87777290	87777703	LTR/ERVL-MaLR	2441	+	206	87777496	55699
chr11	37292385	37492385	harbor1	chr11	37295600	37295954	LTR/ERVL-MaLR	2375	+	177	37295777	3392
chr11	37292385	37492385	harbor1	chr11	37296079	37296236	LTR/ERVL-MaLR	719	+	78	37296157	3772
chr11	37292385	37492385	harbor1	chr11	37305459	37305932	LTR/ERVL-MaLR	1435	+	236	37305695	13310
chr11	37292385	37492385	harbor1	chr11	37335398	37335768	LTR/ERVL-MaLR	2616	+	185	37335583	43198
chr11	37292385	37492385	harbor1	chr11	37344810	37345154	LTR/ERVL-MaLR	2309	+	172	37344982	52597
chr11	37189641	37389641	harbor1	chr11	37189771	37190216	LTR/ERVL-MaLR	2137	+	222	37189993	352
chr11	37189641	37389641	harbor1	chr11	37190840	37190862	LTR/ERVL-MaLR	2137	+	11	37190851	1210
chr11	37189641	37389641	harbor1	chr11	37232141	37232554	LTR/ERVL-MaLR	2407	+	206	37232347	42706
chr11	37189641	37389641	harbor1	chr11	37272450	37272646	LTR/ERVL-MaLR	673	+	98	37272548	82907
chr11	37189641	37389641	harbor1	chr11	37275721	37276096	LTR/ERVL-MaLR	2057	+	188	37275909	86268
chr11	76156563	76356563	harbor1	chr11	76195198	76195657	LTR/ERVL-MaLR	1900	+	230	76195428	38865
chr11	76156563	76356563	harbor1	chr11	76219958	76220187	LTR/ERVL-MaLR	428	+	114	76220072	63509
chr11	76156563	76356563	harbor1	chr11	76244833	76245187	LTR/ERVL-MaLR	1977	+	177	76245010	88447
chr11	28106160	28306160	harbor1	chr11	28133436	28133930	LTR/ERVL-MaLR	1774	+	247	28133683	27523
chr11	28106160	28306160	harbor1	chr11	28136183	28136532	LTR/ERVL-MaLR	2290	+	174	28136357	30197
chr11	28106160	28306160	harbor1	chr11	28173181	28173542	LTR/ERVL-MaLR	1930	+	180	28173361	67201
chr11	70522453	70722453	harbor1	chr11	70537276	70537682	LTR/ERVL-MaLR	773	+	203	70537479	15026
chr11	70522453	70722453	harbor1	chr11	70542124	70542520	LTR/ERVL-MaLR	967	+	198	70542322	19869
chr11	70522453	70722453	harbor1	chr11	70548670	70549115	LTR/ERVL-MaLR	1261	+	222	70548892	26439
chr11	70522453	70722453	harbor1	chr11	70567170	70567346	LTR/ERVL-MaLR	1768	+	88	70567258	44805
chr11	70522453	70722453	harbor1	chr11	70567651	70567855	LTR/ERVL-MaLR	1768	+	102	70567753	45300
chr11	70522453	70722453	harbor1	chr11	70569611	70569809	LTR/ERVL-MaLR	614	+	99	70569710	47257
chr11	70522453	70722453	harbor1	chr11	70571875	70572173	LTR/ERVL-MaLR	1160	+	149	70572024	49571
chr11	70522453	70722453	harbor1	chr11	70572460	70572526	LTR/ERVL-MaLR	1160	+	33	70572493	50040
chr11	70522453	70722453	harbor1	chr11	70577765	70578111	LTR/ERVL-MaLR	1528	+	173	70577938	55485
chr11	70522453	70722453	harbor1	chr11	70579670	70580104	LTR/ERVL-MaLR	1726	+	217	70579887	57434
chr11	70522453	70722453	harbor1	chr11	70595817	70596190	LTR/ERVL-MaLR	1118	+	186	70596003	73550
chr11	70522453	70722453	harbor1	chr11	70601939	70602334	LTR/ERVL-MaLR	2107	+	198	70602137	79684
chr11	70522453	70722453	harbor1	chr11	70613574	70613760	LTR/ERVL-MaLR	1760	+	93	70613667	91214
chr11	70522453	70722453	harbor1	chr11	70614065	70614312	LTR/ERVL-MaLR	1760	+	124	70614189	91736
chr11	70522453	70722453	harbor1	chr11	70614613	70614651	LTR/ERVL-MaLR	1760	+	19	70614632	92179
chr11	70522453	70722453	harbor1	chr11	70620614	70620971	LTR/ERVL-MaLR	1187	+	178	70620792	98339
chr11	88572653	88772653	harbor1	chr11	88626627	88627035	LTR/ERVL-MaLR	911	+	204	88626831	54178
chr11	88572653	88772653	harbor1	chr11	88662439	88663071	LTR/ERVL-MaLR	2255	+	316	88662755	90102
chr11	122314695	122514695	harbor1	chr11	122328869	122329272	LTR/ERVL-MaLR	1325	+	202	122329071	14376
chr11	109497366	109697366	harbor1	chr11	109511085	109511424	LTR/ERVL-MaLR	1927	+	170	109511255	13889
chr11	109497366	109697366	harbor1	chr11	109511425	109511909	LTR/ERVL-MaLR	1694	+	242	109511667	14301
chr11	109497366	109697366	harbor1	chr11	109526232	109526594	LTR/ERVL-MaLR	1851	+	181	109526413	29047
chr11	122922968	123122968	harbor1	chr11	123001644	123002054	LTR/ERVL-MaLR	2564	+	205	123001849	78881
chr11	134706957	134906957	harbor1	chr11	134761063	134761270	LTR/ERVL-MaLR	780	+	104	134761167	54210
chr11	134706957	134906957	harbor1	chr11	134776458	134776861	LTR/ERVL-MaLR	1450	+	202	134776660	69703
chr11	13101526	13301526	harbor1	chr11	13112046	13112461	LTR/ERVL-MaLR	1748	+	208	13112254	10728
chr11	13101526	13301526	harbor1	chr11	13115973	13116148	LTR/ERVL-MaLR	965	+	88	13116061	14535
chr11	13101526	13301526	harbor1	chr11	13123808	13124170	LTR/ERVL-MaLR	1895	+	181	13123989	22463
chr11	13101526	13301526	harbor1	chr11	13157225	13157705	LTR/ERVL-MaLR	1876	+	240	13157465	55939
chr11	13101526	13301526	harbor1	chr11	13158571	13158635	LTR/ERVL-MaLR	421	+	32	13158603	57077
chr11	13101526	13301526	harbor1	chr11	13186641	13186978	LTR/ERVL-MaLR	1453	+	168	13186809	85283
chr11	13101526	13301526	harbor1	chr11	13186979	13187443	LTR/ERVL-MaLR	2681	+	232	13187211	85685
chr11	13101526	13301526	harbor1	chr11	13200196	13200352	LTR/ERVL-MaLR	932	+	78	13200274	98748
chr11	69904622	70104622	harbor1	chr11	69908416	69908842	LTR/ERVL-MaLR	859	+	213	69908629	4007
chr11	69904622	70104622	harbor1	chr11	69922726	69923109	LTR/ERVL-MaLR	657	+	192	69922918	18296
chr11	69904622	70104622	harbor1	chr11	69929436	69929703	LTR/ERVL-MaLR	748	+	134	69929570	24948
chr11	69904622	70104622	harbor1	chr11	69946305	69946484	LTR/ERVL-MaLR	1081	+	90	69946395	41773
chr11	69904622	70104622	harbor1	chr11	69946673	69946846	LTR/ERVL-MaLR	899	+	86	69946759	42137
chr11	69904622	70104622	harbor1	chr11	69960050	69960474	LTR/ERVL-MaLR	1239	+	212	69960262	55640
chr11	69904622	70104622	harbor1	chr11	69974903	69974976	LTR/ERVL-MaLR	411	+	36	69974939	70317
chr11	69904622	70104622	harbor1	chr11	69976106	69976240	LTR/ERVL-MaLR	1281	+	67	69976173	71551
chr11	69904622	70104622	harbor1	chr11	69976537	69976764	LTR/ERVL-MaLR	1281	+	114	69976651	72029
chr11	69904622	70104622	harbor1	chr11	69997585	69998006	LTR/ERVL-MaLR	2382	+	210	69997795	93173
chr11	26902327	27102327	harbor1	chr11	26913333	26913749	LTR/ERVL-MaLR	2393	+	208	26913541	11214
chr11	26902327	27102327	harbor1	chr11	26913905	26914301	LTR/ERVL-MaLR	1961	+	198	26914103	11776
chr11	26902327	27102327	harbor1	chr11	26916832	26917260	LTR/ERVL-MaLR	506	+	214	26917046	14719
chr11	26902327	27102327	harbor1	chr11	26919859	26920230	LTR/ERVL-MaLR	1823	+	186	26920045	17718
chr11	26902327	27102327	harbor1	chr11	26933173	26933545	LTR/ERVL-MaLR	2304	+	186	26933359	31032
chr11	26902327	27102327	harbor1	chr11	26943891	26944244	LTR/ERVL-MaLR	1205	+	176	26944067	41740
chr11	26902327	27102327	harbor1	chr11	26956338	26956479	LTR/ERVL-MaLR	755	+	70	26956408	54081
chr11	26902327	27102327	harbor1	chr11	26958964	26959317	LTR/ERVL-MaLR	2201	+	176	26959140	56813
chr11	26902327	27102327	harbor1	chr11	26984606	26985000	LTR/ERVL-MaLR	1295	+	197	26984803	82476
chr11	26902327	27102327	harbor1	chr11	26986856	26987210	LTR/ERVL-MaLR	2117	+	177	26987033	84706
chr11	131572888	131772888	harbor1	chr11	131586278	131586726	LTR/ERVL-MaLR	1620	+	224	131586502	13614
chr11	131572888	131772888	harbor1	chr11	131611905	131612385	LTR/ERVL-MaLR	1439	+	240	131612145	39257
chr11	131572888	131772888	harbor1	chr11	131654527	131654935	LTR/ERVL-MaLR	2372	+	204	131654731	81843
chr11	131572888	131772888	harbor1	chr11	131665365	131665712	LTR/ERVL-MaLR	1763	+	174	131665539	92651
chr11	66456185	66656185	harbor1	chr11	66457880	66457980	LTR/ERVL-MaLR	473	+	50	66457930	1745
chr11	66456185	66656185	harbor1	chr11	66458997	66459258	LTR/ERVL-MaLR	1165	+	130	66459127	2942
chr11	66456185	66656185	harbor1	chr11	66459687	66459801	LTR/ERVL-MaLR	477	+	57	66459744	3559
chr11	66456185	66656185	harbor1	chr11	66461710	66461837	LTR/ERVL-MaLR	510	+	64	66461774	5589
chr11	66456185	66656185	harbor1	chr11	66462171	66462365	LTR/ERVL-MaLR	1606	+	97	66462268	6083
chr11	66456185	66656185	harbor1	chr11	66462676	66463213	LTR/ERVL-MaLR	1754	+	268	66462944	6759
chr11	133574343	133774343	harbor1	chr11	133608164	133608671	LTR/ERVL-MaLR	1904	+	254	133608418	34075
chr11	133574343	133774343	harbor1	chr11	133656868	133657270	LTR/ERVL-MaLR	1435	+	201	133657069	82726
chr11	124207915	124407915	harbor1	chr11	124237928	124238303	LTR/ERVL-MaLR	2202	+	188	124238116	30201
chr11	44804875	45004875	harbor1	chr11	44820640	44821056	LTR/ERVL-MaLR	2281	+	208	44820848	15973
chr11	44804875	45004875	harbor1	chr11	44838045	44838123	LTR/ERVL-MaLR	1744	+	39	44838084	33209
chr11	44804875	45004875	harbor1	chr11	44838481	44838886	LTR/ERVL-MaLR	1744	+	202	44838683	33808
chr11	44804875	45004875	harbor1	chr11	44888848	44889174	LTR/ERVL-MaLR	1879	+	163	44889011	84136
chr11	38037663	38237663	harbor1	chr11	38037918	38038345	LTR/ERVL-MaLR	1315	+	214	38038132	469
chr11	38037663	38237663	harbor1	chr11	38109664	38110026	LTR/ERVL-MaLR	1834	+	181	38109845	72182
chr11	38037663	38237663	harbor1	chr11	38110027	38111063	LTR/ERVL-MaLR	6624	+	518	38110545	72882
chr11	38037663	38237663	harbor1	chr11	38117549	38118101	LTR/ERVL-MaLR	3535	+	276	38117825	80162
chr11	38037663	38237663	harbor1	chr11	38118102	38118468	LTR/ERVL-MaLR	1858	+	183	38118285	80622
chr11	3465407	3665407	harbor1	chr11	3469762	3469937	LTR/ERVL-MaLR	460	+	88	3469850	4443
chr11	3465407	3665407	harbor1	chr11	3485205	3485395	LTR/ERVL-MaLR	589	+	95	3485300	19893
chr11	3465407	3665407	harbor1	chr11	3485696	3485760	LTR/ERVL-MaLR	589	+	32	3485728	20321
chr11	3465407	3665407	harbor1	chr11	3489924	3490016	LTR/ERVL-MaLR	1340	+	46	3489970	24563
chr11	3465407	3665407	harbor1	chr11	3490332	3490751	LTR/ERVL-MaLR	1340	+	210	3490542	25135
chr11	3465407	3665407	harbor1	chr11	3491347	3491613	LTR/ERVL-MaLR	1078	+	133	3491480	26073
chr11	3465407	3665407	harbor1	chr11	3491915	3492186	LTR/ERVL-MaLR	1254	+	136	3492051	26644
chr11	3465407	3665407	harbor1	chr11	3503474	3503638	LTR/ERVL-MaLR	606	+	82	3503556	38149
chr11	3465407	3665407	harbor1	chr11	3506922	3507049	LTR/ERVL-MaLR	610	+	64	3506986	41579
chr11	3465407	3665407	harbor1	chr11	3507813	3508172	LTR/ERVL-MaLR	610	+	180	3507993	42586
chr11	3465407	3665407	harbor1	chr11	3517104	3517499	LTR/ERVL-MaLR	2570	+	198	3517302	51895
chr11	3465407	3665407	harbor1	chr11	3525410	3525858	LTR/ERVL-MaLR	1572	+	224	3525634	60227
chr11	3465407	3665407	harbor1	chr11	3532936	3533232	LTR/ERVL-MaLR	670	+	148	3533084	67677
chr11	3465407	3665407	harbor1	chr11	3533231	3533332	LTR/ERVL-MaLR	484	+	50	3533281	67874
chr11	39344920	39544920	harbor1	chr11	39347289	39347686	LTR/ERVL-MaLR	1511	+	198	39347487	2567
chr11	39344920	39544920	harbor1	chr11	39347987	39348110	LTR/ERVL-MaLR	1511	+	62	39348049	3129
chr11	39344920	39544920	harbor1	chr11	39348414	39348459	LTR/ERVL-MaLR	1511	+	22	39348436	3516
chr11	39344920	39544920	harbor1	chr11	39420475	39420768	LTR/ERVL-MaLR	797	+	146	39420621	75701
chr11	39344920	39544920	harbor1	chr11	39434201	39434787	LTR/ERVL-MaLR	2274	+	293	39434494	89574
chr11	39344920	39544920	harbor1	chr11	39354218	39354518	LTR/ERVL-MaLR	661	+	150	39354368	9448
chr11	104034148	104234148	harbor1	chr11	104056298	104056668	LTR/ERVL-MaLR	1182	+	185	104056483	22335
chr11	104034148	104234148	harbor1	chr11	104075921	104076306	LTR/ERVL-MaLR	2028	+	192	104076113	41965
chr11	104034148	104234148	harbor1	chr11	104080732	104081126	LTR/ERVL-MaLR	1786	+	197	104080929	46781
chr11	104034148	104234148	harbor1	chr11	104106695	104106746	LTR/ERVL-MaLR	2147	+	26	104106721	72573
chr11	104034148	104234148	harbor1	chr11	104107045	104107587	LTR/ERVL-MaLR	2147	+	271	104107316	73168
chr11	104034148	104234148	harbor1	chr11	104116681	104117022	LTR/ERVL-MaLR	2586	+	170	104116851	82703
chr11	104034148	104234148	harbor1	chr11	104118138	104118481	LTR/ERVL-MaLR	1513	+	172	104118310	84162
chr11	74666789	74866789	harbor1	chr11	74672191	74672564	LTR/ERVL-MaLR	2539	+	186	74672377	5588
chr11	74666789	74866789	harbor1	chr11	74685830	74686456	LTR/ERVL-MaLR	2486	+	313	74686143	19354
chr11	80660109	80860109	harbor1	chr11	80678886	80679357	LTR/ERVL-MaLR	2180	+	236	80679122	19013
chr11	80660109	80860109	harbor1	chr11	80687954	80688061	LTR/ERVL-MaLR	500	+	54	80688008	27899
chr11	80660109	80860109	harbor1	chr11	80688072	80688276	LTR/ERVL-MaLR	765	+	102	80688174	28065
chr11	80660109	80860109	harbor1	chr11	80702672	80703131	LTR/ERVL-MaLR	1395	+	230	80702902	42793
chr11	80660109	80860109	harbor1	chr11	80703626	80704020	LTR/ERVL-MaLR	1413	+	197	80703823	43714
chr11	80660109	80860109	harbor1	chr11	80708617	80708915	LTR/ERVL-MaLR	2118	+	149	80708766	48657
chr11	80660109	80860109	harbor1	chr11	80709220	80709304	LTR/ERVL-MaLR	2118	+	42	80709262	49153
chr11	80660109	80860109	harbor1	chr11	80738128	80738566	LTR/ERVL-MaLR	2581	+	219	80738347	78238
chr11	80660109	80860109	harbor1	chr11	80738990	80739327	LTR/ERVL-MaLR	1460	+	168	80739158	79049
chr11	80660109	80860109	harbor1	chr11	80751479	80751957	LTR/ERVL-MaLR	732	+	239	80751718	91609
chr11	93561657	93761657	harbor1	chr11	93562732	93563086	LTR/ERVL-MaLR	1713	+	177	93562909	1252
chr11	93561657	93761657	harbor1	chr11	93584446	93584833	LTR/ERVL-MaLR	2158	+	194	93584640	22983
chr11	93561657	93761657	harbor1	chr11	93615798	93615899	LTR/ERVL-MaLR	2001	+	50	93615848	54191
chr11	93561657	93761657	harbor1	chr11	93616200	93616289	LTR/ERVL-MaLR	2001	+	44	93616244	54587
chr11	93561657	93761657	harbor1	chr11	93616610	93616852	LTR/ERVL-MaLR	2001	+	121	93616731	55074
chr11	93561657	93761657	harbor1	chr11	93617408	93617717	LTR/ERVL-MaLR	800	+	154	93617562	55905
chr11	93561657	93761657	harbor1	chr11	93617827	93618040	LTR/ERVL-MaLR	412	+	106	93617933	56276
chr11	93561657	93761657	harbor1	chr11	93618329	93618505	LTR/ERVL-MaLR	412	+	88	93618417	56760
chr11	93561657	93761657	harbor1	chr11	93622237	93622735	LTR/ERVL-MaLR	875	+	249	93622486	60829
chr11	93561657	93761657	harbor1	chr11	93636770	93637125	LTR/ERVL-MaLR	1996	+	178	93636948	75291
chr11	93561657	93761657	harbor1	chr11	93643928	93644136	LTR/ERVL-MaLR	610	+	104	93644032	82375
chr11	93561657	93761657	harbor1	chr11	93654228	93654599	LTR/ERVL-MaLR	1805	+	186	93654414	92757
chr11	93561657	93761657	harbor1	chr11	93655123	93655610	LTR/ERVL-MaLR	2088	+	244	93655367	93710
chr11	93561657	93761657	harbor1	chr11	93658847	93659206	LTR/ERVL-MaLR	777	+	180	93659027	97370
chr11	49013705	49213705	harbor1	chr11	49027308	49027477	LTR/ERVL-MaLR	389	+	84	49027392	13687
chr11	61819749	62019749	harbor1	chr11	61901599	61901950	LTR/ERVL-MaLR	1210	+	176	61901775	82026
chr11	78879808	79079808	harbor1	chr11	78898994	78899242	LTR/ERVL-MaLR	906	+	124	78899118	19310
chr11	78879808	79079808	harbor1	chr11	78899258	78899311	LTR/ERVL-MaLR	2237	+	26	78899284	19476
chr11	78879808	79079808	harbor1	chr11	78899547	78899967	LTR/ERVL-MaLR	2535	+	210	78899757	19949
chr11	78879808	79079808	harbor1	chr11	78899978	78900238	LTR/ERVL-MaLR	1131	+	130	78900108	20300
chr11	78879808	79079808	harbor1	chr11	78911518	78911872	LTR/ERVL-MaLR	942	+	177	78911695	31887
chr11	78879808	79079808	harbor1	chr11	78919443	78919812	LTR/ERVL-MaLR	942	+	184	78919627	39819
chr11	78879808	79079808	harbor1	chr11	78923417	78923527	LTR/ERVL-MaLR	703	+	55	78923472	43664
chr11	78879808	79079808	harbor1	chr11	78923830	78923843	LTR/ERVL-MaLR	703	+	6	78923836	44028
chr11	78879808	79079808	harbor1	chr11	78924155	78924452	LTR/ERVL-MaLR	703	+	148	78924303	44495
chr11	78879808	79079808	harbor1	chr11	78967922	78968288	LTR/ERVL-MaLR	2007	+	183	78968105	88297
chr11	123783886	123983886	harbor1	chr11	123838298	123838505	LTR/ERVL-MaLR	777	+	104	123838402	54516
chr11	123783886	123983886	harbor1	chr11	123852295	123852567	LTR/ERVL-MaLR	1350	+	136	123852431	68545
chr11	123783886	123983886	harbor1	chr11	123852623	123854148	LTR/ERVL-MaLR	7324	+	762	123853385	69499
chr11	118761380	118961380	harbor1	chr11	118773018	118773126	LTR/ERVL-MaLR	382	+	54	118773072	11692
chr11	118761380	118961380	harbor1	chr11	118811474	118811829	LTR/ERVL-MaLR	2268	+	178	118811652	50272
chr11	118761380	118961380	harbor1	chr11	118849875	118850232	LTR/ERVL-MaLR	2009	+	178	118850053	88673
chr11	31782150	31982150	harbor1	chr11	31854768	31854936	LTR/ERVL-MaLR	1627	+	84	31854852	72702
chr11	31782150	31982150	harbor1	chr11	31855236	31855541	LTR/ERVL-MaLR	1627	+	152	31855388	73238
chr11	31782150	31982150	harbor1	chr11	31855890	31856253	LTR/ERVL-MaLR	2226	+	182	31856072	73922
chr11	31782150	31982150	harbor1	chr11	31857839	31858187	LTR/ERVL-MaLR	1843	+	174	31858013	75863
chr11	31782150	31982150	harbor1	chr11	31862293	31862641	LTR/ERVL-MaLR	911	+	174	31862467	80317
chr11	31782150	31982150	harbor1	chr11	31862642	31863004	LTR/ERVL-MaLR	1974	+	181	31862823	80673
chr11	31782150	31982150	harbor1	chr11	31863005	31863063	LTR/ERVL-MaLR	911	+	29	31863034	80884
chr11	31782150	31982150	harbor1	chr11	31868975	31869203	LTR/ERVL-MaLR	401	+	114	31869089	86939
chr12	21974672	22174672	harbor1	chr12	21993979	21994350	LTR/ERVL-MaLR	1628	+	186	21994165	19493
chr12	21974672	22174672	harbor1	chr12	21995819	21996156	LTR/ERVL-MaLR	1726	+	168	21995987	21315
chr12	21974672	22174672	harbor1	chr12	22003286	22003637	LTR/ERVL-MaLR	1745	+	176	22003462	28790
chr12	21974672	22174672	harbor1	chr12	22007009	22007373	LTR/ERVL-MaLR	2083	+	182	22007191	32519
chr12	21974672	22174672	harbor1	chr12	22007374	22008306	LTR/ERVL-MaLR	6053	+	466	22007840	33168
chr12	21974672	22174672	harbor1	chr12	22009716	22010404	LTR/ERVL-MaLR	4875	+	344	22010060	35388
chr12	21974672	22174672	harbor1	chr12	22010405	22010721	LTR/ERVL-MaLR	1710	+	158	22010563	35891
chr12	21974672	22174672	harbor1	chr12	22023285	22024325	LTR/ERVL-MaLR	7196	+	520	22023805	49133
chr12	21974672	22174672	harbor1	chr12	22024326	22024688	LTR/ERVL-MaLR	2071	+	181	22024507	49835
chr12	21974672	22174672	harbor1	chr12	22031723	22032011	LTR/ERVL-MaLR	1107	+	144	22031867	57195
chr12	94480564	94680564	harbor1	chr12	94509691	94510109	LTR/ERVL-MaLR	2641	+	209	94509900	29336
chr12	94480564	94680564	harbor1	chr12	94514206	94514443	LTR/ERVL-MaLR	648	+	118	94514324	33760
chr12	94480564	94680564	harbor1	chr12	94534121	94534585	LTR/ERVL-MaLR	1862	+	232	94534353	53789
chr12	94480564	94680564	harbor1	chr12	94541885	94541945	LTR/ERVL-MaLR	1377	+	30	94541915	61351
chr12	94480564	94680564	harbor1	chr12	94542268	94542348	LTR/ERVL-MaLR	1377	+	40	94542308	61744
chr12	94480564	94680564	harbor1	chr12	94542519	94542772	LTR/ERVL-MaLR	1377	+	126	94542645	62081
chr12	94480564	94680564	harbor1	chr12	94542842	94543226	LTR/ERVL-MaLR	2444	+	192	94543034	62470
chr12	94480564	94680564	harbor1	chr12	94543425	94543879	LTR/ERVL-MaLR	2178	+	227	94543652	63088
chr12	94480564	94680564	harbor1	chr12	94551254	94551568	LTR/ERVL-MaLR	684	+	157	94551411	70847
chr12	94480564	94680564	harbor1	chr12	94551874	94551895	LTR/ERVL-MaLR	684	+	10	94551884	71320
chr12	96973387	97173387	harbor1	chr12	96981834	96982302	LTR/ERVL-MaLR	2264	+	234	96982068	8681
chr12	96973387	97173387	harbor1	chr12	96983353	96983414	LTR/ERVL-MaLR	994	+	30	96983383	9996
chr12	96973387	97173387	harbor1	chr12	96983415	96983779	LTR/ERVL-MaLR	1282	+	182	96983597	10210
chr12	96973387	97173387	harbor1	chr12	96983780	96983909	LTR/ERVL-MaLR	1364	+	64	96983844	10457
chr12	96973387	97173387	harbor1	chr12	96984068	96984459	LTR/ERVL-MaLR	1364	+	196	96984264	10877
chr12	96973387	97173387	harbor1	chr12	97013467	97013745	LTR/ERVL-MaLR	631	+	139	97013606	40219
chr12	96973387	97173387	harbor1	chr12	97057084	97057588	LTR/ERVL-MaLR	1835	+	252	97057336	83949
chr12	96973387	97173387	harbor1	chr12	97066264	97066554	LTR/ERVL-MaLR	755	+	145	97066409	93022
chr12	5048950	5248950	harbor1	chr12	5110740	5111131	LTR/ERVL-MaLR	2434	+	196	5110936	61986
chr12	17899436	18099436	harbor1	chr12	17931946	17932346	LTR/ERVL-MaLR	1186	+	200	17932146	32710
chr12	17899436	18099436	harbor1	chr12	17934064	17934492	LTR/ERVL-MaLR	1074	+	214	17934278	34842
chr12	124815566	125015566	harbor1	chr12	124829937	124830113	LTR/ERVL-MaLR	592	+	88	124830025	14459
chr12	124815566	125015566	harbor1	chr12	124843571	124843717	LTR/ERVL-MaLR	422	+	73	124843644	28078
chr12	124815566	125015566	harbor1	chr12	124844445	124844767	LTR/ERVL-MaLR	1540	+	161	124844606	29040
chr12	124815566	125015566	harbor1	chr12	124850887	124851092	LTR/ERVL-MaLR	667	+	102	124850989	35423
chr12	124815566	125015566	harbor1	chr12	124871714	124872070	LTR/ERVL-MaLR	1940	+	178	124871892	56326
chr12	124815566	125015566	harbor1	chr12	124877430	124877761	LTR/ERVL-MaLR	671	+	166	124877596	62030
chr12	124815566	125015566	harbor1	chr12	124877783	124877858	LTR/ERVL-MaLR	458	+	38	124877821	62255
chr12	124815566	125015566	harbor1	chr12	124878464	124878587	LTR/ERVL-MaLR	458	+	62	124878526	62960
chr12	124815566	125015566	harbor1	chr12	124882879	124883056	LTR/ERVL-MaLR	767	+	88	124882967	67401
chr12	124815566	125015566	harbor1	chr12	124884150	124884338	LTR/ERVL-MaLR	1392	+	94	124884244	68678
chr12	124815566	125015566	harbor1	chr12	124884649	124884927	LTR/ERVL-MaLR	1392	+	139	124884788	69222
chr12	16244172	16444172	harbor1	chr12	16262645	16263010	LTR/ERVL-MaLR	2158	+	182	16262827	18655
chr12	16244172	16444172	harbor1	chr12	16263011	16264584	LTR/ERVL-MaLR	11924	+	786	16263797	19625
chr12	16244172	16444172	harbor1	chr12	16264585	16264951	LTR/ERVL-MaLR	2242	+	183	16264768	20596
chr12	16244172	16444172	harbor1	chr12	16268819	16269192	LTR/ERVL-MaLR	1555	+	186	16269005	24833
chr12	16244172	16444172	harbor1	chr12	16283010	16283394	LTR/ERVL-MaLR	1936	+	192	16283202	39030
chr12	16244172	16444172	harbor1	chr12	16304089	16304282	LTR/ERVL-MaLR	475	+	96	16304185	60013
chr12	16244172	16444172	harbor1	chr12	16312444	16312702	LTR/ERVL-MaLR	1918	+	129	16312573	68401
chr12	16244172	16444172	harbor1	chr12	16312703	16313068	LTR/ERVL-MaLR	2323	+	182	16312885	68713
chr12	16244172	16444172	harbor1	chr12	16316039	16316187	LTR/ERVL-MaLR	1314	+	74	16316113	71941
chr12	16244172	16444172	harbor1	chr12	16316499	16316848	LTR/ERVL-MaLR	1314	+	174	16316673	72501
chr12	16244172	16444172	harbor1	chr12	16343181	16343458	LTR/ERVL-MaLR	1420	+	138	16343319	99147
chr12	32739466	32939466	harbor1	chr12	32787204	32787447	LTR/ERVL-MaLR	476	+	122	32787326	47860
chr12	32739466	32939466	harbor1	chr12	32820565	32821163	LTR/ERVL-MaLR	1551	+	299	32820864	81398
chr12	114095397	114295397	harbor1	chr12	114104617	114104937	LTR/ERVL-MaLR	849	+	160	114104777	9380
chr12	114095397	114295397	harbor1	chr12	114113033	114113391	LTR/ERVL-MaLR	1742	+	179	114113212	17815
chr12	114095397	114295397	harbor1	chr12	114137186	114137473	LTR/ERVL-MaLR	567	+	144	114137330	41933
chr12	114095397	114295397	harbor1	chr12	114151568	114151916	LTR/ERVL-MaLR	1716	+	174	114151742	56345
chr12	114095397	114295397	harbor1	chr12	114167144	114167540	LTR/ERVL-MaLR	1393	+	198	114167342	71945
chr12	114095397	114295397	harbor1	chr12	114193718	114194174	LTR/ERVL-MaLR	1995	+	228	114193946	98549
chr12	31094007	31294007	harbor1	chr12	31125669	31126043	LTR/ERVL-MaLR	1552	+	187	31125856	31849
chr12	31094007	31294007	harbor1	chr12	31169461	31169796	LTR/ERVL-MaLR	2058	+	168	31169629	75622
chr12	31094007	31294007	harbor1	chr12	31170104	31170159	LTR/ERVL-MaLR	2058	+	28	31170132	76125
chr12	3323047	3523047	harbor1	chr12	3330431	3330785	LTR/ERVL-MaLR	2610	+	177	3330608	7561
chr12	3323047	3523047	harbor1	chr12	3335253	3335710	LTR/ERVL-MaLR	1820	+	228	3335481	12434
chr12	3323047	3523047	harbor1	chr12	3339816	3340019	LTR/ERVL-MaLR	646	+	102	3339918	16871
chr12	3323047	3523047	harbor1	chr12	3340683	3340946	LTR/ERVL-MaLR	1014	+	132	3340815	17768
chr12	3323047	3523047	harbor1	chr12	3351077	3351269	LTR/ERVL-MaLR	609	+	96	3351173	28126
chr12	3323047	3523047	harbor1	chr12	3376655	3376973	LTR/ERVL-MaLR	2177	+	159	3376814	53767
chr12	3323047	3523047	harbor1	chr12	3383423	3383775	LTR/ERVL-MaLR	1914	+	176	3383599	60552
chr12	3323047	3523047	harbor1	chr12	3411571	3411931	LTR/ERVL-MaLR	1006	+	180	3411751	88704
chr12	3323047	3523047	harbor1	chr12	3412664	3412777	LTR/ERVL-MaLR	651	+	56	3412720	89673
chr12	3323047	3523047	harbor1	chr12	3413203	3413443	LTR/ERVL-MaLR	1699	+	120	3413323	90276
chr12	74971811	75171811	harbor1	chr12	74994288	74994787	LTR/ERVL-MaLR	1587	+	250	74994538	22727
chr12	74971811	75171811	harbor1	chr12	75006070	75006427	LTR/ERVL-MaLR	1898	+	178	75006248	34437
chr12	95402324	95602324	harbor1	chr12	95440828	95441051	LTR/ERVL-MaLR	1719	+	112	95440940	38616
chr12	95402324	95602324	harbor1	chr12	95441329	95441466	LTR/ERVL-MaLR	1719	+	68	95441397	39073
chr12	96932037	97132037	harbor1	chr12	96968536	96968683	LTR/ERVL-MaLR	504	+	74	96968610	36573
chr12	96932037	97132037	harbor1	chr12	96968704	96969059	LTR/ERVL-MaLR	822	+	178	96968882	36845
chr12	96932037	97132037	harbor1	chr12	96981834	96982302	LTR/ERVL-MaLR	2264	+	234	96982068	50031
chr12	96932037	97132037	harbor1	chr12	96983353	96983414	LTR/ERVL-MaLR	994	+	30	96983383	51346
chr12	96932037	97132037	harbor1	chr12	96983415	96983779	LTR/ERVL-MaLR	1282	+	182	96983597	51560
chr12	96932037	97132037	harbor1	chr12	96983780	96983909	LTR/ERVL-MaLR	1364	+	64	96983844	51807
chr12	96932037	97132037	harbor1	chr12	96984068	96984459	LTR/ERVL-MaLR	1364	+	196	96984264	52227
chr12	96932037	97132037	harbor1	chr12	97013467	97013745	LTR/ERVL-MaLR	631	+	139	97013606	81569
chr12	131564005	131764005	harbor1	chr12	131585674	131585774	LTR/ERVL-MaLR	531	+	50	131585724	21719
chr12	131564005	131764005	harbor1	chr12	131587991	131588246	LTR/ERVL-MaLR	1173	+	128	131588119	24114
chr12	131564005	131764005	harbor1	chr12	131593945	131594168	LTR/ERVL-MaLR	545	+	112	131594057	30052
chr12	131564005	131764005	harbor1	chr12	131595662	131595969	LTR/ERVL-MaLR	545	+	154	131595816	31811
chr12	54201605	54401605	harbor1	chr12	54273543	54273871	LTR/ERVL-MaLR	832	+	164	54273707	72102
chr12	60476615	60676615	harbor1	chr12	60485060	60485396	LTR/ERVL-MaLR	2301	+	168	60485228	8613
chr12	60476615	60676615	harbor1	chr12	60528543	60528777	LTR/ERVL-MaLR	7055	+	117	60528660	52045
chr12	60476615	60676615	harbor1	chr12	60529126	60530331	LTR/ERVL-MaLR	7055	+	602	60529728	53113
chr12	60476615	60676615	harbor1	chr12	60530332	60530726	LTR/ERVL-MaLR	1619	+	197	60530529	53914
chr12	60476615	60676615	harbor1	chr12	60531717	60532090	LTR/ERVL-MaLR	1088	+	186	60531903	55288
chr12	60476615	60676615	harbor1	chr12	60551249	60551422	LTR/ERVL-MaLR	513	+	86	60551335	74720
chr12	60476615	60676615	harbor1	chr12	60567021	60567223	LTR/ERVL-MaLR	1090	+	101	60567122	90507
chr12	60476615	60676615	harbor1	chr12	60567211	60568729	LTR/ERVL-MaLR	8448	+	759	60567970	91355
chr12	60476615	60676615	harbor1	chr12	60568730	60569150	LTR/ERVL-MaLR	1801	+	210	60568940	92325
chr12	7460836	7660836	harbor1	chr12	7493020	7493427	LTR/ERVL-MaLR	731	+	204	7493224	32388
chr12	7460836	7660836	harbor1	chr12	7497972	7498127	LTR/ERVL-MaLR	573	+	78	7498050	37214
chr12	7460836	7660836	harbor1	chr12	7511710	7512028	LTR/ERVL-MaLR	1613	+	159	7511869	51033
chr12	7460836	7660836	harbor1	chr12	7528219	7528569	LTR/ERVL-MaLR	2708	+	175	7528394	67558
chr12	7460836	7660836	harbor1	chr12	7528570	7528950	LTR/ERVL-MaLR	2466	+	190	7528760	67924
chr12	7460836	7660836	harbor1	chr12	7534190	7535468	LTR/ERVL-MaLR	7098	+	639	7534829	73993
chr12	7460836	7660836	harbor1	chr12	7535471	7535824	LTR/ERVL-MaLR	2605	+	176	7535647	74811
chr12	7460836	7660836	harbor1	chr12	7550537	7550716	LTR/ERVL-MaLR	751	+	90	7550627	89791
chr12	5847612	6047612	harbor1	chr12	5856410	5856850	LTR/ERVL-MaLR	704	+	220	5856630	9018
chr12	5847612	6047612	harbor1	chr12	5862604	5862776	LTR/ERVL-MaLR	1279	+	86	5862690	15078
chr12	5847612	6047612	harbor1	chr12	5863004	5863189	LTR/ERVL-MaLR	1110	+	92	5863096	15484
chr12	5847612	6047612	harbor1	chr12	5866308	5866499	LTR/ERVL-MaLR	477	+	96	5866404	18792
chr12	5847612	6047612	harbor1	chr12	5877051	5877443	LTR/ERVL-MaLR	1201	+	196	5877247	29635
chr12	5847612	6047612	harbor1	chr12	5936298	5936665	LTR/ERVL-MaLR	1648	+	184	5936482	88870
chr12	43246758	43446758	harbor1	chr12	43253794	43254345	LTR/ERVL-MaLR	1218	+	276	43254070	7312
chr12	43246758	43446758	harbor1	chr12	43277581	43277990	LTR/ERVL-MaLR	654	+	204	43277785	31027
chr12	43246758	43446758	harbor1	chr12	43301103	43301465	LTR/ERVL-MaLR	2547	+	181	43301284	54526
chr12	43246758	43446758	harbor1	chr12	43324577	43324990	LTR/ERVL-MaLR	2310	+	206	43324783	78025
chr12	41060567	41260567	harbor1	chr12	41076983	41077501	LTR/ERVL-MaLR	2191	+	259	41077242	16675
chr12	41060567	41260567	harbor1	chr12	41079427	41079790	LTR/ERVL-MaLR	2472	+	182	41079609	19042
chr12	41060567	41260567	harbor1	chr12	41079792	41081387	LTR/ERVL-MaLR	10230	+	798	41080590	20023
chr12	41060567	41260567	harbor1	chr12	41087472	41087823	LTR/ERVL-MaLR	2165	+	176	41087648	27081
chr12	41060567	41260567	harbor1	chr12	41116367	41116744	LTR/ERVL-MaLR	1928	+	188	41116555	55988
chr12	41060567	41260567	harbor1	chr12	41124819	41125180	LTR/ERVL-MaLR	2458	+	180	41124999	64432
chr12	41060567	41260567	harbor1	chr12	41130317	41130709	LTR/ERVL-MaLR	1473	+	196	41130513	69946
chr12	41060567	41260567	harbor1	chr12	41130856	41131237	LTR/ERVL-MaLR	2214	+	190	41131046	70479
chr12	41060567	41260567	harbor1	chr12	41146338	41146519	LTR/ERVL-MaLR	1577	+	90	41146428	85861
chr12	41060567	41260567	harbor1	chr12	41146555	41146821	LTR/ERVL-MaLR	1577	+	133	41146688	86121
chr12	68968222	69168222	harbor1	chr12	68990726	68991037	LTR/ERVL-MaLR	2366	+	156	68990882	22660
chr12	68968222	69168222	harbor1	chr12	68997225	68997536	LTR/ERVL-MaLR	2349	+	156	68997381	29159
chr12	68968222	69168222	harbor1	chr12	68997539	68997891	LTR/ERVL-MaLR	2474	+	176	68997715	29493
chr12	68968222	69168222	harbor1	chr12	69001109	69001733	LTR/ERVL-MaLR	2598	+	312	69001421	33199
chr12	68968222	69168222	harbor1	chr12	69003703	69004149	LTR/ERVL-MaLR	2574	+	223	69003926	35704
chr12	68968222	69168222	harbor1	chr12	69012975	69013389	LTR/ERVL-MaLR	2709	+	207	69013182	44960
chr12	68968222	69168222	harbor1	chr12	69026419	69026799	LTR/ERVL-MaLR	2324	+	190	69026609	58387
chr12	68968222	69168222	harbor1	chr12	69033273	69033621	LTR/ERVL-MaLR	509	+	174	69033447	65225
chr12	68968222	69168222	harbor1	chr12	69063897	69064191	LTR/ERVL-MaLR	1049	+	147	69064044	95822
chr12	81240188	81440188	harbor1	chr12	81270336	81270781	LTR/ERVL-MaLR	1962	+	222	81270558	30370
chr12	81240188	81440188	harbor1	chr12	81278983	81279380	LTR/ERVL-MaLR	1934	+	198	81279181	38993
chr12	81240188	81440188	harbor1	chr12	81296847	81297349	LTR/ERVL-MaLR	2030	+	251	81297098	56910
chr12	128985440	129185440	harbor1	chr12	128997870	128998236	LTR/ERVL-MaLR	2161	+	183	128998053	12613
chr12	128985440	129185440	harbor1	chr12	129005957	129006330	LTR/ERVL-MaLR	718	+	186	129006143	20703
chr12	128985440	129185440	harbor1	chr12	129007827	129008236	LTR/ERVL-MaLR	2282	+	204	129008031	22591
chr12	128985440	129185440	harbor1	chr12	129008394	129008804	LTR/ERVL-MaLR	2284	+	205	129008599	23159
chr12	128985440	129185440	harbor1	chr12	129018945	129019441	LTR/ERVL-MaLR	1868	+	248	129019193	33753
chr12	128985440	129185440	harbor1	chr12	129026712	129027088	LTR/ERVL-MaLR	2229	+	188	129026900	41460
chr12	128985440	129185440	harbor1	chr12	129036442	129036617	LTR/ERVL-MaLR	985	+	88	129036530	51090
chr12	128985440	129185440	harbor1	chr12	129036947	129037237	LTR/ERVL-MaLR	985	+	145	129037092	51652
chr12	128985440	129185440	harbor1	chr12	129045336	129045629	LTR/ERVL-MaLR	639	+	146	129045482	60042
chr12	128985440	129185440	harbor1	chr12	129068099	129068546	LTR/ERVL-MaLR	1675	+	224	129068323	82883
chr12	128985440	129185440	harbor1	chr12	129069215	129069383	LTR/ERVL-MaLR	1949	+	84	129069299	83859
chr12	128985440	129185440	harbor1	chr12	129069681	129069933	LTR/ERVL-MaLR	1949	+	126	129069807	84367
chr12	128985440	129185440	harbor1	chr12	129082262	129082730	LTR/ERVL-MaLR	1809	+	234	129082496	97056
chr12	128985440	129185440	harbor1	chr12	129083025	129083067	LTR/ERVL-MaLR	1809	+	21	129083046	97606
chr12	128985440	129185440	harbor1	chr12	129084126	129084438	LTR/ERVL-MaLR	527	+	156	129084282	98842
chr12	74192503	74392503	harbor1	chr12	74206426	74206899	LTR/ERVL-MaLR	1222	+	236	74206662	14159
chr12	74192503	74392503	harbor1	chr12	74227253	74227620	LTR/ERVL-MaLR	1756	+	184	74227437	34934
chr12	74192503	74392503	harbor1	chr12	74284536	74284887	LTR/ERVL-MaLR	1860	+	176	74284712	92209
chr12	74192503	74392503	harbor1	chr12	74235744	74236158	LTR/ERVL-MaLR	2298	+	207	74235951	43448
chr12	38249101	38449101	harbor1	chr12	38264212	38264604	LTR/ERVL-MaLR	1104	+	196	38264408	15307
chr12	38249101	38449101	harbor1	chr12	38279803	38280057	LTR/ERVL-MaLR	1204	+	127	38279930	30829
chr12	6746426	6946426	harbor1	chr12	6786507	6786738	LTR/ERVL-MaLR	677	+	116	6786623	40197
chr12	59480829	59680829	harbor1	chr12	59486421	59486790	LTR/ERVL-MaLR	1996	+	184	59486605	5776
chr12	59480829	59680829	harbor1	chr12	59491189	59491628	LTR/ERVL-MaLR	1195	+	220	59491409	10580
chr12	59480829	59680829	harbor1	chr12	59557219	59557371	LTR/ERVL-MaLR	498	+	76	59557295	76466
chr12	59480829	59680829	harbor1	chr12	59560922	59561307	LTR/ERVL-MaLR	1511	+	192	59561114	80285
chr12	49279687	49479687	harbor1	chr12	49279706	49280048	LTR/ERVL-MaLR	1563	+	171	49279877	190
chr12	49279687	49479687	harbor1	chr12	49280083	49280335	LTR/ERVL-MaLR	1563	+	126	49280209	522
chr12	49279687	49479687	harbor1	chr12	49286171	49286609	LTR/ERVL-MaLR	1464	+	219	49286390	6703
chr12	117274781	117474781	harbor1	chr12	117288571	117289095	LTR/ERVL-MaLR	1959	+	262	117288833	14052
chr12	117274781	117474781	harbor1	chr12	117296225	117296262	LTR/ERVL-MaLR	1239	+	18	117296243	21462
chr12	117274781	117474781	harbor1	chr12	117296714	117297055	LTR/ERVL-MaLR	1239	+	170	117296884	22103
chr12	117274781	117474781	harbor1	chr12	117298467	117298878	LTR/ERVL-MaLR	1586	+	206	117298673	23892
chr12	117274781	117474781	harbor1	chr12	117320140	117320637	LTR/ERVL-MaLR	1877	+	248	117320388	45607
chr12	117274781	117474781	harbor1	chr12	117372550	117372910	LTR/ERVL-MaLR	2462	+	180	117372730	97949
chr12	79388972	79588972	harbor1	chr12	79426768	79427138	LTR/ERVL-MaLR	2382	+	185	79426953	37981
chr12	79388972	79588972	harbor1	chr12	79483346	79483750	LTR/ERVL-MaLR	1873	+	202	79483548	94576
chr12	47719336	47919336	harbor1	chr12	47719425	47719782	LTR/ERVL-MaLR	2467	+	178	47719603	267
chr12	47719336	47919336	harbor1	chr12	47771413	47771649	LTR/ERVL-MaLR	1931	+	118	47771531	52195
chr12	47719336	47919336	harbor1	chr12	47771948	47772143	LTR/ERVL-MaLR	1931	+	98	47772046	52710
chr12	47719336	47919336	harbor1	chr12	47793941	47794358	LTR/ERVL-MaLR	1932	+	208	47794149	74813
chr12	4705794	4905794	harbor1	chr12	4737610	4737997	LTR/ERVL-MaLR	1479	+	194	4737804	32010
chr12	4705794	4905794	harbor1	chr12	4756862	4757240	LTR/ERVL-MaLR	2499	+	189	4757051	51257
chr12	71993183	72193183	harbor1	chr12	72037783	72038165	LTR/ERVL-MaLR	977	+	191	72037974	44791
chr12	71993183	72193183	harbor1	chr12	72038468	72038642	LTR/ERVL-MaLR	977	+	87	72038555	45372
chr12	71993183	72193183	harbor1	chr12	72054520	72054866	LTR/ERVL-MaLR	517	+	173	72054693	61510
chr12	71993183	72193183	harbor1	chr12	72059108	72059346	LTR/ERVL-MaLR	1467	+	119	72059227	66044
chr12	71993183	72193183	harbor1	chr12	72075481	72075685	LTR/ERVL-MaLR	621	+	102	72075583	82400
chr12	12316099	12516099	harbor1	chr12	12372986	12373358	LTR/ERVL-MaLR	1797	+	186	12373172	57073
chr12	2044271	2244271	harbor1	chr12	2045757	2046199	LTR/ERVL-MaLR	1201	+	221	2045978	1707
chr12	2044271	2244271	harbor1	chr12	2078000	2078374	LTR/ERVL-MaLR	1824	+	187	2078187	33916
chr12	2044271	2244271	harbor1	chr12	2138677	2138860	LTR/ERVL-MaLR	1284	+	92	2138769	94498
chr12	128058448	128258448	harbor1	chr12	128063517	128064067	LTR/ERVL-MaLR	985	+	275	128063792	5344
chr12	128058448	128258448	harbor1	chr12	128065619	128065977	LTR/ERVL-MaLR	2545	+	179	128065798	7350
chr12	128058448	128258448	harbor1	chr12	128066138	128066482	LTR/ERVL-MaLR	1198	+	172	128066310	7862
chr12	128058448	128258448	harbor1	chr12	128066483	128066927	LTR/ERVL-MaLR	1114	+	222	128066705	8257
chr12	128058448	128258448	harbor1	chr12	128066928	128066976	LTR/ERVL-MaLR	1198	+	24	128066952	8504
chr12	128058448	128258448	harbor1	chr12	128072297	128072585	LTR/ERVL-MaLR	604	+	144	128072441	13993
chr12	128058448	128258448	harbor1	chr12	128075291	128075771	LTR/ERVL-MaLR	1416	+	240	128075531	17083
chr12	128058448	128258448	harbor1	chr12	128088155	128088531	LTR/ERVL-MaLR	1944	+	188	128088343	29895
chr12	128058448	128258448	harbor1	chr12	128133337	128133903	LTR/ERVL-MaLR	1955	+	283	128133620	75172
chr12	128058448	128258448	harbor1	chr12	128156607	128156870	LTR/ERVL-MaLR	518	+	132	128156739	98291
chr12	94056979	94256979	harbor1	chr12	94058973	94059403	LTR/ERVL-MaLR	2247	+	215	94059188	2209
chr12	94056979	94256979	harbor1	chr12	94060903	94061318	LTR/ERVL-MaLR	2892	+	208	94061111	4132
chr12	94056979	94256979	harbor1	chr12	94076098	94076563	LTR/ERVL-MaLR	2308	+	232	94076330	19351
chr12	94056979	94256979	harbor1	chr12	94082766	94083124	LTR/ERVL-MaLR	2260	+	179	94082945	25966
chr12	94056979	94256979	harbor1	chr12	94083245	94083644	LTR/ERVL-MaLR	2047	+	200	94083445	26466
chr12	94056979	94256979	harbor1	chr12	94089748	94090116	LTR/ERVL-MaLR	872	+	184	94089932	32953
chr12	94056979	94256979	harbor1	chr12	94102877	94103491	LTR/ERVL-MaLR	3061	+	307	94103184	46205
chr12	94056979	94256979	harbor1	chr12	94128394	94128505	LTR/ERVL-MaLR	440	+	56	94128450	71471
chr12	94056979	94256979	harbor1	chr12	94138432	94138801	LTR/ERVL-MaLR	2304	+	184	94138616	81637
chr12	95882915	96082915	harbor1	chr12	95894393	95894812	LTR/ERVL-MaLR	2288	+	210	95894603	11688
chr12	95882915	96082915	harbor1	chr12	95920092	95920455	LTR/ERVL-MaLR	2831	+	182	95920274	37359
chr12	95882915	96082915	harbor1	chr12	95935223	95935600	LTR/ERVL-MaLR	1095	+	188	95935411	52496
chr12	95882915	96082915	harbor1	chr12	95972245	95972425	LTR/ERVL-MaLR	656	+	90	95972335	89420
chr12	91960114	92160114	harbor1	chr12	91978804	91979014	LTR/ERVL-MaLR	903	+	105	91978909	18795
chr12	91960114	92160114	harbor1	chr12	91979452	91979616	LTR/ERVL-MaLR	762	+	82	91979534	19420
chr12	109735929	109935929	harbor1	chr12	109779529	109779980	LTR/ERVL-MaLR	630	+	226	109779755	43826
chr12	109735929	109935929	harbor1	chr12	109781969	109782322	LTR/ERVL-MaLR	2652	+	176	109782145	46216
chr12	109735929	109935929	harbor1	chr12	109790531	109790600	LTR/ERVL-MaLR	1352	+	34	109790565	54636
chr12	109735929	109935929	harbor1	chr12	109790732	109791100	LTR/ERVL-MaLR	1352	+	184	109790916	54987
chr12	109735929	109935929	harbor1	chr12	109791401	109791454	LTR/ERVL-MaLR	1352	+	26	109791427	55498
chr12	109735929	109935929	harbor1	chr12	109801264	109801640	LTR/ERVL-MaLR	2777	+	188	109801452	65523
chr12	124871176	125071176	harbor1	chr12	124871714	124872070	LTR/ERVL-MaLR	1940	+	178	124871892	716
chr12	124871176	125071176	harbor1	chr12	124877430	124877761	LTR/ERVL-MaLR	671	+	166	124877596	6420
chr12	124871176	125071176	harbor1	chr12	124877783	124877858	LTR/ERVL-MaLR	458	+	38	124877821	6645
chr12	124871176	125071176	harbor1	chr12	124878464	124878587	LTR/ERVL-MaLR	458	+	62	124878526	7350
chr12	124871176	125071176	harbor1	chr12	124882879	124883056	LTR/ERVL-MaLR	767	+	88	124882967	11791
chr12	124871176	125071176	harbor1	chr12	124884150	124884338	LTR/ERVL-MaLR	1392	+	94	124884244	13068
chr12	124871176	125071176	harbor1	chr12	124884649	124884927	LTR/ERVL-MaLR	1392	+	139	124884788	13612
chr12	124871176	125071176	harbor1	chr12	124929631	124930029	LTR/ERVL-MaLR	2290	+	199	124929830	58654
chr12	124871176	125071176	harbor1	chr12	124949550	124949921	LTR/ERVL-MaLR	932	+	186	124949736	78560
chr12	16131282	16331282	harbor1	chr12	16135664	16136009	LTR/ERVL-MaLR	1538	+	172	16135836	4554
chr12	16131282	16331282	harbor1	chr12	16144466	16144677	LTR/ERVL-MaLR	1346	+	106	16144572	13290
chr12	16131282	16331282	harbor1	chr12	16145743	16145942	LTR/ERVL-MaLR	1346	+	100	16145843	14561
chr12	16131282	16331282	harbor1	chr12	16172783	16173054	LTR/ERVL-MaLR	708	+	136	16172919	41637
chr12	16131282	16331282	harbor1	chr12	16182988	16183292	LTR/ERVL-MaLR	693	+	152	16183140	51858
chr12	16131282	16331282	harbor1	chr12	16201475	16201850	LTR/ERVL-MaLR	2339	+	188	16201663	70381
chr12	116802124	117002124	harbor1	chr12	116802545	116802803	LTR/ERVL-MaLR	976	+	129	116802674	550
chr12	116802124	117002124	harbor1	chr12	116823045	116823192	LTR/ERVL-MaLR	483	+	74	116823119	20995
chr12	116802124	117002124	harbor1	chr12	116874510	116874976	LTR/ERVL-MaLR	1463	+	233	116874743	72619
chr12	116802124	117002124	harbor1	chr12	116875286	116875352	LTR/ERVL-MaLR	1463	+	33	116875319	73195
chr12	116802124	117002124	harbor1	chr12	116884906	116885156	LTR/ERVL-MaLR	1785	+	125	116885031	82907
chr12	116802124	117002124	harbor1	chr12	116885461	116885587	LTR/ERVL-MaLR	1785	+	63	116885524	83400
chr12	116802124	117002124	harbor1	chr12	116890743	116891184	LTR/ERVL-MaLR	1660	+	220	116890963	88839
chr12	116802124	117002124	harbor1	chr12	116891264	116891428	LTR/ERVL-MaLR	462	+	82	116891346	89222
chr12	116802124	117002124	harbor1	chr12	116898724	116899164	LTR/ERVL-MaLR	597	+	220	116898944	96820
chr12	116802124	117002124	harbor1	chr12	116899460	116899572	LTR/ERVL-MaLR	597	+	56	116899516	97392
chr12	110452826	110652826	harbor1	chr12	110478339	110478874	LTR/ERVL-MaLR	1888	+	268	110478607	25781
chr12	110452826	110652826	harbor1	chr12	110510324	110510635	LTR/ERVL-MaLR	716	+	156	110510480	57654
chr12	6654406	6854406	harbor1	chr12	6743327	6743690	LTR/ERVL-MaLR	2368	+	182	6743509	89103
chr12	14085140	14285140	harbor1	chr12	14095368	14095581	LTR/ERVL-MaLR	898	+	106	14095474	10334
chr12	14085140	14285140	harbor1	chr12	14100025	14100340	LTR/ERVL-MaLR	472	+	158	14100183	15043
chr12	14085140	14285140	harbor1	chr12	14131439	14131875	LTR/ERVL-MaLR	1759	+	218	14131657	46517
chr12	14085140	14285140	harbor1	chr12	14141376	14141552	LTR/ERVL-MaLR	660	+	88	14141464	56324
chr12	14085140	14285140	harbor1	chr12	14157439	14157718	LTR/ERVL-MaLR	1342	+	140	14157579	72439
chr12	14085140	14285140	harbor1	chr12	14158231	14158302	LTR/ERVL-MaLR	684	+	36	14158267	73127
chr12	14085140	14285140	harbor1	chr12	14158609	14158676	LTR/ERVL-MaLR	684	+	34	14158643	73503
chr12	14085140	14285140	harbor1	chr12	14158917	14159427	LTR/ERVL-MaLR	895	+	255	14159172	74032
chr12	14085140	14285140	harbor1	chr12	14161272	14161393	LTR/ERVL-MaLR	1274	+	60	14161332	76192
chr12	14085140	14285140	harbor1	chr12	14161699	14162063	LTR/ERVL-MaLR	1274	+	182	14161881	76741
chr12	14085140	14285140	harbor1	chr12	14173621	14173740	LTR/ERVL-MaLR	473	+	60	14173681	88541
chr12	1	136307	harbor1	chr12	33014	33185	LTR/ERVL-MaLR	1448	+	86	33100	33099
chr12	1	136307	harbor1	chr12	40306	41220	LTR/ERVL-MaLR	3341	+	457	40763	40762
chr12	1	136307	harbor1	chr12	43335	43642	LTR/ERVL-MaLR	624	+	154	43489	43488
chr12	1	136307	harbor1	chr12	43643	43802	LTR/ERVL-MaLR	893	+	80	43723	43722
chr12	1	136307	harbor1	chr12	44100	44469	LTR/ERVL-MaLR	893	+	184	44284	44283
chr12	1	136307	harbor1	chr12	93675	94089	LTR/ERVL-MaLR	2526	+	207	93882	93881
chr12	1	136307	harbor1	chr12	32746	32914	LTR/ERVL-MaLR	1448	+	84	32830	32829
chr12	75023940	75223940	harbor1	chr12	75084352	75084710	LTR/ERVL-MaLR	2643	+	179	75084531	60591
chr13	49047700	49247700	harbor1	chr13	49057915	49058057	LTR/ERVL-MaLR	1946	+	71	49057986	10286
chr13	49047700	49247700	harbor1	chr13	49058495	49058753	LTR/ERVL-MaLR	1946	+	129	49058624	10924
chr13	49047700	49247700	harbor1	chr13	49089293	49089880	LTR/ERVL-MaLR	1922	+	294	49089587	41887
chr13	102769710	102969710	harbor1	chr13	102780124	102780161	LTR/ERVL-MaLR	2709	+	18	102780142	10432
chr13	102769710	102969710	harbor1	chr13	102780773	102781113	LTR/ERVL-MaLR	2709	+	170	102780943	11233
chr13	102769710	102969710	harbor1	chr13	102781114	102782679	LTR/ERVL-MaLR	10505	+	782	102781896	12186
chr13	102769710	102969710	harbor1	chr13	102782680	102783052	LTR/ERVL-MaLR	2906	+	186	102782866	13156
chr13	102769710	102969710	harbor1	chr13	102792469	102792794	LTR/ERVL-MaLR	1738	+	162	102792631	22921
chr13	102769710	102969710	harbor1	chr13	102793075	102793188	LTR/ERVL-MaLR	1738	+	56	102793131	23421
chr13	102769710	102969710	harbor1	chr13	102776716	102777028	LTR/ERVL-MaLR	1322	+	156	102776872	7162
chr13	35662478	35862478	harbor1	chr13	35675872	35676267	LTR/ERVL-MaLR	501	+	198	35676070	13592
chr13	35662478	35862478	harbor1	chr13	35693866	35694273	LTR/ERVL-MaLR	1603	+	204	35694070	31592
chr13	35662478	35862478	harbor1	chr13	35694504	35694951	LTR/ERVL-MaLR	1349	+	224	35694728	32250
chr13	35662478	35862478	harbor1	chr13	35702614	35702812	LTR/ERVL-MaLR	984	+	99	35702713	40235
chr13	35662478	35862478	harbor1	chr13	35707854	35708234	LTR/ERVL-MaLR	2778	+	190	35708044	45566
chr13	35662478	35862478	harbor1	chr13	35731388	35731686	LTR/ERVL-MaLR	1016	+	149	35731537	69059
chr13	35662478	35862478	harbor1	chr13	35740007	35740364	LTR/ERVL-MaLR	2480	+	178	35740185	77707
chr13	80515001	80715001	harbor1	chr13	80527438	80527712	LTR/ERVL-MaLR	674	+	137	80527575	12574
chr13	80515001	80715001	harbor1	chr13	80534797	80535080	LTR/ERVL-MaLR	585	+	142	80534939	19938
chr13	80515001	80715001	harbor1	chr13	80561406	80561712	LTR/ERVL-MaLR	1294	+	153	80561559	46558
chr13	80515001	80715001	harbor1	chr13	80610428	80610770	LTR/ERVL-MaLR	534	+	171	80610599	95598
chr13	80515001	80715001	harbor1	chr13	80610862	80611100	LTR/ERVL-MaLR	563	+	119	80610981	95980
chr13	113208809	113408809	harbor1	chr13	113251476	113251856	LTR/ERVL-MaLR	2141	+	190	113251666	42857
chr13	113208809	113408809	harbor1	chr13	113280070	113280423	LTR/ERVL-MaLR	1733	+	176	113280246	71437
chr13	113208809	113408809	harbor1	chr13	113289733	113290121	LTR/ERVL-MaLR	2005	+	194	113289927	81118
chr13	69735301	69935301	harbor1	chr13	69755023	69755467	LTR/ERVL-MaLR	2204	+	222	69755245	19944
chr13	69735301	69935301	harbor1	chr13	69776949	69777311	LTR/ERVL-MaLR	2303	+	181	69777130	41829
chr13	69735301	69935301	harbor1	chr13	69796258	69796655	LTR/ERVL-MaLR	1886	+	198	69796456	61155
chr13	69735301	69935301	harbor1	chr13	69803489	69804062	LTR/ERVL-MaLR	1804	+	286	69803775	68474
chr13	51279069	51479069	harbor1	chr13	51316504	51316887	LTR/ERVL-MaLR	2430	+	192	51316696	37627
chr13	51279069	51479069	harbor1	chr13	51332647	51332925	LTR/ERVL-MaLR	1075	+	139	51332786	53717
chr13	108040563	108240563	harbor1	chr13	108089715	108090140	LTR/ERVL-MaLR	953	+	212	108089927	49364
chr13	108040563	108240563	harbor1	chr13	108114693	108115072	LTR/ERVL-MaLR	1934	+	190	108114883	74320
chr13	108040563	108240563	harbor1	chr13	108134616	108134996	LTR/ERVL-MaLR	1623	+	190	108134806	94243
chr13	92008256	92208256	harbor1	chr13	92010484	92010916	LTR/ERVL-MaLR	1115	+	216	92010700	2444
chr13	92008256	92208256	harbor1	chr13	92056983	92057489	LTR/ERVL-MaLR	757	+	253	92057236	48980
chr13	92008256	92208256	harbor1	chr13	92069872	92070293	LTR/ERVL-MaLR	1464	+	210	92070082	61826
chr13	92008256	92208256	harbor1	chr13	92073772	92074015	LTR/ERVL-MaLR	1617	+	122	92073894	65638
chr13	92008256	92208256	harbor1	chr13	92090277	92090633	LTR/ERVL-MaLR	1542	+	178	92090455	82199
chr13	92008256	92208256	harbor1	chr13	92090896	92091146	LTR/ERVL-MaLR	914	+	125	92091021	82765
chr13	92008256	92208256	harbor1	chr13	92096480	92096779	LTR/ERVL-MaLR	845	+	150	92096630	88374
chr13	92008256	92208256	harbor1	chr13	92096810	92097999	LTR/ERVL-MaLR	2026	+	594	92097404	89148
chr13	92008256	92208256	harbor1	chr13	92098571	92098765	LTR/ERVL-MaLR	575	+	97	92098668	90412
chr13	92008256	92208256	harbor1	chr13	92098747	92098946	LTR/ERVL-MaLR	594	+	100	92098847	90591
chr13	92008256	92208256	harbor1	chr13	92099717	92100094	LTR/ERVL-MaLR	1060	+	188	92099905	91649
chr13	26637409	26837409	harbor1	chr13	26638745	26639129	LTR/ERVL-MaLR	1496	+	192	26638937	1528
chr13	26637409	26837409	harbor1	chr13	26643875	26644370	LTR/ERVL-MaLR	1903	+	248	26644123	6714
chr13	26637409	26837409	harbor1	chr13	26645081	26645443	LTR/ERVL-MaLR	1627	+	181	26645262	7853
chr13	26637409	26837409	harbor1	chr13	26699101	26699535	LTR/ERVL-MaLR	894	+	217	26699318	61909
chr13	26637409	26837409	harbor1	chr13	26714239	26714621	LTR/ERVL-MaLR	2426	+	191	26714430	77021
chr13	58607680	58807680	harbor1	chr13	58627568	58627942	LTR/ERVL-MaLR	2292	+	187	58627755	20075
chr13	58607680	58807680	harbor1	chr13	58630094	58630238	LTR/ERVL-MaLR	450	+	72	58630166	22486
chr13	58607680	58807680	harbor1	chr13	58630277	58630632	LTR/ERVL-MaLR	1396	+	178	58630455	22775
chr13	58607680	58807680	harbor1	chr13	58634601	58634876	LTR/ERVL-MaLR	573	+	138	58634739	27059
chr13	58607680	58807680	harbor1	chr13	58658399	58658754	LTR/ERVL-MaLR	2716	+	178	58658577	50897
chr13	58607680	58807680	harbor1	chr13	58695875	58696303	LTR/ERVL-MaLR	2551	+	214	58696089	88409
chr13	58607680	58807680	harbor1	chr13	58697852	58698225	LTR/ERVL-MaLR	1934	+	186	58698038	90358
chr13	25574448	25774448	harbor1	chr13	25595388	25595644	LTR/ERVL-MaLR	473	+	128	25595516	21068
chr13	25574448	25774448	harbor1	chr13	25597235	25597819	LTR/ERVL-MaLR	1488	+	292	25597527	23079
chr13	25574448	25774448	harbor1	chr13	25627370	25627733	LTR/ERVL-MaLR	1521	+	182	25627552	53104
chr13	25574448	25774448	harbor1	chr13	25667236	25667707	LTR/ERVL-MaLR	2266	+	236	25667472	93024
chr13	76633960	76833960	harbor1	chr13	76646897	76647379	LTR/ERVL-MaLR	1957	+	241	76647138	13178
chr13	76633960	76833960	harbor1	chr13	76658005	76658169	LTR/ERVL-MaLR	675	+	82	76658087	24127
chr13	76633960	76833960	harbor1	chr13	76689592	76689802	LTR/ERVL-MaLR	531	+	105	76689697	55737
chr13	76633960	76833960	harbor1	chr13	76708914	76709111	LTR/ERVL-MaLR	504	+	98	76709012	75052
chr13	76633960	76833960	harbor1	chr13	76726820	76727174	LTR/ERVL-MaLR	2810	+	177	76726997	93037
chr13	76633960	76833960	harbor1	chr13	76727175	76728740	LTR/ERVL-MaLR	11621	+	782	76727957	93997
chr13	76633960	76833960	harbor1	chr13	76728744	76729106	LTR/ERVL-MaLR	2469	+	181	76728925	94965
chr13	76633960	76833960	harbor1	chr13	76730922	76731283	LTR/ERVL-MaLR	2139	+	180	76731102	97142
chr13	34855318	35055318	harbor1	chr13	34860062	34860438	LTR/ERVL-MaLR	1212	+	188	34860250	4932
chr13	34855318	35055318	harbor1	chr13	34861349	34861648	LTR/ERVL-MaLR	1827	+	150	34861499	6181
chr13	34855318	35055318	harbor1	chr13	34861960	34862031	LTR/ERVL-MaLR	1827	+	36	34861996	6678
chr13	34855318	35055318	harbor1	chr13	34862974	34863329	LTR/ERVL-MaLR	1316	+	178	34863152	7834
chr13	34855318	35055318	harbor1	chr13	34880963	34881362	LTR/ERVL-MaLR	636	+	200	34881163	25845
chr13	34855318	35055318	harbor1	chr13	34890460	34890867	LTR/ERVL-MaLR	2013	+	204	34890664	35346
chr13	34855318	35055318	harbor1	chr13	34948114	34948363	LTR/ERVL-MaLR	631	+	124	34948238	92920
chr13	102768648	102968648	harbor1	chr13	102780124	102780161	LTR/ERVL-MaLR	2709	+	18	102780142	11494
chr13	102768648	102968648	harbor1	chr13	102780773	102781113	LTR/ERVL-MaLR	2709	+	170	102780943	12295
chr13	102768648	102968648	harbor1	chr13	102781114	102782679	LTR/ERVL-MaLR	10505	+	782	102781896	13248
chr13	102768648	102968648	harbor1	chr13	102782680	102783052	LTR/ERVL-MaLR	2906	+	186	102782866	14218
chr13	102768648	102968648	harbor1	chr13	102792469	102792794	LTR/ERVL-MaLR	1738	+	162	102792631	23983
chr13	102768648	102968648	harbor1	chr13	102793075	102793188	LTR/ERVL-MaLR	1738	+	56	102793131	24483
chr13	102768648	102968648	harbor1	chr13	102776716	102777028	LTR/ERVL-MaLR	1322	+	156	102776872	8224
chr13	62084606	62284606	harbor1	chr13	62094538	62094897	LTR/ERVL-MaLR	421	+	180	62094718	10112
chr13	62084606	62284606	harbor1	chr13	62142702	62143118	LTR/ERVL-MaLR	2371	+	208	62142910	58304
chr13	62084606	62284606	harbor1	chr13	62178888	62179247	LTR/ERVL-MaLR	1991	+	180	62179068	94462
chr13	25295822	25495822	harbor1	chr13	25367073	25367416	LTR/ERVL-MaLR	1179	+	172	25367245	71423
chr13	81955327	82155327	harbor1	chr13	81976450	81976793	LTR/ERVL-MaLR	2078	+	172	81976622	21295
chr13	81955327	82155327	harbor1	chr13	81996933	81997296	LTR/ERVL-MaLR	2479	+	182	81997115	41788
chr13	81955327	82155327	harbor1	chr13	82013355	82013703	LTR/ERVL-MaLR	1654	+	174	82013529	58202
chr13	81955327	82155327	harbor1	chr13	82052773	82053135	LTR/ERVL-MaLR	1894	+	181	82052954	97627
chr13	46299481	46499481	harbor1	chr13	46308513	46308891	LTR/ERVL-MaLR	2110	+	189	46308702	9221
chr13	46299481	46499481	harbor1	chr13	46325237	46325643	LTR/ERVL-MaLR	2443	+	203	46325440	25959
chr13	46299481	46499481	harbor1	chr13	46336951	46337161	LTR/ERVL-MaLR	1906	+	105	46337056	37575
chr13	46299481	46499481	harbor1	chr13	46337455	46337659	LTR/ERVL-MaLR	1906	+	102	46337557	38076
chr13	46299481	46499481	harbor1	chr13	46348449	46348606	LTR/ERVL-MaLR	2536	+	78	46348527	49046
chr13	46299481	46499481	harbor1	chr13	46348901	46349114	LTR/ERVL-MaLR	2536	+	106	46349007	49526
chr13	46299481	46499481	harbor1	chr13	46396376	46396739	LTR/ERVL-MaLR	1602	+	182	46396558	97077
chr13	46299481	46499481	harbor1	chr13	46397042	46397104	LTR/ERVL-MaLR	1602	+	31	46397073	97592
chr13	52264859	52464859	harbor1	chr13	52276325	52276564	LTR/ERVL-MaLR	747	+	120	52276445	11586
chr13	52264859	52464859	harbor1	chr13	52279477	52279681	LTR/ERVL-MaLR	570	+	102	52279579	14720
chr13	20319218	20519218	harbor1	chr13	20347090	20347450	LTR/ERVL-MaLR	1767	+	180	20347270	28052
chr13	20319218	20519218	harbor1	chr13	20380328	20380784	LTR/ERVL-MaLR	1197	+	228	20380556	61338
chr13	20319218	20519218	harbor1	chr13	20386607	20386970	LTR/ERVL-MaLR	2463	+	182	20386789	67571
chr13	77680175	77880175	harbor1	chr13	77690843	77691103	LTR/ERVL-MaLR	690	+	130	77690973	10798
chr13	77680175	77880175	harbor1	chr13	77721043	77721409	LTR/ERVL-MaLR	1968	+	183	77721226	41051
chr13	86692386	86892386	harbor1	chr13	86718836	86719249	LTR/ERVL-MaLR	2254	+	206	86719042	26656
chr13	86692386	86892386	harbor1	chr13	86791776	86791887	LTR/ERVL-MaLR	463	+	56	86791832	99446
chr13	62205568	62405568	harbor1	chr13	62230315	62230704	LTR/ERVL-MaLR	1297	+	194	62230509	24941
chr13	62205568	62405568	harbor1	chr13	62234563	62234823	LTR/ERVL-MaLR	493	+	130	62234693	29125
chr13	62205568	62405568	harbor1	chr13	62266592	62266931	LTR/ERVL-MaLR	1908	+	170	62266762	61194
chr13	62205568	62405568	harbor1	chr13	62267670	62268025	LTR/ERVL-MaLR	1908	+	178	62267848	62280
chr13	62205568	62405568	harbor1	chr13	62290971	62291320	LTR/ERVL-MaLR	2020	+	174	62291145	85577
chr13	59984783	60184783	harbor1	chr13	60021113	60021343	LTR/ERVL-MaLR	649	+	115	60021228	36445
chr13	59984783	60184783	harbor1	chr13	60021686	60021877	LTR/ERVL-MaLR	671	+	96	60021782	36999
chr13	59984783	60184783	harbor1	chr13	60029394	60029775	LTR/ERVL-MaLR	2286	+	190	60029584	44801
chr13	59984783	60184783	harbor1	chr13	60044735	60045060	LTR/ERVL-MaLR	2013	+	162	60044897	60114
chr13	59984783	60184783	harbor1	chr13	60045371	60045421	LTR/ERVL-MaLR	2013	+	25	60045396	60613
chr13	59984783	60184783	harbor1	chr13	60078882	60079108	LTR/ERVL-MaLR	464	+	113	60078995	94212
chr13	41378341	41578341	harbor1	chr13	41401458	41401662	LTR/ERVL-MaLR	461	+	102	41401560	23219
chr13	41378341	41578341	harbor1	chr13	41415570	41415860	LTR/ERVL-MaLR	2406	+	145	41415715	37374
chr13	41378341	41578341	harbor1	chr13	41416223	41416391	LTR/ERVL-MaLR	2406	+	84	41416307	37966
chr13	41378341	41578341	harbor1	chr13	41417571	41417794	LTR/ERVL-MaLR	746	+	112	41417683	39342
chr13	41378341	41578341	harbor1	chr13	41417918	41417988	LTR/ERVL-MaLR	746	+	35	41417953	39612
chr13	85492790	85692790	harbor1	chr13	85531144	85531643	LTR/ERVL-MaLR	838	+	250	85531394	38604
chr13	85492790	85692790	harbor1	chr13	85544470	85544736	LTR/ERVL-MaLR	1623	+	133	85544603	51813
chr13	85492790	85692790	harbor1	chr13	85555740	85555940	LTR/ERVL-MaLR	518	+	100	85555840	63050
chr13	85492790	85692790	harbor1	chr13	85555936	85556141	LTR/ERVL-MaLR	554	+	102	85556038	63248
chr13	85492790	85692790	harbor1	chr13	85564766	85564922	LTR/ERVL-MaLR	602	+	78	85564844	72054
chr13	85492790	85692790	harbor1	chr13	85576136	85576651	LTR/ERVL-MaLR	774	+	258	85576394	83604
chr13	85492790	85692790	harbor1	chr13	85540737	85540985	LTR/ERVL-MaLR	1089	+	124	85540861	48071
chr13	87894965	88094965	harbor1	chr13	87917266	87917617	LTR/ERVL-MaLR	1762	+	176	87917442	22477
chr13	87894965	88094965	harbor1	chr13	87939646	87939866	LTR/ERVL-MaLR	2177	+	110	87939756	44791
chr13	87894965	88094965	harbor1	chr13	87940348	87940580	LTR/ERVL-MaLR	2177	+	116	87940464	45499
chr13	81302912	81502912	harbor1	chr13	81336290	81336737	LTR/ERVL-MaLR	1131	+	224	81336514	33602
chr13	81302912	81502912	harbor1	chr13	81354524	81354940	LTR/ERVL-MaLR	1805	+	208	81354732	51820
chr13	72836662	73036662	harbor1	chr13	72867033	72867392	LTR/ERVL-MaLR	2145	+	180	72867213	30551
chr13	72836662	73036662	harbor1	chr13	72912092	72912290	LTR/ERVL-MaLR	810	+	99	72912191	75529
chr13	58719302	58919302	harbor1	chr13	58734221	58734585	LTR/ERVL-MaLR	1856	+	182	58734403	15101
chr13	58719302	58919302	harbor1	chr13	58737566	58738017	LTR/ERVL-MaLR	2075	+	226	58737792	18490
chr13	58719302	58919302	harbor1	chr13	58740261	58740435	LTR/ERVL-MaLR	533	+	87	58740348	21046
chr13	58719302	58919302	harbor1	chr13	58748918	58749203	LTR/ERVL-MaLR	468	+	142	58749060	29758
chr13	58719302	58919302	harbor1	chr13	58750557	58750911	LTR/ERVL-MaLR	2780	+	177	58750734	31432
chr13	58719302	58919302	harbor1	chr13	58765871	58766243	LTR/ERVL-MaLR	2186	+	186	58766057	46755
chr13	58719302	58919302	harbor1	chr13	58791323	58791696	LTR/ERVL-MaLR	2070	+	186	58791509	72207
chr13	58719302	58919302	harbor1	chr13	58795701	58796110	LTR/ERVL-MaLR	1595	+	204	58795905	76603
chr13	58719302	58919302	harbor1	chr13	58797898	58798357	LTR/ERVL-MaLR	1181	+	230	58798128	78826
chr13	97794457	97994457	harbor1	chr13	97801254	97801765	LTR/ERVL-MaLR	2216	+	256	97801510	7053
chr13	97794457	97994457	harbor1	chr13	97802918	97803279	LTR/ERVL-MaLR	2114	+	180	97803098	8641
chr13	97794457	97994457	harbor1	chr13	97821257	97821480	LTR/ERVL-MaLR	1417	+	112	97821369	26912
chr13	97794457	97994457	harbor1	chr13	97825180	97825291	LTR/ERVL-MaLR	514	+	56	97825236	30779
chr13	97794457	97994457	harbor1	chr13	97849856	97850385	LTR/ERVL-MaLR	1735	+	264	97850120	55663
chr13	97794457	97994457	harbor1	chr13	97851040	97851118	LTR/ERVL-MaLR	1970	+	39	97851079	56622
chr13	97794457	97994457	harbor1	chr13	97851482	97851922	LTR/ERVL-MaLR	1970	+	220	97851702	57245
chr13	97794457	97994457	harbor1	chr13	97862508	97862705	LTR/ERVL-MaLR	681	+	98	97862606	68149
chr13	97794457	97994457	harbor1	chr13	97864879	97865020	LTR/ERVL-MaLR	643	+	70	97864949	70492
chr13	97794457	97994457	harbor1	chr13	97865463	97865559	LTR/ERVL-MaLR	533	+	48	97865511	71054
chr13	97794457	97994457	harbor1	chr13	97861545	97861986	LTR/ERVL-MaLR	2367	+	220	97861765	67308
chr13	61189938	61389938	harbor1	chr13	61212725	61213082	LTR/ERVL-MaLR	1247	+	178	61212903	22965
chr13	61189938	61389938	harbor1	chr13	61248668	61249056	LTR/ERVL-MaLR	1527	+	194	61248862	58924
chr13	61189938	61389938	harbor1	chr13	61279945	61280045	LTR/ERVL-MaLR	577	+	50	61279995	90057
chr13	61189938	61389938	harbor1	chr13	61280046	61280576	LTR/ERVL-MaLR	3080	+	265	61280311	90373
chr13	61189938	61389938	harbor1	chr13	61282469	61282551	LTR/ERVL-MaLR	1460	+	41	61282510	92572
chr13	61189938	61389938	harbor1	chr13	61283204	61283473	LTR/ERVL-MaLR	1460	+	134	61283338	93400
chr13	48058307	48258307	harbor1	chr13	48063289	48063551	LTR/ERVL-MaLR	1397	+	131	48063420	5113
chr13	48058307	48258307	harbor1	chr13	48075152	48075626	LTR/ERVL-MaLR	1550	+	237	48075389	17082
chr13	48058307	48258307	harbor1	chr13	48100780	48101107	LTR/ERVL-MaLR	1792	+	164	48100944	42637
chr13	48058307	48258307	harbor1	chr13	48102945	48103392	LTR/ERVL-MaLR	1543	+	224	48103169	44862
chr13	48058307	48258307	harbor1	chr13	48106948	48107109	LTR/ERVL-MaLR	769	+	80	48107028	48721
chr13	48058307	48258307	harbor1	chr13	48108094	48108319	LTR/ERVL-MaLR	837	+	112	48108206	49899
chr13	48058307	48258307	harbor1	chr13	48138346	48138726	LTR/ERVL-MaLR	2550	+	190	48138536	80229
chr13	48058307	48258307	harbor1	chr13	48139038	48139077	LTR/ERVL-MaLR	2550	+	20	48139058	80751
chr13	48058307	48258307	harbor1	chr13	48150461	48150780	LTR/ERVL-MaLR	1437	+	160	48150621	92314
chr13	48058307	48258307	harbor1	chr13	48151078	48151089	LTR/ERVL-MaLR	1437	+	6	48151084	92777
chr13	48058307	48258307	harbor1	chr13	48151400	48151599	LTR/ERVL-MaLR	1437	+	100	48151500	93193
chr13	29080377	29280377	harbor1	chr13	29081987	29082337	LTR/ERVL-MaLR	1594	+	175	29082162	1785
chr13	29080377	29280377	harbor1	chr13	29084892	29085252	LTR/ERVL-MaLR	1804	+	180	29085072	4695
chr13	29080377	29280377	harbor1	chr13	29113805	29114225	LTR/ERVL-MaLR	2485	+	210	29114015	33638
chr13	97265963	97465963	harbor1	chr13	97309289	97309675	LTR/ERVL-MaLR	1703	+	193	97309482	43519
chr13	97265963	97465963	harbor1	chr13	97336353	97336815	LTR/ERVL-MaLR	1386	+	231	97336584	70621
chr13	97265963	97465963	harbor1	chr13	97337023	97337367	LTR/ERVL-MaLR	1707	+	172	97337195	71232
chr14	64159541	64359541	harbor1	chr14	64246175	64246553	LTR/ERVL-MaLR	2440	+	189	64246364	86823
chr14	21947518	22147518	harbor1	chr14	21996332	21996712	LTR/ERVL-MaLR	1851	+	190	21996522	49004
chr14	21947518	22147518	harbor1	chr14	21996965	21997180	LTR/ERVL-MaLR	639	+	108	21997073	49555
chr14	21947518	22147518	harbor1	chr14	22019683	22020082	LTR/ERVL-MaLR	2070	+	200	22019883	72365
chr14	21947518	22147518	harbor1	chr14	22028474	22028521	LTR/ERVL-MaLR	1404	+	24	22028498	80980
chr14	21947518	22147518	harbor1	chr14	22029490	22029775	LTR/ERVL-MaLR	1404	+	142	22029632	82114
chr14	23247661	23447661	harbor1	chr14	23291361	23291490	LTR/ERVL-MaLR	2072	+	64	23291425	43764
chr14	23247661	23447661	harbor1	chr14	23291789	23292059	LTR/ERVL-MaLR	2072	+	135	23291924	44263
chr14	23247661	23447661	harbor1	chr14	23331352	23331684	LTR/ERVL-MaLR	1642	+	166	23331518	83857
chr14	23247661	23447661	harbor1	chr14	23339849	23340219	LTR/ERVL-MaLR	1928	+	185	23340034	92373
chr14	69846416	70046416	harbor1	chr14	69864626	69865098	LTR/ERVL-MaLR	2609	+	236	69864862	18446
chr14	69846416	70046416	harbor1	chr14	69870422	69870548	LTR/ERVL-MaLR	1338	+	63	69870485	24069
chr14	69846416	70046416	harbor1	chr14	69870549	69870888	LTR/ERVL-MaLR	1128	+	170	69870719	24303
chr14	69846416	70046416	harbor1	chr14	69870889	69871124	LTR/ERVL-MaLR	1338	+	118	69871007	24591
chr14	69846416	70046416	harbor1	chr14	69871290	69871441	LTR/ERVL-MaLR	876	+	76	69871366	24950
chr14	69846416	70046416	harbor1	chr14	69874626	69875039	LTR/ERVL-MaLR	1216	+	206	69874832	28416
chr14	69846416	70046416	harbor1	chr14	69893744	69894132	LTR/ERVL-MaLR	2077	+	194	69893938	47522
chr14	69846416	70046416	harbor1	chr14	69899239	69899639	LTR/ERVL-MaLR	2440	+	200	69899439	53023
chr14	69846416	70046416	harbor1	chr14	69901882	69902367	LTR/ERVL-MaLR	1611	+	242	69902124	55708
chr14	69846416	70046416	harbor1	chr14	69902371	69902602	LTR/ERVL-MaLR	762	+	116	69902487	56071
chr14	69846416	70046416	harbor1	chr14	69903918	69904241	LTR/ERVL-MaLR	461	+	162	69904080	57664
chr14	69846416	70046416	harbor1	chr14	69906090	69906655	LTR/ERVL-MaLR	2263	+	282	69906372	59956
chr14	69846416	70046416	harbor1	chr14	69945496	69945677	LTR/ERVL-MaLR	1001	+	90	69945586	99170
chr14	99359904	99559904	harbor1	chr14	99428734	99428995	LTR/ERVL-MaLR	1038	+	130	99428864	68960
chr14	99359904	99559904	harbor1	chr14	99459811	99459946	LTR/ERVL-MaLR	567	+	68	99459879	99975
chr14	88440908	88640908	harbor1	chr14	88528517	88528843	LTR/ERVL-MaLR	1970	+	163	88528680	87772
chr14	38718769	38918769	harbor1	chr14	38737155	38737495	LTR/ERVL-MaLR	1290	+	170	38737325	18556
chr14	38718769	38918769	harbor1	chr14	38785381	38785761	LTR/ERVL-MaLR	729	+	190	38785571	66802
chr14	38718769	38918769	harbor1	chr14	38798088	38798461	LTR/ERVL-MaLR	1901	+	186	38798274	79505
chr14	58959527	59159527	harbor1	chr14	58960169	58960539	LTR/ERVL-MaLR	1966	+	185	58960354	827
chr14	58959527	59159527	harbor1	chr14	58968312	58968688	LTR/ERVL-MaLR	797	+	188	58968500	8973
chr14	58959527	59159527	harbor1	chr14	58989361	58989716	LTR/ERVL-MaLR	2236	+	178	58989539	30012
chr14	58959527	59159527	harbor1	chr14	58997506	58997887	LTR/ERVL-MaLR	2109	+	190	58997696	38169
chr14	58959527	59159527	harbor1	chr14	58999495	58999865	LTR/ERVL-MaLR	1857	+	185	58999680	40153
chr14	58959527	59159527	harbor1	chr14	59030451	59030885	LTR/ERVL-MaLR	2471	+	217	59030668	71141
chr14	58959527	59159527	harbor1	chr14	59039307	59039664	LTR/ERVL-MaLR	2004	+	178	59039485	79958
chr14	58959527	59159527	harbor1	chr14	59051865	59052259	LTR/ERVL-MaLR	2128	+	197	59052062	92535
chr14	58959527	59159527	harbor1	chr14	58997890	58999494	LTR/ERVL-MaLR	10635	+	802	58998692	39165
chr14	80092088	80292088	harbor1	chr14	80121394	80121841	LTR/ERVL-MaLR	2742	+	224	80121618	29530
chr14	80092088	80292088	harbor1	chr14	80121842	80122521	LTR/ERVL-MaLR	8227	+	340	80122182	30094
chr14	80092088	80292088	harbor1	chr14	80122522	80122883	LTR/ERVL-MaLR	1546	+	180	80122702	30614
chr14	80092088	80292088	harbor1	chr14	80122884	80123907	LTR/ERVL-MaLR	8227	+	512	80123396	31308
chr14	80092088	80292088	harbor1	chr14	80123908	80124331	LTR/ERVL-MaLR	2342	+	212	80124120	32032
chr14	80092088	80292088	harbor1	chr14	80127633	80128022	LTR/ERVL-MaLR	701	+	194	80127827	35739
chr14	80092088	80292088	harbor1	chr14	80132613	80133055	LTR/ERVL-MaLR	1830	+	221	80132834	40746
chr14	80092088	80292088	harbor1	chr14	80141624	80142082	LTR/ERVL-MaLR	1491	+	229	80141853	49765
chr14	80092088	80292088	harbor1	chr14	80155358	80155632	LTR/ERVL-MaLR	468	+	137	80155495	63407
chr14	80092088	80292088	harbor1	chr14	80184304	80184502	LTR/ERVL-MaLR	560	+	99	80184403	92315
chr14	80092088	80292088	harbor1	chr14	80184626	80184810	LTR/ERVL-MaLR	607	+	92	80184718	92630
chr14	80997544	81197544	harbor1	chr14	81007062	81007334	LTR/ERVL-MaLR	585	+	136	81007198	9654
chr14	80997544	81197544	harbor1	chr14	81022447	81022540	LTR/ERVL-MaLR	1421	+	46	81022493	24949
chr14	80997544	81197544	harbor1	chr14	81022838	81023147	LTR/ERVL-MaLR	1421	+	154	81022992	25448
chr14	80997544	81197544	harbor1	chr14	81049653	81049994	LTR/ERVL-MaLR	1731	+	170	81049823	52279
chr14	80997544	81197544	harbor1	chr14	81054034	81054380	LTR/ERVL-MaLR	2140	+	173	81054207	56663
chr14	80997544	81197544	harbor1	chr14	81054381	81055976	LTR/ERVL-MaLR	11794	+	798	81055179	57635
chr14	80997544	81197544	harbor1	chr14	81055977	81056319	LTR/ERVL-MaLR	2017	+	171	81056148	58604
chr14	80997544	81197544	harbor1	chr14	81078587	81079008	LTR/ERVL-MaLR	1346	+	210	81078797	81253
chr14	98224347	98424347	harbor1	chr14	98250377	98250663	LTR/ERVL-MaLR	787	+	143	98250520	26173
chr14	98224347	98424347	harbor1	chr14	98255572	98255916	LTR/ERVL-MaLR	1207	+	172	98255744	31397
chr14	98224347	98424347	harbor1	chr14	98264041	98264178	LTR/ERVL-MaLR	445	+	68	98264109	39762
chr14	98224347	98424347	harbor1	chr14	98264179	98264654	LTR/ERVL-MaLR	1732	+	238	98264417	40070
chr14	98224347	98424347	harbor1	chr14	98264655	98264844	LTR/ERVL-MaLR	445	+	94	98264749	40402
chr14	98224347	98424347	harbor1	chr14	98295755	98296140	LTR/ERVL-MaLR	2041	+	192	98295947	71600
chr14	98224347	98424347	harbor1	chr14	98305131	98305483	LTR/ERVL-MaLR	2631	+	176	98305307	80960
chr14	98224347	98424347	harbor1	chr14	98309668	98309977	LTR/ERVL-MaLR	623	+	154	98309822	85475
chr14	55828373	56028373	harbor1	chr14	55858212	55858576	LTR/ERVL-MaLR	2553	+	182	55858394	30021
chr14	55828373	56028373	harbor1	chr14	55896321	55896673	LTR/ERVL-MaLR	1941	+	176	55896497	68124
chr14	55828373	56028373	harbor1	chr14	55852815	55853207	LTR/ERVL-MaLR	2420	+	196	55853011	24638
chr14	80691491	80891491	harbor1	chr14	80705571	80705891	LTR/ERVL-MaLR	857	+	160	80705731	14240
chr14	80691491	80891491	harbor1	chr14	80745023	80745409	LTR/ERVL-MaLR	2088	+	193	80745216	53725
chr14	80691491	80891491	harbor1	chr14	80750812	80751196	LTR/ERVL-MaLR	1686	+	192	80751004	59513
chr14	80691491	80891491	harbor1	chr14	80777139	80777515	LTR/ERVL-MaLR	1890	+	188	80777327	85836
chr14	97698129	97898129	harbor1	chr14	97768579	97769065	LTR/ERVL-MaLR	1356	+	243	97768822	70693
chr14	97698129	97898129	harbor1	chr14	97769284	97769321	LTR/ERVL-MaLR	1356	+	18	97769302	71173
chr14	97698129	97898129	harbor1	chr14	97771747	97772187	LTR/ERVL-MaLR	545	+	220	97771967	73838
chr14	69017177	69217177	harbor1	chr14	69018483	69018827	LTR/ERVL-MaLR	1269	+	172	69018655	1478
chr14	69017177	69217177	harbor1	chr14	69073251	69073466	LTR/ERVL-MaLR	1130	+	108	69073359	56182
chr14	76600498	76800498	harbor1	chr14	76630599	76630964	LTR/ERVL-MaLR	1709	+	182	76630781	30283
chr14	76600498	76800498	harbor1	chr14	76630983	76631414	LTR/ERVL-MaLR	1344	+	216	76631199	30701
chr14	76600498	76800498	harbor1	chr14	76645239	76645543	LTR/ERVL-MaLR	676	+	152	76645391	44893
chr14	76600498	76800498	harbor1	chr14	76645769	76646136	LTR/ERVL-MaLR	997	+	184	76645953	45455
chr14	76600498	76800498	harbor1	chr14	76666846	76667260	LTR/ERVL-MaLR	2428	+	207	76667053	66555
chr14	76600498	76800498	harbor1	chr14	76677279	76677692	LTR/ERVL-MaLR	2361	+	206	76677485	76987
chr14	76600498	76800498	harbor1	chr14	76698617	76698996	LTR/ERVL-MaLR	2242	+	190	76698807	98309
chr14	63970607	64170607	harbor1	chr14	64042453	64042823	LTR/ERVL-MaLR	2373	+	185	64042638	72031
chr14	63970607	64170607	harbor1	chr14	64042827	64044560	LTR/ERVL-MaLR	9339	+	866	64043693	73086
chr14	63970607	64170607	harbor1	chr14	64044561	64044930	LTR/ERVL-MaLR	2236	+	184	64044745	74138
chr14	44071563	44271563	harbor1	chr14	44108089	44108497	LTR/ERVL-MaLR	1934	+	204	44108293	36730
chr14	44071563	44271563	harbor1	chr14	44108499	44108639	LTR/ERVL-MaLR	840	+	70	44108569	37006
chr14	44071563	44271563	harbor1	chr14	44109100	44110583	LTR/ERVL-MaLR	8223	+	742	44109842	38279
chr14	44071563	44271563	harbor1	chr14	44110584	44111049	LTR/ERVL-MaLR	1150	+	232	44110816	39253
chr14	44071563	44271563	harbor1	chr14	44117905	44118132	LTR/ERVL-MaLR	1006	+	114	44118019	46456
chr14	44071563	44271563	harbor1	chr14	44135692	44136076	LTR/ERVL-MaLR	1551	+	192	44135884	64321
chr14	44071563	44271563	harbor1	chr14	44144834	44145203	LTR/ERVL-MaLR	1828	+	184	44145018	73455
chr14	87095251	87295251	harbor1	chr14	87103354	87103705	LTR/ERVL-MaLR	1560	+	176	87103530	8279
chr14	87095251	87295251	harbor1	chr14	87156977	87157357	LTR/ERVL-MaLR	2249	+	190	87157167	61916
chr14	87095251	87295251	harbor1	chr14	87168006	87168366	LTR/ERVL-MaLR	1566	+	180	87168186	72935
chr14	87095251	87295251	harbor1	chr14	87177295	87177699	LTR/ERVL-MaLR	2712	+	202	87177497	82246
chr14	87095251	87295251	harbor1	chr14	87193665	87194057	LTR/ERVL-MaLR	1321	+	196	87193861	98610
chr14	47510042	47710042	harbor1	chr14	47510018	47510373	LTR/ERVL-MaLR	1586	+	178	47510196	154
chr14	47510042	47710042	harbor1	chr14	47549572	47549989	LTR/ERVL-MaLR	1372	+	208	47549780	39738
chr14	47510042	47710042	harbor1	chr14	47603706	47604130	LTR/ERVL-MaLR	2239	+	212	47603918	93876
chr14	34236100	34436100	harbor1	chr14	34247261	34247402	LTR/ERVL-MaLR	480	+	70	34247331	11231
chr14	34236100	34436100	harbor1	chr14	34278101	34278469	LTR/ERVL-MaLR	2388	+	184	34278285	42185
chr14	34236100	34436100	harbor1	chr14	34282998	34283363	LTR/ERVL-MaLR	2763	+	182	34283180	47080
chr14	34236100	34436100	harbor1	chr14	34299752	34299798	LTR/ERVL-MaLR	1856	+	23	34299775	63675
chr14	34236100	34436100	harbor1	chr14	34300095	34300123	LTR/ERVL-MaLR	1856	+	14	34300109	64009
chr14	34236100	34436100	harbor1	chr14	34300475	34300861	LTR/ERVL-MaLR	1856	+	193	34300668	64568
chr14	34236100	34436100	harbor1	chr14	34305641	34306059	LTR/ERVL-MaLR	2760	+	209	34305850	69750
chr14	34236100	34436100	harbor1	chr14	34307194	34307532	LTR/ERVL-MaLR	1037	+	169	34307363	71263
chr14	34236100	34436100	harbor1	chr14	34328175	34328470	LTR/ERVL-MaLR	676	+	148	34328323	92223
chr14	34236100	34436100	harbor1	chr14	34328637	34328769	LTR/ERVL-MaLR	676	+	66	34328703	92603
chr14	53693796	53893796	harbor1	chr14	53698573	53698958	LTR/ERVL-MaLR	1806	+	192	53698765	4969
chr14	53693796	53893796	harbor1	chr14	53711175	53711596	LTR/ERVL-MaLR	2265	+	210	53711385	17589
chr14	53693796	53893796	harbor1	chr14	53734414	53734857	LTR/ERVL-MaLR	2465	+	222	53734636	40840
chr14	53693796	53893796	harbor1	chr14	53753936	53754285	LTR/ERVL-MaLR	2348	+	174	53754110	60314
chr14	53693796	53893796	harbor1	chr14	53754287	53754924	LTR/ERVL-MaLR	4174	+	318	53754605	60809
chr14	62376126	62576126	harbor1	chr14	62386193	62386524	LTR/ERVL-MaLR	1849	+	166	62386359	10233
chr14	62376126	62576126	harbor1	chr14	62386527	62388149	LTR/ERVL-MaLR	10970	+	811	62387338	11212
chr14	62376126	62576126	harbor1	chr14	62388150	62388498	LTR/ERVL-MaLR	2034	+	174	62388324	12198
chr14	62376126	62576126	harbor1	chr14	62404000	62404403	LTR/ERVL-MaLR	2308	+	202	62404202	28076
chr14	62376126	62576126	harbor1	chr14	62433119	62433426	LTR/ERVL-MaLR	416	+	154	62433273	57147
chr14	62376126	62576126	harbor1	chr14	62443516	62443889	LTR/ERVL-MaLR	2030	+	186	62443702	67576
chr14	62376126	62576126	harbor1	chr14	62461987	62462357	LTR/ERVL-MaLR	1890	+	185	62462172	86046
chr14	62376126	62576126	harbor1	chr14	62475776	62476195	LTR/ERVL-MaLR	1589	+	210	62475986	99860
chr14	85865398	86065398	harbor1	chr14	85871624	85871927	LTR/ERVL-MaLR	897	+	152	85871776	6378
chr14	85865398	86065398	harbor1	chr14	85896656	85896801	LTR/ERVL-MaLR	507	+	72	85896728	31330
chr14	85865398	86065398	harbor1	chr14	85896832	85897483	LTR/ERVL-MaLR	846	+	326	85897158	31760
chr14	85865398	86065398	harbor1	chr14	85962394	85962876	LTR/ERVL-MaLR	1770	+	241	85962635	97237
chr14	51943763	52143763	harbor1	chr14	51947208	51947733	LTR/ERVL-MaLR	2072	+	262	51947470	3707
chr14	51943763	52143763	harbor1	chr14	51963940	51964386	LTR/ERVL-MaLR	1580	+	223	51964163	20400
chr14	51943763	52143763	harbor1	chr14	51983686	51984108	LTR/ERVL-MaLR	2621	+	211	51983897	40134
chr14	51943763	52143763	harbor1	chr14	52008012	52008545	LTR/ERVL-MaLR	1784	+	266	52008278	64515
chr14	51943763	52143763	harbor1	chr14	52024168	52024665	LTR/ERVL-MaLR	1591	+	248	52024416	80653
chr14	46248771	46448771	harbor1	chr14	46277487	46278009	LTR/ERVL-MaLR	1786	+	261	46277748	28977
chr14	46248771	46448771	harbor1	chr14	46289967	46290290	LTR/ERVL-MaLR	533	+	162	46290129	41358
chr14	46248771	46448771	harbor1	chr14	46290296	46290494	LTR/ERVL-MaLR	411	+	99	46290395	41624
chr14	46248771	46448771	harbor1	chr14	46320158	46320373	LTR/ERVL-MaLR	967	+	108	46320266	71495
chr14	46248771	46448771	harbor1	chr14	46336745	46337065	LTR/ERVL-MaLR	1409	+	160	46336905	88134
chr14	46248771	46448771	harbor1	chr14	46337333	46337532	LTR/ERVL-MaLR	1409	+	100	46337433	88662
chr14	78806683	79006683	harbor1	chr14	78858955	78859329	LTR/ERVL-MaLR	2273	+	187	78859142	52459
chr14	78806683	79006683	harbor1	chr14	78880869	78881243	LTR/ERVL-MaLR	2605	+	187	78881056	74373
chr14	78806683	79006683	harbor1	chr14	78881246	78882834	LTR/ERVL-MaLR	10698	+	794	78882040	75357
chr14	78806683	79006683	harbor1	chr14	78882835	78883208	LTR/ERVL-MaLR	2590	+	186	78883021	76338
chr14	78806683	79006683	harbor1	chr14	78889762	78890209	LTR/ERVL-MaLR	1049	+	224	78889986	83303
chr14	101489120	101689120	harbor1	chr14	101499560	101499859	LTR/ERVL-MaLR	513	+	150	101499710	10590
chr14	101489120	101689120	harbor1	chr14	101500006	101500171	LTR/ERVL-MaLR	530	+	82	101500088	10968
chr14	101489120	101689120	harbor1	chr14	101500237	101500559	LTR/ERVL-MaLR	787	+	161	101500398	11278
chr14	101489120	101689120	harbor1	chr14	101532551	101532933	LTR/ERVL-MaLR	908	+	191	101532742	43622
chr14	101489120	101689120	harbor1	chr14	101542171	101542569	LTR/ERVL-MaLR	1406	+	199	101542370	53250
chr14	101489120	101689120	harbor1	chr14	101553850	101554260	LTR/ERVL-MaLR	617	+	205	101554055	64935
chr14	101489120	101689120	harbor1	chr14	101567657	101568011	LTR/ERVL-MaLR	1689	+	177	101567834	78714
chr14	101489120	101689120	harbor1	chr14	101574500	101574912	LTR/ERVL-MaLR	2042	+	206	101574706	85586
chr14	101489120	101689120	harbor1	chr14	101576704	101576864	LTR/ERVL-MaLR	630	+	80	101576784	87664
chr14	101489120	101689120	harbor1	chr14	101576884	101577135	LTR/ERVL-MaLR	1118	+	126	101577010	87890
chr14	101489120	101689120	harbor1	chr14	101577610	101577751	LTR/ERVL-MaLR	483	+	70	101577680	88560
chr14	86528620	86728620	harbor1	chr14	86531389	86531840	LTR/ERVL-MaLR	1216	+	226	86531615	2995
chr14	86528620	86728620	harbor1	chr14	86536424	86536968	LTR/ERVL-MaLR	2027	+	272	86536696	8076
chr14	86528620	86728620	harbor1	chr14	86576815	86577036	LTR/ERVL-MaLR	591	+	110	86576925	48305
chr14	86528620	86728620	harbor1	chr14	86582156	86582332	LTR/ERVL-MaLR	1033	+	88	86582244	53624
chr14	86528620	86728620	harbor1	chr14	86583365	86583565	LTR/ERVL-MaLR	1137	+	100	86583465	54845
chr14	86528620	86728620	harbor1	chr14	86606931	86607263	LTR/ERVL-MaLR	1281	+	166	86607097	78477
chr14	86528620	86728620	harbor1	chr14	86623122	86623472	LTR/ERVL-MaLR	1978	+	175	86623297	94677
chr14	93709546	93909546	harbor1	chr14	93745994	93746277	LTR/ERVL-MaLR	480	+	142	93746136	36590
chr14	93709546	93909546	harbor1	chr14	93771191	93771677	LTR/ERVL-MaLR	810	+	243	93771434	61888
chr14	93709546	93909546	harbor1	chr14	93775832	93776331	LTR/ERVL-MaLR	1279	+	250	93776082	66536
chr14	93709546	93909546	harbor1	chr14	93794587	93794989	LTR/ERVL-MaLR	1281	+	201	93794788	85242
chr14	93709546	93909546	harbor1	chr14	93802561	93803057	LTR/ERVL-MaLR	568	+	248	93802809	93263
chr14	93709546	93909546	harbor1	chr14	93806788	93807273	LTR/ERVL-MaLR	1987	+	242	93807030	97484
chr14	39794968	39994968	harbor1	chr14	39837935	39838311	LTR/ERVL-MaLR	1307	+	188	39838123	43155
chr14	39794968	39994968	harbor1	chr14	39840602	39840924	LTR/ERVL-MaLR	1096	+	161	39840763	45795
chr14	39794968	39994968	harbor1	chr14	39858762	39858991	LTR/ERVL-MaLR	830	+	114	39858876	63908
chr14	39794968	39994968	harbor1	chr14	39859556	39859856	LTR/ERVL-MaLR	830	+	150	39859706	64738
chr14	39794968	39994968	harbor1	chr14	39871476	39871931	LTR/ERVL-MaLR	1923	+	228	39871704	76736
chr14	39794968	39994968	harbor1	chr14	39872089	39872488	LTR/ERVL-MaLR	578	+	200	39872289	77321
chr14	39794968	39994968	harbor1	chr14	39872797	39872891	LTR/ERVL-MaLR	578	+	47	39872844	77876
chr14	39794968	39994968	harbor1	chr14	39874653	39875028	LTR/ERVL-MaLR	1475	+	188	39874841	79873
chr14	65202260	65402260	harbor1	chr14	65237332	65237693	LTR/ERVL-MaLR	1577	+	180	65237512	35252
chr14	65202260	65402260	harbor1	chr14	65253685	65253815	LTR/ERVL-MaLR	541	+	65	65253750	51490
chr14	65202260	65402260	harbor1	chr14	65253851	65254082	LTR/ERVL-MaLR	719	+	116	65253967	51707
chr14	65202260	65402260	harbor1	chr14	65277600	65277971	LTR/ERVL-MaLR	1976	+	186	65277786	75526
chr14	65202260	65402260	harbor1	chr14	65283733	65283840	LTR/ERVL-MaLR	900	+	54	65283787	81527
chr14	65202260	65402260	harbor1	chr14	65284148	65284178	LTR/ERVL-MaLR	900	+	15	65284163	81903
chr14	65202260	65402260	harbor1	chr14	65284444	65284714	LTR/ERVL-MaLR	900	+	135	65284579	82319
chr14	65202260	65402260	harbor1	chr14	65284737	65284944	LTR/ERVL-MaLR	1003	+	104	65284841	82581
chr14	65202260	65402260	harbor1	chr14	65284945	65285417	LTR/ERVL-MaLR	2648	+	236	65285181	82921
chr14	65202260	65402260	harbor1	chr14	65285418	65285690	LTR/ERVL-MaLR	1003	+	136	65285554	83294
chr14	65202260	65402260	harbor1	chr14	65289015	65289531	LTR/ERVL-MaLR	1531	+	258	65289273	87013
chr14	65202260	65402260	harbor1	chr14	65296890	65297273	LTR/ERVL-MaLR	1931	+	192	65297082	94822
chr14	32591478	32791478	harbor1	chr14	32614615	32614888	LTR/ERVL-MaLR	917	+	136	32614751	23273
chr14	32591478	32791478	harbor1	chr14	32615193	32615401	LTR/ERVL-MaLR	917	+	104	32615297	23819
chr14	32591478	32791478	harbor1	chr14	32633556	32633792	LTR/ERVL-MaLR	434	+	118	32633674	42196
chr14	32591478	32791478	harbor1	chr14	32653259	32653668	LTR/ERVL-MaLR	2156	+	204	32653463	61985
chr14	61209798	61409798	harbor1	chr14	61233542	61233900	LTR/ERVL-MaLR	2461	+	179	61233721	23923
chr14	101471142	101671142	harbor1	chr14	101499560	101499859	LTR/ERVL-MaLR	513	+	150	101499710	28568
chr14	101471142	101671142	harbor1	chr14	101500006	101500171	LTR/ERVL-MaLR	530	+	82	101500088	28946
chr14	101471142	101671142	harbor1	chr14	101500237	101500559	LTR/ERVL-MaLR	787	+	161	101500398	29256
chr14	101471142	101671142	harbor1	chr14	101532551	101532933	LTR/ERVL-MaLR	908	+	191	101532742	61600
chr14	101471142	101671142	harbor1	chr14	101542171	101542569	LTR/ERVL-MaLR	1406	+	199	101542370	71228
chr14	101471142	101671142	harbor1	chr14	101553850	101554260	LTR/ERVL-MaLR	617	+	205	101554055	82913
chr14	101471142	101671142	harbor1	chr14	101567657	101568011	LTR/ERVL-MaLR	1689	+	177	101567834	96692
chr14	43152444	43352444	harbor1	chr14	43161037	43161381	LTR/ERVL-MaLR	1091	+	172	43161209	8765
chr14	43152444	43352444	harbor1	chr14	43161860	43162253	LTR/ERVL-MaLR	1821	+	196	43162056	9612
chr14	43152444	43352444	harbor1	chr14	43187944	43188078	LTR/ERVL-MaLR	627	+	67	43188011	35567
chr14	43152444	43352444	harbor1	chr14	43195317	43195530	LTR/ERVL-MaLR	1072	+	106	43195423	42979
chr14	43152444	43352444	harbor1	chr14	43211475	43211779	LTR/ERVL-MaLR	1411	+	152	43211627	59183
chr14	43152444	43352444	harbor1	chr14	43215574	43215953	LTR/ERVL-MaLR	1540	+	190	43215764	63320
chr14	48626883	48826883	harbor1	chr14	48677507	48677903	LTR/ERVL-MaLR	1355	+	198	48677705	50822
chr14	48626883	48826883	harbor1	chr14	48679411	48679893	LTR/ERVL-MaLR	1645	+	241	48679652	52769
chr14	48626883	48826883	harbor1	chr14	48687031	48687343	LTR/ERVL-MaLR	1497	+	156	48687187	60304
chr14	104464333	104664333	harbor1	chr14	104480221	104480380	LTR/ERVL-MaLR	446	+	80	104480301	15968
chr14	104464333	104664333	harbor1	chr14	104501440	104501801	LTR/ERVL-MaLR	2472	+	180	104501620	37287
chr14	104464333	104664333	harbor1	chr14	104503026	104503450	LTR/ERVL-MaLR	2434	+	212	104503238	38905
chr14	104464333	104664333	harbor1	chr14	104504676	104505077	LTR/ERVL-MaLR	593	+	200	104504876	40543
chr14	104464333	104664333	harbor1	chr14	104525187	104525511	LTR/ERVL-MaLR	1716	+	162	104525349	61016
chr14	104464333	104664333	harbor1	chr14	104550138	104550429	LTR/ERVL-MaLR	557	+	146	104550284	85951
chr14	58767942	58967942	harbor1	chr14	58821629	58821879	LTR/ERVL-MaLR	586	+	125	58821754	53812
chr14	58767942	58967942	harbor1	chr14	58853027	58853634	LTR/ERVL-MaLR	1340	+	304	58853331	85389
chr14	58767942	58967942	harbor1	chr14	58861397	58861582	LTR/ERVL-MaLR	707	+	92	58861489	93547
chr14	58767942	58967942	harbor1	chr14	58861761	58861845	LTR/ERVL-MaLR	543	+	42	58861803	93861
chr14	58767942	58967942	harbor1	chr14	58861846	58862210	LTR/ERVL-MaLR	2740	+	182	58862028	94086
chr14	58767942	58967942	harbor1	chr14	58862211	58862258	LTR/ERVL-MaLR	543	+	24	58862235	94293
chr14	49047477	49247477	harbor1	chr14	49096157	49096492	LTR/ERVL-MaLR	870	+	168	49096325	48848
chr14	49047477	49247477	harbor1	chr14	49120788	49121263	LTR/ERVL-MaLR	1297	+	238	49121026	73549
chr14	49047477	49247477	harbor1	chr14	49143576	49143926	LTR/ERVL-MaLR	770	+	175	49143751	96274
chr14	27153934	27353934	harbor1	chr14	27160094	27160610	LTR/ERVL-MaLR	960	+	258	27160352	6418
chr14	27153934	27353934	harbor1	chr14	27190862	27190968	LTR/ERVL-MaLR	1578	+	53	27190915	36981
chr14	27153934	27353934	harbor1	chr14	27191247	27191506	LTR/ERVL-MaLR	1578	+	130	27191377	37443
chr14	27153934	27353934	harbor1	chr14	27206836	27207194	LTR/ERVL-MaLR	2419	+	179	27207015	53081
chr14	27153934	27353934	harbor1	chr14	27228917	27229071	LTR/ERVL-MaLR	527	+	77	27228994	75060
chr14	27153934	27353934	harbor1	chr14	27229077	27229908	LTR/ERVL-MaLR	1367	+	416	27229493	75559
chr14	27153934	27353934	harbor1	chr14	27231129	27231487	LTR/ERVL-MaLR	2480	+	179	27231308	77374
chr14	27153934	27353934	harbor1	chr14	27229960	27230328	LTR/ERVL-MaLR	922	+	184	27230144	76210
chr14	23829601	24029601	harbor1	chr14	23890345	23890497	LTR/ERVL-MaLR	994	+	76	23890421	60820
chr14	23829601	24029601	harbor1	chr14	23911950	23912451	LTR/ERVL-MaLR	1730	+	250	23912200	82599
chr14	28274284	28474284	harbor1	chr14	28296858	28297238	LTR/ERVL-MaLR	2172	+	190	28297048	22764
chr14	28274284	28474284	harbor1	chr14	28297239	28298778	LTR/ERVL-MaLR	9641	+	770	28298009	23725
chr14	28274284	28474284	harbor1	chr14	28298779	28299182	LTR/ERVL-MaLR	2130	+	202	28298981	24697
chr14	33843256	34043256	harbor1	chr14	33855773	33856239	LTR/ERVL-MaLR	1420	+	233	33856006	12750
chr14	33843256	34043256	harbor1	chr14	33862914	33863333	LTR/ERVL-MaLR	1332	+	210	33863124	19868
chr14	33843256	34043256	harbor1	chr14	33877717	33878075	LTR/ERVL-MaLR	2736	+	179	33877896	34640
chr14	33843256	34043256	harbor1	chr14	33890880	33891253	LTR/ERVL-MaLR	2506	+	186	33891066	47810
chr14	33843256	34043256	harbor1	chr14	33893830	33894184	LTR/ERVL-MaLR	2580	+	177	33894007	50751
chr14	62591670	62791670	harbor1	chr14	62627458	62627971	LTR/ERVL-MaLR	1338	+	256	62627714	36044
chr14	62591670	62791670	harbor1	chr14	62629741	62630149	LTR/ERVL-MaLR	2291	+	204	62629945	38275
chr14	62591670	62791670	harbor1	chr14	62659157	62659392	LTR/ERVL-MaLR	958	+	118	62659275	67605
chr14	62591670	62791670	harbor1	chr14	62659391	62660374	LTR/ERVL-MaLR	4069	+	492	62659883	68213
chr14	78292435	78492435	harbor1	chr14	78380333	78380755	LTR/ERVL-MaLR	1435	+	211	78380544	88109
chr14	85195821	85395821	harbor1	chr14	85213315	85213496	LTR/ERVL-MaLR	476	+	90	85213405	17584
chr14	85195821	85395821	harbor1	chr14	85252713	85253062	LTR/ERVL-MaLR	2251	+	174	85252887	57066
chr14	85195821	85395821	harbor1	chr14	85255906	85256269	LTR/ERVL-MaLR	1497	+	182	85256088	60267
chr14	85195821	85395821	harbor1	chr14	85259486	85259663	LTR/ERVL-MaLR	2086	+	88	85259574	63753
chr14	85195821	85395821	harbor1	chr14	85259963	85260209	LTR/ERVL-MaLR	2086	+	123	85260086	64265
chr14	85195821	85395821	harbor1	chr14	85267138	85267505	LTR/ERVL-MaLR	2211	+	184	85267322	71501
chr14	103994577	104194577	harbor1	chr14	104045609	104045956	LTR/ERVL-MaLR	1294	+	174	104045783	51206
chr14	103994577	104194577	harbor1	chr14	104055119	104055501	LTR/ERVL-MaLR	495	+	191	104055310	60733
chr14	103994577	104194577	harbor1	chr14	104073924	104074299	LTR/ERVL-MaLR	983	+	188	104074112	79535
chr14	103994577	104194577	harbor1	chr14	104083565	104083934	LTR/ERVL-MaLR	1145	+	184	104083749	89172
chr14	94024715	94224715	harbor1	chr14	94030639	94030808	LTR/ERVL-MaLR	801	+	84	94030723	6008
chr14	94024715	94224715	harbor1	chr14	94030839	94031049	LTR/ERVL-MaLR	1045	+	105	94030944	6229
chr14	94024715	94224715	harbor1	chr14	94085988	94086413	LTR/ERVL-MaLR	2533	+	212	94086200	61485
chr14	94024715	94224715	harbor1	chr14	94092705	94092905	LTR/ERVL-MaLR	1260	+	100	94092805	68090
chr14	94024715	94224715	harbor1	chr14	94099475	94099706	LTR/ERVL-MaLR	991	+	116	94099591	74876
chr14	94024715	94224715	harbor1	chr14	94103714	94104160	LTR/ERVL-MaLR	1588	+	223	94103937	79222
chr14	94024715	94224715	harbor1	chr14	94118207	94118348	LTR/ERVL-MaLR	1320	+	70	94118277	93562
chr14	94024715	94224715	harbor1	chr14	94118657	94119110	LTR/ERVL-MaLR	1969	+	226	94118883	94168
chr14	94024715	94224715	harbor1	chr14	94119578	94119792	LTR/ERVL-MaLR	435	+	107	94119685	94970
chr14	94024715	94224715	harbor1	chr14	94122867	94123230	LTR/ERVL-MaLR	2691	+	182	94123049	98334
chr14	94024715	94224715	harbor1	chr14	94123743	94124068	LTR/ERVL-MaLR	1169	+	162	94123905	99190
chr14	106541148	106741148	harbor1	chr14	106549895	106550269	LTR/ERVL-MaLR	1445	+	187	106550082	8934
chr14	106541148	106741148	harbor1	chr14	106550270	106551874	LTR/ERVL-MaLR	9962	+	802	106551072	9924
chr14	106541148	106741148	harbor1	chr14	106551875	106552252	LTR/ERVL-MaLR	1491	+	188	106552063	10915
chr14	106541148	106741148	harbor1	chr14	106597907	106598268	LTR/ERVL-MaLR	1853	+	180	106598087	56939
chr14	106541148	106741148	harbor1	chr14	106629318	106630020	LTR/ERVL-MaLR	4685	+	351	106629669	88521
chr14	106541148	106741148	harbor1	chr14	106630021	106630376	LTR/ERVL-MaLR	1972	+	178	106630199	89051
chr14	106541148	106741148	harbor1	chr14	106635884	106636244	LTR/ERVL-MaLR	1659	+	180	106636064	94916
chr14	20373544	20573544	harbor1	chr14	20388644	20388813	LTR/ERVL-MaLR	622	+	84	20388728	15184
chr14	20373544	20573544	harbor1	chr14	20416543	20416897	LTR/ERVL-MaLR	1550	+	177	20416720	43176
chr14	20373544	20573544	harbor1	chr14	20419365	20419926	LTR/ERVL-MaLR	2095	+	280	20419645	46101
chr14	20373544	20573544	harbor1	chr14	20414363	20414720	LTR/ERVL-MaLR	1379	+	178	20414541	40997
chr14	90075941	90275941	harbor1	chr14	90081733	90082068	LTR/ERVL-MaLR	1620	+	168	90081901	5960
chr14	90075941	90275941	harbor1	chr14	90082365	90082435	LTR/ERVL-MaLR	1620	+	35	90082400	6459
chr14	90075941	90275941	harbor1	chr14	90083468	90083819	LTR/ERVL-MaLR	1231	+	176	90083644	7703
chr14	90075941	90275941	harbor1	chr14	90088699	90089052	LTR/ERVL-MaLR	2252	+	176	90088875	12934
chr14	90075941	90275941	harbor1	chr14	90089055	90090629	LTR/ERVL-MaLR	11809	+	787	90089842	13901
chr14	90075941	90275941	harbor1	chr14	90090630	90090983	LTR/ERVL-MaLR	2359	+	176	90090806	14865
chr14	90075941	90275941	harbor1	chr14	90124284	90124830	LTR/ERVL-MaLR	1921	+	273	90124557	48616
chr14	90075941	90275941	harbor1	chr14	90150673	90150829	LTR/ERVL-MaLR	711	+	78	90150751	74810
chr14	90075941	90275941	harbor1	chr14	90150994	90151218	LTR/ERVL-MaLR	1391	+	112	90151106	75165
chr14	90075941	90275941	harbor1	chr14	90152026	90152254	LTR/ERVL-MaLR	2572	+	114	90152140	76199
chr14	90075941	90275941	harbor1	chr14	90152549	90152695	LTR/ERVL-MaLR	2572	+	73	90152622	76681
chr14	90075941	90275941	harbor1	chr14	90168770	90169104	LTR/ERVL-MaLR	2131	+	167	90168937	92996
chr14	40228223	40428223	harbor1	chr14	40236656	40236995	LTR/ERVL-MaLR	1903	+	170	40236826	8603
chr14	40228223	40428223	harbor1	chr14	40255807	40256312	LTR/ERVL-MaLR	819	+	252	40256059	27836
chr14	40228223	40428223	harbor1	chr14	40260193	40261410	LTR/ERVL-MaLR	1180	+	608	40260801	32578
chr14	40228223	40428223	harbor1	chr14	40306769	40307137	LTR/ERVL-MaLR	1975	+	184	40306953	78730
chr14	40228223	40428223	harbor1	chr14	40307138	40308364	LTR/ERVL-MaLR	4568	+	613	40307751	79528
chr14	40228223	40428223	harbor1	chr14	40308365	40308728	LTR/ERVL-MaLR	1718	+	182	40308547	80324
chr14	40228223	40428223	harbor1	chr14	40313002	40313348	LTR/ERVL-MaLR	1648	+	173	40313175	84952
chr14	40228223	40428223	harbor1	chr14	40317471	40317818	LTR/ERVL-MaLR	2369	+	174	40317645	89422
chr14	40228223	40428223	harbor1	chr14	40318204	40318723	LTR/ERVL-MaLR	1159	+	260	40318464	90241
chr14	82776454	82976454	harbor1	chr14	82788489	82788947	LTR/ERVL-MaLR	1964	+	229	82788718	12264
chr14	82776454	82976454	harbor1	chr14	82819238	82819599	LTR/ERVL-MaLR	1835	+	180	82819418	42964
chr14	82776454	82976454	harbor1	chr14	82837569	82838039	LTR/ERVL-MaLR	881	+	235	82837804	61350
chr14	82776454	82976454	harbor1	chr14	82838238	82838567	LTR/ERVL-MaLR	564	+	164	82838402	61948
chr14	82776454	82976454	harbor1	chr14	82841373	82841689	LTR/ERVL-MaLR	2363	+	158	82841531	65077
chr14	82776454	82976454	harbor1	chr14	82841736	82841830	LTR/ERVL-MaLR	2363	+	47	82841783	65329
chr14	82776454	82976454	harbor1	chr14	82850767	82851103	LTR/ERVL-MaLR	1820	+	168	82850935	74481
chr14	82776454	82976454	harbor1	chr14	82869356	82869656	LTR/ERVL-MaLR	727	+	150	82869506	93052
chr14	82776454	82976454	harbor1	chr14	82875067	82876417	LTR/ERVL-MaLR	4646	+	675	82875742	99288
chr14	91881643	92081643	harbor1	chr14	91907099	91907454	LTR/ERVL-MaLR	918	+	178	91907277	25634
chr14	91881643	92081643	harbor1	chr14	91909422	91909827	LTR/ERVL-MaLR	1118	+	202	91909624	27981
chr14	91881643	92081643	harbor1	chr14	91916809	91917296	LTR/ERVL-MaLR	1178	+	244	91917053	35410
chr14	91881643	92081643	harbor1	chr14	91917605	91917710	LTR/ERVL-MaLR	1178	+	52	91917657	36014
chr14	91881643	92081643	harbor1	chr14	91919494	91919915	LTR/ERVL-MaLR	2032	+	210	91919704	38061
chr14	91881643	92081643	harbor1	chr14	91937442	91937854	LTR/ERVL-MaLR	2833	+	206	91937648	56005
chr14	91881643	92081643	harbor1	chr14	91939728	91940323	LTR/ERVL-MaLR	2129	+	298	91940026	58383
chr14	33283992	33483992	harbor1	chr14	33317456	33317826	LTR/ERVL-MaLR	2655	+	185	33317641	33649
chr14	106754933	106954933	harbor1	chr14	106756448	106756706	LTR/ERVL-MaLR	585	+	129	106756577	1644
chr14	106754933	106954933	harbor1	chr14	106788533	106788951	LTR/ERVL-MaLR	2009	+	209	106788742	33809
chr14	106754933	106954933	harbor1	chr14	106791745	106792079	LTR/ERVL-MaLR	1699	+	167	106791912	36979
chr14	89825489	90025489	harbor1	chr14	89858041	89858127	LTR/ERVL-MaLR	484	+	43	89858084	32595
chr14	89825489	90025489	harbor1	chr14	89858167	89858453	LTR/ERVL-MaLR	1378	+	143	89858310	32821
chr14	89825489	90025489	harbor1	chr14	89861581	89861951	LTR/ERVL-MaLR	1406	+	185	89861766	36277
chr14	89825489	90025489	harbor1	chr14	89872609	89872782	LTR/ERVL-MaLR	1872	+	86	89872695	47206
chr14	89825489	90025489	harbor1	chr14	89872814	89873019	LTR/ERVL-MaLR	1872	+	102	89872916	47427
chr14	89825489	90025489	harbor1	chr14	89880095	89880439	LTR/ERVL-MaLR	2157	+	172	89880267	54778
chr14	89825489	90025489	harbor1	chr14	89882780	89883212	LTR/ERVL-MaLR	2541	+	216	89882996	57507
chr14	89825489	90025489	harbor1	chr14	89884714	89885090	LTR/ERVL-MaLR	1463	+	188	89884902	59413
chr14	89825489	90025489	harbor1	chr14	89888114	89888299	LTR/ERVL-MaLR	2135	+	92	89888206	62717
chr14	89825489	90025489	harbor1	chr14	89888693	89888873	LTR/ERVL-MaLR	1968	+	90	89888783	63294
chr14	82787450	82987450	harbor1	chr14	82788489	82788947	LTR/ERVL-MaLR	1964	+	229	82788718	1268
chr14	82787450	82987450	harbor1	chr14	82819238	82819599	LTR/ERVL-MaLR	1835	+	180	82819418	31968
chr14	82787450	82987450	harbor1	chr14	82837569	82838039	LTR/ERVL-MaLR	881	+	235	82837804	50354
chr14	82787450	82987450	harbor1	chr14	82838238	82838567	LTR/ERVL-MaLR	564	+	164	82838402	50952
chr14	82787450	82987450	harbor1	chr14	82841373	82841689	LTR/ERVL-MaLR	2363	+	158	82841531	54081
chr14	82787450	82987450	harbor1	chr14	82841736	82841830	LTR/ERVL-MaLR	2363	+	47	82841783	54333
chr14	82787450	82987450	harbor1	chr14	82850767	82851103	LTR/ERVL-MaLR	1820	+	168	82850935	63485
chr14	82787450	82987450	harbor1	chr14	82869356	82869656	LTR/ERVL-MaLR	727	+	150	82869506	82056
chr14	82787450	82987450	harbor1	chr14	82875067	82876417	LTR/ERVL-MaLR	4646	+	675	82875742	88292
chr14	82787450	82987450	harbor1	chr14	82876418	82876796	LTR/ERVL-MaLR	1735	+	189	82876607	89157
chr14	82787450	82987450	harbor1	chr14	82882040	82882578	LTR/ERVL-MaLR	573	+	269	82882309	94859
chr14	76281875	76481875	harbor1	chr14	76283198	76283657	LTR/ERVL-MaLR	2614	+	230	76283428	1553
chr14	76281875	76481875	harbor1	chr14	76305784	76306238	LTR/ERVL-MaLR	2456	+	227	76306011	24136
chr14	76281875	76481875	harbor1	chr14	76306600	76306679	LTR/ERVL-MaLR	449	+	40	76306640	24765
chr14	76281875	76481875	harbor1	chr14	76365972	76366219	LTR/ERVL-MaLR	621	+	124	76366096	84221
chr14	83489044	83689044	harbor1	chr14	83557203	83557464	LTR/ERVL-MaLR	441	+	130	83557333	68289
chr14	83489044	83689044	harbor1	chr14	83579508	83580003	LTR/ERVL-MaLR	1764	+	248	83579756	90712
chr14	83489044	83689044	harbor1	chr14	83582243	83582378	LTR/ERVL-MaLR	710	+	68	83582311	93267
chr14	83489044	83689044	harbor1	chr14	83582382	83582736	LTR/ERVL-MaLR	2641	+	177	83582559	93515
chr14	83489044	83689044	harbor1	chr14	83582737	83583604	LTR/ERVL-MaLR	6027	+	434	83583171	94127
chr14	83489044	83689044	harbor1	chr14	83583606	83583742	LTR/ERVL-MaLR	1063	+	68	83583674	94630
chr14	83489044	83689044	harbor1	chr14	83583743	83583981	LTR/ERVL-MaLR	1359	+	119	83583862	94818
chr14	105609416	105809416	harbor1	chr14	105608980	105609423	LTR/ERVL-MaLR	2115	+	222	105609202	214
chr14	105609416	105809416	harbor1	chr14	105609424	105609897	LTR/ERVL-MaLR	2650	+	236	105609660	244
chr14	105609416	105809416	harbor1	chr14	105611913	105612323	LTR/ERVL-MaLR	2557	+	205	105612118	2702
chr14	105609416	105809416	harbor1	chr14	105619592	105619772	LTR/ERVL-MaLR	754	+	90	105619682	10266
chr14	105609416	105809416	harbor1	chr14	105619773	105620109	LTR/ERVL-MaLR	1433	+	168	105619941	10525
chr14	105609416	105809416	harbor1	chr14	105638826	105639162	LTR/ERVL-MaLR	1421	+	168	105638994	29578
chr14	105609416	105809416	harbor1	chr14	105654618	105655062	LTR/ERVL-MaLR	2181	+	222	105654840	45424
chr14	105609416	105809416	harbor1	chr14	105655063	105655536	LTR/ERVL-MaLR	2647	+	236	105655299	45883
chr14	105609416	105809416	harbor1	chr14	105656382	105657552	LTR/ERVL-MaLR	6652	+	585	105656967	47551
chr14	105609416	105809416	harbor1	chr14	105657554	105657964	LTR/ERVL-MaLR	2479	+	205	105657759	48343
chr14	105609416	105809416	harbor1	chr14	105662488	105662821	LTR/ERVL-MaLR	1341	+	166	105662654	53238
chr14	105609416	105809416	harbor1	chr14	105610741	105611911	LTR/ERVL-MaLR	6634	+	585	105611326	1910
chr14	21555755	21755755	harbor1	chr14	21560305	21560443	LTR/ERVL-MaLR	1429	+	69	21560374	4619
chr14	21555755	21755755	harbor1	chr14	21560730	21560754	LTR/ERVL-MaLR	1429	+	12	21560742	4987
chr14	21555755	21755755	harbor1	chr14	21561074	21561313	LTR/ERVL-MaLR	1429	+	120	21561194	5439
chr14	70986147	71186147	harbor1	chr14	71071379	71071755	LTR/ERVL-MaLR	2044	+	188	71071567	85420
chr14	92702515	92902515	harbor1	chr14	92720691	92720881	LTR/ERVL-MaLR	1982	+	95	92720786	18271
chr14	92702515	92902515	harbor1	chr14	92721190	92721540	LTR/ERVL-MaLR	1982	+	175	92721365	18850
chr14	92702515	92902515	harbor1	chr14	92726863	92727148	LTR/ERVL-MaLR	795	+	142	92727005	24490
chr14	92702515	92902515	harbor1	chr14	92727453	92727510	LTR/ERVL-MaLR	795	+	28	92727481	24966
chr14	92702515	92902515	harbor1	chr14	92753192	92753600	LTR/ERVL-MaLR	2586	+	204	92753396	50881
chr14	92702515	92902515	harbor1	chr14	92755567	92755973	LTR/ERVL-MaLR	986	+	203	92755770	53255
chr14	92702515	92902515	harbor1	chr14	92757519	92757664	LTR/ERVL-MaLR	564	+	72	92757591	55076
chr14	92702515	92902515	harbor1	chr14	92757950	92758352	LTR/ERVL-MaLR	2486	+	201	92758151	55636
chr14	92702515	92902515	harbor1	chr14	92758446	92758831	LTR/ERVL-MaLR	864	+	192	92758638	56123
chr14	92702515	92902515	harbor1	chr14	92758929	92759123	LTR/ERVL-MaLR	1039	+	97	92759026	56511
chr14	92702515	92902515	harbor1	chr14	92778966	92779095	LTR/ERVL-MaLR	721	+	64	92779030	76515
chr14	92702515	92902515	harbor1	chr14	92779118	92779353	LTR/ERVL-MaLR	576	+	118	92779236	76721
chr14	92702515	92902515	harbor1	chr14	92782638	92782842	LTR/ERVL-MaLR	858	+	102	92782740	80225
chr14	55779991	55979991	harbor1	chr14	55790121	55790483	LTR/ERVL-MaLR	1689	+	181	55790302	10311
chr14	55779991	55979991	harbor1	chr14	55813758	55814126	LTR/ERVL-MaLR	2104	+	184	55813942	33951
chr14	55779991	55979991	harbor1	chr14	55858212	55858576	LTR/ERVL-MaLR	2553	+	182	55858394	78403
chr14	55779991	55979991	harbor1	chr14	55852815	55853207	LTR/ERVL-MaLR	2420	+	196	55853011	73020
chr14	39690311	39890311	harbor1	chr14	39719471	39719812	LTR/ERVL-MaLR	995	+	170	39719641	29330
chr14	39690311	39890311	harbor1	chr14	39725011	39725495	LTR/ERVL-MaLR	1728	+	242	39725253	34942
chr14	39690311	39890311	harbor1	chr14	39741897	39742258	LTR/ERVL-MaLR	2159	+	180	39742077	51766
chr14	39690311	39890311	harbor1	chr14	39765681	39766002	LTR/ERVL-MaLR	1997	+	160	39765841	75530
chr14	55055243	55255243	harbor1	chr14	55125136	55125513	LTR/ERVL-MaLR	1937	+	188	55125324	70081
chr14	55055243	55255243	harbor1	chr14	55147277	55147491	LTR/ERVL-MaLR	525	+	107	55147384	92141
chr14	61983282	62183282	harbor1	chr14	62015522	62015882	LTR/ERVL-MaLR	2205	+	180	62015702	32420
chr14	61983282	62183282	harbor1	chr14	62052590	62052948	LTR/ERVL-MaLR	1208	+	179	62052769	69487
chr14	61983282	62183282	harbor1	chr14	62052951	62053279	LTR/ERVL-MaLR	1667	+	164	62053115	69833
chr14	81911155	82111155	harbor1	chr14	81912043	81912417	LTR/ERVL-MaLR	2091	+	187	81912230	1075
chr14	81911155	82111155	harbor1	chr14	81943633	81943999	LTR/ERVL-MaLR	1519	+	183	81943816	32661
chr14	81911155	82111155	harbor1	chr14	81958815	81959188	LTR/ERVL-MaLR	2513	+	186	81959001	47846
chr14	81911155	82111155	harbor1	chr14	81960944	81961191	LTR/ERVL-MaLR	579	+	124	81961068	49913
chr14	81911155	82111155	harbor1	chr14	81964799	81965127	LTR/ERVL-MaLR	1753	+	164	81964963	53808
chr14	81911155	82111155	harbor1	chr14	81996173	81996545	LTR/ERVL-MaLR	428	+	186	81996359	85204
chr14	79910170	80110170	harbor1	chr14	79918686	79918953	LTR/ERVL-MaLR	681	+	134	79918820	8650
chr14	79910170	80110170	harbor1	chr14	79926251	79926603	LTR/ERVL-MaLR	2192	+	176	79926427	16257
chr14	79910170	80110170	harbor1	chr14	79932689	79933188	LTR/ERVL-MaLR	1360	+	250	79932939	22769
chr14	79910170	80110170	harbor1	chr14	79968902	79969049	LTR/ERVL-MaLR	784	+	74	79968976	58806
chr14	79910170	80110170	harbor1	chr14	79977687	79978025	LTR/ERVL-MaLR	1730	+	169	79977856	67686
chr14	79910170	80110170	harbor1	chr14	79978028	79979516	LTR/ERVL-MaLR	9662	+	744	79978772	68602
chr14	79910170	80110170	harbor1	chr14	79979523	79979897	LTR/ERVL-MaLR	1770	+	187	79979710	69540
chr14	72720854	72920854	harbor1	chr14	72747651	72747990	LTR/ERVL-MaLR	2041	+	170	72747821	26967
chr14	72720854	72920854	harbor1	chr14	72747991	72749568	LTR/ERVL-MaLR	12201	+	788	72748779	27925
chr14	72720854	72920854	harbor1	chr14	72749569	72749774	LTR/ERVL-MaLR	1280	+	102	72749671	28817
chr14	72720854	72920854	harbor1	chr14	72749880	72750071	LTR/ERVL-MaLR	603	+	96	72749976	29122
chr14	72720854	72920854	harbor1	chr14	72777443	72777544	LTR/ERVL-MaLR	1176	+	50	72777493	56639
chr14	72720854	72920854	harbor1	chr14	72777956	72778181	LTR/ERVL-MaLR	1096	+	112	72778068	57214
chr14	72720854	72920854	harbor1	chr14	72797050	72797418	LTR/ERVL-MaLR	1337	+	184	72797234	76380
chr14	72720854	72920854	harbor1	chr14	72799204	72799383	LTR/ERVL-MaLR	1043	+	90	72799294	78440
chr14	72720854	72920854	harbor1	chr14	72799633	72800068	LTR/ERVL-MaLR	1043	+	218	72799851	78997
chr14	72720854	72920854	harbor1	chr14	72809008	72809284	LTR/ERVL-MaLR	1669	+	138	72809146	88292
chr14	72720854	72920854	harbor1	chr14	72810787	72810885	LTR/ERVL-MaLR	1743	+	49	72810836	89982
chr14	72720854	72920854	harbor1	chr14	72811300	72811573	LTR/ERVL-MaLR	1743	+	136	72811436	90582
chr14	72720854	72920854	harbor1	chr14	72777545	72777955	LTR/ERVL-MaLR	2534	+	205	72777750	56896
chr14	22896526	23096526	harbor1	chr14	22899077	22899384	LTR/ERVL-MaLR	1463	+	154	22899231	2705
chr14	22896526	23096526	harbor1	chr14	22899676	22899737	LTR/ERVL-MaLR	1463	+	30	22899706	3180
chr14	20292363	20492363	harbor1	chr14	20314139	20314416	LTR/ERVL-MaLR	451	+	138	20314277	21914
chr14	20292363	20492363	harbor1	chr14	20335027	20335393	LTR/ERVL-MaLR	1678	+	183	20335210	42847
chr14	20292363	20492363	harbor1	chr14	20340827	20341003	LTR/ERVL-MaLR	1325	+	88	20340915	48552
chr14	20292363	20492363	harbor1	chr14	20341315	20341451	LTR/ERVL-MaLR	1325	+	68	20341383	49020
chr14	20292363	20492363	harbor1	chr14	20358385	20358753	LTR/ERVL-MaLR	2425	+	184	20358569	66206
chr14	20292363	20492363	harbor1	chr14	20363095	20363219	LTR/ERVL-MaLR	521	+	62	20363157	70794
chr14	20292363	20492363	harbor1	chr14	20364311	20364466	LTR/ERVL-MaLR	613	+	78	20364389	72026
chr14	20292363	20492363	harbor1	chr14	20364495	20364623	LTR/ERVL-MaLR	463	+	64	20364559	72196
chr14	20292363	20492363	harbor1	chr14	20388644	20388813	LTR/ERVL-MaLR	622	+	84	20388728	96365
chr14	79697647	79897647	harbor1	chr14	79738158	79738315	LTR/ERVL-MaLR	1523	+	78	79738236	40589
chr14	79697647	79897647	harbor1	chr14	79738356	79738552	LTR/ERVL-MaLR	1523	+	98	79738454	40807
chr14	79697647	79897647	harbor1	chr14	79738859	79738925	LTR/ERVL-MaLR	1523	+	33	79738892	41245
chr14	79697647	79897647	harbor1	chr14	79754697	79755078	LTR/ERVL-MaLR	1948	+	190	79754887	57240
chr14	37832955	38032955	harbor1	chr14	37846431	37846838	LTR/ERVL-MaLR	2156	+	204	37846635	13680
chr14	37832955	38032955	harbor1	chr14	37853941	37854295	LTR/ERVL-MaLR	1850	+	177	37854118	21163
chr14	37832955	38032955	harbor1	chr14	37868445	37868638	LTR/ERVL-MaLR	493	+	96	37868541	35586
chr14	37832955	38032955	harbor1	chr14	37880385	37880805	LTR/ERVL-MaLR	2188	+	210	37880595	47640
chr14	37832955	38032955	harbor1	chr14	37890690	37891049	LTR/ERVL-MaLR	1994	+	180	37890870	57915
chr14	37832955	38032955	harbor1	chr14	37891050	37892621	LTR/ERVL-MaLR	11558	+	786	37891836	58881
chr14	37832955	38032955	harbor1	chr14	37892622	37892771	LTR/ERVL-MaLR	980	+	74	37892696	59741
chr14	37832955	38032955	harbor1	chr14	37913727	37914167	LTR/ERVL-MaLR	2518	+	220	37913947	80992
chr14	37832955	38032955	harbor1	chr14	37932547	37933011	LTR/ERVL-MaLR	1507	+	232	37932779	99824
chr14	44080478	44280478	harbor1	chr14	44108089	44108497	LTR/ERVL-MaLR	1934	+	204	44108293	27815
chr14	44080478	44280478	harbor1	chr14	44108499	44108639	LTR/ERVL-MaLR	840	+	70	44108569	28091
chr14	44080478	44280478	harbor1	chr14	44109100	44110583	LTR/ERVL-MaLR	8223	+	742	44109842	29364
chr14	44080478	44280478	harbor1	chr14	44110584	44111049	LTR/ERVL-MaLR	1150	+	232	44110816	30338
chr14	44080478	44280478	harbor1	chr14	44117905	44118132	LTR/ERVL-MaLR	1006	+	114	44118019	37541
chr14	44080478	44280478	harbor1	chr14	44135692	44136076	LTR/ERVL-MaLR	1551	+	192	44135884	55406
chr14	44080478	44280478	harbor1	chr14	44144834	44145203	LTR/ERVL-MaLR	1828	+	184	44145018	64540
chr14	101701807	101901807	harbor1	chr14	101702214	101702594	LTR/ERVL-MaLR	3038	+	190	101702404	597
chr14	101701807	101901807	harbor1	chr14	101702602	101702964	LTR/ERVL-MaLR	2247	+	181	101702783	976
chr14	101701807	101901807	harbor1	chr14	101710931	101711090	LTR/ERVL-MaLR	939	+	80	101711011	9204
chr14	101701807	101901807	harbor1	chr14	101713965	101714376	LTR/ERVL-MaLR	2603	+	206	101714171	12364
chr14	101701807	101901807	harbor1	chr14	101715668	101715761	LTR/ERVL-MaLR	527	+	46	101715714	13907
chr14	101701807	101901807	harbor1	chr14	101715758	101715925	LTR/ERVL-MaLR	933	+	84	101715842	14035
chr14	101701807	101901807	harbor1	chr14	101717357	101717743	LTR/ERVL-MaLR	1497	+	193	101717550	15743
chr14	101701807	101901807	harbor1	chr14	101718118	101718496	LTR/ERVL-MaLR	1140	+	189	101718307	16500
chr14	101701807	101901807	harbor1	chr14	101730211	101730580	LTR/ERVL-MaLR	2269	+	184	101730395	28588
chr14	101701807	101901807	harbor1	chr14	101737754	101738162	LTR/ERVL-MaLR	2024	+	204	101737958	36151
chr14	101701807	101901807	harbor1	chr14	101753454	101753842	LTR/ERVL-MaLR	2140	+	194	101753648	51841
chr14	101701807	101901807	harbor1	chr14	101728031	101728415	LTR/ERVL-MaLR	2910	+	192	101728223	26416
chr14	40659762	40859762	harbor1	chr14	40661587	40661710	LTR/ERVL-MaLR	431	+	62	40661649	1887
chr14	40659762	40859762	harbor1	chr14	40710724	40711107	LTR/ERVL-MaLR	1989	+	192	40710916	51154
chr14	40659762	40859762	harbor1	chr14	40716258	40716607	LTR/ERVL-MaLR	1767	+	174	40716432	56670
chr14	40659762	40859762	harbor1	chr14	40716611	40718195	LTR/ERVL-MaLR	10856	+	792	40717403	57641
chr14	40659762	40859762	harbor1	chr14	40718196	40718536	LTR/ERVL-MaLR	1944	+	170	40718366	58604
chr14	40659762	40859762	harbor1	chr14	40736219	40736597	LTR/ERVL-MaLR	2337	+	189	40736408	76646
chr14	40659762	40859762	harbor1	chr14	40736598	40738054	LTR/ERVL-MaLR	9056	+	728	40737326	77564
chr14	40659762	40859762	harbor1	chr14	40747411	40747673	LTR/ERVL-MaLR	419	+	131	40747542	87780
chr14	46754588	46954588	harbor1	chr14	46757124	46757411	LTR/ERVL-MaLR	2052	+	144	46757268	2680
chr14	46754588	46954588	harbor1	chr14	46770657	46771100	LTR/ERVL-MaLR	2236	+	222	46770879	16291
chr14	46754588	46954588	harbor1	chr14	46775925	46776162	LTR/ERVL-MaLR	811	+	118	46776043	21455
chr14	46754588	46954588	harbor1	chr14	46802552	46803033	LTR/ERVL-MaLR	1696	+	240	46802792	48204
chr14	46754588	46954588	harbor1	chr14	46803148	46804592	LTR/ERVL-MaLR	4186	+	722	46803870	49282
chr14	46754588	46954588	harbor1	chr14	46844738	46844894	LTR/ERVL-MaLR	1729	+	78	46844816	90228
chr14	46754588	46954588	harbor1	chr14	46845183	46845402	LTR/ERVL-MaLR	1729	+	110	46845293	90705
chr14	59281012	59481012	harbor1	chr14	59379525	59379727	LTR/ERVL-MaLR	1515	+	101	59379626	98614
chr14	59281012	59481012	harbor1	chr14	59379797	59379877	LTR/ERVL-MaLR	1515	+	40	59379837	98825
chr14	85970307	86170307	harbor1	chr14	85995428	85995933	LTR/ERVL-MaLR	1162	+	252	85995680	25373
chr14	85970307	86170307	harbor1	chr14	86023275	86023630	LTR/ERVL-MaLR	2016	+	178	86023453	53146
chr14	85970307	86170307	harbor1	chr14	86037275	86037681	LTR/ERVL-MaLR	2110	+	203	86037478	67171
chr14	85970307	86170307	harbor1	chr14	86037682	86038064	LTR/ERVL-MaLR	1409	+	191	86037873	67566
chr14	85970307	86170307	harbor1	chr14	86038085	86039099	LTR/ERVL-MaLR	3137	+	507	86038592	68285
chr14	85970307	86170307	harbor1	chr14	86039100	86039517	LTR/ERVL-MaLR	2402	+	208	86039308	69001
chr14	85970307	86170307	harbor1	chr14	86068537	86068582	LTR/ERVL-MaLR	906	+	22	86068559	98252
chr14	85970307	86170307	harbor1	chr14	86068948	86069139	LTR/ERVL-MaLR	906	+	96	86069044	98737
chr14	104285791	104485791	harbor1	chr14	104311240	104311671	LTR/ERVL-MaLR	1750	+	216	104311456	25665
chr14	104285791	104485791	harbor1	chr14	104328932	104329236	LTR/ERVL-MaLR	3717	+	152	104329084	43293
chr14	104285791	104485791	harbor1	chr14	104329579	104330330	LTR/ERVL-MaLR	3717	+	376	104329955	44164
chr14	104285791	104485791	harbor1	chr14	104356887	104357191	LTR/ERVL-MaLR	589	+	152	104357039	71248
chr14	104285791	104485791	harbor1	chr14	104360439	104360675	LTR/ERVL-MaLR	821	+	118	104360557	74766
chr14	104285791	104485791	harbor1	chr14	104370005	104370406	LTR/ERVL-MaLR	480	+	200	104370205	84414
chr14	104285791	104485791	harbor1	chr14	104371531	104371959	LTR/ERVL-MaLR	672	+	214	104371745	85954
chr15	86726217	86926217	harbor1	chr15	86770893	86771240	LTR/ERVL-MaLR	830	+	174	86771067	44850
chr15	86726217	86926217	harbor1	chr15	86779203	86779400	LTR/ERVL-MaLR	1030	+	98	86779301	53084
chr15	86726217	86926217	harbor1	chr15	86803131	86803492	LTR/ERVL-MaLR	2243	+	180	86803311	77094
chr15	86726217	86926217	harbor1	chr15	86817701	86818063	LTR/ERVL-MaLR	1155	+	181	86817882	91665
chr15	58634147	58834147	harbor1	chr15	58703629	58703923	LTR/ERVL-MaLR	868	+	147	58703776	69629
chr15	40983413	41183413	harbor1	chr15	41036192	41036300	LTR/ERVL-MaLR	525	+	54	41036246	52833
chr15	40983413	41183413	harbor1	chr15	41062572	41062912	LTR/ERVL-MaLR	1471	+	170	41062742	79329
chr15	44177255	44377255	harbor1	chr15	44207701	44207847	LTR/ERVL-MaLR	483	+	73	44207774	30519
chr15	92553602	92753602	harbor1	chr15	92560552	92560880	LTR/ERVL-MaLR	858	+	164	92560716	7114
chr15	92553602	92753602	harbor1	chr15	92572503	92572996	LTR/ERVL-MaLR	1840	+	246	92572749	19147
chr15	92553602	92753602	harbor1	chr15	92575722	92576062	LTR/ERVL-MaLR	1002	+	170	92575892	22290
chr15	92553602	92753602	harbor1	chr15	92600171	92600587	LTR/ERVL-MaLR	736	+	208	92600379	46777
chr15	92553602	92753602	harbor1	chr15	92629702	92630064	LTR/ERVL-MaLR	2406	+	181	92629883	76281
chr15	92553602	92753602	harbor1	chr15	92639550	92639949	LTR/ERVL-MaLR	2445	+	200	92639750	86148
chr15	92553602	92753602	harbor1	chr15	92642418	92642787	LTR/ERVL-MaLR	2294	+	184	92642602	89000
chr15	92553602	92753602	harbor1	chr15	92569425	92569784	LTR/ERVL-MaLR	1840	+	180	92569605	16003
chr15	62775878	62975878	harbor1	chr15	62849642	62849732	LTR/ERVL-MaLR	476	+	45	62849687	73809
chr15	62775878	62975878	harbor1	chr15	62867742	62868155	LTR/ERVL-MaLR	1795	+	206	62867948	92070
chr15	62775878	62975878	harbor1	chr15	62871192	62871673	LTR/ERVL-MaLR	1633	+	240	62871432	95554
chr15	101167986	101367986	harbor1	chr15	101214547	101214661	LTR/ERVL-MaLR	661	+	57	101214604	46618
chr15	101167986	101367986	harbor1	chr15	101214876	101215215	LTR/ERVL-MaLR	2154	+	170	101215046	47060
chr15	101167986	101367986	harbor1	chr15	101225420	101225807	LTR/ERVL-MaLR	2186	+	194	101225614	57628
chr15	101167986	101367986	harbor1	chr15	101236236	101236539	LTR/ERVL-MaLR	1907	+	152	101236388	68402
chr15	101167986	101367986	harbor1	chr15	101236845	101236926	LTR/ERVL-MaLR	1907	+	40	101236885	68899
chr15	101167986	101367986	harbor1	chr15	101263977	101264227	LTR/ERVL-MaLR	609	+	125	101264102	96116
chr15	101167986	101367986	harbor1	chr15	101265879	101266265	LTR/ERVL-MaLR	1760	+	193	101266072	98086
chr15	101167986	101367986	harbor1	chr15	101267330	101267508	LTR/ERVL-MaLR	566	+	89	101267419	99433
chr15	63247604	63447604	harbor1	chr15	63269877	63270334	LTR/ERVL-MaLR	2105	+	228	63270105	22501
chr15	28494160	28694160	harbor1	chr15	28495983	28496330	LTR/ERVL-MaLR	1511	+	174	28496157	1997
chr15	86967639	87167639	harbor1	chr15	86971738	86972118	LTR/ERVL-MaLR	2135	+	190	86971928	4289
chr15	86967639	87167639	harbor1	chr15	86998081	86998632	LTR/ERVL-MaLR	1414	+	276	86998357	30718
chr15	86967639	87167639	harbor1	chr15	87008186	87008530	LTR/ERVL-MaLR	2019	+	172	87008358	40719
chr15	86967639	87167639	harbor1	chr15	87008531	87010098	LTR/ERVL-MaLR	11458	+	784	87009315	41676
chr15	86967639	87167639	harbor1	chr15	87010099	87010446	LTR/ERVL-MaLR	2092	+	174	87010273	42634
chr15	86967639	87167639	harbor1	chr15	87010973	87011359	LTR/ERVL-MaLR	878	+	193	87011166	43527
chr15	86967639	87167639	harbor1	chr15	87015910	87016094	LTR/ERVL-MaLR	457	+	92	87016002	48363
chr15	86967639	87167639	harbor1	chr15	87038531	87038900	LTR/ERVL-MaLR	1952	+	184	87038715	71076
chr15	86967639	87167639	harbor1	chr15	87040761	87040965	LTR/ERVL-MaLR	584	+	102	87040863	73224
chr15	86967639	87167639	harbor1	chr15	87040968	87041106	LTR/ERVL-MaLR	650	+	69	87041037	73398
chr15	86967639	87167639	harbor1	chr15	87041107	87041517	LTR/ERVL-MaLR	2180	+	205	87041312	73673
chr15	86967639	87167639	harbor1	chr15	87041518	87041605	LTR/ERVL-MaLR	650	+	44	87041562	73923
chr15	86967639	87167639	harbor1	chr15	87045520	87046226	LTR/ERVL-MaLR	2361	+	353	87045873	78234
chr15	86967639	87167639	harbor1	chr15	87046276	87046705	LTR/ERVL-MaLR	2361	+	214	87046490	78851
chr15	86967639	87167639	harbor1	chr15	87046925	87047348	LTR/ERVL-MaLR	714	+	212	87047137	79498
chr15	36549110	36749110	harbor1	chr15	36560809	36561169	LTR/ERVL-MaLR	1908	+	180	36560989	11879
chr15	36549110	36749110	harbor1	chr15	36561191	36562673	LTR/ERVL-MaLR	9593	+	741	36561932	12822
chr15	36549110	36749110	harbor1	chr15	36562674	36563035	LTR/ERVL-MaLR	2256	+	180	36562854	13744
chr15	36549110	36749110	harbor1	chr15	36563268	36563405	LTR/ERVL-MaLR	1567	+	68	36563336	14226
chr15	36549110	36749110	harbor1	chr15	36563406	36563785	LTR/ERVL-MaLR	2181	+	190	36563596	14486
chr15	36549110	36749110	harbor1	chr15	36563786	36564016	LTR/ERVL-MaLR	1567	+	115	36563901	14791
chr15	36549110	36749110	harbor1	chr15	36568762	36569044	LTR/ERVL-MaLR	1452	+	141	36568903	19793
chr15	36549110	36749110	harbor1	chr15	36628525	36628723	LTR/ERVL-MaLR	514	+	99	36628624	79514
chr15	36549110	36749110	harbor1	chr15	36628726	36629229	LTR/ERVL-MaLR	1852	+	252	36628978	79868
chr15	27528623	27728623	harbor1	chr15	27551905	27552325	LTR/ERVL-MaLR	2846	+	210	27552115	23492
chr15	27528623	27728623	harbor1	chr15	27600316	27600444	LTR/ERVL-MaLR	637	+	64	27600380	71757
chr15	27528623	27728623	harbor1	chr15	27602994	27603436	LTR/ERVL-MaLR	2772	+	221	27603215	74592
chr15	84076671	84276671	harbor1	chr15	84164967	84165341	LTR/ERVL-MaLR	2200	+	187	84165154	88483
chr15	26562414	26762414	harbor1	chr15	26590745	26591051	LTR/ERVL-MaLR	472	+	153	26590898	28484
chr15	26562414	26762414	harbor1	chr15	26644259	26644688	LTR/ERVL-MaLR	2131	+	214	26644473	82059
chr15	26562414	26762414	harbor1	chr15	26649123	26649531	LTR/ERVL-MaLR	1708	+	204	26649327	86913
chr15	63141428	63341428	harbor1	chr15	63144565	63144734	LTR/ERVL-MaLR	1022	+	84	63144649	3221
chr15	63141428	63341428	harbor1	chr15	63146790	63147279	LTR/ERVL-MaLR	1242	+	244	63147034	5606
chr15	63141428	63341428	harbor1	chr15	63149673	63149778	LTR/ERVL-MaLR	728	+	52	63149725	8297
chr15	63141428	63341428	harbor1	chr15	63159577	63159991	LTR/ERVL-MaLR	2005	+	207	63159784	18356
chr15	63141428	63341428	harbor1	chr15	63238785	63239206	LTR/ERVL-MaLR	627	+	210	63238995	97567
chr15	63141428	63341428	harbor1	chr15	63160295	63160361	LTR/ERVL-MaLR	2005	+	33	63160328	18900
chr15	79143436	79343436	harbor1	chr15	79146008	79146367	LTR/ERVL-MaLR	678	+	180	79146188	2752
chr15	79143436	79343436	harbor1	chr15	79159338	79159685	LTR/ERVL-MaLR	1506	+	174	79159512	16076
chr15	79143436	79343436	harbor1	chr15	79161847	79162425	LTR/ERVL-MaLR	1580	+	289	79162136	18700
chr15	79143436	79343436	harbor1	chr15	79164687	79164863	LTR/ERVL-MaLR	1011	+	88	79164775	21339
chr15	79143436	79343436	harbor1	chr15	79165000	79165280	LTR/ERVL-MaLR	1011	+	140	79165140	21704
chr15	79143436	79343436	harbor1	chr15	79176825	79177248	LTR/ERVL-MaLR	1500	+	212	79177037	33601
chr15	79143436	79343436	harbor1	chr15	79229767	79230047	LTR/ERVL-MaLR	1243	+	140	79229907	86471
chr15	79143436	79343436	harbor1	chr15	79234620	79234993	LTR/ERVL-MaLR	2767	+	186	79234806	91370
chr15	65234502	65434502	harbor1	chr15	65237358	65237828	LTR/ERVL-MaLR	1666	+	235	65237593	3091
chr15	65234502	65434502	harbor1	chr15	65268164	65268242	LTR/ERVL-MaLR	440	+	39	65268203	33701
chr15	65234502	65434502	harbor1	chr15	65323014	65323463	LTR/ERVL-MaLR	1156	+	224	65323238	88736
chr15	68051711	68251711	harbor1	chr15	68092546	68092916	LTR/ERVL-MaLR	2080	+	185	68092731	41020
chr15	61813587	62013587	harbor1	chr15	61818903	61819222	LTR/ERVL-MaLR	2009	+	160	61819063	5476
chr15	61813587	62013587	harbor1	chr15	61823107	61823468	LTR/ERVL-MaLR	2148	+	180	61823287	9700
chr15	61813587	62013587	harbor1	chr15	61845625	61846078	LTR/ERVL-MaLR	975	+	226	61845851	32264
chr15	61813587	62013587	harbor1	chr15	61858502	61858631	LTR/ERVL-MaLR	530	+	64	61858566	44979
chr15	61813587	62013587	harbor1	chr15	61858738	61858851	LTR/ERVL-MaLR	479	+	56	61858794	45207
chr15	90922971	91122971	harbor1	chr15	90924538	90924877	LTR/ERVL-MaLR	1426	+	170	90924708	1737
chr15	90922971	91122971	harbor1	chr15	90975601	90975681	LTR/ERVL-MaLR	713	+	40	90975641	52670
chr15	90922971	91122971	harbor1	chr15	90975831	90976077	LTR/ERVL-MaLR	1153	+	123	90975954	52983
chr15	90922971	91122971	harbor1	chr15	90978245	90978469	LTR/ERVL-MaLR	690	+	112	90978357	55386
chr15	90922971	91122971	harbor1	chr15	90978779	90978984	LTR/ERVL-MaLR	690	+	102	90978881	55910
chr15	90922971	91122971	harbor1	chr15	91013350	91013717	LTR/ERVL-MaLR	1778	+	184	91013534	90563
chr15	62403359	62603359	harbor1	chr15	62489566	62490060	LTR/ERVL-MaLR	1770	+	247	62489813	86454
chr15	26632141	26832141	harbor1	chr15	26644259	26644688	LTR/ERVL-MaLR	2131	+	214	26644473	12332
chr15	26632141	26832141	harbor1	chr15	26649123	26649531	LTR/ERVL-MaLR	1708	+	204	26649327	17186
chr15	26632141	26832141	harbor1	chr15	26709160	26709497	LTR/ERVL-MaLR	1916	+	168	26709328	77187
chr15	26632141	26832141	harbor1	chr15	26709817	26709883	LTR/ERVL-MaLR	1916	+	33	26709850	77709
chr15	55071191	55271191	harbor1	chr15	55084684	55085311	LTR/ERVL-MaLR	4543	+	314	55084998	13807
chr15	55071191	55271191	harbor1	chr15	55085312	55085675	LTR/ERVL-MaLR	2851	+	182	55085494	14303
chr15	55071191	55271191	harbor1	chr15	55087691	55088089	LTR/ERVL-MaLR	1140	+	199	55087890	16699
chr15	55071191	55271191	harbor1	chr15	55106236	55106629	LTR/ERVL-MaLR	2232	+	196	55106432	35241
chr15	55071191	55271191	harbor1	chr15	55106630	55107365	LTR/ERVL-MaLR	4077	+	368	55106998	35807
chr15	55071191	55271191	harbor1	chr15	55142192	55142558	LTR/ERVL-MaLR	2016	+	183	55142375	71184
chr15	55071191	55271191	harbor1	chr15	55150405	55150906	LTR/ERVL-MaLR	2376	+	250	55150655	79464
chr15	97143696	97343696	harbor1	chr15	97206084	97206155	LTR/ERVL-MaLR	439	+	36	97206120	62424
chr15	55360600	55560600	harbor1	chr15	55424098	55424423	LTR/ERVL-MaLR	1363	+	162	55424260	63660
chr15	55360600	55560600	harbor1	chr15	55435223	55435688	LTR/ERVL-MaLR	469	+	232	55435455	74855
chr15	55360600	55560600	harbor1	chr15	55437483	55437952	LTR/ERVL-MaLR	2094	+	234	55437717	77117
chr15	55360600	55560600	harbor1	chr15	55439683	55440044	LTR/ERVL-MaLR	1368	+	180	55439863	79263
chr15	55360600	55560600	harbor1	chr15	55377561	55377924	LTR/ERVL-MaLR	1095	+	182	55377743	17143
chr15	91811351	92011351	harbor1	chr15	91821211	91821531	LTR/ERVL-MaLR	1268	+	160	91821371	10020
chr15	91811351	92011351	harbor1	chr15	91823239	91823650	LTR/ERVL-MaLR	3049	+	206	91823445	12094
chr15	91811351	92011351	harbor1	chr15	91832713	91833093	LTR/ERVL-MaLR	2081	+	190	91832903	21552
chr15	91811351	92011351	harbor1	chr15	91844815	91845340	LTR/ERVL-MaLR	785	+	262	91845077	33726
chr15	91811351	92011351	harbor1	chr15	91896417	91896778	LTR/ERVL-MaLR	2680	+	180	91896597	85246
chr15	28071869	28271869	harbor1	chr15	28078330	28078816	LTR/ERVL-MaLR	1268	+	243	28078573	6704
chr15	28071869	28271869	harbor1	chr15	28083948	28084320	LTR/ERVL-MaLR	1351	+	186	28084134	12265
chr15	28071869	28271869	harbor1	chr15	28139182	28139590	LTR/ERVL-MaLR	1257	+	204	28139386	67517
chr15	96234397	96434397	harbor1	chr15	96281595	96281948	LTR/ERVL-MaLR	2487	+	176	96281771	47374
chr15	96234397	96434397	harbor1	chr15	96284012	96284152	LTR/ERVL-MaLR	1158	+	70	96284082	49685
chr15	96234397	96434397	harbor1	chr15	96284463	96284845	LTR/ERVL-MaLR	1158	+	191	96284654	50257
chr15	84631386	84831386	harbor1	chr15	84684198	84684557	LTR/ERVL-MaLR	2682	+	180	84684378	52992
chr15	84631386	84831386	harbor1	chr15	84690100	84690442	LTR/ERVL-MaLR	2259	+	171	84690271	58885
chr15	61832560	62032560	harbor1	chr15	61845625	61846078	LTR/ERVL-MaLR	975	+	226	61845851	13291
chr15	61832560	62032560	harbor1	chr15	61858502	61858631	LTR/ERVL-MaLR	530	+	64	61858566	26006
chr15	61832560	62032560	harbor1	chr15	61858738	61858851	LTR/ERVL-MaLR	479	+	56	61858794	26234
chr15	38985749	39185749	harbor1	chr15	38988980	38989312	LTR/ERVL-MaLR	1730	+	166	38989146	3397
chr15	38985749	39185749	harbor1	chr15	39069637	39070087	LTR/ERVL-MaLR	1075	+	225	39069862	84113
chr15	65374381	65574381	harbor1	chr15	65431744	65432157	LTR/ERVL-MaLR	622	+	206	65431950	57569
chr15	47728354	47928354	harbor1	chr15	47782321	47782675	LTR/ERVL-MaLR	622	+	177	47782498	54144
chr15	47728354	47928354	harbor1	chr15	47782987	47783053	LTR/ERVL-MaLR	622	+	33	47783020	54666
chr15	47728354	47928354	harbor1	chr15	47819017	47819549	LTR/ERVL-MaLR	2495	+	266	47819283	90929
chr15	47728354	47928354	harbor1	chr15	47823423	47823780	LTR/ERVL-MaLR	1860	+	178	47823601	95247
chr15	47728354	47928354	harbor1	chr15	47825459	47825885	LTR/ERVL-MaLR	2377	+	213	47825672	97318
chr15	34596325	34796325	harbor1	chr15	34672473	34672699	LTR/ERVL-MaLR	876	+	113	34672586	76261
chr15	34596325	34796325	harbor1	chr15	34684649	34684825	LTR/ERVL-MaLR	611	+	88	34684737	88412
chr15	34596325	34796325	harbor1	chr15	34689277	34689661	LTR/ERVL-MaLR	1951	+	192	34689469	93144
chr15	34596325	34796325	harbor1	chr15	34689804	34690167	LTR/ERVL-MaLR	2982	+	182	34689986	93661
chr15	39785612	39985612	harbor1	chr15	39821842	39822301	LTR/ERVL-MaLR	2373	+	230	39822072	36460
chr15	39785612	39985612	harbor1	chr15	39823926	39824339	LTR/ERVL-MaLR	2669	+	206	39824132	38520
chr15	39785612	39985612	harbor1	chr15	39836207	39836598	LTR/ERVL-MaLR	2178	+	196	39836403	50791
chr15	39785612	39985612	harbor1	chr15	39841300	39841776	LTR/ERVL-MaLR	1843	+	238	39841538	55926
chr15	39785612	39985612	harbor1	chr15	39842492	39842817	LTR/ERVL-MaLR	1762	+	162	39842654	57042
chr15	39785612	39985612	harbor1	chr15	39870585	39871117	LTR/ERVL-MaLR	1927	+	266	39870851	85239
chr15	23868324	24068324	harbor1	chr15	23928233	23928613	LTR/ERVL-MaLR	2263	+	190	23928423	60099
chr15	23868324	24068324	harbor1	chr15	23928916	23928967	LTR/ERVL-MaLR	2263	+	26	23928942	60618
chr15	23868324	24068324	harbor1	chr15	23934962	23935372	LTR/ERVL-MaLR	2135	+	205	23935167	66843
chr15	23868324	24068324	harbor1	chr15	23943189	23943651	LTR/ERVL-MaLR	1286	+	231	23943420	75096
chr15	46132878	46332878	harbor1	chr15	46187731	46187942	LTR/ERVL-MaLR	1349	+	106	46187837	54959
chr15	80771436	80971436	harbor1	chr15	80797488	80797791	LTR/ERVL-MaLR	664	+	152	80797640	26204
chr15	71703398	71903398	harbor1	chr15	71704273	71704628	LTR/ERVL-MaLR	2885	+	178	71704451	1053
chr15	31808954	32008954	harbor1	chr15	31810294	31810688	LTR/ERVL-MaLR	1644	+	197	31810491	1537
chr15	31808954	32008954	harbor1	chr15	31817830	31818241	LTR/ERVL-MaLR	1385	+	206	31818036	9082
chr15	31808954	32008954	harbor1	chr15	31818434	31818791	LTR/ERVL-MaLR	715	+	178	31818612	9658
chr15	31808954	32008954	harbor1	chr15	31818983	31819163	LTR/ERVL-MaLR	610	+	90	31819073	10119
chr15	31808954	32008954	harbor1	chr15	31880064	31880236	LTR/ERVL-MaLR	1403	+	86	31880150	71196
chr15	31808954	32008954	harbor1	chr15	31880318	31880511	LTR/ERVL-MaLR	1403	+	96	31880414	71460
chr15	31808954	32008954	harbor1	chr15	31899997	31900405	LTR/ERVL-MaLR	1978	+	204	31900201	91247
chr15	31808954	32008954	harbor1	chr15	31901423	31901774	LTR/ERVL-MaLR	1936	+	176	31901599	92645
chr15	31808954	32008954	harbor1	chr15	31902555	31902872	LTR/ERVL-MaLR	1453	+	158	31902713	93759
chr15	31808954	32008954	harbor1	chr15	31903208	31903259	LTR/ERVL-MaLR	1453	+	26	31903234	94280
chr15	44102278	44302278	harbor1	chr15	44164666	44165136	LTR/ERVL-MaLR	732	+	235	44164901	62623
chr15	44102278	44302278	harbor1	chr15	44165445	44165492	LTR/ERVL-MaLR	732	+	24	44165469	63191
chr15	76073857	76273857	harbor1	chr15	76077433	76077894	LTR/ERVL-MaLR	1591	+	230	76077663	3806
chr15	76073857	76273857	harbor1	chr15	76123606	76123713	LTR/ERVL-MaLR	567	+	54	76123660	49803
chr15	76073857	76273857	harbor1	chr15	76124013	76124348	LTR/ERVL-MaLR	567	+	168	76124181	50324
chr15	20770586	20970586	harbor1	chr15	20851844	20852228	LTR/ERVL-MaLR	696	+	192	20852036	81450
chr15	72836684	73036684	harbor1	chr15	72857774	72857888	LTR/ERVL-MaLR	1821	+	57	72857831	21147
chr15	72836684	73036684	harbor1	chr15	72857889	72858244	LTR/ERVL-MaLR	1749	+	178	72858067	21383
chr15	72836684	73036684	harbor1	chr15	72858245	72858639	LTR/ERVL-MaLR	1821	+	197	72858442	21758
chr15	72836684	73036684	harbor1	chr15	72863627	72864050	LTR/ERVL-MaLR	1902	+	212	72863839	27155
chr15	72836684	73036684	harbor1	chr15	72871899	72872392	LTR/ERVL-MaLR	1880	+	246	72872145	35461
chr15	72836684	73036684	harbor1	chr15	72872944	72873409	LTR/ERVL-MaLR	1642	+	232	72873176	36492
chr15	72836684	73036684	harbor1	chr15	72880089	72880523	LTR/ERVL-MaLR	1564	+	217	72880306	43622
chr15	72836684	73036684	harbor1	chr15	72916424	72916553	LTR/ERVL-MaLR	455	+	64	72916488	79804
chr15	72836684	73036684	harbor1	chr15	72926593	72927089	LTR/ERVL-MaLR	1407	+	248	72926841	90157
chr15	72836684	73036684	harbor1	chr15	72933581	72934033	LTR/ERVL-MaLR	1443	+	226	72933807	97123
chr15	93792469	93992469	harbor1	chr15	93812338	93812690	LTR/ERVL-MaLR	1627	+	176	93812514	20045
chr15	93792469	93992469	harbor1	chr15	93850682	93850735	LTR/ERVL-MaLR	1715	+	26	93850708	58239
chr15	93792469	93992469	harbor1	chr15	93851020	93851317	LTR/ERVL-MaLR	1715	+	148	93851168	58699
chr15	93792469	93992469	harbor1	chr15	93863494	93863862	LTR/ERVL-MaLR	1871	+	184	93863678	71209
chr15	93792469	93992469	harbor1	chr15	93864680	93864752	LTR/ERVL-MaLR	447	+	36	93864716	72247
chr15	93792469	93992469	harbor1	chr15	93889420	93889903	LTR/ERVL-MaLR	1966	+	242	93889662	97193
chr15	66856183	67056183	harbor1	chr15	66873448	66873548	LTR/ERVL-MaLR	728	+	50	66873498	17315
chr15	66856183	67056183	harbor1	chr15	66920894	66921287	LTR/ERVL-MaLR	1177	+	196	66921090	64907
chr15	66856183	67056183	harbor1	chr15	66926618	66926976	LTR/ERVL-MaLR	2294	+	179	66926797	70614
chr15	66856183	67056183	harbor1	chr15	66934579	66934847	LTR/ERVL-MaLR	930	+	134	66934713	78530
chr15	66856183	67056183	harbor1	chr15	66935247	66935468	LTR/ERVL-MaLR	600	+	110	66935357	79174
chr15	66856183	67056183	harbor1	chr15	66937313	66937537	LTR/ERVL-MaLR	466	+	112	66937425	81242
chr15	66856183	67056183	harbor1	chr15	66937538	66937897	LTR/ERVL-MaLR	2070	+	180	66937718	81535
chr15	66856183	67056183	harbor1	chr15	66937898	66938064	LTR/ERVL-MaLR	466	+	83	66937981	81798
chr15	66856183	67056183	harbor1	chr15	66938488	66938867	LTR/ERVL-MaLR	910	+	190	66938678	82495
chr15	66856183	67056183	harbor1	chr15	66948217	66949136	LTR/ERVL-MaLR	3055	+	460	66948677	92494
chr15	66856183	67056183	harbor1	chr15	66949142	66949462	LTR/ERVL-MaLR	1983	+	160	66949302	93119
chr15	66856183	67056183	harbor1	chr15	66949764	66949836	LTR/ERVL-MaLR	1983	+	36	66949800	93617
chr15	66856183	67056183	harbor1	chr15	66953342	66953635	LTR/ERVL-MaLR	766	+	146	66953488	97305
chr15	95865605	96065605	harbor1	chr15	95905868	95905892	LTR/ERVL-MaLR	808	+	12	95905880	40275
chr15	95865605	96065605	harbor1	chr15	95905950	95906092	LTR/ERVL-MaLR	808	+	71	95906021	40416
chr15	95865605	96065605	harbor1	chr15	95934884	95935222	LTR/ERVL-MaLR	1843	+	169	95935053	69448
chr15	80728786	80928786	harbor1	chr15	80739396	80739804	LTR/ERVL-MaLR	2330	+	204	80739600	10814
chr15	80728786	80928786	harbor1	chr15	80797488	80797791	LTR/ERVL-MaLR	664	+	152	80797640	68854
chr15	30823857	31023857	harbor1	chr15	30872486	30872872	LTR/ERVL-MaLR	2245	+	193	30872679	48822
chr15	30823857	31023857	harbor1	chr15	30878021	30878422	LTR/ERVL-MaLR	1445	+	200	30878221	54364
chr15	30823857	31023857	harbor1	chr15	30878499	30878727	LTR/ERVL-MaLR	1217	+	114	30878613	54756
chr15	30823857	31023857	harbor1	chr15	30885640	30885958	LTR/ERVL-MaLR	973	+	159	30885799	61942
chr15	30823857	31023857	harbor1	chr15	30886082	30886343	LTR/ERVL-MaLR	1012	+	130	30886212	62355
chr15	59365067	59565067	harbor1	chr15	59403228	59403590	LTR/ERVL-MaLR	1393	+	181	59403409	38342
chr15	59365067	59565067	harbor1	chr15	59413911	59413954	LTR/ERVL-MaLR	466	+	22	59413933	48866
chr15	59365067	59565067	harbor1	chr15	59414254	59414288	LTR/ERVL-MaLR	466	+	17	59414271	49204
chr15	59365067	59565067	harbor1	chr15	59414795	59414821	LTR/ERVL-MaLR	466	+	13	59414808	49741
chr15	59365067	59565067	harbor1	chr15	59415417	59415774	LTR/ERVL-MaLR	1219	+	178	59415595	50528
chr15	61156147	61356147	harbor1	chr15	61193507	61193650	LTR/ERVL-MaLR	559	+	72	61193579	37432
chr15	61156147	61356147	harbor1	chr15	61209518	61209615	LTR/ERVL-MaLR	606	+	48	61209566	53419
chr15	61156147	61356147	harbor1	chr15	61209600	61209688	LTR/ERVL-MaLR	587	+	44	61209644	53497
chr15	96474421	96674421	harbor1	chr15	96552916	96553490	LTR/ERVL-MaLR	2002	+	287	96553203	78782
chr15	96474421	96674421	harbor1	chr15	96557776	96558132	LTR/ERVL-MaLR	1900	+	178	96557954	83533
chr15	96474421	96674421	harbor1	chr15	96564448	96564968	LTR/ERVL-MaLR	1260	+	260	96564708	90287
chr15	96474421	96674421	harbor1	chr15	96569550	96569995	LTR/ERVL-MaLR	928	+	222	96569772	95351
chr15	96474421	96674421	harbor1	chr15	96571567	96571960	LTR/ERVL-MaLR	699	+	196	96571763	97342
chr15	96474421	96674421	harbor1	chr15	96501446	96501987	LTR/ERVL-MaLR	769	+	270	96501716	27295
chr15	32530656	32730656	harbor1	chr15	32530410	32530769	LTR/ERVL-MaLR	1928	+	180	32530590	66
chr15	32530656	32730656	harbor1	chr15	32552336	32552691	LTR/ERVL-MaLR	1663	+	178	32552514	21858
chr15	32530656	32730656	harbor1	chr15	32581110	32581548	LTR/ERVL-MaLR	1483	+	219	32581329	50673
chr15	52608918	52808918	harbor1	chr15	52616591	52616989	LTR/ERVL-MaLR	716	+	199	52616790	7872
chr15	52608918	52808918	harbor1	chr15	52617075	52617481	LTR/ERVL-MaLR	1115	+	203	52617278	8360
chr15	52608918	52808918	harbor1	chr15	52621484	52621843	LTR/ERVL-MaLR	2227	+	180	52621664	12746
chr15	52608918	52808918	harbor1	chr15	52636345	52636709	LTR/ERVL-MaLR	1162	+	182	52636527	27609
chr15	52608918	52808918	harbor1	chr15	52687760	52688029	LTR/ERVL-MaLR	633	+	134	52687894	78976
chr15	46161745	46361745	harbor1	chr15	46187731	46187942	LTR/ERVL-MaLR	1349	+	106	46187837	26092
chr15	47606592	47806592	harbor1	chr15	47631389	47631846	LTR/ERVL-MaLR	1069	+	228	47631617	25025
chr15	47606592	47806592	harbor1	chr15	47654512	47654943	LTR/ERVL-MaLR	2199	+	216	47654728	48136
chr15	47606592	47806592	harbor1	chr15	47666878	47667248	LTR/ERVL-MaLR	1414	+	185	47667063	60471
chr15	47606592	47806592	harbor1	chr15	47675213	47675594	LTR/ERVL-MaLR	1777	+	190	47675403	68811
chr15	47606592	47806592	harbor1	chr15	47693001	47693425	LTR/ERVL-MaLR	1852	+	212	47693213	86621
chr15	47606592	47806592	harbor1	chr15	47644452	47644790	LTR/ERVL-MaLR	1395	+	169	47644621	38029
chr15	79028865	79228865	harbor1	chr15	79054458	79054789	LTR/ERVL-MaLR	664	+	166	79054624	25759
chr15	79028865	79228865	harbor1	chr15	79060926	79061402	LTR/ERVL-MaLR	1515	+	238	79061164	32299
chr15	79028865	79228865	harbor1	chr15	79082409	79082568	LTR/ERVL-MaLR	527	+	80	79082489	53624
chr15	79028865	79228865	harbor1	chr15	79105609	79106116	LTR/ERVL-MaLR	1251	+	254	79105863	76998
chr15	79028865	79228865	harbor1	chr15	79124465	79124970	LTR/ERVL-MaLR	1288	+	252	79124717	95852
chr15	90266358	90466358	harbor1	chr15	90345854	90346221	LTR/ERVL-MaLR	925	+	184	90346038	79680
chr15	90266358	90466358	harbor1	chr15	90346512	90346525	LTR/ERVL-MaLR	767	+	6	90346518	80160
chr15	95457477	95657477	harbor1	chr15	95511197	95511580	LTR/ERVL-MaLR	1396	+	192	95511389	53912
chr15	21277014	21477014	harbor1	chr15	21280761	21281112	LTR/ERVL-MaLR	921	+	176	21280937	3923
chr15	91482213	91682213	harbor1	chr15	91490541	91490900	LTR/ERVL-MaLR	1579	+	180	91490721	8508
chr15	91482213	91682213	harbor1	chr15	91526417	91526834	LTR/ERVL-MaLR	2585	+	208	91526625	44412
chr15	91482213	91682213	harbor1	chr15	91531117	91531683	LTR/ERVL-MaLR	1664	+	283	91531400	49187
chr15	91482213	91682213	harbor1	chr15	91535909	91536285	LTR/ERVL-MaLR	2210	+	188	91536097	53884
chr15	91482213	91682213	harbor1	chr15	91541738	91542046	LTR/ERVL-MaLR	637	+	154	91541892	59679
chr15	91482213	91682213	harbor1	chr15	91547128	91547528	LTR/ERVL-MaLR	2014	+	200	91547328	65115
chr15	91482213	91682213	harbor1	chr15	91558801	91559203	LTR/ERVL-MaLR	1205	+	201	91559002	76789
chr15	91482213	91682213	harbor1	chr15	91570525	91570924	LTR/ERVL-MaLR	1854	+	200	91570725	88512
chr15	28470624	28670624	harbor1	chr15	28486343	28486573	LTR/ERVL-MaLR	823	+	115	28486458	15834
chr15	28470624	28670624	harbor1	chr15	28486895	28486937	LTR/ERVL-MaLR	823	+	21	28486916	16292
chr15	28470624	28670624	harbor1	chr15	28488147	28489241	LTR/ERVL-MaLR	6383	+	547	28488694	18070
chr15	28470624	28670624	harbor1	chr15	28489242	28489608	LTR/ERVL-MaLR	2498	+	183	28489425	18801
chr15	28470624	28670624	harbor1	chr15	28492197	28492437	LTR/ERVL-MaLR	1208	+	120	28492317	21693
chr15	28470624	28670624	harbor1	chr15	28492740	28493012	LTR/ERVL-MaLR	1208	+	136	28492876	22252
chr15	28470624	28670624	harbor1	chr15	28493330	28493369	LTR/ERVL-MaLR	1208	+	20	28493350	22726
chr15	28470624	28670624	harbor1	chr15	28495983	28496330	LTR/ERVL-MaLR	1511	+	174	28496157	25533
chr15	61927989	62127989	harbor1	chr15	61944915	61945264	LTR/ERVL-MaLR	1923	+	174	61945089	17100
chr15	61927989	62127989	harbor1	chr15	61969894	61970422	LTR/ERVL-MaLR	854	+	264	61970158	42169
chr15	61927989	62127989	harbor1	chr15	61995414	61995915	LTR/ERVL-MaLR	1066	+	250	61995664	67675
chr15	82691116	82891116	harbor1	chr15	82749522	82749958	LTR/ERVL-MaLR	1912	+	218	82749740	58624
chr15	82691116	82891116	harbor1	chr15	82769967	82770389	LTR/ERVL-MaLR	855	+	211	82770178	79062
chr15	82691116	82891116	harbor1	chr15	82770701	82770769	LTR/ERVL-MaLR	847	+	34	82770735	79619
chr15	59594460	59794460	harbor1	chr15	59603614	59603955	LTR/ERVL-MaLR	2085	+	170	59603784	9324
chr15	82905903	83105903	harbor1	chr15	82926358	82926405	LTR/ERVL-MaLR	1240	+	24	82926382	20479
chr15	82905903	83105903	harbor1	chr15	82926708	82926998	LTR/ERVL-MaLR	1240	+	145	82926853	20950
chr15	82905903	83105903	harbor1	chr15	82978577	82978725	LTR/ERVL-MaLR	2264	+	74	82978651	72748
chr15	82905903	83105903	harbor1	chr15	82979019	82979250	LTR/ERVL-MaLR	2264	+	116	82979135	73232
chr15	70642856	70842856	harbor1	chr15	70646095	70646588	LTR/ERVL-MaLR	1928	+	246	70646341	3485
chr15	70642856	70842856	harbor1	chr15	70675740	70676024	LTR/ERVL-MaLR	1060	+	142	70675882	33026
chr15	70642856	70842856	harbor1	chr15	70688710	70688884	LTR/ERVL-MaLR	481	+	87	70688797	45941
chr15	70642856	70842856	harbor1	chr15	70716024	70716474	LTR/ERVL-MaLR	1128	+	225	70716249	73393
chr15	70642856	70842856	harbor1	chr15	70719144	70719924	LTR/ERVL-MaLR	582	+	390	70719534	76678
chr15	70642856	70842856	harbor1	chr15	70719955	70720329	LTR/ERVL-MaLR	2250	+	187	70720142	77286
chr15	70642856	70842856	harbor1	chr15	70720468	70720744	LTR/ERVL-MaLR	584	+	138	70720606	77750
chr16	56881910	57081910	harbor1	chr16	56928414	56928714	LTR/ERVL-MaLR	1730	+	150	56928564	46654
chr16	56881910	57081910	harbor1	chr16	56929311	56929448	LTR/ERVL-MaLR	1730	+	68	56929379	47469
chr16	58140733	58340733	harbor1	chr16	58146405	58146601	LTR/ERVL-MaLR	2439	+	98	58146503	5770
chr16	58140733	58340733	harbor1	chr16	58146908	58147133	LTR/ERVL-MaLR	2439	+	112	58147020	6287
chr16	58140733	58340733	harbor1	chr16	58173704	58174153	LTR/ERVL-MaLR	568	+	224	58173928	33195
chr16	58140733	58340733	harbor1	chr16	58203533	58203963	LTR/ERVL-MaLR	1927	+	215	58203748	63015
chr16	58140733	58340733	harbor1	chr16	58216857	58217247	LTR/ERVL-MaLR	2269	+	195	58217052	76319
chr16	58140733	58340733	harbor1	chr16	58217313	58217842	LTR/ERVL-MaLR	904	+	264	58217577	76844
chr16	58140733	58340733	harbor1	chr16	58226142	58226501	LTR/ERVL-MaLR	1167	+	180	58226322	85589
chr16	58140733	58340733	harbor1	chr16	58234727	58235145	LTR/ERVL-MaLR	1371	+	209	58234936	94203
chr16	13887673	14087673	harbor1	chr16	13888523	13888824	LTR/ERVL-MaLR	470	+	150	13888673	1000
chr16	13887673	14087673	harbor1	chr16	13895558	13895809	LTR/ERVL-MaLR	666	+	126	13895684	8011
chr16	13887673	14087673	harbor1	chr16	13896470	13896948	LTR/ERVL-MaLR	1058	+	239	13896709	9036
chr16	13887673	14087673	harbor1	chr16	13902143	13902487	LTR/ERVL-MaLR	777	+	172	13902315	14642
chr16	13887673	14087673	harbor1	chr16	13903434	13903820	LTR/ERVL-MaLR	2116	+	193	13903627	15954
chr16	49445737	49645737	harbor1	chr16	49453655	49453969	LTR/ERVL-MaLR	525	+	157	49453812	8075
chr16	49445737	49645737	harbor1	chr16	49454083	49454228	LTR/ERVL-MaLR	457	+	72	49454155	8418
chr16	49445737	49645737	harbor1	chr16	49485781	49486176	LTR/ERVL-MaLR	878	+	198	49485979	40242
chr16	49445737	49645737	harbor1	chr16	49496271	49496661	LTR/ERVL-MaLR	2086	+	195	49496466	50729
chr16	49445737	49645737	harbor1	chr16	49522207	49522571	LTR/ERVL-MaLR	1052	+	182	49522389	76652
chr16	49445737	49645737	harbor1	chr16	49541619	49541984	LTR/ERVL-MaLR	2243	+	182	49541801	96064
chr16	69313553	69513553	harbor1	chr16	69333862	69334298	LTR/ERVL-MaLR	1685	+	218	69334080	20527
chr16	69313553	69513553	harbor1	chr16	69382439	69382917	LTR/ERVL-MaLR	1458	+	239	69382678	69125
chr16	80712211	80912211	harbor1	chr16	80713598	80714113	LTR/ERVL-MaLR	2104	+	258	80713856	1645
chr16	80712211	80912211	harbor1	chr16	80811187	80811588	LTR/ERVL-MaLR	1548	+	200	80811387	99176
chr16	47307011	47507011	harbor1	chr16	47323095	47323602	LTR/ERVL-MaLR	1851	+	254	47323349	16338
chr16	77929189	78129189	harbor1	chr16	77934288	77934423	LTR/ERVL-MaLR	689	+	68	77934356	5167
chr16	77929189	78129189	harbor1	chr16	77934425	77934645	LTR/ERVL-MaLR	1216	+	110	77934535	5346
chr16	77929189	78129189	harbor1	chr16	77949424	77949833	LTR/ERVL-MaLR	2465	+	204	77949628	20439
chr16	77929189	78129189	harbor1	chr16	77952273	77952583	LTR/ERVL-MaLR	1311	+	155	77952428	23239
chr16	77929189	78129189	harbor1	chr16	77952893	77953332	LTR/ERVL-MaLR	1907	+	220	77953113	23924
chr16	77929189	78129189	harbor1	chr16	77963152	77963595	LTR/ERVL-MaLR	1870	+	222	77963374	34185
chr16	77929189	78129189	harbor1	chr16	78000087	78000300	LTR/ERVL-MaLR	1379	+	106	78000193	71004
chr16	77929189	78129189	harbor1	chr16	78000815	78000958	LTR/ERVL-MaLR	677	+	72	78000887	71698
chr16	77929189	78129189	harbor1	chr16	78006013	78006225	LTR/ERVL-MaLR	533	+	106	78006119	76930
chr16	77929189	78129189	harbor1	chr16	77938401	77938804	LTR/ERVL-MaLR	2736	+	202	77938603	9414
chr16	51923230	52123230	harbor1	chr16	51934502	51934672	LTR/ERVL-MaLR	1180	+	85	51934587	11357
chr16	51923230	52123230	harbor1	chr16	51935870	51936224	LTR/ERVL-MaLR	1002	+	177	51936047	12817
chr16	51923230	52123230	harbor1	chr16	51958928	51958949	LTR/ERVL-MaLR	537	+	10	51958938	35708
chr16	51923230	52123230	harbor1	chr16	51958950	51959341	LTR/ERVL-MaLR	2254	+	196	51959146	35916
chr16	51923230	52123230	harbor1	chr16	51959342	51959481	LTR/ERVL-MaLR	537	+	70	51959412	36182
chr16	51923230	52123230	harbor1	chr16	51972080	51972463	LTR/ERVL-MaLR	663	+	192	51972272	49042
chr16	51923230	52123230	harbor1	chr16	51987393	51987707	LTR/ERVL-MaLR	748	+	157	51987550	64320
chr16	67362829	67562829	harbor1	chr16	67419704	67420186	LTR/ERVL-MaLR	2371	+	241	67419945	57116
chr16	79602834	79802834	harbor1	chr16	79647749	79648260	LTR/ERVL-MaLR	929	+	256	79648005	45171
chr16	79602834	79802834	harbor1	chr16	79655567	79656049	LTR/ERVL-MaLR	1619	+	241	79655808	52974
chr16	79602834	79802834	harbor1	chr16	79701904	79702553	LTR/ERVL-MaLR	2048	+	324	79702228	99394
chr16	49432289	49632289	harbor1	chr16	49453655	49453969	LTR/ERVL-MaLR	525	+	157	49453812	21523
chr16	49432289	49632289	harbor1	chr16	49454083	49454228	LTR/ERVL-MaLR	457	+	72	49454155	21866
chr16	49432289	49632289	harbor1	chr16	49485781	49486176	LTR/ERVL-MaLR	878	+	198	49485979	53690
chr16	49432289	49632289	harbor1	chr16	49496271	49496661	LTR/ERVL-MaLR	2086	+	195	49496466	64177
chr16	49432289	49632289	harbor1	chr16	49522207	49522571	LTR/ERVL-MaLR	1052	+	182	49522389	90100
chr16	76193814	76393814	harbor1	chr16	76214796	76215122	LTR/ERVL-MaLR	1128	+	163	76214959	21145
chr16	76193814	76393814	harbor1	chr16	76215401	76215531	LTR/ERVL-MaLR	1128	+	65	76215466	21652
chr16	76193814	76393814	harbor1	chr16	76228980	76229340	LTR/ERVL-MaLR	2207	+	180	76229160	35346
chr16	76193814	76393814	harbor1	chr16	76248011	76248445	LTR/ERVL-MaLR	2503	+	217	76248228	54414
chr16	76193814	76393814	harbor1	chr16	76249139	76249279	LTR/ERVL-MaLR	880	+	70	76249209	55395
chr16	76193814	76393814	harbor1	chr16	76255472	76255728	LTR/ERVL-MaLR	1333	+	128	76255600	61786
chr16	76193814	76393814	harbor1	chr16	76258427	76258839	LTR/ERVL-MaLR	692	+	206	76258633	64819
chr16	76193814	76393814	harbor1	chr16	76268385	76268767	LTR/ERVL-MaLR	2110	+	191	76268576	74762
chr16	76193814	76393814	harbor1	chr16	76288001	76288369	LTR/ERVL-MaLR	1996	+	184	76288185	94371
chr16	73584247	73784247	harbor1	chr16	73597421	73597859	LTR/ERVL-MaLR	1841	+	219	73597640	13393
chr16	73584247	73784247	harbor1	chr16	73647307	73647657	LTR/ERVL-MaLR	1547	+	175	73647482	63235
chr16	73584247	73784247	harbor1	chr16	73674552	73674753	LTR/ERVL-MaLR	581	+	100	73674652	90405
chr16	73584247	73784247	harbor1	chr16	73674786	73675022	LTR/ERVL-MaLR	512	+	118	73674904	90657
chr16	64645887	64845887	harbor1	chr16	64657555	64657908	LTR/ERVL-MaLR	1664	+	176	64657731	11844
chr16	64645887	64845887	harbor1	chr16	64673557	64673980	LTR/ERVL-MaLR	1075	+	212	64673769	27882
chr16	64645887	64845887	harbor1	chr16	64695509	64695958	LTR/ERVL-MaLR	683	+	224	64695733	49846
chr16	64645887	64845887	harbor1	chr16	64707441	64707669	LTR/ERVL-MaLR	546	+	114	64707555	61668
chr16	64645887	64845887	harbor1	chr16	64707766	64707870	LTR/ERVL-MaLR	496	+	52	64707818	61931
chr16	64645887	64845887	harbor1	chr16	64708359	64708736	LTR/ERVL-MaLR	1172	+	188	64708547	62660
chr16	64645887	64845887	harbor1	chr16	64737647	64738068	LTR/ERVL-MaLR	1713	+	210	64737857	91970
chr16	19370081	19570081	harbor1	chr16	19373173	19373271	LTR/ERVL-MaLR	1298	+	49	19373222	3141
chr16	19370081	19570081	harbor1	chr16	19373560	19373973	LTR/ERVL-MaLR	1298	+	206	19373766	3685
chr16	19370081	19570081	harbor1	chr16	19381442	19381783	LTR/ERVL-MaLR	1155	+	170	19381612	11531
chr16	19370081	19570081	harbor1	chr16	19386237	19386623	LTR/ERVL-MaLR	2382	+	193	19386430	16349
chr16	19370081	19570081	harbor1	chr16	19421264	19421578	LTR/ERVL-MaLR	2325	+	157	19421421	51340
chr16	19370081	19570081	harbor1	chr16	19449637	19450005	LTR/ERVL-MaLR	2013	+	184	19449821	79740
chr16	19370081	19570081	harbor1	chr16	19468452	19468837	LTR/ERVL-MaLR	2131	+	192	19468644	98563
chr16	19370081	19570081	harbor1	chr16	19469028	19469124	LTR/ERVL-MaLR	583	+	48	19469076	98995
chr16	61723498	61923498	harbor1	chr16	61757485	61757939	LTR/ERVL-MaLR	890	+	227	61757712	34214
chr16	61723498	61923498	harbor1	chr16	61757940	61758410	LTR/ERVL-MaLR	1470	+	235	61758175	34677
chr16	61723498	61923498	harbor1	chr16	61758695	61758893	LTR/ERVL-MaLR	1470	+	99	61758794	35296
chr16	61723498	61923498	harbor1	chr16	61759022	61759354	LTR/ERVL-MaLR	1470	+	166	61759188	35690
chr16	61723498	61923498	harbor1	chr16	61759452	61759686	LTR/ERVL-MaLR	594	+	117	61759569	36071
chr16	61723498	61923498	harbor1	chr16	61760060	61760270	LTR/ERVL-MaLR	576	+	105	61760165	36667
chr16	61723498	61923498	harbor1	chr16	61775466	61775934	LTR/ERVL-MaLR	494	+	234	61775700	52202
chr16	61723498	61923498	harbor1	chr16	61792947	61793248	LTR/ERVL-MaLR	1440	+	150	61793097	69599
chr16	61723498	61923498	harbor1	chr16	61793874	61793954	LTR/ERVL-MaLR	1440	+	40	61793914	70416
chr16	24359459	24559459	harbor1	chr16	24367230	24367654	LTR/ERVL-MaLR	2718	+	212	24367442	7983
chr16	24359459	24559459	harbor1	chr16	24368645	24368934	LTR/ERVL-MaLR	610	+	144	24368789	9330
chr16	24359459	24559459	harbor1	chr16	24420987	24421345	LTR/ERVL-MaLR	2669	+	179	24421166	61707
chr16	24359459	24559459	harbor1	chr16	24421663	24421729	LTR/ERVL-MaLR	2669	+	33	24421696	62237
chr16	24359459	24559459	harbor1	chr16	24430197	24430399	LTR/ERVL-MaLR	2118	+	101	24430298	70839
chr16	24359459	24559459	harbor1	chr16	24430688	24430923	LTR/ERVL-MaLR	2118	+	118	24430806	71347
chr16	24359459	24559459	harbor1	chr16	24437493	24437976	LTR/ERVL-MaLR	2058	+	242	24437735	78276
chr16	24359459	24559459	harbor1	chr16	24456016	24456377	LTR/ERVL-MaLR	2039	+	180	24456196	96737
chr16	24049670	24249670	harbor1	chr16	24056470	24056898	LTR/ERVL-MaLR	2234	+	214	24056684	7014
chr16	24049670	24249670	harbor1	chr16	24145858	24146314	LTR/ERVL-MaLR	1857	+	228	24146086	96416
chr16	33878584	34078584	harbor1	chr16	33880418	33880825	LTR/ERVL-MaLR	1875	+	204	33880622	2038
chr16	33878584	34078584	harbor1	chr16	33882407	33882766	LTR/ERVL-MaLR	1809	+	180	33882587	4003
chr16	33878584	34078584	harbor1	chr16	33880826	33882406	LTR/ERVL-MaLR	10249	+	790	33881616	3032
chr16	7793838	7993838	harbor1	chr16	7794444	7794933	LTR/ERVL-MaLR	1771	+	244	7794688	850
chr16	7793838	7993838	harbor1	chr16	7812246	7812634	LTR/ERVL-MaLR	2306	+	194	7812440	18602
chr16	7793838	7993838	harbor1	chr16	7867870	7868424	LTR/ERVL-MaLR	1814	+	277	7868147	74309
chr16	8221279	8421279	harbor1	chr16	8240102	8240281	LTR/ERVL-MaLR	455	+	90	8240192	18913
chr16	8221279	8421279	harbor1	chr16	8266443	8266826	LTR/ERVL-MaLR	2036	+	192	8266635	45356
chr16	8221279	8421279	harbor1	chr16	8280030	8280632	LTR/ERVL-MaLR	2248	+	301	8280331	59052
chr16	8221279	8421279	harbor1	chr16	8298085	8298267	LTR/ERVL-MaLR	1590	+	91	8298176	76897
chr16	8221279	8421279	harbor1	chr16	8298308	8298499	LTR/ERVL-MaLR	1590	+	96	8298404	77125
chr16	8221279	8421279	harbor1	chr16	8299348	8299813	LTR/ERVL-MaLR	759	+	232	8299580	78301
chr16	8221279	8421279	harbor1	chr16	8308591	8309115	LTR/ERVL-MaLR	1054	+	262	8308853	87574
chr16	8221279	8421279	harbor1	chr16	8311847	8312164	LTR/ERVL-MaLR	1067	+	158	8312005	90726
chr16	55614412	55814412	harbor1	chr16	55626173	55626270	LTR/ERVL-MaLR	465	+	48	55626221	11809
chr16	55614412	55814412	harbor1	chr16	55626269	55626471	LTR/ERVL-MaLR	820	+	101	55626370	11958
chr16	55614412	55814412	harbor1	chr16	55663182	55663568	LTR/ERVL-MaLR	1643	+	193	55663375	48963
chr16	58889190	59089190	harbor1	chr16	58911936	58912351	LTR/ERVL-MaLR	2584	+	208	58912144	22954
chr16	58889190	59089190	harbor1	chr16	58926543	58926912	LTR/ERVL-MaLR	2814	+	184	58926727	37537
chr16	26607425	26807425	harbor1	chr16	26638812	26639216	LTR/ERVL-MaLR	1547	+	202	26639014	31589
chr16	26607425	26807425	harbor1	chr16	26645125	26645385	LTR/ERVL-MaLR	639	+	130	26645255	37830
chr16	26607425	26807425	harbor1	chr16	26646978	26647309	LTR/ERVL-MaLR	1558	+	166	26647144	39719
chr16	26607425	26807425	harbor1	chr16	26647606	26647921	LTR/ERVL-MaLR	734	+	158	26647764	40339
chr16	26607425	26807425	harbor1	chr16	26661420	26661566	LTR/ERVL-MaLR	720	+	73	26661493	54068
chr16	26607425	26807425	harbor1	chr16	26673375	26673738	LTR/ERVL-MaLR	2080	+	182	26673557	66132
chr16	26607425	26807425	harbor1	chr16	26678381	26678785	LTR/ERVL-MaLR	592	+	202	26678583	71158
chr16	26607425	26807425	harbor1	chr16	26679361	26679830	LTR/ERVL-MaLR	532	+	234	26679595	72170
chr16	26607425	26807425	harbor1	chr16	26680127	26680201	LTR/ERVL-MaLR	532	+	37	26680164	72739
chr16	66592226	66792226	harbor1	chr16	66594043	66594425	LTR/ERVL-MaLR	1246	+	191	66594234	2008
chr16	66592226	66792226	harbor1	chr16	66640661	66641044	LTR/ERVL-MaLR	1888	+	192	66640853	48627
chr16	66592226	66792226	harbor1	chr16	66641334	66641393	LTR/ERVL-MaLR	1888	+	30	66641364	49138
chr16	66592226	66792226	harbor1	chr16	66648011	66648256	LTR/ERVL-MaLR	535	+	122	66648133	55907
chr16	75951932	76151932	harbor1	chr16	75960803	75961153	LTR/ERVL-MaLR	2093	+	175	75960978	9046
chr16	75951932	76151932	harbor1	chr16	75999349	75999804	LTR/ERVL-MaLR	837	+	228	75999577	47645
chr16	75951932	76151932	harbor1	chr16	76000495	76000850	LTR/ERVL-MaLR	1374	+	178	76000673	48741
chr16	75951932	76151932	harbor1	chr16	76031774	76032101	LTR/ERVL-MaLR	1396	+	164	76031938	80006
chr16	75951932	76151932	harbor1	chr16	76032102	76032487	LTR/ERVL-MaLR	1612	+	192	76032294	80362
chr16	75951932	76151932	harbor1	chr16	76032488	76032596	LTR/ERVL-MaLR	1396	+	54	76032542	80610
chr16	75951932	76151932	harbor1	chr16	76043593	76043827	LTR/ERVL-MaLR	2618	+	117	76043710	91778
chr16	75951932	76151932	harbor1	chr16	76044127	76044243	LTR/ERVL-MaLR	2618	+	58	76044185	92253
chr16	24815739	25015739	harbor1	chr16	24855159	24855319	LTR/ERVL-MaLR	1235	+	80	24855239	39500
chr16	24815739	25015739	harbor1	chr16	24855620	24855671	LTR/ERVL-MaLR	1235	+	26	24855646	39907
chr16	24815739	25015739	harbor1	chr16	24855699	24855917	LTR/ERVL-MaLR	1235	+	109	24855808	40069
chr16	24815739	25015739	harbor1	chr16	24861821	24862153	LTR/ERVL-MaLR	1496	+	166	24861987	46248
chr16	24815739	25015739	harbor1	chr16	24915061	24915270	LTR/ERVL-MaLR	925	+	104	24915165	99426
chr16	62074492	62274492	harbor1	chr16	62077192	62077595	LTR/ERVL-MaLR	1929	+	202	62077394	2902
chr16	62074492	62274492	harbor1	chr16	62109428	62109793	LTR/ERVL-MaLR	2121	+	182	62109610	35118
chr16	62074492	62274492	harbor1	chr16	62118267	62118471	LTR/ERVL-MaLR	617	+	102	62118369	43877
chr16	62074492	62274492	harbor1	chr16	62148588	62148856	LTR/ERVL-MaLR	1025	+	134	62148722	74230
chr16	34390514	34590514	harbor1	chr16	34391443	34391561	LTR/ERVL-MaLR	692	+	59	34391502	988
chr16	34390514	34590514	harbor1	chr16	34459652	34459945	LTR/ERVL-MaLR	1353	+	146	34459798	69284
chr16	34390514	34590514	harbor1	chr16	34461596	34461866	LTR/ERVL-MaLR	1096	+	135	34461731	71217
chr16	34390514	34590514	harbor1	chr16	34462168	34462409	LTR/ERVL-MaLR	1096	+	120	34462288	71774
chr16	34390514	34590514	harbor1	chr16	34465284	34465621	LTR/ERVL-MaLR	2214	+	168	34465452	74938
chr16	34390514	34590514	harbor1	chr16	34472700	34472830	LTR/ERVL-MaLR	725	+	65	34472765	82251
chr16	34390514	34590514	harbor1	chr16	34406138	34406534	LTR/ERVL-MaLR	1548	+	198	34406336	15822
chr16	84903021	85103021	harbor1	chr16	84915456	84915584	LTR/ERVL-MaLR	555	+	64	84915520	12499
chr16	84903021	85103021	harbor1	chr16	84943843	84944353	LTR/ERVL-MaLR	1711	+	255	84944098	41077
chr16	84903021	85103021	harbor1	chr16	84945440	84945821	LTR/ERVL-MaLR	2127	+	190	84945630	42609
chr16	84903021	85103021	harbor1	chr16	84954124	84954295	LTR/ERVL-MaLR	668	+	86	84954210	51189
chr16	84903021	85103021	harbor1	chr16	84954352	84954619	LTR/ERVL-MaLR	1090	+	134	84954486	51465
chr16	84903021	85103021	harbor1	chr16	84955975	84956145	LTR/ERVL-MaLR	1654	+	85	84956060	53039
chr16	84903021	85103021	harbor1	chr16	84956401	84956413	LTR/ERVL-MaLR	1654	+	6	84956407	53386
chr16	84903021	85103021	harbor1	chr16	84956712	84957000	LTR/ERVL-MaLR	1654	+	144	84956856	53835
chr16	84903021	85103021	harbor1	chr16	84959682	84959900	LTR/ERVL-MaLR	530	+	109	84959791	56770
chr16	84903021	85103021	harbor1	chr16	84959983	84960118	LTR/ERVL-MaLR	612	+	68	84960051	57030
chr16	957634	1157634	harbor1	chr16	1026803	1027200	LTR/ERVL-MaLR	603	+	198	1027001	69367
chr16	957634	1157634	harbor1	chr16	1037753	1038044	LTR/ERVL-MaLR	596	+	146	1037899	80265
chr16	51684505	51884505	harbor1	chr16	51704231	51704389	LTR/ERVL-MaLR	1693	+	79	51704310	19805
chr16	51684505	51884505	harbor1	chr16	51704702	51704937	LTR/ERVL-MaLR	1693	+	118	51704820	20315
chr16	51684505	51884505	harbor1	chr16	51713143	51713531	LTR/ERVL-MaLR	2396	+	194	51713337	28832
chr16	51684505	51884505	harbor1	chr16	51714392	51714769	LTR/ERVL-MaLR	894	+	188	51714580	30075
chr16	51684505	51884505	harbor1	chr16	51719401	51719811	LTR/ERVL-MaLR	996	+	205	51719606	35101
chr16	51684505	51884505	harbor1	chr16	51781484	51782027	LTR/ERVL-MaLR	2409	+	272	51781756	97251
chr16	58305647	58505647	harbor1	chr16	58379542	58379919	LTR/ERVL-MaLR	1850	+	188	58379730	74083
chr16	58305647	58505647	harbor1	chr16	58380328	58380870	LTR/ERVL-MaLR	588	+	271	58380599	74952
chr16	58305647	58505647	harbor1	chr16	58382366	58382717	LTR/ERVL-MaLR	2090	+	176	58382542	76895
chr16	58305647	58505647	harbor1	chr16	58385095	58385363	LTR/ERVL-MaLR	1149	+	134	58385229	79582
chr16	74245451	74445451	harbor1	chr16	74258249	74258629	LTR/ERVL-MaLR	2391	+	190	74258439	12988
chr16	74245451	74445451	harbor1	chr16	74283101	74283281	LTR/ERVL-MaLR	463	+	90	74283191	37740
chr16	3958529	4158529	harbor1	chr16	3994020	3994343	LTR/ERVL-MaLR	1731	+	162	3994182	35653
chr16	3958529	4158529	harbor1	chr16	4010746	4011079	LTR/ERVL-MaLR	937	+	166	4010912	52383
chr16	3958529	4158529	harbor1	chr16	4037918	4037995	LTR/ERVL-MaLR	941	+	38	4037956	79427
chr16	3958529	4158529	harbor1	chr16	4038296	4038599	LTR/ERVL-MaLR	941	+	152	4038448	79919
chr16	75969728	76169728	harbor1	chr16	75999349	75999804	LTR/ERVL-MaLR	837	+	228	75999577	29849
chr16	75969728	76169728	harbor1	chr16	76000495	76000850	LTR/ERVL-MaLR	1374	+	178	76000673	30945
chr16	75969728	76169728	harbor1	chr16	76031774	76032101	LTR/ERVL-MaLR	1396	+	164	76031938	62210
chr16	75969728	76169728	harbor1	chr16	76032102	76032487	LTR/ERVL-MaLR	1612	+	192	76032294	62566
chr16	75969728	76169728	harbor1	chr16	76032488	76032596	LTR/ERVL-MaLR	1396	+	54	76032542	62814
chr16	75969728	76169728	harbor1	chr16	76043593	76043827	LTR/ERVL-MaLR	2618	+	117	76043710	73982
chr16	75969728	76169728	harbor1	chr16	76044127	76044243	LTR/ERVL-MaLR	2618	+	58	76044185	74457
chr16	75969728	76169728	harbor1	chr16	76067074	76067449	LTR/ERVL-MaLR	2205	+	188	76067262	97534
chr16	85019393	85219393	harbor1	chr16	85022983	85023154	LTR/ERVL-MaLR	1055	+	86	85023069	3676
chr16	85019393	85219393	harbor1	chr16	85023465	85023524	LTR/ERVL-MaLR	1055	+	30	85023495	4102
chr16	85019393	85219393	harbor1	chr16	85024641	85024994	LTR/ERVL-MaLR	1295	+	176	85024817	5424
chr16	85019393	85219393	harbor1	chr16	85025281	85025429	LTR/ERVL-MaLR	1295	+	74	85025355	5962
chr16	85019393	85219393	harbor1	chr16	85025708	85025776	LTR/ERVL-MaLR	1295	+	34	85025742	6349
chr16	85019393	85219393	harbor1	chr16	85049407	85049821	LTR/ERVL-MaLR	2263	+	207	85049614	30221
chr16	85019393	85219393	harbor1	chr16	85097819	85098269	LTR/ERVL-MaLR	1991	+	225	85098044	78651
chr16	85019393	85219393	harbor1	chr16	85100616	85100766	LTR/ERVL-MaLR	558	+	75	85100691	81298
chr16	85019393	85219393	harbor1	chr16	85101061	85101165	LTR/ERVL-MaLR	558	+	52	85101113	81720
chr16	85019393	85219393	harbor1	chr16	85101336	85101520	LTR/ERVL-MaLR	503	+	92	85101428	82035
chr16	85019393	85219393	harbor1	chr16	85103150	85103402	LTR/ERVL-MaLR	1124	+	126	85103276	83883
chr16	85019393	85219393	harbor1	chr16	85106307	85106733	LTR/ERVL-MaLR	1289	+	213	85106520	87127
chr16	85019393	85219393	harbor1	chr16	85113919	85114330	LTR/ERVL-MaLR	919	+	206	85114125	94732
chr16	59927608	60127608	harbor1	chr16	59932400	59932670	LTR/ERVL-MaLR	911	+	135	59932535	4927
chr16	59927608	60127608	harbor1	chr16	59939171	59939521	LTR/ERVL-MaLR	1584	+	175	59939346	11738
chr16	59927608	60127608	harbor1	chr16	59963243	59963715	LTR/ERVL-MaLR	2118	+	236	59963479	35871
chr16	59927608	60127608	harbor1	chr16	59985323	59985694	LTR/ERVL-MaLR	1828	+	186	59985509	57901
chr16	59927608	60127608	harbor1	chr16	60000730	60001117	LTR/ERVL-MaLR	2237	+	194	60000924	73316
chr16	59927608	60127608	harbor1	chr16	60001118	60002615	LTR/ERVL-MaLR	9483	+	748	60001866	74258
chr16	59927608	60127608	harbor1	chr16	60002616	60002992	LTR/ERVL-MaLR	2419	+	188	60002804	75196
chr16	81488942	81688942	harbor1	chr16	81529490	81529960	LTR/ERVL-MaLR	1968	+	235	81529725	40783
chr16	81488942	81688942	harbor1	chr16	81530999	81531458	LTR/ERVL-MaLR	1437	+	230	81531229	42287
chr16	86896888	87096888	harbor1	chr16	86903842	86904219	LTR/ERVL-MaLR	2167	+	188	86904030	7142
chr16	86896888	87096888	harbor1	chr16	86915851	86916215	LTR/ERVL-MaLR	2250	+	182	86916033	19145
chr16	86896888	87096888	harbor1	chr16	86922869	86923202	LTR/ERVL-MaLR	1254	+	166	86923035	26147
chr16	86896888	87096888	harbor1	chr16	86929951	86930125	LTR/ERVL-MaLR	950	+	87	86930038	33150
chr16	86896888	87096888	harbor1	chr16	86970064	86970504	LTR/ERVL-MaLR	1305	+	220	86970284	73396
chr16	86896888	87096888	harbor1	chr16	86974019	86974402	LTR/ERVL-MaLR	856	+	192	86974211	77323
chr16	86896888	87096888	harbor1	chr16	86975421	86975929	LTR/ERVL-MaLR	1112	+	254	86975675	78787
chr16	86896888	87096888	harbor1	chr16	86987562	86987851	LTR/ERVL-MaLR	897	+	144	86987706	90818
chr16	53147795	53347795	harbor1	chr16	53184691	53185073	LTR/ERVL-MaLR	2181	+	191	53184882	37087
chr16	53147795	53347795	harbor1	chr16	53185074	53186608	LTR/ERVL-MaLR	10320	+	767	53185841	38046
chr16	53147795	53347795	harbor1	chr16	53186609	53186987	LTR/ERVL-MaLR	2206	+	189	53186798	39003
chr16	29090607	29290607	harbor1	chr16	29135230	29135637	LTR/ERVL-MaLR	1071	+	204	29135434	44827
chr16	29090607	29290607	harbor1	chr16	29136109	29136605	LTR/ERVL-MaLR	1546	+	248	29136357	45750
chr16	29090607	29290607	harbor1	chr16	29175501	29175939	LTR/ERVL-MaLR	1492	+	219	29175720	85113
chr16	29090607	29290607	harbor1	chr16	29180927	29181053	LTR/ERVL-MaLR	519	+	63	29180990	90383
chr16	29090607	29290607	harbor1	chr16	29181087	29181360	LTR/ERVL-MaLR	648	+	136	29181223	90616
chr16	29090607	29290607	harbor1	chr16	29146951	29147294	LTR/ERVL-MaLR	782	+	172	29147123	56516
chr16	86942864	87142864	harbor1	chr16	86970064	86970504	LTR/ERVL-MaLR	1305	+	220	86970284	27420
chr16	86942864	87142864	harbor1	chr16	86974019	86974402	LTR/ERVL-MaLR	856	+	192	86974211	31347
chr16	86942864	87142864	harbor1	chr16	86975421	86975929	LTR/ERVL-MaLR	1112	+	254	86975675	32811
chr16	86942864	87142864	harbor1	chr16	86987562	86987851	LTR/ERVL-MaLR	897	+	144	86987706	44842
chr16	86942864	87142864	harbor1	chr16	87008648	87009088	LTR/ERVL-MaLR	1188	+	220	87008868	66004
chr16	86942864	87142864	harbor1	chr16	87032111	87032150	LTR/ERVL-MaLR	1437	+	20	87032131	89267
chr16	86942864	87142864	harbor1	chr16	87036275	87036634	LTR/ERVL-MaLR	1576	+	180	87036455	93591
chr16	86942864	87142864	harbor1	chr16	87031487	87031816	LTR/ERVL-MaLR	1437	+	164	87031651	88787
chr16	9452859	9652859	harbor1	chr16	9471612	9472166	LTR/ERVL-MaLR	2177	+	277	9471889	19030
chr16	9452859	9652859	harbor1	chr16	9480181	9480556	LTR/ERVL-MaLR	2676	+	188	9480369	27510
chr16	9452859	9652859	harbor1	chr16	9488727	9489131	LTR/ERVL-MaLR	2216	+	202	9488929	36070
chr16	9452859	9652859	harbor1	chr16	9501782	9502113	LTR/ERVL-MaLR	1040	+	166	9501948	49089
chr16	9452859	9652859	harbor1	chr16	9509828	9510220	LTR/ERVL-MaLR	654	+	196	9510024	57165
chr16	9452859	9652859	harbor1	chr16	9513260	9513413	LTR/ERVL-MaLR	581	+	76	9513336	60477
chr16	9452859	9652859	harbor1	chr16	9515466	9515589	LTR/ERVL-MaLR	1241	+	62	9515528	62669
chr16	9452859	9652859	harbor1	chr16	9515999	9516317	LTR/ERVL-MaLR	1241	+	159	9516158	63299
chr16	9452859	9652859	harbor1	chr16	9539099	9539577	LTR/ERVL-MaLR	1526	+	239	9539338	86479
chr16	9452859	9652859	harbor1	chr16	9549697	9550084	LTR/ERVL-MaLR	1566	+	194	9549891	97032
chr16	80429872	80629872	harbor1	chr16	80443827	80444302	LTR/ERVL-MaLR	1412	+	238	80444065	14193
chr16	80429872	80629872	harbor1	chr16	80456190	80456302	LTR/ERVL-MaLR	1416	+	56	80456246	26374
chr16	80429872	80629872	harbor1	chr16	80456607	80456882	LTR/ERVL-MaLR	1416	+	138	80456745	26873
chr16	80429872	80629872	harbor1	chr16	80461467	80461822	LTR/ERVL-MaLR	1924	+	178	80461645	31773
chr16	80429872	80629872	harbor1	chr16	80467433	80467581	LTR/ERVL-MaLR	1497	+	74	80467507	37635
chr16	80429872	80629872	harbor1	chr16	80467895	80468095	LTR/ERVL-MaLR	1497	+	100	80467995	38123
chr16	80429872	80629872	harbor1	chr16	80479807	80480058	LTR/ERVL-MaLR	939	+	126	80479933	50061
chr16	80429872	80629872	harbor1	chr16	80516896	80517101	LTR/ERVL-MaLR	481	+	102	80516998	87126
chr16	29589503	29789503	harbor1	chr16	29618390	29618551	LTR/ERVL-MaLR	740	+	80	29618470	28967
chr16	29589503	29789503	harbor1	chr16	29618980	29619406	LTR/ERVL-MaLR	2070	+	213	29619193	29690
chr16	29589503	29789503	harbor1	chr16	29620018	29620085	LTR/ERVL-MaLR	2070	+	34	29620052	30549
chr16	29589503	29789503	harbor1	chr16	29629287	29629500	LTR/ERVL-MaLR	470	+	106	29629393	39890
chr16	29589503	29789503	harbor1	chr16	29645767	29646117	LTR/ERVL-MaLR	664	+	175	29645942	56439
chr16	55984509	56184509	harbor1	chr16	55987817	55988220	LTR/ERVL-MaLR	1305	+	202	55988019	3510
chr16	55984509	56184509	harbor1	chr16	55991802	55992171	LTR/ERVL-MaLR	1651	+	184	55991986	7477
chr16	55984509	56184509	harbor1	chr16	56009400	56009496	LTR/ERVL-MaLR	437	+	48	56009448	24939
chr16	55984509	56184509	harbor1	chr16	56017094	56017180	LTR/ERVL-MaLR	1549	+	43	56017137	32628
chr16	55984509	56184509	harbor1	chr16	56017558	56017838	LTR/ERVL-MaLR	1549	+	140	56017698	33189
chr16	55984509	56184509	harbor1	chr16	56018617	56018952	LTR/ERVL-MaLR	1748	+	168	56018785	34276
chr16	55984509	56184509	harbor1	chr16	56077571	56077960	LTR/ERVL-MaLR	2241	+	194	56077765	93256
chr16	19224920	19424920	harbor1	chr16	19262180	19262502	LTR/ERVL-MaLR	1671	+	161	19262341	37421
chr16	19224920	19424920	harbor1	chr16	19263894	19264260	LTR/ERVL-MaLR	2159	+	183	19264077	39157
chr16	19224920	19424920	harbor1	chr16	19270700	19270834	LTR/ERVL-MaLR	1963	+	67	19270767	45847
chr16	19224920	19424920	harbor1	chr16	19271126	19271366	LTR/ERVL-MaLR	1963	+	120	19271246	46326
chr16	19224920	19424920	harbor1	chr16	19283119	19283198	LTR/ERVL-MaLR	1686	+	40	19283159	58239
chr16	19224920	19424920	harbor1	chr16	19283683	19284002	LTR/ERVL-MaLR	1686	+	160	19283843	58923
chr16	82759528	82959528	harbor1	chr16	82844033	82844354	LTR/ERVL-MaLR	600	+	160	82844193	84665
chr16	82759528	82959528	harbor1	chr16	82844622	82844639	LTR/ERVL-MaLR	600	+	8	82844630	85102
chr16	82759528	82959528	harbor1	chr16	82844955	82845020	LTR/ERVL-MaLR	600	+	32	82844987	85459
chr16	66163207	66363207	harbor1	chr16	66222386	66222764	LTR/ERVL-MaLR	1948	+	189	66222575	59368
chr16	66163207	66363207	harbor1	chr16	66234549	66234701	LTR/ERVL-MaLR	2225	+	76	66234625	71418
chr16	66163207	66363207	harbor1	chr16	66235018	66235221	LTR/ERVL-MaLR	2225	+	102	66235120	71913
chr16	66163207	66363207	harbor1	chr16	66257491	66257672	LTR/ERVL-MaLR	1874	+	90	66257581	94374
chr16	66163207	66363207	harbor1	chr16	66257963	66258175	LTR/ERVL-MaLR	1874	+	106	66258069	94862
chr16	66163207	66363207	harbor1	chr16	66258184	66258237	LTR/ERVL-MaLR	1508	+	26	66258210	95003
chr16	66163207	66363207	harbor1	chr16	66258542	66258902	LTR/ERVL-MaLR	1508	+	180	66258722	95515
chr16	9322201	9522201	harbor1	chr16	9338203	9338484	LTR/ERVL-MaLR	1202	+	140	9338343	16142
chr16	9322201	9522201	harbor1	chr16	9355493	9355859	LTR/ERVL-MaLR	1944	+	183	9355676	33475
chr16	9322201	9522201	harbor1	chr16	9361698	9361849	LTR/ERVL-MaLR	756	+	76	9361774	39573
chr16	9322201	9522201	harbor1	chr16	9361916	9362298	LTR/ERVL-MaLR	1396	+	191	9362107	39906
chr16	9322201	9522201	harbor1	chr16	9369604	9369997	LTR/ERVL-MaLR	1454	+	196	9369800	47599
chr16	9322201	9522201	harbor1	chr16	9373308	9373683	LTR/ERVL-MaLR	1587	+	188	9373496	51295
chr16	9322201	9522201	harbor1	chr16	9389518	9389952	LTR/ERVL-MaLR	1416	+	217	9389735	67534
chr16	9322201	9522201	harbor1	chr16	9398246	9398642	LTR/ERVL-MaLR	643	+	198	9398444	76243
chr16	9322201	9522201	harbor1	chr16	9421808	9422063	LTR/ERVL-MaLR	660	+	128	9421936	99735
chr16	30057177	30257177	harbor1	chr16	30153988	30154415	LTR/ERVL-MaLR	2449	+	214	30154202	97025
chr16	28109361	28309361	harbor1	chr16	28110255	28110589	LTR/ERVL-MaLR	790	+	167	28110422	1061
chr16	28109361	28309361	harbor1	chr16	28139023	28139422	LTR/ERVL-MaLR	1425	+	200	28139223	29862
chr16	28109361	28309361	harbor1	chr16	28196568	28197000	LTR/ERVL-MaLR	2030	+	216	28196784	87423
chr16	67032093	67232093	harbor1	chr16	67071247	67071621	LTR/ERVL-MaLR	1365	+	187	67071434	39341
chr16	56986575	57186575	harbor1	chr16	56991823	56992273	LTR/ERVL-MaLR	1803	+	225	56992048	5473
chr16	80420143	80620143	harbor1	chr16	80443827	80444302	LTR/ERVL-MaLR	1412	+	238	80444065	23922
chr16	80420143	80620143	harbor1	chr16	80456190	80456302	LTR/ERVL-MaLR	1416	+	56	80456246	36103
chr16	80420143	80620143	harbor1	chr16	80456607	80456882	LTR/ERVL-MaLR	1416	+	138	80456745	36602
chr16	80420143	80620143	harbor1	chr16	80461467	80461822	LTR/ERVL-MaLR	1924	+	178	80461645	41502
chr16	80420143	80620143	harbor1	chr16	80467433	80467581	LTR/ERVL-MaLR	1497	+	74	80467507	47364
chr16	80420143	80620143	harbor1	chr16	80467895	80468095	LTR/ERVL-MaLR	1497	+	100	80467995	47852
chr16	80420143	80620143	harbor1	chr16	80479807	80480058	LTR/ERVL-MaLR	939	+	126	80479933	59790
chr16	80420143	80620143	harbor1	chr16	80516896	80517101	LTR/ERVL-MaLR	481	+	102	80516998	96855
chr16	15917384	16117384	harbor1	chr16	15937877	15938031	LTR/ERVL-MaLR	1051	+	77	15937954	20570
chr16	15917384	16117384	harbor1	chr16	15938178	15938302	LTR/ERVL-MaLR	565	+	62	15938240	20856
chr16	59720409	59920409	harbor1	chr16	59720759	59721252	LTR/ERVL-MaLR	1423	+	246	59721005	596
chr16	59720409	59920409	harbor1	chr16	59734389	59734731	LTR/ERVL-MaLR	2172	+	171	59734560	14151
chr16	16986656	17186656	harbor1	chr16	16995471	16995846	LTR/ERVL-MaLR	1935	+	188	16995659	9003
chr16	16986656	17186656	harbor1	chr16	17019496	17019775	LTR/ERVL-MaLR	519	+	140	17019636	32980
chr16	16986656	17186656	harbor1	chr16	17025518	17025879	LTR/ERVL-MaLR	1971	+	180	17025698	39042
chr16	16986656	17186656	harbor1	chr16	17067549	17067952	LTR/ERVL-MaLR	2296	+	202	17067751	81095
chr16	24345382	24545382	harbor1	chr16	24367230	24367654	LTR/ERVL-MaLR	2718	+	212	24367442	22060
chr16	24345382	24545382	harbor1	chr16	24368645	24368934	LTR/ERVL-MaLR	610	+	144	24368789	23407
chr16	24345382	24545382	harbor1	chr16	24420987	24421345	LTR/ERVL-MaLR	2669	+	179	24421166	75784
chr16	24345382	24545382	harbor1	chr16	24421663	24421729	LTR/ERVL-MaLR	2669	+	33	24421696	76314
chr16	24345382	24545382	harbor1	chr16	24430197	24430399	LTR/ERVL-MaLR	2118	+	101	24430298	84916
chr16	24345382	24545382	harbor1	chr16	24430688	24430923	LTR/ERVL-MaLR	2118	+	118	24430806	85424
chr16	24345382	24545382	harbor1	chr16	24437493	24437976	LTR/ERVL-MaLR	2058	+	242	24437735	92353
chr16	25959518	26159518	harbor1	chr16	25959680	25959852	LTR/ERVL-MaLR	2478	+	86	25959766	248
chr16	25959518	26159518	harbor1	chr16	25960149	25960379	LTR/ERVL-MaLR	2478	+	115	25960264	746
chr16	25959518	26159518	harbor1	chr16	26017169	26017517	LTR/ERVL-MaLR	1267	+	174	26017343	57825
chr16	25959518	26159518	harbor1	chr16	26057325	26057457	LTR/ERVL-MaLR	471	+	66	26057391	97873
chr16	81663464	81863464	harbor1	chr16	81718194	81718373	LTR/ERVL-MaLR	943	+	90	81718284	54820
chr16	81663464	81863464	harbor1	chr16	81718683	81718962	LTR/ERVL-MaLR	943	+	140	81718823	55359
chr16	81663464	81863464	harbor1	chr16	81721505	81721873	LTR/ERVL-MaLR	2147	+	184	81721689	58225
chr16	81663464	81863464	harbor1	chr16	81743557	81743850	LTR/ERVL-MaLR	814	+	146	81743703	80239
chr16	81663464	81863464	harbor1	chr16	81744463	81744531	LTR/ERVL-MaLR	814	+	34	81744497	81033
chr16	66181324	66381324	harbor1	chr16	66222386	66222764	LTR/ERVL-MaLR	1948	+	189	66222575	41251
chr16	66181324	66381324	harbor1	chr16	66234549	66234701	LTR/ERVL-MaLR	2225	+	76	66234625	53301
chr16	66181324	66381324	harbor1	chr16	66235018	66235221	LTR/ERVL-MaLR	2225	+	102	66235120	53796
chr16	66181324	66381324	harbor1	chr16	66257491	66257672	LTR/ERVL-MaLR	1874	+	90	66257581	76257
chr16	66181324	66381324	harbor1	chr16	66257963	66258175	LTR/ERVL-MaLR	1874	+	106	66258069	76745
chr16	66181324	66381324	harbor1	chr16	66258184	66258237	LTR/ERVL-MaLR	1508	+	26	66258210	76886
chr16	66181324	66381324	harbor1	chr16	66258542	66258902	LTR/ERVL-MaLR	1508	+	180	66258722	77398
chr16	66181324	66381324	harbor1	chr16	66275009	66275401	LTR/ERVL-MaLR	2403	+	196	66275205	93881
chr16	14579114	14779114	harbor1	chr16	14581502	14581637	LTR/ERVL-MaLR	1492	+	68	14581570	2456
chr16	14579114	14779114	harbor1	chr16	14581912	14582116	LTR/ERVL-MaLR	1492	+	102	14582014	2900
chr16	48686600	48886600	harbor1	chr16	48707497	48707839	LTR/ERVL-MaLR	1546	+	171	48707668	21068
chr16	48686600	48886600	harbor1	chr16	48710539	48710569	LTR/ERVL-MaLR	1546	+	15	48710554	23954
chr16	48686600	48886600	harbor1	chr16	48713257	48713630	LTR/ERVL-MaLR	1742	+	186	48713443	26843
chr16	48686600	48886600	harbor1	chr16	48717122	48717520	LTR/ERVL-MaLR	924	+	199	48717321	30721
chr16	48686600	48886600	harbor1	chr16	48775718	48776082	LTR/ERVL-MaLR	2182	+	182	48775900	89300
chr16	48686600	48886600	harbor1	chr16	48776389	48776453	LTR/ERVL-MaLR	2182	+	32	48776421	89821
chr16	48686600	48886600	harbor1	chr16	48779236	48779607	LTR/ERVL-MaLR	1583	+	186	48779422	92822
chr16	89972999	90172999	harbor1	chr16	90053820	90054056	LTR/ERVL-MaLR	1410	+	118	90053938	80939
chr16	89972999	90172999	harbor1	chr16	90054057	90055622	LTR/ERVL-MaLR	9753	+	782	90054839	81840
chr16	89972999	90172999	harbor1	chr16	90055623	90056039	LTR/ERVL-MaLR	2704	+	208	90055831	82832
chr16	89972999	90172999	harbor1	chr16	90070158	90070310	LTR/ERVL-MaLR	1199	+	76	90070234	97235
chr16	89972999	90172999	harbor1	chr16	90070591	90070854	LTR/ERVL-MaLR	1199	+	132	90070723	97724
chr16	77738416	77938416	harbor1	chr16	77748017	77748483	LTR/ERVL-MaLR	1740	+	233	77748250	9834
chr16	77738416	77938416	harbor1	chr16	77775416	77775556	LTR/ERVL-MaLR	1897	+	70	77775486	37070
chr16	77738416	77938416	harbor1	chr16	77775877	77776091	LTR/ERVL-MaLR	1897	+	107	77775984	37568
chr16	77738416	77938416	harbor1	chr16	77781658	77782040	LTR/ERVL-MaLR	772	+	191	77781849	43433
chr16	77738416	77938416	harbor1	chr16	77828237	77828381	LTR/ERVL-MaLR	1831	+	72	77828309	89893
chr16	77738416	77938416	harbor1	chr16	77828692	77828984	LTR/ERVL-MaLR	1831	+	146	77828838	90422
chr16	77738416	77938416	harbor1	chr16	77830406	77830687	LTR/ERVL-MaLR	2329	+	140	77830546	92130
chr16	77738416	77938416	harbor1	chr16	77830984	77831054	LTR/ERVL-MaLR	2329	+	35	77831019	92603
chr16	77738416	77938416	harbor1	chr16	77834362	77834720	LTR/ERVL-MaLR	733	+	179	77834541	96125
chr16	30148552	30348552	harbor1	chr16	30153988	30154415	LTR/ERVL-MaLR	2449	+	214	30154202	5650
chr16	30148552	30348552	harbor1	chr16	30243409	30243729	LTR/ERVL-MaLR	706	+	160	30243569	95017
chr16	62422319	62622319	harbor1	chr16	62454845	62455241	LTR/ERVL-MaLR	1772	+	198	62455043	32724
chr16	62422319	62622319	harbor1	chr16	62472683	62473069	LTR/ERVL-MaLR	1832	+	193	62472876	50557
chr16	62422319	62622319	harbor1	chr16	62473070	62473564	LTR/ERVL-MaLR	10225	+	247	62473317	50998
chr16	62422319	62622319	harbor1	chr16	62473860	62475034	LTR/ERVL-MaLR	10225	+	587	62474447	52128
chr16	62422319	62622319	harbor1	chr16	62475039	62475421	LTR/ERVL-MaLR	1652	+	191	62475230	52911
chr16	62422319	62622319	harbor1	chr16	62494151	62494545	LTR/ERVL-MaLR	2291	+	197	62494348	72029
chr16	62422319	62622319	harbor1	chr16	62499156	62499529	LTR/ERVL-MaLR	2269	+	186	62499342	77023
chr16	62422319	62622319	harbor1	chr16	62504376	62504723	LTR/ERVL-MaLR	1343	+	174	62504550	82231
chr16	62422319	62622319	harbor1	chr16	62505743	62506019	LTR/ERVL-MaLR	901	+	138	62505881	83562
chr16	62422319	62622319	harbor1	chr16	62506901	62507103	LTR/ERVL-MaLR	1004	+	101	62507002	84683
chr16	62422319	62622319	harbor1	chr16	62507108	62507354	LTR/ERVL-MaLR	1072	+	123	62507231	84912
chr16	62422319	62622319	harbor1	chr16	62517800	62518299	LTR/ERVL-MaLR	1503	+	250	62518050	95731
chr16	62422319	62622319	harbor1	chr16	62504724	62505378	LTR/ERVL-MaLR	2992	+	327	62505051	82732
chr16	60363063	60563063	harbor1	chr16	60369456	60369809	LTR/ERVL-MaLR	2074	+	176	60369632	6569
chr16	60363063	60563063	harbor1	chr16	60413113	60413449	LTR/ERVL-MaLR	1471	+	168	60413281	50218
chr16	60363063	60563063	harbor1	chr16	60415512	60415896	LTR/ERVL-MaLR	551	+	192	60415704	52641
chr16	60363063	60563063	harbor1	chr16	60427702	60428239	LTR/ERVL-MaLR	1467	+	268	60427970	64907
chr16	60363063	60563063	harbor1	chr16	60429990	60430403	LTR/ERVL-MaLR	1947	+	206	60430196	67133
chr16	60363063	60563063	harbor1	chr16	60374685	60375113	LTR/ERVL-MaLR	1706	+	214	60374899	11836
chr16	5333005	5533005	harbor1	chr16	5338202	5338481	LTR/ERVL-MaLR	1074	+	140	5338342	5337
chr16	5333005	5533005	harbor1	chr16	5355627	5355808	LTR/ERVL-MaLR	1956	+	90	5355717	22712
chr16	5333005	5533005	harbor1	chr16	5356104	5356388	LTR/ERVL-MaLR	1956	+	142	5356246	23241
chr16	5333005	5533005	harbor1	chr16	5357130	5357481	LTR/ERVL-MaLR	646	+	176	5357306	24301
chr16	5333005	5533005	harbor1	chr16	5370891	5370961	LTR/ERVL-MaLR	1740	+	35	5370926	37921
chr16	5333005	5533005	harbor1	chr16	5371249	5371556	LTR/ERVL-MaLR	1740	+	154	5371403	38398
chr16	5333005	5533005	harbor1	chr16	5373276	5373601	LTR/ERVL-MaLR	2070	+	162	5373438	40433
chr16	5333005	5533005	harbor1	chr16	5373904	5373931	LTR/ERVL-MaLR	2070	+	14	5373918	40913
chr16	5333005	5533005	harbor1	chr16	5374237	5374284	LTR/ERVL-MaLR	2070	+	24	5374261	41256
chr16	5333005	5533005	harbor1	chr16	5387698	5388209	LTR/ERVL-MaLR	1900	+	256	5387954	54949
chr16	5333005	5533005	harbor1	chr16	5395573	5396149	LTR/ERVL-MaLR	1200	+	288	5395861	62856
chr16	5333005	5533005	harbor1	chr16	5405216	5405571	LTR/ERVL-MaLR	2341	+	178	5405394	72389
chr16	5333005	5533005	harbor1	chr16	5411146	5411615	LTR/ERVL-MaLR	2279	+	234	5411380	78375
chr16	5333005	5533005	harbor1	chr16	5419642	5420144	LTR/ERVL-MaLR	1249	+	251	5419893	86888
chr16	61956355	62156355	harbor1	chr16	61971990	61972343	LTR/ERVL-MaLR	2280	+	176	61972166	15811
chr16	61956355	62156355	harbor1	chr16	62015633	62015987	LTR/ERVL-MaLR	1473	+	177	62015810	59455
chr16	61956355	62156355	harbor1	chr16	62044638	62045008	LTR/ERVL-MaLR	2598	+	185	62044823	88468
chr16	61956355	62156355	harbor1	chr16	62050864	62051116	LTR/ERVL-MaLR	1652	+	126	62050990	94635
chr16	61956355	62156355	harbor1	chr16	62052067	62052223	LTR/ERVL-MaLR	1652	+	78	62052145	95790
chr16	46942874	47142874	harbor1	chr16	46948634	46948826	LTR/ERVL-MaLR	546	+	96	46948730	5856
chr16	46942874	47142874	harbor1	chr16	47001626	47001842	LTR/ERVL-MaLR	1444	+	108	47001734	58860
chr16	46942874	47142874	harbor1	chr16	47002158	47002432	LTR/ERVL-MaLR	1444	+	137	47002295	59421
chr16	46942874	47142874	harbor1	chr16	47015157	47015255	LTR/ERVL-MaLR	448	+	49	47015206	72332
chr16	46942874	47142874	harbor1	chr16	47015292	47015465	LTR/ERVL-MaLR	805	+	86	47015378	72504
chr16	51546322	51746322	harbor1	chr16	51561952	51561991	LTR/ERVL-MaLR	761	+	20	51561972	15650
chr16	51546322	51746322	harbor1	chr16	51562019	51562223	LTR/ERVL-MaLR	761	+	102	51562121	15799
chr16	51546322	51746322	harbor1	chr16	51596972	51597394	LTR/ERVL-MaLR	2184	+	211	51597183	50861
chr16	51546322	51746322	harbor1	chr16	51597917	51598163	LTR/ERVL-MaLR	1724	+	123	51598040	51718
chr16	51546322	51746322	harbor1	chr16	51598499	51598717	LTR/ERVL-MaLR	1724	+	109	51598608	52286
chr16	51546322	51746322	harbor1	chr16	51625491	51625582	LTR/ERVL-MaLR	487	+	46	51625537	79215
chr16	51546322	51746322	harbor1	chr16	51626893	51627275	LTR/ERVL-MaLR	2168	+	191	51627084	80762
chr16	51546322	51746322	harbor1	chr16	51628748	51629117	LTR/ERVL-MaLR	650	+	184	51628932	82610
chr16	31762241	31962241	harbor1	chr16	31779522	31779889	LTR/ERVL-MaLR	2237	+	184	31779706	17465
chr16	31762241	31962241	harbor1	chr16	31779890	31781442	LTR/ERVL-MaLR	10970	+	776	31780666	18425
chr16	31762241	31962241	harbor1	chr16	31781443	31781809	LTR/ERVL-MaLR	2213	+	183	31781626	19385
chr16	31762241	31962241	harbor1	chr16	31818119	31818431	LTR/ERVL-MaLR	1108	+	156	31818275	56034
chr16	31762241	31962241	harbor1	chr16	31818740	31818813	LTR/ERVL-MaLR	1108	+	36	31818776	56535
chr16	85258191	85458191	harbor1	chr16	85326389	85326731	LTR/ERVL-MaLR	1841	+	171	85326560	68369
chr16	85258191	85458191	harbor1	chr16	85330175	85330535	LTR/ERVL-MaLR	690	+	180	85330355	72164
chr16	23715962	23915962	harbor1	chr16	23744445	23744763	LTR/ERVL-MaLR	673	+	159	23744604	28642
chr16	23715962	23915962	harbor1	chr16	23745279	23745444	LTR/ERVL-MaLR	977	+	82	23745361	29399
chr16	23715962	23915962	harbor1	chr16	23776324	23776827	LTR/ERVL-MaLR	1702	+	252	23776576	60614
chr16	23715962	23915962	harbor1	chr16	23788796	23789356	LTR/ERVL-MaLR	989	+	280	23789076	73114
chr16	23715962	23915962	harbor1	chr16	23796986	23797193	LTR/ERVL-MaLR	466	+	104	23797090	81128
chr16	23715962	23915962	harbor1	chr16	23800437	23800853	LTR/ERVL-MaLR	1555	+	208	23800645	84683
chr16	23715962	23915962	harbor1	chr16	23801281	23801345	LTR/ERVL-MaLR	1555	+	32	23801313	85351
chr16	54977151	55177151	harbor1	chr16	55021310	55021464	LTR/ERVL-MaLR	877	+	77	55021387	44236
chr16	54977151	55177151	harbor1	chr16	55028375	55028587	LTR/ERVL-MaLR	1119	+	106	55028481	51330
chr16	54977151	55177151	harbor1	chr16	55050321	55050783	LTR/ERVL-MaLR	852	+	231	55050552	73401
chr16	54977151	55177151	harbor1	chr16	55059750	55060197	LTR/ERVL-MaLR	1275	+	224	55059974	82823
chr16	54977151	55177151	harbor1	chr16	55072968	55073566	LTR/ERVL-MaLR	2162	+	299	55073267	96116
chr16	56009382	56209382	harbor1	chr16	56009400	56009496	LTR/ERVL-MaLR	437	+	48	56009448	66
chr16	56009382	56209382	harbor1	chr16	56017094	56017180	LTR/ERVL-MaLR	1549	+	43	56017137	7755
chr16	56009382	56209382	harbor1	chr16	56017558	56017838	LTR/ERVL-MaLR	1549	+	140	56017698	8316
chr16	56009382	56209382	harbor1	chr16	56018617	56018952	LTR/ERVL-MaLR	1748	+	168	56018785	9403
chr16	56009382	56209382	harbor1	chr16	56077571	56077960	LTR/ERVL-MaLR	2241	+	194	56077765	68383
chr16	56009382	56209382	harbor1	chr16	56104639	56105003	LTR/ERVL-MaLR	1742	+	182	56104821	95439
chr16	4856635	5056635	harbor1	chr16	4894802	4895209	LTR/ERVL-MaLR	519	+	204	4895006	38371
chr16	4856635	5056635	harbor1	chr16	4898411	4898786	LTR/ERVL-MaLR	1274	+	188	4898599	41964
chr16	51637790	51837790	harbor1	chr16	51664686	51665047	LTR/ERVL-MaLR	2871	+	180	51664866	27076
chr16	51637790	51837790	harbor1	chr16	51704231	51704389	LTR/ERVL-MaLR	1693	+	79	51704310	66520
chr16	51637790	51837790	harbor1	chr16	51704702	51704937	LTR/ERVL-MaLR	1693	+	118	51704820	67030
chr16	51637790	51837790	harbor1	chr16	51713143	51713531	LTR/ERVL-MaLR	2396	+	194	51713337	75547
chr16	51637790	51837790	harbor1	chr16	51714392	51714769	LTR/ERVL-MaLR	894	+	188	51714580	76790
chr16	51637790	51837790	harbor1	chr16	51719401	51719811	LTR/ERVL-MaLR	996	+	205	51719606	81816
chr16	62985236	63185236	harbor1	chr16	63000965	63001345	LTR/ERVL-MaLR	2125	+	190	63001155	15919
chr16	62985236	63185236	harbor1	chr16	63001347	63002552	LTR/ERVL-MaLR	7070	+	602	63001949	16713
chr16	62985236	63185236	harbor1	chr16	63015870	63016234	LTR/ERVL-MaLR	2426	+	182	63016052	30816
chr16	62985236	63185236	harbor1	chr16	63080591	63081144	LTR/ERVL-MaLR	2747	+	276	63080867	95631
chr16	62985236	63185236	harbor1	chr16	63081362	63082178	LTR/ERVL-MaLR	2747	+	408	63081770	96534
chr16	62985236	63185236	harbor1	chr16	63082263	63082672	LTR/ERVL-MaLR	902	+	204	63082467	97231
chr16	61054666	61254666	harbor1	chr16	61068925	61069434	LTR/ERVL-MaLR	1748	+	254	61069179	14513
chr16	61054666	61254666	harbor1	chr16	61114643	61115116	LTR/ERVL-MaLR	1798	+	236	61114879	60213
chr16	61054666	61254666	harbor1	chr16	61117577	61118050	LTR/ERVL-MaLR	1320	+	236	61117813	63147
chr16	61054666	61254666	harbor1	chr16	61079358	61079832	LTR/ERVL-MaLR	771	+	237	61079595	24929
chr16	66775587	66975587	harbor1	chr16	66804642	66804997	LTR/ERVL-MaLR	1949	+	178	66804820	29233
chr16	66775587	66975587	harbor1	chr16	66806880	66807263	LTR/ERVL-MaLR	729	+	192	66807072	31485
chr16	12630057	12830057	harbor1	chr16	12639703	12640120	LTR/ERVL-MaLR	1823	+	208	12639911	9854
chr16	12630057	12830057	harbor1	chr16	12640432	12640499	LTR/ERVL-MaLR	1823	+	34	12640466	10409
chr16	12630057	12830057	harbor1	chr16	12648749	12649076	LTR/ERVL-MaLR	942	+	164	12648913	18856
chr16	12630057	12830057	harbor1	chr16	12723309	12723665	LTR/ERVL-MaLR	1728	+	178	12723487	93430
chr16	12630057	12830057	harbor1	chr16	12681153	12681508	LTR/ERVL-MaLR	1643	+	178	12681331	51274
chr16	5519386	5719386	harbor1	chr16	5529233	5529389	LTR/ERVL-MaLR	763	+	78	5529311	9925
chr16	5519386	5719386	harbor1	chr16	5529871	5530143	LTR/ERVL-MaLR	1212	+	136	5530007	10621
chr16	5519386	5719386	harbor1	chr16	5565839	5566193	LTR/ERVL-MaLR	2132	+	177	5566016	46630
chr16	5519386	5719386	harbor1	chr16	5585874	5586332	LTR/ERVL-MaLR	1523	+	229	5586103	66717
chr16	32308904	32508904	harbor1	chr16	32315610	32315982	LTR/ERVL-MaLR	2017	+	186	32315796	6892
chr16	32308904	32508904	harbor1	chr16	32318814	32319106	LTR/ERVL-MaLR	1141	+	146	32318960	10056
chr16	32308904	32508904	harbor1	chr16	32354001	32354375	LTR/ERVL-MaLR	2032	+	187	32354188	45284
chr16	32308904	32508904	harbor1	chr16	32362312	32362673	LTR/ERVL-MaLR	1811	+	180	32362492	53588
chr16	32308904	32508904	harbor1	chr16	32375008	32376760	LTR/ERVL-MaLR	5247	+	876	32375884	66980
chr16	32308904	32508904	harbor1	chr16	32376779	32377206	LTR/ERVL-MaLR	1746	+	214	32376993	68089
chr16	32308904	32508904	harbor1	chr16	32403545	32403828	LTR/ERVL-MaLR	717	+	142	32403687	94783
chr16	32308904	32508904	harbor1	chr16	32374595	32375007	LTR/ERVL-MaLR	1785	+	206	32374801	65897
chr16	29310903	29510903	harbor1	chr16	29369059	29369503	LTR/ERVL-MaLR	1603	+	222	29369281	58378
chr16	29310903	29510903	harbor1	chr16	29369816	29369907	LTR/ERVL-MaLR	1603	+	46	29369862	58959
chr16	29310903	29510903	harbor1	chr16	29401637	29401955	LTR/ERVL-MaLR	763	+	159	29401796	90893
chr16	88455042	88655042	harbor1	chr16	88545623	88546000	LTR/ERVL-MaLR	699	+	188	88545811	90769
chr16	88455042	88655042	harbor1	chr16	88552660	88552957	LTR/ERVL-MaLR	578	+	148	88552808	97766
chr16	15183001	15383001	harbor1	chr16	15190557	15191066	LTR/ERVL-MaLR	1620	+	254	15190811	7810
chr16	15183001	15383001	harbor1	chr16	15194009	15194377	LTR/ERVL-MaLR	2050	+	184	15194193	11192
chr16	15183001	15383001	harbor1	chr16	15198862	15199121	LTR/ERVL-MaLR	1126	+	130	15198992	15991
chr16	15183001	15383001	harbor1	chr16	15199746	15200027	LTR/ERVL-MaLR	1126	+	140	15199886	16885
chr16	15183001	15383001	harbor1	chr16	15200216	15200257	LTR/ERVL-MaLR	1126	+	20	15200236	17235
chr16	15183001	15383001	harbor1	chr16	15212542	15212911	LTR/ERVL-MaLR	1349	+	184	15212726	29725
chr16	15183001	15383001	harbor1	chr16	15224601	15225003	LTR/ERVL-MaLR	439	+	201	15224802	41801
chr16	15183001	15383001	harbor1	chr16	15239466	15239608	LTR/ERVL-MaLR	617	+	71	15239537	56536
chr16	15183001	15383001	harbor1	chr16	15241327	15241804	LTR/ERVL-MaLR	866	+	238	15241565	58564
chr16	15183001	15383001	harbor1	chr16	15248875	15249224	LTR/ERVL-MaLR	2323	+	174	15249049	66048
chr16	15183001	15383001	harbor1	chr16	15260143	15260520	LTR/ERVL-MaLR	470	+	188	15260331	77330
chr16	15183001	15383001	harbor1	chr16	15263931	15264107	LTR/ERVL-MaLR	1022	+	88	15264019	81018
chr16	15183001	15383001	harbor1	chr16	15264698	15264901	LTR/ERVL-MaLR	1183	+	102	15264800	81799
chr16	15183001	15383001	harbor1	chr16	15275312	15275580	LTR/ERVL-MaLR	624	+	134	15275446	92445
chr16	15183001	15383001	harbor1	chr16	15275936	15275951	LTR/ERVL-MaLR	624	+	8	15275944	92943
chr16	10693662	10893662	harbor1	chr16	10738656	10738728	LTR/ERVL-MaLR	487	+	36	10738692	45030
chr16	10693662	10893662	harbor1	chr16	10739614	10739903	LTR/ERVL-MaLR	487	+	144	10739758	46096
chr16	10693662	10893662	harbor1	chr16	10774400	10774594	LTR/ERVL-MaLR	1123	+	97	10774497	80835
chr16	25616178	25816178	harbor1	chr16	25637011	25637558	LTR/ERVL-MaLR	2256	+	274	25637285	21107
chr16	25616178	25816178	harbor1	chr16	25638641	25639109	LTR/ERVL-MaLR	1141	+	234	25638875	22697
chr16	25616178	25816178	harbor1	chr16	25639110	25639478	LTR/ERVL-MaLR	2464	+	184	25639294	23116
chr16	25616178	25816178	harbor1	chr16	25639479	25639574	LTR/ERVL-MaLR	1141	+	48	25639527	23349
chr16	25616178	25816178	harbor1	chr16	25647720	25648078	LTR/ERVL-MaLR	2175	+	179	25647899	31721
chr16	25616178	25816178	harbor1	chr16	25674331	25674689	LTR/ERVL-MaLR	2144	+	179	25674510	58332
chr16	25616178	25816178	harbor1	chr16	25683399	25683610	LTR/ERVL-MaLR	903	+	106	25683505	67327
chr16	25616178	25816178	harbor1	chr16	25688104	25688511	LTR/ERVL-MaLR	2614	+	204	25688308	72130
chr16	25616178	25816178	harbor1	chr16	25706656	25706846	LTR/ERVL-MaLR	719	+	95	25706751	90573
chr16	23000252	23200252	harbor1	chr16	23012364	23012803	LTR/ERVL-MaLR	2031	+	220	23012584	12332
chr16	23000252	23200252	harbor1	chr16	23013097	23013307	LTR/ERVL-MaLR	2031	+	105	23013202	12950
chr16	23000252	23200252	harbor1	chr16	23013557	23013944	LTR/ERVL-MaLR	2512	+	194	23013751	13499
chr16	23000252	23200252	harbor1	chr16	23014237	23014277	LTR/ERVL-MaLR	2512	+	20	23014257	14005
chr16	23000252	23200252	harbor1	chr16	23020069	23020341	LTR/ERVL-MaLR	510	+	136	23020205	19953
chr16	23000252	23200252	harbor1	chr16	23049414	23049769	LTR/ERVL-MaLR	2549	+	178	23049592	49340
chr16	23000252	23200252	harbor1	chr16	23055275	23055629	LTR/ERVL-MaLR	1964	+	177	23055452	55200
chr16	80386796	80586796	harbor1	chr16	80443827	80444302	LTR/ERVL-MaLR	1412	+	238	80444065	57269
chr16	80386796	80586796	harbor1	chr16	80456190	80456302	LTR/ERVL-MaLR	1416	+	56	80456246	69450
chr16	80386796	80586796	harbor1	chr16	80456607	80456882	LTR/ERVL-MaLR	1416	+	138	80456745	69949
chr16	80386796	80586796	harbor1	chr16	80461467	80461822	LTR/ERVL-MaLR	1924	+	178	80461645	74849
chr16	80386796	80586796	harbor1	chr16	80467433	80467581	LTR/ERVL-MaLR	1497	+	74	80467507	80711
chr16	80386796	80586796	harbor1	chr16	80467895	80468095	LTR/ERVL-MaLR	1497	+	100	80467995	81199
chr16	80386796	80586796	harbor1	chr16	80479807	80480058	LTR/ERVL-MaLR	939	+	126	80479933	93137
chr16	62149162	62349162	harbor1	chr16	62180337	62180824	LTR/ERVL-MaLR	1448	+	244	62180581	31419
chr16	62149162	62349162	harbor1	chr16	62206785	62207373	LTR/ERVL-MaLR	1751	+	294	62207079	57917
chr16	62149162	62349162	harbor1	chr16	62215128	62215520	LTR/ERVL-MaLR	1726	+	196	62215324	66162
chr16	62149162	62349162	harbor1	chr16	62242157	62242587	LTR/ERVL-MaLR	2658	+	215	62242372	93210
chr16	79103533	79303533	harbor1	chr16	79114171	79114720	LTR/ERVL-MaLR	1393	+	274	79114445	10912
chr16	79103533	79303533	harbor1	chr16	79126312	79126680	LTR/ERVL-MaLR	2453	+	184	79126496	22963
chr16	15572848	15772848	harbor1	chr16	15572728	15573092	LTR/ERVL-MaLR	2252	+	182	15572910	62
chr16	81726050	81926050	harbor1	chr16	81743557	81743850	LTR/ERVL-MaLR	814	+	146	81743703	17653
chr16	81726050	81926050	harbor1	chr16	81744463	81744531	LTR/ERVL-MaLR	814	+	34	81744497	18447
chr16	81726050	81926050	harbor1	chr16	81764674	81764807	LTR/ERVL-MaLR	662	+	66	81764740	38690
chr16	81726050	81926050	harbor1	chr16	81765110	81765194	LTR/ERVL-MaLR	662	+	42	81765152	39102
chr16	81726050	81926050	harbor1	chr16	81765186	81765348	LTR/ERVL-MaLR	619	+	81	81765267	39217
chr16	81726050	81926050	harbor1	chr16	81765659	81765699	LTR/ERVL-MaLR	619	+	20	81765679	39629
chr16	81726050	81926050	harbor1	chr16	81772083	81772477	LTR/ERVL-MaLR	1214	+	197	81772280	46230
chr16	81726050	81926050	harbor1	chr16	81796520	81796916	LTR/ERVL-MaLR	1843	+	198	81796718	70668
chr16	81726050	81926050	harbor1	chr16	81800707	81801177	LTR/ERVL-MaLR	1926	+	235	81800942	74892
chr16	81726050	81926050	harbor1	chr16	81822286	81822474	LTR/ERVL-MaLR	1997	+	94	81822380	96330
chr16	81726050	81926050	harbor1	chr16	81822788	81823087	LTR/ERVL-MaLR	1997	+	150	81822938	96888
chr16	81726050	81926050	harbor1	chr16	81824772	81825190	LTR/ERVL-MaLR	2256	+	209	81824981	98931
chr16	31793772	31993772	harbor1	chr16	31818119	31818431	LTR/ERVL-MaLR	1108	+	156	31818275	24503
chr16	31793772	31993772	harbor1	chr16	31818740	31818813	LTR/ERVL-MaLR	1108	+	36	31818776	25004
chr16	31793772	31993772	harbor1	chr16	31891467	31891825	LTR/ERVL-MaLR	2518	+	179	31891646	97874
chr16	31793772	31993772	harbor1	chr16	31891826	31892056	LTR/ERVL-MaLR	1744	+	115	31891941	98169
chr16	18584927	18784927	harbor1	chr16	18603603	18603965	LTR/ERVL-MaLR	2037	+	181	18603784	18857
chr16	18584927	18784927	harbor1	chr16	18621863	18622448	LTR/ERVL-MaLR	2376	+	292	18622155	37228
chr16	18584927	18784927	harbor1	chr16	18624227	18624459	LTR/ERVL-MaLR	756	+	116	18624343	39416
chr16	18584927	18784927	harbor1	chr16	18631112	18631266	LTR/ERVL-MaLR	892	+	77	18631189	46262
chr16	18584927	18784927	harbor1	chr16	18631744	18632100	LTR/ERVL-MaLR	1206	+	178	18631922	46995
chr16	18584927	18784927	harbor1	chr16	18641682	18641980	LTR/ERVL-MaLR	1121	+	149	18641831	56904
chr16	18584927	18784927	harbor1	chr16	18647767	18648236	LTR/ERVL-MaLR	2090	+	234	18648001	63074
chr16	18584927	18784927	harbor1	chr16	18667533	18667705	LTR/ERVL-MaLR	531	+	86	18667619	82692
chr16	18584927	18784927	harbor1	chr16	18668116	18668315	LTR/ERVL-MaLR	531	+	100	18668216	83289
chr16	18584927	18784927	harbor1	chr16	18674320	18674454	LTR/ERVL-MaLR	547	+	67	18674387	89460
chr16	18584927	18784927	harbor1	chr16	18674722	18674901	LTR/ERVL-MaLR	1636	+	90	18674812	89885
chr16	18584927	18784927	harbor1	chr16	18675206	18675614	LTR/ERVL-MaLR	1636	+	204	18675410	90483
chr16	6442710	6642710	harbor1	chr16	6444330	6444692	LTR/ERVL-MaLR	2403	+	181	6444511	1801
chr16	3861613	4061613	harbor1	chr16	3895227	3895486	LTR/ERVL-MaLR	882	+	130	3895357	33744
chr16	3861613	4061613	harbor1	chr16	3895793	3895860	LTR/ERVL-MaLR	882	+	34	3895827	34214
chr16	3861613	4061613	harbor1	chr16	3916852	3917378	LTR/ERVL-MaLR	2311	+	263	3917115	55502
chr16	50726345	50926345	harbor1	chr16	50734936	50735407	LTR/ERVL-MaLR	1599	+	236	50735172	8827
chr16	50726345	50926345	harbor1	chr16	50821206	50821368	LTR/ERVL-MaLR	482	+	81	50821287	94942
chr16	50726345	50926345	harbor1	chr16	50821685	50821812	LTR/ERVL-MaLR	482	+	64	50821749	95404
chr16	50726345	50926345	harbor1	chr16	50822526	50822682	LTR/ERVL-MaLR	844	+	78	50822604	96259
chr16	17359444	17559444	harbor1	chr16	17391687	17392055	LTR/ERVL-MaLR	2140	+	184	17391871	32427
chr16	17359444	17559444	harbor1	chr16	17407764	17408162	LTR/ERVL-MaLR	2135	+	199	17407963	48519
chr16	17359444	17559444	harbor1	chr16	17417656	17418196	LTR/ERVL-MaLR	1075	+	270	17417926	58482
chr16	17359444	17559444	harbor1	chr16	17421288	17421839	LTR/ERVL-MaLR	1101	+	276	17421564	62120
chr16	17359444	17559444	harbor1	chr16	17435921	17436277	LTR/ERVL-MaLR	2380	+	178	17436099	76655
chr16	17359444	17559444	harbor1	chr16	17439813	17440258	LTR/ERVL-MaLR	1169	+	222	17440035	80591
chr16	17359444	17559444	harbor1	chr16	17443292	17443654	LTR/ERVL-MaLR	2281	+	181	17443473	84029
chr16	69948732	70148732	harbor1	chr16	69968165	69968486	LTR/ERVL-MaLR	1813	+	160	69968325	19593
chr16	69948732	70148732	harbor1	chr16	69968780	69968814	LTR/ERVL-MaLR	1813	+	17	69968797	20065
chr16	69948732	70148732	harbor1	chr16	69994039	69994359	LTR/ERVL-MaLR	794	+	160	69994199	45467
chr16	69948732	70148732	harbor1	chr16	70003237	70003600	LTR/ERVL-MaLR	2549	+	182	70003419	54687
chr16	69948732	70148732	harbor1	chr16	70020973	70021315	LTR/ERVL-MaLR	1737	+	171	70021144	72412
chr16	66707306	66907306	harbor1	chr16	66740545	66740663	LTR/ERVL-MaLR	444	+	59	66740604	33298
chr16	66707306	66907306	harbor1	chr16	66740684	66740957	LTR/ERVL-MaLR	858	+	136	66740820	33514
chr16	66707306	66907306	harbor1	chr16	66804642	66804997	LTR/ERVL-MaLR	1949	+	178	66804820	97514
chr16	66707306	66907306	harbor1	chr16	66806880	66807263	LTR/ERVL-MaLR	729	+	192	66807072	99766
chr16	32068129	32268129	harbor1	chr16	32073698	32074061	LTR/ERVL-MaLR	1654	+	182	32073880	5751
chr16	32068129	32268129	harbor1	chr16	32074846	32074992	LTR/ERVL-MaLR	798	+	73	32074919	6790
chr16	32068129	32268129	harbor1	chr16	32109882	32110313	LTR/ERVL-MaLR	1808	+	216	32110098	41969
chr16	32068129	32268129	harbor1	chr16	32155842	32156232	LTR/ERVL-MaLR	676	+	195	32156037	87908
chr16	32068129	32268129	harbor1	chr16	32156234	32156646	LTR/ERVL-MaLR	1910	+	206	32156440	88311
chr16	54735970	54935970	harbor1	chr16	54753439	54753622	LTR/ERVL-MaLR	618	+	92	54753531	17561
chr16	54735970	54935970	harbor1	chr16	54786034	54786395	LTR/ERVL-MaLR	2128	+	180	54786214	50244
chr16	54735970	54935970	harbor1	chr16	54793832	54794246	LTR/ERVL-MaLR	1135	+	207	54794039	58069
chr16	54735970	54935970	harbor1	chr16	54794797	54794864	LTR/ERVL-MaLR	1135	+	34	54794831	58861
chr16	54735970	54935970	harbor1	chr16	54824261	54824454	LTR/ERVL-MaLR	708	+	96	54824357	88387
chr16	54735970	54935970	harbor1	chr16	54824455	54824868	LTR/ERVL-MaLR	2964	+	206	54824661	88691
chr16	54735970	54935970	harbor1	chr16	54824869	54825031	LTR/ERVL-MaLR	708	+	81	54824950	88980
chr16	54735970	54935970	harbor1	chr16	54833346	54833749	LTR/ERVL-MaLR	2682	+	202	54833548	97578
chr16	26860412	27060412	harbor1	chr16	26867848	26867994	LTR/ERVL-MaLR	686	+	73	26867921	7509
chr16	26860412	27060412	harbor1	chr16	26870565	26870971	LTR/ERVL-MaLR	2416	+	203	26870768	10356
chr16	26860412	27060412	harbor1	chr16	26901997	26902404	LTR/ERVL-MaLR	638	+	204	26902201	41789
chr16	26860412	27060412	harbor1	chr16	26909235	26909618	LTR/ERVL-MaLR	2137	+	192	26909427	49015
chr16	26860412	27060412	harbor1	chr16	26926571	26926765	LTR/ERVL-MaLR	713	+	97	26926668	66256
chr16	26860412	27060412	harbor1	chr16	26927029	26927394	LTR/ERVL-MaLR	2764	+	182	26927211	66799
chr16	26860412	27060412	harbor1	chr16	26936676	26936972	LTR/ERVL-MaLR	2297	+	148	26936824	76412
chr16	26860412	27060412	harbor1	chr16	26937280	26937351	LTR/ERVL-MaLR	2297	+	36	26937316	76904
chr16	26860412	27060412	harbor1	chr16	26938367	26938700	LTR/ERVL-MaLR	850	+	166	26938533	78121
chr16	26860412	27060412	harbor1	chr16	26954561	26954733	LTR/ERVL-MaLR	584	+	86	26954647	94235
chr16	26860412	27060412	harbor1	chr16	26918718	26919079	LTR/ERVL-MaLR	2636	+	180	26918898	58486
chr16	16507035	16707035	harbor1	chr16	16509722	16509855	LTR/ERVL-MaLR	1699	+	66	16509788	2753
chr16	16507035	16707035	harbor1	chr16	16510159	16510385	LTR/ERVL-MaLR	1699	+	113	16510272	3237
chr16	16507035	16707035	harbor1	chr16	16515822	16516303	LTR/ERVL-MaLR	1755	+	240	16516062	9027
chr16	16507035	16707035	harbor1	chr16	16516727	16516820	LTR/ERVL-MaLR	667	+	46	16516773	9738
chr16	16507035	16707035	harbor1	chr16	16517466	16517831	LTR/ERVL-MaLR	1946	+	182	16517648	10613
chr16	16507035	16707035	harbor1	chr16	16556443	16556937	LTR/ERVL-MaLR	1013	+	247	16556690	49655
chr16	16507035	16707035	harbor1	chr16	16557903	16558392	LTR/ERVL-MaLR	1999	+	244	16558147	51112
chr16	16507035	16707035	harbor1	chr16	16576931	16577129	LTR/ERVL-MaLR	625	+	99	16577030	69995
chr16	84053191	84253191	harbor1	chr16	84078928	84079334	LTR/ERVL-MaLR	2377	+	203	84079131	25940
chr16	84053191	84253191	harbor1	chr16	84111014	84111257	LTR/ERVL-MaLR	1886	+	122	84111136	57945
chr16	84053191	84253191	harbor1	chr16	84111564	84111824	LTR/ERVL-MaLR	1886	+	130	84111694	58503
chr16	84053191	84253191	harbor1	chr16	84138041	84138174	LTR/ERVL-MaLR	609	+	66	84138107	84916
chr16	84053191	84253191	harbor1	chr16	84139154	84139637	LTR/ERVL-MaLR	1951	+	242	84139396	86205
chr16	61075152	61275152	harbor1	chr16	61114643	61115116	LTR/ERVL-MaLR	1798	+	236	61114879	39727
chr16	61075152	61275152	harbor1	chr16	61117577	61118050	LTR/ERVL-MaLR	1320	+	236	61117813	42661
chr16	61075152	61275152	harbor1	chr16	61174931	61175289	LTR/ERVL-MaLR	2431	+	179	61175110	99958
chr16	61075152	61275152	harbor1	chr16	61079358	61079832	LTR/ERVL-MaLR	771	+	237	61079595	4443
chr16	18237448	18437448	harbor1	chr16	18244109	18244290	LTR/ERVL-MaLR	533	+	90	18244199	6751
chr16	18237448	18437448	harbor1	chr16	18244364	18244552	LTR/ERVL-MaLR	743	+	94	18244458	7010
chr16	18237448	18437448	harbor1	chr16	18252438	18252945	LTR/ERVL-MaLR	1629	+	254	18252692	15244
chr16	18237448	18437448	harbor1	chr16	18254048	18254414	LTR/ERVL-MaLR	1886	+	183	18254231	16783
chr16	18237448	18437448	harbor1	chr16	18259489	18259904	LTR/ERVL-MaLR	856	+	208	18259697	22249
chr16	18237448	18437448	harbor1	chr16	18259905	18260288	LTR/ERVL-MaLR	2537	+	192	18260097	22649
chr16	18237448	18437448	harbor1	chr16	18260289	18260309	LTR/ERVL-MaLR	792	+	10	18260299	22851
chr16	18237448	18437448	harbor1	chr16	18261951	18262344	LTR/ERVL-MaLR	1919	+	196	18262147	24699
chr16	18237448	18437448	harbor1	chr16	18265772	18266226	LTR/ERVL-MaLR	1490	+	227	18265999	28551
chr16	18237448	18437448	harbor1	chr16	18272343	18272718	LTR/ERVL-MaLR	2107	+	188	18272531	35083
chr16	18237448	18437448	harbor1	chr16	18295785	18296250	LTR/ERVL-MaLR	1740	+	232	18296017	58569
chr16	18237448	18437448	harbor1	chr16	18301523	18301669	LTR/ERVL-MaLR	763	+	73	18301596	64148
chr16	18237448	18437448	harbor1	chr16	18301957	18302217	LTR/ERVL-MaLR	763	+	130	18302087	64639
chr16	18237448	18437448	harbor1	chr16	18302607	18303021	LTR/ERVL-MaLR	2429	+	207	18302814	65366
chr16	53736710	53936710	harbor1	chr16	53746107	53746479	LTR/ERVL-MaLR	949	+	186	53746293	9583
chr16	53736710	53936710	harbor1	chr16	53832965	53833316	LTR/ERVL-MaLR	2446	+	176	53833141	96431
chr16	3629754	3829754	harbor1	chr16	3653007	3653393	LTR/ERVL-MaLR	674	+	193	3653200	23446
chr16	3629754	3829754	harbor1	chr16	3680645	3680988	LTR/ERVL-MaLR	1548	+	172	3680817	51063
chr16	3629754	3829754	harbor1	chr16	3687061	3687432	LTR/ERVL-MaLR	2114	+	186	3687247	57493
chr16	86458047	86658047	harbor1	chr16	86472383	86472825	LTR/ERVL-MaLR	891	+	221	86472604	14557
chr16	86458047	86658047	harbor1	chr16	86484274	86484485	LTR/ERVL-MaLR	789	+	106	86484380	26333
chr16	86458047	86658047	harbor1	chr16	86484976	86485406	LTR/ERVL-MaLR	840	+	215	86485191	27144
chr16	86458047	86658047	harbor1	chr16	86489395	86489812	LTR/ERVL-MaLR	638	+	208	86489603	31556
chr16	4944311	5144311	harbor1	chr16	5019384	5019486	LTR/ERVL-MaLR	455	+	51	5019435	75124
chr16	4944311	5144311	harbor1	chr16	5029131	5029576	LTR/ERVL-MaLR	857	+	222	5029353	85042
chr16	4944311	5144311	harbor1	chr16	5035926	5036250	LTR/ERVL-MaLR	1415	+	162	5036088	91777
chr16	19828706	20028706	harbor1	chr16	19867648	19867768	LTR/ERVL-MaLR	703	+	60	19867708	39002
chr16	19828706	20028706	harbor1	chr16	19876798	19877316	LTR/ERVL-MaLR	1487	+	259	19877057	48351
chr16	19828706	20028706	harbor1	chr16	19896123	19896332	LTR/ERVL-MaLR	1082	+	104	19896227	67521
chr16	19828706	20028706	harbor1	chr16	19896626	19896677	LTR/ERVL-MaLR	1082	+	26	19896652	67946
chr16	19828706	20028706	harbor1	chr16	19901133	19901158	LTR/ERVL-MaLR	1227	+	12	19901145	72439
chr16	19828706	20028706	harbor1	chr16	19901159	19901600	LTR/ERVL-MaLR	2789	+	220	19901379	72673
chr16	19828706	20028706	harbor1	chr16	19901601	19901870	LTR/ERVL-MaLR	1227	+	134	19901735	73029
chr16	19828706	20028706	harbor1	chr16	19901903	19902092	LTR/ERVL-MaLR	1227	+	94	19901997	73291
chr16	19828706	20028706	harbor1	chr16	19903557	19903763	LTR/ERVL-MaLR	1016	+	103	19903660	74954
chr16	19828706	20028706	harbor1	chr16	19905442	19905670	LTR/ERVL-MaLR	1083	+	114	19905556	76850
chr16	19828706	20028706	harbor1	chr16	19916027	19916527	LTR/ERVL-MaLR	1066	+	250	19916277	87571
chr16	6513760	6713760	harbor1	chr16	6576937	6577202	LTR/ERVL-MaLR	554	+	132	6577069	63309
chr16	6513760	6713760	harbor1	chr16	6579367	6579742	LTR/ERVL-MaLR	2787	+	188	6579555	65795
chr16	6513760	6713760	harbor1	chr16	6597701	6598108	LTR/ERVL-MaLR	661	+	204	6597905	84145
chr16	68058243	68258243	harbor1	chr16	68150685	68151057	LTR/ERVL-MaLR	2616	+	186	68150871	92628
chr16	64015828	64215828	harbor1	chr16	64041242	64041629	LTR/ERVL-MaLR	1193	+	194	64041436	25608
chr16	64015828	64215828	harbor1	chr16	64047849	64048087	LTR/ERVL-MaLR	751	+	119	64047968	32140
chr16	64015828	64215828	harbor1	chr16	64053102	64053437	LTR/ERVL-MaLR	1517	+	168	64053270	37442
chr16	64015828	64215828	harbor1	chr16	64089811	64090234	LTR/ERVL-MaLR	2407	+	212	64090023	74195
chr16	64015828	64215828	harbor1	chr16	64106173	64106592	LTR/ERVL-MaLR	2299	+	210	64106383	90555
chr16	64015828	64215828	harbor1	chr16	64107644	64108008	LTR/ERVL-MaLR	1428	+	182	64107826	91998
chr16	64015828	64215828	harbor1	chr16	64108009	64109607	LTR/ERVL-MaLR	6219	+	799	64108808	92980
chr16	64015828	64215828	harbor1	chr16	64109615	64109971	LTR/ERVL-MaLR	1404	+	178	64109793	93965
chr16	17060009	17260009	harbor1	chr16	17067549	17067952	LTR/ERVL-MaLR	2296	+	202	17067751	7742
chr16	17060009	17260009	harbor1	chr16	17090237	17090394	LTR/ERVL-MaLR	2599	+	78	17090315	30306
chr16	17060009	17260009	harbor1	chr16	17090701	17090912	LTR/ERVL-MaLR	2599	+	106	17090807	30798
chr16	17060009	17260009	harbor1	chr16	17110274	17110633	LTR/ERVL-MaLR	2415	+	180	17110454	50445
chr16	17060009	17260009	harbor1	chr16	17129833	17130318	LTR/ERVL-MaLR	1286	+	242	17130075	70066
chr16	17060009	17260009	harbor1	chr16	17138657	17138779	LTR/ERVL-MaLR	714	+	61	17138718	78709
chr16	17060009	17260009	harbor1	chr16	17145208	17145722	LTR/ERVL-MaLR	1290	+	257	17145465	85456
chr16	17060009	17260009	harbor1	chr16	17155303	17155504	LTR/ERVL-MaLR	681	+	100	17155403	95394
chr16	23054934	23254934	harbor1	chr16	23055275	23055629	LTR/ERVL-MaLR	1964	+	177	23055452	518
chr16	23054934	23254934	harbor1	chr16	23145604	23145865	LTR/ERVL-MaLR	450	+	130	23145734	90800
chr16	20627857	20827857	harbor1	chr16	20694695	20695047	LTR/ERVL-MaLR	2003	+	176	20694871	67014
chr16	11368435	11568435	harbor1	chr16	11394531	11394968	LTR/ERVL-MaLR	1317	+	218	11394749	26314
chr16	11368435	11568435	harbor1	chr16	11402377	11402824	LTR/ERVL-MaLR	986	+	224	11402601	34166
chr16	11368435	11568435	harbor1	chr16	11417071	11417229	LTR/ERVL-MaLR	529	+	79	11417150	48715
chr16	11368435	11568435	harbor1	chr16	11429082	11429422	LTR/ERVL-MaLR	1536	+	170	11429252	60817
chr16	11368435	11568435	harbor1	chr16	11431807	11432353	LTR/ERVL-MaLR	1091	+	273	11432080	63645
chr16	11368435	11568435	harbor1	chr16	11440241	11440492	LTR/ERVL-MaLR	803	+	126	11440367	71932
chr16	11368435	11568435	harbor1	chr16	11441534	11441969	LTR/ERVL-MaLR	2152	+	218	11441752	73317
chr16	11368435	11568435	harbor1	chr16	11454292	11454754	LTR/ERVL-MaLR	1850	+	231	11454523	86088
chr16	11368435	11568435	harbor1	chr16	11467781	11468240	LTR/ERVL-MaLR	1495	+	230	11468011	99576
chr16	55756540	55956540	harbor1	chr16	55817100	55817483	LTR/ERVL-MaLR	979	+	192	55817292	60752
chr16	55756540	55956540	harbor1	chr16	55835088	55835158	LTR/ERVL-MaLR	463	+	35	55835123	78583
chr16	55756540	55956540	harbor1	chr16	55855817	55856236	LTR/ERVL-MaLR	2983	+	210	55856027	99487
chr16	5125381	5325381	harbor1	chr16	5133744	5133939	LTR/ERVL-MaLR	886	+	98	5133842	8461
chr16	5125381	5325381	harbor1	chr16	5134245	5134459	LTR/ERVL-MaLR	886	+	107	5134352	8971
chr16	5125381	5325381	harbor1	chr16	5134770	5134834	LTR/ERVL-MaLR	675	+	32	5134802	9421
chr16	5125381	5325381	harbor1	chr16	5139007	5139099	LTR/ERVL-MaLR	1674	+	46	5139053	13672
chr16	5125381	5325381	harbor1	chr16	5139409	5139784	LTR/ERVL-MaLR	1674	+	188	5139597	14216
chr16	5125381	5325381	harbor1	chr16	5140378	5140644	LTR/ERVL-MaLR	991	+	133	5140511	15130
chr16	5125381	5325381	harbor1	chr16	5140952	5140966	LTR/ERVL-MaLR	938	+	7	5140959	15578
chr16	5125381	5325381	harbor1	chr16	5140973	5141219	LTR/ERVL-MaLR	1161	+	123	5141096	15715
chr16	5125381	5325381	harbor1	chr16	5151446	5151611	LTR/ERVL-MaLR	553	+	82	5151528	26147
chr16	5125381	5325381	harbor1	chr16	5155037	5155204	LTR/ERVL-MaLR	442	+	84	5155121	29740
chr16	5125381	5325381	harbor1	chr16	5158264	5158655	LTR/ERVL-MaLR	2388	+	196	5158460	33079
chr16	5125381	5325381	harbor1	chr16	5168176	5168380	LTR/ERVL-MaLR	546	+	102	5168278	42897
chr16	5125381	5325381	harbor1	chr16	5170486	5170828	LTR/ERVL-MaLR	2096	+	171	5170657	45276
chr16	5125381	5325381	harbor1	chr16	5175894	5176008	LTR/ERVL-MaLR	1878	+	57	5175951	50570
chr16	5125381	5325381	harbor1	chr16	5176300	5176630	LTR/ERVL-MaLR	1878	+	165	5176465	51084
chr16	5125381	5325381	harbor1	chr16	5191276	5191602	LTR/ERVL-MaLR	2041	+	163	5191439	66058
chr16	5125381	5325381	harbor1	chr16	5197186	5197678	LTR/ERVL-MaLR	1765	+	246	5197432	72051
chr16	5125381	5325381	harbor1	chr16	5198497	5198789	LTR/ERVL-MaLR	498	+	146	5198643	73262
chr16	5125381	5325381	harbor1	chr16	5198893	5198997	LTR/ERVL-MaLR	498	+	52	5198945	73564
chr16	5125381	5325381	harbor1	chr16	5204763	5205148	LTR/ERVL-MaLR	796	+	192	5204955	79574
chr16	5125381	5325381	harbor1	chr16	5213953	5214111	LTR/ERVL-MaLR	1672	+	79	5214032	88651
chr16	5125381	5325381	harbor1	chr16	5214582	5214802	LTR/ERVL-MaLR	1672	+	110	5214692	89311
chr16	5125381	5325381	harbor1	chr16	5215117	5215298	LTR/ERVL-MaLR	1672	+	90	5215207	89826
chr16	5125381	5325381	harbor1	chr16	5220876	5221211	LTR/ERVL-MaLR	770	+	168	5221044	95663
chr16	7783580	7983580	harbor1	chr16	7788196	7788421	LTR/ERVL-MaLR	553	+	112	7788308	4728
chr16	7783580	7983580	harbor1	chr16	7788866	7789204	LTR/ERVL-MaLR	1991	+	169	7789035	5455
chr16	7783580	7983580	harbor1	chr16	7790774	7790904	LTR/ERVL-MaLR	1287	+	65	7790839	7259
chr16	7783580	7983580	harbor1	chr16	7791208	7791536	LTR/ERVL-MaLR	1287	+	164	7791372	7792
chr16	7783580	7983580	harbor1	chr16	7791813	7791942	LTR/ERVL-MaLR	617	+	64	7791877	8297
chr16	7783580	7983580	harbor1	chr16	7794444	7794933	LTR/ERVL-MaLR	1771	+	244	7794688	11108
chr16	7783580	7983580	harbor1	chr16	7812246	7812634	LTR/ERVL-MaLR	2306	+	194	7812440	28860
chr16	7783580	7983580	harbor1	chr16	7867870	7868424	LTR/ERVL-MaLR	1814	+	277	7868147	84567
chr16	75453914	75653914	harbor1	chr16	75457452	75457619	LTR/ERVL-MaLR	864	+	84	75457536	3622
chr16	75453914	75653914	harbor1	chr16	75458289	75458739	LTR/ERVL-MaLR	1708	+	225	75458514	4600
chr16	75453914	75653914	harbor1	chr16	75473204	75473318	LTR/ERVL-MaLR	477	+	57	75473261	19347
chr16	75453914	75653914	harbor1	chr16	75476151	75476269	LTR/ERVL-MaLR	1261	+	59	75476210	22296
chr16	75453914	75653914	harbor1	chr16	75476586	75476748	LTR/ERVL-MaLR	1261	+	81	75476667	22753
chr16	75453914	75653914	harbor1	chr16	75477044	75477098	LTR/ERVL-MaLR	1261	+	27	75477071	23157
chr16	75453914	75653914	harbor1	chr16	75486321	75486490	LTR/ERVL-MaLR	459	+	84	75486405	32491
chr16	75453914	75653914	harbor1	chr16	75500929	75501264	LTR/ERVL-MaLR	1849	+	168	75501097	47183
chr16	75453914	75653914	harbor1	chr16	75511230	75511611	LTR/ERVL-MaLR	1302	+	190	75511420	57506
chr16	75453914	75653914	harbor1	chr16	75514406	75514782	LTR/ERVL-MaLR	1834	+	188	75514594	60680
chr16	75453914	75653914	harbor1	chr16	75524951	75525063	LTR/ERVL-MaLR	483	+	56	75525007	71093
chr16	89794575	89994575	harbor1	chr16	89798028	89798343	LTR/ERVL-MaLR	662	+	158	89798186	3611
chr16	61490246	61690246	harbor1	chr16	61557223	61557617	LTR/ERVL-MaLR	2264	+	197	61557420	67174
chr16	78827007	79027007	harbor1	chr16	78852189	78852709	LTR/ERVL-MaLR	2077	+	260	78852449	25442
chr16	78827007	79027007	harbor1	chr16	78910118	78910454	LTR/ERVL-MaLR	561	+	168	78910286	83279
chr16	78827007	79027007	harbor1	chr16	78913278	78913612	LTR/ERVL-MaLR	719	+	167	78913445	86438
chr16	23385694	23585694	harbor1	chr16	23469689	23469931	LTR/ERVL-MaLR	601	+	121	23469810	84116
chr16	23385694	23585694	harbor1	chr16	23477236	23477461	LTR/ERVL-MaLR	1877	+	112	23477348	91654
chr16	23385694	23585694	harbor1	chr16	23477770	23477898	LTR/ERVL-MaLR	1877	+	64	23477834	92140
chr16	18477944	18677944	harbor1	chr16	18495958	18496135	LTR/ERVL-MaLR	673	+	88	18496046	18102
chr16	18477944	18677944	harbor1	chr16	18501563	18501973	LTR/ERVL-MaLR	995	+	205	18501768	23824
chr16	18477944	18677944	harbor1	chr16	18505210	18505550	LTR/ERVL-MaLR	1472	+	170	18505380	27436
chr16	18477944	18677944	harbor1	chr16	18510784	18511175	LTR/ERVL-MaLR	2052	+	196	18510980	33036
chr16	13138332	13338332	harbor1	chr16	13152765	13153259	LTR/ERVL-MaLR	1769	+	247	13153012	14680
chr16	13138332	13338332	harbor1	chr16	13154241	13154667	LTR/ERVL-MaLR	1203	+	213	13154454	16122
chr16	13138332	13338332	harbor1	chr16	13167479	13167885	LTR/ERVL-MaLR	2399	+	203	13167682	29350
chr16	13138332	13338332	harbor1	chr16	13224930	13225369	LTR/ERVL-MaLR	1458	+	220	13225150	86818
chr16	13138332	13338332	harbor1	chr16	13188825	13189212	LTR/ERVL-MaLR	1807	+	194	13189019	50687
chr16	31259753	31459753	harbor1	chr16	31317315	31317629	LTR/ERVL-MaLR	1537	+	157	31317472	57719
chr16	31259753	31459753	harbor1	chr16	31336034	31336303	LTR/ERVL-MaLR	626	+	134	31336168	76415
chr16	31259753	31459753	harbor1	chr16	31336479	31336837	LTR/ERVL-MaLR	814	+	179	31336658	76905
chr16	29345942	29545942	harbor1	chr16	29369059	29369503	LTR/ERVL-MaLR	1603	+	222	29369281	23339
chr16	29345942	29545942	harbor1	chr16	29369816	29369907	LTR/ERVL-MaLR	1603	+	46	29369862	23920
chr16	29345942	29545942	harbor1	chr16	29401637	29401955	LTR/ERVL-MaLR	763	+	159	29401796	55854
chr16	29345942	29545942	harbor1	chr16	29412306	29412670	LTR/ERVL-MaLR	2522	+	182	29412488	66546
chr16	80762550	80962550	harbor1	chr16	80811187	80811588	LTR/ERVL-MaLR	1548	+	200	80811387	48837
chr16	80762550	80962550	harbor1	chr16	80826702	80827017	LTR/ERVL-MaLR	784	+	158	80826860	64310
chr16	80762550	80962550	harbor1	chr16	80831565	80831965	LTR/ERVL-MaLR	2221	+	200	80831765	69215
chr16	14543174	14743174	harbor1	chr16	14566097	14566601	LTR/ERVL-MaLR	1202	+	252	14566349	23175
chr16	14543174	14743174	harbor1	chr16	14573583	14573935	LTR/ERVL-MaLR	2316	+	176	14573759	30585
chr16	14543174	14743174	harbor1	chr16	14573936	14574432	LTR/ERVL-MaLR	10763	+	248	14574184	31010
chr16	14543174	14743174	harbor1	chr16	14574732	14575783	LTR/ERVL-MaLR	10763	+	526	14575258	32084
chr16	14543174	14743174	harbor1	chr16	14575786	14576139	LTR/ERVL-MaLR	2253	+	176	14575962	32788
chr16	14543174	14743174	harbor1	chr16	14581502	14581637	LTR/ERVL-MaLR	1492	+	68	14581570	38396
chr16	14543174	14743174	harbor1	chr16	14581912	14582116	LTR/ERVL-MaLR	1492	+	102	14582014	38840
chr16	5272409	5472409	harbor1	chr16	5281987	5282341	LTR/ERVL-MaLR	1969	+	177	5282164	9755
chr16	5272409	5472409	harbor1	chr16	5282342	5283934	LTR/ERVL-MaLR	11000	+	796	5283138	10729
chr16	5272409	5472409	harbor1	chr16	5283935	5284292	LTR/ERVL-MaLR	2284	+	178	5284113	11704
chr16	5272409	5472409	harbor1	chr16	5300980	5301337	LTR/ERVL-MaLR	2155	+	178	5301158	28749
chr16	5272409	5472409	harbor1	chr16	5301649	5301866	LTR/ERVL-MaLR	2155	+	108	5301757	29348
chr16	5272409	5472409	harbor1	chr16	5318646	5318850	LTR/ERVL-MaLR	1264	+	102	5318748	46339
chr16	5272409	5472409	harbor1	chr16	5319167	5319329	LTR/ERVL-MaLR	1264	+	81	5319248	46839
chr16	5272409	5472409	harbor1	chr16	5328119	5328493	LTR/ERVL-MaLR	1578	+	187	5328306	55897
chr16	5272409	5472409	harbor1	chr16	5338202	5338481	LTR/ERVL-MaLR	1074	+	140	5338342	65933
chr16	5272409	5472409	harbor1	chr16	5355627	5355808	LTR/ERVL-MaLR	1956	+	90	5355717	83308
chr16	5272409	5472409	harbor1	chr16	5356104	5356388	LTR/ERVL-MaLR	1956	+	142	5356246	83837
chr16	5272409	5472409	harbor1	chr16	5357130	5357481	LTR/ERVL-MaLR	646	+	176	5357306	84897
chr16	5272409	5472409	harbor1	chr16	5370891	5370961	LTR/ERVL-MaLR	1740	+	35	5370926	98517
chr16	5272409	5472409	harbor1	chr16	5371249	5371556	LTR/ERVL-MaLR	1740	+	154	5371403	98994
chr17	53469706	53669706	harbor1	chr17	53477996	53478390	LTR/ERVL-MaLR	1294	+	197	53478193	8487
chr17	53469706	53669706	harbor1	chr17	53480660	53481016	LTR/ERVL-MaLR	2020	+	178	53480838	11132
chr17	53469706	53669706	harbor1	chr17	53503196	53503533	LTR/ERVL-MaLR	723	+	168	53503364	33658
chr17	53469706	53669706	harbor1	chr17	53512645	53513065	LTR/ERVL-MaLR	935	+	210	53512855	43149
chr17	53469706	53669706	harbor1	chr17	53534143	53534528	LTR/ERVL-MaLR	1503	+	192	53534335	64629
chr17	53469706	53669706	harbor1	chr17	53536222	53536658	LTR/ERVL-MaLR	2018	+	218	53536440	66734
chr17	53469706	53669706	harbor1	chr17	53541310	53541705	LTR/ERVL-MaLR	1798	+	198	53541508	71802
chr17	53469706	53669706	harbor1	chr17	53561737	53562076	LTR/ERVL-MaLR	1703	+	170	53561907	92201
chr17	53469706	53669706	harbor1	chr17	53562371	53562394	LTR/ERVL-MaLR	1703	+	12	53562383	92677
chr17	53469706	53669706	harbor1	chr17	53562705	53562770	LTR/ERVL-MaLR	1703	+	32	53562737	93031
chr17	50352094	50552094	harbor1	chr17	50420555	50420687	LTR/ERVL-MaLR	737	+	66	50420621	68527
chr17	71898852	72098852	harbor1	chr17	71943909	71944262	LTR/ERVL-MaLR	2071	+	176	71944085	45233
chr17	71898852	72098852	harbor1	chr17	71944263	71945828	LTR/ERVL-MaLR	12202	+	782	71945045	46193
chr17	71898852	72098852	harbor1	chr17	71945836	71946198	LTR/ERVL-MaLR	2078	+	181	71946017	47165
chr17	71898852	72098852	harbor1	chr17	71947287	71947678	LTR/ERVL-MaLR	2185	+	196	71947483	48631
chr17	71898852	72098852	harbor1	chr17	71957345	71957395	LTR/ERVL-MaLR	1424	+	25	71957370	58518
chr17	71898852	72098852	harbor1	chr17	71957709	71957912	LTR/ERVL-MaLR	1424	+	102	71957811	58959
chr17	71898852	72098852	harbor1	chr17	71967840	71968096	LTR/ERVL-MaLR	1328	+	128	71967968	69116
chr17	71898852	72098852	harbor1	chr17	71968716	71969102	LTR/ERVL-MaLR	1427	+	193	71968909	70057
chr17	71898852	72098852	harbor1	chr17	71971540	71971916	LTR/ERVL-MaLR	2141	+	188	71971728	72876
chr17	71898852	72098852	harbor1	chr17	71977935	71978228	LTR/ERVL-MaLR	1476	+	146	71978081	79229
chr17	71898852	72098852	harbor1	chr17	71992239	71992645	LTR/ERVL-MaLR	2151	+	203	71992442	93590
chr17	71898852	72098852	harbor1	chr17	71995748	71996024	LTR/ERVL-MaLR	614	+	138	71995886	97034
chr17	37527918	37727918	harbor1	chr17	37594859	37595093	LTR/ERVL-MaLR	540	+	117	37594976	67058
chr17	37527918	37727918	harbor1	chr17	37596616	37596766	LTR/ERVL-MaLR	2390	+	75	37596691	68773
chr17	37527918	37727918	harbor1	chr17	37597042	37597421	LTR/ERVL-MaLR	2390	+	190	37597232	69314
chr17	37527918	37727918	harbor1	chr17	37626262	37626547	LTR/ERVL-MaLR	1194	+	142	37626404	98486
chr17	29062749	29262749	harbor1	chr17	29146420	29146895	LTR/ERVL-MaLR	650	+	238	29146658	83909
chr17	6933584	7133584	harbor1	chr17	6934526	6934872	LTR/ERVL-MaLR	2584	+	173	6934699	1115
chr17	6933584	7133584	harbor1	chr17	6950630	6950808	LTR/ERVL-MaLR	628	+	89	6950719	17135
chr17	6933584	7133584	harbor1	chr17	6951475	6951697	LTR/ERVL-MaLR	628	+	111	6951586	18002
chr17	6933584	7133584	harbor1	chr17	6952007	6952047	LTR/ERVL-MaLR	628	+	20	6952027	18443
chr17	6933584	7133584	harbor1	chr17	6955665	6956082	LTR/ERVL-MaLR	2608	+	208	6955873	22289
chr17	6933584	7133584	harbor1	chr17	6956357	6956708	LTR/ERVL-MaLR	1158	+	176	6956533	22949
chr17	6933584	7133584	harbor1	chr17	6975038	6975445	LTR/ERVL-MaLR	2319	+	204	6975242	41658
chr17	6933584	7133584	harbor1	chr17	6988167	6988235	LTR/ERVL-MaLR	1753	+	34	6988201	54617
chr17	6933584	7133584	harbor1	chr17	6988538	6988812	LTR/ERVL-MaLR	1753	+	137	6988675	55091
chr17	36112097	36312097	harbor1	chr17	36192376	36192609	LTR/ERVL-MaLR	540	+	116	36192492	80395
chr17	27986699	28186699	harbor1	chr17	27990243	27990636	LTR/ERVL-MaLR	2314	+	196	27990439	3740
chr17	27986699	28186699	harbor1	chr17	27997816	27997996	LTR/ERVL-MaLR	812	+	90	27997906	11207
chr17	27986699	28186699	harbor1	chr17	28010720	28011131	LTR/ERVL-MaLR	2485	+	206	28010926	24227
chr17	12440074	12640074	harbor1	chr17	12461289	12461695	LTR/ERVL-MaLR	1892	+	203	12461492	21418
chr17	12440074	12640074	harbor1	chr17	12463801	12464162	LTR/ERVL-MaLR	990	+	180	12463981	23907
chr17	12440074	12640074	harbor1	chr17	12466655	12467004	LTR/ERVL-MaLR	907	+	174	12466829	26755
chr17	12440074	12640074	harbor1	chr17	12475765	12476276	LTR/ERVL-MaLR	1599	+	256	12476021	35947
chr17	12440074	12640074	harbor1	chr17	12491562	12491740	LTR/ERVL-MaLR	1548	+	89	12491651	51577
chr17	12440074	12640074	harbor1	chr17	12492046	12492373	LTR/ERVL-MaLR	1548	+	164	12492210	52136
chr17	12440074	12640074	harbor1	chr17	12535289	12535657	LTR/ERVL-MaLR	1168	+	184	12535473	95399
chr17	72962286	73162286	harbor1	chr17	72975093	72975164	LTR/ERVL-MaLR	1652	+	36	72975129	12843
chr17	72962286	73162286	harbor1	chr17	72975456	72975694	LTR/ERVL-MaLR	1652	+	119	72975575	13289
chr17	72962286	73162286	harbor1	chr17	72976953	72977467	LTR/ERVL-MaLR	1026	+	257	72977210	14924
chr17	72962286	73162286	harbor1	chr17	72978989	72979365	LTR/ERVL-MaLR	2348	+	188	72979177	16891
chr17	72962286	73162286	harbor1	chr17	72985777	72986203	LTR/ERVL-MaLR	1363	+	213	72985990	23704
chr17	72962286	73162286	harbor1	chr17	72986946	72987352	LTR/ERVL-MaLR	2169	+	203	72987149	24863
chr17	72962286	73162286	harbor1	chr17	72993859	72994014	LTR/ERVL-MaLR	1114	+	78	72993937	31651
chr17	72962286	73162286	harbor1	chr17	72996797	72997189	LTR/ERVL-MaLR	757	+	196	72996993	34707
chr17	72962286	73162286	harbor1	chr17	73000487	73000684	LTR/ERVL-MaLR	677	+	98	73000585	38299
chr17	72962286	73162286	harbor1	chr17	73020169	73020500	LTR/ERVL-MaLR	1297	+	166	73020335	58049
chr17	72962286	73162286	harbor1	chr17	73023242	73023335	LTR/ERVL-MaLR	551	+	46	73023288	61002
chr17	72962286	73162286	harbor1	chr17	73023791	73024086	LTR/ERVL-MaLR	1515	+	148	73023939	61653
chr17	72962286	73162286	harbor1	chr17	73035471	73035646	LTR/ERVL-MaLR	2139	+	88	73035559	73273
chr17	72962286	73162286	harbor1	chr17	73035891	73036215	LTR/ERVL-MaLR	2139	+	162	73036053	73767
chr17	62281739	62481739	harbor1	chr17	62315734	62316202	LTR/ERVL-MaLR	1936	+	234	62315968	34229
chr17	62281739	62481739	harbor1	chr17	62339645	62339996	LTR/ERVL-MaLR	2754	+	176	62339821	58082
chr17	61817030	62017030	harbor1	chr17	61834501	61834958	LTR/ERVL-MaLR	1189	+	228	61834729	17699
chr17	61817030	62017030	harbor1	chr17	61843432	61843832	LTR/ERVL-MaLR	2020	+	200	61843632	26602
chr17	31549001	31749001	harbor1	chr17	31582547	31582888	LTR/ERVL-MaLR	928	+	170	31582717	33716
chr17	31549001	31749001	harbor1	chr17	31583190	31583300	LTR/ERVL-MaLR	928	+	55	31583245	34244
chr17	31549001	31749001	harbor1	chr17	31586874	31587358	LTR/ERVL-MaLR	1016	+	242	31587116	38115
chr17	31549001	31749001	harbor1	chr17	31601165	31601466	LTR/ERVL-MaLR	1144	+	150	31601315	52314
chr17	31549001	31749001	harbor1	chr17	31612988	31613240	LTR/ERVL-MaLR	910	+	126	31613114	64113
chr17	31549001	31749001	harbor1	chr17	31613548	31613640	LTR/ERVL-MaLR	910	+	46	31613594	64593
chr17	49793583	49993583	harbor1	chr17	49833561	49833865	LTR/ERVL-MaLR	735	+	152	49833713	40130
chr17	75396099	75596099	harbor1	chr17	75414773	75414900	LTR/ERVL-MaLR	726	+	64	75414837	18738
chr17	75396099	75596099	harbor1	chr17	75441706	75441802	LTR/ERVL-MaLR	2430	+	48	75441754	45655
chr17	75396099	75596099	harbor1	chr17	75442092	75442450	LTR/ERVL-MaLR	2430	+	179	75442271	46172
chr17	8396369	8596369	harbor1	chr17	8488890	8489369	LTR/ERVL-MaLR	1608	+	240	8489130	92761
chr17	8396369	8596369	harbor1	chr17	8421246	8421696	LTR/ERVL-MaLR	2203	+	225	8421471	25102
chr17	33785461	33985461	harbor1	chr17	33787750	33787935	LTR/ERVL-MaLR	1267	+	92	33787842	2381
chr17	33785461	33985461	harbor1	chr17	33789042	33789275	LTR/ERVL-MaLR	1426	+	116	33789158	3697
chr17	33785461	33985461	harbor1	chr17	33824610	33824935	LTR/ERVL-MaLR	2226	+	162	33824772	39311
chr17	6538918	6738918	harbor1	chr17	6572647	6573009	LTR/ERVL-MaLR	1077	+	181	6572828	33910
chr17	6538918	6738918	harbor1	chr17	6585940	6586345	LTR/ERVL-MaLR	2318	+	202	6586142	47224
chr17	6538918	6738918	harbor1	chr17	6589092	6589460	LTR/ERVL-MaLR	1830	+	184	6589276	50358
chr17	6538918	6738918	harbor1	chr17	6594174	6594350	LTR/ERVL-MaLR	709	+	88	6594262	55344
chr17	9397947	9597947	harbor1	chr17	9421759	9422105	LTR/ERVL-MaLR	1899	+	173	9421932	23985
chr17	9397947	9597947	harbor1	chr17	9422407	9422455	LTR/ERVL-MaLR	1899	+	24	9422431	24484
chr17	9397947	9597947	harbor1	chr17	9488344	9488821	LTR/ERVL-MaLR	1675	+	238	9488582	90635
chr17	9397947	9597947	harbor1	chr17	9488848	9488890	LTR/ERVL-MaLR	1675	+	21	9488869	90922
chr17	9397947	9597947	harbor1	chr17	9489177	9489240	LTR/ERVL-MaLR	1675	+	32	9489209	91262
chr17	9397947	9597947	harbor1	chr17	9496554	9497030	LTR/ERVL-MaLR	1950	+	238	9496792	98845
chr17	34477470	34677470	harbor1	chr17	34523724	34523948	LTR/ERVL-MaLR	752	+	112	34523836	46366
chr17	34477470	34677470	harbor1	chr17	34575111	34575484	LTR/ERVL-MaLR	1707	+	186	34575297	97827
chr17	69596742	69796742	harbor1	chr17	69599470	69599835	LTR/ERVL-MaLR	2164	+	182	69599652	2910
chr17	69596742	69796742	harbor1	chr17	69610705	69611096	LTR/ERVL-MaLR	2677	+	196	69610901	14159
chr17	69596742	69796742	harbor1	chr17	69611397	69611436	LTR/ERVL-MaLR	2677	+	20	69611417	14675
chr17	69596742	69796742	harbor1	chr17	69647550	69647926	LTR/ERVL-MaLR	1977	+	188	69647738	50996
chr17	69596742	69796742	harbor1	chr17	69666398	69666632	LTR/ERVL-MaLR	1141	+	117	69666515	69773
chr17	6359288	6559288	harbor1	chr17	6367536	6367688	LTR/ERVL-MaLR	693	+	76	6367612	8324
chr17	6359288	6559288	harbor1	chr17	6380359	6380676	LTR/ERVL-MaLR	1690	+	158	6380517	21229
chr17	6359288	6559288	harbor1	chr17	6380963	6381012	LTR/ERVL-MaLR	1690	+	24	6380987	21699
chr17	6359288	6559288	harbor1	chr17	6398304	6398707	LTR/ERVL-MaLR	2453	+	202	6398506	39218
chr17	6359288	6559288	harbor1	chr17	6398744	6398764	LTR/ERVL-MaLR	2453	+	10	6398754	39466
chr17	6359288	6559288	harbor1	chr17	6399041	6399107	LTR/ERVL-MaLR	2453	+	33	6399074	39786
chr17	6359288	6559288	harbor1	chr17	6410695	6410810	LTR/ERVL-MaLR	1969	+	58	6410753	51465
chr17	6359288	6559288	harbor1	chr17	6411108	6411192	LTR/ERVL-MaLR	1969	+	42	6411150	51862
chr17	6359288	6559288	harbor1	chr17	6411491	6411766	LTR/ERVL-MaLR	1969	+	138	6411629	52341
chr17	6359288	6559288	harbor1	chr17	6414695	6415067	LTR/ERVL-MaLR	1305	+	186	6414881	55593
chr17	6359288	6559288	harbor1	chr17	6420675	6420739	LTR/ERVL-MaLR	1874	+	32	6420707	61419
chr17	6359288	6559288	harbor1	chr17	6421039	6421465	LTR/ERVL-MaLR	1874	+	213	6421252	61964
chr17	29943389	30143389	harbor1	chr17	29953323	29953686	LTR/ERVL-MaLR	2540	+	182	29953505	10116
chr17	29943389	30143389	harbor1	chr17	29953687	29955242	LTR/ERVL-MaLR	10663	+	778	29954465	11076
chr17	29943389	30143389	harbor1	chr17	29955243	29955606	LTR/ERVL-MaLR	2625	+	182	29955425	12036
chr17	29943389	30143389	harbor1	chr17	29963736	29964176	LTR/ERVL-MaLR	2338	+	220	29963956	20567
chr17	29943389	30143389	harbor1	chr17	29967848	29967888	LTR/ERVL-MaLR	654	+	20	29967868	24479
chr17	29943389	30143389	harbor1	chr17	29968176	29968531	LTR/ERVL-MaLR	654	+	178	29968354	24965
chr17	29943389	30143389	harbor1	chr17	30004593	30004622	LTR/ERVL-MaLR	737	+	14	30004607	61218
chr17	29943389	30143389	harbor1	chr17	30004935	30005048	LTR/ERVL-MaLR	737	+	56	30004991	61602
chr17	57428377	57628377	harbor1	chr17	57433207	57433609	LTR/ERVL-MaLR	1428	+	201	57433408	5031
chr17	71732756	71932756	harbor1	chr17	71756195	71756571	LTR/ERVL-MaLR	1877	+	188	71756383	23627
chr17	71732756	71932756	harbor1	chr17	71772749	71773101	LTR/ERVL-MaLR	2211	+	176	71772925	40169
chr17	71732756	71932756	harbor1	chr17	71773812	71774177	LTR/ERVL-MaLR	2621	+	182	71773994	41238
chr17	71732756	71932756	harbor1	chr17	71796927	71797291	LTR/ERVL-MaLR	2593	+	182	71797109	64353
chr17	71732756	71932756	harbor1	chr17	71817430	71817918	LTR/ERVL-MaLR	2157	+	244	71817674	84918
chr17	57878223	58078223	harbor1	chr17	57939580	57939857	LTR/ERVL-MaLR	708	+	138	57939718	61495
chr17	69894440	70094440	harbor1	chr17	69901733	69902095	LTR/ERVL-MaLR	2080	+	181	69901914	7474
chr17	69894440	70094440	harbor1	chr17	69932459	69932818	LTR/ERVL-MaLR	2015	+	180	69932639	38199
chr17	69894440	70094440	harbor1	chr17	69936367	69936703	LTR/ERVL-MaLR	1925	+	168	69936535	42095
chr17	69894440	70094440	harbor1	chr17	69939819	69940188	LTR/ERVL-MaLR	2176	+	184	69940003	45563
chr17	69894440	70094440	harbor1	chr17	69940189	69940995	LTR/ERVL-MaLR	3732	+	403	69940592	46152
chr17	69894440	70094440	harbor1	chr17	69951905	69952294	LTR/ERVL-MaLR	2121	+	194	69952099	57659
chr17	69894440	70094440	harbor1	chr17	69956404	69956737	LTR/ERVL-MaLR	2127	+	166	69956570	62130
chr17	69894440	70094440	harbor1	chr17	69983176	69983579	LTR/ERVL-MaLR	1373	+	202	69983378	88938
chr17	69894440	70094440	harbor1	chr17	69987241	69987921	LTR/ERVL-MaLR	5018	+	340	69987581	93141
chr17	69894440	70094440	harbor1	chr17	69987922	69988277	LTR/ERVL-MaLR	2227	+	178	69988100	93660
chr17	33538029	33738029	harbor1	chr17	33546795	33547002	LTR/ERVL-MaLR	618	+	104	33546899	8870
chr17	33538029	33738029	harbor1	chr17	33547188	33547253	LTR/ERVL-MaLR	618	+	32	33547220	9191
chr17	33538029	33738029	harbor1	chr17	33565645	33565835	LTR/ERVL-MaLR	595	+	95	33565740	27711
chr17	33538029	33738029	harbor1	chr17	33581025	33581440	LTR/ERVL-MaLR	2103	+	208	33581233	43204
chr17	33538029	33738029	harbor1	chr17	33582050	33582173	LTR/ERVL-MaLR	2103	+	62	33582112	44083
chr17	33538029	33738029	harbor1	chr17	33600219	33600443	LTR/ERVL-MaLR	1114	+	112	33600331	62302
chr17	33538029	33738029	harbor1	chr17	33600453	33600597	LTR/ERVL-MaLR	720	+	72	33600525	62496
chr17	33538029	33738029	harbor1	chr17	33600741	33602235	LTR/ERVL-MaLR	4312	+	747	33601488	63459
chr17	33538029	33738029	harbor1	chr17	33602240	33602596	LTR/ERVL-MaLR	1992	+	178	33602418	64389
chr17	33538029	33738029	harbor1	chr17	33624975	33625129	LTR/ERVL-MaLR	1518	+	77	33625052	87023
chr17	33538029	33738029	harbor1	chr17	33625240	33625594	LTR/ERVL-MaLR	1518	+	177	33625417	87388
chr17	75796497	75996497	harbor1	chr17	75861910	75862310	LTR/ERVL-MaLR	2247	+	200	75862110	65613
chr17	75796497	75996497	harbor1	chr17	75862622	75862686	LTR/ERVL-MaLR	2247	+	32	75862654	66157
chr17	75796497	75996497	harbor1	chr17	75885931	75886240	LTR/ERVL-MaLR	2680	+	154	75886085	89588
chr17	75796497	75996497	harbor1	chr17	75886550	75886617	LTR/ERVL-MaLR	2680	+	34	75886584	90087
chr17	8708227	8908227	harbor1	chr17	8710752	8711231	LTR/ERVL-MaLR	824	+	240	8710992	2765
chr17	8708227	8908227	harbor1	chr17	8715124	8715416	LTR/ERVL-MaLR	1098	+	146	8715270	7043
chr17	8708227	8908227	harbor1	chr17	8715550	8715924	LTR/ERVL-MaLR	1768	+	187	8715737	7510
chr17	8708227	8908227	harbor1	chr17	8724343	8724802	LTR/ERVL-MaLR	1978	+	230	8724573	16346
chr17	8708227	8908227	harbor1	chr17	8747775	8747824	LTR/ERVL-MaLR	1232	+	24	8747799	39572
chr17	8708227	8908227	harbor1	chr17	8748174	8748451	LTR/ERVL-MaLR	1232	+	138	8748312	40085
chr17	8708227	8908227	harbor1	chr17	8748448	8748598	LTR/ERVL-MaLR	844	+	75	8748523	40296
chr17	8708227	8908227	harbor1	chr17	8762014	8762059	LTR/ERVL-MaLR	1509	+	22	8762036	53809
chr17	8708227	8908227	harbor1	chr17	8762415	8762734	LTR/ERVL-MaLR	1509	+	160	8762575	54348
chr17	8708227	8908227	harbor1	chr17	8769189	8769582	LTR/ERVL-MaLR	1684	+	196	8769385	61158
chr17	8708227	8908227	harbor1	chr17	8775233	8775617	LTR/ERVL-MaLR	1742	+	192	8775425	67198
chr17	8708227	8908227	harbor1	chr17	8775921	8775992	LTR/ERVL-MaLR	1742	+	36	8775957	67730
chr17	8708227	8908227	harbor1	chr17	8795326	8795588	LTR/ERVL-MaLR	525	+	131	8795457	87230
chr17	54145149	54345149	harbor1	chr17	54214733	54214842	LTR/ERVL-MaLR	529	+	54	54214787	69638
chr17	54145149	54345149	harbor1	chr17	54226867	54227216	LTR/ERVL-MaLR	2157	+	174	54227041	81892
chr17	54145149	54345149	harbor1	chr17	54227221	54228770	LTR/ERVL-MaLR	11470	+	774	54227995	82846
chr17	54145149	54345149	harbor1	chr17	54228771	54229125	LTR/ERVL-MaLR	2323	+	177	54228948	83799
chr17	54145149	54345149	harbor1	chr17	54234704	54235096	LTR/ERVL-MaLR	1526	+	196	54234900	89751
chr17	54145149	54345149	harbor1	chr17	54244622	54245202	LTR/ERVL-MaLR	2168	+	290	54244912	99763
chr17	54145149	54345149	harbor1	chr17	54181752	54182112	LTR/ERVL-MaLR	1913	+	180	54181932	36783
chr17	54145149	54345149	harbor1	chr17	54214481	54214680	LTR/ERVL-MaLR	588	+	100	54214581	69432
chr17	76511755	76711755	harbor1	chr17	76513973	76514036	LTR/ERVL-MaLR	1167	+	32	76514005	2250
chr17	76511755	76711755	harbor1	chr17	76518115	76518479	LTR/ERVL-MaLR	1737	+	182	76518297	6542
chr17	76511755	76711755	harbor1	chr17	76564575	76564681	LTR/ERVL-MaLR	653	+	53	76564628	52873
chr17	76511755	76711755	harbor1	chr17	76570810	76571286	LTR/ERVL-MaLR	1845	+	238	76571048	59293
chr17	76511755	76711755	harbor1	chr17	76575322	76575691	LTR/ERVL-MaLR	666	+	184	76575506	63751
chr17	76511755	76711755	harbor1	chr17	76579549	76579940	LTR/ERVL-MaLR	2126	+	196	76579745	67990
chr17	76511755	76711755	harbor1	chr17	76598291	76598488	LTR/ERVL-MaLR	511	+	98	76598389	86634
chr17	76511755	76711755	harbor1	chr17	76513265	76513661	LTR/ERVL-MaLR	1167	+	198	76513463	1708
chr17	35179891	35379891	harbor1	chr17	35205486	35205692	LTR/ERVL-MaLR	1747	+	103	35205589	25698
chr17	35179891	35379891	harbor1	chr17	35205992	35206232	LTR/ERVL-MaLR	1747	+	120	35206112	26221
chr17	35179891	35379891	harbor1	chr17	35221922	35222145	LTR/ERVL-MaLR	1061	+	112	35222034	42143
chr17	35179891	35379891	harbor1	chr17	35222456	35222751	LTR/ERVL-MaLR	1061	+	148	35222604	42713
chr17	35179891	35379891	harbor1	chr17	35227251	35227345	LTR/ERVL-MaLR	1795	+	47	35227298	47407
chr17	35179891	35379891	harbor1	chr17	35227656	35228023	LTR/ERVL-MaLR	1795	+	184	35227840	47949
chr17	35179891	35379891	harbor1	chr17	35229605	35229995	LTR/ERVL-MaLR	1991	+	195	35229800	49909
chr17	53787733	53987733	harbor1	chr17	53863588	53863931	LTR/ERVL-MaLR	2023	+	172	53863760	76027
chr17	53984220	54184220	harbor1	chr17	54007751	54008289	LTR/ERVL-MaLR	1764	+	269	54008020	23800
chr17	53984220	54184220	harbor1	chr17	54015057	54015275	LTR/ERVL-MaLR	913	+	109	54015166	30946
chr17	53984220	54184220	harbor1	chr17	54024380	54024742	LTR/ERVL-MaLR	2196	+	181	54024561	40341
chr17	53984220	54184220	harbor1	chr17	54066382	54066875	LTR/ERVL-MaLR	1542	+	246	54066628	82408
chr17	45854010	46054010	harbor1	chr17	45854294	45854511	LTR/ERVL-MaLR	619	+	108	45854402	392
chr17	45854010	46054010	harbor1	chr17	45855154	45855419	LTR/ERVL-MaLR	945	+	132	45855286	1276
chr17	45854010	46054010	harbor1	chr17	45871164	45871345	LTR/ERVL-MaLR	2166	+	90	45871254	17244
chr17	45854010	46054010	harbor1	chr17	45871641	45871838	LTR/ERVL-MaLR	2166	+	98	45871739	17729
chr17	45854010	46054010	harbor1	chr17	45877430	45877819	LTR/ERVL-MaLR	1403	+	194	45877624	23614
chr17	45854010	46054010	harbor1	chr17	45912239	45912712	LTR/ERVL-MaLR	1844	+	236	45912475	58465
chr17	15715815	15915815	harbor1	chr17	15762292	15762948	LTR/ERVL-MaLR	4446	+	328	15762620	46805
chr17	15715815	15915815	harbor1	chr17	15762949	15763312	LTR/ERVL-MaLR	2318	+	182	15763131	47316
chr17	15715815	15915815	harbor1	chr17	15775569	15775978	LTR/ERVL-MaLR	2364	+	204	15775773	59958
chr17	392407	592407	harbor1	chr17	419633	419777	LTR/ERVL-MaLR	766	+	72	419705	27298
chr17	392407	592407	harbor1	chr17	420655	420985	LTR/ERVL-MaLR	1085	+	165	420820	28413
chr17	70902390	71102390	harbor1	chr17	70902159	70902582	LTR/ERVL-MaLR	687	+	212	70902371	19
chr17	70902390	71102390	harbor1	chr17	70915975	70916394	LTR/ERVL-MaLR	2440	+	210	70916185	13795
chr17	70902390	71102390	harbor1	chr17	70916395	70918031	LTR/ERVL-MaLR	8996	+	818	70917213	14823
chr17	70902390	71102390	harbor1	chr17	70918032	70918451	LTR/ERVL-MaLR	2458	+	210	70918242	15852
chr17	70902390	71102390	harbor1	chr17	70919340	70919535	LTR/ERVL-MaLR	1052	+	98	70919438	17048
chr17	70902390	71102390	harbor1	chr17	70955993	70956345	LTR/ERVL-MaLR	2154	+	176	70956169	53779
chr17	70902390	71102390	harbor1	chr17	70963577	70964001	LTR/ERVL-MaLR	1938	+	212	70963789	61399
chr17	70902390	71102390	harbor1	chr17	70992695	70993065	LTR/ERVL-MaLR	2771	+	185	70992880	90490
chr17	70902390	71102390	harbor1	chr17	70996807	70997274	LTR/ERVL-MaLR	744	+	234	70997041	94651
chr17	63352799	63552799	harbor1	chr17	63376332	63376501	LTR/ERVL-MaLR	721	+	84	63376416	23617
chr17	81381102	81581102	harbor1	chr17	81476634	81477071	LTR/ERVL-MaLR	1397	+	218	81476852	95750
chr17	7106342	7306342	harbor1	chr17	7117424	7117898	LTR/ERVL-MaLR	1123	+	237	7117661	11319
chr17	7106342	7306342	harbor1	chr17	7167777	7168077	LTR/ERVL-MaLR	771	+	150	7167927	61585
chr17	55569191	55769191	harbor1	chr17	55627997	55628369	LTR/ERVL-MaLR	2274	+	186	55628183	58992
chr17	55569191	55769191	harbor1	chr17	55629055	55630045	LTR/ERVL-MaLR	2424	+	495	55629550	60359
chr17	55569191	55769191	harbor1	chr17	55630056	55630308	LTR/ERVL-MaLR	635	+	126	55630182	60991
chr17	55569191	55769191	harbor1	chr17	55630430	55630577	LTR/ERVL-MaLR	635	+	74	55630504	61313
chr17	55569191	55769191	harbor1	chr17	55632215	55632391	LTR/ERVL-MaLR	693	+	88	55632303	63112
chr17	55569191	55769191	harbor1	chr17	55636859	55637187	LTR/ERVL-MaLR	1167	+	164	55637023	67832
chr17	55569191	55769191	harbor1	chr17	55650188	55650567	LTR/ERVL-MaLR	1988	+	190	55650378	81187
chr17	12267707	12467707	harbor1	chr17	12270107	12270636	LTR/ERVL-MaLR	1612	+	264	12270371	2664
chr17	12267707	12467707	harbor1	chr17	12290794	12291157	LTR/ERVL-MaLR	1450	+	182	12290976	23269
chr17	12267707	12467707	harbor1	chr17	12346211	12346406	LTR/ERVL-MaLR	545	+	98	12346309	78602
chr17	5177369	5377369	harbor1	chr17	5202311	5202708	LTR/ERVL-MaLR	7761	+	198	5202509	25140
chr17	5177369	5377369	harbor1	chr17	5203046	5204204	LTR/ERVL-MaLR	7761	+	579	5203625	26256
chr17	5177369	5377369	harbor1	chr17	5204205	5204356	LTR/ERVL-MaLR	1924	+	76	5204281	26912
chr17	5177369	5377369	harbor1	chr17	5204980	5205186	LTR/ERVL-MaLR	1924	+	103	5205083	27714
chr17	5177369	5377369	harbor1	chr17	5205681	5205814	LTR/ERVL-MaLR	520	+	66	5205747	28378
chr17	5177369	5377369	harbor1	chr17	5213888	5214264	LTR/ERVL-MaLR	1143	+	188	5214076	36707
chr17	5177369	5377369	harbor1	chr17	5238749	5239029	LTR/ERVL-MaLR	1065	+	140	5238889	61520
chr17	5177369	5377369	harbor1	chr17	5241788	5242155	LTR/ERVL-MaLR	714	+	184	5241972	64603
chr17	5177369	5377369	harbor1	chr17	5242424	5242601	LTR/ERVL-MaLR	551	+	88	5242512	65143
chr17	15603045	15803045	harbor1	chr17	15617471	15617896	LTR/ERVL-MaLR	2094	+	212	15617683	14638
chr17	15603045	15803045	harbor1	chr17	15652962	15653378	LTR/ERVL-MaLR	2170	+	208	15653170	50125
chr17	15603045	15803045	harbor1	chr17	15678352	15678724	LTR/ERVL-MaLR	1020	+	186	15678538	75493
chr17	15603045	15803045	harbor1	chr17	15678751	15678878	LTR/ERVL-MaLR	1947	+	64	15678815	75770
chr17	15603045	15803045	harbor1	chr17	15679964	15680007	LTR/ERVL-MaLR	1947	+	22	15679986	76941
chr17	15603045	15803045	harbor1	chr17	15679179	15679655	LTR/ERVL-MaLR	1947	+	238	15679417	76372
chr17	66116854	66316854	harbor1	chr17	66143099	66144082	LTR/ERVL-MaLR	1898	+	492	66143591	26737
chr17	66116854	66316854	harbor1	chr17	66151395	66151965	LTR/ERVL-MaLR	2202	+	285	66151680	34826
chr17	66116854	66316854	harbor1	chr17	66152167	66152731	LTR/ERVL-MaLR	1949	+	282	66152449	35595
chr17	66116854	66316854	harbor1	chr17	66152735	66152871	LTR/ERVL-MaLR	631	+	68	66152803	35949
chr17	66116854	66316854	harbor1	chr17	66154813	66155103	LTR/ERVL-MaLR	1202	+	145	66154958	38104
chr17	66116854	66316854	harbor1	chr17	66161939	66162024	LTR/ERVL-MaLR	508	+	42	66161981	45127
chr17	66116854	66316854	harbor1	chr17	66208724	66208896	LTR/ERVL-MaLR	523	+	86	66208810	91956
chr17	55405051	55605051	harbor1	chr17	55449911	55450384	LTR/ERVL-MaLR	1149	+	236	55450147	45096
chr17	54331164	54531164	harbor1	chr17	54336075	54336433	LTR/ERVL-MaLR	2202	+	179	54336254	5090
chr17	54331164	54531164	harbor1	chr17	54342287	54342628	LTR/ERVL-MaLR	1834	+	170	54342457	11293
chr17	54331164	54531164	harbor1	chr17	54366062	54366414	LTR/ERVL-MaLR	1690	+	176	54366238	35074
chr17	54331164	54531164	harbor1	chr17	54398187	54398455	LTR/ERVL-MaLR	775	+	134	54398321	67157
chr17	54331164	54531164	harbor1	chr17	54398456	54398594	LTR/ERVL-MaLR	871	+	69	54398525	67361
chr17	54331164	54531164	harbor1	chr17	54398593	54398826	LTR/ERVL-MaLR	1458	+	116	54398709	67545
chr17	54331164	54531164	harbor1	chr17	54405559	54405949	LTR/ERVL-MaLR	595	+	195	54405754	74590
chr17	47067017	47267017	harbor1	chr17	47075738	47076127	LTR/ERVL-MaLR	1497	+	194	47075932	8915
chr17	47067017	47267017	harbor1	chr17	47101838	47101999	LTR/ERVL-MaLR	1053	+	80	47101918	34901
chr17	47067017	47267017	harbor1	chr17	47103109	47103238	LTR/ERVL-MaLR	1053	+	64	47103173	36156
chr17	47067017	47267017	harbor1	chr17	47150255	47150685	LTR/ERVL-MaLR	1588	+	215	47150470	83453
chr17	50966884	51166884	harbor1	chr17	50994072	50994426	LTR/ERVL-MaLR	2602	+	177	50994249	27365
chr17	50966884	51166884	harbor1	chr17	51018936	51019275	LTR/ERVL-MaLR	1975	+	170	51019106	52222
chr17	50966884	51166884	harbor1	chr17	51019876	51019931	LTR/ERVL-MaLR	1975	+	28	51019904	53020
chr17	50966884	51166884	harbor1	chr17	51060116	51060222	LTR/ERVL-MaLR	1774	+	53	51060169	93285
chr17	50966884	51166884	harbor1	chr17	51060528	51060812	LTR/ERVL-MaLR	1774	+	142	51060670	93786
chr17	50966884	51166884	harbor1	chr17	51065639	51065877	LTR/ERVL-MaLR	735	+	119	51065758	98874
chr17	79927268	80127268	harbor1	chr17	79955866	79956245	LTR/ERVL-MaLR	600	+	190	79956056	28788
chr17	79927268	80127268	harbor1	chr17	79956554	79956618	LTR/ERVL-MaLR	600	+	32	79956586	29318
chr17	79927268	80127268	harbor1	chr17	80000208	80000627	LTR/ERVL-MaLR	1396	+	210	80000418	73150
chr17	79927268	80127268	harbor1	chr17	80019895	80020271	LTR/ERVL-MaLR	1312	+	188	80020083	92815
chr17	56047537	56247537	harbor1	chr17	56085209	56085614	LTR/ERVL-MaLR	1223	+	202	56085411	37874
chr17	56047537	56247537	harbor1	chr17	56093834	56094283	LTR/ERVL-MaLR	2266	+	224	56094058	46521
chr17	56047537	56247537	harbor1	chr17	56097903	56098322	LTR/ERVL-MaLR	1521	+	210	56098113	50576
chr17	56047537	56247537	harbor1	chr17	56100916	56101265	LTR/ERVL-MaLR	1248	+	174	56101090	53553
chr17	56047537	56247537	harbor1	chr17	56114617	56115134	LTR/ERVL-MaLR	2183	+	258	56114875	67338
chr17	56047537	56247537	harbor1	chr17	56116386	56116782	LTR/ERVL-MaLR	2546	+	198	56116584	69047
chr17	56047537	56247537	harbor1	chr17	56143553	56144019	LTR/ERVL-MaLR	1872	+	233	56143786	96249
chr17	12639588	12839588	harbor1	chr17	12661562	12661813	LTR/ERVL-MaLR	1241	+	126	12661688	22100
chr17	12639588	12839588	harbor1	chr17	12662118	12662388	LTR/ERVL-MaLR	1241	+	135	12662253	22665
chr17	12639588	12839588	harbor1	chr17	12663970	12664451	LTR/ERVL-MaLR	1772	+	240	12664210	24622
chr17	27311050	27511050	harbor1	chr17	27318627	27318930	LTR/ERVL-MaLR	1632	+	152	27318779	7729
chr17	27311050	27511050	harbor1	chr17	27351381	27351599	LTR/ERVL-MaLR	782	+	109	27351490	40440
chr17	27311050	27511050	harbor1	chr17	27360651	27360763	LTR/ERVL-MaLR	500	+	56	27360707	49657
chr17	27311050	27511050	harbor1	chr17	27364997	27365542	LTR/ERVL-MaLR	1519	+	272	27365269	54219
chr17	27311050	27511050	harbor1	chr17	27372901	27373258	LTR/ERVL-MaLR	2312	+	178	27373079	62029
chr17	27311050	27511050	harbor1	chr17	27373259	27374816	LTR/ERVL-MaLR	11800	+	778	27374037	62987
chr17	27311050	27511050	harbor1	chr17	27374817	27375164	LTR/ERVL-MaLR	2045	+	174	27374991	63941
chr17	27311050	27511050	harbor1	chr17	27396346	27396693	LTR/ERVL-MaLR	1763	+	174	27396520	85470
chr17	27311050	27511050	harbor1	chr17	27400722	27400964	LTR/ERVL-MaLR	568	+	121	27400843	89793
chr17	11647981	11847981	harbor1	chr17	11714509	11715077	LTR/ERVL-MaLR	2046	+	284	11714793	66812
chr17	72984408	73184408	harbor1	chr17	72985777	72986203	LTR/ERVL-MaLR	1363	+	213	72985990	1582
chr17	72984408	73184408	harbor1	chr17	72986946	72987352	LTR/ERVL-MaLR	2169	+	203	72987149	2741
chr17	72984408	73184408	harbor1	chr17	72993859	72994014	LTR/ERVL-MaLR	1114	+	78	72993937	9529
chr17	72984408	73184408	harbor1	chr17	72996797	72997189	LTR/ERVL-MaLR	757	+	196	72996993	12585
chr17	72984408	73184408	harbor1	chr17	73000487	73000684	LTR/ERVL-MaLR	677	+	98	73000585	16177
chr17	72984408	73184408	harbor1	chr17	73020169	73020500	LTR/ERVL-MaLR	1297	+	166	73020335	35927
chr17	72984408	73184408	harbor1	chr17	73023242	73023335	LTR/ERVL-MaLR	551	+	46	73023288	38880
chr17	72984408	73184408	harbor1	chr17	73023791	73024086	LTR/ERVL-MaLR	1515	+	148	73023939	39531
chr17	72984408	73184408	harbor1	chr17	73035471	73035646	LTR/ERVL-MaLR	2139	+	88	73035559	51151
chr17	72984408	73184408	harbor1	chr17	73035891	73036215	LTR/ERVL-MaLR	2139	+	162	73036053	51645
chr17	72984408	73184408	harbor1	chr17	73066141	73066419	LTR/ERVL-MaLR	842	+	139	73066280	81872
chr17	72984408	73184408	harbor1	chr17	73066698	73066923	LTR/ERVL-MaLR	826	+	112	73066810	82402
chr17	72984408	73184408	harbor1	chr17	73067120	73067323	LTR/ERVL-MaLR	533	+	102	73067222	82814
chr17	72984408	73184408	harbor1	chr17	73070608	73070958	LTR/ERVL-MaLR	2353	+	175	73070783	86375
chr17	71541085	71741085	harbor1	chr17	71571236	71571623	LTR/ERVL-MaLR	2312	+	194	71571430	30345
chr17	71541085	71741085	harbor1	chr17	71577151	71577331	LTR/ERVL-MaLR	831	+	90	71577241	36156
chr17	71541085	71741085	harbor1	chr17	71617579	71617951	LTR/ERVL-MaLR	1971	+	186	71617765	76680
chr17	71541085	71741085	harbor1	chr17	71617952	71618794	LTR/ERVL-MaLR	11398	+	421	71618373	77288
chr17	71541085	71741085	harbor1	chr17	71619049	71619802	LTR/ERVL-MaLR	11398	+	376	71619425	78340
chr17	71541085	71741085	harbor1	chr17	71619805	71620157	LTR/ERVL-MaLR	1903	+	176	71619981	78896
chr17	71541085	71741085	harbor1	chr17	71623766	71623871	LTR/ERVL-MaLR	1945	+	52	71623818	82733
chr17	71541085	71741085	harbor1	chr17	71624165	71624519	LTR/ERVL-MaLR	1945	+	177	71624342	83257
chr17	71541085	71741085	harbor1	chr17	71625819	71626184	LTR/ERVL-MaLR	1424	+	182	71626001	84916
chr17	71541085	71741085	harbor1	chr17	71626482	71626835	LTR/ERVL-MaLR	1620	+	176	71626658	85573
chr17	71541085	71741085	harbor1	chr17	71628422	71628656	LTR/ERVL-MaLR	859	+	117	71628539	87454
chr17	71541085	71741085	harbor1	chr17	71639862	71640214	LTR/ERVL-MaLR	1112	+	176	71640038	98953
chr17	15502708	15702708	harbor1	chr17	15515798	15516200	LTR/ERVL-MaLR	2302	+	201	15515999	13291
chr17	15502708	15702708	harbor1	chr17	15518825	15519183	LTR/ERVL-MaLR	1847	+	179	15519004	16296
chr17	15502708	15702708	harbor1	chr17	15535122	15535497	LTR/ERVL-MaLR	1566	+	188	15535310	32602
chr17	15502708	15702708	harbor1	chr17	15545037	15545534	LTR/ERVL-MaLR	797	+	248	15545285	42577
chr17	15502708	15702708	harbor1	chr17	15558377	15558839	LTR/ERVL-MaLR	1434	+	231	15558608	55900
chr17	62933694	63133694	harbor1	chr17	62948045	62948408	LTR/ERVL-MaLR	2136	+	182	62948227	14533
chr17	62933694	63133694	harbor1	chr17	62999011	62999417	LTR/ERVL-MaLR	1931	+	203	62999214	65520
chr17	62933694	63133694	harbor1	chr17	63021268	63021652	LTR/ERVL-MaLR	1306	+	192	63021460	87766
chr17	62933694	63133694	harbor1	chr17	63021653	63022058	LTR/ERVL-MaLR	4242	+	202	63021855	88161
chr17	62933694	63133694	harbor1	chr17	63022358	63023380	LTR/ERVL-MaLR	4242	+	511	63022869	89175
chr17	62933694	63133694	harbor1	chr17	63023506	63023692	LTR/ERVL-MaLR	4242	+	93	63023599	89905
chr17	62933694	63133694	harbor1	chr17	62946975	62947423	LTR/ERVL-MaLR	1209	+	224	62947199	13505
chr17	68656542	68856542	harbor1	chr17	68665469	68665649	LTR/ERVL-MaLR	2172	+	90	68665559	9017
chr17	68656542	68856542	harbor1	chr17	68665984	68666223	LTR/ERVL-MaLR	2172	+	120	68666104	9562
chr17	68656542	68856542	harbor1	chr17	68691244	68691330	LTR/ERVL-MaLR	551	+	43	68691287	34745
chr17	68656542	68856542	harbor1	chr17	68691369	68691541	LTR/ERVL-MaLR	551	+	86	68691455	34913
chr17	68656542	68856542	harbor1	chr17	68700943	68701203	LTR/ERVL-MaLR	1486	+	130	68701073	44531
chr17	68656542	68856542	harbor1	chr17	68701280	68701414	LTR/ERVL-MaLR	788	+	67	68701347	44805
chr17	68656542	68856542	harbor1	chr17	68703036	68703299	LTR/ERVL-MaLR	492	+	132	68703168	46626
chr17	68656542	68856542	harbor1	chr17	68754784	68755265	LTR/ERVL-MaLR	1798	+	240	68755024	98482
chr17	42975210	43175210	harbor1	chr17	43043630	43044119	LTR/ERVL-MaLR	1440	+	244	43043874	68664
chr17	31677766	31877766	harbor1	chr17	31706467	31706820	LTR/ERVL-MaLR	1946	+	176	31706643	28877
chr17	31677766	31877766	harbor1	chr17	31715095	31715262	LTR/ERVL-MaLR	1537	+	84	31715179	37413
chr17	31677766	31877766	harbor1	chr17	31715567	31715810	LTR/ERVL-MaLR	1537	+	122	31715689	37923
chr17	31677766	31877766	harbor1	chr17	31745445	31745928	LTR/ERVL-MaLR	1155	+	242	31745687	67921
chr17	31677766	31877766	harbor1	chr17	31756766	31757122	LTR/ERVL-MaLR	2369	+	178	31756944	79178
chr17	49787107	49987107	harbor1	chr17	49833561	49833865	LTR/ERVL-MaLR	735	+	152	49833713	46606
chr17	70890380	71090380	harbor1	chr17	70895468	70895594	LTR/ERVL-MaLR	500	+	63	70895531	5151
chr17	70890380	71090380	harbor1	chr17	70895639	70896058	LTR/ERVL-MaLR	814	+	210	70895849	5469
chr17	70890380	71090380	harbor1	chr17	70900489	70900957	LTR/ERVL-MaLR	735	+	234	70900723	10343
chr17	70890380	71090380	harbor1	chr17	70900958	70901259	LTR/ERVL-MaLR	1131	+	150	70901108	10728
chr17	70890380	71090380	harbor1	chr17	70901346	70901930	LTR/ERVL-MaLR	1167	+	292	70901638	11258
chr17	70890380	71090380	harbor1	chr17	70901937	70902087	LTR/ERVL-MaLR	535	+	75	70902012	11632
chr17	70890380	71090380	harbor1	chr17	70902159	70902582	LTR/ERVL-MaLR	687	+	212	70902371	11991
chr17	70890380	71090380	harbor1	chr17	70915975	70916394	LTR/ERVL-MaLR	2440	+	210	70916185	25805
chr17	70890380	71090380	harbor1	chr17	70916395	70918031	LTR/ERVL-MaLR	8996	+	818	70917213	26833
chr17	70890380	71090380	harbor1	chr17	70918032	70918451	LTR/ERVL-MaLR	2458	+	210	70918242	27862
chr17	70890380	71090380	harbor1	chr17	70919340	70919535	LTR/ERVL-MaLR	1052	+	98	70919438	29058
chr17	70890380	71090380	harbor1	chr17	70955993	70956345	LTR/ERVL-MaLR	2154	+	176	70956169	65789
chr17	70890380	71090380	harbor1	chr17	70963577	70964001	LTR/ERVL-MaLR	1938	+	212	70963789	73409
chr17	58148256	58348256	harbor1	chr17	58159238	58159634	LTR/ERVL-MaLR	2235	+	198	58159436	11180
chr17	58148256	58348256	harbor1	chr17	58162039	58162397	LTR/ERVL-MaLR	2117	+	179	58162218	13962
chr17	58148256	58348256	harbor1	chr17	58162604	58162878	LTR/ERVL-MaLR	1115	+	137	58162741	14485
chr17	58148256	58348256	harbor1	chr17	58173863	58174295	LTR/ERVL-MaLR	2977	+	216	58174079	25823
chr17	58148256	58348256	harbor1	chr17	58226773	58227090	LTR/ERVL-MaLR	1479	+	158	58226931	78675
chr17	9276099	9476099	harbor1	chr17	9294696	9295103	LTR/ERVL-MaLR	1698	+	204	9294900	18801
chr17	51078474	51278474	harbor1	chr17	51083003	51083222	LTR/ERVL-MaLR	535	+	110	51083113	4639
chr17	51078474	51278474	harbor1	chr17	51134967	51135147	LTR/ERVL-MaLR	1503	+	90	51135057	56583
chr17	51078474	51278474	harbor1	chr17	51135442	51135452	LTR/ERVL-MaLR	1503	+	5	51135447	56973
chr17	51078474	51278474	harbor1	chr17	51135750	51135855	LTR/ERVL-MaLR	1503	+	52	51135802	57328
chr17	45716242	45916242	harbor1	chr17	45726657	45727042	LTR/ERVL-MaLR	1979	+	192	45726849	10607
chr17	45716242	45916242	harbor1	chr17	45729620	45729782	LTR/ERVL-MaLR	660	+	81	45729701	13459
chr17	45716242	45916242	harbor1	chr17	45730216	45730432	LTR/ERVL-MaLR	587	+	108	45730324	14082
chr17	45716242	45916242	harbor1	chr17	45734962	45735339	LTR/ERVL-MaLR	2346	+	188	45735150	18908
chr17	45716242	45916242	harbor1	chr17	45737879	45738288	LTR/ERVL-MaLR	2181	+	204	45738083	21841
chr17	45716242	45916242	harbor1	chr17	45752533	45753012	LTR/ERVL-MaLR	858	+	240	45752773	36531
chr17	45716242	45916242	harbor1	chr17	45759845	45759984	LTR/ERVL-MaLR	654	+	70	45759915	43673
chr17	45716242	45916242	harbor1	chr17	45727418	45727852	LTR/ERVL-MaLR	737	+	217	45727635	11393
chr17	19770894	19970894	harbor1	chr17	19792362	19792589	LTR/ERVL-MaLR	972	+	114	19792476	21582
chr17	19770894	19970894	harbor1	chr17	19795484	19795575	LTR/ERVL-MaLR	533	+	46	19795530	24636
chr17	78419396	78619396	harbor1	chr17	78448611	78448963	LTR/ERVL-MaLR	1862	+	176	78448787	29391
chr17	78419396	78619396	harbor1	chr17	78488662	78489048	LTR/ERVL-MaLR	1486	+	193	78488855	69459
chr17	78419396	78619396	harbor1	chr17	78510737	78511117	LTR/ERVL-MaLR	1193	+	190	78510927	91531
chr17	78419396	78619396	harbor1	chr17	78511404	78511475	LTR/ERVL-MaLR	1193	+	36	78511440	92044
chr17	82663454	82863454	harbor1	chr17	82672476	82672813	LTR/ERVL-MaLR	954	+	168	82672644	9190
chr17	82663454	82863454	harbor1	chr17	82685720	82685792	LTR/ERVL-MaLR	1259	+	36	82685756	22302
chr17	82663454	82863454	harbor1	chr17	82686412	82686733	LTR/ERVL-MaLR	1259	+	160	82686572	23118
chr17	82663454	82863454	harbor1	chr17	82734170	82734461	LTR/ERVL-MaLR	749	+	146	82734316	70862
chr17	22327966	22527966	harbor1	chr17	22372887	22373271	LTR/ERVL-MaLR	1652	+	192	22373079	45113
chr17	11782943	11982943	harbor1	chr17	11787649	11787999	LTR/ERVL-MaLR	2429	+	175	11787824	4881
chr17	11782943	11982943	harbor1	chr17	11840538	11840993	LTR/ERVL-MaLR	1996	+	228	11840766	57823
chr17	11782943	11982943	harbor1	chr17	11857643	11858040	LTR/ERVL-MaLR	2226	+	198	11857841	74898
chr17	22320892	22520892	harbor1	chr17	22372887	22373271	LTR/ERVL-MaLR	1652	+	192	22373079	52187
chr17	46789698	46989698	harbor1	chr17	46827200	46827658	LTR/ERVL-MaLR	1203	+	229	46827429	37731
chr17	68393500	68593500	harbor1	chr17	68449455	68449832	LTR/ERVL-MaLR	1912	+	188	68449643	56143
chr17	68393500	68593500	harbor1	chr17	68488324	68488445	LTR/ERVL-MaLR	493	+	60	68488384	94884
chr17	68393500	68593500	harbor1	chr17	68488756	68488902	LTR/ERVL-MaLR	493	+	73	68488829	95329
chr17	39577874	39777874	harbor1	chr17	39650067	39650449	LTR/ERVL-MaLR	1406	+	191	39650258	72384
chr17	4530503	4730503	harbor1	chr17	4565515	4565718	LTR/ERVL-MaLR	561	+	102	4565617	35114
chr17	4530503	4730503	harbor1	chr17	4621228	4621723	LTR/ERVL-MaLR	662	+	248	4621476	90973
chr17	81108867	81308867	harbor1	chr17	81140420	81140644	LTR/ERVL-MaLR	645	+	112	81140532	31665
chr17	52205190	52405190	harbor1	chr17	52212750	52213214	LTR/ERVL-MaLR	1961	+	232	52212982	7792
chr17	52205190	52405190	harbor1	chr17	52230495	52230858	LTR/ERVL-MaLR	1638	+	182	52230677	25487
chr17	52205190	52405190	harbor1	chr17	52245756	52246172	LTR/ERVL-MaLR	2408	+	208	52245964	40774
chr17	52205190	52405190	harbor1	chr17	52279379	52279793	LTR/ERVL-MaLR	1809	+	207	52279586	74396
chr17	52205190	52405190	harbor1	chr17	52289409	52289751	LTR/ERVL-MaLR	543	+	171	52289580	84390
chr17	52205190	52405190	harbor1	chr17	52297672	52298014	LTR/ERVL-MaLR	2043	+	171	52297843	92653
chr17	22106778	22306778	harbor1	chr17	22181331	22181674	LTR/ERVL-MaLR	1927	+	172	22181503	74725
chr17	22106778	22306778	harbor1	chr17	22181684	22183264	LTR/ERVL-MaLR	11498	+	790	22182474	75696
chr17	22106778	22306778	harbor1	chr17	22183266	22183449	LTR/ERVL-MaLR	1227	+	92	22183358	76580
chr17	32501399	32701399	harbor1	chr17	32507637	32507892	LTR/ERVL-MaLR	1161	+	128	32507765	6366
chr17	32501399	32701399	harbor1	chr17	32508194	32508282	LTR/ERVL-MaLR	1161	+	44	32508238	6839
chr17	32501399	32701399	harbor1	chr17	32508576	32508618	LTR/ERVL-MaLR	1161	+	21	32508597	7198
chr17	32501399	32701399	harbor1	chr17	32528507	32528996	LTR/ERVL-MaLR	1676	+	244	32528751	27352
chr17	32501399	32701399	harbor1	chr17	32530998	32531351	LTR/ERVL-MaLR	537	+	176	32531174	29775
chr17	33996929	34196929	harbor1	chr17	34020477	34020937	LTR/ERVL-MaLR	1866	+	230	34020707	23778
chr17	33996929	34196929	harbor1	chr17	34022809	34023176	LTR/ERVL-MaLR	2202	+	184	34022993	26064
chr17	33996929	34196929	harbor1	chr17	34023462	34023836	LTR/ERVL-MaLR	1965	+	187	34023649	26720
chr17	33996929	34196929	harbor1	chr17	34047541	34047785	LTR/ERVL-MaLR	1040	+	122	34047663	50734
chr17	33996929	34196929	harbor1	chr17	34029499	34029872	LTR/ERVL-MaLR	1702	+	186	34029685	32756
chr17	33996929	34196929	harbor1	chr17	34045835	34046307	LTR/ERVL-MaLR	849	+	236	34046071	49142
chr17	9965586	10165586	harbor1	chr17	10012675	10012820	LTR/ERVL-MaLR	1597	+	72	10012747	47161
chr17	9965586	10165586	harbor1	chr17	10013131	10013342	LTR/ERVL-MaLR	1597	+	106	10013237	47651
chr17	9965586	10165586	harbor1	chr17	10027424	10027751	LTR/ERVL-MaLR	1651	+	164	10027588	62002
chr17	9965586	10165586	harbor1	chr17	10028380	10028440	LTR/ERVL-MaLR	1651	+	30	10028410	62824
chr17	9965586	10165586	harbor1	chr17	10064351	10064840	LTR/ERVL-MaLR	884	+	244	10064595	99009
chr17	9965586	10165586	harbor1	chr17	10065109	10065154	LTR/ERVL-MaLR	884	+	22	10065131	99545
chr17	13074191	13274191	harbor1	chr17	13092688	13093031	LTR/ERVL-MaLR	1634	+	172	13092860	18669
chr17	13074191	13274191	harbor1	chr17	13101147	13101563	LTR/ERVL-MaLR	2479	+	208	13101355	27164
chr17	13074191	13274191	harbor1	chr17	13131314	13131714	LTR/ERVL-MaLR	708	+	200	13131514	57323
chr17	13074191	13274191	harbor1	chr17	13137825	13138200	LTR/ERVL-MaLR	2606	+	188	13138013	63822
chr17	13074191	13274191	harbor1	chr17	13138201	13139700	LTR/ERVL-MaLR	9507	+	750	13138951	64760
chr17	13074191	13274191	harbor1	chr17	13145603	13145972	LTR/ERVL-MaLR	1728	+	184	13145787	71596
chr17	13074191	13274191	harbor1	chr17	13163928	13164451	LTR/ERVL-MaLR	2107	+	262	13164190	89999
chr17	13074191	13274191	harbor1	chr17	13139701	13140073	LTR/ERVL-MaLR	2642	+	186	13139887	65696
chr17	29811746	30011746	harbor1	chr17	29824871	29825178	LTR/ERVL-MaLR	786	+	154	29825025	13279
chr17	29811746	30011746	harbor1	chr17	29858380	29858596	LTR/ERVL-MaLR	1866	+	108	29858488	46742
chr17	29811746	30011746	harbor1	chr17	29858902	29859124	LTR/ERVL-MaLR	1866	+	111	29859013	47267
chr17	29811746	30011746	harbor1	chr17	29863412	29863700	LTR/ERVL-MaLR	677	+	144	29863556	51810
chr17	29811746	30011746	harbor1	chr17	29874373	29874746	LTR/ERVL-MaLR	2305	+	186	29874559	62813
chr17	29811746	30011746	harbor1	chr17	29885632	29885992	LTR/ERVL-MaLR	2908	+	180	29885812	74066
chr17	29811746	30011746	harbor1	chr17	29885997	29886464	LTR/ERVL-MaLR	3188	+	234	29886231	74485
chr17	29811746	30011746	harbor1	chr17	29886766	29886880	LTR/ERVL-MaLR	3188	+	57	29886823	75077
chr17	29811746	30011746	harbor1	chr17	29893315	29893681	LTR/ERVL-MaLR	1593	+	183	29893498	81752
chr17	69182244	69382244	harbor1	chr17	69229948	69230334	LTR/ERVL-MaLR	1449	+	193	69230141	47897
chr17	69182244	69382244	harbor1	chr17	69237653	69237880	LTR/ERVL-MaLR	1756	+	114	69237767	55523
chr17	69182244	69382244	harbor1	chr17	69238177	69238370	LTR/ERVL-MaLR	1756	+	96	69238273	56029
chr17	69182244	69382244	harbor1	chr17	69275706	69276067	LTR/ERVL-MaLR	1274	+	180	69275886	93642
chr17	58301854	58501854	harbor1	chr17	58314274	58314722	LTR/ERVL-MaLR	1614	+	224	58314498	12644
chr17	9056494	9256494	harbor1	chr17	9083467	9083853	LTR/ERVL-MaLR	629	+	193	9083660	27166
chr17	9056494	9256494	harbor1	chr17	9103316	9103680	LTR/ERVL-MaLR	2734	+	182	9103498	47004
chr17	16729059	16929059	harbor1	chr17	16778369	16778735	LTR/ERVL-MaLR	2157	+	183	16778552	49493
chr17	79909137	80109137	harbor1	chr17	79955866	79956245	LTR/ERVL-MaLR	600	+	190	79956056	46919
chr17	79909137	80109137	harbor1	chr17	79956554	79956618	LTR/ERVL-MaLR	600	+	32	79956586	47449
chr17	79909137	80109137	harbor1	chr17	80000208	80000627	LTR/ERVL-MaLR	1396	+	210	80000418	91281
chr17	31177298	31377298	harbor1	chr17	31276733	31276840	LTR/ERVL-MaLR	634	+	54	31276787	99489
chr17	37943282	38143282	harbor1	chr17	37962001	37962474	LTR/ERVL-MaLR	2864	+	236	37962237	18955
chr17	37943282	38143282	harbor1	chr17	38002253	38002410	LTR/ERVL-MaLR	1019	+	78	38002331	59049
chr17	37943282	38143282	harbor1	chr17	38041525	38041998	LTR/ERVL-MaLR	2855	+	236	38041761	98479
chr17	56651249	56851249	harbor1	chr17	56652713	56653130	LTR/ERVL-MaLR	758	+	208	56652921	1672
chr17	56651249	56851249	harbor1	chr17	56658664	56659006	LTR/ERVL-MaLR	588	+	171	56658835	7586
chr17	56651249	56851249	harbor1	chr17	56685755	56686253	LTR/ERVL-MaLR	1798	+	249	56686004	34755
chr17	56651249	56851249	harbor1	chr17	56686256	56686740	LTR/ERVL-MaLR	5446	+	242	56686498	35249
chr17	56651249	56851249	harbor1	chr17	56687051	56688028	LTR/ERVL-MaLR	5446	+	488	56687539	36290
chr17	56651249	56851249	harbor1	chr17	56691451	56691760	LTR/ERVL-MaLR	501	+	154	56691605	40356
chr17	56651249	56851249	harbor1	chr17	56708759	56709188	LTR/ERVL-MaLR	1215	+	214	56708973	57724
chr17	56651249	56851249	harbor1	chr17	56712065	56712367	LTR/ERVL-MaLR	1249	+	151	56712216	60967
chr17	56651249	56851249	harbor1	chr17	56712368	56712716	LTR/ERVL-MaLR	1561	+	174	56712542	61293
chr17	56651249	56851249	harbor1	chr17	56712717	56712862	LTR/ERVL-MaLR	1249	+	72	56712789	61540
chr17	56651249	56851249	harbor1	chr17	56714796	56715197	LTR/ERVL-MaLR	2165	+	200	56714996	63747
chr17	56651249	56851249	harbor1	chr17	56721632	56721903	LTR/ERVL-MaLR	817	+	136	56721768	70519
chr17	56651249	56851249	harbor1	chr17	56731129	56731493	LTR/ERVL-MaLR	2845	+	182	56731311	80062
chr17	56651249	56851249	harbor1	chr17	56742073	56742262	LTR/ERVL-MaLR	1709	+	94	56742167	90918
chr17	56651249	56851249	harbor1	chr17	56742619	56742857	LTR/ERVL-MaLR	1709	+	119	56742738	91489
chr17	56651249	56851249	harbor1	chr17	56745761	56745940	LTR/ERVL-MaLR	2179	+	90	56745851	94602
chr17	56651249	56851249	harbor1	chr17	56746224	56746238	LTR/ERVL-MaLR	2179	+	7	56746231	94982
chr17	56651249	56851249	harbor1	chr17	56746506	56746689	LTR/ERVL-MaLR	2179	+	92	56746598	95349
chr17	27380691	27580691	harbor1	chr17	27396346	27396693	LTR/ERVL-MaLR	1763	+	174	27396520	15829
chr17	27380691	27580691	harbor1	chr17	27400722	27400964	LTR/ERVL-MaLR	568	+	121	27400843	20152
chr17	27380691	27580691	harbor1	chr17	27415705	27416049	LTR/ERVL-MaLR	1878	+	172	27415877	35186
chr17	22167281	22367281	harbor1	chr17	22181331	22181674	LTR/ERVL-MaLR	1927	+	172	22181503	14222
chr17	22167281	22367281	harbor1	chr17	22181684	22183264	LTR/ERVL-MaLR	11498	+	790	22182474	15193
chr17	22167281	22367281	harbor1	chr17	22183266	22183449	LTR/ERVL-MaLR	1227	+	92	22183358	16077
chr17	19786486	19986486	harbor1	chr17	19792362	19792589	LTR/ERVL-MaLR	972	+	114	19792476	5990
chr17	19786486	19986486	harbor1	chr17	19795484	19795575	LTR/ERVL-MaLR	533	+	46	19795530	9044
chr17	66139623	66339623	harbor1	chr17	66143099	66144082	LTR/ERVL-MaLR	1898	+	492	66143591	3968
chr17	66139623	66339623	harbor1	chr17	66151395	66151965	LTR/ERVL-MaLR	2202	+	285	66151680	12057
chr17	66139623	66339623	harbor1	chr17	66152167	66152731	LTR/ERVL-MaLR	1949	+	282	66152449	12826
chr17	66139623	66339623	harbor1	chr17	66152735	66152871	LTR/ERVL-MaLR	631	+	68	66152803	13180
chr17	66139623	66339623	harbor1	chr17	66154813	66155103	LTR/ERVL-MaLR	1202	+	145	66154958	15335
chr17	66139623	66339623	harbor1	chr17	66161939	66162024	LTR/ERVL-MaLR	508	+	42	66161981	22358
chr17	66139623	66339623	harbor1	chr17	66208724	66208896	LTR/ERVL-MaLR	523	+	86	66208810	69187
chr17	70909182	71109182	harbor1	chr17	70915975	70916394	LTR/ERVL-MaLR	2440	+	210	70916185	7003
chr17	70909182	71109182	harbor1	chr17	70916395	70918031	LTR/ERVL-MaLR	8996	+	818	70917213	8031
chr17	70909182	71109182	harbor1	chr17	70918032	70918451	LTR/ERVL-MaLR	2458	+	210	70918242	9060
chr17	70909182	71109182	harbor1	chr17	70919340	70919535	LTR/ERVL-MaLR	1052	+	98	70919438	10256
chr17	70909182	71109182	harbor1	chr17	70955993	70956345	LTR/ERVL-MaLR	2154	+	176	70956169	46987
chr17	70909182	71109182	harbor1	chr17	70963577	70964001	LTR/ERVL-MaLR	1938	+	212	70963789	54607
chr17	70909182	71109182	harbor1	chr17	70992695	70993065	LTR/ERVL-MaLR	2771	+	185	70992880	83698
chr17	70909182	71109182	harbor1	chr17	70996807	70997274	LTR/ERVL-MaLR	744	+	234	70997041	87859
chr17	70909182	71109182	harbor1	chr17	71006398	71006786	LTR/ERVL-MaLR	2236	+	194	71006592	97410
chr17	43941403	44141403	harbor1	chr17	43948896	43949067	LTR/ERVL-MaLR	1109	+	86	43948982	7579
chr17	43941403	44141403	harbor1	chr17	43949068	43949198	LTR/ERVL-MaLR	1513	+	65	43949133	7730
chr17	43941403	44141403	harbor1	chr17	43949494	43949768	LTR/ERVL-MaLR	1513	+	137	43949631	8228
chr17	43941403	44141403	harbor1	chr17	43949769	43950131	LTR/ERVL-MaLR	1109	+	181	43949950	8547
chr17	43941403	44141403	harbor1	chr17	43962029	43962262	LTR/ERVL-MaLR	888	+	116	43962145	20742
chr17	43941403	44141403	harbor1	chr17	43992917	43993009	LTR/ERVL-MaLR	525	+	46	43992963	51560
chr17	43941403	44141403	harbor1	chr17	43996026	43996470	LTR/ERVL-MaLR	703	+	222	43996248	54845
chr17	9897832	10097832	harbor1	chr17	9938058	9938224	LTR/ERVL-MaLR	1665	+	83	9938141	40309
chr17	9897832	10097832	harbor1	chr17	9938494	9938731	LTR/ERVL-MaLR	1665	+	118	9938612	40780
chr17	14493502	14693502	harbor1	chr17	14498675	14499084	LTR/ERVL-MaLR	830	+	204	14498879	5377
chr17	14493502	14693502	harbor1	chr17	14508726	14509070	LTR/ERVL-MaLR	1775	+	172	14508898	15396
chr17	3650975	3850975	harbor1	chr17	3694561	3694698	LTR/ERVL-MaLR	557	+	68	3694629	43654
chr17	3650975	3850975	harbor1	chr17	3700622	3700914	LTR/ERVL-MaLR	1522	+	146	3700768	49793
chr17	76309489	76509489	harbor1	chr17	76357629	76357984	LTR/ERVL-MaLR	1677	+	178	76357807	48318
chr17	76309489	76509489	harbor1	chr17	76369681	76370120	LTR/ERVL-MaLR	793	+	220	76369901	60412
chr17	76309489	76509489	harbor1	chr17	76377507	76377840	LTR/ERVL-MaLR	1517	+	166	76377673	68184
chr17	76309489	76509489	harbor1	chr17	76379384	76379591	LTR/ERVL-MaLR	902	+	104	76379488	69999
chr17	44521766	44721766	harbor1	chr17	44530156	44530231	LTR/ERVL-MaLR	856	+	38	44530194	8428
chr17	44521766	44721766	harbor1	chr17	44530384	44530527	LTR/ERVL-MaLR	856	+	72	44530456	8690
chr17	44521766	44721766	harbor1	chr17	44531241	44531464	LTR/ERVL-MaLR	856	+	112	44531353	9587
chr17	44521766	44721766	harbor1	chr17	44545559	44545936	LTR/ERVL-MaLR	1527	+	188	44545747	23981
chr17	68119573	68319573	harbor1	chr17	68190520	68190753	LTR/ERVL-MaLR	1355	+	116	68190636	71063
chr17	69142312	69342312	harbor1	chr17	69168636	69168987	LTR/ERVL-MaLR	1984	+	176	69168812	26500
chr17	69142312	69342312	harbor1	chr17	69172238	69172622	LTR/ERVL-MaLR	2241	+	192	69172430	30118
chr17	69142312	69342312	harbor1	chr17	69229948	69230334	LTR/ERVL-MaLR	1449	+	193	69230141	87829
chr17	69142312	69342312	harbor1	chr17	69237653	69237880	LTR/ERVL-MaLR	1756	+	114	69237767	95455
chr17	69142312	69342312	harbor1	chr17	69238177	69238370	LTR/ERVL-MaLR	1756	+	96	69238273	95961
chr17	27130008	27330008	harbor1	chr17	27143247	27143589	LTR/ERVL-MaLR	2000	+	171	27143418	13410
chr17	27130008	27330008	harbor1	chr17	27144005	27144399	LTR/ERVL-MaLR	938	+	197	27144202	14194
chr17	27130008	27330008	harbor1	chr17	27204491	27204685	LTR/ERVL-MaLR	513	+	97	27204588	74580
chr17	27130008	27330008	harbor1	chr17	27214846	27215209	LTR/ERVL-MaLR	1045	+	182	27215028	85020
chr17	29820474	30020474	harbor1	chr17	29824871	29825178	LTR/ERVL-MaLR	786	+	154	29825025	4551
chr17	29820474	30020474	harbor1	chr17	29858380	29858596	LTR/ERVL-MaLR	1866	+	108	29858488	38014
chr17	29820474	30020474	harbor1	chr17	29858902	29859124	LTR/ERVL-MaLR	1866	+	111	29859013	38539
chr17	29820474	30020474	harbor1	chr17	29863412	29863700	LTR/ERVL-MaLR	677	+	144	29863556	43082
chr17	29820474	30020474	harbor1	chr17	29874373	29874746	LTR/ERVL-MaLR	2305	+	186	29874559	54085
chr17	29820474	30020474	harbor1	chr17	29885632	29885992	LTR/ERVL-MaLR	2908	+	180	29885812	65338
chr17	29820474	30020474	harbor1	chr17	29885997	29886464	LTR/ERVL-MaLR	3188	+	234	29886231	65757
chr17	29820474	30020474	harbor1	chr17	29886766	29886880	LTR/ERVL-MaLR	3188	+	57	29886823	66349
chr17	29820474	30020474	harbor1	chr17	29893315	29893681	LTR/ERVL-MaLR	1593	+	183	29893498	73024
chr17	16215482	16415482	harbor1	chr17	16239966	16240380	LTR/ERVL-MaLR	2499	+	207	16240173	24691
chr17	45583272	45783272	harbor1	chr17	45588337	45588632	LTR/ERVL-MaLR	1262	+	148	45588485	5213
chr17	45583272	45783272	harbor1	chr17	45653174	45653187	LTR/ERVL-MaLR	613	+	6	45653180	69908
chr17	45583272	45783272	harbor1	chr17	45653507	45653668	LTR/ERVL-MaLR	798	+	80	45653587	70315
chr17	45583272	45783272	harbor1	chr17	45662355	45662754	LTR/ERVL-MaLR	674	+	200	45662555	79283
chr17	45583272	45783272	harbor1	chr17	45679315	45679864	LTR/ERVL-MaLR	2976	+	274	45679589	96317
chr17	40904185	41104185	harbor1	chr17	40921534	40921694	LTR/ERVL-MaLR	2451	+	80	40921614	17429
chr17	40904185	41104185	harbor1	chr17	40922002	40922211	LTR/ERVL-MaLR	2451	+	104	40922106	17921
chr17	40904185	41104185	harbor1	chr17	40948494	40948698	LTR/ERVL-MaLR	1288	+	102	40948596	44411
chr17	40904185	41104185	harbor1	chr17	40949048	40949357	LTR/ERVL-MaLR	1288	+	154	40949202	45017
chr17	40904185	41104185	harbor1	chr17	40963171	40963534	LTR/ERVL-MaLR	2140	+	182	40963353	59168
chr17	40904185	41104185	harbor1	chr17	40987619	40987981	LTR/ERVL-MaLR	2008	+	181	40987800	83615
chr17	81285574	81485574	harbor1	chr17	81297272	81297359	LTR/ERVL-MaLR	755	+	44	81297316	11742
chr17	81285574	81485574	harbor1	chr17	81297951	81298299	LTR/ERVL-MaLR	755	+	174	81298125	12551
chr17	81285574	81485574	harbor1	chr17	81304055	81304310	LTR/ERVL-MaLR	891	+	128	81304183	18609
chr17	81285574	81485574	harbor1	chr17	81362041	81362404	LTR/ERVL-MaLR	2803	+	182	81362223	76649
chr17	81285574	81485574	harbor1	chr17	81370613	81370693	LTR/ERVL-MaLR	590	+	40	81370653	85079
chr17	81285574	81485574	harbor1	chr17	81371003	81371105	LTR/ERVL-MaLR	590	+	51	81371054	85480
chr17	54447618	54647618	harbor1	chr17	54449759	54449929	LTR/ERVL-MaLR	656	+	85	54449844	2226
chr17	54447618	54647618	harbor1	chr17	54450247	54450425	LTR/ERVL-MaLR	1101	+	89	54450336	2718
chr17	54447618	54647618	harbor1	chr17	54472691	54473015	LTR/ERVL-MaLR	1022	+	162	54472853	25235
chr17	54447618	54647618	harbor1	chr17	54493352	54493859	LTR/ERVL-MaLR	1595	+	254	54493606	45988
chr17	54447618	54647618	harbor1	chr17	54535731	54536083	LTR/ERVL-MaLR	777	+	176	54535907	88289
chr17	37541710	37741710	harbor1	chr17	37594859	37595093	LTR/ERVL-MaLR	540	+	117	37594976	53266
chr17	37541710	37741710	harbor1	chr17	37596616	37596766	LTR/ERVL-MaLR	2390	+	75	37596691	54981
chr17	37541710	37741710	harbor1	chr17	37597042	37597421	LTR/ERVL-MaLR	2390	+	190	37597232	55522
chr17	37541710	37741710	harbor1	chr17	37626262	37626547	LTR/ERVL-MaLR	1194	+	142	37626404	84694
chr17	5886404	6086404	harbor1	chr17	5892959	5893256	LTR/ERVL-MaLR	639	+	148	5893107	6703
chr17	5886404	6086404	harbor1	chr17	5915638	5915720	LTR/ERVL-MaLR	1121	+	41	5915679	29275
chr17	5886404	6086404	harbor1	chr17	5916014	5916382	LTR/ERVL-MaLR	1121	+	184	5916198	29794
chr17	5886404	6086404	harbor1	chr17	5944083	5944637	LTR/ERVL-MaLR	851	+	277	5944360	57956
chr17	5886404	6086404	harbor1	chr17	5946240	5946595	LTR/ERVL-MaLR	2172	+	178	5946418	60014
chr17	5886404	6086404	harbor1	chr17	5955534	5956063	LTR/ERVL-MaLR	2022	+	264	5955798	69394
chr17	5886404	6086404	harbor1	chr17	5961854	5962273	LTR/ERVL-MaLR	597	+	210	5962064	75660
chr17	5886404	6086404	harbor1	chr17	5968598	5968776	LTR/ERVL-MaLR	916	+	89	5968687	82283
chr17	5886404	6086404	harbor1	chr17	5969931	5970150	LTR/ERVL-MaLR	1228	+	110	5970041	83637
chr17	5886404	6086404	harbor1	chr17	5980538	5980688	LTR/ERVL-MaLR	800	+	75	5980613	94209
chr17	5886404	6086404	harbor1	chr17	5985237	5985402	LTR/ERVL-MaLR	2014	+	82	5985319	98915
chr17	5886404	6086404	harbor1	chr17	5985710	5985943	LTR/ERVL-MaLR	2014	+	116	5985826	99422
chr17	5886404	6086404	harbor1	chr17	5980072	5980309	LTR/ERVL-MaLR	979	+	118	5980190	93786
chr17	36968946	37168946	harbor1	chr17	37037708	37038135	LTR/ERVL-MaLR	2893	+	214	37037922	68976
chr17	73000928	73200928	harbor1	chr17	73020169	73020500	LTR/ERVL-MaLR	1297	+	166	73020335	19407
chr17	73000928	73200928	harbor1	chr17	73023242	73023335	LTR/ERVL-MaLR	551	+	46	73023288	22360
chr17	73000928	73200928	harbor1	chr17	73023791	73024086	LTR/ERVL-MaLR	1515	+	148	73023939	23011
chr17	73000928	73200928	harbor1	chr17	73035471	73035646	LTR/ERVL-MaLR	2139	+	88	73035559	34631
chr17	73000928	73200928	harbor1	chr17	73035891	73036215	LTR/ERVL-MaLR	2139	+	162	73036053	35125
chr17	73000928	73200928	harbor1	chr17	73066141	73066419	LTR/ERVL-MaLR	842	+	139	73066280	65352
chr17	73000928	73200928	harbor1	chr17	73066698	73066923	LTR/ERVL-MaLR	826	+	112	73066810	65882
chr17	73000928	73200928	harbor1	chr17	73067120	73067323	LTR/ERVL-MaLR	533	+	102	73067222	66294
chr17	73000928	73200928	harbor1	chr17	73070608	73070958	LTR/ERVL-MaLR	2353	+	175	73070783	69855
chr17	71324586	71524586	harbor1	chr17	71345095	71345299	LTR/ERVL-MaLR	1680	+	102	71345197	20611
chr17	71324586	71524586	harbor1	chr17	71345343	71345522	LTR/ERVL-MaLR	1680	+	90	71345433	20847
chr17	71324586	71524586	harbor1	chr17	71345526	71346953	LTR/ERVL-MaLR	5633	+	714	71346240	21654
chr17	71324586	71524586	harbor1	chr17	71347264	71347518	LTR/ERVL-MaLR	5633	+	127	71347391	22805
chr17	71324586	71524586	harbor1	chr17	71347519	71347878	LTR/ERVL-MaLR	1615	+	180	71347699	23113
chr17	76921341	77121341	harbor1	chr17	76957456	76957902	LTR/ERVL-MaLR	1396	+	223	76957679	36338
chr17	76921341	77121341	harbor1	chr17	76978059	76978423	LTR/ERVL-MaLR	2563	+	182	76978241	56900
chr17	76921341	77121341	harbor1	chr17	76990739	76990937	LTR/ERVL-MaLR	2681	+	99	76990838	69497
chr17	76921341	77121341	harbor1	chr17	76991248	76991442	LTR/ERVL-MaLR	2681	+	97	76991345	70004
chr17	76921341	77121341	harbor1	chr17	76991758	76991795	LTR/ERVL-MaLR	2681	+	18	76991776	70435
chr17	76921341	77121341	harbor1	chr17	77002773	77002968	LTR/ERVL-MaLR	501	+	98	77002871	81530
chr17	76921341	77121341	harbor1	chr17	77018354	77018702	LTR/ERVL-MaLR	1930	+	174	77018528	97187
chr17	76921341	77121341	harbor1	chr17	77021033	77021468	LTR/ERVL-MaLR	2516	+	218	77021251	99910
chr17	55457165	55657165	harbor1	chr17	55515414	55515860	LTR/ERVL-MaLR	1739	+	223	55515637	58472
chr17	55457165	55657165	harbor1	chr17	55523051	55523249	LTR/ERVL-MaLR	1536	+	99	55523150	65985
chr17	55457165	55657165	harbor1	chr17	55523549	55523737	LTR/ERVL-MaLR	1536	+	94	55523643	66478
chr17	41135877	41335877	harbor1	chr17	41169177	41169579	LTR/ERVL-MaLR	2431	+	201	41169378	33501
chr17	41135877	41335877	harbor1	chr17	41172024	41172567	LTR/ERVL-MaLR	1390	+	272	41172296	36419
chr17	41135877	41335877	harbor1	chr17	41230729	41231085	LTR/ERVL-MaLR	547	+	178	41230907	95030
chr17	73480771	73680771	harbor1	chr17	73517249	73517700	LTR/ERVL-MaLR	1936	+	226	73517475	36704
chr17	73480771	73680771	harbor1	chr17	73523375	73523748	LTR/ERVL-MaLR	1037	+	186	73523561	42790
chr17	73480771	73680771	harbor1	chr17	73529478	73529924	LTR/ERVL-MaLR	1718	+	223	73529701	48930
chr17	73480771	73680771	harbor1	chr17	73539627	73539902	LTR/ERVL-MaLR	890	+	138	73539765	58994
chr17	73480771	73680771	harbor1	chr17	73554282	73554680	LTR/ERVL-MaLR	2160	+	199	73554481	73710
chr17	73480771	73680771	harbor1	chr17	73565639	73565810	LTR/ERVL-MaLR	2014	+	86	73565725	84954
chr17	73480771	73680771	harbor1	chr17	73566121	73566319	LTR/ERVL-MaLR	2014	+	99	73566220	85449
chr17	73480771	73680771	harbor1	chr17	73566357	73566404	LTR/ERVL-MaLR	2014	+	24	73566381	85610
chr17	73480771	73680771	harbor1	chr17	73566405	73568040	LTR/ERVL-MaLR	8169	+	818	73567223	86452
chr17	73480771	73680771	harbor1	chr17	73568041	73568457	LTR/ERVL-MaLR	2231	+	208	73568249	87478
chr17	73480771	73680771	harbor1	chr17	73577764	73578058	LTR/ERVL-MaLR	875	+	147	73577911	97140
chr17	73480771	73680771	harbor1	chr17	73578364	73578498	LTR/ERVL-MaLR	875	+	67	73578431	97660
chr17	73480771	73680771	harbor1	chr17	73579515	73579694	LTR/ERVL-MaLR	1527	+	90	73579605	98834
chr17	73480771	73680771	harbor1	chr17	73580008	73580155	LTR/ERVL-MaLR	1527	+	74	73580082	99311
chr17	47383409	47583409	harbor1	chr17	47467928	47468298	LTR/ERVL-MaLR	2833	+	185	47468113	84704
chr17	22527676	22727676	harbor1	chr17	22586330	22586700	LTR/ERVL-MaLR	1848	+	185	22586515	58839
chr17	60226045	60426045	harbor1	chr17	60286227	60286513	LTR/ERVL-MaLR	931	+	143	60286370	60325
chr17	60226045	60426045	harbor1	chr17	60287606	60287727	LTR/ERVL-MaLR	931	+	60	60287666	61621
chr17	60226045	60426045	harbor1	chr17	60296210	60296647	LTR/ERVL-MaLR	1811	+	218	60296428	70383
chr17	9532773	9732773	harbor1	chr17	9536198	9536493	LTR/ERVL-MaLR	546	+	148	9536346	3573
chr17	57103266	57303266	harbor1	chr17	57124930	57125236	LTR/ERVL-MaLR	534	+	153	57125083	21817
chr17	57103266	57303266	harbor1	chr17	57143260	57143482	LTR/ERVL-MaLR	537	+	111	57143371	40105
chr17	57103266	57303266	harbor1	chr17	57151880	57152265	LTR/ERVL-MaLR	2207	+	192	57152072	48806
chr17	57103266	57303266	harbor1	chr17	57159109	57159469	LTR/ERVL-MaLR	2112	+	180	57159289	56023
chr17	57103266	57303266	harbor1	chr17	57177285	57177412	LTR/ERVL-MaLR	510	+	64	57177349	74083
chr17	57103266	57303266	harbor1	chr17	57188483	57188627	LTR/ERVL-MaLR	1201	+	72	57188555	85289
chr17	57103266	57303266	harbor1	chr17	57188953	57189390	LTR/ERVL-MaLR	1727	+	218	57189171	85905
chr17	57103266	57303266	harbor1	chr17	57192588	57192951	LTR/ERVL-MaLR	825	+	182	57192770	89504
chr17	57103266	57303266	harbor1	chr17	57197698	57198064	LTR/ERVL-MaLR	1058	+	183	57197881	94615
chr17	12513426	12713426	harbor1	chr17	12535289	12535657	LTR/ERVL-MaLR	1168	+	184	12535473	22047
chr17	12513426	12713426	harbor1	chr17	12604444	12604604	LTR/ERVL-MaLR	1816	+	80	12604524	91098
chr17	12513426	12713426	harbor1	chr17	12604905	12605133	LTR/ERVL-MaLR	1816	+	114	12605019	91593
chr17	64603850	64803850	harbor1	chr17	64626987	64627102	LTR/ERVL-MaLR	649	+	58	64627045	23195
chr17	64603850	64803850	harbor1	chr17	64627416	64627469	LTR/ERVL-MaLR	649	+	26	64627442	23592
chr17	64603850	64803850	harbor1	chr17	64641398	64641680	LTR/ERVL-MaLR	906	+	141	64641539	37689
chr17	64603850	64803850	harbor1	chr17	64674328	64674540	LTR/ERVL-MaLR	1356	+	106	64674434	70584
chr17	64603850	64803850	harbor1	chr17	64678697	64678848	LTR/ERVL-MaLR	1769	+	76	64678773	74923
chr17	64603850	64803850	harbor1	chr17	64679149	64679445	LTR/ERVL-MaLR	1769	+	148	64679297	75447
chr17	64603850	64803850	harbor1	chr17	64682817	64683167	LTR/ERVL-MaLR	2066	+	175	64682992	79142
chr17	64603850	64803850	harbor1	chr17	64702951	64703103	LTR/ERVL-MaLR	742	+	76	64703027	99177
chr17	56826075	57026075	harbor1	chr17	56877403	56877750	LTR/ERVL-MaLR	888	+	174	56877577	51502
chr17	56826075	57026075	harbor1	chr17	56877912	56877973	LTR/ERVL-MaLR	888	+	30	56877942	51867
chr17	56826075	57026075	harbor1	chr17	56902742	56903118	LTR/ERVL-MaLR	2211	+	188	56902930	76855
chr17	56826075	57026075	harbor1	chr17	56903424	56903476	LTR/ERVL-MaLR	2211	+	26	56903450	77375
chr17	56826075	57026075	harbor1	chr17	56903527	56904126	LTR/ERVL-MaLR	2507	+	300	56903827	77752
chr17	56826075	57026075	harbor1	chr17	56906109	56906409	LTR/ERVL-MaLR	1280	+	150	56906259	80184
chr17	56826075	57026075	harbor1	chr17	56906831	56907322	LTR/ERVL-MaLR	729	+	246	56907077	81002
chr17	56826075	57026075	harbor1	chr17	56907688	56908126	LTR/ERVL-MaLR	1339	+	219	56907907	81832
chr17	27156573	27356573	harbor1	chr17	27204491	27204685	LTR/ERVL-MaLR	513	+	97	27204588	48015
chr17	27156573	27356573	harbor1	chr17	27214846	27215209	LTR/ERVL-MaLR	1045	+	182	27215028	58455
chr17	9740100	9940100	harbor1	chr17	9765594	9765995	LTR/ERVL-MaLR	775	+	200	9765794	25694
chr17	9740100	9940100	harbor1	chr17	9775741	9775919	LTR/ERVL-MaLR	1856	+	89	9775830	35730
chr17	9740100	9940100	harbor1	chr17	9776231	9776458	LTR/ERVL-MaLR	1856	+	114	9776345	36245
chr17	9740100	9940100	harbor1	chr17	9810784	9811101	LTR/ERVL-MaLR	933	+	158	9810942	70842
chr17	9740100	9940100	harbor1	chr17	9815793	9816210	LTR/ERVL-MaLR	2306	+	208	9816001	75901
chr17	37244261	37444261	harbor1	chr17	37249787	37250158	LTR/ERVL-MaLR	2335	+	186	37249973	5712
chr17	37244261	37444261	harbor1	chr17	37260964	37261177	LTR/ERVL-MaLR	591	+	106	37261070	16809
chr17	37244261	37444261	harbor1	chr17	37261237	37262137	LTR/ERVL-MaLR	1834	+	450	37261687	17426
chr17	37244261	37444261	harbor1	chr17	37262138	37262404	LTR/ERVL-MaLR	594	+	133	37262271	18010
chr17	37244261	37444261	harbor1	chr17	37282031	37282453	LTR/ERVL-MaLR	2830	+	211	37282242	37981
chr18	42738455	42938455	harbor1	chr18	42765746	42766098	LTR/ERVL-MaLR	2384	+	176	42765922	27467
chr18	42738455	42938455	harbor1	chr18	42766099	42767673	LTR/ERVL-MaLR	11269	+	787	42766886	28431
chr18	42738455	42938455	harbor1	chr18	42767674	42768027	LTR/ERVL-MaLR	2598	+	176	42767850	29395
chr18	42738455	42938455	harbor1	chr18	42768831	42769088	LTR/ERVL-MaLR	641	+	128	42768959	30504
chr18	42738455	42938455	harbor1	chr18	42791700	42792273	LTR/ERVL-MaLR	628	+	286	42791986	53531
chr18	42738455	42938455	harbor1	chr18	42812099	42812410	LTR/ERVL-MaLR	497	+	156	42812255	73800
chr18	42738455	42938455	harbor1	chr18	42820818	42821199	LTR/ERVL-MaLR	1651	+	190	42821008	82553
chr18	35210360	35410360	harbor1	chr18	35228654	35229028	LTR/ERVL-MaLR	2803	+	187	35228841	18481
chr18	35210360	35410360	harbor1	chr18	35238527	35239112	LTR/ERVL-MaLR	1283	+	292	35238819	28459
chr18	35210360	35410360	harbor1	chr18	35239269	35239653	LTR/ERVL-MaLR	693	+	192	35239461	29101
chr18	35210360	35410360	harbor1	chr18	35251510	35251867	LTR/ERVL-MaLR	2091	+	178	35251688	41328
chr18	35210360	35410360	harbor1	chr18	35257343	35257676	LTR/ERVL-MaLR	2034	+	166	35257509	47149
chr18	35210360	35410360	harbor1	chr18	35276376	35277365	LTR/ERVL-MaLR	7385	+	494	35276870	66510
chr18	35210360	35410360	harbor1	chr18	35277366	35277733	LTR/ERVL-MaLR	2973	+	184	35277550	67190
chr18	41901500	42101500	harbor1	chr18	41902792	41903144	LTR/ERVL-MaLR	1568	+	176	41902968	1468
chr18	41901500	42101500	harbor1	chr18	41903148	41904532	LTR/ERVL-MaLR	3097	+	692	41903840	2340
chr18	41901500	42101500	harbor1	chr18	41904539	41904902	LTR/ERVL-MaLR	2157	+	182	41904721	3221
chr18	41901500	42101500	harbor1	chr18	41913531	41913657	LTR/ERVL-MaLR	724	+	63	41913594	12094
chr18	41901500	42101500	harbor1	chr18	41914050	41914319	LTR/ERVL-MaLR	724	+	134	41914184	12684
chr18	41901500	42101500	harbor1	chr18	41927240	41927497	LTR/ERVL-MaLR	786	+	128	41927368	25868
chr18	41901500	42101500	harbor1	chr18	41944926	41945381	LTR/ERVL-MaLR	2595	+	228	41945154	43654
chr18	41901500	42101500	harbor1	chr18	41984773	41985322	LTR/ERVL-MaLR	713	+	274	41985047	83547
chr18	56818500	57018500	harbor1	chr18	56846149	56846265	LTR/ERVL-MaLR	2620	+	58	56846207	27707
chr18	56818500	57018500	harbor1	chr18	56846266	56846618	LTR/ERVL-MaLR	2522	+	176	56846442	27942
chr18	56818500	57018500	harbor1	chr18	56846619	56846930	LTR/ERVL-MaLR	2620	+	156	56846775	28275
chr18	56818500	57018500	harbor1	chr18	56846931	56848533	LTR/ERVL-MaLR	8638	+	801	56847732	29232
chr18	56818500	57018500	harbor1	chr18	56848534	56848957	LTR/ERVL-MaLR	2499	+	212	56848746	30246
chr18	79178445	79378445	harbor1	chr18	79259955	79260089	LTR/ERVL-MaLR	823	+	67	79260022	81577
chr18	79178445	79378445	harbor1	chr18	79260458	79261237	LTR/ERVL-MaLR	1703	+	390	79260848	82403
chr18	79178445	79378445	harbor1	chr18	79261254	79261669	LTR/ERVL-MaLR	726	+	208	79261462	83017
chr18	54461882	54661882	harbor1	chr18	54475669	54476103	LTR/ERVL-MaLR	1790	+	217	54475886	14004
chr18	54461882	54661882	harbor1	chr18	54546168	54546546	LTR/ERVL-MaLR	2666	+	189	54546357	84475
chr18	54461882	54661882	harbor1	chr18	54546548	54548009	LTR/ERVL-MaLR	9341	+	730	54547278	85396
chr18	54461882	54661882	harbor1	chr18	54548010	54548367	LTR/ERVL-MaLR	2292	+	178	54548188	86306
chr18	13467190	13667190	harbor1	chr18	13473875	13474287	LTR/ERVL-MaLR	2260	+	206	13474081	6891
chr18	13467190	13667190	harbor1	chr18	13523182	13523534	LTR/ERVL-MaLR	742	+	176	13523358	56168
chr18	50337984	50537984	harbor1	chr18	50356138	50356602	LTR/ERVL-MaLR	2858	+	232	50356370	18386
chr18	50337984	50537984	harbor1	chr18	50362603	50362965	LTR/ERVL-MaLR	1661	+	181	50362784	24800
chr18	50337984	50537984	harbor1	chr18	50394869	50395226	LTR/ERVL-MaLR	2471	+	178	50395047	57063
chr18	50337984	50537984	harbor1	chr18	50409312	50409839	LTR/ERVL-MaLR	1195	+	264	50409576	71592
chr18	50337984	50537984	harbor1	chr18	50423577	50423980	LTR/ERVL-MaLR	2298	+	202	50423779	85795
chr18	42234288	42434288	harbor1	chr18	42246121	42246496	LTR/ERVL-MaLR	1973	+	188	42246309	12021
chr18	42234288	42434288	harbor1	chr18	42259027	42259406	LTR/ERVL-MaLR	2243	+	190	42259217	24929
chr18	42234288	42434288	harbor1	chr18	42279195	42279543	LTR/ERVL-MaLR	1372	+	174	42279369	45081
chr18	42234288	42434288	harbor1	chr18	42280568	42280746	LTR/ERVL-MaLR	418	+	89	42280657	46369
chr18	75980778	76180778	harbor1	chr18	75983144	75983587	LTR/ERVL-MaLR	1018	+	222	75983366	2588
chr18	75980778	76180778	harbor1	chr18	76011259	76011742	LTR/ERVL-MaLR	1664	+	242	76011501	30723
chr18	75980778	76180778	harbor1	chr18	76011767	76012135	LTR/ERVL-MaLR	1409	+	184	76011951	31173
chr18	75980778	76180778	harbor1	chr18	76012573	76012958	LTR/ERVL-MaLR	2365	+	192	76012765	31987
chr18	75980778	76180778	harbor1	chr18	76024630	76025084	LTR/ERVL-MaLR	560	+	227	76024857	44079
chr18	75980778	76180778	harbor1	chr18	76033798	76034258	LTR/ERVL-MaLR	1561	+	230	76034028	53250
chr18	75980778	76180778	harbor1	chr18	76037104	76037537	LTR/ERVL-MaLR	411	+	216	76037320	56542
chr18	75980778	76180778	harbor1	chr18	76058827	76059269	LTR/ERVL-MaLR	1238	+	221	76059048	78270
chr18	75980778	76180778	harbor1	chr18	76059514	76059849	LTR/ERVL-MaLR	1411	+	168	76059682	78904
chr18	75980778	76180778	harbor1	chr18	76072307	76072767	LTR/ERVL-MaLR	470	+	230	76072537	91759
chr18	75980778	76180778	harbor1	chr18	76072842	76073225	LTR/ERVL-MaLR	1312	+	192	76073034	92256
chr18	75980778	76180778	harbor1	chr18	76075005	76075295	LTR/ERVL-MaLR	1058	+	145	76075150	94372
chr18	78362473	78562473	harbor1	chr18	78381239	78381597	LTR/ERVL-MaLR	2478	+	179	78381418	18945
chr18	27078795	27278795	harbor1	chr18	27113470	27113808	LTR/ERVL-MaLR	1889	+	169	27113639	34844
chr18	27078795	27278795	harbor1	chr18	27114867	27115238	LTR/ERVL-MaLR	2388	+	186	27115053	36258
chr18	27078795	27278795	harbor1	chr18	27151432	27151932	LTR/ERVL-MaLR	1893	+	250	27151682	72887
chr18	27078795	27278795	harbor1	chr18	27168687	27169263	LTR/ERVL-MaLR	2031	+	288	27168975	90180
chr18	27078795	27278795	harbor1	chr18	27170183	27170489	LTR/ERVL-MaLR	814	+	153	27170336	91541
chr18	21516089	21716089	harbor1	chr18	21552257	21552629	LTR/ERVL-MaLR	2803	+	186	21552443	36354
chr18	21516089	21716089	harbor1	chr18	21563744	21564157	LTR/ERVL-MaLR	1292	+	206	21563950	47861
chr18	21516089	21716089	harbor1	chr18	21591009	21591416	LTR/ERVL-MaLR	817	+	204	21591213	75124
chr18	27730688	27930688	harbor1	chr18	27735243	27735596	LTR/ERVL-MaLR	1357	+	176	27735419	4731
chr18	27730688	27930688	harbor1	chr18	27747788	27748282	LTR/ERVL-MaLR	2312	+	247	27748035	17347
chr18	27730688	27930688	harbor1	chr18	27782830	27783190	LTR/ERVL-MaLR	2187	+	180	27783010	52322
chr18	27730688	27930688	harbor1	chr18	27783478	27783906	LTR/ERVL-MaLR	1642	+	214	27783692	53004
chr18	27730688	27930688	harbor1	chr18	27803200	27803547	LTR/ERVL-MaLR	2009	+	174	27803374	72686
chr18	27730688	27930688	harbor1	chr18	27807546	27807994	LTR/ERVL-MaLR	1292	+	224	27807770	77082
chr18	27730688	27930688	harbor1	chr18	27809030	27809435	LTR/ERVL-MaLR	1596	+	202	27809232	78544
chr18	27730688	27930688	harbor1	chr18	27810498	27810575	LTR/ERVL-MaLR	434	+	38	27810536	79848
chr18	27730688	27930688	harbor1	chr18	27811219	27811600	LTR/ERVL-MaLR	1980	+	190	27811409	80721
chr18	27730688	27930688	harbor1	chr18	27812483	27812808	LTR/ERVL-MaLR	1785	+	162	27812645	81957
chr18	53109811	53309811	harbor1	chr18	53144994	53145105	LTR/ERVL-MaLR	1494	+	56	53145050	35239
chr18	53109811	53309811	harbor1	chr18	53145413	53145657	LTR/ERVL-MaLR	1494	+	122	53145535	35724
chr18	40089458	40289458	harbor1	chr18	40090387	40090587	LTR/ERVL-MaLR	425	+	100	40090487	1029
chr18	40089458	40289458	harbor1	chr18	40100924	40101179	LTR/ERVL-MaLR	875	+	128	40101052	11594
chr18	40089458	40289458	harbor1	chr18	40132389	40132744	LTR/ERVL-MaLR	2440	+	178	40132567	43109
chr18	40089458	40289458	harbor1	chr18	40168518	40168866	LTR/ERVL-MaLR	1570	+	174	40168692	79234
chr18	63463590	63663590	harbor1	chr18	63527819	63528170	LTR/ERVL-MaLR	2283	+	176	63527995	64405
chr18	63463590	63663590	harbor1	chr18	63554766	63555143	LTR/ERVL-MaLR	2501	+	188	63554954	91364
chr18	63463590	63663590	harbor1	chr18	63555482	63555935	LTR/ERVL-MaLR	2144	+	226	63555708	92118
chr18	80045975	80245975	harbor1	chr18	80056836	80057189	LTR/ERVL-MaLR	2082	+	176	80057012	11037
chr18	80045975	80245975	harbor1	chr18	80085132	80085551	LTR/ERVL-MaLR	3013	+	210	80085342	39367
chr18	80045975	80245975	harbor1	chr18	80085930	80086309	LTR/ERVL-MaLR	2206	+	190	80086120	40145
chr18	80045975	80245975	harbor1	chr18	80094226	80094626	LTR/ERVL-MaLR	2457	+	200	80094426	48451
chr18	80045975	80245975	harbor1	chr18	80100812	80101169	LTR/ERVL-MaLR	2133	+	178	80100990	55015
chr18	80045975	80245975	harbor1	chr18	80101593	80101947	LTR/ERVL-MaLR	1815	+	177	80101770	55795
chr18	35931463	36131463	harbor1	chr18	35947591	35947853	LTR/ERVL-MaLR	713	+	131	35947722	16259
chr18	35931463	36131463	harbor1	chr18	35962983	35963155	LTR/ERVL-MaLR	509	+	86	35963069	31606
chr18	77509509	77709509	harbor1	chr18	77526124	77526477	LTR/ERVL-MaLR	2602	+	176	77526300	16791
chr18	77509509	77709509	harbor1	chr18	77556456	77556743	LTR/ERVL-MaLR	1676	+	144	77556600	47091
chr18	77509509	77709509	harbor1	chr18	77556744	77557111	LTR/ERVL-MaLR	1725	+	184	77556928	47419
chr18	77509509	77709509	harbor1	chr18	77574394	77574806	LTR/ERVL-MaLR	2767	+	206	77574600	65091
chr18	77509509	77709509	harbor1	chr18	77586470	77586824	LTR/ERVL-MaLR	2141	+	177	77586647	77138
chr18	77509509	77709509	harbor1	chr18	77589354	77589723	LTR/ERVL-MaLR	1105	+	184	77589538	80029
chr18	714665	914665	harbor1	chr18	766064	766350	LTR/ERVL-MaLR	450	+	143	766207	51542
chr18	714665	914665	harbor1	chr18	780252	780635	LTR/ERVL-MaLR	2229	+	192	780444	65779
chr18	714665	914665	harbor1	chr18	785566	785721	LTR/ERVL-MaLR	945	+	78	785644	70979
chr18	714665	914665	harbor1	chr18	785939	786147	LTR/ERVL-MaLR	1095	+	104	786043	71378
chr18	37467285	37667285	harbor1	chr18	37479732	37480159	LTR/ERVL-MaLR	2134	+	214	37479946	12661
chr18	52895766	53095766	harbor1	chr18	52934616	52935001	LTR/ERVL-MaLR	1400	+	192	52934808	39042
chr18	2500231	2700231	harbor1	chr18	2526453	2526798	LTR/ERVL-MaLR	1509	+	172	2526625	26394
chr18	2500231	2700231	harbor1	chr18	2531865	2532317	LTR/ERVL-MaLR	1754	+	226	2532091	31860
chr18	2500231	2700231	harbor1	chr18	2532627	2532691	LTR/ERVL-MaLR	1754	+	32	2532659	32428
chr18	2500231	2700231	harbor1	chr18	2532693	2533396	LTR/ERVL-MaLR	1822	+	352	2533045	32814
chr18	54816422	55016422	harbor1	chr18	54867955	54868101	LTR/ERVL-MaLR	722	+	73	54868028	51606
chr18	54816422	55016422	harbor1	chr18	54868249	54868507	LTR/ERVL-MaLR	1758	+	129	54868378	51956
chr18	54816422	55016422	harbor1	chr18	54876961	54877320	LTR/ERVL-MaLR	2022	+	180	54877141	60719
chr18	60020517	60220517	harbor1	chr18	60040887	60041073	LTR/ERVL-MaLR	425	+	93	60040980	20463
chr18	60020517	60220517	harbor1	chr18	60057365	60057707	LTR/ERVL-MaLR	1988	+	171	60057536	37019
chr18	60020517	60220517	harbor1	chr18	60062869	60063247	LTR/ERVL-MaLR	2605	+	189	60063058	42541
chr18	60020517	60220517	harbor1	chr18	60068997	60069492	LTR/ERVL-MaLR	1315	+	248	60069245	48728
chr18	7142668	7342668	harbor1	chr18	7143544	7143840	LTR/ERVL-MaLR	1038	+	148	7143692	1024
chr18	7142668	7342668	harbor1	chr18	7156771	7156935	LTR/ERVL-MaLR	837	+	82	7156853	14185
chr18	7142668	7342668	harbor1	chr18	7161214	7161508	LTR/ERVL-MaLR	1043	+	147	7161361	18693
chr18	7142668	7342668	harbor1	chr18	7162639	7163031	LTR/ERVL-MaLR	967	+	196	7162835	20167
chr18	7142668	7342668	harbor1	chr18	7165797	7166237	LTR/ERVL-MaLR	1640	+	220	7166017	23349
chr18	21118813	21318813	harbor1	chr18	21158689	21158699	LTR/ERVL-MaLR	1379	+	5	21158694	39881
chr18	21118813	21318813	harbor1	chr18	21159005	21159259	LTR/ERVL-MaLR	1379	+	127	21159132	40319
chr18	21118813	21318813	harbor1	chr18	21166480	21166911	LTR/ERVL-MaLR	2728	+	216	21166696	47883
chr18	21118813	21318813	harbor1	chr18	21190090	21190445	LTR/ERVL-MaLR	2348	+	178	21190268	71455
chr18	21118813	21318813	harbor1	chr18	21203914	21204292	LTR/ERVL-MaLR	782	+	189	21204103	85290
chr18	21118813	21318813	harbor1	chr18	21208688	21209057	LTR/ERVL-MaLR	2147	+	184	21208872	90059
chr18	54700461	54900461	harbor1	chr18	54730492	54730888	LTR/ERVL-MaLR	2197	+	198	54730690	30229
chr18	54700461	54900461	harbor1	chr18	54738279	54738646	LTR/ERVL-MaLR	2127	+	184	54738463	38002
chr18	54700461	54900461	harbor1	chr18	54754054	54754413	LTR/ERVL-MaLR	2049	+	180	54754234	53773
chr18	54700461	54900461	harbor1	chr18	54761841	54762173	LTR/ERVL-MaLR	966	+	166	54762007	61546
chr18	46854643	47054643	harbor1	chr18	46863766	46864111	LTR/ERVL-MaLR	1459	+	172	46863938	9295
chr18	46854643	47054643	harbor1	chr18	46867682	46868192	LTR/ERVL-MaLR	1787	+	255	46867937	13294
chr18	49904717	50104717	harbor1	chr18	49912446	49912815	LTR/ERVL-MaLR	2417	+	184	49912630	7913
chr18	78027796	78227796	harbor1	chr18	78037589	78037920	LTR/ERVL-MaLR	1126	+	166	78037755	9959
chr18	78027796	78227796	harbor1	chr18	78056778	78057089	LTR/ERVL-MaLR	1000	+	156	78056934	29138
chr18	78027796	78227796	harbor1	chr18	78057090	78057265	LTR/ERVL-MaLR	2111	+	88	78057178	29382
chr18	78027796	78227796	harbor1	chr18	78057550	78057919	LTR/ERVL-MaLR	2111	+	184	78057734	29938
chr18	78027796	78227796	harbor1	chr18	78057919	78057982	LTR/ERVL-MaLR	472	+	32	78057951	30155
chr18	78027796	78227796	harbor1	chr18	78103202	78103547	LTR/ERVL-MaLR	2216	+	172	78103374	75578
chr18	78027796	78227796	harbor1	chr18	78109630	78109986	LTR/ERVL-MaLR	921	+	178	78109808	82012
chr18	78027796	78227796	harbor1	chr18	78119996	78120523	LTR/ERVL-MaLR	1414	+	264	78120260	92464
chr18	78027796	78227796	harbor1	chr18	78120717	78121126	LTR/ERVL-MaLR	2626	+	204	78120921	93125
chr19	28445798	28645798	harbor1	chr19	28473547	28473928	LTR/ERVL-MaLR	2132	+	190	28473737	27939
chr19	28445798	28645798	harbor1	chr19	28475515	28475876	LTR/ERVL-MaLR	2026	+	180	28475695	29897
chr19	40775839	40975839	harbor1	chr19	40828200	40828416	LTR/ERVL-MaLR	1115	+	108	40828308	52469
chr19	40775839	40975839	harbor1	chr19	40840029	40840431	LTR/ERVL-MaLR	2462	+	201	40840230	64391
chr19	40775839	40975839	harbor1	chr19	40870638	40871044	LTR/ERVL-MaLR	2581	+	203	40870841	95002
chr19	13154689	13354689	harbor1	chr19	13219581	13219672	LTR/ERVL-MaLR	1034	+	46	13219627	64938
chr19	13154689	13354689	harbor1	chr19	13220277	13220689	LTR/ERVL-MaLR	1218	+	206	13220483	65794
chr19	13154689	13354689	harbor1	chr19	13246263	13246577	LTR/ERVL-MaLR	676	+	157	13246420	91731
chr19	7060625	7260625	harbor1	chr19	7098061	7098369	LTR/ERVL-MaLR	928	+	154	7098215	37590
chr19	7060625	7260625	harbor1	chr19	7125924	7126345	LTR/ERVL-MaLR	763	+	210	7126134	65509
chr19	7060625	7260625	harbor1	chr19	7130399	7130754	LTR/ERVL-MaLR	1970	+	178	7130577	69952
chr19	656527	856527	harbor1	chr19	697414	697571	LTR/ERVL-MaLR	668	+	78	697492	40965
chr19	24141806	24341806	harbor1	chr19	24183501	24183850	LTR/ERVL-MaLR	2061	+	174	24183675	41869
chr19	6655068	6855068	harbor1	chr19	6680369	6680754	LTR/ERVL-MaLR	954	+	192	6680561	25493
chr19	6655068	6855068	harbor1	chr19	6711228	6711652	LTR/ERVL-MaLR	1244	+	212	6711440	56372
chr19	14273712	14473712	harbor1	chr19	14288472	14288947	LTR/ERVL-MaLR	1325	+	238	14288710	14998
chr19	14273712	14473712	harbor1	chr19	14295043	14295506	LTR/ERVL-MaLR	1185	+	232	14295275	21563
chr19	14273712	14473712	harbor1	chr19	14307988	14308244	LTR/ERVL-MaLR	769	+	128	14308116	34404
chr19	41079508	41279508	harbor1	chr19	41165232	41165438	LTR/ERVL-MaLR	1893	+	103	41165335	85827
chr19	41079508	41279508	harbor1	chr19	41165743	41166017	LTR/ERVL-MaLR	1893	+	137	41165880	86372
chr19	438737	638737	harbor1	chr19	445164	445450	LTR/ERVL-MaLR	1334	+	143	445307	6570
chr19	24146249	24346249	harbor1	chr19	24183501	24183850	LTR/ERVL-MaLR	2061	+	174	24183675	37426
chr19	7606133	7806133	harbor1	chr19	7621885	7622262	LTR/ERVL-MaLR	1941	+	188	7622073	15940
chr19	37626247	37826247	harbor1	chr19	37626250	37626390	LTR/ERVL-MaLR	1094	+	70	37626320	73
chr19	37626247	37826247	harbor1	chr19	37626691	37627310	LTR/ERVL-MaLR	1604	+	310	37627001	754
chr19	37626247	37826247	harbor1	chr19	37627944	37628502	LTR/ERVL-MaLR	1635	+	279	37628223	1976
chr19	37626247	37826247	harbor1	chr19	37647265	37647627	LTR/ERVL-MaLR	2161	+	181	37647446	21199
chr19	16555131	16755131	harbor1	chr19	16635946	16636377	LTR/ERVL-MaLR	1453	+	216	16636162	81031
chr19	16555131	16755131	harbor1	chr19	16639601	16639943	LTR/ERVL-MaLR	2024	+	171	16639772	84641
chr19	16555131	16755131	harbor1	chr19	16654305	16654467	LTR/ERVL-MaLR	670	+	81	16654386	99255
chr19	7562915	7762915	harbor1	chr19	7621885	7622262	LTR/ERVL-MaLR	1941	+	188	7622073	59158
chr19	35210497	35410497	harbor1	chr19	35215659	35215954	LTR/ERVL-MaLR	935	+	148	35215807	5310
chr19	35210497	35410497	harbor1	chr19	35216422	35216891	LTR/ERVL-MaLR	1621	+	234	35216656	6159
chr19	35210497	35410497	harbor1	chr19	35216987	35217370	LTR/ERVL-MaLR	1120	+	192	35217179	6682
chr19	35210497	35410497	harbor1	chr19	35220312	35220608	LTR/ERVL-MaLR	709	+	148	35220460	9963
chr19	35210497	35410497	harbor1	chr19	35226812	35227209	LTR/ERVL-MaLR	1358	+	198	35227010	16513
chr19	35210497	35410497	harbor1	chr19	35237236	35237415	LTR/ERVL-MaLR	2428	+	90	35237326	26829
chr19	35210497	35410497	harbor1	chr19	35237729	35237941	LTR/ERVL-MaLR	2428	+	106	35237835	27338
chr19	35210497	35410497	harbor1	chr19	35238038	35238420	LTR/ERVL-MaLR	2320	+	191	35238229	27732
chr19	35210497	35410497	harbor1	chr19	35289408	35289545	LTR/ERVL-MaLR	1060	+	68	35289476	78979
chr19	35210497	35410497	harbor1	chr19	35289860	35290020	LTR/ERVL-MaLR	1060	+	80	35289940	79443
chr19	35210497	35410497	harbor1	chr19	35290333	35290399	LTR/ERVL-MaLR	1060	+	33	35290366	79869
chr19	42845860	43045860	harbor1	chr19	42887327	42887729	LTR/ERVL-MaLR	2570	+	201	42887528	41668
chr19	42845860	43045860	harbor1	chr19	42899748	42899784	LTR/ERVL-MaLR	804	+	18	42899766	53906
chr19	42845860	43045860	harbor1	chr19	42900078	42900259	LTR/ERVL-MaLR	804	+	90	42900168	54308
chr19	38724921	38924921	harbor1	chr19	38739622	38739882	LTR/ERVL-MaLR	644	+	130	38739752	14831
chr19	56325301	56525301	harbor1	chr19	56363415	56364094	LTR/ERVL-MaLR	3902	+	340	56363755	38454
chr19	12494676	12694676	harbor1	chr19	12543761	12544136	LTR/ERVL-MaLR	1508	+	188	12543949	49273
chr19	12494676	12694676	harbor1	chr19	12574041	12574311	LTR/ERVL-MaLR	894	+	135	12574176	79500
chr19	52389046	52589046	harbor1	chr19	52470831	52471248	LTR/ERVL-MaLR	2554	+	208	52471039	81993
chr19	52143326	52343326	harbor1	chr19	52146042	52146217	LTR/ERVL-MaLR	843	+	88	52146130	2804
chr19	52143326	52343326	harbor1	chr19	52158824	52159180	LTR/ERVL-MaLR	761	+	178	52159002	15676
chr19	52143326	52343326	harbor1	chr19	52172219	52172414	LTR/ERVL-MaLR	1387	+	98	52172317	28991
chr19	52143326	52343326	harbor1	chr19	52172717	52172795	LTR/ERVL-MaLR	1387	+	39	52172756	29430
chr19	52143326	52343326	harbor1	chr19	52172797	52172834	LTR/ERVL-MaLR	693	+	18	52172815	29489
chr19	52143326	52343326	harbor1	chr19	52173144	52173285	LTR/ERVL-MaLR	693	+	70	52173214	29888
chr19	52143326	52343326	harbor1	chr19	52173730	52173970	LTR/ERVL-MaLR	1686	+	120	52173850	30524
chr19	52143326	52343326	harbor1	chr19	52185551	52185768	LTR/ERVL-MaLR	1251	+	108	52185659	42333
chr19	52143326	52343326	harbor1	chr19	52227021	52227483	LTR/ERVL-MaLR	1149	+	231	52227252	83926
chr19	52143326	52343326	harbor1	chr19	52238109	52238497	LTR/ERVL-MaLR	1241	+	194	52238303	94977
chr19	13676657	13876657	harbor1	chr19	13689274	13689576	LTR/ERVL-MaLR	743	+	151	13689425	12768
chr19	13676657	13876657	harbor1	chr19	13705367	13705510	LTR/ERVL-MaLR	728	+	72	13705439	28782
chr19	13676657	13876657	harbor1	chr19	13740920	13741061	LTR/ERVL-MaLR	652	+	70	13740990	64333
chr19	46019123	46219123	harbor1	chr19	46029317	46029330	LTR/ERVL-MaLR	1965	+	6	46029323	10200
chr19	46019123	46219123	harbor1	chr19	46029637	46029962	LTR/ERVL-MaLR	1965	+	162	46029799	10676
chr19	46019123	46219123	harbor1	chr19	46112295	46112694	LTR/ERVL-MaLR	953	+	200	46112495	93372
chr19	46019123	46219123	harbor1	chr19	46114500	46114854	LTR/ERVL-MaLR	1992	+	177	46114677	95554
chr19	41571189	41771189	harbor1	chr19	41617428	41617864	LTR/ERVL-MaLR	1374	+	218	41617646	46457
chr19	41571189	41771189	harbor1	chr19	41637247	41637416	LTR/ERVL-MaLR	1691	+	84	41637331	66142
chr19	41571189	41771189	harbor1	chr19	41637691	41637917	LTR/ERVL-MaLR	1691	+	113	41637804	66615
chr19	40965245	41165245	harbor1	chr19	41042129	41042383	LTR/ERVL-MaLR	1574	+	127	41042256	77011
chr19	40965245	41165245	harbor1	chr19	41042696	41042759	LTR/ERVL-MaLR	1574	+	32	41042728	77483
chr19	40965245	41165245	harbor1	chr19	41043458	41043887	LTR/ERVL-MaLR	1503	+	214	41043672	78427
chr19	40965245	41165245	harbor1	chr19	41044189	41044269	LTR/ERVL-MaLR	1503	+	40	41044229	78984
chr19	40965245	41165245	harbor1	chr19	41054223	41054460	LTR/ERVL-MaLR	1206	+	118	41054341	89096
chr19	40965245	41165245	harbor1	chr19	41054766	41055020	LTR/ERVL-MaLR	1206	+	127	41054893	89648
chr19	40965245	41165245	harbor1	chr19	41065020	41065405	LTR/ERVL-MaLR	1058	+	192	41065212	99967
chr19	38936056	39136056	harbor1	chr19	38985342	38985548	LTR/ERVL-MaLR	1830	+	103	38985445	49389
chr19	38936056	39136056	harbor1	chr19	38985863	38986028	LTR/ERVL-MaLR	1830	+	82	38985945	49889
chr19	38936056	39136056	harbor1	chr19	39004442	39004590	LTR/ERVL-MaLR	1447	+	74	39004516	68460
chr19	38936056	39136056	harbor1	chr19	39004893	39005051	LTR/ERVL-MaLR	1447	+	79	39004972	68916
chr19	38936056	39136056	harbor1	chr19	39005321	39005340	LTR/ERVL-MaLR	1447	+	10	39005331	69275
chr19	38936056	39136056	harbor1	chr19	39005642	39005757	LTR/ERVL-MaLR	1447	+	58	39005700	69644
chr19	33921327	34121327	harbor1	chr19	33945984	33946159	LTR/ERVL-MaLR	2425	+	88	33946072	24745
chr19	33921327	34121327	harbor1	chr19	33946401	33946571	LTR/ERVL-MaLR	2425	+	85	33946486	25159
chr19	33921327	34121327	harbor1	chr19	33946880	33946945	LTR/ERVL-MaLR	2425	+	32	33946912	25585
chr19	33921327	34121327	harbor1	chr19	33952426	33952759	LTR/ERVL-MaLR	2467	+	166	33952592	31265
chr19	33921327	34121327	harbor1	chr19	33953067	33953108	LTR/ERVL-MaLR	2467	+	20	33953087	31760
chr19	33921327	34121327	harbor1	chr19	33956061	33956427	LTR/ERVL-MaLR	2404	+	183	33956244	34917
chr19	33921327	34121327	harbor1	chr19	33962424	33962804	LTR/ERVL-MaLR	2346	+	190	33962614	41287
chr19	33921327	34121327	harbor1	chr19	33972839	33973273	LTR/ERVL-MaLR	2455	+	217	33973056	51729
chr19	28035407	28235407	harbor1	chr19	28041550	28041900	LTR/ERVL-MaLR	1525	+	175	28041725	6318
chr19	28035407	28235407	harbor1	chr19	28080693	28081111	LTR/ERVL-MaLR	1182	+	209	28080902	45495
chr19	28035407	28235407	harbor1	chr19	28122170	28122602	LTR/ERVL-MaLR	968	+	216	28122386	86979
chr19	28035407	28235407	harbor1	chr19	28129018	28129430	LTR/ERVL-MaLR	2640	+	206	28129224	93817
chr19	28035407	28235407	harbor1	chr19	28133038	28133616	LTR/ERVL-MaLR	1198	+	289	28133327	97920
chr19	36376642	36576642	harbor1	chr19	36385011	36385415	LTR/ERVL-MaLR	2177	+	202	36385213	8571
chr19	36376642	36576642	harbor1	chr19	36385416	36386655	LTR/ERVL-MaLR	4056	+	620	36386036	9394
chr19	36376642	36576642	harbor1	chr19	36386943	36387267	LTR/ERVL-MaLR	2331	+	162	36387105	10463
chr19	36376642	36576642	harbor1	chr19	36387275	36387618	LTR/ERVL-MaLR	1895	+	172	36387447	10805
chr19	36376642	36576642	harbor1	chr19	36387914	36387948	LTR/ERVL-MaLR	1895	+	17	36387931	11289
chr19	36376642	36576642	harbor1	chr19	36426753	36427123	LTR/ERVL-MaLR	2306	+	185	36426938	50296
chr19	36376642	36576642	harbor1	chr19	36430591	36430752	LTR/ERVL-MaLR	1759	+	80	36430671	54029
chr19	36376642	36576642	harbor1	chr19	36431055	36431310	LTR/ERVL-MaLR	1759	+	128	36431183	54541
chr19	55466121	55666121	harbor1	chr19	55470039	55470321	LTR/ERVL-MaLR	1389	+	141	55470180	4059
chr19	55466121	55666121	harbor1	chr19	55534098	55534426	LTR/ERVL-MaLR	2286	+	164	55534262	68141
chr19	55466121	55666121	harbor1	chr19	55535048	55535108	LTR/ERVL-MaLR	2286	+	30	55535078	68957
chr19	55466121	55666121	harbor1	chr19	55561777	55562013	LTR/ERVL-MaLR	1171	+	118	55561895	95774
chr19	5910858	6110858	harbor1	chr19	5960043	5960311	LTR/ERVL-MaLR	629	+	134	5960177	49319
chr19	5910858	6110858	harbor1	chr19	5983563	5984054	LTR/ERVL-MaLR	1059	+	246	5983809	72951
chr19	5910858	6110858	harbor1	chr19	6000445	6000803	LTR/ERVL-MaLR	2442	+	179	6000624	89766
chr19	14406728	14606728	harbor1	chr19	14422531	14422902	LTR/ERVL-MaLR	1516	+	186	14422717	15989
chr19	14406728	14606728	harbor1	chr19	14486306	14486667	LTR/ERVL-MaLR	785	+	180	14486486	79758
chr19	14406728	14606728	harbor1	chr19	14489908	14490066	LTR/ERVL-MaLR	749	+	79	14489987	83259
chr19	14406728	14606728	harbor1	chr19	14506166	14506489	LTR/ERVL-MaLR	851	+	162	14506328	99600
chr19	7218773	7418773	harbor1	chr19	7220811	7221091	LTR/ERVL-MaLR	1794	+	140	7220951	2178
chr19	14975828	15175828	harbor1	chr19	14985269	14985675	LTR/ERVL-MaLR	2527	+	203	14985472	9644
chr19	14975828	15175828	harbor1	chr19	15032552	15032879	LTR/ERVL-MaLR	858	+	164	15032716	56888
chr19	50805796	51005796	harbor1	chr19	50866605	50866992	LTR/ERVL-MaLR	2201	+	194	50866799	61003
chr19	50805796	51005796	harbor1	chr19	50897102	50897265	LTR/ERVL-MaLR	630	+	82	50897184	91388
chr19	29189802	29389802	harbor1	chr19	29201198	29201502	LTR/ERVL-MaLR	1587	+	152	29201350	11548
chr19	29189802	29389802	harbor1	chr19	29216168	29216292	LTR/ERVL-MaLR	793	+	62	29216230	26428
chr19	29189802	29389802	harbor1	chr19	29216656	29216920	LTR/ERVL-MaLR	793	+	132	29216788	26986
chr19	29189802	29389802	harbor1	chr19	29249245	29249623	LTR/ERVL-MaLR	2026	+	189	29249434	59632
chr19	34889044	35089044	harbor1	chr19	34948361	34948773	LTR/ERVL-MaLR	996	+	206	34948567	59523
chr19	34889044	35089044	harbor1	chr19	34983822	34984203	LTR/ERVL-MaLR	1109	+	190	34984012	94968
chr19	34889044	35089044	harbor1	chr19	34987241	34987343	LTR/ERVL-MaLR	1354	+	51	34987292	98248
chr19	34889044	35089044	harbor1	chr19	34987665	34988008	LTR/ERVL-MaLR	1354	+	172	34987837	98793
chr19	12433200	12633200	harbor1	chr19	12433777	12434192	LTR/ERVL-MaLR	1640	+	208	12433985	785
chr19	34737978	34937978	harbor1	chr19	34763505	34763703	LTR/ERVL-MaLR	946	+	99	34763604	25626
chr19	34737978	34937978	harbor1	chr19	34774861	34775253	LTR/ERVL-MaLR	2130	+	196	34775057	37079
chr19	34737978	34937978	harbor1	chr19	34809611	34809991	LTR/ERVL-MaLR	2108	+	190	34809801	71823
chr19	34737978	34937978	harbor1	chr19	34814427	34814795	LTR/ERVL-MaLR	2120	+	184	34814611	76633
chr19	34654273	34854273	harbor1	chr19	34695383	34695776	LTR/ERVL-MaLR	2149	+	196	34695579	41306
chr19	35796805	35996805	harbor1	chr19	35822879	35823209	LTR/ERVL-MaLR	796	+	165	35823044	26239
chr19	35796805	35996805	harbor1	chr19	35829069	35829372	LTR/ERVL-MaLR	691	+	152	35829221	32416
chr19	55633364	55833364	harbor1	chr19	55704252	55704615	LTR/ERVL-MaLR	1301	+	182	55704434	71070
chr19	55633364	55833364	harbor1	chr19	55710432	55710803	LTR/ERVL-MaLR	2076	+	186	55710618	77254
chr19	55633364	55833364	harbor1	chr19	55721648	55722001	LTR/ERVL-MaLR	2366	+	176	55721824	88460
chr19	28530660	28730660	harbor1	chr19	28574314	28574715	LTR/ERVL-MaLR	2042	+	200	28574514	43854
chr19	28530660	28730660	harbor1	chr19	28618871	28619367	LTR/ERVL-MaLR	1252	+	248	28619119	88459
chr19	50968686	51168686	harbor1	chr19	50987289	50987646	LTR/ERVL-MaLR	877	+	178	50987467	18781
chr19	50968686	51168686	harbor1	chr19	51057777	51058298	LTR/ERVL-MaLR	1935	+	260	51058037	89351
chr19	46808015	47008015	harbor1	chr19	46819188	46819335	LTR/ERVL-MaLR	1023	+	74	46819262	11247
chr19	46808015	47008015	harbor1	chr19	46819637	46819728	LTR/ERVL-MaLR	1023	+	46	46819683	11668
chr19	46808015	47008015	harbor1	chr19	46835798	46836268	LTR/ERVL-MaLR	2160	+	235	46836033	28018
chr19	46808015	47008015	harbor1	chr19	46841689	46841909	LTR/ERVL-MaLR	772	+	110	46841799	33784
chr19	39817801	40017801	harbor1	chr19	39834919	39835238	LTR/ERVL-MaLR	1675	+	160	39835079	17278
chr19	39817801	40017801	harbor1	chr19	39835547	39835600	LTR/ERVL-MaLR	1675	+	26	39835573	17772
chr19	39817801	40017801	harbor1	chr19	39849752	39849893	LTR/ERVL-MaLR	1129	+	70	39849822	32021
chr19	39817801	40017801	harbor1	chr19	39850200	39850387	LTR/ERVL-MaLR	1129	+	94	39850294	32493
chr19	39817801	40017801	harbor1	chr19	39866091	39866501	LTR/ERVL-MaLR	1414	+	205	39866296	48495
chr19	39817801	40017801	harbor1	chr19	39867148	39867679	LTR/ERVL-MaLR	2055	+	266	39867414	49613
chr19	39817801	40017801	harbor1	chr19	39868998	39869302	LTR/ERVL-MaLR	1525	+	152	39869150	51349
chr19	39817801	40017801	harbor1	chr19	39869908	39870073	LTR/ERVL-MaLR	1525	+	82	39869990	52189
chr19	39817801	40017801	harbor1	chr19	39886745	39887184	LTR/ERVL-MaLR	1163	+	220	39886965	69164
chr19	39817801	40017801	harbor1	chr19	39902997	39903436	LTR/ERVL-MaLR	1185	+	220	39903217	85416
chr19	39817801	40017801	harbor1	chr19	39910783	39911150	LTR/ERVL-MaLR	876	+	184	39910967	93166
chr19	39817801	40017801	harbor1	chr19	39911475	39911543	LTR/ERVL-MaLR	876	+	34	39911509	93708
chr19	31369995	31569995	harbor1	chr19	31372710	31373078	LTR/ERVL-MaLR	900	+	184	31372894	2899
chr19	31369995	31569995	harbor1	chr19	31377791	31378134	LTR/ERVL-MaLR	2229	+	172	31377963	7968
chr19	31369995	31569995	harbor1	chr19	31394271	31394620	LTR/ERVL-MaLR	2815	+	174	31394445	24450
chr19	31369995	31569995	harbor1	chr19	31394625	31394974	LTR/ERVL-MaLR	2475	+	174	31394799	24804
chr19	31369995	31569995	harbor1	chr19	31397896	31398309	LTR/ERVL-MaLR	2014	+	206	31398102	28107
chr19	31369995	31569995	harbor1	chr19	31408180	31408728	LTR/ERVL-MaLR	1747	+	274	31408454	38459
chr19	31369995	31569995	harbor1	chr19	31436883	31437267	LTR/ERVL-MaLR	2342	+	192	31437075	67080
chr19	45163908	45363908	harbor1	chr19	45201708	45201941	LTR/ERVL-MaLR	2277	+	116	45201824	37916
chr19	45163908	45363908	harbor1	chr19	45202240	45202376	LTR/ERVL-MaLR	2277	+	68	45202308	38400
chr19	45163908	45363908	harbor1	chr19	45237682	45237861	LTR/ERVL-MaLR	752	+	90	45237772	73864
chr19	33867792	34067792	harbor1	chr19	33891294	33891644	LTR/ERVL-MaLR	1749	+	175	33891469	23677
chr19	33867792	34067792	harbor1	chr19	33896981	33897372	LTR/ERVL-MaLR	1682	+	196	33897177	29385
chr19	33867792	34067792	harbor1	chr19	33912703	33912786	LTR/ERVL-MaLR	747	+	42	33912745	44953
chr19	33867792	34067792	harbor1	chr19	33913185	33913437	LTR/ERVL-MaLR	760	+	126	33913311	45519
chr19	33867792	34067792	harbor1	chr19	33913740	33913798	LTR/ERVL-MaLR	760	+	29	33913769	45977
chr19	33867792	34067792	harbor1	chr19	33916692	33917095	LTR/ERVL-MaLR	2121	+	202	33916894	49102
chr19	33867792	34067792	harbor1	chr19	33917500	33917861	LTR/ERVL-MaLR	2333	+	180	33917680	49888
chr19	33867792	34067792	harbor1	chr19	33919581	33919998	LTR/ERVL-MaLR	2849	+	208	33919789	51997
chr19	33867792	34067792	harbor1	chr19	33945984	33946159	LTR/ERVL-MaLR	2425	+	88	33946072	78280
chr19	33867792	34067792	harbor1	chr19	33946401	33946571	LTR/ERVL-MaLR	2425	+	85	33946486	78694
chr19	33867792	34067792	harbor1	chr19	33946880	33946945	LTR/ERVL-MaLR	2425	+	32	33946912	79120
chr19	33867792	34067792	harbor1	chr19	33952426	33952759	LTR/ERVL-MaLR	2467	+	166	33952592	84800
chr19	33867792	34067792	harbor1	chr19	33953067	33953108	LTR/ERVL-MaLR	2467	+	20	33953087	85295
chr19	33867792	34067792	harbor1	chr19	33956061	33956427	LTR/ERVL-MaLR	2404	+	183	33956244	88452
chr19	33867792	34067792	harbor1	chr19	33962424	33962804	LTR/ERVL-MaLR	2346	+	190	33962614	94822
chr19	5837695	6037695	harbor1	chr19	5907326	5907490	LTR/ERVL-MaLR	1825	+	82	5907408	69713
chr19	5837695	6037695	harbor1	chr19	5907788	5908001	LTR/ERVL-MaLR	1825	+	106	5907894	70199
chr19	56196735	56396735	harbor1	chr19	56258663	56259170	LTR/ERVL-MaLR	662	+	254	56258917	62182
chr19	56196735	56396735	harbor1	chr19	56269411	56269698	LTR/ERVL-MaLR	682	+	144	56269555	72820
chr19	56196735	56396735	harbor1	chr19	56269705	56269966	LTR/ERVL-MaLR	1145	+	130	56269835	73100
chr19	22455404	22655404	harbor1	chr19	22470230	22470619	LTR/ERVL-MaLR	1469	+	194	22470424	15020
chr19	53303709	53503709	harbor1	chr19	53307049	53307462	LTR/ERVL-MaLR	2217	+	206	53307255	3546
chr19	56394621	56594621	harbor1	chr19	56457769	56458129	LTR/ERVL-MaLR	1923	+	180	56457949	63328
chr19	56394621	56594621	harbor1	chr19	56461454	56461687	LTR/ERVL-MaLR	1106	+	116	56461570	66949
chr19	56394621	56594621	harbor1	chr19	56467233	56467379	LTR/ERVL-MaLR	792	+	73	56467306	72685
chr19	56394621	56594621	harbor1	chr19	56470962	56471362	LTR/ERVL-MaLR	2486	+	200	56471162	76541
chr19	56394621	56594621	harbor1	chr19	56471844	56472148	LTR/ERVL-MaLR	1798	+	152	56471996	77375
chr19	56394621	56594621	harbor1	chr19	56490380	56490842	LTR/ERVL-MaLR	1592	+	231	56490611	95990
chr19	6990165	7190165	harbor1	chr19	7011366	7011658	LTR/ERVL-MaLR	760	+	146	7011512	21347
chr19	17314753	17514753	harbor1	chr19	17367848	17367888	LTR/ERVL-MaLR	1272	+	20	17367868	53115
chr19	17314753	17514753	harbor1	chr19	17368511	17368695	LTR/ERVL-MaLR	1272	+	92	17368603	53850
chr19	17314753	17514753	harbor1	chr19	17369008	17369122	LTR/ERVL-MaLR	1272	+	57	17369065	54312
chr19	33332835	33532835	harbor1	chr19	33366698	33367099	LTR/ERVL-MaLR	1382	+	200	33366898	34063
chr19	13614302	13814302	harbor1	chr19	13627975	13628186	LTR/ERVL-MaLR	1225	+	106	13628081	13779
chr19	13614302	13814302	harbor1	chr19	13628473	13628669	LTR/ERVL-MaLR	1319	+	98	13628571	14269
chr19	13614302	13814302	harbor1	chr19	13628966	13629011	LTR/ERVL-MaLR	1319	+	22	13628988	14686
chr19	13614302	13814302	harbor1	chr19	13634095	13634278	LTR/ERVL-MaLR	1687	+	92	13634187	19885
chr19	13614302	13814302	harbor1	chr19	13634596	13634634	LTR/ERVL-MaLR	1687	+	19	13634615	20313
chr19	13614302	13814302	harbor1	chr19	13634757	13634960	LTR/ERVL-MaLR	1687	+	102	13634859	20557
chr19	13614302	13814302	harbor1	chr19	13641894	13642204	LTR/ERVL-MaLR	1098	+	155	13642049	27747
chr19	13614302	13814302	harbor1	chr19	13642522	13642586	LTR/ERVL-MaLR	1098	+	32	13642554	28252
chr19	13614302	13814302	harbor1	chr19	13651573	13651829	LTR/ERVL-MaLR	1124	+	128	13651701	37399
chr19	13614302	13814302	harbor1	chr19	13662642	13663168	LTR/ERVL-MaLR	1277	+	263	13662905	48603
chr19	13614302	13814302	harbor1	chr19	13671802	13671972	LTR/ERVL-MaLR	1899	+	85	13671887	57585
chr19	13614302	13814302	harbor1	chr19	13672267	13672546	LTR/ERVL-MaLR	1899	+	140	13672407	58105
chr19	13614302	13814302	harbor1	chr19	13689274	13689576	LTR/ERVL-MaLR	743	+	151	13689425	75123
chr19	13614302	13814302	harbor1	chr19	13705367	13705510	LTR/ERVL-MaLR	728	+	72	13705439	91137
chr19	37696421	37896421	harbor1	chr19	37735233	37735635	LTR/ERVL-MaLR	894	+	201	37735434	39013
chr19	37696421	37896421	harbor1	chr19	37735637	37735923	LTR/ERVL-MaLR	1480	+	143	37735780	39359
chr19	37696421	37896421	harbor1	chr19	37736214	37736476	LTR/ERVL-MaLR	1480	+	131	37736345	39924
chr19	37696421	37896421	harbor1	chr19	37737667	37737880	LTR/ERVL-MaLR	666	+	106	37737773	41352
chr19	20823878	21023878	harbor1	chr19	20920545	20920767	LTR/ERVL-MaLR	1057	+	111	20920656	96778
chr19	20823878	21023878	harbor1	chr19	20921079	20921133	LTR/ERVL-MaLR	1057	+	27	20921106	97228
chr19	20823878	21023878	harbor1	chr19	20921435	20921696	LTR/ERVL-MaLR	1057	+	130	20921565	97687
chr19	22500253	22700253	harbor1	chr19	22556612	22556932	LTR/ERVL-MaLR	900	+	160	22556772	56519
chr19	22500253	22700253	harbor1	chr19	22587014	22587352	LTR/ERVL-MaLR	2223	+	169	22587183	86930
chr19	32079229	32279229	harbor1	chr19	32090221	32090638	LTR/ERVL-MaLR	2461	+	208	32090429	11200
chr19	32079229	32279229	harbor1	chr19	32107183	32107547	LTR/ERVL-MaLR	2090	+	182	32107365	28136
chr19	34931680	35131680	harbor1	chr19	34948361	34948773	LTR/ERVL-MaLR	996	+	206	34948567	16887
chr19	34931680	35131680	harbor1	chr19	34983822	34984203	LTR/ERVL-MaLR	1109	+	190	34984012	52332
chr19	34931680	35131680	harbor1	chr19	34987241	34987343	LTR/ERVL-MaLR	1354	+	51	34987292	55612
chr19	34931680	35131680	harbor1	chr19	34987665	34988008	LTR/ERVL-MaLR	1354	+	172	34987837	56157
chr19	34931680	35131680	harbor1	chr19	35017187	35017329	LTR/ERVL-MaLR	909	+	71	35017258	85578
chr19	50999784	51199784	harbor1	chr19	51057777	51058298	LTR/ERVL-MaLR	1935	+	260	51058037	58253
chr19	6679456	6879456	harbor1	chr19	6680369	6680754	LTR/ERVL-MaLR	954	+	192	6680561	1105
chr19	6679456	6879456	harbor1	chr19	6711228	6711652	LTR/ERVL-MaLR	1244	+	212	6711440	31984
chr19	6679456	6879456	harbor1	chr19	6761111	6761508	LTR/ERVL-MaLR	1068	+	198	6761309	81853
chr19	29242996	29442996	harbor1	chr19	29249245	29249623	LTR/ERVL-MaLR	2026	+	189	29249434	6438
chr19	29242996	29442996	harbor1	chr19	29316379	29316693	LTR/ERVL-MaLR	1328	+	157	29316536	73540
chr19	29242996	29442996	harbor1	chr19	29325219	29325568	LTR/ERVL-MaLR	1370	+	174	29325393	82397
chr19	29242996	29442996	harbor1	chr19	29334275	29334574	LTR/ERVL-MaLR	683	+	150	29334425	91429
chr19	36439830	36639830	harbor1	chr19	36538617	36538990	LTR/ERVL-MaLR	2266	+	186	36538803	98973
chr19	43581101	43781101	harbor1	chr19	43600872	43601115	LTR/ERVL-MaLR	689	+	122	43600994	19893
chr19	43581101	43781101	harbor1	chr19	43602771	43603192	LTR/ERVL-MaLR	2005	+	210	43602981	21880
chr19	43581101	43781101	harbor1	chr19	43628481	43628532	LTR/ERVL-MaLR	755	+	26	43628507	47406
chr19	43581101	43781101	harbor1	chr19	43628533	43629052	LTR/ERVL-MaLR	1442	+	260	43628793	47692
chr19	43581101	43781101	harbor1	chr19	43629053	43629384	LTR/ERVL-MaLR	840	+	166	43629219	48118
chr19	43581101	43781101	harbor1	chr19	43631455	43631875	LTR/ERVL-MaLR	1056	+	210	43631665	50564
chr19	43581101	43781101	harbor1	chr19	43644092	43644152	LTR/ERVL-MaLR	877	+	30	43644122	63021
chr19	43581101	43781101	harbor1	chr19	43644460	43644715	LTR/ERVL-MaLR	877	+	128	43644588	63487
chr19	43581101	43781101	harbor1	chr19	43655659	43655972	LTR/ERVL-MaLR	1084	+	156	43655815	74714
chr19	43581101	43781101	harbor1	chr19	43656285	43656427	LTR/ERVL-MaLR	1084	+	71	43656356	75255
chr19	43581101	43781101	harbor1	chr19	43657847	43657920	LTR/ERVL-MaLR	1990	+	36	43657883	76782
chr19	43581101	43781101	harbor1	chr19	43658055	43658476	LTR/ERVL-MaLR	1990	+	210	43658265	77164
chr19	43581101	43781101	harbor1	chr19	43677065	43677590	LTR/ERVL-MaLR	1648	+	262	43677327	96226
chr19	43581101	43781101	harbor1	chr19	43679000	43679189	LTR/ERVL-MaLR	2014	+	94	43679094	97993
chr19	43581101	43781101	harbor1	chr19	43680442	43680646	LTR/ERVL-MaLR	965	+	102	43680544	99443
chr19	43581101	43781101	harbor1	chr19	43679486	43679757	LTR/ERVL-MaLR	2014	+	136	43679622	98521
chr19	33752191	33952191	harbor1	chr19	33765189	33765425	LTR/ERVL-MaLR	656	+	118	33765307	13116
chr19	33752191	33952191	harbor1	chr19	33784881	33785392	LTR/ERVL-MaLR	2068	+	256	33785137	32946
chr19	33752191	33952191	harbor1	chr19	33787144	33787557	LTR/ERVL-MaLR	2822	+	206	33787350	35159
chr19	32259246	32459246	harbor1	chr19	32300254	32300586	LTR/ERVL-MaLR	1381	+	166	32300420	41174
chr19	32259246	32459246	harbor1	chr19	32338666	32339047	LTR/ERVL-MaLR	2073	+	190	32338856	79610
chr19	20918264	21118264	harbor1	chr19	20920545	20920767	LTR/ERVL-MaLR	1057	+	111	20920656	2392
chr19	20918264	21118264	harbor1	chr19	20921079	20921133	LTR/ERVL-MaLR	1057	+	27	20921106	2842
chr19	20918264	21118264	harbor1	chr19	20921435	20921696	LTR/ERVL-MaLR	1057	+	130	20921565	3301
chr19	20918264	21118264	harbor1	chr19	20943206	20943597	LTR/ERVL-MaLR	1651	+	196	20943402	25138
chr19	20918264	21118264	harbor1	chr19	21017859	21018353	LTR/ERVL-MaLR	1351	+	247	21018106	99842
chr19	28409130	28609130	harbor1	chr19	28425930	28426077	LTR/ERVL-MaLR	1463	+	74	28426004	16874
chr19	28409130	28609130	harbor1	chr19	28426378	28426661	LTR/ERVL-MaLR	1463	+	142	28426520	17390
chr19	28409130	28609130	harbor1	chr19	28473547	28473928	LTR/ERVL-MaLR	2132	+	190	28473737	64607
chr19	28409130	28609130	harbor1	chr19	28475515	28475876	LTR/ERVL-MaLR	2026	+	180	28475695	66565
chr19	30991070	31191070	harbor1	chr19	30997692	30998044	LTR/ERVL-MaLR	2251	+	176	30997868	6798
chr19	30991070	31191070	harbor1	chr19	31000219	31000803	LTR/ERVL-MaLR	1031	+	292	31000511	9441
chr19	30991070	31191070	harbor1	chr19	31047998	31048465	LTR/ERVL-MaLR	1409	+	234	31048232	57162
chr19	30991070	31191070	harbor1	chr19	31060669	31061032	LTR/ERVL-MaLR	2820	+	182	31060851	69781
chr19	30991070	31191070	harbor1	chr19	31062642	31063005	LTR/ERVL-MaLR	1944	+	182	31062824	71754
chr19	30991070	31191070	harbor1	chr19	31080588	31080615	LTR/ERVL-MaLR	2010	+	14	31080602	89532
chr19	30991070	31191070	harbor1	chr19	31081305	31081671	LTR/ERVL-MaLR	2010	+	183	31081488	90418
chr19	42950171	43150171	harbor1	chr19	42953984	42954177	LTR/ERVL-MaLR	724	+	96	42954080	3909
chr19	42950171	43150171	harbor1	chr19	42980476	42980890	LTR/ERVL-MaLR	2121	+	207	42980683	30512
chr19	42950171	43150171	harbor1	chr19	42983783	42984169	LTR/ERVL-MaLR	2347	+	193	42983976	33805
chr19	42950171	43150171	harbor1	chr19	42987624	42988032	LTR/ERVL-MaLR	2419	+	204	42987828	37657
chr19	42950171	43150171	harbor1	chr19	43004093	43004129	LTR/ERVL-MaLR	788	+	18	43004111	53940
chr19	42950171	43150171	harbor1	chr19	43004423	43004646	LTR/ERVL-MaLR	788	+	112	43004535	54364
chr19	42950171	43150171	harbor1	chr19	43048413	43048619	LTR/ERVL-MaLR	661	+	103	43048516	98345
chr19	42345833	42545833	harbor1	chr19	42435382	42435550	LTR/ERVL-MaLR	1671	+	84	42435466	89633
chr19	42345833	42545833	harbor1	chr19	42435846	42436068	LTR/ERVL-MaLR	1671	+	111	42435957	90124
chr19	50589266	50789266	harbor1	chr19	50589122	50589448	LTR/ERVL-MaLR	1647	+	163	50589285	19
chr19	50589266	50789266	harbor1	chr19	50589746	50589779	LTR/ERVL-MaLR	1647	+	16	50589762	496
chr19	50589266	50789266	harbor1	chr19	50590239	50590592	LTR/ERVL-MaLR	823	+	176	50590415	1149
chr19	50589266	50789266	harbor1	chr19	50590890	50590956	LTR/ERVL-MaLR	823	+	33	50590923	1657
chr19	50589266	50789266	harbor1	chr19	50612978	50613319	LTR/ERVL-MaLR	1852	+	170	50613148	23882
chr19	50589266	50789266	harbor1	chr19	50613572	50613623	LTR/ERVL-MaLR	1852	+	26	50613598	24332
chr19	50589266	50789266	harbor1	chr19	50613624	50613947	LTR/ERVL-MaLR	1033	+	162	50613786	24520
chr19	50589266	50789266	harbor1	chr19	50676718	50677127	LTR/ERVL-MaLR	929	+	204	50676922	87656
chr19	50589266	50789266	harbor1	chr19	50677429	50677458	LTR/ERVL-MaLR	929	+	14	50677443	88177
chr19	31358035	31558035	harbor1	chr19	31372710	31373078	LTR/ERVL-MaLR	900	+	184	31372894	14859
chr19	31358035	31558035	harbor1	chr19	31377791	31378134	LTR/ERVL-MaLR	2229	+	172	31377963	19928
chr19	31358035	31558035	harbor1	chr19	31394271	31394620	LTR/ERVL-MaLR	2815	+	174	31394445	36410
chr19	31358035	31558035	harbor1	chr19	31394625	31394974	LTR/ERVL-MaLR	2475	+	174	31394799	36764
chr19	31358035	31558035	harbor1	chr19	31397896	31398309	LTR/ERVL-MaLR	2014	+	206	31398102	40067
chr19	31358035	31558035	harbor1	chr19	31408180	31408728	LTR/ERVL-MaLR	1747	+	274	31408454	50419
chr19	31358035	31558035	harbor1	chr19	31436883	31437267	LTR/ERVL-MaLR	2342	+	192	31437075	79040
chr19	40991912	41191912	harbor1	chr19	41042129	41042383	LTR/ERVL-MaLR	1574	+	127	41042256	50344
chr19	40991912	41191912	harbor1	chr19	41042696	41042759	LTR/ERVL-MaLR	1574	+	32	41042728	50816
chr19	40991912	41191912	harbor1	chr19	41043458	41043887	LTR/ERVL-MaLR	1503	+	214	41043672	51760
chr19	40991912	41191912	harbor1	chr19	41044189	41044269	LTR/ERVL-MaLR	1503	+	40	41044229	52317
chr19	40991912	41191912	harbor1	chr19	41054223	41054460	LTR/ERVL-MaLR	1206	+	118	41054341	62429
chr19	40991912	41191912	harbor1	chr19	41054766	41055020	LTR/ERVL-MaLR	1206	+	127	41054893	62981
chr19	40991912	41191912	harbor1	chr19	41065020	41065405	LTR/ERVL-MaLR	1058	+	192	41065212	73300
chr19	40991912	41191912	harbor1	chr19	41065708	41065782	LTR/ERVL-MaLR	1058	+	37	41065745	73833
chr19	40991912	41191912	harbor1	chr19	41066547	41066960	LTR/ERVL-MaLR	2285	+	206	41066753	74841
chr19	30168394	30368394	harbor1	chr19	30170388	30170737	LTR/ERVL-MaLR	1310	+	174	30170562	2168
chr19	30168394	30368394	harbor1	chr19	30178050	30178526	LTR/ERVL-MaLR	1067	+	238	30178288	9894
chr19	30168394	30368394	harbor1	chr19	30200738	30200876	LTR/ERVL-MaLR	856	+	69	30200807	32413
chr19	30168394	30368394	harbor1	chr19	30201150	30201498	LTR/ERVL-MaLR	856	+	174	30201324	32930
chr19	30168394	30368394	harbor1	chr19	30201800	30201959	LTR/ERVL-MaLR	856	+	80	30201880	33486
chr19	30168394	30368394	harbor1	chr19	30202057	30202318	LTR/ERVL-MaLR	749	+	130	30202187	33793
chr19	21071426	21271426	harbor1	chr19	21077237	21077716	LTR/ERVL-MaLR	3090	+	240	21077477	6051
chr19	21071426	21271426	harbor1	chr19	21108360	21108751	LTR/ERVL-MaLR	1626	+	196	21108556	37130
chr19	21071426	21271426	harbor1	chr19	21140256	21140763	LTR/ERVL-MaLR	1206	+	254	21140510	69084
chr19	6810243	7010243	harbor1	chr19	6818544	6818796	LTR/ERVL-MaLR	1230	+	126	6818670	8427
chr19	6810243	7010243	harbor1	chr19	6877955	6878238	LTR/ERVL-MaLR	940	+	142	6878097	67854
chr19	6810243	7010243	harbor1	chr19	6891023	6891369	LTR/ERVL-MaLR	2201	+	173	6891196	80953
chr19	29137626	29337626	harbor1	chr19	29172324	29172717	LTR/ERVL-MaLR	1772	+	196	29172520	34894
chr19	29137626	29337626	harbor1	chr19	29201198	29201502	LTR/ERVL-MaLR	1587	+	152	29201350	63724
chr19	29137626	29337626	harbor1	chr19	29216168	29216292	LTR/ERVL-MaLR	793	+	62	29216230	78604
chr19	29137626	29337626	harbor1	chr19	29216656	29216920	LTR/ERVL-MaLR	793	+	132	29216788	79162
chr19	19710554	19910554	harbor1	chr19	19777952	19778325	LTR/ERVL-MaLR	2652	+	186	19778138	67584
chr19	19710554	19910554	harbor1	chr19	19779675	19780010	LTR/ERVL-MaLR	1527	+	168	19779843	69289
chr19	8751329	8951329	harbor1	chr19	8754194	8754449	LTR/ERVL-MaLR	1042	+	128	8754322	2993
chr19	8751329	8951329	harbor1	chr19	8761650	8761905	LTR/ERVL-MaLR	1042	+	128	8761778	10449
chr19	8751329	8951329	harbor1	chr19	8775406	8775661	LTR/ERVL-MaLR	1042	+	128	8775534	24205
chr19	8751329	8951329	harbor1	chr19	8780717	8780972	LTR/ERVL-MaLR	1065	+	128	8780845	29516
chr19	8751329	8951329	harbor1	chr19	8788176	8788431	LTR/ERVL-MaLR	1116	+	128	8788304	36975
chr19	8751329	8951329	harbor1	chr19	8803005	8803103	LTR/ERVL-MaLR	1527	+	49	8803054	51725
chr19	8751329	8951329	harbor1	chr19	8803417	8803671	LTR/ERVL-MaLR	1527	+	127	8803544	52215
chr19	8751329	8951329	harbor1	chr19	8803975	8804037	LTR/ERVL-MaLR	1527	+	31	8804006	52677
chr19	8751329	8951329	harbor1	chr19	8810665	8811203	LTR/ERVL-MaLR	1564	+	269	8810934	59605
chr19	8751329	8951329	harbor1	chr19	8823987	8824510	LTR/ERVL-MaLR	1687	+	262	8824249	72920
chr19	8751329	8951329	harbor1	chr19	8825780	8826175	LTR/ERVL-MaLR	1715	+	198	8825978	74649
chr19	8751329	8951329	harbor1	chr19	8826706	8826836	LTR/ERVL-MaLR	1715	+	65	8826771	75442
chr19	8751329	8951329	harbor1	chr19	8829967	8830359	LTR/ERVL-MaLR	1805	+	196	8830163	78834
chr19	8751329	8951329	harbor1	chr19	8847606	8848002	LTR/ERVL-MaLR	2200	+	198	8847804	96475
chr19	8751329	8951329	harbor1	chr19	8848645	8848683	LTR/ERVL-MaLR	2200	+	19	8848664	97335
chr19	8618587	8818587	harbor1	chr19	8621844	8622026	LTR/ERVL-MaLR	1234	+	91	8621935	3348
chr19	8618587	8818587	harbor1	chr19	8624416	8624568	LTR/ERVL-MaLR	811	+	76	8624492	5905
chr19	8618587	8818587	harbor1	chr19	8626238	8626390	LTR/ERVL-MaLR	908	+	76	8626314	7727
chr19	21992273	22192273	harbor1	chr19	22080269	22080619	LTR/ERVL-MaLR	1083	+	175	22080444	88171
chr19	5880368	6080368	harbor1	chr19	5907326	5907490	LTR/ERVL-MaLR	1825	+	82	5907408	27040
chr19	5880368	6080368	harbor1	chr19	5907788	5908001	LTR/ERVL-MaLR	1825	+	106	5907894	27526
chr19	5880368	6080368	harbor1	chr19	5960043	5960311	LTR/ERVL-MaLR	629	+	134	5960177	79809
chr19	12552889	12752889	harbor1	chr19	12574041	12574311	LTR/ERVL-MaLR	894	+	135	12574176	21287
chr19	12552889	12752889	harbor1	chr19	12651190	12651553	LTR/ERVL-MaLR	952	+	182	12651372	98483
chr19	9449408	9649408	harbor1	chr19	9452968	9453340	LTR/ERVL-MaLR	988	+	186	9453154	3746
chr19	9449408	9649408	harbor1	chr19	9472146	9472327	LTR/ERVL-MaLR	2396	+	90	9472236	22828
chr19	9449408	9649408	harbor1	chr19	9472879	9473122	LTR/ERVL-MaLR	2396	+	122	9473001	23593
chr19	9449408	9649408	harbor1	chr19	9476124	9476285	LTR/ERVL-MaLR	2032	+	80	9476204	26796
chr19	9449408	9649408	harbor1	chr19	9476590	9476829	LTR/ERVL-MaLR	2032	+	120	9476710	27302
chr19	9449408	9649408	harbor1	chr19	9487953	9488376	LTR/ERVL-MaLR	1550	+	212	9488165	38757
chr19	9449408	9649408	harbor1	chr19	9488751	9489093	LTR/ERVL-MaLR	2108	+	171	9488922	39514
chr19	40713154	40913154	harbor1	chr19	40771711	40771911	LTR/ERVL-MaLR	713	+	100	40771811	58657
chr19	42426741	42626741	harbor1	chr19	42435382	42435550	LTR/ERVL-MaLR	1671	+	84	42435466	8725
chr19	42426741	42626741	harbor1	chr19	42435846	42436068	LTR/ERVL-MaLR	1671	+	111	42435957	9216
chr19	42426741	42626741	harbor1	chr19	42459304	42459760	LTR/ERVL-MaLR	1991	+	228	42459532	32791
chr19	42426741	42626741	harbor1	chr19	42500855	42501199	LTR/ERVL-MaLR	1118	+	172	42501027	74286
chr19	42426741	42626741	harbor1	chr19	42501942	42502322	LTR/ERVL-MaLR	802	+	190	42502132	75391
chr19	43394710	43594710	harbor1	chr19	43437760	43437913	LTR/ERVL-MaLR	762	+	76	43437836	43126
chr19	43394710	43594710	harbor1	chr19	43451005	43451179	LTR/ERVL-MaLR	1724	+	87	43451092	56382
chr19	43394710	43594710	harbor1	chr19	43451487	43451502	LTR/ERVL-MaLR	1724	+	8	43451495	56785
chr19	43394710	43594710	harbor1	chr19	43451543	43451656	LTR/ERVL-MaLR	1724	+	56	43451599	56889
chr19	43394710	43594710	harbor1	chr19	43452270	43452338	LTR/ERVL-MaLR	1724	+	34	43452304	57594
chr19	43259801	43459801	harbor1	chr19	43294752	43294962	LTR/ERVL-MaLR	748	+	105	43294857	35056
chr19	43259801	43459801	harbor1	chr19	43336735	43337010	LTR/ERVL-MaLR	1039	+	138	43336873	77072
chr19	34694532	34894532	harbor1	chr19	34695383	34695776	LTR/ERVL-MaLR	2149	+	196	34695579	1047
chr19	34694532	34894532	harbor1	chr19	34763505	34763703	LTR/ERVL-MaLR	946	+	99	34763604	69072
chr19	34694532	34894532	harbor1	chr19	34774861	34775253	LTR/ERVL-MaLR	2130	+	196	34775057	80525
chr19	21100068	21300068	harbor1	chr19	21108360	21108751	LTR/ERVL-MaLR	1626	+	196	21108556	8488
chr19	21100068	21300068	harbor1	chr19	21140256	21140763	LTR/ERVL-MaLR	1206	+	254	21140510	40442
chr19	21100068	21300068	harbor1	chr19	21174101	21174250	LTR/ERVL-MaLR	775	+	74	21174175	74107
chr19	52253216	52453216	harbor1	chr19	52254165	52254235	LTR/ERVL-MaLR	731	+	35	52254200	984
chr19	52253216	52453216	harbor1	chr19	52254543	52254965	LTR/ERVL-MaLR	731	+	211	52254754	1538
chr19	34483331	34683331	harbor1	chr19	34545887	34546195	LTR/ERVL-MaLR	1556	+	154	34546041	62710
chr19	34483331	34683331	harbor1	chr19	34546508	34546583	LTR/ERVL-MaLR	1556	+	38	34546546	63215
chr19	11985587	12185587	harbor1	chr19	12029593	12029799	LTR/ERVL-MaLR	1101	+	103	12029696	44109
chr19	11985587	12185587	harbor1	chr19	12030107	12030214	LTR/ERVL-MaLR	1101	+	54	12030161	44574
chr19	11985587	12185587	harbor1	chr19	12030520	12030586	LTR/ERVL-MaLR	1101	+	33	12030553	44966
chr19	41158657	41358657	harbor1	chr19	41165232	41165438	LTR/ERVL-MaLR	1893	+	103	41165335	6678
chr19	41158657	41358657	harbor1	chr19	41165743	41166017	LTR/ERVL-MaLR	1893	+	137	41165880	7223
chr19	42758176	42958176	harbor1	chr19	42798437	42798639	LTR/ERVL-MaLR	746	+	101	42798538	40362
chr19	42758176	42958176	harbor1	chr19	42811601	42812015	LTR/ERVL-MaLR	2158	+	207	42811808	53632
chr19	42758176	42958176	harbor1	chr19	42815177	42815563	LTR/ERVL-MaLR	2337	+	193	42815370	57194
chr19	42758176	42958176	harbor1	chr19	42819338	42819740	LTR/ERVL-MaLR	2449	+	201	42819539	61363
chr19	42758176	42958176	harbor1	chr19	42833334	42833370	LTR/ERVL-MaLR	780	+	18	42833352	75176
chr19	42758176	42958176	harbor1	chr19	42833675	42833856	LTR/ERVL-MaLR	780	+	90	42833765	75589
chr19	16914335	17114335	harbor1	chr19	16919231	16919661	LTR/ERVL-MaLR	1939	+	215	16919446	5111
chr19	16914335	17114335	harbor1	chr19	16923513	16923681	LTR/ERVL-MaLR	1373	+	84	16923597	9262
chr19	16914335	17114335	harbor1	chr19	16923981	16924249	LTR/ERVL-MaLR	1373	+	134	16924115	9780
chr19	16914335	17114335	harbor1	chr19	16927126	16927490	LTR/ERVL-MaLR	2320	+	182	16927308	12973
chr19	16914335	17114335	harbor1	chr19	16941520	16941692	LTR/ERVL-MaLR	2319	+	86	16941606	27271
chr19	16914335	17114335	harbor1	chr19	16942002	16942179	LTR/ERVL-MaLR	2319	+	88	16942090	27755
chr19	16914335	17114335	harbor1	chr19	16942467	16942549	LTR/ERVL-MaLR	2319	+	41	16942508	28173
chr19	16914335	17114335	harbor1	chr19	16950832	16950990	LTR/ERVL-MaLR	693	+	79	16950911	36576
chr19	16914335	17114335	harbor1	chr19	16969442	16969597	LTR/ERVL-MaLR	755	+	78	16969520	55185
chr19	16914335	17114335	harbor1	chr19	16970609	16970831	LTR/ERVL-MaLR	1147	+	111	16970720	56385
chr19	16914335	17114335	harbor1	chr19	16982818	16983120	LTR/ERVL-MaLR	2144	+	151	16982969	68634
chr19	16914335	17114335	harbor1	chr19	16983430	16983506	LTR/ERVL-MaLR	2144	+	38	16983468	69133
chr19	56362587	56562587	harbor1	chr19	56363415	56364094	LTR/ERVL-MaLR	3902	+	340	56363755	1168
chr19	56362587	56562587	harbor1	chr19	56457769	56458129	LTR/ERVL-MaLR	1923	+	180	56457949	95362
chr19	56362587	56562587	harbor1	chr19	56461454	56461687	LTR/ERVL-MaLR	1106	+	116	56461570	98983
chr19	52923772	53123772	harbor1	chr19	52973051	52973313	LTR/ERVL-MaLR	684	+	131	52973182	49410
chr19	7722928	7922928	harbor1	chr19	7726890	7727047	LTR/ERVL-MaLR	2081	+	78	7726968	4040
chr19	7722928	7922928	harbor1	chr19	7727378	7727591	LTR/ERVL-MaLR	2081	+	106	7727484	4556
chr19	7722928	7922928	harbor1	chr19	7737225	7737481	LTR/ERVL-MaLR	1091	+	128	7737353	14425
chr19	7722928	7922928	harbor1	chr19	7756534	7756908	LTR/ERVL-MaLR	2569	+	187	7756721	33793
chr19	7722928	7922928	harbor1	chr19	7756911	7758476	LTR/ERVL-MaLR	9609	+	782	7757693	34765
chr19	7722928	7922928	harbor1	chr19	7758477	7758851	LTR/ERVL-MaLR	2300	+	187	7758664	35736
chr19	7722928	7922928	harbor1	chr19	7775567	7775726	LTR/ERVL-MaLR	1647	+	80	7775647	52719
chr19	7722928	7922928	harbor1	chr19	7776007	7776265	LTR/ERVL-MaLR	1647	+	129	7776136	53208
chr19	7722928	7922928	harbor1	chr19	7811550	7811801	LTR/ERVL-MaLR	1284	+	126	7811676	88748
chr19	7722928	7922928	harbor1	chr19	7819202	7819827	LTR/ERVL-MaLR	2302	+	312	7819514	96586
chr19	57180036	57380036	harbor1	chr19	57179740	57180097	LTR/ERVL-MaLR	1974	+	178	57179918	118
chr19	57180036	57380036	harbor1	chr19	57204348	57204683	LTR/ERVL-MaLR	2272	+	168	57204516	24480
chr19	57180036	57380036	harbor1	chr19	57274864	57275042	LTR/ERVL-MaLR	1149	+	89	57274953	94917
chr19	42603773	42803773	harbor1	chr19	42650550	42650621	LTR/ERVL-MaLR	1115	+	36	42650586	46813
chr19	42603773	42803773	harbor1	chr19	42650919	42651240	LTR/ERVL-MaLR	1115	+	160	42651079	47306
chr19	42603773	42803773	harbor1	chr19	42680665	42681033	LTR/ERVL-MaLR	2286	+	184	42680849	77076
chr19	42603773	42803773	harbor1	chr19	42681343	42681414	LTR/ERVL-MaLR	2286	+	36	42681379	77606
chr19	53241691	53441691	harbor1	chr19	53273904	53274412	LTR/ERVL-MaLR	648	+	254	53274158	32467
chr19	53241691	53441691	harbor1	chr19	53307049	53307462	LTR/ERVL-MaLR	2217	+	206	53307255	65564
chr19	33204124	33404124	harbor1	chr19	33283660	33283964	LTR/ERVL-MaLR	1091	+	152	33283812	79688
chr19	33204124	33404124	harbor1	chr19	33284263	33284428	LTR/ERVL-MaLR	1091	+	82	33284345	80221
chr19	11291347	11491347	harbor1	chr19	11377236	11377613	LTR/ERVL-MaLR	646	+	188	11377424	86077
chr19	11291347	11491347	harbor1	chr19	11390377	11390722	LTR/ERVL-MaLR	1027	+	172	11390549	99202
chr19	40544923	40744923	harbor1	chr19	40631703	40632066	LTR/ERVL-MaLR	2333	+	182	40631885	86962
chr19	40544923	40744923	harbor1	chr19	40635464	40635794	LTR/ERVL-MaLR	771	+	165	40635629	90706
chr19	48959554	49159554	harbor1	chr19	48973009	48973363	LTR/ERVL-MaLR	1961	+	177	48973186	13632
chr19	22031557	22231557	harbor1	chr19	22080269	22080619	LTR/ERVL-MaLR	1083	+	175	22080444	48887
chr19	51641907	51841907	harbor1	chr19	51658117	51658288	LTR/ERVL-MaLR	712	+	86	51658203	16296
chr19	51641907	51841907	harbor1	chr19	51717474	51717675	LTR/ERVL-MaLR	954	+	100	51717574	75667
chr19	51641907	51841907	harbor1	chr19	51717686	51717933	LTR/ERVL-MaLR	1132	+	124	51717810	75903
chr19	51641907	51841907	harbor1	chr19	51736327	51736559	LTR/ERVL-MaLR	673	+	116	51736443	94536
chr19	51641907	51841907	harbor1	chr19	51739525	51739730	LTR/ERVL-MaLR	1089	+	102	51739627	97720
chr19	6894692	7094692	harbor1	chr19	6914094	6914467	LTR/ERVL-MaLR	876	+	186	6914280	19588
chr19	6894692	7094692	harbor1	chr19	6956496	6956839	LTR/ERVL-MaLR	1139	+	172	6956668	61976
chr19	6894692	7094692	harbor1	chr19	6964495	6964638	LTR/ERVL-MaLR	1843	+	72	6964567	69875
chr19	6894692	7094692	harbor1	chr19	6964905	6965134	LTR/ERVL-MaLR	1843	+	114	6965019	70327
chr19	6894692	7094692	harbor1	chr19	6970563	6970960	LTR/ERVL-MaLR	1030	+	198	6970761	76069
chr19	6894692	7094692	harbor1	chr19	6983520	6984068	LTR/ERVL-MaLR	1986	+	274	6983794	89102
chr19	6570303	6770303	harbor1	chr19	6650802	6650984	LTR/ERVL-MaLR	1365	+	91	6650893	80590
chr19	6570303	6770303	harbor1	chr19	6651297	6651492	LTR/ERVL-MaLR	1365	+	98	6651395	81092
chr19	49352417	49552417	harbor1	chr19	49357636	49357815	LTR/ERVL-MaLR	2345	+	90	49357726	5309
chr19	49352417	49552417	harbor1	chr19	49358436	49358621	LTR/ERVL-MaLR	2345	+	92	49358528	6111
chr19	49352417	49552417	harbor1	chr19	49358921	49358948	LTR/ERVL-MaLR	2345	+	14	49358935	6518
chr19	49352417	49552417	harbor1	chr19	49359252	49359308	LTR/ERVL-MaLR	2345	+	28	49359280	6863
chr19	46561691	46761691	harbor1	chr19	46565627	46565983	LTR/ERVL-MaLR	2094	+	178	46565805	4114
chr19	46561691	46761691	harbor1	chr19	46573060	46573234	LTR/ERVL-MaLR	743	+	87	46573147	11456
chr19	46561691	46761691	harbor1	chr19	46574651	46574811	LTR/ERVL-MaLR	959	+	80	46574731	13040
chr19	46561691	46761691	harbor1	chr19	46576661	46576791	LTR/ERVL-MaLR	1703	+	65	46576726	15035
chr19	46561691	46761691	harbor1	chr19	46577096	46577311	LTR/ERVL-MaLR	1703	+	108	46577204	15513
chr19	46561691	46761691	harbor1	chr19	46644403	46644535	LTR/ERVL-MaLR	850	+	66	46644469	82778
chr19	6756897	6956897	harbor1	chr19	6761111	6761508	LTR/ERVL-MaLR	1068	+	198	6761309	4412
chr19	6756897	6956897	harbor1	chr19	6818544	6818796	LTR/ERVL-MaLR	1230	+	126	6818670	61773
chr19	49037446	49237446	harbor1	chr19	49077941	49078021	LTR/ERVL-MaLR	1437	+	40	49077981	40535
chr19	49037446	49237446	harbor1	chr19	49078330	49078630	LTR/ERVL-MaLR	1437	+	150	49078480	41034
chr19	49037446	49237446	harbor1	chr19	49081645	49082486	LTR/ERVL-MaLR	4272	+	420	49082065	44619
chr19	49037446	49237446	harbor1	chr19	49082792	49082880	LTR/ERVL-MaLR	4272	+	44	49082836	45390
chr19	32584354	32784354	harbor1	chr19	32660130	32660263	LTR/ERVL-MaLR	1323	+	66	32660196	75842
chr19	32584354	32784354	harbor1	chr19	32660536	32660731	LTR/ERVL-MaLR	1323	+	98	32660634	76280
chr19	32584354	32784354	harbor1	chr19	32663176	32663401	LTR/ERVL-MaLR	685	+	112	32663288	78934
chr19	41982887	42182887	harbor1	chr19	42000636	42000895	LTR/ERVL-MaLR	944	+	130	42000766	17879
chr19	41982887	42182887	harbor1	chr19	42001613	42001838	LTR/ERVL-MaLR	820	+	112	42001725	18838
chr19	41982887	42182887	harbor1	chr19	42019481	42019961	LTR/ERVL-MaLR	2540	+	240	42019721	36834
chr19	41982887	42182887	harbor1	chr19	42043937	42044312	LTR/ERVL-MaLR	2530	+	188	42044125	61238
chr19	41982887	42182887	harbor1	chr19	42063361	42063922	LTR/ERVL-MaLR	1481	+	280	42063641	80754
chr19	43008731	43208731	harbor1	chr19	43048413	43048619	LTR/ERVL-MaLR	661	+	103	43048516	39785
chr19	43008731	43208731	harbor1	chr19	43060551	43060587	LTR/ERVL-MaLR	825	+	18	43060569	51838
chr19	43008731	43208731	harbor1	chr19	43060884	43061065	LTR/ERVL-MaLR	825	+	90	43060974	52243
chr19	18481957	18681957	harbor1	chr19	18535368	18535490	LTR/ERVL-MaLR	663	+	61	18535429	53472
chr19	18481957	18681957	harbor1	chr19	18535740	18535997	LTR/ERVL-MaLR	663	+	128	18535868	53911
chr19	29551748	29751748	harbor1	chr19	29578004	29578350	LTR/ERVL-MaLR	2083	+	173	29578177	26429
chr19	29551748	29751748	harbor1	chr19	29590614	29591086	LTR/ERVL-MaLR	998	+	236	29590850	39102
chr19	48215829	48415829	harbor1	chr19	48235414	48235499	LTR/ERVL-MaLR	635	+	42	48235456	19627
chr19	48215829	48415829	harbor1	chr19	48242084	48242449	LTR/ERVL-MaLR	1950	+	182	48242266	26437
chr19	48215829	48415829	harbor1	chr19	48295603	48295982	LTR/ERVL-MaLR	875	+	190	48295793	79964
chr19	48215829	48415829	harbor1	chr19	48313107	48313146	LTR/ERVL-MaLR	2430	+	20	48313127	97298
chr19	48215829	48415829	harbor1	chr19	48313457	48313601	LTR/ERVL-MaLR	2430	+	72	48313529	97700
chr19	48215829	48415829	harbor1	chr19	48313909	48313960	LTR/ERVL-MaLR	2430	+	26	48313935	98106
chr19	48215829	48415829	harbor1	chr19	48314196	48314431	LTR/ERVL-MaLR	2430	+	118	48314314	98485
chr19	16630285	16830285	harbor1	chr19	16635946	16636377	LTR/ERVL-MaLR	1453	+	216	16636162	5877
chr19	16630285	16830285	harbor1	chr19	16639601	16639943	LTR/ERVL-MaLR	2024	+	171	16639772	9487
chr19	16630285	16830285	harbor1	chr19	16654305	16654467	LTR/ERVL-MaLR	670	+	81	16654386	24101
chr19	16630285	16830285	harbor1	chr19	16691900	16692251	LTR/ERVL-MaLR	1953	+	176	16692076	61791
chr19	39765492	39965492	harbor1	chr19	39765144	39765501	LTR/ERVL-MaLR	1530	+	178	39765322	170
chr19	39765492	39965492	harbor1	chr19	39781424	39781836	LTR/ERVL-MaLR	2506	+	206	39781630	16138
chr19	39765492	39965492	harbor1	chr19	39782227	39782570	LTR/ERVL-MaLR	2257	+	172	39782399	16907
chr19	39765492	39965492	harbor1	chr19	39809207	39809656	LTR/ERVL-MaLR	927	+	224	39809431	43939
chr19	39765492	39965492	harbor1	chr19	39834919	39835238	LTR/ERVL-MaLR	1675	+	160	39835079	69587
chr19	39765492	39965492	harbor1	chr19	39835547	39835600	LTR/ERVL-MaLR	1675	+	26	39835573	70081
chr19	39765492	39965492	harbor1	chr19	39849752	39849893	LTR/ERVL-MaLR	1129	+	70	39849822	84330
chr19	39765492	39965492	harbor1	chr19	39850200	39850387	LTR/ERVL-MaLR	1129	+	94	39850294	84802
chr19	3556167	3756167	harbor1	chr19	3568810	3569254	LTR/ERVL-MaLR	2356	+	222	3569032	12865
chr19	3556167	3756167	harbor1	chr19	3580573	3580954	LTR/ERVL-MaLR	1475	+	190	3580763	24596
chr19	3556167	3756167	harbor1	chr19	3622388	3622746	LTR/ERVL-MaLR	647	+	179	3622567	66400
chr19	15379445	15579445	harbor1	chr19	15416268	15416675	LTR/ERVL-MaLR	1380	+	204	15416472	37027
chr19	58241878	58441878	harbor1	chr19	58274211	58274644	LTR/ERVL-MaLR	2147	+	216	58274427	32549
chr19	58241878	58441878	harbor1	chr19	58283327	58283598	LTR/ERVL-MaLR	790	+	136	58283463	41585
chr19	58241878	58441878	harbor1	chr19	58293598	58293843	LTR/ERVL-MaLR	923	+	122	58293720	51842
chr19	58241878	58441878	harbor1	chr19	58323557	58323888	LTR/ERVL-MaLR	2348	+	166	58323723	81845
chr19	58241878	58441878	harbor1	chr19	58324206	58324284	LTR/ERVL-MaLR	2348	+	39	58324245	82367
chr19	21279489	21479489	harbor1	chr19	21356640	21357133	LTR/ERVL-MaLR	1127	+	246	21356886	77397
chr19	56915880	57115880	harbor1	chr19	56951100	56951346	LTR/ERVL-MaLR	1734	+	123	56951223	35343
chr19	56915880	57115880	harbor1	chr19	56990963	56991200	LTR/ERVL-MaLR	965	+	118	56991081	75201
chr19	56915880	57115880	harbor1	chr19	56993372	56993461	LTR/ERVL-MaLR	1040	+	44	56993416	77536
chr19	56915880	57115880	harbor1	chr19	56993777	56994122	LTR/ERVL-MaLR	1040	+	172	56993949	78069
chr19	56915880	57115880	harbor1	chr19	56994185	56994628	LTR/ERVL-MaLR	1373	+	222	56994407	78527
chr19	56915880	57115880	harbor1	chr19	57013527	57013908	LTR/ERVL-MaLR	2609	+	190	57013717	97837
chr19	56915880	57115880	harbor1	chr19	57013909	57014296	LTR/ERVL-MaLR	2770	+	194	57014103	98223
chr19	56915880	57115880	harbor1	chr19	57014601	57014641	LTR/ERVL-MaLR	2770	+	20	57014621	98741
chr19	56915880	57115880	harbor1	chr19	56950642	56950803	LTR/ERVL-MaLR	1734	+	80	56950722	34842
chr19	33784851	33984851	harbor1	chr19	33784881	33785392	LTR/ERVL-MaLR	2068	+	256	33785137	286
chr19	33784851	33984851	harbor1	chr19	33787144	33787557	LTR/ERVL-MaLR	2822	+	206	33787350	2499
chr19	31392161	31592161	harbor1	chr19	31394271	31394620	LTR/ERVL-MaLR	2815	+	174	31394445	2284
chr19	31392161	31592161	harbor1	chr19	31394625	31394974	LTR/ERVL-MaLR	2475	+	174	31394799	2638
chr19	31392161	31592161	harbor1	chr19	31397896	31398309	LTR/ERVL-MaLR	2014	+	206	31398102	5941
chr19	31392161	31592161	harbor1	chr19	31408180	31408728	LTR/ERVL-MaLR	1747	+	274	31408454	16293
chr19	31392161	31592161	harbor1	chr19	31436883	31437267	LTR/ERVL-MaLR	2342	+	192	31437075	44914
chr19	14581376	14781376	harbor1	chr19	14585408	14585907	LTR/ERVL-MaLR	2519	+	250	14585658	4282
chr19	14581376	14781376	harbor1	chr19	14589671	14590170	LTR/ERVL-MaLR	2489	+	250	14589921	8545
chr19	14581376	14781376	harbor1	chr19	14632342	14632773	LTR/ERVL-MaLR	659	+	216	14632558	51182
chr19	14581376	14781376	harbor1	chr19	14640653	14641009	LTR/ERVL-MaLR	2474	+	178	14640831	59455
chr19	14581376	14781376	harbor1	chr19	14660662	14660932	LTR/ERVL-MaLR	713	+	135	14660797	79421
chr19	14581376	14781376	harbor1	chr19	14661242	14661501	LTR/ERVL-MaLR	713	+	130	14661372	79996
chr19	14581376	14781376	harbor1	chr19	14666907	14667031	LTR/ERVL-MaLR	706	+	62	14666969	85593
chr19	14581376	14781376	harbor1	chr19	14678996	14679400	LTR/ERVL-MaLR	2394	+	202	14679198	97822
chr19	38926373	39126373	harbor1	chr19	38985342	38985548	LTR/ERVL-MaLR	1830	+	103	38985445	59072
chr19	38926373	39126373	harbor1	chr19	38985863	38986028	LTR/ERVL-MaLR	1830	+	82	38985945	59572
chr19	38926373	39126373	harbor1	chr19	39004442	39004590	LTR/ERVL-MaLR	1447	+	74	39004516	78143
chr19	38926373	39126373	harbor1	chr19	39004893	39005051	LTR/ERVL-MaLR	1447	+	79	39004972	78599
chr19	38926373	39126373	harbor1	chr19	39005321	39005340	LTR/ERVL-MaLR	1447	+	10	39005331	78958
chr19	38926373	39126373	harbor1	chr19	39005642	39005757	LTR/ERVL-MaLR	1447	+	58	39005700	79327
chr19	31963613	32163613	harbor1	chr19	32016168	32016515	LTR/ERVL-MaLR	2295	+	174	32016342	52729
chr19	31963613	32163613	harbor1	chr19	32054045	32054585	LTR/ERVL-MaLR	1743	+	270	32054315	90702
chr19	31963613	32163613	harbor1	chr19	32061636	32062016	LTR/ERVL-MaLR	2801	+	190	32061826	98213
chr19	29273097	29473097	harbor1	chr19	29316379	29316693	LTR/ERVL-MaLR	1328	+	157	29316536	43439
chr19	29273097	29473097	harbor1	chr19	29325219	29325568	LTR/ERVL-MaLR	1370	+	174	29325393	52296
chr19	29273097	29473097	harbor1	chr19	29334275	29334574	LTR/ERVL-MaLR	683	+	150	29334425	61328
chr19	29273097	29473097	harbor1	chr19	29354969	29355337	LTR/ERVL-MaLR	2209	+	184	29355153	82056
chr19	8808705	9008705	harbor1	chr19	8810665	8811203	LTR/ERVL-MaLR	1564	+	269	8810934	2229
chr19	8808705	9008705	harbor1	chr19	8823987	8824510	LTR/ERVL-MaLR	1687	+	262	8824249	15544
chr19	8808705	9008705	harbor1	chr19	8825780	8826175	LTR/ERVL-MaLR	1715	+	198	8825978	17273
chr19	8808705	9008705	harbor1	chr19	8826706	8826836	LTR/ERVL-MaLR	1715	+	65	8826771	18066
chr19	8808705	9008705	harbor1	chr19	8829967	8830359	LTR/ERVL-MaLR	1805	+	196	8830163	21458
chr19	8808705	9008705	harbor1	chr19	8847606	8848002	LTR/ERVL-MaLR	2200	+	198	8847804	39099
chr19	8808705	9008705	harbor1	chr19	8848645	8848683	LTR/ERVL-MaLR	2200	+	19	8848664	39959
chr19	6080964	6280964	harbor1	chr19	6089436	6089791	LTR/ERVL-MaLR	1944	+	178	6089614	8650
chr19	6080964	6280964	harbor1	chr19	6143847	6143981	LTR/ERVL-MaLR	2101	+	67	6143914	62950
chr19	6080964	6280964	harbor1	chr19	6144298	6144654	LTR/ERVL-MaLR	2101	+	178	6144476	63512
chr19	13200607	13400607	harbor1	chr19	13219581	13219672	LTR/ERVL-MaLR	1034	+	46	13219627	19020
chr19	13200607	13400607	harbor1	chr19	13220277	13220689	LTR/ERVL-MaLR	1218	+	206	13220483	19876
chr19	13200607	13400607	harbor1	chr19	13246263	13246577	LTR/ERVL-MaLR	676	+	157	13246420	45813
chr19	13200607	13400607	harbor1	chr19	13256833	13257162	LTR/ERVL-MaLR	980	+	164	13256997	56390
chr19	13200607	13400607	harbor1	chr19	13289702	13289890	LTR/ERVL-MaLR	1075	+	94	13289796	89189
chr19	40147367	40347367	harbor1	chr19	40150330	40150744	LTR/ERVL-MaLR	2541	+	207	40150537	3170
chr19	33998189	34198189	harbor1	chr19	34043311	34043823	LTR/ERVL-MaLR	1218	+	256	34043567	45378
chr19	33998189	34198189	harbor1	chr19	34044442	34044647	LTR/ERVL-MaLR	953	+	102	34044544	46355
chr19	33998189	34198189	harbor1	chr19	34058877	34059278	LTR/ERVL-MaLR	1722	+	200	34059077	60888
chr19	33998189	34198189	harbor1	chr19	34066379	34066816	LTR/ERVL-MaLR	2242	+	218	34066597	68408
chr19	33998189	34198189	harbor1	chr19	34073256	34073679	LTR/ERVL-MaLR	2863	+	212	34073468	75279
chr19	33998189	34198189	harbor1	chr19	34077796	34078194	LTR/ERVL-MaLR	2301	+	199	34077995	79806
chr19	33998189	34198189	harbor1	chr19	34086772	34087136	LTR/ERVL-MaLR	2812	+	182	34086954	88765
chr19	45740949	45940949	harbor1	chr19	45837988	45838354	LTR/ERVL-MaLR	2027	+	183	45838171	97222
chr19	34733123	34933123	harbor1	chr19	34763505	34763703	LTR/ERVL-MaLR	946	+	99	34763604	30481
chr19	34733123	34933123	harbor1	chr19	34774861	34775253	LTR/ERVL-MaLR	2130	+	196	34775057	41934
chr19	34733123	34933123	harbor1	chr19	34809611	34809991	LTR/ERVL-MaLR	2108	+	190	34809801	76678
chr19	34733123	34933123	harbor1	chr19	34814427	34814795	LTR/ERVL-MaLR	2120	+	184	34814611	81488
chr19	15971985	16171985	harbor1	chr19	15974872	15975246	LTR/ERVL-MaLR	2525	+	187	15975059	3074
chr19	15971985	16171985	harbor1	chr19	15994261	15994677	LTR/ERVL-MaLR	815	+	208	15994469	22484
chr19	15971985	16171985	harbor1	chr19	15994678	15995047	LTR/ERVL-MaLR	2637	+	184	15994862	22877
chr19	15971985	16171985	harbor1	chr19	15995048	15996562	LTR/ERVL-MaLR	10652	+	757	15995805	23820
chr19	15971985	16171985	harbor1	chr19	15996563	15996926	LTR/ERVL-MaLR	2640	+	182	15996745	24760
chr19	15971985	16171985	harbor1	chr19	15996927	15997027	LTR/ERVL-MaLR	815	+	50	15996977	24992
chr19	15971985	16171985	harbor1	chr19	16047738	16048075	LTR/ERVL-MaLR	2425	+	168	16047906	75921
chr19	15971985	16171985	harbor1	chr19	16048383	16048445	LTR/ERVL-MaLR	2425	+	31	16048414	76429
chr19	21336014	21536014	harbor1	chr19	21356640	21357133	LTR/ERVL-MaLR	1127	+	246	21356886	20872
chr19	43201469	43401469	harbor1	chr19	43234275	43234484	LTR/ERVL-MaLR	769	+	104	43234379	32910
chr19	43201469	43401469	harbor1	chr19	43239765	43240090	LTR/ERVL-MaLR	1525	+	162	43239927	38458
chr19	43201469	43401469	harbor1	chr19	43249603	43249639	LTR/ERVL-MaLR	753	+	18	43249621	48152
chr19	43201469	43401469	harbor1	chr19	43249937	43250171	LTR/ERVL-MaLR	753	+	117	43250054	48585
chr19	43201469	43401469	harbor1	chr19	43294752	43294962	LTR/ERVL-MaLR	748	+	105	43294857	93388
chr19	15514843	15714843	harbor1	chr19	15593399	15593757	LTR/ERVL-MaLR	2550	+	179	15593578	78735
chr19	42597396	42797396	harbor1	chr19	42650550	42650621	LTR/ERVL-MaLR	1115	+	36	42650586	53190
chr19	42597396	42797396	harbor1	chr19	42650919	42651240	LTR/ERVL-MaLR	1115	+	160	42651079	53683
chr19	42597396	42797396	harbor1	chr19	42680665	42681033	LTR/ERVL-MaLR	2286	+	184	42680849	83453
chr19	42597396	42797396	harbor1	chr19	42681343	42681414	LTR/ERVL-MaLR	2286	+	36	42681379	83983
chr19	39573345	39773345	harbor1	chr19	39613312	39614718	LTR/ERVL-MaLR	8867	+	703	39614015	40670
chr19	39573345	39773345	harbor1	chr19	39614723	39615096	LTR/ERVL-MaLR	1905	+	186	39614909	41564
chr19	31521870	31721870	harbor1	chr19	31538047	31538406	LTR/ERVL-MaLR	2629	+	180	31538227	16357
chr19	31521870	31721870	harbor1	chr19	31549984	31550270	LTR/ERVL-MaLR	2011	+	143	31550127	28257
chr19	31521870	31721870	harbor1	chr19	31550645	31550712	LTR/ERVL-MaLR	2011	+	34	31550679	28809
chr19	31521870	31721870	harbor1	chr19	31566801	31566953	LTR/ERVL-MaLR	1655	+	76	31566877	45007
chr19	31521870	31721870	harbor1	chr19	31567252	31567491	LTR/ERVL-MaLR	1655	+	120	31567372	45502
chr19	31521870	31721870	harbor1	chr19	31577932	31578285	LTR/ERVL-MaLR	2192	+	176	31578108	56238
chr19	31521870	31721870	harbor1	chr19	31591025	31591388	LTR/ERVL-MaLR	1938	+	182	31591207	69337
chr19	31521870	31721870	harbor1	chr19	31606526	31606711	LTR/ERVL-MaLR	2005	+	92	31606618	84748
chr19	31521870	31721870	harbor1	chr19	31607008	31607254	LTR/ERVL-MaLR	2005	+	123	31607131	85261
chr19	31521870	31721870	harbor1	chr19	31608588	31609078	LTR/ERVL-MaLR	1257	+	245	31608833	86963
chr19	31521870	31721870	harbor1	chr19	31620887	31621249	LTR/ERVL-MaLR	1381	+	181	31621068	99198
chr19	9288968	9488968	harbor1	chr19	9292287	9292638	LTR/ERVL-MaLR	864	+	176	9292463	3495
chr19	9288968	9488968	harbor1	chr19	9301169	9301558	LTR/ERVL-MaLR	1740	+	194	9301363	12395
chr19	9288968	9488968	harbor1	chr19	9351715	9352082	LTR/ERVL-MaLR	2074	+	184	9351899	62931
chr19	9288968	9488968	harbor1	chr19	9352945	9353548	LTR/ERVL-MaLR	1211	+	302	9353247	64279
chr19	9288968	9488968	harbor1	chr19	9354546	9355041	LTR/ERVL-MaLR	1139	+	248	9354794	65826
chr19	9288968	9488968	harbor1	chr19	9386589	9386943	LTR/ERVL-MaLR	2193	+	177	9386766	97798
chr19	32960105	33160105	harbor1	chr19	32962088	32962444	LTR/ERVL-MaLR	1777	+	178	32962266	2161
chr19	32960105	33160105	harbor1	chr19	32993514	32993911	LTR/ERVL-MaLR	1564	+	198	32993712	33607
chr19	4567421	4767421	harbor1	chr19	4652842	4653023	LTR/ERVL-MaLR	777	+	90	4652932	85511
chr19	4567421	4767421	harbor1	chr19	4653314	4653333	LTR/ERVL-MaLR	627	+	10	4653324	85903
chr19	4567421	4767421	harbor1	chr19	4653957	4654161	LTR/ERVL-MaLR	627	+	102	4654059	86638
chr19	43442362	43642362	harbor1	chr19	43451005	43451179	LTR/ERVL-MaLR	1724	+	87	43451092	8730
chr19	43442362	43642362	harbor1	chr19	43451487	43451502	LTR/ERVL-MaLR	1724	+	8	43451495	9133
chr19	43442362	43642362	harbor1	chr19	43451543	43451656	LTR/ERVL-MaLR	1724	+	56	43451599	9237
chr19	43442362	43642362	harbor1	chr19	43452270	43452338	LTR/ERVL-MaLR	1724	+	34	43452304	9942
chr19	43442362	43642362	harbor1	chr19	43511824	43512187	LTR/ERVL-MaLR	2854	+	182	43512006	69644
chr19	43442362	43642362	harbor1	chr19	43512188	43513707	LTR/ERVL-MaLR	10889	+	760	43512948	70586
chr19	43442362	43642362	harbor1	chr19	43514022	43514151	LTR/ERVL-MaLR	10889	+	64	43514086	71724
chr19	43442362	43642362	harbor1	chr19	43514152	43514483	LTR/ERVL-MaLR	2663	+	166	43514318	71956
chr19	43442362	43642362	harbor1	chr19	43514784	43514826	LTR/ERVL-MaLR	2663	+	21	43514805	72443
chr19	43442362	43642362	harbor1	chr19	43538664	43539103	LTR/ERVL-MaLR	2028	+	220	43538884	96522
chr19	43442362	43642362	harbor1	chr19	43541218	43541270	LTR/ERVL-MaLR	1513	+	26	43541244	98882
chr19	43442362	43642362	harbor1	chr19	43541535	43541863	LTR/ERVL-MaLR	1513	+	164	43541699	99337
chr19	8639289	8839289	harbor1	chr19	8737530	8737785	LTR/ERVL-MaLR	1164	+	128	8737658	98369
chr19	31221106	31421106	harbor1	chr19	31226239	31226599	LTR/ERVL-MaLR	2113	+	180	31226419	5313
chr19	31221106	31421106	harbor1	chr19	31252437	31252798	LTR/ERVL-MaLR	2206	+	180	31252617	31511
chr19	31221106	31421106	harbor1	chr19	31267932	31268279	LTR/ERVL-MaLR	2697	+	174	31268106	47000
chr19	31221106	31421106	harbor1	chr19	31244115	31244544	LTR/ERVL-MaLR	1942	+	214	31244329	23223
chr19	635259	835259	harbor1	chr19	644132	644407	LTR/ERVL-MaLR	687	+	138	644270	9011
chr19	635259	835259	harbor1	chr19	697414	697571	LTR/ERVL-MaLR	668	+	78	697492	62233
chr19	14416662	14616662	harbor1	chr19	14422531	14422902	LTR/ERVL-MaLR	1516	+	186	14422717	6055
chr19	14416662	14616662	harbor1	chr19	14486306	14486667	LTR/ERVL-MaLR	785	+	180	14486486	69824
chr19	14416662	14616662	harbor1	chr19	14489908	14490066	LTR/ERVL-MaLR	749	+	79	14489987	73325
chr19	14416662	14616662	harbor1	chr19	14506166	14506489	LTR/ERVL-MaLR	851	+	162	14506328	89666
chr19	2607956	2807956	harbor1	chr19	2630262	2630878	LTR/ERVL-MaLR	1967	+	308	2630570	22614
chr19	2607956	2807956	harbor1	chr19	2641279	2641653	LTR/ERVL-MaLR	1149	+	187	2641466	33510
chr19	2607956	2807956	harbor1	chr19	2641965	2642046	LTR/ERVL-MaLR	1149	+	40	2642005	34049
chr19	2607956	2807956	harbor1	chr19	2663180	2663556	LTR/ERVL-MaLR	1207	+	188	2663368	55412
chr19	2607956	2807956	harbor1	chr19	2675895	2676290	LTR/ERVL-MaLR	1392	+	198	2676093	68137
chr19	2607956	2807956	harbor1	chr19	2691889	2692142	LTR/ERVL-MaLR	701	+	126	2692015	84059
chr19	2053643	2253643	harbor1	chr19	2060604	2060997	LTR/ERVL-MaLR	975	+	196	2060800	7157
chr19	18674548	18874548	harbor1	chr19	18690557	18690743	LTR/ERVL-MaLR	631	+	93	18690650	16102
chr19	18674548	18874548	harbor1	chr19	18691212	18691233	LTR/ERVL-MaLR	631	+	10	18691222	16674
chr19	18674548	18874548	harbor1	chr19	18691552	18691712	LTR/ERVL-MaLR	631	+	80	18691632	17084
chr19	18674548	18874548	harbor1	chr19	18722324	18722608	LTR/ERVL-MaLR	782	+	142	18722466	47918
chr19	18674548	18874548	harbor1	chr19	18726484	18726645	LTR/ERVL-MaLR	925	+	80	18726564	52016
chr19	18674548	18874548	harbor1	chr19	18727267	18727299	LTR/ERVL-MaLR	925	+	16	18727283	52735
chr19	18674548	18874548	harbor1	chr19	18727608	18727717	LTR/ERVL-MaLR	925	+	54	18727662	53114
chr19	18674548	18874548	harbor1	chr19	18728026	18728128	LTR/ERVL-MaLR	925	+	51	18728077	53529
chr19	18674548	18874548	harbor1	chr19	18732156	18732549	LTR/ERVL-MaLR	1049	+	196	18732352	57804
chr19	5150412	5350412	harbor1	chr19	5188156	5188547	LTR/ERVL-MaLR	1773	+	196	5188352	37940
chr19	38911780	39111780	harbor1	chr19	38921838	38922159	LTR/ERVL-MaLR	732	+	160	38921998	10218
chr19	38911780	39111780	harbor1	chr19	38922584	38922904	LTR/ERVL-MaLR	2000	+	160	38922744	10964
chr19	38911780	39111780	harbor1	chr19	38923522	38923552	LTR/ERVL-MaLR	2000	+	15	38923537	11757
chr19	38911780	39111780	harbor1	chr19	38924152	38924163	LTR/ERVL-MaLR	2000	+	6	38924158	12378
chr19	38911780	39111780	harbor1	chr19	38924987	38925031	LTR/ERVL-MaLR	1019	+	22	38925009	13229
chr19	38911780	39111780	harbor1	chr19	38925337	38925823	LTR/ERVL-MaLR	1019	+	243	38925580	13800
chr19	38911780	39111780	harbor1	chr19	38926111	38926166	LTR/ERVL-MaLR	1019	+	28	38926139	14359
chr19	38911780	39111780	harbor1	chr19	38985342	38985548	LTR/ERVL-MaLR	1830	+	103	38985445	73665
chr19	38911780	39111780	harbor1	chr19	38985863	38986028	LTR/ERVL-MaLR	1830	+	82	38985945	74165
chr19	38911780	39111780	harbor1	chr19	39004442	39004590	LTR/ERVL-MaLR	1447	+	74	39004516	92736
chr19	38911780	39111780	harbor1	chr19	39004893	39005051	LTR/ERVL-MaLR	1447	+	79	39004972	93192
chr19	38911780	39111780	harbor1	chr19	39005321	39005340	LTR/ERVL-MaLR	1447	+	10	39005331	93551
chr19	38911780	39111780	harbor1	chr19	39005642	39005757	LTR/ERVL-MaLR	1447	+	58	39005700	93920
chr19	46916338	47116338	harbor1	chr19	46954031	46954258	LTR/ERVL-MaLR	931	+	114	46954145	37807
chr19	10462055	10662055	harbor1	chr19	10507437	10507624	LTR/ERVL-MaLR	1387	+	94	10507531	45476
chr19	10462055	10662055	harbor1	chr19	10507923	10508021	LTR/ERVL-MaLR	1387	+	49	10507972	45917
chr19	10462055	10662055	harbor1	chr19	10508630	10508744	LTR/ERVL-MaLR	1387	+	57	10508687	46632
chr19	10462055	10662055	harbor1	chr19	10532363	10532718	LTR/ERVL-MaLR	711	+	178	10532541	70486
chr19	872511	1072511	harbor1	chr19	895285	895646	LTR/ERVL-MaLR	846	+	180	895465	22954
chr19	872511	1072511	harbor1	chr19	896232	896299	LTR/ERVL-MaLR	846	+	34	896266	23755
chr19	872511	1072511	harbor1	chr19	942845	943002	LTR/ERVL-MaLR	627	+	78	942923	70412
chr19	872511	1072511	harbor1	chr19	943597	943728	LTR/ERVL-MaLR	627	+	66	943663	71152
chr19	2951870	3151870	harbor1	chr19	2969098	2969410	LTR/ERVL-MaLR	1053	+	156	2969254	17384
chr19	1546663	1746663	harbor1	chr19	1597356	1597872	LTR/ERVL-MaLR	1480	+	258	1597614	50951
chr19	1546663	1746663	harbor1	chr19	1600132	1600206	LTR/ERVL-MaLR	1123	+	37	1600169	53506
chr19	1546663	1746663	harbor1	chr19	1600513	1600592	LTR/ERVL-MaLR	1123	+	40	1600553	53890
chr19	1546663	1746663	harbor1	chr19	1601185	1601320	LTR/ERVL-MaLR	1123	+	68	1601253	54590
chr19	1546663	1746663	harbor1	chr19	1601629	1601832	LTR/ERVL-MaLR	1123	+	102	1601731	55068
chr19	12648347	12848347	harbor1	chr19	12651190	12651553	LTR/ERVL-MaLR	952	+	182	12651372	3025
chr19	12648347	12848347	harbor1	chr19	12660078	12660230	LTR/ERVL-MaLR	1615	+	76	12660154	11807
chr19	12648347	12848347	harbor1	chr19	12660519	12660752	LTR/ERVL-MaLR	1615	+	116	12660635	12288
chr19	12648347	12848347	harbor1	chr19	12661057	12661175	LTR/ERVL-MaLR	1615	+	59	12661116	12769
chr19	54249566	54449566	harbor1	chr19	54328727	54329085	LTR/ERVL-MaLR	2024	+	179	54328906	79340
chr19	54249566	54449566	harbor1	chr19	54335159	54335491	LTR/ERVL-MaLR	1732	+	166	54335325	85759
chr19	54249566	54449566	harbor1	chr19	54335799	54335839	LTR/ERVL-MaLR	1732	+	20	54335819	86253
chr19	28418004	28618004	harbor1	chr19	28425930	28426077	LTR/ERVL-MaLR	1463	+	74	28426004	8000
chr19	28418004	28618004	harbor1	chr19	28426378	28426661	LTR/ERVL-MaLR	1463	+	142	28426520	8516
chr19	28418004	28618004	harbor1	chr19	28473547	28473928	LTR/ERVL-MaLR	2132	+	190	28473737	55733
chr19	28418004	28618004	harbor1	chr19	28475515	28475876	LTR/ERVL-MaLR	2026	+	180	28475695	57691
chr19	49692461	49892461	harbor1	chr19	49716246	49716624	LTR/ERVL-MaLR	1951	+	189	49716435	23974
chr19	49692461	49892461	harbor1	chr19	49722335	49722638	LTR/ERVL-MaLR	1718	+	152	49722487	30026
chr19	49692461	49892461	harbor1	chr19	49749461	49749615	LTR/ERVL-MaLR	724	+	77	49749538	57077
chr19	49692461	49892461	harbor1	chr19	49752406	49752605	LTR/ERVL-MaLR	867	+	100	49752506	60045
chr19	49692461	49892461	harbor1	chr19	49756657	49756777	LTR/ERVL-MaLR	1088	+	60	49756717	64256
chr19	49692461	49892461	harbor1	chr19	49757079	49757413	LTR/ERVL-MaLR	1088	+	167	49757246	64785
chr19	31611601	31811601	harbor1	chr19	31641928	31642447	LTR/ERVL-MaLR	1691	+	260	31642188	30587
chr19	31611601	31811601	harbor1	chr19	31620887	31621249	LTR/ERVL-MaLR	1381	+	181	31621068	9467
chr19	41567792	41767792	harbor1	chr19	41617428	41617864	LTR/ERVL-MaLR	1374	+	218	41617646	49854
chr19	41567792	41767792	harbor1	chr19	41637247	41637416	LTR/ERVL-MaLR	1691	+	84	41637331	69539
chr19	41567792	41767792	harbor1	chr19	41637691	41637917	LTR/ERVL-MaLR	1691	+	113	41637804	70012
chr19	6023673	6223673	harbor1	chr19	6074879	6075230	LTR/ERVL-MaLR	1407	+	176	6075055	51382
chr19	6023673	6223673	harbor1	chr19	6089436	6089791	LTR/ERVL-MaLR	1944	+	178	6089614	65941
chr19	41617577	41817577	harbor1	chr19	41617428	41617864	LTR/ERVL-MaLR	1374	+	218	41617646	69
chr19	41617577	41817577	harbor1	chr19	41637247	41637416	LTR/ERVL-MaLR	1691	+	84	41637331	19754
chr19	41617577	41817577	harbor1	chr19	41637691	41637917	LTR/ERVL-MaLR	1691	+	113	41637804	20227
chr19	41617577	41817577	harbor1	chr19	41673011	41673228	LTR/ERVL-MaLR	1043	+	108	41673119	55542
chr19	41617577	41817577	harbor1	chr19	41706122	41706519	LTR/ERVL-MaLR	2368	+	198	41706320	88743
chr19	58345244	58545244	harbor1	chr19	58365165	58365396	LTR/ERVL-MaLR	689	+	116	58365281	20037
chr19	58345244	58545244	harbor1	chr19	58378659	58379068	LTR/ERVL-MaLR	1296	+	204	58378863	33619
chr19	58345244	58545244	harbor1	chr19	58429888	58430426	LTR/ERVL-MaLR	2297	+	269	58430157	84913
chr19	42004847	42204847	harbor1	chr19	42019481	42019961	LTR/ERVL-MaLR	2540	+	240	42019721	14874
chr19	42004847	42204847	harbor1	chr19	42043937	42044312	LTR/ERVL-MaLR	2530	+	188	42044125	39278
chr19	42004847	42204847	harbor1	chr19	42063361	42063922	LTR/ERVL-MaLR	1481	+	280	42063641	58794
chr19	42004847	42204847	harbor1	chr19	42101235	42101676	LTR/ERVL-MaLR	1893	+	220	42101455	96608
chr19	7477180	7677180	harbor1	chr19	7481098	7481204	LTR/ERVL-MaLR	2123	+	53	7481151	3971
chr19	7477180	7677180	harbor1	chr19	7481502	7481873	LTR/ERVL-MaLR	2123	+	186	7481688	4508
chr19	52221263	52421263	harbor1	chr19	52227021	52227483	LTR/ERVL-MaLR	1149	+	231	52227252	5989
chr19	52221263	52421263	harbor1	chr19	52238109	52238497	LTR/ERVL-MaLR	1241	+	194	52238303	17040
chr19	52221263	52421263	harbor1	chr19	52254165	52254235	LTR/ERVL-MaLR	731	+	35	52254200	32937
chr19	52221263	52421263	harbor1	chr19	52254543	52254965	LTR/ERVL-MaLR	731	+	211	52254754	33491
chr19	55887288	56087288	harbor1	chr19	55942990	55943200	LTR/ERVL-MaLR	1058	+	105	55943095	55807
chr19	55887288	56087288	harbor1	chr19	55943503	55943545	LTR/ERVL-MaLR	1058	+	21	55943524	56236
chr19	55887288	56087288	harbor1	chr19	55944301	55944666	LTR/ERVL-MaLR	1963	+	182	55944483	57195
chr19	5002459	5202459	harbor1	chr19	5022946	5023211	LTR/ERVL-MaLR	941	+	132	5023078	20619
chr19	5002459	5202459	harbor1	chr19	5098581	5098936	LTR/ERVL-MaLR	1855	+	178	5098759	96300
chr19	5002459	5202459	harbor1	chr19	5099693	5099891	LTR/ERVL-MaLR	1147	+	99	5099792	97333
chr19	15572366	15772366	harbor1	chr19	15593399	15593757	LTR/ERVL-MaLR	2550	+	179	15593578	21212
chr19	15572366	15772366	harbor1	chr19	15630985	15631339	LTR/ERVL-MaLR	1838	+	177	15631162	58796
chr19	55305174	55505174	harbor1	chr19	55334658	55334817	LTR/ERVL-MaLR	877	+	80	55334738	29564
chr19	55305174	55505174	harbor1	chr19	55400576	55400802	LTR/ERVL-MaLR	656	+	113	55400689	95515
chr19	54022377	54222377	harbor1	chr19	54029281	54029589	LTR/ERVL-MaLR	1837	+	154	54029435	7058
chr19	54022377	54222377	harbor1	chr19	54029880	54029916	LTR/ERVL-MaLR	1837	+	18	54029898	7521
chr19	54022377	54222377	harbor1	chr19	54038846	54039039	LTR/ERVL-MaLR	1085	+	96	54038942	16565
chr19	54022377	54222377	harbor1	chr19	54053278	54053804	LTR/ERVL-MaLR	1485	+	263	54053541	31164
chr19	54022377	54222377	harbor1	chr19	54061317	54061552	LTR/ERVL-MaLR	1572	+	118	54061435	39058
chr19	54022377	54222377	harbor1	chr19	54061833	54061874	LTR/ERVL-MaLR	1572	+	20	54061853	39476
chr19	54022377	54222377	harbor1	chr19	54062170	54062343	LTR/ERVL-MaLR	1572	+	86	54062256	39879
chr19	54022377	54222377	harbor1	chr19	54084067	54084464	LTR/ERVL-MaLR	1059	+	198	54084265	61888
chr19	54022377	54222377	harbor1	chr19	54086787	54086891	LTR/ERVL-MaLR	2195	+	52	54086839	64462
chr19	54022377	54222377	harbor1	chr19	54086935	54087197	LTR/ERVL-MaLR	2195	+	131	54087066	64689
chr19	54022377	54222377	harbor1	chr19	54113122	54113527	LTR/ERVL-MaLR	1618	+	202	54113324	90947
chr19	46010944	46210944	harbor1	chr19	46029317	46029330	LTR/ERVL-MaLR	1965	+	6	46029323	18379
chr19	46010944	46210944	harbor1	chr19	46029637	46029962	LTR/ERVL-MaLR	1965	+	162	46029799	18855
chr19	56370133	56570133	harbor1	chr19	56457769	56458129	LTR/ERVL-MaLR	1923	+	180	56457949	87816
chr19	56370133	56570133	harbor1	chr19	56461454	56461687	LTR/ERVL-MaLR	1106	+	116	56461570	91437
chr19	56370133	56570133	harbor1	chr19	56467233	56467379	LTR/ERVL-MaLR	792	+	73	56467306	97173
chr19	10512676	10712676	harbor1	chr19	10532363	10532718	LTR/ERVL-MaLR	711	+	178	10532541	19865
chr19	28651332	28851332	harbor1	chr19	28660815	28661179	LTR/ERVL-MaLR	2084	+	182	28660997	9665
chr19	28651332	28851332	harbor1	chr19	28685926	28686215	LTR/ERVL-MaLR	1019	+	144	28686070	34738
chr19	28651332	28851332	harbor1	chr19	28686525	28686579	LTR/ERVL-MaLR	1019	+	27	28686552	35220
chr19	28651332	28851332	harbor1	chr19	28691154	28691558	LTR/ERVL-MaLR	2223	+	202	28691356	40024
chr19	28651332	28851332	harbor1	chr19	28691559	28693172	LTR/ERVL-MaLR	8314	+	806	28692365	41033
chr19	28651332	28851332	harbor1	chr19	28693173	28693604	LTR/ERVL-MaLR	2024	+	216	28693389	42057
chr19	28651332	28851332	harbor1	chr19	28707083	28707467	LTR/ERVL-MaLR	1924	+	192	28707275	55943
chr19	7606343	7806343	harbor1	chr19	7621885	7622262	LTR/ERVL-MaLR	1941	+	188	7622073	15730
chr19	54840869	55040869	harbor1	chr19	54852426	54852922	LTR/ERVL-MaLR	1296	+	248	54852674	11805
chr19	8935483	9135483	harbor1	chr19	8982987	8983183	LTR/ERVL-MaLR	2144	+	98	8983085	47602
chr19	8935483	9135483	harbor1	chr19	8983488	8983728	LTR/ERVL-MaLR	2144	+	120	8983608	48125
chr19	8935483	9135483	harbor1	chr19	9024248	9024403	LTR/ERVL-MaLR	1976	+	78	9024326	88843
chr19	8935483	9135483	harbor1	chr19	9024701	9024824	LTR/ERVL-MaLR	1976	+	62	9024763	89280
chr19	8935483	9135483	harbor1	chr19	9025113	9025304	LTR/ERVL-MaLR	1976	+	96	9025209	89726
chr19	8935483	9135483	harbor1	chr19	9026295	9026499	LTR/ERVL-MaLR	720	+	102	9026397	90914
chr19	8935483	9135483	harbor1	chr19	9027004	9027249	LTR/ERVL-MaLR	769	+	122	9027126	91643
chr19	36324180	36524180	harbor1	chr19	36323714	36324195	LTR/ERVL-MaLR	1505	+	240	36323954	226
chr19	36324180	36524180	harbor1	chr19	36355242	36355395	LTR/ERVL-MaLR	1241	+	76	36355318	31138
chr19	36324180	36524180	harbor1	chr19	36355707	36355896	LTR/ERVL-MaLR	1241	+	94	36355801	31621
chr19	36324180	36524180	harbor1	chr19	36358739	36359168	LTR/ERVL-MaLR	2632	+	214	36358953	34773
chr19	36324180	36524180	harbor1	chr19	36385011	36385415	LTR/ERVL-MaLR	2177	+	202	36385213	61033
chr19	36324180	36524180	harbor1	chr19	36385416	36386655	LTR/ERVL-MaLR	4056	+	620	36386036	61856
chr19	36324180	36524180	harbor1	chr19	36386943	36387267	LTR/ERVL-MaLR	2331	+	162	36387105	62925
chr19	36324180	36524180	harbor1	chr19	36387275	36387618	LTR/ERVL-MaLR	1895	+	172	36387447	63267
chr19	36324180	36524180	harbor1	chr19	36387914	36387948	LTR/ERVL-MaLR	1895	+	17	36387931	63751
chr19	36324180	36524180	harbor1	chr19	36339339	36339893	LTR/ERVL-MaLR	1756	+	277	36339616	15436
chr19	37397279	37597279	harbor1	chr19	37416881	37417262	LTR/ERVL-MaLR	1625	+	190	37417071	19792
chr19	37397279	37597279	harbor1	chr19	37417549	37417612	LTR/ERVL-MaLR	1625	+	32	37417581	20302
chr19	37397279	37597279	harbor1	chr19	37429168	37429517	LTR/ERVL-MaLR	673	+	174	37429342	32063
chr19	37397279	37597279	harbor1	chr19	37482633	37482815	LTR/ERVL-MaLR	1841	+	91	37482724	85445
chr19	37397279	37597279	harbor1	chr19	37482864	37483051	LTR/ERVL-MaLR	1841	+	94	37482958	85679
chr19	37397279	37597279	harbor1	chr19	37491282	37491499	LTR/ERVL-MaLR	1295	+	108	37491390	94111
chr19	31486039	31686039	harbor1	chr19	31497661	31498200	LTR/ERVL-MaLR	1304	+	270	31497931	11892
chr19	31486039	31686039	harbor1	chr19	31538047	31538406	LTR/ERVL-MaLR	2629	+	180	31538227	52188
chr19	31486039	31686039	harbor1	chr19	31549984	31550270	LTR/ERVL-MaLR	2011	+	143	31550127	64088
chr19	31486039	31686039	harbor1	chr19	31550645	31550712	LTR/ERVL-MaLR	2011	+	34	31550679	64640
chr19	31486039	31686039	harbor1	chr19	31566801	31566953	LTR/ERVL-MaLR	1655	+	76	31566877	80838
chr19	31486039	31686039	harbor1	chr19	31567252	31567491	LTR/ERVL-MaLR	1655	+	120	31567372	81333
chr19	31486039	31686039	harbor1	chr19	31577932	31578285	LTR/ERVL-MaLR	2192	+	176	31578108	92069
chr19	20788795	20988795	harbor1	chr19	20800434	20800832	LTR/ERVL-MaLR	1559	+	199	20800633	11838
chr19	5675194	5875194	harbor1	chr19	5742905	5743021	LTR/ERVL-MaLR	783	+	58	5742963	67769
chr19	38677511	38877511	harbor1	chr19	38739622	38739882	LTR/ERVL-MaLR	644	+	130	38739752	62241
chr19	58502411	58702411	harbor1	chr19	58520425	58520773	LTR/ERVL-MaLR	1550	+	174	58520599	18188
chr19	58502411	58702411	harbor1	chr19	58521397	58521651	LTR/ERVL-MaLR	1550	+	127	58521524	19113
chr19	58502411	58702411	harbor1	chr19	58601032	58601393	LTR/ERVL-MaLR	2113	+	180	58601212	98801
chr19	52122439	52322439	harbor1	chr19	52132415	52132831	LTR/ERVL-MaLR	2320	+	208	52132623	10184
chr19	52122439	52322439	harbor1	chr19	52140600	52140812	LTR/ERVL-MaLR	1074	+	106	52140706	18267
chr19	52122439	52322439	harbor1	chr19	52146042	52146217	LTR/ERVL-MaLR	843	+	88	52146130	23691
chr19	52122439	52322439	harbor1	chr19	52158824	52159180	LTR/ERVL-MaLR	761	+	178	52159002	36563
chr19	52122439	52322439	harbor1	chr19	52172219	52172414	LTR/ERVL-MaLR	1387	+	98	52172317	49878
chr19	52122439	52322439	harbor1	chr19	52172717	52172795	LTR/ERVL-MaLR	1387	+	39	52172756	50317
chr19	52122439	52322439	harbor1	chr19	52172797	52172834	LTR/ERVL-MaLR	693	+	18	52172815	50376
chr19	52122439	52322439	harbor1	chr19	52173144	52173285	LTR/ERVL-MaLR	693	+	70	52173214	50775
chr19	52122439	52322439	harbor1	chr19	52173730	52173970	LTR/ERVL-MaLR	1686	+	120	52173850	51411
chr19	52122439	52322439	harbor1	chr19	52185551	52185768	LTR/ERVL-MaLR	1251	+	108	52185659	63220
chr19	28012743	28212743	harbor1	chr19	28041550	28041900	LTR/ERVL-MaLR	1525	+	175	28041725	28982
chr19	28012743	28212743	harbor1	chr19	28080693	28081111	LTR/ERVL-MaLR	1182	+	209	28080902	68159
chr19	1	185454	harbor1	chr19	72301	72469	LTR/ERVL-MaLR	1447	+	84	72385	72384
chr19	1	185454	harbor1	chr19	72569	72740	LTR/ERVL-MaLR	1447	+	86	72655	72654
chr19	1	185454	harbor1	chr19	79865	81073	LTR/ERVL-MaLR	4147	+	604	80469	80468
chr19	1	185454	harbor1	chr19	81074	81232	LTR/ERVL-MaLR	834	+	79	81153	81152
chr19	1	185454	harbor1	chr19	81534	81903	LTR/ERVL-MaLR	834	+	184	81718	81717
chr19	11736611	11936611	harbor1	chr19	11760841	11761187	LTR/ERVL-MaLR	1773	+	173	11761014	24403
chr19	11736611	11936611	harbor1	chr19	11765481	11765650	LTR/ERVL-MaLR	1229	+	84	11765565	28954
chr19	33238845	33438845	harbor1	chr19	33283660	33283964	LTR/ERVL-MaLR	1091	+	152	33283812	44967
chr19	33238845	33438845	harbor1	chr19	33284263	33284428	LTR/ERVL-MaLR	1091	+	82	33284345	45500
chr19	33238845	33438845	harbor1	chr19	33304942	33305245	LTR/ERVL-MaLR	1021	+	152	33305094	66249
chr19	33238845	33438845	harbor1	chr19	33325956	33326425	LTR/ERVL-MaLR	1251	+	234	33326190	87345
chr19	33238845	33438845	harbor1	chr19	33308619	33309001	LTR/ERVL-MaLR	2266	+	191	33308810	69965
chr19	2056652	2256652	harbor1	chr19	2060604	2060997	LTR/ERVL-MaLR	975	+	196	2060800	4148
chr19	39120163	39320163	harbor1	chr19	39217246	39217513	LTR/ERVL-MaLR	1580	+	134	39217380	97217
chr19	39120163	39320163	harbor1	chr19	39217826	39218016	LTR/ERVL-MaLR	1580	+	95	39217921	97758
chr19	32512019	32712019	harbor1	chr19	32530610	32531105	LTR/ERVL-MaLR	1012	+	248	32530858	18839
chr19	32512019	32712019	harbor1	chr19	32536424	32536670	LTR/ERVL-MaLR	1330	+	123	32536547	24528
chr19	32512019	32712019	harbor1	chr19	32542776	32542954	LTR/ERVL-MaLR	1424	+	89	32542865	30846
chr19	32512019	32712019	harbor1	chr19	32543234	32543444	LTR/ERVL-MaLR	1424	+	105	32543339	31320
chr19	32512019	32712019	harbor1	chr19	32559905	32560207	LTR/ERVL-MaLR	650	+	151	32560056	48037
chr19	93271	293271	harbor1	chr19	169078	169318	LTR/ERVL-MaLR	1152	+	120	169198	75927
chr19	93271	293271	harbor1	chr19	171601	171877	LTR/ERVL-MaLR	1152	+	138	171739	78468
chr19	93271	293271	harbor1	chr19	175551	175960	LTR/ERVL-MaLR	1113	+	204	175755	82484
chr19	93271	293271	harbor1	chr19	179460	179949	LTR/ERVL-MaLR	1912	+	244	179704	86433
chr19	50757605	50957605	harbor1	chr19	50759578	50759624	LTR/ERVL-MaLR	819	+	23	50759601	1996
chr19	50757605	50957605	harbor1	chr19	50759939	50760176	LTR/ERVL-MaLR	819	+	118	50760057	2452
chr19	50757605	50957605	harbor1	chr19	50772495	50772730	LTR/ERVL-MaLR	795	+	118	50772613	15008
chr19	50757605	50957605	harbor1	chr19	50773511	50773756	LTR/ERVL-MaLR	695	+	122	50773633	16028
chr19	8977792	9177792	harbor1	chr19	8982987	8983183	LTR/ERVL-MaLR	2144	+	98	8983085	5293
chr19	8977792	9177792	harbor1	chr19	8983488	8983728	LTR/ERVL-MaLR	2144	+	120	8983608	5816
chr19	8977792	9177792	harbor1	chr19	9024248	9024403	LTR/ERVL-MaLR	1976	+	78	9024326	46534
chr19	8977792	9177792	harbor1	chr19	9024701	9024824	LTR/ERVL-MaLR	1976	+	62	9024763	46971
chr19	8977792	9177792	harbor1	chr19	9025113	9025304	LTR/ERVL-MaLR	1976	+	96	9025209	47417
chr19	8977792	9177792	harbor1	chr19	9026295	9026499	LTR/ERVL-MaLR	720	+	102	9026397	48605
chr19	8977792	9177792	harbor1	chr19	9027004	9027249	LTR/ERVL-MaLR	769	+	122	9027126	49334
chr19	11660679	11860679	harbor1	chr19	11693948	11694290	LTR/ERVL-MaLR	1503	+	171	11694119	33440
chr19	11660679	11860679	harbor1	chr19	11726404	11726802	LTR/ERVL-MaLR	2037	+	199	11726603	65924
chr19	31578090	31778090	harbor1	chr19	31577932	31578285	LTR/ERVL-MaLR	2192	+	176	31578108	18
chr19	31578090	31778090	harbor1	chr19	31591025	31591388	LTR/ERVL-MaLR	1938	+	182	31591207	13117
chr19	31578090	31778090	harbor1	chr19	31606526	31606711	LTR/ERVL-MaLR	2005	+	92	31606618	28528
chr19	31578090	31778090	harbor1	chr19	31607008	31607254	LTR/ERVL-MaLR	2005	+	123	31607131	29041
chr19	31578090	31778090	harbor1	chr19	31608588	31609078	LTR/ERVL-MaLR	1257	+	245	31608833	30743
chr19	31578090	31778090	harbor1	chr19	31641928	31642447	LTR/ERVL-MaLR	1691	+	260	31642188	64098
chr19	31578090	31778090	harbor1	chr19	31620887	31621249	LTR/ERVL-MaLR	1381	+	181	31621068	42978
chr19	56017306	56217306	harbor1	chr19	56078307	56078480	LTR/ERVL-MaLR	770	+	86	56078393	61087
chr19	5543445	5743445	harbor1	chr19	5585185	5585442	LTR/ERVL-MaLR	789	+	128	5585313	41868
chr19	13485073	13685073	harbor1	chr19	13520850	13521058	LTR/ERVL-MaLR	974	+	104	13520954	35881
chr19	13485073	13685073	harbor1	chr19	13521154	13521334	LTR/ERVL-MaLR	627	+	90	13521244	36171
chr19	13485073	13685073	harbor1	chr19	13543334	13543647	LTR/ERVL-MaLR	828	+	156	13543490	58417
chr19	13485073	13685073	harbor1	chr19	13564299	13564359	LTR/ERVL-MaLR	1677	+	30	13564329	79256
chr19	13485073	13685073	harbor1	chr19	13564663	13564790	LTR/ERVL-MaLR	1677	+	64	13564727	79654
chr19	13485073	13685073	harbor1	chr19	13565091	13565301	LTR/ERVL-MaLR	1677	+	105	13565196	80123
chr19	13485073	13685073	harbor1	chr19	13566260	13566430	LTR/ERVL-MaLR	2020	+	85	13566345	81272
chr19	13485073	13685073	harbor1	chr19	13566733	13566977	LTR/ERVL-MaLR	2020	+	122	13566855	81782
chr19	13485073	13685073	harbor1	chr19	13565890	13565959	LTR/ERVL-MaLR	2020	+	34	13565924	80851
chr19	14353176	14553176	harbor1	chr19	14422531	14422902	LTR/ERVL-MaLR	1516	+	186	14422717	69541
chr19	45739566	45939566	harbor1	chr19	45837988	45838354	LTR/ERVL-MaLR	2027	+	183	45838171	98605
chr19	30078968	30278968	harbor1	chr19	30119876	30120287	LTR/ERVL-MaLR	676	+	206	30120082	41114
chr19	30078968	30278968	harbor1	chr19	30120450	30120552	LTR/ERVL-MaLR	676	+	51	30120501	41533
chr19	30078968	30278968	harbor1	chr19	30157354	30157505	LTR/ERVL-MaLR	1996	+	76	30157430	78462
chr19	30078968	30278968	harbor1	chr19	30157798	30158057	LTR/ERVL-MaLR	1996	+	130	30157928	78960
chr19	30078968	30278968	harbor1	chr19	30164260	30164674	LTR/ERVL-MaLR	2391	+	207	30164467	85499
chr19	30078968	30278968	harbor1	chr19	30170388	30170737	LTR/ERVL-MaLR	1310	+	174	30170562	91594
chr19	30078968	30278968	harbor1	chr19	30178050	30178526	LTR/ERVL-MaLR	1067	+	238	30178288	99320
chr19	57906972	58106972	harbor1	chr19	57954751	57954915	LTR/ERVL-MaLR	660	+	82	57954833	47861
chr19	57906972	58106972	harbor1	chr19	57992862	57993275	LTR/ERVL-MaLR	1673	+	206	57993068	86096
chr19	57906972	58106972	harbor1	chr19	58005108	58005240	LTR/ERVL-MaLR	628	+	66	58005174	98202
chr19	57906972	58106972	harbor1	chr19	58005833	58006069	LTR/ERVL-MaLR	714	+	118	58005951	98979
chr19	54467829	54667829	harbor1	chr19	54556055	54556252	LTR/ERVL-MaLR	632	+	98	54556153	88324
chr19	20941815	21141815	harbor1	chr19	20943206	20943597	LTR/ERVL-MaLR	1651	+	196	20943402	1587
chr19	20941815	21141815	harbor1	chr19	21017859	21018353	LTR/ERVL-MaLR	1351	+	247	21018106	76291
chr19	20941815	21141815	harbor1	chr19	21040262	21040657	LTR/ERVL-MaLR	1448	+	198	21040460	98645
chr19	52111875	52311875	harbor1	chr19	52132415	52132831	LTR/ERVL-MaLR	2320	+	208	52132623	20748
chr19	52111875	52311875	harbor1	chr19	52140600	52140812	LTR/ERVL-MaLR	1074	+	106	52140706	28831
chr19	52111875	52311875	harbor1	chr19	52146042	52146217	LTR/ERVL-MaLR	843	+	88	52146130	34255
chr19	52111875	52311875	harbor1	chr19	52158824	52159180	LTR/ERVL-MaLR	761	+	178	52159002	47127
chr19	52111875	52311875	harbor1	chr19	52172219	52172414	LTR/ERVL-MaLR	1387	+	98	52172317	60442
chr19	52111875	52311875	harbor1	chr19	52172717	52172795	LTR/ERVL-MaLR	1387	+	39	52172756	60881
chr19	52111875	52311875	harbor1	chr19	52172797	52172834	LTR/ERVL-MaLR	693	+	18	52172815	60940
chr19	52111875	52311875	harbor1	chr19	52173144	52173285	LTR/ERVL-MaLR	693	+	70	52173214	61339
chr19	52111875	52311875	harbor1	chr19	52173730	52173970	LTR/ERVL-MaLR	1686	+	120	52173850	61975
chr19	52111875	52311875	harbor1	chr19	52185551	52185768	LTR/ERVL-MaLR	1251	+	108	52185659	73784
chr19	35290969	35490969	harbor1	chr19	35378305	35378652	LTR/ERVL-MaLR	1033	+	174	35378479	87510
chr19	21522910	21722910	harbor1	chr19	21581944	21582288	LTR/ERVL-MaLR	2031	+	172	21582116	59206
chr19	21522910	21722910	harbor1	chr19	21582588	21582846	LTR/ERVL-MaLR	2031	+	129	21582717	59807
chr19	30095508	30295508	harbor1	chr19	30119876	30120287	LTR/ERVL-MaLR	676	+	206	30120082	24574
chr19	30095508	30295508	harbor1	chr19	30120450	30120552	LTR/ERVL-MaLR	676	+	51	30120501	24993
chr19	30095508	30295508	harbor1	chr19	30157354	30157505	LTR/ERVL-MaLR	1996	+	76	30157430	61922
chr19	30095508	30295508	harbor1	chr19	30157798	30158057	LTR/ERVL-MaLR	1996	+	130	30157928	62420
chr19	30095508	30295508	harbor1	chr19	30164260	30164674	LTR/ERVL-MaLR	2391	+	207	30164467	68959
chr19	30095508	30295508	harbor1	chr19	30170388	30170737	LTR/ERVL-MaLR	1310	+	174	30170562	75054
chr19	30095508	30295508	harbor1	chr19	30178050	30178526	LTR/ERVL-MaLR	1067	+	238	30178288	82780
chr19	6409173	6609173	harbor1	chr19	6434244	6434570	LTR/ERVL-MaLR	1103	+	163	6434407	25234
chr19	6409173	6609173	harbor1	chr19	6437348	6437525	LTR/ERVL-MaLR	750	+	88	6437436	28263
chr19	6409173	6609173	harbor1	chr19	6444484	6444651	LTR/ERVL-MaLR	2058	+	84	6444568	35395
chr19	6409173	6609173	harbor1	chr19	6445408	6445719	LTR/ERVL-MaLR	2058	+	156	6445564	36391
chr19	6409173	6609173	harbor1	chr19	6446730	6447192	LTR/ERVL-MaLR	2134	+	231	6446961	37788
chr19	6409173	6609173	harbor1	chr19	6452853	6453233	LTR/ERVL-MaLR	845	+	190	6453043	43870
chr19	6409173	6609173	harbor1	chr19	6491091	6491180	LTR/ERVL-MaLR	1533	+	44	6491135	81962
chr19	6409173	6609173	harbor1	chr19	6491488	6491498	LTR/ERVL-MaLR	1533	+	5	6491493	82320
chr19	6409173	6609173	harbor1	chr19	6491777	6492252	LTR/ERVL-MaLR	1533	+	238	6492015	82842
chr19	54778112	54978112	harbor1	chr19	54786890	54787367	LTR/ERVL-MaLR	1211	+	238	54787128	9016
chr19	54778112	54978112	harbor1	chr19	54805220	54805693	LTR/ERVL-MaLR	1089	+	236	54805456	27344
chr19	54778112	54978112	harbor1	chr19	54818743	54819239	LTR/ERVL-MaLR	1358	+	248	54818991	40879
chr19	54778112	54978112	harbor1	chr19	54836266	54836746	LTR/ERVL-MaLR	1227	+	240	54836506	58394
chr19	54778112	54978112	harbor1	chr19	54852426	54852922	LTR/ERVL-MaLR	1296	+	248	54852674	74562
chr19	14114448	14314448	harbor1	chr19	14170923	14171315	LTR/ERVL-MaLR	2663	+	196	14171119	56671
chr19	14114448	14314448	harbor1	chr19	14178047	14178222	LTR/ERVL-MaLR	1928	+	88	14178135	63687
chr19	14114448	14314448	harbor1	chr19	14178517	14178528	LTR/ERVL-MaLR	1928	+	6	14178523	64075
chr19	14114448	14314448	harbor1	chr19	14178811	14178901	LTR/ERVL-MaLR	1928	+	45	14178856	64408
chr19	14114448	14314448	harbor1	chr19	14179511	14179624	LTR/ERVL-MaLR	1928	+	56	14179567	65119
chr19	14114448	14314448	harbor1	chr19	14179901	14179952	LTR/ERVL-MaLR	1928	+	26	14179927	65479
chr19	14114448	14314448	harbor1	chr19	14193601	14193967	LTR/ERVL-MaLR	1603	+	183	14193784	79336
chr19	14114448	14314448	harbor1	chr19	14194239	14194302	LTR/ERVL-MaLR	1603	+	32	14194271	79823
chr20	32550541	32750541	harbor1	chr20	32555220	32555313	LTR/ERVL-MaLR	1860	+	46	32555266	4725
chr20	32550541	32750541	harbor1	chr20	32555584	32555889	LTR/ERVL-MaLR	1860	+	152	32555736	5195
chr20	37100629	37300629	harbor1	chr20	37115708	37115882	LTR/ERVL-MaLR	2196	+	87	37115795	15166
chr20	37100629	37300629	harbor1	chr20	37116504	37116699	LTR/ERVL-MaLR	2196	+	98	37116602	15973
chr20	37100629	37300629	harbor1	chr20	37132153	37132310	LTR/ERVL-MaLR	503	+	78	37132231	31602
chr20	37100629	37300629	harbor1	chr20	37139351	37139524	LTR/ERVL-MaLR	529	+	86	37139437	38808
chr20	37100629	37300629	harbor1	chr20	37161129	37161692	LTR/ERVL-MaLR	760	+	282	37161411	60782
chr20	37100629	37300629	harbor1	chr20	37162703	37162902	LTR/ERVL-MaLR	505	+	100	37162803	62174
chr20	14587768	14787768	harbor1	chr20	14620106	14620445	LTR/ERVL-MaLR	1053	+	170	14620276	32508
chr20	9510451	9710451	harbor1	chr20	9541700	9542067	LTR/ERVL-MaLR	2055	+	184	9541884	31433
chr20	9510451	9710451	harbor1	chr20	9546943	9547375	LTR/ERVL-MaLR	1477	+	216	9547159	36708
chr20	9510451	9710451	harbor1	chr20	9554120	9554619	LTR/ERVL-MaLR	1174	+	250	9554370	43919
chr20	9510451	9710451	harbor1	chr20	9555624	9556146	LTR/ERVL-MaLR	807	+	261	9555885	45434
chr20	9510451	9710451	harbor1	chr20	9568475	9568685	LTR/ERVL-MaLR	1572	+	105	9568580	58129
chr20	9510451	9710451	harbor1	chr20	9568846	9569232	LTR/ERVL-MaLR	1572	+	193	9569039	58588
chr20	9510451	9710451	harbor1	chr20	9597530	9597955	LTR/ERVL-MaLR	1390	+	212	9597742	87291
chr20	9510451	9710451	harbor1	chr20	9606025	9606449	LTR/ERVL-MaLR	2873	+	212	9606237	95786
chr20	745667	945667	harbor1	chr20	751160	751473	LTR/ERVL-MaLR	2005	+	156	751316	5649
chr20	745667	945667	harbor1	chr20	751806	751846	LTR/ERVL-MaLR	2005	+	20	751826	6159
chr20	745667	945667	harbor1	chr20	770853	771119	LTR/ERVL-MaLR	785	+	133	770986	25319
chr20	745667	945667	harbor1	chr20	824679	824857	LTR/ERVL-MaLR	825	+	89	824768	79101
chr20	745667	945667	harbor1	chr20	826329	826694	LTR/ERVL-MaLR	2265	+	182	826511	80844
chr20	745667	945667	harbor1	chr20	826930	827200	LTR/ERVL-MaLR	1009	+	135	827065	81398
chr20	745667	945667	harbor1	chr20	769926	770051	LTR/ERVL-MaLR	785	+	62	769988	24321
chr20	61037334	61237334	harbor1	chr20	61042054	61042434	LTR/ERVL-MaLR	2289	+	190	61042244	4910
chr20	61037334	61237334	harbor1	chr20	61047400	61047624	LTR/ERVL-MaLR	621	+	112	61047512	10178
chr20	61037334	61237334	harbor1	chr20	61071877	61072238	LTR/ERVL-MaLR	2345	+	180	61072057	34723
chr20	61037334	61237334	harbor1	chr20	61075033	61075389	LTR/ERVL-MaLR	1907	+	178	61075211	37877
chr20	61037334	61237334	harbor1	chr20	61081265	61081684	LTR/ERVL-MaLR	509	+	210	61081475	44141
chr20	61037334	61237334	harbor1	chr20	61084535	61085094	LTR/ERVL-MaLR	1444	+	280	61084815	47481
chr20	61037334	61237334	harbor1	chr20	61120624	61120974	LTR/ERVL-MaLR	2116	+	175	61120799	83465
chr20	61037334	61237334	harbor1	chr20	61127607	61127992	LTR/ERVL-MaLR	916	+	192	61127799	90465
chr20	61037334	61237334	harbor1	chr20	61128319	61128383	LTR/ERVL-MaLR	916	+	32	61128351	91017
chr20	12831940	13031940	harbor1	chr20	12890970	12891323	LTR/ERVL-MaLR	2808	+	176	12891146	59206
chr20	12831940	13031940	harbor1	chr20	12894844	12895307	LTR/ERVL-MaLR	1763	+	232	12895076	63136
chr20	12831940	13031940	harbor1	chr20	12907413	12907827	LTR/ERVL-MaLR	528	+	207	12907620	75680
chr20	12831940	13031940	harbor1	chr20	12921541	12921950	LTR/ERVL-MaLR	2340	+	204	12921745	89805
chr20	12831940	13031940	harbor1	chr20	12921951	12922539	LTR/ERVL-MaLR	3232	+	294	12922245	90305
chr20	12831940	13031940	harbor1	chr20	12922538	12923122	LTR/ERVL-MaLR	3881	+	292	12922830	90890
chr20	12831940	13031940	harbor1	chr20	12923128	12923534	LTR/ERVL-MaLR	2149	+	203	12923331	91391
chr20	59911549	60111549	harbor1	chr20	59912676	59913051	LTR/ERVL-MaLR	1882	+	188	59912864	1315
chr20	59911549	60111549	harbor1	chr20	59975098	59975541	LTR/ERVL-MaLR	2037	+	222	59975320	63771
chr20	47896679	48096679	harbor1	chr20	47901258	47901380	LTR/ERVL-MaLR	435	+	61	47901319	4640
chr20	47896679	48096679	harbor1	chr20	47901406	47901815	LTR/ERVL-MaLR	2664	+	204	47901610	4931
chr20	47896679	48096679	harbor1	chr20	47915252	47915695	LTR/ERVL-MaLR	455	+	222	47915474	18795
chr20	47896679	48096679	harbor1	chr20	47915920	47915985	LTR/ERVL-MaLR	455	+	32	47915952	19273
chr20	47896679	48096679	harbor1	chr20	47916504	47916989	LTR/ERVL-MaLR	1661	+	242	47916746	20067
chr20	47896679	48096679	harbor1	chr20	47918543	47918950	LTR/ERVL-MaLR	2121	+	204	47918747	22068
chr20	47896679	48096679	harbor1	chr20	47945410	47945596	LTR/ERVL-MaLR	479	+	93	47945503	48824
chr20	47896679	48096679	harbor1	chr20	47946299	47946717	LTR/ERVL-MaLR	2630	+	209	47946508	49829
chr20	47896679	48096679	harbor1	chr20	47954425	47954863	LTR/ERVL-MaLR	932	+	219	47954644	57965
chr20	25075738	25275738	harbor1	chr20	25086978	25087409	LTR/ERVL-MaLR	1801	+	216	25087194	11456
chr20	25075738	25275738	harbor1	chr20	25136290	25136683	LTR/ERVL-MaLR	2071	+	196	25136486	60748
chr20	25075738	25275738	harbor1	chr20	25157862	25158246	LTR/ERVL-MaLR	1380	+	192	25158054	82316
chr20	25075738	25275738	harbor1	chr20	25162967	25163359	LTR/ERVL-MaLR	2207	+	196	25163163	87425
chr20	295379	495379	harbor1	chr20	334014	334501	LTR/ERVL-MaLR	1571	+	244	334258	38879
chr20	295379	495379	harbor1	chr20	341479	341505	LTR/ERVL-MaLR	770	+	13	341492	46113
chr20	295379	495379	harbor1	chr20	341740	342198	LTR/ERVL-MaLR	770	+	229	341969	46590
chr20	295379	495379	harbor1	chr20	342573	342602	LTR/ERVL-MaLR	1250	+	14	342587	47208
chr20	295379	495379	harbor1	chr20	342917	343364	LTR/ERVL-MaLR	1250	+	224	343141	47762
chr20	54499841	54699841	harbor1	chr20	54517651	54518006	LTR/ERVL-MaLR	1622	+	178	54517829	17988
chr20	54499841	54699841	harbor1	chr20	54561410	54561655	LTR/ERVL-MaLR	505	+	122	54561532	61691
chr20	54499841	54699841	harbor1	chr20	54562843	54563282	LTR/ERVL-MaLR	1655	+	220	54563063	63222
chr20	35099396	35299396	harbor1	chr20	35103700	35104070	LTR/ERVL-MaLR	2706	+	185	35103885	4489
chr20	35099396	35299396	harbor1	chr20	35126937	35127295	LTR/ERVL-MaLR	2290	+	179	35127116	27720
chr20	35099396	35299396	harbor1	chr20	35143245	35143566	LTR/ERVL-MaLR	572	+	160	35143405	44009
chr20	35099396	35299396	harbor1	chr20	35183185	35183607	LTR/ERVL-MaLR	2301	+	211	35183396	84000
chr20	40892260	41092260	harbor1	chr20	40894289	40894407	LTR/ERVL-MaLR	837	+	59	40894348	2088
chr20	40892260	41092260	harbor1	chr20	40894630	40894846	LTR/ERVL-MaLR	837	+	108	40894738	2478
chr20	40892260	41092260	harbor1	chr20	40905639	40906223	LTR/ERVL-MaLR	1526	+	292	40905931	13671
chr20	40892260	41092260	harbor1	chr20	40933561	40933833	LTR/ERVL-MaLR	446	+	136	40933697	41437
chr20	40892260	41092260	harbor1	chr20	40953761	40954282	LTR/ERVL-MaLR	2246	+	260	40954021	61761
chr20	40892260	41092260	harbor1	chr20	40983996	40984447	LTR/ERVL-MaLR	1424	+	226	40984222	91962
chr20	11128006	11328006	harbor1	chr20	11141492	11141865	LTR/ERVL-MaLR	1372	+	186	11141678	13672
chr20	11128006	11328006	harbor1	chr20	11156975	11157236	LTR/ERVL-MaLR	513	+	130	11157105	29099
chr20	11128006	11328006	harbor1	chr20	11181123	11181490	LTR/ERVL-MaLR	2318	+	184	11181307	53301
chr20	11128006	11328006	harbor1	chr20	11197303	11197755	LTR/ERVL-MaLR	964	+	226	11197529	69523
chr20	16775678	16975678	harbor1	chr20	16775671	16776081	LTR/ERVL-MaLR	2431	+	205	16775876	198
chr20	16775678	16975678	harbor1	chr20	16811762	16812121	LTR/ERVL-MaLR	1907	+	180	16811942	36264
chr20	16775678	16975678	harbor1	chr20	16864108	16864582	LTR/ERVL-MaLR	1420	+	237	16864345	88667
chr20	8219152	8419152	harbor1	chr20	8220366	8220805	LTR/ERVL-MaLR	1878	+	220	8220586	1434
chr20	40726298	40926298	harbor1	chr20	40768180	40768450	LTR/ERVL-MaLR	530	+	135	40768315	42017
chr20	40726298	40926298	harbor1	chr20	40793178	40793542	LTR/ERVL-MaLR	1764	+	182	40793360	67062
chr20	40726298	40926298	harbor1	chr20	40810689	40811055	LTR/ERVL-MaLR	1771	+	183	40810872	84574
chr20	52274212	52474212	harbor1	chr20	52282249	52282606	LTR/ERVL-MaLR	694	+	178	52282427	8215
chr20	52274212	52474212	harbor1	chr20	52282996	52283356	LTR/ERVL-MaLR	2166	+	180	52283176	8964
chr20	52274212	52474212	harbor1	chr20	52298048	52298443	LTR/ERVL-MaLR	819	+	198	52298246	24034
chr20	52274212	52474212	harbor1	chr20	52302654	52302943	LTR/ERVL-MaLR	545	+	144	52302798	28586
chr20	52274212	52474212	harbor1	chr20	52316669	52317096	LTR/ERVL-MaLR	1233	+	214	52316883	42671
chr20	52274212	52474212	harbor1	chr20	52350035	52350590	LTR/ERVL-MaLR	900	+	278	52350313	76101
chr20	52274212	52474212	harbor1	chr20	52367704	52368188	LTR/ERVL-MaLR	785	+	242	52367946	93734
chr20	52274212	52474212	harbor1	chr20	52369417	52369873	LTR/ERVL-MaLR	857	+	228	52369645	95433
chr20	52008519	52208519	harbor1	chr20	52033736	52034079	LTR/ERVL-MaLR	2158	+	172	52033908	25389
chr20	52008519	52208519	harbor1	chr20	52095149	52095298	LTR/ERVL-MaLR	499	+	74	52095223	86704
chr20	55794425	55994425	harbor1	chr20	55810638	55811015	LTR/ERVL-MaLR	2516	+	188	55810826	16401
chr20	55794425	55994425	harbor1	chr20	55818561	55818759	LTR/ERVL-MaLR	598	+	99	55818660	24235
chr20	55794425	55994425	harbor1	chr20	55859157	55859566	LTR/ERVL-MaLR	1735	+	204	55859361	64936
chr20	55794425	55994425	harbor1	chr20	55865561	55865629	LTR/ERVL-MaLR	430	+	34	55865595	71170
chr20	55794425	55994425	harbor1	chr20	55873447	55873879	LTR/ERVL-MaLR	1109	+	216	55873663	79238
chr20	55794425	55994425	harbor1	chr20	55878383	55878813	LTR/ERVL-MaLR	1213	+	215	55878598	84173
chr20	55794425	55994425	harbor1	chr20	55884000	55884386	LTR/ERVL-MaLR	1372	+	193	55884193	89768
chr20	55794425	55994425	harbor1	chr20	55888766	55888900	LTR/ERVL-MaLR	529	+	67	55888833	94408
chr20	55794425	55994425	harbor1	chr20	55892724	55893322	LTR/ERVL-MaLR	1281	+	299	55893023	98598
chr20	45243742	45443742	harbor1	chr20	45291732	45291849	LTR/ERVL-MaLR	1451	+	58	45291790	48048
chr20	45243742	45443742	harbor1	chr20	45292150	45292467	LTR/ERVL-MaLR	1451	+	158	45292308	48566
chr20	45243742	45443742	harbor1	chr20	45299441	45299623	LTR/ERVL-MaLR	1312	+	91	45299532	55790
chr20	45243742	45443742	harbor1	chr20	45299900	45299954	LTR/ERVL-MaLR	1312	+	27	45299927	56185
chr20	45243742	45443742	harbor1	chr20	45300003	45300172	LTR/ERVL-MaLR	1312	+	84	45300087	56345
chr20	45243742	45443742	harbor1	chr20	45322957	45323473	LTR/ERVL-MaLR	2538	+	258	45323215	79473
chr20	16418786	16618786	harbor1	chr20	16466367	16466729	LTR/ERVL-MaLR	2828	+	181	16466548	47762
chr20	16418786	16618786	harbor1	chr20	16484962	16485342	LTR/ERVL-MaLR	461	+	190	16485152	66366
chr20	16418786	16618786	harbor1	chr20	16490087	16490269	LTR/ERVL-MaLR	2039	+	91	16490178	71392
chr20	16418786	16618786	harbor1	chr20	16490573	16490813	LTR/ERVL-MaLR	2039	+	120	16490693	71907
chr20	3988836	4188836	harbor1	chr20	3989575	3989960	LTR/ERVL-MaLR	1191	+	192	3989767	931
chr20	3988836	4188836	harbor1	chr20	3996561	3996938	LTR/ERVL-MaLR	558	+	188	3996749	7913
chr20	3988836	4188836	harbor1	chr20	3997256	3997313	LTR/ERVL-MaLR	558	+	28	3997284	8448
chr20	3988836	4188836	harbor1	chr20	4004413	4004841	LTR/ERVL-MaLR	1085	+	214	4004627	15791
chr20	3988836	4188836	harbor1	chr20	4051060	4051109	LTR/ERVL-MaLR	2479	+	24	4051084	62248
chr20	3988836	4188836	harbor1	chr20	4051442	4051809	LTR/ERVL-MaLR	2479	+	184	4051626	62790
chr20	3988836	4188836	harbor1	chr20	4054548	4054714	LTR/ERVL-MaLR	1622	+	83	4054631	65795
chr20	3988836	4188836	harbor1	chr20	4055321	4055532	LTR/ERVL-MaLR	1622	+	106	4055427	66591
chr20	3988836	4188836	harbor1	chr20	4069870	4069962	LTR/ERVL-MaLR	1923	+	46	4069916	81080
chr20	3988836	4188836	harbor1	chr20	4070388	4070763	LTR/ERVL-MaLR	1923	+	188	4070576	81740
chr20	41427017	41627017	harbor1	chr20	41448588	41448716	LTR/ERVL-MaLR	524	+	64	41448652	21635
chr20	41427017	41627017	harbor1	chr20	41459455	41459800	LTR/ERVL-MaLR	2670	+	172	41459627	32610
chr20	41427017	41627017	harbor1	chr20	41459801	41461340	LTR/ERVL-MaLR	11779	+	770	41460571	33554
chr20	41427017	41627017	harbor1	chr20	41461342	41461694	LTR/ERVL-MaLR	2704	+	176	41461518	34501
chr20	41427017	41627017	harbor1	chr20	41466738	41467126	LTR/ERVL-MaLR	560	+	194	41466932	39915
chr20	46232914	46432914	harbor1	chr20	46259910	46260271	LTR/ERVL-MaLR	593	+	180	46260090	27176
chr20	6221885	6421885	harbor1	chr20	6231673	6231844	LTR/ERVL-MaLR	918	+	86	6231759	9874
chr20	6221885	6421885	harbor1	chr20	6231886	6232032	LTR/ERVL-MaLR	918	+	73	6231959	10074
chr20	6221885	6421885	harbor1	chr20	6233792	6234277	LTR/ERVL-MaLR	1420	+	242	6234034	12149
chr20	6221885	6421885	harbor1	chr20	6249045	6249456	LTR/ERVL-MaLR	2456	+	206	6249251	27366
chr20	6221885	6421885	harbor1	chr20	6260230	6260642	LTR/ERVL-MaLR	1680	+	206	6260436	38551
chr20	6221885	6421885	harbor1	chr20	6269526	6269885	LTR/ERVL-MaLR	2071	+	180	6269706	47821
chr20	24471337	24671337	harbor1	chr20	24484803	24485231	LTR/ERVL-MaLR	2556	+	214	24485017	13680
chr20	24471337	24671337	harbor1	chr20	24509794	24510210	LTR/ERVL-MaLR	2670	+	208	24510002	38665
chr20	53958343	54158343	harbor1	chr20	54004054	54004408	LTR/ERVL-MaLR	1726	+	177	54004231	45888
chr20	53958343	54158343	harbor1	chr20	54031602	54031760	LTR/ERVL-MaLR	416	+	79	54031681	73338
chr20	53958343	54158343	harbor1	chr20	54052469	54052866	LTR/ERVL-MaLR	2041	+	198	54052667	94324
chr20	53958343	54158343	harbor1	chr20	54057578	54057931	LTR/ERVL-MaLR	1552	+	176	54057754	99411
chr20	28492254	28692254	harbor1	chr20	28570690	28570768	LTR/ERVL-MaLR	400	+	39	28570729	78475
chr20	28492254	28692254	harbor1	chr20	28570833	28571108	LTR/ERVL-MaLR	1345	+	138	28570971	78717
chr20	55856912	56056912	harbor1	chr20	55859157	55859566	LTR/ERVL-MaLR	1735	+	204	55859361	2449
chr20	55856912	56056912	harbor1	chr20	55865561	55865629	LTR/ERVL-MaLR	430	+	34	55865595	8683
chr20	55856912	56056912	harbor1	chr20	55873447	55873879	LTR/ERVL-MaLR	1109	+	216	55873663	16751
chr20	55856912	56056912	harbor1	chr20	55878383	55878813	LTR/ERVL-MaLR	1213	+	215	55878598	21686
chr20	55856912	56056912	harbor1	chr20	55884000	55884386	LTR/ERVL-MaLR	1372	+	193	55884193	27281
chr20	55856912	56056912	harbor1	chr20	55888766	55888900	LTR/ERVL-MaLR	529	+	67	55888833	31921
chr20	55856912	56056912	harbor1	chr20	55892724	55893322	LTR/ERVL-MaLR	1281	+	299	55893023	36111
chr20	55856912	56056912	harbor1	chr20	55909959	55910164	LTR/ERVL-MaLR	832	+	102	55910061	53149
chr20	55856912	56056912	harbor1	chr20	55910242	55910417	LTR/ERVL-MaLR	728	+	88	55910330	53418
chr20	55856912	56056912	harbor1	chr20	55911044	55911217	LTR/ERVL-MaLR	728	+	86	55911130	54218
chr20	55856912	56056912	harbor1	chr20	55923174	55923451	LTR/ERVL-MaLR	968	+	138	55923312	66400
chr20	55856912	56056912	harbor1	chr20	55929079	55929572	LTR/ERVL-MaLR	933	+	246	55929325	72413
chr20	55856912	56056912	harbor1	chr20	55937593	55937795	LTR/ERVL-MaLR	589	+	101	55937694	80782
chr20	30631167	30831167	harbor1	chr20	30632994	30633237	LTR/ERVL-MaLR	971	+	122	30633116	1949
chr20	30631167	30831167	harbor1	chr20	30635422	30635564	LTR/ERVL-MaLR	568	+	71	30635493	4326
chr20	30631167	30831167	harbor1	chr20	30635881	30636112	LTR/ERVL-MaLR	793	+	116	30635997	4830
chr20	30631167	30831167	harbor1	chr20	30638487	30638619	LTR/ERVL-MaLR	560	+	66	30638553	7386
chr20	30631167	30831167	harbor1	chr20	30638954	30639193	LTR/ERVL-MaLR	757	+	120	30639074	7907
chr20	30631167	30831167	harbor1	chr20	30641912	30642066	LTR/ERVL-MaLR	489	+	77	30641989	10822
chr20	30631167	30831167	harbor1	chr20	30642375	30642584	LTR/ERVL-MaLR	706	+	104	30642479	11312
chr20	30631167	30831167	harbor1	chr20	30645153	30645288	LTR/ERVL-MaLR	429	+	68	30645221	14054
chr20	30631167	30831167	harbor1	chr20	30645616	30645848	LTR/ERVL-MaLR	569	+	116	30645732	14565
chr20	30631167	30831167	harbor1	chr20	30648302	30648432	LTR/ERVL-MaLR	519	+	65	30648367	17200
chr20	30631167	30831167	harbor1	chr20	30648770	30649002	LTR/ERVL-MaLR	974	+	116	30648886	17719
chr20	30631167	30831167	harbor1	chr20	30649271	30649422	LTR/ERVL-MaLR	534	+	76	30649347	18180
chr20	30631167	30831167	harbor1	chr20	30668446	30668767	LTR/ERVL-MaLR	751	+	160	30668606	37439
chr20	38160723	38360723	harbor1	chr20	38179283	38179381	LTR/ERVL-MaLR	2345	+	49	38179332	18609
chr20	38160723	38360723	harbor1	chr20	38179747	38180085	LTR/ERVL-MaLR	2345	+	169	38179916	19193
chr20	38160723	38360723	harbor1	chr20	38227589	38228034	LTR/ERVL-MaLR	605	+	222	38227811	67088
chr20	38160723	38360723	harbor1	chr20	38228609	38228806	LTR/ERVL-MaLR	576	+	98	38228707	67984
chr20	38160723	38360723	harbor1	chr20	38233810	38234176	LTR/ERVL-MaLR	2172	+	183	38233993	73270
chr20	38160723	38360723	harbor1	chr20	38235331	38235794	LTR/ERVL-MaLR	2060	+	232	38235563	74840
chr20	38160723	38360723	harbor1	chr20	38245049	38245338	LTR/ERVL-MaLR	762	+	144	38245193	84470
chr20	38160723	38360723	harbor1	chr20	38247581	38247806	LTR/ERVL-MaLR	1432	+	112	38247693	86970
chr20	38160723	38360723	harbor1	chr20	38247924	38247946	LTR/ERVL-MaLR	1432	+	11	38247935	87212
chr20	38160723	38360723	harbor1	chr20	38248246	38248536	LTR/ERVL-MaLR	1432	+	145	38248391	87668
chr20	48401914	48601914	harbor1	chr20	48421073	48421505	LTR/ERVL-MaLR	835	+	216	48421289	19375
chr20	48401914	48601914	harbor1	chr20	48421660	48421862	LTR/ERVL-MaLR	424	+	101	48421761	19847
chr20	48401914	48601914	harbor1	chr20	48429495	48429784	LTR/ERVL-MaLR	730	+	144	48429639	27725
chr20	48401914	48601914	harbor1	chr20	48467719	48468103	LTR/ERVL-MaLR	942	+	192	48467911	65997
chr20	48401914	48601914	harbor1	chr20	48486464	48486761	LTR/ERVL-MaLR	1288	+	148	48486612	84698
chr20	48401914	48601914	harbor1	chr20	48487040	48487140	LTR/ERVL-MaLR	616	+	50	48487090	85176
chr20	48401914	48601914	harbor1	chr20	48487269	48487463	LTR/ERVL-MaLR	759	+	97	48487366	85452
chr20	48401914	48601914	harbor1	chr20	48498393	48498732	LTR/ERVL-MaLR	505	+	170	48498563	96649
chr20	10030518	10230518	harbor1	chr20	10070135	10070303	LTR/ERVL-MaLR	673	+	84	10070219	39701
chr20	10030518	10230518	harbor1	chr20	10085212	10085463	LTR/ERVL-MaLR	435	+	126	10085338	54820
chr20	10030518	10230518	harbor1	chr20	10094183	10094604	LTR/ERVL-MaLR	2161	+	210	10094393	63875
chr20	10030518	10230518	harbor1	chr20	10099513	10099877	LTR/ERVL-MaLR	2544	+	182	10099695	69177
chr20	10030518	10230518	harbor1	chr20	10113258	10113778	LTR/ERVL-MaLR	1091	+	260	10113518	83000
chr20	10030518	10230518	harbor1	chr20	10114161	10114569	LTR/ERVL-MaLR	731	+	204	10114365	83847
chr20	10030518	10230518	harbor1	chr20	10129188	10129700	LTR/ERVL-MaLR	1067	+	256	10129444	98926
chr20	52379422	52579422	harbor1	chr20	52381331	52381873	LTR/ERVL-MaLR	1920	+	271	52381602	2180
chr20	52379422	52579422	harbor1	chr20	52385566	52385701	LTR/ERVL-MaLR	402	+	68	52385634	6212
chr20	52379422	52579422	harbor1	chr20	52387753	52388133	LTR/ERVL-MaLR	2253	+	190	52387943	8521
chr20	52379422	52579422	harbor1	chr20	52392152	52392543	LTR/ERVL-MaLR	412	+	196	52392348	12926
chr20	52379422	52579422	harbor1	chr20	52393639	52394050	LTR/ERVL-MaLR	2606	+	206	52393845	14423
chr20	52379422	52579422	harbor1	chr20	52394356	52394394	LTR/ERVL-MaLR	2606	+	19	52394375	14953
chr20	52379422	52579422	harbor1	chr20	52400653	52400799	LTR/ERVL-MaLR	528	+	73	52400726	21304
chr20	52379422	52579422	harbor1	chr20	52402627	52403084	LTR/ERVL-MaLR	647	+	228	52402855	23433
chr20	52379422	52579422	harbor1	chr20	52407125	52407496	LTR/ERVL-MaLR	618	+	186	52407311	27889
chr20	52379422	52579422	harbor1	chr20	52412455	52412826	LTR/ERVL-MaLR	1315	+	186	52412641	33219
chr20	52379422	52579422	harbor1	chr20	52419069	52419508	LTR/ERVL-MaLR	1357	+	220	52419289	39867
chr20	52379422	52579422	harbor1	chr20	52419603	52419952	LTR/ERVL-MaLR	1908	+	174	52419777	40355
chr20	52379422	52579422	harbor1	chr20	52420423	52420785	LTR/ERVL-MaLR	701	+	181	52420604	41182
chr20	52379422	52579422	harbor1	chr20	52427730	52428311	LTR/ERVL-MaLR	1223	+	290	52428020	48598
chr20	52379422	52579422	harbor1	chr20	52428839	52429235	LTR/ERVL-MaLR	829	+	198	52429037	49615
chr20	52379422	52579422	harbor1	chr20	52453017	52453398	LTR/ERVL-MaLR	2199	+	190	52453207	73785
chr20	52379422	52579422	harbor1	chr20	52455012	52455417	LTR/ERVL-MaLR	1084	+	202	52455214	75792
chr20	52379422	52579422	harbor1	chr20	52458321	52458682	LTR/ERVL-MaLR	2725	+	180	52458501	79079
chr20	52379422	52579422	harbor1	chr20	52478930	52479316	LTR/ERVL-MaLR	2198	+	193	52479123	99701
chr20	50997772	51197772	harbor1	chr20	51010447	51010612	LTR/ERVL-MaLR	983	+	82	51010529	12757
chr20	50997772	51197772	harbor1	chr20	51010944	51011140	LTR/ERVL-MaLR	983	+	98	51011042	13270
chr20	50997772	51197772	harbor1	chr20	51015636	51016143	LTR/ERVL-MaLR	1913	+	254	51015890	18118
chr20	50997772	51197772	harbor1	chr20	51019142	51019229	LTR/ERVL-MaLR	585	+	44	51019186	21414
chr20	50997772	51197772	harbor1	chr20	51019538	51019596	LTR/ERVL-MaLR	585	+	29	51019567	21795
chr20	50997772	51197772	harbor1	chr20	51056639	51057243	LTR/ERVL-MaLR	1171	+	302	51056941	59169
chr20	50997772	51197772	harbor1	chr20	51062029	51062384	LTR/ERVL-MaLR	2050	+	178	51062207	64435
chr20	50997772	51197772	harbor1	chr20	51079752	51080119	LTR/ERVL-MaLR	2751	+	184	51079936	82164
chr20	59001141	59201141	harbor1	chr20	59068313	59068759	LTR/ERVL-MaLR	1993	+	223	59068536	67395
chr20	59001141	59201141	harbor1	chr20	59072131	59072586	LTR/ERVL-MaLR	1280	+	228	59072359	71218
chr20	58248545	58448545	harbor1	chr20	58256752	58257150	LTR/ERVL-MaLR	2254	+	199	58256951	8406
chr20	58248545	58448545	harbor1	chr20	58265034	58265474	LTR/ERVL-MaLR	959	+	220	58265254	16709
chr20	58248545	58448545	harbor1	chr20	58306812	58307079	LTR/ERVL-MaLR	486	+	134	58306946	58401
chr20	36003339	36203339	harbor1	chr20	36032208	36032576	LTR/ERVL-MaLR	2490	+	184	36032392	29053
chr20	36003339	36203339	harbor1	chr20	36054352	36054702	LTR/ERVL-MaLR	2479	+	175	36054527	51188
chr20	22038090	22238090	harbor1	chr20	22057120	22057377	LTR/ERVL-MaLR	482	+	128	22057248	19158
chr20	22038090	22238090	harbor1	chr20	22057673	22058024	LTR/ERVL-MaLR	2530	+	176	22057849	19759
chr20	22038090	22238090	harbor1	chr20	22074304	22074700	LTR/ERVL-MaLR	1462	+	198	22074502	36412
chr20	22038090	22238090	harbor1	chr20	22099494	22099905	LTR/ERVL-MaLR	1478	+	206	22099700	61610
chr20	22038090	22238090	harbor1	chr20	22137950	22138095	LTR/ERVL-MaLR	1018	+	72	22138022	99932
chr20	54215015	54415015	harbor1	chr20	54227754	54228134	LTR/ERVL-MaLR	1974	+	190	54227944	12929
chr20	54215015	54415015	harbor1	chr20	54232409	54232968	LTR/ERVL-MaLR	1672	+	280	54232689	17674
chr20	54215015	54415015	harbor1	chr20	54276983	54277241	LTR/ERVL-MaLR	918	+	129	54277112	62097
chr20	54215015	54415015	harbor1	chr20	54294129	54294381	LTR/ERVL-MaLR	747	+	126	54294255	79240
chr20	54215015	54415015	harbor1	chr20	54312119	54312473	LTR/ERVL-MaLR	2113	+	177	54312296	97281
chr20	54215015	54415015	harbor1	chr20	54312517	54312936	LTR/ERVL-MaLR	1396	+	210	54312727	97712
chr20	52827509	53027509	harbor1	chr20	52856714	52857074	LTR/ERVL-MaLR	2695	+	180	52856894	29385
chr20	52827509	53027509	harbor1	chr20	52894270	52894714	LTR/ERVL-MaLR	1485	+	222	52894492	66983
chr20	52827509	53027509	harbor1	chr20	52913524	52913686	LTR/ERVL-MaLR	940	+	81	52913605	86096
chr20	52827509	53027509	harbor1	chr20	52918618	52918906	LTR/ERVL-MaLR	826	+	144	52918762	91253
chr20	13475083	13675083	harbor1	chr20	13499557	13499755	LTR/ERVL-MaLR	663	+	99	13499656	24573
chr20	13475083	13675083	harbor1	chr20	13511049	13511490	LTR/ERVL-MaLR	1139	+	220	13511269	36186
chr20	13475083	13675083	harbor1	chr20	13573227	13573355	LTR/ERVL-MaLR	768	+	64	13573291	98208
chr20	13475083	13675083	harbor1	chr20	13573374	13573488	LTR/ERVL-MaLR	610	+	57	13573431	98348
chr20	53709583	53909583	harbor1	chr20	53719148	53719305	LTR/ERVL-MaLR	741	+	78	53719226	9643
chr20	53709583	53909583	harbor1	chr20	53728803	53728868	LTR/ERVL-MaLR	453	+	32	53728835	19252
chr20	53709583	53909583	harbor1	chr20	53729167	53729273	LTR/ERVL-MaLR	453	+	53	53729220	19637
chr20	53709583	53909583	harbor1	chr20	53729641	53729951	LTR/ERVL-MaLR	572	+	155	53729796	20213
chr20	53709583	53909583	harbor1	chr20	53731377	53731731	LTR/ERVL-MaLR	1843	+	177	53731554	21971
chr20	53709583	53909583	harbor1	chr20	53733458	53733639	LTR/ERVL-MaLR	1625	+	90	53733548	23965
chr20	53709583	53909583	harbor1	chr20	53733932	53734185	LTR/ERVL-MaLR	1625	+	126	53734058	24475
chr20	53709583	53909583	harbor1	chr20	53767155	53767539	LTR/ERVL-MaLR	1358	+	192	53767347	57764
chr20	53709583	53909583	harbor1	chr20	53775038	53775359	LTR/ERVL-MaLR	623	+	160	53775198	65615
chr20	53709583	53909583	harbor1	chr20	53775668	53775713	LTR/ERVL-MaLR	623	+	22	53775690	66107
chr20	53709583	53909583	harbor1	chr20	53775830	53776003	LTR/ERVL-MaLR	623	+	86	53775916	66333
chr20	53709583	53909583	harbor1	chr20	53790569	53790697	LTR/ERVL-MaLR	510	+	64	53790633	81050
chr20	53709583	53909583	harbor1	chr20	53792814	53793355	LTR/ERVL-MaLR	1783	+	270	53793084	83501
chr20	53709583	53909583	harbor1	chr20	53797780	53798139	LTR/ERVL-MaLR	2280	+	180	53797960	88377
chr20	53709583	53909583	harbor1	chr20	53798399	53798463	LTR/ERVL-MaLR	2280	+	32	53798431	88848
chr20	21489436	21689436	harbor1	chr20	21490309	21490365	LTR/ERVL-MaLR	1587	+	28	21490337	901
chr20	21489436	21689436	harbor1	chr20	21490754	21491257	LTR/ERVL-MaLR	1587	+	252	21491006	1570
chr20	21489436	21689436	harbor1	chr20	21533993	21534336	LTR/ERVL-MaLR	1329	+	172	21534165	44729
chr20	21489436	21689436	harbor1	chr20	21536410	21536940	LTR/ERVL-MaLR	1245	+	265	21536675	47239
chr20	889859	1089859	harbor1	chr20	906028	906548	LTR/ERVL-MaLR	2344	+	260	906288	16429
chr20	889859	1089859	harbor1	chr20	918635	918991	LTR/ERVL-MaLR	1831	+	178	918813	28954
chr20	889859	1089859	harbor1	chr20	924762	925242	LTR/ERVL-MaLR	1091	+	240	925002	35143
chr20	889859	1089859	harbor1	chr20	937025	937133	LTR/ERVL-MaLR	586	+	54	937079	47220
chr20	889859	1089859	harbor1	chr20	937912	938235	LTR/ERVL-MaLR	1904	+	162	938074	48215
chr20	889859	1089859	harbor1	chr20	938870	939233	LTR/ERVL-MaLR	454	+	182	939052	49193
chr20	889859	1089859	harbor1	chr20	968232	968657	LTR/ERVL-MaLR	1984	+	212	968444	78585
chr20	889859	1089859	harbor1	chr20	972020	972065	LTR/ERVL-MaLR	498	+	22	972042	82183
chr20	889859	1089859	harbor1	chr20	972365	972490	LTR/ERVL-MaLR	498	+	62	972427	82568
chr20	889859	1089859	harbor1	chr20	974484	974925	LTR/ERVL-MaLR	609	+	220	974704	84845
chr20	16978792	17178792	harbor1	chr20	16978667	16978805	LTR/ERVL-MaLR	523	+	69	16978736	56
chr20	16978792	17178792	harbor1	chr20	16995226	16995328	LTR/ERVL-MaLR	468	+	51	16995277	16485
chr20	16978792	17178792	harbor1	chr20	17004809	17005263	LTR/ERVL-MaLR	1217	+	227	17005036	26244
chr20	16978792	17178792	harbor1	chr20	17046752	17047298	LTR/ERVL-MaLR	1262	+	273	17047025	68233
chr20	4199183	4399183	harbor1	chr20	4215937	4216138	LTR/ERVL-MaLR	412	+	100	4216037	16854
chr20	4199183	4399183	harbor1	chr20	4236606	4237024	LTR/ERVL-MaLR	1422	+	209	4236815	37632
chr20	4199183	4399183	harbor1	chr20	4273873	4274214	LTR/ERVL-MaLR	1002	+	170	4274043	74860
chr20	4199183	4399183	harbor1	chr20	4296129	4296511	LTR/ERVL-MaLR	2264	+	191	4296320	97137
chr20	4199183	4399183	harbor1	chr20	4210675	4210789	LTR/ERVL-MaLR	400	+	57	4210732	11549
chr20	52133261	52333261	harbor1	chr20	52156668	52157670	LTR/ERVL-MaLR	2582	+	501	52157169	23908
chr20	52133261	52333261	harbor1	chr20	52158147	52158337	LTR/ERVL-MaLR	2582	+	95	52158242	24981
chr20	52133261	52333261	harbor1	chr20	52158394	52158424	LTR/ERVL-MaLR	516	+	15	52158409	25148
chr20	52133261	52333261	harbor1	chr20	52158730	52159244	LTR/ERVL-MaLR	516	+	257	52158987	25726
chr20	52133261	52333261	harbor1	chr20	52160749	52160931	LTR/ERVL-MaLR	492	+	91	52160840	27579
chr20	52133261	52333261	harbor1	chr20	52178989	52179348	LTR/ERVL-MaLR	2306	+	180	52179169	45908
chr20	52133261	52333261	harbor1	chr20	52196814	52197261	LTR/ERVL-MaLR	1303	+	224	52197038	63777
chr20	52133261	52333261	harbor1	chr20	52205576	52205993	LTR/ERVL-MaLR	769	+	208	52205784	72523
chr20	52133261	52333261	harbor1	chr20	52215116	52215616	LTR/ERVL-MaLR	1918	+	250	52215366	82105
chr20	52133261	52333261	harbor1	chr20	52227417	52227773	LTR/ERVL-MaLR	2351	+	178	52227595	94334
chr20	52133261	52333261	harbor1	chr20	52215716	52215832	LTR/ERVL-MaLR	662	+	58	52215774	82513
chr20	4288513	4488513	harbor1	chr20	4296129	4296511	LTR/ERVL-MaLR	2264	+	191	4296320	7807
chr20	4288513	4488513	harbor1	chr20	4306749	4307053	LTR/ERVL-MaLR	492	+	152	4306901	18388
chr20	4288513	4488513	harbor1	chr20	4316611	4316673	LTR/ERVL-MaLR	2227	+	31	4316642	28129
chr20	4288513	4488513	harbor1	chr20	4317080	4317509	LTR/ERVL-MaLR	2227	+	214	4317294	28781
chr20	4288513	4488513	harbor1	chr20	4339406	4339527	LTR/ERVL-MaLR	401	+	60	4339466	50953
chr20	4288513	4488513	harbor1	chr20	4355367	4355757	LTR/ERVL-MaLR	2358	+	195	4355562	67049
chr20	4288513	4488513	harbor1	chr20	4361904	4362331	LTR/ERVL-MaLR	2476	+	214	4362118	73605
chr20	4288513	4488513	harbor1	chr20	4366107	4366530	LTR/ERVL-MaLR	1456	+	212	4366319	77806
chr20	4288513	4488513	harbor1	chr20	4368063	4368287	LTR/ERVL-MaLR	533	+	112	4368175	79662
chr20	43649659	43849659	harbor1	chr20	43651106	43651581	LTR/ERVL-MaLR	2061	+	238	43651344	1685
chr20	43649659	43849659	harbor1	chr20	43720032	43720197	LTR/ERVL-MaLR	433	+	82	43720114	70455
chr20	43649659	43849659	harbor1	chr20	43732523	43732568	LTR/ERVL-MaLR	1590	+	22	43732545	82886
chr20	43649659	43849659	harbor1	chr20	43733042	43733373	LTR/ERVL-MaLR	1590	+	166	43733208	83549
chr20	43649659	43849659	harbor1	chr20	43747226	43747540	LTR/ERVL-MaLR	1907	+	157	43747383	97724
chr20	43649659	43849659	harbor1	chr20	43747863	43747934	LTR/ERVL-MaLR	1907	+	36	43747899	98240
chr20	38458967	38658967	harbor1	chr20	38467480	38467628	LTR/ERVL-MaLR	1866	+	74	38467554	8587
chr20	38458967	38658967	harbor1	chr20	38468261	38468494	LTR/ERVL-MaLR	1866	+	116	38468377	9410
chr20	32123577	32323577	harbor1	chr20	32168636	32168966	LTR/ERVL-MaLR	1835	+	165	32168801	45224
chr20	32123577	32323577	harbor1	chr20	32169088	32169117	LTR/ERVL-MaLR	1835	+	14	32169102	45525
chr20	32123577	32323577	harbor1	chr20	32169398	32169481	LTR/ERVL-MaLR	1835	+	42	32169440	45863
chr20	32123577	32323577	harbor1	chr20	32181548	32181837	LTR/ERVL-MaLR	644	+	144	32181692	58115
chr20	48877355	49077355	harbor1	chr20	48878309	48878342	LTR/ERVL-MaLR	1523	+	16	48878325	970
chr20	48877355	49077355	harbor1	chr20	48878638	48879154	LTR/ERVL-MaLR	1523	+	258	48878896	1541
chr20	48877355	49077355	harbor1	chr20	48908406	48908539	LTR/ERVL-MaLR	805	+	66	48908472	31117
chr20	48877355	49077355	harbor1	chr20	48908838	48909200	LTR/ERVL-MaLR	805	+	181	48909019	31664
chr20	48877355	49077355	harbor1	chr20	48916661	48916992	LTR/ERVL-MaLR	1271	+	166	48916827	39472
chr20	10985608	11185608	harbor1	chr20	10991523	10992013	LTR/ERVL-MaLR	766	+	245	10991768	6160
chr20	10985608	11185608	harbor1	chr20	10995043	10995623	LTR/ERVL-MaLR	637	+	290	10995333	9725
chr20	10985608	11185608	harbor1	chr20	10998283	10998769	LTR/ERVL-MaLR	831	+	243	10998526	12918
chr20	10985608	11185608	harbor1	chr20	11006938	11007152	LTR/ERVL-MaLR	472	+	107	11007045	21437
chr20	10985608	11185608	harbor1	chr20	11010802	11011389	LTR/ERVL-MaLR	1172	+	294	11011096	25488
chr20	10985608	11185608	harbor1	chr20	11043390	11043713	LTR/ERVL-MaLR	1198	+	162	11043552	57944
chr20	10985608	11185608	harbor1	chr20	11043807	11043997	LTR/ERVL-MaLR	586	+	95	11043902	58294
chr20	10985608	11185608	harbor1	chr20	11058177	11058581	LTR/ERVL-MaLR	1953	+	202	11058379	72771
chr20	54634082	54834082	harbor1	chr20	54654876	54655255	LTR/ERVL-MaLR	1858	+	190	54655066	20984
chr20	54634082	54834082	harbor1	chr20	54666497	54666857	LTR/ERVL-MaLR	2190	+	180	54666677	32595
chr20	54634082	54834082	harbor1	chr20	54674234	54674594	LTR/ERVL-MaLR	2060	+	180	54674414	40332
chr20	54634082	54834082	harbor1	chr20	54686654	54687066	LTR/ERVL-MaLR	2194	+	206	54686860	52778
chr20	54634082	54834082	harbor1	chr20	54696088	54696461	LTR/ERVL-MaLR	1383	+	186	54696274	62192
chr20	54634082	54834082	harbor1	chr20	54696812	54697174	LTR/ERVL-MaLR	1919	+	181	54696993	62911
chr20	54634082	54834082	harbor1	chr20	54699273	54699804	LTR/ERVL-MaLR	1357	+	266	54699539	65457
chr20	54634082	54834082	harbor1	chr20	54712876	54713279	LTR/ERVL-MaLR	2063	+	202	54713078	78996
chr20	54634082	54834082	harbor1	chr20	54732593	54732965	LTR/ERVL-MaLR	1767	+	186	54732779	98697
chr20	17792169	17992169	harbor1	chr20	17793247	17793676	LTR/ERVL-MaLR	2073	+	214	17793461	1292
chr20	17792169	17992169	harbor1	chr20	17799541	17799867	LTR/ERVL-MaLR	1282	+	163	17799704	7535
chr20	17792169	17992169	harbor1	chr20	17802079	17802488	LTR/ERVL-MaLR	635	+	204	17802283	10114
chr20	17792169	17992169	harbor1	chr20	17803017	17803468	LTR/ERVL-MaLR	788	+	226	17803243	11074
chr20	17792169	17992169	harbor1	chr20	17815985	17816446	LTR/ERVL-MaLR	1014	+	230	17816215	24046
chr20	17792169	17992169	harbor1	chr20	17829487	17829860	LTR/ERVL-MaLR	1792	+	186	17829673	37504
chr20	17792169	17992169	harbor1	chr20	17863204	17863566	LTR/ERVL-MaLR	1000	+	181	17863385	71216
chr20	17792169	17992169	harbor1	chr20	17887887	17888373	LTR/ERVL-MaLR	2197	+	243	17888130	95961
chr20	17792169	17992169	harbor1	chr20	17890180	17890709	LTR/ERVL-MaLR	840	+	264	17890444	98275
chr20	24247870	24447870	harbor1	chr20	24247677	24248035	LTR/ERVL-MaLR	2198	+	179	24247856	14
chr20	24247870	24447870	harbor1	chr20	24320367	24320482	LTR/ERVL-MaLR	610	+	58	24320425	72555
chr20	24247870	24447870	harbor1	chr20	24334290	24334606	LTR/ERVL-MaLR	794	+	158	24334448	86578
chr20	24247870	24447870	harbor1	chr20	24342261	24342718	LTR/ERVL-MaLR	640	+	228	24342489	94619
chr20	38117564	38317564	harbor1	chr20	38150186	38150417	LTR/ERVL-MaLR	529	+	116	38150302	32738
chr20	38117564	38317564	harbor1	chr20	38179283	38179381	LTR/ERVL-MaLR	2345	+	49	38179332	61768
chr20	38117564	38317564	harbor1	chr20	38179747	38180085	LTR/ERVL-MaLR	2345	+	169	38179916	62352
chr20	38278937	38478937	harbor1	chr20	38285495	38285903	LTR/ERVL-MaLR	2716	+	204	38285699	6762
chr20	38278937	38478937	harbor1	chr20	38301156	38301423	LTR/ERVL-MaLR	736	+	134	38301290	22353
chr20	41770379	41970379	harbor1	chr20	41774819	41775209	LTR/ERVL-MaLR	1981	+	195	41775014	4635
chr20	41770379	41970379	harbor1	chr20	41780329	41780617	LTR/ERVL-MaLR	564	+	144	41780473	10094
chr20	41770379	41970379	harbor1	chr20	41782666	41782800	LTR/ERVL-MaLR	690	+	67	41782733	12354
chr20	41770379	41970379	harbor1	chr20	41793724	41793870	LTR/ERVL-MaLR	700	+	73	41793797	23418
chr20	41770379	41970379	harbor1	chr20	41842716	41842829	LTR/ERVL-MaLR	431	+	56	41842772	72393
chr20	41770379	41970379	harbor1	chr20	41844135	41844309	LTR/ERVL-MaLR	419	+	87	41844222	73843
chr20	41770379	41970379	harbor1	chr20	41848593	41848849	LTR/ERVL-MaLR	444	+	128	41848721	78342
chr20	41770379	41970379	harbor1	chr20	41854929	41855434	LTR/ERVL-MaLR	1880	+	252	41855181	84802
chr20	41770379	41970379	harbor1	chr20	41856438	41856797	LTR/ERVL-MaLR	2156	+	180	41856618	86239
chr20	4764491	4964491	harbor1	chr20	4764501	4764640	LTR/ERVL-MaLR	778	+	70	4764571	80
chr20	4764491	4964491	harbor1	chr20	4787144	4787495	LTR/ERVL-MaLR	421	+	176	4787320	22829
chr20	4764491	4964491	harbor1	chr20	4803291	4803471	LTR/ERVL-MaLR	875	+	90	4803381	38890
chr20	4764491	4964491	harbor1	chr20	4805105	4805588	LTR/ERVL-MaLR	1748	+	242	4805347	40856
chr20	4764491	4964491	harbor1	chr20	4829673	4830193	LTR/ERVL-MaLR	1923	+	260	4829933	65442
chr20	8532838	8732838	harbor1	chr20	8543651	8543997	LTR/ERVL-MaLR	2039	+	173	8543824	10986
chr20	8532838	8732838	harbor1	chr20	8549440	8549595	LTR/ERVL-MaLR	1249	+	78	8549518	16680
chr20	8532838	8732838	harbor1	chr20	8549869	8549980	LTR/ERVL-MaLR	1249	+	56	8549925	17087
chr20	8532838	8732838	harbor1	chr20	8549984	8550278	LTR/ERVL-MaLR	2133	+	147	8550131	17293
chr20	8532838	8732838	harbor1	chr20	8550280	8550633	LTR/ERVL-MaLR	1937	+	176	8550456	17618
chr20	8532838	8732838	harbor1	chr20	8588407	8588810	LTR/ERVL-MaLR	1610	+	202	8588609	55771
chr20	15172802	15372802	harbor1	chr20	15188945	15189150	LTR/ERVL-MaLR	664	+	102	15189047	16245
chr20	15172802	15372802	harbor1	chr20	15210590	15210967	LTR/ERVL-MaLR	2070	+	188	15210778	37976
chr20	15172802	15372802	harbor1	chr20	15211392	15211811	LTR/ERVL-MaLR	2348	+	210	15211602	38800
chr20	15172802	15372802	harbor1	chr20	15223763	15224282	LTR/ERVL-MaLR	1046	+	260	15224023	51221
chr20	15172802	15372802	harbor1	chr20	15240651	15241023	LTR/ERVL-MaLR	1472	+	186	15240837	68035
chr20	53491436	53691436	harbor1	chr20	53524897	53525367	LTR/ERVL-MaLR	1427	+	235	53525132	33696
chr20	53491436	53691436	harbor1	chr20	53530399	53530748	LTR/ERVL-MaLR	1901	+	174	53530573	39137
chr20	53491436	53691436	harbor1	chr20	53535118	53535386	LTR/ERVL-MaLR	970	+	134	53535252	43816
chr20	53598138	53798138	harbor1	chr20	53671324	53671676	LTR/ERVL-MaLR	1332	+	176	53671500	73362
chr20	53598138	53798138	harbor1	chr20	53696160	53696568	LTR/ERVL-MaLR	410	+	204	53696364	98226
chr20	52368674	52568674	harbor1	chr20	52369417	52369873	LTR/ERVL-MaLR	857	+	228	52369645	971
chr20	52368674	52568674	harbor1	chr20	52375745	52375994	LTR/ERVL-MaLR	451	+	124	52375869	7195
chr20	52368674	52568674	harbor1	chr20	52381331	52381873	LTR/ERVL-MaLR	1920	+	271	52381602	12928
chr20	52368674	52568674	harbor1	chr20	52385566	52385701	LTR/ERVL-MaLR	402	+	68	52385634	16960
chr20	52368674	52568674	harbor1	chr20	52387753	52388133	LTR/ERVL-MaLR	2253	+	190	52387943	19269
chr20	52368674	52568674	harbor1	chr20	52392152	52392543	LTR/ERVL-MaLR	412	+	196	52392348	23674
chr20	52368674	52568674	harbor1	chr20	52393639	52394050	LTR/ERVL-MaLR	2606	+	206	52393845	25171
chr20	52368674	52568674	harbor1	chr20	52394356	52394394	LTR/ERVL-MaLR	2606	+	19	52394375	25701
chr20	52368674	52568674	harbor1	chr20	52400653	52400799	LTR/ERVL-MaLR	528	+	73	52400726	32052
chr20	52368674	52568674	harbor1	chr20	52402627	52403084	LTR/ERVL-MaLR	647	+	228	52402855	34181
chr20	52368674	52568674	harbor1	chr20	52407125	52407496	LTR/ERVL-MaLR	618	+	186	52407311	38637
chr20	52368674	52568674	harbor1	chr20	52412455	52412826	LTR/ERVL-MaLR	1315	+	186	52412641	43967
chr20	52368674	52568674	harbor1	chr20	52419069	52419508	LTR/ERVL-MaLR	1357	+	220	52419289	50615
chr20	52368674	52568674	harbor1	chr20	52419603	52419952	LTR/ERVL-MaLR	1908	+	174	52419777	51103
chr20	52368674	52568674	harbor1	chr20	52420423	52420785	LTR/ERVL-MaLR	701	+	181	52420604	51930
chr20	52368674	52568674	harbor1	chr20	52427730	52428311	LTR/ERVL-MaLR	1223	+	290	52428020	59346
chr20	52368674	52568674	harbor1	chr20	52428839	52429235	LTR/ERVL-MaLR	829	+	198	52429037	60363
chr20	52368674	52568674	harbor1	chr20	52453017	52453398	LTR/ERVL-MaLR	2199	+	190	52453207	84533
chr20	52368674	52568674	harbor1	chr20	52455012	52455417	LTR/ERVL-MaLR	1084	+	202	52455214	86540
chr20	52368674	52568674	harbor1	chr20	52458321	52458682	LTR/ERVL-MaLR	2725	+	180	52458501	89827
chr20	3749752	3949752	harbor1	chr20	3775839	3776214	LTR/ERVL-MaLR	1033	+	188	3776027	26275
chr21	14701832	14901832	harbor1	chr21	14727088	14727577	LTR/ERVL-MaLR	2278	+	244	14727332	25500
chr21	14701832	14901832	harbor1	chr21	14734952	14735353	LTR/ERVL-MaLR	1850	+	200	14735152	33320
chr21	14701832	14901832	harbor1	chr21	14755217	14755581	LTR/ERVL-MaLR	1928	+	182	14755399	53567
chr21	14701832	14901832	harbor1	chr21	14764489	14764891	LTR/ERVL-MaLR	2315	+	201	14764690	62858
chr21	14701832	14901832	harbor1	chr21	14770910	14771455	LTR/ERVL-MaLR	1649	+	272	14771182	69350
chr21	14701832	14901832	harbor1	chr21	14788918	14789062	LTR/ERVL-MaLR	1452	+	72	14788990	87158
chr21	14701832	14901832	harbor1	chr21	14789359	14789806	LTR/ERVL-MaLR	1452	+	224	14789583	87751
chr21	14701832	14901832	harbor1	chr21	14791957	14792290	LTR/ERVL-MaLR	1593	+	166	14792123	90291
chr21	14701832	14901832	harbor1	chr21	14792293	14792664	LTR/ERVL-MaLR	1088	+	186	14792479	90647
chr21	14701832	14901832	harbor1	chr21	14778362	14778822	LTR/ERVL-MaLR	1482	+	230	14778592	76760
chr21	15538027	15738027	harbor1	chr21	15565900	15566168	LTR/ERVL-MaLR	1037	+	134	15566034	28007
chr21	15538027	15738027	harbor1	chr21	15608930	15609330	LTR/ERVL-MaLR	1421	+	200	15609130	71103
chr21	45696881	45896881	harbor1	chr21	45719436	45719804	LTR/ERVL-MaLR	2435	+	184	45719620	22739
chr21	45696881	45896881	harbor1	chr21	45766263	45766607	LTR/ERVL-MaLR	732	+	172	45766435	69554
chr21	15699057	15899057	harbor1	chr21	15702632	15703055	LTR/ERVL-MaLR	2651	+	212	15702844	3787
chr21	15699057	15899057	harbor1	chr21	15705122	15705463	LTR/ERVL-MaLR	2122	+	170	15705292	6235
chr21	15699057	15899057	harbor1	chr21	15720053	15720229	LTR/ERVL-MaLR	2193	+	88	15720141	21084
chr21	15699057	15899057	harbor1	chr21	15720552	15720809	LTR/ERVL-MaLR	2193	+	128	15720680	21623
chr21	15699057	15899057	harbor1	chr21	15725987	15726376	LTR/ERVL-MaLR	1672	+	194	15726181	27124
chr21	15699057	15899057	harbor1	chr21	15758284	15758603	LTR/ERVL-MaLR	2166	+	160	15758444	59387
chr21	8927204	9127204	harbor1	chr21	9006544	9006937	LTR/ERVL-MaLR	2071	+	196	9006740	79536
chr21	8927204	9127204	harbor1	chr21	9006938	9007566	LTR/ERVL-MaLR	3060	+	314	9007252	80048
chr21	8927204	9127204	harbor1	chr21	9008502	9009363	LTR/ERVL-MaLR	2341	+	430	9008932	81728
chr21	8927204	9127204	harbor1	chr21	9009364	9009757	LTR/ERVL-MaLR	2100	+	196	9009560	82356
chr21	8927204	9127204	harbor1	chr21	9025953	9026283	LTR/ERVL-MaLR	1421	+	165	9026118	98914
chr21	22522653	22722653	harbor1	chr21	22531907	22532306	LTR/ERVL-MaLR	2072	+	200	22532107	9454
chr21	22522653	22722653	harbor1	chr21	22532596	22532991	LTR/ERVL-MaLR	1569	+	198	22532794	10141
chr21	22522653	22722653	harbor1	chr21	22533291	22533346	LTR/ERVL-MaLR	1569	+	28	22533319	10666
chr21	22522653	22722653	harbor1	chr21	22543607	22544022	LTR/ERVL-MaLR	1482	+	208	22543815	21162
chr21	22522653	22722653	harbor1	chr21	22565739	22565846	LTR/ERVL-MaLR	578	+	54	22565793	43140
chr21	22522653	22722653	harbor1	chr21	22565849	22566020	LTR/ERVL-MaLR	757	+	86	22565935	43282
chr21	22522653	22722653	harbor1	chr21	22575989	22576419	LTR/ERVL-MaLR	1592	+	215	22576204	53551
chr21	22522653	22722653	harbor1	chr21	22603973	22604342	LTR/ERVL-MaLR	1499	+	184	22604157	81504
chr21	36005838	36205838	harbor1	chr21	36020563	36021036	LTR/ERVL-MaLR	1622	+	236	36020799	14961
chr21	36005838	36205838	harbor1	chr21	36052993	36053443	LTR/ERVL-MaLR	583	+	225	36053218	47380
chr21	36005838	36205838	harbor1	chr21	36078428	36078828	LTR/ERVL-MaLR	860	+	200	36078628	72790
chr21	36005838	36205838	harbor1	chr21	36079108	36079144	LTR/ERVL-MaLR	860	+	18	36079126	73288
chr21	36005838	36205838	harbor1	chr21	36079795	36080191	LTR/ERVL-MaLR	2304	+	198	36079993	74155
chr21	36005838	36205838	harbor1	chr21	36088085	36088332	LTR/ERVL-MaLR	1023	+	124	36088209	82371
chr21	36005838	36205838	harbor1	chr21	36088563	36088605	LTR/ERVL-MaLR	2046	+	21	36088584	82746
chr21	36005838	36205838	harbor1	chr21	36088870	36089214	LTR/ERVL-MaLR	2046	+	172	36089042	83204
chr21	37348637	37548637	harbor1	chr21	37382970	37383483	LTR/ERVL-MaLR	914	+	256	37383226	34589
chr21	42083860	42283860	harbor1	chr21	42105444	42105868	LTR/ERVL-MaLR	791	+	212	42105656	21796
chr21	42083860	42283860	harbor1	chr21	42130482	42130719	LTR/ERVL-MaLR	832	+	118	42130600	46740
chr21	31951876	32151876	harbor1	chr21	32005210	32005386	LTR/ERVL-MaLR	1568	+	88	32005298	53422
chr21	31951876	32151876	harbor1	chr21	32005699	32005912	LTR/ERVL-MaLR	1568	+	106	32005805	53929
chr21	31951876	32151876	harbor1	chr21	32009745	32010139	LTR/ERVL-MaLR	2260	+	197	32009942	58066
chr21	31951876	32151876	harbor1	chr21	32012353	32012759	LTR/ERVL-MaLR	2197	+	203	32012556	60680
chr21	31951876	32151876	harbor1	chr21	32016483	32016895	LTR/ERVL-MaLR	1439	+	206	32016689	64813
chr21	31951876	32151876	harbor1	chr21	32030877	32031292	LTR/ERVL-MaLR	2419	+	208	32031085	79209
chr21	31951876	32151876	harbor1	chr21	32051465	32051830	LTR/ERVL-MaLR	2370	+	182	32051647	99771
chr21	46571871	46771871	harbor1	chr21	46572456	46572795	LTR/ERVL-MaLR	2035	+	170	46572626	755
chr21	46571871	46771871	harbor1	chr21	46583538	46583920	LTR/ERVL-MaLR	1580	+	191	46583729	11858
chr21	46571871	46771871	harbor1	chr21	46591237	46591619	LTR/ERVL-MaLR	1806	+	191	46591428	19557
chr21	46571871	46771871	harbor1	chr21	46591620	46593186	LTR/ERVL-MaLR	11702	+	783	46592403	20532
chr21	46571871	46771871	harbor1	chr21	46593187	46593546	LTR/ERVL-MaLR	2082	+	180	46593367	21496
chr21	46571871	46771871	harbor1	chr21	46625850	46625958	LTR/ERVL-MaLR	504	+	54	46625904	54033
chr21	46571871	46771871	harbor1	chr21	46627580	46627667	LTR/ERVL-MaLR	1659	+	44	46627624	55753
chr21	46571871	46771871	harbor1	chr21	46628091	46628397	LTR/ERVL-MaLR	1659	+	153	46628244	56373
chr21	46571871	46771871	harbor1	chr21	46655978	46656384	LTR/ERVL-MaLR	2236	+	203	46656181	84310
chr21	34627057	34827057	harbor1	chr21	34683531	34683888	LTR/ERVL-MaLR	2143	+	178	34683709	56652
chr21	34627057	34827057	harbor1	chr21	34686475	34687081	LTR/ERVL-MaLR	1412	+	303	34686778	59721
chr21	34627057	34827057	harbor1	chr21	34693806	34693944	LTR/ERVL-MaLR	1102	+	69	34693875	66818
chr21	34627057	34827057	harbor1	chr21	34694279	34694298	LTR/ERVL-MaLR	1102	+	10	34694289	67232
chr21	34627057	34827057	harbor1	chr21	34694471	34694764	LTR/ERVL-MaLR	1612	+	146	34694617	67560
chr21	34627057	34827057	harbor1	chr21	34715210	34715619	LTR/ERVL-MaLR	1426	+	204	34715414	88357
chr21	34627057	34827057	harbor1	chr21	34726333	34726764	LTR/ERVL-MaLR	1691	+	216	34726549	99492
chr21	42874945	43074945	harbor1	chr21	42883435	42883845	LTR/ERVL-MaLR	1089	+	205	42883640	8695
chr21	26046952	26246952	harbor1	chr21	26109217	26109616	LTR/ERVL-MaLR	2370	+	200	26109417	62465
chr21	26046952	26246952	harbor1	chr21	26114293	26114430	LTR/ERVL-MaLR	541	+	68	26114361	67409
chr21	10112149	10312149	harbor1	chr21	10146782	10146968	LTR/ERVL-MaLR	1287	+	93	10146875	34726
chr21	13179579	13379579	harbor1	chr21	13181383	13182848	LTR/ERVL-MaLR	9766	+	732	13182115	2536
chr21	13179579	13379579	harbor1	chr21	13182849	13183219	LTR/ERVL-MaLR	2561	+	185	13183034	3455
chr21	13179579	13379579	harbor1	chr21	13191205	13191513	LTR/ERVL-MaLR	674	+	154	13191359	11780
chr21	13179579	13379579	harbor1	chr21	13225795	13227446	LTR/ERVL-MaLR	10206	+	826	13226621	47042
chr21	13179579	13379579	harbor1	chr21	13227447	13227797	LTR/ERVL-MaLR	2354	+	175	13227622	48043
chr21	13179579	13379579	harbor1	chr21	13244284	13244837	LTR/ERVL-MaLR	1264	+	276	13244560	64981
chr21	16346567	16546567	harbor1	chr21	16351427	16351810	LTR/ERVL-MaLR	2017	+	192	16351619	5052
chr21	16346567	16546567	harbor1	chr21	16353717	16354066	LTR/ERVL-MaLR	2374	+	174	16353891	7324
chr21	28917077	29117077	harbor1	chr21	28934324	28934621	LTR/ERVL-MaLR	1912	+	148	28934472	17395
chr21	28917077	29117077	harbor1	chr21	28934757	28934824	LTR/ERVL-MaLR	1912	+	34	28934791	17714
chr21	28917077	29117077	harbor1	chr21	28971984	28972314	LTR/ERVL-MaLR	1703	+	165	28972149	55072
chr21	5626133	5826133	harbor1	chr21	5722223	5722550	LTR/ERVL-MaLR	969	+	164	5722387	96254
chr21	30089444	30289444	harbor1	chr21	30089542	30090031	LTR/ERVL-MaLR	961	+	244	30089786	342
chr21	30089444	30289444	harbor1	chr21	30179408	30179769	LTR/ERVL-MaLR	1137	+	180	30179588	90144
chr21	30089444	30289444	harbor1	chr21	30186091	30186568	LTR/ERVL-MaLR	2044	+	238	30186329	96885
chr21	7545659	7745659	harbor1	chr21	7588957	7589205	LTR/ERVL-MaLR	491	+	124	7589081	43422
chr21	7545659	7745659	harbor1	chr21	7600939	7601279	LTR/ERVL-MaLR	1548	+	170	7601109	55450
chr21	7545659	7745659	harbor1	chr21	7602403	7602730	LTR/ERVL-MaLR	608	+	164	7602567	56908
chr21	7545659	7745659	harbor1	chr21	7606605	7606984	LTR/ERVL-MaLR	1278	+	190	7606795	61136
chr21	24459332	24659332	harbor1	chr21	24465320	24465670	LTR/ERVL-MaLR	1679	+	175	24465495	6163
chr21	24459332	24659332	harbor1	chr21	24465674	24466112	LTR/ERVL-MaLR	2281	+	219	24465893	6561
chr21	24459332	24659332	harbor1	chr21	24551190	24551626	LTR/ERVL-MaLR	530	+	218	24551408	92076
chr21	24717275	24917275	harbor1	chr21	24721269	24721669	LTR/ERVL-MaLR	1495	+	200	24721469	4194
chr21	24717275	24917275	harbor1	chr21	24737265	24737642	LTR/ERVL-MaLR	1489	+	188	24737453	20178
chr21	24717275	24917275	harbor1	chr21	24743904	24744082	LTR/ERVL-MaLR	698	+	89	24743993	26718
chr21	24717275	24917275	harbor1	chr21	24745468	24745653	LTR/ERVL-MaLR	1010	+	92	24745560	28285
chr21	24717275	24917275	harbor1	chr21	24746675	24747015	LTR/ERVL-MaLR	1459	+	170	24746845	29570
chr21	24717275	24917275	harbor1	chr21	24772345	24772823	LTR/ERVL-MaLR	2225	+	239	24772584	55309
chr21	28827894	29027894	harbor1	chr21	28829270	28829646	LTR/ERVL-MaLR	1625	+	188	28829458	1564
chr21	28827894	29027894	harbor1	chr21	28830175	28830545	LTR/ERVL-MaLR	1803	+	185	28830360	2466
chr21	28827894	29027894	harbor1	chr21	28869536	28869797	LTR/ERVL-MaLR	531	+	130	28869666	41772
chr21	28827894	29027894	harbor1	chr21	28881156	28881621	LTR/ERVL-MaLR	808	+	232	28881388	53494
chr21	28827894	29027894	harbor1	chr21	28893692	28894034	LTR/ERVL-MaLR	1426	+	171	28893863	65969
chr21	28827894	29027894	harbor1	chr21	28895939	28896427	LTR/ERVL-MaLR	2287	+	244	28896183	68289
chr21	28827894	29027894	harbor1	chr21	28907026	28907373	LTR/ERVL-MaLR	1455	+	174	28907200	79306
chr21	28827894	29027894	harbor1	chr21	28913522	28913636	LTR/ERVL-MaLR	553	+	57	28913579	85685
chr21	39047235	39247235	harbor1	chr21	39058684	39058826	LTR/ERVL-MaLR	1234	+	71	39058755	11520
chr21	39047235	39247235	harbor1	chr21	39059118	39059372	LTR/ERVL-MaLR	1234	+	127	39059245	12010
chr21	39047235	39247235	harbor1	chr21	39064379	39064713	LTR/ERVL-MaLR	718	+	167	39064546	17311
chr21	39047235	39247235	harbor1	chr21	39072377	39072804	LTR/ERVL-MaLR	1479	+	214	39072591	25356
chr21	39047235	39247235	harbor1	chr21	39088276	39088373	LTR/ERVL-MaLR	1181	+	48	39088324	41089
chr21	39047235	39247235	harbor1	chr21	39088870	39089165	LTR/ERVL-MaLR	1181	+	148	39089018	41783
chr21	39047235	39247235	harbor1	chr21	39089609	39089664	LTR/ERVL-MaLR	1181	+	28	39089637	42402
chr21	39047235	39247235	harbor1	chr21	39089673	39089934	LTR/ERVL-MaLR	1682	+	130	39089803	42568
chr21	39047235	39247235	harbor1	chr21	39140657	39140910	LTR/ERVL-MaLR	803	+	126	39140783	93548
chr21	39047235	39247235	harbor1	chr21	39142296	39142667	LTR/ERVL-MaLR	2064	+	186	39142482	95247
chr21	39047235	39247235	harbor1	chr21	39142670	39142861	LTR/ERVL-MaLR	1480	+	96	39142766	95531
chr21	39047235	39247235	harbor1	chr21	39142862	39143241	LTR/ERVL-MaLR	2015	+	190	39143052	95817
chr21	39047235	39247235	harbor1	chr21	39144854	39145115	LTR/ERVL-MaLR	886	+	130	39144984	97749
chr21	26791196	26991196	harbor1	chr21	26822947	26823314	LTR/ERVL-MaLR	2128	+	184	26823131	31935
chr21	26791196	26991196	harbor1	chr21	26834994	26835351	LTR/ERVL-MaLR	2127	+	178	26835172	43976
chr21	26791196	26991196	harbor1	chr21	26865952	26866278	LTR/ERVL-MaLR	1000	+	163	26866115	74919
chr21	26791196	26991196	harbor1	chr21	26884069	26884438	LTR/ERVL-MaLR	2090	+	184	26884253	93057
chr21	26791196	26991196	harbor1	chr21	26804039	26804402	LTR/ERVL-MaLR	2087	+	182	26804221	13025
chr21	26791196	26991196	harbor1	chr21	26886131	26886500	LTR/ERVL-MaLR	2286	+	184	26886315	95119
chr21	39405883	39605883	harbor1	chr21	39408976	39409379	LTR/ERVL-MaLR	1384	+	202	39409178	3295
chr21	39405883	39605883	harbor1	chr21	39414504	39414727	LTR/ERVL-MaLR	632	+	112	39414616	8733
chr21	39405883	39605883	harbor1	chr21	39419578	39419728	LTR/ERVL-MaLR	737	+	75	39419653	13770
chr21	39405883	39605883	harbor1	chr21	39438935	39439438	LTR/ERVL-MaLR	2622	+	252	39439187	33304
chr21	26760630	26960630	harbor1	chr21	26822947	26823314	LTR/ERVL-MaLR	2128	+	184	26823131	62501
chr21	26760630	26960630	harbor1	chr21	26834994	26835351	LTR/ERVL-MaLR	2127	+	178	26835172	74542
chr21	26760630	26960630	harbor1	chr21	26804039	26804402	LTR/ERVL-MaLR	2087	+	182	26804221	43591
chr21	29058413	29258413	harbor1	chr21	29074836	29075155	LTR/ERVL-MaLR	1726	+	160	29074996	16583
chr21	29058413	29258413	harbor1	chr21	29076051	29076387	LTR/ERVL-MaLR	1872	+	168	29076219	17806
chr21	29058413	29258413	harbor1	chr21	29077683	29077707	LTR/ERVL-MaLR	1872	+	12	29077695	19282
chr21	29058413	29258413	harbor1	chr21	29102664	29103090	LTR/ERVL-MaLR	1824	+	213	29102877	44464
chr21	29058413	29258413	harbor1	chr21	29108082	29108464	LTR/ERVL-MaLR	1707	+	191	29108273	49860
chr21	29058413	29258413	harbor1	chr21	29121163	29121502	LTR/ERVL-MaLR	553	+	170	29121333	62920
chr21	13248638	13448638	harbor1	chr21	13289739	13290235	LTR/ERVL-MaLR	986	+	248	13289987	41349
chr21	13248638	13448638	harbor1	chr21	13302659	13303087	LTR/ERVL-MaLR	2413	+	214	13302873	54235
chr21	13248638	13448638	harbor1	chr21	13317824	13318308	LTR/ERVL-MaLR	960	+	242	13318066	69428
chr21	13248638	13448638	harbor1	chr21	13320427	13320541	LTR/ERVL-MaLR	522	+	57	13320484	71846
chr21	13248638	13448638	harbor1	chr21	13321741	13322092	LTR/ERVL-MaLR	1670	+	176	13321917	73279
chr21	13248638	13448638	harbor1	chr21	13322096	13323433	LTR/ERVL-MaLR	7790	+	668	13322764	74126
chr21	13248638	13448638	harbor1	chr21	13323817	13323829	LTR/ERVL-MaLR	7790	+	6	13323823	75185
chr21	13248638	13448638	harbor1	chr21	13329899	13330166	LTR/ERVL-MaLR	1711	+	134	13330033	81395
chr21	13248638	13448638	harbor1	chr21	13330169	13330523	LTR/ERVL-MaLR	1755	+	177	13330346	81708
chr21	13248638	13448638	harbor1	chr21	13335900	13336218	LTR/ERVL-MaLR	1255	+	159	13336059	87421
chr21	13248638	13448638	harbor1	chr21	13337348	13337719	LTR/ERVL-MaLR	2221	+	186	13337534	88896
chr22	38474943	38674943	harbor1	chr22	38510694	38510943	LTR/ERVL-MaLR	1026	+	124	38510818	35875
chr22	38474943	38674943	harbor1	chr22	38511766	38511970	LTR/ERVL-MaLR	809	+	102	38511868	36925
chr22	38474943	38674943	harbor1	chr22	38512273	38512525	LTR/ERVL-MaLR	809	+	126	38512399	37456
chr22	38474943	38674943	harbor1	chr22	38513954	38514146	LTR/ERVL-MaLR	729	+	96	38514050	39107
chr22	38474943	38674943	harbor1	chr22	38515925	38515966	LTR/ERVL-MaLR	729	+	20	38515945	41002
chr22	44952498	45152498	harbor1	chr22	44994173	44994608	LTR/ERVL-MaLR	1477	+	218	44994391	41893
chr22	44952498	45152498	harbor1	chr22	45021178	45021408	LTR/ERVL-MaLR	587	+	115	45021293	68795
chr22	44952498	45152498	harbor1	chr22	45022641	45022751	LTR/ERVL-MaLR	599	+	55	45022696	70198
chr22	44952498	45152498	harbor1	chr22	45026786	45027154	LTR/ERVL-MaLR	1519	+	184	45026970	74472
chr22	44952498	45152498	harbor1	chr22	45027523	45027690	LTR/ERVL-MaLR	1531	+	84	45027607	75109
chr22	44952498	45152498	harbor1	chr22	45027998	45028041	LTR/ERVL-MaLR	1531	+	22	45028020	75522
chr22	44952498	45152498	harbor1	chr22	45028322	45028520	LTR/ERVL-MaLR	1531	+	99	45028421	75923
chr22	44952498	45152498	harbor1	chr22	45031502	45031609	LTR/ERVL-MaLR	491	+	54	45031556	79058
chr22	44952498	45152498	harbor1	chr22	45043612	45043679	LTR/ERVL-MaLR	1865	+	34	45043646	91148
chr22	44952498	45152498	harbor1	chr22	45043974	45044368	LTR/ERVL-MaLR	1865	+	197	45044171	91673
chr22	44952498	45152498	harbor1	chr22	45046997	45047205	LTR/ERVL-MaLR	1220	+	104	45047101	94603
chr22	24972654	25172654	harbor1	chr22	24978111	24978466	LTR/ERVL-MaLR	2492	+	178	24978289	5635
chr22	25608820	25808820	harbor1	chr22	25608418	25608913	LTR/ERVL-MaLR	1922	+	248	25608666	154
chr22	34960747	35160747	harbor1	chr22	34966414	34966738	LTR/ERVL-MaLR	1367	+	162	34966576	5829
chr22	34960747	35160747	harbor1	chr22	34967068	34967559	LTR/ERVL-MaLR	1808	+	246	34967314	6567
chr22	34960747	35160747	harbor1	chr22	34970313	34970643	LTR/ERVL-MaLR	1820	+	165	34970478	9731
chr22	34960747	35160747	harbor1	chr22	34970955	34971067	LTR/ERVL-MaLR	1820	+	56	34971011	10264
chr22	34960747	35160747	harbor1	chr22	34990180	34990688	LTR/ERVL-MaLR	1019	+	254	34990434	29687
chr22	34960747	35160747	harbor1	chr22	35005448	35005523	LTR/ERVL-MaLR	446	+	38	35005486	44739
chr22	34960747	35160747	harbor1	chr22	35005500	35005643	LTR/ERVL-MaLR	729	+	72	35005572	44825
chr22	34960747	35160747	harbor1	chr22	35014892	35015079	LTR/ERVL-MaLR	450	+	94	35014986	54239
chr22	34960747	35160747	harbor1	chr22	35035109	35035336	LTR/ERVL-MaLR	933	+	114	35035223	74476
chr22	34960747	35160747	harbor1	chr22	35035801	35036125	LTR/ERVL-MaLR	1928	+	162	35035963	75216
chr22	34960747	35160747	harbor1	chr22	35036126	35036287	LTR/ERVL-MaLR	1384	+	80	35036206	75459
chr22	34960747	35160747	harbor1	chr22	35036339	35036532	LTR/ERVL-MaLR	1384	+	96	35036435	75688
chr22	34960747	35160747	harbor1	chr22	35036533	35036664	LTR/ERVL-MaLR	1928	+	66	35036599	75852
chr22	34960747	35160747	harbor1	chr22	35046754	35047115	LTR/ERVL-MaLR	771	+	180	35046934	86187
chr22	34960747	35160747	harbor1	chr22	35051874	35052014	LTR/ERVL-MaLR	1364	+	70	35051944	91197
chr22	34960747	35160747	harbor1	chr22	35052646	35053014	LTR/ERVL-MaLR	1364	+	184	35052830	92083
chr22	34960747	35160747	harbor1	chr22	35056493	35056775	LTR/ERVL-MaLR	792	+	141	35056634	95887
chr22	48834009	49034009	harbor1	chr22	48853259	48853634	LTR/ERVL-MaLR	2307	+	188	48853447	19438
chr22	48834009	49034009	harbor1	chr22	48903890	48904015	LTR/ERVL-MaLR	601	+	62	48903952	69943
chr22	48834009	49034009	harbor1	chr22	48924614	48924992	LTR/ERVL-MaLR	2272	+	189	48924803	90794
chr22	48834009	49034009	harbor1	chr22	48889825	48890256	LTR/ERVL-MaLR	649	+	216	48890041	56032
chr22	22875360	23075360	harbor1	chr22	22952006	22952447	LTR/ERVL-MaLR	1742	+	220	22952226	76866
chr22	31630915	31830915	harbor1	chr22	31649317	31649451	LTR/ERVL-MaLR	2530	+	67	31649384	18469
chr22	31630915	31830915	harbor1	chr22	31649764	31650104	LTR/ERVL-MaLR	2530	+	170	31649934	19019
chr22	31630915	31830915	harbor1	chr22	31654564	31654690	LTR/ERVL-MaLR	585	+	63	31654627	23712
chr22	31630915	31830915	harbor1	chr22	31654702	31654793	LTR/ERVL-MaLR	626	+	46	31654748	23833
chr22	31630915	31830915	harbor1	chr22	31655103	31655264	LTR/ERVL-MaLR	626	+	80	31655183	24268
chr22	27398645	27598645	harbor1	chr22	27400302	27400685	LTR/ERVL-MaLR	885	+	192	27400494	1849
chr22	27398645	27598645	harbor1	chr22	27402929	27403299	LTR/ERVL-MaLR	987	+	185	27403114	4469
chr22	27398645	27598645	harbor1	chr22	27403702	27404088	LTR/ERVL-MaLR	2103	+	193	27403895	5250
chr22	27398645	27598645	harbor1	chr22	27425244	27425399	LTR/ERVL-MaLR	480	+	78	27425322	26677
chr22	27398645	27598645	harbor1	chr22	27431814	27432302	LTR/ERVL-MaLR	754	+	244	27432058	33413
chr22	27398645	27598645	harbor1	chr22	27450740	27451224	LTR/ERVL-MaLR	1928	+	242	27450982	52337
chr22	27398645	27598645	harbor1	chr22	27457442	27457920	LTR/ERVL-MaLR	1672	+	239	27457681	59036
chr22	23536621	23736621	harbor1	chr22	23571729	23571816	LTR/ERVL-MaLR	491	+	44	23571773	35152
chr22	23536621	23736621	harbor1	chr22	23571817	23571943	LTR/ERVL-MaLR	532	+	63	23571880	35259
chr22	17057474	17257474	harbor1	chr22	17128059	17128245	LTR/ERVL-MaLR	3082	+	93	17128152	70678
chr22	17057474	17257474	harbor1	chr22	17128532	17129111	LTR/ERVL-MaLR	3082	+	290	17128822	71348
chr22	17057474	17257474	harbor1	chr22	17129108	17129263	LTR/ERVL-MaLR	822	+	78	17129186	71712
chr22	17057474	17257474	harbor1	chr22	17139070	17139245	LTR/ERVL-MaLR	624	+	88	17139158	81684
chr22	17057474	17257474	harbor1	chr22	17139547	17139631	LTR/ERVL-MaLR	624	+	42	17139589	82115
chr22	25044341	25244341	harbor1	chr22	25123062	25123190	LTR/ERVL-MaLR	1963	+	64	25123126	78785
chr22	25044341	25244341	harbor1	chr22	25123491	25123888	LTR/ERVL-MaLR	1963	+	198	25123689	79348
chr22	21702152	21902152	harbor1	chr22	21742085	21742193	LTR/ERVL-MaLR	477	+	54	21742139	39987
chr22	21702152	21902152	harbor1	chr22	21743612	21743834	LTR/ERVL-MaLR	1381	+	111	21743723	41571
chr22	21702152	21902152	harbor1	chr22	21781925	21782269	LTR/ERVL-MaLR	690	+	172	21782097	79945
chr22	35207759	35407759	harbor1	chr22	35213717	35214096	LTR/ERVL-MaLR	2393	+	190	35213907	6148
chr22	35207759	35407759	harbor1	chr22	35217918	35218138	LTR/ERVL-MaLR	436	+	110	35218028	10269
chr22	35207759	35407759	harbor1	chr22	35218949	35219356	LTR/ERVL-MaLR	567	+	204	35219153	11394
chr22	35207759	35407759	harbor1	chr22	35222709	35222871	LTR/ERVL-MaLR	1030	+	81	35222790	15031
chr22	35207759	35407759	harbor1	chr22	35223481	35223713	LTR/ERVL-MaLR	1030	+	116	35223597	15838
chr22	35207759	35407759	harbor1	chr22	35227405	35227630	LTR/ERVL-MaLR	470	+	112	35227517	19758
chr22	35207759	35407759	harbor1	chr22	35228006	35228024	LTR/ERVL-MaLR	470	+	9	35228015	20256
chr22	35207759	35407759	harbor1	chr22	35228260	35228607	LTR/ERVL-MaLR	1680	+	174	35228434	20675
chr22	35207759	35407759	harbor1	chr22	35254963	35255215	LTR/ERVL-MaLR	750	+	126	35255089	47330
chr22	35207759	35407759	harbor1	chr22	35255532	35255787	LTR/ERVL-MaLR	750	+	128	35255660	47901
chr22	45007269	45207269	harbor1	chr22	45021178	45021408	LTR/ERVL-MaLR	587	+	115	45021293	14024
chr22	45007269	45207269	harbor1	chr22	45022641	45022751	LTR/ERVL-MaLR	599	+	55	45022696	15427
chr22	45007269	45207269	harbor1	chr22	45026786	45027154	LTR/ERVL-MaLR	1519	+	184	45026970	19701
chr22	45007269	45207269	harbor1	chr22	45027523	45027690	LTR/ERVL-MaLR	1531	+	84	45027607	20338
chr22	45007269	45207269	harbor1	chr22	45027998	45028041	LTR/ERVL-MaLR	1531	+	22	45028020	20751
chr22	45007269	45207269	harbor1	chr22	45028322	45028520	LTR/ERVL-MaLR	1531	+	99	45028421	21152
chr22	45007269	45207269	harbor1	chr22	45031502	45031609	LTR/ERVL-MaLR	491	+	54	45031556	24287
chr22	45007269	45207269	harbor1	chr22	45043612	45043679	LTR/ERVL-MaLR	1865	+	34	45043646	36377
chr22	45007269	45207269	harbor1	chr22	45043974	45044368	LTR/ERVL-MaLR	1865	+	197	45044171	36902
chr22	45007269	45207269	harbor1	chr22	45046997	45047205	LTR/ERVL-MaLR	1220	+	104	45047101	39832
chr22	45007269	45207269	harbor1	chr22	45054026	45054376	LTR/ERVL-MaLR	2336	+	175	45054201	46932
chr22	45007269	45207269	harbor1	chr22	45084296	45084817	LTR/ERVL-MaLR	1017	+	260	45084556	77287
chr22	45007269	45207269	harbor1	chr22	45092709	45092860	LTR/ERVL-MaLR	677	+	76	45092785	85516
chr22	45007269	45207269	harbor1	chr22	45093697	45093897	LTR/ERVL-MaLR	490	+	100	45093797	86528
chr22	45007269	45207269	harbor1	chr22	45097035	45097351	LTR/ERVL-MaLR	1053	+	158	45097193	89924
chr22	45007269	45207269	harbor1	chr22	45097352	45097717	LTR/ERVL-MaLR	2643	+	182	45097534	90265
chr22	45007269	45207269	harbor1	chr22	45097718	45097805	LTR/ERVL-MaLR	792	+	44	45097762	90493
chr22	45007269	45207269	harbor1	chr22	45098117	45098193	LTR/ERVL-MaLR	792	+	38	45098155	90886
chr22	45007269	45207269	harbor1	chr22	45103258	45103471	LTR/ERVL-MaLR	440	+	106	45103364	96095
chr22	45007269	45207269	harbor1	chr22	45106809	45107172	LTR/ERVL-MaLR	1831	+	182	45106991	99722
chr22	25299456	25499456	harbor1	chr22	25304899	25305396	LTR/ERVL-MaLR	1960	+	248	25305147	5691
chr22	25299456	25499456	harbor1	chr22	25379910	25380156	LTR/ERVL-MaLR	993	+	123	25380033	80577
chr22	22178314	22378314	harbor1	chr22	22185821	22185940	LTR/ERVL-MaLR	582	+	60	22185881	7567
chr22	22178314	22378314	harbor1	chr22	22231435	22231777	LTR/ERVL-MaLR	1533	+	171	22231606	53292
chr22	22178314	22378314	harbor1	chr22	22266427	22266719	LTR/ERVL-MaLR	1228	+	146	22266573	88259
chr22	44965786	45165786	harbor1	chr22	44994173	44994608	LTR/ERVL-MaLR	1477	+	218	44994391	28605
chr22	44965786	45165786	harbor1	chr22	45021178	45021408	LTR/ERVL-MaLR	587	+	115	45021293	55507
chr22	44965786	45165786	harbor1	chr22	45022641	45022751	LTR/ERVL-MaLR	599	+	55	45022696	56910
chr22	44965786	45165786	harbor1	chr22	45026786	45027154	LTR/ERVL-MaLR	1519	+	184	45026970	61184
chr22	44965786	45165786	harbor1	chr22	45027523	45027690	LTR/ERVL-MaLR	1531	+	84	45027607	61821
chr22	44965786	45165786	harbor1	chr22	45027998	45028041	LTR/ERVL-MaLR	1531	+	22	45028020	62234
chr22	44965786	45165786	harbor1	chr22	45028322	45028520	LTR/ERVL-MaLR	1531	+	99	45028421	62635
chr22	44965786	45165786	harbor1	chr22	45031502	45031609	LTR/ERVL-MaLR	491	+	54	45031556	65770
chr22	44965786	45165786	harbor1	chr22	45043612	45043679	LTR/ERVL-MaLR	1865	+	34	45043646	77860
chr22	44965786	45165786	harbor1	chr22	45043974	45044368	LTR/ERVL-MaLR	1865	+	197	45044171	78385
chr22	44965786	45165786	harbor1	chr22	45046997	45047205	LTR/ERVL-MaLR	1220	+	104	45047101	81315
chr22	44965786	45165786	harbor1	chr22	45054026	45054376	LTR/ERVL-MaLR	2336	+	175	45054201	88415
chr22	41067104	41267104	harbor1	chr22	41073434	41073557	LTR/ERVL-MaLR	575	+	62	41073496	6392
chr22	21423024	21623024	harbor1	chr22	21479126	21479456	LTR/ERVL-MaLR	693	+	165	21479291	56267
chr22	10820773	11020773	harbor1	chr22	10840325	10840718	LTR/ERVL-MaLR	1888	+	196	10840521	19748
chr22	10820773	11020773	harbor1	chr22	10873932	10874122	LTR/ERVL-MaLR	1247	+	95	10874027	53254
chr22	29139843	29339843	harbor1	chr22	29163016	29163371	LTR/ERVL-MaLR	1831	+	178	29163194	23351
chr22	29139843	29339843	harbor1	chr22	29163677	29163717	LTR/ERVL-MaLR	1831	+	20	29163697	23854
chr22	29139843	29339843	harbor1	chr22	29172798	29173231	LTR/ERVL-MaLR	2086	+	216	29173014	33171
chr22	29139843	29339843	harbor1	chr22	29173540	29173604	LTR/ERVL-MaLR	2086	+	32	29173572	33729
chr22	11831464	12031464	harbor1	chr22	11836924	11837285	LTR/ERVL-MaLR	1488	+	180	11837104	5640
chr22	11831464	12031464	harbor1	chr22	11915408	11915741	LTR/ERVL-MaLR	1337	+	166	11915574	84110
chr22	11831464	12031464	harbor1	chr22	11915771	11916004	LTR/ERVL-MaLR	1290	+	116	11915887	84423
chr22	11831464	12031464	harbor1	chr22	11916002	11916220	LTR/ERVL-MaLR	993	+	109	11916111	84647
chr22	11831464	12031464	harbor1	chr22	11916221	11916574	LTR/ERVL-MaLR	1193	+	176	11916397	84933
chr22	11831464	12031464	harbor1	chr22	11917289	11917562	LTR/ERVL-MaLR	1077	+	136	11917425	85961
chr22	11831464	12031464	harbor1	chr22	11917727	11919230	LTR/ERVL-MaLR	5492	+	752	11918479	87015
chr22	11831464	12031464	harbor1	chr22	11919531	11919875	LTR/ERVL-MaLR	1390	+	172	11919703	88239
chr22	11831464	12031464	harbor1	chr22	11919878	11919973	LTR/ERVL-MaLR	471	+	48	11919926	88462
chr22	11831464	12031464	harbor1	chr22	11920382	11920648	LTR/ERVL-MaLR	1205	+	133	11920515	89051
chr22	11831464	12031464	harbor1	chr22	11920814	11922336	LTR/ERVL-MaLR	5907	+	761	11921575	90111
chr22	11831464	12031464	harbor1	chr22	11922801	11923142	LTR/ERVL-MaLR	1446	+	170	11922971	91507
chr22	11831464	12031464	harbor1	chr22	11923143	11923238	LTR/ERVL-MaLR	531	+	48	11923191	91727
chr22	33488232	33688232	harbor1	chr22	33489408	33489768	LTR/ERVL-MaLR	2152	+	180	33489588	1356
chr22	33488232	33688232	harbor1	chr22	33495833	33495923	LTR/ERVL-MaLR	1744	+	45	33495878	7646
chr22	33488232	33688232	harbor1	chr22	33496374	33496644	LTR/ERVL-MaLR	1744	+	135	33496509	8277
chr22	33488232	33688232	harbor1	chr22	33529849	33530295	LTR/ERVL-MaLR	866	+	223	33530072	41840
chr22	33488232	33688232	harbor1	chr22	33548041	33548418	LTR/ERVL-MaLR	2261	+	188	33548229	59997
chr22	33488232	33688232	harbor1	chr22	33548714	33548754	LTR/ERVL-MaLR	2261	+	20	33548734	60502
chr22	33488232	33688232	harbor1	chr22	33579095	33579449	LTR/ERVL-MaLR	2390	+	177	33579272	91040
chr22	41912210	42112210	harbor1	chr22	41965419	41965742	LTR/ERVL-MaLR	1118	+	162	41965581	53371
chr22	41912210	42112210	harbor1	chr22	41966354	41966431	LTR/ERVL-MaLR	1118	+	38	41966392	54182
chr22	30590009	30790009	harbor1	chr22	30602095	30602438	LTR/ERVL-MaLR	2148	+	172	30602267	12258
chr22	30590009	30790009	harbor1	chr22	30659699	30660280	LTR/ERVL-MaLR	2037	+	290	30659989	69980
chr22	25698935	25898935	harbor1	chr22	25756194	25756262	LTR/ERVL-MaLR	2124	+	34	25756228	57293
chr22	25698935	25898935	harbor1	chr22	25755536	25755892	LTR/ERVL-MaLR	2124	+	178	25755714	56779
chr22	20550945	20750945	harbor1	chr22	20642953	20643306	LTR/ERVL-MaLR	1190	+	176	20643129	92184
chr22	20550945	20750945	harbor1	chr22	20645524	20645874	LTR/ERVL-MaLR	683	+	175	20645699	94754
chr22	11541410	11741410	harbor1	chr22	11547338	11548233	LTR/ERVL-MaLR	4671	+	448	11547786	6376
chr22	11541410	11741410	harbor1	chr22	11548234	11548640	LTR/ERVL-MaLR	1882	+	203	11548437	7027
chr22	11541410	11741410	harbor1	chr22	11551246	11551573	LTR/ERVL-MaLR	2070	+	164	11551410	10000
chr22	11541410	11741410	harbor1	chr22	11551861	11551917	LTR/ERVL-MaLR	2070	+	28	11551889	10479
chr22	11541410	11741410	harbor1	chr22	11571678	11572067	LTR/ERVL-MaLR	2283	+	194	11571872	30462
chr22	11541410	11741410	harbor1	chr22	11575696	11575892	LTR/ERVL-MaLR	479	+	98	11575794	34384
chr22	11541410	11741410	harbor1	chr22	11576278	11576630	LTR/ERVL-MaLR	2201	+	176	11576454	35044
chr22	11541410	11741410	harbor1	chr22	11578939	11579301	LTR/ERVL-MaLR	1575	+	181	11579120	37710
chr22	11541410	11741410	harbor1	chr22	11580339	11580716	LTR/ERVL-MaLR	2493	+	188	11580527	39117
chr22	31102681	31302681	harbor1	chr22	31144239	31144483	LTR/ERVL-MaLR	1866	+	122	31144361	41680
chr22	31102681	31302681	harbor1	chr22	31144814	31144973	LTR/ERVL-MaLR	1866	+	80	31144894	42213
chr22	31102681	31302681	harbor1	chr22	31146978	31147127	LTR/ERVL-MaLR	610	+	74	31147052	44371
chr22	22628590	22828590	harbor1	chr22	22671828	22671984	LTR/ERVL-MaLR	541	+	78	22671906	43316
chr22	22628590	22828590	harbor1	chr22	22672000	22672396	LTR/ERVL-MaLR	1556	+	198	22672198	43608
chr22	22628590	22828590	harbor1	chr22	22719354	22719523	LTR/ERVL-MaLR	613	+	84	22719438	90848
chr22	22628590	22828590	harbor1	chr22	22719527	22719918	LTR/ERVL-MaLR	1264	+	196	22719723	91133
chr22	42583743	42783743	harbor1	chr22	42604817	42605113	LTR/ERVL-MaLR	1964	+	148	42604965	21222
chr22	42583743	42783743	harbor1	chr22	42605425	42605492	LTR/ERVL-MaLR	1964	+	34	42605459	21716
chr22	42583743	42783743	harbor1	chr22	42674329	42674538	LTR/ERVL-MaLR	557	+	104	42674433	90690
chr22	42583743	42783743	harbor1	chr22	42677199	42677513	LTR/ERVL-MaLR	1694	+	157	42677356	93613
chr22	42583743	42783743	harbor1	chr22	42677835	42677880	LTR/ERVL-MaLR	1694	+	22	42677857	94114
chr22	42583743	42783743	harbor1	chr22	42677881	42679477	LTR/ERVL-MaLR	10156	+	798	42678679	94936
chr22	42583743	42783743	harbor1	chr22	42679478	42679892	LTR/ERVL-MaLR	2037	+	207	42679685	95942
chr22	41343391	41543391	harbor1	chr22	41402683	41402825	LTR/ERVL-MaLR	738	+	71	41402754	59363
chr22	41343391	41543391	harbor1	chr22	41403120	41403266	LTR/ERVL-MaLR	738	+	73	41403193	59802
chr22	21647382	21847382	harbor1	chr22	21742085	21742193	LTR/ERVL-MaLR	477	+	54	21742139	94757
chr22	21647382	21847382	harbor1	chr22	21743612	21743834	LTR/ERVL-MaLR	1381	+	111	21743723	96341
chr22	34654208	34854208	harbor1	chr22	34657458	34657695	LTR/ERVL-MaLR	1246	+	118	34657576	3368
chr22	34654208	34854208	harbor1	chr22	34698638	34699008	LTR/ERVL-MaLR	2189	+	185	34698823	44615
chr22	34654208	34854208	harbor1	chr22	34710374	34710843	LTR/ERVL-MaLR	915	+	234	34710608	56400
chr22	34654208	34854208	harbor1	chr22	34714474	34714911	LTR/ERVL-MaLR	1442	+	218	34714692	60484
chr22	34654208	34854208	harbor1	chr22	34733890	34734422	LTR/ERVL-MaLR	1750	+	266	34734156	79948
chr22	28916431	29116431	harbor1	chr22	28951213	28951656	LTR/ERVL-MaLR	2571	+	222	28951435	35004
chr22	28916431	29116431	harbor1	chr22	28959630	28960029	LTR/ERVL-MaLR	1495	+	200	28959830	43399
chr22	38178953	38378953	harbor1	chr22	38234100	38234580	LTR/ERVL-MaLR	1014	+	240	38234340	55387
chr22	38178953	38378953	harbor1	chr22	38249517	38249757	LTR/ERVL-MaLR	1258	+	120	38249637	70684
chr22	38178953	38378953	harbor1	chr22	38259282	38259730	LTR/ERVL-MaLR	2153	+	224	38259506	80553
chr22	12703536	12903536	harbor1	chr22	12780471	12780605	LTR/ERVL-MaLR	778	+	67	12780538	77002
chr22	12703536	12903536	harbor1	chr22	12795093	12795493	LTR/ERVL-MaLR	579	+	200	12795293	91757
chr22	12703536	12903536	harbor1	chr22	12796097	12796225	LTR/ERVL-MaLR	438	+	64	12796161	92625
chr22	12703536	12903536	harbor1	chr22	12796225	12796475	LTR/ERVL-MaLR	718	+	125	12796350	92814
chr22	41929738	42129738	harbor1	chr22	41965419	41965742	LTR/ERVL-MaLR	1118	+	162	41965581	35843
chr22	41929738	42129738	harbor1	chr22	41966354	41966431	LTR/ERVL-MaLR	1118	+	38	41966392	36654
chr22	41929738	42129738	harbor1	chr22	42021369	42021564	LTR/ERVL-MaLR	950	+	98	42021467	91729
chr22	16657817	16857817	harbor1	chr22	16716315	16716812	LTR/ERVL-MaLR	1932	+	248	16716563	58746
chr22	16657817	16857817	harbor1	chr22	16721532	16721936	LTR/ERVL-MaLR	1438	+	202	16721734	63917
chr22	16657817	16857817	harbor1	chr22	16751376	16751745	LTR/ERVL-MaLR	2476	+	184	16751560	93743
chr22	16657817	16857817	harbor1	chr22	16751746	16753342	LTR/ERVL-MaLR	11309	+	798	16752544	94727
chr22	16657817	16857817	harbor1	chr22	16753345	16753705	LTR/ERVL-MaLR	2153	+	180	16753525	95708
chr22	25881652	26081652	harbor1	chr22	25940130	25940494	LTR/ERVL-MaLR	2559	+	182	25940312	58660
chr22	25881652	26081652	harbor1	chr22	25961780	25962141	LTR/ERVL-MaLR	2051	+	180	25961960	80308
chr22	25881652	26081652	harbor1	chr22	25981341	25981507	LTR/ERVL-MaLR	1291	+	83	25981424	99772
chr22	34650226	34850226	harbor1	chr22	34657458	34657695	LTR/ERVL-MaLR	1246	+	118	34657576	7350
chr22	34650226	34850226	harbor1	chr22	34698638	34699008	LTR/ERVL-MaLR	2189	+	185	34698823	48597
chr22	34650226	34850226	harbor1	chr22	34710374	34710843	LTR/ERVL-MaLR	915	+	234	34710608	60382
chr22	34650226	34850226	harbor1	chr22	34714474	34714911	LTR/ERVL-MaLR	1442	+	218	34714692	64466
chr22	34650226	34850226	harbor1	chr22	34733890	34734422	LTR/ERVL-MaLR	1750	+	266	34734156	83930
chr22	44513119	44713119	harbor1	chr22	44581011	44581390	LTR/ERVL-MaLR	992	+	190	44581201	68082
chr22	44513119	44713119	harbor1	chr22	44589459	44589606	LTR/ERVL-MaLR	485	+	74	44589533	76414
chr22	46860591	47060591	harbor1	chr22	46956131	46956299	LTR/ERVL-MaLR	949	+	84	46956215	95624
chr22	50585978	50785978	harbor1	chr22	50595417	50595641	LTR/ERVL-MaLR	1034	+	112	50595529	9551
chr22	50585978	50785978	harbor1	chr22	50595956	50596250	LTR/ERVL-MaLR	1034	+	147	50596103	10125
chr22	16649737	16849737	harbor1	chr22	16716315	16716812	LTR/ERVL-MaLR	1932	+	248	16716563	66826
chr22	16649737	16849737	harbor1	chr22	16721532	16721936	LTR/ERVL-MaLR	1438	+	202	16721734	71997
chrX	104453727	104653727	harbor1	chrX	104477373	104477779	LTR/ERVL-MaLR	1164	+	203	104477576	23849
chrX	104453727	104653727	harbor1	chrX	104483734	104484109	LTR/ERVL-MaLR	2084	+	188	104483922	30195
chrX	104453727	104653727	harbor1	chrX	104491340	104491725	LTR/ERVL-MaLR	2032	+	192	104491532	37805
chrX	104453727	104653727	harbor1	chrX	104515690	104515860	LTR/ERVL-MaLR	1039	+	85	104515775	62048
chrX	104453727	104653727	harbor1	chrX	104535217	104535608	LTR/ERVL-MaLR	1483	+	196	104535413	81686
chrX	83312689	83512689	harbor1	chrX	83317763	83318144	LTR/ERVL-MaLR	1842	+	190	83317953	5264
chrX	83312689	83512689	harbor1	chrX	83318149	83318245	LTR/ERVL-MaLR	606	+	48	83318197	5508
chrX	83312689	83512689	harbor1	chrX	83318235	83319373	LTR/ERVL-MaLR	7268	+	569	83318804	6115
chrX	83312689	83512689	harbor1	chrX	83319377	83319758	LTR/ERVL-MaLR	1568	+	190	83319567	6878
chrX	83312689	83512689	harbor1	chrX	83379691	83380012	LTR/ERVL-MaLR	1527	+	160	83379851	67162
chrX	83312689	83512689	harbor1	chrX	83404210	83404675	LTR/ERVL-MaLR	2461	+	232	83404442	91753
chrX	83312689	83512689	harbor1	chrX	83405026	83405187	LTR/ERVL-MaLR	546	+	80	83405106	92417
chrX	51152241	51352241	harbor1	chrX	51163819	51163973	LTR/ERVL-MaLR	743	+	77	51163896	11655
chrX	51152241	51352241	harbor1	chrX	51173424	51173819	LTR/ERVL-MaLR	1964	+	198	51173622	21381
chrX	51152241	51352241	harbor1	chrX	51205839	51206208	LTR/ERVL-MaLR	2435	+	184	51206023	53782
chrX	51152241	51352241	harbor1	chrX	51206209	51207772	LTR/ERVL-MaLR	10348	+	782	51206991	54750
chrX	51152241	51352241	harbor1	chrX	51207773	51208125	LTR/ERVL-MaLR	2119	+	176	51207949	55708
chrX	51152241	51352241	harbor1	chrX	51208139	51208268	LTR/ERVL-MaLR	535	+	64	51208203	55962
chrX	51152241	51352241	harbor1	chrX	51233912	51234409	LTR/ERVL-MaLR	2156	+	248	51234160	81919
chrX	51152241	51352241	harbor1	chrX	51234411	51234537	LTR/ERVL-MaLR	703	+	63	51234474	82233
chrX	51152241	51352241	harbor1	chrX	51234632	51235049	LTR/ERVL-MaLR	1853	+	208	51234840	82599
chrX	51152241	51352241	harbor1	chrX	51242097	51242374	LTR/ERVL-MaLR	1559	+	138	51242235	89994
chrX	51152241	51352241	harbor1	chrX	51244202	51244561	LTR/ERVL-MaLR	2176	+	180	51244382	92141
chrX	96090398	96290398	harbor1	chrX	96103979	96104426	LTR/ERVL-MaLR	1067	+	224	96104203	13805
chrX	96090398	96290398	harbor1	chrX	96137297	96137668	LTR/ERVL-MaLR	2218	+	186	96137483	47085
chrX	96090398	96290398	harbor1	chrX	96158595	96158962	LTR/ERVL-MaLR	2506	+	184	96158779	68381
chrX	96090398	96290398	harbor1	chrX	96181763	96182111	LTR/ERVL-MaLR	2132	+	174	96181937	91539
chrX	114785578	114985578	harbor1	chrX	114820520	114820862	LTR/ERVL-MaLR	2628	+	171	114820691	35113
chrX	138945206	139145206	harbor1	chrX	138947732	138948129	LTR/ERVL-MaLR	1814	+	198	138947930	2724
chrX	138945206	139145206	harbor1	chrX	138966104	138966763	LTR/ERVL-MaLR	4187	+	330	138966434	21228
chrX	138945206	139145206	harbor1	chrX	138966764	138967121	LTR/ERVL-MaLR	1893	+	178	138966942	21736
chrX	138945206	139145206	harbor1	chrX	138973921	138974201	LTR/ERVL-MaLR	770	+	140	138974061	28855
chrX	120441822	120641822	harbor1	chrX	120477555	120478013	LTR/ERVL-MaLR	1075	+	229	120477784	35962
chrX	120441822	120641822	harbor1	chrX	120478014	120478381	LTR/ERVL-MaLR	1904	+	184	120478198	36376
chrX	120441822	120641822	harbor1	chrX	120478382	120478470	LTR/ERVL-MaLR	1075	+	44	120478426	36604
chrX	120441822	120641822	harbor1	chrX	120481855	120482267	LTR/ERVL-MaLR	1185	+	206	120482061	40239
chrX	120441822	120641822	harbor1	chrX	120502412	120502546	LTR/ERVL-MaLR	699	+	67	120502479	60657
chrX	70886401	71086401	harbor1	chrX	70919946	70919980	LTR/ERVL-MaLR	1645	+	17	70919963	33562
chrX	70886401	71086401	harbor1	chrX	70920279	70920559	LTR/ERVL-MaLR	1645	+	140	70920419	34018
chrX	70886401	71086401	harbor1	chrX	70944910	70945274	LTR/ERVL-MaLR	1998	+	182	70945092	58691
chrX	70886401	71086401	harbor1	chrX	70948041	70948405	LTR/ERVL-MaLR	2356	+	182	70948223	61822
chrX	70886401	71086401	harbor1	chrX	70948725	70948845	LTR/ERVL-MaLR	2356	+	60	70948785	62384
chrX	70886401	71086401	harbor1	chrX	70949182	70949471	LTR/ERVL-MaLR	1545	+	144	70949326	62925
chrX	70886401	71086401	harbor1	chrX	70972759	70972867	LTR/ERVL-MaLR	1623	+	54	70972813	86412
chrX	70886401	71086401	harbor1	chrX	70973113	70973186	LTR/ERVL-MaLR	1623	+	36	70973149	86748
chrX	70886401	71086401	harbor1	chrX	70973501	70973725	LTR/ERVL-MaLR	1623	+	112	70973613	87212
chrX	141870043	142070043	harbor1	chrX	141891819	141892217	LTR/ERVL-MaLR	1522	+	199	141892018	21975
chrX	141870043	142070043	harbor1	chrX	141913042	141913377	LTR/ERVL-MaLR	954	+	168	141913210	43167
chrX	141870043	142070043	harbor1	chrX	141914221	141914580	LTR/ERVL-MaLR	2083	+	180	141914401	44358
chrX	141870043	142070043	harbor1	chrX	141921867	141922181	LTR/ERVL-MaLR	1964	+	157	141922024	51981
chrX	141870043	142070043	harbor1	chrX	141942321	141942433	LTR/ERVL-MaLR	776	+	56	141942377	72334
chrX	141870043	142070043	harbor1	chrX	141942441	141942588	LTR/ERVL-MaLR	753	+	74	141942515	72472
chrX	141870043	142070043	harbor1	chrX	141962739	141963068	LTR/ERVL-MaLR	2099	+	164	141962903	92860
chrX	141870043	142070043	harbor1	chrX	141965270	141966815	LTR/ERVL-MaLR	10099	+	772	141966042	95999
chrX	141870043	142070043	harbor1	chrX	141966816	141967173	LTR/ERVL-MaLR	2427	+	178	141966994	96951
chrX	15810184	16010184	harbor1	chrX	15861273	15861669	LTR/ERVL-MaLR	863	+	198	15861471	51287
chrX	15810184	16010184	harbor1	chrX	15865017	15865604	LTR/ERVL-MaLR	1908	+	294	15865311	55127
chrX	15810184	16010184	harbor1	chrX	15878302	15878661	LTR/ERVL-MaLR	2212	+	180	15878482	68298
chrX	12236283	12436283	harbor1	chrX	12245569	12245982	LTR/ERVL-MaLR	1624	+	206	12245775	9492
chrX	12236283	12436283	harbor1	chrX	12258179	12258582	LTR/ERVL-MaLR	2021	+	202	12258381	22098
chrX	12236283	12436283	harbor1	chrX	12259293	12259629	LTR/ERVL-MaLR	1458	+	168	12259461	23178
chrX	12236283	12436283	harbor1	chrX	12275058	12275465	LTR/ERVL-MaLR	2243	+	204	12275262	38979
chrX	12236283	12436283	harbor1	chrX	12327865	12328064	LTR/ERVL-MaLR	904	+	100	12327965	91682
chrX	77439260	77639260	harbor1	chrX	77492485	77492907	LTR/ERVL-MaLR	1841	+	211	77492696	53436
chrX	154546018	154746018	harbor1	chrX	154575797	154575999	LTR/ERVL-MaLR	2295	+	101	154575898	29880
chrX	154546018	154746018	harbor1	chrX	154576031	154576243	LTR/ERVL-MaLR	2295	+	106	154576137	30119
chrX	154546018	154746018	harbor1	chrX	154580000	154580642	LTR/ERVL-MaLR	4228	+	321	154580321	34303
chrX	154546018	154746018	harbor1	chrX	154582097	154582414	LTR/ERVL-MaLR	2160	+	158	154582255	36237
chrX	154546018	154746018	harbor1	chrX	154582415	154582795	LTR/ERVL-MaLR	2542	+	190	154582605	36587
chrX	154546018	154746018	harbor1	chrX	154592108	154592470	LTR/ERVL-MaLR	2831	+	181	154592289	46271
chrX	154546018	154746018	harbor1	chrX	154593241	154593649	LTR/ERVL-MaLR	2724	+	204	154593445	47427
chrX	154546018	154746018	harbor1	chrX	154593973	154594402	LTR/ERVL-MaLR	2532	+	214	154594187	48169
chrX	154546018	154746018	harbor1	chrX	154594961	154595413	LTR/ERVL-MaLR	1650	+	226	154595187	49169
chrX	154546018	154746018	harbor1	chrX	154597187	154597532	LTR/ERVL-MaLR	2459	+	172	154597359	51341
chrX	154546018	154746018	harbor1	chrX	154630537	154630983	LTR/ERVL-MaLR	2264	+	223	154630760	84742
chrX	154546018	154746018	harbor1	chrX	154636843	154637070	LTR/ERVL-MaLR	655	+	114	154636957	90939
chrX	83114404	83314404	harbor1	chrX	83122375	83122722	LTR/ERVL-MaLR	807	+	174	83122549	8145
chrX	83114404	83314404	harbor1	chrX	83166191	83166561	LTR/ERVL-MaLR	2215	+	185	83166376	51972
chrX	83114404	83314404	harbor1	chrX	83166566	83166717	LTR/ERVL-MaLR	978	+	76	83166642	52238
chrX	3494403	3694403	harbor1	chrX	3499529	3499632	LTR/ERVL-MaLR	647	+	52	3499581	5178
chrX	3494403	3694403	harbor1	chrX	3510490	3510706	LTR/ERVL-MaLR	1229	+	108	3510598	16195
chrX	3494403	3694403	harbor1	chrX	3510708	3510937	LTR/ERVL-MaLR	1371	+	114	3510822	16419
chrX	3494403	3694403	harbor1	chrX	3532302	3532705	LTR/ERVL-MaLR	2461	+	202	3532504	38101
chrX	3494403	3694403	harbor1	chrX	3533312	3533330	LTR/ERVL-MaLR	2461	+	9	3533321	38918
chrX	3494403	3694403	harbor1	chrX	3544631	3544781	LTR/ERVL-MaLR	915	+	75	3544706	50303
chrX	3494403	3694403	harbor1	chrX	3552309	3552438	LTR/ERVL-MaLR	705	+	64	3552373	57970
chrX	3494403	3694403	harbor1	chrX	3572644	3572856	LTR/ERVL-MaLR	568	+	106	3572750	78347
chrX	3494403	3694403	harbor1	chrX	3578912	3579281	LTR/ERVL-MaLR	1749	+	184	3579096	84693
chrX	3494403	3694403	harbor1	chrX	3580980	3581347	LTR/ERVL-MaLR	2367	+	184	3581164	86761
chrX	93138540	93338540	harbor1	chrX	93138203	93138545	LTR/ERVL-MaLR	1254	+	171	93138374	166
chrX	93138540	93338540	harbor1	chrX	93138545	93138830	LTR/ERVL-MaLR	1050	+	142	93138687	147
chrX	93138540	93338540	harbor1	chrX	93139511	93139971	LTR/ERVL-MaLR	1471	+	230	93139741	1201
chrX	93138540	93338540	harbor1	chrX	93162448	93162884	LTR/ERVL-MaLR	1062	+	218	93162666	24126
chrX	93138540	93338540	harbor1	chrX	93163768	93163804	LTR/ERVL-MaLR	542	+	18	93163786	25246
chrX	93138540	93338540	harbor1	chrX	93164105	93164372	LTR/ERVL-MaLR	542	+	134	93164239	25699
chrX	93138540	93338540	harbor1	chrX	93142654	93143061	LTR/ERVL-MaLR	2459	+	204	93142858	4318
